1.468999999999999950e+01 0.000000000000000000e+00 -6.993000000000000682e+01 -1.130499999999999972e+02 1.190000000000000036e+01 -3.629999999999999716e+01 -1.163100000000000023e+02 0.000000000000000000e+00 -1.042999999999999972e+01 9.400000000000000355e+00
-6.092000000000000171e+01 0.000000000000000000e+00 3.775000000000000000e+01 -1.131899999999999977e+02 -1.710000000000000142e+01 -1.872100000000000080e+02 9.956000000000000227e+01 0.000000000000000000e+00 1.117999999999999972e+01 4.549000000000000199e+01
-7.073000000000000398e+01 0.000000000000000000e+00 -8.679999999999999716e+00 -1.488899999999999864e+02 -1.928999999999999915e+01 7.456999999999999318e+01 2.128600000000000136e+02 0.000000000000000000e+00 7.625000000000000000e+01 -7.995000000000000284e+01
8.501999999999999602e+01 0.000000000000000000e+00 -2.705999999999999872e+01 -1.869000000000000128e+01 9.419999999999999929e+00 6.692000000000000171e+01 -1.857899999999999920e+02 0.000000000000000000e+00 -1.550000000000000000e+01 8.451999999999999602e+01
3.596000000000000085e+01 0.000000000000000000e+00 -8.448000000000000398e+01 6.480000000000000426e+00 9.399999999999999467e-01 -7.345999999999999375e+01 4.664000000000000057e+01 0.000000000000000000e+00 -2.598000000000000043e+01 2.192000000000000171e+01
1.434999999999999964e+01 0.000000000000000000e+00 -8.870000000000000284e+01 4.024000000000000199e+01 2.950000000000000000e+01 1.405200000000000102e+02 -3.288000000000000256e+01 0.000000000000000000e+00 -1.085000000000000000e+02 2.258999999999999986e+01
-6.429000000000000625e+01 0.000000000000000000e+00 3.439999999999999947e+00 -7.189000000000000057e+01 -3.842000000000000171e+01 -6.743999999999999773e+01 9.251000000000000512e+01 0.000000000000000000e+00 6.937999999999999545e+01 -8.810999999999999943e+01
3.532000000000000028e+01 0.000000000000000000e+00 1.077900000000000063e+02 2.571999999999999886e+01 -4.450000000000000178e+00 9.545999999999999375e+01 8.884000000000000341e+01 0.000000000000000000e+00 2.342999999999999972e+01 3.393999999999999773e+01
8.978000000000000114e+01 0.000000000000000000e+00 7.639999999999999680e+00 3.713000000000000256e+01 5.639999999999999680e+00 -1.860999999999999943e+01 -1.375000000000000000e+02 0.000000000000000000e+00 -6.199999999999999956e-01 4.265999999999999659e+01
-1.032000000000000028e+02 0.000000000000000000e+00 -9.170999999999999375e+01 1.864000000000000057e+02 2.375000000000000000e+01 -1.414300000000000068e+02 8.195999999999999375e+01 0.000000000000000000e+00 -8.496999999999999886e+01 -1.277500000000000000e+02
-5.515999999999999659e+01 0.000000000000000000e+00 -1.055999999999999943e+02 5.414999999999999858e+01 -3.306000000000000227e+01 -1.303899999999999864e+02 5.370000000000000284e+01 0.000000000000000000e+00 7.096999999999999886e+01 1.245699999999999932e+02
-8.730000000000000426e+00 0.000000000000000000e+00 1.717999999999999972e+01 1.234899999999999949e+02 1.885999999999999943e+01 2.035900000000000034e+02 -1.258999999999999986e+01 0.000000000000000000e+00 -5.450000000000000178e+00 -8.169999999999999929e+00
1.415000000000000000e+02 0.000000000000000000e+00 7.262999999999999545e+01 1.014399999999999977e+02 -7.000000000000000666e-02 1.017099999999999937e+02 -2.882999999999999829e+01 0.000000000000000000e+00 4.561999999999999744e+01 -7.909000000000000341e+01
1.268999999999999950e+01 0.000000000000000000e+00 1.043299999999999983e+02 8.729000000000000625e+01 -5.620000000000000107e+00 -6.589000000000000057e+01 -7.926999999999999602e+01 0.000000000000000000e+00 -8.565000000000000568e+01 1.195799999999999983e+02
-1.644699999999999989e+02 0.000000000000000000e+00 1.572000000000000064e+01 1.297899999999999920e+02 1.581000000000000050e+01 3.502000000000000313e+01 1.263900000000000006e+02 0.000000000000000000e+00 -2.430999999999999872e+01 -2.332000000000000028e+01
-2.967000000000000171e+01 0.000000000000000000e+00 -7.490000000000000568e+01 1.310300000000000011e+02 -1.653999999999999915e+01 -1.856599999999999966e+02 2.398000000000000043e+01 0.000000000000000000e+00 -1.694000000000000128e+01 -2.596000000000000085e+01
8.918999999999999773e+01 0.000000000000000000e+00 5.864000000000000057e+01 1.210199999999999960e+02 -8.859999999999999432e+00 1.280000000000000027e+00 -1.012600000000000051e+02 0.000000000000000000e+00 1.023400000000000034e+02 -6.071999999999999886e+01
5.570000000000000284e+01 0.000000000000000000e+00 5.947999999999999687e+01 1.649399999999999977e+02 3.930000000000000160e+00 9.393999999999999773e+01 -7.070000000000000284e+00 0.000000000000000000e+00 -1.221000000000000085e+01 -9.265000000000000568e+01
3.139999999999999858e+01 0.000000000000000000e+00 1.014099999999999966e+02 1.672899999999999920e+02 1.666000000000000014e+01 2.842000000000000171e+01 8.987999999999999545e+01 0.000000000000000000e+00 -4.729999999999999716e+01 1.755200000000000102e+02
-2.385000000000000142e+01 0.000000000000000000e+00 2.576999999999999957e+01 8.543999999999999773e+01 -1.003999999999999915e+01 -1.086999999999999922e+01 1.356999999999999886e+02 0.000000000000000000e+00 -3.639999999999999858e+01 -1.136999999999999922e+01
-2.914000000000000057e+01 0.000000000000000000e+00 4.600000000000000000e+01 4.320000000000000284e+01 2.507000000000000028e+01 -2.867999999999999972e+01 -7.834000000000000341e+01 0.000000000000000000e+00 1.137300000000000040e+02 1.031000000000000050e+01
-2.729999999999999982e+00 0.000000000000000000e+00 3.183999999999999986e+01 5.372999999999999687e+01 -1.379999999999999893e+00 2.917999999999999972e+01 -2.282000000000000028e+01 0.000000000000000000e+00 -7.040999999999999659e+01 -3.092000000000000171e+01
6.764000000000000057e+01 0.000000000000000000e+00 7.099999999999999645e+00 2.139000000000000057e+02 -2.914999999999999858e+01 -3.765999999999999659e+01 -7.754000000000000625e+01 0.000000000000000000e+00 6.589999999999999858e+00 2.460999999999999943e+01
-8.650000000000000355e+00 0.000000000000000000e+00 6.629999999999999893e+00 1.405600000000000023e+02 7.990000000000000213e+00 3.277000000000000313e+01 -7.170000000000000284e+01 0.000000000000000000e+00 1.353999999999999915e+01 -2.058400000000000034e+02
-7.554000000000000625e+01 0.000000000000000000e+00 5.706000000000000227e+01 6.367000000000000171e+01 -2.729999999999999982e+00 1.135699999999999932e+02 2.205800000000000125e+02 0.000000000000000000e+00 8.019999999999999574e+00 1.249800000000000040e+02
4.320000000000000284e+00 0.000000000000000000e+00 5.229999999999999716e+01 1.000000000000000021e-02 2.609999999999999876e+00 -1.258100000000000023e+02 -2.442000000000000171e+01 0.000000000000000000e+00 1.575999999999999979e+01 -5.250000000000000000e+01
4.328000000000000114e+01 0.000000000000000000e+00 -3.725000000000000000e+01 7.456000000000000227e+01 1.010999999999999943e+01 -3.959000000000000341e+01 -6.252000000000000313e+01 0.000000000000000000e+00 -3.900000000000000000e+01 -3.240000000000000213e+00
1.458999999999999986e+01 0.000000000000000000e+00 -7.628000000000000114e+01 4.692000000000000171e+01 -1.247000000000000064e+01 -1.254099999999999966e+02 1.345800000000000125e+02 0.000000000000000000e+00 -1.964999999999999858e+01 6.414000000000000057e+01
3.874000000000000199e+01 0.000000000000000000e+00 9.128000000000000114e+01 1.093400000000000034e+02 1.770000000000000018e+00 2.105900000000000034e+02 -1.912899999999999920e+02 0.000000000000000000e+00 -1.208999999999999986e+01 9.331999999999999318e+01
-9.029000000000000625e+01 0.000000000000000000e+00 -1.163000000000000078e+01 2.669999999999999929e+00 2.062000000000000099e+01 9.626999999999999602e+01 7.429999999999999716e+01 0.000000000000000000e+00 8.431999999999999318e+01 -1.291899999999999977e+02
2.692999999999999972e+01 0.000000000000000000e+00 -1.217999999999999972e+01 3.176999999999999957e+01 -1.889000000000000057e+01 -6.526000000000000512e+01 1.650600000000000023e+02 0.000000000000000000e+00 -4.432999999999999829e+01 3.792999999999999972e+01
6.540999999999999659e+01 0.000000000000000000e+00 4.146999999999999886e+01 -5.597999999999999687e+01 7.700000000000000178e-01 -1.409999999999999920e+00 -5.560000000000000142e+01 0.000000000000000000e+00 3.331000000000000227e+01 -6.309999999999999609e+00
-4.935999999999999943e+01 0.000000000000000000e+00 -5.480000000000000426e+00 8.089999999999999858e+00 -7.330000000000000071e+00 -1.172500000000000000e+02 -8.104000000000000625e+01 0.000000000000000000e+00 -3.611999999999999744e+01 7.001000000000000512e+01
-5.006000000000000227e+01 0.000000000000000000e+00 -7.490000000000000213e+00 -2.669999999999999929e+01 1.327999999999999936e+01 1.375999999999999979e+01 -1.021899999999999977e+02 0.000000000000000000e+00 2.160999999999999943e+01 -1.588700000000000045e+02
3.374000000000000199e+01 0.000000000000000000e+00 -4.420000000000000284e+01 5.857999999999999829e+01 -1.709999999999999964e+00 3.293999999999999773e+01 -3.225000000000000000e+01 0.000000000000000000e+00 -2.801999999999999957e+01 1.357199999999999989e+02
3.692999999999999972e+01 0.000000000000000000e+00 -6.419999999999999929e+00 -1.134000000000000057e+02 1.530000000000000027e+00 1.348700000000000045e+02 1.060400000000000063e+02 0.000000000000000000e+00 9.521999999999999886e+01 -5.925000000000000000e+01
3.217999999999999972e+01 0.000000000000000000e+00 -3.339000000000000057e+01 -1.029399999999999977e+02 -4.780000000000000249e+00 4.357000000000000028e+01 -6.114999999999999858e+01 0.000000000000000000e+00 -2.728999999999999915e+01 4.685999999999999943e+01
-4.989000000000000057e+01 0.000000000000000000e+00 -3.735999999999999943e+01 -6.059000000000000341e+01 -2.279999999999999805e+00 -1.601000000000000156e+01 -6.600000000000000311e-01 0.000000000000000000e+00 -1.457000000000000028e+01 -4.829999999999999716e+01
-6.904999999999999716e+01 0.000000000000000000e+00 2.162000000000000099e+01 -9.384999999999999432e+01 7.610000000000000320e+00 -2.636700000000000159e+02 -1.559399999999999977e+02 0.000000000000000000e+00 -3.793999999999999773e+01 5.217999999999999972e+01
-1.464699999999999989e+02 0.000000000000000000e+00 4.519999999999999574e+00 -1.462700000000000102e+02 -7.860000000000000320e+00 2.805000000000000071e+01 7.598000000000000398e+01 0.000000000000000000e+00 -5.817999999999999972e+01 -1.842299999999999898e+02
1.047500000000000000e+02 0.000000000000000000e+00 -1.174099999999999966e+02 -1.324399999999999977e+02 4.940000000000000391e+00 8.734000000000000341e+01 7.909000000000000341e+01 0.000000000000000000e+00 -3.907000000000000028e+01 1.498400000000000034e+02
9.682999999999999829e+01 0.000000000000000000e+00 -1.139500000000000028e+02 -8.239000000000000057e+01 2.758999999999999986e+01 1.015100000000000051e+02 1.999000000000000057e+02 0.000000000000000000e+00 9.170999999999999375e+01 -1.256599999999999966e+02
1.975000000000000000e+01 0.000000000000000000e+00 4.222999999999999687e+01 -3.166000000000000014e+01 -3.450999999999999801e+01 6.271000000000000085e+01 -7.404000000000000625e+01 0.000000000000000000e+00 1.979999999999999982e+00 -9.400000000000000355e+00
-5.275999999999999801e+01 0.000000000000000000e+00 1.330699999999999932e+02 -2.998000000000000043e+01 1.510999999999999943e+01 -3.382000000000000028e+01 3.324000000000000199e+01 0.000000000000000000e+00 1.124500000000000028e+02 2.123400000000000034e+02
-4.850000000000000000e+01 0.000000000000000000e+00 2.182000000000000028e+01 -4.403999999999999915e+01 -3.970000000000000195e+00 -1.336399999999999864e+02 -1.354199999999999875e+02 0.000000000000000000e+00 -8.715999999999999659e+01 -2.150000000000000000e+01
-8.990000000000000568e+01 0.000000000000000000e+00 -1.388499999999999943e+02 -2.543199999999999932e+02 4.299999999999999933e-01 -4.747999999999999687e+01 -7.696999999999999886e+01 0.000000000000000000e+00 -9.918999999999999773e+01 -6.517000000000000171e+01
2.305000000000000071e+01 0.000000000000000000e+00 -1.616200000000000045e+02 -1.938799999999999955e+02 -6.509999999999999787e+00 -1.443000000000000114e+02 -7.821999999999999886e+01 0.000000000000000000e+00 3.144999999999999929e+01 -1.129800000000000040e+02
2.396999999999999886e+01 0.000000000000000000e+00 2.862000000000000099e+01 -6.343999999999999773e+01 -4.900000000000000355e+00 2.459300000000000068e+02 -4.303999999999999915e+01 0.000000000000000000e+00 7.204000000000000625e+01 -3.447999999999999687e+01
6.271000000000000085e+01 0.000000000000000000e+00 1.069300000000000068e+02 4.532000000000000028e+01 1.165000000000000036e+01 1.397400000000000091e+02 1.155799999999999983e+02 0.000000000000000000e+00 6.809999999999999432e+01 1.300500000000000114e+02
-5.699000000000000199e+01 0.000000000000000000e+00 3.012999999999999901e+01 1.667000000000000171e+01 -1.099000000000000021e+01 2.509999999999999787e+00 4.531000000000000227e+01 0.000000000000000000e+00 -2.300000000000000100e-01 2.192000000000000171e+01
-9.798999999999999488e+01 0.000000000000000000e+00 -5.192000000000000171e+01 -7.451000000000000512e+01 -7.589999999999999858e+00 -8.140999999999999659e+01 -1.025499999999999972e+02 0.000000000000000000e+00 -9.490999999999999659e+01 -1.773000000000000043e+01
3.747999999999999687e+01 0.000000000000000000e+00 -3.290999999999999659e+01 -2.149300000000000068e+02 2.555999999999999872e+01 -2.255900000000000034e+02 -1.509300000000000068e+02 0.000000000000000000e+00 1.111999999999999922e+01 -1.726100000000000136e+02
8.523999999999999488e+01 0.000000000000000000e+00 -8.212000000000000455e+01 -4.889000000000000057e+01 -1.721999999999999886e+01 -2.669999999999999929e+00 7.293000000000000682e+01 0.000000000000000000e+00 -5.488000000000000256e+01 1.027699999999999960e+02
-4.597999999999999687e+01 0.000000000000000000e+00 8.081000000000000227e+01 -5.882000000000000028e+01 5.269999999999999574e+00 1.951599999999999966e+02 7.531999999999999318e+01 0.000000000000000000e+00 2.353000000000000114e+01 4.282999999999999829e+01
-1.128900000000000006e+02 0.000000000000000000e+00 5.000000000000000278e-02 1.209500000000000028e+02 -8.859999999999999432e+00 -1.673000000000000043e+01 1.402199999999999989e+02 0.000000000000000000e+00 1.953999999999999915e+01 9.073000000000000398e+01
-3.502000000000000313e+01 0.000000000000000000e+00 6.252000000000000313e+01 -6.899999999999999467e-01 -9.279999999999999361e+00 8.329999999999999716e+01 -2.911100000000000136e+02 0.000000000000000000e+00 -5.096999999999999886e+01 6.562000000000000455e+01
1.122199999999999989e+02 0.000000000000000000e+00 -8.345000000000000284e+01 4.500000000000000000e+01 7.490000000000000213e+00 -1.166899999999999977e+02 1.067999999999999972e+02 0.000000000000000000e+00 3.477000000000000313e+01 -1.557199999999999989e+02
6.267999999999999972e+01 0.000000000000000000e+00 -8.006999999999999318e+01 -3.277000000000000313e+01 -9.660000000000000142e+00 1.053900000000000006e+02 1.639900000000000091e+02 0.000000000000000000e+00 -4.839999999999999858e+00 -2.300800000000000125e+02
4.388000000000000256e+01 0.000000000000000000e+00 7.332999999999999829e+01 5.743999999999999773e+01 4.339999999999999858e+00 -1.376800000000000068e+02 5.907000000000000028e+01 0.000000000000000000e+00 3.854999999999999716e+01 2.043499999999999943e+02
-8.669999999999999929e+00 0.000000000000000000e+00 7.215999999999999659e+01 1.178199999999999932e+02 6.730000000000000426e+00 3.157000000000000028e+01 -5.056000000000000227e+01 0.000000000000000000e+00 2.478999999999999915e+01 6.710999999999999943e+01
-6.539000000000000057e+01 0.000000000000000000e+00 4.692000000000000171e+01 3.949000000000000199e+01 -1.358999999999999986e+01 6.840000000000000568e+01 -1.503000000000000114e+02 0.000000000000000000e+00 -3.304999999999999716e+01 2.248999999999999844e+01
-9.400000000000000000e+01 0.000000000000000000e+00 7.480000000000000426e+00 3.385999999999999943e+01 -2.919999999999999929e+00 -1.333199999999999932e+02 -9.232999999999999829e+01 0.000000000000000000e+00 1.699999999999999956e+00 -1.393999999999999950e+01
-1.500000000000000000e+00 0.000000000000000000e+00 -1.568799999999999955e+02 3.570000000000000284e+01 -1.133000000000000007e+01 3.675000000000000000e+01 2.382999999999999829e+01 0.000000000000000000e+00 -2.126999999999999957e+01 -1.107699999999999960e+02
3.382999999999999829e+01 0.000000000000000000e+00 -1.172000000000000064e+01 2.801000000000000156e+01 2.129999999999999893e+00 3.055000000000000071e+01 2.077899999999999920e+02 0.000000000000000000e+00 -6.734000000000000341e+01 -9.520999999999999375e+01
8.204000000000000625e+01 0.000000000000000000e+00 6.269999999999999574e+00 7.807999999999999829e+01 3.649999999999999911e+00 -1.436999999999999922e+01 8.859000000000000341e+01 0.000000000000000000e+00 1.801999999999999957e+01 5.220000000000000284e+01
2.478999999999999915e+01 0.000000000000000000e+00 6.875000000000000000e+01 1.084599999999999937e+02 -1.739999999999999991e+00 -1.013599999999999994e+02 -5.031000000000000227e+01 0.000000000000000000e+00 1.324000000000000021e+01 1.735999999999999943e+01
2.953999999999999915e+01 0.000000000000000000e+00 7.443000000000000682e+01 7.040000000000000568e+01 2.408999999999999986e+01 1.545800000000000125e+02 -3.462200000000000273e+02 0.000000000000000000e+00 -2.009999999999999787e+00 3.357799999999999727e+02
5.246000000000000085e+01 0.000000000000000000e+00 2.396000000000000085e+01 6.801000000000000512e+01 1.052999999999999936e+01 -4.252000000000000313e+01 1.205000000000000071e+01 0.000000000000000000e+00 6.923999999999999488e+01 -1.877800000000000011e+02
6.799999999999999822e+00 0.000000000000000000e+00 -3.934000000000000341e+01 2.575000000000000000e+01 -1.746999999999999886e+01 -9.943999999999999773e+01 3.494200000000000159e+02 0.000000000000000000e+00 -6.782999999999999829e+01 -9.623000000000000398e+01
-5.735000000000000142e+01 0.000000000000000000e+00 -1.146099999999999994e+02 -3.087999999999999901e+01 7.209999999999999964e+00 2.521999999999999886e+01 2.217000000000000171e+01 0.000000000000000000e+00 -5.780000000000000249e+00 -1.226899999999999977e+02
-1.341599999999999966e+02 0.000000000000000000e+00 3.865999999999999659e+01 2.682999999999999829e+01 -2.630999999999999872e+01 1.547000000000000064e+01 -3.121700000000000159e+02 0.000000000000000000e+00 1.575999999999999979e+01 -5.842000000000000171e+01
3.227000000000000313e+01 0.000000000000000000e+00 -2.928000000000000114e+01 5.250999999999999801e+01 -1.122000000000000064e+01 8.606000000000000227e+01 -9.646999999999999886e+01 0.000000000000000000e+00 -3.717999999999999972e+01 2.180900000000000034e+02
4.046000000000000085e+01 0.000000000000000000e+00 -3.105000000000000071e+01 8.139000000000000057e+01 2.683999999999999986e+01 -5.996999999999999886e+01 2.036699999999999875e+02 0.000000000000000000e+00 4.067999999999999972e+01 1.946000000000000085e+01
2.973000000000000043e+01 0.000000000000000000e+00 -7.059999999999999609e+00 6.343999999999999773e+01 3.100000000000000089e+00 -6.695000000000000284e+01 2.229600000000000080e+02 0.000000000000000000e+00 2.125000000000000000e+01 1.717999999999999972e+01
4.890999999999999659e+01 0.000000000000000000e+00 7.050000000000000000e+01 7.795000000000000284e+01 2.082999999999999829e+01 1.086700000000000017e+02 -1.364799999999999898e+02 0.000000000000000000e+00 -3.985000000000000142e+01 -2.819999999999999929e+01
-1.434999999999999964e+01 0.000000000000000000e+00 -3.092000000000000171e+01 -3.209999999999999964e+00 -1.433999999999999986e+01 -5.309000000000000341e+01 -1.236599999999999966e+02 0.000000000000000000e+00 1.300000000000000044e-01 -1.412599999999999909e+02
-1.281200000000000045e+02 0.000000000000000000e+00 -1.550800000000000125e+02 9.018000000000000682e+01 -1.483000000000000007e+01 -5.378999999999999915e+01 -2.319000000000000128e+01 0.000000000000000000e+00 -6.709000000000000341e+01 9.990000000000000213e+00
-2.982000000000000028e+01 0.000000000000000000e+00 -5.592999999999999972e+01 9.389000000000000057e+01 -1.008000000000000007e+01 -1.956599999999999966e+02 2.038199999999999932e+02 0.000000000000000000e+00 3.430000000000000160e+00 4.138000000000000256e+01
-1.573000000000000043e+01 0.000000000000000000e+00 -3.180000000000000160e+00 1.283300000000000125e+02 1.575999999999999979e+01 -3.484000000000000341e+01 -9.807999999999999829e+01 0.000000000000000000e+00 1.035799999999999983e+02 1.966100000000000136e+02
1.828400000000000034e+02 0.000000000000000000e+00 1.645000000000000000e+02 8.659000000000000341e+01 -8.999999999999999667e-02 1.303600000000000136e+02 9.159000000000000341e+01 0.000000000000000000e+00 1.689999999999999947e+00 4.861999999999999744e+01
4.500000000000000000e+00 0.000000000000000000e+00 8.348999999999999488e+01 -7.780000000000000249e+00 1.239000000000000057e+01 1.087800000000000011e+02 -1.595500000000000114e+02 0.000000000000000000e+00 -1.494999999999999929e+01 -2.176999999999999886e+02
-7.517000000000000171e+01 0.000000000000000000e+00 -1.433100000000000023e+02 -2.017000000000000171e+01 -6.559999999999999609e+00 2.528300000000000125e+02 -8.973999999999999488e+01 0.000000000000000000e+00 -8.019999999999999574e+00 -5.177000000000000313e+01
-7.931000000000000227e+01 0.000000000000000000e+00 -8.282999999999999829e+01 4.617000000000000171e+01 -8.070000000000000284e+00 -1.361500000000000057e+02 2.296800000000000068e+02 0.000000000000000000e+00 -1.013799999999999955e+02 8.131000000000000227e+01
-2.401999999999999957e+01 0.000000000000000000e+00 2.432999999999999829e+01 -1.726999999999999957e+01 -1.043999999999999950e+01 -4.088399999999999750e+02 -1.227600000000000051e+02 0.000000000000000000e+00 5.175999999999999801e+01 4.224000000000000199e+01
9.843999999999999773e+01 0.000000000000000000e+00 1.121200000000000045e+02 -7.193000000000000682e+01 2.729999999999999982e+00 1.131800000000000068e+02 -1.676599999999999966e+02 0.000000000000000000e+00 5.793999999999999773e+01 -7.981000000000000227e+01
3.001000000000000156e+01 0.000000000000000000e+00 8.942000000000000171e+01 -6.901000000000000512e+01 -1.050999999999999979e+01 2.510000000000000000e+02 7.881000000000000227e+01 0.000000000000000000e+00 -2.723999999999999844e+01 -1.766000000000000014e+01
-4.127000000000000313e+01 0.000000000000000000e+00 -1.070400000000000063e+02 -9.348999999999999488e+01 2.220000000000000195e+00 1.135999999999999943e+02 1.605900000000000034e+02 0.000000000000000000e+00 -1.239999999999999991e+00 -1.786500000000000057e+02
-1.058499999999999943e+02 0.000000000000000000e+00 -7.465000000000000568e+01 -1.083199999999999932e+02 -4.080000000000000071e+00 -2.291000000000000014e+01 7.590000000000000568e+01 0.000000000000000000e+00 -7.401999999999999602e+01 1.423199999999999932e+02
1.522000000000000064e+01 0.000000000000000000e+00 7.176000000000000512e+01 -1.207199999999999989e+02 7.199999999999999734e-01 -2.777200000000000273e+02 -1.592299999999999898e+02 0.000000000000000000e+00 1.127999999999999936e+01 -6.526999999999999602e+01
5.950999999999999801e+01 0.000000000000000000e+00 3.760999999999999943e+01 6.490000000000000213e+00 6.919999999999999929e+00 -3.080000000000000071e+00 -1.091200000000000045e+02 0.000000000000000000e+00 -9.050000000000000711e+00 1.855500000000000114e+02
9.259999999999999787e+00 0.000000000000000000e+00 1.013000000000000078e+01 -8.967000000000000171e+01 1.555000000000000071e+01 -2.494999999999999929e+01 1.375900000000000034e+02 0.000000000000000000e+00 7.423000000000000398e+01 -7.700000000000000000e+01
-5.084000000000000341e+01 0.000000000000000000e+00 2.469000000000000128e+01 2.928999999999999915e+01 -9.050000000000000711e+00 1.909300000000000068e+02 1.737999999999999901e+01 0.000000000000000000e+00 -2.837999999999999901e+01 4.389999999999999680e+00
1.930999999999999872e+01 0.000000000000000000e+00 -4.422999999999999687e+01 -6.984000000000000341e+01 -1.840000000000000080e+00 -5.500000000000000444e-01 9.595999999999999375e+01 0.000000000000000000e+00 -6.693000000000000682e+01 8.330000000000000071e+00
3.119000000000000128e+01 0.000000000000000000e+00 5.509000000000000341e+01 -1.041599999999999966e+02 3.540000000000000036e+00 1.263000000000000078e+01 -2.343799999999999955e+02 0.000000000000000000e+00 1.612999999999999901e+01 8.004000000000000625e+01
-2.532000000000000028e+01 0.000000000000000000e+00 -1.257300000000000040e+02 -2.558999999999999986e+01 -1.610000000000000098e+00 -1.104599999999999937e+02 5.934000000000000341e+01 0.000000000000000000e+00 -1.826000000000000156e+01 -7.950000000000000000e+01
1.184999999999999964e+01 0.000000000000000000e+00 6.929999999999999716e+01 -1.108000000000000007e+01 3.062000000000000099e+01 -6.612999999999999545e+01 5.817999999999999972e+01 0.000000000000000000e+00 1.345699999999999932e+02 5.060000000000000142e+01
-1.245699999999999932e+02 0.000000000000000000e+00 -1.794999999999999929e+01 -2.428999999999999915e+01 -3.465999999999999659e+01 2.017599999999999909e+02 1.603199999999999932e+02 0.000000000000000000e+00 -2.310999999999999943e+01 -1.543600000000000136e+02
3.443999999999999773e+01 0.000000000000000000e+00 4.672999999999999687e+01 6.025999999999999801e+01 7.389999999999999680e+00 -1.840300000000000011e+02 -1.071500000000000057e+02 0.000000000000000000e+00 1.051999999999999957e+01 1.161899999999999977e+02
2.248000000000000043e+01 0.000000000000000000e+00 -3.927000000000000313e+01 -4.321999999999999886e+01 -6.269999999999999574e+00 -2.778000000000000114e+01 -6.040000000000000036e+00 0.000000000000000000e+00 -1.026700000000000017e+02 -7.490000000000000213e+00
7.401000000000000512e+01 0.000000000000000000e+00 -1.342999999999999972e+01 -1.041800000000000068e+02 -8.089999999999999858e+00 1.705399999999999920e+02 -1.558600000000000136e+02 0.000000000000000000e+00 -1.517999999999999972e+01 -7.476999999999999602e+01
-8.995000000000000284e+01 0.000000000000000000e+00 -4.467000000000000171e+01 -4.834000000000000341e+01 1.782999999999999829e+01 1.373100000000000023e+02 1.849399999999999977e+02 0.000000000000000000e+00 3.868999999999999773e+01 1.704900000000000091e+02
-3.779999999999999805e+00 0.000000000000000000e+00 3.257999999999999829e+01 -2.080000000000000071e+00 1.801999999999999957e+01 -4.602000000000000313e+01 -1.053499999999999943e+02 0.000000000000000000e+00 4.639999999999999680e+00 -1.465500000000000114e+02
-4.604999999999999716e+01 0.000000000000000000e+00 -7.209999999999999432e+01 -4.710999999999999943e+01 -5.506000000000000227e+01 -2.893700000000000045e+02 -6.231000000000000227e+01 0.000000000000000000e+00 -6.443000000000000682e+01 -2.099199999999999875e+02
6.456999999999999318e+01 0.000000000000000000e+00 6.650000000000000355e+00 -1.867999999999999972e+01 -8.025000000000000000e+01 -1.299000000000000057e+02 1.021700000000000017e+02 0.000000000000000000e+00 7.409999999999999432e+01 5.731000000000000227e+01
4.107000000000000028e+01 0.000000000000000000e+00 -2.626000000000000156e+01 5.982000000000000028e+01 1.320600000000000023e+02 1.585999999999999943e+02 1.146400000000000006e+02 0.000000000000000000e+00 -5.479999999999999716e+01 5.440299999999999727e+02
-7.230000000000000426e+00 0.000000000000000000e+00 1.883999999999999986e+01 -4.710999999999999943e+01 -2.219600000000000080e+02 2.582699999999999818e+02 -9.935999999999999943e+01 0.000000000000000000e+00 7.725000000000000000e+01 -1.745000000000000000e+02
1.413000000000000078e+01 0.000000000000000000e+00 1.129200000000000017e+02 -2.339999999999999858e+01 8.812000000000000455e+01 -5.235999999999999943e+01 -1.524099999999999966e+02 0.000000000000000000e+00 3.509999999999999787e+00 -3.976100000000000136e+02
-2.068400000000000034e+02 0.000000000000000000e+00 -1.952800000000000011e+02 -1.532400000000000091e+02 1.013900000000000006e+02 -1.580500000000000114e+02 1.137099999999999937e+02 0.000000000000000000e+00 1.024399999999999977e+02 -3.662500000000000000e+02
2.542899999999999920e+02 0.000000000000000000e+00 1.644499999999999886e+02 2.159399999999999977e+02 -5.730000000000000426e+00 4.742999999999999972e+01 4.142000000000000171e+01 0.000000000000000000e+00 3.363000000000000256e+01 3.870199999999999818e+02
-1.993300000000000125e+02 0.000000000000000000e+00 -1.957500000000000000e+02 4.370000000000000107e+00 -8.710000000000000853e+00 -1.081700000000000017e+02 1.628400000000000034e+02 0.000000000000000000e+00 -3.602000000000000313e+01 -3.320500000000000114e+02
-2.133999999999999986e+01 0.000000000000000000e+00 3.542699999999999818e+02 2.278300000000000125e+02 2.760000000000000142e+01 -1.180000000000000071e+01 3.334000000000000341e+01 0.000000000000000000e+00 -1.542100000000000080e+02 6.710299999999999727e+02
1.424499999999999886e+02 0.000000000000000000e+00 -4.711600000000000250e+02 -1.954000000000000057e+02 7.929999999999999716e+00 1.605099999999999909e+02 -9.209000000000000341e+01 0.000000000000000000e+00 2.051000000000000156e+01 -2.746000000000000085e+01
-6.468000000000000682e+01 0.000000000000000000e+00 1.262300000000000040e+02 1.670699999999999932e+02 -1.260000000000000009e+00 5.477000000000000313e+01 -3.485000000000000142e+01 0.000000000000000000e+00 -1.144599999999999937e+02 -3.080600000000000023e+02
-1.436500000000000057e+02 0.000000000000000000e+00 1.162800000000000011e+02 -2.302599999999999909e+02 -1.153999999999999915e+01 -1.058900000000000006e+02 -9.187000000000000455e+01 0.000000000000000000e+00 7.335999999999999943e+01 9.756000000000000227e+01
2.700799999999999841e+02 0.000000000000000000e+00 -3.502200000000000273e+02 7.107999999999999829e+01 -3.910000000000000142e+00 -1.120400000000000063e+02 -2.294799999999999898e+02 0.000000000000000000e+00 1.135400000000000063e+02 2.151299999999999955e+02
-6.839999999999999858e+00 0.000000000000000000e+00 1.123199999999999932e+02 1.172900000000000063e+02 1.769999999999999929e+01 1.105400000000000063e+02 2.612900000000000205e+02 0.000000000000000000e+00 -1.307100000000000080e+02 4.950000000000000178e+00
-1.130999999999999943e+02 0.000000000000000000e+00 1.521699999999999875e+02 2.212400000000000091e+02 4.114999999999999858e+01 -3.610999999999999943e+01 -2.124199999999999875e+02 0.000000000000000000e+00 5.711999999999999744e+01 1.065400000000000063e+02
9.495999999999999375e+01 0.000000000000000000e+00 9.226000000000000512e+01 -1.322100000000000080e+02 -2.557999999999999829e+01 2.099199999999999875e+02 -1.162600000000000051e+02 0.000000000000000000e+00 3.418999999999999773e+01 -5.763600000000000136e+02
-7.019999999999999574e+00 0.000000000000000000e+00 1.064000000000000057e+01 1.375900000000000034e+02 -8.169999999999999929e+00 -1.738899999999999864e+02 1.515500000000000114e+02 0.000000000000000000e+00 -8.226999999999999602e+01 3.037799999999999727e+02
-2.936200000000000045e+02 0.000000000000000000e+00 6.378000000000000114e+01 9.223999999999999488e+01 -7.230000000000000426e+00 1.013499999999999943e+02 -5.031000000000000227e+01 0.000000000000000000e+00 -5.114000000000000057e+01 5.760999999999999943e+01
-3.527000000000000313e+01 0.000000000000000000e+00 1.616899999999999977e+02 9.460000000000000853e+00 9.679999999999999716e+00 3.007999999999999829e+01 3.191800000000000068e+02 0.000000000000000000e+00 7.490999999999999659e+01 1.270900000000000034e+02
2.478000000000000114e+02 0.000000000000000000e+00 -7.231000000000000227e+01 1.329499999999999886e+02 1.400999999999999979e+01 -3.763299999999999841e+02 -2.321299999999999955e+02 0.000000000000000000e+00 -1.833999999999999986e+01 -9.609999999999999432e+00
-5.620000000000000284e+01 0.000000000000000000e+00 -7.087000000000000455e+01 1.689000000000000057e+01 -2.553000000000000114e+01 1.915500000000000114e+02 -5.340999999999999659e+01 0.000000000000000000e+00 4.315999999999999659e+01 -1.365399999999999920e+02
-4.019999999999999574e+00 0.000000000000000000e+00 1.799499999999999886e+02 2.111599999999999966e+02 2.523999999999999844e+01 1.837000000000000099e+01 -5.746999999999999886e+01 0.000000000000000000e+00 8.501000000000000512e+01 4.150999999999999801e+01
-4.879999999999999716e+01 0.000000000000000000e+00 -3.296999999999999886e+01 -4.664999999999999858e+01 -3.300000000000000155e-01 1.073599999999999994e+02 6.501000000000000512e+01 0.000000000000000000e+00 -2.005099999999999909e+02 -6.239000000000000057e+01
8.840999999999999659e+01 0.000000000000000000e+00 -3.321000000000000085e+01 5.600000000000000533e-01 -1.043999999999999950e+01 7.296999999999999886e+01 -6.473000000000000398e+01 0.000000000000000000e+00 2.028999999999999915e+01 1.604099999999999966e+02
1.962899999999999920e+02 0.000000000000000000e+00 8.990000000000000568e+01 1.535999999999999943e+01 -1.760999999999999943e+01 2.375000000000000000e+01 1.380200000000000102e+02 0.000000000000000000e+00 1.566500000000000057e+02 -4.238000000000000256e+01
-8.943000000000000682e+01 0.000000000000000000e+00 4.496999999999999886e+01 1.932199999999999989e+02 1.070000000000000062e+00 -1.764499999999999886e+02 -2.220500000000000114e+02 0.000000000000000000e+00 -8.993999999999999773e+01 -2.790199999999999818e+02
-8.354000000000000625e+01 0.000000000000000000e+00 -9.130000000000000782e+00 6.435999999999999943e+01 1.030000000000000027e+00 9.765000000000000568e+01 1.389300000000000068e+02 0.000000000000000000e+00 -1.292999999999999972e+01 -6.600000000000000000e+01
-1.051299999999999955e+02 0.000000000000000000e+00 2.705999999999999872e+01 -1.177999999999999936e+01 -1.265000000000000036e+01 9.246999999999999886e+01 5.175999999999999801e+01 0.000000000000000000e+00 4.240999999999999659e+01 1.212000000000000028e+02
4.074000000000000199e+01 0.000000000000000000e+00 -1.101099999999999994e+02 -8.060000000000000497e+00 1.896000000000000085e+01 -6.150999999999999801e+01 -8.470000000000000284e+01 0.000000000000000000e+00 -1.935000000000000142e+01 -4.306000000000000227e+01
1.394900000000000091e+02 0.000000000000000000e+00 -7.290999999999999659e+01 1.058299999999999983e+02 -6.839999999999999858e+00 -1.064099999999999966e+02 -1.216800000000000068e+02 0.000000000000000000e+00 -4.092000000000000171e+01 1.209599999999999937e+02
-1.537299999999999898e+02 0.000000000000000000e+00 5.425000000000000000e+01 1.173799999999999955e+02 8.349999999999999645e+00 -1.532400000000000091e+02 -2.273000000000000043e+01 0.000000000000000000e+00 -1.355000000000000071e+01 3.664999999999999858e+01
-1.054800000000000040e+02 0.000000000000000000e+00 -2.041000000000000014e+01 7.481999999999999318e+01 -4.168999999999999773e+01 2.411800000000000068e+02 -1.840000000000000080e+00 0.000000000000000000e+00 1.049399999999999977e+02 1.042999999999999972e+01
1.716399999999999864e+02 0.000000000000000000e+00 7.015000000000000568e+01 1.402199999999999989e+02 1.572000000000000064e+01 1.605000000000000071e+01 3.014399999999999977e+02 0.000000000000000000e+00 -8.859999999999999432e+00 -1.378499999999999943e+02
1.726000000000000156e+01 0.000000000000000000e+00 -4.103999999999999915e+01 7.790000000000000036e+00 1.010999999999999943e+01 -9.460999999999999943e+01 -8.495999999999999375e+01 0.000000000000000000e+00 -1.607899999999999920e+02 -2.169000000000000128e+01
-7.001000000000000512e+01 0.000000000000000000e+00 -2.792000000000000171e+01 -2.153999999999999915e+01 -1.991000000000000014e+01 -2.087700000000000102e+02 1.775099999999999909e+02 0.000000000000000000e+00 6.168999999999999773e+01 8.057999999999999829e+01
-9.146999999999999886e+01 0.000000000000000000e+00 -7.462999999999999545e+01 1.905699999999999932e+02 2.785999999999999943e+01 -7.860999999999999943e+01 -1.085300000000000011e+02 0.000000000000000000e+00 3.879999999999999716e+01 1.640699999999999932e+02
2.068799999999999955e+02 0.000000000000000000e+00 1.239200000000000017e+02 1.706299999999999955e+02 -1.131000000000000050e+01 3.978999999999999915e+01 1.651000000000000156e+01 0.000000000000000000e+00 -1.851000000000000156e+01 -3.229999999999999716e+01
-1.219999999999999973e+00 0.000000000000000000e+00 -1.742000000000000171e+01 1.048799999999999955e+02 -9.410000000000000142e+00 2.868700000000000045e+02 1.196800000000000068e+02 0.000000000000000000e+00 4.740000000000000213e+00 -1.504300000000000068e+02
-4.642000000000000171e+01 0.000000000000000000e+00 5.490000000000000213e+00 1.197199999999999989e+02 1.135999999999999943e+01 1.052699999999999960e+02 6.011999999999999744e+01 0.000000000000000000e+00 1.116400000000000006e+02 1.284999999999999964e+01
-7.998999999999999488e+01 0.000000000000000000e+00 -7.956000000000000227e+01 4.367000000000000171e+01 -5.950000000000000178e+00 -7.329000000000000625e+01 -1.786100000000000136e+02 0.000000000000000000e+00 -1.421000000000000085e+01 -9.812000000000000455e+01
1.421000000000000085e+01 0.000000000000000000e+00 8.619999999999999218e+00 7.879999999999999893e+00 -4.879999999999999893e+00 -2.501500000000000057e+02 -1.069000000000000057e+02 0.000000000000000000e+00 -6.876999999999999602e+01 -4.635000000000000142e+01
8.112999999999999545e+01 0.000000000000000000e+00 1.569999999999999929e+01 -6.631999999999999318e+01 2.278999999999999915e+01 7.351000000000000512e+01 3.692000000000000171e+01 0.000000000000000000e+00 1.882999999999999829e+01 9.081999999999999318e+01
6.734000000000000341e+01 0.000000000000000000e+00 -6.215999999999999659e+01 -5.092000000000000171e+01 -6.349999999999999645e+00 7.750000000000000000e+00 2.722300000000000182e+02 0.000000000000000000e+00 1.714999999999999858e+01 8.029000000000000625e+01
-4.777000000000000313e+01 0.000000000000000000e+00 4.592999999999999972e+01 -1.042999999999999972e+02 -2.589999999999999858e+00 4.078000000000000114e+01 1.121299999999999955e+02 0.000000000000000000e+00 -5.295000000000000284e+01 -1.439600000000000080e+02
-1.398799999999999955e+02 0.000000000000000000e+00 -2.421999999999999886e+01 -1.228599999999999994e+02 -4.629999999999999893e+00 -2.886600000000000250e+02 -1.769699999999999989e+02 0.000000000000000000e+00 1.047000000000000064e+01 -6.190000000000000391e+00
-6.128999999999999915e+01 0.000000000000000000e+00 -9.114000000000000057e+01 3.153000000000000114e+01 -1.066999999999999993e+01 -9.898000000000000398e+01 -1.227999999999999972e+02 0.000000000000000000e+00 -4.257000000000000028e+01 -2.337999999999999901e+01
5.660999999999999943e+01 0.000000000000000000e+00 1.771000000000000085e+01 -2.033400000000000034e+02 -8.060000000000000497e+00 3.533500000000000227e+02 1.238199999999999932e+02 0.000000000000000000e+00 -3.553000000000000114e+01 4.997999999999999687e+01
1.061200000000000045e+02 0.000000000000000000e+00 -5.382999999999999829e+01 -2.440800000000000125e+02 3.961999999999999744e+01 2.921000000000000085e+01 -4.840999999999999659e+01 0.000000000000000000e+00 7.643999999999999773e+01 2.316000000000000014e+01
2.200000000000000011e-01 0.000000000000000000e+00 1.017099999999999937e+02 -2.905999999999999872e+01 -1.531000000000000050e+01 -8.693000000000000682e+01 1.224099999999999966e+02 0.000000000000000000e+00 -4.027000000000000313e+01 3.831000000000000227e+01
4.507000000000000028e+01 0.000000000000000000e+00 1.325800000000000125e+02 -3.457000000000000028e+01 -1.183999999999999986e+01 -3.266000000000000227e+02 1.536399999999999864e+02 0.000000000000000000e+00 -8.570000000000000284e+00 -7.175000000000000000e+01
-7.073999999999999488e+01 0.000000000000000000e+00 -2.896000000000000085e+01 -2.329099999999999966e+02 1.880999999999999872e+01 1.554499999999999886e+02 1.785999999999999943e+01 0.000000000000000000e+00 -4.184000000000000341e+01 1.736899999999999977e+02
-7.137000000000000455e+01 0.000000000000000000e+00 9.130000000000000782e+00 -1.843400000000000034e+02 -1.601999999999999957e+01 1.188400000000000034e+02 -8.060000000000000497e+00 0.000000000000000000e+00 6.489000000000000057e+01 -3.278000000000000114e+01
-1.644999999999999929e+01 0.000000000000000000e+00 -1.139899999999999949e+02 -1.675500000000000114e+02 2.169999999999999929e+01 -5.159000000000000341e+01 -3.203399999999999750e+02 0.000000000000000000e+00 9.990000000000000213e+00 -9.712000000000000455e+01
8.842000000000000171e+01 0.000000000000000000e+00 -1.385999999999999943e+01 -1.053599999999999994e+02 -1.183000000000000007e+01 2.042000000000000171e+01 3.289999999999999858e+01 0.000000000000000000e+00 9.042000000000000171e+01 -1.402299999999999898e+02
1.214300000000000068e+02 0.000000000000000000e+00 5.984000000000000341e+01 -8.210999999999999943e+01 -5.160000000000000142e+00 1.661599999999999966e+02 1.275000000000000000e+02 0.000000000000000000e+00 1.878000000000000114e+01 5.615999999999999659e+01
-1.457000000000000028e+01 0.000000000000000000e+00 5.203000000000000114e+01 -8.110999999999999943e+01 1.343999999999999950e+01 1.964999999999999858e+01 6.084000000000000341e+01 0.000000000000000000e+00 -6.851000000000000512e+01 1.719399999999999977e+02
-2.344499999999999886e+02 0.000000000000000000e+00 3.349000000000000199e+01 -1.146899999999999977e+02 -2.542000000000000171e+01 -2.538600000000000136e+02 -1.888700000000000045e+02 0.000000000000000000e+00 -1.130000000000000071e+01 -2.230600000000000023e+02
-8.490999999999999659e+01 0.000000000000000000e+00 -1.830000000000000071e+01 -1.747599999999999909e+02 3.149999999999999911e+00 -2.746600000000000250e+02 -1.376999999999999957e+01 0.000000000000000000e+00 -4.269999999999999574e+00 8.029000000000000625e+01
8.687999999999999545e+01 0.000000000000000000e+00 -7.473999999999999488e+01 -9.892000000000000171e+01 8.439999999999999503e+00 2.835400000000000205e+02 4.877000000000000313e+01 0.000000000000000000e+00 -2.087999999999999901e+01 1.584999999999999964e+01
7.704000000000000625e+01 0.000000000000000000e+00 -7.514000000000000057e+01 -4.138000000000000256e+01 -4.447999999999999687e+01 9.756999999999999318e+01 -3.203999999999999915e+01 0.000000000000000000e+00 -5.943999999999999773e+01 -2.280000000000000071e+01
2.196000000000000085e+01 0.000000000000000000e+00 -3.399999999999999911e+00 -1.530000000000000071e+01 8.795000000000000284e+01 -9.646999999999999886e+01 7.900000000000000000e+01 0.000000000000000000e+00 -2.816000000000000014e+01 -7.832999999999999829e+01
-3.774000000000000199e+01 0.000000000000000000e+00 -1.780000000000000027e+00 6.027000000000000313e+01 3.040000000000000036e+00 1.049000000000000021e+01 -2.180000000000000071e+01 0.000000000000000000e+00 1.651999999999999957e+01 2.266100000000000136e+02
-7.435999999999999943e+01 0.000000000000000000e+00 3.529999999999999805e+00 4.192999999999999972e+01 -9.809000000000000341e+01 -1.194699999999999989e+02 -8.851999999999999602e+01 0.000000000000000000e+00 1.551899999999999977e+02 -1.439000000000000057e+02
6.973000000000000398e+01 0.000000000000000000e+00 3.742000000000000171e+01 -3.166000000000000014e+01 4.789000000000000057e+01 1.177000000000000028e+02 7.662000000000000455e+01 0.000000000000000000e+00 -8.818000000000000682e+01 -2.866000000000000014e+01
5.957999999999999829e+01 0.000000000000000000e+00 7.300000000000000000e+01 4.975000000000000000e+01 -2.642000000000000171e+01 7.435999999999999943e+01 1.674099999999999966e+02 0.000000000000000000e+00 -4.949000000000000199e+01 3.984499999999999886e+02
6.445000000000000284e+01 0.000000000000000000e+00 -8.701000000000000512e+01 3.215999999999999659e+01 -8.240000000000000213e+00 -4.072999999999999687e+01 -6.059999999999999609e+00 0.000000000000000000e+00 1.926000000000000156e+01 -2.253300000000000125e+02
-9.665999999999999659e+01 0.000000000000000000e+00 1.867999999999999972e+01 1.064000000000000057e+02 3.510999999999999943e+01 -6.687999999999999545e+01 -2.232299999999999898e+02 0.000000000000000000e+00 1.146000000000000085e+01 -2.295099999999999909e+02
-8.518000000000000682e+01 0.000000000000000000e+00 -8.396999999999999886e+01 -1.065300000000000011e+02 -2.192000000000000171e+01 3.578999999999999915e+01 -1.715399999999999920e+02 0.000000000000000000e+00 6.648000000000000398e+01 5.728999999999999915e+01
1.343700000000000045e+02 0.000000000000000000e+00 -5.295000000000000284e+01 2.224000000000000057e+02 -1.040000000000000036e+00 -1.682999999999999829e+01 2.342800000000000011e+02 0.000000000000000000e+00 -7.054000000000000625e+01 1.976000000000000156e+01
-1.478700000000000045e+02 0.000000000000000000e+00 9.045999999999999375e+01 1.400300000000000011e+02 -7.530000000000000249e+00 1.389999999999999902e+00 1.902700000000000102e+02 0.000000000000000000e+00 5.400999999999999801e+01 2.420500000000000114e+02
7.068000000000000682e+01 0.000000000000000000e+00 1.499999999999999944e-01 1.119300000000000068e+02 -1.300000000000000044e-01 1.363600000000000136e+02 3.299000000000000199e+01 0.000000000000000000e+00 -2.723999999999999844e+01 -1.019899999999999949e+02
4.146999999999999886e+01 0.000000000000000000e+00 -8.873999999999999488e+01 -5.114000000000000057e+01 5.559999999999999609e+00 1.635000000000000000e+02 -3.248500000000000227e+02 0.000000000000000000e+00 -2.657000000000000028e+01 -1.436399999999999864e+02
-9.915999999999999659e+01 0.000000000000000000e+00 5.353000000000000114e+01 1.085600000000000023e+02 -1.068999999999999950e+01 -2.142400000000000091e+02 -2.878700000000000045e+02 0.000000000000000000e+00 -4.254999999999999716e+01 -1.498499999999999943e+02
-1.423499999999999943e+02 0.000000000000000000e+00 -8.099999999999999645e+00 1.599300000000000068e+02 -3.867000000000000171e+01 -3.857099999999999795e+02 1.459099999999999966e+02 0.000000000000000000e+00 4.582999999999999829e+01 1.419699999999999989e+02
1.542899999999999920e+02 0.000000000000000000e+00 -3.069999999999999840e+00 1.018299999999999983e+02 5.045000000000000284e+01 1.363000000000000114e+02 2.780199999999999818e+02 0.000000000000000000e+00 -1.315000000000000036e+01 1.119599999999999937e+02
3.515999999999999659e+01 0.000000000000000000e+00 -9.770000000000000284e+01 7.100000000000000000e+01 -1.808999999999999986e+01 -2.264000000000000057e+01 3.524000000000000199e+01 0.000000000000000000e+00 -5.070000000000000284e+01 -2.069000000000000128e+01
4.914000000000000057e+01 0.000000000000000000e+00 1.148000000000000043e+01 1.630000000000000071e+01 1.696999999999999886e+01 1.188499999999999943e+02 -2.606600000000000250e+02 0.000000000000000000e+00 -2.160999999999999943e+01 -2.294900000000000091e+02
4.403000000000000114e+01 0.000000000000000000e+00 3.828999999999999915e+01 1.344399999999999977e+02 8.119999999999999218e+00 2.278499999999999943e+02 7.393000000000000682e+01 0.000000000000000000e+00 -2.755000000000000071e+01 -4.099999999999999756e-01
-1.026800000000000068e+02 0.000000000000000000e+00 1.441999999999999993e+01 1.408199999999999932e+02 -3.482999999999999829e+01 -9.925000000000000000e+01 -1.557500000000000000e+02 0.000000000000000000e+00 9.100000000000000000e+01 1.643799999999999955e+02
-8.071999999999999886e+01 0.000000000000000000e+00 1.328300000000000125e+02 -1.382000000000000028e+01 3.804999999999999716e+01 -1.960800000000000125e+02 1.291500000000000057e+02 0.000000000000000000e+00 -4.990000000000000213e+00 1.015000000000000000e+02
3.460999999999999943e+01 0.000000000000000000e+00 -4.867000000000000171e+01 -1.675000000000000000e+01 -8.509999999999999787e+00 -1.619300000000000068e+02 1.981800000000000068e+02 0.000000000000000000e+00 5.306000000000000227e+01 4.828999999999999915e+01
2.644000000000000128e+01 0.000000000000000000e+00 6.509999999999999432e+01 1.049699999999999989e+02 1.084999999999999964e+01 5.732000000000000028e+01 -3.438000000000000256e+01 0.000000000000000000e+00 -5.543999999999999773e+01 -2.027500000000000000e+02
1.539799999999999898e+02 0.000000000000000000e+00 -9.037999999999999545e+01 6.823999999999999488e+01 -6.929999999999999716e+00 2.613700000000000045e+02 2.364999999999999858e+01 0.000000000000000000e+00 1.328999999999999915e+01 1.188299999999999983e+02
-9.160999999999999943e+01 0.000000000000000000e+00 8.448999999999999488e+01 -9.942000000000000171e+01 -1.558000000000000007e+01 7.900000000000000355e-01 -2.195999999999999943e+02 0.000000000000000000e+00 4.304999999999999716e+01 1.493400000000000034e+02
-5.118999999999999773e+01 0.000000000000000000e+00 2.678000000000000114e+01 -1.292999999999999972e+01 3.035999999999999943e+01 -1.019099999999999966e+02 1.175100000000000051e+02 0.000000000000000000e+00 -3.464999999999999858e+01 -3.875199999999999818e+02
1.119999999999999929e+01 0.000000000000000000e+00 4.443999999999999773e+01 4.346999999999999886e+01 -2.803999999999999915e+01 -1.126400000000000006e+02 1.937999999999999901e+01 0.000000000000000000e+00 1.102699999999999960e+02 2.760999999999999943e+01
-8.276000000000000512e+01 0.000000000000000000e+00 -2.748999999999999844e+01 -1.186999999999999922e+01 3.950000000000000178e+00 1.051800000000000068e+02 -1.068400000000000034e+02 0.000000000000000000e+00 -1.371399999999999864e+02 5.810999999999999943e+01
1.354499999999999886e+02 0.000000000000000000e+00 -1.034699999999999989e+02 -1.048400000000000034e+02 -1.008999999999999986e+01 2.160800000000000125e+02 -4.388000000000000256e+01 0.000000000000000000e+00 4.740000000000000213e+00 5.350000000000000000e+01
-9.496999999999999886e+01 0.000000000000000000e+00 -5.104999999999999716e+01 -8.742000000000000171e+01 1.360000000000000098e+00 -2.654599999999999795e+02 -1.591000000000000014e+01 0.000000000000000000e+00 2.308999999999999986e+01 2.400699999999999932e+02
-8.656999999999999318e+01 0.000000000000000000e+00 -9.109999999999999432e+00 1.344999999999999929e+01 1.300000000000000044e-01 -1.249300000000000068e+02 2.031899999999999977e+02 0.000000000000000000e+00 2.926999999999999957e+01 -2.465500000000000114e+02
6.259000000000000341e+01 0.000000000000000000e+00 3.853000000000000114e+01 2.725000000000000000e+01 9.609999999999999432e+00 6.679000000000000625e+01 -1.821699999999999875e+02 0.000000000000000000e+00 2.535999999999999943e+01 -7.976000000000000512e+01
1.559799999999999898e+02 0.000000000000000000e+00 2.942999999999999972e+01 -1.373799999999999955e+02 -1.570000000000000062e+00 1.379600000000000080e+02 5.296999999999999886e+01 0.000000000000000000e+00 -4.520000000000000284e+01 -2.126999999999999957e+01
2.603000000000000114e+01 0.000000000000000000e+00 9.169999999999999929e+00 -2.240000000000000213e+00 4.899999999999999911e-01 7.229999999999999716e+01 -6.789000000000000057e+01 0.000000000000000000e+00 -5.424000000000000199e+01 7.006000000000000227e+01
-1.147800000000000011e+02 0.000000000000000000e+00 -4.952000000000000313e+01 1.192999999999999972e+01 1.208999999999999986e+01 -1.119500000000000028e+02 -2.181599999999999966e+02 0.000000000000000000e+00 -3.839999999999999858e+00 2.131999999999999886e+02
-9.981000000000000227e+01 0.000000000000000000e+00 -6.518000000000000682e+01 -3.000000000000000000e+01 -1.449999999999999956e+00 -4.521000000000000085e+01 4.817799999999999727e+02 0.000000000000000000e+00 -4.446999999999999886e+01 -1.531100000000000136e+02
4.870000000000000284e+01 0.000000000000000000e+00 6.353999999999999915e+01 -1.297100000000000080e+02 -4.830000000000000071e+00 -9.989000000000000057e+01 -3.536499999999999773e+02 0.000000000000000000e+00 1.100600000000000023e+02 -1.389000000000000057e+01
1.917000000000000171e+01 0.000000000000000000e+00 1.669999999999999929e+01 9.880000000000000782e+00 1.372000000000000064e+01 1.725600000000000023e+02 3.602099999999999795e+02 0.000000000000000000e+00 2.823999999999999844e+01 -1.163100000000000023e+02
2.592000000000000171e+01 0.000000000000000000e+00 4.922999999999999687e+01 1.323100000000000023e+02 4.549999999999999822e+00 1.266700000000000017e+02 -1.526800000000000068e+02 0.000000000000000000e+00 1.832999999999999829e+01 1.465999999999999943e+02
-5.332999999999999829e+01 0.000000000000000000e+00 3.278000000000000114e+01 -8.073000000000000398e+01 -1.646000000000000085e+01 -3.193299999999999841e+02 -1.359799999999999898e+02 0.000000000000000000e+00 -8.806000000000000227e+01 6.773999999999999488e+01
1.209999999999999964e+01 0.000000000000000000e+00 1.399000000000000021e+01 -5.435999999999999943e+01 -2.412999999999999901e+01 1.398199999999999932e+02 9.309000000000000341e+01 0.000000000000000000e+00 -1.992999999999999972e+01 -8.985999999999999943e+01
-5.289999999999999858e+01 0.000000000000000000e+00 7.320000000000000284e+00 -1.228599999999999994e+02 1.748000000000000043e+01 2.580500000000000114e+02 -2.782000000000000028e+01 0.000000000000000000e+00 7.650000000000000000e+01 7.606999999999999318e+01
3.028000000000000114e+01 0.000000000000000000e+00 3.485000000000000142e+01 7.089999999999999858e+00 1.826000000000000156e+01 -2.084000000000000057e+02 3.957000000000000028e+01 0.000000000000000000e+00 -2.296999999999999886e+01 2.048000000000000043e+01
1.987000000000000099e+01 0.000000000000000000e+00 2.905999999999999872e+01 -1.291399999999999864e+02 -1.016000000000000014e+01 -1.577700000000000102e+02 -8.250000000000000000e+01 0.000000000000000000e+00 -8.728000000000000114e+01 -8.812000000000000455e+01
-4.078000000000000114e+01 0.000000000000000000e+00 -3.496999999999999886e+01 -9.084999999999999432e+01 -4.309999999999999609e+00 1.048499999999999943e+02 -1.121500000000000057e+02 0.000000000000000000e+00 2.730999999999999872e+01 -1.634900000000000091e+02
1.900000000000000000e+01 0.000000000000000000e+00 7.851999999999999602e+01 2.350000000000000089e+00 -3.126999999999999957e+01 5.046000000000000085e+01 -1.762999999999999901e+01 0.000000000000000000e+00 -7.440000000000000391e+00 -3.279999999999999716e+01
-9.809000000000000341e+01 0.000000000000000000e+00 3.771999999999999886e+01 -1.316200000000000045e+02 1.149000000000000021e+01 7.070000000000000284e+01 1.353400000000000034e+02 0.000000000000000000e+00 -4.696999999999999886e+01 1.165600000000000023e+02
3.080999999999999872e+01 0.000000000000000000e+00 1.154699999999999989e+02 -2.178400000000000034e+02 3.928999999999999915e+01 -3.732799999999999727e+02 1.097500000000000000e+02 0.000000000000000000e+00 -9.609999999999999432e+00 2.902599999999999909e+02
7.115999999999999659e+01 0.000000000000000000e+00 1.267999999999999972e+01 -1.046899999999999977e+02 6.899999999999999467e-01 3.088299999999999841e+02 -1.569399999999999977e+02 0.000000000000000000e+00 -2.980999999999999872e+01 -1.505300000000000011e+02
3.114999999999999858e+01 0.000000000000000000e+00 2.100000000000000089e+00 -4.963000000000000256e+01 -1.780999999999999872e+01 -9.090000000000000568e+01 5.940000000000000391e+00 0.000000000000000000e+00 6.934000000000000341e+01 -2.780799999999999841e+02
1.418999999999999950e+01 0.000000000000000000e+00 -4.411999999999999744e+01 -1.860999999999999943e+01 -1.017999999999999972e+01 2.164699999999999989e+02 -1.980999999999999872e+01 0.000000000000000000e+00 8.329000000000000625e+01 -4.870000000000000284e+01
-2.979999999999999982e+00 0.000000000000000000e+00 1.004500000000000028e+02 9.140000000000000568e+00 3.669999999999999929e+00 -7.650000000000000000e+01 -7.650000000000000355e+00 0.000000000000000000e+00 -4.492000000000000171e+01 1.341299999999999955e+02
-3.540999999999999659e+01 0.000000000000000000e+00 6.211999999999999744e+01 -2.113799999999999955e+02 -7.339999999999999858e+00 -1.851500000000000057e+02 1.449699999999999989e+02 0.000000000000000000e+00 3.279999999999999805e+00 6.756000000000000227e+01
-1.038299999999999983e+02 0.000000000000000000e+00 -3.614999999999999858e+01 -6.989000000000000057e+01 2.244999999999999929e+01 -9.537999999999999545e+01 -8.360999999999999943e+01 0.000000000000000000e+00 5.950000000000000178e+00 8.089000000000000057e+01
3.964000000000000057e+01 0.000000000000000000e+00 -4.529999999999999716e+01 -1.150000000000000000e+01 -3.709999999999999964e+00 1.440500000000000114e+02 -4.250999999999999801e+01 0.000000000000000000e+00 -1.651999999999999957e+01 -1.660999999999999943e+01
7.665999999999999659e+01 0.000000000000000000e+00 -4.188000000000000256e+01 -2.037000000000000099e+01 3.549999999999999822e+00 9.307999999999999829e+01 1.983899999999999864e+02 0.000000000000000000e+00 -3.439999999999999947e+00 -4.169999999999999929e+00
-2.051999999999999957e+01 0.000000000000000000e+00 -9.439999999999999503e+00 -2.901000000000000156e+01 -5.929999999999999716e+00 5.714999999999999858e+01 -3.957999999999999829e+01 0.000000000000000000e+00 5.500000000000000444e-01 -1.143100000000000023e+02
-4.654999999999999716e+01 0.000000000000000000e+00 -4.422999999999999687e+01 3.690999999999999659e+01 -9.060000000000000497e+00 -1.134899999999999949e+02 -7.515999999999999659e+01 0.000000000000000000e+00 -3.569999999999999840e+00 -8.489000000000000057e+01
1.016000000000000014e+01 0.000000000000000000e+00 5.259000000000000341e+01 5.824000000000000199e+01 1.058999999999999986e+01 -1.002199999999999989e+02 -8.521999999999999886e+01 0.000000000000000000e+00 3.176999999999999957e+01 3.414999999999999858e+01
5.968999999999999773e+01 0.000000000000000000e+00 -4.225999999999999801e+01 9.551000000000000512e+01 7.500000000000000000e-01 -5.000000000000000000e+01 -8.514000000000000057e+01 0.000000000000000000e+00 -5.259000000000000341e+01 4.207999999999999829e+01
-4.617999999999999972e+01 0.000000000000000000e+00 1.313000000000000078e+01 -2.198999999999999844e+01 -9.919999999999999929e+00 1.286599999999999966e+02 1.870999999999999943e+02 0.000000000000000000e+00 -5.670000000000000284e+01 1.156099999999999994e+02
-2.076999999999999957e+01 0.000000000000000000e+00 -1.147500000000000000e+02 8.949999999999999289e+00 1.960999999999999943e+01 -5.477000000000000313e+01 1.020000000000000018e+00 0.000000000000000000e+00 2.976999999999999957e+01 -6.075000000000000000e+01
-1.350999999999999943e+02 0.000000000000000000e+00 4.425999999999999801e+01 9.037000000000000455e+01 2.509999999999999787e+00 1.511399999999999864e+02 6.728000000000000114e+01 0.000000000000000000e+00 5.163000000000000256e+01 -2.585999999999999943e+01
4.818999999999999773e+01 0.000000000000000000e+00 3.932999999999999829e+01 1.109399999999999977e+02 -5.820000000000000284e+00 -2.298000000000000043e+01 -1.065400000000000063e+02 0.000000000000000000e+00 -5.840999999999999659e+01 7.251000000000000512e+01
1.812800000000000011e+02 0.000000000000000000e+00 -1.816000000000000014e+01 1.825399999999999920e+02 -9.550000000000000711e+00 4.135999999999999943e+01 1.079300000000000068e+02 0.000000000000000000e+00 1.629999999999999893e+00 2.175000000000000000e+01
3.757999999999999829e+01 0.000000000000000000e+00 -3.171999999999999886e+01 1.441299999999999955e+02 1.455000000000000071e+01 -1.584799999999999898e+02 1.105000000000000071e+01 0.000000000000000000e+00 7.793000000000000682e+01 1.415000000000000036e+01
-6.150999999999999801e+01 0.000000000000000000e+00 4.053999999999999915e+01 5.071999999999999886e+01 -5.740000000000000213e+00 8.017000000000000171e+01 -3.236999999999999744e+01 0.000000000000000000e+00 -5.106000000000000227e+01 -1.026500000000000057e+02
-6.548999999999999488e+01 0.000000000000000000e+00 1.603999999999999915e+01 1.536999999999999922e+01 -5.419999999999999929e+00 -9.335999999999999943e+01 -5.111999999999999744e+01 0.000000000000000000e+00 -5.096999999999999886e+01 -4.610000000000000142e+01
-6.135999999999999943e+01 0.000000000000000000e+00 5.789000000000000057e+01 1.361899999999999977e+02 -8.779999999999999361e+00 2.086599999999999966e+02 3.046000000000000085e+01 0.000000000000000000e+00 4.200000000000000000e+01 8.445000000000000284e+01
5.864000000000000057e+01 0.000000000000000000e+00 -8.106000000000000227e+01 1.863199999999999932e+02 2.800000000000000000e+01 -1.327800000000000011e+02 1.078299999999999983e+02 0.000000000000000000e+00 3.178000000000000114e+01 8.240999999999999659e+01
-2.971000000000000085e+01 0.000000000000000000e+00 1.441999999999999993e+01 1.502599999999999909e+02 -1.556000000000000050e+01 -2.060000000000000000e+02 -1.473000000000000043e+01 0.000000000000000000e+00 5.929999999999999716e+00 4.427000000000000313e+01
6.825000000000000000e+01 0.000000000000000000e+00 5.769999999999999574e+00 1.033599999999999994e+02 -3.120000000000000107e+00 1.994900000000000091e+02 -1.254899999999999949e+02 0.000000000000000000e+00 -3.012999999999999901e+01 1.610000000000000142e+01
5.420000000000000284e+01 0.000000000000000000e+00 -6.790000000000000036e+00 -3.879999999999999893e+00 4.780000000000000249e+00 9.770000000000000284e+01 3.900000000000000133e-01 0.000000000000000000e+00 -4.100999999999999801e+01 -3.717000000000000171e+01
-1.812000000000000099e+01 0.000000000000000000e+00 -8.792000000000000171e+01 4.674000000000000199e+01 -5.940000000000000391e+00 1.112000000000000028e+02 -9.259000000000000341e+01 0.000000000000000000e+00 -6.121999999999999886e+01 -2.522199999999999989e+02
-1.749499999999999886e+02 0.000000000000000000e+00 -4.895000000000000284e+01 1.235600000000000023e+02 -1.325000000000000000e+01 -2.568600000000000136e+02 1.610399999999999920e+02 0.000000000000000000e+00 1.907999999999999829e+01 -5.259999999999999787e+00
1.177399999999999949e+02 0.000000000000000000e+00 6.110999999999999943e+01 1.115199999999999960e+02 8.060000000000000497e+00 -1.804399999999999977e+02 1.272500000000000000e+02 0.000000000000000000e+00 1.135100000000000051e+02 1.117300000000000040e+02
6.160000000000000142e+01 0.000000000000000000e+00 7.264000000000000057e+01 8.018000000000000682e+01 -2.180000000000000160e+00 1.281999999999999886e+02 -7.240000000000000568e+01 0.000000000000000000e+00 4.589999999999999858e+00 1.824099999999999966e+02
-3.339000000000000057e+01 0.000000000000000000e+00 3.502000000000000313e+01 2.292999999999999972e+01 1.723999999999999844e+01 1.322899999999999920e+02 -2.871999999999999886e+01 0.000000000000000000e+00 -2.799999999999999822e+00 7.190999999999999659e+01
-9.576999999999999602e+01 0.000000000000000000e+00 -8.014000000000000057e+01 -6.782999999999999829e+01 -1.560000000000000053e+00 -6.147999999999999687e+01 -7.045000000000000284e+01 0.000000000000000000e+00 -1.244599999999999937e+02 -1.750300000000000011e+02
-8.259999999999999787e+00 0.000000000000000000e+00 7.395000000000000284e+01 -3.527000000000000313e+01 -3.890000000000000124e+00 -6.239000000000000057e+01 7.143000000000000682e+01 0.000000000000000000e+00 1.119999999999999929e+01 -1.184599999999999937e+02
1.082600000000000051e+02 0.000000000000000000e+00 3.300999999999999801e+01 4.699999999999999734e-01 -6.320000000000000284e+00 3.850999999999999801e+01 -5.825000000000000000e+01 0.000000000000000000e+00 1.112800000000000011e+02 -4.089000000000000057e+01
8.921999999999999886e+01 0.000000000000000000e+00 1.923000000000000043e+01 1.161999999999999922e+01 6.360000000000000320e+00 1.142300000000000040e+02 1.453100000000000023e+02 0.000000000000000000e+00 -2.117999999999999972e+01 1.752400000000000091e+02
-3.874000000000000199e+01 0.000000000000000000e+00 1.250000000000000000e+00 -7.204999999999999716e+01 6.389999999999999680e+00 -2.037100000000000080e+02 -7.820999999999999375e+01 0.000000000000000000e+00 -5.250999999999999801e+01 8.256000000000000227e+01
-1.913700000000000045e+02 0.000000000000000000e+00 1.848999999999999844e+01 -1.174399999999999977e+02 -8.380000000000000782e+00 1.543199999999999932e+02 -7.704999999999999716e+01 0.000000000000000000e+00 5.267999999999999972e+01 -1.335399999999999920e+02
1.482000000000000028e+01 0.000000000000000000e+00 2.439999999999999947e+00 -8.996999999999999886e+01 3.839999999999999858e+00 -1.708700000000000045e+02 4.229999999999999716e+01 0.000000000000000000e+00 -4.675999999999999801e+01 -6.426999999999999602e+01
3.418999999999999773e+01 0.000000000000000000e+00 -1.348000000000000043e+01 -1.471800000000000068e+02 -1.444999999999999929e+01 8.987000000000000455e+01 -9.548999999999999488e+01 0.000000000000000000e+00 -4.097999999999999687e+01 -1.040000000000000036e+00
1.065499999999999972e+02 0.000000000000000000e+00 -4.836999999999999744e+01 -8.801999999999999602e+01 1.657999999999999829e+01 -1.002999999999999972e+02 -2.723000000000000043e+01 0.000000000000000000e+00 5.528000000000000114e+01 -4.599999999999999645e+00
5.921000000000000085e+01 0.000000000000000000e+00 3.203000000000000114e+01 -2.450000000000000178e+00 -1.268999999999999950e+01 -9.984000000000000341e+01 -5.125000000000000000e+01 0.000000000000000000e+00 5.297999999999999687e+01 4.299999999999999933e-01
-7.381000000000000227e+01 0.000000000000000000e+00 7.020999999999999375e+01 1.250999999999999979e+01 6.400000000000000355e+00 1.655099999999999909e+02 1.271899999999999977e+02 0.000000000000000000e+00 -8.228000000000000114e+01 -8.915999999999999659e+01
-4.846000000000000085e+01 0.000000000000000000e+00 2.982999999999999829e+01 -1.513600000000000136e+02 2.999999999999999889e-01 2.014999999999999858e+01 6.935999999999999943e+01 0.000000000000000000e+00 -4.389999999999999680e+00 9.720000000000000284e+01
2.135000000000000142e+01 0.000000000000000000e+00 -5.949000000000000199e+01 -1.359900000000000091e+02 -7.910000000000000142e+00 -1.544199999999999875e+02 -3.822999999999999687e+01 0.000000000000000000e+00 4.084000000000000341e+01 7.232999999999999829e+01
-6.450000000000000178e+00 0.000000000000000000e+00 -6.299000000000000199e+01 1.757000000000000028e+01 8.759999999999999787e+00 -8.853000000000000114e+01 1.231299999999999955e+02 0.000000000000000000e+00 -4.653000000000000114e+01 -3.852000000000000313e+01
-2.519000000000000128e+01 0.000000000000000000e+00 4.075000000000000000e+01 8.664000000000000057e+01 9.410000000000000142e+00 3.277000000000000313e+01 -1.155900000000000034e+02 0.000000000000000000e+00 5.700000000000000178e+00 4.082000000000000028e+01
3.295000000000000284e+01 0.000000000000000000e+00 6.912000000000000455e+01 1.419399999999999977e+02 -8.939999999999999503e+00 2.133899999999999864e+02 1.435500000000000114e+02 0.000000000000000000e+00 6.815999999999999659e+01 -9.085999999999999943e+01
-8.769999999999999574e+00 0.000000000000000000e+00 3.191000000000000014e+01 6.951000000000000512e+01 -1.066999999999999993e+01 1.660999999999999943e+01 -1.249699999999999989e+02 0.000000000000000000e+00 6.849999999999999645e+00 6.743000000000000682e+01
-2.310000000000000142e+01 0.000000000000000000e+00 -1.229899999999999949e+02 2.119999999999999929e+01 4.089999999999999858e+00 -1.182600000000000051e+02 7.376000000000000512e+01 0.000000000000000000e+00 -1.300000000000000044e+00 -1.144999999999999929e+01
-5.470000000000000284e+01 0.000000000000000000e+00 -4.360999999999999943e+01 1.187399999999999949e+02 7.799999999999999822e+00 -8.504000000000000625e+01 3.479999999999999716e+01 0.000000000000000000e+00 -7.590000000000000568e+01 6.451999999999999602e+01
1.659999999999999920e+00 0.000000000000000000e+00 -3.702000000000000313e+01 9.400000000000000000e+01 -1.122000000000000064e+01 1.204599999999999937e+02 -6.565999999999999659e+01 0.000000000000000000e+00 2.269000000000000128e+01 -8.362000000000000455e+01
-4.309000000000000341e+01 0.000000000000000000e+00 5.053000000000000114e+01 8.456000000000000227e+01 4.610000000000000320e+00 -8.829000000000000625e+01 7.253000000000000114e+01 0.000000000000000000e+00 4.818999999999999773e+01 1.409999999999999964e+01
-2.591000000000000014e+01 0.000000000000000000e+00 -2.823999999999999844e+01 1.502100000000000080e+02 -1.828999999999999915e+01 3.609000000000000341e+01 -9.499999999999999556e-01 0.000000000000000000e+00 -1.534999999999999964e+01 -4.877000000000000313e+01
3.492999999999999972e+01 0.000000000000000000e+00 -6.135000000000000142e+01 1.208799999999999955e+02 1.530000000000000071e+01 -5.796999999999999886e+01 -4.286999999999999744e+01 0.000000000000000000e+00 -3.117000000000000171e+01 -7.212999999999999545e+01
-8.000000000000000444e-01 0.000000000000000000e+00 -2.412000000000000099e+01 -2.062999999999999901e+01 -7.889999999999999680e+00 1.262600000000000051e+02 -1.464000000000000057e+02 0.000000000000000000e+00 3.100000000000000089e+00 1.581100000000000136e+02
-1.979999999999999982e+00 0.000000000000000000e+00 -2.819999999999999840e+00 1.817999999999999972e+01 1.612999999999999901e+01 -1.196500000000000057e+02 2.314000000000000057e+02 0.000000000000000000e+00 2.764999999999999858e+01 -3.217000000000000171e+01
9.329000000000000625e+01 0.000000000000000000e+00 -7.190000000000000568e+01 3.992000000000000171e+01 9.599999999999999645e+00 -1.714000000000000057e+01 -2.951000000000000156e+01 0.000000000000000000e+00 1.603999999999999915e+01 2.028000000000000114e+01
-1.233900000000000006e+02 0.000000000000000000e+00 -9.331999999999999318e+01 -8.945000000000000284e+01 -2.042999999999999972e+01 2.923000000000000043e+01 -4.745000000000000284e+01 0.000000000000000000e+00 -6.050000000000000000e+01 -1.519300000000000068e+02
6.160000000000000142e+00 0.000000000000000000e+00 -1.625000000000000000e+01 2.944999999999999929e+01 -1.607999999999999829e+01 1.371999999999999886e+02 -7.126000000000000512e+01 0.000000000000000000e+00 1.177999999999999936e+01 1.159099999999999966e+02
-1.659999999999999920e+00 0.000000000000000000e+00 -1.932000000000000028e+01 -2.880999999999999872e+01 2.498000000000000043e+01 -2.281999999999999886e+02 1.971999999999999886e+01 0.000000000000000000e+00 5.564000000000000057e+01 1.883999999999999986e+01
1.022399999999999949e+02 0.000000000000000000e+00 -4.542000000000000171e+01 3.585000000000000142e+01 6.440000000000000391e+00 -1.053499999999999943e+02 1.559699999999999989e+02 0.000000000000000000e+00 -5.149000000000000199e+01 3.520000000000000018e+00
-3.939999999999999947e+00 0.000000000000000000e+00 3.160000000000000142e+00 -1.370200000000000102e+02 -9.300000000000000488e-01 3.263999999999999773e+02 -4.136999999999999744e+01 0.000000000000000000e+00 8.526999999999999602e+01 7.910000000000000142e+00
5.706000000000000227e+01 0.000000000000000000e+00 -4.835000000000000142e+01 -1.442500000000000000e+02 8.259999999999999787e+00 1.544999999999999929e+01 4.271999999999999886e+01 0.000000000000000000e+00 -3.057000000000000028e+01 -8.079999999999999716e+01
-1.620600000000000023e+02 0.000000000000000000e+00 -8.128000000000000114e+01 -1.461100000000000136e+02 -3.671999999999999886e+01 -2.081299999999999955e+02 -2.245099999999999909e+02 0.000000000000000000e+00 -1.005199999999999960e+02 -7.018000000000000682e+01
-1.203100000000000023e+02 0.000000000000000000e+00 -6.040000000000000036e+00 -1.167000000000000028e+02 -6.099999999999999645e+00 -9.829999999999999716e+01 9.432999999999999829e+01 0.000000000000000000e+00 -2.480999999999999872e+01 2.242999999999999972e+01
4.786999999999999744e+01 0.000000000000000000e+00 8.367000000000000171e+01 -5.074000000000000199e+01 2.694999999999999929e+01 2.748000000000000043e+01 -3.970000000000000195e+00 0.000000000000000000e+00 1.007300000000000040e+02 9.920999999999999375e+01
1.534000000000000057e+02 0.000000000000000000e+00 1.384999999999999964e+01 -6.625000000000000000e+01 3.099999999999999978e-01 1.479900000000000091e+02 -8.259999999999999432e+01 0.000000000000000000e+00 9.349999999999999645e+00 2.423999999999999844e+01
-5.640999999999999659e+01 0.000000000000000000e+00 1.377899999999999920e+02 -3.103000000000000114e+01 -2.050000000000000000e+01 1.099000000000000021e+01 1.512800000000000011e+02 0.000000000000000000e+00 1.100000000000000006e-01 -1.047199999999999989e+02
-7.467000000000000171e+01 0.000000000000000000e+00 2.994000000000000128e+01 -3.768999999999999773e+01 6.200000000000000178e+00 -2.074499999999999886e+02 5.954999999999999716e+01 0.000000000000000000e+00 -1.310000000000000053e+00 -8.089000000000000057e+01
-5.360000000000000320e+00 0.000000000000000000e+00 1.857199999999999989e+02 -2.800000000000000266e-01 9.399999999999999467e-01 4.689999999999999858e+01 2.378999999999999915e+01 0.000000000000000000e+00 -2.246999999999999886e+01 1.657199999999999989e+02
5.071000000000000085e+01 0.000000000000000000e+00 -4.925999999999999801e+01 -1.967000000000000171e+01 2.100000000000000089e+00 9.830000000000000071e+00 -2.162299999999999898e+02 0.000000000000000000e+00 -8.632999999999999829e+01 -2.008999999999999986e+01
6.210999999999999943e+01 0.000000000000000000e+00 -1.106000000000000050e+01 2.251999999999999957e+01 -2.779999999999999805e+00 2.098000000000000043e+01 -1.807000000000000028e+01 0.000000000000000000e+00 1.073400000000000034e+02 -4.377000000000000313e+01
-1.372000000000000064e+01 0.000000000000000000e+00 4.693999999999999773e+01 1.372500000000000000e+02 -1.870000000000000107e+00 -1.942999999999999972e+01 1.422500000000000000e+02 0.000000000000000000e+00 3.403000000000000114e+01 -3.731000000000000227e+01
-8.523000000000000398e+01 0.000000000000000000e+00 2.980999999999999872e+01 4.453999999999999915e+01 1.949999999999999956e+00 -1.910999999999999943e+01 6.360000000000000142e+01 0.000000000000000000e+00 -8.439999999999999503e+00 -4.575000000000000000e+01
-1.853000000000000114e+01 0.000000000000000000e+00 8.595000000000000284e+01 -5.943999999999999773e+01 -1.948999999999999844e+01 7.471999999999999886e+01 5.153000000000000114e+01 0.000000000000000000e+00 -4.453999999999999915e+01 6.550000000000000000e+01
6.335000000000000142e+01 0.000000000000000000e+00 -4.146999999999999886e+01 1.607000000000000028e+01 -6.500000000000000222e-01 3.802000000000000313e+01 -4.507000000000000028e+01 0.000000000000000000e+00 4.424000000000000199e+01 3.536999999999999744e+01
4.359000000000000341e+01 0.000000000000000000e+00 -5.599999999999999645e+00 6.765000000000000568e+01 1.432000000000000028e+01 -9.259000000000000341e+01 -8.165000000000000568e+01 0.000000000000000000e+00 1.121000000000000085e+01 -9.134000000000000341e+01
-3.567000000000000171e+01 0.000000000000000000e+00 -8.960000000000000853e+00 3.335999999999999943e+01 1.075999999999999979e+01 2.723000000000000043e+01 -1.190000000000000036e+01 0.000000000000000000e+00 -1.635999999999999943e+01 7.240000000000000213e+00
-2.694000000000000128e+01 0.000000000000000000e+00 -5.168999999999999773e+01 -7.551000000000000512e+01 -1.027999999999999936e+01 -4.117000000000000171e+01 9.981000000000000227e+01 0.000000000000000000e+00 -6.214000000000000057e+01 3.642000000000000171e+01
5.740000000000000213e+00 0.000000000000000000e+00 8.839999999999999858e+00 -5.896999999999999886e+01 -2.101000000000000156e+01 -1.080999999999999943e+02 8.581999999999999318e+01 0.000000000000000000e+00 -6.164000000000000057e+01 -7.832999999999999829e+01
-8.201000000000000512e+01 0.000000000000000000e+00 -7.910000000000000142e+00 1.159399999999999977e+02 4.160000000000000142e+00 1.857599999999999909e+02 -1.284499999999999886e+02 0.000000000000000000e+00 5.238000000000000256e+01 2.081299999999999955e+02
7.768999999999999773e+01 0.000000000000000000e+00 9.781999999999999318e+01 1.858700000000000045e+02 1.307000000000000028e+01 -3.267999999999999972e+01 3.371999999999999886e+01 0.000000000000000000e+00 5.350000000000000000e+01 -9.295000000000000284e+01
9.629000000000000625e+01 0.000000000000000000e+00 6.959999999999999432e+01 8.893000000000000682e+01 3.089999999999999858e+00 -1.972100000000000080e+02 -7.500000000000000000e+01 0.000000000000000000e+00 5.060999999999999943e+01 -1.392500000000000000e+02
-5.928000000000000114e+01 0.000000000000000000e+00 1.496000000000000085e+01 8.915000000000000568e+01 -8.539999999999999147e+00 -2.328000000000000114e+02 1.799999999999999933e-01 0.000000000000000000e+00 -5.353000000000000114e+01 2.280000000000000071e+01
-1.011299999999999955e+02 0.000000000000000000e+00 -8.917000000000000171e+01 2.385200000000000102e+02 -1.792000000000000171e+01 3.308799999999999955e+02 1.206599999999999966e+02 0.000000000000000000e+00 -1.082399999999999949e+02 2.014999999999999858e+01
-7.973999999999999488e+01 0.000000000000000000e+00 -9.300000000000000711e+00 1.134000000000000057e+02 5.379999999999999893e+00 2.438700000000000045e+02 8.785999999999999943e+01 0.000000000000000000e+00 8.129999999999999716e+01 8.709000000000000341e+01
1.927599999999999909e+02 0.000000000000000000e+00 6.385000000000000142e+01 1.076899999999999977e+02 6.440000000000000391e+00 -7.987999999999999545e+01 -1.253499999999999943e+02 0.000000000000000000e+00 -1.513000000000000078e+01 -5.264000000000000057e+01
1.910699999999999932e+02 0.000000000000000000e+00 -9.820000000000000284e+00 1.158299999999999983e+02 3.620000000000000107e+00 -3.161999999999999886e+02 -9.580000000000000071e+00 0.000000000000000000e+00 -2.976999999999999957e+01 -3.610000000000000142e+01
-1.296999999999999886e+02 0.000000000000000000e+00 -4.127000000000000313e+01 1.451899999999999977e+02 1.169999999999999929e+00 2.158899999999999864e+02 3.731000000000000227e+01 0.000000000000000000e+00 2.700000000000000000e+01 -3.142999999999999972e+01
-2.163100000000000023e+02 0.000000000000000000e+00 1.910999999999999943e+01 2.015399999999999920e+02 -4.780000000000000249e+00 1.367800000000000011e+02 1.463899999999999864e+02 0.000000000000000000e+00 2.242999999999999972e+01 1.133999999999999986e+01
-3.050000000000000000e+01 0.000000000000000000e+00 -9.169999999999999929e+00 8.759999999999999432e+01 -1.348000000000000043e+01 -1.598100000000000023e+02 7.150000000000000355e+00 0.000000000000000000e+00 -4.674000000000000199e+01 9.406999999999999318e+01
1.754300000000000068e+02 0.000000000000000000e+00 -4.735999999999999943e+01 7.623999999999999488e+01 2.223999999999999844e+01 -1.011700000000000017e+02 -2.755000000000000071e+01 0.000000000000000000e+00 5.879999999999999893e+00 9.451999999999999602e+01
7.571999999999999886e+01 0.000000000000000000e+00 -5.242000000000000171e+01 2.178999999999999915e+01 -7.620000000000000107e+00 2.187000000000000099e+01 -2.822200000000000273e+02 0.000000000000000000e+00 -1.614999999999999858e+01 -6.978000000000000114e+01
-7.264000000000000057e+01 0.000000000000000000e+00 1.923999999999999844e+01 -2.330000000000000071e+00 -9.289999999999999147e+00 1.477400000000000091e+02 1.732400000000000091e+02 0.000000000000000000e+00 -4.860000000000000320e+00 -1.347400000000000091e+02
-1.026299999999999955e+02 0.000000000000000000e+00 4.410000000000000142e+00 -2.194000000000000128e+01 6.889999999999999680e+00 3.133999999999999986e+01 1.055400000000000063e+02 0.000000000000000000e+00 1.723000000000000043e+01 8.509999999999999432e+01
-2.391000000000000014e+01 0.000000000000000000e+00 -1.144699999999999989e+02 -2.426999999999999957e+01 3.189999999999999947e+00 -1.233599999999999994e+02 -5.302000000000000313e+01 0.000000000000000000e+00 -4.642999999999999972e+01 -1.002399999999999949e+02
1.096099999999999994e+02 0.000000000000000000e+00 -5.142000000000000171e+01 -9.700000000000000000e+01 -1.139000000000000057e+01 -9.967000000000000171e+01 -7.120000000000000284e+01 0.000000000000000000e+00 4.745000000000000284e+01 2.328000000000000114e+01
2.549999999999999822e+00 0.000000000000000000e+00 5.792000000000000171e+01 -1.146500000000000057e+02 -1.499999999999999944e-01 5.881000000000000227e+01 4.036999999999999744e+01 0.000000000000000000e+00 7.159999999999999432e+01 8.234999999999999432e+01
-7.706999999999999318e+01 0.000000000000000000e+00 6.059000000000000341e+01 -1.139699999999999989e+02 -3.830000000000000071e+00 -7.589999999999999858e+00 -3.571000000000000085e+01 0.000000000000000000e+00 -3.438000000000000256e+01 5.646000000000000085e+01
-2.480000000000000071e+01 0.000000000000000000e+00 -9.196999999999999886e+01 -1.742199999999999989e+02 9.369999999999999218e+00 -6.311999999999999744e+01 3.657000000000000028e+01 0.000000000000000000e+00 -1.036400000000000006e+02 -5.200000000000000178e-01
1.266999999999999993e+01 0.000000000000000000e+00 -1.319900000000000091e+02 -1.324300000000000068e+02 3.500000000000000000e+00 1.544000000000000057e+02 -9.084999999999999432e+01 0.000000000000000000e+00 -3.727000000000000313e+01 -1.220600000000000023e+02
8.206999999999999318e+01 0.000000000000000000e+00 1.601000000000000156e+01 -6.163000000000000256e+01 2.419999999999999929e+00 1.174399999999999977e+02 5.440999999999999659e+01 0.000000000000000000e+00 6.096999999999999886e+01 -1.520000000000000018e+00
2.201000000000000156e+01 0.000000000000000000e+00 1.303100000000000023e+02 6.951000000000000512e+01 -8.689999999999999503e+00 -2.183799999999999955e+02 5.407000000000000028e+01 0.000000000000000000e+00 2.382000000000000028e+01 3.795000000000000284e+01
-4.810000000000000142e+01 0.000000000000000000e+00 5.210999999999999943e+01 -1.842000000000000171e+01 -2.950000000000000178e+00 -2.530500000000000114e+02 2.214000000000000057e+01 0.000000000000000000e+00 -1.041000000000000014e+01 7.800000000000000266e-01
-4.429999999999999716e+00 0.000000000000000000e+00 -4.399000000000000199e+01 -9.664000000000000057e+01 -8.449999999999999289e+00 1.159800000000000040e+02 -1.148000000000000043e+01 0.000000000000000000e+00 -4.975000000000000000e+01 -3.410000000000000142e+00
9.630000000000000782e+00 0.000000000000000000e+00 -1.405600000000000023e+02 -1.099300000000000068e+02 6.669999999999999929e+00 1.331800000000000068e+02 5.879999999999999893e+00 0.000000000000000000e+00 3.025000000000000000e+01 -2.653999999999999915e+01
-8.245999999999999375e+01 0.000000000000000000e+00 6.315999999999999659e+01 -5.213000000000000256e+01 1.760000000000000009e+00 -3.069000000000000128e+01 -4.249000000000000199e+01 0.000000000000000000e+00 2.537000000000000099e+01 6.445000000000000284e+01
1.302999999999999936e+01 0.000000000000000000e+00 4.045000000000000284e+01 -2.367999999999999972e+01 -6.009999999999999787e+00 -6.557999999999999829e+01 4.331000000000000227e+01 0.000000000000000000e+00 6.678000000000000114e+01 -4.807999999999999829e+01
7.456999999999999318e+01 0.000000000000000000e+00 3.778999999999999915e+01 -3.012999999999999901e+01 5.509999999999999787e+00 -7.646999999999999886e+01 -4.132000000000000028e+01 0.000000000000000000e+00 -6.063000000000000256e+01 2.378000000000000114e+01
7.785999999999999943e+01 0.000000000000000000e+00 -7.648999999999999488e+01 -1.108599999999999994e+02 -4.530000000000000249e+00 1.161599999999999966e+02 -9.429999999999999716e+00 0.000000000000000000e+00 -1.280000000000000071e+01 -1.142600000000000051e+02
-5.532000000000000028e+01 0.000000000000000000e+00 5.731000000000000227e+01 -1.258900000000000006e+02 -1.597000000000000064e+01 -8.115999999999999659e+01 -5.914000000000000057e+01 0.000000000000000000e+00 -4.845000000000000284e+01 8.823999999999999488e+01
-4.831000000000000227e+01 0.000000000000000000e+00 1.383000000000000007e+01 -4.790999999999999659e+01 3.950000000000000178e+00 -2.308100000000000023e+02 5.974000000000000199e+01 0.000000000000000000e+00 -1.930000000000000071e+01 6.175000000000000000e+01
4.543999999999999773e+01 0.000000000000000000e+00 5.385000000000000142e+01 1.522000000000000064e+01 1.762000000000000099e+01 -6.645999999999999375e+01 6.495000000000000284e+01 0.000000000000000000e+00 6.159000000000000341e+01 -5.127000000000000313e+01
3.101000000000000156e+01 0.000000000000000000e+00 -1.971999999999999886e+01 1.955000000000000071e+01 -3.609999999999999876e+00 2.087100000000000080e+02 -9.509999999999999432e+01 0.000000000000000000e+00 1.402999999999999936e+01 -2.439999999999999947e+00
-3.593999999999999773e+01 0.000000000000000000e+00 -4.849999999999999645e+00 4.011999999999999744e+01 -6.200000000000000178e+00 1.053499999999999943e+02 -7.578000000000000114e+01 0.000000000000000000e+00 1.600000000000000033e-01 1.781899999999999977e+02
-2.732000000000000028e+01 0.000000000000000000e+00 3.450999999999999801e+01 -3.218999999999999773e+01 -5.480000000000000426e+00 -9.129999999999999716e+01 -1.079399999999999977e+02 0.000000000000000000e+00 -8.620999999999999375e+01 -7.154000000000000625e+01
2.189999999999999947e+00 0.000000000000000000e+00 1.989000000000000057e+01 -7.676999999999999602e+01 1.219999999999999929e+01 -2.860000000000000142e+01 1.928600000000000136e+02 0.000000000000000000e+00 5.428000000000000114e+01 -1.507100000000000080e+02
1.742999999999999972e+01 0.000000000000000000e+00 5.647999999999999687e+01 5.330000000000000071e+00 3.689999999999999947e+00 -6.431999999999999318e+01 -2.020000000000000018e+00 0.000000000000000000e+00 1.573000000000000043e+01 6.332999999999999829e+01
-2.640000000000000124e+00 0.000000000000000000e+00 7.726999999999999602e+01 7.923999999999999488e+01 2.999999999999999889e-01 1.106700000000000017e+02 -1.202500000000000000e+02 0.000000000000000000e+00 7.484000000000000341e+01 1.937999999999999901e+01
-4.178999999999999915e+01 0.000000000000000000e+00 6.207999999999999829e+01 6.149000000000000199e+01 -1.290000000000000036e+00 -1.989000000000000057e+01 2.728999999999999915e+01 0.000000000000000000e+00 -7.729000000000000625e+01 -1.086099999999999994e+02
-4.502000000000000313e+01 0.000000000000000000e+00 4.572999999999999687e+01 8.575000000000000000e+01 -1.179999999999999938e+00 -1.786599999999999966e+02 -2.817000000000000171e+01 0.000000000000000000e+00 4.321000000000000085e+01 6.745000000000000284e+01
3.827000000000000313e+01 0.000000000000000000e+00 -4.729999999999999716e+01 1.316000000000000014e+01 -1.105000000000000071e+01 2.537999999999999901e+01 9.218000000000000682e+01 0.000000000000000000e+00 -5.407000000000000028e+01 1.430500000000000114e+02
7.443000000000000682e+01 0.000000000000000000e+00 -1.255000000000000071e+01 1.410999999999999943e+01 8.490000000000000213e+00 1.537400000000000091e+02 -1.223900000000000006e+02 0.000000000000000000e+00 3.310999999999999943e+01 4.463000000000000256e+01
-6.989000000000000057e+01 0.000000000000000000e+00 9.912000000000000455e+01 9.775000000000000000e+01 -1.250000000000000000e+00 9.976999999999999602e+01 -1.572800000000000011e+02 0.000000000000000000e+00 -1.199000000000000021e+01 -2.353899999999999864e+02
-1.177399999999999949e+02 0.000000000000000000e+00 5.628999999999999915e+01 1.562800000000000011e+02 1.278999999999999915e+01 -9.765000000000000568e+01 1.409799999999999898e+02 0.000000000000000000e+00 1.655000000000000071e+01 -6.442000000000000171e+01
5.624000000000000199e+01 0.000000000000000000e+00 2.619999999999999929e+01 1.295200000000000102e+02 1.086999999999999922e+01 -1.356299999999999955e+02 2.239999999999999858e+01 0.000000000000000000e+00 1.439999999999999947e+00 1.319099999999999966e+02
5.171000000000000085e+01 0.000000000000000000e+00 -3.629999999999999716e+01 1.486899999999999977e+02 -2.735999999999999943e+01 -8.054000000000000625e+01 -1.644999999999999929e+01 0.000000000000000000e+00 -3.440999999999999659e+01 4.700999999999999801e+01
5.317999999999999972e+01 0.000000000000000000e+00 4.875000000000000000e+01 9.269999999999999574e+00 -3.089999999999999858e+00 1.601200000000000045e+02 -2.301999999999999886e+02 0.000000000000000000e+00 5.454999999999999716e+01 -8.914000000000000057e+01
-1.208999999999999986e+01 0.000000000000000000e+00 4.635999999999999943e+01 3.756000000000000227e+01 6.230000000000000426e+00 -7.651999999999999602e+01 -1.978000000000000114e+01 0.000000000000000000e+00 -1.505000000000000071e+01 -6.111999999999999744e+01
-2.912999999999999901e+01 0.000000000000000000e+00 6.573000000000000398e+01 7.315000000000000568e+01 1.835999999999999943e+01 -1.287100000000000080e+02 2.231100000000000136e+02 0.000000000000000000e+00 1.937000000000000099e+01 6.798000000000000398e+01
2.439999999999999947e+00 0.000000000000000000e+00 -1.310999999999999943e+01 1.502700000000000102e+02 -3.689999999999999947e+00 2.102899999999999920e+02 3.203000000000000114e+01 0.000000000000000000e+00 6.209999999999999964e+00 2.251699999999999875e+02
-1.502599999999999909e+02 0.000000000000000000e+00 -1.185799999999999983e+02 9.081000000000000227e+01 -4.019999999999999574e+00 1.605399999999999920e+02 -2.538100000000000023e+02 0.000000000000000000e+00 -2.078000000000000114e+01 -1.080600000000000023e+02
1.614000000000000057e+01 0.000000000000000000e+00 -5.846999999999999886e+01 1.771000000000000085e+01 -3.042999999999999972e+01 -1.359499999999999886e+02 -1.008000000000000007e+01 0.000000000000000000e+00 -3.727000000000000313e+01 -2.047700000000000102e+02
7.593999999999999773e+01 0.000000000000000000e+00 1.124000000000000057e+02 -1.110100000000000051e+02 4.709999999999999964e+00 -1.167300000000000040e+02 5.999000000000000199e+01 0.000000000000000000e+00 4.910999999999999943e+01 -2.103600000000000136e+02
4.478000000000000114e+01 0.000000000000000000e+00 2.092999999999999972e+01 -5.118999999999999773e+01 9.859999999999999432e+00 -8.396999999999999886e+01 1.071099999999999994e+02 0.000000000000000000e+00 -4.528000000000000114e+01 1.609399999999999977e+02
-7.426000000000000512e+01 0.000000000000000000e+00 -8.429999999999999716e+00 5.147999999999999687e+01 6.690000000000000391e+00 2.229499999999999886e+02 1.458999999999999986e+01 0.000000000000000000e+00 4.582999999999999829e+01 2.396100000000000136e+02
-7.879999999999999893e+00 0.000000000000000000e+00 -3.490999999999999659e+01 -1.370000000000000107e+00 -2.099999999999999922e-01 -3.817000000000000171e+01 2.498999999999999844e+01 0.000000000000000000e+00 -5.975000000000000000e+01 -2.694000000000000128e+01
2.426999999999999957e+01 0.000000000000000000e+00 2.466000000000000014e+01 -9.945999999999999375e+01 -2.221999999999999886e+01 -9.418999999999999773e+01 -1.742299999999999898e+02 0.000000000000000000e+00 -2.979999999999999982e+00 -3.486999999999999744e+01
4.820000000000000284e+01 0.000000000000000000e+00 -2.367000000000000171e+01 -1.191700000000000017e+02 -1.870000000000000107e+00 1.798999999999999844e+01 8.443999999999999773e+01 0.000000000000000000e+00 2.494000000000000128e+01 -5.703999999999999915e+01
-2.607999999999999829e+01 0.000000000000000000e+00 -2.430000000000000160e+00 -1.719000000000000128e+01 5.080000000000000071e+00 -1.132099999999999937e+02 -8.918999999999999773e+01 0.000000000000000000e+00 2.557000000000000028e+01 -1.229099999999999966e+02
-1.416000000000000014e+01 0.000000000000000000e+00 2.041000000000000014e+01 -7.800000000000000000e+01 -8.240000000000000213e+00 1.721399999999999864e+02 1.130000000000000071e+01 0.000000000000000000e+00 -2.800000000000000000e+01 7.262000000000000455e+01
-2.341000000000000014e+01 0.000000000000000000e+00 -1.776000000000000156e+01 -6.487999999999999545e+01 -6.700000000000000400e-01 2.717300000000000182e+02 8.540000000000000568e+01 0.000000000000000000e+00 -3.300000000000000000e+01 -5.124000000000000199e+01
6.250000000000000000e+00 0.000000000000000000e+00 -1.077999999999999936e+01 -1.192500000000000000e+02 6.019999999999999574e+00 -3.505400000000000205e+02 3.946000000000000085e+01 0.000000000000000000e+00 2.773000000000000043e+01 5.460000000000000142e+01
-4.892999999999999972e+01 0.000000000000000000e+00 5.963000000000000256e+01 -1.504900000000000091e+02 -5.999999999999999778e-01 1.962999999999999901e+01 -4.250000000000000000e+00 0.000000000000000000e+00 3.313000000000000256e+01 8.529000000000000625e+01
3.481000000000000227e+01 0.000000000000000000e+00 -1.213000000000000078e+01 -9.957999999999999829e+01 5.300000000000000266e-01 -1.166599999999999966e+02 -2.410000000000000142e+00 0.000000000000000000e+00 -1.862000000000000099e+01 6.559999999999999609e+00
1.215000000000000036e+01 0.000000000000000000e+00 -3.706000000000000227e+01 -6.610999999999999943e+01 -1.314000000000000057e+01 -4.169999999999999929e+00 -6.901999999999999602e+01 0.000000000000000000e+00 -2.620000000000000107e+00 7.530000000000000249e+00
9.939000000000000057e+01 0.000000000000000000e+00 4.269999999999999574e+00 -5.727000000000000313e+01 -1.425000000000000000e+01 2.392299999999999898e+02 3.879999999999999716e+01 0.000000000000000000e+00 -4.435999999999999943e+01 -1.592299999999999898e+02
-7.973999999999999488e+01 0.000000000000000000e+00 -1.600000000000000000e+01 -1.281500000000000057e+02 1.973999999999999844e+01 1.095999999999999943e+02 5.100000000000000089e-01 0.000000000000000000e+00 -2.676000000000000156e+01 -1.947800000000000011e+02
-9.340000000000000568e+01 0.000000000000000000e+00 -1.230799999999999983e+02 -1.029000000000000057e+02 -3.549999999999999822e+00 -8.235999999999999943e+01 1.739499999999999886e+02 0.000000000000000000e+00 1.514000000000000057e+01 1.659000000000000057e+02
-1.862000000000000099e+01 0.000000000000000000e+00 -5.209999999999999964e+00 -5.384000000000000341e+01 -3.169999999999999929e+00 -3.091999999999999886e+02 2.657000000000000028e+01 0.000000000000000000e+00 -4.299999999999999933e-01 2.405900000000000034e+02
9.131999999999999318e+01 0.000000000000000000e+00 2.903999999999999915e+01 7.859999999999999432e+01 -2.462999999999999901e+01 -1.248400000000000034e+02 -1.444199999999999875e+02 0.000000000000000000e+00 3.110000000000000142e+01 -2.901999999999999957e+01
2.237000000000000099e+01 0.000000000000000000e+00 -2.119999999999999929e+01 -3.939999999999999858e+01 1.167999999999999972e+01 2.756399999999999864e+02 -3.649999999999999911e+00 0.000000000000000000e+00 4.377000000000000313e+01 -1.881699999999999875e+02
1.442999999999999972e+01 0.000000000000000000e+00 -3.116000000000000014e+01 -8.446999999999999886e+01 1.682000000000000028e+01 2.089699999999999989e+02 1.120699999999999932e+02 0.000000000000000000e+00 -8.726000000000000512e+01 3.788000000000000256e+01
2.130000000000000071e+01 0.000000000000000000e+00 -5.168999999999999773e+01 -1.355000000000000071e+01 -2.351000000000000156e+01 -2.226800000000000068e+02 -3.029999999999999805e+00 0.000000000000000000e+00 -7.340000000000000568e+01 -2.826000000000000156e+01
-1.042399999999999949e+02 0.000000000000000000e+00 -9.187000000000000455e+01 -4.661999999999999744e+01 -9.300000000000000488e-01 -7.598999999999999488e+01 -1.093299999999999983e+02 0.000000000000000000e+00 8.949999999999999289e+00 8.834999999999999432e+01
-3.536999999999999744e+01 0.000000000000000000e+00 2.944000000000000128e+01 1.227199999999999989e+02 7.009999999999999787e+00 -1.353999999999999915e+01 -1.851999999999999957e+01 0.000000000000000000e+00 3.381000000000000227e+01 -6.754000000000000625e+01
4.581000000000000227e+01 0.000000000000000000e+00 2.928000000000000114e+01 2.517000000000000171e+01 -2.667999999999999972e+01 9.875000000000000000e+01 4.039000000000000057e+01 0.000000000000000000e+00 4.910000000000000142e+01 -1.036500000000000057e+02
3.614000000000000057e+01 0.000000000000000000e+00 -1.407000000000000028e+01 4.669999999999999929e+00 3.459999999999999964e+00 -7.000000000000000000e+01 1.978799999999999955e+02 0.000000000000000000e+00 -1.230000000000000071e+01 1.012300000000000040e+02
3.021999999999999886e+01 0.000000000000000000e+00 -1.002000000000000028e+02 6.770999999999999375e+01 1.730999999999999872e+01 1.456699999999999875e+02 9.734999999999999432e+01 0.000000000000000000e+00 -5.300000000000000266e-01 7.231999999999999318e+01
1.676000000000000156e+01 0.000000000000000000e+00 -4.647999999999999687e+01 -1.773999999999999844e+01 -1.089000000000000057e+01 9.206000000000000227e+01 -1.085100000000000051e+02 0.000000000000000000e+00 -4.364000000000000057e+01 -2.803999999999999915e+01
-4.875000000000000000e+01 0.000000000000000000e+00 4.560999999999999943e+01 -2.830999999999999872e+01 9.599999999999999645e-01 -2.069600000000000080e+02 -4.099399999999999977e+02 0.000000000000000000e+00 -5.435999999999999943e+01 7.429999999999999716e+00
-1.063900000000000006e+02 0.000000000000000000e+00 -2.519999999999999929e+01 -7.881000000000000227e+01 -8.929999999999999716e+00 -2.268400000000000034e+02 1.853999999999999915e+01 0.000000000000000000e+00 2.326000000000000156e+01 -1.021700000000000017e+02
2.710999999999999943e+01 0.000000000000000000e+00 -2.312000000000000099e+01 1.344999999999999929e+01 -1.637000000000000099e+01 2.738399999999999750e+02 3.719100000000000250e+02 0.000000000000000000e+00 1.013700000000000045e+02 2.416000000000000014e+01
1.650500000000000114e+02 0.000000000000000000e+00 5.371000000000000085e+01 6.504999999999999716e+01 9.390000000000000568e+00 -1.441100000000000136e+02 2.097800000000000011e+02 0.000000000000000000e+00 -2.058999999999999986e+01 1.207999999999999972e+02
-4.400000000000000355e+00 0.000000000000000000e+00 -2.664000000000000057e+01 4.288000000000000256e+01 2.410000000000000142e+00 1.639300000000000068e+02 -1.662599999999999909e+02 0.000000000000000000e+00 -1.960999999999999943e+01 -5.065999999999999659e+01
-1.268799999999999955e+02 0.000000000000000000e+00 -3.171000000000000085e+01 -5.375000000000000000e+01 5.450000000000000178e+00 5.595000000000000284e+01 -1.744099999999999966e+02 0.000000000000000000e+00 -9.826000000000000512e+01 5.570000000000000284e+00
-1.477199999999999989e+02 0.000000000000000000e+00 -1.237999999999999972e+02 -5.671999999999999886e+01 -9.150000000000000355e+00 -1.409300000000000068e+02 -2.202800000000000011e+02 0.000000000000000000e+00 1.524000000000000021e+01 9.076000000000000512e+01
1.079300000000000068e+02 0.000000000000000000e+00 5.772999999999999687e+01 -4.568999999999999773e+01 -7.000000000000000666e-02 -7.004000000000000625e+01 1.821200000000000045e+02 0.000000000000000000e+00 5.754999999999999716e+01 -3.779999999999999805e+00
8.512000000000000455e+01 0.000000000000000000e+00 -4.564999999999999858e+01 -5.092999999999999972e+01 1.439999999999999947e+00 -9.292000000000000171e+01 1.271099999999999994e+02 0.000000000000000000e+00 3.517000000000000171e+01 -1.196299999999999955e+02
-1.097000000000000064e+01 0.000000000000000000e+00 3.155999999999999872e+01 -2.426999999999999957e+01 -1.285999999999999943e+01 -3.828999999999999915e+01 -7.110000000000000320e+00 0.000000000000000000e+00 -4.618999999999999773e+01 -1.184399999999999977e+02
-2.373000000000000043e+01 0.000000000000000000e+00 -3.395000000000000284e+01 1.062999999999999972e+02 4.969999999999999751e+00 1.685699999999999932e+02 -4.739999999999999858e+01 0.000000000000000000e+00 -3.703999999999999915e+01 4.479999999999999716e+01
-1.903000000000000114e+01 0.000000000000000000e+00 -6.573000000000000398e+01 4.532000000000000028e+01 -8.169999999999999929e+00 1.712000000000000099e+01 6.595000000000000284e+01 0.000000000000000000e+00 6.509999999999999432e+01 1.636999999999999886e+02
-1.619000000000000128e+01 0.000000000000000000e+00 -7.184000000000000341e+01 -5.092000000000000171e+01 7.750000000000000000e+00 -7.520999999999999375e+01 6.260000000000000142e+01 0.000000000000000000e+00 -2.953999999999999915e+01 1.384199999999999875e+02
5.797999999999999687e+01 0.000000000000000000e+00 -8.593000000000000682e+01 -5.350000000000000000e+01 4.839999999999999858e+00 -1.399300000000000068e+02 -2.219600000000000080e+02 0.000000000000000000e+00 1.060000000000000053e+00 1.065000000000000036e+01
5.246999999999999886e+01 0.000000000000000000e+00 -1.103999999999999915e+01 8.315000000000000568e+01 4.910000000000000142e+00 -6.300000000000000000e+01 -1.605099999999999909e+02 0.000000000000000000e+00 -1.148000000000000043e+01 -2.577900000000000205e+02
-3.857999999999999829e+01 0.000000000000000000e+00 7.229000000000000625e+01 1.464099999999999966e+02 -4.530000000000000249e+00 3.023600000000000136e+02 1.629900000000000091e+02 0.000000000000000000e+00 1.241200000000000045e+02 1.657999999999999829e+01
-5.979999999999999716e+01 0.000000000000000000e+00 8.287999999999999545e+01 7.223000000000000398e+01 1.449999999999999956e+00 7.292000000000000171e+01 2.674100000000000250e+02 0.000000000000000000e+00 -2.442999999999999972e+01 3.688000000000000256e+01
8.810000000000000497e+00 0.000000000000000000e+00 -4.636999999999999744e+01 -2.060000000000000053e+00 -1.769000000000000128e+01 -3.292500000000000000e+02 -2.257700000000000102e+02 0.000000000000000000e+00 -7.176000000000000512e+01 1.273100000000000023e+02
3.861999999999999744e+01 0.000000000000000000e+00 -7.790999999999999659e+01 -4.500000000000000000e+00 1.160999999999999943e+01 -1.907700000000000102e+02 -9.784000000000000341e+01 0.000000000000000000e+00 -3.889000000000000057e+01 -8.390000000000000568e+01
8.498000000000000398e+01 0.000000000000000000e+00 3.600000000000000000e+01 9.490999999999999659e+01 9.699999999999999289e+00 9.190000000000000568e+01 -2.551000000000000156e+01 0.000000000000000000e+00 2.750000000000000000e+01 -1.110900000000000034e+02
-4.053000000000000114e+01 0.000000000000000000e+00 1.065400000000000063e+02 1.750500000000000114e+02 -4.500000000000000111e-01 3.753899999999999864e+02 1.753100000000000023e+02 0.000000000000000000e+00 7.151000000000000512e+01 2.092999999999999972e+01
-6.735999999999999943e+01 0.000000000000000000e+00 3.019000000000000128e+01 4.678000000000000114e+01 -8.399999999999999689e-01 -6.815000000000000568e+01 2.353000000000000114e+01 0.000000000000000000e+00 -6.359000000000000341e+01 5.875000000000000000e+01
-9.151999999999999602e+01 0.000000000000000000e+00 3.570000000000000284e+01 -1.413000000000000078e+01 -1.539000000000000057e+01 -1.050100000000000051e+02 -1.359699999999999989e+02 0.000000000000000000e+00 -7.693999999999999773e+01 -1.167999999999999972e+02
3.774000000000000199e+01 0.000000000000000000e+00 6.470999999999999375e+01 8.607999999999999829e+01 -1.712000000000000099e+01 -8.879999999999999716e+01 -1.263700000000000045e+02 0.000000000000000000e+00 2.648999999999999844e+01 -3.028999999999999915e+01
2.242000000000000171e+01 0.000000000000000000e+00 -8.442000000000000171e+01 1.668400000000000034e+02 1.310999999999999943e+01 -9.145999999999999375e+01 -1.605000000000000071e+01 0.000000000000000000e+00 3.040000000000000036e+00 -8.820000000000000284e+00
-8.915000000000000568e+01 0.000000000000000000e+00 6.178000000000000114e+01 1.058199999999999932e+02 2.729999999999999982e+00 -9.990000000000000213e+00 1.193599999999999994e+02 0.000000000000000000e+00 8.410000000000000142e+00 -3.489999999999999858e+01
-1.533999999999999986e+01 0.000000000000000000e+00 4.096000000000000085e+01 8.393999999999999773e+01 -1.523000000000000043e+01 -3.865999999999999659e+01 1.552899999999999920e+02 0.000000000000000000e+00 -1.400000000000000133e-01 6.285999999999999943e+01
1.190000000000000000e+02 0.000000000000000000e+00 1.098799999999999955e+02 1.440300000000000011e+02 9.279999999999999361e+00 2.676600000000000250e+02 -3.595000000000000284e+01 0.000000000000000000e+00 1.857999999999999829e+01 2.210999999999999943e+01
7.410999999999999943e+01 0.000000000000000000e+00 1.034200000000000017e+02 1.136500000000000057e+02 -1.189999999999999947e+00 -6.290000000000000036e+00 -5.964000000000000057e+01 0.000000000000000000e+00 -1.714000000000000057e+01 -1.830000000000000071e+01
-6.246999999999999886e+01 0.000000000000000000e+00 3.939999999999999947e+00 5.510000000000000142e+01 9.410000000000000142e+00 -1.602400000000000091e+02 -2.240600000000000023e+02 0.000000000000000000e+00 5.549999999999999822e+00 3.028999999999999915e+01
-1.547199999999999989e+02 0.000000000000000000e+00 -6.109000000000000341e+01 -5.985999999999999943e+01 -1.787999999999999901e+01 -9.456000000000000227e+01 4.710999999999999943e+01 0.000000000000000000e+00 -3.370000000000000284e+01 -8.300000000000000000e+01
-4.892999999999999972e+01 0.000000000000000000e+00 -1.536999999999999922e+01 6.954000000000000625e+01 1.803000000000000114e+01 9.476000000000000512e+01 1.182000000000000028e+02 0.000000000000000000e+00 -3.164999999999999858e+01 -1.335999999999999943e+01
1.589099999999999966e+02 0.000000000000000000e+00 -6.700000000000000178e+00 1.279500000000000028e+02 -5.360000000000000320e+00 4.632999999999999829e+01 5.572999999999999687e+01 0.000000000000000000e+00 6.132000000000000028e+01 7.673999999999999488e+01
1.179099999999999966e+02 0.000000000000000000e+00 4.767000000000000171e+01 1.286500000000000057e+02 3.148999999999999844e+01 5.372999999999999687e+01 2.101999999999999957e+01 0.000000000000000000e+00 7.609000000000000341e+01 1.200400000000000063e+02
1.908999999999999986e+01 0.000000000000000000e+00 1.571000000000000085e+01 -8.643999999999999773e+01 -2.910000000000000142e+00 2.314999999999999858e+01 -4.670000000000000284e+01 0.000000000000000000e+00 -1.408000000000000007e+01 -2.116899999999999977e+02
-9.895999999999999375e+01 0.000000000000000000e+00 5.578000000000000114e+01 -7.473000000000000398e+01 -1.723000000000000043e+01 -1.251500000000000057e+02 -1.173400000000000034e+02 0.000000000000000000e+00 -1.456000000000000050e+01 2.789000000000000057e+01
-1.460699999999999932e+02 0.000000000000000000e+00 -2.394999999999999929e+01 -4.071000000000000085e+01 6.780000000000000249e+00 -7.280000000000000249e+00 7.195999999999999375e+01 0.000000000000000000e+00 -5.453000000000000114e+01 -2.419999999999999929e+00
4.839000000000000057e+01 0.000000000000000000e+00 -4.893999999999999773e+01 1.219999999999999929e+01 -1.022000000000000064e+01 -2.276999999999999957e+01 -8.923999999999999488e+01 0.000000000000000000e+00 -7.251999999999999602e+01 4.267999999999999972e+01
1.243999999999999950e+01 0.000000000000000000e+00 -1.396100000000000136e+02 -9.976999999999999602e+01 -2.830000000000000071e+00 5.209999999999999964e+00 -2.755999999999999872e+01 0.000000000000000000e+00 1.029699999999999989e+02 1.584399999999999977e+02
8.284000000000000341e+01 0.000000000000000000e+00 4.540000000000000036e+00 -9.487999999999999545e+01 1.949999999999999956e+00 -9.101999999999999602e+01 -2.726999999999999957e+01 0.000000000000000000e+00 8.137000000000000455e+01 -2.203700000000000045e+02
-2.553000000000000114e+01 0.000000000000000000e+00 1.417100000000000080e+02 -5.674000000000000199e+01 5.969999999999999751e+00 1.206800000000000068e+02 8.251999999999999602e+01 0.000000000000000000e+00 -5.003999999999999915e+01 1.059899999999999949e+02
-7.759000000000000341e+01 0.000000000000000000e+00 8.703000000000000114e+01 -1.675500000000000114e+02 3.439999999999999947e+00 1.600999999999999943e+02 1.381299999999999955e+02 0.000000000000000000e+00 -2.464000000000000057e+01 -3.589999999999999858e+00
-1.252699999999999960e+02 0.000000000000000000e+00 -9.289000000000000057e+01 -1.556299999999999955e+02 1.030000000000000027e+00 6.359000000000000341e+01 -1.563700000000000045e+02 0.000000000000000000e+00 -6.793000000000000682e+01 -6.357999999999999829e+01
8.770999999999999375e+01 0.000000000000000000e+00 -2.373000000000000043e+01 -6.520000000000000284e+01 4.490000000000000213e+00 -1.853199999999999932e+02 -1.243100000000000023e+02 0.000000000000000000e+00 3.320000000000000284e+01 6.835999999999999943e+01
1.759099999999999966e+02 0.000000000000000000e+00 1.053299999999999983e+02 -4.825999999999999801e+01 2.709999999999999964e+00 -2.005000000000000000e+02 1.324000000000000057e+02 0.000000000000000000e+00 7.603000000000000114e+01 -1.142999999999999972e+01
9.507999999999999829e+01 0.000000000000000000e+00 4.921000000000000085e+01 -7.012000000000000455e+01 1.565000000000000036e+01 -1.730399999999999920e+02 1.425099999999999909e+02 0.000000000000000000e+00 1.341000000000000014e+01 1.080000000000000000e+02
-1.799000000000000057e+02 0.000000000000000000e+00 -1.678000000000000114e+01 -7.021999999999999886e+01 -1.929999999999999938e+00 1.871200000000000045e+02 -3.370000000000000284e+01 0.000000000000000000e+00 -1.240499999999999972e+02 -2.144699999999999989e+02
-1.472299999999999898e+02 0.000000000000000000e+00 -1.440600000000000023e+02 -1.138700000000000045e+02 -2.610999999999999943e+01 2.605099999999999909e+02 1.380000000000000071e+01 0.000000000000000000e+00 1.341000000000000014e+01 8.546999999999999886e+01
5.950000000000000178e+00 0.000000000000000000e+00 7.784000000000000341e+01 1.255000000000000071e+01 1.266000000000000014e+01 1.205300000000000011e+02 8.900000000000000133e-01 0.000000000000000000e+00 1.088000000000000078e+01 1.639999999999999902e+00
1.655300000000000011e+02 0.000000000000000000e+00 -1.275000000000000000e+01 1.804000000000000057e+02 1.869000000000000128e+01 8.849999999999999645e+00 1.186899999999999977e+02 0.000000000000000000e+00 1.509900000000000091e+02 4.485000000000000142e+01
6.340999999999999659e+01 0.000000000000000000e+00 4.724000000000000199e+01 3.135000000000000142e+01 3.870000000000000107e+00 -3.328000000000000114e+02 -1.049899999999999949e+02 0.000000000000000000e+00 -8.901000000000000512e+01 -6.462999999999999545e+01
-1.475999999999999979e+01 0.000000000000000000e+00 3.217000000000000171e+01 -3.372999999999999687e+01 -2.367000000000000171e+01 -2.335999999999999943e+02 -5.522999999999999687e+01 0.000000000000000000e+00 -2.496999999999999886e+01 1.252800000000000011e+02
-1.087600000000000051e+02 0.000000000000000000e+00 -2.641000000000000014e+01 -4.336999999999999744e+01 5.049999999999999822e+00 2.473000000000000114e+02 -5.564999999999999858e+01 0.000000000000000000e+00 -4.857000000000000028e+01 -9.187000000000000455e+01
-9.459000000000000341e+01 0.000000000000000000e+00 -4.664000000000000057e+01 9.062999999999999545e+01 1.563000000000000078e+01 2.995099999999999909e+02 8.270000000000000284e+01 0.000000000000000000e+00 4.965999999999999659e+01 -1.998000000000000043e+01
5.780000000000000249e+00 0.000000000000000000e+00 -1.056400000000000006e+02 1.041400000000000006e+02 -6.490000000000000213e+00 -6.698999999999999488e+01 1.887100000000000080e+02 0.000000000000000000e+00 -3.396000000000000085e+01 -4.849999999999999645e+00
1.025600000000000023e+02 0.000000000000000000e+00 -4.938000000000000256e+01 5.278000000000000114e+01 -1.040000000000000036e+00 -1.846200000000000045e+02 -7.537999999999999545e+01 0.000000000000000000e+00 -5.588000000000000256e+01 4.395000000000000284e+01
3.624000000000000199e+01 0.000000000000000000e+00 1.182999999999999972e+02 1.507000000000000028e+01 4.290000000000000036e+00 2.903999999999999915e+01 -9.006999999999999318e+01 0.000000000000000000e+00 4.254999999999999716e+01 7.348999999999999488e+01
-1.323000000000000043e+01 0.000000000000000000e+00 4.349999999999999645e+00 2.121000000000000085e+01 -1.139999999999999902e+00 1.279899999999999949e+02 -2.182000000000000028e+01 0.000000000000000000e+00 -3.629999999999999893e+00 -1.661200000000000045e+02
-1.315200000000000102e+02 0.000000000000000000e+00 4.467000000000000171e+01 1.350699999999999932e+02 -7.150000000000000355e+00 -1.290500000000000114e+02 2.355000000000000000e+02 0.000000000000000000e+00 6.400000000000000000e+01 -5.132999999999999829e+01
-6.479000000000000625e+01 0.000000000000000000e+00 -6.250000000000000000e+01 5.110000000000000142e+01 -7.259999999999999787e+00 1.125400000000000063e+02 -2.898999999999999844e+01 0.000000000000000000e+00 -8.793000000000000682e+01 9.381000000000000227e+01
7.809000000000000341e+01 0.000000000000000000e+00 1.046000000000000085e+01 5.511999999999999744e+01 2.910000000000000142e+00 -1.500500000000000114e+02 -1.337100000000000080e+02 0.000000000000000000e+00 -1.750000000000000000e+00 1.644000000000000128e+01
8.828000000000000114e+01 0.000000000000000000e+00 -1.960000000000000142e+01 6.453000000000000114e+01 1.666000000000000014e+01 -1.212600000000000051e+02 6.207999999999999829e+01 0.000000000000000000e+00 -2.805000000000000071e+01 8.887999999999999545e+01
9.992000000000000171e+01 0.000000000000000000e+00 7.903000000000000114e+01 9.671999999999999886e+01 9.470000000000000639e+00 -1.173400000000000034e+02 1.472400000000000091e+02 0.000000000000000000e+00 7.079999999999999716e+01 7.240000000000000213e+00
-4.859000000000000341e+01 0.000000000000000000e+00 1.535800000000000125e+02 1.866500000000000057e+02 -1.628000000000000114e+01 2.532899999999999920e+02 -8.098000000000000398e+01 0.000000000000000000e+00 1.207000000000000028e+01 -1.878300000000000125e+02
-7.231000000000000227e+01 0.000000000000000000e+00 1.209999999999999964e+00 1.401399999999999864e+02 -2.064999999999999858e+01 1.774300000000000068e+02 -6.548000000000000398e+01 0.000000000000000000e+00 3.788000000000000256e+01 -3.997999999999999687e+01
-4.304999999999999716e+01 0.000000000000000000e+00 -2.737000000000000099e+01 1.261800000000000068e+02 2.210999999999999943e+01 4.559999999999999609e+00 -6.195000000000000284e+01 0.000000000000000000e+00 -8.630000000000000782e+00 4.803000000000000114e+01
4.392999999999999972e+01 0.000000000000000000e+00 1.798999999999999844e+01 1.473499999999999943e+02 -1.959999999999999964e+00 -2.961299999999999955e+02 6.545000000000000284e+01 0.000000000000000000e+00 -8.273000000000000398e+01 2.777400000000000091e+02
2.675000000000000000e+01 0.000000000000000000e+00 6.199999999999999956e-01 7.687999999999999545e+01 1.175999999999999979e+01 -1.700800000000000125e+02 5.647999999999999687e+01 0.000000000000000000e+00 4.549000000000000199e+01 -2.269099999999999966e+02
-3.051000000000000156e+01 0.000000000000000000e+00 6.834000000000000341e+01 -3.665999999999999659e+01 -8.929999999999999716e+00 2.225300000000000011e+02 -1.979600000000000080e+02 0.000000000000000000e+00 -2.855000000000000071e+01 -1.009899999999999949e+02
-3.850000000000000089e+00 0.000000000000000000e+00 2.517999999999999972e+01 2.678999999999999915e+01 -3.479999999999999982e+00 4.489999999999999858e+01 -5.100000000000000089e-01 0.000000000000000000e+00 7.345000000000000284e+01 -1.406599999999999966e+02
1.327700000000000102e+02 0.000000000000000000e+00 1.506000000000000050e+01 1.050199999999999960e+02 -4.540000000000000036e+00 1.978700000000000045e+02 1.716399999999999864e+02 0.000000000000000000e+00 -3.697999999999999687e+01 1.315600000000000023e+02
-6.274000000000000199e+01 0.000000000000000000e+00 -1.978000000000000114e+01 4.602000000000000313e+01 5.400000000000000355e-01 -1.337500000000000000e+02 4.495000000000000284e+01 0.000000000000000000e+00 1.158999999999999986e+01 1.236599999999999966e+02
-8.253000000000000114e+01 0.000000000000000000e+00 -9.346999999999999886e+01 -7.523999999999999488e+01 2.492999999999999972e+01 -2.648899999999999864e+02 -7.576999999999999602e+01 0.000000000000000000e+00 -3.372999999999999687e+01 1.260799999999999983e+02
-7.921999999999999886e+01 0.000000000000000000e+00 -7.931000000000000227e+01 -1.991899999999999977e+02 -1.928999999999999915e+01 -7.610999999999999943e+01 -1.463400000000000034e+02 0.000000000000000000e+00 -7.399999999999999911e-01 -2.145200000000000102e+02
9.339999999999999858e+00 0.000000000000000000e+00 -1.746999999999999886e+01 -1.428700000000000045e+02 3.680000000000000160e+00 1.137099999999999937e+02 -1.090000000000000036e+01 0.000000000000000000e+00 -3.239999999999999858e+01 -7.056000000000000227e+01
7.492000000000000171e+01 0.000000000000000000e+00 5.129999999999999893e+00 -5.757999999999999829e+01 -2.178000000000000114e+01 1.451699999999999875e+02 1.472400000000000091e+02 0.000000000000000000e+00 2.414000000000000057e+01 -3.352000000000000313e+01
8.667000000000000171e+01 0.000000000000000000e+00 -7.217000000000000171e+01 1.459999999999999964e+01 6.330000000000000071e+00 9.410999999999999943e+01 -7.870999999999999375e+01 0.000000000000000000e+00 5.275000000000000000e+01 1.240400000000000063e+02
-5.160999999999999943e+01 0.000000000000000000e+00 -7.334999999999999432e+01 -1.343499999999999943e+02 1.846000000000000085e+01 -1.586100000000000136e+02 5.171999999999999886e+01 0.000000000000000000e+00 -2.941000000000000014e+01 1.950000000000000000e+02
-3.403999999999999915e+01 0.000000000000000000e+00 5.054999999999999716e+01 -1.794600000000000080e+02 -1.035999999999999943e+01 -1.054000000000000057e+02 -8.201999999999999602e+01 0.000000000000000000e+00 -1.914000000000000057e+01 -1.260999999999999943e+01
-5.221999999999999886e+01 0.000000000000000000e+00 -1.183599999999999994e+02 -1.899300000000000068e+02 1.989999999999999991e+00 -9.520000000000000284e+01 -2.090800000000000125e+02 0.000000000000000000e+00 -3.799000000000000199e+01 -1.766999999999999886e+02
6.440000000000000391e+00 0.000000000000000000e+00 -7.170000000000000284e+01 -1.575300000000000011e+02 -1.015000000000000036e+01 5.986999999999999744e+01 -1.732999999999999829e+01 0.000000000000000000e+00 6.227000000000000313e+01 -1.775200000000000102e+02
9.943000000000000682e+01 0.000000000000000000e+00 1.669999999999999929e+00 -7.384000000000000341e+01 3.600000000000000089e+00 1.362400000000000091e+02 1.393600000000000136e+02 0.000000000000000000e+00 3.700000000000000000e+01 1.625200000000000102e+02
-8.979999999999999716e+01 0.000000000000000000e+00 5.170000000000000284e+01 -3.035999999999999943e+01 -2.189999999999999947e+00 1.249000000000000021e+01 4.638000000000000256e+01 0.000000000000000000e+00 -3.974000000000000199e+01 1.260900000000000034e+02
-3.670000000000000284e+01 0.000000000000000000e+00 1.719000000000000128e+01 -6.385000000000000142e+01 1.596000000000000085e+01 -1.801899999999999977e+02 -2.063600000000000136e+02 0.000000000000000000e+00 -4.097999999999999687e+01 -1.955000000000000071e+01
-3.171999999999999886e+01 0.000000000000000000e+00 -1.110400000000000063e+02 -1.728400000000000034e+02 -4.179999999999999716e+00 1.290200000000000102e+02 5.267000000000000171e+01 0.000000000000000000e+00 -9.968000000000000682e+01 -1.067900000000000063e+02
1.215499999999999972e+02 0.000000000000000000e+00 1.109999999999999964e+01 -2.130300000000000011e+02 3.060000000000000053e+00 -6.297999999999999687e+01 1.880000000000000071e+01 0.000000000000000000e+00 8.479999999999999716e+01 -6.320000000000000284e+00
2.810999999999999943e+01 0.000000000000000000e+00 6.407999999999999829e+01 -2.398999999999999844e+01 1.929999999999999938e+00 -2.873999999999999844e+01 3.842000000000000171e+01 0.000000000000000000e+00 4.050000000000000000e+01 1.659300000000000068e+02
3.250000000000000000e+00 0.000000000000000000e+00 1.590000000000000000e+02 3.531000000000000227e+01 3.499999999999999778e-01 1.116899999999999977e+02 -9.192000000000000171e+01 0.000000000000000000e+00 -3.770000000000000018e+00 -2.912000000000000099e+01
-1.041800000000000068e+02 0.000000000000000000e+00 1.732000000000000028e+01 2.169999999999999929e+01 4.709999999999999964e+00 -8.840999999999999659e+01 2.328000000000000114e+01 0.000000000000000000e+00 -3.071000000000000085e+01 -2.032100000000000080e+02
-2.470000000000000195e+00 0.000000000000000000e+00 1.700000000000000000e+01 -6.064000000000000057e+01 -1.799999999999999933e-01 1.607999999999999829e+01 4.209999999999999964e+00 0.000000000000000000e+00 -2.091000000000000014e+01 1.075100000000000051e+02
6.345000000000000284e+01 0.000000000000000000e+00 -7.026000000000000512e+01 -4.857999999999999829e+01 9.429999999999999716e+00 -4.089999999999999858e+00 6.110000000000000142e+01 0.000000000000000000e+00 -5.032999999999999829e+01 9.171999999999999886e+01
-8.329999999999999716e+01 0.000000000000000000e+00 -8.849999999999999645e+00 -5.696000000000000085e+01 -1.025000000000000000e+01 -4.513000000000000256e+01 -4.568999999999999773e+01 0.000000000000000000e+00 -4.980000000000000426e+00 3.789000000000000057e+01
-4.685999999999999943e+01 0.000000000000000000e+00 9.629000000000000625e+01 -7.900000000000000355e-01 1.282000000000000028e+01 6.196999999999999886e+01 -1.270699999999999932e+02 0.000000000000000000e+00 1.586800000000000068e+02 -8.979999999999999716e+01
6.618000000000000682e+01 0.000000000000000000e+00 4.071000000000000085e+01 6.875000000000000000e+01 -1.206000000000000050e+01 2.627400000000000091e+02 -8.498000000000000398e+01 0.000000000000000000e+00 -3.678000000000000114e+01 -3.682999999999999829e+01
1.125499999999999972e+02 0.000000000000000000e+00 1.989000000000000057e+01 -4.600000000000000200e-01 4.190000000000000391e+00 -2.348899999999999864e+02 1.408100000000000023e+02 0.000000000000000000e+00 -6.003999999999999915e+01 -7.084000000000000341e+01
-1.273799999999999955e+02 0.000000000000000000e+00 -7.028000000000000114e+01 -6.570000000000000284e+00 0.000000000000000000e+00 -1.012999999999999972e+02 -4.918999999999999773e+01 0.000000000000000000e+00 -1.064899999999999949e+02 -3.669999999999999929e+00
-6.385000000000000142e+01 0.000000000000000000e+00 6.243999999999999773e+01 5.339999999999999858e+00 -2.326000000000000156e+01 -2.435699999999999932e+02 -5.246999999999999886e+01 0.000000000000000000e+00 2.448000000000000043e+01 2.662000000000000099e+01
-2.596000000000000085e+01 0.000000000000000000e+00 3.399000000000000199e+01 -2.660999999999999943e+01 2.905999999999999872e+01 1.229599999999999937e+02 7.501000000000000512e+01 0.000000000000000000e+00 6.429000000000000625e+01 2.010300000000000011e+02
5.839000000000000057e+01 0.000000000000000000e+00 -5.054999999999999716e+01 -1.642000000000000171e+01 1.909999999999999920e+00 1.965999999999999943e+02 7.523999999999999488e+01 0.000000000000000000e+00 9.550000000000000711e+00 -9.121999999999999886e+01
4.190999999999999659e+01 0.000000000000000000e+00 7.870000000000000107e+00 4.236999999999999744e+01 -8.500000000000000000e+00 2.410600000000000023e+02 -8.129999999999999716e+01 0.000000000000000000e+00 -4.509000000000000341e+01 -1.221400000000000006e+02
4.742999999999999972e+01 0.000000000000000000e+00 7.828000000000000114e+01 9.573000000000000398e+01 5.099999999999999645e+00 -6.371999999999999886e+01 1.544999999999999929e+01 0.000000000000000000e+00 8.310000000000000497e+00 4.467999999999999972e+01
-3.012999999999999901e+01 0.000000000000000000e+00 -3.330000000000000071e+00 8.910000000000000142e+00 -2.642999999999999972e+01 -2.560299999999999727e+02 2.565500000000000114e+02 0.000000000000000000e+00 -1.242999999999999972e+01 5.179999999999999716e+00
-1.195100000000000051e+02 0.000000000000000000e+00 2.155999999999999872e+01 -5.740999999999999659e+01 1.484999999999999964e+01 -1.719900000000000091e+02 -2.748299999999999841e+02 0.000000000000000000e+00 -5.980000000000000426e+00 -1.268999999999999950e+01
9.560000000000000497e+00 0.000000000000000000e+00 6.099999999999999645e+00 -3.810000000000000053e+00 6.879999999999999893e+00 1.005999999999999943e+02 4.538000000000000256e+01 0.000000000000000000e+00 2.514999999999999858e+01 1.054200000000000017e+02
8.580000000000000071e+00 0.000000000000000000e+00 5.596999999999999886e+01 -2.128999999999999915e+01 -3.640000000000000124e+00 2.278100000000000023e+02 2.407999999999999829e+01 0.000000000000000000e+00 5.917000000000000171e+01 -3.410999999999999943e+01
6.476999999999999602e+01 0.000000000000000000e+00 -3.642000000000000171e+01 8.704000000000000625e+01 8.710000000000000853e+00 9.684000000000000341e+01 1.690999999999999943e+02 0.000000000000000000e+00 -5.040000000000000036e+00 3.759000000000000341e+01
9.995999999999999375e+01 0.000000000000000000e+00 -8.001999999999999602e+01 6.769999999999999574e+00 -2.928000000000000114e+01 -1.254899999999999949e+02 -3.207999999999999829e+01 0.000000000000000000e+00 -7.471999999999999886e+01 8.500000000000000000e+00
-6.737000000000000455e+01 0.000000000000000000e+00 -5.885999999999999943e+01 1.536999999999999922e+01 1.948000000000000043e+01 -2.249600000000000080e+02 -3.152300000000000182e+02 0.000000000000000000e+00 1.717000000000000171e+01 -4.146000000000000085e+01
-7.971999999999999886e+01 0.000000000000000000e+00 4.715999999999999659e+01 -3.500000000000000000e+01 2.700000000000000178e-01 1.994000000000000128e+01 7.095000000000000284e+01 0.000000000000000000e+00 1.286999999999999922e+01 -1.292800000000000011e+02
-4.609000000000000341e+01 0.000000000000000000e+00 3.867000000000000171e+01 7.215999999999999659e+01 -1.841000000000000014e+01 2.788299999999999841e+02 8.831999999999999318e+01 0.000000000000000000e+00 7.739000000000000057e+01 4.625999999999999801e+01
5.315999999999999659e+01 0.000000000000000000e+00 -8.310000000000000497e+00 1.630999999999999872e+01 6.889999999999999680e+00 -1.400699999999999932e+02 1.467199999999999989e+02 0.000000000000000000e+00 -7.159000000000000341e+01 3.129999999999999893e+00
-7.419999999999999929e+00 0.000000000000000000e+00 3.360000000000000142e+01 -2.953000000000000114e+01 -6.700000000000000178e+00 -1.236500000000000057e+02 -9.023999999999999488e+01 0.000000000000000000e+00 -4.828000000000000114e+01 7.195000000000000284e+01
1.583000000000000007e+01 0.000000000000000000e+00 -6.250000000000000000e+01 -1.505000000000000071e+01 1.233999999999999986e+01 -1.796800000000000068e+02 -9.170999999999999375e+01 0.000000000000000000e+00 9.689999999999999503e+00 -6.631000000000000227e+01
3.359000000000000341e+01 0.000000000000000000e+00 -4.431000000000000227e+01 1.553300000000000125e+02 -6.429999999999999716e+00 3.314200000000000159e+02 5.839000000000000057e+01 0.000000000000000000e+00 2.394999999999999929e+01 1.394000000000000057e+02
-1.003199999999999932e+02 0.000000000000000000e+00 -2.855999999999999872e+01 8.046999999999999886e+01 9.009999999999999787e+00 1.821800000000000068e+02 -4.099999999999999645e+00 0.000000000000000000e+00 1.006000000000000050e+01 -1.316200000000000045e+02
-1.871999999999999886e+01 0.000000000000000000e+00 -3.434000000000000341e+01 1.708999999999999986e+01 -5.830000000000000071e+00 -2.215699999999999932e+02 -1.161500000000000057e+02 0.000000000000000000e+00 -2.610999999999999943e+01 -1.669300000000000068e+02
8.099999999999999645e+00 0.000000000000000000e+00 1.466999999999999886e+02 7.339999999999999858e+00 -8.859999999999999432e+00 -2.186200000000000045e+02 6.639000000000000057e+01 0.000000000000000000e+00 3.821999999999999886e+01 1.041999999999999993e+01
7.801000000000000512e+01 0.000000000000000000e+00 1.145400000000000063e+02 1.477700000000000102e+02 6.290000000000000036e+00 1.099899999999999949e+02 1.018700000000000045e+02 0.000000000000000000e+00 4.071999999999999886e+01 1.421200000000000045e+02
6.249000000000000199e+01 0.000000000000000000e+00 6.250999999999999801e+01 8.578000000000000114e+01 3.051000000000000156e+01 4.778999999999999915e+01 -4.919999999999999929e+00 0.000000000000000000e+00 -1.024000000000000021e+01 1.570600000000000023e+02
-4.497999999999999687e+01 0.000000000000000000e+00 -7.440000000000000568e+01 -1.040000000000000036e+01 2.999999999999999889e-02 -1.251800000000000068e+02 8.060999999999999943e+01 0.000000000000000000e+00 -4.642999999999999972e+01 -1.233499999999999943e+02
-4.278999999999999915e+01 0.000000000000000000e+00 4.079999999999999716e+01 -2.830000000000000071e+00 -6.059999999999999609e+00 -9.220000000000000639e+00 -1.033100000000000023e+02 0.000000000000000000e+00 -5.372999999999999687e+01 -1.382000000000000028e+01
9.134999999999999432e+01 0.000000000000000000e+00 1.330600000000000023e+02 8.678000000000000114e+01 -8.699999999999999289e+00 -7.070000000000000284e+00 6.695000000000000284e+01 0.000000000000000000e+00 5.717999999999999972e+01 2.662000000000000099e+01
4.699000000000000199e+01 0.000000000000000000e+00 1.510900000000000034e+02 1.837899999999999920e+02 -4.799999999999999822e+00 1.578100000000000023e+02 -9.221999999999999886e+01 0.000000000000000000e+00 5.553000000000000114e+01 4.997999999999999687e+01
-3.289000000000000057e+01 0.000000000000000000e+00 8.900000000000000355e+00 1.228400000000000034e+02 1.009999999999999964e+01 7.696999999999999886e+01 4.439000000000000057e+01 0.000000000000000000e+00 -6.318999999999999773e+01 -7.281000000000000227e+01
-7.080000000000000071e+00 0.000000000000000000e+00 5.646000000000000085e+01 6.873999999999999488e+01 8.279999999999999361e+00 -6.310999999999999943e+01 8.645000000000000284e+01 0.000000000000000000e+00 2.439999999999999947e+00 2.012000000000000099e+01
-1.030000000000000000e+02 0.000000000000000000e+00 4.618999999999999773e+01 5.360999999999999943e+01 -5.759999999999999787e+00 -2.708899999999999864e+02 1.612999999999999901e+01 0.000000000000000000e+00 -1.286999999999999922e+01 -2.487999999999999901e+01
7.632999999999999829e+01 0.000000000000000000e+00 5.650999999999999801e+01 1.203700000000000045e+02 -1.280000000000000027e+00 -4.870000000000000284e+01 -1.034599999999999937e+02 0.000000000000000000e+00 6.784999999999999432e+01 -1.168499999999999943e+02
2.082000000000000028e+01 0.000000000000000000e+00 5.488000000000000256e+01 1.452500000000000000e+02 -7.800000000000000266e-01 1.243400000000000034e+02 -1.466800000000000068e+02 0.000000000000000000e+00 7.199999999999999734e-01 -3.702000000000000313e+01
-7.529999999999999716e+01 0.000000000000000000e+00 1.603000000000000114e+01 1.186400000000000006e+02 2.039000000000000057e+01 2.127400000000000091e+02 1.044399999999999977e+02 0.000000000000000000e+00 1.748000000000000043e+01 1.987199999999999989e+02
-5.006000000000000227e+01 0.000000000000000000e+00 3.781000000000000227e+01 -1.937999999999999901e+01 -1.719999999999999929e+01 2.223600000000000136e+02 -2.999999999999999889e-02 0.000000000000000000e+00 -6.754999999999999716e+01 -2.225000000000000000e+01
-1.800000000000000044e+00 0.000000000000000000e+00 -6.587999999999999545e+01 4.014000000000000057e+01 2.189999999999999947e+00 -2.215099999999999909e+02 -4.746999999999999886e+01 0.000000000000000000e+00 -5.303000000000000114e+01 -1.288300000000000125e+02
2.496000000000000085e+01 0.000000000000000000e+00 -2.380999999999999872e+01 8.557999999999999829e+01 -3.080000000000000071e+00 -3.346800000000000068e+02 -8.940999999999999659e+01 0.000000000000000000e+00 -3.671000000000000085e+01 -2.764999999999999858e+01
8.260999999999999943e+01 0.000000000000000000e+00 1.735999999999999943e+01 1.252399999999999949e+02 2.371999999999999886e+01 -1.387199999999999989e+02 9.681000000000000227e+01 0.000000000000000000e+00 6.175999999999999801e+01 8.301999999999999602e+01
1.832000000000000028e+01 0.000000000000000000e+00 6.246999999999999886e+01 4.013000000000000256e+01 4.830000000000000071e+00 2.548499999999999943e+02 1.686200000000000045e+02 0.000000000000000000e+00 3.144999999999999929e+01 1.706500000000000057e+02
-9.845000000000000284e+01 0.000000000000000000e+00 -4.324000000000000199e+01 -8.039999999999999147e+00 -4.889999999999999680e+00 9.221999999999999886e+01 -1.318899999999999864e+02 0.000000000000000000e+00 3.695000000000000284e+01 -2.171000000000000085e+01
-5.360000000000000320e+00 0.000000000000000000e+00 -1.357000000000000028e+01 -5.621000000000000085e+01 -1.334999999999999964e+01 1.533000000000000114e+02 2.873000000000000043e+01 0.000000000000000000e+00 -4.332000000000000028e+01 -1.667500000000000000e+02
2.709999999999999964e+00 0.000000000000000000e+00 -1.396200000000000045e+02 2.109999999999999876e+00 -8.480000000000000426e+00 -2.946899999999999977e+02 1.093999999999999950e+01 0.000000000000000000e+00 -1.892000000000000171e+01 -3.807000000000000028e+01
1.875000000000000000e+01 0.000000000000000000e+00 -6.206000000000000227e+01 -4.197999999999999687e+01 1.612000000000000099e+01 8.862000000000000455e+01 3.799000000000000199e+01 0.000000000000000000e+00 -4.171999999999999886e+01 1.490999999999999943e+02
5.593999999999999773e+01 0.000000000000000000e+00 -3.279999999999999716e+01 -5.454999999999999716e+01 8.189999999999999503e+00 1.698000000000000043e+01 -1.194000000000000057e+02 0.000000000000000000e+00 4.993999999999999773e+01 -2.507999999999999829e+01
-7.081999999999999318e+01 0.000000000000000000e+00 6.610000000000000320e+00 -9.795000000000000284e+01 7.000000000000000666e-02 3.479999999999999716e+01 3.546999999999999886e+01 0.000000000000000000e+00 5.146000000000000085e+01 4.211999999999999744e+01
-2.678000000000000114e+01 0.000000000000000000e+00 -4.167000000000000171e+01 -8.392000000000000171e+01 -8.490000000000000213e+00 -2.523999999999999844e+01 1.723999999999999844e+01 0.000000000000000000e+00 -1.914999999999999858e+01 -1.399300000000000068e+02
-1.331000000000000050e+01 0.000000000000000000e+00 -1.357400000000000091e+02 -6.590000000000000568e+01 -4.190000000000000391e+00 1.139500000000000028e+02 -5.132999999999999829e+01 0.000000000000000000e+00 -3.032999999999999829e+01 -5.689000000000000057e+01
-6.139999999999999680e+00 0.000000000000000000e+00 -7.259999999999999432e+01 -9.768000000000000682e+01 2.779999999999999805e+00 9.960000000000000853e+00 -1.303499999999999943e+02 0.000000000000000000e+00 -2.890000000000000124e+00 -2.583999999999999986e+01
2.425000000000000000e+01 0.000000000000000000e+00 -1.278799999999999955e+02 -1.593700000000000045e+02 5.730000000000000426e+00 -6.687999999999999545e+01 -1.134999999999999964e+01 0.000000000000000000e+00 2.999999999999999889e-02 9.760999999999999943e+01
5.922999999999999687e+01 0.000000000000000000e+00 4.799999999999999822e-01 -1.249699999999999989e+02 5.299999999999999822e+00 -2.260300000000000011e+02 7.062000000000000455e+01 0.000000000000000000e+00 -1.541000000000000014e+01 1.331200000000000045e+02
4.378000000000000114e+01 0.000000000000000000e+00 -2.096000000000000085e+01 -1.359199999999999875e+02 1.198000000000000043e+01 5.403000000000000114e+01 -4.525000000000000000e+01 0.000000000000000000e+00 5.709999999999999964e+00 -2.192000000000000171e+01
-1.041599999999999966e+02 0.000000000000000000e+00 -2.346999999999999886e+01 -1.756999999999999886e+02 -1.635999999999999943e+01 2.598999999999999773e+02 4.419999999999999929e+00 0.000000000000000000e+00 -1.334999999999999964e+01 -1.893100000000000023e+02
-5.334000000000000341e+01 0.000000000000000000e+00 -5.225999999999999801e+01 -1.026400000000000006e+02 -5.809999999999999609e+00 1.590399999999999920e+02 -7.337999999999999545e+01 0.000000000000000000e+00 4.050000000000000000e+01 -1.449000000000000057e+02
5.671000000000000085e+01 0.000000000000000000e+00 -6.084000000000000341e+01 2.250000000000000000e+01 2.166000000000000014e+01 -2.820199999999999818e+02 2.526999999999999957e+01 0.000000000000000000e+00 -4.881000000000000227e+01 2.713199999999999932e+02
5.517999999999999972e+01 0.000000000000000000e+00 -1.183999999999999986e+01 -6.509000000000000341e+01 -1.343999999999999950e+01 -2.001399999999999864e+02 -3.660000000000000142e+00 0.000000000000000000e+00 7.860000000000000320e+00 5.877000000000000313e+01
8.880000000000000782e+00 0.000000000000000000e+00 -7.634000000000000341e+01 -6.998999999999999488e+01 2.467000000000000171e+01 -1.168999999999999950e+01 1.336399999999999864e+02 0.000000000000000000e+00 -4.564999999999999858e+01 -4.225999999999999801e+01
-6.642000000000000171e+01 0.000000000000000000e+00 9.896999999999999886e+01 -2.637999999999999901e+01 -7.290000000000000036e+00 8.865999999999999659e+01 4.731000000000000227e+01 0.000000000000000000e+00 1.316200000000000045e+02 -8.068999999999999773e+01
-2.691000000000000014e+01 0.000000000000000000e+00 -8.400000000000000355e+00 1.579900000000000091e+02 -7.059999999999999609e+00 2.957699999999999818e+02 -6.136999999999999744e+01 0.000000000000000000e+00 8.699999999999999956e-01 7.162000000000000455e+01
9.220999999999999375e+01 0.000000000000000000e+00 4.150000000000000355e+00 1.385399999999999920e+02 7.080000000000000071e+00 2.256399999999999864e+02 -3.496000000000000085e+01 0.000000000000000000e+00 -3.857999999999999829e+01 -7.751999999999999602e+01
2.708999999999999986e+01 0.000000000000000000e+00 -8.789000000000000057e+01 1.346899999999999977e+02 1.159999999999999920e+00 -3.516100000000000136e+02 -4.117000000000000171e+01 0.000000000000000000e+00 -4.697999999999999687e+01 2.012000000000000099e+01
-8.637999999999999545e+01 0.000000000000000000e+00 6.537000000000000455e+01 1.286800000000000068e+02 8.750000000000000000e+00 -2.950299999999999727e+02 -7.192000000000000171e+01 0.000000000000000000e+00 1.517999999999999972e+01 1.109800000000000040e+02
-7.900000000000000355e+00 0.000000000000000000e+00 2.496000000000000085e+01 2.443600000000000136e+02 1.519999999999999929e+01 9.504999999999999716e+01 7.154000000000000625e+01 0.000000000000000000e+00 3.700000000000000178e+00 8.776000000000000512e+01
1.241999999999999993e+01 0.000000000000000000e+00 -5.964000000000000057e+01 1.727599999999999909e+02 7.400000000000000355e+00 3.409700000000000273e+02 1.477999999999999936e+01 0.000000000000000000e+00 -3.636999999999999744e+01 -2.126200000000000045e+02
-7.151000000000000512e+01 0.000000000000000000e+00 -1.611599999999999966e+02 1.937299999999999898e+02 -3.513000000000000256e+01 9.329999999999999716e+01 -4.196999999999999886e+01 0.000000000000000000e+00 1.800000000000000000e+01 -2.924100000000000250e+02
1.112199999999999989e+02 0.000000000000000000e+00 7.579000000000000625e+01 2.202400000000000091e+02 7.730000000000000426e+00 -2.762300000000000182e+02 -2.176999999999999957e+01 0.000000000000000000e+00 4.567000000000000171e+01 2.837599999999999909e+02
-1.712999999999999901e+01 0.000000000000000000e+00 6.792000000000000171e+01 2.367199999999999989e+02 2.353999999999999915e+01 -2.582999999999999829e+01 1.032300000000000040e+02 0.000000000000000000e+00 -5.169999999999999929e+00 1.407899999999999920e+02
-2.728999999999999915e+01 0.000000000000000000e+00 2.369999999999999929e+01 9.062000000000000455e+01 -3.970000000000000195e+00 -2.010999999999999943e+01 1.486999999999999922e+01 0.000000000000000000e+00 -8.862000000000000455e+01 -3.144000000000000128e+01
-6.432999999999999829e+01 0.000000000000000000e+00 -1.329799999999999898e+02 -2.562999999999999901e+01 -1.368999999999999950e+01 3.946000000000000085e+01 -1.796800000000000068e+02 0.000000000000000000e+00 -2.759999999999999787e+00 -1.455099999999999909e+02
2.740000000000000213e+00 0.000000000000000000e+00 -7.462999999999999545e+01 -1.478999999999999915e+01 -1.197000000000000064e+01 -1.830999999999999872e+01 -9.593000000000000682e+01 0.000000000000000000e+00 1.767000000000000171e+01 -1.628400000000000034e+02
4.706000000000000227e+01 0.000000000000000000e+00 -1.156000000000000050e+01 -2.178999999999999915e+01 9.929999999999999716e+00 -7.698000000000000398e+01 2.150500000000000114e+02 0.000000000000000000e+00 1.687000000000000099e+01 1.204899999999999949e+02
2.260999999999999943e+01 0.000000000000000000e+00 8.321999999999999886e+01 2.046999999999999886e+01 1.566999999999999993e+01 6.725000000000000000e+01 2.454699999999999989e+02 0.000000000000000000e+00 3.915999999999999659e+01 1.030900000000000034e+02
4.589999999999999858e+00 0.000000000000000000e+00 1.084999999999999964e+01 5.200999999999999801e+01 1.601999999999999957e+01 -5.879999999999999893e+00 -1.325000000000000000e+01 0.000000000000000000e+00 6.040000000000000036e+00 5.081000000000000227e+01
1.776999999999999957e+01 0.000000000000000000e+00 -8.439000000000000057e+01 -1.248799999999999955e+02 -9.310000000000000497e+00 4.969999999999999751e+00 -2.164199999999999875e+02 0.000000000000000000e+00 -6.235000000000000142e+01 9.926999999999999602e+01
-5.802000000000000313e+01 0.000000000000000000e+00 -1.903199999999999932e+02 -1.431299999999999955e+02 -1.559999999999999964e+01 -7.034999999999999432e+01 -2.850000000000000000e+01 0.000000000000000000e+00 -1.626999999999999957e+01 -1.864199999999999875e+02
-3.439000000000000057e+01 0.000000000000000000e+00 -1.140100000000000051e+02 -1.364699999999999989e+02 -1.252999999999999936e+01 -1.723400000000000034e+02 2.921999999999999886e+01 0.000000000000000000e+00 -2.146000000000000085e+01 -2.149399999999999977e+02
-2.073999999999999844e+01 0.000000000000000000e+00 -1.338000000000000078e+01 -8.910000000000000142e+00 1.336999999999999922e+01 2.017800000000000011e+02 -3.311999999999999744e+01 0.000000000000000000e+00 1.381599999999999966e+02 2.011399999999999864e+02
7.720999999999999375e+01 0.000000000000000000e+00 4.895000000000000284e+01 1.685000000000000142e+01 6.959999999999999964e+00 -1.401999999999999957e+01 -1.698999999999999844e+01 0.000000000000000000e+00 -3.659000000000000341e+01 -1.564000000000000057e+01
2.687000000000000099e+01 0.000000000000000000e+00 -2.005999999999999872e+01 -3.162000000000000099e+01 -5.719999999999999751e+00 -2.103000000000000114e+01 1.107500000000000000e+02 0.000000000000000000e+00 -3.745000000000000284e+01 -1.048000000000000043e+01
-4.520000000000000284e+01 0.000000000000000000e+00 -7.929999999999999716e+01 -1.124800000000000040e+02 -8.199999999999999289e+00 3.645000000000000284e+01 -7.679999999999999716e+01 0.000000000000000000e+00 -4.929999999999999716e+01 -9.773000000000000398e+01
-6.556000000000000227e+01 0.000000000000000000e+00 -7.434999999999999432e+01 -9.631999999999999318e+01 -1.213000000000000078e+01 -6.776000000000000512e+01 -3.173799999999999955e+02 0.000000000000000000e+00 -2.353999999999999915e+01 -1.124699999999999989e+02
1.630999999999999872e+01 0.000000000000000000e+00 6.160000000000000142e+00 -1.355300000000000011e+02 1.871000000000000085e+01 -1.293899999999999864e+02 1.434399999999999977e+02 0.000000000000000000e+00 5.471999999999999886e+01 1.698100000000000023e+02
1.814000000000000057e+01 0.000000000000000000e+00 7.085999999999999943e+01 -6.929999999999999716e+00 6.379999999999999893e+00 -1.559699999999999989e+02 5.136999999999999744e+01 0.000000000000000000e+00 1.332000000000000028e+01 5.182000000000000028e+01
7.501999999999999602e+01 0.000000000000000000e+00 2.085699999999999932e+02 5.050000000000000000e+01 -2.850000000000000089e+00 2.412199999999999989e+02 1.859000000000000057e+02 0.000000000000000000e+00 -3.803999999999999915e+01 -9.979999999999999716e+01
-5.761999999999999744e+01 0.000000000000000000e+00 9.470000000000000284e+01 -1.203499999999999943e+02 -1.785000000000000142e+01 -6.240000000000000213e+00 -7.693000000000000682e+01 0.000000000000000000e+00 -8.900000000000000355e+00 -3.386999999999999744e+01
5.019999999999999574e+00 0.000000000000000000e+00 2.146000000000000085e+01 -8.479999999999999716e+01 3.830000000000000071e+00 6.282000000000000028e+01 -3.015400000000000205e+02 0.000000000000000000e+00 2.137000000000000099e+01 -7.340000000000000568e+01
-3.139999999999999858e+01 0.000000000000000000e+00 5.503000000000000114e+01 -1.718499999999999943e+02 1.215000000000000036e+01 -1.489399999999999977e+02 5.159000000000000341e+01 0.000000000000000000e+00 -4.657000000000000028e+01 7.085999999999999943e+01
-4.064999999999999858e+01 0.000000000000000000e+00 7.659000000000000341e+01 -1.332899999999999920e+02 -1.132000000000000028e+01 -1.620200000000000102e+02 3.771700000000000159e+02 0.000000000000000000e+00 6.864000000000000057e+01 1.227900000000000063e+02
4.817000000000000171e+01 0.000000000000000000e+00 1.686999999999999886e+02 -4.364000000000000057e+01 1.034999999999999964e+01 2.652799999999999727e+02 -3.296999999999999886e+01 0.000000000000000000e+00 -1.717000000000000171e+01 9.800000000000000711e+00
8.769999999999999574e+00 0.000000000000000000e+00 1.163599999999999994e+02 -1.216500000000000057e+02 -5.899999999999999689e-01 -3.899000000000000199e+01 -2.238300000000000125e+02 0.000000000000000000e+00 -6.643999999999999773e+01 6.399000000000000199e+01
-1.816000000000000014e+01 0.000000000000000000e+00 -1.357000000000000028e+01 -1.134599999999999937e+02 -1.699999999999999956e+00 4.532999999999999829e+01 -1.913799999999999955e+02 0.000000000000000000e+00 -1.275000000000000000e+01 -1.395999999999999943e+02
5.740999999999999659e+01 0.000000000000000000e+00 1.281000000000000050e+01 -1.143599999999999994e+02 -2.382000000000000028e+01 -8.957999999999999829e+01 1.439499999999999886e+02 0.000000000000000000e+00 1.700000000000000000e+01 -1.492100000000000080e+02
-9.162999999999999545e+01 0.000000000000000000e+00 2.564000000000000057e+01 -8.873999999999999488e+01 3.414000000000000057e+01 -2.680000000000000160e+00 9.964000000000000057e+01 0.000000000000000000e+00 1.150699999999999932e+02 3.232099999999999795e+02
-7.590000000000000568e+01 0.000000000000000000e+00 1.938700000000000045e+02 -2.542000000000000171e+01 -2.169999999999999929e+00 -4.235000000000000142e+01 -1.409699999999999989e+02 0.000000000000000000e+00 -9.334000000000000341e+01 -2.498499999999999943e+02
1.438100000000000023e+02 0.000000000000000000e+00 -2.051000000000000156e+01 -1.155999999999999943e+02 -2.201999999999999957e+01 -5.149000000000000199e+01 4.092000000000000171e+01 0.000000000000000000e+00 8.112999999999999545e+01 5.942999999999999972e+01
5.890999999999999659e+01 0.000000000000000000e+00 7.254000000000000625e+01 -5.224000000000000199e+01 3.155999999999999872e+01 1.723000000000000043e+01 3.679999999999999716e+01 0.000000000000000000e+00 -8.779000000000000625e+01 4.878999999999999915e+01
-3.871000000000000085e+01 0.000000000000000000e+00 -1.140999999999999943e+02 -5.400999999999999801e+01 0.000000000000000000e+00 -4.030000000000000249e+00 -8.703000000000000114e+01 0.000000000000000000e+00 2.310000000000000142e+01 -1.284999999999999964e+01
-1.605500000000000114e+02 0.000000000000000000e+00 3.459000000000000341e+01 -1.308100000000000023e+02 -8.310000000000000497e+00 7.859999999999999432e+01 2.958999999999999986e+01 0.000000000000000000e+00 -2.387000000000000099e+01 -4.940999999999999659e+01
7.793999999999999773e+01 0.000000000000000000e+00 2.412000000000000099e+01 8.326000000000000512e+01 5.339999999999999858e+00 1.372899999999999920e+02 -2.810000000000000053e+00 0.000000000000000000e+00 2.623000000000000043e+01 4.489000000000000057e+01
2.732000000000000028e+01 0.000000000000000000e+00 5.538000000000000256e+01 -6.417000000000000171e+01 1.066999999999999993e+01 4.445000000000000284e+01 9.795000000000000284e+01 0.000000000000000000e+00 3.399999999999999911e+00 -8.601000000000000512e+01
-8.485999999999999943e+01 0.000000000000000000e+00 -3.005999999999999872e+01 1.111599999999999966e+02 -1.152999999999999936e+01 -1.904199999999999875e+02 -5.867999999999999972e+01 0.000000000000000000e+00 1.221000000000000085e+01 1.953000000000000114e+02
4.003000000000000114e+01 0.000000000000000000e+00 1.580000000000000071e+01 3.207999999999999829e+01 8.199999999999999512e-01 -1.153999999999999915e+01 -2.080000000000000000e+02 0.000000000000000000e+00 2.129999999999999893e+00 -1.355800000000000125e+02
1.541000000000000014e+01 0.000000000000000000e+00 -1.117999999999999972e+01 -6.545000000000000284e+01 -7.139999999999999680e+00 4.388000000000000256e+01 -6.222999999999999687e+01 0.000000000000000000e+00 4.178000000000000114e+01 -1.709000000000000057e+02
-9.943999999999999773e+01 0.000000000000000000e+00 -7.990000000000000568e+01 9.820000000000000284e+00 5.790000000000000036e+00 -2.475500000000000114e+02 4.223500000000000227e+02 0.000000000000000000e+00 -1.031500000000000057e+02 8.284000000000000341e+01
3.175000000000000000e+01 0.000000000000000000e+00 -7.467000000000000171e+01 2.642000000000000171e+01 2.346000000000000085e+01 3.116299999999999955e+02 -1.886599999999999966e+02 0.000000000000000000e+00 -4.860000000000000320e+00 8.529000000000000625e+01
2.219000000000000128e+01 0.000000000000000000e+00 -1.149000000000000021e+01 5.295000000000000284e+01 -4.450000000000000178e+00 -1.492999999999999972e+01 1.543499999999999943e+02 0.000000000000000000e+00 -2.155999999999999872e+01 1.134399999999999977e+02
-4.189000000000000057e+01 0.000000000000000000e+00 5.195000000000000284e+01 1.717400000000000091e+02 1.669999999999999929e+01 -2.040000000000000036e+00 -4.238000000000000114e+02 0.000000000000000000e+00 7.943000000000000682e+01 -8.132999999999999829e+01
1.691699999999999875e+02 0.000000000000000000e+00 -6.131000000000000227e+01 7.298000000000000398e+01 -8.099999999999999645e+00 -1.269099999999999966e+02 1.029200000000000017e+02 0.000000000000000000e+00 -4.107000000000000028e+01 -8.687999999999999545e+01
-4.974000000000000199e+01 0.000000000000000000e+00 -1.261800000000000068e+02 1.057600000000000051e+02 -1.060000000000000053e+00 -1.333000000000000007e+01 3.185899999999999750e+02 0.000000000000000000e+00 4.070000000000000284e+00 -7.675000000000000000e+01
-1.717100000000000080e+02 0.000000000000000000e+00 -7.945999999999999375e+01 1.973999999999999844e+01 -1.276999999999999957e+01 2.332999999999999829e+01 -1.179999999999999938e+00 0.000000000000000000e+00 -1.597000000000000064e+01 7.745000000000000284e+01
-4.064000000000000057e+01 0.000000000000000000e+00 6.926000000000000512e+01 1.253400000000000034e+02 -1.919999999999999929e+00 -2.317299999999999898e+02 -1.434900000000000091e+02 0.000000000000000000e+00 4.015999999999999659e+01 7.142000000000000171e+01
1.013100000000000023e+02 0.000000000000000000e+00 -2.300000000000000100e-01 1.644399999999999977e+02 3.001999999999999957e+01 1.509199999999999875e+02 -1.382299999999999898e+02 0.000000000000000000e+00 -1.757999999999999829e+01 1.296399999999999864e+02
1.996299999999999955e+02 0.000000000000000000e+00 -4.860000000000000320e+00 1.284199999999999875e+02 9.029999999999999361e+00 1.890399999999999920e+02 -1.767999999999999972e+01 0.000000000000000000e+00 1.683999999999999986e+01 2.582000000000000028e+01
2.260000000000000142e+01 0.000000000000000000e+00 -8.909999999999999432e+01 4.146000000000000085e+01 -1.249000000000000021e+01 1.912500000000000000e+02 2.686999999999999886e+02 0.000000000000000000e+00 3.003999999999999915e+01 -1.213900000000000006e+02
-2.263400000000000034e+02 0.000000000000000000e+00 -1.100100000000000051e+02 1.204399999999999977e+02 -8.669999999999999929e+00 -2.924599999999999795e+02 -5.003999999999999915e+01 0.000000000000000000e+00 -9.534000000000000341e+01 7.019999999999999574e+00
-8.504999999999999716e+01 0.000000000000000000e+00 3.739000000000000057e+01 1.736399999999999864e+02 -9.859999999999999432e+00 -3.426399999999999864e+02 -1.043900000000000006e+02 0.000000000000000000e+00 1.090000000000000080e+00 7.451999999999999602e+01
1.515000000000000036e+01 0.000000000000000000e+00 2.983999999999999986e+01 2.018799999999999955e+02 8.380000000000000782e+00 1.294399999999999977e+02 5.714999999999999858e+01 0.000000000000000000e+00 5.429999999999999716e+00 -7.320000000000000284e+00
1.297800000000000011e+02 0.000000000000000000e+00 7.139999999999999680e+00 1.176700000000000017e+02 6.830000000000000071e+00 1.299399999999999977e+02 1.251999999999999957e+01 0.000000000000000000e+00 2.169999999999999929e+01 -6.607999999999999829e+01
1.463000000000000114e+02 0.000000000000000000e+00 -7.368000000000000682e+01 1.488000000000000114e+02 2.450000000000000178e+00 1.703199999999999932e+02 -1.339300000000000068e+02 0.000000000000000000e+00 5.361999999999999744e+01 2.200000000000000011e-01
-7.687000000000000455e+01 0.000000000000000000e+00 -5.534000000000000341e+01 1.909699999999999989e+02 -1.059999999999999964e+01 -5.315999999999999659e+01 1.066999999999999993e+01 0.000000000000000000e+00 -6.856999999999999318e+01 -8.800000000000000000e+01
-1.900800000000000125e+02 0.000000000000000000e+00 3.500999999999999801e+01 1.070400000000000063e+02 1.133000000000000007e+01 -6.640999999999999659e+01 2.169999999999999929e+00 0.000000000000000000e+00 3.277000000000000313e+01 -1.260799999999999983e+02
1.042999999999999972e+01 0.000000000000000000e+00 -1.456000000000000050e+01 1.195900000000000034e+02 -6.330000000000000071e+00 -3.910000000000000142e+00 2.630000000000000071e+01 0.000000000000000000e+00 -4.742000000000000171e+01 1.274500000000000028e+02
3.936999999999999744e+01 0.000000000000000000e+00 -8.957999999999999829e+01 2.619999999999999929e+01 8.000000000000000000e+00 -2.100600000000000023e+02 8.317000000000000171e+01 0.000000000000000000e+00 -3.932999999999999829e+01 8.420000000000000284e+01
4.017999999999999972e+01 0.000000000000000000e+00 7.799999999999999822e+00 -9.740999999999999659e+01 -6.650000000000000355e+00 -2.421000000000000085e+01 -1.644199999999999875e+02 0.000000000000000000e+00 6.620000000000000107e+00 1.045300000000000011e+02
2.235999999999999943e+01 0.000000000000000000e+00 -6.356000000000000227e+01 -9.129000000000000625e+01 -2.560000000000000053e+00 3.028999999999999915e+01 -3.889000000000000057e+01 0.000000000000000000e+00 1.653000000000000114e+01 -1.208700000000000045e+02
7.945000000000000284e+01 0.000000000000000000e+00 4.442999999999999972e+01 -2.598000000000000043e+01 1.992999999999999972e+01 8.096999999999999886e+01 8.481000000000000227e+01 0.000000000000000000e+00 5.639000000000000057e+01 -7.656999999999999318e+01
-2.305000000000000071e+01 0.000000000000000000e+00 -1.728999999999999915e+01 -1.016700000000000017e+02 -1.150000000000000000e+01 1.097900000000000063e+02 1.213199999999999932e+02 0.000000000000000000e+00 -2.700000000000000178e+00 2.221999999999999886e+01
-4.518999999999999773e+01 0.000000000000000000e+00 -4.797999999999999687e+01 -1.713400000000000034e+02 -6.080000000000000071e+00 -2.755000000000000071e+01 -5.334000000000000341e+01 0.000000000000000000e+00 -4.265999999999999659e+01 1.711699999999999875e+02
-1.097000000000000028e+02 0.000000000000000000e+00 1.655000000000000071e+01 -2.528199999999999932e+02 3.499999999999999778e-01 -1.352899999999999920e+02 -2.421999999999999886e+01 0.000000000000000000e+00 -1.864000000000000057e+01 1.409999999999999964e+01
-8.029999999999999361e+00 0.000000000000000000e+00 -1.179999999999999938e+00 -1.868700000000000045e+02 7.440000000000000391e+00 -5.514000000000000057e+01 -8.171999999999999886e+01 0.000000000000000000e+00 6.965000000000000568e+01 -1.142699999999999960e+02
1.235600000000000023e+02 0.000000000000000000e+00 -1.156000000000000050e+01 -1.752199999999999989e+02 -6.540000000000000036e+00 1.903999999999999915e+01 1.141200000000000045e+02 0.000000000000000000e+00 5.009999999999999787e+00 -1.334000000000000057e+02
9.262999999999999545e+01 0.000000000000000000e+00 -4.559999999999999609e+00 -1.676800000000000068e+02 1.121000000000000085e+01 1.486399999999999864e+02 -5.139999999999999858e+01 0.000000000000000000e+00 -3.677000000000000313e+01 9.145999999999999375e+01
-1.423499999999999943e+02 0.000000000000000000e+00 -8.130000000000000782e+00 -8.154999999999999716e+01 -8.289999999999999147e+00 -9.787000000000000455e+01 6.950000000000000178e+00 0.000000000000000000e+00 4.320000000000000284e+01 -4.022999999999999687e+01
-1.250999999999999979e+01 0.000000000000000000e+00 1.198199999999999932e+02 -7.920000000000000284e+01 -2.276000000000000156e+01 1.233999999999999986e+01 2.357999999999999829e+01 0.000000000000000000e+00 -9.070000000000000284e+00 9.482999999999999829e+01
2.057999999999999829e+01 0.000000000000000000e+00 4.321000000000000085e+01 -1.097699999999999960e+02 1.191999999999999993e+01 -6.540000000000000568e+01 -1.695300000000000011e+02 0.000000000000000000e+00 4.638000000000000256e+01 1.059099999999999966e+02
6.589999999999999858e+00 0.000000000000000000e+00 -5.480000000000000426e+00 -1.546299999999999955e+02 -2.580000000000000071e+00 1.597000000000000064e+01 -9.357999999999999829e+01 0.000000000000000000e+00 -6.531999999999999318e+01 -2.963000000000000114e+02
2.620000000000000107e+00 0.000000000000000000e+00 1.657000000000000028e+01 -1.463000000000000114e+02 -1.599000000000000021e+01 -1.395099999999999909e+02 -5.320000000000000284e+01 0.000000000000000000e+00 -1.926999999999999957e+01 -6.219999999999999751e+00
-4.289999999999999858e+01 0.000000000000000000e+00 3.132000000000000028e+01 -1.021200000000000045e+02 4.692000000000000171e+01 -2.240000000000000213e+00 3.032000000000000028e+01 0.000000000000000000e+00 2.135999999999999943e+01 8.279999999999999716e+01
