1.087399999999999949e+02 0.000000000000000000e+00 3.112000000000000099e+01 -3.896999999999999886e+01 -6.142000000000000171e+01 -2.298799999999999955e+02 -1.635800000000000125e+02 -1.642199999999999989e+02 2.144000000000000128e+01 -3.370099999999999909e+02
-1.939999999999999858e+01 0.000000000000000000e+00 2.450999999999999943e+02 1.377700000000000102e+02 -1.794999999999999929e+01 1.630999999999999943e+02 5.892999999999999972e+01 -3.892000000000000171e+01 1.202199999999999989e+02 -2.738100000000000023e+02
-6.675000000000000000e+01 0.000000000000000000e+00 -5.539999999999999858e+01 9.989000000000000057e+01 -1.610999999999999943e+01 -2.805500000000000114e+02 4.944900000000000091e+02 -2.911000000000000227e+02 -2.111899999999999977e+02 2.716700000000000159e+02
-1.767500000000000000e+02 0.000000000000000000e+00 -2.076500000000000057e+02 -2.461599999999999966e+02 -5.310000000000000142e+01 -7.097899999999999636e+02 3.930000000000000160e+00 -1.458799999999999955e+02 7.576999999999999602e+01 3.349100000000000250e+02
-2.366899999999999977e+02 0.000000000000000000e+00 2.262999999999999901e+01 -6.368999999999999773e+01 -2.885000000000000142e+01 -1.615500000000000114e+02 -2.675699999999999932e+02 2.862699999999999818e+02 1.372100000000000080e+02 -2.798899999999999864e+02
-8.145999999999999375e+01 0.000000000000000000e+00 1.082999999999999972e+02 2.276999999999999957e+01 -2.790000000000000036e+00 8.032500000000000000e+02 1.174200000000000017e+02 6.307500000000000000e+02 -1.525200000000000102e+02 7.053000000000000114e+01
4.582799999999999727e+02 0.000000000000000000e+00 8.304999999999999716e+01 1.632599999999999909e+02 6.290000000000000036e+00 1.237099999999999937e+02 3.618600000000000136e+02 -4.907799999999999727e+02 2.980000000000000071e+01 1.605000000000000000e+02
1.830099999999999909e+02 0.000000000000000000e+00 -3.307999999999999829e+01 2.167999999999999972e+01 -2.098000000000000043e+01 -5.144800000000000182e+02 -3.147799999999999727e+02 6.629999999999999893e+00 -4.159000000000000341e+01 -3.423299999999999841e+02
-1.383100000000000023e+02 0.000000000000000000e+00 -2.053199999999999932e+02 -7.887000000000000455e+01 -6.117999999999999972e+01 -3.231000000000000227e+01 -8.331999999999999318e+01 -6.482999999999999829e+01 -3.035999999999999943e+01 1.153199999999999932e+02
-2.063400000000000034e+02 0.000000000000000000e+00 1.818700000000000045e+02 8.068999999999999773e+01 1.372000000000000064e+01 5.447100000000000364e+02 -6.914000000000000057e+01 -2.711200000000000045e+02 -3.200999999999999801e+01 -7.860999999999999943e+01
3.450000000000000000e+01 0.000000000000000000e+00 2.481100000000000136e+02 2.864000000000000057e+01 -1.010999999999999943e+01 -3.388500000000000227e+02 7.337999999999999545e+01 -2.051100000000000136e+02 2.505399999999999920e+02 1.308400000000000034e+02
1.515099999999999909e+02 0.000000000000000000e+00 -1.798199999999999932e+02 -2.098999999999999844e+01 -3.250000000000000000e+00 -3.483199999999999932e+02 6.887000000000000455e+01 2.409600000000000080e+02 -4.014000000000000057e+01 -1.613899999999999864e+02
-3.921999999999999886e+01 0.000000000000000000e+00 -3.176000000000000156e+01 -2.807000000000000028e+01 -5.453999999999999915e+01 4.537300000000000182e+02 1.877100000000000080e+02 6.387200000000000273e+02 -1.220000000000000000e+02 1.898100000000000023e+02
-1.201899999999999977e+02 0.000000000000000000e+00 7.859999999999999432e+01 1.146500000000000057e+02 1.394999999999999929e+01 3.774499999999999886e+02 -1.691500000000000057e+02 -7.523999999999999488e+01 -1.626999999999999957e+01 4.660000000000000142e+01
-4.106000000000000227e+01 0.000000000000000000e+00 -7.426999999999999602e+01 -3.363000000000000256e+01 -9.429999999999999716e+00 -5.149299999999999500e+02 -3.939800000000000182e+02 -1.358199999999999932e+02 9.526999999999999602e+01 -2.383000000000000114e+02
-6.129999999999999893e+00 0.000000000000000000e+00 -1.448799999999999955e+02 4.603999999999999915e+01 -4.025000000000000000e+01 -5.468899999999999864e+02 1.297599999999999909e+02 -1.398300000000000125e+02 -2.566899999999999977e+02 -3.656000000000000227e+02
6.840000000000000568e+01 0.000000000000000000e+00 8.112000000000000455e+01 3.296000000000000085e+01 -4.425000000000000000e+01 7.428500000000000227e+02 2.549300000000000068e+02 -5.345000000000000284e+01 3.525000000000000000e+01 3.809800000000000182e+02
-1.339000000000000057e+01 0.000000000000000000e+00 6.967000000000000171e+01 5.214000000000000057e+01 2.294000000000000128e+01 6.341699999999999591e+02 7.600000000000000089e-01 -6.804999999999999716e+01 2.539799999999999898e+02 5.867100000000000364e+02
1.335900000000000034e+02 0.000000000000000000e+00 1.293600000000000136e+02 -1.436699999999999875e+02 -1.646000000000000085e+01 -6.436299999999999955e+02 4.539000000000000057e+01 -3.824100000000000250e+02 2.112000000000000099e+01 -1.835600000000000023e+02
8.270999999999999375e+01 0.000000000000000000e+00 -6.163000000000000256e+01 3.026600000000000250e+02 -1.096000000000000085e+01 -6.250099999999999909e+02 3.194000000000000128e+01 -3.507999999999999829e+01 -9.198000000000000398e+01 -3.274499999999999886e+02
-2.292199999999999989e+02 0.000000000000000000e+00 5.179999999999999716e+00 -3.952000000000000313e+01 -3.225999999999999801e+01 6.413300000000000409e+02 -7.659000000000000341e+01 4.091600000000000250e+02 -4.292999999999999972e+01 1.243199999999999932e+02
-2.098899999999999864e+02 0.000000000000000000e+00 1.185999999999999943e+01 -2.387500000000000000e+02 -3.217999999999999972e+01 3.495000000000000284e+01 2.001699999999999875e+02 3.841499999999999773e+02 -3.699999999999999956e-01 -2.092999999999999972e+01
1.049899999999999949e+02 0.000000000000000000e+00 4.299000000000000199e+01 7.804000000000000625e+01 1.333999999999999986e+01 -6.591799999999999500e+02 -3.212799999999999727e+02 -2.040300000000000011e+02 -8.787999999999999545e+01 4.695000000000000284e+01
2.173700000000000045e+02 0.000000000000000000e+00 -1.464199999999999875e+02 1.646999999999999886e+01 -4.624000000000000199e+01 -3.483899999999999864e+02 6.184000000000000341e+01 -3.213600000000000136e+02 2.169999999999999929e+01 -1.633100000000000023e+02
2.730999999999999872e+01 0.000000000000000000e+00 2.800000000000000000e+01 1.976599999999999966e+02 2.560999999999999943e+01 1.086109999999999900e+03 3.137400000000000091e+02 -1.897100000000000080e+02 1.607100000000000080e+02 -2.339999999999999858e+00
-1.222399999999999949e+02 0.000000000000000000e+00 8.206999999999999318e+01 4.224000000000000199e+01 -3.240999999999999659e+01 5.738500000000000227e+02 -4.111499999999999773e+02 4.443700000000000045e+02 4.328000000000000114e+01 -1.262500000000000000e+02
1.303799999999999955e+02 0.000000000000000000e+00 1.181800000000000068e+02 9.070999999999999375e+01 -1.366000000000000014e+01 -4.779200000000000159e+02 -3.025000000000000000e+02 1.632500000000000000e+02 -6.360000000000000142e+01 2.395800000000000125e+02
-2.120999999999999943e+02 0.000000000000000000e+00 -2.225099999999999909e+02 -1.537299999999999898e+02 -6.074000000000000199e+01 -7.037000000000000455e+02 -1.567999999999999972e+01 -8.373999999999999488e+01 7.929000000000000625e+01 -1.903999999999999915e+01
-1.857000000000000028e+01 0.000000000000000000e+00 -8.100000000000000533e-01 -9.493000000000000682e+01 -2.085000000000000142e+01 -1.384999999999999964e+01 5.388200000000000500e+02 -2.794000000000000128e+01 -2.799399999999999977e+02 -8.868000000000000682e+01
1.022500000000000000e+02 0.000000000000000000e+00 3.191000000000000014e+01 1.011099999999999994e+02 4.996000000000000085e+01 2.656899999999999977e+02 2.330999999999999872e+01 -1.393899999999999864e+02 1.169300000000000068e+02 2.119799999999999898e+02
4.882999999999999829e+01 0.000000000000000000e+00 2.076999999999999957e+01 -1.315000000000000036e+01 -2.346999999999999886e+01 -3.244700000000000273e+02 -3.853600000000000136e+02 1.152999999999999936e+01 8.150000000000000000e+01 -1.700200000000000102e+02
-1.188599999999999994e+02 0.000000000000000000e+00 7.285999999999999943e+01 4.700999999999999801e+01 -5.800000000000000000e+01 7.149099999999999682e+02 -2.078499999999999943e+02 -3.505600000000000023e+02 -3.500000000000000000e+01 4.777000000000000313e+01
1.513600000000000136e+02 0.000000000000000000e+00 -1.045999999999999943e+02 7.001000000000000512e+01 2.330000000000000071e+00 6.929000000000000625e+01 2.094099999999999966e+02 3.662900000000000205e+02 -5.809000000000000341e+01 6.003000000000000114e+01
-3.974000000000000199e+01 0.000000000000000000e+00 -1.156800000000000068e+02 1.418999999999999950e+01 -8.750000000000000000e+00 -3.197300000000000182e+02 9.390299999999999727e+02 5.271999999999999886e+01 8.240000000000000213e+00 4.814999999999999858e+01
9.035999999999999943e+01 0.000000000000000000e+00 1.809399999999999977e+02 -9.380000000000000782e+00 -7.519999999999999574e+00 -1.323799999999999955e+02 -4.970699999999999932e+02 -3.438899999999999864e+02 1.148799999999999955e+02 -3.816200000000000045e+02
5.690000000000000391e+00 0.000000000000000000e+00 4.146000000000000085e+01 2.696999999999999886e+01 -7.135999999999999943e+01 4.094399999999999977e+02 -7.052500000000000000e+02 1.017800000000000011e+02 -1.817500000000000000e+02 4.076800000000000068e+02
-2.879100000000000250e+02 0.000000000000000000e+00 -2.041299999999999955e+02 -1.325900000000000034e+02 2.792000000000000171e+01 1.822700000000000102e+02 2.117700000000000102e+02 1.585999999999999943e+02 -1.973000000000000043e+01 2.532299999999999898e+02
-2.828000000000000114e+01 0.000000000000000000e+00 -1.481599999999999966e+02 -3.253999999999999915e+01 -1.101999999999999957e+01 -1.293150000000000091e+03 4.450600000000000023e+02 1.392299999999999898e+02 1.244399999999999977e+02 -2.567300000000000182e+02
8.518000000000000682e+01 0.000000000000000000e+00 1.040000000000000036e+00 1.990399999999999920e+02 -1.835000000000000142e+01 1.988300000000000125e+02 1.725200000000000102e+02 -9.757999999999999829e+01 3.899999999999999911e+00 -4.522300000000000182e+02
9.365000000000000568e+01 0.000000000000000000e+00 6.782999999999999829e+01 -6.812000000000000455e+01 -1.523000000000000043e+01 6.676599999999999682e+02 -5.482000000000000028e+01 3.560400000000000205e+02 1.552999999999999936e+01 2.257599999999999909e+02
1.398400000000000034e+02 0.000000000000000000e+00 2.662999999999999901e+01 5.757000000000000028e+01 -1.839999999999999858e+01 6.034299999999999500e+02 -3.117599999999999909e+02 -1.917599999999999909e+02 -9.723000000000000398e+01 7.745000000000000284e+01
7.400000000000000355e+00 0.000000000000000000e+00 -4.550000000000000000e+01 3.610000000000000142e+01 -1.385999999999999943e+01 -5.737899999999999636e+02 -3.057900000000000205e+02 -3.518199999999999932e+02 -1.300000000000000000e+01 -2.063899999999999864e+02
-1.012500000000000000e+02 0.000000000000000000e+00 1.246200000000000045e+02 -1.163799999999999955e+02 -2.803000000000000114e+01 -3.171700000000000159e+02 -1.312400000000000091e+02 1.455300000000000011e+02 -1.564600000000000080e+02 2.777300000000000182e+02
-2.469600000000000080e+02 0.000000000000000000e+00 -1.383600000000000136e+02 -9.915000000000000568e+01 3.040000000000000036e+00 1.471699999999999875e+02 5.607000000000000028e+01 1.540999999999999943e+02 7.789000000000000057e+01 1.952700000000000102e+02
3.589000000000000057e+01 0.000000000000000000e+00 -2.091500000000000057e+02 1.632000000000000028e+01 7.830000000000000071e+00 -3.954200000000000159e+02 6.221599999999999682e+02 1.222000000000000064e+01 8.029999999999999716e+01 -1.224000000000000021e+01
2.721399999999999864e+02 0.000000000000000000e+00 -4.739999999999999858e+01 -9.099999999999999645e+00 -2.208999999999999986e+01 -2.195699999999999932e+02 -4.992999999999999972e+01 -2.189300000000000068e+02 4.560000000000000142e+01 -3.799100000000000250e+02
1.144300000000000068e+02 0.000000000000000000e+00 2.727699999999999818e+02 9.228000000000000114e+01 -5.667000000000000171e+01 5.447899999999999636e+02 8.784999999999999432e+01 6.131000000000000227e+01 3.384000000000000341e+01 -7.559000000000000341e+01
5.100000000000000089e-01 0.000000000000000000e+00 1.331800000000000068e+02 2.606700000000000159e+02 2.003999999999999915e+01 4.551999999999999886e+02 -6.444400000000000546e+02 1.766399999999999864e+02 -4.803999999999999915e+01 3.338700000000000045e+02
-9.406000000000000227e+01 0.000000000000000000e+00 -9.445999999999999375e+01 -7.739000000000000057e+01 -6.410000000000000142e+00 1.795000000000000000e+02 1.076400000000000006e+02 -3.878000000000000114e+01 3.064999999999999858e+01 1.639699999999999989e+02
-1.245199999999999960e+02 0.000000000000000000e+00 -1.573000000000000114e+02 -2.486500000000000057e+02 -5.568999999999999773e+01 -7.332699999999999818e+02 1.577700000000000102e+02 -3.635699999999999932e+02 -6.493000000000000682e+01 -2.902900000000000205e+02
-1.715000000000000000e+02 0.000000000000000000e+00 8.435999999999999943e+01 8.334999999999999432e+01 1.799999999999999933e-01 -1.488499999999999943e+02 -1.727700000000000102e+02 1.108799999999999955e+02 -3.985999999999999943e+01 -2.730899999999999750e+02
7.417000000000000171e+01 0.000000000000000000e+00 -1.615000000000000000e+02 7.526000000000000512e+01 -8.029999999999999361e+00 2.773299999999999841e+02 2.420300000000000011e+02 2.594200000000000159e+02 6.202000000000000313e+01 5.232799999999999727e+02
-1.372599999999999909e+02 0.000000000000000000e+00 -1.942100000000000080e+02 -2.108000000000000114e+02 -2.917999999999999972e+01 -3.212699999999999818e+02 9.301000000000000512e+01 2.348700000000000045e+02 7.726000000000000512e+01 -7.881999999999999318e+01
5.478000000000000114e+01 0.000000000000000000e+00 5.599000000000000199e+01 3.192000000000000171e+01 -1.994000000000000128e+01 1.546100000000000136e+02 1.689999999999999858e+01 -7.648000000000000398e+01 -1.444199999999999875e+02 -4.774300000000000068e+02
1.469199999999999875e+02 0.000000000000000000e+00 1.497199999999999989e+02 1.783700000000000045e+02 3.096000000000000085e+01 4.639200000000000159e+02 -6.403000000000000114e+01 -1.574000000000000021e+01 1.000000000000000056e-01 7.256999999999999318e+01
2.984599999999999795e+02 0.000000000000000000e+00 -5.599999999999999645e+00 -1.348000000000000043e+01 -1.898999999999999844e+01 2.431100000000000136e+02 -4.557099999999999795e+02 -5.172999999999999687e+01 7.117000000000000171e+01 1.967199999999999989e+02
-2.556399999999999864e+02 0.000000000000000000e+00 -7.250000000000000000e+01 -2.282800000000000011e+02 -3.200000000000000000e+01 -6.168400000000000318e+02 2.136299999999999955e+02 -4.812699999999999818e+02 -1.410600000000000023e+02 1.871999999999999886e+01
-2.302400000000000091e+02 0.000000000000000000e+00 7.256000000000000227e+01 5.699000000000000199e+01 -1.953000000000000114e+01 -5.895800000000000409e+02 3.051499999999999773e+02 -4.776999999999999886e+02 1.889000000000000057e+01 7.390000000000000568e+01
1.764600000000000080e+02 0.000000000000000000e+00 2.523000000000000043e+01 3.044800000000000182e+02 1.461999999999999922e+01 -3.837599999999999909e+02 -3.526299999999999955e+02 8.469299999999999500e+02 1.187699999999999960e+02 9.121999999999999886e+01
1.609199999999999875e+02 0.000000000000000000e+00 -8.004999999999999716e+01 -1.598199999999999932e+02 1.921000000000000085e+01 8.263600000000000136e+02 2.070500000000000114e+02 7.138500000000000227e+02 7.953000000000000114e+01 3.825899999999999750e+02
-4.504999999999999716e+01 0.000000000000000000e+00 -4.821999999999999886e+01 -1.609300000000000068e+02 -1.300999999999999979e+01 5.693400000000000318e+02 1.990800000000000125e+02 -6.659700000000000273e+02 -7.606000000000000227e+01 -5.553700000000000045e+02
-3.903000000000000114e+01 0.000000000000000000e+00 7.242000000000000171e+01 -5.969999999999999751e+00 -8.323999999999999488e+01 6.784000000000000341e+01 -1.891000000000000014e+01 -3.617400000000000091e+02 -6.684000000000000341e+01 -3.985600000000000023e+02
-4.406000000000000227e+01 0.000000000000000000e+00 1.543799999999999955e+02 2.700000000000000000e+02 -3.392999999999999972e+01 -1.515500000000000114e+02 -2.350000000000000000e+01 3.183500000000000227e+02 6.281000000000000227e+01 1.162500000000000000e+02
9.720999999999999375e+01 0.000000000000000000e+00 5.602000000000000313e+01 5.795000000000000284e+01 2.730999999999999872e+01 -7.612000000000000455e+01 -6.107999999999999829e+01 6.512999999999999545e+01 7.539000000000000057e+01 5.012400000000000091e+02
1.092999999999999972e+01 0.000000000000000000e+00 -4.767000000000000171e+01 -1.214000000000000057e+02 1.333999999999999986e+01 -3.546899999999999977e+02 -6.426000000000000512e+01 -2.528499999999999943e+02 -9.406999999999999318e+01 3.013799999999999955e+02
-7.145000000000000284e+01 0.000000000000000000e+00 -1.880399999999999920e+02 -9.484000000000000341e+01 -1.889999999999999902e+00 7.559999999999999609e+00 -2.871000000000000085e+01 1.787800000000000011e+02 -1.497400000000000091e+02 -2.123400000000000034e+02
-1.471399999999999864e+02 0.000000000000000000e+00 -7.575000000000000000e+01 -1.157399999999999949e+02 -2.478999999999999915e+01 -5.840000000000000000e+02 7.500000000000000000e-01 2.049799999999999898e+02 1.242800000000000011e+02 -4.430500000000000114e+02
3.859999999999999876e+00 0.000000000000000000e+00 6.117999999999999972e+01 5.070000000000000284e+00 -1.616000000000000014e+01 4.159700000000000273e+02 1.951999999999999957e+01 -6.272999999999999687e+01 -4.775000000000000000e+01 -1.740399999999999920e+02
1.005999999999999943e+02 0.000000000000000000e+00 2.058100000000000023e+02 1.631399999999999864e+02 -2.748000000000000043e+01 7.602000000000000455e+02 1.637599999999999909e+02 -1.320000000000000000e+02 8.175000000000000000e+01 2.293499999999999943e+02
9.509999999999999787e+00 0.000000000000000000e+00 1.058999999999999986e+01 7.170999999999999375e+01 -3.307000000000000028e+01 4.174000000000000199e+01 -5.492999999999999972e+01 3.253999999999999915e+01 -1.781699999999999875e+02 1.575300000000000011e+02
-4.650999999999999801e+01 0.000000000000000000e+00 -1.068100000000000023e+02 -1.383499999999999943e+02 2.083999999999999986e+01 -5.855199999999999818e+02 2.943399999999999750e+02 -2.792200000000000273e+02 2.061500000000000057e+02 1.769600000000000080e+02
-1.444600000000000080e+02 0.000000000000000000e+00 -1.542100000000000080e+02 -9.818999999999999773e+01 4.904999999999999716e+01 -4.727200000000000273e+02 -9.454000000000000625e+01 -1.600399999999999920e+02 -7.125000000000000000e+01 -5.479400000000000546e+02
1.229099999999999966e+02 0.000000000000000000e+00 8.767000000000000171e+01 1.008000000000000007e+01 -8.565000000000000568e+01 4.455299999999999727e+02 -6.042400000000000091e+02 4.854599999999999795e+02 -1.680999999999999872e+01 4.570899999999999750e+02
9.604000000000000625e+01 0.000000000000000000e+00 -5.204999999999999716e+01 -3.890000000000000124e+00 2.676000000000000156e+01 -2.486800000000000068e+02 3.955899999999999750e+02 -4.102000000000000313e+01 -6.648000000000000398e+01 3.026999999999999886e+02
2.062899999999999920e+02 0.000000000000000000e+00 3.992999999999999972e+01 1.320000000000000062e+00 5.419999999999999929e+00 6.035000000000000142e+01 3.895000000000000284e+01 -4.469999999999999751e+00 -1.088700000000000045e+02 -5.862000000000000455e+02
-2.284000000000000057e+02 0.000000000000000000e+00 1.573600000000000136e+02 2.307999999999999829e+01 -3.357999999999999829e+01 1.419099999999999966e+02 -1.989999999999999991e+00 -1.041500000000000057e+02 1.378300000000000125e+02 -8.689000000000000057e+01
-1.327199999999999989e+02 0.000000000000000000e+00 4.857999999999999829e+01 4.661999999999999744e+01 -2.532999999999999829e+01 2.272299999999999898e+02 1.140000000000000036e+01 -1.952800000000000011e+02 1.059399999999999977e+02 1.428600000000000136e+02
1.765600000000000023e+02 0.000000000000000000e+00 -8.593999999999999773e+01 7.650000000000000355e+00 -2.990000000000000213e+00 -4.849599999999999795e+02 -2.303000000000000114e+01 6.626100000000000136e+02 1.024699999999999989e+02 2.500000000000000000e+02
1.811299999999999955e+02 0.000000000000000000e+00 5.946000000000000085e+01 1.794399999999999977e+02 1.653999999999999915e+01 8.584999999999999432e+01 -2.200600000000000023e+02 -2.310200000000000102e+02 -9.817000000000000171e+01 -1.715699999999999932e+02
-1.908100000000000023e+02 0.000000000000000000e+00 -2.785000000000000142e+01 -1.399799999999999898e+02 -4.534000000000000341e+01 4.085099999999999909e+02 -2.321000000000000085e+01 -4.576200000000000045e+02 -1.799699999999999989e+02 -1.114500000000000028e+02
-1.538100000000000023e+02 0.000000000000000000e+00 -1.146599999999999966e+02 -2.573999999999999773e+02 -2.423999999999999844e+01 -3.917000000000000171e+01 1.353300000000000125e+02 1.040199999999999960e+02 6.102000000000000313e+01 3.006399999999999864e+02
1.531299999999999955e+02 0.000000000000000000e+00 -2.014999999999999858e+01 1.514699999999999989e+02 1.217999999999999972e+01 -5.788600000000000136e+02 3.530099999999999909e+02 6.649099999999999682e+02 8.330000000000000071e+00 -2.404600000000000080e+02
6.542000000000000171e+01 0.000000000000000000e+00 2.623600000000000136e+02 2.417299999999999898e+02 -8.060000000000000497e+00 1.206299999999999955e+02 -5.076600000000000250e+02 1.727700000000000102e+02 -1.291000000000000014e+01 -3.851499999999999773e+02
-6.322999999999999687e+01 0.000000000000000000e+00 -6.643000000000000682e+01 -1.368400000000000034e+02 -1.639999999999999858e+01 3.131299999999999955e+02 -2.713700000000000045e+02 -8.189400000000000546e+02 -1.278999999999999915e+01 4.174700000000000273e+02
-8.129000000000000625e+01 0.000000000000000000e+00 -1.158299999999999983e+02 -1.635300000000000011e+02 -1.582000000000000028e+01 1.075999999999999943e+02 1.985900000000000034e+02 9.769999999999999574e+00 8.854000000000000625e+01 1.660000000000000142e+01
3.763000000000000256e+01 0.000000000000000000e+00 -4.200000000000000000e+01 5.775999999999999801e+01 -1.710999999999999943e+01 6.845000000000000284e+01 5.853799999999999955e+02 2.247700000000000102e+02 4.427000000000000313e+01 -2.169600000000000080e+02
-1.655000000000000071e+01 0.000000000000000000e+00 3.179499999999999886e+02 1.630999999999999872e+01 3.729999999999999982e+00 -5.086999999999999886e+02 -3.783999999999999773e+02 -3.125099999999999909e+02 -1.540000000000000000e+02 -9.190000000000000568e+01
5.490000000000000213e+00 0.000000000000000000e+00 1.855999999999999872e+01 6.286999999999999744e+01 -1.666000000000000014e+01 2.324900000000000091e+02 -4.268999999999999773e+02 -5.447999999999999687e+01 -7.228000000000000114e+01 3.682699999999999818e+02
1.199999999999999956e+00 0.000000000000000000e+00 -3.390500000000000114e+02 -4.540999999999999659e+01 -3.039999999999999858e+01 2.548000000000000114e+02 6.206100000000000136e+02 5.526299999999999955e+02 3.881000000000000227e+01 4.038899999999999864e+02
4.939000000000000057e+01 0.000000000000000000e+00 5.564999999999999858e+01 -1.085999999999999943e+01 -3.990000000000000213e+00 -2.952799999999999727e+02 9.410999999999999943e+01 1.133700000000000045e+02 2.801999999999999957e+01 -4.817699999999999818e+02
3.187000000000000099e+01 0.000000000000000000e+00 2.320300000000000011e+02 -4.742000000000000171e+01 -1.860000000000000098e+00 -1.195100000000000051e+02 -3.249900000000000091e+02 -5.063100000000000023e+02 -3.379999999999999716e+01 -4.695000000000000000e+02
8.623999999999999488e+01 0.000000000000000000e+00 -2.285999999999999943e+01 -2.387000000000000099e+01 5.860000000000000320e+00 4.531100000000000136e+02 -8.696999999999999886e+01 -2.926100000000000136e+02 6.067000000000000171e+01 3.135500000000000114e+02
-2.576200000000000045e+02 0.000000000000000000e+00 -3.396000000000000085e+01 -5.502000000000000313e+01 -5.003000000000000114e+01 -2.796999999999999886e+02 -2.203999999999999915e+01 4.377400000000000091e+02 -2.446000000000000085e+01 3.526899999999999977e+02
-1.006899999999999977e+02 0.000000000000000000e+00 1.703100000000000023e+02 8.700000000000000000e+01 1.169999999999999929e+00 -4.920299999999999727e+02 1.440099999999999909e+02 4.546000000000000085e+01 8.645000000000000284e+01 -2.180900000000000034e+02
3.586800000000000068e+02 0.000000000000000000e+00 7.123999999999999488e+01 1.079099999999999966e+02 -5.190000000000000391e+00 1.644399999999999977e+02 7.754999999999999716e+01 4.875999999999999801e+01 3.421999999999999886e+01 -2.830899999999999750e+02
2.631000000000000227e+02 0.000000000000000000e+00 -3.714999999999999858e+01 -7.912000000000000455e+01 1.319999999999999929e+01 6.364700000000000273e+02 -3.770000000000000284e+01 4.180199999999999818e+02 -1.188900000000000006e+02 4.096700000000000159e+02
-3.045400000000000205e+02 0.000000000000000000e+00 -5.932000000000000028e+01 8.890000000000000568e+00 -4.914000000000000057e+01 2.851499999999999773e+02 1.042600000000000051e+02 -1.786999999999999886e+02 -1.571000000000000085e+01 4.913000000000000256e+01
-3.110799999999999841e+02 0.000000000000000000e+00 -1.084699999999999989e+02 9.076000000000000512e+01 3.475000000000000000e+01 -4.512500000000000000e+02 -1.136800000000000068e+02 -3.604900000000000091e+02 5.696999999999999886e+01 -1.986899999999999977e+02
2.482999999999999829e+01 0.000000000000000000e+00 1.090999999999999943e+02 -7.018000000000000682e+01 -1.878999999999999915e+01 -5.658099999999999454e+02 -1.465500000000000114e+02 5.627000000000000313e+01 4.152000000000000313e+01 -4.039000000000000057e+01
3.082300000000000182e+02 0.000000000000000000e+00 -2.095300000000000011e+02 -2.523100000000000023e+02 -4.700999999999999801e+01 4.911899999999999977e+02 6.634000000000000341e+01 -3.243700000000000045e+02 -5.434000000000000341e+01 8.257999999999999829e+01
-1.306000000000000050e+01 0.000000000000000000e+00 1.941899999999999977e+02 8.110999999999999943e+01 -7.490000000000000213e+00 -1.870399999999999920e+02 -1.390999999999999943e+02 9.962999999999999545e+01 6.523999999999999488e+01 -1.808600000000000136e+02
-2.107700000000000102e+02 0.000000000000000000e+00 1.338899999999999864e+02 1.665099999999999909e+02 2.364000000000000057e+01 5.194600000000000364e+02 1.673499999999999943e+02 5.876200000000000045e+02 3.489999999999999858e+01 2.577200000000000273e+02
3.714999999999999858e+01 0.000000000000000000e+00 -1.083499999999999943e+02 1.888499999999999943e+02 -2.110000000000000142e+01 -1.079500000000000028e+02 5.150000000000000000e+01 1.549000000000000021e+01 -4.810999999999999943e+01 1.689000000000000057e+01
-2.459999999999999964e+00 0.000000000000000000e+00 -1.910500000000000114e+02 -1.248299999999999983e+02 -1.655999999999999872e+01 -3.877200000000000273e+02 4.880699999999999932e+02 -4.415400000000000205e+02 -1.051299999999999955e+02 -8.926000000000000512e+01
1.463000000000000078e+01 0.000000000000000000e+00 -3.618999999999999773e+01 -1.673499999999999943e+02 -1.525999999999999979e+01 2.908700000000000045e+02 -1.824099999999999966e+02 -7.293999999999999773e+01 -5.928999999999999915e+01 -1.180699999999999932e+02
-3.325000000000000000e+01 0.000000000000000000e+00 -4.657000000000000028e+01 -1.414000000000000057e+01 -1.191999999999999993e+01 2.963299999999999841e+02 -3.785199999999999818e+02 3.617300000000000182e+02 1.241400000000000006e+02 -1.443899999999999864e+02
1.889199999999999875e+02 0.000000000000000000e+00 9.517000000000000171e+01 1.905000000000000071e+01 -1.755000000000000071e+01 -6.251299999999999955e+02 -3.680000000000000160e+00 -1.032699999999999960e+02 -1.717000000000000171e+01 4.683500000000000227e+02
2.582000000000000028e+01 0.000000000000000000e+00 1.079599999999999937e+02 6.007000000000000028e+01 3.098000000000000043e+01 -3.335600000000000023e+02 -2.430000000000000071e+01 -1.984300000000000068e+02 -2.262999999999999901e+01 6.417000000000000171e+01
5.142000000000000171e+01 0.000000000000000000e+00 3.064999999999999858e+01 -3.954999999999999716e+01 -4.169999999999999929e+00 5.954700000000000273e+02 -2.625000000000000000e+02 7.981000000000000227e+01 3.289000000000000057e+01 -4.195099999999999909e+02
-1.501500000000000057e+02 0.000000000000000000e+00 4.584000000000000341e+01 8.782999999999999829e+01 -2.032999999999999829e+01 3.166899999999999977e+02 5.241599999999999682e+02 -3.024700000000000273e+02 1.045600000000000023e+02 1.942999999999999972e+01
-1.135600000000000023e+02 0.000000000000000000e+00 -4.832000000000000028e+01 7.460999999999999943e+01 3.660000000000000142e+00 -2.746200000000000045e+02 1.282599999999999909e+02 6.311100000000000136e+02 -8.098000000000000398e+01 -3.699999999999999956e-01
1.540000000000000036e+01 0.000000000000000000e+00 -2.285900000000000034e+02 -9.378000000000000114e+01 -3.110999999999999943e+01 1.379699999999999989e+02 -1.515999999999999943e+02 2.642500000000000000e+02 -1.329900000000000091e+02 1.863499999999999943e+02
2.494000000000000057e+02 0.000000000000000000e+00 -8.840999999999999659e+01 -1.585699999999999932e+02 2.669000000000000128e+01 -5.759999999999999787e+00 -4.544300000000000068e+02 6.202000000000000313e+01 5.102000000000000313e+01 6.321000000000000085e+01
-6.673000000000000398e+01 0.000000000000000000e+00 7.248000000000000398e+01 -1.390999999999999943e+02 5.799999999999999600e-01 -6.856999999999999318e+01 5.165999999999999659e+01 -5.322200000000000273e+02 3.137000000000000099e+01 -7.365000000000000568e+01
-1.296299999999999955e+02 0.000000000000000000e+00 2.401999999999999957e+01 -1.730999999999999872e+01 -5.824000000000000199e+01 1.645399999999999920e+02 3.236899999999999977e+02 -7.766100000000000136e+02 6.099999999999999645e+00 -1.660399999999999920e+02
1.307100000000000080e+02 0.000000000000000000e+00 1.405500000000000114e+02 1.606100000000000136e+02 1.055000000000000071e+01 -4.896399999999999864e+02 -1.328999999999999915e+01 2.947900000000000205e+02 5.689000000000000057e+01 -1.923700000000000045e+02
-3.720000000000000195e+00 0.000000000000000000e+00 -1.401999999999999957e+01 5.243999999999999773e+01 -1.290000000000000036e+00 5.489999999999999858e+01 -1.352999999999999936e+01 6.130099999999999909e+02 -1.381000000000000050e+01 2.052500000000000000e+02
-2.648700000000000045e+02 0.000000000000000000e+00 -1.697199999999999989e+02 1.195600000000000023e+02 6.250000000000000000e+00 3.547300000000000182e+02 2.496999999999999886e+01 2.374900000000000091e+02 -1.481399999999999864e+02 4.347699999999999818e+02
-6.122999999999999687e+01 0.000000000000000000e+00 -1.463000000000000114e+02 -2.825799999999999841e+02 -9.380000000000000782e+00 6.704000000000000625e+01 1.685300000000000011e+02 -3.133999999999999773e+02 -3.745000000000000284e+01 -3.623000000000000114e+02
3.743700000000000045e+02 0.000000000000000000e+00 -8.815000000000000568e+01 -2.523700000000000045e+02 1.184999999999999964e+01 -3.239700000000000273e+02 -1.740500000000000114e+02 -1.020799999999999983e+02 6.912999999999999545e+01 -1.502100000000000080e+02
9.607999999999999829e+01 0.000000000000000000e+00 2.309000000000000057e+02 -3.653999999999999915e+01 -2.742000000000000171e+01 9.454000000000000625e+01 -1.459999999999999964e+00 -5.560000000000000142e+01 7.734999999999999432e+01 1.736800000000000068e+02
-1.101899999999999977e+02 0.000000000000000000e+00 2.568100000000000023e+02 2.477100000000000080e+02 -2.976000000000000156e+01 -4.435999999999999943e+01 2.189999999999999858e+01 2.774900000000000091e+02 3.919999999999999929e+00 3.452300000000000182e+02
-5.324000000000000199e+01 0.000000000000000000e+00 -5.310999999999999943e+01 1.498000000000000114e+02 3.839000000000000057e+01 -3.577699999999999818e+02 -1.092199999999999989e+02 -4.273799999999999955e+02 -6.989000000000000057e+01 -3.437099999999999795e+02
4.103999999999999915e+01 0.000000000000000000e+00 -1.331599999999999966e+02 -7.981000000000000227e+01 -2.462999999999999901e+01 2.806399999999999864e+02 -1.276899999999999977e+02 -2.011200000000000045e+02 1.586999999999999922e+01 6.684000000000000341e+01
-8.512000000000000455e+01 0.000000000000000000e+00 -5.309999999999999609e+00 -2.937000000000000099e+01 9.240000000000000213e+00 1.882899999999999920e+02 1.939900000000000091e+02 5.654199999999999591e+02 1.079099999999999966e+02 -9.226999999999999602e+01
4.839999999999999858e+01 0.000000000000000000e+00 -2.987999999999999901e+01 -2.373199999999999932e+02 -1.196000000000000085e+01 2.085699999999999932e+02 -3.796999999999999886e+01 -2.026200000000000045e+02 -8.789000000000000057e+01 -9.890000000000000568e+01
-7.846999999999999886e+01 0.000000000000000000e+00 -1.325999999999999979e+01 -7.721999999999999886e+01 -3.682000000000000028e+01 -3.430500000000000114e+02 -2.369699999999999989e+02 8.550000000000000711e+00 -9.793000000000000682e+01 2.920600000000000023e+02
-9.579000000000000625e+01 0.000000000000000000e+00 2.630000000000000071e+01 1.600699999999999932e+02 1.951999999999999957e+01 -4.447400000000000091e+02 2.347599999999999909e+02 3.071899999999999977e+02 2.801999999999999957e+01 1.269399999999999977e+02
1.711299999999999955e+02 0.000000000000000000e+00 1.513300000000000125e+02 9.900000000000000355e+00 -1.914000000000000057e+01 4.552400000000000091e+02 1.710800000000000125e+02 2.584200000000000159e+02 -1.292999999999999972e+01 -1.104899999999999949e+02
-4.681000000000000227e+01 0.000000000000000000e+00 -1.597899999999999920e+02 -1.454099999999999966e+02 8.999999999999999667e-02 2.713600000000000136e+02 3.296999999999999886e+01 -5.574500000000000455e+02 8.495999999999999375e+01 -4.098799999999999955e+02
-6.900000000000000355e+00 0.000000000000000000e+00 -8.495999999999999375e+01 6.835999999999999943e+01 -9.589999999999999858e+00 -3.599200000000000159e+02 8.476000000000000512e+01 -3.914900000000000091e+02 1.067999999999999972e+01 -5.278000000000000114e+01
3.234000000000000341e+01 0.000000000000000000e+00 7.276999999999999602e+01 6.859000000000000341e+01 -3.157999999999999829e+01 -8.746999999999999886e+01 1.401800000000000068e+02 -9.346999999999999886e+01 -3.682999999999999829e+01 3.032799999999999727e+02
3.403000000000000114e+01 0.000000000000000000e+00 1.412299999999999898e+02 -1.369699999999999989e+02 8.000000000000000444e-01 9.243000000000000682e+01 -4.280199999999999818e+02 4.535099999999999909e+02 -6.923000000000000398e+01 2.953999999999999915e+01
-3.160799999999999841e+02 0.000000000000000000e+00 -8.351000000000000512e+01 -1.584399999999999977e+02 1.692999999999999972e+01 -7.820000000000000284e+00 4.542999999999999972e+01 5.343899999999999864e+02 -4.257999999999999829e+01 1.188700000000000045e+02
1.364199999999999875e+02 0.000000000000000000e+00 -5.767000000000000171e+01 7.346999999999999886e+01 1.396000000000000085e+01 -4.524300000000000068e+02 2.657099999999999795e+02 -1.271400000000000006e+02 4.760999999999999943e+01 -1.965000000000000000e+02
1.645200000000000102e+02 0.000000000000000000e+00 7.023999999999999488e+01 4.988000000000000256e+01 9.320000000000000284e+00 4.463000000000000114e+02 -2.247100000000000080e+02 -5.393700000000000045e+02 5.732999999999999829e+01 1.800099999999999909e+02
1.566999999999999886e+02 0.000000000000000000e+00 -3.800999999999999801e+01 -1.920099999999999909e+02 -1.358999999999999986e+01 -8.254999999999999716e+01 9.006000000000000227e+01 2.424300000000000068e+02 1.053100000000000023e+02 3.413000000000000256e+01
-4.100999999999999801e+01 0.000000000000000000e+00 -4.071999999999999886e+01 5.335999999999999943e+01 -3.532000000000000028e+01 -3.615999999999999659e+01 -3.760999999999999943e+01 2.888000000000000114e+02 -2.412000000000000099e+01 -6.909999999999999432e+01
4.679999999999999716e+01 0.000000000000000000e+00 2.137700000000000102e+02 4.150899999999999750e+02 -5.009999999999999787e+00 4.552000000000000313e+01 -2.557599999999999909e+02 -1.610900000000000034e+02 -2.117999999999999972e+01 -2.560099999999999909e+02
-5.610999999999999943e+01 0.000000000000000000e+00 6.534999999999999432e+01 -1.563400000000000034e+02 3.221999999999999886e+01 5.474600000000000364e+02 1.252000000000000028e+02 -3.989900000000000091e+02 -4.524000000000000199e+01 -1.960500000000000114e+02
-9.806999999999999318e+01 0.000000000000000000e+00 -2.470500000000000114e+02 -4.016700000000000159e+02 -4.774000000000000199e+01 -5.550700000000000500e+02 1.681500000000000057e+02 -9.951000000000000512e+01 -1.170499999999999972e+02 2.194799999999999898e+02
-1.368600000000000136e+02 0.000000000000000000e+00 -2.512000000000000099e+01 -2.323400000000000034e+02 -5.820000000000000284e+00 -1.404399999999999977e+02 -2.061399999999999864e+02 4.266600000000000250e+02 5.840999999999999659e+01 3.187900000000000205e+02
-6.912999999999999545e+01 0.000000000000000000e+00 3.246999999999999886e+01 1.915000000000000000e+02 2.160000000000000142e+00 -1.389900000000000091e+02 2.651600000000000250e+02 -6.473999999999999488e+01 -4.432999999999999829e+01 -2.117299999999999898e+02
2.013899999999999864e+02 0.000000000000000000e+00 -3.628000000000000114e+01 2.009900000000000091e+02 -3.520000000000000018e+00 -2.204199999999999875e+02 1.011599999999999966e+02 3.328600000000000136e+02 9.451000000000000512e+01 -7.612000000000000455e+01
4.621000000000000085e+01 0.000000000000000000e+00 -1.193700000000000045e+02 -5.986999999999999744e+01 -5.580000000000000071e+00 4.384599999999999795e+02 1.708400000000000034e+02 1.083999999999999986e+01 -3.639999999999999858e+01 2.243600000000000136e+02
-2.044000000000000128e+01 0.000000000000000000e+00 1.321800000000000068e+02 -1.471000000000000085e+01 -2.098999999999999844e+01 6.995800000000000409e+02 -7.084700000000000273e+02 -3.872599999999999909e+02 1.717999999999999972e+01 -1.313000000000000078e+01
1.580000000000000071e+00 0.000000000000000000e+00 6.280000000000000249e+00 3.907999999999999829e+01 1.770000000000000018e+00 -3.331100000000000136e+02 2.954200000000000159e+02 -9.006000000000000227e+01 -1.646000000000000085e+01 -3.557300000000000182e+02
-2.649999999999999911e+00 0.000000000000000000e+00 1.064899999999999949e+02 1.228999999999999915e+01 -1.100000000000000000e+01 -6.345499999999999545e+02 1.858000000000000114e+02 -4.057000000000000028e+01 2.135000000000000142e+01 1.257000000000000028e+01
3.370000000000000284e+01 0.000000000000000000e+00 -1.801999999999999957e+01 -1.256099999999999994e+02 -1.368999999999999950e+01 -1.995300000000000011e+02 -7.885999999999999943e+01 3.185000000000000000e+02 -1.803600000000000136e+02 2.438000000000000114e+02
-1.800099999999999909e+02 0.000000000000000000e+00 -6.653000000000000114e+01 -2.000099999999999909e+02 -1.328999999999999915e+01 8.237000000000000455e+01 -1.306100000000000136e+02 1.404699999999999989e+02 1.761800000000000068e+02 -1.930500000000000114e+02
1.662000000000000099e+01 0.000000000000000000e+00 -4.132999999999999829e+01 4.053000000000000114e+01 2.819999999999999929e+01 3.476399999999999864e+02 1.666599999999999966e+02 -4.354999999999999716e+01 5.696999999999999886e+01 1.733000000000000114e+02
2.179099999999999966e+02 0.000000000000000000e+00 -5.742999999999999972e+01 1.222199999999999989e+02 7.209999999999999964e+00 1.780900000000000034e+02 -3.965999999999999659e+01 -2.479699999999999989e+02 -4.924000000000000199e+01 2.271999999999999886e+02
-5.000000000000000000e+01 0.000000000000000000e+00 -6.303999999999999915e+01 1.001200000000000045e+02 -1.550999999999999979e+01 2.600299999999999727e+02 2.107700000000000102e+02 6.934999999999999432e+01 1.568999999999999950e+01 -1.127300000000000040e+02
-1.229000000000000057e+02 0.000000000000000000e+00 9.609999999999999432e+01 -4.247999999999999687e+01 -3.353999999999999915e+01 -2.204900000000000091e+02 -2.661000000000000227e+02 -1.465000000000000036e+01 -7.468000000000000682e+01 -4.250500000000000114e+02
2.356800000000000068e+02 0.000000000000000000e+00 6.153000000000000114e+01 1.243999999999999950e+01 2.378999999999999915e+01 -3.237900000000000205e+02 -3.443500000000000227e+02 -2.538000000000000114e+02 -6.217000000000000171e+01 -6.509999999999999787e+00
5.432999999999999829e+01 0.000000000000000000e+00 -2.303999999999999915e+01 -2.459499999999999886e+02 -1.757000000000000028e+01 -3.667599999999999909e+02 2.348000000000000114e+02 -1.399999999999999911e+00 6.446999999999999886e+01 2.939399999999999977e+02
-2.640799999999999841e+02 0.000000000000000000e+00 4.953000000000000114e+01 -7.492000000000000171e+01 -3.222999999999999687e+01 3.229700000000000273e+02 2.921100000000000136e+02 2.845299999999999727e+02 6.227000000000000313e+01 -2.419199999999999875e+02
-2.851299999999999955e+02 0.000000000000000000e+00 -7.773000000000000398e+01 2.468199999999999932e+02 -1.533000000000000007e+01 1.803000000000000114e+02 -3.629999999999999893e+00 2.048400000000000034e+02 1.660999999999999943e+01 3.355099999999999909e+02
2.076800000000000068e+02 0.000000000000000000e+00 -1.112600000000000051e+02 1.603000000000000114e+01 5.340999999999999659e+01 -3.321200000000000045e+02 -1.683700000000000045e+02 -7.331999999999999318e+01 -9.462999999999999545e+01 3.697500000000000000e+02
1.060999999999999943e+02 0.000000000000000000e+00 -2.399300000000000068e+02 -1.264699999999999989e+02 -2.662999999999999901e+01 -1.348300000000000125e+02 -3.475999999999999801e+01 1.577599999999999909e+02 -4.307999999999999829e+01 -3.253000000000000114e+02
-1.001999999999999957e+01 0.000000000000000000e+00 1.210900000000000034e+02 -8.448000000000000398e+01 -2.003000000000000114e+01 6.503600000000000136e+02 3.028999999999999915e+01 -5.814199999999999591e+02 -1.017999999999999972e+01 -4.027300000000000182e+02
6.260000000000000142e+01 0.000000000000000000e+00 1.885099999999999909e+02 2.722500000000000000e+02 1.159999999999999964e+01 2.061899999999999977e+02 -7.109999999999999432e+01 -3.302699999999999818e+02 -3.370000000000000107e+00 1.052000000000000028e+02
1.989300000000000068e+02 0.000000000000000000e+00 9.026000000000000512e+01 -1.135300000000000011e+02 -8.220000000000000639e+00 -6.190000000000000000e+02 1.741699999999999875e+02 5.937000000000000455e+02 1.062699999999999960e+02 2.505099999999999909e+02
1.689000000000000057e+01 0.000000000000000000e+00 1.050199999999999960e+02 -1.579300000000000068e+02 1.679999999999999938e+00 -2.204799999999999898e+02 2.457500000000000000e+02 2.983199999999999932e+02 -9.668000000000000682e+01 -1.901800000000000068e+02
-2.845000000000000000e+02 0.000000000000000000e+00 -1.632100000000000080e+02 -9.754000000000000625e+01 -2.932999999999999829e+01 8.157999999999999545e+02 -2.957999999999999829e+01 -5.363000000000000256e+01 5.635999999999999943e+01 -4.828000000000000114e+01
-1.595999999999999943e+02 0.000000000000000000e+00 -1.526999999999999886e+02 1.749799999999999898e+02 -6.759999999999999787e+00 -5.865199999999999818e+02 -2.508300000000000125e+02 -2.570699999999999932e+02 8.270000000000000284e+01 1.569999999999999929e+01
-8.093999999999999773e+01 0.000000000000000000e+00 -4.500999999999999801e+01 -3.108999999999999986e+01 -6.910000000000000142e+00 -4.259900000000000091e+02 -1.250499999999999972e+02 -2.039300000000000068e+02 -2.407000000000000028e+01 3.088399999999999750e+02
1.060000000000000000e+02 0.000000000000000000e+00 -1.027099999999999937e+02 7.125000000000000000e+01 2.729999999999999982e+00 4.236800000000000068e+02 1.468100000000000023e+02 -5.345000000000000284e+01 -6.946999999999999886e+01 -5.428000000000000114e+01
1.547899999999999920e+02 0.000000000000000000e+00 1.025400000000000063e+02 -1.097699999999999960e+02 4.156000000000000227e+01 4.117099999999999795e+02 1.126500000000000057e+02 2.204199999999999875e+02 -1.361999999999999922e+01 -1.747599999999999909e+02
2.530000000000000000e+02 0.000000000000000000e+00 7.650000000000000000e+01 -3.945000000000000284e+01 -3.839999999999999858e+01 -3.813600000000000136e+02 -1.533199999999999932e+02 -1.393700000000000045e+02 -2.742999999999999972e+01 -2.649300000000000068e+02
-2.543100000000000023e+02 0.000000000000000000e+00 5.670000000000000284e+01 -4.417999999999999972e+01 -6.078999999999999915e+01 4.199000000000000199e+01 -1.589499999999999886e+02 -1.211500000000000057e+02 2.632999999999999829e+01 8.125000000000000000e+01
-1.414399999999999977e+02 0.000000000000000000e+00 6.884999999999999432e+01 -5.000000000000000000e-01 1.996000000000000085e+01 -4.429999999999999716e+00 1.069599999999999937e+02 6.136799999999999500e+02 2.223999999999999844e+01 3.277799999999999727e+02
5.721999999999999886e+01 0.000000000000000000e+00 -1.976000000000000156e+01 -4.539999999999999858e+01 5.557999999999999829e+01 2.531999999999999886e+02 1.093100000000000023e+02 2.050300000000000011e+02 -4.371999999999999886e+01 -1.500999999999999979e+01
6.017000000000000171e+01 0.000000000000000000e+00 -1.682500000000000000e+02 -2.669999999999999929e+00 -2.644999999999999929e+01 -5.253999999999999773e+02 4.237900000000000205e+02 -8.881100000000000136e+02 3.303000000000000114e+01 1.160799999999999983e+02
-1.367100000000000080e+02 0.000000000000000000e+00 -4.521000000000000085e+01 -4.353000000000000114e+01 1.789000000000000057e+01 -4.707599999999999909e+02 -2.853999999999999915e+01 -3.846700000000000159e+02 5.078999999999999915e+01 1.235699999999999932e+02
1.225199999999999960e+02 0.000000000000000000e+00 1.593799999999999955e+02 1.128799999999999955e+02 -8.140000000000000568e+00 2.835299999999999727e+02 -3.679300000000000068e+02 5.646000000000000227e+02 -1.601500000000000057e+02 -3.772300000000000182e+02
1.163900000000000006e+02 0.000000000000000000e+00 6.520999999999999375e+01 8.681000000000000227e+01 1.669000000000000128e+01 7.728300000000000409e+02 2.707699999999999818e+02 4.661399999999999864e+02 2.456599999999999966e+02 1.622800000000000011e+02
9.398999999999999488e+01 0.000000000000000000e+00 1.236200000000000045e+02 4.410999999999999943e+01 9.499999999999999556e-01 -7.007999999999999829e+01 -5.495000000000000284e+01 -3.090699999999999932e+02 -8.187999999999999545e+01 -6.607999999999999829e+01
-1.016700000000000017e+02 0.000000000000000000e+00 1.953999999999999915e+01 -1.704499999999999886e+02 -4.100999999999999801e+01 6.289000000000000057e+01 -3.324200000000000159e+02 -4.553299999999999841e+02 -2.344000000000000128e+01 -1.022199999999999989e+02
-1.756500000000000057e+02 0.000000000000000000e+00 -1.630399999999999920e+02 -9.684999999999999432e+01 8.980000000000000426e+00 -2.653399999999999750e+02 1.231700000000000017e+02 7.528000000000000114e+01 -1.354099999999999966e+02 1.105000000000000071e+01
-1.385999999999999943e+02 0.000000000000000000e+00 -8.717000000000000171e+01 6.068999999999999773e+01 2.985000000000000142e+01 -6.419999999999999929e+00 3.624399999999999977e+02 9.191499999999999773e+02 1.396599999999999966e+02 7.962999999999999545e+01
7.612999999999999545e+01 0.000000000000000000e+00 1.867999999999999972e+01 9.310999999999999943e+01 -1.787000000000000099e+01 -3.457900000000000205e+02 -1.022000000000000028e+02 1.488799999999999955e+02 3.135000000000000142e+01 2.753500000000000227e+02
-7.310999999999999943e+01 0.000000000000000000e+00 1.451800000000000068e+02 -2.760000000000000142e+01 2.300000000000000100e-01 1.524000000000000057e+02 -2.104199999999999875e+02 -2.068100000000000023e+02 4.325000000000000000e+01 -1.539799999999999898e+02
9.679000000000000625e+01 0.000000000000000000e+00 -2.823000000000000043e+01 -2.298999999999999844e+01 -1.753999999999999915e+01 1.386999999999999886e+02 -2.070900000000000034e+02 -4.637300000000000182e+02 -8.459999999999999432e+01 -3.900299999999999727e+02
3.057599999999999909e+02 0.000000000000000000e+00 -8.169999999999999929e+00 -9.590999999999999659e+01 -2.982999999999999829e+01 2.108999999999999986e+01 1.169899999999999949e+02 -5.562000000000000455e+02 -4.007000000000000028e+01 -3.256899999999999977e+02
-1.101899999999999977e+02 0.000000000000000000e+00 -2.478999999999999915e+01 -8.220000000000000639e+00 -1.889000000000000057e+01 -2.988700000000000045e+02 1.911500000000000057e+02 2.089300000000000068e+02 -1.510600000000000023e+02 4.758299999999999841e+02
-2.722300000000000182e+02 0.000000000000000000e+00 9.200000000000000000e+01 4.981000000000000227e+01 3.338000000000000256e+01 5.477799999999999727e+02 4.099999999999999645e+00 1.963600000000000136e+02 8.493999999999999773e+01 4.010000000000000000e+02
-5.695000000000000284e+01 0.000000000000000000e+00 9.393999999999999773e+01 -8.753000000000000114e+01 1.385999999999999943e+01 4.486399999999999864e+02 -1.569699999999999989e+02 3.208500000000000227e+02 9.471999999999999886e+01 -6.459999999999999964e+00
1.759000000000000057e+02 0.000000000000000000e+00 -2.234000000000000057e+02 -6.306000000000000227e+01 2.246999999999999886e+01 -4.063600000000000136e+02 1.920200000000000102e+02 -2.280999999999999872e+01 -9.346999999999999886e+01 -3.001899999999999977e+02
1.648100000000000023e+02 0.000000000000000000e+00 5.447999999999999687e+01 -1.219999999999999973e+00 -3.108999999999999986e+01 -5.237500000000000000e+02 -2.125999999999999943e+02 1.118400000000000034e+02 4.525999999999999801e+01 -7.170999999999999375e+01
-1.392500000000000000e+02 0.000000000000000000e+00 5.728999999999999915e+01 8.426000000000000512e+01 -5.629999999999999716e+01 4.542999999999999972e+01 -1.251999999999999957e+01 -5.512999999999999545e+02 -9.654000000000000625e+01 -1.089599999999999937e+02
-1.271599999999999966e+02 0.000000000000000000e+00 1.625999999999999943e+02 4.939000000000000057e+01 4.278000000000000114e+01 -1.739399999999999977e+02 -1.109099999999999966e+02 -3.191000000000000227e+02 1.930699999999999932e+02 -1.751999999999999957e+01
1.793600000000000136e+02 0.000000000000000000e+00 -8.059999999999999432e+01 5.639999999999999858e+01 1.280000000000000027e+00 4.568999999999999773e+01 2.459300000000000068e+02 5.876599999999999682e+02 -3.615999999999999659e+01 3.554100000000000250e+02
5.253999999999999915e+01 0.000000000000000000e+00 -4.335000000000000142e+01 -9.975000000000000000e+01 -3.175000000000000000e+01 1.144839999999999918e+03 1.480900000000000034e+02 6.512100000000000364e+02 -6.900000000000000000e+01 -2.897599999999999909e+02
-1.815600000000000023e+02 0.000000000000000000e+00 -1.057000000000000028e+01 -2.971200000000000045e+02 -1.175000000000000000e+01 -7.804000000000000625e+01 2.095300000000000011e+02 -2.346399999999999864e+02 -1.391800000000000068e+02 -6.548000000000000398e+01
6.476999999999999602e+01 0.000000000000000000e+00 1.119800000000000040e+02 5.200000000000000000e+01 2.717000000000000171e+01 -8.565399999999999636e+02 -5.785000000000000142e+01 -6.210099999999999909e+02 4.179999999999999716e+01 6.649500000000000455e+02
1.976299999999999955e+02 0.000000000000000000e+00 2.799999999999999822e+00 1.702100000000000080e+02 3.434000000000000341e+01 -1.754099999999999966e+02 -2.915400000000000205e+02 -8.045999999999999375e+01 1.438400000000000034e+02 -1.230499999999999972e+02
-1.116500000000000057e+02 0.000000000000000000e+00 6.145000000000000284e+01 -1.102699999999999960e+02 -2.146000000000000085e+01 1.881500000000000057e+02 -2.307400000000000091e+02 2.477500000000000000e+02 -1.125000000000000000e+01 -4.897400000000000091e+02
-1.424399999999999977e+02 0.000000000000000000e+00 1.330200000000000102e+02 -2.430999999999999872e+01 -3.571000000000000085e+01 -6.445000000000000284e+01 8.987999999999999545e+01 3.957400000000000091e+02 -2.078999999999999915e+01 -2.559300000000000068e+02
1.620800000000000125e+02 0.000000000000000000e+00 -5.464000000000000057e+01 1.369600000000000080e+02 -1.623999999999999844e+01 -2.941399999999999864e+02 1.407400000000000091e+02 -2.237299999999999898e+02 1.484999999999999964e+01 3.282699999999999818e+02
5.761999999999999744e+01 0.000000000000000000e+00 3.200000000000000067e-01 6.734000000000000341e+01 4.530000000000000249e+00 4.264900000000000091e+02 -2.927300000000000182e+02 -2.252100000000000080e+02 9.259000000000000341e+01 1.135799999999999983e+02
-2.871000000000000227e+02 0.000000000000000000e+00 -8.250000000000000000e+01 -1.543400000000000034e+02 -2.910000000000000142e+00 1.883899999999999864e+02 -1.510500000000000114e+02 4.483100000000000023e+02 -1.031099999999999994e+02 -1.638899999999999864e+02
-5.334000000000000341e+01 0.000000000000000000e+00 1.160199999999999960e+02 -1.308899999999999864e+02 -2.214000000000000057e+01 6.457100000000000364e+02 2.322100000000000080e+02 3.110400000000000205e+02 -5.215999999999999659e+01 3.547999999999999687e+01
6.918000000000000682e+01 0.000000000000000000e+00 -2.205099999999999909e+02 -1.435699999999999932e+02 4.138000000000000256e+01 1.199599999999999937e+02 2.471000000000000085e+01 -3.287400000000000091e+02 -1.269800000000000040e+02 1.099800000000000040e+02
1.312800000000000011e+02 0.000000000000000000e+00 -5.314000000000000057e+01 -3.781000000000000227e+01 -1.049000000000000021e+01 -1.554819999999999936e+03 2.344000000000000057e+02 -9.190299999999999727e+02 3.496000000000000085e+01 -4.703000000000000114e+01
1.197199999999999989e+02 0.000000000000000000e+00 8.643999999999999773e+01 1.338700000000000045e+02 -7.299999999999999822e+00 -4.367500000000000000e+02 -5.999999999999999778e-01 2.479999999999999982e+00 1.518999999999999950e+01 7.530000000000000249e+00
-1.462100000000000080e+02 0.000000000000000000e+00 2.910699999999999932e+02 2.364699999999999989e+02 -1.380000000000000071e+01 8.154099999999999682e+02 -2.350200000000000102e+02 5.099700000000000273e+02 3.738000000000000256e+01 -3.740000000000000213e+00
2.111699999999999875e+02 0.000000000000000000e+00 7.154999999999999716e+01 -3.396999999999999886e+01 9.730000000000000426e+00 1.094500000000000028e+02 -6.854000000000000625e+01 3.464499999999999886e+02 1.095600000000000023e+02 2.592699999999999818e+02
-6.454000000000000625e+01 0.000000000000000000e+00 -7.604999999999999716e+01 -1.135100000000000051e+02 1.801999999999999957e+01 -6.811499999999999773e+02 3.371499999999999773e+02 -9.139000000000000057e+01 6.469999999999999751e+00 -8.420999999999999375e+01
-1.274300000000000068e+02 0.000000000000000000e+00 2.221000000000000085e+01 1.474099999999999966e+02 -2.101999999999999957e+01 8.732500000000000000e+02 -4.942999999999999972e+01 -3.201800000000000068e+02 -1.651500000000000057e+02 -5.969999999999999751e+00
-1.566899999999999977e+02 0.000000000000000000e+00 -6.167999999999999972e+01 -1.160699999999999932e+02 -2.419999999999999929e+00 6.818200000000000500e+02 -3.396000000000000085e+01 3.768199999999999932e+02 1.102999999999999936e+01 -4.081100000000000136e+02
3.009599999999999795e+02 0.000000000000000000e+00 -1.816899999999999977e+02 -9.514000000000000057e+01 3.888000000000000256e+01 -1.093029999999999973e+03 6.639000000000000057e+01 5.564999999999999858e+01 -2.709999999999999964e+00 2.691700000000000159e+02
2.284199999999999875e+02 0.000000000000000000e+00 7.853000000000000114e+01 1.633199999999999932e+02 1.414000000000000057e+01 -1.508600000000000136e+02 -8.735999999999999943e+01 -5.202000000000000455e+02 8.045999999999999375e+01 3.143199999999999932e+02
-3.097400000000000091e+02 0.000000000000000000e+00 2.984800000000000182e+02 2.562799999999999727e+02 -3.571999999999999886e+01 2.901800000000000068e+02 -9.059000000000000341e+01 -1.788400000000000034e+02 1.161800000000000068e+02 -7.101000000000000512e+01
-1.447199999999999989e+02 0.000000000000000000e+00 5.106000000000000227e+01 4.036999999999999744e+01 8.490000000000000213e+00 -4.264999999999999858e+01 -4.492500000000000000e+02 9.527899999999999636e+02 -4.992000000000000171e+01 -5.752699999999999818e+02
1.533700000000000045e+02 0.000000000000000000e+00 -1.097300000000000040e+02 -2.245900000000000034e+02 -4.550000000000000000e+01 -4.625799999999999841e+02 2.433499999999999943e+02 -1.726399999999999864e+02 -5.370000000000000284e+01 -3.118899999999999864e+02
-9.223999999999999488e+01 0.000000000000000000e+00 -1.953400000000000034e+02 -2.996999999999999886e+01 -2.009999999999999787e+00 1.934000000000000057e+02 9.081000000000000227e+01 -4.126499999999999773e+02 -1.339199999999999875e+02 4.256499999999999773e+02
-8.767000000000000171e+01 0.000000000000000000e+00 -2.507000000000000028e+01 8.346999999999999886e+01 3.185000000000000142e+01 8.959700000000000273e+02 7.067000000000000171e+01 -8.151999999999999602e+01 6.114999999999999858e+01 2.058600000000000136e+02
1.120799999999999983e+02 0.000000000000000000e+00 3.023000000000000043e+01 -7.860999999999999943e+01 3.713000000000000256e+01 -3.462300000000000182e+02 -1.311500000000000057e+02 4.212500000000000000e+02 -8.949999999999999289e+00 2.009499999999999886e+02
1.993899999999999864e+02 0.000000000000000000e+00 -6.070000000000000284e+01 -8.073000000000000398e+01 -4.835999999999999943e+01 -1.823400000000000034e+02 -6.809999999999999609e+00 -2.762200000000000273e+02 -8.164000000000000057e+01 -1.698000000000000043e+01
-4.443999999999999773e+01 0.000000000000000000e+00 4.084000000000000341e+01 1.001599999999999966e+02 5.554999999999999716e+01 1.476399999999999864e+02 3.307200000000000273e+02 -2.798100000000000023e+02 -8.509000000000000341e+01 -1.905600000000000023e+02
-2.124900000000000091e+02 0.000000000000000000e+00 1.142399999999999949e+02 2.484000000000000057e+02 -4.140999999999999659e+01 -1.512299999999999898e+02 -1.881800000000000068e+02 -1.773899999999999864e+02 2.738799999999999955e+02 -3.474399999999999977e+02
-3.509999999999999787e+00 0.000000000000000000e+00 1.561800000000000068e+02 -7.104000000000000625e+01 -1.851999999999999957e+01 -6.906200000000000045e+02 8.801000000000000512e+01 2.437500000000000000e+02 1.258000000000000007e+01 1.031400000000000006e+02
9.176999999999999602e+01 0.000000000000000000e+00 3.299999999999999822e+00 -1.860699999999999932e+02 -4.799999999999999822e-01 8.373999999999999488e+01 -2.334900000000000091e+02 2.314499999999999886e+02 -2.671999999999999886e+01 5.462300000000000182e+02
1.657400000000000091e+02 0.000000000000000000e+00 -1.107500000000000000e+02 9.146999999999999886e+01 -1.600000000000000089e+00 3.855299999999999727e+02 1.756100000000000136e+02 -1.493999999999999950e+01 -1.252000000000000028e+02 -1.156000000000000050e+01
-1.449000000000000057e+02 0.000000000000000000e+00 -1.758199999999999932e+02 4.989999999999999858e+01 4.186999999999999744e+01 6.787999999999999545e+02 3.137699999999999818e+02 -1.397199999999999989e+02 -2.280999999999999872e+01 -2.284900000000000091e+02
-1.096400000000000006e+02 0.000000000000000000e+00 -7.481000000000000227e+01 -1.075600000000000023e+02 -2.728999999999999915e+01 -4.164000000000000057e+01 -2.277299999999999898e+02 1.495399999999999920e+02 2.253999999999999915e+01 -2.116200000000000045e+02
8.706999999999999318e+01 0.000000000000000000e+00 9.584999999999999432e+01 7.104000000000000625e+01 -1.360999999999999943e+01 -7.203600000000000136e+02 -1.877400000000000091e+02 3.578000000000000114e+01 7.806999999999999318e+01 5.502000000000000313e+01
2.339799999999999898e+02 0.000000000000000000e+00 1.920300000000000011e+02 6.278999999999999915e+01 2.305999999999999872e+01 -1.050699999999999932e+02 -1.528300000000000125e+02 1.216299999999999955e+02 5.536999999999999744e+01 1.667400000000000091e+02
-4.188000000000000256e+01 0.000000000000000000e+00 -2.032999999999999829e+01 7.549999999999999822e+00 -1.152999999999999936e+01 4.638399999999999750e+02 2.104799999999999898e+02 -1.731500000000000057e+02 1.019999999999999929e+01 -2.726000000000000156e+01
-2.806999999999999886e+02 0.000000000000000000e+00 -1.177000000000000028e+02 -1.752100000000000080e+02 -3.260000000000000142e+01 -3.198299999999999841e+02 -8.225000000000000000e+01 7.879999999999999893e+00 -4.399000000000000199e+01 -3.322799999999999727e+02
-2.774900000000000091e+02 0.000000000000000000e+00 -3.459999999999999964e+00 8.576999999999999602e+01 3.325999999999999801e+01 -1.072800000000000011e+02 -9.369999999999999218e+00 -3.564700000000000273e+02 -6.935999999999999943e+01 1.166599999999999966e+02
1.622899999999999920e+02 0.000000000000000000e+00 -6.109000000000000341e+01 -1.334999999999999964e+01 2.779999999999999805e+00 2.496299999999999955e+02 1.438000000000000078e+01 -1.486999999999999922e+01 -7.345999999999999375e+01 2.375800000000000125e+02
3.581299999999999955e+02 0.000000000000000000e+00 -1.371399999999999864e+02 -7.209000000000000341e+01 -8.730000000000000426e+00 5.231299999999999955e+02 -3.886999999999999744e+01 5.619400000000000546e+02 7.503000000000000114e+01 -5.518999999999999773e+01
1.753000000000000114e+02 0.000000000000000000e+00 5.414999999999999858e+01 1.477999999999999936e+01 -2.857999999999999829e+01 -5.198099999999999454e+02 1.626899999999999977e+02 2.990299999999999727e+02 -7.720999999999999375e+01 -8.631999999999999318e+01
-1.483300000000000125e+02 0.000000000000000000e+00 8.062000000000000455e+01 8.079999999999999716e+01 -2.025000000000000000e+01 -2.246100000000000136e+02 1.319799999999999898e+02 -9.351799999999999500e+02 -9.201000000000000512e+01 1.684799999999999898e+02
-2.213600000000000136e+02 0.000000000000000000e+00 7.256000000000000227e+01 -6.404000000000000625e+01 6.701000000000000512e+01 3.213600000000000136e+02 -1.360399999999999920e+02 -2.389600000000000080e+02 1.157600000000000051e+02 1.040300000000000011e+02
-1.371800000000000068e+02 0.000000000000000000e+00 1.040499999999999972e+02 -3.112999999999999901e+01 -7.089999999999999858e+00 -1.980099999999999909e+02 -3.511600000000000250e+02 3.911800000000000068e+02 1.107399999999999949e+02 -1.350999999999999943e+02
1.889900000000000091e+02 0.000000000000000000e+00 -1.006599999999999966e+02 2.136899999999999977e+02 -3.446000000000000085e+01 5.965999999999999659e+01 4.610899999999999750e+02 3.306200000000000045e+02 6.984000000000000341e+01 -1.451899999999999977e+02
6.512000000000000455e+01 0.000000000000000000e+00 -4.295000000000000284e+01 1.330999999999999943e+02 1.002999999999999936e+01 -7.240999999999999659e+01 3.184900000000000091e+02 -3.435000000000000000e+02 2.128000000000000114e+01 9.540999999999999659e+01
-1.996000000000000085e+01 0.000000000000000000e+00 2.607999999999999829e+01 -9.296999999999999886e+01 -1.313000000000000078e+01 1.223000000000000043e+01 -4.961000000000000227e+02 8.493999999999999773e+01 -4.795000000000000284e+01 1.610000000000000000e+02
3.717999999999999972e+01 0.000000000000000000e+00 -1.467199999999999989e+02 -1.144599999999999937e+02 -7.719999999999999751e+00 4.990699999999999932e+02 -1.048400000000000034e+02 4.241499999999999773e+02 -1.291500000000000057e+02 -8.035999999999999943e+01
-4.729999999999999716e+01 0.000000000000000000e+00 -1.360999999999999943e+01 -1.801599999999999966e+02 9.799999999999999822e-01 1.352400000000000091e+02 5.039000000000000057e+01 -5.615999999999999659e+01 -9.762000000000000455e+01 -2.469699999999999989e+02
-7.264000000000000057e+01 0.000000000000000000e+00 1.504600000000000080e+02 4.239000000000000057e+01 -5.099999999999999645e+00 -1.082279999999999973e+03 -1.025000000000000000e+01 -3.329100000000000250e+02 1.034899999999999949e+02 -1.780999999999999872e+01
-3.892999999999999972e+01 0.000000000000000000e+00 1.468600000000000136e+02 1.580000000000000000e+02 9.810000000000000497e+00 -4.914999999999999858e+01 1.876000000000000156e+01 -7.465999999999999659e+01 1.215300000000000011e+02 3.986200000000000045e+02
3.092999999999999972e+01 0.000000000000000000e+00 -4.507999999999999829e+01 4.653999999999999915e+01 -1.171000000000000085e+01 4.802099999999999795e+02 -1.634199999999999875e+02 2.668100000000000023e+02 6.682999999999999829e+01 -2.353000000000000114e+01
2.930000000000000071e+01 0.000000000000000000e+00 -1.623899999999999864e+02 -6.878000000000000114e+01 -2.846000000000000085e+01 7.347799999999999727e+02 1.986899999999999977e+02 -2.361899999999999977e+02 -8.915999999999999659e+01 -3.223100000000000023e+02
1.633999999999999986e+01 0.000000000000000000e+00 -9.771999999999999886e+01 -1.160300000000000011e+02 -2.899999999999999911e+00 -1.763000000000000114e+02 2.054799999999999898e+02 -2.153000000000000114e+01 -1.981200000000000045e+02 -1.392800000000000011e+02
6.712000000000000455e+01 0.000000000000000000e+00 -3.297999999999999687e+01 -4.132999999999999829e+01 1.642000000000000171e+01 -5.146100000000000136e+02 -7.878000000000000114e+01 -2.652200000000000273e+02 1.875000000000000000e+01 1.725600000000000023e+02
-7.054999999999999716e+01 0.000000000000000000e+00 1.436699999999999875e+02 0.000000000000000000e+00 -2.846999999999999886e+01 -4.722799999999999727e+02 -7.942000000000000171e+01 5.802200000000000273e+02 9.329999999999999716e+01 3.631200000000000045e+02
3.510000000000000142e+01 0.000000000000000000e+00 9.887999999999999545e+01 -8.601000000000000512e+01 9.619999999999999218e+00 5.856000000000000227e+02 1.217399999999999949e+02 4.349999999999999645e+00 -3.640000000000000124e+00 -6.426000000000000512e+01
9.945999999999999375e+01 0.000000000000000000e+00 -9.229000000000000625e+01 2.076599999999999966e+02 4.060000000000000142e+01 -3.364399999999999977e+02 -3.153999999999999915e+01 -4.557799999999999727e+02 -4.292999999999999972e+01 -5.678999999999999915e+01
-7.765000000000000568e+01 0.000000000000000000e+00 1.760000000000000009e+00 1.892400000000000091e+02 -2.153999999999999915e+01 2.892300000000000182e+02 -9.359999999999999432e+00 -1.258799999999999955e+02 4.709000000000000341e+01 -2.268899999999999864e+02
-2.260099999999999909e+02 0.000000000000000000e+00 1.371399999999999864e+02 -2.490000000000000213e+00 1.912999999999999901e+01 1.346200000000000045e+02 -9.454000000000000625e+01 3.189499999999999886e+02 2.438700000000000045e+02 1.978400000000000034e+02
2.602599999999999909e+02 0.000000000000000000e+00 5.878000000000000114e+01 -2.041899999999999977e+02 -3.652000000000000313e+01 -2.534699999999999989e+02 1.969199999999999875e+02 1.681899999999999977e+02 -1.787700000000000102e+02 -6.528000000000000114e+01
2.200399999999999920e+02 0.000000000000000000e+00 -2.744300000000000068e+02 2.607999999999999829e+01 -2.621000000000000085e+01 -5.106000000000000227e+01 5.625999999999999801e+01 -3.134800000000000182e+02 -1.925399999999999920e+02 -1.163000000000000078e+01
-4.118299999999999841e+02 0.000000000000000000e+00 -2.664000000000000057e+01 5.840999999999999659e+01 2.930000000000000071e+01 1.890000000000000000e+02 6.454000000000000625e+01 9.495000000000000284e+01 2.350000000000000000e+01 -3.427099999999999795e+02
-1.660600000000000023e+02 0.000000000000000000e+00 5.419999999999999929e+00 -1.275400000000000063e+02 -2.373000000000000043e+01 -4.419999999999999929e+00 -4.210500000000000114e+02 4.110299999999999727e+02 1.549000000000000057e+02 1.752800000000000011e+02
1.047000000000000028e+02 0.000000000000000000e+00 9.731999999999999318e+01 -2.308999999999999986e+01 2.319000000000000128e+01 -2.895600000000000023e+02 9.893000000000000682e+01 1.310300000000000011e+02 2.208999999999999986e+01 3.241700000000000159e+02
2.934499999999999886e+02 0.000000000000000000e+00 4.253999999999999915e+01 2.506899999999999977e+02 -5.070000000000000284e+00 -2.784300000000000068e+02 5.536900000000000546e+02 -7.451000000000000227e+02 -8.801000000000000512e+01 -3.421000000000000085e+01
-9.068999999999999773e+01 0.000000000000000000e+00 -5.739000000000000057e+01 6.948000000000000398e+01 1.059999999999999964e+01 5.407200000000000273e+02 -4.396700000000000159e+02 -2.140500000000000114e+02 -8.237000000000000455e+01 -2.761200000000000045e+02
-1.559999999999999964e+01 0.000000000000000000e+00 -1.789099999999999966e+02 -1.363100000000000023e+02 -3.260000000000000142e+01 8.856999999999999318e+01 5.972999999999999687e+01 5.732200000000000273e+02 1.084999999999999964e+01 2.373899999999999864e+02
-2.582099999999999795e+02 0.000000000000000000e+00 -4.439000000000000057e+01 -1.860200000000000102e+02 8.429999999999999716e+00 -2.605400000000000205e+02 3.507900000000000205e+02 2.216000000000000014e+01 2.685999999999999943e+01 -9.278000000000000114e+01
6.517000000000000171e+01 0.000000000000000000e+00 2.510800000000000125e+02 8.293999999999999773e+01 -2.694999999999999929e+01 -8.242000000000000171e+01 -2.457899999999999920e+02 -1.811999999999999886e+02 8.745000000000000284e+01 -9.848000000000000398e+01
1.916000000000000014e+01 0.000000000000000000e+00 2.035600000000000023e+02 2.939599999999999795e+02 2.537000000000000099e+01 1.610699999999999932e+02 1.960999999999999943e+01 4.589999999999999858e+01 2.510999999999999943e+01 -2.200000000000000000e+02
1.417899999999999920e+02 0.000000000000000000e+00 -2.695600000000000023e+02 -2.123000000000000043e+01 -6.110000000000000320e+00 -2.582500000000000000e+02 3.396999999999999886e+01 1.981699999999999875e+02 -6.915000000000000568e+01 4.037699999999999818e+02
1.616100000000000136e+02 0.000000000000000000e+00 -1.038000000000000078e+01 -2.575600000000000023e+02 -7.980000000000000426e+00 -1.525600000000000023e+02 8.893000000000000682e+01 1.705099999999999909e+02 2.104799999999999898e+02 1.890399999999999920e+02
-1.633999999999999986e+01 0.000000000000000000e+00 1.525999999999999979e+01 1.822700000000000102e+02 1.138000000000000078e+01 3.839399999999999977e+02 6.090999999999999659e+01 -5.928500000000000227e+02 -1.723799999999999955e+02 -3.396899999999999977e+02
-2.913199999999999932e+02 0.000000000000000000e+00 3.667999999999999972e+01 1.801999999999999886e+02 -3.732999999999999829e+01 1.832199999999999989e+02 -3.359900000000000091e+02 4.763000000000000256e+01 -4.146000000000000085e+01 -1.328799999999999955e+02
-1.609300000000000068e+02 0.000000000000000000e+00 -1.163400000000000034e+02 -2.902500000000000000e+02 -3.609999999999999876e+00 1.117999999999999972e+01 -2.303999999999999915e+01 3.394800000000000182e+02 -7.859999999999999432e+01 -5.004999999999999716e+01
1.863000000000000114e+02 0.000000000000000000e+00 -2.510999999999999943e+01 -1.855900000000000034e+02 -3.390000000000000124e+00 3.457000000000000028e+01 3.574800000000000182e+02 -1.063000000000000078e+01 -1.192999999999999972e+01 4.179999999999999716e+00
6.610000000000000320e+00 0.000000000000000000e+00 -1.166800000000000068e+02 2.457400000000000091e+02 -3.419999999999999929e+00 -4.817000000000000171e+01 -7.759000000000000341e+01 1.561699999999999875e+02 2.027100000000000080e+02 5.311999999999999744e+01
1.816599999999999966e+02 0.000000000000000000e+00 7.012999999999999545e+01 1.855900000000000034e+02 -9.100000000000000311e-01 -2.886399999999999864e+02 7.092000000000000171e+01 2.591000000000000014e+01 -1.160900000000000034e+02 2.547299999999999898e+02
2.999999999999999889e-01 0.000000000000000000e+00 8.130000000000000782e+00 -1.115799999999999983e+02 6.849999999999999645e+00 -2.668500000000000227e+02 -3.768700000000000045e+02 -6.498799999999999955e+02 1.707999999999999829e+01 3.439000000000000057e+01
-2.125200000000000102e+02 0.000000000000000000e+00 -1.372000000000000064e+01 -1.622199999999999989e+02 -1.600000000000000089e+00 -1.381899999999999977e+02 2.537999999999999901e+01 1.008599999999999994e+02 -3.942999999999999972e+01 -8.534000000000000341e+01
-7.743000000000000682e+01 0.000000000000000000e+00 9.595000000000000284e+01 1.578499999999999943e+02 -3.597999999999999687e+01 3.033700000000000045e+02 4.935699999999999932e+02 8.889000000000000057e+01 -9.359999999999999432e+00 -7.067000000000000171e+01
1.115000000000000000e+02 0.000000000000000000e+00 -1.361500000000000057e+02 3.939999999999999858e+01 1.567999999999999972e+01 4.136999999999999886e+02 3.138600000000000136e+02 2.153199999999999932e+02 -5.075000000000000000e+01 -5.167000000000000171e+01
-2.999999999999999889e-01 0.000000000000000000e+00 -3.642000000000000171e+01 -1.674300000000000068e+02 7.500000000000000000e-01 1.971299999999999955e+02 -4.872599999999999909e+02 1.245100000000000051e+02 -4.554999999999999716e+01 -6.500000000000000000e+01
-6.498999999999999488e+01 0.000000000000000000e+00 2.510000000000000142e+01 -4.039999999999999858e+01 -3.299999999999999822e+00 -3.739200000000000159e+02 2.673999999999999844e+01 -2.565099999999999909e+02 6.225000000000000000e+01 2.964900000000000091e+02
1.139000000000000057e+02 0.000000000000000000e+00 1.654900000000000091e+02 3.467599999999999909e+02 -3.609999999999999876e+00 -1.024000000000000057e+02 -2.103999999999999915e+01 1.812400000000000091e+02 1.571299999999999955e+02 1.313899999999999864e+02
6.135999999999999943e+01 0.000000000000000000e+00 -9.073000000000000398e+01 -1.340000000000000000e+02 2.149999999999999911e+00 2.301000000000000156e+01 -3.707999999999999829e+01 -6.979999999999999716e+01 -6.060000000000000142e+01 -3.981399999999999864e+02
-2.285999999999999943e+01 0.000000000000000000e+00 5.797999999999999687e+01 -7.248000000000000398e+01 9.599999999999999645e+00 -3.654599999999999795e+02 6.085000000000000142e+01 -9.559999999999999432e+01 -1.330699999999999932e+02 -1.007900000000000063e+02
-2.285399999999999920e+02 0.000000000000000000e+00 -1.527100000000000080e+02 1.133999999999999986e+01 -1.023000000000000043e+01 3.205099999999999909e+02 -2.088300000000000125e+02 -2.611700000000000159e+02 1.289399999999999977e+02 1.783700000000000045e+02
9.182999999999999829e+01 0.000000000000000000e+00 7.075000000000000000e+01 1.810000000000000053e+00 -2.869000000000000128e+01 2.987300000000000182e+02 -1.355999999999999943e+02 4.593700000000000045e+02 -3.274000000000000199e+01 -1.719000000000000128e+01
7.223999999999999488e+01 0.000000000000000000e+00 -9.109999999999999432e+01 5.838000000000000256e+01 1.846000000000000085e+01 -3.645600000000000023e+02 5.152100000000000364e+02 3.917000000000000171e+01 -1.619099999999999966e+02 4.349000000000000199e+01
-4.290000000000000036e+00 0.000000000000000000e+00 -4.175000000000000000e+01 7.750000000000000000e+00 -1.939999999999999947e+00 2.040699999999999932e+02 9.671999999999999886e+01 3.101000000000000156e+01 1.091000000000000014e+01 1.317999999999999972e+01
-9.576999999999999602e+01 0.000000000000000000e+00 1.130499999999999972e+02 -1.891599999999999966e+02 -3.264000000000000057e+01 1.814399999999999977e+02 -3.935799999999999841e+02 -2.646999999999999886e+01 1.019999999999999929e+01 -7.890999999999999659e+01
4.534000000000000341e+01 0.000000000000000000e+00 -3.225999999999999801e+01 -3.718999999999999773e+01 1.728999999999999915e+01 -5.590099999999999909e+02 -4.460400000000000205e+02 2.139000000000000057e+01 9.848000000000000398e+01 1.408799999999999955e+02
7.559000000000000341e+01 0.000000000000000000e+00 -8.495999999999999375e+01 1.068499999999999943e+02 9.179999999999999716e+00 -1.057000000000000028e+01 2.782500000000000000e+02 -3.773000000000000114e+02 -7.918000000000000682e+01 -1.790600000000000023e+02
-3.053000000000000114e+01 0.000000000000000000e+00 6.310999999999999943e+01 2.750000000000000000e+00 1.923000000000000043e+01 1.043999999999999950e+01 4.050000000000000000e+02 -3.096200000000000045e+02 5.120000000000000107e+00 9.868999999999999773e+01
2.229999999999999982e+00 0.000000000000000000e+00 -4.699999999999999734e-01 1.901000000000000156e+01 1.991000000000000014e+01 -1.278599999999999994e+02 2.080500000000000114e+02 -1.074500000000000028e+02 6.606000000000000227e+01 4.260899999999999750e+02
1.458000000000000007e+01 0.000000000000000000e+00 1.734600000000000080e+02 7.192000000000000171e+01 -2.539000000000000057e+01 2.795000000000000000e+02 -1.392400000000000091e+02 6.615099999999999909e+02 4.778999999999999915e+01 1.112099999999999937e+02
-2.098999999999999844e+01 0.000000000000000000e+00 -4.921999999999999886e+01 -1.669999999999999929e+00 -6.330000000000000071e+00 3.094200000000000159e+02 -1.062800000000000011e+02 1.795300000000000011e+02 -1.125900000000000034e+02 -6.033500000000000227e+02
3.012000000000000099e+01 0.000000000000000000e+00 -6.481000000000000227e+01 -6.235000000000000142e+01 -3.681000000000000227e+01 -5.628000000000000114e+01 -9.685999999999999943e+01 2.720000000000000195e+00 -2.971999999999999886e+01 -2.862599999999999909e+02
1.803000000000000114e+01 0.000000000000000000e+00 -1.210999999999999943e+02 -8.771999999999999886e+01 -1.268999999999999950e+01 -2.257299999999999898e+02 9.145000000000000284e+01 -1.210300000000000011e+02 9.493999999999999773e+01 3.316299999999999955e+02
6.100999999999999801e+01 0.000000000000000000e+00 9.670000000000000284e+01 -7.706999999999999318e+01 4.585999999999999943e+01 -6.022300000000000182e+02 -4.078999999999999915e+01 -2.635400000000000205e+02 -1.675000000000000000e+01 2.403799999999999955e+02
-6.282999999999999829e+01 0.000000000000000000e+00 7.729999999999999716e+01 3.082000000000000028e+01 1.632000000000000028e+01 3.910000000000000142e+00 -2.348600000000000136e+02 -3.029200000000000159e+02 4.715999999999999659e+01 -3.005999999999999872e+01
-1.214500000000000028e+02 0.000000000000000000e+00 6.278000000000000114e+01 1.919300000000000068e+02 -7.530000000000000249e+00 3.107900000000000205e+02 -9.398000000000000398e+01 1.749000000000000057e+02 -8.776000000000000512e+01 -5.615999999999999659e+01
-8.700000000000000000e+01 0.000000000000000000e+00 -2.437800000000000011e+02 -3.246000000000000085e+01 -2.853000000000000114e+01 6.675800000000000409e+02 4.278000000000000114e+02 7.056000000000000227e+02 9.898999999999999488e+01 -3.339999999999999858e+01
5.667000000000000171e+01 0.000000000000000000e+00 -9.562000000000000455e+01 -1.806899999999999977e+02 -5.940000000000000391e+00 -1.673700000000000045e+02 7.879999999999999716e+01 -1.431999999999999886e+02 -2.992000000000000171e+01 -1.722800000000000011e+02
7.162000000000000455e+01 0.000000000000000000e+00 4.459999999999999964e+00 -5.089999999999999858e+00 -5.480000000000000426e+00 -6.011299999999999955e+02 -1.702400000000000091e+02 -4.687699999999999818e+02 -3.935000000000000142e+01 -1.925500000000000114e+02
1.233700000000000045e+02 0.000000000000000000e+00 2.367000000000000171e+01 7.432999999999999829e+01 -1.255000000000000071e+01 2.125099999999999909e+02 -1.938300000000000125e+02 6.607999999999999829e+01 -5.752000000000000313e+01 1.601599999999999966e+02
2.000000000000000111e-01 0.000000000000000000e+00 1.382400000000000091e+02 -1.528000000000000114e+02 1.980000000000000071e+01 6.557999999999999829e+01 1.224300000000000068e+02 1.734600000000000080e+02 -2.082999999999999829e+01 1.483700000000000045e+02
2.430000000000000071e+01 0.000000000000000000e+00 6.104999999999999716e+01 -7.156000000000000227e+01 5.015999999999999659e+01 -4.175099999999999909e+02 4.279100000000000250e+02 -3.232400000000000091e+02 1.046200000000000045e+02 7.417000000000000171e+01
-1.902700000000000102e+02 0.000000000000000000e+00 1.844999999999999929e+01 6.284000000000000341e+01 -1.469999999999999973e+00 -4.072999999999999687e+01 -4.002200000000000273e+02 -3.004200000000000159e+02 6.669999999999999929e+00 2.812400000000000091e+02
4.359000000000000341e+01 0.000000000000000000e+00 -2.031100000000000136e+02 8.859999999999999432e+01 -1.042999999999999972e+01 2.599100000000000250e+02 -7.453000000000000114e+01 2.892099999999999795e+02 -4.910999999999999943e+01 -9.048000000000000398e+01
-5.446000000000000085e+01 0.000000000000000000e+00 -5.735999999999999943e+01 1.336999999999999922e+01 -3.367999999999999972e+01 3.538000000000000114e+02 4.055400000000000205e+02 1.039099999999999966e+02 1.716000000000000014e+01 -2.570799999999999841e+02
9.434000000000000341e+01 0.000000000000000000e+00 -4.429999999999999716e+00 -2.600000000000000000e+01 -6.429999999999999716e+00 1.758899999999999864e+02 -3.023000000000000043e+01 8.425000000000000000e+01 -1.685000000000000142e+01 -2.539399999999999977e+02
1.005699999999999932e+02 0.000000000000000000e+00 2.069000000000000128e+01 3.989000000000000057e+01 1.378999999999999915e+01 -1.072999999999999972e+02 -4.377799999999999727e+02 8.240999999999999659e+01 1.073799999999999955e+02 7.332999999999999829e+01
6.487999999999999545e+01 0.000000000000000000e+00 6.529999999999999716e+01 7.725000000000000000e+01 -2.437000000000000099e+01 -2.755199999999999818e+02 1.815099999999999909e+02 -4.302000000000000313e+01 -1.069699999999999989e+02 1.764499999999999886e+02
-9.948000000000000398e+01 0.000000000000000000e+00 -1.533999999999999986e+01 -7.701000000000000512e+01 1.507000000000000028e+01 -1.035799999999999983e+02 1.528899999999999864e+02 -9.451999999999999602e+01 3.629999999999999716e+01 -2.001699999999999875e+02
5.877000000000000313e+01 0.000000000000000000e+00 1.733700000000000045e+02 -9.773000000000000398e+01 3.717999999999999972e+01 -2.672900000000000205e+02 -7.006999999999999318e+01 -1.540300000000000011e+02 -1.187399999999999949e+02 1.497899999999999920e+02
-4.940000000000000391e+00 0.000000000000000000e+00 -1.876500000000000057e+02 -9.131999999999999318e+01 -3.270000000000000018e+00 3.121200000000000045e+02 -8.835999999999999943e+01 2.218300000000000125e+02 4.982999999999999829e+01 4.004999999999999716e+01
-1.047699999999999960e+02 0.000000000000000000e+00 -1.852199999999999989e+02 1.397899999999999920e+02 -3.295000000000000284e+01 6.075000000000000000e+01 -2.418100000000000023e+02 -1.775600000000000023e+02 5.634000000000000341e+01 1.881399999999999864e+02
-1.748600000000000136e+02 0.000000000000000000e+00 1.417199999999999989e+02 9.525000000000000000e+01 -4.740000000000000213e+00 1.146000000000000085e+01 3.513500000000000227e+02 -2.814999999999999858e+01 2.719000000000000128e+01 -1.035999999999999943e+02
1.454900000000000091e+02 0.000000000000000000e+00 -4.864999999999999858e+01 1.482100000000000080e+02 4.620000000000000284e+01 6.898200000000000500e+02 1.142999999999999972e+01 2.092100000000000080e+02 -1.143199999999999932e+02 -2.999399999999999977e+02
1.345800000000000125e+02 0.000000000000000000e+00 -5.284000000000000341e+01 -1.245699999999999932e+02 -5.299999999999999822e+00 -5.133200000000000500e+02 -9.820000000000000284e+01 1.213000000000000078e+01 7.775000000000000000e+01 -9.330000000000000071e+00
-1.312400000000000091e+02 0.000000000000000000e+00 2.483999999999999986e+01 6.784000000000000341e+01 -4.969999999999999751e+00 -7.931000000000000227e+01 6.570000000000000284e+01 -1.379799999999999898e+02 -7.809999999999999609e+00 1.756699999999999875e+02
-5.977000000000000313e+01 0.000000000000000000e+00 1.534999999999999964e+01 1.870000000000000107e+00 7.469999999999999751e+00 -1.607400000000000091e+02 2.800000000000000266e-01 6.615000000000000568e+01 1.591999999999999993e+01 -3.972999999999999687e+01
2.119399999999999977e+02 0.000000000000000000e+00 1.928999999999999915e+01 2.609999999999999876e+00 1.125000000000000000e+01 -1.785699999999999932e+02 -3.315999999999999659e+01 -1.655000000000000000e+02 -8.523999999999999488e+01 2.061200000000000045e+02
3.882000000000000028e+01 0.000000000000000000e+00 -5.721000000000000085e+01 -1.232300000000000040e+02 5.242000000000000171e+01 -6.671999999999999886e+01 -1.485099999999999909e+02 -1.278700000000000045e+02 5.206000000000000227e+01 1.245100000000000051e+02
-7.856000000000000227e+01 0.000000000000000000e+00 2.923000000000000043e+01 5.515999999999999659e+01 -1.801000000000000156e+01 4.505500000000000114e+02 -9.620000000000000284e+01 4.292900000000000205e+02 -4.002000000000000313e+01 -4.004999999999999716e+01
-2.544300000000000068e+02 0.000000000000000000e+00 2.519199999999999875e+02 7.334000000000000341e+01 -2.257000000000000028e+01 4.813999999999999773e+02 -7.600000000000000000e+01 1.076999999999999957e+01 2.144999999999999929e+01 -3.982599999999999909e+02
4.659000000000000341e+01 0.000000000000000000e+00 -1.606899999999999977e+02 1.548199999999999932e+02 -6.559999999999999609e+00 -5.423799999999999955e+02 1.337700000000000102e+02 -8.384000000000000341e+01 2.328999999999999915e+01 -1.210400000000000063e+02
-7.559999999999999609e+00 0.000000000000000000e+00 -2.984499999999999886e+02 -9.148000000000000398e+01 1.275000000000000000e+01 -3.493100000000000023e+02 2.566600000000000250e+02 -2.132299999999999898e+02 -9.015000000000000568e+01 -1.601800000000000068e+02
7.225000000000000000e+01 0.000000000000000000e+00 1.184500000000000028e+02 1.052099999999999937e+02 -3.267999999999999972e+01 3.900999999999999801e+01 -1.068499999999999943e+02 5.032999999999999829e+01 -3.553000000000000114e+01 3.855299999999999727e+02
3.096999999999999886e+02 0.000000000000000000e+00 6.160999999999999943e+01 -8.179000000000000625e+01 4.603999999999999915e+01 3.209499999999999886e+02 -1.240600000000000023e+02 8.093000000000000682e+01 3.302000000000000313e+01 3.397300000000000182e+02
-1.628000000000000114e+01 0.000000000000000000e+00 9.685999999999999943e+01 -1.296999999999999886e+02 2.109999999999999876e+00 -9.076999999999999602e+01 2.366399999999999864e+02 -5.486999999999999744e+01 -5.300000000000000266e-01 4.100000000000000000e+01
-1.049099999999999966e+02 0.000000000000000000e+00 1.046000000000000085e+01 -8.880000000000000782e+00 4.235000000000000142e+01 3.209999999999999964e+00 1.018700000000000045e+02 -3.002799999999999727e+02 6.011999999999999744e+01 -1.847400000000000091e+02
-3.815199999999999818e+02 0.000000000000000000e+00 -4.804999999999999716e+01 1.134500000000000028e+02 -1.441000000000000014e+01 2.671100000000000136e+02 -6.324900000000000091e+02 5.499000000000000199e+01 -1.251500000000000057e+02 -2.251299999999999955e+02
4.638000000000000256e+01 0.000000000000000000e+00 4.497999999999999687e+01 1.029899999999999949e+02 -6.834999999999999432e+01 -1.887299999999999898e+02 6.778000000000000114e+01 3.338799999999999955e+02 1.074000000000000021e+01 1.753000000000000114e+01
6.260999999999999943e+01 0.000000000000000000e+00 1.271000000000000085e+01 -7.831000000000000227e+01 9.910000000000000142e+00 -5.961699999999999591e+02 4.926899999999999977e+02 2.139300000000000068e+02 -1.360999999999999943e+01 -1.657100000000000080e+02
3.811200000000000045e+02 0.000000000000000000e+00 -3.335999999999999943e+01 3.454999999999999716e+01 3.214000000000000057e+01 -5.167999999999999972e+01 2.405900000000000034e+02 -3.813199999999999932e+02 1.271400000000000006e+02 4.529800000000000182e+02
1.110900000000000034e+02 0.000000000000000000e+00 8.000000000000000444e-01 1.881899999999999977e+02 1.942999999999999972e+01 5.983700000000000045e+02 -3.048899999999999864e+02 -2.294999999999999929e+01 1.003599999999999994e+02 -1.507500000000000000e+02
-1.350399999999999920e+02 0.000000000000000000e+00 1.086099999999999994e+02 4.892000000000000171e+01 -3.865999999999999659e+01 5.573899999999999864e+02 -1.001800000000000068e+02 4.467200000000000273e+02 -1.409000000000000057e+02 -3.480199999999999818e+02
-2.466200000000000045e+02 0.000000000000000000e+00 -1.887000000000000099e+01 -1.720600000000000023e+02 1.153999999999999915e+01 -3.831200000000000045e+02 -2.275800000000000125e+02 -3.757000000000000028e+01 6.634000000000000341e+01 1.557299999999999898e+02
-1.300699999999999932e+02 0.000000000000000000e+00 -3.155000000000000071e+01 -6.371999999999999886e+01 -1.489999999999999991e+00 -6.164999999999999858e+01 -1.766000000000000014e+01 -4.955199999999999818e+02 -1.893100000000000023e+02 3.383199999999999932e+02
-7.040000000000000036e+00 0.000000000000000000e+00 -3.792999999999999972e+01 -3.390000000000000124e+00 1.591000000000000014e+01 -2.673100000000000023e+02 4.636999999999999744e+01 -2.523000000000000114e+02 9.673999999999999488e+01 -2.370300000000000011e+02
-1.075999999999999979e+01 0.000000000000000000e+00 -4.596000000000000085e+01 1.875000000000000000e+01 -8.259999999999999787e+00 1.687000000000000099e+01 3.914499999999999886e+02 2.337500000000000000e+02 -4.189000000000000057e+01 2.678399999999999750e+02
2.241899999999999977e+02 0.000000000000000000e+00 -1.209099999999999966e+02 1.443100000000000023e+02 -1.496000000000000085e+01 -2.164300000000000068e+02 -2.339699999999999989e+02 2.355999999999999943e+02 2.146000000000000085e+01 -2.588500000000000227e+02
1.937800000000000011e+02 0.000000000000000000e+00 9.735999999999999943e+01 6.840000000000000568e+01 4.286999999999999744e+01 -1.301999999999999957e+01 1.709499999999999886e+02 1.555699999999999932e+02 2.289999999999999858e+01 -2.158600000000000136e+02
1.703999999999999915e+01 0.000000000000000000e+00 1.152300000000000040e+02 -3.517000000000000171e+01 2.235999999999999943e+01 3.884800000000000182e+02 -1.642299999999999898e+02 5.949000000000000199e+01 7.759999999999999432e+01 1.222699999999999960e+02
-1.394699999999999989e+02 0.000000000000000000e+00 5.559999999999999609e+00 3.640000000000000124e+00 -6.027000000000000313e+01 5.351900000000000546e+02 -1.458300000000000125e+02 -2.991899999999999977e+02 -9.171999999999999886e+01 4.864000000000000057e+01
-2.210099999999999909e+02 0.000000000000000000e+00 -8.720000000000000639e+00 -1.778000000000000114e+01 1.832000000000000028e+01 -6.071000000000000227e+02 2.279799999999999898e+02 -3.143000000000000114e+02 -1.103700000000000045e+02 8.273999999999999488e+01
-3.622999999999999687e+01 0.000000000000000000e+00 -1.456100000000000136e+02 -1.991800000000000068e+02 1.889000000000000057e+01 -4.860000000000000320e+00 -1.803700000000000045e+02 4.899000000000000199e+01 -2.742999999999999972e+01 1.489900000000000091e+02
-2.148999999999999844e+01 0.000000000000000000e+00 -4.784000000000000341e+01 -7.128000000000000114e+01 8.919999999999999929e+00 -2.463199999999999932e+02 1.364699999999999989e+02 4.040000000000000036e+00 8.393000000000000682e+01 -7.198000000000000398e+01
1.044699999999999989e+02 0.000000000000000000e+00 2.530800000000000125e+02 1.814300000000000068e+02 -6.410000000000000142e+00 -1.747299999999999898e+02 9.678000000000000114e+01 6.823000000000000398e+01 9.209000000000000341e+01 -1.974600000000000080e+02
2.676000000000000227e+02 0.000000000000000000e+00 -6.188000000000000256e+01 2.100600000000000023e+02 3.103000000000000114e+01 4.325299999999999727e+02 -4.622999999999999687e+01 6.781100000000000136e+02 -3.058999999999999986e+01 -2.600000000000000089e-01
1.155400000000000063e+02 0.000000000000000000e+00 -4.357999999999999829e+01 6.889000000000000057e+01 6.009999999999999787e+00 6.266599999999999682e+02 -9.142000000000000171e+01 7.862999999999999545e+01 -1.739999999999999991e+00 3.867200000000000273e+02
-2.558100000000000023e+02 0.000000000000000000e+00 3.950999999999999801e+01 -2.364699999999999989e+02 -4.832000000000000028e+01 -7.202300000000000182e+02 -3.967999999999999972e+01 -8.599800000000000182e+02 -4.820000000000000284e+00 -8.425000000000000000e+01
-3.101899999999999977e+02 0.000000000000000000e+00 -5.078000000000000114e+01 -4.372999999999999687e+01 6.990000000000000213e+00 -3.998100000000000023e+02 -3.540600000000000023e+02 -3.435400000000000205e+02 -5.646999999999999886e+01 -4.906899999999999977e+02
5.193999999999999773e+01 0.000000000000000000e+00 -6.389999999999999680e+00 8.778000000000000114e+01 2.223999999999999844e+01 1.758999999999999986e+01 2.282299999999999898e+02 3.752300000000000182e+02 5.236999999999999744e+01 3.531999999999999886e+02
3.652500000000000000e+02 0.000000000000000000e+00 2.626999999999999957e+01 -4.949000000000000199e+01 2.569000000000000128e+01 6.485099999999999909e+02 3.357500000000000000e+02 6.380399999999999636e+02 6.878000000000000114e+01 2.817000000000000171e+01
-3.785999999999999943e+01 0.000000000000000000e+00 -4.502000000000000313e+01 -2.401999999999999957e+01 1.632999999999999829e+01 9.540999999999999659e+01 -2.942000000000000171e+01 -4.271700000000000159e+02 -3.492999999999999972e+01 2.937999999999999901e+01
-2.828999999999999915e+01 0.000000000000000000e+00 -4.228000000000000114e+01 1.380399999999999920e+02 -3.032000000000000028e+01 1.926999999999999957e+01 -4.819399999999999977e+02 -3.832999999999999829e+01 -5.271999999999999886e+01 5.779999999999999716e+01
-1.011599999999999966e+02 0.000000000000000000e+00 1.270600000000000023e+02 -5.285999999999999943e+01 4.110000000000000320e+00 -6.968799999999999955e+02 -6.759999999999999787e+00 6.509999999999999432e+01 -1.003599999999999994e+02 -5.152000000000000313e+01
-7.575000000000000000e+01 0.000000000000000000e+00 6.620000000000000107e+00 -2.307899999999999920e+02 1.707999999999999829e+01 -6.001699999999999591e+02 3.493100000000000023e+02 -2.719200000000000159e+02 9.995000000000000284e+01 -4.472200000000000273e+02
-2.005000000000000071e+01 0.000000000000000000e+00 -1.116400000000000006e+02 7.926999999999999602e+01 -2.373999999999999844e+01 7.435499999999999545e+02 -4.709999999999999964e+00 1.075000000000000000e+01 -2.540000000000000036e+00 1.336100000000000136e+02
1.839199999999999875e+02 0.000000000000000000e+00 5.368999999999999773e+01 2.908199999999999932e+02 -2.210999999999999943e+01 5.071200000000000045e+02 -2.906899999999999977e+02 2.793299999999999841e+02 1.195799999999999983e+02 4.238899999999999864e+02
5.799999999999999600e-01 0.000000000000000000e+00 1.082699999999999960e+02 7.243000000000000682e+01 2.782000000000000028e+01 4.714999999999999858e+01 3.640000000000000000e+02 3.623399999999999750e+02 -8.306000000000000227e+01 9.198000000000000398e+01
-1.376200000000000045e+02 0.000000000000000000e+00 -1.094500000000000028e+02 -1.920900000000000034e+02 3.556000000000000227e+01 -6.959199999999999591e+02 -2.253999999999999915e+01 -1.288300000000000125e+02 1.020000000000000018e+00 -3.033799999999999955e+02
-7.404000000000000625e+01 0.000000000000000000e+00 4.610000000000000142e+01 -2.797300000000000182e+02 -1.801999999999999957e+01 3.789999999999999858e+01 -1.121400000000000006e+02 -9.709500000000000455e+02 -8.948000000000000398e+01 -2.504600000000000080e+02
2.578799999999999955e+02 0.000000000000000000e+00 -1.600300000000000011e+02 -7.223999999999999488e+01 -2.628000000000000114e+01 -2.199099999999999966e+02 -3.707099999999999795e+02 7.809000000000000341e+01 -3.600000000000000000e+01 2.420000000000000000e+02
6.423999999999999488e+01 0.000000000000000000e+00 -2.219000000000000128e+01 2.922900000000000205e+02 2.464999999999999858e+01 -1.546399999999999864e+02 3.634300000000000068e+02 4.579700000000000273e+02 9.312999999999999545e+01 2.829499999999999886e+02
-1.780000000000000071e+01 0.000000000000000000e+00 2.446800000000000068e+02 2.483000000000000114e+02 3.028999999999999915e+01 6.276599999999999682e+02 4.036200000000000045e+02 2.654100000000000250e+02 1.093700000000000045e+02 -3.796000000000000085e+01
-1.199599999999999937e+02 0.000000000000000000e+00 2.476500000000000057e+02 -2.976999999999999957e+01 4.000000000000000000e+00 1.711800000000000068e+02 -1.618600000000000136e+02 1.987500000000000000e+02 4.510000000000000142e+01 -1.446599999999999966e+02
-1.887999999999999901e+01 0.000000000000000000e+00 -2.305900000000000034e+02 -1.835999999999999943e+02 -4.299000000000000199e+01 -2.590799999999999841e+02 -3.032900000000000205e+02 -3.720699999999999932e+02 -9.868000000000000682e+01 -7.300000000000000000e+01
-8.517000000000000171e+01 0.000000000000000000e+00 -2.143600000000000136e+02 1.518999999999999950e+01 -6.559999999999999609e+00 -5.171399999999999864e+02 1.568700000000000045e+02 -3.299999999999999822e+00 -2.850000000000000089e+00 -3.158999999999999986e+01
-5.789000000000000057e+01 0.000000000000000000e+00 1.594799999999999898e+02 8.654000000000000625e+01 1.341999999999999993e+01 5.390900000000000318e+02 3.508700000000000045e+02 1.277600000000000051e+02 4.039000000000000057e+01 -1.606899999999999977e+02
9.815999999999999659e+01 0.000000000000000000e+00 -4.767000000000000171e+01 -5.500999999999999801e+01 1.494999999999999929e+01 4.661100000000000136e+02 -4.120799999999999841e+02 -3.746600000000000250e+02 -1.167000000000000028e+02 1.928400000000000034e+02
6.940999999999999659e+01 0.000000000000000000e+00 -1.243299999999999983e+02 -1.816100000000000136e+02 2.857000000000000028e+01 -5.971100000000000136e+02 -4.633299999999999841e+02 -1.801100000000000136e+02 -1.283100000000000023e+02 1.133799999999999955e+02
-1.103900000000000006e+02 0.000000000000000000e+00 -6.720000000000000284e+01 -5.546999999999999886e+01 -1.926000000000000156e+01 -2.161999999999999886e+02 2.150099999999999909e+02 5.804800000000000182e+02 2.821000000000000085e+01 -3.993999999999999773e+01
-2.169999999999999929e+01 0.000000000000000000e+00 1.410399999999999920e+02 2.608299999999999841e+02 -5.379999999999999893e+00 -1.367999999999999972e+01 8.368899999999999864e+02 -1.006500000000000057e+02 5.417000000000000171e+01 -3.000199999999999818e+02
1.459099999999999966e+02 0.000000000000000000e+00 1.765600000000000023e+02 2.312199999999999989e+02 2.680999999999999872e+01 2.039900000000000091e+02 -3.223899999999999864e+02 -4.130099999999999909e+02 6.870999999999999375e+01 2.900799999999999841e+02
4.103000000000000114e+01 0.000000000000000000e+00 5.092999999999999972e+01 -2.571000000000000085e+01 -1.228999999999999915e+01 -3.682599999999999909e+02 -6.368899999999999864e+02 4.390299999999999727e+02 9.815000000000000568e+01 5.865999999999999659e+01
-1.037199999999999989e+02 0.000000000000000000e+00 -1.623000000000000114e+02 -3.809800000000000182e+02 -2.640000000000000124e+00 2.853500000000000227e+02 3.684700000000000273e+02 -9.743999999999999773e+01 -1.360500000000000114e+02 -4.083199999999999932e+02
-1.801000000000000156e+01 0.000000000000000000e+00 -1.401500000000000057e+02 -3.714000000000000057e+01 1.810000000000000053e+00 6.268400000000000318e+02 3.492099999999999795e+02 -1.382500000000000000e+02 -1.452999999999999936e+01 1.278199999999999932e+02
3.025000000000000000e+01 0.000000000000000000e+00 -1.190600000000000023e+02 2.067500000000000000e+02 3.076000000000000156e+01 -5.108000000000000114e+02 -8.834999999999999432e+01 -3.442099999999999795e+02 -1.557700000000000102e+02 4.272599999999999909e+02
-1.358000000000000007e+01 0.000000000000000000e+00 -5.004999999999999716e+01 6.225000000000000000e+01 -6.879999999999999893e+00 -6.940000000000000000e+02 -1.734699999999999989e+02 5.021000000000000085e+01 4.300000000000000000e+01 1.582000000000000028e+01
-1.157900000000000063e+02 0.000000000000000000e+00 5.034000000000000341e+01 8.782999999999999829e+01 9.580000000000000071e+00 6.438200000000000500e+02 1.550800000000000125e+02 2.327500000000000000e+02 6.142000000000000171e+01 -3.500000000000000000e+01
-5.209999999999999964e+00 0.000000000000000000e+00 1.206400000000000006e+02 2.678999999999999915e+01 2.799999999999999822e+00 -2.118600000000000136e+02 1.599600000000000080e+02 4.135299999999999727e+02 7.300000000000000000e+01 -3.530799999999999841e+02
1.114599999999999937e+02 0.000000000000000000e+00 -3.539000000000000057e+01 1.358499999999999943e+02 -2.028999999999999915e+01 -1.102300000000000040e+02 -1.759600000000000080e+02 -8.856000000000000227e+01 7.229000000000000625e+01 -1.047800000000000011e+02
-1.270000000000000018e+00 0.000000000000000000e+00 -8.151000000000000512e+01 -1.289399999999999977e+02 2.326999999999999957e+01 2.700400000000000205e+02 8.120000000000000284e+01 -2.552599999999999909e+02 -1.842000000000000171e+01 -1.175199999999999960e+02
6.450000000000000000e+01 0.000000000000000000e+00 1.467800000000000011e+02 1.291999999999999993e+01 4.030000000000000249e+00 5.537300000000000182e+02 -1.185400000000000063e+02 3.490000000000000213e+00 -8.568999999999999773e+01 2.506100000000000136e+02
1.731599999999999966e+02 0.000000000000000000e+00 -8.268000000000000682e+01 -1.304199999999999875e+02 1.810000000000000142e+01 -3.163999999999999773e+02 8.464000000000000057e+01 2.412199999999999989e+02 8.123999999999999488e+01 2.623700000000000045e+02
-1.390999999999999943e+02 0.000000000000000000e+00 -2.063899999999999864e+02 -1.403999999999999915e+01 3.763000000000000256e+01 -5.022799999999999727e+02 1.686399999999999864e+02 -3.025500000000000114e+02 -2.008300000000000125e+02 1.598000000000000043e+01
-2.704900000000000091e+02 0.000000000000000000e+00 -5.617000000000000171e+01 1.358700000000000045e+02 -1.346000000000000085e+01 -1.922400000000000091e+02 -1.213499999999999943e+02 -5.554700000000000273e+02 -2.181699999999999875e+02 -2.767799999999999727e+02
-1.365900000000000034e+02 0.000000000000000000e+00 1.248900000000000006e+02 4.371999999999999886e+01 2.310000000000000053e+00 3.544300000000000068e+02 -3.561700000000000159e+02 -9.831000000000000227e+01 1.910600000000000023e+02 -9.117000000000000171e+01
2.423600000000000136e+02 0.000000000000000000e+00 -1.055000000000000071e+01 1.373000000000000114e+02 -7.230000000000000426e+00 -2.222899999999999920e+02 -5.346000000000000085e+01 8.435800000000000409e+02 3.482300000000000182e+02 2.199300000000000068e+02
2.903299999999999841e+02 0.000000000000000000e+00 -2.494000000000000128e+01 9.779999999999999361e+00 1.659999999999999920e+00 5.371799999999999500e+02 3.266899999999999977e+02 4.132500000000000000e+02 -8.637000000000000455e+01 -1.654600000000000080e+02
-7.204000000000000625e+01 0.000000000000000000e+00 -4.856000000000000227e+01 -6.820000000000000284e+01 1.227999999999999936e+01 4.341999999999999886e+02 5.870399999999999636e+02 -2.950099999999999909e+02 -2.254099999999999966e+02 -1.110300000000000011e+02
-2.873999999999999773e+02 0.000000000000000000e+00 1.760600000000000023e+02 -1.152399999999999949e+02 3.939999999999999947e+00 -4.434700000000000273e+02 -1.484300000000000068e+02 -3.042500000000000000e+02 -2.037999999999999901e+01 1.181800000000000068e+02
-6.487999999999999545e+01 0.000000000000000000e+00 -2.024000000000000057e+02 1.497000000000000064e+01 -1.003999999999999915e+01 -5.694400000000000546e+02 -2.985000000000000000e+02 -3.747900000000000205e+02 -2.264999999999999858e+01 3.603399999999999750e+02
4.727000000000000313e+01 0.000000000000000000e+00 -3.303000000000000114e+01 6.085000000000000142e+01 2.230999999999999872e+01 -2.982500000000000000e+02 -2.731299999999999955e+02 -2.289000000000000057e+02 2.392000000000000171e+01 3.410000000000000142e+00
2.088100000000000023e+02 0.000000000000000000e+00 4.528000000000000114e+01 7.412000000000000455e+01 1.149999999999999911e+00 1.943700000000000045e+02 -3.715799999999999841e+02 1.684799999999999898e+02 -4.196999999999999886e+01 -3.109100000000000250e+02
2.896000000000000085e+01 0.000000000000000000e+00 2.692000000000000171e+01 1.309300000000000068e+02 3.080999999999999872e+01 2.200699999999999932e+02 4.960000000000000000e+02 5.556000000000000227e+02 6.756999999999999318e+01 9.831999999999999318e+01
-4.990000000000000213e+00 0.000000000000000000e+00 -1.739999999999999858e+01 -4.479999999999999716e+01 -1.284999999999999964e+01 5.227200000000000273e+02 4.602900000000000205e+02 3.904300000000000068e+02 6.468000000000000682e+01 -1.764199999999999875e+02
2.339000000000000057e+01 0.000000000000000000e+00 6.623000000000000398e+01 3.881000000000000227e+01 -3.430000000000000160e+00 -9.853000000000000114e+01 -1.041700000000000017e+02 -4.393299999999999841e+02 3.911999999999999744e+01 3.815999999999999659e+01
-1.919000000000000128e+01 0.000000000000000000e+00 2.471200000000000045e+02 6.870000000000000284e+01 2.503000000000000114e+01 3.660000000000000142e+00 -1.263799999999999955e+02 -1.737100000000000080e+02 9.368999999999999773e+01 1.044599999999999937e+02
-1.024899999999999949e+02 0.000000000000000000e+00 -1.379600000000000080e+02 -3.250000000000000000e+01 4.540000000000000036e+00 5.246000000000000085e+01 -2.253999999999999915e+01 1.254099999999999966e+02 -2.490200000000000102e+02 1.563000000000000078e+01
-1.545600000000000023e+02 0.000000000000000000e+00 -1.416399999999999864e+02 -1.245499999999999972e+02 4.309999999999999609e+00 -6.176000000000000227e+02 -2.529900000000000091e+02 -5.139000000000000057e+01 -2.073999999999999844e+01 3.400500000000000114e+02
8.892000000000000171e+01 0.000000000000000000e+00 -1.363600000000000136e+02 3.797999999999999687e+01 1.739999999999999991e+00 -2.231500000000000057e+02 4.642000000000000171e+01 -8.011699999999999591e+02 4.660000000000000142e+00 -2.483199999999999932e+02
1.731699999999999875e+02 0.000000000000000000e+00 5.307999999999999829e+01 8.998000000000000398e+01 -8.669999999999999929e+00 4.055799999999999841e+02 -5.832000000000000028e+01 2.370399999999999920e+02 -3.878999999999999915e+01 -7.234999999999999432e+01
-6.990000000000000568e+01 0.000000000000000000e+00 3.032000000000000028e+01 4.300999999999999801e+01 4.261999999999999744e+01 4.771899999999999977e+02 2.634100000000000250e+02 5.267400000000000091e+02 1.519699999999999989e+02 -1.570300000000000011e+02
-7.710999999999999943e+01 0.000000000000000000e+00 1.238700000000000045e+02 3.037999999999999901e+01 -1.069999999999999929e+01 3.811999999999999744e+01 -1.129300000000000068e+02 6.376399999999999864e+02 7.354999999999999716e+01 -5.006000000000000227e+01
2.784800000000000182e+02 0.000000000000000000e+00 1.056899999999999977e+02 1.402999999999999936e+01 -9.140000000000000568e+00 -4.825999999999999801e+01 8.603000000000000114e+01 -1.381399999999999864e+02 4.611999999999999744e+01 1.760999999999999943e+02
-3.203000000000000114e+01 0.000000000000000000e+00 -1.024800000000000040e+02 4.521000000000000085e+01 -8.720000000000000639e+00 -3.388700000000000045e+02 -1.745200000000000102e+02 -2.655600000000000023e+02 -8.095000000000000284e+01 8.849999999999999645e+00
-2.601999999999999886e+02 0.000000000000000000e+00 -6.817000000000000171e+01 -5.799999999999999822e+00 1.468999999999999950e+01 -4.589200000000000159e+02 9.012999999999999545e+01 -5.456900000000000546e+02 -1.202199999999999989e+02 -3.972999999999999687e+01
-8.043000000000000682e+01 0.000000000000000000e+00 -6.868000000000000682e+01 -1.756599999999999966e+02 7.089999999999999858e+00 -1.345200000000000102e+02 8.035999999999999943e+01 -1.394900000000000091e+02 -1.693799999999999955e+02 1.400800000000000125e+02
2.018300000000000125e+02 0.000000000000000000e+00 -7.843999999999999773e+01 -1.104300000000000068e+02 -4.000000000000000222e-01 3.677699999999999818e+02 -2.285099999999999909e+02 1.448600000000000136e+02 5.603000000000000114e+01 -1.252800000000000011e+02
1.252099999999999937e+02 0.000000000000000000e+00 4.849000000000000199e+01 1.424199999999999875e+02 4.685999999999999943e+01 3.801299999999999955e+02 1.167600000000000051e+02 2.457999999999999829e+01 1.376299999999999955e+02 6.580000000000000071e+00
-3.200000000000000067e-01 0.000000000000000000e+00 1.123700000000000045e+02 2.582300000000000182e+02 1.646999999999999886e+01 -3.318399999999999750e+02 4.167400000000000091e+02 1.067300000000000040e+02 1.060300000000000011e+02 1.184300000000000068e+02
4.131000000000000227e+01 0.000000000000000000e+00 1.335999999999999943e+02 5.871000000000000085e+01 -1.161999999999999922e+01 6.948899999999999864e+02 1.287500000000000000e+02 5.920299999999999727e+02 3.657000000000000028e+01 -9.269999999999999574e+00
-6.010999999999999943e+01 0.000000000000000000e+00 -1.955999999999999872e+01 -3.852000000000000313e+01 -3.318999999999999773e+01 -2.010399999999999920e+02 -5.920000000000000000e+02 -2.581999999999999886e+02 -4.004999999999999716e+01 -1.476599999999999966e+02
-1.815800000000000125e+02 0.000000000000000000e+00 -2.219199999999999875e+02 -8.999999999999999667e-02 -1.000000000000000000e+00 -5.308700000000000045e+02 -7.662999999999999545e+01 -2.486899999999999977e+02 -8.971999999999999886e+01 4.889000000000000057e+01
-1.842000000000000171e+01 0.000000000000000000e+00 7.712999999999999545e+01 -1.801800000000000068e+02 3.943999999999999773e+01 -2.732200000000000273e+02 2.478400000000000034e+02 5.625999999999999801e+01 -1.120300000000000011e+02 -9.462000000000000455e+01
8.810000000000000497e+00 0.000000000000000000e+00 -2.167999999999999972e+01 -1.014200000000000017e+02 1.108999999999999986e+01 -2.404099999999999966e+02 -1.823999999999999844e+01 -2.543400000000000034e+02 8.373000000000000398e+01 -1.396000000000000085e+01
9.996999999999999886e+01 0.000000000000000000e+00 -2.184799999999999898e+02 2.105099999999999909e+02 -5.230000000000000426e+00 6.223799999999999955e+02 1.016000000000000014e+01 9.364000000000000057e+01 2.887000000000000099e+01 5.400000000000000355e+00
1.729300000000000068e+02 0.000000000000000000e+00 4.732000000000000028e+01 1.607999999999999829e+01 -2.589000000000000057e+01 4.906399999999999864e+02 1.650699999999999932e+02 3.674000000000000199e+01 6.015999999999999659e+01 1.495900000000000034e+02
-1.893100000000000023e+02 0.000000000000000000e+00 9.843000000000000682e+01 -1.049000000000000021e+01 3.656000000000000227e+01 -2.406500000000000057e+02 2.853999999999999915e+01 1.149000000000000057e+02 8.769999999999999574e+00 -6.623000000000000398e+01
-2.258300000000000125e+02 0.000000000000000000e+00 1.139999999999999902e+00 9.040999999999999659e+01 -4.139999999999999680e+00 -2.892500000000000000e+02 -2.558100000000000023e+02 6.102000000000000313e+01 -9.168000000000000682e+01 -7.829999999999999716e+01
2.135000000000000142e+01 0.000000000000000000e+00 -1.570699999999999932e+02 -1.739600000000000080e+02 -3.098999999999999844e+01 1.956599999999999966e+02 -2.738100000000000023e+02 3.003299999999999841e+02 -3.903999999999999915e+01 2.871999999999999886e+01
1.851899999999999977e+02 0.000000000000000000e+00 -1.384600000000000080e+02 -1.266200000000000045e+02 3.277000000000000313e+01 -8.936299999999999955e+02 2.890000000000000000e+02 -4.384800000000000182e+02 -7.987999999999999545e+01 2.391000000000000014e+01
1.185000000000000000e+02 0.000000000000000000e+00 1.622100000000000080e+02 7.995000000000000284e+01 1.842000000000000171e+01 2.193600000000000136e+02 1.613700000000000045e+02 -5.988200000000000500e+02 -3.046000000000000085e+01 1.512899999999999920e+02
-2.569000000000000128e+01 0.000000000000000000e+00 1.209699999999999989e+02 1.432700000000000102e+02 -3.049999999999999822e+00 2.524799999999999898e+02 -9.743999999999999773e+01 3.126000000000000156e+01 4.235999999999999943e+01 -4.236000000000000227e+02
-6.754999999999999716e+01 0.000000000000000000e+00 -1.295600000000000023e+02 1.926000000000000156e+01 1.117999999999999972e+01 1.357199999999999989e+02 1.459199999999999875e+02 4.001899999999999977e+02 1.633799999999999955e+02 3.717099999999999795e+02
1.472299999999999898e+02 0.000000000000000000e+00 1.091000000000000014e+01 1.814000000000000057e+01 2.566000000000000014e+01 -3.202699999999999818e+02 -5.377000000000000313e+01 2.656700000000000159e+02 -4.503999999999999915e+01 1.782899999999999920e+02
-1.015699999999999932e+02 0.000000000000000000e+00 2.063000000000000114e+02 -5.667000000000000171e+01 -1.598000000000000043e+01 6.766699999999999591e+02 -3.565999999999999659e+01 6.113000000000000256e+01 3.846999999999999886e+01 -1.636299999999999955e+02
-2.693600000000000136e+02 0.000000000000000000e+00 -8.498000000000000398e+01 -1.679999999999999938e+00 3.092000000000000171e+01 7.110000000000000320e+00 1.285999999999999943e+01 -5.261999999999999744e+01 3.518999999999999773e+01 -3.896600000000000250e+02
7.854999999999999716e+01 0.000000000000000000e+00 -2.425600000000000023e+02 -4.600000000000000200e-01 -6.299999999999999822e+00 -4.362099999999999795e+02 -2.755600000000000023e+02 -2.933999999999999773e+02 -1.802100000000000080e+02 -1.353999999999999915e+01
1.783100000000000023e+02 0.000000000000000000e+00 -3.149999999999999911e+00 -1.209599999999999937e+02 -7.299999999999999822e+00 -4.259300000000000068e+02 -1.511999999999999922e+01 1.405200000000000102e+02 -1.103999999999999915e+01 3.234399999999999977e+02
-8.473999999999999488e+01 0.000000000000000000e+00 1.209599999999999937e+02 -6.004999999999999716e+01 2.473000000000000043e+01 2.948000000000000114e+02 3.678500000000000227e+02 -4.286100000000000136e+02 1.000499999999999972e+02 2.759300000000000068e+02
-1.556000000000000050e+01 0.000000000000000000e+00 8.145999999999999375e+01 1.896100000000000136e+02 5.200000000000000000e+01 3.996899999999999977e+02 9.898000000000000398e+01 2.305200000000000102e+02 1.491100000000000136e+02 -1.656399999999999864e+02
1.557199999999999989e+02 0.000000000000000000e+00 1.880000000000000071e+01 -3.009999999999999787e+00 -1.271000000000000085e+01 -4.642400000000000091e+02 -2.821600000000000250e+02 2.705500000000000114e+02 -9.212999999999999545e+01 -2.750000000000000000e+02
5.121999999999999886e+01 0.000000000000000000e+00 -9.628000000000000114e+01 -2.240200000000000102e+02 -8.359999999999999432e+00 4.048600000000000136e+02 -6.493000000000000682e+01 -1.467899999999999920e+02 -1.538600000000000136e+02 3.509999999999999787e+00
-3.811100000000000136e+02 0.000000000000000000e+00 -2.162800000000000011e+02 -1.109399999999999977e+02 9.439999999999999503e+00 -8.914000000000000057e+01 -2.494199999999999875e+02 -2.851000000000000156e+01 -5.665999999999999659e+01 2.390699999999999932e+02
-2.033899999999999864e+02 0.000000000000000000e+00 5.663000000000000256e+01 1.480900000000000034e+02 -9.300000000000000488e-01 -2.371699999999999875e+02 4.332400000000000091e+02 9.634999999999999432e+01 7.095000000000000284e+01 -2.309900000000000091e+02
2.011599999999999966e+02 0.000000000000000000e+00 2.932000000000000028e+01 1.057099999999999937e+02 2.976000000000000156e+01 -3.978000000000000114e+01 5.009000000000000341e+01 -3.257999999999999829e+01 4.449000000000000199e+01 -2.678700000000000045e+02
3.129700000000000273e+02 0.000000000000000000e+00 -8.315999999999999659e+01 -2.158100000000000023e+02 -3.640000000000000124e+00 2.567000000000000171e+01 5.990999999999999659e+01 -3.874399999999999977e+02 -2.503999999999999915e+01 4.286999999999999886e+02
3.017999999999999972e+01 0.000000000000000000e+00 6.293999999999999773e+01 -1.106700000000000017e+02 3.307000000000000028e+01 -2.559699999999999989e+02 -2.045699999999999932e+02 3.295600000000000023e+02 -1.010600000000000023e+02 -2.601000000000000156e+01
5.152000000000000313e+01 0.000000000000000000e+00 2.983399999999999750e+02 2.669000000000000128e+01 3.307999999999999829e+01 5.086999999999999744e+01 6.579000000000000625e+01 9.507999999999999829e+01 3.821999999999999886e+01 1.522599999999999909e+02
-8.359999999999999432e+00 0.000000000000000000e+00 -7.712999999999999545e+01 5.910000000000000142e+01 -4.053000000000000114e+01 6.720000000000000284e+01 3.373600000000000136e+02 -2.205800000000000125e+02 1.308199999999999932e+02 -1.219099999999999966e+02
-2.007899999999999920e+02 0.000000000000000000e+00 -1.149800000000000040e+02 -5.074000000000000199e+01 3.475999999999999801e+01 2.776600000000000250e+02 -3.279800000000000182e+02 -9.193999999999999773e+01 2.935999999999999943e+01 -1.993899999999999864e+02
-1.669799999999999898e+02 0.000000000000000000e+00 2.748999999999999844e+01 -3.764000000000000057e+01 3.961999999999999744e+01 1.190400000000000063e+02 -4.025699999999999932e+02 3.587699999999999818e+02 -8.554000000000000625e+01 2.087199999999999989e+02
-4.060999999999999943e+01 0.000000000000000000e+00 -1.310999999999999943e+01 -4.681000000000000227e+01 -2.144000000000000128e+01 2.801200000000000045e+02 5.179199999999999591e+02 -2.047199999999999989e+02 -6.346999999999999886e+01 3.275999999999999801e+01
2.980799999999999841e+02 0.000000000000000000e+00 -3.375999999999999801e+01 5.304999999999999716e+01 -8.810000000000000497e+00 -9.729700000000000273e+02 9.829999999999999716e+01 -1.240300000000000011e+02 7.131000000000000227e+01 -2.361599999999999966e+02
2.338000000000000114e+02 0.000000000000000000e+00 6.473000000000000398e+01 -8.178000000000000114e+01 2.971000000000000085e+01 3.075400000000000205e+02 -2.436999999999999886e+02 2.013100000000000023e+02 7.746999999999999886e+01 2.833999999999999986e+01
-1.192999999999999972e+02 0.000000000000000000e+00 1.352199999999999989e+02 -1.526299999999999955e+02 3.029999999999999805e+00 2.755699999999999932e+02 2.069999999999999929e+01 1.096000000000000085e+01 5.984000000000000341e+01 3.429200000000000159e+02
-2.110900000000000034e+02 0.000000000000000000e+00 -1.405000000000000000e+02 1.619300000000000068e+02 1.846999999999999886e+01 -1.284099999999999966e+02 -2.450900000000000034e+02 -3.896999999999999886e+01 -1.022199999999999989e+02 -2.214699999999999989e+02
7.900000000000000355e-01 0.000000000000000000e+00 -5.679999999999999716e+01 -1.498199999999999932e+02 -2.509999999999999787e+00 -2.988799999999999955e+02 6.978000000000000114e+01 -3.878600000000000136e+02 -1.477400000000000091e+02 -3.013100000000000023e+02
-1.008000000000000007e+01 0.000000000000000000e+00 -8.990000000000000568e+01 -1.888199999999999932e+02 1.923000000000000043e+01 1.813600000000000136e+02 3.316100000000000136e+02 -7.990000000000000213e+00 2.248000000000000043e+01 -1.766399999999999864e+02
1.132000000000000028e+01 0.000000000000000000e+00 -3.075000000000000000e+01 1.595500000000000114e+02 -2.351000000000000156e+01 4.962599999999999909e+02 2.802500000000000000e+02 5.001200000000000045e+02 5.065999999999999659e+01 2.008400000000000034e+02
-1.843799999999999955e+02 0.000000000000000000e+00 -5.829999999999999716e+01 2.992000000000000171e+01 6.998000000000000398e+01 -5.515499999999999545e+02 -3.064100000000000250e+02 1.441800000000000068e+02 1.113000000000000078e+01 4.684599999999999795e+02
3.340999999999999659e+01 0.000000000000000000e+00 1.887400000000000091e+02 -1.991899999999999977e+02 -9.240000000000000213e+00 -1.839000000000000057e+01 -2.865899999999999750e+02 -4.017699999999999818e+02 5.042999999999999972e+01 -1.197999999999999972e+02
2.534000000000000057e+02 0.000000000000000000e+00 -3.228000000000000114e+01 -4.720000000000000284e+01 2.355999999999999872e+01 -3.047599999999999909e+02 1.951500000000000057e+02 2.427199999999999989e+02 6.128999999999999915e+01 1.064599999999999937e+02
7.281999999999999318e+01 0.000000000000000000e+00 -1.370200000000000102e+02 4.414000000000000057e+01 -1.830000000000000071e+00 2.827699999999999818e+02 3.228000000000000114e+01 -1.103400000000000034e+02 -7.893999999999999773e+01 -4.046999999999999886e+01
-8.257999999999999829e+01 0.000000000000000000e+00 1.609399999999999977e+02 1.857000000000000028e+01 3.339000000000000057e+01 -1.524000000000000021e+01 7.823999999999999488e+01 -7.586000000000000227e+02 -8.729999999999999716e+01 -9.129999999999999716e+01
-1.378999999999999915e+01 0.000000000000000000e+00 -5.053999999999999915e+01 -1.113400000000000034e+02 -9.939999999999999503e+00 7.645000000000000284e+01 3.076800000000000068e+02 -1.502700000000000102e+02 5.864999999999999858e+01 -1.851599999999999966e+02
7.529000000000000625e+01 0.000000000000000000e+00 3.271000000000000085e+01 1.488000000000000114e+02 1.410999999999999943e+01 -1.799600000000000080e+02 1.043299999999999983e+02 7.534400000000000546e+02 2.018899999999999864e+02 -2.467999999999999972e+01
2.453999999999999915e+01 0.000000000000000000e+00 -1.525000000000000000e+01 2.600000000000000089e+00 -9.820000000000000284e+00 1.790000000000000000e+02 -6.948799999999999955e+02 8.804800000000000182e+02 4.235999999999999943e+01 -1.183000000000000007e+01
-7.343000000000000682e+01 0.000000000000000000e+00 -4.364000000000000057e+01 -1.262600000000000051e+02 1.534999999999999964e+01 2.263600000000000136e+02 -3.449200000000000159e+02 -2.100999999999999943e+02 -1.313100000000000023e+02 2.527100000000000080e+02
-1.408799999999999955e+02 0.000000000000000000e+00 7.759000000000000341e+01 -1.371800000000000068e+02 -5.940000000000000391e+00 3.504999999999999716e+01 1.777800000000000011e+02 -6.835499999999999545e+02 -1.498199999999999932e+02 3.220699999999999932e+02
-1.475000000000000000e+02 0.000000000000000000e+00 -1.188900000000000006e+02 -1.743000000000000114e+02 1.403999999999999915e+01 -6.787699999999999818e+02 5.098999999999999773e+02 -2.069499999999999886e+02 1.241700000000000017e+02 -2.149000000000000057e+02
1.279500000000000028e+02 0.000000000000000000e+00 -6.556000000000000227e+01 -8.240999999999999659e+01 3.438000000000000256e+01 3.585600000000000023e+02 1.458100000000000023e+02 5.090999999999999659e+01 -6.818999999999999773e+01 -7.393500000000000227e+02
1.191299999999999955e+02 0.000000000000000000e+00 -1.785000000000000142e+01 2.511899999999999977e+02 -1.173000000000000043e+01 2.468700000000000045e+02 -3.637500000000000000e+02 -1.292400000000000091e+02 -5.138000000000000256e+01 2.231999999999999886e+02
-3.324000000000000199e+01 0.000000000000000000e+00 7.051000000000000512e+01 -5.269999999999999574e+00 1.389999999999999902e+00 -2.509999999999999787e+00 3.517099999999999795e+02 1.704900000000000091e+02 -6.509999999999999787e+00 5.104100000000000250e+02
-3.882000000000000028e+01 0.000000000000000000e+00 -8.093999999999999773e+01 -1.285999999999999943e+02 8.550000000000000711e+00 -2.782699999999999818e+02 -3.223500000000000227e+02 2.400600000000000023e+02 5.614000000000000057e+01 -2.084300000000000068e+02
-9.076999999999999602e+01 0.000000000000000000e+00 -1.928000000000000114e+01 -1.628199999999999932e+02 4.325000000000000000e+01 -3.199800000000000182e+02 -6.500000000000000222e-01 1.943000000000000114e+02 3.246999999999999886e+01 -9.640000000000000568e+01
-6.948999999999999488e+01 0.000000000000000000e+00 -6.923999999999999488e+01 -3.543999999999999773e+01 -1.300000000000000044e-01 1.020900000000000034e+02 1.227900000000000063e+02 -5.381299999999999955e+02 -1.073199999999999932e+02 4.396700000000000159e+02
5.432999999999999829e+01 0.000000000000000000e+00 -1.300000000000000000e+01 2.401999999999999957e+01 2.094000000000000128e+01 -4.763000000000000256e+01 -5.372999999999999687e+01 -2.732799999999999727e+02 3.450000000000000178e+00 -2.482999999999999829e+01
2.719200000000000159e+02 0.000000000000000000e+00 7.364000000000000057e+01 -3.814999999999999858e+01 1.887999999999999901e+01 4.633999999999999773e+02 -1.585800000000000125e+02 5.931000000000000227e+02 9.498999999999999488e+01 -4.615000000000000000e+02
1.737999999999999901e+01 0.000000000000000000e+00 1.069899999999999949e+02 1.544699999999999989e+02 -2.500000000000000000e+00 5.667999999999999972e+01 3.037300000000000182e+02 -4.810000000000000142e+01 2.589999999999999858e+01 -3.517599999999999909e+02
-1.775399999999999920e+02 0.000000000000000000e+00 1.035699999999999932e+02 2.650000000000000000e+01 -4.500000000000000111e-01 -4.590899999999999750e+02 3.257200000000000273e+02 -2.047199999999999989e+02 -4.820000000000000284e+00 2.719200000000000159e+02
-4.621000000000000085e+01 0.000000000000000000e+00 -1.588400000000000034e+02 -1.301999999999999886e+02 1.208999999999999986e+01 8.745000000000000284e+01 -8.426000000000000512e+01 -1.890300000000000011e+02 -7.273999999999999488e+01 5.802999999999999545e+02
-5.714999999999999858e+01 0.000000000000000000e+00 -8.159999999999999432e+01 -1.148799999999999955e+02 2.292000000000000171e+01 8.145000000000000284e+01 -4.823700000000000045e+02 1.936599999999999966e+02 6.476000000000000512e+01 -2.365999999999999943e+02
-6.656999999999999318e+01 0.000000000000000000e+00 -3.703999999999999915e+01 1.152300000000000040e+02 1.475000000000000000e+01 3.141399999999999864e+02 -3.333399999999999750e+02 5.910700000000000500e+02 8.307999999999999829e+01 -3.465699999999999932e+02
2.875000000000000000e+01 0.000000000000000000e+00 2.387000000000000099e+01 -3.413000000000000114e+02 -2.037000000000000099e+01 -5.046399999999999864e+02 4.389700000000000273e+02 7.579999999999999716e+01 -2.111999999999999886e+02 4.049399999999999977e+02
2.467100000000000080e+02 0.000000000000000000e+00 -1.412500000000000000e+02 -2.370000000000000000e+02 8.106000000000000227e+01 8.690999999999999659e+01 3.229599999999999795e+02 -8.054900000000000091e+02 4.427000000000000313e+01 -3.080000000000000071e+01
6.423000000000000398e+01 0.000000000000000000e+00 4.897999999999999687e+01 3.400600000000000023e+02 -8.580000000000000071e+00 5.863700000000000045e+02 -1.752500000000000000e+02 -1.197500000000000000e+02 7.006000000000000227e+01 -2.367199999999999989e+02
-1.508499999999999943e+02 0.000000000000000000e+00 3.184399999999999977e+02 2.642799999999999727e+02 -1.917999999999999972e+01 -6.136499999999999773e+02 -6.109000000000000341e+01 1.344699999999999989e+02 5.849999999999999645e+00 -3.247300000000000182e+02
-1.144800000000000040e+02 0.000000000000000000e+00 -2.264000000000000057e+01 -7.737000000000000455e+01 5.300000000000000266e-01 1.500900000000000034e+02 2.584399999999999977e+02 -1.577100000000000080e+02 4.174000000000000199e+01 4.038999999999999773e+02
2.362000000000000099e+01 0.000000000000000000e+00 -1.811999999999999886e+02 -2.921200000000000045e+02 2.057000000000000028e+01 -1.556999999999999886e+02 -5.388300000000000409e+02 7.480000000000000426e+00 7.879000000000000625e+01 2.163300000000000125e+02
-1.057500000000000000e+02 0.000000000000000000e+00 -2.575199999999999818e+02 -1.634699999999999989e+02 1.857999999999999829e+01 2.048799999999999955e+02 2.238899999999999864e+02 5.765599999999999454e+02 -1.341299999999999955e+02 -1.571800000000000068e+02
-1.375999999999999979e+01 0.000000000000000000e+00 -8.689000000000000057e+01 -6.849999999999999645e+00 1.683999999999999986e+01 -2.816499999999999773e+02 7.442000000000000171e+01 6.263000000000000256e+01 -6.707999999999999829e+01 -1.741500000000000057e+02
1.706200000000000045e+02 0.000000000000000000e+00 2.007999999999999829e+01 -1.696299999999999955e+02 3.579999999999999716e+01 2.932799999999999727e+02 2.994800000000000182e+02 2.066000000000000014e+01 2.673999999999999844e+01 4.952000000000000313e+01
1.564099999999999966e+02 0.000000000000000000e+00 3.073999999999999773e+02 8.631000000000000227e+01 3.055999999999999872e+01 1.345699999999999932e+02 -2.797500000000000000e+02 -4.626899999999999977e+02 -7.089000000000000057e+01 5.657999999999999829e+01
-6.418999999999999773e+01 0.000000000000000000e+00 -1.493799999999999955e+02 1.394099999999999966e+02 -5.638000000000000256e+01 -1.990000000000000000e+02 -3.482500000000000000e+02 -9.442000000000000171e+01 9.739000000000000057e+01 -2.156599999999999966e+02
-1.595999999999999943e+02 0.000000000000000000e+00 -1.107900000000000063e+02 9.018999999999999773e+01 -1.207000000000000028e+01 1.289300000000000068e+02 1.419799999999999898e+02 -2.466899999999999977e+02 3.809000000000000341e+01 6.849999999999999645e+00
-6.698999999999999488e+01 0.000000000000000000e+00 1.029500000000000028e+02 -1.892700000000000102e+02 5.153000000000000114e+01 -3.328899999999999864e+02 3.936200000000000045e+02 3.493999999999999773e+01 -4.075999999999999801e+01 3.858100000000000023e+02
3.350000000000000000e+01 0.000000000000000000e+00 -4.564000000000000057e+01 -7.968999999999999773e+01 4.785000000000000142e+01 -3.886700000000000159e+02 3.529999999999999805e+00 3.273299999999999841e+02 1.812000000000000099e+01 -1.666999999999999886e+02
2.009399999999999977e+02 0.000000000000000000e+00 -1.142300000000000040e+02 -2.532000000000000028e+01 -7.929999999999999716e+00 3.737799999999999727e+02 -7.939000000000000057e+01 6.774600000000000364e+02 -1.074000000000000021e+01 3.949000000000000199e+01
1.033700000000000045e+02 0.000000000000000000e+00 -8.898999999999999488e+01 2.555999999999999872e+01 5.460999999999999943e+01 2.663799999999999955e+02 1.230900000000000034e+02 3.436999999999999744e+01 6.219999999999999751e+00 4.763600000000000136e+02
-1.330300000000000011e+02 0.000000000000000000e+00 1.142000000000000028e+02 -2.771000000000000085e+01 1.664000000000000057e+01 3.657900000000000205e+02 -1.586100000000000136e+02 -4.781899999999999977e+02 -8.615000000000000568e+01 -3.491800000000000068e+02
9.576999999999999602e+01 0.000000000000000000e+00 1.272099999999999937e+02 -1.239300000000000068e+02 -1.563000000000000078e+01 -3.077099999999999795e+02 -2.439199999999999875e+02 -8.386299999999999955e+02 -9.990000000000000213e+00 -5.225099999999999909e+02
1.109399999999999977e+02 0.000000000000000000e+00 -1.075000000000000000e+01 -1.649999999999999911e+00 -1.402999999999999936e+01 -7.595000000000000284e+01 2.460300000000000011e+02 3.344800000000000182e+02 4.175000000000000000e+01 2.233199999999999932e+02
-1.603499999999999943e+02 0.000000000000000000e+00 -1.116999999999999993e+01 1.404600000000000080e+02 -7.129999999999999893e+00 -1.200699999999999932e+02 2.985299999999999727e+02 3.517099999999999795e+02 1.262099999999999937e+02 3.053000000000000114e+02
-1.261099999999999994e+02 0.000000000000000000e+00 1.652899999999999920e+02 1.233499999999999943e+02 1.516000000000000014e+01 -4.591700000000000159e+02 -2.667400000000000091e+02 9.226999999999999602e+01 7.581000000000000227e+01 -1.420800000000000125e+02
-7.198999999999999488e+01 0.000000000000000000e+00 -1.354000000000000057e+02 -1.062099999999999937e+02 6.443000000000000682e+01 2.827699999999999818e+02 -1.667500000000000000e+02 5.717000000000000171e+01 -1.909300000000000068e+02 -2.135000000000000000e+02
-2.148000000000000043e+01 0.000000000000000000e+00 -7.475000000000000000e+01 -1.711800000000000068e+02 -2.285000000000000142e+01 3.982300000000000182e+02 5.530000000000000249e+00 2.785600000000000023e+02 -3.560999999999999943e+01 3.115899999999999750e+02
5.668999999999999773e+01 0.000000000000000000e+00 -2.607200000000000273e+02 -2.030800000000000125e+02 1.789000000000000057e+01 1.107699999999999960e+02 2.290200000000000102e+02 6.506999999999999318e+01 -9.439000000000000057e+01 1.991000000000000014e+01
1.207600000000000051e+02 0.000000000000000000e+00 1.981800000000000068e+02 4.396000000000000085e+01 6.419999999999999929e+00 -5.419800000000000182e+02 -1.847800000000000011e+02 -7.217799999999999727e+02 -6.338000000000000256e+01 -3.518600000000000136e+02
7.893000000000000682e+01 0.000000000000000000e+00 1.393999999999999950e+01 2.691800000000000068e+02 2.330999999999999872e+01 4.000000000000000000e+00 -2.704900000000000091e+02 -4.325799999999999841e+02 9.206000000000000227e+01 -1.314199999999999875e+02
1.081500000000000057e+02 0.000000000000000000e+00 1.980800000000000125e+02 6.830000000000000071e+00 1.114000000000000057e+01 -9.881999999999999318e+01 9.039999999999999147e+00 3.489700000000000273e+02 1.323400000000000034e+02 1.999099999999999966e+02
-1.576999999999999886e+02 0.000000000000000000e+00 1.075600000000000023e+02 -7.065999999999999659e+01 -6.330000000000000071e+00 2.813399999999999750e+02 4.008399999999999750e+02 3.067900000000000205e+02 5.653000000000000114e+01 -2.635000000000000142e+01
-1.377400000000000091e+02 0.000000000000000000e+00 -5.724000000000000199e+01 -1.175600000000000023e+02 2.003999999999999915e+01 -9.849999999999999645e+00 -8.164000000000000057e+01 1.408799999999999955e+02 -1.067300000000000040e+02 9.420000000000000284e+01
-1.571399999999999864e+02 0.000000000000000000e+00 -1.069099999999999966e+02 -5.722999999999999687e+01 2.217999999999999972e+01 -8.139700000000000273e+02 2.706899999999999977e+02 1.019099999999999966e+02 -1.366899999999999977e+02 1.739999999999999858e+01
1.619799999999999898e+02 0.000000000000000000e+00 -9.693999999999999773e+01 4.447999999999999687e+01 5.139000000000000057e+01 2.321500000000000057e+02 6.272999999999999687e+01 -4.318999999999999773e+01 -3.030000000000000071e+01 1.163799999999999955e+02
3.196000000000000227e+02 0.000000000000000000e+00 9.487000000000000455e+01 -8.307999999999999829e+01 1.909999999999999920e+00 7.734900000000000091e+02 -2.096899999999999977e+02 -4.900199999999999818e+02 1.696899999999999977e+02 1.254399999999999977e+02
3.779999999999999716e+01 0.000000000000000000e+00 8.331999999999999318e+01 -1.286999999999999922e+01 -1.002999999999999936e+01 3.759499999999999886e+02 -2.302599999999999909e+02 -2.412500000000000000e+02 -1.939999999999999947e+00 -1.735999999999999943e+02
-1.956399999999999864e+02 0.000000000000000000e+00 1.483799999999999955e+02 1.109699999999999989e+02 -4.559999999999999609e+00 -2.008400000000000034e+02 3.297699999999999818e+02 5.001499999999999773e+02 -1.116500000000000057e+02 -1.974300000000000068e+02
-2.944999999999999929e+01 0.000000000000000000e+00 6.698000000000000398e+01 1.076700000000000017e+02 2.803999999999999915e+01 -5.567799999999999727e+02 1.939699999999999989e+02 -6.184000000000000341e+01 1.130199999999999960e+02 -7.837000000000000455e+01
-1.336999999999999922e+01 0.000000000000000000e+00 8.392000000000000171e+01 -1.038900000000000006e+02 -1.450999999999999979e+01 -5.902100000000000364e+02 -2.108300000000000125e+02 -2.121500000000000057e+02 3.434000000000000341e+01 1.445000000000000000e+02
-1.484699999999999989e+02 0.000000000000000000e+00 -1.445600000000000023e+02 -8.710000000000000853e+00 -5.070000000000000284e+00 5.238000000000000256e+01 -6.754999999999999716e+01 1.993700000000000045e+02 6.082999999999999829e+01 1.952899999999999920e+02
-1.202800000000000011e+02 0.000000000000000000e+00 -5.989000000000000057e+01 -7.340000000000000568e+01 4.324000000000000199e+01 1.058400000000000034e+02 -1.510200000000000102e+02 4.168100000000000023e+02 -1.200400000000000063e+02 3.246999999999999886e+01
9.056999999999999318e+01 0.000000000000000000e+00 -2.789999999999999858e+01 -6.643999999999999773e+01 3.474000000000000199e+01 9.144099999999999682e+02 1.398899999999999864e+02 7.589000000000000057e+01 -1.273400000000000034e+02 -1.108199999999999932e+02
1.445399999999999920e+02 0.000000000000000000e+00 5.602000000000000313e+01 -9.245000000000000284e+01 1.217999999999999972e+01 1.097399999999999949e+02 -1.451899999999999977e+02 -3.590899999999999750e+02 -4.545000000000000284e+01 -2.854599999999999795e+02
1.428799999999999955e+02 0.000000000000000000e+00 4.984000000000000341e+01 -8.329000000000000625e+01 -1.148000000000000043e+01 -1.794000000000000057e+02 1.581000000000000050e+01 -4.571200000000000045e+02 9.196999999999999886e+01 1.092199999999999989e+02
3.640000000000000124e+00 0.000000000000000000e+00 1.720999999999999943e+02 2.441399999999999864e+02 2.399999999999999911e-01 -4.306700000000000159e+02 -5.947999999999999687e+01 3.297999999999999687e+01 1.607400000000000091e+02 -6.221000000000000085e+01
-1.280000000000000027e+00 0.000000000000000000e+00 2.108300000000000125e+02 2.013199999999999932e+02 -5.999999999999999778e-02 -1.299399999999999977e+02 4.039000000000000057e+01 2.454000000000000057e+02 4.754999999999999716e+01 2.273899999999999864e+02
-1.910500000000000114e+02 0.000000000000000000e+00 -2.315600000000000023e+02 -1.135300000000000011e+02 2.209999999999999964e+00 5.204999999999999716e+01 2.039799999999999898e+02 2.352899999999999920e+02 -1.522500000000000000e+02 3.080999999999999872e+01
-2.451899999999999977e+02 0.000000000000000000e+00 -7.280000000000000249e+00 -3.121399999999999864e+02 3.227000000000000313e+01 3.940999999999999659e+01 -1.528300000000000125e+02 -2.788799999999999955e+02 -4.519999999999999574e+00 -2.400900000000000034e+02
1.644999999999999929e+01 0.000000000000000000e+00 -9.548999999999999488e+01 -1.568300000000000125e+02 -1.790000000000000036e+00 -8.775000000000000000e+01 9.789999999999999147e+00 -2.210399999999999920e+02 -1.104699999999999989e+02 1.830000000000000071e+01
3.227699999999999818e+02 0.000000000000000000e+00 -1.139899999999999949e+02 1.156500000000000057e+02 6.100000000000000000e+01 -3.053899999999999864e+02 3.109200000000000159e+02 3.015899999999999750e+02 1.020300000000000011e+02 1.022999999999999972e+02
1.858899999999999864e+02 0.000000000000000000e+00 1.159699999999999989e+02 2.636499999999999773e+02 -1.388000000000000078e+01 2.691100000000000136e+02 -1.423799999999999955e+02 1.649000000000000057e+02 -5.227000000000000313e+01 1.000900000000000034e+02
-8.523000000000000398e+01 0.000000000000000000e+00 1.972500000000000000e+02 1.219999999999999973e+00 1.117999999999999972e+01 5.724400000000000546e+02 -2.830699999999999932e+02 -3.330400000000000205e+02 1.430800000000000125e+02 -1.566999999999999993e+01
-3.924000000000000199e+01 0.000000000000000000e+00 1.235999999999999943e+02 -9.214000000000000057e+01 1.744999999999999929e+01 3.722699999999999818e+02 2.390000000000000000e+02 -8.115999999999999659e+01 7.276000000000000512e+01 2.266000000000000014e+01
-1.372500000000000000e+02 0.000000000000000000e+00 -5.128000000000000114e+01 -1.024300000000000068e+02 -7.150000000000000355e+00 -9.751499999999999773e+02 2.666200000000000045e+02 2.701600000000000250e+02 -8.885999999999999943e+01 1.596000000000000085e+01
-2.012299999999999898e+02 0.000000000000000000e+00 -9.364000000000000057e+01 -2.917999999999999972e+01 3.338000000000000256e+01 -4.718700000000000045e+02 -7.806000000000000227e+01 -1.103900000000000006e+02 -5.277000000000000313e+01 2.232000000000000028e+01
5.009000000000000341e+01 0.000000000000000000e+00 -1.425399999999999920e+02 1.198100000000000023e+02 1.459999999999999964e+01 1.921399999999999864e+02 -3.152099999999999795e+02 2.239000000000000057e+01 -7.915999999999999659e+01 3.650000000000000000e+01
1.097900000000000063e+02 0.000000000000000000e+00 -9.496999999999999886e+01 4.610999999999999943e+01 1.176999999999999957e+01 3.888999999999999773e+02 2.284699999999999989e+02 3.180199999999999818e+02 1.686999999999999886e+02 -2.609300000000000068e+02
2.447800000000000011e+02 0.000000000000000000e+00 1.141800000000000068e+02 -7.295000000000000284e+01 2.210999999999999943e+01 -1.141700000000000017e+02 -2.321000000000000085e+01 -1.761899999999999977e+02 3.057000000000000028e+01 -1.790699999999999932e+02
-1.350000000000000000e+01 0.000000000000000000e+00 7.531000000000000227e+01 3.306000000000000227e+01 -2.029999999999999805e+00 3.270299999999999727e+02 -2.867099999999999795e+02 -6.063899999999999864e+02 -1.255799999999999983e+02 3.358199999999999932e+02
-1.129899999999999949e+02 0.000000000000000000e+00 7.676000000000000512e+01 2.546000000000000085e+01 -1.979999999999999982e+00 1.764000000000000057e+02 1.491000000000000014e+01 2.978500000000000227e+02 2.469000000000000128e+01 -3.116000000000000014e+01
-5.467999999999999972e+01 0.000000000000000000e+00 4.215999999999999659e+01 -7.609000000000000341e+01 -1.149999999999999911e+00 -7.903000000000000114e+01 2.199699999999999989e+02 6.843799999999999955e+02 1.206000000000000050e+01 -1.057199999999999989e+02
3.914000000000000057e+01 0.000000000000000000e+00 -1.107800000000000011e+02 -1.687800000000000011e+02 3.400000000000000000e+01 -5.376900000000000546e+02 -2.055800000000000125e+02 -3.118500000000000227e+02 -1.973999999999999844e+01 -4.839999999999999858e+00
-1.496500000000000057e+02 0.000000000000000000e+00 3.009999999999999787e+00 -7.790000000000000036e+00 1.525000000000000000e+01 -2.068000000000000114e+02 -5.592000000000000171e+01 -7.277000000000000455e+02 -1.175100000000000051e+02 1.898700000000000045e+02
6.188000000000000256e+01 0.000000000000000000e+00 -3.374000000000000199e+01 -2.080999999999999872e+01 -8.750000000000000000e+00 -7.025000000000000000e+01 2.421500000000000057e+02 3.014100000000000250e+02 -3.096999999999999886e+01 -2.265900000000000034e+02
2.051000000000000156e+01 0.000000000000000000e+00 -3.289999999999999858e+01 7.175000000000000000e+01 3.607999999999999829e+01 4.758700000000000045e+02 2.456699999999999875e+02 -9.460999999999999943e+01 7.685999999999999943e+01 -2.759599999999999795e+02
1.176999999999999957e+01 0.000000000000000000e+00 -6.140999999999999659e+01 5.809000000000000341e+01 1.867999999999999972e+01 3.295000000000000284e+01 6.228999999999999915e+01 -5.792000000000000171e+01 6.892000000000000171e+01 4.225600000000000023e+02
1.146299999999999955e+02 0.000000000000000000e+00 8.900000000000000000e+01 1.138299999999999983e+02 2.991000000000000014e+01 3.426499999999999773e+02 -1.157000000000000028e+02 3.803000000000000114e+02 1.359999999999999964e+01 3.294499999999999886e+02
-6.890999999999999659e+01 0.000000000000000000e+00 6.976999999999999602e+01 -9.089000000000000057e+01 9.130000000000000782e+00 2.402100000000000080e+02 5.057000000000000028e+01 6.457999999999999829e+01 -1.112199999999999989e+02 -4.822999999999999687e+01
-1.353499999999999943e+02 0.000000000000000000e+00 2.894000000000000128e+01 -1.543000000000000114e+02 1.379999999999999893e+00 -6.194099999999999682e+02 -4.621999999999999886e+01 -3.760699999999999932e+02 1.413199999999999932e+02 -5.216799999999999500e+02
1.846599999999999966e+02 0.000000000000000000e+00 6.503000000000000114e+01 -6.660000000000000142e+00 6.429999999999999716e+00 -7.044400000000000546e+02 1.341399999999999864e+02 -2.307000000000000028e+01 -1.328000000000000114e+02 -8.482999999999999829e+01
2.050000000000000000e+01 0.000000000000000000e+00 1.121700000000000017e+02 -2.037999999999999901e+01 2.637000000000000099e+01 3.588700000000000045e+02 -1.687100000000000080e+02 2.386699999999999875e+02 5.299999999999999822e+00 5.716499999999999773e+02
-1.299300000000000068e+02 0.000000000000000000e+00 -7.020000000000000284e+01 1.332899999999999920e+02 3.103000000000000114e+01 2.311399999999999864e+02 1.044899999999999949e+02 2.496000000000000085e+01 1.428799999999999955e+02 -1.075000000000000000e+01
3.464000000000000057e+01 0.000000000000000000e+00 -5.840999999999999659e+01 5.089000000000000057e+01 -1.739999999999999991e+00 9.240000000000000213e+00 -1.341200000000000045e+02 -5.492999999999999972e+01 3.819999999999999840e+00 -3.107699999999999818e+02
5.330000000000000071e+00 0.000000000000000000e+00 -8.993999999999999773e+01 -1.158000000000000007e+01 2.921000000000000085e+01 2.425399999999999920e+02 -1.638600000000000136e+02 3.623999999999999773e+02 -1.879900000000000091e+02 -2.363400000000000034e+02
-5.646999999999999886e+01 0.000000000000000000e+00 1.272500000000000000e+02 -1.794600000000000080e+02 3.030999999999999872e+01 3.846200000000000045e+02 1.953499999999999943e+02 -3.029499999999999886e+02 3.722999999999999687e+01 1.479600000000000080e+02
-1.300900000000000034e+02 0.000000000000000000e+00 1.022800000000000011e+02 -7.181999999999999318e+01 -4.068999999999999773e+01 -2.624499999999999886e+02 -1.445399999999999920e+02 -1.766599999999999966e+02 -3.889000000000000057e+01 8.370000000000000284e+01
1.857599999999999909e+02 0.000000000000000000e+00 -3.528000000000000114e+01 8.317000000000000171e+01 3.435000000000000142e+01 -4.257200000000000273e+02 2.344999999999999929e+01 -9.573000000000000398e+01 5.732000000000000028e+01 2.341699999999999875e+02
1.484300000000000068e+02 0.000000000000000000e+00 1.424099999999999966e+02 3.452000000000000313e+01 2.350000000000000000e+01 -8.962000000000000455e+01 -7.723000000000000398e+01 2.256399999999999864e+02 5.110999999999999943e+01 -4.240999999999999659e+01
-3.382000000000000028e+01 0.000000000000000000e+00 -2.942999999999999972e+01 2.794999999999999929e+01 1.942000000000000171e+01 3.022599999999999909e+02 3.110699999999999932e+02 7.164000000000000057e+01 -9.048999999999999488e+01 -3.515199999999999818e+02
-1.295699999999999932e+02 0.000000000000000000e+00 -1.673300000000000125e+02 -9.981000000000000227e+01 3.292999999999999972e+01 3.338899999999999864e+02 -9.331000000000000227e+01 -1.573400000000000034e+02 3.617000000000000171e+01 -2.237000000000000099e+01
-1.724399999999999977e+02 0.000000000000000000e+00 -1.235699999999999932e+02 2.546699999999999875e+02 -2.300000000000000100e-01 -7.933400000000000318e+02 2.648199999999999932e+02 -3.469100000000000250e+02 5.654999999999999716e+01 2.565099999999999909e+02
-6.906000000000000227e+01 0.000000000000000000e+00 1.436699999999999875e+02 -6.840999999999999659e+01 -2.009999999999999787e+00 1.360000000000000098e+00 -3.986000000000000227e+02 2.493100000000000023e+02 -1.010600000000000023e+02 2.985000000000000142e+01
1.081899999999999977e+02 0.000000000000000000e+00 6.429999999999999716e+01 -2.101299999999999955e+02 9.900000000000000355e+00 8.134800000000000182e+02 -2.873999999999999844e+01 1.328199999999999932e+02 -1.210699999999999932e+02 1.553899999999999864e+02
1.784399999999999977e+02 0.000000000000000000e+00 -5.929999999999999716e+00 5.954999999999999716e+01 3.967999999999999972e+01 3.236800000000000068e+02 2.094900000000000091e+02 -4.312799999999999727e+02 1.257000000000000028e+02 -7.719999999999999751e+00
1.671299999999999955e+02 0.000000000000000000e+00 1.514300000000000068e+02 2.075600000000000023e+02 1.723000000000000043e+01 -7.286200000000000045e+02 -7.693000000000000682e+01 5.534600000000000364e+02 4.143999999999999773e+01 2.103999999999999915e+01
4.775000000000000000e+01 0.000000000000000000e+00 1.499799999999999898e+02 1.068499999999999943e+02 -1.581000000000000050e+01 -4.417699999999999818e+02 -2.451599999999999966e+02 4.485000000000000000e+02 6.546999999999999886e+01 -2.463600000000000136e+02
-5.496000000000000085e+01 0.000000000000000000e+00 -1.138599999999999994e+02 2.801000000000000156e+01 -3.479999999999999982e+00 3.285500000000000114e+02 2.910600000000000023e+02 -5.228600000000000136e+02 2.119000000000000128e+01 -7.537999999999999545e+01
-2.921200000000000045e+02 0.000000000000000000e+00 -3.834000000000000341e+01 -1.539000000000000057e+02 2.532000000000000028e+01 -4.311999999999999744e+01 -5.815999999999999659e+01 -4.225500000000000114e+02 -5.847999999999999687e+01 3.167999999999999972e+01
-1.628400000000000034e+02 0.000000000000000000e+00 -1.394699999999999989e+02 -1.108199999999999932e+02 3.051000000000000156e+01 -4.999000000000000199e+01 -2.663399999999999750e+02 3.409100000000000250e+02 -8.423999999999999488e+01 1.328799999999999955e+02
2.019000000000000128e+01 0.000000000000000000e+00 -9.990000000000000568e+01 1.510800000000000125e+02 1.737000000000000099e+01 1.172199999999999989e+02 -6.175000000000000000e+01 2.558999999999999986e+01 -9.143999999999999773e+01 2.457599999999999909e+02
1.880099999999999909e+02 0.000000000000000000e+00 -9.154000000000000625e+01 2.011699999999999875e+02 -6.009999999999999787e+00 1.823899999999999864e+02 2.301200000000000045e+02 1.990200000000000102e+02 9.306000000000000227e+01 -3.437799999999999727e+02
1.571000000000000085e+01 0.000000000000000000e+00 2.359000000000000057e+02 -7.620000000000000284e+01 -6.759999999999999787e+00 3.342200000000000273e+02 -3.080699999999999932e+02 -5.679999999999999716e+00 8.584999999999999432e+01 -8.910999999999999943e+01
1.465200000000000102e+02 0.000000000000000000e+00 1.020999999999999943e+02 -1.014500000000000028e+02 2.905000000000000071e+01 -1.596500000000000057e+02 2.640500000000000114e+02 -3.621800000000000068e+02 6.540000000000000036e+00 3.675600000000000023e+02
1.156599999999999966e+02 0.000000000000000000e+00 5.814000000000000057e+01 -1.592999999999999972e+01 3.613000000000000256e+01 -4.868199999999999932e+02 1.719000000000000057e+02 -3.194100000000000250e+02 -1.091500000000000057e+02 -1.705000000000000000e+02
6.799999999999999822e+00 0.000000000000000000e+00 -2.254300000000000068e+02 8.259999999999999432e+01 7.330000000000000071e+00 -5.187699999999999818e+02 1.966000000000000014e+01 1.957400000000000091e+02 -8.771999999999999886e+01 -2.173499999999999943e+02
-3.572900000000000205e+02 0.000000000000000000e+00 -1.927299999999999898e+02 -2.230000000000000071e+01 -7.610000000000000320e+00 5.246900000000000546e+02 -1.224099999999999966e+02 5.525000000000000000e+02 3.757999999999999829e+01 2.174499999999999886e+02
-2.275200000000000102e+02 0.000000000000000000e+00 7.601000000000000512e+01 9.199999999999999289e+00 3.026000000000000156e+01 -8.568999999999999773e+01 -1.434600000000000080e+02 -2.022599999999999909e+02 8.432999999999999829e+01 2.033199999999999932e+02
9.331999999999999318e+01 0.000000000000000000e+00 -9.323999999999999488e+01 1.518799999999999955e+02 5.889999999999999680e+00 5.477999999999999545e+02 -1.584999999999999964e+01 -4.697999999999999687e+01 3.286999999999999744e+01 -2.012199999999999989e+02
2.266999999999999886e+02 0.000000000000000000e+00 5.707000000000000028e+01 8.904000000000000625e+01 1.712000000000000099e+01 -3.225000000000000000e+01 1.926999999999999886e+02 -2.324300000000000068e+02 -6.646999999999999886e+01 -1.604399999999999977e+02
2.704200000000000159e+02 0.000000000000000000e+00 1.651899999999999977e+02 -3.076000000000000156e+01 3.542999999999999972e+01 1.939999999999999947e+00 1.581500000000000057e+02 6.443000000000000682e+01 6.612999999999999545e+01 1.095699999999999932e+02
5.840999999999999659e+01 0.000000000000000000e+00 -3.753999999999999915e+01 1.408000000000000007e+01 5.899000000000000199e+01 1.285900000000000034e+02 -2.627599999999999909e+02 6.529999999999999716e+01 -3.359999999999999876e+00 2.567599999999999909e+02
-1.219899999999999949e+02 0.000000000000000000e+00 -7.939000000000000057e+01 4.082000000000000028e+01 -5.999999999999999778e-01 -9.503300000000000409e+02 -2.958399999999999750e+02 -1.917599999999999909e+02 8.985999999999999943e+01 -4.638000000000000256e+01
-1.977299999999999898e+02 0.000000000000000000e+00 -1.963199999999999932e+02 -3.001000000000000156e+01 -1.117999999999999972e+01 -5.910000000000000142e+01 2.786700000000000159e+02 -4.093999999999999773e+01 -9.623000000000000398e+01 -6.641399999999999864e+02
-7.373000000000000398e+01 0.000000000000000000e+00 7.404999999999999716e+01 -1.330900000000000034e+02 -1.050999999999999979e+01 4.876100000000000136e+02 7.475000000000000000e+01 4.678799999999999955e+02 -8.917000000000000171e+01 2.449099999999999966e+02
3.105999999999999872e+01 0.000000000000000000e+00 -1.525999999999999979e+01 5.090999999999999659e+01 3.763000000000000256e+01 3.708799999999999955e+02 -2.178199999999999932e+02 1.073799999999999955e+02 -6.217000000000000171e+01 3.079300000000000068e+02
-1.053999999999999915e+01 0.000000000000000000e+00 -3.520000000000000018e+00 1.393100000000000023e+02 2.270000000000000018e+00 -2.287700000000000102e+02 -3.402000000000000313e+01 -1.208700000000000045e+02 -3.171000000000000085e+01 -1.525999999999999943e+02
3.936999999999999744e+01 0.000000000000000000e+00 7.399999999999999911e-01 -7.104999999999999716e+01 3.075000000000000000e+01 5.235000000000000142e+01 3.014300000000000068e+02 -4.486000000000000227e+02 -1.716000000000000014e+01 6.801000000000000512e+01
9.734000000000000341e+01 0.000000000000000000e+00 -1.609199999999999875e+02 6.976999999999999602e+01 2.919000000000000128e+01 -1.319900000000000091e+02 -3.137000000000000099e+01 -2.898100000000000023e+02 5.365999999999999659e+01 -2.310000000000000053e+00
1.728999999999999915e+01 0.000000000000000000e+00 -1.097600000000000051e+02 1.284799999999999898e+02 1.379999999999999893e+00 -2.308999999999999986e+01 -2.076800000000000068e+02 -1.659900000000000091e+02 3.482999999999999829e+01 -5.750999999999999801e+01
1.540000000000000036e+00 0.000000000000000000e+00 1.785300000000000011e+02 9.990000000000000213e+00 3.457999999999999829e+01 -1.482500000000000000e+02 8.951000000000000512e+01 3.546600000000000250e+02 1.165000000000000036e+01 -1.649399999999999977e+02
-1.582800000000000011e+02 0.000000000000000000e+00 8.106000000000000227e+01 -1.200199999999999960e+02 -1.050000000000000000e+01 2.390200000000000102e+02 1.047300000000000040e+02 2.967900000000000205e+02 -1.641000000000000014e+01 2.043199999999999932e+02
4.128000000000000114e+01 0.000000000000000000e+00 -8.140999999999999659e+01 -7.004999999999999716e+01 4.940999999999999659e+01 -3.715600000000000023e+02 2.626200000000000045e+02 1.775800000000000125e+02 -3.194000000000000128e+01 5.889000000000000057e+01
-1.160999999999999943e+01 0.000000000000000000e+00 -7.270999999999999375e+01 1.958600000000000136e+02 2.071999999999999886e+01 -2.806899999999999977e+02 -8.343000000000000682e+01 2.323999999999999844e+01 7.345000000000000284e+01 -1.850300000000000011e+02
-6.209000000000000341e+01 0.000000000000000000e+00 -1.199999999999999956e-01 2.057100000000000080e+02 -3.571999999999999886e+01 6.124199999999999591e+02 -1.254300000000000068e+02 -3.961499999999999773e+02 -6.200000000000000178e+00 -4.296000000000000085e+01
7.657999999999999829e+01 0.000000000000000000e+00 4.610000000000000142e+01 -1.064399999999999977e+02 1.009999999999999964e+01 1.063700000000000045e+02 -1.957500000000000000e+02 -2.085399999999999920e+02 -6.192000000000000171e+01 3.006600000000000250e+02
1.676899999999999977e+02 0.000000000000000000e+00 7.259999999999999787e+00 -9.818999999999999773e+01 3.317999999999999972e+01 -4.822999999999999687e+01 4.257999999999999829e+01 -2.090500000000000114e+02 1.508899999999999864e+02 1.563300000000000125e+02
8.534000000000000341e+01 0.000000000000000000e+00 -3.192999999999999972e+01 1.484300000000000068e+02 4.339999999999999858e+01 3.085699999999999932e+02 6.404000000000000625e+01 2.130999999999999943e+02 -1.878999999999999915e+01 -3.530899999999999750e+02
-1.811599999999999966e+02 0.000000000000000000e+00 -7.054000000000000625e+01 -2.392999999999999972e+01 4.219999999999999751e+00 -1.557299999999999898e+02 2.050399999999999920e+02 1.583400000000000034e+02 -1.464799999999999898e+02 -4.335699999999999932e+02
-1.705900000000000034e+02 0.000000000000000000e+00 -9.315999999999999659e+01 9.970000000000000639e+00 -3.620000000000000107e+00 -3.404100000000000250e+02 2.910999999999999943e+01 1.832800000000000011e+02 2.689999999999999947e+00 7.665000000000000568e+01
-4.697999999999999687e+01 0.000000000000000000e+00 -8.798000000000000398e+01 -5.892999999999999972e+01 2.278000000000000114e+01 -6.368899999999999864e+02 -9.971999999999999886e+01 -2.383199999999999932e+02 8.279000000000000625e+01 6.503799999999999955e+02
-5.280000000000000249e+00 0.000000000000000000e+00 7.209999999999999964e+00 4.907999999999999829e+01 3.290000000000000036e+00 4.465699999999999932e+02 -3.375099999999999909e+02 3.298299999999999841e+02 -4.986999999999999744e+01 -7.610999999999999943e+01
1.296800000000000068e+02 0.000000000000000000e+00 9.118000000000000682e+01 2.206999999999999886e+02 5.267000000000000171e+01 4.176600000000000250e+02 1.711399999999999864e+02 -4.735999999999999943e+01 2.628000000000000114e+01 -3.793999999999999773e+02
1.107000000000000028e+01 0.000000000000000000e+00 -1.876500000000000057e+02 -1.375699999999999932e+02 9.720000000000000639e+00 -4.832999999999999829e+01 9.370000000000000284e+01 -8.263400000000000318e+02 -8.692000000000000171e+01 2.099099999999999966e+02
5.957999999999999829e+01 0.000000000000000000e+00 -3.101000000000000156e+01 -1.122900000000000063e+02 3.890000000000000124e+00 3.767000000000000171e+01 4.535999999999999943e+01 5.702000000000000313e+01 1.705000000000000071e+01 -3.285000000000000142e+01
-1.520000000000000018e+00 0.000000000000000000e+00 7.790000000000000568e+01 -1.109999999999999964e+01 1.685000000000000142e+01 2.394999999999999929e+01 2.198499999999999943e+02 3.416800000000000068e+02 2.830000000000000071e+01 -3.552099999999999795e+02
2.126000000000000156e+01 0.000000000000000000e+00 1.329099999999999966e+02 3.495299999999999727e+02 4.850000000000000000e+01 -4.368600000000000136e+02 -8.767000000000000171e+01 2.469000000000000057e+02 -3.879999999999999893e+00 9.203000000000000114e+01
-1.059500000000000028e+02 0.000000000000000000e+00 -5.489000000000000057e+01 5.988000000000000256e+01 1.962000000000000099e+01 -1.342999999999999972e+01 -2.805999999999999872e+01 2.572400000000000091e+02 5.900999999999999801e+01 4.803600000000000136e+02
