-4.570000000000000284e+01 0.000000000000000000e+00 -3.096999999999999886e+01 1.042099999999999937e+02 -1.699999999999999956e+00 2.870600000000000023e+02 -4.557999999999999829e+01 9.795000000000000284e+01 5.389999999999999680e+00 1.389900000000000091e+02
2.486200000000000045e+02 0.000000000000000000e+00 -1.593300000000000125e+02 -1.412400000000000091e+02 1.328999999999999915e+01 1.791100000000000136e+02 1.407400000000000091e+02 5.503600000000000136e+02 -1.571200000000000045e+02 3.911200000000000045e+02
8.770000000000000284e+01 0.000000000000000000e+00 -1.193199999999999932e+02 -1.253400000000000034e+02 -2.369000000000000128e+01 6.509999999999999787e+00 6.207000000000000028e+01 2.040000000000000036e+00 4.377000000000000313e+01 -1.864000000000000057e+01
-2.543199999999999932e+02 0.000000000000000000e+00 -6.784999999999999432e+01 7.426000000000000512e+01 2.428999999999999915e+01 -3.367500000000000000e+02 6.700000000000000178e+00 -4.032200000000000273e+02 -7.673999999999999488e+01 -3.662799999999999727e+02
-9.767000000000000171e+01 0.000000000000000000e+00 1.002699999999999960e+02 4.009000000000000341e+01 1.846999999999999886e+01 2.607900000000000205e+02 -2.536800000000000068e+02 -2.564999999999999858e+01 1.125999999999999943e+02 1.397800000000000011e+02
2.185399999999999920e+02 0.000000000000000000e+00 1.650699999999999932e+02 2.842400000000000091e+02 -3.371000000000000085e+01 9.339999999999999858e+00 2.645400000000000205e+02 -6.196000000000000085e+01 7.401000000000000512e+01 3.379200000000000159e+02
2.733999999999999986e+01 0.000000000000000000e+00 6.489000000000000057e+01 -6.354999999999999716e+01 -8.210000000000000853e+00 -7.365000000000000568e+01 -2.150000000000000000e+01 3.514000000000000057e+01 5.478999999999999915e+01 -2.715299999999999727e+02
-5.174000000000000199e+01 0.000000000000000000e+00 -3.189000000000000057e+01 -7.287999999999999545e+01 2.750000000000000000e+00 1.557500000000000000e+02 -1.823400000000000034e+02 1.702400000000000091e+02 -7.648000000000000398e+01 8.671999999999999886e+01
-2.517199999999999989e+02 0.000000000000000000e+00 -1.941200000000000045e+02 1.058999999999999986e+01 -1.855000000000000071e+01 -1.952199999999999989e+02 -9.393999999999999773e+01 6.049000000000000199e+01 -1.141500000000000057e+02 -1.231299999999999955e+02
7.271999999999999886e+01 0.000000000000000000e+00 -2.507400000000000091e+02 -6.059000000000000341e+01 -4.875000000000000000e+01 -4.669800000000000182e+02 -1.605699999999999932e+02 -2.005900000000000034e+02 -1.518600000000000136e+02 1.281299999999999955e+02
1.053599999999999994e+02 0.000000000000000000e+00 -2.301000000000000156e+01 1.291999999999999993e+01 6.189999999999999858e+01 2.076999999999999886e+02 -3.906000000000000227e+01 3.331200000000000045e+02 1.666100000000000136e+02 -2.423000000000000114e+02
2.374499999999999886e+02 0.000000000000000000e+00 2.177800000000000011e+02 1.978700000000000045e+02 4.929999999999999716e+00 8.336900000000000546e+02 2.482599999999999909e+02 2.765000000000000000e+02 7.634999999999999432e+01 4.695000000000000284e+01
-5.422999999999999687e+01 0.000000000000000000e+00 -1.646999999999999886e+01 1.265600000000000023e+02 -3.459999999999999964e+00 2.092500000000000000e+02 2.566499999999999773e+02 -9.420999999999999375e+01 1.544000000000000057e+02 1.536800000000000068e+02
2.120000000000000107e+00 0.000000000000000000e+00 -7.507999999999999829e+01 -1.440300000000000011e+02 -5.730000000000000426e+00 -8.589500000000000455e+02 -7.095000000000000284e+01 -3.339700000000000273e+02 -1.430900000000000034e+02 1.585999999999999943e+01
-2.320699999999999932e+02 0.000000000000000000e+00 5.769999999999999574e+00 -1.434399999999999977e+02 3.928999999999999915e+01 -1.724600000000000080e+02 -5.222999999999999545e+02 -2.687599999999999909e+02 -4.150000000000000000e+01 -2.324900000000000091e+02
-1.533000000000000114e+02 0.000000000000000000e+00 -2.055999999999999872e+01 1.191500000000000057e+02 -2.471000000000000085e+01 3.404300000000000068e+02 -4.527000000000000313e+01 1.086899999999999977e+02 -1.188799999999999955e+02 1.380500000000000114e+02
1.209300000000000068e+02 0.000000000000000000e+00 2.607999999999999829e+01 9.050000000000000711e+00 -5.077000000000000313e+01 -3.146899999999999977e+02 -1.708999999999999986e+01 -5.910999999999999943e+01 7.896999999999999886e+01 1.675600000000000023e+02
3.521499999999999773e+02 0.000000000000000000e+00 -2.877699999999999818e+02 -6.303000000000000114e+01 4.538000000000000256e+01 1.811800000000000068e+02 2.482299999999999898e+02 2.524499999999999886e+02 6.107999999999999829e+01 1.754699999999999989e+02
8.970999999999999375e+01 0.000000000000000000e+00 -5.782000000000000028e+01 4.250999999999999801e+01 6.280000000000000249e+00 6.019500000000000455e+02 5.435299999999999727e+02 4.423700000000000045e+02 2.479999999999999982e+00 -3.469200000000000159e+02
-3.673299999999999841e+02 0.000000000000000000e+00 1.180699999999999932e+02 1.465600000000000023e+02 -2.426999999999999957e+01 4.636299999999999955e+02 -4.114100000000000250e+02 8.962999999999999545e+01 -6.437999999999999545e+01 -2.849800000000000182e+02
-1.212199999999999989e+02 0.000000000000000000e+00 -4.518999999999999773e+01 -7.384000000000000341e+01 3.076000000000000156e+01 -7.436299999999999955e+02 6.631999999999999318e+01 -2.443799999999999955e+02 9.981000000000000227e+01 1.563899999999999864e+02
2.488199999999999932e+02 0.000000000000000000e+00 -6.269999999999999574e+00 -1.548000000000000114e+02 -6.589999999999999858e+00 -5.733700000000000045e+02 -3.753600000000000136e+02 -5.886599999999999682e+02 -6.660000000000000142e+00 2.609700000000000273e+02
-4.678999999999999915e+01 0.000000000000000000e+00 -8.784000000000000341e+01 1.489900000000000091e+02 -2.880000000000000071e+01 -1.651999999999999957e+01 4.872999999999999687e+01 -2.387999999999999901e+01 1.967999999999999972e+01 1.313499999999999943e+02
-1.490600000000000023e+02 0.000000000000000000e+00 2.213700000000000045e+02 1.243499999999999943e+02 2.146000000000000085e+01 4.938000000000000256e+01 -5.620000000000000107e+00 3.304700000000000273e+02 -5.514000000000000057e+01 -1.511999999999999886e+02
1.268700000000000045e+02 0.000000000000000000e+00 2.750000000000000000e+01 -7.893000000000000682e+01 -1.737000000000000099e+01 5.396900000000000546e+02 6.557999999999999829e+01 3.662599999999999909e+02 -1.145699999999999932e+02 -3.588500000000000227e+02
1.367500000000000000e+02 0.000000000000000000e+00 -1.970000000000000000e+02 -7.000000000000000000e+00 -3.810000000000000142e+01 4.591499999999999773e+02 1.764999999999999858e+01 4.097599999999999909e+02 5.139999999999999680e+00 -1.284000000000000057e+02
-5.553999999999999915e+01 0.000000000000000000e+00 1.946999999999999886e+01 -8.210000000000000853e+00 -1.111999999999999922e+01 -4.400899999999999750e+02 3.095699999999999932e+02 -3.522799999999999727e+02 2.323000000000000043e+01 5.152000000000000313e+01
-8.750000000000000000e+01 0.000000000000000000e+00 1.328600000000000136e+02 5.568999999999999773e+01 7.629999999999999893e+00 -1.658000000000000114e+02 -8.026000000000000512e+01 -2.394699999999999989e+02 5.403999999999999915e+01 2.976800000000000068e+02
5.207999999999999829e+01 0.000000000000000000e+00 1.161500000000000057e+02 -1.180300000000000011e+02 1.273000000000000043e+01 -2.233899999999999864e+02 -3.157799999999999727e+02 -3.558799999999999955e+02 7.639000000000000057e+01 3.681200000000000045e+02
-1.097000000000000064e+01 0.000000000000000000e+00 4.286999999999999744e+01 -1.025699999999999932e+02 3.779999999999999805e+00 2.950400000000000205e+02 -2.095300000000000011e+02 -1.277500000000000000e+02 -1.892000000000000171e+01 -2.113499999999999943e+02
-1.818499999999999943e+02 0.000000000000000000e+00 9.407999999999999829e+01 2.081699999999999875e+02 -4.263000000000000256e+01 5.820000000000000284e+01 2.009699999999999989e+02 5.128400000000000318e+02 -1.554399999999999977e+02 -3.513899999999999864e+02
-2.276999999999999957e+01 0.000000000000000000e+00 1.572899999999999920e+02 -3.700000000000000000e+01 2.466000000000000014e+01 8.976999999999999602e+01 1.737700000000000102e+02 -3.959000000000000341e+01 -2.530000000000000071e+01 -6.815000000000000568e+01
1.845099999999999909e+02 0.000000000000000000e+00 -5.080000000000000071e+00 -1.758499999999999943e+02 -8.400000000000000355e+00 1.667899999999999920e+02 2.846999999999999886e+01 -3.103799999999999955e+02 1.349499999999999886e+02 -3.600000000000000089e+00
3.492999999999999972e+01 0.000000000000000000e+00 -4.293999999999999773e+01 5.009999999999999787e+00 6.889999999999999680e+00 -1.830399999999999920e+02 3.812799999999999727e+02 3.139499999999999886e+02 9.570000000000000284e+00 3.463500000000000227e+02
1.330099999999999909e+02 0.000000000000000000e+00 1.025300000000000011e+02 7.507999999999999829e+01 3.353000000000000114e+01 8.918999999999999773e+01 -1.986100000000000136e+02 5.751200000000000045e+02 2.798000000000000043e+01 9.985999999999999943e+01
7.625000000000000000e+01 0.000000000000000000e+00 1.803600000000000136e+02 1.725000000000000000e+01 -4.621000000000000085e+01 -3.625000000000000000e+01 -3.716000000000000227e+02 -2.807699999999999818e+02 2.379999999999999893e+00 -1.504399999999999977e+02
-3.099900000000000091e+02 0.000000000000000000e+00 -3.449000000000000199e+01 -7.790999999999999659e+01 -2.323000000000000043e+01 -5.246900000000000546e+02 -2.127500000000000000e+02 -3.471100000000000136e+02 -4.378999999999999915e+01 -1.964000000000000057e+02
-1.049800000000000040e+02 0.000000000000000000e+00 7.360000000000000320e+00 6.347999999999999687e+01 -4.900000000000000355e+00 1.115000000000000036e+01 2.994499999999999886e+02 6.762999999999999545e+01 5.719999999999999751e+00 4.917000000000000171e+01
2.907000000000000028e+01 0.000000000000000000e+00 -2.221999999999999886e+01 -2.960999999999999943e+01 2.680000000000000071e+01 4.334900000000000091e+02 2.155600000000000023e+02 -2.110800000000000125e+02 4.132999999999999829e+01 -4.200000000000000178e+00
2.464000000000000057e+02 0.000000000000000000e+00 -1.390000000000000036e+01 -9.628000000000000114e+01 2.244000000000000128e+01 9.578000000000000114e+01 -1.218799999999999955e+02 -1.732800000000000011e+02 -1.307299999999999898e+02 2.081599999999999966e+02
3.599000000000000199e+01 0.000000000000000000e+00 8.373000000000000398e+01 1.102999999999999936e+01 -1.188000000000000078e+01 1.497899999999999920e+02 -2.930500000000000114e+02 8.102999999999999545e+02 4.132999999999999829e+01 1.891699999999999875e+02
1.764000000000000057e+01 0.000000000000000000e+00 -6.620000000000000107e+00 5.624000000000000199e+01 -1.978000000000000114e+01 1.078799999999999955e+02 4.354300000000000068e+02 9.404999999999999716e+01 1.773199999999999932e+02 -1.027999999999999972e+02
-1.572899999999999920e+02 0.000000000000000000e+00 -7.993000000000000682e+01 -1.657000000000000028e+01 3.507000000000000028e+01 -1.356299999999999955e+02 -5.282999999999999829e+01 -3.396999999999999886e+02 3.715999999999999659e+01 -3.254200000000000159e+02
1.085799999999999983e+02 0.000000000000000000e+00 5.463000000000000256e+01 -6.940000000000000391e+00 -2.700000000000000000e+01 -5.104200000000000159e+02 -2.142700000000000102e+02 -2.179199999999999875e+02 -1.361399999999999864e+02 2.380399999999999920e+02
4.435999999999999943e+01 0.000000000000000000e+00 -7.781999999999999318e+01 -4.125000000000000000e+01 -1.443999999999999950e+01 -3.495000000000000000e+02 -2.015300000000000011e+02 -1.108799999999999955e+02 -1.053999999999999915e+01 -2.223000000000000043e+01
-6.315999999999999659e+01 0.000000000000000000e+00 -1.180199999999999960e+02 7.781000000000000227e+01 -5.080000000000000071e+00 5.298700000000000045e+02 1.085799999999999983e+02 2.422700000000000102e+02 -1.773000000000000043e+01 -5.146000000000000085e+01
-1.730699999999999932e+02 0.000000000000000000e+00 8.210000000000000853e+00 -3.137000000000000099e+01 3.259999999999999787e+00 3.609200000000000159e+02 2.914200000000000159e+02 -3.733899999999999864e+02 1.177300000000000040e+02 5.753999999999999915e+01
5.478999999999999915e+01 0.000000000000000000e+00 -9.073000000000000398e+01 -1.588799999999999955e+02 8.310000000000000497e+00 -2.326599999999999966e+02 -1.986100000000000136e+02 -2.076999999999999957e+01 -1.441899999999999977e+02 3.221299999999999955e+02
3.765999999999999659e+01 0.000000000000000000e+00 -1.390399999999999920e+02 2.914999999999999858e+01 1.714000000000000057e+01 2.141599999999999966e+02 -2.103999999999999915e+01 4.669399999999999977e+02 4.097999999999999687e+01 -1.489600000000000080e+02
-1.135400000000000063e+02 0.000000000000000000e+00 -2.194799999999999898e+02 4.745000000000000284e+01 1.313000000000000078e+01 1.723499999999999943e+02 1.448499999999999943e+02 3.502799999999999727e+02 1.115900000000000034e+02 -2.801499999999999773e+02
1.455399999999999920e+02 0.000000000000000000e+00 -5.969999999999999751e+00 3.992999999999999972e+01 -5.019999999999999574e+00 -5.083000000000000114e+02 1.599000000000000021e+01 -3.114900000000000091e+02 -3.033999999999999986e+01 -3.115000000000000000e+02
1.772100000000000080e+02 0.000000000000000000e+00 4.906000000000000227e+01 9.406999999999999318e+01 -3.696000000000000085e+01 -7.136399999999999864e+02 3.389999999999999858e+01 3.684900000000000091e+02 -2.512999999999999901e+01 7.841399999999999864e+02
-1.527599999999999909e+02 0.000000000000000000e+00 -9.042000000000000171e+01 -2.410000000000000142e+01 -3.396000000000000085e+01 2.375699999999999932e+02 -5.446999999999999886e+01 -1.841699999999999875e+02 -8.451999999999999602e+01 1.966800000000000068e+02
-1.788899999999999864e+02 0.000000000000000000e+00 -9.590999999999999659e+01 -1.753700000000000045e+02 3.892999999999999972e+01 6.030099999999999909e+02 -4.206000000000000227e+01 -7.362599999999999909e+02 -1.097000000000000064e+01 -5.573300000000000409e+02
-1.462599999999999909e+02 0.000000000000000000e+00 -7.320000000000000284e+00 -5.865999999999999659e+01 2.551999999999999957e+01 -1.935000000000000142e+01 -2.245300000000000011e+02 -2.126899999999999977e+02 7.020000000000000284e+01 -4.721999999999999886e+01
2.398499999999999943e+02 0.000000000000000000e+00 7.970000000000000284e+01 1.102099999999999937e+02 3.500000000000000000e+01 -2.605799999999999841e+02 -1.149200000000000017e+02 7.517100000000000364e+02 3.827000000000000313e+01 3.570400000000000205e+02
2.681399999999999864e+02 0.000000000000000000e+00 -2.366500000000000057e+02 -1.288199999999999932e+02 -4.982999999999999829e+01 2.367400000000000091e+02 5.651499999999999773e+02 3.561999999999999886e+02 1.012999999999999972e+02 -1.398700000000000045e+02
-1.124500000000000028e+02 0.000000000000000000e+00 1.121899999999999977e+02 1.768199999999999932e+02 -9.300000000000000711e+00 7.715999999999999659e+01 -2.684399999999999977e+02 5.306000000000000227e+01 -8.070000000000000284e+00 -1.937299999999999898e+02
-1.436899999999999977e+02 0.000000000000000000e+00 1.020100000000000051e+02 -3.935999999999999943e+01 -3.640000000000000124e+00 -4.278899999999999864e+02 1.038799999999999955e+02 -2.411699999999999875e+02 -1.102800000000000011e+02 -1.462400000000000091e+02
-9.060000000000000497e+00 0.000000000000000000e+00 1.683999999999999986e+01 -8.487000000000000455e+01 -3.224000000000000199e+01 1.212000000000000028e+02 -1.721599999999999966e+02 -7.679000000000000625e+01 -7.014000000000000057e+01 1.488499999999999943e+02
-7.857999999999999829e+01 0.000000000000000000e+00 6.385999999999999943e+01 -1.098499999999999943e+02 -1.250000000000000000e+01 2.291699999999999875e+02 1.368899999999999864e+02 -4.226399999999999864e+02 1.155600000000000023e+02 9.220000000000000639e+00
-2.580000000000000071e+00 0.000000000000000000e+00 -1.668300000000000125e+02 -4.721999999999999886e+01 5.328999999999999915e+01 -2.168199999999999932e+02 -2.033899999999999864e+02 -7.454999999999999716e+01 -1.226999999999999957e+01 9.381000000000000227e+01
9.034000000000000341e+01 0.000000000000000000e+00 -3.429999999999999716e+01 -3.784000000000000341e+01 3.579999999999999716e+01 1.055699999999999932e+02 2.729599999999999795e+02 3.426299999999999955e+02 -2.853000000000000114e+01 9.240000000000000568e+01
-3.087000000000000099e+01 0.000000000000000000e+00 -5.938000000000000256e+01 4.842999999999999972e+01 -9.339999999999999858e+00 5.413200000000000500e+02 -5.264900000000000091e+02 1.690000000000000000e+02 -7.392000000000000171e+01 -6.531999999999999318e+01
-2.026399999999999864e+02 0.000000000000000000e+00 -8.834000000000000341e+01 -2.908999999999999986e+01 -1.118999999999999950e+01 -6.369500000000000455e+02 1.352299999999999898e+02 -1.138100000000000023e+02 1.450999999999999979e+01 -4.578500000000000227e+02
3.919999999999999929e+00 0.000000000000000000e+00 1.034000000000000057e+02 1.441000000000000014e+01 -4.421000000000000085e+01 -6.428000000000000114e+01 4.833199999999999932e+02 8.698000000000000398e+01 6.731999999999999318e+01 3.858500000000000227e+02
1.454499999999999886e+02 0.000000000000000000e+00 -3.396999999999999886e+01 7.375000000000000000e+01 -2.271999999999999886e+01 -1.092399999999999949e+02 9.593000000000000682e+01 5.595199999999999818e+02 2.887000000000000099e+01 1.036999999999999922e+01
1.308400000000000034e+02 0.000000000000000000e+00 3.754999999999999716e+01 6.918999999999999773e+01 2.167999999999999972e+01 1.576100000000000136e+02 -2.441800000000000068e+02 -2.672900000000000205e+02 -1.465000000000000036e+01 -1.815099999999999909e+02
5.970000000000000284e+01 0.000000000000000000e+00 -1.964000000000000057e+01 -4.446000000000000085e+01 2.512000000000000099e+01 -6.604000000000000625e+01 1.473100000000000023e+02 -3.174200000000000159e+02 -2.142000000000000171e+01 1.070999999999999943e+02
-1.214200000000000017e+02 0.000000000000000000e+00 -7.467000000000000171e+01 -1.355699999999999932e+02 4.503999999999999915e+01 3.154499999999999886e+02 -5.976699999999999591e+02 2.626999999999999957e+01 -2.926999999999999957e+01 -1.194999999999999929e+01
-2.392100000000000080e+02 0.000000000000000000e+00 -1.531200000000000045e+02 -1.431999999999999886e+02 -5.407999999999999829e+01 -3.622999999999999687e+01 -1.654199999999999875e+02 -2.028100000000000023e+02 -1.480800000000000125e+02 4.015999999999999659e+01
-9.148000000000000398e+01 0.000000000000000000e+00 -1.654900000000000091e+02 1.427299999999999898e+02 -7.610000000000000320e+00 -4.475999999999999801e+01 2.822500000000000000e+02 -2.747500000000000000e+02 1.015100000000000051e+02 -1.442999999999999972e+01
2.076500000000000057e+02 0.000000000000000000e+00 4.670000000000000284e+01 1.508899999999999864e+02 1.600000000000000033e-01 -3.437900000000000205e+02 3.726999999999999886e+02 4.852200000000000273e+02 1.360999999999999943e+02 2.078999999999999915e+01
2.385500000000000114e+02 0.000000000000000000e+00 9.400000000000000000e+01 2.296999999999999886e+01 1.581000000000000050e+01 2.523300000000000125e+02 1.357800000000000011e+02 3.110799999999999841e+02 2.259000000000000057e+02 -7.534999999999999432e+01
-4.349999999999999645e+00 0.000000000000000000e+00 -3.954999999999999716e+01 1.804099999999999966e+02 -1.472000000000000064e+01 7.640999999999999659e+01 -1.053100000000000023e+02 4.117699999999999818e+02 -1.723600000000000136e+02 -1.478400000000000034e+02
-1.721999999999999886e+02 0.000000000000000000e+00 4.695000000000000284e+01 -1.500999999999999979e+01 7.959999999999999964e+00 3.580199999999999818e+02 -1.815699999999999932e+02 -5.059900000000000091e+02 -7.556000000000000227e+01 3.192000000000000171e+01
-8.214000000000000057e+01 0.000000000000000000e+00 -2.244099999999999966e+02 -2.443199999999999932e+02 -1.136999999999999922e+01 -1.503899999999999864e+02 -2.340900000000000034e+02 -7.135099999999999909e+02 -5.077000000000000313e+01 3.765400000000000205e+02
7.009999999999999432e+01 0.000000000000000000e+00 -2.170699999999999932e+02 -1.644799999999999898e+02 4.570000000000000284e+00 -5.446100000000000136e+02 -1.007500000000000000e+02 -1.635000000000000142e+01 -1.976999999999999957e+01 -1.633600000000000136e+02
3.459999999999999964e+00 0.000000000000000000e+00 -6.275000000000000000e+01 8.548000000000000398e+01 7.559999999999999609e+00 2.563100000000000023e+02 -1.092999999999999972e+02 4.874100000000000250e+02 2.251000000000000156e+01 -3.771000000000000227e+02
-1.412700000000000102e+02 0.000000000000000000e+00 1.409300000000000068e+02 2.224199999999999875e+02 -1.276999999999999957e+01 -2.789000000000000057e+01 1.337299999999999898e+02 -2.040800000000000125e+02 4.184000000000000341e+01 2.888199999999999932e+02
-7.329999999999999716e+01 0.000000000000000000e+00 4.678999999999999915e+01 1.197399999999999949e+02 -4.695000000000000284e+01 -1.026400000000000006e+02 4.075799999999999841e+02 5.550800000000000409e+02 9.760999999999999943e+01 1.824399999999999977e+02
3.351899999999999977e+02 0.000000000000000000e+00 4.507000000000000028e+01 -7.182999999999999829e+01 2.105000000000000071e+01 9.810000000000000497e+00 2.237999999999999901e+01 2.961399999999999864e+02 1.919999999999999929e+01 -1.381999999999999886e+02
2.808899999999999864e+02 0.000000000000000000e+00 -7.773000000000000398e+01 -7.106000000000000227e+01 1.235999999999999943e+01 -4.240999999999999659e+01 7.009999999999999432e+01 -6.206799999999999500e+02 4.571000000000000085e+01 -3.889300000000000068e+02
-1.238599999999999994e+02 0.000000000000000000e+00 1.539000000000000057e+02 7.931999999999999318e+01 -7.059999999999999609e+00 3.859800000000000182e+02 1.113100000000000023e+02 -1.200499999999999972e+02 -1.420000000000000000e+02 1.813899999999999864e+02
-2.228600000000000136e+02 0.000000000000000000e+00 5.939999999999999858e+01 -8.737000000000000455e+01 1.538000000000000078e+01 -6.020900000000000318e+02 -5.871200000000000045e+02 3.392400000000000091e+02 8.048999999999999488e+01 2.998199999999999932e+02
-1.414199999999999875e+02 0.000000000000000000e+00 2.880999999999999872e+01 9.981999999999999318e+01 8.160000000000000142e+00 4.215699999999999932e+02 -1.953100000000000023e+02 -3.250899999999999750e+02 7.129000000000000625e+01 8.223000000000000398e+01
-8.521999999999999886e+01 0.000000000000000000e+00 -1.392899999999999920e+02 2.939999999999999947e+00 2.762999999999999901e+01 -9.765000000000000568e+01 4.507999999999999829e+01 -3.916700000000000159e+02 -3.677000000000000313e+01 -2.751299999999999955e+02
1.908799999999999955e+02 0.000000000000000000e+00 -1.391999999999999993e+01 -2.473000000000000043e+01 -4.636999999999999744e+01 -2.955000000000000000e+02 3.308500000000000227e+02 1.904199999999999875e+02 -5.279999999999999716e+01 -4.800999999999999801e+01
1.574600000000000080e+02 0.000000000000000000e+00 -1.180000000000000000e+02 -1.147800000000000011e+02 1.114000000000000057e+01 2.017299999999999898e+02 5.196100000000000136e+02 4.873000000000000114e+02 8.093000000000000682e+01 4.003000000000000114e+01
7.607999999999999829e+01 0.000000000000000000e+00 5.346000000000000085e+01 1.645200000000000102e+02 -1.941000000000000014e+01 9.639000000000000057e+01 -1.585699999999999932e+02 1.289499999999999886e+02 -3.082000000000000028e+01 -5.540000000000000036e+00
-2.083999999999999986e+01 0.000000000000000000e+00 1.129099999999999966e+02 5.929999999999999716e+00 4.017000000000000171e+01 2.379000000000000057e+02 -2.232700000000000102e+02 -8.060000000000000497e+00 2.957999999999999829e+01 1.310999999999999943e+02
-3.971999999999999886e+01 0.000000000000000000e+00 -2.056299999999999955e+02 -3.497999999999999687e+01 -4.574000000000000199e+01 -2.075000000000000000e+01 -1.185400000000000063e+02 1.115300000000000011e+02 8.435999999999999943e+01 -1.787700000000000102e+02
-2.862999999999999901e+01 0.000000000000000000e+00 -1.435600000000000023e+02 -5.128999999999999915e+01 5.849999999999999645e+00 -2.113300000000000125e+02 -3.029200000000000159e+02 -4.063899999999999864e+02 -1.249099999999999966e+02 -2.175300000000000011e+02
-1.440800000000000125e+02 0.000000000000000000e+00 -1.219000000000000057e+02 -2.172599999999999909e+02 5.030000000000000249e+00 -7.682899999999999636e+02 8.246999999999999886e+01 -5.937000000000000455e+02 -1.207199999999999989e+02 3.831000000000000227e+02
1.240400000000000063e+02 0.000000000000000000e+00 -4.188000000000000256e+01 -6.673999999999999488e+01 3.158999999999999986e+01 -1.191899999999999977e+02 2.409699999999999989e+02 -6.876999999999999602e+01 -1.091000000000000014e+01 7.600000000000000000e+01
-3.457000000000000028e+01 0.000000000000000000e+00 -8.170999999999999375e+01 1.289900000000000091e+02 3.810000000000000053e+00 6.209600000000000364e+02 5.082000000000000028e+01 6.452300000000000182e+02 2.704700000000000273e+02 -1.353100000000000023e+02
-7.610000000000000320e+00 0.000000000000000000e+00 1.771500000000000057e+02 1.629399999999999977e+02 -2.030999999999999872e+01 6.779199999999999591e+02 1.363700000000000045e+02 6.737500000000000000e+02 -5.054999999999999716e+01 -1.939799999999999898e+02
8.123999999999999488e+01 0.000000000000000000e+00 -2.221000000000000085e+01 1.944000000000000128e+01 -9.810000000000000497e+00 3.788000000000000256e+01 -2.898000000000000043e+01 -1.864699999999999989e+02 -2.798000000000000043e+01 -2.109999999999999876e+00
8.928000000000000114e+01 0.000000000000000000e+00 -8.903000000000000114e+01 -9.595999999999999375e+01 -6.559999999999999609e+00 -6.950000000000000000e+02 1.630800000000000125e+02 -2.766999999999999886e+02 -3.899000000000000199e+01 -2.149000000000000057e+02
-1.123400000000000034e+02 0.000000000000000000e+00 -3.450000000000000000e+01 -3.450999999999999801e+01 -5.200000000000000178e-01 -3.204800000000000182e+02 -2.965199999999999818e+02 -3.997500000000000000e+02 -2.989999999999999858e+01 4.562400000000000091e+02
-2.746600000000000250e+02 0.000000000000000000e+00 1.072199999999999989e+02 -1.100900000000000034e+02 -1.033999999999999986e+01 -2.204799999999999898e+02 -1.585000000000000000e+02 -2.081599999999999966e+02 -1.905000000000000071e+01 -2.728999999999999915e+01
6.792000000000000171e+01 0.000000000000000000e+00 -2.887000000000000099e+01 -1.482299999999999898e+02 3.975000000000000000e+01 1.722800000000000011e+02 1.845600000000000023e+02 1.413000000000000078e+01 3.527000000000000313e+01 -1.933999999999999986e+01
8.570000000000000284e+01 0.000000000000000000e+00 -1.087699999999999960e+02 2.600000000000000000e+01 -3.014000000000000057e+01 3.107699999999999818e+02 3.767999999999999972e+01 6.723500000000000227e+02 4.646999999999999886e+01 -1.950900000000000034e+02
1.316399999999999864e+02 0.000000000000000000e+00 1.242399999999999949e+02 1.393899999999999864e+02 1.482000000000000028e+01 4.725600000000000023e+02 5.184000000000000341e+01 4.603100000000000023e+02 -7.990000000000000568e+01 1.481599999999999966e+02
-7.419999999999999929e+00 0.000000000000000000e+00 1.194899999999999949e+02 5.385999999999999943e+01 -7.570000000000000284e+00 1.794600000000000080e+02 3.157099999999999795e+02 -2.167800000000000011e+02 1.182500000000000000e+02 -4.332000000000000028e+01
2.051899999999999977e+02 0.000000000000000000e+00 1.948899999999999864e+02 9.293000000000000682e+01 -7.480000000000000426e+00 -5.691799999999999500e+02 1.014099999999999966e+02 -5.065699999999999932e+02 -3.479999999999999982e+00 2.655999999999999872e+01
5.284000000000000341e+01 0.000000000000000000e+00 -9.734999999999999432e+01 -6.429999999999999716e+01 -7.589999999999999858e+00 -2.790199999999999818e+02 -2.174699999999999989e+02 -2.488899999999999864e+02 -7.479999999999999716e+01 2.689000000000000057e+01
-2.996600000000000250e+02 0.000000000000000000e+00 1.407199999999999989e+02 -1.741100000000000136e+02 1.126999999999999957e+01 6.996999999999999886e+01 -5.431900000000000546e+02 -2.465600000000000023e+02 1.075000000000000000e+02 4.652000000000000313e+01
-7.076999999999999602e+01 0.000000000000000000e+00 5.771999999999999886e+01 -1.435900000000000034e+02 1.917999999999999972e+01 -2.989399999999999977e+02 7.948000000000000398e+01 3.127200000000000273e+02 -2.887999999999999901e+01 -2.413899999999999864e+02
1.511899999999999977e+02 0.000000000000000000e+00 2.124799999999999898e+02 1.303999999999999915e+01 -1.516999999999999993e+01 8.506999999999999318e+01 1.390000000000000000e+02 8.156200000000000045e+02 4.268999999999999773e+01 1.081000000000000050e+01
-5.664999999999999858e+01 0.000000000000000000e+00 -4.803000000000000114e+01 1.095100000000000051e+02 -1.317999999999999972e+01 4.382699999999999818e+02 5.300000000000000000e+01 -1.852899999999999920e+02 -7.798999999999999488e+01 2.055800000000000125e+02
-3.117000000000000171e+01 0.000000000000000000e+00 -3.364000000000000057e+01 1.564300000000000068e+02 -2.537000000000000099e+01 3.616499999999999773e+02 2.374699999999999989e+02 -2.434699999999999989e+02 2.423000000000000043e+01 -1.872800000000000011e+02
-4.665999999999999659e+01 0.000000000000000000e+00 6.235999999999999943e+01 -1.615399999999999920e+02 2.198000000000000043e+01 -2.434000000000000057e+02 -2.659800000000000182e+02 -1.672599999999999909e+02 6.109000000000000341e+01 -9.856000000000000227e+01
3.632999999999999829e+01 0.000000000000000000e+00 4.364999999999999858e+01 -8.895000000000000284e+01 1.560000000000000053e+00 -2.861800000000000068e+02 6.434999999999999432e+01 2.410600000000000023e+02 1.059999999999999964e+01 -1.199800000000000040e+02
1.466999999999999886e+02 0.000000000000000000e+00 1.845800000000000125e+02 5.849000000000000199e+01 1.450999999999999979e+01 2.262899999999999920e+02 2.268600000000000136e+02 -4.110299999999999727e+02 -7.635999999999999943e+01 3.183100000000000023e+02
-2.372700000000000102e+02 0.000000000000000000e+00 -1.009599999999999937e+02 6.704999999999999716e+01 -3.296999999999999886e+01 -2.705400000000000205e+02 -6.002000000000000313e+01 3.980299999999999727e+02 2.639000000000000057e+01 4.114000000000000057e+01
-1.122399999999999949e+02 0.000000000000000000e+00 -2.987999999999999901e+01 -1.547199999999999989e+02 2.848000000000000043e+01 -1.451999999999999957e+01 -2.335999999999999943e+01 -2.105999999999999943e+02 -5.377000000000000313e+01 -2.614499999999999886e+02
1.337199999999999989e+02 0.000000000000000000e+00 5.582999999999999829e+01 -1.018400000000000034e+02 -8.199999999999999512e-01 -2.089600000000000080e+02 -1.351299999999999955e+02 1.243799999999999955e+02 1.105699999999999932e+02 3.312200000000000273e+02
7.912000000000000455e+01 0.000000000000000000e+00 -5.178999999999999915e+01 9.151000000000000512e+01 8.419999999999999929e+00 1.495399999999999920e+02 6.115700000000000500e+02 6.227000000000000313e+01 -5.153000000000000114e+01 -6.088000000000000256e+01
6.429000000000000625e+01 0.000000000000000000e+00 7.468999999999999773e+01 1.647500000000000000e+02 -3.953000000000000114e+01 2.979300000000000068e+02 -1.259200000000000017e+02 8.835999999999999943e+01 1.439999999999999947e+00 -2.003300000000000125e+02
7.778000000000000114e+01 0.000000000000000000e+00 5.717999999999999972e+01 6.271999999999999886e+01 1.300999999999999979e+01 3.296999999999999886e+02 -4.847599999999999909e+02 -1.122399999999999949e+02 8.359000000000000341e+01 -5.139999999999999680e+00
1.334399999999999977e+02 0.000000000000000000e+00 1.045699999999999932e+02 -6.500000000000000000e+01 1.284999999999999964e+01 -2.717099999999999795e+02 -4.100400000000000205e+02 -3.721399999999999864e+02 9.842000000000000171e+01 3.722400000000000091e+02
-1.898499999999999943e+02 0.000000000000000000e+00 9.837999999999999545e+01 -1.140999999999999943e+02 1.000000000000000000e+01 -1.738799999999999955e+02 2.631200000000000045e+02 -8.326999999999999602e+01 -7.589000000000000057e+01 -2.358199999999999932e+02
-1.226200000000000045e+02 0.000000000000000000e+00 -1.538799999999999955e+02 -1.444600000000000080e+02 -3.100000000000000089e+00 -2.321100000000000136e+02 4.614200000000000159e+02 3.766200000000000045e+02 -6.775000000000000000e+01 -2.086500000000000057e+02
2.603999999999999915e+01 0.000000000000000000e+00 -1.503799999999999955e+02 1.426399999999999864e+02 -2.626000000000000156e+01 1.371699999999999875e+02 8.579999999999999716e+01 3.927200000000000273e+02 6.465999999999999659e+01 2.244999999999999929e+01
1.456299999999999955e+02 0.000000000000000000e+00 8.732999999999999829e+01 5.328999999999999915e+01 -2.855999999999999872e+01 -1.973000000000000043e+01 -3.141499999999999773e+02 1.062199999999999989e+02 3.899999999999999911e+00 2.934700000000000273e+02
6.695999999999999375e+01 0.000000000000000000e+00 8.599999999999999645e+00 -4.210999999999999943e+01 1.535999999999999943e+01 1.149599999999999937e+02 -3.602000000000000313e+01 -4.106899999999999977e+02 -1.876999999999999957e+01 2.746000000000000085e+01
-9.350000000000000000e+01 0.000000000000000000e+00 2.741000000000000014e+01 2.530999999999999872e+01 -1.671000000000000085e+01 5.250399999999999636e+02 -8.009999999999999432e+01 -3.428399999999999750e+02 2.628000000000000114e+01 -3.450199999999999818e+02
-2.523600000000000136e+02 0.000000000000000000e+00 1.006099999999999994e+02 -3.367000000000000171e+01 -5.370000000000000107e+00 -6.576000000000000512e+01 2.039799999999999898e+02 6.951999999999999602e+01 -5.282000000000000028e+01 1.224200000000000017e+02
1.957000000000000028e+01 0.000000000000000000e+00 -3.549999999999999822e+00 -1.083499999999999943e+02 2.023999999999999844e+01 -1.744900000000000091e+02 1.640500000000000114e+02 -8.778000000000000114e+01 9.082999999999999829e+01 5.146999999999999886e+01
9.884999999999999432e+01 0.000000000000000000e+00 -1.779199999999999875e+02 9.562999999999999545e+01 -2.292999999999999972e+01 -5.420900000000000318e+02 1.590999999999999943e+02 2.324000000000000057e+02 3.082000000000000028e+01 1.701399999999999864e+02
-4.719999999999999751e+00 0.000000000000000000e+00 -8.503000000000000114e+01 7.768999999999999773e+01 1.853999999999999915e+01 -3.638700000000000045e+02 -4.842999999999999972e+01 3.118100000000000023e+02 -1.967000000000000171e+01 -8.284999999999999432e+01
1.153400000000000034e+02 0.000000000000000000e+00 4.031000000000000227e+01 -4.286999999999999744e+01 -1.621999999999999886e+01 8.222500000000000000e+02 -9.345000000000000284e+01 7.860999999999999943e+01 8.446999999999999886e+01 -1.846999999999999886e+02
1.202999999999999972e+02 0.000000000000000000e+00 7.860999999999999943e+01 -8.334999999999999432e+01 -2.060000000000000053e+00 3.440699999999999932e+02 -2.989200000000000159e+02 -2.118600000000000136e+02 2.685999999999999943e+01 1.245900000000000034e+02
-1.561999999999999922e+01 0.000000000000000000e+00 6.550000000000000000e+01 -2.319000000000000128e+01 2.289000000000000057e+01 -2.842000000000000171e+01 9.034999999999999432e+01 -1.438000000000000114e+02 -9.503000000000000114e+01 3.074800000000000182e+02
-1.455900000000000034e+02 0.000000000000000000e+00 1.123499999999999943e+02 -6.077000000000000313e+01 1.080000000000000071e+00 -5.737500000000000000e+02 2.023000000000000114e+02 -4.068100000000000023e+02 -1.785000000000000142e+01 -1.886399999999999864e+02
3.957999999999999829e+01 0.000000000000000000e+00 2.226999999999999957e+01 1.730999999999999872e+01 -7.679999999999999716e+00 1.417800000000000011e+02 -2.577500000000000000e+02 1.460099999999999909e+02 4.707999999999999829e+01 -9.626999999999999602e+01
5.697999999999999687e+01 0.000000000000000000e+00 -1.806200000000000045e+02 1.136999999999999922e+01 -7.419999999999999929e+00 8.942000000000000171e+01 8.518000000000000682e+01 4.239300000000000068e+02 8.320999999999999375e+01 -4.099999999999999645e+00
1.599099999999999966e+02 0.000000000000000000e+00 -1.080000000000000071e+01 5.892000000000000171e+01 4.339999999999999858e+00 -4.878000000000000114e+02 3.489900000000000091e+02 -1.147199999999999989e+02 4.006000000000000227e+01 -1.781800000000000068e+02
-9.053000000000000114e+01 0.000000000000000000e+00 1.951999999999999957e+01 1.256700000000000017e+02 5.980000000000000426e+00 7.772000000000000455e+02 -8.764000000000000057e+01 -3.432000000000000028e+01 3.978999999999999915e+01 1.680600000000000023e+02
-5.084000000000000341e+01 0.000000000000000000e+00 8.460999999999999943e+01 -5.270000000000000284e+01 -3.290000000000000036e+00 5.180900000000000318e+02 -5.215900000000000318e+02 2.085900000000000034e+02 -3.243999999999999773e+01 1.494099999999999966e+02
1.127999999999999936e+01 0.000000000000000000e+00 -2.401000000000000156e+01 -7.662999999999999545e+01 -3.110000000000000142e+01 -5.816299999999999955e+02 2.322800000000000011e+02 -1.629000000000000057e+02 -9.167000000000000171e+01 6.945000000000000284e+01
-1.917500000000000000e+02 0.000000000000000000e+00 -5.999999999999999778e-01 7.030000000000000249e+00 3.834000000000000341e+01 -7.658899999999999864e+02 1.714699999999999989e+02 -2.646299999999999955e+02 1.085999999999999943e+01 -2.038400000000000034e+02
4.327000000000000313e+01 0.000000000000000000e+00 2.162599999999999909e+02 3.299999999999999822e+00 -5.699999999999999512e-01 2.634800000000000182e+02 2.080000000000000071e+00 -2.470000000000000195e+00 2.300000000000000100e-01 -1.459999999999999964e+01
7.709000000000000341e+01 0.000000000000000000e+00 -3.185000000000000142e+01 -4.295000000000000284e+01 -6.469999999999999751e+00 6.835000000000000000e+02 2.324199999999999875e+02 5.766699999999999591e+02 5.311999999999999744e+01 2.585000000000000142e+01
3.133799999999999955e+02 0.000000000000000000e+00 -1.341800000000000068e+02 -1.299000000000000021e+01 8.470000000000000639e+00 -9.776000000000000512e+01 5.459999999999999964e+00 5.158799999999999955e+02 1.115799999999999983e+02 9.201000000000000512e+01
3.336999999999999744e+01 0.000000000000000000e+00 -8.235999999999999943e+01 2.006399999999999864e+02 2.879999999999999893e+00 -1.646100000000000136e+02 -4.799499999999999886e+02 -5.237999999999999545e+02 -6.526000000000000512e+01 -5.831000000000000227e+01
-2.920600000000000023e+02 0.000000000000000000e+00 1.226500000000000057e+02 2.827599999999999909e+02 -1.692000000000000171e+01 -2.411100000000000136e+02 -1.473100000000000023e+02 -5.313400000000000318e+02 -7.771999999999999886e+01 -1.774399999999999977e+02
-2.653399999999999750e+02 0.000000000000000000e+00 -6.120000000000000284e+01 -1.879099999999999966e+02 -6.910000000000000142e+00 1.180699999999999932e+02 9.293999999999999773e+01 8.970999999999999375e+01 3.871000000000000085e+01 -9.895999999999999375e+01
1.911500000000000057e+02 0.000000000000000000e+00 -2.242000000000000171e+01 -3.394900000000000091e+02 2.370000000000000107e+00 -3.026000000000000156e+01 1.215199999999999960e+02 5.360800000000000409e+02 1.151800000000000068e+02 2.895699999999999932e+02
2.685899999999999750e+02 0.000000000000000000e+00 -1.248799999999999955e+02 5.978999999999999915e+01 3.078999999999999915e+01 -3.756299999999999955e+02 1.306399999999999864e+02 -5.489000000000000057e+01 -1.185999999999999943e+02 4.605500000000000114e+02
-2.262999999999999901e+01 0.000000000000000000e+00 1.605800000000000125e+02 1.567599999999999909e+02 1.524000000000000021e+01 6.541200000000000045e+02 -2.188300000000000125e+02 1.208100000000000023e+02 -6.542000000000000171e+01 -3.423700000000000045e+02
-9.104999999999999716e+01 0.000000000000000000e+00 -1.272800000000000011e+02 2.835999999999999943e+01 -3.680000000000000160e+00 7.768000000000000682e+01 1.080999999999999943e+02 -2.389300000000000068e+02 1.159500000000000028e+02 -6.679299999999999500e+02
-9.140000000000000568e+00 0.000000000000000000e+00 -1.361999999999999886e+02 -1.404799999999999898e+02 -4.625999999999999801e+01 -3.755299999999999727e+02 -3.638199999999999932e+02 4.739999999999999858e+01 2.880000000000000071e+01 1.217900000000000063e+02
2.339000000000000057e+01 0.000000000000000000e+00 -2.058199999999999932e+02 1.317500000000000000e+02 -1.560999999999999943e+01 -2.238700000000000045e+02 -9.567000000000000171e+01 -4.711200000000000045e+02 -1.488000000000000114e+02 5.400199999999999818e+02
-1.351299999999999955e+02 0.000000000000000000e+00 7.656999999999999318e+01 1.685000000000000000e+02 8.349999999999999645e+00 8.059000000000000341e+01 1.461899999999999977e+02 1.479699999999999989e+02 1.460000000000000000e+02 -1.517599999999999909e+02
1.551999999999999957e+01 0.000000000000000000e+00 1.277399999999999949e+02 -1.556699999999999875e+02 4.197999999999999687e+01 1.342599999999999909e+02 8.745000000000000284e+01 4.222699999999999818e+02 9.210000000000000853e+00 -2.306999999999999886e+02
1.701100000000000136e+02 0.000000000000000000e+00 -8.004000000000000625e+01 -1.986200000000000045e+02 5.099999999999999645e+00 -4.199000000000000199e+01 9.518999999999999773e+01 -7.651000000000000512e+01 -1.701000000000000156e+01 4.932099999999999795e+02
-6.981999999999999318e+01 0.000000000000000000e+00 -1.502500000000000000e+02 5.609000000000000341e+01 -4.179999999999999716e+00 -1.320000000000000000e+02 3.817999999999999972e+01 6.307999999999999829e+01 -1.426200000000000045e+02 -1.655000000000000000e+02
-4.417999999999999972e+01 0.000000000000000000e+00 8.006000000000000227e+01 1.492700000000000102e+02 1.481000000000000050e+01 4.900699999999999932e+02 4.182000000000000028e+01 7.315000000000000568e+01 5.471000000000000085e+01 -3.691600000000000250e+02
1.326999999999999957e+01 0.000000000000000000e+00 8.115999999999999659e+01 -2.633999999999999986e+01 -3.946999999999999886e+01 -5.059000000000000341e+01 7.025000000000000000e+01 8.823000000000000398e+01 1.332700000000000102e+02 -3.978000000000000114e+01
1.817000000000000171e+01 0.000000000000000000e+00 8.442000000000000171e+01 9.082999999999999829e+01 -1.214000000000000057e+01 -4.193799999999999955e+02 -1.495999999999999943e+02 -1.084699999999999989e+02 1.464499999999999886e+02 2.582900000000000205e+02
-9.025000000000000000e+01 0.000000000000000000e+00 -1.689399999999999977e+02 4.714000000000000057e+01 1.689999999999999858e+01 4.714000000000000057e+01 -4.833399999999999750e+02 -2.301999999999999886e+02 -1.382299999999999898e+02 2.414799999999999898e+02
-1.294900000000000091e+02 0.000000000000000000e+00 -4.917000000000000171e+01 -8.398999999999999488e+01 1.261999999999999922e+01 8.340999999999999659e+01 4.498000000000000114e+02 4.303999999999999915e+01 -1.089399999999999977e+02 -5.404900000000000091e+02
-2.890000000000000124e+00 0.000000000000000000e+00 4.782999999999999829e+01 -9.703000000000000114e+01 6.360000000000000320e+00 8.035999999999999943e+01 -1.119999999999999929e+01 1.963100000000000023e+02 -1.053799999999999955e+02 1.100600000000000023e+02
1.901800000000000068e+02 0.000000000000000000e+00 1.844399999999999977e+02 -1.012800000000000011e+02 1.860999999999999943e+01 -4.292999999999999972e+01 -4.033199999999999932e+02 1.242099999999999937e+02 9.314000000000000057e+01 5.699099999999999682e+02
2.354399999999999977e+02 0.000000000000000000e+00 1.307899999999999920e+02 1.281399999999999864e+02 -7.259999999999999787e+00 -4.260000000000000142e+01 3.102200000000000273e+02 4.320000000000000284e+00 7.418000000000000682e+01 -3.789599999999999795e+02
-9.117000000000000171e+01 0.000000000000000000e+00 1.362800000000000011e+02 2.335999999999999943e+01 -2.509999999999999787e+00 2.475699999999999932e+02 7.040000000000000036e+00 -2.079300000000000068e+02 9.118999999999999773e+01 -4.173799999999999955e+02
-2.030800000000000125e+02 0.000000000000000000e+00 -5.071999999999999886e+01 -5.479999999999999716e+01 3.149999999999999911e+00 1.532700000000000102e+02 -2.186100000000000136e+02 -2.020000000000000018e+00 -3.696000000000000085e+01 2.533999999999999986e+01
-2.383199999999999932e+02 0.000000000000000000e+00 -5.254999999999999716e+01 -1.540300000000000011e+02 -4.371000000000000085e+01 -1.145999999999999943e+02 -1.419199999999999875e+02 1.989799999999999898e+02 -1.203999999999999915e+01 4.246800000000000068e+02
1.248299999999999983e+02 0.000000000000000000e+00 7.112000000000000455e+01 2.646999999999999886e+01 -2.240000000000000213e+00 -2.286100000000000136e+02 4.670199999999999818e+02 -2.210000000000000000e+02 -1.620900000000000034e+02 1.466899999999999977e+02
1.417400000000000091e+02 0.000000000000000000e+00 -1.177800000000000011e+02 3.176999999999999957e+01 5.879999999999999893e+00 1.365600000000000023e+02 1.212800000000000011e+02 -2.855000000000000000e+02 8.487999999999999545e+01 -3.728100000000000023e+02
8.881000000000000227e+01 0.000000000000000000e+00 1.242000000000000028e+02 -1.015699999999999932e+02 2.951999999999999957e+01 -8.881999999999999318e+01 -3.003899999999999864e+02 1.747199999999999989e+02 4.429999999999999716e+01 2.126200000000000045e+02
4.671000000000000085e+01 0.000000000000000000e+00 1.836899999999999977e+02 -8.810999999999999943e+01 1.739999999999999991e+00 2.000000000000000000e+00 -4.580000000000000071e+00 3.143199999999999932e+02 -5.684000000000000341e+01 1.408000000000000007e+01
-1.714199999999999875e+02 0.000000000000000000e+00 -1.433999999999999986e+01 6.604999999999999716e+01 -1.118999999999999950e+01 2.923000000000000114e+02 2.667999999999999972e+01 1.455800000000000125e+02 1.317100000000000080e+02 -3.020400000000000205e+02
-8.148000000000000398e+01 0.000000000000000000e+00 -8.150000000000000000e+01 1.828000000000000114e+02 -4.299999999999999822e+00 -6.960999999999999943e+01 1.696399999999999864e+02 -4.496299999999999955e+02 -1.773999999999999844e+01 1.521299999999999955e+02
-5.757999999999999829e+01 0.000000000000000000e+00 -9.248000000000000398e+01 -5.839999999999999858e+01 -2.573999999999999844e+01 -2.886700000000000159e+02 -2.562099999999999795e+02 4.185199999999999818e+02 -6.456999999999999318e+01 2.387599999999999909e+02
7.240000000000000213e+00 0.000000000000000000e+00 -1.819999999999999929e+01 -1.584699999999999989e+02 3.635999999999999943e+01 -2.334199999999999875e+02 1.973999999999999844e+01 3.382200000000000273e+02 -5.907999999999999829e+01 -3.467000000000000171e+01
1.845399999999999920e+02 0.000000000000000000e+00 9.131000000000000227e+01 -5.610000000000000320e+00 -3.492000000000000171e+01 6.132999999999999829e+01 2.883299999999999841e+02 -4.808399999999999750e+02 1.118299999999999983e+02 -2.753399999999999750e+02
7.973000000000000398e+01 0.000000000000000000e+00 1.034000000000000057e+02 2.003499999999999943e+02 3.151000000000000156e+01 3.789300000000000068e+02 -5.747999999999999687e+01 1.103599999999999994e+02 -5.235999999999999943e+01 -1.225300000000000011e+02
-2.323000000000000043e+01 0.000000000000000000e+00 -1.367400000000000091e+02 -4.214999999999999858e+01 4.290999999999999659e+01 2.926299999999999955e+02 -2.095300000000000011e+02 -9.014000000000000057e+01 2.789999999999999858e+01 4.051200000000000045e+02
-2.134499999999999886e+02 0.000000000000000000e+00 -9.987999999999999545e+01 -1.226500000000000057e+02 -6.092000000000000171e+01 4.400000000000000355e+00 1.840800000000000125e+02 -3.851899999999999977e+02 -3.910999999999999943e+01 -1.298700000000000045e+02
-1.347400000000000091e+02 0.000000000000000000e+00 7.399999999999999911e-01 -3.200999999999999801e+01 -5.532000000000000028e+01 -6.793899999999999864e+02 1.319600000000000080e+02 1.278199999999999932e+02 -8.342000000000000171e+01 -3.629800000000000182e+02
-2.430000000000000071e+01 0.000000000000000000e+00 -7.051999999999999602e+01 1.476399999999999864e+02 3.796000000000000085e+01 -1.737299999999999898e+02 7.062999999999999545e+01 2.688399999999999750e+02 2.146000000000000085e+01 8.699999999999999289e+00
1.869099999999999966e+02 0.000000000000000000e+00 -1.951999999999999957e+01 1.100000000000000000e+01 1.912000000000000099e+01 5.742100000000000364e+02 1.033499999999999943e+02 -7.559000000000000341e+01 2.185999999999999943e+01 2.435099999999999909e+02
3.154100000000000250e+02 0.000000000000000000e+00 1.035499999999999972e+02 6.450000000000000178e+00 3.870000000000000107e+00 4.243000000000000114e+02 -1.660300000000000011e+02 3.036000000000000227e+02 5.571999999999999886e+01 3.402500000000000000e+02
-1.566000000000000014e+01 0.000000000000000000e+00 -5.296999999999999886e+01 -1.448199999999999932e+02 -2.549999999999999822e+00 -4.339800000000000182e+02 1.120000000000000107e+00 -5.870000000000000107e+00 -1.083499999999999943e+02 2.771200000000000045e+02
-2.007599999999999909e+02 0.000000000000000000e+00 -7.281999999999999318e+01 -4.339999999999999858e+00 2.678999999999999915e+01 -2.886899999999999977e+02 -3.202000000000000313e+01 -7.408700000000000045e+02 5.431000000000000227e+01 -6.608600000000000136e+02
-1.428700000000000045e+02 0.000000000000000000e+00 -1.128299999999999983e+02 1.375999999999999943e+02 -1.803000000000000114e+01 2.518400000000000034e+02 -3.875999999999999801e+01 -1.639399999999999977e+02 1.006099999999999994e+02 -2.890299999999999727e+02
1.023700000000000045e+02 0.000000000000000000e+00 7.781000000000000227e+01 1.860099999999999909e+02 -2.140000000000000124e+00 -6.519999999999999574e+00 -1.217099999999999937e+02 4.681499999999999773e+02 -7.503000000000000114e+01 2.341299999999999955e+02
1.382299999999999898e+02 0.000000000000000000e+00 1.311800000000000068e+02 -9.426000000000000512e+01 -1.844999999999999929e+01 -9.614000000000000057e+01 4.865199999999999818e+02 4.248600000000000136e+02 1.655399999999999920e+02 3.690699999999999932e+02
3.990999999999999659e+01 0.000000000000000000e+00 -5.468999999999999773e+01 -1.335999999999999943e+01 -1.498000000000000043e+01 3.190199999999999818e+02 1.287100000000000080e+02 3.307500000000000000e+02 -2.955000000000000071e+01 -1.810999999999999943e+01
-1.694900000000000091e+02 0.000000000000000000e+00 -1.565600000000000023e+02 5.074000000000000199e+01 1.209999999999999964e+00 2.284699999999999989e+02 -6.334700000000000273e+02 -4.739100000000000250e+02 -1.004599999999999937e+02 -6.512999999999999545e+01
-2.578999999999999915e+01 0.000000000000000000e+00 1.051299999999999955e+02 -1.099000000000000057e+02 1.792999999999999972e+01 -3.715699999999999932e+02 -1.135300000000000011e+02 -3.151999999999999886e+02 -3.429999999999999716e+01 -1.316399999999999864e+02
9.448999999999999488e+01 0.000000000000000000e+00 5.997999999999999687e+01 -1.517899999999999920e+02 -1.787999999999999901e+01 -2.003799999999999955e+02 1.218299999999999983e+02 2.446000000000000085e+01 -6.189999999999999858e+01 2.399000000000000057e+02
7.610000000000000320e+00 0.000000000000000000e+00 -1.346500000000000057e+02 4.825000000000000000e+01 1.009999999999999964e+01 -1.047600000000000051e+02 4.756999999999999886e+02 -9.039999999999999147e+00 6.610999999999999943e+01 -7.234999999999999432e+01
1.299000000000000021e+01 0.000000000000000000e+00 1.189999999999999947e+00 1.286699999999999875e+02 9.439999999999999503e+00 3.789300000000000068e+02 -1.749900000000000091e+02 -2.079799999999999898e+02 6.937999999999999545e+01 -1.830300000000000011e+02
-6.139999999999999858e+01 0.000000000000000000e+00 4.297999999999999687e+01 -1.409999999999999964e+01 -1.100000000000000000e+01 1.011299999999999955e+02 -5.342000000000000171e+01 1.533199999999999932e+02 4.775999999999999801e+01 -2.075000000000000000e+02
-8.565000000000000568e+01 0.000000000000000000e+00 -8.039000000000000057e+01 1.848000000000000043e+01 -1.955999999999999872e+01 -1.629499999999999886e+02 2.220699999999999932e+02 6.893400000000000318e+02 -5.157999999999999829e+01 1.913000000000000114e+02
2.270300000000000011e+02 0.000000000000000000e+00 -7.025000000000000000e+01 -8.356000000000000227e+01 -3.479999999999999982e+00 1.123199999999999932e+02 3.037999999999999901e+01 4.607999999999999829e+01 -3.346000000000000085e+01 1.851899999999999977e+02
-3.795000000000000284e+01 0.000000000000000000e+00 1.250300000000000011e+02 -5.577000000000000313e+01 1.159999999999999964e+01 -2.235500000000000114e+02 -6.540199999999999818e+02 -5.795299999999999727e+02 -1.669000000000000128e+01 -1.098000000000000043e+01
-1.175499999999999972e+02 0.000000000000000000e+00 3.682000000000000028e+01 6.860000000000000320e+00 1.113000000000000078e+01 -1.589099999999999966e+02 5.650000000000000000e+01 -4.789599999999999795e+02 6.489000000000000057e+01 7.900000000000000000e+01
6.240000000000000213e+00 0.000000000000000000e+00 -7.295999999999999375e+01 -3.472999999999999687e+01 3.660999999999999943e+01 5.195099999999999909e+02 3.425500000000000114e+02 2.094600000000000080e+02 -5.374000000000000199e+01 -5.217000000000000171e+01
-4.425000000000000000e+01 0.000000000000000000e+00 -1.954300000000000068e+02 1.152999999999999936e+01 -2.155000000000000071e+01 -1.742199999999999989e+02 1.139500000000000028e+02 5.617999999999999545e+02 7.967000000000000171e+01 -1.208700000000000045e+02
7.523999999999999488e+01 0.000000000000000000e+00 -1.011800000000000068e+02 1.523700000000000045e+02 -1.067999999999999972e+01 1.976200000000000045e+02 -1.603700000000000045e+02 2.375399999999999920e+02 8.682999999999999829e+01 -2.307999999999999829e+01
6.361999999999999744e+01 0.000000000000000000e+00 1.974300000000000068e+02 -1.817999999999999972e+01 1.482000000000000028e+01 -2.469000000000000057e+02 -1.041200000000000045e+02 -3.535799999999999841e+02 -4.639000000000000057e+01 -1.330000000000000071e+00
2.633999999999999986e+01 0.000000000000000000e+00 1.394600000000000080e+02 -9.390000000000000568e+00 -2.989000000000000057e+01 1.291100000000000136e+02 -9.360999999999999943e+01 -1.621100000000000136e+02 -6.400000000000000000e+01 1.538000000000000078e+01
-7.904000000000000625e+01 0.000000000000000000e+00 -7.514000000000000057e+01 -6.443000000000000682e+01 -2.123000000000000043e+01 -2.699599999999999795e+02 2.522100000000000080e+02 9.237999999999999545e+01 -6.640999999999999659e+01 9.576999999999999602e+01
-3.602000000000000313e+01 0.000000000000000000e+00 -8.607999999999999829e+01 2.276000000000000156e+01 3.696000000000000085e+01 -5.996000000000000085e+01 -1.482100000000000080e+02 1.746899999999999977e+02 5.160000000000000142e+01 -1.988600000000000136e+02
-1.717199999999999989e+02 0.000000000000000000e+00 1.126200000000000045e+02 1.194999999999999929e+01 4.096000000000000085e+01 3.282900000000000205e+02 1.616000000000000014e+01 -8.095000000000000284e+01 1.217399999999999949e+02 2.557299999999999898e+02
1.268100000000000023e+02 0.000000000000000000e+00 -4.270000000000000284e+01 1.199300000000000068e+02 3.540000000000000036e+00 -1.623400000000000034e+02 1.386899999999999977e+02 -3.651600000000000250e+02 5.425999999999999801e+01 1.252500000000000000e+02
1.038700000000000045e+02 0.000000000000000000e+00 -9.079000000000000625e+01 1.950900000000000034e+02 -4.100000000000000000e+01 2.090999999999999943e+02 -2.253100000000000023e+02 4.825699999999999932e+02 -3.707999999999999829e+01 -2.335399999999999920e+02
5.042999999999999972e+01 0.000000000000000000e+00 9.817000000000000171e+01 -1.211899999999999977e+02 5.139999999999999680e+00 1.087199999999999989e+02 6.959000000000000341e+01 3.038899999999999864e+02 -9.548999999999999488e+01 -5.374299999999999500e+02
-1.305999999999999943e+02 0.000000000000000000e+00 3.246000000000000227e+02 -1.763600000000000136e+02 -9.410000000000000142e+00 -3.264100000000000250e+02 1.402999999999999936e+01 -3.965500000000000114e+02 2.944000000000000128e+01 1.654399999999999977e+02
1.937000000000000099e+01 0.000000000000000000e+00 -1.703000000000000114e+01 5.980000000000000426e+00 7.299999999999999822e-01 7.703000000000000114e+01 2.916200000000000045e+02 -3.444399999999999977e+02 -5.470000000000000284e+01 4.431700000000000159e+02
-4.913000000000000256e+01 0.000000000000000000e+00 -7.481999999999999318e+01 1.408000000000000114e+02 1.619999999999999929e+01 -2.278700000000000045e+02 -1.190199999999999960e+02 3.406899999999999977e+02 9.837000000000000455e+01 3.021800000000000068e+02
-3.927000000000000313e+01 0.000000000000000000e+00 -1.107900000000000063e+02 6.128999999999999915e+01 8.769999999999999574e+00 6.415999999999999659e+01 -1.363199999999999932e+02 2.220699999999999932e+02 5.993999999999999773e+01 -5.853999999999999915e+01
2.284300000000000068e+02 0.000000000000000000e+00 4.811999999999999744e+01 1.118599999999999994e+02 1.060999999999999943e+01 3.956600000000000250e+02 3.414000000000000057e+01 -1.743199999999999932e+02 4.992999999999999972e+01 -3.765299999999999727e+02
5.893999999999999773e+01 0.000000000000000000e+00 2.061999999999999886e+02 -5.609000000000000341e+01 8.859999999999999432e+00 5.492999999999999972e+01 -1.983400000000000034e+02 -1.565600000000000023e+02 9.728000000000000114e+01 -2.537999999999999901e+01
-1.817100000000000080e+02 0.000000000000000000e+00 1.539000000000000057e+01 -1.323700000000000045e+02 -3.272999999999999687e+01 -3.088299999999999841e+02 1.482800000000000011e+02 2.949900000000000091e+02 -7.268999999999999773e+01 -2.067500000000000000e+02
-5.046000000000000085e+01 0.000000000000000000e+00 2.450000000000000000e+01 -2.539999999999999858e+01 -1.742000000000000171e+01 1.436699999999999875e+02 2.516000000000000014e+01 -1.419999999999999929e+01 -5.732999999999999829e+01 1.178499999999999943e+02
1.225699999999999932e+02 0.000000000000000000e+00 -1.197000000000000028e+02 -1.143100000000000023e+02 3.992000000000000171e+01 -1.143199999999999932e+02 1.182000000000000028e+02 -2.281500000000000057e+02 -1.198499999999999943e+02 1.431899999999999977e+02
-7.337000000000000455e+01 0.000000000000000000e+00 -1.591399999999999864e+02 -4.009999999999999787e+00 -3.799999999999999822e+00 2.015699999999999932e+02 -1.994799999999999898e+02 1.959499999999999886e+02 3.053999999999999915e+01 2.210000000000000000e+02
-2.090099999999999909e+02 0.000000000000000000e+00 7.337999999999999545e+01 -5.203000000000000114e+01 -1.439999999999999947e+00 -3.327500000000000000e+02 5.759000000000000341e+01 1.512599999999999909e+02 1.050199999999999960e+02 -1.811899999999999977e+02
2.023300000000000125e+02 0.000000000000000000e+00 2.330000000000000071e+00 -4.129999999999999893e+00 1.033000000000000007e+01 1.346200000000000045e+02 3.486999999999999744e+01 1.681399999999999864e+02 3.827000000000000313e+01 -1.828499999999999943e+02
7.198000000000000398e+01 0.000000000000000000e+00 -4.707000000000000028e+01 5.324000000000000199e+01 1.575999999999999979e+01 1.239200000000000017e+02 5.539000000000000057e+01 -5.696699999999999591e+02 -1.314699999999999989e+02 -1.838199999999999932e+02
-4.589000000000000057e+01 0.000000000000000000e+00 1.322199999999999989e+02 -2.751999999999999957e+01 -3.032000000000000028e+01 -1.174699999999999989e+02 4.557999999999999829e+01 -7.584000000000000341e+01 5.225000000000000000e+01 -4.153000000000000114e+01
-1.143999999999999950e+01 0.000000000000000000e+00 1.262600000000000051e+02 -2.303499999999999943e+02 -9.449999999999999289e+00 1.928400000000000034e+02 -2.119600000000000080e+02 3.296800000000000068e+02 -6.138000000000000256e+01 3.257799999999999727e+02
-8.250000000000000000e+00 0.000000000000000000e+00 -4.632000000000000028e+01 -3.080999999999999872e+01 2.114999999999999858e+01 1.907999999999999829e+01 5.567000000000000171e+01 1.727299999999999898e+02 -3.574000000000000199e+01 3.338500000000000227e+02
-4.400000000000000355e+00 0.000000000000000000e+00 -3.016800000000000068e+02 6.515000000000000568e+01 2.628999999999999915e+01 -4.331000000000000227e+02 3.027200000000000273e+02 -4.687300000000000182e+02 1.609000000000000057e+02 -2.503700000000000045e+02
-4.359000000000000341e+01 0.000000000000000000e+00 -4.000000000000000222e-01 1.542999999999999972e+01 -1.830999999999999872e+01 2.168400000000000034e+02 -1.081299999999999955e+02 4.099599999999999795e+02 -5.707999999999999829e+01 -1.089200000000000017e+02
-1.944000000000000128e+01 0.000000000000000000e+00 2.183499999999999943e+02 -2.489000000000000057e+01 2.114000000000000057e+01 3.624100000000000250e+02 -1.029899999999999949e+02 2.232700000000000102e+02 -3.342000000000000171e+01 1.013000000000000078e+01
9.209999999999999432e+01 0.000000000000000000e+00 -1.255999999999999943e+02 9.582999999999999829e+01 -1.642999999999999972e+01 -4.392999999999999972e+01 7.618999999999999773e+01 -4.760699999999999932e+02 7.114000000000000057e+01 -9.770999999999999375e+01
6.290999999999999659e+01 0.000000000000000000e+00 -4.331000000000000227e+01 -1.219999999999999929e+01 1.914999999999999858e+01 -3.648600000000000136e+02 -1.108700000000000045e+02 1.236599999999999966e+02 5.689999999999999858e+01 -2.019000000000000057e+02
-4.728999999999999915e+01 0.000000000000000000e+00 1.184899999999999949e+02 -5.929999999999999716e+01 1.059999999999999964e+01 1.889699999999999989e+02 -1.594999999999999929e+01 2.837799999999999727e+02 -8.385999999999999943e+01 2.466200000000000045e+02
-7.571999999999999886e+01 0.000000000000000000e+00 6.412000000000000455e+01 -8.162999999999999545e+01 -1.089000000000000057e+01 1.833499999999999943e+02 -1.568899999999999864e+02 1.468000000000000114e+02 -8.118000000000000682e+01 2.181899999999999977e+02
-1.319399999999999977e+02 0.000000000000000000e+00 -2.043499999999999943e+02 1.274000000000000021e+01 -5.900000000000000355e+00 -2.795600000000000023e+02 7.445999999999999375e+01 -4.246299999999999955e+02 8.826000000000000512e+01 -1.148599999999999994e+02
2.617000000000000171e+01 0.000000000000000000e+00 -1.445699999999999932e+02 7.498999999999999488e+01 -2.023000000000000043e+01 7.392000000000000171e+01 -1.372800000000000011e+02 1.730500000000000114e+02 1.585999999999999943e+01 -1.335699999999999932e+02
4.760999999999999943e+01 0.000000000000000000e+00 8.354000000000000625e+01 -4.292999999999999972e+01 2.850000000000000089e+00 2.795000000000000000e+02 1.666999999999999886e+02 -7.043999999999999773e+01 -1.760099999999999909e+02 -1.298799999999999955e+02
1.253799999999999955e+02 0.000000000000000000e+00 4.018999999999999773e+01 1.673999999999999844e+01 4.721000000000000085e+01 -2.613600000000000136e+02 2.434799999999999898e+02 -2.513400000000000034e+02 -4.071000000000000085e+01 8.343999999999999773e+01
2.352299999999999898e+02 0.000000000000000000e+00 6.260999999999999943e+01 -2.233999999999999986e+01 -5.240000000000000213e+00 -1.761399999999999864e+02 -2.458199999999999932e+02 2.064699999999999989e+02 1.030199999999999960e+02 1.403799999999999955e+02
-3.977000000000000313e+01 0.000000000000000000e+00 9.230000000000000426e+00 8.717000000000000171e+01 -2.787000000000000099e+01 4.810000000000000000e+02 1.742199999999999989e+02 1.475300000000000011e+02 4.925999999999999801e+01 -1.199599999999999937e+02
-1.726999999999999886e+02 0.000000000000000000e+00 5.517000000000000171e+01 2.698299999999999841e+02 -9.949999999999999289e+00 -5.219999999999999751e+00 -3.606000000000000227e+01 5.839000000000000057e+01 -5.580000000000000071e+00 1.082900000000000063e+02
-1.944799999999999898e+02 0.000000000000000000e+00 6.570000000000000284e+01 -5.461999999999999744e+01 6.209999999999999964e+00 -1.093799999999999955e+02 -1.314099999999999966e+02 -2.952400000000000091e+02 8.259999999999999787e+00 1.840099999999999909e+02
8.575000000000000000e+01 0.000000000000000000e+00 1.969999999999999973e+00 -1.889199999999999875e+02 3.001999999999999957e+01 -6.299400000000000546e+02 4.559999999999999609e+00 -7.904000000000000625e+01 6.007000000000000028e+01 -1.384699999999999989e+02
1.880300000000000011e+02 0.000000000000000000e+00 -1.257600000000000051e+02 2.182800000000000011e+02 -2.626999999999999957e+01 4.440299999999999727e+02 2.819499999999999886e+02 3.134599999999999795e+02 -1.482000000000000028e+01 -1.346000000000000085e+01
3.392000000000000171e+01 0.000000000000000000e+00 1.864000000000000057e+01 1.908799999999999955e+02 4.419999999999999929e+00 2.565600000000000023e+02 2.226000000000000156e+01 -2.585000000000000142e+01 -4.585000000000000142e+01 -1.022099999999999937e+02
-5.777000000000000313e+01 0.000000000000000000e+00 1.812599999999999909e+02 -9.243000000000000682e+01 1.086999999999999922e+01 1.621699999999999875e+02 -7.796999999999999886e+01 -1.049500000000000028e+02 -1.260000000000000009e+00 -1.071099999999999994e+02
-1.117800000000000011e+02 0.000000000000000000e+00 6.679999999999999716e+01 -2.300000000000000000e+01 -3.089999999999999858e+00 -1.162300000000000040e+02 -1.963799999999999955e+02 2.560000000000000000e+02 1.637000000000000099e+01 7.240999999999999659e+01
2.289000000000000057e+01 0.000000000000000000e+00 -1.031599999999999966e+02 1.365800000000000125e+02 -4.214000000000000057e+01 -3.265000000000000000e+02 -5.428000000000000114e+01 2.825000000000000000e+01 6.403000000000000114e+01 5.556000000000000227e+01
3.264000000000000057e+01 0.000000000000000000e+00 9.640000000000000568e+01 -1.741000000000000014e+01 -8.230000000000000426e+00 3.877300000000000182e+02 1.655999999999999872e+01 -5.015400000000000205e+02 -4.310999999999999943e+01 8.220000000000000639e+00
-2.112199999999999989e+02 0.000000000000000000e+00 5.506000000000000227e+01 -1.214300000000000068e+02 2.126999999999999957e+01 -6.042599999999999909e+02 8.468999999999999773e+01 1.635699999999999932e+02 -7.135999999999999943e+01 8.326000000000000512e+01
1.953300000000000125e+02 0.000000000000000000e+00 1.469999999999999973e+00 -6.734999999999999432e+01 1.338000000000000078e+01 -3.261700000000000159e+02 -1.556999999999999886e+02 2.671399999999999864e+02 -6.332999999999999829e+01 -2.207000000000000028e+01
1.225300000000000011e+02 0.000000000000000000e+00 2.571999999999999886e+01 5.524000000000000199e+01 -8.869999999999999218e+00 4.023000000000000114e+02 2.191999999999999886e+02 2.597300000000000182e+02 1.571000000000000085e+01 -3.188799999999999955e+02
3.215999999999999659e+01 0.000000000000000000e+00 1.454799999999999898e+02 1.425800000000000125e+02 8.820000000000000284e+00 6.784199999999999591e+02 2.657300000000000182e+02 -3.781899999999999977e+02 1.184200000000000017e+02 1.977899999999999920e+02
-1.247699999999999960e+02 0.000000000000000000e+00 3.540000000000000036e+00 5.509000000000000341e+01 3.271999999999999886e+01 -3.128100000000000023e+02 -3.169999999999999929e+00 -2.361599999999999966e+02 4.364999999999999858e+01 4.559399999999999977e+02
8.945000000000000284e+01 0.000000000000000000e+00 2.157999999999999829e+01 3.527000000000000313e+01 -3.899999999999999911e+00 -3.700400000000000205e+02 -1.371200000000000045e+02 -2.305300000000000011e+02 -4.953999999999999915e+01 -8.289000000000000057e+01
7.081000000000000227e+01 0.000000000000000000e+00 -4.097999999999999687e+01 -8.421999999999999886e+01 -5.110000000000000142e+01 1.165999999999999943e+02 -2.026899999999999977e+02 4.752599999999999909e+02 4.088000000000000256e+01 -4.767200000000000273e+02
-1.036400000000000006e+02 0.000000000000000000e+00 1.817599999999999909e+02 5.750000000000000000e+00 2.271000000000000085e+01 -1.597800000000000011e+02 4.014599999999999795e+02 1.943400000000000034e+02 7.798999999999999488e+01 2.375500000000000114e+02
-2.292999999999999972e+01 0.000000000000000000e+00 2.639300000000000068e+02 -3.418999999999999773e+01 3.035999999999999943e+01 1.101200000000000045e+02 -1.205799999999999983e+02 -1.618600000000000136e+02 -9.801999999999999602e+01 1.296000000000000085e+01
7.135999999999999943e+01 0.000000000000000000e+00 -1.170999999999999943e+02 -8.840000000000000568e+01 -2.530000000000000071e+01 3.418199999999999932e+02 2.425999999999999943e+02 6.040999999999999659e+01 6.501999999999999602e+01 -8.201999999999999602e+01
6.732999999999999829e+01 0.000000000000000000e+00 -5.042999999999999972e+01 8.901999999999999602e+01 -1.864000000000000057e+01 -9.019999999999999574e+00 -7.162999999999999545e+01 -1.229300000000000068e+02 1.335000000000000000e+02 -1.213799999999999955e+02
5.478000000000000114e+01 0.000000000000000000e+00 -1.576699999999999875e+02 2.139900000000000091e+02 7.459999999999999964e+00 2.744999999999999929e+01 -2.345500000000000114e+02 1.881899999999999977e+02 -5.519999999999999574e+00 -1.808400000000000034e+02
-2.589700000000000273e+02 0.000000000000000000e+00 -1.675099999999999909e+02 -7.281999999999999318e+01 -8.470000000000000639e+00 7.957999999999999829e+01 -2.344499999999999886e+02 1.512199999999999989e+02 -1.603600000000000136e+02 3.491499999999999773e+02
-2.945500000000000114e+02 0.000000000000000000e+00 -5.725000000000000000e+01 -2.500500000000000114e+02 3.527000000000000313e+01 -1.864699999999999989e+02 2.243899999999999864e+02 -4.041100000000000136e+02 -1.506299999999999955e+02 2.317999999999999972e+01
6.357999999999999829e+01 0.000000000000000000e+00 1.305500000000000114e+02 -9.650000000000000000e+01 2.644000000000000128e+01 -1.352500000000000000e+02 -3.238299999999999841e+02 -7.637999999999999545e+01 1.623899999999999864e+02 -1.200300000000000011e+02
1.847500000000000000e+02 0.000000000000000000e+00 4.911999999999999744e+01 1.731999999999999886e+02 -6.264000000000000057e+01 -2.641299999999999955e+02 -4.895000000000000284e+01 3.237900000000000205e+02 -4.457000000000000028e+01 -2.651800000000000068e+02
1.761699999999999875e+02 0.000000000000000000e+00 -4.865999999999999659e+01 -5.100000000000000000e+01 -1.070000000000000062e+00 -3.982599999999999909e+02 4.255799999999999841e+02 2.219399999999999977e+02 -4.046000000000000085e+01 -5.196000000000000085e+01
-1.223000000000000043e+01 0.000000000000000000e+00 4.507000000000000028e+01 -8.045999999999999375e+01 -4.030000000000000249e+00 4.750500000000000114e+02 -3.819999999999999840e+00 -2.481100000000000136e+02 -3.507000000000000028e+01 4.481000000000000227e+01
-8.106999999999999318e+01 0.000000000000000000e+00 9.369999999999999218e+00 1.026099999999999994e+02 4.477000000000000313e+01 3.579900000000000091e+02 1.009099999999999966e+02 -2.715500000000000114e+02 8.662999999999999545e+01 3.543100000000000023e+02
1.980000000000000071e+01 0.000000000000000000e+00 7.696999999999999886e+01 1.305999999999999943e+02 -1.680000000000000071e+01 1.724499999999999886e+02 -9.000000000000000222e-01 1.215799999999999983e+02 7.384000000000000341e+01 2.017299999999999898e+02
1.267699999999999960e+02 0.000000000000000000e+00 1.644000000000000128e+01 -8.117000000000000171e+01 2.585000000000000142e+01 -5.213899999999999864e+02 1.150000000000000000e+02 -1.640200000000000102e+02 6.679999999999999716e+01 2.682799999999999727e+02
-2.932000000000000028e+01 0.000000000000000000e+00 3.445000000000000284e+01 -1.167000000000000028e+02 5.089999999999999858e+00 1.571399999999999864e+02 -6.799999999999999822e+00 -1.991100000000000136e+02 -2.871000000000000085e+01 -6.005399999999999636e+02
-5.969999999999999751e+00 0.000000000000000000e+00 9.660999999999999943e+01 1.281500000000000057e+02 -3.675999999999999801e+01 -1.879999999999999893e+00 -1.785500000000000114e+02 5.481000000000000227e+02 4.272999999999999687e+01 -3.184800000000000182e+02
-1.137399999999999949e+02 0.000000000000000000e+00 4.470000000000000284e+01 3.682999999999999829e+01 -9.250000000000000000e+00 -1.329900000000000091e+02 -5.642000000000000171e+01 1.449199999999999875e+02 5.817999999999999972e+01 1.815699999999999932e+02
1.481599999999999966e+02 0.000000000000000000e+00 1.796800000000000068e+02 1.431000000000000050e+01 2.628999999999999915e+01 1.170900000000000034e+02 -5.102000000000000313e+01 -3.352799999999999727e+02 2.689000000000000057e+01 5.483999999999999773e+02
-7.839999999999999858e+00 0.000000000000000000e+00 -3.203999999999999915e+01 -4.243999999999999773e+01 -1.550000000000000000e+01 4.925699999999999932e+02 4.155099999999999909e+02 1.503600000000000136e+02 1.547800000000000011e+02 -2.091299999999999955e+02
7.070000000000000284e+00 0.000000000000000000e+00 -1.327599999999999909e+02 7.451999999999999602e+01 2.607000000000000028e+01 1.624300000000000068e+02 -1.600800000000000125e+02 2.658500000000000227e+02 -1.994300000000000068e+02 -9.793000000000000682e+01
-1.682100000000000080e+02 0.000000000000000000e+00 -8.895999999999999375e+01 -1.606399999999999864e+02 -3.107999999999999829e+01 -5.412799999999999727e+02 -2.133700000000000045e+02 -3.682999999999999829e+01 -5.536999999999999744e+01 -1.324600000000000080e+02
-3.103500000000000227e+02 0.000000000000000000e+00 1.009399999999999977e+02 -1.510500000000000114e+02 8.289999999999999147e+00 1.815200000000000102e+02 -1.552400000000000091e+02 -2.972599999999999909e+02 -9.326000000000000512e+01 -2.937300000000000182e+02
-5.743999999999999773e+01 0.000000000000000000e+00 -4.304999999999999716e+01 9.837000000000000455e+01 -2.479999999999999982e+00 2.144000000000000128e+01 -9.168000000000000682e+01 -3.932000000000000028e+01 -7.610000000000000320e+00 1.136999999999999922e+01
3.668799999999999955e+02 0.000000000000000000e+00 -1.489300000000000068e+02 8.070000000000000284e+00 -1.458999999999999986e+01 -2.590699999999999932e+02 -2.993700000000000045e+02 -4.360000000000000320e+00 3.279999999999999716e+01 2.110600000000000023e+02
2.182400000000000091e+02 0.000000000000000000e+00 1.543199999999999932e+02 -6.429000000000000625e+01 -2.203000000000000114e+01 2.448000000000000043e+01 5.443300000000000409e+02 -1.916999999999999886e+02 7.189000000000000057e+01 1.190499999999999972e+02
-2.030500000000000114e+02 0.000000000000000000e+00 1.287500000000000000e+02 -4.799000000000000199e+01 3.389999999999999858e+01 7.704999999999999716e+01 1.139000000000000057e+02 -3.899999999999999911e+00 3.329999999999999716e+01 -5.290000000000000036e+00
-5.635000000000000142e+01 0.000000000000000000e+00 1.081200000000000045e+02 -4.782999999999999829e+01 3.990000000000000213e+00 2.616600000000000250e+02 -1.830200000000000102e+02 5.238600000000000136e+02 -1.361699999999999875e+02 -1.698700000000000045e+02
6.846999999999999886e+01 0.000000000000000000e+00 -1.644499999999999886e+02 -6.443999999999999773e+01 2.250000000000000000e+01 -1.255799999999999983e+02 2.871899999999999977e+02 -2.418199999999999932e+02 -4.650000000000000000e+01 2.548999999999999844e+01
-2.119000000000000128e+01 0.000000000000000000e+00 -1.021599999999999966e+02 1.848199999999999932e+02 8.599999999999999867e-01 1.039899999999999949e+02 7.445000000000000284e+01 -1.291899999999999977e+02 1.474300000000000068e+02 5.341100000000000136e+02
-3.585000000000000142e+01 0.000000000000000000e+00 3.445000000000000284e+01 2.087999999999999901e+01 1.311999999999999922e+01 -1.310600000000000023e+02 -1.505500000000000114e+02 -7.412000000000000455e+01 7.287999999999999545e+01 -2.043400000000000034e+02
1.300999999999999979e+01 0.000000000000000000e+00 2.071999999999999886e+01 -1.572400000000000091e+02 -7.690000000000000391e+00 -2.956700000000000159e+02 -2.915600000000000023e+02 -1.208199999999999932e+02 -4.540999999999999659e+01 -2.508600000000000136e+02
2.119600000000000080e+02 0.000000000000000000e+00 -7.806000000000000227e+01 -9.893000000000000682e+01 -8.900000000000000355e+00 3.875699999999999932e+02 5.820000000000000284e+01 -6.267999999999999972e+01 -1.923000000000000043e+01 -5.960000000000000142e+01
1.331999999999999886e+02 0.000000000000000000e+00 1.146200000000000045e+02 1.088299999999999983e+02 -4.690000000000000391e+00 3.174399999999999977e+02 3.170000000000000000e+02 4.408199999999999932e+02 1.512599999999999909e+02 2.009199999999999875e+02
-8.973000000000000398e+01 0.000000000000000000e+00 1.103900000000000006e+02 2.687900000000000205e+02 7.700000000000000178e+00 -1.237999999999999972e+02 7.781999999999999318e+01 2.879900000000000091e+02 4.610000000000000320e+00 -1.878799999999999955e+02
-1.680900000000000034e+02 0.000000000000000000e+00 2.805000000000000071e+01 -4.475000000000000000e+01 -2.498999999999999844e+01 9.198000000000000398e+01 -2.982599999999999909e+02 -1.928199999999999932e+02 5.417999999999999972e+01 9.510999999999999943e+01
-8.214000000000000057e+01 0.000000000000000000e+00 -1.960099999999999909e+02 -2.422700000000000102e+02 3.434000000000000341e+01 -5.795000000000000284e+01 6.024000000000000199e+01 -4.939999999999999858e+01 -1.968100000000000023e+02 8.765000000000000568e+01
-6.275999999999999801e+01 0.000000000000000000e+00 -2.368400000000000034e+02 -1.005900000000000034e+02 2.817000000000000171e+01 -3.856600000000000250e+02 -1.376699999999999875e+02 -2.020900000000000034e+02 -6.440000000000000391e+00 -5.149000000000000199e+01
-2.151999999999999957e+01 0.000000000000000000e+00 -1.741299999999999955e+02 7.409999999999999432e+01 -4.006000000000000227e+01 1.464300000000000068e+02 -1.544900000000000091e+02 -4.314999999999999858e+01 9.368000000000000682e+01 -9.831999999999999318e+01
5.307999999999999829e+01 0.000000000000000000e+00 9.409000000000000341e+01 -5.002000000000000313e+01 3.575999999999999801e+01 5.200000000000000178e-01 -1.687500000000000000e+02 -6.115999999999999659e+01 -8.230000000000000426e+00 1.500000000000000000e+00
3.013199999999999932e+02 0.000000000000000000e+00 1.179899999999999949e+02 -1.805000000000000071e+01 1.056000000000000050e+01 1.565699999999999932e+02 5.460399999999999636e+02 -3.415500000000000114e+02 -6.709999999999999432e+01 -1.871000000000000085e+01
5.400999999999999801e+01 0.000000000000000000e+00 -1.482599999999999909e+02 3.250199999999999818e+02 -4.839000000000000057e+01 -3.026000000000000156e+01 -3.392400000000000091e+02 3.037099999999999795e+02 3.646999999999999886e+01 6.252000000000000313e+01
-2.197299999999999898e+02 0.000000000000000000e+00 -1.750300000000000011e+02 2.409399999999999977e+02 -1.577999999999999936e+01 1.583899999999999864e+02 3.006499999999999773e+02 -8.810000000000000497e+00 3.919999999999999929e+00 -4.865999999999999659e+01
-2.525300000000000011e+02 0.000000000000000000e+00 3.360000000000000142e+01 -3.693999999999999773e+02 7.250000000000000000e+00 -7.921999999999999886e+01 -2.633700000000000045e+02 1.941200000000000045e+02 5.653000000000000114e+01 5.767999999999999972e+01
1.056400000000000006e+02 0.000000000000000000e+00 1.978000000000000114e+01 -2.468000000000000114e+02 5.278000000000000114e+01 -4.436100000000000136e+02 -2.439000000000000057e+01 -1.637800000000000011e+02 -8.475000000000000000e+01 9.982999999999999829e+01
2.598100000000000023e+02 0.000000000000000000e+00 -1.606699999999999875e+02 3.351800000000000068e+02 1.700000000000000000e+01 -2.428899999999999864e+02 -6.153000000000000114e+01 2.935400000000000205e+02 3.385999999999999943e+01 1.888199999999999932e+02
4.160999999999999943e+01 0.000000000000000000e+00 -4.652000000000000313e+01 7.704999999999999716e+01 -3.189999999999999947e+00 2.652699999999999818e+02 2.883999999999999986e+01 -1.539099999999999966e+02 4.978999999999999915e+01 -3.925799999999999841e+02
-1.298899999999999864e+02 0.000000000000000000e+00 3.307000000000000028e+01 -2.896999999999999886e+01 -2.521999999999999886e+01 5.665199999999999818e+02 3.254499999999999886e+02 -1.081800000000000068e+02 7.271999999999999886e+01 1.776000000000000156e+01
-3.510000000000000142e+01 0.000000000000000000e+00 3.014999999999999858e+01 1.444900000000000091e+02 -1.116000000000000014e+01 -1.398100000000000023e+02 -1.202600000000000051e+02 3.369399999999999977e+02 1.048000000000000043e+01 3.985000000000000142e+01
1.177999999999999972e+02 0.000000000000000000e+00 -8.337999999999999545e+01 1.422400000000000091e+02 -8.070000000000000284e+00 -4.766000000000000227e+02 -4.784499999999999886e+02 -3.871999999999999886e+02 -3.296000000000000085e+01 -1.994499999999999886e+02
-1.237199999999999989e+02 0.000000000000000000e+00 -7.051999999999999602e+01 -1.095400000000000063e+02 5.889999999999999680e+00 2.455900000000000034e+02 7.815999999999999659e+01 -5.109000000000000341e+01 -5.060999999999999943e+01 -1.355600000000000023e+02
-1.426699999999999875e+02 0.000000000000000000e+00 1.785399999999999920e+02 -2.113100000000000023e+02 6.030000000000000249e+00 7.087000000000000455e+01 -6.220000000000000284e+01 1.007399999999999949e+02 1.151299999999999955e+02 3.604800000000000182e+02
1.727599999999999909e+02 0.000000000000000000e+00 1.321299999999999955e+02 -5.297999999999999687e+01 3.940999999999999659e+01 -4.711399999999999864e+02 2.453799999999999955e+02 8.268000000000000682e+01 4.942000000000000171e+01 2.821000000000000227e+02
9.201000000000000512e+01 0.000000000000000000e+00 -1.868499999999999943e+02 -6.099999999999999867e-01 3.103999999999999915e+01 1.174000000000000057e+02 2.889000000000000057e+01 1.941999999999999886e+02 -2.413000000000000114e+02 -3.847999999999999687e+01
-1.413899999999999864e+02 0.000000000000000000e+00 -1.823999999999999844e+01 2.414999999999999858e+01 -4.557999999999999829e+01 4.275899999999999750e+02 2.279000000000000057e+02 -2.478100000000000023e+02 -2.032999999999999829e+01 -8.903000000000000114e+01
4.900000000000000355e+00 0.000000000000000000e+00 4.925000000000000000e+01 1.200900000000000034e+02 -2.821999999999999886e+01 -1.658999999999999986e+01 -4.877699999999999818e+02 9.100000000000000000e+01 1.672299999999999898e+02 -4.985500000000000114e+02
1.547400000000000091e+02 0.000000000000000000e+00 -6.690000000000000568e+01 8.128000000000000114e+01 -2.457000000000000028e+01 -4.932500000000000000e+02 -1.516999999999999993e+01 -4.589000000000000057e+01 -5.799999999999999600e-01 -1.157300000000000040e+02
-5.239999999999999858e+01 0.000000000000000000e+00 7.418999999999999773e+01 -1.495800000000000125e+02 -1.071000000000000085e+01 2.738500000000000227e+02 1.582100000000000080e+02 4.428999999999999915e+01 2.126999999999999957e+01 1.122399999999999949e+02
-1.702199999999999989e+02 0.000000000000000000e+00 2.491100000000000136e+02 -6.600000000000000311e-01 5.146000000000000085e+01 3.146700000000000159e+02 -3.037000000000000099e+01 -2.215399999999999920e+02 -7.335999999999999943e+01 2.514300000000000068e+02
-1.665600000000000023e+02 0.000000000000000000e+00 -6.629999999999999893e+00 -7.159000000000000341e+01 3.221999999999999886e+01 -4.498500000000000227e+02 1.664399999999999977e+02 2.798999999999999773e+02 8.298999999999999488e+01 3.375899999999999750e+02
1.566200000000000045e+02 0.000000000000000000e+00 -1.857299999999999898e+02 -6.759999999999999432e+01 -4.843999999999999773e+01 -2.434799999999999898e+02 8.270999999999999375e+01 3.450000000000000000e+02 -4.725999999999999801e+01 -9.279999999999999716e+01
2.083799999999999955e+02 0.000000000000000000e+00 1.632199999999999989e+02 8.471999999999999886e+01 9.799999999999999822e-01 3.924000000000000199e+01 -1.990500000000000114e+02 2.368300000000000125e+02 -8.137000000000000455e+01 -4.645000000000000284e+01
8.245999999999999375e+01 0.000000000000000000e+00 -4.040000000000000036e+00 -3.282000000000000028e+01 -6.540000000000000036e+00 6.067200000000000273e+02 -1.800500000000000114e+02 -5.960000000000000142e+01 4.479999999999999716e+01 -3.186399999999999864e+02
-7.581000000000000227e+01 0.000000000000000000e+00 -8.240999999999999659e+01 -5.021999999999999886e+01 -2.358999999999999986e+01 6.468000000000000682e+01 1.779900000000000091e+02 -7.445800000000000409e+02 3.187999999999999901e+01 -3.037400000000000091e+02
1.438000000000000078e+01 0.000000000000000000e+00 6.217000000000000171e+01 4.811999999999999744e+01 1.323000000000000043e+01 -4.498700000000000045e+02 -1.369799999999999898e+02 -4.968999999999999773e+01 -7.887000000000000455e+01 1.849799999999999898e+02
-3.001999999999999957e+01 0.000000000000000000e+00 2.633199999999999932e+02 7.370000000000000107e+00 9.500000000000000000e+00 -7.406000000000000227e+01 2.847799999999999727e+02 1.445699999999999932e+02 -7.237999999999999545e+01 5.007400000000000091e+02
-4.920000000000000284e+01 0.000000000000000000e+00 9.521999999999999886e+01 3.671000000000000085e+01 2.448999999999999844e+01 4.236000000000000227e+02 9.043000000000000682e+01 -1.240799999999999983e+02 1.383899999999999864e+02 1.093400000000000034e+02
1.379999999999999893e+00 0.000000000000000000e+00 -1.848999999999999844e+01 -1.203799999999999955e+02 5.064000000000000057e+01 -2.187199999999999989e+02 -1.152999999999999972e+02 2.180500000000000114e+02 1.877400000000000091e+02 -7.459999999999999432e+01
-2.323700000000000045e+02 0.000000000000000000e+00 -2.998000000000000114e+02 -1.678000000000000114e+02 -6.343999999999999773e+01 -4.404100000000000250e+02 -7.840999999999999659e+01 6.180000000000000000e+02 -1.759600000000000080e+02 1.547100000000000080e+02
1.475200000000000102e+02 0.000000000000000000e+00 -1.646000000000000085e+01 1.194899999999999949e+02 -1.341000000000000014e+01 1.868199999999999932e+02 -1.411999999999999886e+02 6.264000000000000057e+01 -7.973000000000000398e+01 -4.435699999999999932e+02
2.241299999999999955e+02 0.000000000000000000e+00 8.681000000000000227e+01 2.402299999999999898e+02 2.289000000000000057e+01 6.643500000000000227e+02 3.924700000000000273e+02 -4.054599999999999795e+02 -8.857999999999999829e+01 -4.120400000000000205e+02
8.589000000000000057e+01 0.000000000000000000e+00 -9.587000000000000455e+01 1.248599999999999994e+02 -1.071000000000000085e+01 -4.599000000000000199e+01 -2.145399999999999920e+02 -3.685500000000000114e+02 1.332599999999999909e+02 4.274100000000000250e+02
-2.308499999999999943e+02 0.000000000000000000e+00 1.580699999999999932e+02 -1.655300000000000011e+02 1.075999999999999979e+01 -3.573999999999999773e+02 -3.582500000000000000e+02 2.632900000000000205e+02 1.194000000000000057e+02 1.721200000000000045e+02
-2.721399999999999864e+02 0.000000000000000000e+00 1.644099999999999966e+02 -9.843999999999999773e+01 -2.714000000000000057e+01 -2.788299999999999841e+02 2.774100000000000250e+02 8.396999999999999886e+01 -3.761999999999999744e+01 -3.154900000000000091e+02
-7.009999999999999787e+00 0.000000000000000000e+00 -2.664000000000000057e+01 1.878999999999999915e+01 7.410000000000000142e+00 -3.439999999999999947e+00 2.300300000000000011e+02 2.844000000000000128e+01 3.107000000000000028e+01 1.701999999999999886e+02
4.203999999999999773e+02 0.000000000000000000e+00 -1.300999999999999943e+02 1.382599999999999909e+02 4.035999999999999943e+01 1.262099999999999937e+02 -4.591299999999999955e+02 6.068200000000000500e+02 -4.815999999999999659e+01 2.158000000000000114e+02
-5.392000000000000171e+01 0.000000000000000000e+00 -2.565099999999999909e+02 -8.029000000000000625e+01 4.799999999999999822e+00 5.560000000000000142e+01 -1.595900000000000034e+02 1.125400000000000063e+02 -9.839999999999999858e+00 -1.449499999999999886e+02
-6.160999999999999943e+01 0.000000000000000000e+00 1.035999999999999943e+01 -1.908899999999999864e+02 -1.284999999999999964e+01 2.386800000000000068e+02 3.376399999999999864e+02 -6.983099999999999454e+02 -8.709999999999999432e+01 -2.707999999999999829e+01
-2.014999999999999858e+01 0.000000000000000000e+00 -6.339999999999999858e+00 4.464999999999999858e+01 -2.589999999999999858e+01 6.901000000000000512e+01 7.170999999999999375e+01 -4.725299999999999727e+02 1.469999999999999973e+00 -2.157199999999999989e+02
-1.051999999999999957e+01 0.000000000000000000e+00 3.695000000000000284e+01 1.820099999999999909e+02 -3.032999999999999829e+01 -1.388600000000000136e+02 -4.897999999999999687e+01 -9.876999999999999602e+01 -9.743999999999999773e+01 -1.591899999999999977e+02
-6.193999999999999773e+01 0.000000000000000000e+00 2.842000000000000171e+01 9.970000000000000639e+00 3.422999999999999687e+01 -3.141600000000000250e+02 1.348000000000000114e+02 4.413299999999999841e+02 1.690800000000000125e+02 3.351100000000000136e+02
1.612100000000000080e+02 0.000000000000000000e+00 3.820000000000000284e+01 5.095000000000000284e+01 4.627000000000000313e+01 -1.302999999999999936e+01 7.476000000000000512e+01 1.931800000000000068e+02 6.542000000000000171e+01 3.750199999999999818e+02
1.331800000000000068e+02 0.000000000000000000e+00 -1.579399999999999977e+02 3.335999999999999943e+01 -1.153999999999999915e+01 -4.246000000000000085e+01 2.553000000000000114e+01 -1.106000000000000050e+01 1.303700000000000045e+02 -1.891399999999999864e+02
-2.651200000000000045e+02 0.000000000000000000e+00 -1.156299999999999955e+02 -1.317100000000000080e+02 -5.510999999999999943e+01 1.749600000000000080e+02 -2.495500000000000114e+02 1.435000000000000000e+02 -2.218300000000000125e+02 -6.671999999999999886e+01
-2.906800000000000068e+02 0.000000000000000000e+00 -6.790999999999999659e+01 -1.306000000000000050e+01 4.404999999999999716e+01 4.371499999999999773e+02 -3.650999999999999801e+01 3.328100000000000023e+02 -1.590500000000000114e+02 -6.272999999999999687e+01
3.597400000000000091e+02 0.000000000000000000e+00 -1.432199999999999989e+02 1.290500000000000114e+02 4.778999999999999915e+01 -1.621999999999999886e+01 2.360900000000000034e+02 -2.651200000000000045e+02 1.212600000000000051e+02 -2.758199999999999932e+02
2.005000000000000000e+02 0.000000000000000000e+00 5.846000000000000085e+01 1.100100000000000051e+02 -5.142000000000000171e+01 -3.090899999999999750e+02 -8.082999999999999829e+01 -3.078100000000000023e+02 1.006099999999999994e+02 1.350200000000000102e+02
-1.332400000000000091e+02 0.000000000000000000e+00 1.203299999999999983e+02 1.862000000000000099e+01 -3.194000000000000128e+01 -1.624699999999999989e+02 4.947999999999999687e+01 1.679000000000000057e+02 7.518999999999999773e+01 6.259999999999999787e+00
-4.584000000000000341e+01 0.000000000000000000e+00 1.335600000000000023e+02 -1.375999999999999979e+01 4.203000000000000114e+01 9.019999999999999574e+00 -7.815999999999999659e+01 1.892800000000000011e+02 3.289000000000000057e+01 1.358300000000000125e+02
-1.799199999999999875e+02 0.000000000000000000e+00 -1.736100000000000136e+02 -2.374300000000000068e+02 2.035999999999999943e+01 1.596500000000000057e+02 6.282999999999999829e+01 -1.869999999999999929e+01 -7.189000000000000057e+01 4.435999999999999943e+01
1.489600000000000080e+02 0.000000000000000000e+00 -1.803000000000000114e+01 -1.541000000000000014e+01 -1.152999999999999936e+01 7.707999999999999829e+01 1.228299999999999983e+02 -1.727400000000000091e+02 -1.743499999999999943e+02 -1.484900000000000091e+02
-9.651000000000000512e+01 0.000000000000000000e+00 3.839999999999999858e+01 -5.100000000000000000e+01 9.189999999999999503e+00 -2.715600000000000023e+02 -2.019099999999999966e+02 2.367899999999999920e+02 1.025000000000000000e+01 -8.034999999999999432e+01
1.620800000000000125e+02 0.000000000000000000e+00 -2.442199999999999989e+02 -2.667000000000000171e+01 8.250000000000000000e+00 5.674400000000000546e+02 -2.139000000000000057e+01 -1.659600000000000080e+02 1.466999999999999993e+01 2.502700000000000102e+02
1.192600000000000051e+02 0.000000000000000000e+00 1.212300000000000040e+02 -3.685000000000000142e+01 3.359999999999999876e+00 5.325000000000000000e+01 -2.038199999999999932e+02 -1.198700000000000045e+02 3.669999999999999929e+00 -3.420000000000000284e+01
-7.934999999999999432e+01 0.000000000000000000e+00 8.373999999999999488e+01 1.962000000000000099e+01 -1.955999999999999872e+01 -4.243100000000000023e+02 5.403500000000000227e+02 -1.021700000000000017e+02 -6.465999999999999659e+01 -2.443499999999999943e+02
-2.358899999999999864e+02 0.000000000000000000e+00 3.967999999999999972e+01 1.580399999999999920e+02 -1.209999999999999964e+01 -3.702799999999999727e+02 -4.507000000000000028e+01 -1.139500000000000028e+02 9.606000000000000227e+01 -4.771999999999999886e+01
1.320000000000000000e+02 0.000000000000000000e+00 9.648000000000000398e+01 -1.742800000000000011e+02 3.522999999999999687e+01 2.522599999999999909e+02 -1.969499999999999886e+02 3.718799999999999955e+02 1.066400000000000006e+02 -1.202999999999999936e+01
1.743300000000000125e+02 0.000000000000000000e+00 1.009500000000000028e+02 -1.909900000000000091e+02 -1.801999999999999957e+01 2.470800000000000125e+02 3.771499999999999773e+02 3.657799999999999727e+02 -1.905800000000000125e+02 -9.769999999999999574e+00
-8.140000000000000568e+00 0.000000000000000000e+00 -5.957999999999999829e+01 1.706399999999999864e+02 8.400000000000000355e+00 -4.828000000000000114e+01 4.225999999999999801e+01 -2.692999999999999972e+01 -9.381000000000000227e+01 3.497900000000000205e+02
-2.026100000000000136e+02 0.000000000000000000e+00 -1.991100000000000136e+02 -5.489999999999999858e+01 7.660000000000000142e+00 -2.195000000000000000e+02 -7.330700000000000500e+02 -4.759000000000000341e+01 6.871999999999999886e+01 9.909000000000000341e+01
-6.019999999999999574e+00 0.000000000000000000e+00 -1.533999999999999986e+01 -1.365000000000000000e+02 -3.532999999999999829e+01 1.819600000000000080e+02 1.757599999999999909e+02 -3.468100000000000023e+02 3.920000000000000284e+01 -2.421299999999999955e+02
9.389000000000000057e+01 0.000000000000000000e+00 2.485200000000000102e+02 1.292599999999999909e+02 2.180999999999999872e+01 3.298700000000000045e+02 5.679500000000000455e+02 -2.153199999999999932e+02 9.298000000000000398e+01 -3.481399999999999864e+02
1.725600000000000023e+02 0.000000000000000000e+00 1.345500000000000114e+02 1.864900000000000091e+02 -2.639000000000000057e+01 -6.707999999999999829e+01 -2.484799999999999898e+02 -1.574099999999999966e+02 -1.357899999999999920e+02 -2.015800000000000125e+02
-6.746999999999999886e+01 0.000000000000000000e+00 -2.178000000000000114e+01 -1.163499999999999943e+02 1.169999999999999929e+00 -2.101999999999999886e+02 -2.189699999999999989e+02 6.550800000000000409e+02 1.449900000000000091e+02 2.306500000000000057e+02
-1.128599999999999994e+02 0.000000000000000000e+00 4.514000000000000057e+01 -3.560999999999999943e+01 1.932999999999999829e+01 -1.109099999999999966e+02 2.567599999999999909e+02 6.838300000000000409e+02 1.569999999999999929e+01 5.068899999999999864e+02
5.971999999999999886e+01 0.000000000000000000e+00 4.132999999999999829e+01 -7.626999999999999602e+01 3.540000000000000036e+00 2.869399999999999977e+02 1.927199999999999989e+02 -4.629399999999999977e+02 -9.378000000000000114e+01 6.318999999999999773e+01
3.410999999999999943e+01 0.000000000000000000e+00 3.684000000000000341e+01 -1.873999999999999844e+01 6.169999999999999929e+00 1.560000000000000053e+00 -3.223600000000000136e+02 -6.296499999999999773e+02 -8.273999999999999488e+01 -2.921999999999999886e+02
4.213000000000000256e+01 0.000000000000000000e+00 -7.859999999999999432e+01 1.011999999999999922e+01 -2.996000000000000085e+01 3.481000000000000227e+02 -2.777099999999999795e+02 2.076000000000000156e+01 -6.999999999999999556e-01 -4.839999999999999858e+01
-2.398000000000000043e+01 0.000000000000000000e+00 -7.420000000000000284e+01 1.925000000000000000e+01 -1.011999999999999922e+01 -2.331299999999999955e+02 5.957000000000000028e+01 3.338399999999999750e+02 1.141299999999999955e+02 -1.594399999999999977e+02
-1.982199999999999989e+02 0.000000000000000000e+00 2.385600000000000023e+02 1.238400000000000034e+02 -8.399999999999999689e-01 -3.438999999999999773e+02 2.025900000000000034e+02 -1.368300000000000125e+02 -1.083700000000000045e+02 -2.874399999999999977e+02
-3.292000000000000171e+01 0.000000000000000000e+00 -5.431000000000000227e+01 4.884000000000000341e+01 -8.150000000000000355e+00 7.409999999999999432e+01 2.298199999999999932e+02 2.058999999999999986e+01 9.462999999999999545e+01 -2.094999999999999929e+01
1.844399999999999977e+02 0.000000000000000000e+00 6.487999999999999545e+01 7.026000000000000512e+01 2.675000000000000000e+01 3.158999999999999986e+01 -4.328000000000000114e+01 3.861499999999999773e+02 2.575000000000000000e+01 5.613500000000000227e+02
5.060000000000000142e+01 0.000000000000000000e+00 9.743000000000000682e+01 -2.748500000000000227e+02 4.018999999999999773e+01 -2.302700000000000102e+02 -2.977400000000000091e+02 -1.361999999999999922e+01 3.400000000000000244e-01 2.572500000000000000e+02
-2.557500000000000000e+02 0.000000000000000000e+00 3.995000000000000284e+01 5.817999999999999972e+01 -1.350999999999999979e+01 4.102599999999999909e+02 1.827700000000000102e+02 -3.120199999999999818e+02 -7.204999999999999716e+01 -6.382000000000000028e+01
3.125000000000000000e+01 0.000000000000000000e+00 -2.871299999999999955e+02 5.553999999999999915e+01 -1.405000000000000071e+01 8.640999999999999659e+01 6.798999999999999488e+01 1.045600000000000023e+02 -1.571899999999999977e+02 -2.195399999999999920e+02
2.508999999999999986e+01 0.000000000000000000e+00 -1.489199999999999875e+02 7.019999999999999574e+00 -2.148000000000000043e+01 -1.745600000000000023e+02 -1.262300000000000040e+02 8.757999999999999829e+01 5.806000000000000227e+01 -4.422200000000000273e+02
1.368300000000000125e+02 0.000000000000000000e+00 1.195699999999999932e+02 -9.650000000000000000e+01 2.337999999999999901e+01 -1.236599999999999966e+02 -2.614999999999999858e+01 -1.132999999999999972e+02 1.078499999999999943e+02 -1.274800000000000040e+02
-4.250999999999999801e+01 0.000000000000000000e+00 2.680500000000000114e+02 5.424000000000000199e+01 -1.800000000000000000e+01 3.470000000000000284e+01 -9.685999999999999943e+01 5.999999999999999778e-02 1.838400000000000034e+02 2.568700000000000045e+02
5.797999999999999687e+01 0.000000000000000000e+00 1.846000000000000085e+01 2.146599999999999966e+02 2.598000000000000043e+01 2.647699999999999818e+02 3.175899999999999750e+02 -1.561200000000000045e+02 -3.675999999999999801e+01 3.586200000000000045e+02
-2.790000000000000036e+00 0.000000000000000000e+00 -9.765000000000000568e+01 1.709300000000000068e+02 -4.052000000000000313e+01 -1.592599999999999909e+02 -1.850900000000000034e+02 -7.520999999999999375e+01 4.307999999999999829e+01 3.148899999999999864e+02
-1.206000000000000050e+01 0.000000000000000000e+00 -9.379999999999999716e+01 -1.887400000000000091e+02 8.669999999999999929e+00 -1.873499999999999943e+02 2.359999999999999876e+00 8.073400000000000318e+02 -1.583999999999999986e+01 -1.814099999999999966e+02
-6.297999999999999687e+01 0.000000000000000000e+00 -1.144200000000000017e+02 -1.804399999999999977e+02 1.721999999999999886e+01 -8.939000000000000057e+01 -7.550000000000000000e+01 2.883999999999999986e+01 -1.865300000000000011e+02 -5.057599999999999909e+02
-1.457800000000000011e+02 0.000000000000000000e+00 -1.034599999999999937e+02 -1.272300000000000040e+02 -1.248000000000000043e+01 -3.259000000000000341e+01 4.227000000000000313e+01 -8.942400000000000091e+02 -1.586999999999999922e+01 -1.028199999999999932e+02
-8.696999999999999886e+01 0.000000000000000000e+00 -1.299000000000000021e+01 3.432999999999999829e+01 -4.480000000000000426e+00 2.572200000000000273e+02 -2.000399999999999920e+02 8.349999999999999645e+00 1.017699999999999960e+02 1.565399999999999920e+02
2.666000000000000014e+01 0.000000000000000000e+00 4.239000000000000057e+01 1.568100000000000023e+02 1.586999999999999922e+01 6.043099999999999454e+02 7.209000000000000341e+01 5.848999999999999773e+02 8.654000000000000625e+01 2.055000000000000071e+01
3.562900000000000205e+02 0.000000000000000000e+00 -3.753999999999999915e+01 2.970000000000000000e+02 -1.782000000000000028e+01 -4.583999999999999773e+02 1.660500000000000114e+02 -1.242800000000000011e+02 1.134800000000000040e+02 2.232899999999999920e+02
6.969999999999999751e+00 0.000000000000000000e+00 -2.726000000000000156e+01 -6.224000000000000199e+01 1.394999999999999929e+01 -6.427899999999999636e+02 1.337599999999999909e+02 8.904000000000000625e+01 3.142999999999999972e+01 2.498499999999999943e+02
-1.328199999999999932e+02 0.000000000000000000e+00 4.040000000000000036e+00 -1.796500000000000057e+02 -1.368999999999999950e+01 9.787999999999999545e+01 -3.949000000000000199e+01 -2.048400000000000034e+02 -2.023400000000000034e+02 -1.971299999999999955e+02
-1.289799999999999898e+02 0.000000000000000000e+00 -1.135600000000000023e+02 -1.437800000000000011e+02 6.089999999999999858e+00 1.143499999999999943e+02 -2.200600000000000023e+02 1.802500000000000000e+02 2.439999999999999858e+01 -2.089000000000000057e+01
3.720000000000000195e+00 0.000000000000000000e+00 -4.090999999999999659e+01 6.543999999999999773e+01 3.277000000000000313e+01 1.465600000000000023e+02 1.996200000000000045e+02 1.883899999999999864e+02 -5.419999999999999929e+00 -4.778299999999999841e+02
-1.207000000000000028e+01 0.000000000000000000e+00 1.348000000000000043e+01 1.768199999999999932e+02 7.199999999999999734e-01 2.319900000000000091e+02 -2.128000000000000114e+02 -1.898300000000000125e+02 1.561599999999999966e+02 2.547700000000000102e+02
8.009000000000000341e+01 0.000000000000000000e+00 -3.332999999999999829e+01 -3.714999999999999858e+01 -1.817000000000000171e+01 -2.309099999999999966e+02 -2.033799999999999955e+02 -3.010299999999999727e+02 7.131999999999999318e+01 2.624200000000000159e+02
7.034000000000000341e+01 0.000000000000000000e+00 -2.180000000000000071e+01 3.503000000000000114e+01 -3.132000000000000028e+01 1.430600000000000023e+02 7.693999999999999773e+01 -2.495300000000000011e+02 -8.254999999999999716e+01 -7.679000000000000625e+01
8.310999999999999943e+01 0.000000000000000000e+00 -2.657999999999999829e+01 9.276000000000000512e+01 2.444999999999999929e+01 2.640000000000000000e+02 2.824800000000000182e+02 5.745499999999999545e+02 -4.881000000000000227e+01 -2.235000000000000142e+01
7.684000000000000341e+01 0.000000000000000000e+00 -1.656899999999999977e+02 -1.241000000000000014e+01 8.109999999999999432e+00 -7.534000000000000341e+01 2.160900000000000034e+02 6.246100000000000136e+02 -2.442000000000000171e+01 -1.020999999999999943e+02
-7.495999999999999375e+01 0.000000000000000000e+00 -1.107000000000000028e+01 -6.378999999999999915e+01 -7.959999999999999964e+00 -5.082500000000000000e+02 -6.355599999999999454e+02 -2.209399999999999977e+02 7.223000000000000398e+01 1.460600000000000023e+02
-3.024200000000000159e+02 0.000000000000000000e+00 9.625000000000000000e+01 -2.332199999999999989e+02 -3.319999999999999840e+00 1.207999999999999972e+02 -7.009999999999999432e+01 -6.476499999999999773e+02 -1.730399999999999920e+02 -2.801999999999999957e+01
6.050999999999999801e+01 0.000000000000000000e+00 -1.214000000000000057e+02 -4.410999999999999943e+01 8.449999999999999289e+00 1.370500000000000114e+02 4.696200000000000045e+02 1.016400000000000006e+02 1.853999999999999915e+01 -2.583500000000000227e+02
6.138000000000000256e+01 0.000000000000000000e+00 -2.757400000000000091e+02 2.472500000000000000e+02 7.259999999999999787e+00 3.599599999999999795e+02 1.131800000000000068e+02 8.856000000000000227e+01 2.584399999999999977e+02 8.040999999999999659e+01
6.451999999999999602e+01 0.000000000000000000e+00 7.570000000000000284e+00 2.088000000000000114e+02 -4.864000000000000057e+01 -1.196000000000000085e+01 -8.948999999999999488e+01 -1.439399999999999977e+02 -1.552999999999999936e+01 1.484000000000000057e+02
3.479999999999999982e+00 0.000000000000000000e+00 2.935000000000000142e+01 -6.050999999999999801e+01 2.001999999999999957e+01 -3.860000000000000000e+02 -3.033000000000000114e+02 3.244100000000000250e+02 -9.445000000000000284e+01 2.453300000000000125e+02
7.814000000000000057e+01 0.000000000000000000e+00 -6.884999999999999432e+01 -1.344000000000000057e+02 4.530000000000000249e+00 -2.132999999999999829e+01 2.729399999999999977e+02 1.106200000000000045e+02 3.610999999999999943e+01 -4.747999999999999687e+01
-2.737000000000000099e+01 0.000000000000000000e+00 3.529999999999999805e+00 -8.653000000000000114e+01 -2.669999999999999929e+01 8.139000000000000057e+01 1.196700000000000017e+02 -5.379999999999999893e+00 -3.135000000000000142e+01 -4.090000000000000000e+02
-3.187900000000000205e+02 0.000000000000000000e+00 -1.345999999999999943e+02 -2.589999999999999858e+00 -1.597000000000000064e+01 1.766200000000000045e+02 -4.241600000000000250e+02 -2.555800000000000125e+02 -6.959999999999999432e+01 -1.311899999999999977e+02
9.859000000000000341e+01 0.000000000000000000e+00 6.923999999999999488e+01 7.603000000000000114e+01 2.223999999999999844e+01 -3.331000000000000227e+01 1.278799999999999955e+02 2.045200000000000102e+02 1.690800000000000125e+02 3.233000000000000114e+02
2.652900000000000205e+02 0.000000000000000000e+00 2.825000000000000000e+01 6.067999999999999972e+01 -2.662000000000000099e+01 -1.913300000000000125e+02 -4.953000000000000114e+01 1.122699999999999960e+02 -4.486999999999999744e+01 2.213000000000000114e+02
8.470999999999999375e+01 0.000000000000000000e+00 -1.160999999999999943e+02 -1.661500000000000057e+02 1.352999999999999936e+01 -1.666999999999999886e+02 3.692999999999999972e+01 -2.929700000000000273e+02 4.949000000000000199e+01 -4.060799999999999841e+02
-2.579599999999999795e+02 0.000000000000000000e+00 -8.315999999999999659e+01 -2.414999999999999858e+01 -3.189999999999999947e+00 4.671700000000000159e+02 4.053700000000000045e+02 -4.732000000000000028e+01 1.217999999999999972e+01 1.059000000000000057e+02
-1.525300000000000011e+02 0.000000000000000000e+00 -2.623000000000000043e+01 -8.900000000000000133e-01 -1.432000000000000028e+01 5.079999999999999716e+01 -3.425500000000000114e+02 -1.126599999999999966e+02 -6.164999999999999858e+01 -1.817999999999999972e+01
3.607200000000000273e+02 0.000000000000000000e+00 -1.616000000000000014e+01 1.085000000000000000e+02 -7.330000000000000071e+00 -3.026000000000000227e+02 -2.975199999999999818e+02 4.997999999999999687e+01 2.698000000000000043e+01 -1.204699999999999989e+02
1.566899999999999977e+02 0.000000000000000000e+00 1.667100000000000080e+02 -1.486399999999999864e+02 2.812000000000000099e+01 3.631000000000000227e+01 9.830000000000000071e+00 1.852599999999999909e+02 5.246000000000000085e+01 -7.450000000000000000e+01
-2.927300000000000182e+02 0.000000000000000000e+00 3.215999999999999659e+01 -1.260000000000000009e+00 -1.464000000000000057e+01 2.040200000000000102e+02 2.202100000000000080e+02 9.976999999999999602e+01 -8.862999999999999545e+01 2.213799999999999955e+02
-2.860500000000000114e+02 0.000000000000000000e+00 -1.690200000000000102e+02 -1.517700000000000102e+02 2.701999999999999957e+01 -2.056599999999999966e+02 4.303000000000000114e+01 2.330000000000000071e+00 -9.820000000000000284e+00 2.837200000000000273e+02
-5.690000000000000391e+00 0.000000000000000000e+00 -7.431000000000000227e+01 -1.320800000000000125e+02 -1.264000000000000057e+01 -2.978299999999999841e+02 -1.104500000000000028e+02 -2.117299999999999898e+02 -2.666000000000000014e+01 -1.633300000000000125e+02
2.584800000000000182e+02 0.000000000000000000e+00 -1.556000000000000050e+01 1.845000000000000000e+02 -2.192000000000000171e+01 4.978000000000000114e+02 1.732199999999999989e+02 -6.750000000000000000e+00 1.716399999999999864e+02 -4.216100000000000136e+02
1.870500000000000114e+02 0.000000000000000000e+00 9.509000000000000341e+01 1.232900000000000063e+02 1.771999999999999886e+01 2.735099999999999909e+02 -2.211500000000000057e+02 4.145699999999999932e+02 9.660999999999999943e+01 2.621999999999999886e+02
-6.178999999999999915e+01 0.000000000000000000e+00 1.340099999999999909e+02 -3.332000000000000028e+01 8.169999999999999929e+00 -1.080799999999999983e+02 1.691899999999999977e+02 -7.389999999999999680e+00 -3.584000000000000341e+01 2.558400000000000034e+02
-1.228999999999999915e+01 0.000000000000000000e+00 4.054999999999999716e+01 -2.000300000000000011e+02 9.400000000000000355e+00 -3.772400000000000091e+02 -8.235999999999999943e+01 -6.016699999999999591e+02 -1.570900000000000034e+02 -3.966999999999999886e+02
-4.484000000000000341e+01 0.000000000000000000e+00 -1.577500000000000000e+02 -8.993999999999999773e+01 -1.023000000000000043e+01 -1.562500000000000000e+02 -2.398999999999999844e+01 -1.962400000000000091e+02 -2.364000000000000057e+01 -1.629600000000000080e+02
-6.925000000000000000e+01 0.000000000000000000e+00 -2.029999999999999805e+00 -6.228999999999999915e+01 1.205000000000000071e+01 2.481100000000000136e+02 -1.481500000000000057e+02 3.725600000000000023e+02 -5.918999999999999773e+01 2.934200000000000159e+02
-1.964099999999999966e+02 0.000000000000000000e+00 -1.356999999999999886e+02 5.000000000000000000e+01 1.751999999999999957e+01 -1.530699999999999932e+02 3.021000000000000227e+02 7.458500000000000227e+02 1.823400000000000034e+02 4.205000000000000000e+02
1.150799999999999983e+02 0.000000000000000000e+00 -6.085000000000000142e+01 4.945000000000000284e+01 -2.800000000000000266e-01 3.798100000000000023e+02 -2.172100000000000080e+02 7.596999999999999886e+01 -1.217999999999999972e+01 -3.022500000000000000e+02
1.710099999999999909e+02 0.000000000000000000e+00 -1.025600000000000023e+02 1.024800000000000040e+02 2.399999999999999911e+00 2.350200000000000102e+02 -2.771000000000000085e+01 -4.848000000000000114e+02 -3.354999999999999716e+01 -3.779499999999999886e+02
1.230000000000000000e+02 0.000000000000000000e+00 -5.710000000000000142e+01 -2.480000000000000071e+01 -1.278999999999999915e+01 8.906999999999999318e+01 -1.682299999999999898e+02 -5.521799999999999500e+02 -1.714000000000000057e+01 1.412199999999999989e+02
-3.073999999999999844e+01 0.000000000000000000e+00 -1.664000000000000057e+01 2.598999999999999844e+01 -1.003999999999999915e+01 -3.615199999999999818e+02 1.744999999999999929e+01 -2.235900000000000034e+02 -1.719999999999999929e+01 3.037699999999999818e+02
-7.189000000000000057e+01 0.000000000000000000e+00 5.768999999999999773e+01 -7.309000000000000341e+01 2.620000000000000107e+00 -4.910899999999999750e+02 1.104599999999999937e+02 -1.082699999999999960e+02 -8.431999999999999318e+01 -2.011899999999999977e+02
-1.589399999999999977e+02 0.000000000000000000e+00 -4.577000000000000313e+01 -1.076299999999999955e+02 -1.069999999999999929e+01 8.065999999999999659e+01 2.536699999999999875e+02 5.586699999999999591e+02 7.051000000000000512e+01 -1.166000000000000014e+01
-2.744000000000000128e+01 0.000000000000000000e+00 -2.450699999999999932e+02 -3.203999999999999915e+01 4.357000000000000028e+01 2.639499999999999886e+02 2.254499999999999886e+02 7.095499999999999545e+02 -2.307999999999999829e+01 8.906000000000000227e+01
1.892000000000000171e+01 0.000000000000000000e+00 -7.926999999999999602e+01 3.046000000000000085e+01 2.229999999999999982e+00 -3.046000000000000085e+01 -4.285199999999999818e+02 5.054999999999999716e+01 2.360999999999999943e+01 -3.542000000000000171e+01
2.121899999999999977e+02 0.000000000000000000e+00 -3.622999999999999687e+01 1.985699999999999932e+02 -3.482999999999999829e+01 1.761200000000000045e+02 -6.964000000000000057e+01 -6.939299999999999500e+02 4.320000000000000284e+00 8.662000000000000455e+01
1.198000000000000043e+01 0.000000000000000000e+00 -5.028000000000000114e+01 1.218599999999999994e+02 5.599999999999999645e+00 4.299999999999999822e+00 2.654200000000000159e+02 -4.297799999999999727e+02 4.567000000000000171e+01 -8.273999999999999488e+01
-5.821999999999999886e+01 0.000000000000000000e+00 1.251800000000000068e+02 -3.822999999999999687e+01 -2.587999999999999901e+01 -2.200000000000000000e+01 1.007699999999999960e+02 3.173399999999999750e+02 -1.100300000000000011e+02 -2.330900000000000034e+02
-1.303499999999999943e+02 0.000000000000000000e+00 1.971699999999999875e+02 -1.007199999999999989e+02 5.915999999999999659e+01 -1.741899999999999977e+02 -2.246200000000000045e+02 -7.607999999999999829e+01 1.909999999999999920e+00 2.270200000000000102e+02
6.046000000000000085e+01 0.000000000000000000e+00 -5.427000000000000313e+01 -2.551000000000000156e+01 1.003999999999999915e+01 -1.021400000000000006e+02 1.950500000000000114e+02 1.731699999999999875e+02 7.668999999999999773e+01 -2.382899999999999920e+02
-4.911999999999999744e+01 0.000000000000000000e+00 -5.964000000000000057e+01 2.036200000000000045e+02 -6.726999999999999602e+01 -6.339000000000000057e+01 7.921999999999999886e+01 5.208200000000000500e+02 -2.521999999999999886e+01 4.584000000000000341e+01
-7.640999999999999659e+01 0.000000000000000000e+00 -4.274000000000000199e+01 1.978000000000000114e+01 3.957000000000000028e+01 -1.732700000000000102e+02 -4.101600000000000250e+02 1.620200000000000102e+02 6.632999999999999829e+01 3.499800000000000182e+02
3.268399999999999750e+02 0.000000000000000000e+00 1.635399999999999920e+02 -9.675000000000000000e+01 2.075000000000000000e+01 1.787999999999999901e+01 2.438899999999999864e+02 -5.256299999999999955e+02 5.865999999999999659e+01 -2.426999999999999957e+01
2.268199999999999932e+02 0.000000000000000000e+00 2.362100000000000080e+02 1.489499999999999886e+02 -1.583000000000000007e+01 3.007500000000000000e+02 2.586999999999999886e+02 -2.887900000000000205e+02 -7.162999999999999545e+01 5.835000000000000142e+01
-2.183799999999999955e+02 0.000000000000000000e+00 5.428000000000000114e+01 6.910000000000000142e+00 2.210000000000000142e+01 5.852699999999999818e+02 -1.053299999999999983e+02 9.939999999999999503e+00 -4.767999999999999972e+01 -1.129099999999999966e+02
-9.129000000000000625e+01 0.000000000000000000e+00 3.942000000000000171e+01 5.370000000000000284e+01 -6.500000000000000222e-01 -2.401000000000000156e+01 -3.732900000000000205e+02 1.871899999999999977e+02 3.300999999999999801e+01 -2.708500000000000227e+02
-3.290999999999999659e+01 0.000000000000000000e+00 -8.460000000000000853e+00 6.124000000000000199e+01 -2.569000000000000128e+01 -8.289199999999999591e+02 6.404999999999999716e+01 2.267000000000000171e+01 5.678000000000000114e+01 1.075400000000000063e+02
-9.859000000000000341e+01 0.000000000000000000e+00 -3.169000000000000128e+01 -9.499999999999999556e-01 -1.597000000000000064e+01 -2.873299999999999841e+02 1.686899999999999977e+02 -1.493300000000000125e+02 -5.034000000000000341e+01 -4.172999999999999687e+01
2.528000000000000114e+01 0.000000000000000000e+00 -5.703000000000000114e+01 3.282999999999999829e+01 3.484000000000000341e+01 5.150499999999999545e+02 -3.217999999999999972e+01 1.732599999999999909e+02 -1.833999999999999986e+01 -1.301299999999999955e+02
1.248599999999999994e+02 0.000000000000000000e+00 1.610999999999999943e+02 -2.301000000000000156e+01 1.607999999999999829e+01 5.167999999999999972e+01 3.431899999999999977e+02 4.827900000000000205e+02 5.224000000000000199e+01 1.756699999999999875e+02
9.899999999999999911e-01 0.000000000000000000e+00 1.542199999999999989e+02 -1.086999999999999922e+01 -2.480000000000000071e+01 1.976699999999999875e+02 -2.426500000000000057e+02 1.630399999999999920e+02 4.090999999999999659e+01 4.467300000000000182e+02
1.462400000000000091e+02 0.000000000000000000e+00 1.653199999999999932e+02 7.790000000000000036e+00 1.679999999999999938e+00 -1.403400000000000034e+02 4.832999999999999829e+01 -3.013299999999999841e+02 -1.925900000000000034e+02 -4.841700000000000159e+02
-2.167199999999999989e+02 0.000000000000000000e+00 2.523000000000000043e+01 -1.878999999999999915e+01 -1.726999999999999957e+01 1.632899999999999920e+02 -3.789100000000000250e+02 -5.408799999999999955e+02 5.440000000000000391e+00 -5.871000000000000227e+02
-1.596399999999999864e+02 0.000000000000000000e+00 7.339000000000000057e+01 1.905000000000000071e+01 1.355000000000000071e+01 -2.759399999999999977e+02 -6.973000000000000398e+01 -1.513799999999999955e+02 6.349999999999999645e+00 4.632699999999999818e+02
2.355999999999999872e+01 0.000000000000000000e+00 -6.757999999999999829e+01 -1.628999999999999915e+01 -2.107999999999999829e+01 -4.847400000000000091e+02 4.181700000000000159e+02 2.294399999999999977e+02 4.627000000000000313e+01 2.838299999999999841e+02
2.286999999999999886e+02 0.000000000000000000e+00 1.422400000000000091e+02 -1.646999999999999886e+01 4.125000000000000000e+01 2.487700000000000102e+02 -3.596000000000000085e+01 3.643999999999999773e+02 8.368999999999999773e+01 4.289999999999999858e+01
1.014399999999999977e+02 0.000000000000000000e+00 1.135600000000000023e+02 -1.211400000000000006e+02 2.944999999999999929e+01 3.023799999999999955e+02 2.659800000000000182e+02 3.333500000000000227e+02 8.532999999999999829e+01 -2.734300000000000068e+02
-7.320999999999999375e+01 0.000000000000000000e+00 5.400000000000000355e-01 -7.000000000000000000e+01 -8.970000000000000639e+00 -4.321000000000000085e+01 -1.827299999999999898e+02 -1.691800000000000068e+02 -8.523000000000000398e+01 1.709600000000000080e+02
-8.379999999999999716e+01 0.000000000000000000e+00 1.034699999999999989e+02 1.340300000000000011e+02 -1.894999999999999929e+01 -1.320600000000000023e+02 -1.638100000000000023e+02 -3.068600000000000136e+02 -3.696000000000000085e+01 -8.954999999999999716e+01
9.989000000000000057e+01 0.000000000000000000e+00 1.353199999999999932e+02 7.432999999999999829e+01 -1.721999999999999886e+01 3.150899999999999750e+02 -1.399999999999999911e+00 -2.969399999999999977e+02 4.460000000000000142e+01 -2.291100000000000136e+02
4.617999999999999972e+01 0.000000000000000000e+00 -7.523999999999999488e+01 -1.671999999999999886e+01 1.601000000000000156e+01 1.799799999999999898e+02 -1.153100000000000023e+02 -8.360999999999999943e+01 8.404999999999999716e+01 1.997899999999999920e+02
-1.830200000000000102e+02 0.000000000000000000e+00 -1.260900000000000034e+02 3.071000000000000085e+01 1.141999999999999993e+01 -5.148700000000000045e+02 1.066400000000000006e+02 1.929600000000000080e+02 -7.426000000000000512e+01 1.691599999999999966e+02
-1.326200000000000045e+02 0.000000000000000000e+00 -1.636399999999999864e+02 -1.005300000000000011e+02 2.744999999999999929e+01 -9.498999999999999488e+01 -1.877500000000000000e+02 5.731200000000000045e+02 6.829000000000000625e+01 -1.767700000000000102e+02
1.157999999999999972e+02 0.000000000000000000e+00 -7.164000000000000057e+01 -7.079000000000000625e+01 1.635999999999999943e+01 3.535299999999999727e+02 1.747500000000000000e+02 3.076000000000000227e+02 3.099999999999999978e-01 4.443999999999999773e+01
1.279699999999999989e+02 0.000000000000000000e+00 9.640000000000000568e+00 9.800000000000000711e+00 3.000000000000000000e+00 1.427400000000000091e+02 8.410000000000000142e+00 -3.704399999999999977e+02 -2.169999999999999929e+00 1.161899999999999977e+02
6.407999999999999829e+01 0.000000000000000000e+00 4.828000000000000114e+01 1.465099999999999909e+02 -3.026000000000000156e+01 -4.135799999999999841e+02 2.035600000000000023e+02 -3.782300000000000182e+02 -4.806000000000000227e+01 -1.980300000000000011e+02
-4.063000000000000256e+01 0.000000000000000000e+00 1.505600000000000023e+02 -1.230799999999999983e+02 -1.578999999999999915e+01 3.308600000000000136e+02 -3.762599999999999909e+02 -7.835999999999999943e+01 4.589999999999999858e+00 -1.074500000000000028e+02
-1.277199999999999989e+02 0.000000000000000000e+00 -9.529000000000000625e+01 -5.321999999999999886e+01 -2.392000000000000171e+01 -3.609000000000000341e+01 -2.464900000000000091e+02 2.197800000000000011e+02 5.490000000000000213e+00 -6.147999999999999687e+01
-6.831999999999999318e+01 0.000000000000000000e+00 -1.792500000000000000e+02 8.210999999999999943e+01 1.821000000000000085e+01 -3.864000000000000057e+01 9.456999999999999318e+01 1.404600000000000080e+02 1.957000000000000028e+01 -1.108199999999999932e+02
-6.088000000000000256e+01 0.000000000000000000e+00 -2.998500000000000227e+02 -1.341699999999999875e+02 4.689999999999999858e+01 -2.142500000000000000e+02 1.487800000000000011e+02 -8.800000000000000711e+00 -9.525000000000000000e+01 3.331200000000000045e+02
-2.275000000000000000e+01 0.000000000000000000e+00 -9.559000000000000341e+01 -4.568999999999999773e+01 1.826000000000000156e+01 2.389399999999999977e+02 2.561200000000000045e+02 -1.844600000000000080e+02 4.899000000000000199e+01 3.642599999999999909e+02
3.207099999999999795e+02 0.000000000000000000e+00 1.557299999999999898e+02 4.731000000000000227e+01 3.160000000000000142e+00 -1.687700000000000102e+02 1.251299999999999955e+02 2.322500000000000000e+02 7.267000000000000171e+01 -2.221200000000000045e+02
3.170000000000000000e+02 0.000000000000000000e+00 2.008400000000000034e+02 1.450000000000000000e+01 -3.085000000000000142e+01 1.106200000000000045e+02 -3.918899999999999864e+02 -2.204000000000000057e+02 3.690999999999999659e+01 -1.159200000000000017e+02
-1.462400000000000091e+02 0.000000000000000000e+00 -6.870000000000000284e+01 3.450000000000000000e+01 -3.788000000000000256e+01 3.183000000000000114e+02 2.532100000000000080e+02 1.136999999999999922e+01 3.700999999999999801e+01 -1.690399999999999920e+02
-4.284300000000000068e+02 0.000000000000000000e+00 -6.282999999999999829e+01 4.717000000000000171e+01 1.033999999999999986e+01 -2.876800000000000068e+02 -7.268999999999999773e+01 2.193400000000000034e+02 -4.918999999999999773e+01 1.200600000000000023e+02
-1.891000000000000014e+01 0.000000000000000000e+00 -9.115999999999999659e+01 4.139999999999999680e+00 2.630000000000000071e+01 1.176599999999999966e+02 -1.022999999999999972e+02 -1.433199999999999932e+02 8.031000000000000227e+01 1.005799999999999983e+02
3.075099999999999909e+02 0.000000000000000000e+00 -1.777899999999999920e+02 -1.256599999999999966e+02 6.940000000000000391e+00 -3.097300000000000182e+02 -7.690000000000000391e+00 -4.265699999999999932e+02 -1.082000000000000028e+02 1.527899999999999920e+02
4.399000000000000199e+01 0.000000000000000000e+00 -4.320000000000000284e+00 -3.821999999999999886e+01 6.759999999999999787e+00 4.072500000000000000e+02 9.098000000000000398e+01 7.396999999999999886e+01 -7.365000000000000568e+01 -3.396999999999999886e+01
-1.217500000000000000e+02 0.000000000000000000e+00 -5.219999999999999751e+00 2.973000000000000043e+01 3.350000000000000000e+01 2.499799999999999898e+02 2.860699999999999932e+02 7.173700000000000045e+02 1.177800000000000011e+02 -3.003199999999999932e+02
4.804999999999999716e+01 0.000000000000000000e+00 5.861999999999999744e+01 6.687000000000000455e+01 -6.629000000000000625e+01 -1.765099999999999909e+02 -4.789200000000000159e+02 2.675500000000000114e+02 1.094599999999999937e+02 2.102599999999999909e+02
1.555200000000000102e+02 0.000000000000000000e+00 -1.300000000000000044e+00 5.411999999999999744e+01 -2.364000000000000057e+01 -4.271000000000000085e+01 -8.690999999999999659e+01 -3.412300000000000182e+02 -8.657999999999999829e+01 -1.883899999999999864e+02
-1.635699999999999932e+02 0.000000000000000000e+00 -5.875000000000000000e+01 -4.299999999999999933e-01 7.700000000000000178e+00 4.035000000000000142e+01 2.586499999999999773e+02 -3.494599999999999795e+02 -1.570600000000000023e+02 -1.100999999999999943e+02
-1.664099999999999966e+02 0.000000000000000000e+00 -6.556999999999999318e+01 -4.610999999999999943e+01 1.052999999999999936e+01 -4.329700000000000273e+02 7.398000000000000398e+01 -1.308199999999999932e+02 6.432999999999999829e+01 1.857700000000000102e+02
3.956000000000000227e+01 0.000000000000000000e+00 -3.847999999999999687e+01 -3.650999999999999801e+01 2.025000000000000000e+01 -2.658899999999999864e+02 -2.239000000000000057e+01 5.996999999999999886e+01 -1.491000000000000014e+01 1.681200000000000045e+02
4.214999999999999858e+01 0.000000000000000000e+00 -3.225999999999999801e+01 4.920000000000000284e+01 6.950000000000000178e+00 2.157199999999999989e+02 -5.236999999999999744e+01 1.040000000000000000e+02 1.185699999999999932e+02 -7.437000000000000455e+01
4.246999999999999886e+01 0.000000000000000000e+00 8.730000000000000426e+00 7.098000000000000398e+01 1.685000000000000142e+01 6.735599999999999454e+02 8.865999999999999659e+01 1.628600000000000136e+02 1.189999999999999947e+00 1.837899999999999920e+02
3.938000000000000256e+01 0.000000000000000000e+00 2.448000000000000043e+01 -1.632000000000000028e+01 -9.199999999999999289e+00 2.375800000000000125e+02 -8.181999999999999318e+01 1.901299999999999955e+02 -2.146000000000000085e+01 -2.764700000000000273e+02
1.562800000000000011e+02 0.000000000000000000e+00 8.225000000000000000e+01 -1.165000000000000036e+01 -3.128000000000000114e+01 -6.607300000000000182e+02 -8.528000000000000114e+01 -1.765600000000000023e+02 3.246000000000000085e+01 7.523000000000000398e+01
-5.429999999999999716e+01 0.000000000000000000e+00 -3.157999999999999829e+01 -8.198000000000000398e+01 -2.316000000000000014e+01 -4.477099999999999795e+02 3.591399999999999864e+02 -1.762700000000000102e+02 -4.924000000000000199e+01 -9.376999999999999602e+01
-1.721200000000000045e+02 0.000000000000000000e+00 2.088799999999999955e+02 1.833899999999999864e+02 2.149999999999999911e+00 1.769999999999999929e+01 3.752400000000000091e+02 -4.863500000000000227e+02 9.285999999999999943e+01 -1.163599999999999994e+02
-7.146999999999999886e+01 0.000000000000000000e+00 -9.437999999999999545e+01 8.048000000000000398e+01 9.460000000000000853e+00 6.125399999999999636e+02 -3.425000000000000000e+02 4.785000000000000000e+02 1.380999999999999943e+02 2.908799999999999955e+02
-2.696000000000000085e+01 0.000000000000000000e+00 -2.195699999999999932e+02 -1.465999999999999943e+02 2.492000000000000171e+01 -5.892300000000000182e+02 -5.027400000000000091e+02 6.413600000000000136e+02 2.692000000000000171e+01 1.871699999999999875e+02
-1.964000000000000057e+01 0.000000000000000000e+00 -4.443999999999999773e+01 -1.419900000000000091e+02 6.719999999999999751e+00 6.772300000000000182e+02 1.527899999999999920e+02 -4.387900000000000205e+02 -1.046400000000000006e+02 -1.699499999999999886e+02
1.397000000000000064e+01 0.000000000000000000e+00 1.051599999999999966e+02 1.640200000000000102e+02 -1.586999999999999922e+01 1.070400000000000063e+02 6.375000000000000000e+01 -3.603299999999999841e+02 -6.182999999999999829e+01 -2.565600000000000023e+02
2.571600000000000250e+02 0.000000000000000000e+00 8.550000000000000000e+01 8.519999999999999574e+00 -1.553999999999999915e+01 -1.431800000000000068e+02 -1.667100000000000080e+02 5.733999999999999773e+02 6.370000000000000107e+00 8.729000000000000625e+01
1.591200000000000045e+02 0.000000000000000000e+00 4.167000000000000171e+01 -1.223199999999999932e+02 -3.729999999999999982e+00 -6.160499999999999545e+02 4.057999999999999829e+01 3.949000000000000199e+01 8.929999999999999716e+01 2.533999999999999986e+01
-2.586299999999999955e+02 0.000000000000000000e+00 1.448899999999999864e+02 -1.446000000000000085e+01 2.260999999999999943e+01 -3.103000000000000114e+01 2.644300000000000068e+02 -3.400600000000000023e+02 -5.284000000000000341e+01 7.412999999999999545e+01
-3.271200000000000045e+02 0.000000000000000000e+00 -3.327000000000000313e+01 1.654000000000000057e+02 -7.410000000000000142e+00 3.855600000000000023e+02 -5.639999999999999680e+00 1.583600000000000136e+02 9.019999999999999574e+00 1.857400000000000091e+02
-1.059099999999999966e+02 0.000000000000000000e+00 -1.314799999999999898e+02 -7.484999999999999432e+01 2.162999999999999901e+01 -3.262099999999999795e+02 -2.947799999999999727e+02 5.864999999999999858e+01 2.267000000000000171e+01 -2.857999999999999829e+01
2.695299999999999727e+02 0.000000000000000000e+00 -1.756299999999999955e+02 -1.503799999999999955e+02 -1.837000000000000099e+01 4.286100000000000136e+02 1.626500000000000057e+02 -4.956100000000000136e+02 -1.050999999999999979e+01 -6.006000000000000227e+01
7.145000000000000284e+01 0.000000000000000000e+00 1.645500000000000114e+02 2.628000000000000114e+01 1.857000000000000028e+01 3.246999999999999886e+01 3.746600000000000250e+02 -9.381000000000000227e+01 -3.496999999999999886e+01 -3.641000000000000227e+02
3.642599999999999909e+02 0.000000000000000000e+00 3.090799999999999841e+02 2.028700000000000045e+02 -2.692999999999999972e+01 -1.709099999999999966e+02 2.235099999999999909e+02 4.511399999999999864e+02 -3.664000000000000057e+01 3.714599999999999795e+02
5.406000000000000227e+01 0.000000000000000000e+00 1.898300000000000125e+02 -1.074099999999999966e+02 -2.939999999999999947e+00 -3.543999999999999773e+02 -2.852300000000000182e+02 3.715600000000000023e+02 8.587999999999999545e+01 3.629499999999999886e+02
-2.043199999999999932e+02 0.000000000000000000e+00 7.928000000000000114e+01 -6.676000000000000512e+01 3.481000000000000227e+01 3.314399999999999977e+02 -2.108700000000000045e+02 -3.410400000000000205e+02 1.007300000000000040e+02 -4.211100000000000136e+02
-4.683199999999999932e+02 0.000000000000000000e+00 -7.632999999999999829e+01 -1.539000000000000057e+01 5.120000000000000107e+00 -5.438000000000000256e+01 2.019000000000000128e+01 -6.084000000000000341e+01 -6.662999999999999545e+01 5.246999999999999886e+01
-7.957999999999999829e+01 0.000000000000000000e+00 -6.854000000000000625e+01 7.979000000000000625e+01 -4.642000000000000171e+01 -2.618799999999999955e+02 -5.600000000000000533e-01 3.112099999999999795e+02 7.098000000000000398e+01 -3.959800000000000182e+02
1.475300000000000011e+02 0.000000000000000000e+00 -1.261200000000000045e+02 4.472999999999999687e+01 -3.030999999999999872e+01 3.747599999999999909e+02 3.943999999999999773e+01 -1.838799999999999955e+02 6.915000000000000568e+01 1.324300000000000068e+02
3.636700000000000159e+02 0.000000000000000000e+00 2.070000000000000000e+02 7.070000000000000284e+00 2.751999999999999957e+01 2.873399999999999750e+02 -6.726000000000000512e+01 6.985999999999999943e+01 -4.546000000000000085e+01 9.820000000000000284e+01
8.884000000000000341e+01 0.000000000000000000e+00 1.564000000000000057e+01 8.909999999999999432e+01 2.492999999999999972e+01 1.920900000000000034e+02 1.833700000000000045e+02 -2.135600000000000023e+02 8.009000000000000341e+01 5.139999999999999858e+01
9.500000000000000000e+00 0.000000000000000000e+00 1.405399999999999920e+02 -1.037999999999999972e+02 5.480000000000000426e+00 -3.016100000000000136e+02 -4.329900000000000091e+02 1.863000000000000114e+02 -1.441999999999999886e+02 -4.996999999999999886e+01
-1.581200000000000045e+02 0.000000000000000000e+00 8.609999999999999432e+01 -3.276899999999999977e+02 -2.103999999999999915e+01 -4.540400000000000205e+02 4.142000000000000171e+01 1.447599999999999909e+02 -1.005100000000000051e+02 -6.931000000000000227e+01
-3.289599999999999795e+02 0.000000000000000000e+00 -1.119999999999999929e+01 -5.660000000000000142e+00 -1.131000000000000050e+01 -1.121200000000000045e+02 8.131000000000000227e+01 -2.519000000000000057e+02 3.464000000000000057e+01 3.832000000000000028e+01
-1.090100000000000051e+02 0.000000000000000000e+00 -2.480000000000000071e+01 2.495900000000000034e+02 3.130999999999999872e+01 1.357599999999999909e+02 2.657900000000000205e+02 -1.098199999999999932e+02 6.095000000000000284e+01 6.890999999999999659e+01
1.366800000000000068e+02 0.000000000000000000e+00 -3.064000000000000057e+01 1.829399999999999977e+02 -8.439999999999999503e+00 -1.518999999999999950e+01 -9.993999999999999773e+01 1.681999999999999886e+02 2.325000000000000000e+01 9.571999999999999886e+01
2.361699999999999875e+02 0.000000000000000000e+00 -1.517999999999999972e+01 -1.340200000000000102e+02 2.120000000000000107e+00 2.808500000000000227e+02 7.945000000000000284e+01 4.119700000000000273e+02 9.023999999999999488e+01 -2.179099999999999966e+02
2.779900000000000091e+02 0.000000000000000000e+00 6.599999999999999645e+00 -1.739999999999999858e+01 7.919999999999999929e+00 3.889499999999999886e+02 1.462299999999999898e+02 -6.450199999999999818e+02 -6.019999999999999574e+00 -2.585999999999999943e+01
-1.700000000000000122e-01 0.000000000000000000e+00 2.110699999999999932e+02 1.037500000000000000e+02 -4.599999999999999645e+00 -1.094899999999999949e+02 2.373999999999999844e+01 -1.683400000000000034e+02 -1.146200000000000045e+02 5.490999999999999659e+01
-2.475699999999999932e+02 0.000000000000000000e+00 5.621000000000000085e+01 -1.579499999999999886e+02 2.094000000000000128e+01 -3.692099999999999795e+02 -3.920299999999999727e+02 3.971999999999999886e+02 -3.722999999999999687e+01 3.278399999999999750e+02
-1.375099999999999909e+02 0.000000000000000000e+00 1.315099999999999909e+02 -1.107999999999999972e+02 1.667000000000000171e+01 -3.125600000000000023e+02 -3.320799999999999841e+02 5.182599999999999909e+02 1.379600000000000080e+02 -1.506500000000000057e+02
7.509999999999999787e+00 0.000000000000000000e+00 -3.446000000000000085e+01 8.904000000000000625e+01 -1.980999999999999872e+01 -5.231000000000000227e+01 3.864700000000000273e+02 -2.330999999999999943e+02 3.187000000000000099e+01 -3.043199999999999932e+02
5.032000000000000028e+01 0.000000000000000000e+00 -1.407199999999999989e+02 1.307500000000000000e+02 -1.091999999999999993e+01 6.780299999999999727e+02 7.148000000000000398e+01 -3.950799999999999841e+02 1.457000000000000028e+01 -1.300000000000000044e-01
1.100699999999999932e+02 0.000000000000000000e+00 -4.014999999999999858e+01 1.452400000000000091e+02 1.755999999999999872e+01 6.640000000000000568e+01 -3.228000000000000114e+01 1.966599999999999966e+02 3.164999999999999858e+01 -1.381899999999999977e+02
1.384000000000000057e+02 0.000000000000000000e+00 5.250000000000000000e+01 3.132000000000000028e+01 -2.371000000000000085e+01 -5.185700000000000500e+02 -3.435600000000000023e+02 3.373000000000000114e+02 4.097999999999999687e+01 2.274699999999999989e+02
-6.113000000000000256e+01 0.000000000000000000e+00 -5.315999999999999659e+01 1.157900000000000063e+02 -1.770000000000000018e+00 7.723999999999999488e+01 1.913300000000000125e+02 -2.430099999999999909e+02 -3.454999999999999716e+01 -2.548799999999999955e+02
-2.038300000000000125e+02 0.000000000000000000e+00 1.636599999999999966e+02 -2.382500000000000000e+02 1.298000000000000043e+01 3.599599999999999795e+02 -1.400099999999999909e+02 -3.323799999999999955e+02 -6.668000000000000682e+01 2.490099999999999909e+02
-3.559000000000000341e+01 0.000000000000000000e+00 -4.631000000000000227e+01 -2.490399999999999920e+02 3.112000000000000099e+01 -2.433999999999999986e+01 -1.407700000000000102e+02 -9.859999999999999432e+01 -3.860000000000000142e+01 8.345999999999999375e+01
7.573999999999999488e+01 0.000000000000000000e+00 -1.608100000000000023e+02 3.760999999999999943e+01 -5.174000000000000199e+01 -4.786800000000000068e+02 6.359000000000000341e+01 5.108999999999999773e+02 -3.829999999999999716e+01 -2.057800000000000011e+02
-2.224900000000000091e+02 0.000000000000000000e+00 2.726999999999999957e+01 1.882100000000000080e+02 -9.650000000000000355e+00 -5.378999999999999915e+01 1.641999999999999886e+02 2.335800000000000125e+02 1.603100000000000023e+02 -4.920000000000000284e+01
2.209999999999999964e+00 0.000000000000000000e+00 -4.364999999999999858e+01 2.363799999999999955e+02 2.321000000000000085e+01 1.632100000000000080e+02 2.797099999999999795e+02 -4.338700000000000045e+02 7.778000000000000114e+01 1.138599999999999994e+02
2.800199999999999818e+02 0.000000000000000000e+00 8.784000000000000341e+01 4.935000000000000142e+01 2.214999999999999858e+01 1.418400000000000034e+02 -6.864299999999999500e+02 -5.674000000000000199e+01 -4.397999999999999687e+01 -8.995000000000000284e+01
1.915500000000000114e+02 0.000000000000000000e+00 -3.499000000000000199e+01 -1.737500000000000000e+02 -5.549999999999999822e+00 -4.502699999999999818e+02 2.496599999999999966e+02 9.531000000000000227e+01 -7.364000000000000057e+01 7.031000000000000227e+01
-7.106000000000000227e+01 0.000000000000000000e+00 1.837899999999999920e+02 -8.579000000000000625e+01 5.059999999999999609e+00 4.356000000000000227e+02 3.896000000000000227e+02 -8.095999999999999375e+01 3.203999999999999915e+01 6.920999999999999375e+01
-3.918999999999999773e+01 0.000000000000000000e+00 -4.717999999999999972e+01 -1.433000000000000007e+01 -1.723000000000000043e+01 1.743300000000000125e+02 -2.708199999999999932e+02 -7.198000000000000398e+01 3.835999999999999943e+01 -2.074900000000000091e+02
-1.220600000000000023e+02 0.000000000000000000e+00 6.102000000000000313e+01 6.900000000000000355e+00 2.407999999999999829e+01 -4.385500000000000114e+02 1.689999999999999858e+01 4.537500000000000000e+02 8.420000000000000284e+01 3.050500000000000114e+02
4.879999999999999893e+00 0.000000000000000000e+00 -1.721999999999999886e+01 1.980000000000000071e+01 -3.120000000000000107e+00 2.793999999999999773e+02 -1.978899999999999864e+02 1.796399999999999864e+02 2.526000000000000156e+01 -1.090199999999999960e+02
-7.742000000000000171e+01 0.000000000000000000e+00 3.012000000000000099e+01 8.330000000000000071e+00 -3.407999999999999829e+01 5.199000000000000199e+01 8.815000000000000568e+01 -5.128700000000000045e+02 -7.284000000000000341e+01 -2.532500000000000000e+02
-1.415900000000000034e+02 0.000000000000000000e+00 -2.154300000000000068e+02 9.953000000000000114e+01 6.709999999999999964e+00 -1.721599999999999966e+02 -1.819900000000000091e+02 -2.842099999999999795e+02 2.325000000000000000e+01 -1.033499999999999943e+02
1.260600000000000023e+02 0.000000000000000000e+00 2.869999999999999929e+01 1.795500000000000114e+02 -3.959999999999999964e+00 -2.613000000000000114e+02 2.310000000000000000e+02 1.580999999999999943e+02 -2.860000000000000142e+01 1.313100000000000023e+02
1.859799999999999898e+02 0.000000000000000000e+00 1.230100000000000051e+02 -2.671600000000000250e+02 2.325000000000000000e+01 3.954700000000000273e+02 -6.990000000000000213e+00 2.197700000000000102e+02 8.201999999999999602e+01 2.381399999999999864e+02
2.505900000000000034e+02 0.000000000000000000e+00 -9.029999999999999361e+00 -9.804000000000000625e+01 -1.383000000000000007e+01 2.102400000000000091e+02 -3.243999999999999773e+02 1.266599999999999966e+02 -4.210999999999999943e+01 1.110199999999999960e+02
-1.909799999999999898e+02 0.000000000000000000e+00 7.328000000000000114e+01 -3.021000000000000085e+01 5.820000000000000284e+00 -2.811100000000000136e+02 1.541000000000000014e+01 1.503199999999999932e+02 -1.539699999999999989e+02 -4.553899999999999864e+02
-2.962900000000000205e+02 0.000000000000000000e+00 5.725000000000000000e+01 -1.055100000000000051e+02 7.950000000000000178e+00 -3.291700000000000159e+02 3.138600000000000136e+02 2.120000000000000107e+00 3.900000000000000000e+01 -4.835999999999999943e+01
-1.286399999999999864e+02 0.000000000000000000e+00 -1.104300000000000068e+02 -2.617000000000000171e+01 4.099999999999999756e-01 4.971999999999999886e+01 -1.792899999999999920e+02 -2.360099999999999909e+02 8.293000000000000682e+01 2.882799999999999727e+02
1.686899999999999977e+02 0.000000000000000000e+00 -2.552199999999999989e+02 1.373000000000000114e+02 -1.935000000000000142e+01 1.457199999999999989e+02 9.919999999999999929e+00 -4.463799999999999955e+02 -4.285999999999999943e+01 -9.862000000000000455e+01
9.548999999999999488e+01 0.000000000000000000e+00 3.400000000000000000e+01 1.906899999999999977e+02 7.400000000000000355e+00 -1.064099999999999966e+02 -7.570000000000000284e+00 9.720000000000000639e+00 1.292800000000000011e+02 1.472500000000000000e+02
3.214000000000000057e+01 0.000000000000000000e+00 3.047699999999999818e+02 -4.195000000000000284e+01 -1.407000000000000028e+01 -3.146399999999999864e+02 3.948700000000000045e+02 2.437700000000000102e+02 -4.065999999999999659e+01 -3.289900000000000091e+02
7.976000000000000512e+01 0.000000000000000000e+00 -7.639999999999999680e+00 -1.322400000000000091e+02 3.267000000000000171e+01 5.570900000000000318e+02 1.108799999999999955e+02 4.637799999999999727e+02 3.570000000000000284e+01 3.437099999999999795e+02
-2.110999999999999943e+01 0.000000000000000000e+00 -3.560999999999999943e+01 -2.100399999999999920e+02 -1.288000000000000078e+01 2.246599999999999966e+02 -4.394900000000000091e+02 3.299100000000000250e+02 -1.599000000000000057e+02 9.646999999999999886e+01
-9.234999999999999432e+01 0.000000000000000000e+00 -6.689000000000000057e+01 1.012399999999999949e+02 -1.273000000000000043e+01 -1.259000000000000057e+02 7.681999999999999318e+01 -2.605799999999999841e+02 8.068000000000000682e+01 -1.535399999999999920e+02
4.889000000000000057e+01 0.000000000000000000e+00 6.050999999999999801e+01 1.876000000000000156e+01 -4.209999999999999964e+00 -8.034600000000000364e+02 -1.271500000000000057e+02 -3.819800000000000182e+02 9.068000000000000682e+01 1.085999999999999943e+02
7.398999999999999488e+01 0.000000000000000000e+00 -1.314000000000000057e+01 -8.993999999999999773e+01 2.617999999999999972e+01 2.170000000000000000e+02 2.961299999999999955e+02 -3.356399999999999864e+02 3.596000000000000085e+01 8.415999999999999659e+01
-2.260099999999999909e+02 0.000000000000000000e+00 -7.240000000000000568e+01 4.636999999999999744e+01 -2.935000000000000142e+01 2.655400000000000205e+02 -1.660300000000000011e+02 -1.882899999999999920e+02 -1.092500000000000000e+02 -4.261899999999999977e+02
-1.586699999999999875e+02 0.000000000000000000e+00 1.285300000000000011e+02 8.221999999999999886e+01 -1.969999999999999973e+00 3.352599999999999909e+02 -4.210199999999999818e+02 6.635700000000000500e+02 1.108000000000000007e+01 7.509999999999999787e+00
3.239399999999999977e+02 0.000000000000000000e+00 6.765000000000000568e+01 -8.915000000000000568e+01 1.660999999999999943e+01 -2.579599999999999795e+02 -2.907000000000000028e+01 5.761999999999999744e+01 7.807999999999999829e+01 -4.799999999999999822e+00
2.071899999999999977e+02 0.000000000000000000e+00 -1.116299999999999955e+02 -1.051700000000000017e+02 -3.180000000000000071e+01 -3.156100000000000136e+02 7.563999999999999773e+02 2.308300000000000125e+02 3.048999999999999844e+01 1.229300000000000068e+02
-6.559999999999999432e+01 0.000000000000000000e+00 7.387000000000000455e+01 -1.793700000000000045e+02 2.550000000000000000e+01 8.445000000000000284e+01 -1.436299999999999955e+02 2.677500000000000000e+02 -1.381299999999999955e+02 3.295500000000000114e+02
-1.967700000000000102e+02 0.000000000000000000e+00 -1.663700000000000045e+02 -9.023999999999999488e+01 -7.080000000000000071e+00 3.257699999999999818e+02 -5.962999999999999545e+02 -3.272699999999999818e+02 -5.232999999999999829e+01 8.942000000000000171e+01
-3.990999999999999659e+01 0.000000000000000000e+00 -6.445000000000000284e+01 3.094999999999999929e+01 1.914000000000000057e+01 1.468199999999999932e+02 8.419999999999999929e+00 -7.035499999999999545e+02 7.306999999999999318e+01 -3.174700000000000273e+02
6.543000000000000682e+01 0.000000000000000000e+00 1.074000000000000021e+01 3.068199999999999932e+02 -1.714000000000000057e+01 -1.816899999999999977e+02 3.002300000000000182e+02 -7.206000000000000227e+01 3.859000000000000341e+01 -2.916399999999999864e+02
-8.651000000000000512e+01 0.000000000000000000e+00 1.470800000000000125e+02 3.137000000000000099e+01 -1.898999999999999844e+01 -2.738000000000000114e+02 1.708700000000000045e+02 1.395500000000000114e+02 -1.316999999999999993e+01 5.936999999999999744e+01
-3.200000000000000178e+00 0.000000000000000000e+00 -9.720000000000000284e+01 -8.384999999999999432e+01 -1.536999999999999922e+01 -6.948999999999999488e+01 -2.117299999999999898e+02 6.212599999999999909e+02 1.459900000000000091e+02 2.778600000000000136e+02
1.255000000000000000e+02 0.000000000000000000e+00 5.539999999999999858e+01 -1.089200000000000017e+02 2.050000000000000000e+01 -3.436600000000000250e+02 3.052799999999999727e+02 1.384499999999999886e+02 -1.198199999999999932e+02 2.017299999999999898e+02
1.672299999999999898e+02 0.000000000000000000e+00 3.228999999999999915e+01 -2.210999999999999943e+01 3.336999999999999744e+01 6.799800000000000182e+02 -9.604999999999999716e+01 -1.110100000000000051e+02 1.758999999999999986e+01 -1.148199999999999932e+02
-2.614999999999999858e+01 0.000000000000000000e+00 -9.481000000000000227e+01 2.194699999999999989e+02 -5.230000000000000426e+00 5.397699999999999818e+02 -7.957999999999999829e+01 3.394599999999999795e+02 -5.389000000000000057e+01 -3.850000000000000089e+00
3.489000000000000057e+01 0.000000000000000000e+00 -1.634000000000000057e+02 7.270999999999999375e+01 1.109999999999999964e+01 -4.781999999999999886e+02 -3.514999999999999858e+01 -2.205000000000000000e+02 1.921000000000000085e+01 7.284000000000000341e+01
-2.585000000000000142e+01 0.000000000000000000e+00 1.201200000000000045e+02 -1.618400000000000034e+02 2.359999999999999876e+00 -2.041599999999999966e+02 9.998000000000000398e+01 -7.289700000000000273e+02 -3.953999999999999915e+01 -2.975099999999999909e+02
-4.207000000000000028e+01 0.000000000000000000e+00 8.320000000000000284e+01 2.939000000000000057e+01 -5.269999999999999574e+00 -1.963400000000000034e+02 -3.734100000000000250e+02 -2.677400000000000091e+02 8.267000000000000171e+01 2.514999999999999858e+01
-1.563799999999999955e+02 0.000000000000000000e+00 3.203999999999999915e+01 8.200000000000000000e+01 -3.101999999999999957e+01 2.417599999999999909e+02 -8.970999999999999375e+01 5.538899999999999864e+02 3.811999999999999744e+01 -2.755400000000000205e+02
1.038499999999999943e+02 0.000000000000000000e+00 -7.634999999999999432e+01 1.227999999999999936e+01 -6.750000000000000000e+00 2.221599999999999966e+02 1.225999999999999979e+01 5.948200000000000500e+02 9.064000000000000057e+01 2.337800000000000011e+02
1.481800000000000068e+02 0.000000000000000000e+00 -1.134800000000000040e+02 -6.906999999999999318e+01 4.754999999999999716e+01 -4.519900000000000091e+02 2.556599999999999966e+02 7.073999999999999488e+01 -1.814999999999999858e+01 3.983399999999999750e+02
-9.957999999999999829e+01 0.000000000000000000e+00 -3.700000000000000178e+00 3.265999999999999659e+01 -2.740000000000000213e+00 4.697599999999999909e+02 6.656000000000000227e+01 -2.464099999999999966e+02 -8.990000000000000213e+00 -1.280900000000000034e+02
-6.035000000000000142e+01 0.000000000000000000e+00 -7.829000000000000625e+01 5.253000000000000114e+01 8.800000000000000711e+00 2.394699999999999989e+02 -8.654000000000000625e+01 -1.925999999999999943e+02 -2.474699999999999989e+02 -2.048199999999999932e+02
3.632999999999999829e+01 0.000000000000000000e+00 4.352000000000000313e+01 -5.164999999999999858e+01 -1.272000000000000064e+01 -1.494999999999999929e+01 -2.321999999999999886e+01 -7.929999999999999716e+01 1.614099999999999966e+02 -3.362300000000000182e+02
-9.970000000000000639e+00 0.000000000000000000e+00 1.050900000000000034e+02 5.632000000000000028e+01 -3.535000000000000142e+01 -1.379199999999999875e+02 -7.209199999999999591e+02 -1.310099999999999909e+02 5.835000000000000142e+01 -3.089999999999999858e+01
-1.732599999999999909e+02 0.000000000000000000e+00 -3.770000000000000284e+01 1.178199999999999932e+02 1.128999999999999915e+01 -3.600500000000000114e+02 7.648999999999999488e+01 -2.074099999999999966e+02 -5.603999999999999915e+01 1.462299999999999898e+02
-1.659600000000000080e+02 0.000000000000000000e+00 -1.030000000000000027e+00 5.228999999999999915e+01 -2.700000000000000178e+00 -2.627500000000000000e+02 5.403500000000000227e+02 -7.700000000000000178e-01 1.407800000000000011e+02 4.104900000000000091e+02
1.601800000000000068e+02 0.000000000000000000e+00 -2.850000000000000000e+01 -1.262900000000000063e+02 -4.070000000000000284e+00 2.728399999999999750e+02 5.792799999999999727e+02 5.688999999999999773e+02 3.149999999999999911e+00 4.857999999999999829e+01
2.089000000000000057e+02 0.000000000000000000e+00 1.848000000000000043e+01 8.379999999999999716e+01 4.192999999999999972e+01 4.261000000000000227e+02 -1.363100000000000023e+02 2.591299999999999955e+02 -9.737000000000000455e+01 -3.116000000000000227e+02
-2.732999999999999829e+01 0.000000000000000000e+00 1.539300000000000068e+02 9.281999999999999318e+01 -8.230000000000000426e+00 2.405300000000000011e+02 -3.370000000000000000e+02 -1.623000000000000114e+02 -8.523000000000000398e+01 -9.179999999999999716e+01
5.692999999999999972e+01 0.000000000000000000e+00 7.281999999999999318e+01 3.098999999999999844e+01 4.839999999999999858e+00 -4.622900000000000205e+02 3.663000000000000256e+01 -3.947599999999999909e+02 3.207000000000000028e+01 1.707299999999999898e+02
2.437999999999999901e+01 0.000000000000000000e+00 1.450999999999999979e+01 7.269999999999999574e+00 -4.047999999999999687e+01 -4.057999999999999829e+01 -2.010600000000000023e+02 -2.001999999999999886e+02 1.773400000000000034e+02 -2.753000000000000114e+01
-1.546699999999999875e+02 0.000000000000000000e+00 4.592000000000000171e+01 -2.323999999999999844e+01 3.854999999999999716e+01 1.078999999999999915e+01 -3.530600000000000023e+02 -2.755000000000000071e+01 -1.051099999999999994e+02 1.730600000000000023e+02
-2.229300000000000068e+02 0.000000000000000000e+00 -3.330000000000000071e+00 3.593999999999999773e+01 1.751999999999999957e+01 8.271999999999999886e+01 -9.648000000000000398e+01 -7.784999999999999432e+01 -1.300999999999999979e+01 3.928000000000000114e+01
1.467199999999999989e+02 0.000000000000000000e+00 -3.818999999999999773e+01 1.446500000000000057e+02 -3.700000000000000178e+00 -1.639000000000000057e+01 8.540299999999999727e+02 3.406899999999999977e+02 1.036700000000000017e+02 -2.743600000000000136e+02
1.940800000000000125e+02 0.000000000000000000e+00 -3.504999999999999716e+01 2.748999999999999844e+01 2.137999999999999901e+01 -1.608799999999999955e+02 -1.634799999999999898e+02 7.691000000000000227e+02 1.230900000000000034e+02 -1.041800000000000068e+02
4.057999999999999829e+01 0.000000000000000000e+00 9.776999999999999602e+01 -3.210000000000000142e+01 -3.389999999999999858e+01 3.485799999999999841e+02 -1.459399999999999977e+02 -1.359900000000000091e+02 -1.269500000000000028e+02 2.169999999999999929e+01
-2.430000000000000071e+01 0.000000000000000000e+00 2.331800000000000068e+02 2.648999999999999844e+01 -1.325999999999999979e+01 2.561999999999999886e+02 -4.160400000000000205e+02 -9.271799999999999500e+02 -7.065000000000000568e+01 -5.657000000000000028e+01
-1.641299999999999955e+02 0.000000000000000000e+00 -4.442000000000000171e+01 -9.101000000000000512e+01 -1.025999999999999979e+01 -3.963399999999999750e+02 -1.992999999999999972e+01 -1.273299999999999983e+02 -9.253000000000000114e+01 -2.037999999999999901e+01
-2.518600000000000136e+02 0.000000000000000000e+00 -1.194699999999999989e+02 -4.320000000000000284e+00 2.430000000000000160e+00 -2.097299999999999898e+02 4.340999999999999659e+01 3.723899999999999864e+02 -1.032000000000000028e+01 1.732299999999999898e+02
4.940000000000000391e+00 0.000000000000000000e+00 -6.973000000000000398e+01 2.355999999999999872e+01 1.816000000000000014e+01 1.162300000000000040e+02 1.364399999999999977e+02 -1.731299999999999955e+02 7.631999999999999318e+01 -2.086699999999999875e+02
1.697700000000000102e+02 0.000000000000000000e+00 3.160999999999999943e+01 -9.956000000000000227e+01 -3.390000000000000124e+00 -1.055100000000000051e+02 3.996499999999999773e+02 1.098499999999999943e+02 1.076200000000000045e+02 3.660000000000000142e+01
1.746200000000000045e+02 0.000000000000000000e+00 -2.532000000000000028e+01 1.929199999999999875e+02 3.279999999999999716e+01 3.844399999999999977e+02 -1.236099999999999994e+02 5.884500000000000455e+02 -1.131299999999999955e+02 1.808499999999999943e+02
7.223999999999999488e+01 0.000000000000000000e+00 2.047700000000000102e+02 4.360999999999999943e+01 -6.740000000000000213e+00 -8.920000000000000284e+01 1.285399999999999920e+02 5.596000000000000085e+01 2.841000000000000014e+01 -2.425900000000000034e+02
-1.414000000000000057e+02 0.000000000000000000e+00 1.614399999999999977e+02 -1.473799999999999955e+02 -2.117000000000000171e+01 2.160000000000000142e+00 1.701599999999999966e+02 -3.516999999999999886e+02 -1.898000000000000043e+01 -2.097800000000000011e+02
-8.653000000000000114e+01 0.000000000000000000e+00 -3.921000000000000085e+01 -6.632999999999999829e+01 -8.910000000000000142e+00 -2.249600000000000080e+02 -6.685599999999999454e+02 -5.658099999999999454e+02 -3.684000000000000341e+01 4.659300000000000068e+02
-3.173999999999999844e+01 0.000000000000000000e+00 -1.058599999999999994e+02 -2.483999999999999986e+01 -1.030000000000000071e+01 2.133199999999999932e+02 -2.446599999999999966e+02 -6.620000000000000107e+00 1.745099999999999909e+02 -4.807000000000000028e+01
2.685999999999999943e+01 0.000000000000000000e+00 2.130000000000000071e+01 4.268999999999999773e+01 1.771000000000000085e+01 -2.533000000000000114e+02 2.906600000000000250e+02 1.143799999999999955e+02 -1.095699999999999932e+02 -1.777700000000000102e+02
4.653000000000000114e+01 0.000000000000000000e+00 -7.151999999999999602e+01 -1.220900000000000034e+02 6.129999999999999893e+00 1.168799999999999955e+02 4.974599999999999795e+02 3.559100000000000250e+02 -6.626999999999999602e+01 4.330000000000000071e+00
1.162000000000000028e+02 0.000000000000000000e+00 -4.640999999999999659e+01 -4.778000000000000114e+01 1.000000000000000000e+00 2.082500000000000000e+02 -3.073999999999999844e+01 7.740900000000000318e+02 1.066200000000000045e+02 -8.999999999999999667e-02
-1.351999999999999957e+01 0.000000000000000000e+00 1.519399999999999977e+02 1.707500000000000000e+02 -3.346000000000000085e+01 -1.985000000000000142e+01 -5.846299999999999955e+02 -3.467000000000000171e+01 -4.280000000000000249e+00 -2.671299999999999955e+02
-1.232000000000000028e+01 0.000000000000000000e+00 7.125000000000000000e+01 -8.642000000000000171e+01 1.096000000000000085e+01 -1.051899999999999977e+02 1.568100000000000023e+02 -6.535299999999999727e+02 -3.538000000000000256e+01 7.980000000000000426e+00
-1.425999999999999979e+01 0.000000000000000000e+00 -2.223999999999999844e+01 -2.695199999999999818e+02 -7.150000000000000355e+00 1.762400000000000091e+02 3.949000000000000199e+01 -4.784499999999999886e+02 -1.161599999999999966e+02 4.447699999999999818e+02
-1.679499999999999886e+02 0.000000000000000000e+00 -3.489999999999999858e+01 5.360999999999999943e+01 -1.912999999999999901e+01 -2.900299999999999727e+02 -2.109999999999999876e+00 -1.440999999999999943e+02 2.060000000000000000e+02 7.209999999999999964e+00
-3.310999999999999943e+01 0.000000000000000000e+00 -6.989000000000000057e+01 7.420999999999999375e+01 -5.019999999999999574e+00 5.639999999999999858e+01 -1.696399999999999864e+02 4.706499999999999773e+02 7.000000000000000000e+00 -5.706699999999999591e+02
7.751000000000000512e+01 0.000000000000000000e+00 -4.806000000000000227e+01 -1.022300000000000040e+02 2.039999999999999858e+01 6.610999999999999943e+01 3.360400000000000205e+02 3.688600000000000136e+02 4.759999999999999787e+00 3.971000000000000085e+01
1.577700000000000102e+02 0.000000000000000000e+00 -3.260999999999999943e+01 1.396000000000000085e+01 8.599999999999999645e+00 5.099900000000000091e+02 3.138999999999999773e+02 2.776000000000000156e+01 -3.379999999999999893e+00 2.991700000000000159e+02
6.945999999999999375e+01 0.000000000000000000e+00 3.356000000000000227e+01 1.059599999999999937e+02 -1.320000000000000062e+00 -1.783600000000000136e+02 -3.019000000000000128e+01 2.859300000000000068e+02 -2.828999999999999915e+01 7.279000000000000625e+01
-1.764600000000000080e+02 0.000000000000000000e+00 1.391299999999999955e+02 -2.878999999999999773e+02 4.350000000000000000e+01 -4.030500000000000114e+02 -5.562400000000000091e+02 -3.021899999999999977e+02 -1.566999999999999993e+01 8.142000000000000171e+01
-2.634499999999999886e+02 0.000000000000000000e+00 -2.399999999999999911e+00 -6.878000000000000114e+01 -2.453999999999999915e+01 -1.982899999999999920e+02 2.999999999999999889e-01 -7.352799999999999727e+02 -7.459999999999999964e+00 -5.620000000000000284e+01
