1.637700000000000102e+02 7.001999999999999602e+01 8.868000000000000682e+01 9.307999999999999829e+01 2.857999999999999829e+01 8.528000000000000114e+01 -1.148400000000000034e+02 1.116700000000000017e+02 -2.789000000000000057e+01 -1.007000000000000028e+01
-3.272999999999999687e+01 -8.429999999999999716e+01 1.124800000000000040e+02 5.985000000000000142e+01 -1.844999999999999929e+01 2.989999999999999858e+01 1.594999999999999929e+01 1.002600000000000051e+02 5.559999999999999609e+00 3.220000000000000284e+01
-5.671999999999999886e+01 2.535000000000000142e+01 -6.515999999999999659e+01 1.135999999999999943e+01 -7.500000000000000000e-01 -1.896399999999999864e+02 -1.712000000000000099e+01 2.742000000000000171e+01 1.474000000000000021e+01 -1.224399999999999977e+02
7.919999999999999929e+00 -2.339000000000000057e+01 -2.816000000000000014e+01 5.624000000000000199e+01 7.429999999999999716e+00 2.533899999999999864e+02 1.383799999999999955e+02 -8.754999999999999716e+01 -8.101000000000000512e+01 2.685000000000000142e+01
-9.179000000000000625e+01 2.917999999999999972e+01 -4.677000000000000313e+01 4.459999999999999964e+00 2.379999999999999893e+00 -2.458499999999999943e+02 1.133199999999999932e+02 1.245000000000000000e+02 6.493000000000000682e+01 6.099000000000000199e+01
2.969999999999999929e+01 7.150000000000000355e+00 -2.839999999999999858e+01 1.462299999999999898e+02 -2.439999999999999947e+00 -1.526200000000000045e+02 -2.092899999999999920e+02 -3.920000000000000284e+01 1.478999999999999915e+01 8.079999999999999716e+01
6.084000000000000341e+01 -6.871999999999999886e+01 7.693000000000000682e+01 -1.575999999999999979e+01 1.330000000000000071e+00 4.545099999999999909e+02 1.530000000000000027e+00 7.804999999999999716e+01 -9.669999999999999929e+00 -8.481999999999999318e+01
2.616000000000000014e+01 4.459999999999999964e+00 5.139999999999999680e+00 -6.451000000000000512e+01 -1.508999999999999986e+01 -3.638899999999999864e+02 9.668000000000000682e+01 -1.439699999999999989e+02 1.126999999999999957e+01 -1.332100000000000080e+02
-4.563000000000000256e+01 6.670000000000000284e+01 -9.135999999999999943e+01 7.259999999999999432e+01 5.280000000000000249e+00 -3.870000000000000284e+01 -2.082000000000000028e+01 -1.595600000000000023e+02 -4.850000000000000000e+01 6.730000000000000426e+00
-9.639000000000000057e+01 -8.873000000000000398e+01 -2.871000000000000085e+01 8.603000000000000114e+01 -1.023000000000000043e+01 3.475500000000000114e+02 -8.796999999999999886e+01 2.741499999999999773e+02 4.711999999999999744e+01 8.118999999999999773e+01
4.447999999999999687e+01 4.410000000000000142e+01 9.657999999999999829e+01 4.810999999999999943e+01 2.155000000000000071e+01 -3.897200000000000273e+02 2.341200000000000045e+02 8.146999999999999886e+01 4.285999999999999943e+01 9.753000000000000114e+01
1.344600000000000080e+02 9.962000000000000455e+01 8.020000000000000284e+01 1.424699999999999989e+02 1.092999999999999972e+01 1.283600000000000136e+02 -8.275000000000000000e+01 -7.771999999999999886e+01 2.462999999999999901e+01 -5.175999999999999801e+01
-1.100000000000000000e+01 -6.278000000000000114e+01 -9.443999999999999773e+01 9.637000000000000455e+01 2.467000000000000171e+01 3.695600000000000023e+02 -1.275699999999999932e+02 -1.191099999999999994e+02 1.714000000000000057e+01 3.182999999999999829e+01
-2.853999999999999915e+01 -1.252600000000000051e+02 2.112999999999999901e+01 -1.163599999999999994e+02 -4.632000000000000028e+01 -4.751200000000000045e+02 4.664000000000000057e+01 -3.602000000000000313e+01 -3.553999999999999915e+01 -1.429399999999999977e+02
-7.515000000000000568e+01 6.651999999999999602e+01 -1.020000000000000018e+00 -2.967000000000000171e+01 4.669999999999999929e+00 8.919999999999999929e+00 9.626999999999999602e+01 -5.525999999999999801e+01 -3.739999999999999858e+01 -3.322999999999999687e+01
-1.299000000000000021e+01 8.000000000000000000e+00 8.230000000000000426e+00 8.970000000000000284e+01 1.527999999999999936e+01 4.630899999999999750e+02 -7.456000000000000227e+01 2.201200000000000045e+02 3.871000000000000085e+01 -4.718999999999999773e+01
1.412899999999999920e+02 -4.370000000000000107e+00 1.119000000000000057e+02 9.693999999999999773e+01 -1.800000000000000044e+00 -2.881700000000000159e+02 1.331100000000000136e+02 8.659999999999999432e+01 -1.275000000000000000e+01 1.145499999999999972e+02
-1.258000000000000007e+01 -5.561999999999999744e+01 -1.053400000000000034e+02 4.809000000000000341e+01 1.120000000000000107e+00 1.251599999999999966e+02 1.084399999999999977e+02 -3.195699999999999932e+02 3.992000000000000171e+01 1.306299999999999955e+02
-1.170400000000000063e+02 -1.901000000000000156e+01 6.199999999999999956e-01 -2.783999999999999986e+01 -2.758999999999999986e+01 -9.675000000000000000e+01 -8.159999999999999432e+01 1.865399999999999920e+02 -1.236999999999999922e+01 -9.919999999999999929e+00
7.704999999999999716e+01 -4.049999999999999822e+00 9.990000000000000213e+00 8.373000000000000398e+01 4.009999999999999787e+00 -1.508899999999999864e+02 -4.385000000000000142e+01 1.250100000000000051e+02 -2.889000000000000057e+01 -1.855000000000000000e+02
5.054999999999999716e+01 2.601000000000000156e+01 2.228999999999999915e+01 6.297999999999999687e+01 1.288000000000000078e+01 2.219900000000000091e+02 1.306000000000000050e+01 -8.425000000000000000e+01 4.572999999999999687e+01 -9.779999999999999716e+01
-6.207999999999999829e+01 4.104999999999999716e+01 -4.643999999999999773e+01 -1.614999999999999858e+01 -9.320000000000000284e+00 1.002000000000000028e+02 1.603600000000000136e+02 2.817999999999999972e+01 -1.667000000000000171e+01 6.426999999999999602e+01
9.449999999999999289e+00 -3.603999999999999915e+01 5.477000000000000313e+01 6.809999999999999432e+01 5.089999999999999858e+00 -1.875200000000000102e+02 -2.093199999999999932e+02 -8.270999999999999375e+01 4.403000000000000114e+01 9.896999999999999886e+01
-3.324000000000000199e+01 -5.357000000000000028e+01 -6.443000000000000682e+01 3.050000000000000000e+01 2.819999999999999840e+00 -1.064099999999999966e+02 1.010499999999999972e+02 -1.227000000000000028e+02 -3.975999999999999801e+01 -8.449999999999999289e+00
4.107000000000000028e+01 3.489999999999999858e+01 8.949999999999999289e+00 5.425000000000000000e+01 -2.851999999999999957e+01 1.360699999999999932e+02 -8.250000000000000000e+00 2.148600000000000136e+02 2.330999999999999872e+01 -6.539000000000000057e+01
8.187000000000000455e+01 -2.278000000000000114e+01 6.820000000000000284e+01 6.146000000000000085e+01 1.103999999999999915e+01 1.558999999999999986e+01 -2.246999999999999886e+01 -8.151000000000000512e+01 3.917999999999999972e+01 -6.490000000000000568e+01
-6.047999999999999687e+01 5.746000000000000085e+01 7.898999999999999488e+01 8.771999999999999886e+01 6.900000000000000355e+00 4.989000000000000057e+01 5.967999999999999972e+01 -1.698300000000000125e+02 -7.003000000000000114e+01 5.410999999999999943e+01
-9.751000000000000512e+01 -4.863000000000000256e+01 -3.582000000000000028e+01 -6.309999999999999609e+00 -9.789999999999999147e+00 -6.520000000000000284e+01 -5.288000000000000256e+01 2.169699999999999989e+02 1.682999999999999829e+01 -1.721999999999999886e+01
9.879999999999999716e+01 4.832999999999999829e+01 1.481500000000000057e+02 5.157000000000000028e+01 3.750000000000000000e+00 -3.640999999999999659e+01 6.645000000000000284e+01 2.569999999999999929e+01 2.414000000000000057e+01 1.114099999999999966e+02
5.949000000000000199e+01 -2.039999999999999858e+01 -1.760999999999999943e+01 1.497000000000000064e+01 4.889999999999999680e+00 2.226999999999999886e+02 -1.361999999999999886e+02 -4.550000000000000000e+01 -7.385999999999999943e+01 -7.626000000000000512e+01
2.223999999999999844e+01 1.201999999999999957e+01 -1.235999999999999943e+02 -1.251999999999999957e+01 7.179999999999999716e+00 1.280999999999999943e+02 1.468000000000000114e+02 -5.722999999999999687e+01 -3.950000000000000000e+01 -5.574000000000000199e+01
-1.787999999999999901e+01 -1.821000000000000085e+01 4.909000000000000341e+01 9.399999999999999467e-01 -1.368999999999999950e+01 -4.028700000000000045e+02 -3.371999999999999886e+01 -1.635600000000000023e+02 5.240999999999999659e+01 -7.168000000000000682e+01
-1.401500000000000057e+02 -6.793000000000000682e+01 2.779999999999999805e+00 1.102600000000000051e+02 -5.750000000000000000e+00 1.565300000000000011e+02 -4.150999999999999801e+01 1.674300000000000068e+02 -4.440000000000000391e+00 1.018999999999999950e+01
-8.403000000000000114e+01 -4.299999999999999933e-01 3.385000000000000142e+01 6.920000000000000284e+01 2.089999999999999858e+01 7.204000000000000625e+01 -4.185000000000000142e+01 2.350699999999999932e+02 9.119999999999999218e+00 4.289999999999999858e+01
2.635299999999999727e+02 2.901999999999999957e+01 1.867199999999999989e+02 1.078199999999999932e+02 1.919999999999999929e+00 -1.011899999999999977e+02 1.987299999999999898e+02 -1.673499999999999943e+02 1.975500000000000114e+02 6.520000000000000284e+01
1.292100000000000080e+02 3.055000000000000071e+01 -2.023000000000000043e+01 -2.889999999999999858e+01 1.600000000000000089e+00 3.876600000000000250e+02 -1.791100000000000136e+02 -4.614000000000000057e+01 -6.870000000000000284e+01 7.367000000000000171e+01
-1.224000000000000057e+02 7.400000000000000355e+00 -6.781999999999999318e+01 4.885000000000000142e+01 -4.709999999999999964e+00 -2.441500000000000057e+02 3.353999999999999915e+01 -8.592000000000000171e+01 -1.566200000000000045e+02 -6.590999999999999659e+01
-5.089999999999999858e+01 -2.289000000000000057e+01 -5.764000000000000057e+01 2.485000000000000142e+01 -1.930000000000000071e+01 -1.221299999999999955e+02 -8.064000000000000057e+01 -9.176999999999999602e+01 4.568999999999999773e+01 -1.481599999999999966e+02
-1.579300000000000068e+02 -1.520000000000000018e+00 6.606000000000000227e+01 6.587999999999999545e+01 2.830000000000000071e+01 -2.300200000000000102e+02 2.339000000000000057e+01 3.311200000000000045e+02 -7.339999999999999858e+00 7.956999999999999318e+01
5.779999999999999716e+01 9.929999999999999716e+00 9.184999999999999432e+01 3.832999999999999829e+01 -5.009999999999999787e+00 4.505299999999999727e+02 1.006700000000000017e+02 -7.162999999999999545e+01 6.150000000000000000e+01 4.147999999999999687e+01
2.655899999999999750e+02 -2.394000000000000128e+01 1.415000000000000036e+01 1.944999999999999929e+01 9.859999999999999432e+00 -1.524099999999999966e+02 6.009999999999999787e+00 -2.832000000000000028e+01 1.325900000000000034e+02 -1.873999999999999844e+01
-1.498300000000000125e+02 4.128999999999999915e+01 2.042999999999999972e+01 -5.379999999999999893e+00 5.500000000000000444e-01 1.808300000000000125e+02 7.860000000000000320e+00 -3.453999999999999915e+01 -2.035600000000000023e+02 -5.242999999999999972e+01
-2.853000000000000114e+01 2.321999999999999886e+01 -9.806999999999999318e+01 4.068999999999999773e+01 -3.200000000000000178e+00 1.468300000000000125e+02 -1.550000000000000000e+02 -1.735500000000000114e+02 1.065000000000000036e+01 -1.550000000000000000e+01
-5.203000000000000114e+01 -2.571000000000000085e+01 -6.289000000000000057e+01 1.483199999999999932e+02 5.580000000000000071e+00 -6.533799999999999955e+02 9.368999999999999773e+01 5.399000000000000199e+01 -2.980000000000000071e+01 3.903999999999999915e+01
1.558999999999999986e+01 3.692999999999999972e+01 6.395000000000000284e+01 2.687000000000000099e+01 3.499999999999999778e-01 2.951100000000000136e+02 -4.200000000000000178e+00 2.472500000000000000e+02 4.763000000000000256e+01 6.728000000000000114e+01
6.617000000000000171e+01 3.196999999999999886e+01 1.070100000000000051e+02 -4.645000000000000284e+01 -3.740000000000000213e+00 -2.435999999999999943e+01 -1.669999999999999929e+00 -1.272699999999999960e+02 6.531000000000000227e+01 -1.081000000000000050e+01
9.065000000000000568e+01 5.019999999999999574e+00 -1.013900000000000006e+02 3.796000000000000085e+01 1.557000000000000028e+01 1.101200000000000045e+02 5.689000000000000057e+01 2.203000000000000114e+01 6.263000000000000256e+01 -5.096999999999999886e+01
-7.178000000000000114e+01 -4.046000000000000085e+01 -8.301999999999999602e+01 8.051999999999999602e+01 -3.680000000000000160e+00 3.603000000000000114e+02 -7.351999999999999602e+01 1.828000000000000114e+02 -1.132900000000000063e+02 -4.952000000000000313e+01
-2.439000000000000057e+01 -3.881000000000000227e+01 -2.239000000000000057e+01 -3.899000000000000199e+01 8.900000000000000133e-01 -4.265699999999999932e+02 3.974000000000000199e+01 -1.960099999999999909e+02 1.892999999999999972e+01 5.096000000000000085e+01
-3.265999999999999659e+01 2.717999999999999972e+01 -2.746999999999999886e+01 1.440200000000000102e+02 1.255000000000000071e+01 1.404199999999999875e+02 -4.228000000000000114e+01 -5.507999999999999829e+01 -3.023000000000000043e+01 -1.137500000000000000e+02
5.378999999999999915e+01 -3.130999999999999872e+01 3.457000000000000028e+01 1.539000000000000057e+01 -1.867000000000000171e+01 5.957999999999999829e+01 -1.084599999999999937e+02 5.314000000000000057e+01 4.202000000000000313e+01 1.318899999999999864e+02
-6.163000000000000256e+01 4.715999999999999659e+01 -1.930000000000000071e+01 4.570000000000000284e+01 -2.580000000000000071e+00 -4.092200000000000273e+02 9.729000000000000625e+01 -3.264000000000000057e+01 -5.940000000000000391e+00 1.757999999999999829e+01
2.092000000000000171e+01 -1.454900000000000091e+02 -1.218400000000000034e+02 -1.717999999999999972e+01 1.147000000000000064e+01 3.211399999999999864e+02 8.459999999999999432e+01 9.768999999999999773e+01 -1.270000000000000018e+00 -5.789000000000000057e+01
1.862000000000000099e+01 1.274099999999999966e+02 6.745999999999999375e+01 3.023999999999999844e+01 2.601999999999999957e+01 2.636399999999999864e+02 1.251800000000000068e+02 1.165699999999999932e+02 1.079200000000000017e+02 4.699999999999999734e-01
1.753999999999999915e+01 -7.000000000000000000e+00 2.212000000000000099e+01 1.116599999999999966e+02 -2.162000000000000099e+01 -9.448999999999999488e+01 -9.432999999999999829e+01 -1.179300000000000068e+02 -1.099899999999999949e+02 -1.796999999999999886e+01
3.489999999999999858e+01 -3.832999999999999829e+01 -1.278100000000000023e+02 8.675000000000000000e+01 1.235999999999999943e+01 -2.345500000000000114e+02 -1.274399999999999977e+02 -9.785999999999999943e+01 1.982999999999999829e+01 4.110000000000000320e+00
-1.864000000000000057e+01 1.400000000000000000e+01 8.326000000000000512e+01 -9.307999999999999829e+01 1.293999999999999950e+01 5.596999999999999886e+01 -1.550000000000000044e+00 -6.593000000000000682e+01 1.052999999999999936e+01 8.684000000000000341e+01
-1.533100000000000023e+02 -3.996000000000000085e+01 -1.124099999999999966e+02 3.419999999999999929e+00 -3.839999999999999858e+00 -2.491299999999999955e+02 2.377599999999999909e+02 5.967999999999999972e+01 -3.963000000000000256e+01 -2.764999999999999858e+01
8.837999999999999545e+01 -1.376999999999999957e+01 8.778000000000000114e+01 4.907000000000000028e+01 -1.533999999999999986e+01 3.846600000000000250e+02 3.649999999999999911e+00 1.103400000000000034e+02 1.119500000000000028e+02 -9.300000000000000711e+00
1.321999999999999886e+02 5.036999999999999744e+01 8.506000000000000227e+01 7.510999999999999943e+01 1.937999999999999901e+01 1.079099999999999966e+02 -1.512700000000000102e+02 1.219699999999999989e+02 -6.882999999999999829e+01 -1.048400000000000034e+02
-8.098999999999999488e+01 -6.142999999999999972e+01 -1.029300000000000068e+02 7.381999999999999318e+01 -1.316000000000000014e+01 -1.728300000000000125e+02 -1.197500000000000000e+02 -1.665300000000000011e+02 3.653000000000000114e+01 -4.697999999999999687e+01
1.048000000000000043e+01 -3.900999999999999801e+01 -4.964999999999999858e+01 1.646000000000000085e+01 -5.519999999999999574e+00 1.488100000000000023e+02 3.742000000000000171e+01 1.953499999999999943e+02 -2.553000000000000114e+01 1.237000000000000028e+02
-8.387000000000000455e+01 5.897999999999999687e+01 2.967999999999999972e+01 6.870999999999999375e+01 7.879999999999999893e+00 -2.677599999999999909e+02 2.497599999999999909e+02 -8.831000000000000227e+01 3.771000000000000085e+01 -9.250000000000000000e+01
-9.509000000000000341e+01 -6.120000000000000284e+01 -5.549000000000000199e+01 -5.078000000000000114e+01 -6.290000000000000036e+00 3.047099999999999795e+02 -1.247699999999999960e+02 -1.001999999999999957e+01 7.660000000000000142e+00 4.607999999999999829e+01
2.357800000000000011e+02 2.030999999999999872e+01 7.968999999999999773e+01 6.120000000000000107e+00 4.669999999999999929e+00 -1.167699999999999960e+02 -4.842000000000000171e+01 -5.259999999999999787e+00 2.073000000000000043e+01 2.678999999999999915e+01
1.134699999999999989e+02 -7.534999999999999432e+01 -1.231000000000000050e+01 7.118999999999999773e+01 -7.809999999999999609e+00 4.664000000000000057e+01 1.787000000000000099e+01 6.665999999999999659e+01 9.810000000000000497e+00 -6.118999999999999773e+01
-1.791899999999999977e+02 8.784000000000000341e+01 -3.352000000000000313e+01 9.519999999999999574e+00 8.009999999999999787e+00 -1.233000000000000007e+01 -1.100999999999999943e+02 -1.660099999999999909e+02 -1.746999999999999886e+01 3.657000000000000028e+01
-5.106000000000000227e+01 -9.901999999999999602e+01 -5.213000000000000256e+01 6.377000000000000313e+01 -2.259999999999999787e+00 -2.402100000000000080e+02 1.342899999999999920e+02 -6.025999999999999801e+01 -6.879000000000000625e+01 -2.376999999999999957e+01
-4.175999999999999801e+01 8.587999999999999545e+01 4.113000000000000256e+01 2.870000000000000107e+00 1.218999999999999950e+01 1.888000000000000114e+02 2.279399999999999977e+02 1.907899999999999920e+02 4.120000000000000284e+01 -2.485000000000000142e+01
8.825000000000000000e+01 -1.214800000000000040e+02 6.032000000000000028e+01 7.412000000000000455e+01 -5.029999999999999716e+01 3.413100000000000023e+02 -1.356899999999999977e+02 -2.203999999999999915e+01 6.082999999999999829e+01 -6.809999999999999609e+00
2.097700000000000102e+02 1.360300000000000011e+02 -1.053999999999999915e+01 1.460999999999999943e+01 5.027000000000000313e+01 -5.010699999999999932e+02 -1.722800000000000011e+02 5.482000000000000028e+01 -1.070000000000000062e+00 1.055300000000000011e+02
-8.940999999999999659e+01 -9.581999999999999318e+01 -2.960999999999999943e+01 1.054399999999999977e+02 -2.662000000000000099e+01 7.593999999999999773e+01 1.845699999999999932e+02 -7.104999999999999716e+01 -2.235000000000000142e+01 -4.993999999999999773e+01
-6.787999999999999545e+01 4.895000000000000284e+01 -3.615999999999999659e+01 7.903000000000000114e+01 2.575000000000000000e+01 3.643000000000000114e+02 2.200000000000000178e+00 -8.515999999999999659e+01 2.157000000000000028e+01 -5.838000000000000256e+01
-1.286100000000000136e+02 -5.767000000000000171e+01 4.071000000000000085e+01 -1.537599999999999909e+02 -2.355999999999999872e+01 -3.548999999999999773e+02 -4.007000000000000028e+01 7.030000000000000249e+00 8.499999999999999778e-01 -9.212999999999999545e+01
1.047900000000000063e+02 -1.255000000000000071e+01 -6.054999999999999716e+01 8.554000000000000625e+01 -8.589999999999999858e+00 2.061200000000000045e+02 -9.273000000000000398e+01 1.052300000000000040e+02 -6.342000000000000171e+01 1.348499999999999943e+02
-2.417000000000000171e+01 -3.510000000000000142e+01 6.480000000000000426e+00 6.596999999999999886e+01 -2.290000000000000036e+00 -5.610000000000000320e+00 9.812999999999999545e+01 7.287000000000000455e+01 1.794300000000000068e+02 -7.426999999999999602e+01
1.369900000000000091e+02 -3.082000000000000028e+01 1.826699999999999875e+02 8.931000000000000227e+01 3.607999999999999829e+01 -9.990000000000000568e+01 9.015000000000000568e+01 3.067000000000000171e+01 -6.007000000000000028e+01 2.206399999999999864e+02
-5.940999999999999659e+01 9.781000000000000227e+01 -1.626899999999999977e+02 -1.093199999999999932e+02 -1.650000000000000000e+01 2.309799999999999898e+02 -1.060900000000000034e+02 -2.650799999999999841e+02 -4.654999999999999716e+01 -1.202199999999999989e+02
2.533999999999999986e+01 6.421999999999999886e+01 9.573999999999999488e+01 1.873999999999999844e+01 1.108999999999999986e+01 -2.258700000000000045e+02 -4.400999999999999801e+01 3.414000000000000057e+01 5.696999999999999886e+01 -2.060600000000000023e+02
1.658999999999999986e+01 -1.453400000000000034e+02 1.820000000000000062e+00 1.291599999999999966e+02 -4.669999999999999929e+00 4.229999999999999716e+01 1.193900000000000006e+02 7.990000000000000568e+01 2.751999999999999957e+01 2.644000000000000128e+01
-2.467999999999999972e+01 3.307999999999999829e+01 -1.200699999999999932e+02 1.816299999999999955e+02 4.509999999999999787e+00 1.087199999999999989e+02 1.045999999999999943e+02 -5.482000000000000028e+01 7.929999999999999716e+00 1.100699999999999932e+02
7.079999999999999716e+01 -1.400000000000000133e-01 4.113000000000000256e+01 -1.162800000000000011e+02 1.753000000000000114e+01 -6.948999999999999488e+01 -8.765000000000000568e+01 3.604999999999999716e+01 -9.754000000000000625e+01 3.431000000000000227e+01
-3.265999999999999659e+01 -4.700000000000000000e+01 9.445000000000000284e+01 -7.001000000000000512e+01 -3.150000000000000000e+01 1.690999999999999943e+02 -2.211599999999999966e+02 1.350500000000000114e+02 5.411999999999999744e+01 -1.142399999999999949e+02
-7.270999999999999375e+01 1.055100000000000051e+02 2.553999999999999915e+01 7.110999999999999943e+01 1.108000000000000007e+01 -1.115600000000000023e+02 -1.524000000000000021e+01 -8.112999999999999545e+01 1.776999999999999957e+01 5.432000000000000028e+01
2.442000000000000171e+01 -2.653000000000000114e+01 8.037999999999999545e+01 8.264000000000000057e+01 3.419999999999999929e+00 6.543000000000000682e+01 4.001700000000000159e+02 -5.492999999999999972e+01 -4.570000000000000284e+00 -4.290999999999999659e+01
2.028999999999999915e+01 -4.663000000000000256e+01 -1.649499999999999886e+02 7.342000000000000171e+01 -4.459999999999999964e+00 -4.418500000000000227e+02 -1.742899999999999920e+02 2.339999999999999858e+00 -8.640000000000000568e+01 9.639000000000000057e+01
-1.592700000000000102e+02 3.249000000000000199e+01 -7.099999999999999645e-01 4.135000000000000142e+01 2.020000000000000018e+00 2.454300000000000068e+02 3.421000000000000085e+01 7.318999999999999773e+01 1.969999999999999973e+00 3.499999999999999778e-01
1.357199999999999989e+02 -5.396999999999999886e+01 1.359300000000000068e+02 -5.147999999999999687e+01 -3.529999999999999805e+00 2.388600000000000136e+02 -3.935500000000000114e+02 1.088299999999999983e+02 1.105400000000000063e+02 -1.517400000000000091e+02
-5.535000000000000142e+01 4.859000000000000341e+01 -1.194599999999999937e+02 1.496000000000000085e+01 -5.240000000000000213e+00 -1.334699999999999989e+02 2.213600000000000136e+02 -1.816000000000000014e+01 -7.720000000000000284e+01 1.109999999999999964e+01
-1.167999999999999972e+01 -2.450000000000000178e+00 1.732999999999999829e+01 -2.899999999999999800e-01 5.610000000000000320e+00 1.027500000000000000e+02 2.230000000000000000e+02 -1.414000000000000057e+02 6.528000000000000114e+01 1.029399999999999977e+02
2.150000000000000000e+01 -1.451999999999999957e+01 5.095000000000000284e+01 9.168999999999999773e+01 7.910000000000000142e+00 -1.422899999999999920e+02 2.241000000000000014e+01 9.851000000000000512e+01 -2.185000000000000142e+01 1.008999999999999986e+01
4.615999999999999659e+01 -4.559000000000000341e+01 1.030100000000000051e+02 -9.279999999999999361e+00 -3.699999999999999956e-01 -9.701999999999999602e+01 -2.357800000000000011e+02 4.000999999999999801e+01 1.225999999999999979e+01 3.073000000000000043e+01
8.000000000000000167e-02 4.982000000000000028e+01 -1.055499999999999972e+02 1.964999999999999858e+01 -6.049999999999999822e+00 2.289300000000000068e+02 -8.215000000000000568e+01 -1.233599999999999994e+02 1.803000000000000114e+01 -8.220999999999999375e+01
-3.460999999999999943e+01 1.085999999999999943e+01 -4.443999999999999773e+01 3.069000000000000128e+01 -1.558000000000000007e+01 -6.539000000000000057e+01 4.210999999999999943e+01 2.877599999999999909e+02 1.732999999999999829e+01 -1.485999999999999943e+01
-1.139000000000000057e+01 -3.464999999999999858e+01 1.925000000000000000e+01 6.331000000000000227e+01 1.737999999999999901e+01 -2.116000000000000014e+01 1.492100000000000080e+02 -1.084500000000000028e+02 -3.100000000000000089e+00 -6.378999999999999915e+01
7.800000000000000000e+01 -4.514999999999999858e+01 1.310000000000000000e+02 -4.300999999999999801e+01 -3.689999999999999947e+00 1.447400000000000091e+02 1.049200000000000017e+02 -1.360500000000000114e+02 4.757000000000000028e+01 3.126000000000000156e+01
1.086599999999999966e+02 1.041000000000000014e+01 6.484000000000000341e+01 3.713000000000000256e+01 -3.700000000000000178e+00 -1.685999999999999943e+02 -2.420699999999999932e+02 1.344199999999999875e+02 -4.675999999999999801e+01 3.286999999999999744e+01
-1.953400000000000034e+02 9.499999999999999556e-01 -8.498999999999999488e+01 9.092000000000000171e+01 4.669999999999999929e+00 1.564499999999999886e+02 -2.410000000000000142e+00 -7.034999999999999432e+01 2.987999999999999901e+01 -5.446999999999999886e+01
5.338000000000000256e+01 -1.525999999999999979e+01 -7.269999999999999574e+00 9.303000000000000114e+01 -1.683999999999999986e+01 -4.325000000000000000e+01 -1.077999999999999936e+01 8.317000000000000171e+01 -1.124000000000000021e+01 1.503499999999999943e+02
2.346000000000000085e+01 -2.771000000000000085e+01 -1.089000000000000057e+01 -9.715999999999999659e+01 1.821999999999999886e+01 -5.849000000000000199e+01 1.021400000000000006e+02 9.334000000000000341e+01 8.140000000000000568e+00 -7.106999999999999318e+01
-5.493999999999999773e+01 -3.652000000000000313e+01 4.370000000000000107e+00 -6.678000000000000114e+01 -2.380000000000000071e+01 -6.290000000000000036e+00 -7.206000000000000227e+01 -2.147299999999999898e+02 -6.759999999999999787e+00 -1.172699999999999960e+02
5.193999999999999773e+01 4.222999999999999687e+01 4.940000000000000391e+00 2.466000000000000014e+01 2.470000000000000195e+00 6.275999999999999801e+01 3.846000000000000085e+01 -8.542000000000000171e+01 -1.232000000000000028e+01 -2.901999999999999957e+01
-1.318300000000000125e+02 -8.004000000000000625e+01 4.889999999999999858e+01 1.810300000000000011e+02 2.485999999999999943e+01 -1.169399999999999977e+02 -2.894999999999999929e+01 2.307400000000000091e+02 2.770000000000000018e+00 7.104999999999999716e+01
-6.614000000000000057e+01 7.700000000000000178e-01 -2.385999999999999943e+01 -6.030000000000000249e+00 -1.200999999999999979e+01 2.452700000000000102e+02 8.839999999999999858e+00 -5.853999999999999915e+01 1.650000000000000000e+01 -1.962999999999999901e+01
1.980800000000000125e+02 1.031500000000000057e+02 2.403000000000000114e+01 -2.632999999999999829e+01 5.700000000000000178e+00 -3.656700000000000159e+02 2.825000000000000000e+01 1.417100000000000080e+02 2.633999999999999986e+01 -9.103000000000000114e+01
5.580000000000000071e+00 -1.380000000000000071e+01 5.902000000000000313e+01 -2.317000000000000171e+01 -8.100000000000000533e-01 2.721700000000000159e+02 3.670000000000000284e+01 -2.893299999999999841e+02 -2.058999999999999986e+01 1.037099999999999937e+02
-1.964999999999999858e+01 -5.814000000000000057e+01 5.549999999999999822e+00 1.350000000000000000e+01 5.799999999999999600e-01 9.517000000000000171e+01 -9.904999999999999716e+01 -9.359000000000000341e+01 -7.265000000000000568e+01 7.140999999999999659e+01
-4.661999999999999744e+01 4.831000000000000227e+01 3.144999999999999929e+01 1.134500000000000028e+02 9.300000000000000711e+00 -5.235800000000000409e+02 3.005000000000000071e+01 1.786999999999999886e+02 9.203000000000000114e+01 1.899999999999999911e+00
1.463000000000000078e+01 2.364999999999999858e+01 7.690000000000000391e+00 8.234999999999999432e+01 -1.669999999999999929e+01 2.793799999999999955e+02 1.144300000000000068e+02 2.817400000000000091e+02 -6.723999999999999488e+01 -1.306000000000000050e+01
3.166000000000000014e+01 9.349999999999999645e+00 1.998000000000000043e+01 -4.392999999999999972e+01 4.167999999999999972e+01 4.535999999999999943e+01 1.851000000000000156e+01 -2.153000000000000114e+02 3.139999999999999858e+01 -1.493899999999999864e+02
7.559999999999999432e+01 -6.873000000000000398e+01 4.418999999999999773e+01 -4.965999999999999659e+01 -1.707999999999999829e+01 -1.371500000000000057e+02 -2.155000000000000071e+01 -5.663000000000000256e+01 5.732000000000000028e+01 1.273700000000000045e+02
3.674000000000000199e+01 -1.283000000000000007e+01 -6.138000000000000256e+01 5.982000000000000028e+01 3.450000000000000178e+00 5.552599999999999909e+02 -2.210999999999999943e+02 -5.492000000000000171e+01 -3.609000000000000341e+01 -2.189999999999999947e+00
-1.158100000000000023e+02 4.971000000000000085e+01 -2.157999999999999829e+01 1.340900000000000034e+02 1.064000000000000057e+01 -5.352599999999999909e+02 1.848300000000000125e+02 -2.048999999999999844e+01 4.796000000000000085e+01 -1.635900000000000034e+02
-6.093999999999999773e+01 -1.051400000000000006e+02 3.078999999999999915e+01 -1.038000000000000078e+01 -3.347999999999999687e+01 -9.762000000000000455e+01 9.820999999999999375e+01 3.061100000000000136e+02 1.782999999999999829e+01 -6.735999999999999943e+01
1.726999999999999957e+01 1.416999999999999993e+01 -8.509999999999999787e+00 -2.753000000000000114e+01 3.928000000000000114e+01 5.027799999999999727e+02 3.675000000000000000e+01 -1.265000000000000036e+01 -1.575999999999999979e+01 2.285600000000000023e+02
9.498000000000000398e+01 1.299000000000000021e+01 1.771999999999999886e+01 9.419999999999999929e+00 -2.271000000000000085e+01 -2.950500000000000114e+02 -6.717000000000000171e+01 -3.440500000000000114e+02 -5.535999999999999943e+01 -4.750000000000000000e+01
5.710999999999999943e+01 5.771999999999999886e+01 6.071000000000000085e+01 8.220000000000000639e+00 1.210999999999999943e+01 -5.097999999999999687e+01 -8.501000000000000512e+01 9.381000000000000227e+01 6.110000000000000320e+00 4.175000000000000000e+01
3.109999999999999876e+00 3.060000000000000053e+00 -5.902000000000000313e+01 1.310900000000000034e+02 2.164999999999999858e+01 2.434199999999999875e+02 4.409000000000000341e+01 2.125800000000000125e+02 -5.165999999999999659e+01 -1.962599999999999909e+02
-8.104999999999999716e+01 -6.181000000000000227e+01 -2.955000000000000071e+01 -5.419999999999999929e+00 -1.819999999999999929e+01 -3.333000000000000114e+02 -3.001999999999999957e+01 -2.003499999999999943e+02 2.189999999999999858e+01 7.707999999999999829e+01
-1.667899999999999920e+02 2.221000000000000085e+01 -3.071000000000000085e+01 -2.264999999999999858e+01 -9.799999999999999822e-01 8.864000000000000057e+01 -2.300000000000000100e-01 2.364900000000000091e+02 1.276999999999999957e+01 8.146999999999999886e+01
4.084000000000000341e+01 -1.425999999999999979e+01 3.162000000000000099e+01 4.997999999999999687e+01 1.683999999999999986e+01 5.952000000000000313e+01 6.909000000000000341e+01 -3.680500000000000114e+02 2.142000000000000171e+01 -1.363300000000000125e+02
2.249799999999999898e+02 9.465999999999999659e+01 1.404000000000000057e+02 -4.043999999999999773e+01 6.360000000000000320e+00 -1.124599999999999937e+02 1.247699999999999960e+02 -2.459999999999999964e+00 1.691000000000000014e+01 1.748000000000000043e+01
-6.170000000000000284e+01 -6.554999999999999716e+01 -6.469999999999999751e+00 1.528499999999999943e+02 -1.623999999999999844e+01 1.328000000000000114e+02 -1.230900000000000034e+02 5.253899999999999864e+02 -2.220000000000000195e+00 2.162999999999999901e+01
-1.261999999999999922e+01 -3.996999999999999886e+01 -1.019200000000000017e+02 5.468999999999999773e+01 2.405999999999999872e+01 2.185300000000000011e+02 -1.366999999999999993e+01 -3.097400000000000091e+02 1.008999999999999986e+01 9.373999999999999488e+01
-3.368999999999999773e+01 6.121000000000000085e+01 1.601999999999999957e+01 -1.012800000000000011e+02 -2.223999999999999844e+01 -1.602500000000000000e+02 -7.690000000000000568e+01 6.003000000000000114e+01 -7.379000000000000625e+01 -2.183999999999999986e+01
-3.832000000000000028e+01 1.621000000000000085e+01 -4.340999999999999659e+01 -4.895000000000000284e+01 2.728999999999999915e+01 -5.810999999999999943e+01 1.185600000000000023e+02 -1.505900000000000034e+02 2.660000000000000142e+00 8.954000000000000625e+01
7.918000000000000682e+01 -1.234999999999999964e+01 -9.198000000000000398e+01 6.934999999999999432e+01 -2.912000000000000099e+01 -1.340399999999999920e+02 6.787999999999999545e+01 -1.793799999999999955e+02 2.491000000000000014e+01 -1.411599999999999966e+02
3.026000000000000156e+01 -3.200000000000000000e+01 1.585099999999999909e+02 1.145499999999999972e+02 1.359999999999999964e+01 -2.669000000000000128e+01 -6.467000000000000171e+01 3.501000000000000227e+02 4.385999999999999943e+01 -1.478300000000000125e+02
3.799999999999999822e+00 -2.129999999999999893e+00 1.289000000000000057e+01 5.850999999999999801e+01 -4.759999999999999787e+00 1.453300000000000125e+02 -4.949000000000000199e+01 1.740999999999999943e+02 2.246000000000000085e+01 4.870000000000000284e+01
5.492000000000000171e+01 1.776999999999999957e+01 4.750000000000000000e+00 -3.996000000000000085e+01 -1.457000000000000028e+01 4.763700000000000045e+02 -6.056000000000000227e+01 -2.319000000000000057e+02 -6.959999999999999432e+01 5.845000000000000284e+01
-9.448000000000000398e+01 -5.349000000000000199e+01 -1.499199999999999875e+02 2.751999999999999957e+01 9.150000000000000355e+00 -3.618500000000000227e+02 2.429600000000000080e+02 -2.605999999999999872e+01 5.839999999999999858e+00 1.118799999999999955e+02
-9.018999999999999773e+01 4.752000000000000313e+01 5.979999999999999716e+01 5.400999999999999801e+01 -7.980000000000000426e+00 -3.901399999999999864e+02 -9.229000000000000625e+01 -9.171999999999999886e+01 4.065999999999999659e+01 9.209999999999999432e+01
1.075900000000000034e+02 1.330000000000000071e+00 1.383999999999999986e+01 9.892000000000000171e+01 4.599999999999999645e+00 5.036800000000000068e+02 -1.999300000000000068e+02 -5.870000000000000107e+00 4.607000000000000028e+01 -1.140100000000000051e+02
6.526999999999999602e+01 -1.386999999999999922e+01 2.332000000000000028e+01 -5.275000000000000000e+01 6.879999999999999893e+00 -2.185000000000000142e+01 -1.559999999999999964e+01 1.624499999999999886e+02 7.099999999999999645e+00 -1.998300000000000125e+02
-8.478000000000000114e+01 -3.149999999999999911e+00 -1.161999999999999922e+01 -6.509999999999999432e+01 -6.669999999999999929e+00 -3.180299999999999727e+02 5.489000000000000057e+01 1.704600000000000080e+02 -9.129000000000000625e+01 6.129999999999999716e+01
-2.379999999999999893e+00 -2.703000000000000114e+01 -4.277000000000000313e+01 1.097800000000000011e+02 4.879999999999999893e+00 5.732500000000000000e+02 1.967800000000000011e+02 -1.799199999999999875e+02 3.890999999999999659e+01 7.537000000000000455e+01
-9.470000000000000639e+00 1.667000000000000171e+01 -6.346999999999999886e+01 -6.839999999999999858e+00 -1.101999999999999957e+01 -4.113600000000000136e+02 7.509999999999999432e+01 -5.499000000000000199e+01 4.557000000000000028e+01 1.132099999999999937e+02
1.848999999999999844e+01 -4.414000000000000057e+01 1.144999999999999929e+01 2.600000000000000089e-01 -2.009999999999999787e+00 -3.423899999999999864e+02 -1.377800000000000011e+02 -1.261999999999999922e+01 5.940000000000000391e+00 4.547999999999999687e+01
2.589000000000000057e+01 1.935999999999999943e+01 3.967999999999999972e+01 4.321000000000000085e+01 2.370000000000000107e+00 6.152699999999999818e+02 -1.142800000000000011e+02 7.767000000000000171e+01 -4.477000000000000313e+01 -1.704300000000000068e+02
5.360000000000000320e+00 -9.740000000000000213e+00 2.723000000000000043e+01 -4.753000000000000114e+01 2.180000000000000160e+00 -8.307999999999999829e+01 1.785999999999999943e+01 6.959999999999999432e+01 8.387000000000000455e+01 -7.381000000000000227e+01
-1.178999999999999915e+01 -1.607000000000000028e+01 -6.375999999999999801e+01 7.876000000000000512e+01 5.190000000000000391e+00 -2.567799999999999727e+02 8.257999999999999829e+01 -8.704999999999999716e+01 -5.828999999999999915e+01 2.605999999999999872e+01
-2.873000000000000043e+01 4.592999999999999972e+01 -2.535000000000000142e+01 6.332999999999999829e+01 -1.080000000000000071e+00 2.079900000000000091e+02 7.501999999999999602e+01 2.853000000000000114e+01 4.846000000000000085e+01 6.523999999999999488e+01
5.299000000000000199e+01 -6.006000000000000227e+01 -3.720000000000000195e+00 8.240000000000000213e+00 -1.338000000000000078e+01 -2.369600000000000080e+02 -1.164000000000000057e+02 1.292999999999999972e+01 7.620000000000000107e+00 7.129999999999999893e+00
3.425000000000000000e+01 1.532000000000000028e+01 -2.080000000000000071e+01 1.976999999999999957e+01 -4.740000000000000213e+00 2.740000000000000213e+00 1.000000000000000056e-01 5.327000000000000313e+01 1.352999999999999936e+01 1.127999999999999936e+01
-5.614000000000000057e+01 -2.198000000000000043e+01 2.869999999999999929e+01 -2.410000000000000142e+01 7.500000000000000000e-01 4.623000000000000114e+02 1.090000000000000036e+01 -7.476000000000000512e+01 2.689999999999999947e+00 -9.031000000000000227e+01
-4.079999999999999716e+01 -2.299999999999999822e+00 -7.500000000000000000e-01 -2.733999999999999986e+01 -2.149999999999999911e+00 -5.430399999999999636e+02 -8.506999999999999318e+01 1.296000000000000085e+01 -1.835999999999999943e+01 -2.251000000000000156e+01
-6.259999999999999787e+00 -2.244999999999999929e+01 -5.652000000000000313e+01 3.225000000000000000e+01 -3.300000000000000155e-01 2.211500000000000057e+02 2.396000000000000085e+01 9.620000000000000284e+01 1.167999999999999972e+01 -2.257999999999999829e+01
4.520000000000000284e+01 5.329999999999999716e+01 3.824000000000000199e+01 6.003000000000000114e+01 -5.620000000000000107e+00 1.907899999999999920e+02 2.552100000000000080e+02 -1.056200000000000045e+02 -1.917000000000000171e+01 1.087699999999999960e+02
1.153900000000000006e+02 -2.821000000000000085e+01 -1.126999999999999957e+01 7.578000000000000114e+01 1.035999999999999943e+01 -3.286499999999999773e+02 -3.203999999999999915e+01 -8.042000000000000171e+01 3.646000000000000085e+01 2.862000000000000099e+01
-3.489999999999999858e+01 -1.370000000000000107e+00 9.390000000000000568e+00 2.808999999999999986e+01 -1.540000000000000036e+00 5.395199999999999818e+02 -1.395300000000000011e+02 1.040999999999999943e+02 -1.178999999999999915e+01 -1.319799999999999898e+02
-9.985999999999999943e+01 -7.868000000000000682e+01 1.209999999999999964e+00 -5.246000000000000085e+01 -2.719000000000000128e+01 -1.405099999999999909e+02 -1.106899999999999977e+02 -6.743000000000000682e+01 1.400000000000000133e-01 4.638000000000000256e+01
9.919999999999999929e+00 2.869999999999999929e+01 -1.766000000000000014e+01 -4.469999999999999751e+00 1.288000000000000078e+01 -4.372900000000000205e+02 -3.759999999999999787e+00 2.016500000000000057e+02 -5.360000000000000142e+01 5.556000000000000227e+01
-2.382999999999999829e+01 3.771000000000000085e+01 -6.007000000000000028e+01 -4.339999999999999858e+00 4.572999999999999687e+01 3.261000000000000227e+02 1.635399999999999920e+02 -2.265900000000000034e+02 3.214000000000000057e+01 -1.691899999999999977e+02
5.200999999999999801e+01 -3.709000000000000341e+01 7.150000000000000355e+00 8.076999999999999602e+01 -3.314999999999999858e+01 -2.372400000000000091e+02 1.174300000000000068e+02 -2.603500000000000227e+02 -3.334000000000000341e+01 7.568000000000000682e+01
4.199000000000000199e+01 -4.839999999999999858e+00 3.367000000000000171e+01 2.178000000000000114e+01 3.689999999999999947e+00 -1.140000000000000036e+01 -1.424600000000000080e+02 2.524499999999999886e+02 4.121999999999999886e+01 7.806000000000000227e+01
-3.089000000000000057e+01 5.730000000000000426e+00 -8.000000000000000167e-02 4.889000000000000057e+01 -8.539999999999999147e+00 5.128400000000000318e+02 -9.375000000000000000e+01 2.206100000000000136e+02 4.928000000000000114e+01 -7.450000000000000000e+01
-4.993999999999999773e+01 2.220000000000000195e+00 4.179999999999999716e+01 -7.469999999999999751e+00 3.799999999999999822e+00 -1.808899999999999864e+02 1.801999999999999886e+02 -9.950000000000000000e+01 -2.757000000000000028e+01 9.490999999999999659e+01
-1.769999999999999929e+01 -2.932000000000000028e+01 -1.187999999999999972e+02 -3.581000000000000227e+01 1.992000000000000171e+01 -2.067400000000000091e+02 -8.703000000000000114e+01 -1.280800000000000125e+02 -2.335000000000000142e+01 -7.545000000000000284e+01
1.163199999999999932e+02 7.309000000000000341e+01 1.503999999999999915e+01 9.317000000000000171e+01 -8.750000000000000000e+00 3.678199999999999932e+02 -3.459000000000000341e+01 -6.426999999999999602e+01 4.769999999999999574e+00 -6.723999999999999488e+01
1.517999999999999972e+01 -6.720999999999999375e+01 2.917000000000000171e+01 1.181000000000000050e+01 -1.517999999999999972e+01 -3.989399999999999977e+02 1.879000000000000057e+02 -1.815999999999999943e+02 -1.010000000000000009e+00 9.590000000000000568e+01
-6.564000000000000057e+01 8.276000000000000512e+01 -6.615000000000000568e+01 1.298000000000000043e+01 1.467999999999999972e+01 4.561999999999999744e+01 2.601000000000000156e+01 1.949600000000000080e+02 2.698000000000000043e+01 1.639999999999999858e+01
-4.210999999999999943e+01 -1.937999999999999901e+01 9.409000000000000341e+01 5.049999999999999822e+00 -1.678999999999999915e+01 2.569300000000000068e+02 -1.794600000000000080e+02 2.335000000000000000e+02 -2.251999999999999957e+01 -7.278000000000000114e+01
2.198999999999999844e+01 -2.444999999999999929e+01 -5.759999999999999787e+00 3.392999999999999972e+01 9.779999999999999361e+00 -3.215299999999999727e+02 5.320000000000000284e+00 -2.165900000000000034e+02 7.120999999999999375e+01 -7.700000000000000178e+00
4.753999999999999915e+01 4.070000000000000284e+01 -2.208999999999999986e+01 1.291999999999999993e+01 -1.275999999999999979e+01 4.284700000000000273e+02 -2.133999999999999986e+01 2.340699999999999932e+02 -4.640999999999999659e+01 4.128999999999999915e+01
9.164000000000000057e+01 -7.337000000000000455e+01 4.307000000000000028e+01 6.903000000000000114e+01 1.249000000000000021e+01 -6.159000000000000341e+01 1.108299999999999983e+02 -1.577899999999999920e+02 6.092000000000000171e+01 -1.398000000000000043e+01
-1.116200000000000045e+02 -9.470000000000000639e+00 -1.034000000000000057e+02 1.678000000000000114e+01 8.019999999999999574e+00 -3.386600000000000250e+02 6.870000000000000284e+01 -3.500099999999999909e+02 -2.569999999999999929e+01 -2.259999999999999787e+00
-3.647999999999999687e+01 6.171000000000000085e+01 -3.459999999999999964e+00 -7.540000000000000036e+00 -3.574000000000000199e+01 1.604499999999999886e+02 -1.059200000000000017e+02 3.557699999999999818e+02 -5.150000000000000000e+01 -1.723000000000000043e+01
3.885999999999999943e+01 -9.801999999999999602e+01 2.617999999999999972e+01 -6.274000000000000199e+01 1.866000000000000014e+01 -4.803000000000000114e+01 3.227000000000000313e+01 1.528799999999999955e+02 3.286999999999999744e+01 5.431000000000000227e+01
9.193999999999999773e+01 4.565999999999999659e+01 -7.870000000000000107e+00 7.179999999999999716e+00 9.039999999999999147e+00 -3.379999999999999893e+00 -1.477999999999999936e+01 4.511999999999999744e+01 7.450000000000000000e+01 5.878999999999999915e+01
-2.725000000000000000e+01 9.781000000000000227e+01 5.457999999999999829e+01 1.083599999999999994e+02 7.099999999999999645e-01 1.988000000000000114e+02 -1.062900000000000063e+02 -1.045300000000000011e+02 -1.275999999999999979e+01 -1.404099999999999966e+02
-3.346999999999999886e+01 -6.943999999999999773e+01 3.675999999999999801e+01 -1.566999999999999993e+01 -1.191000000000000014e+01 -1.778600000000000136e+02 1.419699999999999989e+02 -2.735699999999999932e+02 2.805999999999999872e+01 -1.173400000000000034e+02
-7.073999999999999488e+01 -5.211999999999999744e+01 -2.375900000000000034e+02 4.539999999999999858e+01 -1.962999999999999901e+01 3.350999999999999801e+01 1.268999999999999950e+01 -5.593999999999999773e+01 -8.384000000000000341e+01 4.846999999999999886e+01
-3.060000000000000053e+00 7.190000000000000391e+00 1.263499999999999943e+02 2.455000000000000071e+01 7.059999999999999609e+00 -8.140999999999999659e+01 9.164000000000000057e+01 3.581200000000000045e+02 5.471999999999999886e+01 1.495000000000000000e+02
1.729499999999999886e+02 8.740000000000000213e+00 9.880000000000000782e+00 -3.153000000000000114e+01 2.167999999999999972e+01 6.945000000000000284e+01 -1.192900000000000063e+02 2.292700000000000102e+02 4.536999999999999744e+01 1.241899999999999977e+02
-4.928999999999999915e+01 3.742000000000000171e+01 5.335999999999999943e+01 5.009000000000000341e+01 6.879999999999999893e+00 -9.851000000000000512e+01 -1.185699999999999932e+02 -4.466600000000000250e+02 -3.225999999999999801e+01 -2.092100000000000080e+02
-4.781000000000000227e+01 2.299999999999999822e+00 -2.921999999999999886e+01 -2.401999999999999957e+01 -1.357000000000000028e+01 1.057500000000000000e+02 1.299000000000000021e+01 -5.125999999999999801e+01 -1.357000000000000028e+01 -1.983700000000000045e+02
2.382000000000000028e+01 -1.071899999999999977e+02 -5.575000000000000000e+01 -9.223999999999999488e+01 -1.075000000000000000e+01 -1.069999999999999929e+01 1.294699999999999989e+02 1.453300000000000125e+02 -3.939000000000000057e+01 8.768000000000000682e+01
-6.296000000000000085e+01 3.046999999999999886e+01 -5.353999999999999915e+01 1.696100000000000136e+02 2.689999999999999947e+00 -9.184999999999999432e+01 3.449000000000000199e+01 9.560999999999999943e+01 1.201400000000000006e+02 1.336200000000000045e+02
2.435000000000000142e+01 -1.769999999999999929e+01 8.975000000000000000e+01 3.296999999999999886e+01 7.459999999999999964e+00 1.237000000000000028e+02 -1.243999999999999950e+01 1.680999999999999872e+01 -2.067999999999999972e+01 -8.390000000000000568e+00
1.022800000000000011e+02 3.810999999999999943e+01 1.832999999999999829e+01 2.660999999999999943e+01 1.937999999999999901e+01 -8.001000000000000512e+01 -5.921000000000000085e+01 5.621999999999999886e+01 -9.584000000000000341e+01 5.230000000000000426e+00
-8.779999999999999361e+00 -1.996999999999999886e+01 -7.381000000000000227e+01 5.464999999999999858e+01 -1.821000000000000085e+01 -9.699999999999999734e-01 -9.314000000000000057e+01 -3.329100000000000250e+02 4.057999999999999829e+01 -1.066700000000000017e+02
-4.845000000000000284e+01 5.507999999999999829e+01 -1.066999999999999993e+01 -1.485300000000000011e+02 8.000000000000000000e+00 1.193999999999999950e+01 1.238499999999999943e+02 1.099300000000000068e+02 2.271999999999999886e+01 -8.893000000000000682e+01
-9.829999999999999716e+01 -8.848000000000000398e+01 1.111599999999999966e+02 6.707999999999999829e+01 1.448000000000000043e+01 -8.645000000000000284e+01 1.579199999999999875e+02 2.952200000000000273e+02 4.025000000000000000e+01 1.122900000000000063e+02
7.404000000000000625e+01 3.080000000000000071e+00 -3.292999999999999972e+01 1.720500000000000114e+02 -1.903000000000000114e+01 2.016100000000000136e+02 -4.557000000000000028e+01 -2.763799999999999955e+02 1.616000000000000014e+01 1.052000000000000028e+02
1.652100000000000080e+02 2.507000000000000028e+01 3.091000000000000014e+01 -5.509999999999999787e+00 1.199999999999999956e+00 -8.275000000000000000e+01 -2.016800000000000068e+02 1.425699999999999932e+02 -1.203599999999999994e+02 -6.310000000000000142e+01
-6.361999999999999744e+01 -3.270000000000000284e+01 -1.432700000000000102e+02 -8.785999999999999943e+01 6.730000000000000426e+00 -2.605199999999999818e+02 5.592999999999999972e+01 -1.207600000000000051e+02 5.095000000000000284e+01 -1.278499999999999943e+02
-1.496100000000000136e+02 6.709999999999999432e+01 -4.259000000000000341e+01 -6.406000000000000227e+01 -1.357000000000000028e+01 2.688100000000000023e+02 4.980000000000000426e+00 -1.025699999999999932e+02 -3.470000000000000284e+01 1.076500000000000057e+02
1.165799999999999983e+02 -6.446999999999999886e+01 1.295500000000000114e+02 1.830099999999999909e+02 3.220000000000000195e+00 -2.291000000000000014e+01 1.081299999999999955e+02 2.889599999999999795e+02 1.293600000000000136e+02 3.076999999999999957e+01
2.058999999999999986e+01 -3.710999999999999943e+01 5.388000000000000256e+01 6.503000000000000114e+01 4.030000000000000249e+00 -9.039000000000000057e+01 3.682000000000000028e+01 -1.900000000000000022e-01 -7.910000000000000142e+00 -8.831000000000000227e+01
1.748999999999999844e+01 1.161999999999999922e+01 1.147000000000000064e+01 -1.637999999999999901e+01 6.269999999999999574e+00 1.278700000000000045e+02 -1.565699999999999932e+02 -1.773700000000000045e+02 -5.035000000000000142e+01 5.088000000000000256e+01
-2.803999999999999915e+01 -1.525000000000000000e+01 -1.216099999999999994e+02 2.060000000000000053e+00 7.059999999999999609e+00 -3.710099999999999909e+02 4.820000000000000284e+00 1.222000000000000028e+02 -5.296999999999999886e+01 -1.750900000000000034e+02
-9.943000000000000682e+01 -3.580000000000000071e+00 -4.370000000000000107e+00 -2.964999999999999858e+01 -2.480000000000000071e+01 4.394300000000000068e+02 -4.664999999999999858e+01 -3.936999999999999744e+01 5.867000000000000171e+01 1.264699999999999989e+02
1.188400000000000034e+02 -1.748000000000000043e+01 3.321000000000000085e+01 8.448999999999999488e+01 1.393999999999999950e+01 9.107999999999999829e+01 7.790999999999999659e+01 -1.903999999999999915e+01 2.728000000000000114e+01 6.901000000000000512e+01
6.335000000000000142e+01 -8.276000000000000512e+01 5.167000000000000171e+01 5.238000000000000256e+01 -3.250000000000000000e+00 -9.837000000000000455e+01 -3.003000000000000114e+01 2.153999999999999915e+01 1.966000000000000014e+01 -3.518999999999999773e+01
-2.089000000000000057e+02 3.870000000000000284e+01 -5.764000000000000057e+01 -2.273999999999999844e+01 -2.273999999999999844e+01 -2.460399999999999920e+02 -2.201999999999999957e+01 -7.462999999999999545e+01 1.090000000000000036e+01 -8.450000000000000000e+01
2.109999999999999876e+00 1.018999999999999950e+01 4.261999999999999744e+01 9.334000000000000341e+01 1.053999999999999915e+01 -1.307599999999999909e+02 7.404000000000000625e+01 1.444900000000000091e+02 -2.717999999999999972e+01 -2.283999999999999986e+01
1.036099999999999994e+02 -4.750999999999999801e+01 1.064000000000000057e+01 -1.679999999999999938e+00 1.374000000000000021e+01 2.643799999999999955e+02 -1.179200000000000017e+02 8.875000000000000000e+01 7.067000000000000171e+01 4.052000000000000313e+01
8.398999999999999488e+01 1.064399999999999977e+02 6.631999999999999318e+01 -3.285000000000000142e+01 -9.939999999999999503e+00 -3.073000000000000043e+01 6.290999999999999659e+01 -7.256000000000000227e+01 -1.314000000000000057e+01 1.394000000000000057e+02
3.421000000000000085e+01 -1.346599999999999966e+02 1.967000000000000171e+01 4.172999999999999687e+01 1.115000000000000036e+01 4.039100000000000250e+02 -1.563600000000000136e+02 -4.960000000000000142e+01 -4.077000000000000313e+01 -1.047900000000000063e+02
-2.069300000000000068e+02 1.253900000000000006e+02 -1.151299999999999955e+02 -5.410000000000000142e+01 1.842999999999999972e+01 -4.789599999999999795e+02 1.781899999999999977e+02 -2.626499999999999773e+02 1.169899999999999949e+02 -9.226999999999999602e+01
-7.437999999999999545e+01 2.801000000000000156e+01 1.683999999999999986e+01 4.295000000000000284e+01 -4.478000000000000114e+01 -2.757400000000000091e+02 1.488499999999999943e+02 1.883300000000000125e+02 -1.202099999999999937e+02 9.748999999999999488e+01
1.565600000000000023e+02 -4.342000000000000171e+01 7.721999999999999886e+01 1.520300000000000011e+02 -5.169999999999999929e+00 6.268999999999999773e+02 -1.147099999999999937e+02 1.390699999999999932e+02 2.553000000000000114e+01 -5.261999999999999744e+01
1.792999999999999972e+01 6.379999999999999893e+00 -5.325000000000000000e+01 -1.032000000000000028e+02 2.596000000000000085e+01 -1.219999999999999929e+01 -4.796999999999999886e+01 -4.185000000000000142e+01 3.657000000000000028e+01 -3.927000000000000313e+01
-1.485999999999999943e+01 1.889999999999999858e+01 3.350999999999999801e+01 -8.431000000000000227e+01 4.500000000000000111e-01 -4.197099999999999795e+02 -1.300300000000000011e+02 2.533999999999999986e+01 -2.879999999999999893e+00 1.476599999999999966e+02
-4.497999999999999687e+01 2.632999999999999829e+01 -8.576999999999999602e+01 1.279300000000000068e+02 1.122000000000000064e+01 5.028500000000000227e+02 1.469699999999999989e+02 -7.443999999999999773e+01 2.776999999999999957e+01 1.274000000000000021e+01
-3.621000000000000085e+01 2.848000000000000043e+01 5.420000000000000284e+01 1.996999999999999886e+01 -1.239000000000000057e+01 -3.174700000000000273e+02 9.667000000000000171e+01 -2.680000000000000160e+00 -4.839999999999999858e+01 -9.265999999999999659e+01
1.040999999999999943e+02 1.280000000000000027e+00 -2.403000000000000114e+01 3.171999999999999886e+01 7.349999999999999645e+00 1.566999999999999993e+01 -1.269000000000000057e+02 -6.239000000000000057e+01 -8.232999999999999829e+01 -1.254800000000000040e+02
-6.739000000000000057e+01 -5.732000000000000028e+01 4.919999999999999929e+00 -4.303000000000000114e+01 -3.321999999999999886e+01 2.901299999999999955e+02 -1.850000000000000089e+00 1.834399999999999977e+02 1.018700000000000045e+02 3.130999999999999872e+01
6.489000000000000057e+01 2.155999999999999872e+01 5.485999999999999943e+01 1.102999999999999936e+01 4.740000000000000213e+00 -5.093100000000000023e+02 1.294300000000000068e+02 -1.612800000000000011e+02 1.544999999999999929e+01 1.946800000000000068e+02
-7.265000000000000568e+01 4.210000000000000142e+01 -1.073000000000000043e+01 8.346999999999999886e+01 1.700000000000000000e+01 5.264999999999999858e+01 -4.334000000000000341e+01 1.233700000000000045e+02 2.285999999999999943e+01 -6.171999999999999886e+01
-2.991000000000000014e+01 -2.901000000000000156e+01 -8.500000000000000000e+00 2.442999999999999972e+01 2.094000000000000128e+01 6.677300000000000182e+02 -8.215999999999999659e+01 -2.469000000000000128e+01 -1.393999999999999950e+01 6.779000000000000625e+01
9.559000000000000341e+01 -3.375000000000000000e+01 5.332999999999999829e+01 -7.751000000000000512e+01 -2.023999999999999844e+01 -4.498500000000000227e+02 1.162399999999999949e+02 -1.538400000000000034e+02 -1.032099999999999937e+02 -1.657899999999999920e+02
-7.199999999999999734e-01 1.424000000000000021e+01 -7.432999999999999829e+01 -1.614000000000000057e+01 -9.000000000000000222e-01 -2.717000000000000171e+01 -9.770999999999999375e+01 4.860999999999999943e+01 7.278000000000000114e+01 -1.255100000000000051e+02
-4.646999999999999886e+01 -8.359999999999999432e+00 -5.732000000000000028e+01 2.503000000000000114e+01 -2.053000000000000114e+01 1.637199999999999989e+02 1.047900000000000063e+02 -5.671000000000000085e+01 3.400999999999999801e+01 6.493000000000000682e+01
7.693000000000000682e+01 3.158999999999999986e+01 8.731000000000000227e+01 5.106000000000000227e+01 1.283999999999999986e+01 -3.282300000000000182e+02 7.692000000000000171e+01 5.636999999999999744e+01 3.767999999999999972e+01 5.614000000000000057e+01
1.916000000000000014e+01 -7.029000000000000625e+01 4.170000000000000284e+01 6.410999999999999943e+01 2.100000000000000089e+00 3.296999999999999886e+02 -6.968000000000000682e+01 2.197100000000000080e+02 1.889000000000000057e+01 1.387299999999999898e+02
-1.199899999999999949e+02 1.324000000000000021e+01 -6.089999999999999858e+00 -8.354000000000000625e+01 -1.330000000000000071e+00 7.125000000000000000e+01 -4.577000000000000313e+01 -8.121999999999999886e+01 2.094999999999999929e+01 -2.319999999999999840e+00
4.221999999999999886e+01 -3.139000000000000057e+01 -7.828000000000000114e+01 -4.715999999999999659e+01 -5.049999999999999822e+00 -4.623500000000000227e+02 7.776999999999999602e+01 -1.262199999999999989e+02 -1.094099999999999966e+02 -1.772899999999999920e+02
-8.525000000000000000e+01 2.055999999999999872e+01 -1.088199999999999932e+02 2.162000000000000099e+01 -1.989999999999999858e+01 3.358600000000000136e+02 -1.268999999999999950e+01 -1.451800000000000068e+02 -3.313000000000000256e+01 -2.540099999999999909e+02
7.579000000000000625e+01 3.040000000000000036e+00 7.653000000000000114e+01 4.364999999999999858e+01 9.849999999999999645e+00 4.904999999999999716e+01 -9.330000000000000071e+00 1.800699999999999932e+02 1.789000000000000057e+01 2.356200000000000045e+02
5.945000000000000284e+01 -1.282000000000000028e+01 7.670999999999999375e+01 5.800999999999999801e+01 1.018999999999999950e+01 -1.408000000000000114e+02 1.158999999999999986e+01 1.516599999999999966e+02 1.323000000000000114e+02 1.684300000000000068e+02
3.130999999999999872e+01 -4.127000000000000313e+01 9.062000000000000455e+01 9.470000000000000284e+01 -3.600000000000000089e+00 -9.915999999999999659e+01 -3.557000000000000028e+01 2.255999999999999872e+01 -5.495000000000000284e+01 -6.532999999999999829e+01
-2.053000000000000114e+01 2.019999999999999929e+01 -1.662000000000000099e+01 -1.055600000000000023e+02 2.700000000000000178e-01 8.884000000000000341e+01 5.281000000000000227e+01 -1.737000000000000099e+01 3.675000000000000000e+01 -1.209300000000000068e+02
-3.531000000000000227e+01 -5.392000000000000171e+01 -1.648199999999999932e+02 -4.699000000000000199e+01 -9.939999999999999503e+00 9.776999999999999602e+01 1.555699999999999932e+02 -4.555600000000000023e+02 -6.125999999999999801e+01 -1.445200000000000102e+02
-4.546000000000000085e+01 -5.514000000000000057e+01 -4.030000000000000249e+00 -9.240000000000000213e+00 -1.500999999999999979e+01 -7.473999999999999488e+01 -7.623000000000000398e+01 1.823000000000000114e+02 -7.679999999999999716e+00 8.734000000000000341e+01
4.979999999999999716e+01 7.056999999999999318e+01 6.668000000000000682e+01 1.382700000000000102e+02 -1.360000000000000098e+00 -4.847999999999999687e+01 7.251000000000000512e+01 1.478600000000000136e+02 7.195999999999999375e+01 2.478100000000000023e+02
1.304799999999999898e+02 -5.900000000000000000e+01 3.611999999999999744e+01 5.853000000000000114e+01 4.459999999999999964e+00 2.825000000000000000e+01 -1.760500000000000114e+02 -6.629999999999999716e+01 -2.678000000000000114e+01 -6.088000000000000256e+01
-1.127500000000000000e+02 -2.250000000000000000e+01 5.832000000000000028e+01 -7.429999999999999716e+00 2.080000000000000071e+00 -3.686999999999999744e+01 -9.279999999999999361e+00 4.742999999999999972e+01 -2.496000000000000085e+01 -2.243600000000000136e+02
-6.353999999999999915e+01 -3.860999999999999943e+01 -1.730800000000000125e+02 -1.100699999999999932e+02 -2.112999999999999901e+01 2.093600000000000136e+02 1.649600000000000080e+02 4.254999999999999716e+01 -3.067000000000000171e+01 1.127999999999999936e+01
6.875000000000000000e+01 3.928999999999999915e+01 -2.609999999999999876e+00 9.490000000000000213e+00 1.248000000000000043e+01 1.513499999999999943e+02 -2.039000000000000057e+01 -4.678999999999999915e+01 3.867999999999999972e+01 -2.921999999999999886e+01
8.179000000000000625e+01 -2.903000000000000114e+01 5.872999999999999687e+01 5.735999999999999943e+01 -1.969000000000000128e+01 -4.740400000000000205e+02 5.571999999999999886e+01 1.812800000000000011e+02 -2.142999999999999972e+01 1.959699999999999989e+02
-6.310000000000000142e+01 -4.140999999999999659e+01 5.297999999999999687e+01 9.518000000000000682e+01 1.325000000000000000e+01 2.226800000000000068e+02 -5.360000000000000142e+01 -1.266400000000000006e+02 -2.630999999999999872e+01 3.053999999999999915e+01
-2.001999999999999957e+01 4.338000000000000256e+01 -3.021999999999999886e+01 2.264999999999999858e+01 -1.188000000000000078e+01 1.951399999999999864e+02 -9.032999999999999829e+01 -1.555399999999999920e+02 2.657999999999999829e+01 -2.045999999999999943e+02
-5.257000000000000028e+01 1.025000000000000000e+01 -3.607999999999999829e+01 -8.353000000000000114e+01 -8.339999999999999858e+00 -1.946999999999999886e+02 -1.036800000000000068e+02 -7.126000000000000512e+01 6.331000000000000227e+01 -4.139000000000000057e+01
5.302000000000000313e+01 2.200000000000000000e+01 -1.835999999999999943e+01 3.546000000000000085e+01 4.330000000000000071e+00 -4.909000000000000341e+01 1.691899999999999977e+02 3.561499999999999773e+02 1.191000000000000014e+01 2.164999999999999858e+01
1.093100000000000023e+02 1.839000000000000057e+01 3.413000000000000256e+01 2.512000000000000099e+01 6.199999999999999956e-01 -6.010999999999999943e+01 7.400000000000000000e+01 -9.818000000000000682e+01 -1.848000000000000043e+01 1.917500000000000000e+02
-4.403999999999999915e+01 -8.981000000000000227e+01 8.190000000000000568e+01 -1.294999999999999929e+01 7.429999999999999716e+00 1.824600000000000080e+02 -1.472599999999999909e+02 -6.034000000000000341e+01 -1.107000000000000028e+01 6.820999999999999375e+01
-1.041800000000000068e+02 4.757999999999999829e+01 1.712999999999999901e+01 4.185999999999999943e+01 8.179999999999999716e+00 1.767599999999999909e+02 4.400000000000000000e+01 -6.714000000000000057e+01 2.032000000000000028e+01 -1.238199999999999932e+02
4.696000000000000085e+01 3.396999999999999886e+01 -1.591000000000000014e+01 2.279999999999999805e+00 -1.055000000000000071e+01 -1.518799999999999955e+02 -5.859000000000000341e+01 -1.363300000000000125e+02 2.535999999999999943e+01 -1.108499999999999943e+02
5.836999999999999744e+01 -1.721000000000000085e+01 -2.273000000000000043e+01 1.429999999999999938e+00 -4.519999999999999574e+00 -1.790600000000000023e+02 -5.009999999999999787e+00 1.563300000000000125e+02 -3.760000000000000142e+01 5.414000000000000057e+01
3.151000000000000156e+01 -2.962000000000000099e+01 -4.952000000000000313e+01 -3.874000000000000199e+01 -9.330000000000000071e+00 1.350500000000000114e+02 8.973000000000000398e+01 1.835999999999999943e+01 -2.819999999999999929e+01 1.207399999999999949e+02
-6.096999999999999886e+01 -1.309999999999999964e+01 -5.325000000000000000e+01 1.716000000000000014e+01 5.580000000000000071e+00 6.040000000000000036e+00 -7.700000000000000178e-01 -1.313000000000000114e+02 -1.732000000000000028e+01 -1.348899999999999864e+02
-6.136999999999999744e+01 1.660000000000000142e+01 1.047099999999999937e+02 6.182000000000000028e+01 -2.359999999999999876e+00 -1.737199999999999989e+02 -1.376800000000000068e+02 -7.725000000000000000e+01 3.210999999999999943e+01 9.640000000000000568e+00
-8.648999999999999488e+01 6.068999999999999773e+01 -1.561999999999999922e+01 -5.810000000000000142e+01 3.000000000000000000e+00 2.873299999999999841e+02 6.190999999999999659e+01 1.433100000000000023e+02 -1.468999999999999950e+01 -4.260000000000000142e+01
6.028000000000000114e+01 4.357000000000000028e+01 -4.674000000000000199e+01 6.043999999999999773e+01 1.108000000000000007e+01 -6.290999999999999659e+01 9.039999999999999147e+00 6.978000000000000114e+01 8.589000000000000057e+01 -5.549000000000000199e+01
2.328899999999999864e+02 -3.846999999999999886e+01 7.790000000000000568e+01 2.028000000000000114e+01 -4.820000000000000284e+00 -1.000699999999999932e+02 3.314999999999999858e+01 4.192000000000000171e+01 -1.584999999999999964e+01 1.309600000000000080e+02
-9.598999999999999488e+01 3.125000000000000000e+01 -2.371000000000000085e+01 -4.111999999999999744e+01 -1.346000000000000085e+01 3.435400000000000205e+02 2.494000000000000128e+01 -1.259999999999999964e+01 2.099999999999999922e-01 1.040000000000000000e+02
-9.123000000000000398e+01 -5.461999999999999744e+01 -9.457999999999999829e+01 7.542000000000000171e+01 2.873999999999999844e+01 -4.045799999999999841e+02 4.522999999999999687e+01 -1.194099999999999966e+02 -1.023499999999999943e+02 -7.390999999999999659e+01
-3.513000000000000256e+01 9.581999999999999318e+01 5.895000000000000284e+01 -2.439000000000000057e+01 -1.515000000000000036e+01 -1.655600000000000023e+02 -9.729999999999999716e+01 -1.057699999999999960e+02 9.978000000000000114e+01 -7.460999999999999943e+01
-4.979999999999999716e+01 -3.042999999999999972e+01 9.150000000000000355e+00 -7.080000000000000071e+00 8.929999999999999716e+00 4.297300000000000182e+02 -8.210999999999999943e+01 -5.839000000000000057e+01 1.810000000000000053e+00 -5.892000000000000171e+01
1.301200000000000045e+02 -7.559999999999999609e+00 8.179999999999999716e+00 1.358000000000000007e+01 -1.885999999999999943e+01 -8.331000000000000227e+01 9.145000000000000284e+01 2.396999999999999886e+01 -1.757000000000000028e+01 -5.190999999999999659e+01
1.371000000000000085e+01 -3.597999999999999687e+01 7.299999999999999822e-01 -1.880000000000000071e+01 4.250000000000000000e+00 7.450000000000000000e+01 2.060000000000000053e+00 2.851000000000000227e+02 3.582000000000000028e+01 9.246999999999999886e+01
-6.277000000000000313e+01 -1.860999999999999943e+01 2.366000000000000014e+01 7.401000000000000512e+01 -1.000000000000000021e-02 -6.854999999999999716e+01 1.022000000000000028e+02 2.184000000000000057e+02 -9.070000000000000284e+00 -1.959999999999999964e+00
5.428999999999999915e+01 3.846999999999999886e+01 1.091000000000000014e+01 1.065000000000000036e+01 8.490000000000000213e+00 -1.742800000000000011e+02 -3.824000000000000199e+01 -4.662900000000000205e+02 -1.255000000000000071e+01 3.563000000000000256e+01
-2.576999999999999957e+01 4.652000000000000313e+01 2.787999999999999901e+01 -4.914000000000000057e+01 1.576999999999999957e+01 5.421299999999999955e+02 -1.043100000000000023e+02 1.271099999999999994e+02 4.692999999999999972e+01 -5.382999999999999829e+01
-1.139000000000000057e+01 -9.681000000000000227e+01 -7.970999999999999375e+01 1.973000000000000043e+01 -4.000000000000000000e+00 -3.641800000000000068e+02 -5.642999999999999972e+01 1.271000000000000085e+01 -1.395699999999999932e+02 -3.985000000000000142e+01
-8.240000000000000213e+00 -1.048100000000000023e+02 -7.462999999999999545e+01 -4.192999999999999972e+01 -3.486999999999999744e+01 -3.670899999999999750e+02 4.434000000000000341e+01 -2.350699999999999932e+02 5.802000000000000313e+01 -6.246999999999999886e+01
-9.848000000000000398e+01 1.055400000000000063e+02 2.323000000000000043e+01 -5.434000000000000341e+01 7.269999999999999574e+00 4.213899999999999864e+02 4.550999999999999801e+01 1.324499999999999886e+02 6.542000000000000171e+01 8.310000000000000497e+00
8.421999999999999886e+01 2.519000000000000128e+01 7.370000000000000107e+00 8.704999999999999716e+01 -1.196000000000000085e+01 -1.638100000000000023e+02 2.305000000000000071e+01 1.594099999999999966e+02 -4.781000000000000227e+01 1.951999999999999957e+01
7.395999999999999375e+01 -5.072999999999999687e+01 1.290399999999999920e+02 1.585500000000000114e+02 9.580000000000000071e+00 3.830899999999999750e+02 -2.667999999999999972e+01 3.477000000000000313e+01 1.146700000000000017e+02 -3.521999999999999886e+01
6.990999999999999659e+01 3.385999999999999943e+01 1.878999999999999915e+01 -4.771000000000000085e+01 3.089999999999999858e+01 -4.678999999999999915e+01 1.002699999999999960e+02 7.542000000000000171e+01 -7.834999999999999432e+01 1.058700000000000045e+02
-8.260999999999999943e+01 -6.332999999999999829e+01 1.120000000000000107e+00 -3.091000000000000014e+01 5.950000000000000178e+00 -6.227699999999999818e+02 -9.804000000000000625e+01 -3.891899999999999977e+02 -7.675000000000000000e+01 1.048400000000000034e+02
-3.300000000000000155e-01 -2.162000000000000099e+01 -5.674000000000000199e+01 -7.154000000000000625e+01 -3.042999999999999972e+01 2.752099999999999795e+02 -9.419999999999999929e+00 -1.501299999999999955e+02 9.520999999999999375e+01 -1.327500000000000000e+02
-3.625999999999999801e+01 -3.438000000000000256e+01 -1.313000000000000078e+01 5.757999999999999829e+01 1.810000000000000142e+01 2.711000000000000227e+02 1.508000000000000007e+01 4.875299999999999727e+02 2.655000000000000071e+01 -1.235400000000000063e+02
9.859999999999999432e+01 2.139000000000000057e+01 -9.320000000000000284e+00 4.739000000000000057e+01 -3.621999999999999886e+01 -3.615999999999999659e+01 8.606999999999999318e+01 -4.250000000000000000e+01 1.642999999999999972e+01 7.348999999999999488e+01
4.770000000000000284e+01 4.100999999999999801e+01 8.926999999999999602e+01 1.400000000000000000e+01 2.985000000000000142e+01 -2.619000000000000128e+01 -1.076800000000000068e+02 -1.072500000000000000e+02 -1.011999999999999922e+01 8.790000000000000568e+01
-8.762000000000000455e+01 -7.468000000000000682e+01 1.402500000000000000e+02 -3.500000000000000000e+01 -1.792999999999999972e+01 -7.814000000000000057e+01 -2.614000000000000057e+01 -1.102399999999999949e+02 1.314000000000000057e+01 -1.228100000000000023e+02
1.935999999999999943e+01 9.240000000000000213e+00 -1.388400000000000034e+02 8.928000000000000114e+01 1.160999999999999943e+01 9.298000000000000398e+01 3.107000000000000028e+01 -1.231500000000000057e+02 -2.137999999999999901e+01 8.949999999999999289e+00
-6.701000000000000512e+01 -4.845000000000000284e+01 -3.615999999999999659e+01 -2.333999999999999986e+01 -9.619999999999999218e+00 9.070000000000000284e+01 1.466999999999999886e+02 2.868100000000000023e+02 5.489000000000000057e+01 3.740999999999999659e+01
5.900000000000000000e+01 8.295999999999999375e+01 2.664999999999999858e+01 -2.326000000000000156e+01 2.055999999999999872e+01 -3.603199999999999932e+02 -4.279999999999999716e+01 1.091299999999999955e+02 -8.226999999999999602e+01 2.285000000000000142e+01
4.654999999999999716e+01 -4.521000000000000085e+01 -9.309000000000000341e+01 -1.068999999999999950e+01 -3.153999999999999915e+01 1.614000000000000057e+02 -1.244500000000000028e+02 -3.033299999999999841e+02 4.145000000000000284e+01 -3.339999999999999858e+01
5.049999999999999822e+00 4.697999999999999687e+01 1.241700000000000017e+02 -7.535999999999999943e+01 2.844999999999999929e+01 3.712400000000000091e+02 3.667000000000000171e+01 -5.464999999999999858e+01 -2.991000000000000014e+01 -2.771000000000000085e+01
-2.901000000000000156e+01 -5.382000000000000028e+01 5.330000000000000071e+00 3.001999999999999957e+01 -2.246000000000000085e+01 -4.412300000000000182e+02 -6.779999999999999716e+01 1.937700000000000102e+02 4.271999999999999886e+01 -6.604999999999999716e+01
1.173199999999999932e+02 -4.754999999999999716e+01 -5.447999999999999687e+01 1.050199999999999960e+02 -2.870000000000000107e+00 1.760900000000000034e+02 2.429300000000000068e+02 1.215499999999999972e+02 5.296999999999999886e+01 7.360999999999999943e+01
-1.593799999999999955e+02 8.732999999999999829e+01 -4.271999999999999886e+01 -1.381000000000000050e+01 1.111999999999999922e+01 -1.365900000000000034e+02 -1.100000000000000006e-01 -1.769000000000000128e+01 -6.693000000000000682e+01 -8.273999999999999488e+01
-3.103999999999999915e+01 -7.379999999999999893e+00 1.914999999999999858e+01 5.530000000000000249e+00 -3.979999999999999982e+00 -1.271299999999999955e+02 -5.893999999999999773e+01 -2.036599999999999966e+02 5.238000000000000256e+01 1.924099999999999966e+02
1.200600000000000023e+02 -3.040000000000000036e+00 -9.740000000000000213e+00 -9.884000000000000341e+01 5.280000000000000249e+00 4.693500000000000227e+02 -1.657999999999999829e+01 -1.056000000000000050e+01 7.720999999999999375e+01 8.110999999999999943e+01
2.308999999999999986e+01 -1.108000000000000007e+01 1.778700000000000045e+02 8.295999999999999375e+01 4.000000000000000222e-01 -2.292700000000000102e+02 -7.631999999999999318e+01 2.025300000000000011e+02 -5.427000000000000313e+01 -1.644000000000000057e+02
9.740000000000000213e+00 -2.800000000000000266e-01 -2.317999999999999972e+01 -8.169999999999999929e+00 4.070000000000000284e+00 9.293000000000000682e+01 -9.657999999999999829e+01 -6.160000000000000142e+00 -2.612000000000000099e+01 -2.215699999999999932e+02
-1.039599999999999937e+02 -2.353999999999999915e+01 -1.491800000000000068e+02 -1.692999999999999972e+01 -3.669999999999999929e+00 1.274200000000000017e+02 1.038900000000000006e+02 -1.316100000000000136e+02 -1.118999999999999950e+01 3.464000000000000057e+01
-2.879999999999999893e+00 -1.364000000000000057e+01 4.584000000000000341e+01 2.005000000000000071e+01 -3.520000000000000018e+00 -2.128300000000000125e+02 1.133400000000000034e+02 3.079499999999999886e+02 1.851999999999999957e+01 8.487000000000000455e+01
7.517000000000000171e+01 5.610999999999999943e+01 -6.030000000000000249e+00 2.685999999999999943e+01 6.750000000000000000e+00 7.296999999999999886e+01 1.981100000000000136e+02 -1.643700000000000045e+02 6.289999999999999858e+01 2.307599999999999909e+02
9.457999999999999829e+01 -1.043999999999999950e+01 7.800000000000000266e-01 2.055999999999999872e+01 1.103999999999999915e+01 2.434900000000000091e+02 -1.734900000000000091e+02 -1.209099999999999966e+02 2.600000000000000089e-01 -6.456000000000000227e+01
-5.725999999999999801e+01 -1.800000000000000044e+00 7.271999999999999886e+01 -1.000100000000000051e+02 -1.061999999999999922e+01 -1.072300000000000040e+02 -1.666399999999999864e+02 9.223000000000000398e+01 -7.959999999999999432e+01 -1.235799999999999983e+02
-9.596999999999999886e+01 -5.727000000000000313e+01 -3.440999999999999659e+01 6.184000000000000341e+01 -8.570000000000000284e+00 -1.630300000000000011e+02 5.500000000000000000e+00 -1.360699999999999932e+02 6.150000000000000355e+00 -8.704000000000000625e+01
4.442000000000000171e+01 5.814000000000000057e+01 -8.696999999999999886e+01 -1.215000000000000036e+01 -1.542999999999999972e+01 2.206200000000000045e+02 2.594900000000000091e+02 1.177900000000000063e+02 2.735999999999999943e+01 -1.421000000000000085e+01
-2.492000000000000171e+01 4.400000000000000022e-01 -8.429999999999999716e+00 7.349999999999999645e+00 3.066000000000000014e+01 -1.654300000000000068e+02 -5.877000000000000313e+01 2.174499999999999886e+02 -8.279999999999999361e+00 5.753000000000000114e+01
9.381000000000000227e+01 -2.117000000000000171e+01 -3.067000000000000171e+01 5.370000000000000284e+01 -2.314000000000000057e+01 1.997299999999999898e+02 -1.007800000000000011e+02 -1.718899999999999864e+02 -2.248999999999999844e+01 1.217500000000000000e+02
1.892999999999999972e+01 1.030000000000000027e+00 3.728999999999999915e+01 -6.701999999999999602e+01 6.059999999999999609e+00 5.589999999999999858e+01 -3.217999999999999972e+01 -9.601999999999999602e+01 3.985000000000000142e+01 -1.965500000000000114e+02
-7.164000000000000057e+01 5.610000000000000320e+00 -2.041000000000000014e+01 -3.664000000000000057e+01 -1.166000000000000014e+01 -1.864600000000000080e+02 1.965800000000000125e+02 2.117999999999999972e+01 -1.925000000000000000e+01 6.340999999999999659e+01
-2.580999999999999872e+01 6.700000000000000178e+00 -5.322999999999999687e+01 1.134500000000000028e+02 7.929999999999999716e+00 2.025699999999999932e+02 -2.442999999999999972e+01 2.957999999999999829e+01 5.360000000000000142e+01 -2.496000000000000085e+01
4.920000000000000284e+01 7.099999999999999645e+00 -3.953999999999999915e+01 -3.952000000000000313e+01 3.490000000000000213e+00 -1.128100000000000023e+02 -4.638000000000000256e+01 1.035199999999999960e+02 1.626000000000000156e+01 -1.257000000000000028e+01
1.356000000000000050e+01 1.206000000000000050e+01 6.473999999999999488e+01 -6.028000000000000114e+01 -3.589999999999999858e+00 8.785999999999999943e+01 -4.414000000000000057e+01 -1.759499999999999886e+02 -7.665000000000000568e+01 1.277999999999999972e+02
-1.851000000000000156e+01 -4.543999999999999773e+01 -8.403000000000000114e+01 -1.907000000000000028e+01 -2.580000000000000071e+01 -3.956600000000000250e+02 7.703000000000000114e+01 -7.539000000000000057e+01 1.139999999999999902e+00 2.255999999999999872e+01
-6.620999999999999375e+01 -8.699999999999999289e+00 1.679999999999999938e+00 -7.330000000000000071e+00 1.058999999999999986e+01 2.778999999999999773e+02 -7.012999999999999545e+01 1.292700000000000102e+02 7.909999999999999432e+01 -1.655900000000000034e+02
6.790000000000000568e+01 3.761999999999999744e+01 1.200999999999999979e+01 2.571000000000000085e+01 1.242999999999999972e+01 2.988000000000000114e+02 -1.060799999999999983e+02 1.119000000000000057e+02 -8.126999999999999602e+01 -1.604399999999999977e+02
2.351999999999999957e+01 -1.148000000000000043e+01 -2.939000000000000057e+01 3.989000000000000057e+01 -1.179999999999999938e+00 -1.330300000000000011e+02 1.325000000000000000e+02 -1.120600000000000023e+02 9.009000000000000341e+01 1.484600000000000080e+02
-2.928000000000000114e+01 -1.528999999999999915e+01 1.493999999999999950e+01 -5.969999999999999751e+00 7.769999999999999574e+00 -1.062699999999999960e+02 1.813199999999999932e+02 -1.335500000000000114e+02 -4.621000000000000085e+01 7.590000000000000568e+01
1.238000000000000078e+01 4.109000000000000341e+01 1.411999999999999922e+01 7.637000000000000455e+01 -1.533999999999999986e+01 -3.636800000000000068e+02 -6.518000000000000682e+01 2.155399999999999920e+02 4.011999999999999744e+01 1.146800000000000068e+02
-4.782000000000000028e+01 4.309999999999999609e+00 1.238000000000000078e+01 5.592999999999999972e+01 1.164000000000000057e+01 1.174800000000000040e+02 -1.450800000000000125e+02 -1.282000000000000028e+01 9.015999999999999659e+01 -5.339000000000000057e+01
1.550900000000000034e+02 -7.012999999999999545e+01 -9.519999999999999574e+00 -1.707100000000000080e+02 7.030000000000000249e+00 5.305599999999999454e+02 1.355999999999999943e+02 3.012999999999999901e+01 -1.172999999999999972e+02 -2.176500000000000057e+02
3.580000000000000071e+00 -1.402999999999999936e+01 -2.089000000000000057e+01 -3.019999999999999929e+01 -2.657000000000000028e+01 5.629999999999999893e+00 -1.376200000000000045e+02 -1.206099999999999994e+02 -1.196000000000000085e+01 -5.740999999999999659e+01
-1.566100000000000136e+02 -2.367999999999999972e+01 -1.024300000000000068e+02 2.064999999999999858e+01 6.160000000000000142e+00 -4.442099999999999795e+02 1.769699999999999989e+02 -6.169999999999999929e+00 -3.062999999999999901e+01 2.414399999999999977e+02
-2.992999999999999972e+01 3.772999999999999687e+01 3.878999999999999915e+01 9.396999999999999886e+01 9.470000000000000639e+00 1.997700000000000102e+02 -2.476999999999999957e+01 -3.404999999999999716e+01 9.184000000000000341e+01 8.889000000000000057e+01
7.279999999999999716e+01 5.834000000000000341e+01 1.084800000000000040e+02 3.859999999999999876e+00 4.940000000000000391e+00 -3.695000000000000000e+02 -1.638799999999999955e+02 -4.239000000000000057e+01 4.031000000000000227e+01 -9.060000000000000497e+00
2.398000000000000043e+01 -7.176000000000000512e+01 5.450000000000000178e+00 -4.189999999999999858e+01 -8.599999999999999867e-01 3.753999999999999915e+01 4.747999999999999687e+01 1.533400000000000034e+02 -1.317999999999999972e+01 -1.487500000000000000e+02
7.635999999999999943e+01 -1.842999999999999972e+01 -7.312000000000000455e+01 -2.683999999999999986e+01 1.729999999999999982e+00 5.618400000000000318e+02 1.685699999999999932e+02 4.209000000000000341e+01 1.139999999999999902e+00 -1.561899999999999977e+02
-1.060499999999999972e+02 3.080999999999999872e+01 -1.780000000000000027e+00 -6.870000000000000107e+00 -4.299999999999999822e+00 -4.155600000000000023e+02 -7.429999999999999716e+00 1.096800000000000068e+02 -3.415999999999999659e+01 1.356699999999999875e+02
-5.142000000000000171e+01 -4.078000000000000114e+01 1.499000000000000021e+01 5.010000000000000142e+01 1.316999999999999993e+01 -4.449000000000000199e+01 3.299000000000000199e+01 -2.697300000000000182e+02 -1.180000000000000071e+01 1.172300000000000040e+02
5.393999999999999773e+01 2.603000000000000114e+01 -1.689999999999999947e+00 -4.128999999999999915e+01 4.000000000000000000e+00 3.095500000000000114e+02 -1.301100000000000136e+02 -2.769999999999999929e+01 -2.737999999999999901e+01 -5.432999999999999829e+01
1.518999999999999950e+01 -2.153999999999999915e+01 -5.117000000000000171e+01 9.640000000000000568e+00 -2.650000000000000000e+01 -3.139300000000000068e+02 -9.765999999999999659e+01 1.385900000000000034e+02 7.628000000000000114e+01 -3.346000000000000085e+01
-5.557999999999999829e+01 1.723999999999999844e+01 9.840000000000000568e+01 -3.900000000000000133e-01 6.269999999999999574e+00 1.469999999999999929e+01 1.715200000000000102e+02 -3.663000000000000256e+01 2.419999999999999929e+00 -1.246700000000000017e+02
4.678000000000000114e+01 -5.925000000000000000e+01 7.218999999999999773e+01 -1.321000000000000085e+01 1.144999999999999929e+01 5.411999999999999744e+01 2.789000000000000057e+01 1.145600000000000023e+02 -2.287000000000000099e+01 6.659999999999999432e+01
2.196000000000000085e+01 6.350999999999999801e+01 -4.396999999999999886e+01 3.990000000000000213e+00 1.780000000000000027e+00 2.065000000000000000e+02 -4.536999999999999744e+01 -4.707000000000000028e+01 1.678999999999999915e+01 8.245999999999999375e+01
1.466000000000000014e+01 -5.540000000000000036e+00 3.200000000000000178e+00 6.114000000000000057e+01 1.310999999999999943e+01 -2.343100000000000023e+02 3.797999999999999687e+01 2.514999999999999858e+01 -5.296000000000000085e+01 7.195000000000000284e+01
-3.892000000000000171e+01 -2.621000000000000085e+01 -1.887000000000000099e+01 5.400000000000000000e+01 -1.310999999999999943e+01 1.933700000000000045e+02 -5.019999999999999574e+00 7.410000000000000142e+00 1.256899999999999977e+02 -2.962999999999999901e+01
2.169999999999999929e+00 -4.564999999999999858e+01 6.114999999999999858e+01 -4.634000000000000341e+01 5.709999999999999964e+00 1.007000000000000028e+01 -1.233799999999999955e+02 -2.265399999999999920e+02 -7.209999999999999964e+00 7.230000000000000426e+00
8.720999999999999375e+01 6.340999999999999659e+01 2.251999999999999957e+01 -7.526000000000000512e+01 -7.940000000000000391e+00 -1.708000000000000114e+02 7.459000000000000341e+01 5.360000000000000320e+00 -8.943999999999999773e+01 -2.703399999999999750e+02
3.053000000000000114e+01 -5.014000000000000057e+01 -5.075000000000000000e+01 2.142999999999999972e+01 -4.209999999999999964e+00 1.966599999999999966e+02 2.566000000000000014e+01 8.451999999999999602e+01 3.700000000000000178e+00 1.496699999999999875e+02
-7.245999999999999375e+01 -1.139999999999999902e+00 -4.227000000000000313e+01 -7.290000000000000036e+00 1.773999999999999844e+01 -1.136700000000000017e+02 -8.231999999999999318e+01 1.009599999999999937e+02 4.270000000000000284e+01 6.706999999999999318e+01
-1.214500000000000028e+02 4.647999999999999687e+01 1.416999999999999886e+02 1.310000000000000053e+00 -4.030000000000000249e+00 3.295000000000000284e+01 1.662800000000000011e+02 -1.677299999999999898e+02 -2.608999999999999986e+01 1.227399999999999949e+02
-4.122999999999999687e+01 -3.817000000000000171e+01 -3.861999999999999744e+01 -2.810000000000000142e+01 -9.769999999999999574e+00 3.285799999999999841e+02 -7.437999999999999545e+01 7.851999999999999602e+01 4.575999999999999801e+01 -1.290900000000000034e+02
8.793000000000000682e+01 -4.471000000000000085e+01 -2.405000000000000071e+01 -1.610000000000000098e+00 -1.577999999999999936e+01 -6.197799999999999727e+02 3.943999999999999773e+01 -1.523000000000000043e+01 -4.018999999999999773e+01 -2.143400000000000034e+02
5.557000000000000028e+01 3.372999999999999687e+01 -7.206000000000000227e+01 7.443999999999999773e+01 6.070000000000000284e+00 2.392899999999999920e+02 -1.250000000000000000e+01 -2.899999999999999911e+00 2.489999999999999858e+01 1.259999999999999964e+01
-5.160000000000000142e+00 2.501999999999999957e+01 7.623000000000000398e+01 9.720000000000000639e+00 7.959999999999999964e+00 4.521200000000000045e+02 -9.156999999999999318e+01 7.820999999999999375e+01 -1.199999999999999956e-01 1.259800000000000040e+02
5.228999999999999915e+01 -2.230999999999999872e+01 1.467199999999999989e+02 -1.408700000000000045e+02 4.240000000000000213e+00 -5.512799999999999727e+02 -2.978999999999999915e+01 -2.066100000000000136e+02 -2.040000000000000036e+00 7.239000000000000057e+01
-4.421999999999999886e+01 6.240000000000000213e+00 -4.800999999999999801e+01 6.839999999999999858e+00 1.511999999999999922e+01 3.101600000000000250e+02 1.639799999999999898e+02 1.801599999999999966e+02 4.342000000000000171e+01 6.479999999999999716e+01
-8.820000000000000284e+00 -2.128000000000000114e+01 -4.128000000000000114e+01 -7.849999999999999645e+00 -1.092999999999999972e+01 -1.197900000000000063e+02 -3.263000000000000256e+01 1.898000000000000043e+01 -5.464999999999999858e+01 -1.219800000000000040e+02
-1.183499999999999943e+02 5.192000000000000171e+01 -1.414799999999999898e+02 4.210999999999999943e+01 -1.259999999999999964e+01 -4.577099999999999795e+02 -1.922500000000000000e+02 -1.539300000000000068e+02 -1.628000000000000114e+01 -9.635999999999999943e+01
6.684999999999999432e+01 -1.746000000000000085e+01 1.245199999999999960e+02 6.189999999999999858e+01 5.259999999999999787e+00 6.630399999999999636e+02 1.539199999999999875e+02 5.693999999999999773e+01 1.645399999999999920e+02 1.250999999999999979e+01
1.618300000000000125e+02 -4.392999999999999972e+01 1.761699999999999875e+02 3.460999999999999943e+01 2.123999999999999844e+01 -8.146999999999999886e+01 7.662000000000000455e+01 2.450399999999999920e+02 -2.073000000000000043e+01 1.505999999999999943e+02
7.921999999999999886e+01 1.201999999999999957e+01 -9.314000000000000057e+01 -8.631999999999999318e+01 6.309999999999999609e+00 -2.428700000000000045e+02 -3.000000000000000000e+01 -2.691399999999999864e+02 -6.829000000000000625e+01 -4.322999999999999687e+01
-1.592899999999999920e+02 -5.245000000000000284e+01 -1.194000000000000057e+02 -1.628100000000000023e+02 -1.987999999999999901e+01 5.428500000000000227e+02 -1.470900000000000034e+02 -9.492000000000000171e+01 -1.077000000000000028e+02 -1.240400000000000063e+02
-1.352800000000000011e+02 -5.190000000000000391e+00 2.678999999999999915e+01 -2.567000000000000171e+01 -4.910000000000000142e+00 -6.030099999999999909e+02 -1.016400000000000006e+02 1.707199999999999989e+02 7.268999999999999773e+01 -3.915999999999999659e+01
5.352000000000000313e+01 3.218999999999999773e+01 1.459999999999999964e+00 1.967800000000000011e+02 9.199999999999999289e+00 3.223500000000000227e+02 1.899099999999999966e+02 1.610000000000000098e+00 1.074800000000000040e+02 1.836399999999999864e+02
1.571800000000000068e+02 4.715999999999999659e+01 1.554099999999999966e+02 1.107099999999999937e+02 1.174000000000000021e+01 -3.950000000000000000e+01 1.984300000000000068e+02 6.651999999999999602e+01 -2.701999999999999957e+01 8.412000000000000455e+01
-1.757000000000000028e+01 -3.225999999999999801e+01 -1.140199999999999960e+02 -9.406999999999999318e+01 -1.120000000000000107e+00 -1.940900000000000034e+02 -1.725000000000000000e+02 1.093599999999999994e+02 -8.234000000000000341e+01 -1.933100000000000023e+02
-5.642000000000000171e+01 -5.631000000000000227e+01 -8.020000000000000284e+01 -1.844900000000000091e+02 -5.349999999999999645e+00 5.997500000000000000e+02 -2.147500000000000000e+02 -3.365799999999999841e+02 -9.753000000000000114e+01 6.150000000000000355e+00
-1.370800000000000125e+02 3.575999999999999801e+01 -1.912000000000000099e+01 -1.469999999999999929e+01 -4.730000000000000426e+00 -6.543099999999999454e+02 8.156999999999999318e+01 2.423000000000000043e+01 1.190400000000000063e+02 5.059000000000000341e+01
2.289000000000000057e+01 -9.410000000000000142e+00 7.800000000000000000e+01 1.306500000000000057e+02 -5.200000000000000178e+00 1.147099999999999937e+02 1.271500000000000057e+02 1.017600000000000051e+02 1.569999999999999929e+01 -7.906999999999999318e+01
1.815500000000000114e+02 -2.164999999999999858e+01 5.042000000000000171e+01 9.225000000000000000e+01 1.393999999999999950e+01 1.829099999999999966e+02 -1.017500000000000000e+02 -1.066999999999999993e+01 8.579999999999999716e+01 -9.769999999999999574e+00
2.387999999999999901e+01 2.010000000000000142e+01 -1.247000000000000064e+01 -5.642999999999999972e+01 7.399999999999999911e-01 -1.032300000000000040e+02 5.534000000000000341e+01 1.550699999999999932e+02 -6.606000000000000227e+01 -7.160000000000000142e+00
-3.549000000000000199e+01 -4.936999999999999744e+01 -5.954999999999999716e+01 -7.296999999999999886e+01 -4.910000000000000142e+00 3.256299999999999955e+02 1.033199999999999932e+02 -8.775000000000000000e+01 -2.976000000000000156e+01 7.509999999999999432e+01
-8.065999999999999659e+01 -1.110999999999999943e+01 1.425999999999999979e+01 1.466999999999999993e+01 1.600000000000000033e-01 -1.801599999999999966e+02 -5.560000000000000142e+01 -2.901100000000000136e+02 8.664000000000000057e+01 7.973999999999999488e+01
3.046999999999999886e+01 7.373000000000000398e+01 1.027999999999999936e+01 -1.896999999999999886e+01 4.530000000000000249e+00 -4.343100000000000023e+02 -1.375999999999999979e+01 1.672400000000000091e+02 -8.021999999999999886e+01 -2.987999999999999901e+01
9.730000000000000426e+00 -4.428000000000000114e+01 -7.775000000000000000e+01 -4.334000000000000341e+01 -7.879999999999999893e+00 3.004100000000000250e+02 -2.552899999999999920e+02 5.082999999999999829e+01 -8.399999999999999689e-01 -1.855900000000000034e+02
-3.411999999999999744e+01 4.549999999999999822e+00 6.228000000000000114e+01 -1.461999999999999922e+01 1.059999999999999964e+01 1.607700000000000102e+02 3.076999999999999957e+01 -1.002800000000000011e+02 4.754999999999999716e+01 -3.275999999999999801e+01
3.931000000000000227e+01 -7.200000000000000178e+00 2.080999999999999872e+01 5.521000000000000085e+01 -2.773999999999999844e+01 -2.755000000000000000e+02 2.438499999999999943e+02 2.109600000000000080e+02 -2.626000000000000156e+01 1.269699999999999989e+02
1.430000000000000071e+01 -2.983999999999999986e+01 1.210999999999999943e+01 1.251400000000000006e+02 2.535999999999999943e+01 5.979800000000000182e+02 2.664000000000000057e+01 -2.020500000000000114e+02 1.349499999999999886e+02 1.102500000000000000e+02
8.980000000000000426e+00 6.460999999999999943e+01 6.415999999999999659e+01 -8.953000000000000114e+01 -2.467000000000000171e+01 -5.204600000000000364e+02 1.480000000000000071e+01 8.804999999999999716e+01 9.250000000000000000e+00 2.189000000000000057e+01
1.225199999999999960e+02 -1.567999999999999972e+01 -7.830000000000000071e+00 -6.815999999999999659e+01 7.599999999999999645e+00 -5.797999999999999687e+01 -2.342599999999999909e+02 6.222999999999999687e+01 -9.834999999999999432e+01 -1.844399999999999977e+02
-1.297899999999999920e+02 -5.038000000000000256e+01 -4.878000000000000114e+01 -4.293999999999999773e+01 -5.339999999999999858e+00 4.803500000000000227e+02 2.591000000000000014e+01 -1.479199999999999875e+02 1.283000000000000007e+01 -1.314000000000000057e+02
-3.137999999999999901e+01 7.690000000000000391e+00 -2.923000000000000043e+01 3.882000000000000028e+01 2.048999999999999844e+01 -3.726999999999999886e+02 2.167199999999999989e+02 -2.081100000000000136e+02 -1.073700000000000045e+02 1.121700000000000017e+02
-3.675999999999999801e+01 -3.114999999999999858e+01 -6.007000000000000028e+01 -3.196999999999999886e+01 -2.755999999999999872e+01 -6.995999999999999375e+01 -1.584600000000000080e+02 2.807300000000000182e+02 4.877000000000000313e+01 1.533999999999999986e+01
-5.290000000000000036e+00 -3.807999999999999829e+01 -5.303999999999999915e+01 9.140000000000000568e+00 8.619999999999999218e+00 2.261299999999999955e+02 -4.614000000000000057e+01 4.030000000000000249e+00 1.089000000000000057e+01 5.385000000000000142e+01
3.318999999999999773e+01 3.317999999999999972e+01 1.528899999999999864e+02 -8.009999999999999787e+00 4.629999999999999893e+00 -3.428700000000000045e+02 1.390800000000000125e+02 -1.721800000000000068e+02 8.269999999999999574e+00 -1.125999999999999943e+02
7.162999999999999545e+01 -1.448000000000000043e+01 2.717000000000000171e+01 3.404999999999999716e+01 -4.099999999999999756e-01 1.495200000000000102e+02 -1.082699999999999960e+02 4.309499999999999886e+02 -1.486999999999999922e+01 -6.125000000000000000e+01
-7.799999999999999822e+00 1.780999999999999872e+01 -3.413000000000000256e+01 -2.205000000000000071e+01 -9.490000000000000213e+00 3.102300000000000182e+02 1.035799999999999983e+02 -3.324200000000000159e+02 5.900000000000000355e+00 7.684999999999999432e+01
6.239999999999999858e+01 4.685000000000000142e+01 -8.630000000000000782e+00 2.149999999999999911e+00 1.358000000000000007e+01 -3.768700000000000045e+02 5.442999999999999972e+01 -3.715999999999999659e+01 -1.056000000000000050e+01 1.132600000000000051e+02
-7.660999999999999943e+01 -1.079099999999999966e+02 -1.236599999999999966e+02 -9.839999999999999858e+00 -1.066999999999999993e+01 7.140999999999999659e+01 -4.139000000000000057e+01 9.810999999999999943e+01 -7.719999999999999751e+00 1.169200000000000017e+02
-5.910000000000000142e+01 7.454999999999999716e+01 -3.098000000000000043e+01 5.575000000000000000e+01 -2.285999999999999943e+01 -1.462100000000000080e+02 3.759999999999999787e+00 -4.519999999999999574e+00 4.721000000000000085e+01 -1.430600000000000023e+02
5.654999999999999716e+01 -6.996999999999999886e+01 1.443100000000000023e+02 -1.048799999999999955e+02 3.778999999999999915e+01 2.044099999999999966e+02 2.194000000000000128e+01 -4.932000000000000028e+01 -5.086999999999999744e+01 -1.203799999999999955e+02
-1.983999999999999986e+01 6.409999999999999432e+01 -1.050000000000000000e+01 -1.820800000000000125e+02 -8.630000000000000782e+00 1.853999999999999915e+01 -7.490000000000000568e+01 -6.867000000000000171e+01 7.804000000000000625e+01 2.076000000000000156e+01
7.990000000000000568e+01 4.861999999999999744e+01 -5.469999999999999751e+00 1.747800000000000011e+02 -1.436999999999999922e+01 1.785000000000000142e+01 9.971999999999999886e+01 4.115999999999999659e+01 4.877000000000000313e+01 6.046000000000000085e+01
-3.800000000000000044e-01 -1.096800000000000068e+02 5.196000000000000085e+01 1.297100000000000080e+02 4.910000000000000142e+00 -7.440999999999999659e+01 5.635000000000000142e+01 2.682999999999999829e+01 4.810999999999999943e+01 -1.641100000000000136e+02
-1.183000000000000007e+01 5.186999999999999744e+01 2.842999999999999972e+01 -6.450000000000000178e+00 1.566000000000000014e+01 -1.430900000000000034e+02 5.100999999999999801e+01 3.575999999999999801e+01 -1.511999999999999922e+01 9.918999999999999773e+01
-4.157000000000000028e+01 4.293999999999999773e+01 -5.414000000000000057e+01 -1.446200000000000045e+02 -2.859999999999999876e+00 3.845099999999999909e+02 8.493999999999999773e+01 1.678300000000000125e+02 -4.960999999999999943e+01 1.115000000000000000e+02
5.704999999999999716e+01 -6.465999999999999659e+01 -2.410000000000000142e+00 -1.079800000000000040e+02 -2.100000000000000000e+01 -3.053000000000000114e+02 -2.201399999999999864e+02 -1.524000000000000057e+02 -2.583999999999999986e+01 -7.310999999999999943e+01
-6.951999999999999602e+01 -1.817000000000000171e+01 -2.892999999999999972e+01 -2.758999999999999986e+01 -3.339999999999999858e+00 2.541999999999999886e+02 -1.329199999999999875e+02 -1.514000000000000057e+02 5.639000000000000057e+01 -7.792000000000000171e+01
1.689000000000000057e+01 -1.133999999999999986e+01 6.685999999999999943e+01 9.519999999999999574e+00 2.007000000000000028e+01 -3.183999999999999773e+02 1.626500000000000057e+02 1.153499999999999943e+02 -1.892000000000000171e+01 -8.348999999999999488e+01
1.461999999999999922e+01 9.143000000000000682e+01 4.828999999999999915e+01 1.025799999999999983e+02 -9.789999999999999147e+00 2.645299999999999727e+02 -1.320000000000000062e+00 8.826000000000000512e+01 -1.673999999999999844e+01 7.345000000000000284e+01
-6.210000000000000142e+01 -1.150499999999999972e+02 -5.592999999999999972e+01 -5.685999999999999943e+01 -5.870000000000000107e+00 4.211999999999999744e+01 -1.272000000000000064e+01 -8.773000000000000398e+01 -9.799999999999999822e-01 4.767999999999999972e+01
-3.439999999999999858e+01 -2.251000000000000156e+01 -7.162000000000000455e+01 -9.954999999999999716e+01 1.514000000000000057e+01 -2.347800000000000011e+02 9.718999999999999773e+01 -1.457299999999999898e+02 -1.291000000000000014e+01 -4.129999999999999893e+00
7.834999999999999432e+01 5.342999999999999972e+01 3.878000000000000114e+01 -9.799999999999999822e-01 -2.451000000000000156e+01 -1.925300000000000011e+02 -5.732999999999999829e+01 5.924000000000000199e+01 7.998000000000000398e+01 -8.682999999999999829e+01
7.629999999999999716e+01 -1.417999999999999972e+01 7.918999999999999773e+01 3.860999999999999943e+01 4.120000000000000107e+00 1.463100000000000023e+02 1.165100000000000051e+02 1.481899999999999977e+02 9.939999999999999503e+00 3.353000000000000114e+01
-1.006800000000000068e+02 6.684000000000000341e+01 1.577999999999999936e+01 -5.579999999999999716e+01 2.542000000000000171e+01 3.171200000000000045e+02 -8.740000000000000568e+01 1.072500000000000000e+02 -8.750000000000000000e+00 -4.454999999999999716e+01
4.311999999999999744e+01 -2.307000000000000028e+01 1.275000000000000000e+01 -1.449000000000000021e+01 1.073000000000000043e+01 -2.007999999999999829e+01 -3.005000000000000071e+01 -1.920900000000000034e+02 -7.431000000000000227e+01 2.213799999999999955e+02
2.012999999999999901e+01 -1.149000000000000021e+01 -6.784000000000000341e+01 2.805000000000000071e+01 -6.889999999999999680e+00 -2.747200000000000273e+02 -7.048999999999999488e+01 -2.363700000000000045e+02 -4.940000000000000391e+00 -3.142000000000000171e+01
-1.463000000000000078e+01 2.612999999999999901e+01 -9.509999999999999787e+00 -9.018000000000000682e+01 -1.217999999999999972e+01 -5.889999999999999858e+01 1.269000000000000057e+02 -1.280000000000000027e+00 2.092999999999999972e+01 -2.039000000000000057e+02
1.520000000000000018e+00 -3.964000000000000057e+01 1.408999999999999986e+01 -4.789999999999999858e+01 -5.009999999999999787e+00 -5.589999999999999858e+01 4.257999999999999829e+01 2.038899999999999864e+02 5.293999999999999773e+01 -3.643999999999999773e+01
-4.918999999999999773e+01 -6.859999999999999432e+01 7.873999999999999488e+01 1.123799999999999955e+02 1.085999999999999943e+01 3.005400000000000205e+02 5.474000000000000199e+01 2.207400000000000091e+02 1.223199999999999932e+02 9.971999999999999886e+01
4.547999999999999687e+01 8.268999999999999773e+01 1.184000000000000057e+02 1.434999999999999964e+01 -5.719999999999999751e+00 -1.158100000000000023e+02 -7.923000000000000398e+01 -8.539000000000000057e+01 -5.507999999999999829e+01 1.737199999999999989e+02
1.001099999999999994e+02 5.842000000000000171e+01 -1.314499999999999886e+02 -3.220000000000000284e+01 6.360000000000000320e+00 -5.034000000000000341e+01 -8.320999999999999375e+01 -1.794600000000000080e+02 -8.343000000000000682e+01 -1.701000000000000156e+01
-3.032999999999999829e+01 -3.788000000000000256e+01 -7.328000000000000114e+01 -3.425999999999999801e+01 -1.060999999999999943e+01 1.331899999999999977e+02 9.059999999999999432e+01 -5.790000000000000036e+00 6.270000000000000284e+01 -1.435800000000000125e+02
-3.500000000000000000e+00 -8.012000000000000455e+01 -7.759999999999999787e+00 -9.387999999999999545e+01 2.921999999999999886e+01 -1.128700000000000045e+02 -6.134000000000000341e+01 7.014000000000000057e+01 -3.942000000000000171e+01 1.819999999999999929e+01
-1.012800000000000011e+02 3.603999999999999915e+01 9.779999999999999361e+00 6.459999999999999432e+01 -3.535999999999999943e+01 1.299099999999999966e+02 4.765999999999999659e+01 7.985999999999999943e+01 4.946000000000000085e+01 -8.168999999999999773e+01
4.417000000000000171e+01 -5.480000000000000426e+00 1.277300000000000040e+02 4.099999999999999756e-01 2.207999999999999829e+01 1.468400000000000034e+02 -6.623000000000000398e+01 -4.842999999999999972e+01 2.039999999999999858e+01 -5.968999999999999773e+01
3.453999999999999915e+01 -2.228999999999999915e+01 2.889000000000000057e+01 -1.384999999999999964e+01 8.679999999999999716e+00 -1.554799999999999898e+02 4.621999999999999886e+01 3.229999999999999716e+01 -5.296000000000000085e+01 2.072299999999999898e+02
-7.806999999999999318e+01 -3.777000000000000313e+01 -1.207300000000000040e+02 3.001000000000000156e+01 -1.325000000000000000e+01 -1.077399999999999949e+02 2.235999999999999943e+01 -1.114000000000000057e+02 -2.062000000000000099e+01 9.710000000000000853e+00
1.798999999999999844e+01 7.168000000000000682e+01 1.090000000000000036e+01 -4.450999999999999801e+01 3.609999999999999876e+00 4.415999999999999659e+01 -7.940999999999999659e+01 1.332100000000000080e+02 7.768999999999999773e+01 -1.853999999999999915e+01
-1.853999999999999915e+01 -3.939999999999999947e+00 -3.629999999999999893e+00 -7.501999999999999602e+01 1.511999999999999922e+01 -1.673799999999999955e+02 1.344999999999999929e+01 -1.328999999999999915e+01 3.140000000000000124e+00 -2.532000000000000028e+01
-4.429999999999999716e+00 -3.410999999999999943e+01 -2.791000000000000014e+01 -8.168000000000000682e+01 -2.344000000000000128e+01 6.170000000000000284e+01 -4.799999999999999822e-01 -5.446000000000000085e+01 8.131999999999999318e+01 -3.940999999999999659e+01
7.262000000000000455e+01 -8.190999999999999659e+01 6.620999999999999375e+01 1.387500000000000000e+02 1.083000000000000007e+01 4.944499999999999886e+02 2.878000000000000114e+01 7.859999999999999432e+01 -1.568999999999999950e+01 -1.409999999999999920e+00
6.378000000000000114e+01 1.172999999999999972e+02 -8.148000000000000398e+01 -2.655000000000000071e+01 1.286999999999999922e+01 -2.262700000000000102e+02 1.242099999999999937e+02 -1.150999999999999979e+01 -3.902000000000000313e+01 1.577999999999999936e+01
-1.050900000000000034e+02 -1.158999999999999986e+01 1.043799999999999955e+02 -1.463000000000000078e+01 -1.348000000000000043e+01 -3.632200000000000273e+02 -7.310999999999999943e+01 -3.727000000000000313e+01 -3.396999999999999886e+01 4.081000000000000227e+01
3.660000000000000142e+01 -8.439999999999999503e+00 -5.253000000000000114e+01 -5.457000000000000028e+01 2.950000000000000178e+00 1.278499999999999943e+02 -5.568999999999999773e+01 -1.407100000000000080e+02 8.603000000000000114e+01 -5.142000000000000171e+01
2.135000000000000142e+01 -7.656000000000000227e+01 -6.831000000000000227e+01 -1.018799999999999955e+02 -2.528999999999999915e+01 -2.138700000000000045e+02 9.026000000000000512e+01 1.308499999999999943e+02 -8.310999999999999943e+01 -3.803999999999999915e+01
-1.125499999999999972e+02 3.785000000000000142e+01 2.887999999999999901e+01 8.001999999999999602e+01 5.899999999999999689e-01 9.423000000000000398e+01 6.623000000000000398e+01 6.382999999999999829e+01 -2.935000000000000142e+01 -5.307999999999999829e+01
-3.571000000000000085e+01 -4.485999999999999943e+01 -8.000000000000000167e-02 -7.089999999999999858e+00 -1.010999999999999943e+01 6.300199999999999818e+02 2.823000000000000043e+01 4.395000000000000284e+01 1.067800000000000011e+02 8.928000000000000114e+01
8.815000000000000568e+01 -7.259999999999999787e+00 1.285399999999999920e+02 -6.507999999999999829e+01 1.748999999999999844e+01 -4.419300000000000068e+02 -3.987799999999999727e+02 9.251000000000000512e+01 -7.376999999999999602e+01 -9.031000000000000227e+01
6.267000000000000171e+01 -5.057999999999999829e+01 -6.013000000000000256e+01 4.509999999999999787e+00 -9.970000000000000639e+00 9.206000000000000227e+01 8.437999999999999545e+01 -2.072700000000000102e+02 -2.378000000000000114e+01 -3.871999999999999886e+01
1.106500000000000057e+02 2.326000000000000156e+01 -5.482999999999999829e+01 1.525999999999999979e+01 -7.169999999999999929e+00 -2.727400000000000091e+02 3.088799999999999955e+02 -8.551000000000000512e+01 9.950000000000000000e+01 -7.889999999999999680e+00
-1.311500000000000057e+02 -1.150999999999999979e+01 -9.799999999999999822e-01 -6.431999999999999318e+01 -5.690000000000000391e+00 -9.281000000000000227e+01 -7.507999999999999829e+01 2.080099999999999909e+02 -7.620000000000000284e+01 3.474000000000000199e+01
-1.027399999999999949e+02 2.796999999999999886e+01 -1.222000000000000064e+01 7.849999999999999645e+00 -1.449999999999999956e+00 3.101899999999999977e+02 -2.134099999999999966e+02 -1.141700000000000017e+02 2.778000000000000114e+01 -1.639999999999999902e+00
4.596999999999999886e+01 -1.366999999999999993e+01 8.604999999999999716e+01 -4.145000000000000284e+01 4.849999999999999645e+00 2.978000000000000114e+01 4.221000000000000085e+01 2.217400000000000091e+02 -8.250000000000000000e+00 6.080000000000000071e+00
8.676999999999999602e+01 7.664000000000000057e+01 -1.428999999999999915e+01 -3.950999999999999801e+01 -2.049999999999999822e+00 -2.733399999999999750e+02 2.463100000000000023e+02 -5.782999999999999829e+01 -3.830000000000000071e+00 5.675999999999999801e+01
3.850999999999999801e+01 4.600000000000000200e-01 -4.129999999999999716e+01 -2.948999999999999844e+01 2.819999999999999840e+00 3.095400000000000205e+02 -7.940000000000000391e+00 -2.620299999999999727e+02 -3.303000000000000114e+01 -7.820000000000000284e+00
-2.753000000000000114e+01 -5.682000000000000028e+01 -3.114999999999999858e+01 -1.155799999999999983e+02 1.113000000000000078e+01 -2.594399999999999977e+02 -2.135900000000000034e+02 1.337199999999999989e+02 5.460999999999999943e+01 5.888000000000000256e+01
-6.210000000000000142e+01 -5.009000000000000341e+01 1.112000000000000028e+02 9.195000000000000284e+01 -1.490000000000000036e+01 5.332000000000000028e+01 6.089999999999999858e+00 2.066000000000000014e+01 -7.112999999999999545e+01 -1.599900000000000091e+02
-1.409999999999999920e+00 9.779999999999999361e+00 2.380999999999999872e+01 3.203000000000000114e+01 -1.122000000000000064e+01 1.072199999999999989e+02 3.565999999999999659e+01 1.583999999999999986e+01 1.220699999999999932e+02 -6.690000000000000391e+00
8.295999999999999375e+01 4.292000000000000171e+01 -9.445000000000000284e+01 -7.287000000000000455e+01 7.040000000000000036e+00 3.611800000000000068e+02 7.242000000000000171e+01 1.903499999999999943e+02 -9.829999999999999716e+01 3.014000000000000057e+01
-2.966000000000000014e+01 -3.482000000000000028e+01 -5.064000000000000057e+01 -9.003000000000000114e+01 -9.429999999999999716e+00 -3.208399999999999750e+02 1.040499999999999972e+02 -3.396700000000000159e+02 -2.398000000000000043e+01 -6.065999999999999659e+01
5.400000000000000355e+00 1.243999999999999950e+01 -2.442999999999999972e+01 -3.785999999999999943e+01 1.330000000000000071e+00 -5.073399999999999750e+02 -1.371699999999999875e+02 1.570300000000000011e+02 1.360999999999999943e+01 1.097600000000000051e+02
-6.396000000000000085e+01 -6.242000000000000171e+01 1.568700000000000045e+02 4.349000000000000199e+01 -2.750000000000000000e+00 2.552599999999999909e+02 7.703000000000000114e+01 3.659000000000000341e+01 4.182000000000000028e+01 4.310000000000000142e+01
-6.500000000000000000e+00 2.478999999999999915e+01 1.933999999999999986e+01 8.259999999999999787e+00 2.129999999999999893e+00 1.959699999999999989e+02 -7.087000000000000455e+01 7.056999999999999318e+01 3.155999999999999872e+01 -1.556800000000000068e+02
8.265000000000000568e+01 -5.217000000000000171e+01 -1.830000000000000071e+00 -9.082999999999999829e+01 4.290000000000000036e+00 5.093299999999999841e+02 -4.734000000000000341e+01 -9.756999999999999318e+01 2.100000000000000000e+01 7.673000000000000398e+01
9.910000000000000142e+00 1.093499999999999943e+02 -4.493999999999999773e+01 -1.341000000000000014e+01 -2.246999999999999886e+01 -2.578600000000000136e+02 2.712900000000000205e+02 5.096999999999999886e+01 -3.857000000000000028e+01 -4.242000000000000171e+01
-1.810000000000000053e+00 -7.859000000000000341e+01 8.798999999999999488e+01 -1.298000000000000043e+01 -5.419999999999999929e+00 -6.502500000000000000e+02 -6.282999999999999829e+01 -2.417999999999999972e+01 -2.930000000000000071e+01 4.660999999999999943e+01
-5.614000000000000057e+01 8.818000000000000682e+01 -1.465000000000000036e+01 -2.848000000000000043e+01 3.338000000000000256e+01 3.475400000000000205e+02 -6.778000000000000114e+01 2.350000000000000000e+01 1.176700000000000017e+02 -1.669999999999999929e+00
3.282999999999999829e+01 -4.439000000000000057e+01 2.551000000000000156e+01 3.393999999999999773e+01 -1.183000000000000007e+01 1.079099999999999966e+02 1.019699999999999989e+02 1.384999999999999964e+01 -4.460999999999999943e+01 -2.020000000000000018e+00
-6.290999999999999659e+01 -1.045199999999999960e+02 3.681000000000000227e+01 -4.536999999999999744e+01 -7.820000000000000284e+00 2.374300000000000068e+02 -8.815000000000000568e+01 -3.101399999999999864e+02 -2.626000000000000156e+01 -8.854000000000000625e+01
-1.671000000000000085e+01 9.145000000000000284e+01 -1.491699999999999875e+02 -6.800000000000000488e-01 8.000000000000000000e+00 -1.676100000000000136e+02 5.153999999999999915e+01 2.562400000000000091e+02 4.490999999999999659e+01 -2.026000000000000156e+01
8.473000000000000398e+01 1.533000000000000007e+01 1.232399999999999949e+02 7.540000000000000036e+00 8.750000000000000000e+00 -4.384800000000000182e+02 3.490999999999999659e+01 2.853100000000000023e+02 2.958999999999999986e+01 1.817800000000000011e+02
5.199000000000000199e+01 1.135999999999999943e+01 1.022199999999999989e+02 -8.339999999999999858e+00 -2.870000000000000107e+00 4.853199999999999932e+02 5.399000000000000199e+01 -1.382500000000000000e+02 -2.419999999999999929e+00 2.103000000000000114e+01
5.214999999999999858e+01 1.316999999999999993e+01 -6.160000000000000142e+00 -4.815999999999999659e+01 -5.959999999999999964e+00 1.009899999999999949e+02 1.325000000000000000e+01 -9.039000000000000057e+01 -9.432999999999999829e+01 -9.440999999999999659e+01
-1.168599999999999994e+02 -3.299000000000000199e+01 -9.479000000000000625e+01 -9.876999999999999602e+01 -1.266999999999999993e+01 -3.056000000000000227e+02 -2.548000000000000114e+02 -1.980999999999999943e+02 -2.632000000000000028e+01 -4.846999999999999886e+01
-1.117800000000000011e+02 -4.611999999999999744e+01 -2.937999999999999901e+01 -9.395000000000000284e+01 -6.339999999999999858e+00 1.625699999999999932e+02 6.321999999999999886e+01 5.339999999999999858e+00 2.155999999999999872e+01 -7.195999999999999375e+01
4.057999999999999829e+01 2.910000000000000142e+00 4.860999999999999943e+01 9.143000000000000682e+01 1.057000000000000028e+01 -1.473499999999999943e+02 3.164999999999999858e+01 3.696800000000000068e+02 1.360099999999999909e+02 1.364199999999999875e+02
9.454999999999999716e+01 7.243999999999999773e+01 3.835000000000000142e+01 -8.980000000000000426e+00 5.009999999999999787e+00 7.773000000000000398e+01 3.802000000000000313e+01 -1.254099999999999966e+02 -6.213000000000000256e+01 1.184999999999999964e+01
-3.497999999999999687e+01 -4.953999999999999915e+01 -5.868999999999999773e+01 -1.078999999999999915e+01 -2.200000000000000011e-01 3.176999999999999957e+01 3.820000000000000284e+01 -2.179600000000000080e+02 -4.604999999999999716e+01 -3.527000000000000313e+01
1.447000000000000064e+01 -8.020000000000000284e+01 -2.083999999999999986e+01 -9.371999999999999886e+01 5.530000000000000249e+00 1.658899999999999864e+02 -1.278599999999999994e+02 1.487199999999999989e+02 3.632999999999999829e+01 -1.085900000000000034e+02
-1.405000000000000071e+01 6.603000000000000114e+01 -4.679999999999999716e+01 -3.157000000000000028e+01 2.899999999999999911e+00 -1.455000000000000000e+02 -9.676999999999999602e+01 -1.343600000000000136e+02 2.379999999999999893e+00 4.088000000000000256e+01
-8.373999999999999488e+01 -3.135999999999999943e+01 3.009999999999999787e+00 2.780999999999999872e+01 -1.780000000000000071e+01 7.357999999999999829e+01 1.474000000000000057e+02 6.903000000000000114e+01 2.957999999999999829e+01 9.799999999999999822e-01
7.240999999999999659e+01 -3.946999999999999886e+01 1.307000000000000028e+01 5.322999999999999687e+01 1.308999999999999986e+01 3.538000000000000256e+01 -1.457000000000000028e+01 2.080999999999999943e+02 -6.876999999999999602e+01 -4.135000000000000142e+01
-5.528000000000000114e+01 4.600000000000000000e+01 4.029999999999999716e+01 -9.698000000000000398e+01 -2.479999999999999982e+00 -2.444399999999999977e+02 3.696999999999999886e+01 -1.348100000000000023e+02 8.487999999999999545e+01 9.767000000000000171e+01
8.953000000000000114e+01 -4.259999999999999787e+00 3.350000000000000089e+00 -1.060400000000000063e+02 1.240000000000000036e+01 -7.537000000000000455e+01 -4.102000000000000313e+01 1.586999999999999922e+01 -6.615000000000000568e+01 4.446999999999999886e+01
9.026000000000000512e+01 1.778999999999999915e+01 -4.740999999999999659e+01 5.582999999999999829e+01 5.040000000000000036e+00 2.595699999999999932e+02 -4.177000000000000313e+01 -1.126599999999999966e+02 9.665999999999999659e+01 -7.762000000000000455e+01
2.435999999999999943e+01 -3.007000000000000028e+01 -2.683999999999999986e+01 2.551000000000000156e+01 -3.529999999999999805e+00 -1.935399999999999920e+02 2.578000000000000114e+01 -1.480699999999999932e+02 -4.324000000000000199e+01 5.815999999999999659e+01
-1.528300000000000125e+02 4.603000000000000114e+01 3.642000000000000171e+01 -1.043999999999999950e+01 -2.899999999999999911e+00 2.580199999999999818e+02 -6.225000000000000000e+01 1.982199999999999989e+02 -4.231000000000000227e+01 -2.510999999999999943e+01
-6.160000000000000142e+00 -7.670999999999999375e+01 -3.899000000000000199e+01 -6.831000000000000227e+01 -7.120000000000000107e+00 -2.202899999999999920e+02 6.000000000000000000e+01 5.250999999999999801e+01 1.883999999999999986e+01 -4.525000000000000000e+01
6.264999999999999858e+01 1.052999999999999936e+01 -4.396000000000000085e+01 -9.776000000000000512e+01 -2.970000000000000195e+00 -1.293300000000000125e+02 7.096999999999999886e+01 -8.275000000000000000e+01 -5.929999999999999716e+00 -5.906000000000000227e+01
2.773999999999999844e+01 -1.976999999999999957e+01 1.148599999999999994e+02 -4.019999999999999574e+00 -8.259999999999999787e+00 2.728199999999999932e+02 3.395000000000000284e+01 1.038900000000000006e+02 3.600000000000000000e+01 -6.493000000000000682e+01
5.082999999999999829e+01 5.159000000000000341e+01 -3.367999999999999972e+01 3.242000000000000171e+01 5.160000000000000142e+00 -3.509000000000000341e+01 -2.612999999999999901e+01 -1.762100000000000080e+02 6.313000000000000256e+01 1.194899999999999949e+02
-2.239999999999999858e+01 -4.620000000000000107e+00 3.232999999999999829e+01 5.530000000000000249e+00 -1.077999999999999936e+01 -4.792999999999999972e+01 -1.045100000000000051e+02 7.137999999999999545e+01 -5.274000000000000199e+01 -5.306000000000000227e+01
-3.700999999999999801e+01 -8.076000000000000512e+01 -9.681999999999999318e+01 -1.080499999999999972e+02 -2.419999999999999929e+00 -1.689799999999999898e+02 -4.507999999999999829e+01 -6.481999999999999318e+01 1.957999999999999829e+01 4.153999999999999915e+01
8.599999999999999645e+00 9.500000000000000000e+00 -7.071999999999999886e+01 -2.600000000000000089e-01 -2.600000000000000089e-01 2.846899999999999977e+02 1.655099999999999909e+02 1.692299999999999898e+02 -1.428999999999999915e+01 7.146999999999999886e+01
1.685000000000000142e+01 1.730999999999999872e+01 1.490000000000000000e+02 5.110999999999999943e+01 2.879999999999999893e+00 1.539099999999999966e+02 1.185499999999999972e+02 -1.457700000000000102e+02 -1.263000000000000078e+01 -2.200399999999999920e+02
-8.578000000000000114e+01 -3.538000000000000256e+01 -5.914999999999999858e+01 -1.206599999999999966e+02 -1.356000000000000050e+01 -4.670199999999999818e+02 -8.917000000000000171e+01 -8.634000000000000341e+01 -5.389999999999999680e+00 -2.899999999999999800e-01
1.438400000000000034e+02 -9.300000000000000488e-01 -5.465999999999999659e+01 2.967999999999999972e+01 2.328999999999999915e+01 1.135999999999999943e+02 -7.604999999999999716e+01 2.200699999999999932e+02 7.168000000000000682e+01 1.575699999999999932e+02
7.426999999999999602e+01 3.334000000000000341e+01 3.556000000000000227e+01 -3.947999999999999687e+01 -4.120000000000000107e+00 1.548600000000000136e+02 2.823000000000000043e+01 -1.476500000000000057e+02 1.621000000000000085e+01 2.557999999999999829e+01
-1.032000000000000028e+02 -6.297999999999999687e+01 -7.460999999999999943e+01 -6.882999999999999829e+01 -3.600000000000000089e+00 -1.441999999999999993e+01 5.810999999999999943e+01 7.440000000000000391e+00 -8.053000000000000114e+01 1.036999999999999922e+01
1.255000000000000071e+01 -4.264000000000000057e+01 2.483999999999999986e+01 1.196000000000000085e+01 5.100000000000000089e-01 6.339999999999999858e+00 -2.050000000000000000e+01 -4.292000000000000171e+01 -6.167000000000000171e+01 1.969000000000000128e+01
-3.896000000000000085e+01 3.135999999999999943e+01 -1.550999999999999979e+01 -3.474000000000000199e+01 -1.129999999999999893e+00 -2.179399999999999977e+02 9.178000000000000114e+01 -1.917700000000000102e+02 7.420000000000000284e+01 -2.751299999999999955e+02
-2.446999999999999886e+01 3.374000000000000199e+01 -4.688000000000000256e+01 -8.050000000000000711e+00 -1.277999999999999936e+01 -1.785399999999999920e+02 -5.595000000000000284e+01 2.168799999999999955e+02 5.156000000000000227e+01 1.769000000000000128e+01
1.605999999999999943e+02 6.559000000000000341e+01 2.839999999999999858e+00 2.544000000000000128e+01 3.571000000000000085e+01 5.090699999999999932e+02 3.992000000000000171e+01 1.576800000000000068e+02 -4.910000000000000142e+01 1.743400000000000034e+02
6.684000000000000341e+01 -4.592000000000000171e+01 -1.527999999999999936e+01 -1.342999999999999972e+01 -1.921999999999999886e+01 -1.019399999999999977e+02 -2.226000000000000156e+01 -1.555000000000000071e+01 -2.776999999999999957e+01 -4.360000000000000320e+00
-1.969600000000000080e+02 -4.620000000000000107e+00 -1.142999999999999972e+01 -1.789999999999999858e+01 -1.010999999999999943e+01 -1.740699999999999932e+02 -1.489000000000000057e+01 1.391999999999999993e+01 1.386999999999999922e+01 1.958999999999999986e+01
-1.996999999999999886e+01 -1.381000000000000050e+01 7.398000000000000398e+01 -7.909999999999999432e+01 3.350000000000000089e+00 2.529300000000000068e+02 1.409999999999999920e+00 -2.161599999999999966e+02 -2.446000000000000085e+01 -2.283999999999999986e+01
7.339000000000000057e+01 -1.111999999999999922e+01 -5.450000000000000000e+01 -9.295000000000000284e+01 -2.640000000000000124e+00 -4.044900000000000091e+02 4.100000000000000000e+01 -2.015900000000000034e+02 -6.490000000000000213e+00 -1.578199999999999932e+02
-7.489000000000000057e+01 1.812999999999999901e+01 -8.606000000000000227e+01 1.698999999999999844e+01 3.599999999999999867e-01 2.024399999999999977e+02 7.668000000000000682e+01 2.478400000000000034e+02 5.349000000000000199e+01 -2.901000000000000156e+01
7.498999999999999488e+01 -5.329999999999999716e+01 1.696000000000000085e+01 4.057000000000000028e+01 -2.157999999999999829e+01 5.325999999999999801e+01 -1.708199999999999932e+02 5.602000000000000313e+01 -6.300000000000000044e-01 2.391000000000000014e+01
-6.868999999999999773e+01 2.133999999999999986e+01 6.968000000000000682e+01 6.210999999999999943e+01 1.603000000000000114e+01 -1.906899999999999977e+02 -1.378300000000000125e+02 3.628999999999999915e+01 5.749000000000000199e+01 -1.426999999999999957e+01
2.085999999999999943e+01 -9.873000000000000398e+01 -1.805999999999999872e+01 -8.890999999999999659e+01 1.449999999999999956e+00 6.128899999999999864e+02 2.498100000000000023e+02 -4.700000000000000000e+01 -8.268999999999999773e+01 9.895000000000000284e+01
1.079300000000000068e+02 1.340900000000000034e+02 1.477500000000000000e+02 -7.537999999999999545e+01 4.299999999999999822e+00 -3.337900000000000205e+02 5.697999999999999687e+01 -1.800200000000000102e+02 5.477000000000000313e+01 -3.959999999999999964e+00
7.469999999999999751e+00 -5.650000000000000000e+01 -9.295000000000000284e+01 4.167999999999999972e+01 -2.978999999999999915e+01 -3.403700000000000045e+02 4.540000000000000036e+00 8.134999999999999432e+01 -5.638000000000000256e+01 -1.330000000000000071e+00
-8.604000000000000625e+01 -2.282000000000000028e+01 -1.225999999999999979e+01 -1.022399999999999949e+02 1.546000000000000085e+01 2.241299999999999955e+02 -5.418999999999999773e+01 1.913199999999999932e+02 5.520000000000000284e+01 -3.865999999999999659e+01
-1.712999999999999901e+01 4.730000000000000426e+00 2.460999999999999943e+01 -8.918000000000000682e+01 -4.419999999999999929e+00 -4.434000000000000341e+01 -1.940000000000000000e+02 -9.748999999999999488e+01 -1.002800000000000011e+02 -3.364999999999999858e+01
4.050999999999999801e+01 7.068000000000000682e+01 1.315800000000000125e+02 3.979999999999999716e+01 -6.650000000000000355e+00 3.954999999999999716e+01 1.266700000000000017e+02 -1.558999999999999986e+01 9.473000000000000398e+01 -6.590000000000000568e+01
-6.252000000000000313e+01 -4.003999999999999915e+01 -8.117000000000000171e+01 -1.660999999999999943e+01 7.570000000000000284e+00 2.198899999999999864e+02 1.800800000000000125e+02 -1.183900000000000006e+02 3.076999999999999957e+01 -3.178000000000000114e+01
4.761999999999999744e+01 -5.539000000000000057e+01 4.239000000000000057e+01 3.103000000000000114e+01 1.233999999999999986e+01 -2.028899999999999864e+02 -9.106000000000000227e+01 -2.525000000000000000e+01 5.317000000000000171e+01 4.196000000000000085e+01
-5.239999999999999858e+01 2.421999999999999886e+01 -2.310999999999999943e+01 -5.195000000000000284e+01 -1.928000000000000114e+01 5.467000000000000171e+01 5.919999999999999929e+00 2.298499999999999943e+02 -7.840999999999999659e+01 8.568000000000000682e+01
3.314000000000000057e+01 -2.058999999999999986e+01 5.334000000000000341e+01 -1.315999999999999943e+02 4.809999999999999609e+00 -2.021999999999999886e+02 -2.058999999999999986e+01 -2.162000000000000099e+01 2.055000000000000071e+01 3.290000000000000036e+00
5.388000000000000256e+01 4.024000000000000199e+01 7.021999999999999886e+01 -1.119999999999999929e+01 5.480000000000000426e+00 9.104000000000000625e+01 6.184000000000000341e+01 -1.555000000000000071e+01 -3.653000000000000114e+01 -7.998000000000000398e+01
-9.439999999999999503e+00 -7.903000000000000114e+01 -2.419999999999999929e+00 4.867000000000000171e+01 1.011999999999999922e+01 3.261800000000000068e+02 1.088700000000000045e+02 -4.679999999999999716e+00 1.318100000000000023e+02 3.003000000000000114e+01
-2.669000000000000128e+01 8.804000000000000625e+01 5.843999999999999773e+01 -1.787999999999999901e+01 -4.292000000000000171e+01 -1.334099999999999966e+02 -1.928600000000000136e+02 -6.493999999999999773e+01 -4.911999999999999744e+01 -2.571999999999999886e+01
5.100999999999999801e+01 -4.381000000000000227e+01 -9.131000000000000227e+01 -6.750000000000000000e+00 2.520000000000000018e+00 -1.894600000000000080e+02 5.802000000000000313e+01 -1.943400000000000034e+02 -7.534999999999999432e+01 8.862999999999999545e+01
-8.630000000000000782e+00 -3.549999999999999822e+00 -5.497999999999999687e+01 -1.108599999999999994e+02 3.009999999999999787e+00 1.750200000000000102e+02 2.478000000000000114e+01 1.138900000000000006e+02 1.349199999999999875e+02 -5.150999999999999801e+01
-7.903000000000000114e+01 -1.064000000000000057e+01 8.454000000000000625e+01 -7.929000000000000625e+01 -3.609999999999999876e+00 -2.867500000000000000e+02 -2.548000000000000043e+01 2.200900000000000034e+02 -1.460999999999999943e+02 -2.220099999999999909e+02
3.413000000000000256e+01 -2.210999999999999943e+01 9.204000000000000625e+01 4.989999999999999858e+01 -2.419999999999999929e+00 3.180099999999999909e+02 -1.506100000000000136e+02 -6.960999999999999943e+01 1.316100000000000136e+02 8.150000000000000355e+00
4.360000000000000320e+00 6.299999999999999822e+00 -3.671999999999999886e+01 -6.462999999999999545e+01 -1.071000000000000085e+01 3.671999999999999886e+01 1.189099999999999966e+02 -1.330000000000000000e+02 -1.605000000000000071e+01 1.614399999999999977e+02
1.424000000000000021e+01 -8.929999999999999716e+00 -2.196000000000000085e+01 -5.042999999999999972e+01 -7.639999999999999680e+00 -3.074800000000000182e+02 -4.049000000000000199e+01 -4.392000000000000171e+01 -1.108000000000000007e+01 9.931000000000000227e+01
2.496999999999999886e+01 7.446999999999999886e+01 -1.983999999999999986e+01 -2.710999999999999943e+01 8.080000000000000071e+00 2.804499999999999886e+02 9.989000000000000057e+01 -3.877000000000000313e+01 6.397999999999999687e+01 -8.387999999999999545e+01
-4.570000000000000284e+00 -4.367000000000000171e+01 -5.703999999999999915e+01 -5.075000000000000000e+01 -1.451999999999999957e+01 5.167999999999999972e+01 5.281000000000000227e+01 1.473899999999999864e+02 -2.335999999999999943e+01 -2.805999999999999872e+01
-1.605000000000000071e+01 6.459999999999999964e+00 1.228299999999999983e+02 4.827000000000000313e+01 -5.459999999999999964e+00 -4.703299999999999841e+02 -1.239099999999999966e+02 -4.367000000000000171e+01 -5.207999999999999829e+01 -1.301399999999999864e+02
2.360000000000000142e+01 -3.123999999999999844e+01 -1.199999999999999956e+00 -8.917000000000000171e+01 -2.000000000000000111e-01 5.042599999999999909e+02 5.940000000000000391e+00 9.699999999999999734e-01 9.109000000000000341e+01 1.119200000000000017e+02
-1.210999999999999943e+01 2.367999999999999972e+01 -6.311999999999999744e+01 -9.192000000000000171e+01 -1.540000000000000036e+00 -7.169999999999999929e+00 -1.315000000000000036e+01 -2.885000000000000142e+01 -2.830000000000000071e+01 3.080000000000000071e+01
-7.190999999999999659e+01 -2.642000000000000171e+01 2.821000000000000085e+01 5.999999999999999778e-02 -1.900000000000000000e+01 -3.093399999999999750e+02 3.828000000000000114e+01 -7.742000000000000171e+01 -4.989000000000000057e+01 -5.519999999999999574e+00
6.440000000000000568e+01 5.899999999999999689e-01 3.060000000000000142e+01 6.523999999999999488e+01 1.397000000000000064e+01 1.456200000000000045e+02 -1.144699999999999989e+02 7.892000000000000171e+01 4.986999999999999744e+01 2.589999999999999858e+01
8.220000000000000284e+01 -7.769999999999999574e+00 -2.621000000000000085e+01 -3.008999999999999986e+01 9.919999999999999929e+00 3.030299999999999727e+02 8.554999999999999716e+01 2.039000000000000057e+01 2.612999999999999901e+01 -1.230699999999999932e+02
2.807999999999999829e+01 5.585000000000000142e+01 4.693999999999999773e+01 -1.101999999999999957e+01 -1.030000000000000071e+01 -2.287500000000000000e+02 3.799000000000000199e+01 8.992000000000000171e+01 -7.001000000000000512e+01 1.087999999999999972e+02
1.870000000000000107e+00 -5.310999999999999943e+01 5.320000000000000284e+00 -1.262600000000000051e+02 -4.360000000000000320e+00 -6.870000000000000284e+01 -1.188400000000000034e+02 -1.219999999999999973e+00 1.509300000000000068e+02 -1.199000000000000021e+01
-8.873999999999999488e+01 3.527000000000000313e+01 -1.660999999999999943e+01 -2.401999999999999957e+01 -8.509999999999999787e+00 4.042000000000000171e+01 2.305000000000000071e+01 -2.450000000000000178e+00 -9.773000000000000398e+01 -1.289600000000000080e+02
-5.578999999999999915e+01 7.450000000000000178e+00 5.368999999999999773e+01 5.071000000000000085e+01 1.839999999999999858e+01 -3.699000000000000199e+01 7.178000000000000114e+01 -1.009200000000000017e+02 5.550999999999999801e+01 1.148799999999999955e+02
7.370000000000000284e+01 -2.180000000000000071e+01 -7.759999999999999432e+01 -3.137000000000000099e+01 -1.091000000000000014e+01 -5.434000000000000341e+01 -2.896999999999999886e+01 -1.735000000000000142e+01 -1.969000000000000128e+01 1.266299999999999955e+02
-3.370000000000000107e+00 -8.090999999999999659e+01 -2.898000000000000043e+01 -8.184999999999999432e+01 -2.080000000000000071e+00 3.975899999999999750e+02 -4.282000000000000028e+01 -9.851000000000000512e+01 -5.918999999999999773e+01 -2.097299999999999898e+02
-4.075000000000000000e+01 4.235000000000000142e+01 1.290000000000000036e+00 -3.377000000000000313e+01 -1.300000000000000044e-01 -6.117300000000000182e+02 6.261999999999999744e+01 1.032000000000000028e+02 6.879999999999999893e+00 -1.080000000000000071e+01
3.542999999999999972e+01 4.822999999999999687e+01 -1.459999999999999964e+01 1.662000000000000099e+01 6.429999999999999716e+00 2.263000000000000114e+02 1.195799999999999983e+02 2.063600000000000136e+02 9.857999999999999829e+01 -1.433000000000000007e+01
6.653000000000000114e+01 -1.919999999999999929e+00 9.710999999999999943e+01 2.001999999999999957e+01 3.599999999999999867e-01 3.697699999999999818e+02 -5.078999999999999915e+01 -1.057999999999999972e+02 -3.764999999999999858e+01 3.379999999999999716e+01
-4.985000000000000142e+01 -3.600999999999999801e+01 -4.532000000000000028e+01 -8.042000000000000171e+01 8.900000000000000133e-01 -5.126599999999999682e+02 -2.069900000000000091e+02 5.707999999999999829e+01 2.680000000000000160e+00 1.327899999999999920e+02
-3.014000000000000057e+01 2.060000000000000053e+00 -1.210100000000000051e+02 -1.076299999999999955e+02 -5.429999999999999716e+00 2.215200000000000102e+02 1.189500000000000028e+02 -2.035399999999999920e+02 -1.019000000000000057e+02 3.928000000000000114e+01
-9.410000000000000142e+00 -2.873000000000000043e+01 1.400000000000000133e-01 -2.991000000000000014e+01 -5.639999999999999680e+00 -3.361600000000000250e+02 -5.672999999999999687e+01 -1.538799999999999955e+02 5.609000000000000341e+01 -1.965000000000000000e+02
-2.419999999999999929e+01 1.635000000000000142e+01 9.596999999999999886e+01 -2.412000000000000099e+01 -5.799999999999999600e-01 1.167300000000000040e+02 1.301500000000000057e+02 1.197800000000000011e+02 5.870000000000000107e+00 1.869999999999999929e+01
6.759000000000000341e+01 2.575000000000000000e+01 6.239999999999999858e+01 4.453000000000000114e+01 1.003999999999999915e+01 4.795600000000000023e+02 1.014300000000000068e+02 1.552599999999999909e+02 6.431999999999999318e+01 -2.505999999999999872e+01
9.115999999999999659e+01 -4.000000000000000222e-01 2.073999999999999844e+01 8.380000000000000782e+00 5.599999999999999645e+00 -4.767999999999999972e+01 -1.240799999999999983e+02 1.427400000000000091e+02 4.096999999999999886e+01 8.554999999999999716e+01
1.751999999999999957e+01 -1.998999999999999844e+01 -7.803000000000000114e+01 -7.084999999999999432e+01 1.600000000000000089e+00 -2.986800000000000068e+02 -5.828000000000000114e+01 -2.067299999999999898e+02 -7.254999999999999716e+01 6.400000000000000000e+01
-1.670800000000000125e+02 -4.557000000000000028e+01 -8.051000000000000512e+01 -8.579999999999999716e+01 -2.123000000000000043e+01 -2.213899999999999864e+02 1.488799999999999955e+02 -1.161500000000000057e+02 2.214999999999999858e+01 -8.768999999999999773e+01
-4.615999999999999659e+01 1.925000000000000000e+01 3.350000000000000000e+01 -1.244999999999999929e+01 7.809999999999999609e+00 3.053999999999999915e+01 -1.074599999999999937e+02 -8.965000000000000568e+01 -4.497999999999999687e+01 1.085100000000000051e+02
6.256000000000000227e+01 9.089999999999999858e+00 7.107999999999999829e+01 -6.149000000000000199e+01 8.830000000000000071e+00 1.625699999999999932e+02 4.786999999999999744e+01 5.659000000000000341e+01 1.005999999999999943e+02 -1.675600000000000023e+02
1.082900000000000063e+02 -5.809000000000000341e+01 5.519999999999999574e+00 -1.381000000000000050e+01 -2.028000000000000114e+01 4.075000000000000000e+02 -9.100000000000000311e-01 2.854499999999999886e+02 -4.257000000000000028e+01 -8.443000000000000682e+01
-2.773999999999999844e+01 8.370000000000000284e+01 2.828000000000000114e+01 4.299999999999999822e+00 1.632000000000000028e+01 -3.294300000000000068e+02 -8.865000000000000568e+01 3.985999999999999943e+01 -6.981000000000000227e+01 -2.923999999999999844e+01
-2.855999999999999872e+01 -3.742999999999999972e+01 -1.666699999999999875e+02 2.967000000000000171e+01 -1.375999999999999979e+01 -4.571999999999999886e+01 9.115000000000000568e+01 -2.059900000000000091e+02 4.274000000000000199e+01 1.289600000000000080e+02
-1.121200000000000045e+02 -1.040000000000000036e+00 1.163000000000000078e+01 -8.576999999999999602e+01 1.848999999999999844e+01 -1.008900000000000006e+02 2.517000000000000171e+01 -5.835000000000000142e+01 5.242999999999999972e+01 1.000100000000000051e+02
-1.224000000000000021e+01 -3.840999999999999659e+01 1.216599999999999966e+02 -1.576100000000000136e+02 8.949999999999999289e+00 2.817000000000000171e+01 7.542000000000000171e+01 -5.813000000000000256e+01 -7.248999999999999488e+01 -1.341500000000000057e+02
1.652199999999999989e+02 -5.914999999999999858e+01 -1.138599999999999994e+02 7.919999999999999929e+00 -1.953000000000000114e+01 2.217199999999999989e+02 4.982000000000000028e+01 1.963300000000000125e+02 5.980000000000000426e+00 -4.682000000000000028e+01
1.108000000000000007e+01 1.252800000000000011e+02 4.825999999999999801e+01 7.876000000000000512e+01 -1.270000000000000018e+00 -1.053299999999999983e+02 -4.099000000000000199e+01 5.267999999999999972e+01 7.312000000000000455e+01 2.283300000000000125e+02
6.139999999999999680e+00 1.959999999999999964e+00 -2.566000000000000014e+01 1.229999999999999982e+00 -2.169999999999999929e+00 -1.696599999999999966e+02 -1.549699999999999989e+02 -4.656000000000000227e+01 -2.798000000000000043e+01 -9.004000000000000625e+01
-8.557999999999999829e+01 -8.596999999999999886e+01 -7.799999999999999822e+00 -9.628000000000000114e+01 -2.217999999999999972e+01 1.545800000000000125e+02 5.610000000000000320e+00 -2.773199999999999932e+02 -3.817000000000000171e+01 -3.750999999999999801e+01
-1.023599999999999994e+02 7.284999999999999432e+01 -2.833999999999999986e+01 -1.453600000000000136e+02 1.540000000000000036e+00 -2.436100000000000136e+02 9.212000000000000455e+01 -8.993000000000000682e+01 -4.071999999999999886e+01 -1.341599999999999966e+02
6.396000000000000085e+01 -4.378999999999999915e+01 3.318999999999999773e+01 6.929999999999999716e+00 2.651000000000000156e+01 1.091800000000000068e+02 2.591600000000000250e+02 2.144900000000000091e+02 1.337599999999999909e+02 1.029599999999999937e+02
1.770500000000000114e+02 6.995000000000000284e+01 4.875000000000000000e+01 9.181999999999999318e+01 3.110999999999999943e+01 4.228799999999999955e+02 2.201999999999999957e+01 1.822400000000000091e+02 3.157000000000000028e+01 1.338400000000000034e+02
-7.810999999999999943e+01 -7.418000000000000682e+01 1.820000000000000062e+00 -1.830999999999999872e+01 -1.794999999999999929e+01 -4.120000000000000000e+02 -3.459200000000000159e+02 2.856200000000000045e+02 5.040000000000000036e+00 -1.444799999999999898e+02
6.060999999999999943e+01 -1.082199999999999989e+02 -9.570000000000000284e+00 -8.429000000000000625e+01 -1.574000000000000021e+01 -8.404999999999999716e+01 -5.168999999999999773e+01 -3.305899999999999750e+02 -1.198199999999999932e+02 -2.426100000000000136e+02
-9.081000000000000227e+01 1.263900000000000006e+02 -1.192199999999999989e+02 -1.110600000000000023e+02 -1.040000000000000036e+00 2.333899999999999864e+02 1.089200000000000017e+02 -3.300199999999999818e+02 6.030000000000000249e+00 -1.791000000000000014e+01
-5.182999999999999829e+01 -4.889999999999999858e+01 7.743000000000000682e+01 -8.368999999999999773e+01 -2.246999999999999886e+01 -1.820000000000000000e+02 1.289000000000000057e+02 -4.849999999999999645e+00 1.339000000000000057e+02 1.801899999999999977e+02
4.904999999999999716e+01 5.660000000000000142e+01 5.292000000000000171e+01 3.642999999999999972e+01 2.819999999999999929e+01 2.700500000000000114e+02 1.193100000000000023e+02 3.377599999999999909e+02 -1.600000000000000089e+00 1.705500000000000114e+02
-9.240000000000000213e+00 -7.440000000000000568e+01 -8.820000000000000284e+00 1.008700000000000045e+02 -2.500000000000000000e+01 3.149999999999999911e+00 -5.861999999999999744e+01 9.690999999999999659e+01 -1.202800000000000011e+02 4.652000000000000313e+01
-4.580000000000000071e+00 2.387999999999999901e+01 -4.280000000000000249e+00 -4.950999999999999801e+01 5.232000000000000028e+01 -2.197800000000000011e+02 -2.681899999999999977e+02 -6.314000000000000057e+01 6.951000000000000512e+01 -2.863799999999999955e+02
-2.626000000000000156e+01 -2.544999999999999929e+01 -1.401800000000000068e+02 -1.873000000000000114e+02 -5.007999999999999829e+01 6.737999999999999545e+01 -2.516000000000000014e+01 -9.556000000000000227e+01 -3.277000000000000313e+01 3.689999999999999858e+01
6.767000000000000171e+01 1.199599999999999937e+02 1.721000000000000085e+01 -1.819000000000000128e+01 -1.889999999999999902e+00 5.132000000000000028e+01 3.408399999999999750e+02 -1.995300000000000011e+02 -1.266000000000000014e+01 5.918999999999999773e+01
9.390000000000000568e+01 -6.059000000000000341e+01 5.429999999999999716e+00 -6.110999999999999943e+01 3.839999999999999858e+01 -2.360500000000000114e+02 -1.178900000000000006e+02 8.629999999999999716e+01 2.092000000000000171e+01 3.425999999999999801e+01
-1.657999999999999829e+01 1.826999999999999957e+01 2.720299999999999727e+02 -9.560000000000000497e+00 -1.577999999999999936e+01 6.620000000000000107e+00 7.139999999999999680e+00 -7.151999999999999602e+01 7.070000000000000284e+00 1.475300000000000011e+02
-1.915200000000000102e+02 -6.870000000000000284e+01 -1.466800000000000068e+02 1.928000000000000114e+01 2.200000000000000011e-01 3.407099999999999795e+02 -1.634499999999999886e+02 4.519399999999999977e+02 5.347999999999999687e+01 -2.774100000000000250e+02
5.624000000000000199e+01 4.729999999999999716e+01 -4.025000000000000000e+01 -6.089000000000000057e+01 -1.210999999999999943e+01 1.220900000000000034e+02 5.956000000000000227e+01 2.480999999999999872e+01 -9.204000000000000625e+01 -1.087900000000000063e+02
5.299000000000000199e+01 5.709999999999999964e+00 -9.517000000000000171e+01 -4.779999999999999716e+01 8.460000000000000853e+00 -2.264300000000000068e+02 2.392599999999999909e+02 -4.772699999999999818e+02 1.029599999999999937e+02 2.214900000000000091e+02
6.043999999999999773e+01 3.714000000000000057e+01 -2.364000000000000057e+01 5.179999999999999716e+00 -1.350000000000000089e+00 5.696999999999999886e+01 -3.286200000000000045e+02 -2.110000000000000142e+01 -1.129599999999999937e+02 1.759600000000000080e+02
3.417999999999999972e+01 -1.448000000000000043e+01 1.297800000000000011e+02 -1.274300000000000068e+02 3.350000000000000089e+00 -2.354600000000000080e+02 1.599000000000000021e+01 1.010400000000000063e+02 -3.279999999999999716e+01 -1.970699999999999932e+02
-7.020999999999999375e+01 -3.464999999999999858e+01 -1.730999999999999872e+01 1.639999999999999902e+00 -2.385999999999999943e+01 -1.051899999999999977e+02 4.824000000000000199e+01 1.540999999999999943e+02 1.484499999999999886e+02 -7.365999999999999659e+01
-4.230000000000000426e+00 2.089999999999999858e+01 1.200600000000000023e+02 1.671000000000000085e+01 1.322000000000000064e+01 4.968100000000000023e+02 3.874000000000000199e+01 4.967999999999999972e+01 7.399999999999999911e-01 2.567999999999999972e+01
3.141000000000000014e+01 1.764999999999999858e+01 -6.723000000000000398e+01 -4.964000000000000057e+01 3.339999999999999858e+00 -1.980000000000000000e+02 2.188899999999999864e+02 -9.595000000000000284e+01 7.890999999999999659e+01 1.540000000000000036e+01
-2.482999999999999829e+01 -6.261999999999999744e+01 -1.056200000000000045e+02 -2.301000000000000156e+01 -8.060000000000000497e+00 1.970200000000000102e+02 -3.955600000000000023e+02 -1.286599999999999966e+02 -1.362599999999999909e+02 1.236500000000000057e+02
1.225100000000000051e+02 9.820000000000000284e+00 2.132999999999999829e+01 -1.214300000000000068e+02 -2.390000000000000124e+00 -5.432799999999999727e+02 1.036500000000000057e+02 -4.389999999999999680e+00 -1.800000000000000044e+00 1.214699999999999989e+02
5.802000000000000313e+01 5.153999999999999915e+01 6.331000000000000227e+01 3.545000000000000284e+01 2.055000000000000071e+01 1.256099999999999994e+02 2.145600000000000023e+02 2.726999999999999957e+01 7.832999999999999829e+01 -1.633600000000000136e+02
-1.332199999999999989e+02 -4.690000000000000391e+00 -2.332999999999999829e+01 1.433999999999999986e+01 -6.679999999999999716e+00 3.283899999999999864e+02 2.359999999999999876e+00 3.582000000000000028e+01 5.717999999999999972e+01 -2.260900000000000034e+02
-8.390000000000000568e+01 -7.462999999999999545e+01 1.027399999999999949e+02 -9.106000000000000227e+01 -1.773000000000000043e+01 -2.066699999999999875e+02 -9.407999999999999829e+01 1.800399999999999920e+02 -7.800000000000000000e+01 -4.588000000000000256e+01
4.742999999999999972e+01 -4.240999999999999659e+01 -1.168900000000000006e+02 -8.034999999999999432e+01 -2.457000000000000028e+01 3.988500000000000227e+02 -1.009200000000000017e+02 -2.461500000000000057e+02 -4.077000000000000313e+01 2.074699999999999989e+02
1.120699999999999932e+02 2.417000000000000171e+01 3.080999999999999872e+01 4.989999999999999858e+01 3.209000000000000341e+01 -6.095800000000000409e+02 2.482999999999999829e+01 1.018599999999999994e+02 8.262000000000000455e+01 7.920999999999999375e+01
6.070000000000000284e+01 3.725999999999999801e+01 6.671999999999999886e+01 -1.876000000000000156e+01 5.009999999999999787e+00 3.246299999999999955e+02 2.196200000000000045e+02 3.392000000000000171e+01 -5.419999999999999929e+00 1.901000000000000156e+01
-6.629999999999999716e+01 -1.193999999999999950e+01 -7.398000000000000398e+01 -5.775000000000000000e+01 -1.735999999999999943e+01 1.646000000000000085e+01 -6.999999999999999556e-01 -1.203199999999999932e+02 -3.268999999999999773e+01 -1.447599999999999909e+02
-1.460500000000000114e+02 -7.459999999999999964e+00 -2.650000000000000000e+01 -1.198400000000000034e+02 3.800000000000000044e-01 -8.418999999999999773e+01 -1.184599999999999937e+02 2.204099999999999966e+02 -3.771999999999999886e+01 -4.417000000000000171e+01
9.689999999999999503e+00 -1.732000000000000028e+01 4.561999999999999744e+01 4.820000000000000284e+00 -3.069999999999999840e+00 1.713899999999999864e+02 -8.482999999999999829e+01 -1.324199999999999875e+02 6.150999999999999801e+01 1.033599999999999994e+02
1.414099999999999966e+02 -3.835999999999999943e+01 6.235000000000000142e+01 -2.012999999999999901e+01 1.224000000000000021e+01 -2.510800000000000125e+02 1.981699999999999875e+02 3.620000000000000107e+00 4.299999999999999933e-01 -6.540000000000000036e+00
2.676000000000000156e+01 1.374000000000000021e+01 -5.954999999999999716e+01 -3.850000000000000000e+01 -9.900000000000000355e+00 3.402300000000000182e+02 -6.017999999999999972e+01 -9.485999999999999943e+01 6.764000000000000057e+01 -2.112999999999999901e+01
-4.206000000000000227e+01 2.241000000000000014e+01 3.632000000000000028e+01 -5.814000000000000057e+01 8.220000000000000639e+00 -7.167000000000000171e+01 -2.335500000000000114e+02 1.016700000000000017e+02 -6.875000000000000000e+01 -9.178000000000000114e+01
-1.381500000000000057e+02 -4.580000000000000071e+00 -1.575999999999999979e+01 -4.150999999999999801e+01 -1.390000000000000036e+01 -4.362300000000000182e+02 2.092599999999999909e+02 1.035199999999999960e+02 -3.037999999999999901e+01 -5.665999999999999659e+01
8.781999999999999318e+01 1.601000000000000156e+01 8.240999999999999659e+01 5.360000000000000320e+00 9.220000000000000639e+00 2.269699999999999989e+02 1.495200000000000102e+02 -1.521899999999999977e+02 9.562000000000000455e+01 1.499900000000000091e+02
1.237999999999999972e+02 -5.271000000000000085e+01 -5.969999999999999751e+00 -6.224000000000000199e+01 -3.339999999999999858e+00 2.693500000000000227e+02 -6.088000000000000256e+01 2.950000000000000000e+01 -6.554999999999999716e+01 1.518400000000000034e+02
-9.556999999999999318e+01 -8.131000000000000227e+01 -7.176000000000000512e+01 -4.653999999999999915e+01 -1.729999999999999982e+00 -1.833499999999999943e+02 2.379999999999999893e+00 1.391899999999999977e+02 2.173999999999999844e+01 -1.717299999999999898e+02
-6.507999999999999829e+01 6.554999999999999716e+01 2.219000000000000128e+01 -5.922999999999999687e+01 2.560000000000000053e+00 7.068000000000000682e+01 -1.781599999999999966e+02 -1.020699999999999932e+02 -2.137000000000000099e+01 -1.108599999999999994e+02
-4.314999999999999858e+01 -6.299999999999999822e+00 7.348000000000000398e+01 -2.812999999999999901e+01 7.509999999999999787e+00 4.386999999999999744e+01 2.297400000000000091e+02 -1.201899999999999977e+02 4.030000000000000249e+00 -8.321999999999999886e+01
7.953000000000000114e+01 6.480000000000000426e+00 -3.489000000000000057e+01 -4.952000000000000313e+01 -1.621999999999999886e+01 -2.803000000000000114e+02 9.689000000000000057e+01 1.334000000000000057e+02 -4.280000000000000249e+00 1.578300000000000125e+02
6.371000000000000085e+01 -8.887000000000000455e+01 2.967999999999999972e+01 4.174000000000000199e+01 3.599999999999999867e-01 1.406699999999999875e+02 -1.520500000000000114e+02 5.528999999999999915e+01 1.870000000000000107e+00 9.126000000000000512e+01
-1.212199999999999989e+02 6.128999999999999915e+01 -5.700000000000000178e+00 -1.126800000000000068e+02 6.169999999999999929e+00 -2.567999999999999972e+01 -5.778999999999999915e+01 -6.950000000000000000e+01 -7.049999999999999822e+00 -9.067000000000000171e+01
4.610999999999999943e+01 -4.270000000000000284e+01 3.157999999999999829e+01 -6.667000000000000171e+01 -1.017999999999999972e+01 -1.803400000000000034e+02 -3.577000000000000313e+01 -2.732000000000000028e+01 -1.996999999999999886e+01 -4.638000000000000256e+01
-2.353999999999999915e+01 3.439000000000000057e+01 -5.260999999999999943e+01 -9.060999999999999943e+01 9.529999999999999361e+00 2.130600000000000023e+02 1.959900000000000091e+02 -3.128000000000000114e+01 5.846000000000000085e+01 -1.044099999999999966e+02
-5.607999999999999829e+01 1.021000000000000085e+01 -2.087999999999999901e+01 -4.889000000000000057e+01 1.094999999999999929e+01 2.846999999999999886e+02 1.254699999999999989e+02 1.155000000000000071e+01 -4.929999999999999716e+00 4.885000000000000142e+01
6.288000000000000256e+01 -2.400000000000000000e+01 7.882999999999999829e+01 6.399000000000000199e+01 -1.339000000000000057e+01 -4.132599999999999909e+02 -1.681399999999999864e+02 1.148400000000000034e+02 9.968999999999999773e+01 8.342000000000000171e+01
-9.269999999999999574e+00 1.833999999999999986e+01 -7.959999999999999964e+00 1.260000000000000009e+00 1.517999999999999972e+01 2.275600000000000023e+02 -1.049500000000000028e+02 -1.981100000000000136e+02 -5.150999999999999801e+01 -3.807000000000000028e+01
6.263000000000000256e+01 -3.664999999999999858e+01 2.833999999999999986e+01 -1.789399999999999977e+02 3.279999999999999805e+00 -1.272000000000000028e+02 -7.440000000000000568e+01 4.371000000000000085e+01 -6.860000000000000320e+00 -9.876999999999999602e+01
-3.589000000000000057e+01 -3.810000000000000142e+01 -6.150999999999999801e+01 -6.901999999999999602e+01 -1.805999999999999872e+01 -2.130900000000000034e+02 2.348199999999999932e+02 1.698799999999999955e+02 -2.310000000000000053e+00 -1.323000000000000114e+02
-1.285300000000000011e+02 5.496999999999999886e+01 -8.475000000000000000e+01 1.864000000000000057e+01 6.110000000000000320e+00 4.748000000000000114e+02 1.462400000000000091e+02 -1.633400000000000034e+02 4.449000000000000199e+01 2.034900000000000091e+02
1.157099999999999937e+02 -6.530000000000000249e+00 9.462000000000000455e+01 -3.790000000000000036e+00 2.000000000000000111e-01 -1.803799999999999955e+02 -1.922800000000000011e+02 7.048999999999999488e+01 -1.525999999999999979e+01 9.482999999999999829e+01
1.039699999999999989e+02 -3.792000000000000171e+01 3.101999999999999957e+01 -4.249000000000000199e+01 -1.015000000000000036e+01 3.842000000000000171e+01 -2.560000000000000142e+01 1.668100000000000023e+02 2.342000000000000171e+01 3.970000000000000284e+01
-2.130000000000000071e+01 3.911999999999999744e+01 1.942999999999999972e+01 -8.048999999999999488e+01 7.309999999999999609e+00 -1.760000000000000142e+01 -8.570999999999999375e+01 -2.632599999999999909e+02 -2.130999999999999872e+01 -1.260799999999999983e+02
-7.356000000000000227e+01 -4.117999999999999972e+01 -1.330800000000000125e+02 -5.750000000000000000e+01 -5.999999999999999778e-02 -3.746899999999999977e+02 2.148199999999999932e+02 6.414000000000000057e+01 -8.168999999999999773e+01 -9.768000000000000682e+01
-1.195100000000000051e+02 -2.387999999999999901e+01 2.041000000000000014e+01 -6.859999999999999432e+01 -1.098000000000000043e+01 1.060400000000000063e+02 -9.514000000000000057e+01 -9.225000000000000000e+01 5.992999999999999972e+01 1.021599999999999966e+02
9.230000000000000426e+00 8.340000000000000568e+01 -8.031000000000000227e+01 -7.928000000000000114e+01 1.660999999999999943e+01 3.683199999999999932e+02 -2.385000000000000142e+01 7.823000000000000398e+01 3.932999999999999829e+01 7.829999999999999716e+01
1.858499999999999943e+02 -1.252999999999999936e+01 8.206999999999999318e+01 2.973999999999999844e+01 -1.074000000000000021e+01 -3.710999999999999943e+01 6.147999999999999687e+01 3.714000000000000057e+01 4.168999999999999773e+01 -1.175400000000000063e+02
2.099999999999999922e-01 -1.023499999999999943e+02 -5.882999999999999829e+01 -6.618999999999999773e+01 -8.609999999999999432e+00 -1.338600000000000136e+02 5.817000000000000171e+01 -1.225499999999999972e+02 -4.292999999999999972e+01 -4.818999999999999773e+01
-8.373999999999999488e+01 7.184000000000000341e+01 1.174000000000000021e+01 -1.858999999999999986e+01 -2.819999999999999840e+00 -1.853000000000000114e+02 -8.025000000000000000e+01 1.238199999999999932e+02 2.764000000000000057e+01 2.235000000000000142e+01
-1.497000000000000064e+01 2.490000000000000213e+00 -1.500000000000000000e+01 -1.175600000000000023e+02 1.350000000000000000e+01 1.950999999999999943e+02 1.393999999999999950e+01 -8.769999999999999574e+00 -4.324000000000000199e+01 1.691399999999999864e+02
-3.209000000000000341e+01 -1.750000000000000000e+00 -1.499999999999999944e-01 -8.970999999999999375e+01 -2.867000000000000171e+01 1.125499999999999972e+02 -8.764000000000000057e+01 -2.312800000000000011e+02 4.135999999999999943e+01 9.529999999999999361e+00
4.103000000000000114e+01 -2.689000000000000057e+01 -2.558999999999999986e+01 1.558000000000000007e+01 2.073000000000000043e+01 -3.829700000000000273e+02 4.035000000000000142e+01 1.959199999999999875e+02 -5.107000000000000028e+01 -2.198899999999999864e+02
5.106000000000000227e+01 4.678999999999999915e+01 -2.450000000000000178e+00 1.067999999999999972e+01 -2.221000000000000085e+01 3.837200000000000273e+02 6.225999999999999801e+01 -1.311699999999999875e+02 6.701000000000000512e+01 -1.160000000000000000e+02
1.083000000000000007e+01 -7.581999999999999318e+01 4.935999999999999943e+01 -4.578000000000000114e+01 2.459999999999999964e+00 -2.646999999999999886e+01 -8.168999999999999773e+01 1.829399999999999977e+02 5.936999999999999744e+01 1.206299999999999955e+02
3.679999999999999716e+01 6.537000000000000455e+01 -1.960999999999999943e+01 -3.117999999999999972e+01 9.990000000000000213e+00 -1.481899999999999977e+02 1.441599999999999966e+02 -5.864999999999999858e+01 -8.253000000000000114e+01 5.186999999999999744e+01
2.110999999999999943e+01 -6.678000000000000114e+01 1.063000000000000078e+01 -9.059999999999999432e+01 -2.149999999999999911e+00 1.902100000000000080e+02 -1.252800000000000011e+02 -1.236800000000000068e+02 7.349999999999999645e+00 1.334099999999999966e+02
-9.756000000000000227e+01 4.320000000000000284e+00 8.740000000000000213e+00 -2.026000000000000156e+01 -6.120000000000000107e+00 -1.441500000000000057e+02 4.754999999999999716e+01 1.349900000000000091e+02 -2.317000000000000171e+01 -5.832000000000000028e+01
1.126999999999999957e+01 2.948000000000000043e+01 1.757999999999999829e+01 -1.391999999999999993e+01 5.200000000000000178e+00 -8.262999999999999545e+01 -1.067600000000000051e+02 4.086999999999999744e+01 6.139999999999999858e+01 -1.526599999999999966e+02
3.664999999999999858e+01 1.350000000000000089e+00 2.117999999999999972e+01 -6.700000000000000178e+00 -9.380000000000000782e+00 2.235399999999999920e+02 9.076000000000000512e+01 -1.850399999999999920e+02 -5.799999999999999822e+00 -2.271000000000000085e+01
-2.596999999999999886e+01 -1.400999999999999979e+01 -9.481999999999999318e+01 -7.221999999999999886e+01 2.390000000000000124e+00 9.906000000000000227e+01 -1.066599999999999966e+02 -4.860000000000000142e+01 -1.623999999999999844e+01 2.008999999999999986e+01
8.045999999999999375e+01 -3.194999999999999929e+01 6.668000000000000682e+01 -1.803000000000000114e+01 -1.397000000000000064e+01 -2.938100000000000023e+02 1.874300000000000068e+02 1.324600000000000080e+02 -3.564999999999999858e+01 1.060300000000000011e+02
-2.087999999999999901e+01 -1.516999999999999993e+01 1.053999999999999915e+01 -6.468999999999999773e+01 1.263000000000000078e+01 9.360999999999999943e+01 1.482299999999999898e+02 5.860999999999999943e+01 6.403000000000000114e+01 5.985999999999999943e+01
-1.007600000000000051e+02 4.050000000000000000e+01 -3.965999999999999659e+01 -7.432999999999999829e+01 1.300000000000000044e+00 1.795200000000000102e+02 -1.189000000000000057e+02 -7.085999999999999943e+01 -4.547999999999999687e+01 2.107000000000000028e+01
6.268999999999999773e+01 -2.307000000000000028e+01 1.211700000000000017e+02 5.909000000000000341e+01 -7.509999999999999787e+00 -3.657200000000000273e+02 -1.530900000000000034e+02 -5.889999999999999858e+01 1.549000000000000021e+01 -2.432299999999999898e+02
7.706000000000000227e+01 1.632000000000000028e+01 -5.075000000000000000e+01 -1.079000000000000057e+02 -5.839999999999999858e+00 2.022700000000000102e+02 -6.228999999999999915e+01 -8.179999999999999716e+01 3.415999999999999659e+01 2.121999999999999886e+01
-1.124399999999999977e+02 -2.560000000000000053e+00 -1.655000000000000071e+01 -9.998000000000000398e+01 -5.309999999999999609e+00 -1.803999999999999915e+01 1.420900000000000034e+02 2.332999999999999829e+01 -4.888000000000000256e+01 -4.625000000000000000e+01
1.534999999999999964e+01 -3.789000000000000057e+01 -3.242000000000000171e+01 4.711999999999999744e+01 2.100000000000000089e+00 -7.240000000000000568e+01 1.760999999999999943e+02 1.919399999999999977e+02 4.269999999999999574e+00 5.875000000000000000e+01
5.528000000000000114e+01 1.725000000000000000e+01 -4.200000000000000000e+01 -8.440999999999999659e+01 1.780000000000000027e+00 3.101999999999999886e+02 -9.089000000000000057e+01 -1.434699999999999989e+02 2.351000000000000156e+01 2.278000000000000114e+01
5.603000000000000114e+01 2.235000000000000142e+01 7.762000000000000455e+01 -1.676000000000000156e+01 -1.179999999999999938e+00 -3.877599999999999909e+02 -1.759799999999999898e+02 -6.471999999999999886e+01 5.003999999999999915e+01 -1.294999999999999929e+01
7.929999999999999716e+00 -4.925000000000000000e+01 7.590999999999999659e+01 -6.579000000000000625e+01 5.860000000000000320e+00 2.236200000000000045e+02 6.372999999999999687e+01 1.235400000000000063e+02 2.353000000000000114e+01 -5.007000000000000028e+01
