-1.816999999999999886e+02 1.216999999999999993e+01 9.531999999999999318e+01 -6.379999999999999893e+00 -7.393000000000000682e+01 4.875000000000000000e+01 1.039800000000000040e+02 -1.651999999999999886e+02 -9.221999999999999886e+01 1.564600000000000080e+02
-1.133999999999999986e+01 -1.183999999999999986e+01 1.944000000000000128e+01 -3.440999999999999659e+01 2.207000000000000028e+01 1.049200000000000017e+02 1.334199999999999875e+02 -2.155300000000000011e+02 8.060000000000000497e+00 3.617699999999999818e+02
1.810399999999999920e+02 2.400000000000000000e+01 4.065999999999999659e+01 2.178000000000000114e+01 6.667000000000000171e+01 -8.540999999999999659e+01 -1.421200000000000045e+02 -3.920000000000000000e+02 -3.932000000000000028e+01 3.442500000000000000e+02
8.867000000000000171e+01 2.007000000000000028e+01 -7.079999999999999716e+01 -1.075000000000000000e+01 6.557999999999999829e+01 -3.258600000000000136e+02 -3.955199999999999818e+02 -3.383700000000000045e+02 -2.549300000000000068e+02 2.115800000000000125e+02
1.512899999999999920e+02 1.412400000000000091e+02 -1.535099999999999909e+02 8.023000000000000398e+01 -1.453999999999999915e+01 -3.734900000000000091e+02 -5.137000000000000455e+02 -5.350000000000000000e+01 -9.449999999999999289e+00 9.637999999999999545e+01
-2.282999999999999829e+01 2.312000000000000099e+01 -1.563899999999999864e+02 -4.050000000000000000e+01 -3.425999999999999801e+01 2.835099999999999909e+02 -3.858899999999999864e+02 3.200600000000000023e+02 1.439499999999999886e+02 -6.360499999999999545e+02
-1.634900000000000091e+02 -1.297000000000000064e+01 2.619700000000000273e+02 2.153999999999999915e+01 -3.352000000000000313e+01 2.620400000000000205e+02 5.706000000000000227e+02 3.510600000000000023e+02 1.514300000000000068e+02 -8.356000000000000227e+01
-1.448300000000000125e+02 -6.459000000000000341e+01 1.995399999999999920e+02 2.592400000000000091e+02 -6.211999999999999744e+01 -2.465800000000000125e+02 4.298399999999999750e+02 4.251600000000000250e+02 2.394799999999999898e+02 -1.028100000000000023e+02
1.174899999999999949e+02 -5.679999999999999716e+00 9.384000000000000341e+01 1.682700000000000102e+02 2.557000000000000028e+01 -1.943499999999999943e+02 4.443500000000000227e+02 5.128000000000000114e+01 -1.104300000000000068e+02 -1.793100000000000023e+02
7.978000000000000114e+01 -8.465000000000000568e+01 -1.624199999999999875e+02 -1.067699999999999960e+02 -5.000000000000000000e-01 2.661700000000000159e+02 2.019000000000000128e+01 -1.970600000000000023e+02 -6.192999999999999972e+01 -2.312000000000000099e+01
6.356000000000000227e+01 1.250000000000000000e+01 -4.496000000000000085e+01 -3.076700000000000159e+02 2.576999999999999957e+01 4.817500000000000000e+02 -1.271099999999999994e+02 -6.725000000000000000e+02 -2.704100000000000250e+02 3.183999999999999773e+02
8.510999999999999943e+01 5.211999999999999744e+01 -1.154899999999999949e+02 -1.768899999999999864e+02 3.715999999999999659e+01 1.835000000000000000e+02 -2.472199999999999989e+02 -3.118600000000000136e+02 -1.051599999999999966e+02 4.625400000000000205e+02
-2.226800000000000068e+02 1.556100000000000136e+02 1.031500000000000057e+02 -9.979999999999999716e+01 -7.219999999999999751e+00 -2.453899999999999864e+02 -1.285099999999999909e+02 2.976700000000000159e+02 -7.387000000000000455e+01 3.471200000000000045e+02
-2.469000000000000128e+01 -8.289000000000000057e+01 1.788799999999999955e+02 1.684499999999999886e+02 1.623999999999999844e+01 -2.065200000000000102e+02 -1.925000000000000000e+02 3.532500000000000000e+02 1.574799999999999898e+02 -2.071699999999999875e+02
-5.339999999999999858e+01 1.336599999999999966e+02 2.336200000000000045e+02 1.269099999999999966e+02 -3.225000000000000000e+01 -1.803499999999999943e+02 3.935000000000000142e+01 2.600099999999999909e+02 1.118799999999999955e+02 -3.913100000000000023e+02
1.123199999999999932e+02 -1.339099999999999966e+02 -1.983400000000000034e+02 1.137099999999999937e+02 5.419999999999999929e+00 -2.707200000000000273e+02 -9.045999999999999375e+01 1.892299999999999898e+02 5.800999999999999801e+01 -2.171999999999999886e+02
1.966899999999999977e+02 5.461999999999999744e+01 -2.867000000000000171e+01 8.581000000000000227e+01 -2.514999999999999858e+01 -3.229700000000000273e+02 -9.106999999999999318e+01 -1.202900000000000063e+02 4.236999999999999744e+01 2.901999999999999886e+02
-7.709999999999999964e+00 -1.059399999999999977e+02 -1.321599999999999966e+02 1.580099999999999909e+02 4.490000000000000213e+00 1.231899999999999977e+02 -3.637900000000000205e+02 -2.899499999999999886e+02 -5.707000000000000028e+01 -2.463600000000000136e+02
-5.184000000000000341e+01 7.212999999999999545e+01 2.042400000000000091e+02 3.385000000000000142e+01 1.973999999999999844e+01 4.424399999999999977e+02 2.186999999999999886e+02 -3.864800000000000182e+02 -2.092000000000000171e+01 -7.031999999999999318e+01
5.839000000000000057e+01 2.839999999999999858e+01 2.079699999999999989e+02 -1.223299999999999983e+02 2.207999999999999829e+01 7.573600000000000136e+02 2.425300000000000011e+02 2.414999999999999858e+01 1.513100000000000023e+02 -6.898000000000000398e+01
-1.246599999999999966e+02 7.379999999999999893e+00 2.238000000000000114e+02 -1.465200000000000102e+02 -3.756000000000000227e+01 1.784799999999999898e+02 5.883999999999999773e+02 4.031399999999999864e+02 -1.303799999999999955e+02 3.205899999999999750e+02
-1.808600000000000136e+02 -4.243999999999999773e+01 -9.792000000000000171e+01 -1.732700000000000102e+02 1.835999999999999943e+01 -8.339000000000000057e+01 -8.765000000000000568e+01 5.121900000000000546e+02 -9.860999999999999943e+01 1.346200000000000045e+02
-9.740000000000000568e+01 -6.013000000000000256e+01 -2.172700000000000102e+02 -7.732999999999999829e+01 2.701999999999999957e+01 -5.066800000000000068e+02 6.092000000000000171e+01 -1.653100000000000023e+02 -8.695999999999999375e+01 1.538000000000000114e+02
-1.007999999999999972e+02 7.843999999999999773e+01 -1.938000000000000114e+02 -2.866000000000000014e+01 -6.775000000000000000e+01 -6.385900000000000318e+02 -5.530000000000000249e+00 -5.931200000000000045e+02 -1.093900000000000006e+02 -1.634199999999999875e+02
1.862500000000000000e+02 -4.759999999999999787e+00 -9.220000000000000284e+01 -2.380000000000000071e+01 4.211999999999999744e+01 -5.190599999999999454e+02 -2.020999999999999943e+02 -2.317100000000000080e+02 -4.039999999999999858e+01 2.045300000000000011e+02
1.801999999999999886e+02 3.775000000000000000e+01 2.549000000000000057e+02 3.601299999999999955e+02 2.541000000000000014e+01 1.859300000000000068e+02 -1.326899999999999977e+02 1.720099999999999909e+02 7.446999999999999886e+01 -2.245900000000000034e+02
3.173600000000000136e+02 1.037000000000000028e+02 2.529099999999999966e+02 3.094900000000000091e+02 4.120000000000000107e+00 7.344099999999999682e+02 -3.585899999999999750e+02 6.842300000000000182e+02 2.917200000000000273e+02 -1.183799999999999955e+02
1.338199999999999932e+02 -3.671000000000000085e+01 1.899000000000000057e+02 1.281399999999999864e+02 2.619000000000000128e+01 7.006399999999999864e+02 -1.459499999999999886e+02 1.255999999999999943e+02 2.443899999999999864e+02 -1.126700000000000017e+02
-2.545999999999999943e+02 -2.178999999999999915e+01 -7.581000000000000227e+01 7.664000000000000057e+01 -3.224000000000000199e+01 -1.561200000000000045e+02 1.508700000000000045e+02 -4.503999999999999915e+01 8.019999999999999574e+00 -2.624900000000000091e+02
-2.362599999999999909e+02 -1.227999999999999972e+02 -1.075799999999999983e+02 5.400000000000000355e-01 -4.525999999999999801e+01 -3.078999999999999773e+02 2.954900000000000091e+02 -1.980800000000000125e+02 -9.815999999999999659e+01 1.299099999999999966e+02
-2.755500000000000114e+02 -5.579999999999999716e+01 -4.560999999999999943e+01 -4.195099999999999909e+02 -2.189999999999999947e+00 -2.770899999999999750e+02 5.353899999999999864e+02 -3.140899999999999750e+02 -1.345200000000000102e+02 1.275900000000000034e+02
-1.294999999999999929e+01 -7.790999999999999659e+01 -1.190300000000000011e+02 -3.642900000000000205e+02 -1.475999999999999979e+01 3.048000000000000114e+02 7.484999999999999432e+01 -4.257000000000000028e+01 -1.789300000000000068e+02 3.302799999999999727e+02
1.027300000000000040e+02 8.170000000000000284e+01 5.799999999999999822e+00 -1.901299999999999955e+02 7.045999999999999375e+01 4.940999999999999659e+01 -2.271800000000000068e+02 1.620099999999999909e+02 -3.754700000000000273e+02 1.281500000000000057e+02
2.827599999999999909e+02 2.737400000000000091e+02 -2.009199999999999875e+02 -1.378999999999999915e+01 4.471999999999999886e+01 -3.133600000000000136e+02 -3.431399999999999864e+02 1.787800000000000011e+02 -2.203999999999999915e+01 -2.742200000000000273e+02
9.840999999999999659e+01 -5.851000000000000227e+02 6.332000000000000028e+01 2.595699999999999932e+02 -1.446899999999999977e+02 -3.425600000000000023e+02 -2.480099999999999909e+02 5.140999999999999659e+01 7.809000000000000341e+01 -1.087099999999999937e+02
1.716200000000000045e+02 6.529400000000000546e+02 1.381500000000000057e+02 3.660000000000000000e+02 7.128000000000000114e+01 3.172599999999999909e+02 -2.810000000000000000e+02 -2.023000000000000043e+01 3.101299999999999955e+02 -8.404000000000000625e+01
1.391399999999999864e+02 -1.195600000000000023e+02 2.159499999999999886e+02 4.633700000000000045e+02 3.167999999999999972e+01 2.956800000000000068e+02 -1.526200000000000045e+02 -1.137900000000000063e+02 3.164599999999999795e+02 -7.891599999999999682e+02
-3.951100000000000136e+02 -1.489699999999999989e+02 -3.707000000000000028e+01 1.666599999999999966e+02 -1.396599999999999966e+02 2.531500000000000057e+02 -2.510999999999999943e+01 -1.378600000000000136e+02 9.432999999999999829e+01 6.376299999999999955e+02
-4.347300000000000182e+02 2.308700000000000045e+02 1.099399999999999977e+02 2.750000000000000000e+00 1.014200000000000017e+02 -2.494699999999999989e+02 5.893200000000000500e+02 1.472599999999999909e+02 -1.373499999999999943e+02 -8.160199999999999818e+02
-4.818299999999999841e+02 2.746999999999999886e+01 -3.146100000000000136e+02 -6.963899999999999864e+02 -5.157999999999999829e+01 -2.312800000000000011e+02 5.385000000000000000e+02 2.823999999999999773e+02 -2.276800000000000068e+02 1.839210000000000036e+03
1.195000000000000000e+02 -7.929000000000000625e+01 -1.158499999999999943e+02 -2.286999999999999886e+02 5.897999999999999687e+01 -4.254900000000000091e+02 3.938600000000000136e+02 2.380300000000000011e+02 -1.162199999999999989e+02 -7.078099999999999454e+02
6.542500000000000000e+02 1.594900000000000091e+02 -2.216999999999999886e+02 -5.853000000000000114e+01 7.906000000000000227e+01 2.649900000000000091e+02 -3.374300000000000068e+02 -6.268999999999999773e+02 -4.055600000000000023e+02 7.633899999999999864e+02
-4.146999999999999886e+01 2.116000000000000014e+01 8.348000000000000398e+01 -2.467299999999999898e+02 4.849999999999999645e+00 1.998000000000000114e+02 -2.887599999999999909e+02 -6.825299999999999727e+02 -5.486999999999999744e+01 -2.036800000000000068e+02
8.270900000000000318e+02 -1.042500000000000000e+02 2.305900000000000034e+02 2.752400000000000091e+02 -3.167000000000000171e+01 3.278000000000000114e+01 -4.832400000000000091e+02 -6.160000000000000142e+00 2.913299999999999841e+02 -8.142200000000000273e+02
1.413000000000000078e+01 -6.926000000000000512e+01 3.667500000000000000e+02 2.543899999999999864e+02 -6.042000000000000171e+01 -2.195000000000000000e+02 4.609300000000000068e+02 1.919799999999999898e+02 1.709799999999999898e+02 -2.733899999999999864e+02
-3.404300000000000068e+02 -6.728000000000000114e+01 5.191399999999999864e+02 5.235800000000000409e+02 -3.360999999999999943e+01 2.090300000000000011e+02 -3.032799999999999727e+02 5.419400000000000546e+02 3.408100000000000023e+02 3.354100000000000250e+02
-2.716899999999999977e+02 -3.657000000000000028e+01 -2.182800000000000011e+02 4.466000000000000227e+02 -4.500000000000000111e-01 -2.763399999999999750e+02 1.374799999999999898e+02 6.014600000000000364e+02 1.238499999999999943e+02 -9.101000000000000512e+01
-5.092699999999999818e+02 -4.217999999999999972e+01 -7.264000000000000057e+01 -2.696499999999999773e+02 9.100000000000000311e-01 5.850000000000000000e+01 3.522999999999999687e+01 5.417999999999999545e+02 -1.014399999999999977e+02 -5.997999999999999687e+01
-2.513199999999999932e+02 -6.785999999999999943e+01 -3.691800000000000068e+02 -2.362700000000000102e+02 2.894999999999999929e+01 -1.208700000000000045e+02 -2.417500000000000000e+02 -3.073199999999999932e+02 -2.385300000000000011e+02 1.113000000000000078e+01
2.788000000000000114e+02 1.165000000000000000e+02 -4.222200000000000273e+02 -2.609399999999999977e+02 -2.640000000000000124e+00 4.356100000000000136e+02 5.382999999999999829e+01 -3.513799999999999955e+02 -1.844699999999999989e+02 2.130000000000000000e+02
2.960899999999999750e+02 -4.517000000000000171e+01 1.382000000000000028e+01 -2.779399999999999977e+02 -1.374000000000000021e+01 7.815000000000000568e+01 3.970899999999999750e+02 -8.793500000000000227e+02 -9.090999999999999659e+01 -2.383999999999999986e+01
3.216700000000000159e+02 2.646000000000000085e+01 4.459000000000000341e+01 -1.535900000000000034e+02 6.389000000000000057e+01 2.696899999999999977e+02 -6.439500000000000455e+02 -8.710999999999999943e+01 8.103000000000000114e+01 4.504700000000000273e+02
2.457800000000000011e+02 9.370000000000000284e+01 5.621000000000000227e+02 -1.350000000000000089e+00 5.292999999999999972e+01 -3.072699999999999818e+02 1.126650000000000091e+03 -5.017400000000000091e+02 3.785999999999999943e+01 -5.240000000000000213e+00
7.431999999999999318e+01 -3.189999999999999947e+00 1.570699999999999932e+02 3.520299999999999727e+02 -4.468999999999999773e+01 4.074000000000000199e+01 -1.116019999999999982e+03 8.571599999999999682e+02 4.309000000000000341e+01 -4.724000000000000199e+01
-1.875399999999999920e+02 -2.141100000000000136e+02 -7.018000000000000682e+01 4.056899999999999977e+02 -7.426999999999999602e+01 -7.325399999999999636e+02 -9.898000000000000398e+01 -2.884100000000000250e+02 1.255600000000000023e+02 -1.034539999999999964e+03
-3.473899999999999864e+02 -9.120000000000000284e+01 -5.575000000000000000e+01 1.338499999999999943e+02 -6.450000000000000000e+01 -4.024499999999999886e+02 2.916399999999999864e+02 8.114299999999999500e+02 -9.367000000000000171e+01 -1.345600000000000023e+02
-2.701200000000000045e+02 -2.973999999999999844e+01 -2.550099999999999909e+02 -9.984999999999999432e+01 -8.439999999999999503e+00 2.987200000000000273e+02 -1.815500000000000114e+02 -1.293000000000000114e+02 -6.046999999999999886e+01 3.896000000000000085e+01
-1.217399999999999949e+02 7.956000000000000227e+01 -1.743700000000000045e+02 -1.536200000000000045e+02 2.060999999999999943e+01 1.861599999999999966e+02 2.284300000000000068e+02 3.077799999999999727e+02 1.292199999999999989e+02 4.560799999999999841e+02
8.101000000000000512e+01 2.414999999999999858e+01 -9.943000000000000682e+01 -3.112000000000000099e+01 6.118999999999999773e+01 6.167899999999999636e+02 2.686600000000000250e+02 2.851000000000000156e+01 -6.279999999999999716e+01 5.230399999999999636e+02
1.146299999999999955e+02 1.008900000000000006e+02 -4.169999999999999929e+00 -7.242000000000000171e+01 3.828999999999999915e+01 2.998600000000000136e+02 1.914199999999999875e+02 -3.979999999999999716e+01 -8.610999999999999943e+01 2.825099999999999909e+02
6.314999999999999858e+01 7.268000000000000682e+01 -7.859999999999999432e+01 -1.457500000000000000e+02 8.846999999999999886e+01 2.951200000000000045e+02 6.643999999999999773e+01 -5.825800000000000409e+02 -6.910000000000000142e+00 -1.040300000000000011e+02
3.293100000000000023e+02 5.385000000000000142e+01 1.817800000000000011e+02 -1.140799999999999983e+02 -8.985999999999999943e+01 -7.747200000000000273e+02 1.843400000000000034e+02 -4.887200000000000273e+02 -7.868000000000000682e+01 -2.485699999999999932e+02
2.368600000000000136e+02 -3.875000000000000000e+01 -7.237999999999999545e+01 8.420000000000000284e+01 -5.206000000000000227e+01 -3.513899999999999864e+02 -2.915600000000000023e+02 -2.980400000000000205e+02 -1.444999999999999929e+01 -6.037000000000000455e+02
8.140000000000000568e+00 -9.464000000000000057e+01 2.475800000000000125e+02 1.470099999999999909e+02 -2.169999999999999929e+01 -5.517400000000000091e+02 -3.115600000000000023e+02 5.388899999999999864e+02 9.331000000000000227e+01 -1.318499999999999943e+02
-3.593799999999999955e+02 -6.739000000000000057e+01 2.421800000000000068e+02 2.013000000000000114e+02 -5.938000000000000256e+01 -4.701299999999999955e+02 -2.459199999999999875e+02 6.203799999999999955e+02 1.165600000000000023e+02 1.485600000000000023e+02
-4.571200000000000045e+02 -5.849999999999999645e+00 -1.325999999999999979e+01 2.080900000000000034e+02 7.170999999999999375e+01 5.271900000000000546e+02 3.489000000000000057e+01 5.670000000000000000e+02 -4.610000000000000142e+01 2.622699999999999818e+02
-1.147999999999999972e+02 8.439000000000000057e+01 -2.366200000000000045e+02 -6.945000000000000284e+01 2.248999999999999844e+01 1.048730000000000018e+03 3.654300000000000068e+02 -1.094099999999999966e+02 4.111999999999999744e+01 1.648700000000000045e+02
1.028499999999999943e+02 1.093499999999999943e+02 -3.048000000000000114e+02 -6.168999999999999773e+01 4.259000000000000341e+01 -4.664999999999999858e+01 -1.458600000000000136e+02 -1.022000000000000028e+02 -1.640300000000000011e+02 2.146000000000000085e+01
3.443600000000000136e+02 4.192999999999999972e+01 -6.854000000000000625e+01 -2.153600000000000136e+02 1.600000000000000033e-01 5.423200000000000500e+02 -8.568000000000000682e+01 -2.292899999999999920e+02 2.082999999999999829e+01 2.733999999999999986e+01
2.964599999999999795e+02 5.089000000000000057e+01 9.657999999999999829e+01 -9.634999999999999432e+01 2.010999999999999943e+01 -9.267000000000000171e+01 -1.938100000000000023e+02 7.729999999999999716e+01 -2.385999999999999943e+01 -3.338799999999999955e+02
2.444900000000000091e+02 -1.459900000000000091e+02 1.215199999999999960e+02 -6.790000000000000036e+00 -7.126000000000000512e+01 -3.331000000000000227e+02 5.132000000000000028e+01 -4.587099999999999795e+02 -2.240000000000000213e+00 -2.697099999999999795e+02
-3.692999999999999972e+01 -9.721999999999999886e+01 -1.027099999999999937e+02 7.843000000000000682e+01 -3.503999999999999915e+01 -5.475099999999999909e+02 1.373799999999999955e+02 -5.411100000000000136e+02 -1.776000000000000156e+01 -5.464999999999999858e+01
-3.723399999999999750e+02 -1.860000000000000098e+00 1.511599999999999966e+02 3.654999999999999716e+01 -2.466000000000000014e+01 -8.769700000000000273e+02 1.424399999999999977e+02 -2.765699999999999932e+02 4.581000000000000227e+01 2.398300000000000125e+02
-3.810400000000000205e+02 9.459999999999999432e+01 1.951899999999999977e+02 -5.664000000000000057e+01 2.671999999999999886e+01 -4.572999999999999687e+01 5.741000000000000227e+02 3.872699999999999818e+02 5.028999999999999915e+01 -4.554999999999999716e+01
-1.198100000000000023e+02 7.668999999999999773e+01 2.992000000000000171e+01 1.289900000000000091e+02 -8.359999999999999432e+00 3.807400000000000091e+02 2.251100000000000136e+02 6.164199999999999591e+02 -1.318600000000000136e+02 4.251700000000000159e+02
7.162999999999999545e+01 6.798999999999999488e+01 -2.057000000000000028e+01 8.876999999999999602e+01 6.723999999999999488e+01 1.025789999999999964e+03 -6.120199999999999818e+02 2.375399999999999920e+02 3.270000000000000018e+00 9.500000000000000000e+01
1.304699999999999989e+02 -8.992000000000000171e+01 -2.519000000000000128e+01 8.698999999999999488e+01 2.144999999999999929e+01 5.512899999999999636e+02 -2.797099999999999795e+02 3.621000000000000085e+01 1.363300000000000125e+02 -2.371999999999999886e+01
2.399600000000000080e+02 8.779999999999999361e+00 -1.599000000000000021e+01 -2.112999999999999901e+01 -3.510999999999999943e+01 2.067599999999999909e+02 -5.175800000000000409e+02 -1.452700000000000102e+02 2.225000000000000000e+01 -3.677300000000000182e+02
2.817500000000000000e+02 -2.089999999999999858e+00 -2.985000000000000142e+01 -1.085799999999999983e+02 -2.851999999999999957e+01 -3.877099999999999795e+02 -8.204999999999999716e+01 -7.945999999999999375e+01 -3.746000000000000085e+01 -6.325000000000000000e+01
-8.957999999999999829e+01 -1.833999999999999986e+01 -3.176000000000000156e+01 -1.189699999999999989e+02 -1.578999999999999915e+01 -6.143099999999999454e+02 5.310099999999999909e+02 -3.995500000000000114e+02 -1.348600000000000136e+02 -2.966299999999999955e+02
-5.864999999999999858e+01 -5.729999999999999716e+01 -1.932999999999999829e+01 -5.225999999999999801e+01 9.859999999999999432e+00 -6.512999999999999545e+02 2.521800000000000068e+02 1.928199999999999932e+02 -9.206999999999999318e+01 5.370000000000000284e+01
-2.191500000000000057e+02 8.125000000000000000e+01 5.353999999999999915e+01 1.319999999999999929e+01 -3.803000000000000114e+01 -6.470700000000000500e+02 2.157800000000000011e+02 2.601700000000000159e+02 -2.035999999999999943e+01 2.636200000000000045e+02
-2.119600000000000080e+02 -1.150100000000000051e+02 -7.662000000000000455e+01 1.394099999999999966e+02 9.429999999999999716e+00 4.160099999999999909e+02 -1.150600000000000023e+02 -1.181000000000000050e+01 8.462000000000000455e+01 -7.856000000000000227e+01
3.774000000000000199e+01 1.106599999999999966e+02 1.226700000000000017e+02 2.414000000000000057e+01 -3.525999999999999801e+01 6.571000000000000227e+02 1.757899999999999920e+02 7.275000000000000000e+01 2.040000000000000036e+00 -2.653999999999999915e+01
1.684099999999999966e+02 2.975000000000000000e+01 2.867500000000000000e+02 3.275999999999999801e+01 7.073999999999999488e+01 2.499900000000000091e+02 -9.131999999999999318e+01 -3.647500000000000000e+02 2.898000000000000043e+01 2.947300000000000182e+02
2.044000000000000128e+01 4.925000000000000000e+01 1.519999999999999929e+01 1.220900000000000034e+02 3.842000000000000171e+01 5.861699999999999591e+02 -1.762599999999999909e+02 -4.483399999999999750e+02 6.596999999999999886e+01 -2.203999999999999915e+01
2.055999999999999872e+01 4.834000000000000341e+01 -5.021999999999999886e+01 9.925000000000000000e+01 -3.890000000000000124e+00 2.858299999999999841e+02 -5.984800000000000182e+02 2.128700000000000045e+02 -2.689999999999999858e+01 -3.334000000000000341e+01
-1.110300000000000011e+02 -1.129300000000000068e+02 -2.255500000000000114e+02 -1.524499999999999886e+02 -2.651999999999999957e+01 -2.111899999999999977e+02 -1.869999999999999929e+01 4.334900000000000091e+02 -1.725000000000000000e+01 -4.682000000000000028e+01
2.174799999999999898e+02 -1.485999999999999943e+01 -1.877299999999999898e+02 -3.055899999999999750e+02 -9.519999999999999574e+00 -2.145200000000000102e+02 1.343199999999999932e+02 1.268499999999999943e+02 -1.171899999999999977e+02 -1.842800000000000011e+02
1.672500000000000000e+02 3.250999999999999801e+01 -2.957699999999999818e+02 -7.170000000000000284e+01 -2.712000000000000099e+01 -7.803400000000000318e+02 4.904999999999999716e+01 -1.651500000000000057e+02 3.180000000000000071e+01 -6.904999999999999716e+01
5.082999999999999829e+01 -7.804999999999999716e+01 2.412100000000000080e+02 1.071500000000000057e+02 1.256000000000000050e+01 -7.118200000000000500e+02 4.523100000000000023e+02 -9.071999999999999886e+01 -4.209999999999999964e+00 -7.698000000000000398e+01
-9.692000000000000171e+01 4.600999999999999801e+01 2.705400000000000205e+02 3.652699999999999818e+02 1.676999999999999957e+01 -1.054599999999999937e+02 4.308700000000000045e+02 -1.848600000000000136e+02 6.240000000000000213e+00 2.136699999999999875e+02
-1.495900000000000034e+02 2.851000000000000156e+01 2.810299999999999727e+02 1.606100000000000136e+02 -1.390000000000000036e+01 6.258200000000000500e+02 1.329799999999999898e+02 -4.669999999999999929e+00 1.130999999999999943e+02 4.435799999999999841e+02
-1.886299999999999955e+02 -5.875000000000000000e+01 -3.096999999999999886e+01 -2.845600000000000023e+02 2.933999999999999986e+01 5.114499999999999886e+02 -1.908499999999999943e+02 1.023299999999999983e+02 -4.970000000000000284e+01 -5.463000000000000256e+01
-1.274699999999999989e+02 1.000300000000000011e+02 -2.523899999999999864e+02 -1.847299999999999898e+02 2.839999999999999858e+00 3.524300000000000068e+02 3.400000000000000000e+01 1.029099999999999966e+02 6.530000000000000249e+00 1.062600000000000051e+02
-1.389000000000000057e+01 4.740999999999999659e+01 -1.306399999999999864e+02 1.610999999999999943e+01 -2.279999999999999805e+00 6.324500000000000455e+02 -6.206499999999999773e+02 4.706499999999999773e+02 7.929999999999999716e+00 7.353000000000000114e+01
1.967500000000000000e+02 -1.514000000000000057e+01 1.219999999999999929e+01 1.974799999999999898e+02 -2.476999999999999957e+01 -3.840999999999999659e+01 -3.391000000000000227e+02 -2.687599999999999909e+02 -5.309999999999999609e+00 -3.051700000000000159e+02
2.257899999999999920e+02 -6.696999999999999886e+01 -1.417800000000000011e+02 2.231299999999999955e+02 -9.929999999999999716e+00 -3.471999999999999886e+02 -1.809399999999999977e+02 -5.227200000000000273e+02 -6.382000000000000028e+01 -6.320099999999999909e+02
1.261999999999999922e+01 -1.357700000000000102e+02 -7.904000000000000625e+01 -1.611599999999999966e+02 -1.525999999999999979e+01 -5.402799999999999727e+02 -1.858999999999999986e+01 -2.179199999999999875e+02 2.283999999999999986e+01 -1.792299999999999898e+02
-1.529900000000000091e+02 6.846999999999999886e+01 -8.629999999999999716e+01 -8.850000000000000000e+01 -1.907000000000000028e+01 -1.034130000000000109e+03 3.944700000000000273e+02 1.955000000000000000e+02 2.521000000000000085e+01 2.305699999999999932e+02
-1.228799999999999955e+02 6.110000000000000320e+00 1.664499999999999886e+02 -4.877000000000000313e+01 2.514000000000000057e+01 -2.041699999999999875e+02 6.037999999999999545e+02 3.736299999999999955e+02 -4.928999999999999915e+01 4.661600000000000250e+02
1.780099999999999909e+02 6.779999999999999716e+01 2.246100000000000136e+02 -8.707999999999999829e+01 5.200000000000000000e+01 4.663600000000000136e+02 9.054999999999999716e+01 8.051799999999999500e+02 6.135000000000000142e+01 3.456499999999999773e+02
9.620000000000000284e+01 -2.629999999999999893e+00 5.765999999999999659e+01 -4.736999999999999744e+01 -1.760000000000000009e+00 6.438600000000000136e+02 -1.909399999999999977e+02 6.580000000000000071e+00 -7.367000000000000171e+01 -1.191000000000000014e+01
-1.087699999999999960e+02 8.653000000000000114e+01 -7.084000000000000341e+01 -4.353999999999999915e+01 -4.870000000000000107e+00 5.283899999999999864e+02 -2.960000000000000000e+02 -7.060700000000000500e+02 -3.735999999999999943e+01 -1.925900000000000034e+02
-2.924100000000000250e+02 4.971999999999999886e+01 -1.850099999999999909e+02 7.848000000000000398e+01 -3.067000000000000171e+01 3.946700000000000159e+02 -1.113700000000000045e+02 -8.235599999999999454e+02 -1.721299999999999955e+02 -2.698700000000000045e+02
5.590999999999999659e+01 -9.175000000000000000e+01 -7.450000000000000000e+01 1.495200000000000102e+02 -3.432000000000000028e+01 -5.065999999999999659e+01 -1.289199999999999875e+02 -3.853399999999999750e+02 1.396999999999999886e+02 -3.930000000000000000e+02
1.431599999999999966e+02 -5.900000000000000000e+01 2.189000000000000057e+01 2.034600000000000080e+02 2.750000000000000000e+00 -1.862599999999999909e+02 5.421000000000000085e+01 4.714399999999999977e+02 2.320999999999999943e+02 -5.543999999999999773e+01
2.932200000000000273e+02 4.256000000000000227e+01 7.351999999999999602e+01 9.887000000000000455e+01 -2.578999999999999915e+01 -5.474900000000000091e+02 4.197999999999999687e+01 1.129140000000000100e+03 9.904999999999999716e+01 4.381200000000000045e+02
-1.519099999999999966e+02 3.087999999999999901e+01 8.098999999999999488e+01 -1.632999999999999829e+01 6.065999999999999659e+01 -5.676499999999999773e+02 5.019599999999999795e+02 2.022400000000000091e+02 -8.465999999999999659e+01 2.756499999999999773e+02
-2.787900000000000205e+02 3.554999999999999716e+01 -1.403000000000000114e+02 -1.640000000000000000e+02 2.762000000000000099e+01 -4.341399999999999864e+02 1.547899999999999920e+02 -4.464800000000000182e+02 -2.276200000000000045e+02 3.026000000000000227e+02
-1.263799999999999955e+02 -3.257000000000000028e+01 -7.656999999999999318e+01 -2.928600000000000136e+02 1.556000000000000050e+01 3.435099999999999909e+02 -6.421999999999999886e+01 -3.220699999999999932e+02 -4.067999999999999972e+01 -9.910000000000000142e+00
2.712400000000000091e+02 2.325000000000000000e+01 6.643999999999999773e+01 4.982999999999999829e+01 1.071000000000000085e+01 4.578999999999999773e+02 -1.100400000000000063e+02 -2.464499999999999886e+02 1.499699999999999989e+02 -2.777500000000000000e+02
4.401100000000000136e+02 -2.421999999999999886e+01 3.021800000000000068e+02 2.125600000000000023e+02 -6.353999999999999915e+01 5.956299999999999955e+02 -2.733600000000000136e+02 8.054000000000000625e+01 6.956999999999999318e+01 -2.521699999999999875e+02
5.577000000000000313e+01 -6.570999999999999375e+01 2.776299999999999955e+02 1.912400000000000091e+02 -2.705999999999999872e+01 4.289100000000000250e+02 -4.748399999999999750e+02 2.534799999999999898e+02 4.779999999999999716e+01 -5.052400000000000091e+02
-1.840500000000000114e+02 -6.831999999999999318e+01 4.036999999999999744e+01 8.289999999999999147e+00 -1.828999999999999915e+01 -2.307199999999999989e+02 -7.317000000000000171e+01 3.657400000000000091e+02 -1.153499999999999943e+02 -1.415200000000000102e+02
-2.781700000000000159e+02 9.337999999999999545e+01 -1.761599999999999966e+02 -1.651299999999999955e+02 -3.849000000000000199e+01 -5.273899999999999864e+02 1.565399999999999920e+02 1.024699999999999989e+02 -2.012199999999999989e+02 1.283899999999999864e+02
-2.666600000000000250e+02 -6.167999999999999972e+01 -3.612200000000000273e+02 -7.793000000000000682e+01 3.310000000000000142e+01 -3.412500000000000000e+02 -5.417000000000000171e+01 -2.031599999999999966e+02 7.695000000000000284e+01 4.889100000000000250e+02
-5.415999999999999659e+01 9.169999999999999929e+00 -2.365300000000000011e+02 5.207000000000000028e+01 3.727000000000000313e+01 6.228999999999999915e+01 2.146399999999999864e+02 4.228999999999999915e+01 5.614999999999999858e+01 1.603100000000000023e+02
1.860999999999999943e+01 6.389999999999999858e+01 -1.376100000000000136e+02 1.579199999999999875e+02 1.091000000000000014e+01 3.290699999999999932e+02 4.485199999999999818e+02 3.609999999999999876e+00 3.120000000000000107e+00 -5.817999999999999972e+01
9.571999999999999886e+01 -9.400000000000000355e+00 1.406999999999999886e+02 -1.047999999999999972e+02 1.780999999999999872e+01 3.480299999999999727e+02 8.903000000000000114e+01 -6.156000000000000227e+02 -3.996000000000000085e+01 -1.238000000000000078e+01
5.375999999999999801e+01 -3.960000000000000142e+01 9.120000000000000284e+01 -1.836699999999999875e+02 -1.723000000000000043e+01 -3.577599999999999909e+02 -2.000800000000000125e+02 -5.679600000000000364e+02 -1.061200000000000045e+02 2.957000000000000028e+01
2.459499999999999886e+02 -1.551999999999999957e+01 2.940099999999999909e+02 -1.131500000000000057e+02 -1.559999999999999964e+01 -4.052099999999999795e+02 -2.635299999999999727e+02 -1.502700000000000102e+02 -6.432999999999999829e+01 -4.161999999999999744e+01
3.203899999999999864e+02 3.556000000000000227e+01 2.178100000000000023e+02 2.978000000000000114e+01 3.540000000000000036e+00 -1.079599999999999937e+02 -2.145300000000000011e+02 4.155500000000000114e+02 8.792000000000000171e+01 -1.205400000000000063e+02
1.233599999999999994e+02 3.089999999999999858e+01 1.293000000000000114e+02 2.745099999999999909e+02 8.919999999999999929e+00 -1.820800000000000125e+02 -7.173999999999999488e+01 9.006100000000000136e+02 6.806000000000000227e+01 -2.384000000000000057e+02
-2.234900000000000091e+02 -1.879999999999999893e+00 -6.740000000000000213e+00 2.299600000000000080e+02 -1.508999999999999986e+01 3.520000000000000018e+00 -1.548000000000000043e+01 7.924700000000000273e+02 -3.735000000000000142e+01 3.024800000000000182e+02
-3.599599999999999795e+02 -6.723000000000000398e+01 -2.538000000000000114e+02 1.462800000000000011e+02 9.160000000000000142e+00 6.657999999999999545e+02 1.175300000000000011e+02 1.971100000000000136e+02 1.016200000000000045e+02 1.223299999999999983e+02
-3.674900000000000091e+02 2.275000000000000000e+01 -2.991899999999999977e+02 -8.779999999999999361e+00 -1.796999999999999886e+01 7.002500000000000000e+02 -6.700000000000000400e-01 -4.628399999999999750e+02 -2.967000000000000171e+01 -4.352000000000000313e+01
-1.222699999999999960e+02 5.830000000000000071e+00 -2.303199999999999932e+02 -1.622199999999999989e+02 -9.560000000000000497e+00 3.097900000000000205e+02 2.781399999999999864e+02 -6.951499999999999773e+02 -3.254999999999999716e+01 8.221999999999999886e+01
9.318000000000000682e+01 -3.813000000000000256e+01 -8.993000000000000682e+01 -2.135900000000000034e+02 4.253999999999999915e+01 -5.043000000000000114e+02 4.179399999999999977e+02 -8.054900000000000091e+02 -3.870000000000000284e+01 -7.707999999999999829e+01
3.645500000000000114e+02 -2.399999999999999911e+00 6.950000000000000000e+01 -5.064000000000000057e+01 -3.370000000000000107e+00 -6.109600000000000364e+02 2.356599999999999966e+02 -1.543300000000000125e+02 3.549000000000000199e+01 -9.693999999999999773e+01
4.661499999999999773e+02 1.399000000000000057e+02 2.929399999999999977e+02 -1.245999999999999943e+02 5.009999999999999787e+00 -2.548899999999999864e+02 -1.757299999999999898e+02 3.462599999999999909e+02 -3.085000000000000142e+01 1.409999999999999964e+01
2.967799999999999727e+02 -5.035000000000000142e+01 1.284600000000000080e+02 9.095000000000000284e+01 4.870000000000000284e+01 -5.586999999999999744e+01 -4.420600000000000023e+02 2.063899999999999864e+02 -2.358999999999999986e+01 1.464399999999999977e+02
-2.838199999999999932e+02 -2.755999999999999872e+01 2.190999999999999943e+02 1.663899999999999864e+02 -2.107999999999999829e+01 -1.782199999999999989e+02 -7.911399999999999864e+02 3.939599999999999795e+02 -5.465999999999999659e+01 -3.356299999999999955e+02
-3.620899999999999750e+02 2.701999999999999957e+01 1.039000000000000057e+01 2.650000000000000000e+02 -6.456999999999999318e+01 3.139700000000000273e+02 -2.088199999999999932e+02 3.971000000000000227e+02 6.651000000000000512e+01 -1.579099999999999966e+02
-3.249200000000000159e+02 -2.433999999999999986e+01 -3.021999999999999886e+01 6.767000000000000171e+01 8.830000000000000071e+00 1.707700000000000102e+02 -8.306000000000000227e+01 2.261999999999999886e+02 7.470000000000000284e+01 -7.520000000000000284e+01
-7.181000000000000227e+01 -1.283000000000000007e+01 -2.428100000000000023e+02 -2.092000000000000171e+01 1.807000000000000028e+01 6.110099999999999909e+02 3.459700000000000273e+02 6.200999999999999801e+01 7.169999999999999929e+00 1.794099999999999966e+02
2.496599999999999966e+02 -4.600000000000000000e+01 -2.716600000000000250e+02 -6.354999999999999716e+01 3.359999999999999876e+00 4.120500000000000114e+02 5.336200000000000045e+02 4.824000000000000199e+01 -2.442000000000000171e+01 4.021000000000000227e+02
8.912999999999999545e+01 2.850000000000000089e+00 -1.782100000000000080e+02 -2.838799999999999955e+02 -1.869000000000000128e+01 2.127199999999999989e+02 3.019800000000000182e+02 -5.299500000000000455e+02 -4.420000000000000284e+01 -1.860600000000000023e+02
-1.665099999999999909e+02 -2.555000000000000071e+01 -4.078999999999999915e+01 -1.649799999999999898e+02 1.709999999999999964e+00 -5.715199999999999818e+02 8.015000000000000568e+01 -7.651499999999999773e+02 -2.101599999999999966e+02 -2.187100000000000080e+02
6.479999999999999716e+01 8.867000000000000171e+01 1.031500000000000057e+02 -1.493100000000000023e+02 2.057000000000000028e+01 -7.267799999999999727e+02 -2.680899999999999750e+02 -7.915499999999999545e+02 -1.284900000000000091e+02 1.980200000000000102e+02
1.669600000000000080e+02 3.996999999999999886e+01 6.837999999999999545e+01 7.931000000000000227e+01 1.020000000000000018e+00 -6.163600000000000136e+02 -3.175699999999999932e+02 8.159000000000000341e+01 6.203000000000000114e+01 -2.799499999999999886e+02
1.325399999999999920e+02 -4.713000000000000256e+01 2.078499999999999943e+02 3.144399999999999977e+02 -8.560000000000000497e+00 -2.457999999999999829e+01 -7.042000000000000171e+01 6.955199999999999818e+02 1.821599999999999966e+02 1.917000000000000171e+01
5.439000000000000057e+01 -1.348000000000000043e+01 2.512500000000000000e+02 3.051399999999999864e+02 2.855000000000000071e+01 1.459900000000000091e+02 3.500099999999999909e+02 9.507599999999999909e+02 1.925699999999999932e+02 4.627000000000000313e+01
-7.368000000000000682e+01 6.100999999999999801e+01 2.260099999999999909e+02 1.091099999999999994e+02 -5.793999999999999773e+01 3.989700000000000273e+02 5.084000000000000341e+01 7.986399999999999864e+02 2.598999999999999844e+01 1.849499999999999886e+02
6.160000000000000142e+01 -1.876999999999999957e+01 9.009000000000000341e+01 -5.017000000000000171e+01 1.898999999999999844e+01 7.245199999999999818e+02 -2.922200000000000273e+02 1.747700000000000102e+02 3.650000000000000000e+01 9.601999999999999602e+01
-1.877199999999999989e+02 -2.689999999999999947e+00 -9.956999999999999318e+01 3.997999999999999687e+01 2.078999999999999915e+01 7.260299999999999727e+02 -1.492299999999999898e+02 -6.467999999999999545e+02 -1.908799999999999955e+02 -4.382000000000000028e+01
-2.933199999999999932e+02 -5.499000000000000199e+01 -2.917599999999999909e+02 -2.175000000000000000e+02 2.769999999999999929e+01 2.549300000000000068e+02 -1.304900000000000091e+02 -8.298799999999999955e+02 -3.104900000000000091e+02 1.465999999999999943e+02
-1.398499999999999943e+02 5.254999999999999716e+01 -3.533000000000000114e+02 -3.017400000000000091e+02 -2.208999999999999986e+01 -5.013899999999999864e+02 1.683700000000000045e+02 -6.347699999999999818e+02 -3.938000000000000256e+01 5.328999999999999915e+01
1.307500000000000000e+02 1.753999999999999915e+01 -2.047299999999999898e+02 -1.907599999999999909e+02 3.040000000000000036e+00 -1.118799999999999955e+03 6.334000000000000341e+01 -3.676200000000000045e+02 1.000699999999999932e+02 -1.974900000000000091e+02
4.123700000000000045e+02 4.185999999999999943e+01 3.363899999999999864e+02 4.897999999999999687e+01 1.864999999999999858e+01 -5.806699999999999591e+02 4.160999999999999943e+01 3.850799999999999841e+02 7.162999999999999545e+01 1.161999999999999922e+01
3.863899999999999864e+02 -6.392999999999999972e+01 5.090199999999999818e+02 3.664499999999999886e+02 -1.828999999999999915e+01 2.120699999999999932e+02 2.887300000000000182e+02 6.231200000000000045e+02 2.120900000000000034e+02 -4.477500000000000000e+02
-1.235300000000000011e+02 1.714000000000000057e+01 3.905400000000000205e+02 2.952300000000000182e+02 -3.767000000000000171e+01 5.860999999999999943e+01 -3.736999999999999744e+01 5.659800000000000182e+02 2.850000000000000089e+00 -9.579999999999999716e+01
-2.259799999999999898e+02 -5.879999999999999716e+01 1.251599999999999966e+02 2.129699999999999989e+02 -4.000999999999999801e+01 1.359399999999999977e+02 9.710000000000000853e+00 4.192200000000000273e+02 2.919999999999999929e+00 -6.512000000000000455e+01
-3.351000000000000227e+02 9.779999999999999361e+00 -9.195999999999999375e+01 -1.312299999999999898e+02 1.460999999999999943e+01 6.303700000000000045e+02 -2.014000000000000057e+01 -1.966399999999999864e+02 -1.058499999999999943e+02 9.737000000000000455e+01
-1.983799999999999955e+02 2.053999999999999915e+01 -3.354499999999999886e+02 -1.813100000000000023e+02 1.889999999999999858e+01 9.662000000000000455e+02 -3.313799999999999955e+02 -4.653500000000000227e+02 -4.217999999999999972e+01 5.799600000000000364e+02
-4.888000000000000256e+01 2.803000000000000114e+01 -3.153999999999999773e+02 -3.388700000000000045e+02 4.278000000000000114e+01 3.989399999999999977e+02 -4.086499999999999773e+02 -4.281800000000000068e+02 -2.078300000000000125e+02 4.634499999999999886e+02
2.295699999999999932e+02 2.678000000000000114e+01 -2.173700000000000045e+02 -1.872599999999999909e+02 6.278000000000000114e+01 -5.745599999999999454e+02 4.896000000000000085e+01 -3.909499999999999886e+02 -1.506200000000000045e+02 8.484000000000000341e+01
2.483100000000000023e+02 1.013499999999999943e+02 9.848999999999999488e+01 1.358999999999999986e+01 -1.422000000000000064e+01 -1.167930000000000064e+03 1.818499999999999943e+02 2.638799999999999955e+02 8.501999999999999602e+01 -3.428600000000000136e+02
2.803799999999999955e+02 -9.626000000000000512e+01 2.534799999999999898e+02 1.044800000000000040e+02 -3.042999999999999972e+01 -8.715399999999999636e+02 4.576700000000000159e+02 2.086100000000000136e+02 2.529900000000000091e+02 -5.683700000000000045e+02
1.288400000000000034e+02 1.760000000000000142e+01 3.039100000000000250e+02 3.196100000000000136e+02 -3.217000000000000171e+01 1.209200000000000017e+02 3.593399999999999750e+02 2.323600000000000136e+02 2.446299999999999955e+02 -4.006299999999999955e+02
-1.490000000000000036e+01 -1.191700000000000017e+02 1.220699999999999932e+02 3.633100000000000023e+02 -6.178000000000000114e+01 4.718899999999999864e+02 -1.360999999999999943e+02 1.694699999999999989e+02 3.979999999999999716e+01 -1.819399999999999977e+02
-2.458600000000000136e+02 -4.507000000000000028e+01 8.778000000000000114e+01 8.285999999999999943e+01 -2.114999999999999858e+01 6.222999999999999545e+02 -2.113600000000000136e+02 1.325000000000000000e+01 6.338000000000000256e+01 6.740000000000000568e+01
-4.212200000000000273e+02 -1.660000000000000142e+01 -2.042700000000000102e+02 -2.590400000000000205e+02 1.878000000000000114e+01 6.498600000000000136e+02 -2.733000000000000114e+02 -2.267999999999999972e+01 -3.154300000000000068e+02 2.661299999999999955e+02
-3.226700000000000159e+02 5.234000000000000341e+01 -3.397599999999999909e+02 -3.616399999999999864e+02 3.325000000000000000e+01 1.562400000000000091e+02 2.010999999999999943e+01 -7.900000000000000000e+01 -3.666800000000000068e+02 5.943799999999999955e+02
1.119599999999999937e+02 1.543400000000000034e+02 -2.486599999999999966e+02 -3.544900000000000091e+02 8.184000000000000341e+01 5.482000000000000028e+01 -1.430000000000000071e+01 -1.349399999999999977e+02 -1.343799999999999955e+02 2.456100000000000136e+02
2.824800000000000182e+02 1.453999999999999915e+01 -2.119699999999999989e+02 -3.371999999999999886e+01 3.811999999999999744e+01 -3.743199999999999932e+02 -8.268999999999999773e+01 -2.683899999999999864e+02 3.752000000000000313e+01 1.531800000000000068e+02
2.019600000000000080e+02 3.965999999999999659e+01 9.535999999999999943e+01 1.441100000000000136e+02 -8.679999999999999716e+00 -3.908799999999999955e+02 -1.624799999999999898e+02 -1.411399999999999864e+02 2.152100000000000080e+02 -2.192599999999999909e+02
1.882400000000000091e+02 -8.878000000000000114e+01 9.535999999999999943e+01 2.898100000000000023e+02 -6.690000000000000568e+01 -3.863500000000000227e+02 4.407099999999999795e+02 -6.750000000000000000e+00 1.167199999999999989e+02 -3.213199999999999932e+02
-1.050999999999999979e+01 -6.178999999999999915e+01 2.545999999999999943e+02 3.790600000000000023e+02 3.800000000000000044e-01 -3.528500000000000227e+02 3.386299999999999955e+02 1.490000000000000036e+01 2.065699999999999932e+02 -3.935000000000000000e+02
6.610999999999999943e+01 4.353999999999999915e+01 1.860800000000000125e+02 4.589999999999999858e+01 -4.340999999999999659e+01 -2.045999999999999943e+02 2.657099999999999795e+02 3.261399999999999864e+02 -4.360000000000000320e+00 -9.481999999999999318e+01
-6.621999999999999886e+01 3.868999999999999773e+01 1.120100000000000051e+02 1.351999999999999957e+01 -9.759999999999999787e+00 -2.289999999999999858e+01 -5.265599999999999454e+02 4.538899999999999864e+02 -7.309999999999999609e+00 1.398000000000000043e+01
-3.195899999999999750e+02 4.135000000000000142e+01 -3.600000000000000089e+00 -1.853199999999999932e+02 -1.527999999999999936e+01 5.683300000000000409e+02 -4.777099999999999795e+02 1.909499999999999886e+02 -1.286699999999999875e+02 2.055099999999999909e+02
-2.396800000000000068e+02 -6.799999999999999822e+00 -1.735200000000000102e+02 -8.598999999999999488e+01 4.882999999999999829e+01 9.382100000000000364e+02 -1.808300000000000125e+02 1.452599999999999909e+02 -1.139800000000000040e+02 9.634999999999999432e+01
-1.803499999999999943e+02 -5.475999999999999801e+01 -1.972899999999999920e+02 -1.463400000000000034e+02 3.900000000000000133e-01 5.033199999999999932e+02 2.882400000000000091e+02 -1.491599999999999966e+02 -1.175000000000000000e+02 -6.507999999999999829e+01
2.646200000000000045e+02 -3.714000000000000057e+01 -1.681500000000000057e+02 -2.226100000000000136e+02 -5.139999999999999680e+00 -2.721700000000000159e+02 3.119300000000000068e+02 -2.512800000000000011e+02 -9.606999999999999318e+01 3.784000000000000341e+01
9.615999999999999659e+01 7.109000000000000341e+01 -2.457800000000000011e+02 9.669999999999999929e+00 1.898999999999999844e+01 -3.571999999999999886e+02 3.350000000000000000e+01 -4.388999999999999773e+02 2.817000000000000171e+01 4.846100000000000136e+02
3.875199999999999818e+02 -5.629999999999999893e+00 1.544900000000000091e+02 2.128499999999999943e+02 1.812000000000000099e+01 -3.281999999999999886e+02 7.862999999999999545e+01 -5.228700000000000045e+02 2.047500000000000000e+02 9.601999999999999602e+01
1.070000000000000000e+02 -5.230000000000000426e+00 3.218600000000000136e+02 1.635000000000000000e+02 2.019000000000000128e+01 -4.336000000000000227e+02 -1.547500000000000000e+02 -9.604000000000000625e+01 7.773000000000000398e+01 -1.856100000000000136e+02
5.118999999999999773e+01 1.869999999999999929e+01 3.239100000000000250e+02 1.234699999999999989e+02 -2.976999999999999957e+01 -4.354800000000000182e+02 -1.725000000000000000e+01 2.692400000000000091e+02 -6.562999999999999545e+01 -1.648300000000000125e+02
-1.396500000000000057e+02 6.912000000000000455e+01 2.851000000000000156e+01 -7.040000000000000036e+00 7.519999999999999574e+00 -1.431100000000000136e+02 -2.599900000000000091e+02 7.325700000000000500e+02 1.523899999999999864e+02 -5.523200000000000500e+02
-3.172300000000000182e+02 -3.836999999999999744e+01 1.062999999999999972e+02 -3.667000000000000171e+01 -4.509000000000000341e+01 6.572400000000000091e+02 -2.805199999999999818e+02 3.485199999999999818e+02 -1.252199999999999989e+02 -7.289000000000000057e+01
-9.585999999999999943e+01 1.943300000000000125e+02 -9.634999999999999432e+01 -8.854999999999999716e+01 8.410000000000000142e+00 5.777500000000000000e+02 8.009000000000000341e+01 -2.842900000000000205e+02 -3.321999999999999886e+01 9.139000000000000057e+01
-1.006599999999999966e+02 -6.818099999999999454e+02 -3.315899999999999750e+02 -4.470000000000000284e+01 -9.901000000000000512e+01 4.113700000000000045e+02 1.252500000000000000e+02 -7.723999999999999488e+01 3.257000000000000028e+01 6.884999999999999432e+01
-2.475000000000000000e+01 5.822000000000000455e+02 -1.893000000000000114e+02 -4.565999999999999659e+01 4.929999999999999716e+01 9.456000000000000227e+01 6.246999999999999886e+01 3.077900000000000205e+02 -1.037999999999999972e+02 2.316299999999999955e+02
1.841100000000000136e+02 -3.303999999999999915e+01 -1.159800000000000040e+02 3.653000000000000114e+01 7.854000000000000625e+01 1.365800000000000125e+02 -3.250999999999999801e+01 -1.933899999999999864e+02 -7.954000000000000625e+01 -4.891999999999999886e+02
-3.795000000000000000e+02 -1.554300000000000068e+02 -4.322500000000000000e+02 -1.152300000000000040e+02 -1.639600000000000080e+02 -5.237200000000000273e+02 1.389799999999999898e+02 -3.187900000000000205e+02 -2.211299999999999955e+02 1.642170000000000073e+03
7.034000000000000341e+01 4.413899999999999864e+02 3.787599999999999909e+02 -7.859999999999999432e+01 1.867599999999999909e+02 -6.715199999999999818e+02 4.848999999999999773e+02 -6.126100000000000136e+02 -2.762300000000000182e+02 -1.383890000000000100e+03
3.241100000000000136e+02 -5.134000000000000341e+01 -6.306000000000000227e+01 -2.341100000000000136e+02 -9.296999999999999886e+01 -7.787599999999999909e+02 2.914999999999999858e+01 -5.997999999999999687e+01 2.026999999999999886e+02 6.411799999999999500e+02
2.962000000000000099e+01 -7.306999999999999318e+01 5.153700000000000045e+02 3.099300000000000068e+02 7.712000000000000455e+01 -1.296999999999999886e+02 -3.116700000000000159e+02 3.937200000000000273e+02 2.585899999999999750e+02 -7.900700000000000500e+02
5.716900000000000546e+02 5.669999999999999929e+00 3.385400000000000205e+02 2.520699999999999932e+02 1.558999999999999986e+01 6.254099999999999682e+02 -5.098100000000000023e+02 2.959399999999999977e+02 2.698399999999999750e+02 2.833399999999999750e+02
-7.712000000000000455e+01 -4.600000000000000200e-01 2.340999999999999943e+02 3.292099999999999795e+02 -3.220000000000000195e+00 6.882300000000000182e+02 -1.155199999999999960e+02 2.830099999999999909e+02 -4.300999999999999801e+01 2.908999999999999773e+02
-1.912400000000000091e+02 -1.105699999999999932e+02 -1.015499999999999972e+02 -8.996999999999999886e+01 -8.871999999999999886e+01 2.538499999999999943e+02 -2.692000000000000171e+01 2.105000000000000000e+02 4.424900000000000091e+02 -1.938499999999999943e+02
-2.845400000000000205e+02 -5.772999999999999687e+01 -2.053499999999999943e+02 1.946000000000000085e+01 6.745000000000000284e+01 -1.764099999999999966e+02 3.690699999999999932e+02 -4.711999999999999744e+01 -4.122300000000000182e+02 -4.686100000000000136e+02
-4.114499999999999886e+02 -1.289900000000000091e+02 -1.993600000000000136e+02 -4.148399999999999750e+02 -8.364000000000000057e+01 5.740000000000000000e+02 -1.050799999999999983e+02 -3.707999999999999829e+01 -2.326299999999999955e+02 8.326000000000000512e+01
1.607000000000000028e+01 -1.508899999999999864e+02 -4.168199999999999932e+02 -2.314099999999999966e+02 5.910000000000000142e+00 -4.256999999999999886e+02 8.698999999999999488e+01 -4.566499999999999773e+02 -2.017899999999999920e+02 3.690000000000000000e+02
-2.153999999999999915e+01 1.987000000000000099e+01 -1.577599999999999909e+02 -2.729800000000000182e+02 -5.230000000000000426e+00 -2.051299999999999955e+02 1.397400000000000091e+02 4.068999999999999773e+01 -1.079300000000000068e+02 2.205999999999999943e+02
3.405000000000000000e+02 1.100999999999999979e+01 3.972500000000000000e+02 1.244000000000000057e+02 5.003999999999999915e+01 -6.082000000000000455e+02 7.996100000000000136e+02 -3.913199999999999932e+02 4.181000000000000227e+01 1.568199999999999932e+02
3.556000000000000227e+02 1.910699999999999932e+02 1.308700000000000045e+02 3.998999999999999773e+02 3.942999999999999972e+01 3.660000000000000000e+02 -7.560199999999999818e+02 -5.283600000000000136e+02 1.890600000000000023e+02 2.412000000000000099e+01
2.508499999999999943e+02 5.721000000000000085e+01 5.393400000000000318e+02 2.126299999999999955e+02 3.146999999999999886e+01 -6.079900000000000091e+02 2.062800000000000011e+02 7.251999999999999602e+01 1.428000000000000114e+02 -3.278100000000000023e+02
8.068000000000000682e+01 7.973000000000000398e+01 1.370000000000000107e+00 2.186399999999999864e+02 -1.008999999999999986e+01 5.496100000000000136e+02 -1.160569999999999936e+03 7.321599999999999682e+02 2.490500000000000114e+02 -1.511999999999999922e+01
-3.597300000000000182e+02 -8.231999999999999318e+01 2.705000000000000071e+01 5.028999999999999915e+01 -3.415999999999999659e+01 -2.100300000000000011e+02 6.038899999999999864e+02 5.252500000000000000e+02 5.360000000000000142e+01 -4.976999999999999886e+02
-4.404800000000000182e+02 -1.867800000000000011e+02 -3.859700000000000273e+02 -1.999799999999999898e+02 -2.482000000000000028e+01 2.975000000000000000e+02 -9.362000000000000455e+02 9.843799999999999955e+02 -1.312299999999999898e+02 -5.717000000000000171e+01
-2.321200000000000045e+02 -1.164099999999999966e+02 -4.354700000000000273e+02 -1.486599999999999966e+02 -8.396999999999999886e+01 3.396999999999999886e+02 2.825699999999999932e+02 -1.059509999999999991e+03 -1.299699999999999989e+02 -1.056299999999999955e+02
-8.465999999999999659e+01 -2.360000000000000142e+01 -2.821700000000000159e+02 -2.380399999999999920e+02 5.139999999999999680e+00 2.189000000000000057e+02 4.664700000000000273e+02 1.534300000000000068e+02 -2.600000000000000000e+02 2.189499999999999886e+02
4.134000000000000341e+01 7.629000000000000625e+01 -1.236299999999999955e+02 -1.119800000000000040e+02 1.869999999999999929e+01 -1.675200000000000102e+02 4.893600000000000136e+02 -4.538999999999999773e+02 -1.224500000000000028e+02 2.382100000000000080e+02
2.149099999999999966e+02 1.379099999999999966e+02 3.256299999999999955e+02 -5.457999999999999829e+01 4.646000000000000085e+01 -1.059230000000000018e+03 4.100000000000000000e+02 -3.107799999999999727e+02 3.400000000000000000e+01 3.365699999999999932e+02
3.778899999999999864e+02 1.430399999999999920e+02 4.746700000000000159e+02 1.774900000000000091e+02 6.002000000000000313e+01 1.507199999999999989e+02 1.998499999999999943e+02 -3.166999999999999886e+02 2.426200000000000045e+02 -5.759999999999999787e+00
2.541299999999999955e+02 2.780999999999999872e+01 2.094900000000000091e+02 1.527899999999999920e+02 1.707999999999999829e+01 3.730000000000000000e+02 4.009000000000000341e+01 -5.492999999999999972e+01 -1.867999999999999972e+01 -5.371000000000000085e+01
1.605099999999999909e+02 4.003000000000000114e+01 4.259999999999999787e+00 2.045500000000000114e+02 5.280000000000000249e+00 4.529700000000000273e+02 -1.670600000000000023e+02 -2.059900000000000091e+02 2.286100000000000136e+02 5.032999999999999829e+01
-2.012500000000000000e+02 -4.510000000000000142e+01 -1.828700000000000045e+02 1.469199999999999875e+02 -5.517999999999999972e+01 -4.515400000000000205e+02 -3.776100000000000136e+02 4.312500000000000000e+02 4.639999999999999858e+01 -1.790999999999999943e+02
-3.081600000000000250e+02 -5.060999999999999943e+01 -2.722300000000000182e+02 6.088000000000000256e+01 -4.818999999999999773e+01 3.749000000000000199e+01 -9.212999999999999545e+02 9.708899999999999864e+02 -8.949999999999999289e+00 -6.481000000000000227e+01
-2.628600000000000136e+02 -8.585999999999999943e+01 -2.111699999999999875e+02 -1.337800000000000011e+02 1.964000000000000057e+01 2.885799999999999841e+02 -3.507900000000000205e+02 7.448600000000000136e+02 -6.161999999999999744e+01 -3.006999999999999886e+02
-7.406000000000000227e+01 -3.885000000000000142e+01 -1.548899999999999864e+02 -1.607599999999999909e+02 -5.710999999999999943e+01 2.965799999999999841e+02 6.746999999999999886e+01 2.699300000000000068e+02 -1.348499999999999943e+02 -4.864000000000000057e+01
-1.051800000000000068e+02 3.339999999999999858e+00 -3.271999999999999886e+01 -1.616500000000000057e+02 2.723999999999999844e+01 -2.500000000000000000e-01 1.137300000000000040e+02 -4.054700000000000273e+02 -5.128000000000000114e+01 1.954300000000000068e+02
1.063599999999999994e+02 4.745000000000000284e+01 2.050399999999999920e+02 -1.964999999999999858e+01 -6.019999999999999574e+00 -6.152500000000000000e+02 1.044380000000000109e+03 -9.553300000000000409e+02 -1.555800000000000125e+02 -1.180999999999999943e+02
3.356200000000000045e+02 4.834000000000000341e+01 1.986500000000000057e+02 7.779000000000000625e+01 3.978000000000000114e+01 -7.320800000000000409e+02 6.243899999999999864e+02 -7.205399999999999636e+02 1.228199999999999932e+02 1.463899999999999864e+02
4.670099999999999909e+02 4.722999999999999687e+01 1.873199999999999932e+02 -4.642000000000000171e+01 3.507000000000000028e+01 5.371200000000000045e+02 2.782400000000000091e+02 -5.298500000000000227e+02 3.232999999999999829e+01 3.093600000000000136e+02
9.810000000000000497e+00 3.928999999999999915e+01 6.984999999999999432e+01 1.310099999999999909e+02 -2.037000000000000099e+01 6.861599999999999682e+02 -5.137400000000000091e+02 -1.390200000000000102e+02 1.244599999999999937e+02 -1.346599999999999966e+02
-1.470300000000000011e+02 -1.767000000000000171e+01 -1.237500000000000000e+02 -7.179999999999999716e+00 -1.166999999999999993e+01 4.460000000000000000e+02 -9.184800000000000182e+02 2.284300000000000068e+02 -1.038299999999999983e+02 -1.608499999999999943e+02
-3.334700000000000273e+02 -5.522999999999999687e+01 -3.884599999999999795e+02 -8.153000000000000114e+01 -7.519999999999999574e+00 -1.150300000000000011e+02 -5.008600000000000136e+02 7.595000000000000000e+02 -8.143999999999999773e+01 -9.704999999999999716e+01
-3.231299999999999955e+02 -2.737000000000000099e+01 -2.846000000000000227e+02 1.394600000000000080e+02 3.509999999999999787e+00 -3.875199999999999818e+02 -2.182999999999999829e+01 9.591100000000000136e+02 -9.237000000000000455e+01 1.109699999999999989e+02
9.632999999999999829e+01 -1.959999999999999964e+00 6.825000000000000000e+01 1.092500000000000000e+02 -2.085999999999999943e+01 -4.184599999999999795e+02 4.863299999999999841e+02 5.207400000000000091e+02 1.195900000000000034e+02 3.304399999999999977e+02
4.549999999999999822e+00 5.246999999999999886e+01 3.716299999999999955e+02 -4.910000000000000142e+01 2.391000000000000014e+01 -5.842000000000000455e+02 3.672799999999999727e+02 -1.041899999999999977e+02 -6.690000000000000568e+01 -1.329399999999999977e+02
-2.880000000000000071e+01 -2.798000000000000043e+01 2.937099999999999795e+02 -2.632999999999999829e+01 -4.439000000000000057e+01 9.534999999999999432e+01 2.812500000000000000e+02 -2.801600000000000250e+02 1.623700000000000045e+02 -1.723600000000000136e+02
1.005699999999999932e+02 6.029999999999999716e+01 -4.031000000000000227e+01 -2.785000000000000142e+01 3.016000000000000014e+01 5.716799999999999500e+02 3.467300000000000182e+02 -7.119800000000000182e+02 1.716000000000000014e+01 -3.546600000000000250e+02
1.264099999999999966e+02 -1.555000000000000071e+01 8.385999999999999943e+01 -2.319999999999999840e+00 8.380000000000000782e+00 4.676600000000000250e+02 -1.500000000000000000e+02 -1.113299999999999955e+03 -3.800999999999999801e+01 1.087199999999999989e+02
8.051000000000000512e+01 4.929999999999999716e+00 -3.153000000000000114e+01 5.632999999999999829e+01 -3.000000000000000000e+01 8.759000000000000341e+01 -2.676399999999999864e+02 -6.647300000000000182e+02 -8.351999999999999602e+01 2.172400000000000091e+02
2.377899999999999920e+02 -7.830000000000000071e+00 6.150000000000000000e+01 -5.082000000000000028e+01 -1.350000000000000000e+01 -5.375900000000000318e+02 -1.563100000000000023e+02 2.873999999999999773e+02 -1.110400000000000063e+02 2.240999999999999943e+02
6.307000000000000028e+01 -1.152999999999999936e+01 -4.120000000000000107e+00 -9.153000000000000114e+01 3.993999999999999773e+01 9.037000000000000455e+01 4.453999999999999915e+01 9.381100000000000136e+02 -5.956000000000000227e+01 6.664000000000000057e+01
-1.313300000000000125e+02 6.439000000000000057e+01 2.185999999999999943e+01 -1.014000000000000057e+02 2.028000000000000114e+01 3.397799999999999727e+02 -3.367999999999999972e+01 1.315930000000000064e+03 4.275999999999999801e+01 1.210699999999999932e+02
-3.079399999999999977e+02 -5.839999999999999858e+01 2.217299999999999898e+02 9.876999999999999602e+01 -5.485000000000000142e+01 -1.295699999999999932e+02 -1.846100000000000136e+02 9.569299999999999500e+02 8.543000000000000682e+01 1.066400000000000006e+02
-1.838799999999999955e+02 -1.477999999999999936e+01 5.588000000000000256e+01 2.176899999999999977e+02 2.126000000000000156e+01 -3.444399999999999977e+02 -3.464700000000000273e+02 -3.728299999999999841e+02 5.240999999999999659e+01 -6.351599999999999682e+02
-7.509999999999999787e+00 -1.800000000000000000e+01 4.910000000000000142e+00 1.170600000000000023e+02 -3.151999999999999957e+01 -4.083199999999999932e+02 1.731599999999999966e+02 -1.049150000000000091e+03 1.483999999999999986e+01 -1.939399999999999977e+02
3.556000000000000227e+01 -7.873000000000000398e+01 -1.635500000000000114e+02 -1.366899999999999977e+02 -3.005000000000000071e+01 2.009699999999999989e+02 1.749499999999999886e+02 -8.818099999999999454e+02 -9.869999999999999218e+00 -2.960799999999999841e+02
1.773999999999999844e+01 -1.360999999999999943e+01 -1.681299999999999955e+02 -8.915000000000000568e+01 -1.288000000000000078e+01 1.657199999999999989e+02 2.023000000000000114e+02 -9.691200000000000045e+02 -5.717000000000000171e+01 -9.470999999999999375e+01
1.685399999999999920e+02 1.016099999999999994e+02 8.635999999999999943e+01 -2.663899999999999864e+02 4.054999999999999716e+01 1.940300000000000011e+02 -2.247100000000000080e+02 -1.454399999999999977e+02 -1.592400000000000091e+02 3.585000000000000000e+02
2.881999999999999886e+02 1.894999999999999929e+01 -4.672999999999999687e+01 -1.136700000000000017e+02 8.199999999999999289e+00 8.279999999999999716e+01 1.227000000000000028e+02 7.185599999999999454e+02 -1.546500000000000057e+02 4.880799999999999841e+02
1.030000000000000000e+02 5.263000000000000256e+01 1.580000000000000071e+00 4.518999999999999773e+01 6.856999999999999318e+01 -8.619999999999999218e+00 1.186800000000000068e+02 1.069730000000000018e+03 -2.408999999999999986e+01 4.202699999999999818e+02
3.397999999999999687e+01 2.048999999999999844e+01 1.695900000000000034e+02 2.175399999999999920e+02 -1.577999999999999936e+01 1.810800000000000125e+02 -2.708999999999999986e+01 6.948400000000000318e+02 1.461999999999999886e+02 8.595999999999999375e+01
-2.274799999999999898e+02 1.680000000000000071e+01 3.188799999999999955e+02 2.239799999999999898e+02 -3.363000000000000256e+01 -2.564000000000000057e+01 -2.267299999999999898e+02 2.977599999999999909e+02 1.848400000000000034e+02 -3.915699999999999932e+02
-1.855699999999999932e+02 -6.820999999999999375e+01 3.813000000000000256e+01 1.417599999999999909e+02 -2.142000000000000171e+01 -2.360099999999999909e+02 3.191000000000000014e+01 -5.109399999999999977e+02 1.206299999999999955e+02 -4.373299999999999841e+02
-1.542400000000000091e+02 7.730000000000000426e+00 -2.129300000000000068e+02 1.103100000000000023e+02 -3.272999999999999687e+01 -3.979300000000000068e+02 1.188900000000000006e+02 -4.426800000000000068e+02 7.412999999999999545e+01 -3.649599999999999795e+02
-1.272399999999999949e+02 -1.271700000000000017e+02 -3.779100000000000250e+02 -7.596999999999999886e+01 -1.675000000000000000e+01 2.510699999999999932e+02 2.731399999999999864e+02 -6.048400000000000318e+02 0.000000000000000000e+00 3.984000000000000341e+01
1.359600000000000080e+02 -4.085999999999999943e+01 -3.712099999999999795e+02 -2.607699999999999818e+02 -1.929999999999999938e+00 -1.754900000000000091e+02 2.013199999999999932e+02 -5.731699999999999591e+02 0.000000000000000000e+00 1.982400000000000091e+02
-4.318999999999999773e+01 7.384000000000000341e+01 -1.550300000000000011e+02 -3.462900000000000205e+02 1.839000000000000057e+01 -1.304499999999999886e+02 -1.811599999999999966e+02 -1.519000000000000057e+02 0.000000000000000000e+00 2.252899999999999920e+02
9.459999999999999432e+01 1.351699999999999875e+02 1.750600000000000023e+02 -8.392000000000000171e+01 2.626000000000000156e+01 3.430000000000000000e+02 -3.456700000000000159e+02 3.315500000000000114e+02 0.000000000000000000e+00 4.661999999999999886e+02
3.117599999999999909e+02 -8.967000000000000171e+01 1.371299999999999955e+02 2.185300000000000011e+02 5.831000000000000227e+01 5.628500000000000227e+02 -4.077300000000000182e+02 6.817699999999999818e+02 4.059999999999999609e+00 -6.884999999999999432e+01
2.487400000000000091e+02 1.344699999999999989e+02 3.635699999999999932e+02 1.623499999999999943e+02 -2.244000000000000128e+01 -2.962300000000000182e+02 -1.177099999999999937e+02 9.572300000000000182e+02 1.405200000000000102e+02 -1.222199999999999989e+02
1.010300000000000011e+02 -1.957999999999999829e+01 1.223299999999999983e+02 1.964499999999999886e+02 -3.215999999999999659e+01 -2.733799999999999955e+02 2.061299999999999955e+02 3.055400000000000205e+02 8.790000000000000568e+01 -7.993000000000000682e+01
-3.079200000000000159e+02 -1.635500000000000114e+02 -1.482400000000000091e+02 9.118999999999999773e+01 -2.928999999999999915e+01 -2.953999999999999915e+01 3.482200000000000273e+02 -4.557400000000000091e+02 2.114000000000000057e+01 -4.639399999999999977e+02
-3.423299999999999841e+02 -3.290000000000000036e+00 -2.641499999999999773e+02 -8.590000000000000568e+01 -2.053000000000000114e+01 4.885000000000000142e+01 2.543899999999999864e+02 -6.881000000000000227e+02 -1.188100000000000023e+02 -3.985899999999999750e+02
-1.607700000000000102e+02 -7.882999999999999829e+01 -1.338100000000000023e+02 -9.087999999999999545e+01 -5.140999999999999659e+01 -3.608700000000000045e+02 2.864800000000000182e+02 -4.906399999999999864e+02 -6.918000000000000682e+01 4.932000000000000028e+01
1.860000000000000142e+01 1.013700000000000045e+02 -1.337400000000000091e+02 -2.152800000000000011e+02 7.326999999999999602e+01 -4.219999999999999751e+00 -3.570899999999999750e+02 -2.787000000000000099e+01 -1.290000000000000036e+00 5.509700000000000273e+02
1.450399999999999920e+02 -1.425999999999999979e+01 -5.453999999999999915e+01 -1.155300000000000011e+02 2.469000000000000128e+01 3.526899999999999977e+02 -4.825099999999999909e+02 -2.137000000000000099e+01 -1.412599999999999909e+02 6.057500000000000000e+02
2.903899999999999864e+02 1.158400000000000034e+02 6.412999999999999545e+01 5.150000000000000355e+00 1.882000000000000028e+01 4.015600000000000023e+02 -1.285000000000000000e+02 2.159699999999999989e+02 7.181000000000000227e+01 1.439600000000000080e+02
1.309600000000000080e+02 2.887999999999999901e+01 1.301999999999999886e+02 1.179699999999999989e+02 3.453999999999999915e+01 4.074900000000000091e+02 9.167000000000000171e+01 2.598000000000000114e+02 -1.101899999999999977e+02 -1.221500000000000057e+02
-8.498000000000000398e+01 -4.650000000000000355e+00 2.936700000000000159e+02 1.422700000000000102e+02 -5.749000000000000199e+01 -3.993500000000000227e+02 3.351399999999999864e+02 3.482599999999999909e+02 1.197399999999999949e+02 -4.276000000000000227e+02
-9.893000000000000682e+01 -6.901999999999999602e+01 -7.081999999999999318e+01 2.303199999999999932e+02 -1.928000000000000114e+01 -4.569900000000000091e+02 -2.841000000000000014e+01 2.464600000000000080e+02 6.367999999999999972e+01 4.592000000000000171e+01
1.297599999999999909e+02 -3.714999999999999858e+01 4.757000000000000028e+01 1.307500000000000000e+02 -1.953999999999999915e+01 -4.573000000000000114e+02 -9.018000000000000682e+01 1.002199999999999989e+02 5.050000000000000000e+01 -2.764599999999999795e+02
8.356000000000000227e+01 6.598000000000000398e+01 7.571999999999999886e+01 -1.520999999999999943e+02 1.794999999999999929e+01 -2.614000000000000057e+01 1.883899999999999864e+02 -1.325300000000000011e+02 1.507400000000000091e+02 1.053199999999999932e+02
-8.946999999999999886e+01 -7.299999999999999822e+00 1.543799999999999955e+02 -1.285800000000000125e+02 1.124000000000000021e+01 6.990900000000000318e+02 4.925899999999999750e+02 -2.342299999999999898e+02 1.342999999999999972e+01 1.785900000000000034e+02
-3.325799999999999841e+02 -8.849999999999999645e+00 -9.167000000000000171e+01 -3.213899999999999864e+02 1.363000000000000078e+01 3.342400000000000091e+02 -4.519700000000000273e+02 -2.575799999999999841e+02 -1.738199999999999932e+02 1.914600000000000080e+02
-2.396000000000000085e+01 -1.812000000000000099e+01 -2.837200000000000273e+02 -7.456999999999999318e+01 -9.279999999999999361e+00 -1.715800000000000125e+02 -5.730599999999999454e+02 -3.467900000000000205e+02 -2.769599999999999795e+02 2.962799999999999727e+02
-3.900000000000000000e+01 -2.689999999999999947e+00 -1.296299999999999955e+02 -2.399999999999999911e+00 -1.889000000000000057e+01 -1.848600000000000136e+02 -1.778400000000000034e+02 -1.524399999999999977e+02 -2.671000000000000085e+01 -4.716800000000000068e+02
-2.603000000000000114e+01 4.046000000000000085e+01 -5.167999999999999972e+01 1.869199999999999875e+02 -1.626000000000000156e+01 -1.379999999999999893e+00 3.824100000000000250e+02 4.762300000000000182e+02 -6.172999999999999687e+01 -5.097200000000000273e+02
1.125100000000000051e+02 -1.074000000000000021e+01 1.465800000000000125e+02 1.816100000000000136e+02 -2.600000000000000089e-01 -1.943100000000000023e+02 2.207299999999999898e+02 3.831800000000000068e+02 2.213300000000000125e+02 -6.659000000000000341e+01
2.671600000000000250e+02 -7.990000000000000213e+00 4.314999999999999858e+01 1.475800000000000125e+02 6.437999999999999545e+01 -7.065000000000000568e+01 1.020300000000000011e+02 -5.259999999999999787e+00 9.548999999999999488e+01 3.731499999999999773e+02
1.637899999999999920e+02 -1.858999999999999986e+01 2.290800000000000125e+02 -2.423000000000000043e+01 -2.576999999999999957e+01 1.369099999999999966e+02 -3.735600000000000023e+02 1.340300000000000011e+02 3.028000000000000114e+01 4.679800000000000182e+02
-5.527000000000000313e+01 2.694999999999999929e+01 1.764399999999999977e+02 -2.899100000000000250e+02 2.948000000000000043e+01 1.169800000000000040e+02 -1.330600000000000023e+02 -1.610200000000000102e+02 -1.241500000000000057e+02 3.873600000000000136e+02
-2.117599999999999909e+02 -2.479999999999999982e+00 8.912999999999999545e+01 -3.031600000000000250e+02 2.640000000000000124e+00 -3.904700000000000273e+02 -8.729000000000000625e+01 -6.248799999999999955e+02 3.239999999999999858e+01 -2.083400000000000034e+02
-6.217000000000000171e+01 3.603999999999999915e+01 2.394000000000000128e+01 -1.060999999999999943e+02 -9.750000000000000000e+00 1.149500000000000028e+02 7.618000000000000682e+01 -2.272800000000000011e+02 -4.280000000000000249e+00 -2.675899999999999750e+02
1.393499999999999943e+02 -1.023000000000000043e+01 -3.105000000000000071e+01 2.768399999999999750e+02 -2.107000000000000028e+01 -1.366100000000000136e+02 8.429999999999999716e+01 3.423899999999999864e+02 1.114599999999999937e+02 -3.329800000000000182e+02
-1.486800000000000068e+02 4.107000000000000028e+01 -1.819699999999999989e+02 4.107400000000000091e+02 1.216000000000000014e+01 4.274599999999999795e+02 8.730000000000000426e+00 6.328300000000000409e+02 8.359999999999999432e+01 -2.620699999999999932e+02
-8.090000000000000568e+01 -1.335399999999999920e+02 -9.956999999999999318e+01 2.453899999999999864e+02 -3.078000000000000114e+01 2.239099999999999966e+02 2.110000000000000000e+02 2.223000000000000114e+02 -1.183900000000000006e+02 -4.409000000000000341e+01
-5.739000000000000057e+01 -1.067999999999999972e+01 7.849999999999999645e+00 -4.171999999999999886e+01 -3.176999999999999957e+01 -6.500000000000000222e-01 7.862999999999999545e+01 -1.448600000000000136e+02 -4.046000000000000085e+01 1.639999999999999902e+00
6.003000000000000114e+01 -6.654999999999999716e+01 -7.306000000000000227e+01 -3.028100000000000023e+02 3.585999999999999943e+01 1.517700000000000102e+02 6.020000000000000284e+01 -1.587299999999999898e+02 -5.415999999999999659e+01 2.256800000000000068e+02
3.005000000000000071e+01 5.554999999999999716e+01 7.400000000000000355e+00 -4.504200000000000159e+02 3.092000000000000171e+01 -9.526999999999999602e+01 -3.259999999999999787e+00 -5.328500000000000227e+02 -2.322800000000000011e+02 3.765500000000000114e+02
1.280000000000000071e+01 1.299399999999999977e+02 2.299699999999999989e+02 -2.084900000000000091e+02 2.487999999999999901e+01 -3.249800000000000182e+02 6.019999999999999574e+00 1.040199999999999960e+02 1.892000000000000171e+01 3.893199999999999932e+02
1.197399999999999949e+02 8.393000000000000682e+01 3.870899999999999750e+02 1.335500000000000114e+02 3.151000000000000156e+01 -3.837099999999999795e+02 -9.603000000000000114e+01 -1.077199999999999989e+02 2.370900000000000034e+02 -9.279999999999999716e+01
2.980699999999999932e+02 4.642999999999999972e+01 1.601299999999999955e+02 4.256600000000000250e+02 2.714999999999999858e+01 1.402700000000000102e+02 -8.206999999999999318e+01 -1.971500000000000057e+02 1.879699999999999989e+02 1.253599999999999994e+02
-9.440999999999999659e+01 -1.207500000000000000e+02 -9.179999999999999716e+01 4.173500000000000227e+02 -5.717999999999999972e+01 1.858100000000000023e+02 -4.167400000000000091e+02 4.419399999999999977e+02 -3.385000000000000142e+01 -2.508499999999999943e+02
-2.845699999999999932e+02 -3.350999999999999801e+01 -3.143899999999999864e+02 3.363000000000000256e+01 -7.375000000000000000e+01 6.139999999999999680e+00 -1.065199999999999960e+02 1.306999999999999886e+02 -1.503400000000000034e+02 -6.501399999999999864e+02
-2.216200000000000045e+02 -7.009000000000000341e+01 -1.561399999999999864e+02 -2.083899999999999864e+02 -5.513000000000000256e+01 -2.227599999999999909e+02 1.329799999999999898e+02 3.586100000000000136e+02 6.753000000000000114e+01 -7.130599999999999454e+02
6.632999999999999829e+01 -7.673000000000000398e+01 6.523000000000000398e+01 -1.951299999999999955e+02 -3.535999999999999943e+01 -5.330000000000000071e+00 5.137899999999999636e+02 3.227799999999999727e+02 -3.934000000000000341e+01 -4.103999999999999915e+01
-7.490000000000000213e+00 1.078799999999999955e+02 -4.125999999999999801e+01 -6.587000000000000455e+01 6.322999999999999687e+01 4.284499999999999886e+02 3.441399999999999864e+02 2.867900000000000205e+02 -1.101700000000000017e+02 2.067800000000000011e+02
1.722100000000000080e+02 -2.382000000000000028e+01 1.045799999999999983e+02 -5.195000000000000284e+01 3.709999999999999964e+00 1.122199999999999989e+02 -1.050000000000000044e+00 -4.277599999999999909e+02 -1.554600000000000080e+02 6.718400000000000318e+02
5.565999999999999659e+01 -4.599999999999999645e+00 1.629399999999999977e+02 -1.002099999999999937e+02 4.077000000000000313e+01 1.646500000000000057e+02 -4.470099999999999909e+02 -6.837000000000000455e+02 -5.453999999999999915e+01 6.779099999999999682e+02
-6.671999999999999886e+01 1.647899999999999920e+02 1.209999999999999964e+00 -8.709000000000000341e+01 4.745000000000000284e+01 2.261899999999999977e+02 -3.736899999999999977e+02 -7.541100000000000136e+02 1.047000000000000028e+02 2.265900000000000034e+02
8.564000000000000057e+01 8.185999999999999943e+01 -6.973000000000000398e+01 1.141500000000000057e+02 5.478000000000000114e+01 -5.416200000000000045e+02 -2.035999999999999943e+02 -5.665499999999999545e+02 6.500000000000000222e-01 -4.122999999999999687e+01
2.698000000000000043e+01 -7.400000000000000355e+00 -5.135000000000000142e+01 2.494000000000000128e+01 -2.057999999999999829e+01 -3.584100000000000250e+02 1.614999999999999858e+01 3.801899999999999977e+02 2.343000000000000114e+02 -3.725000000000000000e+02
-1.193999999999999950e+01 -7.509000000000000341e+01 2.655000000000000071e+01 2.497700000000000102e+02 -4.935999999999999943e+01 -2.083700000000000045e+02 4.913100000000000023e+02 1.049009999999999991e+03 1.569499999999999886e+02 -6.567599999999999909e+02
-6.554000000000000625e+01 -3.395000000000000284e+01 2.116800000000000068e+02 2.860699999999999932e+02 -5.956000000000000227e+01 -1.758999999999999986e+01 2.785899999999999750e+02 1.226279999999999973e+03 -1.998999999999999844e+01 -5.851699999999999591e+02
1.603199999999999932e+02 -1.365600000000000023e+02 -4.600000000000000200e-01 1.470600000000000023e+02 -5.957000000000000028e+01 -1.131200000000000045e+02 6.810999999999999943e+01 -8.300000000000000000e+01 -2.286800000000000068e+02 -4.385799999999999841e+02
-1.233299999999999983e+02 -7.879000000000000625e+01 -2.190300000000000011e+02 -2.119099999999999966e+02 -5.139999999999999680e+00 4.803100000000000023e+02 -2.586700000000000159e+02 -4.601899999999999977e+02 -1.995699999999999932e+02 2.158700000000000045e+02
-1.403400000000000034e+02 5.664999999999999858e+01 -2.109300000000000068e+02 -3.164300000000000068e+02 5.277000000000000313e+01 6.026000000000000227e+02 -2.112999999999999901e+01 -2.273799999999999955e+02 -2.241000000000000014e+01 4.570600000000000023e+02
-1.775600000000000023e+02 7.262000000000000455e+01 -2.223700000000000045e+02 -2.050699999999999932e+02 2.950000000000000000e+01 4.226999999999999886e+02 -4.292000000000000171e+01 5.034000000000000341e+01 5.234000000000000341e+01 1.001529999999999973e+03
-1.944999999999999929e+01 2.220699999999999932e+02 3.828000000000000114e+01 -5.260000000000000142e+01 6.706000000000000227e+01 4.678000000000000114e+01 1.563400000000000034e+02 -4.776200000000000045e+02 -1.712000000000000099e+01 7.526499999999999773e+02
1.774699999999999989e+02 8.264000000000000057e+01 -4.224000000000000199e+01 9.640999999999999659e+01 3.603000000000000114e+01 -3.449300000000000068e+02 -4.656800000000000068e+02 -3.403199999999999932e+02 6.581000000000000227e+01 2.959999999999999964e+00
1.919099999999999966e+02 -4.415999999999999659e+01 9.367000000000000171e+01 7.956999999999999318e+01 1.527999999999999936e+01 -4.488199999999999932e+02 -2.754200000000000159e+02 -3.697099999999999795e+02 6.400000000000000000e+01 -6.090800000000000409e+02
2.266800000000000068e+02 -4.863000000000000256e+01 1.329099999999999966e+02 1.532199999999999989e+02 -8.254000000000000625e+01 -8.132400000000000091e+02 -2.232000000000000028e+01 -1.280900000000000034e+02 6.299000000000000199e+01 -7.894099999999999682e+02
1.483000000000000114e+02 -1.235600000000000023e+02 5.967000000000000171e+01 1.584900000000000091e+02 -8.420000000000000284e+01 -5.297500000000000000e+02 1.889900000000000091e+02 1.740999999999999943e+02 6.009000000000000341e+01 -7.508400000000000318e+02
-1.177800000000000011e+02 -1.617500000000000000e+02 -3.121999999999999886e+01 7.367000000000000171e+01 -6.357000000000000028e+01 -2.280999999999999872e+01 9.906000000000000227e+01 1.046130000000000109e+03 -5.870000000000000284e+01 -5.191399999999999864e+02
-3.402699999999999818e+02 -1.501999999999999957e+01 -2.807699999999999818e+02 -1.794999999999999929e+01 -3.569999999999999840e+00 9.687000000000000455e+02 -1.231200000000000045e+02 8.928999999999999773e+02 -1.035100000000000051e+02 1.225699999999999932e+02
-4.223799999999999955e+02 2.353000000000000114e+01 -2.581000000000000227e+02 -1.013700000000000045e+02 8.368999999999999773e+01 8.288999999999999773e+02 1.744300000000000068e+02 2.320300000000000011e+02 -9.959999999999999432e+01 7.744199999999999591e+02
-1.552100000000000080e+02 1.236700000000000017e+02 -2.878500000000000227e+02 -2.520500000000000114e+02 4.021999999999999886e+01 4.848100000000000023e+02 8.764000000000000057e+01 -5.130000000000000000e+02 -1.077999999999999972e+02 7.530099999999999909e+02
2.091500000000000057e+02 1.197399999999999949e+02 -4.613000000000000256e+01 -2.057299999999999898e+02 3.697999999999999687e+01 1.043299999999999983e+02 9.095999999999999375e+01 -8.321200000000000045e+02 -5.943999999999999773e+01 2.938500000000000227e+02
2.155000000000000000e+02 5.203000000000000114e+01 -2.989999999999999858e+01 -7.690000000000000391e+00 1.151999999999999957e+01 -4.719399999999999977e+02 3.929999999999999716e+01 -7.928999999999999773e+02 4.431000000000000227e+01 1.148100000000000023e+02
3.213700000000000045e+02 -2.212000000000000099e+01 2.143499999999999943e+02 5.188000000000000256e+01 2.573000000000000043e+01 -7.635399999999999636e+02 -2.800699999999999932e+02 -2.990600000000000023e+02 8.156999999999999318e+01 -1.258400000000000034e+02
1.733799999999999955e+02 -8.009999999999999432e+01 4.115400000000000205e+02 1.806200000000000045e+02 -4.789999999999999858e+01 -6.828500000000000227e+02 2.970699999999999932e+02 -3.473899999999999864e+02 8.990999999999999659e+01 -2.674300000000000068e+02
2.328600000000000136e+02 2.612000000000000099e+01 2.112299999999999898e+02 6.981999999999999318e+01 -1.349000000000000021e+01 -1.900300000000000011e+02 -1.777800000000000011e+02 3.579900000000000091e+02 1.504199999999999875e+02 -2.609700000000000273e+02
-1.143299999999999983e+02 -3.242000000000000171e+01 -3.818999999999999773e+01 2.546899999999999977e+02 -6.250000000000000000e+00 9.184000000000000341e+01 -2.156699999999999875e+02 7.344299999999999500e+02 -4.260000000000000142e+01 -4.171299999999999955e+02
-2.103400000000000034e+02 -2.396000000000000085e+01 -9.346999999999999886e+01 1.009599999999999937e+02 5.059999999999999609e+00 6.279900000000000091e+02 -1.626599999999999966e+02 1.237559999999999945e+03 -7.554000000000000625e+01 -3.382200000000000273e+02
-3.425799999999999841e+02 -2.259999999999999787e+00 -7.426999999999999602e+01 -7.835999999999999943e+01 -7.312999999999999545e+01 6.910299999999999727e+02 5.185000000000000142e+01 5.741799999999999500e+02 -7.860000000000000320e+00 -4.000000000000000222e-01
-2.900600000000000023e+02 -1.313600000000000136e+02 -1.489600000000000080e+02 -1.396800000000000068e+02 6.530000000000000249e+00 5.457000000000000455e+02 2.924499999999999886e+02 7.887999999999999545e+01 -5.961999999999999744e+01 1.001099999999999994e+02
-1.655999999999999943e+02 5.367999999999999972e+01 -1.219399999999999977e+02 -5.409000000000000341e+01 1.139999999999999902e+00 1.877500000000000000e+02 2.160500000000000114e+02 -6.916100000000000136e+02 -5.110999999999999943e+01 4.461499999999999773e+02
-1.794999999999999929e+01 4.789999999999999858e+01 -2.771999999999999886e+01 -1.534099999999999966e+02 3.520000000000000284e+01 -1.285399999999999920e+02 5.272999999999999687e+01 -8.451100000000000136e+02 -8.912000000000000455e+01 4.851100000000000136e+02
3.270199999999999818e+02 9.815999999999999659e+01 -3.242999999999999972e+01 -2.240000000000000000e+02 4.014999999999999858e+01 -6.637799999999999727e+02 -6.987000000000000455e+01 -9.702300000000000182e+02 1.148000000000000043e+01 3.319900000000000091e+02
3.720400000000000205e+02 6.185999999999999943e+01 3.828399999999999750e+02 4.382999999999999829e+01 4.443999999999999773e+01 -8.629900000000000091e+02 1.548100000000000023e+02 -5.173300000000000409e+02 2.023000000000000043e+01 8.864000000000000057e+01
3.101899999999999977e+02 -6.440000000000000391e+00 2.977799999999999727e+02 1.809600000000000080e+02 2.719000000000000128e+01 -6.129800000000000182e+02 -6.907999999999999829e+01 5.125000000000000000e+01 3.529999999999999805e+00 7.399999999999999911e-01
7.029000000000000625e+01 4.089000000000000057e+01 3.488000000000000114e+02 1.385800000000000125e+02 -3.229999999999999716e+01 1.727800000000000011e+02 -5.033600000000000136e+02 8.579400000000000546e+02 1.756399999999999864e+02 -5.274800000000000182e+02
-8.745000000000000284e+01 -6.415999999999999659e+01 1.377599999999999909e+02 4.782999999999999829e+01 -4.118999999999999773e+01 6.163999999999999773e+02 -3.837400000000000091e+02 1.079980000000000018e+03 -8.550000000000000711e+00 -8.936100000000000136e+02
-2.094099999999999966e+02 -7.803000000000000114e+01 -5.834000000000000341e+01 1.516100000000000136e+02 -5.685000000000000142e+01 4.798199999999999932e+02 2.973000000000000043e+01 6.453099999999999454e+02 2.607999999999999829e+01 -2.400099999999999909e+02
-4.636000000000000227e+02 -7.025000000000000000e+01 -3.533399999999999750e+02 7.062999999999999545e+01 -4.875000000000000000e+01 3.910899999999999750e+02 2.668000000000000114e+02 -4.917000000000000171e+01 5.750000000000000000e+00 1.856699999999999875e+02
-3.286999999999999886e+02 -7.626000000000000512e+01 -2.707500000000000000e+02 -1.350699999999999932e+02 6.589999999999999858e+00 1.782700000000000102e+02 2.871899999999999977e+02 -6.295199999999999818e+02 -5.163000000000000256e+01 3.001999999999999886e+02
-1.798199999999999932e+02 6.542000000000000171e+01 -2.110800000000000125e+02 -1.913499999999999943e+02 1.049000000000000021e+01 5.564000000000000057e+01 2.935199999999999818e+02 -4.128000000000000114e+02 -1.630099999999999909e+02 6.185000000000000142e+01
2.903000000000000114e+02 9.256999999999999318e+01 1.135799999999999983e+02 -1.836599999999999966e+02 8.923000000000000398e+01 -2.497500000000000000e+02 4.654200000000000159e+02 -6.735299999999999727e+02 -6.007000000000000028e+01 3.073999999999999773e+02
5.752200000000000273e+02 1.531000000000000050e+01 2.001899999999999977e+02 -2.355000000000000000e+02 4.586999999999999744e+01 -2.005999999999999943e+02 1.110100000000000051e+02 -4.054900000000000091e+02 3.974000000000000199e+01 8.180000000000000000e+02
4.252900000000000205e+02 1.125199999999999960e+02 3.206399999999999864e+02 -9.667000000000000171e+01 -4.000000000000000083e-02 -4.610600000000000023e+02 -5.798099999999999454e+02 -9.295000000000000284e+01 -3.252000000000000313e+01 9.856000000000000227e+01
6.859999999999999432e+01 -5.382000000000000028e+01 2.188100000000000023e+02 2.393100000000000023e+02 1.522000000000000064e+01 -4.142699999999999818e+02 -6.428500000000000227e+02 4.030400000000000205e+02 1.160600000000000023e+02 -1.797400000000000091e+02
-1.549300000000000068e+02 2.517000000000000171e+01 1.823600000000000136e+02 3.477900000000000205e+02 -2.735999999999999943e+01 2.427100000000000080e+02 -3.528100000000000023e+02 6.536599999999999682e+02 9.515999999999999659e+01 -7.232400000000000091e+02
-4.066200000000000045e+02 -2.103999999999999915e+01 -1.551699999999999875e+02 4.506299999999999955e+02 -6.440999999999999659e+01 2.600699999999999932e+02 8.335999999999999943e+01 6.153200000000000500e+02 6.299000000000000199e+01 -4.661100000000000136e+02
-3.578000000000000114e+02 -1.059699999999999989e+02 -2.172700000000000102e+02 6.510999999999999943e+01 -3.589999999999999858e+01 2.680199999999999818e+02 5.085299999999999727e+02 4.526399999999999864e+02 6.401000000000000512e+01 -1.973499999999999943e+02
-1.484499999999999886e+02 -6.748999999999999488e+01 -3.040299999999999727e+02 -2.025900000000000034e+02 -3.044000000000000128e+01 1.450000000000000000e+01 2.964900000000000091e+02 -4.024000000000000199e+01 -7.470999999999999375e+01 -1.333700000000000045e+02
7.240999999999999659e+01 9.200000000000000400e-01 -8.365000000000000568e+01 -3.166000000000000227e+02 2.592999999999999972e+01 3.419200000000000159e+02 4.963700000000000045e+02 -6.781299999999999955e+02 -1.540399999999999920e+02 2.714300000000000068e+02
2.415800000000000125e+02 7.381000000000000227e+01 6.568000000000000682e+01 -3.392099999999999795e+02 4.560000000000000142e+01 4.379700000000000273e+02 -3.575999999999999801e+01 -4.289800000000000182e+02 1.336999999999999922e+01 5.014900000000000091e+02
1.637500000000000000e+02 8.357999999999999829e+01 6.937000000000000455e+01 -1.358199999999999932e+02 2.926999999999999957e+01 -3.251899999999999977e+02 -1.684399999999999977e+02 -3.774300000000000068e+02 -1.546599999999999966e+02 5.325099999999999909e+02
2.020800000000000125e+02 5.992000000000000171e+01 3.338299999999999841e+02 -1.338499999999999943e+02 -2.000000000000000042e-02 -4.647599999999999909e+02 -6.853500000000000227e+02 -2.837699999999999818e+02 -6.554000000000000625e+01 3.620199999999999818e+02
6.193999999999999773e+01 -7.980000000000000426e+00 1.412500000000000000e+02 1.146899999999999977e+02 -6.030000000000000249e+00 -5.592300000000000182e+02 -3.524700000000000273e+02 8.200000000000000000e+01 -1.898000000000000043e+01 -3.241800000000000068e+02
-1.010999999999999943e+01 -1.870000000000000107e+00 1.149500000000000028e+02 3.083100000000000023e+02 1.644999999999999929e+01 -3.266200000000000045e+02 -1.565099999999999909e+02 4.388199999999999932e+02 2.122199999999999989e+02 -4.374499999999999886e+02
-7.685999999999999943e+01 -4.339000000000000057e+01 -5.528999999999999915e+01 3.206299999999999955e+02 -2.542000000000000171e+01 2.420699999999999932e+02 3.339200000000000159e+02 5.153600000000000136e+02 8.367000000000000171e+01 -4.126000000000000227e+02
-1.206899999999999977e+02 -5.147999999999999687e+01 -1.886299999999999955e+02 3.064700000000000273e+02 -4.413000000000000256e+01 4.336499999999999773e+02 7.050000000000000000e+01 5.492899999999999636e+02 1.688100000000000023e+02 -2.468799999999999955e+02
-1.846500000000000057e+02 -8.062999999999999545e+01 -6.593000000000000682e+01 -8.070000000000000284e+00 -3.847999999999999687e+01 5.570000000000000000e+02 2.648000000000000114e+02 -7.329000000000000625e+01 -7.989000000000000057e+01 -1.577400000000000091e+02
-6.985999999999999943e+01 2.282999999999999829e+01 -1.889099999999999966e+02 -3.045500000000000114e+02 1.425999999999999979e+01 3.993299999999999841e+02 4.110799999999999841e+02 -5.689099999999999682e+02 -1.165600000000000023e+02 -7.629999999999999716e+01
1.040300000000000011e+02 -3.496000000000000085e+01 4.050999999999999801e+01 -4.524700000000000273e+02 8.529999999999999361e+00 7.048000000000000398e+01 2.309799999999999898e+02 -4.751100000000000136e+02 -2.095000000000000000e+02 5.200299999999999727e+02
3.119999999999999929e+01 7.192000000000000171e+01 7.435999999999999943e+01 -4.703600000000000136e+02 2.910000000000000142e+00 -3.280000000000000000e+02 5.072999999999999687e+01 -3.655400000000000205e+02 -4.028999999999999915e+01 4.419900000000000091e+02
8.970000000000000639e+00 6.568000000000000682e+01 6.712000000000000455e+01 -8.034000000000000341e+01 4.734000000000000341e+01 -7.953400000000000318e+02 -3.648500000000000227e+02 1.133799999999999955e+02 -1.903000000000000114e+01 2.827900000000000205e+02
2.380500000000000114e+02 8.001999999999999602e+01 -1.066999999999999993e+01 4.015799999999999841e+02 1.415000000000000036e+01 -4.598500000000000227e+02 -4.403199999999999932e+02 1.395300000000000011e+02 1.089000000000000057e+02 2.280099999999999909e+02
1.311100000000000136e+02 -1.396000000000000085e+01 -1.004300000000000068e+02 5.179400000000000546e+02 1.971000000000000085e+01 4.720899999999999750e+02 -6.694199999999999591e+02 2.849800000000000182e+02 6.278999999999999915e+01 -4.277099999999999795e+02
-3.752000000000000313e+01 -3.570000000000000284e+01 -1.065499999999999972e+02 2.878799999999999955e+02 -2.478999999999999915e+01 4.674800000000000182e+02 -6.837999999999999545e+01 4.692099999999999795e+02 1.057000000000000028e+01 -3.395199999999999818e+02
-2.188199999999999932e+02 -2.641000000000000014e+01 4.440000000000000391e+00 7.890999999999999659e+01 -6.118999999999999773e+01 -3.269700000000000273e+02 6.530000000000000000e+02 4.158899999999999864e+02 6.259999999999999787e+00 -2.172199999999999989e+02
3.003000000000000114e+01 -8.084999999999999432e+01 1.000000000000000000e+00 -1.942500000000000000e+02 -3.457000000000000028e+01 1.185499999999999972e+02 3.004200000000000159e+02 2.732300000000000182e+02 1.514000000000000057e+01 -3.706200000000000045e+02
-8.390999999999999659e+01 -1.378999999999999915e+01 9.614000000000000057e+01 -3.837500000000000000e+02 8.730000000000000426e+00 5.596799999999999500e+02 3.687099999999999795e+02 -2.249099999999999966e+02 -4.931000000000000227e+01 -6.739000000000000057e+01
-1.522700000000000102e+02 5.577000000000000313e+01 -1.110000000000000000e+02 -2.237599999999999909e+02 3.039000000000000057e+01 -1.059599999999999937e+02 7.943999999999999773e+01 -4.694100000000000250e+02 4.014000000000000057e+01 1.908300000000000125e+02
-1.518100000000000023e+02 -4.810999999999999943e+01 -2.616999999999999886e+02 9.060000000000000497e+00 3.060000000000000053e+00 -3.278999999999999773e+02 -1.356200000000000045e+02 -5.854299999999999500e+02 -1.469199999999999875e+02 4.003199999999999932e+02
-7.929999999999999716e+00 9.068000000000000682e+01 -8.384000000000000341e+01 -8.189999999999999503e+00 1.336999999999999922e+01 -1.348100000000000023e+02 -5.147400000000000091e+02 -5.269199999999999591e+02 -5.514000000000000057e+01 4.499800000000000182e+02
1.093900000000000006e+02 -4.990000000000000213e+00 -3.217000000000000171e+01 8.151000000000000512e+01 2.294000000000000128e+01 -2.485200000000000102e+02 -2.008300000000000125e+02 -2.213100000000000023e+02 -4.022999999999999687e+01 -1.649600000000000080e+02
3.403700000000000045e+02 4.810000000000000142e+01 1.959199999999999875e+02 1.103100000000000023e+02 4.559999999999999609e+00 -9.431999999999999318e+01 -3.303000000000000114e+01 5.534900000000000091e+02 1.030900000000000034e+02 -1.024699999999999989e+02
2.120500000000000114e+02 6.559999999999999609e+00 1.648999999999999844e+01 -1.543999999999999950e+01 -1.928999999999999915e+01 -3.490000000000000213e+00 1.432400000000000091e+02 6.217000000000000455e+02 6.157000000000000028e+01 -1.150100000000000051e+02
1.383999999999999986e+01 -3.403000000000000114e+01 1.770099999999999909e+02 1.600099999999999909e+02 2.394999999999999929e+01 2.814499999999999886e+02 2.195500000000000114e+02 5.945599999999999454e+02 1.196700000000000017e+02 4.929999999999999716e+01
-1.174200000000000017e+02 1.773999999999999844e+01 2.231599999999999966e+02 2.158700000000000045e+02 -7.509999999999999787e+00 2.936700000000000159e+02 2.971000000000000085e+01 1.115400000000000063e+02 3.385000000000000142e+01 -3.006899999999999977e+02
-8.325000000000000000e+01 -7.734999999999999432e+01 -3.346000000000000085e+01 -4.585999999999999943e+01 -3.264000000000000057e+01 2.889800000000000182e+02 2.575899999999999750e+02 -4.573500000000000227e+02 -4.793999999999999773e+01 9.265999999999999659e+01
-2.521100000000000136e+02 2.378000000000000114e+01 -1.553799999999999955e+02 -3.137599999999999909e+02 -3.667000000000000171e+01 1.452800000000000011e+02 -5.639000000000000057e+01 -4.773799999999999955e+02 -1.242900000000000063e+02 -3.219200000000000159e+02
-3.368299999999999841e+02 -2.985999999999999943e+01 -4.185000000000000000e+02 -2.230500000000000114e+02 3.217000000000000171e+01 -3.604100000000000250e+02 -1.811200000000000045e+02 4.803999999999999915e+01 -1.871599999999999966e+02 -4.200999999999999801e+01
-2.726000000000000156e+01 2.270000000000000018e+00 -1.582500000000000000e+02 -8.800000000000000711e+00 1.737000000000000099e+01 -5.181200000000000045e+02 -2.051299999999999955e+02 -4.561999999999999744e+01 4.121000000000000085e+01 -1.376999999999999957e+01
1.508600000000000136e+02 6.179999999999999716e+01 1.230499999999999972e+02 1.058799999999999955e+02 -2.073000000000000043e+01 -2.070800000000000125e+02 5.767000000000000171e+01 -8.665000000000000568e+01 5.249000000000000199e+01 2.149399999999999977e+02
4.256299999999999955e+02 1.267999999999999972e+01 2.706899999999999977e+02 1.990800000000000125e+02 2.162000000000000099e+01 1.935399999999999920e+02 1.211299999999999955e+02 -9.554999999999999716e+01 1.723400000000000034e+02 4.076899999999999977e+02
3.066700000000000159e+02 7.995000000000000284e+01 4.269200000000000159e+02 1.395399999999999920e+02 2.541000000000000014e+01 3.067300000000000182e+02 -4.271999999999999886e+01 1.502800000000000011e+02 -2.140000000000000124e+00 1.295600000000000023e+02
1.412700000000000102e+02 -2.130999999999999872e+01 1.974300000000000068e+02 -3.099999999999999978e-01 1.022000000000000064e+01 1.603999999999999915e+01 -2.758000000000000114e+02 8.704999999999999716e+01 2.955999999999999872e+01 -1.005699999999999932e+02
-1.785200000000000102e+02 -4.163000000000000256e+01 9.398000000000000398e+01 -1.079500000000000028e+02 -1.776999999999999957e+01 -2.415099999999999909e+02 -1.685999999999999943e+01 2.640000000000000000e+02 -8.860999999999999943e+01 -2.396800000000000068e+02
-3.919100000000000250e+02 -3.517999999999999972e+01 -2.260800000000000125e+02 -1.398000000000000114e+02 -4.214000000000000057e+01 1.767899999999999920e+02 3.220099999999999909e+02 3.884499999999999886e+02 -1.199099999999999966e+02 -3.277200000000000273e+02
-1.610099999999999909e+02 1.166000000000000014e+01 -2.754100000000000250e+02 -9.329000000000000625e+01 -2.164999999999999858e+01 3.361999999999999886e+02 2.085600000000000023e+02 1.280300000000000011e+02 -1.247999999999999972e+02 6.967000000000000171e+01
-8.400000000000000000e+01 -6.199000000000000199e+01 -1.153199999999999932e+02 -3.390000000000000124e+00 -5.500000000000000000e+00 -1.195000000000000000e+02 -6.099999999999999645e+00 -2.372100000000000080e+02 1.022600000000000051e+02 -3.015400000000000205e+02
-1.747400000000000091e+02 6.021000000000000085e+01 5.759999999999999787e+00 1.873300000000000125e+02 2.814999999999999858e+01 -2.309099999999999966e+02 5.207999999999999829e+01 -1.612400000000000091e+02 -1.060999999999999943e+01 1.430800000000000125e+02
7.337999999999999545e+01 4.049999999999999822e+00 1.558400000000000034e+02 2.007599999999999909e+02 -4.672999999999999687e+01 2.339000000000000057e+01 -9.004999999999999716e+01 -2.208499999999999943e+02 1.710900000000000034e+02 3.361999999999999886e+02
1.971699999999999875e+02 -3.867000000000000171e+01 1.037199999999999989e+02 -4.699999999999999734e-01 1.366000000000000014e+01 2.089499999999999886e+02 -1.995300000000000011e+02 -2.952799999999999727e+02 2.596000000000000085e+01 1.467100000000000080e+02
2.855199999999999818e+02 -1.726000000000000156e+01 1.056200000000000045e+02 -3.567099999999999795e+02 4.538000000000000256e+01 -3.048000000000000043e+01 -1.423799999999999955e+02 -5.013999999999999773e+02 -1.157699999999999960e+02 -5.139000000000000057e+01
3.227400000000000091e+02 7.017000000000000171e+01 1.507800000000000011e+02 -1.827800000000000011e+02 -6.480000000000000426e+00 -7.034900000000000091e+02 -3.080699999999999932e+02 5.784000000000000341e+01 -1.796999999999999886e+02 5.450999999999999801e+01
2.200399999999999920e+02 2.937000000000000099e+01 2.610799999999999841e+02 8.582999999999999829e+01 2.748999999999999844e+01 -5.063999999999999773e+02 1.143199999999999932e+02 6.498300000000000409e+02 -3.082000000000000028e+01 -1.077699999999999960e+02
-2.498499999999999943e+02 1.050000000000000000e+01 2.085900000000000034e+02 1.578400000000000034e+02 3.051000000000000156e+01 4.746000000000000227e+02 2.018600000000000136e+02 9.260599999999999454e+02 1.648199999999999932e+02 -1.280000000000000071e+01
-4.258299999999999841e+02 -4.821999999999999886e+01 -8.645000000000000284e+01 1.788100000000000023e+02 -4.321000000000000085e+01 7.408300000000000409e+02 3.093199999999999932e+02 5.122300000000000182e+02 8.648999999999999488e+01 -3.571000000000000085e+01
-3.368799999999999955e+02 -6.389000000000000057e+01 -2.100300000000000011e+02 1.144500000000000028e+02 -5.718999999999999773e+01 5.272799999999999727e+02 -1.040999999999999943e+02 -3.853299999999999841e+02 -6.412000000000000455e+01 2.698999999999999844e+01
-2.202199999999999989e+02 1.978999999999999915e+01 -3.746299999999999955e+02 -9.359999999999999432e+00 -2.755999999999999872e+01 4.227000000000000313e+01 -2.224699999999999989e+02 -8.679299999999999500e+02 -9.015000000000000568e+01 -3.001200000000000045e+02
-6.678000000000000114e+01 -4.517999999999999972e+01 -2.401599999999999966e+02 -1.960500000000000114e+02 2.209999999999999964e+00 -2.728199999999999932e+02 4.317000000000000171e+01 -7.353799999999999955e+02 -5.568999999999999773e+01 2.848999999999999844e+01
4.607699999999999818e+02 5.021000000000000085e+01 2.142199999999999989e+02 -6.028000000000000114e+01 7.581000000000000227e+01 -6.164000000000000057e+01 1.973999999999999844e+01 -1.982800000000000011e+02 2.873000000000000043e+01 1.759900000000000091e+02
4.767599999999999909e+02 1.314499999999999886e+02 3.288799999999999955e+02 8.650000000000000355e+00 1.050000000000000000e+01 -5.830900000000000318e+02 -2.408999999999999986e+01 1.154699999999999989e+02 9.519999999999999574e+00 2.449900000000000091e+02
3.387699999999999818e+02 -2.528000000000000114e+01 2.792300000000000182e+02 -9.470000000000000284e+01 2.085000000000000142e+01 -8.088899999999999864e+02 2.526999999999999886e+02 1.730999999999999943e+02 -9.265000000000000568e+01 -1.921800000000000068e+02
-3.126000000000000156e+01 -7.309000000000000341e+01 6.339999999999999858e+01 -1.061099999999999994e+02 -9.419999999999999929e+00 6.360999999999999943e+01 -3.172099999999999795e+02 5.852500000000000000e+02 2.923999999999999844e+01 1.145100000000000051e+02
-3.699700000000000273e+02 2.928000000000000114e+01 -1.464000000000000057e+02 1.150300000000000011e+02 -2.989999999999999858e+01 7.134099999999999682e+02 -7.051999999999999602e+01 4.686200000000000045e+02 -1.673999999999999844e+01 -2.600000000000000000e+01
-3.489399999999999977e+02 -2.828999999999999915e+01 -9.926000000000000512e+01 1.027800000000000011e+02 -3.164999999999999858e+01 7.021999999999999886e+01 2.350600000000000023e+02 4.931899999999999977e+02 3.959999999999999964e+00 1.513000000000000114e+02
-3.496700000000000159e+02 4.863000000000000256e+01 -1.778300000000000125e+02 1.604399999999999977e+02 3.098000000000000043e+01 3.832300000000000182e+02 -5.668999999999999773e+01 1.216899999999999977e+02 4.910000000000000142e+01 -3.206499999999999773e+02
-1.579600000000000080e+02 1.969999999999999973e+00 -7.815000000000000568e+01 4.059999999999999609e+00 -1.946999999999999886e+01 3.827900000000000205e+02 -4.727000000000000313e+01 -4.139900000000000091e+02 -2.794999999999999929e+01 8.998000000000000398e+01
1.021599999999999966e+02 5.775000000000000000e+01 -3.711999999999999744e+01 7.107999999999999829e+01 2.133999999999999986e+01 3.271000000000000085e+01 -1.220900000000000034e+02 -1.071859999999999900e+03 4.360000000000000142e+01 2.531399999999999864e+02
2.994300000000000068e+02 -5.410999999999999943e+01 -7.492000000000000171e+01 -8.470000000000000284e+01 2.348999999999999844e+01 -2.094900000000000091e+02 1.186999999999999922e+01 -7.588799999999999955e+02 -1.056800000000000068e+02 -1.214599999999999937e+02
5.244400000000000546e+02 -8.734999999999999432e+01 -5.019999999999999574e+00 -1.752400000000000091e+02 3.879999999999999893e+00 -4.878500000000000227e+02 1.018700000000000045e+02 2.871899999999999977e+02 -5.452000000000000313e+01 -1.755399999999999920e+02
1.976699999999999875e+02 -4.849999999999999645e+00 1.452599999999999909e+02 -2.575400000000000205e+02 -5.324000000000000199e+01 -7.313300000000000409e+02 1.410699999999999932e+02 7.633799999999999955e+02 9.014000000000000057e+01 1.175799999999999983e+02
4.000000000000000222e-01 4.939000000000000057e+01 2.846999999999999886e+02 9.748000000000000398e+01 2.958999999999999986e+01 -2.027899999999999920e+02 9.500000000000000000e+00 5.780099999999999909e+02 1.805000000000000071e+01 -2.169999999999999929e+01
-3.896800000000000068e+02 9.295000000000000284e+01 2.039199999999999875e+02 1.391699999999999875e+02 2.209999999999999964e+00 5.291100000000000136e+02 -1.350200000000000102e+02 3.400099999999999909e+02 2.569999999999999840e+00 3.549999999999999822e+00
-3.608999999999999773e+02 -3.365999999999999659e+01 -1.304300000000000068e+02 -3.209999999999999964e+00 5.429999999999999716e+00 4.752900000000000205e+02 -5.349000000000000199e+01 -1.181500000000000057e+02 -6.417000000000000171e+01 -2.513899999999999864e+02
-2.519600000000000080e+02 1.737000000000000099e+01 -2.988100000000000023e+02 1.618000000000000114e+02 -2.401000000000000156e+01 2.822099999999999795e+02 -2.553700000000000045e+02 -3.439700000000000273e+02 5.614000000000000057e+01 2.248400000000000034e+02
5.274000000000000199e+01 -9.210000000000000853e+00 -1.654199999999999875e+02 1.216800000000000068e+02 1.773999999999999844e+01 1.287500000000000000e+02 1.885800000000000125e+02 -5.272799999999999727e+02 -1.291999999999999886e+02 2.491800000000000068e+02
1.925900000000000034e+02 -1.184999999999999964e+01 -1.552700000000000102e+02 -5.638000000000000256e+01 2.400000000000000000e+01 1.700200000000000102e+02 2.245000000000000000e+02 -2.882200000000000273e+02 -9.050000000000000711e+00 5.060999999999999943e+01
2.619900000000000091e+02 -6.809999999999999609e+00 2.189499999999999886e+02 -1.500300000000000011e+02 -4.150999999999999801e+01 -1.717999999999999972e+01 -7.599999999999999645e+00 1.787500000000000000e+02 6.634000000000000341e+01 -1.551999999999999957e+01
2.546699999999999875e+02 5.432999999999999829e+01 2.210500000000000114e+02 -1.740200000000000102e+02 8.826999999999999602e+01 -5.032799999999999727e+02 -2.314499999999999886e+02 6.898899999999999864e+02 1.489799999999999898e+02 -6.121000000000000085e+01
-9.720000000000000639e+00 -3.847999999999999687e+01 8.368999999999999773e+01 -4.828000000000000114e+01 -2.600000000000000089e-01 -4.173600000000000136e+02 -3.564999999999999858e+01 1.708300000000000125e+02 -6.264999999999999858e+01 -4.020299999999999727e+02
2.453999999999999915e+01 -3.889999999999999858e+01 -2.962999999999999901e+01 -7.679999999999999716e+00 -1.063499999999999943e+02 -3.763799999999999955e+02 -7.160999999999999943e+01 -4.743199999999999932e+02 -1.446100000000000136e+02 -2.596000000000000227e+02
-6.125000000000000000e+01 2.282000000000000028e+01 -2.255399999999999920e+02 8.262000000000000455e+01 -9.099999999999999645e+00 -2.982699999999999818e+02 -1.763100000000000023e+02 -2.459099999999999966e+02 -6.781999999999999318e+01 8.635999999999999943e+01
-4.640299999999999727e+02 -3.025000000000000000e+01 5.140999999999999659e+01 1.148799999999999955e+02 -2.866000000000000014e+01 1.277500000000000000e+02 -1.492500000000000000e+02 2.246299999999999955e+02 9.639000000000000057e+01 1.470000000000000000e+02
-1.562599999999999909e+02 -5.632000000000000028e+01 7.100000000000000000e+01 2.195099999999999909e+02 -1.780000000000000027e+00 9.562500000000000000e+02 2.282000000000000028e+01 2.548600000000000136e+02 7.948000000000000398e+01 2.219399999999999977e+02
4.510999999999999943e+01 1.319099999999999966e+02 -1.057399999999999949e+02 -3.146000000000000085e+01 1.116800000000000068e+02 8.642400000000000091e+02 1.842599999999999909e+02 1.624199999999999875e+02 6.454999999999999716e+01 6.600000000000000311e-01
1.536399999999999864e+02 6.545999999999999375e+01 -2.256500000000000057e+02 -2.230399999999999920e+02 -4.282000000000000028e+01 4.363199999999999932e+02 3.536499999999999773e+02 -1.198199999999999932e+02 -7.654000000000000625e+01 -1.349499999999999886e+02
1.149000000000000057e+02 -6.406999999999999318e+01 -1.599600000000000080e+02 -1.694699999999999989e+02 1.402999999999999936e+01 -2.710500000000000114e+02 -3.474000000000000199e+01 -3.429499999999999886e+02 8.032999999999999829e+01 1.044399999999999977e+02
-5.011999999999999744e+01 -3.768999999999999773e+01 1.449999999999999956e+00 -1.572400000000000091e+02 -1.723000000000000043e+01 -1.154049999999999955e+03 2.791499999999999773e+02 -2.590500000000000114e+02 -2.682400000000000091e+02 4.282500000000000000e+02
-5.665999999999999659e+01 -3.809000000000000341e+01 1.235999999999999943e+02 7.418000000000000682e+01 -3.992999999999999972e+01 -6.084800000000000182e+02 1.397700000000000102e+02 -2.297700000000000102e+02 -5.950000000000000000e+01 -1.195000000000000000e+02
5.158999999999999773e+02 -3.169999999999999929e+00 1.393199999999999932e+02 1.579600000000000080e+02 2.155999999999999872e+01 -3.837300000000000182e+02 -4.476100000000000136e+02 2.705699999999999932e+02 1.122000000000000064e+01 -4.021399999999999864e+02
2.119399999999999977e+02 7.332999999999999829e+01 6.910999999999999943e+01 1.618400000000000034e+02 1.141000000000000014e+01 -3.834000000000000341e+01 -6.958300000000000409e+02 4.064399999999999977e+02 3.971999999999999886e+02 -2.535800000000000125e+02
-7.453000000000000114e+01 5.517999999999999972e+01 3.800000000000000000e+01 1.674199999999999875e+02 -2.589999999999999858e+00 6.042000000000000455e+02 3.281000000000000227e+01 5.249700000000000273e+02 1.092300000000000040e+02 1.544799999999999898e+02
-1.415000000000000000e+02 5.163000000000000256e+01 -5.999000000000000199e+01 2.355000000000000000e+02 -5.699999999999999512e-01 9.476799999999999500e+02 2.059399999999999977e+02 5.333300000000000409e+02 6.589000000000000057e+01 2.023600000000000136e+02
-4.114100000000000250e+02 -3.267999999999999972e+01 -7.268000000000000682e+01 -1.397899999999999920e+02 -1.314000000000000057e+01 5.884299999999999500e+02 1.245600000000000023e+02 -2.489600000000000080e+02 -1.854699999999999989e+02 1.052900000000000063e+02
-1.812500000000000000e+02 -1.195799999999999983e+02 -3.343799999999999955e+02 -2.693100000000000023e+02 -2.532999999999999829e+01 -9.769999999999999574e+00 2.651600000000000250e+02 -8.805499999999999545e+02 -1.816999999999999886e+02 1.429600000000000080e+02
-1.361999999999999886e+02 1.192999999999999972e+01 -1.684900000000000091e+02 -4.184100000000000250e+02 7.200000000000000178e+00 -1.705500000000000114e+02 2.165399999999999920e+02 -6.695399999999999636e+02 -1.849699999999999989e+02 -2.034699999999999989e+02
1.042800000000000011e+02 1.438000000000000078e+01 -2.021999999999999886e+02 -1.935000000000000000e+02 -4.252000000000000313e+01 -6.858799999999999955e+02 -6.820000000000000284e+01 -3.094900000000000091e+02 -1.356999999999999886e+02 -2.948199999999999932e+02
2.706800000000000068e+02 -2.957999999999999829e+01 7.793999999999999773e+01 -2.733999999999999986e+01 9.650000000000000355e+00 -4.031600000000000250e+02 -2.073600000000000136e+02 2.178199999999999932e+02 5.756000000000000227e+01 -2.634700000000000273e+02
4.127900000000000205e+02 -3.350999999999999801e+01 1.974399999999999977e+02 4.025500000000000114e+02 -5.299999999999999822e+00 -1.981100000000000136e+02 -7.006000000000000227e+01 6.683099999999999454e+02 2.302100000000000080e+02 -5.853999999999999915e+01
1.533100000000000023e+02 1.025400000000000063e+02 2.275999999999999943e+02 4.393600000000000136e+02 4.075999999999999801e+01 -1.686999999999999886e+02 -6.728500000000000227e+02 7.072999999999999545e+02 8.648000000000000398e+01 6.142799999999999727e+02
-1.066400000000000006e+02 3.368999999999999773e+01 1.140400000000000063e+02 4.045000000000000284e+01 -1.177999999999999936e+01 2.359699999999999989e+02 -1.586299999999999955e+02 1.295099999999999909e+02 2.478000000000000114e+01 6.464000000000000057e+01
-5.829400000000000546e+02 -7.845999999999999375e+01 -1.980399999999999920e+02 -1.299799999999999898e+02 -2.398999999999999844e+01 1.186599999999999966e+02 2.230900000000000034e+02 -4.034000000000000341e+01 -1.954399999999999977e+02 -3.681600000000000250e+02
-2.864599999999999795e+02 2.689999999999999947e+00 -2.515800000000000125e+02 -1.797199999999999989e+02 4.050000000000000000e+01 5.742500000000000000e+02 4.687500000000000000e+02 -5.619199999999999591e+02 -3.725999999999999801e+01 -1.039599999999999937e+02
2.326999999999999957e+01 6.730000000000000426e+00 -1.438799999999999955e+02 -1.404399999999999977e+02 -2.723000000000000043e+01 4.549100000000000250e+02 5.637300000000000182e+02 -2.242500000000000000e+02 1.376999999999999886e+02 1.778300000000000125e+02
2.030999999999999943e+02 3.297999999999999687e+01 1.270400000000000063e+02 -8.365000000000000568e+01 -3.032999999999999829e+01 3.167900000000000205e+02 -8.820000000000000284e+00 -3.158399999999999750e+02 2.557000000000000028e+01 1.944000000000000128e+01
1.937700000000000102e+02 -8.789999999999999147e+00 1.593600000000000136e+02 4.257000000000000028e+01 6.919999999999999929e+00 -2.393899999999999864e+02 -4.428999999999999915e+01 3.414999999999999858e+01 -2.771999999999999886e+01 1.072000000000000028e+02
2.781700000000000159e+02 2.969999999999999929e+01 1.280000000000000000e+02 9.062999999999999545e+01 1.134999999999999964e+01 -3.871399999999999864e+02 -7.989000000000000057e+01 -8.792000000000000171e+01 -1.227199999999999989e+02 1.468600000000000136e+02
1.382700000000000102e+02 -1.086999999999999922e+01 1.242600000000000051e+02 -3.196999999999999886e+01 6.259999999999999787e+00 -9.672599999999999909e+02 -2.458600000000000136e+02 1.676599999999999966e+02 -3.239999999999999858e+01 8.206999999999999318e+01
-6.825000000000000000e+01 3.814999999999999858e+01 1.311899999999999977e+02 -3.211999999999999744e+01 -2.017000000000000171e+01 -5.376900000000000546e+02 -4.564100000000000250e+02 5.606200000000000045e+02 8.423999999999999488e+01 -1.894099999999999966e+02
-2.275300000000000011e+02 -4.065999999999999659e+01 2.625000000000000000e+01 2.285000000000000000e+02 1.121000000000000085e+01 1.395600000000000023e+02 -2.561700000000000159e+02 6.738700000000000045e+02 4.822999999999999687e+01 -1.271899999999999977e+02
-1.267199999999999989e+02 8.689999999999999503e+00 -9.528000000000000114e+01 2.608000000000000114e+02 -6.250000000000000000e+00 1.178250000000000000e+03 2.400600000000000023e+02 2.551500000000000057e+02 8.621999999999999886e+01 -2.603999999999999915e+01
-1.914499999999999886e+02 6.179999999999999716e+00 -6.784000000000000341e+01 1.315699999999999932e+02 -2.871000000000000085e+01 9.465399999999999636e+02 1.284799999999999898e+02 -4.530299999999999727e+02 1.350999999999999943e+02 -1.792199999999999989e+02
-1.546299999999999955e+02 5.032999999999999829e+01 -2.649999999999999911e+00 -2.456999999999999886e+02 3.463000000000000256e+01 1.090300000000000011e+02 1.655699999999999932e+02 -6.081499999999999773e+02 -1.737999999999999901e+01 -1.834399999999999977e+02
3.353999999999999915e+01 -5.480000000000000426e+00 7.628000000000000114e+01 -2.640299999999999727e+02 -3.542999999999999972e+01 -3.059200000000000159e+02 -1.810699999999999932e+02 -7.240199999999999818e+02 6.729999999999999716e+01 2.205300000000000011e+02
2.037700000000000102e+02 -4.681000000000000227e+01 7.709999999999999964e+00 -2.292500000000000000e+02 -1.588000000000000078e+01 -4.889599999999999795e+02 2.208600000000000136e+02 -4.251200000000000045e+02 -2.615500000000000114e+02 5.250000000000000000e+01
3.126200000000000045e+02 -1.038199999999999932e+02 1.552199999999999989e+02 -1.554799999999999898e+02 -8.720000000000000639e+00 -4.898899999999999864e+02 1.867500000000000000e+02 3.531299999999999955e+02 -2.508100000000000023e+02 6.682999999999999829e+01
-2.910999999999999943e+01 3.289000000000000057e+01 1.237099999999999937e+02 -7.334000000000000341e+01 7.209999999999999964e+00 -2.883399999999999750e+02 -1.037300000000000040e+02 5.118399999999999750e+02 -2.743399999999999750e+02 -1.556000000000000050e+01
5.872999999999999687e+01 -3.529999999999999805e+00 5.747999999999999687e+01 8.326000000000000512e+01 3.400999999999999801e+01 -3.818399999999999750e+02 -3.309499999999999886e+02 5.011000000000000227e+02 1.052699999999999960e+02 6.400000000000000355e+00
-2.639999999999999858e+01 8.653000000000000114e+01 -9.060000000000000497e+00 2.146200000000000045e+02 3.467999999999999972e+01 -1.429199999999999875e+02 -2.006100000000000136e+02 3.270199999999999818e+02 1.668400000000000034e+02 2.169900000000000091e+02
2.132999999999999829e+01 8.920999999999999375e+01 -3.160999999999999943e+01 3.455699999999999932e+02 6.099999999999999645e+00 7.113500000000000227e+02 1.525500000000000114e+02 2.533700000000000045e+02 3.241299999999999955e+02 -1.376599999999999966e+02
-1.944099999999999966e+02 2.266000000000000014e+01 5.059999999999999609e+00 2.790500000000000114e+02 -1.088000000000000078e+01 1.064029999999999973e+03 -1.589000000000000057e+01 -3.189499999999999886e+02 2.286299999999999955e+02 -1.306800000000000068e+02
-2.103600000000000136e+02 -1.008499999999999943e+02 -1.476899999999999977e+02 -3.381000000000000227e+01 -1.692999999999999972e+01 3.201000000000000227e+02 1.979999999999999982e+00 -6.386000000000000227e+02 1.302599999999999909e+02 -1.816699999999999875e+02
-2.515900000000000034e+02 -1.166700000000000017e+02 -8.029000000000000625e+01 -2.239099999999999966e+02 -3.588000000000000256e+01 -1.499799999999999898e+02 1.248299999999999983e+02 -6.888200000000000500e+02 -3.057200000000000273e+02 -5.961999999999999744e+01
1.701599999999999966e+02 -3.625000000000000000e+01 1.395600000000000023e+02 -3.833500000000000227e+02 -4.117000000000000171e+01 -3.178600000000000136e+02 3.154399999999999977e+02 -9.529999999999999361e+00 -2.150300000000000011e+02 -1.993199999999999932e+02
3.730199999999999818e+02 -1.526999999999999957e+01 1.593600000000000136e+02 -2.443600000000000136e+02 5.950000000000000178e+00 -8.675199999999999818e+02 9.295000000000000284e+01 5.307300000000000182e+02 -1.714699999999999989e+02 3.396899999999999977e+02
3.842500000000000000e+02 1.009200000000000017e+02 1.314399999999999977e+02 -2.226299999999999955e+02 4.831000000000000227e+01 -9.666499999999999773e+02 -1.550399999999999920e+02 4.065899999999999750e+02 -7.851000000000000512e+01 2.848999999999999773e+02
9.484000000000000341e+01 6.518999999999999773e+01 4.782000000000000028e+01 3.235000000000000142e+01 5.731000000000000227e+01 3.368999999999999773e+01 -4.926999999999999886e+02 7.283300000000000409e+02 -2.617999999999999972e+01 2.180000000000000000e+02
-1.482100000000000080e+02 1.188700000000000045e+02 1.203999999999999915e+01 4.961499999999999773e+02 3.495000000000000284e+01 3.995099999999999909e+02 -2.320099999999999909e+02 3.381000000000000227e+01 1.605999999999999943e+02 3.099999999999999978e-01
-4.211399999999999864e+02 2.859999999999999876e+00 -1.464399999999999977e+02 3.604200000000000159e+02 -1.210999999999999943e+01 1.198460000000000036e+03 5.178999999999999915e+01 -6.268799999999999955e+02 2.022899999999999920e+02 -2.234199999999999875e+02
-2.475500000000000114e+02 -3.789999999999999858e+01 -2.912599999999999909e+02 1.158700000000000045e+02 -5.352000000000000313e+01 8.580700000000000500e+02 1.564799999999999898e+02 -2.937599999999999909e+02 1.460200000000000102e+02 -2.144799999999999898e+02
-1.007399999999999949e+02 -1.154800000000000040e+02 -9.521999999999999886e+01 -1.151800000000000068e+02 -2.641000000000000014e+01 8.693000000000000682e+01 2.818600000000000136e+02 -3.383899999999999864e+02 -5.617000000000000171e+01 -4.518600000000000136e+02
1.305399999999999920e+02 -6.128000000000000114e+01 -3.517999999999999972e+01 -2.232400000000000091e+02 -4.850000000000000000e+01 -9.771900000000000546e+02 -1.239500000000000028e+02 -2.452199999999999989e+02 -9.187999999999999545e+01 2.516500000000000057e+02
1.581999999999999886e+02 1.707000000000000028e+01 2.173700000000000045e+02 -1.728700000000000045e+02 2.321999999999999886e+01 -7.936900000000000546e+02 -6.610999999999999943e+01 2.229199999999999875e+02 -8.601000000000000512e+01 3.042999999999999972e+01
1.561800000000000068e+02 -1.030000000000000027e+00 2.368600000000000136e+02 -2.103499999999999943e+02 3.390000000000000124e+00 -4.488399999999999750e+02 -4.832000000000000028e+01 4.569900000000000091e+02 -2.292100000000000080e+02 2.208499999999999943e+02
-1.238700000000000045e+02 1.539000000000000057e+01 6.823000000000000398e+01 -1.966999999999999886e+02 4.868999999999999773e+01 -7.762000000000000455e+01 -3.418999999999999773e+01 3.214900000000000091e+02 -4.525999999999999801e+01 1.330099999999999909e+02
2.871999999999999886e+01 6.943000000000000682e+01 -1.323300000000000125e+02 -1.050100000000000051e+02 1.513000000000000078e+01 5.613000000000000256e+01 2.938299999999999841e+02 8.098000000000000398e+01 -1.250999999999999943e+02 -6.868999999999999773e+01
1.554799999999999898e+02 1.077999999999999972e+02 -1.552599999999999909e+02 2.097299999999999898e+02 -1.389999999999999902e+00 5.669299999999999500e+02 2.228799999999999955e+02 6.840000000000000568e+01 4.264000000000000057e+01 -2.598899999999999864e+02
1.978899999999999864e+02 -4.952000000000000313e+01 -1.362500000000000000e+02 3.218299999999999841e+02 5.519999999999999574e+00 9.247000000000000455e+02 -7.554999999999999716e+01 -1.930300000000000011e+02 2.784200000000000159e+02 1.240300000000000011e+02
1.293000000000000114e+02 4.246000000000000085e+01 -3.897999999999999687e+01 4.347599999999999909e+02 2.275000000000000000e+01 7.343600000000000136e+02 -1.441999999999999886e+02 -2.191299999999999955e+02 2.911600000000000250e+02 1.572400000000000091e+02
-1.774199999999999875e+02 -9.218000000000000682e+01 6.097999999999999687e+01 1.473300000000000125e+02 -3.900999999999999801e+01 -8.089000000000000057e+01 -3.273899999999999864e+02 -6.542400000000000091e+02 3.714000000000000057e+01 1.202000000000000028e+02
-3.640899999999999750e+02 7.492000000000000171e+01 1.133599999999999994e+02 -2.600600000000000023e+02 2.462000000000000099e+01 -8.111200000000000045e+02 -2.605099999999999909e+02 -1.499199999999999875e+02 -1.543300000000000125e+02 -6.282000000000000028e+01
-3.817500000000000000e+02 -7.517000000000000171e+01 -1.203299999999999983e+02 -4.667500000000000000e+02 -3.196000000000000085e+01 -9.329800000000000182e+02 4.879999999999999716e+01 4.233399999999999750e+02 -1.615200000000000102e+02 -2.475600000000000023e+02
-7.843999999999999773e+01 -8.612000000000000455e+01 -3.540999999999999659e+01 -1.765200000000000102e+02 -1.167999999999999972e+01 -8.128099999999999454e+02 1.649300000000000068e+02 5.394700000000000273e+02 -1.911100000000000136e+02 -1.395600000000000023e+02
1.514199999999999875e+02 3.649999999999999911e+00 -1.191500000000000057e+02 -1.256700000000000017e+02 3.399999999999999911e+00 1.561200000000000045e+02 3.230799999999999841e+02 6.815900000000000318e+02 -4.528000000000000114e+01 -2.641700000000000159e+02
3.720899999999999750e+02 -2.862000000000000099e+01 -5.800999999999999801e+01 1.508300000000000125e+02 -2.460999999999999943e+01 8.077699999999999818e+02 4.477500000000000000e+02 3.610199999999999818e+02 5.879999999999999716e+01 -8.662999999999999545e+01
3.742699999999999818e+02 9.706999999999999318e+01 -2.178999999999999915e+01 3.175699999999999932e+02 2.182999999999999829e+01 9.895199999999999818e+02 7.782999999999999829e+01 -2.808000000000000114e+02 1.550699999999999932e+02 2.683999999999999773e+02
1.409499999999999886e+02 4.821000000000000085e+01 1.331200000000000045e+02 1.898199999999999932e+02 5.820000000000000284e+01 5.015500000000000114e+02 -2.063100000000000023e+02 -9.525000000000000000e+02 4.603999999999999915e+01 3.321700000000000159e+02
-1.975099999999999909e+02 2.160999999999999943e+01 3.471999999999999886e+01 -4.170000000000000284e+01 2.898999999999999844e+01 -1.376100000000000136e+02 -2.231100000000000136e+02 -9.256299999999999955e+02 -5.685999999999999943e+01 4.904100000000000250e+02
-3.268100000000000023e+02 -4.640999999999999659e+01 -3.070600000000000023e+02 -2.735699999999999932e+02 -2.478000000000000114e+01 -9.619600000000000364e+02 -3.264399999999999977e+02 -3.363999999999999773e+02 -1.149399999999999977e+02 -8.320999999999999375e+01
-2.684100000000000250e+02 -5.675000000000000000e+01 -1.992700000000000102e+02 -1.790699999999999932e+02 -1.033999999999999986e+01 -4.858500000000000227e+02 -4.584900000000000091e+02 7.951399999999999864e+02 3.409000000000000341e+01 -2.766100000000000136e+02
1.465000000000000036e+01 7.330000000000000071e+00 3.239700000000000273e+02 -4.756000000000000227e+01 -2.121000000000000085e+01 -1.326200000000000045e+02 1.577899999999999920e+02 8.163799999999999955e+02 1.273799999999999955e+02 -3.401600000000000250e+02
7.131999999999999318e+01 -9.339999999999999858e+00 3.014300000000000068e+02 1.843499999999999943e+02 -1.391999999999999993e+01 1.566399999999999864e+02 2.548400000000000034e+02 5.342699999999999818e+02 3.389000000000000057e+01 -3.460299999999999727e+02
1.471800000000000068e+02 1.967999999999999972e+01 -7.500000000000000000e-01 1.994399999999999977e+02 -2.330000000000000071e+00 1.356000000000000050e+01 2.982500000000000000e+02 -1.094399999999999977e+02 -1.550999999999999943e+02 -3.459100000000000250e+02
1.184599999999999937e+02 3.164999999999999858e+01 -1.950300000000000011e+02 -8.257999999999999829e+01 -6.910000000000000142e+00 1.796200000000000045e+02 -3.899000000000000199e+01 -4.478999999999999773e+02 -8.220000000000000284e+01 4.105899999999999750e+02
2.172599999999999909e+02 -4.699000000000000199e+01 -1.398199999999999932e+02 -1.070300000000000011e+02 1.935000000000000142e+01 2.530999999999999943e+02 2.880600000000000023e+02 -6.455700000000000500e+02 6.970999999999999375e+01 2.698000000000000114e+02
8.648999999999999488e+01 4.567000000000000171e+01 -1.144200000000000017e+02 -2.580000000000000071e+00 1.294999999999999929e+01 3.935500000000000114e+02 -1.477800000000000011e+02 8.531000000000000227e+01 9.920000000000000284e+01 6.518600000000000136e+02
-1.586500000000000057e+02 9.015999999999999659e+01 9.801000000000000512e+01 -8.731999999999999318e+01 2.910999999999999943e+01 2.109799999999999898e+02 2.600000000000000089e+00 4.700699999999999932e+02 4.360000000000000320e+00 1.027699999999999960e+02
-1.134800000000000040e+02 -8.240000000000000213e+00 5.275999999999999801e+01 1.867999999999999972e+01 -1.860000000000000098e+00 1.796599999999999966e+02 -2.045800000000000125e+02 3.194499999999999886e+02 -7.993999999999999773e+01 -3.165400000000000205e+02
-1.943899999999999864e+02 5.290000000000000036e+00 1.740399999999999920e+02 3.434000000000000341e+01 -3.169999999999999929e+00 -1.504399999999999977e+02 -2.948199999999999932e+02 -4.874900000000000091e+02 2.614999999999999858e+01 -5.782699999999999818e+02
-2.145900000000000034e+02 2.373000000000000043e+01 7.812999999999999545e+01 1.418400000000000034e+02 -5.064999999999999858e+01 -6.993799999999999955e+02 7.937000000000000455e+01 -6.619400000000000546e+02 -1.669999999999999929e+01 -2.500200000000000102e+02
8.937000000000000455e+01 -7.848999999999999488e+01 -1.482400000000000091e+02 -5.171000000000000085e+01 -3.259000000000000341e+01 -4.699200000000000159e+02 -1.497299999999999898e+02 -1.646000000000000085e+01 -5.699000000000000199e+01 2.485999999999999943e+01
6.945999999999999375e+01 -3.615999999999999659e+01 -1.081500000000000057e+02 -8.557999999999999829e+01 -2.808999999999999986e+01 1.806299999999999955e+02 1.343799999999999955e+02 4.983399999999999750e+02 -1.853000000000000114e+01 6.296999999999999886e+01
1.173700000000000045e+02 9.220000000000000639e+00 1.073499999999999943e+02 -4.724000000000000199e+01 1.024000000000000021e+01 1.116899999999999977e+02 3.993399999999999750e+02 8.451100000000000136e+02 3.368999999999999773e+01 4.317000000000000171e+01
7.782999999999999829e+01 -1.071000000000000085e+01 1.504199999999999875e+02 5.164999999999999858e+01 2.967000000000000171e+01 1.853600000000000136e+02 3.276399999999999864e+02 2.489799999999999898e+02 9.109999999999999432e+01 3.125000000000000000e+01
1.742000000000000171e+01 3.078999999999999915e+01 5.000000000000000000e-01 -1.102900000000000063e+02 1.957999999999999829e+01 2.821600000000000250e+02 4.507000000000000028e+01 -3.373500000000000227e+02 -7.314000000000000057e+01 3.771100000000000136e+02
6.420999999999999375e+01 3.044999999999999929e+01 -9.104000000000000625e+01 -4.234000000000000341e+01 1.331000000000000050e+01 2.551500000000000057e+02 -3.436399999999999864e+02 -7.273999999999999773e+02 -1.217300000000000040e+02 4.354200000000000159e+02
6.247999999999999687e+01 9.073000000000000398e+01 2.800000000000000000e+01 4.946000000000000085e+01 2.023000000000000043e+01 3.114700000000000273e+02 -5.606799999999999500e+02 -3.273100000000000023e+02 6.389000000000000057e+01 -4.000000000000000000e+01
-1.225799999999999983e+02 2.350000000000000089e+00 -5.390999999999999659e+01 9.560999999999999943e+01 -6.599999999999999645e+00 -1.110999999999999943e+02 1.434000000000000057e+02 4.640999999999999659e+01 -1.556000000000000050e+01 -1.401100000000000136e+02
-9.809999999999999432e+01 -1.025999999999999979e+01 2.412999999999999901e+01 1.032600000000000051e+02 -2.376000000000000156e+01 -2.689900000000000091e+02 -2.710000000000000142e+01 1.385500000000000114e+02 9.192000000000000171e+01 -3.810000000000000000e+02
-3.996000000000000085e+01 -4.159000000000000341e+01 -9.282999999999999829e+01 4.827000000000000313e+01 -6.515999999999999659e+01 -6.138200000000000500e+02 3.350000000000000000e+01 3.053000000000000114e+02 2.740000000000000213e+00 -5.404299999999999500e+02
6.767000000000000171e+01 -7.665000000000000568e+01 2.483600000000000136e+02 -6.651999999999999602e+01 -4.178999999999999915e+01 -4.377799999999999727e+02 7.470999999999999375e+01 3.602599999999999909e+02 5.146000000000000085e+01 -3.112699999999999818e+02
-3.503000000000000114e+01 -2.966000000000000014e+01 2.243400000000000034e+02 -4.371000000000000085e+01 -9.869999999999999218e+00 -1.292999999999999972e+01 1.895300000000000011e+02 1.575300000000000011e+02 7.099999999999999645e-01 3.627500000000000000e+02
-1.179999999999999938e+00 -3.770000000000000284e+01 -3.032000000000000028e+01 -5.739000000000000057e+01 2.707999999999999829e+01 6.465000000000000000e+02 8.142000000000000171e+01 -4.733799999999999955e+02 -1.456699999999999875e+02 4.260500000000000114e+02
-6.723999999999999488e+01 1.760000000000000009e+00 -2.458799999999999955e+02 -1.816100000000000136e+02 4.207999999999999829e+01 5.643200000000000500e+02 -6.896999999999999886e+01 -9.665999999999999659e+01 -1.005000000000000000e+02 6.144299999999999500e+02
7.556999999999999318e+01 1.329499999999999886e+02 -1.907800000000000011e+02 -6.389000000000000057e+01 3.521999999999999886e+01 2.935299999999999727e+02 -2.126899999999999977e+02 1.738799999999999955e+02 2.910000000000000142e+00 2.080200000000000102e+02
2.219399999999999977e+02 8.725000000000000000e+01 -6.650000000000000000e+01 1.772500000000000000e+02 5.082000000000000028e+01 -1.476999999999999957e+01 -1.098199999999999932e+02 2.211200000000000045e+02 5.479999999999999716e+01 -8.314000000000000057e+01
8.570000000000000284e+01 8.768999999999999773e+01 1.091500000000000057e+02 1.905999999999999943e+02 -5.609000000000000341e+01 -1.765099999999999909e+02 1.869999999999999929e+01 -2.815600000000000023e+02 2.817999999999999972e+01 -4.362300000000000182e+02
-5.550000000000000000e+01 -5.904999999999999716e+01 1.142800000000000011e+02 5.679999999999999716e+00 -2.189999999999999858e+01 -1.038199999999999932e+02 -1.967999999999999972e+01 -5.514900000000000091e+02 1.249000000000000057e+02 -6.984800000000000182e+02
-1.336200000000000045e+02 -8.875000000000000000e+01 2.119199999999999875e+02 6.498999999999999488e+01 -4.149000000000000199e+01 -6.239500000000000455e+02 1.775300000000000011e+02 -1.224899999999999949e+02 4.649000000000000199e+01 1.061999999999999922e+01
-2.645799999999999841e+02 -8.484999999999999432e+01 2.251000000000000156e+01 -2.998999999999999844e+01 -4.188000000000000256e+01 -4.185299999999999727e+02 9.973999999999999488e+01 1.141700000000000017e+02 -4.395000000000000284e+01 -1.550600000000000023e+02
-7.950000000000000000e+01 -1.987000000000000099e+01 -1.754699999999999989e+02 -1.835399999999999920e+02 2.082000000000000028e+01 -1.073499999999999943e+02 1.364499999999999886e+02 4.555099999999999909e+02 -1.073199999999999932e+02 3.405500000000000114e+02
2.894999999999999929e+01 -5.025000000000000000e+01 -1.686599999999999966e+02 -1.761899999999999977e+02 -2.451999999999999957e+01 4.356399999999999864e+02 1.869000000000000128e+01 6.880399999999999636e+02 -4.577000000000000313e+01 2.486500000000000057e+02
1.022300000000000040e+02 2.071000000000000085e+01 -1.405000000000000071e+01 -6.271000000000000085e+01 4.879999999999999893e+00 3.543700000000000045e+02 -3.703000000000000114e+01 2.916999999999999886e+02 -1.631899999999999977e+02 3.563299999999999841e+02
7.059000000000000341e+01 1.424900000000000091e+02 1.917199999999999989e+02 3.082000000000000028e+01 6.973999999999999488e+01 2.371999999999999886e+02 -4.253899999999999864e+02 -3.434000000000000341e+01 2.075000000000000000e+01 -6.981999999999999318e+01
2.444999999999999929e+01 1.533999999999999986e+01 -9.929999999999999716e+01 9.396999999999999886e+01 3.296999999999999886e+01 1.781200000000000045e+02 -7.829000000000000625e+01 -6.295700000000000500e+02 -1.013000000000000078e+01 -6.400000000000000355e+00
1.887800000000000011e+02 2.348999999999999844e+01 -6.673999999999999488e+01 1.204500000000000028e+02 -2.046999999999999886e+01 2.065900000000000034e+02 -3.234200000000000159e+02 -8.807500000000000000e+02 1.346599999999999966e+02 -1.190000000000000000e+02
3.720899999999999750e+02 9.269999999999999574e+00 7.846999999999999886e+01 1.785600000000000023e+02 -3.151000000000000156e+01 -1.425300000000000011e+02 3.883299999999999841e+02 -3.781999999999999886e+02 1.205699999999999932e+02 -1.157000000000000028e+02
9.399999999999999467e-01 1.023000000000000043e+01 3.403399999999999750e+02 1.057399999999999949e+02 5.139999999999999680e+00 -6.941399999999999864e+02 3.942200000000000273e+02 3.496999999999999886e+02 1.405399999999999920e+02 -8.593999999999999773e+01
-1.983899999999999864e+02 -1.074000000000000021e+01 2.937300000000000182e+02 -1.640300000000000011e+02 -2.078999999999999915e+01 -2.507800000000000011e+02 3.830199999999999818e+02 6.818600000000000136e+02 -6.406000000000000227e+01 1.035999999999999943e+01
-2.055300000000000011e+02 -9.409000000000000341e+01 -1.248900000000000006e+02 -2.597799999999999727e+02 -2.709999999999999964e+00 6.681000000000000227e+01 -1.469699999999999989e+02 4.725199999999999818e+02 -1.270999999999999943e+02 1.686500000000000057e+02
-3.603500000000000227e+02 -3.570000000000000284e+01 -1.833499999999999943e+02 -2.255399999999999920e+02 -1.241999999999999993e+01 7.292000000000000171e+01 -4.014499999999999886e+02 -2.314699999999999989e+02 -2.795799999999999841e+02 7.801999999999999602e+01
-2.307899999999999920e+02 -4.893999999999999773e+01 -1.383300000000000125e+02 -4.288000000000000256e+01 -2.707999999999999829e+01 -1.644600000000000080e+02 -3.501800000000000068e+02 2.373999999999999844e+01 -4.982999999999999829e+01 -7.051000000000000512e+01
5.204999999999999716e+01 1.243199999999999932e+02 -8.382999999999999829e+01 1.612599999999999909e+02 2.373999999999999844e+01 -4.485000000000000142e+01 -2.632000000000000028e+01 -1.006200000000000045e+02 2.219600000000000080e+02 -2.920400000000000205e+02
5.158400000000000318e+02 -9.380000000000000782e+00 -5.442999999999999972e+01 3.099100000000000250e+02 2.694999999999999929e+01 1.291900000000000091e+03 8.679999999999999716e+01 -3.252000000000000313e+01 1.434600000000000080e+02 1.396000000000000085e+01
3.947099999999999795e+02 1.360999999999999943e+01 2.299900000000000091e+02 1.471500000000000057e+02 1.291000000000000014e+01 8.818200000000000500e+02 3.589999999999999858e+01 -1.521000000000000085e+01 -1.099000000000000021e+01 5.982000000000000028e+01
3.821999999999999886e+01 2.910999999999999943e+01 1.653199999999999932e+02 1.147800000000000011e+02 -3.892999999999999972e+01 -3.656899999999999977e+02 1.750099999999999909e+02 1.664699999999999989e+02 -1.075600000000000023e+02 5.378000000000000114e+01
-3.146899999999999977e+02 -3.885000000000000142e+01 -1.414399999999999977e+02 -1.180900000000000034e+02 4.207999999999999829e+01 -1.018730000000000018e+03 2.089699999999999989e+02 -3.345000000000000000e+02 8.699999999999999956e-01 8.206999999999999318e+01
-2.792400000000000091e+02 -1.080600000000000023e+02 -1.122099999999999937e+02 -3.812099999999999795e+02 -1.732999999999999829e+01 -1.339599999999999909e+03 3.760400000000000205e+02 -3.903299999999999841e+02 -1.619699999999999989e+02 2.410999999999999943e+02
-2.234199999999999875e+02 1.271599999999999966e+02 -6.700000000000000400e-01 -2.292500000000000000e+02 2.292999999999999972e+01 -3.195799999999999841e+02 -1.741200000000000045e+02 5.767000000000000171e+01 4.439999999999999858e+01 3.251499999999999773e+02
-5.472999999999999687e+01 -4.182999999999999829e+01 1.425699999999999932e+02 -1.081099999999999994e+02 -3.356000000000000227e+01 5.762799999999999727e+02 -3.253000000000000114e+02 3.357900000000000205e+02 4.857000000000000028e+01 -3.842500000000000000e+02
6.551000000000000512e+01 3.764000000000000057e+01 1.755999999999999943e+02 2.714700000000000273e+02 -4.122999999999999687e+01 1.088319999999999936e+03 -2.925799999999999841e+02 3.088199999999999932e+02 1.028199999999999932e+02 -4.463899999999999864e+02
2.433000000000000114e+02 -3.757000000000000028e+01 -1.176999999999999957e+01 3.248899999999999864e+02 -5.700000000000000178e+00 7.305199999999999818e+02 1.472599999999999909e+02 -1.415699999999999932e+02 -3.272999999999999687e+01 -1.043900000000000006e+02
6.993000000000000682e+01 -4.871000000000000085e+01 -2.560799999999999841e+02 -7.969999999999999751e+00 1.133000000000000007e+01 2.655000000000000071e+01 5.378999999999999915e+01 -3.420500000000000114e+02 -8.081000000000000227e+01 4.020000000000000284e+01
4.896999999999999886e+01 -5.321999999999999886e+01 -3.466899999999999977e+02 -5.945000000000000284e+01 -1.433999999999999986e+01 -5.405800000000000409e+02 -1.784399999999999977e+02 9.434999999999999432e+01 -1.325500000000000114e+02 1.665999999999999943e+02
5.935999999999999943e+01 1.486999999999999922e+01 -2.525000000000000000e+01 -1.532299999999999898e+02 2.630000000000000071e+01 -5.955099999999999909e+02 6.919999999999999929e+00 5.107200000000000273e+02 -1.006899999999999977e+02 1.155199999999999960e+02
1.779799999999999898e+02 9.804999999999999716e+01 1.113900000000000006e+02 -1.941299999999999955e+02 4.889999999999999858e+01 -9.037999999999999545e+01 1.851100000000000136e+02 9.342000000000000171e+01 6.320000000000000284e+00 1.217999999999999972e+02
4.085999999999999943e+01 1.061299999999999955e+02 3.593799999999999955e+02 -9.648000000000000398e+01 2.280999999999999872e+01 -2.861200000000000045e+02 1.017999999999999972e+02 -9.340999999999999659e+01 8.543999999999999773e+01 1.863799999999999955e+02
-1.162500000000000000e+02 1.862999999999999901e+01 3.966100000000000136e+02 1.458400000000000034e+02 1.669999999999999929e+00 1.089099999999999966e+02 1.552700000000000102e+02 -6.871900000000000546e+02 2.084000000000000057e+02 7.970000000000000284e+01
-2.445600000000000023e+02 -5.280000000000000249e+00 8.146999999999999886e+01 2.227199999999999989e+02 -7.000000000000000000e+00 3.313600000000000136e+02 1.949399999999999977e+02 -3.076800000000000068e+02 1.781200000000000045e+02 -1.449999999999999956e+00
-1.383499999999999943e+02 -5.175999999999999801e+01 -1.305500000000000114e+02 7.400000000000000000e+01 -3.042000000000000171e+01 2.448100000000000023e+02 5.645000000000000284e+01 -4.397999999999999687e+01 3.410999999999999943e+01 -4.757999999999999829e+01
-1.290099999999999909e+02 -5.843999999999999773e+01 -3.258000000000000114e+02 6.554999999999999716e+01 -3.990999999999999659e+01 3.536700000000000159e+02 -2.256299999999999955e+02 2.866499999999999773e+02 -9.099999999999999645e+00 5.132999999999999829e+01
-2.326999999999999957e+01 -1.306899999999999977e+02 -2.998899999999999864e+02 -2.110000000000000142e+01 -3.246000000000000085e+01 7.481000000000000227e+01 -4.253899999999999864e+02 3.545600000000000023e+02 -1.981100000000000136e+02 -7.447200000000000273e+02
2.053999999999999915e+01 -5.917000000000000171e+01 -1.901699999999999875e+02 -1.726599999999999966e+02 -4.910000000000000142e+00 -1.229500000000000028e+02 -2.500800000000000125e+02 4.432500000000000000e+02 -3.761700000000000159e+02 -4.964499999999999886e+02
8.348999999999999488e+01 5.089000000000000057e+01 1.174099999999999966e+02 -3.043000000000000114e+02 9.080000000000000071e+00 -2.565699999999999932e+02 2.859599999999999795e+02 2.445999999999999943e+02 -1.587500000000000000e+02 -2.077700000000000102e+02
2.342899999999999920e+02 5.453999999999999915e+01 2.096699999999999875e+02 -1.868799999999999955e+02 5.988000000000000256e+01 -1.075400000000000063e+02 5.607599999999999909e+02 -2.642999999999999972e+01 1.332500000000000000e+02 8.091599999999999682e+02
1.528300000000000125e+02 7.185999999999999943e+01 3.183799999999999955e+02 7.117000000000000171e+01 4.842000000000000171e+01 -2.988299999999999841e+02 1.209599999999999937e+02 -2.596100000000000136e+02 1.702100000000000080e+02 7.057799999999999727e+02
1.591100000000000136e+02 7.759000000000000341e+01 6.229999999999999716e+01 2.210900000000000034e+02 1.864999999999999858e+01 -2.246800000000000068e+02 -1.641899999999999977e+02 -3.019100000000000250e+02 7.364000000000000057e+01 4.805500000000000114e+02
-2.189699999999999989e+02 -9.429999999999999716e+00 -1.086999999999999922e+01 1.377599999999999909e+02 9.310000000000000497e+00 1.212199999999999989e+02 -4.489599999999999795e+02 -4.427500000000000000e+02 9.876000000000000512e+01 -6.637999999999999545e+01
-1.971200000000000045e+02 -3.211999999999999744e+01 -5.965999999999999659e+01 1.176200000000000045e+02 -2.985000000000000142e+01 3.481200000000000045e+02 -1.059200000000000017e+02 -3.373999999999999773e+02 1.467500000000000000e+02 -6.955000000000000000e+02
-1.460900000000000034e+02 5.464000000000000057e+01 -1.072000000000000064e+01 1.335500000000000114e+02 -5.832999999999999829e+01 3.142099999999999795e+02 1.965300000000000011e+02 -1.917999999999999972e+01 7.009999999999999787e+00 -4.697400000000000091e+02
6.239000000000000057e+01 1.357000000000000028e+01 -5.060000000000000142e+01 1.775000000000000000e+01 8.910000000000000142e+00 -1.758600000000000136e+02 7.620000000000000107e+00 4.241000000000000227e+02 -7.803000000000000114e+01 -6.470999999999999375e+01
4.850000000000000000e+01 -9.762999999999999545e+01 6.942000000000000171e+01 -1.928899999999999864e+02 -4.990000000000000213e+00 9.475000000000000000e+01 -1.202300000000000040e+02 2.544699999999999989e+02 -1.473199999999999932e+02 -5.035000000000000142e+01
-1.068700000000000045e+02 -3.332999999999999829e+01 -1.914999999999999858e+01 -2.636999999999999886e+02 2.223000000000000043e+01 -1.253599999999999994e+02 1.662800000000000011e+02 5.121299999999999955e+02 -9.784999999999999432e+01 3.398700000000000045e+02
1.374099999999999966e+02 -1.553999999999999915e+01 -1.880800000000000125e+02 -2.142199999999999989e+02 2.437000000000000099e+01 2.457700000000000102e+02 1.535900000000000034e+02 1.233900000000000006e+02 -6.751999999999999602e+01 3.461100000000000136e+02
2.042400000000000091e+02 -1.887999999999999901e+01 -4.710000000000000142e+01 -9.687999999999999545e+01 1.571000000000000085e+01 -3.620000000000000000e+02 1.976999999999999957e+01 -1.744199999999999875e+02 -7.460999999999999943e+01 -2.703999999999999915e+01
2.586600000000000250e+02 1.265100000000000051e+02 2.137000000000000099e+01 1.944300000000000068e+02 -1.489999999999999991e+00 3.077099999999999795e+02 -1.273700000000000045e+02 2.917999999999999972e+01 2.014000000000000057e+02 9.668999999999999773e+01
9.550000000000000711e+00 8.270000000000000284e+01 1.435500000000000114e+02 3.572200000000000273e+02 5.429999999999999716e+00 2.235099999999999909e+02 2.077299999999999898e+02 -4.464700000000000273e+02 1.081700000000000017e+02 -9.990999999999999659e+01
-2.816100000000000136e+02 6.322999999999999687e+01 1.841299999999999955e+02 2.547599999999999909e+02 2.703000000000000114e+01 -8.726000000000000512e+01 -9.334999999999999432e+01 -2.784800000000000182e+02 -4.179999999999999716e+00 -2.091599999999999966e+02
-2.789399999999999977e+02 -8.134000000000000341e+01 -1.129399999999999977e+02 -1.231000000000000050e+01 -3.142000000000000171e+01 -2.639200000000000159e+02 -4.836700000000000159e+02 2.173999999999999844e+01 3.132000000000000028e+01 -2.532800000000000011e+02
-1.509000000000000057e+02 -6.893000000000000682e+01 -3.105999999999999872e+01 -1.475600000000000023e+02 -2.873000000000000043e+01 -5.039300000000000068e+02 -2.817200000000000273e+02 2.990000000000000213e+00 9.389000000000000057e+01 3.277000000000000313e+01
3.335000000000000142e+01 -7.415999999999999659e+01 2.198999999999999844e+01 -2.185300000000000011e+02 -1.896000000000000085e+01 4.146000000000000085e+01 1.840200000000000102e+02 2.346200000000000045e+02 -1.211999999999999922e+01 4.559000000000000341e+01
2.603000000000000114e+01 -9.370999999999999375e+01 -7.400000000000000355e+00 -2.586600000000000250e+02 -4.790000000000000036e+00 4.879200000000000159e+02 2.891899999999999977e+02 1.648400000000000034e+02 -1.811299999999999955e+02 1.771000000000000085e+01
-4.697999999999999687e+01 2.553999999999999915e+01 -1.758199999999999932e+02 -2.228499999999999943e+02 2.935000000000000142e+01 3.295899999999999750e+02 2.917799999999999727e+02 3.566999999999999886e+02 -2.515300000000000011e+02 2.544000000000000128e+01
2.042800000000000011e+02 5.072999999999999687e+01 -1.277000000000000028e+02 -5.596000000000000085e+01 4.421999999999999886e+01 -1.038499999999999943e+02 5.509000000000000341e+01 -8.310999999999999943e+01 -1.355300000000000011e+02 4.075600000000000023e+02
2.501699999999999875e+02 1.326899999999999977e+02 -1.117999999999999972e+01 2.509399999999999977e+02 -2.680000000000000160e+00 1.919799999999999898e+02 2.801200000000000045e+02 -3.077799999999999727e+02 9.440999999999999659e+01 1.873100000000000023e+02
2.272299999999999898e+02 1.242999999999999972e+01 4.506000000000000227e+01 2.925000000000000000e+02 8.250000000000000000e+00 6.120000000000000284e+01 -1.473000000000000114e+02 -1.607599999999999909e+02 1.373799999999999955e+02 -1.025199999999999960e+02
1.114000000000000057e+01 4.342000000000000171e+01 1.466899999999999977e+02 1.871200000000000045e+02 -1.307000000000000028e+01 -4.376499999999999773e+02 -4.469499999999999886e+02 4.549000000000000199e+01 2.212199999999999989e+02 -4.506800000000000068e+02
-1.898899999999999864e+02 -5.142999999999999972e+01 1.540999999999999943e+02 6.032999999999999829e+01 -2.398999999999999844e+01 -5.614000000000000057e+01 -3.721299999999999955e+02 8.349999999999999645e+00 5.289999999999999858e+01 -1.145799999999999983e+02
-2.113700000000000045e+02 8.859999999999999432e+00 1.496999999999999886e+02 2.789999999999999858e+01 -2.262000000000000099e+01 -9.945999999999999375e+01 -2.289699999999999989e+02 5.867000000000000171e+01 1.252099999999999937e+02 4.759000000000000341e+01
-1.707199999999999989e+02 -8.373000000000000398e+01 -3.720000000000000284e+01 -2.027500000000000000e+02 1.191000000000000014e+01 -7.131000000000000227e+01 1.437500000000000000e+02 1.070400000000000063e+02 -1.134899999999999949e+02 8.206999999999999318e+01
-6.606000000000000227e+01 -1.517999999999999972e+01 -9.467000000000000171e+01 -2.798600000000000136e+02 -1.200000000000000000e+01 -1.817100000000000080e+02 3.972500000000000000e+02 1.040600000000000023e+02 -1.677100000000000080e+02 4.179999999999999716e+01
-6.257000000000000028e+01 -4.803000000000000114e+01 -2.204300000000000068e+02 -1.718600000000000136e+02 -5.019999999999999574e+00 2.080000000000000000e+02 1.856299999999999955e+02 -3.646999999999999886e+01 -1.867800000000000011e+02 8.645000000000000284e+01
-6.781999999999999318e+01 4.417999999999999972e+01 -8.546999999999999886e+01 -4.500999999999999801e+01 1.581000000000000050e+01 3.003899999999999864e+02 1.955699999999999932e+02 -7.693999999999999773e+01 -5.114000000000000057e+01 1.971899999999999977e+02
2.252400000000000091e+02 3.214999999999999858e+01 -3.788000000000000256e+01 9.860999999999999943e+01 8.599999999999999645e+00 7.200399999999999636e+02 9.970000000000000284e+01 1.170300000000000011e+02 6.806999999999999318e+01 -2.696000000000000227e+02
4.816999999999999886e+02 2.716000000000000014e+01 -3.824000000000000199e+01 2.118199999999999932e+02 1.903999999999999915e+01 2.467299999999999898e+02 -1.496699999999999875e+02 7.451999999999999602e+01 1.109699999999999989e+02 -1.462199999999999989e+02
1.977199999999999989e+02 6.169999999999999929e+00 1.175100000000000051e+02 9.839999999999999858e+00 -9.509999999999999787e+00 -4.057699999999999818e+02 -3.299399999999999977e+02 -7.409999999999999432e+01 -3.110000000000000142e+01 -6.481999999999999318e+01
-4.564999999999999858e+01 1.489000000000000057e+01 2.121999999999999886e+01 1.157000000000000028e+01 -3.470000000000000195e+00 -3.229499999999999886e+02 -4.353399999999999750e+02 -2.915600000000000023e+02 -2.105000000000000071e+01 1.150799999999999983e+02
-4.268199999999999932e+02 8.284999999999999432e+01 9.220999999999999375e+01 -4.603999999999999915e+01 -1.992999999999999972e+01 -6.243999999999999773e+02 -2.286999999999999886e+02 -2.562000000000000099e+01 -5.053999999999999915e+01 -7.975000000000000000e+01
-2.848299999999999841e+02 -7.173999999999999488e+01 7.692000000000000171e+01 4.240999999999999659e+01 1.210999999999999943e+01 -4.232599999999999909e+02 3.421399999999999864e+02 -1.376100000000000136e+02 1.320300000000000011e+02 7.089999999999999858e+00
-2.059199999999999875e+02 -6.679999999999999716e+00 7.028000000000000114e+01 3.529999999999999805e+00 -2.660999999999999943e+01 2.495800000000000125e+02 4.414900000000000091e+02 3.185400000000000205e+02 1.135300000000000011e+02 1.316800000000000068e+02
1.282800000000000011e+02 6.660000000000000142e+00 -5.567000000000000171e+01 -4.000000000000000222e-01 -3.020000000000000018e+00 -1.331999999999999886e+02 2.728799999999999955e+02 7.645000000000000284e+01 -1.148000000000000043e+01 3.005999999999999872e+01
1.778000000000000114e+01 -8.051000000000000512e+01 -1.570800000000000125e+02 -4.407000000000000028e+01 1.017999999999999972e+01 4.786700000000000159e+02 6.940000000000000568e+01 1.148900000000000006e+02 -1.826999999999999957e+01 -9.015000000000000568e+01
1.141500000000000057e+02 -3.392999999999999972e+01 -2.520099999999999909e+02 -3.103500000000000227e+02 -6.059999999999999609e+00 9.406000000000000227e+02 -1.187399999999999949e+02 -1.907800000000000011e+02 -2.781299999999999955e+02 -4.635000000000000142e+01
2.087899999999999920e+02 -9.980000000000000426e+00 -1.543600000000000136e+02 -8.228000000000000114e+01 -2.129999999999999893e+00 4.658399999999999750e+02 2.296999999999999886e+01 5.559999999999999609e+00 -1.281999999999999886e+02 -3.057000000000000028e+01
1.939699999999999989e+02 9.393999999999999773e+01 1.271000000000000085e+01 1.889399999999999977e+02 2.760000000000000142e+01 -1.088499999999999943e+02 -1.458400000000000034e+02 -5.135999999999999943e+01 -2.673000000000000043e+01 -5.563000000000000256e+01
8.320000000000000284e+01 1.615699999999999932e+02 2.205699999999999932e+02 2.108600000000000136e+02 8.759999999999999787e+00 -3.538500000000000227e+02 -1.785600000000000023e+02 4.301200000000000045e+02 1.622100000000000080e+02 2.665799999999999841e+02
-5.882000000000000028e+01 5.610000000000000320e+00 2.424499999999999886e+02 2.261200000000000045e+02 3.538000000000000256e+01 -8.088700000000000045e+02 -4.281999999999999886e+02 -6.837999999999999545e+01 8.742000000000000171e+01 4.070000000000000284e+01
-4.767000000000000171e+01 -5.893999999999999773e+01 3.246000000000000085e+01 2.342999999999999972e+01 -2.751999999999999957e+01 -5.864800000000000182e+02 -3.101299999999999955e+02 -2.407199999999999989e+02 8.367000000000000171e+01 -1.388199999999999932e+02
-1.912800000000000011e+02 3.729999999999999982e+00 -5.631000000000000227e+01 -2.397899999999999920e+02 -5.596000000000000085e+01 -3.719200000000000159e+02 3.950699999999999932e+02 -5.047500000000000000e+02 3.771000000000000085e+01 -1.531999999999999886e+02
-1.613600000000000136e+02 -1.113900000000000006e+02 -1.042199999999999989e+02 -1.770399999999999920e+02 -1.980000000000000071e+01 2.272800000000000011e+02 2.572599999999999909e+02 -3.344100000000000250e+02 -9.800000000000000711e+00 -1.778600000000000136e+02
-2.232599999999999909e+02 -3.392999999999999972e+01 -1.285699999999999932e+02 8.970000000000000639e+00 -3.014000000000000057e+01 6.589600000000000364e+02 3.960299999999999727e+02 3.208399999999999750e+02 -4.107000000000000028e+01 -2.258300000000000125e+02
-4.718999999999999773e+01 -7.135999999999999943e+01 -1.320500000000000114e+02 8.662000000000000455e+01 2.862999999999999901e+01 8.512999999999999545e+02 8.854999999999999716e+01 7.537300000000000182e+02 -1.706399999999999864e+02 4.054800000000000182e+02
1.928700000000000045e+02 8.326000000000000512e+01 -9.632999999999999829e+01 -7.700000000000000000e+01 2.342999999999999972e+01 3.195500000000000114e+02 -2.487700000000000102e+02 2.542400000000000091e+02 -2.062800000000000011e+02 1.573300000000000125e+02
2.245600000000000023e+02 9.884000000000000341e+01 -1.556800000000000068e+02 -2.795000000000000000e+02 -5.589999999999999858e+00 8.181000000000000227e+01 -5.032099999999999795e+02 -3.359599999999999795e+02 -1.899399999999999977e+02 -4.652000000000000313e+01
1.533499999999999943e+02 -3.297999999999999687e+01 -8.500000000000000000e+00 -9.198000000000000398e+01 1.241999999999999993e+01 -3.575600000000000023e+02 -2.929499999999999886e+02 -4.645299999999999727e+02 -5.242999999999999972e+01 -1.961399999999999864e+02
3.549999999999999822e+00 2.389000000000000057e+01 4.732000000000000028e+01 9.429999999999999716e+01 1.209999999999999964e+01 -6.047699999999999818e+02 -3.377000000000000313e+01 -2.884700000000000273e+02 1.494099999999999966e+02 1.016999999999999993e+01
7.415000000000000568e+01 7.781000000000000227e+01 3.174800000000000182e+02 2.899800000000000182e+02 -3.209999999999999964e+00 -5.645299999999999727e+02 3.548500000000000227e+02 1.769999999999999929e+01 3.282500000000000000e+02 -3.860000000000000142e+01
3.981000000000000227e+01 3.368999999999999773e+01 2.614200000000000159e+02 3.460699999999999932e+02 -2.905999999999999872e+01 -3.485699999999999932e+02 2.790099999999999909e+02 4.308299999999999841e+02 2.624100000000000250e+02 1.991399999999999864e+02
-1.070600000000000023e+02 -7.290999999999999659e+01 1.382700000000000102e+02 1.291599999999999966e+02 2.360000000000000142e+01 -2.225699999999999932e+02 3.046399999999999864e+02 1.455099999999999909e+02 1.408100000000000023e+02 1.458199999999999932e+02
-1.764600000000000080e+02 -4.629999999999999716e+01 -9.781999999999999318e+01 -1.649000000000000057e+02 -4.214000000000000057e+01 6.207699999999999818e+02 -1.466800000000000068e+02 1.327500000000000000e+02 -8.990000000000000568e+01 -6.890000000000000568e+01
-2.816899999999999977e+02 -5.703999999999999915e+01 -2.330699999999999932e+02 -3.993299999999999841e+02 3.939999999999999947e+00 7.613600000000000136e+02 -7.326000000000000512e+01 -8.173000000000000398e+01 -2.779900000000000091e+02 -9.609999999999999432e+01
-1.629099999999999966e+02 -6.431999999999999318e+01 -3.023600000000000136e+02 -2.084499999999999886e+02 -3.609999999999999876e+00 3.284900000000000091e+02 -1.426500000000000057e+02 -3.547599999999999909e+02 -2.967599999999999909e+02 -1.157099999999999937e+02
1.194699999999999989e+02 1.882999999999999829e+01 -3.628600000000000136e+02 5.053999999999999915e+01 -2.107000000000000028e+01 5.414099999999999682e+02 -8.459000000000000341e+01 1.779799999999999898e+02 -1.540999999999999943e+02 -2.856600000000000250e+02
1.559099999999999966e+02 2.148999999999999844e+01 6.138000000000000256e+01 -1.465000000000000036e+01 1.048000000000000043e+01 -3.004599999999999795e+02 -1.098700000000000045e+02 3.940699999999999932e+02 3.151999999999999957e+01 4.517999999999999972e+01
1.873700000000000045e+02 1.670900000000000034e+02 2.248199999999999932e+02 1.172399999999999949e+02 3.679999999999999716e+01 -5.713999999999999773e+02 1.336599999999999966e+02 6.682999999999999829e+01 2.822500000000000000e+02 1.004000000000000057e+02
3.308700000000000045e+02 -1.801000000000000156e+01 3.319599999999999795e+02 2.157800000000000011e+02 1.873000000000000043e+01 -5.669700000000000273e+02 1.239000000000000057e+01 -2.566200000000000045e+02 5.285999999999999943e+01 3.480500000000000114e+02
