sensor_1,sensor_2,sensor_3,sensor_4,sensor_5,sensor_6,sensor_7,sensor_8,sensor_9,sensor_10
-237.0,,-260.0,-692.0,32.0,32.0,-842.0,-277.0,189.0,-497.0
-190.0,,-245.0,-606.0,33.0,-120.0,-838.0,-580.0,127.0,-606.0
-142.0,,-225.0,-403.0,55.0,14.0,-843.0,-266.0,60.0,-726.0
-143.0,,-208.0,-304.0,95.0,281.0,-827.0,-526.0,0.0,-871.0
-172.0,,-177.0,-282.0,135.0,174.0,-812.0,-441.0,-76.0,-997.0
-191.0,,-156.0,-332.0,170.0,-10.0,-812.0,-365.0,-147.0,-1115.0
-195.0,,-149.0,-468.0,185.0,183.0,-814.0,-580.0,-216.0,-1233.0
-234.0,,-132.0,-579.0,156.0,267.0,-802.0,-334.0,-258.0,-1300.0
-298.0,,-123.0,-543.0,91.0,18.0,-818.0,-698.0,-321.0,-1340.0
-330.0,,-113.0,-507.0,13.0,-171.0,-840.0,-491.0,-380.0,-1339.0
-324.0,,-89.0,-544.0,-79.0,-49.0,-864.0,-606.0,-391.0,-1281.0
-324.0,,-65.0,-547.0,-180.0,180.0,-884.0,-567.0,-377.0,-1192.0
-345.0,,-15.0,-633.0,-260.0,50.0,-896.0,-288.0,-318.0,-1087.0
-358.0,,51.0,-684.0,-287.0,-188.0,-902.0,-511.0,-235.0,-938.0
-332.0,,86.0,-693.0,-241.0,-27.0,-883.0,-134.0,-134.0,-779.0
-330.0,,128.0,-760.0,-148.0,187.0,-888.0,-413.0,-25.0,-651.0
-343.0,,184.0,-756.0,-20.0,33.0,-861.0,-299.0,83.0,-481.0
-314.0,,186.0,-743.0,105.0,-177.0,-805.0,-227.0,197.0,-315.0
-293.0,,238.0,-736.0,178.0,-94.0,-783.0,-395.0,282.0,-171.0
-311.0,,250.0,-636.0,185.0,160.0,-780.0,-55.0,353.0,-21.0
-343.0,,274.0,-529.0,139.0,168.0,-781.0,-308.0,411.0,94.0
-338.0,,347.0,-499.0,69.0,-83.0,-789.0,-68.0,469.0,172.0
-328.0,,336.0,-412.0,4.0,8.0,-786.0,-264.0,510.0,214.0
-333.0,,392.0,-318.0,-17.0,210.0,-768.0,-330.0,504.0,198.0
-367.0,,421.0,-369.0,7.0,70.0,-743.0,-144.0,483.0,136.0
-411.0,,443.0,-422.0,65.0,-98.0,-738.0,-369.0,447.0,48.0
-405.0,,496.0,-417.0,117.0,-25.0,-777.0,11.0,383.0,-68.0
-419.0,,516.0,-461.0,124.0,225.0,-781.0,-234.0,309.0,-186.0
-447.0,,555.0,-458.0,103.0,203.0,-768.0,-105.0,225.0,-294.0
-426.0,,568.0,-446.0,62.0,-26.0,-793.0,-110.0,128.0,-368.0
-368.0,,554.0,-437.0,20.0,13.0,-785.0,-352.0,32.0,-398.0
-357.0,,512.0,-377.0,-2.0,152.0,-758.0,-84.0,-68.0,-410.0
-387.0,,492.0,-409.0,-17.0,0.0,-757.0,-378.0,-205.0,-414.0
-338.0,,459.0,-436.0,-15.0,-228.0,-762.0,-107.0,-340.0,-398.0
-245.0,,429.0,-415.0,-10.0,-132.0,-761.0,-243.0,-462.0,-365.0
-199.0,,395.0,-383.0,-33.0,154.0,-724.0,-256.0,-576.0,-319.0
-192.0,,331.0,-366.0,-89.0,217.0,-713.0,-120.0,-671.0,-269.0
-161.0,,306.0,-423.0,-134.0,-61.0,-752.0,-445.0,-766.0,-249.0
-80.0,,235.0,-405.0,-153.0,-75.0,-735.0,-120.0,-817.0,-235.0
-9.0,,190.0,-389.0,-176.0,158.0,-713.0,-360.0,-842.0,-203.0
-10.0,,163.0,-451.0,-205.0,79.0,-719.0,-151.0,-837.0,-169.0
5.0,,130.0,-411.0,-204.0,-85.0,-715.0,-55.0,-785.0,-122.0
73.0,,136.0,-328.0,-170.0,-87.0,-701.0,-179.0,-739.0,-40.0
112.0,,149.0,-252.0,-132.0,126.0,-679.0,114.0,-666.0,61.0
108.0,,171.0,-235.0,-111.0,237.0,-670.0,-201.0,-558.0,200.0
129.0,,200.0,-322.0,-131.0,8.0,-654.0,33.0,-435.0,357.0
205.0,,249.0,-307.0,-178.0,-31.0,-663.0,-123.0,-318.0,507.0
234.0,,269.0,-268.0,-227.0,144.0,-698.0,-53.0,-217.0,654.0
209.0,,317.0,-285.0,-245.0,38.0,-693.0,184.0,-123.0,752.0
212.0,,346.0,-228.0,-220.0,-165.0,-682.0,-24.0,-63.0,788.0
241.0,,336.0,-205.0,-158.0,-142.0,-685.0,325.0,-23.0,783.0
233.0,,349.0,-218.0,-57.0,107.0,-696.0,-1.0,6.0,730.0
176.0,,307.0,-214.0,37.0,282.0,-710.0,92.0,20.0,628.0
128.0,,291.0,-198.0,115.0,56.0,-716.0,105.0,27.0,490.0
117.0,,279.0,-141.0,176.0,-56.0,-701.0,48.0,34.0,356.0
96.0,,235.0,-202.0,197.0,110.0,-676.0,454.0,31.0,223.0
55.0,,204.0,-304.0,182.0,106.0,-659.0,218.0,23.0,75.0
29.0,,141.0,-327.0,134.0,-18.0,-637.0,473.0,5.0,-36.0
51.0,,75.0,-436.0,71.0,-87.0,-614.0,256.0,-27.0,-114.0
93.0,,7.0,-533.0,11.0,64.0,-566.0,221.0,-61.0,-139.0
83.0,,-75.0,-554.0,-46.0,192.0,-545.0,371.0,-100.0,-127.0
87.0,,-125.0,-602.0,-86.0,-41.0,-571.0,179.0,-128.0,-135.0
139.0,,-174.0,-541.0,-90.0,-143.0,-565.0,550.0,-134.0,-100.0
168.0,,-225.0,-422.0,-58.0,137.0,-546.0,317.0,-130.0,-42.0
169.0,,-251.0,-349.0,-27.0,283.0,-529.0,545.0,-121.0,9.0
164.0,,-265.0,-250.0,-22.0,130.0,-508.0,552.0,-131.0,78.0
169.0,,-257.0,-241.0,-25.0,-15.0,-471.0,406.0,-159.0,144.0
188.0,,-226.0,-260.0,-50.0,93.0,-464.0,667.0,-189.0,233.0
195.0,,-188.0,-226.0,-101.0,276.0,-470.0,391.0,-225.0,333.0
195.0,,-158.0,-221.0,-179.0,108.0,-463.0,748.0,-230.0,437.0
249.0,,-122.0,-224.0,-255.0,-24.0,-460.0,637.0,-210.0,550.0
315.0,,-84.0,-239.0,-275.0,209.0,-436.0,668.0,-188.0,664.0
316.0,,-60.0,-253.0,-242.0,325.0,-431.0,731.0,-131.0,748.0
305.0,,-27.0,-228.0,-199.0,206.0,-407.0,399.0,-45.0,787.0
343.0,,-20.0,-214.0,-175.0,43.0,-408.0,683.0,60.0,804.0
378.0,,-22.0,-299.0,-155.0,129.0,-437.0,376.0,174.0,817.0
374.0,,-1.0,-299.0,-122.0,353.0,-434.0,532.0,278.0,835.0
350.0,,-23.0,-192.0,-92.0,231.0,-425.0,474.0,378.0,838.0
344.0,,-41.0,-122.0,-53.0,18.0,-403.0,349.0,453.0,860.0
342.0,,-27.0,-138.0,-3.0,88.0,-380.0,624.0,490.0,896.0
317.0,,-37.0,-218.0,33.0,197.0,-352.0,315.0,505.0,935.0
291.0,,-39.0,-256.0,33.0,52.0,-361.0,582.0,490.0,984.0
236.0,,-29.0,-251.0,-20.0,-98.0,-392.0,395.0,444.0,1030.0
166.0,,-36.0,-259.0,-96.0,7.0,-385.0,493.0,392.0,1048.0
71.0,,-51.0,-349.0,-150.0,225.0,-387.0,696.0,322.0,1026.0
-23.0,,-55.0,-361.0,-170.0,121.0,-394.0,519.0,235.0,962.0
-90.0,,-58.0,-466.0,-176.0,-132.0,-369.0,807.0,141.0,829.0
-164.0,,-77.0,-652.0,-166.0,24.0,-345.0,386.0,40.0,661.0
-261.0,,-61.0,-671.0,-142.0,162.0,-335.0,485.0,-45.0,472.0
-353.0,,-65.0,-712.0,-124.0,10.0,-311.0,423.0,-121.0,277.0
-403.0,,-69.0,-741.0,-95.0,-191.0,-289.0,308.0,-202.0,115.0
-450.0,,-26.0,-776.0,-65.0,-181.0,-243.0,617.0,-299.0,-24.0
-483.0,,-5.0,-775.0,-54.0,43.0,-187.0,351.0,-412.0,-120.0
-491.0,,61.0,-751.0,-72.0,-40.0,-173.0,626.0,-511.0,-161.0
-471.0,,123.0,-653.0,-99.0,-236.0,-151.0,402.0,-603.0,-168.0
-416.0,,193.0,-515.0,-126.0,-162.0,-135.0,424.0,-679.0,-160.0
-361.0,,272.0,-411.0,-158.0,-94.0,-153.0,545.0,-741.0,-153.0
-327.0,,311.0,-287.0,-172.0,-163.0,-180.0,349.0,-808.0,-168.0
-285.0,,361.0,-375.0,-177.0,-312.0,-204.0,744.0,-833.0,-202.0
-196.0,,367.0,-352.0,-177.0,-342.0,-194.0,504.0,-839.0,-236.0
-151.0,,367.0,-143.0,-186.0,-146.0,-192.0,724.0,-825.0,-273.0
-162.0,,361.0,-77.0,-211.0,-210.0,-186.0,676.0,-775.0,-299.0
-150.0,,334.0,-66.0,-224.0,-507.0,-156.0,493.0,-701.0,-310.0
-79.0,,260.0,-110.0,-208.0,-456.0,-139.0,692.0,-585.0,-307.0
-7.0,,184.0,-200.0,-129.0,-296.0,-134.0,363.0,-447.0,-295.0
-29.0,,116.0,-166.0,12.0,-411.0,-99.0,644.0,-292.0,-295.0
-39.0,,11.0,-124.0,161.0,-615.0,-44.0,482.0,-144.0,-303.0
28.0,,-74.0,-145.0,263.0,-594.0,-26.0,569.0,8.0,-309.0
58.0,,-174.0,-154.0,301.0,-371.0,-18.0,689.0,157.0,-304.0
17.0,,-249.0,-204.0,284.0,-426.0,-11.0,474.0,280.0,-252.0
-27.0,,-329.0,-156.0,234.0,-709.0,-14.0,764.0,375.0,-164.0
-34.0,,-399.0,-138.0,190.0,-664.0,3.0,447.0,434.0,-56.0
-1.0,,-418.0,-227.0,189.0,-509.0,3.0,683.0,491.0,94.0
-17.0,,-464.0,-265.0,242.0,-608.0,-15.0,591.0,523.0,249.0
-73.0,,-478.0,-259.0,303.0,-758.0,32.0,515.0,538.0,390.0
-96.0,,-468.0,-254.0,326.0,-830.0,74.0,853.0,536.0,536.0
-95.0,,-473.0,-247.0,299.0,-730.0,68.0,594.0,490.0,662.0
-83.0,,-454.0,-193.0,213.0,-719.0,84.0,892.0,430.0,758.0
-101.0,,-427.0,-241.0,75.0,-966.0,83.0,593.0,366.0,823.0
-105.0,,-419.0,-315.0,-72.0,-967.0,91.0,628.0,288.0,845.0
-68.0,,-383.0,-297.0,-197.0,-799.0,95.0,718.0,199.0,802.0
-25.0,,-336.0,-264.0,-283.0,-853.0,88.0,489.0,121.0,701.0
23.0,,-308.0,-276.0,-330.0,-1003.0,82.0,783.0,65.0,532.0
70.0,,-247.0,-328.0,-365.0,-1045.0,66.0,450.0,45.0,284.0
138.0,,-190.0,-380.0,-415.0,-825.0,83.0,670.0,54.0,9.0
194.0,,-146.0,-388.0,-455.0,-671.0,51.0,556.0,70.0,-281.0
200.0,,-107.0,-410.0,-470.0,-908.0,31.0,502.0,85.0,-575.0
189.0,,-83.0,-452.0,-447.0,-974.0,74.0,711.0,124.0,-832.0
183.0,,-49.0,-381.0,-364.0,-696.0,106.0,369.0,172.0,-1008.0
183.0,,-19.0,-394.0,-223.0,-669.0,159.0,681.0,218.0,-1102.0
148.0,,-21.0,-462.0,-61.0,-867.0,193.0,471.0,265.0,-1130.0
76.0,,-21.0,-522.0,76.0,-934.0,210.0,622.0,282.0,-1088.0
29.0,,0.0,-593.0,193.0,-818.0,231.0,689.0,292.0,-1020.0
21.0,,3.0,-588.0,279.0,-728.0,255.0,467.0,280.0,-909.0
-5.0,,29.0,-702.0,323.0,-918.0,282.0,711.0,255.0,-788.0
-64.0,,58.0,-766.0,326.0,-951.0,272.0,325.0,234.0,-677.0
-111.0,,104.0,-757.0,284.0,-726.0,264.0,519.0,220.0,-560.0
-119.0,,167.0,-862.0,230.0,-717.0,289.0,345.0,249.0,-474.0
-131.0,,207.0,-878.0,181.0,-837.0,313.0,269.0,285.0,-383.0
-155.0,,277.0,-782.0,122.0,-887.0,297.0,513.0,334.0,-293.0
-149.0,,338.0,-742.0,46.0,-733.0,291.0,256.0,391.0,-229.0
-155.0,,388.0,-723.0,-18.0,-561.0,308.0,539.0,426.0,-170.0
-161.0,,458.0,-546.0,-40.0,-740.0,289.0,212.0,450.0,-124.0
-160.0,,512.0,-356.0,-15.0,-866.0,268.0,254.0,465.0,-92.0
-170.0,,568.0,-286.0,36.0,-677.0,265.0,267.0,465.0,-42.0
-175.0,,605.0,-103.0,106.0,-625.0,264.0,68.0,446.0,20.0
-176.0,,589.0,14.0,166.0,-742.0,257.0,362.0,406.0,87.0
-168.0,,599.0,-74.0,172.0,-778.0,236.0,35.0,352.0,190.0
-166.0,,585.0,-81.0,114.0,-634.0,242.0,288.0,298.0,325.0
-147.0,,527.0,-57.0,3.0,-428.0,249.0,175.0,223.0,468.0
-127.0,,502.0,-12.0,-118.0,-567.0,271.0,103.0,157.0,612.0
-149.0,,431.0,50.0,-203.0,-732.0,285.0,282.0,93.0,755.0
-178.0,,366.0,-84.0,-248.0,-493.0,263.0,-14.0,24.0,870.0
-201.0,,329.0,-199.0,-244.0,-362.0,288.0,288.0,-45.0,969.0
-243.0,,256.0,-190.0,-204.0,-538.0,285.0,55.0,-138.0,1050.0
-309.0,,207.0,-264.0,-159.0,-667.0,246.0,186.0,-209.0,1063.0
-363.0,,182.0,-304.0,-105.0,-576.0,247.0,236.0,-281.0,1044.0
-388.0,,179.0,-274.0,-35.0,-404.0,245.0,64.0,-345.0,985.0
-396.0,,170.0,-207.0,40.0,-493.0,275.0,293.0,-380.0,860.0
-401.0,,171.0,-179.0,90.0,-582.0,322.0,-96.0,-403.0,707.0
-406.0,,202.0,-230.0,106.0,-354.0,328.0,145.0,-420.0,542.0
-402.0,,211.0,-132.0,100.0,-265.0,352.0,18.0,-451.0,378.0
-383.0,,249.0,-47.0,93.0,-405.0,398.0,0.0,-478.0,205.0
-395.0,,292.0,-59.0,105.0,-510.0,406.0,260.0,-503.0,56.0
-414.0,,341.0,57.0,121.0,-415.0,399.0,25.0,-521.0,-50.0
-403.0,,395.0,96.0,127.0,-204.0,407.0,345.0,-508.0,-155.0
-392.0,,438.0,-23.0,119.0,-270.0,412.0,86.0,-489.0,-230.0
-394.0,,494.0,-20.0,75.0,-366.0,404.0,192.0,-469.0,-268.0
-396.0,,517.0,-18.0,-18.0,-208.0,394.0,199.0,-425.0,-293.0
-351.0,,547.0,-24.0,-133.0,-103.0,403.0,24.0,-366.0,-317.0
-312.0,,565.0,93.0,-232.0,-175.0,411.0,306.0,-291.0,-301.0
-291.0,,551.0,136.0,-274.0,-313.0,400.0,-35.0,-208.0,-260.0
-276.0,,535.0,197.0,-251.0,-290.0,411.0,203.0,-137.0,-192.0
-245.0,,515.0,186.0,-176.0,-104.0,432.0,62.0,-87.0,-72.0
-179.0,,453.0,39.0,-74.0,-176.0,448.0,9.0,-47.0,36.0
-148.0,,394.0,34.0,17.0,-446.0,494.0,190.0,10.0,140.0
-98.0,,356.0,-8.0,72.0,-417.0,543.0,-101.0,68.0,237.0
-25.0,,302.0,-81.0,78.0,-230.0,581.0,184.0,129.0,295.0
16.0,,247.0,-57.0,71.0,-271.0,605.0,-49.0,187.0,327.0
47.0,,188.0,-113.0,73.0,-425.0,626.0,62.0,251.0,316.0
75.0,,139.0,-124.0,79.0,-407.0,637.0,48.0,334.0,258.0
105.0,,81.0,-31.0,78.0,-213.0,615.0,-112.0,408.0,196.0
103.0,,43.0,-65.0,48.0,-243.0,585.0,171.0,471.0,103.0
70.0,,-6.0,-259.0,-2.0,-500.0,566.0,-131.0,506.0,-29.0
30.0,,-30.0,-367.0,-60.0,-467.0,540.0,155.0,516.0,-125.0
18.0,,-65.0,-464.0,-112.0,-302.0,493.0,11.0,502.0,-204.0
14.0,,-123.0,-623.0,-140.0,-385.0,477.0,-66.0,455.0,-284.0
11.0,,-121.0,-777.0,-125.0,-534.0,493.0,57.0,393.0,-322.0
32.0,,-144.0,-899.0,-69.0,-554.0,494.0,-256.0,323.0,-372.0
51.0,,-128.0,-896.0,9.0,-400.0,498.0,90.0,242.0,-435.0
85.0,,-124.0,-903.0,71.0,-353.0,521.0,-73.0,169.0,-471.0
104.0,,-121.0,-781.0,97.0,-554.0,573.0,96.0,95.0,-571.0
76.0,,-85.0,-695.0,98.0,-538.0,622.0,90.0,20.0,-666.0
61.0,,-65.0,-730.0,68.0,-383.0,671.0,-116.0,-30.0,-707.0
65.0,,-32.0,-658.0,27.0,-451.0,701.0,99.0,-87.0,-767.0
50.0,,-33.0,-679.0,-18.0,-621.0,702.0,-277.0,-156.0,-755.0
6.0,,-17.0,-724.0,-72.0,-702.0,753.0,-14.0,-199.0,-695.0
-23.0,,-7.0,-670.0,-119.0,-448.0,791.0,-118.0,-212.0,-617.0
5.0,,-15.0,-596.0,-134.0,-321.0,796.0,-131.0,-205.0,-486.0
36.0,,-13.0,-553.0,-118.0,-625.0,786.0,57.0,-144.0,-322.0
25.0,,-4.0,-588.0,-99.0,-650.0,771.0,-206.0,-56.0,-165.0
10.0,,0.0,-612.0,-81.0,-374.0,790.0,112.0,41.0,-27.0
0.0,,-9.0,-544.0,-80.0,-350.0,804.0,-175.0,168.0,89.0
-5.0,,2.0,-590.0,-72.0,-573.0,833.0,-51.0,283.0,142.0
-12.0,,0.0,-601.0,-42.0,-659.0,894.0,-31.0,368.0,152.0
-22.0,,0.0,-550.0,7.0,-499.0,924.0,-253.0,423.0,135.0
-31.0,,7.0,-579.0,80.0,-469.0,939.0,-20.0,431.0,85.0
-45.0,,4.0,-573.0,129.0,-682.0,959.0,-341.0,415.0,13.0
-48.0,,17.0,-659.0,135.0,-715.0,944.0,-16.0,384.0,-63.0
-20.0,,25.0,-692.0,79.0,-503.0,934.0,-35.0,328.0,-161.0
24.0,,42.0,-629.0,-11.0,-421.0,948.0,84.0,272.0,-262.0
63.0,,62.0,-612.0,-73.0,-519.0,953.0,299.0,202.0,-352.0
99.0,,85.0,-611.0,-80.0,-646.0,950.0,-12.0,127.0,-432.0
156.0,,109.0,-711.0,-22.0,-617.0,950.0,284.0,48.0,-472.0
202.0,,111.0,-726.0,74.0,-528.0,973.0,5.0,-39.0,-491.0
220.0,,125.0,-546.0,165.0,-674.0,981.0,138.0,-98.0,-469.0
239.0,,126.0,-498.0,211.0,-757.0,985.0,138.0,-124.0,-422.0
253.0,,92.0,-509.0,190.0,-653.0,989.0,5.0,-121.0,-357.0
248.0,,71.0,-504.0,123.0,-612.0,1005.0,299.0,-95.0,-261.0
243.0,,32.0,-514.0,43.0,-720.0,1032.0,16.0,-54.0,-153.0
249.0,,-4.0,-487.0,-37.0,-911.0,1072.0,334.0,-14.0,-33.0
255.0,,-6.0,-485.0,-120.0,-791.0,1101.0,171.0,23.0,80.0
250.0,,-35.0,-446.0,-215.0,-601.0,1048.0,142.0,49.0,168.0
216.0,,-53.0,-505.0,-286.0,-832.0,1009.0,273.0,37.0,223.0
196.0,,-46.0,-638.0,-298.0,-1010.0,991.0,-20.0,9.0,262.0
223.0,,-42.0,-685.0,-257.0,-809.0,957.0,303.0,-28.0,262.0
212.0,,-20.0,-608.0,-160.0,-724.0,942.0,64.0,-70.0,225.0
155.0,,-9.0,-610.0,-38.0,-935.0,931.0,201.0,-107.0,182.0
115.0,,1.0,-826.0,65.0,-1009.0,930.0,158.0,-154.0,97.0
105.0,,16.0,-951.0,128.0,-790.0,916.0,-16.0,-209.0,5.0
70.0,,40.0,-907.0,161.0,-611.0,911.0,194.0,-282.0,-77.0
-6.0,,40.0,-805.0,170.0,-780.0,908.0,-144.0,-364.0,-139.0
-35.0,,46.0,-675.0,176.0,-955.0,895.0,145.0,-464.0,-156.0
-49.0,,54.0,-640.0,201.0,-825.0,866.0,31.0,-562.0,-153.0
-93.0,,36.0,-639.0,216.0,-757.0,860.0,121.0,-625.0,-121.0
-109.0,,31.0,-633.0,191.0,-895.0,886.0,293.0,-663.0,-56.0
-112.0,,2.0,-685.0,116.0,-1032.0,908.0,3.0,-679.0,48.0
-104.0,,21.0,-597.0,25.0,-1014.0,944.0,271.0,-666.0,171.0
-84.0,,10.0,-570.0,-46.0,-819.0,964.0,-73.0,-614.0,276.0
-77.0,,-3.0,-569.0,-92.0,-755.0,963.0,57.0,-544.0,323.0
-30.0,,16.0,-430.0,-97.0,-900.0,955.0,81.0,-457.0,287.0
69.0,,-24.0,-363.0,-79.0,-865.0,983.0,29.0,-360.0,219.0
125.0,,-44.0,-259.0,-53.0,-755.0,1020.0,341.0,-286.0,106.0
156.0,,-52.0,-222.0,-28.0,-813.0,1044.0,29.0,-221.0,-46.0
264.0,,-67.0,-219.0,6.0,-871.0,1065.0,269.0,-166.0,-198.0
391.0,,-66.0,-200.0,68.0,-793.0,1052.0,29.0,-111.0,-337.0
460.0,,-38.0,-167.0,165.0,-627.0,1009.0,62.0,-43.0,-473.0
479.0,,-38.0,-2.0,287.0,-705.0,973.0,227.0,13.0,-599.0
537.0,,-13.0,73.0,381.0,-882.0,973.0,12.0,60.0,-717.0
602.0,,34.0,44.0,417.0,-715.0,950.0,332.0,91.0,-829.0
569.0,,58.0,18.0,389.0,-579.0,911.0,46.0,122.0,-889.0
516.0,,96.0,-84.0,306.0,-736.0,903.0,223.0,159.0,-942.0
504.0,,90.0,-252.0,179.0,-846.0,909.0,158.0,192.0,-957.0
497.0,,101.0,-282.0,37.0,-721.0,874.0,64.0,214.0,-902.0
435.0,,90.0,-139.0,-55.0,-475.0,809.0,297.0,224.0,-845.0
319.0,,63.0,11.0,-101.0,-502.0,836.0,1.0,235.0,-747.0
235.0,,41.0,10.0,-119.0,-728.0,848.0,297.0,227.0,-611.0
223.0,,-14.0,-45.0,-124.0,-626.0,794.0,79.0,240.0,-451.0
199.0,,-53.0,-83.0,-133.0,-459.0,768.0,212.0,274.0,-266.0
80.0,,-124.0,-275.0,-141.0,-550.0,732.0,384.0,300.0,-64.0
-2.0,,-198.0,-358.0,-135.0,-680.0,715.0,179.0,331.0,130.0
12.0,,-248.0,-442.0,-123.0,-690.0,700.0,480.0,345.0,285.0
22.0,,-320.0,-749.0,-136.0,-490.0,670.0,151.0,347.0,404.0
-46.0,,-368.0,-938.0,-151.0,-383.0,627.0,319.0,363.0,504.0
-127.0,,-385.0,-1004.0,-166.0,-543.0,568.0,203.0,367.0,600.0
-131.0,,-425.0,-1091.0,-170.0,-483.0,564.0,120.0,358.0,624.0
-159.0,,-446.0,-1172.0,-134.0,-277.0,557.0,362.0,353.0,603.0
-233.0,,-452.0,-1182.0,-85.0,-335.0,520.0,49.0,323.0,564.0
-255.0,,-462.0,-1135.0,-23.0,-494.0,491.0,360.0,289.0,466.0
-235.0,,-458.0,-1070.0,69.0,-518.0,481.0,177.0,280.0,374.0
-224.0,,-465.0,-1013.0,196.0,-342.0,475.0,312.0,263.0,288.0
-236.0,,-445.0,-842.0,347.0,-231.0,415.0,432.0,262.0,169.0
-237.0,,-428.0,-617.0,478.0,-388.0,378.0,214.0,266.0,66.0
-204.0,,-392.0,-526.0,536.0,-404.0,372.0,517.0,265.0,-14.0
-186.0,,-369.0,-426.0,504.0,-249.0,350.0,208.0,272.0,-153.0
-229.0,,-351.0,-429.0,416.0,-293.0,338.0,421.0,264.0,-269.0
-276.0,,-304.0,-656.0,301.0,-432.0,344.0,349.0,236.0,-369.0
-261.0,,-286.0,-860.0,180.0,-502.0,357.0,321.0,191.0,-512.0
-262.0,,-240.0,-930.0,65.0,-354.0,354.0,533.0,141.0,-602.0
-309.0,,-217.0,-925.0,-36.0,-197.0,394.0,151.0,88.0,-681.0
-321.0,,-187.0,-937.0,-108.0,-442.0,426.0,343.0,40.0,-732.0
-284.0,,-141.0,-981.0,-133.0,-532.0,389.0,36.0,11.0,-716.0
-274.0,,-101.0,-1038.0,-110.0,-321.0,360.0,186.0,0.0,-682.0
-302.0,,-22.0,-1056.0,-62.0,-323.0,344.0,317.0,34.0,-637.0
-280.0,,63.0,-971.0,-7.0,-429.0,313.0,116.0,93.0,-549.0
-214.0,,134.0,-813.0,40.0,-494.0,300.0,417.0,146.0,-456.0
-183.0,,218.0,-592.0,56.0,-394.0,291.0,92.0,209.0,-381.0
-182.0,,288.0,-446.0,60.0,-253.0,281.0,290.0,269.0,-274.0
-143.0,,335.0,-449.0,50.0,-350.0,244.0,129.0,331.0,-168.0
-70.0,,400.0,-466.0,16.0,-362.0,192.0,70.0,363.0,-70.0
-9.0,,406.0,-403.0,-21.0,-172.0,186.0,282.0,370.0,4.0
6.0,,423.0,-422.0,-79.0,-137.0,173.0,7.0,374.0,44.0
33.0,,459.0,-460.0,-136.0,-270.0,148.0,332.0,358.0,71.0
124.0,,449.0,-380.0,-164.0,-335.0,141.0,44.0,329.0,107.0
170.0,,472.0,-392.0,-161.0,-218.0,155.0,153.0,290.0,157.0
163.0,,498.0,-525.0,-117.0,-56.0,151.0,121.0,246.0,221.0
152.0,,523.0,-659.0,-38.0,-171.0,157.0,-177.0,202.0,327.0
183.0,,547.0,-777.0,59.0,-252.0,192.0,110.0,134.0,424.0
231.0,,533.0,-935.0,162.0,-50.0,224.0,-186.0,62.0,540.0
225.0,,506.0,-968.0,248.0,47.0,258.0,94.0,0.0,626.0
204.0,,477.0,-968.0,297.0,-12.0,277.0,-7.0,-92.0,633.0
226.0,,430.0,-1010.0,314.0,-84.0,291.0,-57.0,-159.0,639.0
286.0,,394.0,-968.0,298.0,-15.0,280.0,77.0,-205.0,596.0
288.0,,362.0,-968.0,267.0,166.0,285.0,-225.0,-235.0,498.0
267.0,,329.0,-889.0,256.0,105.0,324.0,60.0,-229.0,386.0
268.0,,313.0,-865.0,287.0,-33.0,309.0,-223.0,-225.0,263.0
275.0,,296.0,-878.0,324.0,158.0,253.0,-29.0,-209.0,157.0
276.0,,294.0,-711.0,332.0,289.0,237.0,1.0,-193.0,97.0
257.0,,310.0,-588.0,294.0,169.0,227.0,-181.0,-175.0,67.0
275.0,,329.0,-426.0,188.0,88.0,214.0,83.0,-152.0,63.0
305.0,,345.0,-152.0,58.0,78.0,227.0,-304.0,-122.0,103.0
329.0,,358.0,-107.0,-55.0,218.0,221.0,-84.0,-80.0,179.0
328.0,,388.0,-114.0,-132.0,195.0,232.0,-286.0,-43.0,292.0
310.0,,405.0,23.0,-176.0,77.0,254.0,-297.0,-10.0,439.0
308.0,,387.0,44.0,-213.0,223.0,295.0,-84.0,29.0,576.0
294.0,,380.0,41.0,-247.0,296.0,331.0,-323.0,81.0,699.0
259.0,,378.0,-31.0,-303.0,276.0,341.0,16.0,125.0,815.0
214.0,,339.0,-110.0,-361.0,195.0,333.0,-267.0,161.0,914.0
162.0,,310.0,-77.0,-385.0,125.0,310.0,-94.0,179.0,996.0
104.0,,275.0,-190.0,-357.0,324.0,333.0,-107.0,170.0,1014.0
50.0,,228.0,-273.0,-272.0,375.0,337.0,-245.0,156.0,971.0
33.0,,216.0,-301.0,-138.0,182.0,325.0,42.0,104.0,879.0
7.0,,181.0,-435.0,25.0,214.0,308.0,-286.0,37.0,724.0
-66.0,,158.0,-588.0,175.0,288.0,275.0,3.0,-20.0,531.0
-96.0,,146.0,-742.0,283.0,202.0,255.0,-223.0,-86.0,342.0
-87.0,,113.0,-861.0,320.0,64.0,227.0,-295.0,-126.0,129.0
-56.0,,96.0,-930.0,290.0,-50.0,193.0,-221.0,-152.0,-72.0
-32.0,,35.0,-871.0,244.0,116.0,163.0,-471.0,-167.0,-190.0
-33.0,,-4.0,-756.0,193.0,180.0,172.0,-140.0,-143.0,-253.0
10.0,,-37.0,-746.0,147.0,-31.0,153.0,-432.0,-111.0,-253.0
45.0,,-116.0,-682.0,114.0,81.0,121.0,-245.0,-52.0,-203.0
36.0,,-165.0,-588.0,67.0,221.0,144.0,-336.0,20.0,-128.0
30.0,,-246.0,-629.0,9.0,80.0,159.0,-498.0,96.0,-19.0
26.0,,-300.0,-616.0,-54.0,-68.0,131.0,-236.0,181.0,110.0
43.0,,-351.0,-557.0,-114.0,-133.0,92.0,-541.0,248.0,254.0
57.0,,-431.0,-588.0,-156.0,6.0,94.0,-232.0,304.0,390.0
59.0,,-436.0,-584.0,-169.0,64.0,88.0,-421.0,344.0,506.0
85.0,,-465.0,-535.0,-153.0,-127.0,85.0,-399.0,366.0,595.0
108.0,,-492.0,-505.0,-123.0,-117.0,101.0,-275.0,379.0,655.0
115.0,,-488.0,-574.0,-71.0,43.0,98.0,-522.0,375.0,700.0
120.0,,-495.0,-652.0,-20.0,33.0,90.0,-203.0,347.0,699.0
154.0,,-499.0,-594.0,6.0,-82.0,98.0,-447.0,322.0,681.0
204.0,,-491.0,-529.0,5.0,-158.0,123.0,-210.0,283.0,658.0
245.0,,-477.0,-597.0,-24.0,-17.0,106.0,-277.0,242.0,600.0
298.0,,-474.0,-704.0,-68.0,86.0,68.0,-426.0,219.0,572.0
374.0,,-438.0,-647.0,-123.0,-118.0,39.0,-184.0,178.0,550.0
468.0,,-408.0,-646.0,-158.0,-191.0,4.0,-484.0,153.0,508.0
558.0,,-368.0,-772.0,-161.0,10.0,-11.0,-145.0,134.0,489.0
626.0,,-308.0,-765.0,-173.0,83.0,1.0,-330.0,112.0,454.0
658.0,,-244.0,-846.0,-185.0,12.0,6.0,-297.0,108.0,408.0
670.0,,-174.0,-1040.0,-150.0,-26.0,-26.0,-201.0,107.0,363.0
691.0,,-119.0,-1098.0,-78.0,123.0,-18.0,-452.0,127.0,276.0
708.0,,-51.0,-1135.0,-6.0,315.0,2.0,-140.0,160.0,174.0
669.0,,13.0,-1240.0,32.0,86.0,-46.0,-399.0,191.0,49.0
601.0,,38.0,-1279.0,65.0,-7.0,-82.0,-133.0,213.0,-86.0
554.0,,83.0,-1163.0,124.0,217.0,-79.0,-177.0,212.0,-199.0
525.0,,110.0,-1037.0,186.0,186.0,-83.0,-299.0,197.0,-296.0
466.0,,84.0,-914.0,236.0,139.0,-96.0,-70.0,170.0,-358.0
344.0,,101.0,-796.0,249.0,95.0,-136.0,-328.0,150.0,-367.0
233.0,,70.0,-738.0,236.0,152.0,-193.0,44.0,123.0,-327.0
168.0,,25.0,-595.0,224.0,291.0,-258.0,-145.0,100.0,-288.0
98.0,,0.0,-493.0,217.0,171.0,-293.0,-86.0,82.0,-224.0
-8.0,,-39.0,-431.0,214.0,129.0,-290.0,18.0,66.0,-144.0
-92.0,,-55.0,-410.0,230.0,297.0,-327.0,-188.0,70.0,-98.0
-117.0,,-82.0,-507.0,258.0,344.0,-339.0,147.0,68.0,-49.0
-147.0,,-70.0,-557.0,284.0,254.0,-316.0,-103.0,77.0,-29.0
-204.0,,-51.0,-641.0,289.0,159.0,-344.0,145.0,84.0,-63.0
-225.0,,-42.0,-687.0,272.0,250.0,-381.0,42.0,72.0,-108.0
-195.0,,-2.0,-726.0,236.0,515.0,-408.0,-105.0,53.0,-174.0
-195.0,,28.0,-881.0,158.0,417.0,-394.0,168.0,20.0,-256.0
-252.0,,61.0,-986.0,60.0,201.0,-403.0,-72.0,7.0,-323.0
-302.0,,98.0,-1089.0,-37.0,355.0,-441.0,219.0,4.0,-407.0
-285.0,,100.0,-1163.0,-118.0,487.0,-422.0,-14.0,-8.0,-474.0
-254.0,,105.0,-1135.0,-172.0,384.0,-428.0,29.0,-8.0,-502.0
-276.0,,115.0,-1115.0,-186.0,243.0,-460.0,129.0,16.0,-541.0
-321.0,,104.0,-1180.0,-160.0,290.0,-461.0,-20.0,33.0,-539.0
-319.0,,100.0,-1248.0,-102.0,472.0,-417.0,330.0,43.0,-463.0
-283.0,,91.0,-1237.0,-17.0,342.0,-385.0,35.0,69.0,-365.0
-313.0,,85.0,-1319.0,54.0,104.0,-390.0,242.0,97.0,-224.0
-356.0,,69.0,-1444.0,122.0,288.0,-355.0,97.0,150.0,-41.0
-335.0,,38.0,-1372.0,184.0,455.0,-317.0,-25.0,216.0,130.0
-283.0,,10.0,-1229.0,225.0,398.0,-308.0,212.0,285.0,328.0
-281.0,,0.0,-1118.0,257.0,294.0,-324.0,-94.0,344.0,521.0
-299.0,,-35.0,-1039.0,251.0,211.0,-361.0,243.0,378.0,672.0
-254.0,,-61.0,-970.0,202.0,354.0,-422.0,59.0,405.0,791.0
-205.0,,-34.0,-891.0,116.0,318.0,-483.0,142.0,408.0,846.0
-186.0,,-53.0,-812.0,21.0,113.0,-484.0,279.0,395.0,870.0
-175.0,,-41.0,-608.0,-49.0,191.0,-501.0,120.0,362.0,868.0
-134.0,,-41.0,-436.0,-91.0,292.0,-540.0,428.0,310.0,803.0
-73.0,,-57.0,-404.0,-97.0,273.0,-543.0,136.0,252.0,724.0
-49.0,,-25.0,-426.0,-102.0,202.0,-545.0,380.0,206.0,624.0
-50.0,,-43.0,-498.0,-130.0,180.0,-559.0,317.0,179.0,489.0
-19.0,,-34.0,-558.0,-152.0,349.0,-574.0,280.0,166.0,384.0
6.0,,-27.0,-647.0,-151.0,365.0,-568.0,482.0,186.0,320.0
-18.0,,-63.0,-666.0,-126.0,93.0,-545.0,136.0,208.0,268.0
-39.0,,-93.0,-652.0,-99.0,106.0,-535.0,448.0,232.0,255.0
-34.0,,-119.0,-754.0,-76.0,352.0,-550.0,219.0,239.0,306.0
-33.0,,-160.0,-840.0,-60.0,283.0,-555.0,303.0,224.0,348.0
-56.0,,-179.0,-927.0,-45.0,89.0,-566.0,421.0,186.0,394.0
-81.0,,-211.0,-974.0,-28.0,77.0,-594.0,260.0,121.0,457.0
-82.0,,-254.0,-946.0,-17.0,235.0,-589.0,600.0,47.0,499.0
-78.0,,-267.0,-1000.0,-8.0,237.0,-592.0,295.0,-57.0,543.0
-115.0,,-311.0,-1008.0,-19.0,56.0,-601.0,508.0,-172.0,549.0
-161.0,,-326.0,-965.0,-39.0,146.0,-584.0,406.0,-282.0,500.0
-152.0,,-335.0,-893.0,-76.0,267.0,-579.0,362.0,-368.0,409.0
-124.0,,-339.0,-739.0,-130.0,219.0,-560.0,578.0,-431.0,303.0
-97.0,,-321.0,-694.0,-190.0,219.0,-535.0,238.0,-484.0,188.0
-101.0,,-326.0,-677.0,-243.0,262.0,-514.0,509.0,-507.0,48.0
-99.0,,-317.0,-706.0,-254.0,367.0,-509.0,266.0,-532.0,-56.0
-53.0,,-320.0,-752.0,-225.0,435.0,-509.0,406.0,-542.0,-105.0
-53.0,,-325.0,-657.0,-159.0,271.0,-465.0,539.0,-543.0,-97.0
-77.0,,-318.0,-622.0,-94.0,148.0,-413.0,389.0,-524.0,-55.0
-54.0,,-309.0,-581.0,-33.0,248.0,-372.0,670.0,-482.0,0.0
-10.0,,-292.0,-494.0,26.0,315.0,-338.0,345.0,-452.0,74.0
2.0,,-252.0,-451.0,67.0,242.0,-318.0,617.0,-408.0,129.0
-7.0,,-232.0,-384.0,103.0,140.0,-302.0,508.0,-376.0,146.0
3.0,,-211.0,-352.0,119.0,229.0,-272.0,448.0,-374.0,165.0
16.0,,-170.0,-423.0,140.0,346.0,-250.0,630.0,-391.0,211.0
12.0,,-156.0,-492.0,180.0,201.0,-232.0,358.0,-428.0,204.0
-25.0,,-139.0,-448.0,207.0,112.0,-243.0,755.0,-459.0,220.0
-66.0,,-116.0,-393.0,199.0,283.0,-258.0,508.0,-480.0,275.0
-81.0,,-97.0,-434.0,174.0,323.0,-233.0,543.0,-490.0,277.0
-104.0,,-78.0,-545.0,160.0,230.0,-262.0,474.0,-493.0,293.0
-112.0,,-31.0,-608.0,160.0,196.0,-280.0,169.0,-476.0,309.0
-122.0,,13.0,-610.0,164.0,287.0,-260.0,461.0,-414.0,338.0
-101.0,,72.0,-692.0,156.0,401.0,-256.0,242.0,-346.0,384.0
-81.0,,139.0,-771.0,145.0,207.0,-245.0,591.0,-282.0,416.0
-102.0,,196.0,-812.0,137.0,116.0,-246.0,535.0,-179.0,441.0
-116.0,,265.0,-853.0,114.0,235.0,-254.0,493.0,-72.0,459.0
-134.0,,294.0,-893.0,49.0,225.0,-280.0,617.0,44.0,484.0
-153.0,,347.0,-929.0,-59.0,162.0,-303.0,243.0,167.0,473.0
-176.0,,363.0,-909.0,-182.0,89.0,-278.0,545.0,287.0,477.0
-174.0,,366.0,-906.0,-283.0,125.0,-250.0,349.0,405.0,477.0
-156.0,,396.0,-906.0,-318.0,264.0,-241.0,585.0,497.0,434.0
-125.0,,374.0,-927.0,-255.0,164.0,-216.0,746.0,585.0,407.0
-71.0,,378.0,-935.0,-139.0,-43.0,-224.0,539.0,642.0,372.0
-34.0,,356.0,-832.0,-31.0,106.0,-277.0,711.0,677.0,323.0
-13.0,,324.0,-704.0,50.0,271.0,-312.0,314.0,689.0,287.0
21.0,,314.0,-508.0,92.0,207.0,-304.0,489.0,680.0,231.0
80.0,,273.0,-346.0,96.0,100.0,-267.0,336.0,674.0,157.0
107.0,,249.0,-227.0,82.0,89.0,-240.0,354.0,632.0,110.0
124.0,,207.0,-150.0,73.0,267.0,-246.0,617.0,577.0,69.0
176.0,,154.0,-245.0,95.0,188.0,-260.0,404.0,490.0,38.0
228.0,,125.0,-320.0,135.0,-16.0,-274.0,742.0,379.0,7.0
254.0,,73.0,-315.0,179.0,146.0,-306.0,419.0,274.0,-44.0
243.0,,25.0,-344.0,219.0,296.0,-305.0,452.0,149.0,-86.0
242.0,,14.0,-369.0,222.0,187.0,-269.0,498.0,20.0,-117.0
292.0,,-13.0,-411.0,189.0,54.0,-288.0,388.0,-110.0,-107.0
305.0,,-26.0,-548.0,157.0,89.0,-337.0,766.0,-217.0,-25.0
271.0,,-14.0,-656.0,140.0,268.0,-361.0,519.0,-298.0,77.0
268.0,,-24.0,-688.0,121.0,177.0,-363.0,742.0,-355.0,209.0
283.0,,0.0,-730.0,98.0,-18.0,-358.0,543.0,-373.0,370.0
263.0,,-1.0,-799.0,96.0,83.0,-337.0,399.0,-350.0,518.0
190.0,,-3.0,-875.0,104.0,181.0,-314.0,539.0,-283.0,678.0
140.0,,38.0,-890.0,97.0,137.0,-296.0,284.0,-195.0,817.0
122.0,,30.0,-936.0,55.0,35.0,-277.0,659.0,-82.0,931.0
101.0,,72.0,-920.0,-29.0,18.0,-306.0,450.0,17.0,1007.0
64.0,,110.0,-795.0,-147.0,217.0,-323.0,539.0,100.0,1002.0
19.0,,99.0,-728.0,-262.0,298.0,-314.0,587.0,160.0,960.0
-11.0,,115.0,-643.0,-341.0,116.0,-319.0,371.0,177.0,865.0
-56.0,,120.0,-597.0,-392.0,139.0,-308.0,591.0,190.0,726.0
-104.0,,115.0,-552.0,-417.0,299.0,-318.0,264.0,186.0,570.0
-140.0,,81.0,-519.0,-390.0,274.0,-345.0,508.0,192.0,398.0
-156.0,,47.0,-593.0,-323.0,183.0,-337.0,447.0,210.0,213.0
-153.0,,-7.0,-665.0,-239.0,132.0,-302.0,465.0,221.0,18.0
-162.0,,-55.0,-816.0,-148.0,323.0,-278.0,639.0,230.0,-108.0
-194.0,,-105.0,-996.0,-69.0,373.0,-264.0,293.0,237.0,-187.0
-162.0,,-178.0,-1072.0,3.0,127.0,-243.0,545.0,250.0,-207.0
-84.0,,-213.0,-1024.0,72.0,171.0,-221.0,243.0,262.0,-168.0
-74.0,,-242.0,-968.0,136.0,300.0,-230.0,360.0,265.0,-104.0
-102.0,,-285.0,-1019.0,203.0,227.0,-253.0,426.0,242.0,24.0
-100.0,,-308.0,-981.0,248.0,152.0,-261.0,258.0,197.0,154.0
-47.0,,-302.0,-890.0,263.0,110.0,-251.0,565.0,116.0,250.0
-29.0,,-320.0,-835.0,239.0,137.0,-241.0,218.0,1.0,304.0
-66.0,,-318.0,-740.0,173.0,184.0,-233.0,437.0,-116.0,304.0
-42.0,,-302.0,-640.0,87.0,86.0,-206.0,341.0,-245.0,244.0
-2.0,,-291.0,-568.0,-10.0,94.0,-210.0,363.0,-364.0,136.0
-26.0,,-261.0,-542.0,-89.0,265.0,-249.0,596.0,-461.0,17.0
-63.0,,-224.0,-502.0,-139.0,310.0,-234.0,299.0,-535.0,-108.0
-47.0,,-187.0,-442.0,-154.0,249.0,-172.0,591.0,-573.0,-244.0
-11.0,,-141.0,-460.0,-130.0,135.0,-169.0,273.0,-584.0,-400.0
-16.0,,-57.0,-557.0,-113.0,169.0,-194.0,349.0,-559.0,-562.0
-22.0,,-23.0,-688.0,-111.0,312.0,-172.0,347.0,-504.0,-700.0
10.0,,18.0,-814.0,-105.0,183.0,-126.0,184.0,-446.0,-815.0
46.0,,83.0,-883.0,-84.0,77.0,-91.0,580.0,-367.0,-927.0
30.0,,123.0,-950.0,-42.0,204.0,-96.0,325.0,-296.0,-1024.0
13.0,,157.0,-1014.0,0.0,169.0,-95.0,606.0,-237.0,-1080.0
42.0,,185.0,-1033.0,21.0,64.0,-79.0,426.0,-171.0,-1105.0
65.0,,207.0,-1053.0,20.0,22.0,-73.0,306.0,-126.0,-1128.0
61.0,,206.0,-961.0,-10.0,86.0,-61.0,448.0,-84.0,-1150.0
41.0,,220.0,-829.0,-60.0,262.0,-59.0,232.0,-60.0,-1137.0
58.0,,190.0,-788.0,-93.0,129.0,-56.0,700.0,-54.0,-1096.0
112.0,,169.0,-706.0,-99.0,-16.0,-50.0,532.0,-35.0,-1052.0
116.0,,159.0,-667.0,-69.0,160.0,-62.0,668.0,-6.0,-988.0
91.0,,123.0,-688.0,-34.0,216.0,-90.0,580.0,31.0,-873.0
108.0,,76.0,-661.0,-8.0,106.0,-97.0,264.0,76.0,-742.0
164.0,,32.0,-599.0,22.0,4.0,-84.0,528.0,107.0,-594.0
187.0,,13.0,-543.0,36.0,39.0,-96.0,291.0,125.0,-452.0
135.0,,-75.0,-512.0,37.0,185.0,-135.0,639.0,141.0,-300.0
126.0,,-156.0,-468.0,17.0,88.0,-163.0,563.0,132.0,-160.0
193.0,,-224.0,-495.0,0.0,-49.0,-170.0,574.0,98.0,-82.0
202.0,,-324.0,-593.0,14.0,53.0,-185.0,720.0,59.0,-14.0
149.0,,-396.0,-639.0,69.0,118.0,-174.0,376.0,25.0,23.0
152.0,,-465.0,-667.0,153.0,56.0,-168.0,630.0,-12.0,37.0
230.0,,-528.0,-716.0,218.0,-45.0,-211.0,343.0,-32.0,34.0
228.0,,-573.0,-754.0,265.0,-29.0,-212.0,559.0,-32.0,24.0
155.0,,-609.0,-833.0,285.0,164.0,-167.0,715.0,-37.0,22.0
143.0,,-629.0,-904.0,288.0,121.0,-162.0,648.0,-28.0,46.0
154.0,,-632.0,-977.0,295.0,-75.0,-148.0,966.0,-18.0,59.0
96.0,,-622.0,-1062.0,297.0,-22.0,-65.0,609.0,-10.0,29.0
-11.0,,-581.0,-1028.0,288.0,47.0,-15.0,744.0,-4.0,4.0
-39.0,,-538.0,-1064.0,255.0,23.0,-34.0,519.0,5.0,-38.0
-34.0,,-483.0,-1127.0,195.0,-98.0,-57.0,535.0,29.0,-108.0
-95.0,,-396.0,-1073.0,93.0,-144.0,-60.0,764.0,67.0,-183.0
-174.0,,-300.0,-1014.0,-33.0,54.0,-65.0,556.0,111.0,-241.0
-176.0,,-240.0,-934.0,-138.0,10.0,-41.0,881.0,162.0,-315.0
-122.0,,-144.0,-871.0,-200.0,-206.0,-10.0,519.0,218.0,-384.0
-128.0,,-46.0,-824.0,-229.0,-96.0,4.0,541.0,249.0,-403.0
-201.0,,3.0,-735.0,-221.0,17.0,19.0,463.0,276.0,-397.0
-210.0,,76.0,-652.0,-143.0,-50.0,-11.0,275.0,286.0,-378.0
-141.0,,83.0,-605.0,5.0,-165.0,-10.0,591.0,272.0,-355.0
-133.0,,110.0,-569.0,157.0,-258.0,-2.0,349.0,241.0,-339.0
-149.0,,113.0,-616.0,236.0,-93.0,-24.0,661.0,181.0,-355.0
-126.0,,58.0,-703.0,228.0,-46.0,-26.0,561.0,107.0,-430.0
-62.0,,39.0,-778.0,158.0,-226.0,-33.0,587.0,9.0,-542.0
-14.0,,-7.0,-837.0,70.0,-162.0,-43.0,742.0,-106.0,-672.0
0.0,,-51.0,-794.0,5.0,-47.0,-46.0,498.0,-227.0,-834.0
34.0,,-118.0,-793.0,-35.0,-98.0,-34.0,840.0,-356.0,-975.0
71.0,,-182.0,-878.0,-69.0,-158.0,-25.0,611.0,-483.0,-1092.0
119.0,,-192.0,-904.0,-106.0,-192.0,-28.0,777.0,-603.0,-1176.0
150.0,,-229.0,-826.0,-147.0,-112.0,-45.0,750.0,-685.0,-1205.0
173.0,,-259.0,-678.0,-167.0,8.0,-64.0,484.0,-746.0,-1189.0
221.0,,-243.0,-500.0,-160.0,-118.0,-76.0,655.0,-807.0,-1085.0
281.0,,-220.0,-389.0,-149.0,-79.0,-60.0,351.0,-834.0,-959.0
283.0,,-185.0,-377.0,-125.0,70.0,-30.0,624.0,-851.0,-802.0
248.0,,-155.0,-384.0,-69.0,-4.0,-45.0,524.0,-858.0,-613.0
264.0,,-114.0,-432.0,8.0,-56.0,-42.0,548.0,-816.0,-432.0
273.0,,-60.0,-546.0,96.0,-91.0,-25.0,657.0,-759.0,-254.0
234.0,,-40.0,-658.0,182.0,95.0,-41.0,362.0,-723.0,-109.0
177.0,,-15.0,-674.0,226.0,187.0,-76.0,631.0,-673.0,10.0
158.0,,0.0,-756.0,213.0,-64.0,-72.0,319.0,-632.0,93.0
143.0,,11.0,-887.0,179.0,-34.0,-73.0,478.0,-603.0,126.0
117.0,,31.0,-885.0,130.0,181.0,-105.0,533.0,-558.0,122.0
95.0,,42.0,-851.0,78.0,219.0,-99.0,471.0,-531.0,135.0
55.0,,37.0,-802.0,69.0,152.0,-99.0,748.0,-498.0,167.0
62.0,,37.0,-806.0,106.0,116.0,-66.0,336.0,-459.0,178.0
86.0,,43.0,-830.0,144.0,260.0,-28.0,458.0,-414.0,177.0
104.0,,19.0,-823.0,153.0,401.0,-13.0,160.0,-350.0,170.0
124.0,,8.0,-856.0,102.0,198.0,20.0,120.0,-286.0,163.0
156.0,,17.0,-849.0,5.0,106.0,79.0,290.0,-203.0,173.0
165.0,,12.0,-854.0,-93.0,289.0,136.0,79.0,-125.0,189.0
125.0,,-14.0,-849.0,-166.0,289.0,152.0,448.0,-53.0,203.0
109.0,,-47.0,-833.0,-200.0,207.0,205.0,164.0,19.0,233.0
83.0,,-62.0,-906.0,-206.0,111.0,264.0,273.0,69.0,242.0
57.0,,-87.0,-901.0,-192.0,153.0,294.0,203.0,100.0,259.0
59.0,,-93.0,-824.0,-168.0,314.0,314.0,24.0,110.0,272.0
67.0,,-94.0,-780.0,-153.0,198.0,342.0,328.0,101.0,278.0
78.0,,-80.0,-723.0,-145.0,138.0,406.0,51.0,98.0,299.0
68.0,,-42.0,-632.0,-123.0,313.0,423.0,299.0,105.0,304.0
25.0,,-20.0,-537.0,-77.0,335.0,441.0,110.0,108.0,325.0
-21.0,,14.0,-463.0,-21.0,279.0,455.0,49.0,117.0,340.0
-38.0,,61.0,-374.0,33.0,267.0,427.0,60.0,122.0,351.0
-53.0,,124.0,-281.0,64.0,331.0,451.0,-266.0,123.0,366.0
-74.0,,166.0,-270.0,53.0,497.0,461.0,49.0,129.0,380.0
-116.0,,225.0,-370.0,0.0,399.0,486.0,-205.0,129.0,412.0
-140.0,,294.0,-492.0,-100.0,198.0,526.0,-16.0,124.0,438.0
-131.0,,329.0,-626.0,-214.0,300.0,545.0,-40.0,109.0,454.0
-143.0,,397.0,-744.0,-293.0,386.0,578.0,-232.0,101.0,490.0
-151.0,,443.0,-843.0,-319.0,244.0,593.0,-7.0,91.0,521.0
-154.0,,497.0,-988.0,-304.0,104.0,629.0,-410.0,94.0,514.0
-129.0,,539.0,-1088.0,-271.0,171.0,652.0,-192.0,110.0,499.0
-98.0,,558.0,-1144.0,-224.0,316.0,675.0,-321.0,110.0,460.0
-92.0,,580.0,-1152.0,-193.0,191.0,688.0,-290.0,106.0,413.0
-47.0,,565.0,-1142.0,-212.0,62.0,659.0,-103.0,60.0,396.0
16.0,,559.0,-1073.0,-251.0,262.0,650.0,-352.0,-6.0,393.0
44.0,,521.0,-917.0,-259.0,306.0,633.0,-90.0,-87.0,411.0
51.0,,474.0,-867.0,-211.0,122.0,590.0,-515.0,-194.0,479.0
79.0,,415.0,-854.0,-124.0,-2.0,571.0,-491.0,-293.0,585.0
112.0,,351.0,-789.0,-48.0,-3.0,582.0,-576.0,-386.0,702.0
124.0,,297.0,-736.0,-17.0,166.0,579.0,-774.0,-453.0,835.0
122.0,,238.0,-698.0,-20.0,96.0,570.0,-412.0,-479.0,961.0
115.0,,204.0,-723.0,-27.0,-82.0,564.0,-672.0,-471.0,1064.0
107.0,,174.0,-802.0,-25.0,12.0,564.0,-441.0,-442.0,1115.0
146.0,,160.0,-906.0,-20.0,56.0,554.0,-641.0,-393.0,1079.0
190.0,,157.0,-991.0,-2.0,0.0,548.0,-678.0,-318.0,979.0
205.0,,185.0,-980.0,23.0,-77.0,582.0,-498.0,-225.0,838.0
263.0,,229.0,-987.0,40.0,-104.0,595.0,-692.0,-144.0,640.0
330.0,,238.0,-1065.0,74.0,23.0,581.0,-327.0,-62.0,406.0
372.0,,257.0,-1158.0,114.0,-35.0,573.0,-615.0,31.0,168.0
393.0,,273.0,-1211.0,138.0,-300.0,574.0,-497.0,112.0,-86.0
426.0,,284.0,-1216.0,140.0,-287.0,562.0,-539.0,201.0,-314.0
457.0,,287.0,-1253.0,119.0,-138.0,540.0,-724.0,280.0,-516.0
457.0,,267.0,-1321.0,101.0,-198.0,543.0,-439.0,343.0,-713.0
449.0,,281.0,-1423.0,93.0,-336.0,554.0,-770.0,379.0,-884.0
440.0,,278.0,-1467.0,100.0,-365.0,573.0,-582.0,370.0,-1027.0
427.0,,232.0,-1408.0,96.0,-214.0,588.0,-825.0,339.0,-1129.0
376.0,,196.0,-1292.0,83.0,-207.0,585.0,-890.0,262.0,-1180.0
310.0,,159.0,-1160.0,83.0,-420.0,566.0,-763.0,162.0,-1171.0
251.0,,106.0,-1122.0,94.0,-385.0,515.0,-1012.0,58.0,-1108.0
226.0,,57.0,-1076.0,119.0,-248.0,493.0,-679.0,-60.0,-1005.0
202.0,,15.0,-1066.0,141.0,-355.0,476.0,-951.0,-198.0,-856.0
128.0,,-13.0,-1190.0,183.0,-410.0,465.0,-790.0,-362.0,-687.0
101.0,,-49.0,-1207.0,256.0,-322.0,454.0,-853.0,-521.0,-516.0
124.0,,-86.0,-1136.0,329.0,-239.0,410.0,-1047.0,-668.0,-354.0
106.0,,-92.0,-1167.0,352.0,-208.0,406.0,-759.0,-794.0,-217.0
48.0,,-122.0,-1197.0,286.0,-290.0,386.0,-1091.0,-873.0,-88.0
9.0,,-140.0,-1176.0,175.0,-250.0,340.0,-833.0,-905.0,-16.0
13.0,,-155.0,-1174.0,60.0,-136.0,310.0,-994.0,-915.0,-5.0
17.0,,-189.0,-1179.0,-44.0,-100.0,277.0,-1001.0,-886.0,-20.0
-16.0,,-196.0,-1161.0,-96.0,-104.0,267.0,-853.0,-809.0,-47.0
-55.0,,-234.0,-1103.0,-80.0,-152.0,263.0,-1123.0,-731.0,-72.0
-29.0,,-265.0,-1018.0,-6.0,-62.0,243.0,-859.0,-641.0,-117.0
23.0,,-291.0,-956.0,106.0,21.0,233.0,-1169.0,-533.0,-160.0
1.0,,-310.0,-930.0,221.0,-133.0,223.0,-981.0,-422.0,-213.0
-14.0,,-306.0,-975.0,292.0,-233.0,189.0,-933.0,-319.0,-276.0
49.0,,-316.0,-1029.0,322.0,-49.0,191.0,-988.0,-206.0,-314.0
76.0,,-310.0,-1069.0,339.0,58.0,184.0,-639.0,-69.0,-381.0
41.0,,-290.0,-1092.0,347.0,-100.0,173.0,-921.0,72.0,-447.0
38.0,,-268.0,-1014.0,340.0,-219.0,188.0,-668.0,216.0,-501.0
100.0,,-252.0,-959.0,317.0,-32.0,174.0,-870.0,343.0,-553.0
116.0,,-223.0,-959.0,292.0,144.0,180.0,-886.0,455.0,-563.0
76.0,,-208.0,-939.0,274.0,-22.0,186.0,-785.0,547.0,-554.0
98.0,,-190.0,-938.0,243.0,-60.0,191.0,-1043.0,630.0,-514.0
149.0,,-147.0,-968.0,179.0,112.0,185.0,-679.0,703.0,-448.0
169.0,,-129.0,-938.0,77.0,104.0,135.0,-899.0,746.0,-355.0
169.0,,-79.0,-871.0,-51.0,25.0,93.0,-700.0,766.0,-268.0
189.0,,-32.0,-890.0,-176.0,28.0,64.0,-742.0,745.0,-175.0
259.0,,11.0,-1017.0,-263.0,64.0,36.0,-899.0,694.0,-71.0
314.0,,51.0,-1162.0,-290.0,174.0,-14.0,-691.0,619.0,-8.0
314.0,,83.0,-1217.0,-243.0,117.0,-20.0,-1018.0,514.0,67.0
305.0,,143.0,-1172.0,-148.0,-35.0,-10.0,-659.0,405.0,115.0
331.0,,162.0,-1015.0,-47.0,41.0,-24.0,-750.0,285.0,109.0
344.0,,179.0,-927.0,35.0,74.0,8.0,-635.0,164.0,74.0
292.0,,176.0,-965.0,79.0,35.0,10.0,-430.0,60.0,-20.0
247.0,,149.0,-972.0,89.0,-60.0,-31.0,-698.0,-43.0,-153.0
234.0,,119.0,-1033.0,71.0,-70.0,-31.0,-473.0,-135.0,-289.0
209.0,,61.0,-1076.0,33.0,106.0,-1.0,-831.0,-206.0,-457.0
134.0,,24.0,-1006.0,-8.0,40.0,-3.0,-715.0,-259.0,-626.0
44.0,,-34.0,-968.0,-20.0,-157.0,-39.0,-790.0,-290.0,-776.0
11.0,,-88.0,-994.0,-13.0,-56.0,-67.0,-885.0,-301.0,-958.0
-25.0,,-143.0,-1024.0,-25.0,114.0,-74.0,-574.0,-267.0,-1100.0
-104.0,,-196.0,-1074.0,-71.0,9.0,-81.0,-855.0,-208.0,-1218.0
-160.0,,-205.0,-1177.0,-146.0,-108.0,-99.0,-554.0,-100.0,-1313.0
-166.0,,-219.0,-1231.0,-202.0,-121.0,-137.0,-776.0,33.0,-1347.0
-145.0,,-205.0,-1202.0,-204.0,-16.0,-187.0,-829.0,146.0,-1367.0
-160.0,,-183.0,-1197.0,-139.0,10.0,-231.0,-727.0,288.0,-1356.0
-202.0,,-134.0,-1252.0,-69.0,-157.0,-253.0,-934.0,440.0,-1309.0
-195.0,,-89.0,-1383.0,-56.0,-77.0,-241.0,-528.0,574.0,-1220.0
-169.0,,-58.0,-1516.0,-57.0,47.0,-260.0,-737.0,697.0,-1112.0
-177.0,,-9.0,-1602.0,-41.0,-3.0,-275.0,-570.0,789.0,-981.0
-172.0,,0.0,-1622.0,-8.0,-39.0,-255.0,-715.0,830.0,-823.0
-144.0,,22.0,-1613.0,5.0,-63.0,-255.0,-940.0,813.0,-640.0
-119.0,,17.0,-1665.0,-11.0,93.0,-245.0,-707.0,758.0,-419.0
-84.0,,4.0,-1681.0,-59.0,226.0,-239.0,-994.0,677.0,-199.0
-59.0,,7.0,-1664.0,-142.0,85.0,-257.0,-667.0,582.0,16.0
-52.0,,-36.0,-1645.0,-224.0,74.0,-295.0,-838.0,476.0,230.0
-18.0,,-75.0,-1614.0,-251.0,182.0,-321.0,-787.0,351.0,447.0
15.0,,-109.0,-1497.0,-216.0,174.0,-317.0,-630.0,211.0,636.0
-3.0,,-147.0,-1275.0,-171.0,89.0,-311.0,-862.0,80.0,776.0
-38.0,,-173.0,-1162.0,-137.0,16.0,-294.0,-583.0,-43.0,898.0
-28.0,,-206.0,-1047.0,-107.0,191.0,-288.0,-940.0,-157.0,974.0
-21.0,,-234.0,-898.0,-80.0,286.0,-292.0,-757.0,-240.0,1005.0
-94.0,,-230.0,-887.0,-51.0,54.0,-311.0,-763.0,-302.0,1029.0
-185.0,,-245.0,-816.0,-17.0,24.0,-345.0,-814.0,-352.0,1044.0
-247.0,,-254.0,-718.0,12.0,179.0,-353.0,-480.0,-398.0,1042.0
-318.0,,-231.0,-732.0,17.0,178.0,-376.0,-759.0,-435.0,1049.0
-420.0,,-220.0,-708.0,-5.0,74.0,-392.0,-532.0,-450.0,1040.0
-502.0,,-221.0,-686.0,-74.0,-26.0,-359.0,-846.0,-433.0,987.0
-522.0,,-237.0,-752.0,-153.0,107.0,-323.0,-907.0,-388.0,905.0
-525.0,,-254.0,-833.0,-202.0,258.0,-305.0,-840.0,-335.0,800.0
-520.0,,-299.0,-968.0,-222.0,151.0,-312.0,-1104.0,-279.0,675.0
-517.0,,-350.0,-1105.0,-202.0,139.0,-298.0,-812.0,-232.0,511.0
-497.0,,-386.0,-1186.0,-155.0,237.0,-301.0,-1117.0,-185.0,323.0
-447.0,,-458.0,-1342.0,-133.0,235.0,-333.0,-940.0,-144.0,104.0
-417.0,,-517.0,-1397.0,-158.0,171.0,-364.0,-999.0,-119.0,-99.0
-406.0,,-576.0,-1349.0,-182.0,79.0,-425.0,-1086.0,-81.0,-265.0
-391.0,,-655.0,-1470.0,-144.0,125.0,-456.0,-787.0,-59.0,-437.0
-350.0,,-700.0,-1602.0,-49.0,269.0,-470.0,-1084.0,-39.0,-578.0
-319.0,,-738.0,-1631.0,40.0,144.0,-458.0,-777.0,-2.0,-681.0
-307.0,,-752.0,-1582.0,52.0,-6.0,-461.0,-968.0,41.0,-746.0
-275.0,,-736.0,-1522.0,-9.0,109.0,-497.0,-923.0,88.0,-760.0
-223.0,,-707.0,-1483.0,-79.0,152.0,-486.0,-759.0,123.0,-714.0
-168.0,,-632.0,-1381.0,-111.0,90.0,-506.0,-977.0,167.0,-646.0
-132.0,,-551.0,-1358.0,-106.0,19.0,-498.0,-692.0,197.0,-573.0
-105.0,,-472.0,-1404.0,-99.0,73.0,-484.0,-1029.0,219.0,-473.0
-54.0,,-366.0,-1449.0,-97.0,268.0,-520.0,-868.0,232.0,-358.0
26.0,,-250.0,-1527.0,-96.0,172.0,-524.0,-964.0,242.0,-231.0
73.0,,-140.0,-1581.0,-79.0,-16.0,-499.0,-1130.0,255.0,-96.0
79.0,,-27.0,-1613.0,-21.0,52.0,-464.0,-912.0,238.0,37.0
125.0,,92.0,-1611.0,46.0,154.0,-475.0,-1226.0,223.0,185.0
212.0,,187.0,-1557.0,75.0,146.0,-453.0,-890.0,201.0,344.0
257.0,,260.0,-1443.0,77.0,25.0,-400.0,-1043.0,168.0,460.0
265.0,,323.0,-1301.0,89.0,54.0,-397.0,-920.0,146.0,566.0
289.0,,364.0,-1198.0,118.0,222.0,-409.0,-753.0,115.0,661.0
332.0,,413.0,-1097.0,147.0,165.0,-432.0,-1055.0,80.0,722.0
350.0,,451.0,-1031.0,152.0,47.0,-415.0,-890.0,72.0,756.0
289.0,,452.0,-1056.0,98.0,98.0,-430.0,-1274.0,81.0,742.0
207.0,,477.0,-1079.0,16.0,194.0,-469.0,-1051.0,105.0,700.0
170.0,,487.0,-1107.0,-57.0,154.0,-480.0,-1025.0,134.0,614.0
115.0,,448.0,-1093.0,-115.0,-4.0,-500.0,-984.0,152.0,486.0
-12.0,,442.0,-996.0,-108.0,-21.0,-501.0,-687.0,183.0,341.0
-134.0,,434.0,-955.0,-50.0,171.0,-490.0,-995.0,223.0,217.0
-169.0,,403.0,-940.0,-8.0,154.0,-475.0,-733.0,272.0,97.0
-206.0,,421.0,-910.0,20.0,-62.0,-467.0,-1027.0,332.0,-22.0
-312.0,,410.0,-888.0,42.0,2.0,-435.0,-957.0,378.0,-90.0
-385.0,,395.0,-857.0,39.0,146.0,-396.0,-812.0,411.0,-137.0
-383.0,,399.0,-820.0,15.0,116.0,-367.0,-970.0,421.0,-133.0
-376.0,,362.0,-819.0,-22.0,43.0,-341.0,-598.0,401.0,-87.0
-394.0,,350.0,-861.0,-55.0,48.0,-338.0,-885.0,373.0,-40.0
-421.0,,330.0,-864.0,-64.0,177.0,-321.0,-703.0,324.0,38.0
-397.0,,321.0,-935.0,-60.0,154.0,-316.0,-862.0,256.0,132.0
-328.0,,304.0,-963.0,-22.0,-9.0,-325.0,-968.0,185.0,217.0
-309.0,,254.0,-890.0,44.0,22.0,-349.0,-720.0,89.0,280.0
-331.0,,228.0,-906.0,96.0,131.0,-397.0,-988.0,-28.0,328.0
-291.0,,197.0,-947.0,149.0,164.0,-407.0,-624.0,-146.0,345.0
-212.0,,156.0,-1070.0,222.0,116.0,-399.0,-866.0,-276.0,342.0
-204.0,,98.0,-1171.0,323.0,91.0,-422.0,-835.0,-390.0,316.0
-232.0,,74.0,-1189.0,429.0,204.0,-426.0,-752.0,-491.0,249.0
-182.0,,26.0,-1191.0,495.0,207.0,-411.0,-923.0,-554.0,184.0
-95.0,,-21.0,-1138.0,495.0,66.0,-412.0,-558.0,-580.0,121.0
-91.0,,-65.0,-1121.0,398.0,83.0,-382.0,-809.0,-592.0,82.0
-119.0,,-156.0,-1006.0,249.0,194.0,-328.0,-565.0,-579.0,91.0
-101.0,,-189.0,-833.0,129.0,100.0,-295.0,-655.0,-566.0,139.0
-45.0,,-255.0,-733.0,41.0,-36.0,-275.0,-705.0,-534.0,223.0
-23.0,,-304.0,-650.0,-8.0,-62.0,-244.0,-487.0,-479.0,323.0
-51.0,,-326.0,-580.0,-48.0,38.0,-197.0,-792.0,-426.0,423.0
-69.0,,-351.0,-467.0,-77.0,133.0,-169.0,-484.0,-368.0,534.0
-80.0,,-338.0,-372.0,-82.0,-42.0,-195.0,-729.0,-294.0,639.0
-95.0,,-328.0,-409.0,-90.0,-52.0,-210.0,-631.0,-214.0,692.0
-140.0,,-294.0,-547.0,-90.0,102.0,-187.0,-521.0,-139.0,713.0
-150.0,,-278.0,-709.0,-97.0,74.0,-205.0,-689.0,-43.0,686.0
-154.0,,-242.0,-899.0,-95.0,-20.0,-215.0,-360.0,47.0,609.0
-220.0,,-203.0,-1088.0,-83.0,-123.0,-204.0,-657.0,123.0,530.0
-238.0,,-165.0,-1172.0,-80.0,-4.0,-211.0,-428.0,208.0,427.0
-199.0,,-107.0,-1276.0,-63.0,77.0,-172.0,-497.0,282.0,328.0
-175.0,,-54.0,-1433.0,-32.0,-149.0,-122.0,-500.0,350.0,254.0
-198.0,,-20.0,-1539.0,15.0,-204.0,-110.0,-230.0,400.0,184.0
-194.0,,-1.0,-1645.0,59.0,-83.0,-105.0,-565.0,411.0,103.0
-156.0,,26.0,-1698.0,70.0,-95.0,-80.0,-319.0,417.0,-3.0
-159.0,,28.0,-1806.0,44.0,-137.0,-17.0,-580.0,403.0,-76.0
-200.0,,44.0,-1810.0,7.0,-200.0,26.0,-480.0,356.0,-141.0
-228.0,,37.0,-1581.0,-25.0,-148.0,27.0,-338.0,282.0,-199.0
-201.0,,17.0,-1428.0,-53.0,-16.0,27.0,-458.0,185.0,-220.0
-194.0,,-6.0,-1333.0,-45.0,-179.0,53.0,-90.0,99.0,-232.0
-222.0,,-57.0,-1296.0,10.0,-231.0,73.0,-376.0,25.0,-207.0
-261.0,,-110.0,-1265.0,56.0,19.0,82.0,-194.0,-34.0,-152.0
-275.0,,-160.0,-1155.0,21.0,104.0,127.0,-351.0,-90.0,-57.0
-264.0,,-205.0,-1066.0,-59.0,19.0,138.0,-380.0,-127.0,68.0
-302.0,,-266.0,-991.0,-118.0,-80.0,140.0,-83.0,-157.0,192.0
-331.0,,-306.0,-906.0,-112.0,11.0,134.0,-249.0,-178.0,314.0
-318.0,,-353.0,-826.0,-63.0,147.0,105.0,203.0,-174.0,400.0
-295.0,,-391.0,-812.0,-34.0,-16.0,99.0,-5.0,-169.0,466.0
-312.0,,-425.0,-799.0,-36.0,-161.0,91.0,109.0,-142.0,540.0
-323.0,,-454.0,-757.0,-54.0,-76.0,104.0,120.0,-127.0,590.0
-280.0,,-453.0,-778.0,-22.0,57.0,95.0,-249.0,-121.0,605.0
-229.0,,-443.0,-788.0,68.0,43.0,89.0,-14.0,-113.0,606.0
-200.0,,-394.0,-761.0,127.0,-91.0,108.0,-317.0,-93.0,605.0
-173.0,,-354.0,-809.0,131.0,-13.0,118.0,-57.0,-54.0,579.0
-89.0,,-326.0,-799.0,105.0,191.0,126.0,-90.0,-34.0,542.0
10.0,,-270.0,-712.0,64.0,114.0,134.0,-70.0,7.0,505.0
89.0,,-230.0,-674.0,44.0,-50.0,138.0,166.0,70.0,427.0
132.0,,-175.0,-638.0,45.0,94.0,109.0,-121.0,141.0,339.0
171.0,,-94.0,-653.0,32.0,231.0,74.0,254.0,227.0,206.0
230.0,,-30.0,-654.0,21.0,139.0,45.0,72.0,296.0,40.0
254.0,,37.0,-607.0,21.0,5.0,14.0,208.0,331.0,-81.0
259.0,,116.0,-585.0,29.0,-39.0,-18.0,303.0,340.0,-185.0
248.0,,176.0,-617.0,54.0,131.0,-23.0,70.0,318.0,-243.0
217.0,,232.0,-667.0,78.0,127.0,-6.0,323.0,275.0,-246.0
174.0,,289.0,-689.0,91.0,-45.0,-8.0,-12.0,223.0,-194.0
128.0,,315.0,-775.0,79.0,56.0,-19.0,190.0,160.0,-92.0
87.0,,374.0,-897.0,23.0,180.0,-34.0,107.0,111.0,35.0
35.0,,416.0,-1023.0,-58.0,108.0,-50.0,90.0,68.0,205.0
-21.0,,452.0,-1183.0,-109.0,-48.0,-62.0,336.0,26.0,397.0
-65.0,,476.0,-1262.0,-97.0,-89.0,-81.0,86.0,-11.0,569.0
-78.0,,459.0,-1258.0,-39.0,46.0,-134.0,412.0,-71.0,706.0
-114.0,,477.0,-1289.0,36.0,6.0,-179.0,188.0,-128.0,812.0
-158.0,,431.0,-1332.0,88.0,-178.0,-186.0,308.0,-178.0,870.0
-183.0,,411.0,-1369.0,79.0,-160.0,-190.0,343.0,-231.0,877.0
-204.0,,386.0,-1343.0,43.0,-87.0,-213.0,72.0,-273.0,808.0
-219.0,,336.0,-1279.0,14.0,-129.0,-213.0,347.0,-302.0,674.0
-229.0,,307.0,-1207.0,-19.0,-243.0,-200.0,77.0,-319.0,527.0
-208.0,,237.0,-1116.0,-42.0,-281.0,-176.0,328.0,-327.0,358.0
-186.0,,217.0,-1169.0,-31.0,-83.0,-131.0,247.0,-340.0,185.0
-146.0,,167.0,-1245.0,20.0,-41.0,-111.0,214.0,-349.0,0.0
-103.0,,120.0,-1177.0,108.0,-231.0,-95.0,423.0,-347.0,-159.0
-79.0,,94.0,-1105.0,181.0,-198.0,-104.0,168.0,-350.0,-268.0
-49.0,,51.0,-1124.0,188.0,-25.0,-114.0,554.0,-364.0,-354.0
-37.0,,11.0,-1176.0,101.0,41.0,-111.0,369.0,-383.0,-389.0
-31.0,,-42.0,-1169.0,-42.0,-121.0,-139.0,517.0,-402.0,-408.0
-33.0,,-76.0,-1163.0,-168.0,-282.0,-175.0,604.0,-423.0,-395.0
-9.0,,-127.0,-1196.0,-227.0,-137.0,-183.0,384.0,-447.0,-356.0
9.0,,-176.0,-1160.0,-207.0,-70.0,-194.0,679.0,-477.0,-298.0
-4.0,,-221.0,-1041.0,-126.0,-303.0,-250.0,395.0,-500.0,-200.0
-3.0,,-263.0,-1025.0,-36.0,-395.0,-276.0,659.0,-526.0,-109.0
-15.0,,-270.0,-1059.0,11.0,-309.0,-302.0,552.0,-547.0,-6.0
-39.0,,-273.0,-927.0,1.0,-341.0,-351.0,458.0,-534.0,129.0
-70.0,,-266.0,-805.0,-16.0,-419.0,-354.0,604.0,-514.0,272.0
-105.0,,-252.0,-709.0,7.0,-450.0,-345.0,280.0,-497.0,384.0
-124.0,,-221.0,-563.0,33.0,-310.0,-336.0,611.0,-478.0,484.0
-124.0,,-167.0,-482.0,7.0,-152.0,-351.0,362.0,-449.0,594.0
-102.0,,-132.0,-400.0,-75.0,-259.0,-345.0,478.0,-404.0,681.0
-94.0,,-84.0,-340.0,-164.0,-356.0,-307.0,565.0,-345.0,763.0
-99.0,,-21.0,-271.0,-220.0,-258.0,-316.0,352.0,-272.0,833.0
-101.0,,19.0,-168.0,-212.0,-208.0,-296.0,630.0,-171.0,871.0
-117.0,,57.0,-163.0,-153.0,-317.0,-255.0,284.0,-64.0,878.0
-118.0,,78.0,-179.0,-126.0,-471.0,-258.0,493.0,35.0,849.0
-125.0,,100.0,-136.0,-181.0,-472.0,-271.0,421.0,122.0,797.0
-176.0,,129.0,-89.0,-310.0,-313.0,-267.0,478.0,195.0,719.0
-204.0,,123.0,-24.0,-426.0,-368.0,-216.0,770.0,269.0,620.0
-191.0,,115.0,31.0,-466.0,-454.0,-221.0,513.0,310.0,509.0
-185.0,,121.0,64.0,-438.0,-302.0,-260.0,750.0,361.0,397.0
-217.0,,86.0,104.0,-369.0,-234.0,-269.0,362.0,411.0,258.0
-242.0,,82.0,52.0,-288.0,-359.0,-313.0,415.0,424.0,109.0
-232.0,,85.0,-2.0,-194.0,-540.0,-344.0,454.0,430.0,-31.0
-242.0,,62.0,34.0,-101.0,-435.0,-342.0,266.0,427.0,-195.0
-267.0,,68.0,55.0,-24.0,-294.0,-336.0,548.0,423.0,-340.0
-286.0,,47.0,113.0,11.0,-504.0,-349.0,203.0,403.0,-460.0
-289.0,,72.0,141.0,0.0,-608.0,-308.0,493.0,398.0,-544.0
-272.0,,122.0,34.0,-1.0,-456.0,-221.0,473.0,389.0,-569.0
-265.0,,149.0,-41.0,38.0,-373.0,-188.0,524.0,377.0,-554.0
-285.0,,204.0,-136.0,101.0,-445.0,-177.0,731.0,384.0,-518.0
-285.0,,255.0,-276.0,143.0,-542.0,-169.0,389.0,416.0,-489.0
-250.0,,286.0,-415.0,124.0,-489.0,-169.0,637.0,472.0,-476.0
-259.0,,328.0,-581.0,49.0,-358.0,-173.0,345.0,516.0,-487.0
-275.0,,371.0,-674.0,-53.0,-477.0,-190.0,500.0,551.0,-516.0
-215.0,,384.0,-833.0,-155.0,-635.0,-222.0,561.0,564.0,-532.0
-169.0,,391.0,-1032.0,-218.0,-607.0,-235.0,388.0,558.0,-502.0
-190.0,,375.0,-1186.0,-234.0,-575.0,-222.0,698.0,546.0,-441.0
-201.0,,337.0,-1357.0,-221.0,-610.0,-196.0,400.0,523.0,-376.0
-158.0,,308.0,-1412.0,-193.0,-715.0,-177.0,655.0,478.0,-298.0
-106.0,,270.0,-1416.0,-186.0,-669.0,-141.0,539.0,417.0,-216.0
-105.0,,223.0,-1434.0,-216.0,-481.0,-46.0,530.0,354.0,-138.0
-104.0,,194.0,-1344.0,-265.0,-508.0,21.0,733.0,287.0,-42.0
-43.0,,141.0,-1095.0,-277.0,-701.0,71.0,480.0,204.0,44.0
31.0,,107.0,-826.0,-219.0,-638.0,123.0,772.0,107.0,122.0
69.0,,84.0,-636.0,-137.0,-465.0,151.0,474.0,17.0,180.0
88.0,,34.0,-484.0,-55.0,-575.0,148.0,593.0,-71.0,196.0
148.0,,25.0,-387.0,1.0,-795.0,144.0,626.0,-146.0,186.0
249.0,,7.0,-356.0,29.0,-767.0,169.0,421.0,-207.0,130.0
284.0,,10.0,-404.0,31.0,-517.0,166.0,650.0,-247.0,74.0
276.0,,31.0,-498.0,22.0,-557.0,140.0,299.0,-258.0,25.0
339.0,,35.0,-516.0,28.0,-732.0,142.0,543.0,-265.0,-18.0
420.0,,59.0,-543.0,14.0,-583.0,185.0,419.0,-267.0,-26.0
420.0,,75.0,-647.0,-4.0,-400.0,196.0,399.0,-250.0,0.0
410.0,,90.0,-667.0,-27.0,-431.0,186.0,546.0,-227.0,60.0
461.0,,105.0,-668.0,-68.0,-559.0,216.0,262.0,-201.0,136.0
501.0,,122.0,-746.0,-81.0,-550.0,249.0,574.0,-163.0,244.0
509.0,,125.0,-775.0,-63.0,-410.0,231.0,308.0,-148.0,337.0
496.0,,110.0,-721.0,-23.0,-401.0,198.0,504.0,-132.0,395.0
522.0,,101.0,-712.0,22.0,-521.0,204.0,558.0,-114.0,400.0
579.0,,69.0,-740.0,70.0,-471.0,177.0,424.0,-89.0,341.0
572.0,,31.0,-724.0,118.0,-337.0,139.0,698.0,-57.0,264.0
537.0,,1.0,-696.0,158.0,-347.0,102.0,328.0,-32.0,174.0
528.0,,-55.0,-735.0,204.0,-460.0,46.0,585.0,23.0,109.0
571.0,,-115.0,-831.0,263.0,-547.0,29.0,424.0,85.0,50.0
576.0,,-173.0,-862.0,334.0,-377.0,35.0,423.0,171.0,-18.0
556.0,,-236.0,-875.0,392.0,-254.0,43.0,565.0,289.0,-82.0
585.0,,-272.0,-899.0,403.0,-465.0,47.0,273.0,390.0,-138.0
591.0,,-304.0,-900.0,365.0,-518.0,61.0,583.0,457.0,-198.0
568.0,,-313.0,-955.0,275.0,-294.0,88.0,240.0,479.0,-287.0
509.0,,-295.0,-1006.0,135.0,-217.0,90.0,376.0,471.0,-378.0
458.0,,-285.0,-932.0,-10.0,-371.0,88.0,434.0,445.0,-496.0
420.0,,-232.0,-830.0,-122.0,-462.0,90.0,336.0,408.0,-615.0
374.0,,-190.0,-730.0,-161.0,-256.0,73.0,631.0,339.0,-684.0
294.0,,-176.0,-595.0,-102.0,-143.0,40.0,293.0,246.0,-708.0
180.0,,-141.0,-569.0,6.0,-383.0,0.0,563.0,132.0,-695.0
136.0,,-127.0,-546.0,88.0,-404.0,-34.0,426.0,20.0,-686.0
87.0,,-115.0,-529.0,114.0,-178.0,-67.0,424.0,-66.0,-630.0
5.0,,-88.0,-540.0,124.0,-198.0,-70.0,548.0,-152.0,-516.0
-67.0,,-77.0,-442.0,142.0,-349.0,-68.0,288.0,-219.0,-355.0
-116.0,,-51.0,-432.0,191.0,-414.0,-90.0,594.0,-266.0,-159.0
-131.0,,-48.0,-491.0,286.0,-295.0,-96.0,253.0,-295.0,3.0
-169.0,,-61.0,-525.0,370.0,-171.0,-94.0,375.0,-300.0,130.0
-207.0,,-40.0,-538.0,380.0,-310.0,-67.0,347.0,-272.0,204.0
-266.0,,-21.0,-618.0,302.0,-373.0,-29.0,171.0,-226.0,251.0
-343.0,,20.0,-806.0,194.0,-226.0,-31.0,412.0,-181.0,267.0
-371.0,,70.0,-859.0,82.0,-200.0,-49.0,90.0,-133.0,251.0
-394.0,,116.0,-945.0,-30.0,-316.0,-54.0,384.0,-100.0,216.0
-435.0,,184.0,-1048.0,-126.0,-420.0,-67.0,286.0,-79.0,123.0
-459.0,,245.0,-1058.0,-194.0,-310.0,-95.0,365.0,-73.0,11.0
-471.0,,274.0,-1075.0,-214.0,-116.0,-97.0,515.0,-64.0,-91.0
-458.0,,324.0,-1013.0,-205.0,-271.0,-87.0,249.0,-43.0,-193.0
-418.0,,375.0,-965.0,-169.0,-427.0,-81.0,569.0,-27.0,-304.0
-389.0,,362.0,-789.0,-113.0,-255.0,-71.0,295.0,-11.0,-392.0
-403.0,,376.0,-583.0,-48.0,-210.0,-88.0,502.0,-9.0,-400.0
-388.0,,365.0,-470.0,14.0,-349.0,-96.0,498.0,-11.0,-317.0
-320.0,,343.0,-320.0,72.0,-415.0,-109.0,319.0,-19.0,-171.0
-295.0,,339.0,-246.0,124.0,-298.0,-132.0,500.0,-54.0,1.0
-277.0,,314.0,-166.0,137.0,-174.0,-145.0,64.0,-89.0,186.0
-265.0,,305.0,-68.0,111.0,-348.0,-179.0,286.0,-139.0,386.0
-235.0,,284.0,-20.0,58.0,-438.0,-231.0,168.0,-186.0,558.0
-195.0,,294.0,-64.0,4.0,-232.0,-246.0,295.0,-207.0,690.0
-215.0,,283.0,-117.0,-37.0,-214.0,-197.0,495.0,-211.0,793.0
-204.0,,270.0,-171.0,-62.0,-366.0,-182.0,306.0,-192.0,805.0
-195.0,,286.0,-336.0,-80.0,-429.0,-191.0,661.0,-175.0,746.0
-178.0,,252.0,-512.0,-97.0,-393.0,-209.0,328.0,-160.0,623.0
-144.0,,238.0,-674.0,-101.0,-264.0,-193.0,482.0,-176.0,454.0
-153.0,,223.0,-825.0,-113.0,-281.0,-118.0,487.0,-190.0,283.0
-149.0,,213.0,-842.0,-110.0,-385.0,-73.0,400.0,-190.0,122.0
-121.0,,217.0,-785.0,-97.0,-315.0,-26.0,679.0,-193.0,-29.0
-89.0,,202.0,-851.0,-104.0,-262.0,-32.0,310.0,-173.0,-181.0
-77.0,,196.0,-860.0,-108.0,-292.0,-51.0,465.0,-178.0,-319.0
-64.0,,210.0,-855.0,-121.0,-390.0,-29.0,160.0,-188.0,-477.0
-33.0,,227.0,-859.0,-130.0,-423.0,-10.0,138.0,-207.0,-609.0
33.0,,221.0,-719.0,-118.0,-274.0,-43.0,260.0,-268.0,-711.0
76.0,,227.0,-627.0,-85.0,-298.0,-110.0,14.0,-318.0,-802.0
66.0,,230.0,-555.0,-48.0,-450.0,-110.0,378.0,-347.0,-830.0
108.0,,215.0,-443.0,-29.0,-363.0,-131.0,144.0,-356.0,-847.0
179.0,,220.0,-337.0,-22.0,-254.0,-171.0,356.0,-323.0,-800.0
194.0,,198.0,-283.0,-12.0,-358.0,-159.0,304.0,-258.0,-684.0
152.0,,174.0,-217.0,13.0,-433.0,-129.0,123.0,-149.0,-554.0
127.0,,181.0,-153.0,39.0,-318.0,-116.0,356.0,0.0,-367.0
119.0,,147.0,-159.0,44.0,-161.0,-74.0,33.0,148.0,-160.0
90.0,,120.0,-194.0,31.0,-304.0,1.0,345.0,297.0,41.0
43.0,,109.0,-287.0,19.0,-496.0,26.0,177.0,403.0,208.0
-22.0,,74.0,-314.0,-9.0,-335.0,45.0,166.0,462.0,343.0
-78.0,,82.0,-353.0,-69.0,-252.0,57.0,188.0,511.0,457.0
-120.0,,94.0,-464.0,-140.0,-353.0,46.0,-184.0,532.0,526.0
-145.0,,107.0,-522.0,-200.0,-448.0,20.0,114.0,542.0,571.0
-183.0,,122.0,-540.0,-208.0,-442.0,-4.0,-127.0,526.0,547.0
-221.0,,113.0,-474.0,-159.0,-254.0,15.0,121.0,486.0,500.0
-219.0,,89.0,-415.0,-80.0,-269.0,-7.0,157.0,442.0,458.0
-233.0,,67.0,-476.0,-16.0,-477.0,-61.0,31.0,361.0,364.0
-236.0,,50.0,-529.0,-8.0,-458.0,-73.0,210.0,265.0,231.0
-204.0,,6.0,-528.0,-47.0,-277.0,-86.0,-186.0,168.0,57.0
-180.0,,-40.0,-503.0,-126.0,-268.0,-83.0,79.0,56.0,-126.0
-157.0,,-81.0,-435.0,-223.0,-406.0,-60.0,-36.0,-57.0,-292.0
-105.0,,-96.0,-467.0,-300.0,-463.0,-43.0,48.0,-170.0,-430.0
-33.0,,-127.0,-598.0,-354.0,-293.0,-57.0,134.0,-290.0,-517.0
-10.0,,-137.0,-618.0,-370.0,-102.0,-75.0,-223.0,-406.0,-534.0
5.0,,-134.0,-613.0,-350.0,-311.0,-85.0,-66.0,-491.0,-506.0
54.0,,-163.0,-497.0,-307.0,-395.0,-85.0,-498.0,-544.0,-449.0
103.0,,-168.0,-351.0,-246.0,-196.0,-51.0,-395.0,-571.0,-363.0
157.0,,-197.0,-298.0,-171.0,-240.0,-49.0,-474.0,-567.0,-278.0
216.0,,-184.0,-221.0,-72.0,-319.0,-76.0,-607.0,-539.0,-201.0
288.0,,-159.0,-173.0,25.0,-340.0,-108.0,-273.0,-477.0,-182.0
342.0,,-163.0,-34.0,97.0,-225.0,-132.0,-565.0,-380.0,-216.0
388.0,,-176.0,-113.0,141.0,-138.0,-145.0,-308.0,-252.0,-261.0
419.0,,-205.0,-290.0,157.0,-275.0,-186.0,-511.0,-115.0,-288.0
443.0,,-231.0,-385.0,164.0,-265.0,-225.0,-572.0,10.0,-336.0
487.0,,-256.0,-444.0,147.0,-147.0,-243.0,-489.0,130.0,-400.0
520.0,,-235.0,-358.0,97.0,-121.0,-242.0,-718.0,222.0,-434.0
518.0,,-210.0,-550.0,46.0,-189.0,-243.0,-356.0,288.0,-478.0
504.0,,-190.0,-593.0,12.0,-284.0,-233.0,-585.0,335.0,-504.0
541.0,,-174.0,-480.0,-2.0,-244.0,-189.0,-378.0,354.0,-531.0
581.0,,-167.0,-328.0,-10.0,-127.0,-156.0,-473.0,383.0,-552.0
577.0,,-165.0,-47.0,-10.0,-239.0,-124.0,-689.0,401.0,-524.0
538.0,,-168.0,27.0,-16.0,-365.0,-122.0,-436.0,387.0,-493.0
544.0,,-182.0,128.0,-52.0,-244.0,-119.0,-729.0,343.0,-461.0
589.0,,-216.0,84.0,-113.0,-162.0,-104.0,-369.0,259.0,-404.0
546.0,,-230.0,183.0,-167.0,-217.0,-124.0,-495.0,188.0,-350.0
488.0,,-264.0,173.0,-182.0,-310.0,-132.0,-535.0,124.0,-314.0
525.0,,-279.0,55.0,-138.0,-194.0,-137.0,-500.0,54.0,-288.0
596.0,,-286.0,169.0,-62.0,-43.0,-125.0,-818.0,-1.0,-273.0
609.0,,-308.0,-100.0,19.0,-223.0,-106.0,-519.0,-46.0,-292.0
608.0,,-277.0,-239.0,96.0,-333.0,-88.0,-750.0,-79.0,-341.0
672.0,,-244.0,-321.0,143.0,-181.0,-82.0,-524.0,-92.0,-410.0
776.0,,-194.0,-374.0,153.0,-126.0,-88.0,-541.0,-85.0,-496.0
853.0,,-102.0,-336.0,124.0,-248.0,-70.0,-665.0,-60.0,-547.0
890.0,,-1.0,-560.0,74.0,-340.0,-65.0,-404.0,-23.0,-600.0
939.0,,92.0,-617.0,29.0,-225.0,-47.0,-746.0,10.0,-659.0
998.0,,169.0,-636.0,12.0,-70.0,-39.0,-493.0,81.0,-714.0
1031.0,,254.0,-586.0,21.0,-181.0,-56.0,-641.0,198.0,-754.0
1056.0,,311.0,-613.0,41.0,-277.0,-46.0,-602.0,299.0,-717.0
1097.0,,334.0,-666.0,74.0,-166.0,-9.0,-450.0,396.0,-664.0
1126.0,,357.0,-616.0,101.0,-101.0,12.0,-692.0,434.0,-571.0
1115.0,,350.0,-636.0,128.0,-171.0,52.0,-382.0,437.0,-435.0
1053.0,,324.0,-521.0,146.0,-307.0,129.0,-652.0,454.0,-309.0
1003.0,,281.0,-584.0,150.0,-250.0,193.0,-474.0,436.0,-197.0
961.0,,187.0,-650.0,163.0,-36.0,244.0,-521.0,412.0,-121.0
881.0,,108.0,-611.0,162.0,-91.0,265.0,-685.0,382.0,-74.0
794.0,,41.0,-702.0,140.0,-277.0,298.0,-397.0,318.0,-59.0
721.0,,-30.0,-759.0,101.0,-208.0,319.0,-700.0,224.0,-55.0
654.0,,-68.0,-813.0,45.0,-86.0,313.0,-384.0,111.0,-77.0
558.0,,-115.0,-905.0,-1.0,-152.0,350.0,-498.0,-3.0,-82.0
471.0,,-159.0,-987.0,-18.0,-279.0,394.0,-461.0,-119.0,-73.0
398.0,,-198.0,-993.0,-7.0,-259.0,409.0,-314.0,-234.0,-101.0
315.0,,-253.0,-1081.0,22.0,-14.0,432.0,-635.0,-337.0,-148.0
213.0,,-280.0,-1020.0,67.0,-2.0,476.0,-367.0,-420.0,-220.0
131.0,,-316.0,-833.0,111.0,-222.0,481.0,-661.0,-485.0,-281.0
95.0,,-369.0,-798.0,140.0,-104.0,447.0,-504.0,-529.0,-331.0
25.0,,-394.0,-685.0,154.0,77.0,447.0,-487.0,-559.0,-347.0
-47.0,,-435.0,-688.0,145.0,54.0,475.0,-600.0,-589.0,-365.0
-121.0,,-436.0,-611.0,127.0,-60.0,491.0,-303.0,-587.0,-372.0
-166.0,,-395.0,-430.0,93.0,-130.0,515.0,-582.0,-553.0,-349.0
-179.0,,-368.0,-496.0,43.0,50.0,528.0,-227.0,-520.0,-328.0
-219.0,,-291.0,-444.0,-5.0,93.0,492.0,-293.0,-458.0,-282.0
-280.0,,-206.0,-342.0,-49.0,-82.0,469.0,-232.0,-396.0,-246.0
-344.0,,-152.0,-303.0,-61.0,-27.0,512.0,-88.0,-333.0,-216.0
-394.0,,-82.0,-336.0,-57.0,110.0,530.0,-389.0,-248.0,-193.0
-467.0,,-34.0,-449.0,-60.0,134.0,537.0,-84.0,-173.0,-150.0
-529.0,,5.0,-458.0,-57.0,106.0,559.0,-352.0,-77.0,-100.0
-573.0,,29.0,-480.0,-59.0,132.0,531.0,-164.0,11.0,-12.0
-601.0,,34.0,-407.0,-67.0,327.0,525.0,-168.0,89.0,95.0
-606.0,,75.0,-317.0,-71.0,364.0,512.0,-349.0,165.0,183.0
-596.0,,102.0,-308.0,-63.0,201.0,486.0,-103.0,205.0,357.0
-572.0,,123.0,-305.0,-62.0,171.0,484.0,-450.0,214.0,546.0
-530.0,,143.0,-293.0,-75.0,215.0,491.0,-223.0,197.0,728.0
-435.0,,148.0,-198.0,-87.0,180.0,513.0,-386.0,149.0,908.0
-338.0,,170.0,-155.0,-86.0,34.0,509.0,-308.0,101.0,1039.0
-254.0,,192.0,-144.0,-59.0,6.0,497.0,-60.0,53.0,1111.0
-154.0,,225.0,-191.0,3.0,233.0,486.0,-269.0,-19.0,1142.0
-58.0,,271.0,-314.0,95.0,375.0,497.0,12.0,-62.0,1151.0
7.0,,325.0,-323.0,194.0,194.0,504.0,-290.0,-115.0,1096.0
69.0,,363.0,-237.0,283.0,145.0,473.0,-149.0,-169.0,1030.0
131.0,,412.0,-159.0,356.0,367.0,471.0,-236.0,-192.0,907.0
175.0,,460.0,-86.0,416.0,390.0,479.0,-367.0,-212.0,770.0
199.0,,509.0,0.0,462.0,232.0,485.0,-18.0,-206.0,679.0
191.0,,549.0,134.0,483.0,112.0,469.0,-275.0,-202.0,553.0
171.0,,579.0,302.0,465.0,254.0,439.0,5.0,-195.0,449.0
147.0,,610.0,389.0,400.0,352.0,408.0,-240.0,-183.0,349.0
121.0,,614.0,307.0,334.0,133.0,370.0,-314.0,-164.0,262.0
90.0,,618.0,159.0,275.0,143.0,359.0,-203.0,-138.0,237.0
37.0,,599.0,44.0,207.0,296.0,315.0,-458.0,-99.0,235.0
-31.0,,563.0,-34.0,146.0,287.0,276.0,-110.0,-48.0,267.0
-104.0,,511.0,-43.0,100.0,208.0,285.0,-341.0,-9.0,323.0
-165.0,,476.0,-126.0,62.0,117.0,303.0,-105.0,28.0,421.0
-216.0,,421.0,-382.0,26.0,214.0,317.0,-99.0,57.0,542.0
-251.0,,354.0,-569.0,-17.0,348.0,276.0,-262.0,80.0,682.0
-285.0,,314.0,-561.0,-63.0,231.0,210.0,-9.0,100.0,807.0
-326.0,,235.0,-625.0,-92.0,158.0,171.0,-351.0,121.0,856.0
-332.0,,184.0,-735.0,-106.0,237.0,157.0,-97.0,134.0,851.0
-324.0,,119.0,-690.0,-113.0,251.0,86.0,-293.0,116.0,774.0
-317.0,,36.0,-669.0,-122.0,133.0,29.0,-273.0,97.0,641.0
-264.0,,-4.0,-647.0,-121.0,-36.0,25.0,-90.0,56.0,460.0
-219.0,,-88.0,-630.0,-103.0,73.0,-14.0,-341.0,-18.0,241.0
-161.0,,-150.0,-647.0,-84.0,267.0,-13.0,-35.0,-86.0,-4.0
-51.0,,-201.0,-467.0,-57.0,166.0,-24.0,-312.0,-159.0,-248.0
57.0,,-300.0,-339.0,-29.0,37.0,-63.0,-131.0,-222.0,-488.0
175.0,,-327.0,-311.0,-14.0,124.0,-67.0,-144.0,-267.0,-729.0
286.0,,-382.0,-231.0,-1.0,246.0,-30.0,-238.0,-311.0,-930.0
386.0,,-428.0,-296.0,13.0,183.0,21.0,59.0,-341.0,-1074.0
442.0,,-416.0,-307.0,36.0,28.0,12.0,-240.0,-372.0,-1164.0
473.0,,-460.0,-287.0,58.0,90.0,-9.0,112.0,-411.0,-1209.0
530.0,,-451.0,-311.0,82.0,277.0,-46.0,-5.0,-439.0,-1216.0
592.0,,-449.0,-297.0,121.0,199.0,-77.0,35.0,-448.0,-1185.0
660.0,,-437.0,-269.0,153.0,54.0,-96.0,164.0,-465.0,-1121.0
724.0,,-371.0,-186.0,165.0,153.0,-141.0,-97.0,-461.0,-1037.0
768.0,,-323.0,-295.0,155.0,278.0,-151.0,205.0,-436.0,-953.0
773.0,,-251.0,-408.0,133.0,210.0,-168.0,-118.0,-424.0,-856.0
763.0,,-163.0,-376.0,113.0,83.0,-168.0,20.0,-400.0,-719.0
750.0,,-57.0,-447.0,87.0,152.0,-144.0,-27.0,-365.0,-561.0
721.0,,53.0,-551.0,70.0,388.0,-144.0,-114.0,-333.0,-401.0
699.0,,177.0,-683.0,76.0,379.0,-88.0,212.0,-299.0,-275.0
706.0,,325.0,-818.0,85.0,177.0,-40.0,-40.0,-246.0,-178.0
661.0,,431.0,-863.0,87.0,205.0,-5.0,271.0,-190.0,-87.0
552.0,,532.0,-883.0,62.0,285.0,3.0,48.0,-124.0,-13.0
485.0,,637.0,-899.0,10.0,215.0,-3.0,22.0,-60.0,59.0
439.0,,677.0,-882.0,-37.0,66.0,37.0,144.0,-11.0,105.0
361.0,,704.0,-785.0,-57.0,91.0,44.0,-51.0,56.0,141.0
249.0,,715.0,-646.0,-52.0,331.0,43.0,330.0,117.0,134.0
174.0,,683.0,-581.0,-31.0,327.0,56.0,64.0,160.0,89.0
161.0,,630.0,-480.0,18.0,153.0,108.0,188.0,221.0,42.0
103.0,,551.0,-306.0,87.0,208.0,138.0,48.0,293.0,-21.0
0.0,,440.0,-197.0,134.0,333.0,139.0,-103.0,349.0,-92.0
-58.0,,334.0,-190.0,141.0,270.0,182.0,212.0,412.0,-171.0
-78.0,,247.0,-199.0,93.0,139.0,192.0,-73.0,458.0,-225.0
-123.0,,134.0,-76.0,-6.0,131.0,192.0,169.0,480.0,-286.0
-148.0,,53.0,41.0,-118.0,306.0,189.0,-42.0,499.0,-319.0
-151.0,,-6.0,54.0,-213.0,300.0,170.0,-1.0,515.0,-299.0
-162.0,,-83.0,123.0,-277.0,112.0,154.0,171.0,528.0,-257.0
-174.0,,-114.0,191.0,-305.0,212.0,137.0,16.0,524.0,-175.0
-189.0,,-116.0,143.0,-305.0,343.0,127.0,380.0,522.0,-70.0
-180.0,,-132.0,114.0,-289.0,288.0,96.0,86.0,516.0,61.0
-165.0,,-110.0,59.0,-241.0,186.0,34.0,260.0,499.0,195.0
-132.0,,-88.0,-58.0,-168.0,154.0,48.0,214.0,473.0,325.0
-115.0,,-75.0,-137.0,-99.0,302.0,81.0,92.0,426.0,423.0
-135.0,,-45.0,-245.0,-48.0,319.0,67.0,332.0,382.0,477.0
-134.0,,-21.0,-262.0,-10.0,143.0,94.0,-5.0,328.0,514.0
-122.0,,14.0,-257.0,19.0,139.0,123.0,264.0,286.0,512.0
-121.0,,36.0,-373.0,27.0,265.0,169.0,90.0,259.0,514.0
-146.0,,71.0,-446.0,18.0,274.0,172.0,182.0,231.0,532.0
-113.0,,87.0,-539.0,10.0,131.0,145.0,349.0,199.0,555.0
-54.0,,92.0,-577.0,14.0,9.0,152.0,86.0,151.0,609.0
-76.0,,100.0,-446.0,35.0,137.0,134.0,365.0,121.0,647.0
-99.0,,91.0,-429.0,66.0,269.0,154.0,110.0,108.0,651.0
-85.0,,111.0,-520.0,88.0,64.0,150.0,382.0,108.0,627.0
-38.0,,96.0,-596.0,80.0,-83.0,115.0,400.0,111.0,566.0
-18.0,,60.0,-608.0,63.0,62.0,95.0,303.0,118.0,463.0
-54.0,,39.0,-463.0,46.0,108.0,84.0,485.0,129.0,321.0
-46.0,,1.0,-387.0,25.0,19.0,112.0,77.0,142.0,183.0
1.0,,-61.0,-415.0,-5.0,-40.0,137.0,319.0,153.0,60.0
17.0,,-97.0,-372.0,-50.0,50.0,175.0,123.0,147.0,-54.0
-15.0,,-120.0,-132.0,-103.0,195.0,236.0,221.0,129.0,-157.0
-17.0,,-157.0,130.0,-143.0,34.0,283.0,412.0,76.0,-224.0
23.0,,-149.0,145.0,-143.0,-67.0,283.0,171.0,15.0,-254.0
43.0,,-170.0,204.0,-97.0,39.0,281.0,400.0,-40.0,-275.0
40.0,,-165.0,228.0,-11.0,-22.0,303.0,48.0,-84.0,-303.0
43.0,,-153.0,158.0,71.0,-143.0,289.0,229.0,-90.0,-337.0
62.0,,-181.0,113.0,122.0,-210.0,301.0,203.0,-80.0,-387.0
51.0,,-144.0,36.0,124.0,-111.0,327.0,169.0,-46.0,-407.0
36.0,,-116.0,13.0,65.0,40.0,307.0,452.0,9.0,-370.0
46.0,,-84.0,-95.0,-18.0,-90.0,288.0,194.0,77.0,-316.0
61.0,,-21.0,-304.0,-84.0,-143.0,289.0,524.0,140.0,-194.0
60.0,,1.0,-445.0,-109.0,2.0,294.0,253.0,179.0,-43.0
63.0,,47.0,-432.0,-102.0,31.0,261.0,251.0,188.0,105.0
81.0,,108.0,-456.0,-83.0,-64.0,261.0,327.0,198.0,256.0
61.0,,161.0,-501.0,-60.0,-248.0,281.0,55.0,221.0,360.0
34.0,,202.0,-476.0,-49.0,-164.0,268.0,367.0,251.0,420.0
15.0,,269.0,-658.0,-51.0,45.0,260.0,96.0,306.0,424.0
2.0,,296.0,-777.0,-54.0,-125.0,257.0,319.0,352.0,400.0
-22.0,,292.0,-612.0,-53.0,-308.0,296.0,271.0,369.0,378.0
-64.0,,315.0,-501.0,-44.0,-171.0,350.0,169.0,355.0,334.0
-91.0,,280.0,-415.0,-7.0,-38.0,374.0,434.0,307.0,246.0
-123.0,,269.0,-339.0,52.0,-135.0,405.0,179.0,237.0,155.0
-136.0,,211.0,-492.0,108.0,-294.0,433.0,508.0,138.0,74.0
-163.0,,122.0,-507.0,166.0,-240.0,421.0,321.0,36.0,5.0
-193.0,,75.0,-425.0,241.0,-68.0,392.0,362.0,-61.0,22.0
-175.0,,-16.0,-501.0,333.0,-166.0,376.0,434.0,-160.0,84.0
-144.0,,-80.0,-495.0,426.0,-316.0,355.0,177.0,-256.0,173.0
-135.0,,-113.0,-508.0,486.0,-217.0,298.0,476.0,-330.0,283.0
-158.0,,-144.0,-419.0,489.0,-136.0,271.0,194.0,-383.0,356.0
-156.0,,-169.0,-284.0,434.0,-173.0,260.0,441.0,-437.0,420.0
-150.0,,-151.0,-259.0,339.0,-282.0,216.0,460.0,-470.0,483.0
-182.0,,-142.0,-197.0,228.0,-293.0,194.0,382.0,-497.0,543.0
-227.0,,-106.0,-148.0,142.0,-153.0,171.0,613.0,-508.0,627.0
-267.0,,-61.0,-87.0,88.0,-159.0,129.0,303.0,-480.0,718.0
-267.0,,-56.0,-70.0,55.0,-286.0,57.0,598.0,-430.0,794.0
-281.0,,8.0,29.0,49.0,-304.0,56.0,423.0,-362.0,861.0
-330.0,,40.0,88.0,64.0,-212.0,106.0,519.0,-294.0,913.0
-369.0,,58.0,38.0,100.0,-166.0,114.0,663.0,-218.0,935.0
-407.0,,74.0,175.0,140.0,-203.0,102.0,419.0,-126.0,933.0
-451.0,,46.0,262.0,162.0,-200.0,76.0,676.0,-40.0,906.0
-498.0,,42.0,270.0,156.0,-35.0,94.0,323.0,62.0,859.0
-538.0,,30.0,171.0,115.0,28.0,101.0,522.0,172.0,809.0
-565.0,,0.0,-86.0,52.0,-164.0,113.0,480.0,279.0,774.0
-563.0,,-15.0,-126.0,3.0,-116.0,139.0,417.0,395.0,750.0
-545.0,,-39.0,-71.0,-16.0,71.0,121.0,715.0,503.0,718.0
-555.0,,-51.0,-183.0,3.0,51.0,145.0,437.0,608.0,725.0
-553.0,,-65.0,-217.0,54.0,-58.0,174.0,726.0,703.0,754.0
-550.0,,-73.0,-236.0,113.0,-101.0,154.0,456.0,786.0,804.0
-548.0,,-62.0,-403.0,172.0,66.0,132.0,463.0,862.0,861.0
-531.0,,-95.0,-452.0,214.0,101.0,93.0,508.0,898.0,880.0
-535.0,,-104.0,-359.0,217.0,-50.0,62.0,282.0,889.0,913.0
-514.0,,-90.0,-231.0,171.0,39.0,68.0,683.0,844.0,913.0
-491.0,,-88.0,-61.0,92.0,200.0,38.0,458.0,741.0,884.0
-452.0,,-75.0,96.0,4.0,210.0,28.0,685.0,581.0,841.0
-369.0,,-44.0,262.0,-64.0,118.0,59.0,563.0,390.0,767.0
-315.0,,-16.0,366.0,-97.0,39.0,53.0,397.0,196.0,677.0
-271.0,,12.0,424.0,-116.0,180.0,19.0,578.0,28.0,571.0
-210.0,,41.0,574.0,-146.0,285.0,-18.0,260.0,-111.0,482.0
-131.0,,58.0,602.0,-210.0,135.0,-39.0,618.0,-220.0,404.0
-55.0,,105.0,471.0,-296.0,91.0,-49.0,480.0,-292.0,342.0
-28.0,,112.0,430.0,-376.0,200.0,-76.0,589.0,-347.0,299.0
-1.0,,108.0,397.0,-431.0,244.0,-99.0,685.0,-371.0,281.0
56.0,,102.0,262.0,-432.0,177.0,-82.0,424.0,-379.0,270.0
102.0,,78.0,110.0,-376.0,154.0,-60.0,703.0,-366.0,217.0
120.0,,79.0,29.0,-276.0,339.0,-63.0,393.0,-309.0,162.0
106.0,,49.0,0.0,-156.0,434.0,-77.0,639.0,-233.0,101.0
87.0,,30.0,-57.0,-46.0,263.0,-105.0,663.0,-132.0,17.0
113.0,,35.0,-36.0,41.0,265.0,-113.0,631.0,-15.0,-34.0
157.0,,26.0,1.0,99.0,456.0,-104.0,870.0,80.0,-57.0
150.0,,22.0,-82.0,134.0,469.0,-107.0,556.0,163.0,-53.0
127.0,,25.0,-44.0,145.0,390.0,-116.0,822.0,244.0,-28.0
131.0,,51.0,37.0,135.0,325.0,-152.0,583.0,316.0,-19.0
150.0,,65.0,64.0,120.0,468.0,-199.0,665.0,367.0,-27.0
130.0,,81.0,40.0,84.0,613.0,-228.0,733.0,411.0,-55.0
71.0,,112.0,-81.0,41.0,467.0,-271.0,430.0,451.0,-96.0
43.0,,117.0,-128.0,35.0,452.0,-306.0,724.0,468.0,-135.0
13.0,,122.0,-184.0,76.0,565.0,-300.0,450.0,464.0,-153.0
-44.0,,111.0,-210.0,166.0,603.0,-283.0,691.0,443.0,-152.0
-130.0,,83.0,-183.0,287.0,611.0,-249.0,652.0,421.0,-128.0
-205.0,,51.0,-100.0,388.0,555.0,-201.0,585.0,394.0,-111.0
-245.0,,22.0,39.0,437.0,605.0,-155.0,848.0,366.0,-141.0
-305.0,,0.0,20.0,406.0,782.0,-105.0,580.0,357.0,-166.0
-379.0,,-45.0,-6.0,294.0,716.0,-58.0,934.0,343.0,-193.0
-424.0,,-67.0,79.0,160.0,586.0,-40.0,733.0,321.0,-234.0
-446.0,,-109.0,257.0,38.0,680.0,-48.0,794.0,293.0,-239.0
-493.0,,-142.0,420.0,-63.0,706.0,-29.0,857.0,236.0,-220.0
-510.0,,-154.0,429.0,-135.0,676.0,-24.0,617.0,173.0,-192.0
-492.0,,-170.0,487.0,-192.0,575.0,-57.0,933.0,109.0,-137.0
-498.0,,-133.0,594.0,-249.0,605.0,-89.0,639.0,46.0,-84.0
-502.0,,-140.0,621.0,-291.0,805.0,-91.0,879.0,-10.0,-43.0
-475.0,,-117.0,556.0,-309.0,671.0,-57.0,803.0,-52.0,-22.0
-413.0,,-98.0,453.0,-311.0,522.0,-28.0,707.0,-60.0,-45.0
-348.0,,-119.0,390.0,-286.0,670.0,-22.0,912.0,-61.0,-104.0
-292.0,,-82.0,302.0,-234.0,735.0,-14.0,615.0,-56.0,-189.0
-219.0,,-83.0,262.0,-154.0,615.0,26.0,894.0,-34.0,-292.0
-139.0,,-67.0,177.0,-81.0,477.0,45.0,646.0,8.0,-407.0
-68.0,,-27.0,48.0,-42.0,550.0,49.0,766.0,73.0,-518.0
-4.0,,-23.0,6.0,-21.0,805.0,63.0,897.0,144.0,-621.0
57.0,,-15.0,-22.0,-34.0,709.0,77.0,711.0,235.0,-693.0
127.0,,23.0,-13.0,-63.0,489.0,119.0,964.0,329.0,-714.0
185.0,,23.0,-88.0,-103.0,640.0,144.0,642.0,413.0,-690.0
199.0,,20.0,-117.0,-167.0,777.0,149.0,873.0,481.0,-622.0
209.0,,47.0,-28.0,-227.0,686.0,152.0,790.0,522.0,-519.0
245.0,,0.0,38.0,-258.0,488.0,168.0,727.0,540.0,-399.0
247.0,,-4.0,146.0,-243.0,473.0,216.0,890.0,557.0,-265.0
227.0,,-34.0,165.0,-193.0,700.0,247.0,572.0,554.0,-94.0
241.0,,-79.0,133.0,-107.0,688.0,259.0,864.0,530.0,112.0
262.0,,-83.0,-9.0,0.0,468.0,267.0,617.0,501.0,340.0
269.0,,-143.0,-110.0,89.0,519.0,275.0,729.0,470.0,550.0
274.0,,-153.0,42.0,164.0,684.0,246.0,853.0,453.0,730.0
276.0,,-183.0,-20.0,226.0,696.0,220.0,667.0,436.0,887.0
284.0,,-246.0,-259.0,262.0,558.0,268.0,955.0,414.0,1016.0
337.0,,-289.0,-228.0,270.0,496.0,285.0,611.0,382.0,1089.0
390.0,,-339.0,-47.0,235.0,790.0,241.0,748.0,331.0,1096.0
411.0,,-388.0,63.0,170.0,821.0,219.0,598.0,256.0,1066.0
477.0,,-426.0,59.0,101.0,547.0,227.0,509.0,168.0,983.0
590.0,,-454.0,-6.0,41.0,617.0,229.0,731.0,60.0,883.0
654.0,,-496.0,91.0,4.0,746.0,234.0,463.0,-43.0,753.0
648.0,,-511.0,249.0,-10.0,715.0,275.0,776.0,-123.0,594.0
679.0,,-529.0,377.0,-18.0,623.0,341.0,541.0,-217.0,448.0
727.0,,-536.0,401.0,-44.0,557.0,388.0,642.0,-289.0,307.0
708.0,,-505.0,281.0,-88.0,691.0,397.0,755.0,-335.0,194.0
650.0,,-479.0,318.0,-124.0,759.0,403.0,576.0,-360.0,97.0
629.0,,-411.0,294.0,-153.0,573.0,436.0,905.0,-347.0,30.0
623.0,,-335.0,186.0,-187.0,580.0,451.0,607.0,-303.0,-19.0
580.0,,-257.0,148.0,-218.0,697.0,433.0,798.0,-222.0,-60.0
507.0,,-154.0,62.0,-245.0,638.0,434.0,689.0,-119.0,-90.0
435.0,,-93.0,58.0,-257.0,586.0,414.0,615.0,-21.0,-122.0
411.0,,5.0,182.0,-243.0,521.0,366.0,848.0,69.0,-136.0
341.0,,75.0,332.0,-204.0,603.0,338.0,567.0,181.0,-128.0
234.0,,94.0,407.0,-143.0,678.0,308.0,886.0,286.0,-97.0
183.0,,140.0,393.0,-82.0,456.0,289.0,654.0,397.0,-83.0
139.0,,129.0,415.0,-29.0,436.0,254.0,711.0,513.0,-97.0
80.0,,117.0,389.0,4.0,608.0,231.0,766.0,621.0,-128.0
28.0,,114.0,296.0,28.0,615.0,236.0,487.0,709.0,-191.0
3.0,,92.0,412.0,64.0,477.0,219.0,792.0,759.0,-265.0
-5.0,,58.0,373.0,102.0,362.0,183.0,541.0,787.0,-340.0
-26.0,,58.0,190.0,144.0,577.0,124.0,812.0,773.0,-429.0
-52.0,,51.0,238.0,193.0,704.0,98.0,798.0,723.0,-528.0
-48.0,,19.0,267.0,237.0,465.0,78.0,709.0,653.0,-619.0
-36.0,,7.0,281.0,282.0,421.0,58.0,894.0,552.0,-714.0
-27.0,,-21.0,237.0,318.0,584.0,71.0,541.0,430.0,-791.0
-4.0,,-44.0,189.0,321.0,651.0,37.0,816.0,298.0,-814.0
14.0,,-92.0,161.0,290.0,582.0,-31.0,639.0,170.0,-794.0
37.0,,-126.0,55.0,211.0,447.0,-65.0,805.0,52.0,-733.0
46.0,,-157.0,24.0,94.0,479.0,-68.0,942.0,-40.0,-642.0
50.0,,-205.0,14.0,-17.0,543.0,-83.0,703.0,-114.0,-524.0
101.0,,-251.0,21.0,-106.0,398.0,-99.0,986.0,-153.0,-392.0
147.0,,-296.0,-32.0,-150.0,328.0,-99.0,628.0,-157.0,-286.0
121.0,,-310.0,-82.0,-143.0,428.0,-82.0,796.0,-156.0,-193.0
117.0,,-330.0,2.0,-112.0,413.0,-71.0,733.0,-135.0,-108.0
140.0,,-339.0,17.0,-83.0,329.0,-77.0,678.0,-113.0,-38.0
103.0,,-320.0,39.0,-80.0,279.0,-81.0,947.0,-86.0,11.0
45.0,,-279.0,19.0,-97.0,330.0,-92.0,733.0,-47.0,28.0
-31.0,,-260.0,-105.0,-113.0,500.0,-98.0,1103.0,5.0,13.0
-114.0,,-205.0,-108.0,-114.0,392.0,-99.0,888.0,61.0,-22.0
-207.0,,-133.0,-44.0,-85.0,244.0,-126.0,936.0,105.0,-75.0
-338.0,,-102.0,6.0,-52.0,304.0,-156.0,975.0,151.0,-152.0
-485.0,,-28.0,3.0,-27.0,309.0,-126.0,672.0,181.0,-190.0
-587.0,,7.0,-86.0,15.0,294.0,-88.0,934.0,208.0,-187.0
-629.0,,58.0,-121.0,80.0,177.0,-67.0,615.0,224.0,-167.0
-727.0,,124.0,-11.0,151.0,183.0,-87.0,831.0,230.0,-97.0
-845.0,,145.0,87.0,185.0,342.0,-123.0,796.0,237.0,-14.0
-881.0,,206.0,33.0,168.0,258.0,-102.0,670.0,226.0,76.0
-881.0,,229.0,38.0,128.0,102.0,-134.0,862.0,195.0,168.0
-905.0,,242.0,90.0,88.0,209.0,-198.0,602.0,159.0,261.0
-944.0,,283.0,-13.0,68.0,294.0,-246.0,973.0,128.0,344.0
-899.0,,307.0,-3.0,76.0,164.0,-292.0,766.0,94.0,414.0
-859.0,,340.0,125.0,95.0,39.0,-308.0,790.0,73.0,463.0
-817.0,,362.0,159.0,107.0,68.0,-351.0,812.0,64.0,465.0
-721.0,,396.0,38.0,86.0,277.0,-425.0,548.0,57.0,462.0
-667.0,,403.0,-13.0,22.0,246.0,-504.0,934.0,61.0,458.0
-610.0,,406.0,186.0,-65.0,116.0,-573.0,674.0,67.0,436.0
-556.0,,423.0,163.0,-150.0,259.0,-595.0,912.0,50.0,417.0
-520.0,,436.0,-79.0,-198.0,341.0,-618.0,848.0,29.0,395.0
-458.0,,451.0,-196.0,-195.0,321.0,-648.0,672.0,-3.0,390.0
-368.0,,465.0,-335.0,-147.0,253.0,-665.0,851.0,-49.0,393.0
-305.0,,503.0,-435.0,-58.0,248.0,-674.0,567.0,-88.0,367.0
-273.0,,499.0,-215.0,42.0,425.0,-684.0,964.0,-148.0,333.0
-215.0,,514.0,-43.0,130.0,399.0,-695.0,812.0,-208.0,296.0
-195.0,,520.0,-140.0,185.0,252.0,-696.0,897.0,-262.0,273.0
-189.0,,513.0,-193.0,210.0,346.0,-705.0,973.0,-316.0,235.0
-158.0,,502.0,-190.0,223.0,469.0,-709.0,654.0,-361.0,179.0
-150.0,,448.0,-103.0,231.0,471.0,-716.0,888.0,-387.0,130.0
-134.0,,437.0,27.0,235.0,354.0,-696.0,563.0,-384.0,60.0
-111.0,,372.0,70.0,236.0,275.0,-673.0,827.0,-364.0,8.0
-86.0,,301.0,58.0,214.0,458.0,-690.0,886.0,-326.0,-51.0
-39.0,,261.0,13.0,169.0,498.0,-674.0,849.0,-271.0,-103.0
13.0,,199.0,22.0,127.0,300.0,-640.0,1071.0,-205.0,-116.0
66.0,,153.0,102.0,91.0,379.0,-608.0,729.0,-149.0,-113.0
105.0,,85.0,93.0,59.0,549.0,-592.0,934.0,-107.0,-86.0
137.0,,27.0,125.0,2.0,559.0,-612.0,626.0,-81.0,-44.0
208.0,,-25.0,224.0,-68.0,459.0,-634.0,655.0,-68.0,16.0
253.0,,-70.0,173.0,-107.0,378.0,-640.0,764.0,-53.0,82.0
248.0,,-114.0,-10.0,-118.0,573.0,-638.0,533.0,-41.0,162.0
300.0,,-139.0,-120.0,-104.0,618.0,-655.0,872.0,-32.0,214.0
375.0,,-131.0,-129.0,-78.0,419.0,-653.0,585.0,-31.0,235.0
392.0,,-149.0,-125.0,-50.0,473.0,-643.0,748.0,-45.0,251.0
395.0,,-142.0,11.0,-37.0,653.0,-665.0,606.0,-69.0,246.0
411.0,,-134.0,58.0,-58.0,665.0,-659.0,432.0,-108.0,249.0
412.0,,-111.0,103.0,-88.0,544.0,-620.0,672.0,-157.0,239.0
383.0,,-73.0,258.0,-127.0,493.0,-629.0,404.0,-205.0,216.0
357.0,,-71.0,278.0,-156.0,622.0,-665.0,764.0,-260.0,186.0
350.0,,-35.0,374.0,-164.0,721.0,-669.0,563.0,-289.0,150.0
353.0,,-5.0,429.0,-152.0,609.0,-642.0,535.0,-302.0,139.0
353.0,,0.0,415.0,-101.0,518.0,-616.0,570.0,-315.0,107.0
327.0,,14.0,508.0,-32.0,561.0,-613.0,301.0,-315.0,50.0
342.0,,13.0,444.0,27.0,632.0,-593.0,602.0,-300.0,-21.0
377.0,,-7.0,165.0,57.0,595.0,-547.0,297.0,-260.0,-127.0
358.0,,-47.0,-13.0,61.0,491.0,-520.0,474.0,-213.0,-284.0
327.0,,-92.0,123.0,43.0,630.0,-536.0,360.0,-161.0,-473.0
313.0,,-131.0,182.0,3.0,722.0,-548.0,144.0,-104.0,-662.0
307.0,,-181.0,-53.0,-61.0,542.0,-522.0,282.0,-60.0,-856.0
301.0,,-222.0,-114.0,-151.0,440.0,-498.0,-92.0,-27.0,-1040.0
266.0,,-256.0,-6.0,-237.0,531.0,-481.0,205.0,-1.0,-1207.0
223.0,,-302.0,-24.0,-313.0,619.0,-460.0,49.0,24.0,-1333.0
213.0,,-311.0,-68.0,-363.0,543.0,-453.0,121.0,60.0,-1421.0
211.0,,-303.0,-79.0,-378.0,441.0,-439.0,230.0,110.0,-1480.0
195.0,,-291.0,-136.0,-371.0,561.0,-440.0,-25.0,163.0,-1507.0
159.0,,-277.0,-103.0,-354.0,752.0,-457.0,282.0,209.0,-1481.0
162.0,,-254.0,67.0,-324.0,596.0,-430.0,3.0,250.0,-1400.0
186.0,,-216.0,169.0,-279.0,407.0,-380.0,179.0,275.0,-1326.0
149.0,,-171.0,167.0,-225.0,500.0,-320.0,107.0,283.0,-1234.0
127.0,,-119.0,124.0,-160.0,517.0,-296.0,-1.0,286.0,-1128.0
135.0,,-48.0,191.0,-89.0,399.0,-306.0,208.0,272.0,-1022.0
121.0,,26.0,251.0,-16.0,248.0,-255.0,-144.0,251.0,-905.0
101.0,,61.0,334.0,32.0,258.0,-215.0,118.0,238.0,-782.0
90.0,,128.0,412.0,49.0,425.0,-217.0,-120.0,206.0,-635.0
87.0,,188.0,97.0,48.0,375.0,-225.0,-121.0,185.0,-485.0
71.0,,217.0,-96.0,32.0,237.0,-222.0,-57.0,178.0,-329.0
56.0,,272.0,-51.0,21.0,255.0,-204.0,-308.0,142.0,-156.0
25.0,,287.0,-72.0,20.0,291.0,-199.0,3.0,99.0,10.0
5.0,,293.0,-131.0,34.0,258.0,-179.0,-352.0,34.0,145.0
25.0,,297.0,-398.0,71.0,147.0,-177.0,-240.0,-39.0,235.0
1.0,,257.0,-580.0,113.0,123.0,-196.0,-362.0,-87.0,282.0
-33.0,,240.0,-585.0,158.0,306.0,-214.0,-524.0,-137.0,262.0
-41.0,,199.0,-508.0,217.0,279.0,-215.0,-273.0,-173.0,202.0
-65.0,,128.0,-310.0,282.0,90.0,-192.0,-515.0,-184.0,116.0
-73.0,,89.0,-72.0,347.0,148.0,-193.0,-186.0,-199.0,-29.0
-43.0,,11.0,-51.0,401.0,245.0,-151.0,-439.0,-205.0,-176.0
-23.0,,-65.0,-162.0,421.0,173.0,-121.0,-473.0,-227.0,-299.0
-22.0,,-114.0,-6.0,401.0,40.0,-127.0,-491.0,-248.0,-441.0
-13.0,,-171.0,129.0,333.0,56.0,-96.0,-831.0,-255.0,-558.0
18.0,,-198.0,165.0,229.0,218.0,-80.0,-528.0,-268.0,-649.0
20.0,,-219.0,261.0,103.0,188.0,-81.0,-840.0,-265.0,-734.0
0.0,,-250.0,264.0,-26.0,41.0,-80.0,-663.0,-257.0,-764.0
18.0,,-272.0,74.0,-140.0,169.0,-93.0,-759.0,-233.0,-768.0
41.0,,-287.0,50.0,-237.0,314.0,-127.0,-947.0,-192.0,-744.0
17.0,,-316.0,176.0,-309.0,235.0,-101.0,-759.0,-145.0,-662.0
-30.0,,-285.0,58.0,-353.0,131.0,-50.0,-1086.0,-98.0,-572.0
-51.0,,-260.0,10.0,-350.0,98.0,-56.0,-761.0,-49.0,-461.0
-78.0,,-249.0,-86.0,-313.0,225.0,-73.0,-912.0,21.0,-347.0
-160.0,,-178.0,-306.0,-268.0,235.0,-92.0,-803.0,82.0,-243.0
-277.0,,-162.0,-380.0,-222.0,77.0,-93.0,-655.0,123.0,-142.0
-376.0,,-101.0,-525.0,-185.0,89.0,-100.0,-909.0,139.0,-51.0
-424.0,,-68.0,-745.0,-146.0,206.0,-100.0,-593.0,128.0,67.0
-508.0,,-61.0,-778.0,-124.0,258.0,-107.0,-916.0,100.0,178.0
-584.0,,7.0,-582.0,-95.0,158.0,-113.0,-781.0,59.0,262.0
-573.0,,10.0,-404.0,-34.0,81.0,-64.0,-897.0,52.0,366.0
-557.0,,24.0,-355.0,34.0,260.0,-64.0,-1058.0,55.0,486.0
-574.0,,36.0,-199.0,119.0,369.0,-77.0,-846.0,53.0,589.0
-568.0,,15.0,68.0,197.0,172.0,-62.0,-1225.0,60.0,701.0
-502.0,,25.0,166.0,254.0,133.0,-52.0,-977.0,37.0,808.0
-429.0,,28.0,275.0,290.0,302.0,-83.0,-1247.0,0.0,895.0
-384.0,,30.0,383.0,306.0,325.0,-140.0,-1225.0,-33.0,985.0
-327.0,,54.0,287.0,316.0,209.0,-143.0,-1021.0,-68.0,1027.0
-213.0,,69.0,168.0,322.0,69.0,-149.0,-1173.0,-96.0,1036.0
-105.0,,80.0,23.0,310.0,199.0,-224.0,-825.0,-118.0,1021.0
-38.0,,99.0,-57.0,263.0,308.0,-287.0,-1160.0,-104.0,975.0
22.0,,120.0,-151.0,185.0,112.0,-283.0,-1038.0,-52.0,905.0
72.0,,143.0,-250.0,101.0,121.0,-268.0,-1162.0,1.0,811.0
128.0,,152.0,-184.0,27.0,286.0,-222.0,-1285.0,55.0,695.0
139.0,,165.0,-269.0,-31.0,252.0,-180.0,-1003.0,89.0,569.0
116.0,,174.0,-350.0,-74.0,143.0,-185.0,-1274.0,122.0,453.0
128.0,,164.0,-301.0,-112.0,87.0,-172.0,-962.0,148.0,337.0
119.0,,153.0,-362.0,-157.0,140.0,-144.0,-1189.0,167.0,231.0
56.0,,149.0,-357.0,-212.0,280.0,-143.0,-1197.0,198.0,144.0
-12.0,,149.0,-306.0,-248.0,185.0,-171.0,-1180.0,220.0,102.0
-6.0,,150.0,-318.0,-227.0,35.0,-165.0,-1489.0,242.0,104.0
-29.0,,150.0,-293.0,-158.0,155.0,-143.0,-1176.0,254.0,150.0
-107.0,,139.0,-231.0,-68.0,225.0,-141.0,-1404.0,251.0,217.0
-119.0,,138.0,-156.0,21.0,135.0,-155.0,-1082.0,231.0,264.0
-79.0,,138.0,-65.0,81.0,2.0,-176.0,-1056.0,217.0,288.0
-45.0,,100.0,12.0,105.0,84.0,-173.0,-1158.0,196.0,253.0
-97.0,,65.0,106.0,100.0,231.0,-146.0,-920.0,148.0,198.0
-113.0,,19.0,216.0,60.0,16.0,-95.0,-1252.0,100.0,141.0
-40.0,,-28.0,307.0,-7.0,-133.0,-85.0,-1005.0,46.0,57.0
3.0,,-67.0,374.0,-84.0,-10.0,-119.0,-1243.0,0.0,-15.0
-3.0,,-116.0,356.0,-141.0,10.0,-107.0,-1232.0,-52.0,-70.0
0.0,,-116.0,377.0,-172.0,-116.0,-76.0,-1147.0,-114.0,-107.0
68.0,,-123.0,435.0,-176.0,-261.0,-79.0,-1369.0,-184.0,-124.0
114.0,,-134.0,224.0,-142.0,-197.0,-75.0,-1047.0,-272.0,-125.0
108.0,,-108.0,-102.0,-99.0,-8.0,-65.0,-1328.0,-358.0,-127.0
106.0,,-86.0,-200.0,-68.0,-129.0,-87.0,-1101.0,-450.0,-135.0
123.0,,-56.0,-205.0,-40.0,-298.0,-90.0,-1117.0,-540.0,-139.0
123.0,,-43.0,-320.0,-1.0,-215.0,-85.0,-1143.0,-611.0,-168.0
77.0,,-2.0,-492.0,51.0,-174.0,-114.0,-872.0,-670.0,-203.0
23.0,,27.0,-639.0,101.0,-288.0,-95.0,-1193.0,-713.0,-243.0
24.0,,33.0,-686.0,132.0,-442.0,-55.0,-927.0,-735.0,-309.0
29.0,,53.0,-740.0,141.0,-450.0,-51.0,-1180.0,-737.0,-362.0
-25.0,,49.0,-770.0,135.0,-323.0,-49.0,-1178.0,-708.0,-398.0
-76.0,,39.0,-626.0,120.0,-365.0,-80.0,-1110.0,-653.0,-436.0
-66.0,,12.0,-467.0,86.0,-525.0,-98.0,-1276.0,-587.0,-449.0
-47.0,,-13.0,-373.0,39.0,-450.0,-84.0,-873.0,-512.0,-453.0
-108.0,,-50.0,-316.0,-6.0,-347.0,-85.0,-1125.0,-430.0,-460.0
-168.0,,-71.0,-158.0,-58.0,-388.0,-71.0,-970.0,-343.0,-441.0
-144.0,,-82.0,19.0,-112.0,-480.0,-69.0,-1108.0,-267.0,-409.0
-119.0,,-101.0,21.0,-163.0,-522.0,-59.0,-1213.0,-216.0,-366.0
-169.0,,-117.0,27.0,-206.0,-348.0,-42.0,-1003.0,-169.0,-338.0
-212.0,,-134.0,10.0,-221.0,-334.0,-35.0,-1291.0,-118.0,-315.0
-169.0,,-145.0,-93.0,-210.0,-520.0,5.0,-960.0,-81.0,-283.0
-150.0,,-178.0,-179.0,-186.0,-479.0,48.0,-1116.0,-41.0,-245.0
-192.0,,-190.0,-138.0,-169.0,-299.0,74.0,-999.0,2.0,-221.0
-240.0,,-183.0,-43.0,-148.0,-295.0,86.0,-923.0,49.0,-190.0
-243.0,,-169.0,-92.0,-109.0,-436.0,99.0,-1127.0,84.0,-149.0
-240.0,,-162.0,-86.0,-64.0,-377.0,71.0,-766.0,104.0,-104.0
-296.0,,-136.0,13.0,-8.0,-200.0,35.0,-999.0,127.0,-34.0
-326.0,,-100.0,107.0,24.0,-254.0,39.0,-707.0,131.0,34.0
-277.0,,-75.0,64.0,17.0,-408.0,23.0,-759.0,143.0,115.0
-228.0,,-33.0,-78.0,6.0,-381.0,-1.0,-870.0,152.0,192.0
-256.0,,7.0,-35.0,-1.0,-345.0,-31.0,-676.0,135.0,250.0
-288.0,,67.0,-72.0,-2.0,-364.0,-59.0,-1001.0,108.0,273.0
-237.0,,94.0,-145.0,8.0,-396.0,-90.0,-692.0,78.0,256.0
-185.0,,133.0,-208.0,15.0,-463.0,-77.0,-885.0,39.0,233.0
-227.0,,180.0,-401.0,3.0,-319.0,-41.0,-763.0,-29.0,184.0
-287.0,,174.0,-462.0,-21.0,-219.0,-83.0,-652.0,-82.0,113.0
-277.0,,191.0,-333.0,-43.0,-383.0,-107.0,-842.0,-141.0,19.0
-272.0,,198.0,-154.0,-65.0,-457.0,-94.0,-515.0,-217.0,-74.0
-356.0,,176.0,-302.0,-101.0,-402.0,-112.0,-829.0,-281.0,-160.0
-444.0,,145.0,-574.0,-142.0,-383.0,-162.0,-583.0,-358.0,-266.0
-449.0,,95.0,-515.0,-158.0,-496.0,-200.0,-620.0,-429.0,-359.0
-416.0,,24.0,-487.0,-148.0,-593.0,-209.0,-594.0,-487.0,-437.0
-429.0,,-32.0,-491.0,-120.0,-477.0,-243.0,-286.0,-533.0,-517.0
-453.0,,-110.0,-294.0,-75.0,-377.0,-252.0,-563.0,-564.0,-539.0
-377.0,,-202.0,-269.0,-23.0,-479.0,-234.0,-277.0,-567.0,-516.0
-279.0,,-246.0,-330.0,23.0,-553.0,-241.0,-572.0,-536.0,-485.0
-241.0,,-324.0,-192.0,43.0,-450.0,-266.0,-530.0,-465.0,-409.0
-220.0,,-373.0,97.0,27.0,-413.0,-239.0,-467.0,-394.0,-330.0
-173.0,,-385.0,397.0,-4.0,-556.0,-175.0,-631.0,-323.0,-254.0
-85.0,,-420.0,359.0,-27.0,-694.0,-155.0,-290.0,-230.0,-142.0
-18.0,,-412.0,253.0,-44.0,-594.0,-140.0,-585.0,-151.0,-22.0
12.0,,-403.0,287.0,-63.0,-434.0,-144.0,-328.0,-63.0,91.0
54.0,,-377.0,369.0,-86.0,-550.0,-165.0,-445.0,19.0,209.0
126.0,,-341.0,619.0,-102.0,-652.0,-152.0,-500.0,93.0,308.0
173.0,,-287.0,595.0,-106.0,-602.0,-148.0,-234.0,167.0,368.0
154.0,,-208.0,334.0,-106.0,-605.0,-179.0,-485.0,203.0,376.0
146.0,,-138.0,203.0,-89.0,-609.0,-179.0,-96.0,245.0,334.0
142.0,,-66.0,173.0,-47.0,-673.0,-150.0,-267.0,273.0,252.0
102.0,,0.0,274.0,9.0,-678.0,-160.0,-158.0,271.0,138.0
46.0,,63.0,231.0,73.0,-536.0,-176.0,-90.0,265.0,22.0
0.0,,78.0,38.0,138.0,-603.0,-172.0,-271.0,248.0,-72.0
-9.0,,90.0,-193.0,199.0,-697.0,-142.0,53.0,218.0,-122.0
-54.0,,111.0,-370.0,245.0,-626.0,-99.0,-240.0,172.0,-142.0
-135.0,,78.0,-339.0,287.0,-565.0,-50.0,11.0,106.0,-112.0
-179.0,,57.0,-361.0,300.0,-595.0,-29.0,-96.0,25.0,-34.0
-191.0,,43.0,-413.0,267.0,-718.0,-37.0,-179.0,-49.0,29.0
-221.0,,-2.0,-437.0,212.0,-599.0,-26.0,-18.0,-129.0,63.0
-294.0,,-23.0,-526.0,126.0,-427.0,-10.0,-380.0,-212.0,89.0
-350.0,,-50.0,-543.0,10.0,-576.0,8.0,-86.0,-295.0,99.0
-366.0,,-73.0,-487.0,-114.0,-741.0,28.0,-282.0,-375.0,52.0
-376.0,,-76.0,-411.0,-226.0,-629.0,47.0,-158.0,-447.0,-12.0
-406.0,,-103.0,-395.0,-314.0,-487.0,49.0,-105.0,-510.0,-107.0
-447.0,,-125.0,-364.0,-362.0,-624.0,62.0,-295.0,-535.0,-232.0
-412.0,,-150.0,-320.0,-368.0,-805.0,60.0,-11.0,-517.0,-358.0
-392.0,,-165.0,-191.0,-343.0,-744.0,19.0,-330.0,-496.0,-505.0
-436.0,,-180.0,31.0,-305.0,-575.0,18.0,-70.0,-462.0,-607.0
-410.0,,-190.0,-13.0,-272.0,-690.0,40.0,-168.0,-376.0,-651.0
-377.0,,-196.0,37.0,-229.0,-878.0,10.0,-188.0,-284.0,-663.0
-359.0,,-211.0,195.0,-165.0,-744.0,-45.0,11.0,-187.0,-651.0
-354.0,,-224.0,193.0,-82.0,-646.0,-40.0,-351.0,-74.0,-603.0
-370.0,,-234.0,197.0,-1.0,-690.0,-20.0,-83.0,46.0,-514.0
-369.0,,-228.0,183.0,53.0,-776.0,-23.0,-338.0,173.0,-420.0
-393.0,,-211.0,129.0,81.0,-820.0,-37.0,-254.0,269.0,-334.0
-418.0,,-189.0,-83.0,88.0,-621.0,-28.0,-221.0,351.0,-250.0
-428.0,,-164.0,-211.0,99.0,-511.0,20.0,-410.0,413.0,-158.0
-429.0,,-117.0,-232.0,130.0,-586.0,43.0,-97.0,430.0,-72.0
-429.0,,-96.0,-252.0,168.0,-594.0,52.0,-373.0,425.0,-6.0
-433.0,,-69.0,-357.0,187.0,-500.0,73.0,-116.0,385.0,55.0
-431.0,,-35.0,-537.0,186.0,-403.0,96.0,-230.0,314.0,92.0
-405.0,,-21.0,-401.0,178.0,-538.0,85.0,-264.0,251.0,117.0
-375.0,,8.0,-245.0,170.0,-596.0,21.0,-88.0,186.0,155.0
-342.0,,27.0,-184.0,149.0,-390.0,-20.0,-378.0,124.0,222.0
-299.0,,52.0,-162.0,104.0,-370.0,-12.0,-66.0,66.0,313.0
-288.0,,90.0,-200.0,54.0,-586.0,-21.0,-332.0,4.0,395.0
-264.0,,137.0,-75.0,12.0,-603.0,-20.0,-230.0,-35.0,473.0
-220.0,,167.0,25.0,-6.0,-373.0,10.0,-190.0,-60.0,546.0
-200.0,,192.0,152.0,-20.0,-302.0,4.0,-308.0,-66.0,616.0
-178.0,,224.0,262.0,-44.0,-465.0,-17.0,114.0,-50.0,688.0
-136.0,,231.0,135.0,-87.0,-519.0,-30.0,-121.0,-42.0,748.0
-114.0,,238.0,58.0,-152.0,-346.0,-52.0,94.0,-32.0,788.0
-111.0,,227.0,11.0,-214.0,-308.0,-67.0,-57.0,-20.0,794.0
-116.0,,205.0,-32.0,-259.0,-411.0,-74.0,-88.0,-30.0,774.0
-128.0,,202.0,-145.0,-293.0,-404.0,-74.0,138.0,-50.0,715.0
-137.0,,166.0,-363.0,-321.0,-344.0,-56.0,-123.0,-73.0,607.0
-163.0,,135.0,-410.0,-328.0,-309.0,-34.0,194.0,-91.0,463.0
-213.0,,122.0,-353.0,-313.0,-400.0,-3.0,-103.0,-116.0,273.0
-242.0,,88.0,-107.0,-266.0,-487.0,1.0,-38.0,-147.0,75.0
-232.0,,67.0,64.0,-201.0,-373.0,-4.0,7.0,-181.0,-104.0
-247.0,,41.0,-90.0,-139.0,-281.0,10.0,-219.0,-209.0,-280.0
-271.0,,21.0,-185.0,-81.0,-383.0,23.0,75.0,-233.0,-411.0
-273.0,,10.0,-135.0,-25.0,-434.0,51.0,-177.0,-265.0,-493.0
-245.0,,-1.0,-101.0,27.0,-335.0,45.0,94.0,-294.0,-551.0
-212.0,,-5.0,-52.0,70.0,-256.0,12.0,-27.0,-329.0,-542.0
-217.0,,3.0,27.0,103.0,-346.0,5.0,-57.0,-346.0,-470.0
-205.0,,3.0,-14.0,132.0,-492.0,26.0,199.0,-362.0,-374.0
-167.0,,12.0,-102.0,146.0,-350.0,47.0,-22.0,-393.0,-243.0
-128.0,,39.0,-36.0,129.0,-199.0,22.0,315.0,-387.0,-84.0
-127.0,,48.0,24.0,101.0,-375.0,22.0,42.0,-380.0,89.0
-119.0,,59.0,-140.0,71.0,-560.0,29.0,138.0,-374.0,278.0
-52.0,,50.0,-172.0,44.0,-521.0,11.0,201.0,-347.0,469.0
-16.0,,58.0,-10.0,37.0,-424.0,39.0,57.0,-322.0,620.0
-14.0,,58.0,0.0,49.0,-544.0,56.0,380.0,-288.0,754.0
-1.0,,45.0,-91.0,75.0,-685.0,54.0,88.0,-262.0,847.0
32.0,,38.0,-72.0,105.0,-575.0,82.0,301.0,-233.0,854.0
57.0,,40.0,-3.0,129.0,-436.0,101.0,97.0,-196.0,812.0
21.0,,42.0,-86.0,127.0,-565.0,124.0,73.0,-173.0,706.0
-24.0,,13.0,-20.0,107.0,-722.0,146.0,319.0,-148.0,524.0
-32.0,,32.0,186.0,95.0,-603.0,169.0,84.0,-136.0,299.0
-25.0,,15.0,256.0,81.0,-469.0,169.0,426.0,-131.0,68.0
-47.0,,13.0,215.0,72.0,-544.0,129.0,194.0,-121.0,-152.0
-111.0,,46.0,185.0,70.0,-724.0,122.0,358.0,-112.0,-359.0
-104.0,,47.0,215.0,77.0,-722.0,102.0,382.0,-98.0,-546.0
-41.0,,78.0,345.0,78.0,-580.0,67.0,164.0,-74.0,-655.0
-35.0,,112.0,425.0,47.0,-613.0,43.0,428.0,-53.0,-666.0
-74.0,,144.0,351.0,8.0,-740.0,31.0,83.0,-41.0,-640.0
-87.0,,159.0,315.0,-20.0,-702.0,56.0,299.0,-45.0,-574.0
-47.0,,174.0,200.0,-56.0,-591.0,34.0,144.0,-59.0,-471.0
-45.0,,187.0,200.0,-98.0,-662.0,23.0,121.0,-71.0,-349.0
-89.0,,217.0,200.0,-134.0,-856.0,36.0,336.0,-89.0,-247.0
-125.0,,223.0,118.0,-174.0,-934.0,51.0,77.0,-105.0,-180.0
-111.0,,211.0,96.0,-221.0,-799.0,75.0,419.0,-115.0,-143.0
-77.0,,207.0,-76.0,-258.0,-782.0,76.0,160.0,-133.0,-131.0
-96.0,,166.0,-83.0,-259.0,-935.0,107.0,284.0,-162.0,-113.0
-126.0,,157.0,-64.0,-228.0,-945.0,120.0,306.0,-201.0,-97.0
-97.0,,115.0,-204.0,-181.0,-840.0,151.0,138.0,-247.0,-74.0
-33.0,,71.0,-459.0,-132.0,-847.0,184.0,491.0,-302.0,-49.0
-6.0,,32.0,-728.0,-96.0,-975.0,172.0,190.0,-357.0,-17.0
17.0,,-31.0,-679.0,-66.0,-958.0,154.0,437.0,-407.0,17.0
74.0,,-63.0,-523.0,-39.0,-795.0,127.0,280.0,-445.0,29.0
165.0,,-122.0,-386.0,-23.0,-770.0,99.0,212.0,-464.0,30.0
240.0,,-167.0,-314.0,-19.0,-963.0,45.0,428.0,-487.0,27.0
273.0,,-186.0,-309.0,-13.0,-995.0,9.0,173.0,-497.0,17.0
322.0,,-219.0,-132.0,3.0,-812.0,8.0,491.0,-496.0,-17.0
360.0,,-237.0,38.0,35.0,-790.0,28.0,247.0,-484.0,-70.0
386.0,,-234.0,79.0,100.0,-899.0,27.0,378.0,-436.0,-183.0
400.0,,-233.0,140.0,181.0,-889.0,28.0,410.0,-386.0,-324.0
408.0,,-210.0,149.0,242.0,-703.0,68.0,218.0,-319.0,-450.0
429.0,,-184.0,163.0,262.0,-623.0,95.0,493.0,-239.0,-596.0
408.0,,-162.0,199.0,231.0,-700.0,130.0,144.0,-170.0,-723.0
398.0,,-111.0,155.0,188.0,-734.0,134.0,358.0,-94.0,-822.0
406.0,,-78.0,134.0,160.0,-642.0,122.0,229.0,-8.0,-871.0
391.0,,-47.0,200.0,150.0,-578.0,108.0,236.0,70.0,-863.0
355.0,,-2.0,117.0,134.0,-698.0,73.0,535.0,136.0,-803.0
322.0,,39.0,-82.0,80.0,-690.0,35.0,290.0,181.0,-731.0
308.0,,80.0,6.0,8.0,-544.0,7.0,569.0,208.0,-641.0
285.0,,130.0,209.0,-74.0,-557.0,17.0,277.0,228.0,-547.0
265.0,,172.0,227.0,-157.0,-681.0,36.0,321.0,226.0,-482.0
234.0,,215.0,91.0,-237.0,-655.0,61.0,327.0,223.0,-400.0
236.0,,254.0,34.0,-304.0,-522.0,88.0,136.0,220.0,-354.0
291.0,,252.0,79.0,-322.0,-511.0,110.0,443.0,194.0,-318.0
299.0,,271.0,188.0,-287.0,-569.0,149.0,147.0,162.0,-278.0
253.0,,293.0,285.0,-209.0,-613.0,197.0,397.0,130.0,-253.0
243.0,,290.0,148.0,-123.0,-471.0,197.0,275.0,122.0,-229.0
274.0,,291.0,168.0,-44.0,-318.0,183.0,258.0,125.0,-203.0
255.0,,299.0,356.0,0.0,-432.0,188.0,469.0,129.0,-170.0
190.0,,300.0,411.0,8.0,-472.0,195.0,155.0,131.0,-143.0
160.0,,291.0,396.0,4.0,-286.0,227.0,474.0,123.0,-130.0
152.0,,295.0,390.0,-14.0,-227.0,216.0,218.0,121.0,-173.0
128.0,,300.0,410.0,-45.0,-373.0,200.0,304.0,99.0,-227.0
82.0,,295.0,409.0,-85.0,-448.0,234.0,290.0,48.0,-295.0
27.0,,275.0,599.0,-111.0,-370.0,261.0,55.0,-1.0,-411.0
11.0,,255.0,710.0,-132.0,-285.0,268.0,358.0,-60.0,-537.0
7.0,,244.0,536.0,-164.0,-380.0,274.0,48.0,-122.0,-654.0
-37.0,,204.0,398.0,-188.0,-431.0,269.0,284.0,-179.0,-744.0
-85.0,,191.0,321.0,-187.0,-300.0,255.0,162.0,-226.0,-797.0
-84.0,,169.0,394.0,-163.0,-244.0,297.0,127.0,-270.0,-817.0
-71.0,,126.0,363.0,-135.0,-255.0,334.0,267.0,-313.0,-841.0
-71.0,,114.0,152.0,-125.0,-250.0,354.0,-96.0,-344.0,-831.0
-63.0,,67.0,181.0,-135.0,-139.0,366.0,173.0,-363.0,-795.0
-59.0,,20.0,252.0,-135.0,-62.0,369.0,-99.0,-365.0,-755.0
-39.0,,-13.0,275.0,-115.0,-165.0,403.0,27.0,-360.0,-717.0
-23.0,,-24.0,420.0,-86.0,-237.0,382.0,88.0,-334.0,-668.0
-51.0,,-60.0,634.0,-58.0,-181.0,375.0,-151.0,-296.0,-590.0
-84.0,,-108.0,743.0,-38.0,-65.0,417.0,83.0,-253.0,-501.0
-69.0,,-91.0,712.0,-6.0,-100.0,426.0,-242.0,-188.0,-398.0
-51.0,,-121.0,795.0,21.0,-252.0,404.0,25.0,-115.0,-303.0
-72.0,,-147.0,869.0,32.0,-178.0,394.0,-12.0,-31.0,-232.0
-61.0,,-164.0,769.0,42.0,4.0,423.0,24.0,52.0,-173.0
-44.0,,-195.0,690.0,54.0,-57.0,424.0,258.0,143.0,-126.0
-35.0,,-203.0,632.0,86.0,-150.0,405.0,-60.0,238.0,-122.0
-17.0,,-227.0,439.0,138.0,-14.0,408.0,144.0,306.0,-152.0
9.0,,-264.0,287.0,183.0,110.0,406.0,-238.0,355.0,-218.0
37.0,,-296.0,323.0,210.0,68.0,389.0,-195.0,376.0,-296.0
39.0,,-316.0,376.0,207.0,-45.0,397.0,-182.0,373.0,-375.0
44.0,,-378.0,303.0,188.0,27.0,407.0,-417.0,352.0,-473.0
28.0,,-425.0,159.0,160.0,270.0,372.0,-88.0,321.0,-547.0
7.0,,-456.0,280.0,127.0,252.0,340.0,-327.0,271.0,-606.0
10.0,,-500.0,494.0,102.0,123.0,344.0,-59.0,199.0,-626.0
-3.0,,-519.0,541.0,75.0,197.0,332.0,-199.0,126.0,-619.0
-22.0,,-532.0,481.0,43.0,331.0,277.0,-267.0,55.0,-603.0
16.0,,-532.0,331.0,21.0,416.0,246.0,-114.0,-13.0,-540.0
42.0,,-530.0,292.0,-1.0,377.0,216.0,-428.0,-92.0,-480.0
7.0,,-500.0,328.0,-32.0,356.0,177.0,-92.0,-165.0,-424.0
12.0,,-485.0,352.0,-60.0,553.0,146.0,-310.0,-224.0,-336.0
27.0,,-466.0,245.0,-86.0,622.0,140.0,-157.0,-245.0,-229.0
20.0,,-414.0,70.0,-110.0,437.0,170.0,-96.0,-242.0,-119.0
13.0,,-401.0,110.0,-130.0,444.0,214.0,-303.0,-230.0,-18.0
4.0,,-380.0,249.0,-132.0,576.0,296.0,-40.0,-177.0,92.0
2.0,,-370.0,292.0,-122.0,578.0,343.0,-371.0,-121.0,199.0
13.0,,-359.0,259.0,-109.0,523.0,367.0,-142.0,-51.0,281.0
-8.0,,-368.0,147.0,-89.0,549.0,407.0,-293.0,37.0,362.0
-47.0,,-402.0,-45.0,-70.0,755.0,417.0,-312.0,122.0,430.0
-42.0,,-413.0,-54.0,-63.0,788.0,387.0,-53.0,193.0,472.0
-40.0,,-443.0,96.0,-63.0,659.0,336.0,-277.0,241.0,487.0
-67.0,,-469.0,161.0,-57.0,726.0,316.0,44.0,283.0,463.0
-100.0,,-503.0,120.0,-33.0,854.0,297.0,-253.0,307.0,416.0
-111.0,,-516.0,77.0,21.0,847.0,256.0,-175.0,315.0,357.0
-125.0,,-521.0,136.0,104.0,711.0,195.0,-133.0,317.0,269.0
-149.0,,-534.0,198.0,163.0,703.0,166.0,-286.0,303.0,167.0
-184.0,,-514.0,209.0,163.0,889.0,175.0,14.0,280.0,51.0
-211.0,,-510.0,189.0,132.0,978.0,169.0,-299.0,244.0,-35.0
-192.0,,-492.0,169.0,93.0,843.0,168.0,-14.0,190.0,-71.0
-183.0,,-480.0,29.0,50.0,738.0,200.0,-99.0,136.0,-76.0
-192.0,,-493.0,-6.0,25.0,808.0,235.0,-129.0,69.0,-45.0
-176.0,,-475.0,225.0,32.0,914.0,255.0,64.0,7.0,24.0
-114.0,,-464.0,290.0,76.0,876.0,302.0,-267.0,-41.0,114.0
-88.0,,-454.0,266.0,145.0,734.0,308.0,-22.0,-100.0,208.0
-99.0,,-440.0,254.0,216.0,847.0,294.0,-293.0,-149.0,323.0
-58.0,,-429.0,287.0,268.0,993.0,245.0,-184.0,-191.0,418.0
-7.0,,-419.0,429.0,295.0,891.0,214.0,-153.0,-218.0,499.0
17.0,,-403.0,453.0,299.0,824.0,233.0,-277.0,-231.0,546.0
45.0,,-379.0,495.0,269.0,871.0,207.0,92.0,-252.0,574.0
116.0,,-350.0,575.0,235.0,917.0,222.0,-160.0,-247.0,596.0
182.0,,-308.0,508.0,230.0,853.0,247.0,131.0,-231.0,563.0
205.0,,-245.0,525.0,248.0,730.0,254.0,-20.0,-213.0,508.0
269.0,,-172.0,699.0,260.0,819.0,244.0,-83.0,-181.0,445.0
361.0,,-99.0,729.0,252.0,934.0,246.0,90.0,-172.0,396.0
425.0,,-45.0,569.0,233.0,834.0,263.0,-155.0,-176.0,369.0
483.0,,8.0,422.0,193.0,779.0,222.0,225.0,-184.0,342.0
547.0,,59.0,500.0,141.0,846.0,209.0,18.0,-208.0,310.0
594.0,,77.0,508.0,76.0,946.0,190.0,133.0,-220.0,310.0
643.0,,124.0,382.0,-15.0,895.0,152.0,51.0,-216.0,332.0
660.0,,143.0,411.0,-106.0,736.0,134.0,-240.0,-221.0,360.0
633.0,,130.0,372.0,-175.0,772.0,109.0,9.0,-204.0,400.0
630.0,,124.0,382.0,-213.0,865.0,109.0,-234.0,-161.0,426.0
626.0,,94.0,418.0,-230.0,793.0,117.0,118.0,-112.0,435.0
605.0,,74.0,474.0,-239.0,680.0,123.0,38.0,-41.0,430.0
586.0,,35.0,559.0,-245.0,692.0,143.0,7.0,32.0,410.0
561.0,,-17.0,379.0,-225.0,775.0,198.0,153.0,93.0,342.0
506.0,,-62.0,392.0,-165.0,733.0,236.0,-175.0,141.0,243.0
470.0,,-97.0,641.0,-81.0,588.0,224.0,134.0,160.0,131.0
470.0,,-138.0,760.0,14.0,605.0,215.0,-75.0,160.0,6.0
463.0,,-167.0,741.0,103.0,756.0,211.0,123.0,133.0,-117.0
435.0,,-181.0,485.0,168.0,732.0,229.0,197.0,83.0,-220.0
408.0,,-204.0,367.0,202.0,569.0,219.0,7.0,7.0,-300.0
417.0,,-194.0,558.0,218.0,585.0,186.0,288.0,-106.0,-366.0
397.0,,-166.0,682.0,202.0,627.0,196.0,-75.0,-215.0,-418.0
345.0,,-136.0,702.0,149.0,471.0,229.0,121.0,-324.0,-406.0
317.0,,-90.0,644.0,100.0,269.0,236.0,-20.0,-427.0,-353.0
290.0,,-28.0,568.0,60.0,314.0,246.0,-35.0,-520.0,-311.0
252.0,,14.0,563.0,26.0,473.0,268.0,181.0,-585.0,-241.0
222.0,,54.0,532.0,13.0,381.0,245.0,-36.0,-614.0,-209.0
182.0,,90.0,466.0,22.0,298.0,229.0,319.0,-631.0,-207.0
132.0,,103.0,382.0,41.0,330.0,196.0,-9.0,-609.0,-230.0
89.0,,99.0,242.0,56.0,387.0,168.0,73.0,-564.0,-314.0
38.0,,87.0,145.0,59.0,329.0,158.0,96.0,-504.0,-415.0
-9.0,,57.0,124.0,46.0,206.0,104.0,-44.0,-422.0,-528.0
-57.0,,4.0,84.0,20.0,242.0,93.0,339.0,-335.0,-609.0
-118.0,,-73.0,27.0,-24.0,320.0,96.0,68.0,-257.0,-683.0
-175.0,,-189.0,72.0,-83.0,331.0,70.0,291.0,-178.0,-721.0
-210.0,,-282.0,119.0,-151.0,183.0,65.0,84.0,-96.0,-699.0
-242.0,,-409.0,87.0,-223.0,90.0,76.0,3.0,-38.0,-635.0
-264.0,,-530.0,11.0,-270.0,144.0,114.0,203.0,13.0,-504.0
-274.0,,-612.0,-8.0,-282.0,127.0,148.0,-25.0,58.0,-331.0
-272.0,,-716.0,-5.0,-273.0,-37.0,136.0,288.0,91.0,-136.0
-249.0,,-758.0,-73.0,-258.0,-88.0,109.0,12.0,107.0,26.0
-207.0,,-807.0,38.0,-238.0,79.0,73.0,164.0,114.0,146.0
-164.0,,-826.0,200.0,-200.0,87.0,31.0,214.0,131.0,216.0
-134.0,,-796.0,267.0,-150.0,-62.0,-1.0,16.0,146.0,239.0
-88.0,,-767.0,153.0,-89.0,-85.0,-33.0,303.0,157.0,222.0
-24.0,,-698.0,38.0,-18.0,52.0,-54.0,9.0,174.0,129.0
38.0,,-615.0,135.0,40.0,68.0,-63.0,245.0,209.0,25.0
99.0,,-527.0,193.0,73.0,-98.0,-45.0,121.0,245.0,-81.0
176.0,,-452.0,177.0,95.0,-137.0,-18.0,88.0,285.0,-167.0
255.0,,-378.0,17.0,129.0,89.0,-4.0,254.0,340.0,-207.0
339.0,,-316.0,-48.0,172.0,204.0,-7.0,-46.0,375.0,-235.0
413.0,,-260.0,-99.0,216.0,14.0,-15.0,240.0,400.0,-202.0
443.0,,-215.0,-62.0,271.0,-59.0,3.0,-57.0,393.0,-101.0
472.0,,-189.0,128.0,321.0,-4.0,0.0,20.0,341.0,24.0
499.0,,-151.0,90.0,334.0,-11.0,-34.0,44.0,291.0,167.0
503.0,,-136.0,137.0,298.0,-101.0,-59.0,-140.0,249.0,325.0
482.0,,-115.0,242.0,213.0,-185.0,-78.0,173.0,209.0,463.0
474.0,,-118.0,405.0,93.0,-50.0,-72.0,-116.0,169.0,573.0
463.0,,-113.0,609.0,-46.0,44.0,-62.0,118.0,139.0,645.0
455.0,,-80.0,622.0,-171.0,-47.0,-60.0,-51.0,109.0,669.0
461.0,,-94.0,694.0,-250.0,-110.0,-46.0,-123.0,72.0,661.0
444.0,,-86.0,725.0,-292.0,-77.0,-39.0,55.0,34.0,589.0
453.0,,-91.0,633.0,-291.0,31.0,-34.0,-230.0,1.0,497.0
444.0,,-118.0,552.0,-248.0,-90.0,-10.0,79.0,-25.0,409.0
449.0,,-123.0,404.0,-176.0,-242.0,-16.0,-254.0,-45.0,291.0
443.0,,-161.0,261.0,-91.0,-64.0,-35.0,-221.0,-52.0,162.0
377.0,,-185.0,167.0,-12.0,37.0,-35.0,-188.0,-59.0,47.0
351.0,,-186.0,137.0,60.0,-35.0,-35.0,-363.0,-31.0,-52.0
321.0,,-233.0,162.0,126.0,-67.0,-17.0,-25.0,-1.0,-126.0
255.0,,-234.0,78.0,182.0,-14.0,-22.0,-327.0,13.0,-183.0
212.0,,-225.0,17.0,223.0,80.0,-14.0,-103.0,48.0,-225.0
211.0,,-246.0,-31.0,242.0,-33.0,26.0,-214.0,92.0,-208.0
198.0,,-239.0,-83.0,228.0,-159.0,54.0,-290.0,153.0,-152.0
181.0,,-256.0,-73.0,176.0,60.0,97.0,-142.0,205.0,-92.0
163.0,,-238.0,-84.0,84.0,138.0,108.0,-458.0,244.0,-36.0
162.0,,-227.0,3.0,-37.0,-54.0,127.0,-138.0,280.0,19.0
180.0,,-238.0,0.0,-139.0,-150.0,163.0,-376.0,291.0,68.0
180.0,,-204.0,-124.0,-184.0,-114.0,190.0,-267.0,286.0,103.0
163.0,,-181.0,-186.0,-169.0,-42.0,237.0,-229.0,283.0,129.0
138.0,,-136.0,-27.0,-119.0,-121.0,216.0,-460.0,265.0,149.0
149.0,,-103.0,258.0,-62.0,-229.0,180.0,-162.0,247.0,187.0
137.0,,-86.0,207.0,-13.0,-150.0,183.0,-461.0,234.0,218.0
99.0,,-38.0,13.0,10.0,47.0,149.0,-201.0,212.0,236.0
80.0,,-24.0,41.0,4.0,78.0,162.0,-295.0,199.0,270.0
90.0,,-20.0,134.0,-37.0,-68.0,197.0,-332.0,169.0,304.0
94.0,,-14.0,84.0,-108.0,-83.0,219.0,-118.0,136.0,330.0
79.0,,-8.0,221.0,-163.0,37.0,221.0,-428.0,104.0,349.0
84.0,,12.0,418.0,-163.0,-28.0,194.0,-144.0,81.0,358.0
88.0,,18.0,181.0,-104.0,-240.0,211.0,-450.0,64.0,374.0
106.0,,37.0,38.0,-31.0,-207.0,221.0,-365.0,46.0,379.0
91.0,,49.0,199.0,33.0,-67.0,229.0,-269.0,46.0,359.0
65.0,,40.0,352.0,74.0,-164.0,235.0,-437.0,30.0,329.0
70.0,,53.0,423.0,80.0,-382.0,228.0,-153.0,6.0,286.0
87.0,,29.0,397.0,60.0,-386.0,230.0,-482.0,-34.0,231.0
64.0,,22.0,370.0,20.0,-248.0,227.0,-251.0,-86.0,153.0
42.0,,23.0,379.0,-3.0,-290.0,248.0,-345.0,-127.0,63.0
76.0,,-5.0,435.0,-5.0,-462.0,268.0,-306.0,-158.0,-26.0
70.0,,-8.0,382.0,13.0,-484.0,282.0,-66.0,-176.0,-93.0
59.0,,-18.0,328.0,37.0,-370.0,301.0,-360.0,-188.0,-155.0
56.0,,-14.0,376.0,39.0,-410.0,297.0,-55.0,-181.0,-220.0
74.0,,3.0,384.0,28.0,-563.0,285.0,-323.0,-166.0,-252.0
96.0,,5.0,449.0,2.0,-550.0,278.0,-181.0,-153.0,-269.0
86.0,,17.0,481.0,-25.0,-438.0,249.0,-103.0,-134.0,-264.0
107.0,,27.0,410.0,-55.0,-487.0,218.0,-291.0,-109.0,-239.0
126.0,,21.0,312.0,-86.0,-675.0,240.0,-29.0,-94.0,-192.0
132.0,,26.0,198.0,-114.0,-684.0,271.0,-380.0,-76.0,-131.0
133.0,,35.0,99.0,-145.0,-533.0,268.0,-171.0,-50.0,-49.0
119.0,,34.0,136.0,-171.0,-561.0,266.0,-286.0,-40.0,47.0
107.0,,28.0,175.0,-202.0,-684.0,255.0,-290.0,-31.0,135.0
116.0,,43.0,-54.0,-218.0,-709.0,238.0,-77.0,-21.0,272.0
94.0,,46.0,-397.0,-222.0,-603.0,249.0,-312.0,-4.0,405.0
48.0,,42.0,-470.0,-217.0,-577.0,265.0,18.0,28.0,491.0
47.0,,60.0,-360.0,-189.0,-799.0,272.0,-230.0,53.0,587.0
39.0,,57.0,-490.0,-149.0,-893.0,292.0,-83.0,64.0,665.0
9.0,,85.0,-681.0,-110.0,-729.0,331.0,-27.0,73.0,688.0
-12.0,,94.0,-749.0,-92.0,-661.0,338.0,-240.0,71.0,696.0
-1.0,,99.0,-736.0,-94.0,-839.0,313.0,20.0,40.0,717.0
37.0,,108.0,-528.0,-107.0,-924.0,338.0,-279.0,-7.0,724.0
43.0,,112.0,-288.0,-120.0,-774.0,397.0,3.0,-61.0,717.0
45.0,,138.0,-223.0,-123.0,-745.0,433.0,-48.0,-121.0,708.0
98.0,,139.0,-187.0,-114.0,-949.0,439.0,-31.0,-182.0,679.0
157.0,,189.0,-17.0,-89.0,-965.0,475.0,173.0,-232.0,650.0
172.0,,236.0,204.0,-40.0,-712.0,543.0,-144.0,-284.0,643.0
153.0,,273.0,359.0,36.0,-674.0,569.0,131.0,-349.0,600.0
161.0,,343.0,438.0,119.0,-876.0,590.0,-169.0,-382.0,541.0
199.0,,407.0,363.0,177.0,-962.0,590.0,-81.0,-401.0,493.0
187.0,,450.0,252.0,193.0,-831.0,560.0,-7.0,-412.0,419.0
152.0,,490.0,307.0,159.0,-797.0,521.0,-186.0,-404.0,349.0
155.0,,518.0,411.0,103.0,-975.0,464.0,138.0,-401.0,293.0
183.0,,504.0,532.0,54.0,-1051.0,397.0,-160.0,-370.0,258.0
207.0,,510.0,507.0,30.0,-901.0,341.0,88.0,-339.0,228.0
198.0,,481.0,332.0,25.0,-805.0,364.0,-27.0,-322.0,192.0
186.0,,419.0,309.0,31.0,-1003.0,391.0,-88.0,-293.0,169.0
217.0,,378.0,322.0,38.0,-1108.0,386.0,94.0,-280.0,150.0
257.0,,317.0,264.0,35.0,-903.0,388.0,-210.0,-275.0,122.0
258.0,,242.0,101.0,19.0,-785.0,413.0,105.0,-257.0,65.0
263.0,,180.0,-63.0,-7.0,-872.0,448.0,-145.0,-230.0,-18.0
282.0,,107.0,-81.0,-26.0,-963.0,434.0,14.0,-183.0,-125.0
285.0,,18.0,-115.0,-36.0,-890.0,397.0,79.0,-123.0,-231.0
264.0,,-48.0,-149.0,-37.0,-737.0,353.0,-138.0,-47.0,-347.0
231.0,,-140.0,-45.0,-23.0,-765.0,331.0,144.0,43.0,-459.0
250.0,,-232.0,71.0,-12.0,-850.0,299.0,-218.0,113.0,-549.0
241.0,,-319.0,67.0,3.0,-766.0,268.0,25.0,181.0,-620.0
188.0,,-395.0,113.0,36.0,-721.0,239.0,-7.0,262.0,-632.0
195.0,,-476.0,238.0,81.0,-874.0,165.0,42.0,320.0,-595.0
211.0,,-541.0,178.0,124.0,-975.0,134.0,330.0,383.0,-528.0
209.0,,-548.0,69.0,152.0,-863.0,148.0,75.0,433.0,-434.0
209.0,,-585.0,59.0,155.0,-765.0,188.0,343.0,465.0,-317.0
209.0,,-575.0,69.0,134.0,-881.0,222.0,-24.0,485.0,-191.0
196.0,,-547.0,185.0,95.0,-966.0,219.0,-7.0,476.0,-65.0
212.0,,-519.0,245.0,47.0,-859.0,232.0,40.0,472.0,34.0
216.0,,-472.0,197.0,11.0,-760.0,246.0,-112.0,456.0,93.0
197.0,,-446.0,104.0,-26.0,-780.0,201.0,260.0,445.0,148.0
225.0,,-376.0,80.0,-81.0,-881.0,163.0,3.0,448.0,159.0
206.0,,-309.0,178.0,-140.0,-797.0,165.0,258.0,443.0,122.0
165.0,,-240.0,154.0,-188.0,-569.0,165.0,75.0,431.0,53.0
158.0,,-172.0,114.0,-198.0,-616.0,156.0,-59.0,420.0,-51.0
153.0,,-120.0,-77.0,-164.0,-756.0,110.0,147.0,429.0,-146.0
126.0,,-79.0,-355.0,-100.0,-730.0,98.0,-121.0,431.0,-242.0
82.0,,-56.0,-436.0,-28.0,-671.0,113.0,271.0,439.0,-362.0
91.0,,-47.0,-510.0,46.0,-669.0,109.0,105.0,461.0,-471.0
119.0,,-50.0,-545.0,110.0,-764.0,123.0,225.0,470.0,-565.0
97.0,,-65.0,-685.0,127.0,-702.0,130.0,269.0,483.0,-657.0
51.0,,-97.0,-893.0,76.0,-475.0,105.0,36.0,491.0,-739.0
64.0,,-128.0,-816.0,-9.0,-481.0,60.0,315.0,500.0,-823.0
92.0,,-189.0,-735.0,-88.0,-625.0,5.0,-18.0,511.0,-910.0
89.0,,-235.0,-662.0,-145.0,-603.0,-35.0,186.0,507.0,-956.0
20.0,,-258.0,-467.0,-180.0,-461.0,-52.0,73.0,491.0,-959.0
-32.0,,-318.0,-387.0,-189.0,-401.0,-96.0,36.0,466.0,-966.0
11.0,,-339.0,-202.0,-171.0,-454.0,-135.0,242.0,430.0,-919.0
24.0,,-354.0,24.0,-141.0,-490.0,-138.0,-46.0,389.0,-819.0
-2.0,,-378.0,254.0,-92.0,-358.0,-138.0,291.0,343.0,-713.0
-15.0,,-358.0,438.0,-20.0,-276.0,-117.0,64.0,284.0,-614.0
10.0,,-370.0,427.0,73.0,-336.0,-105.0,164.0,224.0,-540.0
23.0,,-356.0,442.0,180.0,-276.0,-112.0,216.0,175.0,-457.0
13.0,,-322.0,451.0,267.0,-184.0,-122.0,49.0,127.0,-364.0
16.0,,-307.0,531.0,318.0,-154.0,-152.0,362.0,88.0,-288.0
4.0,,-262.0,594.0,329.0,-169.0,-203.0,51.0,65.0,-251.0
6.0,,-228.0,543.0,323.0,-112.0,-255.0,280.0,45.0,-199.0
0.0,,-195.0,471.0,301.0,101.0,-289.0,114.0,26.0,-167.0
-46.0,,-152.0,321.0,263.0,156.0,-316.0,36.0,16.0,-181.0
-78.0,,-105.0,313.0,213.0,-16.0,-334.0,214.0,15.0,-196.0
-53.0,,-54.0,471.0,135.0,-94.0,-355.0,-75.0,16.0,-222.0
-89.0,,3.0,442.0,45.0,-4.0,-393.0,284.0,42.0,-245.0
-155.0,,59.0,368.0,-35.0,68.0,-401.0,88.0,86.0,-265.0
-164.0,,91.0,424.0,-98.0,-54.0,-388.0,216.0,139.0,-237.0
-184.0,,155.0,466.0,-153.0,-174.0,-355.0,153.0,205.0,-194.0
-191.0,,202.0,513.0,-199.0,-37.0,-325.0,-112.0,265.0,-139.0
-212.0,,247.0,503.0,-224.0,78.0,-313.0,203.0,308.0,-59.0
-267.0,,311.0,425.0,-248.0,20.0,-261.0,-92.0,322.0,0.0
-288.0,,352.0,321.0,-282.0,39.0,-233.0,142.0,322.0,85.0
-302.0,,409.0,278.0,-307.0,211.0,-235.0,-5.0,315.0,176.0
-338.0,,430.0,319.0,-291.0,278.0,-227.0,-48.0,308.0,254.0
-386.0,,454.0,307.0,-244.0,152.0,-235.0,123.0,307.0,349.0
-426.0,,460.0,261.0,-199.0,98.0,-239.0,-162.0,305.0,449.0
-435.0,,437.0,259.0,-184.0,266.0,-269.0,151.0,302.0,528.0
-468.0,,437.0,237.0,-187.0,373.0,-255.0,-110.0,289.0,612.0
-502.0,,406.0,223.0,-171.0,231.0,-224.0,1.0,277.0,702.0
-514.0,,389.0,307.0,-120.0,183.0,-231.0,-33.0,256.0,800.0
-543.0,,397.0,413.0,-41.0,260.0,-238.0,-249.0,234.0,930.0
-568.0,,346.0,429.0,30.0,210.0,-256.0,31.0,211.0,1030.0
-586.0,,306.0,301.0,84.0,49.0,-248.0,-317.0,182.0,1124.0
-599.0,,278.0,254.0,124.0,-37.0,-253.0,-96.0,168.0,1212.0
-651.0,,220.0,287.0,152.0,89.0,-256.0,-221.0,162.0,1245.0
-676.0,,197.0,210.0,162.0,181.0,-257.0,-249.0,139.0,1242.0
-649.0,,131.0,79.0,152.0,63.0,-275.0,-75.0,101.0,1203.0
-689.0,,67.0,-122.0,128.0,-3.0,-305.0,-376.0,85.0,1152.0
-688.0,,9.0,-275.0,90.0,154.0,-322.0,-112.0,72.0,1088.0
-633.0,,-59.0,-211.0,43.0,302.0,-272.0,-380.0,77.0,980.0
-630.0,,-110.0,-185.0,-4.0,222.0,-252.0,-234.0,108.0,848.0
-598.0,,-176.0,-225.0,-43.0,123.0,-241.0,-190.0,134.0,723.0
-539.0,,-217.0,-83.0,-69.0,223.0,-244.0,-339.0,175.0,605.0
-474.0,,-247.0,95.0,-91.0,361.0,-297.0,-68.0,233.0,515.0
-431.0,,-278.0,339.0,-103.0,237.0,-291.0,-467.0,301.0,430.0
-381.0,,-314.0,625.0,-79.0,79.0,-276.0,-306.0,373.0,319.0
-290.0,,-305.0,686.0,-36.0,154.0,-258.0,-500.0,428.0,231.0
-243.0,,-301.0,537.0,11.0,208.0,-228.0,-532.0,479.0,155.0
-210.0,,-314.0,388.0,59.0,121.0,-238.0,-306.0,501.0,63.0
-188.0,,-280.0,349.0,83.0,35.0,-245.0,-498.0,487.0,-18.0
-185.0,,-269.0,289.0,68.0,131.0,-251.0,-107.0,458.0,-80.0
-199.0,,-249.0,109.0,20.0,231.0,-273.0,-365.0,401.0,-140.0
-253.0,,-210.0,-27.0,-32.0,109.0,-260.0,-251.0,343.0,-178.0
-319.0,,-184.0,-28.0,-83.0,-27.0,-233.0,-264.0,273.0,-181.0
-340.0,,-126.0,-73.0,-112.0,12.0,-229.0,-441.0,191.0,-211.0
-341.0,,-74.0,-100.0,-113.0,123.0,-239.0,-153.0,108.0,-250.0
-408.0,,-29.0,-35.0,-105.0,65.0,-258.0,-439.0,32.0,-278.0
-443.0,,38.0,31.0,-91.0,-45.0,-256.0,-134.0,-24.0,-306.0
-424.0,,63.0,93.0,-77.0,-26.0,-235.0,-314.0,-70.0,-313.0
-419.0,,88.0,97.0,-60.0,60.0,-227.0,-375.0,-85.0,-314.0
-453.0,,118.0,74.0,-66.0,85.0,-212.0,-236.0,-82.0,-288.0
-476.0,,136.0,117.0,-101.0,-3.0,-221.0,-517.0,-57.0,-266.0
-467.0,,156.0,221.0,-131.0,-6.0,-243.0,-155.0,-13.0,-225.0
-476.0,,169.0,272.0,-143.0,139.0,-239.0,-360.0,35.0,-159.0
-506.0,,168.0,365.0,-145.0,171.0,-227.0,-147.0,80.0,-106.0
-552.0,,174.0,498.0,-141.0,58.0,-219.0,-99.0,116.0,-26.0
-558.0,,179.0,474.0,-143.0,70.0,-243.0,-297.0,159.0,42.0
-547.0,,172.0,428.0,-167.0,208.0,-262.0,-99.0,181.0,129.0
-566.0,,193.0,569.0,-195.0,231.0,-269.0,-454.0,201.0,217.0
-615.0,,174.0,611.0,-185.0,99.0,-308.0,-181.0,201.0,286.0
-628.0,,170.0,562.0,-130.0,93.0,-341.0,-306.0,190.0,370.0
-562.0,,178.0,715.0,-39.0,265.0,-339.0,-269.0,187.0,418.0
-544.0,,156.0,640.0,76.0,281.0,-347.0,-64.0,150.0,481.0
-557.0,,182.0,441.0,185.0,91.0,-382.0,-336.0,125.0,539.0
-509.0,,192.0,355.0,238.0,66.0,-389.0,-31.0,108.0,570.0
-436.0,,212.0,211.0,231.0,279.0,-394.0,-291.0,96.0,594.0
-377.0,,231.0,221.0,172.0,329.0,-422.0,-86.0,91.0,593.0
-325.0,,238.0,197.0,85.0,179.0,-420.0,5.0,81.0,560.0
-265.0,,262.0,79.0,13.0,158.0,-403.0,-97.0,74.0,493.0
-221.0,,246.0,92.0,-19.0,343.0,-446.0,166.0,48.0,413.0
-170.0,,239.0,72.0,-8.0,381.0,-507.0,-205.0,21.0,306.0
-151.0,,233.0,72.0,26.0,196.0,-505.0,20.0,-5.0,179.0
-144.0,,195.0,190.0,57.0,169.0,-533.0,-158.0,-20.0,48.0
-120.0,,171.0,294.0,72.0,290.0,-587.0,-164.0,-42.0,-77.0
-126.0,,120.0,448.0,64.0,369.0,-610.0,11.0,-57.0,-184.0
-130.0,,67.0,535.0,54.0,286.0,-620.0,-303.0,-68.0,-265.0
-129.0,,40.0,453.0,60.0,225.0,-624.0,-53.0,-97.0,-306.0
-114.0,,-26.0,402.0,65.0,386.0,-645.0,-325.0,-102.0,-331.0
-123.0,,-56.0,397.0,57.0,496.0,-617.0,-118.0,-128.0,-301.0
-141.0,,-88.0,423.0,48.0,404.0,-595.0,-66.0,-161.0,-256.0
-148.0,,-132.0,414.0,60.0,349.0,-611.0,-136.0,-191.0,-221.0
-142.0,,-137.0,352.0,86.0,519.0,-615.0,256.0,-239.0,-128.0
-121.0,,-173.0,314.0,100.0,562.0,-636.0,29.0,-282.0,-28.0
-152.0,,-182.0,342.0,111.0,344.0,-651.0,351.0,-331.0,44.0
-151.0,,-174.0,311.0,127.0,251.0,-682.0,173.0,-372.0,97.0
-128.0,,-170.0,247.0,132.0,380.0,-690.0,136.0,-401.0,140.0
-124.0,,-171.0,359.0,122.0,413.0,-670.0,206.0,-424.0,179.0
-104.0,,-148.0,432.0,98.0,213.0,-673.0,-136.0,-433.0,193.0
-84.0,,-131.0,396.0,64.0,150.0,-652.0,144.0,-403.0,224.0
-45.0,,-113.0,396.0,30.0,341.0,-617.0,-134.0,-365.0,274.0
17.0,,-64.0,446.0,14.0,454.0,-574.0,103.0,-331.0,290.0
43.0,,-46.0,395.0,18.0,308.0,-554.0,145.0,-283.0,287.0
25.0,,11.0,338.0,43.0,214.0,-534.0,83.0,-242.0,288.0
39.0,,56.0,445.0,89.0,371.0,-516.0,397.0,-197.0,299.0
44.0,,76.0,420.0,130.0,492.0,-517.0,46.0,-171.0,294.0
10.0,,104.0,319.0,134.0,402.0,-493.0,341.0,-171.0,243.0
-28.0,,114.0,262.0,96.0,221.0,-507.0,229.0,-172.0,146.0
-51.0,,116.0,254.0,35.0,239.0,-526.0,306.0,-187.0,37.0
-68.0,,80.0,306.0,-30.0,379.0,-535.0,426.0,-219.0,-56.0
-123.0,,35.0,318.0,-98.0,299.0,-593.0,83.0,-270.0,-148.0
-183.0,,-20.0,362.0,-162.0,129.0,-640.0,312.0,-325.0,-229.0
-183.0,,-76.0,363.0,-236.0,175.0,-610.0,9.0,-380.0,-311.0
-190.0,,-146.0,398.0,-308.0,338.0,-574.0,216.0,-435.0,-382.0
-277.0,,-210.0,448.0,-336.0,308.0,-559.0,216.0,-470.0,-443.0
-315.0,,-266.0,488.0,-296.0,114.0,-500.0,145.0,-494.0,-475.0
-334.0,,-337.0,589.0,-201.0,120.0,-462.0,437.0,-502.0,-474.0
-368.0,,-364.0,525.0,-87.0,258.0,-468.0,127.0,-504.0,-453.0
-405.0,,-415.0,443.0,13.0,175.0,-476.0,441.0,-503.0,-385.0
-467.0,,-440.0,521.0,83.0,58.0,-488.0,321.0,-496.0,-328.0
-496.0,,-436.0,586.0,130.0,116.0,-539.0,428.0,-488.0,-283.0
-557.0,,-461.0,527.0,148.0,211.0,-543.0,576.0,-470.0,-204.0
-664.0,,-424.0,458.0,147.0,69.0,-515.0,271.0,-448.0,-150.0
-761.0,,-381.0,363.0,149.0,-143.0,-569.0,511.0,-412.0,-127.0
-807.0,,-326.0,192.0,149.0,-75.0,-573.0,168.0,-371.0,-98.0
-872.0,,-258.0,95.0,151.0,40.0,-553.0,314.0,-310.0,-91.0
-963.0,,-231.0,43.0,157.0,6.0,-540.0,317.0,-238.0,-117.0
-1038.0,,-171.0,-15.0,158.0,-141.0,-479.0,291.0,-171.0,-157.0
-1080.0,,-140.0,32.0,145.0,-125.0,-426.0,593.0,-100.0,-224.0
-1054.0,,-131.0,231.0,115.0,8.0,-370.0,323.0,-55.0,-289.0
-1082.0,,-79.0,365.0,70.0,-41.0,-321.0,607.0,-27.0,-373.0
-1117.0,,-84.0,400.0,12.0,-161.0,-303.0,384.0,-21.0,-486.0
-1095.0,,-95.0,425.0,-45.0,-145.0,-315.0,397.0,-34.0,-582.0
-1062.0,,-86.0,402.0,-94.0,2.0,-326.0,428.0,-53.0,-673.0
-1023.0,,-122.0,420.0,-139.0,-30.0,-328.0,155.0,-93.0,-719.0
-997.0,,-144.0,429.0,-166.0,-167.0,-322.0,500.0,-126.0,-739.0
-972.0,,-164.0,387.0,-166.0,-143.0,-314.0,267.0,-161.0,-734.0
-919.0,,-216.0,375.0,-133.0,-37.0,-295.0,519.0,-199.0,-667.0
-847.0,,-247.0,348.0,-77.0,-66.0,-261.0,447.0,-240.0,-608.0
-826.0,,-254.0,343.0,-28.0,-189.0,-252.0,282.0,-282.0,-524.0
-778.0,,-271.0,416.0,10.0,-162.0,-224.0,424.0,-311.0,-392.0
-720.0,,-287.0,546.0,35.0,-68.0,-179.0,73.0,-359.0,-226.0
-680.0,,-274.0,765.0,38.0,-108.0,-147.0,424.0,-424.0,-73.0
-642.0,,-283.0,969.0,25.0,-285.0,-130.0,301.0,-477.0,23.0
-620.0,,-261.0,947.0,15.0,-317.0,-98.0,436.0,-560.0,126.0
-549.0,,-238.0,823.0,14.0,-197.0,-84.0,546.0,-669.0,200.0
-538.0,,-238.0,863.0,18.0,-237.0,-116.0,286.0,-748.0,246.0
-543.0,,-216.0,1006.0,25.0,-334.0,-130.0,550.0,-800.0,271.0
-494.0,,-217.0,1060.0,5.0,-279.0,-104.0,214.0,-832.0,224.0
-431.0,,-187.0,972.0,-36.0,-133.0,-42.0,375.0,-841.0,175.0
-410.0,,-188.0,936.0,-89.0,-89.0,-8.0,249.0,-827.0,90.0
-407.0,,-149.0,893.0,-117.0,-166.0,15.0,144.0,-809.0,-32.0
-358.0,,-103.0,777.0,-89.0,-187.0,40.0,412.0,-771.0,-119.0
-341.0,,-80.0,692.0,-33.0,-166.0,68.0,169.0,-712.0,-191.0
-259.0,,-22.0,568.0,10.0,-204.0,96.0,513.0,-642.0,-242.0
-213.0,,-16.0,442.0,6.0,-283.0,107.0,280.0,-543.0,-254.0
-208.0,,15.0,400.0,-29.0,-331.0,130.0,286.0,-427.0,-265.0
-132.0,,24.0,413.0,-66.0,-250.0,152.0,351.0,-302.0,-238.0
-83.0,,32.0,295.0,-87.0,-180.0,160.0,60.0,-185.0,-160.0
-53.0,,34.0,262.0,-90.0,-267.0,144.0,325.0,-71.0,-121.0
-65.0,,23.0,446.0,-89.0,-317.0,152.0,31.0,42.0,-75.0
-36.0,,53.0,618.0,-103.0,-204.0,166.0,269.0,118.0,-11.0
-7.0,,22.0,875.0,-131.0,-104.0,160.0,238.0,170.0,25.0
-19.0,,14.0,1080.0,-164.0,-235.0,155.0,147.0,193.0,86.0
-56.0,,38.0,1094.0,-200.0,-356.0,156.0,367.0,174.0,119.0
-105.0,,24.0,1101.0,-226.0,-205.0,164.0,48.0,124.0,136.0
-96.0,,21.0,1210.0,-230.0,-143.0,139.0,351.0,60.0,187.0
-108.0,,47.0,1254.0,-213.0,-372.0,111.0,144.0,-17.0,220.0
-121.0,,52.0,1074.0,-186.0,-490.0,101.0,212.0,-107.0,263.0
-156.0,,70.0,903.0,-148.0,-336.0,93.0,277.0,-190.0,329.0
-149.0,,106.0,788.0,-100.0,-297.0,86.0,-31.0,-278.0,357.0
-80.0,,126.0,627.0,-54.0,-405.0,90.0,203.0,-349.0,375.0
-69.0,,195.0,498.0,-11.0,-410.0,84.0,-109.0,-400.0,380.0
-76.0,,239.0,373.0,17.0,-318.0,58.0,110.0,-450.0,327.0
-40.0,,270.0,316.0,35.0,-278.0,40.0,48.0,-482.0,228.0
-3.0,,333.0,304.0,48.0,-389.0,59.0,14.0,-508.0,114.0
-1.0,,358.0,206.0,50.0,-435.0,74.0,271.0,-504.0,37.0
19.0,,394.0,104.0,49.0,-309.0,48.0,18.0,-497.0,-65.0
25.0,,430.0,186.0,48.0,-246.0,26.0,352.0,-486.0,-157.0
37.0,,454.0,403.0,58.0,-344.0,15.0,90.0,-445.0,-209.0
40.0,,495.0,435.0,93.0,-398.0,33.0,129.0,-403.0,-286.0
37.0,,499.0,365.0,129.0,-334.0,54.0,145.0,-342.0,-332.0
10.0,,501.0,326.0,135.0,-308.0,58.0,-118.0,-286.0,-383.0
-94.0,,530.0,297.0,115.0,-402.0,61.0,160.0,-226.0,-413.0
-161.0,,519.0,344.0,76.0,-475.0,89.0,-145.0,-143.0,-460.0
-214.0,,525.0,399.0,18.0,-356.0,109.0,68.0,-71.0,-499.0
-256.0,,532.0,414.0,-28.0,-216.0,81.0,-42.0,-7.0,-462.0
-340.0,,501.0,438.0,-67.0,-290.0,56.0,-90.0,38.0,-443.0
-440.0,,497.0,462.0,-104.0,-409.0,36.0,145.0,86.0,-383.0
-472.0,,476.0,413.0,-119.0,-253.0,19.0,-120.0,144.0,-277.0
-499.0,,443.0,453.0,-118.0,-73.0,-19.0,194.0,181.0,-187.0
-511.0,,423.0,595.0,-111.0,-131.0,-40.0,-49.0,212.0,-74.0
-547.0,,398.0,616.0,-95.0,-189.0,-42.0,96.0,230.0,63.0
-568.0,,354.0,606.0,-56.0,-77.0,-54.0,194.0,235.0,176.0
-539.0,,326.0,539.0,-7.0,39.0,-44.0,-51.0,246.0,280.0
-470.0,,310.0,370.0,47.0,-21.0,-48.0,216.0,244.0,363.0
-427.0,,278.0,402.0,118.0,-34.0,-32.0,-96.0,232.0,441.0
-433.0,,284.0,455.0,186.0,91.0,-3.0,114.0,243.0,556.0
-370.0,,277.0,321.0,245.0,197.0,21.0,-40.0,264.0,612.0
-282.0,,269.0,193.0,288.0,169.0,50.0,-127.0,272.0,678.0
-260.0,,315.0,68.0,315.0,81.0,32.0,109.0,282.0,816.0
-257.0,,347.0,-25.0,336.0,172.0,40.0,-153.0,278.0,933.0
-205.0,,403.0,-40.0,339.0,333.0,80.0,140.0,263.0,1050.0
-154.0,,459.0,61.0,328.0,321.0,82.0,-195.0,241.0,1138.0
-106.0,,500.0,186.0,303.0,158.0,82.0,-171.0,200.0,1162.0
-97.0,,551.0,294.0,269.0,150.0,84.0,-109.0,169.0,1202.0
-108.0,,577.0,369.0,243.0,263.0,67.0,-249.0,120.0,1220.0
-42.0,,613.0,362.0,221.0,214.0,14.0,134.0,44.0,1192.0
28.0,,628.0,373.0,202.0,141.0,-37.0,-81.0,-25.0,1131.0
55.0,,627.0,447.0,178.0,258.0,-37.0,164.0,-92.0,1031.0
60.0,,621.0,574.0,148.0,434.0,-48.0,-46.0,-161.0,899.0
118.0,,612.0,659.0,102.0,404.0,-75.0,-184.0,-222.0,745.0
175.0,,585.0,649.0,58.0,281.0,-73.0,-25.0,-275.0,601.0
194.0,,546.0,553.0,14.0,335.0,-60.0,-275.0,-321.0,410.0
225.0,,523.0,453.0,-43.0,519.0,-71.0,114.0,-363.0,218.0
264.0,,462.0,314.0,-102.0,512.0,-102.0,-94.0,-409.0,69.0
289.0,,423.0,193.0,-149.0,297.0,-109.0,24.0,-437.0,-68.0
306.0,,375.0,196.0,-167.0,248.0,-93.0,35.0,-457.0,-143.0
351.0,,322.0,135.0,-167.0,369.0,-79.0,-223.0,-460.0,-184.0
366.0,,295.0,41.0,-144.0,381.0,-84.0,-3.0,-428.0,-238.0
372.0,,245.0,-19.0,-112.0,215.0,-95.0,-327.0,-391.0,-266.0
401.0,,209.0,-79.0,-86.0,177.0,-92.0,-38.0,-338.0,-305.0
450.0,,163.0,-101.0,-58.0,367.0,-105.0,-72.0,-261.0,-378.0
446.0,,124.0,-103.0,-30.0,369.0,-115.0,-31.0,-190.0,-424.0
439.0,,48.0,-62.0,-16.0,217.0,-105.0,168.0,-121.0,-490.0
493.0,,-16.0,27.0,-18.0,234.0,-103.0,-86.0,-40.0,-581.0
525.0,,-75.0,83.0,-21.0,380.0,-85.0,254.0,10.0,-686.0
583.0,,-175.0,112.0,-29.0,379.0,-76.0,3.0,64.0,-802.0
589.0,,-225.0,252.0,-41.0,190.0,-110.0,140.0,110.0,-886.0
610.0,,-308.0,392.0,-43.0,177.0,-150.0,171.0,136.0,-972.0
701.0,,-380.0,390.0,-34.0,341.0,-146.0,-44.0,167.0,-1041.0
759.0,,-434.0,325.0,-17.0,344.0,-117.0,260.0,170.0,-1087.0
788.0,,-508.0,271.0,5.0,205.0,-112.0,-20.0,176.0,-1117.0
799.0,,-546.0,238.0,22.0,176.0,-127.0,223.0,181.0,-1117.0
834.0,,-577.0,221.0,19.0,279.0,-132.0,109.0,185.0,-1077.0
847.0,,-596.0,205.0,12.0,303.0,-133.0,40.0,195.0,-1029.0
839.0,,-610.0,61.0,11.0,228.0,-152.0,205.0,188.0,-1004.0
828.0,,-597.0,-121.0,4.0,228.0,-121.0,-49.0,184.0,-940.0
778.0,,-580.0,-159.0,-14.0,412.0,-98.0,279.0,184.0,-850.0
733.0,,-570.0,-155.0,-23.0,513.0,-104.0,36.0,175.0,-816.0
716.0,,-565.0,-205.0,-10.0,321.0,-95.0,186.0,174.0,-792.0
678.0,,-556.0,-197.0,11.0,237.0,-101.0,332.0,178.0,-748.0
618.0,,-542.0,-70.0,39.0,379.0,-96.0,245.0,181.0,-718.0
598.0,,-543.0,9.0,61.0,406.0,-98.0,554.0,193.0,-647.0
606.0,,-523.0,4.0,56.0,228.0,-88.0,232.0,192.0,-565.0
577.0,,-521.0,69.0,20.0,130.0,-71.0,412.0,190.0,-520.0
556.0,,-505.0,159.0,-42.0,309.0,-68.0,208.0,175.0,-466.0
564.0,,-474.0,179.0,-136.0,377.0,-68.0,168.0,170.0,-397.0
575.0,,-461.0,260.0,-257.0,233.0,-98.0,378.0,161.0,-321.0
603.0,,-425.0,391.0,-367.0,246.0,-144.0,134.0,127.0,-225.0
600.0,,-404.0,502.0,-425.0,377.0,-164.0,493.0,109.0,-118.0
564.0,,-378.0,556.0,-416.0,398.0,-110.0,232.0,88.0,-22.0
531.0,,-355.0,495.0,-349.0,287.0,-78.0,315.0,85.0,102.0
524.0,,-324.0,360.0,-254.0,204.0,-92.0,267.0,98.0,198.0
514.0,,-304.0,189.0,-152.0,330.0,-70.0,16.0,130.0,244.0
455.0,,-313.0,69.0,-50.0,471.0,-42.0,295.0,169.0,260.0
429.0,,-291.0,-29.0,40.0,424.0,-26.0,40.0,205.0,250.0
401.0,,-294.0,-181.0,94.0,348.0,-34.0,380.0,253.0,242.0
335.0,,-306.0,-271.0,117.0,357.0,-31.0,229.0,286.0,192.0
281.0,,-314.0,-280.0,109.0,418.0,-26.0,123.0,310.0,131.0
203.0,,-362.0,-250.0,87.0,336.0,-40.0,195.0,315.0,46.0
122.0,,-409.0,-84.0,60.0,231.0,-64.0,-162.0,318.0,-23.0
40.0,,-466.0,123.0,46.0,350.0,-113.0,144.0,315.0,-78.0
-47.0,,-523.0,281.0,66.0,466.0,-143.0,-118.0,296.0,-87.0
-144.0,,-571.0,351.0,103.0,316.0,-144.0,36.0,281.0,-63.0
-201.0,,-615.0,349.0,146.0,154.0,-143.0,77.0,264.0,-20.0
-232.0,,-657.0,384.0,178.0,284.0,-130.0,-97.0,258.0,132.0
-291.0,,-682.0,404.0,203.0,387.0,-123.0,149.0,252.0,266.0
-288.0,,-673.0,455.0,221.0,304.0,-140.0,-201.0,274.0,363.0
-288.0,,-663.0,409.0,217.0,254.0,-144.0,35.0,285.0,427.0
-326.0,,-625.0,279.0,200.0,350.0,-157.0,-145.0,286.0,438.0
-314.0,,-599.0,235.0,179.0,423.0,-198.0,-155.0,292.0,415.0
-285.0,,-571.0,129.0,161.0,302.0,-189.0,53.0,252.0,385.0
-309.0,,-523.0,65.0,141.0,214.0,-179.0,-206.0,223.0,302.0
-336.0,,-503.0,116.0,132.0,285.0,-217.0,145.0,188.0,134.0
-313.0,,-465.0,98.0,126.0,344.0,-270.0,-101.0,147.0,-46.0
-297.0,,-449.0,26.0,96.0,302.0,-294.0,51.0,109.0,-235.0
-317.0,,-423.0,-25.0,36.0,233.0,-275.0,36.0,50.0,-413.0
-365.0,,-412.0,41.0,-44.0,258.0,-266.0,-203.0,18.0,-575.0
-387.0,,-405.0,214.0,-114.0,425.0,-280.0,44.0,-22.0,-676.0
-354.0,,-385.0,305.0,-139.0,437.0,-327.0,-288.0,-62.0,-754.0
-366.0,,-388.0,354.0,-110.0,300.0,-357.0,-38.0,-96.0,-762.0
-435.0,,-381.0,343.0,-43.0,299.0,-375.0,-247.0,-116.0,-682.0
-461.0,,-398.0,335.0,45.0,377.0,-416.0,-303.0,-101.0,-572.0
-436.0,,-366.0,418.0,137.0,358.0,-451.0,-125.0,-87.0,-414.0
-451.0,,-345.0,463.0,211.0,183.0,-478.0,-345.0,-51.0,-259.0
-505.0,,-352.0,505.0,271.0,231.0,-507.0,12.0,-6.0,-141.0
-548.0,,-320.0,461.0,314.0,436.0,-512.0,-280.0,24.0,-59.0
-561.0,,-309.0,325.0,327.0,378.0,-486.0,-177.0,38.0,-21.0
-530.0,,-291.0,217.0,310.0,230.0,-484.0,-234.0,29.0,-19.0
-527.0,,-289.0,112.0,271.0,239.0,-502.0,-412.0,0.0,-44.0
-524.0,,-275.0,-3.0,227.0,354.0,-489.0,-110.0,-32.0,-128.0
-514.0,,-256.0,-18.0,186.0,319.0,-459.0,-386.0,-60.0,-193.0
-494.0,,-262.0,46.0,143.0,203.0,-449.0,-112.0,-114.0,-212.0
-420.0,,-257.0,116.0,102.0,306.0,-453.0,-330.0,-156.0,-218.0
-391.0,,-250.0,264.0,61.0,444.0,-469.0,-439.0,-194.0,-160.0
-394.0,,-229.0,375.0,21.0,370.0,-489.0,-417.0,-255.0,-85.0
-358.0,,-250.0,487.0,-1.0,279.0,-516.0,-753.0,-298.0,-13.0
-281.0,,-232.0,577.0,-3.0,319.0,-543.0,-426.0,-351.0,101.0
-233.0,,-223.0,561.0,7.0,407.0,-557.0,-644.0,-393.0,173.0
-175.0,,-242.0,582.0,36.0,425.0,-571.0,-408.0,-432.0,179.0
-120.0,,-217.0,681.0,70.0,320.0,-562.0,-408.0,-483.0,155.0
-96.0,,-245.0,775.0,89.0,306.0,-565.0,-598.0,-502.0,74.0
1.0,,-255.0,687.0,89.0,459.0,-573.0,-338.0,-523.0,-10.0
64.0,,-253.0,536.0,64.0,465.0,-565.0,-635.0,-546.0,-94.0
67.0,,-275.0,441.0,17.0,352.0,-528.0,-314.0,-556.0,-208.0
122.0,,-305.0,366.0,-24.0,342.0,-480.0,-436.0,-552.0,-334.0
170.0,,-335.0,354.0,-40.0,408.0,-478.0,-471.0,-548.0,-423.0
168.0,,-358.0,274.0,-30.0,435.0,-483.0,-424.0,-534.0,-456.0
208.0,,-415.0,203.0,-16.0,287.0,-476.0,-702.0,-497.0,-448.0
207.0,,-472.0,178.0,-4.0,230.0,-465.0,-393.0,-440.0,-419.0
180.0,,-519.0,80.0,9.0,437.0,-471.0,-713.0,-370.0,-359.0
183.0,,-569.0,63.0,9.0,477.0,-476.0,-552.0,-296.0,-250.0
139.0,,-627.0,97.0,-5.0,273.0,-447.0,-541.0,-207.0,-89.0
127.0,,-650.0,129.0,-17.0,217.0,-424.0,-607.0,-138.0,97.0
107.0,,-674.0,256.0,-21.0,331.0,-439.0,-245.0,-59.0,262.0
83.0,,-688.0,332.0,-13.0,354.0,-474.0,-474.0,1.0,379.0
27.0,,-668.0,315.0,17.0,228.0,-459.0,-173.0,20.0,478.0
-33.0,,-666.0,275.0,56.0,176.0,-419.0,-336.0,41.0,612.0
-54.0,,-653.0,213.0,79.0,291.0,-430.0,-341.0,50.0,638.0
-87.0,,-640.0,177.0,56.0,323.0,-472.0,-243.0,37.0,594.0
-126.0,,-609.0,160.0,-14.0,227.0,-460.0,-474.0,0.0,551.0
-206.0,,-585.0,147.0,-118.0,222.0,-444.0,-114.0,-52.0,455.0
-218.0,,-580.0,57.0,-229.0,346.0,-486.0,-369.0,-125.0,356.0
-234.0,,-547.0,-139.0,-319.0,323.0,-502.0,-208.0,-196.0,235.0
-248.0,,-543.0,-264.0,-369.0,159.0,-497.0,-256.0,-237.0,100.0
-229.0,,-537.0,-294.0,-375.0,136.0,-501.0,-399.0,-263.0,-31.0
-259.0,,-527.0,-323.0,-358.0,235.0,-486.0,-114.0,-276.0,-94.0
-236.0,,-552.0,-293.0,-333.0,314.0,-448.0,-384.0,-299.0,-171.0
-171.0,,-555.0,-221.0,-312.0,216.0,-406.0,-84.0,-296.0,-270.0
-102.0,,-584.0,-220.0,-288.0,62.0,-369.0,-247.0,-290.0,-306.0
-61.0,,-623.0,-218.0,-262.0,103.0,-318.0,-245.0,-287.0,-355.0
0.0,,-646.0,-202.0,-224.0,183.0,-306.0,-147.0,-267.0,-326.0
50.0,,-693.0,-163.0,-169.0,110.0,-315.0,-351.0,-261.0,-310.0
104.0,,-723.0,-140.0,-109.0,2.0,-285.0,16.0,-240.0,-333.0
180.0,,-760.0,-158.0,-54.0,58.0,-268.0,-230.0,-219.0,-312.0
179.0,,-780.0,-40.0,-19.0,169.0,-277.0,-7.0,-187.0,-325.0
180.0,,-782.0,76.0,-15.0,52.0,-255.0,-44.0,-153.0,-321.0
226.0,,-789.0,137.0,-25.0,-139.0,-210.0,-157.0,-122.0,-296.0
294.0,,-773.0,212.0,-24.0,-83.0,-179.0,110.0,-82.0,-310.0
276.0,,-781.0,212.0,-20.0,54.0,-149.0,-173.0,-58.0,-309.0
221.0,,-764.0,106.0,-4.0,-8.0,-84.0,192.0,-40.0,-245.0
189.0,,-751.0,-1.0,29.0,-132.0,-28.0,29.0,-28.0,-227.0
199.0,,-720.0,42.0,57.0,-89.0,-29.0,48.0,-1.0,-200.0
161.0,,-686.0,106.0,68.0,-67.0,-28.0,123.0,20.0,-154.0
28.0,,-678.0,48.0,73.0,-174.0,-19.0,-205.0,28.0,-151.0
-28.0,,-610.0,7.0,65.0,-240.0,-21.0,29.0,13.0,-83.0
-111.0,,-564.0,44.0,32.0,-202.0,-23.0,-267.0,-34.0,-12.0
-190.0,,-503.0,34.0,-13.0,-106.0,-18.0,16.0,-83.0,-6.0
-281.0,,-458.0,17.0,-62.0,-131.0,2.0,84.0,-149.0,9.0
-386.0,,-432.0,6.0,-102.0,-252.0,22.0,72.0,-211.0,55.0
-418.0,,-386.0,20.0,-132.0,-258.0,51.0,373.0,-264.0,28.0
-480.0,,-397.0,79.0,-141.0,-177.0,96.0,68.0,-306.0,-35.0
-556.0,,-355.0,73.0,-122.0,-125.0,118.0,304.0,-335.0,-123.0
-605.0,,-340.0,44.0,-81.0,-196.0,112.0,114.0,-343.0,-255.0
-606.0,,-360.0,-18.0,-24.0,-298.0,121.0,249.0,-328.0,-334.0
-625.0,,-312.0,-3.0,29.0,-258.0,125.0,386.0,-300.0,-417.0
-617.0,,-327.0,93.0,74.0,-271.0,109.0,175.0,-260.0,-491.0
-619.0,,-309.0,153.0,113.0,-393.0,86.0,428.0,-242.0,-531.0
-645.0,,-274.0,178.0,139.0,-390.0,79.0,40.0,-241.0,-540.0
-609.0,,-279.0,138.0,139.0,-296.0,65.0,216.0,-269.0,-473.0
-598.0,,-265.0,112.0,122.0,-303.0,38.0,197.0,-304.0,-393.0
-587.0,,-288.0,73.0,105.0,-416.0,45.0,194.0,-343.0,-292.0
-561.0,,-277.0,119.0,102.0,-412.0,73.0,559.0,-403.0,-166.0
-525.0,,-299.0,155.0,104.0,-320.0,96.0,349.0,-447.0,-64.0
-487.0,,-312.0,82.0,94.0,-367.0,76.0,665.0,-497.0,37.0
-438.0,,-298.0,53.0,73.0,-495.0,62.0,448.0,-533.0,116.0
-359.0,,-325.0,-13.0,47.0,-528.0,74.0,474.0,-563.0,147.0
-286.0,,-307.0,-39.0,21.0,-454.0,76.0,563.0,-605.0,190.0
-280.0,,-301.0,-27.0,4.0,-519.0,90.0,351.0,-612.0,214.0
-278.0,,-284.0,-48.0,-9.0,-686.0,96.0,654.0,-601.0,192.0
-180.0,,-270.0,24.0,-22.0,-678.0,88.0,363.0,-584.0,183.0
-142.0,,-264.0,102.0,-25.0,-591.0,82.0,572.0,-514.0,178.0
-166.0,,-245.0,121.0,-18.0,-608.0,90.0,489.0,-404.0,209.0
-168.0,,-269.0,121.0,-9.0,-711.0,102.0,417.0,-284.0,229.0
-129.0,,-267.0,51.0,-15.0,-726.0,102.0,676.0,-153.0,232.0
-92.0,,-256.0,33.0,-41.0,-647.0,89.0,389.0,-28.0,276.0
-127.0,,-256.0,58.0,-53.0,-636.0,112.0,729.0,88.0,316.0
-157.0,,-249.0,57.0,-32.0,-759.0,157.0,565.0,202.0,375.0
-143.0,,-250.0,76.0,22.0,-874.0,142.0,663.0,303.0,440.0
-113.0,,-267.0,13.0,98.0,-782.0,137.0,752.0,384.0,498.0
-185.0,,-281.0,-50.0,161.0,-732.0,155.0,567.0,424.0,573.0
-282.0,,-287.0,-79.0,202.0,-882.0,134.0,861.0,440.0,638.0
-289.0,,-307.0,-169.0,224.0,-923.0,117.0,513.0,444.0,695.0
-307.0,,-290.0,-339.0,229.0,-774.0,120.0,718.0,428.0,734.0
-367.0,,-266.0,-546.0,212.0,-730.0,118.0,558.0,388.0,748.0
-459.0,,-266.0,-626.0,185.0,-928.0,124.0,426.0,330.0,776.0
-507.0,,-232.0,-651.0,157.0,-1060.0,116.0,594.0,266.0,771.0
-492.0,,-203.0,-719.0,137.0,-956.0,89.0,205.0,210.0,759.0
-499.0,,-193.0,-708.0,137.0,-865.0,100.0,458.0,177.0,727.0
-575.0,,-182.0,-611.0,145.0,-954.0,135.0,232.0,174.0,645.0
-588.0,,-204.0,-512.0,145.0,-1031.0,183.0,375.0,182.0,598.0
-543.0,,-208.0,-414.0,130.0,-949.0,233.0,500.0,199.0,531.0
-558.0,,-214.0,-283.0,98.0,-933.0,229.0,362.0,218.0,436.0
-593.0,,-253.0,-134.0,44.0,-994.0,197.0,674.0,224.0,330.0
-626.0,,-273.0,-4.0,-14.0,-1017.0,186.0,293.0,227.0,213.0
-612.0,,-311.0,121.0,-76.0,-975.0,186.0,443.0,232.0,98.0
-589.0,,-362.0,296.0,-157.0,-928.0,155.0,286.0,221.0,-13.0
-563.0,,-401.0,427.0,-251.0,-1076.0,136.0,253.0,189.0,-127.0
-560.0,,-444.0,418.0,-339.0,-1181.0,149.0,509.0,146.0,-226.0
-558.0,,-480.0,384.0,-401.0,-1083.0,114.0,186.0,53.0,-318.0
-515.0,,-525.0,408.0,-425.0,-1000.0,74.0,445.0,-55.0,-390.0
-473.0,,-576.0,356.0,-410.0,-1051.0,100.0,169.0,-173.0,-411.0
-422.0,,-608.0,267.0,-359.0,-1087.0,140.0,249.0,-311.0,-438.0
-429.0,,-609.0,197.0,-286.0,-953.0,139.0,328.0,-423.0,-410.0
-389.0,,-614.0,109.0,-209.0,-833.0,141.0,212.0,-552.0,-394.0
-321.0,,-621.0,27.0,-152.0,-899.0,149.0,618.0,-675.0,-348.0
-291.0,,-599.0,-110.0,-120.0,-1020.0,151.0,339.0,-773.0,-243.0
-250.0,,-575.0,-152.0,-107.0,-983.0,149.0,539.0,-853.0,-177.0
-257.0,,-539.0,-69.0,-98.0,-878.0,143.0,332.0,-901.0,-90.0
-269.0,,-481.0,20.0,-85.0,-912.0,148.0,151.0,-921.0,3.0
-218.0,,-406.0,144.0,-77.0,-1021.0,144.0,275.0,-907.0,90.0
-197.0,,-349.0,266.0,-73.0,-951.0,144.0,-5.0,-866.0,138.0
-233.0,,-264.0,328.0,-97.0,-801.0,153.0,371.0,-784.0,165.0
-203.0,,-173.0,339.0,-139.0,-851.0,175.0,203.0,-688.0,131.0
-186.0,,-126.0,376.0,-176.0,-897.0,182.0,341.0,-567.0,46.0
-175.0,,-41.0,477.0,-189.0,-772.0,159.0,288.0,-458.0,-21.0
-202.0,,22.0,561.0,-171.0,-637.0,152.0,-22.0,-363.0,-95.0
-281.0,,65.0,581.0,-145.0,-651.0,146.0,208.0,-247.0,-165.0
-302.0,,106.0,551.0,-124.0,-742.0,138.0,-144.0,-157.0,-243.0
-339.0,,139.0,526.0,-125.0,-715.0,165.0,107.0,-79.0,-260.0
-345.0,,172.0,538.0,-153.0,-634.0,166.0,-14.0,-26.0,-253.0
-370.0,,160.0,505.0,-196.0,-696.0,151.0,-72.0,3.0,-248.0
-401.0,,171.0,433.0,-227.0,-796.0,150.0,79.0,26.0,-183.0
-350.0,,176.0,359.0,-224.0,-740.0,130.0,-267.0,38.0,-102.0
-328.0,,172.0,300.0,-183.0,-605.0,116.0,0.0,43.0,-5.0
-353.0,,180.0,201.0,-122.0,-508.0,97.0,-288.0,27.0,101.0
-340.0,,185.0,95.0,-67.0,-575.0,83.0,-160.0,-2.0,175.0
-284.0,,215.0,96.0,-44.0,-594.0,101.0,-121.0,-30.0,210.0
-273.0,,246.0,73.0,-67.0,-444.0,146.0,-308.0,-60.0,247.0
-258.0,,266.0,57.0,-129.0,-422.0,177.0,-57.0,-91.0,239.0
-235.0,,280.0,102.0,-205.0,-489.0,173.0,-476.0,-108.0,175.0
-222.0,,315.0,142.0,-258.0,-455.0,184.0,-277.0,-109.0,109.0
-198.0,,324.0,198.0,-273.0,-304.0,207.0,-441.0,-100.0,14.0
-187.0,,312.0,230.0,-261.0,-267.0,238.0,-502.0,-80.0,-89.0
-177.0,,334.0,189.0,-231.0,-378.0,275.0,-299.0,-42.0,-187.0
-160.0,,308.0,162.0,-182.0,-353.0,299.0,-567.0,-6.0,-263.0
-111.0,,287.0,214.0,-129.0,-236.0,313.0,-299.0,43.0,-276.0
-94.0,,252.0,222.0,-75.0,-237.0,324.0,-676.0,97.0,-287.0
-53.0,,214.0,239.0,-25.0,-297.0,322.0,-659.0,144.0,-286.0
31.0,,194.0,294.0,12.0,-254.0,328.0,-696.0,204.0,-235.0
79.0,,127.0,338.0,55.0,-152.0,328.0,-848.0,245.0,-191.0
95.0,,102.0,405.0,99.0,-121.0,320.0,-504.0,281.0,-123.0
135.0,,57.0,399.0,132.0,-225.0,333.0,-744.0,296.0,-40.0
258.0,,12.0,351.0,149.0,-210.0,339.0,-450.0,296.0,41.0
281.0,,-13.0,249.0,143.0,-68.0,346.0,-674.0,292.0,135.0
313.0,,-68.0,155.0,113.0,-50.0,352.0,-776.0,270.0,250.0
406.0,,-82.0,126.0,65.0,-114.0,397.0,-650.0,242.0,374.0
475.0,,-94.0,42.0,21.0,-135.0,434.0,-894.0,226.0,458.0
556.0,,-85.0,-55.0,14.0,0.0,445.0,-504.0,223.0,555.0
548.0,,-82.0,-163.0,46.0,60.0,461.0,-753.0,219.0,628.0
596.0,,-56.0,-182.0,82.0,-37.0,447.0,-661.0,242.0,666.0
622.0,,-29.0,-316.0,104.0,-48.0,445.0,-735.0,271.0,666.0
615.0,,-35.0,-319.0,107.0,70.0,439.0,-992.0,301.0,635.0
587.0,,1.0,-87.0,77.0,124.0,450.0,-740.0,330.0,592.0
540.0,,23.0,-104.0,25.0,-2.0,455.0,-988.0,333.0,510.0
559.0,,71.0,67.0,-23.0,-43.0,470.0,-631.0,327.0,424.0
469.0,,127.0,160.0,-57.0,87.0,511.0,-705.0,296.0,327.0
397.0,,162.0,83.0,-58.0,154.0,543.0,-661.0,242.0,247.0
362.0,,221.0,256.0,-16.0,-18.0,577.0,-493.0,170.0,154.0
338.0,,248.0,245.0,63.0,-164.0,588.0,-833.0,100.0,42.0
304.0,,282.0,195.0,148.0,22.0,632.0,-618.0,37.0,-13.0
244.0,,313.0,255.0,207.0,127.0,663.0,-933.0,-35.0,-62.0
229.0,,317.0,130.0,239.0,0.0,687.0,-711.0,-111.0,-93.0
192.0,,343.0,-74.0,240.0,-41.0,712.0,-598.0,-174.0,-105.0
184.0,,341.0,-82.0,216.0,112.0,710.0,-674.0,-208.0,-115.0
192.0,,324.0,-129.0,194.0,287.0,728.0,-393.0,-239.0,-39.0
201.0,,321.0,-262.0,172.0,210.0,718.0,-766.0,-260.0,96.0
219.0,,295.0,-149.0,140.0,124.0,687.0,-611.0,-267.0,238.0
232.0,,279.0,-85.0,98.0,226.0,655.0,-868.0,-276.0,382.0
236.0,,246.0,-101.0,52.0,296.0,639.0,-774.0,-275.0,532.0
282.0,,215.0,58.0,32.0,229.0,638.0,-491.0,-274.0,676.0
350.0,,208.0,93.0,30.0,130.0,631.0,-646.0,-282.0,767.0
360.0,,181.0,42.0,30.0,145.0,666.0,-321.0,-297.0,806.0
351.0,,163.0,126.0,27.0,260.0,727.0,-683.0,-308.0,811.0
379.0,,174.0,140.0,24.0,278.0,774.0,-596.0,-324.0,792.0
394.0,,183.0,131.0,26.0,166.0,794.0,-672.0,-348.0,745.0
349.0,,196.0,103.0,33.0,184.0,794.0,-750.0,-369.0,680.0
326.0,,216.0,-13.0,26.0,300.0,807.0,-413.0,-386.0,579.0
288.0,,220.0,-39.0,-9.0,323.0,785.0,-618.0,-403.0,482.0
291.0,,249.0,36.0,-53.0,282.0,740.0,-256.0,-409.0,421.0
293.0,,245.0,186.0,-102.0,336.0,732.0,-443.0,-402.0,368.0
213.0,,239.0,343.0,-149.0,498.0,726.0,-437.0,-388.0,366.0
197.0,,258.0,332.0,-168.0,473.0,725.0,-400.0,-382.0,396.0
213.0,,220.0,249.0,-163.0,339.0,718.0,-678.0,-363.0,456.0
222.0,,213.0,189.0,-140.0,410.0,707.0,-328.0,-343.0,576.0
213.0,,179.0,91.0,-126.0,532.0,693.0,-508.0,-319.0,703.0
163.0,,142.0,80.0,-113.0,471.0,666.0,-216.0,-285.0,815.0
145.0,,152.0,143.0,-87.0,358.0,655.0,-321.0,-255.0,909.0
162.0,,139.0,149.0,-56.0,393.0,648.0,-541.0,-196.0,970.0
168.0,,138.0,201.0,-4.0,505.0,670.0,-354.0,-134.0,1002.0
196.0,,134.0,259.0,59.0,521.0,680.0,-635.0,-58.0,1046.0
163.0,,129.0,364.0,120.0,490.0,657.0,-230.0,30.0,1082.0
177.0,,119.0,551.0,151.0,536.0,672.0,-339.0,105.0,1091.0
251.0,,102.0,719.0,135.0,595.0,698.0,-243.0,191.0,1077.0
264.0,,83.0,909.0,76.0,546.0,699.0,-153.0,266.0,990.0
289.0,,74.0,1002.0,-11.0,448.0,693.0,-437.0,346.0,898.0
296.0,,58.0,987.0,-100.0,461.0,704.0,-182.0,402.0,782.0
345.0,,52.0,969.0,-181.0,575.0,726.0,-476.0,439.0,631.0
380.0,,63.0,951.0,-241.0,617.0,734.0,-205.0,493.0,498.0
354.0,,67.0,908.0,-269.0,518.0,713.0,-234.0,516.0,417.0
358.0,,78.0,795.0,-274.0,524.0,691.0,-288.0,524.0,366.0
395.0,,92.0,647.0,-265.0,650.0,676.0,-55.0,518.0,316.0
396.0,,121.0,546.0,-235.0,659.0,668.0,-423.0,495.0,318.0
365.0,,119.0,445.0,-187.0,552.0,680.0,-179.0,456.0,305.0
366.0,,149.0,304.0,-136.0,533.0,709.0,-432.0,397.0,291.0
372.0,,188.0,252.0,-93.0,735.0,738.0,-343.0,345.0,301.0
428.0,,181.0,246.0,-54.0,789.0,733.0,-205.0,275.0,333.0
436.0,,231.0,269.0,-25.0,621.0,713.0,-356.0,213.0,347.0
410.0,,264.0,328.0,-8.0,580.0,686.0,-40.0,159.0,306.0
436.0,,280.0,384.0,-6.0,658.0,637.0,-371.0,100.0,287.0
416.0,,324.0,410.0,-36.0,674.0,612.0,-210.0,60.0,211.0
396.0,,343.0,414.0,-78.0,596.0,613.0,-397.0,13.0,132.0
394.0,,362.0,469.0,-97.0,650.0,607.0,-530.0,-14.0,78.0
370.0,,377.0,519.0,-114.0,820.0,603.0,-343.0,-39.0,-30.0
314.0,,378.0,557.0,-145.0,888.0,601.0,-598.0,-61.0,-69.0
282.0,,389.0,598.0,-175.0,835.0,577.0,-247.0,-75.0,-103.0
271.0,,396.0,698.0,-195.0,844.0,553.0,-502.0,-74.0,-155.0
239.0,,396.0,754.0,-209.0,967.0,546.0,-434.0,-43.0,-186.0
253.0,,410.0,753.0,-220.0,972.0,525.0,-408.0,0.0,-256.0
263.0,,433.0,834.0,-222.0,809.0,474.0,-591.0,74.0,-284.0
317.0,,450.0,871.0,-218.0,729.0,407.0,-216.0,147.0,-295.0
373.0,,474.0,821.0,-200.0,871.0,384.0,-500.0,222.0,-308.0
375.0,,491.0,695.0,-155.0,995.0,375.0,-247.0,318.0,-283.0
414.0,,494.0,552.0,-85.0,899.0,334.0,-382.0,415.0,-243.0
458.0,,523.0,404.0,-11.0,790.0,324.0,-539.0,519.0,-242.0
547.0,,549.0,307.0,47.0,943.0,311.0,-408.0,604.0,-226.0
584.0,,545.0,287.0,93.0,1089.0,266.0,-735.0,661.0,-205.0
581.0,,596.0,213.0,123.0,987.0,244.0,-443.0,693.0,-198.0
637.0,,622.0,128.0,150.0,883.0,243.0,-679.0,689.0,-125.0
720.0,,617.0,90.0,178.0,1007.0,227.0,-569.0,666.0,-101.0
785.0,,656.0,101.0,190.0,1173.0,188.0,-530.0,638.0,-85.0
781.0,,643.0,124.0,182.0,1063.0,155.0,-735.0,570.0,-52.0
799.0,,635.0,179.0,154.0,945.0,134.0,-495.0,478.0,-23.0
814.0,,646.0,248.0,107.0,1026.0,96.0,-877.0,387.0,-5.0
781.0,,609.0,299.0,54.0,1160.0,60.0,-617.0,298.0,-14.0
754.0,,582.0,396.0,12.0,1162.0,59.0,-672.0,222.0,-45.0
689.0,,551.0,473.0,-12.0,1093.0,70.0,-663.0,158.0,-149.0
647.0,,506.0,512.0,-2.0,1168.0,76.0,-432.0,119.0,-261.0
616.0,,477.0,477.0,41.0,1260.0,51.0,-705.0,100.0,-407.0
558.0,,451.0,394.0,97.0,1302.0,60.0,-428.0,91.0,-587.0
483.0,,426.0,343.0,130.0,1241.0,85.0,-735.0,96.0,-732.0
397.0,,407.0,276.0,127.0,1248.0,60.0,-644.0,119.0,-864.0
394.0,,382.0,204.0,90.0,1327.0,48.0,-622.0,167.0,-995.0
354.0,,374.0,189.0,15.0,1258.0,49.0,-739.0,228.0,-1050.0
245.0,,374.0,189.0,-61.0,1195.0,38.0,-393.0,295.0,-1034.0
179.0,,359.0,178.0,-117.0,1239.0,0.0,-752.0,354.0,-982.0
151.0,,377.0,157.0,-135.0,1376.0,-44.0,-570.0,404.0,-894.0
134.0,,412.0,138.0,-105.0,1411.0,-82.0,-774.0,436.0,-799.0
71.0,,436.0,190.0,-46.0,1313.0,-112.0,-822.0,451.0,-698.0
9.0,,480.0,255.0,21.0,1293.0,-135.0,-606.0,457.0,-615.0
-13.0,,489.0,348.0,66.0,1395.0,-168.0,-833.0,434.0,-566.0
-6.0,,492.0,487.0,80.0,1425.0,-191.0,-478.0,409.0,-546.0
18.0,,523.0,582.0,79.0,1302.0,-216.0,-707.0,381.0,-527.0
25.0,,509.0,692.0,69.0,1283.0,-219.0,-554.0,349.0,-499.0
59.0,,486.0,796.0,73.0,1399.0,-215.0,-550.0,326.0,-468.0
155.0,,486.0,896.0,88.0,1412.0,-195.0,-731.0,306.0,-457.0
230.0,,447.0,959.0,103.0,1286.0,-152.0,-412.0,313.0,-429.0
298.0,,412.0,967.0,111.0,1295.0,-171.0,-683.0,319.0,-392.0
428.0,,401.0,1043.0,99.0,1421.0,-203.0,-402.0,317.0,-383.0
531.0,,369.0,1058.0,73.0,1385.0,-185.0,-548.0,339.0,-346.0
612.0,,362.0,945.0,44.0,1240.0,-163.0,-613.0,359.0,-302.0
697.0,,345.0,818.0,22.0,1219.0,-172.0,-495.0,378.0,-272.0
795.0,,355.0,673.0,7.0,1320.0,-190.0,-822.0,403.0,-243.0
864.0,,366.0,547.0,-7.0,1320.0,-204.0,-528.0,421.0,-183.0
849.0,,377.0,543.0,-31.0,1181.0,-209.0,-763.0,438.0,-118.0
853.0,,437.0,532.0,-52.0,1116.0,-225.0,-589.0,462.0,-92.0
892.0,,462.0,475.0,-49.0,1208.0,-230.0,-533.0,482.0,-66.0
921.0,,526.0,539.0,0.0,1174.0,-176.0,-650.0,512.0,-63.0
883.0,,583.0,595.0,111.0,1024.0,-143.0,-369.0,540.0,-62.0
859.0,,640.0,627.0,237.0,999.0,-129.0,-720.0,552.0,-65.0
906.0,,706.0,722.0,343.0,1089.0,-87.0,-476.0,570.0,-130.0
904.0,,741.0,843.0,398.0,1106.0,-90.0,-606.0,585.0,-194.0
871.0,,779.0,939.0,402.0,954.0,-116.0,-552.0,584.0,-252.0
838.0,,796.0,972.0,396.0,888.0,-138.0,-325.0,564.0,-340.0
860.0,,801.0,1037.0,389.0,1014.0,-160.0,-580.0,550.0,-377.0
871.0,,790.0,1035.0,381.0,1064.0,-163.0,-321.0,538.0,-372.0
819.0,,792.0,959.0,383.0,854.0,-160.0,-672.0,497.0,-396.0
815.0,,756.0,866.0,367.0,751.0,-162.0,-530.0,437.0,-381.0
844.0,,740.0,716.0,292.0,845.0,-202.0,-478.0,378.0,-376.0
844.0,,732.0,633.0,167.0,832.0,-225.0,-561.0,311.0,-409.0
805.0,,674.0,546.0,22.0,668.0,-222.0,-251.0,217.0,-431.0
803.0,,665.0,477.0,-115.0,539.0,-244.0,-576.0,117.0,-471.0
854.0,,608.0,541.0,-207.0,644.0,-254.0,-299.0,-10.0,-497.0
875.0,,553.0,569.0,-240.0,684.0,-241.0,-448.0,-165.0,-527.0
858.0,,519.0,615.0,-233.0,505.0,-236.0,-432.0,-310.0,-579.0
860.0,,434.0,771.0,-206.0,402.0,-280.0,-295.0,-460.0,-632.0
865.0,,378.0,857.0,-169.0,544.0,-319.0,-578.0,-594.0,-669.0
852.0,,309.0,861.0,-124.0,641.0,-316.0,-247.0,-697.0,-695.0
818.0,,233.0,910.0,-76.0,492.0,-293.0,-487.0,-754.0,-714.0
776.0,,153.0,1009.0,-50.0,437.0,-284.0,-290.0,-780.0,-729.0
751.0,,58.0,1046.0,-47.0,526.0,-302.0,-308.0,-770.0,-752.0
719.0,,-4.0,1037.0,-60.0,538.0,-275.0,-476.0,-717.0,-757.0
694.0,,-84.0,992.0,-72.0,402.0,-219.0,-275.0,-642.0,-694.0
645.0,,-146.0,885.0,-54.0,320.0,-192.0,-633.0,-536.0,-624.0
600.0,,-172.0,865.0,-20.0,421.0,-191.0,-295.0,-404.0,-540.0
577.0,,-203.0,925.0,24.0,498.0,-172.0,-360.0,-240.0,-422.0
538.0,,-213.0,963.0,74.0,425.0,-138.0,-240.0,-68.0,-320.0
508.0,,-191.0,957.0,115.0,300.0,-127.0,-3.0,102.0,-174.0
448.0,,-169.0,920.0,147.0,396.0,-147.0,-205.0,265.0,-34.0
430.0,,-124.0,919.0,175.0,556.0,-138.0,107.0,399.0,99.0
437.0,,-58.0,897.0,194.0,444.0,-83.0,-238.0,523.0,231.0
370.0,,-11.0,826.0,196.0,326.0,-52.0,-162.0,610.0,273.0
327.0,,42.0,801.0,179.0,406.0,-66.0,-190.0,669.0,257.0
292.0,,111.0,806.0,146.0,464.0,-93.0,-264.0,711.0,188.0
276.0,,158.0,803.0,97.0,323.0,-72.0,35.0,731.0,31.0
278.0,,220.0,753.0,44.0,126.0,-53.0,-262.0,737.0,-140.0
224.0,,272.0,685.0,13.0,214.0,-68.0,27.0,738.0,-281.0
193.0,,285.0,686.0,13.0,335.0,-59.0,-153.0,743.0,-400.0
171.0,,300.0,696.0,36.0,131.0,-51.0,-181.0,740.0,-487.0
150.0,,300.0,775.0,84.0,47.0,-37.0,-59.0,732.0,-543.0
123.0,,299.0,876.0,122.0,198.0,-42.0,-297.0,720.0,-532.0
73.0,,272.0,797.0,105.0,244.0,-32.0,68.0,696.0,-491.0
60.0,,248.0,643.0,34.0,173.0,-23.0,-133.0,650.0,-422.0
46.0,,227.0,493.0,-70.0,96.0,-49.0,86.0,584.0,-325.0
51.0,,168.0,410.0,-160.0,165.0,-22.0,134.0,501.0,-210.0
85.0,,155.0,477.0,-198.0,209.0,5.0,20.0,414.0,-95.0
74.0,,110.0,565.0,-192.0,41.0,15.0,254.0,337.0,-14.0
73.0,,78.0,640.0,-163.0,-54.0,10.0,-59.0,274.0,36.0
103.0,,44.0,703.0,-141.0,43.0,6.0,216.0,231.0,49.0
137.0,,-8.0,736.0,-123.0,152.0,-31.0,90.0,215.0,14.0
136.0,,-17.0,791.0,-86.0,101.0,-74.0,171.0,222.0,-63.0
115.0,,-45.0,863.0,-39.0,-65.0,-78.0,349.0,243.0,-155.0
161.0,,-26.0,909.0,-1.0,-35.0,-121.0,70.0,274.0,-233.0
185.0,,-10.0,917.0,27.0,131.0,-152.0,321.0,307.0,-259.0
224.0,,24.0,953.0,48.0,74.0,-148.0,1.0,345.0,-308.0
292.0,,96.0,970.0,50.0,-64.0,-155.0,147.0,390.0,-349.0
313.0,,152.0,926.0,63.0,-39.0,-177.0,131.0,436.0,-343.0
368.0,,221.0,872.0,109.0,98.0,-155.0,29.0,492.0,-304.0
413.0,,267.0,801.0,162.0,72.0,-137.0,378.0,547.0,-200.0
448.0,,289.0,770.0,194.0,-144.0,-162.0,144.0,598.0,-86.0
461.0,,325.0,753.0,188.0,-100.0,-176.0,495.0,646.0,19.0
472.0,,341.0,636.0,143.0,86.0,-165.0,363.0,689.0,124.0
507.0,,347.0,567.0,83.0,-18.0,-161.0,349.0,746.0,233.0
521.0,,374.0,584.0,30.0,-203.0,-197.0,463.0,785.0,276.0
562.0,,367.0,604.0,3.0,-173.0,-203.0,195.0,799.0,288.0
598.0,,363.0,736.0,0.0,-69.0,-200.0,515.0,818.0,268.0
638.0,,361.0,880.0,4.0,-96.0,-215.0,227.0,807.0,188.0
650.0,,347.0,992.0,7.0,-211.0,-230.0,369.0,778.0,97.0
655.0,,329.0,1027.0,0.0,-229.0,-227.0,319.0,744.0,7.0
681.0,,308.0,972.0,-7.0,-118.0,-210.0,186.0,702.0,-61.0
706.0,,317.0,1044.0,4.0,-152.0,-213.0,465.0,662.0,-123.0
720.0,,302.0,1116.0,26.0,-313.0,-200.0,157.0,608.0,-161.0
724.0,,270.0,1106.0,46.0,-317.0,-203.0,445.0,561.0,-166.0
766.0,,255.0,1023.0,72.0,-173.0,-213.0,279.0,521.0,-174.0
774.0,,199.0,913.0,103.0,-139.0,-224.0,299.0,467.0,-209.0
729.0,,162.0,893.0,110.0,-323.0,-227.0,406.0,414.0,-214.0
702.0,,128.0,790.0,86.0,-412.0,-222.0,129.0,350.0,-201.0
697.0,,54.0,588.0,40.0,-223.0,-271.0,441.0,293.0,-198.0
677.0,,24.0,416.0,-16.0,-140.0,-308.0,149.0,246.0,-194.0
650.0,,-6.0,337.0,-61.0,-312.0,-292.0,269.0,198.0,-198.0
589.0,,-54.0,339.0,-90.0,-337.0,-307.0,157.0,174.0,-216.0
554.0,,-80.0,335.0,-91.0,-191.0,-349.0,-49.0,155.0,-187.0
573.0,,-98.0,299.0,-63.0,-143.0,-347.0,151.0,149.0,-149.0
568.0,,-127.0,202.0,-16.0,-275.0,-353.0,-157.0,156.0,-157.0
527.0,,-131.0,186.0,64.0,-354.0,-373.0,175.0,173.0,-142.0
467.0,,-138.0,344.0,159.0,-195.0,-402.0,51.0,198.0,-183.0
486.0,,-159.0,489.0,235.0,-191.0,-456.0,147.0,235.0,-220.0
496.0,,-131.0,586.0,291.0,-442.0,-472.0,354.0,298.0,-207.0
449.0,,-149.0,699.0,320.0,-489.0,-504.0,125.0,357.0,-210.0
432.0,,-151.0,770.0,314.0,-292.0,-546.0,413.0,426.0,-194.0
444.0,,-162.0,822.0,262.0,-268.0,-557.0,140.0,481.0,-149.0
461.0,,-198.0,967.0,171.0,-423.0,-579.0,338.0,515.0,-104.0
446.0,,-206.0,1138.0,62.0,-463.0,-615.0,325.0,544.0,-36.0
427.0,,-237.0,1222.0,-41.0,-328.0,-656.0,203.0,560.0,50.0
420.0,,-259.0,1252.0,-114.0,-306.0,-671.0,406.0,560.0,116.0
468.0,,-267.0,1220.0,-146.0,-497.0,-675.0,18.0,537.0,172.0
471.0,,-260.0,1094.0,-141.0,-507.0,-656.0,269.0,506.0,183.0
407.0,,-264.0,973.0,-120.0,-346.0,-632.0,107.0,461.0,166.0
414.0,,-239.0,865.0,-103.0,-286.0,-634.0,188.0,410.0,133.0
452.0,,-208.0,781.0,-96.0,-446.0,-627.0,365.0,361.0,115.0
440.0,,-191.0,792.0,-89.0,-623.0,-611.0,94.0,323.0,112.0
364.0,,-145.0,793.0,-69.0,-510.0,-582.0,421.0,299.0,147.0
330.0,,-111.0,754.0,-32.0,-374.0,-590.0,133.0,292.0,220.0
338.0,,-64.0,722.0,17.0,-494.0,-603.0,271.0,291.0,277.0
317.0,,-8.0,705.0,63.0,-586.0,-604.0,271.0,285.0,355.0
264.0,,51.0,735.0,89.0,-460.0,-638.0,197.0,295.0,400.0
243.0,,116.0,831.0,101.0,-369.0,-642.0,508.0,302.0,428.0
263.0,,191.0,926.0,129.0,-427.0,-643.0,218.0,314.0,435.0
234.0,,247.0,945.0,176.0,-540.0,-645.0,489.0,319.0,399.0
209.0,,313.0,961.0,239.0,-452.0,-621.0,282.0,330.0,381.0
196.0,,380.0,1010.0,309.0,-338.0,-602.0,245.0,353.0,354.0
187.0,,409.0,986.0,363.0,-527.0,-574.0,310.0,363.0,329.0
210.0,,459.0,939.0,376.0,-663.0,-557.0,92.0,374.0,305.0
211.0,,487.0,935.0,315.0,-561.0,-542.0,500.0,373.0,267.0
217.0,,509.0,818.0,207.0,-448.0,-531.0,267.0,364.0,236.0
245.0,,521.0,681.0,91.0,-538.0,-520.0,428.0,345.0,203.0
245.0,,491.0,534.0,-15.0,-646.0,-503.0,365.0,319.0,193.0
259.0,,473.0,333.0,-83.0,-521.0,-475.0,242.0,286.0,207.0
319.0,,450.0,278.0,-121.0,-421.0,-429.0,550.0,259.0,267.0
356.0,,406.0,249.0,-150.0,-519.0,-380.0,325.0,242.0,363.0
371.0,,348.0,205.0,-175.0,-605.0,-328.0,663.0,217.0,457.0
427.0,,291.0,264.0,-180.0,-509.0,-306.0,484.0,207.0,592.0
489.0,,230.0,358.0,-139.0,-413.0,-275.0,484.0,203.0,707.0
525.0,,136.0,428.0,-37.0,-559.0,-241.0,565.0,191.0,793.0
533.0,,75.0,483.0,93.0,-690.0,-227.0,234.0,197.0,886.0
510.0,,18.0,538.0,201.0,-563.0,-221.0,471.0,205.0,907.0
493.0,,-43.0,591.0,263.0,-462.0,-233.0,158.0,200.0,894.0
480.0,,-106.0,634.0,266.0,-567.0,-226.0,365.0,204.0,871.0
448.0,,-174.0,667.0,222.0,-715.0,-221.0,412.0,208.0,831.0
388.0,,-212.0,791.0,148.0,-636.0,-204.0,400.0,201.0,780.0
356.0,,-271.0,935.0,58.0,-430.0,-169.0,740.0,196.0,728.0
331.0,,-315.0,948.0,-35.0,-504.0,-144.0,447.0,196.0,703.0
242.0,,-369.0,915.0,-116.0,-756.0,-129.0,711.0,200.0,677.0
163.0,,-413.0,961.0,-145.0,-751.0,-137.0,460.0,204.0,653.0
124.0,,-425.0,1080.0,-131.0,-571.0,-154.0,424.0,219.0,587.0
122.0,,-463.0,1221.0,-89.0,-641.0,-179.0,583.0,234.0,521.0
131.0,,-481.0,1371.0,-29.0,-832.0,-152.0,428.0,256.0,492.0
104.0,,-482.0,1422.0,20.0,-759.0,-146.0,785.0,284.0,482.0
89.0,,-487.0,1359.0,46.0,-588.0,-198.0,471.0,322.0,475.0
118.0,,-494.0,1292.0,40.0,-610.0,-199.0,567.0,347.0,434.0
162.0,,-484.0,1137.0,15.0,-763.0,-185.0,436.0,349.0,423.0
161.0,,-484.0,928.0,-8.0,-802.0,-177.0,317.0,345.0,449.0
141.0,,-481.0,756.0,-17.0,-699.0,-189.0,661.0,327.0,461.0
154.0,,-479.0,597.0,0.0,-736.0,-204.0,408.0,296.0,431.0
183.0,,-475.0,481.0,22.0,-902.0,-194.0,689.0,251.0,399.0
193.0,,-462.0,364.0,25.0,-945.0,-190.0,439.0,223.0,389.0
154.0,,-453.0,326.0,4.0,-830.0,-183.0,423.0,188.0,360.0
171.0,,-441.0,373.0,-34.0,-789.0,-179.0,545.0,153.0,330.0
213.0,,-448.0,418.0,-73.0,-915.0,-165.0,271.0,136.0,266.0
180.0,,-429.0,487.0,-89.0,-915.0,-171.0,628.0,100.0,203.0
131.0,,-422.0,560.0,-82.0,-740.0,-183.0,386.0,67.0,175.0
98.0,,-433.0,615.0,-61.0,-765.0,-167.0,504.0,20.0,141.0
117.0,,-425.0,598.0,-30.0,-1017.0,-161.0,432.0,-20.0,155.0
120.0,,-417.0,525.0,8.0,-1090.0,-162.0,284.0,-58.0,215.0
83.0,,-409.0,422.0,40.0,-912.0,-172.0,484.0,-99.0,251.0
65.0,,-409.0,355.0,60.0,-837.0,-173.0,160.0,-132.0,286.0
89.0,,-402.0,299.0,68.0,-999.0,-168.0,469.0,-179.0,344.0
131.0,,-364.0,232.0,45.0,-1074.0,-177.0,317.0,-226.0,332.0
113.0,,-344.0,212.0,-2.0,-902.0,-160.0,391.0,-264.0,276.0
143.0,,-354.0,184.0,-59.0,-825.0,-168.0,559.0,-305.0,237.0
193.0,,-320.0,185.0,-99.0,-1021.0,-194.0,334.0,-351.0,138.0
193.0,,-304.0,192.0,-89.0,-1122.0,-163.0,626.0,-367.0,58.0
229.0,,-302.0,166.0,-31.0,-982.0,-141.0,323.0,-370.0,8.0
255.0,,-289.0,193.0,49.0,-934.0,-162.0,526.0,-380.0,-65.0
306.0,,-266.0,307.0,113.0,-1083.0,-181.0,576.0,-377.0,-113.0
328.0,,-220.0,456.0,135.0,-1172.0,-191.0,526.0,-388.0,-140.0
322.0,,-188.0,569.0,118.0,-1064.0,-218.0,776.0,-386.0,-170.0
342.0,,-119.0,678.0,86.0,-989.0,-250.0,469.0,-375.0,-189.0
310.0,,-70.0,814.0,65.0,-1116.0,-260.0,698.0,-366.0,-183.0
297.0,,-27.0,871.0,53.0,-1209.0,-287.0,484.0,-330.0,-164.0
288.0,,54.0,915.0,35.0,-1074.0,-289.0,617.0,-310.0,-89.0
267.0,,104.0,959.0,12.0,-976.0,-289.0,827.0,-277.0,3.0
277.0,,148.0,919.0,-15.0,-1076.0,-321.0,655.0,-216.0,117.0
293.0,,203.0,899.0,-65.0,-1155.0,-328.0,1010.0,-173.0,264.0
265.0,,242.0,889.0,-120.0,-1076.0,-337.0,711.0,-112.0,364.0
176.0,,267.0,845.0,-168.0,-991.0,-344.0,875.0,-43.0,459.0
139.0,,291.0,729.0,-204.0,-1132.0,-367.0,814.0,18.0,506.0
109.0,,298.0,572.0,-207.0,-1243.0,-387.0,709.0,55.0,498.0
20.0,,308.0,499.0,-203.0,-1091.0,-383.0,1043.0,62.0,483.0
-63.0,,297.0,488.0,-216.0,-939.0,-390.0,788.0,45.0,437.0
-87.0,,291.0,479.0,-235.0,-1022.0,-406.0,1110.0,-8.0,366.0
-67.0,,311.0,489.0,-229.0,-1154.0,-416.0,927.0,-70.0,268.0
-117.0,,305.0,589.0,-186.0,-1054.0,-419.0,944.0,-128.0,216.0
-198.0,,316.0,726.0,-103.0,-868.0,-425.0,1121.0,-192.0,194.0
-218.0,,306.0,801.0,18.0,-914.0,-430.0,909.0,-251.0,180.0
-223.0,,296.0,789.0,138.0,-1072.0,-409.0,1265.0,-297.0,182.0
-281.0,,312.0,751.0,203.0,-983.0,-376.0,1073.0,-342.0,166.0
-366.0,,282.0,763.0,190.0,-874.0,-390.0,1387.0,-382.0,169.0
-378.0,,288.0,810.0,110.0,-922.0,-382.0,1455.0,-398.0,185.0
-348.0,,273.0,878.0,-13.0,-1014.0,-369.0,1278.0,-388.0,195.0
-395.0,,253.0,961.0,-142.0,-945.0,-425.0,1443.0,-355.0,176.0
-509.0,,266.0,971.0,-238.0,-753.0,-456.0,1029.0,-325.0,149.0
-557.0,,237.0,891.0,-270.0,-830.0,-463.0,1287.0,-299.0,122.0
-528.0,,238.0,841.0,-228.0,-949.0,-461.0,1184.0,-282.0,76.0
-578.0,,240.0,826.0,-157.0,-855.0,-475.0,1313.0,-291.0,34.0
-650.0,,243.0,884.0,-101.0,-715.0,-500.0,1526.0,-319.0,1.0
-681.0,,259.0,974.0,-78.0,-780.0,-503.0,1230.0,-355.0,-3.0
-663.0,,278.0,961.0,-83.0,-897.0,-533.0,1446.0,-395.0,31.0
-619.0,,298.0,969.0,-92.0,-845.0,-546.0,1056.0,-447.0,104.0
-653.0,,280.0,1002.0,-108.0,-740.0,-551.0,1189.0,-504.0,190.0
-692.0,,278.0,1048.0,-119.0,-731.0,-603.0,1193.0,-571.0,323.0
-659.0,,245.0,1103.0,-102.0,-914.0,-645.0,1169.0,-632.0,477.0
-577.0,,188.0,1024.0,-67.0,-921.0,-666.0,1555.0,-698.0,613.0
-558.0,,160.0,973.0,-7.0,-776.0,-693.0,1226.0,-769.0,694.0
-566.0,,101.0,1019.0,40.0,-788.0,-692.0,1450.0,-816.0,717.0
-476.0,,60.0,983.0,33.0,-904.0,-679.0,1199.0,-846.0,760.0
-372.0,,17.0,865.0,-19.0,-933.0,-688.0,1189.0,-829.0,770.0
-305.0,,-12.0,782.0,-108.0,-811.0,-678.0,1337.0,-787.0,743.0
-314.0,,-37.0,719.0,-191.0,-875.0,-702.0,1047.0,-734.0,703.0
-297.0,,-57.0,663.0,-238.0,-1061.0,-761.0,1330.0,-656.0,628.0
-229.0,,-56.0,613.0,-249.0,-982.0,-797.0,984.0,-565.0,505.0
-238.0,,-67.0,483.0,-223.0,-760.0,-805.0,1082.0,-474.0,355.0
-282.0,,-25.0,393.0,-173.0,-815.0,-776.0,994.0,-378.0,204.0
-321.0,,-6.0,371.0,-109.0,-1027.0,-780.0,807.0,-273.0,65.0
-305.0,,16.0,352.0,-49.0,-1001.0,-792.0,1093.0,-182.0,-27.0
-315.0,,66.0,402.0,-1.0,-804.0,-765.0,872.0,-96.0,-75.0
-382.0,,85.0,491.0,33.0,-812.0,-750.0,1212.0,-23.0,-67.0
-387.0,,119.0,536.0,64.0,-1047.0,-756.0,1043.0,21.0,-70.0
-357.0,,150.0,498.0,103.0,-1046.0,-720.0,1066.0,35.0,-79.0
-357.0,,171.0,430.0,145.0,-834.0,-668.0,1199.0,23.0,-89.0
-398.0,,176.0,363.0,187.0,-725.0,-644.0,896.0,5.0,-111.0
-409.0,,175.0,301.0,219.0,-812.0,-613.0,1197.0,-16.0,-141.0
-412.0,,141.0,245.0,221.0,-893.0,-556.0,920.0,-27.0,-208.0
-408.0,,114.0,180.0,196.0,-730.0,-490.0,1012.0,-36.0,-239.0
-388.0,,83.0,198.0,148.0,-669.0,-461.0,942.0,-50.0,-274.0
-404.0,,16.0,235.0,93.0,-823.0,-420.0,764.0,-59.0,-303.0
-390.0,,5.0,249.0,58.0,-896.0,-386.0,981.0,-50.0,-361.0
-367.0,,-23.0,335.0,59.0,-789.0,-404.0,661.0,-51.0,-430.0
-370.0,,-80.0,400.0,109.0,-659.0,-405.0,955.0,-65.0,-452.0
-334.0,,-95.0,398.0,182.0,-728.0,-366.0,825.0,-69.0,-456.0
-298.0,,-129.0,429.0,239.0,-729.0,-361.0,896.0,-50.0,-413.0
-326.0,,-167.0,498.0,260.0,-496.0,-382.0,1045.0,-16.0,-375.0
-318.0,,-191.0,451.0,246.0,-445.0,-356.0,739.0,6.0,-324.0
-316.0,,-213.0,364.0,211.0,-648.0,-324.0,1047.0,45.0,-289.0
-358.0,,-214.0,349.0,160.0,-678.0,-304.0,761.0,98.0,-259.0
-358.0,,-235.0,346.0,94.0,-454.0,-289.0,923.0,118.0,-252.0
-400.0,,-232.0,383.0,18.0,-390.0,-247.0,938.0,125.0,-261.0
-421.0,,-200.0,359.0,-54.0,-569.0,-218.0,812.0,133.0,-237.0
-407.0,,-196.0,314.0,-106.0,-638.0,-207.0,1055.0,131.0,-232.0
-397.0,,-177.0,348.0,-123.0,-475.0,-162.0,676.0,145.0,-219.0
-380.0,,-161.0,346.0,-93.0,-327.0,-137.0,857.0,171.0,-214.0
-404.0,,-140.0,275.0,-49.0,-445.0,-105.0,596.0,183.0,-204.0
-381.0,,-124.0,200.0,-14.0,-512.0,-75.0,618.0,179.0,-180.0
-324.0,,-100.0,176.0,12.0,-323.0,-48.0,777.0,164.0,-141.0
-332.0,,-32.0,140.0,10.0,-168.0,-27.0,508.0,139.0,-100.0
-357.0,,-13.0,93.0,-3.0,-215.0,-30.0,811.0,102.0,-47.0
-333.0,,21.0,57.0,2.0,-392.0,-1.0,480.0,93.0,16.0
-313.0,,75.0,79.0,52.0,-250.0,19.0,589.0,99.0,80.0
-337.0,,84.0,171.0,146.0,-1.0,35.0,548.0,113.0,186.0
-364.0,,113.0,207.0,238.0,-123.0,48.0,456.0,145.0,287.0
-371.0,,110.0,200.0,306.0,-264.0,36.0,742.0,179.0,373.0
-395.0,,115.0,268.0,338.0,-158.0,26.0,454.0,205.0,432.0
-431.0,,116.0,419.0,331.0,58.0,17.0,733.0,205.0,478.0
-443.0,,87.0,532.0,304.0,29.0,23.0,474.0,202.0,512.0
-477.0,,81.0,595.0,264.0,-132.0,27.0,424.0,197.0,509.0
-523.0,,67.0,655.0,221.0,-3.0,20.0,473.0,178.0,515.0
-557.0,,54.0,736.0,200.0,181.0,27.0,145.0,160.0,554.0
-625.0,,39.0,818.0,211.0,121.0,32.0,382.0,129.0,566.0
-671.0,,45.0,832.0,237.0,36.0,37.0,16.0,101.0,566.0
-663.0,,26.0,812.0,242.0,138.0,54.0,219.0,67.0,578.0
-664.0,,19.0,685.0,205.0,313.0,57.0,206.0,45.0,556.0
-692.0,,37.0,533.0,128.0,345.0,62.0,42.0,30.0,548.0
-721.0,,18.0,482.0,27.0,234.0,77.0,218.0,21.0,534.0
-705.0,,47.0,456.0,-80.0,306.0,84.0,-153.0,40.0,490.0
-671.0,,69.0,462.0,-193.0,494.0,104.0,94.0,48.0,450.0
-672.0,,91.0,474.0,-280.0,406.0,127.0,-120.0,63.0,440.0
-683.0,,123.0,492.0,-325.0,274.0,140.0,-53.0,79.0,466.0
-686.0,,136.0,507.0,-330.0,310.0,155.0,22.0,69.0,523.0
-679.0,,172.0,519.0,-295.0,419.0,137.0,-286.0,37.0,595.0
-669.0,,211.0,602.0,-233.0,489.0,111.0,-40.0,-20.0,651.0
-654.0,,264.0,691.0,-181.0,391.0,136.0,-402.0,-89.0,707.0
-619.0,,301.0,688.0,-159.0,413.0,174.0,-225.0,-154.0,735.0
-568.0,,361.0,663.0,-134.0,628.0,196.0,-293.0,-219.0,727.0
-530.0,,427.0,739.0,-93.0,632.0,221.0,-437.0,-289.0,722.0
-539.0,,464.0,831.0,-42.0,446.0,236.0,-245.0,-344.0,697.0
-508.0,,536.0,860.0,16.0,437.0,243.0,-604.0,-410.0,668.0
-427.0,,569.0,864.0,79.0,616.0,244.0,-362.0,-479.0,625.0
-414.0,,600.0,833.0,117.0,683.0,244.0,-611.0,-539.0,554.0
-427.0,,627.0,863.0,109.0,550.0,243.0,-558.0,-593.0,503.0
-426.0,,614.0,874.0,68.0,515.0,253.0,-391.0,-615.0,453.0
-417.0,,625.0,815.0,-4.0,749.0,296.0,-589.0,-628.0,420.0
-415.0,,609.0,816.0,-72.0,815.0,320.0,-312.0,-619.0,436.0
-433.0,,601.0,812.0,-92.0,640.0,344.0,-689.0,-566.0,498.0
-429.0,,582.0,779.0,-56.0,682.0,369.0,-543.0,-504.0,578.0
-410.0,,565.0,741.0,24.0,871.0,393.0,-607.0,-445.0,649.0
-395.0,,539.0,650.0,107.0,913.0,422.0,-722.0,-402.0,705.0
-391.0,,511.0,551.0,168.0,772.0,411.0,-487.0,-386.0,726.0
-399.0,,492.0,518.0,194.0,730.0,388.0,-803.0,-397.0,732.0
-375.0,,460.0,525.0,159.0,865.0,379.0,-515.0,-421.0,730.0
-359.0,,457.0,588.0,77.0,851.0,402.0,-744.0,-460.0,726.0
-388.0,,425.0,642.0,-29.0,765.0,368.0,-707.0,-505.0,733.0
-366.0,,404.0,629.0,-138.0,800.0,313.0,-635.0,-533.0,730.0
-306.0,,376.0,592.0,-224.0,932.0,308.0,-894.0,-556.0,718.0
-288.0,,361.0,551.0,-267.0,986.0,299.0,-533.0,-555.0,715.0
-301.0,,355.0,532.0,-265.0,820.0,272.0,-766.0,-537.0,712.0
-282.0,,321.0,528.0,-245.0,730.0,227.0,-491.0,-516.0,712.0
-251.0,,308.0,575.0,-232.0,868.0,272.0,-541.0,-478.0,710.0
-253.0,,270.0,584.0,-243.0,950.0,318.0,-674.0,-438.0,672.0
-247.0,,243.0,559.0,-261.0,819.0,304.0,-469.0,-403.0,598.0
-258.0,,200.0,525.0,-258.0,770.0,310.0,-837.0,-356.0,495.0
-239.0,,155.0,543.0,-225.0,942.0,310.0,-572.0,-307.0,324.0
-181.0,,125.0,678.0,-161.0,1059.0,312.0,-726.0,-295.0,116.0
-217.0,,82.0,728.0,-94.0,928.0,291.0,-596.0,-278.0,-80.0
-290.0,,32.0,739.0,-44.0,801.0,282.0,-482.0,-262.0,-293.0
-287.0,,-33.0,743.0,-7.0,968.0,258.0,-648.0,-278.0,-469.0
-266.0,,-60.0,730.0,16.0,1065.0,217.0,-323.0,-290.0,-588.0
-308.0,,-102.0,652.0,28.0,901.0,217.0,-702.0,-308.0,-669.0
-324.0,,-161.0,522.0,38.0,841.0,211.0,-546.0,-309.0,-695.0
-285.0,,-184.0,479.0,55.0,1005.0,221.0,-652.0,-283.0,-661.0
-271.0,,-202.0,406.0,79.0,1154.0,239.0,-757.0,-256.0,-610.0
-286.0,,-241.0,386.0,118.0,1082.0,227.0,-480.0,-218.0,-539.0
-297.0,,-238.0,410.0,179.0,991.0,257.0,-750.0,-161.0,-472.0
-282.0,,-228.0,381.0,232.0,1156.0,292.0,-448.0,-111.0,-449.0
-245.0,,-207.0,418.0,246.0,1295.0,287.0,-624.0,-49.0,-414.0
-227.0,,-177.0,471.0,218.0,1171.0,263.0,-508.0,30.0,-399.0
-259.0,,-163.0,413.0,157.0,1022.0,238.0,-424.0,105.0,-428.0
-251.0,,-108.0,380.0,87.0,1089.0,254.0,-685.0,181.0,-478.0
-168.0,,-90.0,417.0,35.0,1264.0,259.0,-421.0,249.0,-568.0
-148.0,,-59.0,380.0,13.0,1252.0,255.0,-777.0,314.0,-677.0
-213.0,,-60.0,352.0,6.0,1145.0,248.0,-574.0,353.0,-744.0
-216.0,,-86.0,310.0,11.0,1223.0,240.0,-600.0,373.0,-821.0
-154.0,,-80.0,282.0,23.0,1389.0,250.0,-644.0,361.0,-884.0
-166.0,,-98.0,279.0,25.0,1381.0,229.0,-424.0,310.0,-881.0
-207.0,,-96.0,270.0,2.0,1262.0,218.0,-748.0,275.0,-864.0
-179.0,,-102.0,221.0,-54.0,1336.0,201.0,-450.0,251.0,-811.0
-131.0,,-121.0,77.0,-131.0,1521.0,180.0,-676.0,241.0,-738.0
-125.0,,-162.0,74.0,-200.0,1478.0,174.0,-598.0,241.0,-692.0
-149.0,,-168.0,146.0,-250.0,1350.0,172.0,-515.0,249.0,-665.0
-121.0,,-212.0,192.0,-264.0,1407.0,207.0,-753.0,282.0,-652.0
-59.0,,-243.0,250.0,-251.0,1489.0,235.0,-487.0,313.0,-666.0
-41.0,,-205.0,315.0,-227.0,1401.0,252.0,-816.0,330.0,-684.0
-80.0,,-232.0,441.0,-204.0,1287.0,284.0,-583.0,346.0,-730.0
-105.0,,-197.0,482.0,-197.0,1383.0,315.0,-689.0,361.0,-811.0
-42.0,,-177.0,466.0,-202.0,1548.0,325.0,-822.0,352.0,-886.0
-20.0,,-175.0,536.0,-224.0,1502.0,317.0,-650.0,352.0,-981.0
-67.0,,-173.0,605.0,-243.0,1353.0,345.0,-920.0,368.0,-1076.0
-71.0,,-194.0,636.0,-239.0,1382.0,378.0,-526.0,361.0,-1159.0
-41.0,,-171.0,629.0,-215.0,1510.0,381.0,-702.0,346.0,-1183.0
-26.0,,-180.0,499.0,-166.0,1427.0,392.0,-589.0,312.0,-1158.0
-57.0,,-168.0,361.0,-98.0,1227.0,368.0,-558.0,248.0,-1108.0
-77.0,,-156.0,266.0,-27.0,1237.0,334.0,-857.0,167.0,-1036.0
-58.0,,-154.0,138.0,22.0,1455.0,341.0,-606.0,76.0,-994.0
-54.0,,-150.0,23.0,72.0,1483.0,367.0,-886.0,-14.0,-961.0
-115.0,,-163.0,-87.0,123.0,1245.0,390.0,-565.0,-91.0,-960.0
-181.0,,-169.0,-144.0,182.0,1281.0,375.0,-600.0,-143.0,-964.0
-167.0,,-181.0,-171.0,253.0,1536.0,406.0,-698.0,-175.0,-935.0
-162.0,,-185.0,-195.0,287.0,1507.0,484.0,-594.0,-186.0,-905.0
-248.0,,-191.0,-160.0,269.0,1273.0,502.0,-982.0,-176.0,-864.0
-316.0,,-189.0,-151.0,206.0,1214.0,479.0,-694.0,-137.0,-799.0
-293.0,,-187.0,-211.0,133.0,1389.0,467.0,-903.0,-89.0,-707.0
-327.0,,-169.0,-206.0,81.0,1423.0,495.0,-755.0,-36.0,-589.0
-422.0,,-126.0,-70.0,57.0,1211.0,499.0,-683.0,2.0,-456.0
-445.0,,-96.0,0.0,66.0,1199.0,451.0,-897.0,28.0,-320.0
-431.0,,-54.0,-10.0,110.0,1445.0,435.0,-644.0,66.0,-179.0
-428.0,,-1.0,18.0,184.0,1432.0,423.0,-1012.0,77.0,-59.0
-479.0,,55.0,41.0,236.0,1186.0,351.0,-772.0,85.0,62.0
-519.0,,91.0,93.0,235.0,1182.0,343.0,-864.0,104.0,174.0
-504.0,,125.0,117.0,201.0,1378.0,408.0,-914.0,123.0,235.0
-490.0,,156.0,58.0,158.0,1368.0,405.0,-703.0,142.0,243.0
-501.0,,146.0,-5.0,130.0,1175.0,384.0,-966.0,138.0,209.0
-549.0,,120.0,-80.0,122.0,1187.0,401.0,-654.0,135.0,157.0
-533.0,,81.0,-136.0,103.0,1395.0,428.0,-940.0,109.0,83.0
-471.0,,52.0,-135.0,62.0,1409.0,427.0,-844.0,60.0,0.0
-475.0,,29.0,-24.0,5.0,1199.0,429.0,-825.0,16.0,-90.0
-486.0,,9.0,144.0,-61.0,1123.0,491.0,-1049.0,-45.0,-161.0
-405.0,,-9.0,240.0,-114.0,1290.0,549.0,-783.0,-101.0,-213.0
-312.0,,-31.0,265.0,-144.0,1419.0,545.0,-1138.0,-150.0,-267.0
-318.0,,-56.0,248.0,-134.0,1259.0,537.0,-921.0,-202.0,-295.0
-328.0,,-105.0,236.0,-72.0,1161.0,577.0,-1051.0,-256.0,-314.0
-247.0,,-115.0,238.0,27.0,1318.0,565.0,-1067.0,-294.0,-334.0
-150.0,,-131.0,225.0,110.0,1364.0,514.0,-833.0,-322.0,-346.0
-143.0,,-158.0,222.0,136.0,1168.0,514.0,-1095.0,-328.0,-392.0
-152.0,,-138.0,276.0,118.0,1033.0,530.0,-761.0,-297.0,-422.0
-100.0,,-146.0,338.0,65.0,1190.0,550.0,-986.0,-268.0,-428.0
-25.0,,-138.0,408.0,22.0,1268.0,564.0,-851.0,-236.0,-439.0
-7.0,,-114.0,509.0,13.0,1032.0,570.0,-837.0,-189.0,-441.0
-60.0,,-120.0,545.0,20.0,876.0,599.0,-1023.0,-127.0,-449.0
-55.0,,-121.0,570.0,25.0,1026.0,627.0,-748.0,-65.0,-483.0
-25.0,,-127.0,595.0,24.0,1060.0,622.0,-1108.0,-13.0,-504.0
-67.0,,-119.0,602.0,19.0,836.0,631.0,-833.0,22.0,-486.0
-147.0,,-102.0,635.0,-5.0,722.0,643.0,-940.0,39.0,-454.0
-152.0,,-116.0,685.0,-51.0,837.0,643.0,-990.0,61.0,-402.0
-103.0,,-95.0,782.0,-124.0,931.0,659.0,-803.0,72.0,-331.0
-116.0,,-94.0,780.0,-196.0,758.0,684.0,-1101.0,76.0,-223.0
-122.0,,-129.0,730.0,-230.0,644.0,715.0,-818.0,69.0,-118.0
-97.0,,-119.0,735.0,-214.0,801.0,711.0,-1077.0,45.0,-48.0
-57.0,,-126.0,674.0,-151.0,869.0,690.0,-901.0,8.0,0.0
-3.0,,-137.0,650.0,-63.0,639.0,696.0,-785.0,-36.0,40.0
21.0,,-126.0,688.0,31.0,452.0,680.0,-916.0,-94.0,79.0
36.0,,-105.0,752.0,114.0,577.0,640.0,-654.0,-155.0,128.0
89.0,,-101.0,820.0,186.0,704.0,587.0,-1025.0,-181.0,181.0
164.0,,-93.0,850.0,244.0,596.0,537.0,-796.0,-197.0,192.0
179.0,,-58.0,868.0,278.0,411.0,539.0,-901.0,-201.0,222.0
173.0,,-58.0,830.0,275.0,463.0,553.0,-883.0,-183.0,267.0
199.0,,-49.0,640.0,221.0,548.0,558.0,-628.0,-150.0,270.0
197.0,,-58.0,429.0,133.0,382.0,563.0,-864.0,-102.0,266.0
182.0,,-95.0,326.0,41.0,237.0,531.0,-533.0,-59.0,275.0
198.0,,-115.0,179.0,-26.0,318.0,553.0,-833.0,-36.0,257.0
211.0,,-149.0,24.0,-75.0,463.0,565.0,-753.0,-20.0,229.0
210.0,,-184.0,-79.0,-114.0,323.0,530.0,-709.0,1.0,214.0
200.0,,-225.0,-136.0,-135.0,61.0,552.0,-846.0,18.0,186.0
199.0,,-258.0,-117.0,-145.0,108.0,546.0,-489.0,21.0,149.0
171.0,,-291.0,-32.0,-146.0,248.0,551.0,-759.0,28.0,95.0
129.0,,-316.0,110.0,-137.0,102.0,549.0,-473.0,43.0,7.0
111.0,,-327.0,257.0,-135.0,-131.0,516.0,-583.0,52.0,-48.0
88.0,,-362.0,406.0,-160.0,-66.0,526.0,-606.0,75.0,-84.0
88.0,,-366.0,510.0,-194.0,157.0,535.0,-426.0,108.0,-112.0
93.0,,-391.0,592.0,-217.0,91.0,543.0,-679.0,146.0,-75.0
73.0,,-418.0,643.0,-204.0,-162.0,528.0,-330.0,192.0,-18.0
37.0,,-434.0,678.0,-151.0,-93.0,513.0,-572.0,221.0,50.0
52.0,,-463.0,707.0,-92.0,75.0,512.0,-389.0,252.0,127.0
70.0,,-470.0,644.0,-17.0,-68.0,520.0,-341.0,281.0,201.0
67.0,,-512.0,628.0,74.0,-200.0,516.0,-478.0,310.0,261.0
106.0,,-531.0,605.0,136.0,-110.0,482.0,-201.0,323.0,286.0
145.0,,-550.0,566.0,145.0,50.0,497.0,-537.0,324.0,292.0
175.0,,-573.0,595.0,106.0,35.0,486.0,-238.0,332.0,253.0
200.0,,-577.0,561.0,43.0,-192.0,438.0,-343.0,330.0,174.0
220.0,,-582.0,588.0,-19.0,-254.0,403.0,-328.0,324.0,28.0
206.0,,-582.0,685.0,-63.0,-84.0,396.0,-121.0,307.0,-162.0
253.0,,-581.0,732.0,-75.0,-123.0,418.0,-325.0,301.0,-351.0
303.0,,-580.0,823.0,-49.0,-338.0,385.0,33.0,305.0,-528.0
260.0,,-611.0,885.0,-10.0,-303.0,375.0,-219.0,312.0,-637.0
262.0,,-597.0,956.0,15.0,-87.0,352.0,-70.0,330.0,-689.0
284.0,,-622.0,1014.0,19.0,6.0,293.0,-75.0,346.0,-688.0
276.0,,-645.0,920.0,-13.0,-176.0,287.0,-251.0,368.0,-637.0
235.0,,-620.0,820.0,-84.0,-235.0,234.0,24.0,404.0,-576.0
182.0,,-612.0,712.0,-181.0,25.0,159.0,-260.0,444.0,-519.0
127.0,,-567.0,577.0,-284.0,4.0,106.0,33.0,476.0,-433.0
82.0,,-525.0,469.0,-385.0,-278.0,80.0,-96.0,499.0,-309.0
49.0,,-480.0,402.0,-464.0,-273.0,68.0,-70.0,516.0,-176.0
-3.0,,-446.0,362.0,-479.0,-79.0,63.0,114.0,521.0,-1.0
-33.0,,-392.0,302.0,-440.0,-110.0,102.0,-105.0,513.0,178.0
-5.0,,-341.0,287.0,-369.0,-313.0,106.0,286.0,508.0,343.0
-1.0,,-289.0,262.0,-289.0,-320.0,78.0,73.0,490.0,502.0
-64.0,,-216.0,181.0,-194.0,-82.0,65.0,277.0,474.0,616.0
-43.0,,-176.0,200.0,-88.0,-71.0,57.0,290.0,484.0,721.0
-12.0,,-118.0,289.0,-5.0,-320.0,23.0,166.0,466.0,781.0
-49.0,,-87.0,365.0,50.0,-364.0,-7.0,474.0,434.0,804.0
-89.0,,-75.0,502.0,79.0,-181.0,-32.0,164.0,409.0,803.0
-81.0,,-74.0,633.0,103.0,-123.0,-84.0,437.0,374.0,741.0
-45.0,,-114.0,723.0,119.0,-362.0,-92.0,236.0,335.0,658.0
-62.0,,-145.0,769.0,102.0,-481.0,-114.0,262.0,302.0,538.0
-39.0,,-192.0,775.0,62.0,-304.0,-145.0,436.0,261.0,373.0
-45.0,,-232.0,795.0,18.0,-217.0,-126.0,225.0,223.0,206.0
-52.0,,-294.0,764.0,3.0,-441.0,-108.0,648.0,212.0,53.0
18.0,,-375.0,709.0,12.0,-602.0,-97.0,410.0,194.0,-100.0
37.0,,-430.0,657.0,23.0,-391.0,-95.0,552.0,162.0,-235.0
33.0,,-491.0,582.0,38.0,-231.0,-91.0,439.0,131.0,-336.0
54.0,,-533.0,485.0,53.0,-449.0,-59.0,258.0,101.0,-429.0
90.0,,-542.0,363.0,67.0,-673.0,-17.0,541.0,47.0,-506.0
82.0,,-534.0,232.0,61.0,-447.0,-26.0,295.0,-6.0,-552.0
43.0,,-522.0,114.0,5.0,-310.0,-51.0,663.0,-50.0,-580.0
44.0,,-503.0,86.0,-102.0,-547.0,-84.0,550.0,-111.0,-582.0
3.0,,-483.0,79.0,-226.0,-648.0,-115.0,661.0,-129.0,-553.0
-46.0,,-444.0,26.0,-304.0,-490.0,-120.0,822.0,-128.0,-509.0
-66.0,,-431.0,47.0,-298.0,-295.0,-180.0,567.0,-127.0,-451.0
-116.0,,-419.0,107.0,-234.0,-427.0,-252.0,894.0,-106.0,-368.0
-117.0,,-380.0,201.0,-145.0,-615.0,-294.0,613.0,-89.0,-278.0
-105.0,,-367.0,322.0,-54.0,-452.0,-285.0,790.0,-75.0,-172.0
-135.0,,-346.0,327.0,13.0,-335.0,-285.0,746.0,-74.0,-2.0
-157.0,,-327.0,303.0,41.0,-550.0,-342.0,606.0,-78.0,176.0
-154.0,,-323.0,346.0,39.0,-730.0,-373.0,837.0,-68.0,370.0
-179.0,,-324.0,348.0,32.0,-634.0,-384.0,543.0,-49.0,570.0
-262.0,,-345.0,269.0,42.0,-534.0,-403.0,868.0,-12.0,743.0
-230.0,,-352.0,232.0,77.0,-678.0,-437.0,722.0,24.0,913.0
-183.0,,-360.0,254.0,145.0,-889.0,-456.0,849.0,50.0,1054.0
-213.0,,-377.0,270.0,222.0,-812.0,-459.0,999.0,66.0,1162.0
-196.0,,-361.0,290.0,269.0,-619.0,-450.0,753.0,66.0,1243.0
-154.0,,-364.0,344.0,273.0,-726.0,-427.0,1077.0,47.0,1271.0
-131.0,,-377.0,485.0,230.0,-907.0,-406.0,777.0,0.0,1244.0
-145.0,,-367.0,652.0,176.0,-820.0,-386.0,981.0,-73.0,1178.0
-138.0,,-404.0,777.0,142.0,-655.0,-403.0,921.0,-154.0,1092.0
-134.0,,-457.0,802.0,156.0,-705.0,-439.0,822.0,-244.0,1010.0
-113.0,,-511.0,750.0,227.0,-926.0,-439.0,1032.0,-343.0,947.0
-62.0,,-566.0,730.0,307.0,-827.0,-467.0,663.0,-434.0,905.0
-85.0,,-595.0,775.0,357.0,-521.0,-522.0,966.0,-507.0,894.0
-80.0,,-624.0,877.0,350.0,-612.0,-563.0,748.0,-573.0,891.0
16.0,,-645.0,886.0,286.0,-880.0,-560.0,785.0,-597.0,875.0
33.0,,-659.0,801.0,195.0,-857.0,-537.0,897.0,-593.0,855.0
-36.0,,-673.0,775.0,90.0,-582.0,-523.0,691.0,-570.0,816.0
-21.0,,-691.0,747.0,-9.0,-595.0,-469.0,1031.0,-514.0,772.0
55.0,,-721.0,685.0,-94.0,-816.0,-440.0,718.0,-458.0,741.0
60.0,,-723.0,655.0,-144.0,-697.0,-414.0,890.0,-401.0,726.0
58.0,,-734.0,684.0,-148.0,-520.0,-359.0,770.0,-363.0,733.0
119.0,,-728.0,709.0,-131.0,-627.0,-326.0,620.0,-343.0,757.0
162.0,,-695.0,662.0,-127.0,-818.0,-314.0,849.0,-335.0,795.0
215.0,,-688.0,685.0,-142.0,-818.0,-323.0,561.0,-346.0,845.0
291.0,,-633.0,711.0,-163.0,-668.0,-302.0,885.0,-363.0,909.0
318.0,,-591.0,685.0,-184.0,-644.0,-283.0,654.0,-380.0,962.0
338.0,,-564.0,763.0,-211.0,-799.0,-310.0,644.0,-391.0,1008.0
373.0,,-489.0,798.0,-230.0,-856.0,-311.0,659.0,-389.0,1039.0
350.0,,-453.0,769.0,-223.0,-717.0,-296.0,347.0,-363.0,1051.0
317.0,,-413.0,747.0,-178.0,-701.0,-302.0,611.0,-314.0,1057.0
339.0,,-364.0,713.0,-95.0,-852.0,-299.0,332.0,-256.0,1022.0
338.0,,-341.0,728.0,-12.0,-863.0,-314.0,578.0,-194.0,972.0
286.0,,-294.0,772.0,54.0,-708.0,-337.0,537.0,-136.0,933.0
231.0,,-279.0,826.0,112.0,-649.0,-335.0,452.0,-99.0,889.0
217.0,,-280.0,835.0,153.0,-870.0,-342.0,694.0,-64.0,856.0
205.0,,-262.0,830.0,181.0,-952.0,-356.0,419.0,-61.0,842.0
184.0,,-257.0,896.0,211.0,-707.0,-357.0,744.0,-92.0,854.0
153.0,,-268.0,979.0,237.0,-707.0,-363.0,543.0,-116.0,869.0
156.0,,-290.0,1053.0,248.0,-899.0,-386.0,598.0,-149.0,853.0
204.0,,-319.0,1103.0,246.0,-883.0,-400.0,630.0,-166.0,849.0
197.0,,-352.0,1064.0,224.0,-716.0,-384.0,336.0,-176.0,864.0
179.0,,-403.0,978.0,168.0,-663.0,-357.0,654.0,-172.0,878.0
217.0,,-445.0,899.0,90.0,-822.0,-350.0,352.0,-145.0,839.0
274.0,,-465.0,882.0,13.0,-795.0,-324.0,567.0,-115.0,787.0
259.0,,-507.0,913.0,-42.0,-590.0,-302.0,530.0,-75.0,746.0
244.0,,-526.0,799.0,-54.0,-596.0,-275.0,417.0,-40.0,657.0
286.0,,-542.0,619.0,-38.0,-718.0,-243.0,655.0,5.0,588.0
274.0,,-547.0,512.0,-34.0,-765.0,-257.0,367.0,55.0,503.0
249.0,,-526.0,405.0,-42.0,-631.0,-257.0,678.0,100.0,398.0
211.0,,-534.0,324.0,-55.0,-530.0,-272.0,437.0,133.0,352.0
184.0,,-489.0,268.0,-73.0,-674.0,-275.0,482.0,168.0,324.0
175.0,,-437.0,224.0,-98.0,-761.0,-256.0,598.0,214.0,322.0
132.0,,-374.0,256.0,-141.0,-647.0,-233.0,382.0,244.0,377.0
101.0,,-304.0,352.0,-192.0,-561.0,-199.0,722.0,278.0,479.0
73.0,,-247.0,374.0,-229.0,-713.0,-166.0,369.0,312.0,605.0
99.0,,-161.0,392.0,-239.0,-809.0,-107.0,517.0,333.0,725.0
97.0,,-108.0,485.0,-225.0,-611.0,-90.0,465.0,335.0,829.0
1.0,,-62.0,567.0,-176.0,-466.0,-59.0,412.0,338.0,882.0
-50.0,,-17.0,724.0,-95.0,-626.0,10.0,672.0,320.0,879.0
-52.0,,16.0,845.0,-17.0,-834.0,61.0,371.0,281.0,841.0
-75.0,,57.0,844.0,32.0,-698.0,112.0,667.0,230.0,763.0
-99.0,,96.0,912.0,51.0,-579.0,129.0,393.0,157.0,686.0
-102.0,,110.0,941.0,57.0,-795.0,126.0,447.0,87.0,626.0
-111.0,,143.0,905.0,53.0,-911.0,130.0,528.0,7.0,565.0
-93.0,,163.0,912.0,35.0,-776.0,152.0,312.0,-76.0,522.0
-79.0,,140.0,869.0,12.0,-621.0,168.0,698.0,-141.0,498.0
-96.0,,146.0,832.0,0.0,-676.0,166.0,417.0,-194.0,474.0
-93.0,,132.0,865.0,29.0,-804.0,171.0,659.0,-231.0,454.0
-75.0,,139.0,896.0,100.0,-663.0,183.0,565.0,-263.0,474.0
-75.0,,124.0,824.0,167.0,-500.0,204.0,386.0,-301.0,500.0
-71.0,,106.0,731.0,194.0,-640.0,215.0,522.0,-347.0,507.0
-41.0,,91.0,654.0,160.0,-848.0,206.0,171.0,-387.0,470.0
20.0,,51.0,575.0,80.0,-770.0,210.0,478.0,-412.0,351.0
46.0,,43.0,615.0,5.0,-576.0,205.0,304.0,-436.0,202.0
56.0,,-18.0,629.0,-44.0,-659.0,197.0,456.0,-450.0,22.0
108.0,,-40.0,591.0,-78.0,-871.0,197.0,583.0,-444.0,-174.0
122.0,,-66.0,643.0,-108.0,-889.0,158.0,334.0,-440.0,-366.0
149.0,,-118.0,719.0,-132.0,-709.0,129.0,559.0,-427.0,-546.0
190.0,,-130.0,766.0,-123.0,-784.0,144.0,212.0,-381.0,-682.0
184.0,,-177.0,781.0,-76.0,-1054.0,195.0,454.0,-333.0,-788.0
163.0,,-196.0,806.0,-3.0,-1005.0,208.0,452.0,-304.0,-867.0
160.0,,-239.0,821.0,67.0,-845.0,192.0,480.0,-281.0,-889.0
131.0,,-268.0,866.0,121.0,-858.0,253.0,759.0,-251.0,-844.0
75.0,,-270.0,894.0,161.0,-1075.0,278.0,441.0,-221.0,-782.0
75.0,,-300.0,775.0,169.0,-1062.0,266.0,683.0,-185.0,-698.0
50.0,,-297.0,701.0,139.0,-830.0,266.0,384.0,-134.0,-569.0
-17.0,,-303.0,681.0,88.0,-890.0,239.0,471.0,-93.0,-452.0
-30.0,,-294.0,643.0,58.0,-1041.0,253.0,585.0,-33.0,-343.0
4.0,,-269.0,679.0,39.0,-1037.0,218.0,352.0,33.0,-259.0
21.0,,-257.0,718.0,-7.0,-846.0,182.0,652.0,78.0,-179.0
5.0,,-234.0,674.0,-59.0,-807.0,206.0,310.0,131.0,-100.0
8.0,,-208.0,617.0,-77.0,-974.0,199.0,515.0,174.0,-41.0
62.0,,-174.0,646.0,-48.0,-950.0,224.0,452.0,205.0,0.0
110.0,,-126.0,723.0,-4.0,-810.0,238.0,334.0,227.0,-3.0
111.0,,-83.0,811.0,26.0,-795.0,231.0,532.0,238.0,-26.0
120.0,,-58.0,850.0,31.0,-916.0,226.0,238.0,248.0,-69.0
175.0,,-16.0,885.0,16.0,-955.0,215.0,552.0,248.0,-81.0
238.0,,-6.0,923.0,-22.0,-815.0,233.0,339.0,240.0,-90.0
230.0,,-16.0,910.0,-83.0,-747.0,219.0,408.0,233.0,-125.0
192.0,,-18.0,844.0,-138.0,-905.0,191.0,476.0,236.0,-138.0
235.0,,-32.0,854.0,-148.0,-928.0,178.0,243.0,227.0,-185.0
269.0,,-34.0,1008.0,-121.0,-701.0,187.0,535.0,212.0,-246.0
224.0,,-59.0,998.0,-100.0,-600.0,188.0,232.0,193.0,-311.0
198.0,,-67.0,922.0,-97.0,-740.0,188.0,437.0,163.0,-407.0
190.0,,-71.0,910.0,-100.0,-796.0,215.0,330.0,133.0,-517.0
180.0,,-92.0,795.0,-94.0,-619.0,209.0,225.0,106.0,-617.0
162.0,,-120.0,693.0,-86.0,-527.0,226.0,450.0,100.0,-697.0
96.0,,-133.0,721.0,-77.0,-711.0,245.0,158.0,118.0,-755.0
10.0,,-130.0,765.0,-75.0,-834.0,255.0,460.0,157.0,-792.0
-33.0,,-165.0,770.0,-100.0,-600.0,263.0,249.0,208.0,-819.0
-52.0,,-163.0,875.0,-127.0,-492.0,216.0,352.0,247.0,-806.0
-148.0,,-173.0,1062.0,-151.0,-653.0,181.0,426.0,275.0,-764.0
-217.0,,-182.0,1196.0,-156.0,-620.0,157.0,171.0,281.0,-750.0
-175.0,,-169.0,1262.0,-141.0,-417.0,127.0,424.0,268.0,-703.0
-167.0,,-182.0,1269.0,-105.0,-332.0,105.0,103.0,241.0,-573.0
-212.0,,-153.0,1197.0,-41.0,-477.0,103.0,378.0,205.0,-429.0
-211.0,,-121.0,1119.0,14.0,-505.0,91.0,360.0,170.0,-297.0
-149.0,,-96.0,1030.0,44.0,-299.0,87.0,315.0,103.0,-189.0
-114.0,,-45.0,1025.0,40.0,-187.0,114.0,519.0,20.0,-117.0
-87.0,,4.0,1014.0,11.0,-273.0,137.0,157.0,-60.0,-68.0
-13.0,,38.0,764.0,-2.0,-361.0,151.0,321.0,-143.0,-63.0
44.0,,83.0,659.0,17.0,-208.0,119.0,5.0,-229.0,-96.0
101.0,,134.0,736.0,54.0,-58.0,106.0,118.0,-315.0,-144.0
159.0,,164.0,647.0,62.0,-129.0,93.0,266.0,-387.0,-185.0
192.0,,228.0,536.0,24.0,-278.0,84.0,142.0,-441.0,-217.0
239.0,,283.0,650.0,-32.0,-196.0,99.0,474.0,-488.0,-238.0
268.0,,307.0,795.0,-95.0,7.0,54.0,131.0,-521.0,-238.0
195.0,,341.0,754.0,-174.0,-101.0,52.0,330.0,-514.0,-228.0
158.0,,354.0,909.0,-255.0,-185.0,85.0,236.0,-484.0,-236.0
198.0,,375.0,1094.0,-313.0,10.0,74.0,133.0,-442.0,-295.0
168.0,,381.0,1090.0,-316.0,160.0,49.0,362.0,-366.0,-340.0
86.0,,376.0,1185.0,-267.0,69.0,32.0,129.0,-257.0,-384.0
30.0,,388.0,1107.0,-212.0,-29.0,3.0,445.0,-135.0,-458.0
58.0,,349.0,899.0,-181.0,149.0,-37.0,169.0,-24.0,-524.0
81.0,,311.0,864.0,-163.0,333.0,-71.0,184.0,70.0,-602.0
30.0,,268.0,854.0,-124.0,242.0,-115.0,166.0,161.0,-691.0
21.0,,202.0,761.0,-64.0,149.0,-115.0,-70.0,244.0,-790.0
36.0,,153.0,692.0,-1.0,290.0,-91.0,258.0,307.0,-883.0
53.0,,86.0,664.0,44.0,438.0,-76.0,-38.0,346.0,-940.0
5.0,,39.0,643.0,56.0,369.0,-63.0,173.0,364.0,-928.0
-118.0,,11.0,608.0,44.0,246.0,-60.0,59.0,366.0,-895.0
-123.0,,-25.0,584.0,13.0,375.0,-18.0,-3.0,350.0,-844.0
-111.0,,-63.0,699.0,-39.0,555.0,0.0,218.0,319.0,-714.0
-163.0,,-58.0,799.0,-100.0,478.0,-1.0,-88.0,281.0,-538.0
-232.0,,-67.0,792.0,-137.0,308.0,9.0,177.0,249.0,-343.0
-243.0,,-75.0,767.0,-123.0,360.0,11.0,-83.0,225.0,-171.0
-211.0,,-64.0,749.0,-56.0,582.0,14.0,3.0,204.0,-16.0
-280.0,,-78.0,778.0,6.0,546.0,7.0,27.0,189.0,119.0
-307.0,,-51.0,856.0,44.0,358.0,1.0,-205.0,178.0,233.0
-289.0,,-52.0,970.0,90.0,425.0,-17.0,36.0,171.0,323.0
-252.0,,-60.0,1034.0,173.0,644.0,-53.0,-336.0,169.0,361.0
-232.0,,-60.0,1024.0,270.0,646.0,-69.0,-129.0,176.0,398.0
-240.0,,-92.0,1090.0,308.0,461.0,-64.0,-254.0,167.0,424.0
-175.0,,-111.0,1172.0,257.0,482.0,-66.0,-299.0,140.0,400.0
-107.0,,-122.0,1054.0,174.0,692.0,-70.0,-77.0,129.0,384.0
-87.0,,-134.0,1033.0,124.0,712.0,-58.0,-347.0,117.0,346.0
-105.0,,-142.0,1105.0,137.0,573.0,-38.0,-48.0,100.0,260.0
-69.0,,-136.0,1068.0,181.0,612.0,-16.0,-332.0,92.0,180.0
-26.0,,-138.0,1150.0,191.0,751.0,5.0,-264.0,90.0,62.0
-11.0,,-132.0,1284.0,159.0,701.0,7.0,-271.0,97.0,-46.0
-13.0,,-139.0,1449.0,127.0,525.0,7.0,-452.0,102.0,-117.0
7.0,,-130.0,1575.0,118.0,548.0,25.0,-101.0,107.0,-210.0
69.0,,-118.0,1624.0,106.0,735.0,31.0,-373.0,113.0,-312.0
67.0,,-116.0,1673.0,76.0,770.0,34.0,-153.0,116.0,-417.0
36.0,,-71.0,1633.0,46.0,657.0,66.0,-389.0,105.0,-519.0
23.0,,-33.0,1719.0,32.0,642.0,127.0,-517.0,100.0,-647.0
62.0,,7.0,1748.0,25.0,790.0,152.0,-345.0,78.0,-788.0
51.0,,48.0,1545.0,-6.0,755.0,152.0,-602.0,41.0,-930.0
-2.0,,80.0,1420.0,-66.0,587.0,171.0,-236.0,33.0,-1075.0
-8.0,,100.0,1274.0,-141.0,657.0,179.0,-456.0,35.0,-1196.0
39.0,,99.0,1119.0,-204.0,835.0,173.0,-345.0,37.0,-1297.0
41.0,,98.0,994.0,-227.0,823.0,181.0,-363.0,23.0,-1374.0
-58.0,,103.0,895.0,-199.0,642.0,198.0,-552.0,2.0,-1384.0
-47.0,,107.0,1014.0,-137.0,638.0,197.0,-280.0,-37.0,-1344.0
-3.0,,87.0,1053.0,-70.0,841.0,201.0,-535.0,-106.0,-1288.0
-20.0,,79.0,1027.0,15.0,945.0,213.0,-157.0,-175.0,-1178.0
-28.0,,65.0,1183.0,121.0,807.0,230.0,-262.0,-250.0,-1052.0
-10.0,,65.0,1141.0,222.0,765.0,274.0,-295.0,-308.0,-931.0
47.0,,87.0,948.0,290.0,943.0,295.0,-214.0,-354.0,-819.0
89.0,,91.0,963.0,301.0,980.0,292.0,-559.0,-381.0,-711.0
96.0,,123.0,1066.0,252.0,818.0,299.0,-290.0,-369.0,-592.0
69.0,,134.0,1093.0,165.0,692.0,292.0,-593.0,-352.0,-510.0
81.0,,156.0,1088.0,83.0,854.0,305.0,-400.0,-305.0,-472.0
130.0,,181.0,1162.0,25.0,957.0,338.0,-352.0,-256.0,-446.0
119.0,,192.0,1250.0,-16.0,797.0,326.0,-434.0,-204.0,-430.0
84.0,,218.0,1249.0,-28.0,738.0,301.0,-120.0,-131.0,-422.0
119.0,,225.0,1313.0,6.0,882.0,315.0,-423.0,-86.0,-460.0
200.0,,263.0,1449.0,68.0,1052.0,350.0,-175.0,-43.0,-531.0
235.0,,312.0,1394.0,121.0,943.0,372.0,-397.0,13.0,-570.0
262.0,,349.0,1325.0,134.0,778.0,398.0,-362.0,79.0,-590.0
319.0,,359.0,1346.0,105.0,905.0,388.0,-127.0,142.0,-593.0
337.0,,369.0,1349.0,47.0,993.0,389.0,-280.0,208.0,-575.0
354.0,,363.0,1299.0,-14.0,875.0,447.0,51.0,288.0,-542.0
401.0,,342.0,1114.0,-61.0,826.0,476.0,-286.0,357.0,-525.0
390.0,,310.0,1039.0,-85.0,946.0,470.0,-182.0,420.0,-518.0
393.0,,271.0,972.0,-87.0,1054.0,472.0,-260.0,477.0,-523.0
426.0,,264.0,848.0,-90.0,970.0,493.0,-397.0,533.0,-534.0
402.0,,224.0,731.0,-97.0,832.0,478.0,-153.0,580.0,-514.0
349.0,,211.0,478.0,-106.0,934.0,450.0,-478.0,604.0,-535.0
360.0,,195.0,417.0,-116.0,1126.0,458.0,-171.0,601.0,-558.0
323.0,,174.0,519.0,-104.0,1072.0,486.0,-291.0,564.0,-583.0
219.0,,183.0,538.0,-57.0,932.0,509.0,-171.0,515.0,-622.0
221.0,,164.0,625.0,12.0,1002.0,486.0,35.0,444.0,-673.0
186.0,,156.0,731.0,79.0,1111.0,460.0,-188.0,354.0,-776.0
102.0,,140.0,805.0,137.0,1041.0,464.0,25.0,279.0,-865.0
16.0,,131.0,899.0,143.0,949.0,465.0,-323.0,206.0,-930.0
-35.0,,113.0,919.0,73.0,1052.0,457.0,-105.0,131.0,-969.0
-75.0,,117.0,949.0,-39.0,1179.0,430.0,-110.0,77.0,-1005.0
-160.0,,133.0,1112.0,-152.0,983.0,373.0,-155.0,18.0,-976.0
-191.0,,117.0,1305.0,-215.0,818.0,329.0,68.0,-41.0,-868.0
-251.0,,120.0,1335.0,-238.0,972.0,286.0,-332.0,-104.0,-763.0
-251.0,,100.0,1298.0,-239.0,1095.0,232.0,-62.0,-168.0,-639.0
-205.0,,104.0,1248.0,-219.0,1001.0,235.0,-258.0,-216.0,-507.0
-224.0,,102.0,1105.0,-194.0,829.0,239.0,-153.0,-261.0,-374.0
-223.0,,70.0,1233.0,-174.0,897.0,185.0,38.0,-296.0,-266.0
-179.0,,52.0,1368.0,-144.0,1060.0,150.0,-147.0,-321.0,-186.0
-125.0,,12.0,1247.0,-99.0,978.0,154.0,218.0,-359.0,-113.0
-144.0,,-31.0,1300.0,-30.0,794.0,148.0,-46.0,-399.0,-48.0
-147.0,,-87.0,1423.0,53.0,757.0,146.0,151.0,-425.0,-10.0
-79.0,,-126.0,1373.0,112.0,857.0,144.0,116.0,-447.0,-21.0
0.0,,-153.0,1397.0,128.0,847.0,135.0,12.0,-454.0,-38.0
54.0,,-187.0,1622.0,85.0,712.0,129.0,212.0,-450.0,-83.0
89.0,,-227.0,1612.0,-4.0,699.0,121.0,-107.0,-450.0,-163.0
118.0,,-276.0,1420.0,-94.0,827.0,96.0,212.0,-447.0,-243.0
191.0,,-295.0,1442.0,-160.0,783.0,62.0,7.0,-433.0,-317.0
273.0,,-359.0,1598.0,-190.0,598.0,41.0,105.0,-426.0,-385.0
229.0,,-399.0,1614.0,-179.0,613.0,7.0,267.0,-411.0,-467.0
215.0,,-410.0,1526.0,-142.0,715.0,-41.0,12.0,-373.0,-554.0
275.0,,-469.0,1544.0,-104.0,712.0,-96.0,273.0,-346.0,-614.0
288.0,,-459.0,1503.0,-78.0,548.0,-132.0,-73.0,-302.0,-645.0
268.0,,-494.0,1432.0,-73.0,444.0,-139.0,169.0,-257.0,-641.0
236.0,,-520.0,1373.0,-83.0,537.0,-140.0,199.0,-221.0,-611.0
259.0,,-509.0,1218.0,-97.0,501.0,-183.0,184.0,-162.0,-553.0
276.0,,-546.0,1079.0,-101.0,351.0,-242.0,482.0,-114.0,-455.0
241.0,,-526.0,1051.0,-82.0,369.0,-249.0,206.0,-76.0,-325.0
201.0,,-533.0,1075.0,-33.0,544.0,-266.0,497.0,-44.0,-205.0
210.0,,-519.0,1056.0,52.0,588.0,-318.0,236.0,-19.0,-112.0
272.0,,-495.0,979.0,145.0,412.0,-385.0,295.0,4.0,0.0
234.0,,-501.0,986.0,215.0,356.0,-427.0,356.0,11.0,91.0
160.0,,-477.0,1166.0,242.0,549.0,-412.0,114.0,9.0,122.0
206.0,,-473.0,1204.0,214.0,597.0,-391.0,443.0,-11.0,107.0
240.0,,-455.0,1234.0,135.0,404.0,-394.0,168.0,-40.0,72.0
181.0,,-427.0,1379.0,37.0,358.0,-384.0,434.0,-54.0,19.0
154.0,,-420.0,1314.0,-43.0,503.0,-341.0,327.0,-73.0,-56.0
216.0,,-407.0,1280.0,-98.0,579.0,-320.0,203.0,-80.0,-142.0
266.0,,-406.0,1460.0,-127.0,465.0,-337.0,402.0,-67.0,-190.0
239.0,,-409.0,1559.0,-121.0,373.0,-311.0,94.0,-60.0,-180.0
242.0,,-423.0,1574.0,-64.0,490.0,-258.0,460.0,-46.0,-178.0
258.0,,-432.0,1588.0,16.0,590.0,-252.0,286.0,-19.0,-144.0
260.0,,-419.0,1500.0,80.0,492.0,-266.0,450.0,22.0,-58.0
260.0,,-428.0,1518.0,117.0,396.0,-259.0,620.0,61.0,48.0
159.0,,-401.0,1607.0,118.0,544.0,-225.0,447.0,100.0,172.0
103.0,,-381.0,1514.0,95.0,686.0,-194.0,720.0,143.0,293.0
132.0,,-371.0,1428.0,55.0,522.0,-183.0,339.0,161.0,403.0
72.0,,-355.0,1509.0,14.0,329.0,-194.0,524.0,174.0,515.0
4.0,,-353.0,1493.0,2.0,429.0,-190.0,400.0,191.0,612.0
-9.0,,-320.0,1436.0,24.0,563.0,-176.0,351.0,218.0,663.0
7.0,,-325.0,1363.0,75.0,409.0,-193.0,598.0,269.0,707.0
-7.0,,-301.0,1078.0,134.0,239.0,-203.0,308.0,328.0,733.0
-92.0,,-267.0,998.0,196.0,365.0,-217.0,633.0,391.0,725.0
-98.0,,-254.0,972.0,247.0,529.0,-233.0,406.0,439.0,674.0
-61.0,,-197.0,871.0,258.0,412.0,-216.0,506.0,470.0,602.0
-92.0,,-156.0,875.0,223.0,239.0,-217.0,576.0,483.0,522.0
-129.0,,-102.0,868.0,176.0,374.0,-219.0,413.0,450.0,430.0
-148.0,,-43.0,946.0,175.0,520.0,-204.0,768.0,419.0,349.0
-116.0,,-2.0,1077.0,221.0,370.0,-188.0,489.0,393.0,261.0
-73.0,,40.0,1290.0,289.0,274.0,-190.0,709.0,370.0,213.0
-126.0,,84.0,1299.0,344.0,342.0,-199.0,558.0,353.0,209.0
-154.0,,137.0,1221.0,349.0,468.0,-190.0,471.0,313.0,200.0
-92.0,,176.0,1318.0,297.0,463.0,-213.0,635.0,275.0,207.0
-79.0,,217.0,1287.0,197.0,313.0,-236.0,315.0,216.0,232.0
-110.0,,232.0,1408.0,51.0,394.0,-258.0,650.0,141.0,291.0
-112.0,,247.0,1575.0,-100.0,535.0,-268.0,423.0,57.0,362.0
-38.0,,245.0,1548.0,-183.0,429.0,-271.0,515.0,-30.0,440.0
-4.0,,211.0,1469.0,-166.0,221.0,-279.0,526.0,-99.0,545.0
-50.0,,208.0,1220.0,-67.0,241.0,-232.0,273.0,-153.0,646.0
-39.0,,167.0,1103.0,77.0,477.0,-194.0,484.0,-172.0,742.0
-23.0,,159.0,1145.0,204.0,511.0,-169.0,114.0,-164.0,820.0
6.0,,137.0,1081.0,270.0,294.0,-163.0,363.0,-147.0,858.0
4.0,,116.0,1048.0,250.0,304.0,-168.0,264.0,-141.0,876.0
-10.0,,148.0,1065.0,159.0,527.0,-107.0,249.0,-132.0,864.0
31.0,,119.0,1067.0,70.0,406.0,-45.0,461.0,-113.0,836.0
78.0,,123.0,1072.0,48.0,201.0,-34.0,186.0,-85.0,816.0
100.0,,133.0,1109.0,96.0,292.0,-22.0,545.0,-31.0,771.0
68.0,,134.0,1128.0,158.0,440.0,0.0,280.0,32.0,711.0
111.0,,144.0,1172.0,192.0,411.0,-10.0,299.0,109.0,653.0
109.0,,165.0,1172.0,165.0,277.0,-1.0,258.0,181.0,597.0
40.0,,170.0,1124.0,65.0,338.0,17.0,31.0,227.0,563.0
45.0,,173.0,1179.0,-64.0,460.0,20.0,308.0,248.0,576.0
46.0,,199.0,1170.0,-166.0,402.0,31.0,3.0,233.0,647.0
26.0,,191.0,1100.0,-209.0,287.0,30.0,223.0,173.0,745.0
5.0,,223.0,1109.0,-206.0,358.0,38.0,90.0,84.0,882.0
31.0,,241.0,1079.0,-195.0,570.0,36.0,79.0,-12.0,1028.0
45.0,,257.0,1017.0,-176.0,609.0,38.0,290.0,-110.0,1152.0
57.0,,282.0,943.0,-140.0,446.0,68.0,77.0,-182.0,1260.0
56.0,,295.0,871.0,-104.0,365.0,78.0,469.0,-256.0,1317.0
29.0,,325.0,953.0,-71.0,513.0,70.0,194.0,-322.0,1341.0
53.0,,359.0,1079.0,-25.0,563.0,71.0,271.0,-360.0,1313.0
63.0,,402.0,1129.0,30.0,367.0,63.0,284.0,-386.0,1230.0
37.0,,407.0,1121.0,77.0,294.0,44.0,75.0,-403.0,1144.0
24.0,,452.0,1080.0,116.0,440.0,43.0,367.0,-409.0,1033.0
73.0,,458.0,1044.0,159.0,532.0,52.0,46.0,-406.0,897.0
125.0,,435.0,1027.0,200.0,411.0,51.0,286.0,-411.0,782.0
116.0,,438.0,1031.0,232.0,313.0,31.0,125.0,-404.0,701.0
136.0,,397.0,1013.0,223.0,409.0,10.0,62.0,-394.0,609.0
243.0,,379.0,973.0,144.0,446.0,0.0,251.0,-387.0,539.0
295.0,,344.0,892.0,20.0,349.0,28.0,-59.0,-371.0,505.0
310.0,,319.0,858.0,-83.0,309.0,64.0,271.0,-358.0,482.0
375.0,,309.0,963.0,-124.0,372.0,71.0,64.0,-348.0,499.0
444.0,,295.0,1103.0,-95.0,417.0,79.0,256.0,-336.0,526.0
526.0,,283.0,1102.0,-16.0,333.0,74.0,356.0,-311.0,562.0
584.0,,256.0,1026.0,88.0,242.0,93.0,214.0,-302.0,614.0
626.0,,269.0,981.0,200.0,342.0,88.0,513.0,-283.0,671.0
670.0,,238.0,998.0,267.0,418.0,54.0,162.0,-236.0,705.0
731.0,,211.0,1077.0,252.0,288.0,56.0,384.0,-199.0,724.0
741.0,,183.0,1078.0,174.0,244.0,31.0,260.0,-167.0,731.0
717.0,,124.0,1056.0,72.0,354.0,-6.0,297.0,-138.0,695.0
732.0,,116.0,966.0,-30.0,447.0,-22.0,539.0,-112.0,659.0
717.0,,75.0,791.0,-122.0,349.0,-48.0,249.0,-86.0,604.0
693.0,,42.0,766.0,-165.0,170.0,-84.0,509.0,-75.0,537.0
680.0,,39.0,811.0,-177.0,232.0,-78.0,129.0,-78.0,478.0
657.0,,14.0,795.0,-194.0,385.0,-65.0,192.0,-70.0,441.0
605.0,,-1.0,805.0,-227.0,325.0,-64.0,240.0,-62.0,428.0
558.0,,-14.0,820.0,-258.0,174.0,-51.0,75.0,-49.0,439.0
537.0,,-16.0,759.0,-274.0,224.0,-46.0,389.0,-15.0,497.0
527.0,,-39.0,719.0,-303.0,352.0,-25.0,110.0,13.0,549.0
445.0,,-67.0,875.0,-333.0,271.0,1.0,376.0,60.0,583.0
352.0,,-55.0,1017.0,-344.0,97.0,24.0,267.0,115.0,599.0
316.0,,-90.0,954.0,-312.0,157.0,26.0,279.0,172.0,555.0
279.0,,-118.0,903.0,-247.0,246.0,2.0,482.0,231.0,455.0
270.0,,-135.0,851.0,-186.0,123.0,4.0,208.0,265.0,315.0
148.0,,-205.0,811.0,-141.0,3.0,34.0,528.0,291.0,142.0
71.0,,-234.0,852.0,-88.0,14.0,35.0,225.0,308.0,-16.0
102.0,,-290.0,879.0,-13.0,131.0,-14.0,277.0,325.0,-154.0
73.0,,-352.0,890.0,43.0,73.0,-45.0,242.0,339.0,-274.0
12.0,,-407.0,928.0,41.0,-128.0,-38.0,-18.0,344.0,-358.0
-63.0,,-448.0,966.0,-14.0,-141.0,-32.0,266.0,345.0,-430.0
-23.0,,-475.0,968.0,-90.0,-41.0,-29.0,51.0,333.0,-482.0
15.0,,-511.0,954.0,-136.0,-63.0,-31.0,402.0,311.0,-553.0
8.0,,-503.0,828.0,-101.0,-204.0,-28.0,338.0,285.0,-643.0
33.0,,-498.0,746.0,22.0,-267.0,-14.0,314.0,265.0,-729.0
47.0,,-461.0,838.0,173.0,-210.0,-14.0,432.0,250.0,-827.0
106.0,,-433.0,903.0,293.0,-212.0,-9.0,107.0,242.0,-920.0
158.0,,-406.0,867.0,355.0,-311.0,3.0,439.0,233.0,-983.0
136.0,,-384.0,813.0,360.0,-332.0,17.0,188.0,228.0,-999.0
98.0,,-373.0,891.0,314.0,-247.0,36.0,317.0,225.0,-964.0
114.0,,-358.0,1006.0,243.0,-294.0,52.0,314.0,223.0,-845.0
162.0,,-360.0,1155.0,183.0,-500.0,46.0,68.0,213.0,-664.0
149.0,,-344.0,1268.0,150.0,-546.0,21.0,284.0,171.0,-471.0
125.0,,-337.0,1186.0,123.0,-448.0,10.0,-42.0,142.0,-239.0
117.0,,-319.0,1238.0,85.0,-416.0,-19.0,258.0,110.0,-29.0
102.0,,-320.0,1305.0,49.0,-548.0,-26.0,227.0,75.0,122.0
126.0,,-296.0,1182.0,16.0,-626.0,-1.0,317.0,60.0,250.0
102.0,,-286.0,1024.0,-41.0,-530.0,-3.0,485.0,35.0,332.0
39.0,,-272.0,798.0,-120.0,-667.0,5.0,134.0,15.0,396.0
18.0,,-243.0,671.0,-195.0,-845.0,18.0,345.0,12.0,418.0
54.0,,-253.0,585.0,-248.0,-808.0,32.0,-1.0,1.0,401.0
48.0,,-236.0,498.0,-253.0,-761.0,48.0,144.0,-20.0,364.0
-23.0,,-250.0,515.0,-212.0,-781.0,36.0,208.0,-34.0,252.0
11.0,,-243.0,446.0,-157.0,-878.0,11.0,99.0,-40.0,114.0
51.0,,-244.0,493.0,-107.0,-880.0,-38.0,447.0,-42.0,-21.0
51.0,,-251.0,647.0,-77.0,-772.0,-101.0,149.0,-36.0,-160.0
49.0,,-232.0,636.0,-76.0,-783.0,-131.0,391.0,-40.0,-270.0
61.0,,-227.0,658.0,-96.0,-886.0,-176.0,225.0,-25.0,-300.0
119.0,,-189.0,739.0,-106.0,-901.0,-219.0,140.0,12.0,-294.0
157.0,,-146.0,727.0,-83.0,-805.0,-239.0,282.0,48.0,-269.0
185.0,,-117.0,754.0,-51.0,-747.0,-272.0,-18.0,80.0,-180.0
183.0,,-80.0,872.0,-36.0,-826.0,-284.0,273.0,111.0,-90.0
224.0,,-2.0,941.0,-16.0,-855.0,-304.0,24.0,156.0,33.0
290.0,,56.0,1030.0,32.0,-769.0,-328.0,133.0,201.0,176.0
286.0,,96.0,1066.0,101.0,-736.0,-336.0,125.0,229.0,283.0
263.0,,148.0,1076.0,182.0,-834.0,-346.0,-70.0,244.0,425.0
262.0,,193.0,1211.0,241.0,-908.0,-359.0,219.0,273.0,574.0
242.0,,226.0,1262.0,253.0,-792.0,-391.0,-40.0,306.0,687.0
180.0,,263.0,1258.0,238.0,-689.0,-408.0,288.0,341.0,796.0
139.0,,291.0,1182.0,220.0,-748.0,-416.0,205.0,371.0,874.0
92.0,,298.0,1137.0,225.0,-806.0,-434.0,157.0,368.0,873.0
66.0,,323.0,1130.0,226.0,-724.0,-442.0,254.0,353.0,852.0
36.0,,324.0,945.0,184.0,-692.0,-472.0,-162.0,323.0,794.0
-64.0,,328.0,757.0,103.0,-835.0,-493.0,36.0,258.0,708.0
-98.0,,314.0,626.0,0.0,-876.0,-465.0,-234.0,170.0,628.0
-113.0,,305.0,536.0,-99.0,-782.0,-433.0,-38.0,56.0,539.0
-183.0,,288.0,486.0,-184.0,-732.0,-448.0,57.0,-72.0,459.0
-224.0,,257.0,487.0,-215.0,-797.0,-475.0,-110.0,-185.0,367.0
-237.0,,267.0,391.0,-157.0,-855.0,-465.0,136.0,-298.0,277.0
-219.0,,238.0,236.0,-38.0,-726.0,-467.0,-242.0,-383.0,158.0
-250.0,,233.0,231.0,82.0,-655.0,-473.0,-68.0,-452.0,41.0
-272.0,,221.0,269.0,153.0,-745.0,-455.0,-212.0,-505.0,-53.0
-226.0,,206.0,337.0,179.0,-808.0,-412.0,-197.0,-525.0,-128.0
-208.0,,216.0,397.0,197.0,-756.0,-402.0,12.0,-543.0,-175.0
-177.0,,177.0,489.0,210.0,-621.0,-409.0,-262.0,-538.0,-228.0
-147.0,,174.0,655.0,219.0,-643.0,-374.0,-22.0,-519.0,-218.0
-110.0,,140.0,735.0,233.0,-749.0,-346.0,-365.0,-475.0,-182.0
-68.0,,101.0,694.0,225.0,-749.0,-300.0,-288.0,-398.0,-132.0
-38.0,,91.0,689.0,176.0,-677.0,-258.0,-315.0,-317.0,-58.0
0.0,,57.0,716.0,103.0,-722.0,-230.0,-493.0,-217.0,-11.0
31.0,,47.0,750.0,26.0,-863.0,-213.0,-155.0,-123.0,27.0
102.0,,42.0,800.0,-26.0,-792.0,-227.0,-400.0,-39.0,67.0
110.0,,47.0,809.0,-53.0,-689.0,-243.0,-123.0,45.0,128.0
103.0,,46.0,864.0,-44.0,-713.0,-246.0,-312.0,124.0,198.0
169.0,,52.0,911.0,5.0,-778.0,-239.0,-395.0,198.0,272.0
183.0,,71.0,967.0,40.0,-738.0,-263.0,-277.0,265.0,359.0
174.0,,80.0,1003.0,7.0,-594.0,-260.0,-574.0,331.0,468.0
174.0,,111.0,1001.0,-97.0,-694.0,-246.0,-249.0,374.0,565.0
200.0,,136.0,984.0,-210.0,-820.0,-252.0,-491.0,403.0,614.0
182.0,,144.0,938.0,-282.0,-717.0,-226.0,-308.0,387.0,634.0
127.0,,151.0,954.0,-291.0,-606.0,-208.0,-310.0,347.0,618.0
138.0,,157.0,903.0,-237.0,-642.0,-196.0,-500.0,274.0,578.0
153.0,,149.0,788.0,-155.0,-726.0,-185.0,-227.0,176.0,534.0
127.0,,136.0,685.0,-76.0,-646.0,-166.0,-570.0,84.0,504.0
67.0,,96.0,558.0,-39.0,-563.0,-157.0,-293.0,-18.0,480.0
56.0,,28.0,387.0,-40.0,-596.0,-150.0,-413.0,-77.0,435.0
82.0,,-38.0,328.0,-48.0,-650.0,-108.0,-412.0,-116.0,375.0
75.0,,-115.0,352.0,-33.0,-619.0,-82.0,-290.0,-126.0,341.0
34.0,,-210.0,200.0,14.0,-419.0,-51.0,-667.0,-90.0,336.0
34.0,,-306.0,38.0,75.0,-320.0,-12.0,-437.0,-66.0,319.0
112.0,,-380.0,-10.0,141.0,-454.0,24.0,-737.0,-45.0,299.0
158.0,,-454.0,-20.0,214.0,-515.0,60.0,-552.0,-17.0,306.0
125.0,,-504.0,-6.0,272.0,-356.0,80.0,-524.0,2.0,330.0
114.0,,-546.0,124.0,273.0,-289.0,107.0,-681.0,10.0,379.0
196.0,,-588.0,307.0,232.0,-418.0,134.0,-388.0,36.0,414.0
234.0,,-607.0,394.0,176.0,-415.0,172.0,-739.0,72.0,395.0
221.0,,-628.0,492.0,111.0,-283.0,190.0,-500.0,120.0,366.0
200.0,,-628.0,573.0,49.0,-255.0,202.0,-692.0,190.0,307.0
194.0,,-629.0,647.0,-12.0,-344.0,215.0,-772.0,252.0,183.0
210.0,,-618.0,771.0,-68.0,-330.0,232.0,-650.0,304.0,22.0
164.0,,-597.0,847.0,-117.0,-195.0,269.0,-957.0,329.0,-165.0
118.0,,-587.0,893.0,-172.0,-201.0,268.0,-696.0,321.0,-378.0
107.0,,-575.0,895.0,-220.0,-297.0,267.0,-1045.0,285.0,-584.0
108.0,,-558.0,790.0,-245.0,-314.0,292.0,-934.0,236.0,-784.0
61.0,,-536.0,679.0,-236.0,-239.0,340.0,-942.0,201.0,-945.0
0.0,,-525.0,627.0,-197.0,-187.0,321.0,-1055.0,174.0,-1037.0
9.0,,-465.0,574.0,-165.0,-238.0,274.0,-689.0,151.0,-1118.0
22.0,,-404.0,460.0,-156.0,-238.0,266.0,-934.0,139.0,-1161.0
-2.0,,-356.0,303.0,-178.0,-122.0,238.0,-665.0,143.0,-1149.0
-41.0,,-270.0,203.0,-231.0,-121.0,247.0,-879.0,141.0,-1147.0
-33.0,,-218.0,107.0,-284.0,-255.0,250.0,-921.0,145.0,-1130.0
0.0,,-153.0,-41.0,-289.0,-299.0,249.0,-837.0,154.0,-1090.0
-29.0,,-64.0,-38.0,-219.0,-245.0,236.0,-1123.0,173.0,-1049.0
-44.0,,-11.0,-24.0,-113.0,-210.0,216.0,-798.0,196.0,-978.0
-15.0,,41.0,-152.0,-26.0,-312.0,233.0,-1077.0,184.0,-913.0
-21.0,,102.0,-168.0,17.0,-386.0,252.0,-888.0,168.0,-874.0
8.0,,143.0,-98.0,29.0,-254.0,264.0,-947.0,148.0,-815.0
60.0,,166.0,-51.0,33.0,-185.0,244.0,-1175.0,120.0,-737.0
94.0,,193.0,53.0,45.0,-341.0,274.0,-960.0,86.0,-680.0
118.0,,204.0,221.0,68.0,-404.0,316.0,-1300.0,60.0,-623.0
90.0,,206.0,363.0,62.0,-333.0,307.0,-975.0,31.0,-529.0
70.0,,200.0,422.0,-2.0,-322.0,325.0,-1040.0,7.0,-441.0
59.0,,186.0,493.0,-95.0,-386.0,370.0,-951.0,0.0,-344.0
42.0,,144.0,602.0,-147.0,-498.0,391.0,-807.0,-27.0,-258.0
3.0,,101.0,617.0,-131.0,-403.0,373.0,-1097.0,-64.0,-206.0
-59.0,,68.0,600.0,-91.0,-337.0,370.0,-822.0,-117.0,-180.0
-84.0,,14.0,588.0,-64.0,-494.0,384.0,-1127.0,-183.0,-207.0
-129.0,,-1.0,559.0,-51.0,-553.0,388.0,-951.0,-247.0,-258.0
-197.0,,-24.0,436.0,-23.0,-477.0,378.0,-940.0,-290.0,-339.0
-254.0,,-41.0,286.0,39.0,-404.0,395.0,-1032.0,-335.0,-450.0
-333.0,,-46.0,332.0,119.0,-526.0,402.0,-748.0,-379.0,-591.0
-382.0,,-64.0,268.0,185.0,-623.0,386.0,-1075.0,-404.0,-741.0
-415.0,,-45.0,102.0,214.0,-509.0,412.0,-844.0,-440.0,-888.0
-484.0,,-47.0,148.0,191.0,-399.0,420.0,-1080.0,-464.0,-1037.0
-549.0,,-45.0,217.0,116.0,-463.0,432.0,-1047.0,-473.0,-1153.0
-582.0,,-12.0,117.0,26.0,-617.0,470.0,-885.0,-481.0,-1258.0
-590.0,,15.0,18.0,-66.0,-611.0,507.0,-1136.0,-484.0,-1328.0
-629.0,,40.0,45.0,-146.0,-500.0,504.0,-812.0,-474.0,-1327.0
-664.0,,58.0,28.0,-170.0,-530.0,477.0,-1079.0,-458.0,-1297.0
-664.0,,120.0,3.0,-129.0,-690.0,473.0,-862.0,-443.0,-1249.0
-683.0,,166.0,53.0,-55.0,-736.0,440.0,-929.0,-428.0,-1191.0
-688.0,,200.0,109.0,-2.0,-665.0,423.0,-1097.0,-418.0,-1164.0
-700.0,,271.0,121.0,-10.0,-686.0,447.0,-811.0,-390.0,-1149.0
-711.0,,296.0,72.0,-96.0,-756.0,432.0,-1145.0,-343.0,-1130.0
-683.0,,333.0,115.0,-193.0,-688.0,390.0,-872.0,-273.0,-1131.0
-658.0,,358.0,239.0,-222.0,-557.0,372.0,-1053.0,-199.0,-1126.0
-639.0,,337.0,266.0,-178.0,-569.0,362.0,-1053.0,-160.0,-1109.0
-621.0,,349.0,328.0,-74.0,-742.0,347.0,-925.0,-127.0,-1069.0
-581.0,,314.0,446.0,42.0,-776.0,364.0,-1151.0,-111.0,-1005.0
-529.0,,276.0,422.0,114.0,-635.0,378.0,-822.0,-141.0,-915.0
-498.0,,243.0,381.0,116.0,-703.0,372.0,-1077.0,-173.0,-799.0
-464.0,,174.0,378.0,56.0,-790.0,392.0,-846.0,-210.0,-673.0
-418.0,,147.0,391.0,-23.0,-667.0,416.0,-875.0,-241.0,-547.0
-399.0,,94.0,507.0,-94.0,-534.0,450.0,-1005.0,-252.0,-389.0
-369.0,,58.0,557.0,-136.0,-566.0,481.0,-744.0,-248.0,-207.0
-337.0,,30.0,545.0,-146.0,-653.0,462.0,-1056.0,-220.0,-67.0
-373.0,,-7.0,705.0,-138.0,-577.0,451.0,-779.0,-181.0,41.0
-391.0,,-28.0,951.0,-135.0,-475.0,436.0,-997.0,-141.0,95.0
-385.0,,-59.0,977.0,-133.0,-510.0,387.0,-986.0,-134.0,113.0
-396.0,,-75.0,865.0,-123.0,-601.0,364.0,-840.0,-149.0,112.0
-421.0,,-96.0,869.0,-116.0,-573.0,364.0,-1066.0,-174.0,67.0
-470.0,,-103.0,791.0,-112.0,-482.0,342.0,-729.0,-215.0,-5.0
-477.0,,-130.0,616.0,-106.0,-492.0,314.0,-970.0,-263.0,-94.0
-471.0,,-143.0,519.0,-118.0,-580.0,312.0,-798.0,-310.0,-172.0
-449.0,,-159.0,517.0,-156.0,-564.0,343.0,-886.0,-338.0,-262.0
-429.0,,-188.0,508.0,-178.0,-442.0,378.0,-1043.0,-373.0,-300.0
-466.0,,-184.0,408.0,-178.0,-417.0,383.0,-785.0,-391.0,-306.0
-435.0,,-192.0,324.0,-174.0,-519.0,403.0,-1036.0,-404.0,-316.0
-403.0,,-185.0,308.0,-154.0,-516.0,423.0,-679.0,-405.0,-273.0
-433.0,,-205.0,311.0,-114.0,-329.0,420.0,-824.0,-372.0,-252.0
-457.0,,-230.0,276.0,-63.0,-316.0,411.0,-809.0,-331.0,-258.0
-488.0,,-239.0,316.0,-16.0,-471.0,399.0,-702.0,-259.0,-289.0
-475.0,,-283.0,356.0,43.0,-455.0,375.0,-962.0,-172.0,-345.0
-452.0,,-318.0,340.0,127.0,-301.0,359.0,-648.0,-62.0,-381.0
-448.0,,-360.0,363.0,192.0,-330.0,371.0,-918.0,50.0,-418.0
-458.0,,-398.0,356.0,205.0,-491.0,367.0,-709.0,146.0,-436.0
-477.0,,-420.0,447.0,160.0,-475.0,384.0,-726.0,240.0,-445.0
-445.0,,-454.0,654.0,67.0,-300.0,386.0,-899.0,309.0,-438.0
-453.0,,-467.0,821.0,-42.0,-216.0,376.0,-670.0,354.0,-381.0
-494.0,,-488.0,885.0,-135.0,-407.0,388.0,-994.0,364.0,-288.0
-488.0,,-471.0,907.0,-185.0,-431.0,377.0,-696.0,352.0,-195.0
-454.0,,-456.0,896.0,-181.0,-194.0,352.0,-818.0,319.0,-93.0
-428.0,,-453.0,792.0,-150.0,-163.0,288.0,-726.0,266.0,48.0
-448.0,,-400.0,733.0,-114.0,-335.0,248.0,-552.0,221.0,198.0
-460.0,,-374.0,771.0,-94.0,-423.0,233.0,-796.0,176.0,319.0
-420.0,,-324.0,724.0,-89.0,-279.0,180.0,-476.0,125.0,403.0
-357.0,,-277.0,563.0,-70.0,-208.0,138.0,-783.0,77.0,475.0
-326.0,,-244.0,482.0,-37.0,-370.0,135.0,-622.0,38.0,489.0
-332.0,,-177.0,445.0,-9.0,-503.0,115.0,-659.0,20.0,437.0
-261.0,,-141.0,358.0,8.0,-429.0,84.0,-785.0,25.0,357.0
-128.0,,-116.0,278.0,14.0,-325.0,112.0,-478.0,30.0,240.0
-80.0,,-84.0,198.0,7.0,-428.0,151.0,-788.0,28.0,113.0
-77.0,,-32.0,103.0,9.0,-546.0,144.0,-502.0,19.0,-34.0
-62.0,,-2.0,-1.0,47.0,-441.0,140.0,-696.0,15.0,-200.0
-43.0,,16.0,37.0,127.0,-302.0,185.0,-702.0,16.0,-384.0
-34.0,,47.0,152.0,198.0,-376.0,238.0,-583.0,20.0,-564.0
-43.0,,60.0,169.0,225.0,-497.0,211.0,-842.0,57.0,-704.0
-52.0,,63.0,266.0,223.0,-417.0,186.0,-502.0,108.0,-831.0
-46.0,,67.0,289.0,194.0,-344.0,229.0,-759.0,155.0,-931.0
-19.0,,66.0,228.0,137.0,-478.0,220.0,-535.0,201.0,-977.0
-15.0,,43.0,335.0,71.0,-528.0,193.0,-558.0,234.0,-956.0
-32.0,,35.0,332.0,25.0,-423.0,173.0,-681.0,268.0,-882.0
-47.0,,0.0,231.0,7.0,-375.0,149.0,-419.0,322.0,-760.0
-58.0,,-33.0,104.0,13.0,-504.0,142.0,-713.0,361.0,-608.0
-45.0,,-68.0,-6.0,41.0,-619.0,139.0,-388.0,406.0,-459.0
-17.0,,-114.0,-33.0,60.0,-477.0,119.0,-593.0,444.0,-301.0
-3.0,,-153.0,-86.0,40.0,-380.0,96.0,-578.0,455.0,-136.0
0.0,,-207.0,-48.0,-13.0,-500.0,124.0,-506.0,447.0,29.0
31.0,,-225.0,-70.0,-65.0,-590.0,143.0,-805.0,400.0,190.0
100.0,,-273.0,-141.0,-99.0,-488.0,125.0,-480.0,344.0,327.0
128.0,,-305.0,-199.0,-97.0,-340.0,93.0,-748.0,281.0,430.0
84.0,,-314.0,-225.0,-51.0,-412.0,94.0,-513.0,202.0,495.0
97.0,,-316.0,-86.0,9.0,-545.0,124.0,-508.0,140.0,532.0
173.0,,-272.0,-131.0,74.0,-438.0,103.0,-582.0,88.0,539.0
204.0,,-237.0,-303.0,140.0,-261.0,82.0,-336.0,53.0,515.0
164.0,,-180.0,-381.0,201.0,-342.0,101.0,-655.0,20.0,455.0
141.0,,-114.0,-462.0,233.0,-491.0,105.0,-349.0,-7.0,373.0
175.0,,-56.0,-415.0,221.0,-367.0,128.0,-552.0,-46.0,295.0
176.0,,0.0,-340.0,178.0,-108.0,146.0,-474.0,-88.0,201.0
110.0,,55.0,-292.0,112.0,-106.0,113.0,-325.0,-120.0,120.0
30.0,,95.0,-287.0,44.0,-355.0,91.0,-585.0,-185.0,70.0
18.0,,132.0,-282.0,3.0,-334.0,97.0,-323.0,-260.0,5.0
41.0,,134.0,-98.0,4.0,-100.0,79.0,-667.0,-327.0,-33.0
-14.0,,128.0,-6.0,37.0,-143.0,13.0,-502.0,-390.0,-45.0
-70.0,,143.0,-28.0,47.0,-269.0,-9.0,-545.0,-440.0,-55.0
-60.0,,113.0,-4.0,6.0,-236.0,-6.0,-618.0,-490.0,-41.0
-39.0,,81.0,-2.0,-85.0,-129.0,-15.0,-365.0,-511.0,-17.0
-35.0,,47.0,-118.0,-185.0,-107.0,-1.0,-633.0,-531.0,0.0
-66.0,,13.0,-256.0,-230.0,-252.0,10.0,-306.0,-543.0,10.0
-88.0,,-20.0,-235.0,-230.0,-233.0,-7.0,-519.0,-532.0,9.0
-66.0,,-57.0,-300.0,-207.0,-6.0,-35.0,-497.0,-539.0,-4.0
-70.0,,-68.0,-331.0,-158.0,-20.0,-19.0,-395.0,-521.0,-27.0
-105.0,,-84.0,-149.0,-95.0,-161.0,-12.0,-611.0,-472.0,-69.0
-141.0,,-87.0,-12.0,-41.0,-102.0,-45.0,-282.0,-419.0,-144.0
-155.0,,-81.0,29.0,-4.0,45.0,-52.0,-552.0,-364.0,-225.0
-138.0,,-87.0,152.0,27.0,112.0,-23.0,-354.0,-324.0,-331.0
-165.0,,-70.0,390.0,39.0,41.0,-15.0,-404.0,-289.0,-452.0
-222.0,,-42.0,527.0,30.0,33.0,-62.0,-508.0,-252.0,-582.0
-231.0,,-43.0,536.0,16.0,195.0,-91.0,-221.0,-227.0,-723.0
-228.0,,-26.0,502.0,5.0,268.0,-93.0,-450.0,-230.0,-802.0
-289.0,,-16.0,484.0,5.0,116.0,-104.0,-103.0,-244.0,-835.0
-321.0,,-47.0,444.0,14.0,89.0,-96.0,-277.0,-272.0,-826.0
-323.0,,-64.0,342.0,18.0,293.0,-91.0,-230.0,-295.0,-734.0
-365.0,,-92.0,300.0,7.0,303.0,-124.0,-96.0,-318.0,-610.0
-408.0,,-147.0,198.0,-5.0,161.0,-126.0,-351.0,-363.0,-493.0
-421.0,,-181.0,116.0,-11.0,151.0,-83.0,-66.0,-383.0,-361.0
-409.0,,-211.0,104.0,-15.0,349.0,-73.0,-352.0,-403.0,-235.0
-440.0,,-256.0,37.0,-23.0,379.0,-134.0,-142.0,-408.0,-123.0
-458.0,,-277.0,82.0,-33.0,154.0,-172.0,-142.0,-386.0,-1.0
-442.0,,-276.0,118.0,-46.0,163.0,-179.0,-219.0,-377.0,105.0
-432.0,,-275.0,121.0,-58.0,333.0,-225.0,0.0,-356.0,183.0
-430.0,,-292.0,249.0,-71.0,380.0,-249.0,-380.0,-331.0,206.0
-403.0,,-305.0,234.0,-83.0,260.0,-236.0,-110.0,-303.0,186.0
-345.0,,-308.0,144.0,-80.0,281.0,-265.0,-291.0,-279.0,152.0
-296.0,,-325.0,204.0,-61.0,484.0,-303.0,-171.0,-252.0,112.0
-246.0,,-320.0,83.0,-29.0,513.0,-286.0,97.0,-218.0,77.0
-230.0,,-298.0,-4.0,0.0,434.0,-282.0,-25.0,-185.0,16.0
-205.0,,-272.0,65.0,14.0,386.0,-302.0,336.0,-150.0,-49.0
-156.0,,-252.0,0.0,3.0,477.0,-293.0,-18.0,-97.0,-110.0
-140.0,,-223.0,107.0,-38.0,582.0,-283.0,97.0,-39.0,-168.0
-154.0,,-197.0,199.0,-94.0,492.0,-292.0,5.0,-5.0,-225.0
-148.0,,-176.0,147.0,-149.0,420.0,-326.0,-123.0,15.0,-299.0
-125.0,,-144.0,172.0,-198.0,543.0,-328.0,186.0,12.0,-353.0
-120.0,,-138.0,105.0,-233.0,660.0,-317.0,-55.0,-12.0,-381.0
-141.0,,-95.0,61.0,-237.0,529.0,-332.0,308.0,-31.0,-413.0
-209.0,,-76.0,57.0,-198.0,449.0,-337.0,75.0,-43.0,-453.0
-252.0,,-107.0,64.0,-115.0,604.0,-317.0,7.0,-43.0,-511.0
-246.0,,-97.0,170.0,-21.0,679.0,-296.0,123.0,-50.0,-552.0
-296.0,,-125.0,259.0,44.0,603.0,-292.0,-55.0,-56.0,-565.0
-362.0,,-183.0,319.0,96.0,486.0,-275.0,397.0,-71.0,-553.0
-381.0,,-207.0,377.0,154.0,546.0,-296.0,256.0,-100.0,-497.0
-376.0,,-258.0,460.0,202.0,688.0,-300.0,524.0,-105.0,-418.0
-335.0,,-284.0,536.0,228.0,617.0,-243.0,511.0,-95.0,-286.0
-304.0,,-295.0,486.0,227.0,554.0,-252.0,334.0,-64.0,-138.0
-280.0,,-330.0,392.0,208.0,657.0,-292.0,493.0,-27.0,-24.0
-239.0,,-333.0,391.0,174.0,742.0,-291.0,107.0,16.0,73.0
-203.0,,-331.0,330.0,129.0,682.0,-269.0,351.0,53.0,142.0
-185.0,,-319.0,241.0,86.0,598.0,-252.0,157.0,78.0,169.0
-171.0,,-315.0,197.0,43.0,646.0,-251.0,186.0,109.0,153.0
-142.0,,-301.0,27.0,6.0,738.0,-210.0,304.0,133.0,113.0
-104.0,,-287.0,-104.0,-25.0,694.0,-151.0,31.0,160.0,63.0
-64.0,,-267.0,-152.0,-52.0,590.0,-129.0,358.0,173.0,19.0
-37.0,,-242.0,-175.0,-52.0,638.0,-113.0,125.0,182.0,0.0
0.0,,-227.0,-159.0,-23.0,737.0,-87.0,345.0,203.0,-3.0
37.0,,-193.0,-79.0,11.0,707.0,-71.0,386.0,199.0,-11.0
76.0,,-186.0,-27.0,23.0,602.0,-60.0,297.0,186.0,-11.0
75.0,,-172.0,-44.0,20.0,646.0,-59.0,537.0,162.0,11.0
36.0,,-157.0,-9.0,20.0,809.0,-77.0,230.0,103.0,42.0
39.0,,-156.0,44.0,5.0,736.0,-93.0,476.0,26.0,97.0
36.0,,-135.0,130.0,-39.0,554.0,-121.0,234.0,-44.0,157.0
-34.0,,-147.0,162.0,-92.0,613.0,-166.0,223.0,-104.0,224.0
-110.0,,-134.0,137.0,-127.0,779.0,-201.0,327.0,-155.0,276.0
-98.0,,-99.0,92.0,-147.0,755.0,-199.0,79.0,-189.0,285.0
-110.0,,-94.0,188.0,-154.0,546.0,-183.0,389.0,-221.0,268.0
-164.0,,-71.0,265.0,-126.0,523.0,-178.0,40.0,-251.0,246.0
-194.0,,-56.0,132.0,-53.0,705.0,-197.0,151.0,-280.0,252.0
-197.0,,-37.0,222.0,56.0,692.0,-200.0,109.0,-304.0,248.0
-181.0,,-18.0,340.0,174.0,548.0,-163.0,16.0,-342.0,269.0
-215.0,,-15.0,352.0,252.0,574.0,-173.0,388.0,-383.0,305.0
-256.0,,-11.0,383.0,270.0,706.0,-164.0,160.0,-384.0,320.0
-238.0,,-23.0,357.0,227.0,695.0,-146.0,461.0,-380.0,315.0
-227.0,,-42.0,356.0,152.0,538.0,-155.0,260.0,-372.0,265.0
-264.0,,-65.0,312.0,68.0,475.0,-155.0,208.0,-334.0,225.0
-253.0,,-82.0,235.0,-9.0,564.0,-170.0,334.0,-294.0,188.0
-223.0,,-120.0,126.0,-54.0,548.0,-182.0,103.0,-245.0,153.0
-238.0,,-144.0,101.0,-69.0,416.0,-214.0,491.0,-186.0,141.0
-253.0,,-167.0,140.0,-63.0,440.0,-205.0,275.0,-125.0,148.0
-233.0,,-221.0,52.0,-34.0,539.0,-207.0,410.0,-60.0,179.0
-162.0,,-228.0,48.0,17.0,510.0,-269.0,319.0,2.0,243.0
-128.0,,-261.0,28.0,97.0,419.0,-271.0,51.0,56.0,298.0
-138.0,,-287.0,-43.0,170.0,386.0,-224.0,238.0,103.0,348.0
-129.0,,-262.0,-6.0,191.0,486.0,-211.0,-59.0,147.0,414.0
-106.0,,-254.0,12.0,155.0,448.0,-243.0,264.0,166.0,461.0
-107.0,,-222.0,-19.0,99.0,206.0,-221.0,136.0,164.0,502.0
-129.0,,-194.0,-31.0,71.0,233.0,-184.0,149.0,133.0,510.0
-161.0,,-154.0,121.0,71.0,419.0,-178.0,301.0,85.0,501.0
-153.0,,-102.0,194.0,77.0,419.0,-185.0,-29.0,38.0,450.0
-117.0,,-60.0,158.0,87.0,296.0,-197.0,236.0,-39.0,350.0
-144.0,,-10.0,281.0,97.0,236.0,-202.0,-16.0,-128.0,266.0
-175.0,,19.0,404.0,93.0,366.0,-239.0,160.0,-214.0,198.0
-152.0,,51.0,429.0,66.0,393.0,-231.0,242.0,-300.0,145.0
-94.0,,70.0,398.0,8.0,205.0,-221.0,136.0,-368.0,111.0
-144.0,,82.0,462.0,-80.0,139.0,-237.0,384.0,-422.0,134.0
-242.0,,81.0,436.0,-186.0,227.0,-261.0,9.0,-446.0,224.0
-254.0,,62.0,287.0,-279.0,206.0,-279.0,173.0,-446.0,317.0
-248.0,,60.0,284.0,-333.0,87.0,-272.0,-60.0,-430.0,424.0
-277.0,,41.0,278.0,-343.0,98.0,-295.0,-94.0,-385.0,557.0
-363.0,,24.0,231.0,-312.0,216.0,-266.0,90.0,-344.0,688.0
-387.0,,18.0,103.0,-244.0,232.0,-252.0,-96.0,-301.0,814.0
-397.0,,0.0,-22.0,-145.0,114.0,-274.0,339.0,-258.0,902.0
-425.0,,-8.0,-18.0,-49.0,73.0,-229.0,125.0,-228.0,995.0
-447.0,,-18.0,-124.0,10.0,186.0,-203.0,212.0,-185.0,1088.0
-503.0,,-21.0,-147.0,23.0,261.0,-220.0,151.0,-139.0,1141.0
-476.0,,-6.0,81.0,4.0,165.0,-232.0,-59.0,-99.0,1202.0
-452.0,,-3.0,154.0,-33.0,26.0,-229.0,208.0,-60.0,1239.0
-451.0,,-2.0,101.0,-79.0,104.0,-236.0,-49.0,-35.0,1234.0
-421.0,,34.0,137.0,-111.0,256.0,-247.0,279.0,-23.0,1175.0
-371.0,,30.0,214.0,-116.0,150.0,-245.0,116.0,-6.0,1087.0
-297.0,,22.0,295.0,-103.0,43.0,-237.0,60.0,-2.0,1002.0
-259.0,,33.0,260.0,-98.0,144.0,-262.0,232.0,-12.0,905.0
-203.0,,2.0,194.0,-104.0,199.0,-277.0,-25.0,-20.0,819.0
-138.0,,0.0,174.0,-119.0,68.0,-232.0,310.0,-57.0,748.0
-71.0,,-14.0,48.0,-155.0,-62.0,-224.0,73.0,-111.0,718.0
-51.0,,-22.0,-7.0,-177.0,55.0,-227.0,271.0,-178.0,712.0
-59.0,,-23.0,-31.0,-159.0,147.0,-191.0,297.0,-263.0,719.0
-24.0,,-29.0,-213.0,-98.0,22.0,-169.0,94.0,-352.0,726.0
-24.0,,-46.0,-115.0,-12.0,-6.0,-173.0,343.0,-456.0,719.0
-24.0,,-67.0,-33.0,61.0,127.0,-173.0,5.0,-544.0,716.0
-5.0,,-64.0,-155.0,111.0,192.0,-154.0,282.0,-602.0,689.0
1.0,,-95.0,23.0,137.0,125.0,-162.0,123.0,-644.0,623.0
9.0,,-110.0,-12.0,130.0,123.0,-177.0,116.0,-639.0,530.0
29.0,,-127.0,-129.0,103.0,234.0,-141.0,295.0,-615.0,414.0
28.0,,-155.0,1.0,64.0,307.0,-142.0,16.0,-581.0,277.0
33.0,,-188.0,-83.0,31.0,193.0,-195.0,362.0,-519.0,153.0
17.0,,-214.0,-73.0,26.0,56.0,-192.0,138.0,-446.0,37.0
-40.0,,-250.0,173.0,60.0,108.0,-163.0,375.0,-379.0,-62.0
-43.0,,-285.0,165.0,122.0,228.0,-153.0,458.0,-312.0,-119.0
-29.0,,-285.0,21.0,178.0,223.0,-151.0,354.0,-232.0,-132.0
-36.0,,-319.0,31.0,211.0,104.0,-146.0,633.0,-133.0,-130.0
-70.0,,-333.0,-1.0,221.0,166.0,-129.0,284.0,-43.0,-127.0
-85.0,,-336.0,-57.0,194.0,319.0,-114.0,558.0,32.0,-123.0
-18.0,,-341.0,-28.0,121.0,253.0,-93.0,373.0,137.0,-142.0
37.0,,-351.0,-104.0,22.0,104.0,-61.0,358.0,222.0,-174.0
17.0,,-379.0,-299.0,-95.0,141.0,-57.0,495.0,278.0,-227.0
27.0,,-394.0,-404.0,-204.0,275.0,-56.0,168.0,329.0,-280.0
135.0,,-417.0,-486.0,-285.0,254.0,-5.0,498.0,339.0,-331.0
242.0,,-440.0,-487.0,-336.0,100.0,52.0,253.0,342.0,-398.0
257.0,,-484.0,-316.0,-350.0,79.0,108.0,412.0,331.0,-451.0
265.0,,-515.0,-278.0,-334.0,231.0,165.0,474.0,289.0,-477.0
362.0,,-556.0,-398.0,-290.0,175.0,215.0,389.0,249.0,-489.0
427.0,,-620.0,-424.0,-217.0,25.0,224.0,698.0,205.0,-530.0
417.0,,-668.0,-343.0,-133.0,77.0,202.0,384.0,168.0,-587.0
399.0,,-728.0,-411.0,-53.0,155.0,251.0,604.0,131.0,-618.0
437.0,,-758.0,-472.0,0.0,141.0,272.0,395.0,85.0,-658.0
506.0,,-799.0,-348.0,15.0,38.0,255.0,360.0,46.0,-698.0
452.0,,-833.0,-327.0,10.0,39.0,276.0,533.0,-2.0,-712.0
369.0,,-836.0,-396.0,22.0,130.0,256.0,269.0,-69.0,-697.0
349.0,,-845.0,-381.0,53.0,50.0,244.0,596.0,-123.0,-660.0
340.0,,-818.0,-335.0,95.0,-87.0,273.0,299.0,-182.0,-637.0
300.0,,-778.0,-297.0,140.0,-79.0,313.0,412.0,-242.0,-600.0
203.0,,-714.0,-186.0,171.0,7.0,345.0,454.0,-279.0,-585.0
154.0,,-637.0,-37.0,179.0,4.0,333.0,277.0,-314.0,-610.0
129.0,,-571.0,59.0,159.0,-98.0,322.0,543.0,-324.0,-659.0
48.0,,-502.0,138.0,106.0,-130.0,330.0,199.0,-312.0,-727.0
-50.0,,-435.0,180.0,24.0,-23.0,336.0,441.0,-327.0,-805.0
-100.0,,-372.0,141.0,-55.0,-62.0,369.0,310.0,-319.0,-894.0
-127.0,,-322.0,220.0,-111.0,-235.0,406.0,367.0,-297.0,-951.0
-193.0,,-284.0,189.0,-143.0,-190.0,431.0,613.0,-299.0,-963.0
-229.0,,-265.0,-95.0,-139.0,-54.0,465.0,334.0,-280.0,-907.0
-251.0,,-230.0,-140.0,-119.0,-68.0,494.0,648.0,-242.0,-822.0
-294.0,,-208.0,-154.0,-94.0,-226.0,499.0,345.0,-167.0,-701.0
-335.0,,-207.0,-314.0,-64.0,-300.0,470.0,478.0,-63.0,-542.0
-373.0,,-168.0,-424.0,-38.0,-180.0,455.0,508.0,43.0,-398.0
-391.0,,-156.0,-455.0,-13.0,-158.0,479.0,339.0,164.0,-254.0
-405.0,,-143.0,-355.0,21.0,-283.0,478.0,618.0,278.0,-160.0
-423.0,,-110.0,-313.0,81.0,-318.0,486.0,266.0,375.0,-141.0
-459.0,,-117.0,-343.0,146.0,-239.0,526.0,495.0,455.0,-216.0
-468.0,,-78.0,-307.0,215.0,-145.0,532.0,352.0,506.0,-360.0
-465.0,,-56.0,-323.0,278.0,-171.0,520.0,347.0,537.0,-573.0
-461.0,,-52.0,-356.0,310.0,-200.0,548.0,511.0,564.0,-818.0
-456.0,,0.0,-297.0,311.0,-77.0,589.0,206.0,564.0,-1038.0
-479.0,,20.0,-286.0,280.0,-94.0,612.0,480.0,544.0,-1259.0
-471.0,,52.0,-285.0,239.0,-217.0,666.0,127.0,534.0,-1393.0
-495.0,,79.0,-269.0,194.0,-239.0,681.0,236.0,503.0,-1463.0
-532.0,,98.0,-280.0,149.0,-187.0,661.0,286.0,471.0,-1463.0
-531.0,,143.0,-323.0,103.0,-121.0,677.0,118.0,439.0,-1369.0
-535.0,,169.0,-435.0,41.0,-198.0,724.0,419.0,390.0,-1233.0
-536.0,,180.0,-408.0,-31.0,-271.0,761.0,75.0,338.0,-1023.0
-546.0,,215.0,-298.0,-92.0,-171.0,716.0,275.0,249.0,-776.0
-552.0,,234.0,-298.0,-131.0,-95.0,684.0,77.0,152.0,-559.0
-521.0,,196.0,-299.0,-145.0,-196.0,691.0,33.0,64.0,-379.0
-491.0,,161.0,-232.0,-129.0,-250.0,668.0,227.0,-21.0,-207.0
-521.0,,113.0,-205.0,-97.0,-160.0,649.0,-40.0,-97.0,-71.0
-520.0,,55.0,-302.0,-50.0,-121.0,659.0,282.0,-156.0,20.0
-457.0,,-23.0,-339.0,2.0,-208.0,673.0,3.0,-204.0,107.0
-426.0,,-89.0,-327.0,48.0,-350.0,658.0,116.0,-253.0,168.0
-415.0,,-138.0,-312.0,71.0,-298.0,639.0,120.0,-292.0,197.0
-396.0,,-195.0,-293.0,64.0,-208.0,630.0,-51.0,-322.0,208.0
-351.0,,-216.0,-377.0,44.0,-341.0,626.0,238.0,-335.0,181.0
-280.0,,-256.0,-368.0,22.0,-434.0,614.0,-33.0,-333.0,133.0
-251.0,,-266.0,-365.0,16.0,-380.0,615.0,267.0,-311.0,82.0
-289.0,,-280.0,-446.0,14.0,-294.0,610.0,127.0,-267.0,-12.0
-292.0,,-293.0,-290.0,16.0,-344.0,608.0,138.0,-223.0,-113.0
-265.0,,-286.0,-58.0,22.0,-509.0,626.0,286.0,-169.0,-195.0
-271.0,,-305.0,-11.0,20.0,-465.0,599.0,-29.0,-135.0,-270.0
-299.0,,-283.0,19.0,9.0,-358.0,570.0,253.0,-128.0,-338.0
-298.0,,-264.0,-16.0,-11.0,-494.0,542.0,-64.0,-110.0,-406.0
-225.0,,-266.0,-261.0,-21.0,-617.0,504.0,83.0,-91.0,-422.0
-178.0,,-270.0,-386.0,-17.0,-571.0,467.0,101.0,-67.0,-388.0
-163.0,,-264.0,-367.0,-30.0,-511.0,444.0,-73.0,-23.0,-341.0
-82.0,,-256.0,-476.0,-55.0,-588.0,426.0,203.0,20.0,-281.0
-12.0,,-272.0,-589.0,-84.0,-745.0,397.0,-134.0,60.0,-205.0
27.0,,-256.0,-657.0,-99.0,-711.0,397.0,125.0,104.0,-127.0
95.0,,-259.0,-705.0,-88.0,-567.0,381.0,25.0,159.0,-49.0
152.0,,-275.0,-700.0,-61.0,-600.0,349.0,88.0,213.0,12.0
199.0,,-263.0,-671.0,-22.0,-785.0,348.0,249.0,249.0,41.0
234.0,,-280.0,-529.0,15.0,-823.0,365.0,-72.0,295.0,59.0
254.0,,-275.0,-427.0,56.0,-678.0,388.0,238.0,325.0,64.0
284.0,,-279.0,-420.0,103.0,-645.0,409.0,-53.0,338.0,48.0
334.0,,-281.0,-295.0,129.0,-792.0,419.0,75.0,361.0,22.0
367.0,,-264.0,-169.0,142.0,-815.0,444.0,70.0,376.0,-22.0
365.0,,-249.0,-102.0,138.0,-694.0,469.0,-121.0,381.0,-80.0
383.0,,-211.0,-76.0,120.0,-801.0,449.0,114.0,372.0,-143.0
416.0,,-178.0,-48.0,93.0,-976.0,433.0,-245.0,341.0,-190.0
443.0,,-119.0,-32.0,58.0,-951.0,416.0,44.0,281.0,-216.0
406.0,,-83.0,-156.0,25.0,-804.0,373.0,-24.0,209.0,-198.0
377.0,,-45.0,-276.0,32.0,-780.0,313.0,46.0,124.0,-139.0
424.0,,7.0,-351.0,75.0,-943.0,290.0,245.0,38.0,-61.0
429.0,,29.0,-424.0,114.0,-914.0,269.0,-9.0,-45.0,54.0
359.0,,68.0,-407.0,150.0,-750.0,225.0,275.0,-133.0,168.0
310.0,,104.0,-349.0,172.0,-771.0,231.0,-101.0,-181.0,278.0
345.0,,125.0,-301.0,163.0,-905.0,221.0,-70.0,-217.0,378.0
365.0,,137.0,-297.0,129.0,-937.0,217.0,-114.0,-242.0,439.0
300.0,,169.0,-357.0,93.0,-822.0,226.0,-256.0,-253.0,496.0
235.0,,192.0,-415.0,53.0,-797.0,207.0,31.0,-273.0,496.0
251.0,,188.0,-453.0,-6.0,-947.0,181.0,-205.0,-267.0,445.0
284.0,,183.0,-510.0,-68.0,-1000.0,147.0,153.0,-255.0,365.0
219.0,,182.0,-647.0,-131.0,-877.0,150.0,31.0,-257.0,239.0
123.0,,141.0,-786.0,-186.0,-828.0,130.0,31.0,-236.0,124.0
91.0,,107.0,-800.0,-234.0,-953.0,79.0,151.0,-193.0,4.0
94.0,,88.0,-823.0,-265.0,-997.0,64.0,-110.0,-146.0,-140.0
77.0,,45.0,-878.0,-246.0,-889.0,49.0,267.0,-74.0,-249.0
19.0,,36.0,-769.0,-164.0,-863.0,34.0,90.0,-16.0,-296.0
-14.0,,3.0,-543.0,-38.0,-1010.0,52.0,376.0,37.0,-316.0
15.0,,14.0,-370.0,84.0,-1070.0,85.0,424.0,97.0,-298.0
29.0,,24.0,-332.0,180.0,-870.0,81.0,232.0,135.0,-239.0
-21.0,,18.0,-296.0,224.0,-855.0,47.0,419.0,178.0,-199.0
-48.0,,47.0,-208.0,208.0,-1029.0,21.0,18.0,186.0,-126.0
-26.0,,55.0,-163.0,154.0,-1014.0,-18.0,284.0,189.0,-42.0
-53.0,,88.0,-103.0,92.0,-858.0,-54.0,216.0,204.0,6.0
-102.0,,81.0,-51.0,48.0,-818.0,-56.0,347.0,196.0,58.0
-145.0,,96.0,-18.0,39.0,-1010.0,-54.0,541.0,192.0,91.0
-166.0,,119.0,-24.0,42.0,-1034.0,-56.0,275.0,190.0,86.0
-179.0,,136.0,-41.0,42.0,-842.0,-107.0,558.0,170.0,72.0
-270.0,,167.0,-58.0,41.0,-798.0,-138.0,242.0,143.0,78.0
-291.0,,180.0,-118.0,16.0,-968.0,-98.0,439.0,117.0,97.0
-296.0,,224.0,-180.0,-32.0,-1092.0,-125.0,460.0,83.0,153.0
-321.0,,222.0,-262.0,-94.0,-979.0,-159.0,352.0,76.0,237.0
-308.0,,254.0,-332.0,-148.0,-855.0,-119.0,696.0,73.0,299.0
-316.0,,279.0,-488.0,-182.0,-932.0,-81.0,447.0,56.0,352.0
-286.0,,262.0,-709.0,-191.0,-1078.0,-82.0,731.0,63.0,388.0
-291.0,,289.0,-844.0,-162.0,-972.0,-74.0,487.0,64.0,398.0
-275.0,,272.0,-882.0,-111.0,-883.0,-63.0,399.0,52.0,401.0
-254.0,,275.0,-836.0,-58.0,-998.0,-109.0,437.0,28.0,391.0
-281.0,,273.0,-739.0,-24.0,-1040.0,-139.0,105.0,-9.0,368.0
-268.0,,255.0,-605.0,-40.0,-950.0,-157.0,419.0,-32.0,376.0
-286.0,,252.0,-565.0,-82.0,-824.0,-186.0,195.0,-53.0,417.0
-287.0,,235.0,-512.0,-116.0,-910.0,-204.0,452.0,-77.0,454.0
-271.0,,235.0,-352.0,-125.0,-1060.0,-223.0,489.0,-83.0,522.0
-264.0,,224.0,-349.0,-110.0,-976.0,-222.0,363.0,-65.0,602.0
-256.0,,218.0,-400.0,-93.0,-868.0,-230.0,667.0,-29.0,663.0
-260.0,,200.0,-336.0,-82.0,-970.0,-255.0,356.0,13.0,707.0
-230.0,,191.0,-369.0,-98.0,-1069.0,-260.0,604.0,66.0,660.0
-224.0,,199.0,-454.0,-142.0,-950.0,-286.0,412.0,139.0,571.0
-241.0,,177.0,-390.0,-192.0,-824.0,-319.0,388.0,204.0,447.0
-239.0,,180.0,-309.0,-230.0,-861.0,-328.0,467.0,246.0,276.0
-201.0,,178.0,-281.0,-244.0,-973.0,-362.0,179.0,275.0,111.0
-160.0,,164.0,-211.0,-233.0,-895.0,-377.0,554.0,275.0,-22.0
-128.0,,188.0,-138.0,-207.0,-764.0,-370.0,345.0,258.0,-86.0
-63.0,,183.0,-120.0,-184.0,-836.0,-382.0,509.0,249.0,-125.0
26.0,,210.0,-128.0,-162.0,-920.0,-414.0,415.0,226.0,-99.0
154.0,,255.0,-144.0,-140.0,-871.0,-433.0,179.0,208.0,-22.0
287.0,,239.0,-240.0,-124.0,-740.0,-422.0,406.0,212.0,56.0
368.0,,275.0,-352.0,-119.0,-761.0,-428.0,133.0,201.0,168.0
424.0,,276.0,-428.0,-117.0,-859.0,-424.0,489.0,183.0,274.0
517.0,,266.0,-545.0,-86.0,-774.0,-437.0,338.0,161.0,358.0
609.0,,285.0,-655.0,-19.0,-607.0,-463.0,325.0,115.0,408.0
642.0,,244.0,-718.0,72.0,-636.0,-486.0,419.0,64.0,412.0
641.0,,243.0,-763.0,187.0,-799.0,-542.0,109.0,1.0,365.0
677.0,,198.0,-773.0,303.0,-724.0,-557.0,419.0,-39.0,284.0
712.0,,142.0,-717.0,382.0,-533.0,-582.0,140.0,-49.0,209.0
686.0,,131.0,-667.0,403.0,-519.0,-612.0,345.0,-51.0,151.0
677.0,,71.0,-635.0,369.0,-636.0,-621.0,404.0,-31.0,97.0
688.0,,54.0,-612.0,287.0,-611.0,-636.0,317.0,10.0,69.0
681.0,,41.0,-590.0,171.0,-410.0,-628.0,578.0,75.0,73.0
630.0,,1.0,-550.0,42.0,-362.0,-637.0,227.0,141.0,117.0
562.0,,-18.0,-605.0,-60.0,-496.0,-645.0,463.0,199.0,194.0
532.0,,-41.0,-669.0,-122.0,-457.0,-652.0,243.0,256.0,240.0
468.0,,-57.0,-673.0,-147.0,-246.0,-610.0,280.0,318.0,271.0
381.0,,-80.0,-609.0,-140.0,-253.0,-546.0,467.0,368.0,306.0
320.0,,-91.0,-503.0,-129.0,-413.0,-546.0,271.0,418.0,303.0
271.0,,-101.0,-531.0,-111.0,-371.0,-548.0,637.0,468.0,265.0
231.0,,-102.0,-579.0,-83.0,-165.0,-523.0,317.0,506.0,231.0
197.0,,-114.0,-529.0,-64.0,-191.0,-499.0,430.0,548.0,205.0
185.0,,-138.0,-451.0,-52.0,-374.0,-533.0,328.0,561.0,176.0
184.0,,-112.0,-417.0,-32.0,-341.0,-563.0,169.0,561.0,167.0
217.0,,-136.0,-394.0,9.0,-164.0,-533.0,500.0,554.0,173.0
241.0,,-167.0,-278.0,66.0,-73.0,-514.0,260.0,515.0,220.0
253.0,,-166.0,-226.0,110.0,-229.0,-525.0,620.0,484.0,296.0
317.0,,-193.0,-289.0,112.0,-348.0,-526.0,522.0,439.0,369.0
361.0,,-202.0,-390.0,65.0,-168.0,-514.0,578.0,377.0,466.0
376.0,,-230.0,-527.0,-19.0,-68.0,-525.0,707.0,308.0,572.0
398.0,,-242.0,-604.0,-123.0,-242.0,-523.0,406.0,231.0,643.0
427.0,,-265.0,-742.0,-195.0,-236.0,-503.0,679.0,157.0,666.0
436.0,,-287.0,-878.0,-197.0,-1.0,-484.0,367.0,72.0,688.0
422.0,,-288.0,-813.0,-137.0,43.0,-461.0,537.0,-23.0,702.0
438.0,,-313.0,-803.0,-45.0,-105.0,-441.0,543.0,-138.0,689.0
456.0,,-296.0,-823.0,56.0,-193.0,-431.0,363.0,-247.0,693.0
458.0,,-263.0,-645.0,142.0,-54.0,-435.0,552.0,-332.0,690.0
448.0,,-245.0,-496.0,187.0,66.0,-456.0,195.0,-406.0,699.0
443.0,,-204.0,-467.0,179.0,-62.0,-479.0,461.0,-466.0,713.0
425.0,,-147.0,-408.0,134.0,-106.0,-514.0,323.0,-481.0,703.0
371.0,,-115.0,-418.0,72.0,54.0,-528.0,373.0,-456.0,727.0
330.0,,-69.0,-441.0,21.0,85.0,-502.0,589.0,-420.0,752.0
280.0,,-6.0,-401.0,16.0,-28.0,-496.0,406.0,-360.0,754.0
207.0,,39.0,-347.0,50.0,-46.0,-487.0,744.0,-280.0,757.0
165.0,,99.0,-289.0,111.0,66.0,-458.0,424.0,-192.0,745.0
130.0,,152.0,-384.0,168.0,104.0,-423.0,533.0,-95.0,720.0
102.0,,199.0,-470.0,199.0,-68.0,-401.0,519.0,-5.0,710.0
74.0,,247.0,-494.0,222.0,-191.0,-394.0,415.0,68.0,718.0
47.0,,286.0,-579.0,206.0,-71.0,-363.0,742.0,152.0,728.0
42.0,,313.0,-567.0,147.0,98.0,-347.0,434.0,222.0,747.0
11.0,,327.0,-492.0,71.0,15.0,-338.0,668.0,264.0,734.0
-16.0,,334.0,-404.0,-4.0,-129.0,-327.0,469.0,303.0,678.0
-48.0,,321.0,-377.0,-46.0,-25.0,-330.0,458.0,330.0,595.0
-82.0,,289.0,-485.0,-45.0,86.0,-324.0,607.0,350.0,503.0
-79.0,,251.0,-615.0,-26.0,-28.0,-331.0,375.0,367.0,401.0
-89.0,,219.0,-691.0,-15.0,-148.0,-330.0,700.0,348.0,272.0
-98.0,,177.0,-597.0,-15.0,-31.0,-296.0,461.0,323.0,157.0
-97.0,,127.0,-380.0,-24.0,129.0,-274.0,654.0,289.0,84.0
-93.0,,102.0,-246.0,-24.0,106.0,-261.0,611.0,211.0,44.0
-71.0,,78.0,-225.0,-7.0,-31.0,-252.0,485.0,121.0,18.0
-68.0,,63.0,-231.0,12.0,43.0,-250.0,777.0,17.0,-3.0
-83.0,,61.0,-214.0,33.0,200.0,-252.0,461.0,-83.0,-11.0
-84.0,,61.0,-81.0,40.0,57.0,-262.0,711.0,-171.0,26.0
-80.0,,70.0,57.0,27.0,-8.0,-275.0,482.0,-242.0,84.0
-73.0,,80.0,43.0,5.0,162.0,-323.0,482.0,-274.0,142.0
-82.0,,102.0,61.0,-15.0,262.0,-341.0,692.0,-283.0,213.0
-95.0,,107.0,25.0,-25.0,162.0,-338.0,454.0,-280.0,296.0
-104.0,,120.0,-46.0,-16.0,-15.0,-341.0,740.0,-250.0,366.0
-120.0,,133.0,-55.0,7.0,85.0,-324.0,430.0,-218.0,436.0
-124.0,,113.0,-127.0,41.0,314.0,-338.0,598.0,-180.0,548.0
-129.0,,107.0,-117.0,73.0,225.0,-322.0,613.0,-135.0,652.0
-144.0,,117.0,0.0,94.0,131.0,-296.0,436.0,-119.0,755.0
-126.0,,117.0,5.0,100.0,267.0,-285.0,639.0,-103.0,838.0
-82.0,,106.0,-117.0,98.0,397.0,-250.0,262.0,-86.0,896.0
-66.0,,92.0,-131.0,98.0,427.0,-216.0,504.0,-78.0,964.0
-54.0,,76.0,-215.0,88.0,276.0,-196.0,360.0,-53.0,961.0
-13.0,,44.0,-267.0,68.0,284.0,-192.0,404.0,-35.0,904.0
31.0,,16.0,-196.0,36.0,505.0,-185.0,539.0,-21.0,842.0
57.0,,-7.0,-232.0,-2.0,461.0,-199.0,234.0,4.0,756.0
64.0,,-39.0,-214.0,-50.0,257.0,-250.0,533.0,41.0,647.0
113.0,,-57.0,-316.0,-105.0,293.0,-286.0,271.0,84.0,532.0
176.0,,-71.0,-342.0,-154.0,527.0,-272.0,495.0,127.0,407.0
233.0,,-69.0,-276.0,-182.0,591.0,-260.0,521.0,173.0,320.0
244.0,,-67.0,-401.0,-188.0,402.0,-269.0,380.0,220.0,301.0
230.0,,-47.0,-360.0,-198.0,368.0,-271.0,633.0,247.0,271.0
254.0,,-33.0,-262.0,-210.0,580.0,-269.0,230.0,263.0,257.0
253.0,,-40.0,-291.0,-217.0,552.0,-270.0,432.0,267.0,295.0
228.0,,-8.0,-308.0,-230.0,412.0,-293.0,245.0,256.0,334.0
179.0,,-10.0,-346.0,-241.0,475.0,-306.0,273.0,252.0,348.0
175.0,,-16.0,-363.0,-231.0,603.0,-283.0,463.0,221.0,352.0
219.0,,-9.0,-330.0,-193.0,667.0,-280.0,216.0,181.0,364.0
216.0,,-14.0,-256.0,-150.0,540.0,-282.0,522.0,144.0,374.0
221.0,,-2.0,-173.0,-116.0,509.0,-274.0,212.0,70.0,370.0
267.0,,-8.0,-230.0,-97.0,736.0,-284.0,393.0,17.0,350.0
320.0,,-17.0,-298.0,-90.0,761.0,-299.0,380.0,-20.0,328.0
336.0,,-2.0,-318.0,-97.0,596.0,-313.0,212.0,-72.0,283.0
344.0,,-1.0,-429.0,-130.0,586.0,-345.0,500.0,-111.0,196.0
402.0,,-16.0,-531.0,-186.0,686.0,-400.0,219.0,-143.0,79.0
475.0,,-19.0,-591.0,-242.0,755.0,-411.0,563.0,-172.0,-34.0
512.0,,-25.0,-636.0,-278.0,655.0,-391.0,436.0,-168.0,-143.0
534.0,,-30.0,-649.0,-281.0,603.0,-385.0,424.0,-142.0,-264.0
558.0,,-60.0,-605.0,-238.0,802.0,-421.0,476.0,-117.0,-382.0
581.0,,-80.0,-559.0,-150.0,871.0,-433.0,179.0,-82.0,-475.0
588.0,,-98.0,-536.0,-27.0,715.0,-371.0,526.0,-43.0,-512.0
533.0,,-155.0,-464.0,117.0,654.0,-346.0,238.0,8.0,-515.0
464.0,,-158.0,-418.0,248.0,842.0,-351.0,436.0,69.0,-456.0
443.0,,-182.0,-317.0,344.0,973.0,-359.0,404.0,121.0,-331.0
422.0,,-220.0,-216.0,382.0,819.0,-367.0,251.0,172.0,-185.0
350.0,,-199.0,-217.0,366.0,655.0,-384.0,513.0,218.0,-7.0
275.0,,-222.0,-225.0,318.0,776.0,-387.0,188.0,245.0,147.0
236.0,,-245.0,-297.0,253.0,945.0,-349.0,485.0,279.0,275.0
207.0,,-234.0,-362.0,194.0,860.0,-344.0,321.0,314.0,376.0
152.0,,-245.0,-390.0,148.0,785.0,-324.0,388.0,341.0,403.0
109.0,,-247.0,-395.0,106.0,869.0,-289.0,509.0,365.0,393.0
136.0,,-261.0,-441.0,68.0,968.0,-271.0,221.0,367.0,361.0
189.0,,-251.0,-483.0,24.0,900.0,-249.0,511.0,370.0,284.0
209.0,,-237.0,-397.0,-32.0,732.0,-237.0,197.0,369.0,203.0
219.0,,-242.0,-368.0,-91.0,826.0,-234.0,382.0,345.0,158.0
234.0,,-228.0,-310.0,-136.0,1020.0,-238.0,343.0,330.0,122.0
250.0,,-240.0,-234.0,-151.0,961.0,-226.0,201.0,319.0,107.0
267.0,,-225.0,-236.0,-142.0,853.0,-207.0,423.0,310.0,93.0
290.0,,-236.0,-123.0,-131.0,910.0,-198.0,107.0,311.0,29.0
312.0,,-253.0,-17.0,-137.0,1042.0,-184.0,386.0,322.0,-11.0
323.0,,-232.0,0.0,-143.0,1041.0,-126.0,179.0,328.0,-15.0
351.0,,-246.0,-38.0,-119.0,923.0,-90.0,157.0,328.0,-35.0
380.0,,-234.0,-86.0,-65.0,999.0,-95.0,227.0,315.0,-44.0
404.0,,-239.0,-83.0,14.0,1150.0,-101.0,-14.0,277.0,-42.0
422.0,,-262.0,-164.0,116.0,1090.0,-127.0,303.0,215.0,-29.0
426.0,,-253.0,-256.0,215.0,978.0,-173.0,59.0,150.0,17.0
426.0,,-269.0,-315.0,304.0,1119.0,-197.0,295.0,96.0,40.0
409.0,,-299.0,-370.0,391.0,1380.0,-167.0,284.0,16.0,17.0
413.0,,-290.0,-375.0,443.0,1433.0,-174.0,179.0,-60.0,-17.0
419.0,,-318.0,-368.0,422.0,1293.0,-210.0,439.0,-126.0,-89.0
425.0,,-347.0,-258.0,325.0,1340.0,-232.0,142.0,-192.0,-177.0
448.0,,-352.0,-142.0,183.0,1587.0,-230.0,386.0,-253.0,-260.0
450.0,,-385.0,-101.0,41.0,1506.0,-210.0,140.0,-321.0,-322.0
442.0,,-379.0,5.0,-76.0,1329.0,-243.0,120.0,-385.0,-377.0
423.0,,-396.0,63.0,-154.0,1377.0,-258.0,164.0,-422.0,-403.0
452.0,,-419.0,92.0,-198.0,1501.0,-244.0,-127.0,-436.0,-401.0
475.0,,-383.0,173.0,-199.0,1523.0,-232.0,149.0,-440.0,-388.0
430.0,,-364.0,190.0,-154.0,1356.0,-200.0,-164.0,-396.0,-354.0
423.0,,-367.0,179.0,-84.0,1414.0,-176.0,-12.0,-320.0,-344.0
434.0,,-304.0,178.0,7.0,1613.0,-172.0,-101.0,-208.0,-308.0
446.0,,-235.0,199.0,97.0,1581.0,-186.0,-206.0,-73.0,-263.0
425.0,,-178.0,214.0,155.0,1459.0,-204.0,49.0,61.0,-257.0
403.0,,-92.0,124.0,177.0,1419.0,-240.0,-275.0,218.0,-263.0
413.0,,-28.0,-10.0,175.0,1608.0,-254.0,-12.0,359.0,-273.0
399.0,,45.0,-63.0,153.0,1755.0,-239.0,-240.0,488.0,-294.0
367.0,,112.0,-113.0,105.0,1558.0,-274.0,-216.0,601.0,-339.0
293.0,,165.0,-240.0,41.0,1449.0,-327.0,-175.0,678.0,-373.0
251.0,,202.0,-268.0,-13.0,1603.0,-339.0,-460.0,732.0,-404.0
235.0,,244.0,-225.0,-37.0,1687.0,-340.0,-160.0,761.0,-419.0
156.0,,291.0,-252.0,-35.0,1602.0,-359.0,-480.0,765.0,-416.0
70.0,,305.0,-253.0,-32.0,1528.0,-344.0,-230.0,750.0,-427.0
50.0,,335.0,-165.0,-45.0,1633.0,-307.0,-262.0,720.0,-420.0
74.0,,347.0,-93.0,-81.0,1700.0,-293.0,-402.0,661.0,-421.0
41.0,,361.0,-81.0,-123.0,1543.0,-275.0,-225.0,599.0,-412.0
-22.0,,363.0,-62.0,-135.0,1405.0,-274.0,-600.0,518.0,-387.0
-21.0,,335.0,-103.0,-105.0,1558.0,-275.0,-280.0,417.0,-366.0
12.0,,332.0,-202.0,-58.0,1694.0,-249.0,-408.0,325.0,-338.0
20.0,,319.0,-225.0,-8.0,1540.0,-241.0,-282.0,233.0,-317.0
16.0,,295.0,-237.0,38.0,1444.0,-252.0,-158.0,162.0,-280.0
34.0,,253.0,-384.0,78.0,1518.0,-254.0,-460.0,80.0,-232.0
66.0,,249.0,-536.0,111.0,1548.0,-254.0,-299.0,3.0,-163.0
89.0,,246.0,-584.0,138.0,1456.0,-266.0,-685.0,-63.0,-78.0
110.0,,196.0,-573.0,167.0,1360.0,-306.0,-474.0,-145.0,-16.0
133.0,,204.0,-536.0,200.0,1371.0,-341.0,-485.0,-211.0,65.0
179.0,,190.0,-468.0,237.0,1406.0,-338.0,-506.0,-291.0,110.0
218.0,,161.0,-405.0,283.0,1350.0,-317.0,-230.0,-374.0,85.0
224.0,,157.0,-428.0,329.0,1300.0,-307.0,-548.0,-435.0,17.0
253.0,,118.0,-373.0,361.0,1370.0,-312.0,-327.0,-469.0,-92.0
296.0,,91.0,-245.0,365.0,1429.0,-305.0,-657.0,-478.0,-221.0
340.0,,70.0,-206.0,327.0,1346.0,-344.0,-698.0,-477.0,-362.0
333.0,,36.0,-183.0,260.0,1237.0,-390.0,-552.0,-470.0,-498.0
277.0,,-2.0,-107.0,166.0,1257.0,-368.0,-696.0,-460.0,-610.0
283.0,,-14.0,-19.0,75.0,1318.0,-356.0,-349.0,-458.0,-657.0
306.0,,-41.0,65.0,4.0,1197.0,-359.0,-654.0,-459.0,-661.0
278.0,,-62.0,100.0,-49.0,1001.0,-366.0,-548.0,-449.0,-612.0
228.0,,-55.0,36.0,-80.0,1060.0,-362.0,-733.0,-439.0,-543.0
188.0,,-53.0,-64.0,-99.0,1164.0,-359.0,-994.0,-431.0,-476.0
166.0,,-20.0,-128.0,-114.0,1062.0,-353.0,-792.0,-414.0,-363.0
121.0,,-9.0,-111.0,-126.0,936.0,-322.0,-1006.0,-397.0,-268.0
63.0,,8.0,-152.0,-131.0,1003.0,-309.0,-587.0,-395.0,-166.0
19.0,,51.0,-270.0,-130.0,1147.0,-312.0,-692.0,-393.0,-11.0
-18.0,,72.0,-297.0,-125.0,1051.0,-285.0,-622.0,-404.0,149.0
-37.0,,91.0,-264.0,-108.0,898.0,-237.0,-517.0,-423.0,297.0
-54.0,,108.0,-278.0,-76.0,902.0,-232.0,-822.0,-436.0,487.0
-60.0,,117.0,-320.0,-15.0,971.0,-208.0,-582.0,-457.0,668.0
-59.0,,122.0,-313.0,69.0,936.0,-166.0,-933.0,-459.0,808.0
-66.0,,112.0,-297.0,173.0,782.0,-165.0,-755.0,-449.0,942.0
-43.0,,84.0,-294.0,284.0,775.0,-204.0,-752.0,-423.0,1009.0
-35.0,,78.0,-335.0,366.0,888.0,-250.0,-812.0,-367.0,1022.0
-28.0,,54.0,-430.0,399.0,884.0,-229.0,-528.0,-312.0,970.0
13.0,,8.0,-509.0,393.0,811.0,-204.0,-872.0,-245.0,846.0
72.0,,-34.0,-570.0,360.0,891.0,-174.0,-642.0,-181.0,684.0
133.0,,-47.0,-612.0,312.0,1016.0,-123.0,-892.0,-126.0,494.0
194.0,,-59.0,-702.0,273.0,990.0,-107.0,-866.0,-79.0,306.0
259.0,,-88.0,-791.0,237.0,854.0,-90.0,-665.0,-59.0,129.0
296.0,,-79.0,-786.0,203.0,803.0,-62.0,-825.0,-50.0,-14.0
354.0,,-91.0,-797.0,181.0,958.0,-44.0,-489.0,-50.0,-119.0
405.0,,-68.0,-797.0,163.0,974.0,-43.0,-800.0,-60.0,-189.0
429.0,,-47.0,-706.0,111.0,809.0,-70.0,-657.0,-70.0,-215.0
486.0,,-31.0,-604.0,1.0,789.0,-84.0,-748.0,-86.0,-205.0
551.0,,21.0,-529.0,-134.0,907.0,-76.0,-873.0,-103.0,-170.0
589.0,,58.0,-483.0,-263.0,961.0,-96.0,-615.0,-112.0,-134.0
590.0,,106.0,-465.0,-369.0,824.0,-101.0,-931.0,-100.0,-113.0
610.0,,125.0,-442.0,-428.0,771.0,-99.0,-609.0,-105.0,-101.0
618.0,,180.0,-388.0,-439.0,916.0,-107.0,-788.0,-111.0,-101.0
613.0,,235.0,-352.0,-409.0,939.0,-93.0,-777.0,-109.0,-92.0
602.0,,251.0,-389.0,-352.0,791.0,-68.0,-679.0,-120.0,-69.0
574.0,,304.0,-481.0,-296.0,727.0,-49.0,-936.0,-111.0,-67.0
551.0,,342.0,-489.0,-229.0,828.0,-54.0,-596.0,-107.0,-46.0
539.0,,376.0,-442.0,-128.0,809.0,-40.0,-837.0,-95.0,-11.0
540.0,,401.0,-512.0,4.0,633.0,-23.0,-635.0,-62.0,-10.0
520.0,,419.0,-538.0,155.0,603.0,6.0,-726.0,-36.0,-46.0
500.0,,446.0,-558.0,280.0,699.0,54.0,-877.0,-13.0,-123.0
486.0,,440.0,-732.0,343.0,727.0,91.0,-611.0,7.0,-239.0
503.0,,450.0,-765.0,328.0,647.0,111.0,-877.0,33.0,-411.0
535.0,,443.0,-627.0,251.0,622.0,119.0,-537.0,49.0,-614.0
541.0,,436.0,-602.0,148.0,734.0,116.0,-727.0,62.0,-828.0
546.0,,449.0,-678.0,36.0,790.0,104.0,-729.0,96.0,-1026.0
586.0,,423.0,-685.0,-59.0,734.0,130.0,-668.0,145.0,-1180.0
625.0,,426.0,-655.0,-128.0,623.0,126.0,-946.0,192.0,-1300.0
589.0,,428.0,-661.0,-169.0,661.0,119.0,-635.0,237.0,-1362.0
580.0,,420.0,-632.0,-178.0,801.0,128.0,-864.0,281.0,-1383.0
642.0,,439.0,-598.0,-164.0,666.0,114.0,-569.0,308.0,-1370.0
678.0,,432.0,-583.0,-141.0,503.0,126.0,-565.0,323.0,-1321.0
680.0,,434.0,-502.0,-114.0,593.0,127.0,-689.0,326.0,-1246.0
688.0,,436.0,-423.0,-86.0,680.0,142.0,-526.0,309.0,-1167.0
703.0,,416.0,-394.0,-61.0,567.0,160.0,-936.0,290.0,-1100.0
732.0,,394.0,-387.0,-49.0,400.0,155.0,-659.0,262.0,-1011.0
735.0,,371.0,-392.0,-70.0,477.0,162.0,-837.0,211.0,-920.0
715.0,,342.0,-433.0,-110.0,555.0,197.0,-703.0,177.0,-857.0
702.0,,286.0,-562.0,-141.0,376.0,230.0,-491.0,145.0,-814.0
707.0,,238.0,-690.0,-158.0,273.0,227.0,-720.0,106.0,-796.0
699.0,,194.0,-731.0,-156.0,321.0,252.0,-484.0,66.0,-797.0
658.0,,146.0,-723.0,-139.0,327.0,284.0,-877.0,30.0,-808.0
644.0,,85.0,-747.0,-103.0,227.0,316.0,-739.0,-3.0,-822.0
634.0,,32.0,-776.0,-59.0,152.0,333.0,-785.0,-50.0,-845.0
635.0,,-18.0,-784.0,-42.0,246.0,333.0,-794.0,-88.0,-868.0
617.0,,-58.0,-781.0,-57.0,296.0,328.0,-450.0,-123.0,-863.0
591.0,,-83.0,-723.0,-89.0,179.0,272.0,-691.0,-150.0,-861.0
618.0,,-128.0,-626.0,-131.0,77.0,254.0,-380.0,-166.0,-869.0
631.0,,-117.0,-576.0,-180.0,87.0,258.0,-641.0,-179.0,-921.0
623.0,,-99.0,-605.0,-224.0,147.0,250.0,-685.0,-172.0,-960.0
611.0,,-99.0,-491.0,-248.0,75.0,229.0,-672.0,-143.0,-962.0
590.0,,-59.0,-433.0,-265.0,-87.0,172.0,-942.0,-118.0,-1008.0
564.0,,-21.0,-519.0,-267.0,-123.0,154.0,-626.0,-93.0,-1016.0
518.0,,12.0,-465.0,-219.0,-64.0,125.0,-888.0,-54.0,-1014.0
456.0,,16.0,-487.0,-159.0,-121.0,110.0,-633.0,-14.0,-1007.0
412.0,,38.0,-543.0,-123.0,-269.0,131.0,-678.0,30.0,-950.0
359.0,,49.0,-490.0,-102.0,-268.0,105.0,-816.0,57.0,-870.0
281.0,,34.0,-464.0,-87.0,-185.0,91.0,-594.0,79.0,-783.0
230.0,,44.0,-555.0,-65.0,-237.0,98.0,-901.0,86.0,-700.0
224.0,,3.0,-659.0,-35.0,-425.0,75.0,-582.0,74.0,-626.0
205.0,,-1.0,-640.0,8.0,-452.0,59.0,-737.0,80.0,-596.0
150.0,,-5.0,-630.0,55.0,-330.0,84.0,-657.0,82.0,-564.0
124.0,,-30.0,-730.0,92.0,-412.0,98.0,-548.0,89.0,-549.0
158.0,,-34.0,-948.0,118.0,-541.0,86.0,-840.0,99.0,-588.0
172.0,,-55.0,-1029.0,117.0,-523.0,90.0,-578.0,110.0,-621.0
119.0,,-30.0,-937.0,91.0,-454.0,60.0,-868.0,132.0,-658.0
97.0,,-43.0,-938.0,52.0,-455.0,37.0,-620.0,161.0,-684.0
141.0,,-34.0,-984.0,30.0,-553.0,57.0,-617.0,166.0,-692.0
169.0,,2.0,-986.0,28.0,-553.0,57.0,-703.0,160.0,-685.0
180.0,,11.0,-930.0,24.0,-454.0,29.0,-487.0,168.0,-664.0
180.0,,49.0,-863.0,31.0,-457.0,-14.0,-840.0,165.0,-663.0
195.0,,58.0,-858.0,35.0,-538.0,-22.0,-504.0,196.0,-665.0
240.0,,65.0,-903.0,42.0,-571.0,-42.0,-620.0,238.0,-665.0
233.0,,64.0,-914.0,76.0,-519.0,-87.0,-508.0,279.0,-663.0
202.0,,58.0,-896.0,119.0,-478.0,-105.0,-365.0,343.0,-666.0
206.0,,39.0,-901.0,149.0,-579.0,-82.0,-635.0,381.0,-662.0
233.0,,36.0,-881.0,159.0,-643.0,-39.0,-367.0,404.0,-651.0
235.0,,48.0,-857.0,143.0,-519.0,-63.0,-700.0,421.0,-656.0
198.0,,24.0,-854.0,105.0,-465.0,-76.0,-509.0,425.0,-649.0
217.0,,41.0,-760.0,62.0,-567.0,-67.0,-521.0,420.0,-657.0
272.0,,51.0,-757.0,33.0,-605.0,-76.0,-530.0,403.0,-668.0
262.0,,72.0,-813.0,28.0,-517.0,-76.0,-221.0,382.0,-662.0
218.0,,89.0,-733.0,40.0,-463.0,-85.0,-537.0,357.0,-673.0
202.0,,86.0,-726.0,57.0,-576.0,-59.0,-282.0,320.0,-670.0
228.0,,143.0,-691.0,85.0,-693.0,-18.0,-546.0,263.0,-684.0
220.0,,180.0,-681.0,113.0,-638.0,-18.0,-524.0,212.0,-735.0
185.0,,219.0,-759.0,126.0,-598.0,-30.0,-423.0,160.0,-779.0
201.0,,261.0,-785.0,99.0,-677.0,-46.0,-587.0,119.0,-811.0
245.0,,314.0,-775.0,39.0,-685.0,-75.0,-186.0,65.0,-847.0
269.0,,392.0,-794.0,-19.0,-577.0,-88.0,-447.0,14.0,-876.0
267.0,,429.0,-893.0,-46.0,-490.0,-102.0,-227.0,-4.0,-878.0
288.0,,481.0,-968.0,-35.0,-572.0,-110.0,-301.0,-16.0,-832.0
304.0,,531.0,-997.0,-13.0,-644.0,-109.0,-419.0,-18.0,-770.0
265.0,,546.0,-906.0,17.0,-561.0,-115.0,-210.0,-20.0,-699.0
198.0,,565.0,-740.0,39.0,-550.0,-95.0,-526.0,-10.0,-629.0
163.0,,562.0,-588.0,33.0,-627.0,-73.0,-188.0,8.0,-605.0
113.0,,556.0,-530.0,1.0,-711.0,-60.0,-354.0,24.0,-624.0
24.0,,575.0,-543.0,-45.0,-653.0,-13.0,-321.0,36.0,-684.0
-40.0,,575.0,-402.0,-79.0,-520.0,41.0,-314.0,50.0,-785.0
-121.0,,559.0,-211.0,-88.0,-619.0,73.0,-617.0,68.0,-937.0
-185.0,,547.0,-138.0,-59.0,-723.0,73.0,-325.0,60.0,-1078.0
-250.0,,525.0,-186.0,-16.0,-623.0,58.0,-583.0,44.0,-1201.0
-341.0,,484.0,-338.0,27.0,-550.0,51.0,-334.0,38.0,-1277.0
-407.0,,464.0,-471.0,67.0,-620.0,38.0,-343.0,30.0,-1270.0
-461.0,,432.0,-560.0,75.0,-690.0,38.0,-343.0,33.0,-1224.0
-511.0,,427.0,-722.0,40.0,-623.0,59.0,-90.0,31.0,-1098.0
-531.0,,437.0,-761.0,-18.0,-503.0,77.0,-410.0,11.0,-945.0
-514.0,,402.0,-724.0,-71.0,-567.0,76.0,-145.0,-2.0,-787.0
-500.0,,422.0,-815.0,-103.0,-702.0,74.0,-463.0,-40.0,-622.0
-484.0,,423.0,-882.0,-108.0,-623.0,72.0,-478.0,-92.0,-471.0
-447.0,,408.0,-951.0,-90.0,-548.0,57.0,-432.0,-145.0,-336.0
-385.0,,409.0,-999.0,-52.0,-671.0,89.0,-642.0,-202.0,-250.0
-354.0,,379.0,-973.0,-3.0,-798.0,118.0,-266.0,-240.0,-181.0
-334.0,,381.0,-901.0,41.0,-753.0,91.0,-517.0,-282.0,-136.0
-292.0,,353.0,-842.0,69.0,-650.0,63.0,-299.0,-294.0,-145.0
-250.0,,309.0,-837.0,62.0,-718.0,71.0,-373.0,-283.0,-205.0
-190.0,,298.0,-805.0,18.0,-843.0,84.0,-450.0,-267.0,-279.0
-151.0,,271.0,-791.0,-47.0,-826.0,95.0,-282.0,-218.0,-362.0
-99.0,,232.0,-807.0,-108.0,-775.0,121.0,-626.0,-176.0,-467.0
-80.0,,222.0,-719.0,-149.0,-803.0,130.0,-304.0,-130.0,-566.0
-68.0,,194.0,-518.0,-171.0,-867.0,127.0,-511.0,-77.0,-654.0
-25.0,,167.0,-395.0,-166.0,-932.0,140.0,-415.0,-40.0,-734.0
-34.0,,166.0,-355.0,-126.0,-917.0,134.0,-306.0,0.0,-775.0
-41.0,,132.0,-259.0,-59.0,-909.0,88.0,-495.0,43.0,-776.0
-34.0,,116.0,-191.0,20.0,-1027.0,82.0,-199.0,73.0,-744.0
-19.0,,97.0,-126.0,90.0,-1089.0,109.0,-533.0,97.0,-653.0
-21.0,,74.0,-1.0,117.0,-993.0,125.0,-312.0,98.0,-530.0
-46.0,,54.0,25.0,81.0,-981.0,119.0,-417.0,74.0,-395.0
-43.0,,18.0,-27.0,2.0,-1089.0,97.0,-500.0,51.0,-265.0
-37.0,,15.0,-110.0,-98.0,-1080.0,101.0,-219.0,7.0,-153.0
-58.0,,27.0,-243.0,-211.0,-1021.0,97.0,-463.0,-34.0,-77.0
-93.0,,21.0,-355.0,-316.0,-1041.0,91.0,-127.0,-70.0,-45.0
-95.0,,30.0,-530.0,-387.0,-1062.0,74.0,-323.0,-95.0,-25.0
-80.0,,70.0,-684.0,-407.0,-1022.0,72.0,-216.0,-106.0,-54.0
-96.0,,77.0,-839.0,-375.0,-954.0,93.0,-149.0,-105.0,-126.0
-123.0,,115.0,-1004.0,-317.0,-957.0,53.0,-399.0,-67.0,-195.0
-129.0,,160.0,-1066.0,-246.0,-1053.0,18.0,-158.0,-10.0,-276.0
-122.0,,194.0,-1107.0,-166.0,-1020.0,28.0,-515.0,34.0,-351.0
-149.0,,246.0,-998.0,-99.0,-884.0,58.0,-310.0,73.0,-395.0
-198.0,,254.0,-897.0,-63.0,-918.0,69.0,-439.0,122.0,-394.0
-248.0,,297.0,-838.0,-57.0,-1037.0,73.0,-482.0,158.0,-350.0
-276.0,,328.0,-774.0,-74.0,-1065.0,85.0,-232.0,177.0,-277.0
-316.0,,340.0,-770.0,-90.0,-1007.0,83.0,-528.0,166.0,-173.0
-392.0,,370.0,-701.0,-95.0,-1018.0,100.0,-194.0,132.0,-56.0
-398.0,,361.0,-633.0,-94.0,-1151.0,123.0,-428.0,110.0,81.0
-398.0,,370.0,-475.0,-90.0,-1203.0,154.0,-288.0,83.0,219.0
-407.0,,373.0,-340.0,-89.0,-1055.0,160.0,-127.0,51.0,333.0
-389.0,,358.0,-359.0,-102.0,-906.0,135.0,-269.0,25.0,419.0
-379.0,,351.0,-339.0,-126.0,-952.0,102.0,31.0,-3.0,465.0
-344.0,,320.0,-301.0,-136.0,-1014.0,57.0,-295.0,-25.0,508.0
-363.0,,277.0,-297.0,-109.0,-914.0,49.0,-68.0,-40.0,532.0
-381.0,,253.0,-250.0,-25.0,-818.0,40.0,-162.0,-59.0,540.0
-333.0,,220.0,-200.0,109.0,-952.0,34.0,-218.0,-61.0,528.0
-336.0,,191.0,-250.0,244.0,-1102.0,59.0,-20.0,-56.0,513.0
-318.0,,171.0,-322.0,321.0,-1027.0,40.0,-317.0,-47.0,497.0
-273.0,,128.0,-384.0,322.0,-978.0,16.0,-36.0,-24.0,472.0
-234.0,,138.0,-515.0,269.0,-1080.0,15.0,-254.0,3.0,470.0
-189.0,,142.0,-650.0,206.0,-1143.0,-3.0,-96.0,41.0,438.0
-199.0,,152.0,-699.0,154.0,-1041.0,-15.0,9.0,69.0,404.0
-172.0,,195.0,-736.0,126.0,-880.0,-14.0,-164.0,97.0,357.0
-160.0,,214.0,-694.0,150.0,-851.0,-4.0,120.0,132.0,279.0
-173.0,,248.0,-687.0,212.0,-891.0,-9.0,-166.0,156.0,204.0
-164.0,,279.0,-756.0,263.0,-803.0,-31.0,112.0,165.0,123.0
-194.0,,328.0,-687.0,263.0,-721.0,-50.0,86.0,176.0,24.0
-155.0,,343.0,-592.0,197.0,-830.0,-89.0,158.0,182.0,-86.0
-151.0,,352.0,-512.0,88.0,-934.0,-110.0,434.0,182.0,-164.0
-167.0,,367.0,-499.0,-23.0,-859.0,-115.0,144.0,181.0,-239.0
-175.0,,336.0,-439.0,-96.0,-766.0,-116.0,423.0,169.0,-274.0
-263.0,,315.0,-401.0,-118.0,-820.0,-118.0,133.0,171.0,-274.0
-281.0,,272.0,-571.0,-98.0,-936.0,-134.0,254.0,146.0,-243.0
-339.0,,235.0,-643.0,-58.0,-909.0,-119.0,328.0,113.0,-125.0
-424.0,,179.0,-633.0,-22.0,-784.0,-123.0,138.0,74.0,4.0
-475.0,,119.0,-647.0,-13.0,-772.0,-165.0,452.0,3.0,156.0
-532.0,,72.0,-620.0,-43.0,-835.0,-195.0,144.0,-65.0,324.0
-511.0,,14.0,-584.0,-93.0,-797.0,-197.0,406.0,-144.0,459.0
-544.0,,-38.0,-591.0,-142.0,-622.0,-183.0,312.0,-216.0,571.0
-598.0,,-92.0,-582.0,-167.0,-616.0,-204.0,277.0,-282.0,644.0
-604.0,,-110.0,-529.0,-161.0,-744.0,-221.0,421.0,-333.0,676.0
-640.0,,-152.0,-435.0,-116.0,-715.0,-204.0,127.0,-360.0,671.0
-654.0,,-186.0,-346.0,-30.0,-624.0,-180.0,511.0,-374.0,635.0
-705.0,,-207.0,-259.0,75.0,-613.0,-181.0,354.0,-379.0,559.0
-717.0,,-231.0,-105.0,164.0,-771.0,-207.0,546.0,-364.0,468.0
-677.0,,-222.0,-91.0,219.0,-762.0,-206.0,559.0,-331.0,345.0
-708.0,,-253.0,-95.0,265.0,-555.0,-211.0,330.0,-299.0,180.0
-685.0,,-235.0,-76.0,300.0,-558.0,-231.0,628.0,-240.0,0.0
-666.0,,-205.0,-95.0,321.0,-671.0,-229.0,319.0,-173.0,-172.0
-653.0,,-211.0,-34.0,333.0,-645.0,-231.0,572.0,-118.0,-303.0
-630.0,,-180.0,-93.0,345.0,-471.0,-225.0,504.0,-52.0,-410.0
-653.0,,-160.0,-297.0,367.0,-443.0,-216.0,478.0,12.0,-480.0
-630.0,,-146.0,-477.0,366.0,-563.0,-231.0,606.0,67.0,-531.0
-622.0,,-112.0,-506.0,328.0,-590.0,-230.0,273.0,125.0,-573.0
-597.0,,-72.0,-522.0,254.0,-525.0,-205.0,585.0,164.0,-587.0
-600.0,,-61.0,-570.0,165.0,-513.0,-185.0,376.0,202.0,-602.0
-622.0,,-41.0,-573.0,90.0,-578.0,-185.0,572.0,247.0,-595.0
-540.0,,-40.0,-553.0,16.0,-546.0,-177.0,659.0,274.0,-561.0
-531.0,,-54.0,-478.0,-68.0,-477.0,-155.0,428.0,304.0,-496.0
-580.0,,-50.0,-425.0,-157.0,-461.0,-158.0,679.0,320.0,-379.0
-598.0,,-86.0,-392.0,-236.0,-468.0,-196.0,354.0,328.0,-239.0
-578.0,,-84.0,-395.0,-305.0,-515.0,-193.0,572.0,333.0,-112.0
-561.0,,-113.0,-328.0,-353.0,-446.0,-148.0,439.0,338.0,41.0
-613.0,,-154.0,-296.0,-365.0,-358.0,-154.0,424.0,364.0,194.0
-609.0,,-143.0,-318.0,-357.0,-444.0,-184.0,661.0,394.0,353.0
-595.0,,-153.0,-264.0,-323.0,-429.0,-164.0,458.0,423.0,527.0
-595.0,,-153.0,-351.0,-241.0,-305.0,-123.0,787.0,449.0,646.0
-586.0,,-140.0,-401.0,-119.0,-292.0,-116.0,504.0,485.0,747.0
-612.0,,-103.0,-412.0,15.0,-381.0,-120.0,617.0,505.0,849.0
-609.0,,-83.0,-408.0,134.0,-424.0,-99.0,628.0,518.0,948.0
-621.0,,-52.0,-361.0,210.0,-323.0,-101.0,461.0,516.0,1039.0
-652.0,,-21.0,-311.0,250.0,-290.0,-143.0,727.0,504.0,1115.0
-690.0,,6.0,-204.0,254.0,-344.0,-176.0,424.0,490.0,1172.0
-716.0,,35.0,-173.0,227.0,-308.0,-194.0,726.0,449.0,1191.0
-709.0,,4.0,-97.0,187.0,-217.0,-183.0,607.0,429.0,1169.0
-727.0,,10.0,-86.0,148.0,-202.0,-190.0,587.0,407.0,1105.0
-755.0,,7.0,-84.0,117.0,-277.0,-223.0,724.0,396.0,1015.0
-748.0,,-21.0,-11.0,74.0,-292.0,-239.0,376.0,398.0,893.0
-707.0,,-42.0,-18.0,10.0,-200.0,-252.0,606.0,391.0,765.0
-701.0,,-87.0,-17.0,-57.0,-102.0,-238.0,310.0,394.0,628.0
-701.0,,-120.0,-119.0,-113.0,-83.0,-250.0,443.0,379.0,495.0
-684.0,,-148.0,-159.0,-150.0,-149.0,-279.0,482.0,361.0,400.0
-661.0,,-200.0,-137.0,-160.0,-125.0,-275.0,356.0,334.0,338.0
-637.0,,-214.0,-196.0,-150.0,-6.0,-266.0,617.0,294.0,334.0
-637.0,,-223.0,-256.0,-129.0,-58.0,-281.0,275.0,246.0,399.0
-584.0,,-237.0,-332.0,-100.0,-166.0,-333.0,589.0,204.0,503.0
-536.0,,-214.0,-352.0,-76.0,-42.0,-361.0,506.0,175.0,615.0
-524.0,,-228.0,-375.0,-56.0,119.0,-391.0,495.0,165.0,760.0
-506.0,,-212.0,-455.0,-25.0,32.0,-423.0,681.0,182.0,885.0
-502.0,,-184.0,-536.0,28.0,-72.0,-458.0,408.0,188.0,973.0
-479.0,,-199.0,-524.0,98.0,6.0,-475.0,689.0,219.0,1052.0
-501.0,,-173.0,-471.0,159.0,85.0,-448.0,388.0,258.0,1083.0
-532.0,,-149.0,-459.0,178.0,18.0,-451.0,548.0,253.0,1072.0
-550.0,,-133.0,-443.0,139.0,-39.0,-433.0,580.0,226.0,1024.0
-579.0,,-99.0,-474.0,60.0,73.0,-438.0,338.0,184.0,964.0
-603.0,,-58.0,-503.0,-27.0,160.0,-493.0,578.0,137.0,894.0
-631.0,,-12.0,-511.0,-86.0,126.0,-495.0,227.0,82.0,818.0
-625.0,,37.0,-474.0,-102.0,123.0,-504.0,478.0,25.0,760.0
-638.0,,89.0,-347.0,-65.0,217.0,-511.0,421.0,-21.0,693.0
-636.0,,120.0,-236.0,21.0,250.0,-519.0,476.0,-81.0,634.0
-650.0,,169.0,-173.0,115.0,151.0,-532.0,716.0,-149.0,572.0
-662.0,,205.0,-95.0,176.0,165.0,-526.0,436.0,-208.0,508.0
-641.0,,215.0,-43.0,181.0,286.0,-556.0,683.0,-256.0,478.0
-669.0,,232.0,-116.0,127.0,292.0,-565.0,349.0,-313.0,478.0
-653.0,,219.0,-190.0,47.0,214.0,-559.0,399.0,-363.0,498.0
-654.0,,196.0,-225.0,-56.0,145.0,-563.0,434.0,-379.0,530.0
-663.0,,173.0,-379.0,-177.0,214.0,-576.0,325.0,-380.0,607.0
-662.0,,141.0,-556.0,-281.0,383.0,-590.0,661.0,-358.0,694.0
-684.0,,107.0,-638.0,-342.0,346.0,-593.0,336.0,-333.0,778.0
-663.0,,79.0,-685.0,-341.0,153.0,-587.0,476.0,-313.0,838.0
-662.0,,66.0,-682.0,-295.0,114.0,-595.0,210.0,-282.0,850.0
-642.0,,50.0,-619.0,-231.0,270.0,-638.0,66.0,-257.0,858.0
-628.0,,53.0,-517.0,-171.0,327.0,-634.0,225.0,-215.0,804.0
-625.0,,48.0,-456.0,-128.0,225.0,-618.0,25.0,-171.0,735.0
-579.0,,62.0,-545.0,-54.0,236.0,-634.0,450.0,-122.0,671.0
-582.0,,69.0,-636.0,47.0,400.0,-624.0,266.0,-55.0,587.0
-601.0,,57.0,-594.0,142.0,396.0,-603.0,389.0,5.0,542.0
-610.0,,88.0,-463.0,222.0,233.0,-595.0,347.0,60.0,490.0
-607.0,,85.0,-290.0,271.0,306.0,-603.0,94.0,107.0,460.0
-574.0,,90.0,-130.0,283.0,421.0,-607.0,358.0,141.0,445.0
-582.0,,103.0,-92.0,248.0,337.0,-618.0,55.0,164.0,425.0
-595.0,,93.0,-32.0,178.0,260.0,-660.0,351.0,174.0,418.0
-591.0,,125.0,107.0,92.0,338.0,-680.0,253.0,161.0,414.0
-586.0,,128.0,188.0,21.0,412.0,-638.0,253.0,147.0,407.0
-556.0,,139.0,308.0,3.0,336.0,-626.0,389.0,121.0,409.0
-550.0,,165.0,286.0,40.0,300.0,-623.0,22.0,91.0,452.0
-548.0,,152.0,154.0,106.0,386.0,-615.0,284.0,66.0,484.0
-529.0,,162.0,85.0,152.0,427.0,-614.0,-7.0,34.0,543.0
-520.0,,130.0,-48.0,166.0,380.0,-577.0,142.0,4.0,635.0
-500.0,,108.0,-42.0,157.0,386.0,-560.0,184.0,-32.0,746.0
-500.0,,93.0,41.0,119.0,400.0,-537.0,31.0,-72.0,911.0
-504.0,,47.0,-6.0,61.0,452.0,-529.0,308.0,-93.0,1061.0
-482.0,,39.0,-141.0,-5.0,551.0,-534.0,-40.0,-122.0,1193.0
-456.0,,0.0,-283.0,-60.0,534.0,-531.0,155.0,-145.0,1279.0
-459.0,,-19.0,-304.0,-87.0,459.0,-526.0,-49.0,-152.0,1305.0
-494.0,,-14.0,-294.0,-82.0,479.0,-498.0,-68.0,-150.0,1282.0
-484.0,,-22.0,-252.0,-42.0,570.0,-500.0,134.0,-100.0,1209.0
-438.0,,-11.0,-228.0,25.0,536.0,-474.0,-81.0,-45.0,1111.0
-438.0,,-3.0,-379.0,87.0,530.0,-451.0,290.0,10.0,1006.0
-461.0,,6.0,-493.0,125.0,681.0,-447.0,57.0,88.0,915.0
-461.0,,9.0,-529.0,134.0,734.0,-427.0,190.0,149.0,820.0
-454.0,,-6.0,-520.0,113.0,619.0,-422.0,118.0,211.0,748.0
-427.0,,-12.0,-345.0,75.0,548.0,-389.0,-140.0,262.0,706.0
-406.0,,-22.0,-205.0,33.0,634.0,-356.0,83.0,285.0,681.0
-389.0,,-74.0,-146.0,10.0,684.0,-353.0,-229.0,310.0,689.0
-355.0,,-94.0,-94.0,2.0,605.0,-321.0,25.0,322.0,712.0
-325.0,,-137.0,-44.0,-1.0,580.0,-257.0,-205.0,294.0,718.0
-299.0,,-189.0,107.0,-9.0,668.0,-224.0,-260.0,273.0,746.0
-278.0,,-219.0,253.0,-21.0,683.0,-191.0,-109.0,248.0,811.0
-224.0,,-268.0,294.0,-28.0,587.0,-141.0,-321.0,195.0,859.0
-183.0,,-289.0,366.0,-26.0,550.0,-124.0,49.0,163.0,913.0
-182.0,,-335.0,460.0,-13.0,605.0,-109.0,-206.0,124.0,948.0
-177.0,,-359.0,460.0,2.0,636.0,-70.0,-29.0,76.0,953.0
-135.0,,-379.0,468.0,33.0,628.0,-32.0,-121.0,44.0,963.0
-91.0,,-399.0,395.0,68.0,575.0,-20.0,-362.0,16.0,923.0
-91.0,,-397.0,267.0,82.0,553.0,-15.0,-144.0,8.0,856.0
-87.0,,-414.0,149.0,63.0,623.0,3.0,-452.0,-8.0,807.0
-69.0,,-427.0,8.0,27.0,598.0,40.0,-131.0,-24.0,770.0
-45.0,,-426.0,-56.0,-9.0,497.0,91.0,-310.0,-19.0,738.0
-30.0,,-406.0,-183.0,-45.0,488.0,131.0,-334.0,-13.0,711.0
-14.0,,-391.0,-224.0,-69.0,565.0,145.0,-275.0,-15.0,692.0
3.0,,-385.0,-249.0,-74.0,518.0,164.0,-558.0,-17.0,699.0
39.0,,-377.0,-413.0,-50.0,408.0,201.0,-212.0,-19.0,700.0
71.0,,-372.0,-542.0,-9.0,487.0,211.0,-415.0,-13.0,677.0
85.0,,-355.0,-542.0,15.0,603.0,215.0,-125.0,0.0,656.0
108.0,,-363.0,-455.0,13.0,507.0,233.0,-83.0,9.0,589.0
117.0,,-383.0,-490.0,-3.0,388.0,209.0,-186.0,37.0,493.0
155.0,,-365.0,-435.0,5.0,469.0,169.0,12.0,59.0,407.0
155.0,,-362.0,-314.0,38.0,468.0,182.0,-323.0,80.0,338.0
115.0,,-379.0,-389.0,49.0,310.0,239.0,-5.0,105.0,282.0
100.0,,-385.0,-509.0,28.0,239.0,289.0,-181.0,97.0,243.0
60.0,,-399.0,-587.0,-1.0,303.0,333.0,-136.0,101.0,228.0
23.0,,-414.0,-659.0,-30.0,341.0,384.0,9.0,104.0,210.0
-13.0,,-441.0,-681.0,-56.0,269.0,404.0,-277.0,94.0,217.0
-55.0,,-472.0,-583.0,-67.0,223.0,409.0,-16.0,87.0,237.0
-124.0,,-517.0,-506.0,-54.0,257.0,440.0,-290.0,62.0,273.0
-187.0,,-556.0,-476.0,-16.0,308.0,484.0,-94.0,43.0,331.0
-199.0,,-566.0,-487.0,50.0,279.0,522.0,-138.0,33.0,379.0
-231.0,,-596.0,-551.0,124.0,197.0,548.0,-227.0,17.0,437.0
-254.0,,-592.0,-554.0,176.0,208.0,540.0,51.0,16.0,468.0
-268.0,,-580.0,-562.0,190.0,275.0,518.0,-199.0,10.0,445.0
-264.0,,-561.0,-541.0,170.0,221.0,514.0,205.0,-12.0,411.0
-222.0,,-521.0,-473.0,130.0,105.0,531.0,57.0,-19.0,373.0
-211.0,,-493.0,-486.0,77.0,98.0,554.0,60.0,-27.0,300.0
-161.0,,-439.0,-568.0,23.0,177.0,536.0,125.0,-56.0,216.0
-83.0,,-416.0,-672.0,-12.0,185.0,520.0,-145.0,-64.0,132.0
-64.0,,-391.0,-707.0,-27.0,54.0,515.0,238.0,-80.0,36.0
-54.0,,-348.0,-654.0,-43.0,-6.0,510.0,29.0,-116.0,-44.0
-53.0,,-325.0,-615.0,-94.0,53.0,525.0,212.0,-129.0,-116.0
-18.0,,-304.0,-580.0,-172.0,18.0,517.0,64.0,-126.0,-175.0
40.0,,-282.0,-529.0,-218.0,-75.0,493.0,-157.0,-120.0,-184.0
45.0,,-269.0,-477.0,-211.0,-63.0,486.0,33.0,-107.0,-153.0
59.0,,-279.0,-364.0,-167.0,-28.0,488.0,-290.0,-80.0,-124.0
92.0,,-274.0,-229.0,-92.0,-67.0,486.0,27.0,-40.0,-91.0
133.0,,-282.0,-143.0,5.0,-102.0,495.0,-114.0,9.0,-46.0
132.0,,-331.0,-65.0,89.0,-80.0,493.0,-12.0,64.0,-4.0
106.0,,-348.0,-62.0,144.0,33.0,492.0,145.0,112.0,-1.0
137.0,,-358.0,-161.0,181.0,25.0,484.0,-49.0,146.0,-14.0
165.0,,-420.0,-224.0,200.0,-132.0,457.0,282.0,168.0,-7.0
190.0,,-441.0,-208.0,187.0,-75.0,446.0,-18.0,181.0,-4.0
210.0,,-467.0,-180.0,154.0,12.0,439.0,182.0,173.0,11.0
242.0,,-512.0,-270.0,131.0,-22.0,403.0,151.0,147.0,33.0
288.0,,-541.0,-390.0,118.0,-108.0,350.0,36.0,97.0,62.0
259.0,,-582.0,-500.0,105.0,-177.0,319.0,254.0,6.0,77.0
246.0,,-603.0,-657.0,93.0,-86.0,285.0,-84.0,-95.0,118.0
253.0,,-622.0,-672.0,98.0,-54.0,254.0,173.0,-208.0,179.0
239.0,,-623.0,-692.0,140.0,-111.0,224.0,-53.0,-333.0,227.0
238.0,,-625.0,-785.0,203.0,-129.0,208.0,18.0,-440.0,283.0
220.0,,-615.0,-848.0,257.0,-60.0,246.0,164.0,-542.0,311.0
278.0,,-582.0,-905.0,280.0,-16.0,264.0,-75.0,-614.0,335.0
308.0,,-586.0,-816.0,268.0,-123.0,260.0,258.0,-664.0,328.0
259.0,,-570.0,-657.0,232.0,-178.0,277.0,42.0,-711.0,288.0
262.0,,-541.0,-470.0,165.0,-26.0,278.0,315.0,-723.0,256.0
262.0,,-532.0,-363.0,64.0,137.0,287.0,312.0,-716.0,213.0
251.0,,-502.0,-383.0,-53.0,41.0,309.0,242.0,-704.0,185.0
218.0,,-477.0,-366.0,-169.0,-38.0,330.0,467.0,-663.0,197.0
178.0,,-432.0,-308.0,-273.0,82.0,339.0,157.0,-619.0,224.0
199.0,,-387.0,-175.0,-351.0,169.0,304.0,448.0,-581.0,254.0
239.0,,-371.0,-10.0,-386.0,17.0,250.0,216.0,-548.0,295.0
268.0,,-333.0,108.0,-366.0,-112.0,204.0,269.0,-525.0,314.0
262.0,,-292.0,73.0,-311.0,30.0,185.0,362.0,-498.0,296.0
294.0,,-263.0,-93.0,-238.0,110.0,206.0,103.0,-493.0,264.0
386.0,,-236.0,-251.0,-152.0,68.0,184.0,391.0,-486.0,221.0
363.0,,-187.0,-373.0,-96.0,49.0,98.0,97.0,-456.0,167.0
331.0,,-165.0,-488.0,-79.0,118.0,47.0,282.0,-437.0,98.0
357.0,,-128.0,-656.0,-79.0,202.0,37.0,192.0,-384.0,4.0
376.0,,-69.0,-790.0,-93.0,166.0,37.0,75.0,-328.0,-84.0
403.0,,-58.0,-849.0,-112.0,77.0,52.0,280.0,-280.0,-158.0
349.0,,-5.0,-898.0,-115.0,98.0,43.0,0.0,-206.0,-228.0
334.0,,38.0,-892.0,-77.0,196.0,12.0,341.0,-156.0,-269.0
339.0,,56.0,-868.0,-15.0,168.0,-28.0,140.0,-115.0,-297.0
311.0,,97.0,-829.0,39.0,31.0,-46.0,219.0,-80.0,-291.0
297.0,,105.0,-757.0,71.0,-27.0,-14.0,310.0,-66.0,-218.0
240.0,,113.0,-770.0,79.0,98.0,1.0,25.0,-53.0,-138.0
231.0,,139.0,-744.0,72.0,83.0,11.0,297.0,-32.0,-62.0
269.0,,142.0,-627.0,58.0,-20.0,20.0,-22.0,-13.0,35.0
277.0,,169.0,-517.0,57.0,116.0,-6.0,173.0,7.0,150.0
275.0,,199.0,-484.0,68.0,221.0,-4.0,73.0,16.0,254.0
294.0,,222.0,-481.0,88.0,127.0,20.0,-62.0,-3.0,379.0
303.0,,253.0,-453.0,106.0,7.0,46.0,192.0,-35.0,517.0
307.0,,266.0,-464.0,98.0,25.0,57.0,-73.0,-69.0,609.0
319.0,,313.0,-399.0,59.0,94.0,43.0,279.0,-104.0,680.0
283.0,,338.0,-359.0,-10.0,61.0,62.0,84.0,-164.0,694.0
252.0,,332.0,-401.0,-83.0,-8.0,97.0,121.0,-242.0,680.0
249.0,,349.0,-444.0,-138.0,27.0,146.0,223.0,-314.0,660.0
222.0,,345.0,-511.0,-177.0,98.0,183.0,-22.0,-383.0,580.0
206.0,,317.0,-531.0,-184.0,-11.0,204.0,240.0,-460.0,501.0
168.0,,301.0,-573.0,-157.0,-143.0,224.0,-77.0,-518.0,430.0
125.0,,289.0,-631.0,-113.0,-69.0,239.0,105.0,-552.0,326.0
112.0,,265.0,-685.0,-72.0,12.0,281.0,-12.0,-570.0,202.0
85.0,,253.0,-758.0,-48.0,-72.0,340.0,-181.0,-547.0,82.0
62.0,,226.0,-860.0,-36.0,-168.0,386.0,3.0,-508.0,-35.0
55.0,,210.0,-935.0,-24.0,-123.0,378.0,-295.0,-446.0,-120.0
34.0,,178.0,-902.0,-11.0,24.0,398.0,18.0,-377.0,-193.0
36.0,,128.0,-913.0,3.0,39.0,456.0,-181.0,-313.0,-260.0
81.0,,110.0,-936.0,11.0,-122.0,482.0,-70.0,-242.0,-269.0
49.0,,78.0,-940.0,13.0,-182.0,504.0,84.0,-177.0,-253.0
3.0,,59.0,-979.0,11.0,-75.0,529.0,-144.0,-114.0,-212.0
24.0,,43.0,-942.0,13.0,-71.0,541.0,121.0,-55.0,-160.0
46.0,,28.0,-891.0,26.0,-205.0,515.0,-214.0,2.0,-127.0
59.0,,30.0,-758.0,54.0,-234.0,469.0,-70.0,64.0,-97.0
49.0,,7.0,-687.0,91.0,-158.0,469.0,-194.0,112.0,-86.0
65.0,,-9.0,-729.0,115.0,-102.0,532.0,-267.0,122.0,-119.0
143.0,,-27.0,-618.0,118.0,-200.0,601.0,-35.0,130.0,-161.0
204.0,,-41.0,-560.0,113.0,-271.0,624.0,-341.0,106.0,-194.0
200.0,,-47.0,-563.0,104.0,-164.0,599.0,-40.0,52.0,-253.0
246.0,,-70.0,-543.0,71.0,-125.0,571.0,-308.0,10.0,-295.0
325.0,,-63.0,-633.0,16.0,-190.0,569.0,-286.0,-39.0,-335.0
355.0,,-71.0,-700.0,-37.0,-239.0,589.0,-203.0,-80.0,-382.0
374.0,,-88.0,-750.0,-77.0,-194.0,632.0,-393.0,-109.0,-421.0
390.0,,-73.0,-854.0,-89.0,-181.0,679.0,-101.0,-116.0,-473.0
433.0,,-96.0,-880.0,-97.0,-258.0,711.0,-432.0,-105.0,-508.0
495.0,,-107.0,-882.0,-108.0,-295.0,687.0,-205.0,-87.0,-541.0
500.0,,-123.0,-880.0,-100.0,-244.0,653.0,-282.0,-51.0,-550.0
463.0,,-154.0,-837.0,-77.0,-195.0,666.0,-371.0,5.0,-547.0
504.0,,-151.0,-766.0,-44.0,-274.0,714.0,-192.0,72.0,-553.0
528.0,,-163.0,-658.0,-3.0,-317.0,749.0,-532.0,131.0,-567.0
506.0,,-162.0,-598.0,31.0,-231.0,756.0,-249.0,197.0,-611.0
450.0,,-147.0,-535.0,51.0,-225.0,767.0,-456.0,236.0,-667.0
391.0,,-138.0,-545.0,45.0,-340.0,760.0,-304.0,270.0,-740.0
423.0,,-117.0,-576.0,10.0,-417.0,759.0,-188.0,317.0,-822.0
400.0,,-116.0,-467.0,-41.0,-305.0,774.0,-410.0,346.0,-883.0
358.0,,-102.0,-385.0,-86.0,-221.0,783.0,-140.0,392.0,-933.0
355.0,,-110.0,-450.0,-99.0,-381.0,766.0,-450.0,427.0,-977.0
396.0,,-122.0,-500.0,-81.0,-463.0,757.0,-208.0,439.0,-981.0
431.0,,-113.0,-453.0,-54.0,-364.0,755.0,-282.0,442.0,-970.0
425.0,,-140.0,-408.0,-31.0,-285.0,737.0,-295.0,423.0,-947.0
432.0,,-143.0,-327.0,-21.0,-362.0,747.0,-25.0,393.0,-898.0
430.0,,-173.0,-266.0,-22.0,-519.0,768.0,-267.0,347.0,-841.0
470.0,,-174.0,-288.0,-24.0,-470.0,821.0,81.0,293.0,-760.0
478.0,,-162.0,-409.0,-8.0,-373.0,813.0,-158.0,260.0,-662.0
487.0,,-183.0,-529.0,4.0,-490.0,733.0,-134.0,224.0,-557.0
562.0,,-163.0,-553.0,18.0,-617.0,727.0,-158.0,196.0,-463.0
593.0,,-195.0,-659.0,36.0,-567.0,766.0,-380.0,178.0,-389.0
585.0,,-205.0,-836.0,34.0,-492.0,775.0,9.0,133.0,-353.0
599.0,,-228.0,-927.0,48.0,-590.0,764.0,-201.0,88.0,-347.0
612.0,,-253.0,-929.0,84.0,-688.0,739.0,103.0,40.0,-379.0
570.0,,-251.0,-967.0,110.0,-654.0,659.0,72.0,-14.0,-430.0
524.0,,-271.0,-1038.0,114.0,-647.0,585.0,-9.0,-40.0,-462.0
487.0,,-262.0,-1015.0,108.0,-711.0,548.0,149.0,-68.0,-478.0
478.0,,-263.0,-986.0,103.0,-800.0,510.0,-194.0,-104.0,-477.0
455.0,,-252.0,-1071.0,87.0,-747.0,463.0,90.0,-137.0,-447.0
421.0,,-239.0,-1155.0,57.0,-663.0,427.0,-145.0,-161.0,-389.0
426.0,,-215.0,-1142.0,23.0,-663.0,422.0,-59.0,-163.0,-345.0
400.0,,-207.0,-1038.0,-5.0,-662.0,408.0,36.0,-150.0,-273.0
384.0,,-180.0,-928.0,-39.0,-708.0,391.0,-175.0,-119.0,-196.0
362.0,,-149.0,-843.0,-68.0,-640.0,398.0,201.0,-76.0,-156.0
318.0,,-145.0,-790.0,-61.0,-637.0,391.0,-44.0,-32.0,-130.0
321.0,,-118.0,-743.0,-34.0,-755.0,346.0,166.0,4.0,-162.0
308.0,,-102.0,-659.0,-9.0,-691.0,297.0,22.0,44.0,-237.0
271.0,,-77.0,-640.0,-4.0,-616.0,279.0,-164.0,100.0,-317.0
274.0,,-77.0,-538.0,-19.0,-666.0,275.0,55.0,139.0,-422.0
284.0,,-62.0,-388.0,-23.0,-737.0,271.0,-179.0,177.0,-540.0
284.0,,-49.0,-364.0,-7.0,-744.0,278.0,227.0,217.0,-601.0
270.0,,-53.0,-404.0,14.0,-675.0,230.0,81.0,236.0,-622.0
231.0,,-58.0,-455.0,43.0,-619.0,164.0,144.0,258.0,-618.0
195.0,,-76.0,-466.0,65.0,-628.0,164.0,177.0,280.0,-587.0
154.0,,-76.0,-543.0,53.0,-601.0,139.0,-86.0,324.0,-553.0
113.0,,-117.0,-643.0,4.0,-561.0,122.0,230.0,373.0,-514.0
90.0,,-154.0,-692.0,-59.0,-608.0,136.0,-62.0,416.0,-488.0
109.0,,-186.0,-772.0,-113.0,-620.0,136.0,151.0,466.0,-458.0
130.0,,-238.0,-820.0,-139.0,-594.0,115.0,136.0,493.0,-409.0
119.0,,-282.0,-829.0,-138.0,-607.0,49.0,110.0,513.0,-336.0
129.0,,-329.0,-734.0,-120.0,-623.0,16.0,341.0,506.0,-269.0
123.0,,-372.0,-582.0,-82.0,-694.0,43.0,51.0,460.0,-210.0
117.0,,-399.0,-583.0,-28.0,-676.0,62.0,297.0,394.0,-172.0
100.0,,-436.0,-576.0,7.0,-517.0,32.0,-36.0,307.0,-158.0
53.0,,-462.0,-543.0,25.0,-488.0,9.0,7.0,215.0,-163.0
61.0,,-469.0,-522.0,52.0,-553.0,15.0,160.0,122.0,-231.0
63.0,,-461.0,-377.0,100.0,-550.0,-24.0,29.0,11.0,-342.0
30.0,,-423.0,-335.0,158.0,-443.0,-60.0,388.0,-116.0,-485.0
-4.0,,-409.0,-376.0,214.0,-417.0,-63.0,77.0,-236.0,-625.0
-12.0,,-343.0,-314.0,262.0,-523.0,-74.0,251.0,-337.0,-779.0
19.0,,-284.0,-314.0,275.0,-507.0,-94.0,101.0,-409.0,-939.0
6.0,,-230.0,-334.0,251.0,-388.0,-150.0,-81.0,-460.0,-1055.0
-38.0,,-148.0,-310.0,192.0,-357.0,-202.0,140.0,-471.0,-1141.0
-49.0,,-96.0,-322.0,96.0,-454.0,-223.0,-38.0,-442.0,-1168.0
-27.0,,0.0,-355.0,-17.0,-473.0,-215.0,351.0,-385.0,-1153.0
-42.0,,68.0,-434.0,-126.0,-348.0,-209.0,145.0,-300.0,-1076.0
-91.0,,143.0,-474.0,-207.0,-262.0,-250.0,214.0,-211.0,-955.0
-100.0,,212.0,-448.0,-258.0,-335.0,-280.0,267.0,-122.0,-822.0
-105.0,,270.0,-370.0,-278.0,-388.0,-282.0,7.0,-32.0,-657.0
-125.0,,337.0,-331.0,-267.0,-261.0,-284.0,264.0,49.0,-484.0
-185.0,,363.0,-337.0,-250.0,-209.0,-298.0,-24.0,111.0,-325.0
-232.0,,387.0,-308.0,-238.0,-306.0,-292.0,232.0,164.0,-195.0
-218.0,,413.0,-356.0,-236.0,-327.0,-276.0,177.0,215.0,-85.0
-258.0,,428.0,-319.0,-241.0,-248.0,-260.0,136.0,243.0,-17.0
-312.0,,392.0,-190.0,-234.0,-180.0,-217.0,413.0,243.0,4.0
-298.0,,393.0,-31.0,-219.0,-200.0,-190.0,144.0,230.0,-18.0
-266.0,,382.0,94.0,-187.0,-271.0,-151.0,461.0,203.0,-65.0
-248.0,,360.0,93.0,-143.0,-206.0,-133.0,267.0,161.0,-97.0
-270.0,,348.0,128.0,-119.0,-169.0,-149.0,371.0,126.0,-122.0
-267.0,,317.0,240.0,-103.0,-253.0,-128.0,515.0,102.0,-92.0
-218.0,,304.0,317.0,-89.0,-304.0,-127.0,282.0,97.0,-16.0
-223.0,,279.0,262.0,-90.0,-253.0,-104.0,591.0,93.0,69.0
-230.0,,276.0,226.0,-92.0,-146.0,-48.0,321.0,90.0,199.0
-175.0,,265.0,236.0,-77.0,-226.0,-60.0,471.0,78.0,344.0
-119.0,,275.0,193.0,-37.0,-292.0,-87.0,356.0,52.0,461.0
-102.0,,272.0,49.0,34.0,-243.0,-95.0,242.0,40.0,574.0
-82.0,,257.0,-68.0,134.0,-199.0,-102.0,482.0,5.0,677.0
-26.0,,258.0,-43.0,236.0,-234.0,-110.0,192.0,-20.0,747.0
60.0,,237.0,-91.0,316.0,-349.0,-87.0,552.0,-50.0,794.0
117.0,,214.0,-113.0,367.0,-273.0,-40.0,397.0,-87.0,787.0
107.0,,184.0,-99.0,393.0,-199.0,-21.0,428.0,-84.0,732.0
153.0,,158.0,-164.0,376.0,-303.0,-12.0,543.0,-112.0,639.0
234.0,,116.0,-259.0,309.0,-360.0,-6.0,303.0,-157.0,504.0
248.0,,97.0,-352.0,213.0,-223.0,33.0,615.0,-195.0,334.0
209.0,,73.0,-359.0,110.0,-110.0,76.0,351.0,-243.0,157.0
213.0,,39.0,-361.0,26.0,-206.0,85.0,552.0,-294.0,-22.0
257.0,,21.0,-356.0,-23.0,-260.0,61.0,482.0,-343.0,-241.0
249.0,,15.0,-295.0,-42.0,-189.0,0.0,369.0,-373.0,-430.0
256.0,,12.0,-258.0,-52.0,-129.0,-34.0,617.0,-376.0,-557.0
231.0,,23.0,-280.0,-68.0,-221.0,-48.0,343.0,-355.0,-610.0
226.0,,41.0,-302.0,-93.0,-330.0,-64.0,672.0,-321.0,-591.0
263.0,,50.0,-305.0,-122.0,-260.0,-58.0,460.0,-275.0,-550.0
279.0,,65.0,-345.0,-139.0,-170.0,-44.0,476.0,-235.0,-476.0
300.0,,61.0,-408.0,-143.0,-175.0,-42.0,513.0,-172.0,-376.0
312.0,,78.0,-439.0,-126.0,-266.0,-32.0,240.0,-91.0,-266.0
374.0,,72.0,-404.0,-102.0,-296.0,-41.0,585.0,-10.0,-179.0
435.0,,46.0,-420.0,-91.0,-167.0,-17.0,315.0,100.0,-124.0
494.0,,33.0,-511.0,-87.0,-110.0,33.0,519.0,203.0,-110.0
551.0,,0.0,-521.0,-79.0,-172.0,24.0,485.0,301.0,-134.0
567.0,,-21.0,-487.0,-67.0,-198.0,34.0,378.0,397.0,-183.0
613.0,,-61.0,-387.0,-58.0,-192.0,43.0,528.0,474.0,-234.0
647.0,,-118.0,-256.0,-36.0,-180.0,44.0,157.0,536.0,-286.0
634.0,,-135.0,-147.0,-16.0,-231.0,77.0,443.0,581.0,-357.0
620.0,,-141.0,-67.0,-9.0,-232.0,102.0,243.0,605.0,-392.0
625.0,,-157.0,-86.0,-18.0,-159.0,118.0,314.0,631.0,-378.0
637.0,,-148.0,-91.0,-45.0,-200.0,127.0,404.0,645.0,-340.0
595.0,,-144.0,-189.0,-61.0,-279.0,128.0,194.0,625.0,-272.0
545.0,,-125.0,-275.0,-53.0,-248.0,84.0,476.0,605.0,-172.0
546.0,,-116.0,-208.0,-14.0,-100.0,44.0,101.0,573.0,-92.0
511.0,,-119.0,-221.0,52.0,-98.0,71.0,301.0,547.0,-33.0
436.0,,-74.0,-236.0,117.0,-127.0,70.0,286.0,537.0,29.0
370.0,,-75.0,-183.0,153.0,-56.0,38.0,210.0,530.0,92.0
340.0,,-55.0,-190.0,158.0,-93.0,24.0,485.0,543.0,148.0
321.0,,-20.0,-269.0,149.0,-145.0,14.0,258.0,554.0,164.0
292.0,,-22.0,-326.0,134.0,-141.0,17.0,563.0,570.0,138.0
252.0,,4.0,-387.0,122.0,-53.0,-6.0,312.0,584.0,79.0
230.0,,21.0,-478.0,109.0,8.0,-36.0,327.0,583.0,-21.0
269.0,,52.0,-493.0,81.0,12.0,-38.0,395.0,567.0,-144.0
300.0,,67.0,-443.0,35.0,-8.0,-59.0,175.0,541.0,-272.0
305.0,,89.0,-399.0,-12.0,-64.0,-73.0,521.0,503.0,-412.0
318.0,,123.0,-325.0,-52.0,20.0,-53.0,181.0,451.0,-543.0
349.0,,113.0,-168.0,-90.0,150.0,-62.0,341.0,398.0,-670.0
375.0,,134.0,-93.0,-137.0,118.0,-86.0,254.0,344.0,-794.0
388.0,,143.0,-168.0,-209.0,87.0,-76.0,99.0,314.0,-898.0
403.0,,140.0,-212.0,-295.0,201.0,-72.0,417.0,299.0,-965.0
410.0,,153.0,-204.0,-355.0,224.0,-96.0,173.0,270.0,-995.0
419.0,,144.0,-209.0,-379.0,146.0,-118.0,521.0,233.0,-965.0
411.0,,152.0,-140.0,-374.0,133.0,-97.0,356.0,197.0,-844.0
385.0,,147.0,-81.0,-342.0,210.0,-84.0,349.0,160.0,-678.0
351.0,,147.0,-103.0,-290.0,294.0,-102.0,419.0,123.0,-460.0
295.0,,136.0,-97.0,-217.0,267.0,-109.0,182.0,85.0,-235.0
278.0,,130.0,-90.0,-139.0,257.0,-123.0,522.0,54.0,-23.0
266.0,,132.0,-16.0,-64.0,376.0,-109.0,232.0,12.0,190.0
233.0,,111.0,36.0,1.0,487.0,-76.0,445.0,-46.0,365.0
225.0,,109.0,6.0,41.0,450.0,-79.0,399.0,-122.0,520.0
196.0,,112.0,-6.0,62.0,487.0,-87.0,219.0,-210.0,643.0
175.0,,109.0,-38.0,64.0,573.0,-78.0,406.0,-283.0,733.0
138.0,,87.0,8.0,63.0,587.0,-63.0,121.0,-343.0,801.0
74.0,,83.0,44.0,68.0,594.0,-86.0,508.0,-387.0,834.0
20.0,,77.0,47.0,83.0,523.0,-115.0,391.0,-416.0,823.0
-24.0,,69.0,131.0,124.0,585.0,-110.0,460.0,-418.0,773.0
-54.0,,70.0,159.0,179.0,682.0,-119.0,558.0,-392.0,677.0
-92.0,,58.0,71.0,242.0,672.0,-130.0,267.0,-355.0,553.0
-112.0,,58.0,-22.0,317.0,617.0,-123.0,535.0,-294.0,426.0
-140.0,,35.0,7.0,377.0,616.0,-119.0,236.0,-216.0,319.0
-163.0,,14.0,90.0,395.0,735.0,-138.0,439.0,-119.0,258.0
-183.0,,0.0,67.0,388.0,726.0,-143.0,465.0,-17.0,220.0
-244.0,,-30.0,60.0,377.0,714.0,-130.0,395.0,84.0,241.0
-267.0,,-62.0,106.0,352.0,766.0,-128.0,607.0,194.0,303.0
-261.0,,-93.0,60.0,312.0,784.0,-154.0,256.0,280.0,371.0
-288.0,,-118.0,22.0,259.0,731.0,-194.0,495.0,346.0,450.0
-315.0,,-149.0,-6.0,187.0,708.0,-209.0,273.0,392.0,512.0
-295.0,,-165.0,-23.0,93.0,830.0,-191.0,275.0,414.0,563.0
-282.0,,-195.0,25.0,-6.0,888.0,-180.0,334.0,427.0,602.0
-258.0,,-221.0,-36.0,-90.0,833.0,-199.0,66.0,413.0,636.0
-230.0,,-226.0,-70.0,-141.0,807.0,-194.0,428.0,392.0,653.0
-252.0,,-238.0,-42.0,-150.0,911.0,-207.0,236.0,361.0,678.0
-239.0,,-245.0,-52.0,-136.0,969.0,-219.0,489.0,298.0,710.0
-232.0,,-232.0,6.0,-105.0,940.0,-227.0,476.0,232.0,751.0
-204.0,,-199.0,89.0,-58.0,974.0,-280.0,380.0,140.0,807.0
-167.0,,-179.0,187.0,-17.0,1047.0,-297.0,676.0,33.0,833.0
-155.0,,-141.0,229.0,10.0,1078.0,-278.0,410.0,-64.0,878.0
-142.0,,-104.0,187.0,32.0,1076.0,-265.0,705.0,-163.0,897.0
-149.0,,-79.0,172.0,41.0,1064.0,-274.0,484.0,-256.0,889.0
-126.0,,-21.0,186.0,42.0,1108.0,-266.0,489.0,-343.0,888.0
-112.0,,8.0,234.0,55.0,1219.0,-218.0,561.0,-413.0,842.0
-117.0,,42.0,235.0,88.0,1189.0,-165.0,254.0,-460.0,799.0
-140.0,,53.0,114.0,124.0,1124.0,-122.0,582.0,-491.0,730.0
-132.0,,46.0,31.0,124.0,1122.0,-93.0,317.0,-521.0,618.0
-99.0,,30.0,65.0,85.0,1168.0,-65.0,506.0,-544.0,529.0
-95.0,,-39.0,59.0,27.0,1163.0,-34.0,450.0,-558.0,441.0
-75.0,,-69.0,-7.0,-23.0,1035.0,-4.0,334.0,-576.0,354.0
-61.0,,-116.0,-62.0,-50.0,1084.0,11.0,628.0,-560.0,287.0
-30.0,,-182.0,-153.0,-56.0,1259.0,17.0,321.0,-535.0,243.0
17.0,,-234.0,-235.0,-57.0,1208.0,-1.0,602.0,-504.0,234.0
67.0,,-291.0,-199.0,-58.0,1028.0,-3.0,386.0,-438.0,262.0
121.0,,-341.0,-148.0,-42.0,1112.0,12.0,384.0,-382.0,286.0
215.0,,-372.0,-144.0,3.0,1260.0,-2.0,448.0,-322.0,293.0
307.0,,-383.0,-80.0,78.0,1214.0,-21.0,125.0,-259.0,314.0
357.0,,-383.0,32.0,173.0,1157.0,-46.0,423.0,-200.0,330.0
443.0,,-373.0,104.0,272.0,1170.0,-65.0,160.0,-129.0,316.0
504.0,,-363.0,109.0,343.0,1254.0,-50.0,391.0,-73.0,296.0
546.0,,-307.0,186.0,377.0,1272.0,-7.0,360.0,-20.0,295.0
569.0,,-279.0,300.0,379.0,1206.0,29.0,208.0,21.0,302.0
575.0,,-198.0,317.0,347.0,1217.0,57.0,412.0,57.0,336.0
591.0,,-98.0,346.0,293.0,1235.0,82.0,35.0,94.0,372.0
572.0,,-40.0,391.0,233.0,1275.0,107.0,260.0,128.0,424.0
530.0,,72.0,455.0,157.0,1257.0,131.0,53.0,167.0,471.0
470.0,,180.0,471.0,62.0,1106.0,139.0,140.0,221.0,478.0
441.0,,298.0,439.0,-28.0,1163.0,160.0,251.0,275.0,447.0
394.0,,374.0,484.0,-100.0,1225.0,191.0,-25.0,327.0,356.0
313.0,,459.0,446.0,-151.0,1150.0,186.0,243.0,393.0,286.0
266.0,,513.0,349.0,-169.0,1128.0,171.0,-120.0,445.0,202.0
220.0,,523.0,328.0,-170.0,1177.0,160.0,35.0,482.0,106.0
182.0,,542.0,294.0,-166.0,1289.0,140.0,-29.0,517.0,51.0
146.0,,505.0,264.0,-163.0,1179.0,140.0,-110.0,538.0,-3.0
125.0,,485.0,276.0,-157.0,1166.0,160.0,199.0,542.0,-34.0
123.0,,433.0,271.0,-147.0,1344.0,197.0,-73.0,546.0,-73.0
94.0,,374.0,155.0,-149.0,1359.0,234.0,166.0,547.0,-113.0
91.0,,314.0,-34.0,-159.0,1256.0,251.0,-155.0,532.0,-95.0
102.0,,218.0,-103.0,-170.0,1234.0,273.0,-286.0,515.0,-86.0
97.0,,135.0,-173.0,-178.0,1371.0,289.0,-330.0,504.0,-112.0
110.0,,27.0,-258.0,-182.0,1355.0,294.0,-580.0,484.0,-118.0
114.0,,-74.0,-232.0,-161.0,1210.0,331.0,-203.0,476.0,-114.0
88.0,,-159.0,-269.0,-111.0,1109.0,380.0,-434.0,480.0,-98.0
72.0,,-240.0,-297.0,-53.0,1148.0,397.0,-232.0,465.0,-91.0
100.0,,-308.0,-228.0,-7.0,1157.0,395.0,-332.0,450.0,-103.0
107.0,,-359.0,-105.0,11.0,1036.0,384.0,-539.0,431.0,-86.0
87.0,,-384.0,55.0,-7.0,1035.0,399.0,-358.0,403.0,-62.0
100.0,,-396.0,114.0,-61.0,1051.0,422.0,-663.0,366.0,-48.0
135.0,,-401.0,81.0,-140.0,1048.0,409.0,-354.0,322.0,-29.0
138.0,,-381.0,108.0,-218.0,1004.0,409.0,-535.0,263.0,-2.0
135.0,,-360.0,117.0,-261.0,914.0,431.0,-509.0,197.0,4.0
164.0,,-330.0,159.0,-279.0,942.0,446.0,-443.0,134.0,18.0
180.0,,-288.0,173.0,-305.0,974.0,487.0,-733.0,74.0,48.0
221.0,,-252.0,113.0,-350.0,901.0,527.0,-474.0,27.0,69.0
254.0,,-204.0,154.0,-381.0,816.0,532.0,-809.0,-2.0,105.0
269.0,,-174.0,103.0,-368.0,804.0,532.0,-596.0,-23.0,128.0
297.0,,-122.0,69.0,-297.0,884.0,514.0,-607.0,-41.0,137.0
320.0,,-82.0,54.0,-181.0,795.0,500.0,-670.0,-43.0,133.0
334.0,,-61.0,-10.0,-61.0,664.0,503.0,-386.0,-55.0,110.0
299.0,,-11.0,55.0,34.0,720.0,490.0,-739.0,-74.0,82.0
289.0,,3.0,55.0,97.0,782.0,464.0,-535.0,-67.0,24.0
275.0,,36.0,16.0,130.0,757.0,432.0,-790.0,-62.0,-29.0
245.0,,70.0,59.0,132.0,608.0,391.0,-737.0,-41.0,-88.0
227.0,,75.0,93.0,121.0,615.0,397.0,-596.0,-11.0,-138.0
170.0,,88.0,121.0,112.0,666.0,445.0,-831.0,10.0,-167.0
138.0,,90.0,222.0,101.0,547.0,450.0,-572.0,16.0,-196.0
122.0,,109.0,297.0,89.0,447.0,438.0,-918.0,5.0,-209.0
74.0,,116.0,314.0,58.0,488.0,468.0,-739.0,-21.0,-199.0
33.0,,121.0,277.0,5.0,646.0,504.0,-763.0,-68.0,-176.0
15.0,,141.0,237.0,-40.0,627.0,505.0,-776.0,-103.0,-121.0
-8.0,,125.0,237.0,-61.0,544.0,486.0,-463.0,-149.0,-14.0
-41.0,,121.0,150.0,-67.0,567.0,484.0,-750.0,-204.0,77.0
-76.0,,121.0,133.0,-65.0,652.0,495.0,-519.0,-258.0,162.0
-95.0,,85.0,181.0,-36.0,684.0,499.0,-794.0,-329.0,267.0
-126.0,,55.0,164.0,24.0,603.0,509.0,-783.0,-391.0,376.0
-162.0,,14.0,169.0,97.0,658.0,505.0,-687.0,-451.0,464.0
-161.0,,-32.0,191.0,144.0,772.0,476.0,-831.0,-523.0,539.0
-161.0,,-70.0,142.0,143.0,749.0,464.0,-445.0,-581.0,603.0
-141.0,,-127.0,43.0,95.0,683.0,477.0,-670.0,-621.0,629.0
-84.0,,-175.0,-35.0,12.0,690.0,486.0,-456.0,-627.0,634.0
-55.0,,-221.0,-55.0,-93.0,787.0,469.0,-567.0,-606.0,609.0
-25.0,,-263.0,-41.0,-200.0,809.0,461.0,-681.0,-571.0,583.0
21.0,,-300.0,-105.0,-280.0,644.0,439.0,-415.0,-530.0,567.0
49.0,,-324.0,-72.0,-333.0,599.0,388.0,-617.0,-506.0,531.0
49.0,,-315.0,80.0,-352.0,723.0,376.0,-247.0,-482.0,500.0
32.0,,-309.0,147.0,-323.0,733.0,348.0,-423.0,-469.0,481.0
36.0,,-291.0,259.0,-266.0,684.0,331.0,-388.0,-464.0,423.0
-35.0,,-269.0,360.0,-199.0,696.0,325.0,-375.0,-439.0,358.0
-105.0,,-257.0,352.0,-135.0,786.0,284.0,-663.0,-419.0,314.0
-133.0,,-250.0,397.0,-69.0,783.0,272.0,-343.0,-408.0,240.0
-233.0,,-258.0,395.0,0.0,669.0,264.0,-533.0,-378.0,176.0
-283.0,,-270.0,304.0,71.0,679.0,243.0,-227.0,-334.0,134.0
-345.0,,-278.0,221.0,149.0,824.0,246.0,-234.0,-291.0,93.0
-380.0,,-291.0,113.0,226.0,844.0,269.0,-286.0,-238.0,61.0
-414.0,,-310.0,13.0,301.0,737.0,271.0,-94.0,-187.0,6.0
-495.0,,-344.0,-79.0,357.0,793.0,282.0,-515.0,-140.0,-50.0
-482.0,,-361.0,-169.0,383.0,841.0,271.0,-264.0,-115.0,-92.0
-514.0,,-366.0,-231.0,377.0,816.0,194.0,-458.0,-115.0,-135.0
-523.0,,-391.0,-235.0,368.0,780.0,134.0,-310.0,-112.0,-141.0
-505.0,,-393.0,-207.0,374.0,747.0,112.0,-79.0,-121.0,-103.0
-525.0,,-368.0,-158.0,380.0,824.0,112.0,-236.0,-129.0,-46.0
-499.0,,-358.0,-35.0,376.0,799.0,116.0,48.0,-151.0,18.0
-487.0,,-338.0,62.0,366.0,715.0,130.0,-332.0,-173.0,93.0
-439.0,,-262.0,124.0,377.0,688.0,124.0,-192.0,-172.0,149.0
-412.0,,-216.0,172.0,404.0,760.0,132.0,-295.0,-149.0,180.0
-427.0,,-152.0,143.0,429.0,888.0,163.0,-338.0,-101.0,219.0
-395.0,,-42.0,189.0,431.0,772.0,156.0,-29.0,-57.0,223.0
-393.0,,15.0,271.0,388.0,654.0,168.0,-306.0,-20.0,209.0
-371.0,,93.0,314.0,308.0,796.0,162.0,35.0,-1.0,207.0
-332.0,,157.0,338.0,202.0,888.0,134.0,-147.0,1.0,192.0
-371.0,,203.0,294.0,93.0,742.0,134.0,-109.0,13.0,157.0
-395.0,,242.0,304.0,-2.0,590.0,118.0,-88.0,23.0,117.0
-385.0,,259.0,287.0,-76.0,658.0,118.0,-299.0,35.0,86.0
-396.0,,279.0,219.0,-121.0,750.0,129.0,96.0,48.0,44.0
-422.0,,287.0,154.0,-141.0,619.0,167.0,-140.0,67.0,-26.0
-450.0,,300.0,84.0,-140.0,498.0,211.0,129.0,86.0,-96.0
-436.0,,273.0,0.0,-130.0,545.0,199.0,68.0,98.0,-153.0
-416.0,,263.0,-141.0,-102.0,621.0,196.0,-25.0,91.0,-236.0
-392.0,,248.0,-204.0,-49.0,554.0,186.0,182.0,77.0,-330.0
-349.0,,201.0,-267.0,18.0,454.0,160.0,-133.0,63.0,-413.0
-319.0,,186.0,-335.0,65.0,509.0,153.0,203.0,19.0,-485.0
-266.0,,142.0,-321.0,81.0,546.0,153.0,18.0,-20.0,-560.0
-243.0,,127.0,-299.0,64.0,562.0,160.0,118.0,-44.0,-608.0
-227.0,,116.0,-232.0,15.0,448.0,147.0,184.0,-52.0,-600.0
-202.0,,107.0,-123.0,-43.0,381.0,122.0,-38.0,-40.0,-546.0
-206.0,,137.0,-29.0,-106.0,471.0,88.0,256.0,-23.0,-457.0
-175.0,,145.0,38.0,-166.0,386.0,87.0,-66.0,16.0,-367.0
-191.0,,176.0,90.0,-186.0,285.0,103.0,182.0,55.0,-243.0
-217.0,,231.0,112.0,-143.0,231.0,107.0,92.0,112.0,-123.0
-204.0,,258.0,72.0,-59.0,338.0,150.0,31.0,159.0,-53.0
-235.0,,296.0,0.0,34.0,383.0,159.0,256.0,185.0,0.0
-272.0,,347.0,-54.0,106.0,215.0,126.0,-107.0,220.0,-1.0
-328.0,,360.0,-93.0,127.0,248.0,72.0,123.0,221.0,-67.0
-358.0,,386.0,-130.0,95.0,373.0,50.0,-127.0,195.0,-167.0
-365.0,,407.0,-180.0,34.0,304.0,74.0,12.0,144.0,-303.0
-430.0,,393.0,-235.0,-38.0,78.0,46.0,173.0,72.0,-444.0
-460.0,,396.0,-257.0,-104.0,79.0,4.0,22.0,-18.0,-555.0
-458.0,,386.0,-265.0,-143.0,231.0,-40.0,301.0,-114.0,-635.0
-440.0,,365.0,-170.0,-150.0,164.0,-95.0,-84.0,-202.0,-669.0
-448.0,,352.0,16.0,-118.0,20.0,-120.0,83.0,-268.0,-673.0
-432.0,,324.0,148.0,-69.0,1.0,-92.0,9.0,-309.0,-655.0
-365.0,,321.0,209.0,-49.0,100.0,-76.0,-16.0,-336.0,-615.0
-388.0,,313.0,275.0,-73.0,128.0,-93.0,218.0,-327.0,-567.0
-377.0,,291.0,363.0,-108.0,35.0,-109.0,-118.0,-302.0,-525.0
-355.0,,314.0,309.0,-122.0,25.0,-113.0,138.0,-266.0,-502.0
-344.0,,323.0,228.0,-121.0,73.0,-99.0,-103.0,-223.0,-497.0
-319.0,,317.0,200.0,-118.0,10.0,-129.0,-40.0,-189.0,-515.0
-337.0,,337.0,74.0,-125.0,-55.0,-142.0,42.0,-158.0,-551.0
-300.0,,335.0,-41.0,-143.0,-96.0,-125.0,-162.0,-139.0,-598.0
-237.0,,335.0,-152.0,-151.0,-68.0,-114.0,169.0,-141.0,-666.0
-187.0,,334.0,-325.0,-121.0,-4.0,-101.0,-101.0,-157.0,-727.0
-168.0,,323.0,-477.0,-55.0,-154.0,-109.0,112.0,-168.0,-741.0
-130.0,,320.0,-539.0,17.0,-285.0,-106.0,-20.0,-191.0,-755.0
-56.0,,321.0,-469.0,80.0,-208.0,-95.0,-203.0,-222.0,-740.0
-8.0,,316.0,-397.0,132.0,-181.0,-72.0,-22.0,-250.0,-704.0
25.0,,293.0,-424.0,164.0,-310.0,-43.0,-354.0,-262.0,-684.0
76.0,,286.0,-397.0,158.0,-323.0,-48.0,-55.0,-264.0,-648.0
143.0,,253.0,-349.0,114.0,-175.0,-58.0,-234.0,-264.0,-612.0
180.0,,241.0,-388.0,58.0,-137.0,-46.0,-182.0,-238.0,-595.0
179.0,,208.0,-415.0,11.0,-258.0,-54.0,-179.0,-208.0,-618.0
166.0,,148.0,-418.0,-21.0,-363.0,-88.0,-454.0,-181.0,-666.0
211.0,,141.0,-368.0,-45.0,-248.0,-109.0,-145.0,-125.0,-709.0
261.0,,77.0,-307.0,-54.0,-188.0,-143.0,-393.0,-81.0,-725.0
265.0,,31.0,-237.0,-40.0,-349.0,-185.0,-99.0,-49.0,-746.0
262.0,,0.0,-125.0,3.0,-415.0,-172.0,-153.0,-13.0,-763.0
269.0,,-40.0,-79.0,57.0,-365.0,-150.0,-227.0,-5.0,-765.0
318.0,,-52.0,-3.0,79.0,-361.0,-152.0,-35.0,-1.0,-761.0
320.0,,-65.0,61.0,73.0,-440.0,-117.0,-358.0,-2.0,-750.0
262.0,,-101.0,100.0,64.0,-479.0,-56.0,-24.0,-1.0,-769.0
247.0,,-127.0,185.0,57.0,-459.0,-20.0,-249.0,7.0,-776.0
248.0,,-134.0,202.0,41.0,-436.0,2.0,-236.0,20.0,-804.0
210.0,,-171.0,192.0,13.0,-455.0,34.0,-251.0,49.0,-857.0
192.0,,-180.0,145.0,-42.0,-538.0,40.0,-561.0,81.0,-914.0
184.0,,-214.0,24.0,-132.0,-470.0,53.0,-356.0,110.0,-972.0
158.0,,-220.0,-16.0,-219.0,-407.0,66.0,-705.0,130.0,-1000.0
152.0,,-234.0,17.0,-284.0,-502.0,57.0,-500.0,140.0,-1008.0
129.0,,-294.0,-26.0,-315.0,-586.0,65.0,-589.0,137.0,-987.0
108.0,,-286.0,-86.0,-290.0,-621.0,57.0,-604.0,118.0,-922.0
121.0,,-320.0,-41.0,-210.0,-565.0,52.0,-291.0,82.0,-832.0
141.0,,-352.0,-10.0,-106.0,-639.0,71.0,-572.0,53.0,-749.0
146.0,,-341.0,-52.0,14.0,-774.0,97.0,-291.0,36.0,-644.0
170.0,,-346.0,-82.0,133.0,-710.0,132.0,-556.0,-2.0,-550.0
205.0,,-330.0,-69.0,222.0,-665.0,163.0,-500.0,-50.0,-475.0
179.0,,-313.0,-24.0,299.0,-738.0,194.0,-367.0,-93.0,-398.0
167.0,,-286.0,-47.0,357.0,-818.0,200.0,-613.0,-145.0,-357.0
193.0,,-247.0,-74.0,384.0,-755.0,183.0,-358.0,-173.0,-322.0
175.0,,-181.0,-2.0,367.0,-653.0,173.0,-668.0,-181.0,-301.0
128.0,,-121.0,12.0,302.0,-765.0,190.0,-467.0,-183.0,-280.0
88.0,,-75.0,-3.0,220.0,-924.0,222.0,-572.0,-178.0,-273.0
54.0,,4.0,69.0,146.0,-892.0,204.0,-667.0,-162.0,-286.0
-2.0,,39.0,117.0,94.0,-816.0,183.0,-389.0,-133.0,-284.0
-40.0,,73.0,107.0,52.0,-874.0,183.0,-716.0,-94.0,-281.0
-51.0,,75.0,108.0,4.0,-980.0,161.0,-410.0,-35.0,-263.0
-96.0,,47.0,113.0,-46.0,-1016.0,144.0,-578.0,30.0,-205.0
-132.0,,63.0,30.0,-74.0,-1059.0,127.0,-513.0,95.0,-107.0
-156.0,,13.0,-17.0,-73.0,-1109.0,140.0,-436.0,164.0,8.0
-188.0,,-26.0,-1.0,-51.0,-1148.0,179.0,-709.0,222.0,130.0
-197.0,,-52.0,-71.0,-24.0,-1181.0,204.0,-430.0,267.0,253.0
-215.0,,-107.0,-86.0,7.0,-1160.0,208.0,-742.0,291.0,379.0
-268.0,,-144.0,-33.0,49.0,-1147.0,179.0,-491.0,302.0,458.0
-272.0,,-182.0,17.0,78.0,-1181.0,154.0,-495.0,296.0,471.0
-223.0,,-212.0,117.0,96.0,-1287.0,144.0,-600.0,251.0,480.0
-235.0,,-224.0,229.0,95.0,-1269.0,125.0,-397.0,202.0,435.0
-261.0,,-216.0,294.0,75.0,-1245.0,88.0,-763.0,163.0,328.0
-211.0,,-213.0,313.0,44.0,-1416.0,42.0,-511.0,134.0,204.0
-161.0,,-185.0,335.0,-1.0,-1421.0,21.0,-650.0,101.0,64.0
-144.0,,-161.0,344.0,-33.0,-1284.0,2.0,-450.0,60.0,-81.0
-114.0,,-144.0,341.0,-50.0,-1308.0,-4.0,-260.0,27.0,-204.0
-82.0,,-88.0,342.0,-48.0,-1444.0,18.0,-487.0,-3.0,-316.0
-40.0,,-65.0,389.0,-38.0,-1464.0,28.0,-232.0,-17.0,-409.0
14.0,,-32.0,427.0,-38.0,-1356.0,47.0,-565.0,-45.0,-438.0
45.0,,14.0,446.0,-41.0,-1329.0,68.0,-336.0,-96.0,-437.0
45.0,,15.0,518.0,-41.0,-1425.0,67.0,-367.0,-138.0,-386.0
46.0,,58.0,575.0,-24.0,-1456.0,55.0,-439.0,-208.0,-298.0
76.0,,85.0,637.0,-13.0,-1393.0,61.0,-171.0,-293.0,-172.0
85.0,,89.0,609.0,-13.0,-1402.0,88.0,-463.0,-367.0,-16.0
85.0,,115.0,517.0,-9.0,-1477.0,70.0,-169.0,-451.0,102.0
99.0,,106.0,442.0,-13.0,-1515.0,29.0,-373.0,-529.0,205.0
71.0,,104.0,379.0,-23.0,-1489.0,-5.0,-325.0,-585.0,303.0
52.0,,116.0,380.0,-42.0,-1458.0,-23.0,-240.0,-612.0,359.0
75.0,,119.0,320.0,-70.0,-1467.0,-71.0,-469.0,-601.0,355.0
58.0,,137.0,321.0,-93.0,-1496.0,-150.0,-164.0,-561.0,340.0
-13.0,,180.0,359.0,-111.0,-1471.0,-166.0,-434.0,-501.0,299.0
-54.0,,215.0,322.0,-116.0,-1429.0,-147.0,-188.0,-428.0,213.0
-62.0,,251.0,384.0,-109.0,-1435.0,-165.0,-205.0,-370.0,122.0
-106.0,,304.0,480.0,-75.0,-1500.0,-196.0,-251.0,-313.0,45.0
-144.0,,345.0,518.0,-6.0,-1467.0,-190.0,7.0,-267.0,-10.0
-163.0,,385.0,512.0,60.0,-1393.0,-202.0,-308.0,-225.0,-63.0
-206.0,,442.0,461.0,96.0,-1542.0,-212.0,-33.0,-171.0,-107.0
-230.0,,504.0,408.0,86.0,-1601.0,-201.0,-293.0,-129.0,-138.0
-251.0,,570.0,404.0,56.0,-1451.0,-166.0,-303.0,-83.0,-127.0
-297.0,,638.0,383.0,38.0,-1327.0,-151.0,-216.0,-56.0,-91.0
-326.0,,678.0,333.0,45.0,-1398.0,-175.0,-458.0,-35.0,-74.0
-337.0,,735.0,267.0,68.0,-1504.0,-204.0,-83.0,3.0,-65.0
-359.0,,780.0,124.0,67.0,-1374.0,-287.0,-301.0,42.0,-68.0
-409.0,,795.0,33.0,23.0,-1299.0,-340.0,-79.0,80.0,-71.0
-398.0,,814.0,37.0,-55.0,-1389.0,-384.0,-138.0,90.0,-90.0
-384.0,,811.0,-37.0,-138.0,-1398.0,-461.0,-279.0,101.0,-130.0
-423.0,,783.0,-89.0,-207.0,-1304.0,-520.0,-25.0,107.0,-170.0
-449.0,,760.0,-30.0,-249.0,-1282.0,-543.0,-343.0,94.0,-220.0
-444.0,,727.0,20.0,-254.0,-1339.0,-553.0,-7.0,79.0,-299.0
-415.0,,672.0,64.0,-229.0,-1373.0,-583.0,-147.0,47.0,-385.0
-410.0,,658.0,66.0,-172.0,-1289.0,-587.0,-48.0,22.0,-471.0
-416.0,,614.0,113.0,-107.0,-1144.0,-570.0,120.0,18.0,-567.0
-432.0,,566.0,211.0,-39.0,-1133.0,-553.0,-157.0,31.0,-632.0
-411.0,,536.0,307.0,19.0,-1237.0,-554.0,125.0,51.0,-669.0
-382.0,,463.0,450.0,30.0,-1268.0,-535.0,-219.0,85.0,-674.0
-399.0,,414.0,539.0,11.0,-1079.0,-503.0,-20.0,127.0,-639.0
-356.0,,347.0,568.0,-20.0,-1015.0,-489.0,-20.0,144.0,-617.0
-274.0,,272.0,553.0,-59.0,-1112.0,-485.0,-84.0,160.0,-586.0
-241.0,,235.0,520.0,-90.0,-1070.0,-483.0,253.0,172.0,-541.0
-249.0,,188.0,470.0,-115.0,-939.0,-493.0,-59.0,170.0,-499.0
-218.0,,132.0,402.0,-123.0,-899.0,-523.0,219.0,181.0,-449.0
-158.0,,116.0,360.0,-98.0,-992.0,-500.0,1.0,177.0,-396.0
-146.0,,102.0,273.0,-47.0,-923.0,-467.0,29.0,149.0,-362.0
-138.0,,82.0,157.0,11.0,-822.0,-486.0,182.0,122.0,-319.0
-98.0,,77.0,58.0,68.0,-851.0,-526.0,-68.0,80.0,-280.0
-61.0,,58.0,44.0,113.0,-905.0,-546.0,282.0,30.0,-276.0
-17.0,,70.0,87.0,153.0,-854.0,-569.0,64.0,-12.0,-256.0
13.0,,67.0,91.0,201.0,-711.0,-590.0,256.0,-49.0,-211.0
36.0,,71.0,131.0,246.0,-711.0,-609.0,166.0,-58.0,-181.0
107.0,,96.0,162.0,260.0,-698.0,-651.0,-20.0,-44.0,-147.0
180.0,,114.0,167.0,213.0,-605.0,-659.0,157.0,-33.0,-138.0
210.0,,147.0,148.0,99.0,-477.0,-650.0,-197.0,7.0,-168.0
252.0,,170.0,58.0,-38.0,-440.0,-673.0,114.0,78.0,-165.0
335.0,,195.0,34.0,-156.0,-521.0,-701.0,-51.0,167.0,-175.0
396.0,,217.0,51.0,-244.0,-463.0,-721.0,11.0,282.0,-192.0
420.0,,229.0,51.0,-284.0,-322.0,-723.0,203.0,394.0,-180.0
489.0,,236.0,96.0,-279.0,-284.0,-712.0,-31.0,516.0,-183.0
567.0,,253.0,164.0,-279.0,-340.0,-710.0,279.0,625.0,-176.0
599.0,,269.0,259.0,-295.0,-326.0,-687.0,-12.0,684.0,-153.0
638.0,,276.0,376.0,-309.0,-244.0,-674.0,144.0,722.0,-140.0
676.0,,269.0,479.0,-300.0,-185.0,-665.0,114.0,735.0,-103.0
690.0,,266.0,566.0,-264.0,-217.0,-650.0,-16.0,701.0,-49.0
708.0,,270.0,664.0,-211.0,-220.0,-657.0,230.0,658.0,-7.0
700.0,,250.0,738.0,-158.0,-73.0,-646.0,-97.0,614.0,63.0
673.0,,231.0,813.0,-109.0,-21.0,-664.0,182.0,549.0,175.0
675.0,,191.0,899.0,-69.0,-66.0,-679.0,55.0,491.0,273.0
669.0,,138.0,861.0,-48.0,-26.0,-690.0,129.0,426.0,349.0
614.0,,79.0,689.0,-37.0,56.0,-735.0,253.0,356.0,436.0
576.0,,13.0,655.0,-30.0,116.0,-727.0,-42.0,321.0,507.0
575.0,,-44.0,777.0,-20.0,39.0,-700.0,306.0,284.0,572.0
521.0,,-105.0,833.0,-7.0,-42.0,-698.0,103.0,259.0,647.0
452.0,,-154.0,906.0,3.0,41.0,-712.0,362.0,234.0,676.0
433.0,,-202.0,947.0,15.0,76.0,-697.0,413.0,195.0,692.0
425.0,,-224.0,952.0,10.0,93.0,-652.0,293.0,171.0,688.0
398.0,,-244.0,1059.0,-8.0,131.0,-612.0,559.0,133.0,645.0
385.0,,-249.0,1036.0,-7.0,145.0,-565.0,206.0,105.0,608.0
411.0,,-236.0,889.0,29.0,138.0,-542.0,437.0,81.0,562.0
424.0,,-237.0,800.0,87.0,22.0,-494.0,245.0,60.0,496.0
416.0,,-194.0,716.0,147.0,23.0,-437.0,273.0,32.0,425.0
429.0,,-164.0,692.0,196.0,150.0,-398.0,485.0,-13.0,361.0
449.0,,-149.0,705.0,212.0,164.0,-403.0,249.0,-27.0,308.0
438.0,,-115.0,710.0,200.0,90.0,-445.0,567.0,-46.0,280.0
389.0,,-87.0,679.0,174.0,25.0,-425.0,321.0,-53.0,253.0
340.0,,-66.0,627.0,135.0,41.0,-433.0,533.0,-34.0,241.0
292.0,,-58.0,633.0,71.0,67.0,-453.0,582.0,-3.0,242.0
208.0,,-45.0,571.0,-23.0,29.0,-443.0,428.0,41.0,242.0
106.0,,-36.0,501.0,-115.0,-33.0,-456.0,729.0,94.0,278.0
19.0,,-43.0,472.0,-174.0,2.0,-462.0,473.0,131.0,344.0
-39.0,,-45.0,428.0,-177.0,87.0,-459.0,770.0,131.0,457.0
-110.0,,-50.0,388.0,-130.0,-24.0,-450.0,596.0,121.0,623.0
-207.0,,-35.0,289.0,-58.0,-155.0,-433.0,522.0,94.0,792.0
-271.0,,-28.0,266.0,9.0,-137.0,-407.0,648.0,69.0,960.0
-305.0,,-39.0,346.0,59.0,-69.0,-350.0,354.0,43.0,1098.0
-353.0,,-18.0,375.0,82.0,-105.0,-255.0,694.0,17.0,1198.0
-396.0,,-30.0,480.0,47.0,-258.0,-227.0,497.0,0.0,1310.0
-430.0,,-33.0,552.0,-34.0,-187.0,-222.0,667.0,-22.0,1374.0
-451.0,,-7.0,485.0,-110.0,-102.0,-170.0,679.0,-31.0,1374.0
-454.0,,-2.0,493.0,-147.0,-189.0,-147.0,461.0,-38.0,1365.0
-472.0,,21.0,520.0,-128.0,-203.0,-133.0,646.0,-32.0,1311.0
-475.0,,50.0,576.0,-75.0,-188.0,-127.0,328.0,-35.0,1208.0
-453.0,,62.0,671.0,-7.0,-143.0,-126.0,639.0,-43.0,1092.0
-420.0,,97.0,740.0,59.0,-182.0,-134.0,517.0,-40.0,973.0
-411.0,,118.0,747.0,108.0,-308.0,-148.0,543.0,-37.0,877.0
-379.0,,114.0,640.0,138.0,-304.0,-130.0,722.0,-35.0,830.0
-295.0,,151.0,581.0,127.0,-262.0,-144.0,386.0,-35.0,845.0
-264.0,,175.0,636.0,96.0,-339.0,-169.0,681.0,-8.0,912.0
-247.0,,197.0,698.0,87.0,-448.0,-138.0,408.0,1.0,994.0
-194.0,,232.0,660.0,105.0,-422.0,-90.0,574.0,0.0,1073.0
-136.0,,231.0,613.0,100.0,-308.0,-59.0,691.0,12.0,1134.0
-117.0,,222.0,623.0,50.0,-272.0,-14.0,519.0,0.0,1187.0
-105.0,,209.0,600.0,-13.0,-377.0,74.0,746.0,-21.0,1205.0
-46.0,,162.0,572.0,-51.0,-467.0,177.0,380.0,-46.0,1171.0
5.0,,100.0,615.0,-32.0,-407.0,221.0,583.0,-66.0,1108.0
2.0,,68.0,641.0,6.0,-360.0,248.0,384.0,-80.0,1014.0
8.0,,22.0,536.0,20.0,-434.0,274.0,352.0,-97.0,927.0
52.0,,-31.0,467.0,9.0,-485.0,275.0,572.0,-128.0,842.0
76.0,,-57.0,410.0,-6.0,-431.0,283.0,267.0,-159.0,725.0
78.0,,-84.0,330.0,-8.0,-422.0,290.0,559.0,-180.0,624.0
45.0,,-109.0,311.0,0.0,-500.0,305.0,279.0,-200.0,535.0
53.0,,-116.0,307.0,-6.0,-536.0,286.0,421.0,-210.0,407.0
70.0,,-129.0,310.0,-13.0,-484.0,258.0,517.0,-222.0,312.0
10.0,,-122.0,373.0,-3.0,-495.0,241.0,343.0,-221.0,286.0
-47.0,,-110.0,490.0,16.0,-540.0,210.0,611.0,-212.0,285.0
-69.0,,-147.0,442.0,29.0,-518.0,221.0,299.0,-198.0,318.0
-89.0,,-138.0,420.0,16.0,-495.0,230.0,565.0,-188.0,378.0
-152.0,,-147.0,526.0,-6.0,-511.0,243.0,443.0,-174.0,450.0
-176.0,,-174.0,622.0,-19.0,-549.0,279.0,426.0,-152.0,542.0
-177.0,,-153.0,667.0,-26.0,-447.0,274.0,606.0,-151.0,610.0
-205.0,,-180.0,567.0,-42.0,-369.0,282.0,301.0,-151.0,641.0
-221.0,,-172.0,547.0,-92.0,-421.0,299.0,596.0,-158.0,653.0
-244.0,,-152.0,602.0,-169.0,-440.0,304.0,341.0,-168.0,626.0
-283.0,,-182.0,661.0,-241.0,-433.0,332.0,506.0,-183.0,581.0
-330.0,,-182.0,735.0,-279.0,-356.0,349.0,526.0,-191.0,505.0
-358.0,,-186.0,783.0,-293.0,-364.0,365.0,328.0,-183.0,393.0
-417.0,,-224.0,905.0,-282.0,-439.0,384.0,620.0,-169.0,265.0
-474.0,,-238.0,919.0,-214.0,-475.0,396.0,301.0,-144.0,122.0
-477.0,,-255.0,839.0,-101.0,-425.0,408.0,546.0,-118.0,-35.0
-502.0,,-280.0,778.0,33.0,-333.0,421.0,412.0,-71.0,-176.0
-552.0,,-290.0,607.0,153.0,-388.0,456.0,421.0,-20.0,-259.0
-577.0,,-325.0,403.0,213.0,-404.0,479.0,611.0,28.0,-276.0
-553.0,,-346.0,281.0,205.0,-287.0,486.0,327.0,88.0,-233.0
-577.0,,-349.0,154.0,163.0,-175.0,498.0,672.0,146.0,-172.0
-610.0,,-363.0,20.0,127.0,-222.0,480.0,428.0,223.0,-114.0
-558.0,,-368.0,60.0,93.0,-310.0,456.0,598.0,307.0,-34.0
-508.0,,-386.0,127.0,55.0,-225.0,459.0,685.0,386.0,48.0
-501.0,,-392.0,111.0,3.0,-143.0,458.0,545.0,474.0,82.0
-482.0,,-385.0,193.0,-45.0,-158.0,450.0,846.0,544.0,103.0
-434.0,,-372.0,237.0,-52.0,-155.0,473.0,506.0,576.0,112.0
-392.0,,-358.0,220.0,-36.0,-73.0,506.0,726.0,602.0,95.0
-370.0,,-358.0,303.0,-14.0,-20.0,515.0,563.0,613.0,70.0
-364.0,,-320.0,328.0,-6.0,-129.0,507.0,521.0,583.0,14.0
-347.0,,-317.0,282.0,-6.0,-164.0,488.0,720.0,542.0,-48.0
-289.0,,-304.0,354.0,13.0,-137.0,493.0,497.0,498.0,-120.0
-235.0,,-252.0,468.0,53.0,-138.0,522.0,892.0,427.0,-213.0
-218.0,,-251.0,523.0,83.0,-112.0,539.0,698.0,335.0,-273.0
-185.0,,-222.0,548.0,94.0,-203.0,542.0,881.0,241.0,-295.0
-133.0,,-193.0,493.0,99.0,-152.0,574.0,914.0,143.0,-320.0
-100.0,,-174.0,439.0,94.0,2.0,612.0,703.0,42.0,-303.0
-97.0,,-139.0,519.0,91.0,-19.0,609.0,994.0,-39.0,-241.0
-91.0,,-128.0,572.0,91.0,-92.0,642.0,685.0,-111.0,-192.0
-80.0,,-110.0,555.0,85.0,-107.0,685.0,901.0,-170.0,-135.0
-100.0,,-97.0,597.0,66.0,-16.0,685.0,727.0,-212.0,-71.0
-122.0,,-83.0,644.0,30.0,-12.0,670.0,678.0,-232.0,-23.0
-164.0,,-58.0,616.0,-7.0,-83.0,657.0,822.0,-238.0,40.0
-245.0,,-51.0,570.0,-32.0,-62.0,649.0,526.0,-259.0,96.0
-301.0,,-45.0,552.0,-59.0,-9.0,638.0,837.0,-255.0,128.0
-351.0,,-43.0,480.0,-107.0,-13.0,643.0,567.0,-227.0,173.0
-403.0,,-57.0,389.0,-155.0,-73.0,640.0,703.0,-180.0,210.0
-423.0,,-77.0,319.0,-184.0,-33.0,609.0,718.0,-127.0,269.0
-464.0,,-105.0,243.0,-197.0,-5.0,587.0,509.0,-79.0,343.0
-524.0,,-134.0,152.0,-196.0,-75.0,571.0,811.0,-9.0,401.0
-526.0,,-153.0,140.0,-179.0,-115.0,539.0,539.0,36.0,452.0
-493.0,,-167.0,230.0,-132.0,-114.0,507.0,803.0,71.0,528.0
-533.0,,-176.0,283.0,-58.0,-2.0,503.0,648.0,95.0,607.0
-603.0,,-178.0,349.0,43.0,20.0,537.0,591.0,96.0,644.0
-611.0,,-187.0,426.0,171.0,-31.0,575.0,768.0,98.0,684.0
-592.0,,-205.0,469.0,279.0,29.0,582.0,478.0,75.0,685.0
-599.0,,-224.0,547.0,315.0,55.0,573.0,787.0,39.0,674.0
-642.0,,-236.0,540.0,264.0,54.0,569.0,502.0,6.0,647.0
-636.0,,-256.0,439.0,160.0,-19.0,578.0,578.0,-67.0,583.0
-575.0,,-257.0,418.0,46.0,-10.0,601.0,594.0,-158.0,576.0
-565.0,,-264.0,442.0,-58.0,85.0,581.0,356.0,-258.0,567.0
-585.0,,-277.0,369.0,-143.0,69.0,526.0,580.0,-374.0,561.0
-564.0,,-245.0,256.0,-177.0,81.0,524.0,243.0,-477.0,578.0
-509.0,,-253.0,241.0,-162.0,20.0,509.0,498.0,-590.0,569.0
-491.0,,-255.0,200.0,-115.0,-6.0,487.0,395.0,-691.0,566.0
-528.0,,-252.0,187.0,-45.0,84.0,488.0,388.0,-781.0,560.0
-513.0,,-285.0,265.0,13.0,87.0,478.0,607.0,-842.0,553.0
-446.0,,-289.0,314.0,29.0,75.0,506.0,343.0,-869.0,546.0
-464.0,,-325.0,356.0,17.0,79.0,521.0,642.0,-889.0,516.0
-516.0,,-379.0,390.0,-5.0,58.0,530.0,325.0,-860.0,488.0
-509.0,,-429.0,406.0,-22.0,24.0,559.0,417.0,-806.0,447.0
-500.0,,-493.0,314.0,-26.0,-2.0,589.0,463.0,-726.0,394.0
-518.0,,-536.0,279.0,-35.0,22.0,607.0,280.0,-620.0,367.0
-539.0,,-571.0,317.0,-46.0,9.0,598.0,552.0,-498.0,339.0
-543.0,,-613.0,332.0,-50.0,-56.0,599.0,236.0,-355.0,309.0
-523.0,,-633.0,397.0,-44.0,-60.0,587.0,491.0,-215.0,265.0
-526.0,,-635.0,368.0,-52.0,-8.0,573.0,336.0,-63.0,205.0
-568.0,,-643.0,350.0,-93.0,0.0,550.0,284.0,92.0,152.0
-569.0,,-635.0,442.0,-138.0,-25.0,501.0,461.0,225.0,89.0
-545.0,,-637.0,531.0,-171.0,24.0,478.0,208.0,330.0,15.0
-564.0,,-638.0,563.0,-192.0,81.0,466.0,528.0,408.0,-75.0
-563.0,,-632.0,546.0,-206.0,56.0,463.0,238.0,470.0,-162.0
-525.0,,-624.0,536.0,-211.0,-16.0,472.0,334.0,493.0,-240.0
-483.0,,-599.0,519.0,-205.0,-66.0,443.0,306.0,499.0,-314.0
-477.0,,-592.0,469.0,-188.0,-46.0,377.0,97.0,478.0,-360.0
-460.0,,-562.0,402.0,-175.0,-27.0,367.0,347.0,424.0,-362.0
-374.0,,-527.0,391.0,-178.0,-69.0,385.0,-5.0,364.0,-340.0
-324.0,,-516.0,448.0,-192.0,-104.0,373.0,221.0,293.0,-281.0
-328.0,,-488.0,447.0,-207.0,-87.0,397.0,73.0,232.0,-169.0
-304.0,,-475.0,450.0,-208.0,-56.0,416.0,42.0,163.0,-51.0
-218.0,,-472.0,509.0,-189.0,-62.0,405.0,195.0,88.0,98.0
-166.0,,-471.0,567.0,-157.0,-84.0,405.0,-92.0,13.0,227.0
-158.0,,-488.0,671.0,-116.0,-49.0,405.0,208.0,-72.0,311.0
-138.0,,-493.0,692.0,-82.0,-11.0,397.0,-53.0,-137.0,396.0
-105.0,,-495.0,649.0,-58.0,-83.0,375.0,35.0,-195.0,415.0
-53.0,,-503.0,634.0,-32.0,-156.0,328.0,-33.0,-255.0,376.0
-63.0,,-498.0,608.0,8.0,-116.0,294.0,-264.0,-296.0,296.0
-96.0,,-504.0,599.0,65.0,-112.0,291.0,-33.0,-303.0,186.0
-50.0,,-518.0,678.0,111.0,-159.0,274.0,-352.0,-283.0,58.0
2.0,,-515.0,814.0,138.0,-179.0,259.0,-38.0,-261.0,-81.0
-28.0,,-526.0,885.0,136.0,-173.0,230.0,-181.0,-225.0,-231.0
-65.0,,-537.0,941.0,114.0,-103.0,216.0,-225.0,-164.0,-356.0
-32.0,,-535.0,920.0,109.0,-142.0,216.0,-96.0,-90.0,-434.0
-8.0,,-560.0,868.0,118.0,-196.0,205.0,-458.0,-19.0,-497.0
-42.0,,-561.0,814.0,137.0,-169.0,236.0,-179.0,47.0,-557.0
-72.0,,-553.0,736.0,165.0,-199.0,242.0,-476.0,127.0,-609.0
-74.0,,-575.0,674.0,185.0,-179.0,254.0,-378.0,186.0,-640.0
-72.0,,-573.0,510.0,186.0,-204.0,269.0,-376.0,219.0,-687.0
-59.0,,-567.0,442.0,167.0,-222.0,263.0,-533.0,253.0,-758.0
-74.0,,-577.0,361.0,140.0,-178.0,291.0,-262.0,267.0,-870.0
-72.0,,-577.0,198.0,110.0,-237.0,300.0,-617.0,268.0,-974.0
-13.0,,-574.0,176.0,81.0,-281.0,283.0,-393.0,248.0,-1088.0
13.0,,-569.0,51.0,57.0,-239.0,264.0,-613.0,223.0,-1222.0
12.0,,-562.0,-29.0,38.0,-175.0,274.0,-683.0,212.0,-1301.0
48.0,,-570.0,27.0,27.0,-199.0,264.0,-508.0,167.0,-1375.0
101.0,,-548.0,48.0,29.0,-290.0,230.0,-718.0,100.0,-1388.0
147.0,,-513.0,113.0,51.0,-238.0,204.0,-352.0,29.0,-1335.0
155.0,,-496.0,169.0,85.0,-102.0,165.0,-644.0,-55.0,-1264.0
178.0,,-465.0,245.0,119.0,-91.0,137.0,-500.0,-122.0,-1186.0
235.0,,-429.0,318.0,138.0,-166.0,106.0,-513.0,-180.0,-1096.0
213.0,,-390.0,381.0,128.0,-190.0,87.0,-720.0,-251.0,-978.0
187.0,,-346.0,426.0,88.0,-184.0,74.0,-417.0,-309.0,-865.0
177.0,,-322.0,425.0,22.0,-217.0,54.0,-705.0,-362.0,-783.0
159.0,,-283.0,431.0,-44.0,-238.0,70.0,-424.0,-411.0,-747.0
137.0,,-232.0,395.0,-79.0,-219.0,92.0,-630.0,-456.0,-780.0
81.0,,-221.0,349.0,-67.0,-121.0,92.0,-687.0,-500.0,-838.0
43.0,,-189.0,218.0,-16.0,-62.0,119.0,-556.0,-535.0,-922.0
39.0,,-181.0,89.0,51.0,-115.0,158.0,-844.0,-544.0,-1084.0
17.0,,-181.0,-13.0,115.0,-85.0,150.0,-441.0,-506.0,-1249.0
-65.0,,-180.0,-92.0,167.0,-27.0,154.0,-635.0,-454.0,-1438.0
-83.0,,-212.0,-61.0,207.0,10.0,162.0,-382.0,-389.0,-1577.0
-66.0,,-201.0,-80.0,229.0,-47.0,186.0,-306.0,-308.0,-1628.0
-109.0,,-252.0,-142.0,225.0,-104.0,222.0,-469.0,-225.0,-1687.0
-156.0,,-282.0,-222.0,199.0,-48.0,201.0,-225.0,-148.0,-1699.0
-192.0,,-284.0,-192.0,166.0,-64.0,204.0,-545.0,-82.0,-1661.0
-183.0,,-349.0,-119.0,141.0,-54.0,238.0,-291.0,-11.0,-1629.0
-184.0,,-346.0,-137.0,120.0,-63.0,236.0,-502.0,39.0,-1637.0
-226.0,,-357.0,-112.0,101.0,9.0,208.0,-458.0,76.0,-1628.0
-265.0,,-387.0,-71.0,87.0,143.0,186.0,-304.0,113.0,-1629.0
-257.0,,-382.0,0.0,68.0,136.0,175.0,-545.0,136.0,-1627.0
-225.0,,-374.0,32.0,45.0,143.0,137.0,-197.0,164.0,-1599.0
-228.0,,-369.0,86.0,26.0,171.0,95.0,-526.0,177.0,-1562.0
-226.0,,-370.0,231.0,22.0,178.0,105.0,-341.0,172.0,-1474.0
-192.0,,-345.0,216.0,25.0,81.0,122.0,-330.0,151.0,-1397.0
-148.0,,-321.0,137.0,16.0,4.0,115.0,-450.0,94.0,-1284.0
-148.0,,-291.0,170.0,3.0,31.0,118.0,-182.0,42.0,-1146.0
-149.0,,-284.0,162.0,-4.0,33.0,141.0,-533.0,-22.0,-997.0
-106.0,,-256.0,75.0,-23.0,8.0,160.0,-293.0,-102.0,-846.0
-81.0,,-223.0,0.0,-80.0,-22.0,168.0,-519.0,-190.0,-737.0
-85.0,,-211.0,-18.0,-158.0,62.0,207.0,-489.0,-300.0,-662.0
-89.0,,-175.0,-128.0,-239.0,157.0,211.0,-349.0,-394.0,-650.0
-99.0,,-156.0,-329.0,-311.0,43.0,177.0,-639.0,-492.0,-648.0
-113.0,,-120.0,-399.0,-340.0,-40.0,143.0,-308.0,-570.0,-683.0
-139.0,,-96.0,-401.0,-311.0,-9.0,103.0,-596.0,-618.0,-746.0
-214.0,,-69.0,-383.0,-230.0,-14.0,74.0,-417.0,-660.0,-799.0
-265.0,,-54.0,-332.0,-150.0,22.0,18.0,-428.0,-677.0,-839.0
-260.0,,-35.0,-218.0,-106.0,-17.0,-39.0,-565.0,-685.0,-883.0
-281.0,,2.0,-85.0,-86.0,-29.0,-80.0,-301.0,-683.0,-903.0
-323.0,,17.0,10.0,-54.0,0.0,-110.0,-558.0,-662.0,-908.0
-347.0,,34.0,91.0,1.0,-102.0,-113.0,-218.0,-628.0,-917.0
-346.0,,64.0,138.0,62.0,-164.0,-101.0,-399.0,-590.0,-874.0
-346.0,,106.0,227.0,126.0,-179.0,-88.0,-384.0,-549.0,-841.0
-355.0,,130.0,345.0,175.0,-115.0,-73.0,-317.0,-492.0,-762.0
-370.0,,160.0,443.0,187.0,-71.0,-68.0,-565.0,-419.0,-670.0
-361.0,,167.0,503.0,139.0,-169.0,-59.0,-227.0,-341.0,-592.0
-328.0,,172.0,508.0,32.0,-215.0,-73.0,-502.0,-256.0,-502.0
-307.0,,181.0,471.0,-110.0,-125.0,-99.0,-258.0,-170.0,-428.0
-281.0,,159.0,446.0,-256.0,-114.0,-76.0,-303.0,-111.0,-336.0
-283.0,,163.0,484.0,-345.0,-179.0,-73.0,-421.0,-71.0,-272.0
-278.0,,143.0,487.0,-370.0,-139.0,-87.0,-171.0,-34.0,-225.0
-260.0,,112.0,446.0,-340.0,-100.0,-91.0,-524.0,-5.0,-194.0
-284.0,,88.0,487.0,-256.0,-95.0,-138.0,-229.0,12.0,-172.0
-306.0,,58.0,470.0,-141.0,-179.0,-193.0,-393.0,11.0,-194.0
-317.0,,38.0,390.0,-19.0,-257.0,-220.0,-328.0,-13.0,-249.0
-342.0,,3.0,377.0,83.0,-171.0,-229.0,-192.0,-50.0,-276.0
-357.0,,-39.0,305.0,152.0,-133.0,-229.0,-399.0,-102.0,-317.0
-359.0,,-69.0,287.0,191.0,-165.0,-215.0,-114.0,-176.0,-353.0
-351.0,,-67.0,335.0,211.0,-181.0,-199.0,-448.0,-260.0,-351.0
-328.0,,-80.0,367.0,203.0,-246.0,-207.0,-251.0,-337.0,-312.0
-339.0,,-77.0,413.0,157.0,-255.0,-224.0,-264.0,-400.0,-251.0
-322.0,,-58.0,412.0,92.0,-250.0,-204.0,-284.0,-455.0,-142.0
-226.0,,-35.0,435.0,32.0,-279.0,-189.0,-31.0,-481.0,-11.0
-153.0,,6.0,554.0,-13.0,-202.0,-198.0,-389.0,-474.0,93.0
-131.0,,54.0,674.0,-48.0,-207.0,-183.0,-184.0,-443.0,184.0
-99.0,,105.0,731.0,-75.0,-250.0,-178.0,-498.0,-397.0,223.0
-27.0,,153.0,771.0,-97.0,-241.0,-173.0,-432.0,-333.0,212.0
41.0,,212.0,815.0,-120.0,-198.0,-178.0,-254.0,-252.0,183.0
50.0,,232.0,860.0,-133.0,-97.0,-191.0,-412.0,-168.0,100.0
27.0,,267.0,840.0,-123.0,-141.0,-179.0,-53.0,-88.0,1.0
53.0,,273.0,822.0,-107.0,-102.0,-182.0,-384.0,-24.0,-77.0
118.0,,247.0,743.0,-96.0,-22.0,-136.0,-253.0,36.0,-184.0
153.0,,223.0,657.0,-91.0,-98.0,-98.0,-363.0,96.0,-276.0
138.0,,168.0,676.0,-102.0,-131.0,-115.0,-448.0,132.0,-365.0
172.0,,149.0,569.0,-115.0,-65.0,-91.0,-169.0,141.0,-434.0
226.0,,115.0,487.0,-120.0,83.0,-87.0,-395.0,138.0,-459.0
212.0,,100.0,512.0,-119.0,104.0,-84.0,-20.0,124.0,-488.0
190.0,,80.0,426.0,-89.0,35.0,-88.0,-212.0,92.0,-486.0
189.0,,59.0,228.0,-44.0,-3.0,-134.0,-142.0,73.0,-430.0
192.0,,57.0,102.0,-4.0,-6.0,-169.0,-92.0,47.0,-369.0
129.0,,39.0,58.0,42.0,18.0,-216.0,-417.0,11.0,-319.0
38.0,,53.0,-58.0,121.0,-7.0,-238.0,-168.0,-18.0,-251.0
19.0,,33.0,-134.0,228.0,41.0,-248.0,-519.0,-53.0,-196.0
17.0,,39.0,-96.0,322.0,78.0,-257.0,-371.0,-85.0,-176.0
-14.0,,59.0,10.0,378.0,77.0,-245.0,-460.0,-121.0,-172.0
-83.0,,31.0,79.0,378.0,52.0,-218.0,-533.0,-147.0,-168.0
-132.0,,41.0,80.0,335.0,-9.0,-176.0,-303.0,-161.0,-180.0
-116.0,,46.0,116.0,279.0,71.0,-167.0,-630.0,-170.0,-207.0
-120.0,,34.0,114.0,194.0,165.0,-149.0,-360.0,-181.0,-246.0
-136.0,,37.0,117.0,88.0,184.0,-119.0,-569.0,-200.0,-256.0
-97.0,,39.0,251.0,0.0,152.0,-117.0,-452.0,-221.0,-246.0
-31.0,,58.0,301.0,-49.0,118.0,-89.0,-358.0,-239.0,-242.0
28.0,,71.0,251.0,-61.0,158.0,-62.0,-587.0,-246.0,-206.0
30.0,,85.0,313.0,-66.0,177.0,-75.0,-323.0,-260.0,-152.0
68.0,,115.0,373.0,-95.0,168.0,-79.0,-661.0,-280.0,-66.0
155.0,,142.0,380.0,-162.0,210.0,-70.0,-447.0,-284.0,6.0
142.0,,129.0,332.0,-245.0,253.0,-70.0,-550.0,-282.0,101.0
115.0,,146.0,255.0,-307.0,210.0,-68.0,-626.0,-279.0,174.0
134.0,,181.0,123.0,-325.0,171.0,-64.0,-432.0,-280.0,216.0
201.0,,166.0,-72.0,-294.0,159.0,-65.0,-779.0,-293.0,246.0
236.0,,208.0,-119.0,-223.0,171.0,-81.0,-533.0,-298.0,221.0
200.0,,229.0,-134.0,-123.0,117.0,-96.0,-822.0,-302.0,185.0
219.0,,236.0,-220.0,-16.0,22.0,-93.0,-735.0,-305.0,103.0
257.0,,268.0,-220.0,79.0,76.0,-78.0,-652.0,-302.0,32.0
299.0,,257.0,-215.0,152.0,81.0,-54.0,-774.0,-300.0,-48.0
281.0,,272.0,-217.0,196.0,6.0,-59.0,-404.0,-293.0,-99.0
256.0,,278.0,-150.0,209.0,70.0,-74.0,-729.0,-282.0,-145.0
311.0,,264.0,-80.0,197.0,141.0,-60.0,-508.0,-271.0,-208.0
314.0,,253.0,-4.0,168.0,166.0,-85.0,-661.0,-265.0,-261.0
285.0,,255.0,93.0,128.0,204.0,-131.0,-709.0,-252.0,-332.0
260.0,,263.0,193.0,84.0,139.0,-133.0,-478.0,-253.0,-347.0
286.0,,272.0,197.0,34.0,182.0,-138.0,-727.0,-259.0,-389.0
329.0,,295.0,113.0,-16.0,223.0,-150.0,-362.0,-239.0,-402.0
311.0,,319.0,77.0,-63.0,96.0,-182.0,-642.0,-211.0,-390.0
284.0,,350.0,82.0,-121.0,75.0,-195.0,-569.0,-170.0,-383.0
304.0,,396.0,99.0,-167.0,31.0,-202.0,-570.0,-108.0,-355.0
353.0,,425.0,83.0,-184.0,53.0,-248.0,-731.0,-14.0,-315.0
355.0,,431.0,55.0,-180.0,93.0,-289.0,-391.0,87.0,-225.0
335.0,,464.0,76.0,-164.0,1.0,-338.0,-672.0,189.0,-170.0
355.0,,470.0,79.0,-138.0,-37.0,-374.0,-363.0,304.0,-112.0
425.0,,461.0,51.0,-113.0,-14.0,-405.0,-485.0,405.0,-11.0
441.0,,440.0,70.0,-104.0,-2.0,-434.0,-537.0,498.0,95.0
390.0,,386.0,113.0,-89.0,-50.0,-443.0,-421.0,572.0,220.0
406.0,,344.0,96.0,-50.0,-21.0,-443.0,-807.0,620.0,317.0
442.0,,262.0,29.0,-7.0,2.0,-443.0,-583.0,657.0,393.0
419.0,,194.0,30.0,26.0,-16.0,-434.0,-833.0,652.0,450.0
360.0,,139.0,83.0,57.0,-43.0,-410.0,-624.0,608.0,500.0
363.0,,60.0,75.0,90.0,-45.0,-398.0,-515.0,555.0,523.0
400.0,,-7.0,113.0,112.0,41.0,-406.0,-618.0,470.0,556.0
374.0,,-68.0,148.0,107.0,-13.0,-426.0,-363.0,373.0,570.0
340.0,,-127.0,5.0,58.0,-57.0,-444.0,-744.0,284.0,546.0
340.0,,-185.0,-121.0,-14.0,-9.0,-453.0,-484.0,181.0,583.0
383.0,,-215.0,-159.0,-66.0,12.0,-448.0,-589.0,80.0,568.0
373.0,,-254.0,-290.0,-71.0,21.0,-479.0,-576.0,-12.0,551.0
316.0,,-260.0,-363.0,-26.0,-71.0,-518.0,-325.0,-105.0,536.0
316.0,,-239.0,-312.0,38.0,-53.0,-511.0,-594.0,-203.0,494.0
369.0,,-232.0,-310.0,102.0,34.0,-481.0,-301.0,-289.0,498.0
417.0,,-187.0,-242.0,128.0,-25.0,-450.0,-598.0,-347.0,482.0
375.0,,-155.0,-100.0,94.0,-104.0,-469.0,-532.0,-381.0,439.0
358.0,,-129.0,37.0,30.0,-108.0,-476.0,-558.0,-373.0,404.0
403.0,,-102.0,184.0,-58.0,7.0,-464.0,-746.0,-321.0,393.0
389.0,,-81.0,314.0,-166.0,17.0,-504.0,-436.0,-244.0,373.0
354.0,,-45.0,442.0,-259.0,-114.0,-509.0,-744.0,-163.0,349.0
333.0,,-17.0,565.0,-306.0,-70.0,-492.0,-495.0,-49.0,328.0
315.0,,-2.0,602.0,-305.0,12.0,-507.0,-672.0,64.0,316.0
328.0,,26.0,515.0,-274.0,-12.0,-538.0,-674.0,163.0,297.0
300.0,,33.0,446.0,-215.0,-85.0,-548.0,-447.0,274.0,260.0
235.0,,23.0,353.0,-138.0,-120.0,-522.0,-731.0,371.0,219.0
210.0,,34.0,221.0,-54.0,-108.0,-537.0,-397.0,466.0,133.0
206.0,,15.0,-16.0,21.0,-142.0,-549.0,-655.0,539.0,74.0
184.0,,-4.0,-192.0,69.0,-174.0,-528.0,-522.0,584.0,27.0
143.0,,-19.0,-346.0,72.0,-171.0,-537.0,-513.0,613.0,4.0
136.0,,-30.0,-595.0,36.0,-102.0,-542.0,-698.0,604.0,28.0
130.0,,-43.0,-351.0,-22.0,-138.0,-529.0,-410.0,574.0,64.0
126.0,,-68.0,-352.0,-75.0,-223.0,-520.0,-705.0,533.0,171.0
137.0,,-83.0,-436.0,-85.0,-194.0,-508.0,-399.0,472.0,279.0
148.0,,-110.0,-3.0,-59.0,-207.0,-500.0,-541.0,398.0,395.0
198.0,,-135.0,-11.0,-15.0,-189.0,-498.0,-546.0,326.0,552.0
260.0,,-167.0,112.0,30.0,-236.0,-486.0,-349.0,233.0,625.0
314.0,,-183.0,437.0,68.0,-327.0,-497.0,-618.0,141.0,650.0
360.0,,-208.0,417.0,98.0,-284.0,-512.0,-286.0,65.0,673.0
410.0,,-205.0,480.0,115.0,-335.0,-515.0,-517.0,-10.0,607.0
455.0,,-190.0,543.0,108.0,-387.0,-531.0,-290.0,-71.0,510.0
450.0,,-198.0,445.0,65.0,-375.0,-531.0,-256.0,-122.0,392.0
440.0,,-142.0,330.0,-1.0,-355.0,-540.0,-450.0,-142.0,248.0
474.0,,-120.0,317.0,-63.0,-327.0,-557.0,-168.0,-143.0,139.0
450.0,,-86.0,171.0,-85.0,-413.0,-557.0,-460.0,-147.0,30.0
383.0,,-28.0,141.0,-71.0,-440.0,-561.0,-175.0,-133.0,-33.0
358.0,,-13.0,259.0,-24.0,-325.0,-584.0,-303.0,-110.0,-30.0
338.0,,27.0,81.0,58.0,-282.0,-570.0,-232.0,-84.0,-22.0
290.0,,43.0,183.0,152.0,-381.0,-530.0,9.0,-54.0,26.0
238.0,,56.0,394.0,220.0,-425.0,-511.0,-171.0,-37.0,100.0
199.0,,76.0,288.0,234.0,-390.0,-514.0,166.0,-36.0,130.0
178.0,,99.0,346.0,209.0,-361.0,-523.0,-127.0,-30.0,139.0
176.0,,118.0,469.0,161.0,-417.0,-498.0,12.0,-39.0,125.0
150.0,,151.0,448.0,97.0,-523.0,-492.0,3.0,-46.0,109.0
136.0,,204.0,446.0,47.0,-467.0,-509.0,-94.0,-32.0,74.0
154.0,,238.0,487.0,11.0,-427.0,-512.0,229.0,-31.0,17.0
186.0,,297.0,433.0,-24.0,-473.0,-467.0,-7.0,-21.0,-67.0
171.0,,337.0,403.0,-55.0,-475.0,-417.0,308.0,0.0,-186.0
121.0,,381.0,414.0,-62.0,-452.0,-397.0,125.0,14.0,-310.0
136.0,,409.0,387.0,-40.0,-390.0,-352.0,127.0,32.0,-408.0
150.0,,421.0,296.0,-10.0,-434.0,-333.0,271.0,49.0,-446.0
106.0,,446.0,128.0,-9.0,-531.0,-306.0,57.0,52.0,-468.0
57.0,,409.0,99.0,-66.0,-486.0,-277.0,424.0,46.0,-417.0
89.0,,375.0,46.0,-154.0,-471.0,-282.0,169.0,51.0,-368.0
99.0,,335.0,-45.0,-235.0,-499.0,-311.0,365.0,64.0,-286.0
42.0,,279.0,-75.0,-271.0,-520.0,-353.0,395.0,85.0,-185.0
0.0,,228.0,-161.0,-251.0,-555.0,-370.0,266.0,112.0,-134.0
-10.0,,183.0,-168.0,-199.0,-468.0,-420.0,515.0,167.0,-100.0
47.0,,140.0,-114.0,-119.0,-484.0,-469.0,175.0,226.0,-54.0
43.0,,87.0,-65.0,-38.0,-586.0,-506.0,408.0,269.0,29.0
2.0,,70.0,51.0,18.0,-555.0,-533.0,223.0,320.0,71.0
25.0,,61.0,65.0,37.0,-515.0,-543.0,232.0,348.0,125.0
71.0,,59.0,64.0,43.0,-565.0,-574.0,393.0,375.0,176.0
78.0,,90.0,153.0,56.0,-609.0,-559.0,197.0,394.0,242.0
9.0,,119.0,135.0,81.0,-565.0,-537.0,539.0,399.0,241.0
-5.0,,166.0,76.0,96.0,-581.0,-560.0,251.0,418.0,231.0
23.0,,199.0,110.0,78.0,-672.0,-543.0,426.0,425.0,205.0
3.0,,236.0,155.0,45.0,-794.0,-495.0,363.0,430.0,145.0
-50.0,,253.0,79.0,4.0,-784.0,-491.0,158.0,452.0,135.0
-85.0,,236.0,13.0,-34.0,-675.0,-497.0,426.0,456.0,109.0
-52.0,,227.0,15.0,-72.0,-709.0,-485.0,173.0,439.0,142.0
-28.0,,184.0,-15.0,-117.0,-695.0,-493.0,545.0,412.0,171.0
-93.0,,167.0,-6.0,-178.0,-617.0,-531.0,439.0,364.0,262.0
-139.0,,110.0,48.0,-253.0,-557.0,-578.0,471.0,319.0,370.0
-118.0,,57.0,29.0,-322.0,-582.0,-579.0,513.0,268.0,478.0
-135.0,,15.0,10.0,-372.0,-696.0,-599.0,131.0,191.0,605.0
-187.0,,-44.0,17.0,-373.0,-664.0,-670.0,404.0,104.0,725.0
-209.0,,-67.0,31.0,-322.0,-614.0,-707.0,142.0,12.0,826.0
-154.0,,-101.0,131.0,-231.0,-608.0,-687.0,343.0,-93.0,885.0
-129.0,,-112.0,258.0,-118.0,-610.0,-638.0,319.0,-188.0,931.0
-173.0,,-141.0,365.0,-11.0,-651.0,-635.0,201.0,-270.0,919.0
-164.0,,-156.0,426.0,63.0,-589.0,-635.0,445.0,-334.0,884.0
-130.0,,-172.0,516.0,107.0,-541.0,-607.0,129.0,-360.0,796.0
-130.0,,-186.0,492.0,128.0,-575.0,-609.0,432.0,-350.0,728.0
-136.0,,-200.0,408.0,137.0,-517.0,-618.0,267.0,-297.0,621.0
-101.0,,-212.0,503.0,158.0,-457.0,-603.0,371.0,-220.0,542.0
-39.0,,-191.0,518.0,191.0,-447.0,-601.0,559.0,-139.0,447.0
7.0,,-200.0,432.0,213.0,-457.0,-627.0,334.0,-53.0,333.0
28.0,,-189.0,311.0,206.0,-479.0,-621.0,655.0,25.0,311.0
26.0,,-182.0,175.0,169.0,-353.0,-604.0,360.0,103.0,251.0
50.0,,-173.0,112.0,117.0,-296.0,-572.0,491.0,183.0,206.0
105.0,,-170.0,52.0,68.0,-385.0,-522.0,391.0,242.0,184.0
107.0,,-174.0,-20.0,41.0,-355.0,-508.0,223.0,283.0,213.0
107.0,,-163.0,-48.0,39.0,-233.0,-483.0,491.0,342.0,252.0
157.0,,-174.0,-82.0,65.0,-211.0,-433.0,251.0,387.0,314.0
183.0,,-187.0,-131.0,103.0,-278.0,-405.0,604.0,419.0,314.0
180.0,,-232.0,-62.0,119.0,-184.0,-397.0,513.0,438.0,368.0
166.0,,-275.0,-13.0,100.0,-130.0,-396.0,583.0,437.0,418.0
202.0,,-313.0,8.0,52.0,-142.0,-387.0,707.0,430.0,392.0
246.0,,-373.0,84.0,-8.0,-164.0,-377.0,434.0,405.0,415.0
221.0,,-407.0,111.0,-63.0,-202.0,-383.0,700.0,379.0,346.0
196.0,,-430.0,105.0,-98.0,-44.0,-383.0,426.0,345.0,313.0
216.0,,-438.0,55.0,-110.0,0.0,-370.0,639.0,301.0,280.0
271.0,,-434.0,72.0,-105.0,-87.0,-320.0,646.0,262.0,280.0
272.0,,-407.0,126.0,-76.0,-152.0,-246.0,543.0,229.0,306.0
253.0,,-361.0,106.0,-14.0,-117.0,-195.0,790.0,201.0,377.0
287.0,,-323.0,87.0,55.0,22.0,-193.0,482.0,176.0,436.0
336.0,,-271.0,83.0,84.0,29.0,-195.0,757.0,154.0,495.0
336.0,,-211.0,113.0,65.0,-11.0,-163.0,521.0,144.0,572.0
286.0,,-156.0,166.0,15.0,48.0,-158.0,541.0,133.0,561.0
303.0,,-96.0,184.0,-35.0,162.0,-185.0,663.0,113.0,631.0
330.0,,-39.0,184.0,-81.0,113.0,-205.0,367.0,90.0,570.0
334.0,,-3.0,200.0,-115.0,4.0,-183.0,711.0,44.0,505.0
318.0,,42.0,213.0,-134.0,18.0,-148.0,482.0,-3.0,504.0
331.0,,60.0,261.0,-135.0,63.0,-160.0,716.0,-52.0,471.0
402.0,,71.0,268.0,-93.0,37.0,-168.0,715.0,-96.0,484.0
422.0,,77.0,251.0,-24.0,-22.0,-157.0,593.0,-123.0,482.0
399.0,,35.0,259.0,52.0,37.0,-136.0,805.0,-150.0,442.0
373.0,,29.0,182.0,135.0,100.0,-113.0,450.0,-145.0,485.0
416.0,,18.0,113.0,217.0,85.0,-102.0,718.0,-132.0,545.0
436.0,,-6.0,69.0,288.0,88.0,-104.0,539.0,-121.0,503.0
382.0,,-7.0,-1.0,322.0,166.0,-99.0,637.0,-88.0,584.0
365.0,,-10.0,-66.0,300.0,232.0,-97.0,800.0,-56.0,650.0
365.0,,3.0,-202.0,226.0,232.0,-104.0,578.0,-12.0,752.0
356.0,,0.0,-280.0,144.0,169.0,-110.0,859.0,23.0,859.0
334.0,,7.0,-249.0,92.0,193.0,-161.0,506.0,57.0,920.0
310.0,,27.0,-320.0,64.0,341.0,-203.0,692.0,105.0,978.0
315.0,,39.0,-405.0,48.0,369.0,-189.0,674.0,153.0,993.0
309.0,,64.0,-459.0,45.0,331.0,-175.0,630.0,202.0,1025.0
272.0,,105.0,-524.0,53.0,319.0,-169.0,968.0,239.0,936.0
249.0,,156.0,-522.0,61.0,445.0,-162.0,657.0,262.0,873.0
240.0,,178.0,-484.0,56.0,498.0,-136.0,870.0,271.0,698.0
231.0,,235.0,-484.0,41.0,363.0,-97.0,556.0,262.0,502.0
163.0,,282.0,-471.0,8.0,389.0,-73.0,511.0,229.0,363.0
88.0,,310.0,-352.0,-35.0,509.0,-53.0,654.0,181.0,155.0
69.0,,363.0,-217.0,-72.0,521.0,-25.0,493.0,139.0,56.0
29.0,,370.0,-91.0,-100.0,374.0,-6.0,892.0,86.0,-10.0
-48.0,,392.0,69.0,-121.0,390.0,-12.0,657.0,15.0,-81.0
-104.0,,392.0,166.0,-124.0,528.0,-16.0,885.0,-74.0,-129.0
-117.0,,370.0,116.0,-97.0,500.0,-28.0,846.0,-161.0,-106.0
-138.0,,365.0,52.0,-49.0,438.0,-59.0,678.0,-244.0,-160.0
-154.0,,315.0,9.0,4.0,456.0,-84.0,883.0,-321.0,-167.0
-190.0,,242.0,-46.0,47.0,598.0,-102.0,572.0,-363.0,-102.0
-183.0,,179.0,-47.0,74.0,605.0,-125.0,897.0,-391.0,-74.0
-140.0,,98.0,-32.0,80.0,550.0,-138.0,763.0,-392.0,-18.0
-117.0,,-4.0,-38.0,61.0,612.0,-124.0,822.0,-352.0,-15.0
-101.0,,-95.0,-130.0,13.0,662.0,-124.0,897.0,-298.0,-3.0
-101.0,,-200.0,-175.0,-58.0,671.0,-136.0,596.0,-229.0,-41.0
-26.0,,-290.0,-133.0,-134.0,598.0,-147.0,837.0,-150.0,-16.0
-11.0,,-365.0,-164.0,-212.0,594.0,-176.0,513.0,-60.0,-26.0
-5.0,,-429.0,-211.0,-262.0,682.0,-215.0,729.0,23.0,-55.0
28.0,,-457.0,-269.0,-273.0,688.0,-241.0,689.0,82.0,-38.0
32.0,,-478.0,-340.0,-260.0,636.0,-243.0,582.0,142.0,-49.0
80.0,,-453.0,-331.0,-209.0,609.0,-262.0,824.0,193.0,5.0
60.0,,-405.0,-256.0,-139.0,690.0,-283.0,526.0,220.0,0.0
66.0,,-334.0,-156.0,-57.0,785.0,-277.0,844.0,233.0,63.0
76.0,,-256.0,-50.0,21.0,708.0,-233.0,648.0,223.0,169.0
72.0,,-166.0,41.0,79.0,658.0,-197.0,722.0,190.0,258.0
57.0,,-72.0,145.0,105.0,757.0,-206.0,825.0,134.0,328.0
-4.0,,-10.0,239.0,87.0,854.0,-185.0,528.0,57.0,400.0
18.0,,64.0,323.0,53.0,759.0,-132.0,790.0,-24.0,518.0
15.0,,133.0,390.0,7.0,671.0,-100.0,450.0,-86.0,596.0
-14.0,,164.0,404.0,-37.0,799.0,-84.0,611.0,-133.0,647.0
-46.0,,189.0,395.0,-67.0,832.0,-82.0,561.0,-178.0,619.0
-75.0,,201.0,317.0,-81.0,742.0,-112.0,487.0,-209.0,585.0
-37.0,,194.0,182.0,-62.0,680.0,-128.0,742.0,-213.0,553.0
-27.0,,200.0,129.0,-17.0,780.0,-96.0,471.0,-179.0,467.0
-12.0,,188.0,133.0,32.0,875.0,-75.0,779.0,-121.0,316.0
9.0,,188.0,110.0,59.0,825.0,-121.0,533.0,-31.0,153.0
39.0,,197.0,89.0,39.0,838.0,-150.0,572.0,91.0,-20.0
99.0,,188.0,59.0,-30.0,866.0,-138.0,720.0,203.0,-234.0
98.0,,186.0,-60.0,-114.0,945.0,-115.0,537.0,318.0,-406.0
121.0,,183.0,-238.0,-184.0,964.0,-87.0,851.0,424.0,-591.0
142.0,,182.0,-360.0,-220.0,909.0,-99.0,539.0,504.0,-764.0
125.0,,174.0,-463.0,-203.0,968.0,-78.0,663.0,572.0,-895.0
88.0,,166.0,-418.0,-142.0,991.0,-46.0,480.0,610.0,-1027.0
13.0,,147.0,-266.0,-63.0,955.0,-48.0,282.0,640.0,-1090.0
19.0,,144.0,-184.0,-8.0,939.0,-19.0,500.0,642.0,-1099.0
-1.0,,151.0,-44.0,15.0,951.0,-14.0,247.0,620.0,-1059.0
-53.0,,135.0,17.0,28.0,971.0,-27.0,567.0,572.0,-951.0
-84.0,,173.0,55.0,33.0,978.0,-1.0,367.0,500.0,-864.0
-76.0,,180.0,227.0,31.0,992.0,-17.0,441.0,438.0,-770.0
-56.0,,172.0,327.0,42.0,1041.0,-79.0,513.0,347.0,-654.0
-102.0,,180.0,303.0,67.0,1081.0,-107.0,260.0,265.0,-502.0
-99.0,,135.0,205.0,92.0,1041.0,-129.0,585.0,199.0,-348.0
-54.0,,138.0,65.0,106.0,1007.0,-134.0,290.0,134.0,-243.0
-10.0,,116.0,-113.0,100.0,1028.0,-105.0,509.0,73.0,-197.0
-13.0,,81.0,-248.0,79.0,1083.0,-96.0,447.0,0.0,-191.0
-11.0,,89.0,-301.0,43.0,1076.0,-85.0,343.0,-77.0,-164.0
23.0,,67.0,-273.0,-10.0,1032.0,-52.0,550.0,-150.0,-174.0
49.0,,73.0,-248.0,-67.0,1072.0,-6.0,173.0,-207.0,-166.0
59.0,,90.0,-317.0,-92.0,1113.0,34.0,376.0,-263.0,-180.0
46.0,,101.0,-355.0,-76.0,1058.0,30.0,66.0,-291.0,-214.0
86.0,,121.0,-339.0,-38.0,1047.0,24.0,114.0,-293.0,-206.0
145.0,,159.0,-314.0,0.0,1135.0,34.0,223.0,-275.0,-175.0
199.0,,172.0,-242.0,30.0,1154.0,15.0,11.0,-214.0,-131.0
226.0,,185.0,-175.0,58.0,1127.0,-4.0,306.0,-138.0,-84.0
285.0,,222.0,-151.0,91.0,1035.0,-18.0,-44.0,-71.0,-20.0
361.0,,200.0,-118.0,144.0,1060.0,3.0,131.0,-14.0,-43.0
377.0,,202.0,-192.0,200.0,1148.0,20.0,5.0,48.0,-57.0
378.0,,191.0,-250.0,233.0,1083.0,29.0,-62.0,95.0,-65.0
365.0,,158.0,-200.0,244.0,1051.0,50.0,256.0,138.0,-108.0
387.0,,143.0,-220.0,232.0,1029.0,56.0,29.0,171.0,-124.0
334.0,,118.0,-270.0,202.0,1097.0,76.0,352.0,186.0,-169.0
248.0,,98.0,-320.0,155.0,1091.0,91.0,33.0,194.0,-241.0
241.0,,66.0,-321.0,86.0,1005.0,105.0,-29.0,184.0,-312.0
215.0,,54.0,-306.0,12.0,1114.0,112.0,-42.0,170.0,-369.0
172.0,,23.0,-296.0,-51.0,1254.0,119.0,-282.0,130.0,-431.0
82.0,,-2.0,-290.0,-87.0,1204.0,139.0,83.0,72.0,-439.0
43.0,,-26.0,-240.0,-87.0,997.0,162.0,-173.0,29.0,-476.0
80.0,,-58.0,-88.0,-64.0,1019.0,179.0,49.0,-12.0,-547.0
74.0,,-75.0,-5.0,-25.0,1187.0,188.0,-101.0,-39.0,-544.0
46.0,,-96.0,119.0,3.0,1172.0,184.0,-282.0,-58.0,-551.0
32.0,,-114.0,268.0,11.0,1053.0,154.0,-155.0,-84.0,-512.0
69.0,,-137.0,311.0,0.0,1055.0,163.0,-474.0,-103.0,-462.0
76.0,,-123.0,378.0,-19.0,1176.0,183.0,-118.0,-119.0,-411.0
16.0,,-114.0,425.0,-24.0,1159.0,204.0,-334.0,-134.0,-279.0
4.0,,-95.0,414.0,-20.0,1075.0,242.0,-297.0,-173.0,-192.0
49.0,,-60.0,331.0,-5.0,1135.0,264.0,-319.0,-226.0,-82.0
76.0,,-38.0,185.0,24.0,1196.0,317.0,-582.0,-264.0,49.0
33.0,,-16.0,37.0,54.0,1148.0,389.0,-282.0,-282.0,147.0
25.0,,-4.0,-25.0,64.0,1088.0,449.0,-585.0,-289.0,251.0
101.0,,56.0,-106.0,41.0,1096.0,484.0,-312.0,-294.0,318.0
108.0,,71.0,-226.0,0.0,1207.0,490.0,-376.0,-286.0,388.0
42.0,,103.0,-193.0,-36.0,1219.0,493.0,-465.0,-269.0,437.0
12.0,,160.0,-179.0,-49.0,1110.0,472.0,-334.0,-234.0,492.0
20.0,,172.0,-238.0,-36.0,1110.0,464.0,-722.0,-185.0,508.0
-11.0,,209.0,-267.0,-16.0,1210.0,475.0,-500.0,-133.0,449.0
-85.0,,195.0,-307.0,-6.0,1235.0,479.0,-770.0,-65.0,405.0
-150.0,,200.0,-366.0,-8.0,1141.0,507.0,-620.0,16.0,387.0
-183.0,,176.0,-421.0,-19.0,1165.0,537.0,-493.0,80.0,379.0
-217.0,,130.0,-452.0,-31.0,1272.0,585.0,-602.0,129.0,323.0
-287.0,,133.0,-481.0,-46.0,1274.0,612.0,-264.0,184.0,279.0
-335.0,,75.0,-441.0,-54.0,1190.0,611.0,-563.0,220.0,197.0
-344.0,,66.0,-390.0,-50.0,1218.0,637.0,-317.0,242.0,162.0
-357.0,,66.0,-343.0,-51.0,1392.0,657.0,-450.0,256.0,152.0
-429.0,,31.0,-262.0,-56.0,1421.0,644.0,-485.0,245.0,86.0
-499.0,,25.0,-198.0,-65.0,1325.0,627.0,-253.0,228.0,75.0
-507.0,,29.0,-125.0,-76.0,1281.0,662.0,-474.0,223.0,-22.0
-532.0,,34.0,-89.0,-72.0,1377.0,684.0,-125.0,221.0,-123.0
-596.0,,36.0,-19.0,-61.0,1469.0,688.0,-380.0,201.0,-217.0
-668.0,,38.0,70.0,-47.0,1406.0,698.0,-290.0,186.0,-295.0
-706.0,,40.0,100.0,-39.0,1395.0,696.0,-273.0,163.0,-373.0
-730.0,,45.0,106.0,-33.0,1439.0,727.0,-388.0,128.0,-411.0
-802.0,,18.0,-5.0,-21.0,1454.0,762.0,-25.0,103.0,-382.0
-867.0,,15.0,-201.0,-16.0,1413.0,805.0,-282.0,85.0,-332.0
-877.0,,0.0,-310.0,-23.0,1338.0,832.0,-18.0,86.0,-199.0
-860.0,,-25.0,-322.0,-49.0,1377.0,835.0,-203.0,69.0,-142.0
-879.0,,-41.0,-301.0,-72.0,1419.0,839.0,-301.0,21.0,-12.0
-920.0,,-54.0,-257.0,-73.0,1363.0,821.0,-149.0,-25.0,108.0
-882.0,,-48.0,-332.0,-48.0,1316.0,810.0,-393.0,-79.0,211.0
-822.0,,-63.0,-464.0,-6.0,1343.0,803.0,-35.0,-134.0,310.0
-810.0,,-30.0,-529.0,41.0,1388.0,796.0,-219.0,-200.0,361.0
-807.0,,-30.0,-543.0,90.0,1334.0,783.0,-27.0,-260.0,410.0
-745.0,,-27.0,-543.0,114.0,1331.0,763.0,1.0,-301.0,431.0
-630.0,,0.0,-584.0,112.0,1433.0,741.0,-186.0,-342.0,474.0
-591.0,,-9.0,-543.0,88.0,1478.0,733.0,42.0,-353.0,420.0
-582.0,,25.0,-483.0,56.0,1373.0,718.0,-306.0,-347.0,441.0
-515.0,,50.0,-410.0,40.0,1263.0,681.0,-38.0,-331.0,374.0
-407.0,,68.0,-305.0,37.0,1300.0,688.0,-158.0,-279.0,295.0
-343.0,,103.0,-164.0,50.0,1262.0,708.0,-173.0,-221.0,310.0
-339.0,,124.0,20.0,62.0,1129.0,711.0,1.0,-152.0,279.0
-280.0,,136.0,152.0,59.0,1030.0,687.0,-291.0,-79.0,298.0
-203.0,,158.0,237.0,47.0,1069.0,652.0,-42.0,-18.0,303.0
-186.0,,176.0,170.0,33.0,1107.0,663.0,-362.0,64.0,345.0
-223.0,,190.0,55.0,24.0,954.0,688.0,-190.0,150.0,363.0
-243.0,,200.0,-33.0,15.0,914.0,704.0,-112.0,226.0,439.0
-211.0,,195.0,-146.0,4.0,989.0,705.0,-221.0,306.0,490.0
-200.0,,223.0,-264.0,2.0,993.0,705.0,49.0,371.0,510.0
-245.0,,240.0,-334.0,18.0,876.0,715.0,-327.0,419.0,575.0
-285.0,,236.0,-339.0,49.0,753.0,729.0,-138.0,453.0,630.0
-263.0,,277.0,-391.0,58.0,777.0,749.0,-338.0,466.0,716.0
-246.0,,319.0,-436.0,27.0,779.0,751.0,-325.0,443.0,695.0
-282.0,,356.0,-392.0,-26.0,746.0,748.0,-181.0,402.0,672.0
-321.0,,413.0,-238.0,-82.0,666.0,755.0,-436.0,364.0,652.0
-319.0,,461.0,-105.0,-131.0,635.0,771.0,-134.0,317.0,569.0
-292.0,,493.0,21.0,-185.0,718.0,771.0,-443.0,254.0,452.0
-294.0,,513.0,153.0,-221.0,626.0,751.0,-310.0,178.0,329.0
-326.0,,527.0,215.0,-213.0,507.0,745.0,-358.0,104.0,170.0
-314.0,,499.0,272.0,-159.0,485.0,735.0,-439.0,35.0,11.0
-276.0,,460.0,212.0,-57.0,478.0,737.0,-145.0,-28.0,-94.0
-263.0,,405.0,134.0,69.0,475.0,729.0,-450.0,-62.0,-235.0
-248.0,,311.0,42.0,187.0,363.0,738.0,-184.0,-75.0,-294.0
-197.0,,221.0,-44.0,262.0,394.0,749.0,-412.0,-95.0,-342.0
-86.0,,118.0,-42.0,287.0,521.0,709.0,-406.0,-106.0,-377.0
-2.0,,16.0,-155.0,278.0,480.0,709.0,-267.0,-112.0,-329.0
30.0,,-79.0,-280.0,239.0,394.0,710.0,-521.0,-146.0,-269.0
99.0,,-162.0,-318.0,171.0,431.0,687.0,-186.0,-152.0,-220.0
200.0,,-230.0,-328.0,111.0,550.0,666.0,-465.0,-153.0,-160.0
254.0,,-277.0,-318.0,72.0,479.0,638.0,-291.0,-173.0,-54.0
264.0,,-316.0,-326.0,46.0,333.0,604.0,-301.0,-186.0,26.0
302.0,,-321.0,-293.0,52.0,319.0,584.0,-448.0,-220.0,59.0
356.0,,-284.0,-226.0,81.0,351.0,586.0,-229.0,-237.0,45.0
394.0,,-282.0,-211.0,103.0,310.0,576.0,-609.0,-255.0,12.0
348.0,,-233.0,-253.0,119.0,225.0,578.0,-304.0,-265.0,-55.0
296.0,,-150.0,-349.0,124.0,222.0,610.0,-417.0,-248.0,-116.0
296.0,,-114.0,-478.0,118.0,304.0,602.0,-345.0,-209.0,-235.0
274.0,,-45.0,-580.0,122.0,303.0,560.0,-171.0,-156.0,-359.0
224.0,,19.0,-617.0,138.0,202.0,534.0,-484.0,-93.0,-407.0
178.0,,58.0,-620.0,155.0,191.0,499.0,-225.0,-32.0,-482.0
180.0,,116.0,-574.0,165.0,239.0,467.0,-528.0,20.0,-493.0
195.0,,141.0,-498.0,171.0,194.0,444.0,-317.0,84.0,-497.0
195.0,,174.0,-444.0,175.0,28.0,433.0,-297.0,106.0,-507.0
180.0,,220.0,-346.0,175.0,7.0,428.0,-371.0,126.0,-488.0
185.0,,239.0,-251.0,171.0,139.0,440.0,-125.0,155.0,-509.0
207.0,,277.0,-221.0,160.0,132.0,451.0,-532.0,159.0,-516.0
186.0,,316.0,-186.0,144.0,14.0,421.0,-308.0,176.0,-475.0
176.0,,344.0,-114.0,114.0,-26.0,426.0,-526.0,193.0,-429.0
194.0,,365.0,-65.0,59.0,66.0,423.0,-423.0,220.0,-356.0
209.0,,380.0,-112.0,0.0,75.0,408.0,-199.0,238.0,-298.0
198.0,,385.0,-175.0,-40.0,-16.0,400.0,-415.0,243.0,-279.0
181.0,,390.0,-222.0,-45.0,-32.0,379.0,-116.0,227.0,-204.0
192.0,,388.0,-290.0,-23.0,25.0,381.0,-461.0,200.0,-178.0
200.0,,373.0,-330.0,8.0,50.0,380.0,-325.0,162.0,-219.0
177.0,,352.0,-340.0,36.0,-35.0,360.0,-406.0,99.0,-223.0
154.0,,325.0,-309.0,59.0,-66.0,320.0,-506.0,49.0,-219.0
176.0,,291.0,-282.0,81.0,-27.0,302.0,-227.0,-7.0,-238.0
188.0,,234.0,-248.0,84.0,-31.0,284.0,-517.0,-60.0,-266.0
170.0,,188.0,-175.0,59.0,-88.0,260.0,-192.0,-119.0,-344.0
142.0,,142.0,-56.0,17.0,-133.0,232.0,-363.0,-178.0,-426.0
135.0,,89.0,38.0,-36.0,-76.0,190.0,-308.0,-211.0,-458.0
164.0,,72.0,27.0,-75.0,-112.0,158.0,-223.0,-243.0,-542.0
180.0,,17.0,79.0,-77.0,-186.0,86.0,-502.0,-255.0,-662.0
179.0,,-45.0,152.0,-47.0,-213.0,56.0,-221.0,-245.0,-746.0
222.0,,-58.0,174.0,-4.0,-182.0,35.0,-489.0,-213.0,-821.0
258.0,,-117.0,133.0,25.0,-117.0,-28.0,-247.0,-163.0,-933.0
257.0,,-143.0,24.0,27.0,-192.0,-82.0,-280.0,-110.0,-955.0
259.0,,-164.0,-24.0,10.0,-187.0,-95.0,-363.0,-46.0,-949.0
260.0,,-220.0,-73.0,-10.0,-145.0,-65.0,-134.0,23.0,-926.0
291.0,,-220.0,-146.0,-33.0,-132.0,-69.0,-473.0,100.0,-819.0
294.0,,-263.0,-199.0,-44.0,-174.0,-62.0,-203.0,180.0,-720.0
245.0,,-264.0,-297.0,-32.0,-287.0,-59.0,-400.0,265.0,-586.0
220.0,,-248.0,-403.0,-7.0,-213.0,-85.0,-282.0,354.0,-452.0
229.0,,-280.0,-353.0,20.0,-152.0,-118.0,-142.0,418.0,-321.0
227.0,,-266.0,-275.0,60.0,-204.0,-142.0,-367.0,443.0,-217.0
164.0,,-258.0,-287.0,98.0,-215.0,-146.0,-64.0,464.0,-93.0
96.0,,-238.0,-296.0,121.0,-183.0,-164.0,-388.0,477.0,37.0
50.0,,-217.0,-285.0,136.0,-200.0,-156.0,-190.0,453.0,178.0
16.0,,-185.0,-291.0,141.0,-333.0,-162.0,-273.0,425.0,366.0
-61.0,,-155.0,-297.0,152.0,-418.0,-193.0,-406.0,377.0,510.0
-178.0,,-138.0,-249.0,167.0,-327.0,-209.0,-234.0,311.0,662.0
-235.0,,-101.0,-220.0,169.0,-266.0,-235.0,-563.0,269.0,764.0
-274.0,,-68.0,-195.0,151.0,-389.0,-268.0,-264.0,201.0,822.0
-336.0,,-38.0,-179.0,110.0,-416.0,-289.0,-480.0,111.0,863.0
-412.0,,-29.0,-193.0,65.0,-290.0,-297.0,-393.0,27.0,850.0
-437.0,,-18.0,-128.0,18.0,-184.0,-297.0,-282.0,-51.0,804.0
-418.0,,14.0,-48.0,-33.0,-177.0,-302.0,-491.0,-135.0,677.0
-425.0,,24.0,-18.0,-90.0,-293.0,-321.0,-221.0,-203.0,538.0
-445.0,,38.0,16.0,-116.0,-353.0,-368.0,-535.0,-239.0,451.0
-414.0,,59.0,60.0,-97.0,-358.0,-415.0,-315.0,-277.0,353.0
-368.0,,68.0,88.0,-46.0,-411.0,-425.0,-356.0,-295.0,225.0
-329.0,,89.0,24.0,20.0,-471.0,-419.0,-404.0,-316.0,123.0
-270.0,,111.0,-8.0,68.0,-492.0,-423.0,-192.0,-343.0,107.0
-204.0,,128.0,61.0,90.0,-444.0,-433.0,-519.0,-342.0,115.0
-97.0,,132.0,92.0,84.0,-409.0,-428.0,-269.0,-349.0,100.0
0.0,,166.0,117.0,54.0,-448.0,-459.0,-541.0,-364.0,41.0
67.0,,191.0,178.0,15.0,-372.0,-500.0,-474.0,-380.0,-23.0
139.0,,199.0,228.0,-12.0,-207.0,-503.0,-319.0,-387.0,-60.0
239.0,,228.0,204.0,-26.0,-258.0,-533.0,-458.0,-388.0,-69.0
313.0,,232.0,170.0,-22.0,-347.0,-598.0,-48.0,-381.0,-43.0
292.0,,246.0,127.0,21.0,-344.0,-687.0,-275.0,-362.0,-57.0
305.0,,236.0,31.0,95.0,-311.0,-757.0,-68.0,-335.0,-37.0
349.0,,225.0,-67.0,172.0,-335.0,-794.0,-166.0,-297.0,10.0
357.0,,212.0,-166.0,228.0,-425.0,-822.0,-282.0,-266.0,52.0
331.0,,194.0,-280.0,246.0,-342.0,-824.0,-81.0,-218.0,107.0
319.0,,160.0,-395.0,237.0,-258.0,-808.0,-367.0,-162.0,179.0
341.0,,125.0,-456.0,215.0,-350.0,-804.0,-22.0,-114.0,239.0
317.0,,116.0,-480.0,185.0,-455.0,-811.0,-234.0,-67.0,300.0
265.0,,61.0,-458.0,156.0,-438.0,-801.0,-195.0,-55.0,408.0
239.0,,43.0,-404.0,108.0,-373.0,-808.0,-179.0,-53.0,491.0
217.0,,16.0,-297.0,46.0,-374.0,-804.0,-485.0,-74.0,609.0
146.0,,-21.0,-202.0,0.0,-419.0,-793.0,-216.0,-119.0,745.0
16.0,,-31.0,-156.0,-31.0,-494.0,-841.0,-495.0,-156.0,843.0
-72.0,,-60.0,7.0,-40.0,-494.0,-891.0,-243.0,-206.0,901.0
-92.0,,-52.0,96.0,-34.0,-484.0,-916.0,-295.0,-259.0,960.0
-147.0,,-62.0,151.0,-25.0,-557.0,-950.0,-386.0,-305.0,1028.0
-238.0,,-43.0,295.0,-26.0,-587.0,-984.0,-164.0,-349.0,1080.0
-309.0,,-10.0,231.0,-30.0,-534.0,-973.0,-439.0,-397.0,1080.0
-326.0,,3.0,63.0,-31.0,-450.0,-956.0,-66.0,-452.0,994.0
-312.0,,78.0,-7.0,-38.0,-477.0,-997.0,-232.0,-496.0,928.0
-332.0,,121.0,-56.0,-37.0,-561.0,-1030.0,-218.0,-535.0,864.0
-327.0,,188.0,-131.0,-25.0,-469.0,-1011.0,-232.0,-546.0,768.0
-284.0,,268.0,-273.0,-14.0,-450.0,-1000.0,-604.0,-544.0,668.0
-232.0,,325.0,-449.0,-9.0,-537.0,-1013.0,-391.0,-536.0,494.0
-207.0,,384.0,-528.0,-9.0,-523.0,-1014.0,-729.0,-492.0,268.0
-227.0,,427.0,-522.0,-6.0,-484.0,-1039.0,-574.0,-448.0,105.0
-205.0,,470.0,-577.0,0.0,-435.0,-1075.0,-657.0,-414.0,-37.0
-168.0,,476.0,-679.0,12.0,-509.0,-1092.0,-731.0,-387.0,-204.0
-181.0,,491.0,-678.0,42.0,-545.0,-1097.0,-473.0,-364.0,-303.0
-205.0,,478.0,-573.0,79.0,-535.0,-1067.0,-744.0,-303.0,-369.0
-161.0,,446.0,-563.0,104.0,-595.0,-1067.0,-424.0,-241.0,-350.0
-108.0,,420.0,-553.0,125.0,-597.0,-1081.0,-641.0,-172.0,-161.0
-115.0,,349.0,-449.0,138.0,-611.0,-1089.0,-569.0,-94.0,-1.0
-133.0,,310.0,-424.0,134.0,-553.0,-1089.0,-478.0,-22.0,142.0
-141.0,,247.0,-382.0,112.0,-526.0,-1073.0,-737.0,60.0,330.0
-149.0,,188.0,-349.0,80.0,-557.0,-1095.0,-474.0,139.0,534.0
-153.0,,183.0,-338.0,55.0,-582.0,-1106.0,-844.0,228.0,772.0
-158.0,,148.0,-321.0,32.0,-631.0,-1111.0,-694.0,307.0,897.0
-153.0,,150.0,-332.0,-5.0,-640.0,-1101.0,-798.0,370.0,953.0
-103.0,,174.0,-211.0,-58.0,-724.0,-1102.0,-897.0,443.0,909.0
-70.0,,188.0,-154.0,-114.0,-822.0,-1128.0,-667.0,505.0,798.0
-66.0,,224.0,-162.0,-170.0,-887.0,-1107.0,-964.0,545.0,707.0
-42.0,,246.0,-128.0,-210.0,-914.0,-1086.0,-676.0,564.0,522.0
-7.0,,288.0,-158.0,-219.0,-983.0,-1085.0,-879.0,551.0,278.0
10.0,,318.0,-197.0,-200.0,-1041.0,-1061.0,-770.0,503.0,53.0
17.0,,340.0,-259.0,-170.0,-927.0,-1017.0,-667.0,447.0,-107.0
59.0,,386.0,-287.0,-148.0,-872.0,-1002.0,-877.0,366.0,-228.0
104.0,,392.0,-277.0,-125.0,-923.0,-997.0,-530.0,263.0,-246.0
148.0,,411.0,-301.0,-101.0,-1013.0,-980.0,-740.0,166.0,-244.0
180.0,,421.0,-343.0,-83.0,-1057.0,-957.0,-495.0,46.0,-276.0
196.0,,428.0,-394.0,-53.0,-1028.0,-950.0,-613.0,-73.0,-214.0
235.0,,450.0,-374.0,-15.0,-1077.0,-950.0,-761.0,-181.0,-59.0
300.0,,448.0,-353.0,-3.0,-1103.0,-934.0,-591.0,-289.0,112.0
344.0,,455.0,-414.0,-12.0,-1053.0,-937.0,-934.0,-382.0,213.0
339.0,,456.0,-444.0,-48.0,-1039.0,-917.0,-648.0,-460.0,302.0
371.0,,465.0,-388.0,-112.0,-1113.0,-905.0,-822.0,-529.0,335.0
429.0,,468.0,-257.0,-173.0,-1188.0,-897.0,-702.0,-547.0,337.0
426.0,,483.0,-107.0,-205.0,-1167.0,-877.0,-622.0,-537.0,386.0
410.0,,490.0,-4.0,-189.0,-1083.0,-888.0,-899.0,-517.0,369.0
449.0,,484.0,78.0,-133.0,-1058.0,-877.0,-582.0,-474.0,387.0
508.0,,473.0,190.0,-68.0,-1145.0,-882.0,-805.0,-423.0,389.0
491.0,,447.0,232.0,-11.0,-1187.0,-880.0,-476.0,-346.0,384.0
483.0,,434.0,119.0,35.0,-1129.0,-871.0,-450.0,-265.0,454.0
541.0,,407.0,-18.0,65.0,-1118.0,-888.0,-498.0,-185.0,467.0
593.0,,367.0,-109.0,79.0,-1213.0,-882.0,-282.0,-106.0,483.0
610.0,,324.0,-208.0,78.0,-1267.0,-883.0,-633.0,-53.0,447.0
605.0,,273.0,-324.0,61.0,-1227.0,-840.0,-384.0,-19.0,429.0
621.0,,231.0,-435.0,48.0,-1191.0,-793.0,-635.0,6.0,438.0
645.0,,185.0,-546.0,38.0,-1226.0,-777.0,-517.0,27.0,405.0
650.0,,135.0,-617.0,22.0,-1247.0,-732.0,-399.0,47.0,332.0
598.0,,103.0,-594.0,-7.0,-1120.0,-702.0,-583.0,48.0,231.0
566.0,,72.0,-498.0,-49.0,-1075.0,-691.0,-227.0,22.0,142.0
591.0,,38.0,-382.0,-91.0,-1157.0,-673.0,-521.0,4.0,-11.0
589.0,,-13.0,-326.0,-146.0,-1159.0,-677.0,-328.0,-28.0,-67.0
558.0,,-46.0,-252.0,-197.0,-1076.0,-659.0,-465.0,-71.0,-150.0
533.0,,-57.0,-200.0,-219.0,-1115.0,-639.0,-533.0,-102.0,-250.0
544.0,,-106.0,-230.0,-217.0,-1285.0,-645.0,-218.0,-147.0,-263.0
533.0,,-122.0,-204.0,-191.0,-1218.0,-622.0,-358.0,-188.0,-286.0
498.0,,-123.0,-177.0,-151.0,-1106.0,-612.0,68.0,-232.0,-324.0
479.0,,-140.0,-138.0,-109.0,-1122.0,-582.0,-92.0,-292.0,-351.0
481.0,,-112.0,-159.0,-79.0,-1183.0,-520.0,-25.0,-345.0,-314.0
484.0,,-83.0,-277.0,-66.0,-1199.0,-485.0,-62.0,-386.0,-311.0
470.0,,-65.0,-369.0,-68.0,-1043.0,-478.0,-330.0,-409.0,-213.0
449.0,,-41.0,-468.0,-80.0,-1013.0,-469.0,20.0,-425.0,-166.0
460.0,,-44.0,-484.0,-85.0,-1074.0,-456.0,-212.0,-442.0,-190.0
477.0,,-51.0,-479.0,-74.0,-1063.0,-432.0,64.0,-452.0,-160.0
428.0,,-83.0,-538.0,-49.0,-1013.0,-397.0,-14.0,-462.0,-128.0
401.0,,-120.0,-483.0,-6.0,-981.0,-398.0,-131.0,-459.0,-127.0
420.0,,-153.0,-421.0,37.0,-1047.0,-377.0,38.0,-437.0,-156.0
428.0,,-209.0,-422.0,51.0,-1103.0,-359.0,-267.0,-409.0,-108.0
381.0,,-257.0,-363.0,17.0,-1051.0,-330.0,48.0,-369.0,-130.0
343.0,,-286.0,-310.0,-67.0,-960.0,-311.0,-151.0,-325.0,-109.0
372.0,,-319.0,-249.0,-173.0,-1012.0,-316.0,18.0,-272.0,-106.0
367.0,,-370.0,-218.0,-267.0,-1037.0,-269.0,151.0,-209.0,-114.0
322.0,,-378.0,-165.0,-324.0,-963.0,-263.0,0.0,-183.0,-103.0
280.0,,-390.0,-41.0,-329.0,-962.0,-264.0,356.0,-184.0,-147.0
285.0,,-392.0,15.0,-295.0,-1006.0,-244.0,59.0,-180.0,-51.0
276.0,,-380.0,-48.0,-247.0,-1044.0,-244.0,306.0,-201.0,-89.0
210.0,,-377.0,-202.0,-223.0,-977.0,-259.0,264.0,-225.0,-205.0
180.0,,-356.0,-262.0,-227.0,-930.0,-261.0,266.0,-230.0,-279.0
207.0,,-342.0,-415.0,-243.0,-959.0,-232.0,509.0,-218.0,-439.0
236.0,,-328.0,-574.0,-254.0,-916.0,-213.0,190.0,-193.0,-566.0
210.0,,-300.0,-512.0,-230.0,-852.0,-167.0,430.0,-180.0,-667.0
192.0,,-230.0,-514.0,-158.0,-825.0,-67.0,86.0,-160.0,-813.0
241.0,,-183.0,-486.0,-27.0,-884.0,20.0,123.0,-111.0,-927.0
296.0,,-123.0,-429.0,141.0,-876.0,63.0,210.0,-51.0,-896.0
301.0,,-69.0,-439.0,294.0,-758.0,134.0,36.0,4.0,-860.0
286.0,,-21.0,-377.0,403.0,-780.0,196.0,373.0,50.0,-792.0
281.0,,21.0,-348.0,460.0,-873.0,216.0,94.0,79.0,-622.0
292.0,,19.0,-362.0,464.0,-921.0,218.0,373.0,90.0,-499.0
264.0,,57.0,-373.0,402.0,-913.0,219.0,386.0,98.0,-315.0
169.0,,63.0,-383.0,293.0,-831.0,245.0,413.0,96.0,-115.0
130.0,,83.0,-290.0,178.0,-846.0,239.0,650.0,95.0,44.0
144.0,,105.0,-202.0,80.0,-905.0,236.0,328.0,130.0,167.0
119.0,,104.0,-171.0,6.0,-843.0,250.0,593.0,184.0,220.0
52.0,,124.0,-165.0,-38.0,-741.0,263.0,314.0,245.0,239.0
24.0,,126.0,-224.0,-55.0,-742.0,299.0,358.0,302.0,179.0
43.0,,131.0,-321.0,-56.0,-793.0,339.0,382.0,366.0,111.0
0.0,,116.0,-416.0,-42.0,-666.0,369.0,110.0,431.0,-44.0
-85.0,,106.0,-491.0,-31.0,-585.0,379.0,384.0,457.0,-215.0
-115.0,,100.0,-490.0,-43.0,-709.0,395.0,99.0,476.0,-337.0
-109.0,,69.0,-442.0,-74.0,-788.0,416.0,386.0,490.0,-430.0
-136.0,,46.0,-442.0,-93.0,-788.0,430.0,371.0,490.0,-460.0
-180.0,,18.0,-408.0,-93.0,-704.0,468.0,293.0,484.0,-532.0
-211.0,,-16.0,-408.0,-106.0,-684.0,499.0,484.0,456.0,-560.0
-222.0,,-42.0,-466.0,-150.0,-695.0,488.0,184.0,416.0,-542.0
-211.0,,-77.0,-449.0,-220.0,-579.0,487.0,533.0,374.0,-534.0
-233.0,,-112.0,-375.0,-279.0,-473.0,507.0,410.0,341.0,-475.0
-254.0,,-132.0,-327.0,-291.0,-480.0,493.0,541.0,307.0,-399.0
-207.0,,-148.0,-365.0,-269.0,-559.0,482.0,598.0,256.0,-382.0
-177.0,,-174.0,-406.0,-226.0,-567.0,504.0,317.0,204.0,-349.0
-172.0,,-196.0,-460.0,-178.0,-567.0,508.0,561.0,160.0,-299.0
-134.0,,-195.0,-545.0,-150.0,-619.0,503.0,223.0,112.0,-269.0
-81.0,,-206.0,-577.0,-150.0,-714.0,520.0,419.0,80.0,-213.0
-59.0,,-205.0,-504.0,-156.0,-753.0,501.0,343.0,66.0,-160.0
-35.0,,-176.0,-418.0,-159.0,-605.0,462.0,273.0,70.0,-124.0
12.0,,-150.0,-370.0,-147.0,-529.0,448.0,541.0,75.0,-82.0
32.0,,-133.0,-302.0,-123.0,-573.0,427.0,249.0,94.0,-112.0
36.0,,-105.0,-239.0,-93.0,-505.0,414.0,484.0,130.0,-157.0
13.0,,-78.0,-229.0,-42.0,-385.0,385.0,164.0,163.0,-164.0
-32.0,,-66.0,-245.0,6.0,-346.0,363.0,186.0,198.0,-233.0
-59.0,,-52.0,-141.0,39.0,-421.0,328.0,338.0,223.0,-270.0
-81.0,,-50.0,-26.0,56.0,-446.0,308.0,206.0,275.0,-278.0
-114.0,,-37.0,51.0,67.0,-358.0,369.0,622.0,320.0,-325.0
-150.0,,-22.0,109.0,70.0,-417.0,394.0,349.0,343.0,-355.0
-147.0,,-36.0,31.0,52.0,-502.0,394.0,504.0,379.0,-360.0
-161.0,,-28.0,-90.0,22.0,-486.0,414.0,338.0,406.0,-398.0
-223.0,,-23.0,-187.0,-20.0,-376.0,429.0,129.0,434.0,-365.0
-251.0,,-24.0,-245.0,-52.0,-294.0,437.0,373.0,460.0,-329.0
-240.0,,-14.0,-264.0,-52.0,-373.0,431.0,151.0,481.0,-315.0
-245.0,,-2.0,-242.0,-26.0,-271.0,435.0,480.0,493.0,-172.0
-302.0,,20.0,-303.0,5.0,-157.0,427.0,240.0,482.0,-59.0
-315.0,,20.0,-389.0,29.0,-174.0,382.0,271.0,474.0,33.0
-275.0,,0.0,-371.0,45.0,-249.0,349.0,338.0,452.0,118.0
-278.0,,-19.0,-335.0,36.0,-319.0,310.0,118.0,407.0,187.0
-255.0,,-34.0,-284.0,7.0,-191.0,268.0,500.0,363.0,253.0
-250.0,,-65.0,-242.0,-36.0,-168.0,252.0,269.0,315.0,300.0
-220.0,,-88.0,-100.0,-76.0,-254.0,234.0,533.0,289.0,252.0
-104.0,,-94.0,0.0,-92.0,-277.0,217.0,482.0,288.0,127.0
-93.0,,-112.0,-51.0,-94.0,-196.0,200.0,338.0,294.0,45.0
-102.0,,-78.0,-65.0,-76.0,-110.0,192.0,511.0,302.0,-39.0
-20.0,,-53.0,-93.0,-37.0,-164.0,198.0,147.0,320.0,-111.0
48.0,,-26.0,-119.0,-8.0,-177.0,215.0,421.0,343.0,-257.0
78.0,,33.0,-51.0,-13.0,-74.0,231.0,236.0,365.0,-360.0
79.0,,76.0,-9.0,-31.0,8.0,235.0,327.0,396.0,-410.0
149.0,,123.0,-14.0,-52.0,-89.0,245.0,480.0,404.0,-475.0
218.0,,168.0,48.0,-69.0,-133.0,260.0,282.0,408.0,-527.0
248.0,,205.0,30.0,-98.0,6.0,267.0,578.0,425.0,-598.0
296.0,,216.0,-27.0,-150.0,84.0,267.0,282.0,435.0,-601.0
303.0,,224.0,-38.0,-197.0,39.0,267.0,497.0,430.0,-588.0
364.0,,203.0,-76.0,-231.0,-41.0,257.0,469.0,409.0,-507.0
407.0,,161.0,-107.0,-232.0,6.0,249.0,419.0,398.0,-459.0
409.0,,139.0,-150.0,-197.0,83.0,221.0,694.0,399.0,-434.0
432.0,,91.0,-158.0,-145.0,-29.0,153.0,408.0,385.0,-328.0
458.0,,43.0,-211.0,-87.0,-142.0,134.0,641.0,368.0,-212.0
504.0,,0.0,-286.0,-49.0,-41.0,141.0,362.0,351.0,-7.0
512.0,,-58.0,-252.0,-44.0,45.0,145.0,382.0,317.0,67.0
529.0,,-127.0,-224.0,-60.0,-40.0,171.0,467.0,277.0,112.0
531.0,,-180.0,-179.0,-67.0,-141.0,171.0,297.0,239.0,221.0
512.0,,-231.0,-93.0,-42.0,-83.0,183.0,674.0,200.0,296.0
526.0,,-263.0,0.0,0.0,11.0,202.0,400.0,168.0,351.0
513.0,,-267.0,110.0,27.0,1.0,195.0,589.0,146.0,366.0
458.0,,-295.0,51.0,15.0,-22.0,191.0,502.0,125.0,367.0
454.0,,-280.0,-65.0,-38.0,-31.0,174.0,338.0,89.0,313.0
462.0,,-283.0,-24.0,-105.0,7.0,168.0,526.0,36.0,306.0
389.0,,-277.0,-11.0,-145.0,-58.0,167.0,251.0,-22.0,276.0
364.0,,-231.0,-111.0,-133.0,-152.0,143.0,585.0,-91.0,239.0
362.0,,-232.0,-196.0,-77.0,-117.0,129.0,434.0,-161.0,233.0
318.0,,-187.0,-223.0,-14.0,-43.0,153.0,502.0,-217.0,214.0
270.0,,-152.0,-271.0,32.0,-52.0,154.0,598.0,-265.0,223.0
226.0,,-150.0,-304.0,51.0,-208.0,111.0,388.0,-279.0,208.0
197.0,,-122.0,-262.0,63.0,-205.0,110.0,733.0,-273.0,177.0
163.0,,-112.0,-155.0,77.0,-100.0,146.0,473.0,-263.0,91.0
151.0,,-115.0,-41.0,99.0,-135.0,155.0,713.0,-231.0,-71.0
121.0,,-109.0,66.0,133.0,-233.0,163.0,685.0,-181.0,-174.0
106.0,,-90.0,188.0,173.0,-191.0,193.0,515.0,-103.0,-288.0
155.0,,-91.0,262.0,215.0,-28.0,207.0,726.0,-22.0,-480.0
144.0,,-94.0,260.0,239.0,-64.0,197.0,408.0,35.0,-593.0
92.0,,-98.0,257.0,242.0,-235.0,180.0,715.0,94.0,-731.0
84.0,,-119.0,280.0,252.0,-232.0,184.0,554.0,144.0,-904.0
89.0,,-125.0,259.0,253.0,-118.0,160.0,606.0,173.0,-985.0
33.0,,-133.0,233.0,215.0,-118.0,116.0,761.0,185.0,-1047.0
-45.0,,-139.0,249.0,158.0,-200.0,146.0,554.0,192.0,-1111.0
-61.0,,-137.0,263.0,105.0,-182.0,183.0,925.0,200.0,-1070.0
-85.0,,-131.0,223.0,51.0,-52.0,191.0,652.0,187.0,-1051.0
-161.0,,-116.0,159.0,2.0,-13.0,218.0,842.0,153.0,-1025.0
-217.0,,-96.0,53.0,-22.0,-62.0,261.0,788.0,113.0,-897.0
-233.0,,-76.0,-76.0,-32.0,-139.0,274.0,587.0,61.0,-835.0
-240.0,,-62.0,-223.0,-76.0,-118.0,294.0,800.0,0.0,-736.0
-264.0,,-28.0,-355.0,-169.0,-23.0,358.0,421.0,-61.0,-616.0
-300.0,,-35.0,-418.0,-285.0,-124.0,381.0,687.0,-92.0,-518.0
-314.0,,-27.0,-472.0,-361.0,-167.0,375.0,515.0,-92.0,-406.0
-280.0,,-4.0,-413.0,-356.0,-52.0,386.0,532.0,-70.0,-341.0
-283.0,,-44.0,-338.0,-298.0,58.0,389.0,702.0,-24.0,-261.0
-316.0,,-53.0,-201.0,-211.0,2.0,368.0,476.0,20.0,-228.0
-274.0,,-76.0,-110.0,-98.0,-56.0,342.0,818.0,60.0,-190.0
-195.0,,-96.0,-115.0,1.0,80.0,323.0,556.0,88.0,-106.0
-152.0,,-101.0,6.0,47.0,46.0,298.0,748.0,105.0,-86.0
-135.0,,-116.0,30.0,57.0,-95.0,255.0,737.0,115.0,-72.0
-69.0,,-114.0,-12.0,72.0,-107.0,214.0,620.0,121.0,-42.0
-9.0,,-109.0,-56.0,100.0,16.0,211.0,942.0,127.0,-37.0
26.0,,-131.0,-77.0,118.0,128.0,207.0,681.0,114.0,-105.0
47.0,,-151.0,-72.0,144.0,58.0,176.0,949.0,94.0,-201.0
31.0,,-128.0,-77.0,195.0,25.0,186.0,711.0,70.0,-298.0
71.0,,-131.0,-21.0,259.0,104.0,222.0,654.0,55.0,-336.0
65.0,,-114.0,55.0,312.0,139.0,237.0,700.0,56.0,-372.0
-4.0,,-98.0,109.0,336.0,114.0,247.0,382.0,60.0,-508.0
-26.0,,-83.0,89.0,325.0,85.0,262.0,698.0,68.0,-639.0
-35.0,,-52.0,41.0,272.0,146.0,282.0,430.0,81.0,-758.0
-50.0,,-51.0,-7.0,198.0,187.0,292.0,644.0,87.0,-801.0
-108.0,,-49.0,-19.0,124.0,137.0,314.0,648.0,101.0,-808.0
-133.0,,-45.0,-91.0,54.0,129.0,316.0,473.0,125.0,-834.0
-83.0,,-23.0,-263.0,10.0,160.0,292.0,716.0,143.0,-824.0
-72.0,,-12.0,-318.0,-3.0,199.0,285.0,354.0,162.0,-710.0
-52.0,,4.0,-397.0,5.0,113.0,270.0,602.0,181.0,-529.0
14.0,,56.0,-612.0,23.0,6.0,255.0,434.0,201.0,-400.0
69.0,,107.0,-698.0,44.0,92.0,230.0,450.0,196.0,-333.0
96.0,,148.0,-743.0,44.0,243.0,225.0,667.0,175.0,-319.0
121.0,,204.0,-793.0,0.0,222.0,243.0,458.0,144.0,-234.0
149.0,,278.0,-737.0,-55.0,88.0,230.0,757.0,89.0,-109.0
154.0,,344.0,-653.0,-93.0,189.0,230.0,397.0,54.0,-48.0
183.0,,409.0,-591.0,-108.0,319.0,252.0,474.0,27.0,-31.0
194.0,,486.0,-576.0,-104.0,206.0,274.0,393.0,15.0,5.0
174.0,,557.0,-472.0,-90.0,92.0,282.0,153.0,19.0,-21.0
201.0,,614.0,-367.0,-48.0,197.0,273.0,417.0,15.0,-43.0
212.0,,655.0,-367.0,17.0,373.0,243.0,138.0,18.0,61.0
186.0,,677.0,-314.0,64.0,331.0,199.0,452.0,3.0,7.0
157.0,,712.0,-236.0,77.0,217.0,173.0,330.0,-1.0,-40.0
150.0,,741.0,-222.0,72.0,267.0,153.0,275.0,-15.0,64.0
139.0,,750.0,-209.0,66.0,388.0,137.0,365.0,-39.0,106.0
87.0,,756.0,-155.0,69.0,369.0,139.0,60.0,-48.0,160.0
56.0,,758.0,-114.0,71.0,248.0,150.0,341.0,-84.0,200.0
61.0,,753.0,-125.0,61.0,252.0,157.0,66.0,-119.0,201.0
58.0,,728.0,-216.0,41.0,385.0,154.0,277.0,-145.0,238.0
29.0,,708.0,-254.0,7.0,413.0,161.0,352.0,-175.0,289.0
22.0,,685.0,-269.0,-45.0,338.0,176.0,219.0,-181.0,334.0
27.0,,659.0,-389.0,-85.0,375.0,189.0,461.0,-187.0,368.0
37.0,,650.0,-519.0,-80.0,523.0,181.0,79.0,-180.0,447.0
63.0,,640.0,-632.0,-43.0,600.0,146.0,288.0,-174.0,568.0
79.0,,627.0,-671.0,-6.0,515.0,127.0,109.0,-181.0,637.0
146.0,,626.0,-707.0,19.0,466.0,139.0,120.0,-174.0,728.0
214.0,,614.0,-767.0,25.0,563.0,162.0,304.0,-169.0,823.0
268.0,,587.0,-647.0,5.0,626.0,161.0,96.0,-161.0,867.0
337.0,,584.0,-471.0,-33.0,548.0,152.0,476.0,-135.0,915.0
373.0,,576.0,-336.0,-73.0,483.0,179.0,240.0,-107.0,875.0
400.0,,555.0,-258.0,-87.0,538.0,218.0,408.0,-67.0,752.0
409.0,,562.0,-213.0,-71.0,559.0,234.0,354.0,-11.0,634.0
405.0,,559.0,-48.0,-31.0,483.0,215.0,92.0,34.0,521.0
427.0,,555.0,73.0,15.0,448.0,191.0,327.0,93.0,285.0
443.0,,545.0,124.0,46.0,519.0,186.0,49.0,160.0,13.0
464.0,,526.0,246.0,64.0,556.0,202.0,384.0,217.0,-192.0
485.0,,526.0,317.0,71.0,429.0,218.0,266.0,273.0,-391.0
494.0,,526.0,394.0,84.0,375.0,199.0,245.0,301.0,-559.0
526.0,,523.0,483.0,122.0,478.0,193.0,358.0,303.0,-683.0
494.0,,523.0,441.0,166.0,483.0,200.0,25.0,282.0,-787.0
458.0,,531.0,473.0,177.0,421.0,171.0,338.0,244.0,-953.0
455.0,,540.0,449.0,153.0,419.0,126.0,86.0,195.0,-1051.0
409.0,,552.0,342.0,116.0,455.0,105.0,256.0,129.0,-1110.0
359.0,,554.0,357.0,71.0,494.0,90.0,262.0,61.0,-1152.0
310.0,,537.0,299.0,12.0,465.0,54.0,83.0,-9.0,-1166.0
304.0,,532.0,206.0,-56.0,379.0,49.0,365.0,-80.0,-1200.0
259.0,,526.0,168.0,-125.0,340.0,47.0,35.0,-127.0,-1191.0
196.0,,494.0,122.0,-178.0,331.0,15.0,264.0,-169.0,-1193.0
168.0,,459.0,91.0,-215.0,236.0,-8.0,55.0,-180.0,-1150.0
104.0,,431.0,2.0,-243.0,123.0,-33.0,-22.0,-164.0,-1118.0
46.0,,378.0,-89.0,-227.0,151.0,-54.0,105.0,-160.0,-1091.0
-35.0,,344.0,-25.0,-157.0,224.0,-90.0,-109.0,-130.0,-1080.0
-106.0,,314.0,15.0,-71.0,181.0,-123.0,271.0,-86.0,-1155.0
-134.0,,264.0,-47.0,-1.0,105.0,-130.0,18.0,-41.0,-1086.0
-180.0,,237.0,-94.0,50.0,153.0,-175.0,157.0,11.0,-1001.0
-215.0,,211.0,-114.0,99.0,231.0,-239.0,90.0,51.0,-973.0
-253.0,,174.0,-120.0,127.0,148.0,-268.0,-116.0,62.0,-896.0
-270.0,,147.0,-207.0,112.0,98.0,-288.0,171.0,52.0,-886.0
-273.0,,133.0,-287.0,55.0,166.0,-317.0,-147.0,42.0,-809.0
-305.0,,102.0,-309.0,-28.0,167.0,-310.0,105.0,26.0,-721.0
-303.0,,108.0,-349.0,-92.0,41.0,-313.0,-68.0,20.0,-696.0
-283.0,,116.0,-401.0,-128.0,-79.0,-342.0,-94.0,33.0,-662.0
-256.0,,100.0,-420.0,-161.0,-26.0,-346.0,90.0,36.0,-616.0
-229.0,,125.0,-460.0,-164.0,-10.0,-340.0,-129.0,16.0,-530.0
-228.0,,129.0,-517.0,-140.0,-83.0,-334.0,181.0,2.0,-411.0
-210.0,,117.0,-531.0,-95.0,-152.0,-339.0,-181.0,-12.0,-241.0
-193.0,,116.0,-575.0,-25.0,-167.0,-352.0,-116.0,-50.0,-127.0
-205.0,,132.0,-550.0,59.0,-95.0,-376.0,-177.0,-95.0,-2.0
-231.0,,135.0,-525.0,143.0,-114.0,-402.0,-303.0,-152.0,170.0
-246.0,,128.0,-502.0,196.0,-146.0,-415.0,11.0,-207.0,296.0
-244.0,,135.0,-453.0,243.0,-135.0,-403.0,-291.0,-269.0,363.0
-261.0,,113.0,-474.0,300.0,-125.0,-394.0,11.0,-337.0,331.0
-269.0,,76.0,-420.0,344.0,-185.0,-417.0,-201.0,-385.0,241.0
-252.0,,44.0,-359.0,337.0,-287.0,-432.0,-242.0,-452.0,210.0
-278.0,,-8.0,-327.0,256.0,-236.0,-457.0,-112.0,-535.0,195.0
-320.0,,-75.0,-320.0,155.0,-169.0,-447.0,-395.0,-605.0,28.0
-339.0,,-112.0,-375.0,73.0,-206.0,-442.0,-92.0,-670.0,-167.0
-340.0,,-180.0,-385.0,-22.0,-318.0,-461.0,-388.0,-712.0,-356.0
-363.0,,-231.0,-434.0,-130.0,-298.0,-425.0,-177.0,-713.0,-508.0
-384.0,,-246.0,-462.0,-185.0,-135.0,-380.0,-149.0,-707.0,-548.0
-345.0,,-291.0,-383.0,-170.0,-174.0,-359.0,-295.0,-693.0,-675.0
-322.0,,-272.0,-384.0,-104.0,-319.0,-344.0,-49.0,-665.0,-765.0
-323.0,,-241.0,-376.0,-41.0,-313.0,-317.0,-447.0,-643.0,-750.0
-290.0,,-219.0,-232.0,-12.0,-181.0,-302.0,-240.0,-594.0,-729.0
-248.0,,-143.0,-168.0,-26.0,-170.0,-283.0,-419.0,-531.0,-652.0
-206.0,,-90.0,-185.0,-77.0,-297.0,-265.0,-428.0,-451.0,-512.0
-189.0,,-46.0,-152.0,-126.0,-325.0,-235.0,-242.0,-363.0,-400.0
-190.0,,16.0,-103.0,-162.0,-273.0,-214.0,-439.0,-287.0,-306.0
-151.0,,37.0,-42.0,-173.0,-223.0,-240.0,-90.0,-183.0,-127.0
-124.0,,58.0,-24.0,-159.0,-251.0,-238.0,-367.0,-81.0,46.0
-140.0,,93.0,10.0,-132.0,-283.0,-213.0,-264.0,0.0,216.0
-138.0,,93.0,90.0,-98.0,-208.0,-208.0,-304.0,72.0,302.0
-112.0,,78.0,64.0,-52.0,-167.0,-227.0,-434.0,90.0,333.0
-102.0,,49.0,30.0,22.0,-169.0,-236.0,-99.0,84.0,459.0
-130.0,,15.0,0.0,103.0,-144.0,-243.0,-417.0,93.0,509.0
-115.0,,-25.0,-38.0,157.0,-110.0,-249.0,-197.0,101.0,524.0
-76.0,,-65.0,3.0,187.0,-88.0,-261.0,-384.0,116.0,587.0
-58.0,,-98.0,-39.0,189.0,-105.0,-268.0,-426.0,124.0,606.0
-35.0,,-131.0,-160.0,143.0,-92.0,-253.0,-279.0,119.0,633.0
-28.0,,-157.0,-187.0,47.0,-33.0,-236.0,-569.0,102.0,675.0
6.0,,-172.0,-167.0,-52.0,4.0,-164.0,-271.0,64.0,716.0
23.0,,-149.0,-158.0,-118.0,-59.0,-102.0,-561.0,18.0,764.0
50.0,,-150.0,-150.0,-149.0,-87.0,-37.0,-430.0,-22.0,813.0
109.0,,-147.0,-56.0,-144.0,87.0,40.0,-395.0,-48.0,836.0
165.0,,-120.0,7.0,-100.0,188.0,76.0,-532.0,-60.0,826.0
247.0,,-123.0,-9.0,-30.0,97.0,140.0,-227.0,-50.0,807.0
289.0,,-87.0,69.0,58.0,29.0,213.0,-558.0,-51.0,741.0
315.0,,-58.0,41.0,132.0,119.0,273.0,-323.0,-67.0,711.0
365.0,,-42.0,19.0,176.0,187.0,298.0,-463.0,-57.0,622.0
397.0,,0.0,33.0,184.0,93.0,333.0,-491.0,-40.0,511.0
390.0,,36.0,-20.0,154.0,93.0,403.0,-317.0,-34.0,470.0
389.0,,83.0,3.0,116.0,242.0,437.0,-594.0,-37.0,421.0
399.0,,124.0,-83.0,56.0,303.0,458.0,-310.0,-29.0,380.0
403.0,,163.0,-204.0,-24.0,201.0,462.0,-576.0,-26.0,369.0
376.0,,182.0,-240.0,-113.0,160.0,468.0,-456.0,-33.0,346.0
327.0,,190.0,-299.0,-202.0,254.0,474.0,-460.0,-26.0,266.0
328.0,,188.0,-397.0,-274.0,279.0,457.0,-655.0,-20.0,288.0
348.0,,145.0,-455.0,-317.0,248.0,472.0,-426.0,6.0,300.0
364.0,,115.0,-436.0,-301.0,217.0,491.0,-822.0,47.0,329.0
352.0,,76.0,-434.0,-252.0,208.0,479.0,-594.0,82.0,406.0
359.0,,28.0,-451.0,-202.0,267.0,486.0,-691.0,110.0,457.0
391.0,,1.0,-480.0,-132.0,182.0,504.0,-676.0,132.0,485.0
387.0,,-15.0,-446.0,-55.0,50.0,501.0,-424.0,161.0,538.0
382.0,,-44.0,-416.0,20.0,114.0,506.0,-718.0,184.0,632.0
373.0,,-51.0,-446.0,85.0,207.0,519.0,-515.0,199.0,622.0
393.0,,-39.0,-465.0,97.0,166.0,542.0,-903.0,198.0,646.0
400.0,,-72.0,-502.0,40.0,33.0,560.0,-910.0,202.0,583.0
374.0,,-60.0,-494.0,-59.0,91.0,571.0,-885.0,209.0,579.0
392.0,,-50.0,-474.0,-151.0,222.0,600.0,-964.0,223.0,634.0
413.0,,-71.0,-533.0,-192.0,166.0,585.0,-580.0,268.0,596.0
412.0,,-64.0,-569.0,-173.0,64.0,534.0,-888.0,319.0,588.0
418.0,,-83.0,-567.0,-108.0,75.0,522.0,-718.0,361.0,468.0
444.0,,-100.0,-636.0,-32.0,164.0,540.0,-947.0,383.0,411.0
456.0,,-97.0,-773.0,45.0,121.0,510.0,-1097.0,403.0,424.0
443.0,,-95.0,-811.0,131.0,95.0,426.0,-914.0,412.0,337.0
433.0,,-85.0,-783.0,214.0,120.0,373.0,-1134.0,407.0,289.0
387.0,,-56.0,-793.0,270.0,115.0,333.0,-761.0,412.0,240.0
317.0,,-36.0,-760.0,269.0,93.0,254.0,-947.0,408.0,149.0
287.0,,0.0,-703.0,245.0,-18.0,201.0,-872.0,402.0,217.0
229.0,,17.0,-676.0,200.0,-50.0,195.0,-923.0,365.0,302.0
148.0,,30.0,-716.0,143.0,-24.0,194.0,-1182.0,298.0,305.0
98.0,,66.0,-799.0,94.0,-8.0,185.0,-936.0,213.0,296.0
54.0,,42.0,-776.0,39.0,-37.0,179.0,-1273.0,102.0,337.0
10.0,,63.0,-713.0,2.0,-113.0,194.0,-1008.0,-12.0,432.0
-48.0,,67.0,-705.0,14.0,-64.0,198.0,-1104.0,-122.0,545.0
-81.0,,32.0,-673.0,67.0,-58.0,202.0,-1152.0,-215.0,621.0
-112.0,,27.0,-588.0,130.0,-120.0,201.0,-949.0,-284.0,580.0
-180.0,,-20.0,-524.0,156.0,-117.0,194.0,-1293.0,-340.0,594.0
-237.0,,-35.0,-552.0,123.0,-95.0,199.0,-1031.0,-384.0,613.0
-283.0,,-39.0,-525.0,30.0,-66.0,176.0,-1298.0,-410.0,607.0
-293.0,,-60.0,-459.0,-86.0,-125.0,165.0,-1175.0,-422.0,505.0
-303.0,,-54.0,-453.0,-157.0,-173.0,155.0,-1067.0,-419.0,424.0
-358.0,,-56.0,-468.0,-184.0,-143.0,124.0,-1189.0,-404.0,326.0
-399.0,,-53.0,-503.0,-193.0,-166.0,79.0,-849.0,-375.0,208.0
-395.0,,-29.0,-544.0,-161.0,-211.0,-4.0,-1189.0,-329.0,185.0
-407.0,,-26.0,-611.0,-82.0,-223.0,-42.0,-903.0,-280.0,5.0
-454.0,,-13.0,-611.0,-13.0,-182.0,-67.0,-951.0,-231.0,-167.0
-481.0,,-9.0,-574.0,5.0,-161.0,-107.0,-1008.0,-180.0,-320.0
-494.0,,-16.0,-539.0,-5.0,-197.0,-100.0,-844.0,-113.0,-424.0
-526.0,,10.0,-498.0,-19.0,-203.0,-119.0,-1195.0,-50.0,-489.0
-537.0,,12.0,-485.0,-27.0,-178.0,-149.0,-901.0,-3.0,-602.0
-518.0,,17.0,-458.0,-47.0,-209.0,-176.0,-1080.0,26.0,-707.0
-509.0,,19.0,-498.0,-59.0,-270.0,-207.0,-912.0,53.0,-687.0
-494.0,,15.0,-470.0,-47.0,-305.0,-238.0,-844.0,75.0,-627.0
-475.0,,23.0,-415.0,-19.0,-270.0,-282.0,-1014.0,81.0,-616.0
-462.0,,20.0,-432.0,20.0,-229.0,-300.0,-733.0,93.0,-486.0
-432.0,,39.0,-401.0,26.0,-313.0,-311.0,-1053.0,88.0,-361.0
-405.0,,44.0,-392.0,-33.0,-364.0,-359.0,-759.0,72.0,-144.0
-384.0,,40.0,-334.0,-150.0,-314.0,-406.0,-801.0,78.0,112.0
-350.0,,22.0,-294.0,-263.0,-280.0,-412.0,-800.0,100.0,364.0
-307.0,,15.0,-180.0,-310.0,-308.0,-428.0,-528.0,124.0,626.0
-251.0,,12.0,40.0,-274.0,-313.0,-439.0,-759.0,149.0,864.0
-233.0,,12.0,93.0,-175.0,-236.0,-433.0,-463.0,157.0,1072.0
-218.0,,21.0,196.0,-63.0,-194.0,-431.0,-753.0,133.0,1222.0
-205.0,,10.0,324.0,28.0,-253.0,-450.0,-679.0,83.0,1379.0
-203.0,,28.0,292.0,81.0,-298.0,-454.0,-620.0,33.0,1430.0
-170.0,,3.0,245.0,110.0,-227.0,-446.0,-770.0,-17.0,1469.0
-222.0,,-18.0,185.0,147.0,-141.0,-444.0,-365.0,-69.0,1458.0
-279.0,,-39.0,48.0,184.0,-186.0,-435.0,-600.0,-110.0,1410.0
-265.0,,-89.0,-89.0,202.0,-270.0,-465.0,-347.0,-154.0,1373.0
-261.0,,-116.0,-152.0,198.0,-200.0,-469.0,-448.0,-170.0,1298.0
-288.0,,-159.0,-123.0,198.0,-125.0,-406.0,-552.0,-170.0,1155.0
-319.0,,-169.0,-103.0,194.0,-143.0,-358.0,-373.0,-177.0,1034.0
-278.0,,-194.0,-68.0,140.0,-117.0,-331.0,-650.0,-176.0,929.0
-203.0,,-228.0,44.0,63.0,-71.0,-301.0,-303.0,-196.0,721.0
-145.0,,-248.0,1.0,-14.0,-57.0,-258.0,-456.0,-218.0,616.0
-113.0,,-304.0,-54.0,-104.0,-95.0,-221.0,-256.0,-203.0,483.0
-52.0,,-350.0,-45.0,-176.0,-137.0,-218.0,-129.0,-154.0,329.0
63.0,,-397.0,-116.0,-204.0,-107.0,-216.0,-273.0,-79.0,232.0
115.0,,-449.0,-232.0,-191.0,-26.0,-185.0,-35.0,1.0,150.0
137.0,,-498.0,-356.0,-145.0,-8.0,-168.0,-469.0,59.0,101.0
210.0,,-547.0,-362.0,-86.0,-64.0,-184.0,-262.0,105.0,12.0
267.0,,-600.0,-406.0,-14.0,-25.0,-197.0,-371.0,133.0,-48.0
297.0,,-664.0,-435.0,69.0,77.0,-202.0,-384.0,121.0,-57.0
310.0,,-709.0,-354.0,155.0,58.0,-199.0,-158.0,100.0,-57.0
313.0,,-755.0,-327.0,235.0,29.0,-194.0,-473.0,44.0,-96.0
309.0,,-806.0,-308.0,270.0,72.0,-182.0,-195.0,-21.0,-100.0
263.0,,-834.0,-281.0,241.0,162.0,-150.0,-467.0,-86.0,-127.0
233.0,,-863.0,-260.0,171.0,214.0,-142.0,-319.0,-134.0,-139.0
207.0,,-874.0,-242.0,79.0,109.0,-125.0,-203.0,-135.0,-88.0
132.0,,-880.0,-244.0,-40.0,104.0,-95.0,-297.0,-128.0,-67.0
67.0,,-885.0,-310.0,-176.0,173.0,-84.0,59.0,-127.0,-78.0
59.0,,-877.0,-298.0,-309.0,171.0,-70.0,-245.0,-140.0,-76.0
49.0,,-872.0,-228.0,-387.0,156.0,-33.0,-22.0,-151.0,-30.0
18.0,,-839.0,-238.0,-384.0,183.0,18.0,-206.0,-162.0,-23.0
6.0,,-821.0,-230.0,-344.0,279.0,40.0,-256.0,-174.0,9.0
-3.0,,-794.0,-228.0,-306.0,306.0,87.0,-7.0,-171.0,-47.0
-1.0,,-759.0,-183.0,-274.0,313.0,141.0,-291.0,-176.0,-89.0
-5.0,,-761.0,-141.0,-233.0,334.0,143.0,49.0,-176.0,-43.0
-16.0,,-742.0,-211.0,-197.0,332.0,129.0,-149.0,-184.0,-52.0
-13.0,,-732.0,-224.0,-169.0,298.0,131.0,1.0,-190.0,-52.0
9.0,,-705.0,-164.0,-140.0,261.0,163.0,114.0,-162.0,-78.0
-3.0,,-675.0,-191.0,-86.0,304.0,182.0,22.0,-98.0,-104.0
-20.0,,-650.0,-214.0,-23.0,411.0,187.0,352.0,-13.0,-149.0
-13.0,,-589.0,-157.0,6.0,442.0,204.0,0.0,60.0,-132.0
-43.0,,-549.0,-125.0,4.0,390.0,209.0,201.0,124.0,-196.0
-33.0,,-494.0,-137.0,-27.0,400.0,225.0,42.0,162.0,-233.0
-61.0,,-444.0,-192.0,-62.0,478.0,239.0,27.0,183.0,-163.0
-127.0,,-397.0,-220.0,-84.0,569.0,242.0,293.0,206.0,-169.0
-145.0,,-349.0,-272.0,-87.0,521.0,287.0,46.0,224.0,-119.0
-136.0,,-307.0,-300.0,-85.0,484.0,329.0,367.0,258.0,-108.0
-140.0,,-245.0,-227.0,-90.0,540.0,328.0,99.0,294.0,-105.0
-165.0,,-222.0,-207.0,-60.0,530.0,329.0,190.0,324.0,-80.0
-146.0,,-191.0,-246.0,15.0,415.0,353.0,238.0,357.0,-55.0
-115.0,,-160.0,-294.0,96.0,296.0,380.0,105.0,357.0,-59.0
-96.0,,-157.0,-325.0,151.0,392.0,408.0,430.0,330.0,-39.0
-90.0,,-158.0,-355.0,182.0,438.0,416.0,151.0,293.0,-35.0
-97.0,,-134.0,-358.0,170.0,336.0,402.0,391.0,219.0,-86.0
-94.0,,-118.0,-337.0,126.0,315.0,404.0,264.0,136.0,-56.0
-76.0,,-125.0,-299.0,91.0,381.0,412.0,271.0,80.0,-82.0
-59.0,,-117.0,-277.0,63.0,471.0,403.0,473.0,25.0,-89.0
-70.0,,-138.0,-213.0,30.0,448.0,369.0,199.0,-31.0,-128.0
-107.0,,-166.0,-107.0,-20.0,392.0,350.0,506.0,-103.0,-202.0
-170.0,,-205.0,-108.0,-70.0,410.0,344.0,279.0,-204.0,-226.0
-212.0,,-218.0,-114.0,-88.0,472.0,333.0,406.0,-311.0,-292.0
-264.0,,-235.0,-117.0,-100.0,464.0,310.0,402.0,-402.0,-378.0
-318.0,,-260.0,-108.0,-121.0,388.0,274.0,253.0,-477.0,-376.0
-337.0,,-245.0,-187.0,-129.0,410.0,287.0,543.0,-517.0,-296.0
-354.0,,-258.0,-329.0,-106.0,450.0,304.0,182.0,-521.0,-267.0
-345.0,,-247.0,-363.0,-56.0,460.0,305.0,417.0,-521.0,-182.0
-354.0,,-240.0,-477.0,-3.0,399.0,313.0,310.0,-494.0,-59.0
-376.0,,-232.0,-583.0,60.0,335.0,316.0,351.0,-440.0,22.0
-381.0,,-222.0,-576.0,142.0,434.0,346.0,641.0,-369.0,158.0
-403.0,,-230.0,-476.0,192.0,431.0,356.0,426.0,-272.0,286.0
-429.0,,-219.0,-306.0,149.0,375.0,338.0,729.0,-178.0,322.0
-438.0,,-242.0,-211.0,63.0,434.0,335.0,415.0,-101.0,366.0
-461.0,,-258.0,-176.0,-1.0,450.0,342.0,485.0,-24.0,432.0
-497.0,,-268.0,-154.0,-39.0,387.0,351.0,489.0,33.0,397.0
-478.0,,-281.0,-157.0,-28.0,323.0,350.0,317.0,54.0,284.0
-439.0,,-272.0,-129.0,30.0,419.0,354.0,609.0,45.0,185.0
-436.0,,-286.0,-81.0,109.0,521.0,365.0,303.0,25.0,14.0
-441.0,,-282.0,-59.0,165.0,489.0,374.0,543.0,0.0,-159.0
-412.0,,-256.0,-31.0,201.0,392.0,398.0,365.0,-27.0,-273.0
-363.0,,-250.0,-7.0,205.0,328.0,422.0,360.0,-47.0,-360.0
-334.0,,-221.0,0.0,147.0,385.0,414.0,600.0,-78.0,-381.0
-345.0,,-205.0,-6.0,65.0,362.0,415.0,365.0,-105.0,-433.0
-375.0,,-194.0,-35.0,26.0,308.0,416.0,731.0,-131.0,-400.0
-361.0,,-170.0,-51.0,36.0,323.0,407.0,528.0,-153.0,-273.0
-350.0,,-177.0,-40.0,56.0,346.0,412.0,681.0,-162.0,-127.0
-342.0,,-173.0,-66.0,80.0,344.0,427.0,685.0,-168.0,17.0
-338.0,,-183.0,-31.0,97.0,232.0,462.0,530.0,-168.0,100.0
-338.0,,-214.0,19.0,122.0,201.0,483.0,800.0,-177.0,154.0
-297.0,,-244.0,54.0,162.0,273.0,494.0,461.0,-165.0,226.0
-275.0,,-277.0,147.0,162.0,272.0,506.0,691.0,-138.0,353.0
-272.0,,-287.0,166.0,126.0,223.0,503.0,493.0,-115.0,404.0
-277.0,,-313.0,209.0,87.0,211.0,502.0,537.0,-93.0,433.0
-260.0,,-325.0,166.0,52.0,270.0,490.0,766.0,-91.0,475.0
-227.0,,-321.0,62.0,-13.0,267.0,467.0,506.0,-98.0,458.0
-235.0,,-321.0,51.0,-144.0,178.0,423.0,851.0,-110.0,469.0
-237.0,,-318.0,-42.0,-292.0,125.0,416.0,587.0,-138.0,490.0
-200.0,,-320.0,-121.0,-405.0,158.0,442.0,726.0,-163.0,445.0
-148.0,,-302.0,-89.0,-470.0,202.0,408.0,742.0,-161.0,416.0
-156.0,,-287.0,-31.0,-475.0,152.0,386.0,576.0,-141.0,466.0
-212.0,,-268.0,0.0,-432.0,98.0,366.0,840.0,-114.0,440.0
-200.0,,-244.0,99.0,-380.0,162.0,331.0,550.0,-66.0,419.0
-153.0,,-225.0,247.0,-336.0,178.0,339.0,820.0,-17.0,470.0
-166.0,,-222.0,352.0,-289.0,25.0,332.0,646.0,32.0,443.0
-190.0,,-220.0,395.0,-212.0,-43.0,330.0,659.0,85.0,474.0
-199.0,,-210.0,401.0,-116.0,56.0,339.0,861.0,148.0,583.0
-174.0,,-226.0,460.0,-53.0,102.0,349.0,602.0,210.0,621.0
-130.0,,-228.0,432.0,-25.0,-31.0,351.0,909.0,263.0,687.0
-133.0,,-216.0,346.0,-4.0,-144.0,329.0,569.0,307.0,802.0
-140.0,,-232.0,295.0,0.0,-116.0,322.0,604.0,347.0,858.0
-123.0,,-241.0,195.0,-46.0,-112.0,333.0,600.0,383.0,874.0
-83.0,,-252.0,142.0,-134.0,-217.0,318.0,537.0,382.0,874.0
-70.0,,-255.0,118.0,-228.0,-296.0,268.0,936.0,359.0,868.0
-105.0,,-255.0,75.0,-324.0,-201.0,247.0,733.0,311.0,833.0
-120.0,,-279.0,120.0,-389.0,-145.0,227.0,1060.0,257.0,785.0
-114.0,,-275.0,209.0,-379.0,-231.0,206.0,870.0,220.0,746.0
-85.0,,-291.0,275.0,-302.0,-329.0,208.0,812.0,198.0,628.0
-59.0,,-313.0,341.0,-193.0,-319.0,214.0,951.0,199.0,492.0
-54.0,,-291.0,389.0,-90.0,-220.0,244.0,685.0,199.0,419.0
-38.0,,-314.0,397.0,-26.0,-272.0,240.0,1043.0,187.0,306.0
-2.0,,-309.0,337.0,-8.0,-381.0,238.0,781.0,157.0,164.0
43.0,,-284.0,320.0,-17.0,-325.0,246.0,920.0,118.0,109.0
37.0,,-271.0,390.0,-7.0,-224.0,223.0,923.0,84.0,54.0
-27.0,,-226.0,400.0,42.0,-297.0,203.0,781.0,62.0,25.0
-53.0,,-216.0,347.0,108.0,-394.0,164.0,1021.0,60.0,41.0
-57.0,,-202.0,274.0,158.0,-292.0,145.0,700.0,80.0,-22.0
-90.0,,-190.0,180.0,204.0,-221.0,132.0,1008.0,100.0,-30.0
-175.0,,-199.0,100.0,250.0,-303.0,99.0,857.0,100.0,25.0
-266.0,,-217.0,90.0,254.0,-375.0,80.0,897.0,87.0,3.0
-257.0,,-245.0,130.0,241.0,-319.0,88.0,1049.0,72.0,-64.0
-243.0,,-282.0,163.0,224.0,-233.0,120.0,766.0,22.0,-112.0
-306.0,,-342.0,182.0,175.0,-293.0,143.0,1116.0,-48.0,-158.0
-343.0,,-397.0,188.0,113.0,-361.0,162.0,855.0,-114.0,-227.0
-310.0,,-454.0,222.0,59.0,-319.0,167.0,1018.0,-191.0,-275.0
-291.0,,-489.0,222.0,12.0,-281.0,183.0,981.0,-248.0,-266.0
-345.0,,-519.0,185.0,-36.0,-282.0,235.0,803.0,-306.0,-275.0
-376.0,,-547.0,176.0,-35.0,-317.0,266.0,1032.0,-354.0,-260.0
-378.0,,-535.0,167.0,35.0,-302.0,288.0,707.0,-363.0,-237.0
-399.0,,-518.0,110.0,80.0,-241.0,308.0,1006.0,-374.0,-224.0
-414.0,,-472.0,97.0,45.0,-298.0,313.0,866.0,-362.0,-179.0
-428.0,,-416.0,143.0,-14.0,-417.0,338.0,938.0,-328.0,-173.0
-436.0,,-353.0,112.0,-38.0,-386.0,372.0,1110.0,-283.0,-149.0
-466.0,,-268.0,35.0,-45.0,-248.0,378.0,883.0,-244.0,-173.0
-472.0,,-188.0,-12.0,-42.0,-269.0,371.0,1232.0,-213.0,-157.0
-456.0,,-101.0,-23.0,18.0,-381.0,383.0,920.0,-172.0,-101.0
-459.0,,-16.0,-69.0,126.0,-298.0,384.0,1067.0,-136.0,-115.0
-440.0,,79.0,-126.0,220.0,-193.0,360.0,1075.0,-82.0,-89.0
-431.0,,174.0,-159.0,269.0,-282.0,342.0,973.0,-20.0,-81.0
-422.0,,265.0,-135.0,264.0,-414.0,327.0,1265.0,43.0,-28.0
-420.0,,357.0,-35.0,235.0,-414.0,331.0,958.0,122.0,59.0
-413.0,,425.0,-34.0,186.0,-347.0,338.0,1210.0,202.0,109.0
-380.0,,488.0,15.0,105.0,-369.0,320.0,1010.0,257.0,101.0
-363.0,,537.0,89.0,24.0,-487.0,341.0,1023.0,299.0,153.0
-348.0,,555.0,-51.0,-44.0,-493.0,369.0,1149.0,351.0,210.0
-344.0,,582.0,-199.0,-87.0,-350.0,372.0,872.0,387.0,173.0
-323.0,,596.0,-231.0,-102.0,-346.0,389.0,1212.0,407.0,159.0
-305.0,,579.0,-291.0,-108.0,-416.0,373.0,986.0,424.0,77.0
-301.0,,577.0,-392.0,-75.0,-411.0,353.0,1176.0,433.0,26.0
-285.0,,547.0,-424.0,6.0,-346.0,331.0,1106.0,419.0,-104.0
-288.0,,510.0,-411.0,119.0,-310.0,300.0,872.0,372.0,-300.0
-304.0,,489.0,-408.0,250.0,-414.0,280.0,1091.0,319.0,-415.0
-318.0,,462.0,-326.0,364.0,-450.0,260.0,772.0,253.0,-565.0
-301.0,,436.0,-243.0,445.0,-374.0,216.0,1058.0,177.0,-623.0
-312.0,,401.0,-230.0,473.0,-323.0,166.0,901.0,103.0,-631.0
-357.0,,366.0,-216.0,433.0,-342.0,179.0,938.0,16.0,-598.0
-364.0,,317.0,-242.0,348.0,-410.0,177.0,1079.0,-67.0,-460.0
-365.0,,285.0,-213.0,254.0,-400.0,152.0,790.0,-132.0,-282.0
-400.0,,233.0,-154.0,190.0,-354.0,168.0,1090.0,-193.0,-35.0
-466.0,,200.0,-169.0,140.0,-373.0,211.0,798.0,-236.0,236.0
-477.0,,197.0,-229.0,69.0,-396.0,232.0,1040.0,-241.0,454.0
-454.0,,167.0,-310.0,-2.0,-354.0,232.0,1130.0,-223.0,591.0
-446.0,,180.0,-349.0,-20.0,-330.0,253.0,1032.0,-194.0,681.0
-421.0,,178.0,-389.0,0.0,-409.0,248.0,1304.0,-171.0,834.0
-371.0,,185.0,-395.0,-11.0,-456.0,243.0,936.0,-165.0,983.0
-314.0,,209.0,-385.0,-49.0,-374.0,249.0,1099.0,-170.0,1047.0
-271.0,,198.0,-435.0,-99.0,-333.0,225.0,829.0,-164.0,1084.0
-217.0,,224.0,-469.0,-186.0,-404.0,214.0,873.0,-134.0,1186.0
-163.0,,234.0,-546.0,-275.0,-412.0,225.0,1071.0,-85.0,1362.0
-117.0,,232.0,-675.0,-360.0,-321.0,231.0,792.0,-25.0,1430.0
-102.0,,241.0,-708.0,-466.0,-280.0,241.0,1079.0,21.0,1357.0
-80.0,,246.0,-679.0,-588.0,-302.0,245.0,740.0,44.0,1351.0
-34.0,,252.0,-706.0,-692.0,-287.0,243.0,879.0,40.0,1372.0
-4.0,,252.0,-743.0,-685.0,-269.0,264.0,885.0,32.0,1290.0
39.0,,259.0,-709.0,-555.0,-253.0,260.0,779.0,28.0,1192.0
69.0,,274.0,-594.0,-363.0,-271.0,256.0,1084.0,39.0,992.0
86.0,,304.0,-446.0,-150.0,-298.0,253.0,763.0,77.0,841.0
87.0,,339.0,-341.0,51.0,-258.0,208.0,1012.0,126.0,778.0
122.0,,369.0,-234.0,235.0,-215.0,157.0,820.0,174.0,692.0
186.0,,401.0,-166.0,375.0,-206.0,140.0,820.0,179.0,581.0
197.0,,447.0,-141.0,421.0,-239.0,124.0,938.0,189.0,363.0
210.0,,496.0,-25.0,375.0,-179.0,118.0,685.0,229.0,191.0
248.0,,525.0,-3.0,334.0,-126.0,129.0,1032.0,261.0,117.0
278.0,,549.0,-7.0,333.0,-185.0,79.0,724.0,297.0,116.0
262.0,,556.0,110.0,289.0,-233.0,49.0,842.0,351.0,4.0
236.0,,539.0,136.0,226.0,-219.0,29.0,748.0,398.0,-218.0
258.0,,507.0,63.0,214.0,-156.0,-14.0,528.0,407.0,-398.0
272.0,,486.0,-14.0,217.0,-217.0,-27.0,750.0,381.0,-399.0
247.0,,447.0,-126.0,159.0,-283.0,-62.0,432.0,325.0,-327.0
227.0,,420.0,-229.0,19.0,-247.0,-79.0,694.0,242.0,-372.0
216.0,,402.0,-261.0,-119.0,-200.0,-93.0,509.0,137.0,-472.0
202.0,,358.0,-288.0,-204.0,-220.0,-132.0,582.0,39.0,-579.0
186.0,,349.0,-275.0,-194.0,-237.0,-155.0,733.0,-72.0,-540.0
177.0,,315.0,-191.0,-111.0,-149.0,-160.0,450.0,-192.0,-447.0
187.0,,271.0,-121.0,-55.0,-149.0,-154.0,709.0,-313.0,-362.0
236.0,,245.0,-11.0,-75.0,-201.0,-138.0,367.0,-443.0,-361.0
282.0,,206.0,168.0,-145.0,-222.0,-113.0,532.0,-568.0,-348.0
287.0,,165.0,248.0,-200.0,-200.0,-80.0,504.0,-686.0,-341.0
332.0,,144.0,278.0,-227.0,-167.0,-57.0,369.0,-760.0,-299.0
400.0,,138.0,330.0,-199.0,-210.0,-81.0,539.0,-799.0,-172.0
436.0,,123.0,281.0,-81.0,-256.0,-82.0,140.0,-798.0,-207.0
452.0,,132.0,239.0,55.0,-212.0,-49.0,406.0,-774.0,-208.0
449.0,,123.0,228.0,121.0,-136.0,-24.0,171.0,-736.0,-196.0
475.0,,134.0,222.0,79.0,-185.0,-3.0,199.0,-660.0,-192.0
516.0,,149.0,186.0,-8.0,-286.0,-3.0,310.0,-555.0,-85.0
536.0,,140.0,90.0,-58.0,-342.0,1.0,-12.0,-413.0,62.0
528.0,,152.0,-21.0,-62.0,-272.0,-14.0,206.0,-262.0,143.0
517.0,,124.0,-89.0,-26.0,-221.0,-34.0,-205.0,-114.0,287.0
500.0,,134.0,-111.0,23.0,-304.0,-43.0,-48.0,23.0,422.0
465.0,,139.0,-256.0,55.0,-246.0,-76.0,-86.0,143.0,459.0
451.0,,139.0,-326.0,78.0,-118.0,-102.0,-151.0,219.0,559.0
428.0,,157.0,-308.0,107.0,-130.0,-148.0,197.0,253.0,510.0
403.0,,137.0,-366.0,141.0,-206.0,-172.0,-55.0,265.0,476.0
356.0,,145.0,-310.0,170.0,-206.0,-152.0,236.0,237.0,513.0
275.0,,119.0,-271.0,218.0,-105.0,-138.0,-35.0,205.0,518.0
207.0,,98.0,-321.0,317.0,-75.0,-123.0,-94.0,154.0,574.0
154.0,,94.0,-269.0,429.0,-153.0,-106.0,-97.0,83.0,529.0
114.0,,44.0,-156.0,505.0,-138.0,-77.0,-352.0,12.0,446.0
73.0,,4.0,-13.0,538.0,-32.0,-70.0,9.0,-69.0,467.0
54.0,,-15.0,90.0,574.0,0.0,-73.0,-267.0,-151.0,572.0
35.0,,-57.0,123.0,601.0,-50.0,-79.0,-49.0,-250.0,469.0
-16.0,,-80.0,164.0,539.0,-56.0,-98.0,-120.0,-346.0,289.0
-98.0,,-92.0,153.0,407.0,18.0,-104.0,-245.0,-403.0,188.0
-155.0,,-152.0,91.0,283.0,72.0,-126.0,-18.0,-416.0,44.0
-172.0,,-185.0,48.0,213.0,48.0,-158.0,-334.0,-387.0,73.0
-245.0,,-245.0,-6.0,175.0,0.0,-208.0,-64.0,-326.0,-56.0
-328.0,,-333.0,-69.0,117.0,62.0,-233.0,-312.0,-242.0,-173.0
-341.0,,-378.0,-66.0,26.0,118.0,-239.0,-280.0,-130.0,-108.0
-338.0,,-457.0,-82.0,-77.0,99.0,-239.0,-253.0,12.0,-58.0
-373.0,,-507.0,-176.0,-117.0,103.0,-207.0,-532.0,162.0,88.0
-403.0,,-531.0,-290.0,-66.0,117.0,-167.0,-240.0,302.0,193.0
-373.0,,-555.0,-418.0,7.0,202.0,-126.0,-596.0,423.0,327.0
-307.0,,-518.0,-528.0,61.0,194.0,-113.0,-386.0,517.0,503.0
-289.0,,-469.0,-569.0,119.0,160.0,-95.0,-447.0,587.0,781.0
-310.0,,-383.0,-596.0,188.0,221.0,-67.0,-580.0,633.0,920.0
-261.0,,-261.0,-652.0,201.0,222.0,-49.0,-330.0,661.0,922.0
-207.0,,-149.0,-678.0,128.0,187.0,-57.0,-631.0,656.0,901.0
-219.0,,0.0,-660.0,22.0,154.0,-81.0,-421.0,618.0,850.0
-257.0,,137.0,-598.0,-54.0,233.0,-75.0,-739.0,573.0,825.0
-257.0,,242.0,-491.0,-53.0,292.0,-64.0,-696.0,531.0,639.0
-221.0,,345.0,-408.0,18.0,243.0,-64.0,-622.0,492.0,363.0
-210.0,,421.0,-375.0,72.0,175.0,-48.0,-866.0,458.0,142.0
-194.0,,464.0,-401.0,65.0,223.0,-40.0,-556.0,441.0,114.0
-156.0,,492.0,-480.0,30.0,337.0,-62.0,-886.0,426.0,44.0
-105.0,,520.0,-541.0,-11.0,227.0,-74.0,-683.0,417.0,-89.0
-54.0,,514.0,-564.0,-35.0,182.0,-66.0,-752.0,393.0,-207.0
-2.0,,514.0,-580.0,-31.0,284.0,-60.0,-851.0,354.0,-262.0
62.0,,516.0,-621.0,-5.0,325.0,-98.0,-613.0,340.0,-107.0
114.0,,504.0,-671.0,30.0,312.0,-126.0,-929.0,333.0,18.0
149.0,,506.0,-676.0,44.0,278.0,-158.0,-687.0,349.0,0.0
167.0,,494.0,-671.0,40.0,332.0,-221.0,-958.0,384.0,-7.0
204.0,,455.0,-639.0,-5.0,379.0,-254.0,-892.0,415.0,-45.0
247.0,,416.0,-530.0,-107.0,358.0,-283.0,-774.0,457.0,21.0
263.0,,391.0,-438.0,-164.0,309.0,-274.0,-933.0,503.0,97.0
277.0,,343.0,-376.0,-134.0,282.0,-269.0,-574.0,553.0,-65.0
277.0,,300.0,-295.0,-109.0,328.0,-247.0,-829.0,591.0,-100.0
289.0,,278.0,-249.0,-120.0,331.0,-218.0,-578.0,610.0,-170.0
291.0,,233.0,-238.0,-97.0,286.0,-209.0,-698.0,620.0,-204.0
268.0,,209.0,-266.0,-24.0,304.0,-162.0,-859.0,625.0,-123.0
246.0,,192.0,-269.0,32.0,363.0,-147.0,-674.0,624.0,-191.0
224.0,,155.0,-280.0,44.0,388.0,-160.0,-958.0,605.0,-265.0
213.0,,136.0,-363.0,35.0,344.0,-177.0,-630.0,564.0,-285.0
160.0,,104.0,-436.0,26.0,390.0,-182.0,-812.0,498.0,-359.0
113.0,,62.0,-470.0,17.0,511.0,-188.0,-759.0,429.0,-454.0
110.0,,44.0,-471.0,3.0,461.0,-242.0,-788.0,343.0,-414.0
114.0,,36.0,-487.0,-26.0,424.0,-314.0,-1042.0,247.0,-391.0
65.0,,25.0,-519.0,-54.0,490.0,-333.0,-757.0,175.0,-280.0
0.0,,7.0,-550.0,-55.0,507.0,-315.0,-1062.0,120.0,-306.0
0.0,,-5.0,-508.0,-36.0,464.0,-316.0,-779.0,90.0,-354.0
-10.0,,-15.0,-496.0,-7.0,397.0,-335.0,-824.0,70.0,-248.0
-69.0,,-6.0,-560.0,9.0,473.0,-345.0,-875.0,61.0,-266.0
-106.0,,2.0,-470.0,-21.0,538.0,-329.0,-691.0,67.0,-220.0
-97.0,,4.0,-364.0,-102.0,461.0,-321.0,-1060.0,71.0,-343.0
-82.0,,18.0,-355.0,-207.0,422.0,-341.0,-812.0,70.0,-434.0
-83.0,,36.0,-325.0,-304.0,419.0,-366.0,-1071.0,70.0,-382.0
-94.0,,38.0,-243.0,-354.0,528.0,-369.0,-960.0,80.0,-301.0
-96.0,,63.0,-165.0,-364.0,588.0,-399.0,-842.0,84.0,-224.0
-70.0,,95.0,-111.0,-326.0,502.0,-419.0,-1027.0,90.0,-285.0
-42.0,,112.0,-83.0,-228.0,518.0,-423.0,-733.0,86.0,-276.0
-51.0,,144.0,-153.0,-89.0,601.0,-438.0,-1056.0,67.0,-41.0
-97.0,,157.0,-250.0,49.0,630.0,-452.0,-849.0,56.0,311.0
-127.0,,184.0,-307.0,119.0,534.0,-466.0,-938.0,23.0,258.0
-147.0,,217.0,-431.0,76.0,485.0,-455.0,-1001.0,-32.0,165.0
-188.0,,233.0,-620.0,-62.0,546.0,-492.0,-800.0,-99.0,171.0
-211.0,,266.0,-709.0,-212.0,525.0,-540.0,-1143.0,-186.0,249.0
-207.0,,273.0,-698.0,-296.0,448.0,-549.0,-890.0,-278.0,370.0
-209.0,,290.0,-670.0,-300.0,445.0,-557.0,-1156.0,-351.0,208.0
-218.0,,326.0,-573.0,-275.0,538.0,-566.0,-1082.0,-398.0,-9.0
-244.0,,329.0,-482.0,-265.0,556.0,-586.0,-962.0,-425.0,-174.0
-268.0,,340.0,-394.0,-238.0,491.0,-631.0,-1090.0,-460.0,-68.0
-306.0,,345.0,-262.0,-180.0,459.0,-659.0,-731.0,-476.0,-112.0
-357.0,,332.0,-262.0,-124.0,472.0,-648.0,-1043.0,-464.0,-340.0
-383.0,,338.0,-308.0,-115.0,457.0,-680.0,-824.0,-435.0,-589.0
-403.0,,333.0,-327.0,-156.0,396.0,-688.0,-940.0,-400.0,-740.0
-417.0,,336.0,-430.0,-195.0,369.0,-679.0,-1036.0,-347.0,-602.0
-432.0,,322.0,-477.0,-151.0,367.0,-697.0,-776.0,-278.0,-565.0
-410.0,,291.0,-466.0,0.0,429.0,-677.0,-1056.0,-239.0,-791.0
-359.0,,277.0,-514.0,151.0,380.0,-696.0,-752.0,-211.0,-899.0
-315.0,,262.0,-548.0,220.0,261.0,-719.0,-971.0,-184.0,-774.0
-260.0,,243.0,-510.0,221.0,323.0,-717.0,-890.0,-176.0,-666.0
-196.0,,218.0,-443.0,199.0,391.0,-728.0,-831.0,-168.0,-520.0
-122.0,,201.0,-391.0,196.0,398.0,-724.0,-1051.0,-168.0,-621.0
-66.0,,180.0,-314.0,291.0,333.0,-716.0,-746.0,-166.0,-587.0
-48.0,,159.0,-255.0,486.0,304.0,-689.0,-1043.0,-147.0,-334.0
-35.0,,152.0,-231.0,647.0,370.0,-649.0,-779.0,-141.0,-187.0
-2.0,,165.0,-214.0,704.0,321.0,-628.0,-853.0,-153.0,-100.0
11.0,,186.0,-207.0,687.0,264.0,-631.0,-947.0,-198.0,-192.0
0.0,,234.0,-221.0,604.0,328.0,-618.0,-763.0,-252.0,-228.0
-22.0,,282.0,-289.0,401.0,446.0,-587.0,-1106.0,-290.0,47.0
-31.0,,320.0,-377.0,139.0,378.0,-574.0,-785.0,-322.0,270.0
-20.0,,382.0,-436.0,-61.0,204.0,-557.0,-958.0,-312.0,157.0
-49.0,,411.0,-430.0,-147.0,340.0,-551.0,-829.0,-274.0,312.0
-62.0,,440.0,-464.0,-91.0,486.0,-564.0,-698.0,-211.0,498.0
-16.0,,479.0,-496.0,29.0,427.0,-589.0,-923.0,-134.0,637.0
29.0,,506.0,-404.0,100.0,416.0,-613.0,-676.0,-78.0,806.0
63.0,,536.0,-336.0,113.0,484.0,-630.0,-1027.0,-28.0,726.0
106.0,,546.0,-301.0,113.0,560.0,-639.0,-816.0,-1.0,658.0
167.0,,533.0,-224.0,139.0,488.0,-619.0,-866.0,16.0,741.0
209.0,,518.0,-105.0,198.0,429.0,-591.0,-877.0,41.0,795.0
198.0,,470.0,78.0,210.0,522.0,-574.0,-633.0,60.0,647.0
165.0,,403.0,213.0,146.0,581.0,-570.0,-968.0,82.0,437.0
163.0,,336.0,229.0,90.0,601.0,-544.0,-667.0,100.0,77.0
183.0,,265.0,295.0,128.0,570.0,-520.0,-901.0,111.0,16.0
196.0,,204.0,372.0,249.0,586.0,-504.0,-818.0,125.0,20.0
170.0,,147.0,356.0,307.0,678.0,-466.0,-731.0,134.0,-229.0
128.0,,86.0,323.0,234.0,711.0,-480.0,-916.0,127.0,-339.0
98.0,,43.0,262.0,127.0,706.0,-522.0,-598.0,105.0,-451.0
63.0,,6.0,176.0,29.0,676.0,-523.0,-910.0,85.0,-343.0
-1.0,,-37.0,24.0,-78.0,694.0,-522.0,-667.0,76.0,-191.0
-50.0,,-58.0,-124.0,-154.0,751.0,-553.0,-787.0,83.0,-59.0
-34.0,,-83.0,-158.0,-187.0,697.0,-556.0,-873.0,109.0,155.0
-8.0,,-117.0,-125.0,-187.0,673.0,-524.0,-596.0,147.0,248.0
-5.0,,-156.0,-85.0,-132.0,792.0,-528.0,-831.0,195.0,421.0
-8.0,,-166.0,-128.0,-67.0,850.0,-534.0,-473.0,224.0,610.0
30.0,,-161.0,-192.0,-78.0,795.0,-522.0,-692.0,229.0,609.0
79.0,,-164.0,-180.0,-178.0,835.0,-507.0,-650.0,206.0,669.0
64.0,,-134.0,-159.0,-255.0,917.0,-511.0,-594.0,160.0,717.0
63.0,,-123.0,-107.0,-215.0,908.0,-506.0,-724.0,96.0,652.0
152.0,,-93.0,-41.0,-132.0,851.0,-453.0,-386.0,15.0,708.0
245.0,,-56.0,34.0,-114.0,809.0,-415.0,-681.0,-55.0,675.0
275.0,,-48.0,129.0,-139.0,860.0,-372.0,-415.0,-123.0,714.0
315.0,,-28.0,143.0,-145.0,860.0,-317.0,-517.0,-189.0,695.0
364.0,,6.0,195.0,-101.0,789.0,-292.0,-580.0,-249.0,550.0
413.0,,17.0,266.0,-7.0,813.0,-246.0,-367.0,-292.0,525.0
418.0,,18.0,207.0,84.0,884.0,-211.0,-652.0,-315.0,431.0
356.0,,25.0,93.0,104.0,917.0,-199.0,-308.0,-326.0,504.0
356.0,,-4.0,76.0,114.0,816.0,-184.0,-506.0,-322.0,358.0
397.0,,-18.0,172.0,156.0,731.0,-182.0,-349.0,-325.0,145.0
378.0,,-16.0,201.0,156.0,817.0,-191.0,-258.0,-323.0,194.0
318.0,,-30.0,132.0,120.0,853.0,-216.0,-439.0,-316.0,97.0
308.0,,-25.0,76.0,43.0,830.0,-225.0,-151.0,-313.0,68.0
350.0,,-13.0,76.0,-82.0,765.0,-211.0,-474.0,-280.0,3.0
337.0,,-25.0,40.0,-169.0,703.0,-192.0,-173.0,-234.0,-147.0
269.0,,-9.0,10.0,-140.0,770.0,-183.0,-208.0,-186.0,-233.0
259.0,,0.0,89.0,-31.0,710.0,-164.0,-168.0,-145.0,-251.0
293.0,,19.0,115.0,49.0,621.0,-131.0,97.0,-122.0,-320.0
277.0,,52.0,137.0,60.0,663.0,-127.0,-206.0,-102.0,-381.0
236.0,,42.0,208.0,32.0,669.0,-126.0,77.0,-103.0,-458.0
234.0,,82.0,208.0,10.0,659.0,-104.0,-210.0,-114.0,-564.0
267.0,,94.0,228.0,-34.0,605.0,-90.0,-127.0,-123.0,-531.0
294.0,,79.0,311.0,-110.0,590.0,-68.0,-62.0,-135.0,-586.0
274.0,,95.0,411.0,-197.0,582.0,-23.0,-177.0,-123.0,-559.0
274.0,,82.0,488.0,-243.0,486.0,23.0,182.0,-99.0,-521.0
338.0,,71.0,524.0,-194.0,438.0,62.0,-125.0,-78.0,-414.0
382.0,,58.0,560.0,-117.0,489.0,78.0,94.0,-44.0,-246.0
379.0,,38.0,487.0,-88.0,478.0,112.0,-83.0,-15.0,-234.0
406.0,,29.0,348.0,-127.0,340.0,157.0,-92.0,-16.0,-166.0
473.0,,18.0,297.0,-229.0,285.0,184.0,201.0,-32.0,-175.0
494.0,,-25.0,320.0,-358.0,341.0,182.0,22.0,-77.0,-168.0
476.0,,-36.0,270.0,-451.0,370.0,148.0,450.0,-134.0,-162.0
486.0,,-41.0,173.0,-480.0,314.0,143.0,249.0,-191.0,-213.0
509.0,,-52.0,242.0,-484.0,289.0,116.0,328.0,-260.0,-284.0
500.0,,-52.0,268.0,-483.0,321.0,60.0,242.0,-321.0,-367.0
415.0,,-77.0,237.0,-442.0,300.0,23.0,-36.0,-373.0,-373.0
350.0,,-84.0,287.0,-324.0,239.0,24.0,181.0,-412.0,-394.0
343.0,,-107.0,284.0,-176.0,150.0,26.0,-96.0,-434.0,-488.0
299.0,,-128.0,263.0,-54.0,93.0,16.0,251.0,-426.0,-618.0
214.0,,-156.0,268.0,-34.0,129.0,28.0,155.0,-402.0,-598.0
162.0,,-173.0,276.0,-95.0,118.0,48.0,184.0,-387.0,-535.0
178.0,,-177.0,256.0,-105.0,37.0,109.0,397.0,-363.0,-394.0
169.0,,-191.0,263.0,-31.0,50.0,160.0,138.0,-352.0,-266.0
116.0,,-170.0,259.0,55.0,50.0,175.0,504.0,-352.0,-326.0
115.0,,-160.0,231.0,119.0,-35.0,186.0,317.0,-336.0,-329.0
136.0,,-156.0,276.0,235.0,-100.0,213.0,478.0,-309.0,-76.0
146.0,,-136.0,316.0,398.0,-91.0,228.0,521.0,-280.0,146.0
145.0,,-121.0,352.0,487.0,-54.0,227.0,356.0,-248.0,61.0
123.0,,-128.0,357.0,462.0,-145.0,215.0,541.0,-213.0,32.0
131.0,,-112.0,319.0,333.0,-258.0,161.0,177.0,-181.0,-33.0
150.0,,-126.0,291.0,146.0,-263.0,128.0,460.0,-148.0,41.0
113.0,,-157.0,167.0,-5.0,-275.0,111.0,338.0,-125.0,188.0
60.0,,-169.0,36.0,-88.0,-341.0,94.0,347.0,-117.0,-23.0
52.0,,-207.0,-39.0,-155.0,-388.0,87.0,558.0,-114.0,-223.0
34.0,,-212.0,-104.0,-243.0,-392.0,82.0,286.0,-122.0,-168.0
17.0,,-220.0,-89.0,-343.0,-383.0,110.0,615.0,-138.0,-36.0
18.0,,-222.0,-76.0,-384.0,-392.0,155.0,389.0,-167.0,-70.0
18.0,,-216.0,-48.0,-342.0,-436.0,172.0,532.0,-201.0,-119.0
40.0,,-232.0,27.0,-254.0,-479.0,200.0,600.0,-216.0,-243.0
26.0,,-247.0,77.0,-139.0,-513.0,233.0,526.0,-241.0,-152.0
0.0,,-264.0,147.0,-42.0,-557.0,238.0,838.0,-283.0,215.0
0.0,,-287.0,212.0,40.0,-598.0,291.0,530.0,-317.0,269.0
19.0,,-309.0,282.0,147.0,-646.0,332.0,805.0,-351.0,228.0
11.0,,-317.0,313.0,255.0,-628.0,313.0,654.0,-383.0,191.0
2.0,,-332.0,237.0,315.0,-594.0,347.0,613.0,-404.0,108.0
48.0,,-315.0,252.0,302.0,-722.0,426.0,753.0,-426.0,335.0
103.0,,-310.0,333.0,242.0,-749.0,488.0,498.0,-446.0,429.0
131.0,,-306.0,352.0,133.0,-653.0,522.0,844.0,-443.0,240.0
124.0,,-279.0,390.0,8.0,-699.0,557.0,561.0,-415.0,359.0
131.0,,-277.0,395.0,-65.0,-770.0,574.0,705.0,-388.0,407.0
148.0,,-260.0,409.0,-111.0,-799.0,562.0,744.0,-354.0,537.0
136.0,,-232.0,463.0,-125.0,-753.0,557.0,665.0,-325.0,685.0
117.0,,-215.0,426.0,-98.0,-745.0,548.0,1008.0,-303.0,482.0
109.0,,-189.0,418.0,-85.0,-807.0,547.0,737.0,-279.0,435.0
163.0,,-161.0,431.0,-105.0,-767.0,532.0,988.0,-257.0,471.0
220.0,,-180.0,328.0,-124.0,-719.0,526.0,746.0,-203.0,333.0
217.0,,-173.0,270.0,-108.0,-766.0,554.0,716.0,-142.0,179.0
230.0,,-163.0,252.0,-76.0,-826.0,568.0,833.0,-76.0,200.0
274.0,,-173.0,208.0,-52.0,-766.0,580.0,528.0,3.0,48.0
285.0,,-159.0,256.0,-41.0,-680.0,614.0,853.0,77.0,57.0
251.0,,-190.0,342.0,-51.0,-689.0,656.0,600.0,150.0,-58.0
223.0,,-197.0,439.0,-54.0,-742.0,662.0,785.0,204.0,-388.0
221.0,,-211.0,522.0,-36.0,-765.0,652.0,783.0,234.0,-341.0
179.0,,-232.0,594.0,-54.0,-695.0,648.0,633.0,248.0,-437.0
126.0,,-234.0,766.0,-112.0,-636.0,631.0,862.0,259.0,-529.0
88.0,,-246.0,920.0,-157.0,-641.0,613.0,508.0,254.0,-608.0
55.0,,-250.0,1017.0,-165.0,-680.0,596.0,774.0,255.0,-536.0
31.0,,-272.0,1043.0,-145.0,-687.0,609.0,650.0,268.0,-491.0
-28.0,,-275.0,933.0,-93.0,-644.0,632.0,726.0,258.0,-330.0
-75.0,,-286.0,842.0,-9.0,-650.0,645.0,873.0,227.0,-123.0
-79.0,,-312.0,664.0,83.0,-646.0,698.0,587.0,190.0,-176.0
-53.0,,-341.0,443.0,173.0,-603.0,747.0,849.0,146.0,83.0
-44.0,,-377.0,373.0,246.0,-561.0,766.0,515.0,104.0,212.0
-72.0,,-412.0,283.0,285.0,-579.0,791.0,674.0,62.0,325.0
-43.0,,-430.0,233.0,276.0,-609.0,829.0,670.0,13.0,434.0
23.0,,-456.0,223.0,187.0,-536.0,821.0,561.0,-27.0,442.0
47.0,,-454.0,227.0,35.0,-500.0,768.0,824.0,-49.0,434.0
64.0,,-444.0,292.0,-109.0,-514.0,763.0,482.0,-58.0,389.0
125.0,,-456.0,295.0,-199.0,-496.0,774.0,742.0,-58.0,266.0
191.0,,-442.0,290.0,-261.0,-473.0,776.0,539.0,-38.0,-60.0
219.0,,-452.0,356.0,-316.0,-505.0,777.0,530.0,4.0,-135.0
262.0,,-442.0,417.0,-356.0,-586.0,783.0,641.0,51.0,-200.0
318.0,,-440.0,401.0,-372.0,-578.0,808.0,378.0,117.0,-342.0
363.0,,-423.0,377.0,-395.0,-536.0,809.0,711.0,210.0,-523.0
399.0,,-375.0,350.0,-422.0,-522.0,819.0,441.0,308.0,-811.0
402.0,,-337.0,340.0,-396.0,-538.0,852.0,589.0,394.0,-803.0
391.0,,-285.0,380.0,-315.0,-538.0,863.0,484.0,472.0,-599.0
383.0,,-240.0,380.0,-235.0,-463.0,872.0,332.0,538.0,-615.0
353.0,,-190.0,394.0,-192.0,-444.0,869.0,585.0,575.0,-668.0
303.0,,-143.0,463.0,-163.0,-481.0,855.0,264.0,582.0,-568.0
265.0,,-104.0,514.0,-162.0,-559.0,836.0,517.0,564.0,-421.0
240.0,,-67.0,522.0,-178.0,-637.0,780.0,271.0,535.0,-231.0
214.0,,-4.0,584.0,-160.0,-588.0,725.0,334.0,489.0,-105.0
192.0,,16.0,664.0,-116.0,-571.0,686.0,450.0,437.0,-107.0
193.0,,40.0,712.0,-61.0,-628.0,662.0,158.0,399.0,-3.0
205.0,,72.0,788.0,-38.0,-606.0,637.0,478.0,381.0,310.0
216.0,,56.0,798.0,-50.0,-567.0,608.0,162.0,373.0,329.0
238.0,,58.0,757.0,-80.0,-595.0,600.0,332.0,343.0,155.0
278.0,,41.0,723.0,-103.0,-632.0,585.0,267.0,295.0,115.0
334.0,,51.0,675.0,-98.0,-595.0,581.0,133.0,243.0,-1.0
356.0,,56.0,643.0,-102.0,-530.0,576.0,376.0,178.0,82.0
376.0,,50.0,620.0,-125.0,-559.0,572.0,57.0,100.0,101.0
421.0,,62.0,617.0,-136.0,-664.0,568.0,323.0,31.0,-346.0
454.0,,49.0,616.0,-110.0,-692.0,536.0,123.0,-27.0,-510.0
463.0,,59.0,633.0,-41.0,-669.0,493.0,230.0,-84.0,-439.0
471.0,,67.0,664.0,58.0,-657.0,437.0,338.0,-128.0,-562.0
493.0,,70.0,691.0,138.0,-611.0,406.0,81.0,-136.0,-720.0
516.0,,73.0,710.0,138.0,-598.0,385.0,380.0,-121.0,-1170.0
546.0,,92.0,684.0,76.0,-609.0,342.0,70.0,-67.0,-1342.0
549.0,,91.0,619.0,18.0,-580.0,309.0,264.0,17.0,-1103.0
530.0,,79.0,463.0,-26.0,-590.0,296.0,162.0,113.0,-1140.0
527.0,,89.0,328.0,-80.0,-656.0,275.0,48.0,242.0,-1182.0
549.0,,73.0,240.0,-128.0,-614.0,225.0,243.0,378.0,-1153.0
546.0,,58.0,126.0,-142.0,-567.0,183.0,-103.0,499.0,-979.0
516.0,,20.0,58.0,-120.0,-632.0,170.0,158.0,596.0,-598.0
508.0,,-24.0,-69.0,-94.0,-650.0,149.0,-79.0,662.0,-473.0
530.0,,-61.0,-243.0,-70.0,-619.0,111.0,64.0,690.0,-485.0
545.0,,-116.0,-334.0,-69.0,-589.0,86.0,216.0,673.0,-269.0
502.0,,-166.0,-396.0,-112.0,-666.0,99.0,66.0,621.0,46.0
477.0,,-213.0,-397.0,-139.0,-676.0,69.0,413.0,520.0,287.0
490.0,,-249.0,-296.0,-88.0,-534.0,21.0,110.0,401.0,291.0
491.0,,-260.0,-156.0,-11.0,-528.0,29.0,388.0,262.0,164.0
454.0,,-271.0,-27.0,13.0,-631.0,29.0,328.0,108.0,119.0
391.0,,-288.0,115.0,-12.0,-673.0,0.0,282.0,-18.0,295.0
350.0,,-310.0,272.0,-73.0,-586.0,-48.0,439.0,-148.0,362.0
319.0,,-320.0,415.0,-135.0,-532.0,-72.0,29.0,-276.0,50.0
254.0,,-331.0,528.0,-182.0,-606.0,-113.0,288.0,-385.0,-272.0
159.0,,-360.0,556.0,-215.0,-686.0,-156.0,16.0,-492.0,-347.0
89.0,,-357.0,584.0,-232.0,-688.0,-166.0,140.0,-576.0,-166.0
42.0,,-368.0,633.0,-243.0,-696.0,-210.0,247.0,-625.0,-185.0
-8.0,,-384.0,585.0,-231.0,-776.0,-239.0,90.0,-637.0,-486.0
-73.0,,-372.0,574.0,-186.0,-739.0,-265.0,426.0,-588.0,-761.0
-117.0,,-380.0,595.0,-135.0,-701.0,-280.0,133.0,-476.0,-716.0
-144.0,,-357.0,553.0,-101.0,-724.0,-293.0,360.0,-321.0,-587.0
-191.0,,-332.0,502.0,-88.0,-663.0,-327.0,225.0,-154.0,-696.0
-258.0,,-317.0,501.0,-69.0,-671.0,-341.0,192.0,-16.0,-932.0
-285.0,,-254.0,546.0,-8.0,-668.0,-369.0,375.0,109.0,-1206.0
-285.0,,-239.0,522.0,65.0,-626.0,-377.0,103.0,223.0,-1139.0
-326.0,,-241.0,453.0,109.0,-640.0,-384.0,417.0,305.0,-1096.0
-350.0,,-209.0,387.0,120.0,-691.0,-418.0,149.0,389.0,-1282.0
-347.0,,-230.0,348.0,113.0,-758.0,-439.0,258.0,478.0,-1328.0
-328.0,,-258.0,344.0,99.0,-742.0,-442.0,242.0,548.0,-1381.0
-322.0,,-284.0,332.0,91.0,-779.0,-421.0,16.0,583.0,-1324.0
-331.0,,-332.0,284.0,112.0,-866.0,-425.0,260.0,571.0,-1133.0
-309.0,,-365.0,244.0,157.0,-833.0,-431.0,-36.0,534.0,-1186.0
-270.0,,-394.0,283.0,178.0,-771.0,-429.0,315.0,489.0,-1168.0
-248.0,,-426.0,312.0,138.0,-785.0,-422.0,295.0,443.0,-1036.0
-273.0,,-420.0,330.0,87.0,-806.0,-411.0,315.0,390.0,-871.0
-304.0,,-417.0,326.0,78.0,-722.0,-414.0,467.0,327.0,-577.0
-317.0,,-408.0,333.0,94.0,-644.0,-417.0,162.0,243.0,-546.0
-331.0,,-375.0,435.0,104.0,-680.0,-427.0,448.0,143.0,-519.0
-373.0,,-350.0,558.0,89.0,-750.0,-426.0,190.0,40.0,-388.0
-385.0,,-275.0,657.0,56.0,-736.0,-438.0,388.0,-73.0,-362.0
-330.0,,-209.0,705.0,31.0,-707.0,-453.0,441.0,-190.0,-394.0
-286.0,,-149.0,676.0,36.0,-724.0,-479.0,254.0,-303.0,-336.0
-283.0,,-61.0,584.0,71.0,-700.0,-479.0,495.0,-402.0,-359.0
-284.0,,6.0,465.0,118.0,-628.0,-463.0,114.0,-482.0,-392.0
-205.0,,75.0,353.0,157.0,-560.0,-465.0,312.0,-544.0,-471.0
-128.0,,117.0,242.0,199.0,-534.0,-419.0,131.0,-582.0,-654.0
-126.0,,138.0,151.0,225.0,-486.0,-401.0,138.0,-589.0,-541.0
-129.0,,148.0,162.0,182.0,-388.0,-398.0,399.0,-581.0,-594.0
-44.0,,131.0,173.0,74.0,-355.0,-370.0,188.0,-561.0,-666.0
80.0,,107.0,95.0,-41.0,-373.0,-357.0,489.0,-519.0,-839.0
110.0,,97.0,11.0,-117.0,-387.0,-353.0,232.0,-464.0,-1041.0
137.0,,90.0,-37.0,-149.0,-387.0,-357.0,397.0,-388.0,-939.0
208.0,,66.0,-93.0,-134.0,-328.0,-378.0,389.0,-315.0,-991.0
268.0,,62.0,-165.0,-90.0,-294.0,-406.0,267.0,-251.0,-1235.0
272.0,,69.0,-128.0,-42.0,-352.0,-412.0,578.0,-185.0,-1507.0
238.0,,70.0,-79.0,-13.0,-343.0,-425.0,258.0,-132.0,-1514.0
267.0,,82.0,-93.0,-20.0,-256.0,-436.0,487.0,-74.0,-1616.0
314.0,,83.0,-105.0,-52.0,-242.0,-445.0,279.0,-26.0,-1646.0
304.0,,86.0,-55.0,-100.0,-258.0,-439.0,273.0,14.0,-1686.0
275.0,,100.0,107.0,-167.0,-211.0,-420.0,456.0,70.0,-1850.0
289.0,,86.0,236.0,-236.0,-133.0,-395.0,216.0,107.0,-1710.0
303.0,,66.0,359.0,-253.0,-177.0,-356.0,521.0,109.0,-1609.0
299.0,,43.0,463.0,-202.0,-255.0,-323.0,230.0,103.0,-1346.0
293.0,,-15.0,478.0,-115.0,-222.0,-271.0,384.0,94.0,-1133.0
302.0,,-73.0,491.0,-58.0,-191.0,-243.0,338.0,84.0,-969.0
329.0,,-143.0,483.0,-47.0,-156.0,-242.0,219.0,81.0,-463.0
337.0,,-219.0,517.0,-45.0,-165.0,-224.0,513.0,108.0,-120.0
348.0,,-253.0,539.0,-34.0,-180.0,-196.0,171.0,162.0,-9.0
385.0,,-285.0,492.0,0.0,-158.0,-173.0,408.0,235.0,151.0
410.0,,-319.0,494.0,48.0,-143.0,-144.0,157.0,345.0,380.0
362.0,,-326.0,463.0,89.0,-125.0,-110.0,133.0,438.0,696.0
308.0,,-306.0,390.0,113.0,-139.0,-81.0,264.0,501.0,799.0
268.0,,-295.0,374.0,110.0,-90.0,-40.0,7.0,547.0,512.0
197.0,,-265.0,379.0,51.0,-52.0,-38.0,282.0,524.0,355.0
110.0,,-219.0,325.0,-91.0,-76.0,-65.0,-25.0,452.0,438.0
-16.0,,-168.0,223.0,-282.0,-125.0,-87.0,208.0,376.0,462.0
-131.0,,-87.0,170.0,-446.0,-149.0,-99.0,205.0,291.0,336.0
-216.0,,-33.0,164.0,-514.0,-114.0,-116.0,77.0,195.0,113.0
-350.0,,38.0,186.0,-475.0,-137.0,-132.0,258.0,100.0,89.0
-490.0,,128.0,238.0,-396.0,-179.0,-122.0,-138.0,9.0,164.0
-558.0,,189.0,278.0,-324.0,-181.0,-112.0,101.0,-62.0,284.0
-594.0,,249.0,256.0,-254.0,-129.0,-112.0,-99.0,-131.0,227.0
-642.0,,301.0,180.0,-219.0,-172.0,-102.0,-12.0,-212.0,-135.0
-691.0,,357.0,106.0,-213.0,-230.0,-77.0,151.0,-267.0,-280.0
-700.0,,400.0,-6.0,-185.0,-172.0,-73.0,-59.0,-295.0,-344.0
-672.0,,417.0,-45.0,-104.0,-200.0,-85.0,205.0,-298.0,-328.0
-657.0,,430.0,15.0,18.0,-244.0,-91.0,-153.0,-271.0,-494.0
-648.0,,440.0,22.0,146.0,-258.0,-87.0,3.0,-223.0,-825.0
-616.0,,456.0,48.0,246.0,-218.0,-76.0,-97.0,-176.0,-702.0
-548.0,,422.0,48.0,286.0,-193.0,-81.0,-256.0,-138.0,-573.0
-458.0,,393.0,75.0,250.0,-281.0,-100.0,-59.0,-104.0,-558.0
-394.0,,398.0,73.0,204.0,-281.0,-119.0,-365.0,-82.0,-552.0
-368.0,,371.0,-63.0,222.0,-252.0,-134.0,-22.0,-59.0,-748.0
-324.0,,345.0,-117.0,294.0,-291.0,-160.0,-214.0,-15.0,-737.0
-279.0,,298.0,-202.0,352.0,-361.0,-195.0,-216.0,15.0,-338.0
-316.0,,281.0,-314.0,351.0,-388.0,-239.0,-179.0,51.0,-289.0
-387.0,,271.0,-372.0,309.0,-323.0,-281.0,-461.0,89.0,-384.0
-420.0,,220.0,-325.0,267.0,-301.0,-324.0,-121.0,100.0,-197.0
-433.0,,213.0,-189.0,256.0,-354.0,-376.0,-371.0,98.0,-30.0
-450.0,,212.0,-145.0,247.0,-394.0,-395.0,-90.0,60.0,253.0
-473.0,,191.0,-96.0,205.0,-363.0,-394.0,-112.0,21.0,348.0
-492.0,,178.0,-96.0,139.0,-300.0,-434.0,-303.0,-27.0,264.0
-483.0,,178.0,-135.0,93.0,-327.0,-456.0,-179.0,-93.0,295.0
-446.0,,173.0,-178.0,96.0,-370.0,-428.0,-535.0,-150.0,442.0
-446.0,,187.0,-221.0,109.0,-317.0,-386.0,-206.0,-205.0,601.0
-442.0,,198.0,-242.0,141.0,-272.0,-341.0,-432.0,-245.0,504.0
-400.0,,193.0,-290.0,194.0,-310.0,-322.0,-426.0,-269.0,300.0
-373.0,,220.0,-287.0,230.0,-352.0,-282.0,-400.0,-261.0,126.0
-350.0,,223.0,-280.0,217.0,-247.0,-250.0,-731.0,-238.0,37.0
-326.0,,236.0,-294.0,152.0,-171.0,-237.0,-487.0,-203.0,-101.0
-287.0,,224.0,-283.0,69.0,-281.0,-210.0,-787.0,-159.0,-302.0
-246.0,,220.0,-251.0,-23.0,-335.0,-207.0,-502.0,-122.0,-500.0
-238.0,,226.0,-214.0,-75.0,-252.0,-210.0,-471.0,-84.0,-585.0
-238.0,,183.0,-155.0,-35.0,-180.0,-246.0,-436.0,-71.0,-594.0
-236.0,,167.0,-61.0,64.0,-238.0,-281.0,-136.0,-60.0,-715.0
-226.0,,132.0,-11.0,157.0,-287.0,-289.0,-461.0,-53.0,-743.0
-208.0,,128.0,0.0,208.0,-244.0,-286.0,-169.0,-60.0,-758.0
-214.0,,116.0,69.0,221.0,-236.0,-283.0,-421.0,-55.0,-665.0
-210.0,,119.0,139.0,194.0,-273.0,-292.0,-388.0,-55.0,-643.0
-204.0,,173.0,182.0,169.0,-297.0,-278.0,-319.0,-47.0,-742.0
-209.0,,174.0,242.0,167.0,-238.0,-252.0,-587.0,-52.0,-752.0
-217.0,,211.0,287.0,182.0,-186.0,-212.0,-328.0,-76.0,-855.0
-215.0,,229.0,347.0,216.0,-211.0,-214.0,-644.0,-97.0,-920.0
-194.0,,256.0,312.0,254.0,-236.0,-219.0,-469.0,-133.0,-932.0
-190.0,,322.0,242.0,289.0,-236.0,-205.0,-615.0,-183.0,-948.0
-163.0,,348.0,252.0,273.0,-153.0,-202.0,-676.0,-248.0,-941.0
-112.0,,395.0,215.0,166.0,-118.0,-172.0,-412.0,-300.0,-806.0
-49.0,,441.0,110.0,11.0,-235.0,-168.0,-659.0,-355.0,-737.0
-18.0,,473.0,8.0,-101.0,-192.0,-138.0,-286.0,-424.0,-648.0
-39.0,,522.0,-12.0,-135.0,-25.0,-116.0,-482.0,-472.0,-483.0
-66.0,,538.0,-15.0,-119.0,2.0,-112.0,-413.0,-493.0,-424.0
-87.0,,549.0,-71.0,-97.0,-75.0,-73.0,-360.0,-475.0,-257.0
-124.0,,599.0,-88.0,-112.0,-107.0,-59.0,-598.0,-419.0,-159.0
-197.0,,580.0,-12.0,-148.0,14.0,-42.0,-312.0,-324.0,-119.0
-196.0,,561.0,67.0,-186.0,45.0,-34.0,-576.0,-215.0,-36.0
-160.0,,572.0,154.0,-229.0,-61.0,-33.0,-336.0,-120.0,20.0
-142.0,,548.0,260.0,-262.0,-98.0,-26.0,-485.0,-56.0,-53.0
-126.0,,557.0,314.0,-265.0,-15.0,-4.0,-585.0,-26.0,-177.0
-125.0,,547.0,328.0,-208.0,67.0,22.0,-413.0,-33.0,-228.0
-104.0,,554.0,356.0,-90.0,30.0,32.0,-790.0,-73.0,-157.0
-89.0,,568.0,404.0,27.0,61.0,37.0,-482.0,-115.0,-12.0
-65.0,,548.0,375.0,90.0,130.0,46.0,-694.0,-147.0,0.0
-59.0,,548.0,258.0,92.0,151.0,59.0,-594.0,-159.0,32.0
-48.0,,539.0,183.0,41.0,114.0,57.0,-489.0,-151.0,104.0
-11.0,,523.0,137.0,-8.0,85.0,66.0,-696.0,-105.0,350.0
5.0,,504.0,57.0,-17.0,205.0,92.0,-399.0,-47.0,583.0
5.0,,487.0,-20.0,-21.0,227.0,116.0,-654.0,8.0,678.0
7.0,,461.0,-86.0,-15.0,128.0,127.0,-400.0,96.0,791.0
62.0,,440.0,-141.0,29.0,40.0,129.0,-519.0,180.0,1008.0
112.0,,417.0,-184.0,103.0,110.0,143.0,-624.0,245.0,1294.0
114.0,,351.0,-200.0,147.0,260.0,151.0,-517.0,312.0,1304.0
141.0,,323.0,-148.0,115.0,186.0,142.0,-872.0,378.0,1252.0
192.0,,295.0,-121.0,29.0,125.0,154.0,-545.0,432.0,1183.0
201.0,,235.0,-100.0,-71.0,250.0,194.0,-761.0,482.0,1133.0
175.0,,180.0,20.0,-144.0,400.0,208.0,-700.0,523.0,1180.0
164.0,,116.0,174.0,-165.0,381.0,215.0,-722.0,535.0,1116.0
162.0,,71.0,297.0,-140.0,315.0,219.0,-964.0,529.0,914.0
135.0,,6.0,338.0,-103.0,357.0,218.0,-652.0,503.0,714.0
110.0,,-53.0,360.0,-75.0,382.0,224.0,-962.0,447.0,693.0
119.0,,-85.0,388.0,-45.0,373.0,241.0,-720.0,370.0,683.0
112.0,,-128.0,279.0,-31.0,331.0,235.0,-790.0,264.0,548.0
66.0,,-155.0,151.0,-59.0,350.0,218.0,-825.0,152.0,217.0
25.0,,-186.0,34.0,-129.0,397.0,239.0,-607.0,56.0,60.0
29.0,,-214.0,-103.0,-216.0,383.0,230.0,-931.0,-35.0,42.0
24.0,,-227.0,-162.0,-289.0,380.0,243.0,-611.0,-107.0,-129.0
-22.0,,-233.0,-179.0,-313.0,427.0,283.0,-837.0,-164.0,-261.0
-58.0,,-235.0,-143.0,-271.0,450.0,284.0,-757.0,-213.0,-589.0
-69.0,,-229.0,-91.0,-198.0,388.0,298.0,-707.0,-250.0,-739.0
-67.0,,-206.0,-30.0,-137.0,375.0,328.0,-916.0,-286.0,-650.0
-75.0,,-185.0,20.0,-81.0,473.0,352.0,-631.0,-305.0,-739.0
-104.0,,-153.0,89.0,-3.0,523.0,335.0,-986.0,-303.0,-788.0
-110.0,,-114.0,222.0,76.0,442.0,322.0,-788.0,-277.0,-812.0
-96.0,,-52.0,280.0,125.0,402.0,338.0,-938.0,-242.0,-772.0
-103.0,,5.0,295.0,147.0,427.0,335.0,-1025.0,-206.0,-551.0
-164.0,,39.0,283.0,168.0,442.0,308.0,-837.0,-156.0,-445.0
-209.0,,90.0,197.0,178.0,385.0,260.0,-1069.0,-96.0,-553.0
-212.0,,131.0,44.0,166.0,285.0,215.0,-641.0,-30.0,-526.0
-282.0,,159.0,-141.0,124.0,376.0,162.0,-814.0,28.0,-427.0
-374.0,,178.0,-220.0,39.0,498.0,134.0,-679.0,83.0,-288.0
-398.0,,171.0,-211.0,-68.0,462.0,113.0,-679.0,146.0,-242.0
-401.0,,164.0,-248.0,-157.0,406.0,51.0,-927.0,204.0,-450.0
-469.0,,149.0,-267.0,-199.0,457.0,0.0,-683.0,223.0,-439.0
-547.0,,95.0,-221.0,-186.0,584.0,-23.0,-1023.0,227.0,-310.0
-558.0,,54.0,-193.0,-116.0,591.0,-41.0,-757.0,223.0,-266.0
-572.0,,29.0,-147.0,-29.0,544.0,-65.0,-846.0,191.0,-266.0
-597.0,,-14.0,-80.0,39.0,632.0,-65.0,-846.0,161.0,-381.0
-621.0,,-36.0,-55.0,86.0,706.0,-52.0,-683.0,134.0,-327.0
-624.0,,-41.0,-43.0,116.0,621.0,-59.0,-964.0,107.0,-231.0
-613.0,,-42.0,-72.0,135.0,571.0,-65.0,-607.0,94.0,-223.0
-605.0,,-29.0,-144.0,156.0,687.0,-65.0,-872.0,84.0,-258.0
-617.0,,-10.0,-228.0,180.0,736.0,-75.0,-726.0,80.0,-365.0
-639.0,,21.0,-329.0,183.0,598.0,-105.0,-654.0,87.0,-223.0
-624.0,,62.0,-435.0,152.0,537.0,-115.0,-820.0,89.0,-44.0
-617.0,,91.0,-518.0,106.0,608.0,-120.0,-504.0,90.0,-4.0
-594.0,,119.0,-504.0,80.0,676.0,-155.0,-805.0,100.0,23.0
-550.0,,130.0,-423.0,65.0,679.0,-175.0,-626.0,111.0,-97.0
-501.0,,130.0,-350.0,42.0,594.0,-191.0,-844.0,133.0,-150.0
-468.0,,129.0,-279.0,17.0,574.0,-253.0,-910.0,179.0,-123.0
-425.0,,116.0,-196.0,-6.0,646.0,-306.0,-737.0,231.0,-373.0
-349.0,,108.0,-86.0,-8.0,643.0,-307.0,-946.0,270.0,-556.0
-315.0,,77.0,5.0,26.0,571.0,-294.0,-583.0,289.0,-618.0
-292.0,,76.0,105.0,96.0,594.0,-292.0,-883.0,292.0,-840.0
-264.0,,45.0,201.0,165.0,654.0,-294.0,-763.0,266.0,-899.0
-215.0,,21.0,200.0,191.0,627.0,-283.0,-711.0,228.0,-991.0
-194.0,,23.0,164.0,167.0,572.0,-283.0,-825.0,187.0,-1118.0
-187.0,,-36.0,121.0,86.0,540.0,-303.0,-469.0,137.0,-1074.0
-162.0,,-53.0,41.0,-8.0,605.0,-318.0,-722.0,97.0,-1047.0
-147.0,,-92.0,-12.0,-76.0,601.0,-332.0,-413.0,60.0,-952.0
-108.0,,-129.0,-35.0,-106.0,469.0,-353.0,-515.0,11.0,-767.0
-130.0,,-146.0,-75.0,-102.0,450.0,-379.0,-498.0,-26.0,-562.0
-164.0,,-174.0,-58.0,-73.0,554.0,-391.0,-351.0,-54.0,-381.0
-155.0,,-153.0,10.0,-21.0,558.0,-404.0,-670.0,-61.0,-185.0
-149.0,,-122.0,52.0,18.0,429.0,-416.0,-397.0,-47.0,33.0
-178.0,,-118.0,42.0,24.0,429.0,-399.0,-692.0,-16.0,358.0
-206.0,,-120.0,31.0,11.0,461.0,-363.0,-504.0,53.0,660.0
-169.0,,-93.0,128.0,-5.0,371.0,-354.0,-474.0,147.0,834.0
-122.0,,-95.0,179.0,-11.0,258.0,-370.0,-598.0,265.0,999.0
-80.0,,-107.0,114.0,11.0,223.0,-334.0,-341.0,400.0,1081.0
-78.0,,-104.0,-14.0,58.0,282.0,-296.0,-679.0,525.0,1197.0
-102.0,,-111.0,-215.0,89.0,279.0,-284.0,-388.0,650.0,1319.0
-100.0,,-86.0,-344.0,100.0,180.0,-272.0,-554.0,752.0,1349.0
-93.0,,-72.0,-394.0,117.0,111.0,-260.0,-487.0,803.0,1255.0
-124.0,,-48.0,-449.0,145.0,127.0,-243.0,-306.0,804.0,1122.0
-163.0,,-11.0,-474.0,147.0,155.0,-222.0,-543.0,764.0,1153.0
-121.0,,11.0,-484.0,100.0,95.0,-201.0,-203.0,682.0,1141.0
-56.0,,50.0,-470.0,24.0,-37.0,-224.0,-487.0,562.0,1033.0
-44.0,,70.0,-397.0,-53.0,-18.0,-233.0,-317.0,430.0,986.0
-58.0,,118.0,-308.0,-112.0,112.0,-217.0,-406.0,312.0,915.0
-40.0,,168.0,-198.0,-151.0,36.0,-201.0,-585.0,200.0,936.0
-34.0,,216.0,-31.0,-145.0,-109.0,-182.0,-362.0,76.0,1038.0
-59.0,,247.0,177.0,-105.0,-33.0,-162.0,-681.0,-37.0,941.0
-86.0,,262.0,354.0,-77.0,71.0,-137.0,-362.0,-152.0,920.0
-97.0,,314.0,478.0,-79.0,-60.0,-137.0,-474.0,-246.0,1016.0
-59.0,,336.0,549.0,-116.0,-228.0,-152.0,-358.0,-306.0,1049.0
-40.0,,352.0,558.0,-184.0,-167.0,-167.0,-299.0,-353.0,1118.0
-44.0,,369.0,544.0,-287.0,-58.0,-147.0,-611.0,-370.0,1077.0
-36.0,,383.0,498.0,-402.0,-154.0,-117.0,-347.0,-362.0,1105.0
-18.0,,407.0,433.0,-474.0,-253.0,-101.0,-676.0,-324.0,1326.0
-29.0,,417.0,333.0,-443.0,-200.0,-102.0,-389.0,-267.0,1446.0
-57.0,,427.0,190.0,-293.0,-184.0,-111.0,-358.0,-205.0,1524.0
-43.0,,444.0,114.0,-121.0,-253.0,-95.0,-363.0,-145.0,1582.0
-40.0,,437.0,97.0,2.0,-308.0,-99.0,-62.0,-116.0,1591.0
-47.0,,416.0,130.0,73.0,-272.0,-97.0,-400.0,-141.0,1731.0
-16.0,,391.0,237.0,113.0,-247.0,-84.0,-144.0,-210.0,1788.0
30.0,,339.0,346.0,129.0,-319.0,-67.0,-391.0,-288.0,1732.0
74.0,,285.0,444.0,126.0,-383.0,-76.0,-343.0,-375.0,1713.0
140.0,,214.0,514.0,152.0,-307.0,-98.0,-282.0,-450.0,1623.0
199.0,,152.0,524.0,174.0,-154.0,-84.0,-511.0,-492.0,1655.0
241.0,,89.0,545.0,148.0,-211.0,-81.0,-169.0,-489.0,1660.0
273.0,,32.0,610.0,66.0,-327.0,-81.0,-393.0,-455.0,1463.0
278.0,,-10.0,650.0,-45.0,-204.0,-87.0,-88.0,-411.0,1310.0
315.0,,-65.0,662.0,-130.0,-63.0,-98.0,-153.0,-363.0,1210.0
355.0,,-101.0,632.0,-153.0,-143.0,-91.0,-254.0,-340.0,1148.0
349.0,,-155.0,538.0,-97.0,-277.0,-79.0,-53.0,-341.0,1109.0
357.0,,-180.0,462.0,-5.0,-219.0,-54.0,-343.0,-348.0,931.0
389.0,,-185.0,464.0,77.0,-77.0,-29.0,-11.0,-364.0,791.0
413.0,,-194.0,482.0,141.0,-152.0,-2.0,-179.0,-373.0,693.0
397.0,,-186.0,448.0,184.0,-285.0,26.0,-55.0,-367.0,502.0
395.0,,-174.0,418.0,213.0,-194.0,65.0,-20.0,-358.0,422.0
396.0,,-153.0,437.0,234.0,-103.0,128.0,-232.0,-358.0,252.0
358.0,,-140.0,408.0,228.0,-189.0,183.0,51.0,-365.0,106.0
327.0,,-116.0,307.0,175.0,-250.0,233.0,-275.0,-395.0,29.0
297.0,,-109.0,258.0,70.0,-167.0,258.0,-27.0,-438.0,-22.0
248.0,,-107.0,252.0,-75.0,-132.0,268.0,-155.0,-478.0,83.0
167.0,,-92.0,188.0,-218.0,-175.0,282.0,-227.0,-518.0,83.0
123.0,,-103.0,108.0,-318.0,-183.0,260.0,7.0,-551.0,80.0
101.0,,-120.0,127.0,-336.0,-152.0,250.0,-288.0,-582.0,57.0
51.0,,-141.0,157.0,-283.0,-66.0,244.0,31.0,-577.0,48.0
14.0,,-151.0,108.0,-198.0,-52.0,239.0,-131.0,-528.0,125.0
0.0,,-165.0,103.0,-117.0,-116.0,232.0,86.0,-449.0,50.0
0.0,,-177.0,153.0,-80.0,-142.0,217.0,205.0,-327.0,-56.0
-1.0,,-170.0,145.0,-85.0,-57.0,233.0,55.0,-207.0,-122.0
20.0,,-181.0,98.0,-104.0,-22.0,246.0,345.0,-108.0,-244.0
12.0,,-181.0,85.0,-101.0,-167.0,269.0,-27.0,-14.0,-271.0
-2.0,,-201.0,36.0,-62.0,-171.0,298.0,218.0,47.0,-307.0
34.0,,-243.0,-27.0,-4.0,-33.0,319.0,120.0,60.0,-515.0
31.0,,-282.0,-27.0,46.0,-49.0,350.0,83.0,54.0,-574.0
0.0,,-356.0,0.0,74.0,-189.0,372.0,301.0,32.0,-548.0
15.0,,-418.0,24.0,79.0,-181.0,388.0,-14.0,-21.0,-493.0
30.0,,-464.0,20.0,77.0,-19.0,406.0,218.0,-87.0,-333.0
0.0,,-514.0,-10.0,92.0,-99.0,426.0,-20.0,-150.0,-384.0
-39.0,,-523.0,-20.0,112.0,-306.0,430.0,190.0,-212.0,-401.0
-43.0,,-538.0,-27.0,140.0,-264.0,425.0,310.0,-277.0,-228.0
10.0,,-541.0,-71.0,183.0,-146.0,437.0,208.0,-329.0,-64.0
44.0,,-523.0,-131.0,204.0,-181.0,448.0,502.0,-330.0,49.0
59.0,,-538.0,-207.0,185.0,-311.0,451.0,184.0,-283.0,-1.0
105.0,,-523.0,-240.0,131.0,-300.0,448.0,461.0,-220.0,9.0
178.0,,-528.0,-185.0,47.0,-169.0,462.0,338.0,-136.0,161.0
247.0,,-530.0,-128.0,-41.0,-180.0,476.0,360.0,-39.0,360.0
262.0,,-499.0,-89.0,-111.0,-247.0,443.0,572.0,64.0,472.0
324.0,,-496.0,-16.0,-140.0,-252.0,414.0,280.0,155.0,434.0
387.0,,-462.0,62.0,-117.0,-148.0,415.0,589.0,226.0,467.0
377.0,,-428.0,131.0,-73.0,-102.0,427.0,317.0,288.0,564.0
372.0,,-391.0,186.0,-42.0,-284.0,418.0,463.0,314.0,622.0
382.0,,-352.0,240.0,-43.0,-381.0,420.0,487.0,311.0,613.0
373.0,,-306.0,245.0,-62.0,-351.0,437.0,288.0,275.0,515.0
296.0,,-238.0,176.0,-79.0,-314.0,423.0,578.0,203.0,359.0
234.0,,-181.0,155.0,-79.0,-385.0,423.0,345.0,139.0,383.0
211.0,,-127.0,138.0,-40.0,-507.0,416.0,681.0,89.0,418.0
166.0,,-69.0,107.0,20.0,-401.0,384.0,521.0,32.0,343.0
86.0,,-19.0,137.0,75.0,-294.0,358.0,412.0,-15.0,336.0
15.0,,0.0,171.0,103.0,-396.0,336.0,484.0,-58.0,380.0
-2.0,,19.0,197.0,116.0,-536.0,316.0,155.0,-124.0,557.0
-26.0,,12.0,177.0,141.0,-465.0,283.0,493.0,-197.0,723.0
-51.0,,0.0,141.0,172.0,-353.0,238.0,308.0,-259.0,782.0
-78.0,,-8.0,166.0,217.0,-437.0,203.0,541.0,-298.0,871.0
-77.0,,-61.0,156.0,263.0,-534.0,201.0,591.0,-309.0,1101.0
-34.0,,-93.0,122.0,273.0,-456.0,203.0,408.0,-302.0,1291.0
-19.0,,-108.0,159.0,233.0,-335.0,185.0,657.0,-293.0,1359.0
-49.0,,-154.0,258.0,166.0,-455.0,194.0,341.0,-278.0,1330.0
-70.0,,-173.0,358.0,112.0,-546.0,213.0,620.0,-264.0,1239.0
-48.0,,-183.0,395.0,76.0,-504.0,224.0,460.0,-254.0,1272.0
-96.0,,-206.0,463.0,39.0,-508.0,236.0,476.0,-249.0,1264.0
-198.0,,-217.0,567.0,4.0,-572.0,239.0,676.0,-258.0,1223.0
-290.0,,-239.0,613.0,-14.0,-667.0,232.0,395.0,-270.0,1092.0
-371.0,,-252.0,605.0,-26.0,-650.0,186.0,692.0,-296.0,936.0
-443.0,,-271.0,610.0,-26.0,-626.0,160.0,391.0,-312.0,933.0
-539.0,,-291.0,662.0,-18.0,-619.0,125.0,491.0,-322.0,970.0
-579.0,,-326.0,707.0,2.0,-630.0,90.0,467.0,-330.0,894.0
-556.0,,-348.0,772.0,44.0,-604.0,99.0,352.0,-338.0,703.0
-525.0,,-355.0,826.0,73.0,-498.0,74.0,670.0,-361.0,677.0
-513.0,,-386.0,903.0,91.0,-508.0,46.0,404.0,-388.0,606.0
-501.0,,-406.0,915.0,116.0,-569.0,47.0,707.0,-418.0,622.0
-421.0,,-434.0,785.0,136.0,-557.0,56.0,509.0,-448.0,652.0
-356.0,,-448.0,716.0,134.0,-496.0,48.0,498.0,-479.0,470.0
-348.0,,-464.0,602.0,65.0,-527.0,28.0,657.0,-498.0,428.0
-306.0,,-476.0,469.0,-74.0,-651.0,14.0,399.0,-493.0,535.0
-232.0,,-461.0,433.0,-244.0,-654.0,-17.0,707.0,-450.0,692.0
-183.0,,-440.0,385.0,-391.0,-565.0,-57.0,415.0,-396.0,754.0
-148.0,,-406.0,356.0,-486.0,-627.0,-85.0,524.0,-323.0,894.0
-84.0,,-383.0,355.0,-501.0,-761.0,-109.0,443.0,-245.0,1014.0
-6.0,,-350.0,297.0,-444.0,-696.0,-158.0,314.0,-171.0,1210.0
44.0,,-302.0,224.0,-362.0,-593.0,-224.0,596.0,-98.0,1448.0
81.0,,-265.0,242.0,-274.0,-655.0,-258.0,338.0,-51.0,1464.0
110.0,,-240.0,269.0,-182.0,-757.0,-264.0,679.0,13.0,1500.0
157.0,,-199.0,321.0,-61.0,-690.0,-309.0,484.0,72.0,1390.0
192.0,,-144.0,464.0,85.0,-534.0,-372.0,476.0,103.0,1359.0
167.0,,-102.0,574.0,206.0,-583.0,-414.0,574.0,128.0,1379.0
140.0,,-49.0,634.0,271.0,-686.0,-428.0,249.0,138.0,1181.0
137.0,,-11.0,670.0,293.0,-638.0,-429.0,546.0,121.0,972.0
142.0,,26.0,695.0,266.0,-587.0,-423.0,317.0,87.0,823.0
94.0,,48.0,689.0,200.0,-663.0,-409.0,528.0,50.0,641.0
40.0,,42.0,649.0,133.0,-811.0,-387.0,489.0,2.0,525.0
40.0,,16.0,626.0,86.0,-853.0,-342.0,375.0,-30.0,431.0
37.0,,-38.0,566.0,75.0,-776.0,-320.0,587.0,-83.0,220.0
0.0,,-92.0,511.0,74.0,-705.0,-301.0,192.0,-140.0,145.0
-49.0,,-172.0,476.0,84.0,-772.0,-290.0,430.0,-175.0,71.0
-42.0,,-243.0,380.0,86.0,-819.0,-278.0,206.0,-233.0,-19.0
-28.0,,-307.0,318.0,47.0,-645.0,-266.0,299.0,-283.0,-61.0
-76.0,,-391.0,336.0,-37.0,-565.0,-310.0,556.0,-322.0,-175.0
-145.0,,-478.0,337.0,-161.0,-680.0,-346.0,360.0,-363.0,-294.0
-155.0,,-551.0,336.0,-289.0,-755.0,-355.0,668.0,-391.0,-345.0
-113.0,,-604.0,382.0,-393.0,-693.0,-361.0,334.0,-414.0,-371.0
-132.0,,-657.0,455.0,-449.0,-682.0,-372.0,413.0,-442.0,-404.0
-162.0,,-696.0,540.0,-460.0,-851.0,-377.0,308.0,-455.0,-383.0
-122.0,,-712.0,596.0,-432.0,-840.0,-381.0,179.0,-450.0,-387.0
-53.0,,-689.0,604.0,-422.0,-716.0,-383.0,415.0,-440.0,-322.0
-57.0,,-666.0,505.0,-457.0,-746.0,-366.0,136.0,-422.0,-145.0
-93.0,,-624.0,280.0,-508.0,-807.0,-341.0,482.0,-396.0,4.0
-57.0,,-523.0,35.0,-543.0,-717.0,-292.0,267.0,-350.0,126.0
-23.0,,-405.0,-171.0,-506.0,-536.0,-283.0,258.0,-294.0,273.0
-30.0,,-293.0,-335.0,-384.0,-577.0,-271.0,352.0,-241.0,398.0
-70.0,,-187.0,-494.0,-192.0,-694.0,-233.0,77.0,-168.0,525.0
-82.0,,-90.0,-644.0,16.0,-661.0,-222.0,402.0,-79.0,615.0
-64.0,,-29.0,-745.0,182.0,-560.0,-193.0,118.0,19.0,607.0
-63.0,,25.0,-780.0,290.0,-526.0,-154.0,301.0,141.0,636.0
-105.0,,28.0,-707.0,340.0,-622.0,-133.0,249.0,275.0,669.0
-151.0,,19.0,-508.0,356.0,-655.0,-112.0,118.0,401.0,684.0
-135.0,,16.0,-307.0,346.0,-566.0,-87.0,408.0,524.0,660.0
-160.0,,-19.0,-141.0,311.0,-503.0,-90.0,160.0,634.0,435.0
-191.0,,-41.0,89.0,243.0,-524.0,-101.0,454.0,723.0,279.0
-189.0,,-74.0,302.0,137.0,-550.0,-88.0,164.0,772.0,227.0
-177.0,,-91.0,433.0,20.0,-435.0,-77.0,105.0,792.0,93.0
-181.0,,-108.0,522.0,-80.0,-318.0,-70.0,151.0,790.0,1.0
-219.0,,-132.0,517.0,-141.0,-381.0,-61.0,-70.0,758.0,-221.0
-239.0,,-160.0,404.0,-143.0,-450.0,-46.0,352.0,705.0,-341.0
-264.0,,-168.0,294.0,-104.0,-381.0,-46.0,162.0,632.0,-319.0
-303.0,,-152.0,188.0,-64.0,-306.0,-27.0,424.0,540.0,-254.0
-374.0,,-165.0,41.0,-35.0,-421.0,2.0,343.0,436.0,-239.0
-404.0,,-126.0,-85.0,5.0,-494.0,17.0,181.0,322.0,-359.0
-431.0,,-67.0,-141.0,45.0,-329.0,64.0,454.0,204.0,-294.0
-484.0,,-11.0,-113.0,60.0,-195.0,70.0,262.0,100.0,-153.0
-501.0,,51.0,-54.0,49.0,-244.0,70.0,674.0,8.0,64.0
-500.0,,107.0,29.0,-1.0,-313.0,104.0,456.0,-65.0,138.0
-446.0,,163.0,146.0,-94.0,-175.0,115.0,437.0,-95.0,77.0
-393.0,,202.0,272.0,-184.0,-78.0,152.0,465.0,-90.0,101.0
-388.0,,240.0,295.0,-234.0,-166.0,202.0,157.0,-93.0,176.0
-354.0,,248.0,236.0,-226.0,-178.0,229.0,448.0,-102.0,267.0
-260.0,,271.0,244.0,-165.0,-101.0,248.0,131.0,-100.0,208.0
-204.0,,276.0,235.0,-88.0,-47.0,263.0,323.0,-103.0,23.0
-179.0,,252.0,173.0,-17.0,-122.0,237.0,288.0,-117.0,-102.0
-159.0,,246.0,178.0,24.0,-165.0,230.0,230.0,-115.0,-161.0
-98.0,,228.0,205.0,27.0,-63.0,247.0,526.0,-117.0,-295.0
9.0,,231.0,225.0,12.0,13.0,202.0,286.0,-138.0,-402.0
50.0,,215.0,321.0,13.0,30.0,169.0,624.0,-142.0,-570.0
90.0,,185.0,406.0,39.0,13.0,134.0,417.0,-141.0,-597.0
168.0,,180.0,455.0,71.0,64.0,112.0,500.0,-134.0,-503.0
259.0,,164.0,455.0,104.0,195.0,104.0,618.0,-99.0,-453.0
287.0,,131.0,435.0,131.0,158.0,54.0,415.0,-62.0,-463.0
264.0,,111.0,418.0,155.0,20.0,43.0,792.0,-20.0,-472.0
270.0,,91.0,366.0,185.0,5.0,57.0,493.0,28.0,-362.0
302.0,,64.0,367.0,226.0,83.0,53.0,618.0,62.0,-385.0
318.0,,47.0,416.0,281.0,108.0,68.0,476.0,97.0,-387.0
257.0,,35.0,506.0,314.0,-2.0,88.0,317.0,125.0,-537.0
208.0,,53.0,614.0,292.0,41.0,80.0,545.0,157.0,-683.0
160.0,,81.0,671.0,229.0,164.0,71.0,363.0,188.0,-729.0
88.0,,83.0,688.0,165.0,62.0,74.0,805.0,192.0,-826.0
-12.0,,96.0,716.0,112.0,-31.0,95.0,678.0,181.0,-909.0
-142.0,,145.0,790.0,81.0,87.0,123.0,792.0,163.0,-1042.0
-230.0,,169.0,903.0,68.0,268.0,132.0,864.0,138.0,-1000.0
-301.0,,191.0,910.0,50.0,202.0,146.0,563.0,97.0,-976.0
-361.0,,232.0,816.0,25.0,139.0,152.0,822.0,34.0,-775.0
-434.0,,264.0,757.0,20.0,266.0,157.0,487.0,-42.0,-553.0
-453.0,,310.0,673.0,43.0,352.0,168.0,698.0,-134.0,-456.0
-456.0,,342.0,503.0,68.0,331.0,144.0,639.0,-224.0,-260.0
-475.0,,385.0,309.0,85.0,236.0,102.0,532.0,-296.0,-206.0
-482.0,,416.0,183.0,86.0,234.0,93.0,739.0,-354.0,-116.0
-507.0,,430.0,83.0,86.0,296.0,94.0,391.0,-398.0,-116.0
-505.0,,443.0,10.0,92.0,287.0,73.0,655.0,-427.0,-204.0
-512.0,,408.0,-9.0,77.0,204.0,52.0,404.0,-449.0,-273.0
-509.0,,399.0,-25.0,29.0,218.0,8.0,461.0,-457.0,-400.0
-505.0,,360.0,-34.0,-55.0,363.0,-43.0,578.0,-422.0,-482.0
-489.0,,310.0,-31.0,-152.0,384.0,-75.0,365.0,-367.0,-546.0
-443.0,,278.0,-23.0,-215.0,256.0,-105.0,691.0,-293.0,-575.0
-407.0,,213.0,12.0,-223.0,223.0,-123.0,426.0,-200.0,-569.0
-347.0,,195.0,96.0,-183.0,398.0,-154.0,650.0,-121.0,-445.0
-306.0,,173.0,113.0,-113.0,490.0,-160.0,558.0,-45.0,-270.0
-305.0,,137.0,81.0,-43.0,379.0,-142.0,423.0,24.0,-68.0
-285.0,,137.0,69.0,-1.0,358.0,-144.0,546.0,100.0,164.0
-200.0,,144.0,38.0,18.0,555.0,-130.0,142.0,163.0,309.0
-124.0,,157.0,86.0,18.0,656.0,-107.0,360.0,207.0,452.0
-86.0,,178.0,176.0,6.0,519.0,-77.0,60.0,257.0,571.0
-16.0,,228.0,209.0,-1.0,544.0,-87.0,142.0,314.0,587.0
90.0,,270.0,217.0,-6.0,761.0,-128.0,282.0,382.0,533.0
182.0,,304.0,207.0,6.0,785.0,-143.0,99.0,446.0,444.0
257.0,,341.0,239.0,37.0,704.0,-172.0,360.0,509.0,357.0
355.0,,352.0,295.0,77.0,713.0,-207.0,-38.0,560.0,245.0
445.0,,353.0,366.0,111.0,824.0,-240.0,157.0,579.0,120.0
543.0,,329.0,478.0,116.0,883.0,-266.0,99.0,558.0,-36.0
631.0,,274.0,510.0,89.0,781.0,-263.0,86.0,526.0,-250.0
675.0,,205.0,505.0,36.0,764.0,-241.0,384.0,485.0,-390.0
719.0,,154.0,532.0,-21.0,843.0,-228.0,103.0,446.0,-493.0
791.0,,94.0,483.0,-73.0,893.0,-222.0,386.0,417.0,-607.0
805.0,,25.0,411.0,-113.0,820.0,-204.0,79.0,371.0,-767.0
734.0,,-8.0,329.0,-136.0,730.0,-168.0,49.0,351.0,-991.0
692.0,,-37.0,230.0,-146.0,834.0,-135.0,42.0,322.0,-1119.0
690.0,,-89.0,195.0,-145.0,915.0,-151.0,-221.0,279.0,-1144.0
646.0,,-136.0,125.0,-132.0,794.0,-144.0,96.0,233.0,-1148.0
581.0,,-156.0,53.0,-94.0,702.0,-139.0,-194.0,174.0,-1200.0
530.0,,-224.0,75.0,-38.0,857.0,-156.0,11.0,133.0,-1243.0
499.0,,-260.0,175.0,4.0,1022.0,-152.0,-105.0,90.0,-1198.0
484.0,,-303.0,297.0,10.0,1026.0,-165.0,-264.0,63.0,-1051.0
421.0,,-360.0,367.0,-25.0,1007.0,-166.0,-92.0,62.0,-950.0
376.0,,-353.0,455.0,-100.0,1114.0,-172.0,-356.0,71.0,-902.0
387.0,,-372.0,493.0,-180.0,1224.0,-199.0,5.0,81.0,-789.0
398.0,,-358.0,476.0,-211.0,1115.0,-182.0,-127.0,82.0,-745.0
405.0,,-358.0,540.0,-168.0,1065.0,-163.0,33.0,80.0,-628.0
374.0,,-347.0,606.0,-57.0,1179.0,-180.0,149.0,50.0,-540.0
379.0,,-313.0,647.0,93.0,1213.0,-165.0,-36.0,15.0,-599.0
394.0,,-304.0,678.0,233.0,1162.0,-126.0,267.0,-19.0,-673.0
342.0,,-264.0,658.0,288.0,1095.0,-138.0,-57.0,-45.0,-753.0
330.0,,-229.0,568.0,234.0,1130.0,-166.0,118.0,-60.0,-729.0
322.0,,-206.0,483.0,110.0,1200.0,-151.0,-5.0,-83.0,-755.0
277.0,,-204.0,504.0,-32.0,1137.0,-110.0,-125.0,-98.0,-855.0
269.0,,-193.0,566.0,-148.0,1030.0,-95.0,44.0,-97.0,-916.0
267.0,,-180.0,584.0,-208.0,995.0,-84.0,-264.0,-81.0,-871.0
244.0,,-188.0,515.0,-228.0,1075.0,-50.0,24.0,-57.0,-822.0
221.0,,-215.0,421.0,-218.0,1066.0,-48.0,-210.0,-10.0,-798.0
178.0,,-223.0,343.0,-172.0,939.0,-54.0,-116.0,56.0,-782.0
136.0,,-228.0,225.0,-119.0,995.0,-36.0,-5.0,107.0,-784.0
135.0,,-241.0,175.0,-69.0,1162.0,-27.0,-177.0,154.0,-602.0
131.0,,-223.0,185.0,-14.0,1168.0,-42.0,164.0,167.0,-498.0
83.0,,-214.0,168.0,41.0,1029.0,-69.0,-162.0,138.0,-426.0
58.0,,-186.0,211.0,93.0,1044.0,-81.0,29.0,103.0,-304.0
65.0,,-142.0,314.0,135.0,1269.0,-101.0,-31.0,57.0,-272.0
46.0,,-107.0,379.0,161.0,1326.0,-119.0,-84.0,17.0,-194.0
-1.0,,-70.0,393.0,164.0,1164.0,-114.0,188.0,19.0,-77.0
-50.0,,-26.0,372.0,142.0,1181.0,-94.0,-109.0,55.0,-56.0
-46.0,,-4.0,373.0,110.0,1317.0,-89.0,136.0,101.0,-78.0
-45.0,,-3.0,360.0,89.0,1303.0,-70.0,-157.0,167.0,-33.0
-69.0,,6.0,293.0,86.0,1187.0,-34.0,-123.0,248.0,-90.0
-82.0,,0.0,356.0,97.0,1208.0,-7.0,-75.0,337.0,-94.0
-94.0,,-2.0,435.0,119.0,1410.0,59.0,-312.0,415.0,-102.0
-42.0,,-1.0,431.0,145.0,1397.0,62.0,66.0,482.0,-184.0
-49.0,,-3.0,449.0,161.0,1208.0,42.0,-160.0,552.0,-175.0
-127.0,,0.0,359.0,158.0,1173.0,79.0,101.0,591.0,-121.0
-121.0,,0.0,242.0,143.0,1232.0,104.0,35.0,615.0,-80.0
-122.0,,-21.0,167.0,107.0,1213.0,110.0,-46.0,643.0,-46.0
-189.0,,-40.0,38.0,61.0,1149.0,104.0,164.0,658.0,33.0
-224.0,,-49.0,-72.0,35.0,1142.0,148.0,-134.0,645.0,12.0
-180.0,,-65.0,-172.0,43.0,1224.0,193.0,190.0,608.0,-3.0
-188.0,,-67.0,-229.0,83.0,1276.0,201.0,-22.0,559.0,-48.0
-196.0,,-58.0,-211.0,142.0,1193.0,230.0,103.0,485.0,-137.0
-142.0,,-21.0,-231.0,211.0,1211.0,260.0,153.0,433.0,-179.0
-132.0,,18.0,-183.0,259.0,1341.0,266.0,-142.0,369.0,-264.0
-116.0,,61.0,-15.0,269.0,1367.0,275.0,101.0,290.0,-294.0
-123.0,,112.0,144.0,268.0,1229.0,291.0,-214.0,242.0,-204.0
-137.0,,142.0,296.0,303.0,1142.0,274.0,105.0,188.0,-150.0
-141.0,,169.0,368.0,378.0,1291.0,227.0,112.0,140.0,-108.0
-196.0,,189.0,394.0,446.0,1375.0,219.0,125.0,97.0,28.0
-269.0,,207.0,433.0,449.0,1243.0,234.0,351.0,75.0,122.0
-275.0,,262.0,388.0,348.0,1177.0,224.0,33.0,54.0,288.0
-254.0,,297.0,379.0,186.0,1320.0,213.0,356.0,21.0,430.0
-297.0,,334.0,394.0,19.0,1384.0,208.0,157.0,4.0,412.0
-298.0,,416.0,365.0,-142.0,1257.0,207.0,325.0,-24.0,454.0
-243.0,,444.0,403.0,-283.0,1224.0,225.0,378.0,-53.0,540.0
-148.0,,469.0,400.0,-375.0,1325.0,252.0,158.0,-74.0,577.0
-92.0,,479.0,308.0,-384.0,1358.0,286.0,452.0,-106.0,718.0
-66.0,,451.0,201.0,-313.0,1301.0,296.0,68.0,-159.0,806.0
25.0,,434.0,153.0,-199.0,1278.0,271.0,271.0,-210.0,784.0
102.0,,397.0,142.0,-86.0,1326.0,243.0,145.0,-264.0,906.0
108.0,,364.0,171.0,0.0,1353.0,233.0,94.0,-332.0,982.0
99.0,,346.0,288.0,53.0,1322.0,230.0,369.0,-378.0,1029.0
124.0,,300.0,387.0,61.0,1298.0,232.0,127.0,-405.0,1042.0
119.0,,274.0,485.0,26.0,1344.0,270.0,487.0,-421.0,979.0
126.0,,264.0,582.0,-21.0,1419.0,282.0,315.0,-422.0,966.0
92.0,,230.0,601.0,-37.0,1376.0,250.0,450.0,-403.0,976.0
24.0,,232.0,569.0,-6.0,1307.0,246.0,504.0,-368.0,970.0
7.0,,206.0,516.0,28.0,1370.0,253.0,349.0,-340.0,854.0
-30.0,,155.0,449.0,46.0,1444.0,271.0,724.0,-299.0,774.0
-68.0,,126.0,341.0,68.0,1375.0,289.0,447.0,-262.0,755.0
-47.0,,78.0,186.0,82.0,1208.0,275.0,657.0,-226.0,724.0
0.0,,34.0,66.0,84.0,1217.0,273.0,458.0,-190.0,695.0
-14.0,,-9.0,29.0,102.0,1326.0,264.0,267.0,-167.0,624.0
60.0,,-48.0,36.0,139.0,1211.0,249.0,417.0,-111.0,564.0
165.0,,-84.0,36.0,194.0,1080.0,243.0,166.0,-37.0,562.0
172.0,,-100.0,67.0,244.0,1131.0,219.0,543.0,42.0,571.0
191.0,,-130.0,180.0,273.0,1206.0,205.0,388.0,139.0,520.0
207.0,,-145.0,341.0,291.0,1154.0,190.0,500.0,252.0,489.0
237.0,,-145.0,508.0,305.0,1020.0,197.0,508.0,372.0,482.0
252.0,,-180.0,590.0,288.0,1037.0,216.0,251.0,454.0,494.0
242.0,,-179.0,670.0,193.0,1153.0,232.0,491.0,505.0,550.0
253.0,,-195.0,743.0,76.0,1124.0,220.0,171.0,526.0,495.0
287.0,,-202.0,690.0,13.0,1004.0,206.0,430.0,512.0,429.0
279.0,,-188.0,654.0,16.0,987.0,232.0,376.0,477.0,429.0
248.0,,-204.0,622.0,69.0,1045.0,226.0,323.0,423.0,429.0
238.0,,-187.0,531.0,136.0,1048.0,224.0,545.0,363.0,452.0
254.0,,-170.0,356.0,192.0,932.0,221.0,223.0,311.0,436.0
287.0,,-158.0,197.0,205.0,798.0,197.0,410.0,262.0,364.0
263.0,,-153.0,191.0,162.0,851.0,207.0,144.0,224.0,383.0
235.0,,-142.0,194.0,64.0,865.0,231.0,297.0,207.0,387.0
258.0,,-115.0,196.0,-71.0,726.0,232.0,421.0,192.0,273.0
312.0,,-111.0,190.0,-199.0,686.0,216.0,267.0,194.0,201.0
283.0,,-123.0,206.0,-283.0,768.0,217.0,572.0,214.0,104.0
199.0,,-126.0,218.0,-291.0,820.0,223.0,155.0,230.0,12.0
168.0,,-136.0,209.0,-239.0,697.0,197.0,243.0,258.0,-13.0
169.0,,-151.0,324.0,-194.0,644.0,184.0,66.0,288.0,-41.0
201.0,,-171.0,429.0,-196.0,784.0,196.0,-1.0,318.0,-75.0
160.0,,-215.0,476.0,-216.0,804.0,202.0,266.0,356.0,-62.0
113.0,,-225.0,498.0,-220.0,668.0,208.0,36.0,395.0,-2.0
181.0,,-210.0,530.0,-209.0,614.0,192.0,384.0,425.0,58.0
217.0,,-211.0,576.0,-186.0,694.0,194.0,110.0,431.0,153.0
177.0,,-180.0,536.0,-176.0,680.0,216.0,120.0,423.0,152.0
146.0,,-130.0,469.0,-178.0,534.0,239.0,103.0,406.0,113.0
162.0,,-82.0,352.0,-186.0,485.0,268.0,-110.0,370.0,119.0
201.0,,-9.0,244.0,-206.0,598.0,285.0,234.0,320.0,92.0
192.0,,33.0,177.0,-221.0,617.0,296.0,-46.0,261.0,77.0
154.0,,100.0,94.0,-191.0,509.0,305.0,232.0,201.0,48.0
155.0,,195.0,-20.0,-88.0,497.0,318.0,158.0,136.0,19.0
197.0,,226.0,-177.0,74.0,559.0,318.0,38.0,65.0,13.0
242.0,,288.0,-204.0,274.0,613.0,341.0,192.0,-14.0,9.0
297.0,,336.0,-158.0,465.0,575.0,366.0,-184.0,-117.0,-55.0
328.0,,371.0,-184.0,599.0,553.0,356.0,57.0,-221.0,-90.0
351.0,,419.0,-109.0,636.0,694.0,353.0,-112.0,-334.0,-97.0
427.0,,434.0,30.0,578.0,847.0,364.0,60.0,-461.0,-187.0
486.0,,473.0,68.0,451.0,852.0,362.0,179.0,-577.0,-197.0
529.0,,451.0,101.0,268.0,752.0,359.0,51.0,-675.0,-198.0
547.0,,415.0,143.0,82.0,807.0,349.0,421.0,-747.0,-140.0
527.0,,407.0,158.0,-58.0,897.0,302.0,62.0,-784.0,-64.0
573.0,,332.0,176.0,-134.0,801.0,286.0,218.0,-775.0,-36.0
610.0,,272.0,215.0,-145.0,707.0,268.0,73.0,-746.0,61.0
554.0,,221.0,238.0,-106.0,806.0,242.0,-55.0,-722.0,101.0
511.0,,160.0,257.0,-20.0,974.0,207.0,177.0,-699.0,101.0
478.0,,121.0,284.0,58.0,872.0,138.0,-116.0,-672.0,60.0
408.0,,109.0,183.0,96.0,749.0,123.0,181.0,-627.0,10.0
352.0,,104.0,105.0,90.0,834.0,107.0,-48.0,-562.0,-36.0
291.0,,111.0,126.0,46.0,896.0,64.0,44.0,-493.0,2.0
216.0,,124.0,173.0,-8.0,837.0,63.0,160.0,-421.0,41.0
198.0,,136.0,252.0,-46.0,758.0,65.0,-14.0,-342.0,104.0
189.0,,182.0,288.0,-42.0,870.0,79.0,336.0,-253.0,282.0
100.0,,198.0,347.0,7.0,939.0,87.0,33.0,-180.0,422.0
37.0,,221.0,432.0,85.0,813.0,62.0,256.0,-125.0,611.0
38.0,,249.0,515.0,137.0,753.0,63.0,203.0,-84.0,666.0
26.0,,246.0,555.0,124.0,810.0,40.0,171.0,-70.0,609.0
5.0,,266.0,523.0,30.0,857.0,18.0,415.0,-62.0,552.0
24.0,,266.0,467.0,-89.0,797.0,13.0,77.0,-58.0,419.0
45.0,,286.0,366.0,-174.0,732.0,-34.0,358.0,-54.0,210.0
58.0,,283.0,257.0,-236.0,736.0,-70.0,153.0,-57.0,-3.0
85.0,,268.0,174.0,-277.0,748.0,-102.0,260.0,-57.0,-281.0
59.0,,275.0,133.0,-309.0,707.0,-105.0,352.0,-56.0,-559.0
36.0,,256.0,156.0,-300.0,618.0,-109.0,171.0,-79.0,-650.0
18.0,,244.0,183.0,-228.0,652.0,-139.0,506.0,-100.0,-766.0
16.0,,229.0,200.0,-103.0,808.0,-158.0,229.0,-119.0,-834.0
20.0,,232.0,264.0,40.0,774.0,-156.0,426.0,-128.0,-855.0
-16.0,,234.0,385.0,141.0,583.0,-160.0,277.0,-126.0,-847.0
-12.0,,260.0,533.0,197.0,552.0,-183.0,190.0,-119.0,-883.0
-12.0,,274.0,636.0,247.0,598.0,-169.0,412.0,-108.0,-905.0
1.0,,274.0,725.0,285.0,537.0,-159.0,109.0,-102.0,-888.0
14.0,,309.0,827.0,264.0,409.0,-132.0,419.0,-79.0,-941.0
15.0,,287.0,890.0,184.0,363.0,-77.0,221.0,-57.0,-899.0
9.0,,299.0,926.0,55.0,450.0,-56.0,317.0,-22.0,-843.0
23.0,,307.0,853.0,-78.0,436.0,-32.0,349.0,49.0,-718.0
74.0,,287.0,751.0,-183.0,310.0,4.0,88.0,121.0,-604.0
89.0,,298.0,704.0,-259.0,315.0,40.0,352.0,188.0,-507.0
196.0,,278.0,639.0,-282.0,419.0,65.0,49.0,256.0,-415.0
303.0,,259.0,576.0,-258.0,364.0,55.0,310.0,304.0,-303.0
356.0,,217.0,528.0,-190.0,221.0,38.0,223.0,332.0,-223.0
408.0,,195.0,505.0,-98.0,232.0,59.0,136.0,340.0,-192.0
432.0,,171.0,495.0,-11.0,247.0,59.0,336.0,327.0,-95.0
445.0,,139.0,493.0,46.0,170.0,23.0,40.0,314.0,-30.0
415.0,,132.0,549.0,62.0,73.0,0.0,360.0,308.0,116.0
406.0,,106.0,678.0,46.0,70.0,-6.0,114.0,290.0,236.0
397.0,,118.0,780.0,0.0,182.0,-3.0,205.0,256.0,304.0
405.0,,108.0,808.0,-64.0,192.0,0.0,267.0,214.0,388.0
415.0,,109.0,787.0,-145.0,54.0,9.0,125.0,165.0,513.0
394.0,,142.0,742.0,-209.0,-42.0,14.0,509.0,104.0,654.0
395.0,,142.0,712.0,-238.0,19.0,29.0,197.0,36.0,765.0
409.0,,191.0,610.0,-217.0,39.0,56.0,399.0,0.0,840.0
419.0,,238.0,532.0,-136.0,-113.0,70.0,247.0,-6.0,868.0
413.0,,274.0,550.0,-13.0,-182.0,65.0,169.0,-2.0,928.0
440.0,,314.0,591.0,139.0,-84.0,37.0,399.0,24.0,976.0
439.0,,322.0,627.0,291.0,-37.0,37.0,116.0,40.0,944.0
408.0,,328.0,620.0,422.0,-152.0,66.0,448.0,60.0,830.0
404.0,,341.0,665.0,478.0,-245.0,115.0,249.0,67.0,717.0
399.0,,357.0,700.0,427.0,-166.0,168.0,363.0,47.0,554.0
353.0,,354.0,645.0,295.0,-156.0,190.0,415.0,35.0,370.0
291.0,,368.0,563.0,115.0,-265.0,212.0,210.0,20.0,188.0
243.0,,366.0,463.0,-59.0,-315.0,233.0,456.0,10.0,2.0
193.0,,346.0,366.0,-186.0,-298.0,247.0,136.0,5.0,-108.0
190.0,,329.0,319.0,-240.0,-330.0,248.0,432.0,42.0,-175.0
108.0,,263.0,273.0,-243.0,-476.0,259.0,310.0,106.0,-231.0
12.0,,193.0,177.0,-226.0,-556.0,257.0,232.0,180.0,-246.0
1.0,,110.0,76.0,-180.0,-530.0,228.0,406.0,258.0,-279.0
-28.0,,4.0,10.0,-126.0,-491.0,227.0,88.0,333.0,-380.0
-78.0,,-100.0,-15.0,-105.0,-525.0,231.0,426.0,413.0,-432.0
-194.0,,-213.0,-6.0,-139.0,-630.0,222.0,245.0,467.0,-527.0
-238.0,,-310.0,11.0,-187.0,-652.0,218.0,428.0,505.0,-612.0
-248.0,,-416.0,-13.0,-219.0,-544.0,228.0,498.0,494.0,-666.0
-330.0,,-518.0,-58.0,-233.0,-571.0,236.0,293.0,456.0,-780.0
-397.0,,-600.0,-21.0,-243.0,-718.0,238.0,506.0,419.0,-749.0
-425.0,,-684.0,100.0,-286.0,-642.0,230.0,129.0,359.0,-741.0
-378.0,,-733.0,211.0,-345.0,-560.0,219.0,393.0,282.0,-822.0
-372.0,,-767.0,339.0,-362.0,-666.0,247.0,284.0,203.0,-771.0
-376.0,,-767.0,485.0,-309.0,-857.0,264.0,251.0,138.0,-718.0
-373.0,,-721.0,554.0,-216.0,-898.0,227.0,430.0,101.0,-578.0
-342.0,,-673.0,581.0,-117.0,-745.0,197.0,94.0,106.0,-366.0
-277.0,,-584.0,602.0,-7.0,-820.0,177.0,378.0,119.0,-243.0
-266.0,,-489.0,591.0,109.0,-968.0,156.0,133.0,137.0,-82.0
-214.0,,-380.0,512.0,196.0,-893.0,138.0,258.0,162.0,113.0
-158.0,,-277.0,416.0,226.0,-766.0,119.0,260.0,182.0,245.0
-140.0,,-169.0,328.0,220.0,-759.0,112.0,38.0,211.0,381.0
-119.0,,-63.0,254.0,178.0,-851.0,74.0,301.0,250.0,547.0
-73.0,,-3.0,214.0,129.0,-831.0,57.0,38.0,291.0,586.0
-66.0,,75.0,147.0,117.0,-727.0,82.0,393.0,326.0,632.0
-60.0,,109.0,135.0,129.0,-772.0,87.0,291.0,345.0,710.0
-47.0,,134.0,201.0,135.0,-905.0,81.0,251.0,345.0,733.0
-66.0,,149.0,231.0,118.0,-948.0,96.0,389.0,334.0,750.0
-32.0,,147.0,215.0,79.0,-900.0,151.0,48.0,304.0,665.0
-23.0,,171.0,212.0,19.0,-872.0,171.0,310.0,278.0,527.0
-15.0,,144.0,237.0,-41.0,-1005.0,172.0,9.0,265.0,463.0
-19.0,,131.0,231.0,-101.0,-1082.0,190.0,142.0,268.0,405.0
21.0,,117.0,196.0,-162.0,-930.0,211.0,164.0,277.0,297.0
69.0,,76.0,197.0,-189.0,-909.0,236.0,-3.0,291.0,212.0
72.0,,45.0,197.0,-132.0,-1054.0,213.0,293.0,293.0,129.0
118.0,,5.0,185.0,10.0,-1064.0,180.0,-36.0,256.0,61.0
184.0,,-22.0,239.0,150.0,-944.0,154.0,134.0,193.0,52.0
275.0,,-40.0,322.0,198.0,-924.0,113.0,-90.0,115.0,55.0
315.0,,-53.0,355.0,136.0,-1029.0,85.0,-92.0,53.0,66.0
410.0,,-64.0,322.0,6.0,-1073.0,65.0,147.0,-5.0,141.0
508.0,,-81.0,314.0,-129.0,-966.0,54.0,-118.0,-57.0,167.0
545.0,,-94.0,446.0,-211.0,-934.0,37.0,186.0,-97.0,179.0
548.0,,-102.0,617.0,-231.0,-1097.0,7.0,-73.0,-144.0,235.0
544.0,,-99.0,692.0,-224.0,-1145.0,-9.0,3.0,-179.0,112.0
592.0,,-90.0,640.0,-208.0,-1001.0,-16.0,-36.0,-212.0,-33.0
534.0,,-75.0,546.0,-176.0,-925.0,-17.0,-279.0,-241.0,-150.0
459.0,,-80.0,541.0,-126.0,-1031.0,-12.0,-86.0,-256.0,-326.0
380.0,,-101.0,486.0,-82.0,-1068.0,-4.0,-447.0,-269.0,-457.0
337.0,,-106.0,386.0,-55.0,-925.0,-12.0,-212.0,-276.0,-554.0
293.0,,-134.0,366.0,-27.0,-966.0,-66.0,-371.0,-271.0,-672.0
184.0,,-159.0,328.0,13.0,-1157.0,-88.0,-388.0,-265.0,-721.0
156.0,,-187.0,285.0,51.0,-1193.0,-100.0,-188.0,-246.0,-693.0
157.0,,-227.0,262.0,51.0,-1114.0,-149.0,-482.0,-212.0,-760.0
151.0,,-255.0,228.0,-19.0,-1058.0,-188.0,-169.0,-192.0,-784.0
121.0,,-297.0,183.0,-128.0,-1147.0,-244.0,-399.0,-175.0,-769.0
133.0,,-324.0,159.0,-185.0,-1238.0,-271.0,-227.0,-175.0,-777.0
144.0,,-336.0,179.0,-153.0,-1167.0,-283.0,-214.0,-181.0,-680.0
149.0,,-338.0,188.0,-49.0,-1109.0,-311.0,-454.0,-188.0,-607.0
152.0,,-329.0,208.0,71.0,-1149.0,-314.0,-267.0,-198.0,-503.0
114.0,,-311.0,259.0,125.0,-1282.0,-322.0,-633.0,-193.0,-335.0
159.0,,-269.0,291.0,84.0,-1277.0,-336.0,-391.0,-174.0,-213.0
176.0,,-232.0,319.0,4.0,-1112.0,-327.0,-591.0,-123.0,-24.0
112.0,,-202.0,333.0,-40.0,-1138.0,-286.0,-617.0,-56.0,74.0
79.0,,-157.0,261.0,-26.0,-1297.0,-281.0,-478.0,27.0,122.0
89.0,,-105.0,196.0,24.0,-1327.0,-303.0,-809.0,99.0,173.0
94.0,,-57.0,199.0,64.0,-1233.0,-313.0,-469.0,143.0,202.0
42.0,,-6.0,198.0,90.0,-1227.0,-318.0,-698.0,170.0,277.0
-2.0,,58.0,210.0,123.0,-1252.0,-349.0,-500.0,155.0,224.0
4.0,,125.0,211.0,130.0,-1209.0,-409.0,-436.0,130.0,244.0
-42.0,,183.0,249.0,90.0,-1179.0,-451.0,-572.0,88.0,238.0
-160.0,,227.0,368.0,21.0,-1276.0,-477.0,-288.0,36.0,201.0
-238.0,,245.0,467.0,-15.0,-1416.0,-511.0,-628.0,-24.0,192.0
-295.0,,286.0,473.0,23.0,-1292.0,-567.0,-423.0,-95.0,25.0
-380.0,,306.0,495.0,88.0,-1199.0,-597.0,-652.0,-141.0,-144.0
-473.0,,322.0,592.0,122.0,-1361.0,-621.0,-670.0,-193.0,-304.0
-537.0,,348.0,612.0,81.0,-1431.0,-643.0,-447.0,-226.0,-520.0
-538.0,,334.0,598.0,-12.0,-1336.0,-671.0,-707.0,-242.0,-702.0
-536.0,,320.0,615.0,-75.0,-1270.0,-699.0,-400.0,-248.0,-807.0
-580.0,,294.0,633.0,-103.0,-1315.0,-666.0,-711.0,-228.0,-1003.0
-585.0,,253.0,662.0,-115.0,-1406.0,-642.0,-681.0,-206.0,-1034.0
-554.0,,233.0,627.0,-135.0,-1404.0,-656.0,-726.0,-168.0,-951.0
-533.0,,229.0,517.0,-164.0,-1227.0,-666.0,-885.0,-106.0,-859.0
-548.0,,211.0,379.0,-173.0,-1130.0,-642.0,-585.0,-15.0,-654.0
-529.0,,205.0,226.0,-163.0,-1233.0,-620.0,-846.0,70.0,-481.0
-454.0,,187.0,138.0,-140.0,-1275.0,-624.0,-535.0,151.0,-265.0
-418.0,,168.0,94.0,-123.0,-1178.0,-606.0,-654.0,218.0,-86.0
-353.0,,168.0,72.0,-124.0,-1110.0,-595.0,-678.0,249.0,33.0
-281.0,,148.0,136.0,-138.0,-1206.0,-579.0,-535.0,265.0,63.0
-209.0,,140.0,244.0,-130.0,-1277.0,-586.0,-861.0,258.0,73.0
-94.0,,131.0,335.0,-67.0,-1135.0,-578.0,-563.0,234.0,36.0
24.0,,113.0,422.0,30.0,-1071.0,-536.0,-790.0,182.0,-102.0
139.0,,96.0,560.0,137.0,-1221.0,-521.0,-676.0,133.0,-224.0
215.0,,53.0,633.0,229.0,-1255.0,-504.0,-703.0,90.0,-296.0
298.0,,3.0,630.0,264.0,-1099.0,-492.0,-955.0,24.0,-419.0
381.0,,-39.0,675.0,193.0,-982.0,-467.0,-722.0,-50.0,-514.0
399.0,,-80.0,695.0,15.0,-1015.0,-446.0,-1006.0,-134.0,-481.0
441.0,,-96.0,666.0,-196.0,-1024.0,-447.0,-722.0,-202.0,-480.0
498.0,,-118.0,637.0,-368.0,-889.0,-461.0,-829.0,-265.0,-374.0
528.0,,-128.0,649.0,-452.0,-840.0,-473.0,-840.0,-302.0,-336.0
576.0,,-126.0,618.0,-467.0,-935.0,-462.0,-648.0,-322.0,-290.0
600.0,,-147.0,488.0,-466.0,-969.0,-470.0,-921.0,-348.0,-186.0
607.0,,-149.0,394.0,-502.0,-856.0,-467.0,-602.0,-342.0,-195.0
569.0,,-159.0,367.0,-588.0,-744.0,-462.0,-853.0,-330.0,-229.0
501.0,,-166.0,333.0,-663.0,-846.0,-458.0,-720.0,-323.0,-275.0
405.0,,-185.0,308.0,-681.0,-964.0,-426.0,-668.0,-312.0,-367.0
273.0,,-191.0,339.0,-643.0,-824.0,-417.0,-844.0,-301.0,-523.0
193.0,,-178.0,333.0,-528.0,-695.0,-414.0,-593.0,-279.0,-600.0
71.0,,-198.0,302.0,-338.0,-776.0,-414.0,-990.0,-247.0,-822.0
-55.0,,-175.0,318.0,-115.0,-876.0,-412.0,-790.0,-222.0,-959.0
-103.0,,-146.0,302.0,76.0,-763.0,-405.0,-918.0,-191.0,-1077.0
-162.0,,-124.0,235.0,188.0,-557.0,-420.0,-892.0,-157.0,-1241.0
-182.0,,-60.0,184.0,233.0,-628.0,-447.0,-639.0,-150.0,-1233.0
-167.0,,10.0,214.0,222.0,-824.0,-487.0,-881.0,-150.0,-1268.0
-185.0,,90.0,256.0,196.0,-780.0,-503.0,-526.0,-158.0,-1250.0
-173.0,,173.0,234.0,190.0,-623.0,-527.0,-820.0,-165.0,-1165.0
-162.0,,234.0,220.0,181.0,-658.0,-571.0,-774.0,-143.0,-1051.0
-151.0,,264.0,231.0,172.0,-750.0,-599.0,-794.0,-100.0,-974.0
-144.0,,282.0,225.0,156.0,-688.0,-621.0,-964.0,-44.0,-883.0
-152.0,,292.0,206.0,106.0,-596.0,-629.0,-618.0,17.0,-886.0
-143.0,,283.0,134.0,30.0,-646.0,-645.0,-837.0,68.0,-856.0
-166.0,,271.0,26.0,-45.0,-750.0,-616.0,-521.0,114.0,-810.0
-124.0,,245.0,-66.0,-88.0,-649.0,-567.0,-652.0,171.0,-782.0
-66.0,,219.0,-128.0,-87.0,-523.0,-539.0,-694.0,208.0,-684.0
-82.0,,170.0,-150.0,-89.0,-617.0,-510.0,-572.0,222.0,-699.0
-60.0,,111.0,-162.0,-105.0,-697.0,-465.0,-897.0,218.0,-623.0
12.0,,47.0,-207.0,-123.0,-609.0,-393.0,-611.0,198.0,-565.0
67.0,,-15.0,-289.0,-159.0,-523.0,-370.0,-861.0,162.0,-558.0
89.0,,-48.0,-352.0,-172.0,-578.0,-341.0,-654.0,108.0,-501.0
99.0,,-101.0,-408.0,-130.0,-701.0,-309.0,-591.0,51.0,-452.0
94.0,,-112.0,-412.0,-27.0,-643.0,-284.0,-838.0,-3.0,-390.0
115.0,,-115.0,-337.0,139.0,-421.0,-241.0,-630.0,-61.0,-276.0
117.0,,-142.0,-215.0,324.0,-425.0,-231.0,-940.0,-112.0,-255.0
106.0,,-147.0,-71.0,455.0,-671.0,-221.0,-670.0,-147.0,-260.0
128.0,,-171.0,66.0,469.0,-726.0,-216.0,-755.0,-168.0,-268.0
169.0,,-180.0,214.0,376.0,-503.0,-222.0,-678.0,-159.0,-336.0
224.0,,-178.0,308.0,213.0,-449.0,-264.0,-428.0,-134.0,-313.0
247.0,,-196.0,344.0,35.0,-645.0,-313.0,-731.0,-110.0,-320.0
310.0,,-191.0,352.0,-122.0,-683.0,-335.0,-456.0,-88.0,-331.0
359.0,,-174.0,341.0,-254.0,-489.0,-364.0,-753.0,-65.0,-419.0
339.0,,-160.0,283.0,-349.0,-464.0,-388.0,-635.0,-47.0,-478.0
325.0,,-129.0,201.0,-436.0,-657.0,-404.0,-569.0,-33.0,-487.0
312.0,,-95.0,163.0,-516.0,-694.0,-402.0,-724.0,-26.0,-576.0
281.0,,-59.0,88.0,-559.0,-626.0,-422.0,-426.0,-39.0,-598.0
232.0,,-14.0,58.0,-531.0,-701.0,-457.0,-692.0,-56.0,-604.0
189.0,,49.0,152.0,-403.0,-807.0,-427.0,-410.0,-100.0,-564.0
110.0,,97.0,241.0,-197.0,-746.0,-404.0,-543.0,-144.0,-434.0
28.0,,156.0,311.0,35.0,-661.0,-428.0,-533.0,-177.0,-281.0
21.0,,250.0,371.0,209.0,-742.0,-435.0,-327.0,-207.0,-102.0
15.0,,313.0,437.0,258.0,-821.0,-436.0,-583.0,-201.0,82.0
-19.0,,369.0,581.0,188.0,-772.0,-417.0,-266.0,-179.0,259.0
-10.0,,444.0,671.0,89.0,-698.0,-405.0,-522.0,-150.0,503.0
46.0,,487.0,700.0,45.0,-665.0,-404.0,-354.0,-120.0,672.0
64.0,,522.0,726.0,73.0,-766.0,-413.0,-334.0,-86.0,765.0
50.0,,558.0,680.0,155.0,-853.0,-479.0,-508.0,-50.0,832.0
95.0,,560.0,595.0,259.0,-715.0,-525.0,-203.0,-19.0,739.0
123.0,,570.0,469.0,349.0,-615.0,-553.0,-504.0,4.0,572.0
72.0,,566.0,388.0,406.0,-673.0,-581.0,-288.0,25.0,408.0
30.0,,540.0,340.0,448.0,-701.0,-597.0,-491.0,62.0,183.0
-32.0,,518.0,334.0,465.0,-579.0,-601.0,-498.0,102.0,-17.0
-86.0,,488.0,356.0,462.0,-483.0,-596.0,-260.0,149.0,-145.0
-136.0,,464.0,335.0,465.0,-659.0,-635.0,-445.0,211.0,-319.0
-232.0,,424.0,400.0,472.0,-780.0,-643.0,-66.0,262.0,-408.0
-278.0,,410.0,546.0,449.0,-605.0,-616.0,-365.0,299.0,-493.0
-315.0,,385.0,707.0,363.0,-488.0,-599.0,-306.0,321.0,-526.0
-328.0,,347.0,893.0,224.0,-635.0,-565.0,-304.0,319.0,-474.0
-368.0,,328.0,1082.0,76.0,-742.0,-517.0,-448.0,290.0,-442.0
-429.0,,295.0,1206.0,-53.0,-611.0,-484.0,-129.0,244.0,-315.0
-434.0,,258.0,1224.0,-154.0,-519.0,-483.0,-402.0,205.0,-218.0
-456.0,,224.0,1149.0,-221.0,-619.0,-462.0,-123.0,147.0,-141.0
-460.0,,191.0,1054.0,-248.0,-706.0,-421.0,-225.0,74.0,-59.0
-452.0,,155.0,923.0,-229.0,-619.0,-425.0,-249.0,0.0,-2.0
-409.0,,133.0,775.0,-144.0,-567.0,-431.0,-109.0,-65.0,32.0
-338.0,,94.0,698.0,-16.0,-667.0,-426.0,-445.0,-140.0,71.0
-277.0,,64.0,592.0,79.0,-713.0,-468.0,-171.0,-252.0,41.0
-203.0,,43.0,458.0,101.0,-639.0,-491.0,-380.0,-350.0,-5.0
-125.0,,-3.0,434.0,88.0,-527.0,-480.0,-131.0,-422.0,-79.0
-41.0,,-29.0,470.0,56.0,-580.0,-489.0,18.0,-486.0,-231.0
23.0,,-59.0,517.0,-3.0,-711.0,-503.0,-114.0,-535.0,-355.0
87.0,,-88.0,590.0,-64.0,-665.0,-493.0,168.0,-549.0,-551.0
179.0,,-110.0,634.0,-104.0,-573.0,-482.0,-194.0,-547.0,-699.0
226.0,,-128.0,716.0,-120.0,-636.0,-495.0,16.0,-547.0,-805.0
214.0,,-127.0,780.0,-157.0,-813.0,-490.0,-136.0,-519.0,-859.0
244.0,,-144.0,758.0,-231.0,-776.0,-483.0,-175.0,-481.0,-862.0
291.0,,-164.0,747.0,-297.0,-603.0,-462.0,57.0,-422.0,-851.0
273.0,,-161.0,691.0,-315.0,-659.0,-433.0,-175.0,-341.0,-806.0
216.0,,-149.0,613.0,-264.0,-819.0,-423.0,162.0,-267.0,-723.0
223.0,,-124.0,504.0,-173.0,-751.0,-403.0,-133.0,-207.0,-618.0
253.0,,-113.0,329.0,-66.0,-549.0,-400.0,-81.0,-167.0,-532.0
228.0,,-78.0,138.0,36.0,-601.0,-400.0,-116.0,-126.0,-387.0
200.0,,-56.0,-87.0,93.0,-733.0,-390.0,-327.0,-109.0,-303.0
171.0,,-40.0,-282.0,53.0,-660.0,-383.0,-29.0,-99.0,-214.0
142.0,,8.0,-366.0,-71.0,-530.0,-361.0,-299.0,-89.0,-217.0
83.0,,30.0,-356.0,-205.0,-561.0,-359.0,3.0,-87.0,-302.0
38.0,,80.0,-301.0,-287.0,-694.0,-375.0,-125.0,-84.0,-359.0
32.0,,130.0,-174.0,-276.0,-620.0,-363.0,-155.0,-88.0,-453.0
14.0,,142.0,-34.0,-187.0,-507.0,-323.0,-5.0,-80.0,-517.0
-13.0,,164.0,37.0,-38.0,-597.0,-292.0,-323.0,-75.0,-587.0
-27.0,,171.0,64.0,130.0,-691.0,-271.0,-1.0,-83.0,-645.0
5.0,,163.0,65.0,249.0,-647.0,-254.0,-260.0,-102.0,-698.0
8.0,,172.0,75.0,291.0,-461.0,-221.0,-147.0,-128.0,-670.0
-6.0,,161.0,51.0,252.0,-343.0,-182.0,-142.0,-143.0,-610.0
-3.0,,166.0,-45.0,150.0,-416.0,-140.0,-351.0,-142.0,-568.0
13.0,,168.0,-152.0,62.0,-448.0,-95.0,-66.0,-131.0,-471.0
43.0,,145.0,-178.0,64.0,-358.0,-76.0,-354.0,-90.0,-336.0
20.0,,152.0,-157.0,148.0,-265.0,-67.0,-62.0,-44.0,-149.0
-20.0,,145.0,-219.0,244.0,-358.0,-62.0,-133.0,-3.0,59.0
-7.0,,162.0,-294.0,270.0,-471.0,-53.0,-182.0,47.0,243.0
24.0,,179.0,-325.0,179.0,-322.0,-68.0,-40.0,74.0,381.0
-16.0,,221.0,-374.0,-1.0,-262.0,-87.0,-343.0,98.0,531.0
-33.0,,266.0,-415.0,-192.0,-377.0,-59.0,-33.0,110.0,676.0
-15.0,,295.0,-453.0,-322.0,-396.0,-68.0,-262.0,120.0,765.0
-18.0,,348.0,-505.0,-341.0,-227.0,-85.0,-134.0,130.0,819.0
-32.0,,347.0,-538.0,-234.0,-84.0,-31.0,-94.0,131.0,800.0
-37.0,,343.0,-529.0,-65.0,-174.0,26.0,-279.0,141.0,747.0
14.0,,320.0,-463.0,81.0,-129.0,65.0,57.0,145.0,686.0
40.0,,279.0,-411.0,132.0,2.0,93.0,-199.0,161.0,525.0
54.0,,215.0,-342.0,42.0,-77.0,130.0,72.0,182.0,341.0
100.0,,128.0,-125.0,-123.0,-188.0,179.0,-25.0,202.0,158.0
184.0,,69.0,86.0,-238.0,-169.0,164.0,-72.0,221.0,-15.0
220.0,,-11.0,231.0,-227.0,-55.0,112.0,133.0,241.0,-74.0
205.0,,-94.0,390.0,-113.0,-15.0,110.0,-120.0,265.0,-52.0
218.0,,-162.0,494.0,31.0,-67.0,134.0,214.0,278.0,8.0
218.0,,-206.0,579.0,140.0,-89.0,151.0,-33.0,265.0,114.0
230.0,,-233.0,625.0,196.0,-22.0,185.0,101.0,244.0,235.0
173.0,,-256.0,599.0,182.0,81.0,246.0,192.0,214.0,342.0
97.0,,-260.0,540.0,111.0,105.0,277.0,31.0,181.0,497.0
85.0,,-256.0,449.0,56.0,57.0,316.0,308.0,161.0,605.0
44.0,,-236.0,364.0,17.0,91.0,363.0,-18.0,141.0,699.0
2.0,,-205.0,326.0,-26.0,208.0,389.0,210.0,131.0,776.0
0.0,,-161.0,318.0,-41.0,171.0,405.0,35.0,118.0,741.0
31.0,,-101.0,298.0,-1.0,37.0,397.0,-90.0,100.0,695.0
78.0,,-23.0,349.0,101.0,151.0,389.0,33.0,78.0,563.0
113.0,,64.0,493.0,246.0,289.0,368.0,-223.0,67.0,435.0
175.0,,160.0,593.0,356.0,206.0,365.0,175.0,82.0,342.0
257.0,,244.0,654.0,374.0,126.0,367.0,-42.0,108.0,222.0
314.0,,325.0,741.0,331.0,203.0,388.0,59.0,178.0,133.0
361.0,,390.0,802.0,264.0,347.0,422.0,42.0,278.0,51.0
423.0,,428.0,822.0,178.0,277.0,416.0,-188.0,382.0,0.0
437.0,,469.0,823.0,79.0,164.0,433.0,127.0,472.0,4.0
447.0,,482.0,874.0,22.0,269.0,444.0,-116.0,551.0,33.0
482.0,,490.0,930.0,46.0,368.0,451.0,188.0,597.0,105.0
462.0,,471.0,927.0,112.0,283.0,466.0,44.0,597.0,218.0
453.0,,433.0,918.0,161.0,229.0,448.0,-62.0,587.0,297.0
460.0,,399.0,860.0,179.0,362.0,435.0,97.0,558.0,439.0
478.0,,335.0,750.0,181.0,433.0,444.0,-205.0,512.0,516.0
476.0,,291.0,684.0,170.0,383.0,423.0,112.0,460.0,496.0
453.0,,240.0,658.0,154.0,348.0,412.0,-121.0,397.0,450.0
471.0,,209.0,588.0,122.0,396.0,431.0,-53.0,320.0,315.0
486.0,,170.0,515.0,84.0,488.0,416.0,-66.0,224.0,171.0
480.0,,139.0,471.0,59.0,511.0,407.0,-282.0,120.0,69.0
424.0,,141.0,429.0,12.0,443.0,400.0,11.0,-7.0,-33.0
380.0,,121.0,310.0,-66.0,396.0,387.0,-282.0,-136.0,-183.0
307.0,,130.0,173.0,-132.0,446.0,379.0,-24.0,-239.0,-280.0
230.0,,121.0,158.0,-143.0,431.0,358.0,-116.0,-318.0,-342.0
193.0,,136.0,180.0,-93.0,327.0,352.0,-162.0,-347.0,-354.0
161.0,,155.0,238.0,15.0,326.0,359.0,66.0,-315.0,-322.0
166.0,,177.0,273.0,160.0,494.0,364.0,-164.0,-246.0,-227.0
121.0,,219.0,249.0,290.0,508.0,359.0,153.0,-152.0,-82.0
113.0,,244.0,249.0,374.0,308.0,353.0,-118.0,-37.0,57.0
173.0,,274.0,217.0,394.0,283.0,330.0,-46.0,58.0,204.0
211.0,,269.0,159.0,356.0,401.0,313.0,-12.0,138.0,274.0
193.0,,280.0,50.0,287.0,442.0,319.0,-166.0,213.0,369.0
204.0,,260.0,-65.0,222.0,305.0,292.0,197.0,257.0,396.0
238.0,,219.0,-138.0,200.0,250.0,272.0,-66.0,282.0,398.0
196.0,,178.0,-138.0,210.0,373.0,272.0,184.0,285.0,430.0
146.0,,126.0,-78.0,220.0,361.0,266.0,25.0,265.0,377.0
98.0,,66.0,-83.0,188.0,225.0,282.0,-105.0,234.0,303.0
88.0,,1.0,-58.0,108.0,164.0,308.0,38.0,185.0,195.0
51.0,,-46.0,-12.0,10.0,299.0,304.0,-249.0,146.0,73.0
13.0,,-95.0,-9.0,-82.0,350.0,307.0,127.0,99.0,-21.0
16.0,,-131.0,13.0,-149.0,258.0,314.0,-35.0,36.0,-112.0
41.0,,-191.0,18.0,-175.0,253.0,291.0,109.0,-20.0,-220.0
96.0,,-238.0,34.0,-127.0,319.0,287.0,144.0,-92.0,-261.0
118.0,,-282.0,42.0,-13.0,358.0,281.0,-77.0,-172.0,-302.0
151.0,,-316.0,20.0,91.0,244.0,296.0,219.0,-248.0,-322.0
204.0,,-338.0,-54.0,114.0,116.0,324.0,-110.0,-331.0,-285.0
288.0,,-365.0,-195.0,18.0,122.0,319.0,149.0,-407.0,-283.0
329.0,,-387.0,-298.0,-156.0,186.0,320.0,72.0,-446.0,-177.0
335.0,,-410.0,-394.0,-313.0,134.0,344.0,7.0,-453.0,10.0
317.0,,-410.0,-514.0,-395.0,10.0,396.0,227.0,-443.0,164.0
276.0,,-420.0,-598.0,-389.0,43.0,413.0,-118.0,-404.0,311.0
250.0,,-426.0,-653.0,-327.0,104.0,416.0,131.0,-334.0,415.0
181.0,,-439.0,-696.0,-225.0,20.0,439.0,-97.0,-258.0,465.0
93.0,,-447.0,-695.0,-100.0,-100.0,458.0,70.0,-174.0,471.0
25.0,,-481.0,-701.0,6.0,-73.0,483.0,168.0,-78.0,419.0
14.0,,-531.0,-626.0,98.0,46.0,505.0,5.0,-7.0,371.0
-9.0,,-558.0,-501.0,167.0,-4.0,513.0,352.0,73.0,341.0
-44.0,,-646.0,-418.0,219.0,-124.0,523.0,9.0,156.0,319.0
-62.0,,-696.0,-225.0,290.0,-65.0,541.0,188.0,214.0,331.0
-65.0,,-720.0,-110.0,368.0,-50.0,527.0,20.0,260.0,312.0
-37.0,,-771.0,6.0,403.0,-208.0,521.0,-83.0,292.0,207.0
-59.0,,-780.0,103.0,382.0,-306.0,520.0,129.0,304.0,81.0
-83.0,,-775.0,47.0,337.0,-198.0,510.0,-107.0,285.0,-59.0
-126.0,,-769.0,74.0,274.0,-133.0,475.0,251.0,253.0,-217.0
-165.0,,-723.0,-16.0,153.0,-307.0,467.0,51.0,206.0,-373.0
-134.0,,-667.0,-145.0,-24.0,-418.0,482.0,184.0,151.0,-574.0
-130.0,,-613.0,-279.0,-206.0,-344.0,445.0,232.0,96.0,-770.0
-140.0,,-532.0,-455.0,-353.0,-219.0,441.0,16.0,29.0,-998.0
-110.0,,-457.0,-539.0,-431.0,-235.0,476.0,314.0,-50.0,-1187.0
-75.0,,-380.0,-615.0,-421.0,-375.0,517.0,35.0,-132.0,-1328.0
-72.0,,-324.0,-510.0,-321.0,-386.0,545.0,304.0,-201.0,-1440.0
-71.0,,-287.0,-380.0,-166.0,-347.0,579.0,282.0,-248.0,-1403.0
-34.0,,-245.0,-298.0,-5.0,-389.0,623.0,323.0,-273.0,-1314.0
-16.0,,-214.0,-103.0,138.0,-507.0,646.0,604.0,-276.0,-1156.0
-38.0,,-211.0,52.0,218.0,-517.0,642.0,325.0,-255.0,-983.0
-73.0,,-204.0,214.0,229.0,-380.0,613.0,567.0,-207.0,-804.0
-74.0,,-208.0,378.0,195.0,-446.0,617.0,262.0,-131.0,-589.0
-66.0,,-247.0,423.0,139.0,-588.0,581.0,315.0,-50.0,-425.0
-122.0,,-260.0,397.0,99.0,-552.0,527.0,328.0,50.0,-229.0
-158.0,,-292.0,263.0,72.0,-458.0,515.0,125.0,152.0,-37.0
-166.0,,-320.0,63.0,32.0,-448.0,497.0,504.0,231.0,95.0
-184.0,,-332.0,-144.0,-45.0,-578.0,483.0,280.0,308.0,206.0
-183.0,,-352.0,-359.0,-151.0,-561.0,473.0,589.0,359.0,296.0
-151.0,,-364.0,-568.0,-244.0,-459.0,453.0,519.0,389.0,314.0
-84.0,,-356.0,-763.0,-287.0,-563.0,444.0,458.0,418.0,312.0
-70.0,,-339.0,-778.0,-259.0,-678.0,444.0,689.0,441.0,278.0
-56.0,,-328.0,-727.0,-215.0,-640.0,420.0,428.0,443.0,242.0
1.0,,-273.0,-650.0,-192.0,-514.0,412.0,803.0,423.0,266.0
21.0,,-226.0,-554.0,-196.0,-540.0,419.0,631.0,406.0,218.0
6.0,,-188.0,-515.0,-233.0,-655.0,415.0,768.0,383.0,224.0
-38.0,,-150.0,-408.0,-282.0,-597.0,437.0,831.0,344.0,284.0
-51.0,,-114.0,-326.0,-322.0,-524.0,484.0,596.0,297.0,298.0
-27.0,,-101.0,-244.0,-316.0,-571.0,518.0,827.0,244.0,374.0
-20.0,,-104.0,-159.0,-252.0,-642.0,530.0,515.0,182.0,470.0
-60.0,,-96.0,-100.0,-151.0,-636.0,535.0,772.0,99.0,531.0
-94.0,,-96.0,-68.0,-40.0,-607.0,565.0,663.0,16.0,640.0
-65.0,,-74.0,-76.0,75.0,-611.0,588.0,679.0,-68.0,764.0
-64.0,,-58.0,-118.0,207.0,-619.0,576.0,925.0,-164.0,834.0
-100.0,,-17.0,-149.0,321.0,-574.0,553.0,655.0,-238.0,954.0
-137.0,,35.0,-62.0,376.0,-454.0,522.0,920.0,-311.0,1007.0
-143.0,,94.0,-17.0,381.0,-489.0,470.0,600.0,-369.0,1001.0
-158.0,,170.0,-3.0,359.0,-602.0,394.0,698.0,-395.0,1014.0
-198.0,,242.0,-14.0,323.0,-519.0,381.0,788.0,-418.0,974.0
-228.0,,321.0,-51.0,273.0,-388.0,381.0,729.0,-423.0,911.0
-279.0,,397.0,-37.0,184.0,-373.0,348.0,1069.0,-430.0,764.0
-306.0,,475.0,-65.0,74.0,-473.0,359.0,740.0,-438.0,587.0
-308.0,,539.0,-84.0,-11.0,-446.0,383.0,973.0,-442.0,403.0
-302.0,,586.0,-42.0,-64.0,-310.0,399.0,764.0,-454.0,213.0
-288.0,,611.0,3.0,-76.0,-329.0,412.0,635.0,-467.0,73.0
-290.0,,619.0,-40.0,-36.0,-367.0,448.0,796.0,-478.0,-24.0
-315.0,,592.0,-123.0,37.0,-314.0,455.0,489.0,-489.0,-72.0
-327.0,,573.0,-88.0,102.0,-158.0,431.0,803.0,-524.0,-104.0
-288.0,,547.0,-61.0,131.0,-99.0,419.0,559.0,-544.0,-88.0
-255.0,,471.0,-95.0,122.0,-183.0,387.0,694.0,-557.0,-51.0
-255.0,,425.0,-64.0,69.0,-170.0,369.0,755.0,-554.0,-33.0
-219.0,,363.0,-72.0,3.0,-104.0,327.0,613.0,-538.0,7.0
-208.0,,289.0,-93.0,-51.0,-50.0,286.0,946.0,-551.0,116.0
-236.0,,259.0,-43.0,-83.0,-81.0,276.0,615.0,-546.0,299.0
-215.0,,224.0,23.0,-108.0,-130.0,257.0,901.0,-548.0,468.0
-237.0,,182.0,127.0,-153.0,-70.0,247.0,868.0,-591.0,632.0
-255.0,,175.0,260.0,-180.0,31.0,229.0,894.0,-633.0,738.0
-239.0,,155.0,342.0,-159.0,83.0,194.0,1104.0,-686.0,802.0
-242.0,,143.0,405.0,-74.0,87.0,157.0,792.0,-751.0,864.0
-245.0,,164.0,484.0,47.0,179.0,123.0,1029.0,-809.0,820.0
-233.0,,165.0,531.0,155.0,283.0,102.0,696.0,-844.0,744.0
-177.0,,187.0,512.0,219.0,231.0,79.0,777.0,-829.0,650.0
-209.0,,195.0,370.0,216.0,190.0,51.0,787.0,-780.0,514.0
-223.0,,196.0,273.0,182.0,318.0,49.0,644.0,-682.0,394.0
-230.0,,196.0,156.0,138.0,421.0,32.0,942.0,-555.0,231.0
-251.0,,156.0,37.0,122.0,411.0,33.0,582.0,-411.0,58.0
-244.0,,131.0,17.0,140.0,427.0,55.0,827.0,-233.0,-30.0
-333.0,,108.0,-98.0,118.0,538.0,36.0,703.0,-61.0,-48.0
-364.0,,66.0,-157.0,22.0,590.0,56.0,668.0,93.0,34.0
-404.0,,23.0,-158.0,-153.0,501.0,70.0,829.0,223.0,162.0
-395.0,,-30.0,-102.0,-328.0,455.0,66.0,524.0,330.0,263.0
-374.0,,-87.0,-20.0,-419.0,518.0,62.0,864.0,391.0,374.0
-420.0,,-141.0,-10.0,-400.0,523.0,19.0,615.0,428.0,460.0
-376.0,,-188.0,54.0,-266.0,410.0,30.0,711.0,462.0,524.0
-369.0,,-229.0,92.0,-67.0,418.0,74.0,720.0,466.0,525.0
-345.0,,-258.0,120.0,124.0,523.0,69.0,563.0,456.0,449.0
-335.0,,-282.0,143.0,232.0,588.0,63.0,916.0,421.0,341.0
-293.0,,-289.0,113.0,233.0,553.0,89.0,593.0,384.0,215.0
-284.0,,-284.0,116.0,138.0,463.0,107.0,783.0,339.0,49.0
-292.0,,-290.0,48.0,-9.0,517.0,115.0,565.0,284.0,-200.0
-215.0,,-258.0,-20.0,-149.0,609.0,131.0,460.0,216.0,-400.0
-192.0,,-232.0,68.0,-222.0,642.0,160.0,659.0,145.0,-479.0
-131.0,,-224.0,129.0,-197.0,568.0,196.0,408.0,95.0,-507.0
-132.0,,-194.0,138.0,-109.0,597.0,209.0,748.0,29.0,-497.0
-70.0,,-206.0,89.0,-17.0,679.0,220.0,511.0,-53.0,-462.0
4.0,,-213.0,54.0,19.0,514.0,239.0,635.0,-145.0,-422.0
13.0,,-234.0,179.0,-14.0,363.0,226.0,618.0,-240.0,-389.0
-12.0,,-266.0,252.0,-70.0,335.0,213.0,371.0,-349.0,-342.0
-65.0,,-284.0,274.0,-97.0,365.0,224.0,611.0,-467.0,-299.0
0.0,,-315.0,363.0,-72.0,311.0,268.0,297.0,-553.0,-222.0
-38.0,,-337.0,326.0,-2.0,164.0,302.0,582.0,-601.0,-97.0
-74.0,,-378.0,212.0,99.0,224.0,282.0,482.0,-632.0,33.0
-135.0,,-377.0,149.0,199.0,291.0,306.0,413.0,-638.0,183.0
-174.0,,-368.0,39.0,232.0,204.0,359.0,471.0,-618.0,259.0
-230.0,,-380.0,-83.0,180.0,166.0,378.0,92.0,-575.0,268.0
-350.0,,-356.0,-212.0,72.0,186.0,360.0,349.0,-491.0,257.0
-350.0,,-356.0,-281.0,-75.0,244.0,349.0,88.0,-374.0,189.0
-427.0,,-341.0,-231.0,-208.0,183.0,389.0,282.0,-219.0,133.0
-460.0,,-305.0,-211.0,-286.0,74.0,401.0,380.0,-23.0,62.0
-515.0,,-267.0,-234.0,-313.0,78.0,380.0,247.0,181.0,-34.0
-535.0,,-221.0,-229.0,-272.0,40.0,398.0,508.0,381.0,-90.0
-525.0,,-174.0,-171.0,-162.0,-35.0,424.0,136.0,551.0,-146.0
-518.0,,-102.0,-130.0,-25.0,-117.0,419.0,334.0,673.0,-194.0
-461.0,,-49.0,-138.0,48.0,-121.0,426.0,142.0,748.0,-194.0
-458.0,,18.0,-103.0,28.0,-79.0,446.0,70.0,767.0,-167.0
-345.0,,80.0,-25.0,-32.0,-91.0,447.0,225.0,733.0,-73.0
-321.0,,132.0,-13.0,-86.0,-150.0,449.0,-60.0,656.0,37.0
-255.0,,209.0,5.0,-125.0,-231.0,467.0,286.0,562.0,131.0
-218.0,,235.0,79.0,-177.0,-163.0,484.0,90.0,442.0,252.0
-210.0,,266.0,122.0,-246.0,-132.0,493.0,203.0,293.0,334.0
-111.0,,272.0,178.0,-342.0,-269.0,497.0,153.0,142.0,404.0
-110.0,,253.0,210.0,-457.0,-287.0,465.0,-42.0,-17.0,476.0
-37.0,,228.0,210.0,-551.0,-215.0,437.0,251.0,-146.0,486.0
-49.0,,170.0,205.0,-594.0,-233.0,467.0,-59.0,-252.0,505.0
-41.0,,125.0,163.0,-543.0,-320.0,489.0,168.0,-347.0,522.0
-16.0,,69.0,240.0,-391.0,-371.0,479.0,-24.0,-438.0,510.0
19.0,,19.0,290.0,-174.0,-308.0,481.0,-105.0,-531.0,465.0
40.0,,-40.0,168.0,51.0,-307.0,509.0,36.0,-606.0,378.0
35.0,,-87.0,134.0,231.0,-409.0,536.0,-219.0,-670.0,305.0
108.0,,-117.0,150.0,310.0,-377.0,534.0,171.0,-678.0,198.0
72.0,,-141.0,105.0,274.0,-296.0,550.0,-12.0,-650.0,140.0
113.0,,-153.0,96.0,149.0,-323.0,582.0,129.0,-597.0,105.0
66.0,,-166.0,186.0,-9.0,-411.0,546.0,112.0,-507.0,64.0
34.0,,-143.0,210.0,-139.0,-428.0,485.0,-77.0,-418.0,91.0
56.0,,-124.0,213.0,-212.0,-381.0,457.0,164.0,-316.0,79.0
44.0,,-93.0,276.0,-239.0,-374.0,431.0,-190.0,-218.0,53.0
38.0,,-51.0,202.0,-253.0,-379.0,409.0,94.0,-121.0,84.0
-12.0,,-17.0,112.0,-281.0,-373.0,415.0,-31.0,-45.0,186.0
34.0,,21.0,3.0,-320.0,-287.0,411.0,-120.0,27.0,319.0
-11.0,,45.0,-155.0,-333.0,-250.0,405.0,-11.0,105.0,489.0
14.0,,68.0,-305.0,-305.0,-311.0,434.0,-308.0,154.0,631.0
4.0,,100.0,-439.0,-238.0,-310.0,476.0,24.0,209.0,809.0
-42.0,,119.0,-535.0,-142.0,-257.0,511.0,-171.0,247.0,1051.0
-34.0,,140.0,-577.0,-39.0,-246.0,520.0,12.0,261.0,1173.0
-111.0,,141.0,-529.0,81.0,-371.0,557.0,25.0,243.0,1253.0
-157.0,,127.0,-522.0,186.0,-393.0,596.0,-158.0,202.0,1293.0
-218.0,,117.0,-479.0,219.0,-283.0,584.0,70.0,142.0,1272.0
-235.0,,62.0,-369.0,173.0,-269.0,568.0,-315.0,55.0,1215.0
-303.0,,-2.0,-297.0,88.0,-355.0,569.0,-73.0,-23.0,1121.0
-312.0,,-79.0,-224.0,8.0,-447.0,560.0,-181.0,-108.0,1011.0
-310.0,,-178.0,-141.0,-38.0,-331.0,501.0,-160.0,-172.0,846.0
-338.0,,-248.0,-33.0,-31.0,-223.0,469.0,0.0,-223.0,697.0
-312.0,,-335.0,3.0,2.0,-323.0,451.0,-328.0,-273.0,615.0
-273.0,,-422.0,-27.0,43.0,-359.0,416.0,-92.0,-303.0,468.0
-204.0,,-455.0,-10.0,122.0,-235.0,408.0,-380.0,-340.0,299.0
-286.0,,-500.0,17.0,242.0,-157.0,389.0,-227.0,-353.0,139.0
-321.0,,-518.0,5.0,343.0,-253.0,391.0,-221.0,-346.0,-51.0
-278.0,,-499.0,-13.0,384.0,-327.0,375.0,-345.0,-319.0,-175.0
-269.0,,-498.0,7.0,360.0,-233.0,342.0,-75.0,-264.0,-345.0
-305.0,,-479.0,92.0,267.0,-177.0,358.0,-443.0,-193.0,-493.0
-346.0,,-470.0,189.0,115.0,-282.0,367.0,-158.0,-119.0,-508.0
-315.0,,-465.0,251.0,-59.0,-351.0,355.0,-319.0,-56.0,-458.0
-291.0,,-427.0,347.0,-199.0,-320.0,335.0,-371.0,2.0,-348.0
-262.0,,-388.0,477.0,-277.0,-224.0,318.0,-253.0,40.0,-207.0
-311.0,,-352.0,569.0,-298.0,-131.0,286.0,-585.0,67.0,-76.0
-311.0,,-294.0,661.0,-269.0,-208.0,243.0,-256.0,94.0,91.0
-244.0,,-228.0,737.0,-201.0,-207.0,227.0,-469.0,120.0,270.0
-231.0,,-157.0,730.0,-118.0,-95.0,201.0,-266.0,148.0,349.0
-261.0,,-89.0,766.0,-41.0,-170.0,160.0,-242.0,183.0,434.0
-310.0,,-36.0,786.0,25.0,-223.0,143.0,-397.0,222.0,489.0
-295.0,,13.0,675.0,70.0,-154.0,104.0,-121.0,253.0,486.0
-372.0,,53.0,581.0,73.0,-85.0,65.0,-456.0,280.0,476.0
-502.0,,68.0,440.0,75.0,-48.0,67.0,-232.0,272.0,383.0
-580.0,,51.0,352.0,100.0,-113.0,77.0,-480.0,242.0,233.0
-619.0,,46.0,357.0,101.0,-122.0,101.0,-530.0,197.0,93.0
-672.0,,28.0,301.0,52.0,-46.0,112.0,-393.0,123.0,-99.0
-755.0,,12.0,311.0,-72.0,-69.0,115.0,-663.0,55.0,-284.0
-770.0,,28.0,281.0,-232.0,-87.0,97.0,-334.0,-14.0,-406.0
-774.0,,8.0,208.0,-336.0,0.0,72.0,-620.0,-79.0,-531.0
-695.0,,9.0,260.0,-359.0,54.0,94.0,-495.0,-111.0,-577.0
-644.0,,5.0,301.0,-316.0,-2.0,106.0,-543.0,-131.0,-561.0
-623.0,,-19.0,316.0,-236.0,-70.0,96.0,-705.0,-128.0,-506.0
-552.0,,-9.0,384.0,-143.0,-18.0,102.0,-493.0,-92.0,-423.0
-499.0,,-28.0,417.0,-48.0,58.0,101.0,-809.0,-40.0,-282.0
-408.0,,-23.0,409.0,31.0,37.0,76.0,-465.0,26.0,-73.0
-372.0,,-30.0,372.0,71.0,-18.0,68.0,-630.0,94.0,127.0
-363.0,,-35.0,387.0,104.0,-2.0,98.0,-646.0,171.0,294.0
-347.0,,-5.0,381.0,149.0,111.0,126.0,-618.0,264.0,407.0
-247.0,,-6.0,227.0,208.0,155.0,110.0,-1042.0,363.0,479.0
-128.0,,39.0,141.0,260.0,83.0,102.0,-822.0,440.0,508.0
-123.0,,89.0,88.0,260.0,91.0,131.0,-1110.0,491.0,508.0
-138.0,,126.0,-33.0,210.0,218.0,149.0,-890.0,538.0,467.0
-128.0,,164.0,-122.0,126.0,225.0,136.0,-859.0,544.0,413.0
-60.0,,194.0,-160.0,47.0,115.0,115.0,-953.0,515.0,337.0
-34.0,,227.0,-150.0,-3.0,121.0,99.0,-703.0,473.0,276.0
-12.0,,228.0,-171.0,-16.0,202.0,94.0,-1027.0,407.0,210.0
-27.0,,220.0,-176.0,-13.0,293.0,110.0,-766.0,343.0,113.0
-35.0,,201.0,-128.0,-31.0,239.0,93.0,-1001.0,302.0,63.0
75.0,,206.0,-207.0,-69.0,148.0,48.0,-981.0,284.0,43.0
118.0,,197.0,-259.0,-135.0,291.0,34.0,-800.0,305.0,43.0
63.0,,182.0,-162.0,-224.0,327.0,31.0,-1019.0,368.0,101.0
58.0,,198.0,-134.0,-327.0,260.0,1.0,-733.0,452.0,215.0
137.0,,181.0,-129.0,-399.0,256.0,-24.0,-1027.0,540.0,348.0
131.0,,174.0,-23.0,-370.0,301.0,-20.0,-822.0,621.0,493.0
66.0,,173.0,86.0,-283.0,365.0,-35.0,-840.0,700.0,588.0
36.0,,153.0,155.0,-192.0,285.0,-59.0,-977.0,769.0,696.0
73.0,,148.0,250.0,-126.0,314.0,-66.0,-733.0,819.0,804.0
96.0,,150.0,370.0,-97.0,378.0,-65.0,-1001.0,836.0,932.0
33.0,,144.0,465.0,-72.0,342.0,-70.0,-596.0,817.0,1046.0
-11.0,,149.0,454.0,-27.0,361.0,-88.0,-727.0,760.0,1069.0
-41.0,,142.0,404.0,60.0,364.0,-97.0,-729.0,683.0,1100.0
-35.0,,139.0,373.0,169.0,407.0,-113.0,-646.0,590.0,1042.0
-95.0,,149.0,304.0,261.0,475.0,-106.0,-981.0,487.0,958.0
-202.0,,137.0,295.0,314.0,457.0,-65.0,-707.0,378.0,877.0
-234.0,,129.0,285.0,281.0,412.0,-32.0,-984.0,259.0,726.0
-238.0,,118.0,230.0,182.0,477.0,-40.0,-748.0,165.0,565.0
-250.0,,88.0,162.0,51.0,559.0,-56.0,-727.0,96.0,444.0
-294.0,,43.0,62.0,-121.0,481.0,-37.0,-794.0,40.0,308.0
-303.0,,-12.0,-79.0,-287.0,443.0,-35.0,-484.0,-7.0,190.0
-270.0,,-60.0,-138.0,-386.0,562.0,-65.0,-868.0,-55.0,140.0
-243.0,,-118.0,-5.0,-390.0,628.0,-81.0,-665.0,-104.0,90.0
-212.0,,-174.0,107.0,-332.0,565.0,-102.0,-901.0,-165.0,140.0
-157.0,,-188.0,228.0,-241.0,511.0,-134.0,-825.0,-240.0,204.0
-94.0,,-212.0,338.0,-136.0,607.0,-137.0,-594.0,-314.0,263.0
-69.0,,-238.0,319.0,-52.0,680.0,-143.0,-861.0,-353.0,388.0
22.0,,-246.0,224.0,0.0,599.0,-169.0,-532.0,-365.0,520.0
111.0,,-278.0,144.0,8.0,572.0,-204.0,-764.0,-349.0,643.0
91.0,,-285.0,130.0,0.0,658.0,-242.0,-574.0,-316.0,685.0
128.0,,-291.0,65.0,8.0,768.0,-243.0,-650.0,-288.0,681.0
159.0,,-302.0,-41.0,50.0,738.0,-249.0,-872.0,-272.0,670.0
163.0,,-266.0,-237.0,84.0,698.0,-290.0,-742.0,-282.0,649.0
200.0,,-244.0,-467.0,82.0,773.0,-310.0,-1127.0,-308.0,632.0
176.0,,-199.0,-569.0,62.0,797.0,-324.0,-811.0,-357.0,580.0
160.0,,-140.0,-619.0,45.0,832.0,-327.0,-918.0,-420.0,481.0
157.0,,-92.0,-624.0,73.0,827.0,-334.0,-720.0,-476.0,437.0
166.0,,-30.0,-574.0,153.0,770.0,-359.0,-461.0,-511.0,439.0
180.0,,5.0,-478.0,270.0,795.0,-342.0,-679.0,-540.0,396.0
132.0,,53.0,-305.0,374.0,876.0,-317.0,-408.0,-551.0,347.0
91.0,,92.0,-147.0,437.0,838.0,-328.0,-787.0,-537.0,287.0
163.0,,114.0,-12.0,454.0,761.0,-356.0,-648.0,-519.0,219.0
196.0,,157.0,78.0,396.0,876.0,-350.0,-668.0,-471.0,157.0
107.0,,166.0,124.0,298.0,887.0,-363.0,-659.0,-401.0,95.0
175.0,,161.0,203.0,225.0,788.0,-402.0,-341.0,-323.0,72.0
230.0,,188.0,209.0,203.0,828.0,-409.0,-711.0,-228.0,84.0
180.0,,177.0,127.0,205.0,880.0,-412.0,-502.0,-118.0,173.0
159.0,,153.0,-16.0,217.0,867.0,-426.0,-755.0,-11.0,288.0
139.0,,122.0,-171.0,220.0,754.0,-477.0,-698.0,80.0,333.0
199.0,,79.0,-214.0,180.0,798.0,-497.0,-602.0,173.0,420.0
226.0,,48.0,-242.0,116.0,927.0,-483.0,-846.0,244.0,486.0
145.0,,-18.0,-269.0,54.0,854.0,-490.0,-487.0,306.0,482.0
84.0,,-64.0,-207.0,20.0,838.0,-486.0,-696.0,349.0,465.0
129.0,,-113.0,-79.0,23.0,899.0,-459.0,-314.0,343.0,394.0
116.0,,-171.0,41.0,67.0,922.0,-437.0,-245.0,323.0,310.0
48.0,,-193.0,85.0,134.0,857.0,-426.0,-325.0,275.0,213.0
-64.0,,-220.0,190.0,184.0,769.0,-421.0,-114.0,189.0,61.0
-160.0,,-227.0,289.0,206.0,790.0,-425.0,-469.0,100.0,-127.0
-104.0,,-238.0,304.0,205.0,834.0,-421.0,-147.0,25.0,-332.0
-176.0,,-252.0,375.0,178.0,882.0,-453.0,-293.0,-34.0,-527.0
-286.0,,-274.0,404.0,127.0,855.0,-504.0,-103.0,-75.0,-684.0
-308.0,,-276.0,384.0,94.0,760.0,-532.0,77.0,-96.0,-867.0
-267.0,,-282.0,373.0,118.0,755.0,-560.0,-206.0,-100.0,-1010.0
-209.0,,-298.0,366.0,174.0,824.0,-564.0,29.0,-96.0,-1114.0
-210.0,,-264.0,340.0,248.0,781.0,-558.0,-341.0,-114.0,-1233.0
-159.0,,-279.0,236.0,316.0,644.0,-561.0,-138.0,-109.0,-1309.0
-93.0,,-280.0,146.0,336.0,681.0,-561.0,-134.0,-87.0,-1395.0
-57.0,,-293.0,56.0,309.0,765.0,-545.0,-110.0,-54.0,-1469.0
-78.0,,-321.0,-141.0,241.0,718.0,-543.0,229.0,0.0,-1462.0
-90.0,,-323.0,-345.0,154.0,750.0,-568.0,-36.0,45.0,-1361.0
-60.0,,-351.0,-446.0,72.0,811.0,-582.0,238.0,96.0,-1201.0
-59.0,,-339.0,-529.0,5.0,813.0,-592.0,42.0,143.0,-993.0
-130.0,,-338.0,-563.0,-31.0,738.0,-612.0,249.0,197.0,-819.0
-184.0,,-309.0,-563.0,-44.0,691.0,-615.0,380.0,248.0,-575.0
-148.0,,-258.0,-571.0,-45.0,772.0,-632.0,109.0,294.0,-226.0
-131.0,,-221.0,-562.0,-56.0,739.0,-655.0,399.0,334.0,74.0
-175.0,,-155.0,-602.0,-90.0,696.0,-651.0,129.0,375.0,359.0
-221.0,,-97.0,-536.0,-131.0,719.0,-662.0,334.0,414.0,599.0
-199.0,,-44.0,-382.0,-145.0,745.0,-660.0,199.0,438.0,810.0
-186.0,,4.0,-274.0,-129.0,772.0,-618.0,101.0,484.0,977.0
-238.0,,50.0,-151.0,-89.0,722.0,-607.0,260.0,528.0,1048.0
-304.0,,96.0,8.0,-51.0,720.0,-596.0,-72.0,546.0,1075.0
-307.0,,125.0,159.0,-51.0,749.0,-563.0,212.0,535.0,1111.0
-268.0,,153.0,175.0,-88.0,775.0,-555.0,-16.0,490.0,1079.0
-242.0,,185.0,169.0,-142.0,761.0,-505.0,181.0,415.0,1041.0
-255.0,,204.0,217.0,-162.0,691.0,-418.0,384.0,314.0,1010.0
-256.0,,207.0,168.0,-99.0,675.0,-415.0,254.0,217.0,942.0
-218.0,,197.0,42.0,29.0,751.0,-465.0,606.0,121.0,896.0
-203.0,,188.0,-83.0,133.0,766.0,-503.0,330.0,44.0,762.0
-194.0,,162.0,-225.0,164.0,634.0,-503.0,537.0,-23.0,676.0
-162.0,,151.0,-328.0,135.0,619.0,-464.0,386.0,-93.0,600.0
-74.0,,132.0,-244.0,77.0,659.0,-477.0,208.0,-141.0,512.0
-76.0,,106.0,-105.0,26.0,594.0,-490.0,280.0,-194.0,505.0
-145.0,,119.0,-68.0,-15.0,561.0,-459.0,-81.0,-235.0,448.0
-146.0,,101.0,-45.0,-47.0,609.0,-437.0,206.0,-263.0,367.0
-130.0,,121.0,-79.0,-110.0,650.0,-394.0,33.0,-270.0,238.0
-197.0,,140.0,-108.0,-221.0,607.0,-372.0,286.0,-257.0,107.0
-317.0,,128.0,-117.0,-342.0,520.0,-356.0,474.0,-225.0,49.0
-320.0,,139.0,-170.0,-459.0,508.0,-335.0,362.0,-169.0,-5.0
-299.0,,132.0,-184.0,-528.0,532.0,-358.0,694.0,-122.0,-62.0
-301.0,,118.0,-152.0,-483.0,490.0,-366.0,375.0,-73.0,-90.0
-346.0,,108.0,-78.0,-367.0,498.0,-347.0,600.0,-47.0,-135.0
-364.0,,97.0,-32.0,-274.0,539.0,-331.0,489.0,-24.0,-210.0
-289.0,,52.0,10.0,-226.0,518.0,-316.0,434.0,0.0,-248.0
-276.0,,46.0,142.0,-184.0,440.0,-249.0,561.0,-5.0,-285.0
-341.0,,24.0,285.0,-127.0,421.0,-185.0,181.0,-5.0,-366.0
-340.0,,0.0,285.0,-65.0,536.0,-205.0,393.0,-50.0,-362.0
-237.0,,10.0,213.0,-4.0,572.0,-251.0,88.0,-135.0,-346.0
-215.0,,-20.0,167.0,40.0,557.0,-234.0,310.0,-232.0,-323.0
-280.0,,-14.0,28.0,89.0,552.0,-158.0,541.0,-355.0,-250.0
-291.0,,-3.0,-87.0,175.0,517.0,-176.0,478.0,-478.0,-178.0
-129.0,,5.0,-96.0,277.0,546.0,-211.0,788.0,-570.0,-25.0
-45.0,,42.0,-62.0,336.0,548.0,-155.0,406.0,-633.0,118.0
-120.0,,100.0,-17.0,312.0,456.0,-149.0,550.0,-677.0,306.0
-136.0,,156.0,-27.0,253.0,371.0,-164.0,378.0,-689.0,466.0
-88.0,,201.0,-41.0,210.0,409.0,-107.0,345.0,-669.0,572.0
48.0,,255.0,14.0,191.0,423.0,-38.0,546.0,-633.0,643.0
15.0,,291.0,85.0,166.0,362.0,-26.0,314.0,-598.0,645.0
-44.0,,295.0,97.0,138.0,428.0,-40.0,746.0,-544.0,671.0
36.0,,285.0,159.0,154.0,505.0,-3.0,546.0,-464.0,616.0
121.0,,272.0,290.0,206.0,532.0,73.0,613.0,-375.0,598.0
120.0,,230.0,352.0,291.0,425.0,91.0,552.0,-267.0,609.0
50.0,,194.0,373.0,384.0,321.0,67.0,243.0,-134.0,614.0
119.0,,141.0,390.0,445.0,413.0,74.0,569.0,-7.0,655.0
210.0,,82.0,391.0,461.0,383.0,82.0,402.0,99.0,630.0
273.0,,28.0,461.0,424.0,327.0,75.0,703.0,172.0,561.0
239.0,,-69.0,543.0,356.0,337.0,63.0,521.0,216.0,413.0
257.0,,-143.0,548.0,281.0,348.0,65.0,365.0,243.0,198.0
373.0,,-212.0,596.0,215.0,330.0,82.0,482.0,241.0,9.0
372.0,,-286.0,645.0,208.0,244.0,76.0,197.0,240.0,-126.0
382.0,,-333.0,687.0,254.0,282.0,147.0,574.0,240.0,-302.0
433.0,,-386.0,697.0,311.0,324.0,268.0,426.0,202.0,-461.0
512.0,,-418.0,584.0,348.0,310.0,285.0,624.0,161.0,-528.0
463.0,,-445.0,541.0,334.0,295.0,249.0,718.0,124.0,-625.0
444.0,,-476.0,522.0,270.0,213.0,236.0,482.0,67.0,-695.0
535.0,,-491.0,385.0,152.0,151.0,266.0,631.0,0.0,-675.0
599.0,,-516.0,211.0,28.0,151.0,287.0,243.0,-45.0,-675.0
578.0,,-515.0,49.0,-44.0,101.0,296.0,436.0,-65.0,-639.0
471.0,,-518.0,-93.0,-58.0,2.0,340.0,314.0,-65.0,-547.0
553.0,,-527.0,-266.0,-7.0,78.0,339.0,290.0,-54.0,-474.0
566.0,,-533.0,-422.0,53.0,138.0,294.0,465.0,-56.0,-400.0
473.0,,-558.0,-603.0,98.0,55.0,316.0,151.0,-60.0,-329.0
378.0,,-566.0,-806.0,130.0,77.0,371.0,439.0,-83.0,-249.0
352.0,,-582.0,-879.0,157.0,85.0,371.0,279.0,-118.0,-150.0
409.0,,-572.0,-896.0,204.0,142.0,342.0,489.0,-142.0,-8.0
291.0,,-549.0,-921.0,269.0,156.0,330.0,565.0,-179.0,136.0
201.0,,-539.0,-930.0,341.0,14.0,324.0,356.0,-210.0,294.0
161.0,,-522.0,-894.0,416.0,44.0,336.0,548.0,-219.0,441.0
218.0,,-516.0,-837.0,497.0,-22.0,330.0,105.0,-211.0,536.0
212.0,,-505.0,-778.0,546.0,-118.0,317.0,308.0,-202.0,587.0
71.0,,-495.0,-597.0,506.0,-25.0,347.0,247.0,-195.0,588.0
41.0,,-493.0,-394.0,386.0,10.0,357.0,232.0,-177.0,595.0
159.0,,-472.0,-287.0,240.0,23.0,376.0,465.0,-157.0,596.0
255.0,,-457.0,-186.0,98.0,-14.0,416.0,232.0,-133.0,602.0
124.0,,-444.0,-21.0,-11.0,-16.0,432.0,583.0,-90.0,483.0
118.0,,-420.0,192.0,-99.0,-4.0,484.0,332.0,-30.0,303.0
248.0,,-407.0,294.0,-184.0,-33.0,537.0,430.0,38.0,208.0
328.0,,-379.0,383.0,-241.0,-6.0,517.0,478.0,106.0,113.0
320.0,,-356.0,508.0,-255.0,-22.0,490.0,295.0,162.0,48.0
307.0,,-331.0,449.0,-230.0,-95.0,498.0,633.0,196.0,-2.0
390.0,,-299.0,331.0,-212.0,-119.0,462.0,325.0,208.0,-85.0
426.0,,-255.0,317.0,-221.0,-49.0,391.0,548.0,210.0,-134.0
435.0,,-183.0,286.0,-237.0,-91.0,364.0,443.0,182.0,-186.0
393.0,,-154.0,89.0,-226.0,-122.0,343.0,362.0,167.0,-266.0
413.0,,-119.0,-59.0,-162.0,12.0,247.0,521.0,165.0,-320.0
457.0,,-79.0,-40.0,-96.0,22.0,205.0,210.0,141.0,-450.0
408.0,,-80.0,-83.0,-50.0,-50.0,275.0,528.0,115.0,-499.0
337.0,,-82.0,-134.0,-9.0,-47.0,314.0,428.0,69.0,-487.0
292.0,,-92.0,-121.0,8.0,-33.0,331.0,681.0,12.0,-502.0
269.0,,-108.0,-93.0,-23.0,-130.0,319.0,735.0,-53.0,-482.0
217.0,,-109.0,13.0,-113.0,-308.0,300.0,500.0,-137.0,-544.0
186.0,,-130.0,133.0,-239.0,-308.0,293.0,644.0,-224.0,-599.0
189.0,,-139.0,251.0,-348.0,-204.0,263.0,216.0,-297.0,-696.0
185.0,,-111.0,349.0,-403.0,-276.0,257.0,533.0,-339.0,-831.0
151.0,,-87.0,364.0,-411.0,-317.0,222.0,585.0,-362.0,-973.0
132.0,,-63.0,401.0,-367.0,-229.0,157.0,670.0,-368.0,-1114.0
92.0,,-3.0,368.0,-277.0,-202.0,133.0,766.0,-343.0,-1187.0
101.0,,42.0,269.0,-171.0,-219.0,174.0,349.0,-300.0,-1225.0
94.0,,91.0,196.0,-62.0,-273.0,195.0,565.0,-251.0,-1187.0
22.0,,161.0,151.0,8.0,-313.0,157.0,192.0,-180.0,-1125.0
-3.0,,180.0,123.0,38.0,-324.0,165.0,330.0,-111.0,-1076.0
-27.0,,232.0,75.0,20.0,-287.0,185.0,448.0,-60.0,-1017.0
-36.0,,258.0,83.0,-52.0,-338.0,154.0,426.0,-20.0,-875.0
-104.0,,231.0,85.0,-146.0,-507.0,111.0,862.0,5.0,-737.0
-107.0,,213.0,44.0,-226.0,-511.0,98.0,611.0,26.0,-634.0
-84.0,,163.0,34.0,-256.0,-415.0,102.0,864.0,49.0,-485.0
-133.0,,114.0,146.0,-237.0,-380.0,56.0,554.0,72.0,-388.0
-176.0,,46.0,272.0,-210.0,-442.0,26.0,367.0,99.0,-300.0
-241.0,,-10.0,325.0,-185.0,-403.0,37.0,509.0,129.0,-217.0
-207.0,,-38.0,389.0,-160.0,-330.0,57.0,280.0,154.0,-154.0
-217.0,,-68.0,389.0,-136.0,-347.0,122.0,622.0,163.0,-64.0
-296.0,,-96.0,340.0,-114.0,-279.0,177.0,328.0,154.0,-37.0
-326.0,,-113.0,262.0,-92.0,-261.0,187.0,399.0,117.0,-55.0
-294.0,,-123.0,207.0,-86.0,-247.0,149.0,332.0,69.0,-68.0
-196.0,,-135.0,151.0,-98.0,-313.0,118.0,290.0,36.0,-97.0
-205.0,,-121.0,86.0,-100.0,-408.0,156.0,746.0,21.0,-115.0
-232.0,,-102.0,131.0,-83.0,-325.0,212.0,528.0,42.0,-114.0
-190.0,,-91.0,118.0,-88.0,-312.0,222.0,737.0,90.0,-121.0
-143.0,,-82.0,41.0,-133.0,-287.0,177.0,327.0,163.0,-52.0
-159.0,,-82.0,-3.0,-187.0,-309.0,106.0,88.0,257.0,36.0
-198.0,,-106.0,-31.0,-244.0,-323.0,55.0,131.0,340.0,102.0
-201.0,,-109.0,-6.0,-242.0,-234.0,57.0,-1.0,406.0,236.0
-186.0,,-120.0,2.0,-158.0,-269.0,77.0,530.0,449.0,329.0
-150.0,,-157.0,-27.0,-9.0,-287.0,72.0,380.0,485.0,402.0
-178.0,,-170.0,-78.0,188.0,-309.0,86.0,650.0,506.0,441.0
-160.0,,-205.0,-148.0,375.0,-287.0,109.0,641.0,505.0,441.0
-126.0,,-260.0,-158.0,515.0,-245.0,64.0,393.0,493.0,456.0
-83.0,,-300.0,-132.0,564.0,-292.0,63.0,436.0,484.0,406.0
-49.0,,-325.0,-125.0,542.0,-269.0,134.0,-22.0,498.0,271.0
-68.0,,-364.0,-84.0,488.0,-157.0,147.0,286.0,490.0,136.0
-10.0,,-363.0,-66.0,405.0,-33.0,151.0,184.0,455.0,-1.0
35.0,,-366.0,-44.0,312.0,-33.0,165.0,354.0,390.0,-179.0
78.0,,-377.0,58.0,218.0,-13.0,165.0,519.0,305.0,-305.0
97.0,,-349.0,111.0,120.0,61.0,217.0,136.0,219.0,-456.0
123.0,,-364.0,146.0,23.0,4.0,291.0,347.0,117.0,-572.0
148.0,,-384.0,188.0,-36.0,-59.0,364.0,73.0,14.0,-662.0
129.0,,-412.0,122.0,-53.0,-30.0,405.0,351.0,-68.0,-710.0
148.0,,-441.0,22.0,-40.0,51.0,386.0,400.0,-125.0,-647.0
147.0,,-439.0,-81.0,7.0,46.0,383.0,339.0,-160.0,-615.0
157.0,,-424.0,-217.0,80.0,-41.0,419.0,552.0,-139.0,-509.0
143.0,,-412.0,-325.0,150.0,16.0,435.0,138.0,-81.0,-399.0
116.0,,-371.0,-344.0,231.0,152.0,402.0,375.0,0.0,-296.0
149.0,,-347.0,-321.0,306.0,158.0,381.0,158.0,94.0,-166.0
183.0,,-332.0,-318.0,346.0,107.0,353.0,195.0,182.0,-116.0
154.0,,-287.0,-239.0,357.0,178.0,310.0,432.0,289.0,-83.0
115.0,,-294.0,-150.0,319.0,282.0,316.0,358.0,361.0,-63.0
200.0,,-271.0,-84.0,248.0,276.0,331.0,737.0,420.0,-45.0
266.0,,-232.0,13.0,175.0,273.0,341.0,400.0,459.0,28.0
226.0,,-231.0,88.0,119.0,325.0,335.0,378.0,468.0,96.0
259.0,,-189.0,175.0,65.0,382.0,318.0,72.0,492.0,155.0
363.0,,-138.0,217.0,-4.0,434.0,325.0,-136.0,490.0,247.0
432.0,,-112.0,193.0,-46.0,480.0,344.0,171.0,490.0,291.0
453.0,,-57.0,189.0,-68.0,454.0,352.0,14.0,491.0,314.0
476.0,,-7.0,131.0,-57.0,462.0,366.0,445.0,465.0,308.0
539.0,,11.0,24.0,-11.0,563.0,364.0,271.0,402.0,258.0
636.0,,34.0,-22.0,13.0,515.0,335.0,314.0,302.0,218.0
651.0,,47.0,-61.0,-2.0,452.0,322.0,413.0,183.0,146.0
577.0,,44.0,-51.0,-55.0,564.0,324.0,-9.0,30.0,60.0
575.0,,22.0,-18.0,-100.0,633.0,346.0,144.0,-111.0,-26.0
609.0,,15.0,-78.0,-127.0,537.0,370.0,-84.0,-230.0,-156.0
572.0,,-3.0,-98.0,-147.0,496.0,397.0,210.0,-352.0,-324.0
469.0,,-8.0,-61.0,-170.0,619.0,403.0,181.0,-447.0,-451.0
421.0,,-20.0,4.0,-189.0,668.0,376.0,118.0,-532.0,-543.0
404.0,,-43.0,122.0,-198.0,540.0,359.0,443.0,-599.0,-615.0
325.0,,-44.0,332.0,-211.0,564.0,349.0,192.0,-616.0,-675.0
231.0,,-41.0,568.0,-223.0,775.0,327.0,487.0,-597.0,-728.0
144.0,,-24.0,608.0,-226.0,803.0,310.0,155.0,-543.0,-762.0
109.0,,0.0,608.0,-212.0,708.0,306.0,11.0,-473.0,-804.0
61.0,,46.0,667.0,-188.0,675.0,294.0,-18.0,-399.0,-845.0
-12.0,,83.0,712.0,-147.0,776.0,300.0,-349.0,-317.0,-890.0
-78.0,,129.0,749.0,-112.0,805.0,314.0,-35.0,-244.0,-889.0
-123.0,,182.0,690.0,-118.0,743.0,306.0,-162.0,-188.0,-861.0
-127.0,,238.0,569.0,-159.0,761.0,317.0,138.0,-140.0,-814.0
-161.0,,288.0,381.0,-223.0,736.0,345.0,14.0,-91.0,-751.0
-177.0,,329.0,190.0,-288.0,826.0,341.0,-155.0,-40.0,-686.0
-144.0,,356.0,38.0,-310.0,893.0,331.0,38.0,16.0,-621.0
-170.0,,391.0,-110.0,-271.0,786.0,338.0,-256.0,80.0,-582.0
-181.0,,407.0,-182.0,-237.0,777.0,319.0,35.0,143.0,-543.0
-106.0,,406.0,-288.0,-236.0,900.0,271.0,-238.0,198.0,-531.0
-113.0,,428.0,-398.0,-237.0,920.0,244.0,-194.0,259.0,-484.0
-114.0,,404.0,-384.0,-216.0,705.0,253.0,-22.0,295.0,-461.0
-113.0,,414.0,-354.0,-188.0,666.0,236.0,-219.0,305.0,-501.0
-116.0,,397.0,-319.0,-169.0,824.0,231.0,-40.0,311.0,-528.0
-46.0,,387.0,-219.0,-151.0,754.0,246.0,-493.0,286.0,-560.0
-51.0,,417.0,-101.0,-139.0,643.0,255.0,-367.0,282.0,-560.0
-54.0,,396.0,-20.0,-144.0,682.0,262.0,-487.0,300.0,-540.0
-39.0,,423.0,-31.0,-162.0,802.0,238.0,-585.0,294.0,-499.0
64.0,,432.0,27.0,-176.0,812.0,224.0,-308.0,271.0,-409.0
121.0,,465.0,131.0,-200.0,693.0,215.0,-519.0,231.0,-314.0
47.0,,524.0,161.0,-218.0,758.0,201.0,-127.0,178.0,-259.0
38.0,,558.0,229.0,-201.0,851.0,157.0,-352.0,116.0,-187.0
93.0,,618.0,239.0,-153.0,774.0,96.0,-336.0,51.0,-116.0
143.0,,674.0,221.0,-83.0,616.0,69.0,-304.0,-23.0,-83.0
21.0,,711.0,193.0,-5.0,601.0,39.0,-532.0,-87.0,-64.0
-43.0,,711.0,148.0,49.0,676.0,-4.0,-177.0,-119.0,-66.0
-10.0,,721.0,173.0,55.0,594.0,-14.0,-436.0,-144.0,-89.0
1.0,,705.0,172.0,11.0,512.0,1.0,-254.0,-151.0,-164.0
-24.0,,649.0,126.0,-34.0,465.0,0.0,-458.0,-131.0,-239.0
-106.0,,613.0,140.0,-61.0,534.0,7.0,-609.0,-96.0,-351.0
-74.0,,540.0,238.0,-64.0,631.0,9.0,-454.0,-48.0,-514.0
2.0,,471.0,294.0,-32.0,506.0,20.0,-774.0,-2.0,-654.0
20.0,,414.0,290.0,-25.0,397.0,34.0,-421.0,59.0,-808.0
-6.0,,318.0,269.0,-84.0,480.0,28.0,-613.0,121.0,-987.0
73.0,,234.0,239.0,-198.0,502.0,8.0,-524.0,172.0,-1145.0
183.0,,145.0,197.0,-317.0,344.0,-38.0,-456.0,218.0,-1266.0
219.0,,58.0,89.0,-376.0,221.0,-68.0,-628.0,236.0,-1293.0
220.0,,-19.0,-32.0,-366.0,292.0,-112.0,-315.0,240.0,-1219.0
238.0,,-111.0,-96.0,-264.0,344.0,-169.0,-670.0,220.0,-1108.0
289.0,,-179.0,-99.0,-104.0,231.0,-170.0,-604.0,179.0,-888.0
276.0,,-248.0,-107.0,31.0,219.0,-182.0,-818.0,141.0,-649.0
287.0,,-298.0,-129.0,106.0,317.0,-204.0,-822.0,98.0,-411.0
269.0,,-333.0,-98.0,110.0,334.0,-193.0,-460.0,57.0,-166.0
301.0,,-383.0,-141.0,52.0,196.0,-194.0,-613.0,29.0,-18.0
353.0,,-427.0,-255.0,-38.0,183.0,-213.0,-290.0,17.0,126.0
337.0,,-451.0,-294.0,-109.0,311.0,-230.0,-583.0,5.0,194.0
324.0,,-480.0,-316.0,-104.0,243.0,-247.0,-572.0,-2.0,178.0
297.0,,-492.0,-370.0,-4.0,142.0,-291.0,-639.0,-4.0,166.0
270.0,,-471.0,-383.0,129.0,102.0,-352.0,-990.0,-11.0,105.0
189.0,,-465.0,-322.0,231.0,135.0,-383.0,-687.0,-30.0,6.0
164.0,,-437.0,-271.0,267.0,115.0,-405.0,-777.0,-50.0,-132.0
170.0,,-403.0,-213.0,212.0,-36.0,-423.0,-386.0,-95.0,-252.0
148.0,,-361.0,-103.0,92.0,-64.0,-394.0,-458.0,-134.0,-337.0
122.0,,-317.0,17.0,-30.0,26.0,-355.0,-548.0,-131.0,-400.0
88.0,,-293.0,67.0,-111.0,130.0,-336.0,-412.0,-145.0,-470.0
81.0,,-224.0,62.0,-112.0,91.0,-296.0,-726.0,-151.0,-510.0
62.0,,-166.0,86.0,-28.0,0.0,-268.0,-378.0,-144.0,-500.0
27.0,,-96.0,122.0,85.0,98.0,-276.0,-546.0,-124.0,-532.0
-37.0,,-2.0,190.0,213.0,183.0,-286.0,-362.0,-90.0,-505.0
-59.0,,58.0,230.0,316.0,134.0,-267.0,-267.0,-72.0,-532.0
-53.0,,130.0,283.0,345.0,38.0,-259.0,-528.0,-54.0,-597.0
-82.0,,192.0,406.0,314.0,74.0,-286.0,-330.0,-43.0,-628.0
-132.0,,242.0,422.0,222.0,196.0,-305.0,-630.0,-34.0,-706.0
-113.0,,265.0,416.0,102.0,127.0,-306.0,-339.0,-23.0,-714.0
-57.0,,291.0,477.0,-19.0,56.0,-299.0,-436.0,-10.0,-751.0
-75.0,,314.0,421.0,-118.0,141.0,-307.0,-465.0,5.0,-805.0
-73.0,,296.0,326.0,-153.0,213.0,-295.0,-304.0,36.0,-840.0
-52.0,,301.0,235.0,-159.0,106.0,-301.0,-604.0,74.0,-874.0
-15.0,,294.0,63.0,-139.0,22.0,-338.0,-251.0,101.0,-871.0
3.0,,290.0,-136.0,-47.0,117.0,-352.0,-476.0,129.0,-920.0
-16.0,,293.0,-344.0,87.0,173.0,-366.0,-297.0,146.0,-976.0
-11.0,,281.0,-538.0,227.0,119.0,-388.0,-218.0,161.0,-968.0
-11.0,,296.0,-732.0,338.0,45.0,-434.0,-426.0,175.0,-974.0
7.0,,284.0,-838.0,392.0,79.0,-447.0,-184.0,187.0,-1036.0
9.0,,276.0,-844.0,399.0,90.0,-483.0,-522.0,193.0,-1030.0
-9.0,,287.0,-791.0,368.0,9.0,-551.0,-266.0,198.0,-1023.0
57.0,,292.0,-671.0,318.0,-43.0,-573.0,-360.0,191.0,-1005.0
107.0,,348.0,-534.0,242.0,-56.0,-606.0,-351.0,180.0,-980.0
119.0,,381.0,-338.0,131.0,14.0,-618.0,-236.0,175.0,-1018.0
162.0,,412.0,-155.0,-9.0,56.0,-635.0,-652.0,161.0,-1006.0
179.0,,457.0,-31.0,-174.0,-4.0,-651.0,-502.0,145.0,-1063.0
230.0,,498.0,118.0,-331.0,-9.0,-668.0,-931.0,126.0,-1111.0
257.0,,555.0,224.0,-446.0,88.0,-700.0,-857.0,126.0,-1078.0
257.0,,587.0,228.0,-491.0,80.0,-699.0,-750.0,125.0,-1060.0
293.0,,629.0,181.0,-478.0,-124.0,-749.0,-764.0,118.0,-969.0
329.0,,633.0,91.0,-440.0,-208.0,-809.0,-360.0,99.0,-849.0
387.0,,624.0,32.0,-367.0,-102.0,-820.0,-596.0,56.0,-697.0
379.0,,616.0,25.0,-230.0,-143.0,-831.0,-356.0,6.0,-484.0
367.0,,587.0,-46.0,-69.0,-279.0,-875.0,-580.0,-66.0,-281.0
383.0,,561.0,-139.0,29.0,-274.0,-918.0,-648.0,-133.0,-121.0
343.0,,519.0,-219.0,50.0,-205.0,-911.0,-502.0,-186.0,2.0
282.0,,469.0,-274.0,-8.0,-219.0,-911.0,-709.0,-233.0,134.0
269.0,,426.0,-234.0,-129.0,-328.0,-911.0,-345.0,-244.0,223.0
257.0,,405.0,-215.0,-246.0,-322.0,-910.0,-607.0,-228.0,294.0
163.0,,354.0,-245.0,-316.0,-202.0,-916.0,-482.0,-185.0,359.0
78.0,,315.0,-199.0,-331.0,-193.0,-904.0,-587.0,-136.0,350.0
25.0,,281.0,-112.0,-324.0,-243.0,-903.0,-862.0,-100.0,328.0
-2.0,,232.0,-89.0,-313.0,-254.0,-897.0,-685.0,-62.0,261.0
-66.0,,219.0,-100.0,-282.0,-235.0,-893.0,-951.0,-40.0,177.0
-146.0,,196.0,-10.0,-218.0,-265.0,-888.0,-528.0,-48.0,80.0
-183.0,,161.0,54.0,-143.0,-348.0,-841.0,-582.0,-68.0,-11.0
-180.0,,164.0,73.0,-95.0,-420.0,-823.0,-530.0,-83.0,-106.0
-169.0,,163.0,201.0,-79.0,-416.0,-864.0,-388.0,-96.0,-236.0
-211.0,,135.0,246.0,-99.0,-396.0,-878.0,-622.0,-93.0,-306.0
-204.0,,125.0,219.0,-158.0,-517.0,-856.0,-249.0,-75.0,-421.0
-122.0,,83.0,225.0,-208.0,-606.0,-863.0,-485.0,-50.0,-522.0
-55.0,,46.0,178.0,-250.0,-524.0,-864.0,-297.0,7.0,-613.0
-129.0,,-1.0,85.0,-307.0,-461.0,-821.0,-328.0,84.0,-746.0
-166.0,,-60.0,17.0,-354.0,-527.0,-807.0,-482.0,146.0,-848.0
-61.0,,-100.0,51.0,-398.0,-578.0,-803.0,-210.0,193.0,-981.0
-35.0,,-127.0,80.0,-424.0,-484.0,-774.0,-487.0,255.0,-1076.0
-38.0,,-132.0,89.0,-411.0,-465.0,-764.0,-234.0,317.0,-1101.0
-33.0,,-144.0,120.0,-375.0,-639.0,-740.0,-532.0,357.0,-1060.0
14.0,,-128.0,145.0,-329.0,-738.0,-698.0,-602.0,391.0,-926.0
86.0,,-140.0,245.0,-276.0,-655.0,-684.0,-561.0,409.0,-686.0
84.0,,-116.0,368.0,-200.0,-618.0,-704.0,-886.0,410.0,-418.0
77.0,,-84.0,423.0,-135.0,-750.0,-706.0,-572.0,389.0,-151.0
129.0,,-59.0,449.0,-93.0,-855.0,-670.0,-812.0,363.0,126.0
189.0,,0.0,434.0,-38.0,-806.0,-640.0,-558.0,329.0,325.0
172.0,,31.0,293.0,14.0,-772.0,-618.0,-569.0,258.0,489.0
138.0,,85.0,127.0,56.0,-838.0,-590.0,-668.0,181.0,573.0
150.0,,120.0,20.0,88.0,-882.0,-584.0,-365.0,91.0,600.0
179.0,,145.0,-76.0,102.0,-880.0,-584.0,-646.0,22.0,626.0
120.0,,140.0,-138.0,126.0,-897.0,-548.0,-382.0,-17.0,564.0
24.0,,112.0,-207.0,166.0,-955.0,-511.0,-648.0,-47.0,447.0
-6.0,,91.0,-285.0,225.0,-1028.0,-498.0,-637.0,-27.0,281.0
-45.0,,15.0,-372.0,289.0,-1016.0,-523.0,-556.0,19.0,93.0
-111.0,,-53.0,-405.0,331.0,-993.0,-556.0,-772.0,80.0,-152.0
-166.0,,-121.0,-276.0,333.0,-1053.0,-556.0,-393.0,143.0,-393.0
-222.0,,-197.0,-156.0,288.0,-1142.0,-564.0,-659.0,207.0,-595.0
-289.0,,-269.0,-64.0,232.0,-1137.0,-562.0,-382.0,280.0,-834.0
-330.0,,-330.0,52.0,167.0,-1062.0,-553.0,-428.0,331.0,-1047.0
-401.0,,-365.0,83.0,103.0,-1155.0,-536.0,-593.0,349.0,-1253.0
-423.0,,-426.0,76.0,78.0,-1324.0,-501.0,-410.0,346.0,-1417.0
-411.0,,-476.0,84.0,88.0,-1317.0,-503.0,-755.0,326.0,-1489.0
-480.0,,-493.0,96.0,110.0,-1201.0,-476.0,-448.0,295.0,-1503.0
-481.0,,-512.0,71.0,111.0,-1249.0,-405.0,-678.0,265.0,-1504.0
-432.0,,-532.0,-79.0,94.0,-1381.0,-349.0,-650.0,227.0,-1455.0
-388.0,,-530.0,-239.0,42.0,-1356.0,-315.0,-583.0,191.0,-1354.0
-355.0,,-517.0,-313.0,-22.0,-1288.0,-305.0,-798.0,174.0,-1230.0
-354.0,,-512.0,-406.0,-63.0,-1310.0,-286.0,-487.0,161.0,-1012.0
-298.0,,-465.0,-520.0,-92.0,-1419.0,-272.0,-811.0,152.0,-794.0
-230.0,,-419.0,-578.0,-107.0,-1419.0,-291.0,-591.0,156.0,-593.0
-205.0,,-366.0,-599.0,-104.0,-1361.0,-342.0,-668.0,168.0,-400.0
-175.0,,-278.0,-700.0,-60.0,-1444.0,-368.0,-737.0,173.0,-196.0
-103.0,,-226.0,-830.0,29.0,-1526.0,-361.0,-476.0,179.0,48.0
-8.0,,-134.0,-848.0,166.0,-1495.0,-378.0,-792.0,193.0,232.0
34.0,,-53.0,-820.0,345.0,-1429.0,-405.0,-545.0,202.0,388.0
14.0,,0.0,-771.0,493.0,-1433.0,-426.0,-764.0,205.0,485.0
19.0,,92.0,-630.0,562.0,-1485.0,-430.0,-580.0,197.0,546.0
111.0,,152.0,-484.0,544.0,-1486.0,-408.0,-323.0,181.0,595.0
145.0,,215.0,-426.0,429.0,-1402.0,-372.0,-399.0,157.0,585.0
106.0,,285.0,-340.0,253.0,-1336.0,-342.0,-94.0,118.0,581.0
152.0,,353.0,-163.0,73.0,-1413.0,-337.0,-511.0,76.0,575.0
205.0,,431.0,-28.0,-73.0,-1442.0,-323.0,-408.0,40.0,571.0
210.0,,501.0,17.0,-160.0,-1310.0,-294.0,-552.0,21.0,584.0
201.0,,582.0,43.0,-177.0,-1289.0,-272.0,-609.0,13.0,626.0
191.0,,634.0,36.0,-138.0,-1398.0,-276.0,-345.0,10.0,688.0
193.0,,693.0,-44.0,-79.0,-1350.0,-291.0,-635.0,3.0,745.0
155.0,,746.0,-148.0,-21.0,-1140.0,-280.0,-345.0,-2.0,808.0
113.0,,763.0,-221.0,5.0,-1103.0,-281.0,-594.0,-2.0,900.0
74.0,,805.0,-287.0,15.0,-1247.0,-293.0,-498.0,-22.0,1031.0
12.0,,811.0,-325.0,34.0,-1234.0,-298.0,-388.0,-42.0,1181.0
-14.0,,806.0,-392.0,72.0,-1091.0,-280.0,-543.0,-52.0,1329.0
-51.0,,809.0,-504.0,111.0,-1078.0,-243.0,-205.0,-69.0,1450.0
-93.0,,775.0,-515.0,118.0,-1256.0,-242.0,-485.0,-100.0,1536.0
-133.0,,741.0,-523.0,113.0,-1295.0,-244.0,-225.0,-130.0,1621.0
-199.0,,682.0,-539.0,81.0,-1082.0,-204.0,-323.0,-136.0,1664.0
-230.0,,627.0,-494.0,30.0,-982.0,-163.0,-439.0,-167.0,1625.0
-220.0,,585.0,-457.0,-23.0,-1074.0,-151.0,-284.0,-219.0,1556.0
-223.0,,531.0,-388.0,-48.0,-1106.0,-170.0,-609.0,-268.0,1449.0
-268.0,,493.0,-296.0,-9.0,-964.0,-182.0,-315.0,-329.0,1320.0
-247.0,,465.0,-179.0,56.0,-914.0,-144.0,-533.0,-381.0,1171.0
-160.0,,445.0,-44.0,155.0,-1020.0,-129.0,-410.0,-429.0,990.0
-57.0,,426.0,78.0,257.0,-1085.0,-119.0,-321.0,-476.0,820.0
-13.0,,393.0,169.0,310.0,-1015.0,-73.0,-461.0,-507.0,635.0
42.0,,376.0,237.0,304.0,-855.0,-58.0,-109.0,-511.0,460.0
163.0,,333.0,269.0,253.0,-891.0,-37.0,-406.0,-516.0,293.0
213.0,,304.0,245.0,191.0,-1007.0,12.0,-214.0,-509.0,123.0
283.0,,286.0,221.0,130.0,-959.0,37.0,-352.0,-469.0,-31.0
324.0,,235.0,171.0,70.0,-863.0,35.0,-341.0,-426.0,-145.0
374.0,,238.0,114.0,5.0,-881.0,48.0,-29.0,-380.0,-173.0
420.0,,213.0,83.0,-44.0,-955.0,77.0,-232.0,-343.0,-168.0
429.0,,221.0,51.0,-90.0,-863.0,74.0,73.0,-311.0,-118.0
446.0,,248.0,17.0,-131.0,-763.0,48.0,-258.0,-268.0,-36.0
431.0,,263.0,-24.0,-141.0,-834.0,27.0,-210.0,-228.0,37.0
422.0,,311.0,-6.0,-139.0,-920.0,41.0,-199.0,-181.0,108.0
355.0,,322.0,78.0,-139.0,-764.0,23.0,-413.0,-130.0,169.0
327.0,,340.0,116.0,-143.0,-576.0,-33.0,-169.0,-63.0,202.0
254.0,,337.0,83.0,-112.0,-681.0,-43.0,-578.0,1.0,181.0
174.0,,339.0,37.0,-55.0,-752.0,-52.0,-341.0,57.0,169.0
202.0,,318.0,11.0,-4.0,-594.0,-82.0,-404.0,122.0,151.0
179.0,,313.0,-31.0,33.0,-445.0,-86.0,-393.0,165.0,110.0
162.0,,306.0,-107.0,22.0,-494.0,-56.0,-84.0,178.0,67.0
141.0,,252.0,-108.0,-38.0,-581.0,-48.0,-280.0,172.0,-7.0
147.0,,216.0,-77.0,-115.0,-534.0,-84.0,62.0,146.0,-66.0
191.0,,133.0,-63.0,-177.0,-417.0,-90.0,-169.0,112.0,-62.0
208.0,,66.0,-10.0,-188.0,-371.0,-72.0,-77.0,97.0,-41.0
234.0,,-3.0,82.0,-116.0,-441.0,-45.0,-92.0,92.0,0.0
264.0,,-81.0,173.0,-2.0,-413.0,-25.0,-295.0,107.0,58.0
338.0,,-162.0,143.0,100.0,-233.0,-20.0,31.0,141.0,94.0
427.0,,-229.0,86.0,174.0,-142.0,-12.0,-218.0,154.0,131.0
436.0,,-269.0,79.0,206.0,-238.0,3.0,114.0,183.0,129.0
425.0,,-365.0,65.0,195.0,-234.0,21.0,0.0,221.0,173.0
481.0,,-407.0,46.0,148.0,-76.0,21.0,-134.0,249.0,242.0
541.0,,-466.0,0.0,98.0,-70.0,35.0,-44.0,269.0,249.0
529.0,,-541.0,-55.0,56.0,-245.0,29.0,-365.0,292.0,276.0
467.0,,-576.0,-171.0,21.0,-262.0,-13.0,49.0,329.0,303.0
412.0,,-631.0,-309.0,-49.0,-85.0,-38.0,-14.0,342.0,321.0
384.0,,-648.0,-400.0,-161.0,-110.0,-55.0,243.0,360.0,333.0
367.0,,-656.0,-467.0,-263.0,-258.0,-74.0,376.0,373.0,340.0
315.0,,-656.0,-480.0,-361.0,-221.0,-111.0,240.0,363.0,376.0
243.0,,-602.0,-469.0,-422.0,-89.0,-159.0,447.0,338.0,434.0
244.0,,-533.0,-429.0,-413.0,-104.0,-196.0,46.0,304.0,485.0
266.0,,-461.0,-364.0,-354.0,-212.0,-218.0,279.0,275.0,523.0
241.0,,-351.0,-286.0,-284.0,-185.0,-244.0,149.0,242.0,518.0
220.0,,-270.0,-193.0,-238.0,-87.0,-276.0,184.0,216.0,497.0
197.0,,-187.0,-153.0,-213.0,-140.0,-272.0,436.0,179.0,491.0
148.0,,-89.0,-91.0,-203.0,-229.0,-287.0,199.0,147.0,419.0
86.0,,-42.0,-2.0,-167.0,-122.0,-325.0,519.0,135.0,355.0
75.0,,-12.0,50.0,-36.0,-39.0,-347.0,245.0,126.0,311.0
75.0,,12.0,82.0,146.0,-70.0,-372.0,417.0,124.0,261.0
8.0,,18.0,58.0,295.0,-113.0,-379.0,526.0,136.0,235.0
-50.0,,-1.0,44.0,376.0,-112.0,-414.0,474.0,162.0,189.0
-90.0,,-29.0,15.0,371.0,1.0,-464.0,792.0,185.0,198.0
-133.0,,-82.0,-47.0,309.0,21.0,-483.0,498.0,204.0,201.0
-175.0,,-150.0,-89.0,246.0,-75.0,-483.0,783.0,204.0,219.0
-245.0,,-224.0,-193.0,222.0,-127.0,-487.0,606.0,173.0,278.0
-250.0,,-327.0,-296.0,280.0,-59.0,-507.0,609.0,143.0,353.0
-190.0,,-404.0,-370.0,378.0,0.0,-492.0,735.0,97.0,503.0
-244.0,,-494.0,-501.0,444.0,-116.0,-487.0,421.0,50.0,651.0
-328.0,,-579.0,-623.0,477.0,-229.0,-495.0,755.0,17.0,798.0
-311.0,,-648.0,-725.0,458.0,-106.0,-478.0,498.0,-20.0,954.0
-240.0,,-735.0,-826.0,374.0,-4.0,-460.0,716.0,-33.0,1122.0
-229.0,,-776.0,-889.0,239.0,-121.0,-430.0,761.0,-43.0,1193.0
-280.0,,-811.0,-930.0,109.0,-121.0,-408.0,631.0,-57.0,1260.0
-235.0,,-817.0,-909.0,37.0,46.0,-398.0,933.0,-55.0,1328.0
-120.0,,-814.0,-843.0,12.0,129.0,-383.0,665.0,-53.0,1280.0
-68.0,,-803.0,-746.0,25.0,9.0,-354.0,984.0,-32.0,1224.0
-54.0,,-748.0,-552.0,39.0,-68.0,-352.0,838.0,0.0,1053.0
2.0,,-716.0,-372.0,29.0,53.0,-339.0,864.0,23.0,872.0
72.0,,-648.0,-245.0,25.0,93.0,-290.0,1012.0,43.0,725.0
136.0,,-570.0,-118.0,39.0,-60.0,-267.0,781.0,56.0,530.0
150.0,,-499.0,-20.0,53.0,-157.0,-202.0,1080.0,29.0,355.0
175.0,,-421.0,52.0,58.0,-7.0,-133.0,724.0,-34.0,149.0
262.0,,-364.0,107.0,78.0,123.0,-82.0,824.0,-107.0,-37.0
320.0,,-283.0,137.0,94.0,76.0,-28.0,746.0,-194.0,-171.0
324.0,,-212.0,128.0,80.0,0.0,26.0,587.0,-296.0,-312.0
323.0,,-143.0,51.0,49.0,74.0,92.0,897.0,-388.0,-360.0
413.0,,-62.0,-48.0,23.0,233.0,121.0,672.0,-477.0,-337.0
463.0,,11.0,-101.0,10.0,196.0,156.0,1051.0,-565.0,-283.0
457.0,,72.0,-148.0,3.0,64.0,188.0,960.0,-642.0,-162.0
485.0,,140.0,-220.0,28.0,73.0,222.0,981.0,-720.0,-27.0
501.0,,206.0,-320.0,72.0,152.0,223.0,1060.0,-766.0,155.0
477.0,,254.0,-408.0,93.0,62.0,221.0,716.0,-786.0,276.0
430.0,,308.0,-497.0,68.0,-96.0,264.0,994.0,-792.0,392.0
419.0,,359.0,-554.0,8.0,2.0,268.0,731.0,-766.0,553.0
358.0,,420.0,-510.0,-39.0,191.0,289.0,894.0,-714.0,684.0
267.0,,471.0,-408.0,-49.0,192.0,356.0,862.0,-643.0,799.0
179.0,,510.0,-292.0,-48.0,126.0,434.0,757.0,-585.0,853.0
88.0,,551.0,-202.0,-77.0,211.0,473.0,984.0,-521.0,853.0
37.0,,588.0,-70.0,-127.0,331.0,497.0,609.0,-464.0,846.0
-42.0,,589.0,55.0,-171.0,257.0,544.0,814.0,-423.0,845.0
-171.0,,580.0,74.0,-180.0,176.0,578.0,546.0,-366.0,786.0
-226.0,,579.0,33.0,-136.0,272.0,584.0,593.0,-319.0,803.0
-241.0,,506.0,-2.0,-60.0,396.0,582.0,757.0,-278.0,833.0
-341.0,,456.0,-53.0,6.0,342.0,609.0,572.0,-252.0,829.0
-452.0,,432.0,-171.0,18.0,191.0,647.0,971.0,-238.0,877.0
-522.0,,345.0,-280.0,-41.0,320.0,674.0,726.0,-247.0,887.0
-559.0,,290.0,-363.0,-167.0,503.0,679.0,910.0,-294.0,896.0
-567.0,,243.0,-432.0,-323.0,429.0,725.0,831.0,-362.0,884.0
-599.0,,169.0,-475.0,-441.0,381.0,785.0,657.0,-434.0,869.0
-625.0,,116.0,-486.0,-487.0,458.0,780.0,794.0,-484.0,861.0
-544.0,,69.0,-484.0,-459.0,620.0,791.0,437.0,-504.0,878.0
-388.0,,4.0,-491.0,-380.0,632.0,813.0,748.0,-503.0,909.0
-305.0,,-35.0,-466.0,-267.0,511.0,825.0,565.0,-470.0,935.0
-268.0,,-62.0,-453.0,-113.0,548.0,838.0,657.0,-401.0,959.0
-168.0,,-114.0,-425.0,38.0,626.0,813.0,740.0,-308.0,1002.0
-45.0,,-131.0,-329.0,131.0,627.0,804.0,426.0,-201.0,1051.0
68.0,,-145.0,-224.0,164.0,546.0,811.0,752.0,-100.0,1049.0
150.0,,-167.0,-200.0,170.0,552.0,785.0,469.0,-22.0,1005.0
205.0,,-142.0,-195.0,181.0,712.0,765.0,615.0,40.0,909.0
316.0,,-129.0,-118.0,206.0,751.0,760.0,554.0,88.0,835.0
392.0,,-90.0,-88.0,195.0,627.0,741.0,471.0,125.0,690.0
430.0,,-48.0,-114.0,157.0,670.0,716.0,729.0,175.0,509.0
476.0,,-46.0,-149.0,153.0,821.0,715.0,400.0,233.0,369.0
501.0,,-21.0,-166.0,192.0,819.0,726.0,637.0,288.0,275.0
559.0,,-22.0,-118.0,253.0,733.0,727.0,389.0,350.0,242.0
575.0,,-25.0,-59.0,298.0,725.0,717.0,415.0,418.0,262.0
534.0,,-19.0,34.0,318.0,898.0,712.0,543.0,488.0,318.0
558.0,,-42.0,106.0,308.0,945.0,718.0,314.0,572.0,362.0
590.0,,-54.0,130.0,302.0,812.0,693.0,635.0,665.0,443.0
556.0,,-90.0,169.0,301.0,868.0,668.0,325.0,744.0,463.0
541.0,,-128.0,151.0,259.0,1021.0,667.0,506.0,792.0,480.0
550.0,,-172.0,110.0,164.0,1047.0,654.0,476.0,816.0,469.0
510.0,,-223.0,53.0,21.0,957.0,625.0,371.0,802.0,416.0
463.0,,-242.0,-62.0,-105.0,909.0,597.0,644.0,767.0,359.0
447.0,,-279.0,-124.0,-194.0,1018.0,566.0,369.0,723.0,280.0
410.0,,-277.0,-155.0,-266.0,1131.0,538.0,674.0,664.0,205.0
338.0,,-268.0,-256.0,-296.0,1089.0,540.0,460.0,615.0,130.0
240.0,,-259.0,-430.0,-281.0,1018.0,551.0,500.0,569.0,69.0
168.0,,-230.0,-612.0,-207.0,1126.0,544.0,576.0,524.0,23.0
150.0,,-230.0,-751.0,-71.0,1304.0,531.0,303.0,484.0,105.0
105.0,,-198.0,-859.0,102.0,1259.0,536.0,633.0,456.0,197.0
57.0,,-177.0,-939.0,280.0,1164.0,562.0,341.0,443.0,330.0
41.0,,-163.0,-989.0,397.0,1244.0,554.0,563.0,433.0,492.0
36.0,,-145.0,-1003.0,448.0,1308.0,533.0,517.0,419.0,651.0
54.0,,-154.0,-965.0,461.0,1170.0,509.0,410.0,407.0,843.0
48.0,,-116.0,-839.0,441.0,1056.0,479.0,639.0,394.0,935.0
25.0,,-99.0,-650.0,422.0,1212.0,466.0,308.0,361.0,1014.0
48.0,,-84.0,-435.0,406.0,1328.0,447.0,646.0,328.0,1099.0
87.0,,-24.0,-258.0,363.0,1164.0,412.0,497.0,273.0,1146.0
85.0,,-10.0,-126.0,297.0,1047.0,365.0,583.0,199.0,1175.0
62.0,,26.0,11.0,229.0,1237.0,370.0,633.0,132.0,1139.0
107.0,,48.0,88.0,143.0,1372.0,359.0,260.0,38.0,1051.0
199.0,,49.0,85.0,22.0,1256.0,335.0,436.0,-59.0,988.0
232.0,,47.0,20.0,-110.0,1135.0,334.0,94.0,-146.0,932.0
200.0,,9.0,-65.0,-225.0,1175.0,319.0,373.0,-225.0,917.0
226.0,,-3.0,-141.0,-280.0,1277.0,317.0,415.0,-284.0,912.0
325.0,,-53.0,-254.0,-293.0,1152.0,247.0,399.0,-322.0,924.0
340.0,,-76.0,-329.0,-288.0,1003.0,183.0,685.0,-331.0,902.0
300.0,,-99.0,-317.0,-245.0,1099.0,118.0,315.0,-340.0,876.0
309.0,,-139.0,-303.0,-195.0,1300.0,15.0,482.0,-360.0,851.0
342.0,,-167.0,-312.0,-168.0,1276.0,-41.0,125.0,-378.0,770.0
377.0,,-213.0,-332.0,-151.0,1064.0,-81.0,121.0,-391.0,703.0
385.0,,-237.0,-339.0,-144.0,1075.0,-151.0,321.0,-415.0,572.0
363.0,,-281.0,-330.0,-175.0,1246.0,-233.0,162.0,-445.0,477.0
377.0,,-290.0,-318.0,-250.0,1217.0,-243.0,537.0,-484.0,356.0
384.0,,-301.0,-312.0,-316.0,1007.0,-257.0,271.0,-522.0,221.0
306.0,,-306.0,-342.0,-326.0,1049.0,-263.0,369.0,-541.0,6.0
207.0,,-280.0,-389.0,-285.0,1239.0,-250.0,192.0,-541.0,-268.0
139.0,,-271.0,-447.0,-207.0,1156.0,-264.0,-25.0,-513.0,-469.0
95.0,,-212.0,-486.0,-108.0,973.0,-246.0,157.0,-464.0,-682.0
29.0,,-159.0,-525.0,-40.0,1032.0,-218.0,-147.0,-412.0,-846.0
-71.0,,-94.0,-577.0,-17.0,1201.0,-169.0,136.0,-356.0,-997.0
-118.0,,-3.0,-537.0,-1.0,1143.0,-143.0,-75.0,-303.0,-1074.0
-162.0,,71.0,-494.0,4.0,1003.0,-137.0,0.0,-226.0,-1144.0
-209.0,,154.0,-475.0,-19.0,1020.0,-146.0,140.0,-146.0,-1122.0
-253.0,,250.0,-352.0,-75.0,1115.0,-152.0,-86.0,-92.0,-992.0
-329.0,,339.0,-212.0,-139.0,1068.0,-135.0,279.0,-27.0,-852.0
-330.0,,393.0,-110.0,-166.0,920.0,-168.0,29.0,20.0,-678.0
-354.0,,468.0,24.0,-158.0,928.0,-194.0,173.0,40.0,-482.0
-398.0,,499.0,169.0,-106.0,984.0,-171.0,-5.0,51.0,-278.0
-406.0,,530.0,292.0,0.0,903.0,-154.0,-227.0,43.0,-141.0
-391.0,,576.0,322.0,119.0,797.0,-182.0,-22.0,45.0,-24.0
-366.0,,573.0,240.0,234.0,763.0,-179.0,-258.0,46.0,-12.0
-431.0,,599.0,139.0,311.0,851.0,-145.0,166.0,48.0,10.0
-406.0,,585.0,0.0,331.0,947.0,-140.0,83.0,73.0,65.0
-348.0,,555.0,-174.0,303.0,817.0,-131.0,240.0,99.0,110.0
-378.0,,564.0,-320.0,220.0,702.0,-99.0,336.0,128.0,180.0
-393.0,,545.0,-454.0,105.0,819.0,-40.0,-14.0,149.0,232.0
-382.0,,525.0,-548.0,-24.0,850.0,-20.0,208.0,149.0,302.0
-343.0,,506.0,-601.0,-142.0,684.0,-18.0,-103.0,139.0,362.0
-381.0,,484.0,-646.0,-198.0,555.0,3.0,162.0,125.0,371.0
-422.0,,457.0,-659.0,-187.0,628.0,17.0,195.0,100.0,313.0
-414.0,,410.0,-664.0,-129.0,657.0,52.0,94.0,55.0,231.0
-388.0,,376.0,-666.0,-79.0,462.0,87.0,264.0,24.0,74.0
-361.0,,346.0,-610.0,-68.0,388.0,107.0,-125.0,5.0,-103.0
-387.0,,318.0,-500.0,-84.0,492.0,120.0,57.0,-11.0,-286.0
-369.0,,283.0,-415.0,-105.0,505.0,141.0,-242.0,-6.0,-462.0
-271.0,,264.0,-356.0,-89.0,340.0,141.0,-210.0,19.0,-608.0
-185.0,,221.0,-299.0,-34.0,215.0,133.0,-20.0,46.0,-729.0
-141.0,,164.0,-231.0,29.0,283.0,146.0,-55.0,54.0,-754.0
-77.0,,136.0,-165.0,74.0,256.0,163.0,521.0,48.0,-674.0
27.0,,103.0,-176.0,96.0,66.0,171.0,413.0,29.0,-528.0
123.0,,112.0,-161.0,141.0,1.0,177.0,596.0,-7.0,-331.0
173.0,,108.0,-122.0,197.0,140.0,210.0,365.0,-40.0,-71.0
253.0,,116.0,-151.0,237.0,121.0,256.0,57.0,-59.0,179.0
345.0,,138.0,-173.0,261.0,-76.0,303.0,149.0,-85.0,455.0
427.0,,153.0,-161.0,234.0,-69.0,342.0,-133.0,-115.0,662.0
484.0,,182.0,-121.0,143.0,6.0,384.0,321.0,-139.0,864.0
489.0,,183.0,-156.0,10.0,22.0,408.0,325.0,-162.0,1036.0
510.0,,209.0,-193.0,-138.0,-80.0,414.0,622.0,-170.0,1114.0
518.0,,224.0,-187.0,-276.0,-240.0,426.0,781.0,-158.0,1179.0
491.0,,220.0,-225.0,-375.0,-192.0,431.0,371.0,-135.0,1105.0
427.0,,237.0,-257.0,-417.0,-143.0,444.0,388.0,-95.0,1016.0
388.0,,240.0,-275.0,-396.0,-298.0,430.0,-157.0,-56.0,879.0
383.0,,249.0,-280.0,-315.0,-511.0,405.0,-44.0,-31.0,726.0
340.0,,298.0,-305.0,-199.0,-440.0,383.0,-99.0,0.0,597.0
315.0,,331.0,-325.0,-82.0,-269.0,357.0,-1.0,25.0,471.0
313.0,,378.0,-301.0,5.0,-413.0,322.0,532.0,52.0,351.0
265.0,,447.0,-244.0,44.0,-605.0,278.0,532.0,61.0,207.0
188.0,,466.0,-190.0,32.0,-527.0,249.0,984.0,69.0,117.0
145.0,,499.0,-167.0,-22.0,-354.0,229.0,655.0,82.0,6.0
97.0,,492.0,-84.0,-75.0,-448.0,238.0,352.0,77.0,-85.0
-7.0,,453.0,19.0,-88.0,-576.0,205.0,-62.0,84.0,-161.0
-96.0,,423.0,103.0,-62.0,-470.0,149.0,-563.0,80.0,-159.0
-154.0,,346.0,137.0,3.0,-420.0,141.0,-264.0,57.0,-87.0
-242.0,,256.0,107.0,75.0,-580.0,112.0,-332.0,36.0,-32.0
-290.0,,160.0,191.0,114.0,-686.0,60.0,260.0,10.0,41.0
-318.0,,64.0,267.0,124.0,-620.0,31.0,498.0,-17.0,96.0
-391.0,,-35.0,218.0,124.0,-615.0,24.0,561.0,-40.0,149.0
-440.0,,-147.0,160.0,122.0,-708.0,25.0,681.0,-55.0,259.0
-447.0,,-247.0,47.0,102.0,-806.0,48.0,105.0,-73.0,315.0
-470.0,,-323.0,-114.0,43.0,-776.0,57.0,66.0,-99.0,284.0
-488.0,,-407.0,-280.0,-64.0,-661.0,63.0,-437.0,-131.0,235.0
-474.0,,-488.0,-431.0,-198.0,-644.0,96.0,-450.0,-174.0,134.0
-450.0,,-539.0,-564.0,-322.0,-742.0,65.0,-230.0,-221.0,0.0
-395.0,,-598.0,-616.0,-363.0,-781.0,30.0,-147.0,-279.0,-145.0
-358.0,,-626.0,-622.0,-312.0,-634.0,28.0,412.0,-324.0,-247.0
-351.0,,-634.0,-608.0,-202.0,-639.0,-16.0,192.0,-370.0,-360.0
-351.0,,-617.0,-515.0,-46.0,-839.0,-43.0,345.0,-419.0,-414.0
-280.0,,-562.0,-439.0,111.0,-870.0,-65.0,49.0,-464.0,-460.0
-202.0,,-512.0,-322.0,233.0,-749.0,-95.0,-280.0,-502.0,-553.0
-207.0,,-414.0,-131.0,288.0,-786.0,-113.0,-184.0,-519.0,-622.0
-184.0,,-327.0,4.0,276.0,-943.0,-158.0,-421.0,-540.0,-748.0
-151.0,,-240.0,54.0,211.0,-877.0,-185.0,62.0,-544.0,-845.0
-86.0,,-111.0,17.0,114.0,-724.0,-191.0,73.0,-529.0,-950.0
-26.0,,0.0,-55.0,1.0,-787.0,-186.0,371.0,-524.0,-1082.0
-9.0,,115.0,-137.0,-122.0,-945.0,-161.0,513.0,-511.0,-1269.0
-13.0,,225.0,-287.0,-213.0,-930.0,-176.0,230.0,-495.0,-1448.0
-13.0,,336.0,-429.0,-245.0,-810.0,-194.0,363.0,-473.0,-1600.0
14.0,,452.0,-523.0,-225.0,-885.0,-156.0,-173.0,-447.0,-1707.0
-8.0,,568.0,-639.0,-195.0,-1045.0,-119.0,-136.0,-393.0,-1784.0
-74.0,,663.0,-735.0,-186.0,-1001.0,-114.0,-312.0,-314.0,-1880.0
-115.0,,730.0,-802.0,-208.0,-876.0,-126.0,-399.0,-220.0,-1817.0
-141.0,,775.0,-830.0,-248.0,-976.0,-149.0,-92.0,-72.0,-1702.0
-215.0,,789.0,-855.0,-269.0,-1095.0,-136.0,-230.0,86.0,-1582.0
-284.0,,798.0,-869.0,-271.0,-1012.0,-123.0,251.0,254.0,-1439.0
-342.0,,777.0,-841.0,-253.0,-912.0,-132.0,140.0,439.0,-1276.0
-392.0,,733.0,-803.0,-216.0,-843.0,-118.0,251.0,600.0,-1141.0
-411.0,,697.0,-755.0,-190.0,-929.0,-99.0,275.0,731.0,-959.0
-464.0,,670.0,-711.0,-189.0,-1007.0,-87.0,-60.0,845.0,-763.0
-499.0,,631.0,-671.0,-202.0,-855.0,-94.0,109.0,937.0,-632.0
-511.0,,593.0,-647.0,-217.0,-739.0,-101.0,-301.0,988.0,-434.0
-522.0,,571.0,-589.0,-221.0,-841.0,-79.0,-31.0,1002.0,-311.0
-527.0,,550.0,-562.0,-215.0,-950.0,-57.0,-7.0,992.0,-195.0
-503.0,,534.0,-603.0,-211.0,-788.0,-62.0,1.0,976.0,-61.0
-487.0,,518.0,-633.0,-194.0,-729.0,-81.0,230.0,954.0,22.0
-506.0,,516.0,-659.0,-160.0,-968.0,-83.0,-131.0,928.0,113.0
-518.0,,460.0,-695.0,-126.0,-980.0,-60.0,73.0,907.0,212.0
-493.0,,407.0,-770.0,-103.0,-734.0,-50.0,-258.0,879.0,308.0
-466.0,,348.0,-768.0,-82.0,-654.0,-34.0,-133.0,850.0,340.0
-469.0,,253.0,-655.0,-69.0,-815.0,-19.0,25.0,809.0,379.0
-481.0,,205.0,-591.0,-59.0,-897.0,-6.0,-31.0,759.0,412.0
-496.0,,125.0,-499.0,-30.0,-709.0,36.0,452.0,693.0,446.0
-487.0,,56.0,-345.0,16.0,-619.0,59.0,312.0,588.0,511.0
-449.0,,-3.0,-266.0,71.0,-786.0,84.0,642.0,452.0,563.0
-414.0,,-97.0,-207.0,114.0,-826.0,130.0,497.0,294.0,657.0
-437.0,,-163.0,-121.0,156.0,-703.0,176.0,421.0,151.0,770.0
-438.0,,-240.0,-95.0,220.0,-677.0,213.0,572.0,23.0,859.0
-427.0,,-331.0,-134.0,294.0,-753.0,237.0,151.0,-80.0,930.0
-456.0,,-394.0,-176.0,360.0,-799.0,272.0,349.0,-147.0,957.0
-455.0,,-483.0,-179.0,405.0,-708.0,300.0,64.0,-187.0,890.0
-484.0,,-540.0,-181.0,384.0,-551.0,318.0,240.0,-204.0,822.0
-502.0,,-580.0,-222.0,287.0,-571.0,327.0,406.0,-208.0,759.0
-484.0,,-641.0,-228.0,151.0,-699.0,343.0,306.0,-181.0,683.0
-486.0,,-651.0,-214.0,-9.0,-703.0,361.0,596.0,-123.0,703.0
-529.0,,-676.0,-214.0,-152.0,-626.0,338.0,179.0,-52.0,673.0
-533.0,,-679.0,-136.0,-253.0,-654.0,307.0,301.0,34.0,576.0
-492.0,,-655.0,-41.0,-287.0,-761.0,304.0,123.0,146.0,539.0
-522.0,,-636.0,78.0,-223.0,-692.0,338.0,125.0,263.0,488.0
-550.0,,-585.0,242.0,-98.0,-532.0,364.0,413.0,388.0,429.0
-554.0,,-545.0,394.0,42.0,-634.0,341.0,190.0,511.0,389.0
-531.0,,-498.0,536.0,155.0,-790.0,354.0,522.0,601.0,306.0
-511.0,,-441.0,646.0,246.0,-703.0,367.0,236.0,656.0,198.0
-504.0,,-395.0,759.0,322.0,-610.0,360.0,315.0,669.0,125.0
-509.0,,-346.0,816.0,363.0,-659.0,402.0,297.0,640.0,70.0
-521.0,,-282.0,794.0,387.0,-790.0,433.0,-29.0,563.0,32.0
-486.0,,-236.0,739.0,393.0,-740.0,428.0,131.0,461.0,-12.0
-486.0,,-200.0,641.0,383.0,-583.0,414.0,-266.0,340.0,-60.0
-495.0,,-165.0,535.0,350.0,-657.0,437.0,-1.0,184.0,-89.0
-509.0,,-178.0,424.0,284.0,-719.0,437.0,-29.0,30.0,-130.0
-501.0,,-183.0,317.0,197.0,-623.0,394.0,11.0,-112.0,-182.0
-465.0,,-201.0,245.0,107.0,-563.0,367.0,249.0,-260.0,-235.0
-453.0,,-261.0,179.0,47.0,-636.0,345.0,-64.0,-391.0,-277.0
-459.0,,-287.0,106.0,10.0,-621.0,351.0,129.0,-503.0,-290.0
-441.0,,-335.0,98.0,-29.0,-509.0,332.0,-225.0,-590.0,-281.0
-409.0,,-388.0,101.0,-84.0,-488.0,327.0,-107.0,-641.0,-269.0
-415.0,,-426.0,52.0,-160.0,-494.0,335.0,-64.0,-673.0,-265.0
-406.0,,-477.0,29.0,-236.0,-560.0,310.0,-210.0,-669.0,-222.0
-404.0,,-511.0,30.0,-281.0,-581.0,305.0,155.0,-625.0,-224.0
-389.0,,-549.0,44.0,-271.0,-504.0,310.0,-107.0,-569.0,-299.0
-349.0,,-583.0,113.0,-215.0,-462.0,321.0,168.0,-485.0,-328.0
-302.0,,-614.0,134.0,-144.0,-563.0,309.0,-20.0,-397.0,-402.0
-277.0,,-632.0,80.0,-70.0,-566.0,313.0,-125.0,-309.0,-492.0
-246.0,,-652.0,48.0,-8.0,-341.0,313.0,44.0,-213.0,-512.0
-197.0,,-652.0,-38.0,32.0,-317.0,290.0,-242.0,-147.0,-555.0
-153.0,,-619.0,-167.0,59.0,-482.0,283.0,12.0,-109.0,-665.0
-90.0,,-582.0,-299.0,64.0,-446.0,249.0,-288.0,-90.0,-798.0
-87.0,,-528.0,-392.0,31.0,-277.0,230.0,-84.0,-100.0,-977.0
-61.0,,-483.0,-416.0,-32.0,-280.0,190.0,66.0,-148.0,-1146.0
-40.0,,-420.0,-457.0,-99.0,-420.0,140.0,-62.0,-218.0,-1298.0
-35.0,,-355.0,-491.0,-145.0,-407.0,133.0,169.0,-288.0,-1431.0
-26.0,,-293.0,-529.0,-154.0,-179.0,118.0,-201.0,-376.0,-1529.0
-34.0,,-232.0,-532.0,-119.0,-175.0,101.0,40.0,-462.0,-1608.0
-20.0,,-195.0,-525.0,-51.0,-340.0,66.0,-101.0,-529.0,-1619.0
-54.0,,-146.0,-568.0,28.0,-253.0,10.0,-157.0,-581.0,-1597.0
-66.0,,-113.0,-557.0,88.0,-92.0,-18.0,-42.0,-601.0,-1488.0
-115.0,,-85.0,-539.0,125.0,-80.0,-34.0,-299.0,-582.0,-1401.0
-150.0,,-25.0,-487.0,134.0,-197.0,-73.0,195.0,-526.0,-1305.0
-160.0,,2.0,-429.0,118.0,-187.0,-109.0,60.0,-443.0,-1210.0
-237.0,,43.0,-432.0,102.0,-67.0,-118.0,147.0,-360.0,-1100.0
-273.0,,68.0,-425.0,99.0,40.0,-137.0,97.0,-253.0,-892.0
-344.0,,73.0,-433.0,109.0,61.0,-161.0,-53.0,-130.0,-778.0
-401.0,,95.0,-429.0,110.0,-67.0,-165.0,136.0,-24.0,-642.0
-411.0,,66.0,-491.0,88.0,-5.0,-172.0,-312.0,84.0,-542.0
-452.0,,81.0,-619.0,39.0,146.0,-186.0,14.0,182.0,-508.0
-497.0,,50.0,-708.0,-22.0,99.0,-200.0,-24.0,272.0,-466.0
-520.0,,4.0,-819.0,-53.0,7.0,-232.0,0.0,364.0,-388.0
-533.0,,-2.0,-927.0,-42.0,73.0,-261.0,121.0,451.0,-333.0
-551.0,,-52.0,-930.0,7.0,194.0,-298.0,-164.0,525.0,-288.0
-557.0,,-64.0,-978.0,66.0,85.0,-322.0,210.0,557.0,-260.0
-591.0,,-77.0,-1069.0,116.0,-14.0,-304.0,-33.0,564.0,-313.0
-576.0,,-66.0,-1071.0,139.0,127.0,-300.0,147.0,530.0,-319.0
-561.0,,-70.0,-1149.0,116.0,208.0,-294.0,131.0,442.0,-402.0
-584.0,,-49.0,-1168.0,77.0,79.0,-264.0,-157.0,307.0,-449.0
-568.0,,-19.0,-1096.0,42.0,14.0,-256.0,38.0,150.0,-460.0
-567.0,,-24.0,-1037.0,20.0,180.0,-265.0,-103.0,-23.0,-485.0
-534.0,,-14.0,-916.0,17.0,248.0,-252.0,347.0,-204.0,-457.0
-516.0,,-40.0,-805.0,25.0,125.0,-226.0,192.0,-351.0,-422.0
-514.0,,-52.0,-679.0,25.0,121.0,-223.0,218.0,-482.0,-358.0
-487.0,,-98.0,-509.0,7.0,275.0,-221.0,426.0,-560.0,-242.0
-449.0,,-133.0,-301.0,-5.0,342.0,-204.0,151.0,-609.0,-116.0
-396.0,,-149.0,-138.0,0.0,187.0,-231.0,471.0,-658.0,-68.0
-383.0,,-208.0,-25.0,39.0,106.0,-259.0,321.0,-671.0,-3.0
-350.0,,-248.0,114.0,116.0,200.0,-257.0,497.0,-665.0,47.0
-348.0,,-284.0,185.0,193.0,251.0,-289.0,256.0,-637.0,46.0
-357.0,,-309.0,186.0,247.0,207.0,-342.0,-9.0,-584.0,16.0
-336.0,,-318.0,202.0,263.0,38.0,-356.0,358.0,-503.0,-51.0
-356.0,,-316.0,181.0,246.0,41.0,-352.0,112.0,-420.0,-132.0
-322.0,,-300.0,144.0,199.0,219.0,-359.0,354.0,-334.0,-163.0
-289.0,,-268.0,177.0,112.0,221.0,-353.0,127.0,-230.0,-195.0
-308.0,,-232.0,246.0,24.0,158.0,-327.0,110.0,-146.0,-237.0
-268.0,,-186.0,325.0,-32.0,194.0,-294.0,280.0,-81.0,-206.0
-217.0,,-156.0,363.0,-59.0,354.0,-283.0,105.0,-32.0,-168.0
-155.0,,-150.0,332.0,-63.0,313.0,-261.0,559.0,-7.0,-136.0
-91.0,,-130.0,262.0,-72.0,110.0,-235.0,303.0,-20.0,-81.0
-123.0,,-116.0,185.0,-91.0,111.0,-224.0,430.0,-62.0,-56.0
-94.0,,-111.0,110.0,-134.0,206.0,-213.0,436.0,-117.0,-38.0
-54.0,,-97.0,-3.0,-210.0,195.0,-218.0,269.0,-183.0,-18.0
-95.0,,-81.0,-96.0,-289.0,33.0,-227.0,469.0,-242.0,-58.0
-84.0,,-78.0,-148.0,-350.0,77.0,-244.0,147.0,-282.0,-71.0
-79.0,,-40.0,-194.0,-395.0,242.0,-239.0,537.0,-314.0,-147.0
-71.0,,-4.0,-228.0,-418.0,212.0,-219.0,363.0,-340.0,-254.0
-67.0,,45.0,-226.0,-428.0,149.0,-199.0,242.0,-353.0,-302.0
-97.0,,102.0,-181.0,-424.0,121.0,-157.0,371.0,-337.0,-362.0
-73.0,,131.0,-124.0,-408.0,202.0,-96.0,162.0,-303.0,-383.0
-63.0,,192.0,-46.0,-373.0,164.0,-60.0,528.0,-261.0,-364.0
-90.0,,208.0,38.0,-298.0,36.0,-37.0,271.0,-201.0,-319.0
-136.0,,232.0,130.0,-198.0,115.0,-1.0,491.0,-143.0,-255.0
-185.0,,260.0,203.0,-71.0,213.0,34.0,504.0,-66.0,-152.0
-190.0,,245.0,222.0,61.0,221.0,73.0,327.0,20.0,-108.0
-239.0,,245.0,305.0,155.0,133.0,62.0,587.0,96.0,-59.0
-278.0,,224.0,390.0,201.0,35.0,25.0,214.0,165.0,-1.0
-292.0,,212.0,394.0,219.0,129.0,9.0,439.0,218.0,18.0
-293.0,,198.0,455.0,239.0,231.0,9.0,251.0,259.0,74.0
-281.0,,144.0,449.0,236.0,129.0,1.0,221.0,271.0,92.0
-311.0,,101.0,394.0,222.0,61.0,1.0,291.0,274.0,29.0
-241.0,,85.0,347.0,217.0,193.0,7.0,-48.0,288.0,-81.0
-170.0,,30.0,229.0,187.0,290.0,6.0,378.0,289.0,-168.0
-153.0,,-15.0,214.0,138.0,154.0,22.0,243.0,267.0,-275.0
-111.0,,-15.0,221.0,84.0,64.0,-3.0,371.0,257.0,-334.0
-69.0,,-48.0,152.0,44.0,194.0,-18.0,273.0,253.0,-344.0
24.0,,-70.0,58.0,6.0,225.0,-12.0,42.0,208.0,-318.0
89.0,,-81.0,-18.0,-20.0,57.0,-25.0,199.0,156.0,-233.0
139.0,,-114.0,-76.0,-19.0,4.0,-21.0,-83.0,111.0,-157.0
214.0,,-131.0,-117.0,-20.0,177.0,-31.0,319.0,61.0,-69.0
310.0,,-141.0,-87.0,-15.0,287.0,-29.0,144.0,13.0,26.0
375.0,,-142.0,-132.0,9.0,231.0,-38.0,118.0,-32.0,157.0
403.0,,-157.0,-181.0,54.0,182.0,-34.0,317.0,-56.0,227.0
479.0,,-174.0,-207.0,111.0,290.0,-8.0,90.0,-59.0,271.0
527.0,,-165.0,-293.0,165.0,350.0,-7.0,280.0,-60.0,321.0
557.0,,-162.0,-318.0,208.0,279.0,26.0,-147.0,-67.0,300.0
623.0,,-154.0,-270.0,226.0,308.0,52.0,-29.0,-69.0,272.0
684.0,,-129.0,-260.0,223.0,354.0,42.0,-92.0,-60.0,196.0
711.0,,-110.0,-292.0,197.0,375.0,31.0,-266.0,-46.0,107.0
709.0,,-89.0,-229.0,150.0,302.0,50.0,35.0,-33.0,63.0
667.0,,-83.0,-152.0,102.0,183.0,89.0,-145.0,0.0,3.0
659.0,,-109.0,-133.0,61.0,265.0,96.0,177.0,54.0,-25.0
652.0,,-105.0,-98.0,47.0,410.0,95.0,-103.0,98.0,25.0
583.0,,-158.0,-54.0,66.0,351.0,127.0,-206.0,134.0,26.0
549.0,,-227.0,2.0,78.0,198.0,158.0,-190.0,144.0,22.0
558.0,,-263.0,29.0,55.0,242.0,140.0,-443.0,127.0,55.0
598.0,,-368.0,-3.0,-6.0,347.0,145.0,-27.0,104.0,62.0
613.0,,-414.0,-113.0,-85.0,300.0,191.0,-258.0,54.0,104.0
569.0,,-458.0,-262.0,-163.0,173.0,202.0,-112.0,-12.0,116.0
535.0,,-519.0,-382.0,-209.0,217.0,204.0,-214.0,-86.0,97.0
604.0,,-529.0,-498.0,-204.0,381.0,225.0,-284.0,-184.0,91.0
655.0,,-541.0,-580.0,-184.0,324.0,241.0,-25.0,-277.0,69.0
617.0,,-526.0,-694.0,-172.0,194.0,258.0,-434.0,-345.0,27.0
616.0,,-514.0,-860.0,-166.0,260.0,274.0,-166.0,-400.0,-16.0
626.0,,-500.0,-891.0,-168.0,342.0,252.0,-351.0,-442.0,-56.0
601.0,,-461.0,-811.0,-188.0,263.0,238.0,-293.0,-455.0,-93.0
578.0,,-398.0,-739.0,-227.0,158.0,264.0,-206.0,-436.0,-119.0
554.0,,-336.0,-636.0,-261.0,159.0,275.0,-436.0,-386.0,-135.0
495.0,,-258.0,-510.0,-276.0,208.0,274.0,-92.0,-306.0,-142.0
489.0,,-174.0,-426.0,-262.0,152.0,289.0,-371.0,-222.0,-135.0
445.0,,-104.0,-276.0,-221.0,125.0,325.0,-90.0,-142.0,-114.0
367.0,,-25.0,-176.0,-181.0,142.0,349.0,-49.0,-53.0,-85.0
364.0,,32.0,-231.0,-152.0,150.0,378.0,-64.0,40.0,-15.0
297.0,,79.0,-207.0,-139.0,214.0,406.0,94.0,121.0,10.0
208.0,,128.0,-209.0,-139.0,131.0,419.0,-254.0,189.0,61.0
89.0,,174.0,-244.0,-127.0,87.0,429.0,53.0,268.0,197.0
-38.0,,187.0,-237.0,-85.0,200.0,435.0,-188.0,316.0,287.0
-117.0,,191.0,-310.0,-10.0,235.0,441.0,-38.0,338.0,394.0
-204.0,,201.0,-334.0,73.0,156.0,439.0,101.0,379.0,500.0
-307.0,,188.0,-290.0,154.0,91.0,459.0,-84.0,399.0,559.0
-364.0,,169.0,-256.0,217.0,220.0,466.0,162.0,398.0,607.0
-392.0,,148.0,-155.0,258.0,258.0,440.0,-210.0,389.0,629.0
-454.0,,124.0,-46.0,293.0,57.0,432.0,-24.0,368.0,602.0
-469.0,,65.0,37.0,326.0,-4.0,427.0,-188.0,343.0,589.0
-482.0,,17.0,114.0,360.0,151.0,423.0,-212.0,316.0,557.0
-491.0,,-35.0,161.0,392.0,169.0,422.0,48.0,295.0,449.0
-490.0,,-100.0,249.0,410.0,12.0,442.0,-177.0,272.0,356.0
-481.0,,-143.0,353.0,409.0,47.0,455.0,173.0,256.0,224.0
-427.0,,-192.0,435.0,393.0,234.0,455.0,-68.0,238.0,73.0
-417.0,,-188.0,484.0,343.0,260.0,453.0,101.0,221.0,-93.0
-459.0,,-190.0,486.0,244.0,153.0,449.0,114.0,231.0,-289.0
-448.0,,-190.0,485.0,109.0,114.0,472.0,-160.0,269.0,-460.0
-367.0,,-149.0,375.0,-34.0,154.0,489.0,75.0,340.0,-619.0
-376.0,,-135.0,250.0,-145.0,140.0,512.0,-245.0,420.0,-746.0
-397.0,,-100.0,237.0,-200.0,102.0,522.0,12.0,519.0,-874.0
-356.0,,-63.0,131.0,-210.0,104.0,516.0,-134.0,636.0,-987.0
-347.0,,-36.0,-43.0,-187.0,115.0,548.0,-131.0,743.0,-1078.0
-364.0,,-22.0,-137.0,-141.0,190.0,565.0,55.0,825.0,-1141.0
-418.0,,-16.0,-187.0,-71.0,176.0,553.0,-221.0,860.0,-1181.0
-434.0,,-2.0,-255.0,14.0,17.0,564.0,144.0,866.0,-1189.0
-429.0,,-15.0,-246.0,92.0,49.0,590.0,-55.0,829.0,-1157.0
-454.0,,-25.0,-152.0,151.0,160.0,601.0,173.0,751.0,-1103.0
-464.0,,-24.0,-154.0,167.0,84.0,586.0,219.0,665.0,-1000.0
-469.0,,-10.0,-198.0,134.0,8.0,574.0,-5.0,571.0,-930.0
-477.0,,-26.0,-200.0,95.0,85.0,577.0,216.0,464.0,-844.0
-461.0,,-1.0,-179.0,59.0,163.0,544.0,-181.0,333.0,-724.0
-432.0,,38.0,-137.0,30.0,87.0,509.0,-42.0,202.0,-580.0
-429.0,,38.0,-103.0,26.0,28.0,469.0,-264.0,77.0,-437.0
-373.0,,93.0,-112.0,57.0,120.0,419.0,-336.0,-61.0,-350.0
-297.0,,132.0,-165.0,104.0,212.0,388.0,-221.0,-201.0,-284.0
-238.0,,181.0,-224.0,134.0,98.0,362.0,-485.0,-329.0,-269.0
-186.0,,247.0,-298.0,126.0,14.0,349.0,-160.0,-440.0,-254.0
-150.0,,281.0,-402.0,79.0,128.0,326.0,-400.0,-540.0,-235.0
-97.0,,342.0,-456.0,26.0,139.0,341.0,-116.0,-618.0,-195.0
-56.0,,400.0,-481.0,-23.0,76.0,386.0,35.0,-656.0,-138.0
-23.0,,449.0,-595.0,-83.0,39.0,401.0,-131.0,-656.0,-2.0
2.0,,503.0,-644.0,-143.0,186.0,394.0,38.0,-620.0,256.0
46.0,,527.0,-625.0,-192.0,288.0,383.0,-360.0,-575.0,568.0
118.0,,576.0,-601.0,-207.0,165.0,378.0,-103.0,-502.0,948.0
206.0,,614.0,-508.0,-176.0,192.0,332.0,-142.0,-407.0,1306.0
322.0,,629.0,-406.0,-146.0,252.0,294.0,-42.0,-328.0,1666.0
408.0,,678.0,-200.0,-144.0,284.0,282.0,118.0,-254.0,2004.0
473.0,,687.0,-46.0,-148.0,223.0,261.0,-134.0,-196.0,2269.0
581.0,,702.0,-30.0,-151.0,57.0,250.0,195.0,-158.0,2518.0
647.0,,737.0,72.0,-152.0,79.0,241.0,-84.0,-142.0,2701.0
689.0,,727.0,129.0,-140.0,195.0,268.0,-9.0,-151.0,2821.0
724.0,,740.0,144.0,-92.0,248.0,299.0,-88.0,-167.0,2870.0
747.0,,738.0,276.0,-15.0,235.0,319.0,-223.0,-188.0,2807.0
825.0,,723.0,379.0,73.0,263.0,356.0,120.0,-214.0,2680.0
864.0,,700.0,363.0,149.0,388.0,366.0,-121.0,-242.0,2503.0
897.0,,647.0,327.0,218.0,361.0,385.0,153.0,-245.0,2284.0
933.0,,590.0,304.0,283.0,196.0,391.0,-29.0,-224.0,2066.0
964.0,,520.0,273.0,330.0,192.0,386.0,-66.0,-181.0,1811.0
999.0,,439.0,180.0,361.0,316.0,383.0,33.0,-123.0,1560.0
960.0,,353.0,52.0,381.0,283.0,335.0,-225.0,-74.0,1335.0
945.0,,279.0,-31.0,387.0,78.0,322.0,121.0,-20.0,1122.0
932.0,,179.0,-96.0,372.0,75.0,301.0,-90.0,26.0,966.0
902.0,,87.0,-148.0,345.0,171.0,253.0,177.0,32.0,835.0
837.0,,-17.0,-164.0,309.0,108.0,218.0,140.0,22.0,713.0
771.0,,-127.0,-139.0,249.0,3.0,186.0,-133.0,-2.0,608.0
759.0,,-188.0,-41.0,151.0,40.0,164.0,136.0,-40.0,498.0
700.0,,-282.0,118.0,30.0,173.0,140.0,-121.0,-53.0,378.0
670.0,,-360.0,285.0,-83.0,108.0,140.0,145.0,-74.0,230.0
651.0,,-422.0,429.0,-188.0,39.0,134.0,-72.0,-84.0,76.0
630.0,,-510.0,456.0,-259.0,36.0,109.0,-147.0,-63.0,-35.0
650.0,,-598.0,422.0,-282.0,70.0,97.0,-94.0,-34.0,-94.0
661.0,,-664.0,398.0,-263.0,128.0,88.0,-386.0,20.0,-143.0
668.0,,-712.0,298.0,-215.0,19.0,97.0,-70.0,96.0,-216.0
675.0,,-760.0,186.0,-169.0,-78.0,117.0,-400.0,169.0,-281.0
699.0,,-779.0,162.0,-158.0,-66.0,105.0,-254.0,251.0,-364.0
699.0,,-801.0,128.0,-189.0,-45.0,107.0,-190.0,333.0,-450.0
688.0,,-787.0,-10.0,-231.0,-114.0,126.0,-288.0,383.0,-539.0
667.0,,-798.0,-108.0,-263.0,-157.0,111.0,-25.0,427.0,-625.0
649.0,,-818.0,-137.0,-267.0,-37.0,93.0,-332.0,464.0,-663.0
637.0,,-808.0,-195.0,-228.0,46.0,91.0,11.0,470.0,-625.0
591.0,,-823.0,-311.0,-158.0,-96.0,107.0,-90.0,452.0,-538.0
597.0,,-812.0,-377.0,-67.0,-191.0,85.0,-160.0,420.0,-508.0
574.0,,-827.0,-409.0,19.0,-66.0,59.0,-121.0,381.0,-520.0
532.0,,-820.0,-519.0,82.0,-89.0,56.0,-412.0,326.0,-544.0
520.0,,-801.0,-595.0,109.0,-367.0,42.0,-68.0,274.0,-643.0
502.0,,-832.0,-674.0,110.0,-493.0,9.0,-306.0,237.0,-813.0
513.0,,-824.0,-716.0,113.0,-329.0,-31.0,-190.0,218.0,-972.0
500.0,,-806.0,-692.0,98.0,-245.0,-20.0,-277.0,201.0,-1101.0
475.0,,-759.0,-630.0,56.0,-327.0,-24.0,-419.0,201.0,-1171.0
445.0,,-692.0,-556.0,19.0,-369.0,-54.0,-101.0,210.0,-1218.0
443.0,,-604.0,-590.0,0.0,-221.0,-48.0,-406.0,208.0,-1190.0
439.0,,-486.0,-625.0,-4.0,-204.0,-43.0,-190.0,224.0,-1089.0
386.0,,-355.0,-626.0,-8.0,-344.0,-63.0,-343.0,238.0,-1001.0
357.0,,-213.0,-588.0,-37.0,-333.0,-87.0,-295.0,240.0,-836.0
324.0,,-72.0,-567.0,-73.0,-316.0,-98.0,-133.0,241.0,-664.0
293.0,,74.0,-602.0,-87.0,-303.0,-103.0,-347.0,239.0,-471.0
215.0,,188.0,-648.0,-92.0,-381.0,-129.0,-7.0,243.0,-281.0
108.0,,314.0,-729.0,-103.0,-450.0,-172.0,-242.0,229.0,-116.0
57.0,,398.0,-748.0,-105.0,-386.0,-197.0,-109.0,201.0,95.0
-22.0,,436.0,-719.0,-72.0,-350.0,-216.0,-225.0,164.0,262.0
-102.0,,491.0,-795.0,-38.0,-408.0,-263.0,-402.0,136.0,413.0
-189.0,,497.0,-840.0,-30.0,-509.0,-278.0,-109.0,110.0,513.0
-265.0,,503.0,-811.0,-24.0,-459.0,-282.0,-437.0,80.0,604.0
-278.0,,503.0,-865.0,-11.0,-340.0,-290.0,-101.0,60.0,707.0
-307.0,,483.0,-865.0,-5.0,-373.0,-278.0,-166.0,34.0,749.0
-321.0,,465.0,-841.0,0.0,-478.0,-291.0,-212.0,20.0,819.0
-356.0,,439.0,-788.0,18.0,-386.0,-283.0,-79.0,2.0,815.0
-390.0,,396.0,-661.0,52.0,-254.0,-274.0,-354.0,-24.0,807.0
-369.0,,369.0,-543.0,91.0,-342.0,-272.0,-42.0,-61.0,836.0
-372.0,,346.0,-358.0,108.0,-436.0,-292.0,-279.0,-115.0,864.0
-390.0,,294.0,-190.0,99.0,-302.0,-366.0,-123.0,-162.0,990.0
-398.0,,277.0,-39.0,67.0,-158.0,-414.0,-182.0,-205.0,1074.0
-392.0,,233.0,75.0,11.0,-249.0,-455.0,-389.0,-242.0,1140.0
-386.0,,198.0,100.0,-46.0,-329.0,-500.0,-3.0,-292.0,1231.0
-377.0,,178.0,119.0,-87.0,-232.0,-528.0,-260.0,-347.0,1311.0
-340.0,,128.0,121.0,-97.0,-148.0,-543.0,-48.0,-392.0,1382.0
-250.0,,111.0,88.0,-91.0,-198.0,-552.0,-219.0,-447.0,1450.0
-169.0,,80.0,52.0,-73.0,-154.0,-567.0,-157.0,-501.0,1504.0
-73.0,,52.0,-43.0,-50.0,-64.0,-593.0,86.0,-539.0,1529.0
51.0,,28.0,-228.0,-32.0,-6.0,-626.0,-242.0,-576.0,1576.0
125.0,,0.0,-306.0,-31.0,81.0,-626.0,96.0,-599.0,1511.0
255.0,,-21.0,-384.0,-35.0,2.0,-641.0,-36.0,-604.0,1408.0
401.0,,-54.0,-550.0,-27.0,-44.0,-672.0,138.0,-594.0,1269.0
501.0,,-45.0,-649.0,8.0,34.0,-696.0,-20.0,-568.0,1057.0
569.0,,-42.0,-806.0,76.0,67.0,-730.0,-275.0,-528.0,894.0
641.0,,-37.0,-912.0,151.0,8.0,-744.0,155.0,-474.0,733.0
717.0,,7.0,-891.0,212.0,-6.0,-756.0,-66.0,-421.0,592.0
742.0,,19.0,-837.0,244.0,201.0,-766.0,168.0,-374.0,469.0
753.0,,27.0,-756.0,247.0,256.0,-796.0,-55.0,-340.0,439.0
727.0,,20.0,-751.0,215.0,52.0,-836.0,-131.0,-322.0,426.0
719.0,,-1.0,-719.0,162.0,74.0,-870.0,66.0,-313.0,437.0
728.0,,-30.0,-615.0,97.0,302.0,-888.0,-110.0,-300.0,481.0
706.0,,-82.0,-518.0,29.0,255.0,-919.0,236.0,-288.0,476.0
710.0,,-113.0,-532.0,-24.0,41.0,-967.0,-59.0,-266.0,563.0
716.0,,-155.0,-617.0,-60.0,93.0,-948.0,64.0,-232.0,622.0
743.0,,-198.0,-598.0,-83.0,308.0,-930.0,-35.0,-189.0,619.0
778.0,,-243.0,-533.0,-101.0,293.0,-947.0,-319.0,-121.0,642.0
759.0,,-293.0,-473.0,-111.0,127.0,-971.0,-25.0,-37.0,639.0
770.0,,-320.0,-491.0,-113.0,194.0,-969.0,-184.0,51.0,621.0
796.0,,-354.0,-570.0,-118.0,348.0,-953.0,188.0,151.0,650.0
767.0,,-376.0,-564.0,-118.0,267.0,-1008.0,-68.0,263.0,672.0
758.0,,-386.0,-529.0,-86.0,130.0,-1037.0,-160.0,360.0,651.0
771.0,,-374.0,-551.0,-22.0,152.0,-1034.0,114.0,469.0,565.0
774.0,,-365.0,-585.0,49.0,260.0,-1081.0,-57.0,582.0,353.0
777.0,,-349.0,-617.0,117.0,352.0,-1103.0,293.0,688.0,141.0
769.0,,-303.0,-596.0,164.0,242.0,-1104.0,12.0,786.0,-87.0
750.0,,-284.0,-592.0,179.0,152.0,-1117.0,90.0,849.0,-383.0
749.0,,-238.0,-640.0,155.0,366.0,-1104.0,92.0,904.0,-618.0
760.0,,-188.0,-607.0,113.0,519.0,-1109.0,-99.0,911.0,-816.0
731.0,,-152.0,-551.0,72.0,413.0,-1125.0,110.0,879.0,-1016.0
662.0,,-95.0,-520.0,29.0,271.0,-1103.0,-288.0,819.0,-1105.0
603.0,,-57.0,-514.0,-13.0,398.0,-1065.0,-125.0,718.0,-1153.0
556.0,,-20.0,-518.0,-42.0,522.0,-1023.0,-288.0,601.0,-1171.0
505.0,,43.0,-467.0,-48.0,269.0,-989.0,-238.0,468.0,-1163.0
435.0,,79.0,-356.0,-55.0,135.0,-966.0,114.0,332.0,-1184.0
389.0,,109.0,-309.0,-78.0,382.0,-934.0,-51.0,210.0,-1170.0
383.0,,159.0,-296.0,-117.0,516.0,-913.0,199.0,101.0,-1152.0
371.0,,141.0,-211.0,-158.0,311.0,-917.0,-190.0,16.0,-1192.0
368.0,,127.0,-51.0,-187.0,221.0,-933.0,-171.0,-54.0,-1262.0
333.0,,129.0,148.0,-203.0,463.0,-925.0,-225.0,-114.0,-1272.0
322.0,,91.0,265.0,-215.0,551.0,-934.0,-410.0,-132.0,-1303.0
341.0,,106.0,347.0,-237.0,303.0,-941.0,-20.0,-137.0,-1328.0
312.0,,84.0,435.0,-267.0,192.0,-897.0,-179.0,-130.0,-1339.0
299.0,,41.0,529.0,-292.0,393.0,-905.0,144.0,-111.0,-1319.0
292.0,,43.0,567.0,-277.0,461.0,-903.0,-94.0,-99.0,-1207.0
281.0,,10.0,553.0,-223.0,358.0,-864.0,-177.0,-79.0,-1075.0
269.0,,-5.0,560.0,-147.0,319.0,-826.0,120.0,-72.0,-916.0
286.0,,1.0,481.0,-54.0,335.0,-777.0,-12.0,-63.0,-787.0
296.0,,-5.0,370.0,36.0,446.0,-747.0,312.0,-42.0,-626.0
251.0,,-31.0,310.0,101.0,435.0,-687.0,-9.0,-24.0,-463.0
194.0,,-36.0,221.0,134.0,321.0,-659.0,140.0,-8.0,-261.0
160.0,,-37.0,93.0,145.0,367.0,-646.0,129.0,10.0,-107.0
122.0,,-60.0,-23.0,123.0,478.0,-587.0,-133.0,51.0,-44.0
20.0,,-54.0,-192.0,77.0,473.0,-527.0,35.0,102.0,18.0
-62.0,,-49.0,-386.0,33.0,294.0,-477.0,-375.0,134.0,6.0
-118.0,,-40.0,-456.0,-4.0,290.0,-438.0,-125.0,161.0,37.0
-160.0,,-50.0,-494.0,-22.0,525.0,-388.0,-245.0,200.0,-45.0
-224.0,,-53.0,-555.0,-18.0,481.0,-338.0,-225.0,236.0,-220.0
-313.0,,-29.0,-548.0,-22.0,256.0,-314.0,-84.0,278.0,-385.0
-364.0,,-62.0,-524.0,-47.0,261.0,-285.0,-389.0,322.0,-550.0
-411.0,,-71.0,-469.0,-72.0,459.0,-221.0,0.0,365.0,-664.0
-454.0,,-67.0,-400.0,-84.0,481.0,-194.0,-120.0,394.0,-774.0
-531.0,,-71.0,-391.0,-97.0,248.0,-186.0,232.0,401.0,-769.0
-586.0,,-32.0,-423.0,-114.0,325.0,-160.0,349.0,392.0,-677.0
-565.0,,-1.0,-431.0,-119.0,597.0,-155.0,86.0,368.0,-516.0
-554.0,,20.0,-390.0,-105.0,567.0,-184.0,160.0,356.0,-349.0
-584.0,,49.0,-388.0,-63.0,415.0,-208.0,-269.0,351.0,-226.0
-587.0,,89.0,-440.0,-3.0,435.0,-223.0,-24.0,335.0,-123.0
-523.0,,103.0,-494.0,47.0,568.0,-264.0,-218.0,322.0,-42.0
-447.0,,109.0,-417.0,86.0,456.0,-288.0,-240.0,314.0,-21.0
-437.0,,127.0,-344.0,110.0,285.0,-282.0,-99.0,304.0,-93.0
-447.0,,105.0,-367.0,121.0,258.0,-261.0,-436.0,269.0,-164.0
-400.0,,94.0,-338.0,114.0,336.0,-243.0,-247.0,223.0,-256.0
-339.0,,69.0,-337.0,96.0,452.0,-218.0,-576.0,173.0,-333.0
-347.0,,16.0,-391.0,85.0,290.0,-180.0,-373.0,110.0,-393.0
-374.0,,-16.0,-440.0,66.0,204.0,-146.0,-352.0,51.0,-497.0
-332.0,,-55.0,-422.0,32.0,425.0,-113.0,-432.0,0.0,-621.0
-276.0,,-107.0,-423.0,-12.0,565.0,-76.0,-158.0,-29.0,-764.0
-253.0,,-147.0,-353.0,-58.0,456.0,-70.0,-508.0,-43.0,-880.0
-252.0,,-165.0,-311.0,-105.0,331.0,-95.0,-181.0,-46.0,-927.0
-223.0,,-180.0,-385.0,-157.0,493.0,-71.0,-352.0,-23.0,-938.0
-194.0,,-157.0,-338.0,-184.0,615.0,-65.0,-356.0,5.0,-917.0
-144.0,,-132.0,-336.0,-179.0,412.0,-80.0,-216.0,48.0,-854.0
-84.0,,-99.0,-387.0,-163.0,285.0,-69.0,-485.0,103.0,-773.0
-54.0,,-46.0,-453.0,-139.0,502.0,-70.0,-157.0,166.0,-729.0
-5.0,,-1.0,-518.0,-109.0,627.0,-98.0,-463.0,222.0,-660.0
33.0,,54.0,-551.0,-71.0,401.0,-129.0,-352.0,264.0,-569.0
92.0,,77.0,-624.0,-26.0,342.0,-117.0,-430.0,299.0,-573.0
124.0,,116.0,-651.0,11.0,588.0,-113.0,-556.0,343.0,-556.0
172.0,,123.0,-672.0,37.0,663.0,-93.0,-271.0,406.0,-569.0
210.0,,118.0,-675.0,63.0,490.0,-52.0,-558.0,461.0,-575.0
207.0,,149.0,-633.0,89.0,398.0,-7.0,-236.0,502.0,-575.0
246.0,,150.0,-595.0,119.0,606.0,62.0,-391.0,524.0,-632.0
274.0,,164.0,-532.0,157.0,711.0,100.0,-330.0,524.0,-635.0
296.0,,164.0,-461.0,186.0,558.0,125.0,-254.0,505.0,-650.0
272.0,,168.0,-406.0,184.0,521.0,129.0,-628.0,445.0,-640.0
259.0,,164.0,-415.0,138.0,571.0,123.0,-332.0,358.0,-639.0
246.0,,137.0,-399.0,76.0,667.0,143.0,-563.0,262.0,-596.0
189.0,,146.0,-249.0,25.0,601.0,135.0,-378.0,161.0,-537.0
128.0,,116.0,-217.0,-28.0,447.0,114.0,-454.0,57.0,-506.0
64.0,,103.0,-294.0,-74.0,538.0,106.0,-604.0,-40.0,-396.0
40.0,,103.0,-348.0,-108.0,646.0,79.0,-399.0,-130.0,-310.0
-6.0,,92.0,-411.0,-118.0,553.0,37.0,-787.0,-208.0,-184.0
-80.0,,101.0,-473.0,-95.0,412.0,7.0,-552.0,-270.0,-53.0
-149.0,,79.0,-572.0,-53.0,568.0,12.0,-774.0,-314.0,13.0
-180.0,,54.0,-642.0,-11.0,758.0,31.0,-667.0,-341.0,119.0
-183.0,,39.0,-653.0,3.0,614.0,37.0,-412.0,-347.0,179.0
-211.0,,30.0,-532.0,-6.0,477.0,50.0,-576.0,-358.0,169.0
-226.0,,9.0,-342.0,-31.0,653.0,67.0,-242.0,-372.0,150.0
-268.0,,8.0,-219.0,-55.0,826.0,101.0,-578.0,-379.0,131.0
-317.0,,7.0,-109.0,-51.0,654.0,140.0,-402.0,-403.0,108.0
-320.0,,12.0,42.0,-18.0,461.0,180.0,-500.0,-413.0,44.0
-374.0,,36.0,209.0,25.0,596.0,215.0,-685.0,-410.0,-71.0
-442.0,,55.0,370.0,55.0,770.0,213.0,-430.0,-405.0,-196.0
-461.0,,91.0,492.0,60.0,615.0,220.0,-729.0,-382.0,-339.0
-495.0,,97.0,420.0,33.0,447.0,219.0,-358.0,-355.0,-533.0
-538.0,,113.0,307.0,-10.0,563.0,207.0,-521.0,-296.0,-694.0
-583.0,,111.0,207.0,-33.0,699.0,226.0,-511.0,-217.0,-839.0
-607.0,,91.0,41.0,-44.0,593.0,219.0,-395.0,-121.0,-979.0
-635.0,,84.0,-41.0,-42.0,454.0,205.0,-650.0,-8.0,-987.0
-664.0,,44.0,-230.0,-6.0,521.0,239.0,-395.0,86.0,-992.0
-666.0,,7.0,-453.0,35.0,665.0,266.0,-696.0,172.0,-994.0
-653.0,,-25.0,-475.0,89.0,704.0,274.0,-404.0,252.0,-964.0
-630.0,,-53.0,-493.0,163.0,506.0,277.0,-349.0,303.0,-966.0
-622.0,,-63.0,-516.0,217.0,465.0,262.0,-404.0,318.0,-929.0
-577.0,,-62.0,-457.0,229.0,657.0,238.0,-206.0,311.0,-951.0
-522.0,,-54.0,-382.0,211.0,631.0,216.0,-606.0,289.0,-1003.0
-484.0,,-23.0,-271.0,180.0,417.0,207.0,-338.0,268.0,-1024.0
-484.0,,1.0,-179.0,127.0,335.0,196.0,-522.0,253.0,-1046.0
-491.0,,23.0,-77.0,62.0,516.0,184.0,-493.0,240.0,-1088.0
-446.0,,62.0,51.0,0.0,472.0,191.0,-480.0,251.0,-1112.0
-438.0,,81.0,124.0,-60.0,198.0,209.0,-794.0,259.0,-1111.0
-493.0,,115.0,259.0,-98.0,198.0,239.0,-467.0,263.0,-1066.0
-540.0,,138.0,407.0,-120.0,409.0,262.0,-654.0,265.0,-936.0
-513.0,,141.0,433.0,-136.0,383.0,288.0,-386.0,240.0,-820.0
-505.0,,139.0,366.0,-154.0,136.0,316.0,-502.0,201.0,-636.0
-553.0,,129.0,354.0,-167.0,141.0,304.0,-626.0,133.0,-467.0
-582.0,,110.0,362.0,-155.0,292.0,302.0,-467.0,46.0,-357.0
-558.0,,85.0,280.0,-111.0,277.0,331.0,-840.0,-20.0,-218.0
-507.0,,69.0,190.0,-54.0,72.0,332.0,-474.0,-86.0,-127.0
-517.0,,54.0,90.0,-4.0,14.0,322.0,-735.0,-137.0,-57.0
-521.0,,52.0,-62.0,26.0,163.0,328.0,-702.0,-169.0,-27.0
-441.0,,63.0,-252.0,20.0,94.0,313.0,-480.0,-186.0,-59.0
-325.0,,85.0,-367.0,-16.0,-81.0,288.0,-737.0,-183.0,-86.0
-241.0,,94.0,-394.0,-63.0,-93.0,267.0,-580.0,-169.0,-97.0
-187.0,,131.0,-376.0,-108.0,26.0,262.0,-923.0,-155.0,-174.0
-127.0,,174.0,-349.0,-135.0,107.0,274.0,-661.0,-159.0,-209.0
3.0,,217.0,-349.0,-140.0,-73.0,269.0,-687.0,-153.0,-150.0
107.0,,291.0,-309.0,-123.0,-277.0,265.0,-787.0,-148.0,-48.0
129.0,,341.0,-278.0,-101.0,-150.0,260.0,-559.0,-149.0,139.0
159.0,,404.0,-193.0,-85.0,-67.0,286.0,-820.0,-146.0,335.0
201.0,,464.0,-59.0,-52.0,-304.0,310.0,-485.0,-139.0,510.0
273.0,,493.0,-1.0,-2.0,-492.0,296.0,-763.0,-120.0,695.0
253.0,,553.0,-12.0,40.0,-388.0,324.0,-818.0,-120.0,787.0
223.0,,611.0,-63.0,74.0,-265.0,359.0,-825.0,-109.0,808.0
260.0,,633.0,-120.0,98.0,-450.0,398.0,-1066.0,-98.0,844.0
271.0,,685.0,-217.0,106.0,-603.0,436.0,-696.0,-94.0,824.0
264.0,,728.0,-288.0,115.0,-416.0,441.0,-997.0,-70.0,783.0
223.0,,743.0,-336.0,120.0,-284.0,459.0,-861.0,-40.0,722.0
262.0,,754.0,-382.0,114.0,-477.0,470.0,-957.0,4.0,664.0
286.0,,734.0,-330.0,109.0,-593.0,462.0,-1058.0,62.0,662.0
236.0,,707.0,-322.0,96.0,-417.0,457.0,-897.0,127.0,665.0
262.0,,660.0,-394.0,61.0,-342.0,470.0,-1141.0,167.0,695.0
287.0,,594.0,-340.0,11.0,-507.0,475.0,-713.0,190.0,722.0
284.0,,515.0,-230.0,-51.0,-626.0,444.0,-903.0,214.0,774.0
259.0,,446.0,-200.0,-114.0,-446.0,433.0,-811.0,225.0,781.0
241.0,,379.0,-172.0,-164.0,-371.0,427.0,-748.0,235.0,733.0
289.0,,299.0,-159.0,-199.0,-607.0,402.0,-957.0,236.0,659.0
296.0,,209.0,-195.0,-209.0,-698.0,404.0,-589.0,235.0,526.0
272.0,,122.0,-234.0,-192.0,-598.0,416.0,-872.0,221.0,392.0
268.0,,47.0,-197.0,-154.0,-485.0,424.0,-661.0,173.0,241.0
307.0,,-28.0,-112.0,-99.0,-563.0,423.0,-792.0,106.0,127.0
316.0,,-75.0,-30.0,-34.0,-790.0,428.0,-925.0,30.0,-3.0
225.0,,-141.0,53.0,34.0,-779.0,442.0,-766.0,-62.0,-68.0
173.0,,-163.0,112.0,89.0,-586.0,426.0,-1099.0,-171.0,-114.0
182.0,,-182.0,190.0,124.0,-662.0,452.0,-798.0,-287.0,-216.0
168.0,,-219.0,83.0,154.0,-892.0,487.0,-1034.0,-408.0,-218.0
78.0,,-225.0,6.0,187.0,-852.0,476.0,-936.0,-508.0,-202.0
0.0,,-277.0,165.0,205.0,-648.0,490.0,-798.0,-587.0,-142.0
20.0,,-304.0,259.0,207.0,-709.0,500.0,-1010.0,-657.0,-64.0
17.0,,-347.0,349.0,212.0,-1028.0,491.0,-737.0,-694.0,12.0
-45.0,,-399.0,265.0,202.0,-962.0,475.0,-942.0,-704.0,73.0
-84.0,,-431.0,97.0,157.0,-681.0,458.0,-609.0,-701.0,71.0
-73.0,,-482.0,-6.0,99.0,-792.0,447.0,-626.0,-673.0,56.0
-48.0,,-539.0,-154.0,29.0,-1032.0,426.0,-641.0,-618.0,-8.0
-75.0,,-582.0,-164.0,-48.0,-893.0,400.0,-463.0,-533.0,-79.0
-134.0,,-596.0,-274.0,-80.0,-627.0,382.0,-901.0,-418.0,-170.0
-121.0,,-621.0,-387.0,-51.0,-744.0,372.0,-624.0,-277.0,-292.0
-88.0,,-593.0,-387.0,28.0,-945.0,370.0,-785.0,-131.0,-376.0
-125.0,,-546.0,-408.0,135.0,-893.0,358.0,-665.0,21.0,-446.0
-162.0,,-487.0,-422.0,232.0,-712.0,344.0,-596.0,173.0,-498.0
-160.0,,-408.0,-458.0,283.0,-814.0,350.0,-885.0,304.0,-520.0
-159.0,,-330.0,-276.0,277.0,-1028.0,356.0,-646.0,402.0,-529.0
-174.0,,-222.0,-104.0,234.0,-967.0,372.0,-992.0,462.0,-497.0
-218.0,,-129.0,-101.0,172.0,-874.0,378.0,-718.0,498.0,-437.0
-234.0,,-32.0,-130.0,116.0,-830.0,373.0,-698.0,500.0,-389.0
-237.0,,70.0,-158.0,74.0,-938.0,356.0,-774.0,478.0,-294.0
-269.0,,157.0,-146.0,49.0,-963.0,327.0,-692.0,445.0,-202.0
-275.0,,249.0,-139.0,31.0,-761.0,327.0,-1066.0,408.0,-157.0
-289.0,,314.0,-78.0,17.0,-701.0,294.0,-683.0,363.0,-93.0
-282.0,,374.0,-70.0,14.0,-874.0,253.0,-770.0,302.0,-63.0
-283.0,,409.0,-35.0,30.0,-932.0,216.0,-448.0,254.0,-29.0
-289.0,,426.0,-10.0,70.0,-682.0,176.0,-325.0,208.0,20.0
-266.0,,464.0,-97.0,108.0,-619.0,187.0,-790.0,166.0,39.0
-259.0,,470.0,-116.0,127.0,-859.0,170.0,-583.0,141.0,63.0
-253.0,,475.0,-95.0,112.0,-957.0,127.0,-761.0,135.0,88.0
-257.0,,478.0,-72.0,62.0,-722.0,123.0,-434.0,117.0,113.0
-209.0,,472.0,-49.0,4.0,-609.0,131.0,-482.0,83.0,162.0
-164.0,,439.0,-65.0,-36.0,-919.0,102.0,-517.0,58.0,231.0
-175.0,,412.0,-104.0,-57.0,-1006.0,55.0,-206.0,13.0,318.0
-147.0,,390.0,-93.0,-60.0,-717.0,44.0,-482.0,-33.0,402.0
-79.0,,332.0,17.0,-35.0,-612.0,40.0,-177.0,-79.0,484.0
-44.0,,305.0,114.0,12.0,-815.0,26.0,-275.0,-141.0,546.0
-67.0,,261.0,204.0,76.0,-897.0,22.0,-120.0,-204.0,553.0
-98.0,,238.0,401.0,143.0,-611.0,26.0,-194.0,-279.0,543.0
-124.0,,222.0,466.0,204.0,-492.0,3.0,-604.0,-377.0,485.0
-113.0,,194.0,396.0,226.0,-713.0,-30.0,-336.0,-469.0,415.0
-137.0,,198.0,384.0,212.0,-777.0,-6.0,-661.0,-545.0,329.0
-229.0,,185.0,388.0,200.0,-700.0,22.0,-432.0,-622.0,231.0
-260.0,,197.0,421.0,180.0,-630.0,9.0,-304.0,-675.0,160.0
-242.0,,213.0,473.0,138.0,-688.0,1.0,-242.0,-714.0,67.0
-252.0,,205.0,471.0,94.0,-828.0,8.0,-120.0,-754.0,5.0
-296.0,,226.0,397.0,53.0,-712.0,27.0,-297.0,-774.0,-7.0
-306.0,,234.0,383.0,3.0,-569.0,35.0,199.0,-786.0,29.0
-280.0,,228.0,418.0,-39.0,-659.0,49.0,-25.0,-790.0,108.0
-296.0,,226.0,439.0,-75.0,-785.0,63.0,192.0,-767.0,208.0
-323.0,,208.0,413.0,-105.0,-692.0,43.0,373.0,-736.0,262.0
-315.0,,212.0,359.0,-123.0,-587.0,49.0,142.0,-689.0,295.0
-258.0,,188.0,341.0,-144.0,-761.0,56.0,308.0,-628.0,303.0
-212.0,,172.0,221.0,-160.0,-936.0,22.0,-109.0,-568.0,252.0
-192.0,,153.0,48.0,-194.0,-842.0,1.0,83.0,-484.0,205.0
-137.0,,114.0,-90.0,-251.0,-649.0,3.0,-81.0,-404.0,129.0
-60.0,,96.0,-134.0,-305.0,-778.0,-10.0,-123.0,-333.0,53.0
-7.0,,40.0,-111.0,-344.0,-922.0,-32.0,53.0,-249.0,9.0
11.0,,-3.0,-215.0,-346.0,-714.0,-57.0,-254.0,-168.0,11.0
53.0,,-54.0,-369.0,-324.0,-622.0,-105.0,31.0,-68.0,27.0
124.0,,-94.0,-422.0,-259.0,-792.0,-156.0,-109.0,19.0,71.0
170.0,,-128.0,-346.0,-152.0,-920.0,-165.0,236.0,89.0,198.0
204.0,,-163.0,-238.0,-47.0,-809.0,-166.0,371.0,154.0,349.0
242.0,,-179.0,-107.0,53.0,-713.0,-207.0,229.0,202.0,502.0
290.0,,-225.0,-41.0,149.0,-908.0,-221.0,526.0,224.0,657.0
363.0,,-240.0,-126.0,226.0,-1035.0,-186.0,166.0,234.0,786.0
406.0,,-280.0,-178.0,254.0,-919.0,-154.0,386.0,259.0,884.0
403.0,,-319.0,-206.0,226.0,-805.0,-157.0,273.0,274.0,957.0
420.0,,-313.0,-252.0,145.0,-844.0,-145.0,181.0,288.0,1017.0
458.0,,-348.0,-273.0,25.0,-989.0,-118.0,271.0,300.0,1064.0
477.0,,-363.0,-344.0,-88.0,-949.0,-126.0,46.0,300.0,1110.0
493.0,,-372.0,-487.0,-169.0,-759.0,-122.0,400.0,289.0,1171.0
507.0,,-380.0,-533.0,-210.0,-763.0,-118.0,97.0,277.0,1198.0
505.0,,-372.0,-488.0,-223.0,-968.0,-114.0,315.0,257.0,1251.0
498.0,,-375.0,-516.0,-202.0,-952.0,-115.0,487.0,202.0,1354.0
463.0,,-357.0,-466.0,-151.0,-654.0,-128.0,356.0,152.0,1433.0
448.0,,-351.0,-325.0,-87.0,-633.0,-94.0,635.0,101.0,1475.0
458.0,,-331.0,-279.0,-28.0,-874.0,-63.0,271.0,46.0,1480.0
450.0,,-312.0,-217.0,21.0,-876.0,-52.0,554.0,3.0,1482.0
434.0,,-284.0,-136.0,57.0,-643.0,-35.0,552.0,-42.0,1455.0
429.0,,-254.0,-106.0,69.0,-661.0,-24.0,639.0,-100.0,1398.0
454.0,,-230.0,-13.0,73.0,-933.0,1.0,777.0,-150.0,1301.0
455.0,,-180.0,55.0,65.0,-916.0,18.0,413.0,-195.0,1203.0
410.0,,-150.0,163.0,33.0,-657.0,32.0,705.0,-240.0,1131.0
343.0,,-95.0,252.0,-19.0,-642.0,21.0,380.0,-263.0,1049.0
304.0,,-43.0,211.0,-72.0,-815.0,0.0,537.0,-297.0,958.0
289.0,,3.0,246.0,-103.0,-736.0,26.0,548.0,-334.0,860.0
198.0,,67.0,298.0,-108.0,-485.0,25.0,360.0,-355.0,769.0
87.0,,110.0,341.0,-88.0,-452.0,33.0,766.0,-367.0,680.0
31.0,,158.0,415.0,-50.0,-559.0,51.0,497.0,-348.0,609.0
-1.0,,226.0,443.0,-3.0,-537.0,38.0,770.0,-321.0,560.0
-78.0,,246.0,436.0,39.0,-400.0,46.0,691.0,-294.0,541.0
-178.0,,273.0,477.0,79.0,-295.0,38.0,694.0,-265.0,480.0
-223.0,,298.0,481.0,121.0,-428.0,37.0,787.0,-255.0,428.0
-218.0,,288.0,480.0,144.0,-600.0,17.0,439.0,-252.0,371.0
-250.0,,285.0,574.0,143.0,-459.0,-20.0,731.0,-262.0,261.0
-330.0,,249.0,546.0,148.0,-294.0,-42.0,460.0,-269.0,208.0
-375.0,,208.0,530.0,171.0,-358.0,-105.0,674.0,-261.0,134.0
-399.0,,142.0,596.0,188.0,-452.0,-162.0,668.0,-258.0,71.0
-438.0,,76.0,608.0,178.0,-248.0,-192.0,436.0,-242.0,61.0
-511.0,,15.0,669.0,153.0,-15.0,-214.0,687.0,-212.0,58.0
-570.0,,-36.0,664.0,109.0,-202.0,-235.0,354.0,-173.0,100.0
-563.0,,-76.0,552.0,54.0,-321.0,-246.0,630.0,-121.0,191.0
-584.0,,-124.0,401.0,-7.0,-75.0,-224.0,521.0,-50.0,280.0
-606.0,,-146.0,242.0,-67.0,82.0,-226.0,546.0,40.0,371.0
-614.0,,-172.0,185.0,-108.0,-82.0,-227.0,630.0,117.0,421.0
-608.0,,-168.0,152.0,-127.0,-195.0,-226.0,404.0,188.0,430.0
-591.0,,-142.0,106.0,-119.0,39.0,-249.0,829.0,243.0,479.0
-613.0,,-123.0,77.0,-107.0,209.0,-272.0,648.0,300.0,466.0
-595.0,,-76.0,41.0,-99.0,42.0,-288.0,831.0,345.0,420.0
-537.0,,-31.0,34.0,-68.0,-62.0,-268.0,700.0,346.0,349.0
-483.0,,9.0,7.0,-7.0,196.0,-272.0,559.0,364.0,303.0
-458.0,,67.0,28.0,73.0,409.0,-269.0,812.0,363.0,258.0
-445.0,,125.0,88.0,166.0,234.0,-235.0,498.0,343.0,198.0
-377.0,,180.0,107.0,243.0,120.0,-239.0,827.0,338.0,220.0
-320.0,,230.0,90.0,282.0,296.0,-238.0,650.0,327.0,188.0
-322.0,,278.0,36.0,294.0,473.0,-228.0,674.0,322.0,217.0
-293.0,,306.0,-21.0,286.0,415.0,-199.0,670.0,294.0,217.0
-215.0,,353.0,-134.0,246.0,236.0,-184.0,384.0,262.0,156.0
-135.0,,382.0,-276.0,172.0,331.0,-208.0,639.0,224.0,147.0
-127.0,,375.0,-388.0,82.0,556.0,-207.0,179.0,174.0,108.0
-168.0,,396.0,-449.0,-7.0,535.0,-211.0,473.0,117.0,126.0
-147.0,,368.0,-515.0,-56.0,323.0,-258.0,620.0,63.0,171.0
-144.0,,354.0,-553.0,-66.0,356.0,-283.0,593.0,8.0,244.0
-184.0,,339.0,-549.0,-74.0,620.0,-274.0,866.0,-63.0,376.0
-225.0,,276.0,-557.0,-86.0,523.0,-296.0,500.0,-117.0,519.0
-244.0,,237.0,-537.0,-97.0,312.0,-342.0,639.0,-166.0,640.0
-213.0,,167.0,-474.0,-113.0,479.0,-355.0,408.0,-205.0,766.0
-224.0,,96.0,-328.0,-125.0,744.0,-347.0,559.0,-230.0,911.0
-253.0,,36.0,-197.0,-125.0,634.0,-355.0,606.0,-242.0,1055.0
-234.0,,-10.0,-134.0,-119.0,330.0,-356.0,321.0,-239.0,1204.0
-199.0,,-34.0,-142.0,-107.0,461.0,-354.0,667.0,-241.0,1276.0
-190.0,,-78.0,-116.0,-86.0,728.0,-349.0,315.0,-227.0,1330.0
-179.0,,-105.0,14.0,-52.0,618.0,-341.0,389.0,-215.0,1354.0
-114.0,,-110.0,68.0,-41.0,401.0,-337.0,253.0,-213.0,1302.0
-67.0,,-128.0,45.0,-65.0,436.0,-335.0,169.0,-200.0,1271.0
-92.0,,-139.0,37.0,-87.0,620.0,-324.0,522.0,-171.0,1187.0
-140.0,,-144.0,10.0,-115.0,554.0,-294.0,404.0,-165.0,1049.0
-144.0,,-155.0,-89.0,-151.0,407.0,-269.0,761.0,-185.0,942.0
-127.0,,-155.0,-164.0,-188.0,457.0,-265.0,528.0,-210.0,861.0
-163.0,,-165.0,-152.0,-230.0,578.0,-248.0,628.0,-252.0,805.0
-247.0,,-192.0,-163.0,-263.0,626.0,-199.0,654.0,-293.0,789.0
-285.0,,-234.0,-214.0,-264.0,491.0,-150.0,201.0,-357.0,758.0
-245.0,,-277.0,-269.0,-216.0,417.0,-90.0,461.0,-420.0,714.0
-261.0,,-340.0,-319.0,-135.0,486.0,-26.0,125.0,-459.0,738.0
-315.0,,-399.0,-328.0,-53.0,490.0,29.0,351.0,-498.0,688.0
-312.0,,-463.0,-347.0,9.0,340.0,53.0,465.0,-532.0,560.0
-229.0,,-536.0,-397.0,44.0,262.0,57.0,286.0,-566.0,468.0
-162.0,,-570.0,-386.0,45.0,447.0,74.0,426.0,-581.0,354.0
-168.0,,-637.0,-435.0,10.0,496.0,67.0,223.0,-575.0,179.0
-104.0,,-670.0,-487.0,-47.0,305.0,66.0,739.0,-553.0,-18.0
-15.0,,-676.0,-382.0,-96.0,288.0,80.0,668.0,-529.0,-160.0
18.0,,-663.0,-366.0,-108.0,503.0,81.0,593.0,-496.0,-261.0
9.0,,-620.0,-388.0,-101.0,525.0,79.0,519.0,-432.0,-288.0
20.0,,-600.0,-259.0,-81.0,237.0,76.0,254.0,-359.0,-269.0
67.0,,-542.0,-177.0,-64.0,133.0,65.0,652.0,-283.0,-253.0
43.0,,-506.0,-184.0,-50.0,346.0,74.0,508.0,-185.0,-190.0
5.0,,-464.0,-235.0,-22.0,383.0,77.0,811.0,-70.0,-103.0
-14.0,,-423.0,-207.0,-1.0,146.0,72.0,766.0,48.0,-33.0
-16.0,,-368.0,-22.0,19.0,84.0,91.0,779.0,158.0,14.0
-31.0,,-294.0,81.0,37.0,309.0,107.0,946.0,242.0,37.0
-86.0,,-275.0,138.0,45.0,397.0,130.0,476.0,309.0,31.0
-82.0,,-210.0,162.0,55.0,239.0,140.0,722.0,352.0,14.0
-62.0,,-187.0,87.0,66.0,223.0,138.0,487.0,383.0,-72.0
-77.0,,-166.0,94.0,77.0,392.0,127.0,814.0,424.0,-217.0
-105.0,,-130.0,171.0,77.0,468.0,106.0,1012.0,456.0,-387.0
-146.0,,-146.0,271.0,52.0,315.0,102.0,735.0,468.0,-621.0
-184.0,,-124.0,334.0,22.0,160.0,117.0,1031.0,471.0,-818.0
-195.0,,-138.0,245.0,-5.0,271.0,132.0,613.0,473.0,-929.0
-227.0,,-148.0,163.0,-35.0,400.0,150.0,744.0,461.0,-1007.0
-271.0,,-158.0,124.0,-45.0,279.0,160.0,524.0,434.0,-1007.0
-258.0,,-178.0,-2.0,-37.0,153.0,140.0,423.0,392.0,-947.0
-234.0,,-183.0,-77.0,-31.0,327.0,154.0,674.0,350.0,-850.0
-253.0,,-207.0,-75.0,1.0,511.0,168.0,443.0,325.0,-684.0
-277.0,,-212.0,-103.0,73.0,415.0,166.0,820.0,281.0,-523.0
-231.0,,-229.0,-173.0,152.0,310.0,186.0,447.0,233.0,-359.0
-160.0,,-238.0,-224.0,203.0,474.0,208.0,522.0,201.0,-206.0
-155.0,,-257.0,-190.0,226.0,678.0,211.0,711.0,158.0,-108.0
-163.0,,-272.0,-147.0,242.0,529.0,202.0,463.0,126.0,-52.0
-118.0,,-262.0,-60.0,230.0,334.0,215.0,726.0,83.0,-33.0
-65.0,,-249.0,38.0,186.0,498.0,206.0,539.0,36.0,-37.0
-44.0,,-242.0,152.0,135.0,708.0,204.0,685.0,-4.0,-82.0
-24.0,,-245.0,321.0,95.0,552.0,221.0,421.0,-61.0,-149.0
27.0,,-227.0,429.0,78.0,395.0,188.0,428.0,-109.0,-226.0
85.0,,-238.0,514.0,77.0,632.0,163.0,600.0,-161.0,-308.0
113.0,,-235.0,568.0,91.0,821.0,170.0,277.0,-208.0,-376.0
135.0,,-249.0,582.0,117.0,667.0,170.0,707.0,-233.0,-426.0
167.0,,-285.0,570.0,147.0,553.0,173.0,519.0,-234.0,-424.0
197.0,,-285.0,542.0,172.0,725.0,177.0,576.0,-218.0,-346.0
199.0,,-323.0,456.0,172.0,891.0,210.0,635.0,-178.0,-220.0
178.0,,-353.0,342.0,141.0,828.0,236.0,328.0,-125.0,-61.0
161.0,,-361.0,253.0,81.0,665.0,227.0,443.0,-94.0,133.0
156.0,,-376.0,110.0,2.0,671.0,219.0,338.0,-73.0,337.0
145.0,,-366.0,53.0,-78.0,838.0,211.0,735.0,-53.0,506.0
119.0,,-380.0,-13.0,-144.0,838.0,190.0,402.0,-39.0,635.0
112.0,,-367.0,-189.0,-193.0,687.0,158.0,421.0,-63.0,689.0
93.0,,-305.0,-142.0,-232.0,740.0,127.0,727.0,-91.0,666.0
40.0,,-291.0,-67.0,-236.0,1001.0,72.0,266.0,-109.0,609.0
-15.0,,-235.0,-221.0,-187.0,1016.0,34.0,613.0,-141.0,514.0
-72.0,,-181.0,-271.0,-92.0,820.0,14.0,266.0,-153.0,405.0
-114.0,,-138.0,-159.0,28.0,899.0,-26.0,175.0,-170.0,242.0
-148.0,,-67.0,-111.0,140.0,1199.0,-57.0,290.0,-185.0,49.0
-203.0,,-26.0,-179.0,217.0,1217.0,-74.0,188.0,-193.0,-119.0
-246.0,,44.0,-267.0,230.0,932.0,-91.0,474.0,-200.0,-254.0
-240.0,,93.0,-346.0,197.0,959.0,-120.0,109.0,-196.0,-344.0
-235.0,,137.0,-278.0,156.0,1216.0,-125.0,288.0,-191.0,-370.0
-259.0,,183.0,-230.0,108.0,1192.0,-87.0,53.0,-193.0,-354.0
-281.0,,203.0,-335.0,59.0,1018.0,-80.0,5.0,-201.0,-340.0
-268.0,,229.0,-220.0,3.0,1051.0,-113.0,188.0,-211.0,-262.0
-255.0,,269.0,-179.0,-69.0,1268.0,-128.0,20.0,-239.0,-171.0
-289.0,,313.0,-294.0,-149.0,1257.0,-118.0,434.0,-265.0,-123.0
-328.0,,353.0,-355.0,-237.0,1128.0,-114.0,144.0,-287.0,-113.0
-331.0,,423.0,-532.0,-315.0,1187.0,-82.0,360.0,-304.0,-153.0
-333.0,,480.0,-551.0,-358.0,1322.0,-29.0,227.0,-304.0,-206.0
-382.0,,522.0,-400.0,-366.0,1387.0,-20.0,-75.0,-298.0,-270.0
-424.0,,576.0,-375.0,-355.0,1249.0,-7.0,266.0,-285.0,-392.0
-421.0,,592.0,-463.0,-344.0,1151.0,32.0,53.0,-267.0,-520.0
-409.0,,634.0,-613.0,-330.0,1299.0,85.0,358.0,-248.0,-629.0
-448.0,,648.0,-638.0,-311.0,1358.0,96.0,86.0,-232.0,-761.0
-488.0,,629.0,-599.0,-284.0,1239.0,87.0,53.0,-203.0,-859.0
-474.0,,643.0,-656.0,-255.0,1227.0,99.0,218.0,-186.0,-941.0
-472.0,,601.0,-621.0,-218.0,1410.0,89.0,-1.0,-182.0,-1027.0
-516.0,,573.0,-595.0,-166.0,1466.0,76.0,546.0,-164.0,-1051.0
-577.0,,529.0,-571.0,-115.0,1217.0,79.0,406.0,-151.0,-1035.0
-608.0,,482.0,-512.0,-66.0,1120.0,113.0,485.0,-148.0,-1027.0
-627.0,,445.0,-532.0,-20.0,1356.0,134.0,295.0,-143.0,-997.0
-678.0,,383.0,-508.0,11.0,1460.0,146.0,-219.0,-138.0,-951.0
-742.0,,347.0,-456.0,22.0,1187.0,149.0,-44.0,-151.0,-899.0
-769.0,,280.0,-311.0,9.0,1063.0,141.0,-229.0,-174.0,-809.0
-730.0,,241.0,-213.0,-3.0,1315.0,162.0,123.0,-177.0,-705.0
-681.0,,187.0,-284.0,3.0,1362.0,194.0,116.0,-175.0,-612.0
-673.0,,145.0,-275.0,31.0,1163.0,213.0,107.0,-156.0,-535.0
-623.0,,157.0,-223.0,73.0,1069.0,183.0,203.0,-117.0,-482.0
-465.0,,121.0,-102.0,108.0,1198.0,166.0,-35.0,-73.0,-439.0
-328.0,,118.0,-67.0,122.0,1225.0,142.0,380.0,-24.0,-376.0
-254.0,,102.0,-207.0,92.0,993.0,135.0,105.0,12.0,-338.0
-152.0,,95.0,-208.0,26.0,921.0,139.0,264.0,52.0,-302.0
-1.0,,89.0,-151.0,-39.0,1010.0,108.0,334.0,86.0,-270.0
147.0,,59.0,-143.0,-100.0,1076.0,126.0,164.0,125.0,-285.0
228.0,,83.0,-129.0,-151.0,1041.0,99.0,423.0,167.0,-328.0
305.0,,52.0,-211.0,-176.0,918.0,91.0,96.0,193.0,-381.0
392.0,,43.0,-343.0,-178.0,872.0,119.0,328.0,226.0,-421.0
458.0,,30.0,-395.0,-169.0,937.0,85.0,40.0,240.0,-464.0
499.0,,-31.0,-410.0,-165.0,874.0,113.0,195.0,236.0,-493.0
494.0,,-60.0,-333.0,-159.0,709.0,161.0,563.0,237.0,-523.0
505.0,,-118.0,-346.0,-141.0,794.0,172.0,269.0,234.0,-535.0
523.0,,-175.0,-501.0,-106.0,926.0,188.0,515.0,226.0,-535.0
494.0,,-242.0,-479.0,-58.0,807.0,217.0,-57.0,206.0,-571.0
437.0,,-299.0,-435.0,1.0,613.0,274.0,-42.0,185.0,-582.0
440.0,,-341.0,-440.0,72.0,664.0,314.0,109.0,162.0,-608.0
461.0,,-377.0,-393.0,109.0,824.0,341.0,79.0,145.0,-649.0
427.0,,-404.0,-346.0,128.0,691.0,383.0,299.0,129.0,-635.0
394.0,,-419.0,-204.0,149.0,504.0,415.0,-120.0,90.0,-582.0
395.0,,-395.0,-101.0,161.0,612.0,440.0,197.0,49.0,-493.0
390.0,,-384.0,-83.0,176.0,733.0,478.0,109.0,32.0,-368.0
331.0,,-352.0,24.0,178.0,596.0,488.0,184.0,27.0,-254.0
298.0,,-303.0,29.0,160.0,455.0,468.0,461.0,22.0,-133.0
324.0,,-273.0,13.0,140.0,523.0,464.0,277.0,32.0,-49.0
367.0,,-265.0,53.0,134.0,619.0,449.0,533.0,72.0,-36.0
367.0,,-255.0,43.0,139.0,538.0,426.0,229.0,120.0,-81.0
344.0,,-243.0,130.0,146.0,473.0,424.0,221.0,150.0,-247.0
368.0,,-236.0,105.0,139.0,555.0,421.0,-147.0,166.0,-476.0
388.0,,-195.0,-8.0,104.0,632.0,428.0,-456.0,179.0,-734.0
346.0,,-194.0,13.0,42.0,623.0,444.0,-75.0,182.0,-991.0
273.0,,-186.0,41.0,-20.0,490.0,453.0,-114.0,167.0,-1204.0
246.0,,-167.0,86.0,-64.0,435.0,478.0,328.0,129.0,-1366.0
243.0,,-195.0,160.0,-83.0,516.0,500.0,369.0,94.0,-1400.0
179.0,,-207.0,162.0,-78.0,521.0,498.0,535.0,67.0,-1361.0
62.0,,-236.0,134.0,-67.0,400.0,498.0,491.0,32.0,-1239.0
0.0,,-244.0,192.0,-44.0,350.0,496.0,55.0,20.0,-1050.0
-19.0,,-258.0,407.0,-18.0,456.0,481.0,230.0,8.0,-870.0
-62.0,,-276.0,657.0,-6.0,418.0,442.0,-186.0,9.0,-683.0
-149.0,,-252.0,793.0,8.0,214.0,406.0,105.0,53.0,-549.0
-220.0,,-239.0,867.0,10.0,190.0,391.0,315.0,100.0,-444.0
-210.0,,-215.0,903.0,-3.0,371.0,350.0,181.0,143.0,-336.0
-244.0,,-179.0,934.0,-1.0,369.0,296.0,338.0,173.0,-297.0
-305.0,,-131.0,847.0,15.0,154.0,261.0,-68.0,189.0,-273.0
-314.0,,-83.0,650.0,34.0,138.0,220.0,221.0,193.0,-244.0
-296.0,,-45.0,512.0,48.0,294.0,184.0,142.0,181.0,-243.0
-311.0,,-10.0,321.0,52.0,251.0,185.0,186.0,156.0,-212.0
-375.0,,24.0,88.0,38.0,43.0,186.0,351.0,113.0,-194.0
-382.0,,28.0,-168.0,27.0,-25.0,204.0,9.0,60.0,-142.0
-370.0,,40.0,-394.0,46.0,33.0,249.0,234.0,8.0,-83.0
-408.0,,54.0,-538.0,80.0,-32.0,255.0,-125.0,-38.0,-88.0
-474.0,,44.0,-736.0,107.0,-170.0,238.0,-24.0,-84.0,-73.0
-493.0,,58.0,-818.0,119.0,-242.0,255.0,-42.0,-132.0,-136.0
-459.0,,25.0,-757.0,105.0,-231.0,282.0,-169.0,-173.0,-228.0
-480.0,,15.0,-698.0,71.0,-150.0,278.0,236.0,-198.0,-307.0
-509.0,,-18.0,-696.0,27.0,-260.0,270.0,59.0,-225.0,-399.0
-497.0,,-72.0,-745.0,-18.0,-354.0,290.0,354.0,-247.0,-412.0
-452.0,,-93.0,-690.0,-65.0,-275.0,305.0,105.0,-257.0,-354.0
-429.0,,-145.0,-593.0,-108.0,-292.0,290.0,62.0,-262.0,-260.0
-455.0,,-149.0,-544.0,-129.0,-390.0,271.0,203.0,-263.0,-138.0
-451.0,,-191.0,-561.0,-136.0,-482.0,276.0,24.0,-264.0,13.0
-419.0,,-207.0,-667.0,-126.0,-307.0,267.0,447.0,-264.0,168.0
-406.0,,-207.0,-815.0,-89.0,-164.0,252.0,158.0,-265.0,298.0
-433.0,,-237.0,-875.0,-52.0,-356.0,258.0,258.0,-263.0,408.0
-442.0,,-215.0,-820.0,-29.0,-490.0,218.0,97.0,-274.0,513.0
-400.0,,-239.0,-781.0,-22.0,-409.0,164.0,-110.0,-272.0,574.0
-371.0,,-251.0,-712.0,-43.0,-272.0,134.0,123.0,-252.0,627.0
-376.0,,-232.0,-602.0,-86.0,-434.0,95.0,-134.0,-227.0,639.0
-366.0,,-236.0,-499.0,-132.0,-648.0,96.0,240.0,-191.0,574.0
-325.0,,-232.0,-380.0,-180.0,-527.0,121.0,7.0,-174.0,523.0
-283.0,,-220.0,-279.0,-227.0,-421.0,148.0,60.0,-154.0,422.0
-245.0,,-223.0,-226.0,-261.0,-512.0,166.0,275.0,-138.0,297.0
-221.0,,-233.0,-140.0,-269.0,-617.0,148.0,88.0,-146.0,185.0
-183.0,,-233.0,-77.0,-249.0,-525.0,147.0,369.0,-137.0,67.0
-144.0,,-235.0,-103.0,-193.0,-460.0,138.0,53.0,-108.0,-58.0
-125.0,,-251.0,-107.0,-101.0,-615.0,114.0,303.0,-70.0,-209.0
-126.0,,-280.0,-140.0,0.0,-659.0,110.0,310.0,-44.0,-346.0
-131.0,,-325.0,-210.0,91.0,-586.0,98.0,238.0,-2.0,-479.0
-113.0,,-365.0,-273.0,155.0,-500.0,72.0,500.0,56.0,-627.0
-129.0,,-395.0,-192.0,193.0,-498.0,53.0,184.0,91.0,-762.0
-171.0,,-451.0,-149.0,207.0,-613.0,40.0,339.0,116.0,-850.0
-195.0,,-482.0,-255.0,195.0,-584.0,29.0,112.0,132.0,-906.0
-193.0,,-503.0,-266.0,173.0,-547.0,23.0,290.0,134.0,-928.0
-191.0,,-505.0,-287.0,135.0,-582.0,28.0,448.0,121.0,-905.0
-203.0,,-507.0,-169.0,88.0,-659.0,31.0,312.0,97.0,-847.0
-207.0,,-499.0,-6.0,31.0,-679.0,18.0,613.0,33.0,-757.0
-200.0,,-449.0,138.0,-41.0,-531.0,26.0,160.0,-37.0,-645.0
-200.0,,-428.0,284.0,-119.0,-611.0,67.0,214.0,-104.0,-544.0
-254.0,,-373.0,294.0,-188.0,-799.0,81.0,-12.0,-193.0,-481.0
-288.0,,-337.0,377.0,-240.0,-759.0,84.0,-157.0,-260.0,-437.0
-259.0,,-310.0,446.0,-288.0,-637.0,105.0,249.0,-326.0,-440.0
-253.0,,-249.0,502.0,-297.0,-673.0,91.0,131.0,-372.0,-454.0
-284.0,,-248.0,503.0,-256.0,-878.0,69.0,448.0,-374.0,-491.0
-327.0,,-234.0,489.0,-195.0,-811.0,54.0,194.0,-344.0,-554.0
-362.0,,-216.0,471.0,-133.0,-635.0,42.0,341.0,-263.0,-578.0
-390.0,,-240.0,415.0,-77.0,-767.0,59.0,513.0,-146.0,-615.0
-439.0,,-270.0,480.0,-3.0,-927.0,52.0,234.0,-3.0,-627.0
-515.0,,-279.0,367.0,75.0,-895.0,42.0,511.0,139.0,-616.0
-558.0,,-310.0,246.0,145.0,-853.0,28.0,229.0,280.0,-592.0
-560.0,,-349.0,205.0,202.0,-1001.0,22.0,412.0,412.0,-542.0
-559.0,,-349.0,100.0,237.0,-1060.0,34.0,288.0,532.0,-524.0
-549.0,,-402.0,43.0,249.0,-1003.0,18.0,68.0,640.0,-535.0
-513.0,,-431.0,-93.0,243.0,-947.0,20.0,103.0,730.0,-578.0
-445.0,,-444.0,-221.0,216.0,-886.0,11.0,-232.0,811.0,-668.0
-396.0,,-489.0,-333.0,172.0,-947.0,0.0,179.0,861.0,-798.0
-372.0,,-500.0,-414.0,116.0,-943.0,-6.0,53.0,874.0,-939.0
-329.0,,-516.0,-313.0,60.0,-918.0,-17.0,134.0,869.0,-1069.0
-261.0,,-492.0,-142.0,22.0,-835.0,-20.0,208.0,861.0,-1185.0
-216.0,,-483.0,-69.0,-11.0,-846.0,-51.0,-62.0,827.0,-1266.0
-233.0,,-463.0,-21.0,-34.0,-1005.0,-93.0,33.0,783.0,-1266.0
-203.0,,-398.0,39.0,-33.0,-920.0,-135.0,-421.0,741.0,-1220.0
-153.0,,-371.0,96.0,-15.0,-868.0,-156.0,-171.0,681.0,-1129.0
-169.0,,-311.0,222.0,13.0,-987.0,-149.0,-151.0,618.0,-961.0
-167.0,,-252.0,250.0,47.0,-1033.0,-142.0,-134.0,551.0,-800.0
-145.0,,-202.0,204.0,75.0,-984.0,-151.0,110.0,463.0,-606.0
-127.0,,-138.0,231.0,81.0,-987.0,-165.0,-175.0,363.0,-399.0
-125.0,,-106.0,198.0,84.0,-1119.0,-191.0,133.0,262.0,-249.0
-131.0,,-65.0,116.0,86.0,-1147.0,-192.0,-155.0,168.0,-86.0
-115.0,,-35.0,30.0,91.0,-1004.0,-158.0,-223.0,97.0,27.0
-111.0,,-18.0,-162.0,100.0,-1007.0,-145.0,-304.0,28.0,81.0
-143.0,,-8.0,-299.0,87.0,-1110.0,-160.0,-508.0,-33.0,120.0
-175.0,,-30.0,-311.0,62.0,-1036.0,-185.0,-136.0,-70.0,142.0
-174.0,,-31.0,-338.0,45.0,-951.0,-185.0,-463.0,-93.0,141.0
-163.0,,-55.0,-348.0,33.0,-972.0,-194.0,-365.0,-93.0,123.0
-151.0,,-73.0,-359.0,25.0,-1000.0,-205.0,-637.0,-77.0,89.0
-167.0,,-88.0,-312.0,9.0,-962.0,-204.0,-746.0,-52.0,8.0
-160.0,,-123.0,-181.0,-12.0,-886.0,-234.0,-460.0,-13.0,-53.0
-98.0,,-122.0,-62.0,-42.0,-847.0,-286.0,-668.0,11.0,-133.0
-78.0,,-162.0,44.0,-93.0,-911.0,-314.0,-251.0,15.0,-216.0
-77.0,,-190.0,138.0,-148.0,-982.0,-333.0,-395.0,13.0,-300.0
-18.0,,-207.0,184.0,-187.0,-976.0,-366.0,-308.0,-11.0,-388.0
77.0,,-231.0,117.0,-205.0,-899.0,-366.0,-365.0,-48.0,-445.0
115.0,,-235.0,56.0,-202.0,-900.0,-368.0,-700.0,-100.0,-509.0
108.0,,-251.0,160.0,-174.0,-1067.0,-380.0,-473.0,-166.0,-506.0
161.0,,-225.0,217.0,-125.0,-1001.0,-378.0,-777.0,-215.0,-459.0
242.0,,-214.0,119.0,-62.0,-851.0,-359.0,-480.0,-264.0,-393.0
263.0,,-193.0,-4.0,-12.0,-961.0,-328.0,-526.0,-306.0,-344.0
251.0,,-144.0,-109.0,10.0,-1032.0,-317.0,-565.0,-324.0,-276.0
280.0,,-113.0,-151.0,15.0,-895.0,-318.0,-308.0,-350.0,-176.0
314.0,,-67.0,-97.0,-6.0,-749.0,-330.0,-554.0,-372.0,-107.0
337.0,,-21.0,-5.0,-47.0,-819.0,-305.0,-229.0,-383.0,-33.0
330.0,,15.0,7.0,-77.0,-900.0,-282.0,-491.0,-417.0,12.0
290.0,,49.0,-35.0,-79.0,-772.0,-273.0,-511.0,-461.0,89.0
271.0,,58.0,-57.0,-76.0,-698.0,-262.0,-537.0,-513.0,152.0
236.0,,61.0,-57.0,-77.0,-795.0,-265.0,-659.0,-584.0,149.0
149.0,,55.0,-25.0,-83.0,-868.0,-265.0,-291.0,-657.0,127.0
30.0,,45.0,41.0,-112.0,-769.0,-309.0,-633.0,-730.0,78.0
-29.0,,31.0,60.0,-149.0,-731.0,-321.0,-397.0,-786.0,13.0
-55.0,,10.0,-51.0,-161.0,-818.0,-334.0,-484.0,-824.0,-52.0
-123.0,,-2.0,-84.0,-139.0,-740.0,-386.0,-517.0,-854.0,-109.0
-192.0,,-38.0,-36.0,-91.0,-671.0,-380.0,-238.0,-867.0,-160.0
-202.0,,-64.0,-123.0,-42.0,-651.0,-381.0,-526.0,-858.0,-183.0
-168.0,,-76.0,-191.0,-3.0,-646.0,-373.0,-277.0,-830.0,-199.0
-193.0,,-77.0,-186.0,11.0,-670.0,-366.0,-548.0,-766.0,-231.0
-225.0,,-84.0,-154.0,3.0,-627.0,-336.0,-448.0,-677.0,-267.0
-207.0,,-96.0,-102.0,-9.0,-615.0,-303.0,-415.0,-590.0,-266.0
-172.0,,-105.0,-86.0,-28.0,-588.0,-323.0,-657.0,-493.0,-239.0
-164.0,,-127.0,-77.0,-57.0,-642.0,-306.0,-362.0,-400.0,-197.0
-185.0,,-98.0,-31.0,-102.0,-603.0,-307.0,-668.0,-309.0,-121.0
-155.0,,-98.0,172.0,-141.0,-434.0,-321.0,-428.0,-221.0,-49.0
-109.0,,-102.0,324.0,-149.0,-525.0,-346.0,-558.0,-146.0,48.0
-101.0,,-68.0,315.0,-126.0,-619.0,-374.0,-641.0,-60.0,158.0
-89.0,,-78.0,372.0,-90.0,-515.0,-373.0,-402.0,13.0,246.0
-46.0,,-55.0,366.0,-58.0,-443.0,-367.0,-713.0,81.0,290.0
-35.0,,-12.0,393.0,-4.0,-440.0,-375.0,-423.0,150.0,303.0
-47.0,,34.0,483.0,53.0,-465.0,-424.0,-655.0,206.0,294.0
-33.0,,98.0,427.0,107.0,-429.0,-411.0,-552.0,276.0,191.0
-25.0,,155.0,307.0,153.0,-296.0,-380.0,-476.0,342.0,87.0
-42.0,,215.0,124.0,187.0,-336.0,-368.0,-654.0,384.0,-7.0
-76.0,,259.0,45.0,213.0,-370.0,-338.0,-365.0,416.0,-152.0
-86.0,,304.0,79.0,210.0,-224.0,-321.0,-698.0,425.0,-270.0
-54.0,,332.0,62.0,184.0,-214.0,-299.0,-445.0,418.0,-351.0
-22.0,,349.0,28.0,145.0,-305.0,-289.0,-528.0,403.0,-391.0
-35.0,,344.0,-62.0,115.0,-359.0,-260.0,-532.0,375.0,-368.0
-50.0,,325.0,-115.0,102.0,-277.0,-228.0,-262.0,363.0,-302.0
-8.0,,292.0,-90.0,103.0,-203.0,-223.0,-522.0,365.0,-209.0
61.0,,247.0,-41.0,94.0,-269.0,-216.0,-245.0,379.0,-80.0
89.0,,219.0,-27.0,65.0,-269.0,-212.0,-552.0,444.0,33.0
76.0,,167.0,-71.0,32.0,-171.0,-186.0,-436.0,526.0,96.0
111.0,,132.0,-88.0,-4.0,-138.0,-140.0,-297.0,601.0,142.0
190.0,,113.0,-13.0,-42.0,-173.0,-106.0,-412.0,672.0,173.0
234.0,,68.0,110.0,-70.0,-167.0,-97.0,-158.0,716.0,168.0
238.0,,48.0,182.0,-73.0,-153.0,-68.0,-535.0,738.0,166.0
248.0,,36.0,294.0,-53.0,-26.0,-39.0,-304.0,736.0,206.0
289.0,,19.0,355.0,-2.0,7.0,-40.0,-384.0,719.0,245.0
319.0,,30.0,313.0,71.0,-119.0,-17.0,-395.0,703.0,278.0
281.0,,29.0,306.0,139.0,-89.0,0.0,-280.0,692.0,339.0
249.0,,57.0,240.0,179.0,-39.0,16.0,-600.0,682.0,416.0
266.0,,104.0,164.0,180.0,6.0,10.0,-251.0,665.0,503.0
273.0,,105.0,96.0,144.0,-31.0,4.0,-419.0,639.0,566.0
252.0,,146.0,-36.0,81.0,-100.0,47.0,-186.0,605.0,583.0
232.0,,174.0,-148.0,22.0,-43.0,56.0,-121.0,572.0,610.0
244.0,,179.0,-283.0,-27.0,-106.0,57.0,-325.0,523.0,662.0
252.0,,209.0,-359.0,-50.0,-137.0,80.0,-77.0,459.0,669.0
238.0,,211.0,-294.0,-27.0,-54.0,97.0,-388.0,405.0,647.0
242.0,,216.0,-169.0,19.0,-6.0,102.0,-125.0,346.0,636.0
246.0,,218.0,-53.0,72.0,-46.0,111.0,-314.0,266.0,632.0
239.0,,221.0,3.0,110.0,-145.0,137.0,-380.0,171.0,619.0
239.0,,211.0,119.0,120.0,-124.0,171.0,-199.0,55.0,572.0
239.0,,205.0,186.0,112.0,-85.0,225.0,-430.0,-52.0,539.0
237.0,,189.0,124.0,104.0,-54.0,261.0,-83.0,-142.0,488.0
220.0,,140.0,187.0,96.0,-4.0,249.0,-437.0,-249.0,383.0
188.0,,103.0,349.0,95.0,-13.0,224.0,-393.0,-351.0,298.0
181.0,,53.0,428.0,94.0,-17.0,238.0,-388.0,-437.0,158.0
191.0,,10.0,460.0,74.0,-37.0,248.0,-498.0,-513.0,-5.0
204.0,,-36.0,473.0,59.0,-95.0,229.0,-155.0,-580.0,-154.0
201.0,,-54.0,421.0,48.0,-152.0,246.0,-450.0,-618.0,-320.0
198.0,,-59.0,361.0,38.0,-124.0,260.0,-134.0,-627.0,-422.0
224.0,,-65.0,328.0,7.0,-86.0,267.0,-262.0,-628.0,-527.0
262.0,,-39.0,351.0,-53.0,-195.0,286.0,-341.0,-589.0,-603.0
256.0,,-33.0,343.0,-112.0,-290.0,280.0,-271.0,-544.0,-603.0
222.0,,1.0,261.0,-164.0,-283.0,288.0,-630.0,-488.0,-568.0
259.0,,26.0,202.0,-208.0,-277.0,313.0,-293.0,-380.0,-480.0
290.0,,32.0,102.0,-232.0,-287.0,336.0,-467.0,-278.0,-410.0
273.0,,75.0,-21.0,-223.0,-329.0,345.0,-334.0,-173.0,-355.0
242.0,,101.0,-99.0,-181.0,-306.0,339.0,-386.0,-57.0,-298.0
222.0,,114.0,-200.0,-117.0,-248.0,320.0,-554.0,34.0,-246.0
247.0,,120.0,-355.0,-39.0,-343.0,294.0,-330.0,112.0,-198.0
240.0,,101.0,-541.0,11.0,-409.0,271.0,-668.0,179.0,-168.0
215.0,,101.0,-750.0,20.0,-322.0,255.0,-421.0,232.0,-149.0
218.0,,96.0,-865.0,7.0,-358.0,263.0,-600.0,270.0,-102.0
227.0,,59.0,-871.0,-17.0,-510.0,264.0,-548.0,270.0,-37.0
205.0,,38.0,-824.0,-42.0,-526.0,253.0,-391.0,249.0,51.0
158.0,,1.0,-756.0,-67.0,-473.0,247.0,-698.0,216.0,189.0
111.0,,-34.0,-640.0,-80.0,-425.0,245.0,-428.0,181.0,287.0
61.0,,-67.0,-404.0,-92.0,-461.0,238.0,-726.0,156.0,391.0
33.0,,-106.0,-217.0,-108.0,-598.0,190.0,-550.0,138.0,482.0
-24.0,,-111.0,-167.0,-130.0,-646.0,132.0,-554.0,142.0,528.0
-98.0,,-112.0,-147.0,-167.0,-638.0,97.0,-609.0,168.0,539.0
-134.0,,-122.0,-60.0,-204.0,-641.0,50.0,-243.0,198.0,486.0
-155.0,,-112.0,-19.0,-223.0,-719.0,30.0,-491.0,218.0,431.0
-172.0,,-86.0,-27.0,-209.0,-749.0,37.0,-218.0,267.0,366.0
-183.0,,-73.0,14.0,-175.0,-636.0,-3.0,-443.0,339.0,313.0
-179.0,,-49.0,-17.0,-133.0,-640.0,-42.0,-341.0,400.0,284.0
-183.0,,-40.0,-53.0,-83.0,-705.0,-39.0,-116.0,470.0,291.0
-177.0,,-20.0,7.0,-46.0,-671.0,2.0,-421.0,547.0,303.0
-160.0,,22.0,89.0,-15.0,-631.0,7.0,-249.0,625.0,325.0
-148.0,,51.0,92.0,10.0,-663.0,-40.0,-630.0,687.0,426.0
-135.0,,79.0,25.0,23.0,-715.0,-50.0,-426.0,735.0,542.0
-119.0,,121.0,-62.0,39.0,-688.0,-37.0,-384.0,766.0,640.0
-67.0,,149.0,-115.0,49.0,-595.0,-28.0,-458.0,780.0,763.0
-24.0,,179.0,-126.0,50.0,-587.0,-32.0,-182.0,776.0,867.0
2.0,,213.0,-192.0,45.0,-644.0,-30.0,-456.0,747.0,972.0
70.0,,239.0,-249.0,24.0,-625.0,-31.0,-164.0,706.0,1107.0
133.0,,287.0,-226.0,1.0,-534.0,-31.0,-347.0,652.0,1192.0
180.0,,292.0,-124.0,-11.0,-538.0,-48.0,-275.0,570.0,1238.0
239.0,,315.0,-30.0,-10.0,-575.0,-81.0,-153.0,464.0,1212.0
319.0,,348.0,-31.0,-10.0,-498.0,-60.0,-360.0,337.0,1081.0
375.0,,356.0,-81.0,-18.0,-455.0,-48.0,-9.0,205.0,926.0
391.0,,380.0,-62.0,-35.0,-434.0,-31.0,-288.0,90.0,718.0
419.0,,380.0,49.0,-41.0,-454.0,-45.0,-60.0,-34.0,474.0
444.0,,384.0,195.0,-13.0,-488.0,-105.0,-53.0,-145.0,228.0
438.0,,402.0,251.0,28.0,-430.0,-123.0,-127.0,-201.0,-12.0
433.0,,418.0,183.0,72.0,-362.0,-128.0,81.0,-226.0,-198.0
471.0,,421.0,185.0,108.0,-358.0,-104.0,-275.0,-217.0,-340.0
492.0,,406.0,280.0,128.0,-379.0,-89.0,12.0,-189.0,-479.0
465.0,,383.0,447.0,144.0,-237.0,-84.0,-149.0,-154.0,-559.0
454.0,,352.0,599.0,165.0,-118.0,-56.0,-36.0,-90.0,-542.0
482.0,,310.0,615.0,197.0,-159.0,-30.0,99.0,-37.0,-490.0
494.0,,279.0,581.0,231.0,-147.0,-14.0,-94.0,11.0,-400.0
453.0,,250.0,575.0,256.0,-46.0,-34.0,275.0,58.0,-289.0
439.0,,222.0,558.0,255.0,-9.0,-57.0,7.0,103.0,-180.0
468.0,,203.0,482.0,221.0,-87.0,-85.0,232.0,145.0,-90.0
504.0,,185.0,352.0,175.0,-124.0,-99.0,216.0,179.0,-7.0
507.0,,186.0,256.0,122.0,-44.0,-108.0,164.0,229.0,106.0
483.0,,171.0,245.0,61.0,30.0,-132.0,406.0,266.0,238.0
520.0,,154.0,237.0,-6.0,-4.0,-151.0,64.0,287.0,381.0
556.0,,148.0,173.0,-79.0,0.0,-174.0,338.0,297.0,498.0
520.0,,139.0,41.0,-137.0,123.0,-168.0,151.0,313.0,617.0
459.0,,112.0,-7.0,-171.0,181.0,-161.0,273.0,327.0,714.0
426.0,,68.0,-60.0,-170.0,131.0,-182.0,375.0,312.0,792.0
438.0,,35.0,-110.0,-138.0,175.0,-207.0,81.0,311.0,876.0
401.0,,-27.0,-62.0,-108.0,280.0,-213.0,338.0,305.0,933.0
339.0,,-86.0,-64.0,-81.0,289.0,-216.0,81.0,300.0,956.0
350.0,,-138.0,-49.0,-57.0,275.0,-221.0,367.0,300.0,970.0
365.0,,-210.0,-32.0,-45.0,254.0,-201.0,301.0,283.0,985.0
334.0,,-277.0,-8.0,-37.0,301.0,-191.0,192.0,284.0,986.0
280.0,,-358.0,78.0,-21.0,395.0,-164.0,371.0,299.0,995.0
270.0,,-426.0,141.0,2.0,406.0,-140.0,-11.0,285.0,994.0
267.0,,-476.0,171.0,16.0,403.0,-151.0,240.0,256.0,997.0
216.0,,-530.0,211.0,-1.0,480.0,-153.0,-5.0,236.0,1000.0
181.0,,-543.0,240.0,-45.0,577.0,-107.0,114.0,210.0,997.0
160.0,,-537.0,248.0,-95.0,509.0,-42.0,253.0,177.0,958.0
162.0,,-530.0,248.0,-135.0,429.0,-46.0,51.0,142.0,907.0
160.0,,-486.0,235.0,-165.0,497.0,-29.0,400.0,105.0,905.0
125.0,,-465.0,157.0,-180.0,513.0,6.0,75.0,69.0,840.0
115.0,,-399.0,143.0,-165.0,520.0,40.0,262.0,24.0,782.0
120.0,,-335.0,176.0,-120.0,534.0,62.0,206.0,-6.0,770.0
107.0,,-300.0,76.0,-69.0,525.0,56.0,169.0,-37.0,708.0
70.0,,-214.0,81.0,-14.0,648.0,105.0,415.0,-68.0,645.0
72.0,,-166.0,43.0,29.0,696.0,119.0,179.0,-85.0,592.0
115.0,,-93.0,-69.0,45.0,573.0,123.0,532.0,-108.0,505.0
118.0,,-23.0,-34.0,48.0,555.0,161.0,279.0,-121.0,419.0
126.0,,41.0,31.0,33.0,628.0,168.0,393.0,-114.0,356.0
184.0,,105.0,40.0,11.0,623.0,155.0,487.0,-98.0,273.0
243.0,,152.0,14.0,-16.0,602.0,180.0,286.0,-76.0,183.0
254.0,,218.0,78.0,-34.0,629.0,206.0,594.0,-51.0,113.0
246.0,,236.0,117.0,-24.0,646.0,197.0,242.0,-45.0,59.0
278.0,,273.0,122.0,11.0,632.0,202.0,467.0,-48.0,14.0
335.0,,301.0,191.0,69.0,617.0,183.0,415.0,-68.0,-10.0
365.0,,293.0,276.0,107.0,660.0,172.0,373.0,-105.0,-16.0
358.0,,302.0,296.0,102.0,639.0,155.0,524.0,-131.0,-20.0
381.0,,318.0,269.0,64.0,579.0,122.0,247.0,-149.0,-57.0
426.0,,318.0,278.0,15.0,600.0,130.0,604.0,-160.0,-105.0
420.0,,316.0,204.0,-21.0,574.0,155.0,397.0,-159.0,-124.0
374.0,,322.0,62.0,-50.0,588.0,193.0,635.0,-130.0,-148.0
329.0,,330.0,-5.0,-63.0,614.0,241.0,752.0,-116.0,-172.0
302.0,,348.0,-37.0,-72.0,505.0,285.0,509.0,-121.0,-150.0
276.0,,368.0,-81.0,-87.0,473.0,317.0,750.0,-128.0,-116.0
199.0,,395.0,-118.0,-119.0,567.0,364.0,389.0,-162.0,-92.0
136.0,,418.0,-201.0,-176.0,596.0,414.0,642.0,-210.0,-48.0
132.0,,432.0,-269.0,-222.0,488.0,437.0,535.0,-252.0,1.0
92.0,,427.0,-269.0,-241.0,413.0,445.0,417.0,-281.0,69.0
16.0,,417.0,-191.0,-218.0,510.0,447.0,500.0,-301.0,118.0
-48.0,,367.0,-57.0,-148.0,513.0,443.0,99.0,-299.0,148.0
-87.0,,306.0,24.0,-66.0,417.0,419.0,319.0,-287.0,161.0
-112.0,,236.0,71.0,0.0,457.0,380.0,46.0,-277.0,105.0
-160.0,,129.0,138.0,44.0,587.0,348.0,234.0,-236.0,11.0
-190.0,,46.0,297.0,74.0,562.0,333.0,363.0,-190.0,-99.0
-177.0,,-69.0,519.0,85.0,436.0,307.0,269.0,-141.0,-203.0
-175.0,,-162.0,710.0,95.0,473.0,274.0,598.0,-91.0,-312.0
-186.0,,-258.0,850.0,113.0,512.0,249.0,290.0,-44.0,-377.0
-161.0,,-353.0,927.0,127.0,467.0,204.0,583.0,11.0,-410.0
-137.0,,-378.0,893.0,148.0,389.0,168.0,413.0,59.0,-421.0
-126.0,,-420.0,780.0,162.0,327.0,159.0,338.0,111.0,-366.0
-112.0,,-427.0,687.0,149.0,325.0,132.0,500.0,161.0,-335.0
-99.0,,-407.0,588.0,117.0,303.0,132.0,240.0,209.0,-305.0
-52.0,,-360.0,442.0,88.0,296.0,172.0,567.0,267.0,-253.0
-16.0,,-294.0,245.0,78.0,250.0,188.0,240.0,315.0,-212.0
-3.0,,-237.0,79.0,89.0,277.0,191.0,343.0,360.0,-203.0
28.0,,-135.0,-27.0,131.0,381.0,226.0,332.0,400.0,-196.0
64.0,,-55.0,-103.0,190.0,307.0,268.0,186.0,438.0,-224.0
79.0,,19.0,-176.0,228.0,203.0,259.0,485.0,480.0,-336.0
76.0,,110.0,-268.0,230.0,259.0,237.0,160.0,521.0,-453.0
87.0,,156.0,-294.0,208.0,340.0,228.0,485.0,547.0,-562.0
126.0,,194.0,-296.0,175.0,266.0,239.0,419.0,562.0,-648.0
170.0,,230.0,-284.0,126.0,165.0,238.0,450.0,568.0,-696.0
200.0,,232.0,-234.0,95.0,234.0,183.0,572.0,554.0,-715.0
212.0,,224.0,-249.0,102.0,310.0,152.0,256.0,516.0,-673.0
250.0,,226.0,-273.0,134.0,279.0,115.0,528.0,464.0,-591.0
307.0,,214.0,-190.0,167.0,230.0,74.0,260.0,400.0,-494.0
323.0,,176.0,-57.0,173.0,245.0,60.0,487.0,315.0,-351.0
341.0,,135.0,-35.0,156.0,232.0,52.0,535.0,218.0,-193.0
400.0,,98.0,-55.0,124.0,102.0,35.0,406.0,130.0,-53.0
457.0,,53.0,-13.0,101.0,100.0,-5.0,622.0,43.0,75.0
478.0,,-2.0,0.0,100.0,151.0,-7.0,262.0,-41.0,195.0
489.0,,-44.0,17.0,106.0,145.0,-1.0,509.0,-108.0,274.0
519.0,,-71.0,-10.0,111.0,234.0,-20.0,338.0,-170.0,333.0
541.0,,-119.0,-3.0,116.0,284.0,-21.0,395.0,-219.0,347.0
532.0,,-140.0,47.0,124.0,260.0,0.0,535.0,-253.0,327.0
493.0,,-164.0,17.0,119.0,273.0,-6.0,288.0,-291.0,333.0
484.0,,-200.0,60.0,88.0,322.0,-40.0,609.0,-322.0,313.0
509.0,,-209.0,77.0,32.0,298.0,-65.0,339.0,-343.0,331.0
513.0,,-254.0,-14.0,-42.0,303.0,-95.0,519.0,-365.0,325.0
493.0,,-270.0,-98.0,-113.0,421.0,-99.0,445.0,-381.0,310.0
501.0,,-291.0,-103.0,-161.0,409.0,-111.0,284.0,-395.0,343.0
540.0,,-314.0,-27.0,-181.0,289.0,-151.0,539.0,-408.0,366.0
543.0,,-316.0,-11.0,-183.0,276.0,-167.0,221.0,-420.0,425.0
526.0,,-356.0,-36.0,-170.0,338.0,-171.0,521.0,-433.0,484.0
545.0,,-341.0,-90.0,-152.0,320.0,-190.0,358.0,-443.0,550.0
594.0,,-358.0,-142.0,-139.0,237.0,-211.0,382.0,-468.0,602.0
593.0,,-385.0,-109.0,-132.0,275.0,-209.0,552.0,-497.0,628.0
582.0,,-384.0,-55.0,-120.0,375.0,-208.0,354.0,-510.0,628.0
614.0,,-406.0,-34.0,-97.0,335.0,-216.0,633.0,-510.0,611.0
645.0,,-394.0,-37.0,-66.0,298.0,-196.0,288.0,-480.0,595.0
638.0,,-387.0,1.0,-21.0,372.0,-156.0,437.0,-435.0,538.0
591.0,,-361.0,16.0,43.0,439.0,-155.0,356.0,-370.0,494.0
578.0,,-318.0,50.0,102.0,443.0,-163.0,234.0,-292.0,428.0
537.0,,-246.0,155.0,142.0,457.0,-135.0,467.0,-212.0,368.0
418.0,,-160.0,153.0,161.0,477.0,-127.0,120.0,-126.0,344.0
292.0,,-84.0,83.0,163.0,423.0,-156.0,415.0,-28.0,294.0
188.0,,16.0,32.0,149.0,386.0,-168.0,184.0,68.0,256.0
81.0,,116.0,-1.0,119.0,350.0,-163.0,186.0,142.0,250.0
-37.0,,208.0,-29.0,86.0,273.0,-207.0,286.0,220.0,265.0
-133.0,,301.0,-65.0,43.0,248.0,-274.0,42.0,278.0,286.0
-215.0,,397.0,-52.0,-23.0,315.0,-308.0,365.0,312.0,299.0
-258.0,,476.0,-86.0,-105.0,338.0,-346.0,123.0,328.0,304.0
-296.0,,534.0,-138.0,-190.0,279.0,-369.0,391.0,328.0,293.0
-366.0,,582.0,-114.0,-253.0,294.0,-355.0,354.0,307.0,306.0
-407.0,,616.0,-178.0,-284.0,327.0,-345.0,266.0,260.0,328.0
-405.0,,638.0,-235.0,-281.0,302.0,-333.0,528.0,224.0,328.0
-425.0,,649.0,-235.0,-257.0,273.0,-366.0,201.0,185.0,352.0
-486.0,,649.0,-227.0,-229.0,264.0,-401.0,489.0,139.0,399.0
-507.0,,637.0,-152.0,-198.0,263.0,-402.0,269.0,97.0,478.0
-490.0,,641.0,-236.0,-165.0,202.0,-422.0,269.0,53.0,582.0
-490.0,,646.0,-416.0,-132.0,127.0,-443.0,354.0,-5.0,680.0
-515.0,,638.0,-487.0,-96.0,184.0,-444.0,90.0,-78.0,776.0
-518.0,,632.0,-546.0,-70.0,181.0,-456.0,345.0,-145.0,850.0
-488.0,,631.0,-529.0,-38.0,94.0,-492.0,38.0,-202.0,857.0
-475.0,,618.0,-396.0,6.0,141.0,-490.0,271.0,-241.0,819.0
-466.0,,604.0,-284.0,47.0,152.0,-502.0,227.0,-254.0,696.0
-459.0,,602.0,-179.0,93.0,106.0,-518.0,140.0,-262.0,495.0
-439.0,,582.0,-107.0,123.0,65.0,-526.0,369.0,-266.0,295.0
-398.0,,573.0,-15.0,121.0,22.0,-550.0,44.0,-258.0,51.0
-351.0,,548.0,117.0,120.0,2.0,-568.0,293.0,-240.0,-162.0
-334.0,,523.0,251.0,134.0,-66.0,-606.0,3.0,-209.0,-349.0
-318.0,,507.0,415.0,148.0,-70.0,-623.0,-5.0,-171.0,-517.0
-257.0,,473.0,461.0,141.0,-60.0,-632.0,46.0,-137.0,-609.0
-204.0,,458.0,448.0,106.0,-174.0,-654.0,-121.0,-93.0,-656.0
-177.0,,431.0,431.0,64.0,-206.0,-682.0,251.0,-21.0,-639.0
-134.0,,425.0,349.0,32.0,-128.0,-692.0,-25.0,46.0,-579.0
-48.0,,407.0,249.0,29.0,-169.0,-665.0,195.0,101.0,-492.0
33.0,,358.0,217.0,40.0,-189.0,-627.0,57.0,159.0,-434.0
77.0,,339.0,250.0,53.0,-131.0,-606.0,-118.0,186.0,-366.0
121.0,,330.0,252.0,69.0,-183.0,-617.0,20.0,201.0,-284.0
183.0,,311.0,238.0,62.0,-239.0,-590.0,-286.0,213.0,-212.0
239.0,,302.0,244.0,30.0,-226.0,-562.0,109.0,218.0,-97.0
269.0,,295.0,262.0,-26.0,-204.0,-570.0,-18.0,233.0,2.0
291.0,,272.0,287.0,-84.0,-258.0,-581.0,94.0,224.0,99.0
320.0,,280.0,346.0,-129.0,-325.0,-574.0,83.0,189.0,211.0
362.0,,271.0,432.0,-156.0,-246.0,-567.0,-258.0,157.0,306.0
403.0,,255.0,501.0,-162.0,-188.0,-564.0,-44.0,100.0,402.0
444.0,,266.0,463.0,-165.0,-276.0,-529.0,-386.0,40.0,490.0
499.0,,261.0,337.0,-171.0,-355.0,-512.0,-134.0,-11.0,543.0
558.0,,257.0,197.0,-169.0,-302.0,-506.0,-221.0,-90.0,565.0
584.0,,230.0,73.0,-144.0,-254.0,-493.0,-267.0,-177.0,571.0
573.0,,219.0,-8.0,-101.0,-329.0,-456.0,-20.0,-299.0,547.0
571.0,,180.0,-70.0,-48.0,-315.0,-462.0,-291.0,-444.0,514.0
582.0,,107.0,-98.0,4.0,-284.0,-497.0,107.0,-570.0,439.0
553.0,,68.0,-129.0,37.0,-363.0,-467.0,-48.0,-693.0,347.0
485.0,,-6.0,-121.0,59.0,-275.0,-444.0,60.0,-795.0,246.0
448.0,,-71.0,-91.0,83.0,-184.0,-457.0,84.0,-877.0,127.0
446.0,,-128.0,-83.0,120.0,-250.0,-502.0,-179.0,-924.0,19.0
406.0,,-195.0,-112.0,170.0,-250.0,-517.0,42.0,-903.0,-108.0
312.0,,-247.0,-161.0,218.0,-218.0,-511.0,-308.0,-837.0,-197.0
254.0,,-316.0,-190.0,280.0,-234.0,-519.0,-99.0,-727.0,-241.0
238.0,,-353.0,-236.0,345.0,-280.0,-508.0,-288.0,-599.0,-241.0
211.0,,-392.0,-265.0,368.0,-246.0,-496.0,-360.0,-483.0,-241.0
176.0,,-413.0,-258.0,337.0,-160.0,-480.0,-157.0,-363.0,-247.0
138.0,,-415.0,-252.0,277.0,-191.0,-470.0,-452.0,-248.0,-211.0
144.0,,-436.0,-240.0,208.0,-218.0,-444.0,-70.0,-143.0,-188.0
193.0,,-424.0,-228.0,140.0,-179.0,-416.0,-251.0,-61.0,-149.0
222.0,,-424.0,-261.0,84.0,-133.0,-374.0,-112.0,-1.0,-131.0
229.0,,-410.0,-295.0,21.0,-103.0,-321.0,-59.0,60.0,-79.0
258.0,,-383.0,-325.0,-44.0,-125.0,-314.0,-279.0,121.0,-10.0
329.0,,-379.0,-344.0,-106.0,-84.0,-308.0,16.0,181.0,20.0
380.0,,-332.0,-307.0,-159.0,-84.0,-275.0,-205.0,221.0,59.0
393.0,,-308.0,-299.0,-185.0,-122.0,-270.0,107.0,227.0,67.0
420.0,,-289.0,-319.0,-183.0,-68.0,-280.0,5.0,211.0,78.0
441.0,,-236.0,-387.0,-155.0,-29.0,-278.0,-44.0,182.0,75.0
428.0,,-214.0,-518.0,-125.0,6.0,-289.0,48.0,149.0,93.0
375.0,,-183.0,-603.0,-94.0,-1.0,-304.0,-330.0,116.0,142.0
322.0,,-157.0,-598.0,-57.0,19.0,-311.0,-49.0,67.0,154.0
260.0,,-141.0,-570.0,-36.0,60.0,-315.0,-306.0,16.0,211.0
168.0,,-120.0,-608.0,-41.0,83.0,-322.0,-169.0,-35.0,301.0
100.0,,-114.0,-627.0,-50.0,122.0,-344.0,-131.0,-110.0,374.0
45.0,,-104.0,-582.0,-47.0,67.0,-333.0,-282.0,-191.0,445.0
-5.0,,-88.0,-525.0,-18.0,34.0,-304.0,5.0,-251.0,514.0
-45.0,,-81.0,-399.0,30.0,93.0,-316.0,-301.0,-303.0,566.0
-70.0,,-71.0,-275.0,86.0,106.0,-315.0,-27.0,-353.0,587.0
-69.0,,-50.0,-183.0,129.0,69.0,-301.0,-181.0,-381.0,563.0
-59.0,,-12.0,-100.0,128.0,147.0,-293.0,-197.0,-405.0,483.0
-57.0,,48.0,-87.0,98.0,256.0,-269.0,-57.0,-411.0,379.0
-59.0,,77.0,-121.0,50.0,221.0,-252.0,-343.0,-395.0,235.0
-62.0,,126.0,-155.0,-18.0,148.0,-233.0,40.0,-371.0,81.0
-48.0,,185.0,-173.0,-90.0,164.0,-211.0,-188.0,-332.0,-34.0
-34.0,,206.0,-211.0,-142.0,284.0,-185.0,-83.0,-301.0,-123.0
-45.0,,262.0,-249.0,-171.0,334.0,-169.0,-188.0,-270.0,-154.0
-59.0,,274.0,-212.0,-195.0,234.0,-165.0,-469.0,-252.0,-146.0
-66.0,,283.0,-163.0,-207.0,218.0,-119.0,-258.0,-234.0,-126.0
-91.0,,310.0,-202.0,-203.0,244.0,-71.0,-545.0,-213.0,-87.0
-136.0,,304.0,-221.0,-174.0,202.0,-93.0,-221.0,-208.0,-40.0
-179.0,,300.0,-217.0,-141.0,231.0,-126.0,-371.0,-190.0,-7.0
-213.0,,292.0,-213.0,-107.0,300.0,-113.0,-358.0,-169.0,11.0
-260.0,,280.0,-94.0,-73.0,368.0,-113.0,-181.0,-145.0,1.0
-315.0,,253.0,30.0,-46.0,354.0,-135.0,-439.0,-120.0,-41.0
-342.0,,240.0,106.0,-42.0,301.0,-127.0,-79.0,-95.0,-109.0
-334.0,,215.0,164.0,-75.0,340.0,-121.0,-327.0,-49.0,-224.0
-325.0,,210.0,214.0,-111.0,409.0,-129.0,-208.0,-7.0,-367.0
-321.0,,209.0,280.0,-125.0,475.0,-82.0,-253.0,25.0,-527.0
-319.0,,185.0,307.0,-92.0,467.0,-38.0,-412.0,64.0,-681.0
-305.0,,203.0,290.0,-31.0,413.0,-34.0,-134.0,95.0,-812.0
-253.0,,211.0,280.0,15.0,431.0,3.0,-376.0,101.0,-903.0
-244.0,,219.0,242.0,42.0,507.0,49.0,-46.0,96.0,-960.0
-268.0,,210.0,169.0,52.0,514.0,84.0,-210.0,83.0,-945.0
-237.0,,191.0,102.0,63.0,500.0,115.0,-199.0,69.0,-857.0
-187.0,,195.0,31.0,68.0,553.0,143.0,-88.0,53.0,-758.0
-166.0,,144.0,51.0,72.0,590.0,190.0,-384.0,24.0,-635.0
-156.0,,107.0,111.0,77.0,548.0,237.0,-96.0,5.0,-521.0
-142.0,,89.0,171.0,79.0,470.0,258.0,-404.0,-25.0,-404.0
-135.0,,56.0,185.0,83.0,495.0,282.0,-229.0,-58.0,-303.0
-150.0,,29.0,86.0,68.0,518.0,332.0,-195.0,-77.0,-235.0
-178.0,,-11.0,57.0,38.0,454.0,353.0,-306.0,-118.0,-180.0
-199.0,,-49.0,33.0,8.0,441.0,353.0,-40.0,-168.0,-141.0
-212.0,,-81.0,38.0,-19.0,508.0,358.0,-319.0,-210.0,-100.0
-234.0,,-118.0,141.0,-39.0,548.0,339.0,-24.0,-250.0,-87.0
-262.0,,-164.0,161.0,-43.0,525.0,342.0,-195.0,-277.0,-67.0
-273.0,,-186.0,186.0,-11.0,521.0,357.0,-142.0,-282.0,-42.0
-285.0,,-205.0,212.0,56.0,536.0,341.0,57.0,-276.0,-28.0
-307.0,,-239.0,180.0,138.0,539.0,328.0,-134.0,-263.0,-11.0
-322.0,,-277.0,170.0,214.0,521.0,328.0,199.0,-228.0,-22.0
-313.0,,-301.0,145.0,255.0,571.0,311.0,-88.0,-181.0,-41.0
-273.0,,-307.0,142.0,262.0,580.0,300.0,51.0,-121.0,-67.0
-252.0,,-346.0,246.0,252.0,486.0,300.0,40.0,-55.0,-119.0
-248.0,,-347.0,324.0,229.0,501.0,289.0,-31.0,0.0,-178.0
-249.0,,-328.0,340.0,201.0,529.0,275.0,279.0,54.0,-230.0
-226.0,,-336.0,425.0,172.0,554.0,257.0,-1.0,93.0,-265.0
-166.0,,-310.0,497.0,144.0,574.0,260.0,236.0,131.0,-274.0
-148.0,,-315.0,487.0,123.0,528.0,297.0,5.0,161.0,-259.0
-140.0,,-306.0,453.0,96.0,538.0,313.0,1.0,179.0,-205.0
-84.0,,-284.0,407.0,58.0,580.0,300.0,92.0,190.0,-130.0
-16.0,,-289.0,315.0,16.0,637.0,306.0,-147.0,193.0,-19.0
12.0,,-252.0,162.0,-21.0,628.0,305.0,157.0,201.0,109.0
41.0,,-240.0,-1.0,-37.0,555.0,300.0,-182.0,207.0,251.0
91.0,,-227.0,-117.0,-23.0,590.0,314.0,22.0,200.0,407.0
141.0,,-199.0,-173.0,23.0,703.0,323.0,22.0,181.0,501.0
196.0,,-180.0,-183.0,97.0,695.0,324.0,-109.0,147.0,573.0
231.0,,-158.0,-204.0,190.0,574.0,331.0,110.0,110.0,629.0
261.0,,-131.0,-313.0,271.0,621.0,350.0,-221.0,87.0,598.0
264.0,,-93.0,-325.0,301.0,700.0,358.0,40.0,77.0,538.0
249.0,,-79.0,-206.0,295.0,611.0,359.0,-175.0,83.0,439.0
250.0,,-43.0,-96.0,257.0,596.0,369.0,-83.0,107.0,276.0
238.0,,-11.0,93.0,202.0,670.0,405.0,42.0,130.0,93.0
223.0,,7.0,185.0,159.0,709.0,428.0,-155.0,150.0,-113.0
180.0,,31.0,165.0,127.0,677.0,444.0,218.0,178.0,-321.0
129.0,,46.0,228.0,105.0,658.0,472.0,-70.0,216.0,-488.0
89.0,,57.0,216.0,91.0,722.0,470.0,133.0,251.0,-628.0
57.0,,61.0,173.0,86.0,722.0,471.0,55.0,279.0,-764.0
21.0,,51.0,116.0,77.0,714.0,490.0,-64.0,289.0,-864.0
-36.0,,24.0,62.0,58.0,702.0,515.0,157.0,290.0,-920.0
-83.0,,4.0,121.0,36.0,634.0,499.0,-153.0,294.0,-960.0
-138.0,,-43.0,133.0,7.0,631.0,486.0,110.0,276.0,-954.0
-195.0,,-90.0,104.0,-14.0,625.0,523.0,-164.0,248.0,-904.0
-264.0,,-126.0,55.0,-15.0,540.0,546.0,-116.0,214.0,-825.0
-328.0,,-153.0,-76.0,-3.0,503.0,559.0,42.0,174.0,-693.0
-365.0,,-186.0,-162.0,5.0,603.0,562.0,-116.0,150.0,-563.0
-413.0,,-227.0,-201.0,3.0,625.0,601.0,273.0,126.0,-452.0
-467.0,,-238.0,-288.0,0.0,535.0,651.0,77.0,95.0,-348.0
-508.0,,-255.0,-321.0,3.0,521.0,670.0,325.0,50.0,-257.0
-512.0,,-258.0,-366.0,-7.0,557.0,678.0,229.0,-2.0,-149.0
-494.0,,-268.0,-434.0,-35.0,532.0,676.0,81.0,-51.0,-66.0
-490.0,,-265.0,-449.0,-76.0,375.0,685.0,334.0,-96.0,-2.0
-478.0,,-232.0,-492.0,-115.0,344.0,700.0,49.0,-139.0,57.0
-411.0,,-222.0,-427.0,-135.0,479.0,725.0,338.0,-172.0,86.0
-336.0,,-214.0,-394.0,-142.0,510.0,740.0,134.0,-181.0,97.0
-301.0,,-180.0,-405.0,-145.0,433.0,727.0,194.0,-171.0,116.0
-244.0,,-154.0,-303.0,-149.0,349.0,704.0,293.0,-151.0,134.0
-157.0,,-153.0,-247.0,-160.0,396.0,688.0,31.0,-105.0,173.0
-89.0,,-112.0,-177.0,-168.0,421.0,680.0,347.0,-43.0,238.0
-65.0,,-97.0,-114.0,-169.0,365.0,662.0,62.0,6.0,288.0
-59.0,,-78.0,-48.0,-171.0,375.0,653.0,254.0,45.0,370.0
-25.0,,-41.0,-10.0,-174.0,369.0,658.0,140.0,67.0,433.0
-1.0,,-39.0,-6.0,-170.0,390.0,662.0,-59.0,86.0,450.0
-38.0,,-24.0,103.0,-147.0,363.0,676.0,201.0,94.0,475.0
-85.0,,-28.0,158.0,-101.0,287.0,683.0,-51.0,83.0,495.0
-89.0,,-25.0,191.0,-49.0,346.0,675.0,251.0,71.0,505.0
-92.0,,-34.0,278.0,7.0,389.0,656.0,1.0,48.0,498.0
-128.0,,-38.0,333.0,56.0,304.0,630.0,9.0,9.0,479.0
-158.0,,-56.0,340.0,78.0,198.0,605.0,97.0,-31.0,430.0
-152.0,,-75.0,331.0,84.0,221.0,610.0,-86.0,-79.0,370.0
-137.0,,-82.0,273.0,79.0,252.0,587.0,291.0,-148.0,316.0
-142.0,,-120.0,185.0,44.0,90.0,532.0,-48.0,-230.0,288.0
-136.0,,-122.0,252.0,-10.0,-31.0,528.0,138.0,-314.0,288.0
-101.0,,-131.0,336.0,-54.0,30.0,511.0,103.0,-383.0,315.0
-67.0,,-151.0,318.0,-85.0,127.0,507.0,42.0,-443.0,386.0
-34.0,,-176.0,299.0,-106.0,99.0,528.0,351.0,-484.0,460.0
-7.0,,-193.0,245.0,-121.0,10.0,522.0,73.0,-495.0,548.0
17.0,,-200.0,214.0,-128.0,57.0,523.0,334.0,-489.0,618.0
46.0,,-236.0,242.0,-123.0,89.0,528.0,5.0,-450.0,653.0
66.0,,-246.0,173.0,-90.0,18.0,523.0,-81.0,-376.0,677.0
80.0,,-238.0,115.0,-17.0,-29.0,501.0,-60.0,-281.0,682.0
80.0,,-232.0,111.0,56.0,-14.0,501.0,-260.0,-174.0,664.0
77.0,,-232.0,96.0,95.0,-3.0,491.0,166.0,-51.0,622.0
89.0,,-225.0,106.0,108.0,-125.0,447.0,-14.0,71.0,581.0
92.0,,-223.0,-10.0,113.0,-175.0,411.0,249.0,161.0,534.0
77.0,,-213.0,-69.0,110.0,-117.0,379.0,225.0,242.0,503.0
48.0,,-198.0,-28.0,107.0,-107.0,342.0,166.0,316.0,497.0
5.0,,-196.0,-26.0,108.0,-128.0,305.0,397.0,378.0,491.0
-25.0,,-179.0,-23.0,103.0,-182.0,250.0,68.0,447.0,493.0
-30.0,,-160.0,-86.0,80.0,-185.0,210.0,347.0,502.0,501.0
-17.0,,-139.0,-32.0,41.0,-202.0,225.0,133.0,532.0,506.0
-35.0,,-126.0,41.0,10.0,-240.0,221.0,205.0,556.0,497.0
-65.0,,-80.0,31.0,-17.0,-294.0,210.0,258.0,534.0,493.0
-47.0,,-46.0,153.0,-34.0,-300.0,229.0,-42.0,459.0,490.0
-10.0,,-37.0,287.0,-25.0,-238.0,228.0,194.0,381.0,467.0
-18.0,,-2.0,337.0,14.0,-337.0,227.0,-138.0,302.0,426.0
-54.0,,17.0,425.0,76.0,-442.0,230.0,147.0,201.0,356.0
-51.0,,40.0,508.0,141.0,-386.0,212.0,157.0,116.0,270.0
-39.0,,54.0,539.0,200.0,-283.0,193.0,49.0,68.0,202.0
-64.0,,65.0,538.0,228.0,-314.0,146.0,232.0,40.0,152.0
-110.0,,100.0,541.0,234.0,-444.0,112.0,-70.0,45.0,90.0
-147.0,,104.0,577.0,242.0,-403.0,111.0,312.0,77.0,60.0
-175.0,,107.0,540.0,262.0,-287.0,92.0,168.0,126.0,33.0
-206.0,,150.0,412.0,273.0,-372.0,88.0,247.0,192.0,-15.0
-259.0,,157.0,306.0,263.0,-496.0,67.0,290.0,269.0,-58.0
-326.0,,164.0,227.0,247.0,-413.0,64.0,18.0,342.0,-101.0
-349.0,,182.0,149.0,227.0,-345.0,75.0,293.0,410.0,-131.0
-356.0,,169.0,114.0,195.0,-398.0,67.0,-48.0,490.0,-156.0
-398.0,,156.0,59.0,139.0,-419.0,76.0,201.0,572.0,-173.0
-438.0,,136.0,106.0,79.0,-377.0,77.0,155.0,643.0,-194.0
-419.0,,125.0,91.0,35.0,-307.0,85.0,70.0,706.0,-194.0
-395.0,,112.0,-134.0,15.0,-348.0,49.0,332.0,744.0,-168.0
-421.0,,98.0,-250.0,15.0,-438.0,-4.0,68.0,738.0,-119.0
-439.0,,61.0,-274.0,22.0,-405.0,-15.0,291.0,699.0,-56.0
-417.0,,39.0,-207.0,27.0,-311.0,-22.0,-51.0,620.0,22.0
-411.0,,26.0,-175.0,38.0,-239.0,-45.0,-9.0,500.0,104.0
-449.0,,2.0,-230.0,63.0,-289.0,-49.0,48.0,357.0,181.0
-468.0,,27.0,-184.0,83.0,-366.0,-44.0,-64.0,209.0,247.0
-457.0,,13.0,-83.0,100.0,-245.0,-70.0,373.0,45.0,277.0
-447.0,,23.0,30.0,124.0,-153.0,-85.0,77.0,-124.0,306.0
-467.0,,53.0,45.0,149.0,-271.0,-78.0,216.0,-287.0,296.0
-476.0,,48.0,-10.0,175.0,-363.0,-82.0,-33.0,-446.0,290.0
-439.0,,71.0,-20.0,199.0,-270.0,-87.0,-195.0,-585.0,288.0
-431.0,,60.0,-45.0,218.0,-220.0,-73.0,66.0,-700.0,254.0
-431.0,,73.0,-118.0,234.0,-390.0,-71.0,-157.0,-797.0,232.0
-404.0,,89.0,-159.0,245.0,-427.0,-68.0,125.0,-871.0,190.0
-369.0,,66.0,-157.0,241.0,-212.0,-49.0,-164.0,-910.0,167.0
-310.0,,86.0,-113.0,224.0,-129.0,-29.0,-110.0,-912.0,155.0
-280.0,,77.0,-157.0,197.0,-265.0,-12.0,-51.0,-890.0,144.0
-277.0,,69.0,-260.0,165.0,-279.0,-26.0,-203.0,-852.0,148.0
-240.0,,46.0,-259.0,120.0,-169.0,-50.0,195.0,-797.0,140.0
-161.0,,0.0,-287.0,82.0,-196.0,-67.0,-68.0,-725.0,112.0
-106.0,,-15.0,-307.0,60.0,-267.0,-70.0,160.0,-651.0,59.0
-99.0,,-62.0,-292.0,43.0,-296.0,-93.0,77.0,-580.0,9.0
-65.0,,-84.0,-314.0,41.0,-280.0,-132.0,48.0,-514.0,-27.0
-10.0,,-97.0,-326.0,24.0,-227.0,-130.0,267.0,-466.0,-45.0
11.0,,-112.0,-214.0,-24.0,-222.0,-142.0,-188.0,-438.0,-70.0
-27.0,,-99.0,-81.0,-103.0,-223.0,-162.0,-5.0,-419.0,-102.0
-50.0,,-114.0,-34.0,-187.0,-158.0,-148.0,-262.0,-421.0,-125.0
-45.0,,-116.0,36.0,-250.0,-96.0,-146.0,-229.0,-420.0,-140.0
-79.0,,-108.0,60.0,-310.0,-156.0,-174.0,-84.0,-404.0,-136.0
-101.0,,-114.0,119.0,-365.0,-287.0,-202.0,-151.0,-400.0,-118.0
-103.0,,-126.0,181.0,-416.0,-263.0,-221.0,247.0,-396.0,-90.0
-73.0,,-130.0,179.0,-449.0,-91.0,-245.0,-31.0,-389.0,-52.0
-48.0,,-143.0,175.0,-461.0,-128.0,-272.0,94.0,-377.0,1.0
-56.0,,-161.0,128.0,-460.0,-301.0,-285.0,-97.0,-383.0,38.0
-59.0,,-167.0,144.0,-438.0,-247.0,-276.0,-201.0,-389.0,83.0
-54.0,,-208.0,152.0,-393.0,-86.0,-255.0,-1.0,-383.0,118.0
-47.0,,-209.0,181.0,-313.0,-114.0,-231.0,-404.0,-379.0,121.0
-56.0,,-206.0,303.0,-210.0,-245.0,-210.0,-253.0,-348.0,160.0
-57.0,,-242.0,327.0,-106.0,-211.0,-218.0,-498.0,-302.0,177.0
-55.0,,-243.0,351.0,-24.0,-130.0,-229.0,-249.0,-260.0,150.0
-52.0,,-256.0,432.0,15.0,-204.0,-215.0,33.0,-220.0,106.0
-66.0,,-271.0,411.0,20.0,-292.0,-218.0,-129.0,-168.0,45.0
-89.0,,-276.0,386.0,-3.0,-267.0,-236.0,64.0,-119.0,-44.0
-78.0,,-290.0,396.0,-36.0,-238.0,-253.0,-351.0,-80.0,-157.0
-106.0,,-271.0,480.0,-59.0,-278.0,-245.0,-166.0,-32.0,-254.0
-134.0,,-247.0,527.0,-78.0,-279.0,-229.0,-284.0,-7.0,-344.0
-124.0,,-230.0,426.0,-102.0,-172.0,-237.0,-400.0,8.0,-402.0
-117.0,,-196.0,458.0,-138.0,-99.0,-241.0,-179.0,24.0,-428.0
-120.0,,-155.0,477.0,-163.0,-155.0,-246.0,-487.0,33.0,-422.0
-131.0,,-96.0,413.0,-150.0,-298.0,-237.0,-247.0,64.0,-366.0
-123.0,,-34.0,452.0,-103.0,-338.0,-212.0,-478.0,106.0,-304.0
-127.0,,20.0,488.0,-28.0,-212.0,-204.0,-301.0,151.0,-240.0
-132.0,,94.0,454.0,50.0,-196.0,-194.0,-99.0,214.0,-154.0
-148.0,,172.0,387.0,127.0,-317.0,-178.0,-223.0,268.0,-73.0
-172.0,,232.0,318.0,212.0,-338.0,-166.0,66.0,311.0,-6.0
-170.0,,296.0,224.0,286.0,-159.0,-146.0,-282.0,355.0,50.0
-167.0,,349.0,194.0,318.0,-99.0,-124.0,-29.0,380.0,104.0
-185.0,,383.0,202.0,286.0,-262.0,-96.0,-138.0,402.0,144.0
-209.0,,411.0,217.0,197.0,-307.0,-107.0,-308.0,418.0,142.0
-184.0,,411.0,218.0,99.0,-150.0,-119.0,-179.0,424.0,133.0
-173.0,,422.0,85.0,31.0,-106.0,-85.0,-528.0,428.0,81.0
-210.0,,425.0,-19.0,13.0,-339.0,-69.0,-110.0,414.0,-3.0
-257.0,,407.0,6.0,28.0,-421.0,-87.0,-195.0,384.0,-75.0
-279.0,,389.0,-34.0,43.0,-328.0,-99.0,-53.0,344.0,-166.0
-309.0,,361.0,-56.0,56.0,-326.0,-85.0,38.0,295.0,-255.0
-401.0,,326.0,-23.0,50.0,-400.0,-108.0,-158.0,246.0,-340.0
-481.0,,281.0,-11.0,18.0,-495.0,-135.0,168.0,202.0,-409.0
-537.0,,224.0,30.0,-36.0,-438.0,-166.0,-205.0,137.0,-448.0
-590.0,,159.0,-17.0,-102.0,-426.0,-171.0,25.0,71.0,-471.0
-644.0,,106.0,-11.0,-152.0,-495.0,-150.0,27.0,12.0,-470.0
-701.0,,32.0,89.0,-185.0,-477.0,-176.0,11.0,-40.0,-463.0
-735.0,,-17.0,162.0,-196.0,-471.0,-173.0,288.0,-61.0,-457.0
-750.0,,-49.0,214.0,-185.0,-467.0,-170.0,-31.0,-71.0,-410.0
-772.0,,-101.0,238.0,-160.0,-548.0,-165.0,234.0,-66.0,-349.0
-779.0,,-124.0,246.0,-132.0,-648.0,-149.0,-36.0,-48.0,-298.0
-745.0,,-162.0,165.0,-110.0,-606.0,-147.0,-33.0,-28.0,-217.0
-715.0,,-173.0,20.0,-73.0,-570.0,-129.0,16.0,-22.0,-131.0
-696.0,,-137.0,-19.0,-4.0,-659.0,-113.0,-181.0,-17.0,-52.0
-671.0,,-117.0,-21.0,92.0,-720.0,-135.0,218.0,-13.0,46.0
-645.0,,-61.0,-102.0,202.0,-630.0,-157.0,96.0,-25.0,137.0
-630.0,,2.0,-193.0,285.0,-545.0,-151.0,404.0,-28.0,226.0
-616.0,,55.0,-275.0,324.0,-600.0,-157.0,266.0,-28.0,331.0
-598.0,,125.0,-190.0,327.0,-659.0,-171.0,133.0,-35.0,419.0
-577.0,,136.0,-106.0,310.0,-672.0,-176.0,306.0,-55.0,504.0
-557.0,,133.0,-165.0,295.0,-751.0,-177.0,-20.0,-64.0,573.0
-544.0,,145.0,-129.0,278.0,-859.0,-194.0,288.0,-80.0,594.0
-539.0,,86.0,-114.0,253.0,-889.0,-208.0,62.0,-115.0,584.0
-531.0,,34.0,-155.0,239.0,-788.0,-207.0,195.0,-144.0,544.0
-522.0,,-35.0,-193.0,243.0,-766.0,-198.0,386.0,-181.0,493.0
-524.0,,-109.0,-299.0,259.0,-902.0,-174.0,232.0,-227.0,443.0
-507.0,,-185.0,-297.0,278.0,-941.0,-159.0,526.0,-278.0,381.0
-475.0,,-304.0,-141.0,288.0,-855.0,-173.0,247.0,-318.0,311.0
-416.0,,-363.0,-127.0,290.0,-800.0,-213.0,526.0,-347.0,241.0
-353.0,,-428.0,-55.0,294.0,-883.0,-246.0,424.0,-361.0,152.0
-305.0,,-476.0,217.0,297.0,-980.0,-266.0,338.0,-354.0,60.0
-223.0,,-501.0,304.0,289.0,-981.0,-287.0,550.0,-356.0,-7.0
-115.0,,-530.0,279.0,253.0,-941.0,-314.0,219.0,-339.0,-77.0
-30.0,,-523.0,335.0,196.0,-911.0,-336.0,546.0,-321.0,-99.0
8.0,,-523.0,435.0,151.0,-999.0,-359.0,338.0,-311.0,-84.0
61.0,,-520.0,530.0,123.0,-1095.0,-396.0,397.0,-301.0,-65.0
160.0,,-488.0,519.0,97.0,-1062.0,-416.0,441.0,-319.0,-41.0
222.0,,-439.0,480.0,57.0,-1042.0,-412.0,232.0,-336.0,-8.0
249.0,,-411.0,505.0,-9.0,-1025.0,-417.0,521.0,-363.0,40.0
328.0,,-360.0,406.0,-91.0,-937.0,-432.0,205.0,-401.0,88.0
437.0,,-323.0,328.0,-181.0,-851.0,-428.0,476.0,-405.0,144.0
512.0,,-265.0,434.0,-277.0,-913.0,-411.0,424.0,-394.0,179.0
554.0,,-198.0,536.0,-355.0,-1026.0,-411.0,410.0,-365.0,194.0
603.0,,-173.0,636.0,-393.0,-968.0,-423.0,598.0,-328.0,145.0
627.0,,-121.0,640.0,-396.0,-875.0,-395.0,214.0,-295.0,63.0
619.0,,-91.0,582.0,-395.0,-918.0,-364.0,450.0,-243.0,-30.0
617.0,,-38.0,622.0,-402.0,-1022.0,-363.0,184.0,-201.0,-151.0
581.0,,-3.0,610.0,-419.0,-932.0,-349.0,360.0,-163.0,-239.0
534.0,,19.0,467.0,-442.0,-769.0,-341.0,500.0,-111.0,-312.0
473.0,,58.0,347.0,-451.0,-754.0,-336.0,304.0,-58.0,-373.0
410.0,,80.0,242.0,-435.0,-761.0,-316.0,563.0,-14.0,-424.0
348.0,,81.0,115.0,-407.0,-721.0,-284.0,195.0,14.0,-481.0
266.0,,98.0,-30.0,-384.0,-629.0,-257.0,376.0,39.0,-534.0
192.0,,132.0,-59.0,-361.0,-623.0,-225.0,221.0,59.0,-578.0
112.0,,128.0,75.0,-327.0,-692.0,-186.0,160.0,91.0,-610.0
41.0,,155.0,-32.0,-277.0,-665.0,-151.0,325.0,121.0,-605.0
-25.0,,162.0,-83.0,-207.0,-561.0,-104.0,18.0,138.0,-587.0
-74.0,,189.0,-3.0,-132.0,-452.0,-43.0,417.0,167.0,-574.0
-105.0,,218.0,-104.0,-65.0,-454.0,7.0,212.0,205.0,-550.0
-147.0,,228.0,-70.0,-16.0,-523.0,24.0,238.0,251.0,-533.0
-155.0,,270.0,-59.0,14.0,-485.0,58.0,184.0,296.0,-508.0
-160.0,,289.0,-90.0,14.0,-417.0,113.0,-62.0,331.0,-485.0
-191.0,,333.0,-65.0,1.0,-441.0,119.0,229.0,363.0,-461.0
-242.0,,352.0,-117.0,1.0,-478.0,88.0,-22.0,392.0,-434.0
-250.0,,359.0,-120.0,3.0,-354.0,93.0,310.0,427.0,-399.0
-234.0,,353.0,-107.0,0.0,-241.0,123.0,223.0,465.0,-368.0
-259.0,,330.0,-44.0,-17.0,-260.0,115.0,114.0,500.0,-338.0
-279.0,,303.0,88.0,-34.0,-225.0,109.0,206.0,529.0,-319.0
-267.0,,265.0,152.0,-48.0,-177.0,125.0,-90.0,552.0,-288.0
-237.0,,243.0,131.0,-60.0,-173.0,126.0,288.0,572.0,-229.0
-225.0,,185.0,37.0,-57.0,-277.0,88.0,72.0,584.0,-181.0
-221.0,,142.0,-16.0,-50.0,-277.0,59.0,166.0,594.0,-114.0
-198.0,,98.0,7.0,-33.0,-140.0,63.0,140.0,602.0,-56.0
-173.0,,34.0,3.0,-14.0,-181.0,61.0,-96.0,595.0,-7.0
-160.0,,0.0,29.0,-9.0,-214.0,56.0,144.0,585.0,36.0
-130.0,,-50.0,107.0,-21.0,-148.0,55.0,-229.0,560.0,53.0
-72.0,,-97.0,39.0,-44.0,-54.0,81.0,-20.0,521.0,54.0
-37.0,,-112.0,-26.0,-65.0,25.0,70.0,-145.0,484.0,57.0
-4.0,,-135.0,155.0,-93.0,-29.0,38.0,-131.0,434.0,49.0
52.0,,-141.0,228.0,-149.0,-68.0,37.0,62.0,371.0,26.0
107.0,,-141.0,252.0,-242.0,14.0,-9.0,-242.0,307.0,26.0
135.0,,-147.0,434.0,-357.0,69.0,-63.0,38.0,254.0,19.0
156.0,,-128.0,475.0,-457.0,57.0,-85.0,-238.0,218.0,28.0
196.0,,-135.0,472.0,-525.0,-59.0,-76.0,-27.0,179.0,33.0
236.0,,-145.0,560.0,-577.0,-186.0,-59.0,94.0,144.0,18.0
280.0,,-139.0,619.0,-633.0,-60.0,-64.0,-20.0,114.0,29.0
303.0,,-140.0,659.0,-696.0,121.0,-75.0,275.0,69.0,37.0
315.0,,-160.0,709.0,-758.0,109.0,-75.0,-145.0,37.0,39.0
344.0,,-162.0,719.0,-821.0,55.0,-76.0,-14.0,14.0,33.0
379.0,,-164.0,680.0,-891.0,26.0,-109.0,-169.0,-7.0,-14.0
415.0,,-168.0,672.0,-948.0,24.0,-125.0,-97.0,-13.0,-116.0
425.0,,-191.0,706.0,-960.0,47.0,-115.0,149.0,-25.0,-246.0
444.0,,-228.0,782.0,-918.0,0.0,-126.0,-144.0,-56.0,-403.0
493.0,,-214.0,797.0,-835.0,-55.0,-125.0,103.0,-76.0,-562.0
524.0,,-245.0,702.0,-722.0,-112.0,-96.0,-221.0,-86.0,-685.0
513.0,,-276.0,660.0,-570.0,-85.0,-105.0,-66.0,-100.0,-759.0
488.0,,-275.0,563.0,-376.0,43.0,-116.0,-42.0,-114.0,-790.0
466.0,,-281.0,421.0,-166.0,8.0,-102.0,-260.0,-126.0,-794.0
423.0,,-264.0,361.0,30.0,-44.0,-132.0,-25.0,-152.0,-763.0
359.0,,-232.0,252.0,201.0,31.0,-172.0,-327.0,-186.0,-685.0
298.0,,-204.0,186.0,354.0,98.0,-207.0,0.0,-231.0,-563.0
264.0,,-174.0,242.0,495.0,98.0,-228.0,-103.0,-288.0,-412.0
240.0,,-152.0,240.0,613.0,-10.0,-241.0,-101.0,-341.0,-232.0
187.0,,-136.0,180.0,698.0,-50.0,-275.0,105.0,-385.0,-27.0
136.0,,-117.0,256.0,736.0,5.0,-321.0,-144.0,-405.0,191.0
124.0,,-142.0,251.0,725.0,39.0,-339.0,173.0,-424.0,408.0
132.0,,-146.0,206.0,653.0,87.0,-331.0,-99.0,-431.0,581.0
122.0,,-158.0,288.0,517.0,52.0,-345.0,38.0,-415.0,694.0
103.0,,-219.0,286.0,359.0,38.0,-366.0,35.0,-397.0,773.0
119.0,,-246.0,298.0,217.0,98.0,-355.0,-188.0,-340.0,822.0
164.0,,-319.0,287.0,101.0,81.0,-334.0,-3.0,-275.0,802.0
197.0,,-399.0,215.0,5.0,-2.0,-341.0,-424.0,-205.0,731.0
209.0,,-452.0,114.0,-97.0,-31.0,-338.0,-197.0,-119.0,621.0
252.0,,-527.0,31.0,-189.0,32.0,-330.0,-312.0,-26.0,481.0
291.0,,-562.0,51.0,-235.0,27.0,-338.0,-240.0,56.0,288.0
272.0,,-625.0,105.0,-238.0,59.0,-323.0,11.0,130.0,76.0
243.0,,-700.0,176.0,-210.0,114.0,-305.0,-219.0,201.0,-82.0
215.0,,-726.0,155.0,-147.0,154.0,-285.0,73.0,264.0,-254.0
200.0,,-777.0,65.0,-60.0,246.0,-252.0,-336.0,333.0,-407.0
183.0,,-802.0,27.0,48.0,170.0,-235.0,-347.0,380.0,-493.0
135.0,,-797.0,6.0,170.0,123.0,-218.0,-441.0,444.0,-574.0
104.0,,-778.0,-68.0,295.0,152.0,-206.0,-582.0,515.0,-622.0
103.0,,-725.0,-129.0,426.0,102.0,-192.0,-232.0,570.0,-612.0
99.0,,-686.0,-216.0,555.0,110.0,-171.0,-522.0,627.0,-591.0
73.0,,-633.0,-352.0,671.0,162.0,-144.0,-273.0,672.0,-538.0
50.0,,-571.0,-332.0,756.0,199.0,-110.0,-432.0,716.0,-455.0
56.0,,-512.0,-304.0,790.0,172.0,-93.0,-375.0,729.0,-405.0
61.0,,-434.0,-362.0,751.0,160.0,-52.0,-221.0,709.0,-374.0
51.0,,-369.0,-332.0,656.0,269.0,-20.0,-574.0,686.0,-350.0
46.0,,-308.0,-293.0,539.0,352.0,-15.0,-356.0,643.0,-360.0
78.0,,-234.0,-237.0,420.0,323.0,20.0,-691.0,568.0,-400.0
100.0,,-193.0,-53.0,303.0,289.0,53.0,-511.0,486.0,-436.0
99.0,,-175.0,160.0,179.0,335.0,71.0,-428.0,401.0,-459.0
129.0,,-142.0,254.0,60.0,392.0,93.0,-495.0,300.0,-460.0
156.0,,-152.0,293.0,-27.0,372.0,107.0,-229.0,208.0,-453.0
161.0,,-157.0,384.0,-85.0,358.0,99.0,-537.0,137.0,-487.0
152.0,,-159.0,397.0,-136.0,367.0,109.0,-190.0,70.0,-495.0
146.0,,-174.0,352.0,-206.0,385.0,135.0,-269.0,20.0,-485.0
168.0,,-168.0,346.0,-303.0,361.0,130.0,-188.0,-9.0,-514.0
183.0,,-182.0,254.0,-420.0,310.0,135.0,-109.0,-40.0,-504.0
151.0,,-176.0,97.0,-542.0,311.0,142.0,-532.0,-59.0,-496.0
120.0,,-152.0,104.0,-634.0,318.0,130.0,-376.0,-74.0,-480.0
141.0,,-141.0,155.0,-655.0,342.0,132.0,-739.0,-87.0,-421.0
172.0,,-144.0,42.0,-562.0,323.0,135.0,-521.0,-96.0,-419.0
155.0,,-110.0,-99.0,-342.0,348.0,126.0,-458.0,-95.0,-422.0
135.0,,-103.0,-107.0,-46.0,440.0,115.0,-500.0,-94.0,-426.0
175.0,,-84.0,-23.0,239.0,406.0,101.0,-230.0,-95.0,-449.0
233.0,,-41.0,24.0,406.0,373.0,91.0,-594.0,-98.0,-464.0
274.0,,-47.0,83.0,422.0,377.0,80.0,-334.0,-116.0,-506.0
309.0,,1.0,155.0,344.0,315.0,63.0,-493.0,-131.0,-516.0
382.0,,14.0,230.0,211.0,229.0,62.0,-380.0,-143.0,-504.0
467.0,,36.0,273.0,33.0,138.0,60.0,-153.0,-158.0,-497.0
497.0,,54.0,318.0,-182.0,235.0,31.0,-301.0,-186.0,-489.0
529.0,,40.0,404.0,-419.0,339.0,-1.0,90.0,-220.0,-469.0
592.0,,62.0,443.0,-654.0,242.0,-8.0,-144.0,-237.0,-428.0
635.0,,28.0,448.0,-867.0,252.0,-11.0,75.0,-261.0,-393.0
650.0,,19.0,454.0,-1062.0,325.0,7.0,48.0,-270.0,-349.0
659.0,,32.0,460.0,-1241.0,367.0,-6.0,-55.0,-259.0,-295.0
665.0,,10.0,418.0,-1368.0,324.0,-49.0,142.0,-240.0,-239.0
668.0,,0.0,389.0,-1422.0,237.0,-13.0,-291.0,-218.0,-171.0
641.0,,-11.0,386.0,-1372.0,234.0,10.0,-114.0,-198.0,-85.0
590.0,,-27.0,300.0,-1219.0,233.0,51.0,-354.0,-173.0,-1.0
555.0,,-39.0,360.0,-1018.0,223.0,90.0,-249.0,-160.0,95.0
516.0,,-63.0,563.0,-795.0,181.0,63.0,-35.0,-153.0,190.0
455.0,,-97.0,589.0,-547.0,189.0,65.0,-149.0,-160.0,231.0
390.0,,-115.0,608.0,-282.0,241.0,46.0,267.0,-173.0,268.0
352.0,,-154.0,613.0,-34.0,308.0,42.0,1.0,-180.0,291.0
309.0,,-203.0,525.0,154.0,326.0,45.0,151.0,-181.0,272.0
243.0,,-220.0,491.0,259.0,280.0,15.0,-55.0,-153.0,271.0
170.0,,-233.0,474.0,307.0,358.0,-24.0,-352.0,-112.0,287.0
105.0,,-230.0,501.0,336.0,377.0,-87.0,-212.0,-57.0,302.0
60.0,,-209.0,502.0,331.0,235.0,-130.0,-465.0,14.0,310.0
-8.0,,-210.0,462.0,272.0,154.0,-187.0,-5.0,98.0,280.0
-101.0,,-176.0,413.0,198.0,203.0,-241.0,-48.0,194.0,243.0
-155.0,,-150.0,350.0,165.0,324.0,-291.0,77.0,296.0,227.0
-177.0,,-151.0,270.0,186.0,321.0,-344.0,86.0,412.0,178.0
-219.0,,-113.0,158.0,215.0,278.0,-358.0,-269.0,523.0,138.0
-265.0,,-99.0,93.0,218.0,357.0,-370.0,25.0,646.0,131.0
-289.0,,-78.0,-11.0,197.0,343.0,-378.0,-253.0,762.0,89.0
-260.0,,-45.0,-190.0,195.0,293.0,-377.0,-35.0,840.0,71.0
-217.0,,-56.0,-291.0,250.0,309.0,-365.0,-90.0,907.0,75.0
-218.0,,-29.0,-370.0,341.0,303.0,-352.0,-96.0,941.0,68.0
-190.0,,-17.0,-493.0,456.0,294.0,-362.0,264.0,944.0,115.0
-88.0,,-24.0,-587.0,587.0,286.0,-387.0,42.0,919.0,191.0
32.0,,5.0,-632.0,705.0,272.0,-403.0,339.0,867.0,280.0
125.0,,5.0,-667.0,789.0,305.0,-427.0,16.0,799.0,389.0
210.0,,29.0,-778.0,821.0,366.0,-478.0,40.0,714.0,487.0
297.0,,66.0,-886.0,820.0,303.0,-504.0,83.0,627.0,567.0
400.0,,69.0,-890.0,830.0,256.0,-528.0,-145.0,560.0,634.0
482.0,,114.0,-815.0,876.0,296.0,-537.0,166.0,483.0,643.0
518.0,,143.0,-689.0,949.0,300.0,-531.0,-179.0,405.0,596.0
571.0,,151.0,-622.0,1007.0,312.0,-561.0,86.0,344.0,539.0
624.0,,184.0,-624.0,999.0,277.0,-574.0,9.0,290.0,419.0
632.0,,206.0,-634.0,932.0,258.0,-557.0,-97.0,246.0,250.0
608.0,,248.0,-599.0,856.0,285.0,-534.0,116.0,201.0,74.0
604.0,,278.0,-528.0,769.0,274.0,-515.0,-166.0,170.0,-121.0
596.0,,295.0,-537.0,647.0,316.0,-512.0,208.0,141.0,-295.0
569.0,,357.0,-551.0,510.0,326.0,-512.0,55.0,122.0,-431.0
536.0,,407.0,-539.0,414.0,260.0,-479.0,195.0,130.0,-539.0
500.0,,441.0,-642.0,380.0,222.0,-428.0,277.0,139.0,-604.0
475.0,,510.0,-659.0,384.0,186.0,-394.0,125.0,171.0,-620.0
442.0,,576.0,-513.0,373.0,184.0,-361.0,456.0,209.0,-588.0
406.0,,617.0,-418.0,318.0,223.0,-304.0,151.0,246.0,-508.0
369.0,,679.0,-292.0,246.0,193.0,-228.0,419.0,262.0,-389.0
328.0,,735.0,-155.0,201.0,162.0,-163.0,360.0,252.0,-265.0
294.0,,776.0,-11.0,185.0,182.0,-137.0,378.0,235.0,-127.0
279.0,,820.0,152.0,152.0,174.0,-160.0,622.0,179.0,11.0
283.0,,840.0,238.0,78.0,171.0,-138.0,386.0,99.0,129.0
268.0,,862.0,300.0,9.0,150.0,-110.0,698.0,0.0,230.0
233.0,,866.0,329.0,8.0,110.0,-144.0,339.0,-100.0,299.0
205.0,,867.0,363.0,56.0,139.0,-168.0,315.0,-198.0,365.0
207.0,,855.0,372.0,91.0,156.0,-165.0,236.0,-284.0,402.0
216.0,,797.0,363.0,79.0,110.0,-163.0,29.0,-343.0,428.0
206.0,,770.0,356.0,23.0,135.0,-167.0,434.0,-387.0,484.0
205.0,,722.0,199.0,-34.0,137.0,-188.0,306.0,-389.0,531.0
243.0,,666.0,42.0,-67.0,140.0,-230.0,742.0,-386.0,571.0
299.0,,640.0,-64.0,-96.0,205.0,-227.0,657.0,-381.0,616.0
317.0,,589.0,-253.0,-139.0,166.0,-224.0,495.0,-347.0,647.0
321.0,,585.0,-318.0,-197.0,166.0,-241.0,552.0,-298.0,658.0
364.0,,546.0,-346.0,-248.0,141.0,-261.0,169.0,-214.0,663.0
410.0,,494.0,-364.0,-262.0,152.0,-291.0,430.0,-125.0,634.0
429.0,,492.0,-257.0,-248.0,268.0,-290.0,199.0,-26.0,568.0
432.0,,434.0,-205.0,-226.0,277.0,-286.0,404.0,77.0,496.0
463.0,,402.0,-148.0,-206.0,304.0,-266.0,552.0,181.0,432.0
526.0,,374.0,-33.0,-175.0,362.0,-254.0,424.0,271.0,368.0
562.0,,316.0,86.0,-121.0,409.0,-247.0,691.0,360.0,310.0
551.0,,280.0,168.0,-69.0,418.0,-218.0,315.0,436.0,250.0
531.0,,249.0,256.0,-60.0,371.0,-204.0,471.0,476.0,167.0
540.0,,220.0,339.0,-104.0,371.0,-193.0,284.0,508.0,77.0
527.0,,193.0,217.0,-176.0,411.0,-172.0,271.0,516.0,-41.0
461.0,,172.0,194.0,-264.0,419.0,-156.0,528.0,527.0,-147.0
376.0,,152.0,258.0,-361.0,419.0,-152.0,269.0,517.0,-243.0
327.0,,156.0,146.0,-439.0,445.0,-144.0,593.0,504.0,-347.0
305.0,,148.0,149.0,-476.0,442.0,-138.0,386.0,520.0,-445.0
242.0,,171.0,153.0,-486.0,488.0,-129.0,561.0,517.0,-551.0
172.0,,178.0,154.0,-532.0,528.0,-121.0,620.0,517.0,-667.0
151.0,,159.0,107.0,-645.0,457.0,-91.0,432.0,506.0,-797.0
162.0,,203.0,10.0,-809.0,469.0,-44.0,681.0,493.0,-926.0
134.0,,188.0,31.0,-985.0,557.0,-25.0,312.0,464.0,-1057.0
67.0,,185.0,-113.0,-1129.0,529.0,-13.0,521.0,426.0,-1187.0
31.0,,220.0,-245.0,-1214.0,440.0,-2.0,402.0,395.0,-1339.0
24.0,,191.0,-316.0,-1225.0,336.0,0.0,421.0,361.0,-1500.0
-2.0,,218.0,-307.0,-1143.0,394.0,10.0,622.0,343.0,-1642.0
-35.0,,230.0,-262.0,-988.0,517.0,21.0,352.0,318.0,-1753.0
-40.0,,197.0,-382.0,-800.0,462.0,24.0,609.0,289.0,-1824.0
-37.0,,195.0,-359.0,-586.0,491.0,52.0,291.0,229.0,-1846.0
-64.0,,186.0,-276.0,-351.0,488.0,66.0,432.0,161.0,-1776.0
-112.0,,174.0,-237.0,-106.0,366.0,63.0,439.0,101.0,-1667.0
-141.0,,138.0,-168.0,153.0,255.0,88.0,293.0,36.0,-1503.0
-144.0,,115.0,-133.0,437.0,223.0,107.0,611.0,-16.0,-1277.0
-155.0,,94.0,-68.0,738.0,345.0,96.0,293.0,-78.0,-1001.0
-204.0,,57.0,-104.0,1059.0,353.0,102.0,521.0,-123.0,-644.0
-235.0,,24.0,-249.0,1371.0,354.0,99.0,312.0,-154.0,-277.0
-220.0,,29.0,-340.0,1625.0,399.0,81.0,254.0,-172.0,116.0
-209.0,,55.0,-489.0,1806.0,335.0,82.0,376.0,-176.0,517.0
-232.0,,45.0,-614.0,1919.0,287.0,67.0,46.0,-175.0,898.0
-271.0,,83.0,-656.0,1983.0,269.0,73.0,349.0,-169.0,1257.0
-263.0,,112.0,-789.0,1991.0,238.0,54.0,110.0,-153.0,1578.0
-236.0,,154.0,-886.0,1912.0,187.0,47.0,314.0,-122.0,1844.0
-232.0,,234.0,-961.0,1746.0,187.0,79.0,317.0,-112.0,2052.0
-208.0,,273.0,-1062.0,1494.0,177.0,54.0,105.0,-101.0,2194.0
-152.0,,347.0,-969.0,1161.0,141.0,52.0,347.0,-103.0,2237.0
-109.0,,411.0,-841.0,787.0,175.0,65.0,46.0,-126.0,2212.0
-127.0,,445.0,-754.0,442.0,223.0,60.0,402.0,-151.0,2096.0
-148.0,,494.0,-621.0,172.0,248.0,47.0,301.0,-177.0,1894.0
-136.0,,530.0,-519.0,-28.0,163.0,24.0,295.0,-214.0,1656.0
-142.0,,537.0,-360.0,-162.0,48.0,10.0,395.0,-279.0,1406.0
-163.0,,546.0,-214.0,-233.0,60.0,7.0,62.0,-344.0,1174.0
-182.0,,534.0,-121.0,-267.0,52.0,37.0,314.0,-434.0,982.0
-180.0,,491.0,-51.0,-280.0,7.0,54.0,-25.0,-555.0,812.0
-169.0,,455.0,-13.0,-287.0,-3.0,58.0,120.0,-671.0,656.0
-166.0,,402.0,-23.0,-311.0,-69.0,93.0,142.0,-789.0,550.0
-148.0,,346.0,-121.0,-346.0,-94.0,120.0,49.0,-888.0,469.0
-106.0,,291.0,-162.0,-368.0,-73.0,131.0,347.0,-950.0,399.0
-63.0,,227.0,-259.0,-372.0,-95.0,134.0,44.0,-981.0,320.0
-31.0,,201.0,-378.0,-369.0,-139.0,147.0,308.0,-970.0,208.0
25.0,,164.0,-381.0,-353.0,-166.0,194.0,151.0,-916.0,93.0
109.0,,116.0,-455.0,-322.0,-122.0,233.0,206.0,-835.0,-51.0
195.0,,120.0,-539.0,-306.0,-118.0,243.0,349.0,-745.0,-254.0
259.0,,91.0,-602.0,-305.0,-196.0,246.0,53.0,-656.0,-460.0
300.0,,80.0,-642.0,-291.0,-231.0,261.0,306.0,-570.0,-663.0
376.0,,86.0,-645.0,-243.0,-232.0,263.0,-1.0,-486.0,-857.0
484.0,,87.0,-676.0,-174.0,-276.0,218.0,184.0,-405.0,-1009.0
543.0,,116.0,-650.0,-109.0,-261.0,201.0,229.0,-312.0,-1132.0
556.0,,83.0,-682.0,-49.0,-205.0,202.0,210.0,-202.0,-1229.0
592.0,,97.0,-699.0,-13.0,-227.0,162.0,537.0,-83.0,-1307.0
630.0,,104.0,-617.0,-28.0,-217.0,150.0,179.0,32.0,-1365.0
627.0,,71.0,-622.0,-91.0,-254.0,173.0,315.0,141.0,-1364.0
598.0,,75.0,-578.0,-178.0,-269.0,193.0,-5.0,234.0,-1305.0
573.0,,26.0,-501.0,-258.0,-262.0,198.0,-72.0,316.0,-1218.0
547.0,,-2.0,-442.0,-312.0,-340.0,229.0,134.0,398.0,-1086.0
497.0,,-37.0,-408.0,-337.0,-284.0,257.0,59.0,459.0,-916.0
437.0,,-108.0,-435.0,-332.0,-290.0,252.0,454.0,523.0,-729.0
388.0,,-145.0,-387.0,-293.0,-358.0,280.0,208.0,584.0,-506.0
343.0,,-191.0,-342.0,-245.0,-375.0,332.0,402.0,636.0,-298.0
285.0,,-257.0,-301.0,-210.0,-403.0,348.0,352.0,686.0,-108.0
210.0,,-290.0,-238.0,-210.0,-347.0,342.0,179.0,715.0,83.0
152.0,,-324.0,-238.0,-246.0,-382.0,354.0,391.0,731.0,245.0
116.0,,-354.0,-312.0,-290.0,-436.0,351.0,92.0,724.0,381.0
89.0,,-345.0,-357.0,-338.0,-375.0,353.0,434.0,689.0,493.0
45.0,,-359.0,-353.0,-409.0,-372.0,384.0,308.0,631.0,534.0
1.0,,-367.0,-370.0,-500.0,-426.0,416.0,339.0,578.0,519.0
19.0,,-347.0,-372.0,-577.0,-457.0,411.0,413.0,537.0,471.0
39.0,,-336.0,-360.0,-604.0,-505.0,411.0,103.0,498.0,361.0
30.0,,-331.0,-310.0,-562.0,-505.0,450.0,400.0,458.0,236.0
52.0,,-323.0,-337.0,-466.0,-488.0,486.0,160.0,419.0,116.0
86.0,,-304.0,-357.0,-347.0,-540.0,492.0,413.0,383.0,-22.0
101.0,,-289.0,-271.0,-234.0,-519.0,487.0,456.0,326.0,-129.0
82.0,,-293.0,-249.0,-162.0,-442.0,498.0,397.0,255.0,-189.0
57.0,,-312.0,-214.0,-137.0,-439.0,452.0,611.0,180.0,-235.0
16.0,,-305.0,-162.0,-145.0,-534.0,430.0,269.0,109.0,-269.0
-55.0,,-330.0,-192.0,-165.0,-559.0,455.0,574.0,42.0,-277.0
-129.0,,-353.0,-245.0,-197.0,-506.0,459.0,412.0,-12.0,-263.0
-211.0,,-372.0,-204.0,-231.0,-555.0,473.0,539.0,-62.0,-229.0
-282.0,,-398.0,-162.0,-248.0,-662.0,472.0,709.0,-114.0,-175.0
-339.0,,-388.0,-189.0,-270.0,-703.0,462.0,426.0,-149.0,-103.0
-394.0,,-423.0,-201.0,-311.0,-617.0,447.0,611.0,-196.0,0.0
-469.0,,-409.0,-258.0,-340.0,-582.0,436.0,206.0,-228.0,119.0
-537.0,,-386.0,-286.0,-328.0,-571.0,403.0,378.0,-241.0,238.0
-568.0,,-390.0,-307.0,-268.0,-571.0,377.0,334.0,-247.0,371.0
-614.0,,-358.0,-372.0,-166.0,-588.0,370.0,234.0,-237.0,513.0
-662.0,,-338.0,-359.0,-68.0,-482.0,344.0,482.0,-215.0,614.0
-683.0,,-308.0,-329.0,-6.0,-448.0,327.0,169.0,-178.0,669.0
-675.0,,-281.0,-333.0,22.0,-487.0,280.0,432.0,-141.0,671.0
-680.0,,-256.0,-340.0,32.0,-509.0,238.0,142.0,-117.0,577.0
-702.0,,-241.0,-325.0,44.0,-495.0,238.0,160.0,-86.0,436.0
-714.0,,-209.0,-344.0,60.0,-427.0,224.0,319.0,-49.0,249.0
-684.0,,-188.0,-368.0,88.0,-425.0,201.0,120.0,-21.0,26.0
-642.0,,-173.0,-308.0,158.0,-462.0,199.0,443.0,0.0,-174.0
-655.0,,-132.0,-352.0,274.0,-466.0,222.0,90.0,4.0,-350.0
-653.0,,-95.0,-434.0,410.0,-461.0,280.0,171.0,-7.0,-492.0
-617.0,,-49.0,-449.0,523.0,-446.0,320.0,1.0,-38.0,-598.0
-580.0,,-1.0,-521.0,594.0,-390.0,354.0,-158.0,-80.0,-658.0
-602.0,,68.0,-538.0,641.0,-335.0,392.0,75.0,-128.0,-707.0
-617.0,,139.0,-525.0,677.0,-309.0,411.0,-175.0,-188.0,-711.0
-536.0,,211.0,-569.0,698.0,-317.0,466.0,140.0,-225.0,-654.0
-484.0,,300.0,-611.0,718.0,-392.0,483.0,-131.0,-254.0,-559.0
-480.0,,374.0,-613.0,727.0,-405.0,465.0,-153.0,-284.0,-381.0
-463.0,,447.0,-650.0,726.0,-367.0,433.0,-133.0,-305.0,-196.0
-387.0,,533.0,-661.0,723.0,-352.0,414.0,-356.0,-354.0,-18.0
-308.0,,591.0,-616.0,691.0,-271.0,461.0,-12.0,-423.0,130.0
-292.0,,640.0,-644.0,619.0,-258.0,461.0,-273.0,-490.0,201.0
-252.0,,685.0,-519.0,519.0,-265.0,441.0,-1.0,-544.0,202.0
-170.0,,702.0,-460.0,429.0,-173.0,460.0,-12.0,-594.0,141.0
-78.0,,683.0,-503.0,363.0,-180.0,482.0,-103.0,-625.0,53.0
-18.0,,655.0,-385.0,322.0,-217.0,509.0,25.0,-622.0,-47.0
-10.0,,618.0,-387.0,289.0,-237.0,541.0,-371.0,-584.0,-127.0
32.0,,546.0,-361.0,224.0,-229.0,551.0,-160.0,-532.0,-226.0
94.0,,466.0,-262.0,127.0,-114.0,576.0,-410.0,-474.0,-334.0
121.0,,359.0,-204.0,31.0,-102.0,620.0,-306.0,-404.0,-431.0
108.0,,279.0,-135.0,-53.0,-157.0,626.0,-173.0,-340.0,-540.0
96.0,,171.0,-172.0,-161.0,-106.0,633.0,-330.0,-244.0,-635.0
131.0,,53.0,-186.0,-310.0,-93.0,646.0,-86.0,-145.0,-726.0
156.0,,-32.0,-210.0,-486.0,-130.0,656.0,-521.0,-50.0,-743.0
133.0,,-137.0,-335.0,-666.0,-108.0,662.0,-384.0,50.0,-731.0
109.0,,-184.0,-411.0,-809.0,-107.0,633.0,-489.0,135.0,-719.0
111.0,,-255.0,-476.0,-905.0,-47.0,595.0,-513.0,199.0,-688.0
127.0,,-310.0,-600.0,-956.0,54.0,569.0,-273.0,228.0,-665.0
138.0,,-314.0,-657.0,-970.0,59.0,550.0,-583.0,250.0,-617.0
142.0,,-351.0,-616.0,-950.0,106.0,529.0,-282.0,267.0,-591.0
176.0,,-360.0,-580.0,-895.0,150.0,506.0,-559.0,294.0,-599.0
227.0,,-356.0,-520.0,-837.0,181.0,514.0,-493.0,311.0,-598.0
249.0,,-377.0,-436.0,-787.0,183.0,521.0,-378.0,313.0,-600.0
265.0,,-365.0,-316.0,-741.0,95.0,504.0,-556.0,312.0,-630.0
298.0,,-348.0,-220.0,-675.0,112.0,487.0,-223.0,311.0,-639.0
345.0,,-356.0,-200.0,-570.0,116.0,477.0,-543.0,319.0,-651.0
362.0,,-331.0,-99.0,-436.0,-8.0,500.0,-352.0,315.0,-720.0
351.0,,-318.0,-15.0,-308.0,-26.0,513.0,-493.0,319.0,-831.0
381.0,,-319.0,-42.0,-223.0,85.0,523.0,-648.0,315.0,-989.0
431.0,,-283.0,-48.0,-169.0,121.0,545.0,-474.0,302.0,-1159.0
427.0,,-266.0,-26.0,-127.0,41.0,566.0,-757.0,281.0,-1300.0
380.0,,-232.0,-20.0,-96.0,-6.0,596.0,-391.0,237.0,-1430.0
363.0,,-188.0,-57.0,-64.0,23.0,607.0,-565.0,189.0,-1552.0
361.0,,-181.0,-145.0,-5.0,16.0,614.0,-443.0,128.0,-1608.0
324.0,,-134.0,-173.0,85.0,-25.0,624.0,-417.0,49.0,-1612.0
275.0,,-93.0,-294.0,190.0,1.0,630.0,-687.0,-51.0,-1526.0
234.0,,-76.0,-512.0,289.0,41.0,628.0,-400.0,-156.0,-1346.0
189.0,,-13.0,-609.0,342.0,18.0,637.0,-654.0,-257.0,-1093.0
146.0,,29.0,-737.0,347.0,-2.0,653.0,-358.0,-343.0,-747.0
100.0,,86.0,-818.0,343.0,47.0,668.0,-447.0,-408.0,-381.0
44.0,,162.0,-783.0,338.0,71.0,666.0,-502.0,-450.0,7.0
6.0,,196.0,-819.0,314.0,19.0,653.0,-378.0,-456.0,421.0
-38.0,,271.0,-854.0,249.0,-6.0,651.0,-731.0,-423.0,818.0
-84.0,,310.0,-813.0,164.0,0.0,634.0,-400.0,-351.0,1161.0
-134.0,,351.0,-785.0,89.0,33.0,653.0,-607.0,-248.0,1482.0
-184.0,,412.0,-698.0,42.0,25.0,689.0,-454.0,-102.0,1807.0
-241.0,,404.0,-607.0,32.0,-21.0,703.0,-443.0,49.0,2100.0
-306.0,,424.0,-569.0,60.0,-21.0,694.0,-652.0,194.0,2372.0
-339.0,,385.0,-430.0,111.0,53.0,673.0,-367.0,321.0,2589.0
-368.0,,320.0,-363.0,156.0,142.0,666.0,-696.0,428.0,2727.0
-390.0,,287.0,-319.0,183.0,97.0,668.0,-437.0,506.0,2792.0
-402.0,,205.0,-182.0,181.0,71.0,659.0,-541.0,524.0,2783.0
-391.0,,120.0,-82.0,143.0,182.0,627.0,-517.0,525.0,2692.0
-357.0,,48.0,-10.0,87.0,212.0,628.0,-308.0,492.0,2505.0
-335.0,,-35.0,-46.0,27.0,169.0,622.0,-582.0,454.0,2230.0
-309.0,,-123.0,-106.0,-10.0,173.0,603.0,-308.0,430.0,1924.0
-265.0,,-167.0,-86.0,1.0,207.0,591.0,-644.0,385.0,1626.0
-188.0,,-234.0,-120.0,71.0,225.0,592.0,-548.0,349.0,1318.0
-116.0,,-266.0,-200.0,162.0,214.0,603.0,-600.0,292.0,1048.0
-53.0,,-280.0,-231.0,227.0,198.0,577.0,-825.0,221.0,834.0
32.0,,-312.0,-242.0,254.0,156.0,571.0,-539.0,141.0,689.0
135.0,,-309.0,-292.0,229.0,99.0,553.0,-824.0,29.0,611.0
225.0,,-339.0,-242.0,171.0,46.0,528.0,-541.0,-75.0,557.0
280.0,,-304.0,-117.0,117.0,-3.0,493.0,-720.0,-159.0,524.0
329.0,,-278.0,-65.0,90.0,-17.0,446.0,-776.0,-230.0,474.0
379.0,,-247.0,-15.0,116.0,52.0,426.0,-637.0,-302.0,408.0
403.0,,-156.0,-13.0,195.0,98.0,376.0,-897.0,-367.0,303.0
397.0,,-73.0,6.0,314.0,37.0,343.0,-556.0,-437.0,139.0
366.0,,47.0,73.0,445.0,83.0,314.0,-768.0,-498.0,-61.0
340.0,,150.0,137.0,540.0,144.0,261.0,-556.0,-536.0,-291.0
327.0,,249.0,203.0,582.0,112.0,239.0,-572.0,-586.0,-525.0
315.0,,376.0,175.0,583.0,143.0,232.0,-761.0,-621.0,-767.0
274.0,,463.0,195.0,551.0,104.0,189.0,-506.0,-639.0,-991.0
241.0,,528.0,176.0,478.0,96.0,141.0,-822.0,-659.0,-1206.0
246.0,,610.0,98.0,360.0,154.0,149.0,-559.0,-672.0,-1389.0
235.0,,656.0,49.0,212.0,165.0,158.0,-724.0,-686.0,-1530.0
205.0,,696.0,-89.0,66.0,233.0,141.0,-696.0,-698.0,-1645.0
204.0,,723.0,-196.0,-74.0,258.0,135.0,-570.0,-699.0,-1696.0
226.0,,722.0,-307.0,-222.0,253.0,126.0,-866.0,-681.0,-1702.0
203.0,,741.0,-435.0,-393.0,289.0,102.0,-563.0,-653.0,-1601.0
187.0,,730.0,-547.0,-594.0,306.0,91.0,-814.0,-626.0,-1401.0
227.0,,701.0,-617.0,-788.0,295.0,95.0,-580.0,-617.0,-1124.0
255.0,,698.0,-668.0,-927.0,296.0,74.0,-546.0,-630.0,-757.0
244.0,,711.0,-736.0,-985.0,315.0,43.0,-639.0,-662.0,-323.0
222.0,,698.0,-654.0,-965.0,344.0,44.0,-323.0,-692.0,157.0
219.0,,701.0,-612.0,-903.0,373.0,18.0,-609.0,-717.0,635.0
202.0,,712.0,-672.0,-832.0,344.0,-44.0,-360.0,-718.0,1104.0
184.0,,701.0,-633.0,-750.0,307.0,-66.0,-572.0,-671.0,1513.0
183.0,,706.0,-559.0,-664.0,325.0,-99.0,-576.0,-592.0,1878.0
179.0,,686.0,-542.0,-587.0,404.0,-133.0,-519.0,-476.0,2168.0
197.0,,664.0,-505.0,-501.0,476.0,-152.0,-805.0,-342.0,2379.0
221.0,,640.0,-491.0,-389.0,427.0,-203.0,-482.0,-219.0,2558.0
242.0,,596.0,-536.0,-228.0,409.0,-242.0,-766.0,-88.0,2650.0
260.0,,563.0,-469.0,-23.0,425.0,-284.0,-559.0,36.0,2693.0
291.0,,482.0,-392.0,184.0,334.0,-317.0,-615.0,141.0,2667.0
323.0,,420.0,-370.0,361.0,290.0,-349.0,-774.0,227.0,2573.0
336.0,,381.0,-356.0,488.0,280.0,-401.0,-485.0,288.0,2430.0
351.0,,263.0,-335.0,580.0,331.0,-426.0,-739.0,328.0,2228.0
381.0,,174.0,-190.0,653.0,406.0,-436.0,-424.0,358.0,2007.0
408.0,,95.0,-58.0,705.0,259.0,-458.0,-558.0,381.0,1749.0
404.0,,-42.0,18.0,723.0,154.0,-498.0,-447.0,386.0,1451.0
382.0,,-154.0,139.0,698.0,238.0,-510.0,-349.0,386.0,1123.0
341.0,,-293.0,223.0,632.0,188.0,-494.0,-604.0,393.0,790.0
313.0,,-418.0,259.0,538.0,64.0,-476.0,-288.0,388.0,478.0
282.0,,-515.0,307.0,431.0,68.0,-471.0,-585.0,368.0,198.0
232.0,,-648.0,366.0,302.0,92.0,-489.0,-334.0,325.0,-18.0
194.0,,-737.0,330.0,158.0,163.0,-489.0,-367.0,320.0,-159.0
178.0,,-817.0,204.0,29.0,254.0,-481.0,-467.0,313.0,-205.0
169.0,,-931.0,131.0,-74.0,317.0,-472.0,-177.0,289.0,-165.0
126.0,,-992.0,61.0,-146.0,386.0,-465.0,-485.0,293.0,-83.0
107.0,,-1043.0,-78.0,-193.0,325.0,-456.0,-182.0,282.0,39.0
121.0,,-1098.0,-162.0,-252.0,235.0,-472.0,-362.0,286.0,229.0
130.0,,-1099.0,-213.0,-333.0,208.0,-495.0,-297.0,287.0,435.0
136.0,,-1114.0,-287.0,-415.0,200.0,-490.0,-160.0,279.0,661.0
150.0,,-1103.0,-328.0,-457.0,269.0,-511.0,-349.0,258.0,902.0
189.0,,-1070.0,-390.0,-441.0,277.0,-526.0,35.0,209.0,1087.0
198.0,,-1054.0,-379.0,-363.0,273.0,-538.0,-210.0,149.0,1245.0
183.0,,-983.0,-370.0,-235.0,389.0,-553.0,0.0,65.0,1324.0
184.0,,-950.0,-491.0,-74.0,388.0,-570.0,-103.0,-34.0,1308.0
173.0,,-878.0,-560.0,119.0,338.0,-587.0,-266.0,-172.0,1257.0
132.0,,-786.0,-570.0,315.0,334.0,-579.0,-31.0,-333.0,1181.0
94.0,,-751.0,-611.0,474.0,363.0,-616.0,-330.0,-506.0,1128.0
68.0,,-668.0,-623.0,591.0,465.0,-626.0,-7.0,-693.0,1139.0
52.0,,-616.0,-609.0,643.0,373.0,-606.0,-181.0,-865.0,1212.0
24.0,,-555.0,-609.0,627.0,262.0,-617.0,-114.0,-1022.0,1311.0
-28.0,,-486.0,-604.0,556.0,337.0,-587.0,-5.0,-1149.0,1463.0
-67.0,,-451.0,-555.0,425.0,372.0,-541.0,-238.0,-1231.0,1657.0
-88.0,,-390.0,-464.0,263.0,342.0,-537.0,77.0,-1280.0,1842.0
-117.0,,-361.0,-429.0,101.0,352.0,-542.0,-182.0,-1288.0,2014.0
-171.0,,-359.0,-442.0,-22.0,406.0,-527.0,75.0,-1250.0,2133.0
-205.0,,-351.0,-404.0,-97.0,437.0,-535.0,25.0,-1170.0,2215.0
-216.0,,-362.0,-400.0,-160.0,417.0,-541.0,-33.0,-1047.0,2251.0
-225.0,,-387.0,-401.0,-212.0,398.0,-540.0,293.0,-887.0,2181.0
-267.0,,-372.0,-348.0,-263.0,496.0,-551.0,-1.0,-701.0,2035.0
-343.0,,-361.0,-321.0,-321.0,524.0,-556.0,264.0,-489.0,1852.0
-381.0,,-335.0,-319.0,-384.0,464.0,-573.0,5.0,-275.0,1612.0
-399.0,,-273.0,-338.0,-442.0,514.0,-602.0,27.0,-72.0,1297.0
-443.0,,-226.0,-353.0,-477.0,563.0,-632.0,107.0,113.0,957.0
-523.0,,-154.0,-340.0,-492.0,630.0,-647.0,-125.0,254.0,606.0
-595.0,,-54.0,-318.0,-469.0,648.0,-657.0,199.0,338.0,222.0
-657.0,,37.0,-342.0,-408.0,527.0,-659.0,-73.0,375.0,-141.0
-750.0,,116.0,-384.0,-348.0,486.0,-669.0,229.0,383.0,-467.0
-872.0,,231.0,-442.0,-309.0,564.0,-691.0,173.0,360.0,-742.0
-1001.0,,298.0,-480.0,-294.0,591.0,-706.0,53.0,313.0,-951.0
-1087.0,,376.0,-473.0,-268.0,560.0,-723.0,279.0,238.0,-1073.0
-1180.0,,449.0,-602.0,-210.0,559.0,-708.0,-20.0,133.0,-1096.0
-1293.0,,467.0,-674.0,-123.0,699.0,-707.0,312.0,12.0,-1051.0
-1377.0,,530.0,-706.0,7.0,717.0,-725.0,73.0,-141.0,-953.0
-1419.0,,552.0,-825.0,151.0,565.0,-752.0,133.0,-308.0,-840.0
-1434.0,,570.0,-891.0,284.0,573.0,-774.0,216.0,-482.0,-706.0
-1443.0,,553.0,-1004.0,392.0,646.0,-777.0,-16.0,-663.0,-551.0
-1453.0,,523.0,-1048.0,466.0,759.0,-794.0,230.0,-818.0,-381.0
-1414.0,,488.0,-959.0,532.0,790.0,-779.0,-84.0,-942.0,-228.0
-1317.0,,395.0,-910.0,583.0,803.0,-766.0,140.0,-1041.0,-93.0
-1253.0,,337.0,-854.0,605.0,889.0,-757.0,7.0,-1097.0,56.0
-1188.0,,238.0,-743.0,596.0,818.0,-765.0,-97.0,-1085.0,150.0
-1100.0,,121.0,-653.0,538.0,740.0,-770.0,114.0,-1026.0,158.0
-1018.0,,11.0,-552.0,436.0,755.0,-755.0,-179.0,-926.0,98.0
-957.0,,-127.0,-425.0,284.0,767.0,-779.0,149.0,-770.0,0.0
-899.0,,-234.0,-366.0,107.0,722.0,-774.0,-7.0,-581.0,-120.0
-795.0,,-331.0,-425.0,-56.0,706.0,-765.0,96.0,-367.0,-297.0
-674.0,,-445.0,-463.0,-188.0,698.0,-751.0,168.0,-141.0,-525.0
-567.0,,-511.0,-483.0,-275.0,722.0,-744.0,-86.0,86.0,-759.0
-501.0,,-551.0,-508.0,-318.0,809.0,-756.0,105.0,292.0,-988.0
-417.0,,-583.0,-446.0,-321.0,773.0,-767.0,-225.0,480.0,-1203.0
-311.0,,-584.0,-408.0,-312.0,722.0,-777.0,0.0,645.0,-1389.0
-254.0,,-580.0,-356.0,-280.0,676.0,-774.0,-103.0,771.0,-1534.0
-239.0,,-566.0,-353.0,-218.0,586.0,-782.0,-206.0,877.0,-1599.0
-216.0,,-538.0,-336.0,-134.0,538.0,-750.0,-42.0,933.0,-1602.0
-168.0,,-529.0,-228.0,-29.0,469.0,-723.0,-404.0,947.0,-1555.0
-155.0,,-504.0,-200.0,70.0,451.0,-724.0,-136.0,928.0,-1471.0
-184.0,,-446.0,-187.0,153.0,515.0,-731.0,-351.0,847.0,-1365.0
-188.0,,-426.0,-173.0,204.0,460.0,-724.0,-243.0,723.0,-1256.0
-146.0,,-350.0,-221.0,213.0,449.0,-687.0,-105.0,567.0,-1153.0
-129.0,,-282.0,-322.0,167.0,488.0,-688.0,-242.0,388.0,-1044.0
-129.0,,-244.0,-404.0,89.0,375.0,-696.0,66.0,207.0,-942.0
-112.0,,-168.0,-484.0,14.0,298.0,-713.0,-243.0,42.0,-826.0
-81.0,,-143.0,-575.0,-52.0,247.0,-739.0,-44.0,-85.0,-695.0
-60.0,,-86.0,-649.0,-89.0,223.0,-750.0,-201.0,-179.0,-553.0
-79.0,,-12.0,-725.0,-92.0,241.0,-775.0,-286.0,-239.0,-393.0
-63.0,,27.0,-775.0,-56.0,209.0,-784.0,-81.0,-252.0,-220.0
-12.0,,86.0,-774.0,3.0,225.0,-779.0,-412.0,-221.0,-40.0
0.0,,147.0,-764.0,62.0,231.0,-785.0,-116.0,-146.0,169.0
-16.0,,173.0,-807.0,121.0,141.0,-795.0,-367.0,-37.0,385.0
-20.0,,197.0,-830.0,169.0,50.0,-803.0,-243.0,112.0,575.0
17.0,,213.0,-848.0,197.0,15.0,-808.0,-114.0,292.0,744.0
21.0,,184.0,-884.0,193.0,2.0,-784.0,-325.0,486.0,850.0
-32.0,,176.0,-873.0,158.0,-23.0,-749.0,-12.0,686.0,916.0
-69.0,,146.0,-883.0,112.0,-65.0,-718.0,-308.0,878.0,909.0
-69.0,,84.0,-822.0,40.0,-100.0,-705.0,-94.0,1056.0,814.0
-93.0,,30.0,-714.0,-59.0,-91.0,-712.0,-188.0,1207.0,654.0
-153.0,,-53.0,-763.0,-156.0,-89.0,-675.0,-219.0,1343.0,414.0
-165.0,,-121.0,-760.0,-255.0,-129.0,-663.0,53.0,1459.0,136.0
-126.0,,-187.0,-647.0,-352.0,-152.0,-688.0,-225.0,1513.0,-182.0
-109.0,,-269.0,-591.0,-435.0,-138.0,-704.0,105.0,1520.0,-506.0
-142.0,,-307.0,-543.0,-501.0,-104.0,-683.0,-133.0,1489.0,-779.0
-161.0,,-372.0,-560.0,-526.0,-159.0,-649.0,-1.0,1412.0,-997.0
-127.0,,-455.0,-602.0,-509.0,-237.0,-668.0,127.0,1305.0,-1192.0
-99.0,,-506.0,-620.0,-445.0,-184.0,-680.0,-103.0,1183.0,-1371.0
-85.0,,-573.0,-678.0,-345.0,-172.0,-696.0,194.0,1063.0,-1533.0
-60.0,,-626.0,-612.0,-218.0,-193.0,-715.0,-134.0,932.0,-1709.0
16.0,,-648.0,-525.0,-57.0,-185.0,-719.0,118.0,801.0,-1876.0
111.0,,-687.0,-543.0,112.0,-177.0,-735.0,49.0,665.0,-2015.0
167.0,,-694.0,-496.0,268.0,-108.0,-715.0,-20.0,504.0,-2105.0
206.0,,-690.0,-439.0,404.0,-149.0,-689.0,206.0,334.0,-2095.0
236.0,,-710.0,-363.0,510.0,-210.0,-690.0,-59.0,142.0,-2010.0
290.0,,-697.0,-235.0,569.0,-160.0,-684.0,319.0,-71.0,-1883.0
332.0,,-702.0,-177.0,584.0,-217.0,-663.0,153.0,-305.0,-1710.0
329.0,,-693.0,-214.0,555.0,-275.0,-643.0,338.0,-540.0,-1513.0
341.0,,-666.0,-321.0,482.0,-279.0,-620.0,465.0,-776.0,-1330.0
360.0,,-640.0,-438.0,395.0,-270.0,-581.0,312.0,-1004.0,-1174.0
342.0,,-572.0,-520.0,322.0,-171.0,-542.0,589.0,-1206.0,-1045.0
285.0,,-524.0,-560.0,266.0,-204.0,-537.0,234.0,-1383.0,-967.0
231.0,,-458.0,-629.0,243.0,-315.0,-540.0,421.0,-1486.0,-979.0
175.0,,-398.0,-697.0,264.0,-269.0,-526.0,243.0,-1534.0,-1080.0
84.0,,-356.0,-663.0,303.0,-204.0,-509.0,197.0,-1524.0,-1220.0
-29.0,,-273.0,-532.0,315.0,-229.0,-523.0,356.0,-1450.0,-1404.0
-96.0,,-219.0,-394.0,282.0,-317.0,-540.0,59.0,-1332.0,-1628.0
-103.0,,-175.0,-318.0,211.0,-397.0,-527.0,434.0,-1165.0,-1836.0
-130.0,,-108.0,-275.0,101.0,-374.0,-552.0,208.0,-979.0,-2014.0
-172.0,,-76.0,-210.0,-30.0,-355.0,-568.0,354.0,-751.0,-2181.0
-165.0,,-52.0,-100.0,-159.0,-407.0,-540.0,439.0,-494.0,-2334.0
-124.0,,-28.0,22.0,-271.0,-413.0,-511.0,290.0,-229.0,-2446.0
-123.0,,-13.0,152.0,-361.0,-418.0,-484.0,622.0,69.0,-2530.0
-154.0,,0.0,244.0,-419.0,-433.0,-457.0,382.0,382.0,-2551.0
-170.0,,10.0,283.0,-444.0,-463.0,-392.0,696.0,683.0,-2516.0
-173.0,,5.0,292.0,-452.0,-489.0,-376.0,535.0,967.0,-2465.0
-189.0,,6.0,264.0,-452.0,-461.0,-359.0,382.0,1206.0,-2329.0
-211.0,,4.0,225.0,-448.0,-510.0,-296.0,480.0,1393.0,-2120.0
-214.0,,-19.0,163.0,-447.0,-568.0,-267.0,164.0,1518.0,-1890.0
-205.0,,4.0,73.0,-448.0,-605.0,-231.0,480.0,1554.0,-1641.0
-216.0,,3.0,-16.0,-447.0,-652.0,-199.0,240.0,1531.0,-1393.0
-264.0,,12.0,-114.0,-447.0,-662.0,-148.0,384.0,1429.0,-1156.0
-292.0,,35.0,-186.0,-437.0,-653.0,-91.0,450.0,1237.0,-916.0
-295.0,,26.0,-210.0,-409.0,-625.0,-64.0,284.0,1003.0,-666.0
-327.0,,58.0,-289.0,-359.0,-621.0,-31.0,559.0,734.0,-405.0
-371.0,,60.0,-346.0,-276.0,-619.0,4.0,236.0,436.0,-121.0
-376.0,,69.0,-304.0,-156.0,-623.0,34.0,452.0,117.0,180.0
-315.0,,111.0,-252.0,3.0,-626.0,30.0,262.0,-201.0,479.0
-256.0,,135.0,-145.0,183.0,-610.0,42.0,230.0,-491.0,783.0
-286.0,,191.0,-62.0,347.0,-644.0,62.0,428.0,-754.0,1107.0
-320.0,,260.0,0.0,472.0,-648.0,88.0,142.0,-993.0,1400.0
-279.0,,309.0,36.0,531.0,-657.0,131.0,487.0,-1186.0,1646.0
-264.0,,376.0,13.0,524.0,-645.0,137.0,234.0,-1324.0,1852.0
-303.0,,460.0,44.0,484.0,-578.0,166.0,345.0,-1415.0,2039.0
-347.0,,511.0,-14.0,425.0,-616.0,204.0,375.0,-1466.0,2203.0
-318.0,,577.0,-153.0,351.0,-575.0,228.0,179.0,-1481.0,2310.0
-234.0,,659.0,-272.0,260.0,-499.0,265.0,439.0,-1456.0,2355.0
-223.0,,741.0,-379.0,142.0,-550.0,305.0,53.0,-1404.0,2364.0
-255.0,,830.0,-481.0,19.0,-585.0,338.0,194.0,-1330.0,2320.0
-245.0,,900.0,-607.0,-105.0,-595.0,354.0,22.0,-1242.0,2229.0
-199.0,,970.0,-711.0,-222.0,-519.0,415.0,57.0,-1155.0,2147.0
-196.0,,1012.0,-825.0,-313.0,-473.0,439.0,279.0,-1058.0,2063.0
-223.0,,1020.0,-880.0,-382.0,-556.0,427.0,5.0,-963.0,1975.0
-199.0,,1026.0,-847.0,-416.0,-577.0,461.0,290.0,-860.0,1882.0
-116.0,,1000.0,-787.0,-399.0,-491.0,486.0,-62.0,-746.0,1818.0
-38.0,,957.0,-693.0,-334.0,-444.0,508.0,18.0,-632.0,1826.0
0.0,,890.0,-605.0,-244.0,-485.0,504.0,7.0,-519.0,1889.0
76.0,,795.0,-497.0,-140.0,-462.0,520.0,-188.0,-403.0,1979.0
196.0,,710.0,-358.0,-26.0,-393.0,555.0,157.0,-278.0,2102.0
299.0,,616.0,-221.0,93.0,-340.0,540.0,-105.0,-153.0,2264.0
361.0,,531.0,-98.0,229.0,-336.0,549.0,147.0,-44.0,2391.0
437.0,,468.0,-88.0,359.0,-378.0,582.0,-29.0,53.0,2464.0
528.0,,378.0,-131.0,454.0,-297.0,593.0,-110.0,145.0,2458.0
566.0,,309.0,-109.0,509.0,-265.0,584.0,-5.0,214.0,2412.0
538.0,,239.0,-173.0,538.0,-372.0,583.0,-321.0,267.0,2339.0
508.0,,128.0,-221.0,551.0,-441.0,609.0,14.0,305.0,2218.0
517.0,,44.0,-238.0,545.0,-465.0,622.0,-190.0,328.0,2042.0
494.0,,-54.0,-327.0,505.0,-361.0,646.0,24.0,319.0,1784.0
409.0,,-169.0,-356.0,430.0,-352.0,684.0,38.0,267.0,1505.0
333.0,,-254.0,-379.0,333.0,-461.0,685.0,-166.0,192.0,1181.0
315.0,,-353.0,-406.0,230.0,-431.0,711.0,55.0,76.0,823.0
289.0,,-435.0,-434.0,140.0,-375.0,730.0,-312.0,-88.0,481.0
215.0,,-510.0,-483.0,72.0,-379.0,720.0,38.0,-286.0,130.0
128.0,,-605.0,-496.0,9.0,-461.0,724.0,-3.0,-471.0,-207.0
115.0,,-661.0,-444.0,-66.0,-421.0,730.0,72.0,-655.0,-509.0
108.0,,-730.0,-400.0,-152.0,-290.0,733.0,284.0,-855.0,-768.0
16.0,,-773.0,-435.0,-234.0,-291.0,710.0,-16.0,-1034.0,-983.0
-56.0,,-786.0,-429.0,-304.0,-315.0,705.0,301.0,-1197.0,-1170.0
-54.0,,-804.0,-380.0,-361.0,-265.0,713.0,42.0,-1303.0,-1336.0
-23.0,,-755.0,-422.0,-386.0,-241.0,707.0,223.0,-1346.0,-1457.0
-59.0,,-715.0,-414.0,-379.0,-294.0,710.0,271.0,-1315.0,-1574.0
-87.0,,-661.0,-321.0,-353.0,-314.0,714.0,160.0,-1206.0,-1736.0
-25.0,,-554.0,-283.0,-299.0,-290.0,723.0,511.0,-1030.0,-1871.0
54.0,,-469.0,-242.0,-235.0,-240.0,677.0,229.0,-792.0,-2025.0
68.0,,-368.0,-193.0,-167.0,-231.0,634.0,497.0,-522.0,-2252.0
67.0,,-250.0,-89.0,-96.0,-246.0,646.0,321.0,-201.0,-2497.0
147.0,,-146.0,21.0,-40.0,-164.0,624.0,334.0,118.0,-2760.0
221.0,,-29.0,50.0,-9.0,-68.0,592.0,572.0,421.0,-2984.0
262.0,,85.0,108.0,-13.0,-68.0,569.0,434.0,702.0,-3147.0
277.0,,157.0,154.0,-31.0,-77.0,539.0,844.0,934.0,-3267.0
307.0,,232.0,204.0,-54.0,-49.0,501.0,604.0,1128.0,-3317.0
305.0,,278.0,224.0,-71.0,-7.0,492.0,779.0,1250.0,-3315.0
230.0,,275.0,193.0,-79.0,14.0,508.0,753.0,1320.0,-3269.0
162.0,,279.0,208.0,-78.0,-56.0,478.0,583.0,1332.0,-3156.0
92.0,,264.0,117.0,-58.0,-63.0,449.0,816.0,1291.0,-3010.0
32.0,,247.0,41.0,-31.0,37.0,446.0,463.0,1203.0,-2864.0
-32.0,,218.0,51.0,10.0,44.0,434.0,685.0,1064.0,-2694.0
-108.0,,179.0,26.0,62.0,-58.0,405.0,482.0,908.0,-2509.0
-169.0,,162.0,31.0,105.0,-96.0,393.0,528.0,711.0,-2318.0
-211.0,,152.0,16.0,133.0,-54.0,416.0,691.0,505.0,-2126.0
-260.0,,134.0,37.0,150.0,-20.0,397.0,480.0,299.0,-1895.0
-372.0,,170.0,42.0,175.0,-10.0,373.0,838.0,76.0,-1622.0
-463.0,,240.0,-61.0,203.0,19.0,405.0,519.0,-126.0,-1330.0
-494.0,,301.0,-193.0,226.0,104.0,416.0,613.0,-312.0,-995.0
-555.0,,420.0,-311.0,241.0,116.0,391.0,508.0,-456.0,-626.0
-641.0,,531.0,-476.0,240.0,56.0,386.0,310.0,-553.0,-262.0
-680.0,,631.0,-664.0,214.0,39.0,425.0,559.0,-616.0,85.0
-657.0,,755.0,-774.0,165.0,67.0,415.0,295.0,-631.0,452.0
-655.0,,856.0,-868.0,81.0,83.0,383.0,611.0,-610.0,803.0
-678.0,,955.0,-899.0,-48.0,85.0,421.0,437.0,-559.0,1099.0
-654.0,,1038.0,-871.0,-184.0,89.0,452.0,443.0,-489.0,1331.0
-568.0,,1079.0,-812.0,-301.0,114.0,477.0,491.0,-392.0,1532.0
-462.0,,1086.0,-714.0,-381.0,174.0,530.0,147.0,-281.0,1696.0
-395.0,,1056.0,-625.0,-422.0,204.0,599.0,400.0,-185.0,1782.0
-277.0,,979.0,-504.0,-433.0,237.0,649.0,72.0,-122.0,1807.0
-118.0,,874.0,-397.0,-415.0,287.0,670.0,269.0,-75.0,1783.0
31.0,,760.0,-352.0,-357.0,305.0,734.0,297.0,-51.0,1723.0
163.0,,633.0,-303.0,-245.0,229.0,778.0,157.0,-100.0,1657.0
273.0,,489.0,-203.0,-105.0,189.0,802.0,327.0,-178.0,1596.0
422.0,,351.0,-124.0,40.0,277.0,861.0,-53.0,-279.0,1522.0
539.0,,246.0,-76.0,171.0,346.0,890.0,177.0,-404.0,1474.0
596.0,,120.0,0.0,251.0,333.0,927.0,-38.0,-547.0,1455.0
635.0,,0.0,79.0,282.0,349.0,945.0,22.0,-711.0,1419.0
701.0,,-87.0,162.0,281.0,422.0,930.0,142.0,-863.0,1354.0
757.0,,-183.0,200.0,278.0,402.0,911.0,-48.0,-989.0,1291.0
748.0,,-267.0,200.0,314.0,387.0,903.0,315.0,-1056.0,1225.0
718.0,,-334.0,211.0,382.0,399.0,910.0,-36.0,-1084.0,1106.0
720.0,,-401.0,158.0,430.0,474.0,871.0,59.0,-1068.0,961.0
754.0,,-451.0,93.0,449.0,519.0,828.0,-123.0,-988.0,812.0
706.0,,-505.0,25.0,437.0,439.0,783.0,-308.0,-875.0,668.0
619.0,,-556.0,-68.0,388.0,472.0,763.0,-57.0,-721.0,518.0
602.0,,-584.0,-176.0,301.0,473.0,745.0,-332.0,-541.0,343.0
618.0,,-618.0,-323.0,192.0,392.0,684.0,3.0,-363.0,161.0
575.0,,-632.0,-440.0,84.0,346.0,637.0,-184.0,-201.0,30.0
510.0,,-677.0,-538.0,6.0,354.0,607.0,-116.0,-48.0,-37.0
498.0,,-731.0,-631.0,-40.0,442.0,577.0,-57.0,92.0,-105.0
520.0,,-758.0,-692.0,-94.0,484.0,549.0,-325.0,208.0,-155.0
526.0,,-816.0,-781.0,-151.0,400.0,546.0,-40.0,290.0,-139.0
539.0,,-868.0,-854.0,-188.0,346.0,516.0,-404.0,340.0,-99.0
597.0,,-898.0,-844.0,-200.0,386.0,482.0,-197.0,348.0,-53.0
643.0,,-924.0,-856.0,-197.0,396.0,461.0,-227.0,328.0,33.0
674.0,,-961.0,-891.0,-191.0,367.0,421.0,-219.0,324.0,169.0
670.0,,-960.0,-948.0,-185.0,289.0,369.0,57.0,327.0,323.0
647.0,,-952.0,-996.0,-174.0,292.0,323.0,-280.0,327.0,451.0
635.0,,-925.0,-1036.0,-122.0,325.0,294.0,14.0,324.0,590.0
614.0,,-849.0,-1153.0,-25.0,235.0,262.0,-210.0,306.0,730.0
564.0,,-789.0,-1236.0,97.0,173.0,244.0,-60.0,283.0,839.0
495.0,,-663.0,-1312.0,208.0,207.0,211.0,27.0,270.0,936.0
479.0,,-546.0,-1411.0,262.0,194.0,176.0,-149.0,258.0,1001.0
459.0,,-436.0,-1435.0,269.0,76.0,134.0,240.0,247.0,1040.0
412.0,,-292.0,-1380.0,245.0,58.0,112.0,-60.0,250.0,1034.0
365.0,,-242.0,-1288.0,180.0,137.0,102.0,210.0,285.0,933.0
367.0,,-160.0,-1200.0,80.0,191.0,55.0,127.0,338.0,769.0
422.0,,-107.0,-1079.0,-5.0,122.0,38.0,92.0,377.0,587.0
458.0,,-137.0,-833.0,-54.0,55.0,37.0,327.0,431.0,404.0
529.0,,-124.0,-570.0,-63.0,70.0,61.0,22.0,491.0,205.0
650.0,,-178.0,-441.0,-43.0,5.0,91.0,328.0,551.0,0.0
789.0,,-232.0,-291.0,-14.0,-27.0,120.0,90.0,626.0,-177.0
882.0,,-272.0,-122.0,6.0,-99.0,163.0,234.0,711.0,-324.0
954.0,,-349.0,-3.0,11.0,-124.0,169.0,286.0,818.0,-430.0
1041.0,,-368.0,165.0,17.0,-7.0,183.0,46.0,934.0,-509.0
1102.0,,-374.0,274.0,19.0,-15.0,230.0,253.0,1072.0,-562.0
1133.0,,-391.0,311.0,12.0,-107.0,257.0,-129.0,1202.0,-584.0
1131.0,,-350.0,328.0,-7.0,-134.0,248.0,118.0,1326.0,-572.0
1120.0,,-274.0,284.0,-51.0,-73.0,265.0,16.0,1461.0,-568.0
1094.0,,-211.0,203.0,-106.0,-39.0,272.0,-12.0,1565.0,-595.0
1050.0,,-100.0,69.0,-171.0,-107.0,249.0,225.0,1642.0,-632.0
945.0,,3.0,-107.0,-251.0,-137.0,232.0,-27.0,1668.0,-664.0
813.0,,97.0,-256.0,-317.0,-87.0,205.0,286.0,1633.0,-675.0
689.0,,194.0,-405.0,-354.0,-98.0,216.0,38.0,1552.0,-695.0
524.0,,247.0,-616.0,-359.0,-191.0,207.0,123.0,1436.0,-707.0
324.0,,314.0,-828.0,-350.0,-225.0,188.0,90.0,1298.0,-703.0
128.0,,343.0,-982.0,-335.0,-212.0,183.0,-147.0,1139.0,-698.0
-15.0,,346.0,-1086.0,-317.0,-229.0,169.0,160.0,973.0,-705.0
-157.0,,330.0,-1082.0,-301.0,-271.0,172.0,-92.0,801.0,-722.0
-328.0,,257.0,-1011.0,-278.0,-271.0,169.0,208.0,611.0,-749.0
-483.0,,184.0,-962.0,-262.0,-139.0,141.0,81.0,415.0,-789.0
-574.0,,109.0,-910.0,-267.0,-118.0,119.0,-16.0,238.0,-860.0
-631.0,,-13.0,-887.0,-287.0,-234.0,94.0,103.0,70.0,-939.0
-734.0,,-116.0,-860.0,-296.0,-232.0,54.0,-271.0,-89.0,-996.0
-825.0,,-220.0,-826.0,-279.0,-187.0,25.0,1.0,-211.0,-1034.0
-844.0,,-351.0,-831.0,-239.0,-116.0,-25.0,-197.0,-295.0,-1045.0
-828.0,,-435.0,-799.0,-167.0,-105.0,-85.0,-16.0,-353.0,-1076.0
-849.0,,-540.0,-782.0,-76.0,-175.0,-149.0,-36.0,-372.0,-1077.0
-899.0,,-617.0,-786.0,8.0,-129.0,-174.0,-304.0,-350.0,-1077.0
-900.0,,-651.0,-764.0,78.0,-77.0,-201.0,-14.0,-298.0,-1065.0
-860.0,,-692.0,-695.0,127.0,-89.0,-282.0,-308.0,-214.0,-1032.0
-865.0,,-683.0,-595.0,169.0,-86.0,-270.0,-5.0,-100.0,-1017.0
-875.0,,-660.0,-498.0,200.0,-99.0,-245.0,-42.0,46.0,-959.0
-844.0,,-609.0,-342.0,190.0,-77.0,-257.0,-57.0,210.0,-889.0
-802.0,,-551.0,-207.0,141.0,-91.0,-258.0,46.0,369.0,-782.0
-774.0,,-500.0,-48.0,61.0,-123.0,-271.0,-293.0,517.0,-615.0
-768.0,,-423.0,177.0,-39.0,-65.0,-285.0,38.0,654.0,-405.0
-705.0,,-361.0,331.0,-123.0,-75.0,-302.0,-212.0,757.0,-165.0
-607.0,,-328.0,439.0,-160.0,-129.0,-316.0,-149.0,824.0,93.0
-536.0,,-300.0,498.0,-154.0,-153.0,-330.0,-199.0,860.0,363.0
-498.0,,-280.0,467.0,-115.0,-155.0,-330.0,-447.0,841.0,639.0
-418.0,,-284.0,416.0,-62.0,-139.0,-324.0,-216.0,774.0,923.0
-291.0,,-282.0,312.0,-12.0,-227.0,-314.0,-559.0,672.0,1199.0
-225.0,,-290.0,94.0,11.0,-301.0,-317.0,-273.0,535.0,1473.0
-191.0,,-294.0,-94.0,0.0,-198.0,-319.0,-373.0,380.0,1698.0
-138.0,,-266.0,-208.0,-18.0,-168.0,-291.0,-447.0,212.0,1875.0
-42.0,,-251.0,-315.0,-35.0,-309.0,-245.0,-242.0,39.0,1994.0
33.0,,-217.0,-409.0,-22.0,-371.0,-227.0,-495.0,-140.0,2035.0
59.0,,-144.0,-495.0,19.0,-356.0,-252.0,-219.0,-308.0,2014.0
117.0,,-105.0,-537.0,43.0,-342.0,-233.0,-578.0,-451.0,1928.0
175.0,,-45.0,-553.0,37.0,-376.0,-188.0,-574.0,-569.0,1833.0
195.0,,40.0,-526.0,-4.0,-444.0,-155.0,-563.0,-633.0,1721.0
184.0,,104.0,-414.0,-55.0,-423.0,-113.0,-650.0,-640.0,1596.0
190.0,,174.0,-292.0,-76.0,-390.0,-84.0,-242.0,-617.0,1497.0
231.0,,241.0,-136.0,-68.0,-436.0,-64.0,-509.0,-564.0,1406.0
256.0,,305.0,23.0,-48.0,-511.0,-39.0,-251.0,-484.0,1350.0
251.0,,351.0,148.0,-13.0,-550.0,-31.0,-384.0,-399.0,1279.0
240.0,,384.0,283.0,33.0,-494.0,-63.0,-395.0,-311.0,1181.0
272.0,,422.0,363.0,70.0,-434.0,-81.0,-166.0,-221.0,1054.0
298.0,,432.0,381.0,83.0,-509.0,-79.0,-369.0,-134.0,873.0
241.0,,416.0,329.0,59.0,-504.0,-100.0,-16.0,-60.0,701.0
170.0,,408.0,192.0,-6.0,-390.0,-99.0,-234.0,-2.0,548.0
162.0,,376.0,91.0,-96.0,-400.0,-71.0,-3.0,49.0,411.0
156.0,,331.0,46.0,-180.0,-496.0,-63.0,18.0,75.0,265.0
72.0,,276.0,-6.0,-248.0,-551.0,-52.0,-219.0,87.0,110.0
-24.0,,218.0,-62.0,-289.0,-512.0,-1.0,-1.0,87.0,-66.0
-51.0,,203.0,-129.0,-295.0,-532.0,59.0,-275.0,63.0,-280.0
-34.0,,156.0,-166.0,-283.0,-625.0,69.0,103.0,20.0,-521.0
-59.0,,122.0,-185.0,-238.0,-605.0,84.0,11.0,-48.0,-795.0
-126.0,,124.0,-190.0,-165.0,-581.0,138.0,7.0,-138.0,-1052.0
-136.0,,100.0,-112.0,-99.0,-634.0,165.0,110.0,-255.0,-1259.0
-81.0,,111.0,-35.0,-60.0,-657.0,158.0,-205.0,-360.0,-1403.0
-84.0,,132.0,29.0,-47.0,-640.0,148.0,162.0,-464.0,-1479.0
-140.0,,156.0,192.0,-37.0,-607.0,162.0,-40.0,-563.0,-1486.0
-137.0,,175.0,353.0,-6.0,-561.0,175.0,125.0,-632.0,-1455.0
-107.0,,199.0,399.0,47.0,-611.0,156.0,153.0,-695.0,-1388.0
-133.0,,216.0,369.0,102.0,-728.0,140.0,62.0,-725.0,-1271.0
-211.0,,213.0,342.0,138.0,-726.0,119.0,304.0,-738.0,-1151.0
-269.0,,213.0,334.0,152.0,-733.0,101.0,-109.0,-749.0,-1041.0
-295.0,,182.0,290.0,135.0,-805.0,104.0,92.0,-756.0,-940.0
-403.0,,177.0,348.0,80.0,-806.0,99.0,-158.0,-772.0,-835.0
-564.0,,158.0,464.0,9.0,-751.0,90.0,-134.0,-789.0,-727.0
-678.0,,144.0,429.0,-33.0,-685.0,115.0,219.0,-784.0,-643.0
-783.0,,151.0,425.0,-42.0,-715.0,150.0,62.0,-766.0,-605.0
-932.0,,116.0,439.0,-24.0,-682.0,178.0,371.0,-730.0,-594.0
-1102.0,,122.0,321.0,4.0,-546.0,210.0,40.0,-657.0,-600.0
-1198.0,,112.0,236.0,30.0,-513.0,260.0,131.0,-575.0,-657.0
-1260.0,,99.0,137.0,59.0,-532.0,312.0,120.0,-490.0,-738.0
-1362.0,,95.0,-36.0,83.0,-584.0,330.0,-20.0,-405.0,-878.0
-1461.0,,72.0,-216.0,96.0,-557.0,347.0,275.0,-313.0,-1070.0
-1508.0,,69.0,-346.0,105.0,-497.0,377.0,-36.0,-207.0,-1269.0
-1489.0,,44.0,-418.0,127.0,-505.0,402.0,238.0,-98.0,-1481.0
-1493.0,,18.0,-511.0,162.0,-473.0,426.0,40.0,20.0,-1654.0
-1511.0,,-15.0,-567.0,171.0,-444.0,476.0,-25.0,148.0,-1788.0
-1466.0,,-58.0,-633.0,143.0,-457.0,514.0,83.0,275.0,-1889.0
-1345.0,,-90.0,-649.0,87.0,-515.0,521.0,-266.0,403.0,-1944.0
-1207.0,,-122.0,-538.0,15.0,-530.0,549.0,-20.0,538.0,-1978.0
-1094.0,,-140.0,-434.0,-73.0,-505.0,579.0,-343.0,670.0,-2003.0
-974.0,,-160.0,-344.0,-175.0,-500.0,574.0,-256.0,820.0,-2004.0
-822.0,,-185.0,-250.0,-267.0,-490.0,576.0,-277.0,975.0,-1994.0
-656.0,,-182.0,-79.0,-352.0,-569.0,606.0,-373.0,1133.0,-1965.0
-552.0,,-176.0,91.0,-393.0,-578.0,623.0,-109.0,1296.0,-1929.0
-443.0,,-187.0,193.0,-354.0,-466.0,608.0,-371.0,1445.0,-1906.0
-264.0,,-150.0,281.0,-256.0,-484.0,598.0,-31.0,1593.0,-1855.0
-107.0,,-86.0,384.0,-141.0,-550.0,604.0,-230.0,1731.0,-1766.0
13.0,,-30.0,520.0,-60.0,-556.0,582.0,-236.0,1871.0,-1669.0
130.0,,72.0,611.0,-18.0,-513.0,540.0,-114.0,2004.0,-1574.0
264.0,,178.0,615.0,-5.0,-513.0,497.0,-423.0,2090.0,-1485.0
377.0,,282.0,551.0,-18.0,-585.0,455.0,-129.0,2138.0,-1415.0
433.0,,420.0,520.0,-34.0,-525.0,419.0,-328.0,2127.0,-1356.0
492.0,,521.0,505.0,-21.0,-420.0,392.0,-46.0,2039.0,-1286.0
555.0,,648.0,407.0,16.0,-441.0,353.0,11.0,1882.0,-1212.0
585.0,,781.0,281.0,38.0,-504.0,291.0,-107.0,1648.0,-1115.0
567.0,,835.0,117.0,18.0,-480.0,254.0,103.0,1353.0,-957.0
526.0,,927.0,-33.0,-32.0,-398.0,225.0,-245.0,1008.0,-754.0
500.0,,979.0,-100.0,-103.0,-359.0,200.0,53.0,627.0,-501.0
446.0,,987.0,-170.0,-184.0,-387.0,195.0,-116.0,242.0,-194.0
344.0,,1019.0,-173.0,-230.0,-415.0,204.0,-144.0,-149.0,168.0
239.0,,988.0,-58.0,-219.0,-392.0,193.0,-1.0,-530.0,583.0
173.0,,959.0,-21.0,-158.0,-385.0,138.0,-216.0,-884.0,992.0
108.0,,934.0,30.0,-95.0,-388.0,89.0,182.0,-1229.0,1370.0
5.0,,861.0,183.0,-68.0,-372.0,59.0,-75.0,-1546.0,1728.0
-87.0,,808.0,250.0,-73.0,-313.0,4.0,-18.0,-1814.0,2050.0
-158.0,,778.0,276.0,-108.0,-257.0,-38.0,-123.0,-2052.0,2328.0
-223.0,,734.0,281.0,-141.0,-304.0,-28.0,-262.0,-2230.0,2566.0
-329.0,,701.0,284.0,-149.0,-332.0,-35.0,127.0,-2333.0,2720.0
-467.0,,670.0,261.0,-128.0,-297.0,-28.0,-88.0,-2375.0,2787.0
-556.0,,633.0,152.0,-82.0,-302.0,12.0,168.0,-2355.0,2807.0
-632.0,,614.0,114.0,-28.0,-319.0,12.0,-72.0,-2296.0,2741.0
-724.0,,552.0,88.0,19.0,-374.0,-5.0,-125.0,-2190.0,2597.0
-822.0,,484.0,127.0,51.0,-402.0,-10.0,0.0,-2048.0,2407.0
-895.0,,412.0,224.0,74.0,-348.0,6.0,-269.0,-1866.0,2185.0
-894.0,,298.0,263.0,114.0,-412.0,7.0,38.0,-1653.0,1986.0
-893.0,,198.0,334.0,174.0,-459.0,-13.0,-238.0,-1412.0,1784.0
-914.0,,73.0,399.0,250.0,-343.0,-15.0,-62.0,-1149.0,1582.0
-880.0,,-60.0,509.0,340.0,-321.0,-34.0,-84.0,-881.0,1435.0
-789.0,,-199.0,640.0,406.0,-377.0,-67.0,-171.0,-602.0,1349.0
-708.0,,-350.0,688.0,431.0,-386.0,-96.0,194.0,-343.0,1329.0
-660.0,,-474.0,732.0,428.0,-360.0,-107.0,-60.0,-90.0,1315.0
-568.0,,-571.0,801.0,396.0,-342.0,-93.0,205.0,147.0,1292.0
-426.0,,-663.0,898.0,347.0,-378.0,-81.0,-38.0,358.0,1245.0
-309.0,,-731.0,1062.0,294.0,-399.0,-54.0,-14.0,552.0,1148.0
-234.0,,-779.0,1162.0,221.0,-394.0,-29.0,151.0,725.0,1003.0
-152.0,,-835.0,1130.0,111.0,-414.0,0.0,-77.0,880.0,786.0
-40.0,,-854.0,1100.0,-17.0,-488.0,29.0,223.0,993.0,555.0
31.0,,-886.0,1063.0,-120.0,-513.0,51.0,-169.0,1079.0,323.0
81.0,,-901.0,982.0,-187.0,-477.0,77.0,-88.0,1128.0,117.0
115.0,,-911.0,877.0,-240.0,-464.0,79.0,-112.0,1131.0,-28.0
124.0,,-928.0,745.0,-266.0,-442.0,71.0,-145.0,1111.0,-133.0
151.0,,-926.0,565.0,-270.0,-479.0,68.0,208.0,1056.0,-167.0
171.0,,-950.0,325.0,-259.0,-502.0,47.0,-81.0,963.0,-157.0
170.0,,-944.0,31.0,-222.0,-480.0,3.0,25.0,827.0,-114.0
171.0,,-941.0,-295.0,-160.0,-492.0,-24.0,-304.0,660.0,-44.0
184.0,,-959.0,-598.0,-87.0,-469.0,-43.0,-166.0,475.0,35.0
212.0,,-974.0,-906.0,-9.0,-444.0,-87.0,118.0,296.0,124.0
245.0,,-995.0,-1195.0,95.0,-413.0,-108.0,-35.0,148.0,196.0
252.0,,-1028.0,-1411.0,194.0,-396.0,-95.0,206.0,22.0,240.0
256.0,,-1049.0,-1587.0,251.0,-448.0,-93.0,-280.0,-54.0,239.0
266.0,,-1080.0,-1699.0,277.0,-442.0,-99.0,-297.0,-85.0,174.0
252.0,,-1104.0,-1713.0,264.0,-417.0,-99.0,-352.0,-83.0,16.0
241.0,,-1099.0,-1710.0,215.0,-429.0,-82.0,-301.0,-40.0,-233.0
244.0,,-1109.0,-1727.0,139.0,-391.0,-69.0,96.0,19.0,-538.0
230.0,,-1082.0,-1652.0,48.0,-373.0,-62.0,-97.0,81.0,-870.0
200.0,,-1021.0,-1511.0,-49.0,-331.0,-48.0,166.0,129.0,-1185.0
195.0,,-937.0,-1371.0,-133.0,-260.0,-50.0,-160.0,168.0,-1503.0
189.0,,-837.0,-1186.0,-183.0,-288.0,-46.0,-219.0,205.0,-1801.0
149.0,,-707.0,-1014.0,-202.0,-331.0,-46.0,-144.0,242.0,-2028.0
101.0,,-561.0,-843.0,-204.0,-356.0,-31.0,-365.0,282.0,-2233.0
77.0,,-412.0,-643.0,-205.0,-483.0,11.0,-83.0,319.0,-2392.0
76.0,,-257.0,-491.0,-195.0,-539.0,25.0,-397.0,363.0,-2490.0
54.0,,-127.0,-391.0,-161.0,-464.0,30.0,-160.0,396.0,-2540.0
26.0,,4.0,-256.0,-122.0,-435.0,49.0,-195.0,413.0,-2526.0
22.0,,117.0,-106.0,-99.0,-390.0,90.0,-378.0,395.0,-2454.0
43.0,,206.0,-24.0,-96.0,-354.0,123.0,-249.0,339.0,-2330.0
63.0,,244.0,103.0,-108.0,-300.0,87.0,-574.0,244.0,-2150.0
59.0,,267.0,292.0,-103.0,-246.0,65.0,-197.0,107.0,-1902.0
92.0,,274.0,382.0,-54.0,-281.0,91.0,-363.0,-46.0,-1621.0
155.0,,233.0,453.0,46.0,-285.0,96.0,-330.0,-215.0,-1302.0
196.0,,208.0,522.0,174.0,-269.0,93.0,-242.0,-376.0,-986.0
214.0,,143.0,515.0,286.0,-254.0,103.0,-530.0,-524.0,-702.0
229.0,,94.0,485.0,381.0,-227.0,110.0,-208.0,-646.0,-435.0
259.0,,31.0,412.0,470.0,-255.0,100.0,-426.0,-735.0,-250.0
278.0,,-46.0,321.0,543.0,-285.0,98.0,-142.0,-801.0,-115.0
253.0,,-86.0,177.0,578.0,-237.0,99.0,-94.0,-838.0,-34.0
213.0,,-155.0,-55.0,557.0,-229.0,62.0,-218.0,-842.0,0.0
201.0,,-178.0,-219.0,477.0,-339.0,28.0,-99.0,-794.0,36.0
172.0,,-182.0,-307.0,368.0,-399.0,21.0,-519.0,-727.0,56.0
110.0,,-172.0,-421.0,264.0,-316.0,21.0,-243.0,-625.0,91.0
42.0,,-118.0,-553.0,164.0,-232.0,1.0,-323.0,-496.0,127.0
3.0,,-59.0,-623.0,56.0,-247.0,-21.0,-123.0,-362.0,164.0
-29.0,,10.0,-646.0,-52.0,-257.0,-31.0,44.0,-212.0,248.0
-74.0,,91.0,-661.0,-157.0,-222.0,-48.0,-253.0,-78.0,330.0
-73.0,,188.0,-573.0,-242.0,-250.0,-63.0,31.0,63.0,423.0
-62.0,,246.0,-429.0,-310.0,-279.0,-84.0,-219.0,207.0,545.0
-45.0,,296.0,-321.0,-380.0,-225.0,-119.0,-33.0,355.0,698.0
-28.0,,352.0,-176.0,-439.0,-177.0,-148.0,-110.0,513.0,899.0
11.0,,369.0,-3.0,-469.0,-146.0,-161.0,-290.0,663.0,1104.0
86.0,,414.0,96.0,-480.0,-132.0,-153.0,-145.0,819.0,1343.0
145.0,,432.0,134.0,-479.0,-158.0,-180.0,-484.0,955.0,1620.0
189.0,,449.0,230.0,-442.0,-158.0,-216.0,-107.0,1074.0,1906.0
202.0,,501.0,323.0,-379.0,-110.0,-239.0,-116.0,1192.0,2211.0
213.0,,510.0,330.0,-298.0,-68.0,-263.0,66.0,1285.0,2526.0
204.0,,570.0,307.0,-197.0,-51.0,-262.0,131.0,1338.0,2832.0
161.0,,620.0,245.0,-96.0,-53.0,-262.0,-264.0,1351.0,3114.0
116.0,,640.0,166.0,-21.0,-38.0,-266.0,-53.0,1339.0,3340.0
77.0,,707.0,93.0,12.0,-75.0,-278.0,-378.0,1287.0,3504.0
43.0,,735.0,4.0,20.0,-83.0,-268.0,-181.0,1179.0,3621.0
-21.0,,743.0,-34.0,25.0,60.0,-271.0,-184.0,1034.0,3673.0
-99.0,,751.0,-83.0,51.0,111.0,-309.0,-256.0,847.0,3662.0
-156.0,,741.0,-167.0,94.0,61.0,-312.0,-5.0,612.0,3602.0
-225.0,,720.0,-199.0,122.0,68.0,-339.0,-332.0,355.0,3509.0
-307.0,,675.0,-245.0,120.0,146.0,-388.0,-49.0,82.0,3390.0
-344.0,,602.0,-251.0,72.0,232.0,-403.0,-182.0,-195.0,3262.0
-357.0,,523.0,-170.0,-23.0,242.0,-405.0,-46.0,-444.0,3118.0
-380.0,,433.0,-58.0,-124.0,267.0,-405.0,105.0,-673.0,2967.0
-393.0,,307.0,176.0,-183.0,329.0,-405.0,-190.0,-872.0,2817.0
-380.0,,200.0,480.0,-197.0,317.0,-367.0,18.0,-1009.0,2652.0
-361.0,,83.0,705.0,-147.0,249.0,-321.0,-301.0,-1097.0,2450.0
-350.0,,-64.0,877.0,-36.0,250.0,-311.0,-72.0,-1141.0,2202.0
-343.0,,-205.0,979.0,104.0,317.0,-260.0,-114.0,-1129.0,1907.0
-339.0,,-371.0,979.0,250.0,379.0,-218.0,-280.0,-1096.0,1532.0
-315.0,,-524.0,944.0,367.0,388.0,-226.0,40.0,-1048.0,1097.0
-282.0,,-690.0,909.0,457.0,380.0,-215.0,-84.0,-987.0,585.0
-254.0,,-856.0,840.0,521.0,426.0,-208.0,262.0,-911.0,7.0
-235.0,,-984.0,713.0,574.0,477.0,-208.0,57.0,-831.0,-568.0
-225.0,,-1108.0,554.0,596.0,461.0,-239.0,66.0,-766.0,-1157.0
-199.0,,-1207.0,364.0,554.0,427.0,-267.0,142.0,-691.0,-1709.0
-162.0,,-1273.0,134.0,464.0,418.0,-261.0,-73.0,-624.0,-2170.0
-162.0,,-1285.0,-139.0,362.0,457.0,-270.0,280.0,-558.0,-2563.0
-193.0,,-1256.0,-449.0,260.0,496.0,-296.0,-31.0,-474.0,-2862.0
-220.0,,-1187.0,-622.0,160.0,442.0,-324.0,129.0,-398.0,-3085.0
-255.0,,-1096.0,-741.0,79.0,506.0,-338.0,86.0,-319.0,-3252.0
-310.0,,-985.0,-948.0,24.0,549.0,-338.0,3.0,-244.0,-3354.0
-371.0,,-855.0,-1079.0,-2.0,461.0,-320.0,251.0,-201.0,-3408.0
-380.0,,-716.0,-1222.0,-35.0,433.0,-335.0,7.0,-190.0,-3421.0
-373.0,,-562.0,-1387.0,-87.0,425.0,-370.0,460.0,-210.0,-3378.0
-392.0,,-427.0,-1405.0,-142.0,518.0,-392.0,336.0,-243.0,-3270.0
-400.0,,-269.0,-1281.0,-203.0,563.0,-406.0,404.0,-302.0,-3106.0
-410.0,,-117.0,-1076.0,-249.0,507.0,-386.0,485.0,-361.0,-2870.0
-397.0,,-11.0,-815.0,-271.0,523.0,-378.0,256.0,-367.0,-2602.0
-386.0,,106.0,-474.0,-277.0,540.0,-369.0,594.0,-355.0,-2291.0
-386.0,,211.0,-124.0,-273.0,471.0,-342.0,327.0,-304.0,-1954.0
-369.0,,275.0,266.0,-259.0,406.0,-340.0,609.0,-221.0,-1671.0
-350.0,,350.0,652.0,-234.0,415.0,-359.0,541.0,-125.0,-1425.0
-315.0,,410.0,930.0,-197.0,459.0,-375.0,424.0,-17.0,-1236.0
-303.0,,455.0,1152.0,-154.0,501.0,-385.0,618.0,103.0,-1088.0
-287.0,,525.0,1250.0,-104.0,425.0,-423.0,269.0,235.0,-966.0
-239.0,,572.0,1193.0,-45.0,395.0,-468.0,482.0,350.0,-864.0
-170.0,,629.0,1057.0,-7.0,463.0,-512.0,184.0,479.0,-782.0
-103.0,,679.0,845.0,12.0,480.0,-571.0,277.0,601.0,-738.0
-59.0,,730.0,532.0,47.0,471.0,-592.0,391.0,684.0,-723.0
38.0,,805.0,255.0,93.0,450.0,-592.0,282.0,756.0,-724.0
151.0,,860.0,48.0,130.0,450.0,-614.0,622.0,792.0,-705.0
242.0,,917.0,-161.0,171.0,483.0,-629.0,269.0,812.0,-690.0
326.0,,941.0,-360.0,201.0,478.0,-621.0,454.0,804.0,-664.0
421.0,,964.0,-519.0,210.0,423.0,-621.0,349.0,753.0,-579.0
543.0,,989.0,-561.0,219.0,507.0,-623.0,338.0,701.0,-430.0
632.0,,979.0,-560.0,241.0,544.0,-626.0,655.0,624.0,-226.0
684.0,,980.0,-481.0,286.0,436.0,-622.0,497.0,532.0,18.0
736.0,,959.0,-281.0,333.0,396.0,-640.0,873.0,427.0,305.0
780.0,,915.0,-140.0,371.0,411.0,-655.0,639.0,299.0,621.0
796.0,,864.0,-36.0,385.0,460.0,-643.0,650.0,162.0,941.0
797.0,,794.0,89.0,374.0,394.0,-666.0,545.0,31.0,1222.0
782.0,,712.0,163.0,355.0,379.0,-707.0,158.0,-89.0,1453.0
770.0,,644.0,259.0,320.0,511.0,-724.0,349.0,-209.0,1666.0
755.0,,580.0,368.0,253.0,531.0,-718.0,64.0,-301.0,1838.0
705.0,,510.0,342.0,150.0,498.0,-728.0,391.0,-371.0,1948.0
621.0,,442.0,214.0,25.0,526.0,-762.0,386.0,-426.0,2018.0
518.0,,371.0,64.0,-96.0,555.0,-772.0,336.0,-457.0,2024.0
417.0,,308.0,-27.0,-181.0,579.0,-748.0,445.0,-480.0,1994.0
301.0,,226.0,-142.0,-232.0,594.0,-733.0,101.0,-503.0,1944.0
184.0,,149.0,-334.0,-273.0,564.0,-711.0,476.0,-513.0,1844.0
67.0,,66.0,-380.0,-313.0,568.0,-658.0,351.0,-502.0,1729.0
-40.0,,-15.0,-351.0,-358.0,590.0,-637.0,524.0,-507.0,1589.0
-114.0,,-89.0,-380.0,-383.0,582.0,-609.0,626.0,-512.0,1417.0
-191.0,,-180.0,-381.0,-405.0,511.0,-553.0,471.0,-497.0,1234.0
-252.0,,-246.0,-339.0,-441.0,482.0,-541.0,735.0,-494.0,1036.0
-265.0,,-334.0,-330.0,-474.0,607.0,-520.0,330.0,-486.0,823.0
-277.0,,-415.0,-307.0,-491.0,629.0,-474.0,509.0,-485.0,598.0
-283.0,,-487.0,-271.0,-463.0,564.0,-422.0,399.0,-496.0,368.0
-263.0,,-572.0,-305.0,-388.0,590.0,-378.0,380.0,-506.0,157.0
-211.0,,-648.0,-363.0,-266.0,573.0,-369.0,606.0,-520.0,-22.0
-173.0,,-736.0,-474.0,-119.0,518.0,-324.0,408.0,-536.0,-187.0
-177.0,,-787.0,-519.0,-3.0,529.0,-300.0,809.0,-548.0,-316.0
-131.0,,-849.0,-487.0,74.0,567.0,-298.0,498.0,-548.0,-398.0
-52.0,,-896.0,-521.0,130.0,598.0,-277.0,473.0,-534.0,-451.0
3.0,,-924.0,-539.0,178.0,602.0,-290.0,351.0,-506.0,-437.0
26.0,,-978.0,-537.0,203.0,581.0,-292.0,77.0,-475.0,-366.0
53.0,,-1000.0,-584.0,181.0,598.0,-283.0,378.0,-434.0,-272.0
114.0,,-1034.0,-648.0,129.0,550.0,-250.0,36.0,-391.0,-138.0
153.0,,-1052.0,-685.0,76.0,461.0,-243.0,229.0,-346.0,20.0
164.0,,-1045.0,-730.0,36.0,439.0,-252.0,1.0,-285.0,173.0
151.0,,-1027.0,-764.0,7.0,406.0,-219.0,-90.0,-229.0,303.0
185.0,,-980.0,-820.0,-43.0,444.0,-223.0,107.0,-162.0,368.0
222.0,,-927.0,-908.0,-127.0,454.0,-265.0,-116.0,-97.0,362.0
233.0,,-836.0,-939.0,-193.0,413.0,-299.0,288.0,-15.0,322.0
261.0,,-714.0,-903.0,-246.0,441.0,-320.0,153.0,80.0,251.0
307.0,,-605.0,-812.0,-293.0,428.0,-366.0,389.0,144.0,123.0
393.0,,-486.0,-707.0,-320.0,418.0,-400.0,336.0,199.0,-45.0
452.0,,-383.0,-605.0,-311.0,394.0,-391.0,90.0,254.0,-245.0
513.0,,-299.0,-447.0,-248.0,360.0,-372.0,343.0,307.0,-491.0
588.0,,-221.0,-238.0,-143.0,354.0,-356.0,-22.0,343.0,-755.0
665.0,,-169.0,-74.0,-3.0,325.0,-332.0,262.0,383.0,-1015.0
745.0,,-130.0,109.0,142.0,225.0,-249.0,181.0,412.0,-1285.0
807.0,,-94.0,295.0,273.0,170.0,-190.0,205.0,433.0,-1549.0
902.0,,-89.0,390.0,386.0,239.0,-183.0,301.0,467.0,-1800.0
984.0,,-110.0,459.0,482.0,242.0,-144.0,-131.0,476.0,-2012.0
1015.0,,-138.0,532.0,552.0,181.0,-122.0,46.0,490.0,-2171.0
1016.0,,-202.0,594.0,570.0,134.0,-113.0,-245.0,481.0,-2308.0
1024.0,,-278.0,554.0,517.0,176.0,-97.0,-55.0,475.0,-2420.0
1011.0,,-358.0,505.0,406.0,210.0,-76.0,31.0,475.0,-2470.0
954.0,,-446.0,446.0,287.0,93.0,-33.0,-46.0,472.0,-2472.0
880.0,,-485.0,292.0,189.0,64.0,-3.0,223.0,486.0,-2465.0
793.0,,-522.0,167.0,115.0,119.0,32.0,-145.0,487.0,-2400.0
718.0,,-543.0,28.0,51.0,62.0,61.0,24.0,508.0,-2287.0
629.0,,-524.0,-125.0,3.0,9.0,113.0,-175.0,531.0,-2136.0
519.0,,-517.0,-241.0,-42.0,22.0,185.0,-140.0,552.0,-1959.0
417.0,,-479.0,-367.0,-105.0,79.0,241.0,136.0,570.0,-1795.0
352.0,,-459.0,-425.0,-177.0,146.0,277.0,25.0,582.0,-1635.0
297.0,,-440.0,-352.0,-258.0,106.0,306.0,389.0,586.0,-1489.0
237.0,,-385.0,-250.0,-305.0,50.0,373.0,107.0,556.0,-1332.0
224.0,,-362.0,-130.0,-305.0,41.0,389.0,168.0,498.0,-1168.0
239.0,,-308.0,86.0,-261.0,44.0,405.0,-1.0,405.0,-978.0
265.0,,-266.0,263.0,-182.0,29.0,440.0,-223.0,300.0,-760.0
286.0,,-260.0,397.0,-108.0,-15.0,437.0,60.0,171.0,-531.0
316.0,,-222.0,546.0,-58.0,12.0,450.0,-166.0,35.0,-273.0
388.0,,-211.0,574.0,-60.0,71.0,436.0,173.0,-83.0,-13.0
453.0,,-218.0,546.0,-84.0,26.0,456.0,-29.0,-181.0,260.0
498.0,,-186.0,493.0,-94.0,-43.0,483.0,-101.0,-245.0,519.0
571.0,,-162.0,368.0,-87.0,50.0,482.0,0.0,-286.0,759.0
680.0,,-144.0,229.0,-59.0,133.0,489.0,-195.0,-281.0,1002.0
759.0,,-96.0,101.0,-23.0,31.0,484.0,177.0,-243.0,1243.0
813.0,,-43.0,-42.0,10.0,-56.0,503.0,-16.0,-174.0,1462.0
897.0,,34.0,-141.0,30.0,-9.0,481.0,295.0,-60.0,1655.0
980.0,,110.0,-158.0,38.0,97.0,432.0,351.0,69.0,1814.0
1024.0,,169.0,-139.0,42.0,97.0,400.0,256.0,219.0,1934.0
1031.0,,262.0,-20.0,26.0,68.0,351.0,485.0,378.0,2027.0
1040.0,,348.0,110.0,-13.0,146.0,275.0,44.0,540.0,2034.0
1065.0,,417.0,224.0,-47.0,187.0,199.0,205.0,692.0,1974.0
1058.0,,492.0,325.0,-66.0,166.0,134.0,-70.0,827.0,1879.0
1023.0,,547.0,400.0,-65.0,167.0,82.0,-186.0,938.0,1747.0
1006.0,,614.0,489.0,-44.0,204.0,43.0,-142.0,1009.0,1582.0
990.0,,646.0,484.0,5.0,255.0,3.0,-399.0,1048.0,1391.0
947.0,,673.0,467.0,95.0,278.0,13.0,-131.0,1041.0,1193.0
869.0,,735.0,388.0,173.0,223.0,7.0,-441.0,971.0,1000.0
794.0,,744.0,257.0,208.0,219.0,-12.0,-273.0,845.0,849.0
719.0,,770.0,106.0,201.0,315.0,-3.0,-290.0,664.0,725.0
607.0,,779.0,-152.0,144.0,375.0,-15.0,-354.0,441.0,649.0
472.0,,757.0,-375.0,51.0,404.0,-15.0,-88.0,188.0,619.0
333.0,,767.0,-636.0,-56.0,375.0,-7.0,-393.0,-80.0,611.0
221.0,,737.0,-896.0,-150.0,440.0,35.0,-144.0,-343.0,665.0
82.0,,706.0,-1031.0,-215.0,519.0,93.0,-367.0,-584.0,732.0
-91.0,,690.0,-1115.0,-249.0,473.0,124.0,-336.0,-789.0,803.0
-255.0,,653.0,-1161.0,-257.0,544.0,172.0,-293.0,-962.0,878.0
-379.0,,617.0,-1132.0,-266.0,622.0,240.0,-650.0,-1097.0,914.0
-486.0,,579.0,-982.0,-291.0,602.0,306.0,-424.0,-1204.0,931.0
-642.0,,522.0,-791.0,-311.0,553.0,352.0,-742.0,-1298.0,917.0
-777.0,,487.0,-584.0,-318.0,580.0,423.0,-556.0,-1391.0,858.0
-854.0,,439.0,-301.0,-318.0,663.0,470.0,-561.0,-1480.0,775.0
-907.0,,356.0,27.0,-326.0,666.0,469.0,-587.0,-1559.0,638.0
-980.0,,328.0,347.0,-334.0,632.0,498.0,-288.0,-1644.0,441.0
-1072.0,,274.0,590.0,-333.0,615.0,505.0,-602.0,-1714.0,210.0
-1105.0,,235.0,842.0,-330.0,665.0,483.0,-378.0,-1778.0,-32.0
-1113.0,,245.0,1111.0,-297.0,688.0,471.0,-650.0,-1848.0,-292.0
-1116.0,,216.0,1332.0,-238.0,636.0,464.0,-565.0,-1895.0,-569.0
-1115.0,,229.0,1547.0,-156.0,628.0,456.0,-343.0,-1931.0,-838.0
-1072.0,,254.0,1664.0,-55.0,715.0,419.0,-533.0,-1957.0,-1082.0
-1013.0,,250.0,1728.0,53.0,783.0,375.0,-273.0,-1942.0,-1285.0
-966.0,,285.0,1743.0,163.0,735.0,339.0,-594.0,-1874.0,-1447.0
-900.0,,304.0,1695.0,232.0,697.0,264.0,-439.0,-1765.0,-1540.0
-838.0,,316.0,1612.0,256.0,772.0,194.0,-642.0,-1620.0,-1570.0
-740.0,,324.0,1456.0,262.0,834.0,121.0,-824.0,-1437.0,-1570.0
-658.0,,329.0,1318.0,256.0,733.0,67.0,-611.0,-1238.0,-1520.0
-592.0,,367.0,1117.0,231.0,671.0,38.0,-927.0,-1016.0,-1424.0
-509.0,,359.0,836.0,203.0,800.0,-42.0,-489.0,-750.0,-1296.0
-447.0,,355.0,543.0,187.0,922.0,-95.0,-511.0,-467.0,-1149.0
-362.0,,370.0,259.0,175.0,901.0,-121.0,-430.0,-182.0,-993.0
-280.0,,353.0,3.0,155.0,839.0,-152.0,-426.0,83.0,-855.0
-191.0,,348.0,-194.0,129.0,897.0,-166.0,-715.0,328.0,-735.0
-116.0,,351.0,-297.0,107.0,950.0,-183.0,-399.0,554.0,-597.0
-58.0,,336.0,-360.0,91.0,904.0,-197.0,-593.0,743.0,-465.0
13.0,,345.0,-340.0,91.0,832.0,-193.0,-262.0,912.0,-333.0
63.0,,357.0,-252.0,107.0,863.0,-196.0,-303.0,1055.0,-194.0
106.0,,325.0,-231.0,124.0,928.0,-218.0,-441.0,1170.0,-78.0
118.0,,348.0,-176.0,133.0,882.0,-203.0,-365.0,1263.0,40.0
125.0,,363.0,-68.0,124.0,908.0,-207.0,-855.0,1329.0,135.0
151.0,,370.0,-58.0,102.0,970.0,-212.0,-578.0,1348.0,188.0
170.0,,389.0,-54.0,82.0,941.0,-178.0,-687.0,1321.0,200.0
179.0,,360.0,-50.0,64.0,859.0,-166.0,-460.0,1263.0,148.0
169.0,,350.0,-71.0,50.0,832.0,-167.0,-225.0,1154.0,42.0
179.0,,332.0,-104.0,41.0,918.0,-165.0,-391.0,1034.0,-108.0
200.0,,285.0,-163.0,43.0,953.0,-133.0,-140.0,911.0,-277.0
205.0,,237.0,-191.0,52.0,926.0,-117.0,-624.0,780.0,-460.0
173.0,,180.0,-200.0,46.0,909.0,-120.0,-585.0,646.0,-628.0
150.0,,105.0,-273.0,1.0,958.0,-130.0,-672.0,505.0,-767.0
152.0,,36.0,-437.0,-72.0,975.0,-156.0,-569.0,352.0,-896.0
129.0,,-36.0,-498.0,-138.0,908.0,-141.0,-114.0,189.0,-1009.0
84.0,,-96.0,-499.0,-192.0,876.0,-124.0,-206.0,44.0,-1111.0
32.0,,-135.0,-521.0,-253.0,881.0,-106.0,179.0,-73.0,-1212.0
20.0,,-200.0,-409.0,-308.0,955.0,-100.0,-229.0,-168.0,-1298.0
19.0,,-230.0,-238.0,-327.0,941.0,-119.0,-345.0,-246.0,-1326.0
-14.0,,-266.0,-51.0,-290.0,850.0,-115.0,-345.0,-292.0,-1296.0
-42.0,,-320.0,190.0,-210.0,884.0,-127.0,-480.0,-306.0,-1208.0
-24.0,,-327.0,460.0,-129.0,949.0,-161.0,83.0,-296.0,-1087.0
-4.0,,-375.0,699.0,-90.0,918.0,-203.0,-64.0,-256.0,-949.0
-22.0,,-415.0,933.0,-103.0,815.0,-207.0,66.0,-193.0,-761.0
-18.0,,-428.0,1148.0,-130.0,783.0,-205.0,-184.0,-110.0,-553.0
15.0,,-499.0,1253.0,-162.0,846.0,-229.0,-321.0,-31.0,-348.0
63.0,,-545.0,1360.0,-201.0,858.0,-233.0,-118.0,48.0,-148.0
114.0,,-563.0,1476.0,-239.0,759.0,-278.0,-334.0,126.0,39.0
186.0,,-612.0,1480.0,-263.0,740.0,-338.0,203.0,192.0,175.0
283.0,,-614.0,1407.0,-264.0,800.0,-361.0,129.0,259.0,256.0
387.0,,-621.0,1363.0,-242.0,737.0,-366.0,186.0,321.0,259.0
489.0,,-634.0,1313.0,-210.0,653.0,-391.0,131.0,353.0,177.0
573.0,,-583.0,1151.0,-173.0,682.0,-414.0,-175.0,373.0,56.0
644.0,,-570.0,1004.0,-117.0,732.0,-405.0,33.0,377.0,-130.0
692.0,,-535.0,897.0,-42.0,714.0,-421.0,-279.0,350.0,-345.0
732.0,,-485.0,674.0,39.0,609.0,-456.0,59.0,323.0,-565.0
754.0,,-436.0,404.0,111.0,552.0,-491.0,-79.0,288.0,-817.0
755.0,,-369.0,207.0,172.0,624.0,-524.0,-140.0,238.0,-1076.0
730.0,,-331.0,99.0,225.0,613.0,-564.0,92.0,181.0,-1317.0
666.0,,-252.0,53.0,266.0,490.0,-598.0,-371.0,137.0,-1502.0
610.0,,-195.0,41.0,284.0,394.0,-595.0,-249.0,116.0,-1619.0
562.0,,-146.0,66.0,276.0,406.0,-582.0,-602.0,100.0,-1702.0
470.0,,-85.0,124.0,263.0,454.0,-544.0,-474.0,97.0,-1724.0
331.0,,-57.0,122.0,259.0,350.0,-514.0,-262.0,93.0,-1638.0
217.0,,-10.0,68.0,278.0,244.0,-484.0,-230.0,93.0,-1496.0
144.0,,-4.0,71.0,309.0,247.0,-428.0,214.0,106.0,-1331.0
56.0,,1.0,30.0,334.0,188.0,-402.0,-157.0,112.0,-1162.0
-71.0,,1.0,-66.0,332.0,85.0,-367.0,-97.0,122.0,-987.0
-181.0,,-19.0,-213.0,302.0,20.0,-334.0,-341.0,159.0,-808.0
-246.0,,-39.0,-383.0,255.0,28.0,-308.0,-432.0,208.0,-664.0
-313.0,,-62.0,-530.0,205.0,52.0,-266.0,-219.0,274.0,-548.0
-388.0,,-78.0,-766.0,155.0,-59.0,-246.0,-388.0,362.0,-454.0
-475.0,,-133.0,-991.0,101.0,-125.0,-207.0,-3.0,454.0,-387.0
-504.0,,-127.0,-1112.0,62.0,-92.0,-155.0,-299.0,567.0,-318.0
-506.0,,-138.0,-1184.0,49.0,-120.0,-109.0,-188.0,686.0,-217.0
-552.0,,-155.0,-1187.0,64.0,-179.0,-67.0,-136.0,788.0,-125.0
-583.0,,-116.0,-1099.0,90.0,-218.0,-35.0,-380.0,895.0,-20.0
-593.0,,-118.0,-993.0,92.0,-173.0,-4.0,-133.0,994.0,121.0
-577.0,,-57.0,-847.0,57.0,-164.0,-13.0,-437.0,1066.0,238.0
-590.0,,-10.0,-650.0,3.0,-233.0,-32.0,-232.0,1089.0,343.0
-627.0,,63.0,-435.0,-61.0,-250.0,-43.0,-391.0,1075.0,445.0
-618.0,,174.0,-145.0,-138.0,-237.0,-71.0,-306.0,1017.0,534.0
-610.0,,232.0,95.0,-223.0,-303.0,-79.0,27.0,889.0,597.0
-624.0,,337.0,193.0,-323.0,-394.0,-90.0,-175.0,702.0,653.0
-643.0,,429.0,288.0,-423.0,-430.0,-103.0,171.0,474.0,688.0
-614.0,,506.0,466.0,-503.0,-404.0,-102.0,-205.0,213.0,671.0
-558.0,,588.0,591.0,-571.0,-333.0,-108.0,-264.0,-104.0,650.0
-530.0,,674.0,595.0,-620.0,-450.0,-104.0,-315.0,-426.0,670.0
-484.0,,731.0,577.0,-629.0,-541.0,-124.0,-454.0,-728.0,721.0
-393.0,,775.0,619.0,-586.0,-447.0,-138.0,-66.0,-1019.0,807.0
-274.0,,817.0,641.0,-523.0,-456.0,-124.0,-288.0,-1275.0,921.0
-164.0,,834.0,645.0,-470.0,-537.0,-137.0,12.0,-1493.0,1006.0
-47.0,,867.0,706.0,-421.0,-661.0,-162.0,-192.0,-1655.0,1069.0
102.0,,848.0,732.0,-367.0,-650.0,-176.0,-288.0,-1768.0,1075.0
255.0,,823.0,775.0,-304.0,-515.0,-187.0,-145.0,-1833.0,1020.0
389.0,,815.0,873.0,-240.0,-592.0,-186.0,-506.0,-1860.0,928.0
502.0,,746.0,956.0,-182.0,-726.0,-177.0,-256.0,-1835.0,772.0
612.0,,689.0,1006.0,-134.0,-675.0,-174.0,-509.0,-1749.0,562.0
710.0,,632.0,982.0,-64.0,-572.0,-163.0,-229.0,-1593.0,302.0
782.0,,555.0,851.0,62.0,-592.0,-135.0,-110.0,-1372.0,-3.0
819.0,,520.0,716.0,223.0,-679.0,-93.0,-301.0,-1097.0,-351.0
818.0,,449.0,622.0,387.0,-683.0,-77.0,-134.0,-750.0,-713.0
804.0,,387.0,456.0,516.0,-615.0,-93.0,-578.0,-394.0,-1064.0
754.0,,351.0,262.0,603.0,-639.0,-101.0,-291.0,-29.0,-1374.0
651.0,,259.0,107.0,663.0,-747.0,-107.0,-384.0,346.0,-1607.0
528.0,,209.0,-62.0,711.0,-728.0,-142.0,-330.0,693.0,-1757.0
408.0,,138.0,-307.0,737.0,-650.0,-201.0,-77.0,1008.0,-1818.0
293.0,,53.0,-515.0,709.0,-730.0,-235.0,-288.0,1242.0,-1759.0
147.0,,21.0,-522.0,643.0,-839.0,-273.0,24.0,1419.0,-1591.0
-7.0,,-68.0,-492.0,550.0,-834.0,-317.0,-271.0,1563.0,-1348.0
-134.0,,-126.0,-479.0,407.0,-719.0,-302.0,7.0,1627.0,-1052.0
-239.0,,-163.0,-334.0,211.0,-676.0,-297.0,123.0,1636.0,-743.0
-369.0,,-244.0,-179.0,-6.0,-765.0,-330.0,-24.0,1615.0,-425.0
-539.0,,-273.0,-50.0,-195.0,-735.0,-328.0,225.0,1560.0,-117.0
-675.0,,-311.0,116.0,-330.0,-647.0,-309.0,-97.0,1469.0,143.0
-759.0,,-348.0,282.0,-406.0,-651.0,-288.0,184.0,1351.0,360.0
-850.0,,-354.0,470.0,-437.0,-757.0,-268.0,-1.0,1199.0,519.0
-959.0,,-388.0,588.0,-459.0,-812.0,-268.0,-48.0,1021.0,625.0
-1004.0,,-385.0,656.0,-481.0,-711.0,-262.0,62.0,824.0,681.0
-976.0,,-370.0,741.0,-481.0,-668.0,-241.0,-140.0,611.0,705.0
-959.0,,-381.0,804.0,-459.0,-748.0,-237.0,256.0,400.0,710.0
-962.0,,-357.0,858.0,-425.0,-765.0,-237.0,5.0,188.0,670.0
-925.0,,-347.0,858.0,-381.0,-695.0,-236.0,112.0,0.0,628.0
-822.0,,-370.0,854.0,-305.0,-759.0,-216.0,-27.0,-167.0,598.0
-737.0,,-326.0,784.0,-207.0,-862.0,-202.0,-186.0,-307.0,579.0
-683.0,,-317.0,636.0,-127.0,-857.0,-227.0,149.0,-407.0,567.0
-604.0,,-314.0,488.0,-64.0,-796.0,-217.0,-49.0,-465.0,556.0
-492.0,,-247.0,343.0,-15.0,-742.0,-203.0,310.0,-485.0,541.0
-398.0,,-251.0,230.0,9.0,-818.0,-185.0,101.0,-491.0,500.0
-369.0,,-192.0,110.0,23.0,-852.0,-137.0,1.0,-474.0,467.0
-324.0,,-136.0,-33.0,49.0,-822.0,-126.0,-7.0,-440.0,402.0
-265.0,,-128.0,-126.0,66.0,-875.0,-95.0,-304.0,-419.0,321.0
-276.0,,-49.0,-114.0,69.0,-896.0,-51.0,51.0,-396.0,258.0
-317.0,,-41.0,-35.0,81.0,-895.0,-37.0,-229.0,-368.0,230.0
-339.0,,-26.0,2.0,91.0,-936.0,-36.0,-97.0,-370.0,262.0
-347.0,,20.0,13.0,88.0,-933.0,-18.0,-179.0,-372.0,333.0
-370.0,,-13.0,86.0,73.0,-911.0,-7.0,-376.0,-409.0,478.0
-413.0,,-19.0,27.0,73.0,-939.0,-27.0,-118.0,-462.0,647.0
-447.0,,-31.0,-79.0,83.0,-872.0,-7.0,-301.0,-484.0,811.0
-439.0,,-74.0,-121.0,90.0,-807.0,-15.0,73.0,-527.0,993.0
-424.0,,-74.0,-288.0,116.0,-834.0,-52.0,-31.0,-571.0,1120.0
-427.0,,-110.0,-427.0,171.0,-832.0,-68.0,27.0,-631.0,1192.0
-400.0,,-133.0,-490.0,251.0,-799.0,-78.0,173.0,-704.0,1234.0
-320.0,,-114.0,-533.0,335.0,-691.0,-74.0,14.0,-751.0,1212.0
-245.0,,-136.0,-603.0,400.0,-695.0,-94.0,349.0,-790.0,1155.0
-215.0,,-125.0,-755.0,426.0,-754.0,-86.0,88.0,-807.0,1076.0
-184.0,,-96.0,-858.0,414.0,-660.0,-82.0,332.0,-794.0,972.0
-111.0,,-84.0,-970.0,384.0,-622.0,-96.0,290.0,-762.0,875.0
-45.0,,-40.0,-1057.0,338.0,-672.0,-86.0,79.0,-711.0,784.0
-62.0,,-29.0,-1034.0,278.0,-655.0,-74.0,339.0,-634.0,715.0
-92.0,,-9.0,-1063.0,215.0,-580.0,-94.0,48.0,-564.0,655.0
-83.0,,47.0,-1092.0,167.0,-516.0,-98.0,242.0,-478.0,606.0
-76.0,,52.0,-1089.0,129.0,-543.0,-43.0,57.0,-390.0,610.0
-104.0,,82.0,-1045.0,100.0,-634.0,-9.0,125.0,-338.0,674.0
-156.0,,115.0,-949.0,95.0,-565.0,-6.0,339.0,-269.0,780.0
-163.0,,103.0,-853.0,105.0,-423.0,4.0,260.0,-220.0,891.0
-147.0,,107.0,-701.0,123.0,-433.0,74.0,598.0,-214.0,1021.0
-154.0,,59.0,-586.0,151.0,-532.0,145.0,157.0,-240.0,1155.0
-173.0,,24.0,-449.0,196.0,-552.0,180.0,192.0,-283.0,1263.0
-155.0,,1.0,-210.0,241.0,-471.0,212.0,73.0,-346.0,1353.0
-103.0,,-66.0,-12.0,247.0,-449.0,219.0,-86.0,-429.0,1400.0
-74.0,,-110.0,150.0,209.0,-479.0,225.0,290.0,-504.0,1391.0
-66.0,,-150.0,318.0,145.0,-425.0,243.0,35.0,-593.0,1355.0
-50.0,,-187.0,384.0,68.0,-336.0,249.0,256.0,-686.0,1278.0
-20.0,,-217.0,412.0,-11.0,-388.0,210.0,48.0,-770.0,1169.0
-28.0,,-256.0,451.0,-84.0,-435.0,196.0,-11.0,-843.0,1036.0
-74.0,,-273.0,503.0,-140.0,-351.0,215.0,72.0,-895.0,853.0
-109.0,,-269.0,596.0,-169.0,-279.0,201.0,-155.0,-929.0,662.0
-149.0,,-285.0,573.0,-180.0,-308.0,174.0,221.0,-909.0,467.0
-222.0,,-268.0,595.0,-204.0,-448.0,138.0,33.0,-874.0,282.0
-310.0,,-251.0,698.0,-236.0,-402.0,126.0,314.0,-829.0,126.0
-382.0,,-240.0,769.0,-255.0,-259.0,113.0,413.0,-769.0,-6.0
-441.0,,-185.0,920.0,-255.0,-276.0,108.0,234.0,-712.0,-133.0
-517.0,,-171.0,1007.0,-251.0,-340.0,122.0,389.0,-638.0,-260.0
-583.0,,-132.0,1042.0,-236.0,-365.0,96.0,38.0,-555.0,-378.0
-598.0,,-77.0,1103.0,-178.0,-298.0,90.0,253.0,-458.0,-513.0
-570.0,,-37.0,1074.0,-82.0,-232.0,121.0,192.0,-348.0,-629.0
-551.0,,19.0,979.0,21.0,-240.0,130.0,354.0,-249.0,-705.0
-520.0,,58.0,879.0,104.0,-279.0,126.0,513.0,-155.0,-754.0
-434.0,,108.0,753.0,157.0,-246.0,102.0,291.0,-50.0,-768.0
-329.0,,159.0,559.0,183.0,-250.0,88.0,524.0,43.0,-751.0
-219.0,,166.0,326.0,201.0,-317.0,93.0,118.0,141.0,-709.0
-118.0,,155.0,170.0,232.0,-313.0,60.0,262.0,246.0,-647.0
20.0,,154.0,46.0,262.0,-268.0,12.0,321.0,328.0,-571.0
174.0,,120.0,-148.0,285.0,-208.0,-18.0,284.0,398.0,-490.0
308.0,,80.0,-295.0,284.0,-297.0,-18.0,521.0,444.0,-420.0
430.0,,42.0,-423.0,247.0,-402.0,-28.0,99.0,472.0,-340.0
508.0,,-26.0,-567.0,191.0,-314.0,-46.0,321.0,474.0,-250.0
600.0,,-73.0,-654.0,119.0,-252.0,-31.0,160.0,450.0,-170.0
658.0,,-137.0,-754.0,21.0,-298.0,-20.0,177.0,425.0,-90.0
653.0,,-198.0,-795.0,-89.0,-334.0,12.0,352.0,388.0,-7.0
633.0,,-201.0,-787.0,-186.0,-312.0,46.0,221.0,344.0,91.0
597.0,,-232.0,-773.0,-234.0,-325.0,71.0,602.0,287.0,190.0
551.0,,-249.0,-636.0,-220.0,-439.0,105.0,280.0,219.0,301.0
458.0,,-221.0,-418.0,-181.0,-431.0,125.0,384.0,141.0,421.0
349.0,,-229.0,-169.0,-147.0,-309.0,119.0,291.0,25.0,564.0
278.0,,-187.0,32.0,-126.0,-346.0,100.0,173.0,-92.0,730.0
183.0,,-141.0,235.0,-101.0,-491.0,90.0,476.0,-206.0,886.0
41.0,,-117.0,432.0,-59.0,-558.0,88.0,157.0,-321.0,1067.0
-88.0,,-40.0,480.0,-12.0,-499.0,76.0,517.0,-424.0,1214.0
-170.0,,-18.0,596.0,25.0,-456.0,56.0,389.0,-514.0,1326.0
-232.0,,16.0,697.0,39.0,-470.0,33.0,365.0,-583.0,1424.0
-304.0,,49.0,653.0,34.0,-456.0,-3.0,417.0,-648.0,1474.0
-349.0,,41.0,656.0,22.0,-402.0,-18.0,118.0,-686.0,1495.0
-349.0,,63.0,628.0,18.0,-402.0,1.0,539.0,-699.0,1483.0
-333.0,,47.0,581.0,18.0,-472.0,20.0,299.0,-686.0,1425.0
-305.0,,14.0,567.0,10.0,-467.0,17.0,434.0,-645.0,1320.0
-256.0,,-19.0,588.0,-4.0,-377.0,10.0,380.0,-583.0,1213.0
-200.0,,-57.0,653.0,-19.0,-341.0,1.0,227.0,-504.0,1103.0
-132.0,,-131.0,701.0,-28.0,-451.0,-15.0,495.0,-440.0,979.0
-56.0,,-195.0,785.0,-40.0,-527.0,-43.0,168.0,-354.0,838.0
13.0,,-263.0,911.0,-43.0,-390.0,-84.0,487.0,-253.0,673.0
121.0,,-353.0,1033.0,-19.0,-293.0,-103.0,382.0,-156.0,512.0
257.0,,-444.0,1228.0,41.0,-366.0,-143.0,393.0,-60.0,338.0
344.0,,-576.0,1386.0,139.0,-460.0,-202.0,413.0,31.0,148.0
391.0,,-668.0,1384.0,266.0,-486.0,-226.0,153.0,97.0,-38.0
450.0,,-795.0,1411.0,386.0,-379.0,-233.0,454.0,117.0,-216.0
515.0,,-914.0,1327.0,448.0,-382.0,-247.0,171.0,135.0,-369.0
542.0,,-1001.0,1098.0,442.0,-471.0,-240.0,406.0,128.0,-481.0
555.0,,-1116.0,844.0,387.0,-399.0,-227.0,232.0,97.0,-529.0
606.0,,-1167.0,468.0,291.0,-388.0,-208.0,149.0,84.0,-530.0
653.0,,-1228.0,94.0,175.0,-487.0,-174.0,480.0,71.0,-492.0
674.0,,-1274.0,-373.0,69.0,-573.0,-179.0,99.0,51.0,-416.0
680.0,,-1259.0,-847.0,2.0,-522.0,-190.0,395.0,29.0,-338.0
678.0,,-1246.0,-1173.0,-5.0,-386.0,-194.0,264.0,14.0,-282.0
685.0,,-1167.0,-1521.0,24.0,-365.0,-178.0,448.0,7.0,-246.0
670.0,,-1064.0,-1823.0,56.0,-373.0,-157.0,607.0,0.0,-245.0
618.0,,-953.0,-2082.0,81.0,-325.0,-166.0,445.0,-4.0,-279.0
573.0,,-774.0,-2244.0,105.0,-266.0,-172.0,814.0,0.0,-336.0
546.0,,-618.0,-2307.0,132.0,-290.0,-192.0,458.0,22.0,-400.0
492.0,,-428.0,-2253.0,157.0,-356.0,-239.0,600.0,43.0,-461.0
403.0,,-233.0,-2022.0,182.0,-370.0,-261.0,469.0,69.0,-536.0
296.0,,-66.0,-1809.0,213.0,-305.0,-256.0,375.0,122.0,-590.0
207.0,,117.0,-1595.0,242.0,-269.0,-284.0,668.0,169.0,-593.0
138.0,,264.0,-1276.0,260.0,-323.0,-295.0,498.0,206.0,-576.0
50.0,,407.0,-979.0,267.0,-285.0,-301.0,855.0,242.0,-504.0
-50.0,,515.0,-773.0,272.0,-190.0,-347.0,635.0,267.0,-367.0
-126.0,,597.0,-640.0,268.0,-191.0,-382.0,700.0,270.0,-198.0
-155.0,,652.0,-607.0,261.0,-246.0,-408.0,744.0,247.0,0.0
-210.0,,672.0,-551.0,252.0,-226.0,-425.0,576.0,226.0,215.0
-297.0,,690.0,-536.0,234.0,-115.0,-412.0,992.0,205.0,443.0
-359.0,,654.0,-538.0,209.0,-58.0,-411.0,763.0,186.0,646.0
-381.0,,630.0,-503.0,207.0,-75.0,-433.0,851.0,187.0,838.0
-388.0,,602.0,-561.0,250.0,-52.0,-405.0,580.0,184.0,1007.0
-407.0,,566.0,-482.0,333.0,-14.0,-358.0,439.0,190.0,1120.0
-374.0,,538.0,-390.0,432.0,-35.0,-358.0,572.0,206.0,1209.0
-298.0,,501.0,-406.0,503.0,-74.0,-370.0,164.0,224.0,1248.0
-240.0,,485.0,-290.0,506.0,-67.0,-356.0,408.0,257.0,1256.0
-207.0,,458.0,-165.0,415.0,-24.0,-322.0,188.0,289.0,1251.0
-145.0,,454.0,-39.0,257.0,-41.0,-319.0,284.0,343.0,1214.0
-48.0,,441.0,194.0,67.0,-102.0,-339.0,375.0,404.0,1147.0
19.0,,404.0,438.0,-126.0,-63.0,-310.0,177.0,467.0,1057.0
69.0,,397.0,673.0,-280.0,17.0,-269.0,452.0,526.0,942.0
131.0,,366.0,861.0,-363.0,-2.0,-239.0,116.0,553.0,802.0
228.0,,333.0,1028.0,-385.0,-61.0,-169.0,251.0,580.0,636.0
270.0,,307.0,1277.0,-387.0,-76.0,-132.0,68.0,567.0,413.0
243.0,,266.0,1472.0,-387.0,-90.0,-125.0,-33.0,528.0,169.0
252.0,,225.0,1575.0,-368.0,-96.0,-98.0,175.0,483.0,-77.0
256.0,,188.0,1673.0,-326.0,-145.0,-80.0,-151.0,391.0,-319.0
235.0,,153.0,1682.0,-267.0,-187.0,-61.0,101.0,281.0,-550.0
190.0,,113.0,1611.0,-202.0,-127.0,-82.0,-151.0,152.0,-748.0
148.0,,74.0,1455.0,-132.0,-136.0,-112.0,-48.0,6.0,-888.0
164.0,,-4.0,1237.0,-56.0,-226.0,-120.0,66.0,-158.0,-995.0
195.0,,-73.0,1004.0,-4.0,-246.0,-137.0,-105.0,-332.0,-1048.0
207.0,,-129.0,663.0,-2.0,-120.0,-151.0,264.0,-487.0,-1073.0
210.0,,-212.0,317.0,-61.0,-25.0,-172.0,-11.0,-632.0,-1062.0
265.0,,-256.0,-54.0,-151.0,-100.0,-172.0,175.0,-771.0,-1047.0
355.0,,-334.0,-470.0,-230.0,-62.0,-118.0,36.0,-885.0,-1035.0
429.0,,-385.0,-741.0,-292.0,70.0,-59.0,12.0,-937.0,-993.0
515.0,,-417.0,-979.0,-351.0,105.0,-26.0,286.0,-929.0,-959.0
617.0,,-478.0,-1190.0,-402.0,79.0,7.0,-20.0,-888.0,-914.0
752.0,,-475.0,-1291.0,-428.0,31.0,10.0,269.0,-806.0,-832.0
882.0,,-489.0,-1418.0,-412.0,72.0,10.0,24.0,-689.0,-723.0
987.0,,-496.0,-1543.0,-349.0,146.0,33.0,116.0,-562.0,-586.0
1096.0,,-496.0,-1574.0,-252.0,118.0,51.0,142.0,-412.0,-422.0
1179.0,,-512.0,-1554.0,-130.0,99.0,85.0,-92.0,-229.0,-261.0
1230.0,,-497.0,-1465.0,-15.0,164.0,99.0,186.0,-43.0,-105.0
1239.0,,-499.0,-1335.0,59.0,221.0,107.0,-60.0,146.0,54.0
1231.0,,-510.0,-1240.0,95.0,222.0,119.0,256.0,330.0,195.0
1200.0,,-498.0,-1127.0,79.0,217.0,157.0,136.0,469.0,339.0
1114.0,,-498.0,-996.0,-4.0,302.0,202.0,109.0,587.0,482.0
1000.0,,-491.0,-849.0,-152.0,392.0,194.0,336.0,665.0,591.0
917.0,,-450.0,-673.0,-317.0,315.0,194.0,70.0,698.0,684.0
855.0,,-431.0,-532.0,-462.0,262.0,188.0,393.0,689.0,757.0
748.0,,-387.0,-414.0,-581.0,336.0,165.0,94.0,625.0,795.0
624.0,,-337.0,-288.0,-649.0,373.0,146.0,114.0,535.0,785.0
535.0,,-307.0,-158.0,-660.0,322.0,160.0,72.0,413.0,721.0
474.0,,-250.0,3.0,-624.0,298.0,172.0,-171.0,285.0,625.0
402.0,,-203.0,168.0,-553.0,346.0,153.0,97.0,165.0,493.0
319.0,,-158.0,301.0,-483.0,368.0,184.0,-168.0,62.0,363.0
263.0,,-118.0,429.0,-433.0,331.0,212.0,77.0,-19.0,250.0
239.0,,-81.0,474.0,-394.0,308.0,215.0,-73.0,-80.0,149.0
219.0,,-41.0,504.0,-335.0,388.0,217.0,-131.0,-132.0,87.0
187.0,,0.0,521.0,-216.0,407.0,238.0,48.0,-189.0,67.0
189.0,,8.0,438.0,-44.0,256.0,272.0,-214.0,-226.0,74.0
203.0,,27.0,356.0,151.0,175.0,278.0,68.0,-257.0,102.0
194.0,,58.0,243.0,347.0,246.0,311.0,-214.0,-263.0,169.0
181.0,,61.0,145.0,526.0,300.0,339.0,-24.0,-236.0,236.0
181.0,,91.0,26.0,669.0,284.0,336.0,127.0,-181.0,321.0
226.0,,96.0,-84.0,758.0,267.0,352.0,9.0,-94.0,452.0
246.0,,135.0,-114.0,802.0,317.0,367.0,284.0,6.0,625.0
204.0,,190.0,-160.0,818.0,348.0,367.0,-40.0,110.0,830.0
179.0,,218.0,-190.0,825.0,237.0,384.0,199.0,207.0,1045.0
186.0,,289.0,-153.0,836.0,168.0,422.0,48.0,299.0,1272.0
165.0,,363.0,-64.0,835.0,270.0,455.0,31.0,364.0,1462.0
98.0,,441.0,49.0,816.0,361.0,483.0,190.0,434.0,1602.0
56.0,,547.0,159.0,765.0,323.0,499.0,-127.0,484.0,1697.0
49.0,,658.0,326.0,695.0,262.0,556.0,197.0,504.0,1712.0
20.0,,766.0,525.0,636.0,326.0,634.0,-101.0,530.0,1632.0
-51.0,,890.0,567.0,600.0,402.0,676.0,-1.0,533.0,1491.0
-120.0,,999.0,602.0,595.0,361.0,721.0,86.0,531.0,1320.0
-140.0,,1119.0,606.0,609.0,302.0,729.0,36.0,527.0,1122.0
-182.0,,1227.0,447.0,635.0,309.0,767.0,376.0,517.0,912.0
-254.0,,1315.0,363.0,658.0,394.0,799.0,51.0,504.0,709.0
-302.0,,1402.0,287.0,668.0,401.0,768.0,299.0,502.0,528.0
-297.0,,1458.0,108.0,683.0,348.0,767.0,179.0,512.0,342.0
-273.0,,1519.0,-67.0,699.0,411.0,785.0,232.0,506.0,171.0
-316.0,,1545.0,-224.0,702.0,473.0,813.0,428.0,504.0,33.0
-334.0,,1517.0,-362.0,686.0,461.0,796.0,249.0,490.0,-114.0
-290.0,,1508.0,-467.0,628.0,371.0,768.0,670.0,447.0,-268.0
-249.0,,1455.0,-544.0,510.0,319.0,770.0,404.0,371.0,-428.0
-240.0,,1389.0,-616.0,333.0,392.0,759.0,508.0,296.0,-595.0
-241.0,,1321.0,-669.0,117.0,386.0,747.0,423.0,212.0,-766.0
-195.0,,1203.0,-659.0,-100.0,311.0,737.0,181.0,129.0,-939.0
-145.0,,1103.0,-640.0,-305.0,287.0,726.0,437.0,49.0,-1098.0
-104.0,,975.0,-608.0,-475.0,317.0,685.0,247.0,-40.0,-1221.0
-86.0,,841.0,-504.0,-581.0,340.0,646.0,668.0,-96.0,-1298.0
-60.0,,706.0,-340.0,-638.0,283.0,626.0,517.0,-148.0,-1338.0
-13.0,,547.0,-182.0,-666.0,246.0,595.0,415.0,-194.0,-1295.0
23.0,,397.0,-106.0,-687.0,271.0,568.0,445.0,-235.0,-1174.0
77.0,,232.0,0.0,-729.0,262.0,542.0,125.0,-275.0,-1002.0
124.0,,76.0,124.0,-796.0,180.0,492.0,469.0,-312.0,-779.0
176.0,,-68.0,205.0,-879.0,114.0,439.0,232.0,-330.0,-514.0
192.0,,-204.0,366.0,-950.0,107.0,405.0,448.0,-310.0,-236.0
180.0,,-339.0,532.0,-967.0,106.0,369.0,441.0,-278.0,33.0
203.0,,-445.0,637.0,-925.0,68.0,338.0,230.0,-209.0,271.0
219.0,,-538.0,679.0,-838.0,29.0,276.0,487.0,-115.0,455.0
192.0,,-621.0,643.0,-739.0,47.0,216.0,218.0,-3.0,581.0
112.0,,-670.0,669.0,-678.0,34.0,179.0,552.0,123.0,657.0
80.0,,-735.0,716.0,-657.0,-10.0,134.0,428.0,281.0,680.0
84.0,,-773.0,650.0,-657.0,-33.0,79.0,437.0,474.0,630.0
35.0,,-776.0,640.0,-671.0,-6.0,33.0,465.0,667.0,541.0
-20.0,,-776.0,674.0,-674.0,-15.0,32.0,90.0,867.0,423.0
-57.0,,-757.0,625.0,-629.0,-114.0,40.0,388.0,1049.0,273.0
-53.0,,-718.0,554.0,-519.0,-181.0,30.0,112.0,1192.0,126.0
-63.0,,-660.0,494.0,-378.0,-206.0,12.0,360.0,1331.0,-11.0
-84.0,,-592.0,496.0,-228.0,-185.0,15.0,513.0,1427.0,-133.0
-72.0,,-515.0,501.0,-99.0,-215.0,44.0,570.0,1452.0,-212.0
-17.0,,-419.0,523.0,-9.0,-296.0,43.0,910.0,1433.0,-230.0
60.0,,-329.0,575.0,66.0,-326.0,22.0,618.0,1337.0,-174.0
111.0,,-255.0,569.0,136.0,-340.0,12.0,933.0,1173.0,-75.0
195.0,,-182.0,563.0,213.0,-335.0,3.0,752.0,944.0,33.0
320.0,,-96.0,577.0,280.0,-371.0,-29.0,785.0,652.0,183.0
426.0,,-28.0,619.0,319.0,-419.0,-60.0,851.0,339.0,318.0
506.0,,28.0,730.0,328.0,-388.0,-71.0,554.0,10.0,423.0
594.0,,70.0,783.0,298.0,-390.0,-103.0,849.0,-322.0,524.0
715.0,,87.0,676.0,251.0,-421.0,-162.0,448.0,-644.0,598.0
835.0,,96.0,659.0,208.0,-395.0,-183.0,611.0,-917.0,672.0
900.0,,45.0,623.0,167.0,-406.0,-149.0,622.0,-1150.0,734.0
975.0,,-15.0,401.0,100.0,-428.0,-127.0,522.0,-1321.0,766.0
1073.0,,-83.0,314.0,8.0,-451.0,-121.0,794.0,-1424.0,793.0
1124.0,,-197.0,284.0,-83.0,-392.0,-85.0,485.0,-1460.0,812.0
1148.0,,-276.0,103.0,-164.0,-306.0,-65.0,716.0,-1414.0,816.0
1169.0,,-362.0,-128.0,-215.0,-329.0,-45.0,391.0,-1305.0,803.0
1201.0,,-439.0,-324.0,-208.0,-294.0,-9.0,351.0,-1126.0,770.0
1202.0,,-466.0,-444.0,-146.0,-273.0,0.0,397.0,-923.0,727.0
1178.0,,-509.0,-523.0,-68.0,-252.0,-15.0,158.0,-714.0,679.0
1175.0,,-531.0,-570.0,-8.0,-230.0,-42.0,550.0,-511.0,615.0
1166.0,,-519.0,-598.0,19.0,-220.0,-31.0,192.0,-327.0,549.0
1141.0,,-504.0,-646.0,22.0,-143.0,-22.0,280.0,-149.0,467.0
1083.0,,-471.0,-652.0,17.0,-118.0,-43.0,208.0,12.0,375.0
1017.0,,-427.0,-660.0,26.0,-79.0,-49.0,64.0,164.0,287.0
961.0,,-371.0,-595.0,68.0,-29.0,-58.0,282.0,297.0,154.0
895.0,,-294.0,-491.0,128.0,-31.0,-92.0,3.0,428.0,-2.0
822.0,,-233.0,-442.0,197.0,-25.0,-117.0,212.0,553.0,-152.0
717.0,,-184.0,-314.0,276.0,-12.0,-104.0,-103.0,663.0,-322.0
620.0,,-133.0,-222.0,343.0,-10.0,-119.0,-55.0,761.0,-515.0
568.0,,-94.0,-177.0,392.0,-8.0,-157.0,57.0,845.0,-704.0
503.0,,-75.0,-58.0,407.0,39.0,-190.0,-133.0,917.0,-899.0
391.0,,-82.0,68.0,370.0,83.0,-176.0,190.0,982.0,-1082.0
299.0,,-68.0,176.0,287.0,111.0,-165.0,-145.0,1057.0,-1234.0
254.0,,-55.0,273.0,184.0,141.0,-224.0,22.0,1127.0,-1359.0
172.0,,-58.0,356.0,97.0,206.0,-236.0,-20.0,1195.0,-1425.0
50.0,,-43.0,413.0,52.0,251.0,-233.0,-12.0,1261.0,-1433.0
-45.0,,-10.0,416.0,55.0,171.0,-215.0,282.0,1306.0,-1361.0
-130.0,,21.0,456.0,107.0,146.0,-208.0,3.0,1342.0,-1196.0
-254.0,,63.0,504.0,207.0,214.0,-236.0,236.0,1347.0,-952.0
-368.0,,118.0,494.0,303.0,196.0,-210.0,-149.0,1321.0,-640.0
-442.0,,177.0,506.0,353.0,133.0,-203.0,-195.0,1263.0,-258.0
-523.0,,246.0,457.0,339.0,154.0,-205.0,-155.0,1190.0,198.0
-606.0,,316.0,461.0,261.0,210.0,-213.0,-325.0,1107.0,675.0
-678.0,,399.0,489.0,148.0,225.0,-235.0,144.0,982.0,1170.0
-726.0,,468.0,428.0,40.0,233.0,-261.0,101.0,835.0,1653.0
-770.0,,523.0,442.0,-23.0,293.0,-307.0,559.0,660.0,2087.0
-824.0,,572.0,423.0,-54.0,344.0,-332.0,546.0,429.0,2446.0
-877.0,,583.0,325.0,-64.0,317.0,-383.0,454.0,164.0,2704.0
-897.0,,584.0,319.0,-78.0,321.0,-398.0,617.0,-110.0,2887.0
-868.0,,582.0,304.0,-148.0,342.0,-394.0,238.0,-387.0,2946.0
-832.0,,544.0,183.0,-283.0,331.0,-397.0,533.0,-662.0,2854.0
-802.0,,500.0,126.0,-459.0,323.0,-382.0,393.0,-894.0,2651.0
-763.0,,448.0,140.0,-636.0,291.0,-405.0,554.0,-1095.0,2344.0
-686.0,,395.0,155.0,-760.0,235.0,-382.0,583.0,-1255.0,1927.0
-607.0,,337.0,134.0,-777.0,231.0,-373.0,293.0,-1353.0,1437.0
-563.0,,246.0,179.0,-671.0,293.0,-398.0,441.0,-1396.0,916.0
-513.0,,199.0,306.0,-472.0,329.0,-415.0,59.0,-1362.0,392.0
-442.0,,154.0,323.0,-226.0,335.0,-442.0,437.0,-1271.0,-101.0
-376.0,,93.0,342.0,8.0,349.0,-440.0,495.0,-1129.0,-568.0
-355.0,,71.0,402.0,207.0,397.0,-468.0,609.0,-968.0,-1001.0
-363.0,,37.0,490.0,353.0,392.0,-488.0,894.0,-786.0,-1349.0
-351.0,,15.0,570.0,436.0,379.0,-476.0,515.0,-564.0,-1619.0
-324.0,,13.0,530.0,475.0,443.0,-450.0,707.0,-332.0,-1817.0
-310.0,,14.0,547.0,464.0,424.0,-463.0,328.0,-89.0,-1926.0
-300.0,,15.0,612.0,415.0,383.0,-489.0,328.0,125.0,-1960.0
-292.0,,21.0,592.0,340.0,396.0,-451.0,245.0,303.0,-1944.0
-284.0,,32.0,635.0,235.0,436.0,-420.0,81.0,422.0,-1908.0
-285.0,,26.0,656.0,95.0,446.0,-406.0,546.0,491.0,-1852.0
-309.0,,18.0,620.0,-66.0,408.0,-397.0,341.0,508.0,-1780.0
-297.0,,19.0,547.0,-212.0,415.0,-349.0,604.0,459.0,-1695.0
-251.0,,29.0,482.0,-313.0,422.0,-314.0,417.0,384.0,-1600.0
-238.0,,17.0,587.0,-364.0,462.0,-311.0,363.0,273.0,-1504.0
-241.0,,9.0,635.0,-363.0,506.0,-274.0,533.0,142.0,-1358.0
-187.0,,3.0,731.0,-313.0,511.0,-253.0,197.0,-7.0,-1154.0
-102.0,,-21.0,908.0,-234.0,518.0,-215.0,412.0,-145.0,-924.0
-73.0,,-37.0,933.0,-153.0,497.0,-165.0,18.0,-262.0,-652.0
-46.0,,-60.0,861.0,-102.0,496.0,-137.0,33.0,-375.0,-333.0
2.0,,-75.0,825.0,-114.0,457.0,-111.0,24.0,-456.0,7.0
27.0,,-97.0,934.0,-183.0,383.0,-98.0,-60.0,-527.0,328.0
38.0,,-118.0,938.0,-309.0,406.0,-24.0,243.0,-576.0,636.0
31.0,,-118.0,896.0,-497.0,458.0,32.0,-107.0,-603.0,924.0
10.0,,-140.0,960.0,-712.0,477.0,18.0,245.0,-612.0,1152.0
-8.0,,-151.0,939.0,-891.0,525.0,31.0,184.0,-585.0,1312.0
-31.0,,-139.0,809.0,-978.0,601.0,56.0,136.0,-531.0,1405.0
-55.0,,-137.0,723.0,-952.0,597.0,73.0,195.0,-456.0,1407.0
-97.0,,-115.0,655.0,-831.0,541.0,51.0,-218.0,-365.0,1296.0
-123.0,,-65.0,533.0,-655.0,600.0,12.0,51.0,-246.0,1135.0
-119.0,,-20.0,496.0,-440.0,692.0,0.0,-247.0,-122.0,931.0
-130.0,,21.0,418.0,-183.0,655.0,-16.0,-120.0,-4.0,681.0
-135.0,,70.0,347.0,79.0,590.0,-23.0,-88.0,108.0,438.0
-105.0,,97.0,260.0,324.0,668.0,-14.0,-301.0,229.0,195.0
-76.0,,92.0,175.0,535.0,741.0,3.0,-57.0,378.0,-5.0
-81.0,,79.0,301.0,706.0,701.0,31.0,-282.0,519.0,-134.0
-77.0,,48.0,349.0,844.0,706.0,70.0,109.0,638.0,-253.0
-28.0,,-2.0,274.0,953.0,786.0,130.0,-53.0,735.0,-337.0
11.0,,-84.0,286.0,1050.0,885.0,190.0,-68.0,801.0,-407.0
12.0,,-171.0,337.0,1124.0,901.0,216.0,199.0,837.0,-486.0
18.0,,-265.0,275.0,1157.0,927.0,229.0,-40.0,829.0,-534.0
24.0,,-392.0,240.0,1141.0,965.0,268.0,288.0,796.0,-578.0
21.0,,-487.0,251.0,1054.0,972.0,282.0,12.0,752.0,-606.0
0.0,,-589.0,199.0,887.0,1026.0,250.0,157.0,666.0,-613.0
-32.0,,-675.0,145.0,648.0,991.0,249.0,182.0,557.0,-586.0
-53.0,,-737.0,62.0,353.0,921.0,253.0,49.0,453.0,-516.0
-73.0,,-808.0,-20.0,44.0,935.0,241.0,338.0,347.0,-419.0
-100.0,,-833.0,-117.0,-252.0,970.0,224.0,25.0,255.0,-269.0
-145.0,,-858.0,-160.0,-528.0,931.0,204.0,304.0,183.0,-99.0
-193.0,,-861.0,-200.0,-770.0,901.0,221.0,103.0,116.0,105.0
-214.0,,-833.0,-197.0,-940.0,956.0,245.0,112.0,55.0,307.0
-239.0,,-760.0,-52.0,-1005.0,973.0,290.0,238.0,19.0,480.0
-276.0,,-640.0,28.0,-995.0,897.0,330.0,-94.0,5.0,634.0
-290.0,,-510.0,42.0,-953.0,864.0,364.0,216.0,-5.0,725.0
-268.0,,-331.0,119.0,-904.0,921.0,428.0,-12.0,-9.0,783.0
-227.0,,-166.0,165.0,-862.0,923.0,470.0,197.0,0.0,804.0
-222.0,,34.0,169.0,-815.0,861.0,490.0,168.0,17.0,823.0
-228.0,,239.0,191.0,-743.0,828.0,507.0,33.0,31.0,847.0
-184.0,,397.0,178.0,-646.0,840.0,537.0,219.0,58.0,836.0
-150.0,,597.0,155.0,-511.0,782.0,543.0,-134.0,91.0,808.0
-125.0,,768.0,10.0,-337.0,705.0,515.0,230.0,93.0,739.0
-83.0,,916.0,-23.0,-163.0,692.0,505.0,81.0,81.0,619.0
-47.0,,1060.0,50.0,-10.0,717.0,535.0,-48.0,51.0,457.0
-22.0,,1184.0,-37.0,122.0,715.0,550.0,-169.0,10.0,264.0
-45.0,,1262.0,-38.0,219.0,680.0,540.0,-552.0,-43.0,56.0
-82.0,,1315.0,-48.0,283.0,700.0,543.0,-297.0,-113.0,-149.0
-94.0,,1358.0,20.0,325.0,692.0,542.0,-569.0,-174.0,-331.0
-120.0,,1329.0,90.0,361.0,717.0,551.0,-352.0,-240.0,-474.0
-174.0,,1303.0,118.0,405.0,738.0,538.0,-413.0,-297.0,-594.0
-248.0,,1241.0,311.0,458.0,688.0,501.0,-480.0,-330.0,-689.0
-311.0,,1150.0,405.0,533.0,639.0,485.0,-123.0,-338.0,-765.0
-355.0,,1091.0,534.0,628.0,629.0,472.0,-325.0,-330.0,-857.0
-423.0,,980.0,681.0,725.0,646.0,495.0,-3.0,-318.0,-960.0
-496.0,,896.0,754.0,823.0,615.0,526.0,-303.0,-296.0,-1080.0
-511.0,,817.0,867.0,903.0,669.0,513.0,-480.0,-261.0,-1226.0
-477.0,,743.0,949.0,942.0,725.0,535.0,-500.0,-219.0,-1394.0
-490.0,,680.0,1058.0,940.0,707.0,607.0,-727.0,-168.0,-1551.0
-527.0,,595.0,1185.0,893.0,661.0,654.0,-421.0,-103.0,-1718.0
-513.0,,548.0,1212.0,786.0,651.0,684.0,-674.0,-36.0,-1889.0
-471.0,,454.0,1170.0,607.0,686.0,715.0,-395.0,21.0,-2035.0
-444.0,,390.0,1087.0,363.0,652.0,762.0,-397.0,67.0,-2141.0
-434.0,,315.0,913.0,105.0,665.0,797.0,-495.0,114.0,-2195.0
-380.0,,202.0,883.0,-123.0,637.0,756.0,-242.0,156.0,-2248.0
-286.0,,142.0,910.0,-317.0,535.0,702.0,-511.0,201.0,-2251.0
-205.0,,35.0,806.0,-456.0,477.0,687.0,-140.0,232.0,-2207.0
-153.0,,-57.0,809.0,-523.0,445.0,662.0,-168.0,253.0,-2144.0
-116.0,,-143.0,875.0,-527.0,448.0,659.0,-29.0,275.0,-2059.0
-64.0,,-245.0,816.0,-495.0,423.0,655.0,40.0,286.0,-1964.0
-26.0,,-317.0,832.0,-450.0,385.0,630.0,-293.0,296.0,-1859.0
-11.0,,-402.0,926.0,-384.0,398.0,632.0,-199.0,284.0,-1788.0
-28.0,,-494.0,848.0,-288.0,398.0,653.0,-659.0,255.0,-1739.0
-51.0,,-565.0,799.0,-170.0,331.0,707.0,-452.0,217.0,-1723.0
-52.0,,-610.0,809.0,-46.0,323.0,727.0,-365.0,178.0,-1712.0
-73.0,,-663.0,751.0,37.0,317.0,727.0,-238.0,131.0,-1689.0
-123.0,,-681.0,712.0,74.0,260.0,757.0,131.0,80.0,-1676.0
-171.0,,-667.0,673.0,90.0,250.0,788.0,-197.0,33.0,-1644.0
-157.0,,-657.0,563.0,77.0,173.0,816.0,55.0,-12.0,-1583.0
-144.0,,-607.0,552.0,18.0,150.0,840.0,-157.0,-33.0,-1492.0
-188.0,,-551.0,637.0,-82.0,214.0,879.0,-77.0,-47.0,-1369.0
-207.0,,-485.0,620.0,-186.0,183.0,894.0,70.0,-38.0,-1199.0
-164.0,,-393.0,676.0,-263.0,116.0,888.0,-83.0,-15.0,-987.0
-134.0,,-317.0,753.0,-306.0,89.0,861.0,279.0,-8.0,-725.0
-152.0,,-254.0,709.0,-328.0,149.0,816.0,-29.0,12.0,-430.0
-135.0,,-202.0,700.0,-341.0,204.0,782.0,51.0,24.0,-120.0
-86.0,,-156.0,833.0,-329.0,153.0,760.0,-175.0,45.0,216.0
-51.0,,-105.0,871.0,-300.0,68.0,742.0,-376.0,89.0,531.0
-60.0,,-78.0,712.0,-276.0,91.0,715.0,-171.0,138.0,811.0
-67.0,,-50.0,640.0,-259.0,143.0,683.0,-273.0,183.0,1058.0
-25.0,,-31.0,546.0,-243.0,130.0,680.0,264.0,206.0,1263.0
-6.0,,-34.0,370.0,-190.0,143.0,708.0,103.0,214.0,1424.0
-8.0,,-12.0,240.0,-97.0,169.0,690.0,75.0,213.0,1527.0
5.0,,0.0,119.0,14.0,198.0,662.0,42.0,203.0,1537.0
33.0,,8.0,-19.0,140.0,173.0,702.0,-138.0,171.0,1494.0
54.0,,16.0,-145.0,253.0,127.0,732.0,253.0,121.0,1416.0
31.0,,19.0,-251.0,341.0,145.0,707.0,42.0,61.0,1298.0
2.0,,14.0,-290.0,401.0,150.0,662.0,275.0,0.0,1204.0
17.0,,8.0,-230.0,439.0,131.0,599.0,123.0,-30.0,1131.0
26.0,,24.0,-225.0,470.0,171.0,523.0,20.0,-28.0,1081.0
-21.0,,19.0,-170.0,501.0,217.0,466.0,62.0,20.0,1071.0
-71.0,,33.0,2.0,560.0,232.0,398.0,-351.0,91.0,1100.0
-41.0,,58.0,183.0,638.0,273.0,345.0,-51.0,195.0,1147.0
3.0,,92.0,380.0,689.0,285.0,287.0,-247.0,321.0,1204.0
-36.0,,126.0,520.0,683.0,321.0,187.0,-9.0,423.0,1236.0
-91.0,,168.0,653.0,638.0,304.0,153.0,57.0,542.0,1227.0
-52.0,,228.0,737.0,580.0,300.0,140.0,-166.0,642.0,1198.0
7.0,,260.0,735.0,498.0,313.0,88.0,155.0,705.0,1136.0
-28.0,,294.0,732.0,391.0,265.0,76.0,-184.0,749.0,1074.0
-93.0,,305.0,706.0,273.0,295.0,65.0,12.0,766.0,981.0
-95.0,,333.0,663.0,151.0,268.0,28.0,-81.0,759.0,844.0
-113.0,,364.0,571.0,35.0,242.0,-2.0,-55.0,713.0,678.0
-204.0,,363.0,402.0,-52.0,316.0,-43.0,238.0,649.0,496.0
-323.0,,364.0,298.0,-103.0,340.0,-80.0,77.0,569.0,283.0
-381.0,,338.0,324.0,-124.0,329.0,-116.0,347.0,453.0,51.0
-439.0,,324.0,334.0,-142.0,329.0,-141.0,-81.0,326.0,-152.0
-582.0,,291.0,328.0,-169.0,313.0,-141.0,-144.0,185.0,-378.0
-717.0,,242.0,336.0,-202.0,285.0,-169.0,-290.0,41.0,-590.0
-796.0,,214.0,353.0,-240.0,232.0,-216.0,-500.0,-104.0,-789.0
-846.0,,148.0,384.0,-299.0,197.0,-224.0,-162.0,-258.0,-965.0
-923.0,,87.0,382.0,-385.0,221.0,-232.0,-471.0,-393.0,-1082.0
-1012.0,,33.0,415.0,-485.0,182.0,-277.0,-238.0,-512.0,-1195.0
-1028.0,,-28.0,457.0,-555.0,121.0,-306.0,-360.0,-603.0,-1263.0
-977.0,,-58.0,439.0,-562.0,131.0,-341.0,-397.0,-661.0,-1287.0
-945.0,,-93.0,417.0,-513.0,127.0,-393.0,-308.0,-687.0,-1278.0
-936.0,,-106.0,396.0,-443.0,74.0,-420.0,-582.0,-668.0,-1206.0
-862.0,,-107.0,384.0,-369.0,63.0,-469.0,-230.0,-621.0,-1094.0
-738.0,,-110.0,335.0,-281.0,90.0,-495.0,-508.0,-541.0,-950.0
-662.0,,-93.0,236.0,-185.0,88.0,-497.0,-415.0,-442.0,-781.0
-611.0,,-74.0,217.0,-100.0,54.0,-528.0,-478.0,-338.0,-595.0
-501.0,,-39.0,183.0,-30.0,7.0,-536.0,-654.0,-213.0,-422.0
-355.0,,5.0,110.0,45.0,-9.0,-525.0,-330.0,-76.0,-284.0
-245.0,,54.0,139.0,136.0,-8.0,-540.0,-644.0,64.0,-170.0
-179.0,,71.0,199.0,216.0,-14.0,-587.0,-413.0,185.0,-91.0
-90.0,,113.0,254.0,253.0,-32.0,-600.0,-552.0,288.0,-11.0
48.0,,165.0,377.0,216.0,-45.0,-622.0,-491.0,363.0,54.0
168.0,,191.0,566.0,110.0,-70.0,-698.0,-277.0,395.0,90.0
209.0,,252.0,720.0,-30.0,-56.0,-769.0,-559.0,365.0,140.0
227.0,,277.0,800.0,-170.0,-54.0,-823.0,-299.0,287.0,168.0
296.0,,337.0,856.0,-267.0,-106.0,-859.0,-569.0,181.0,187.0
345.0,,378.0,941.0,-307.0,-81.0,-908.0,-382.0,23.0,203.0
286.0,,396.0,1031.0,-294.0,-104.0,-949.0,-441.0,-135.0,190.0
189.0,,468.0,1058.0,-240.0,-110.0,-973.0,-665.0,-304.0,147.0
173.0,,498.0,1021.0,-165.0,-70.0,-996.0,-388.0,-479.0,68.0
169.0,,537.0,940.0,-75.0,-49.0,-1005.0,-628.0,-642.0,-9.0
74.0,,554.0,757.0,44.0,-63.0,-1022.0,-245.0,-786.0,-74.0
-30.0,,549.0,498.0,180.0,-152.0,-1033.0,-301.0,-888.0,-123.0
-63.0,,549.0,394.0,297.0,-161.0,-1030.0,-182.0,-976.0,-147.0
-85.0,,511.0,314.0,370.0,-143.0,-1021.0,7.0,-1019.0,-117.0
-193.0,,461.0,176.0,411.0,-87.0,-1026.0,-199.0,-1013.0,-37.0
-318.0,,410.0,95.0,460.0,-49.0,-1034.0,234.0,-971.0,52.0
-383.0,,347.0,-47.0,523.0,-66.0,-1053.0,7.0,-888.0,190.0
-424.0,,246.0,-157.0,586.0,-101.0,-1106.0,157.0,-776.0,356.0
-492.0,,181.0,-187.0,617.0,-138.0,-1115.0,116.0,-661.0,508.0
-584.0,,111.0,-200.0,599.0,-91.0,-1105.0,62.0,-557.0,664.0
-588.0,,19.0,-269.0,526.0,-95.0,-1131.0,345.0,-454.0,803.0
-532.0,,-17.0,-346.0,394.0,-150.0,-1121.0,-38.0,-389.0,901.0
-521.0,,-110.0,-399.0,227.0,-204.0,-1102.0,266.0,-352.0,981.0
-545.0,,-191.0,-558.0,63.0,-198.0,-1076.0,133.0,-318.0,1043.0
-504.0,,-228.0,-695.0,-59.0,-115.0,-1046.0,245.0,-266.0,1095.0
-375.0,,-327.0,-763.0,-148.0,-100.0,-1054.0,450.0,-184.0,1135.0
-296.0,,-396.0,-811.0,-216.0,-149.0,-1035.0,279.0,-104.0,1139.0
-233.0,,-450.0,-829.0,-265.0,-209.0,-1058.0,685.0,-19.0,1114.0
-96.0,,-535.0,-787.0,-265.0,-225.0,-1108.0,471.0,100.0,1044.0
68.0,,-588.0,-726.0,-200.0,-194.0,-1111.0,722.0,221.0,961.0
188.0,,-665.0,-636.0,-106.0,-221.0,-1137.0,626.0,325.0,864.0
265.0,,-721.0,-457.0,-2.0,-233.0,-1151.0,404.0,443.0,769.0
365.0,,-741.0,-251.0,99.0,-187.0,-1178.0,495.0,578.0,681.0
464.0,,-778.0,41.0,180.0,-177.0,-1193.0,94.0,706.0,596.0
534.0,,-767.0,370.0,219.0,-174.0,-1168.0,402.0,818.0,525.0
545.0,,-762.0,640.0,191.0,-200.0,-1135.0,77.0,923.0,443.0
537.0,,-722.0,889.0,109.0,-223.0,-1066.0,-1.0,1019.0,381.0
550.0,,-644.0,1096.0,18.0,-185.0,-1056.0,53.0,1092.0,314.0
523.0,,-571.0,1217.0,-55.0,-201.0,-1053.0,-245.0,1154.0,225.0
445.0,,-475.0,1360.0,-115.0,-281.0,-1037.0,70.0,1202.0,160.0
355.0,,-383.0,1494.0,-155.0,-306.0,-1047.0,-219.0,1215.0,123.0
315.0,,-290.0,1518.0,-178.0,-327.0,-1033.0,-1.0,1206.0,108.0
296.0,,-208.0,1515.0,-167.0,-340.0,-1043.0,-53.0,1160.0,129.0
233.0,,-97.0,1471.0,-114.0,-300.0,-1089.0,-214.0,1055.0,189.0
174.0,,-34.0,1325.0,-66.0,-262.0,-1137.0,33.0,925.0,251.0
162.0,,41.0,1190.0,-61.0,-230.0,-1181.0,-271.0,775.0,318.0
168.0,,120.0,1087.0,-107.0,-279.0,-1214.0,31.0,609.0,396.0
114.0,,141.0,912.0,-199.0,-344.0,-1238.0,-182.0,426.0,458.0
31.0,,211.0,809.0,-287.0,-335.0,-1274.0,-214.0,231.0,515.0
19.0,,225.0,695.0,-318.0,-329.0,-1294.0,-186.0,27.0,524.0
-4.0,,249.0,584.0,-301.0,-373.0,-1307.0,-528.0,-176.0,475.0
-81.0,,270.0,555.0,-253.0,-433.0,-1324.0,-303.0,-358.0,432.0
-174.0,,257.0,494.0,-182.0,-435.0,-1299.0,-572.0,-539.0,355.0
-230.0,,261.0,519.0,-110.0,-438.0,-1283.0,-336.0,-686.0,286.0
-252.0,,232.0,501.0,-60.0,-477.0,-1312.0,-436.0,-772.0,253.0
-337.0,,225.0,449.0,-27.0,-473.0,-1319.0,-522.0,-817.0,254.0
-427.0,,205.0,475.0,-7.0,-423.0,-1265.0,-184.0,-811.0,303.0
-491.0,,184.0,451.0,19.0,-381.0,-1206.0,-393.0,-778.0,363.0
-548.0,,163.0,300.0,59.0,-373.0,-1158.0,-145.0,-728.0,440.0
-620.0,,148.0,228.0,124.0,-411.0,-1098.0,-413.0,-651.0,496.0
-706.0,,116.0,294.0,205.0,-417.0,-1044.0,-279.0,-566.0,520.0
-743.0,,62.0,221.0,284.0,-350.0,-1006.0,-157.0,-486.0,514.0
-747.0,,38.0,33.0,357.0,-358.0,-963.0,-332.0,-426.0,465.0
-750.0,,-13.0,-128.0,420.0,-431.0,-917.0,-55.0,-365.0,398.0
-762.0,,-47.0,-265.0,510.0,-429.0,-906.0,-395.0,-310.0,325.0
-741.0,,-81.0,-457.0,620.0,-420.0,-911.0,-194.0,-277.0,255.0
-680.0,,-103.0,-608.0,714.0,-486.0,-938.0,-339.0,-238.0,165.0
-650.0,,-105.0,-692.0,751.0,-535.0,-945.0,-436.0,-207.0,58.0
-633.0,,-141.0,-710.0,706.0,-505.0,-920.0,-277.0,-167.0,-54.0
-576.0,,-137.0,-677.0,604.0,-463.0,-958.0,-530.0,-124.0,-170.0
-496.0,,-163.0,-727.0,482.0,-491.0,-986.0,-121.0,-94.0,-269.0
-434.0,,-185.0,-697.0,389.0,-590.0,-961.0,-295.0,-60.0,-331.0
-407.0,,-186.0,-585.0,315.0,-584.0,-963.0,-169.0,-10.0,-350.0
-396.0,,-225.0,-472.0,240.0,-555.0,-966.0,-112.0,52.0,-355.0
-355.0,,-231.0,-272.0,151.0,-624.0,-951.0,-242.0,134.0,-350.0
-309.0,,-250.0,-128.0,38.0,-668.0,-950.0,96.0,227.0,-319.0
-296.0,,-280.0,-58.0,-78.0,-726.0,-952.0,-234.0,301.0,-280.0
-300.0,,-285.0,135.0,-194.0,-734.0,-952.0,1.0,344.0,-224.0
-269.0,,-297.0,352.0,-305.0,-695.0,-958.0,-127.0,355.0,-140.0
-223.0,,-315.0,494.0,-399.0,-740.0,-956.0,-186.0,352.0,-41.0
-223.0,,-309.0,572.0,-456.0,-805.0,-962.0,9.0,324.0,48.0
-237.0,,-312.0,595.0,-479.0,-838.0,-967.0,-341.0,258.0,120.0
-210.0,,-303.0,638.0,-477.0,-844.0,-977.0,-140.0,162.0,183.0
-155.0,,-260.0,614.0,-454.0,-858.0,-991.0,-458.0,21.0,249.0
-126.0,,-237.0,513.0,-428.0,-905.0,-962.0,-338.0,-139.0,347.0
-105.0,,-189.0,426.0,-384.0,-918.0,-913.0,-256.0,-294.0,478.0
-36.0,,-144.0,274.0,-312.0,-882.0,-880.0,-493.0,-445.0,610.0
73.0,,-111.0,108.0,-204.0,-927.0,-883.0,-319.0,-582.0,746.0
162.0,,-62.0,76.0,-65.0,-989.0,-843.0,-674.0,-721.0,900.0
228.0,,-43.0,2.0,91.0,-979.0,-737.0,-436.0,-849.0,1053.0
329.0,,-29.0,-66.0,230.0,-1013.0,-663.0,-578.0,-957.0,1213.0
475.0,,-10.0,-51.0,344.0,-1068.0,-579.0,-657.0,-1049.0,1396.0
571.0,,14.0,-32.0,458.0,-1095.0,-481.0,-448.0,-1089.0,1596.0
629.0,,47.0,41.0,559.0,-1114.0,-397.0,-674.0,-1101.0,1785.0
721.0,,46.0,66.0,655.0,-1134.0,-314.0,-410.0,-1098.0,1956.0
824.0,,47.0,85.0,718.0,-1168.0,-228.0,-720.0,-1042.0,2101.0
869.0,,51.0,221.0,700.0,-1140.0,-135.0,-674.0,-940.0,2192.0
849.0,,0.0,312.0,604.0,-1078.0,-29.0,-707.0,-815.0,2231.0
875.0,,-25.0,273.0,443.0,-1057.0,64.0,-851.0,-676.0,2202.0
930.0,,-65.0,311.0,234.0,-1054.0,135.0,-567.0,-544.0,2110.0
932.0,,-138.0,342.0,21.0,-1078.0,215.0,-921.0,-407.0,1935.0
904.0,,-187.0,345.0,-155.0,-1095.0,294.0,-709.0,-274.0,1681.0
895.0,,-293.0,427.0,-283.0,-1068.0,361.0,-892.0,-160.0,1375.0
931.0,,-379.0,472.0,-351.0,-1107.0,398.0,-899.0,-31.0,995.0
931.0,,-445.0,524.0,-388.0,-1174.0,416.0,-707.0,91.0,563.0
862.0,,-553.0,521.0,-446.0,-1108.0,425.0,-962.0,207.0,104.0
792.0,,-630.0,449.0,-524.0,-984.0,447.0,-639.0,318.0,-336.0
762.0,,-704.0,356.0,-603.0,-939.0,484.0,-910.0,396.0,-741.0
697.0,,-759.0,266.0,-664.0,-963.0,497.0,-770.0,460.0,-1101.0
571.0,,-774.0,272.0,-702.0,-955.0,489.0,-831.0,497.0,-1439.0
463.0,,-783.0,247.0,-716.0,-892.0,512.0,-1029.0,524.0,-1758.0
397.0,,-756.0,142.0,-676.0,-907.0,536.0,-807.0,564.0,-2014.0
311.0,,-683.0,76.0,-573.0,-1001.0,518.0,-1147.0,600.0,-2238.0
174.0,,-610.0,27.0,-448.0,-1031.0,517.0,-803.0,639.0,-2397.0
66.0,,-519.0,-7.0,-319.0,-1010.0,501.0,-929.0,656.0,-2477.0
21.0,,-411.0,34.0,-179.0,-1008.0,482.0,-918.0,686.0,-2507.0
-25.0,,-305.0,36.0,-34.0,-1016.0,487.0,-768.0,712.0,-2465.0
-111.0,,-184.0,-25.0,111.0,-1024.0,500.0,-1032.0,704.0,-2380.0
-163.0,,-70.0,-41.0,238.0,-1016.0,519.0,-729.0,695.0,-2261.0
-153.0,,48.0,-69.0,335.0,-981.0,536.0,-1006.0,665.0,-2110.0
-162.0,,177.0,-159.0,400.0,-1001.0,568.0,-818.0,623.0,-1950.0
-204.0,,282.0,-246.0,426.0,-998.0,593.0,-859.0,589.0,-1752.0
-201.0,,364.0,-304.0,438.0,-1001.0,588.0,-1066.0,562.0,-1505.0
-138.0,,445.0,-320.0,458.0,-1093.0,556.0,-859.0,529.0,-1218.0
-79.0,,470.0,-304.0,481.0,-1131.0,539.0,-1186.0,504.0,-904.0
-65.0,,474.0,-337.0,474.0,-1163.0,525.0,-879.0,496.0,-594.0
-30.0,,475.0,-443.0,403.0,-1123.0,504.0,-1021.0,493.0,-290.0
75.0,,430.0,-449.0,252.0,-1106.0,501.0,-971.0,519.0,-18.0
184.0,,414.0,-387.0,57.0,-1162.0,476.0,-781.0,550.0,219.0
245.0,,370.0,-419.0,-119.0,-1099.0,479.0,-988.0,586.0,418.0
307.0,,315.0,-380.0,-263.0,-1033.0,501.0,-637.0,616.0,567.0
408.0,,294.0,-272.0,-366.0,-964.0,490.0,-883.0,643.0,664.0
502.0,,244.0,-233.0,-438.0,-998.0,499.0,-703.0,686.0,686.0
566.0,,228.0,-239.0,-500.0,-1093.0,518.0,-768.0,719.0,641.0
610.0,,217.0,-197.0,-561.0,-1049.0,517.0,-899.0,725.0,525.0
648.0,,211.0,-108.0,-607.0,-1028.0,522.0,-628.0,698.0,360.0
692.0,,222.0,-49.0,-600.0,-1089.0,525.0,-966.0,660.0,176.0
678.0,,224.0,140.0,-511.0,-1134.0,495.0,-715.0,594.0,-24.0
621.0,,244.0,342.0,-330.0,-1145.0,478.0,-931.0,516.0,-209.0
569.0,,247.0,441.0,-93.0,-1173.0,433.0,-886.0,443.0,-361.0
518.0,,266.0,567.0,144.0,-1227.0,367.0,-703.0,348.0,-493.0
429.0,,302.0,622.0,334.0,-1256.0,317.0,-885.0,234.0,-581.0
308.0,,319.0,764.0,484.0,-1202.0,239.0,-517.0,99.0,-614.0
238.0,,349.0,932.0,607.0,-1138.0,195.0,-768.0,-27.0,-606.0
204.0,,377.0,1040.0,695.0,-1156.0,155.0,-530.0,-163.0,-537.0
142.0,,383.0,1141.0,742.0,-1164.0,104.0,-550.0,-283.0,-385.0
58.0,,377.0,1051.0,735.0,-1099.0,84.0,-663.0,-370.0,-174.0
3.0,,357.0,1027.0,683.0,-1057.0,46.0,-419.0,-434.0,94.0
-5.0,,331.0,1100.0,605.0,-1093.0,24.0,-748.0,-449.0,411.0
-21.0,,287.0,1107.0,503.0,-1118.0,29.0,-454.0,-461.0,744.0
-52.0,,228.0,1093.0,362.0,-1058.0,22.0,-661.0,-435.0,1063.0
-18.0,,149.0,1012.0,181.0,-1002.0,17.0,-642.0,-363.0,1339.0
73.0,,74.0,1023.0,-7.0,-1031.0,14.0,-497.0,-277.0,1581.0
139.0,,0.0,1079.0,-153.0,-1043.0,28.0,-637.0,-168.0,1736.0
166.0,,-78.0,1016.0,-258.0,-964.0,42.0,-223.0,-48.0,1829.0
203.0,,-119.0,929.0,-346.0,-880.0,37.0,-456.0,80.0,1897.0
266.0,,-145.0,775.0,-420.0,-863.0,52.0,-234.0,189.0,1932.0
271.0,,-156.0,572.0,-460.0,-866.0,42.0,-256.0,290.0,1970.0
215.0,,-158.0,520.0,-434.0,-853.0,32.0,-330.0,372.0,1975.0
191.0,,-134.0,552.0,-350.0,-833.0,74.0,-57.0,441.0,1995.0
220.0,,-106.0,498.0,-240.0,-852.0,133.0,-328.0,506.0,2012.0
210.0,,-60.0,349.0,-137.0,-872.0,183.0,-48.0,560.0,1996.0
136.0,,6.0,243.0,-49.0,-780.0,221.0,-295.0,581.0,1953.0
74.0,,86.0,148.0,14.0,-675.0,288.0,-240.0,546.0,1826.0
61.0,,165.0,37.0,22.0,-695.0,357.0,-77.0,483.0,1644.0
67.0,,238.0,2.0,-17.0,-730.0,392.0,-269.0,367.0,1409.0
17.0,,338.0,-72.0,-90.0,-655.0,437.0,59.0,205.0,1113.0
-27.0,,407.0,-243.0,-161.0,-573.0,483.0,-253.0,29.0,777.0
-4.0,,504.0,-427.0,-202.0,-551.0,491.0,-105.0,-153.0,433.0
30.0,,576.0,-498.0,-179.0,-573.0,491.0,-144.0,-334.0,77.0
37.0,,625.0,-491.0,-87.0,-542.0,495.0,-144.0,-514.0,-287.0
34.0,,692.0,-419.0,26.0,-444.0,479.0,182.0,-693.0,-639.0
79.0,,694.0,-276.0,115.0,-386.0,473.0,-25.0,-879.0,-979.0
162.0,,718.0,-218.0,132.0,-329.0,491.0,338.0,-1049.0,-1289.0
198.0,,700.0,-218.0,79.0,-310.0,489.0,77.0,-1199.0,-1564.0
212.0,,662.0,-145.0,-12.0,-311.0,458.0,81.0,-1321.0,-1769.0
272.0,,644.0,12.0,-103.0,-316.0,457.0,131.0,-1388.0,-1892.0
319.0,,580.0,181.0,-155.0,-346.0,484.0,-181.0,-1395.0,-1950.0
333.0,,532.0,287.0,-178.0,-338.0,492.0,90.0,-1347.0,-1929.0
335.0,,458.0,326.0,-186.0,-285.0,483.0,-245.0,-1248.0,-1863.0
367.0,,385.0,346.0,-182.0,-208.0,474.0,-96.0,-1097.0,-1773.0
442.0,,332.0,301.0,-139.0,-187.0,504.0,-147.0,-899.0,-1630.0
481.0,,244.0,296.0,-39.0,-244.0,517.0,-194.0,-675.0,-1472.0
498.0,,180.0,416.0,103.0,-269.0,510.0,27.0,-420.0,-1291.0
570.0,,125.0,486.0,218.0,-188.0,537.0,-288.0,-147.0,-1081.0
653.0,,30.0,563.0,256.0,-196.0,565.0,1.0,131.0,-853.0
677.0,,-47.0,651.0,222.0,-236.0,570.0,-192.0,433.0,-591.0
672.0,,-109.0,597.0,129.0,-152.0,540.0,-53.0,735.0,-341.0
709.0,,-177.0,444.0,15.0,-155.0,548.0,86.0,1012.0,-98.0
772.0,,-219.0,350.0,-92.0,-177.0,548.0,-133.0,1273.0,115.0
778.0,,-281.0,383.0,-175.0,-141.0,539.0,158.0,1488.0,256.0
759.0,,-324.0,336.0,-207.0,-101.0,570.0,-136.0,1642.0,326.0
759.0,,-361.0,234.0,-189.0,-35.0,571.0,51.0,1753.0,320.0
770.0,,-417.0,207.0,-124.0,-70.0,581.0,-92.0,1790.0,239.0
746.0,,-454.0,94.0,-63.0,-101.0,613.0,-205.0,1769.0,89.0
665.0,,-503.0,-10.0,-73.0,16.0,653.0,14.0,1685.0,-108.0
623.0,,-534.0,-96.0,-151.0,86.0,677.0,-230.0,1540.0,-351.0
626.0,,-571.0,-200.0,-248.0,89.0,709.0,218.0,1353.0,-630.0
583.0,,-610.0,-214.0,-312.0,54.0,760.0,149.0,1115.0,-896.0
474.0,,-626.0,-215.0,-304.0,-5.0,791.0,347.0,846.0,-1151.0
368.0,,-628.0,-148.0,-231.0,2.0,799.0,441.0,541.0,-1427.0
315.0,,-631.0,-112.0,-118.0,-6.0,786.0,173.0,231.0,-1698.0
270.0,,-615.0,-59.0,16.0,-25.0,785.0,423.0,-80.0,-1938.0
175.0,,-545.0,66.0,124.0,-10.0,763.0,153.0,-382.0,-2126.0
79.0,,-490.0,121.0,160.0,34.0,740.0,447.0,-652.0,-2237.0
68.0,,-401.0,183.0,128.0,14.0,721.0,363.0,-887.0,-2256.0
73.0,,-312.0,270.0,64.0,-4.0,703.0,288.0,-1057.0,-2179.0
24.0,,-248.0,384.0,9.0,26.0,713.0,376.0,-1174.0,-2020.0
-55.0,,-138.0,401.0,-30.0,2.0,704.0,-29.0,-1241.0,-1825.0
-105.0,,-65.0,379.0,-54.0,-34.0,718.0,240.0,-1275.0,-1591.0
-131.0,,16.0,408.0,-44.0,-133.0,746.0,-3.0,-1256.0,-1313.0
-217.0,,127.0,454.0,17.0,-87.0,753.0,153.0,-1209.0,-1036.0
-316.0,,207.0,506.0,123.0,12.0,755.0,245.0,-1136.0,-767.0
-370.0,,288.0,494.0,216.0,18.0,753.0,155.0,-1039.0,-519.0
-401.0,,353.0,430.0,250.0,90.0,731.0,559.0,-942.0,-307.0
-449.0,,393.0,312.0,217.0,101.0,705.0,280.0,-827.0,-123.0
-518.0,,435.0,233.0,137.0,139.0,714.0,526.0,-713.0,29.0
-558.0,,445.0,245.0,53.0,110.0,723.0,356.0,-593.0,156.0
-547.0,,410.0,349.0,-7.0,62.0,719.0,253.0,-470.0,273.0
-547.0,,396.0,453.0,-32.0,190.0,719.0,436.0,-336.0,382.0
-584.0,,352.0,491.0,-37.0,268.0,720.0,158.0,-180.0,520.0
-573.0,,293.0,511.0,-64.0,324.0,700.0,539.0,-34.0,663.0
-515.0,,241.0,536.0,-109.0,380.0,657.0,363.0,108.0,776.0
-481.0,,169.0,620.0,-160.0,346.0,666.0,537.0,231.0,903.0
-474.0,,143.0,712.0,-204.0,356.0,710.0,594.0,309.0,1029.0
-439.0,,103.0,769.0,-246.0,418.0,715.0,365.0,346.0,1163.0
-369.0,,62.0,876.0,-281.0,381.0,738.0,615.0,349.0,1300.0
-352.0,,66.0,930.0,-287.0,358.0,754.0,258.0,313.0,1424.0
-382.0,,61.0,883.0,-253.0,442.0,752.0,515.0,268.0,1520.0
-382.0,,84.0,834.0,-188.0,450.0,788.0,419.0,238.0,1587.0
-355.0,,114.0,712.0,-118.0,445.0,794.0,375.0,204.0,1662.0
-368.0,,136.0,672.0,-57.0,450.0,800.0,535.0,153.0,1702.0
-390.0,,192.0,697.0,-19.0,441.0,794.0,290.0,84.0,1739.0
-382.0,,247.0,684.0,20.0,494.0,777.0,670.0,14.0,1791.0
-359.0,,290.0,657.0,82.0,441.0,772.0,393.0,-84.0,1866.0
-344.0,,337.0,503.0,127.0,429.0,732.0,511.0,-202.0,1986.0
-346.0,,365.0,344.0,146.0,491.0,728.0,532.0,-314.0,2097.0
-333.0,,391.0,237.0,149.0,467.0,738.0,319.0,-410.0,2188.0
-303.0,,404.0,156.0,149.0,492.0,711.0,580.0,-480.0,2251.0
-253.0,,389.0,79.0,152.0,532.0,691.0,206.0,-524.0,2293.0
-220.0,,393.0,-24.0,137.0,542.0,715.0,432.0,-541.0,2273.0
-195.0,,392.0,-160.0,103.0,555.0,744.0,264.0,-547.0,2193.0
-127.0,,364.0,-282.0,52.0,561.0,766.0,162.0,-539.0,2051.0
-44.0,,352.0,-325.0,-18.0,503.0,807.0,227.0,-520.0,1817.0
7.0,,321.0,-389.0,-93.0,468.0,852.0,-133.0,-511.0,1502.0
48.0,,291.0,-449.0,-146.0,507.0,893.0,186.0,-496.0,1065.0
139.0,,266.0,-509.0,-183.0,552.0,925.0,-86.0,-476.0,567.0
234.0,,209.0,-573.0,-217.0,598.0,964.0,64.0,-442.0,-11.0
268.0,,194.0,-560.0,-239.0,550.0,992.0,90.0,-407.0,-669.0
278.0,,154.0,-515.0,-244.0,528.0,993.0,-64.0,-393.0,-1321.0
324.0,,57.0,-539.0,-233.0,530.0,985.0,266.0,-379.0,-1986.0
379.0,,-13.0,-582.0,-215.0,525.0,1005.0,-40.0,-398.0,-2612.0
390.0,,-113.0,-537.0,-189.0,609.0,1038.0,201.0,-457.0,-3126.0
396.0,,-210.0,-498.0,-144.0,651.0,1002.0,14.0,-513.0,-3515.0
434.0,,-299.0,-397.0,-63.0,648.0,965.0,36.0,-580.0,-3793.0
497.0,,-423.0,-268.0,51.0,603.0,976.0,256.0,-642.0,-3931.0
535.0,,-504.0,-173.0,159.0,530.0,975.0,16.0,-693.0,-3921.0
554.0,,-606.0,-58.0,244.0,529.0,958.0,338.0,-736.0,-3762.0
615.0,,-731.0,23.0,304.0,513.0,933.0,20.0,-761.0,-3450.0
703.0,,-822.0,263.0,349.0,533.0,903.0,166.0,-785.0,-3031.0
754.0,,-932.0,520.0,397.0,586.0,847.0,155.0,-770.0,-2509.0
767.0,,-1019.0,661.0,415.0,550.0,822.0,51.0,-730.0,-1924.0
825.0,,-1105.0,861.0,382.0,495.0,829.0,413.0,-688.0,-1333.0
937.0,,-1194.0,1023.0,319.0,473.0,787.0,155.0,-621.0,-751.0
1008.0,,-1220.0,1118.0,239.0,505.0,724.0,497.0,-531.0,-220.0
1032.0,,-1239.0,1076.0,156.0,509.0,669.0,367.0,-417.0,268.0
1096.0,,-1258.0,1025.0,76.0,464.0,631.0,400.0,-281.0,687.0
1180.0,,-1236.0,1014.0,17.0,438.0,568.0,537.0,-109.0,1033.0
1186.0,,-1206.0,820.0,-8.0,438.0,493.0,345.0,97.0,1356.0
1130.0,,-1139.0,686.0,-16.0,456.0,453.0,744.0,322.0,1621.0
1110.0,,-1037.0,629.0,-24.0,510.0,399.0,567.0,564.0,1863.0
1115.0,,-949.0,514.0,-59.0,539.0,369.0,877.0,800.0,2079.0
1032.0,,-812.0,401.0,-103.0,437.0,380.0,781.0,1009.0,2240.0
893.0,,-652.0,330.0,-126.0,419.0,383.0,554.0,1177.0,2329.0
780.0,,-548.0,419.0,-122.0,438.0,383.0,663.0,1308.0,2305.0
673.0,,-399.0,573.0,-115.0,369.0,363.0,227.0,1405.0,2200.0
524.0,,-259.0,723.0,-136.0,350.0,351.0,515.0,1452.0,1994.0
330.0,,-148.0,857.0,-179.0,365.0,364.0,310.0,1471.0,1733.0
154.0,,-13.0,954.0,-250.0,423.0,352.0,376.0,1446.0,1436.0
20.0,,67.0,993.0,-337.0,436.0,321.0,487.0,1371.0,1091.0
-102.0,,144.0,1055.0,-414.0,357.0,304.0,238.0,1262.0,761.0
-250.0,,195.0,1161.0,-469.0,323.0,296.0,522.0,1094.0,435.0
-377.0,,209.0,1092.0,-503.0,358.0,257.0,195.0,907.0,92.0
-410.0,,223.0,970.0,-525.0,356.0,243.0,428.0,718.0,-252.0
-426.0,,206.0,845.0,-535.0,350.0,282.0,363.0,497.0,-572.0
-501.0,,180.0,678.0,-503.0,383.0,301.0,232.0,277.0,-829.0
-550.0,,148.0,528.0,-404.0,341.0,324.0,426.0,75.0,-1027.0
-531.0,,85.0,315.0,-257.0,344.0,341.0,42.0,-112.0,-1183.0
-522.0,,28.0,117.0,-94.0,436.0,341.0,264.0,-274.0,-1292.0
-575.0,,-12.0,-87.0,40.0,443.0,353.0,48.0,-403.0,-1355.0
-618.0,,-58.0,-307.0,117.0,409.0,364.0,155.0,-491.0,-1413.0
-597.0,,-91.0,-461.0,134.0,377.0,350.0,301.0,-538.0,-1468.0
-606.0,,-109.0,-553.0,106.0,386.0,318.0,158.0,-564.0,-1494.0
-667.0,,-99.0,-601.0,55.0,480.0,299.0,548.0,-571.0,-1519.0
-733.0,,-84.0,-702.0,5.0,482.0,264.0,262.0,-548.0,-1543.0
-758.0,,-66.0,-762.0,-32.0,447.0,229.0,448.0,-502.0,-1545.0
-768.0,,-29.0,-807.0,-42.0,487.0,175.0,332.0,-442.0,-1515.0
-843.0,,0.0,-851.0,-3.0,542.0,135.0,238.0,-363.0,-1482.0
-925.0,,39.0,-764.0,65.0,591.0,120.0,476.0,-271.0,-1459.0
-971.0,,87.0,-732.0,98.0,578.0,77.0,125.0,-167.0,-1390.0
-977.0,,127.0,-744.0,65.0,605.0,42.0,312.0,-74.0,-1281.0
-1002.0,,177.0,-679.0,22.0,671.0,29.0,-57.0,9.0,-1143.0
-1061.0,,235.0,-618.0,20.0,688.0,14.0,-24.0,95.0,-942.0
-1067.0,,252.0,-573.0,45.0,668.0,-40.0,53.0,180.0,-703.0
-1043.0,,277.0,-483.0,57.0,667.0,-82.0,-162.0,286.0,-428.0
-1050.0,,319.0,-369.0,37.0,736.0,-101.0,153.0,390.0,-128.0
-1086.0,,322.0,-314.0,5.0,742.0,-115.0,-160.0,506.0,178.0
-1092.0,,358.0,-267.0,-9.0,682.0,-116.0,57.0,636.0,483.0
-1076.0,,362.0,-197.0,-17.0,663.0,-111.0,-66.0,753.0,797.0
-1072.0,,343.0,-112.0,-56.0,698.0,-116.0,-125.0,847.0,1150.0
-1075.0,,348.0,13.0,-152.0,708.0,-125.0,90.0,882.0,1459.0
-1064.0,,302.0,179.0,-299.0,712.0,-106.0,-177.0,899.0,1683.0
-1030.0,,280.0,327.0,-437.0,797.0,-86.0,181.0,906.0,1857.0
-1022.0,,255.0,432.0,-517.0,847.0,-63.0,-51.0,886.0,1965.0
-1052.0,,197.0,560.0,-501.0,814.0,-74.0,42.0,866.0,1971.0
-1080.0,,147.0,678.0,-379.0,791.0,-89.0,75.0,822.0,1874.0
-1082.0,,96.0,781.0,-193.0,778.0,-74.0,-101.0,742.0,1718.0
-1091.0,,45.0,854.0,12.0,833.0,-86.0,205.0,638.0,1536.0
-1120.0,,-7.0,878.0,178.0,840.0,-114.0,-44.0,512.0,1329.0
-1124.0,,-69.0,916.0,253.0,779.0,-143.0,277.0,371.0,1028.0
-1060.0,,-112.0,921.0,211.0,791.0,-176.0,194.0,203.0,673.0
-970.0,,-134.0,868.0,84.0,789.0,-213.0,232.0,21.0,341.0
-933.0,,-178.0,820.0,-43.0,800.0,-233.0,436.0,-161.0,49.0
-884.0,,-214.0,763.0,-104.0,786.0,-244.0,149.0,-351.0,-200.0
-767.0,,-268.0,714.0,-44.0,767.0,-280.0,448.0,-545.0,-413.0
-642.0,,-334.0,652.0,127.0,809.0,-316.0,147.0,-738.0,-551.0
-560.0,,-390.0,529.0,338.0,853.0,-331.0,279.0,-908.0,-584.0
-484.0,,-452.0,411.0,524.0,857.0,-351.0,267.0,-1043.0,-526.0
-356.0,,-498.0,391.0,633.0,809.0,-385.0,107.0,-1147.0,-458.0
-217.0,,-535.0,413.0,635.0,821.0,-426.0,408.0,-1230.0,-378.0
-97.0,,-559.0,462.0,547.0,847.0,-455.0,88.0,-1254.0,-237.0
-2.0,,-571.0,470.0,413.0,876.0,-473.0,349.0,-1216.0,-93.0
113.0,,-569.0,359.0,300.0,870.0,-498.0,144.0,-1165.0,12.0
258.0,,-558.0,292.0,248.0,826.0,-499.0,184.0,-1089.0,93.0
384.0,,-520.0,254.0,237.0,846.0,-504.0,395.0,-997.0,142.0
512.0,,-483.0,310.0,224.0,870.0,-518.0,160.0,-904.0,140.0
632.0,,-428.0,365.0,182.0,885.0,-537.0,517.0,-801.0,97.0
748.0,,-353.0,370.0,112.0,876.0,-544.0,212.0,-701.0,23.0
854.0,,-291.0,466.0,31.0,861.0,-560.0,338.0,-636.0,-4.0
917.0,,-204.0,538.0,-61.0,842.0,-609.0,208.0,-579.0,9.0
965.0,,-134.0,768.0,-169.0,770.0,-631.0,16.0,-509.0,30.0
1021.0,,-47.0,1040.0,-273.0,753.0,-649.0,266.0,-473.0,97.0
1034.0,,44.0,1157.0,-341.0,775.0,-667.0,-25.0,-448.0,225.0
993.0,,103.0,1370.0,-379.0,745.0,-667.0,291.0,-411.0,350.0
957.0,,170.0,1577.0,-402.0,731.0,-641.0,36.0,-384.0,407.0
938.0,,221.0,1757.0,-369.0,674.0,-632.0,44.0,-365.0,468.0
875.0,,221.0,1984.0,-285.0,636.0,-626.0,138.0,-336.0,503.0
760.0,,216.0,2152.0,-181.0,671.0,-580.0,-64.0,-288.0,477.0
667.0,,198.0,2332.0,-61.0,663.0,-568.0,339.0,-247.0,395.0
589.0,,145.0,2469.0,46.0,710.0,-551.0,151.0,-205.0,206.0
476.0,,122.0,2509.0,107.0,770.0,-512.0,469.0,-140.0,-16.0
346.0,,61.0,2467.0,130.0,777.0,-506.0,410.0,-75.0,-287.0
236.0,,3.0,2317.0,184.0,735.0,-521.0,321.0,16.0,-635.0
153.0,,-34.0,2148.0,281.0,677.0,-521.0,495.0,136.0,-987.0
58.0,,-92.0,1916.0,385.0,658.0,-498.0,147.0,248.0,-1328.0
-31.0,,-134.0,1653.0,458.0,683.0,-493.0,474.0,368.0,-1613.0
-98.0,,-178.0,1345.0,435.0,678.0,-514.0,199.0,473.0,-1828.0
-140.0,,-201.0,977.0,340.0,631.0,-480.0,221.0,555.0,-2014.0
-202.0,,-226.0,598.0,243.0,707.0,-423.0,203.0,602.0,-2111.0
-292.0,,-225.0,217.0,167.0,720.0,-422.0,-53.0,637.0,-2064.0
-345.0,,-222.0,-56.0,101.0,708.0,-423.0,260.0,685.0,-1941.0
-361.0,,-203.0,-311.0,25.0,820.0,-398.0,-12.0,686.0,-1760.0
-382.0,,-167.0,-494.0,-51.0,863.0,-360.0,282.0,663.0,-1482.0
-451.0,,-152.0,-552.0,-123.0,894.0,-338.0,206.0,633.0,-1148.0
-514.0,,-108.0,-614.0,-208.0,881.0,-341.0,125.0,585.0,-830.0
-548.0,,-101.0,-647.0,-317.0,818.0,-348.0,223.0,532.0,-517.0
-588.0,,-86.0,-709.0,-432.0,816.0,-314.0,-75.0,467.0,-175.0
-671.0,,-67.0,-775.0,-507.0,772.0,-282.0,279.0,396.0,158.0
-780.0,,-85.0,-711.0,-520.0,722.0,-267.0,14.0,308.0,459.0
-868.0,,-65.0,-581.0,-483.0,725.0,-219.0,107.0,216.0,719.0
-940.0,,-58.0,-508.0,-404.0,732.0,-169.0,88.0,140.0,929.0
-1011.0,,-46.0,-491.0,-267.0,742.0,-102.0,-103.0,71.0,1074.0
-1120.0,,-4.0,-483.0,-85.0,744.0,-54.0,166.0,5.0,1161.0
-1205.0,,24.0,-446.0,75.0,770.0,-37.0,-195.0,-33.0,1196.0
-1249.0,,86.0,-396.0,180.0,800.0,-34.0,-5.0,-70.0,1163.0
-1288.0,,170.0,-346.0,238.0,845.0,-42.0,-266.0,-115.0,1079.0
-1320.0,,259.0,-231.0,258.0,844.0,-35.0,-384.0,-138.0,929.0
-1314.0,,392.0,-68.0,236.0,797.0,-76.0,-264.0,-161.0,741.0
-1254.0,,520.0,24.0,151.0,840.0,-127.0,-436.0,-187.0,539.0
-1220.0,,645.0,107.0,9.0,853.0,-141.0,-62.0,-189.0,323.0
-1183.0,,783.0,269.0,-149.0,781.0,-157.0,-384.0,-176.0,92.0
-1101.0,,892.0,391.0,-277.0,717.0,-170.0,-249.0,-141.0,-140.0
-1011.0,,1012.0,552.0,-359.0,714.0,-154.0,-349.0,-60.0,-297.0
-952.0,,1078.0,718.0,-398.0,687.0,-136.0,-521.0,27.0,-422.0
-920.0,,1098.0,809.0,-352.0,597.0,-141.0,-267.0,122.0,-493.0
-835.0,,1131.0,924.0,-226.0,627.0,-105.0,-642.0,233.0,-482.0
-732.0,,1094.0,1044.0,-58.0,699.0,-71.0,-424.0,301.0,-475.0
-664.0,,1027.0,1103.0,107.0,679.0,-68.0,-655.0,333.0,-427.0
-597.0,,945.0,1069.0,215.0,650.0,-51.0,-569.0,349.0,-377.0
-504.0,,827.0,1089.0,269.0,618.0,-40.0,-363.0,341.0,-345.0
-387.0,,714.0,1109.0,302.0,628.0,-32.0,-500.0,316.0,-284.0
-280.0,,572.0,1118.0,332.0,614.0,-26.0,-197.0,274.0,-256.0
-209.0,,435.0,1143.0,365.0,530.0,-17.0,-543.0,217.0,-238.0
-135.0,,318.0,1061.0,420.0,489.0,-4.0,-336.0,145.0,-220.0
-42.0,,169.0,945.0,500.0,448.0,2.0,-424.0,68.0,-222.0
44.0,,45.0,815.0,582.0,459.0,1.0,-456.0,-17.0,-241.0
86.0,,-53.0,702.0,630.0,447.0,-2.0,-181.0,-100.0,-284.0
89.0,,-160.0,641.0,645.0,373.0,12.0,-439.0,-163.0,-340.0
108.0,,-218.0,553.0,635.0,406.0,24.0,-103.0,-206.0,-420.0
132.0,,-267.0,370.0,578.0,487.0,21.0,-339.0,-209.0,-478.0
106.0,,-321.0,240.0,470.0,507.0,28.0,-242.0,-184.0,-516.0
60.0,,-322.0,149.0,323.0,465.0,52.0,-219.0,-133.0,-556.0
70.0,,-330.0,85.0,181.0,435.0,62.0,-415.0,-65.0,-573.0
100.0,,-331.0,134.0,68.0,406.0,37.0,-79.0,-4.0,-585.0
81.0,,-327.0,161.0,-29.0,389.0,20.0,-312.0,76.0,-574.0
46.0,,-356.0,152.0,-99.0,340.0,19.0,9.0,168.0,-520.0
71.0,,-384.0,99.0,-147.0,315.0,8.0,-144.0,262.0,-431.0
130.0,,-428.0,56.0,-197.0,327.0,16.0,-234.0,359.0,-335.0
137.0,,-487.0,34.0,-241.0,277.0,14.0,-90.0,449.0,-230.0
142.0,,-542.0,-23.0,-299.0,272.0,-4.0,-376.0,514.0,-113.0
207.0,,-588.0,-19.0,-382.0,288.0,0.0,-60.0,544.0,-29.0
296.0,,-624.0,8.0,-479.0,276.0,6.0,-269.0,568.0,19.0
347.0,,-662.0,121.0,-560.0,206.0,12.0,-35.0,567.0,43.0
377.0,,-683.0,280.0,-594.0,146.0,-18.0,-53.0,541.0,16.0
440.0,,-719.0,362.0,-570.0,162.0,-87.0,-243.0,505.0,-43.0
496.0,,-730.0,474.0,-484.0,106.0,-137.0,-14.0,452.0,-92.0
513.0,,-726.0,565.0,-354.0,7.0,-176.0,-417.0,396.0,-144.0
478.0,,-730.0,690.0,-208.0,-49.0,-233.0,-184.0,329.0,-173.0
442.0,,-686.0,880.0,-96.0,-93.0,-302.0,-362.0,255.0,-173.0
431.0,,-644.0,1026.0,-32.0,-131.0,-361.0,-293.0,196.0,-187.0
354.0,,-563.0,1144.0,15.0,-164.0,-379.0,-107.0,138.0,-177.0
228.0,,-482.0,1210.0,64.0,-204.0,-377.0,-334.0,78.0,-131.0
108.0,,-385.0,1249.0,111.0,-195.0,-393.0,-1.0,22.0,-66.0
1.0,,-263.0,1294.0,142.0,-121.0,-392.0,-279.0,-28.0,54.0
-133.0,,-175.0,1342.0,172.0,-123.0,-421.0,-92.0,-67.0,193.0
-293.0,,-52.0,1356.0,177.0,-180.0,-455.0,-147.0,-121.0,350.0
-412.0,,20.0,1341.0,134.0,-199.0,-450.0,-214.0,-177.0,550.0
-500.0,,87.0,1236.0,76.0,-191.0,-461.0,64.0,-208.0,707.0
-586.0,,178.0,1069.0,0.0,-187.0,-469.0,-195.0,-242.0,838.0
-674.0,,256.0,1009.0,-94.0,-273.0,-478.0,186.0,-275.0,985.0
-714.0,,340.0,979.0,-158.0,-274.0,-496.0,-11.0,-293.0,1134.0
-712.0,,425.0,968.0,-150.0,-185.0,-509.0,40.0,-297.0,1281.0
-714.0,,513.0,944.0,-62.0,-211.0,-504.0,105.0,-290.0,1417.0
-717.0,,590.0,865.0,102.0,-239.0,-469.0,-179.0,-282.0,1544.0
-658.0,,664.0,821.0,315.0,-249.0,-437.0,86.0,-279.0,1631.0
-543.0,,707.0,720.0,483.0,-258.0,-420.0,-201.0,-274.0,1686.0
-447.0,,755.0,646.0,532.0,-235.0,-427.0,92.0,-268.0,1673.0
-371.0,,782.0,666.0,426.0,-245.0,-442.0,107.0,-276.0,1604.0
-289.0,,797.0,647.0,218.0,-255.0,-440.0,175.0,-295.0,1530.0
-153.0,,798.0,651.0,-5.0,-251.0,-455.0,371.0,-315.0,1415.0
-29.0,,755.0,661.0,-220.0,-269.0,-501.0,-49.0,-349.0,1254.0
23.0,,735.0,636.0,-396.0,-299.0,-542.0,164.0,-405.0,1071.0
91.0,,681.0,569.0,-516.0,-333.0,-566.0,-118.0,-484.0,874.0
173.0,,592.0,489.0,-547.0,-379.0,-587.0,109.0,-573.0,673.0
242.0,,523.0,515.0,-481.0,-396.0,-588.0,258.0,-660.0,479.0
268.0,,435.0,608.0,-391.0,-424.0,-576.0,73.0,-727.0,293.0
230.0,,347.0,671.0,-310.0,-457.0,-551.0,365.0,-778.0,125.0
214.0,,274.0,734.0,-203.0,-453.0,-506.0,114.0,-822.0,-1.0
197.0,,187.0,801.0,-62.0,-477.0,-491.0,491.0,-825.0,-81.0
157.0,,103.0,796.0,94.0,-525.0,-472.0,421.0,-803.0,-158.0
113.0,,39.0,792.0,258.0,-567.0,-433.0,408.0,-769.0,-231.0
90.0,,-18.0,854.0,400.0,-567.0,-436.0,535.0,-705.0,-310.0
115.0,,-63.0,930.0,504.0,-567.0,-461.0,147.0,-622.0,-423.0
106.0,,-92.0,899.0,575.0,-629.0,-475.0,406.0,-545.0,-565.0
81.0,,-150.0,758.0,609.0,-713.0,-493.0,164.0,-481.0,-744.0
85.0,,-174.0,568.0,572.0,-739.0,-518.0,373.0,-413.0,-962.0
112.0,,-196.0,359.0,453.0,-710.0,-535.0,395.0,-369.0,-1236.0
142.0,,-224.0,220.0,285.0,-765.0,-545.0,212.0,-342.0,-1489.0
157.0,,-190.0,79.0,112.0,-790.0,-564.0,443.0,-320.0,-1706.0
207.0,,-186.0,-70.0,-51.0,-733.0,-573.0,147.0,-303.0,-1880.0
290.0,,-164.0,-242.0,-224.0,-737.0,-570.0,517.0,-262.0,-1990.0
371.0,,-124.0,-469.0,-379.0,-767.0,-567.0,388.0,-220.0,-2080.0
423.0,,-102.0,-571.0,-452.0,-757.0,-543.0,426.0,-183.0,-2114.0
507.0,,-64.0,-582.0,-396.0,-692.0,-514.0,578.0,-142.0,-2089.0
628.0,,-36.0,-573.0,-241.0,-699.0,-477.0,330.0,-105.0,-2030.0
709.0,,20.0,-477.0,-49.0,-736.0,-445.0,646.0,-81.0,-1955.0
749.0,,66.0,-339.0,105.0,-701.0,-451.0,327.0,-78.0,-1869.0
768.0,,97.0,-238.0,184.0,-672.0,-458.0,502.0,-74.0,-1767.0
818.0,,168.0,-127.0,208.0,-641.0,-451.0,388.0,-52.0,-1655.0
846.0,,213.0,109.0,174.0,-657.0,-417.0,245.0,-15.0,-1487.0
840.0,,235.0,359.0,84.0,-646.0,-388.0,526.0,43.0,-1257.0
846.0,,295.0,569.0,-38.0,-562.0,-384.0,312.0,114.0,-945.0
855.0,,317.0,833.0,-150.0,-525.0,-356.0,709.0,181.0,-552.0
857.0,,344.0,1041.0,-226.0,-532.0,-314.0,497.0,245.0,-131.0
822.0,,400.0,1139.0,-285.0,-565.0,-297.0,558.0,286.0,325.0
769.0,,404.0,1190.0,-321.0,-564.0,-302.0,620.0,315.0,793.0
723.0,,408.0,1207.0,-315.0,-523.0,-283.0,461.0,352.0,1266.0
671.0,,428.0,1195.0,-232.0,-538.0,-267.0,927.0,385.0,1740.0
585.0,,430.0,1093.0,-52.0,-607.0,-277.0,838.0,394.0,2129.0
481.0,,443.0,900.0,164.0,-584.0,-260.0,1287.0,385.0,2394.0
430.0,,445.0,626.0,324.0,-511.0,-254.0,1245.0,357.0,2576.0
401.0,,441.0,307.0,357.0,-539.0,-243.0,1138.0,314.0,2644.0
332.0,,454.0,75.0,266.0,-557.0,-200.0,1250.0,300.0,2576.0
242.0,,435.0,-112.0,121.0,-536.0,-160.0,953.0,278.0,2437.0
185.0,,417.0,-221.0,-18.0,-507.0,-107.0,1352.0,272.0,2200.0
170.0,,406.0,-287.0,-133.0,-532.0,-109.0,1225.0,297.0,1884.0
143.0,,366.0,-437.0,-222.0,-591.0,-134.0,1437.0,298.0,1528.0
116.0,,325.0,-505.0,-270.0,-565.0,-121.0,1437.0,306.0,1112.0
136.0,,273.0,-472.0,-266.0,-531.0,-87.0,1225.0,339.0,674.0
197.0,,245.0,-465.0,-234.0,-519.0,-65.0,1441.0,375.0,218.0
238.0,,210.0,-434.0,-205.0,-510.0,-119.0,1108.0,392.0,-252.0
240.0,,125.0,-347.0,-187.0,-536.0,-137.0,1441.0,416.0,-708.0
270.0,,83.0,-238.0,-150.0,-507.0,-140.0,1356.0,435.0,-1118.0
319.0,,33.0,-176.0,-58.0,-496.0,-164.0,1415.0,441.0,-1489.0
333.0,,-46.0,-127.0,93.0,-521.0,-146.0,1540.0,454.0,-1827.0
302.0,,-77.0,-8.0,249.0,-494.0,-127.0,1191.0,459.0,-2104.0
279.0,,-117.0,30.0,355.0,-515.0,-113.0,1439.0,458.0,-2324.0
280.0,,-167.0,31.0,355.0,-528.0,-160.0,1086.0,423.0,-2469.0
210.0,,-189.0,127.0,207.0,-519.0,-188.0,1230.0,379.0,-2531.0
96.0,,-222.0,241.0,-53.0,-514.0,-169.0,1188.0,327.0,-2532.0
20.0,,-255.0,407.0,-353.0,-530.0,-209.0,1006.0,251.0,-2458.0
-41.0,,-256.0,570.0,-581.0,-596.0,-253.0,1184.0,188.0,-2331.0
-118.0,,-273.0,685.0,-689.0,-646.0,-237.0,768.0,97.0,-2180.0
-185.0,,-297.0,796.0,-685.0,-623.0,-211.0,940.0,-13.0,-1988.0
-242.0,,-319.0,889.0,-600.0,-568.0,-221.0,676.0,-109.0,-1762.0
-277.0,,-365.0,981.0,-482.0,-653.0,-215.0,776.0,-221.0,-1524.0
-284.0,,-399.0,1119.0,-332.0,-744.0,-207.0,981.0,-321.0,-1283.0
-290.0,,-453.0,1292.0,-158.0,-727.0,-235.0,868.0,-399.0,-1060.0
-276.0,,-497.0,1391.0,1.0,-678.0,-251.0,1291.0,-471.0,-832.0
-226.0,,-506.0,1485.0,95.0,-667.0,-265.0,990.0,-524.0,-606.0
-168.0,,-544.0,1606.0,127.0,-749.0,-286.0,1175.0,-554.0,-426.0
-102.0,,-551.0,1639.0,135.0,-776.0,-322.0,1093.0,-566.0,-251.0
10.0,,-505.0,1651.0,149.0,-728.0,-364.0,1051.0,-566.0,-134.0
135.0,,-498.0,1705.0,181.0,-717.0,-362.0,1330.0,-542.0,-103.0
241.0,,-437.0,1664.0,233.0,-700.0,-378.0,1062.0,-492.0,-114.0
343.0,,-365.0,1509.0,310.0,-657.0,-392.0,1345.0,-441.0,-197.0
472.0,,-363.0,1392.0,382.0,-645.0,-400.0,1012.0,-378.0,-319.0
630.0,,-317.0,1295.0,391.0,-646.0,-422.0,1016.0,-289.0,-444.0
767.0,,-289.0,1162.0,300.0,-655.0,-392.0,1053.0,-201.0,-560.0
866.0,,-253.0,1010.0,125.0,-644.0,-372.0,931.0,-125.0,-654.0
936.0,,-202.0,877.0,-59.0,-586.0,-372.0,1287.0,-46.0,-692.0
1014.0,,-154.0,743.0,-162.0,-554.0,-369.0,1045.0,33.0,-659.0
1059.0,,-55.0,608.0,-168.0,-554.0,-364.0,1326.0,109.0,-538.0
1054.0,,10.0,508.0,-113.0,-538.0,-344.0,1184.0,183.0,-320.0
1046.0,,84.0,336.0,-30.0,-492.0,-325.0,1110.0,251.0,-60.0
1028.0,,180.0,195.0,17.0,-448.0,-322.0,1169.0,322.0,252.0
993.0,,254.0,164.0,0.0,-446.0,-349.0,820.0,403.0,581.0
957.0,,334.0,107.0,-77.0,-457.0,-335.0,1116.0,466.0,864.0
907.0,,382.0,58.0,-190.0,-450.0,-276.0,838.0,528.0,1119.0
829.0,,409.0,93.0,-292.0,-473.0,-251.0,979.0,565.0,1335.0
752.0,,447.0,78.0,-381.0,-524.0,-229.0,981.0,560.0,1497.0
642.0,,456.0,-92.0,-440.0,-543.0,-188.0,755.0,520.0,1618.0
512.0,,450.0,-213.0,-423.0,-471.0,-146.0,886.0,411.0,1706.0
396.0,,457.0,-276.0,-319.0,-392.0,-101.0,400.0,253.0,1740.0
290.0,,429.0,-467.0,-129.0,-386.0,-60.0,533.0,71.0,1712.0
160.0,,409.0,-638.0,82.0,-337.0,-17.0,395.0,-126.0,1612.0
1.0,,385.0,-753.0,227.0,-229.0,30.0,476.0,-310.0,1444.0
-79.0,,334.0,-928.0,268.0,-154.0,46.0,615.0,-464.0,1231.0
-113.0,,299.0,-1089.0,210.0,-158.0,53.0,325.0,-588.0,971.0
-191.0,,248.0,-1187.0,93.0,-145.0,72.0,641.0,-671.0,644.0
-289.0,,193.0,-1204.0,-45.0,-106.0,87.0,341.0,-711.0,294.0
-344.0,,144.0,-1159.0,-152.0,-136.0,105.0,458.0,-727.0,-63.0
-343.0,,84.0,-1026.0,-175.0,-188.0,114.0,413.0,-714.0,-423.0
-373.0,,30.0,-837.0,-107.0,-171.0,147.0,284.0,-679.0,-732.0
-426.0,,-33.0,-688.0,30.0,-93.0,168.0,548.0,-623.0,-1011.0
-419.0,,-95.0,-363.0,175.0,-85.0,149.0,195.0,-531.0,-1208.0
-345.0,,-118.0,31.0,268.0,-139.0,163.0,406.0,-421.0,-1307.0
-292.0,,-141.0,345.0,293.0,-168.0,172.0,144.0,-310.0,-1332.0
-261.0,,-147.0,705.0,286.0,-139.0,148.0,131.0,-198.0,-1270.0
-199.0,,-126.0,952.0,302.0,-96.0,125.0,236.0,-79.0,-1170.0
-130.0,,-106.0,1157.0,357.0,-118.0,70.0,-5.0,30.0,-1011.0
-69.0,,-55.0,1284.0,422.0,-174.0,41.0,413.0,147.0,-824.0
-40.0,,0.0,1279.0,463.0,-202.0,68.0,206.0,269.0,-657.0
-15.0,,48.0,1331.0,443.0,-140.0,63.0,412.0,364.0,-523.0
57.0,,122.0,1300.0,337.0,-146.0,72.0,400.0,447.0,-391.0
147.0,,181.0,1182.0,141.0,-272.0,82.0,376.0,510.0,-256.0
242.0,,214.0,1038.0,-136.0,-268.0,92.0,726.0,530.0,-164.0
339.0,,233.0,871.0,-434.0,-195.0,113.0,519.0,505.0,-108.0
442.0,,229.0,685.0,-680.0,-237.0,127.0,824.0,438.0,-123.0
549.0,,204.0,518.0,-803.0,-330.0,169.0,563.0,339.0,-206.0
619.0,,140.0,422.0,-775.0,-346.0,197.0,609.0,228.0,-345.0
659.0,,44.0,265.0,-635.0,-304.0,204.0,694.0,121.0,-533.0
670.0,,-65.0,204.0,-440.0,-269.0,188.0,489.0,9.0,-746.0
637.0,,-189.0,233.0,-236.0,-252.0,216.0,785.0,-80.0,-967.0
591.0,,-323.0,235.0,-33.0,-231.0,273.0,463.0,-140.0,-1197.0
538.0,,-426.0,266.0,126.0,-237.0,262.0,655.0,-188.0,-1427.0
467.0,,-507.0,221.0,238.0,-318.0,255.0,552.0,-230.0,-1582.0
367.0,,-567.0,168.0,331.0,-356.0,274.0,572.0,-282.0,-1687.0
245.0,,-565.0,148.0,411.0,-369.0,301.0,835.0,-366.0,-1739.0
117.0,,-586.0,87.0,448.0,-388.0,291.0,572.0,-460.0,-1742.0
0.0,,-571.0,20.0,394.0,-394.0,274.0,953.0,-543.0,-1675.0
-105.0,,-525.0,-10.0,240.0,-425.0,283.0,764.0,-619.0,-1487.0
-204.0,,-515.0,-83.0,-1.0,-382.0,261.0,907.0,-663.0,-1261.0
-278.0,,-447.0,-159.0,-294.0,-319.0,242.0,870.0,-679.0,-975.0
-313.0,,-392.0,-160.0,-570.0,-286.0,222.0,497.0,-654.0,-638.0
-304.0,,-345.0,-142.0,-751.0,-234.0,200.0,639.0,-605.0,-295.0
-280.0,,-286.0,-141.0,-788.0,-213.0,175.0,258.0,-557.0,59.0
-259.0,,-281.0,-182.0,-673.0,-169.0,159.0,535.0,-500.0,387.0
-207.0,,-263.0,-172.0,-442.0,-98.0,203.0,423.0,-470.0,723.0
-145.0,,-261.0,-167.0,-153.0,-66.0,236.0,393.0,-442.0,1065.0
-90.0,,-294.0,-128.0,117.0,-20.0,240.0,487.0,-403.0,1388.0
-50.0,,-305.0,-43.0,317.0,57.0,229.0,25.0,-354.0,1669.0
9.0,,-348.0,19.0,438.0,110.0,217.0,208.0,-276.0,1917.0
87.0,,-376.0,173.0,475.0,162.0,224.0,-116.0,-180.0,2119.0
146.0,,-404.0,311.0,462.0,254.0,232.0,59.0,-55.0,2226.0
194.0,,-465.0,455.0,450.0,369.0,213.0,107.0,81.0,2252.0
221.0,,-489.0,597.0,471.0,414.0,183.0,55.0,217.0,2193.0
227.0,,-525.0,723.0,507.0,384.0,174.0,447.0,349.0,2036.0
185.0,,-537.0,877.0,505.0,436.0,168.0,73.0,467.0,1804.0
106.0,,-518.0,1022.0,415.0,532.0,174.0,179.0,588.0,1522.0
31.0,,-503.0,1159.0,210.0,557.0,151.0,-201.0,701.0,1182.0
-31.0,,-456.0,1270.0,-41.0,570.0,139.0,-295.0,806.0,859.0
-75.0,,-410.0,1434.0,-257.0,609.0,172.0,-188.0,907.0,560.0
-109.0,,-357.0,1599.0,-442.0,632.0,163.0,-376.0,973.0,235.0
-87.0,,-313.0,1634.0,-571.0,609.0,154.0,-5.0,1018.0,-67.0
-9.0,,-291.0,1555.0,-586.0,568.0,149.0,-367.0,1058.0,-359.0
47.0,,-269.0,1481.0,-475.0,570.0,121.0,-234.0,1098.0,-639.0
100.0,,-247.0,1319.0,-262.0,606.0,81.0,-375.0,1148.0,-917.0
202.0,,-232.0,1072.0,-36.0,623.0,30.0,-509.0,1185.0,-1212.0
327.0,,-222.0,872.0,123.0,582.0,0.0,-238.0,1208.0,-1466.0
444.0,,-193.0,636.0,218.0,532.0,-18.0,-519.0,1228.0,-1671.0
555.0,,-187.0,403.0,266.0,582.0,-37.0,-110.0,1200.0,-1816.0
694.0,,-188.0,131.0,307.0,648.0,-18.0,-245.0,1120.0,-1886.0
847.0,,-175.0,-58.0,358.0,620.0,-6.0,-157.0,1021.0,-1896.0
949.0,,-186.0,-102.0,432.0,582.0,-10.0,-81.0,892.0,-1825.0
1021.0,,-188.0,-162.0,523.0,644.0,-6.0,-291.0,741.0,-1739.0
1087.0,,-193.0,-118.0,603.0,688.0,-26.0,-11.0,610.0,-1676.0
1146.0,,-196.0,-30.0,647.0,617.0,-4.0,-352.0,485.0,-1598.0
1179.0,,-188.0,40.0,601.0,596.0,17.0,-99.0,342.0,-1515.0
1164.0,,-202.0,160.0,470.0,647.0,3.0,-247.0,190.0,-1425.0
1122.0,,-180.0,239.0,294.0,672.0,-6.0,-450.0,38.0,-1326.0
1078.0,,-183.0,308.0,102.0,640.0,6.0,-312.0,-137.0,-1231.0
1015.0,,-217.0,384.0,-55.0,636.0,23.0,-543.0,-318.0,-1127.0
891.0,,-212.0,382.0,-188.0,709.0,1.0,-114.0,-472.0,-1028.0
737.0,,-229.0,392.0,-309.0,679.0,15.0,-227.0,-630.0,-927.0
615.0,,-234.0,419.0,-412.0,596.0,43.0,-92.0,-800.0,-783.0
522.0,,-205.0,354.0,-490.0,592.0,84.0,-105.0,-977.0,-597.0
414.0,,-181.0,331.0,-523.0,584.0,150.0,-327.0,-1172.0,-389.0
290.0,,-154.0,377.0,-534.0,553.0,199.0,-101.0,-1367.0,-196.0
220.0,,-102.0,438.0,-531.0,521.0,257.0,-386.0,-1533.0,-7.0
163.0,,-61.0,579.0,-496.0,497.0,317.0,18.0,-1649.0,199.0
79.0,,-9.0,622.0,-410.0,482.0,383.0,-16.0,-1710.0,387.0
-13.0,,53.0,570.0,-257.0,479.0,432.0,-73.0,-1710.0,556.0
-121.0,,84.0,657.0,-59.0,446.0,465.0,-72.0,-1654.0,724.0
-179.0,,145.0,776.0,104.0,405.0,469.0,-511.0,-1570.0,877.0
-232.0,,169.0,836.0,172.0,398.0,487.0,-293.0,-1472.0,996.0
-331.0,,185.0,894.0,172.0,395.0,527.0,-607.0,-1351.0,1065.0
-407.0,,211.0,910.0,154.0,361.0,503.0,-413.0,-1213.0,1091.0
-431.0,,190.0,854.0,125.0,312.0,498.0,-286.0,-1068.0,1135.0
-463.0,,223.0,710.0,82.0,339.0,537.0,-273.0,-899.0,1197.0
-536.0,,244.0,658.0,36.0,383.0,575.0,84.0,-713.0,1262.0
-591.0,,267.0,691.0,8.0,359.0,571.0,-266.0,-519.0,1334.0
-630.0,,322.0,595.0,40.0,248.0,571.0,-127.0,-325.0,1368.0
-674.0,,326.0,543.0,108.0,187.0,607.0,-495.0,-133.0,1396.0
-747.0,,355.0,535.0,135.0,212.0,595.0,-600.0,17.0,1419.0
-827.0,,369.0,519.0,111.0,226.0,588.0,-399.0,123.0,1418.0
-868.0,,357.0,587.0,53.0,211.0,606.0,-521.0,195.0,1438.0
-909.0,,378.0,630.0,-21.0,181.0,630.0,-149.0,220.0,1463.0
-946.0,,372.0,658.0,-99.0,205.0,645.0,-439.0,230.0,1481.0
-983.0,,372.0,658.0,-163.0,187.0,629.0,-360.0,213.0,1505.0
-1009.0,,384.0,596.0,-171.0,181.0,627.0,-530.0,192.0,1551.0
-1022.0,,384.0,547.0,-112.0,204.0,612.0,-679.0,178.0,1603.0
-1046.0,,412.0,502.0,3.0,185.0,584.0,-421.0,151.0,1647.0
-1070.0,,447.0,470.0,134.0,212.0,592.0,-715.0,125.0,1679.0
-1094.0,,468.0,557.0,216.0,221.0,592.0,-424.0,101.0,1693.0
-1118.0,,491.0,663.0,214.0,225.0,544.0,-652.0,77.0,1716.0
-1157.0,,478.0,740.0,184.0,237.0,510.0,-635.0,50.0,1753.0
-1188.0,,449.0,919.0,179.0,269.0,492.0,-596.0,44.0,1797.0
-1190.0,,423.0,1036.0,226.0,266.0,443.0,-912.0,66.0,1849.0
-1191.0,,356.0,1065.0,305.0,214.0,391.0,-689.0,119.0,1912.0
-1199.0,,301.0,1065.0,377.0,241.0,376.0,-1077.0,189.0,1980.0
-1169.0,,235.0,1025.0,450.0,241.0,328.0,-897.0,255.0,2039.0
-1089.0,,137.0,1013.0,484.0,205.0,276.0,-933.0,340.0,2051.0
-1013.0,,91.0,963.0,462.0,242.0,261.0,-1025.0,414.0,2018.0
-928.0,,33.0,912.0,365.0,297.0,232.0,-812.0,443.0,1957.0
-785.0,,-13.0,840.0,204.0,285.0,200.0,-1119.0,439.0,1825.0
-608.0,,-26.0,689.0,38.0,278.0,188.0,-787.0,403.0,1589.0
-428.0,,-56.0,574.0,-117.0,377.0,185.0,-958.0,356.0,1276.0
-260.0,,-65.0,521.0,-238.0,490.0,130.0,-861.0,285.0,919.0
-80.0,,-87.0,440.0,-340.0,537.0,91.0,-783.0,218.0,550.0
126.0,,-131.0,391.0,-414.0,514.0,81.0,-981.0,156.0,218.0
320.0,,-167.0,421.0,-445.0,569.0,51.0,-630.0,95.0,-81.0
472.0,,-207.0,463.0,-474.0,670.0,14.0,-927.0,62.0,-310.0
569.0,,-258.0,581.0,-530.0,659.0,-21.0,-674.0,24.0,-479.0
663.0,,-274.0,741.0,-584.0,639.0,-46.0,-702.0,4.0,-578.0
767.0,,-277.0,860.0,-565.0,603.0,-85.0,-685.0,20.0,-517.0
808.0,,-291.0,971.0,-466.0,632.0,-123.0,-432.0,60.0,-362.0
786.0,,-269.0,1002.0,-316.0,732.0,-191.0,-718.0,109.0,-158.0
737.0,,-262.0,1004.0,-124.0,753.0,-261.0,-399.0,154.0,67.0
686.0,,-260.0,1032.0,84.0,753.0,-302.0,-652.0,203.0,256.0
594.0,,-224.0,977.0,249.0,768.0,-339.0,-559.0,229.0,400.0
467.0,,-195.0,930.0,334.0,802.0,-349.0,-543.0,265.0,461.0
334.0,,-162.0,864.0,354.0,765.0,-367.0,-711.0,319.0,423.0
189.0,,-136.0,733.0,344.0,708.0,-384.0,-363.0,361.0,311.0
47.0,,-105.0,592.0,355.0,728.0,-390.0,-691.0,407.0,155.0
-85.0,,-69.0,408.0,399.0,771.0,-414.0,-456.0,440.0,-18.0
-224.0,,-58.0,264.0,448.0,777.0,-408.0,-569.0,447.0,-209.0
-361.0,,-6.0,121.0,446.0,737.0,-387.0,-565.0,417.0,-392.0
-488.0,,47.0,-27.0,376.0,790.0,-402.0,-362.0,360.0,-563.0
-584.0,,81.0,-86.0,281.0,797.0,-410.0,-615.0,300.0,-695.0
-634.0,,144.0,-141.0,176.0,677.0,-422.0,-258.0,251.0,-777.0
-684.0,,199.0,-129.0,98.0,612.0,-454.0,-484.0,241.0,-834.0
-743.0,,233.0,-37.0,82.0,622.0,-465.0,-253.0,268.0,-833.0
-782.0,,262.0,7.0,123.0,661.0,-448.0,-169.0,331.0,-826.0
-777.0,,260.0,59.0,190.0,564.0,-416.0,-273.0,409.0,-836.0
-759.0,,232.0,129.0,211.0,461.0,-417.0,27.0,485.0,-804.0
-763.0,,175.0,221.0,140.0,498.0,-403.0,-343.0,555.0,-738.0
-753.0,,66.0,311.0,-4.0,522.0,-324.0,-151.0,606.0,-641.0
-716.0,,-60.0,392.0,-164.0,477.0,-278.0,-376.0,646.0,-512.0
-685.0,,-179.0,483.0,-269.0,359.0,-285.0,-349.0,688.0,-368.0
-669.0,,-315.0,529.0,-316.0,290.0,-270.0,-149.0,744.0,-238.0
-661.0,,-440.0,629.0,-333.0,295.0,-225.0,-280.0,805.0,-116.0
-647.0,,-524.0,759.0,-335.0,240.0,-216.0,169.0,845.0,-43.0
-615.0,,-598.0,842.0,-325.0,147.0,-232.0,-92.0,847.0,-7.0
-600.0,,-663.0,888.0,-313.0,87.0,-244.0,83.0,803.0,34.0
-610.0,,-715.0,928.0,-284.0,66.0,-232.0,-18.0,696.0,40.0
-601.0,,-739.0,972.0,-199.0,66.0,-215.0,-195.0,537.0,57.0
-554.0,,-733.0,976.0,-52.0,33.0,-218.0,38.0,351.0,91.0
-544.0,,-687.0,973.0,150.0,2.0,-185.0,-273.0,150.0,139.0
-589.0,,-598.0,937.0,370.0,38.0,-166.0,42.0,-35.0,206.0
-580.0,,-499.0,875.0,511.0,18.0,-165.0,-164.0,-222.0,276.0
-521.0,,-361.0,825.0,554.0,-17.0,-155.0,-99.0,-398.0,369.0
-478.0,,-223.0,757.0,526.0,-50.0,-143.0,-51.0,-558.0,454.0
-480.0,,-86.0,630.0,434.0,-98.0,-135.0,-380.0,-706.0,530.0
-459.0,,70.0,515.0,325.0,-139.0,-124.0,-164.0,-807.0,570.0
-407.0,,229.0,474.0,234.0,-218.0,-99.0,-493.0,-884.0,587.0
-380.0,,403.0,468.0,167.0,-176.0,-93.0,-206.0,-941.0,584.0
-363.0,,608.0,539.0,107.0,-106.0,-48.0,-243.0,-968.0,562.0
-346.0,,794.0,689.0,35.0,-135.0,9.0,-290.0,-975.0,557.0
-295.0,,991.0,869.0,-55.0,-172.0,55.0,-99.0,-970.0,537.0
-226.0,,1193.0,1026.0,-175.0,-150.0,119.0,-511.0,-947.0,541.0
-185.0,,1336.0,1154.0,-304.0,-59.0,173.0,-345.0,-896.0,565.0
-172.0,,1479.0,1295.0,-397.0,-79.0,195.0,-681.0,-828.0,608.0
-162.0,,1550.0,1460.0,-419.0,-126.0,209.0,-615.0,-738.0,646.0
-160.0,,1589.0,1558.0,-413.0,-141.0,263.0,-565.0,-605.0,689.0
-200.0,,1590.0,1553.0,-430.0,-108.0,287.0,-766.0,-410.0,767.0
-253.0,,1539.0,1471.0,-453.0,-10.0,266.0,-587.0,-174.0,832.0
-295.0,,1488.0,1326.0,-458.0,-40.0,258.0,-1069.0,76.0,889.0
-324.0,,1378.0,1190.0,-421.0,-60.0,274.0,-940.0,339.0,935.0
-366.0,,1273.0,1055.0,-305.0,2.0,296.0,-1093.0,584.0,987.0
-441.0,,1135.0,908.0,-105.0,71.0,290.0,-1051.0,785.0,1001.0
-502.0,,978.0,712.0,124.0,86.0,247.0,-818.0,953.0,992.0
-542.0,,841.0,482.0,310.0,71.0,215.0,-1103.0,1074.0,965.0
-583.0,,687.0,232.0,430.0,143.0,210.0,-838.0,1154.0,888.0
-631.0,,533.0,-13.0,491.0,182.0,154.0,-1125.0,1195.0,797.0
-663.0,,403.0,-207.0,478.0,161.0,89.0,-977.0,1194.0,659.0
-658.0,,287.0,-378.0,411.0,108.0,56.0,-1034.0,1180.0,497.0
-650.0,,142.0,-473.0,317.0,131.0,-11.0,-1254.0,1144.0,295.0
-637.0,,29.0,-489.0,208.0,185.0,-93.0,-988.0,1085.0,67.0
-630.0,,-83.0,-489.0,90.0,142.0,-170.0,-1230.0,1005.0,-139.0
-609.0,,-197.0,-467.0,-11.0,146.0,-236.0,-886.0,902.0,-320.0
-604.0,,-269.0,-397.0,-72.0,204.0,-282.0,-1066.0,759.0,-434.0
-605.0,,-400.0,-328.0,-104.0,269.0,-326.0,-1062.0,599.0,-496.0
-598.0,,-487.0,-240.0,-103.0,291.0,-392.0,-957.0,442.0,-517.0
-593.0,,-560.0,-152.0,-104.0,241.0,-462.0,-1247.0,289.0,-534.0
-556.0,,-698.0,-128.0,-138.0,187.0,-509.0,-909.0,172.0,-595.0
-541.0,,-769.0,-104.0,-205.0,223.0,-559.0,-1127.0,68.0,-693.0
-526.0,,-851.0,-38.0,-305.0,222.0,-590.0,-829.0,-38.0,-832.0
-482.0,,-933.0,-12.0,-400.0,106.0,-632.0,-833.0,-129.0,-1015.0
-429.0,,-984.0,-42.0,-433.0,87.0,-683.0,-1003.0,-219.0,-1207.0
-427.0,,-1037.0,17.0,-393.0,113.0,-726.0,-796.0,-310.0,-1413.0
-443.0,,-1032.0,82.0,-298.0,128.0,-799.0,-1066.0,-395.0,-1616.0
-407.0,,-1017.0,133.0,-165.0,76.0,-835.0,-670.0,-475.0,-1781.0
-371.0,,-989.0,208.0,-34.0,-24.0,-861.0,-842.0,-523.0,-1900.0
-337.0,,-931.0,186.0,72.0,-25.0,-916.0,-774.0,-543.0,-1936.0
-307.0,,-885.0,155.0,130.0,-16.0,-944.0,-679.0,-541.0,-1890.0
-220.0,,-821.0,150.0,142.0,-79.0,-977.0,-971.0,-503.0,-1768.0
-83.0,,-752.0,215.0,101.0,-170.0,-1008.0,-744.0,-446.0,-1571.0
39.0,,-713.0,350.0,21.0,-183.0,-1014.0,-1162.0,-380.0,-1299.0
160.0,,-687.0,423.0,-67.0,-196.0,-984.0,-1006.0,-302.0,-932.0
294.0,,-677.0,599.0,-138.0,-242.0,-973.0,-1025.0,-201.0,-488.0
431.0,,-707.0,793.0,-131.0,-291.0,-985.0,-981.0,-92.0,17.0
539.0,,-713.0,884.0,-71.0,-310.0,-945.0,-687.0,40.0,551.0
631.0,,-711.0,1084.0,38.0,-310.0,-876.0,-955.0,192.0,1096.0
722.0,,-731.0,1324.0,182.0,-398.0,-810.0,-606.0,325.0,1641.0
823.0,,-687.0,1514.0,292.0,-479.0,-739.0,-881.0,453.0,2167.0
910.0,,-668.0,1615.0,375.0,-507.0,-632.0,-870.0,552.0,2641.0
945.0,,-636.0,1657.0,421.0,-484.0,-554.0,-859.0,628.0,3021.0
973.0,,-546.0,1702.0,459.0,-475.0,-482.0,-1043.0,672.0,3310.0
1006.0,,-504.0,1614.0,505.0,-509.0,-364.0,-628.0,700.0,3501.0
1031.0,,-419.0,1498.0,537.0,-494.0,-263.0,-792.0,706.0,3550.0
1018.0,,-311.0,1376.0,562.0,-478.0,-177.0,-482.0,666.0,3470.0
1004.0,,-232.0,1119.0,573.0,-465.0,-90.0,-578.0,604.0,3295.0
1041.0,,-113.0,839.0,547.0,-457.0,-1.0,-631.0,523.0,3018.0
1062.0,,-6.0,554.0,496.0,-458.0,47.0,-552.0,446.0,2700.0
1030.0,,74.0,247.0,449.0,-428.0,89.0,-975.0,344.0,2372.0
991.0,,178.0,-30.0,386.0,-440.0,138.0,-740.0,254.0,2029.0
961.0,,245.0,-259.0,271.0,-458.0,159.0,-997.0,172.0,1700.0
888.0,,292.0,-420.0,109.0,-398.0,168.0,-785.0,77.0,1346.0
751.0,,331.0,-567.0,-59.0,-375.0,166.0,-692.0,2.0,988.0
607.0,,348.0,-772.0,-223.0,-387.0,163.0,-831.0,-74.0,669.0
491.0,,383.0,-882.0,-368.0,-362.0,141.0,-495.0,-131.0,376.0
330.0,,370.0,-934.0,-464.0,-302.0,141.0,-753.0,-201.0,74.0
82.0,,356.0,-1006.0,-518.0,-270.0,179.0,-478.0,-269.0,-251.0
-167.0,,372.0,-951.0,-543.0,-293.0,219.0,-659.0,-326.0,-567.0
-386.0,,327.0,-855.0,-533.0,-299.0,240.0,-659.0,-397.0,-853.0
-605.0,,307.0,-720.0,-492.0,-256.0,269.0,-450.0,-437.0,-1085.0
-851.0,,277.0,-526.0,-446.0,-221.0,302.0,-665.0,-472.0,-1251.0
-1084.0,,219.0,-303.0,-380.0,-237.0,303.0,-319.0,-496.0,-1369.0
-1235.0,,204.0,7.0,-295.0,-189.0,316.0,-617.0,-506.0,-1443.0
-1335.0,,128.0,280.0,-193.0,-167.0,361.0,-487.0,-518.0,-1456.0
-1455.0,,93.0,483.0,-67.0,-160.0,381.0,-565.0,-519.0,-1405.0
-1550.0,,90.0,694.0,42.0,-131.0,361.0,-777.0,-477.0,-1296.0
-1571.0,,39.0,853.0,138.0,-154.0,354.0,-528.0,-377.0,-1123.0
-1547.0,,30.0,991.0,227.0,-144.0,353.0,-798.0,-221.0,-875.0
-1506.0,,26.0,1101.0,320.0,-205.0,350.0,-419.0,-12.0,-572.0
-1477.0,,24.0,1148.0,396.0,-197.0,324.0,-550.0,236.0,-251.0
-1408.0,,44.0,1190.0,401.0,-147.0,299.0,-541.0,521.0,50.0
-1278.0,,61.0,1139.0,362.0,-154.0,278.0,-423.0,813.0,310.0
-1153.0,,56.0,1067.0,302.0,-115.0,215.0,-637.0,1080.0,512.0
-1051.0,,76.0,989.0,245.0,-160.0,168.0,-290.0,1288.0,660.0
-937.0,,73.0,847.0,223.0,-210.0,141.0,-563.0,1420.0,740.0
-796.0,,50.0,718.0,225.0,-235.0,102.0,-301.0,1478.0,729.0
-666.0,,57.0,532.0,205.0,-258.0,65.0,-262.0,1446.0,677.0
-553.0,,32.0,338.0,143.0,-291.0,55.0,-365.0,1335.0,587.0
-459.0,,61.0,193.0,57.0,-335.0,54.0,-153.0,1139.0,473.0
-350.0,,62.0,93.0,-44.0,-338.0,73.0,-476.0,880.0,398.0
-235.0,,94.0,8.0,-135.0,-315.0,114.0,-249.0,581.0,377.0
-165.0,,167.0,-83.0,-206.0,-302.0,120.0,-541.0,231.0,426.0
-96.0,,182.0,-186.0,-272.0,-297.0,119.0,-535.0,-137.0,532.0
0.0,,266.0,-314.0,-317.0,-272.0,115.0,-461.0,-511.0,642.0
95.0,,314.0,-414.0,-343.0,-329.0,126.0,-609.0,-887.0,698.0
160.0,,357.0,-543.0,-344.0,-396.0,132.0,-266.0,-1209.0,675.0
225.0,,437.0,-672.0,-323.0,-465.0,100.0,-650.0,-1457.0,556.0
325.0,,449.0,-752.0,-320.0,-490.0,70.0,-572.0,-1631.0,379.0
405.0,,489.0,-799.0,-343.0,-481.0,26.0,-800.0,-1719.0,188.0
453.0,,535.0,-804.0,-356.0,-550.0,-20.0,-920.0,-1740.0,-12.0
511.0,,534.0,-850.0,-315.0,-573.0,-63.0,-631.0,-1696.0,-174.0
586.0,,569.0,-919.0,-222.0,-614.0,-93.0,-783.0,-1592.0,-321.0
642.0,,575.0,-934.0,-98.0,-589.0,-141.0,-354.0,-1435.0,-476.0
641.0,,565.0,-952.0,56.0,-524.0,-196.0,-537.0,-1236.0,-628.0
630.0,,599.0,-954.0,214.0,-559.0,-179.0,-389.0,-1010.0,-795.0
610.0,,578.0,-893.0,327.0,-571.0,-167.0,-317.0,-775.0,-927.0
560.0,,564.0,-790.0,366.0,-569.0,-157.0,-535.0,-560.0,-1001.0
492.0,,571.0,-636.0,331.0,-548.0,-120.0,-245.0,-383.0,-1025.0
419.0,,530.0,-503.0,238.0,-522.0,-88.0,-600.0,-243.0,-989.0
382.0,,517.0,-348.0,120.0,-494.0,-50.0,-406.0,-143.0,-920.0
346.0,,482.0,-156.0,33.0,-513.0,-20.0,-554.0,-73.0,-853.0
303.0,,399.0,0.0,-19.0,-538.0,17.0,-558.0,-25.0,-807.0
256.0,,361.0,138.0,-55.0,-544.0,28.0,-290.0,-9.0,-770.0
219.0,,282.0,207.0,-57.0,-579.0,5.0,-497.0,-7.0,-750.0
210.0,,178.0,193.0,-39.0,-561.0,-3.0,-114.0,-28.0,-735.0
198.0,,137.0,150.0,15.0,-582.0,13.0,-336.0,-74.0,-737.0
189.0,,54.0,160.0,111.0,-580.0,26.0,-155.0,-120.0,-793.0
191.0,,-5.0,175.0,200.0,-514.0,9.0,-181.0,-190.0,-897.0
217.0,,-47.0,138.0,233.0,-467.0,-12.0,-404.0,-280.0,-1065.0
248.0,,-104.0,121.0,200.0,-461.0,-54.0,-140.0,-358.0,-1279.0
242.0,,-134.0,136.0,130.0,-500.0,-108.0,-473.0,-442.0,-1539.0
226.0,,-198.0,162.0,35.0,-486.0,-137.0,-162.0,-517.0,-1789.0
226.0,,-277.0,197.0,-53.0,-471.0,-157.0,-271.0,-583.0,-2005.0
230.0,,-327.0,278.0,-108.0,-495.0,-194.0,-144.0,-662.0,-2180.0
211.0,,-411.0,462.0,-142.0,-534.0,-225.0,90.0,-726.0,-2278.0
207.0,,-500.0,702.0,-162.0,-553.0,-229.0,-179.0,-768.0,-2311.0
226.0,,-517.0,904.0,-153.0,-582.0,-218.0,155.0,-798.0,-2230.0
242.0,,-563.0,1058.0,-121.0,-595.0,-187.0,-120.0,-788.0,-2043.0
228.0,,-569.0,1196.0,-83.0,-555.0,-109.0,59.0,-740.0,-1739.0
185.0,,-537.0,1288.0,-23.0,-539.0,-43.0,35.0,-668.0,-1317.0
144.0,,-559.0,1303.0,33.0,-486.0,-4.0,-75.0,-566.0,-786.0
98.0,,-519.0,1307.0,57.0,-436.0,55.0,205.0,-449.0,-168.0
15.0,,-500.0,1294.0,71.0,-411.0,58.0,-118.0,-326.0,473.0
-107.0,,-514.0,1243.0,84.0,-369.0,49.0,134.0,-201.0,1096.0
-204.0,,-480.0,1197.0,99.0,-346.0,87.0,-81.0,-83.0,1650.0
-270.0,,-474.0,1162.0,93.0,-381.0,126.0,-22.0,27.0,2096.0
-337.0,,-449.0,1104.0,58.0,-400.0,143.0,184.0,124.0,2425.0
-389.0,,-387.0,1033.0,12.0,-339.0,122.0,9.0,195.0,2657.0
-398.0,,-386.0,939.0,-43.0,-302.0,118.0,310.0,235.0,2790.0
-360.0,,-334.0,769.0,-94.0,-314.0,121.0,-38.0,255.0,2823.0
-313.0,,-289.0,608.0,-151.0,-321.0,95.0,114.0,238.0,2775.0
-247.0,,-281.0,459.0,-224.0,-245.0,97.0,72.0,187.0,2664.0
-183.0,,-219.0,266.0,-294.0,-200.0,116.0,5.0,111.0,2505.0
-105.0,,-223.0,44.0,-334.0,-221.0,99.0,301.0,19.0,2329.0
-13.0,,-178.0,-232.0,-319.0,-199.0,92.0,18.0,-76.0,2150.0
42.0,,-140.0,-422.0,-258.0,-193.0,109.0,293.0,-158.0,1975.0
91.0,,-138.0,-563.0,-156.0,-198.0,109.0,46.0,-208.0,1811.0
141.0,,-61.0,-738.0,-29.0,-204.0,115.0,118.0,-242.0,1634.0
180.0,,-53.0,-767.0,93.0,-223.0,109.0,245.0,-242.0,1454.0
194.0,,-24.0,-768.0,202.0,-194.0,104.0,5.0,-201.0,1261.0
159.0,,16.0,-773.0,304.0,-158.0,96.0,328.0,-130.0,1038.0
105.0,,5.0,-711.0,410.0,-235.0,47.0,72.0,-49.0,797.0
38.0,,50.0,-606.0,519.0,-296.0,48.0,376.0,26.0,529.0
-27.0,,65.0,-438.0,607.0,-292.0,57.0,349.0,105.0,216.0
-90.0,,45.0,-333.0,657.0,-257.0,59.0,301.0,178.0,-123.0
-142.0,,81.0,-254.0,649.0,-202.0,98.0,583.0,222.0,-493.0
-137.0,,66.0,-169.0,567.0,-250.0,91.0,314.0,233.0,-856.0
-102.0,,40.0,-145.0,432.0,-246.0,78.0,668.0,227.0,-1170.0
-55.0,,52.0,-114.0,268.0,-260.0,88.0,478.0,183.0,-1430.0
2.0,,18.0,-66.0,99.0,-361.0,77.0,602.0,101.0,-1595.0
90.0,,49.0,-98.0,-59.0,-410.0,51.0,655.0,1.0,-1680.0
173.0,,47.0,-188.0,-187.0,-484.0,22.0,397.0,-125.0,-1693.0
224.0,,0.0,-287.0,-287.0,-545.0,-8.0,639.0,-245.0,-1635.0
315.0,,32.0,-388.0,-375.0,-598.0,-61.0,341.0,-339.0,-1504.0
416.0,,7.0,-511.0,-431.0,-620.0,-97.0,661.0,-410.0,-1339.0
488.0,,-15.0,-650.0,-457.0,-606.0,-126.0,559.0,-442.0,-1148.0
532.0,,-16.0,-705.0,-452.0,-578.0,-193.0,480.0,-427.0,-973.0
570.0,,-52.0,-732.0,-445.0,-539.0,-233.0,633.0,-359.0,-872.0
611.0,,-42.0,-788.0,-434.0,-579.0,-261.0,363.0,-256.0,-808.0
618.0,,-50.0,-829.0,-404.0,-577.0,-300.0,764.0,-133.0,-815.0
590.0,,-85.0,-834.0,-354.0,-525.0,-294.0,572.0,9.0,-866.0
548.0,,-85.0,-806.0,-246.0,-588.0,-278.0,709.0,151.0,-933.0
492.0,,-124.0,-802.0,-110.0,-681.0,-267.0,679.0,299.0,-1007.0
426.0,,-155.0,-771.0,58.0,-730.0,-253.0,391.0,430.0,-1072.0
347.0,,-156.0,-651.0,266.0,-754.0,-258.0,569.0,549.0,-1141.0
259.0,,-178.0,-466.0,464.0,-762.0,-249.0,206.0,649.0,-1207.0
168.0,,-151.0,-248.0,627.0,-826.0,-262.0,439.0,706.0,-1251.0
57.0,,-112.0,10.0,703.0,-832.0,-320.0,234.0,713.0,-1211.0
-44.0,,-88.0,321.0,685.0,-799.0,-343.0,208.0,653.0,-1110.0
-130.0,,-18.0,578.0,607.0,-836.0,-359.0,417.0,550.0,-950.0
-193.0,,42.0,771.0,516.0,-810.0,-415.0,160.0,396.0,-713.0
-248.0,,96.0,928.0,423.0,-774.0,-464.0,454.0,200.0,-423.0
-295.0,,171.0,1022.0,302.0,-809.0,-460.0,160.0,-14.0,-145.0
-277.0,,202.0,1038.0,197.0,-853.0,-458.0,290.0,-269.0,99.0
-219.0,,259.0,983.0,143.0,-878.0,-481.0,262.0,-533.0,298.0
-161.0,,310.0,887.0,130.0,-835.0,-462.0,118.0,-793.0,409.0
-143.0,,291.0,703.0,149.0,-728.0,-412.0,369.0,-1054.0,436.0
-103.0,,351.0,479.0,175.0,-700.0,-397.0,40.0,-1292.0,385.0
-44.0,,386.0,292.0,175.0,-757.0,-369.0,334.0,-1500.0,271.0
-27.0,,385.0,89.0,131.0,-792.0,-328.0,149.0,-1675.0,110.0
-9.0,,445.0,-72.0,51.0,-758.0,-294.0,158.0,-1811.0,-41.0
32.0,,424.0,-154.0,-51.0,-715.0,-230.0,334.0,-1906.0,-145.0
106.0,,426.0,-200.0,-174.0,-709.0,-202.0,142.0,-1953.0,-156.0
146.0,,441.0,-213.0,-306.0,-687.0,-192.0,552.0,-1949.0,-90.0
175.0,,397.0,-186.0,-420.0,-634.0,-169.0,323.0,-1896.0,16.0
228.0,,382.0,-53.0,-490.0,-582.0,-131.0,530.0,-1796.0,176.0
277.0,,346.0,115.0,-509.0,-626.0,-108.0,537.0,-1661.0,321.0
307.0,,297.0,193.0,-472.0,-621.0,-90.0,400.0,-1471.0,420.0
338.0,,277.0,242.0,-409.0,-507.0,-45.0,600.0,-1234.0,451.0
425.0,,216.0,277.0,-340.0,-446.0,-17.0,227.0,-955.0,437.0
518.0,,140.0,283.0,-247.0,-446.0,1.0,476.0,-642.0,396.0
575.0,,110.0,287.0,-147.0,-482.0,23.0,297.0,-332.0,277.0
621.0,,28.0,311.0,-76.0,-458.0,59.0,402.0,-29.0,101.0
692.0,,-27.0,288.0,-54.0,-400.0,68.0,600.0,241.0,-134.0
760.0,,-58.0,149.0,-61.0,-344.0,102.0,415.0,480.0,-429.0
778.0,,-122.0,19.0,-66.0,-299.0,157.0,750.0,678.0,-726.0
770.0,,-149.0,-123.0,-68.0,-320.0,176.0,465.0,840.0,-978.0
794.0,,-233.0,-263.0,-69.0,-325.0,200.0,715.0,969.0,-1212.0
863.0,,-269.0,-315.0,-69.0,-297.0,194.0,724.0,1044.0,-1398.0
909.0,,-298.0,-389.0,-76.0,-290.0,223.0,648.0,1068.0,-1481.0
937.0,,-393.0,-449.0,-97.0,-272.0,263.0,855.0,1070.0,-1476.0
1002.0,,-424.0,-453.0,-135.0,-231.0,244.0,476.0,1082.0,-1379.0
1091.0,,-489.0,-461.0,-177.0,-227.0,238.0,711.0,1105.0,-1205.0
1145.0,,-541.0,-470.0,-210.0,-217.0,255.0,436.0,1142.0,-984.0
1127.0,,-576.0,-447.0,-206.0,-158.0,252.0,473.0,1189.0,-738.0
1103.0,,-647.0,-404.0,-155.0,-112.0,246.0,582.0,1223.0,-499.0
1087.0,,-668.0,-287.0,-89.0,-87.0,216.0,343.0,1248.0,-300.0
1019.0,,-685.0,-83.0,-29.0,-59.0,167.0,628.0,1237.0,-163.0
917.0,,-729.0,121.0,17.0,7.0,158.0,312.0,1185.0,-75.0
827.0,,-721.0,297.0,47.0,111.0,135.0,552.0,1113.0,-41.0
760.0,,-683.0,429.0,53.0,123.0,75.0,556.0,997.0,-55.0
706.0,,-646.0,572.0,39.0,115.0,21.0,574.0,849.0,-107.0
644.0,,-562.0,654.0,39.0,153.0,-12.0,861.0,655.0,-194.0
579.0,,-491.0,656.0,38.0,140.0,-32.0,585.0,392.0,-287.0
525.0,,-419.0,652.0,35.0,158.0,-44.0,820.0,95.0,-353.0
463.0,,-309.0,563.0,44.0,180.0,-49.0,445.0,-235.0,-397.0
371.0,,-247.0,425.0,42.0,187.0,-41.0,447.0,-573.0,-418.0
260.0,,-158.0,264.0,45.0,243.0,-45.0,432.0,-910.0,-391.0
170.0,,-45.0,17.0,55.0,295.0,-54.0,179.0,-1215.0,-302.0
114.0,,19.0,-256.0,54.0,300.0,-51.0,482.0,-1466.0,-140.0
36.0,,114.0,-517.0,72.0,260.0,-52.0,164.0,-1658.0,81.0
-51.0,,189.0,-768.0,90.0,235.0,-28.0,391.0,-1782.0,364.0
-110.0,,250.0,-993.0,85.0,249.0,5.0,271.0,-1844.0,704.0
-144.0,,349.0,-1148.0,79.0,284.0,35.0,197.0,-1826.0,1063.0
-185.0,,390.0,-1199.0,73.0,227.0,56.0,282.0,-1726.0,1440.0
-248.0,,446.0,-1149.0,75.0,162.0,52.0,-86.0,-1572.0,1809.0
-302.0,,523.0,-975.0,84.0,186.0,56.0,206.0,-1392.0,2130.0
-342.0,,551.0,-703.0,102.0,172.0,56.0,-51.0,-1187.0,2387.0
-396.0,,621.0,-343.0,133.0,173.0,65.0,84.0,-967.0,2546.0
-461.0,,641.0,69.0,165.0,184.0,74.0,101.0,-734.0,2587.0
-511.0,,645.0,482.0,192.0,171.0,70.0,-88.0,-483.0,2533.0
-553.0,,674.0,930.0,201.0,143.0,73.0,168.0,-233.0,2355.0
-589.0,,632.0,1322.0,207.0,139.0,73.0,-182.0,10.0,2067.0
-637.0,,602.0,1632.0,212.0,206.0,88.0,77.0,241.0,1713.0
-693.0,,572.0,1813.0,205.0,231.0,98.0,11.0,461.0,1299.0
-703.0,,519.0,1804.0,176.0,212.0,65.0,83.0,651.0,906.0
-679.0,,499.0,1726.0,119.0,183.0,37.0,314.0,796.0,516.0
-647.0,,459.0,1612.0,41.0,122.0,83.0,96.0,900.0,176.0
-613.0,,404.0,1391.0,-43.0,62.0,115.0,356.0,953.0,-72.0
-531.0,,395.0,1116.0,-95.0,73.0,90.0,3.0,967.0,-271.0
-411.0,,338.0,863.0,-116.0,91.0,93.0,144.0,930.0,-392.0
-306.0,,273.0,633.0,-111.0,87.0,96.0,112.0,850.0,-472.0
-176.0,,232.0,456.0,-81.0,130.0,70.0,-66.0,724.0,-494.0
0.0,,132.0,357.0,-31.0,112.0,26.0,216.0,557.0,-493.0
187.0,,66.0,309.0,2.0,71.0,-35.0,-101.0,372.0,-503.0
367.0,,-36.0,290.0,-15.0,76.0,-91.0,203.0,162.0,-535.0
552.0,,-169.0,328.0,-45.0,98.0,-151.0,112.0,-22.0,-632.0
718.0,,-250.0,375.0,-86.0,110.0,-216.0,192.0,-178.0,-802.0
866.0,,-368.0,376.0,-147.0,119.0,-231.0,356.0,-322.0,-999.0
980.0,,-460.0,387.0,-205.0,151.0,-217.0,86.0,-440.0,-1162.0
1074.0,,-532.0,376.0,-255.0,156.0,-206.0,397.0,-526.0,-1287.0
1160.0,,-612.0,304.0,-315.0,137.0,-185.0,158.0,-569.0,-1350.0
1215.0,,-654.0,220.0,-380.0,108.0,-175.0,388.0,-571.0,-1348.0
1241.0,,-717.0,132.0,-405.0,139.0,-149.0,332.0,-536.0,-1284.0
1207.0,,-771.0,79.0,-378.0,218.0,-111.0,166.0,-453.0,-1169.0
1118.0,,-779.0,103.0,-277.0,269.0,-98.0,363.0,-358.0,-998.0
984.0,,-793.0,134.0,-111.0,281.0,-110.0,-62.0,-273.0,-782.0
824.0,,-757.0,203.0,40.0,286.0,-112.0,134.0,-167.0,-562.0
618.0,,-689.0,296.0,138.0,295.0,-105.0,-81.0,-49.0,-315.0
377.0,,-622.0,366.0,193.0,286.0,-118.0,-27.0,58.0,-26.0
162.0,,-500.0,415.0,234.0,327.0,-146.0,157.0,159.0,289.0
-54.0,,-382.0,415.0,258.0,342.0,-178.0,44.0,253.0,608.0
-277.0,,-261.0,369.0,251.0,349.0,-190.0,452.0,342.0,907.0
-487.0,,-112.0,230.0,246.0,379.0,-213.0,229.0,414.0,1133.0
-648.0,,-7.0,50.0,262.0,359.0,-211.0,441.0,473.0,1314.0
-794.0,,91.0,-155.0,259.0,382.0,-212.0,356.0,529.0,1421.0
-933.0,,193.0,-422.0,212.0,386.0,-208.0,230.0,560.0,1445.0
-1022.0,,250.0,-666.0,117.0,347.0,-165.0,447.0,564.0,1413.0
-1082.0,,322.0,-838.0,-22.0,360.0,-119.0,197.0,547.0,1273.0
-1123.0,,380.0,-938.0,-180.0,383.0,-24.0,559.0,514.0,1085.0
-1149.0,,398.0,-1031.0,-321.0,349.0,43.0,369.0,455.0,895.0
-1117.0,,445.0,-1079.0,-416.0,302.0,92.0,423.0,370.0,703.0
-1075.0,,452.0,-1046.0,-465.0,294.0,162.0,463.0,283.0,508.0
-1035.0,,414.0,-965.0,-479.0,277.0,180.0,214.0,200.0,326.0
-941.0,,375.0,-873.0,-458.0,270.0,178.0,528.0,106.0,142.0
-810.0,,299.0,-795.0,-387.0,296.0,180.0,258.0,18.0,-24.0
-661.0,,226.0,-728.0,-267.0,309.0,176.0,487.0,-69.0,-171.0
-513.0,,151.0,-688.0,-134.0,258.0,168.0,352.0,-154.0,-353.0
-351.0,,52.0,-640.0,-37.0,239.0,135.0,162.0,-216.0,-546.0
-187.0,,0.0,-618.0,-27.0,254.0,91.0,282.0,-243.0,-767.0
-36.0,,-58.0,-647.0,-83.0,200.0,54.0,-25.0,-224.0,-1006.0
103.0,,-120.0,-655.0,-143.0,191.0,15.0,267.0,-143.0,-1242.0
230.0,,-132.0,-643.0,-177.0,189.0,-5.0,-12.0,0.0,-1480.0
351.0,,-190.0,-645.0,-145.0,154.0,-35.0,35.0,175.0,-1713.0
436.0,,-195.0,-597.0,-59.0,143.0,-95.0,73.0,360.0,-1912.0
504.0,,-188.0,-462.0,29.0,166.0,-157.0,-129.0,539.0,-2045.0
552.0,,-230.0,-319.0,97.0,223.0,-201.0,155.0,706.0,-2150.0
541.0,,-208.0,-166.0,129.0,188.0,-237.0,-203.0,840.0,-2192.0
520.0,,-225.0,42.0,143.0,98.0,-270.0,-16.0,920.0,-2139.0
498.0,,-247.0,288.0,134.0,65.0,-300.0,-155.0,955.0,-2024.0
461.0,,-230.0,560.0,64.0,112.0,-349.0,-249.0,946.0,-1822.0
418.0,,-225.0,790.0,-18.0,143.0,-369.0,-81.0,893.0,-1543.0
383.0,,-197.0,948.0,-55.0,122.0,-364.0,-393.0,793.0,-1226.0
341.0,,-151.0,1110.0,-37.0,127.0,-389.0,-79.0,671.0,-841.0
250.0,,-102.0,1238.0,32.0,138.0,-421.0,-321.0,514.0,-407.0
142.0,,-36.0,1314.0,96.0,187.0,-417.0,-269.0,325.0,14.0
46.0,,12.0,1348.0,108.0,221.0,-381.0,-277.0,140.0,436.0
-12.0,,27.0,1304.0,78.0,173.0,-369.0,-504.0,-75.0,845.0
-64.0,,59.0,1170.0,36.0,148.0,-352.0,-303.0,-294.0,1171.0
-115.0,,45.0,977.0,-6.0,191.0,-291.0,-687.0,-509.0,1412.0
-116.0,,0.0,809.0,-39.0,198.0,-236.0,-513.0,-721.0,1568.0
-86.0,,-6.0,654.0,-64.0,186.0,-189.0,-667.0,-902.0,1615.0
-59.0,,-69.0,491.0,-93.0,221.0,-120.0,-607.0,-1055.0,1592.0
-50.0,,-117.0,321.0,-118.0,248.0,-34.0,-338.0,-1168.0,1524.0
-31.0,,-139.0,144.0,-132.0,260.0,48.0,-576.0,-1225.0,1379.0
13.0,,-195.0,18.0,-128.0,250.0,111.0,-286.0,-1230.0,1189.0
48.0,,-195.0,-80.0,-107.0,248.0,168.0,-630.0,-1197.0,980.0
51.0,,-198.0,-164.0,-48.0,270.0,224.0,-558.0,-1125.0,738.0
60.0,,-199.0,-198.0,55.0,253.0,306.0,-550.0,-1013.0,550.0
94.0,,-159.0,-237.0,180.0,204.0,405.0,-689.0,-873.0,421.0
134.0,,-134.0,-258.0,295.0,206.0,469.0,-347.0,-702.0,356.0
147.0,,-86.0,-222.0,351.0,234.0,515.0,-570.0,-520.0,362.0
135.0,,-25.0,-174.0,354.0,218.0,567.0,-282.0,-355.0,379.0
154.0,,37.0,-100.0,352.0,208.0,623.0,-448.0,-198.0,418.0
170.0,,133.0,-17.0,373.0,187.0,682.0,-415.0,-27.0,452.0
148.0,,217.0,84.0,391.0,184.0,735.0,-234.0,141.0,453.0
100.0,,276.0,239.0,345.0,202.0,761.0,-487.0,311.0,408.0
70.0,,360.0,379.0,238.0,171.0,804.0,-125.0,501.0,336.0
75.0,,421.0,493.0,128.0,173.0,832.0,-336.0,679.0,249.0
41.0,,480.0,622.0,44.0,217.0,806.0,-84.0,841.0,138.0
10.0,,533.0,733.0,-39.0,256.0,811.0,-27.0,993.0,19.0
21.0,,546.0,781.0,-142.0,189.0,777.0,-186.0,1116.0,-84.0
46.0,,582.0,793.0,-263.0,92.0,712.0,-9.0,1210.0,-160.0
45.0,,581.0,754.0,-391.0,140.0,683.0,-395.0,1277.0,-184.0
39.0,,599.0,688.0,-489.0,144.0,625.0,-140.0,1335.0,-119.0
99.0,,643.0,640.0,-531.0,75.0,583.0,-315.0,1389.0,-24.0
178.0,,668.0,542.0,-511.0,86.0,550.0,-227.0,1454.0,95.0
206.0,,741.0,415.0,-447.0,109.0,485.0,-20.0,1521.0,239.0
226.0,,779.0,311.0,-352.0,70.0,435.0,-271.0,1553.0,360.0
318.0,,804.0,207.0,-227.0,-8.0,396.0,9.0,1576.0,480.0
410.0,,839.0,159.0,-111.0,-3.0,364.0,-284.0,1581.0,544.0
414.0,,811.0,184.0,-21.0,62.0,344.0,-73.0,1558.0,563.0
391.0,,765.0,216.0,54.0,73.0,344.0,-97.0,1515.0,598.0
412.0,,706.0,225.0,129.0,-2.0,359.0,-266.0,1433.0,637.0
419.0,,609.0,211.0,229.0,-64.0,368.0,-90.0,1321.0,714.0
349.0,,524.0,174.0,312.0,-6.0,361.0,-410.0,1171.0,811.0
265.0,,429.0,97.0,347.0,-18.0,364.0,-157.0,998.0,928.0
212.0,,291.0,-9.0,343.0,-115.0,377.0,-406.0,807.0,1063.0
180.0,,181.0,-133.0,340.0,-123.0,341.0,-308.0,597.0,1171.0
114.0,,63.0,-273.0,364.0,-121.0,281.0,-134.0,363.0,1253.0
27.0,,-95.0,-407.0,384.0,-146.0,233.0,-279.0,100.0,1272.0
-36.0,,-188.0,-543.0,404.0,-185.0,211.0,51.0,-171.0,1216.0
-94.0,,-311.0,-624.0,404.0,-211.0,202.0,-301.0,-457.0,1063.0
-167.0,,-425.0,-615.0,377.0,-137.0,205.0,-136.0,-739.0,806.0
-270.0,,-466.0,-615.0,332.0,-139.0,216.0,-279.0,-992.0,508.0
-364.0,,-565.0,-611.0,233.0,-200.0,219.0,-395.0,-1206.0,168.0
-425.0,,-590.0,-573.0,66.0,-194.0,241.0,-123.0,-1380.0,-171.0
-460.0,,-610.0,-477.0,-142.0,-140.0,234.0,-315.0,-1512.0,-506.0
-520.0,,-640.0,-365.0,-338.0,-115.0,203.0,46.0,-1581.0,-846.0
-585.0,,-595.0,-283.0,-451.0,-239.0,196.0,-197.0,-1601.0,-1152.0
-616.0,,-578.0,-166.0,-454.0,-255.0,211.0,-118.0,-1575.0,-1450.0
-616.0,,-516.0,-65.0,-396.0,-131.0,241.0,-18.0,-1501.0,-1702.0
-630.0,,-438.0,31.0,-329.0,-69.0,241.0,-171.0,-1388.0,-1878.0
-648.0,,-375.0,83.0,-258.0,-56.0,258.0,134.0,-1234.0,-1989.0
-598.0,,-293.0,64.0,-174.0,-104.0,313.0,-134.0,-1025.0,-2025.0
-527.0,,-211.0,57.0,-104.0,-75.0,361.0,157.0,-758.0,-1972.0
-477.0,,-138.0,6.0,-74.0,-6.0,400.0,103.0,-470.0,-1826.0
-414.0,,-80.0,-47.0,-81.0,-18.0,461.0,77.0,-176.0,-1605.0
-315.0,,-10.0,-92.0,-97.0,-12.0,509.0,195.0,122.0,-1335.0
-217.0,,57.0,-166.0,-105.0,56.0,501.0,-177.0,397.0,-1043.0
-148.0,,124.0,-218.0,-83.0,103.0,523.0,153.0,639.0,-715.0
-89.0,,174.0,-283.0,-20.0,100.0,565.0,35.0,856.0,-366.0
-8.0,,220.0,-388.0,54.0,112.0,556.0,323.0,1041.0,-9.0
75.0,,278.0,-512.0,134.0,110.0,537.0,458.0,1190.0,330.0
118.0,,287.0,-597.0,194.0,201.0,548.0,249.0,1291.0,651.0
132.0,,318.0,-634.0,207.0,335.0,532.0,421.0,1338.0,960.0
158.0,,349.0,-664.0,188.0,337.0,491.0,-7.0,1334.0,1207.0
201.0,,392.0,-649.0,157.0,357.0,475.0,253.0,1273.0,1416.0
198.0,,477.0,-633.0,127.0,446.0,470.0,238.0,1161.0,1575.0
163.0,,500.0,-667.0,102.0,470.0,451.0,321.0,995.0,1672.0
165.0,,586.0,-705.0,77.0,423.0,431.0,484.0,779.0,1705.0
179.0,,649.0,-708.0,31.0,416.0,425.0,131.0,539.0,1657.0
155.0,,664.0,-699.0,-35.0,517.0,389.0,424.0,301.0,1570.0
146.0,,732.0,-695.0,-115.0,599.0,365.0,151.0,68.0,1484.0
178.0,,734.0,-672.0,-203.0,564.0,381.0,291.0,-142.0,1376.0
211.0,,756.0,-674.0,-277.0,612.0,367.0,271.0,-309.0,1210.0
222.0,,748.0,-692.0,-302.0,693.0,347.0,75.0,-437.0,1024.0
214.0,,685.0,-709.0,-290.0,657.0,341.0,363.0,-509.0,850.0
203.0,,637.0,-681.0,-281.0,622.0,311.0,44.0,-511.0,681.0
180.0,,545.0,-576.0,-252.0,640.0,297.0,284.0,-462.0,493.0
164.0,,441.0,-433.0,-186.0,711.0,308.0,83.0,-362.0,268.0
108.0,,349.0,-226.0,-140.0,715.0,285.0,44.0,-240.0,0.0
44.0,,232.0,-3.0,-150.0,636.0,233.0,164.0,-111.0,-270.0
22.0,,138.0,224.0,-199.0,641.0,165.0,-129.0,23.0,-563.0
-5.0,,59.0,512.0,-239.0,710.0,128.0,169.0,138.0,-879.0
-47.0,,-59.0,807.0,-225.0,725.0,75.0,-129.0,250.0,-1175.0
-114.0,,-116.0,1045.0,-137.0,681.0,-15.0,-12.0,343.0,-1459.0
-150.0,,-169.0,1245.0,4.0,660.0,-40.0,-129.0,430.0,-1669.0
-181.0,,-220.0,1422.0,139.0,689.0,-39.0,-310.0,529.0,-1765.0
-233.0,,-212.0,1509.0,216.0,693.0,-86.0,-35.0,632.0,-1762.0
-258.0,,-204.0,1465.0,238.0,640.0,-104.0,-349.0,763.0,-1672.0
-266.0,,-157.0,1381.0,262.0,599.0,-71.0,-31.0,888.0,-1480.0
-265.0,,-84.0,1290.0,296.0,621.0,-99.0,-166.0,990.0,-1208.0
-282.0,,-16.0,1111.0,302.0,626.0,-151.0,-127.0,1054.0,-875.0
-301.0,,65.0,837.0,277.0,564.0,-155.0,-22.0,1075.0,-508.0
-315.0,,174.0,541.0,258.0,525.0,-146.0,-229.0,1061.0,-160.0
-319.0,,276.0,301.0,287.0,553.0,-164.0,175.0,1010.0,185.0
-314.0,,377.0,60.0,330.0,556.0,-205.0,-18.0,941.0,496.0
-309.0,,460.0,-167.0,341.0,452.0,-220.0,262.0,834.0,769.0
-285.0,,535.0,-296.0,296.0,412.0,-255.0,197.0,687.0,973.0
-242.0,,602.0,-389.0,182.0,491.0,-292.0,70.0,495.0,1079.0
-193.0,,619.0,-464.0,37.0,498.0,-272.0,230.0,272.0,1103.0
-155.0,,654.0,-470.0,-113.0,417.0,-279.0,-182.0,49.0,1077.0
-99.0,,684.0,-422.0,-248.0,359.0,-305.0,99.0,-172.0,993.0
-44.0,,670.0,-387.0,-326.0,336.0,-286.0,-73.0,-371.0,807.0
-13.0,,668.0,-337.0,-338.0,275.0,-251.0,59.0,-535.0,568.0
32.0,,658.0,-218.0,-307.0,177.0,-222.0,190.0,-642.0,284.0
90.0,,639.0,-80.0,-260.0,137.0,-208.0,3.0,-672.0,-29.0
142.0,,640.0,31.0,-234.0,190.0,-157.0,290.0,-636.0,-383.0
192.0,,610.0,163.0,-231.0,231.0,-109.0,-22.0,-535.0,-747.0
237.0,,562.0,274.0,-241.0,211.0,-93.0,249.0,-374.0,-1029.0
278.0,,532.0,344.0,-230.0,148.0,-47.0,212.0,-170.0,-1210.0
317.0,,474.0,460.0,-166.0,162.0,-47.0,186.0,51.0,-1316.0
319.0,,425.0,522.0,-71.0,185.0,-74.0,367.0,250.0,-1366.0
306.0,,380.0,549.0,34.0,148.0,-87.0,5.0,421.0,-1351.0
315.0,,336.0,598.0,153.0,189.0,-102.0,273.0,571.0,-1284.0
302.0,,326.0,588.0,272.0,219.0,-113.0,-5.0,698.0,-1146.0
254.0,,279.0,539.0,358.0,247.0,-124.0,136.0,779.0,-977.0
207.0,,254.0,420.0,384.0,242.0,-146.0,312.0,819.0,-778.0
187.0,,238.0,296.0,318.0,205.0,-185.0,262.0,818.0,-535.0
170.0,,183.0,217.0,167.0,203.0,-220.0,657.0,754.0,-294.0
137.0,,151.0,94.0,14.0,223.0,-256.0,389.0,632.0,-18.0
107.0,,96.0,2.0,-74.0,215.0,-302.0,665.0,461.0,271.0
81.0,,40.0,-27.0,-95.0,121.0,-358.0,461.0,279.0,542.0
54.0,,-5.0,-65.0,-80.0,182.0,-420.0,280.0,96.0,785.0
29.0,,-77.0,-86.0,-48.0,257.0,-478.0,334.0,-82.0,999.0
-3.0,,-136.0,-87.0,-26.0,214.0,-526.0,40.0,-242.0,1173.0
-12.0,,-183.0,-80.0,-47.0,208.0,-565.0,437.0,-403.0,1314.0
11.0,,-246.0,-92.0,-96.0,215.0,-579.0,221.0,-571.0,1435.0
41.0,,-277.0,-111.0,-160.0,239.0,-580.0,373.0,-738.0,1521.0
87.0,,-306.0,-123.0,-224.0,181.0,-609.0,303.0,-881.0,1576.0
165.0,,-332.0,-161.0,-273.0,141.0,-626.0,79.0,-990.0,1592.0
268.0,,-326.0,-159.0,-310.0,191.0,-628.0,334.0,-1047.0,1575.0
335.0,,-375.0,-105.0,-336.0,225.0,-624.0,66.0,-1073.0,1514.0
371.0,,-388.0,-81.0,-372.0,194.0,-612.0,493.0,-1073.0,1418.0
450.0,,-384.0,-48.0,-401.0,182.0,-609.0,448.0,-1019.0,1270.0
528.0,,-425.0,48.0,-402.0,235.0,-616.0,498.0,-922.0,1055.0
561.0,,-414.0,166.0,-361.0,217.0,-608.0,563.0,-775.0,789.0
549.0,,-407.0,278.0,-235.0,251.0,-548.0,194.0,-605.0,512.0
499.0,,-408.0,360.0,-62.0,272.0,-484.0,439.0,-442.0,218.0
449.0,,-363.0,439.0,89.0,264.0,-448.0,86.0,-268.0,-133.0
375.0,,-339.0,527.0,209.0,363.0,-427.0,168.0,-66.0,-500.0
261.0,,-301.0,566.0,298.0,351.0,-413.0,72.0,140.0,-867.0
127.0,,-239.0,587.0,384.0,275.0,-379.0,9.0,361.0,-1192.0
3.0,,-211.0,638.0,476.0,295.0,-373.0,345.0,617.0,-1464.0
-109.0,,-148.0,618.0,539.0,386.0,-367.0,120.0,869.0,-1670.0
-250.0,,-85.0,522.0,552.0,427.0,-338.0,473.0,1095.0,-1771.0
-380.0,,-28.0,465.0,524.0,361.0,-331.0,286.0,1261.0,-1761.0
-465.0,,55.0,394.0,456.0,385.0,-300.0,395.0,1370.0,-1617.0
-512.0,,89.0,280.0,330.0,457.0,-276.0,513.0,1405.0,-1377.0
-551.0,,144.0,164.0,150.0,438.0,-276.0,275.0,1363.0,-1083.0
-554.0,,188.0,58.0,-51.0,402.0,-249.0,628.0,1271.0,-784.0
-505.0,,189.0,-26.0,-208.0,396.0,-178.0,312.0,1106.0,-491.0
-462.0,,216.0,-79.0,-283.0,400.0,-101.0,484.0,908.0,-208.0
-453.0,,210.0,-87.0,-314.0,327.0,-74.0,400.0,710.0,51.0
-461.0,,190.0,-120.0,-331.0,259.0,-36.0,339.0,520.0,270.0
-458.0,,174.0,-197.0,-346.0,304.0,32.0,589.0,339.0,425.0
-466.0,,148.0,-294.0,-345.0,347.0,87.0,330.0,176.0,579.0
-481.0,,119.0,-371.0,-317.0,324.0,113.0,676.0,55.0,739.0
-501.0,,116.0,-390.0,-249.0,231.0,123.0,460.0,-54.0,846.0
-499.0,,84.0,-393.0,-148.0,182.0,137.0,618.0,-132.0,894.0
-455.0,,60.0,-345.0,-54.0,229.0,133.0,742.0,-169.0,908.0
-424.0,,64.0,-272.0,17.0,225.0,128.0,552.0,-179.0,913.0
-428.0,,12.0,-208.0,72.0,149.0,134.0,883.0,-161.0,919.0
-450.0,,27.0,-141.0,119.0,91.0,115.0,556.0,-127.0,935.0
-446.0,,9.0,-101.0,160.0,95.0,104.0,787.0,-70.0,964.0
-471.0,,-51.0,-58.0,197.0,138.0,114.0,715.0,-7.0,1007.0
-529.0,,-58.0,-5.0,227.0,89.0,118.0,731.0,65.0,1045.0
-578.0,,-103.0,20.0,226.0,-4.0,81.0,1019.0,149.0,1053.0
-613.0,,-109.0,-37.0,184.0,40.0,40.0,840.0,231.0,1009.0
-622.0,,-123.0,-138.0,149.0,137.0,9.0,1239.0,314.0,948.0
-630.0,,-120.0,-228.0,152.0,131.0,-31.0,975.0,373.0,873.0
-632.0,,-82.0,-336.0,186.0,37.0,-68.0,1079.0,409.0,745.0
-603.0,,-91.0,-427.0,241.0,8.0,-96.0,1066.0,426.0,625.0
-507.0,,-45.0,-477.0,295.0,33.0,-84.0,827.0,414.0,496.0
-416.0,,-1.0,-496.0,336.0,-31.0,-88.0,1082.0,387.0,312.0
-344.0,,18.0,-481.0,333.0,-104.0,-74.0,720.0,349.0,118.0
-211.0,,52.0,-449.0,267.0,-51.0,-38.0,962.0,284.0,-95.0
-61.0,,71.0,-373.0,158.0,-10.0,-57.0,831.0,204.0,-352.0
54.0,,90.0,-226.0,21.0,-73.0,-71.0,809.0,108.0,-590.0
127.0,,134.0,-48.0,-111.0,-77.0,-71.0,923.0,-33.0,-803.0
200.0,,139.0,117.0,-204.0,-28.0,-94.0,665.0,-203.0,-1020.0
256.0,,130.0,249.0,-251.0,13.0,-126.0,988.0,-400.0,-1230.0
245.0,,182.0,363.0,-273.0,0.0,-144.0,642.0,-601.0,-1448.0
218.0,,158.0,431.0,-284.0,-53.0,-168.0,785.0,-779.0,-1648.0
189.0,,166.0,426.0,-279.0,-39.0,-199.0,763.0,-950.0,-1788.0
145.0,,190.0,352.0,-267.0,22.0,-223.0,613.0,-1099.0,-1909.0
71.0,,155.0,190.0,-269.0,20.0,-203.0,862.0,-1210.0,-2024.0
0.0,,191.0,0.0,-277.0,-73.0,-208.0,460.0,-1297.0,-2078.0
-38.0,,186.0,-187.0,-264.0,-27.0,-258.0,655.0,-1341.0,-2081.0
-80.0,,177.0,-397.0,-221.0,75.0,-266.0,410.0,-1329.0,-2039.0
-103.0,,199.0,-602.0,-151.0,48.0,-262.0,388.0,-1275.0,-1938.0
-94.0,,209.0,-771.0,-62.0,3.0,-241.0,478.0,-1164.0,-1799.0
-83.0,,232.0,-903.0,1.0,0.0,-232.0,212.0,-1013.0,-1626.0
-43.0,,246.0,-958.0,34.0,53.0,-229.0,495.0,-838.0,-1414.0
10.0,,269.0,-929.0,55.0,17.0,-177.0,199.0,-627.0,-1204.0
63.0,,293.0,-843.0,42.0,-37.0,-124.0,408.0,-409.0,-1028.0
120.0,,306.0,-702.0,1.0,2.0,-117.0,338.0,-192.0,-805.0
194.0,,319.0,-487.0,-29.0,68.0,-118.0,214.0,9.0,-548.0
282.0,,330.0,-183.0,-24.0,69.0,-133.0,395.0,173.0,-278.0
350.0,,329.0,77.0,11.0,-31.0,-183.0,66.0,299.0,6.0
429.0,,338.0,298.0,66.0,-33.0,-178.0,365.0,384.0,238.0
517.0,,317.0,522.0,124.0,39.0,-158.0,144.0,423.0,473.0
602.0,,291.0,705.0,158.0,-2.0,-140.0,260.0,422.0,698.0
656.0,,268.0,881.0,147.0,-120.0,-110.0,388.0,394.0,823.0
684.0,,213.0,992.0,88.0,-141.0,-105.0,188.0,333.0,851.0
726.0,,159.0,1051.0,4.0,-116.0,-95.0,474.0,247.0,783.0
748.0,,105.0,1058.0,-69.0,-121.0,-88.0,133.0,144.0,640.0
734.0,,43.0,965.0,-101.0,-112.0,-69.0,362.0,23.0,472.0
683.0,,-40.0,877.0,-83.0,-114.0,-69.0,269.0,-80.0,285.0
602.0,,-101.0,775.0,-39.0,-102.0,-57.0,192.0,-164.0,76.0
497.0,,-188.0,619.0,-11.0,-108.0,-15.0,393.0,-242.0,-129.0
377.0,,-260.0,473.0,-29.0,-152.0,-26.0,96.0,-287.0,-309.0
243.0,,-301.0,288.0,-103.0,-202.0,-36.0,404.0,-303.0,-455.0
77.0,,-383.0,122.0,-211.0,-195.0,-20.0,145.0,-289.0,-564.0
-89.0,,-410.0,4.0,-320.0,-227.0,23.0,251.0,-253.0,-653.0
-237.0,,-434.0,-127.0,-399.0,-366.0,48.0,299.0,-207.0,-712.0
-371.0,,-445.0,-228.0,-428.0,-434.0,45.0,120.0,-150.0,-705.0
-498.0,,-440.0,-294.0,-387.0,-343.0,67.0,423.0,-94.0,-687.0
-610.0,,-434.0,-353.0,-277.0,-292.0,90.0,144.0,-41.0,-677.0
-695.0,,-392.0,-415.0,-132.0,-365.0,137.0,448.0,0.0,-681.0
-771.0,,-370.0,-437.0,1.0,-364.0,158.0,290.0,16.0,-705.0
-821.0,,-325.0,-393.0,90.0,-316.0,134.0,223.0,2.0,-702.0
-857.0,,-263.0,-346.0,128.0,-348.0,134.0,367.0,-8.0,-684.0
-892.0,,-198.0,-311.0,109.0,-481.0,172.0,57.0,-12.0,-661.0
-919.0,,-96.0,-276.0,34.0,-559.0,193.0,375.0,0.0,-657.0
-904.0,,9.0,-259.0,-55.0,-555.0,194.0,142.0,41.0,-613.0
-831.0,,113.0,-257.0,-110.0,-548.0,215.0,327.0,87.0,-559.0
-755.0,,208.0,-239.0,-118.0,-568.0,253.0,356.0,141.0,-535.0
-660.0,,295.0,-214.0,-93.0,-606.0,265.0,256.0,211.0,-504.0
-536.0,,350.0,-231.0,-55.0,-544.0,249.0,519.0,276.0,-487.0
-371.0,,397.0,-273.0,-12.0,-515.0,277.0,208.0,329.0,-455.0
-207.0,,433.0,-303.0,24.0,-523.0,303.0,574.0,354.0,-451.0
-76.0,,437.0,-352.0,21.0,-612.0,291.0,467.0,352.0,-481.0
91.0,,439.0,-425.0,6.0,-651.0,261.0,521.0,334.0,-529.0
264.0,,410.0,-484.0,4.0,-550.0,268.0,657.0,298.0,-568.0
401.0,,412.0,-485.0,26.0,-648.0,283.0,389.0,241.0,-619.0
518.0,,384.0,-475.0,69.0,-713.0,274.0,720.0,171.0,-720.0
665.0,,320.0,-448.0,100.0,-665.0,301.0,430.0,114.0,-787.0
817.0,,293.0,-349.0,105.0,-623.0,309.0,606.0,50.0,-849.0
897.0,,231.0,-259.0,90.0,-646.0,300.0,567.0,-25.0,-921.0
940.0,,211.0,-191.0,114.0,-736.0,324.0,443.0,-103.0,-918.0
974.0,,191.0,-88.0,192.0,-651.0,349.0,700.0,-179.0,-841.0
989.0,,171.0,48.0,277.0,-574.0,368.0,423.0,-248.0,-722.0
951.0,,190.0,180.0,345.0,-585.0,397.0,753.0,-313.0,-505.0
875.0,,190.0,284.0,371.0,-587.0,458.0,563.0,-350.0,-216.0
811.0,,198.0,375.0,340.0,-544.0,486.0,648.0,-361.0,80.0
734.0,,190.0,453.0,252.0,-428.0,456.0,757.0,-352.0,392.0
615.0,,200.0,499.0,119.0,-395.0,476.0,478.0,-319.0,664.0
483.0,,191.0,534.0,-24.0,-401.0,516.0,740.0,-274.0,904.0
343.0,,174.0,551.0,-133.0,-302.0,518.0,343.0,-230.0,1125.0
204.0,,172.0,504.0,-190.0,-177.0,534.0,469.0,-186.0,1262.0
88.0,,138.0,394.0,-202.0,-169.0,552.0,336.0,-142.0,1290.0
-29.0,,117.0,252.0,-172.0,-129.0,522.0,223.0,-112.0,1204.0
-140.0,,75.0,107.0,-104.0,3.0,459.0,471.0,-83.0,1081.0
-203.0,,33.0,-87.0,-23.0,80.0,416.0,188.0,-52.0,911.0
-237.0,,0.0,-275.0,35.0,83.0,397.0,500.0,-35.0,621.0
-303.0,,-41.0,-410.0,85.0,52.0,359.0,236.0,-21.0,331.0
-376.0,,-74.0,-575.0,121.0,87.0,325.0,288.0,-5.0,82.0
-424.0,,-128.0,-695.0,123.0,155.0,333.0,303.0,16.0,-127.0
-458.0,,-172.0,-778.0,110.0,185.0,328.0,42.0,42.0,-308.0
-497.0,,-225.0,-826.0,98.0,187.0,305.0,306.0,74.0,-448.0
-532.0,,-291.0,-731.0,101.0,242.0,286.0,-48.0,111.0,-499.0
-531.0,,-320.0,-582.0,108.0,315.0,266.0,149.0,131.0,-478.0
-545.0,,-350.0,-442.0,97.0,235.0,232.0,-38.0,139.0,-409.0
-561.0,,-362.0,-294.0,79.0,172.0,194.0,-134.0,109.0,-331.0
-547.0,,-348.0,-113.0,70.0,253.0,176.0,60.0,45.0,-225.0
-523.0,,-350.0,90.0,70.0,371.0,163.0,-234.0,-19.0,-108.0
-521.0,,-330.0,269.0,69.0,362.0,140.0,22.0,-82.0,24.0
-540.0,,-292.0,452.0,53.0,209.0,116.0,-288.0,-127.0,147.0
-494.0,,-249.0,602.0,21.0,206.0,129.0,-214.0,-149.0,243.0
-436.0,,-209.0,702.0,-5.0,347.0,119.0,-308.0,-138.0,318.0
-424.0,,-151.0,751.0,-21.0,372.0,76.0,-554.0,-111.0,356.0
-423.0,,-67.0,689.0,-12.0,314.0,24.0,-323.0,-76.0,388.0
-396.0,,-27.0,605.0,15.0,315.0,-6.0,-650.0,-33.0,282.0
-340.0,,13.0,505.0,46.0,392.0,6.0,-328.0,-5.0,72.0
-309.0,,25.0,345.0,76.0,396.0,7.0,-437.0,10.0,-152.0
-285.0,,17.0,148.0,91.0,267.0,26.0,-354.0,14.0,-376.0
-265.0,,-32.0,-76.0,95.0,237.0,30.0,-199.0,25.0,-580.0
-233.0,,-111.0,-257.0,88.0,312.0,15.0,-487.0,43.0,-813.0
-173.0,,-168.0,-362.0,82.0,296.0,28.0,-158.0,64.0,-1003.0
-135.0,,-297.0,-432.0,70.0,176.0,23.0,-406.0,87.0,-1181.0
-113.0,,-387.0,-511.0,30.0,107.0,30.0,-112.0,96.0,-1353.0
-73.0,,-480.0,-574.0,-23.0,155.0,1.0,-49.0,108.0,-1468.0
-11.0,,-582.0,-649.0,-103.0,142.0,-62.0,-110.0,114.0,-1553.0
21.0,,-642.0,-715.0,-190.0,52.0,-113.0,175.0,108.0,-1612.0
27.0,,-718.0,-711.0,-251.0,3.0,-162.0,-136.0,112.0,-1609.0
60.0,,-749.0,-701.0,-281.0,35.0,-183.0,166.0,124.0,-1508.0
129.0,,-768.0,-679.0,-271.0,37.0,-208.0,-24.0,130.0,-1341.0
177.0,,-767.0,-651.0,-256.0,-45.0,-235.0,33.0,114.0,-1104.0
191.0,,-775.0,-687.0,-251.0,-65.0,-288.0,107.0,75.0,-848.0
216.0,,-756.0,-778.0,-248.0,-24.0,-327.0,-127.0,20.0,-570.0
226.0,,-703.0,-826.0,-218.0,-20.0,-334.0,195.0,-49.0,-246.0
192.0,,-682.0,-860.0,-160.0,-109.0,-375.0,-116.0,-134.0,43.0
143.0,,-619.0,-882.0,-117.0,-166.0,-392.0,138.0,-232.0,272.0
111.0,,-538.0,-854.0,-101.0,-93.0,-377.0,66.0,-325.0,487.0
56.0,,-478.0,-882.0,-100.0,-71.0,-380.0,-24.0,-403.0,688.0
-22.0,,-412.0,-871.0,-94.0,-163.0,-384.0,195.0,-464.0,849.0
-90.0,,-337.0,-792.0,-71.0,-233.0,-352.0,-103.0,-494.0,950.0
-124.0,,-285.0,-705.0,-46.0,-189.0,-308.0,199.0,-512.0,972.0
-126.0,,-213.0,-580.0,-36.0,-135.0,-291.0,-55.0,-488.0,943.0
-163.0,,-136.0,-497.0,-15.0,-144.0,-258.0,57.0,-433.0,890.0
-193.0,,-100.0,-385.0,37.0,-146.0,-221.0,68.0,-371.0,804.0
-163.0,,-26.0,-229.0,103.0,-110.0,-205.0,-145.0,-262.0,690.0
-133.0,,12.0,-109.0,155.0,-56.0,-204.0,92.0,-151.0,587.0
-112.0,,19.0,0.0,175.0,-81.0,-212.0,-269.0,-56.0,499.0
-83.0,,74.0,83.0,167.0,-146.0,-191.0,31.0,23.0,450.0
-12.0,,58.0,138.0,113.0,-111.0,-182.0,-123.0,62.0,428.0
99.0,,32.0,141.0,26.0,-22.0,-167.0,-157.0,68.0,426.0
196.0,,36.0,95.0,-54.0,-5.0,-88.0,53.0,42.0,503.0
304.0,,-17.0,24.0,-105.0,0.0,-5.0,-197.0,1.0,534.0
457.0,,-42.0,-70.0,-122.0,90.0,14.0,90.0,-16.0,542.0
610.0,,-76.0,-142.0,-107.0,169.0,30.0,-210.0,-16.0,574.0
714.0,,-132.0,-224.0,-52.0,184.0,81.0,-42.0,-15.0,559.0
787.0,,-144.0,-269.0,-5.0,120.0,107.0,-110.0,10.0,538.0
852.0,,-195.0,-228.0,-17.0,93.0,163.0,-334.0,28.0,517.0
878.0,,-231.0,-210.0,-74.0,154.0,211.0,-147.0,27.0,502.0
867.0,,-251.0,-172.0,-152.0,143.0,229.0,-519.0,6.0,438.0
826.0,,-309.0,-51.0,-225.0,118.0,265.0,-288.0,-43.0,351.0
764.0,,-327.0,73.0,-281.0,102.0,283.0,-535.0,-114.0,284.0
704.0,,-352.0,192.0,-302.0,155.0,308.0,-517.0,-186.0,188.0
620.0,,-384.0,333.0,-289.0,217.0,302.0,-408.0,-248.0,53.0
507.0,,-387.0,486.0,-253.0,159.0,288.0,-654.0,-300.0,-136.0
375.0,,-401.0,629.0,-176.0,212.0,319.0,-323.0,-319.0,-350.0
289.0,,-414.0,705.0,-74.0,333.0,353.0,-574.0,-318.0,-569.0
232.0,,-395.0,681.0,33.0,354.0,369.0,-339.0,-299.0,-809.0
133.0,,-377.0,608.0,149.0,329.0,370.0,-391.0,-278.0,-1047.0
30.0,,-360.0,498.0,240.0,327.0,353.0,-476.0,-256.0,-1230.0
-31.0,,-289.0,314.0,295.0,344.0,308.0,-325.0,-231.0,-1332.0
-67.0,,-250.0,74.0,330.0,329.0,281.0,-750.0,-221.0,-1346.0
-122.0,,-178.0,-190.0,352.0,319.0,266.0,-511.0,-201.0,-1271.0
-164.0,,-116.0,-498.0,348.0,347.0,219.0,-757.0,-173.0,-1117.0
-182.0,,-90.0,-793.0,310.0,431.0,152.0,-646.0,-141.0,-900.0
-192.0,,-1.0,-1009.0,256.0,442.0,137.0,-533.0,-110.0,-651.0
-185.0,,23.0,-1152.0,210.0,379.0,137.0,-750.0,-90.0,-382.0
-174.0,,60.0,-1224.0,178.0,431.0,82.0,-506.0,-109.0,-112.0
-127.0,,94.0,-1214.0,150.0,517.0,70.0,-848.0,-161.0,145.0
-74.0,,100.0,-1102.0,119.0,540.0,95.0,-609.0,-214.0,388.0
-48.0,,105.0,-924.0,92.0,479.0,102.0,-733.0,-286.0,609.0
-23.0,,73.0,-759.0,85.0,457.0,71.0,-774.0,-358.0,770.0
8.0,,68.0,-612.0,96.0,572.0,31.0,-613.0,-401.0,888.0
17.0,,50.0,-443.0,88.0,612.0,25.0,-920.0,-444.0,964.0
-15.0,,14.0,-336.0,45.0,565.0,9.0,-622.0,-498.0,987.0
-43.0,,-13.0,-314.0,5.0,567.0,14.0,-925.0,-544.0,973.0
-52.0,,-44.0,-328.0,2.0,634.0,24.0,-774.0,-590.0,903.0
-60.0,,-91.0,-387.0,45.0,683.0,52.0,-761.0,-640.0,815.0
-87.0,,-119.0,-411.0,113.0,605.0,66.0,-960.0,-683.0,748.0
-123.0,,-146.0,-410.0,156.0,558.0,62.0,-759.0,-696.0,717.0
-147.0,,-170.0,-405.0,175.0,611.0,107.0,-1067.0,-675.0,682.0
-176.0,,-151.0,-378.0,180.0,625.0,130.0,-716.0,-640.0,668.0
-226.0,,-118.0,-319.0,177.0,555.0,166.0,-890.0,-594.0,661.0
-281.0,,-61.0,-245.0,184.0,459.0,201.0,-870.0,-524.0,672.0
-295.0,,-19.0,-249.0,188.0,475.0,230.0,-796.0,-443.0,725.0
-290.0,,15.0,-273.0,185.0,532.0,254.0,-1069.0,-352.0,768.0
-286.0,,66.0,-239.0,183.0,470.0,247.0,-685.0,-246.0,827.0
-285.0,,108.0,-224.0,183.0,427.0,268.0,-938.0,-112.0,892.0
-293.0,,139.0,-218.0,184.0,500.0,241.0,-718.0,40.0,983.0
-273.0,,199.0,-210.0,173.0,553.0,199.0,-788.0,187.0,1028.0
-251.0,,232.0,-247.0,145.0,494.0,181.0,-877.0,328.0,990.0
-243.0,,261.0,-285.0,117.0,405.0,111.0,-585.0,436.0,911.0
-232.0,,300.0,-334.0,96.0,433.0,47.0,-837.0,524.0,800.0
-195.0,,295.0,-404.0,78.0,502.0,11.0,-511.0,588.0,681.0
-124.0,,324.0,-474.0,59.0,482.0,-37.0,-781.0,623.0,517.0
-52.0,,320.0,-574.0,28.0,412.0,-76.0,-727.0,651.0,374.0
43.0,,323.0,-664.0,-20.0,439.0,-114.0,-683.0,647.0,247.0
148.0,,347.0,-724.0,-104.0,534.0,-162.0,-872.0,608.0,143.0
262.0,,316.0,-758.0,-213.0,511.0,-196.0,-485.0,547.0,89.0
373.0,,306.0,-743.0,-292.0,454.0,-219.0,-790.0,464.0,58.0
482.0,,274.0,-696.0,-305.0,519.0,-246.0,-519.0,357.0,45.0
612.0,,232.0,-645.0,-262.0,638.0,-271.0,-578.0,241.0,53.0
714.0,,224.0,-567.0,-204.0,621.0,-320.0,-631.0,111.0,88.0
808.0,,198.0,-472.0,-164.0,575.0,-377.0,-454.0,-22.0,102.0
876.0,,161.0,-390.0,-138.0,682.0,-409.0,-807.0,-126.0,127.0
901.0,,146.0,-315.0,-116.0,787.0,-426.0,-532.0,-194.0,155.0
895.0,,93.0,-249.0,-82.0,758.0,-430.0,-753.0,-221.0,190.0
864.0,,30.0,-197.0,-38.0,667.0,-438.0,-593.0,-232.0,211.0
827.0,,10.0,-207.0,22.0,694.0,-456.0,-556.0,-238.0,194.0
763.0,,-52.0,-242.0,88.0,761.0,-447.0,-702.0,-239.0,171.0
685.0,,-67.0,-265.0,123.0,724.0,-416.0,-456.0,-231.0,106.0
582.0,,-65.0,-302.0,114.0,673.0,-425.0,-837.0,-212.0,19.0
437.0,,-96.0,-339.0,68.0,638.0,-425.0,-585.0,-191.0,-69.0
262.0,,-93.0,-370.0,0.0,642.0,-388.0,-702.0,-159.0,-161.0
64.0,,-154.0,-398.0,-90.0,642.0,-365.0,-631.0,-96.0,-244.0
-125.0,,-182.0,-417.0,-196.0,623.0,-354.0,-437.0,-17.0,-300.0
-324.0,,-180.0,-383.0,-288.0,606.0,-343.0,-689.0,47.0,-313.0
-514.0,,-216.0,-321.0,-347.0,600.0,-336.0,-406.0,122.0,-245.0
-667.0,,-200.0,-258.0,-367.0,584.0,-341.0,-731.0,183.0,-83.0
-805.0,,-197.0,-190.0,-365.0,517.0,-335.0,-556.0,223.0,145.0
-911.0,,-217.0,-162.0,-347.0,492.0,-356.0,-559.0,279.0,435.0
-987.0,,-213.0,-181.0,-323.0,486.0,-380.0,-654.0,316.0,748.0
-1035.0,,-224.0,-213.0,-322.0,426.0,-406.0,-343.0,327.0,1066.0
-1044.0,,-226.0,-247.0,-316.0,304.0,-430.0,-618.0,337.0,1363.0
-1007.0,,-196.0,-330.0,-301.0,273.0,-417.0,-338.0,332.0,1614.0
-945.0,,-184.0,-484.0,-297.0,359.0,-442.0,-537.0,295.0,1815.0
-869.0,,-149.0,-638.0,-285.0,345.0,-463.0,-467.0,219.0,1965.0
-767.0,,-91.0,-754.0,-262.0,217.0,-468.0,-297.0,114.0,2049.0
-636.0,,-75.0,-885.0,-212.0,166.0,-486.0,-489.0,-9.0,2019.0
-488.0,,-28.0,-975.0,-116.0,198.0,-513.0,-155.0,-160.0,1912.0
-362.0,,28.0,-974.0,16.0,169.0,-544.0,-423.0,-315.0,1721.0
-244.0,,61.0,-923.0,164.0,110.0,-543.0,-181.0,-458.0,1434.0
-139.0,,157.0,-803.0,264.0,95.0,-533.0,-262.0,-588.0,1117.0
-64.0,,197.0,-623.0,302.0,160.0,-534.0,-360.0,-688.0,749.0
-11.0,,239.0,-428.0,328.0,125.0,-537.0,-173.0,-756.0,397.0
29.0,,324.0,-245.0,360.0,33.0,-530.0,-526.0,-778.0,92.0
68.0,,314.0,-72.0,366.0,26.0,-500.0,-166.0,-734.0,-218.0
73.0,,371.0,77.0,324.0,74.0,-494.0,-334.0,-635.0,-448.0
61.0,,396.0,168.0,257.0,131.0,-492.0,-205.0,-497.0,-595.0
70.0,,372.0,161.0,171.0,61.0,-466.0,-218.0,-327.0,-694.0
69.0,,421.0,115.0,68.0,53.0,-456.0,-574.0,-151.0,-702.0
45.0,,393.0,69.0,-36.0,136.0,-417.0,-384.0,0.0,-649.0
32.0,,407.0,-53.0,-143.0,176.0,-383.0,-770.0,123.0,-583.0
4.0,,430.0,-207.0,-207.0,105.0,-335.0,-445.0,222.0,-497.0
-46.0,,423.0,-381.0,-197.0,21.0,-269.0,-436.0,310.0,-402.0
-98.0,,447.0,-566.0,-149.0,76.0,-257.0,-413.0,399.0,-344.0
-122.0,,426.0,-724.0,-82.0,64.0,-209.0,-273.0,490.0,-297.0
-141.0,,454.0,-888.0,11.0,-46.0,-153.0,-722.0,566.0,-251.0
-183.0,,458.0,-1017.0,134.0,-98.0,-114.0,-554.0,603.0,-169.0
-158.0,,460.0,-1112.0,267.0,-16.0,-88.0,-896.0,597.0,-39.0
-73.0,,475.0,-1176.0,360.0,31.0,-71.0,-759.0,551.0,151.0
5.0,,434.0,-1170.0,377.0,-73.0,-57.0,-702.0,464.0,405.0
93.0,,411.0,-1121.0,331.0,-138.0,-77.0,-824.0,335.0,706.0
230.0,,361.0,-1063.0,254.0,-57.0,-65.0,-561.0,167.0,1077.0
388.0,,312.0,-962.0,169.0,-20.0,-71.0,-964.0,-7.0,1449.0
523.0,,266.0,-857.0,86.0,-93.0,-121.0,-787.0,-183.0,1818.0
653.0,,232.0,-812.0,14.0,-128.0,-152.0,-1029.0,-350.0,2174.0
818.0,,193.0,-765.0,-56.0,-93.0,-169.0,-982.0,-493.0,2476.0
990.0,,160.0,-671.0,-138.0,-4.0,-156.0,-720.0,-604.0,2709.0
1152.0,,161.0,-567.0,-222.0,-10.0,-154.0,-918.0,-675.0,2795.0
1286.0,,112.0,-479.0,-286.0,-111.0,-185.0,-546.0,-741.0,2709.0
1387.0,,88.0,-368.0,-313.0,-95.0,-229.0,-807.0,-788.0,2480.0
1475.0,,40.0,-265.0,-316.0,-14.0,-262.0,-670.0,-815.0,2115.0
1513.0,,-13.0,-172.0,-291.0,-25.0,-306.0,-770.0,-830.0,1661.0
1521.0,,-30.0,-100.0,-225.0,-83.0,-346.0,-931.0,-792.0,1165.0
1499.0,,-96.0,-55.0,-142.0,-69.0,-356.0,-711.0,-733.0,605.0
1451.0,,-161.0,-3.0,-48.0,33.0,-391.0,-1005.0,-656.0,27.0
1387.0,,-208.0,3.0,33.0,50.0,-408.0,-670.0,-552.0,-479.0
1296.0,,-278.0,10.0,101.0,-49.0,-397.0,-894.0,-424.0,-924.0
1207.0,,-344.0,31.0,177.0,-3.0,-399.0,-794.0,-261.0,-1286.0
1103.0,,-391.0,48.0,280.0,75.0,-400.0,-628.0,-94.0,-1523.0
986.0,,-433.0,34.0,414.0,26.0,-355.0,-807.0,70.0,-1673.0
858.0,,-440.0,7.0,544.0,-41.0,-275.0,-487.0,233.0,-1708.0
755.0,,-467.0,15.0,646.0,-10.0,-227.0,-801.0,382.0,-1670.0
652.0,,-488.0,35.0,695.0,66.0,-168.0,-559.0,519.0,-1590.0
545.0,,-458.0,44.0,659.0,-6.0,-107.0,-663.0,625.0,-1481.0
451.0,,-447.0,25.0,541.0,-90.0,-62.0,-764.0,689.0,-1368.0
369.0,,-398.0,96.0,400.0,-52.0,-35.0,-633.0,709.0,-1260.0
325.0,,-311.0,238.0,295.0,7.0,-31.0,-977.0,678.0,-1222.0
269.0,,-220.0,344.0,235.0,-52.0,-23.0,-687.0,593.0,-1193.0
207.0,,-82.0,434.0,210.0,-185.0,-37.0,-970.0,476.0,-1163.0
142.0,,45.0,479.0,176.0,-190.0,-18.0,-779.0,348.0,-1081.0
84.0,,164.0,467.0,94.0,-151.0,-26.0,-617.0,202.0,-977.0
18.0,,316.0,452.0,-46.0,-197.0,-67.0,-722.0,40.0,-879.0
-50.0,,406.0,423.0,-232.0,-262.0,-45.0,-352.0,-108.0,-753.0
-77.0,,480.0,307.0,-419.0,-233.0,-36.0,-620.0,-249.0,-636.0
-93.0,,558.0,166.0,-544.0,-182.0,-32.0,-334.0,-372.0,-487.0
-89.0,,557.0,38.0,-589.0,-233.0,-31.0,-458.0,-442.0,-344.0
-103.0,,582.0,-112.0,-585.0,-307.0,-23.0,-504.0,-451.0,-203.0
-92.0,,577.0,-204.0,-557.0,-309.0,10.0,-408.0,-395.0,-84.0
-47.0,,507.0,-204.0,-520.0,-235.0,-13.0,-724.0,-246.0,24.0
-41.0,,472.0,-188.0,-445.0,-281.0,-46.0,-400.0,-26.0,101.0
-38.0,,400.0,-156.0,-321.0,-411.0,-39.0,-655.0,218.0,150.0
-11.0,,333.0,-59.0,-171.0,-413.0,-45.0,-423.0,470.0,230.0
50.0,,289.0,74.0,-21.0,-346.0,-67.0,-349.0,737.0,244.0
101.0,,239.0,207.0,111.0,-346.0,-74.0,-358.0,990.0,260.0
116.0,,232.0,340.0,220.0,-487.0,-85.0,57.0,1210.0,321.0
149.0,,226.0,426.0,290.0,-561.0,-90.0,-271.0,1408.0,328.0
176.0,,227.0,439.0,304.0,-484.0,-74.0,-68.0,1569.0,281.0
176.0,,251.0,380.0,252.0,-459.0,-73.0,-304.0,1676.0,246.0
159.0,,275.0,263.0,141.0,-582.0,-87.0,-282.0,1726.0,192.0
124.0,,301.0,162.0,12.0,-623.0,-81.0,-109.0,1719.0,147.0
94.0,,370.0,65.0,-106.0,-537.0,-72.0,-279.0,1633.0,129.0
59.0,,414.0,-80.0,-182.0,-619.0,-99.0,31.0,1496.0,109.0
18.0,,458.0,-238.0,-177.0,-735.0,-118.0,-308.0,1334.0,144.0
-19.0,,520.0,-423.0,-98.0,-786.0,-145.0,-140.0,1142.0,202.0
-58.0,,524.0,-618.0,-1.0,-784.0,-175.0,-214.0,950.0,265.0
-82.0,,557.0,-769.0,59.0,-770.0,-167.0,-245.0,759.0,316.0
-119.0,,545.0,-907.0,73.0,-864.0,-183.0,62.0,566.0,319.0
-150.0,,498.0,-1010.0,79.0,-931.0,-190.0,-188.0,362.0,321.0
-171.0,,472.0,-1107.0,93.0,-980.0,-158.0,81.0,165.0,359.0
-188.0,,378.0,-1235.0,111.0,-1060.0,-143.0,-247.0,-17.0,357.0
-210.0,,308.0,-1302.0,138.0,-1098.0,-138.0,-227.0,-189.0,315.0
-233.0,,213.0,-1331.0,163.0,-1118.0,-127.0,-175.0,-322.0,268.0
-241.0,,74.0,-1332.0,162.0,-1147.0,-109.0,-380.0,-428.0,198.0
-273.0,,-31.0,-1242.0,112.0,-1137.0,-107.0,-79.0,-500.0,92.0
-313.0,,-165.0,-1118.0,45.0,-1175.0,-141.0,-424.0,-535.0,-48.0
-343.0,,-291.0,-999.0,-26.0,-1247.0,-158.0,-205.0,-532.0,-184.0
-353.0,,-371.0,-890.0,-98.0,-1221.0,-135.0,-290.0,-477.0,-319.0
-363.0,,-454.0,-758.0,-121.0,-1193.0,-120.0,-332.0,-394.0,-452.0
-371.0,,-505.0,-600.0,-98.0,-1207.0,-105.0,-162.0,-294.0,-641.0
-366.0,,-510.0,-481.0,-55.0,-1263.0,-98.0,-533.0,-171.0,-806.0
-366.0,,-526.0,-422.0,-35.0,-1259.0,-87.0,-314.0,-67.0,-928.0
-369.0,,-486.0,-429.0,-46.0,-1206.0,-76.0,-598.0,18.0,-1092.0
-371.0,,-414.0,-437.0,-59.0,-1255.0,-88.0,-421.0,103.0,-1186.0
-351.0,,-346.0,-422.0,-70.0,-1296.0,-93.0,-299.0,164.0,-1253.0
-335.0,,-236.0,-449.0,-73.0,-1254.0,-87.0,-338.0,218.0,-1327.0
-301.0,,-152.0,-530.0,-83.0,-1194.0,-74.0,51.0,262.0,-1299.0
-236.0,,-61.0,-626.0,-92.0,-1229.0,-60.0,-218.0,275.0,-1156.0
-179.0,,22.0,-660.0,-69.0,-1283.0,-46.0,88.0,280.0,-951.0
-126.0,,81.0,-662.0,-37.0,-1211.0,-31.0,-83.0,268.0,-707.0
-63.0,,140.0,-653.0,-33.0,-1111.0,1.0,-68.0,262.0,-420.0
17.0,,172.0,-581.0,-76.0,-1096.0,31.0,107.0,256.0,-103.0
90.0,,188.0,-439.0,-153.0,-1103.0,49.0,-186.0,246.0,236.0
182.0,,204.0,-242.0,-220.0,-1044.0,71.0,94.0,257.0,553.0
266.0,,186.0,-33.0,-253.0,-948.0,85.0,-229.0,243.0,833.0
324.0,,192.0,178.0,-236.0,-895.0,88.0,25.0,241.0,1116.0
380.0,,217.0,364.0,-151.0,-922.0,91.0,127.0,221.0,1375.0
414.0,,191.0,516.0,-14.0,-899.0,127.0,120.0,198.0,1558.0
430.0,,192.0,620.0,129.0,-790.0,137.0,432.0,189.0,1698.0
408.0,,186.0,671.0,231.0,-726.0,143.0,86.0,151.0,1752.0
370.0,,168.0,740.0,257.0,-738.0,179.0,380.0,143.0,1752.0
335.0,,168.0,738.0,217.0,-709.0,209.0,149.0,146.0,1741.0
306.0,,155.0,678.0,147.0,-603.0,253.0,181.0,158.0,1649.0
262.0,,154.0,619.0,84.0,-565.0,274.0,286.0,164.0,1519.0
213.0,,159.0,526.0,32.0,-544.0,266.0,12.0,170.0,1419.0
175.0,,149.0,440.0,-2.0,-457.0,281.0,330.0,185.0,1323.0
138.0,,150.0,387.0,-5.0,-362.0,296.0,38.0,178.0,1227.0
103.0,,141.0,363.0,7.0,-310.0,296.0,279.0,188.0,1130.0
42.0,,107.0,384.0,10.0,-346.0,325.0,264.0,185.0,1001.0
-17.0,,103.0,425.0,-14.0,-301.0,343.0,186.0,183.0,966.0
-69.0,,70.0,430.0,-77.0,-152.0,328.0,347.0,181.0,935.0
-116.0,,42.0,464.0,-149.0,-110.0,314.0,-29.0,163.0,890.0
-131.0,,65.0,532.0,-205.0,-127.0,336.0,275.0,134.0,824.0
-143.0,,51.0,598.0,-256.0,-81.0,361.0,25.0,95.0,676.0
-147.0,,60.0,664.0,-288.0,50.0,372.0,70.0,78.0,559.0
-135.0,,93.0,674.0,-253.0,121.0,426.0,133.0,49.0,366.0
-121.0,,116.0,657.0,-127.0,71.0,479.0,-48.0,30.0,112.0
-118.0,,195.0,618.0,84.0,96.0,499.0,351.0,43.0,-144.0
-128.0,,259.0,558.0,319.0,191.0,495.0,151.0,60.0,-363.0
-114.0,,336.0,530.0,510.0,253.0,507.0,502.0,90.0,-544.0
-72.0,,438.0,448.0,635.0,225.0,507.0,495.0,132.0,-669.0
-4.0,,466.0,333.0,681.0,183.0,484.0,458.0,141.0,-777.0
66.0,,537.0,251.0,657.0,252.0,499.0,631.0,122.0,-829.0
143.0,,590.0,101.0,570.0,287.0,500.0,260.0,94.0,-740.0
231.0,,610.0,-27.0,438.0,174.0,494.0,474.0,24.0,-637.0
293.0,,667.0,-100.0,301.0,92.0,524.0,155.0,-52.0,-509.0
362.0,,648.0,-166.0,166.0,161.0,556.0,293.0,-132.0,-412.0
428.0,,628.0,-195.0,32.0,210.0,531.0,428.0,-227.0,-298.0
465.0,,612.0,-244.0,-98.0,150.0,492.0,332.0,-304.0,-185.0
493.0,,535.0,-301.0,-213.0,107.0,486.0,705.0,-359.0,-103.0
526.0,,488.0,-368.0,-311.0,164.0,460.0,432.0,-391.0,-103.0
567.0,,446.0,-428.0,-384.0,207.0,431.0,691.0,-420.0,-172.0
581.0,,358.0,-483.0,-420.0,135.0,408.0,508.0,-443.0,-248.0
563.0,,303.0,-575.0,-415.0,125.0,403.0,417.0,-451.0,-396.0
562.0,,229.0,-651.0,-378.0,209.0,421.0,541.0,-455.0,-504.0
571.0,,141.0,-702.0,-329.0,208.0,424.0,212.0,-436.0,-646.0
535.0,,90.0,-718.0,-264.0,125.0,447.0,509.0,-388.0,-802.0
462.0,,27.0,-702.0,-186.0,65.0,478.0,234.0,-342.0,-889.0
386.0,,-11.0,-678.0,-119.0,150.0,475.0,445.0,-284.0,-912.0
316.0,,-27.0,-623.0,-70.0,251.0,481.0,539.0,-204.0,-853.0
205.0,,-45.0,-590.0,-36.0,198.0,491.0,445.0,-117.0,-744.0
62.0,,-57.0,-591.0,-2.0,123.0,493.0,744.0,-6.0,-596.0
-82.0,,-70.0,-603.0,20.0,176.0,486.0,471.0,118.0,-353.0
-202.0,,-111.0,-628.0,24.0,244.0,478.0,777.0,236.0,-109.0
-286.0,,-133.0,-622.0,22.0,182.0,471.0,576.0,345.0,89.0
-384.0,,-149.0,-610.0,27.0,68.0,414.0,593.0,435.0,299.0
-471.0,,-166.0,-584.0,58.0,54.0,380.0,681.0,483.0,433.0
-539.0,,-180.0,-582.0,107.0,159.0,388.0,391.0,518.0,534.0
-576.0,,-194.0,-601.0,156.0,134.0,394.0,705.0,525.0,636.0
-604.0,,-203.0,-608.0,181.0,25.0,406.0,456.0,488.0,687.0
-653.0,,-249.0,-675.0,165.0,66.0,430.0,750.0,457.0,659.0
-683.0,,-268.0,-709.0,139.0,127.0,464.0,746.0,389.0,605.0
-686.0,,-277.0,-739.0,138.0,81.0,475.0,639.0,305.0,529.0
-661.0,,-289.0,-811.0,180.0,-31.0,498.0,803.0,222.0,411.0
-656.0,,-272.0,-829.0,250.0,-9.0,509.0,432.0,87.0,211.0
-631.0,,-224.0,-848.0,309.0,112.0,496.0,659.0,-50.0,-51.0
-549.0,,-191.0,-842.0,333.0,41.0,489.0,319.0,-206.0,-341.0
-479.0,,-151.0,-754.0,295.0,-61.0,471.0,345.0,-381.0,-651.0
-436.0,,-98.0,-635.0,211.0,-14.0,455.0,410.0,-520.0,-933.0
-385.0,,-75.0,-501.0,107.0,48.0,420.0,245.0,-646.0,-1259.0
-313.0,,-9.0,-352.0,6.0,37.0,412.0,639.0,-746.0,-1512.0
-279.0,,40.0,-197.0,-59.0,-92.0,441.0,456.0,-838.0,-1669.0
-274.0,,125.0,-31.0,-89.0,-124.0,445.0,894.0,-938.0,-1761.0
-230.0,,235.0,138.0,-69.0,-4.0,427.0,910.0,-1004.0,-1798.0
-181.0,,328.0,302.0,3.0,-8.0,408.0,837.0,-1037.0,-1803.0
-162.0,,457.0,453.0,86.0,-116.0,402.0,955.0,-1054.0,-1717.0
-164.0,,544.0,585.0,139.0,-97.0,396.0,602.0,-1027.0,-1586.0
-155.0,,640.0,698.0,140.0,16.0,383.0,881.0,-940.0,-1418.0
-108.0,,721.0,794.0,83.0,15.0,387.0,646.0,-817.0,-1275.0
-59.0,,765.0,868.0,-24.0,-73.0,386.0,811.0,-631.0,-1089.0
-44.0,,810.0,896.0,-155.0,-123.0,374.0,803.0,-412.0,-830.0
-26.0,,817.0,901.0,-276.0,3.0,382.0,615.0,-165.0,-589.0
38.0,,809.0,900.0,-360.0,104.0,388.0,925.0,103.0,-339.0
123.0,,759.0,844.0,-393.0,-24.0,392.0,689.0,351.0,-95.0
178.0,,683.0,710.0,-387.0,-45.0,406.0,1071.0,616.0,147.0
221.0,,593.0,602.0,-351.0,60.0,422.0,1025.0,862.0,350.0
277.0,,499.0,529.0,-303.0,63.0,436.0,1060.0,1086.0,492.0
315.0,,406.0,434.0,-262.0,-15.0,413.0,1134.0,1280.0,555.0
326.0,,318.0,389.0,-220.0,-23.0,381.0,875.0,1411.0,571.0
327.0,,222.0,385.0,-167.0,83.0,365.0,1195.0,1501.0,607.0
312.0,,124.0,388.0,-87.0,137.0,343.0,888.0,1517.0,589.0
280.0,,39.0,416.0,7.0,16.0,333.0,1103.0,1457.0,595.0
251.0,,-85.0,452.0,94.0,-64.0,328.0,1099.0,1343.0,616.0
210.0,,-169.0,515.0,159.0,75.0,336.0,1056.0,1195.0,653.0
160.0,,-220.0,608.0,200.0,94.0,328.0,1274.0,1013.0,774.0
136.0,,-276.0,678.0,251.0,-17.0,305.0,859.0,816.0,879.0
109.0,,-303.0,758.0,313.0,-1.0,291.0,1079.0,627.0,1000.0
62.0,,-310.0,871.0,374.0,109.0,260.0,792.0,439.0,1115.0
10.0,,-330.0,894.0,428.0,190.0,239.0,838.0,287.0,1246.0
-11.0,,-334.0,820.0,452.0,98.0,199.0,912.0,153.0,1376.0
-7.0,,-305.0,710.0,434.0,2.0,205.0,679.0,36.0,1408.0
-29.0,,-313.0,539.0,378.0,52.0,218.0,903.0,-42.0,1351.0
-47.0,,-262.0,297.0,295.0,102.0,180.0,506.0,-81.0,1198.0
-50.0,,-211.0,54.0,214.0,40.0,166.0,703.0,-82.0,998.0
-44.0,,-190.0,-147.0,152.0,-27.0,173.0,554.0,-65.0,748.0
-50.0,,-142.0,-356.0,91.0,45.0,205.0,495.0,-21.0,456.0
-86.0,,-133.0,-543.0,26.0,135.0,204.0,631.0,2.0,95.0
-90.0,,-112.0,-672.0,-32.0,111.0,208.0,280.0,11.0,-294.0
-96.0,,-101.0,-745.0,-91.0,37.0,199.0,546.0,16.0,-655.0
-128.0,,-95.0,-757.0,-144.0,47.0,179.0,205.0,-25.0,-964.0
-134.0,,-80.0,-709.0,-186.0,147.0,180.0,303.0,-82.0,-1154.0
-121.0,,-78.0,-609.0,-193.0,134.0,135.0,317.0,-156.0,-1307.0
-121.0,,-56.0,-517.0,-157.0,82.0,85.0,188.0,-244.0,-1347.0
-129.0,,-50.0,-455.0,-90.0,181.0,57.0,506.0,-333.0,-1245.0
-122.0,,-59.0,-358.0,2.0,273.0,33.0,260.0,-424.0,-1041.0
-126.0,,-47.0,-252.0,83.0,219.0,-13.0,613.0,-492.0,-764.0
-136.0,,-47.0,-271.0,117.0,154.0,-35.0,423.0,-544.0,-509.0
-128.0,,-48.0,-358.0,100.0,273.0,-63.0,380.0,-591.0,-234.0
-119.0,,-27.0,-380.0,26.0,377.0,-130.0,473.0,-598.0,20.0
-129.0,,-36.0,-404.0,-92.0,258.0,-148.0,179.0,-592.0,205.0
-125.0,,-13.0,-448.0,-207.0,133.0,-184.0,511.0,-585.0,266.0
-109.0,,21.0,-439.0,-279.0,156.0,-246.0,149.0,-535.0,250.0
-117.0,,45.0,-391.0,-294.0,244.0,-288.0,203.0,-477.0,218.0
-134.0,,121.0,-343.0,-264.0,225.0,-344.0,72.0,-428.0,134.0
-154.0,,176.0,-303.0,-221.0,157.0,-379.0,-109.0,-372.0,34.0
-167.0,,228.0,-271.0,-184.0,206.0,-407.0,101.0,-316.0,-135.0
-191.0,,322.0,-235.0,-150.0,323.0,-452.0,-188.0,-285.0,-254.0
-227.0,,392.0,-179.0,-117.0,356.0,-514.0,153.0,-264.0,-255.0
-258.0,,475.0,-121.0,-84.0,273.0,-576.0,-62.0,-270.0,-232.0
-298.0,,583.0,-70.0,-43.0,287.0,-646.0,18.0,-310.0,-161.0
-320.0,,645.0,-25.0,3.0,411.0,-743.0,75.0,-352.0,-66.0
-354.0,,717.0,-42.0,49.0,406.0,-819.0,-242.0,-403.0,66.0
-381.0,,755.0,-71.0,82.0,278.0,-870.0,25.0,-452.0,218.0
-387.0,,749.0,-52.0,99.0,228.0,-911.0,-317.0,-508.0,382.0
-411.0,,759.0,-68.0,121.0,277.0,-959.0,-123.0,-561.0,476.0
-409.0,,724.0,-97.0,157.0,265.0,-1012.0,-256.0,-584.0,470.0
-395.0,,711.0,-103.0,195.0,166.0,-1033.0,-319.0,-597.0,466.0
-376.0,,700.0,-93.0,214.0,150.0,-1017.0,-97.0,-605.0,388.0
-331.0,,665.0,-51.0,201.0,243.0,-1035.0,-399.0,-599.0,299.0
-258.0,,629.0,-20.0,163.0,263.0,-1045.0,-134.0,-570.0,185.0
-166.0,,549.0,-9.0,112.0,180.0,-987.0,-480.0,-536.0,8.0
-75.0,,479.0,25.0,55.0,146.0,-971.0,-338.0,-478.0,-123.0
57.0,,407.0,76.0,0.0,196.0,-995.0,-251.0,-399.0,-255.0
211.0,,330.0,118.0,-39.0,171.0,-998.0,-393.0,-339.0,-346.0
330.0,,278.0,189.0,-69.0,70.0,-995.0,-72.0,-290.0,-368.0
426.0,,253.0,336.0,-101.0,18.0,-1017.0,-434.0,-260.0,-367.0
521.0,,223.0,503.0,-145.0,37.0,-1043.0,-201.0,-253.0,-309.0
599.0,,190.0,615.0,-200.0,35.0,-1049.0,-328.0,-272.0,-128.0
639.0,,138.0,660.0,-239.0,-75.0,-1083.0,-262.0,-300.0,57.0
663.0,,58.0,658.0,-248.0,-101.0,-1101.0,-16.0,-297.0,226.0
661.0,,13.0,613.0,-247.0,-19.0,-1064.0,-201.0,-265.0,437.0
621.0,,-38.0,513.0,-255.0,-16.0,-1061.0,109.0,-176.0,604.0
555.0,,-58.0,394.0,-256.0,-98.0,-1070.0,-253.0,-33.0,821.0
488.0,,-57.0,273.0,-235.0,-164.0,-1043.0,-60.0,151.0,1024.0
405.0,,-67.0,152.0,-199.0,-143.0,-996.0,-96.0,388.0,1184.0
286.0,,-34.0,50.0,-155.0,-101.0,-960.0,-290.0,632.0,1387.0
168.0,,-28.0,17.0,-95.0,-156.0,-930.0,-38.0,875.0,1566.0
63.0,,-8.0,25.0,-20.0,-233.0,-851.0,-334.0,1094.0,1680.0
-54.0,,48.0,21.0,60.0,-177.0,-783.0,-29.0,1283.0,1776.0
-181.0,,86.0,58.0,125.0,-129.0,-735.0,-251.0,1430.0,1813.0
-309.0,,160.0,65.0,157.0,-186.0,-660.0,-144.0,1522.0,1713.0
-427.0,,212.0,24.0,137.0,-263.0,-609.0,70.0,1577.0,1612.0
-525.0,,240.0,-10.0,58.0,-239.0,-589.0,-81.0,1606.0,1396.0
-592.0,,311.0,-123.0,-70.0,-151.0,-561.0,339.0,1600.0,1082.0
-637.0,,334.0,-265.0,-224.0,-166.0,-514.0,72.0,1552.0,792.0
-679.0,,358.0,-380.0,-351.0,-195.0,-493.0,258.0,1475.0,447.0
-697.0,,410.0,-498.0,-400.0,-110.0,-470.0,88.0,1366.0,100.0
-699.0,,421.0,-616.0,-362.0,-12.0,-426.0,-73.0,1221.0,-245.0
-677.0,,450.0,-727.0,-264.0,-14.0,-397.0,153.0,1053.0,-585.0
-669.0,,448.0,-765.0,-142.0,-45.0,-364.0,-99.0,862.0,-851.0
-652.0,,431.0,-761.0,-10.0,-4.0,-339.0,306.0,652.0,-1078.0
-614.0,,433.0,-743.0,104.0,74.0,-316.0,96.0,442.0,-1360.0
-609.0,,384.0,-671.0,174.0,55.0,-282.0,219.0,236.0,-1569.0
-596.0,,353.0,-560.0,196.0,35.0,-253.0,310.0,51.0,-1697.0
-590.0,,333.0,-425.0,208.0,98.0,-227.0,129.0,-106.0,-1748.0
-580.0,,287.0,-302.0,233.0,157.0,-214.0,432.0,-224.0,-1703.0
-564.0,,250.0,-205.0,267.0,212.0,-204.0,127.0,-306.0,-1701.0
-554.0,,214.0,-128.0,298.0,237.0,-176.0,463.0,-386.0,-1637.0
-513.0,,156.0,-40.0,302.0,320.0,-180.0,363.0,-443.0,-1463.0
-455.0,,119.0,35.0,250.0,361.0,-237.0,303.0,-494.0,-1246.0
-412.0,,82.0,55.0,148.0,319.0,-260.0,404.0,-535.0,-1028.0
-376.0,,40.0,94.0,42.0,305.0,-244.0,62.0,-550.0,-767.0
-307.0,,55.0,117.0,-26.0,319.0,-261.0,317.0,-540.0,-509.0
-223.0,,22.0,111.0,-61.0,413.0,-282.0,-35.0,-502.0,-259.0
-157.0,,18.0,109.0,-83.0,422.0,-257.0,86.0,-462.0,-22.0
-124.0,,48.0,69.0,-108.0,388.0,-222.0,51.0,-425.0,130.0
-77.0,,25.0,14.0,-133.0,418.0,-216.0,-60.0,-394.0,281.0
-12.0,,64.0,-58.0,-140.0,487.0,-215.0,206.0,-350.0,358.0
21.0,,99.0,-137.0,-113.0,532.0,-204.0,-110.0,-325.0,441.0
35.0,,105.0,-207.0,-48.0,463.0,-212.0,190.0,-323.0,535.0
58.0,,155.0,-256.0,46.0,457.0,-237.0,-60.0,-316.0,577.0
93.0,,151.0,-276.0,172.0,507.0,-230.0,-40.0,-322.0,618.0
97.0,,124.0,-297.0,313.0,497.0,-228.0,94.0,-330.0,611.0
58.0,,119.0,-321.0,430.0,408.0,-223.0,-151.0,-322.0,616.0
13.0,,42.0,-365.0,465.0,400.0,-193.0,133.0,-311.0,604.0
-17.0,,0.0,-413.0,384.0,511.0,-190.0,-218.0,-303.0,540.0
-55.0,,-29.0,-405.0,221.0,544.0,-175.0,-107.0,-296.0,478.0
-93.0,,-108.0,-366.0,38.0,520.0,-163.0,-295.0,-288.0,433.0
-122.0,,-130.0,-335.0,-98.0,522.0,-159.0,-399.0,-282.0,331.0
-130.0,,-191.0,-287.0,-175.0,621.0,-151.0,-147.0,-282.0,154.0
-116.0,,-239.0,-249.0,-199.0,663.0,-166.0,-399.0,-285.0,-100.0
-96.0,,-248.0,-245.0,-181.0,610.0,-185.0,-38.0,-277.0,-332.0
-72.0,,-279.0,-236.0,-154.0,659.0,-236.0,-238.0,-249.0,-478.0
-13.0,,-253.0,-210.0,-132.0,797.0,-264.0,-129.0,-206.0,-636.0
67.0,,-225.0,-215.0,-138.0,842.0,-266.0,-90.0,-146.0,-805.0
127.0,,-209.0,-293.0,-188.0,728.0,-288.0,-251.0,-80.0,-937.0
206.0,,-171.0,-397.0,-258.0,702.0,-339.0,68.0,-18.0,-950.0
315.0,,-143.0,-546.0,-291.0,793.0,-377.0,-177.0,24.0,-935.0
412.0,,-117.0,-696.0,-257.0,851.0,-352.0,171.0,33.0,-903.0
449.0,,-68.0,-844.0,-161.0,790.0,-372.0,72.0,6.0,-834.0
469.0,,-54.0,-1036.0,-35.0,731.0,-405.0,31.0,-41.0,-706.0
533.0,,-24.0,-1180.0,79.0,809.0,-391.0,160.0,-75.0,-459.0
587.0,,9.0,-1292.0,158.0,859.0,-387.0,-133.0,-96.0,-183.0
578.0,,-3.0,-1397.0,183.0,847.0,-392.0,190.0,-102.0,123.0
530.0,,47.0,-1429.0,169.0,837.0,-399.0,-97.0,-102.0,450.0
532.0,,64.0,-1391.0,146.0,905.0,-377.0,48.0,-129.0,799.0
535.0,,69.0,-1359.0,139.0,939.0,-336.0,20.0,-166.0,1199.0
465.0,,131.0,-1276.0,147.0,776.0,-335.0,-208.0,-197.0,1580.0
372.0,,144.0,-1134.0,150.0,690.0,-331.0,12.0,-196.0,1852.0
327.0,,173.0,-1042.0,135.0,811.0,-287.0,-308.0,-150.0,2036.0
299.0,,230.0,-944.0,98.0,858.0,-266.0,-20.0,-100.0,2153.0
214.0,,250.0,-869.0,46.0,728.0,-239.0,-181.0,-59.0,2174.0
156.0,,301.0,-892.0,-6.0,686.0,-197.0,-110.0,-18.0,2101.0
139.0,,357.0,-892.0,-30.0,801.0,-201.0,11.0,0.0,1925.0
110.0,,374.0,-903.0,-9.0,842.0,-226.0,-280.0,1.0,1709.0
62.0,,452.0,-928.0,39.0,759.0,-250.0,66.0,-13.0,1443.0
7.0,,498.0,-826.0,99.0,717.0,-257.0,-221.0,-40.0,1113.0
-13.0,,539.0,-700.0,143.0,792.0,-284.0,-14.0,-64.0,762.0
-20.0,,610.0,-591.0,157.0,840.0,-288.0,-88.0,-113.0,435.0
-44.0,,637.0,-442.0,149.0,777.0,-249.0,-238.0,-171.0,122.0
-95.0,,700.0,-232.0,104.0,716.0,-236.0,-18.0,-242.0,-203.0
-101.0,,756.0,-29.0,49.0,722.0,-222.0,-303.0,-300.0,-515.0
-80.0,,772.0,131.0,16.0,698.0,-202.0,16.0,-324.0,-808.0
-118.0,,813.0,377.0,-7.0,602.0,-142.0,-271.0,-347.0,-1070.0
-183.0,,834.0,583.0,-42.0,540.0,-95.0,-223.0,-346.0,-1294.0
-236.0,,834.0,747.0,-104.0,573.0,-105.0,-208.0,-327.0,-1415.0
-268.0,,849.0,968.0,-206.0,571.0,-114.0,-436.0,-269.0,-1495.0
-330.0,,808.0,1121.0,-327.0,489.0,-137.0,-90.0,-180.0,-1545.0
-413.0,,779.0,1200.0,-423.0,440.0,-155.0,-382.0,-101.0,-1485.0
-476.0,,719.0,1204.0,-454.0,473.0,-172.0,-68.0,0.0,-1362.0
-505.0,,615.0,1138.0,-420.0,519.0,-184.0,-129.0,89.0,-1184.0
-541.0,,563.0,1013.0,-352.0,415.0,-202.0,-120.0,159.0,-1006.0
-612.0,,440.0,834.0,-266.0,286.0,-245.0,68.0,219.0,-808.0
-675.0,,342.0,637.0,-164.0,375.0,-280.0,-236.0,242.0,-532.0
-730.0,,233.0,399.0,-52.0,465.0,-302.0,138.0,264.0,-270.0
-776.0,,72.0,172.0,50.0,330.0,-288.0,-64.0,270.0,-87.0
-845.0,,-27.0,33.0,133.0,191.0,-278.0,147.0,231.0,93.0
-930.0,,-159.0,-57.0,182.0,250.0,-273.0,151.0,174.0,261.0
-979.0,,-269.0,-139.0,192.0,370.0,-266.0,16.0,112.0,382.0
-1001.0,,-337.0,-197.0,183.0,330.0,-289.0,356.0,32.0,491.0
-1017.0,,-412.0,-238.0,160.0,238.0,-294.0,46.0,-60.0,535.0
-1043.0,,-455.0,-274.0,137.0,275.0,-275.0,371.0,-174.0,607.0
-1026.0,,-463.0,-303.0,122.0,266.0,-249.0,190.0,-296.0,747.0
-972.0,,-464.0,-356.0,128.0,152.0,-241.0,199.0,-408.0,876.0
-931.0,,-407.0,-395.0,166.0,22.0,-222.0,360.0,-520.0,1002.0
-889.0,,-336.0,-477.0,211.0,-64.0,-180.0,162.0,-588.0,1103.0
-805.0,,-277.0,-622.0,243.0,-43.0,-144.0,589.0,-608.0,1202.0
-685.0,,-162.0,-736.0,254.0,-81.0,-96.0,332.0,-607.0,1323.0
-611.0,,-84.0,-845.0,247.0,-173.0,-78.0,519.0,-565.0,1403.0
-552.0,,-16.0,-950.0,195.0,-206.0,-35.0,389.0,-483.0,1412.0
-470.0,,68.0,-1018.0,73.0,-154.0,14.0,205.0,-381.0,1410.0
-368.0,,115.0,-1044.0,-83.0,-60.0,27.0,408.0,-279.0,1377.0
-282.0,,184.0,-1066.0,-217.0,-52.0,47.0,110.0,-170.0,1264.0
-226.0,,225.0,-1061.0,-293.0,-79.0,35.0,521.0,-71.0,1112.0
-119.0,,220.0,-979.0,-326.0,-50.0,40.0,386.0,16.0,906.0
1.0,,236.0,-806.0,-342.0,-36.0,22.0,511.0,85.0,639.0
92.0,,207.0,-661.0,-344.0,-139.0,-22.0,583.0,110.0,374.0
155.0,,171.0,-548.0,-305.0,-160.0,-37.0,339.0,139.0,74.0
218.0,,151.0,-404.0,-211.0,-67.0,-98.0,626.0,168.0,-227.0
305.0,,75.0,-361.0,-87.0,-23.0,-149.0,303.0,200.0,-517.0
360.0,,27.0,-347.0,22.0,-73.0,-171.0,572.0,255.0,-799.0
397.0,,-25.0,-314.0,87.0,-144.0,-192.0,443.0,294.0,-985.0
437.0,,-100.0,-297.0,121.0,-62.0,-182.0,334.0,360.0,-1121.0
483.0,,-136.0,-290.0,145.0,-14.0,-194.0,461.0,448.0,-1273.0
514.0,,-203.0,-344.0,171.0,-62.0,-208.0,81.0,544.0,-1378.0
516.0,,-258.0,-402.0,193.0,-90.0,-218.0,308.0,658.0,-1399.0
518.0,,-270.0,-479.0,219.0,-75.0,-249.0,-40.0,752.0,-1420.0
520.0,,-301.0,-580.0,251.0,-69.0,-266.0,16.0,805.0,-1354.0
517.0,,-313.0,-654.0,274.0,-95.0,-272.0,20.0,800.0,-1229.0
488.0,,-298.0,-741.0,271.0,-62.0,-264.0,-83.0,756.0,-1128.0
469.0,,-322.0,-790.0,236.0,-24.0,-260.0,242.0,660.0,-975.0
454.0,,-309.0,-747.0,179.0,9.0,-282.0,-57.0,515.0,-804.0
406.0,,-306.0,-668.0,113.0,-25.0,-313.0,236.0,332.0,-635.0
364.0,,-320.0,-613.0,51.0,-84.0,-345.0,31.0,114.0,-466.0
320.0,,-271.0,-586.0,-14.0,-64.0,-398.0,24.0,-101.0,-312.0
280.0,,-265.0,-521.0,-87.0,-50.0,-462.0,166.0,-332.0,-164.0
252.0,,-227.0,-499.0,-147.0,-121.0,-527.0,-114.0,-566.0,17.0
234.0,,-173.0,-553.0,-161.0,-207.0,-576.0,254.0,-764.0,156.0
221.0,,-188.0,-626.0,-108.0,-214.0,-571.0,-14.0,-921.0,286.0
207.0,,-171.0,-684.0,-15.0,-217.0,-593.0,125.0,-1031.0,392.0
206.0,,-159.0,-716.0,78.0,-250.0,-604.0,59.0,-1089.0,408.0
204.0,,-161.0,-752.0,138.0,-315.0,-558.0,-88.0,-1086.0,427.0
192.0,,-143.0,-761.0,148.0,-310.0,-540.0,125.0,-1031.0,368.0
189.0,,-140.0,-817.0,119.0,-277.0,-501.0,-134.0,-950.0,236.0
175.0,,-117.0,-861.0,81.0,-329.0,-431.0,205.0,-817.0,69.0
135.0,,-96.0,-771.0,49.0,-355.0,-402.0,-51.0,-633.0,-122.0
107.0,,-107.0,-643.0,12.0,-340.0,-392.0,-12.0,-403.0,-340.0
102.0,,-94.0,-506.0,-37.0,-332.0,-352.0,38.0,-123.0,-538.0
83.0,,-86.0,-301.0,-86.0,-381.0,-330.0,-147.0,160.0,-690.0
50.0,,-77.0,-108.0,-122.0,-469.0,-336.0,249.0,428.0,-826.0
47.0,,-32.0,65.0,-144.0,-438.0,-325.0,-57.0,664.0,-918.0
64.0,,-9.0,229.0,-169.0,-393.0,-300.0,133.0,821.0,-1022.0
60.0,,13.0,259.0,-203.0,-431.0,-283.0,16.0,905.0,-1068.0
24.0,,50.0,214.0,-213.0,-445.0,-290.0,-35.0,909.0,-1085.0
0.0,,30.0,109.0,-193.0,-463.0,-299.0,203.0,841.0,-1109.0
3.0,,38.0,-93.0,-173.0,-413.0,-277.0,1.0,736.0,-1112.0
-7.0,,58.0,-327.0,-184.0,-415.0,-258.0,402.0,583.0,-1085.0
-53.0,,36.0,-619.0,-221.0,-506.0,-244.0,169.0,399.0,-998.0
-113.0,,58.0,-905.0,-260.0,-554.0,-217.0,310.0,220.0,-859.0
-177.0,,69.0,-1091.0,-274.0,-584.0,-199.0,341.0,34.0,-672.0
-247.0,,79.0,-1194.0,-222.0,-563.0,-181.0,136.0,-140.0,-434.0
-325.0,,123.0,-1240.0,-96.0,-614.0,-137.0,402.0,-283.0,-190.0
-438.0,,125.0,-1214.0,67.0,-675.0,-77.0,84.0,-410.0,-16.0
-552.0,,150.0,-1110.0,208.0,-659.0,-49.0,397.0,-508.0,153.0
-638.0,,191.0,-950.0,309.0,-657.0,-7.0,303.0,-563.0,271.0
-712.0,,195.0,-754.0,357.0,-705.0,35.0,354.0,-583.0,327.0
-776.0,,218.0,-564.0,335.0,-687.0,63.0,511.0,-561.0,344.0
-808.0,,224.0,-357.0,259.0,-631.0,107.0,175.0,-504.0,300.0
-798.0,,213.0,-111.0,169.0,-634.0,150.0,430.0,-411.0,136.0
-770.0,,223.0,53.0,97.0,-619.0,183.0,112.0,-280.0,-54.0
-730.0,,160.0,146.0,73.0,-647.0,174.0,362.0,-136.0,-231.0
-670.0,,96.0,269.0,92.0,-651.0,170.0,412.0,-4.0,-497.0
-573.0,,50.0,342.0,94.0,-658.0,153.0,258.0,100.0,-690.0
-481.0,,-44.0,352.0,61.0,-655.0,151.0,476.0,183.0,-839.0
-422.0,,-92.0,368.0,9.0,-632.0,163.0,99.0,242.0,-910.0
-357.0,,-152.0,395.0,-46.0,-663.0,146.0,352.0,264.0,-931.0
-299.0,,-206.0,442.0,-98.0,-603.0,139.0,181.0,258.0,-921.0
-239.0,,-222.0,498.0,-154.0,-515.0,130.0,312.0,240.0,-800.0
-198.0,,-272.0,575.0,-189.0,-487.0,158.0,519.0,223.0,-662.0
-160.0,,-285.0,661.0,-188.0,-480.0,170.0,336.0,203.0,-490.0
-95.0,,-275.0,771.0,-155.0,-453.0,168.0,689.0,187.0,-271.0
-51.0,,-298.0,854.0,-99.0,-421.0,160.0,426.0,181.0,-72.0
-45.0,,-281.0,869.0,-32.0,-399.0,144.0,685.0,179.0,59.0
-43.0,,-297.0,830.0,25.0,-380.0,138.0,681.0,181.0,174.0
-22.0,,-346.0,711.0,50.0,-344.0,98.0,661.0,188.0,210.0
-13.0,,-357.0,634.0,51.0,-334.0,68.0,918.0,185.0,163.0
-7.0,,-424.0,525.0,21.0,-356.0,55.0,622.0,176.0,95.0
35.0,,-488.0,332.0,-57.0,-299.0,9.0,910.0,157.0,-51.0
118.0,,-527.0,147.0,-151.0,-244.0,-58.0,702.0,125.0,-249.0
193.0,,-582.0,-67.0,-185.0,-186.0,-79.0,825.0,100.0,-429.0
253.0,,-616.0,-290.0,-127.0,-126.0,-115.0,868.0,79.0,-607.0
334.0,,-648.0,-517.0,0.0,-58.0,-158.0,676.0,46.0,-780.0
427.0,,-670.0,-739.0,141.0,-8.0,-177.0,1023.0,40.0,-911.0
524.0,,-661.0,-902.0,244.0,-33.0,-188.0,796.0,54.0,-1017.0
609.0,,-657.0,-942.0,281.0,4.0,-162.0,1141.0,63.0,-1062.0
693.0,,-641.0,-900.0,239.0,33.0,-155.0,1049.0,86.0,-1064.0
793.0,,-621.0,-870.0,138.0,50.0,-155.0,1016.0,107.0,-1049.0
903.0,,-660.0,-811.0,26.0,90.0,-160.0,1249.0,121.0,-946.0
994.0,,-703.0,-699.0,-58.0,151.0,-181.0,973.0,138.0,-809.0
1050.0,,-769.0,-600.0,-79.0,255.0,-210.0,1287.0,142.0,-710.0
1090.0,,-857.0,-498.0,-40.0,315.0,-232.0,1053.0,142.0,-630.0
1116.0,,-938.0,-408.0,22.0,358.0,-239.0,1188.0,146.0,-587.0
1129.0,,-1028.0,-361.0,78.0,375.0,-250.0,1136.0,132.0,-527.0
1141.0,,-1084.0,-291.0,119.0,383.0,-245.0,925.0,119.0,-457.0
1144.0,,-1126.0,-235.0,138.0,432.0,-238.0,1156.0,114.0,-445.0
1117.0,,-1172.0,-194.0,120.0,465.0,-213.0,824.0,112.0,-379.0
1071.0,,-1163.0,-112.0,80.0,490.0,-189.0,1091.0,104.0,-290.0
993.0,,-1137.0,44.0,34.0,554.0,-154.0,859.0,89.0,-252.0
879.0,,-1106.0,179.0,-15.0,573.0,-128.0,866.0,83.0,-165.0
757.0,,-998.0,279.0,-73.0,545.0,-112.0,971.0,95.0,-100.0
626.0,,-912.0,494.0,-114.0,535.0,-68.0,668.0,115.0,-44.0
482.0,,-794.0,640.0,-101.0,548.0,-53.0,988.0,150.0,71.0
332.0,,-645.0,675.0,-66.0,599.0,-38.0,709.0,223.0,192.0
196.0,,-539.0,714.0,-64.0,563.0,-37.0,907.0,319.0,312.0
82.0,,-387.0,748.0,-125.0,465.0,-30.0,829.0,424.0,390.0
-47.0,,-274.0,764.0,-243.0,413.0,10.0,727.0,554.0,440.0
-184.0,,-180.0,683.0,-347.0,408.0,37.0,903.0,694.0,430.0
-302.0,,-92.0,539.0,-379.0,404.0,47.0,474.0,808.0,325.0
-401.0,,-62.0,372.0,-325.0,386.0,55.0,685.0,903.0,156.0
-491.0,,-24.0,235.0,-213.0,406.0,77.0,371.0,988.0,-113.0
-573.0,,-3.0,114.0,-82.0,411.0,112.0,476.0,1054.0,-441.0
-617.0,,-12.0,-14.0,59.0,415.0,119.0,611.0,1107.0,-798.0
-632.0,,-17.0,-83.0,189.0,383.0,88.0,404.0,1128.0,-1197.0
-630.0,,-48.0,-124.0,271.0,299.0,84.0,696.0,1105.0,-1571.0
-615.0,,-78.0,-168.0,288.0,257.0,52.0,378.0,1056.0,-1874.0
-597.0,,-83.0,-203.0,271.0,186.0,-10.0,667.0,970.0,-2078.0
-578.0,,-102.0,-199.0,269.0,143.0,-48.0,582.0,855.0,-2187.0
-555.0,,-74.0,-214.0,292.0,128.0,-95.0,545.0,715.0,-2200.0
-544.0,,-37.0,-232.0,323.0,78.0,-110.0,729.0,536.0,-2149.0
-544.0,,-25.0,-231.0,334.0,102.0,-123.0,380.0,343.0,-2040.0
-539.0,,32.0,-252.0,307.0,125.0,-130.0,633.0,121.0,-1828.0
-534.0,,50.0,-221.0,249.0,142.0,-123.0,301.0,-113.0,-1611.0
-545.0,,66.0,-184.0,185.0,166.0,-110.0,352.0,-333.0,-1414.0
-562.0,,98.0,-209.0,141.0,150.0,-74.0,358.0,-531.0,-1209.0
-561.0,,94.0,-209.0,114.0,102.0,-54.0,208.0,-696.0,-1042.0
-569.0,,106.0,-151.0,91.0,47.0,-52.0,508.0,-831.0,-930.0
-576.0,,139.0,-110.0,52.0,52.0,-49.0,199.0,-921.0,-841.0
-577.0,,140.0,-69.0,-19.0,6.0,-40.0,419.0,-991.0,-810.0
-566.0,,143.0,42.0,-119.0,-50.0,-16.0,201.0,-1028.0,-827.0
-520.0,,188.0,180.0,-221.0,-56.0,21.0,136.0,-1048.0,-795.0
-456.0,,194.0,260.0,-294.0,-27.0,45.0,238.0,-1051.0,-759.0
-396.0,,232.0,342.0,-316.0,-11.0,75.0,-14.0,-1008.0,-710.0
-329.0,,260.0,461.0,-277.0,-90.0,117.0,315.0,-935.0,-656.0
-205.0,,262.0,525.0,-222.0,-121.0,190.0,60.0,-840.0,-613.0
-71.0,,290.0,524.0,-171.0,-154.0,255.0,256.0,-701.0,-530.0
49.0,,252.0,449.0,-151.0,-235.0,286.0,223.0,-502.0,-458.0
186.0,,211.0,311.0,-179.0,-233.0,370.0,68.0,-286.0,-415.0
329.0,,156.0,211.0,-187.0,-249.0,396.0,282.0,-56.0,-373.0
433.0,,67.0,128.0,-146.0,-295.0,405.0,-20.0,158.0,-339.0
496.0,,0.0,-2.0,-49.0,-341.0,455.0,280.0,345.0,-296.0
557.0,,-72.0,-124.0,90.0,-392.0,469.0,36.0,510.0,-234.0
567.0,,-164.0,-214.0,229.0,-411.0,504.0,11.0,630.0,-221.0
518.0,,-231.0,-273.0,336.0,-419.0,531.0,31.0,727.0,-221.0
443.0,,-304.0,-342.0,383.0,-371.0,535.0,-275.0,778.0,-202.0
375.0,,-380.0,-352.0,370.0,-344.0,529.0,48.0,791.0,-232.0
291.0,,-443.0,-265.0,299.0,-366.0,558.0,-234.0,773.0,-265.0
170.0,,-514.0,-216.0,189.0,-387.0,600.0,16.0,721.0,-280.0
63.0,,-540.0,-163.0,84.0,-400.0,617.0,12.0,640.0,-304.0
-30.0,,-569.0,-104.0,7.0,-362.0,621.0,-64.0,524.0,-324.0
-119.0,,-572.0,-41.0,-38.0,-363.0,601.0,125.0,407.0,-310.0
-201.0,,-543.0,42.0,-58.0,-358.0,648.0,-269.0,290.0,-305.0
-249.0,,-533.0,111.0,-69.0,-283.0,696.0,-9.0,186.0,-244.0
-232.0,,-507.0,257.0,-59.0,-237.0,697.0,-251.0,93.0,-100.0
-175.0,,-479.0,398.0,-40.0,-253.0,711.0,-153.0,12.0,6.0
-102.0,,-455.0,461.0,-60.0,-215.0,726.0,-77.0,-48.0,151.0
-25.0,,-410.0,537.0,-131.0,-162.0,755.0,-332.0,-120.0,332.0
64.0,,-377.0,577.0,-219.0,-152.0,783.0,-94.0,-207.0,488.0
157.0,,-364.0,595.0,-268.0,-118.0,811.0,-500.0,-308.0,674.0
246.0,,-336.0,571.0,-240.0,-104.0,829.0,-295.0,-404.0,859.0
324.0,,-348.0,522.0,-155.0,-81.0,854.0,-408.0,-498.0,987.0
376.0,,-374.0,533.0,-80.0,-52.0,854.0,-434.0,-569.0,1093.0
439.0,,-387.0,514.0,-61.0,-58.0,824.0,-175.0,-605.0,1216.0
479.0,,-427.0,521.0,-109.0,-77.0,835.0,-397.0,-619.0,1284.0
475.0,,-465.0,558.0,-197.0,-76.0,820.0,-48.0,-608.0,1332.0
442.0,,-503.0,539.0,-279.0,-42.0,765.0,-356.0,-568.0,1381.0
389.0,,-548.0,522.0,-349.0,-24.0,749.0,-328.0,-498.0,1408.0
357.0,,-558.0,519.0,-409.0,-71.0,752.0,-467.0,-420.0,1495.0
294.0,,-572.0,481.0,-434.0,-98.0,740.0,-776.0,-315.0,1562.0
222.0,,-579.0,381.0,-396.0,-39.0,735.0,-543.0,-190.0,1547.0
172.0,,-535.0,272.0,-297.0,0.0,735.0,-835.0,-81.0,1541.0
154.0,,-529.0,191.0,-168.0,21.0,742.0,-447.0,47.0,1516.0
149.0,,-482.0,106.0,-22.0,7.0,732.0,-539.0,190.0,1453.0
105.0,,-431.0,52.0,121.0,-22.0,745.0,-589.0,320.0,1390.0
95.0,,-412.0,22.0,238.0,-28.0,813.0,-508.0,427.0,1268.0
137.0,,-338.0,-6.0,309.0,-46.0,839.0,-890.0,505.0,1069.0
182.0,,-315.0,-45.0,329.0,-46.0,857.0,-646.0,553.0,878.0
197.0,,-270.0,-62.0,302.0,-42.0,866.0,-868.0,551.0,651.0
204.0,,-198.0,-11.0,232.0,-95.0,880.0,-607.0,511.0,384.0
246.0,,-177.0,31.0,141.0,-114.0,925.0,-665.0,457.0,142.0
284.0,,-117.0,100.0,42.0,-108.0,936.0,-888.0,386.0,-160.0
317.0,,-62.0,116.0,-52.0,-160.0,899.0,-715.0,302.0,-437.0
347.0,,-46.0,63.0,-119.0,-154.0,863.0,-1071.0,224.0,-668.0
364.0,,-1.0,50.0,-146.0,-140.0,853.0,-705.0,143.0,-914.0
396.0,,8.0,62.0,-130.0,-146.0,824.0,-844.0,61.0,-1107.0
408.0,,-14.0,149.0,-83.0,-143.0,818.0,-790.0,-22.0,-1216.0
385.0,,-11.0,221.0,-32.0,-203.0,805.0,-668.0,-113.0,-1258.0
357.0,,-44.0,237.0,-3.0,-260.0,761.0,-949.0,-185.0,-1276.0
337.0,,-65.0,294.0,7.0,-263.0,730.0,-650.0,-246.0,-1221.0
308.0,,-80.0,328.0,16.0,-222.0,705.0,-940.0,-282.0,-1162.0
273.0,,-113.0,306.0,15.0,-246.0,680.0,-731.0,-277.0,-1021.0
267.0,,-113.0,235.0,-19.0,-313.0,646.0,-781.0,-249.0,-795.0
275.0,,-128.0,96.0,-67.0,-327.0,618.0,-873.0,-200.0,-604.0
288.0,,-147.0,-70.0,-97.0,-287.0,578.0,-670.0,-144.0,-334.0
301.0,,-156.0,-255.0,-111.0,-265.0,551.0,-988.0,-84.0,-106.0
283.0,,-164.0,-405.0,-112.0,-283.0,517.0,-665.0,-2.0,74.0
240.0,,-162.0,-522.0,-81.0,-284.0,478.0,-888.0,83.0,246.0
202.0,,-173.0,-605.0,-27.0,-304.0,443.0,-824.0,175.0,318.0
150.0,,-198.0,-626.0,12.0,-295.0,417.0,-766.0,263.0,334.0
86.0,,-216.0,-602.0,10.0,-321.0,385.0,-979.0,316.0,292.0
50.0,,-238.0,-458.0,-18.0,-406.0,297.0,-652.0,335.0,172.0
11.0,,-290.0,-301.0,-57.0,-417.0,276.0,-923.0,327.0,33.0
-30.0,,-314.0,-193.0,-120.0,-379.0,287.0,-657.0,298.0,-82.0
-74.0,,-373.0,-48.0,-201.0,-362.0,247.0,-735.0,247.0,-247.0
-130.0,,-402.0,43.0,-269.0,-358.0,219.0,-685.0,167.0,-384.0
-200.0,,-386.0,111.0,-287.0,-353.0,207.0,-393.0,51.0,-491.0
-280.0,,-423.0,186.0,-255.0,-379.0,225.0,-626.0,-63.0,-560.0
-337.0,,-389.0,254.0,-215.0,-390.0,237.0,-256.0,-173.0,-521.0
-376.0,,-379.0,299.0,-186.0,-417.0,242.0,-508.0,-296.0,-473.0
-394.0,,-377.0,238.0,-163.0,-465.0,269.0,-419.0,-412.0,-407.0
-408.0,,-325.0,206.0,-111.0,-493.0,290.0,-456.0,-521.0,-306.0
-409.0,,-291.0,210.0,-21.0,-531.0,288.0,-633.0,-597.0,-204.0
-390.0,,-230.0,145.0,76.0,-488.0,242.0,-304.0,-649.0,-120.0
-396.0,,-156.0,63.0,155.0,-494.0,204.0,-572.0,-689.0,-24.0
-413.0,,-101.0,-62.0,204.0,-548.0,190.0,-325.0,-722.0,45.0
-421.0,,-50.0,-173.0,228.0,-515.0,157.0,-591.0,-750.0,92.0
-415.0,,24.0,-256.0,228.0,-527.0,134.0,-635.0,-779.0,150.0
-424.0,,49.0,-352.0,205.0,-502.0,108.0,-489.0,-813.0,174.0
-430.0,,86.0,-414.0,129.0,-475.0,57.0,-687.0,-827.0,227.0
-413.0,,116.0,-467.0,-3.0,-469.0,28.0,-291.0,-846.0,305.0
-403.0,,128.0,-499.0,-151.0,-408.0,3.0,-583.0,-830.0,388.0
-407.0,,174.0,-501.0,-261.0,-392.0,-35.0,-423.0,-780.0,532.0
-413.0,,153.0,-509.0,-294.0,-389.0,-61.0,-498.0,-723.0,716.0
-388.0,,178.0,-529.0,-245.0,-427.0,-95.0,-652.0,-627.0,922.0
-336.0,,206.0,-523.0,-140.0,-415.0,-137.0,-443.0,-528.0,1156.0
-310.0,,198.0,-473.0,-19.0,-333.0,-178.0,-755.0,-425.0,1362.0
-288.0,,232.0,-415.0,89.0,-334.0,-219.0,-469.0,-314.0,1530.0
-224.0,,227.0,-352.0,183.0,-342.0,-233.0,-715.0,-213.0,1657.0
-144.0,,262.0,-269.0,259.0,-315.0,-238.0,-613.0,-115.0,1687.0
-92.0,,299.0,-163.0,317.0,-289.0,-253.0,-569.0,-7.0,1664.0
-98.0,,309.0,-65.0,358.0,-261.0,-260.0,-838.0,91.0,1588.0
-88.0,,338.0,-34.0,379.0,-211.0,-252.0,-539.0,173.0,1436.0
-69.0,,340.0,-22.0,353.0,-183.0,-238.0,-835.0,268.0,1309.0
-96.0,,343.0,-18.0,257.0,-179.0,-236.0,-498.0,343.0,1128.0
-148.0,,321.0,-34.0,125.0,-106.0,-218.0,-528.0,349.0,854.0
-209.0,,297.0,11.0,8.0,-113.0,-201.0,-548.0,319.0,581.0
-230.0,,256.0,14.0,-53.0,-177.0,-208.0,-328.0,273.0,299.0
-260.0,,203.0,-31.0,-44.0,-175.0,-218.0,-631.0,204.0,-9.0
-315.0,,130.0,-24.0,3.0,-187.0,-239.0,-332.0,149.0,-351.0
-341.0,,56.0,20.0,45.0,-158.0,-272.0,-585.0,113.0,-683.0
-332.0,,-1.0,77.0,61.0,-168.0,-305.0,-454.0,83.0,-1013.0
-329.0,,-106.0,123.0,59.0,-194.0,-318.0,-467.0,58.0,-1286.0
-354.0,,-171.0,183.0,65.0,-169.0,-326.0,-729.0,29.0,-1496.0
-373.0,,-228.0,203.0,93.0,-135.0,-334.0,-522.0,-5.0,-1650.0
-367.0,,-278.0,197.0,125.0,-108.0,-335.0,-881.0,-35.0,-1670.0
-352.0,,-287.0,211.0,166.0,-126.0,-317.0,-591.0,-48.0,-1570.0
-342.0,,-284.0,186.0,230.0,-94.0,-291.0,-642.0,-45.0,-1378.0
-310.0,,-255.0,119.0,300.0,-69.0,-299.0,-572.0,-14.0,-1128.0
-263.0,,-187.0,96.0,321.0,-94.0,-302.0,-354.0,26.0,-802.0
-213.0,,-124.0,117.0,248.0,-131.0,-283.0,-604.0,72.0,-465.0
-171.0,,-57.0,117.0,115.0,-161.0,-248.0,-312.0,106.0,-112.0
-122.0,,52.0,140.0,-20.0,-180.0,-215.0,-615.0,111.0,248.0
-54.0,,113.0,210.0,-119.0,-227.0,-229.0,-487.0,85.0,561.0
20.0,,215.0,280.0,-178.0,-182.0,-241.0,-532.0,40.0,826.0
68.0,,285.0,290.0,-232.0,-104.0,-230.0,-709.0,-9.0,1041.0
82.0,,311.0,318.0,-287.0,-73.0,-200.0,-474.0,-80.0,1249.0
106.0,,398.0,359.0,-337.0,-74.0,-171.0,-820.0,-150.0,1410.0
129.0,,407.0,318.0,-376.0,-98.0,-155.0,-567.0,-214.0,1527.0
125.0,,428.0,256.0,-377.0,-87.0,-115.0,-805.0,-280.0,1589.0
91.0,,431.0,138.0,-322.0,-81.0,-90.0,-838.0,-356.0,1600.0
67.0,,387.0,-41.0,-203.0,-31.0,-47.0,-700.0,-428.0,1579.0
61.0,,368.0,-197.0,-38.0,-12.0,-10.0,-872.0,-485.0,1514.0
48.0,,290.0,-335.0,131.0,-43.0,3.0,-460.0,-533.0,1399.0
17.0,,208.0,-443.0,272.0,-29.0,41.0,-715.0,-543.0,1232.0
28.0,,133.0,-494.0,364.0,-29.0,59.0,-476.0,-525.0,1041.0
75.0,,-8.0,-513.0,397.0,8.0,57.0,-526.0,-486.0,856.0
69.0,,-137.0,-528.0,379.0,39.0,45.0,-678.0,-433.0,702.0
66.0,,-250.0,-538.0,328.0,21.0,57.0,-460.0,-381.0,531.0
94.0,,-396.0,-488.0,252.0,2.0,70.0,-818.0,-318.0,354.0
135.0,,-493.0,-418.0,160.0,-48.0,67.0,-526.0,-242.0,173.0
125.0,,-609.0,-404.0,61.0,-25.0,90.0,-750.0,-166.0,54.0
81.0,,-701.0,-398.0,-6.0,31.0,149.0,-663.0,-91.0,0.0
107.0,,-749.0,-408.0,-28.0,27.0,178.0,-522.0,-21.0,-28.0
116.0,,-800.0,-443.0,-19.0,-7.0,174.0,-748.0,40.0,17.0
57.0,,-782.0,-429.0,6.0,-18.0,191.0,-443.0,93.0,70.0
-5.0,,-770.0,-359.0,1.0,-50.0,194.0,-729.0,127.0,111.0
-7.0,,-725.0,-295.0,-41.0,-111.0,201.0,-408.0,159.0,192.0
14.0,,-657.0,-245.0,-82.0,-41.0,171.0,-388.0,161.0,287.0
7.0,,-597.0,-241.0,-113.0,-22.0,114.0,-388.0,141.0,358.0
1.0,,-498.0,-235.0,-122.0,-87.0,73.0,-151.0,98.0,451.0
48.0,,-405.0,-240.0,-97.0,-139.0,54.0,-445.0,25.0,542.0
143.0,,-292.0,-349.0,-29.0,-157.0,34.0,-110.0,-29.0,654.0
185.0,,-189.0,-424.0,74.0,-86.0,-22.0,-325.0,-102.0,797.0
180.0,,-81.0,-474.0,172.0,-92.0,-47.0,-169.0,-181.0,922.0
219.0,,24.0,-537.0,235.0,-102.0,-44.0,-105.0,-234.0,1039.0
301.0,,115.0,-591.0,239.0,-111.0,-21.0,-341.0,-284.0,1115.0
351.0,,185.0,-678.0,168.0,-143.0,-42.0,-151.0,-343.0,1164.0
349.0,,244.0,-746.0,50.0,-188.0,-67.0,-508.0,-379.0,1186.0
358.0,,306.0,-796.0,-65.0,-263.0,-38.0,-206.0,-394.0,1159.0
407.0,,330.0,-814.0,-142.0,-315.0,-33.0,-314.0,-401.0,1125.0
423.0,,366.0,-819.0,-170.0,-347.0,-38.0,-284.0,-380.0,1095.0
382.0,,356.0,-817.0,-149.0,-285.0,-31.0,-109.0,-342.0,1038.0
333.0,,331.0,-790.0,-86.0,-314.0,-41.0,-436.0,-301.0,970.0
296.0,,333.0,-733.0,-19.0,-409.0,-52.0,-166.0,-264.0,905.0
249.0,,281.0,-618.0,23.0,-396.0,-54.0,-482.0,-216.0,840.0
155.0,,233.0,-494.0,58.0,-376.0,-109.0,-352.0,-165.0,812.0
36.0,,203.0,-342.0,82.0,-353.0,-157.0,-382.0,-109.0,798.0
-60.0,,168.0,-173.0,90.0,-379.0,-186.0,-443.0,-34.0,822.0
-147.0,,131.0,-65.0,95.0,-378.0,-227.0,-129.0,69.0,902.0
-254.0,,125.0,6.0,100.0,-371.0,-249.0,-474.0,183.0,998.0
-363.0,,137.0,31.0,109.0,-465.0,-289.0,-249.0,295.0,1097.0
-447.0,,164.0,-41.0,114.0,-502.0,-330.0,-582.0,412.0,1180.0
-517.0,,185.0,-128.0,96.0,-475.0,-357.0,-600.0,511.0,1230.0
-597.0,,215.0,-216.0,28.0,-442.0,-370.0,-498.0,604.0,1258.0
-671.0,,272.0,-356.0,-96.0,-423.0,-362.0,-752.0,692.0,1289.0
-705.0,,291.0,-520.0,-244.0,-409.0,-364.0,-402.0,769.0,1306.0
-722.0,,348.0,-733.0,-379.0,-369.0,-349.0,-716.0,832.0,1283.0
-766.0,,388.0,-920.0,-469.0,-324.0,-316.0,-539.0,861.0,1206.0
-818.0,,423.0,-1046.0,-487.0,-333.0,-305.0,-691.0,861.0,1047.0
-813.0,,480.0,-1175.0,-431.0,-353.0,-313.0,-848.0,824.0,808.0
-795.0,,496.0,-1286.0,-328.0,-348.0,-317.0,-628.0,760.0,539.0
-811.0,,515.0,-1344.0,-219.0,-359.0,-325.0,-875.0,687.0,261.0
-818.0,,514.0,-1296.0,-113.0,-346.0,-336.0,-485.0,575.0,-39.0
-804.0,,523.0,-1204.0,2.0,-389.0,-359.0,-659.0,420.0,-314.0
-788.0,,520.0,-1083.0,132.0,-426.0,-421.0,-426.0,254.0,-546.0
-793.0,,540.0,-888.0,256.0,-380.0,-494.0,-260.0,71.0,-684.0
-794.0,,538.0,-703.0,323.0,-387.0,-553.0,-408.0,-122.0,-736.0
-760.0,,553.0,-557.0,310.0,-404.0,-612.0,-92.0,-316.0,-744.0
-703.0,,602.0,-384.0,236.0,-333.0,-652.0,-447.0,-502.0,-667.0
-673.0,,581.0,-218.0,137.0,-252.0,-690.0,-240.0,-653.0,-548.0
-685.0,,637.0,-104.0,57.0,-237.0,-760.0,-352.0,-782.0,-362.0
-675.0,,640.0,6.0,20.0,-228.0,-771.0,-297.0,-891.0,-124.0
-634.0,,631.0,27.0,28.0,-188.0,-744.0,-70.0,-975.0,127.0
-623.0,,651.0,-27.0,52.0,-131.0,-748.0,-286.0,-1023.0,400.0
-662.0,,623.0,-70.0,56.0,-106.0,-736.0,99.0,-1038.0,676.0
-676.0,,622.0,-159.0,19.0,-113.0,-703.0,-140.0,-1038.0,946.0
-642.0,,574.0,-273.0,-42.0,-121.0,-688.0,77.0,-1006.0,1162.0
-617.0,,535.0,-380.0,-97.0,-100.0,-688.0,86.0,-939.0,1324.0
-611.0,,488.0,-475.0,-129.0,-73.0,-657.0,-5.0,-827.0,1377.0
-574.0,,419.0,-522.0,-119.0,-77.0,-638.0,380.0,-700.0,1336.0
-478.0,,362.0,-560.0,-77.0,-49.0,-627.0,129.0,-552.0,1214.0
-409.0,,315.0,-609.0,-11.0,-10.0,-591.0,441.0,-378.0,1017.0
-359.0,,233.0,-623.0,70.0,-10.0,-551.0,286.0,-216.0,797.0
-270.0,,147.0,-608.0,146.0,-39.0,-489.0,354.0,-58.0,516.0
-156.0,,77.0,-567.0,211.0,-53.0,-453.0,460.0,62.0,262.0
-57.0,,-62.0,-539.0,234.0,-20.0,-438.0,171.0,152.0,36.0
-27.0,,-145.0,-487.0,216.0,8.0,-383.0,413.0,220.0,-196.0
-10.0,,-249.0,-359.0,185.0,11.0,-347.0,73.0,249.0,-385.0
57.0,,-383.0,-277.0,157.0,0.0,-324.0,288.0,242.0,-536.0
124.0,,-439.0,-204.0,138.0,47.0,-289.0,243.0,213.0,-658.0
138.0,,-551.0,-120.0,113.0,104.0,-278.0,203.0,190.0,-726.0
163.0,,-604.0,-98.0,68.0,103.0,-278.0,456.0,160.0,-680.0
216.0,,-631.0,-56.0,-13.0,91.0,-278.0,171.0,123.0,-588.0
267.0,,-696.0,-34.0,-134.0,98.0,-266.0,436.0,86.0,-434.0
289.0,,-691.0,-38.0,-279.0,126.0,-237.0,142.0,64.0,-210.0
287.0,,-723.0,13.0,-406.0,106.0,-232.0,201.0,51.0,12.0
317.0,,-744.0,26.0,-481.0,78.0,-213.0,242.0,42.0,254.0
345.0,,-721.0,16.0,-486.0,125.0,-158.0,25.0,48.0,459.0
349.0,,-718.0,27.0,-412.0,165.0,-127.0,266.0,62.0,641.0
321.0,,-676.0,-2.0,-270.0,130.0,-116.0,-86.0,88.0,787.0
306.0,,-638.0,-48.0,-102.0,101.0,-119.0,144.0,116.0,864.0
332.0,,-575.0,-98.0,34.0,113.0,-129.0,-70.0,156.0,905.0
307.0,,-474.0,-223.0,125.0,116.0,-124.0,-206.0,177.0,915.0
267.0,,-395.0,-348.0,170.0,90.0,-155.0,-29.0,171.0,840.0
280.0,,-284.0,-418.0,180.0,55.0,-221.0,-249.0,167.0,709.0
306.0,,-176.0,-568.0,165.0,36.0,-257.0,179.0,148.0,583.0
300.0,,-76.0,-717.0,132.0,14.0,-272.0,11.0,119.0,394.0
254.0,,52.0,-791.0,98.0,0.0,-291.0,188.0,65.0,200.0
240.0,,157.0,-843.0,55.0,-26.0,-300.0,136.0,-15.0,53.0
241.0,,240.0,-876.0,6.0,-38.0,-290.0,-62.0,-99.0,-66.0
205.0,,340.0,-844.0,-36.0,-6.0,-259.0,216.0,-180.0,-160.0
174.0,,411.0,-749.0,-62.0,-12.0,-241.0,-70.0,-255.0,-224.0
161.0,,462.0,-653.0,-46.0,-83.0,-243.0,254.0,-318.0,-250.0
184.0,,540.0,-545.0,7.0,-141.0,-229.0,70.0,-354.0,-261.0
201.0,,579.0,-474.0,84.0,-104.0,-208.0,88.0,-377.0,-242.0
198.0,,615.0,-434.0,167.0,-105.0,-211.0,138.0,-392.0,-205.0
234.0,,671.0,-446.0,241.0,-163.0,-195.0,-247.0,-378.0,-141.0
288.0,,668.0,-494.0,305.0,-125.0,-168.0,-7.0,-340.0,-67.0
330.0,,703.0,-546.0,361.0,-84.0,-154.0,-321.0,-294.0,17.0
323.0,,729.0,-624.0,405.0,-109.0,-131.0,-84.0,-232.0,116.0
308.0,,705.0,-692.0,432.0,-150.0,-107.0,-84.0,-158.0,210.0
337.0,,725.0,-747.0,441.0,-125.0,-58.0,-120.0,-94.0,299.0
359.0,,699.0,-771.0,438.0,-68.0,-24.0,127.0,-38.0,366.0
324.0,,682.0,-795.0,426.0,-99.0,-15.0,-197.0,0.0,415.0
289.0,,651.0,-844.0,395.0,-91.0,-6.0,97.0,33.0,421.0
314.0,,575.0,-873.0,337.0,-25.0,-15.0,-186.0,80.0,468.0
325.0,,521.0,-875.0,254.0,8.0,-14.0,-166.0,121.0,497.0
280.0,,404.0,-897.0,150.0,0.0,-33.0,-120.0,165.0,427.0
234.0,,282.0,-913.0,46.0,-33.0,-44.0,-369.0,209.0,359.0
234.0,,166.0,-918.0,-36.0,-2.0,-47.0,-57.0,241.0,267.0
214.0,,28.0,-955.0,-89.0,87.0,-35.0,-338.0,284.0,194.0
166.0,,-81.0,-979.0,-114.0,139.0,-1.0,-88.0,309.0,132.0
143.0,,-171.0,-975.0,-135.0,73.0,4.0,-181.0,332.0,16.0
163.0,,-258.0,-942.0,-150.0,66.0,22.0,-216.0,370.0,-89.0
196.0,,-296.0,-882.0,-136.0,175.0,31.0,-12.0,396.0,-192.0
184.0,,-312.0,-779.0,-87.0,254.0,40.0,-295.0,411.0,-306.0
172.0,,-345.0,-668.0,-8.0,266.0,39.0,99.0,406.0,-414.0
196.0,,-292.0,-546.0,71.0,206.0,17.0,-125.0,394.0,-527.0
231.0,,-267.0,-408.0,143.0,262.0,0.0,0.0,378.0,-675.0
213.0,,-236.0,-297.0,206.0,381.0,-44.0,33.0,339.0,-782.0
163.0,,-163.0,-214.0,257.0,346.0,-105.0,-181.0,280.0,-847.0
156.0,,-156.0,-178.0,284.0,306.0,-177.0,55.0,224.0,-946.0
157.0,,-107.0,-138.0,266.0,348.0,-230.0,-288.0,148.0,-984.0
127.0,,-62.0,-117.0,195.0,368.0,-236.0,-31.0,37.0,-952.0
53.0,,-53.0,-124.0,68.0,373.0,-234.0,-186.0,-62.0,-916.0
-6.0,,-9.0,-143.0,-93.0,358.0,-222.0,-168.0,-172.0,-841.0
-38.0,,17.0,-214.0,-260.0,356.0,-162.0,-24.0,-266.0,-730.0
-108.0,,39.0,-322.0,-399.0,415.0,-115.0,-277.0,-320.0,-642.0
-215.0,,112.0,-448.0,-485.0,430.0,-91.0,94.0,-362.0,-534.0
-314.0,,155.0,-591.0,-505.0,381.0,-79.0,-157.0,-361.0,-384.0
-373.0,,201.0,-712.0,-456.0,380.0,-61.0,72.0,-313.0,-277.0
-440.0,,280.0,-844.0,-370.0,407.0,-19.0,99.0,-234.0,-150.0
-523.0,,312.0,-948.0,-267.0,369.0,2.0,-5.0,-123.0,-70.0
-581.0,,366.0,-934.0,-163.0,319.0,6.0,260.0,0.0,-14.0
-599.0,,410.0,-950.0,-66.0,344.0,18.0,-22.0,106.0,130.0
-582.0,,419.0,-950.0,10.0,445.0,81.0,295.0,199.0,192.0
-581.0,,439.0,-883.0,46.0,531.0,104.0,88.0,262.0,243.0
-578.0,,426.0,-837.0,38.0,509.0,125.0,123.0,288.0,329.0
-528.0,,415.0,-742.0,-11.0,487.0,210.0,194.0,304.0,375.0
-479.0,,409.0,-681.0,-74.0,532.0,260.0,-25.0,285.0,387.0
-472.0,,367.0,-624.0,-118.0,521.0,260.0,345.0,235.0,398.0
-475.0,,313.0,-514.0,-132.0,521.0,241.0,49.0,184.0,354.0
-444.0,,219.0,-444.0,-127.0,502.0,249.0,267.0,145.0,261.0
-431.0,,116.0,-392.0,-109.0,451.0,227.0,219.0,117.0,211.0
-466.0,,20.0,-335.0,-73.0,476.0,179.0,203.0,77.0,124.0
-496.0,,-118.0,-278.0,-33.0,419.0,159.0,484.0,22.0,65.0
-481.0,,-228.0,-227.0,-8.0,383.0,145.0,230.0,-32.0,14.0
-452.0,,-326.0,-196.0,10.0,435.0,135.0,561.0,-74.0,7.0
-453.0,,-430.0,-186.0,35.0,450.0,140.0,363.0,-121.0,38.0
-426.0,,-478.0,-189.0,59.0,453.0,159.0,550.0,-152.0,53.0
-349.0,,-522.0,-208.0,81.0,409.0,165.0,642.0,-164.0,93.0
-261.0,,-537.0,-234.0,128.0,377.0,173.0,454.0,-171.0,104.0
-186.0,,-527.0,-262.0,219.0,379.0,189.0,755.0,-167.0,153.0
-116.0,,-519.0,-307.0,324.0,380.0,207.0,450.0,-165.0,182.0
-26.0,,-469.0,-349.0,402.0,361.0,222.0,679.0,-146.0,211.0
75.0,,-412.0,-342.0,435.0,384.0,216.0,552.0,-131.0,221.0
153.0,,-356.0,-304.0,418.0,411.0,213.0,543.0,-123.0,198.0
220.0,,-274.0,-259.0,369.0,364.0,223.0,729.0,-121.0,160.0
315.0,,-190.0,-164.0,309.0,352.0,216.0,476.0,-108.0,55.0
404.0,,-92.0,-65.0,241.0,358.0,183.0,801.0,-71.0,-5.0
481.0,,38.0,-27.0,158.0,408.0,165.0,561.0,-5.0,-98.0
518.0,,125.0,-57.0,62.0,419.0,178.0,702.0,87.0,-215.0
571.0,,216.0,-138.0,-20.0,364.0,191.0,696.0,181.0,-327.0
659.0,,333.0,-230.0,-65.0,393.0,173.0,532.0,282.0,-464.0
694.0,,399.0,-320.0,-65.0,360.0,156.0,755.0,377.0,-531.0
706.0,,482.0,-404.0,-53.0,277.0,172.0,400.0,480.0,-549.0
724.0,,535.0,-496.0,-61.0,193.0,169.0,606.0,592.0,-523.0
750.0,,576.0,-564.0,-86.0,141.0,160.0,354.0,687.0,-438.0
728.0,,646.0,-627.0,-116.0,182.0,183.0,360.0,762.0,-311.0
672.0,,651.0,-695.0,-141.0,105.0,169.0,526.0,807.0,-160.0
631.0,,670.0,-713.0,-152.0,50.0,116.0,267.0,834.0,-1.0
613.0,,686.0,-734.0,-152.0,114.0,96.0,519.0,840.0,91.0
572.0,,652.0,-764.0,-141.0,143.0,100.0,129.0,800.0,68.0
496.0,,629.0,-773.0,-126.0,117.0,121.0,214.0,726.0,-4.0
471.0,,562.0,-762.0,-109.0,50.0,138.0,90.0,625.0,-123.0
480.0,,472.0,-708.0,-91.0,62.0,149.0,-59.0,494.0,-278.0
477.0,,380.0,-660.0,-82.0,87.0,194.0,184.0,362.0,-421.0
437.0,,240.0,-632.0,-79.0,56.0,222.0,-120.0,222.0,-563.0
427.0,,120.0,-582.0,-66.0,21.0,207.0,171.0,85.0,-666.0
452.0,,0.0,-542.0,-16.0,63.0,194.0,-48.0,-46.0,-658.0
448.0,,-128.0,-533.0,71.0,131.0,192.0,9.0,-201.0,-623.0
422.0,,-224.0,-527.0,151.0,55.0,186.0,101.0,-365.0,-590.0
402.0,,-333.0,-515.0,187.0,-39.0,166.0,-84.0,-503.0,-504.0
416.0,,-402.0,-497.0,177.0,-62.0,130.0,260.0,-600.0,-436.0
420.0,,-427.0,-443.0,160.0,17.0,108.0,9.0,-664.0,-375.0
417.0,,-458.0,-376.0,153.0,104.0,109.0,262.0,-673.0,-358.0
405.0,,-436.0,-323.0,151.0,50.0,107.0,147.0,-627.0,-401.0
405.0,,-377.0,-266.0,142.0,0.0,110.0,123.0,-542.0,-455.0
414.0,,-329.0,-185.0,133.0,27.0,118.0,375.0,-437.0,-526.0
375.0,,-226.0,-55.0,146.0,44.0,138.0,75.0,-331.0,-627.0
306.0,,-147.0,104.0,168.0,-3.0,171.0,380.0,-223.0,-733.0
239.0,,-90.0,245.0,178.0,-16.0,197.0,110.0,-125.0,-808.0
205.0,,17.0,301.0,164.0,43.0,206.0,253.0,-47.0,-890.0
153.0,,61.0,330.0,127.0,63.0,180.0,369.0,21.0,-906.0
62.0,,130.0,367.0,70.0,1.0,174.0,197.0,86.0,-920.0
-2.0,,235.0,349.0,-22.0,-16.0,180.0,445.0,148.0,-890.0
-22.0,,280.0,311.0,-126.0,84.0,154.0,129.0,214.0,-761.0
-77.0,,351.0,255.0,-215.0,106.0,144.0,391.0,250.0,-651.0
-149.0,,434.0,145.0,-286.0,22.0,132.0,216.0,262.0,-530.0
-159.0,,473.0,-14.0,-317.0,5.0,92.0,192.0,247.0,-403.0
-156.0,,541.0,-184.0,-311.0,102.0,83.0,327.0,184.0,-247.0
-189.0,,595.0,-328.0,-290.0,221.0,94.0,49.0,98.0,-131.0
-253.0,,615.0,-452.0,-278.0,191.0,92.0,404.0,-4.0,-41.0
-258.0,,666.0,-574.0,-299.0,112.0,107.0,116.0,-125.0,42.0
-195.0,,667.0,-663.0,-325.0,158.0,107.0,254.0,-246.0,92.0
-157.0,,664.0,-711.0,-315.0,220.0,74.0,223.0,-351.0,149.0
-139.0,,656.0,-726.0,-258.0,200.0,45.0,62.0,-438.0,193.0
-67.0,,613.0,-706.0,-169.0,132.0,24.0,284.0,-507.0,250.0
32.0,,587.0,-675.0,-90.0,197.0,18.0,-53.0,-551.0,302.0
90.0,,515.0,-647.0,-60.0,312.0,35.0,247.0,-563.0,344.0
128.0,,454.0,-640.0,-79.0,267.0,74.0,42.0,-556.0,378.0
180.0,,407.0,-652.0,-108.0,265.0,71.0,103.0,-534.0,395.0
232.0,,310.0,-660.0,-122.0,332.0,65.0,310.0,-494.0,383.0
235.0,,247.0,-628.0,-123.0,355.0,99.0,105.0,-440.0,370.0
203.0,,176.0,-588.0,-118.0,335.0,101.0,410.0,-365.0,362.0
186.0,,74.0,-643.0,-97.0,294.0,97.0,88.0,-300.0,363.0
194.0,,9.0,-766.0,-43.0,295.0,100.0,273.0,-242.0,416.0
188.0,,-58.0,-840.0,34.0,321.0,95.0,203.0,-190.0,507.0
149.0,,-130.0,-887.0,107.0,323.0,93.0,96.0,-157.0,596.0
119.0,,-169.0,-920.0,159.0,327.0,67.0,351.0,-144.0,669.0
107.0,,-213.0,-918.0,194.0,402.0,52.0,75.0,-134.0,710.0
83.0,,-261.0,-905.0,222.0,484.0,49.0,369.0,-120.0,639.0
10.0,,-288.0,-871.0,239.0,482.0,27.0,86.0,-124.0,522.0
-47.0,,-306.0,-799.0,241.0,454.0,38.0,118.0,-122.0,381.0
-44.0,,-306.0,-666.0,217.0,509.0,63.0,182.0,-104.0,187.0
-38.0,,-319.0,-514.0,156.0,605.0,46.0,-20.0,-80.0,0.0
-60.0,,-310.0,-373.0,59.0,577.0,33.0,291.0,-32.0,-177.0
-63.0,,-258.0,-193.0,-49.0,521.0,37.0,-11.0,70.0,-349.0
11.0,,-230.0,-37.0,-131.0,607.0,32.0,266.0,204.0,-447.0
89.0,,-186.0,8.0,-175.0,703.0,24.0,169.0,345.0,-453.0
115.0,,-116.0,41.0,-176.0,704.0,3.0,88.0,485.0,-446.0
131.0,,-36.0,73.0,-130.0,667.0,-16.0,240.0,584.0,-402.0
169.0,,38.0,13.0,-61.0,673.0,-20.0,-94.0,645.0,-344.0
228.0,,117.0,-55.0,-6.0,715.0,-20.0,182.0,670.0,-258.0
245.0,,199.0,-148.0,8.0,690.0,-28.0,-103.0,652.0,-157.0
246.0,,278.0,-284.0,-22.0,638.0,-34.0,66.0,611.0,-83.0
271.0,,327.0,-370.0,-70.0,626.0,-40.0,133.0,560.0,-1.0
299.0,,383.0,-457.0,-96.0,661.0,-50.0,-51.0,505.0,68.0
301.0,,446.0,-536.0,-81.0,705.0,-63.0,171.0,447.0,171.0
269.0,,457.0,-568.0,-43.0,649.0,-107.0,-192.0,396.0,278.0
246.0,,496.0,-603.0,7.0,598.0,-148.0,79.0,346.0,305.0
255.0,,491.0,-644.0,51.0,630.0,-154.0,-70.0,288.0,273.0
269.0,,475.0,-680.0,69.0,617.0,-168.0,-18.0,243.0,181.0
251.0,,473.0,-674.0,59.0,586.0,-221.0,195.0,213.0,23.0
243.0,,414.0,-615.0,16.0,588.0,-262.0,-62.0,187.0,-113.0
275.0,,354.0,-491.0,-25.0,589.0,-277.0,229.0,190.0,-261.0
293.0,,294.0,-336.0,-42.0,573.0,-278.0,-79.0,219.0,-393.0
248.0,,236.0,-236.0,-38.0,498.0,-278.0,70.0,253.0,-466.0
204.0,,163.0,-166.0,-19.0,450.0,-297.0,36.0,282.0,-520.0
182.0,,108.0,-117.0,-11.0,517.0,-296.0,-66.0,307.0,-501.0
130.0,,54.0,-99.0,-24.0,510.0,-311.0,251.0,322.0,-415.0
61.0,,17.0,-92.0,-42.0,388.0,-327.0,-24.0,322.0,-288.0
22.0,,0.0,-134.0,-59.0,335.0,-310.0,245.0,307.0,-133.0
29.0,,-25.0,-179.0,-74.0,374.0,-323.0,60.0,270.0,37.0
12.0,,-6.0,-183.0,-86.0,405.0,-340.0,131.0,213.0,183.0
-47.0,,-5.0,-245.0,-82.0,350.0,-323.0,234.0,128.0,314.0
-114.0,,35.0,-321.0,-54.0,290.0,-313.0,-24.0,38.0,465.0
-168.0,,100.0,-387.0,-6.0,303.0,-321.0,264.0,-44.0,548.0
-212.0,,152.0,-520.0,63.0,274.0,-340.0,-75.0,-121.0,574.0
-266.0,,252.0,-616.0,136.0,176.0,-374.0,103.0,-179.0,609.0
-305.0,,324.0,-680.0,191.0,135.0,-389.0,35.0,-224.0,612.0
-307.0,,409.0,-747.0,229.0,160.0,-397.0,-77.0,-261.0,592.0
-304.0,,499.0,-801.0,240.0,165.0,-401.0,142.0,-283.0,570.0
-321.0,,555.0,-879.0,227.0,130.0,-418.0,-162.0,-295.0,501.0
-332.0,,648.0,-925.0,213.0,132.0,-453.0,90.0,-313.0,404.0
-315.0,,715.0,-941.0,212.0,206.0,-461.0,-171.0,-335.0,291.0
-296.0,,759.0,-905.0,217.0,254.0,-484.0,-92.0,-356.0,147.0
-300.0,,838.0,-850.0,207.0,196.0,-543.0,-20.0,-403.0,23.0
-323.0,,882.0,-779.0,169.0,168.0,-587.0,-221.0,-445.0,-101.0
-329.0,,912.0,-625.0,106.0,200.0,-616.0,79.0,-490.0,-225.0
-294.0,,971.0,-421.0,7.0,168.0,-649.0,-208.0,-535.0,-299.0
-251.0,,976.0,-186.0,-132.0,59.0,-687.0,51.0,-570.0,-367.0
-234.0,,1003.0,55.0,-288.0,-58.0,-707.0,-68.0,-616.0,-404.0
-211.0,,1009.0,306.0,-425.0,-8.0,-695.0,-127.0,-657.0,-437.0
-147.0,,972.0,474.0,-507.0,30.0,-703.0,83.0,-707.0,-475.0
-91.0,,991.0,558.0,-535.0,-44.0,-701.0,-203.0,-754.0,-484.0
-91.0,,925.0,588.0,-522.0,-22.0,-651.0,103.0,-801.0,-515.0
-93.0,,888.0,525.0,-464.0,13.0,-614.0,-134.0,-847.0,-567.0
-82.0,,868.0,451.0,-383.0,-3.0,-611.0,-3.0,-883.0,-616.0
-85.0,,785.0,340.0,-309.0,-40.0,-617.0,-3.0,-927.0,-710.0
-129.0,,753.0,207.0,-263.0,-89.0,-615.0,-190.0,-954.0,-853.0
-176.0,,689.0,80.0,-247.0,-91.0,-601.0,84.0,-982.0,-942.0
-164.0,,611.0,-43.0,-234.0,-104.0,-592.0,-249.0,-1007.0,-1059.0
-186.0,,573.0,-157.0,-196.0,-183.0,-591.0,31.0,-1015.0,-1160.0
-278.0,,507.0,-262.0,-133.0,-239.0,-563.0,-121.0,-997.0,-1193.0
-329.0,,427.0,-314.0,-82.0,-274.0,-539.0,-101.0,-954.0,-1212.0
-308.0,,387.0,-339.0,-90.0,-281.0,-539.0,96.0,-882.0,-1168.0
-320.0,,295.0,-335.0,-154.0,-296.0,-521.0,-201.0,-778.0,-1106.0
-396.0,,244.0,-325.0,-227.0,-377.0,-469.0,60.0,-679.0,-1051.0
-437.0,,210.0,-367.0,-279.0,-340.0,-449.0,-312.0,-563.0,-981.0
-424.0,,127.0,-397.0,-307.0,-215.0,-458.0,-205.0,-450.0,-852.0
-428.0,,121.0,-415.0,-308.0,-258.0,-443.0,-201.0,-341.0,-685.0
-472.0,,82.0,-442.0,-285.0,-348.0,-449.0,-282.0,-219.0,-475.0
-480.0,,33.0,-425.0,-226.0,-342.0,-437.0,14.0,-103.0,-247.0
-437.0,,18.0,-412.0,-130.0,-325.0,-430.0,-286.0,7.0,-59.0
-391.0,,-38.0,-425.0,-24.0,-329.0,-433.0,-18.0,109.0,84.0
-383.0,,-70.0,-397.0,64.0,-396.0,-402.0,-264.0,188.0,133.0
-385.0,,-95.0,-363.0,112.0,-461.0,-378.0,-273.0,254.0,80.0
-366.0,,-151.0,-368.0,122.0,-434.0,-359.0,-230.0,324.0,-33.0
-336.0,,-143.0,-352.0,118.0,-442.0,-351.0,-509.0,368.0,-153.0
-325.0,,-138.0,-332.0,109.0,-519.0,-348.0,-151.0,395.0,-298.0
-332.0,,-153.0,-340.0,91.0,-534.0,-345.0,-362.0,409.0,-427.0
-299.0,,-100.0,-315.0,78.0,-533.0,-334.0,-118.0,408.0,-527.0
-272.0,,-68.0,-351.0,69.0,-562.0,-339.0,-210.0,392.0,-583.0
-280.0,,-2.0,-453.0,51.0,-594.0,-349.0,-304.0,340.0,-600.0
-288.0,,67.0,-571.0,19.0,-611.0,-325.0,-114.0,289.0,-617.0
-275.0,,119.0,-743.0,-26.0,-561.0,-327.0,-415.0,229.0,-599.0
-250.0,,213.0,-872.0,-80.0,-533.0,-314.0,-53.0,142.0,-548.0
-232.0,,259.0,-968.0,-141.0,-575.0,-272.0,-205.0,50.0,-462.0
-205.0,,279.0,-1086.0,-195.0,-558.0,-231.0,-25.0,-30.0,-382.0
-123.0,,285.0,-1162.0,-221.0,-491.0,-227.0,59.0,-88.0,-306.0
-7.0,,242.0,-1159.0,-203.0,-517.0,-235.0,-127.0,-124.0,-259.0
63.0,,212.0,-1088.0,-132.0,-598.0,-181.0,160.0,-140.0,-212.0
113.0,,158.0,-992.0,-26.0,-607.0,-158.0,-160.0,-147.0,-161.0
174.0,,70.0,-831.0,82.0,-496.0,-154.0,83.0,-119.0,-107.0
251.0,,34.0,-579.0,172.0,-416.0,-115.0,-53.0,-48.0,-26.0
321.0,,-40.0,-321.0,236.0,-457.0,-113.0,-57.0,28.0,32.0
355.0,,-110.0,-119.0,280.0,-449.0,-123.0,127.0,104.0,69.0
373.0,,-117.0,86.0,299.0,-335.0,-126.0,-160.0,172.0,18.0
392.0,,-169.0,298.0,304.0,-240.0,-113.0,221.0,232.0,-65.0
385.0,,-156.0,432.0,306.0,-278.0,-88.0,27.0,281.0,-184.0
317.0,,-129.0,518.0,305.0,-337.0,-90.0,230.0,328.0,-329.0
220.0,,-125.0,509.0,288.0,-275.0,-87.0,253.0,359.0,-480.0
154.0,,-59.0,401.0,225.0,-204.0,-65.0,73.0,359.0,-660.0
105.0,,-26.0,299.0,128.0,-237.0,-31.0,310.0,347.0,-850.0
24.0,,1.0,142.0,36.0,-286.0,-6.0,-33.0,297.0,-1034.0
-36.0,,47.0,-68.0,-16.0,-221.0,-23.0,254.0,237.0,-1150.0
-69.0,,58.0,-248.0,-29.0,-144.0,-21.0,99.0,183.0,-1278.0
-103.0,,87.0,-430.0,-36.0,-153.0,6.0,169.0,116.0,-1347.0
-167.0,,137.0,-622.0,-39.0,-164.0,3.0,330.0,52.0,-1347.0
-240.0,,143.0,-751.0,-36.0,-138.0,-14.0,101.0,-7.0,-1296.0
-252.0,,195.0,-803.0,-25.0,-50.0,-8.0,452.0,-61.0,-1172.0
-245.0,,247.0,-778.0,-10.0,-43.0,-10.0,166.0,-107.0,-999.0
-259.0,,250.0,-712.0,14.0,-128.0,-34.0,408.0,-156.0,-744.0
-267.0,,303.0,-607.0,49.0,-104.0,-4.0,380.0,-206.0,-490.0
-223.0,,293.0,-431.0,71.0,-114.0,27.0,243.0,-246.0,-201.0
-166.0,,301.0,-216.0,72.0,-188.0,41.0,469.0,-284.0,107.0
-169.0,,312.0,-13.0,51.0,-231.0,73.0,199.0,-314.0,406.0
-176.0,,277.0,140.0,32.0,-192.0,85.0,517.0,-303.0,676.0
-132.0,,305.0,275.0,25.0,-148.0,83.0,291.0,-269.0,874.0
-116.0,,298.0,364.0,25.0,-224.0,65.0,367.0,-221.0,1002.0
-180.0,,289.0,386.0,29.0,-267.0,78.0,428.0,-147.0,1071.0
-261.0,,303.0,350.0,33.0,-232.0,86.0,199.0,-49.0,1097.0
-301.0,,278.0,275.0,47.0,-157.0,92.0,493.0,63.0,1009.0
-332.0,,256.0,155.0,65.0,-167.0,104.0,160.0,164.0,872.0
-407.0,,243.0,-34.0,77.0,-238.0,95.0,386.0,237.0,757.0
-506.0,,206.0,-204.0,72.0,-219.0,111.0,256.0,282.0,637.0
-583.0,,203.0,-327.0,48.0,-158.0,137.0,147.0,262.0,516.0
-622.0,,195.0,-400.0,37.0,-116.0,170.0,339.0,185.0,383.0
-673.0,,172.0,-415.0,86.0,-137.0,164.0,68.0,72.0,232.0
-736.0,,196.0,-408.0,201.0,-150.0,158.0,410.0,-88.0,118.0
-736.0,,174.0,-398.0,339.0,-121.0,180.0,164.0,-253.0,25.0
-719.0,,189.0,-384.0,437.0,-109.0,179.0,280.0,-435.0,-53.0
-708.0,,213.0,-346.0,467.0,-156.0,177.0,280.0,-626.0,-59.0
-688.0,,176.0,-301.0,457.0,-150.0,177.0,9.0,-797.0,-54.0
-654.0,,208.0,-263.0,411.0,-81.0,207.0,179.0,-961.0,-55.0
-603.0,,195.0,-230.0,330.0,-62.0,230.0,-271.0,-1089.0,-58.0
-546.0,,164.0,-150.0,234.0,-54.0,216.0,-44.0,-1190.0,-57.0
-501.0,,183.0,-67.0,139.0,-37.0,179.0,-162.0,-1257.0,-61.0
-461.0,,139.0,5.0,51.0,15.0,134.0,-234.0,-1286.0,-43.0
-403.0,,133.0,58.0,-35.0,32.0,135.0,-131.0,-1296.0,11.0
-359.0,,137.0,76.0,-124.0,0.0,136.0,-445.0,-1273.0,71.0
-327.0,,99.0,93.0,-198.0,17.0,107.0,-171.0,-1210.0,179.0
-279.0,,140.0,75.0,-233.0,95.0,84.0,-450.0,-1118.0,271.0
-214.0,,157.0,48.0,-225.0,132.0,68.0,-301.0,-991.0,316.0
-161.0,,146.0,0.0,-189.0,61.0,58.0,-319.0,-833.0,328.0
-151.0,,188.0,-55.0,-130.0,60.0,31.0,-465.0,-665.0,295.0
-146.0,,176.0,-104.0,-54.0,120.0,1.0,-203.0,-470.0,226.0
-106.0,,171.0,-114.0,13.0,147.0,-19.0,-469.0,-283.0,112.0
-79.0,,187.0,-129.0,66.0,129.0,-23.0,-120.0,-125.0,-39.0
-117.0,,144.0,-176.0,101.0,89.0,-17.0,-297.0,28.0,-215.0
-182.0,,133.0,-147.0,131.0,179.0,-54.0,-303.0,152.0,-410.0
-193.0,,112.0,-105.0,181.0,232.0,-77.0,-214.0,259.0,-632.0
-197.0,,53.0,-79.0,237.0,185.0,-91.0,-502.0,343.0,-819.0
-257.0,,32.0,-13.0,282.0,198.0,-119.0,-173.0,413.0,-1000.0
-310.0,,-35.0,73.0,288.0,241.0,-151.0,-439.0,478.0,-1132.0
-331.0,,-100.0,124.0,259.0,275.0,-186.0,-254.0,531.0,-1187.0
-350.0,,-128.0,176.0,224.0,261.0,-205.0,-303.0,576.0,-1202.0
-406.0,,-214.0,208.0,204.0,259.0,-227.0,-380.0,595.0,-1146.0
-453.0,,-259.0,204.0,201.0,254.0,-236.0,-153.0,618.0,-1021.0
-455.0,,-288.0,190.0,179.0,281.0,-240.0,-489.0,643.0,-785.0
-442.0,,-340.0,102.0,114.0,304.0,-229.0,-194.0,669.0,-507.0
-448.0,,-349.0,0.0,4.0,254.0,-177.0,-419.0,690.0,-186.0
-454.0,,-369.0,-121.0,-108.0,299.0,-152.0,-349.0,684.0,145.0
-406.0,,-362.0,-225.0,-167.0,345.0,-126.0,-247.0,655.0,417.0
-346.0,,-319.0,-273.0,-171.0,333.0,-38.0,-412.0,581.0,671.0
-297.0,,-302.0,-315.0,-136.0,340.0,45.0,-99.0,499.0,863.0
-283.0,,-241.0,-299.0,-79.0,350.0,100.0,-447.0,402.0,984.0
-251.0,,-178.0,-260.0,-32.0,383.0,153.0,-208.0,295.0,1037.0
-168.0,,-163.0,-235.0,-35.0,350.0,204.0,-362.0,212.0,1037.0
-124.0,,-104.0,-217.0,-97.0,275.0,253.0,-458.0,140.0,978.0
-127.0,,-75.0,-198.0,-188.0,312.0,262.0,-205.0,97.0,877.0
-118.0,,-59.0,-194.0,-265.0,373.0,272.0,-474.0,53.0,735.0
-60.0,,-39.0,-238.0,-311.0,332.0,320.0,-123.0,7.0,550.0
-35.0,,-69.0,-270.0,-333.0,286.0,331.0,-367.0,-24.0,345.0
-71.0,,-89.0,-289.0,-322.0,254.0,344.0,-254.0,-39.0,96.0
-85.0,,-133.0,-324.0,-285.0,221.0,370.0,-195.0,-30.0,-159.0
-39.0,,-202.0,-320.0,-247.0,182.0,395.0,-352.0,-3.0,-444.0
-7.0,,-272.0,-289.0,-219.0,116.0,422.0,-62.0,42.0,-711.0
-30.0,,-373.0,-245.0,-193.0,137.0,437.0,-376.0,83.0,-941.0
-29.0,,-463.0,-162.0,-139.0,170.0,480.0,-107.0,109.0,-1160.0
27.0,,-540.0,-65.0,-58.0,160.0,514.0,-288.0,113.0,-1313.0
108.0,,-646.0,6.0,12.0,155.0,525.0,-271.0,90.0,-1399.0
141.0,,-711.0,59.0,64.0,108.0,545.0,-101.0,55.0,-1446.0
175.0,,-769.0,108.0,91.0,135.0,562.0,-378.0,13.0,-1478.0
239.0,,-831.0,144.0,95.0,174.0,570.0,-40.0,-42.0,-1455.0
305.0,,-832.0,150.0,89.0,85.0,544.0,-363.0,-108.0,-1405.0
355.0,,-850.0,81.0,94.0,15.0,502.0,-242.0,-166.0,-1327.0
381.0,,-835.0,13.0,117.0,-6.0,471.0,-249.0,-220.0,-1211.0
444.0,,-786.0,-20.0,131.0,-8.0,437.0,-334.0,-256.0,-1088.0
491.0,,-788.0,-77.0,155.0,4.0,403.0,-53.0,-254.0,-936.0
490.0,,-760.0,-132.0,218.0,-3.0,396.0,-319.0,-223.0,-728.0
505.0,,-716.0,-154.0,311.0,40.0,398.0,7.0,-165.0,-508.0
526.0,,-706.0,-141.0,390.0,121.0,411.0,-201.0,-75.0,-329.0
520.0,,-654.0,-165.0,421.0,104.0,427.0,-169.0,38.0,-139.0
473.0,,-618.0,-194.0,399.0,58.0,450.0,-131.0,175.0,23.0
430.0,,-573.0,-207.0,320.0,54.0,471.0,-491.0,308.0,165.0
420.0,,-484.0,-233.0,196.0,40.0,458.0,-236.0,418.0,306.0
387.0,,-435.0,-251.0,53.0,-3.0,472.0,-541.0,518.0,393.0
325.0,,-349.0,-274.0,-91.0,-63.0,503.0,-299.0,590.0,448.0
260.0,,-275.0,-328.0,-238.0,-22.0,506.0,-290.0,625.0,491.0
193.0,,-227.0,-375.0,-369.0,58.0,490.0,-347.0,623.0,505.0
123.0,,-153.0,-360.0,-460.0,64.0,477.0,-118.0,573.0,496.0
45.0,,-125.0,-322.0,-498.0,66.0,497.0,-399.0,503.0,432.0
-14.0,,-88.0,-271.0,-478.0,39.0,507.0,-97.0,428.0,249.0
-54.0,,-55.0,-283.0,-430.0,16.0,491.0,-297.0,331.0,5.0
-75.0,,-71.0,-346.0,-364.0,-9.0,507.0,-153.0,228.0,-305.0
-87.0,,-74.0,-356.0,-301.0,-43.0,542.0,-86.0,135.0,-631.0
-122.0,,-96.0,-399.0,-277.0,20.0,560.0,-341.0,48.0,-882.0
-140.0,,-139.0,-479.0,-275.0,64.0,550.0,-40.0,-8.0,-1106.0
-144.0,,-149.0,-503.0,-287.0,6.0,519.0,-378.0,-26.0,-1214.0
-158.0,,-206.0,-482.0,-302.0,-33.0,509.0,-203.0,-35.0,-1197.0
-191.0,,-258.0,-426.0,-283.0,-19.0,487.0,-306.0,-15.0,-1127.0
-203.0,,-261.0,-303.0,-214.0,15.0,444.0,-356.0,30.0,-951.0
-153.0,,-305.0,-150.0,-108.0,13.0,402.0,-116.0,65.0,-695.0
-143.0,,-316.0,-20.0,6.0,-32.0,359.0,-410.0,109.0,-396.0
-173.0,,-288.0,107.0,137.0,-31.0,332.0,-131.0,165.0,-39.0
-160.0,,-298.0,200.0,276.0,-33.0,302.0,-375.0,224.0,336.0
-130.0,,-276.0,256.0,406.0,-65.0,272.0,-269.0,292.0,657.0
-143.0,,-244.0,319.0,508.0,-68.0,255.0,-234.0,363.0,898.0
-193.0,,-235.0,339.0,570.0,-17.0,261.0,-384.0,416.0,1085.0
-205.0,,-187.0,273.0,585.0,86.0,257.0,-22.0,446.0,1180.0
-199.0,,-176.0,167.0,553.0,106.0,224.0,-314.0,449.0,1204.0
-209.0,,-158.0,62.0,479.0,65.0,202.0,-90.0,442.0,1152.0
-227.0,,-121.0,-92.0,387.0,66.0,204.0,-341.0,417.0,988.0
-215.0,,-128.0,-252.0,308.0,114.0,185.0,-428.0,366.0,770.0
-182.0,,-98.0,-375.0,227.0,156.0,121.0,-254.0,316.0,517.0
-156.0,,-84.0,-541.0,149.0,93.0,73.0,-504.0,255.0,264.0
-115.0,,-76.0,-690.0,74.0,75.0,57.0,-110.0,187.0,37.0
-79.0,,-38.0,-794.0,-19.0,140.0,55.0,-356.0,121.0,-125.0
-37.0,,-58.0,-833.0,-124.0,164.0,53.0,-166.0,71.0,-201.0
-24.0,,-64.0,-788.0,-237.0,133.0,73.0,-214.0,13.0,-203.0
-36.0,,-64.0,-763.0,-331.0,136.0,89.0,-417.0,-36.0,-134.0
-32.0,,-108.0,-708.0,-376.0,191.0,65.0,-184.0,-72.0,0.0
-39.0,,-118.0,-621.0,-350.0,146.0,56.0,-511.0,-123.0,115.0
-63.0,,-166.0,-568.0,-262.0,70.0,70.0,-171.0,-153.0,160.0
-108.0,,-201.0,-518.0,-148.0,48.0,73.0,-319.0,-181.0,224.0
-110.0,,-203.0,-517.0,-44.0,26.0,44.0,-173.0,-193.0,272.0
-108.0,,-259.0,-545.0,17.0,4.0,10.0,7.0,-160.0,291.0
-146.0,,-275.0,-564.0,28.0,-47.0,-1.0,-212.0,-121.0,341.0
-184.0,,-271.0,-584.0,5.0,-67.0,-12.0,112.0,-79.0,354.0
-228.0,,-294.0,-595.0,-27.0,-27.0,-42.0,-236.0,-19.0,329.0
-250.0,,-285.0,-606.0,-42.0,-29.0,-60.0,-14.0,25.0,289.0
-278.0,,-258.0,-628.0,-31.0,-50.0,-49.0,-44.0,42.0,196.0
-323.0,,-229.0,-655.0,-7.0,-59.0,-29.0,-53.0,50.0,95.0
-335.0,,-197.0,-620.0,26.0,-26.0,-26.0,254.0,50.0,41.0
-299.0,,-174.0,-540.0,61.0,11.0,-63.0,-24.0,59.0,-20.0
-260.0,,-142.0,-417.0,105.0,-29.0,-91.0,328.0,81.0,-86.0
-214.0,,-125.0,-257.0,162.0,-39.0,-96.0,136.0,103.0,-110.0
-153.0,,-128.0,-112.0,203.0,-21.0,-93.0,212.0,125.0,-149.0
-87.0,,-116.0,17.0,215.0,12.0,-104.0,254.0,137.0,-164.0
2.0,,-139.0,123.0,202.0,6.0,-101.0,44.0,114.0,-157.0
95.0,,-161.0,224.0,164.0,-25.0,-80.0,328.0,91.0,-154.0
163.0,,-157.0,283.0,99.0,35.0,-82.0,31.0,62.0,-142.0
216.0,,-190.0,308.0,10.0,57.0,-68.0,349.0,18.0,-145.0
278.0,,-189.0,292.0,-75.0,17.0,-32.0,325.0,-36.0,-140.0
331.0,,-165.0,204.0,-132.0,-12.0,-10.0,354.0,-99.0,-130.0
335.0,,-179.0,93.0,-158.0,15.0,-4.0,563.0,-146.0,-97.0
313.0,,-188.0,-37.0,-156.0,59.0,5.0,242.0,-183.0,-61.0
325.0,,-196.0,-167.0,-126.0,-12.0,-7.0,515.0,-186.0,-12.0
345.0,,-226.0,-282.0,-87.0,-108.0,-10.0,208.0,-192.0,99.0
346.0,,-216.0,-355.0,-43.0,-136.0,-23.0,266.0,-196.0,240.0
357.0,,-228.0,-395.0,18.0,-137.0,-49.0,260.0,-157.0,389.0
384.0,,-222.0,-394.0,97.0,-150.0,-46.0,99.0,-126.0,550.0
415.0,,-171.0,-337.0,176.0,-210.0,-35.0,362.0,-100.0,691.0
432.0,,-182.0,-254.0,246.0,-242.0,-15.0,97.0,-80.0,811.0
445.0,,-144.0,-145.0,294.0,-221.0,-33.0,397.0,-67.0,879.0
462.0,,-126.0,-48.0,336.0,-231.0,-23.0,190.0,-77.0,896.0
484.0,,-115.0,15.0,369.0,-257.0,7.0,142.0,-105.0,900.0
517.0,,-63.0,63.0,376.0,-261.0,13.0,205.0,-131.0,833.0
555.0,,-66.0,79.0,375.0,-208.0,62.0,-86.0,-171.0,722.0
592.0,,-58.0,7.0,354.0,-187.0,106.0,275.0,-218.0,588.0
625.0,,-61.0,-102.0,294.0,-250.0,119.0,70.0,-265.0,452.0
648.0,,-101.0,-198.0,216.0,-308.0,116.0,308.0,-307.0,311.0
667.0,,-140.0,-301.0,118.0,-352.0,146.0,251.0,-318.0,195.0
672.0,,-171.0,-415.0,3.0,-386.0,196.0,81.0,-302.0,104.0
650.0,,-211.0,-553.0,-112.0,-402.0,204.0,243.0,-277.0,19.0
639.0,,-226.0,-679.0,-207.0,-402.0,219.0,-107.0,-229.0,12.0
646.0,,-245.0,-737.0,-274.0,-394.0,227.0,249.0,-184.0,11.0
655.0,,-255.0,-709.0,-293.0,-420.0,225.0,79.0,-143.0,-6.0
642.0,,-252.0,-623.0,-277.0,-477.0,234.0,155.0,-118.0,-24.0
619.0,,-282.0,-525.0,-260.0,-469.0,239.0,249.0,-119.0,-28.0
590.0,,-267.0,-416.0,-244.0,-409.0,257.0,-16.0,-103.0,-12.0
524.0,,-279.0,-297.0,-240.0,-397.0,246.0,227.0,-93.0,34.0
436.0,,-287.0,-178.0,-231.0,-405.0,230.0,-127.0,-112.0,115.0
334.0,,-235.0,-37.0,-187.0,-375.0,219.0,66.0,-145.0,178.0
232.0,,-220.0,110.0,-104.0,-353.0,211.0,-48.0,-183.0,267.0
128.0,,-203.0,255.0,-6.0,-388.0,194.0,-112.0,-219.0,386.0
33.0,,-148.0,380.0,66.0,-383.0,145.0,86.0,-264.0,495.0
-36.0,,-122.0,439.0,100.0,-317.0,118.0,-194.0,-316.0,572.0
-92.0,,-94.0,441.0,94.0,-262.0,109.0,123.0,-345.0,639.0
-134.0,,-46.0,373.0,63.0,-268.0,100.0,-181.0,-351.0,676.0
-159.0,,-35.0,278.0,25.0,-304.0,94.0,-123.0,-367.0,660.0
-168.0,,16.0,134.0,8.0,-290.0,81.0,-110.0,-391.0,652.0
-168.0,,38.0,-48.0,27.0,-227.0,67.0,-297.0,-410.0,591.0
-188.0,,41.0,-224.0,59.0,-164.0,54.0,40.0,-435.0,470.0
-190.0,,95.0,-419.0,87.0,-217.0,26.0,-219.0,-457.0,321.0
-145.0,,99.0,-585.0,109.0,-283.0,-26.0,49.0,-480.0,146.0
-120.0,,123.0,-729.0,115.0,-238.0,-66.0,-88.0,-479.0,-41.0
-115.0,,127.0,-812.0,90.0,-185.0,-105.0,-75.0,-445.0,-263.0
-98.0,,125.0,-870.0,37.0,-148.0,-133.0,158.0,-404.0,-474.0
-46.0,,168.0,-896.0,-19.0,-160.0,-124.0,-35.0,-368.0,-709.0
12.0,,159.0,-864.0,-65.0,-152.0,-128.0,345.0,-331.0,-915.0
42.0,,189.0,-863.0,-94.0,-109.0,-127.0,55.0,-292.0,-1061.0
77.0,,222.0,-826.0,-89.0,-97.0,-105.0,177.0,-268.0,-1164.0
129.0,,232.0,-779.0,-55.0,-77.0,-99.0,190.0,-245.0,-1141.0
177.0,,270.0,-771.0,-20.0,-85.0,-101.0,105.0,-217.0,-1039.0
195.0,,272.0,-746.0,12.0,-80.0,-110.0,421.0,-197.0,-861.0
203.0,,275.0,-715.0,55.0,-56.0,-121.0,142.0,-192.0,-635.0
210.0,,300.0,-674.0,105.0,-45.0,-152.0,465.0,-201.0,-409.0
237.0,,300.0,-614.0,139.0,-32.0,-207.0,328.0,-207.0,-159.0
269.0,,291.0,-567.0,141.0,-47.0,-241.0,415.0,-205.0,93.0
266.0,,303.0,-512.0,121.0,-48.0,-268.0,585.0,-204.0,313.0
286.0,,276.0,-414.0,87.0,-30.0,-257.0,325.0,-185.0,494.0
335.0,,251.0,-332.0,47.0,-5.0,-226.0,559.0,-149.0,639.0
364.0,,227.0,-282.0,-2.0,3.0,-202.0,223.0,-121.0,743.0
350.0,,157.0,-212.0,-66.0,-74.0,-184.0,436.0,-85.0,809.0
331.0,,132.0,-131.0,-126.0,-111.0,-174.0,399.0,-70.0,821.0
343.0,,85.0,-89.0,-172.0,-38.0,-166.0,347.0,-81.0,799.0
366.0,,35.0,-36.0,-199.0,22.0,-168.0,626.0,-85.0,740.0
359.0,,18.0,4.0,-210.0,-6.0,-137.0,308.0,-96.0,676.0
355.0,,-27.0,10.0,-224.0,-86.0,-135.0,558.0,-130.0,649.0
381.0,,-31.0,27.0,-250.0,-87.0,-169.0,360.0,-180.0,629.0
389.0,,-39.0,3.0,-279.0,-44.0,-194.0,508.0,-206.0,556.0
370.0,,-44.0,-37.0,-304.0,-100.0,-204.0,611.0,-220.0,462.0
349.0,,-5.0,-74.0,-309.0,-231.0,-203.0,413.0,-226.0,399.0
323.0,,24.0,-113.0,-286.0,-302.0,-205.0,668.0,-220.0,292.0
288.0,,60.0,-156.0,-247.0,-267.0,-194.0,297.0,-222.0,172.0
238.0,,99.0,-199.0,-217.0,-262.0,-188.0,530.0,-238.0,55.0
196.0,,118.0,-194.0,-196.0,-377.0,-188.0,428.0,-254.0,-81.0
163.0,,147.0,-159.0,-156.0,-476.0,-203.0,415.0,-252.0,-183.0
119.0,,163.0,-127.0,-82.0,-502.0,-227.0,650.0,-239.0,-270.0
68.0,,155.0,-110.0,-4.0,-517.0,-246.0,347.0,-198.0,-370.0
21.0,,195.0,-83.0,52.0,-553.0,-250.0,641.0,-160.0,-474.0
5.0,,192.0,-41.0,82.0,-591.0,-263.0,391.0,-117.0,-546.0
-6.0,,174.0,-20.0,79.0,-600.0,-314.0,576.0,-32.0,-557.0
-15.0,,195.0,-19.0,54.0,-613.0,-341.0,672.0,52.0,-522.0
16.0,,160.0,-46.0,16.0,-648.0,-355.0,545.0,164.0,-450.0
64.0,,151.0,-92.0,-36.0,-707.0,-381.0,811.0,287.0,-345.0
121.0,,151.0,-120.0,-64.0,-747.0,-413.0,467.0,412.0,-230.0
176.0,,136.0,-139.0,-49.0,-753.0,-442.0,757.0,542.0,-112.0
217.0,,147.0,-183.0,0.0,-767.0,-430.0,569.0,651.0,-3.0
270.0,,127.0,-217.0,70.0,-765.0,-405.0,522.0,755.0,47.0
332.0,,125.0,-213.0,131.0,-775.0,-412.0,654.0,846.0,78.0
370.0,,105.0,-245.0,162.0,-821.0,-411.0,341.0,937.0,104.0
391.0,,61.0,-311.0,170.0,-880.0,-363.0,598.0,996.0,64.0
424.0,,56.0,-342.0,172.0,-888.0,-338.0,299.0,1038.0,1.0
420.0,,16.0,-351.0,164.0,-852.0,-350.0,509.0,1056.0,-77.0
395.0,,-31.0,-319.0,138.0,-902.0,-342.0,450.0,1038.0,-154.0
367.0,,-76.0,-287.0,95.0,-989.0,-308.0,273.0,1014.0,-200.0
316.0,,-137.0,-287.0,42.0,-953.0,-264.0,537.0,943.0,-246.0
264.0,,-205.0,-311.0,0.0,-909.0,-249.0,312.0,862.0,-312.0
219.0,,-269.0,-365.0,-23.0,-945.0,-229.0,722.0,786.0,-361.0
178.0,,-344.0,-395.0,-37.0,-989.0,-198.0,533.0,705.0,-382.0
150.0,,-413.0,-386.0,-60.0,-977.0,-172.0,543.0,630.0,-425.0
117.0,,-456.0,-372.0,-87.0,-889.0,-167.0,578.0,558.0,-403.0
80.0,,-514.0,-377.0,-95.0,-891.0,-200.0,262.0,503.0,-391.0
88.0,,-509.0,-363.0,-85.0,-968.0,-196.0,530.0,446.0,-337.0
121.0,,-499.0,-325.0,-65.0,-947.0,-197.0,177.0,401.0,-193.0
155.0,,-467.0,-344.0,-43.0,-833.0,-212.0,351.0,372.0,-70.0
182.0,,-394.0,-422.0,-23.0,-797.0,-214.0,232.0,343.0,60.0
217.0,,-369.0,-456.0,7.0,-840.0,-224.0,147.0,310.0,125.0
276.0,,-296.0,-464.0,42.0,-832.0,-227.0,410.0,282.0,127.0
315.0,,-228.0,-515.0,61.0,-744.0,-232.0,195.0,274.0,102.0
334.0,,-186.0,-560.0,33.0,-658.0,-230.0,587.0,270.0,58.0
340.0,,-116.0,-591.0,-34.0,-759.0,-204.0,384.0,271.0,-24.0
358.0,,-60.0,-604.0,-76.0,-784.0,-180.0,539.0,284.0,-79.0
370.0,,-18.0,-622.0,-86.0,-647.0,-184.0,593.0,293.0,-100.0
344.0,,40.0,-643.0,-85.0,-659.0,-179.0,354.0,288.0,-89.0
323.0,,63.0,-633.0,-72.0,-740.0,-168.0,596.0,259.0,3.0
332.0,,72.0,-628.0,-50.0,-742.0,-157.0,242.0,221.0,97.0
351.0,,123.0,-640.0,-22.0,-653.0,-163.0,482.0,172.0,230.0
338.0,,139.0,-659.0,10.0,-589.0,-191.0,328.0,135.0,380.0
335.0,,191.0,-650.0,59.0,-602.0,-201.0,319.0,100.0,542.0
364.0,,239.0,-622.0,114.0,-588.0,-172.0,469.0,63.0,741.0
392.0,,264.0,-582.0,151.0,-502.0,-147.0,157.0,67.0,932.0
414.0,,343.0,-536.0,161.0,-421.0,-153.0,467.0,86.0,1056.0
428.0,,367.0,-537.0,127.0,-414.0,-102.0,205.0,122.0,1117.0
458.0,,391.0,-565.0,40.0,-363.0,-45.0,432.0,156.0,1132.0
482.0,,430.0,-611.0,-76.0,-254.0,-32.0,424.0,181.0,1104.0
480.0,,429.0,-685.0,-176.0,-188.0,-19.0,264.0,219.0,1077.0
478.0,,435.0,-752.0,-245.0,-237.0,-20.0,550.0,260.0,966.0
494.0,,404.0,-789.0,-282.0,-206.0,5.0,186.0,311.0,799.0
504.0,,372.0,-820.0,-272.0,-18.0,24.0,380.0,350.0,602.0
479.0,,348.0,-834.0,-210.0,51.0,-1.0,151.0,397.0,369.0
434.0,,261.0,-799.0,-124.0,47.0,-28.0,171.0,406.0,182.0
383.0,,196.0,-690.0,-44.0,31.0,-51.0,242.0,365.0,50.0
355.0,,149.0,-515.0,23.0,84.0,-32.0,-16.0,323.0,-30.0
322.0,,85.0,-348.0,83.0,182.0,0.0,308.0,246.0,-19.0
262.0,,43.0,-238.0,124.0,121.0,-14.0,0.0,161.0,84.0
214.0,,9.0,-169.0,141.0,106.0,-54.0,210.0,80.0,245.0
185.0,,-16.0,-135.0,134.0,177.0,-74.0,151.0,-8.0,483.0
159.0,,-49.0,-141.0,84.0,227.0,-78.0,35.0,-94.0,732.0
129.0,,-87.0,-144.0,8.0,215.0,-101.0,232.0,-168.0,972.0
89.0,,-105.0,-155.0,-54.0,215.0,-132.0,-110.0,-227.0,1216.0
50.0,,-113.0,-188.0,-69.0,322.0,-186.0,162.0,-253.0,1416.0
30.0,,-125.0,-201.0,-16.0,413.0,-213.0,-68.0,-252.0,1575.0
0.0,,-111.0,-179.0,61.0,421.0,-210.0,-16.0,-255.0,1673.0
-50.0,,-87.0,-112.0,118.0,367.0,-180.0,-14.0,-209.0,1706.0
-70.0,,-80.0,-50.0,130.0,414.0,-127.0,-245.0,-161.0,1677.0
-53.0,,-30.0,57.0,102.0,482.0,-104.0,68.0,-121.0,1637.0
-50.0,,9.0,253.0,54.0,438.0,-45.0,-206.0,-51.0,1552.0
-52.0,,36.0,370.0,-19.0,394.0,29.0,103.0,9.0,1410.0
-24.0,,106.0,438.0,-113.0,437.0,75.0,79.0,88.0,1268.0
31.0,,117.0,529.0,-210.0,534.0,112.0,103.0,159.0,1097.0
63.0,,158.0,592.0,-286.0,469.0,134.0,327.0,220.0,921.0
48.0,,201.0,643.0,-312.0,406.0,181.0,25.0,282.0,756.0
59.0,,174.0,660.0,-318.0,488.0,215.0,308.0,322.0,570.0
119.0,,195.0,652.0,-330.0,588.0,232.0,24.0,378.0,395.0
151.0,,141.0,628.0,-348.0,604.0,271.0,112.0,429.0,225.0
141.0,,91.0,600.0,-355.0,480.0,303.0,121.0,482.0,39.0
148.0,,77.0,563.0,-338.0,498.0,366.0,-36.0,548.0,-132.0
155.0,,-12.0,494.0,-297.0,591.0,424.0,280.0,610.0,-287.0
108.0,,-44.0,445.0,-239.0,503.0,469.0,-3.0,664.0,-386.0
24.0,,-86.0,368.0,-182.0,373.0,512.0,310.0,701.0,-480.0
-40.0,,-133.0,238.0,-125.0,406.0,546.0,236.0,722.0,-523.0
-90.0,,-127.0,108.0,-73.0,557.0,599.0,249.0,721.0,-501.0
-159.0,,-162.0,11.0,-54.0,536.0,579.0,415.0,693.0,-474.0
-224.0,,-162.0,-75.0,-60.0,396.0,546.0,162.0,635.0,-384.0
-256.0,,-138.0,-165.0,-88.0,391.0,556.0,437.0,556.0,-279.0
-262.0,,-156.0,-244.0,-126.0,497.0,530.0,109.0,463.0,-141.0
-289.0,,-128.0,-311.0,-151.0,510.0,491.0,277.0,341.0,25.0
-341.0,,-84.0,-362.0,-138.0,419.0,472.0,297.0,212.0,160.0
-351.0,,-72.0,-389.0,-85.0,442.0,470.0,218.0,89.0,250.0
-329.0,,-13.0,-380.0,-3.0,547.0,465.0,522.0,-37.0,317.0
-329.0,,23.0,-364.0,92.0,517.0,469.0,147.0,-152.0,339.0
-341.0,,56.0,-342.0,177.0,423.0,502.0,356.0,-246.0,292.0
-332.0,,106.0,-311.0,252.0,413.0,535.0,125.0,-329.0,224.0
-307.0,,124.0,-277.0,317.0,440.0,554.0,155.0,-397.0,118.0
-315.0,,166.0,-279.0,353.0,442.0,591.0,328.0,-439.0,-18.0
-354.0,,193.0,-280.0,364.0,383.0,603.0,131.0,-464.0,-183.0
-395.0,,205.0,-186.0,346.0,341.0,566.0,363.0,-494.0,-367.0
-438.0,,232.0,-91.0,299.0,419.0,549.0,-59.0,-525.0,-488.0
-496.0,,234.0,-20.0,233.0,502.0,545.0,55.0,-540.0,-567.0
-588.0,,245.0,46.0,150.0,440.0,540.0,-114.0,-543.0,-649.0
-674.0,,302.0,78.0,63.0,383.0,521.0,-229.0,-543.0,-674.0
-723.0,,319.0,90.0,-11.0,477.0,480.0,22.0,-515.0,-690.0
-768.0,,360.0,60.0,-65.0,529.0,470.0,-253.0,-464.0,-694.0
-820.0,,420.0,18.0,-110.0,442.0,487.0,107.0,-384.0,-643.0
-841.0,,454.0,-43.0,-138.0,371.0,506.0,-84.0,-273.0,-579.0
-822.0,,519.0,-106.0,-127.0,444.0,526.0,18.0,-159.0,-491.0
-804.0,,552.0,-176.0,-88.0,515.0,551.0,18.0,-22.0,-417.0
-805.0,,605.0,-321.0,-52.0,393.0,559.0,-301.0,121.0,-352.0
-782.0,,670.0,-458.0,-29.0,330.0,591.0,-49.0,245.0,-283.0
-728.0,,700.0,-561.0,3.0,432.0,651.0,-334.0,367.0,-231.0
-681.0,,754.0,-591.0,56.0,521.0,661.0,-49.0,476.0,-213.0
-623.0,,791.0,-535.0,108.0,505.0,665.0,-157.0,576.0,-217.0
-550.0,,800.0,-498.0,140.0,473.0,676.0,-201.0,680.0,-250.0
-478.0,,815.0,-456.0,138.0,582.0,680.0,-46.0,752.0,-311.0
-398.0,,815.0,-393.0,110.0,644.0,663.0,-406.0,801.0,-345.0
-321.0,,826.0,-320.0,68.0,584.0,635.0,-136.0,827.0,-358.0
-254.0,,847.0,-218.0,25.0,522.0,663.0,-382.0,801.0,-400.0
-203.0,,804.0,-108.0,5.0,580.0,704.0,-158.0,760.0,-425.0
-152.0,,797.0,3.0,-8.0,681.0,732.0,-90.0,706.0,-403.0
-97.0,,785.0,82.0,-29.0,639.0,743.0,-269.0,639.0,-398.0
-44.0,,715.0,114.0,-54.0,615.0,747.0,-44.0,574.0,-344.0
-3.0,,703.0,155.0,-68.0,652.0,741.0,-365.0,491.0,-280.0
30.0,,673.0,228.0,-77.0,724.0,703.0,-22.0,398.0,-250.0
58.0,,640.0,291.0,-76.0,711.0,682.0,-155.0,305.0,-202.0
72.0,,637.0,314.0,-52.0,667.0,650.0,-86.0,225.0,-198.0
115.0,,570.0,305.0,-26.0,764.0,607.0,114.0,158.0,-249.0
156.0,,515.0,288.0,-6.0,803.0,586.0,-179.0,83.0,-310.0
167.0,,466.0,272.0,12.0,753.0,564.0,112.0,21.0,-405.0
180.0,,377.0,216.0,29.0,709.0,551.0,-171.0,-39.0,-543.0
212.0,,303.0,108.0,18.0,785.0,544.0,-7.0,-123.0,-635.0
228.0,,223.0,-6.0,-31.0,893.0,554.0,-68.0,-201.0,-716.0
216.0,,113.0,-130.0,-91.0,863.0,577.0,-219.0,-244.0,-819.0
201.0,,23.0,-245.0,-134.0,810.0,565.0,7.0,-282.0,-896.0
193.0,,-78.0,-294.0,-157.0,862.0,543.0,-297.0,-314.0,-952.0
190.0,,-174.0,-307.0,-151.0,984.0,522.0,-5.0,-313.0,-1018.0
158.0,,-234.0,-320.0,-114.0,989.0,511.0,-227.0,-310.0,-1066.0
114.0,,-315.0,-294.0,-60.0,943.0,504.0,-129.0,-298.0,-1086.0
99.0,,-330.0,-220.0,25.0,967.0,478.0,16.0,-252.0,-1115.0
126.0,,-325.0,-155.0,106.0,1007.0,447.0,-190.0,-183.0,-1090.0
134.0,,-327.0,-111.0,149.0,995.0,422.0,112.0,-98.0,-1055.0
86.0,,-240.0,-70.0,162.0,919.0,397.0,-249.0,-7.0,-1039.0
43.0,,-183.0,-51.0,153.0,925.0,363.0,-84.0,75.0,-984.0
39.0,,-89.0,-31.0,116.0,991.0,338.0,-208.0,163.0,-927.0
21.0,,33.0,-27.0,67.0,957.0,302.0,-279.0,245.0,-867.0
-47.0,,115.0,-35.0,56.0,866.0,302.0,-116.0,294.0,-750.0
-94.0,,232.0,0.0,79.0,846.0,339.0,-437.0,337.0,-627.0
-98.0,,313.0,46.0,129.0,911.0,328.0,-120.0,357.0,-553.0
-96.0,,369.0,51.0,192.0,893.0,319.0,-410.0,362.0,-486.0
-120.0,,435.0,6.0,244.0,813.0,333.0,-286.0,353.0,-455.0
-152.0,,480.0,-36.0,266.0,818.0,368.0,-275.0,324.0,-456.0
-125.0,,510.0,-60.0,245.0,909.0,400.0,-487.0,301.0,-451.0
-109.0,,543.0,-81.0,194.0,980.0,396.0,-221.0,263.0,-509.0
-141.0,,548.0,-86.0,129.0,876.0,405.0,-535.0,222.0,-584.0
-161.0,,545.0,-73.0,105.0,874.0,412.0,-214.0,161.0,-636.0
-152.0,,545.0,-24.0,120.0,941.0,401.0,-384.0,113.0,-684.0
-151.0,,523.0,52.0,148.0,911.0,409.0,-430.0,85.0,-683.0
-189.0,,512.0,130.0,171.0,859.0,409.0,-325.0,61.0,-647.0
-223.0,,488.0,214.0,157.0,754.0,344.0,-646.0,56.0,-585.0
-230.0,,465.0,258.0,92.0,844.0,297.0,-356.0,71.0,-444.0
-220.0,,425.0,229.0,-6.0,899.0,252.0,-602.0,105.0,-239.0
-233.0,,350.0,172.0,-94.0,774.0,162.0,-336.0,152.0,-33.0
-262.0,,307.0,93.0,-153.0,736.0,101.0,-365.0,224.0,186.0
-243.0,,264.0,-13.0,-179.0,765.0,38.0,-485.0,304.0,379.0
-225.0,,193.0,-131.0,-181.0,757.0,-24.0,-219.0,388.0,531.0
-215.0,,157.0,-214.0,-150.0,665.0,-63.0,-524.0,451.0,674.0
-184.0,,113.0,-245.0,-105.0,565.0,-67.0,-210.0,498.0,744.0
-133.0,,56.0,-254.0,-85.0,542.0,-83.0,-434.0,532.0,741.0
-94.0,,29.0,-253.0,-108.0,582.0,-124.0,-362.0,530.0,743.0
-82.0,,6.0,-217.0,-166.0,505.0,-127.0,-218.0,532.0,723.0
-55.0,,0.0,-118.0,-209.0,448.0,-142.0,-375.0,533.0,643.0
-43.0,,2.0,3.0,-215.0,522.0,-165.0,-64.0,522.0,553.0
-41.0,,5.0,130.0,-201.0,572.0,-183.0,-376.0,494.0,410.0
-80.0,,8.0,233.0,-191.0,528.0,-188.0,-121.0,427.0,295.0
-141.0,,1.0,296.0,-188.0,458.0,-161.0,-210.0,330.0,286.0
-159.0,,-27.0,339.0,-184.0,507.0,-157.0,-256.0,224.0,280.0
-188.0,,-44.0,318.0,-190.0,538.0,-148.0,-72.0,103.0,332.0
-239.0,,-66.0,246.0,-198.0,461.0,-116.0,-369.0,-8.0,360.0
-323.0,,-99.0,140.0,-193.0,369.0,-130.0,-48.0,-101.0,374.0
-386.0,,-119.0,26.0,-162.0,384.0,-146.0,-291.0,-185.0,455.0
-419.0,,-175.0,-88.0,-108.0,402.0,-127.0,-118.0,-239.0,543.0
-486.0,,-191.0,-209.0,-11.0,331.0,-141.0,-72.0,-261.0,624.0
-570.0,,-219.0,-310.0,128.0,312.0,-162.0,-273.0,-275.0,654.0
-645.0,,-285.0,-411.0,270.0,339.0,-155.0,-70.0,-273.0,656.0
-686.0,,-297.0,-469.0,373.0,388.0,-160.0,-463.0,-251.0,602.0
-714.0,,-346.0,-462.0,417.0,349.0,-167.0,-234.0,-258.0,523.0
-779.0,,-387.0,-425.0,422.0,231.0,-151.0,-388.0,-272.0,379.0
-833.0,,-393.0,-363.0,396.0,217.0,-150.0,-312.0,-283.0,168.0
-864.0,,-427.0,-267.0,331.0,287.0,-145.0,-151.0,-306.0,-51.0
-887.0,,-428.0,-134.0,242.0,277.0,-108.0,-434.0,-313.0,-294.0
-884.0,,-427.0,13.0,155.0,187.0,-105.0,-155.0,-307.0,-503.0
-868.0,,-430.0,173.0,102.0,171.0,-113.0,-474.0,-272.0,-722.0
-811.0,,-387.0,310.0,96.0,222.0,-122.0,-269.0,-213.0,-879.0
-736.0,,-367.0,439.0,126.0,196.0,-119.0,-266.0,-132.0,-989.0
-646.0,,-316.0,543.0,168.0,111.0,-121.0,-301.0,-20.0,-1109.0
-519.0,,-232.0,568.0,200.0,129.0,-123.0,-42.0,103.0,-1157.0
-385.0,,-179.0,539.0,208.0,184.0,-113.0,-319.0,233.0,-1155.0
-260.0,,-77.0,465.0,191.0,148.0,-122.0,42.0,350.0,-1080.0
-133.0,,1.0,352.0,153.0,53.0,-105.0,-162.0,439.0,-969.0
12.0,,70.0,186.0,108.0,14.0,-98.0,-92.0,503.0,-838.0
152.0,,159.0,30.0,77.0,54.0,-93.0,-35.0,559.0,-658.0
274.0,,206.0,-86.0,55.0,41.0,-99.0,-275.0,596.0,-489.0
370.0,,261.0,-204.0,12.0,-22.0,-118.0,77.0,632.0,-374.0
434.0,,277.0,-306.0,-65.0,-43.0,-122.0,-166.0,657.0,-282.0
472.0,,268.0,-390.0,-159.0,9.0,-124.0,38.0,670.0,-174.0
513.0,,279.0,-414.0,-214.0,-9.0,-118.0,-121.0,679.0,-78.0
541.0,,215.0,-391.0,-199.0,-117.0,-122.0,-194.0,646.0,17.0
536.0,,144.0,-370.0,-144.0,-149.0,-100.0,-1.0,614.0,75.0
541.0,,132.0,-367.0,-89.0,-110.0,-108.0,-286.0,578.0,107.0
529.0,,70.0,-365.0,-41.0,-93.0,-160.0,68.0,522.0,132.0
512.0,,5.0,-335.0,13.0,-163.0,-166.0,-134.0,454.0,68.0
478.0,,0.0,-280.0,74.0,-117.0,-141.0,12.0,371.0,26.0
441.0,,-38.0,-203.0,130.0,4.0,-165.0,1.0,300.0,-29.0
424.0,,-65.0,-151.0,159.0,-35.0,-185.0,-240.0,225.0,-149.0
388.0,,-66.0,-129.0,163.0,-87.0,-171.0,-9.0,153.0,-266.0
347.0,,-92.0,-96.0,164.0,-75.0,-191.0,-375.0,85.0,-396.0
296.0,,-61.0,-37.0,175.0,-18.0,-194.0,-142.0,31.0,-491.0
250.0,,-50.0,17.0,198.0,-4.0,-186.0,-308.0,-12.0,-523.0
199.0,,-28.0,73.0,207.0,-108.0,-185.0,-236.0,-42.0,-509.0
120.0,,28.0,140.0,186.0,-127.0,-188.0,5.0,-40.0,-490.0
46.0,,30.0,185.0,134.0,-69.0,-198.0,-208.0,-40.0,-426.0
1.0,,64.0,207.0,59.0,-30.0,-230.0,84.0,-29.0,-386.0
-23.0,,64.0,231.0,-37.0,0.0,-282.0,-247.0,-14.0,-348.0
-52.0,,40.0,241.0,-140.0,-18.0,-319.0,-3.0,3.0,-279.0
-84.0,,52.0,248.0,-218.0,54.0,-353.0,-53.0,30.0,-287.0
-106.0,,31.0,250.0,-265.0,105.0,-353.0,-253.0,46.0,-303.0
-129.0,,8.0,210.0,-277.0,16.0,-352.0,-14.0,47.0,-360.0
-182.0,,11.0,186.0,-235.0,-9.0,-390.0,-325.0,29.0,-489.0
-247.0,,0.0,167.0,-138.0,35.0,-425.0,-66.0,18.0,-568.0
-283.0,,22.0,143.0,-43.0,65.0,-462.0,-301.0,16.0,-642.0
-315.0,,58.0,94.0,13.0,-16.0,-463.0,-168.0,8.0,-759.0
-378.0,,57.0,-17.0,52.0,-93.0,-412.0,-35.0,-3.0,-863.0
-433.0,,97.0,-131.0,101.0,-103.0,-437.0,-234.0,10.0,-956.0
-462.0,,116.0,-258.0,170.0,-95.0,-520.0,72.0,33.0,-1010.0
-488.0,,133.0,-400.0,226.0,-36.0,-529.0,-279.0,49.0,-1014.0
-530.0,,158.0,-543.0,257.0,16.0,-530.0,-105.0,92.0,-965.0
-563.0,,167.0,-655.0,258.0,89.0,-567.0,-249.0,130.0,-855.0
-546.0,,196.0,-740.0,241.0,81.0,-584.0,-279.0,148.0,-703.0
-508.0,,206.0,-788.0,216.0,53.0,-576.0,-49.0,179.0,-493.0
-495.0,,219.0,-785.0,182.0,77.0,-583.0,-375.0,190.0,-232.0
-480.0,,259.0,-773.0,151.0,95.0,-604.0,-171.0,181.0,18.0
-439.0,,277.0,-739.0,107.0,102.0,-596.0,-511.0,166.0,205.0
-383.0,,280.0,-678.0,42.0,36.0,-589.0,-402.0,112.0,394.0
-358.0,,319.0,-580.0,-34.0,-11.0,-601.0,-352.0,39.0,616.0
-340.0,,322.0,-485.0,-117.0,-6.0,-606.0,-480.0,-46.0,766.0
-286.0,,340.0,-394.0,-186.0,-6.0,-585.0,-164.0,-157.0,827.0
-210.0,,371.0,-284.0,-216.0,-78.0,-568.0,-439.0,-282.0,829.0
-157.0,,352.0,-204.0,-214.0,-131.0,-567.0,-142.0,-410.0,744.0
-113.0,,371.0,-145.0,-200.0,-82.0,-548.0,-308.0,-517.0,575.0
-18.0,,371.0,-119.0,-173.0,-30.0,-536.0,-336.0,-623.0,335.0
85.0,,372.0,-129.0,-135.0,-38.0,-543.0,-186.0,-709.0,40.0
156.0,,384.0,-152.0,-91.0,-30.0,-533.0,-447.0,-762.0,-266.0
206.0,,364.0,-179.0,-34.0,31.0,-518.0,-81.0,-794.0,-552.0
264.0,,361.0,-174.0,24.0,37.0,-501.0,-299.0,-788.0,-789.0
326.0,,344.0,-139.0,66.0,44.0,-479.0,-79.0,-750.0,-984.0
366.0,,305.0,-113.0,83.0,36.0,-443.0,-110.0,-686.0,-1162.0
388.0,,295.0,-102.0,62.0,12.0,-416.0,-303.0,-571.0,-1209.0
406.0,,269.0,-104.0,24.0,8.0,-442.0,-77.0,-458.0,-1178.0
428.0,,226.0,-107.0,-1.0,-18.0,-433.0,-402.0,-350.0,-1110.0
456.0,,212.0,-160.0,-11.0,-35.0,-382.0,-99.0,-222.0,-945.0
489.0,,160.0,-262.0,-25.0,-35.0,-367.0,-290.0,-126.0,-777.0
500.0,,127.0,-364.0,-50.0,4.0,-374.0,-208.0,-20.0,-563.0
513.0,,115.0,-508.0,-54.0,-2.0,-355.0,-38.0,67.0,-313.0
532.0,,79.0,-651.0,-38.0,-26.0,-303.0,-279.0,112.0,-110.0
526.0,,106.0,-737.0,-14.0,-11.0,-294.0,9.0,156.0,54.0
504.0,,102.0,-747.0,25.0,10.0,-288.0,-299.0,160.0,197.0
483.0,,111.0,-680.0,93.0,5.0,-272.0,-77.0,146.0,299.0
473.0,,162.0,-602.0,185.0,-20.0,-297.0,-197.0,101.0,400.0
427.0,,155.0,-535.0,253.0,0.0,-307.0,-282.0,29.0,442.0
362.0,,178.0,-482.0,274.0,0.0,-278.0,-3.0,-44.0,437.0
329.0,,201.0,-430.0,245.0,-27.0,-257.0,-308.0,-138.0,484.0
298.0,,175.0,-392.0,172.0,-91.0,-269.0,1.0,-216.0,496.0
227.0,,180.0,-366.0,94.0,-86.0,-268.0,-260.0,-285.0,537.0
148.0,,164.0,-332.0,40.0,12.0,-257.0,-179.0,-332.0,571.0
115.0,,149.0,-341.0,25.0,18.0,-235.0,-68.0,-344.0,609.0
118.0,,155.0,-394.0,45.0,-50.0,-207.0,-210.0,-335.0,668.0
94.0,,128.0,-471.0,75.0,-68.0,-191.0,83.0,-303.0,705.0
48.0,,116.0,-527.0,87.0,-8.0,-191.0,-184.0,-265.0,767.0
40.0,,98.0,-546.0,60.0,-4.0,-198.0,123.0,-206.0,849.0
42.0,,66.0,-549.0,17.0,-71.0,-190.0,-14.0,-137.0,950.0
7.0,,50.0,-543.0,-16.0,-95.0,-201.0,-18.0,-59.0,1016.0
-67.0,,14.0,-536.0,-45.0,-37.0,-209.0,158.0,-2.0,1111.0
-127.0,,-14.0,-520.0,-51.0,-28.0,-214.0,-155.0,46.0,1186.0
-154.0,,-1.0,-501.0,-15.0,-76.0,-210.0,107.0,117.0,1236.0
-182.0,,-11.0,-460.0,48.0,-86.0,-229.0,-262.0,167.0,1287.0
-218.0,,-13.0,-390.0,90.0,-92.0,-261.0,-175.0,209.0,1318.0
-256.0,,9.0,-297.0,86.0,-91.0,-247.0,-151.0,247.0,1329.0
-250.0,,-10.0,-206.0,61.0,-146.0,-246.0,-266.0,268.0,1301.0
-212.0,,0.0,-117.0,20.0,-227.0,-230.0,20.0,244.0,1317.0
-208.0,,-25.0,-6.0,-34.0,-277.0,-228.0,-219.0,212.0,1326.0
-185.0,,-73.0,48.0,-84.0,-315.0,-270.0,97.0,183.0,1316.0
-125.0,,-77.0,55.0,-116.0,-358.0,-311.0,-114.0,140.0,1235.0
-66.0,,-138.0,71.0,-132.0,-348.0,-336.0,-66.0,94.0,1130.0
-28.0,,-185.0,50.0,-135.0,-304.0,-344.0,66.0,40.0,1036.0
24.0,,-212.0,29.0,-125.0,-344.0,-343.0,-138.0,-23.0,948.0
125.0,,-243.0,-17.0,-110.0,-438.0,-331.0,293.0,-108.0,857.0
219.0,,-258.0,-141.0,-94.0,-510.0,-330.0,35.0,-185.0,705.0
286.0,,-259.0,-265.0,-79.0,-499.0,-292.0,234.0,-257.0,613.0
314.0,,-227.0,-390.0,-74.0,-525.0,-256.0,151.0,-313.0,544.0
351.0,,-206.0,-529.0,-91.0,-632.0,-236.0,5.0,-357.0,504.0
393.0,,-176.0,-638.0,-129.0,-680.0,-197.0,203.0,-390.0,487.0
376.0,,-121.0,-702.0,-167.0,-669.0,-181.0,-107.0,-420.0,461.0
331.0,,-77.0,-756.0,-168.0,-667.0,-154.0,247.0,-447.0,460.0
283.0,,-54.0,-809.0,-121.0,-732.0,-123.0,86.0,-461.0,480.0
265.0,,-5.0,-817.0,-54.0,-803.0,-105.0,242.0,-472.0,567.0
216.0,,23.0,-783.0,15.0,-776.0,-115.0,308.0,-463.0,616.0
126.0,,22.0,-740.0,72.0,-729.0,-143.0,29.0,-437.0,624.0
70.0,,66.0,-670.0,107.0,-820.0,-102.0,310.0,-391.0,620.0
46.0,,76.0,-579.0,116.0,-985.0,-68.0,-55.0,-340.0,566.0
11.0,,78.0,-537.0,111.0,-1018.0,-101.0,144.0,-288.0,517.0
-67.0,,86.0,-534.0,115.0,-1026.0,-133.0,105.0,-243.0,443.0
-100.0,,53.0,-529.0,143.0,-1094.0,-143.0,121.0,-216.0,327.0
-76.0,,20.0,-536.0,187.0,-1113.0,-136.0,308.0,-195.0,190.0
-66.0,,-12.0,-570.0,212.0,-1145.0,-140.0,-7.0,-184.0,41.0
-72.0,,-48.0,-609.0,208.0,-1143.0,-155.0,267.0,-154.0,-94.0
-38.0,,-85.0,-623.0,194.0,-1137.0,-156.0,-57.0,-109.0,-212.0
44.0,,-120.0,-643.0,167.0,-1173.0,-154.0,36.0,-60.0,-278.0
88.0,,-146.0,-661.0,129.0,-1157.0,-154.0,14.0,-8.0,-276.0
109.0,,-167.0,-655.0,92.0,-1144.0,-164.0,-142.0,24.0,-213.0
134.0,,-201.0,-631.0,78.0,-1215.0,-172.0,218.0,51.0,-104.0
178.0,,-221.0,-620.0,61.0,-1335.0,-180.0,-92.0,44.0,90.0
202.0,,-233.0,-658.0,3.0,-1350.0,-176.0,153.0,27.0,283.0
175.0,,-264.0,-698.0,-74.0,-1318.0,-138.0,-103.0,21.0,478.0
148.0,,-269.0,-702.0,-132.0,-1334.0,-96.0,-168.0,-18.0,706.0
127.0,,-271.0,-680.0,-159.0,-1350.0,-54.0,-35.0,-57.0,856.0
100.0,,-284.0,-611.0,-174.0,-1229.0,-25.0,-334.0,-94.0,1015.0
24.0,,-270.0,-547.0,-190.0,-1089.0,3.0,35.0,-154.0,1108.0
-52.0,,-245.0,-518.0,-188.0,-1176.0,37.0,-205.0,-208.0,1146.0
-85.0,,-238.0,-443.0,-149.0,-1255.0,48.0,27.0,-264.0,1152.0
-103.0,,-202.0,-339.0,-67.0,-1226.0,54.0,24.0,-323.0,1059.0
-155.0,,-172.0,-230.0,27.0,-1143.0,64.0,-79.0,-377.0,935.0
-216.0,,-161.0,-141.0,108.0,-1101.0,76.0,212.0,-403.0,742.0
-211.0,,-138.0,-76.0,177.0,-1167.0,88.0,-123.0,-443.0,532.0
-198.0,,-139.0,-41.0,214.0,-1160.0,80.0,162.0,-490.0,305.0
-225.0,,-129.0,-93.0,194.0,-1125.0,68.0,-86.0,-511.0,47.0
-249.0,,-132.0,-159.0,145.0,-1158.0,79.0,-57.0,-546.0,-184.0
-211.0,,-136.0,-220.0,113.0,-1244.0,93.0,57.0,-565.0,-331.0
-156.0,,-129.0,-275.0,110.0,-1263.0,90.0,-147.0,-564.0,-439.0
-135.0,,-152.0,-297.0,116.0,-1174.0,94.0,236.0,-541.0,-526.0
-131.0,,-158.0,-334.0,113.0,-1154.0,94.0,5.0,-467.0,-550.0
-104.0,,-168.0,-384.0,96.0,-1229.0,88.0,304.0,-372.0,-596.0
-56.0,,-174.0,-448.0,65.0,-1269.0,110.0,203.0,-264.0,-633.0
-29.0,,-166.0,-496.0,15.0,-1172.0,123.0,57.0,-141.0,-646.0
-18.0,,-162.0,-524.0,-49.0,-1036.0,127.0,230.0,-18.0,-688.0
-20.0,,-142.0,-546.0,-116.0,-1066.0,148.0,-107.0,89.0,-709.0
22.0,,-146.0,-529.0,-164.0,-1130.0,163.0,214.0,194.0,-664.0
71.0,,-140.0,-503.0,-193.0,-1020.0,168.0,-3.0,274.0,-615.0
85.0,,-127.0,-495.0,-222.0,-959.0,165.0,62.0,331.0,-531.0
107.0,,-131.0,-519.0,-259.0,-1031.0,142.0,-1.0,367.0,-431.0
135.0,,-114.0,-540.0,-288.0,-1077.0,109.0,-253.0,334.0,-367.0
174.0,,-104.0,-535.0,-294.0,-1032.0,67.0,14.0,271.0,-287.0
175.0,,-99.0,-546.0,-259.0,-951.0,26.0,-223.0,175.0,-218.0
175.0,,-58.0,-581.0,-168.0,-972.0,18.0,181.0,43.0,-140.0
225.0,,-17.0,-632.0,-54.0,-989.0,-1.0,121.0,-94.0,-76.0
262.0,,2.0,-688.0,37.0,-926.0,-57.0,140.0,-242.0,-9.0
251.0,,61.0,-776.0,106.0,-872.0,-93.0,256.0,-389.0,86.0
240.0,,115.0,-848.0,164.0,-882.0,-104.0,-101.0,-535.0,171.0
259.0,,151.0,-889.0,190.0,-882.0,-113.0,142.0,-676.0,276.0
282.0,,185.0,-915.0,175.0,-814.0,-132.0,-144.0,-802.0,383.0
259.0,,187.0,-924.0,142.0,-799.0,-169.0,9.0,-900.0,449.0
225.0,,189.0,-948.0,112.0,-839.0,-182.0,-36.0,-973.0,515.0
249.0,,151.0,-960.0,84.0,-870.0,-177.0,-168.0,-1011.0,578.0
277.0,,96.0,-964.0,39.0,-813.0,-188.0,20.0,-1011.0,596.0
260.0,,45.0,-945.0,-5.0,-732.0,-205.0,-319.0,-1005.0,599.0
233.0,,-31.0,-865.0,-30.0,-736.0,-194.0,-9.0,-988.0,579.0
266.0,,-114.0,-737.0,-33.0,-749.0,-164.0,-234.0,-960.0,551.0
302.0,,-183.0,-605.0,-11.0,-701.0,-186.0,-230.0,-937.0,507.0
281.0,,-268.0,-494.0,4.0,-631.0,-204.0,-96.0,-906.0,467.0
262.0,,-357.0,-386.0,-7.0,-673.0,-246.0,-297.0,-881.0,451.0
270.0,,-423.0,-266.0,-42.0,-711.0,-286.0,12.0,-858.0,415.0
311.0,,-489.0,-143.0,-92.0,-597.0,-326.0,-245.0,-832.0,407.0
316.0,,-511.0,-45.0,-142.0,-509.0,-416.0,5.0,-812.0,399.0
280.0,,-521.0,9.0,-178.0,-582.0,-458.0,-64.0,-759.0,403.0
274.0,,-492.0,19.0,-189.0,-663.0,-511.0,-160.0,-672.0,401.0
271.0,,-410.0,-1.0,-197.0,-560.0,-566.0,22.0,-574.0,346.0
235.0,,-342.0,-75.0,-214.0,-446.0,-584.0,-277.0,-455.0,295.0
164.0,,-238.0,-199.0,-214.0,-458.0,-595.0,59.0,-321.0,217.0
109.0,,-143.0,-312.0,-182.0,-434.0,-638.0,-169.0,-198.0,104.0
80.0,,-78.0,-371.0,-133.0,-355.0,-694.0,-16.0,-70.0,36.0
9.0,,-12.0,-383.0,-93.0,-260.0,-708.0,77.0,51.0,-37.0
-92.0,,14.0,-362.0,-51.0,-212.0,-705.0,-88.0,168.0,-82.0
-186.0,,41.0,-292.0,-7.0,-256.0,-677.0,251.0,278.0,-40.0
-263.0,,41.0,-179.0,16.0,-214.0,-663.0,-42.0,357.0,-11.0
-354.0,,21.0,-27.0,22.0,-133.0,-656.0,247.0,418.0,88.0
-454.0,,25.0,116.0,17.0,-163.0,-663.0,129.0,417.0,215.0
-505.0,,-6.0,242.0,6.0,-229.0,-684.0,129.0,378.0,308.0
-541.0,,-40.0,346.0,8.0,-275.0,-688.0,295.0,313.0,446.0
-611.0,,-74.0,411.0,32.0,-215.0,-699.0,33.0,201.0,577.0
-670.0,,-133.0,424.0,57.0,-143.0,-676.0,393.0,83.0,684.0
-673.0,,-187.0,373.0,65.0,-198.0,-675.0,116.0,-37.0,793.0
-666.0,,-245.0,302.0,71.0,-200.0,-709.0,304.0,-164.0,861.0
-693.0,,-297.0,229.0,76.0,-98.0,-741.0,293.0,-269.0,850.0
-729.0,,-361.0,135.0,43.0,-66.0,-746.0,123.0,-341.0,870.0
-693.0,,-407.0,-15.0,-14.0,-169.0,-707.0,349.0,-405.0,858.0
-633.0,,-441.0,-187.0,-32.0,-225.0,-699.0,3.0,-461.0,804.0
-630.0,,-458.0,-332.0,-9.0,-173.0,-725.0,308.0,-506.0,777.0
-642.0,,-467.0,-453.0,19.0,-191.0,-732.0,133.0,-533.0,699.0
-635.0,,-460.0,-555.0,21.0,-247.0,-730.0,182.0,-542.0,584.0
-596.0,,-411.0,-657.0,-7.0,-232.0,-741.0,247.0,-556.0,471.0
-587.0,,-398.0,-718.0,-60.0,-164.0,-771.0,-66.0,-562.0,323.0
-594.0,,-349.0,-718.0,-122.0,-152.0,-791.0,175.0,-549.0,145.0
-589.0,,-254.0,-667.0,-157.0,-207.0,-777.0,-158.0,-504.0,2.0
-586.0,,-201.0,-585.0,-166.0,-206.0,-746.0,99.0,-437.0,-188.0
-590.0,,-134.0,-488.0,-158.0,-123.0,-712.0,53.0,-361.0,-363.0
-620.0,,-51.0,-341.0,-134.0,-77.0,-701.0,-24.0,-277.0,-534.0
-635.0,,-4.0,-190.0,-95.0,-163.0,-714.0,181.0,-197.0,-775.0
-633.0,,52.0,-70.0,-46.0,-223.0,-694.0,-168.0,-122.0,-938.0
-613.0,,114.0,24.0,-2.0,-187.0,-649.0,96.0,-59.0,-1079.0
-582.0,,133.0,68.0,15.0,-190.0,-655.0,-151.0,-3.0,-1213.0
-552.0,,181.0,74.0,3.0,-256.0,-655.0,-22.0,49.0,-1235.0
-504.0,,224.0,50.0,-7.0,-276.0,-635.0,22.0,117.0,-1207.0
-421.0,,234.0,-10.0,-3.0,-200.0,-629.0,-218.0,189.0,-1157.0
-337.0,,277.0,-96.0,-5.0,-204.0,-629.0,22.0,268.0,-1056.0
-282.0,,282.0,-194.0,-12.0,-305.0,-653.0,-356.0,336.0,-934.0
-170.0,,289.0,-298.0,-2.0,-309.0,-651.0,-129.0,408.0,-776.0
-5.0,,315.0,-377.0,9.0,-237.0,-647.0,-284.0,493.0,-622.0
125.0,,289.0,-470.0,12.0,-214.0,-666.0,-317.0,538.0,-503.0
222.0,,287.0,-587.0,7.0,-298.0,-674.0,-101.0,563.0,-400.0
330.0,,278.0,-653.0,2.0,-396.0,-687.0,-325.0,572.0,-343.0
457.0,,256.0,-678.0,5.0,-329.0,-666.0,31.0,568.0,-310.0
542.0,,248.0,-715.0,14.0,-284.0,-615.0,-173.0,549.0,-288.0
565.0,,214.0,-779.0,15.0,-432.0,-599.0,55.0,522.0,-262.0
581.0,,223.0,-806.0,-23.0,-561.0,-619.0,53.0,476.0,-266.0
590.0,,226.0,-774.0,-93.0,-538.0,-657.0,-72.0,415.0,-256.0
537.0,,224.0,-747.0,-161.0,-483.0,-660.0,236.0,363.0,-192.0
454.0,,269.0,-729.0,-221.0,-532.0,-629.0,-107.0,298.0,-143.0
386.0,,291.0,-716.0,-270.0,-623.0,-607.0,149.0,249.0,-85.0
318.0,,316.0,-686.0,-299.0,-587.0,-593.0,-53.0,199.0,-22.0
224.0,,349.0,-618.0,-305.0,-475.0,-595.0,-48.0,152.0,59.0
88.0,,360.0,-566.0,-274.0,-496.0,-566.0,103.0,119.0,166.0
-41.0,,373.0,-500.0,-203.0,-611.0,-564.0,-134.0,93.0,279.0
-133.0,,351.0,-381.0,-116.0,-623.0,-551.0,169.0,94.0,429.0
-227.0,,325.0,-249.0,-49.0,-545.0,-499.0,-112.0,84.0,586.0
-337.0,,305.0,-138.0,-23.0,-603.0,-468.0,51.0,72.0,755.0
-416.0,,259.0,-75.0,-27.0,-660.0,-437.0,-48.0,65.0,874.0
-435.0,,202.0,-34.0,-33.0,-590.0,-449.0,-160.0,60.0,948.0
-430.0,,155.0,1.0,-33.0,-528.0,-412.0,84.0,46.0,1023.0
-451.0,,98.0,18.0,-39.0,-506.0,-352.0,-208.0,28.0,1034.0
-454.0,,53.0,7.0,-58.0,-550.0,-344.0,118.0,14.0,1055.0
-413.0,,11.0,-65.0,-105.0,-500.0,-339.0,-57.0,-15.0,1075.0
-374.0,,-47.0,-173.0,-156.0,-417.0,-332.0,27.0,-45.0,1087.0
-349.0,,-69.0,-283.0,-152.0,-400.0,-311.0,77.0,-93.0,1092.0
-329.0,,-83.0,-437.0,-73.0,-477.0,-278.0,-190.0,-155.0,1078.0
-294.0,,-82.0,-633.0,33.0,-511.0,-241.0,22.0,-209.0,1035.0
-270.0,,-65.0,-827.0,99.0,-398.0,-232.0,-314.0,-269.0,944.0
-271.0,,-19.0,-1005.0,90.0,-397.0,-216.0,-24.0,-308.0,857.0
-271.0,,58.0,-1143.0,36.0,-445.0,-182.0,-101.0,-355.0,694.0
-252.0,,116.0,-1241.0,-17.0,-406.0,-167.0,-133.0,-398.0,519.0
-216.0,,186.0,-1300.0,-50.0,-266.0,-176.0,27.0,-422.0,352.0
-204.0,,269.0,-1272.0,-68.0,-217.0,-190.0,-354.0,-455.0,184.0
-193.0,,331.0,-1181.0,-73.0,-304.0,-166.0,-97.0,-445.0,55.0
-140.0,,384.0,-1070.0,-101.0,-280.0,-127.0,-386.0,-441.0,-51.0
-61.0,,436.0,-927.0,-176.0,-177.0,-96.0,-230.0,-452.0,-98.0
-2.0,,456.0,-754.0,-259.0,-156.0,-52.0,-168.0,-452.0,-96.0
51.0,,485.0,-551.0,-322.0,-211.0,0.0,-304.0,-464.0,-71.0
112.0,,499.0,-379.0,-345.0,-200.0,20.0,0.0,-476.0,-30.0
163.0,,486.0,-229.0,-312.0,-108.0,15.0,-303.0,-468.0,18.0
201.0,,496.0,-105.0,-220.0,-95.0,54.0,-31.0,-439.0,5.0
188.0,,489.0,-62.0,-80.0,-158.0,125.0,-171.0,-410.0,-25.0
173.0,,465.0,-79.0,62.0,-96.0,149.0,-66.0,-350.0,-37.0
201.0,,443.0,-129.0,186.0,18.0,154.0,142.0,-282.0,-39.0
233.0,,388.0,-191.0,276.0,65.0,190.0,-138.0,-195.0,-12.0
261.0,,326.0,-277.0,323.0,-3.0,201.0,153.0,-93.0,6.0
299.0,,279.0,-355.0,345.0,-30.0,196.0,-151.0,0.0,28.0
345.0,,191.0,-404.0,358.0,116.0,222.0,-1.0,91.0,49.0
387.0,,102.0,-468.0,363.0,179.0,232.0,-86.0,152.0,52.0
401.0,,12.0,-550.0,346.0,95.0,244.0,-197.0,210.0,7.0
423.0,,-93.0,-599.0,300.0,21.0,278.0,94.0,271.0,-71.0
454.0,,-189.0,-610.0,240.0,152.0,305.0,-177.0,327.0,-139.0
476.0,,-287.0,-613.0,184.0,247.0,339.0,168.0,394.0,-247.0
480.0,,-364.0,-637.0,112.0,118.0,382.0,-11.0,457.0,-363.0
458.0,,-425.0,-691.0,-1.0,10.0,409.0,107.0,491.0,-473.0
452.0,,-480.0,-735.0,-141.0,30.0,426.0,199.0,512.0,-627.0
459.0,,-489.0,-763.0,-259.0,121.0,440.0,-73.0,518.0,-781.0
428.0,,-484.0,-729.0,-315.0,79.0,434.0,262.0,503.0,-916.0
388.0,,-491.0,-662.0,-307.0,25.0,434.0,-59.0,504.0,-1027.0
405.0,,-459.0,-612.0,-262.0,135.0,419.0,138.0,513.0,-1104.0
397.0,,-417.0,-587.0,-204.0,192.0,402.0,11.0,532.0,-1164.0
325.0,,-351.0,-587.0,-130.0,132.0,414.0,-103.0,571.0,-1225.0
276.0,,-274.0,-565.0,-38.0,113.0,413.0,123.0,621.0,-1270.0
264.0,,-215.0,-545.0,45.0,172.0,433.0,-160.0,681.0,-1308.0
227.0,,-117.0,-529.0,112.0,185.0,471.0,177.0,733.0,-1339.0
148.0,,-57.0,-520.0,161.0,103.0,503.0,-42.0,799.0,-1376.0
96.0,,-22.0,-535.0,205.0,45.0,521.0,134.0,872.0,-1392.0
87.0,,32.0,-572.0,254.0,56.0,516.0,242.0,927.0,-1366.0
85.0,,31.0,-635.0,279.0,80.0,523.0,38.0,968.0,-1343.0
46.0,,29.0,-711.0,255.0,10.0,537.0,363.0,984.0,-1247.0
20.0,,37.0,-788.0,185.0,-71.0,546.0,25.0,969.0,-1141.0
45.0,,-8.0,-832.0,85.0,22.0,571.0,192.0,919.0,-1011.0
73.0,,-42.0,-872.0,-11.0,143.0,601.0,-16.0,836.0,-821.0
81.0,,-78.0,-908.0,-69.0,145.0,622.0,-123.0,728.0,-640.0
72.0,,-133.0,-908.0,-76.0,31.0,646.0,1.0,617.0,-469.0
94.0,,-157.0,-913.0,-33.0,61.0,664.0,-323.0,512.0,-306.0
133.0,,-191.0,-904.0,64.0,213.0,679.0,3.0,404.0,-170.0
125.0,,-211.0,-853.0,173.0,146.0,685.0,-212.0,309.0,-46.0
61.0,,-202.0,-771.0,237.0,8.0,660.0,22.0,214.0,108.0
20.0,,-210.0,-664.0,238.0,15.0,612.0,88.0,112.0,236.0
12.0,,-183.0,-554.0,185.0,121.0,578.0,-48.0,13.0,341.0
-43.0,,-140.0,-429.0,115.0,99.0,546.0,264.0,-73.0,388.0
-140.0,,-121.0,-312.0,70.0,-8.0,484.0,-79.0,-143.0,422.0
-190.0,,-54.0,-208.0,86.0,34.0,428.0,208.0,-209.0,434.0
-180.0,,1.0,-54.0,148.0,133.0,412.0,112.0,-257.0,434.0
-213.0,,48.0,99.0,195.0,96.0,416.0,142.0,-285.0,450.0
-297.0,,146.0,195.0,192.0,-20.0,401.0,254.0,-295.0,452.0
-348.0,,182.0,222.0,132.0,12.0,402.0,-16.0,-288.0,449.0
-352.0,,240.0,213.0,21.0,111.0,416.0,264.0,-271.0,403.0
-367.0,,316.0,214.0,-127.0,77.0,392.0,-51.0,-255.0,376.0
-431.0,,339.0,182.0,-298.0,-13.0,384.0,110.0,-247.0,319.0
-506.0,,416.0,141.0,-448.0,-49.0,394.0,7.0,-242.0,306.0
-552.0,,465.0,114.0,-526.0,14.0,383.0,-133.0,-237.0,333.0
-583.0,,478.0,59.0,-507.0,66.0,370.0,107.0,-221.0,370.0
-632.0,,526.0,6.0,-428.0,-6.0,360.0,-223.0,-202.0,421.0
-690.0,,520.0,-7.0,-334.0,-14.0,337.0,101.0,-188.0,451.0
-708.0,,520.0,-8.0,-249.0,91.0,297.0,-57.0,-172.0,499.0
-698.0,,532.0,-17.0,-187.0,135.0,272.0,-1.0,-174.0,516.0
-718.0,,523.0,-42.0,-151.0,72.0,277.0,92.0,-193.0,553.0
-741.0,,546.0,-61.0,-132.0,73.0,272.0,-53.0,-207.0,557.0
-704.0,,540.0,-55.0,-119.0,226.0,257.0,291.0,-238.0,527.0
-634.0,,556.0,-46.0,-102.0,255.0,224.0,-29.0,-259.0,489.0
-585.0,,575.0,-26.0,-62.0,158.0,176.0,175.0,-252.0,452.0
-533.0,,563.0,-13.0,-1.0,161.0,162.0,12.0,-238.0,448.0
-459.0,,569.0,23.0,54.0,281.0,177.0,-164.0,-217.0,452.0
-392.0,,569.0,107.0,90.0,342.0,201.0,-33.0,-197.0,425.0
-354.0,,543.0,188.0,116.0,239.0,221.0,-382.0,-184.0,394.0
-321.0,,505.0,271.0,149.0,213.0,236.0,-101.0,-171.0,363.0
-273.0,,508.0,331.0,197.0,295.0,261.0,-308.0,-134.0,261.0
-226.0,,485.0,377.0,260.0,316.0,291.0,-120.0,-81.0,208.0
-190.0,,480.0,415.0,314.0,267.0,291.0,-16.0,-14.0,140.0
-162.0,,470.0,361.0,335.0,232.0,288.0,-142.0,65.0,55.0
-129.0,,452.0,243.0,310.0,328.0,297.0,157.0,143.0,0.0
-98.0,,461.0,134.0,234.0,401.0,291.0,-195.0,245.0,-97.0
-90.0,,413.0,8.0,139.0,333.0,312.0,-5.0,338.0,-179.0
-101.0,,413.0,-148.0,41.0,311.0,332.0,-242.0,410.0,-284.0
-102.0,,391.0,-329.0,-52.0,394.0,314.0,-277.0,486.0,-383.0
-91.0,,334.0,-523.0,-119.0,488.0,288.0,-118.0,536.0,-497.0
-102.0,,327.0,-683.0,-146.0,436.0,266.0,-384.0,561.0,-602.0
-116.0,,275.0,-790.0,-166.0,330.0,246.0,-14.0,563.0,-658.0
-118.0,,220.0,-838.0,-228.0,415.0,222.0,-338.0,534.0,-643.0
-99.0,,174.0,-837.0,-334.0,545.0,214.0,-214.0,484.0,-529.0
-84.0,,99.0,-796.0,-449.0,517.0,204.0,-221.0,423.0,-404.0
-89.0,,35.0,-702.0,-551.0,432.0,212.0,-308.0,360.0,-212.0
-67.0,,-36.0,-564.0,-615.0,486.0,220.0,3.0,286.0,-5.0
-25.0,,-105.0,-399.0,-613.0,590.0,227.0,-332.0,198.0,208.0
5.0,,-130.0,-226.0,-528.0,551.0,263.0,-36.0,105.0,473.0
26.0,,-178.0,-68.0,-365.0,482.0,264.0,-256.0,7.0,715.0
79.0,,-208.0,53.0,-164.0,506.0,250.0,-234.0,-85.0,932.0
157.0,,-204.0,159.0,20.0,600.0,266.0,-131.0,-184.0,1110.0
203.0,,-215.0,259.0,143.0,588.0,283.0,-404.0,-285.0,1233.0
236.0,,-181.0,316.0,195.0,516.0,291.0,-97.0,-379.0,1280.0
300.0,,-154.0,313.0,216.0,586.0,292.0,-356.0,-453.0,1283.0
387.0,,-128.0,280.0,229.0,661.0,280.0,-107.0,-503.0,1238.0
439.0,,-72.0,249.0,248.0,680.0,253.0,-195.0,-533.0,1112.0
464.0,,-55.0,217.0,304.0,638.0,249.0,-269.0,-535.0,939.0
493.0,,-34.0,190.0,359.0,631.0,266.0,-84.0,-516.0,743.0
547.0,,15.0,173.0,372.0,739.0,276.0,-432.0,-456.0,538.0
581.0,,23.0,160.0,340.0,764.0,286.0,-121.0,-375.0,331.0
566.0,,54.0,138.0,283.0,722.0,260.0,-410.0,-297.0,141.0
565.0,,78.0,89.0,236.0,748.0,229.0,-341.0,-197.0,-37.0
573.0,,67.0,35.0,204.0,813.0,212.0,-286.0,-124.0,-180.0
568.0,,107.0,-28.0,192.0,789.0,204.0,-509.0,-61.0,-291.0
506.0,,105.0,-106.0,203.0,677.0,234.0,-177.0,13.0,-402.0
438.0,,116.0,-141.0,229.0,652.0,224.0,-443.0,83.0,-490.0
407.0,,140.0,-98.0,261.0,768.0,218.0,-203.0,167.0,-615.0
365.0,,135.0,-2.0,263.0,828.0,266.0,-306.0,234.0,-758.0
295.0,,173.0,81.0,208.0,750.0,286.0,-238.0,302.0,-855.0
209.0,,182.0,132.0,119.0,739.0,301.0,12.0,368.0,-952.0
152.0,,182.0,154.0,40.0,797.0,335.0,-234.0,440.0,-1025.0
89.0,,215.0,137.0,-13.0,796.0,354.0,109.0,500.0,-1077.0
19.0,,223.0,107.0,-48.0,755.0,336.0,-210.0,528.0,-1134.0
-52.0,,209.0,88.0,-58.0,744.0,317.0,-105.0,566.0,-1161.0
-117.0,,213.0,61.0,-39.0,761.0,335.0,-121.0,587.0,-1172.0
-164.0,,207.0,12.0,21.0,737.0,353.0,-328.0,622.0,-1163.0
-235.0,,195.0,-27.0,110.0,621.0,346.0,-51.0,670.0,-1082.0
-298.0,,199.0,-64.0,201.0,565.0,363.0,-345.0,704.0,-972.0
-310.0,,188.0,-117.0,265.0,632.0,378.0,-79.0,738.0,-831.0
-293.0,,178.0,-168.0,284.0,640.0,366.0,-253.0,743.0,-617.0
-294.0,,168.0,-221.0,239.0,592.0,379.0,-205.0,706.0,-417.0
-290.0,,159.0,-232.0,159.0,552.0,392.0,-99.0,639.0,-235.0
-250.0,,175.0,-219.0,97.0,630.0,381.0,-369.0,537.0,-97.0
-191.0,,165.0,-207.0,76.0,656.0,358.0,-66.0,400.0,-56.0
-154.0,,165.0,-172.0,91.0,509.0,341.0,-375.0,243.0,-77.0
-121.0,,174.0,-141.0,112.0,423.0,344.0,-123.0,92.0,-116.0
-58.0,,147.0,-111.0,123.0,427.0,352.0,-182.0,-29.0,-180.0
22.0,,163.0,-136.0,122.0,473.0,333.0,-347.0,-113.0,-242.0
96.0,,139.0,-203.0,112.0,434.0,313.0,-134.0,-181.0,-269.0
149.0,,90.0,-273.0,95.0,354.0,294.0,-439.0,-214.0,-300.0
234.0,,77.0,-328.0,60.0,429.0,256.0,-103.0,-190.0,-325.0
330.0,,11.0,-321.0,5.0,529.0,215.0,-243.0,-167.0,-342.0
417.0,,-20.0,-301.0,-59.0,479.0,197.0,-96.0,-129.0,-304.0
475.0,,-65.0,-259.0,-98.0,397.0,194.0,-51.0,-80.0,-247.0
513.0,,-154.0,-197.0,-66.0,403.0,188.0,-325.0,-55.0,-153.0
558.0,,-175.0,-130.0,40.0,448.0,193.0,-92.0,-27.0,-16.0
561.0,,-238.0,-58.0,167.0,398.0,176.0,-460.0,-7.0,64.0
531.0,,-290.0,8.0,250.0,314.0,165.0,-229.0,16.0,122.0
516.0,,-273.0,59.0,252.0,325.0,183.0,-332.0,54.0,145.0
496.0,,-296.0,53.0,174.0,363.0,145.0,-332.0,94.0,108.0
457.0,,-279.0,24.0,54.0,354.0,85.0,-90.0,122.0,31.0
435.0,,-231.0,-5.0,-62.0,286.0,77.0,-363.0,139.0,-45.0
406.0,,-205.0,-73.0,-137.0,328.0,96.0,-44.0,149.0,-159.0
371.0,,-120.0,-148.0,-180.0,413.0,85.0,-319.0,127.0,-269.0
334.0,,-53.0,-183.0,-217.0,359.0,77.0,-188.0,86.0,-369.0
295.0,,2.0,-232.0,-245.0,292.0,99.0,-181.0,36.0,-468.0
265.0,,99.0,-287.0,-276.0,350.0,107.0,-389.0,-17.0,-493.0
237.0,,138.0,-311.0,-285.0,410.0,97.0,-129.0,-61.0,-484.0
215.0,,203.0,-326.0,-234.0,329.0,113.0,-399.0,-99.0,-445.0
199.0,,265.0,-325.0,-126.0,287.0,163.0,-22.0,-114.0,-370.0
188.0,,267.0,-335.0,8.0,342.0,215.0,-147.0,-114.0,-270.0
177.0,,300.0,-355.0,112.0,442.0,235.0,-147.0,-131.0,-186.0
190.0,,292.0,-349.0,159.0,450.0,264.0,12.0,-148.0,-131.0
219.0,,262.0,-317.0,163.0,398.0,325.0,-234.0,-145.0,-114.0
257.0,,250.0,-260.0,150.0,461.0,322.0,151.0,-138.0,-113.0
307.0,,190.0,-196.0,126.0,542.0,299.0,-72.0,-112.0,-109.0
367.0,,131.0,-130.0,79.0,571.0,322.0,127.0,-76.0,-151.0
426.0,,76.0,-64.0,5.0,525.0,356.0,84.0,-24.0,-190.0
462.0,,-14.0,-17.0,-70.0,582.0,377.0,-57.0,24.0,-276.0
479.0,,-69.0,0.0,-95.0,749.0,385.0,158.0,66.0,-402.0
491.0,,-128.0,9.0,-93.0,786.0,403.0,-184.0,96.0,-526.0
467.0,,-188.0,15.0,-117.0,718.0,405.0,197.0,95.0,-675.0
412.0,,-187.0,1.0,-158.0,734.0,397.0,107.0,115.0,-818.0
372.0,,-213.0,-42.0,-178.0,820.0,411.0,194.0,133.0,-939.0
336.0,,-216.0,-159.0,-152.0,818.0,438.0,254.0,121.0,-1042.0
292.0,,-180.0,-325.0,-109.0,761.0,431.0,-42.0,101.0,-1153.0
231.0,,-178.0,-481.0,-69.0,721.0,405.0,243.0,60.0,-1209.0
197.0,,-154.0,-651.0,-18.0,770.0,403.0,-57.0,5.0,-1217.0
173.0,,-137.0,-833.0,49.0,790.0,417.0,203.0,-67.0,-1217.0
131.0,,-152.0,-954.0,132.0,742.0,428.0,157.0,-145.0,-1170.0
98.0,,-144.0,-999.0,205.0,752.0,436.0,112.0,-200.0,-1088.0
80.0,,-174.0,-983.0,250.0,801.0,450.0,347.0,-238.0,-977.0
94.0,,-205.0,-889.0,262.0,834.0,419.0,36.0,-231.0,-845.0
102.0,,-235.0,-751.0,248.0,776.0,384.0,356.0,-207.0,-672.0
89.0,,-315.0,-610.0,217.0,757.0,389.0,107.0,-186.0,-457.0
78.0,,-329.0,-460.0,168.0,843.0,381.0,190.0,-155.0,-223.0
90.0,,-382.0,-277.0,114.0,844.0,388.0,190.0,-149.0,0.0
93.0,,-453.0,-58.0,58.0,751.0,378.0,-22.0,-144.0,220.0
70.0,,-452.0,160.0,0.0,727.0,345.0,310.0,-133.0,415.0
48.0,,-497.0,333.0,-40.0,754.0,344.0,53.0,-133.0,546.0
47.0,,-509.0,430.0,-57.0,744.0,340.0,351.0,-141.0,638.0
58.0,,-507.0,478.0,-48.0,653.0,291.0,212.0,-173.0,679.0
17.0,,-513.0,490.0,-4.0,605.0,257.0,230.0,-209.0,665.0
-37.0,,-487.0,442.0,68.0,745.0,248.0,426.0,-260.0,597.0
-51.0,,-476.0,348.0,151.0,773.0,229.0,136.0,-313.0,554.0
-52.0,,-463.0,233.0,206.0,631.0,243.0,448.0,-364.0,506.0
-66.0,,-429.0,116.0,207.0,610.0,250.0,181.0,-413.0,431.0
-76.0,,-383.0,-9.0,176.0,673.0,268.0,388.0,-432.0,374.0
-62.0,,-343.0,-138.0,131.0,708.0,283.0,410.0,-453.0,289.0
-46.0,,-282.0,-249.0,94.0,632.0,272.0,286.0,-472.0,238.0
-28.0,,-219.0,-334.0,59.0,502.0,289.0,548.0,-459.0,175.0
5.0,,-148.0,-375.0,-4.0,513.0,313.0,236.0,-431.0,91.0
77.0,,-64.0,-378.0,-86.0,487.0,342.0,533.0,-383.0,25.0
149.0,,10.0,-365.0,-154.0,357.0,359.0,328.0,-295.0,-37.0
197.0,,97.0,-344.0,-190.0,313.0,345.0,388.0,-198.0,-71.0
261.0,,142.0,-287.0,-226.0,349.0,315.0,506.0,-66.0,-128.0
344.0,,196.0,-183.0,-278.0,422.0,306.0,260.0,83.0,-153.0
398.0,,224.0,-60.0,-326.0,386.0,310.0,626.0,213.0,-154.0
414.0,,205.0,44.0,-339.0,277.0,291.0,386.0,351.0,-172.0
438.0,,225.0,101.0,-298.0,294.0,280.0,626.0,477.0,-155.0
483.0,,208.0,150.0,-229.0,315.0,283.0,585.0,580.0,-149.0
526.0,,181.0,173.0,-156.0,197.0,288.0,491.0,682.0,-139.0
519.0,,154.0,166.0,-96.0,112.0,272.0,689.0,778.0,-74.0
493.0,,113.0,157.0,-60.0,159.0,252.0,399.0,863.0,-1.0
501.0,,92.0,145.0,-41.0,187.0,271.0,720.0,927.0,69.0
491.0,,42.0,155.0,5.0,122.0,285.0,495.0,939.0,172.0
443.0,,0.0,169.0,102.0,-3.0,275.0,628.0,903.0,206.0
387.0,,-15.0,150.0,208.0,31.0,249.0,713.0,835.0,196.0
361.0,,-64.0,92.0,285.0,156.0,223.0,491.0,723.0,170.0
344.0,,-98.0,33.0,312.0,108.0,232.0,781.0,592.0,76.0
302.0,,-122.0,-6.0,294.0,0.0,232.0,412.0,462.0,-23.0
283.0,,-181.0,-31.0,240.0,28.0,219.0,596.0,323.0,-184.0
292.0,,-184.0,0.0,177.0,141.0,187.0,489.0,179.0,-360.0
288.0,,-189.0,51.0,140.0,70.0,124.0,506.0,17.0,-488.0
287.0,,-215.0,103.0,149.0,-56.0,69.0,755.0,-125.0,-588.0
299.0,,-159.0,154.0,217.0,-54.0,21.0,509.0,-248.0,-634.0
305.0,,-129.0,174.0,310.0,-12.0,-7.0,842.0,-372.0,-615.0
337.0,,-110.0,182.0,403.0,-8.0,-14.0,574.0,-461.0,-550.0
349.0,,-41.0,132.0,481.0,-63.0,2.0,681.0,-540.0,-474.0
311.0,,-19.0,35.0,503.0,-66.0,-42.0,639.0,-617.0,-427.0
302.0,,32.0,-22.0,459.0,1.0,-110.0,458.0,-671.0,-439.0
320.0,,95.0,-58.0,362.0,-4.0,-104.0,681.0,-694.0,-434.0
330.0,,111.0,-139.0,266.0,-72.0,-135.0,279.0,-686.0,-405.0
299.0,,179.0,-227.0,208.0,-14.0,-188.0,474.0,-653.0,-415.0
253.0,,215.0,-287.0,170.0,70.0,-208.0,286.0,-582.0,-411.0
246.0,,210.0,-345.0,137.0,17.0,-201.0,399.0,-492.0,-370.0
237.0,,230.0,-342.0,86.0,-100.0,-179.0,593.0,-381.0,-378.0
215.0,,212.0,-269.0,10.0,-87.0,-188.0,317.0,-252.0,-374.0
206.0,,186.0,-138.0,-67.0,31.0,-186.0,550.0,-122.0,-384.0
224.0,,158.0,23.0,-143.0,-18.0,-179.0,182.0,15.0,-440.0
251.0,,101.0,189.0,-232.0,-196.0,-205.0,363.0,154.0,-486.0
264.0,,44.0,379.0,-320.0,-233.0,-218.0,293.0,280.0,-532.0
296.0,,-22.0,529.0,-389.0,-79.0,-215.0,192.0,373.0,-531.0
366.0,,-102.0,593.0,-430.0,-45.0,-249.0,473.0,436.0,-502.0
423.0,,-177.0,592.0,-461.0,-177.0,-264.0,184.0,462.0,-461.0
440.0,,-248.0,565.0,-503.0,-152.0,-236.0,482.0,445.0,-437.0
444.0,,-306.0,506.0,-553.0,-9.0,-235.0,232.0,403.0,-420.0
455.0,,-345.0,397.0,-586.0,12.0,-239.0,262.0,342.0,-415.0
464.0,,-380.0,235.0,-549.0,-110.0,-227.0,325.0,257.0,-399.0
442.0,,-397.0,31.0,-420.0,-207.0,-202.0,134.0,178.0,-402.0
403.0,,-389.0,-158.0,-241.0,-142.0,-172.0,458.0,120.0,-438.0
357.0,,-392.0,-336.0,-61.0,-61.0,-158.0,155.0,76.0,-430.0
305.0,,-339.0,-486.0,64.0,-112.0,-137.0,469.0,49.0,-452.0
249.0,,-292.0,-588.0,95.0,-166.0,-157.0,426.0,21.0,-488.0
179.0,,-249.0,-665.0,38.0,-92.0,-195.0,349.0,-10.0,-553.0
122.0,,-154.0,-717.0,-49.0,-29.0,-192.0,565.0,-44.0,-621.0
82.0,,-143.0,-754.0,-73.0,-135.0,-187.0,288.0,-82.0,-708.0
24.0,,-79.0,-767.0,13.0,-212.0,-212.0,663.0,-124.0,-824.0
-44.0,,-16.0,-746.0,171.0,-143.0,-258.0,545.0,-148.0,-958.0
-101.0,,-17.0,-686.0,358.0,-92.0,-283.0,776.0,-179.0,-1099.0
-143.0,,39.0,-607.0,528.0,-202.0,-296.0,881.0,-209.0,-1169.0
-168.0,,38.0,-534.0,606.0,-273.0,-332.0,663.0,-236.0,-1244.0
-205.0,,28.0,-452.0,568.0,-164.0,-371.0,859.0,-261.0,-1238.0
-245.0,,25.0,-361.0,437.0,-102.0,-382.0,467.0,-262.0,-1161.0
-238.0,,-15.0,-256.0,270.0,-141.0,-370.0,700.0,-270.0,-1042.0
-217.0,,-38.0,-131.0,125.0,-227.0,-366.0,594.0,-259.0,-873.0
-218.0,,-76.0,-17.0,18.0,-219.0,-358.0,622.0,-249.0,-703.0
-221.0,,-121.0,60.0,-44.0,-178.0,-319.0,801.0,-231.0,-532.0
-198.0,,-146.0,63.0,-48.0,-254.0,-266.0,489.0,-205.0,-392.0
-173.0,,-195.0,20.0,17.0,-290.0,-233.0,779.0,-178.0,-253.0
-162.0,,-219.0,-20.0,120.0,-229.0,-216.0,513.0,-101.0,-116.0
-146.0,,-209.0,-66.0,199.0,-189.0,-178.0,698.0,-23.0,43.0
-117.0,,-227.0,-145.0,210.0,-280.0,-143.0,727.0,54.0,212.0
-81.0,,-179.0,-230.0,143.0,-345.0,-134.0,576.0,132.0,419.0
-69.0,,-104.0,-271.0,4.0,-273.0,-108.0,825.0,199.0,673.0
-54.0,,-44.0,-300.0,-179.0,-181.0,-63.0,489.0,247.0,879.0
-17.0,,77.0,-311.0,-359.0,-198.0,-22.0,753.0,274.0,1127.0
0.0,,197.0,-294.0,-495.0,-300.0,-33.0,522.0,292.0,1332.0
7.0,,289.0,-263.0,-544.0,-227.0,-74.0,508.0,266.0,1449.0
18.0,,397.0,-225.0,-505.0,-135.0,-63.0,617.0,213.0,1560.0
37.0,,489.0,-195.0,-420.0,-228.0,-48.0,314.0,163.0,1574.0
47.0,,555.0,-159.0,-322.0,-267.0,-62.0,600.0,119.0,1587.0
37.0,,631.0,-117.0,-250.0,-206.0,-58.0,308.0,89.0,1584.0
33.0,,678.0,-81.0,-208.0,-155.0,-19.0,524.0,76.0,1506.0
40.0,,698.0,-35.0,-173.0,-212.0,7.0,511.0,84.0,1396.0
52.0,,724.0,20.0,-142.0,-336.0,-1.0,448.0,83.0,1294.0
51.0,,720.0,69.0,-99.0,-299.0,-12.0,696.0,82.0,1171.0
46.0,,709.0,68.0,-30.0,-159.0,-23.0,432.0,121.0,994.0
66.0,,666.0,26.0,50.0,-134.0,-41.0,753.0,163.0,817.0
95.0,,609.0,5.0,109.0,-274.0,-60.0,441.0,204.0,621.0
110.0,,551.0,0.0,133.0,-305.0,-53.0,404.0,261.0,488.0
119.0,,450.0,-12.0,122.0,-141.0,-46.0,363.0,305.0,389.0
146.0,,372.0,-27.0,73.0,-124.0,-59.0,118.0,323.0,333.0
217.0,,299.0,-35.0,2.0,-233.0,-56.0,423.0,321.0,287.0
290.0,,209.0,-27.0,-66.0,-233.0,-48.0,114.0,306.0,200.0
328.0,,144.0,-58.0,-137.0,-123.0,-58.0,349.0,262.0,127.0
384.0,,74.0,-103.0,-200.0,-124.0,-77.0,214.0,191.0,29.0
478.0,,13.0,-118.0,-239.0,-265.0,-84.0,223.0,124.0,-64.0
571.0,,-36.0,-148.0,-264.0,-305.0,-114.0,489.0,54.0,-194.0
623.0,,-117.0,-189.0,-272.0,-263.0,-130.0,286.0,-30.0,-369.0
675.0,,-163.0,-203.0,-263.0,-196.0,-170.0,694.0,-84.0,-559.0
774.0,,-198.0,-167.0,-218.0,-223.0,-230.0,487.0,-123.0,-701.0
869.0,,-250.0,-128.0,-150.0,-304.0,-213.0,642.0,-181.0,-769.0
906.0,,-254.0,-108.0,-80.0,-191.0,-231.0,622.0,-242.0,-800.0
914.0,,-275.0,-101.0,-21.0,-148.0,-257.0,380.0,-305.0,-759.0
932.0,,-289.0,-148.0,-8.0,-257.0,-261.0,543.0,-355.0,-689.0
925.0,,-285.0,-216.0,-33.0,-319.0,-254.0,125.0,-386.0,-569.0
884.0,,-308.0,-243.0,-67.0,-268.0,-208.0,362.0,-407.0,-419.0
828.0,,-300.0,-259.0,-86.0,-157.0,-186.0,258.0,-408.0,-265.0
769.0,,-313.0,-277.0,-62.0,-229.0,-158.0,351.0,-405.0,-69.0
695.0,,-336.0,-271.0,-15.0,-297.0,-132.0,463.0,-396.0,99.0
585.0,,-334.0,-232.0,14.0,-219.0,-142.0,173.0,-371.0,205.0
464.0,,-393.0,-142.0,14.0,-181.0,-160.0,415.0,-344.0,267.0
348.0,,-427.0,-41.0,4.0,-262.0,-138.0,42.0,-303.0,342.0
232.0,,-443.0,25.0,3.0,-342.0,-112.0,306.0,-253.0,385.0
89.0,,-506.0,86.0,2.0,-273.0,-112.0,410.0,-191.0,424.0
-22.0,,-521.0,138.0,19.0,-244.0,-73.0,465.0,-110.0,509.0
-92.0,,-522.0,167.0,87.0,-336.0,-18.0,759.0,-21.0,580.0
-152.0,,-516.0,169.0,168.0,-364.0,3.0,338.0,72.0,693.0
-184.0,,-448.0,127.0,202.0,-250.0,-15.0,509.0,160.0,790.0
-207.0,,-381.0,76.0,203.0,-169.0,-45.0,214.0,242.0,843.0
-198.0,,-289.0,11.0,237.0,-269.0,-46.0,280.0,328.0,895.0
-159.0,,-163.0,-98.0,316.0,-383.0,-29.0,338.0,402.0,906.0
-139.0,,-79.0,-221.0,389.0,-275.0,-15.0,92.0,471.0,929.0
-139.0,,31.0,-366.0,410.0,-170.0,14.0,365.0,529.0,965.0
-129.0,,159.0,-518.0,356.0,-225.0,33.0,20.0,577.0,1003.0
-110.0,,228.0,-631.0,265.0,-283.0,16.0,275.0,624.0,1060.0
-109.0,,326.0,-707.0,170.0,-260.0,21.0,221.0,665.0,1125.0
-131.0,,394.0,-716.0,61.0,-171.0,29.0,232.0,706.0,1185.0
-164.0,,414.0,-644.0,-65.0,-252.0,19.0,436.0,729.0,1205.0
-179.0,,443.0,-543.0,-174.0,-362.0,12.0,120.0,735.0,1204.0
-225.0,,422.0,-449.0,-212.0,-295.0,7.0,384.0,728.0,1111.0
-305.0,,409.0,-359.0,-176.0,-187.0,-6.0,147.0,715.0,979.0
-367.0,,385.0,-249.0,-96.0,-199.0,-47.0,382.0,684.0,839.0
-425.0,,344.0,-158.0,-17.0,-350.0,-70.0,443.0,645.0,619.0
-496.0,,323.0,-77.0,40.0,-315.0,-77.0,312.0,605.0,427.0
-554.0,,277.0,-8.0,81.0,-134.0,-71.0,582.0,558.0,234.0
-568.0,,233.0,47.0,100.0,-165.0,-63.0,210.0,512.0,68.0
-576.0,,190.0,119.0,126.0,-326.0,-90.0,485.0,464.0,-28.0
-577.0,,144.0,185.0,156.0,-275.0,-110.0,347.0,411.0,-67.0
-556.0,,96.0,239.0,179.0,-163.0,-139.0,376.0,351.0,-47.0
-543.0,,42.0,249.0,208.0,-244.0,-162.0,476.0,302.0,-1.0
-536.0,,-1.0,221.0,233.0,-350.0,-164.0,166.0,254.0,101.0
-522.0,,-5.0,179.0,215.0,-340.0,-172.0,476.0,208.0,215.0
-493.0,,-29.0,149.0,123.0,-215.0,-172.0,249.0,177.0,327.0
-450.0,,-56.0,134.0,-12.0,-222.0,-164.0,487.0,159.0,460.0
-398.0,,-39.0,93.0,-149.0,-366.0,-131.0,399.0,139.0,598.0
-329.0,,-75.0,27.0,-256.0,-358.0,-104.0,264.0,132.0,695.0
-280.0,,-95.0,-40.0,-308.0,-273.0,-77.0,487.0,147.0,787.0
-250.0,,-90.0,-86.0,-316.0,-265.0,-57.0,227.0,131.0,841.0
-219.0,,-112.0,-117.0,-303.0,-353.0,-40.0,606.0,97.0,853.0
-206.0,,-107.0,-174.0,-274.0,-364.0,11.0,376.0,80.0,890.0
-206.0,,-109.0,-280.0,-207.0,-269.0,34.0,441.0,71.0,854.0
-210.0,,-113.0,-374.0,-115.0,-302.0,49.0,491.0,47.0,784.0
-191.0,,-98.0,-429.0,-36.0,-434.0,58.0,238.0,21.0,719.0
-177.0,,-101.0,-459.0,21.0,-456.0,33.0,504.0,-4.0,606.0
-188.0,,-81.0,-442.0,59.0,-325.0,17.0,188.0,-36.0,510.0
-176.0,,-63.0,-408.0,79.0,-263.0,-12.0,419.0,-54.0,461.0
-138.0,,-69.0,-359.0,79.0,-347.0,-14.0,291.0,-60.0,414.0
-102.0,,-42.0,-307.0,70.0,-381.0,0.0,312.0,-44.0,396.0
-84.0,,-46.0,-281.0,56.0,-274.0,-4.0,530.0,-7.0,403.0
-45.0,,-46.0,-259.0,40.0,-239.0,5.0,242.0,36.0,411.0
10.0,,-13.0,-250.0,26.0,-372.0,2.0,548.0,83.0,437.0
24.0,,-24.0,-280.0,-11.0,-395.0,4.0,258.0,112.0,448.0
17.0,,-7.0,-322.0,-98.0,-265.0,10.0,391.0,114.0,460.0
20.0,,13.0,-341.0,-206.0,-208.0,27.0,397.0,100.0,460.0
2.0,,3.0,-373.0,-290.0,-305.0,37.0,249.0,54.0,471.0
-34.0,,14.0,-427.0,-363.0,-349.0,17.0,473.0,-3.0,497.0
-95.0,,6.0,-465.0,-437.0,-206.0,26.0,86.0,-30.0,508.0
-141.0,,-14.0,-528.0,-484.0,-125.0,37.0,327.0,-53.0,532.0
-164.0,,-21.0,-636.0,-500.0,-215.0,26.0,123.0,-81.0,545.0
-199.0,,-47.0,-754.0,-497.0,-289.0,29.0,162.0,-115.0,537.0
-249.0,,-64.0,-858.0,-476.0,-258.0,40.0,328.0,-166.0,469.0
-326.0,,-74.0,-925.0,-437.0,-191.0,46.0,118.0,-229.0,368.0
-371.0,,-97.0,-971.0,-395.0,-223.0,43.0,461.0,-305.0,330.0
-399.0,,-108.0,-974.0,-364.0,-248.0,46.0,164.0,-388.0,330.0
-479.0,,-113.0,-916.0,-357.0,-184.0,57.0,339.0,-461.0,329.0
-567.0,,-126.0,-840.0,-351.0,-200.0,66.0,194.0,-496.0,324.0
-607.0,,-144.0,-734.0,-301.0,-265.0,80.0,3.0,-499.0,289.0
-606.0,,-145.0,-603.0,-220.0,-265.0,84.0,195.0,-488.0,202.0
-640.0,,-162.0,-479.0,-135.0,-166.0,96.0,-127.0,-457.0,111.0
-672.0,,-166.0,-368.0,-46.0,-140.0,109.0,214.0,-403.0,-39.0
-620.0,,-144.0,-301.0,49.0,-285.0,116.0,12.0,-345.0,-222.0
-549.0,,-116.0,-276.0,136.0,-361.0,115.0,83.0,-312.0,-381.0
-492.0,,-77.0,-262.0,208.0,-292.0,112.0,101.0,-281.0,-575.0
-433.0,,-32.0,-232.0,266.0,-250.0,138.0,-157.0,-259.0,-742.0
-356.0,,18.0,-191.0,315.0,-352.0,179.0,171.0,-231.0,-905.0
-281.0,,50.0,-154.0,367.0,-453.0,216.0,-120.0,-191.0,-1075.0
-247.0,,99.0,-117.0,429.0,-359.0,227.0,142.0,-175.0,-1198.0
-226.0,,141.0,-63.0,486.0,-212.0,260.0,27.0,-139.0,-1300.0
-177.0,,166.0,0.0,494.0,-310.0,300.0,-97.0,-109.0,-1373.0
-113.0,,207.0,35.0,431.0,-467.0,291.0,31.0,-86.0,-1385.0
-82.0,,253.0,49.0,318.0,-419.0,301.0,-290.0,-61.0,-1321.0
-59.0,,273.0,48.0,149.0,-377.0,311.0,14.0,-29.0,-1219.0
-22.0,,306.0,11.0,-53.0,-450.0,285.0,-258.0,39.0,-1072.0
2.0,,340.0,-41.0,-232.0,-509.0,260.0,-144.0,102.0,-890.0
19.0,,334.0,-79.0,-373.0,-480.0,238.0,-133.0,182.0,-681.0
25.0,,344.0,-119.0,-478.0,-422.0,203.0,-303.0,281.0,-446.0
21.0,,319.0,-154.0,-530.0,-426.0,176.0,42.0,361.0,-207.0
-9.0,,302.0,-173.0,-508.0,-473.0,169.0,-225.0,417.0,39.0
-68.0,,291.0,-183.0,-430.0,-451.0,149.0,38.0,464.0,288.0
-122.0,,259.0,-169.0,-340.0,-365.0,133.0,-112.0,489.0,499.0
-160.0,,248.0,-139.0,-255.0,-391.0,132.0,-86.0,457.0,658.0
-194.0,,232.0,-97.0,-178.0,-482.0,153.0,77.0,401.0,830.0
-252.0,,213.0,-65.0,-98.0,-491.0,147.0,-212.0,327.0,949.0
-319.0,,170.0,-55.0,-15.0,-404.0,119.0,12.0,240.0,1062.0
-362.0,,130.0,-41.0,73.0,-379.0,141.0,-384.0,152.0,1195.0
-404.0,,96.0,-28.0,163.0,-510.0,168.0,-254.0,66.0,1250.0
-463.0,,52.0,-16.0,229.0,-490.0,168.0,-293.0,-9.0,1346.0
-521.0,,-11.0,3.0,253.0,-333.0,153.0,-415.0,-81.0,1448.0
-574.0,,-52.0,38.0,252.0,-299.0,127.0,-177.0,-124.0,1508.0
-609.0,,-77.0,72.0,266.0,-367.0,79.0,-552.0,-149.0,1584.0
-628.0,,-116.0,87.0,274.0,-392.0,11.0,-345.0,-164.0,1599.0
-649.0,,-110.0,72.0,237.0,-250.0,-23.0,-598.0,-161.0,1552.0
-662.0,,-118.0,47.0,161.0,-215.0,-57.0,-521.0,-157.0,1448.0
-629.0,,-107.0,3.0,80.0,-332.0,-122.0,-360.0,-138.0,1276.0
-578.0,,-77.0,-54.0,34.0,-294.0,-158.0,-508.0,-115.0,1080.0
-565.0,,-66.0,-64.0,36.0,-179.0,-186.0,-171.0,-100.0,890.0
-537.0,,-27.0,-37.0,84.0,-146.0,-215.0,-526.0,-58.0,675.0
-441.0,,9.0,-8.0,168.0,-180.0,-214.0,-343.0,-12.0,439.0
-345.0,,52.0,16.0,252.0,-171.0,-197.0,-471.0,35.0,236.0
-303.0,,109.0,56.0,293.0,-41.0,-199.0,-541.0,86.0,3.0
-279.0,,174.0,99.0,274.0,19.0,-202.0,-325.0,135.0,-200.0
-193.0,,235.0,110.0,202.0,-63.0,-171.0,-667.0,222.0,-348.0
-92.0,,298.0,91.0,88.0,-75.0,-158.0,-393.0,345.0,-516.0
-56.0,,343.0,41.0,-30.0,85.0,-158.0,-641.0,500.0,-604.0
-27.0,,377.0,-57.0,-119.0,162.0,-145.0,-491.0,674.0,-649.0
20.0,,405.0,-205.0,-178.0,91.0,-157.0,-495.0,851.0,-721.0
84.0,,401.0,-330.0,-220.0,115.0,-162.0,-733.0,1008.0,-727.0
111.0,,419.0,-413.0,-258.0,215.0,-158.0,-447.0,1119.0,-708.0
91.0,,407.0,-489.0,-298.0,304.0,-183.0,-787.0,1190.0,-698.0
83.0,,398.0,-536.0,-323.0,259.0,-188.0,-500.0,1188.0,-643.0
95.0,,402.0,-545.0,-314.0,235.0,-167.0,-613.0,1126.0,-613.0
110.0,,354.0,-472.0,-264.0,360.0,-152.0,-607.0,1015.0,-570.0
78.0,,333.0,-355.0,-162.0,383.0,-144.0,-406.0,862.0,-478.0
52.0,,297.0,-280.0,-40.0,344.0,-146.0,-670.0,705.0,-415.0
65.0,,244.0,-214.0,88.0,331.0,-123.0,-327.0,544.0,-365.0
68.0,,206.0,-136.0,214.0,431.0,-68.0,-570.0,380.0,-323.0
47.0,,136.0,-41.0,293.0,508.0,-40.0,-410.0,239.0,-306.0
1.0,,98.0,39.0,321.0,436.0,-18.0,-384.0,115.0,-256.0
-27.0,,60.0,77.0,339.0,427.0,43.0,-480.0,6.0,-169.0
-41.0,,1.0,113.0,358.0,527.0,71.0,-177.0,-69.0,-72.0
-63.0,,-27.0,126.0,350.0,675.0,57.0,-493.0,-137.0,17.0
-72.0,,-67.0,95.0,295.0,633.0,91.0,-184.0,-206.0,82.0
-65.0,,-97.0,72.0,195.0,547.0,142.0,-321.0,-280.0,135.0
-66.0,,-122.0,83.0,63.0,659.0,129.0,-297.0,-375.0,132.0
-94.0,,-147.0,103.0,-66.0,706.0,105.0,-182.0,-446.0,130.0
-139.0,,-160.0,127.0,-146.0,648.0,137.0,-517.0,-484.0,99.0
-160.0,,-180.0,166.0,-148.0,581.0,196.0,-247.0,-493.0,34.0
-168.0,,-212.0,226.0,-84.0,603.0,205.0,-533.0,-447.0,29.0
-182.0,,-264.0,270.0,5.0,717.0,174.0,-334.0,-359.0,12.0
-197.0,,-295.0,301.0,69.0,713.0,173.0,-352.0,-236.0,1.0
-194.0,,-353.0,313.0,95.0,642.0,180.0,-454.0,-84.0,-15.0
-172.0,,-421.0,287.0,112.0,653.0,171.0,-210.0,61.0,-27.0
-186.0,,-458.0,245.0,159.0,677.0,174.0,-548.0,179.0,-10.0
-229.0,,-525.0,175.0,197.0,688.0,205.0,-262.0,258.0,19.0
-267.0,,-574.0,60.0,189.0,679.0,209.0,-447.0,310.0,70.0
-292.0,,-609.0,-51.0,147.0,703.0,208.0,-332.0,329.0,130.0
-318.0,,-642.0,-148.0,59.0,829.0,222.0,-243.0,321.0,210.0
-360.0,,-633.0,-246.0,-69.0,845.0,205.0,-558.0,297.0,257.0
-382.0,,-633.0,-322.0,-200.0,740.0,210.0,-332.0,271.0,291.0
-398.0,,-614.0,-386.0,-287.0,751.0,224.0,-663.0,259.0,298.0
-436.0,,-568.0,-463.0,-314.0,840.0,239.0,-402.0,233.0,274.0
-478.0,,-528.0,-513.0,-295.0,875.0,230.0,-447.0,195.0,245.0
-470.0,,-458.0,-539.0,-248.0,823.0,242.0,-456.0,140.0,223.0
-444.0,,-394.0,-563.0,-178.0,775.0,299.0,-238.0,64.0,231.0
-469.0,,-335.0,-559.0,-83.0,854.0,307.0,-556.0,0.0,242.0
-509.0,,-270.0,-535.0,3.0,889.0,292.0,-236.0,-52.0,239.0
-519.0,,-223.0,-467.0,81.0,805.0,303.0,-478.0,-113.0,214.0
-507.0,,-162.0,-363.0,169.0,820.0,336.0,-386.0,-167.0,206.0
-522.0,,-114.0,-269.0,254.0,885.0,337.0,-437.0,-222.0,145.0
-558.0,,-67.0,-188.0,301.0,916.0,316.0,-692.0,-312.0,38.0
-547.0,,7.0,-114.0,292.0,901.0,310.0,-389.0,-406.0,-52.0
-505.0,,77.0,-13.0,266.0,918.0,296.0,-670.0,-489.0,-170.0
-503.0,,141.0,97.0,230.0,992.0,255.0,-362.0,-565.0,-279.0
-543.0,,228.0,203.0,185.0,969.0,216.0,-473.0,-605.0,-370.0
-578.0,,296.0,302.0,137.0,902.0,193.0,-482.0,-602.0,-460.0
-591.0,,352.0,384.0,87.0,853.0,169.0,-323.0,-576.0,-527.0
-610.0,,418.0,437.0,67.0,904.0,157.0,-574.0,-528.0,-527.0
-649.0,,470.0,423.0,78.0,955.0,145.0,-212.0,-458.0,-527.0
-679.0,,506.0,366.0,95.0,863.0,151.0,-491.0,-369.0,-486.0
-669.0,,537.0,268.0,92.0,829.0,163.0,-339.0,-266.0,-397.0
-633.0,,573.0,107.0,58.0,894.0,178.0,-389.0,-156.0,-349.0
-609.0,,572.0,-102.0,13.0,964.0,200.0,-596.0,-46.0,-317.0
-591.0,,561.0,-308.0,-52.0,888.0,177.0,-351.0,24.0,-316.0
-556.0,,574.0,-482.0,-134.0,790.0,160.0,-696.0,81.0,-300.0
-525.0,,564.0,-674.0,-186.0,887.0,172.0,-430.0,121.0,-239.0
-500.0,,529.0,-882.0,-173.0,976.0,157.0,-576.0,111.0,-150.0
-467.0,,503.0,-1006.0,-114.0,928.0,116.0,-511.0,75.0,-80.0
-430.0,,448.0,-993.0,-74.0,855.0,68.0,-375.0,13.0,-30.0
-391.0,,381.0,-889.0,-59.0,895.0,42.0,-561.0,-74.0,10.0
-370.0,,310.0,-733.0,-40.0,957.0,29.0,-212.0,-187.0,30.0
-375.0,,218.0,-538.0,-21.0,871.0,-17.0,-515.0,-320.0,47.0
-388.0,,157.0,-328.0,2.0,784.0,-63.0,-258.0,-459.0,4.0
-401.0,,94.0,-141.0,58.0,818.0,-63.0,-286.0,-581.0,-63.0
-390.0,,16.0,31.0,169.0,836.0,-63.0,-376.0,-670.0,-137.0
-365.0,,-40.0,181.0,285.0,765.0,-85.0,-142.0,-726.0,-196.0
-340.0,,-116.0,289.0,345.0,690.0,-79.0,-511.0,-750.0,-210.0
-310.0,,-208.0,390.0,351.0,682.0,-39.0,-267.0,-741.0,-214.0
-291.0,,-264.0,476.0,310.0,677.0,20.0,-517.0,-681.0,-162.0
-281.0,,-326.0,525.0,236.0,624.0,39.0,-432.0,-602.0,-84.0
-259.0,,-368.0,539.0,150.0,577.0,29.0,-345.0,-499.0,-33.0
-211.0,,-373.0,512.0,67.0,605.0,66.0,-541.0,-399.0,0.0
-205.0,,-372.0,442.0,-12.0,657.0,104.0,-262.0,-331.0,-11.0
-223.0,,-346.0,334.0,-85.0,630.0,106.0,-589.0,-280.0,-55.0
-197.0,,-299.0,231.0,-151.0,553.0,102.0,-373.0,-256.0,-97.0
-155.0,,-241.0,133.0,-200.0,563.0,98.0,-546.0,-242.0,-148.0
-143.0,,-185.0,24.0,-229.0,680.0,73.0,-622.0,-218.0,-174.0
-145.0,,-135.0,-72.0,-271.0,634.0,63.0,-423.0,-171.0,-195.0
-81.0,,-88.0,-159.0,-316.0,484.0,67.0,-663.0,-134.0,-231.0
-8.0,,-25.0,-217.0,-329.0,483.0,81.0,-267.0,-95.0,-255.0
27.0,,-5.0,-272.0,-304.0,518.0,94.0,-460.0,-38.0,-286.0
66.0,,18.0,-307.0,-243.0,513.0,80.0,-323.0,6.0,-304.0
142.0,,53.0,-293.0,-177.0,422.0,129.0,-345.0,47.0,-320.0
223.0,,36.0,-262.0,-144.0,379.0,174.0,-585.0,60.0,-360.0
273.0,,60.0,-227.0,-119.0,481.0,182.0,-299.0,59.0,-396.0
350.0,,39.0,-171.0,-40.0,509.0,183.0,-578.0,72.0,-447.0
411.0,,28.0,-127.0,102.0,461.0,166.0,-325.0,61.0,-505.0
468.0,,31.0,-142.0,261.0,469.0,148.0,-463.0,30.0,-561.0
527.0,,-15.0,-178.0,362.0,503.0,115.0,-487.0,-2.0,-636.0
544.0,,-16.0,-203.0,377.0,492.0,102.0,-347.0,-53.0,-692.0
521.0,,-52.0,-220.0,335.0,459.0,64.0,-624.0,-101.0,-703.0
485.0,,-67.0,-209.0,295.0,424.0,-3.0,-341.0,-152.0,-680.0
491.0,,-83.0,-161.0,286.0,487.0,-31.0,-589.0,-207.0,-609.0
477.0,,-121.0,-97.0,298.0,537.0,-32.0,-384.0,-226.0,-509.0
432.0,,-117.0,-48.0,341.0,425.0,-93.0,-382.0,-239.0,-429.0
373.0,,-138.0,-32.0,391.0,402.0,-185.0,-537.0,-242.0,-356.0
341.0,,-155.0,-44.0,401.0,461.0,-257.0,-321.0,-224.0,-283.0
312.0,,-151.0,-83.0,342.0,509.0,-341.0,-685.0,-222.0,-187.0
237.0,,-139.0,-154.0,223.0,550.0,-377.0,-469.0,-203.0,-107.0
181.0,,-120.0,-224.0,64.0,506.0,-412.0,-681.0,-166.0,-74.0
121.0,,-67.0,-265.0,-87.0,509.0,-450.0,-580.0,-107.0,-32.0
43.0,,-26.0,-280.0,-166.0,542.0,-459.0,-365.0,-7.0,-5.0
-24.0,,47.0,-283.0,-175.0,450.0,-462.0,-533.0,80.0,31.0
-73.0,,131.0,-304.0,-160.0,375.0,-492.0,-171.0,168.0,70.0
-104.0,,162.0,-300.0,-156.0,482.0,-543.0,-434.0,270.0,70.0
-125.0,,245.0,-234.0,-158.0,563.0,-545.0,-201.0,350.0,45.0
-117.0,,295.0,-146.0,-153.0,534.0,-582.0,-243.0,408.0,6.0
-90.0,,310.0,-79.0,-159.0,507.0,-640.0,-314.0,435.0,-31.0
-78.0,,347.0,-77.0,-190.0,509.0,-654.0,-90.0,426.0,-77.0
-91.0,,352.0,-117.0,-236.0,563.0,-675.0,-480.0,403.0,-145.0
-114.0,,338.0,-163.0,-259.0,536.0,-694.0,-271.0,367.0,-235.0
-137.0,,333.0,-262.0,-231.0,494.0,-670.0,-563.0,298.0,-295.0
-177.0,,311.0,-400.0,-172.0,533.0,-656.0,-482.0,215.0,-364.0
-226.0,,281.0,-523.0,-123.0,527.0,-676.0,-382.0,117.0,-459.0
-262.0,,264.0,-587.0,-102.0,511.0,-681.0,-604.0,-15.0,-530.0
-287.0,,192.0,-579.0,-87.0,505.0,-698.0,-284.0,-159.0,-615.0
-300.0,,149.0,-509.0,-52.0,515.0,-737.0,-596.0,-305.0,-695.0
-320.0,,86.0,-399.0,-2.0,575.0,-769.0,-373.0,-470.0,-765.0
-336.0,,2.0,-294.0,27.0,552.0,-757.0,-419.0,-636.0,-819.0
-317.0,,-48.0,-214.0,10.0,519.0,-739.0,-349.0,-789.0,-823.0
-297.0,,-120.0,-149.0,-21.0,540.0,-751.0,-105.0,-898.0,-796.0
-310.0,,-163.0,-93.0,-22.0,527.0,-765.0,-430.0,-917.0,-752.0
-319.0,,-215.0,-78.0,-25.0,520.0,-775.0,-116.0,-898.0,-686.0
-278.0,,-260.0,-117.0,-79.0,417.0,-771.0,-397.0,-853.0,-581.0
-229.0,,-283.0,-148.0,-169.0,319.0,-738.0,-277.0,-806.0,-470.0
-210.0,,-313.0,-152.0,-240.0,361.0,-703.0,-232.0,-765.0,-375.0
-206.0,,-331.0,-151.0,-259.0,348.0,-702.0,-424.0,-698.0,-321.0
-196.0,,-338.0,-146.0,-254.0,224.0,-665.0,-133.0,-643.0,-314.0
-186.0,,-351.0,-163.0,-237.0,191.0,-626.0,-432.0,-573.0,-344.0
-199.0,,-380.0,-191.0,-189.0,285.0,-613.0,-173.0,-484.0,-381.0
-208.0,,-377.0,-219.0,-121.0,265.0,-586.0,-389.0,-406.0,-430.0
-174.0,,-382.0,-231.0,-50.0,143.0,-555.0,-400.0,-356.0,-499.0
-137.0,,-401.0,-220.0,24.0,127.0,-518.0,-216.0,-305.0,-537.0
-117.0,,-399.0,-212.0,82.0,198.0,-512.0,-424.0,-260.0,-572.0
-92.0,,-388.0,-228.0,103.0,199.0,-537.0,-1.0,-215.0,-594.0
-71.0,,-355.0,-291.0,94.0,114.0,-533.0,-221.0,-141.0,-584.0
-44.0,,-331.0,-366.0,77.0,92.0,-483.0,-3.0,-86.0,-576.0
-42.0,,-287.0,-435.0,68.0,114.0,-476.0,-55.0,-53.0,-559.0
-67.0,,-230.0,-533.0,74.0,73.0,-501.0,-171.0,-31.0,-472.0
-57.0,,-183.0,-643.0,82.0,6.0,-501.0,107.0,-36.0,-347.0
-34.0,,-96.0,-734.0,101.0,10.0,-494.0,-225.0,-63.0,-221.0
-45.0,,-32.0,-762.0,135.0,74.0,-501.0,110.0,-100.0,-94.0
-88.0,,18.0,-722.0,169.0,54.0,-528.0,-64.0,-143.0,19.0
-115.0,,95.0,-624.0,192.0,-16.0,-479.0,3.0,-208.0,138.0
-134.0,,143.0,-446.0,188.0,-56.0,-428.0,103.0,-282.0,221.0
-181.0,,204.0,-231.0,168.0,-54.0,-417.0,-145.0,-326.0,239.0
-258.0,,256.0,-15.0,147.0,-70.0,-361.0,160.0,-338.0,171.0
-328.0,,270.0,210.0,138.0,-165.0,-283.0,-181.0,-324.0,59.0
-374.0,,296.0,395.0,157.0,-214.0,-253.0,57.0,-288.0,-74.0
-450.0,,281.0,543.0,185.0,-196.0,-241.0,1.0,-263.0,-205.0
-500.0,,233.0,643.0,206.0,-218.0,-202.0,-107.0,-225.0,-319.0
-516.0,,214.0,650.0,214.0,-286.0,-214.0,160.0,-161.0,-407.0
-534.0,,145.0,591.0,184.0,-320.0,-199.0,-64.0,-93.0,-499.0
-535.0,,63.0,488.0,122.0,-287.0,-151.0,260.0,-10.0,-646.0
-534.0,,5.0,343.0,64.0,-322.0,-137.0,27.0,81.0,-774.0
-545.0,,-94.0,166.0,24.0,-400.0,-158.0,138.0,166.0,-889.0
-551.0,,-172.0,-27.0,-4.0,-388.0,-182.0,206.0,238.0,-1008.0
-504.0,,-238.0,-174.0,-36.0,-368.0,-158.0,68.0,269.0,-1078.0
-441.0,,-315.0,-268.0,-79.0,-384.0,-179.0,395.0,235.0,-1120.0
-386.0,,-362.0,-353.0,-110.0,-468.0,-190.0,27.0,171.0,-1141.0
-289.0,,-407.0,-435.0,-120.0,-520.0,-159.0,230.0,100.0,-1098.0
-175.0,,-465.0,-498.0,-110.0,-452.0,-140.0,53.0,46.0,-1052.0
-76.0,,-505.0,-519.0,-96.0,-487.0,-137.0,-7.0,6.0,-952.0
10.0,,-530.0,-498.0,-88.0,-569.0,-171.0,127.0,-38.0,-757.0
127.0,,-546.0,-469.0,-69.0,-542.0,-168.0,-184.0,-68.0,-591.0
272.0,,-531.0,-453.0,-52.0,-499.0,-186.0,166.0,-85.0,-430.0
371.0,,-518.0,-478.0,-29.0,-521.0,-228.0,-42.0,-102.0,-247.0
436.0,,-465.0,-546.0,5.0,-612.0,-219.0,225.0,-94.0,-80.0
505.0,,-418.0,-615.0,69.0,-667.0,-239.0,273.0,-70.0,52.0
591.0,,-394.0,-710.0,184.0,-609.0,-244.0,144.0,-56.0,199.0
673.0,,-327.0,-854.0,318.0,-539.0,-240.0,426.0,-32.0,319.0
718.0,,-295.0,-983.0,454.0,-559.0,-235.0,118.0,-24.0,401.0
783.0,,-252.0,-1083.0,542.0,-628.0,-220.0,461.0,-22.0,511.0
833.0,,-209.0,-1160.0,564.0,-549.0,-255.0,295.0,-12.0,595.0
836.0,,-181.0,-1210.0,544.0,-463.0,-239.0,290.0,-8.0,676.0
810.0,,-138.0,-1240.0,483.0,-533.0,-211.0,365.0,-8.0,747.0
747.0,,-124.0,-1219.0,393.0,-582.0,-219.0,107.0,-18.0,767.0
710.0,,-101.0,-1143.0,275.0,-570.0,-223.0,413.0,-23.0,788.0
688.0,,-101.0,-1048.0,171.0,-515.0,-229.0,96.0,-18.0,833.0
640.0,,-113.0,-948.0,85.0,-561.0,-196.0,286.0,0.0,878.0
568.0,,-118.0,-828.0,-13.0,-637.0,-203.0,203.0,6.0,891.0
522.0,,-147.0,-685.0,-117.0,-626.0,-218.0,120.0,-29.0,885.0
483.0,,-162.0,-525.0,-222.0,-545.0,-186.0,382.0,-99.0,855.0
406.0,,-173.0,-363.0,-303.0,-513.0,-177.0,84.0,-168.0,793.0
324.0,,-171.0,-238.0,-355.0,-594.0,-186.0,397.0,-234.0,707.0
274.0,,-156.0,-160.0,-381.0,-565.0,-178.0,144.0,-279.0,598.0
227.0,,-161.0,-103.0,-381.0,-544.0,-111.0,192.0,-293.0,474.0
150.0,,-157.0,-67.0,-368.0,-558.0,-31.0,279.0,-305.0,346.0
103.0,,-136.0,-62.0,-334.0,-614.0,3.0,110.0,-280.0,231.0
80.0,,-139.0,-76.0,-291.0,-649.0,-10.0,424.0,-262.0,151.0
80.0,,-128.0,-93.0,-277.0,-567.0,-47.0,109.0,-263.0,87.0
95.0,,-100.0,-97.0,-305.0,-600.0,-28.0,343.0,-234.0,-8.0
127.0,,-86.0,-77.0,-342.0,-708.0,34.0,118.0,-197.0,-112.0
182.0,,-58.0,-45.0,-350.0,-705.0,56.0,-5.0,-176.0,-184.0
217.0,,-19.0,-30.0,-316.0,-655.0,62.0,160.0,-165.0,-254.0
270.0,,11.0,-44.0,-254.0,-679.0,99.0,-171.0,-156.0,-311.0
312.0,,46.0,-94.0,-185.0,-733.0,104.0,199.0,-164.0,-337.0
332.0,,79.0,-179.0,-118.0,-747.0,78.0,3.0,-182.0,-343.0
383.0,,108.0,-275.0,-68.0,-658.0,73.0,210.0,-211.0,-332.0
419.0,,157.0,-363.0,-37.0,-646.0,56.0,230.0,-233.0,-314.0
439.0,,204.0,-455.0,-12.0,-722.0,58.0,53.0,-248.0,-276.0
463.0,,237.0,-526.0,-7.0,-713.0,54.0,363.0,-249.0,-233.0
486.0,,277.0,-557.0,-7.0,-651.0,26.0,49.0,-223.0,-184.0
515.0,,291.0,-546.0,-3.0,-586.0,34.0,354.0,-191.0,-120.0
507.0,,290.0,-493.0,4.0,-634.0,38.0,171.0,-128.0,-29.0
510.0,,273.0,-439.0,21.0,-679.0,47.0,160.0,-61.0,101.0
555.0,,208.0,-414.0,10.0,-643.0,64.0,254.0,0.0,222.0
565.0,,156.0,-416.0,-47.0,-636.0,60.0,-88.0,68.0,332.0
576.0,,87.0,-459.0,-124.0,-693.0,40.0,171.0,119.0,464.0
624.0,,12.0,-524.0,-186.0,-685.0,41.0,-151.0,141.0,616.0
673.0,,-38.0,-553.0,-214.0,-626.0,79.0,49.0,142.0,761.0
676.0,,-124.0,-547.0,-222.0,-640.0,85.0,12.0,158.0,858.0
659.0,,-182.0,-535.0,-220.0,-632.0,77.0,-77.0,199.0,934.0
666.0,,-224.0,-506.0,-204.0,-646.0,104.0,194.0,231.0,992.0
659.0,,-266.0,-425.0,-189.0,-611.0,135.0,-86.0,255.0,978.0
622.0,,-279.0,-320.0,-194.0,-552.0,155.0,262.0,282.0,964.0
567.0,,-279.0,-217.0,-211.0,-640.0,188.0,62.0,295.0,938.0
508.0,,-275.0,-107.0,-207.0,-702.0,222.0,110.0,302.0,868.0
435.0,,-269.0,-37.0,-161.0,-678.0,250.0,136.0,296.0,822.0
355.0,,-276.0,-30.0,-98.0,-638.0,291.0,-123.0,286.0,734.0
254.0,,-276.0,-90.0,-60.0,-636.0,312.0,210.0,287.0,624.0
156.0,,-265.0,-211.0,-72.0,-712.0,336.0,-79.0,294.0,510.0
107.0,,-277.0,-363.0,-84.0,-756.0,376.0,107.0,303.0,336.0
55.0,,-260.0,-541.0,-58.0,-752.0,389.0,-35.0,291.0,158.0
0.0,,-238.0,-699.0,-12.0,-804.0,380.0,-144.0,252.0,-12.0
-56.0,,-214.0,-823.0,39.0,-874.0,379.0,-7.0,177.0,-153.0
-98.0,,-189.0,-897.0,68.0,-817.0,390.0,-291.0,82.0,-209.0
-124.0,,-180.0,-892.0,79.0,-726.0,419.0,96.0,-25.0,-189.0
-160.0,,-148.0,-849.0,65.0,-743.0,458.0,-81.0,-136.0,-103.0
-165.0,,-123.0,-805.0,49.0,-786.0,473.0,66.0,-209.0,41.0
-141.0,,-107.0,-744.0,39.0,-742.0,469.0,48.0,-247.0,217.0
-98.0,,-93.0,-658.0,41.0,-680.0,461.0,-199.0,-230.0,437.0
-41.0,,-96.0,-581.0,51.0,-739.0,467.0,16.0,-177.0,659.0
2.0,,-105.0,-538.0,43.0,-761.0,482.0,-363.0,-94.0,807.0
50.0,,-116.0,-524.0,28.0,-720.0,482.0,-112.0,23.0,905.0
104.0,,-148.0,-519.0,-10.0,-745.0,475.0,-229.0,145.0,976.0
153.0,,-175.0,-495.0,-77.0,-818.0,493.0,-184.0,283.0,996.0
184.0,,-198.0,-487.0,-140.0,-885.0,482.0,-22.0,414.0,983.0
196.0,,-234.0,-498.0,-144.0,-829.0,453.0,-312.0,493.0,960.0
217.0,,-277.0,-517.0,-91.0,-744.0,481.0,-33.0,531.0,915.0
235.0,,-313.0,-581.0,-39.0,-763.0,509.0,-339.0,514.0,871.0
248.0,,-351.0,-653.0,-5.0,-798.0,516.0,-134.0,448.0,827.0
260.0,,-388.0,-701.0,-4.0,-749.0,508.0,-140.0,399.0,774.0
275.0,,-387.0,-754.0,-23.0,-701.0,523.0,-247.0,354.0,744.0
279.0,,-407.0,-795.0,-34.0,-749.0,537.0,18.0,315.0,744.0
261.0,,-399.0,-795.0,-18.0,-875.0,504.0,-310.0,320.0,743.0
241.0,,-368.0,-793.0,6.0,-901.0,493.0,-51.0,334.0,743.0
219.0,,-342.0,-799.0,5.0,-790.0,484.0,-269.0,355.0,753.0
202.0,,-282.0,-790.0,-21.0,-818.0,479.0,-134.0,357.0,739.0
168.0,,-238.0,-758.0,-73.0,-934.0,470.0,31.0,335.0,706.0
157.0,,-194.0,-736.0,-123.0,-880.0,450.0,-144.0,315.0,670.0
160.0,,-162.0,-721.0,-134.0,-753.0,459.0,190.0,258.0,617.0
140.0,,-128.0,-691.0,-83.0,-785.0,436.0,-142.0,193.0,528.0
144.0,,-86.0,-671.0,29.0,-881.0,408.0,36.0,132.0,449.0
137.0,,-44.0,-656.0,182.0,-869.0,388.0,-109.0,32.0,380.0
131.0,,7.0,-638.0,326.0,-804.0,364.0,-160.0,-73.0,306.0
129.0,,69.0,-602.0,433.0,-836.0,352.0,68.0,-169.0,250.0
114.0,,120.0,-569.0,505.0,-989.0,317.0,-205.0,-257.0,198.0
97.0,,155.0,-555.0,538.0,-1030.0,278.0,86.0,-309.0,156.0
90.0,,186.0,-546.0,528.0,-949.0,248.0,-158.0,-317.0,91.0
127.0,,203.0,-528.0,475.0,-968.0,225.0,12.0,-294.0,-2.0
148.0,,223.0,-500.0,394.0,-1051.0,222.0,48.0,-234.0,-146.0
139.0,,205.0,-488.0,279.0,-1051.0,233.0,-75.0,-150.0,-284.0
148.0,,200.0,-454.0,147.0,-957.0,250.0,264.0,-81.0,-388.0
195.0,,190.0,-400.0,28.0,-940.0,225.0,-31.0,-12.0,-503.0
224.0,,145.0,-408.0,-54.0,-1039.0,171.0,240.0,55.0,-557.0
215.0,,103.0,-474.0,-86.0,-1029.0,151.0,25.0,102.0,-580.0
200.0,,44.0,-535.0,-99.0,-951.0,143.0,-40.0,132.0,-576.0
198.0,,1.0,-602.0,-107.0,-941.0,157.0,105.0,136.0,-508.0
204.0,,-51.0,-674.0,-100.0,-1028.0,191.0,-168.0,132.0,-401.0
175.0,,-121.0,-736.0,-85.0,-1118.0,194.0,121.0,114.0,-261.0
150.0,,-190.0,-795.0,-74.0,-997.0,166.0,-145.0,83.0,-100.0
149.0,,-232.0,-833.0,-68.0,-936.0,171.0,35.0,48.0,22.0
177.0,,-276.0,-823.0,-38.0,-1045.0,248.0,-27.0,-3.0,115.0
193.0,,-316.0,-799.0,13.0,-1029.0,311.0,-182.0,-49.0,217.0
189.0,,-314.0,-810.0,74.0,-927.0,337.0,24.0,-85.0,266.0
194.0,,-321.0,-821.0,143.0,-927.0,355.0,-301.0,-116.0,271.0
188.0,,-307.0,-795.0,195.0,-1044.0,367.0,48.0,-141.0,256.0
182.0,,-293.0,-743.0,217.0,-1023.0,388.0,-81.0,-168.0,219.0
149.0,,-288.0,-660.0,228.0,-827.0,380.0,12.0,-201.0,178.0
116.0,,-278.0,-556.0,227.0,-751.0,377.0,83.0,-240.0,127.0
99.0,,-260.0,-418.0,195.0,-864.0,387.0,-197.0,-253.0,38.0
80.0,,-226.0,-290.0,128.0,-940.0,370.0,46.0,-241.0,-26.0
39.0,,-203.0,-177.0,45.0,-835.0,353.0,-306.0,-202.0,-59.0
0.0,,-162.0,-55.0,-32.0,-795.0,356.0,-90.0,-136.0,-123.0
-22.0,,-103.0,34.0,-86.0,-909.0,360.0,-166.0,-61.0,-131.0
-46.0,,-58.0,86.0,-111.0,-954.0,333.0,-234.0,21.0,-112.0
-56.0,,-18.0,109.0,-114.0,-889.0,350.0,-66.0,90.0,-82.0
-49.0,,21.0,114.0,-124.0,-813.0,395.0,-367.0,167.0,-1.0
-32.0,,34.0,81.0,-141.0,-882.0,415.0,-59.0,258.0,81.0
-18.0,,15.0,6.0,-145.0,-960.0,421.0,-347.0,350.0,198.0
2.0,,-3.0,-48.0,-145.0,-805.0,425.0,-190.0,462.0,340.0
36.0,,-44.0,-89.0,-143.0,-679.0,445.0,-57.0,559.0,471.0
52.0,,-93.0,-147.0,-143.0,-762.0,448.0,-147.0,617.0,614.0
65.0,,-154.0,-247.0,-141.0,-846.0,479.0,182.0,644.0,721.0
89.0,,-209.0,-356.0,-132.0,-763.0,522.0,-166.0,641.0,747.0
125.0,,-236.0,-464.0,-143.0,-657.0,509.0,12.0,603.0,737.0
165.0,,-281.0,-565.0,-177.0,-745.0,491.0,-216.0,526.0,684.0
204.0,,-285.0,-608.0,-224.0,-866.0,497.0,-169.0,428.0,550.0
229.0,,-269.0,-595.0,-284.0,-830.0,501.0,44.0,302.0,392.0
246.0,,-260.0,-527.0,-326.0,-722.0,514.0,-188.0,158.0,251.0
290.0,,-209.0,-373.0,-345.0,-789.0,542.0,127.0,17.0,111.0
338.0,,-174.0,-168.0,-361.0,-900.0,532.0,-273.0,-136.0,15.0
380.0,,-119.0,17.0,-365.0,-815.0,513.0,-164.0,-253.0,-67.0
433.0,,-49.0,169.0,-368.0,-729.0,523.0,-218.0,-344.0,-155.0
484.0,,-15.0,297.0,-362.0,-744.0,538.0,-317.0,-406.0,-199.0
525.0,,38.0,407.0,-343.0,-837.0,551.0,7.0,-408.0,-204.0
555.0,,60.0,483.0,-332.0,-776.0,559.0,-247.0,-399.0,-193.0
573.0,,65.0,560.0,-293.0,-638.0,543.0,60.0,-363.0,-201.0
603.0,,75.0,599.0,-208.0,-688.0,514.0,-195.0,-312.0,-158.0
620.0,,38.0,557.0,-99.0,-748.0,505.0,-160.0,-278.0,-97.0
596.0,,23.0,474.0,10.0,-715.0,473.0,-107.0,-241.0,3.0
572.0,,9.0,318.0,106.0,-620.0,423.0,-395.0,-213.0,111.0
531.0,,-39.0,105.0,177.0,-631.0,404.0,-153.0,-180.0,193.0
458.0,,-67.0,-118.0,223.0,-712.0,413.0,-491.0,-120.0,255.0
367.0,,-75.0,-316.0,233.0,-628.0,433.0,-210.0,-52.0,246.0
276.0,,-116.0,-495.0,199.0,-525.0,443.0,-218.0,30.0,246.0
185.0,,-130.0,-638.0,163.0,-548.0,478.0,-199.0,112.0,206.0
78.0,,-133.0,-729.0,147.0,-631.0,522.0,1.0,181.0,202.0
-51.0,,-156.0,-781.0,131.0,-615.0,546.0,-286.0,221.0,202.0
-186.0,,-113.0,-799.0,85.0,-466.0,595.0,92.0,241.0,158.0
-285.0,,-119.0,-826.0,19.0,-479.0,634.0,-83.0,243.0,169.0
-365.0,,-119.0,-842.0,-47.0,-622.0,635.0,136.0,196.0,179.0
-441.0,,-72.0,-857.0,-123.0,-633.0,625.0,206.0,115.0,235.0
-497.0,,-74.0,-884.0,-209.0,-525.0,610.0,-7.0,2.0,295.0
-495.0,,-36.0,-913.0,-276.0,-502.0,598.0,236.0,-123.0,304.0
-469.0,,-2.0,-948.0,-306.0,-641.0,568.0,-121.0,-240.0,313.0
-461.0,,14.0,-971.0,-325.0,-640.0,570.0,138.0,-341.0,291.0
-448.0,,71.0,-979.0,-324.0,-490.0,603.0,-5.0,-405.0,243.0
-424.0,,103.0,-988.0,-304.0,-463.0,587.0,-18.0,-454.0,193.0
-380.0,,115.0,-955.0,-291.0,-553.0,556.0,123.0,-504.0,122.0
-347.0,,166.0,-847.0,-271.0,-552.0,579.0,-160.0,-561.0,12.0
-334.0,,202.0,-721.0,-245.0,-434.0,611.0,201.0,-612.0,-87.0
-312.0,,206.0,-574.0,-218.0,-434.0,617.0,0.0,-640.0,-169.0
-282.0,,248.0,-422.0,-178.0,-532.0,663.0,260.0,-646.0,-268.0
-237.0,,247.0,-280.0,-122.0,-565.0,701.0,279.0,-629.0,-358.0
-193.0,,245.0,-122.0,-70.0,-501.0,684.0,171.0,-613.0,-420.0
-187.0,,281.0,9.0,-13.0,-468.0,665.0,458.0,-601.0,-456.0
-185.0,,263.0,115.0,55.0,-578.0,683.0,123.0,-573.0,-481.0
-184.0,,282.0,220.0,119.0,-621.0,684.0,386.0,-535.0,-494.0
-207.0,,297.0,294.0,158.0,-533.0,623.0,157.0,-485.0,-489.0
-220.0,,268.0,328.0,178.0,-458.0,575.0,205.0,-420.0,-502.0
-210.0,,250.0,336.0,190.0,-487.0,545.0,323.0,-338.0,-506.0
-207.0,,239.0,332.0,189.0,-546.0,548.0,75.0,-253.0,-474.0
-222.0,,237.0,289.0,175.0,-442.0,524.0,369.0,-176.0,-451.0
-241.0,,232.0,190.0,142.0,-354.0,448.0,66.0,-93.0,-421.0
-241.0,,235.0,95.0,117.0,-478.0,430.0,254.0,0.0,-344.0
-211.0,,252.0,13.0,96.0,-546.0,432.0,99.0,95.0,-232.0
-213.0,,248.0,-62.0,79.0,-454.0,424.0,7.0,186.0,-119.0
-213.0,,265.0,-100.0,78.0,-396.0,428.0,271.0,260.0,-32.0
-166.0,,305.0,-141.0,89.0,-417.0,429.0,62.0,322.0,2.0
-168.0,,302.0,-173.0,102.0,-473.0,425.0,482.0,357.0,33.0
-216.0,,356.0,-131.0,106.0,-420.0,429.0,343.0,356.0,78.0
-235.0,,389.0,-47.0,121.0,-283.0,450.0,502.0,341.0,70.0
-248.0,,383.0,46.0,147.0,-289.0,439.0,489.0,322.0,63.0
-270.0,,415.0,151.0,175.0,-353.0,377.0,221.0,292.0,82.0
-293.0,,418.0,276.0,202.0,-283.0,328.0,469.0,243.0,101.0
-291.0,,444.0,401.0,211.0,-217.0,339.0,177.0,218.0,130.0
-269.0,,449.0,489.0,195.0,-285.0,344.0,528.0,194.0,146.0
-267.0,,469.0,567.0,155.0,-271.0,303.0,443.0,180.0,138.0
-244.0,,494.0,629.0,98.0,-198.0,246.0,460.0,196.0,115.0
-198.0,,500.0,628.0,40.0,-132.0,177.0,582.0,199.0,86.0
-162.0,,514.0,550.0,1.0,-114.0,123.0,216.0,219.0,35.0
-119.0,,511.0,420.0,-12.0,-169.0,49.0,508.0,255.0,-22.0
-59.0,,529.0,262.0,8.0,-54.0,-29.0,218.0,291.0,-93.0
1.0,,524.0,39.0,47.0,96.0,-39.0,393.0,315.0,-154.0
52.0,,533.0,-217.0,89.0,57.0,-61.0,378.0,334.0,-197.0
136.0,,565.0,-461.0,138.0,-34.0,-98.0,205.0,346.0,-236.0
231.0,,601.0,-646.0,178.0,77.0,-63.0,443.0,323.0,-261.0
315.0,,633.0,-747.0,203.0,233.0,-46.0,131.0,295.0,-285.0
406.0,,645.0,-782.0,214.0,160.0,-83.0,474.0,261.0,-298.0
463.0,,681.0,-725.0,209.0,66.0,-99.0,339.0,231.0,-263.0
499.0,,673.0,-641.0,174.0,157.0,-115.0,424.0,199.0,-167.0
517.0,,660.0,-516.0,119.0,310.0,-162.0,585.0,179.0,-118.0
543.0,,625.0,-309.0,86.0,254.0,-215.0,330.0,171.0,-77.0
562.0,,542.0,-131.0,69.0,175.0,-260.0,583.0,154.0,-27.0
535.0,,485.0,34.0,43.0,319.0,-292.0,286.0,153.0,-7.0
528.0,,396.0,196.0,18.0,484.0,-309.0,519.0,163.0,31.0
534.0,,291.0,321.0,-11.0,496.0,-348.0,426.0,182.0,2.0
520.0,,208.0,404.0,-54.0,371.0,-358.0,319.0,204.0,-62.0
464.0,,127.0,425.0,-95.0,438.0,-346.0,528.0,246.0,-160.0
406.0,,70.0,392.0,-108.0,626.0,-351.0,190.0,288.0,-307.0
370.0,,26.0,290.0,-68.0,623.0,-347.0,497.0,321.0,-432.0
322.0,,-22.0,145.0,0.0,556.0,-375.0,288.0,345.0,-537.0
260.0,,-59.0,0.0,68.0,530.0,-398.0,380.0,331.0,-632.0
203.0,,-71.0,-137.0,118.0,646.0,-442.0,469.0,326.0,-728.0
172.0,,-109.0,-245.0,141.0,697.0,-487.0,291.0,319.0,-812.0
150.0,,-149.0,-266.0,149.0,575.0,-473.0,593.0,300.0,-879.0
139.0,,-161.0,-234.0,122.0,607.0,-481.0,271.0,281.0,-937.0
134.0,,-176.0,-191.0,54.0,737.0,-515.0,450.0,236.0,-988.0
143.0,,-201.0,-143.0,-13.0,772.0,-545.0,253.0,201.0,-1050.0
148.0,,-238.0,-96.0,-42.0,703.0,-579.0,177.0,147.0,-1064.0
125.0,,-237.0,-20.0,-51.0,667.0,-623.0,400.0,77.0,-1014.0
82.0,,-237.0,76.0,-26.0,793.0,-650.0,194.0,0.0,-947.0
50.0,,-252.0,162.0,23.0,855.0,-679.0,546.0,-72.0,-826.0
56.0,,-235.0,224.0,56.0,746.0,-710.0,301.0,-122.0,-686.0
25.0,,-237.0,259.0,67.0,726.0,-690.0,441.0,-195.0,-579.0
-33.0,,-203.0,262.0,21.0,801.0,-652.0,413.0,-272.0,-468.0
-45.0,,-164.0,253.0,-49.0,797.0,-631.0,247.0,-334.0,-403.0
-24.0,,-148.0,233.0,-102.0,744.0,-668.0,574.0,-391.0,-391.0
-31.0,,-77.0,156.0,-143.0,695.0,-681.0,308.0,-445.0,-367.0
-55.0,,-21.0,62.0,-147.0,774.0,-629.0,576.0,-485.0,-361.0
-62.0,,3.0,-43.0,-116.0,862.0,-619.0,380.0,-519.0,-338.0
-60.0,,42.0,-164.0,-75.0,729.0,-663.0,426.0,-531.0,-275.0
-71.0,,73.0,-273.0,-35.0,651.0,-702.0,615.0,-523.0,-221.0
-72.0,,82.0,-359.0,-21.0,736.0,-706.0,400.0,-504.0,-113.0
-43.0,,91.0,-404.0,-18.0,784.0,-710.0,713.0,-478.0,42.0
-14.0,,83.0,-418.0,-12.0,728.0,-684.0,375.0,-456.0,224.0
13.0,,79.0,-394.0,-13.0,600.0,-668.0,554.0,-423.0,439.0
34.0,,91.0,-363.0,-30.0,632.0,-685.0,504.0,-388.0,628.0
58.0,,62.0,-326.0,-53.0,732.0,-680.0,410.0,-340.0,791.0
77.0,,57.0,-259.0,-63.0,638.0,-708.0,672.0,-280.0,911.0
52.0,,70.0,-170.0,-70.0,499.0,-752.0,339.0,-231.0,974.0
6.0,,47.0,-79.0,-59.0,502.0,-785.0,617.0,-192.0,985.0
-29.0,,23.0,16.0,-22.0,566.0,-781.0,371.0,-173.0,932.0
-18.0,,-17.0,138.0,43.0,525.0,-749.0,369.0,-168.0,809.0
-14.0,,-68.0,249.0,139.0,432.0,-758.0,362.0,-145.0,628.0
-56.0,,-116.0,354.0,244.0,405.0,-777.0,90.0,-122.0,435.0
-87.0,,-174.0,448.0,329.0,469.0,-772.0,352.0,-101.0,211.0
-92.0,,-220.0,526.0,363.0,438.0,-754.0,44.0,-66.0,-48.0
-123.0,,-252.0,586.0,360.0,358.0,-777.0,325.0,-73.0,-292.0
-187.0,,-264.0,608.0,324.0,411.0,-810.0,218.0,-95.0,-531.0
-227.0,,-265.0,613.0,276.0,385.0,-802.0,101.0,-104.0,-754.0
-255.0,,-282.0,559.0,208.0,275.0,-775.0,230.0,-126.0,-934.0
-309.0,,-280.0,442.0,131.0,213.0,-787.0,-136.0,-134.0,-1037.0
-385.0,,-263.0,294.0,80.0,239.0,-817.0,125.0,-132.0,-1079.0
-429.0,,-265.0,121.0,23.0,305.0,-800.0,-110.0,-129.0,-1093.0
-438.0,,-239.0,-46.0,-11.0,244.0,-835.0,46.0,-118.0,-1061.0
-475.0,,-183.0,-192.0,-16.0,160.0,-903.0,120.0,-100.0,-1032.0
-519.0,,-127.0,-273.0,-10.0,208.0,-943.0,-9.0,-91.0,-980.0
-548.0,,-56.0,-259.0,10.0,268.0,-961.0,260.0,-80.0,-871.0
-550.0,,5.0,-176.0,40.0,221.0,-966.0,-96.0,-60.0,-732.0
-551.0,,64.0,-35.0,80.0,146.0,-983.0,129.0,-51.0,-572.0
-574.0,,133.0,83.0,107.0,165.0,-979.0,-18.0,-47.0,-399.0
-580.0,,175.0,196.0,116.0,232.0,-963.0,40.0,-32.0,-235.0
-557.0,,202.0,349.0,122.0,152.0,-928.0,214.0,17.0,-124.0
-511.0,,217.0,443.0,129.0,20.0,-897.0,-48.0,82.0,5.0
-471.0,,213.0,505.0,122.0,81.0,-869.0,273.0,141.0,122.0
-443.0,,192.0,537.0,85.0,191.0,-863.0,-31.0,205.0,208.0
-412.0,,181.0,501.0,41.0,173.0,-869.0,123.0,275.0,324.0
-358.0,,185.0,460.0,29.0,74.0,-840.0,44.0,339.0,405.0
-312.0,,162.0,377.0,43.0,64.0,-863.0,-90.0,371.0,427.0
-311.0,,146.0,272.0,62.0,162.0,-885.0,181.0,368.0,419.0
-274.0,,147.0,195.0,74.0,171.0,-864.0,-86.0,343.0,392.0
-222.0,,147.0,94.0,77.0,93.0,-865.0,273.0,288.0,318.0
-182.0,,159.0,1.0,79.0,108.0,-861.0,86.0,219.0,216.0
-136.0,,176.0,-65.0,63.0,227.0,-844.0,197.0,169.0,108.0
-105.0,,206.0,-105.0,48.0,219.0,-808.0,308.0,118.0,-14.0
-59.0,,255.0,-141.0,43.0,83.0,-768.0,62.0,53.0,-122.0
-37.0,,295.0,-204.0,29.0,68.0,-747.0,347.0,6.0,-223.0
-44.0,,343.0,-248.0,31.0,186.0,-708.0,-12.0,-47.0,-303.0
-38.0,,416.0,-289.0,54.0,187.0,-671.0,153.0,-95.0,-335.0
-10.0,,468.0,-328.0,101.0,56.0,-652.0,18.0,-118.0,-345.0
2.0,,525.0,-369.0,145.0,99.0,-617.0,-40.0,-130.0,-328.0
31.0,,578.0,-392.0,156.0,254.0,-584.0,125.0,-102.0,-314.0
103.0,,591.0,-411.0,141.0,275.0,-528.0,-186.0,-42.0,-288.0
153.0,,594.0,-442.0,112.0,177.0,-469.0,84.0,26.0,-219.0
194.0,,608.0,-457.0,55.0,130.0,-455.0,-184.0,91.0,-153.0
239.0,,596.0,-439.0,-30.0,206.0,-428.0,1.0,160.0,-101.0
317.0,,556.0,-344.0,-95.0,212.0,-401.0,46.0,243.0,-49.0
418.0,,535.0,-199.0,-126.0,117.0,-388.0,-116.0,316.0,-30.0
508.0,,479.0,-23.0,-123.0,121.0,-381.0,184.0,383.0,-34.0
600.0,,418.0,159.0,-99.0,226.0,-412.0,-101.0,433.0,-29.0
695.0,,351.0,311.0,-88.0,254.0,-426.0,197.0,456.0,-33.0
800.0,,265.0,381.0,-78.0,169.0,-419.0,11.0,474.0,-12.0
873.0,,201.0,374.0,-54.0,120.0,-446.0,9.0,493.0,54.0
919.0,,134.0,359.0,-48.0,228.0,-474.0,120.0,504.0,165.0
945.0,,93.0,296.0,-58.0,335.0,-455.0,-280.0,511.0,293.0
940.0,,72.0,205.0,-43.0,224.0,-426.0,0.0,519.0,387.0
928.0,,76.0,111.0,4.0,123.0,-448.0,-260.0,510.0,458.0
901.0,,98.0,-8.0,71.0,227.0,-474.0,-3.0,495.0,502.0
845.0,,119.0,-105.0,114.0,304.0,-462.0,64.0,496.0,520.0
774.0,,167.0,-155.0,135.0,198.0,-433.0,-53.0,501.0,485.0
684.0,,223.0,-177.0,145.0,135.0,-412.0,212.0,507.0,406.0
578.0,,277.0,-168.0,145.0,281.0,-405.0,-75.0,535.0,316.0
469.0,,309.0,-103.0,145.0,377.0,-398.0,234.0,564.0,213.0
371.0,,351.0,-27.0,144.0,265.0,-411.0,51.0,586.0,140.0
292.0,,389.0,34.0,144.0,162.0,-403.0,151.0,598.0,72.0
217.0,,401.0,131.0,144.0,219.0,-376.0,253.0,582.0,8.0
124.0,,410.0,206.0,148.0,262.0,-370.0,-27.0,565.0,-19.0
60.0,,415.0,276.0,135.0,198.0,-345.0,194.0,557.0,-46.0
51.0,,406.0,367.0,117.0,147.0,-355.0,-227.0,553.0,-78.0
37.0,,366.0,440.0,107.0,169.0,-358.0,-53.0,558.0,-127.0
21.0,,315.0,530.0,76.0,235.0,-319.0,-142.0,555.0,-208.0
12.0,,249.0,562.0,34.0,212.0,-303.0,-138.0,540.0,-310.0
10.0,,164.0,531.0,-26.0,129.0,-264.0,188.0,528.0,-416.0
9.0,,47.0,517.0,-97.0,121.0,-221.0,-55.0,507.0,-498.0
-7.0,,-72.0,457.0,-172.0,173.0,-196.0,253.0,465.0,-546.0
-27.0,,-174.0,377.0,-234.0,142.0,-161.0,-38.0,405.0,-564.0
-34.0,,-279.0,308.0,-270.0,26.0,-138.0,48.0,330.0,-542.0
-57.0,,-358.0,200.0,-275.0,73.0,-101.0,86.0,265.0,-486.0
-95.0,,-436.0,112.0,-225.0,187.0,-42.0,-94.0,181.0,-394.0
-102.0,,-499.0,58.0,-139.0,112.0,-14.0,267.0,94.0,-306.0
-94.0,,-553.0,-3.0,-38.0,31.0,-14.0,22.0,25.0,-243.0
-98.0,,-609.0,-53.0,43.0,102.0,-8.0,290.0,-55.0,-178.0
-118.0,,-642.0,-109.0,80.0,140.0,1.0,112.0,-109.0,-130.0
-128.0,,-657.0,-154.0,86.0,82.0,-28.0,24.0,-157.0,-94.0
-117.0,,-644.0,-188.0,83.0,33.0,-67.0,134.0,-198.0,-32.0
-116.0,,-612.0,-211.0,96.0,73.0,-67.0,-149.0,-200.0,22.0
-111.0,,-565.0,-190.0,154.0,125.0,-78.0,194.0,-174.0,69.0
-91.0,,-512.0,-166.0,238.0,43.0,-90.0,-24.0,-114.0,152.0
-33.0,,-438.0,-140.0,290.0,-77.0,-116.0,182.0,-37.0,204.0
24.0,,-376.0,-131.0,283.0,-26.0,-145.0,173.0,36.0,237.0
49.0,,-330.0,-143.0,233.0,111.0,-174.0,60.0,100.0,297.0
54.0,,-275.0,-166.0,154.0,71.0,-221.0,352.0,147.0,322.0
51.0,,-214.0,-242.0,50.0,-8.0,-225.0,66.0,188.0,332.0
63.0,,-152.0,-320.0,-39.0,20.0,-198.0,393.0,242.0,354.0
45.0,,-132.0,-421.0,-94.0,89.0,-166.0,195.0,304.0,365.0
-16.0,,-89.0,-557.0,-110.0,89.0,-133.0,214.0,348.0,373.0
-80.0,,-35.0,-634.0,-82.0,-54.0,-115.0,310.0,371.0,352.0
-140.0,,-24.0,-680.0,-67.0,-44.0,-91.0,40.0,374.0,340.0
-203.0,,-27.0,-707.0,-93.0,95.0,-41.0,339.0,346.0,365.0
-261.0,,-40.0,-665.0,-133.0,79.0,4.0,81.0,312.0,362.0
-314.0,,-57.0,-570.0,-167.0,-27.0,-17.0,297.0,274.0,388.0
-349.0,,-104.0,-433.0,-189.0,-5.0,-68.0,190.0,229.0,430.0
-355.0,,-156.0,-276.0,-201.0,117.0,-70.0,145.0,200.0,487.0
-361.0,,-182.0,-130.0,-195.0,106.0,-69.0,358.0,164.0,593.0
-366.0,,-201.0,15.0,-179.0,-9.0,-90.0,22.0,115.0,714.0
-366.0,,-242.0,145.0,-155.0,-25.0,-70.0,304.0,59.0,870.0
-365.0,,-281.0,249.0,-114.0,145.0,-47.0,22.0,-3.0,1043.0
-365.0,,-300.0,330.0,-72.0,168.0,-52.0,173.0,-72.0,1218.0
-369.0,,-322.0,380.0,-44.0,43.0,-40.0,280.0,-161.0,1375.0
-351.0,,-328.0,392.0,-31.0,63.0,-6.0,151.0,-255.0,1517.0
-336.0,,-349.0,373.0,-12.0,154.0,29.0,460.0,-332.0,1625.0
-344.0,,-379.0,327.0,14.0,196.0,51.0,62.0,-409.0,1664.0
-352.0,,-370.0,231.0,33.0,45.0,98.0,247.0,-486.0,1663.0
-333.0,,-387.0,124.0,67.0,4.0,182.0,38.0,-538.0,1647.0
-315.0,,-422.0,10.0,128.0,169.0,216.0,33.0,-585.0,1607.0
-332.0,,-410.0,-121.0,186.0,204.0,197.0,223.0,-602.0,1537.0
-346.0,,-407.0,-247.0,222.0,145.0,228.0,-14.0,-598.0,1449.0
-362.0,,-408.0,-361.0,222.0,106.0,250.0,345.0,-595.0,1310.0
-380.0,,-404.0,-448.0,168.0,197.0,218.0,38.0,-586.0,1173.0
-387.0,,-385.0,-506.0,77.0,265.0,191.0,157.0,-585.0,1051.0
-411.0,,-359.0,-519.0,-2.0,141.0,160.0,83.0,-580.0,926.0
-429.0,,-339.0,-502.0,-27.0,112.0,152.0,-22.0,-589.0,826.0
-438.0,,-318.0,-430.0,13.0,231.0,137.0,288.0,-582.0,759.0
-460.0,,-310.0,-290.0,74.0,265.0,132.0,38.0,-560.0,688.0
-460.0,,-252.0,-129.0,123.0,174.0,116.0,395.0,-529.0,598.0
-446.0,,-218.0,48.0,154.0,123.0,105.0,195.0,-491.0,497.0
-457.0,,-180.0,190.0,148.0,229.0,187.0,240.0,-467.0,394.0
-484.0,,-116.0,305.0,101.0,277.0,199.0,269.0,-404.0,321.0
-498.0,,-64.0,386.0,20.0,179.0,157.0,12.0,-324.0,229.0
-501.0,,11.0,431.0,-85.0,116.0,132.0,400.0,-243.0,137.0
-531.0,,51.0,465.0,-189.0,202.0,121.0,157.0,-153.0,32.0
-574.0,,124.0,444.0,-250.0,279.0,113.0,378.0,-77.0,-76.0
-573.0,,211.0,372.0,-258.0,147.0,102.0,258.0,-8.0,-142.0
-555.0,,299.0,256.0,-240.0,14.0,149.0,118.0,50.0,-184.0
-576.0,,411.0,164.0,-195.0,99.0,182.0,275.0,76.0,-204.0
-627.0,,479.0,77.0,-144.0,211.0,229.0,-14.0,73.0,-190.0
-645.0,,573.0,-13.0,-115.0,87.0,300.0,253.0,57.0,-102.0
-631.0,,642.0,-62.0,-77.0,-54.0,358.0,-27.0,49.0,26.0
-652.0,,674.0,-113.0,-35.0,-1.0,381.0,99.0,59.0,184.0
-652.0,,705.0,-141.0,1.0,43.0,382.0,97.0,75.0,347.0
-605.0,,709.0,-161.0,31.0,-7.0,433.0,-116.0,100.0,489.0
-563.0,,695.0,-161.0,46.0,-54.0,458.0,151.0,110.0,585.0
-525.0,,652.0,-111.0,54.0,32.0,447.0,-214.0,94.0,642.0
-482.0,,593.0,-85.0,31.0,152.0,434.0,55.0,44.0,698.0
-407.0,,531.0,-51.0,-19.0,99.0,408.0,-84.0,-7.0,700.0
-317.0,,485.0,54.0,-79.0,-23.0,382.0,-121.0,-40.0,665.0
-257.0,,400.0,173.0,-130.0,18.0,378.0,36.0,-89.0,614.0
-189.0,,358.0,270.0,-141.0,133.0,407.0,-230.0,-110.0,571.0
-110.0,,357.0,377.0,-116.0,102.0,434.0,96.0,-113.0,522.0
-56.0,,305.0,485.0,-98.0,24.0,436.0,-147.0,-129.0,471.0
-23.0,,319.0,543.0,-128.0,4.0,421.0,77.0,-154.0,412.0
15.0,,306.0,532.0,-203.0,94.0,403.0,72.0,-203.0,331.0
53.0,,303.0,498.0,-290.0,116.0,423.0,-88.0,-261.0,269.0
93.0,,341.0,462.0,-370.0,10.0,454.0,164.0,-323.0,194.0
147.0,,320.0,419.0,-409.0,87.0,451.0,-120.0,-379.0,105.0
188.0,,353.0,363.0,-369.0,210.0,478.0,203.0,-431.0,4.0
223.0,,367.0,314.0,-252.0,187.0,521.0,40.0,-478.0,-101.0
256.0,,353.0,273.0,-104.0,106.0,529.0,112.0,-504.0,-199.0
288.0,,372.0,229.0,18.0,116.0,543.0,208.0,-530.0,-288.0
316.0,,349.0,190.0,88.0,246.0,574.0,-31.0,-549.0,-372.0
323.0,,342.0,176.0,111.0,234.0,568.0,260.0,-551.0,-467.0
310.0,,340.0,167.0,116.0,88.0,543.0,-27.0,-524.0,-546.0
289.0,,298.0,115.0,122.0,84.0,516.0,210.0,-474.0,-615.0
265.0,,297.0,109.0,153.0,194.0,481.0,92.0,-382.0,-693.0
223.0,,306.0,155.0,206.0,239.0,459.0,22.0,-256.0,-743.0
199.0,,300.0,201.0,260.0,181.0,425.0,232.0,-136.0,-774.0
191.0,,328.0,270.0,323.0,173.0,422.0,-96.0,0.0,-822.0
192.0,,326.0,321.0,356.0,354.0,406.0,280.0,106.0,-855.0
210.0,,314.0,370.0,317.0,382.0,378.0,75.0,165.0,-886.0
223.0,,326.0,392.0,209.0,247.0,352.0,158.0,210.0,-869.0
257.0,,298.0,363.0,68.0,267.0,297.0,206.0,237.0,-817.0
293.0,,262.0,296.0,-35.0,373.0,322.0,66.0,251.0,-764.0
311.0,,241.0,169.0,-71.0,434.0,376.0,417.0,234.0,-668.0
338.0,,195.0,26.0,-27.0,350.0,408.0,114.0,206.0,-576.0
369.0,,120.0,-133.0,47.0,321.0,407.0,378.0,165.0,-506.0
394.0,,39.0,-306.0,90.0,428.0,378.0,175.0,109.0,-447.0
407.0,,-53.0,-423.0,105.0,484.0,395.0,79.0,66.0,-379.0
378.0,,-146.0,-470.0,74.0,397.0,405.0,242.0,43.0,-311.0
350.0,,-267.0,-452.0,-19.0,363.0,368.0,0.0,36.0,-282.0
346.0,,-402.0,-410.0,-153.0,508.0,303.0,399.0,40.0,-280.0
330.0,,-519.0,-356.0,-278.0,586.0,218.0,190.0,40.0,-317.0
289.0,,-665.0,-255.0,-357.0,548.0,183.0,343.0,33.0,-394.0
224.0,,-798.0,-107.0,-369.0,490.0,185.0,260.0,24.0,-509.0
158.0,,-916.0,55.0,-303.0,591.0,123.0,129.0,25.0,-651.0
86.0,,-1002.0,193.0,-196.0,703.0,76.0,467.0,51.0,-764.0
-3.0,,-1056.0,329.0,-93.0,621.0,57.0,201.0,100.0,-856.0
-118.0,,-1095.0,442.0,-40.0,583.0,-10.0,506.0,172.0,-945.0
-179.0,,-1089.0,486.0,-36.0,668.0,-77.0,284.0,245.0,-988.0
-187.0,,-1082.0,510.0,-29.0,753.0,-115.0,264.0,315.0,-975.0
-220.0,,-1026.0,508.0,-8.0,721.0,-132.0,325.0,378.0,-928.0
-249.0,,-942.0,442.0,39.0,673.0,-151.0,75.0,423.0,-864.0
-249.0,,-874.0,360.0,115.0,742.0,-197.0,397.0,461.0,-786.0
-208.0,,-766.0,268.0,205.0,841.0,-222.0,84.0,489.0,-719.0
-173.0,,-643.0,149.0,255.0,803.0,-195.0,256.0,521.0,-643.0
-148.0,,-546.0,37.0,216.0,762.0,-197.0,157.0,562.0,-566.0
-85.0,,-444.0,-49.0,113.0,853.0,-241.0,88.0,610.0,-506.0
-11.0,,-344.0,-102.0,-19.0,896.0,-266.0,327.0,654.0,-466.0
28.0,,-277.0,-122.0,-149.0,832.0,-285.0,24.0,679.0,-458.0
54.0,,-222.0,-156.0,-239.0,694.0,-311.0,288.0,701.0,-456.0
88.0,,-197.0,-211.0,-303.0,684.0,-379.0,0.0,728.0,-490.0
97.0,,-186.0,-238.0,-356.0,759.0,-393.0,114.0,751.0,-511.0
83.0,,-171.0,-274.0,-367.0,668.0,-330.0,173.0,769.0,-494.0
56.0,,-177.0,-291.0,-338.0,547.0,-319.0,-35.0,762.0,-471.0
35.0,,-185.0,-241.0,-296.0,595.0,-321.0,249.0,735.0,-407.0
6.0,,-193.0,-200.0,-242.0,748.0,-328.0,-101.0,716.0,-300.0
-60.0,,-199.0,-154.0,-185.0,744.0,-349.0,155.0,686.0,-178.0
-118.0,,-197.0,-134.0,-118.0,636.0,-392.0,86.0,645.0,-57.0
-164.0,,-211.0,-154.0,-10.0,623.0,-455.0,134.0,605.0,92.0
-230.0,,-193.0,-173.0,134.0,706.0,-449.0,358.0,554.0,258.0
-311.0,,-153.0,-220.0,269.0,679.0,-413.0,131.0,482.0,412.0
-375.0,,-149.0,-251.0,340.0,498.0,-401.0,430.0,383.0,558.0
-431.0,,-124.0,-274.0,338.0,492.0,-397.0,81.0,250.0,700.0
-491.0,,-98.0,-283.0,277.0,582.0,-438.0,230.0,79.0,812.0
-526.0,,-82.0,-252.0,187.0,527.0,-472.0,245.0,-94.0,867.0
-547.0,,-54.0,-236.0,95.0,411.0,-411.0,123.0,-264.0,870.0
-580.0,,-70.0,-238.0,9.0,402.0,-369.0,391.0,-424.0,782.0
-595.0,,-65.0,-215.0,-45.0,475.0,-414.0,33.0,-539.0,628.0
-577.0,,-80.0,-185.0,-43.0,448.0,-403.0,277.0,-604.0,442.0
-560.0,,-135.0,-143.0,11.0,340.0,-339.0,72.0,-657.0,223.0
-569.0,,-177.0,-65.0,86.0,292.0,-322.0,92.0,-717.0,10.0
-564.0,,-237.0,20.0,140.0,308.0,-319.0,173.0,-756.0,-181.0
-521.0,,-279.0,124.0,164.0,265.0,-331.0,-101.0,-770.0,-348.0
-483.0,,-327.0,224.0,165.0,174.0,-347.0,181.0,-767.0,-456.0
-435.0,,-353.0,311.0,127.0,137.0,-376.0,-155.0,-744.0,-516.0
-366.0,,-375.0,400.0,57.0,203.0,-370.0,24.0,-689.0,-506.0
-300.0,,-407.0,425.0,-28.0,196.0,-320.0,-44.0,-615.0,-431.0
-230.0,,-438.0,442.0,-97.0,70.0,-326.0,-125.0,-540.0,-322.0
-163.0,,-463.0,452.0,-139.0,59.0,-300.0,88.0,-448.0,-173.0
-113.0,,-443.0,413.0,-178.0,141.0,-256.0,-236.0,-356.0,-7.0
-90.0,,-445.0,384.0,-211.0,156.0,-261.0,68.0,-288.0,161.0
-59.0,,-414.0,335.0,-235.0,85.0,-285.0,-96.0,-247.0,306.0
-28.0,,-363.0,327.0,-240.0,67.0,-278.0,42.0,-222.0,462.0
-8.0,,-313.0,325.0,-224.0,171.0,-240.0,51.0,-188.0,608.0
-2.0,,-239.0,282.0,-208.0,185.0,-240.0,-212.0,-152.0,706.0
-11.0,,-184.0,242.0,-192.0,56.0,-230.0,-16.0,-137.0,790.0
-8.0,,-135.0,219.0,-155.0,44.0,-196.0,-436.0,-134.0,846.0
-1.0,,-78.0,236.0,-104.0,108.0,-180.0,-199.0,-146.0,875.0
7.0,,-22.0,245.0,-67.0,75.0,-162.0,-314.0,-183.0,881.0
5.0,,15.0,247.0,-34.0,-4.0,-138.0,-327.0,-212.0,845.0
18.0,,42.0,266.0,6.0,-5.0,-115.0,-129.0,-226.0,764.0
45.0,,51.0,302.0,38.0,104.0,-115.0,-506.0,-243.0,673.0
63.0,,57.0,311.0,96.0,123.0,-153.0,-312.0,-261.0,548.0
62.0,,35.0,270.0,179.0,45.0,-161.0,-593.0,-295.0,375.0
39.0,,-1.0,206.0,233.0,38.0,-135.0,-384.0,-341.0,204.0
26.0,,-3.0,99.0,256.0,119.0,-77.0,-327.0,-390.0,3.0
17.0,,-35.0,20.0,241.0,153.0,-50.0,-443.0,-434.0,-195.0
9.0,,-45.0,-38.0,200.0,113.0,-59.0,-175.0,-447.0,-385.0
-7.0,,-27.0,-86.0,141.0,110.0,-23.0,-517.0,-423.0,-613.0
-29.0,,-18.0,-65.0,79.0,203.0,-29.0,-251.0,-349.0,-807.0
-59.0,,18.0,-11.0,39.0,314.0,-48.0,-443.0,-248.0,-974.0
-92.0,,47.0,51.0,0.0,216.0,-90.0,-412.0,-155.0,-1120.0
-122.0,,73.0,86.0,-38.0,143.0,-148.0,-319.0,-66.0,-1178.0
-174.0,,125.0,91.0,-94.0,263.0,-129.0,-679.0,17.0,-1198.0
-232.0,,154.0,114.0,-159.0,352.0,-112.0,-511.0,100.0,-1173.0
-262.0,,179.0,149.0,-215.0,320.0,-118.0,-862.0,186.0,-1056.0
-276.0,,201.0,170.0,-255.0,230.0,-112.0,-596.0,265.0,-922.0
-282.0,,201.0,199.0,-255.0,280.0,-53.0,-593.0,333.0,-781.0
-303.0,,204.0,248.0,-233.0,392.0,4.0,-648.0,412.0,-616.0
-330.0,,169.0,320.0,-196.0,393.0,3.0,-443.0,480.0,-468.0
-329.0,,140.0,397.0,-142.0,352.0,-5.0,-794.0,504.0,-340.0
-336.0,,113.0,460.0,-82.0,419.0,12.0,-469.0,505.0,-250.0
-338.0,,89.0,547.0,-9.0,556.0,75.0,-705.0,496.0,-209.0
-345.0,,86.0,583.0,46.0,575.0,130.0,-642.0,454.0,-243.0
-350.0,,61.0,545.0,44.0,530.0,151.0,-589.0,392.0,-341.0
-331.0,,65.0,527.0,-8.0,603.0,123.0,-835.0,350.0,-476.0
-310.0,,69.0,525.0,-69.0,722.0,87.0,-533.0,324.0,-666.0
-284.0,,69.0,491.0,-117.0,705.0,96.0,-783.0,311.0,-848.0
-259.0,,91.0,415.0,-138.0,666.0,137.0,-508.0,326.0,-1019.0
-213.0,,126.0,359.0,-142.0,734.0,167.0,-648.0,364.0,-1170.0
-151.0,,152.0,300.0,-144.0,810.0,164.0,-655.0,400.0,-1286.0
-88.0,,175.0,273.0,-134.0,822.0,182.0,-419.0,463.0,-1402.0
-22.0,,204.0,266.0,-111.0,785.0,216.0,-650.0,535.0,-1460.0
65.0,,217.0,223.0,-92.0,803.0,265.0,-260.0,577.0,-1469.0
155.0,,232.0,207.0,-83.0,911.0,264.0,-443.0,630.0,-1444.0
213.0,,215.0,190.0,-75.0,980.0,242.0,-247.0,665.0,-1394.0
276.0,,190.0,145.0,-40.0,941.0,284.0,-288.0,674.0,-1307.0
328.0,,174.0,145.0,43.0,949.0,280.0,-545.0,693.0,-1197.0
373.0,,133.0,138.0,139.0,1074.0,266.0,-349.0,713.0,-1058.0
397.0,,97.0,48.0,200.0,1103.0,279.0,-683.0,742.0,-878.0
392.0,,59.0,-7.0,210.0,989.0,266.0,-354.0,771.0,-723.0
374.0,,0.0,-26.0,172.0,949.0,278.0,-432.0,817.0,-571.0
368.0,,-31.0,-1.0,92.0,1060.0,316.0,-349.0,873.0,-468.0
365.0,,-89.0,115.0,-13.0,1095.0,325.0,-219.0,917.0,-375.0
329.0,,-160.0,257.0,-106.0,983.0,297.0,-532.0,941.0,-308.0
303.0,,-176.0,408.0,-171.0,991.0,282.0,-242.0,948.0,-315.0
296.0,,-245.0,509.0,-213.0,1052.0,308.0,-517.0,945.0,-367.0
280.0,,-298.0,533.0,-244.0,1013.0,331.0,-293.0,928.0,-485.0
254.0,,-330.0,485.0,-281.0,993.0,302.0,-277.0,887.0,-606.0
231.0,,-389.0,391.0,-327.0,1006.0,287.0,-367.0,818.0,-744.0
194.0,,-404.0,269.0,-360.0,1069.0,328.0,-96.0,717.0,-875.0
146.0,,-434.0,69.0,-348.0,1087.0,323.0,-384.0,579.0,-975.0
94.0,,-479.0,-159.0,-289.0,966.0,320.0,-140.0,430.0,-1024.0
51.0,,-475.0,-338.0,-213.0,941.0,330.0,-447.0,299.0,-1035.0
36.0,,-480.0,-510.0,-135.0,1056.0,269.0,-408.0,181.0,-1028.0
19.0,,-501.0,-727.0,-50.0,1082.0,241.0,-277.0,78.0,-957.0
12.0,,-485.0,-930.0,33.0,1013.0,264.0,-456.0,-22.0,-873.0
-2.0,,-461.0,-1031.0,107.0,983.0,290.0,-97.0,-124.0,-763.0
-15.0,,-445.0,-1045.0,169.0,1053.0,312.0,-410.0,-208.0,-619.0
-4.0,,-413.0,-1020.0,208.0,1112.0,319.0,-218.0,-252.0,-481.0
-10.0,,-373.0,-904.0,236.0,1018.0,309.0,-299.0,-258.0,-359.0
-29.0,,-314.0,-737.0,251.0,1011.0,264.0,-332.0,-223.0,-295.0
-16.0,,-239.0,-595.0,269.0,1151.0,219.0,-131.0,-141.0,-258.0
22.0,,-165.0,-415.0,280.0,1151.0,190.0,-424.0,-44.0,-234.0
54.0,,-89.0,-240.0,264.0,1058.0,140.0,-145.0,65.0,-236.0
90.0,,5.0,-98.0,228.0,984.0,119.0,-452.0,149.0,-222.0
150.0,,103.0,43.0,167.0,1024.0,148.0,-354.0,194.0,-204.0
238.0,,154.0,168.0,94.0,1089.0,177.0,-358.0,229.0,-186.0
312.0,,203.0,282.0,24.0,978.0,190.0,-521.0,195.0,-161.0
362.0,,238.0,375.0,-23.0,885.0,192.0,-142.0,115.0,-96.0
427.0,,220.0,355.0,-47.0,895.0,199.0,-369.0,20.0,-18.0
472.0,,216.0,249.0,-36.0,889.0,193.0,-35.0,-76.0,31.0
492.0,,196.0,206.0,18.0,810.0,151.0,-175.0,-171.0,85.0
511.0,,174.0,181.0,66.0,759.0,101.0,-258.0,-260.0,111.0
525.0,,170.0,158.0,67.0,851.0,94.0,-144.0,-320.0,126.0
516.0,,123.0,178.0,20.0,899.0,132.0,-399.0,-402.0,123.0
506.0,,86.0,204.0,-39.0,789.0,152.0,-59.0,-481.0,95.0
529.0,,87.0,231.0,-62.0,705.0,119.0,-356.0,-545.0,54.0
553.0,,72.0,229.0,-26.0,793.0,98.0,-240.0,-602.0,-9.0
541.0,,49.0,210.0,53.0,828.0,77.0,-295.0,-633.0,-64.0
526.0,,76.0,154.0,155.0,741.0,43.0,-434.0,-645.0,-109.0
535.0,,86.0,93.0,240.0,709.0,35.0,-125.0,-646.0,-152.0
524.0,,115.0,25.0,280.0,715.0,-3.0,-399.0,-623.0,-206.0
494.0,,166.0,-65.0,273.0,740.0,-41.0,-44.0,-547.0,-252.0
465.0,,166.0,-151.0,218.0,626.0,-28.0,-169.0,-444.0,-295.0
428.0,,211.0,-268.0,147.0,505.0,20.0,-109.0,-333.0,-319.0
378.0,,229.0,-351.0,86.0,536.0,24.0,40.0,-236.0,-305.0
315.0,,227.0,-400.0,61.0,515.0,-32.0,-199.0,-149.0,-262.0
262.0,,247.0,-397.0,89.0,477.0,-59.0,70.0,-80.0,-189.0
175.0,,231.0,-364.0,139.0,419.0,-87.0,-267.0,-36.0,-92.0
71.0,,237.0,-317.0,169.0,386.0,-88.0,-70.0,1.0,19.0
10.0,,207.0,-216.0,151.0,398.0,-77.0,-160.0,13.0,149.0
-27.0,,158.0,-111.0,100.0,332.0,-88.0,-247.0,16.0,287.0
-44.0,,126.0,-19.0,37.0,228.0,-46.0,5.0,30.0,389.0
-55.0,,54.0,-41.0,-17.0,203.0,50.0,-317.0,40.0,493.0
-49.0,,-1.0,-78.0,-32.0,235.0,89.0,-24.0,39.0,584.0
-17.0,,-84.0,-36.0,7.0,150.0,54.0,-232.0,14.0,651.0
31.0,,-164.0,-15.0,68.0,43.0,59.0,-84.0,-26.0,736.0
98.0,,-210.0,-3.0,122.0,16.0,71.0,-9.0,-95.0,808.0
137.0,,-309.0,2.0,131.0,68.0,76.0,-194.0,-193.0,856.0
176.0,,-397.0,37.0,79.0,37.0,66.0,171.0,-288.0,886.0
239.0,,-474.0,83.0,14.0,-121.0,49.0,-73.0,-408.0,906.0
307.0,,-560.0,71.0,-43.0,-111.0,70.0,194.0,-543.0,877.0
364.0,,-636.0,51.0,-95.0,-18.0,97.0,-3.0,-647.0,810.0
396.0,,-712.0,20.0,-138.0,-27.0,123.0,-97.0,-736.0,768.0
413.0,,-744.0,-65.0,-177.0,-137.0,133.0,53.0,-811.0,708.0
434.0,,-748.0,-163.0,-204.0,-227.0,128.0,-267.0,-852.0,605.0
447.0,,-764.0,-254.0,-229.0,-209.0,98.0,36.0,-848.0,500.0
437.0,,-753.0,-294.0,-253.0,-170.0,91.0,-266.0,-797.0,373.0
387.0,,-695.0,-258.0,-251.0,-219.0,100.0,-182.0,-729.0,235.0
308.0,,-623.0,-227.0,-238.0,-320.0,68.0,-214.0,-641.0,92.0
260.0,,-531.0,-179.0,-221.0,-315.0,28.0,-330.0,-505.0,-49.0
215.0,,-418.0,-90.0,-190.0,-321.0,5.0,-35.0,-350.0,-148.0
161.0,,-291.0,-23.0,-157.0,-395.0,9.0,-338.0,-167.0,-209.0
122.0,,-153.0,33.0,-112.0,-435.0,0.0,-9.0,27.0,-205.0
103.0,,-53.0,103.0,-43.0,-387.0,-29.0,-182.0,185.0,-162.0
126.0,,35.0,179.0,41.0,-335.0,-53.0,-134.0,314.0,-82.0
153.0,,114.0,205.0,119.0,-441.0,-23.0,12.0,439.0,16.0
172.0,,164.0,179.0,178.0,-537.0,45.0,-303.0,537.0,110.0
200.0,,220.0,102.0,194.0,-489.0,64.0,-86.0,585.0,201.0
249.0,,226.0,-31.0,164.0,-463.0,57.0,-484.0,622.0,270.0
284.0,,238.0,-134.0,121.0,-550.0,68.0,-347.0,645.0,316.0
297.0,,265.0,-232.0,67.0,-601.0,116.0,-434.0,642.0,318.0
326.0,,252.0,-354.0,13.0,-571.0,129.0,-506.0,585.0,305.0
371.0,,243.0,-463.0,-26.0,-553.0,99.0,-223.0,464.0,238.0
404.0,,236.0,-527.0,-50.0,-609.0,96.0,-521.0,310.0,127.0
408.0,,237.0,-533.0,-43.0,-673.0,127.0,-223.0,126.0,18.0
431.0,,203.0,-512.0,-15.0,-595.0,136.0,-491.0,-58.0,-75.0
456.0,,173.0,-439.0,11.0,-550.0,117.0,-382.0,-231.0,-155.0
452.0,,153.0,-332.0,3.0,-619.0,136.0,-249.0,-389.0,-225.0
445.0,,131.0,-208.0,-35.0,-612.0,147.0,-450.0,-519.0,-290.0
455.0,,119.0,-56.0,-67.0,-544.0,185.0,-158.0,-626.0,-344.0
475.0,,88.0,79.0,-79.0,-488.0,246.0,-526.0,-731.0,-372.0
459.0,,77.0,190.0,-91.0,-546.0,241.0,-347.0,-813.0,-403.0
428.0,,59.0,273.0,-94.0,-659.0,232.0,-498.0,-858.0,-396.0
420.0,,58.0,303.0,-83.0,-646.0,248.0,-539.0,-886.0,-384.0
423.0,,52.0,316.0,-76.0,-629.0,261.0,-375.0,-854.0,-362.0
406.0,,47.0,287.0,-81.0,-663.0,277.0,-707.0,-757.0,-300.0
378.0,,71.0,198.0,-103.0,-724.0,302.0,-463.0,-618.0,-227.0
369.0,,73.0,72.0,-115.0,-728.0,331.0,-844.0,-444.0,-112.0
364.0,,84.0,-83.0,-96.0,-642.0,387.0,-726.0,-277.0,-3.0
367.0,,121.0,-238.0,-54.0,-659.0,436.0,-720.0,-110.0,76.0
355.0,,139.0,-410.0,-9.0,-706.0,455.0,-888.0,55.0,151.0
344.0,,148.0,-561.0,12.0,-658.0,448.0,-596.0,208.0,178.0
365.0,,168.0,-688.0,0.0,-619.0,437.0,-934.0,379.0,170.0
379.0,,174.0,-832.0,-30.0,-648.0,453.0,-689.0,543.0,175.0
374.0,,189.0,-951.0,-63.0,-700.0,500.0,-873.0,685.0,160.0
385.0,,197.0,-1050.0,-83.0,-705.0,531.0,-825.0,792.0,155.0
434.0,,183.0,-1075.0,-70.0,-628.0,497.0,-637.0,818.0,154.0
487.0,,173.0,-1066.0,-39.0,-620.0,501.0,-838.0,778.0,178.0
525.0,,180.0,-1078.0,-16.0,-739.0,551.0,-522.0,706.0,233.0
568.0,,171.0,-1052.0,5.0,-760.0,581.0,-886.0,575.0,254.0
624.0,,134.0,-1043.0,29.0,-694.0,621.0,-740.0,434.0,235.0
662.0,,128.0,-981.0,27.0,-638.0,656.0,-811.0,318.0,182.0
661.0,,127.0,-896.0,9.0,-628.0,665.0,-936.0,182.0,104.0
641.0,,116.0,-885.0,16.0,-637.0,682.0,-700.0,74.0,15.0
610.0,,102.0,-838.0,53.0,-581.0,704.0,-1023.0,-22.0,-79.0
558.0,,106.0,-768.0,90.0,-578.0,707.0,-746.0,-138.0,-217.0
466.0,,117.0,-696.0,111.0,-623.0,719.0,-920.0,-239.0,-368.0
367.0,,107.0,-615.0,104.0,-624.0,726.0,-748.0,-360.0,-519.0
280.0,,94.0,-542.0,51.0,-604.0,729.0,-598.0,-482.0,-677.0
208.0,,71.0,-427.0,-14.0,-613.0,719.0,-772.0,-586.0,-807.0
130.0,,37.0,-308.0,-77.0,-668.0,687.0,-524.0,-660.0,-883.0
43.0,,-13.0,-230.0,-130.0,-730.0,721.0,-914.0,-700.0,-913.0
-4.0,,-65.0,-183.0,-137.0,-683.0,793.0,-705.0,-709.0,-895.0
-35.0,,-114.0,-162.0,-101.0,-662.0,827.0,-820.0,-674.0,-833.0
-15.0,,-160.0,-131.0,-55.0,-782.0,836.0,-794.0,-633.0,-760.0
22.0,,-198.0,-145.0,-23.0,-782.0,842.0,-543.0,-570.0,-672.0
71.0,,-255.0,-187.0,5.0,-728.0,853.0,-829.0,-504.0,-586.0
152.0,,-294.0,-183.0,26.0,-784.0,881.0,-580.0,-425.0,-482.0
226.0,,-345.0,-233.0,28.0,-863.0,926.0,-909.0,-325.0,-343.0
297.0,,-398.0,-235.0,12.0,-901.0,955.0,-750.0,-249.0,-197.0
342.0,,-447.0,-193.0,0.0,-882.0,944.0,-737.0,-182.0,-63.0
398.0,,-498.0,-264.0,-8.0,-861.0,924.0,-870.0,-134.0,91.0
443.0,,-491.0,-286.0,-6.0,-877.0,966.0,-585.0,-91.0,210.0
464.0,,-503.0,-263.0,8.0,-895.0,1004.0,-912.0,-68.0,270.0
487.0,,-477.0,-316.0,8.0,-884.0,979.0,-593.0,-73.0,322.0
476.0,,-422.0,-370.0,14.0,-858.0,969.0,-803.0,-89.0,344.0
443.0,,-375.0,-392.0,20.0,-841.0,974.0,-848.0,-133.0,358.0
413.0,,-283.0,-457.0,14.0,-838.0,998.0,-750.0,-177.0,379.0
387.0,,-237.0,-542.0,4.0,-820.0,997.0,-1021.0,-208.0,409.0
329.0,,-167.0,-547.0,4.0,-791.0,941.0,-763.0,-240.0,431.0
251.0,,-78.0,-532.0,0.0,-838.0,916.0,-1058.0,-278.0,478.0
190.0,,-26.0,-524.0,-32.0,-910.0,886.0,-818.0,-335.0,511.0
123.0,,51.0,-488.0,-73.0,-836.0,839.0,-890.0,-402.0,507.0
38.0,,122.0,-446.0,-137.0,-790.0,835.0,-940.0,-438.0,514.0
-42.0,,198.0,-422.0,-194.0,-825.0,813.0,-729.0,-458.0,520.0
-128.0,,262.0,-428.0,-221.0,-845.0,788.0,-1106.0,-481.0,532.0
-186.0,,303.0,-410.0,-232.0,-842.0,828.0,-816.0,-484.0,551.0
-225.0,,340.0,-388.0,-233.0,-761.0,835.0,-1042.0,-470.0,573.0
-268.0,,351.0,-418.0,-235.0,-795.0,799.0,-946.0,-462.0,568.0
-301.0,,371.0,-441.0,-229.0,-828.0,828.0,-927.0,-465.0,556.0
-344.0,,361.0,-416.0,-240.0,-751.0,868.0,-1164.0,-449.0,533.0
-374.0,,315.0,-366.0,-244.0,-723.0,840.0,-896.0,-407.0,513.0
-406.0,,303.0,-331.0,-184.0,-742.0,796.0,-1165.0,-359.0,508.0
-411.0,,256.0,-318.0,-59.0,-770.0,761.0,-840.0,-282.0,500.0
-388.0,,171.0,-321.0,88.0,-693.0,749.0,-910.0,-182.0,512.0
-375.0,,103.0,-306.0,258.0,-605.0,716.0,-849.0,-83.0,537.0
-344.0,,19.0,-276.0,422.0,-644.0,640.0,-668.0,28.0,568.0
-307.0,,-48.0,-271.0,539.0,-722.0,610.0,-973.0,148.0,550.0
-277.0,,-132.0,-269.0,599.0,-721.0,594.0,-626.0,243.0,522.0
-257.0,,-226.0,-277.0,596.0,-654.0,561.0,-849.0,313.0,516.0
-240.0,,-262.0,-268.0,553.0,-660.0,517.0,-642.0,383.0,527.0
-205.0,,-329.0,-263.0,491.0,-715.0,480.0,-654.0,439.0,551.0
-190.0,,-391.0,-229.0,429.0,-652.0,464.0,-838.0,470.0,591.0
-198.0,,-411.0,-133.0,355.0,-501.0,419.0,-596.0,505.0,652.0
-169.0,,-445.0,-74.0,268.0,-472.0,420.0,-877.0,515.0,680.0
-131.0,,-444.0,-1.0,160.0,-539.0,440.0,-537.0,510.0,740.0
-122.0,,-438.0,90.0,32.0,-461.0,403.0,-657.0,509.0,818.0
-135.0,,-436.0,135.0,-76.0,-326.0,372.0,-532.0,471.0,892.0
-139.0,,-387.0,176.0,-163.0,-289.0,354.0,-391.0,419.0,975.0
-151.0,,-364.0,198.0,-211.0,-323.0,309.0,-609.0,363.0,1036.0
-193.0,,-349.0,231.0,-212.0,-331.0,282.0,-230.0,302.0,1081.0
-235.0,,-307.0,279.0,-183.0,-254.0,264.0,-485.0,253.0,1101.0
-261.0,,-302.0,249.0,-142.0,-221.0,232.0,-254.0,221.0,1127.0
-265.0,,-272.0,220.0,-99.0,-248.0,185.0,-312.0,188.0,1150.0
-286.0,,-257.0,186.0,-68.0,-223.0,109.0,-412.0,148.0,1145.0
-328.0,,-278.0,58.0,-79.0,-113.0,76.0,-173.0,120.0,1137.0
-362.0,,-253.0,-96.0,-140.0,-55.0,66.0,-426.0,73.0,1110.0
-378.0,,-248.0,-190.0,-220.0,-99.0,90.0,-123.0,30.0,1064.0
-396.0,,-255.0,-259.0,-274.0,-105.0,113.0,-400.0,4.0,1025.0
-415.0,,-256.0,-351.0,-294.0,-28.0,70.0,-343.0,-24.0,965.0
-431.0,,-263.0,-390.0,-289.0,46.0,55.0,-297.0,-46.0,895.0
-440.0,,-250.0,-416.0,-255.0,-5.0,67.0,-489.0,-54.0,802.0
-443.0,,-256.0,-448.0,-213.0,-31.0,96.0,-121.0,-60.0,698.0
-462.0,,-261.0,-401.0,-170.0,39.0,113.0,-314.0,-62.0,600.0
-461.0,,-239.0,-294.0,-118.0,33.0,88.0,-24.0,-61.0,506.0
-480.0,,-231.0,-231.0,-70.0,-18.0,49.0,-203.0,-85.0,424.0
-502.0,,-227.0,-226.0,-27.0,-56.0,15.0,-332.0,-80.0,333.0
-509.0,,-207.0,-249.0,15.0,-35.0,32.0,-247.0,-74.0,289.0
-505.0,,-193.0,-291.0,61.0,9.0,31.0,-556.0,-98.0,254.0
-488.0,,-174.0,-286.0,125.0,-25.0,6.0,-199.0,-105.0,225.0
-504.0,,-148.0,-285.0,200.0,-73.0,-20.0,-424.0,-136.0,216.0
-505.0,,-145.0,-283.0,279.0,-31.0,-79.0,-221.0,-180.0,207.0
-478.0,,-123.0,-248.0,322.0,20.0,-117.0,-218.0,-234.0,223.0
-431.0,,-105.0,-245.0,329.0,-37.0,-161.0,-426.0,-286.0,216.0
-406.0,,-114.0,-289.0,331.0,-88.0,-215.0,-125.0,-321.0,204.0
-371.0,,-112.0,-386.0,301.0,-49.0,-249.0,-373.0,-343.0,229.0
-293.0,,-121.0,-465.0,239.0,-56.0,-258.0,-29.0,-342.0,253.0
-226.0,,-128.0,-510.0,176.0,-137.0,-254.0,-171.0,-334.0,257.0
-176.0,,-153.0,-574.0,110.0,-164.0,-290.0,-129.0,-305.0,255.0
-129.0,,-194.0,-643.0,44.0,-135.0,-352.0,42.0,-270.0,238.0
-63.0,,-218.0,-678.0,-27.0,-166.0,-397.0,-210.0,-238.0,202.0
28.0,,-269.0,-702.0,-122.0,-256.0,-402.0,81.0,-224.0,155.0
116.0,,-318.0,-692.0,-211.0,-304.0,-383.0,-247.0,-219.0,116.0
168.0,,-388.0,-638.0,-271.0,-267.0,-397.0,-79.0,-206.0,72.0
214.0,,-457.0,-605.0,-290.0,-186.0,-426.0,-109.0,-196.0,48.0
272.0,,-502.0,-563.0,-251.0,-233.0,-456.0,-134.0,-185.0,40.0
297.0,,-569.0,-485.0,-163.0,-341.0,-484.0,199.0,-184.0,28.0
290.0,,-596.0,-469.0,-57.0,-365.0,-489.0,-94.0,-189.0,28.0
277.0,,-607.0,-508.0,43.0,-340.0,-490.0,162.0,-186.0,-3.0
270.0,,-613.0,-489.0,118.0,-348.0,-497.0,-138.0,-180.0,-34.0
269.0,,-602.0,-484.0,154.0,-410.0,-511.0,-118.0,-173.0,-40.0
240.0,,-555.0,-504.0,150.0,-379.0,-530.0,9.0,-138.0,-74.0
203.0,,-492.0,-492.0,112.0,-323.0,-526.0,-142.0,-107.0,-129.0
170.0,,-413.0,-505.0,65.0,-363.0,-522.0,190.0,-50.0,-169.0
130.0,,-308.0,-532.0,30.0,-452.0,-526.0,-64.0,47.0,-215.0
106.0,,-227.0,-543.0,16.0,-475.0,-511.0,188.0,116.0,-255.0
75.0,,-118.0,-525.0,35.0,-423.0,-518.0,16.0,180.0,-267.0
80.0,,-35.0,-518.0,70.0,-444.0,-575.0,-75.0,234.0,-273.0
101.0,,34.0,-467.0,97.0,-541.0,-568.0,131.0,268.0,-277.0
104.0,,95.0,-386.0,108.0,-536.0,-530.0,-110.0,274.0,-239.0
111.0,,125.0,-378.0,87.0,-407.0,-544.0,216.0,265.0,-180.0
106.0,,180.0,-358.0,38.0,-425.0,-546.0,-48.0,261.0,-142.0
107.0,,213.0,-349.0,-26.0,-521.0,-556.0,94.0,239.0,-88.0
76.0,,250.0,-365.0,-93.0,-494.0,-537.0,121.0,190.0,-43.0
34.0,,288.0,-336.0,-164.0,-431.0,-501.0,-29.0,112.0,-25.0
-9.0,,306.0,-299.0,-229.0,-460.0,-494.0,175.0,23.0,-5.0
-59.0,,332.0,-277.0,-289.0,-511.0,-503.0,-134.0,-63.0,40.0
-98.0,,330.0,-244.0,-355.0,-472.0,-541.0,218.0,-134.0,78.0
-154.0,,320.0,-173.0,-413.0,-355.0,-539.0,99.0,-196.0,115.0
-213.0,,311.0,-118.0,-482.0,-322.0,-532.0,171.0,-257.0,185.0
-264.0,,300.0,-72.0,-543.0,-447.0,-514.0,284.0,-293.0,233.0
-300.0,,280.0,-54.0,-566.0,-448.0,-467.0,3.0,-325.0,288.0
-336.0,,269.0,-73.0,-564.0,-364.0,-417.0,314.0,-350.0,326.0
-361.0,,277.0,-95.0,-510.0,-352.0,-403.0,72.0,-363.0,344.0
-362.0,,256.0,-159.0,-423.0,-398.0,-464.0,345.0,-371.0,362.0
-360.0,,252.0,-245.0,-318.0,-462.0,-490.0,341.0,-355.0,354.0
-380.0,,236.0,-267.0,-192.0,-383.0,-492.0,247.0,-339.0,367.0
-405.0,,223.0,-198.0,-79.0,-296.0,-449.0,430.0,-325.0,381.0
-404.0,,216.0,-117.0,8.0,-375.0,-411.0,92.0,-305.0,381.0
-395.0,,177.0,-27.0,64.0,-434.0,-417.0,380.0,-313.0,387.0
-381.0,,173.0,49.0,86.0,-350.0,-397.0,127.0,-333.0,381.0
-359.0,,155.0,107.0,86.0,-323.0,-407.0,197.0,-351.0,333.0
-316.0,,145.0,172.0,73.0,-400.0,-395.0,273.0,-405.0,284.0
-263.0,,133.0,183.0,50.0,-444.0,-371.0,90.0,-474.0,228.0
-215.0,,109.0,179.0,40.0,-437.0,-343.0,458.0,-539.0,124.0
-168.0,,105.0,146.0,74.0,-448.0,-303.0,192.0,-602.0,19.0
-120.0,,75.0,62.0,120.0,-485.0,-296.0,452.0,-640.0,-116.0
-90.0,,48.0,0.0,155.0,-494.0,-306.0,373.0,-665.0,-255.0
-73.0,,29.0,-67.0,191.0,-457.0,-352.0,360.0,-671.0,-398.0
-65.0,,3.0,-131.0,204.0,-430.0,-361.0,550.0,-646.0,-529.0
-68.0,,-24.0,-145.0,180.0,-459.0,-346.0,225.0,-595.0,-593.0
-69.0,,-58.0,-140.0,135.0,-477.0,-374.0,491.0,-507.0,-622.0
-69.0,,-100.0,-90.0,95.0,-440.0,-389.0,153.0,-392.0,-608.0
-50.0,,-123.0,20.0,65.0,-400.0,-370.0,236.0,-253.0,-570.0
-39.0,,-137.0,175.0,42.0,-455.0,-349.0,205.0,-100.0,-516.0
-25.0,,-155.0,337.0,43.0,-528.0,-355.0,46.0,64.0,-460.0
0.0,,-127.0,496.0,56.0,-482.0,-382.0,365.0,256.0,-412.0
20.0,,-87.0,628.0,73.0,-423.0,-361.0,123.0,451.0,-362.0
51.0,,-53.0,685.0,95.0,-453.0,-321.0,515.0,638.0,-293.0
57.0,,-3.0,707.0,102.0,-532.0,-326.0,389.0,807.0,-177.0
53.0,,12.0,683.0,111.0,-558.0,-303.0,480.0,929.0,-33.0
46.0,,19.0,603.0,140.0,-509.0,-277.0,635.0,1023.0,136.0
44.0,,34.0,508.0,157.0,-478.0,-258.0,389.0,1081.0,319.0
49.0,,14.0,393.0,160.0,-527.0,-261.0,783.0,1096.0,472.0
34.0,,14.0,301.0,151.0,-548.0,-310.0,528.0,1074.0,634.0
14.0,,-1.0,230.0,127.0,-515.0,-331.0,724.0,1020.0,829.0
-21.0,,-18.0,125.0,89.0,-555.0,-345.0,593.0,928.0,1015.0
-47.0,,-34.0,19.0,49.0,-598.0,-369.0,454.0,814.0,1216.0
-87.0,,-97.0,-78.0,27.0,-559.0,-384.0,655.0,689.0,1393.0
-159.0,,-135.0,-148.0,28.0,-513.0,-383.0,341.0,537.0,1524.0
-208.0,,-191.0,-179.0,46.0,-555.0,-370.0,644.0,403.0,1616.0
-254.0,,-267.0,-245.0,50.0,-594.0,-388.0,452.0,277.0,1629.0
-327.0,,-306.0,-277.0,46.0,-506.0,-402.0,644.0,147.0,1580.0
-432.0,,-359.0,-235.0,40.0,-456.0,-370.0,740.0,38.0,1439.0
-508.0,,-431.0,-213.0,1.0,-486.0,-336.0,591.0,-67.0,1258.0
-569.0,,-471.0,-229.0,-72.0,-556.0,-348.0,885.0,-161.0,1025.0
-641.0,,-500.0,-196.0,-159.0,-567.0,-366.0,572.0,-248.0,752.0
-704.0,,-521.0,-128.0,-225.0,-494.0,-349.0,838.0,-309.0,519.0
-757.0,,-509.0,-124.0,-257.0,-541.0,-301.0,703.0,-336.0,293.0
-803.0,,-490.0,-89.0,-253.0,-607.0,-291.0,718.0,-335.0,122.0
-845.0,,-462.0,-34.0,-203.0,-581.0,-318.0,890.0,-281.0,-26.0
-878.0,,-409.0,-24.0,-132.0,-485.0,-314.0,583.0,-206.0,-98.0
-910.0,,-359.0,0.0,-55.0,-456.0,-311.0,851.0,-140.0,-108.0
-904.0,,-323.0,50.0,17.0,-492.0,-321.0,574.0,-66.0,-101.0
-869.0,,-276.0,51.0,72.0,-445.0,-317.0,785.0,0.0,-24.0
-853.0,,-237.0,11.0,125.0,-386.0,-335.0,824.0,63.0,41.0
-820.0,,-202.0,-11.0,180.0,-324.0,-377.0,731.0,140.0,153.0
-770.0,,-166.0,-92.0,248.0,-344.0,-412.0,1025.0,213.0,314.0
-716.0,,-127.0,-193.0,327.0,-393.0,-407.0,713.0,249.0,450.0
-672.0,,-65.0,-287.0,378.0,-317.0,-371.0,1006.0,265.0,585.0
-634.0,,-9.0,-356.0,391.0,-230.0,-338.0,846.0,263.0,681.0
-563.0,,62.0,-448.0,363.0,-241.0,-289.0,975.0,203.0,728.0
-483.0,,127.0,-588.0,287.0,-309.0,-283.0,1191.0,122.0,766.0
-412.0,,204.0,-647.0,189.0,-277.0,-302.0,1032.0,20.0,798.0
-355.0,,285.0,-649.0,125.0,-194.0,-272.0,1354.0,-107.0,774.0
-280.0,,329.0,-667.0,111.0,-236.0,-270.0,995.0,-248.0,735.0
-205.0,,391.0,-693.0,130.0,-241.0,-290.0,1193.0,-372.0,714.0
-180.0,,428.0,-622.0,172.0,-135.0,-264.0,1112.0,-452.0,687.0
-159.0,,465.0,-527.0,204.0,-105.0,-232.0,1106.0,-519.0,659.0
-128.0,,488.0,-463.0,188.0,-116.0,-227.0,1382.0,-540.0,586.0
-53.0,,486.0,-363.0,146.0,-112.0,-211.0,1112.0,-550.0,511.0
29.0,,486.0,-242.0,85.0,-53.0,-222.0,1454.0,-542.0,472.0
74.0,,465.0,-72.0,3.0,22.0,-230.0,1169.0,-471.0,424.0
121.0,,453.0,74.0,-79.0,4.0,-190.0,1285.0,-383.0,373.0
158.0,,425.0,217.0,-159.0,6.0,-177.0,1334.0,-291.0,307.0
173.0,,403.0,278.0,-214.0,32.0,-183.0,1140.0,-193.0,212.0
163.0,,373.0,256.0,-234.0,12.0,-216.0,1382.0,-100.0,92.0
143.0,,348.0,259.0,-228.0,12.0,-260.0,1043.0,-24.0,-72.0
126.0,,332.0,241.0,-201.0,40.0,-278.0,1322.0,52.0,-227.0
99.0,,309.0,245.0,-178.0,84.0,-314.0,1134.0,118.0,-355.0
79.0,,322.0,237.0,-182.0,114.0,-348.0,1114.0,166.0,-500.0
74.0,,302.0,245.0,-187.0,95.0,-358.0,1225.0,192.0,-611.0
61.0,,305.0,280.0,-168.0,87.0,-339.0,905.0,180.0,-677.0
50.0,,309.0,329.0,-116.0,123.0,-311.0,1184.0,169.0,-721.0
32.0,,278.0,367.0,-48.0,173.0,-296.0,881.0,144.0,-753.0
4.0,,273.0,394.0,5.0,162.0,-303.0,1066.0,121.0,-767.0
-14.0,,251.0,435.0,51.0,87.0,-314.0,1018.0,114.0,-775.0
-40.0,,223.0,411.0,101.0,79.0,-327.0,864.0,95.0,-774.0
-65.0,,192.0,368.0,120.0,115.0,-303.0,1047.0,78.0,-757.0
-81.0,,172.0,278.0,107.0,95.0,-248.0,689.0,43.0,-742.0
-97.0,,136.0,102.0,88.0,35.0,-229.0,1025.0,18.0,-692.0
-123.0,,99.0,-63.0,58.0,38.0,-216.0,894.0,0.0,-668.0
-142.0,,77.0,-233.0,35.0,110.0,-208.0,988.0,-48.0,-622.0
-128.0,,51.0,-426.0,22.0,91.0,-205.0,1049.0,-100.0,-535.0
-94.0,,39.0,-543.0,-10.0,8.0,-192.0,742.0,-149.0,-459.0
-93.0,,38.0,-599.0,-49.0,3.0,-169.0,957.0,-207.0,-353.0
-108.0,,58.0,-702.0,-74.0,41.0,-138.0,644.0,-246.0,-306.0
-87.0,,67.0,-776.0,-72.0,46.0,-137.0,910.0,-263.0,-263.0
-46.0,,78.0,-771.0,-48.0,5.0,-115.0,801.0,-272.0,-190.0
-16.0,,101.0,-747.0,-24.0,47.0,-29.0,713.0,-266.0,-153.0
-6.0,,106.0,-651.0,8.0,133.0,46.0,897.0,-239.0,-116.0
32.0,,128.0,-460.0,52.0,155.0,78.0,611.0,-196.0,-101.0
108.0,,149.0,-277.0,73.0,149.0,101.0,1005.0,-147.0,-85.0
164.0,,173.0,-128.0,46.0,131.0,104.0,807.0,-79.0,-54.0
190.0,,213.0,10.0,3.0,193.0,115.0,938.0,6.0,-24.0
228.0,,256.0,104.0,-24.0,227.0,129.0,971.0,99.0,-28.0
295.0,,315.0,181.0,-24.0,191.0,116.0,737.0,195.0,-22.0
332.0,,361.0,245.0,9.0,169.0,111.0,938.0,293.0,-16.0
332.0,,417.0,298.0,92.0,208.0,65.0,559.0,389.0,-89.0
341.0,,465.0,328.0,225.0,306.0,52.0,792.0,470.0,-150.0
338.0,,502.0,359.0,342.0,285.0,101.0,622.0,540.0,-238.0
308.0,,562.0,410.0,418.0,250.0,116.0,606.0,587.0,-395.0
260.0,,590.0,411.0,444.0,354.0,77.0,729.0,617.0,-538.0
186.0,,601.0,411.0,430.0,448.0,23.0,474.0,616.0,-680.0
108.0,,623.0,401.0,399.0,407.0,1.0,798.0,564.0,-807.0
34.0,,626.0,349.0,341.0,375.0,36.0,522.0,494.0,-901.0
-22.0,,612.0,297.0,254.0,419.0,105.0,748.0,407.0,-965.0
-61.0,,619.0,249.0,147.0,490.0,101.0,729.0,307.0,-1001.0
-90.0,,607.0,221.0,34.0,489.0,63.0,641.0,206.0,-1016.0
-84.0,,573.0,182.0,-78.0,494.0,54.0,897.0,115.0,-1042.0
-95.0,,563.0,154.0,-183.0,611.0,10.0,533.0,50.0,-1093.0
-109.0,,544.0,135.0,-260.0,662.0,-46.0,744.0,9.0,-1099.0
-69.0,,529.0,107.0,-301.0,675.0,-45.0,445.0,-7.0,-1105.0
0.0,,514.0,102.0,-304.0,688.0,-29.0,460.0,0.0,-1110.0
57.0,,491.0,95.0,-290.0,763.0,-35.0,578.0,48.0,-1069.0
91.0,,483.0,50.0,-269.0,831.0,-20.0,474.0,114.0,-1017.0
157.0,,453.0,3.0,-242.0,820.0,17.0,859.0,181.0,-921.0
251.0,,431.0,-25.0,-209.0,780.0,89.0,554.0,282.0,-802.0
308.0,,409.0,-103.0,-169.0,746.0,127.0,776.0,364.0,-688.0
322.0,,366.0,-218.0,-142.0,832.0,165.0,607.0,428.0,-596.0
356.0,,333.0,-328.0,-150.0,842.0,217.0,482.0,483.0,-497.0
437.0,,287.0,-453.0,-170.0,812.0,235.0,698.0,512.0,-379.0
446.0,,262.0,-565.0,-168.0,892.0,269.0,412.0,551.0,-277.0
407.0,,223.0,-599.0,-155.0,972.0,257.0,768.0,585.0,-175.0
402.0,,170.0,-601.0,-129.0,923.0,225.0,565.0,622.0,-99.0
394.0,,152.0,-593.0,-79.0,838.0,241.0,655.0,636.0,-71.0
351.0,,123.0,-516.0,2.0,873.0,274.0,628.0,612.0,-39.0
286.0,,111.0,-426.0,103.0,919.0,306.0,384.0,567.0,-11.0
258.0,,128.0,-306.0,205.0,872.0,317.0,655.0,485.0,-17.0
260.0,,142.0,-151.0,287.0,777.0,284.0,376.0,388.0,-37.0
228.0,,157.0,0.0,334.0,783.0,242.0,674.0,274.0,-94.0
181.0,,196.0,128.0,364.0,824.0,221.0,563.0,172.0,-145.0
153.0,,233.0,192.0,361.0,818.0,238.0,583.0,93.0,-181.0
122.0,,270.0,249.0,320.0,781.0,280.0,735.0,34.0,-211.0
78.0,,313.0,316.0,246.0,827.0,280.0,445.0,17.0,-224.0
0.0,,335.0,380.0,157.0,922.0,277.0,733.0,17.0,-247.0
-51.0,,362.0,484.0,81.0,926.0,308.0,436.0,31.0,-250.0
-47.0,,385.0,586.0,19.0,915.0,299.0,617.0,50.0,-224.0
-55.0,,392.0,605.0,-9.0,932.0,263.0,574.0,91.0,-174.0
-87.0,,412.0,626.0,-18.0,989.0,262.0,404.0,119.0,-110.0
-121.0,,426.0,687.0,-39.0,982.0,281.0,650.0,121.0,-16.0
-104.0,,435.0,693.0,-83.0,946.0,288.0,306.0,123.0,84.0
-97.0,,429.0,684.0,-148.0,914.0,253.0,576.0,85.0,157.0
-137.0,,421.0,674.0,-200.0,938.0,190.0,376.0,25.0,241.0
-168.0,,416.0,621.0,-228.0,955.0,144.0,439.0,-64.0,250.0
-161.0,,372.0,513.0,-246.0,835.0,144.0,602.0,-165.0,176.0
-158.0,,331.0,342.0,-273.0,833.0,191.0,388.0,-250.0,65.0
-190.0,,290.0,159.0,-289.0,892.0,199.0,691.0,-343.0,-112.0
-218.0,,207.0,0.0,-264.0,870.0,225.0,402.0,-427.0,-300.0
-249.0,,129.0,-190.0,-219.0,792.0,302.0,622.0,-492.0,-460.0
-261.0,,60.0,-417.0,-172.0,716.0,328.0,546.0,-527.0,-583.0
-291.0,,-6.0,-626.0,-120.0,743.0,389.0,482.0,-541.0,-646.0
-338.0,,-41.0,-775.0,-66.0,763.0,458.0,692.0,-531.0,-643.0
-358.0,,-72.0,-892.0,-21.0,674.0,461.0,351.0,-484.0,-570.0
-341.0,,-115.0,-979.0,43.0,586.0,468.0,593.0,-414.0,-418.0
-321.0,,-116.0,-990.0,137.0,646.0,497.0,260.0,-325.0,-262.0
-353.0,,-111.0,-935.0,244.0,701.0,518.0,271.0,-227.0,-127.0
-336.0,,-123.0,-817.0,361.0,684.0,515.0,325.0,-132.0,2.0
-282.0,,-100.0,-716.0,454.0,684.0,507.0,205.0,-20.0,108.0
-263.0,,-74.0,-620.0,499.0,685.0,509.0,580.0,88.0,209.0
-250.0,,-58.0,-466.0,490.0,683.0,518.0,275.0,202.0,273.0
-192.0,,-11.0,-286.0,420.0,642.0,495.0,458.0,317.0,289.0
-97.0,,12.0,-102.0,300.0,589.0,413.0,243.0,423.0,247.0
-48.0,,24.0,73.0,170.0,542.0,339.0,153.0,548.0,196.0
-1.0,,48.0,179.0,58.0,525.0,325.0,319.0,636.0,115.0
57.0,,48.0,195.0,-19.0,518.0,364.0,7.0,686.0,-29.0
111.0,,43.0,190.0,-68.0,493.0,353.0,297.0,701.0,-170.0
148.0,,46.0,158.0,-109.0,515.0,290.0,1.0,666.0,-328.0
149.0,,62.0,103.0,-145.0,540.0,247.0,125.0,611.0,-478.0
161.0,,76.0,-9.0,-171.0,459.0,190.0,84.0,521.0,-619.0
167.0,,73.0,-181.0,-159.0,364.0,177.0,-164.0,423.0,-774.0
147.0,,95.0,-328.0,-136.0,394.0,190.0,11.0,343.0,-921.0
105.0,,121.0,-453.0,-139.0,427.0,188.0,-373.0,262.0,-1046.0
59.0,,123.0,-520.0,-161.0,327.0,161.0,-97.0,204.0,-1157.0
10.0,,132.0,-567.0,-171.0,196.0,125.0,-243.0,162.0,-1222.0
-48.0,,145.0,-571.0,-162.0,221.0,140.0,-157.0,123.0,-1201.0
-111.0,,144.0,-508.0,-163.0,294.0,127.0,-12.0,80.0,-1156.0
-186.0,,141.0,-439.0,-164.0,234.0,78.0,-288.0,29.0,-1063.0
-244.0,,151.0,-330.0,-173.0,169.0,56.0,49.0,-23.0,-927.0
-293.0,,160.0,-211.0,-203.0,228.0,58.0,-245.0,-100.0,-778.0
-356.0,,174.0,-120.0,-248.0,291.0,14.0,1.0,-163.0,-565.0
-424.0,,189.0,-25.0,-298.0,262.0,-45.0,-5.0,-202.0,-327.0
-457.0,,194.0,72.0,-332.0,205.0,-34.0,-144.0,-235.0,-64.0
-476.0,,184.0,183.0,-333.0,189.0,-47.0,44.0,-237.0,209.0
-506.0,,161.0,296.0,-261.0,245.0,-101.0,-356.0,-204.0,467.0
-513.0,,134.0,372.0,-129.0,198.0,-123.0,-107.0,-140.0,679.0
-515.0,,103.0,417.0,16.0,115.0,-163.0,-291.0,-64.0,829.0
-514.0,,82.0,422.0,138.0,116.0,-182.0,-144.0,14.0,971.0
-501.0,,71.0,428.0,228.0,75.0,-148.0,-42.0,95.0,1054.0
-446.0,,62.0,442.0,291.0,49.0,-114.0,-254.0,161.0,1040.0
-356.0,,87.0,409.0,323.0,6.0,-99.0,31.0,228.0,980.0
-299.0,,126.0,327.0,356.0,13.0,-110.0,-369.0,316.0,906.0
-249.0,,188.0,198.0,399.0,59.0,-105.0,-153.0,406.0,813.0
-187.0,,256.0,102.0,430.0,25.0,-116.0,-206.0,491.0,678.0
-90.0,,323.0,24.0,440.0,-32.0,-140.0,-219.0,583.0,501.0
17.0,,405.0,-76.0,417.0,-62.0,-151.0,7.0,670.0,318.0
74.0,,457.0,-175.0,363.0,4.0,-152.0,-236.0,753.0,116.0
159.0,,521.0,-231.0,281.0,6.0,-152.0,83.0,824.0,-72.0
288.0,,565.0,-206.0,192.0,-103.0,-188.0,-206.0,875.0,-222.0
395.0,,586.0,-179.0,125.0,-131.0,-218.0,-112.0,899.0,-358.0
447.0,,631.0,-133.0,62.0,-36.0,-237.0,-157.0,889.0,-451.0
459.0,,660.0,-77.0,-19.0,-28.0,-271.0,-321.0,850.0,-526.0
497.0,,672.0,-30.0,-133.0,-134.0,-328.0,3.0,776.0,-565.0
527.0,,677.0,13.0,-241.0,-85.0,-373.0,-279.0,664.0,-578.0
518.0,,674.0,11.0,-306.0,33.0,-425.0,27.0,529.0,-586.0
496.0,,641.0,31.0,-322.0,2.0,-488.0,-144.0,392.0,-548.0
480.0,,618.0,15.0,-298.0,-60.0,-536.0,-164.0,253.0,-525.0
495.0,,583.0,-17.0,-231.0,-61.0,-553.0,-38.0,114.0,-501.0
493.0,,534.0,3.0,-108.0,-81.0,-507.0,-286.0,-23.0,-465.0
467.0,,493.0,13.0,17.0,-98.0,-429.0,83.0,-145.0,-426.0
463.0,,424.0,35.0,111.0,-200.0,-360.0,-129.0,-251.0,-411.0
460.0,,377.0,55.0,169.0,-258.0,-325.0,81.0,-351.0,-419.0
451.0,,318.0,86.0,177.0,-165.0,-306.0,-60.0,-430.0,-362.0
434.0,,231.0,148.0,142.0,-149.0,-306.0,-253.0,-481.0,-297.0
447.0,,145.0,191.0,82.0,-175.0,-300.0,-29.0,-489.0,-224.0
504.0,,42.0,258.0,25.0,-233.0,-259.0,-330.0,-486.0,-110.0
529.0,,-65.0,332.0,6.0,-224.0,-194.0,38.0,-456.0,18.0
533.0,,-191.0,359.0,49.0,-204.0,-187.0,-125.0,-385.0,141.0
545.0,,-319.0,339.0,142.0,-317.0,-238.0,-51.0,-313.0,223.0
567.0,,-429.0,314.0,237.0,-358.0,-263.0,18.0,-227.0,293.0
584.0,,-559.0,279.0,273.0,-281.0,-280.0,-218.0,-141.0,354.0
566.0,,-676.0,195.0,246.0,-225.0,-297.0,48.0,-65.0,383.0
549.0,,-760.0,89.0,188.0,-281.0,-311.0,-277.0,16.0,391.0
549.0,,-848.0,-62.0,127.0,-325.0,-256.0,-14.0,119.0,381.0
522.0,,-908.0,-206.0,63.0,-259.0,-176.0,-84.0,221.0,362.0
476.0,,-945.0,-316.0,-29.0,-206.0,-163.0,-88.0,305.0,303.0
441.0,,-982.0,-447.0,-122.0,-279.0,-154.0,133.0,377.0,210.0
401.0,,-1020.0,-531.0,-183.0,-349.0,-126.0,-238.0,429.0,88.0
350.0,,-1031.0,-566.0,-235.0,-293.0,-110.0,-55.0,455.0,-56.0
309.0,,-1026.0,-546.0,-291.0,-284.0,-143.0,-382.0,457.0,-200.0
295.0,,-1013.0,-512.0,-317.0,-344.0,-112.0,-251.0,433.0,-407.0
294.0,,-974.0,-498.0,-323.0,-383.0,-32.0,-175.0,391.0,-602.0
289.0,,-941.0,-446.0,-317.0,-419.0,-37.0,-279.0,346.0,-768.0
284.0,,-875.0,-371.0,-301.0,-417.0,-60.0,18.0,296.0,-934.0
274.0,,-804.0,-287.0,-275.0,-408.0,-87.0,-319.0,246.0,-1055.0
274.0,,-731.0,-224.0,-221.0,-431.0,-129.0,-86.0,194.0,-1103.0
271.0,,-627.0,-176.0,-177.0,-459.0,-218.0,-299.0,145.0,-1070.0
247.0,,-533.0,-140.0,-118.0,-454.0,-260.0,-303.0,90.0,-1020.0
231.0,,-436.0,-162.0,-27.0,-444.0,-236.0,-175.0,40.0,-913.0
215.0,,-336.0,-204.0,73.0,-473.0,-270.0,-426.0,7.0,-793.0
205.0,,-234.0,-238.0,199.0,-454.0,-264.0,-64.0,-50.0,-669.0
191.0,,-143.0,-249.0,314.0,-435.0,-246.0,-314.0,-100.0,-540.0
167.0,,-62.0,-251.0,390.0,-489.0,-253.0,-133.0,-130.0,-419.0
159.0,,7.0,-287.0,410.0,-546.0,-252.0,-291.0,-158.0,-273.0
160.0,,62.0,-340.0,377.0,-490.0,-236.0,-517.0,-172.0,-178.0
126.0,,110.0,-418.0,298.0,-373.0,-184.0,-345.0,-183.0,-108.0
78.0,,146.0,-483.0,201.0,-429.0,-137.0,-657.0,-157.0,-64.0
67.0,,179.0,-509.0,113.0,-553.0,-138.0,-310.0,-97.0,-45.0
56.0,,198.0,-520.0,26.0,-548.0,-166.0,-528.0,-29.0,-27.0
25.0,,214.0,-553.0,-26.0,-465.0,-135.0,-458.0,47.0,-1.0
2.0,,229.0,-601.0,-58.0,-519.0,-88.0,-417.0,98.0,16.0
12.0,,232.0,-605.0,-93.0,-652.0,-43.0,-672.0,129.0,4.0
4.0,,221.0,-588.0,-109.0,-678.0,-32.0,-317.0,149.0,-7.0
-31.0,,191.0,-535.0,-114.0,-701.0,-32.0,-558.0,150.0,-35.0
-37.0,,161.0,-471.0,-126.0,-770.0,-27.0,-262.0,157.0,-56.0
-36.0,,112.0,-426.0,-144.0,-856.0,-107.0,-323.0,161.0,-64.0
-24.0,,55.0,-365.0,-172.0,-876.0,-155.0,-373.0,157.0,-71.0
-19.0,,-12.0,-342.0,-199.0,-831.0,-161.0,-210.0,159.0,-81.0
-39.0,,-91.0,-345.0,-209.0,-851.0,-168.0,-489.0,168.0,-116.0
-54.0,,-161.0,-325.0,-210.0,-960.0,-155.0,-218.0,183.0,-170.0
-82.0,,-260.0,-307.0,-180.0,-1077.0,-144.0,-570.0,192.0,-226.0
-109.0,,-338.0,-311.0,-118.0,-1060.0,-151.0,-450.0,179.0,-268.0
-166.0,,-388.0,-341.0,-10.0,-1005.0,-183.0,-511.0,158.0,-326.0
-248.0,,-455.0,-379.0,128.0,-1091.0,-191.0,-705.0,126.0,-412.0
-299.0,,-477.0,-380.0,247.0,-1171.0,-171.0,-376.0,83.0,-512.0
-347.0,,-511.0,-349.0,312.0,-1128.0,-110.0,-672.0,37.0,-614.0
-405.0,,-538.0,-287.0,291.0,-1086.0,-65.0,-310.0,-4.0,-706.0
-436.0,,-510.0,-172.0,247.0,-1135.0,-89.0,-406.0,-33.0,-757.0
-434.0,,-488.0,-44.0,232.0,-1237.0,-144.0,-393.0,-40.0,-777.0
-444.0,,-449.0,38.0,256.0,-1190.0,-148.0,-347.0,-33.0,-775.0
-467.0,,-385.0,76.0,313.0,-1108.0,-72.0,-672.0,-32.0,-714.0
-457.0,,-329.0,122.0,346.0,-1215.0,0.0,-389.0,-11.0,-602.0
-420.0,,-253.0,119.0,314.0,-1272.0,78.0,-668.0,21.0,-434.0
-396.0,,-174.0,67.0,203.0,-1191.0,90.0,-375.0,34.0,-233.0
-385.0,,-124.0,6.0,55.0,-1145.0,6.0,-375.0,41.0,-44.0
-321.0,,-58.0,-103.0,-105.0,-1252.0,-59.0,-419.0,48.0,105.0
-224.0,,5.0,-216.0,-252.0,-1296.0,-68.0,-181.0,75.0,244.0
-154.0,,44.0,-312.0,-349.0,-1201.0,-43.0,-561.0,113.0,400.0
-98.0,,90.0,-390.0,-388.0,-1228.0,-37.0,-354.0,154.0,508.0
-36.0,,137.0,-470.0,-362.0,-1309.0,-2.0,-663.0,200.0,568.0
31.0,,166.0,-474.0,-305.0,-1379.0,34.0,-545.0,230.0,639.0
95.0,,200.0,-399.0,-249.0,-1356.0,9.0,-399.0,254.0,667.0
130.0,,235.0,-375.0,-209.0,-1318.0,-23.0,-476.0,254.0,654.0
142.0,,251.0,-352.0,-165.0,-1379.0,-37.0,-75.0,218.0,649.0
154.0,,265.0,-332.0,-116.0,-1374.0,-44.0,-365.0,165.0,617.0
184.0,,274.0,-288.0,-98.0,-1275.0,-32.0,-169.0,116.0,571.0
214.0,,250.0,-213.0,-114.0,-1151.0,0.0,-432.0,63.0,505.0
219.0,,212.0,-159.0,-128.0,-1191.0,-8.0,-513.0,12.0,452.0
211.0,,173.0,-130.0,-107.0,-1291.0,-54.0,-312.0,-18.0,437.0
203.0,,115.0,-152.0,-73.0,-1204.0,-91.0,-546.0,-48.0,414.0
185.0,,53.0,-159.0,-35.0,-1088.0,-114.0,-177.0,-64.0,396.0
155.0,,-18.0,-139.0,-14.0,-1141.0,-131.0,-428.0,-69.0,382.0
140.0,,-73.0,-162.0,-6.0,-1229.0,-151.0,-218.0,-56.0,355.0
120.0,,-118.0,-188.0,-10.0,-1181.0,-173.0,-247.0,-15.0,312.0
99.0,,-174.0,-230.0,-50.0,-1084.0,-176.0,-437.0,21.0,281.0
102.0,,-192.0,-283.0,-89.0,-1058.0,-181.0,-144.0,46.0,252.0
122.0,,-212.0,-264.0,-118.0,-1091.0,-214.0,-448.0,70.0,268.0
136.0,,-213.0,-261.0,-149.0,-1004.0,-273.0,-81.0,85.0,344.0
148.0,,-209.0,-231.0,-186.0,-895.0,-276.0,-181.0,78.0,392.0
179.0,,-200.0,-134.0,-199.0,-943.0,-185.0,-60.0,57.0,460.0
220.0,,-161.0,-73.0,-178.0,-962.0,-140.0,107.0,17.0,524.0
259.0,,-160.0,1.0,-151.0,-876.0,-146.0,-190.0,-38.0,556.0
288.0,,-146.0,63.0,-131.0,-794.0,-201.0,51.0,-108.0,605.0
334.0,,-128.0,122.0,-134.0,-825.0,-265.0,-365.0,-197.0,603.0
384.0,,-136.0,171.0,-132.0,-914.0,-260.0,-227.0,-295.0,572.0
424.0,,-137.0,182.0,-97.0,-896.0,-239.0,-319.0,-389.0,536.0
455.0,,-159.0,206.0,-34.0,-776.0,-221.0,-345.0,-478.0,465.0
473.0,,-179.0,184.0,40.0,-759.0,-256.0,-27.0,-550.0,371.0
510.0,,-219.0,118.0,103.0,-913.0,-268.0,-290.0,-587.0,265.0
542.0,,-250.0,42.0,152.0,-918.0,-232.0,57.0,-611.0,168.0
551.0,,-272.0,-41.0,167.0,-778.0,-256.0,-177.0,-600.0,126.0
564.0,,-316.0,-69.0,125.0,-795.0,-249.0,-49.0,-572.0,138.0
596.0,,-332.0,-58.0,48.0,-926.0,-220.0,77.0,-544.0,174.0
624.0,,-349.0,-93.0,-13.0,-930.0,-176.0,1.0,-482.0,271.0
619.0,,-372.0,-146.0,-24.0,-751.0,-107.0,413.0,-437.0,381.0
587.0,,-384.0,-174.0,0.0,-716.0,-90.0,131.0,-411.0,460.0
578.0,,-407.0,-167.0,46.0,-828.0,-100.0,351.0,-366.0,529.0
594.0,,-424.0,-108.0,118.0,-820.0,-154.0,166.0,-314.0,597.0
562.0,,-444.0,-13.0,204.0,-732.0,-172.0,151.0,-254.0,677.0
492.0,,-469.0,113.0,276.0,-724.0,-114.0,315.0,-193.0,749.0
441.0,,-504.0,265.0,320.0,-844.0,-74.0,12.0,-142.0,795.0
396.0,,-525.0,378.0,303.0,-895.0,-56.0,354.0,-86.0,841.0
322.0,,-534.0,432.0,203.0,-792.0,-69.0,79.0,-39.0,891.0
227.0,,-539.0,456.0,87.0,-763.0,-110.0,247.0,-3.0,930.0
158.0,,-523.0,449.0,24.0,-876.0,-109.0,301.0,37.0,1003.0
122.0,,-502.0,414.0,27.0,-886.0,-100.0,181.0,54.0,1093.0
59.0,,-471.0,364.0,72.0,-770.0,-112.0,485.0,56.0,1203.0
-12.0,,-426.0,294.0,134.0,-695.0,-67.0,125.0,47.0,1338.0
-58.0,,-376.0,217.0,164.0,-705.0,-5.0,351.0,4.0,1410.0
-62.0,,-314.0,149.0,132.0,-715.0,42.0,218.0,-48.0,1439.0
-43.0,,-229.0,66.0,76.0,-625.0,59.0,321.0,-107.0,1455.0
-44.0,,-151.0,-62.0,-7.0,-634.0,40.0,509.0,-188.0,1417.0
-16.0,,-70.0,-228.0,-77.0,-813.0,53.0,242.0,-252.0,1349.0
41.0,,33.0,-368.0,-108.0,-863.0,62.0,545.0,-289.0,1263.0
83.0,,119.0,-498.0,-118.0,-757.0,75.0,184.0,-316.0,1145.0
107.0,,200.0,-639.0,-84.0,-711.0,135.0,376.0,-333.0,1043.0
140.0,,265.0,-708.0,-42.0,-744.0,191.0,365.0,-357.0,931.0
193.0,,316.0,-706.0,-24.0,-789.0,197.0,223.0,-367.0,808.0
223.0,,352.0,-698.0,-21.0,-659.0,186.0,515.0,-378.0,737.0
219.0,,368.0,-665.0,-28.0,-469.0,195.0,234.0,-406.0,665.0
210.0,,370.0,-588.0,-49.0,-536.0,199.0,622.0,-443.0,578.0
203.0,,347.0,-501.0,-86.0,-576.0,202.0,532.0,-474.0,547.0
179.0,,323.0,-409.0,-103.0,-457.0,271.0,676.0,-480.0,528.0
125.0,,284.0,-325.0,-92.0,-408.0,342.0,753.0,-470.0,506.0
54.0,,252.0,-269.0,-106.0,-456.0,380.0,437.0,-459.0,520.0
6.0,,221.0,-242.0,-143.0,-488.0,368.0,652.0,-444.0,499.0
-31.0,,180.0,-253.0,-165.0,-415.0,273.0,210.0,-423.0,438.0
-74.0,,163.0,-303.0,-140.0,-331.0,238.0,386.0,-392.0,388.0
-111.0,,133.0,-358.0,-68.0,-373.0,281.0,338.0,-339.0,289.0
-148.0,,117.0,-437.0,3.0,-404.0,302.0,345.0,-293.0,174.0
-150.0,,128.0,-557.0,38.0,-273.0,319.0,637.0,-264.0,71.0
-148.0,,138.0,-635.0,53.0,-227.0,310.0,410.0,-227.0,-87.0
-163.0,,167.0,-694.0,63.0,-250.0,260.0,757.0,-214.0,-259.0
-139.0,,212.0,-760.0,80.0,-211.0,225.0,487.0,-215.0,-446.0
-83.0,,248.0,-747.0,122.0,-121.0,224.0,545.0,-216.0,-639.0
-54.0,,297.0,-653.0,177.0,8.0,272.0,537.0,-250.0,-805.0
-44.0,,331.0,-542.0,228.0,-20.0,313.0,332.0,-287.0,-979.0
-5.0,,350.0,-423.0,240.0,-70.0,290.0,613.0,-304.0,-1105.0
60.0,,374.0,-276.0,200.0,39.0,243.0,336.0,-322.0,-1165.0
76.0,,375.0,-139.0,132.0,163.0,188.0,676.0,-328.0,-1194.0
77.0,,382.0,-23.0,62.0,191.0,192.0,585.0,-319.0,-1177.0
132.0,,375.0,74.0,26.0,141.0,275.0,528.0,-303.0,-1100.0
179.0,,353.0,110.0,8.0,163.0,366.0,554.0,-281.0,-982.0
179.0,,329.0,126.0,-21.0,322.0,421.0,144.0,-275.0,-859.0
146.0,,274.0,128.0,-86.0,368.0,392.0,447.0,-264.0,-724.0
145.0,,202.0,64.0,-175.0,282.0,308.0,236.0,-249.0,-566.0
155.0,,131.0,7.0,-242.0,365.0,252.0,467.0,-237.0,-392.0
106.0,,35.0,-10.0,-258.0,490.0,268.0,476.0,-211.0,-190.0
31.0,,-84.0,-58.0,-221.0,457.0,335.0,284.0,-206.0,22.0
-3.0,,-189.0,-123.0,-181.0,352.0,395.0,491.0,-201.0,213.0
-19.0,,-313.0,-167.0,-148.0,374.0,423.0,140.0,-182.0,405.0
-59.0,,-421.0,-207.0,-114.0,494.0,411.0,434.0,-176.0,579.0
-104.0,,-513.0,-217.0,-91.0,511.0,382.0,299.0,-182.0,740.0
-133.0,,-593.0,-186.0,-52.0,471.0,373.0,412.0,-201.0,901.0
-127.0,,-640.0,-101.0,52.0,509.0,425.0,556.0,-226.0,991.0
-141.0,,-685.0,13.0,190.0,595.0,528.0,275.0,-245.0,1047.0
-179.0,,-708.0,120.0,298.0,600.0,603.0,546.0,-248.0,1060.0
-218.0,,-720.0,222.0,372.0,559.0,595.0,197.0,-228.0,1017.0
-231.0,,-695.0,287.0,397.0,575.0,517.0,338.0,-185.0,941.0
-218.0,,-645.0,369.0,364.0,667.0,433.0,225.0,-135.0,829.0
-240.0,,-602.0,480.0,277.0,671.0,441.0,153.0,-79.0,699.0
-237.0,,-544.0,548.0,171.0,563.0,520.0,391.0,-20.0,504.0
-181.0,,-495.0,598.0,65.0,545.0,600.0,145.0,25.0,290.0
-139.0,,-441.0,650.0,-18.0,630.0,660.0,530.0,74.0,71.0
-143.0,,-396.0,667.0,-59.0,656.0,643.0,288.0,141.0,-142.0
-133.0,,-350.0,682.0,-84.0,535.0,605.0,389.0,225.0,-302.0
-71.0,,-298.0,706.0,-93.0,513.0,576.0,441.0,321.0,-484.0
-30.0,,-252.0,687.0,-119.0,647.0,581.0,210.0,407.0,-640.0
-25.0,,-203.0,647.0,-172.0,699.0,626.0,506.0,489.0,-757.0
14.0,,-186.0,591.0,-229.0,574.0,649.0,188.0,565.0,-869.0
101.0,,-155.0,528.0,-274.0,481.0,638.0,410.0,610.0,-941.0
161.0,,-108.0,483.0,-278.0,599.0,593.0,221.0,633.0,-991.0
182.0,,-95.0,415.0,-252.0,660.0,565.0,123.0,638.0,-994.0
207.0,,-63.0,371.0,-191.0,597.0,543.0,249.0,634.0,-958.0
263.0,,-35.0,353.0,-114.0,553.0,529.0,14.0,634.0,-897.0
299.0,,-13.0,304.0,-44.0,623.0,551.0,439.0,631.0,-778.0
291.0,,16.0,260.0,18.0,693.0,567.0,186.0,615.0,-630.0
287.0,,28.0,211.0,42.0,585.0,581.0,336.0,580.0,-466.0
300.0,,34.0,197.0,47.0,523.0,570.0,319.0,531.0,-275.0
314.0,,49.0,211.0,46.0,579.0,517.0,169.0,466.0,-57.0
293.0,,35.0,203.0,46.0,600.0,510.0,526.0,402.0,172.0
246.0,,26.0,187.0,51.0,507.0,514.0,291.0,329.0,396.0
230.0,,41.0,162.0,41.0,451.0,553.0,582.0,248.0,605.0
243.0,,26.0,180.0,30.0,548.0,614.0,351.0,184.0,775.0
218.0,,15.0,257.0,2.0,622.0,611.0,271.0,121.0,874.0
191.0,,0.0,347.0,-34.0,565.0,600.0,243.0,84.0,909.0
222.0,,6.0,417.0,-45.0,506.0,576.0,-22.0,79.0,912.0
272.0,,11.0,506.0,-14.0,562.0,559.0,334.0,76.0,864.0
277.0,,16.0,599.0,25.0,636.0,560.0,49.0,72.0,793.0
258.0,,49.0,649.0,41.0,605.0,589.0,295.0,49.0,709.0
281.0,,61.0,675.0,46.0,558.0,641.0,214.0,22.0,577.0
298.0,,89.0,684.0,35.0,659.0,633.0,88.0,-15.0,430.0
265.0,,111.0,668.0,10.0,770.0,589.0,317.0,-82.0,261.0
220.0,,152.0,636.0,-14.0,690.0,542.0,59.0,-148.0,93.0
207.0,,179.0,612.0,-53.0,555.0,493.0,397.0,-221.0,-14.0
195.0,,183.0,560.0,-125.0,628.0,477.0,192.0,-294.0,-101.0
141.0,,195.0,509.0,-192.0,744.0,531.0,330.0,-360.0,-152.0
82.0,,165.0,463.0,-253.0,639.0,556.0,393.0,-434.0,-172.0
10.0,,138.0,400.0,-319.0,525.0,532.0,190.0,-503.0,-190.0
-75.0,,106.0,357.0,-352.0,581.0,535.0,423.0,-560.0,-162.0
-168.0,,37.0,295.0,-346.0,722.0,528.0,9.0,-574.0,-95.0
-255.0,,-33.0,234.0,-298.0,703.0,515.0,256.0,-549.0,4.0
-335.0,,-95.0,194.0,-204.0,567.0,525.0,199.0,-517.0,112.0
-433.0,,-168.0,165.0,-74.0,638.0,568.0,262.0,-438.0,264.0
-521.0,,-237.0,162.0,56.0,763.0,606.0,528.0,-340.0,444.0
-607.0,,-305.0,179.0,172.0,737.0,598.0,293.0,-242.0,583.0
-682.0,,-375.0,231.0,270.0,731.0,556.0,613.0,-127.0,718.0
-730.0,,-408.0,302.0,350.0,769.0,507.0,290.0,-24.0,785.0
-764.0,,-439.0,350.0,389.0,779.0,487.0,341.0,61.0,793.0
-793.0,,-479.0,375.0,365.0,744.0,511.0,264.0,127.0,815.0
-817.0,,-463.0,382.0,283.0,678.0,571.0,116.0,155.0,806.0
-824.0,,-429.0,339.0,172.0,721.0,587.0,412.0,158.0,745.0
-817.0,,-406.0,262.0,91.0,838.0,549.0,121.0,157.0,670.0
-798.0,,-338.0,177.0,41.0,872.0,498.0,437.0,135.0,552.0
-774.0,,-281.0,66.0,2.0,791.0,441.0,216.0,97.0,392.0
-731.0,,-217.0,-65.0,-9.0,767.0,451.0,199.0,45.0,228.0
-690.0,,-144.0,-188.0,-9.0,843.0,523.0,277.0,-14.0,43.0
-669.0,,-99.0,-280.0,-13.0,804.0,601.0,-49.0,-59.0,-113.0
-630.0,,-50.0,-335.0,-38.0,702.0,616.0,277.0,-106.0,-234.0
-593.0,,-8.0,-315.0,-67.0,712.0,529.0,59.0,-153.0,-330.0
-578.0,,6.0,-274.0,-75.0,838.0,439.0,332.0,-196.0,-396.0
-563.0,,16.0,-214.0,-70.0,839.0,436.0,308.0,-256.0,-421.0
-524.0,,29.0,-110.0,-38.0,680.0,533.0,234.0,-307.0,-421.0
-449.0,,22.0,-44.0,8.0,680.0,640.0,408.0,-348.0,-416.0
-395.0,,20.0,36.0,35.0,809.0,654.0,1.0,-374.0,-391.0
-344.0,,-4.0,108.0,31.0,815.0,553.0,264.0,-359.0,-373.0
-255.0,,-29.0,132.0,21.0,662.0,405.0,33.0,-301.0,-354.0
-180.0,,-42.0,163.0,10.0,613.0,318.0,129.0,-217.0,-329.0
-101.0,,-72.0,171.0,-24.0,726.0,294.0,188.0,-128.0,-293.0
-33.0,,-67.0,170.0,-48.0,717.0,338.0,-42.0,-33.0,-249.0
11.0,,-48.0,178.0,-41.0,651.0,416.0,190.0,67.0,-205.0
76.0,,-21.0,170.0,-4.0,657.0,389.0,-162.0,158.0,-177.0
116.0,,34.0,194.0,58.0,722.0,291.0,90.0,225.0,-179.0
147.0,,74.0,252.0,109.0,761.0,196.0,-24.0,274.0,-196.0
181.0,,111.0,285.0,122.0,638.0,184.0,-27.0,323.0,-231.0
205.0,,166.0,327.0,82.0,588.0,273.0,179.0,357.0,-297.0
195.0,,194.0,373.0,15.0,710.0,313.0,-144.0,363.0,-404.0
170.0,,222.0,405.0,-54.0,752.0,318.0,138.0,357.0,-531.0
168.0,,251.0,448.0,-138.0,652.0,291.0,-121.0,302.0,-681.0
142.0,,268.0,472.0,-220.0,546.0,209.0,-5.0,237.0,-860.0
98.0,,278.0,498.0,-286.0,642.0,175.0,-51.0,184.0,-1023.0
37.0,,257.0,495.0,-321.0,759.0,227.0,-310.0,123.0,-1166.0
-29.0,,235.0,449.0,-304.0,673.0,330.0,-160.0,73.0,-1293.0
-86.0,,214.0,431.0,-248.0,588.0,363.0,-487.0,7.0,-1368.0
-141.0,,180.0,394.0,-185.0,681.0,309.0,-179.0,-51.0,-1399.0
-186.0,,147.0,318.0,-131.0,802.0,266.0,-356.0,-88.0,-1376.0
-215.0,,122.0,240.0,-87.0,705.0,257.0,-291.0,-127.0,-1302.0
-227.0,,100.0,174.0,-33.0,632.0,287.0,-96.0,-141.0,-1197.0
-210.0,,87.0,116.0,39.0,742.0,272.0,-334.0,-130.0,-1059.0
-158.0,,58.0,54.0,93.0,805.0,252.0,3.0,-100.0,-899.0
-140.0,,40.0,11.0,108.0,745.0,269.0,-343.0,-49.0,-725.0
-136.0,,40.0,-18.0,112.0,680.0,225.0,-266.0,21.0,-544.0
-93.0,,15.0,0.0,134.0,736.0,172.0,-378.0,96.0,-364.0
-30.0,,-3.0,115.0,144.0,777.0,143.0,-548.0,172.0,-225.0
-7.0,,-44.0,276.0,102.0,750.0,129.0,-356.0,247.0,-123.0
-32.0,,-72.0,416.0,17.0,713.0,99.0,-668.0,319.0,-95.0
-47.0,,-106.0,522.0,-77.0,757.0,36.0,-376.0,363.0,-116.0
-72.0,,-176.0,588.0,-169.0,835.0,-2.0,-593.0,384.0,-145.0
-119.0,,-232.0,612.0,-246.0,755.0,-4.0,-526.0,395.0,-223.0
-198.0,,-287.0,605.0,-279.0,730.0,-4.0,-497.0,370.0,-326.0
-268.0,,-349.0,599.0,-283.0,803.0,-40.0,-787.0,325.0,-436.0
-300.0,,-418.0,609.0,-270.0,857.0,-58.0,-515.0,280.0,-572.0
-340.0,,-468.0,609.0,-245.0,849.0,-78.0,-849.0,230.0,-729.0
-392.0,,-515.0,588.0,-225.0,731.0,-140.0,-670.0,177.0,-873.0
-445.0,,-565.0,565.0,-200.0,774.0,-179.0,-785.0,123.0,-1007.0
-477.0,,-607.0,547.0,-191.0,909.0,-199.0,-872.0,81.0,-1096.0
-506.0,,-641.0,513.0,-186.0,840.0,-205.0,-709.0,49.0,-1153.0
-524.0,,-661.0,487.0,-120.0,666.0,-202.0,-1023.0,9.0,-1201.0
-540.0,,-673.0,417.0,13.0,696.0,-216.0,-729.0,-52.0,-1212.0
-547.0,,-673.0,327.0,151.0,911.0,-225.0,-957.0,-121.0,-1182.0
-526.0,,-656.0,259.0,248.0,868.0,-207.0,-761.0,-207.0,-1118.0
-521.0,,-605.0,173.0,273.0,667.0,-206.0,-683.0,-299.0,-1048.0
-510.0,,-542.0,109.0,239.0,673.0,-242.0,-923.0,-383.0,-919.0
-482.0,,-482.0,65.0,206.0,803.0,-273.0,-648.0,-473.0,-791.0
-463.0,,-429.0,53.0,202.0,785.0,-291.0,-957.0,-553.0,-700.0
-460.0,,-361.0,66.0,243.0,656.0,-292.0,-639.0,-611.0,-627.0
-456.0,,-291.0,58.0,285.0,761.0,-269.0,-702.0,-625.0,-552.0
-453.0,,-258.0,25.0,296.0,903.0,-246.0,-742.0,-600.0,-499.0
-463.0,,-195.0,-13.0,302.0,794.0,-218.0,-570.0,-569.0,-477.0
-457.0,,-142.0,-43.0,294.0,682.0,-205.0,-848.0,-519.0,-437.0
-443.0,,-117.0,-83.0,271.0,703.0,-230.0,-563.0,-460.0,-447.0
-415.0,,-110.0,-122.0,230.0,820.0,-255.0,-853.0,-403.0,-431.0
-389.0,,-123.0,-199.0,204.0,849.0,-255.0,-716.0,-344.0,-397.0
-386.0,,-120.0,-284.0,233.0,694.0,-235.0,-801.0,-298.0,-352.0
-358.0,,-152.0,-323.0,294.0,627.0,-180.0,-1014.0,-243.0,-244.0
-345.0,,-184.0,-357.0,321.0,722.0,-144.0,-676.0,-196.0,-132.0
-346.0,,-212.0,-377.0,287.0,771.0,-153.0,-862.0,-166.0,13.0
-328.0,,-237.0,-368.0,217.0,673.0,-163.0,-421.0,-153.0,159.0
-295.0,,-242.0,-370.0,114.0,634.0,-151.0,-533.0,-133.0,279.0
-250.0,,-259.0,-377.0,-18.0,765.0,-115.0,-521.0,-98.0,368.0
-219.0,,-266.0,-363.0,-138.0,778.0,-68.0,-360.0,-92.0,399.0
-185.0,,-271.0,-363.0,-231.0,626.0,-18.0,-626.0,-92.0,376.0
-158.0,,-265.0,-358.0,-296.0,575.0,-52.0,-341.0,-80.0,334.0
-126.0,,-259.0,-329.0,-328.0,712.0,-106.0,-665.0,-74.0,276.0
-98.0,,-266.0,-298.0,-329.0,738.0,-112.0,-537.0,-87.0,198.0
-102.0,,-274.0,-249.0,-286.0,553.0,-151.0,-652.0,-125.0,105.0
-103.0,,-266.0,-155.0,-215.0,495.0,-213.0,-764.0,-158.0,-14.0
-74.0,,-260.0,-57.0,-163.0,603.0,-259.0,-482.0,-197.0,-146.0
-41.0,,-253.0,49.0,-129.0,679.0,-270.0,-772.0,-212.0,-260.0
-42.0,,-205.0,186.0,-90.0,573.0,-259.0,-423.0,-208.0,-353.0
-39.0,,-186.0,312.0,-28.0,448.0,-252.0,-589.0,-213.0,-442.0
-24.0,,-150.0,449.0,47.0,527.0,-254.0,-506.0,-190.0,-496.0
-22.0,,-112.0,523.0,126.0,580.0,-221.0,-406.0,-149.0,-515.0
-25.0,,-96.0,528.0,187.0,546.0,-222.0,-641.0,-117.0,-520.0
-43.0,,-52.0,537.0,210.0,527.0,-257.0,-382.0,-99.0,-505.0
-75.0,,-46.0,526.0,201.0,580.0,-229.0,-770.0,-65.0,-474.0
-114.0,,-38.0,527.0,164.0,633.0,-219.0,-580.0,-16.0,-436.0
-167.0,,-33.0,539.0,122.0,546.0,-227.0,-676.0,40.0,-411.0
-213.0,,-53.0,538.0,77.0,453.0,-208.0,-709.0,102.0,-398.0
-257.0,,-65.0,527.0,20.0,508.0,-191.0,-421.0,171.0,-412.0
-305.0,,-107.0,523.0,-22.0,642.0,-218.0,-655.0,213.0,-473.0
-336.0,,-143.0,506.0,-44.0,570.0,-244.0,-297.0,226.0,-534.0
-382.0,,-192.0,446.0,-45.0,420.0,-230.0,-511.0,225.0,-579.0
-450.0,,-271.0,378.0,-4.0,454.0,-238.0,-419.0,188.0,-644.0
-525.0,,-348.0,294.0,58.0,563.0,-254.0,-417.0,140.0,-699.0
-579.0,,-420.0,185.0,69.0,546.0,-283.0,-602.0,80.0,-739.0
-633.0,,-486.0,93.0,3.0,412.0,-287.0,-301.0,22.0,-800.0
-717.0,,-544.0,31.0,-106.0,457.0,-273.0,-569.0,-20.0,-821.0
-760.0,,-584.0,-19.0,-234.0,588.0,-267.0,-229.0,-60.0,-804.0
-782.0,,-614.0,-43.0,-342.0,542.0,-234.0,-321.0,-83.0,-782.0
-811.0,,-619.0,-49.0,-412.0,410.0,-227.0,-288.0,-113.0,-719.0
-806.0,,-615.0,-50.0,-440.0,430.0,-245.0,-105.0,-148.0,-637.0
-763.0,,-607.0,-34.0,-419.0,573.0,-257.0,-362.0,-158.0,-524.0
-718.0,,-587.0,-25.0,-367.0,592.0,-248.0,-27.0,-150.0,-367.0
-685.0,,-563.0,5.0,-308.0,496.0,-217.0,-286.0,-135.0,-217.0
-630.0,,-520.0,57.0,-255.0,517.0,-199.0,-107.0,-98.0,-61.0
-542.0,,-469.0,120.0,-186.0,644.0,-230.0,-116.0,-68.0,127.0
-442.0,,-405.0,219.0,-102.0,595.0,-277.0,-190.0,-36.0,294.0
-364.0,,-351.0,306.0,-18.0,500.0,-326.0,40.0,-8.0,427.0
-264.0,,-299.0,359.0,72.0,508.0,-384.0,-349.0,-18.0,551.0
-154.0,,-257.0,378.0,144.0,558.0,-395.0,-62.0,-19.0,665.0
-77.0,,-237.0,353.0,194.0,534.0,-407.0,-243.0,-13.0,770.0
-10.0,,-200.0,299.0,255.0,391.0,-434.0,-151.0,-15.0,830.0
44.0,,-173.0,217.0,325.0,415.0,-445.0,11.0,-22.0,835.0
111.0,,-140.0,124.0,401.0,537.0,-514.0,-229.0,-46.0,780.0
181.0,,-116.0,38.0,460.0,558.0,-585.0,84.0,-70.0,676.0
231.0,,-91.0,-48.0,467.0,504.0,-587.0,-182.0,-75.0,531.0
262.0,,-74.0,-86.0,420.0,497.0,-594.0,73.0,-64.0,331.0
309.0,,-77.0,-79.0,355.0,636.0,-603.0,44.0,-41.0,99.0
333.0,,-49.0,-87.0,294.0,662.0,-602.0,-24.0,-17.0,-130.0
318.0,,-20.0,-66.0,210.0,492.0,-618.0,175.0,11.0,-319.0
315.0,,0.0,-21.0,85.0,473.0,-649.0,-188.0,71.0,-519.0
319.0,,22.0,17.0,-68.0,640.0,-678.0,131.0,142.0,-727.0
296.0,,38.0,51.0,-219.0,655.0,-644.0,-75.0,203.0,-920.0
227.0,,64.0,79.0,-339.0,519.0,-616.0,38.0,262.0,-1122.0
181.0,,80.0,120.0,-396.0,484.0,-618.0,201.0,292.0,-1319.0
168.0,,66.0,159.0,-406.0,604.0,-609.0,49.0,306.0,-1506.0
133.0,,67.0,210.0,-417.0,657.0,-620.0,354.0,303.0,-1654.0
82.0,,67.0,239.0,-425.0,555.0,-646.0,12.0,289.0,-1749.0
89.0,,48.0,204.0,-437.0,572.0,-651.0,203.0,289.0,-1797.0
122.0,,47.0,166.0,-435.0,696.0,-614.0,66.0,280.0,-1782.0
146.0,,24.0,159.0,-408.0,686.0,-624.0,53.0,264.0,-1706.0
186.0,,3.0,146.0,-363.0,590.0,-676.0,323.0,221.0,-1607.0
206.0,,-22.0,77.0,-302.0,558.0,-710.0,112.0,162.0,-1452.0
224.0,,-79.0,-8.0,-244.0,639.0,-718.0,456.0,104.0,-1266.0
240.0,,-116.0,-35.0,-175.0,705.0,-682.0,164.0,31.0,-1048.0
244.0,,-159.0,-60.0,-99.0,534.0,-666.0,258.0,-32.0,-776.0
236.0,,-207.0,-94.0,-22.0,395.0,-632.0,297.0,-101.0,-502.0
202.0,,-235.0,-81.0,37.0,534.0,-652.0,175.0,-181.0,-224.0
168.0,,-270.0,-66.0,74.0,585.0,-718.0,471.0,-268.0,16.0
143.0,,-291.0,-68.0,112.0,452.0,-685.0,112.0,-353.0,249.0
102.0,,-294.0,-41.0,155.0,331.0,-687.0,286.0,-444.0,440.0
38.0,,-290.0,2.0,184.0,361.0,-706.0,35.0,-534.0,591.0
-8.0,,-280.0,32.0,189.0,431.0,-716.0,-44.0,-613.0,751.0
-39.0,,-260.0,11.0,179.0,329.0,-731.0,90.0,-701.0,821.0
-80.0,,-226.0,-36.0,156.0,262.0,-736.0,-127.0,-779.0,873.0
-126.0,,-211.0,-83.0,132.0,331.0,-771.0,254.0,-839.0,866.0
-175.0,,-162.0,-141.0,112.0,379.0,-771.0,55.0,-868.0,770.0
-253.0,,-107.0,-193.0,93.0,264.0,-776.0,363.0,-851.0,668.0
-349.0,,-84.0,-245.0,89.0,77.0,-799.0,471.0,-800.0,544.0
-432.0,,-48.0,-286.0,83.0,121.0,-801.0,351.0,-710.0,416.0
-505.0,,-8.0,-300.0,30.0,250.0,-811.0,513.0,-583.0,269.0
-578.0,,41.0,-275.0,-55.0,160.0,-838.0,88.0,-459.0,154.0
-639.0,,87.0,-213.0,-103.0,-15.0,-847.0,310.0,-335.0,97.0
-670.0,,122.0,-135.0,-98.0,13.0,-828.0,145.0,-187.0,76.0
-674.0,,150.0,-48.0,-61.0,79.0,-826.0,308.0,-46.0,79.0
-679.0,,168.0,22.0,-16.0,-22.0,-835.0,487.0,81.0,109.0
-694.0,,152.0,84.0,12.0,-141.0,-861.0,240.0,177.0,151.0
-692.0,,128.0,159.0,27.0,-160.0,-891.0,519.0,261.0,165.0
-668.0,,110.0,211.0,33.0,-34.0,-874.0,186.0,334.0,198.0
-644.0,,64.0,236.0,64.0,-77.0,-804.0,426.0,368.0,199.0
-617.0,,14.0,248.0,101.0,-306.0,-763.0,382.0,384.0,198.0
-584.0,,-40.0,221.0,101.0,-352.0,-778.0,297.0,371.0,238.0
-560.0,,-111.0,180.0,93.0,-294.0,-799.0,543.0,327.0,256.0
-526.0,,-166.0,154.0,114.0,-348.0,-819.0,238.0,273.0,291.0
-448.0,,-218.0,158.0,177.0,-525.0,-810.0,508.0,207.0,318.0
-372.0,,-264.0,173.0,248.0,-548.0,-814.0,291.0,108.0,325.0
-317.0,,-273.0,195.0,286.0,-405.0,-793.0,441.0,-23.0,325.0
-254.0,,-264.0,252.0,279.0,-421.0,-712.0,509.0,-153.0,349.0
-187.0,,-210.0,294.0,245.0,-615.0,-660.0,284.0,-274.0,413.0
-124.0,,-148.0,340.0,210.0,-621.0,-615.0,554.0,-397.0,473.0
-75.0,,-94.0,416.0,184.0,-460.0,-591.0,264.0,-502.0,560.0
-29.0,,-16.0,518.0,178.0,-523.0,-582.0,565.0,-582.0,643.0
20.0,,41.0,615.0,191.0,-715.0,-567.0,417.0,-635.0,688.0
60.0,,97.0,668.0,222.0,-742.0,-556.0,343.0,-664.0,727.0
95.0,,145.0,736.0,264.0,-618.0,-534.0,561.0,-675.0,733.0
130.0,,179.0,784.0,275.0,-604.0,-523.0,279.0,-666.0,700.0
189.0,,189.0,758.0,223.0,-722.0,-507.0,541.0,-645.0,661.0
260.0,,172.0,678.0,119.0,-731.0,-429.0,230.0,-581.0,616.0
306.0,,137.0,528.0,-21.0,-624.0,-369.0,360.0,-477.0,555.0
344.0,,101.0,353.0,-173.0,-621.0,-372.0,362.0,-369.0,483.0
397.0,,35.0,186.0,-268.0,-727.0,-364.0,219.0,-245.0,408.0
432.0,,-67.0,16.0,-285.0,-763.0,-374.0,526.0,-116.0,335.0
445.0,,-132.0,-159.0,-269.0,-655.0,-384.0,223.0,6.0,271.0
464.0,,-223.0,-297.0,-255.0,-579.0,-372.0,546.0,114.0,212.0
476.0,,-331.0,-373.0,-255.0,-725.0,-351.0,365.0,208.0,168.0
484.0,,-386.0,-432.0,-248.0,-807.0,-345.0,358.0,280.0,158.0
497.0,,-449.0,-452.0,-204.0,-709.0,-359.0,517.0,330.0,149.0
521.0,,-484.0,-422.0,-102.0,-653.0,-315.0,258.0,370.0,163.0
541.0,,-497.0,-342.0,41.0,-736.0,-260.0,572.0,389.0,208.0
509.0,,-520.0,-212.0,158.0,-833.0,-247.0,295.0,391.0,248.0
469.0,,-511.0,-95.0,209.0,-703.0,-253.0,569.0,352.0,323.0
457.0,,-491.0,10.0,186.0,-578.0,-277.0,567.0,289.0,385.0
427.0,,-465.0,64.0,136.0,-707.0,-274.0,447.0,209.0,417.0
388.0,,-427.0,51.0,110.0,-792.0,-218.0,602.0,113.0,478.0
361.0,,-388.0,43.0,130.0,-657.0,-177.0,134.0,11.0,490.0
342.0,,-326.0,17.0,169.0,-582.0,-160.0,395.0,-106.0,467.0
329.0,,-268.0,-69.0,182.0,-651.0,-171.0,208.0,-214.0,439.0
318.0,,-216.0,-185.0,183.0,-694.0,-207.0,334.0,-299.0,361.0
298.0,,-144.0,-275.0,160.0,-634.0,-201.0,476.0,-361.0,284.0
273.0,,-87.0,-341.0,94.0,-551.0,-134.0,280.0,-410.0,246.0
279.0,,-26.0,-384.0,15.0,-638.0,-42.0,569.0,-447.0,220.0
287.0,,53.0,-376.0,-52.0,-746.0,47.0,238.0,-466.0,182.0
261.0,,96.0,-323.0,-107.0,-654.0,76.0,493.0,-456.0,191.0
245.0,,148.0,-283.0,-163.0,-600.0,49.0,391.0,-417.0,239.0
252.0,,207.0,-294.0,-205.0,-674.0,70.0,332.0,-363.0,249.0
257.0,,223.0,-294.0,-216.0,-732.0,127.0,539.0,-277.0,265.0
252.0,,255.0,-296.0,-200.0,-709.0,174.0,260.0,-180.0,298.0
238.0,,276.0,-304.0,-161.0,-615.0,202.0,630.0,-89.0,344.0
248.0,,298.0,-293.0,-100.0,-665.0,192.0,380.0,13.0,389.0
256.0,,320.0,-269.0,-44.0,-750.0,135.0,474.0,111.0,449.0
247.0,,308.0,-221.0,-2.0,-654.0,70.0,465.0,202.0,546.0
255.0,,317.0,-190.0,12.0,-519.0,63.0,208.0,299.0,628.0
272.0,,311.0,-167.0,-20.0,-559.0,109.0,495.0,386.0,718.0
293.0,,292.0,-131.0,-87.0,-732.0,159.0,282.0,473.0,832.0
305.0,,271.0,-131.0,-161.0,-722.0,154.0,641.0,564.0,967.0
294.0,,251.0,-128.0,-224.0,-580.0,101.0,485.0,650.0,1081.0
285.0,,238.0,-128.0,-265.0,-580.0,57.0,402.0,723.0,1174.0
276.0,,201.0,-179.0,-254.0,-729.0,73.0,533.0,784.0,1251.0
260.0,,158.0,-250.0,-195.0,-781.0,104.0,288.0,813.0,1291.0
241.0,,122.0,-290.0,-125.0,-651.0,83.0,700.0,805.0,1305.0
245.0,,86.0,-268.0,-73.0,-642.0,82.0,506.0,746.0,1295.0
275.0,,31.0,-220.0,-54.0,-763.0,71.0,668.0,639.0,1314.0
276.0,,0.0,-147.0,-49.0,-745.0,30.0,604.0,498.0,1328.0
275.0,,0.0,-46.0,-29.0,-663.0,4.0,412.0,317.0,1341.0
299.0,,19.0,37.0,3.0,-681.0,-4.0,672.0,141.0,1309.0
332.0,,55.0,95.0,47.0,-799.0,38.0,367.0,-40.0,1264.0
346.0,,81.0,118.0,99.0,-836.0,66.0,672.0,-214.0,1228.0
352.0,,158.0,92.0,140.0,-742.0,67.0,461.0,-369.0,1124.0
383.0,,234.0,3.0,178.0,-742.0,65.0,480.0,-528.0,1031.0
403.0,,289.0,-69.0,190.0,-841.0,57.0,532.0,-663.0,901.0
418.0,,371.0,-101.0,144.0,-878.0,40.0,186.0,-768.0,762.0
418.0,,434.0,-130.0,65.0,-761.0,37.0,513.0,-827.0,644.0
422.0,,515.0,-155.0,-24.0,-760.0,71.0,303.0,-844.0,520.0
442.0,,591.0,-162.0,-96.0,-957.0,60.0,652.0,-807.0,435.0
464.0,,636.0,-104.0,-100.0,-980.0,46.0,598.0,-729.0,400.0
471.0,,692.0,-31.0,-47.0,-847.0,36.0,375.0,-629.0,391.0
444.0,,736.0,41.0,10.0,-796.0,29.0,508.0,-528.0,379.0
449.0,,768.0,129.0,85.0,-930.0,46.0,131.0,-419.0,369.0
450.0,,787.0,247.0,177.0,-1022.0,46.0,345.0,-281.0,352.0
410.0,,813.0,364.0,237.0,-875.0,24.0,96.0,-140.0,341.0
365.0,,823.0,421.0,215.0,-720.0,-3.0,358.0,18.0,309.0
350.0,,818.0,463.0,116.0,-815.0,18.0,580.0,188.0,251.0
368.0,,803.0,482.0,15.0,-933.0,1.0,393.0,342.0,198.0
352.0,,760.0,474.0,-58.0,-762.0,-18.0,613.0,488.0,126.0
315.0,,720.0,444.0,-104.0,-651.0,5.0,190.0,610.0,63.0
314.0,,653.0,412.0,-120.0,-825.0,27.0,421.0,689.0,-3.0
333.0,,602.0,389.0,-117.0,-957.0,14.0,308.0,718.0,-94.0
339.0,,548.0,377.0,-117.0,-907.0,-64.0,254.0,702.0,-172.0
323.0,,488.0,388.0,-136.0,-826.0,-63.0,463.0,653.0,-254.0
315.0,,451.0,372.0,-173.0,-822.0,-36.0,258.0,576.0,-305.0
352.0,,385.0,351.0,-236.0,-892.0,-31.0,550.0,488.0,-310.0
386.0,,343.0,325.0,-302.0,-860.0,-37.0,195.0,387.0,-315.0
379.0,,314.0,260.0,-331.0,-763.0,-52.0,352.0,290.0,-293.0
361.0,,268.0,174.0,-296.0,-785.0,-33.0,356.0,209.0,-265.0
333.0,,233.0,55.0,-194.0,-780.0,-57.0,236.0,131.0,-231.0
315.0,,188.0,-74.0,-61.0,-732.0,-74.0,550.0,63.0,-176.0
287.0,,161.0,-243.0,74.0,-693.0,-77.0,279.0,1.0,-99.0
228.0,,140.0,-425.0,183.0,-776.0,-89.0,659.0,-54.0,0.0
174.0,,103.0,-567.0,233.0,-884.0,-108.0,539.0,-121.0,80.0
128.0,,87.0,-697.0,235.0,-759.0,-110.0,559.0,-184.0,201.0
63.0,,84.0,-724.0,228.0,-653.0,-40.0,609.0,-222.0,340.0
-10.0,,69.0,-681.0,235.0,-696.0,46.0,304.0,-253.0,456.0
-70.0,,64.0,-619.0,256.0,-765.0,84.0,552.0,-268.0,577.0
-142.0,,70.0,-460.0,283.0,-711.0,55.0,195.0,-277.0,692.0
-201.0,,89.0,-284.0,278.0,-592.0,21.0,376.0,-271.0,806.0
-235.0,,99.0,-121.0,225.0,-646.0,5.0,295.0,-267.0,894.0
-254.0,,104.0,31.0,164.0,-749.0,0.0,216.0,-269.0,935.0
-275.0,,131.0,139.0,108.0,-673.0,23.0,485.0,-255.0,950.0
-295.0,,161.0,253.0,53.0,-530.0,56.0,190.0,-242.0,966.0
-286.0,,192.0,389.0,5.0,-567.0,101.0,426.0,-213.0,965.0
-262.0,,235.0,496.0,-32.0,-705.0,138.0,120.0,-175.0,952.0
-236.0,,292.0,570.0,-41.0,-677.0,151.0,179.0,-136.0,965.0
-197.0,,333.0,646.0,-24.0,-528.0,172.0,238.0,-80.0,985.0
-148.0,,359.0,679.0,-11.0,-538.0,202.0,86.0,-29.0,1024.0
-92.0,,375.0,653.0,-42.0,-655.0,206.0,443.0,19.0,1039.0
-17.0,,387.0,580.0,-116.0,-621.0,187.0,169.0,64.0,1008.0
40.0,,406.0,484.0,-180.0,-522.0,171.0,432.0,88.0,991.0
80.0,,383.0,366.0,-209.0,-519.0,163.0,234.0,93.0,964.0
144.0,,367.0,202.0,-204.0,-569.0,197.0,101.0,83.0,928.0
212.0,,359.0,29.0,-156.0,-618.0,255.0,184.0,58.0,905.0
246.0,,323.0,-136.0,-81.0,-543.0,285.0,-125.0,22.0,884.0
293.0,,292.0,-273.0,-4.0,-471.0,268.0,203.0,5.0,867.0
375.0,,244.0,-363.0,51.0,-601.0,221.0,-73.0,-19.0,851.0
436.0,,205.0,-436.0,77.0,-655.0,198.0,12.0,-41.0,797.0
465.0,,164.0,-488.0,58.0,-538.0,173.0,-83.0,-36.0,709.0
493.0,,107.0,-505.0,51.0,-504.0,183.0,-166.0,-13.0,660.0
561.0,,64.0,-529.0,113.0,-637.0,251.0,181.0,17.0,592.0
615.0,,39.0,-560.0,190.0,-717.0,313.0,-72.0,32.0,508.0
615.0,,34.0,-550.0,214.0,-610.0,336.0,221.0,71.0,471.0
606.0,,18.0,-519.0,191.0,-560.0,311.0,-31.0,121.0,407.0
600.0,,16.0,-474.0,184.0,-661.0,359.0,66.0,152.0,331.0
606.0,,15.0,-405.0,214.0,-716.0,418.0,229.0,185.0,272.0
593.0,,17.0,-309.0,254.0,-599.0,420.0,-62.0,221.0,235.0
570.0,,30.0,-186.0,257.0,-568.0,464.0,162.0,249.0,243.0
550.0,,23.0,-74.0,182.0,-691.0,475.0,-158.0,259.0,254.0
561.0,,47.0,10.0,75.0,-678.0,447.0,145.0,270.0,252.0
586.0,,67.0,78.0,1.0,-586.0,456.0,168.0,283.0,254.0
565.0,,99.0,111.0,-19.0,-578.0,494.0,120.0,274.0,243.0
568.0,,112.0,95.0,-12.0,-691.0,530.0,227.0,257.0,215.0
585.0,,122.0,69.0,24.0,-774.0,548.0,-188.0,263.0,176.0
596.0,,174.0,69.0,97.0,-724.0,507.0,73.0,263.0,147.0
591.0,,188.0,62.0,185.0,-703.0,477.0,-195.0,262.0,155.0
558.0,,228.0,-1.0,254.0,-783.0,526.0,-51.0,282.0,196.0
548.0,,271.0,-87.0,248.0,-842.0,597.0,27.0,286.0,257.0
522.0,,326.0,-190.0,170.0,-723.0,648.0,-59.0,299.0,325.0
475.0,,405.0,-307.0,68.0,-626.0,662.0,323.0,289.0,419.0
416.0,,461.0,-393.0,-8.0,-738.0,656.0,25.0,239.0,520.0
363.0,,522.0,-442.0,-60.0,-842.0,635.0,286.0,172.0,595.0
332.0,,582.0,-442.0,-109.0,-770.0,633.0,109.0,92.0,634.0
268.0,,618.0,-463.0,-170.0,-652.0,651.0,83.0,45.0,635.0
199.0,,611.0,-514.0,-220.0,-674.0,684.0,142.0,36.0,597.0
146.0,,611.0,-524.0,-237.0,-742.0,680.0,-232.0,50.0,495.0
93.0,,593.0,-520.0,-267.0,-678.0,620.0,60.0,81.0,345.0
27.0,,555.0,-496.0,-342.0,-571.0,576.0,-206.0,116.0,143.0
-72.0,,507.0,-449.0,-415.0,-589.0,571.0,62.0,162.0,-70.0
-140.0,,467.0,-395.0,-454.0,-633.0,606.0,96.0,205.0,-243.0
-177.0,,438.0,-305.0,-440.0,-536.0,610.0,25.0,237.0,-390.0
-247.0,,419.0,-180.0,-362.0,-406.0,581.0,362.0,260.0,-457.0
-306.0,,420.0,-69.0,-258.0,-425.0,540.0,97.0,272.0,-440.0
-295.0,,421.0,38.0,-183.0,-450.0,527.0,369.0,250.0,-369.0
-228.0,,476.0,175.0,-145.0,-381.0,552.0,36.0,217.0,-258.0
-174.0,,523.0,287.0,-128.0,-272.0,553.0,-70.0,172.0,-113.0
-138.0,,572.0,395.0,-121.0,-257.0,550.0,-97.0,114.0,38.0
-58.0,,634.0,523.0,-109.0,-395.0,520.0,-290.0,83.0,202.0
37.0,,721.0,645.0,-78.0,-364.0,481.0,79.0,57.0,355.0
87.0,,812.0,721.0,-53.0,-234.0,469.0,-186.0,63.0,446.0
107.0,,867.0,743.0,-52.0,-210.0,483.0,77.0,77.0,491.0
162.0,,947.0,716.0,-82.0,-257.0,506.0,-75.0,87.0,491.0
252.0,,993.0,647.0,-142.0,-255.0,480.0,-166.0,116.0,468.0
318.0,,1027.0,605.0,-207.0,-104.0,461.0,57.0,125.0,441.0
353.0,,1019.0,525.0,-242.0,-41.0,506.0,-199.0,142.0,419.0
387.0,,970.0,359.0,-213.0,-88.0,519.0,110.0,140.0,419.0
417.0,,933.0,176.0,-132.0,-74.0,507.0,-166.0,125.0,418.0
455.0,,851.0,-5.0,-31.0,40.0,544.0,-64.0,118.0,421.0
477.0,,748.0,-141.0,87.0,72.0,554.0,-109.0,103.0,400.0
468.0,,638.0,-210.0,201.0,-47.0,548.0,-319.0,111.0,329.0
476.0,,537.0,-228.0,258.0,-80.0,562.0,-109.0,134.0,244.0
487.0,,418.0,-156.0,238.0,34.0,551.0,-478.0,163.0,153.0
467.0,,275.0,-32.0,151.0,74.0,534.0,-175.0,190.0,46.0
409.0,,146.0,58.0,51.0,-41.0,528.0,-258.0,222.0,-100.0
367.0,,12.0,124.0,-23.0,-25.0,553.0,-205.0,236.0,-268.0
346.0,,-116.0,174.0,-73.0,84.0,574.0,-131.0,229.0,-443.0
288.0,,-238.0,213.0,-55.0,87.0,540.0,-497.0,220.0,-616.0
206.0,,-339.0,228.0,30.0,41.0,518.0,-221.0,202.0,-741.0
149.0,,-420.0,211.0,145.0,18.0,516.0,-469.0,184.0,-853.0
125.0,,-471.0,182.0,253.0,89.0,499.0,-229.0,168.0,-945.0
71.0,,-507.0,123.0,321.0,154.0,489.0,-273.0,160.0,-969.0
5.0,,-538.0,44.0,346.0,60.0,500.0,-384.0,152.0,-939.0
-22.0,,-516.0,-12.0,319.0,18.0,507.0,-129.0,137.0,-870.0
-11.0,,-489.0,-42.0,270.0,94.0,451.0,-524.0,127.0,-772.0
-5.0,,-480.0,-62.0,213.0,100.0,392.0,-369.0,114.0,-666.0
-31.0,,-444.0,-59.0,170.0,108.0,369.0,-665.0,99.0,-538.0
-33.0,,-403.0,-48.0,180.0,79.0,347.0,-596.0,94.0,-363.0
-8.0,,-361.0,-41.0,213.0,92.0,342.0,-495.0,106.0,-171.0
1.0,,-334.0,-14.0,224.0,141.0,322.0,-674.0,121.0,26.0
-35.0,,-325.0,42.0,193.0,60.0,302.0,-286.0,116.0,247.0
-50.0,,-291.0,123.0,144.0,58.0,305.0,-539.0,124.0,438.0
-13.0,,-252.0,184.0,108.0,123.0,333.0,-330.0,139.0,601.0
0.0,,-226.0,211.0,85.0,98.0,355.0,-489.0,154.0,761.0
-12.0,,-188.0,261.0,66.0,6.0,344.0,-521.0,161.0,835.0
-24.0,,-148.0,322.0,34.0,9.0,368.0,-352.0,142.0,846.0
5.0,,-129.0,359.0,15.0,156.0,364.0,-772.0,130.0,807.0
20.0,,-110.0,384.0,23.0,181.0,314.0,-563.0,125.0,700.0
-5.0,,-80.0,356.0,28.0,52.0,279.0,-907.0,135.0,622.0
-16.0,,-61.0,287.0,17.0,12.0,253.0,-764.0,166.0,485.0
1.0,,-26.0,169.0,2.0,74.0,247.0,-694.0,200.0,291.0
13.0,,-25.0,36.0,1.0,112.0,241.0,-862.0,222.0,156.0
-3.0,,-15.0,-18.0,17.0,79.0,250.0,-609.0,255.0,0.0
-7.0,,12.0,-70.0,37.0,39.0,286.0,-899.0,262.0,-149.0
31.0,,0.0,-108.0,34.0,122.0,289.0,-606.0,246.0,-224.0
90.0,,-4.0,-105.0,-6.0,228.0,271.0,-840.0,238.0,-269.0
123.0,,-27.0,-118.0,-57.0,197.0,246.0,-875.0,242.0,-289.0
154.0,,-52.0,-134.0,-69.0,126.0,204.0,-788.0,272.0,-265.0
193.0,,-74.0,-112.0,-48.0,177.0,157.0,-1127.0,279.0,-249.0
201.0,,-99.0,-86.0,-12.0,267.0,104.0,-842.0,267.0,-227.0
191.0,,-123.0,-81.0,9.0,221.0,85.0,-1086.0,237.0,-164.0
183.0,,-148.0,-45.0,0.0,156.0,90.0,-766.0,162.0,-111.0
195.0,,-153.0,16.0,-16.0,229.0,75.0,-759.0,58.0,-34.0
186.0,,-159.0,45.0,-45.0,369.0,47.0,-940.0,-50.0,71.0
152.0,,-165.0,39.0,-63.0,321.0,9.0,-761.0,-151.0,179.0
138.0,,-159.0,74.0,-56.0,216.0,-13.0,-1091.0,-270.0,272.0
123.0,,-127.0,151.0,-29.0,298.0,-15.0,-790.0,-369.0,340.0
104.0,,-124.0,245.0,20.0,345.0,-30.0,-990.0,-451.0,375.0
65.0,,-103.0,333.0,50.0,362.0,-39.0,-927.0,-544.0,356.0
29.0,,-66.0,370.0,11.0,338.0,-43.0,-872.0,-632.0,301.0
1.0,,-45.0,384.0,-74.0,350.0,-83.0,-1084.0,-692.0,200.0
-21.0,,-10.0,373.0,-130.0,485.0,-118.0,-822.0,-716.0,58.0
-32.0,,5.0,359.0,-118.0,463.0,-117.0,-1197.0,-706.0,-76.0
-32.0,,42.0,340.0,-60.0,375.0,-141.0,-918.0,-665.0,-217.0
-2.0,,48.0,277.0,14.0,431.0,-180.0,-909.0,-601.0,-393.0
8.0,,44.0,179.0,83.0,561.0,-190.0,-851.0,-504.0,-569.0
14.0,,56.0,80.0,122.0,559.0,-210.0,-583.0,-409.0,-744.0
49.0,,59.0,36.0,97.0,508.0,-219.0,-842.0,-299.0,-925.0
111.0,,66.0,-1.0,32.0,563.0,-200.0,-574.0,-192.0,-1074.0
170.0,,62.0,-33.0,-57.0,650.0,-207.0,-1016.0,-97.0,-1207.0
205.0,,73.0,-6.0,-153.0,663.0,-183.0,-1082.0,20.0,-1309.0
235.0,,87.0,31.0,-177.0,563.0,-141.0,-1138.0,117.0,-1358.0
263.0,,97.0,82.0,-137.0,568.0,-114.0,-1234.0,181.0,-1344.0
287.0,,102.0,149.0,-69.0,624.0,-75.0,-809.0,212.0,-1300.0
279.0,,89.0,197.0,-3.0,613.0,-74.0,-1062.0,231.0,-1294.0
234.0,,78.0,258.0,17.0,582.0,-108.0,-798.0,216.0,-1247.0
178.0,,72.0,303.0,19.0,539.0,-120.0,-912.0,167.0,-1202.0
157.0,,53.0,328.0,22.0,626.0,-87.0,-853.0,125.0,-1264.0
144.0,,25.0,372.0,22.0,667.0,-93.0,-663.0,79.0,-1352.0
80.0,,28.0,375.0,10.0,582.0,-160.0,-875.0,38.0,-1385.0
-6.0,,19.0,366.0,-8.0,608.0,-196.0,-596.0,1.0,-1416.0
-67.0,,-2.0,389.0,-7.0,714.0,-168.0,-949.0,-11.0,-1514.0
-143.0,,-4.0,446.0,0.0,735.0,-107.0,-857.0,6.0,-1593.0
-253.0,,-18.0,525.0,-14.0,657.0,-63.0,-1018.0,13.0,-1650.0
-335.0,,-33.0,570.0,-24.0,630.0,-32.0,-1095.0,11.0,-1679.0
-380.0,,-68.0,587.0,-38.0,714.0,26.0,-718.0,24.0,-1636.0
-406.0,,-110.0,593.0,-74.0,769.0,81.0,-958.0,36.0,-1545.0
-452.0,,-135.0,586.0,-118.0,692.0,82.0,-537.0,51.0,-1405.0
-487.0,,-160.0,560.0,-164.0,634.0,69.0,-703.0,83.0,-1220.0
-486.0,,-190.0,494.0,-170.0,733.0,83.0,-777.0,132.0,-1025.0
-484.0,,-230.0,360.0,-108.0,808.0,135.0,-934.0,201.0,-846.0
-484.0,,-246.0,207.0,0.0,759.0,194.0,-1339.0,273.0,-646.0
-472.0,,-277.0,76.0,104.0,740.0,235.0,-977.0,330.0,-467.0
-412.0,,-287.0,-43.0,160.0,818.0,254.0,-1134.0,369.0,-345.0
-326.0,,-298.0,-133.0,147.0,838.0,239.0,-600.0,399.0,-307.0
-246.0,,-305.0,-200.0,61.0,722.0,252.0,-358.0,415.0,-283.0
-180.0,,-270.0,-220.0,-45.0,645.0,288.0,-286.0,421.0,-232.0
-123.0,,-258.0,-166.0,-108.0,707.0,292.0,-160.0,408.0,-258.0
-53.0,,-202.0,-77.0,-102.0,780.0,285.0,-733.0,375.0,-333.0
3.0,,-145.0,27.0,-35.0,752.0,303.0,-657.0,344.0,-399.0
35.0,,-83.0,121.0,26.0,721.0,327.0,-1080.0,319.0,-414.0
71.0,,-18.0,216.0,49.0,820.0,328.0,-914.0,294.0,-413.0
138.0,,17.0,311.0,37.0,920.0,339.0,-639.0,286.0,-436.0
183.0,,82.0,377.0,-21.0,863.0,331.0,-659.0,265.0,-430.0
193.0,,125.0,415.0,-108.0,764.0,282.0,-279.0,227.0,-383.0
193.0,,173.0,401.0,-194.0,797.0,250.0,-702.0,220.0,-331.0
183.0,,218.0,384.0,-233.0,897.0,229.0,-650.0,209.0,-301.0
178.0,,250.0,363.0,-212.0,895.0,224.0,-848.0,202.0,-283.0
144.0,,274.0,311.0,-178.0,790.0,250.0,-609.0,199.0,-291.0
105.0,,273.0,284.0,-155.0,809.0,255.0,-79.0,182.0,-348.0
68.0,,283.0,273.0,-125.0,959.0,246.0,-182.0,175.0,-452.0
19.0,,282.0,246.0,-85.0,930.0,225.0,-42.0,154.0,-602.0
-19.0,,286.0,209.0,-81.0,807.0,230.0,-809.0,122.0,-784.0
-58.0,,286.0,172.0,-84.0,841.0,253.0,-1119.0,94.0,-951.0
-74.0,,263.0,163.0,-39.0,973.0,249.0,-1261.0,113.0,-1124.0
-66.0,,259.0,182.0,38.0,947.0,223.0,-1064.0,137.0,-1268.0
-69.0,,246.0,186.0,126.0,834.0,154.0,-426.0,127.0,-1326.0
-93.0,,211.0,172.0,216.0,870.0,102.0,-456.0,122.0,-1348.0
-120.0,,160.0,124.0,295.0,912.0,112.0,-9.0,101.0,-1301.0
-134.0,,121.0,67.0,321.0,880.0,131.0,-264.0,75.0,-1211.0
-153.0,,84.0,51.0,296.0,736.0,142.0,-388.0,39.0,-1107.0
-169.0,,6.0,65.0,259.0,694.0,116.0,-600.0,-2.0,-966.0
-175.0,,-50.0,100.0,201.0,797.0,64.0,-944.0,-26.0,-860.0
-172.0,,-87.0,152.0,146.0,771.0,31.0,-598.0,-47.0,-773.0
-172.0,,-130.0,220.0,149.0,713.0,20.0,-909.0,-64.0,-669.0
-202.0,,-167.0,294.0,164.0,662.0,18.0,-654.0,-82.0,-591.0
-245.0,,-199.0,354.0,164.0,701.0,-6.0,-702.0,-117.0,-542.0
-282.0,,-209.0,390.0,167.0,743.0,-35.0,-766.0,-168.0,-497.0
-312.0,,-221.0,408.0,137.0,628.0,-11.0,-729.0,-231.0,-448.0
-347.0,,-233.0,411.0,67.0,584.0,-17.0,-1119.0,-326.0,-371.0
-382.0,,-244.0,404.0,8.0,676.0,-94.0,-746.0,-441.0,-291.0
-391.0,,-252.0,418.0,-18.0,709.0,-166.0,-881.0,-527.0,-225.0
-385.0,,-247.0,458.0,-36.0,618.0,-221.0,-463.0,-609.0,-165.0
-362.0,,-250.0,510.0,-51.0,543.0,-248.0,-166.0,-701.0,-108.0
-374.0,,-262.0,560.0,-58.0,599.0,-253.0,-400.0,-761.0,-51.0
-384.0,,-253.0,627.0,-66.0,661.0,-253.0,-471.0,-777.0,-34.0
-353.0,,-232.0,694.0,-90.0,560.0,-224.0,-1180.0,-757.0,-36.0
-320.0,,-218.0,723.0,-118.0,491.0,-196.0,-1045.0,-686.0,-18.0
-289.0,,-183.0,768.0,-135.0,568.0,-222.0,-925.0,-569.0,7.0
-264.0,,-135.0,793.0,-129.0,615.0,-247.0,-517.0,-427.0,22.0
-193.0,,-70.0,762.0,-96.0,561.0,-262.0,-249.0,-278.0,24.0
-116.0,,-22.0,710.0,-54.0,495.0,-275.0,-667.0,-135.0,11.0
-74.0,,30.0,651.0,-26.0,594.0,-284.0,-700.0,-5.0,3.0
-4.0,,111.0,622.0,-23.0,666.0,-294.0,-1269.0,109.0,24.0
70.0,,189.0,634.0,-13.0,544.0,-296.0,-942.0,206.0,26.0
117.0,,291.0,658.0,4.0,488.0,-352.0,-572.0,272.0,42.0
149.0,,374.0,671.0,29.0,569.0,-391.0,-376.0,302.0,78.0
178.0,,459.0,675.0,77.0,588.0,-393.0,-109.0,314.0,113.0
180.0,,543.0,675.0,127.0,511.0,-405.0,-498.0,327.0,130.0
165.0,,596.0,652.0,171.0,471.0,-405.0,-267.0,321.0,112.0
153.0,,640.0,622.0,200.0,527.0,-436.0,-604.0,308.0,101.0
142.0,,677.0,610.0,203.0,596.0,-467.0,-696.0,289.0,96.0
133.0,,714.0,595.0,157.0,525.0,-506.0,-812.0,252.0,83.0
111.0,,727.0,567.0,92.0,466.0,-539.0,-1071.0,210.0,83.0
96.0,,730.0,506.0,60.0,544.0,-529.0,-635.0,155.0,132.0
113.0,,718.0,428.0,45.0,619.0,-548.0,-707.0,111.0,166.0
129.0,,698.0,366.0,17.0,626.0,-569.0,-195.0,59.0,193.0
140.0,,660.0,306.0,31.0,534.0,-603.0,-206.0,4.0,250.0
152.0,,621.0,273.0,98.0,536.0,-662.0,-397.0,-59.0,309.0
179.0,,584.0,265.0,136.0,676.0,-693.0,-489.0,-149.0,388.0
213.0,,542.0,259.0,91.0,673.0,-707.0,-997.0,-220.0,416.0
215.0,,503.0,304.0,-13.0,502.0,-695.0,-727.0,-283.0,415.0
211.0,,448.0,374.0,-102.0,475.0,-675.0,-805.0,-338.0,393.0
210.0,,418.0,413.0,-159.0,569.0,-685.0,-363.0,-390.0,331.0
217.0,,388.0,447.0,-189.0,479.0,-733.0,-162.0,-430.0,235.0
214.0,,354.0,476.0,-204.0,338.0,-802.0,-269.0,-459.0,97.0
193.0,,305.0,486.0,-210.0,365.0,-835.0,-133.0,-474.0,-49.0
191.0,,273.0,468.0,-178.0,518.0,-855.0,-683.0,-455.0,-234.0
214.0,,246.0,430.0,-102.0,494.0,-881.0,-569.0,-441.0,-449.0
243.0,,207.0,419.0,-30.0,307.0,-871.0,-822.0,-412.0,-683.0
265.0,,196.0,432.0,-36.0,286.0,-863.0,-800.0,-363.0,-898.0
295.0,,171.0,446.0,-78.0,321.0,-857.0,-607.0,-311.0,-1057.0
343.0,,175.0,445.0,-68.0,275.0,-810.0,-705.0,-260.0,-1186.0
386.0,,172.0,450.0,-32.0,169.0,-769.0,-158.0,-200.0,-1257.0
400.0,,151.0,483.0,-1.0,148.0,-766.0,-247.0,-121.0,-1263.0
423.0,,149.0,494.0,29.0,237.0,-804.0,-81.0,-50.0,-1224.0
477.0,,131.0,490.0,57.0,217.0,-813.0,-375.0,46.0,-1169.0
515.0,,103.0,454.0,58.0,93.0,-763.0,-642.0,141.0,-1090.0
510.0,,43.0,353.0,36.0,79.0,-717.0,-454.0,231.0,-963.0
496.0,,7.0,248.0,8.0,204.0,-698.0,-641.0,345.0,-828.0
495.0,,-47.0,170.0,-11.0,226.0,-669.0,-105.0,454.0,-675.0
475.0,,-123.0,114.0,9.0,77.0,-617.0,-140.0,556.0,-527.0
404.0,,-186.0,67.0,45.0,-16.0,-590.0,70.0,630.0,-405.0
334.0,,-258.0,55.0,64.0,98.0,-570.0,125.0,672.0,-318.0
315.0,,-300.0,90.0,63.0,157.0,-545.0,-236.0,689.0,-310.0
269.0,,-345.0,156.0,28.0,0.0,-537.0,-121.0,673.0,-329.0
157.0,,-384.0,222.0,-25.0,-76.0,-537.0,-541.0,625.0,-396.0
49.0,,-403.0,262.0,-97.0,7.0,-524.0,-306.0,532.0,-498.0
-12.0,,-397.0,318.0,-168.0,68.0,-528.0,-303.0,403.0,-642.0
-85.0,,-399.0,397.0,-189.0,-30.0,-497.0,-116.0,291.0,-852.0
-199.0,,-401.0,452.0,-165.0,-125.0,-417.0,107.0,174.0,-1066.0
-285.0,,-379.0,453.0,-134.0,-33.0,-386.0,-280.0,45.0,-1305.0
-313.0,,-339.0,435.0,-108.0,0.0,-360.0,-59.0,-39.0,-1551.0
-309.0,,-296.0,428.0,-81.0,-115.0,-343.0,-369.0,-97.0,-1757.0
-309.0,,-275.0,433.0,-63.0,-123.0,-324.0,-179.0,-149.0,-1912.0
-308.0,,-229.0,446.0,-59.0,-50.0,-275.0,-125.0,-192.0,-2011.0
-273.0,,-186.0,449.0,-37.0,-82.0,-226.0,-88.0,-208.0,-2053.0
-209.0,,-143.0,457.0,-9.0,-144.0,-183.0,327.0,-212.0,-2043.0
-167.0,,-116.0,439.0,10.0,-174.0,-165.0,3.0,-209.0,-1983.0
-129.0,,-90.0,385.0,54.0,-132.0,-152.0,188.0,-183.0,-1889.0
-66.0,,-67.0,321.0,103.0,-112.0,-177.0,-240.0,-158.0,-1764.0
8.0,,-70.0,269.0,138.0,-251.0,-171.0,-380.0,-140.0,-1591.0
58.0,,-59.0,240.0,159.0,-312.0,-144.0,-345.0,-128.0,-1382.0
65.0,,-82.0,213.0,182.0,-212.0,-157.0,-489.0,-105.0,-1123.0
95.0,,-86.0,197.0,209.0,-181.0,-142.0,75.0,-78.0,-842.0
147.0,,-73.0,213.0,223.0,-280.0,-113.0,48.0,-43.0,-540.0
173.0,,-74.0,232.0,217.0,-370.0,-68.0,473.0,8.0,-216.0
155.0,,-59.0,202.0,171.0,-317.0,-43.0,317.0,53.0,96.0
146.0,,-26.0,168.0,97.0,-246.0,-20.0,-42.0,102.0,387.0
141.0,,15.0,173.0,44.0,-374.0,33.0,-97.0,124.0,602.0
106.0,,37.0,193.0,66.0,-536.0,81.0,-495.0,123.0,725.0
56.0,,82.0,215.0,147.0,-456.0,116.0,-105.0,142.0,799.0
3.0,,121.0,237.0,207.0,-300.0,109.0,-153.0,133.0,808.0
-11.0,,160.0,274.0,229.0,-376.0,94.0,190.0,104.0,764.0
-25.0,,198.0,310.0,241.0,-547.0,108.0,229.0,68.0,702.0
-66.0,,208.0,313.0,257.0,-500.0,109.0,-157.0,0.0,594.0
-83.0,,260.0,259.0,268.0,-402.0,79.0,-103.0,-81.0,480.0
-84.0,,302.0,169.0,239.0,-483.0,48.0,-563.0,-174.0,352.0
-87.0,,305.0,76.0,195.0,-559.0,37.0,-219.0,-272.0,196.0
-105.0,,344.0,-7.0,142.0,-509.0,57.0,-192.0,-374.0,56.0
-119.0,,367.0,-43.0,69.0,-461.0,76.0,-14.0,-464.0,-95.0
-108.0,,372.0,-15.0,0.0,-515.0,132.0,227.0,-529.0,-218.0
-108.0,,365.0,53.0,-70.0,-607.0,208.0,-96.0,-574.0,-319.0
-109.0,,348.0,126.0,-135.0,-578.0,233.0,12.0,-578.0,-420.0
-96.0,,356.0,212.0,-155.0,-456.0,255.0,-484.0,-563.0,-489.0
-77.0,,338.0,316.0,-131.0,-457.0,252.0,-334.0,-524.0,-534.0
-71.0,,317.0,435.0,-126.0,-559.0,241.0,-343.0,-462.0,-561.0
-73.0,,311.0,575.0,-128.0,-552.0,239.0,-286.0,-370.0,-573.0
-53.0,,291.0,696.0,-81.0,-442.0,236.0,168.0,-253.0,-535.0
-36.0,,258.0,762.0,8.0,-443.0,224.0,-70.0,-136.0,-425.0
-44.0,,208.0,740.0,74.0,-551.0,210.0,203.0,-18.0,-255.0
-76.0,,158.0,615.0,72.0,-555.0,236.0,-160.0,69.0,-60.0
-90.0,,104.0,460.0,47.0,-442.0,284.0,-260.0,150.0,159.0
-93.0,,51.0,314.0,23.0,-416.0,332.0,-254.0,216.0,389.0
-95.0,,-15.0,171.0,-6.0,-550.0,316.0,-404.0,249.0,576.0
-84.0,,-95.0,19.0,-51.0,-537.0,260.0,14.0,269.0,710.0
-59.0,,-174.0,-148.0,-145.0,-379.0,235.0,-120.0,268.0,786.0
-15.0,,-261.0,-274.0,-236.0,-419.0,233.0,273.0,242.0,817.0
27.0,,-360.0,-338.0,-243.0,-594.0,244.0,164.0,186.0,809.0
70.0,,-450.0,-366.0,-184.0,-632.0,254.0,18.0,120.0,764.0
113.0,,-517.0,-363.0,-105.0,-496.0,230.0,75.0,46.0,685.0
173.0,,-557.0,-318.0,-37.0,-467.0,206.0,-269.0,-4.0,615.0
246.0,,-574.0,-268.0,7.0,-598.0,268.0,70.0,-20.0,537.0
300.0,,-584.0,-258.0,-13.0,-638.0,315.0,-144.0,-18.0,473.0
340.0,,-570.0,-274.0,-120.0,-550.0,302.0,68.0,14.0,455.0
383.0,,-523.0,-277.0,-235.0,-511.0,257.0,181.0,56.0,427.0
414.0,,-478.0,-254.0,-281.0,-567.0,168.0,48.0,109.0,432.0
399.0,,-428.0,-239.0,-246.0,-592.0,130.0,325.0,171.0,460.0
347.0,,-340.0,-177.0,-180.0,-483.0,125.0,27.0,226.0,495.0
314.0,,-255.0,-31.0,-128.0,-413.0,97.0,303.0,295.0,551.0
302.0,,-187.0,138.0,-115.0,-546.0,30.0,149.0,375.0,603.0
250.0,,-111.0,307.0,-150.0,-655.0,-13.0,221.0,422.0,669.0
181.0,,-29.0,473.0,-207.0,-596.0,43.0,473.0,464.0,753.0
144.0,,72.0,608.0,-237.0,-500.0,91.0,301.0,495.0,835.0
129.0,,161.0,684.0,-202.0,-582.0,126.0,602.0,510.0,907.0
82.0,,232.0,712.0,-147.0,-710.0,149.0,280.0,523.0,963.0
18.0,,319.0,715.0,-113.0,-626.0,146.0,471.0,518.0,995.0
-16.0,,404.0,667.0,-109.0,-579.0,178.0,341.0,520.0,1020.0
-65.0,,455.0,550.0,-94.0,-692.0,208.0,194.0,485.0,995.0
-110.0,,495.0,436.0,-30.0,-792.0,194.0,484.0,434.0,911.0
-156.0,,533.0,349.0,59.0,-730.0,135.0,247.0,383.0,817.0
-212.0,,542.0,238.0,153.0,-636.0,104.0,648.0,307.0,699.0
-245.0,,537.0,131.0,205.0,-715.0,111.0,482.0,222.0,555.0
-263.0,,510.0,19.0,214.0,-807.0,104.0,637.0,131.0,385.0
-309.0,,489.0,-113.0,220.0,-763.0,70.0,696.0,48.0,217.0
-340.0,,465.0,-204.0,225.0,-695.0,67.0,412.0,-30.0,84.0
-338.0,,416.0,-276.0,211.0,-773.0,121.0,644.0,-80.0,-23.0
-371.0,,372.0,-354.0,201.0,-849.0,132.0,290.0,-132.0,-95.0
-410.0,,333.0,-409.0,206.0,-794.0,100.0,558.0,-191.0,-146.0
-428.0,,300.0,-454.0,185.0,-724.0,118.0,463.0,-240.0,-176.0
-427.0,,253.0,-477.0,114.0,-715.0,141.0,550.0,-290.0,-168.0
-441.0,,225.0,-441.0,0.0,-800.0,86.0,798.0,-329.0,-115.0
-485.0,,198.0,-326.0,-107.0,-792.0,43.0,513.0,-375.0,-46.0
-514.0,,187.0,-138.0,-165.0,-690.0,34.0,759.0,-409.0,1.0
-533.0,,186.0,24.0,-169.0,-752.0,20.0,336.0,-435.0,72.0
-570.0,,164.0,145.0,-148.0,-896.0,6.0,406.0,-440.0,119.0
-624.0,,190.0,285.0,-128.0,-884.0,-44.0,380.0,-407.0,140.0
-635.0,,222.0,397.0,-138.0,-827.0,-91.0,352.0,-366.0,161.0
-638.0,,250.0,452.0,-180.0,-884.0,-125.0,788.0,-278.0,171.0
-674.0,,295.0,456.0,-194.0,-952.0,-144.0,596.0,-166.0,211.0
-703.0,,346.0,454.0,-169.0,-900.0,-152.0,951.0,-60.0,240.0
-719.0,,412.0,451.0,-117.0,-774.0,-135.0,787.0,62.0,271.0
-705.0,,465.0,439.0,-34.0,-807.0,-84.0,814.0,181.0,310.0
-693.0,,483.0,409.0,43.0,-903.0,-56.0,835.0,287.0,352.0
-712.0,,508.0,306.0,96.0,-863.0,-32.0,572.0,380.0,403.0
-709.0,,520.0,256.0,133.0,-815.0,-18.0,886.0,470.0,439.0
-667.0,,469.0,283.0,139.0,-882.0,0.0,526.0,544.0,459.0
-611.0,,416.0,283.0,100.0,-1021.0,9.0,750.0,584.0,495.0
-570.0,,349.0,268.0,24.0,-1020.0,15.0,729.0,612.0,544.0
-547.0,,241.0,219.0,-59.0,-904.0,18.0,687.0,610.0,583.0
-485.0,,143.0,174.0,-120.0,-905.0,6.0,970.0,577.0,662.0
-375.0,,23.0,206.0,-170.0,-993.0,26.0,718.0,506.0,740.0
-311.0,,-98.0,268.0,-191.0,-1004.0,-1.0,1005.0,403.0,822.0
-269.0,,-198.0,239.0,-150.0,-953.0,-2.0,737.0,284.0,910.0
-191.0,,-312.0,141.0,-34.0,-957.0,67.0,861.0,133.0,980.0
-89.0,,-400.0,117.0,99.0,-1033.0,119.0,897.0,-15.0,1051.0
-15.0,,-444.0,131.0,177.0,-1094.0,137.0,617.0,-161.0,1081.0
-2.0,,-465.0,99.0,192.0,-1052.0,126.0,842.0,-308.0,1071.0
15.0,,-470.0,47.0,160.0,-1043.0,143.0,519.0,-420.0,1042.0
56.0,,-446.0,24.0,115.0,-1131.0,175.0,831.0,-511.0,1002.0
69.0,,-402.0,72.0,54.0,-1128.0,207.0,737.0,-578.0,934.0
39.0,,-360.0,161.0,12.0,-1089.0,236.0,735.0,-606.0,855.0
21.0,,-281.0,207.0,43.0,-1073.0,246.0,933.0,-597.0,775.0
32.0,,-213.0,207.0,126.0,-1126.0,215.0,631.0,-564.0,681.0
21.0,,-162.0,283.0,189.0,-1214.0,210.0,927.0,-510.0,585.0
-25.0,,-82.0,423.0,179.0,-1106.0,247.0,698.0,-458.0,490.0
-60.0,,-12.0,500.0,126.0,-1035.0,257.0,931.0,-413.0,420.0
-42.0,,33.0,534.0,78.0,-1138.0,285.0,934.0,-368.0,372.0
-41.0,,89.0,522.0,71.0,-1199.0,282.0,794.0,-335.0,358.0
-78.0,,138.0,446.0,77.0,-1106.0,275.0,1006.0,-294.0,336.0
-116.0,,158.0,406.0,87.0,-1042.0,308.0,587.0,-241.0,292.0
-118.0,,171.0,435.0,100.0,-1176.0,347.0,833.0,-202.0,267.0
-110.0,,156.0,447.0,86.0,-1227.0,396.0,689.0,-156.0,236.0
-111.0,,159.0,413.0,35.0,-1151.0,402.0,805.0,-90.0,208.0
-97.0,,155.0,359.0,-53.0,-1123.0,406.0,938.0,-42.0,184.0
-79.0,,116.0,287.0,-153.0,-1221.0,402.0,657.0,-17.0,175.0
-44.0,,99.0,217.0,-226.0,-1264.0,372.0,885.0,11.0,180.0
-12.0,,66.0,161.0,-243.0,-1172.0,392.0,530.0,40.0,199.0
26.0,,25.0,73.0,-229.0,-1146.0,444.0,757.0,69.0,262.0
65.0,,-6.0,-29.0,-204.0,-1136.0,445.0,716.0,87.0,358.0
82.0,,-50.0,-88.0,-177.0,-1188.0,453.0,646.0,97.0,480.0
93.0,,-72.0,-89.0,-159.0,-1153.0,509.0,822.0,101.0,619.0
93.0,,-85.0,-57.0,-145.0,-1029.0,543.0,511.0,104.0,764.0
118.0,,-98.0,-18.0,-145.0,-1119.0,534.0,942.0,110.0,900.0
132.0,,-93.0,34.0,-135.0,-1213.0,551.0,774.0,109.0,1015.0
130.0,,-64.0,68.0,-84.0,-1133.0,580.0,851.0,107.0,1118.0
151.0,,-28.0,37.0,11.0,-989.0,609.0,875.0,109.0,1202.0
166.0,,-1.0,-2.0,90.0,-983.0,634.0,611.0,110.0,1254.0
163.0,,32.0,-54.0,85.0,-1078.0,642.0,848.0,120.0,1267.0
132.0,,58.0,-147.0,15.0,-1008.0,709.0,543.0,138.0,1248.0
112.0,,101.0,-217.0,-58.0,-870.0,812.0,822.0,162.0,1221.0
111.0,,126.0,-216.0,-103.0,-888.0,920.0,679.0,175.0,1165.0
113.0,,108.0,-157.0,-100.0,-958.0,986.0,667.0,185.0,1094.0
99.0,,112.0,-72.0,-43.0,-920.0,984.0,844.0,204.0,1031.0
64.0,,61.0,5.0,58.0,-818.0,983.0,598.0,204.0,947.0
52.0,,10.0,63.0,184.0,-785.0,988.0,966.0,181.0,843.0
45.0,,-18.0,111.0,282.0,-849.0,982.0,709.0,129.0,721.0
33.0,,-70.0,144.0,310.0,-816.0,933.0,844.0,57.0,615.0
19.0,,-84.0,132.0,256.0,-687.0,889.0,753.0,-28.0,536.0
27.0,,-98.0,86.0,155.0,-702.0,869.0,593.0,-110.0,465.0
54.0,,-100.0,9.0,78.0,-775.0,881.0,838.0,-162.0,437.0
80.0,,-69.0,-107.0,72.0,-687.0,889.0,532.0,-215.0,437.0
100.0,,-30.0,-199.0,119.0,-582.0,874.0,868.0,-258.0,457.0
93.0,,20.0,-234.0,140.0,-548.0,860.0,644.0,-284.0,485.0
94.0,,78.0,-233.0,127.0,-560.0,822.0,674.0,-312.0,527.0
110.0,,167.0,-216.0,102.0,-581.0,788.0,774.0,-322.0,595.0
112.0,,249.0,-186.0,42.0,-467.0,754.0,528.0,-309.0,664.0
105.0,,326.0,-110.0,-53.0,-425.0,777.0,842.0,-282.0,744.0
95.0,,435.0,-13.0,-166.0,-502.0,807.0,535.0,-252.0,838.0
107.0,,534.0,96.0,-269.0,-464.0,776.0,798.0,-201.0,930.0
103.0,,624.0,235.0,-332.0,-346.0,700.0,790.0,-135.0,985.0
58.0,,677.0,364.0,-337.0,-298.0,634.0,729.0,-71.0,1021.0
39.0,,726.0,444.0,-290.0,-340.0,626.0,851.0,27.0,999.0
24.0,,774.0,468.0,-212.0,-313.0,584.0,502.0,143.0,923.0
-8.0,,778.0,481.0,-136.0,-145.0,573.0,866.0,253.0,857.0
-52.0,,761.0,477.0,-70.0,-58.0,581.0,665.0,357.0,785.0
-104.0,,715.0,415.0,17.0,-148.0,584.0,873.0,450.0,729.0
-164.0,,676.0,348.0,91.0,-191.0,637.0,944.0,542.0,664.0
-246.0,,612.0,278.0,109.0,-116.0,641.0,672.0,616.0,654.0
-304.0,,538.0,135.0,94.0,-37.0,599.0,872.0,676.0,694.0
-338.0,,455.0,-9.0,91.0,-83.0,559.0,437.0,713.0,722.0
-356.0,,353.0,-82.0,132.0,-133.0,554.0,589.0,741.0,795.0
-371.0,,278.0,-111.0,168.0,-1.0,545.0,386.0,758.0,856.0
-405.0,,179.0,-85.0,160.0,114.0,496.0,461.0,742.0,926.0
-417.0,,109.0,-21.0,117.0,66.0,461.0,829.0,709.0,980.0
-429.0,,64.0,73.0,58.0,70.0,400.0,829.0,670.0,1001.0
-458.0,,0.0,180.0,49.0,147.0,363.0,1289.0,608.0,1016.0
-478.0,,-64.0,286.0,91.0,208.0,349.0,890.0,527.0,993.0
-483.0,,-113.0,394.0,123.0,235.0,293.0,925.0,440.0,961.0
-489.0,,-155.0,420.0,132.0,206.0,219.0,800.0,324.0,911.0
-507.0,,-177.0,413.0,127.0,317.0,152.0,611.0,223.0,861.0
-530.0,,-183.0,407.0,103.0,406.0,148.0,824.0,134.0,818.0
-524.0,,-166.0,346.0,68.0,375.0,126.0,445.0,48.0,804.0
-502.0,,-109.0,260.0,40.0,405.0,43.0,761.0,-16.0,797.0
-511.0,,-68.0,176.0,25.0,486.0,-26.0,694.0,-75.0,786.0
-498.0,,-17.0,114.0,24.0,584.0,-96.0,801.0,-93.0,778.0
-439.0,,47.0,79.0,27.0,575.0,-140.0,844.0,-100.0,735.0
-398.0,,105.0,37.0,32.0,522.0,-151.0,528.0,-100.0,709.0
-375.0,,163.0,-6.0,34.0,579.0,-167.0,702.0,-79.0,661.0
-316.0,,187.0,-31.0,8.0,709.0,-237.0,310.0,-63.0,587.0
-228.0,,212.0,-20.0,-73.0,678.0,-322.0,493.0,-68.0,547.0
-147.0,,240.0,17.0,-186.0,615.0,-336.0,413.0,-80.0,508.0
-87.0,,247.0,58.0,-264.0,722.0,-309.0,436.0,-87.0,472.0
-53.0,,247.0,83.0,-261.0,856.0,-289.0,752.0,-102.0,477.0
-18.0,,230.0,97.0,-176.0,843.0,-317.0,508.0,-107.0,498.0
0.0,,224.0,108.0,-44.0,780.0,-355.0,777.0,-119.0,537.0
0.0,,217.0,95.0,69.0,911.0,-352.0,426.0,-139.0,624.0
-33.0,,178.0,104.0,125.0,1011.0,-302.0,454.0,-161.0,746.0
-93.0,,163.0,168.0,135.0,1004.0,-259.0,413.0,-192.0,898.0
-121.0,,132.0,262.0,140.0,931.0,-279.0,195.0,-214.0,1023.0
-140.0,,96.0,370.0,145.0,940.0,-345.0,491.0,-226.0,1102.0
-178.0,,58.0,468.0,105.0,1010.0,-397.0,177.0,-252.0,1165.0
-226.0,,26.0,522.0,53.0,1002.0,-389.0,461.0,-280.0,1201.0
-263.0,,16.0,529.0,11.0,1019.0,-389.0,365.0,-281.0,1182.0
-302.0,,-13.0,541.0,-40.0,1026.0,-422.0,480.0,-277.0,1115.0
-360.0,,-53.0,529.0,-74.0,1154.0,-461.0,694.0,-254.0,1027.0
-399.0,,-81.0,491.0,-68.0,1173.0,-436.0,362.0,-212.0,905.0
-420.0,,-105.0,442.0,-18.0,1109.0,-376.0,559.0,-175.0,760.0
-439.0,,-139.0,377.0,58.0,1137.0,-363.0,162.0,-135.0,612.0
-452.0,,-155.0,307.0,153.0,1179.0,-431.0,327.0,-101.0,466.0
-441.0,,-157.0,208.0,245.0,1218.0,-562.0,273.0,-70.0,319.0
-402.0,,-134.0,124.0,301.0,1125.0,-595.0,164.0,-50.0,189.0
-361.0,,-101.0,73.0,306.0,1113.0,-598.0,473.0,-43.0,79.0
-296.0,,-83.0,14.0,247.0,1229.0,-630.0,182.0,-40.0,-1.0
-218.0,,-39.0,-45.0,144.0,1284.0,-670.0,502.0,-52.0,-70.0
-113.0,,-6.0,-73.0,53.0,1190.0,-709.0,242.0,-68.0,-146.0
0.0,,32.0,-63.0,2.0,1178.0,-670.0,282.0,-66.0,-191.0
62.0,,58.0,-5.0,-43.0,1295.0,-662.0,371.0,-64.0,-248.0
118.0,,70.0,112.0,-89.0,1353.0,-702.0,157.0,-43.0,-297.0
174.0,,96.0,264.0,-108.0,1301.0,-724.0,543.0,0.0,-313.0
228.0,,104.0,401.0,-108.0,1255.0,-721.0,291.0,49.0,-334.0
244.0,,109.0,508.0,-58.0,1419.0,-731.0,578.0,127.0,-336.0
237.0,,111.0,619.0,29.0,1477.0,-757.0,508.0,222.0,-325.0
269.0,,120.0,709.0,99.0,1384.0,-732.0,458.0,316.0,-324.0
307.0,,120.0,745.0,136.0,1356.0,-712.0,578.0,409.0,-334.0
337.0,,106.0,734.0,135.0,1447.0,-728.0,158.0,484.0,-303.0
352.0,,97.0,686.0,126.0,1563.0,-735.0,386.0,538.0,-291.0
385.0,,95.0,563.0,118.0,1584.0,-729.0,79.0,582.0,-316.0
408.0,,79.0,413.0,99.0,1615.0,-692.0,258.0,606.0,-312.0
410.0,,27.0,314.0,96.0,1694.0,-645.0,384.0,608.0,-344.0
433.0,,-12.0,216.0,113.0,1765.0,-666.0,327.0,583.0,-403.0
444.0,,-60.0,140.0,146.0,1684.0,-681.0,709.0,523.0,-479.0
444.0,,-124.0,98.0,158.0,1682.0,-624.0,384.0,439.0,-552.0
409.0,,-175.0,67.0,112.0,1799.0,-550.0,532.0,309.0,-599.0
358.0,,-233.0,44.0,27.0,1848.0,-540.0,221.0,141.0,-634.0
339.0,,-268.0,34.0,-52.0,1841.0,-595.0,121.0,-28.0,-645.0
320.0,,-283.0,54.0,-92.0,1777.0,-568.0,214.0,-206.0,-649.0
276.0,,-300.0,100.0,-100.0,1836.0,-476.0,-22.0,-388.0,-602.0
212.0,,-291.0,198.0,-100.0,1878.0,-403.0,410.0,-540.0,-525.0
177.0,,-266.0,294.0,-96.0,1755.0,-330.0,194.0,-659.0,-441.0
174.0,,-235.0,356.0,-95.0,1688.0,-265.0,402.0,-757.0,-335.0
135.0,,-199.0,410.0,-91.0,1780.0,-239.0,354.0,-832.0,-212.0
68.0,,-158.0,459.0,-92.0,1834.0,-230.0,179.0,-883.0,-88.0
42.0,,-101.0,505.0,-118.0,1747.0,-231.0,373.0,-912.0,26.0
64.0,,-52.0,510.0,-165.0,1714.0,-238.0,-53.0,-932.0,116.0
82.0,,-23.0,490.0,-241.0,1800.0,-214.0,131.0,-908.0,165.0
66.0,,10.0,467.0,-305.0,1846.0,-217.0,-123.0,-839.0,223.0
78.0,,29.0,397.0,-331.0,1731.0,-186.0,57.0,-739.0,267.0
151.0,,28.0,271.0,-302.0,1638.0,-90.0,304.0,-608.0,303.0
241.0,,19.0,179.0,-216.0,1712.0,-16.0,129.0,-476.0,325.0
276.0,,10.0,126.0,-104.0,1742.0,32.0,434.0,-360.0,351.0
294.0,,14.0,56.0,37.0,1659.0,52.0,18.0,-264.0,379.0
368.0,,2.0,-17.0,164.0,1625.0,42.0,179.0,-180.0,359.0
438.0,,-16.0,-78.0,260.0,1640.0,34.0,46.0,-124.0,334.0
464.0,,-37.0,-111.0,295.0,1703.0,73.0,-24.0,-92.0,302.0
480.0,,-68.0,-145.0,247.0,1720.0,105.0,249.0,-65.0,285.0
542.0,,-121.0,-150.0,137.0,1671.0,116.0,-38.0,-62.0,249.0
619.0,,-195.0,-88.0,12.0,1692.0,155.0,216.0,-76.0,219.0
633.0,,-269.0,-34.0,-41.0,1728.0,193.0,-145.0,-100.0,212.0
630.0,,-332.0,-7.0,-23.0,1650.0,218.0,-38.0,-126.0,171.0
641.0,,-379.0,48.0,55.0,1477.0,238.0,64.0,-120.0,116.0
661.0,,-421.0,120.0,147.0,1460.0,256.0,-70.0,-90.0,69.0
628.0,,-453.0,135.0,195.0,1573.0,266.0,173.0,-59.0,47.0
552.0,,-460.0,131.0,203.0,1531.0,280.0,-286.0,-17.0,59.0
518.0,,-441.0,169.0,171.0,1385.0,291.0,-105.0,40.0,95.0
494.0,,-436.0,228.0,124.0,1402.0,302.0,-254.0,109.0,145.0
424.0,,-407.0,293.0,63.0,1518.0,349.0,-184.0,174.0,225.0
307.0,,-354.0,339.0,1.0,1510.0,387.0,103.0,214.0,313.0
219.0,,-325.0,401.0,-56.0,1406.0,386.0,-125.0,256.0,411.0
191.0,,-283.0,497.0,-126.0,1380.0,405.0,75.0,302.0,508.0
138.0,,-255.0,591.0,-172.0,1479.0,441.0,-362.0,330.0,572.0
53.0,,-197.0,684.0,-161.0,1404.0,456.0,-297.0,364.0,609.0
-4.0,,-157.0,773.0,-93.0,1243.0,470.0,-373.0,391.0,582.0
-17.0,,-150.0,861.0,-7.0,1286.0,499.0,-474.0,412.0,512.0
-42.0,,-122.0,914.0,47.0,1333.0,515.0,-129.0,425.0,425.0
-100.0,,-100.0,898.0,76.0,1284.0,501.0,-373.0,428.0,293.0
-124.0,,-66.0,843.0,86.0,1197.0,498.0,-107.0,436.0,137.0
-101.0,,-47.0,795.0,81.0,1133.0,488.0,-404.0,449.0,-4.0
-80.0,,-17.0,735.0,78.0,1172.0,434.0,-458.0,455.0,-123.0
-83.0,,2.0,657.0,84.0,1154.0,395.0,-410.0,451.0,-220.0
-74.0,,29.0,621.0,92.0,1045.0,395.0,-620.0,462.0,-308.0
-48.0,,49.0,562.0,107.0,1057.0,453.0,-286.0,471.0,-414.0
-40.0,,60.0,451.0,136.0,1148.0,499.0,-622.0,466.0,-532.0
-60.0,,116.0,340.0,168.0,1167.0,497.0,-437.0,447.0,-622.0
-76.0,,152.0,237.0,220.0,1100.0,527.0,-504.0,410.0,-706.0
-74.0,,195.0,167.0,242.0,1037.0,532.0,-554.0,346.0,-765.0
-85.0,,228.0,96.0,190.0,1115.0,502.0,-388.0,250.0,-789.0
-87.0,,267.0,27.0,83.0,1162.0,469.0,-752.0,147.0,-813.0
-70.0,,309.0,7.0,-39.0,1000.0,390.0,-454.0,57.0,-778.0
-38.0,,294.0,-12.0,-127.0,907.0,307.0,-679.0,-27.0,-736.0
-7.0,,309.0,-16.0,-187.0,945.0,272.0,-456.0,-102.0,-689.0
8.0,,318.0,49.0,-222.0,959.0,278.0,-253.0,-170.0,-632.0
50.0,,317.0,145.0,-221.0,910.0,283.0,-399.0,-235.0,-624.0
101.0,,311.0,253.0,-177.0,823.0,257.0,-105.0,-259.0,-625.0
158.0,,288.0,346.0,-87.0,858.0,247.0,-497.0,-262.0,-649.0
209.0,,293.0,416.0,15.0,878.0,276.0,-351.0,-246.0,-735.0
256.0,,265.0,525.0,62.0,757.0,268.0,-484.0,-192.0,-839.0
304.0,,221.0,639.0,38.0,726.0,225.0,-412.0,-128.0,-927.0
361.0,,167.0,730.0,11.0,766.0,213.0,-182.0,-37.0,-1036.0
422.0,,116.0,796.0,4.0,739.0,222.0,-508.0,69.0,-1126.0
431.0,,69.0,804.0,9.0,679.0,221.0,-243.0,165.0,-1184.0
426.0,,-27.0,747.0,12.0,602.0,215.0,-600.0,257.0,-1251.0
421.0,,-94.0,618.0,24.0,638.0,203.0,-493.0,326.0,-1303.0
397.0,,-147.0,471.0,68.0,709.0,175.0,-434.0,367.0,-1338.0
354.0,,-195.0,343.0,109.0,607.0,162.0,-408.0,386.0,-1384.0
311.0,,-239.0,221.0,103.0,505.0,138.0,25.0,377.0,-1421.0
269.0,,-291.0,128.0,40.0,492.0,112.0,-214.0,354.0,-1398.0
217.0,,-309.0,41.0,-52.0,521.0,110.0,24.0,323.0,-1358.0
159.0,,-327.0,-56.0,-134.0,461.0,84.0,-369.0,276.0,-1270.0
81.0,,-359.0,-127.0,-186.0,319.0,58.0,-500.0,242.0,-1102.0
-27.0,,-391.0,-133.0,-179.0,363.0,35.0,-393.0,212.0,-929.0
-149.0,,-393.0,-110.0,-130.0,461.0,-4.0,-491.0,174.0,-728.0
-234.0,,-399.0,-115.0,-62.0,358.0,-43.0,81.0,145.0,-506.0
-305.0,,-400.0,-111.0,23.0,185.0,-82.0,-22.0,108.0,-336.0
-365.0,,-398.0,-60.0,98.0,185.0,-130.0,169.0,70.0,-186.0
-389.0,,-389.0,23.0,141.0,246.0,-171.0,-96.0,40.0,-53.0
-386.0,,-352.0,110.0,110.0,177.0,-204.0,-413.0,9.0,18.0
-365.0,,-368.0,207.0,36.0,57.0,-233.0,-338.0,0.0,48.0
-341.0,,-381.0,326.0,-23.0,41.0,-260.0,-604.0,10.0,10.0
-304.0,,-367.0,440.0,-54.0,135.0,-282.0,-175.0,28.0,-71.0
-262.0,,-380.0,516.0,-37.0,112.0,-339.0,-262.0,70.0,-178.0
-233.0,,-369.0,556.0,20.0,7.0,-421.0,97.0,129.0,-327.0
-195.0,,-367.0,561.0,149.0,-4.0,-459.0,376.0,178.0,-504.0
-122.0,,-364.0,536.0,305.0,41.0,-507.0,275.0,251.0,-689.0
-60.0,,-328.0,508.0,420.0,14.0,-536.0,585.0,321.0,-859.0
-41.0,,-320.0,515.0,464.0,-58.0,-564.0,123.0,362.0,-1002.0
5.0,,-305.0,563.0,404.0,-35.0,-626.0,101.0,400.0,-1087.0
72.0,,-258.0,611.0,279.0,43.0,-638.0,-328.0,405.0,-1156.0
105.0,,-220.0,637.0,137.0,24.0,-646.0,-493.0,385.0,-1199.0
119.0,,-180.0,667.0,-8.0,-106.0,-656.0,-221.0,343.0,-1185.0
138.0,,-116.0,711.0,-129.0,-102.0,-643.0,-254.0,279.0,-1166.0
155.0,,-56.0,778.0,-205.0,-13.0,-627.0,356.0,204.0,-1130.0
154.0,,1.0,847.0,-234.0,-53.0,-642.0,286.0,114.0,-1086.0
154.0,,69.0,894.0,-223.0,-175.0,-685.0,480.0,20.0,-1072.0
149.0,,112.0,947.0,-201.0,-210.0,-707.0,218.0,-80.0,-1060.0
136.0,,154.0,961.0,-161.0,-160.0,-719.0,-264.0,-166.0,-1030.0
124.0,,203.0,897.0,-115.0,-221.0,-704.0,-173.0,-241.0,-1024.0
114.0,,219.0,779.0,-64.0,-311.0,-663.0,-552.0,-294.0,-1013.0
112.0,,211.0,589.0,18.0,-315.0,-633.0,-162.0,-323.0,-980.0
111.0,,227.0,384.0,90.0,-216.0,-626.0,-155.0,-333.0,-972.0
98.0,,205.0,230.0,134.0,-186.0,-642.0,70.0,-318.0,-946.0
71.0,,158.0,132.0,152.0,-331.0,-620.0,304.0,-299.0,-905.0
60.0,,115.0,80.0,144.0,-342.0,-573.0,49.0,-261.0,-897.0
72.0,,44.0,55.0,99.0,-235.0,-572.0,229.0,-211.0,-871.0
79.0,,3.0,69.0,39.0,-181.0,-584.0,-376.0,-164.0,-840.0
63.0,,-42.0,114.0,-6.0,-222.0,-584.0,-485.0,-100.0,-836.0
47.0,,-95.0,161.0,-62.0,-285.0,-560.0,-731.0,-24.0,-822.0
63.0,,-108.0,201.0,-117.0,-200.0,-528.0,-764.0,46.0,-823.0
74.0,,-111.0,228.0,-160.0,-137.0,-550.0,-242.0,94.0,-868.0
83.0,,-122.0,280.0,-189.0,-233.0,-553.0,-254.0,111.0,-939.0
101.0,,-115.0,346.0,-192.0,-335.0,-542.0,157.0,117.0,-1023.0
128.0,,-89.0,380.0,-166.0,-302.0,-575.0,-145.0,113.0,-1123.0
168.0,,-52.0,399.0,-99.0,-242.0,-584.0,-208.0,98.0,-1192.0
201.0,,-6.0,433.0,-32.0,-365.0,-521.0,-332.0,84.0,-1257.0
218.0,,10.0,465.0,2.0,-469.0,-430.0,-650.0,76.0,-1332.0
220.0,,52.0,448.0,26.0,-356.0,-397.0,-338.0,60.0,-1350.0
254.0,,85.0,397.0,41.0,-225.0,-360.0,-574.0,54.0,-1376.0
284.0,,106.0,328.0,51.0,-271.0,-293.0,-208.0,60.0,-1423.0
280.0,,149.0,232.0,58.0,-354.0,-261.0,-321.0,55.0,-1444.0
299.0,,150.0,121.0,61.0,-245.0,-260.0,-467.0,47.0,-1500.0
361.0,,162.0,-24.0,76.0,-135.0,-268.0,-264.0,24.0,-1571.0
409.0,,160.0,-171.0,89.0,-236.0,-233.0,-458.0,3.0,-1622.0
404.0,,105.0,-280.0,82.0,-365.0,-197.0,-94.0,-14.0,-1684.0
428.0,,81.0,-384.0,34.0,-302.0,-180.0,-358.0,-43.0,-1721.0
467.0,,43.0,-474.0,-61.0,-237.0,-161.0,-254.0,-61.0,-1717.0
484.0,,-12.0,-515.0,-166.0,-344.0,-102.0,-206.0,-80.0,-1698.0
492.0,,-71.0,-491.0,-250.0,-396.0,5.0,-223.0,-100.0,-1661.0
496.0,,-115.0,-431.0,-284.0,-330.0,66.0,177.0,-118.0,-1608.0
546.0,,-140.0,-373.0,-259.0,-191.0,84.0,-94.0,-140.0,-1569.0
604.0,,-191.0,-295.0,-201.0,-144.0,140.0,206.0,-160.0,-1529.0
629.0,,-197.0,-214.0,-124.0,-252.0,216.0,-33.0,-184.0,-1454.0
645.0,,-214.0,-117.0,-54.0,-239.0,238.0,-134.0,-205.0,-1354.0
661.0,,-224.0,28.0,-7.0,-159.0,219.0,-11.0,-217.0,-1220.0
665.0,,-209.0,177.0,34.0,-143.0,210.0,-253.0,-245.0,-1046.0
645.0,,-223.0,302.0,67.0,-178.0,224.0,77.0,-256.0,-841.0
600.0,,-205.0,394.0,71.0,-174.0,240.0,-236.0,-242.0,-623.0
561.0,,-175.0,460.0,69.0,-85.0,291.0,-77.0,-244.0,-413.0
536.0,,-167.0,500.0,79.0,-135.0,377.0,-31.0,-233.0,-208.0
508.0,,-168.0,528.0,91.0,-243.0,429.0,59.0,-216.0,-13.0
461.0,,-133.0,536.0,89.0,-197.0,453.0,456.0,-209.0,148.0
408.0,,-118.0,511.0,62.0,-65.0,462.0,101.0,-207.0,314.0
383.0,,-116.0,487.0,12.0,-45.0,462.0,238.0,-192.0,505.0
354.0,,-111.0,445.0,-46.0,-158.0,486.0,-86.0,-178.0,683.0
297.0,,-125.0,363.0,-87.0,-189.0,490.0,40.0,-170.0,867.0
250.0,,-104.0,273.0,-92.0,-129.0,423.0,303.0,-159.0,1028.0
233.0,,-107.0,215.0,-78.0,-116.0,361.0,188.0,-167.0,1133.0
218.0,,-114.0,197.0,-63.0,-175.0,356.0,539.0,-178.0,1174.0
212.0,,-94.0,204.0,-43.0,-187.0,373.0,157.0,-194.0,1147.0
212.0,,-68.0,212.0,-22.0,-135.0,378.0,234.0,-226.0,1064.0
200.0,,-58.0,214.0,-17.0,-160.0,366.0,51.0,-246.0,942.0
190.0,,-42.0,237.0,-17.0,-302.0,355.0,-46.0,-233.0,800.0
185.0,,-8.0,279.0,-9.0,-348.0,342.0,121.0,-213.0,635.0
180.0,,9.0,330.0,7.0,-257.0,313.0,-218.0,-187.0,491.0
156.0,,55.0,384.0,12.0,-243.0,271.0,97.0,-130.0,355.0
116.0,,99.0,406.0,-9.0,-327.0,253.0,-121.0,-84.0,243.0
70.0,,136.0,423.0,-46.0,-354.0,223.0,22.0,-25.0,149.0
22.0,,179.0,474.0,-81.0,-227.0,166.0,121.0,51.0,54.0
-30.0,,182.0,519.0,-98.0,-180.0,117.0,70.0,121.0,3.0
-78.0,,188.0,503.0,-77.0,-262.0,91.0,485.0,181.0,-59.0
-118.0,,192.0,431.0,-19.0,-292.0,99.0,203.0,215.0,-138.0
-149.0,,184.0,343.0,75.0,-193.0,71.0,382.0,228.0,-206.0
-170.0,,190.0,268.0,177.0,-149.0,42.0,158.0,201.0,-278.0
-201.0,,162.0,189.0,239.0,-291.0,66.0,147.0,170.0,-340.0
-235.0,,132.0,86.0,244.0,-376.0,81.0,284.0,148.0,-378.0
-260.0,,115.0,13.0,182.0,-290.0,73.0,22.0,101.0,-434.0
-282.0,,80.0,-9.0,70.0,-176.0,75.0,386.0,39.0,-513.0
-320.0,,37.0,-4.0,-75.0,-268.0,98.0,127.0,-38.0,-561.0
-361.0,,-1.0,48.0,-215.0,-355.0,65.0,223.0,-109.0,-606.0
-424.0,,-6.0,73.0,-296.0,-256.0,9.0,40.0,-171.0,-643.0
-500.0,,-29.0,79.0,-295.0,-163.0,-20.0,-206.0,-223.0,-649.0
-559.0,,-52.0,89.0,-223.0,-233.0,-69.0,33.0,-252.0,-662.0
-644.0,,-49.0,47.0,-119.0,-354.0,-108.0,-186.0,-260.0,-669.0
-744.0,,-51.0,-11.0,-28.0,-254.0,-132.0,232.0,-235.0,-642.0
-828.0,,-33.0,-64.0,17.0,-143.0,-139.0,149.0,-188.0,-622.0
-890.0,,-18.0,-116.0,26.0,-215.0,-136.0,280.0,-126.0,-606.0
-956.0,,-13.0,-152.0,-16.0,-311.0,-120.0,347.0,-55.0,-595.0
-1036.0,,36.0,-199.0,-86.0,-228.0,-111.0,-12.0,12.0,-602.0
-1079.0,,81.0,-259.0,-149.0,-121.0,-111.0,116.0,67.0,-559.0
-1093.0,,107.0,-316.0,-206.0,-223.0,-60.0,-310.0,81.0,-514.0
-1143.0,,162.0,-351.0,-242.0,-344.0,-32.0,-35.0,51.0,-473.0
-1207.0,,217.0,-337.0,-240.0,-350.0,-46.0,46.0,-5.0,-408.0
-1254.0,,278.0,-280.0,-215.0,-301.0,-40.0,145.0,-83.0,-340.0
-1296.0,,336.0,-222.0,-203.0,-350.0,-19.0,426.0,-165.0,-241.0
-1326.0,,386.0,-170.0,-192.0,-468.0,-15.0,138.0,-248.0,-124.0
-1366.0,,452.0,-77.0,-176.0,-414.0,-17.0,430.0,-318.0,0.0
-1390.0,,482.0,39.0,-165.0,-279.0,-43.0,129.0,-375.0,138.0
-1389.0,,478.0,116.0,-152.0,-345.0,-95.0,236.0,-435.0,278.0
-1364.0,,464.0,162.0,-152.0,-427.0,-107.0,218.0,-464.0,370.0
-1315.0,,426.0,198.0,-166.0,-379.0,-101.0,-7.0,-475.0,419.0
-1267.0,,374.0,202.0,-177.0,-348.0,-71.0,371.0,-495.0,450.0
-1191.0,,316.0,160.0,-173.0,-386.0,-70.0,221.0,-510.0,426.0
-1088.0,,235.0,101.0,-151.0,-494.0,-140.0,530.0,-517.0,380.0
-984.0,,157.0,13.0,-113.0,-449.0,-186.0,286.0,-495.0,330.0
-879.0,,78.0,-106.0,-91.0,-294.0,-191.0,236.0,-478.0,258.0
-751.0,,-22.0,-199.0,-87.0,-350.0,-171.0,345.0,-461.0,189.0
-621.0,,-97.0,-287.0,-83.0,-483.0,-166.0,84.0,-439.0,117.0
-514.0,,-150.0,-367.0,-99.0,-401.0,-171.0,541.0,-430.0,44.0
-411.0,,-186.0,-408.0,-122.0,-285.0,-175.0,389.0,-435.0,-25.0
-310.0,,-206.0,-419.0,-120.0,-347.0,-171.0,548.0,-479.0,-93.0
-224.0,,-212.0,-407.0,-93.0,-482.0,-110.0,430.0,-522.0,-169.0
-166.0,,-191.0,-388.0,-56.0,-497.0,-63.0,249.0,-558.0,-250.0
-115.0,,-159.0,-330.0,-39.0,-346.0,-54.0,484.0,-596.0,-338.0
-57.0,,-151.0,-256.0,-71.0,-308.0,-48.0,195.0,-600.0,-451.0
-11.0,,-162.0,-169.0,-140.0,-450.0,-38.0,506.0,-591.0,-543.0
9.0,,-135.0,-56.0,-223.0,-487.0,-45.0,260.0,-565.0,-623.0
22.0,,-130.0,34.0,-287.0,-358.0,-87.0,188.0,-515.0,-692.0
39.0,,-140.0,100.0,-304.0,-327.0,-90.0,258.0,-469.0,-716.0
55.0,,-128.0,106.0,-279.0,-449.0,-74.0,151.0,-438.0,-711.0
59.0,,-153.0,79.0,-228.0,-465.0,-87.0,644.0,-415.0,-666.0
56.0,,-148.0,78.0,-162.0,-295.0,-119.0,406.0,-403.0,-556.0
73.0,,-154.0,80.0,-87.0,-273.0,-123.0,513.0,-399.0,-429.0
102.0,,-190.0,110.0,-2.0,-438.0,-128.0,304.0,-390.0,-295.0
115.0,,-203.0,169.0,83.0,-441.0,-162.0,81.0,-369.0,-133.0
115.0,,-251.0,214.0,148.0,-364.0,-157.0,184.0,-322.0,1.0
120.0,,-282.0,238.0,174.0,-362.0,-138.0,-110.0,-256.0,93.0
137.0,,-319.0,272.0,175.0,-509.0,-123.0,295.0,-179.0,147.0
133.0,,-344.0,335.0,178.0,-614.0,-102.0,182.0,-78.0,144.0
111.0,,-352.0,378.0,202.0,-468.0,-82.0,410.0,7.0,104.0
99.0,,-390.0,366.0,218.0,-427.0,-65.0,513.0,74.0,56.0
114.0,,-390.0,312.0,201.0,-513.0,-80.0,221.0,130.0,-21.0
118.0,,-416.0,230.0,189.0,-563.0,-61.0,386.0,155.0,-116.0
98.0,,-432.0,117.0,187.0,-549.0,10.0,96.0,173.0,-207.0
102.0,,-451.0,3.0,188.0,-485.0,38.0,439.0,178.0,-300.0
135.0,,-502.0,-85.0,187.0,-586.0,47.0,253.0,182.0,-348.0
166.0,,-528.0,-148.0,166.0,-664.0,91.0,94.0,201.0,-355.0
170.0,,-560.0,-193.0,133.0,-601.0,140.0,175.0,201.0,-326.0
181.0,,-589.0,-236.0,99.0,-572.0,160.0,-81.0,192.0,-254.0
221.0,,-629.0,-269.0,57.0,-671.0,128.0,365.0,178.0,-154.0
252.0,,-650.0,-271.0,16.0,-799.0,88.0,203.0,142.0,-29.0
263.0,,-665.0,-231.0,14.0,-759.0,34.0,378.0,107.0,116.0
297.0,,-690.0,-159.0,35.0,-739.0,-7.0,260.0,82.0,263.0
341.0,,-690.0,-103.0,55.0,-839.0,-1.0,-42.0,53.0,370.0
362.0,,-679.0,-55.0,59.0,-953.0,-3.0,212.0,40.0,478.0
384.0,,-657.0,-12.0,26.0,-949.0,-24.0,-3.0,24.0,559.0
384.0,,-637.0,3.0,-20.0,-942.0,-46.0,356.0,2.0,601.0
362.0,,-600.0,17.0,-82.0,-1091.0,-45.0,218.0,-8.0,647.0
348.0,,-535.0,20.0,-139.0,-1164.0,-64.0,282.0,-34.0,654.0
307.0,,-485.0,20.0,-180.0,-1099.0,-74.0,386.0,-68.0,653.0
246.0,,-407.0,20.0,-196.0,-1014.0,-59.0,116.0,-90.0,676.0
187.0,,-309.0,0.0,-165.0,-1073.0,-79.0,436.0,-121.0,685.0
120.0,,-232.0,-14.0,-102.0,-1214.0,-131.0,118.0,-159.0,706.0
15.0,,-120.0,-6.0,-44.0,-1172.0,-160.0,264.0,-189.0,751.0
-117.0,,-22.0,10.0,-34.0,-1018.0,-162.0,99.0,-215.0,809.0
-211.0,,36.0,69.0,-63.0,-1049.0,-209.0,-62.0,-229.0,882.0
-289.0,,120.0,141.0,-126.0,-1193.0,-231.0,238.0,-241.0,917.0
-399.0,,176.0,197.0,-212.0,-1149.0,-223.0,86.0,-238.0,916.0
-500.0,,211.0,235.0,-279.0,-1002.0,-227.0,432.0,-232.0,918.0
-547.0,,237.0,244.0,-310.0,-1039.0,-221.0,105.0,-221.0,943.0
-571.0,,236.0,270.0,-314.0,-1195.0,-208.0,92.0,-185.0,916.0
-614.0,,248.0,286.0,-297.0,-1149.0,-199.0,181.0,-144.0,899.0
-645.0,,231.0,279.0,-278.0,-961.0,-233.0,181.0,-104.0,899.0
-647.0,,190.0,287.0,-258.0,-907.0,-246.0,655.0,-100.0,834.0
-646.0,,184.0,287.0,-197.0,-1023.0,-252.0,363.0,-135.0,808.0
-640.0,,151.0,307.0,-98.0,-1056.0,-268.0,493.0,-188.0,744.0
-629.0,,108.0,361.0,14.0,-930.0,-251.0,162.0,-271.0,691.0
-615.0,,92.0,401.0,111.0,-878.0,-254.0,-18.0,-366.0,676.0
-596.0,,39.0,425.0,170.0,-993.0,-275.0,164.0,-471.0,644.0
-592.0,,17.0,432.0,184.0,-1021.0,-283.0,-79.0,-560.0,629.0
-596.0,,-9.0,379.0,155.0,-875.0,-279.0,245.0,-637.0,598.0
-569.0,,-64.0,325.0,114.0,-857.0,-269.0,-20.0,-708.0,589.0
-509.0,,-69.0,280.0,67.0,-924.0,-247.0,129.0,-746.0,568.0
-477.0,,-91.0,216.0,32.0,-897.0,-251.0,179.0,-777.0,576.0
-472.0,,-87.0,126.0,22.0,-765.0,-272.0,40.0,-807.0,615.0
-415.0,,-72.0,21.0,21.0,-713.0,-296.0,308.0,-818.0,626.0
-341.0,,-30.0,-60.0,30.0,-869.0,-326.0,5.0,-813.0,656.0
-298.0,,45.0,-165.0,42.0,-887.0,-339.0,267.0,-810.0,692.0
-270.0,,77.0,-243.0,66.0,-699.0,-335.0,70.0,-806.0,698.0
-228.0,,124.0,-245.0,106.0,-641.0,-334.0,103.0,-802.0,657.0
-166.0,,187.0,-171.0,124.0,-780.0,-368.0,232.0,-786.0,591.0
-126.0,,223.0,-13.0,107.0,-805.0,-409.0,-75.0,-743.0,508.0
-98.0,,232.0,142.0,60.0,-661.0,-433.0,225.0,-685.0,401.0
-56.0,,245.0,250.0,-21.0,-644.0,-430.0,-92.0,-600.0,272.0
-10.0,,244.0,296.0,-132.0,-771.0,-437.0,77.0,-486.0,126.0
14.0,,226.0,325.0,-248.0,-828.0,-479.0,31.0,-354.0,5.0
37.0,,215.0,381.0,-338.0,-680.0,-506.0,-38.0,-225.0,-81.0
63.0,,197.0,439.0,-372.0,-546.0,-533.0,212.0,-112.0,-133.0
74.0,,194.0,492.0,-336.0,-632.0,-563.0,-179.0,0.0,-155.0
74.0,,190.0,494.0,-260.0,-695.0,-590.0,201.0,112.0,-176.0
66.0,,186.0,480.0,-157.0,-625.0,-599.0,153.0,210.0,-164.0
55.0,,179.0,477.0,-60.0,-540.0,-586.0,273.0,288.0,-145.0
45.0,,159.0,427.0,0.0,-599.0,-589.0,243.0,358.0,-97.0
21.0,,156.0,333.0,19.0,-735.0,-605.0,-109.0,407.0,-28.0
-45.0,,132.0,201.0,1.0,-664.0,-607.0,232.0,438.0,46.0
-100.0,,81.0,55.0,-28.0,-554.0,-597.0,42.0,431.0,154.0
-117.0,,59.0,-89.0,-59.0,-646.0,-573.0,334.0,404.0,217.0
-141.0,,27.0,-179.0,-79.0,-752.0,-540.0,153.0,379.0,322.0
-164.0,,-21.0,-200.0,-79.0,-728.0,-517.0,44.0,332.0,426.0
-192.0,,-40.0,-181.0,-61.0,-648.0,-485.0,315.0,290.0,495.0
-197.0,,-77.0,-100.0,-39.0,-646.0,-453.0,70.0,252.0,609.0
-188.0,,-103.0,-28.0,-23.0,-726.0,-419.0,376.0,225.0,714.0
-197.0,,-120.0,20.0,-8.0,-676.0,-365.0,136.0,213.0,821.0
-191.0,,-160.0,72.0,8.0,-571.0,-358.0,229.0,202.0,921.0
-177.0,,-149.0,96.0,41.0,-648.0,-386.0,166.0,195.0,1031.0
-148.0,,-157.0,119.0,80.0,-784.0,-355.0,-79.0,188.0,1136.0
-111.0,,-165.0,134.0,111.0,-762.0,-308.0,136.0,185.0,1209.0
-83.0,,-148.0,139.0,145.0,-643.0,-269.0,-127.0,176.0,1248.0
-38.0,,-147.0,138.0,176.0,-667.0,-229.0,275.0,169.0,1221.0
4.0,,-137.0,138.0,213.0,-776.0,-196.0,190.0,181.0,1190.0
15.0,,-144.0,138.0,261.0,-745.0,-192.0,192.0,206.0,1139.0
8.0,,-138.0,165.0,314.0,-686.0,-212.0,288.0,255.0,1062.0
41.0,,-132.0,195.0,360.0,-718.0,-177.0,35.0,316.0,1019.0
89.0,,-138.0,171.0,376.0,-738.0,-159.0,352.0,366.0,956.0
105.0,,-139.0,143.0,369.0,-738.0,-179.0,-53.0,430.0,877.0
110.0,,-148.0,117.0,351.0,-675.0,-172.0,-5.0,492.0,801.0
138.0,,-147.0,95.0,307.0,-632.0,-170.0,-84.0,539.0,714.0
184.0,,-115.0,100.0,234.0,-715.0,-195.0,-136.0,594.0,600.0
176.0,,-99.0,75.0,147.0,-695.0,-215.0,179.0,633.0,457.0
149.0,,-91.0,55.0,57.0,-610.0,-211.0,-53.0,668.0,292.0
161.0,,-56.0,94.0,-34.0,-687.0,-237.0,299.0,669.0,91.0
193.0,,-53.0,158.0,-114.0,-803.0,-244.0,64.0,638.0,-97.0
177.0,,-45.0,201.0,-175.0,-797.0,-182.0,127.0,600.0,-295.0
140.0,,-40.0,221.0,-237.0,-702.0,-138.0,186.0,526.0,-443.0
180.0,,-39.0,261.0,-310.0,-703.0,-171.0,-88.0,443.0,-505.0
241.0,,-29.0,296.0,-381.0,-824.0,-208.0,210.0,343.0,-541.0
262.0,,-27.0,283.0,-413.0,-790.0,-166.0,-48.0,232.0,-524.0
252.0,,-8.0,264.0,-400.0,-638.0,-108.0,221.0,120.0,-508.0
263.0,,22.0,261.0,-356.0,-643.0,-103.0,73.0,0.0,-478.0
295.0,,69.0,260.0,-278.0,-746.0,-98.0,-27.0,-116.0,-431.0
315.0,,114.0,284.0,-188.0,-734.0,-88.0,184.0,-234.0,-427.0
333.0,,166.0,313.0,-89.0,-600.0,-56.0,-114.0,-357.0,-441.0
351.0,,213.0,294.0,0.0,-581.0,-20.0,181.0,-474.0,-467.0
370.0,,256.0,275.0,51.0,-755.0,-26.0,-77.0,-566.0,-497.0
370.0,,289.0,277.0,69.0,-868.0,-41.0,16.0,-643.0,-522.0
335.0,,292.0,278.0,46.0,-755.0,-67.0,-20.0,-703.0,-519.0
295.0,,304.0,318.0,9.0,-680.0,-67.0,-266.0,-714.0,-505.0
263.0,,286.0,385.0,-19.0,-786.0,-42.0,14.0,-706.0,-502.0
207.0,,257.0,432.0,-37.0,-804.0,-35.0,-299.0,-687.0,-471.0
117.0,,216.0,461.0,-53.0,-680.0,-38.0,-42.0,-642.0,-418.0
33.0,,164.0,491.0,-68.0,-598.0,-3.0,-158.0,-601.0,-336.0
-22.0,,135.0,522.0,-70.0,-644.0,59.0,-151.0,-552.0,-197.0
-70.0,,82.0,530.0,-71.0,-704.0,118.0,-88.0,-489.0,-29.0
-119.0,,29.0,503.0,-82.0,-637.0,190.0,-373.0,-431.0,141.0
-148.0,,-1.0,442.0,-88.0,-592.0,227.0,9.0,-368.0,295.0
-143.0,,-33.0,390.0,-83.0,-648.0,264.0,-291.0,-301.0,441.0
-129.0,,-55.0,313.0,-71.0,-644.0,310.0,-125.0,-232.0,585.0
-123.0,,-72.0,185.0,-27.0,-569.0,316.0,-205.0,-180.0,703.0
-121.0,,-58.0,88.0,25.0,-530.0,316.0,-356.0,-135.0,791.0
-115.0,,-15.0,0.0,50.0,-593.0,307.0,-73.0,-100.0,823.0
-99.0,,11.0,-79.0,67.0,-640.0,272.0,-465.0,-96.0,804.0
-75.0,,64.0,-121.0,85.0,-525.0,250.0,-301.0,-108.0,778.0
-54.0,,124.0,-155.0,97.0,-472.0,267.0,-591.0,-128.0,720.0
-46.0,,186.0,-193.0,99.0,-570.0,284.0,-511.0,-158.0,656.0
-44.0,,233.0,-257.0,105.0,-565.0,291.0,-386.0,-184.0,599.0
-58.0,,271.0,-311.0,119.0,-493.0,282.0,-591.0,-206.0,542.0
-89.0,,322.0,-325.0,156.0,-425.0,293.0,-258.0,-226.0,552.0
-113.0,,361.0,-325.0,215.0,-469.0,316.0,-539.0,-254.0,581.0
-113.0,,407.0,-341.0,256.0,-588.0,303.0,-225.0,-290.0,643.0
-101.0,,436.0,-345.0,261.0,-488.0,258.0,-336.0,-334.0,719.0
-111.0,,481.0,-304.0,225.0,-364.0,218.0,-511.0,-391.0,775.0
-90.0,,539.0,-233.0,172.0,-385.0,255.0,-327.0,-430.0,877.0
-50.0,,582.0,-114.0,129.0,-399.0,302.0,-606.0,-439.0,942.0
-33.0,,605.0,4.0,97.0,-342.0,316.0,-266.0,-405.0,979.0
-29.0,,630.0,85.0,70.0,-269.0,314.0,-567.0,-337.0,985.0
-11.0,,654.0,157.0,45.0,-249.0,306.0,-535.0,-249.0,955.0
17.0,,645.0,198.0,20.0,-306.0,310.0,-465.0,-151.0,948.0
20.0,,636.0,227.0,1.0,-262.0,322.0,-615.0,-54.0,911.0
-6.0,,625.0,239.0,-19.0,-103.0,352.0,-410.0,38.0,884.0
-11.0,,613.0,203.0,-45.0,-148.0,367.0,-768.0,112.0,888.0
20.0,,588.0,150.0,-61.0,-187.0,382.0,-388.0,162.0,897.0
37.0,,550.0,86.0,-87.0,-110.0,385.0,-410.0,187.0,914.0
55.0,,495.0,17.0,-107.0,-26.0,386.0,-434.0,204.0,941.0
60.0,,461.0,-21.0,-106.0,-22.0,420.0,-421.0,199.0,963.0
62.0,,418.0,-44.0,-95.0,-131.0,473.0,-818.0,181.0,984.0
83.0,,352.0,-79.0,-66.0,-19.0,495.0,-465.0,171.0,990.0
88.0,,331.0,-93.0,-21.0,108.0,428.0,-663.0,156.0,977.0
78.0,,307.0,-102.0,28.0,29.0,380.0,-430.0,152.0,965.0
86.0,,297.0,-96.0,47.0,-64.0,367.0,-413.0,139.0,957.0
144.0,,286.0,-48.0,27.0,-66.0,341.0,-594.0,124.0,922.0
179.0,,269.0,34.0,3.0,93.0,330.0,-428.0,116.0,838.0
148.0,,268.0,193.0,10.0,92.0,316.0,-798.0,108.0,745.0
131.0,,248.0,396.0,39.0,-63.0,318.0,-476.0,108.0,613.0
170.0,,223.0,603.0,76.0,2.0,356.0,-596.0,111.0,446.0
186.0,,203.0,802.0,99.0,116.0,434.0,-428.0,121.0,244.0
178.0,,204.0,979.0,84.0,125.0,489.0,-260.0,130.0,7.0
217.0,,194.0,1102.0,42.0,97.0,477.0,-537.0,150.0,-208.0
284.0,,172.0,1177.0,-20.0,125.0,457.0,-299.0,177.0,-432.0
323.0,,141.0,1217.0,-79.0,237.0,439.0,-667.0,210.0,-631.0
315.0,,112.0,1212.0,-99.0,296.0,400.0,-426.0,246.0,-776.0
305.0,,66.0,1191.0,-64.0,243.0,356.0,-447.0,285.0,-897.0
296.0,,-14.0,1107.0,0.0,249.0,329.0,-469.0,314.0,-1003.0
280.0,,-70.0,969.0,85.0,415.0,285.0,-199.0,319.0,-1084.0
254.0,,-115.0,811.0,192.0,432.0,250.0,-439.0,329.0,-1107.0
238.0,,-170.0,612.0,259.0,315.0,240.0,-125.0,341.0,-1099.0
219.0,,-206.0,432.0,277.0,342.0,225.0,-498.0,351.0,-1051.0
215.0,,-232.0,278.0,276.0,427.0,256.0,-563.0,360.0,-980.0
209.0,,-229.0,128.0,269.0,432.0,328.0,-617.0,372.0,-885.0
174.0,,-218.0,23.0,247.0,323.0,342.0,-777.0,398.0,-783.0
180.0,,-217.0,3.0,227.0,279.0,292.0,-386.0,416.0,-715.0
190.0,,-176.0,72.0,208.0,382.0,260.0,-663.0,431.0,-632.0
198.0,,-120.0,191.0,162.0,406.0,269.0,-513.0,427.0,-541.0
218.0,,-56.0,342.0,98.0,295.0,299.0,-764.0,411.0,-464.0
273.0,,1.0,509.0,8.0,277.0,305.0,-798.0,408.0,-424.0
334.0,,57.0,629.0,-90.0,333.0,280.0,-622.0,395.0,-402.0
337.0,,130.0,699.0,-172.0,361.0,253.0,-783.0,371.0,-403.0
351.0,,190.0,769.0,-237.0,308.0,264.0,-334.0,356.0,-439.0
372.0,,240.0,820.0,-266.0,269.0,291.0,-598.0,335.0,-479.0
386.0,,313.0,849.0,-267.0,424.0,328.0,-500.0,296.0,-570.0
370.0,,384.0,875.0,-235.0,459.0,359.0,-628.0,244.0,-668.0
340.0,,422.0,911.0,-156.0,316.0,363.0,-872.0,200.0,-755.0
358.0,,461.0,941.0,-60.0,286.0,421.0,-642.0,161.0,-844.0
370.0,,465.0,950.0,27.0,391.0,480.0,-949.0,142.0,-881.0
361.0,,469.0,936.0,93.0,470.0,469.0,-635.0,168.0,-892.0
364.0,,457.0,900.0,122.0,421.0,431.0,-794.0,193.0,-899.0
382.0,,407.0,871.0,114.0,423.0,430.0,-707.0,226.0,-890.0
412.0,,370.0,831.0,97.0,548.0,421.0,-554.0,270.0,-848.0
422.0,,318.0,764.0,90.0,575.0,371.0,-803.0,282.0,-767.0
417.0,,306.0,698.0,98.0,415.0,392.0,-493.0,294.0,-669.0
458.0,,266.0,636.0,121.0,362.0,412.0,-739.0,305.0,-577.0
527.0,,227.0,594.0,134.0,441.0,367.0,-349.0,299.0,-485.0
542.0,,253.0,562.0,113.0,457.0,340.0,-243.0,283.0,-370.0
511.0,,248.0,510.0,61.0,328.0,343.0,-365.0,265.0,-297.0
488.0,,273.0,438.0,1.0,207.0,354.0,-280.0,236.0,-249.0
480.0,,293.0,359.0,-62.0,350.0,340.0,-777.0,186.0,-207.0
448.0,,321.0,319.0,-122.0,446.0,284.0,-628.0,147.0,-218.0
352.0,,384.0,315.0,-149.0,340.0,232.0,-923.0,119.0,-240.0
278.0,,401.0,320.0,-132.0,265.0,241.0,-740.0,104.0,-275.0
249.0,,420.0,321.0,-110.0,323.0,279.0,-389.0,114.0,-310.0
187.0,,461.0,324.0,-113.0,420.0,300.0,-413.0,131.0,-353.0
79.0,,486.0,362.0,-132.0,400.0,283.0,-236.0,177.0,-380.0
-27.0,,490.0,400.0,-157.0,314.0,302.0,-894.0,241.0,-359.0
-91.0,,484.0,399.0,-160.0,338.0,395.0,-801.0,306.0,-318.0
-143.0,,481.0,352.0,-157.0,430.0,414.0,-733.0,381.0,-262.0
-232.0,,446.0,290.0,-150.0,357.0,331.0,-515.0,450.0,-194.0
-313.0,,394.0,265.0,-123.0,306.0,271.0,-155.0,509.0,-85.0
-337.0,,329.0,237.0,-82.0,371.0,255.0,-478.0,553.0,22.0
-326.0,,242.0,196.0,-18.0,351.0,232.0,-254.0,581.0,126.0
-347.0,,171.0,194.0,37.0,277.0,203.0,-594.0,598.0,202.0
-379.0,,69.0,264.0,68.0,202.0,257.0,-565.0,599.0,254.0
-350.0,,-29.0,356.0,81.0,262.0,338.0,-593.0,597.0,265.0
-308.0,,-103.0,407.0,81.0,344.0,330.0,-750.0,608.0,213.0
-288.0,,-184.0,414.0,70.0,246.0,287.0,-485.0,599.0,157.0
-271.0,,-226.0,400.0,57.0,193.0,275.0,-855.0,584.0,52.0
-209.0,,-279.0,420.0,78.0,251.0,299.0,-642.0,564.0,-42.0
-121.0,,-323.0,480.0,132.0,313.0,304.0,-892.0,521.0,-149.0
-69.0,,-327.0,525.0,193.0,321.0,260.0,-848.0,458.0,-259.0
-20.0,,-332.0,543.0,248.0,241.0,208.0,-528.0,356.0,-346.0
47.0,,-329.0,572.0,275.0,269.0,197.0,-698.0,245.0,-437.0
124.0,,-308.0,612.0,246.0,442.0,211.0,-375.0,142.0,-503.0
169.0,,-276.0,608.0,171.0,479.0,211.0,-663.0,53.0,-562.0
193.0,,-237.0,578.0,71.0,403.0,225.0,-473.0,-12.0,-589.0
244.0,,-200.0,547.0,-33.0,459.0,236.0,-511.0,-51.0,-577.0
303.0,,-153.0,501.0,-100.0,580.0,181.0,-654.0,-67.0,-549.0
346.0,,-82.0,463.0,-102.0,553.0,104.0,-406.0,-75.0,-531.0
364.0,,-35.0,438.0,-49.0,421.0,70.0,-702.0,-50.0,-517.0
397.0,,8.0,399.0,20.0,399.0,50.0,-356.0,-7.0,-529.0
431.0,,56.0,356.0,86.0,463.0,5.0,-572.0,43.0,-541.0
413.0,,103.0,323.0,118.0,422.0,-76.0,-641.0,80.0,-541.0
376.0,,147.0,319.0,106.0,303.0,-159.0,-611.0,87.0,-547.0
361.0,,151.0,328.0,83.0,302.0,-154.0,-774.0,94.0,-512.0
346.0,,166.0,346.0,70.0,379.0,-123.0,-363.0,77.0,-471.0
306.0,,188.0,355.0,74.0,406.0,-165.0,-598.0,46.0,-434.0
244.0,,187.0,345.0,90.0,367.0,-197.0,-367.0,34.0,-431.0
185.0,,178.0,375.0,118.0,342.0,-174.0,-509.0,7.0,-432.0
173.0,,198.0,446.0,152.0,472.0,-157.0,-570.0,-8.0,-449.0
131.0,,213.0,496.0,176.0,469.0,-169.0,-227.0,-19.0,-534.0
24.0,,245.0,549.0,161.0,366.0,-196.0,-386.0,-44.0,-629.0
-26.0,,265.0,630.0,89.0,418.0,-186.0,5.0,-55.0,-737.0
-24.0,,259.0,709.0,-2.0,457.0,-168.0,-306.0,-76.0,-830.0
-30.0,,299.0,771.0,-80.0,488.0,-207.0,-328.0,-102.0,-894.0
-73.0,,288.0,821.0,-102.0,441.0,-246.0,-362.0,-105.0,-933.0
-101.0,,258.0,914.0,-77.0,337.0,-286.0,-652.0,-121.0,-950.0
-86.0,,231.0,1030.0,-42.0,391.0,-320.0,-343.0,-125.0,-932.0
-83.0,,179.0,1083.0,2.0,432.0,-336.0,-491.0,-114.0,-924.0
-111.0,,117.0,1086.0,58.0,336.0,-363.0,-151.0,-123.0,-943.0
-137.0,,33.0,1053.0,117.0,267.0,-369.0,-308.0,-128.0,-924.0
-103.0,,-47.0,996.0,135.0,331.0,-358.0,-413.0,-164.0,-916.0
-65.0,,-120.0,907.0,100.0,419.0,-364.0,-291.0,-219.0,-907.0
-69.0,,-190.0,799.0,42.0,344.0,-387.0,-500.0,-241.0,-917.0
-58.0,,-268.0,692.0,4.0,277.0,-366.0,-84.0,-262.0,-953.0
-13.0,,-331.0,588.0,22.0,394.0,-306.0,-371.0,-276.0,-951.0
28.0,,-374.0,507.0,74.0,451.0,-294.0,-328.0,-264.0,-941.0
16.0,,-404.0,452.0,131.0,335.0,-331.0,-360.0,-222.0,-895.0
-32.0,,-413.0,445.0,162.0,276.0,-406.0,-369.0,-184.0,-790.0
-50.0,,-414.0,434.0,151.0,398.0,-469.0,60.0,-141.0,-688.0
-73.0,,-377.0,417.0,98.0,432.0,-471.0,-201.0,-83.0,-579.0
-147.0,,-325.0,404.0,5.0,331.0,-430.0,-44.0,-20.0,-452.0
-221.0,,-289.0,384.0,-74.0,293.0,-372.0,-517.0,70.0,-345.0
-258.0,,-226.0,414.0,-106.0,371.0,-349.0,-685.0,152.0,-270.0
-279.0,,-146.0,434.0,-107.0,477.0,-388.0,-528.0,239.0,-213.0
-327.0,,-78.0,423.0,-95.0,400.0,-434.0,-567.0,341.0,-196.0
-395.0,,-30.0,427.0,-74.0,373.0,-398.0,-38.0,443.0,-183.0
-424.0,,18.0,453.0,-42.0,475.0,-330.0,-277.0,510.0,-140.0
-421.0,,84.0,493.0,-10.0,523.0,-288.0,-160.0,535.0,-128.0
-444.0,,129.0,555.0,0.0,495.0,-269.0,-378.0,533.0,-112.0
-480.0,,165.0,672.0,-28.0,411.0,-304.0,-526.0,463.0,-95.0
-482.0,,198.0,794.0,-78.0,527.0,-351.0,-201.0,360.0,-128.0
-446.0,,243.0,886.0,-103.0,626.0,-352.0,-389.0,249.0,-173.0
-416.0,,256.0,963.0,-107.0,532.0,-278.0,-40.0,130.0,-237.0
-411.0,,227.0,1036.0,-131.0,485.0,-196.0,-254.0,14.0,-331.0
-403.0,,200.0,1095.0,-146.0,553.0,-199.0,-140.0,-99.0,-397.0
-356.0,,152.0,1092.0,-111.0,674.0,-254.0,-84.0,-209.0,-453.0
-314.0,,93.0,1006.0,-32.0,647.0,-267.0,-275.0,-306.0,-489.0
-325.0,,28.0,857.0,52.0,594.0,-208.0,29.0,-376.0,-427.0
-338.0,,-33.0,669.0,83.0,659.0,-142.0,-319.0,-409.0,-360.0
-326.0,,-65.0,463.0,36.0,707.0,-108.0,-84.0,-401.0,-273.0
-329.0,,-87.0,265.0,-47.0,651.0,-41.0,-169.0,-372.0,-143.0
-371.0,,-104.0,90.0,-107.0,561.0,31.0,-171.0,-314.0,-45.0
-406.0,,-103.0,-60.0,-114.0,643.0,40.0,9.0,-249.0,19.0
-402.0,,-77.0,-191.0,-91.0,742.0,10.0,-279.0,-197.0,43.0
-392.0,,-56.0,-273.0,-85.0,675.0,-57.0,70.0,-142.0,65.0
-419.0,,-51.0,-302.0,-87.0,571.0,-94.0,-68.0,-100.0,78.0
-433.0,,-14.0,-295.0,-75.0,609.0,-84.0,299.0,-59.0,98.0
-439.0,,10.0,-294.0,-69.0,736.0,-45.0,395.0,-16.0,103.0
-485.0,,38.0,-284.0,-105.0,689.0,-15.0,160.0,35.0,117.0
-537.0,,87.0,-197.0,-179.0,648.0,-52.0,375.0,86.0,142.0
-582.0,,133.0,-100.0,-226.0,756.0,-89.0,-9.0,146.0,141.0
-615.0,,227.0,-17.0,-204.0,822.0,-77.0,230.0,236.0,220.0
-646.0,,296.0,72.0,-119.0,799.0,-17.0,116.0,329.0,271.0
-673.0,,362.0,145.0,-25.0,722.0,79.0,151.0,401.0,284.0
-692.0,,435.0,235.0,15.0,718.0,133.0,206.0,471.0,299.0
-695.0,,469.0,327.0,38.0,800.0,102.0,-72.0,542.0,276.0
-674.0,,509.0,411.0,89.0,783.0,68.0,336.0,584.0,244.0
-678.0,,512.0,493.0,145.0,665.0,80.0,125.0,617.0,188.0
-703.0,,504.0,561.0,190.0,632.0,123.0,369.0,637.0,127.0
-691.0,,500.0,624.0,219.0,658.0,102.0,349.0,625.0,51.0
-634.0,,481.0,661.0,217.0,630.0,46.0,214.0,598.0,-24.0
-604.0,,445.0,702.0,175.0,574.0,45.0,391.0,557.0,-121.0
-586.0,,398.0,723.0,101.0,563.0,71.0,12.0,494.0,-160.0
-509.0,,370.0,692.0,45.0,621.0,135.0,330.0,420.0,-150.0
-394.0,,335.0,635.0,1.0,642.0,169.0,140.0,344.0,-170.0
-320.0,,301.0,544.0,-47.0,559.0,207.0,242.0,256.0,-162.0
-291.0,,278.0,432.0,-87.0,517.0,268.0,395.0,160.0,-161.0
-233.0,,252.0,365.0,-137.0,563.0,271.0,129.0,60.0,-138.0
-155.0,,239.0,336.0,-168.0,569.0,233.0,434.0,-52.0,-138.0
-115.0,,225.0,303.0,-177.0,507.0,201.0,247.0,-167.0,-177.0
-112.0,,210.0,289.0,-182.0,454.0,196.0,511.0,-268.0,-195.0
-88.0,,202.0,275.0,-178.0,527.0,210.0,349.0,-376.0,-212.0
-32.0,,202.0,263.0,-159.0,573.0,262.0,229.0,-474.0,-232.0
-5.0,,188.0,266.0,-120.0,507.0,333.0,408.0,-534.0,-254.0
-21.0,,163.0,296.0,-98.0,457.0,369.0,107.0,-575.0,-273.0
-21.0,,161.0,384.0,-107.0,472.0,345.0,424.0,-592.0,-298.0
-14.0,,139.0,444.0,-136.0,496.0,305.0,242.0,-576.0,-298.0
-37.0,,102.0,473.0,-144.0,401.0,304.0,458.0,-549.0,-290.0
-96.0,,58.0,493.0,-106.0,346.0,329.0,469.0,-524.0,-273.0
-116.0,,6.0,477.0,-39.0,402.0,319.0,269.0,-483.0,-223.0
-104.0,,-50.0,442.0,16.0,350.0,289.0,644.0,-438.0,-149.0
-133.0,,-134.0,411.0,27.0,181.0,284.0,419.0,-372.0,-56.0
-169.0,,-224.0,406.0,8.0,75.0,250.0,800.0,-281.0,65.0
-182.0,,-306.0,411.0,-5.0,97.0,224.0,642.0,-196.0,199.0
-134.0,,-379.0,416.0,33.0,135.0,196.0,545.0,-98.0,254.0
-96.0,,-463.0,426.0,121.0,44.0,146.0,700.0,4.0,286.0
-106.0,,-527.0,443.0,217.0,-25.0,114.0,339.0,89.0,299.0
-102.0,,-562.0,435.0,255.0,56.0,72.0,611.0,156.0,262.0
-67.0,,-613.0,425.0,224.0,108.0,71.0,336.0,202.0,215.0
-35.0,,-649.0,429.0,170.0,54.0,95.0,421.0,233.0,120.0
-54.0,,-681.0,393.0,109.0,-35.0,82.0,325.0,246.0,55.0
-69.0,,-703.0,346.0,54.0,-28.0,79.0,251.0,236.0,-17.0
-52.0,,-719.0,332.0,-22.0,-8.0,49.0,707.0,201.0,-96.0
-16.0,,-735.0,351.0,-133.0,-91.0,-21.0,552.0,149.0,-156.0
7.0,,-750.0,359.0,-213.0,-166.0,-85.0,992.0,67.0,-265.0
20.0,,-768.0,358.0,-218.0,-163.0,-134.0,916.0,-22.0,-335.0
68.0,,-774.0,391.0,-175.0,-98.0,-130.0,988.0,-110.0,-396.0
145.0,,-784.0,432.0,-141.0,-164.0,-94.0,1077.0,-199.0,-411.0
182.0,,-766.0,477.0,-114.0,-287.0,-68.0,777.0,-268.0,-381.0
181.0,,-739.0,540.0,-62.0,-256.0,-31.0,1062.0,-343.0,-370.0
221.0,,-695.0,619.0,-6.0,-250.0,18.0,733.0,-397.0,-328.0
272.0,,-621.0,705.0,26.0,-314.0,3.0,982.0,-419.0,-265.0
281.0,,-571.0,771.0,15.0,-371.0,-62.0,1071.0,-442.0,-171.0
282.0,,-502.0,796.0,-8.0,-378.0,-81.0,1086.0,-420.0,-118.0
326.0,,-423.0,806.0,-5.0,-323.0,-88.0,1256.0,-372.0,-78.0
387.0,,-369.0,770.0,22.0,-378.0,-93.0,753.0,-299.0,-48.0
408.0,,-305.0,676.0,71.0,-479.0,-116.0,870.0,-188.0,-60.0
397.0,,-235.0,565.0,106.0,-502.0,-101.0,574.0,-86.0,-92.0
399.0,,-181.0,439.0,140.0,-423.0,-23.0,681.0,5.0,-139.0
399.0,,-138.0,318.0,189.0,-402.0,-7.0,763.0,93.0,-153.0
352.0,,-97.0,211.0,209.0,-556.0,-21.0,633.0,148.0,-147.0
281.0,,-72.0,113.0,171.0,-577.0,-63.0,1088.0,177.0,-108.0
234.0,,-69.0,19.0,71.0,-491.0,-104.0,861.0,196.0,-70.0
221.0,,-54.0,-57.0,-48.0,-490.0,-92.0,1173.0,168.0,-13.0
201.0,,-58.0,-100.0,-144.0,-525.0,-74.0,1182.0,116.0,73.0
150.0,,-68.0,-122.0,-211.0,-540.0,-62.0,1285.0,45.0,127.0
118.0,,-58.0,-124.0,-245.0,-496.0,-19.0,1539.0,-35.0,192.0
100.0,,-82.0,-85.0,-226.0,-459.0,71.0,1199.0,-103.0,234.0
59.0,,-103.0,-23.0,-180.0,-457.0,90.0,1319.0,-205.0,242.0
18.0,,-116.0,35.0,-126.0,-467.0,43.0,846.0,-304.0,224.0
-20.0,,-120.0,127.0,-52.0,-399.0,17.0,918.0,-377.0,203.0
-40.0,,-129.0,227.0,7.0,-387.0,-10.0,958.0,-454.0,198.0
-50.0,,-141.0,331.0,29.0,-518.0,-32.0,892.0,-523.0,200.0
-105.0,,-130.0,439.0,20.0,-505.0,-54.0,1249.0,-579.0,223.0
-157.0,,-116.0,536.0,12.0,-461.0,-99.0,1018.0,-632.0,235.0
-163.0,,-106.0,615.0,34.0,-500.0,-144.0,1228.0,-647.0,300.0
-156.0,,-102.0,633.0,70.0,-525.0,-167.0,896.0,-637.0,378.0
-190.0,,-92.0,622.0,90.0,-559.0,-189.0,896.0,-620.0,453.0
-242.0,,-77.0,584.0,86.0,-464.0,-182.0,936.0,-575.0,530.0
-250.0,,-58.0,514.0,90.0,-440.0,-135.0,611.0,-513.0,542.0
-236.0,,-40.0,411.0,111.0,-553.0,-32.0,1071.0,-422.0,567.0
-258.0,,-16.0,262.0,112.0,-547.0,-6.0,964.0,-318.0,597.0
-285.0,,-5.0,127.0,71.0,-499.0,-99.0,1228.0,-209.0,573.0
-255.0,,-6.0,0.0,16.0,-481.0,-98.0,1117.0,-77.0,508.0
-223.0,,11.0,-155.0,-10.0,-511.0,-23.0,1003.0,57.0,430.0
-221.0,,17.0,-294.0,7.0,-516.0,-18.0,1143.0,182.0,290.0
-226.0,,19.0,-368.0,47.0,-441.0,-113.0,674.0,280.0,145.0
-212.0,,42.0,-414.0,92.0,-386.0,-202.0,1036.0,338.0,23.0
-180.0,,36.0,-429.0,135.0,-421.0,-190.0,953.0,380.0,-109.0
-184.0,,57.0,-397.0,160.0,-492.0,-79.0,1073.0,421.0,-191.0
-195.0,,99.0,-352.0,166.0,-423.0,25.0,1029.0,460.0,-244.0
-157.0,,114.0,-293.0,164.0,-363.0,46.0,764.0,492.0,-287.0
-82.0,,124.0,-240.0,156.0,-446.0,-2.0,1191.0,521.0,-320.0
-28.0,,118.0,-186.0,136.0,-501.0,-101.0,1019.0,534.0,-336.0
3.0,,134.0,-134.0,94.0,-446.0,-158.0,1332.0,534.0,-367.0
66.0,,146.0,-104.0,45.0,-354.0,-141.0,1154.0,529.0,-382.0
138.0,,152.0,-72.0,7.0,-436.0,-51.0,1045.0,523.0,-360.0
179.0,,195.0,-43.0,-28.0,-523.0,15.0,1184.0,504.0,-367.0
172.0,,221.0,3.0,-83.0,-422.0,-51.0,748.0,452.0,-359.0
163.0,,240.0,34.0,-159.0,-373.0,-129.0,870.0,377.0,-367.0
174.0,,262.0,41.0,-232.0,-432.0,-107.0,498.0,302.0,-394.0
180.0,,274.0,83.0,-271.0,-465.0,-82.0,746.0,238.0,-367.0
169.0,,291.0,114.0,-269.0,-406.0,-117.0,955.0,168.0,-374.0
169.0,,288.0,117.0,-219.0,-348.0,-132.0,861.0,94.0,-382.0
186.0,,282.0,102.0,-124.0,-394.0,-133.0,1127.0,21.0,-350.0
170.0,,291.0,55.0,0.0,-467.0,-160.0,720.0,-46.0,-340.0
137.0,,299.0,16.0,107.0,-411.0,-221.0,907.0,-100.0,-291.0
107.0,,291.0,-16.0,148.0,-325.0,-240.0,757.0,-143.0,-211.0
94.0,,279.0,-34.0,133.0,-371.0,-226.0,901.0,-172.0,-149.0
51.0,,267.0,-67.0,90.0,-457.0,-245.0,1125.0,-195.0,-56.0
-1.0,,221.0,-134.0,51.0,-470.0,-252.0,641.0,-207.0,43.0
-11.0,,181.0,-182.0,39.0,-427.0,-264.0,777.0,-211.0,89.0
-13.0,,127.0,-218.0,42.0,-496.0,-247.0,513.0,-224.0,163.0
-2.0,,82.0,-234.0,59.0,-531.0,-236.0,764.0,-246.0,214.0
-19.0,,64.0,-201.0,73.0,-445.0,-250.0,731.0,-285.0,247.0
-40.0,,16.0,-139.0,70.0,-412.0,-220.0,539.0,-332.0,346.0
-6.0,,-14.0,-67.0,49.0,-423.0,-205.0,805.0,-375.0,433.0
24.0,,-36.0,33.0,13.0,-492.0,-224.0,489.0,-418.0,543.0
12.0,,-50.0,165.0,-26.0,-491.0,-249.0,757.0,-467.0,672.0
22.0,,-67.0,276.0,-62.0,-396.0,-245.0,537.0,-508.0,797.0
101.0,,-105.0,355.0,-78.0,-439.0,-214.0,530.0,-530.0,920.0
196.0,,-116.0,428.0,-88.0,-556.0,-164.0,548.0,-548.0,1018.0
246.0,,-130.0,470.0,-130.0,-537.0,-115.0,306.0,-551.0,1087.0
266.0,,-147.0,481.0,-203.0,-466.0,-116.0,691.0,-524.0,1120.0
333.0,,-172.0,485.0,-275.0,-444.0,-123.0,413.0,-477.0,1130.0
433.0,,-184.0,478.0,-325.0,-499.0,-148.0,631.0,-428.0,1118.0
485.0,,-174.0,462.0,-350.0,-526.0,-205.0,491.0,-363.0,1087.0
511.0,,-167.0,460.0,-361.0,-434.0,-211.0,303.0,-274.0,1037.0
566.0,,-143.0,432.0,-354.0,-436.0,-149.0,509.0,-192.0,970.0
630.0,,-96.0,353.0,-314.0,-479.0,-110.0,327.0,-112.0,918.0
671.0,,-30.0,265.0,-241.0,-490.0,-117.0,703.0,-34.0,916.0
684.0,,55.0,149.0,-168.0,-473.0,-112.0,447.0,35.0,934.0
712.0,,126.0,28.0,-116.0,-465.0,-96.0,596.0,100.0,967.0
760.0,,192.0,-67.0,-77.0,-558.0,-98.0,715.0,155.0,1017.0
785.0,,288.0,-162.0,-34.0,-543.0,-119.0,467.0,190.0,1062.0
758.0,,347.0,-255.0,18.0,-403.0,-107.0,639.0,200.0,1093.0
746.0,,371.0,-335.0,73.0,-310.0,-93.0,362.0,180.0,1098.0
773.0,,407.0,-396.0,136.0,-360.0,-100.0,685.0,146.0,1054.0
764.0,,426.0,-451.0,191.0,-405.0,-68.0,493.0,107.0,979.0
731.0,,419.0,-508.0,206.0,-298.0,-26.0,397.0,69.0,925.0
714.0,,401.0,-564.0,164.0,-264.0,-28.0,511.0,42.0,892.0
723.0,,382.0,-593.0,69.0,-356.0,-103.0,297.0,23.0,871.0
689.0,,358.0,-616.0,-35.0,-379.0,-163.0,726.0,15.0,844.0
630.0,,326.0,-631.0,-114.0,-294.0,-166.0,460.0,34.0,833.0
574.0,,274.0,-615.0,-142.0,-278.0,-168.0,541.0,67.0,839.0
514.0,,234.0,-594.0,-127.0,-359.0,-132.0,454.0,83.0,853.0
462.0,,220.0,-553.0,-69.0,-330.0,-85.0,306.0,105.0,837.0
367.0,,197.0,-536.0,21.0,-242.0,-111.0,607.0,124.0,765.0
295.0,,196.0,-516.0,122.0,-236.0,-183.0,343.0,130.0,681.0
237.0,,206.0,-463.0,222.0,-250.0,-224.0,630.0,121.0,591.0
195.0,,228.0,-400.0,292.0,-294.0,-232.0,460.0,104.0,527.0
140.0,,257.0,-339.0,301.0,-269.0,-241.0,504.0,99.0,501.0
40.0,,275.0,-302.0,252.0,-171.0,-219.0,552.0,79.0,519.0
-26.0,,300.0,-279.0,185.0,-187.0,-196.0,262.0,44.0,535.0
-82.0,,313.0,-284.0,145.0,-195.0,-221.0,513.0,7.0,582.0
-157.0,,325.0,-319.0,120.0,-133.0,-218.0,116.0,-10.0,668.0
-243.0,,333.0,-361.0,69.0,-77.0,-188.0,323.0,-18.0,710.0
-283.0,,317.0,-363.0,-2.0,-70.0,-193.0,410.0,-21.0,718.0
-288.0,,313.0,-294.0,-83.0,-132.0,-190.0,465.0,0.0,673.0
-301.0,,309.0,-197.0,-175.0,-142.0,-133.0,703.0,20.0,579.0
-315.0,,268.0,-96.0,-252.0,-61.0,-121.0,312.0,45.0,475.0
-285.0,,241.0,28.0,-281.0,-37.0,-166.0,491.0,73.0,344.0
-245.0,,240.0,159.0,-236.0,-126.0,-168.0,208.0,70.0,179.0
-245.0,,232.0,298.0,-107.0,-128.0,-172.0,338.0,58.0,44.0
-226.0,,248.0,446.0,44.0,-91.0,-250.0,458.0,55.0,-78.0
-170.0,,266.0,528.0,139.0,-149.0,-381.0,328.0,42.0,-167.0
-108.0,,293.0,539.0,155.0,-146.0,-429.0,620.0,21.0,-219.0
-85.0,,336.0,492.0,113.0,-87.0,-310.0,247.0,4.0,-251.0
-71.0,,348.0,394.0,52.0,-91.0,-188.0,434.0,-6.0,-246.0
-39.0,,369.0,294.0,17.0,-115.0,-190.0,295.0,-6.0,-261.0
-4.0,,399.0,159.0,30.0,-177.0,-227.0,275.0,-6.0,-250.0
-16.0,,437.0,-22.0,88.0,-149.0,-190.0,397.0,-8.0,-243.0
-56.0,,470.0,-190.0,155.0,-81.0,-130.0,118.0,-5.0,-217.0
-75.0,,460.0,-335.0,209.0,-116.0,-169.0,460.0,-10.0,-170.0
-95.0,,478.0,-491.0,257.0,-109.0,-254.0,197.0,-13.0,-138.0
-112.0,,464.0,-641.0,292.0,-123.0,-298.0,376.0,-17.0,-63.0
-162.0,,398.0,-742.0,286.0,-127.0,-288.0,378.0,-14.0,13.0
-213.0,,349.0,-806.0,222.0,-146.0,-225.0,221.0,-6.0,91.0
-207.0,,272.0,-850.0,105.0,-171.0,-162.0,430.0,-4.0,157.0
-192.0,,206.0,-830.0,-20.0,-148.0,-157.0,75.0,-6.0,212.0
-197.0,,160.0,-781.0,-136.0,-176.0,-202.0,397.0,0.0,267.0
-205.0,,94.0,-757.0,-241.0,-154.0,-224.0,238.0,24.0,308.0
-162.0,,34.0,-719.0,-308.0,-146.0,-215.0,253.0,51.0,307.0
-111.0,,-8.0,-682.0,-340.0,-157.0,-169.0,312.0,88.0,239.0
-115.0,,-76.0,-608.0,-341.0,-215.0,-107.0,-7.0,133.0,132.0
-100.0,,-143.0,-456.0,-310.0,-235.0,-113.0,267.0,176.0,-4.0
-31.0,,-174.0,-311.0,-265.0,-169.0,-181.0,-72.0,226.0,-128.0
26.0,,-215.0,-167.0,-202.0,-196.0,-235.0,273.0,277.0,-228.0
38.0,,-242.0,4.0,-139.0,-197.0,-225.0,293.0,332.0,-292.0
47.0,,-243.0,149.0,-84.0,-188.0,-127.0,109.0,383.0,-266.0
103.0,,-240.0,260.0,-29.0,-146.0,-54.0,421.0,423.0,-168.0
156.0,,-208.0,356.0,21.0,-95.0,-119.0,107.0,454.0,-18.0
162.0,,-180.0,425.0,65.0,-110.0,-238.0,273.0,483.0,189.0
153.0,,-152.0,444.0,72.0,-89.0,-243.0,81.0,504.0,415.0
185.0,,-99.0,445.0,22.0,-135.0,-113.0,304.0,535.0,655.0
215.0,,-54.0,443.0,-79.0,-135.0,0.0,286.0,585.0,879.0
191.0,,-21.0,425.0,-198.0,-92.0,12.0,-38.0,619.0,1023.0
178.0,,8.0,391.0,-292.0,-129.0,-29.0,308.0,628.0,1129.0
198.0,,34.0,346.0,-344.0,-102.0,-87.0,55.0,595.0,1143.0
221.0,,55.0,283.0,-359.0,-57.0,-129.0,354.0,540.0,1087.0
222.0,,60.0,185.0,-333.0,-45.0,-110.0,162.0,445.0,1019.0
229.0,,56.0,95.0,-270.0,-59.0,-43.0,149.0,312.0,906.0
261.0,,75.0,61.0,-204.0,-37.0,49.0,338.0,173.0,774.0
287.0,,86.0,18.0,-141.0,60.0,117.0,-44.0,21.0,628.0
296.0,,92.0,-54.0,-52.0,74.0,137.0,384.0,-128.0,497.0
299.0,,119.0,-107.0,61.0,40.0,101.0,75.0,-251.0,391.0
311.0,,144.0,-164.0,154.0,46.0,43.0,-77.0,-320.0,302.0
326.0,,173.0,-198.0,193.0,47.0,94.0,-40.0,-333.0,192.0
348.0,,206.0,-193.0,181.0,47.0,169.0,83.0,-308.0,80.0
347.0,,238.0,-162.0,147.0,91.0,161.0,511.0,-274.0,4.0
334.0,,281.0,-102.0,120.0,133.0,156.0,360.0,-230.0,-68.0
318.0,,313.0,-41.0,85.0,132.0,201.0,458.0,-172.0,-135.0
289.0,,343.0,52.0,45.0,114.0,222.0,-245.0,-128.0,-174.0
247.0,,371.0,186.0,22.0,109.0,178.0,-336.0,-99.0,-168.0
205.0,,382.0,305.0,13.0,185.0,100.0,-153.0,-76.0,-157.0
185.0,,421.0,397.0,10.0,271.0,35.0,-474.0,-60.0,-151.0
160.0,,428.0,493.0,27.0,298.0,26.0,-44.0,-34.0,-133.0
126.0,,413.0,589.0,47.0,321.0,46.0,-188.0,0.0,-114.0
112.0,,432.0,625.0,42.0,329.0,42.0,-46.0,30.0,-108.0
121.0,,431.0,592.0,13.0,323.0,15.0,-582.0,86.0,-112.0
126.0,,424.0,517.0,-24.0,386.0,0.0,-735.0,151.0,-113.0
105.0,,420.0,433.0,-57.0,365.0,-10.0,-14.0,187.0,-91.0
80.0,,420.0,349.0,-92.0,315.0,-8.0,-606.0,202.0,-57.0
101.0,,409.0,245.0,-120.0,364.0,-9.0,-591.0,204.0,-21.0
105.0,,382.0,126.0,-142.0,354.0,-59.0,-591.0,196.0,33.0
55.0,,365.0,-1.0,-154.0,379.0,-124.0,-443.0,161.0,75.0
33.0,,341.0,-99.0,-140.0,375.0,-169.0,-219.0,113.0,125.0
41.0,,303.0,-173.0,-92.0,349.0,-132.0,-393.0,78.0,209.0
39.0,,276.0,-232.0,6.0,392.0,-45.0,-524.0,43.0,311.0
18.0,,232.0,-228.0,132.0,411.0,0.0,-1143.0,5.0,417.0
18.0,,189.0,-176.0,258.0,442.0,-3.0,-692.0,-44.0,511.0
31.0,,159.0,-88.0,350.0,469.0,0.0,-188.0,-92.0,624.0
29.0,,126.0,20.0,395.0,422.0,60.0,86.0,-144.0,739.0
15.0,,93.0,154.0,406.0,388.0,129.0,-243.0,-209.0,815.0
-7.0,,62.0,330.0,389.0,421.0,130.0,-1162.0,-282.0,860.0
-2.0,,71.0,480.0,335.0,364.0,115.0,-903.0,-342.0,829.0
-4.0,,55.0,559.0,233.0,321.0,96.0,-870.0,-377.0,755.0
-12.0,,39.0,622.0,118.0,362.0,60.0,-628.0,-413.0,664.0
5.0,,52.0,653.0,36.0,377.0,112.0,-696.0,-436.0,516.0
17.0,,53.0,615.0,25.0,400.0,181.0,-805.0,-466.0,346.0
40.0,,74.0,547.0,62.0,383.0,189.0,-363.0,-479.0,154.0
45.0,,70.0,461.0,94.0,385.0,197.0,-683.0,-474.0,-17.0
32.0,,83.0,387.0,123.0,426.0,222.0,-522.0,-462.0,-175.0
53.0,,103.0,352.0,143.0,438.0,224.0,-960.0,-422.0,-331.0
78.0,,89.0,330.0,153.0,440.0,231.0,-1043.0,-365.0,-447.0
72.0,,84.0,315.0,168.0,427.0,257.0,-485.0,-276.0,-568.0
60.0,,68.0,300.0,196.0,405.0,231.0,-796.0,-195.0,-681.0
77.0,,60.0,335.0,232.0,412.0,237.0,-635.0,-111.0,-763.0
97.0,,30.0,406.0,243.0,417.0,336.0,-716.0,-25.0,-822.0
105.0,,5.0,448.0,205.0,383.0,444.0,-535.0,28.0,-859.0
93.0,,6.0,451.0,124.0,398.0,419.0,-532.0,62.0,-855.0
96.0,,-15.0,418.0,38.0,443.0,279.0,-800.0,43.0,-823.0
117.0,,-20.0,394.0,-7.0,433.0,147.0,-467.0,14.0,-773.0
97.0,,-45.0,394.0,-2.0,444.0,105.0,-537.0,-18.0,-686.0
48.0,,-65.0,425.0,47.0,493.0,208.0,-393.0,-57.0,-586.0
21.0,,-69.0,467.0,101.0,540.0,280.0,-319.0,-72.0,-435.0
9.0,,-109.0,522.0,97.0,578.0,269.0,-521.0,-87.0,-239.0
-25.0,,-126.0,591.0,39.0,534.0,214.0,-894.0,-82.0,-57.0
-68.0,,-125.0,616.0,-31.0,479.0,169.0,-764.0,-76.0,112.0
-99.0,,-148.0,641.0,-107.0,505.0,229.0,-291.0,-63.0,238.0
-114.0,,-186.0,659.0,-183.0,513.0,332.0,-585.0,-40.0,337.0
-133.0,,-239.0,629.0,-263.0,479.0,440.0,-683.0,-20.0,385.0
-168.0,,-302.0,591.0,-327.0,429.0,475.0,-955.0,19.0,337.0
-200.0,,-352.0,551.0,-352.0,427.0,391.0,-354.0,56.0,303.0
-218.0,,-443.0,508.0,-350.0,487.0,285.0,92.0,103.0,301.0
-248.0,,-541.0,470.0,-325.0,496.0,280.0,-554.0,148.0,271.0
-273.0,,-597.0,421.0,-274.0,463.0,368.0,-299.0,181.0,222.0
-279.0,,-668.0,352.0,-216.0,444.0,478.0,-933.0,210.0,144.0
-299.0,,-711.0,241.0,-177.0,477.0,585.0,-988.0,213.0,46.0
-308.0,,-731.0,134.0,-163.0,501.0,615.0,-428.0,192.0,-63.0
-309.0,,-730.0,100.0,-143.0,449.0,603.0,-491.0,142.0,-188.0
-318.0,,-708.0,84.0,-86.0,435.0,560.0,-295.0,79.0,-318.0
-324.0,,-686.0,53.0,-5.0,446.0,495.0,-768.0,7.0,-466.0
-320.0,,-645.0,41.0,83.0,407.0,456.0,-400.0,-76.0,-617.0
-343.0,,-591.0,56.0,174.0,394.0,456.0,-314.0,-153.0,-720.0
-367.0,,-522.0,81.0,253.0,385.0,481.0,-314.0,-225.0,-777.0
-331.0,,-450.0,108.0,308.0,367.0,410.0,-3.0,-285.0,-804.0
-290.0,,-375.0,124.0,323.0,372.0,340.0,-774.0,-321.0,-811.0
-274.0,,-301.0,121.0,291.0,364.0,358.0,-920.0,-342.0,-808.0
-260.0,,-230.0,132.0,212.0,360.0,383.0,-1027.0,-352.0,-751.0
-248.0,,-184.0,138.0,99.0,388.0,372.0,-968.0,-337.0,-667.0
-232.0,,-167.0,147.0,-23.0,404.0,342.0,-798.0,-314.0,-564.0
-226.0,,-158.0,155.0,-126.0,366.0,396.0,-764.0,-293.0,-430.0
-264.0,,-154.0,191.0,-188.0,355.0,459.0,-777.0,-263.0,-318.0
-291.0,,-172.0,281.0,-208.0,370.0,461.0,-1018.0,-225.0,-206.0
-263.0,,-206.0,346.0,-199.0,341.0,460.0,-502.0,-171.0,-78.0
-223.0,,-244.0,412.0,-174.0,310.0,469.0,-487.0,-112.0,36.0
-209.0,,-299.0,494.0,-139.0,291.0,428.0,-436.0,-60.0,152.0
-207.0,,-326.0,577.0,-122.0,261.0,328.0,-613.0,-10.0,279.0
-165.0,,-366.0,669.0,-148.0,177.0,268.0,-1062.0,38.0,359.0
-106.0,,-397.0,733.0,-202.0,164.0,240.0,-694.0,94.0,431.0
-75.0,,-378.0,762.0,-246.0,206.0,231.0,-735.0,161.0,452.0
-48.0,,-367.0,778.0,-268.0,160.0,307.0,-611.0,225.0,437.0
2.0,,-327.0,790.0,-287.0,148.0,423.0,-979.0,291.0,430.0
60.0,,-258.0,801.0,-323.0,117.0,481.0,-981.0,344.0,352.0
78.0,,-171.0,789.0,-358.0,43.0,448.0,-528.0,370.0,266.0
70.0,,-77.0,737.0,-366.0,27.0,353.0,-679.0,378.0,209.0
68.0,,6.0,679.0,-341.0,2.0,262.0,-395.0,369.0,188.0
68.0,,105.0,602.0,-277.0,26.0,278.0,-670.0,343.0,141.0
51.0,,201.0,515.0,-192.0,73.0,367.0,-659.0,323.0,97.0
0.0,,284.0,460.0,-117.0,20.0,407.0,-855.0,280.0,73.0
-56.0,,364.0,429.0,-72.0,-50.0,356.0,-1114.0,202.0,41.0
-77.0,,436.0,417.0,-65.0,-96.0,243.0,-554.0,124.0,88.0
-115.0,,491.0,401.0,-91.0,-93.0,234.0,-402.0,25.0,119.0
-178.0,,539.0,399.0,-127.0,-93.0,346.0,-151.0,-74.0,153.0
-218.0,,551.0,402.0,-145.0,-146.0,398.0,-580.0,-181.0,215.0
-224.0,,530.0,405.0,-135.0,-149.0,356.0,-787.0,-267.0,261.0
-242.0,,495.0,446.0,-92.0,-106.0,287.0,-820.0,-326.0,287.0
-299.0,,459.0,515.0,-21.0,-114.0,262.0,-805.0,-394.0,261.0
-331.0,,393.0,578.0,58.0,-129.0,308.0,-299.0,-447.0,195.0
-330.0,,329.0,608.0,122.0,-39.0,399.0,-737.0,-493.0,75.0
-351.0,,297.0,636.0,161.0,19.0,439.0,-567.0,-527.0,-86.0
-412.0,,234.0,686.0,182.0,20.0,429.0,-491.0,-556.0,-292.0
-440.0,,185.0,740.0,193.0,-2.0,411.0,-572.0,-580.0,-535.0
-394.0,,157.0,763.0,190.0,-65.0,369.0,-467.0,-592.0,-749.0
-338.0,,121.0,761.0,164.0,-2.0,363.0,-546.0,-594.0,-948.0
-320.0,,96.0,753.0,107.0,61.0,320.0,-151.0,-594.0,-1110.0
-287.0,,84.0,706.0,20.0,55.0,165.0,-609.0,-585.0,-1197.0
-226.0,,76.0,650.0,-22.0,129.0,25.0,-376.0,-570.0,-1283.0
-189.0,,59.0,609.0,20.0,214.0,8.0,-295.0,-545.0,-1309.0
-162.0,,64.0,529.0,89.0,257.0,102.0,-626.0,-503.0,-1299.0
-124.0,,42.0,422.0,132.0,218.0,197.0,-195.0,-462.0,-1292.0
-70.0,,30.0,324.0,146.0,172.0,202.0,-506.0,-405.0,-1251.0
-22.0,,39.0,228.0,157.0,264.0,149.0,-517.0,-355.0,-1233.0
14.0,,29.0,163.0,165.0,322.0,99.0,-812.0,-322.0,-1159.0
60.0,,45.0,133.0,164.0,280.0,79.0,-726.0,-303.0,-1026.0
99.0,,52.0,122.0,163.0,250.0,85.0,-397.0,-284.0,-885.0
141.0,,67.0,125.0,151.0,277.0,64.0,-700.0,-263.0,-729.0
168.0,,74.0,152.0,124.0,340.0,0.0,-393.0,-249.0,-542.0
165.0,,71.0,230.0,77.0,377.0,-112.0,-509.0,-234.0,-351.0
171.0,,74.0,340.0,36.0,371.0,-210.0,-243.0,-236.0,-153.0
184.0,,55.0,477.0,41.0,375.0,-234.0,-158.0,-229.0,33.0
187.0,,42.0,605.0,87.0,451.0,-187.0,-424.0,-242.0,179.0
149.0,,21.0,738.0,146.0,470.0,-109.0,-399.0,-283.0,310.0
111.0,,0.0,879.0,175.0,459.0,-111.0,-824.0,-323.0,408.0
111.0,,-7.0,990.0,174.0,484.0,-180.0,-528.0,-385.0,536.0
68.0,,-17.0,1075.0,161.0,474.0,-266.0,-559.0,-449.0,622.0
-5.0,,-41.0,1103.0,152.0,463.0,-296.0,-513.0,-513.0,689.0
-52.0,,-60.0,1112.0,162.0,418.0,-279.0,-306.0,-546.0,767.0
-71.0,,-80.0,1107.0,180.0,398.0,-306.0,-552.0,-548.0,808.0
-116.0,,-132.0,1057.0,184.0,406.0,-338.0,-397.0,-535.0,858.0
-186.0,,-186.0,961.0,159.0,368.0,-407.0,-702.0,-503.0,824.0
-238.0,,-225.0,816.0,135.0,369.0,-471.0,-393.0,-458.0,733.0
-277.0,,-263.0,631.0,117.0,412.0,-457.0,-424.0,-403.0,655.0
-319.0,,-313.0,435.0,82.0,429.0,-375.0,-709.0,-358.0,538.0
-369.0,,-373.0,298.0,37.0,392.0,-297.0,-434.0,-297.0,422.0
-412.0,,-421.0,224.0,-14.0,369.0,-281.0,-644.0,-231.0,329.0
-408.0,,-483.0,152.0,-77.0,423.0,-259.0,-127.0,-196.0,209.0
-378.0,,-560.0,102.0,-150.0,457.0,-286.0,-140.0,-157.0,101.0
-375.0,,-628.0,103.0,-226.0,395.0,-364.0,-273.0,-121.0,-13.0
-336.0,,-702.0,127.0,-289.0,342.0,-390.0,-308.0,-119.0,-125.0
-255.0,,-763.0,169.0,-315.0,356.0,-303.0,-500.0,-141.0,-220.0
-162.0,,-815.0,264.0,-260.0,364.0,-194.0,-173.0,-181.0,-298.0
-86.0,,-857.0,422.0,-112.0,330.0,-258.0,-528.0,-235.0,-354.0
-17.0,,-880.0,574.0,75.0,305.0,-423.0,-286.0,-296.0,-392.0
85.0,,-880.0,689.0,274.0,340.0,-555.0,-349.0,-331.0,-377.0
160.0,,-855.0,783.0,460.0,381.0,-589.0,-406.0,-339.0,-391.0
198.0,,-832.0,830.0,574.0,327.0,-506.0,-96.0,-325.0,-378.0
220.0,,-778.0,827.0,595.0,267.0,-381.0,-452.0,-302.0,-332.0
238.0,,-703.0,772.0,545.0,306.0,-273.0,-269.0,-260.0,-279.0
262.0,,-640.0,717.0,442.0,330.0,-216.0,-461.0,-193.0,-219.0
221.0,,-575.0,650.0,296.0,303.0,-205.0,-109.0,-125.0,-163.0
161.0,,-498.0,539.0,131.0,275.0,-281.0,22.0,-55.0,-88.0
120.0,,-424.0,452.0,2.0,278.0,-435.0,-323.0,13.0,-32.0
71.0,,-359.0,404.0,-74.0,327.0,-542.0,-125.0,77.0,8.0
9.0,,-291.0,366.0,-115.0,287.0,-555.0,-315.0,132.0,16.0
-73.0,,-221.0,335.0,-126.0,225.0,-511.0,158.0,174.0,82.0
-110.0,,-152.0,360.0,-132.0,279.0,-440.0,-49.0,197.0,165.0
-146.0,,-83.0,435.0,-157.0,298.0,-405.0,-330.0,202.0,220.0
-214.0,,-15.0,498.0,-181.0,288.0,-479.0,-280.0,182.0,290.0
-237.0,,51.0,539.0,-168.0,272.0,-604.0,-495.0,130.0,329.0
-229.0,,140.0,581.0,-123.0,251.0,-606.0,1.0,49.0,381.0
-207.0,,223.0,624.0,-78.0,308.0,-465.0,-169.0,-72.0,391.0
-197.0,,278.0,640.0,-43.0,285.0,-330.0,-60.0,-206.0,365.0
-172.0,,349.0,607.0,-31.0,178.0,-304.0,-64.0,-334.0,324.0
-141.0,,427.0,541.0,-49.0,118.0,-347.0,-162.0,-442.0,239.0
-115.0,,484.0,478.0,-85.0,135.0,-377.0,31.0,-523.0,149.0
-95.0,,530.0,442.0,-114.0,158.0,-367.0,-378.0,-567.0,39.0
-88.0,,575.0,415.0,-119.0,106.0,-364.0,-105.0,-574.0,-84.0
-54.0,,604.0,405.0,-96.0,76.0,-397.0,-225.0,-551.0,-198.0
-18.0,,618.0,407.0,-46.0,105.0,-401.0,-182.0,-478.0,-277.0
22.0,,598.0,390.0,17.0,150.0,-336.0,-121.0,-386.0,-362.0
58.0,,569.0,379.0,57.0,143.0,-269.0,-319.0,-280.0,-413.0
67.0,,543.0,388.0,75.0,115.0,-294.0,57.0,-181.0,-429.0
99.0,,486.0,422.0,92.0,151.0,-408.0,-284.0,-118.0,-502.0
124.0,,437.0,477.0,61.0,171.0,-505.0,-151.0,-59.0,-563.0
122.0,,381.0,540.0,-20.0,163.0,-467.0,-334.0,-26.0,-651.0
120.0,,309.0,589.0,-105.0,156.0,-348.0,-506.0,-12.0,-741.0
118.0,,247.0,637.0,-167.0,174.0,-239.0,-262.0,3.0,-829.0
122.0,,175.0,690.0,-193.0,160.0,-233.0,-380.0,8.0,-928.0
97.0,,106.0,694.0,-190.0,112.0,-374.0,168.0,14.0,-997.0
54.0,,45.0,694.0,-159.0,139.0,-470.0,-29.0,15.0,-1073.0
27.0,,-6.0,675.0,-91.0,154.0,-495.0,194.0,-10.0,-1112.0
3.0,,-49.0,621.0,6.0,130.0,-514.0,330.0,-40.0,-1149.0
-32.0,,-84.0,575.0,109.0,116.0,-480.0,-57.0,-63.0,-1137.0
-85.0,,-101.0,527.0,171.0,86.0,-412.0,55.0,-99.0,-1082.0
-105.0,,-117.0,464.0,163.0,130.0,-356.0,-417.0,-141.0,-1021.0
-109.0,,-135.0,370.0,106.0,206.0,-379.0,-225.0,-181.0,-937.0
-143.0,,-151.0,287.0,32.0,143.0,-449.0,-284.0,-213.0,-874.0
-214.0,,-167.0,221.0,-39.0,69.0,-490.0,-184.0,-254.0,-777.0
-268.0,,-171.0,153.0,-113.0,68.0,-503.0,75.0,-275.0,-677.0
-296.0,,-191.0,69.0,-196.0,77.0,-525.0,-214.0,-287.0,-595.0
-348.0,,-226.0,-11.0,-276.0,57.0,-509.0,24.0,-320.0,-497.0
-394.0,,-226.0,-67.0,-331.0,-8.0,-443.0,-319.0,-353.0,-365.0
-397.0,,-224.0,-121.0,-324.0,35.0,-434.0,-158.0,-386.0,-176.0
-360.0,,-232.0,-134.0,-274.0,123.0,-476.0,-145.0,-417.0,-20.0
-332.0,,-205.0,-86.0,-223.0,91.0,-556.0,-145.0,-425.0,115.0
-316.0,,-171.0,3.0,-163.0,75.0,-613.0,286.0,-413.0,247.0
-279.0,,-139.0,112.0,-81.0,134.0,-606.0,-33.0,-400.0,334.0
-233.0,,-100.0,211.0,39.0,135.0,-593.0,144.0,-368.0,393.0
-198.0,,-84.0,297.0,168.0,92.0,-595.0,-60.0,-322.0,432.0
-194.0,,-51.0,366.0,248.0,60.0,-582.0,12.0,-276.0,434.0
-172.0,,-10.0,418.0,255.0,66.0,-550.0,-190.0,-244.0,418.0
-101.0,,0.0,433.0,221.0,108.0,-609.0,-794.0,-212.0,391.0
-44.0,,28.0,435.0,210.0,39.0,-743.0,-556.0,-160.0,336.0
-39.0,,41.0,474.0,209.0,-7.0,-819.0,-777.0,-100.0,318.0
-45.0,,53.0,512.0,174.0,8.0,-740.0,-155.0,-16.0,294.0
-27.0,,56.0,514.0,98.0,-8.0,-582.0,97.0,62.0,277.0
-11.0,,25.0,522.0,23.0,-2.0,-526.0,7.0,141.0,254.0
-19.0,,23.0,536.0,5.0,-45.0,-589.0,133.0,224.0,206.0
-16.0,,16.0,534.0,19.0,-69.0,-674.0,-432.0,279.0,182.0
14.0,,-18.0,515.0,26.0,-50.0,-680.0,-432.0,320.0,93.0
57.0,,-48.0,495.0,9.0,-87.0,-662.0,-746.0,346.0,0.0
78.0,,-70.0,501.0,-10.0,-158.0,-684.0,-395.0,351.0,-84.0
80.0,,-113.0,469.0,7.0,-161.0,-730.0,0.0,348.0,-213.0
72.0,,-140.0,401.0,45.0,-108.0,-822.0,1.0,324.0,-347.0
75.0,,-156.0,356.0,100.0,-156.0,-846.0,190.0,289.0,-475.0
69.0,,-180.0,307.0,140.0,-204.0,-728.0,-419.0,259.0,-571.0
41.0,,-157.0,262.0,133.0,-145.0,-582.0,-182.0,218.0,-639.0
22.0,,-140.0,217.0,101.0,-127.0,-543.0,-110.0,173.0,-682.0
18.0,,-132.0,189.0,68.0,-184.0,-629.0,14.0,143.0,-680.0
15.0,,-68.0,198.0,62.0,-233.0,-756.0,201.0,111.0,-642.0
-18.0,,-11.0,251.0,79.0,-215.0,-821.0,-194.0,63.0,-606.0
-15.0,,50.0,332.0,119.0,-201.0,-688.0,-188.0,15.0,-552.0
18.0,,117.0,375.0,206.0,-254.0,-450.0,-670.0,-25.0,-518.0
29.0,,177.0,421.0,332.0,-333.0,-411.0,-158.0,-44.0,-520.0
28.0,,231.0,459.0,438.0,-361.0,-597.0,319.0,-50.0,-498.0
47.0,,244.0,433.0,480.0,-292.0,-726.0,378.0,-41.0,-468.0
114.0,,255.0,386.0,437.0,-336.0,-718.0,476.0,-22.0,-457.0
161.0,,247.0,323.0,315.0,-479.0,-731.0,-229.0,-5.0,-451.0
183.0,,227.0,246.0,171.0,-481.0,-766.0,-234.0,20.0,-435.0
209.0,,188.0,152.0,60.0,-416.0,-771.0,-509.0,40.0,-417.0
263.0,,117.0,51.0,7.0,-436.0,-696.0,-168.0,70.0,-384.0
308.0,,50.0,-3.0,-15.0,-507.0,-511.0,360.0,121.0,-358.0
291.0,,-23.0,-19.0,-41.0,-504.0,-368.0,373.0,180.0,-334.0
257.0,,-100.0,-27.0,-94.0,-434.0,-356.0,596.0,243.0,-254.0
229.0,,-184.0,-34.0,-169.0,-423.0,-446.0,-105.0,291.0,-167.0
215.0,,-229.0,-21.0,-240.0,-513.0,-621.0,-236.0,322.0,-83.0
185.0,,-252.0,-1.0,-301.0,-563.0,-703.0,-543.0,337.0,3.0
144.0,,-278.0,14.0,-321.0,-496.0,-576.0,-404.0,322.0,67.0
133.0,,-268.0,55.0,-293.0,-473.0,-397.0,249.0,283.0,110.0
129.0,,-265.0,108.0,-243.0,-578.0,-369.0,125.0,251.0,124.0
103.0,,-259.0,148.0,-189.0,-665.0,-509.0,304.0,228.0,155.0
42.0,,-247.0,150.0,-155.0,-657.0,-640.0,-275.0,204.0,163.0
-16.0,,-235.0,131.0,-126.0,-630.0,-632.0,-280.0,174.0,160.0
-40.0,,-226.0,88.0,-82.0,-693.0,-496.0,-121.0,162.0,181.0
-65.0,,-222.0,3.0,-28.0,-784.0,-398.0,-86.0,175.0,171.0
-121.0,,-204.0,-84.0,26.0,-745.0,-349.0,288.0,181.0,173.0
-141.0,,-185.0,-143.0,91.0,-717.0,-207.0,-205.0,184.0,133.0
-109.0,,-172.0,-159.0,155.0,-760.0,-72.0,-199.0,182.0,66.0
-84.0,,-122.0,-158.0,196.0,-780.0,-123.0,-386.0,194.0,-15.0
-61.0,,-88.0,-150.0,210.0,-765.0,-317.0,-138.0,219.0,-119.0
-11.0,,-61.0,-117.0,189.0,-744.0,-422.0,210.0,247.0,-187.0
85.0,,-21.0,-61.0,126.0,-792.0,-363.0,123.0,285.0,-257.0
177.0,,-7.0,10.0,34.0,-810.0,-291.0,508.0,335.0,-265.0
235.0,,39.0,38.0,-50.0,-747.0,-251.0,44.0,401.0,-231.0
310.0,,66.0,45.0,-92.0,-739.0,-162.0,-114.0,449.0,-186.0
390.0,,89.0,83.0,-76.0,-790.0,-120.0,-347.0,475.0,-107.0
446.0,,149.0,100.0,-17.0,-812.0,-208.0,-315.0,485.0,-6.0
470.0,,172.0,81.0,29.0,-760.0,-233.0,277.0,460.0,103.0
500.0,,197.0,42.0,16.0,-701.0,-134.0,321.0,403.0,235.0
541.0,,238.0,43.0,-23.0,-745.0,-56.0,648.0,335.0,384.0
556.0,,276.0,55.0,-32.0,-798.0,-52.0,242.0,267.0,495.0
534.0,,295.0,45.0,9.0,-757.0,-60.0,55.0,210.0,604.0
517.0,,320.0,100.0,83.0,-702.0,-27.0,-57.0,144.0,636.0
525.0,,355.0,172.0,125.0,-708.0,-52.0,-315.0,78.0,627.0
521.0,,390.0,215.0,98.0,-770.0,-177.0,40.0,31.0,554.0
480.0,,413.0,259.0,19.0,-738.0,-287.0,-110.0,-8.0,399.0
451.0,,428.0,292.0,-76.0,-673.0,-268.0,203.0,-73.0,291.0
461.0,,478.0,334.0,-146.0,-705.0,-129.0,3.0,-138.0,151.0
430.0,,487.0,351.0,-145.0,-703.0,26.0,-218.0,-177.0,8.0
347.0,,482.0,315.0,-73.0,-703.0,134.0,-55.0,-221.0,-137.0
293.0,,495.0,276.0,31.0,-694.0,154.0,-312.0,-237.0,-261.0
306.0,,472.0,241.0,114.0,-663.0,147.0,22.0,-232.0,-283.0
304.0,,458.0,193.0,136.0,-670.0,173.0,-280.0,-214.0,-276.0
244.0,,411.0,143.0,132.0,-618.0,223.0,-284.0,-170.0,-210.0
205.0,,368.0,93.0,119.0,-522.0,268.0,-293.0,-121.0,-90.0
205.0,,349.0,55.0,104.0,-476.0,225.0,-371.0,-69.0,40.0
198.0,,300.0,25.0,96.0,-486.0,146.0,116.0,-22.0,184.0
168.0,,284.0,-27.0,90.0,-457.0,193.0,-103.0,37.0,337.0
130.0,,290.0,-60.0,78.0,-425.0,355.0,133.0,93.0,465.0
115.0,,266.0,-33.0,46.0,-463.0,412.0,-33.0,154.0,566.0
144.0,,269.0,30.0,1.0,-531.0,342.0,-96.0,235.0,624.0
138.0,,298.0,105.0,-59.0,-525.0,334.0,-97.0,318.0,623.0
99.0,,294.0,157.0,-138.0,-417.0,389.0,-502.0,386.0,617.0
86.0,,324.0,194.0,-216.0,-402.0,402.0,-186.0,428.0,570.0
87.0,,369.0,201.0,-275.0,-465.0,371.0,-362.0,478.0,479.0
44.0,,387.0,136.0,-290.0,-416.0,364.0,7.0,506.0,381.0
-58.0,,431.0,58.0,-270.0,-362.0,432.0,120.0,496.0,302.0
-126.0,,466.0,-42.0,-222.0,-360.0,476.0,-40.0,483.0,259.0
-157.0,,514.0,-199.0,-137.0,-354.0,458.0,31.0,434.0,249.0
-228.0,,536.0,-374.0,-19.0,-329.0,501.0,-415.0,344.0,270.0
-319.0,,548.0,-513.0,153.0,-248.0,638.0,-116.0,237.0,331.0
-360.0,,567.0,-609.0,337.0,-248.0,749.0,-245.0,119.0,431.0
-345.0,,549.0,-673.0,430.0,-290.0,670.0,-12.0,11.0,528.0
-354.0,,556.0,-671.0,397.0,-246.0,503.0,175.0,-89.0,616.0
-369.0,,504.0,-619.0,263.0,-152.0,512.0,-101.0,-151.0,676.0
-348.0,,471.0,-530.0,91.0,-116.0,734.0,116.0,-206.0,699.0
-326.0,,459.0,-423.0,-40.0,-163.0,933.0,-184.0,-261.0,749.0
-296.0,,402.0,-301.0,-83.0,-127.0,899.0,175.0,-292.0,737.0
-272.0,,372.0,-170.0,-48.0,-33.0,752.0,60.0,-339.0,653.0
-269.0,,322.0,-19.0,16.0,13.0,571.0,-171.0,-359.0,576.0
-262.0,,301.0,150.0,78.0,-29.0,455.0,-256.0,-380.0,460.0
-234.0,,261.0,292.0,110.0,-37.0,501.0,-807.0,-402.0,382.0
-184.0,,218.0,421.0,102.0,36.0,579.0,-399.0,-410.0,326.0
-145.0,,218.0,530.0,46.0,41.0,610.0,-373.0,-405.0,249.0
-76.0,,204.0,580.0,-46.0,46.0,604.0,-27.0,-368.0,237.0
20.0,,214.0,551.0,-123.0,32.0,646.0,51.0,-329.0,267.0
75.0,,229.0,472.0,-163.0,79.0,724.0,-129.0,-265.0,296.0
117.0,,246.0,351.0,-171.0,162.0,760.0,164.0,-201.0,347.0
185.0,,300.0,194.0,-143.0,135.0,799.0,-205.0,-154.0,411.0
261.0,,351.0,55.0,-88.0,163.0,792.0,55.0,-88.0,484.0
322.0,,387.0,-46.0,-4.0,246.0,716.0,-97.0,-18.0,555.0
359.0,,440.0,-112.0,84.0,264.0,665.0,-79.0,38.0,588.0
414.0,,485.0,-192.0,123.0,228.0,690.0,25.0,87.0,594.0
496.0,,516.0,-262.0,88.0,237.0,759.0,-354.0,146.0,567.0
528.0,,533.0,-276.0,-3.0,311.0,758.0,-153.0,183.0,520.0
533.0,,538.0,-269.0,-90.0,334.0,677.0,-541.0,213.0,406.0
565.0,,543.0,-240.0,-120.0,309.0,615.0,-308.0,267.0,279.0
630.0,,537.0,-212.0,-93.0,309.0,632.0,-214.0,325.0,179.0
668.0,,499.0,-176.0,-22.0,362.0,715.0,-264.0,375.0,57.0
657.0,,465.0,-133.0,36.0,372.0,747.0,-25.0,432.0,-17.0
674.0,,428.0,-89.0,23.0,354.0,646.0,-341.0,475.0,-101.0
711.0,,363.0,-13.0,-28.0,401.0,507.0,11.0,499.0,-170.0
743.0,,310.0,69.0,-50.0,443.0,494.0,-169.0,519.0,-200.0
736.0,,255.0,156.0,-23.0,465.0,545.0,-134.0,522.0,-236.0
740.0,,228.0,224.0,23.0,456.0,530.0,-36.0,517.0,-233.0
797.0,,209.0,276.0,57.0,438.0,488.0,-240.0,493.0,-228.0
825.0,,177.0,368.0,49.0,486.0,472.0,29.0,456.0,-231.0
828.0,,172.0,470.0,-6.0,549.0,494.0,-247.0,417.0,-166.0
843.0,,163.0,530.0,-76.0,530.0,507.0,31.0,366.0,-75.0
900.0,,150.0,563.0,-124.0,470.0,465.0,-55.0,319.0,-22.0
919.0,,134.0,564.0,-154.0,530.0,407.0,-121.0,292.0,48.0
870.0,,131.0,497.0,-151.0,592.0,333.0,94.0,269.0,92.0
864.0,,135.0,397.0,-98.0,534.0,279.0,-290.0,234.0,143.0
894.0,,141.0,293.0,-20.0,513.0,335.0,-147.0,210.0,219.0
904.0,,159.0,170.0,66.0,541.0,444.0,-448.0,186.0,250.0
894.0,,170.0,50.0,136.0,554.0,453.0,-291.0,162.0,324.0
892.0,,211.0,-74.0,154.0,511.0,333.0,-151.0,150.0,399.0
901.0,,233.0,-192.0,98.0,459.0,204.0,-218.0,166.0,446.0
892.0,,247.0,-296.0,-4.0,518.0,183.0,157.0,201.0,522.0
857.0,,284.0,-404.0,-94.0,558.0,270.0,-162.0,248.0,556.0
831.0,,296.0,-499.0,-130.0,547.0,380.0,25.0,328.0,560.0
809.0,,302.0,-576.0,-85.0,538.0,451.0,-186.0,392.0,593.0
758.0,,300.0,-654.0,31.0,516.0,391.0,-286.0,450.0,610.0
686.0,,283.0,-723.0,149.0,532.0,261.0,-173.0,511.0,586.0
615.0,,287.0,-709.0,177.0,510.0,211.0,-399.0,555.0,567.0
548.0,,314.0,-634.0,100.0,471.0,214.0,0.0,597.0,530.0
482.0,,330.0,-514.0,-14.0,481.0,180.0,-229.0,607.0,456.0
402.0,,368.0,-351.0,-103.0,530.0,134.0,29.0,601.0,351.0
323.0,,403.0,-200.0,-146.0,557.0,163.0,22.0,583.0,215.0
283.0,,427.0,-33.0,-177.0,500.0,199.0,-230.0,551.0,95.0
258.0,,438.0,147.0,-224.0,479.0,201.0,-46.0,521.0,-3.0
216.0,,397.0,314.0,-266.0,519.0,193.0,-369.0,476.0,-79.0
144.0,,382.0,439.0,-281.0,516.0,172.0,55.0,424.0,-135.0
101.0,,355.0,502.0,-283.0,497.0,173.0,31.0,369.0,-153.0
71.0,,298.0,524.0,-256.0,525.0,148.0,177.0,326.0,-123.0
1.0,,257.0,478.0,-177.0,586.0,79.0,245.0,287.0,-60.0
-60.0,,235.0,385.0,-73.0,582.0,40.0,-110.0,227.0,19.0
-106.0,,176.0,286.0,-9.0,509.0,42.0,164.0,174.0,65.0
-117.0,,117.0,183.0,-21.0,504.0,31.0,-123.0,120.0,114.0
-131.0,,85.0,95.0,-70.0,536.0,0.0,203.0,70.0,171.0
-166.0,,33.0,20.0,-98.0,550.0,-54.0,171.0,38.0,229.0
-162.0,,24.0,-20.0,-75.0,500.0,-97.0,12.0,2.0,283.0
-144.0,,0.0,-55.0,-34.0,442.0,-113.0,149.0,-40.0,301.0
-136.0,,-17.0,-124.0,-23.0,474.0,-116.0,-158.0,-108.0,303.0
-130.0,,2.0,-177.0,-35.0,431.0,-126.0,256.0,-185.0,291.0
-136.0,,-2.0,-218.0,-43.0,377.0,-163.0,133.0,-259.0,322.0
-134.0,,0.0,-264.0,-17.0,420.0,-155.0,325.0,-331.0,342.0
-128.0,,7.0,-297.0,35.0,470.0,-125.0,378.0,-387.0,344.0
-144.0,,17.0,-353.0,72.0,459.0,-142.0,164.0,-435.0,373.0
-148.0,,12.0,-398.0,85.0,421.0,-180.0,437.0,-463.0,389.0
-122.0,,0.0,-392.0,89.0,381.0,-194.0,88.0,-469.0,426.0
-99.0,,-25.0,-386.0,116.0,350.0,-221.0,347.0,-464.0,437.0
-107.0,,-26.0,-370.0,157.0,370.0,-210.0,205.0,-433.0,424.0
-104.0,,-25.0,-323.0,171.0,330.0,-148.0,177.0,-406.0,409.0
-79.0,,-54.0,-264.0,134.0,296.0,-77.0,328.0,-382.0,397.0
-80.0,,-44.0,-209.0,44.0,282.0,-12.0,-12.0,-346.0,381.0
-115.0,,-38.0,-162.0,-56.0,277.0,0.0,280.0,-331.0,345.0
-161.0,,-33.0,-102.0,-146.0,291.0,-27.0,36.0,-327.0,330.0
-161.0,,-8.0,-17.0,-229.0,198.0,-54.0,212.0,-324.0,307.0
-159.0,,13.0,106.0,-293.0,187.0,-15.0,177.0,-306.0,322.0
-203.0,,32.0,219.0,-323.0,217.0,35.0,-11.0,-269.0,322.0
-240.0,,63.0,315.0,-302.0,162.0,42.0,282.0,-220.0,288.0
-269.0,,103.0,432.0,-248.0,150.0,37.0,48.0,-155.0,295.0
-283.0,,125.0,514.0,-163.0,179.0,2.0,439.0,-97.0,309.0
-319.0,,149.0,537.0,-52.0,168.0,4.0,295.0,-42.0,309.0
-379.0,,175.0,550.0,39.0,123.0,49.0,334.0,-8.0,304.0
-385.0,,188.0,573.0,89.0,116.0,59.0,447.0,0.0,323.0
-354.0,,187.0,555.0,105.0,133.0,11.0,158.0,18.0,316.0
-347.0,,181.0,505.0,100.0,156.0,-78.0,497.0,49.0,310.0
-352.0,,183.0,455.0,77.0,89.0,-96.0,214.0,65.0,296.0
-327.0,,175.0,401.0,30.0,38.0,-40.0,480.0,64.0,244.0
-255.0,,143.0,329.0,-38.0,63.0,-6.0,419.0,73.0,205.0
-200.0,,150.0,236.0,-109.0,12.0,4.0,288.0,74.0,133.0
-168.0,,171.0,186.0,-137.0,13.0,-7.0,491.0,54.0,66.0
-90.0,,172.0,124.0,-98.0,6.0,-36.0,81.0,27.0,-13.0
25.0,,191.0,26.0,-16.0,-18.0,-63.0,373.0,17.0,-102.0
136.0,,205.0,-27.0,79.0,18.0,-90.0,199.0,10.0,-157.0
205.0,,225.0,-74.0,159.0,-33.0,-139.0,410.0,6.0,-213.0
291.0,,231.0,-109.0,179.0,-83.0,-157.0,471.0,18.0,-249.0
422.0,,222.0,-125.0,139.0,-29.0,-66.0,160.0,29.0,-286.0
535.0,,230.0,-148.0,96.0,5.0,65.0,412.0,60.0,-312.0
630.0,,234.0,-166.0,119.0,-17.0,97.0,86.0,97.0,-321.0
730.0,,241.0,-172.0,203.0,-66.0,-9.0,493.0,125.0,-284.0
832.0,,254.0,-110.0,272.0,-50.0,-130.0,450.0,153.0,-257.0
895.0,,283.0,-20.0,253.0,53.0,-197.0,378.0,170.0,-261.0
917.0,,330.0,56.0,141.0,65.0,-205.0,476.0,175.0,-187.0
939.0,,387.0,127.0,-2.0,-18.0,-121.0,97.0,166.0,-145.0
968.0,,443.0,166.0,-105.0,-57.0,19.0,461.0,145.0,-92.0
950.0,,499.0,228.0,-134.0,-4.0,109.0,242.0,117.0,12.0
892.0,,572.0,284.0,-102.0,38.0,62.0,389.0,78.0,79.0
825.0,,617.0,303.0,-40.0,-8.0,-43.0,275.0,36.0,199.0
767.0,,622.0,325.0,12.0,-26.0,-94.0,-25.0,8.0,322.0
725.0,,647.0,355.0,32.0,2.0,-68.0,199.0,-15.0,370.0
647.0,,652.0,417.0,42.0,14.0,-1.0,-88.0,-23.0,415.0
558.0,,617.0,467.0,61.0,-7.0,52.0,280.0,-30.0,445.0
516.0,,584.0,530.0,99.0,8.0,31.0,136.0,-27.0,412.0
519.0,,550.0,649.0,162.0,60.0,-7.0,262.0,0.0,381.0
504.0,,509.0,725.0,228.0,72.0,1.0,397.0,20.0,320.0
483.0,,466.0,762.0,266.0,89.0,21.0,60.0,48.0,220.0
493.0,,415.0,810.0,240.0,67.0,75.0,404.0,100.0,162.0
500.0,,345.0,847.0,137.0,77.0,150.0,25.0,161.0,102.0
501.0,,308.0,835.0,-22.0,117.0,201.0,236.0,219.0,37.0
489.0,,260.0,810.0,-191.0,67.0,191.0,212.0,287.0,-20.0
496.0,,203.0,756.0,-304.0,87.0,135.0,-20.0,362.0,-74.0
510.0,,190.0,644.0,-344.0,134.0,103.0,59.0,405.0,-97.0
505.0,,164.0,546.0,-314.0,129.0,87.0,-308.0,415.0,-114.0
490.0,,137.0,469.0,-237.0,101.0,116.0,121.0,378.0,-92.0
474.0,,132.0,442.0,-166.0,27.0,158.0,35.0,311.0,-76.0
463.0,,124.0,441.0,-125.0,87.0,160.0,240.0,229.0,-76.0
426.0,,108.0,453.0,-107.0,147.0,118.0,260.0,129.0,-33.0
396.0,,115.0,516.0,-99.0,66.0,70.0,-101.0,43.0,-54.0
377.0,,110.0,567.0,-98.0,60.0,56.0,123.0,-27.0,-99.0
356.0,,115.0,589.0,-93.0,100.0,73.0,-232.0,-77.0,-135.0
322.0,,143.0,636.0,-89.0,126.0,150.0,171.0,-103.0,-193.0
264.0,,151.0,695.0,-81.0,85.0,235.0,225.0,-107.0,-243.0
204.0,,169.0,730.0,-82.0,23.0,238.0,194.0,-95.0,-288.0
143.0,,199.0,764.0,-109.0,75.0,162.0,280.0,-94.0,-322.0
85.0,,228.0,788.0,-133.0,91.0,98.0,-177.0,-85.0,-367.0
-3.0,,244.0,763.0,-154.0,79.0,81.0,59.0,-76.0,-388.0
-105.0,,287.0,696.0,-149.0,52.0,77.0,-219.0,-73.0,-400.0
-153.0,,320.0,642.0,-125.0,53.0,40.0,-9.0,-40.0,-403.0
-200.0,,352.0,567.0,-108.0,83.0,-4.0,73.0,27.0,-373.0
-301.0,,392.0,444.0,-68.0,42.0,15.0,-105.0,106.0,-348.0
-376.0,,407.0,321.0,-10.0,31.0,43.0,221.0,166.0,-272.0
-402.0,,438.0,197.0,50.0,31.0,54.0,-27.0,222.0,-197.0
-448.0,,449.0,87.0,96.0,36.0,55.0,247.0,267.0,-159.0
-548.0,,456.0,28.0,120.0,-7.0,74.0,68.0,289.0,-120.0
-622.0,,466.0,16.0,117.0,-41.0,55.0,112.0,295.0,-130.0
-610.0,,458.0,10.0,96.0,-18.0,-25.0,260.0,289.0,-138.0
-601.0,,458.0,-2.0,94.0,-18.0,-43.0,-90.0,282.0,-158.0
-631.0,,455.0,-11.0,98.0,-12.0,10.0,136.0,278.0,-239.0
-647.0,,424.0,-6.0,102.0,-53.0,57.0,-234.0,295.0,-329.0
-605.0,,396.0,2.0,96.0,-54.0,32.0,-155.0,316.0,-389.0
-540.0,,387.0,5.0,70.0,-44.0,-45.0,-247.0,321.0,-471.0
-512.0,,346.0,31.0,37.0,-101.0,-109.0,-315.0,322.0,-557.0
-478.0,,335.0,53.0,-7.0,-158.0,-146.0,-49.0,320.0,-606.0
-397.0,,353.0,76.0,-74.0,-163.0,-145.0,-378.0,308.0,-680.0
-297.0,,329.0,82.0,-170.0,-94.0,-130.0,-72.0,290.0,-733.0
-232.0,,332.0,76.0,-265.0,-96.0,-135.0,-325.0,260.0,-752.0
-175.0,,349.0,110.0,-331.0,-181.0,-154.0,-232.0,218.0,-784.0
-79.0,,341.0,161.0,-361.0,-160.0,-190.0,-138.0,162.0,-762.0
5.0,,346.0,234.0,-353.0,-60.0,-162.0,-421.0,96.0,-739.0
31.0,,345.0,289.0,-316.0,-72.0,-45.0,-90.0,37.0,-726.0
36.0,,331.0,298.0,-270.0,-154.0,-18.0,-389.0,-33.0,-702.0
78.0,,331.0,306.0,-248.0,-206.0,-83.0,-86.0,-103.0,-698.0
140.0,,319.0,325.0,-260.0,-224.0,-126.0,-96.0,-162.0,-681.0
150.0,,294.0,344.0,-281.0,-216.0,-105.0,-99.0,-220.0,-729.0
127.0,,255.0,372.0,-266.0,-230.0,-42.0,96.0,-262.0,-768.0
139.0,,207.0,422.0,-230.0,-233.0,-28.0,-277.0,-283.0,-815.0
178.0,,155.0,492.0,-197.0,-204.0,-93.0,20.0,-273.0,-866.0
176.0,,64.0,575.0,-144.0,-212.0,-172.0,-267.0,-227.0,-880.0
120.0,,-25.0,633.0,-56.0,-269.0,-155.0,-145.0,-168.0,-927.0
95.0,,-117.0,651.0,56.0,-282.0,-74.0,-57.0,-102.0,-925.0
105.0,,-208.0,635.0,180.0,-271.0,-68.0,-177.0,-35.0,-946.0
78.0,,-293.0,619.0,310.0,-275.0,-166.0,129.0,20.0,-965.0
-11.0,,-374.0,608.0,407.0,-292.0,-252.0,-216.0,65.0,-971.0
-82.0,,-430.0,522.0,440.0,-320.0,-244.0,40.0,93.0,-1000.0
-77.0,,-468.0,392.0,425.0,-314.0,-190.0,-136.0,98.0,-1034.0
-93.0,,-484.0,294.0,383.0,-366.0,-112.0,-92.0,74.0,-1086.0
-144.0,,-505.0,213.0,357.0,-409.0,-76.0,109.0,34.0,-1111.0
-152.0,,-478.0,128.0,361.0,-362.0,-109.0,-133.0,28.0,-1107.0
-130.0,,-431.0,58.0,349.0,-339.0,-143.0,197.0,21.0,-1075.0
-135.0,,-410.0,34.0,292.0,-349.0,-141.0,-194.0,9.0,-1051.0
-151.0,,-361.0,57.0,230.0,-381.0,-126.0,-79.0,13.0,-990.0
-165.0,,-320.0,74.0,182.0,-404.0,-93.0,-125.0,12.0,-872.0
-169.0,,-282.0,79.0,155.0,-376.0,-74.0,-216.0,5.0,-749.0
-184.0,,-250.0,135.0,145.0,-382.0,-155.0,48.0,9.0,-598.0
-224.0,,-237.0,220.0,147.0,-442.0,-261.0,-334.0,25.0,-459.0
-258.0,,-214.0,280.0,191.0,-422.0,-266.0,-31.0,40.0,-373.0
-277.0,,-196.0,339.0,269.0,-388.0,-202.0,-280.0,63.0,-263.0
-285.0,,-188.0,441.0,349.0,-404.0,-171.0,-186.0,80.0,-157.0
-300.0,,-184.0,566.0,395.0,-415.0,-209.0,7.0,91.0,-78.0
-312.0,,-184.0,658.0,378.0,-409.0,-216.0,-218.0,121.0,3.0
-296.0,,-211.0,720.0,308.0,-357.0,-196.0,73.0,151.0,72.0
-268.0,,-238.0,761.0,210.0,-339.0,-169.0,-277.0,177.0,139.0
-264.0,,-272.0,761.0,127.0,-356.0,-119.0,-40.0,208.0,191.0
-259.0,,-299.0,742.0,82.0,-356.0,-153.0,-182.0,242.0,181.0
-216.0,,-309.0,769.0,54.0,-362.0,-234.0,-295.0,267.0,82.0
-154.0,,-325.0,809.0,27.0,-338.0,-299.0,-70.0,282.0,-32.0
-114.0,,-322.0,787.0,0.0,-333.0,-308.0,-343.0,302.0,-186.0
-79.0,,-308.0,724.0,-53.0,-385.0,-229.0,24.0,316.0,-347.0
-5.0,,-282.0,678.0,-120.0,-383.0,-179.0,-225.0,310.0,-511.0
74.0,,-253.0,637.0,-136.0,-351.0,-172.0,-145.0,306.0,-724.0
128.0,,-217.0,565.0,-80.0,-364.0,-161.0,-138.0,283.0,-872.0
137.0,,-171.0,484.0,20.0,-366.0,-134.0,-336.0,260.0,-995.0
169.0,,-111.0,435.0,110.0,-372.0,-118.0,5.0,246.0,-1068.0
213.0,,-51.0,421.0,160.0,-352.0,-151.0,-206.0,212.0,-1069.0
210.0,,3.0,404.0,168.0,-279.0,-182.0,120.0,170.0,-1058.0
191.0,,94.0,410.0,139.0,-258.0,-172.0,31.0,142.0,-984.0
184.0,,158.0,466.0,99.0,-266.0,-117.0,-64.0,103.0,-917.0
211.0,,217.0,508.0,53.0,-239.0,-43.0,-5.0,43.0,-822.0
197.0,,260.0,529.0,-1.0,-249.0,-10.0,-352.0,-20.0,-708.0
147.0,,266.0,563.0,-52.0,-263.0,-25.0,-72.0,-82.0,-631.0
109.0,,302.0,583.0,-85.0,-248.0,-13.0,-277.0,-164.0,-491.0
98.0,,283.0,581.0,-93.0,-252.0,-25.0,-112.0,-252.0,-380.0
102.0,,269.0,567.0,-73.0,-200.0,-123.0,-38.0,-317.0,-287.0
73.0,,273.0,577.0,-58.0,-188.0,-208.0,-214.0,-359.0,-205.0
53.0,,249.0,628.0,-64.0,-233.0,-193.0,48.0,-368.0,-197.0
69.0,,259.0,705.0,-98.0,-187.0,-135.0,-245.0,-353.0,-182.0
76.0,,237.0,795.0,-163.0,-131.0,-177.0,-53.0,-315.0,-160.0
27.0,,220.0,884.0,-229.0,-127.0,-274.0,-253.0,-255.0,-169.0
-36.0,,217.0,975.0,-276.0,-146.0,-278.0,-310.0,-177.0,-205.0
-64.0,,192.0,1027.0,-308.0,-148.0,-226.0,-116.0,-93.0,-213.0
-90.0,,169.0,1038.0,-321.0,-103.0,-247.0,-338.0,-10.0,-208.0
-172.0,,153.0,1062.0,-294.0,-86.0,-304.0,-29.0,80.0,-172.0
-263.0,,146.0,1055.0,-234.0,-118.0,-255.0,-369.0,164.0,-125.0
-281.0,,112.0,1005.0,-163.0,-93.0,-141.0,-253.0,226.0,-56.0
-301.0,,75.0,958.0,-114.0,-62.0,-92.0,-223.0,275.0,66.0
-373.0,,53.0,903.0,-104.0,-56.0,-155.0,-299.0,304.0,200.0
-452.0,,19.0,847.0,-109.0,-34.0,-247.0,16.0,317.0,364.0
-490.0,,0.0,804.0,-109.0,-79.0,-254.0,-347.0,322.0,469.0
-513.0,,-16.0,756.0,-96.0,-121.0,-210.0,-125.0,300.0,523.0
-571.0,,-53.0,724.0,-71.0,-145.0,-220.0,-376.0,271.0,549.0
-635.0,,-70.0,712.0,-37.0,-121.0,-291.0,-325.0,257.0,477.0
-662.0,,-95.0,715.0,-29.0,-24.0,-316.0,-179.0,234.0,356.0
-667.0,,-145.0,704.0,-92.0,20.0,-254.0,-397.0,205.0,216.0
-691.0,,-182.0,636.0,-197.0,-6.0,-225.0,-60.0,175.0,41.0
-713.0,,-206.0,561.0,-281.0,-24.0,-233.0,-378.0,161.0,-184.0
-688.0,,-220.0,474.0,-309.0,9.0,-182.0,-219.0,158.0,-414.0
-638.0,,-232.0,368.0,-325.0,-11.0,-126.0,-362.0,160.0,-621.0
-615.0,,-227.0,275.0,-363.0,-70.0,-140.0,-367.0,164.0,-790.0
-598.0,,-205.0,176.0,-402.0,-98.0,-177.0,-51.0,172.0,-897.0
-538.0,,-171.0,109.0,-401.0,-58.0,-129.0,-219.0,174.0,-983.0
-464.0,,-141.0,83.0,-342.0,-18.0,-93.0,118.0,162.0,-1041.0
-442.0,,-103.0,53.0,-251.0,-95.0,-150.0,-116.0,168.0,-1065.0
-425.0,,-20.0,36.0,-140.0,-117.0,-202.0,-1.0,183.0,-1050.0
-357.0,,30.0,55.0,-61.0,-62.0,-201.0,-77.0,193.0,-1032.0
-302.0,,81.0,80.0,-18.0,-50.0,-130.0,-330.0,205.0,-977.0
-315.0,,155.0,99.0,30.0,-59.0,-71.0,-86.0,217.0,-895.0
-354.0,,220.0,107.0,92.0,-114.0,-74.0,-347.0,225.0,-830.0
-360.0,,291.0,100.0,191.0,-151.0,-134.0,-7.0,218.0,-731.0
-348.0,,323.0,114.0,319.0,-74.0,-174.0,-86.0,208.0,-643.0
-378.0,,357.0,128.0,432.0,-52.0,-136.0,-129.0,214.0,-519.0
-423.0,,400.0,159.0,501.0,-88.0,-59.0,38.0,223.0,-397.0
-392.0,,393.0,216.0,497.0,-107.0,-16.0,-177.0,230.0,-318.0
-335.0,,386.0,271.0,417.0,-110.0,-3.0,236.0,229.0,-244.0
-338.0,,363.0,329.0,274.0,-42.0,7.0,83.0,237.0,-176.0
-362.0,,307.0,361.0,107.0,-12.0,-82.0,267.0,254.0,-115.0
-363.0,,251.0,363.0,-23.0,-27.0,-211.0,304.0,285.0,-92.0
-357.0,,169.0,345.0,-110.0,-32.0,-268.0,151.0,327.0,-36.0
-385.0,,67.0,358.0,-167.0,-31.0,-241.0,447.0,369.0,14.0
-430.0,,-9.0,399.0,-195.0,-16.0,-173.0,101.0,408.0,56.0
-439.0,,-85.0,419.0,-188.0,-31.0,-82.0,319.0,422.0,124.0
-418.0,,-171.0,454.0,-137.0,-100.0,-20.0,79.0,418.0,208.0
-402.0,,-231.0,496.0,-42.0,-119.0,-102.0,99.0,399.0,308.0
-398.0,,-271.0,536.0,85.0,-60.0,-264.0,327.0,358.0,385.0
-382.0,,-311.0,580.0,206.0,-37.0,-333.0,144.0,315.0,456.0
-330.0,,-343.0,611.0,280.0,-47.0,-211.0,556.0,279.0,492.0
-271.0,,-367.0,633.0,288.0,-63.0,-31.0,290.0,260.0,512.0
-255.0,,-373.0,643.0,228.0,-27.0,62.0,471.0,258.0,517.0
-229.0,,-352.0,603.0,145.0,32.0,45.0,404.0,256.0,467.0
-162.0,,-336.0,507.0,77.0,58.0,-33.0,315.0,250.0,351.0
-115.0,,-305.0,427.0,32.0,85.0,-45.0,548.0,242.0,168.0
-128.0,,-271.0,411.0,11.0,98.0,-26.0,214.0,225.0,-28.0
-152.0,,-243.0,405.0,1.0,154.0,-67.0,532.0,211.0,-250.0
-110.0,,-211.0,388.0,-5.0,187.0,-24.0,323.0,217.0,-506.0
-73.0,,-203.0,417.0,2.0,154.0,154.0,423.0,239.0,-737.0
-96.0,,-177.0,480.0,47.0,170.0,269.0,545.0,243.0,-925.0
-123.0,,-156.0,565.0,123.0,192.0,243.0,310.0,228.0,-1037.0
-113.0,,-155.0,674.0,204.0,208.0,196.0,569.0,185.0,-1073.0
-78.0,,-142.0,780.0,275.0,239.0,196.0,251.0,113.0,-1033.0
-95.0,,-116.0,877.0,294.0,272.0,133.0,511.0,22.0,-912.0
-141.0,,-85.0,954.0,251.0,323.0,34.0,424.0,-68.0,-744.0
-133.0,,-59.0,1005.0,183.0,351.0,41.0,363.0,-149.0,-554.0
-90.0,,-26.0,1023.0,105.0,361.0,140.0,602.0,-229.0,-404.0
-65.0,,4.0,996.0,57.0,343.0,268.0,332.0,-285.0,-293.0
-61.0,,32.0,913.0,63.0,322.0,405.0,650.0,-336.0,-214.0
-50.0,,38.0,809.0,108.0,333.0,424.0,304.0,-375.0,-168.0
-13.0,,55.0,716.0,166.0,310.0,259.0,347.0,-397.0,-143.0
1.0,,70.0,587.0,187.0,311.0,166.0,408.0,-422.0,-134.0
-33.0,,71.0,416.0,174.0,273.0,230.0,273.0,-428.0,-127.0
-63.0,,99.0,262.0,155.0,212.0,245.0,611.0,-423.0,-134.0
-63.0,,116.0,158.0,133.0,220.0,185.0,275.0,-401.0,-96.0
-84.0,,144.0,85.0,110.0,209.0,172.0,447.0,-365.0,-36.0
-145.0,,166.0,44.0,80.0,253.0,213.0,182.0,-322.0,5.0
-183.0,,168.0,45.0,50.0,298.0,238.0,153.0,-282.0,73.0
-180.0,,181.0,73.0,30.0,302.0,187.0,352.0,-256.0,133.0
-200.0,,182.0,135.0,22.0,331.0,105.0,101.0,-227.0,177.0
-260.0,,179.0,221.0,-3.0,371.0,89.0,484.0,-205.0,233.0
-309.0,,187.0,305.0,-31.0,414.0,185.0,188.0,-184.0,263.0
-306.0,,201.0,374.0,-24.0,443.0,384.0,279.0,-178.0,266.0
-292.0,,204.0,415.0,19.0,477.0,529.0,221.0,-178.0,282.0
-330.0,,219.0,446.0,73.0,519.0,570.0,11.0,-173.0,299.0
-362.0,,224.0,453.0,97.0,583.0,516.0,273.0,-167.0,273.0
-339.0,,238.0,425.0,108.0,584.0,309.0,16.0,-165.0,210.0
-329.0,,285.0,406.0,117.0,495.0,88.0,352.0,-180.0,130.0
-347.0,,308.0,432.0,117.0,465.0,56.0,210.0,-195.0,52.0
-353.0,,350.0,505.0,106.0,481.0,217.0,291.0,-202.0,-41.0
-311.0,,373.0,607.0,67.0,456.0,393.0,430.0,-216.0,-166.0
-273.0,,365.0,726.0,2.0,435.0,437.0,182.0,-229.0,-300.0
-276.0,,362.0,802.0,-85.0,444.0,411.0,478.0,-222.0,-412.0
-272.0,,327.0,844.0,-180.0,446.0,409.0,155.0,-196.0,-449.0
-235.0,,289.0,863.0,-262.0,408.0,417.0,351.0,-156.0,-440.0
-192.0,,240.0,830.0,-333.0,382.0,430.0,280.0,-132.0,-379.0
-191.0,,184.0,758.0,-387.0,410.0,422.0,245.0,-91.0,-286.0
-193.0,,132.0,649.0,-417.0,422.0,380.0,532.0,-20.0,-202.0
-162.0,,67.0,519.0,-413.0,437.0,383.0,247.0,47.0,-119.0
-126.0,,-5.0,377.0,-363.0,467.0,404.0,541.0,131.0,-20.0
-116.0,,-77.0,239.0,-297.0,513.0,388.0,336.0,220.0,90.0
-110.0,,-131.0,88.0,-243.0,534.0,372.0,530.0,299.0,164.0
-85.0,,-197.0,-58.0,-204.0,500.0,358.0,635.0,360.0,267.0
-38.0,,-248.0,-128.0,-162.0,530.0,285.0,419.0,410.0,340.0
-12.0,,-291.0,-145.0,-103.0,604.0,127.0,709.0,425.0,385.0
-24.0,,-342.0,-144.0,-53.0,631.0,-34.0,428.0,411.0,458.0
-23.0,,-377.0,-120.0,-28.0,615.0,-70.0,726.0,412.0,505.0
-11.0,,-409.0,-47.0,-25.0,632.0,65.0,606.0,387.0,550.0
-16.0,,-426.0,69.0,-48.0,645.0,236.0,491.0,369.0,593.0
-32.0,,-434.0,180.0,-80.0,602.0,333.0,556.0,368.0,634.0
-44.0,,-445.0,271.0,-108.0,550.0,355.0,225.0,341.0,654.0
-47.0,,-452.0,339.0,-110.0,511.0,287.0,615.0,293.0,682.0
-46.0,,-436.0,390.0,-66.0,482.0,171.0,456.0,221.0,699.0
-60.0,,-434.0,420.0,-2.0,454.0,115.0,691.0,122.0,707.0
-71.0,,-444.0,432.0,67.0,455.0,140.0,639.0,24.0,748.0
-65.0,,-421.0,449.0,141.0,441.0,152.0,375.0,-61.0,730.0
-43.0,,-401.0,484.0,229.0,404.0,110.0,639.0,-133.0,699.0
-18.0,,-387.0,496.0,301.0,367.0,84.0,275.0,-168.0,666.0
-2.0,,-353.0,481.0,307.0,319.0,85.0,559.0,-178.0,565.0
42.0,,-316.0,481.0,229.0,346.0,46.0,404.0,-181.0,452.0
73.0,,-287.0,460.0,82.0,390.0,-8.0,339.0,-168.0,351.0
79.0,,-242.0,404.0,-44.0,390.0,-34.0,380.0,-154.0,262.0
82.0,,-212.0,342.0,-133.0,425.0,-12.0,96.0,-149.0,246.0
86.0,,-192.0,307.0,-191.0,398.0,127.0,432.0,-152.0,281.0
94.0,,-165.0,269.0,-229.0,396.0,325.0,162.0,-161.0,366.0
71.0,,-161.0,197.0,-289.0,471.0,400.0,386.0,-136.0,516.0
48.0,,-159.0,110.0,-359.0,454.0,282.0,304.0,-87.0,681.0
49.0,,-155.0,31.0,-399.0,454.0,54.0,166.0,-37.0,845.0
56.0,,-154.0,-20.0,-375.0,450.0,-132.0,410.0,29.0,961.0
34.0,,-142.0,-66.0,-317.0,459.0,-158.0,142.0,81.0,1012.0
-4.0,,-141.0,-108.0,-248.0,486.0,-35.0,511.0,110.0,1023.0
11.0,,-148.0,-138.0,-161.0,447.0,26.0,284.0,127.0,970.0
59.0,,-125.0,-158.0,-58.0,428.0,-78.0,288.0,137.0,845.0
88.0,,-118.0,-141.0,60.0,373.0,-146.0,275.0,141.0,704.0
103.0,,-112.0,-70.0,183.0,366.0,-87.0,12.0,160.0,542.0
146.0,,-79.0,17.0,258.0,377.0,-16.0,284.0,179.0,363.0
197.0,,-52.0,94.0,253.0,361.0,-71.0,-44.0,187.0,182.0
199.0,,-21.0,156.0,202.0,358.0,-257.0,184.0,211.0,-9.0
179.0,,-8.0,206.0,159.0,338.0,-327.0,75.0,231.0,-182.0
176.0,,0.0,275.0,143.0,347.0,-238.0,84.0,252.0,-356.0
191.0,,13.0,317.0,131.0,329.0,-137.0,275.0,267.0,-465.0
175.0,,18.0,316.0,131.0,354.0,-76.0,-103.0,262.0,-512.0
126.0,,1.0,296.0,114.0,410.0,-75.0,166.0,257.0,-488.0
104.0,,-8.0,266.0,83.0,419.0,-66.0,-57.0,243.0,-406.0
100.0,,-4.0,200.0,72.0,446.0,-45.0,149.0,229.0,-306.0
75.0,,-20.0,95.0,60.0,463.0,-101.0,251.0,186.0,-165.0
4.0,,-44.0,34.0,66.0,499.0,-276.0,149.0,134.0,-6.0
-58.0,,-55.0,-3.0,93.0,539.0,-495.0,500.0,86.0,190.0
-57.0,,-69.0,-30.0,134.0,514.0,-599.0,230.0,0.0,369.0
-80.0,,-77.0,-33.0,168.0,486.0,-483.0,461.0,-83.0,545.0
-154.0,,-72.0,-4.0,163.0,493.0,-175.0,186.0,-152.0,689.0
-209.0,,-70.0,69.0,153.0,507.0,-6.0,83.0,-209.0,778.0
-225.0,,-54.0,123.0,146.0,475.0,-172.0,230.0,-249.0,819.0
-238.0,,-25.0,162.0,121.0,421.0,-428.0,22.0,-271.0,785.0
-283.0,,-7.0,192.0,66.0,438.0,-490.0,391.0,-244.0,749.0
-330.0,,27.0,198.0,-8.0,462.0,-366.0,99.0,-189.0,689.0
-348.0,,81.0,200.0,-60.0,432.0,-243.0,208.0,-107.0,645.0
-348.0,,129.0,191.0,-59.0,423.0,-162.0,120.0,7.0,628.0
-380.0,,183.0,198.0,-1.0,416.0,-86.0,14.0,128.0,646.0
-414.0,,227.0,202.0,94.0,401.0,-37.0,363.0,236.0,718.0
-401.0,,292.0,186.0,185.0,421.0,-22.0,114.0,317.0,785.0
-409.0,,350.0,176.0,259.0,396.0,1.0,454.0,377.0,881.0
-448.0,,375.0,190.0,289.0,394.0,24.0,293.0,420.0,982.0
-453.0,,408.0,234.0,261.0,421.0,-15.0,373.0,444.0,1083.0
-409.0,,435.0,272.0,206.0,432.0,-142.0,461.0,467.0,1157.0
-393.0,,444.0,310.0,116.0,479.0,-305.0,123.0,497.0,1199.0
-431.0,,425.0,352.0,22.0,473.0,-316.0,321.0,547.0,1196.0
-445.0,,407.0,386.0,-52.0,490.0,-104.0,7.0,612.0,1141.0
-403.0,,372.0,401.0,-116.0,512.0,127.0,253.0,661.0,1102.0
-371.0,,322.0,423.0,-164.0,492.0,261.0,160.0,704.0,1038.0
-372.0,,271.0,477.0,-218.0,519.0,273.0,79.0,728.0,998.0
-348.0,,216.0,472.0,-250.0,521.0,179.0,269.0,717.0,1009.0
-290.0,,177.0,423.0,-259.0,463.0,104.0,-53.0,667.0,1037.0
-234.0,,132.0,401.0,-253.0,385.0,78.0,273.0,579.0,1097.0
-185.0,,86.0,377.0,-210.0,351.0,168.0,40.0,477.0,1177.0
-114.0,,66.0,347.0,-139.0,331.0,309.0,134.0,369.0,1269.0
-27.0,,63.0,327.0,-52.0,302.0,333.0,199.0,281.0,1365.0
77.0,,72.0,337.0,1.0,240.0,272.0,40.0,206.0,1467.0
174.0,,105.0,366.0,11.0,184.0,169.0,391.0,127.0,1544.0
230.0,,125.0,396.0,5.0,231.0,68.0,121.0,51.0,1601.0
291.0,,164.0,422.0,-13.0,260.0,21.0,371.0,-20.0,1597.0
362.0,,206.0,433.0,-33.0,248.0,113.0,219.0,-102.0,1540.0
411.0,,215.0,442.0,-46.0,219.0,233.0,160.0,-179.0,1445.0
431.0,,238.0,464.0,-59.0,225.0,236.0,303.0,-224.0,1295.0
463.0,,257.0,494.0,-72.0,261.0,226.0,77.0,-266.0,1168.0
523.0,,247.0,512.0,-69.0,166.0,214.0,400.0,-299.0,1040.0
557.0,,222.0,533.0,-60.0,54.0,243.0,62.0,-310.0,935.0
564.0,,209.0,565.0,-51.0,53.0,245.0,242.0,-309.0,841.0
575.0,,172.0,577.0,-45.0,77.0,118.0,269.0,-295.0,769.0
590.0,,120.0,563.0,-42.0,33.0,-57.0,142.0,-256.0,752.0
577.0,,82.0,538.0,-19.0,-33.0,-219.0,400.0,-205.0,724.0
543.0,,27.0,515.0,19.0,-26.0,-217.0,-33.0,-137.0,718.0
537.0,,-20.0,499.0,49.0,3.0,-46.0,144.0,-39.0,723.0
538.0,,-70.0,444.0,65.0,49.0,172.0,-42.0,54.0,693.0
527.0,,-134.0,360.0,75.0,75.0,364.0,94.0,149.0,660.0
514.0,,-205.0,272.0,69.0,25.0,435.0,347.0,242.0,645.0
509.0,,-257.0,169.0,64.0,18.0,333.0,147.0,310.0,627.0
536.0,,-335.0,82.0,66.0,22.0,133.0,441.0,348.0,641.0
552.0,,-405.0,8.0,97.0,-2.0,20.0,36.0,366.0,670.0
532.0,,-418.0,-41.0,139.0,-27.0,23.0,121.0,365.0,675.0
520.0,,-444.0,-58.0,159.0,-69.0,45.0,29.0,340.0,728.0
543.0,,-439.0,-90.0,172.0,-70.0,28.0,-72.0,302.0,784.0
556.0,,-417.0,-100.0,167.0,-102.0,-32.0,195.0,264.0,813.0
534.0,,-407.0,-36.0,142.0,-139.0,-63.0,-53.0,231.0,827.0
522.0,,-378.0,71.0,100.0,-117.0,-55.0,312.0,187.0,808.0
531.0,,-334.0,192.0,34.0,-126.0,-28.0,107.0,148.0,815.0
575.0,,-295.0,311.0,-56.0,-143.0,7.0,125.0,105.0,834.0
600.0,,-248.0,411.0,-137.0,-118.0,28.0,88.0,65.0,841.0
606.0,,-188.0,461.0,-183.0,-108.0,10.0,-181.0,52.0,849.0
655.0,,-132.0,484.0,-171.0,-174.0,-127.0,142.0,35.0,871.0
693.0,,-72.0,477.0,-83.0,-252.0,-316.0,-168.0,7.0,920.0
690.0,,-29.0,393.0,22.0,-213.0,-341.0,168.0,-11.0,949.0
673.0,,27.0,257.0,74.0,-95.0,-183.0,203.0,-35.0,967.0
686.0,,72.0,107.0,56.0,-64.0,-53.0,210.0,-68.0,977.0
690.0,,99.0,-35.0,-4.0,-54.0,-181.0,399.0,-89.0,957.0
643.0,,147.0,-182.0,-81.0,22.0,-405.0,60.0,-106.0,909.0
607.0,,171.0,-318.0,-120.0,35.0,-456.0,339.0,-116.0,806.0
592.0,,191.0,-373.0,-118.0,-7.0,-388.0,51.0,-100.0,681.0
568.0,,227.0,-383.0,-92.0,-19.0,-274.0,201.0,-85.0,534.0
496.0,,238.0,-393.0,-41.0,-28.0,-182.0,234.0,-53.0,359.0
423.0,,242.0,-380.0,18.0,-29.0,-126.0,49.0,11.0,206.0
384.0,,259.0,-359.0,84.0,-31.0,-70.0,319.0,73.0,50.0
321.0,,251.0,-348.0,131.0,-51.0,-10.0,-42.0,135.0,-97.0
243.0,,246.0,-340.0,160.0,-28.0,42.0,273.0,187.0,-203.0
171.0,,258.0,-291.0,176.0,0.0,41.0,205.0,222.0,-254.0
128.0,,264.0,-200.0,173.0,2.0,-35.0,206.0,256.0,-231.0
105.0,,300.0,-121.0,147.0,-14.0,-154.0,317.0,296.0,-178.0
46.0,,319.0,-38.0,97.0,-29.0,-274.0,51.0,322.0,-133.0
1.0,,344.0,39.0,42.0,-6.0,-387.0,389.0,347.0,-50.0
-13.0,,378.0,112.0,0.0,-5.0,-358.0,140.0,362.0,94.0
-31.0,,372.0,187.0,-2.0,-6.0,-215.0,386.0,349.0,265.0
-50.0,,365.0,234.0,35.0,10.0,-139.0,356.0,324.0,473.0
-74.0,,342.0,273.0,87.0,39.0,-79.0,184.0,271.0,677.0
-58.0,,296.0,301.0,148.0,66.0,51.0,378.0,241.0,873.0
-16.0,,256.0,313.0,219.0,46.0,232.0,-11.0,221.0,1063.0
11.0,,219.0,306.0,246.0,45.0,357.0,236.0,166.0,1202.0
23.0,,200.0,331.0,212.0,98.0,324.0,12.0,131.0,1309.0
35.0,,202.0,399.0,132.0,108.0,178.0,129.0,91.0,1360.0
62.0,,218.0,434.0,36.0,43.0,42.0,365.0,40.0,1378.0
69.0,,244.0,425.0,-24.0,43.0,2.0,319.0,-20.0,1354.0
47.0,,281.0,400.0,-55.0,58.0,33.0,770.0,-90.0,1287.0
30.0,,335.0,377.0,-63.0,4.0,29.0,500.0,-136.0,1186.0
38.0,,399.0,344.0,-69.0,-37.0,-77.0,713.0,-179.0,1086.0
33.0,,441.0,304.0,-111.0,-6.0,-172.0,552.0,-207.0,1039.0
13.0,,482.0,285.0,-165.0,75.0,-137.0,412.0,-228.0,983.0
-10.0,,538.0,273.0,-194.0,104.0,-9.0,591.0,-239.0,956.0
-27.0,,585.0,227.0,-201.0,80.0,167.0,319.0,-227.0,969.0
-34.0,,619.0,148.0,-184.0,78.0,293.0,642.0,-230.0,977.0
-77.0,,632.0,90.0,-131.0,95.0,295.0,323.0,-237.0,988.0
-117.0,,651.0,77.0,-54.0,127.0,164.0,373.0,-248.0,1006.0
-132.0,,654.0,70.0,44.0,158.0,63.0,402.0,-249.0,1005.0
-154.0,,620.0,72.0,162.0,104.0,82.0,249.0,-230.0,987.0
-173.0,,573.0,119.0,240.0,70.0,68.0,591.0,-197.0,976.0
-164.0,,515.0,186.0,228.0,66.0,26.0,415.0,-152.0,945.0
-138.0,,436.0,245.0,140.0,20.0,-14.0,774.0,-111.0,912.0
-116.0,,351.0,273.0,15.0,1.0,-56.0,615.0,-90.0,900.0
-69.0,,270.0,298.0,-122.0,-42.0,-34.0,615.0,-91.0,866.0
2.0,,205.0,358.0,-247.0,-64.0,73.0,776.0,-97.0,825.0
53.0,,142.0,405.0,-308.0,-129.0,175.0,509.0,-122.0,789.0
78.0,,51.0,420.0,-307.0,-216.0,236.0,835.0,-171.0,723.0
103.0,,4.0,415.0,-281.0,-214.0,239.0,528.0,-228.0,678.0
129.0,,-56.0,377.0,-237.0,-214.0,223.0,661.0,-287.0,673.0
144.0,,-137.0,321.0,-193.0,-257.0,291.0,657.0,-353.0,689.0
125.0,,-178.0,290.0,-161.0,-353.0,370.0,620.0,-417.0,686.0
107.0,,-247.0,268.0,-128.0,-376.0,359.0,940.0,-479.0,676.0
126.0,,-281.0,231.0,-73.0,-398.0,220.0,655.0,-542.0,696.0
144.0,,-291.0,178.0,6.0,-463.0,49.0,984.0,-577.0,742.0
158.0,,-326.0,106.0,96.0,-550.0,-15.0,752.0,-605.0,848.0
170.0,,-338.0,53.0,185.0,-621.0,34.0,735.0,-620.0,961.0
193.0,,-326.0,13.0,237.0,-592.0,143.0,816.0,-605.0,1055.0
233.0,,-349.0,-39.0,224.0,-597.0,227.0,585.0,-575.0,1115.0
260.0,,-360.0,-98.0,154.0,-599.0,237.0,859.0,-537.0,1133.0
269.0,,-349.0,-134.0,63.0,-635.0,221.0,474.0,-491.0,1074.0
284.0,,-367.0,-110.0,-17.0,-589.0,270.0,691.0,-411.0,948.0
316.0,,-368.0,-32.0,-72.0,-515.0,380.0,702.0,-305.0,802.0
312.0,,-367.0,25.0,-85.0,-591.0,431.0,700.0,-167.0,602.0
271.0,,-370.0,54.0,-73.0,-643.0,318.0,921.0,-12.0,381.0
246.0,,-381.0,107.0,-65.0,-684.0,119.0,550.0,127.0,148.0
226.0,,-382.0,146.0,-97.0,-737.0,10.0,755.0,257.0,-59.0
184.0,,-406.0,137.0,-175.0,-849.0,52.0,450.0,360.0,-229.0
129.0,,-421.0,124.0,-262.0,-887.0,189.0,628.0,432.0,-407.0
108.0,,-407.0,123.0,-323.0,-835.0,298.0,833.0,467.0,-573.0
107.0,,-439.0,100.0,-323.0,-816.0,326.0,722.0,473.0,-690.0
102.0,,-445.0,72.0,-280.0,-867.0,275.0,907.0,448.0,-744.0
108.0,,-432.0,76.0,-222.0,-975.0,184.0,338.0,423.0,-764.0
133.0,,-422.0,62.0,-143.0,-944.0,112.0,476.0,411.0,-740.0
153.0,,-407.0,46.0,-55.0,-922.0,138.0,447.0,394.0,-702.0
152.0,,-380.0,82.0,27.0,-934.0,268.0,556.0,371.0,-670.0
144.0,,-338.0,139.0,93.0,-974.0,377.0,735.0,312.0,-619.0
134.0,,-306.0,203.0,115.0,-1042.0,365.0,424.0,237.0,-561.0
140.0,,-255.0,269.0,72.0,-1001.0,225.0,744.0,141.0,-524.0
162.0,,-200.0,325.0,-1.0,-990.0,98.0,443.0,25.0,-519.0
194.0,,-178.0,380.0,-41.0,-1027.0,33.0,561.0,-61.0,-513.0
234.0,,-153.0,435.0,-48.0,-1030.0,5.0,461.0,-141.0,-520.0
269.0,,-125.0,467.0,-64.0,-1014.0,59.0,254.0,-215.0,-507.0
298.0,,-132.0,470.0,-90.0,-1038.0,144.0,517.0,-275.0,-476.0
304.0,,-111.0,435.0,-110.0,-1043.0,241.0,190.0,-310.0,-451.0
291.0,,-104.0,398.0,-98.0,-1045.0,328.0,500.0,-322.0,-415.0
276.0,,-147.0,367.0,-78.0,-1020.0,373.0,347.0,-316.0,-400.0
270.0,,-181.0,311.0,-104.0,-959.0,347.0,452.0,-301.0,-388.0
268.0,,-222.0,263.0,-172.0,-970.0,217.0,570.0,-286.0,-414.0
241.0,,-282.0,239.0,-280.0,-926.0,64.0,242.0,-257.0,-500.0
207.0,,-356.0,214.0,-365.0,-888.0,-22.0,530.0,-209.0,-627.0
199.0,,-416.0,164.0,-381.0,-936.0,-14.0,277.0,-150.0,-750.0
200.0,,-475.0,96.0,-327.0,-987.0,18.0,572.0,-80.0,-828.0
185.0,,-552.0,55.0,-208.0,-967.0,36.0,535.0,-6.0,-922.0
169.0,,-596.0,33.0,-59.0,-907.0,56.0,400.0,73.0,-1024.0
173.0,,-631.0,2.0,110.0,-913.0,67.0,513.0,146.0,-1088.0
191.0,,-669.0,-20.0,271.0,-907.0,77.0,90.0,192.0,-1116.0
194.0,,-670.0,-29.0,393.0,-847.0,36.0,399.0,231.0,-1134.0
186.0,,-686.0,-16.0,439.0,-740.0,-57.0,258.0,242.0,-1156.0
206.0,,-683.0,32.0,378.0,-670.0,-92.0,474.0,219.0,-1166.0
232.0,,-662.0,99.0,261.0,-683.0,14.0,618.0,182.0,-1163.0
211.0,,-636.0,163.0,149.0,-667.0,104.0,415.0,107.0,-1124.0
184.0,,-609.0,183.0,77.0,-626.0,3.0,611.0,22.0,-1044.0
171.0,,-599.0,149.0,62.0,-605.0,-149.0,171.0,-75.0,-924.0
160.0,,-555.0,127.0,73.0,-578.0,-185.0,395.0,-176.0,-782.0
107.0,,-526.0,128.0,75.0,-574.0,-95.0,284.0,-245.0,-643.0
41.0,,-501.0,123.0,63.0,-548.0,-31.0,264.0,-301.0,-508.0
28.0,,-481.0,130.0,45.0,-481.0,-65.0,454.0,-333.0,-412.0
12.0,,-446.0,133.0,32.0,-494.0,-96.0,153.0,-358.0,-354.0
5.0,,-398.0,118.0,2.0,-523.0,-62.0,419.0,-359.0,-308.0
5.0,,-360.0,62.0,-38.0,-461.0,-3.0,90.0,-346.0,-313.0
1.0,,-289.0,-54.0,-19.0,-371.0,9.0,249.0,-346.0,-345.0
-10.0,,-235.0,-155.0,70.0,-364.0,9.0,258.0,-339.0,-378.0
-46.0,,-188.0,-235.0,191.0,-413.0,-20.0,97.0,-338.0,-390.0
-82.0,,-149.0,-309.0,296.0,-399.0,-113.0,352.0,-347.0,-377.0
-149.0,,-131.0,-375.0,338.0,-337.0,-226.0,16.0,-355.0,-393.0
-239.0,,-105.0,-436.0,316.0,-327.0,-254.0,328.0,-357.0,-390.0
-329.0,,-93.0,-466.0,243.0,-372.0,-171.0,242.0,-356.0,-355.0
-382.0,,-74.0,-470.0,135.0,-363.0,-69.0,328.0,-348.0,-318.0
-432.0,,-58.0,-449.0,19.0,-373.0,-43.0,315.0,-344.0,-265.0
-496.0,,-75.0,-409.0,-97.0,-415.0,-116.0,-99.0,-341.0,-221.0
-528.0,,-65.0,-364.0,-203.0,-392.0,-168.0,181.0,-297.0,-170.0
-559.0,,-74.0,-295.0,-254.0,-330.0,-132.0,-59.0,-236.0,-154.0
-587.0,,-102.0,-231.0,-223.0,-270.0,-12.0,171.0,-171.0,-176.0
-609.0,,-109.0,-169.0,-138.0,-275.0,74.0,94.0,-97.0,-179.0
-625.0,,-119.0,-95.0,-51.0,-210.0,17.0,-49.0,-13.0,-205.0
-623.0,,-106.0,-39.0,23.0,-186.0,-72.0,70.0,77.0,-272.0
-618.0,,-119.0,24.0,96.0,-214.0,-95.0,-230.0,130.0,-329.0
-610.0,,-98.0,141.0,139.0,-170.0,-43.0,197.0,152.0,-366.0
-599.0,,-59.0,278.0,149.0,-214.0,26.0,46.0,149.0,-404.0
-579.0,,-52.0,395.0,131.0,-217.0,45.0,153.0,135.0,-417.0
-549.0,,-13.0,501.0,56.0,-235.0,-16.0,253.0,124.0,-400.0
-530.0,,29.0,594.0,-55.0,-254.0,-101.0,12.0,115.0,-371.0
-524.0,,72.0,640.0,-131.0,-198.0,-115.0,295.0,128.0,-310.0
-511.0,,109.0,640.0,-138.0,-184.0,-66.0,27.0,141.0,-253.0
-482.0,,154.0,604.0,-122.0,-116.0,-18.0,262.0,156.0,-228.0
-463.0,,191.0,531.0,-121.0,-81.0,-34.0,127.0,154.0,-206.0
-459.0,,224.0,439.0,-131.0,-66.0,-118.0,40.0,133.0,-221.0
-427.0,,254.0,365.0,-184.0,-45.0,-172.0,195.0,106.0,-280.0
-377.0,,260.0,311.0,-264.0,-95.0,-116.0,-123.0,45.0,-341.0
-341.0,,259.0,255.0,-312.0,-130.0,-3.0,232.0,-16.0,-395.0
-315.0,,245.0,224.0,-304.0,-168.0,76.0,-16.0,-87.0,-459.0
-295.0,,232.0,228.0,-237.0,-229.0,16.0,53.0,-161.0,-517.0
-265.0,,192.0,255.0,-128.0,-256.0,-168.0,7.0,-228.0,-563.0
-236.0,,165.0,293.0,-3.0,-274.0,-281.0,-221.0,-297.0,-642.0
-211.0,,174.0,315.0,81.0,-258.0,-249.0,116.0,-349.0,-705.0
-190.0,,138.0,330.0,128.0,-208.0,-138.0,-142.0,-377.0,-763.0
-148.0,,114.0,340.0,164.0,-204.0,-64.0,125.0,-369.0,-827.0
-104.0,,118.0,338.0,166.0,-217.0,-49.0,-121.0,-351.0,-864.0
-101.0,,86.0,331.0,136.0,-217.0,-88.0,-142.0,-309.0,-917.0
-113.0,,70.0,306.0,66.0,-160.0,-179.0,101.0,-276.0,-966.0
-121.0,,71.0,273.0,-30.0,-111.0,-190.0,-29.0,-252.0,-999.0
-107.0,,57.0,247.0,-105.0,-85.0,-113.0,371.0,-237.0,-1033.0
-113.0,,44.0,219.0,-155.0,-47.0,-60.0,-7.0,-251.0,-1065.0
-135.0,,24.0,201.0,-194.0,-76.0,-76.0,86.0,-248.0,-1052.0
-128.0,,0.0,210.0,-231.0,-75.0,-137.0,-68.0,-261.0,-1022.0
-96.0,,-43.0,242.0,-272.0,-64.0,-215.0,-219.0,-266.0,-986.0
-84.0,,-87.0,293.0,-317.0,-83.0,-272.0,138.0,-258.0,-901.0
-123.0,,-111.0,328.0,-346.0,-93.0,-255.0,-164.0,-259.0,-816.0
-142.0,,-158.0,346.0,-329.0,-104.0,-215.0,64.0,-237.0,-739.0
-142.0,,-213.0,363.0,-248.0,-86.0,-229.0,-273.0,-206.0,-697.0
-171.0,,-244.0,340.0,-137.0,-103.0,-292.0,-210.0,-179.0,-697.0
-233.0,,-292.0,268.0,-37.0,-108.0,-333.0,-33.0,-139.0,-669.0
-271.0,,-360.0,171.0,36.0,-44.0,-315.0,-199.0,-83.0,-666.0
-236.0,,-391.0,76.0,73.0,3.0,-262.0,142.0,-58.0,-669.0
-206.0,,-413.0,-6.0,96.0,-50.0,-227.0,-205.0,-36.0,-620.0
-205.0,,-437.0,-88.0,134.0,-67.0,-222.0,36.0,-9.0,-538.0
-183.0,,-442.0,-175.0,206.0,30.0,-217.0,-5.0,-8.0,-442.0
-122.0,,-445.0,-249.0,345.0,64.0,-230.0,1.0,-16.0,-369.0
-43.0,,-412.0,-311.0,517.0,54.0,-235.0,206.0,-24.0,-299.0
0.0,,-385.0,-352.0,651.0,36.0,-219.0,-236.0,-37.0,-278.0
44.0,,-357.0,-363.0,730.0,63.0,-215.0,-79.0,-54.0,-304.0
102.0,,-323.0,-364.0,757.0,97.0,-239.0,-439.0,-67.0,-379.0
145.0,,-294.0,-366.0,709.0,64.0,-277.0,-214.0,-90.0,-492.0
177.0,,-260.0,-365.0,576.0,105.0,-294.0,97.0,-113.0,-583.0
179.0,,-256.0,-332.0,371.0,117.0,-264.0,101.0,-122.0,-697.0
203.0,,-228.0,-262.0,136.0,140.0,-224.0,428.0,-148.0,-790.0
251.0,,-211.0,-202.0,-83.0,199.0,-233.0,-33.0,-163.0,-861.0
267.0,,-184.0,-186.0,-252.0,154.0,-265.0,38.0,-157.0,-911.0
275.0,,-136.0,-183.0,-365.0,147.0,-264.0,-254.0,-147.0,-935.0
318.0,,-105.0,-161.0,-424.0,102.0,-169.0,-299.0,-130.0,-944.0
362.0,,-42.0,-146.0,-406.0,35.0,-43.0,-72.0,-116.0,-909.0
367.0,,0.0,-145.0,-337.0,52.0,12.0,-378.0,-108.0,-836.0
365.0,,37.0,-148.0,-277.0,14.0,2.0,-114.0,-97.0,-740.0
341.0,,52.0,-134.0,-254.0,-20.0,-66.0,-424.0,-90.0,-664.0
309.0,,58.0,-113.0,-240.0,-9.0,-159.0,-230.0,-80.0,-606.0
279.0,,79.0,-108.0,-214.0,28.0,-210.0,-166.0,-61.0,-592.0
246.0,,52.0,-82.0,-188.0,78.0,-169.0,-291.0,-40.0,-618.0
218.0,,49.0,-23.0,-156.0,116.0,-67.0,-14.0,-12.0,-658.0
196.0,,59.0,71.0,-142.0,154.0,0.0,-336.0,17.0,-718.0
179.0,,47.0,197.0,-107.0,180.0,-30.0,-96.0,42.0,-781.0
127.0,,36.0,301.0,-12.0,229.0,-100.0,-310.0,64.0,-830.0
91.0,,8.0,380.0,109.0,294.0,-68.0,-354.0,96.0,-872.0
68.0,,-4.0,445.0,230.0,323.0,76.0,-254.0,127.0,-918.0
26.0,,-16.0,492.0,309.0,300.0,190.0,-461.0,141.0,-965.0
-25.0,,-56.0,528.0,350.0,292.0,148.0,-133.0,167.0,-1047.0
-73.0,,-70.0,524.0,386.0,299.0,27.0,-378.0,182.0,-1127.0
-67.0,,-70.0,462.0,405.0,274.0,-5.0,-205.0,175.0,-1192.0
-89.0,,-75.0,346.0,386.0,284.0,28.0,-362.0,176.0,-1232.0
-143.0,,-60.0,176.0,339.0,321.0,54.0,-624.0,172.0,-1221.0
-161.0,,-35.0,-1.0,288.0,347.0,59.0,-524.0,167.0,-1152.0
-149.0,,-1.0,-141.0,266.0,362.0,48.0,-801.0,154.0,-1017.0
-156.0,,37.0,-245.0,256.0,398.0,23.0,-478.0,140.0,-843.0
-198.0,,59.0,-349.0,215.0,438.0,6.0,-692.0,122.0,-638.0
-198.0,,68.0,-441.0,107.0,474.0,60.0,-613.0,102.0,-457.0
-153.0,,90.0,-509.0,-49.0,470.0,141.0,-554.0,60.0,-288.0
-122.0,,88.0,-546.0,-176.0,505.0,178.0,-702.0,-5.0,-164.0
-113.0,,76.0,-537.0,-255.0,608.0,213.0,-373.0,-64.0,-118.0
-60.0,,82.0,-501.0,-291.0,590.0,236.0,-585.0,-156.0,-144.0
13.0,,65.0,-452.0,-254.0,619.0,194.0,-266.0,-249.0,-266.0
50.0,,80.0,-390.0,-153.0,640.0,190.0,-456.0,-325.0,-440.0
68.0,,76.0,-304.0,-23.0,628.0,256.0,-541.0,-383.0,-687.0
89.0,,55.0,-190.0,86.0,702.0,264.0,-495.0,-419.0,-933.0
135.0,,80.0,-72.0,131.0,700.0,201.0,-927.0,-464.0,-1149.0
155.0,,78.0,6.0,99.0,717.0,145.0,-687.0,-513.0,-1330.0
143.0,,66.0,36.0,25.0,747.0,107.0,-1093.0,-569.0,-1422.0
135.0,,61.0,59.0,-42.0,788.0,56.0,-921.0,-615.0,-1467.0
140.0,,55.0,87.0,-70.0,830.0,46.0,-779.0,-666.0,-1459.0
152.0,,46.0,100.0,-40.0,802.0,103.0,-833.0,-710.0,-1377.0
148.0,,34.0,92.0,21.0,742.0,152.0,-476.0,-729.0,-1232.0
122.0,,23.0,55.0,78.0,720.0,121.0,-923.0,-742.0,-1052.0
101.0,,14.0,-11.0,72.0,745.0,46.0,-790.0,-738.0,-814.0
100.0,,41.0,-85.0,-19.0,703.0,23.0,-1073.0,-733.0,-569.0
59.0,,29.0,-162.0,-156.0,719.0,64.0,-1116.0,-706.0,-368.0
-17.0,,19.0,-211.0,-288.0,711.0,93.0,-816.0,-679.0,-155.0
-79.0,,56.0,-197.0,-373.0,676.0,65.0,-903.0,-665.0,3.0
-108.0,,65.0,-146.0,-420.0,663.0,9.0,-378.0,-636.0,112.0
-142.0,,69.0,-60.0,-432.0,618.0,-49.0,-611.0,-599.0,215.0
-200.0,,80.0,46.0,-415.0,665.0,-76.0,-567.0,-553.0,285.0
-232.0,,87.0,141.0,-383.0,671.0,-86.0,-742.0,-510.0,328.0
-245.0,,91.0,217.0,-347.0,702.0,-124.0,-1043.0,-462.0,364.0
-266.0,,105.0,262.0,-340.0,717.0,-138.0,-864.0,-402.0,384.0
-300.0,,110.0,272.0,-339.0,665.0,-71.0,-1201.0,-348.0,344.0
-324.0,,123.0,265.0,-280.0,719.0,0.0,-958.0,-295.0,314.0
-314.0,,147.0,241.0,-176.0,725.0,-43.0,-1130.0,-255.0,285.0
-321.0,,152.0,208.0,-48.0,703.0,-171.0,-1040.0,-212.0,203.0
-341.0,,158.0,207.0,92.0,694.0,-236.0,-949.0,-151.0,130.0
-340.0,,171.0,201.0,232.0,672.0,-194.0,-1213.0,-100.0,62.0
-359.0,,183.0,172.0,344.0,627.0,-138.0,-933.0,-62.0,-1.0
-389.0,,201.0,145.0,385.0,559.0,-142.0,-1193.0,-34.0,-52.0
-421.0,,209.0,114.0,375.0,538.0,-211.0,-837.0,-28.0,-109.0
-455.0,,202.0,70.0,343.0,475.0,-282.0,-796.0,-30.0,-156.0
-488.0,,204.0,14.0,290.0,467.0,-325.0,-801.0,-55.0,-174.0
-525.0,,181.0,-5.0,219.0,508.0,-350.0,-665.0,-95.0,-219.0
-547.0,,165.0,18.0,132.0,508.0,-351.0,-1225.0,-144.0,-288.0
-554.0,,140.0,39.0,57.0,523.0,-315.0,-1084.0,-210.0,-338.0
-546.0,,125.0,81.0,9.0,472.0,-224.0,-1358.0,-256.0,-401.0
-518.0,,142.0,169.0,-35.0,477.0,-91.0,-1212.0,-288.0,-456.0
-475.0,,141.0,290.0,-91.0,482.0,4.0,-1014.0,-312.0,-497.0
-434.0,,167.0,453.0,-133.0,379.0,-50.0,-1112.0,-330.0,-502.0
-373.0,,197.0,622.0,-139.0,344.0,-211.0,-746.0,-339.0,-474.0
-278.0,,227.0,732.0,-113.0,336.0,-293.0,-1008.0,-333.0,-400.0
-211.0,,259.0,812.0,-66.0,321.0,-238.0,-785.0,-321.0,-281.0
-161.0,,303.0,875.0,8.0,310.0,-172.0,-947.0,-298.0,-142.0
-86.0,,351.0,880.0,104.0,281.0,-197.0,-1027.0,-296.0,26.0
0.0,,386.0,825.0,192.0,244.0,-258.0,-842.0,-302.0,187.0
82.0,,423.0,758.0,254.0,225.0,-267.0,-1018.0,-293.0,355.0
133.0,,455.0,707.0,260.0,175.0,-211.0,-593.0,-293.0,519.0
175.0,,477.0,621.0,222.0,102.0,-202.0,-805.0,-300.0,636.0
233.0,,483.0,527.0,169.0,79.0,-282.0,-641.0,-309.0,688.0
277.0,,486.0,479.0,111.0,55.0,-311.0,-668.0,-302.0,673.0
296.0,,495.0,429.0,67.0,100.0,-193.0,-859.0,-286.0,610.0
321.0,,476.0,348.0,45.0,142.0,-33.0,-569.0,-295.0,512.0
374.0,,470.0,283.0,54.0,66.0,-17.0,-934.0,-308.0,404.0
434.0,,459.0,266.0,98.0,-5.0,-147.0,-674.0,-338.0,304.0
466.0,,430.0,235.0,169.0,13.0,-248.0,-842.0,-367.0,228.0
485.0,,438.0,169.0,240.0,-14.0,-199.0,-829.0,-395.0,160.0
511.0,,425.0,115.0,267.0,-147.0,-151.0,-618.0,-433.0,121.0
514.0,,412.0,69.0,222.0,-165.0,-231.0,-881.0,-457.0,102.0
486.0,,428.0,12.0,101.0,-141.0,-274.0,-550.0,-470.0,66.0
456.0,,432.0,-32.0,-90.0,-177.0,-210.0,-890.0,-459.0,34.0
437.0,,454.0,-41.0,-281.0,-196.0,-167.0,-855.0,-452.0,-41.0
421.0,,472.0,-30.0,-410.0,-196.0,-181.0,-944.0,-443.0,-169.0
422.0,,472.0,-25.0,-477.0,-186.0,-185.0,-1062.0,-423.0,-335.0
427.0,,491.0,3.0,-479.0,-219.0,-144.0,-661.0,-407.0,-530.0
434.0,,511.0,55.0,-419.0,-270.0,-76.0,-881.0,-377.0,-692.0
450.0,,511.0,111.0,-317.0,-334.0,-42.0,-607.0,-338.0,-831.0
486.0,,522.0,172.0,-177.0,-354.0,-84.0,-798.0,-287.0,-925.0
519.0,,523.0,239.0,-10.0,-330.0,-95.0,-788.0,-240.0,-966.0
523.0,,530.0,286.0,151.0,-397.0,20.0,-650.0,-184.0,-967.0
521.0,,534.0,285.0,297.0,-430.0,163.0,-857.0,-133.0,-903.0
505.0,,510.0,297.0,407.0,-419.0,186.0,-559.0,-87.0,-783.0
483.0,,503.0,301.0,464.0,-387.0,79.0,-837.0,-40.0,-613.0
451.0,,480.0,265.0,467.0,-363.0,42.0,-561.0,-20.0,-419.0
408.0,,435.0,228.0,443.0,-404.0,101.0,-580.0,4.0,-189.0
357.0,,399.0,160.0,421.0,-326.0,95.0,-691.0,28.0,36.0
316.0,,343.0,63.0,378.0,-270.0,76.0,-563.0,51.0,234.0
292.0,,289.0,-28.0,318.0,-299.0,112.0,-1016.0,80.0,411.0
257.0,,240.0,-90.0,260.0,-302.0,186.0,-676.0,98.0,522.0
226.0,,164.0,-143.0,221.0,-297.0,222.0,-742.0,118.0,606.0
195.0,,114.0,-221.0,189.0,-272.0,144.0,-415.0,126.0,653.0
178.0,,63.0,-290.0,135.0,-304.0,38.0,-120.0,111.0,627.0
172.0,,-3.0,-360.0,51.0,-337.0,50.0,-258.0,105.0,589.0
145.0,,-42.0,-421.0,-58.0,-308.0,229.0,-7.0,104.0,554.0
108.0,,-64.0,-429.0,-179.0,-281.0,364.0,-480.0,121.0,514.0
103.0,,-80.0,-404.0,-311.0,-343.0,283.0,-382.0,132.0,482.0
122.0,,-94.0,-355.0,-437.0,-392.0,104.0,-582.0,130.0,430.0
110.0,,-83.0,-274.0,-531.0,-367.0,-1.0,-648.0,152.0,356.0
96.0,,-68.0,-139.0,-580.0,-354.0,-35.0,-441.0,173.0,264.0
114.0,,-58.0,9.0,-587.0,-308.0,-151.0,-652.0,191.0,153.0
133.0,,-29.0,119.0,-540.0,-273.0,-250.0,-267.0,195.0,35.0
121.0,,-6.0,204.0,-447.0,-250.0,-93.0,-526.0,187.0,-83.0
110.0,,22.0,239.0,-359.0,-236.0,250.0,-400.0,148.0,-190.0
116.0,,72.0,255.0,-293.0,-261.0,459.0,-395.0,81.0,-294.0
114.0,,126.0,244.0,-254.0,-256.0,341.0,-497.0,23.0,-336.0
100.0,,163.0,194.0,-210.0,-268.0,99.0,-169.0,-55.0,-346.0
60.0,,209.0,159.0,-153.0,-292.0,-2.0,-413.0,-124.0,-333.0
16.0,,249.0,114.0,-74.0,-298.0,84.0,-88.0,-192.0,-288.0
-8.0,,253.0,67.0,44.0,-342.0,259.0,-312.0,-243.0,-270.0
-46.0,,278.0,33.0,148.0,-369.0,353.0,-380.0,-240.0,-196.0
-97.0,,292.0,19.0,216.0,-307.0,302.0,-356.0,-221.0,-102.0
-146.0,,288.0,38.0,223.0,-239.0,210.0,-707.0,-191.0,-20.0
-181.0,,303.0,34.0,182.0,-231.0,162.0,-421.0,-169.0,87.0
-228.0,,300.0,8.0,109.0,-184.0,76.0,-692.0,-146.0,160.0
-303.0,,281.0,-15.0,4.0,-133.0,22.0,-467.0,-114.0,187.0
-352.0,,266.0,-26.0,-85.0,-149.0,98.0,-543.0,-112.0,196.0
-380.0,,230.0,12.0,-160.0,-198.0,172.0,-703.0,-135.0,172.0
-410.0,,209.0,75.0,-202.0,-195.0,121.0,-384.0,-170.0,134.0
-442.0,,203.0,114.0,-214.0,-100.0,-71.0,-604.0,-209.0,76.0
-469.0,,188.0,168.0,-224.0,-54.0,-162.0,-181.0,-254.0,4.0
-473.0,,184.0,266.0,-224.0,-138.0,0.0,-279.0,-321.0,-67.0
-481.0,,171.0,351.0,-216.0,-175.0,107.0,-199.0,-371.0,-183.0
-497.0,,183.0,439.0,-180.0,-107.0,-49.0,-68.0,-409.0,-295.0
-504.0,,194.0,533.0,-131.0,-143.0,-134.0,-319.0,-446.0,-413.0
-501.0,,191.0,580.0,-81.0,-202.0,49.0,-42.0,-462.0,-548.0
-497.0,,201.0,595.0,-35.0,-166.0,228.0,-352.0,-459.0,-650.0
-490.0,,187.0,582.0,-18.0,-122.0,196.0,-184.0,-429.0,-713.0
-465.0,,183.0,537.0,-8.0,-123.0,-34.0,-251.0,-384.0,-710.0
-438.0,,150.0,480.0,11.0,-203.0,-241.0,-306.0,-318.0,-656.0
-397.0,,125.0,435.0,69.0,-265.0,-300.0,-96.0,-242.0,-569.0
-371.0,,140.0,411.0,171.0,-270.0,-273.0,-400.0,-158.0,-460.0
-332.0,,142.0,420.0,263.0,-272.0,-164.0,-145.0,-73.0,-312.0
-244.0,,158.0,414.0,326.0,-325.0,57.0,-380.0,-20.0,-133.0
-183.0,,174.0,373.0,355.0,-370.0,289.0,-181.0,16.0,36.0
-176.0,,206.0,342.0,355.0,-354.0,334.0,1.0,37.0,193.0
-182.0,,240.0,299.0,303.0,-356.0,155.0,-90.0,47.0,368.0
-148.0,,253.0,253.0,174.0,-396.0,-91.0,186.0,46.0,525.0
-124.0,,280.0,213.0,9.0,-415.0,-183.0,-206.0,37.0,643.0
-175.0,,321.0,194.0,-138.0,-434.0,-98.0,0.0,29.0,755.0
-216.0,,350.0,202.0,-220.0,-499.0,30.0,-160.0,24.0,823.0
-211.0,,357.0,166.0,-215.0,-550.0,74.0,-177.0,19.0,911.0
-208.0,,371.0,107.0,-159.0,-600.0,73.0,-38.0,19.0,1013.0
-243.0,,370.0,69.0,-117.0,-598.0,102.0,-347.0,36.0,1118.0
-300.0,,353.0,52.0,-112.0,-606.0,122.0,33.0,56.0,1266.0
-314.0,,354.0,51.0,-129.0,-699.0,194.0,-258.0,81.0,1417.0
-300.0,,302.0,58.0,-167.0,-705.0,230.0,-103.0,115.0,1556.0
-304.0,,257.0,89.0,-190.0,-671.0,91.0,-147.0,158.0,1665.0
-327.0,,246.0,127.0,-184.0,-665.0,-99.0,-347.0,187.0,1728.0
-335.0,,187.0,159.0,-149.0,-679.0,-157.0,31.0,194.0,1732.0
-300.0,,142.0,197.0,-98.0,-718.0,42.0,-245.0,186.0,1665.0
-279.0,,97.0,205.0,-28.0,-701.0,325.0,92.0,153.0,1500.0
-269.0,,55.0,172.0,51.0,-702.0,379.0,-75.0,120.0,1273.0
-236.0,,18.0,108.0,122.0,-776.0,141.0,-169.0,100.0,1021.0
-170.0,,-43.0,19.0,206.0,-799.0,-205.0,-129.0,65.0,718.0
-94.0,,-66.0,-79.0,279.0,-760.0,-353.0,-445.0,26.0,422.0
-52.0,,-83.0,-163.0,316.0,-778.0,-146.0,-59.0,4.0,164.0
18.0,,-116.0,-221.0,322.0,-863.0,98.0,-290.0,-35.0,-50.0
111.0,,-141.0,-252.0,311.0,-903.0,26.0,-88.0,-80.0,-186.0
158.0,,-154.0,-280.0,291.0,-806.0,-189.0,-86.0,-108.0,-260.0
173.0,,-154.0,-287.0,278.0,-726.0,-210.0,-245.0,-147.0,-275.0
198.0,,-160.0,-255.0,259.0,-782.0,34.0,-57.0,-195.0,-234.0
234.0,,-172.0,-252.0,205.0,-819.0,210.0,-402.0,-238.0,-182.0
226.0,,-156.0,-287.0,125.0,-751.0,61.0,-136.0,-262.0,-120.0
190.0,,-150.0,-307.0,56.0,-645.0,-157.0,-251.0,-261.0,-52.0
182.0,,-161.0,-296.0,32.0,-672.0,-131.0,-110.0,-230.0,17.0
222.0,,-139.0,-272.0,32.0,-783.0,63.0,29.0,-178.0,58.0
257.0,,-136.0,-255.0,37.0,-778.0,72.0,-123.0,-103.0,76.0
251.0,,-106.0,-213.0,28.0,-667.0,-88.0,182.0,-22.0,81.0
244.0,,-75.0,-148.0,-20.0,-636.0,-183.0,-44.0,60.0,84.0
264.0,,-85.0,-87.0,-101.0,-692.0,-126.0,120.0,127.0,102.0
273.0,,-61.0,-23.0,-197.0,-656.0,-12.0,-83.0,166.0,114.0
237.0,,-34.0,37.0,-280.0,-603.0,-52.0,-225.0,202.0,143.0
193.0,,-23.0,110.0,-347.0,-600.0,-188.0,-158.0,218.0,193.0
179.0,,-17.0,200.0,-378.0,-606.0,-262.0,-395.0,228.0,251.0
200.0,,11.0,283.0,-347.0,-571.0,-205.0,-73.0,251.0,291.0
180.0,,40.0,348.0,-280.0,-493.0,-119.0,-256.0,264.0,305.0
119.0,,65.0,367.0,-203.0,-503.0,-155.0,-44.0,290.0,269.0
107.0,,94.0,356.0,-130.0,-536.0,-203.0,-9.0,326.0,191.0
97.0,,109.0,342.0,-76.0,-512.0,-115.0,-153.0,348.0,112.0
46.0,,141.0,322.0,-48.0,-479.0,-51.0,44.0,353.0,-13.0
-1.0,,155.0,293.0,-31.0,-424.0,-282.0,-295.0,357.0,-139.0
-22.0,,170.0,249.0,-15.0,-379.0,-619.0,-75.0,331.0,-239.0
-28.0,,171.0,211.0,0.0,-351.0,-565.0,-197.0,277.0,-342.0
-42.0,,161.0,193.0,4.0,-293.0,-158.0,-90.0,225.0,-406.0
-51.0,,150.0,162.0,-6.0,-275.0,67.0,60.0,160.0,-415.0
-27.0,,98.0,111.0,-26.0,-308.0,-102.0,-205.0,95.0,-365.0
1.0,,65.0,84.0,-34.0,-298.0,-381.0,18.0,47.0,-245.0
1.0,,31.0,62.0,-14.0,-254.0,-395.0,-304.0,23.0,-92.0
-31.0,,-20.0,32.0,9.0,-302.0,-139.0,-171.0,32.0,97.0
-50.0,,-56.0,3.0,30.0,-369.0,102.0,-275.0,57.0,299.0
-41.0,,-110.0,-24.0,57.0,-340.0,84.0,-391.0,89.0,474.0
-47.0,,-148.0,-31.0,73.0,-282.0,-226.0,-131.0,118.0,608.0
-85.0,,-168.0,-58.0,80.0,-259.0,-564.0,-378.0,138.0,682.0
-114.0,,-220.0,-108.0,92.0,-321.0,-689.0,-60.0,159.0,709.0
-102.0,,-233.0,-139.0,102.0,-361.0,-546.0,-295.0,181.0,669.0
-109.0,,-232.0,-154.0,120.0,-313.0,-217.0,-271.0,213.0,596.0
-147.0,,-253.0,-141.0,148.0,-290.0,53.0,-145.0,264.0,501.0
-189.0,,-225.0,-102.0,154.0,-311.0,-20.0,-295.0,322.0,374.0
-219.0,,-193.0,-73.0,118.0,-348.0,-433.0,55.0,380.0,257.0
-234.0,,-134.0,-72.0,57.0,-365.0,-781.0,-210.0,432.0,128.0
-251.0,,-66.0,-73.0,-3.0,-325.0,-696.0,29.0,460.0,7.0
-289.0,,-31.0,-54.0,-59.0,-303.0,-266.0,-99.0,467.0,-62.0
-322.0,,19.0,-45.0,-101.0,-345.0,46.0,-201.0,474.0,-94.0
-332.0,,75.0,-33.0,-116.0,-379.0,-6.0,24.0,471.0,-78.0
-357.0,,111.0,-18.0,-120.0,-406.0,-260.0,-301.0,477.0,-26.0
-378.0,,137.0,-7.0,-122.0,-429.0,-476.0,27.0,484.0,38.0
-406.0,,190.0,48.0,-112.0,-449.0,-509.0,-223.0,469.0,130.0
-456.0,,195.0,128.0,-109.0,-491.0,-351.0,-107.0,434.0,228.0
-474.0,,200.0,190.0,-131.0,-503.0,-194.0,-55.0,377.0,300.0
-470.0,,210.0,232.0,-175.0,-504.0,-216.0,-288.0,311.0,329.0
-462.0,,170.0,256.0,-243.0,-536.0,-388.0,77.0,254.0,322.0
-451.0,,170.0,252.0,-318.0,-531.0,-532.0,-216.0,201.0,292.0
-464.0,,132.0,242.0,-382.0,-513.0,-409.0,31.0,172.0,239.0
-472.0,,63.0,233.0,-412.0,-573.0,-64.0,-181.0,148.0,197.0
-436.0,,36.0,175.0,-376.0,-633.0,154.0,-212.0,113.0,173.0
-406.0,,-17.0,84.0,-287.0,-608.0,-20.0,33.0,79.0,197.0
-411.0,,-70.0,-32.0,-183.0,-613.0,-406.0,-229.0,23.0,252.0
-396.0,,-125.0,-156.0,-111.0,-685.0,-587.0,153.0,-38.0,316.0
-315.0,,-186.0,-256.0,-78.0,-696.0,-475.0,-153.0,-97.0,440.0
-248.0,,-221.0,-360.0,-62.0,-650.0,-187.0,12.0,-161.0,558.0
-232.0,,-275.0,-444.0,-54.0,-646.0,35.0,-1.0,-229.0,662.0
-191.0,,-316.0,-483.0,-48.0,-675.0,-56.0,-164.0,-294.0,759.0
-116.0,,-314.0,-469.0,-65.0,-665.0,-342.0,125.0,-349.0,804.0
-60.0,,-331.0,-418.0,-102.0,-609.0,-534.0,-199.0,-420.0,846.0
-46.0,,-337.0,-347.0,-115.0,-550.0,-479.0,84.0,-473.0,859.0
-12.0,,-315.0,-245.0,-91.0,-560.0,-254.0,-153.0,-502.0,819.0
61.0,,-318.0,-134.0,-35.0,-594.0,-119.0,-66.0,-527.0,761.0
103.0,,-298.0,-8.0,23.0,-551.0,-131.0,75.0,-529.0,655.0
106.0,,-293.0,101.0,66.0,-509.0,-247.0,-142.0,-521.0,491.0
119.0,,-303.0,180.0,84.0,-574.0,-374.0,194.0,-508.0,314.0
168.0,,-289.0,249.0,65.0,-624.0,-322.0,-118.0,-486.0,94.0
214.0,,-308.0,272.0,22.0,-581.0,-110.0,118.0,-452.0,-156.0
229.0,,-306.0,263.0,-48.0,-543.0,65.0,36.0,-411.0,-379.0
243.0,,-310.0,273.0,-136.0,-534.0,-51.0,-77.0,-380.0,-564.0
272.0,,-325.0,290.0,-210.0,-563.0,-347.0,153.0,-337.0,-713.0
302.0,,-305.0,314.0,-234.0,-525.0,-516.0,-112.0,-272.0,-798.0
273.0,,-308.0,336.0,-194.0,-434.0,-490.0,206.0,-205.0,-829.0
221.0,,-297.0,337.0,-110.0,-446.0,-295.0,-18.0,-121.0,-815.0
188.0,,-280.0,311.0,-5.0,-527.0,-118.0,35.0,-27.0,-743.0
151.0,,-272.0,287.0,85.0,-511.0,-125.0,38.0,57.0,-641.0
96.0,,-255.0,274.0,160.0,-379.0,-291.0,-214.0,150.0,-538.0
1.0,,-260.0,208.0,223.0,-348.0,-493.0,75.0,222.0,-459.0
-58.0,,-282.0,125.0,288.0,-398.0,-580.0,-221.0,286.0,-396.0
-90.0,,-295.0,49.0,341.0,-403.0,-447.0,36.0,339.0,-359.0
-149.0,,-317.0,4.0,350.0,-350.0,-172.0,-72.0,350.0,-326.0
-216.0,,-361.0,10.0,342.0,-332.0,5.0,-127.0,349.0,-303.0
-256.0,,-395.0,22.0,333.0,-379.0,-102.0,81.0,340.0,-320.0
-237.0,,-424.0,76.0,333.0,-373.0,-426.0,-197.0,321.0,-355.0
-222.0,,-464.0,138.0,329.0,-348.0,-669.0,168.0,285.0,-412.0
-231.0,,-492.0,177.0,296.0,-325.0,-627.0,-33.0,249.0,-493.0
-229.0,,-521.0,223.0,236.0,-362.0,-430.0,145.0,235.0,-609.0
-201.0,,-548.0,262.0,157.0,-379.0,-364.0,205.0,232.0,-754.0
-159.0,,-558.0,266.0,80.0,-297.0,-411.0,5.0,238.0,-921.0
-144.0,,-576.0,292.0,-1.0,-253.0,-406.0,203.0,259.0,-1108.0
-146.0,,-577.0,352.0,-89.0,-242.0,-373.0,-181.0,290.0,-1284.0
-121.0,,-568.0,378.0,-169.0,-235.0,-357.0,105.0,322.0,-1406.0
-83.0,,-577.0,380.0,-231.0,-216.0,-395.0,5.0,373.0,-1479.0
-64.0,,-579.0,362.0,-251.0,-199.0,-467.0,7.0,433.0,-1490.0
-39.0,,-588.0,363.0,-222.0,-206.0,-482.0,109.0,492.0,-1450.0
-15.0,,-618.0,412.0,-161.0,-244.0,-426.0,-240.0,549.0,-1367.0
4.0,,-627.0,470.0,-107.0,-204.0,-367.0,-20.0,606.0,-1230.0
1.0,,-641.0,499.0,-88.0,-104.0,-392.0,-323.0,652.0,-1073.0
-27.0,,-673.0,492.0,-92.0,-143.0,-448.0,-60.0,700.0,-883.0
-36.0,,-652.0,474.0,-112.0,-189.0,-480.0,16.0,761.0,-703.0
-59.0,,-641.0,421.0,-142.0,-122.0,-490.0,-35.0,811.0,-576.0
-96.0,,-629.0,325.0,-170.0,-64.0,-483.0,269.0,860.0,-476.0
-137.0,,-600.0,231.0,-176.0,-134.0,-473.0,-109.0,909.0,-389.0
-157.0,,-574.0,173.0,-131.0,-196.0,-461.0,77.0,934.0,-336.0
-151.0,,-542.0,142.0,-28.0,-179.0,-475.0,-203.0,944.0,-303.0
-172.0,,-544.0,124.0,116.0,-152.0,-466.0,-168.0,949.0,-274.0
-236.0,,-517.0,121.0,283.0,-137.0,-366.0,33.0,941.0,-256.0
-282.0,,-504.0,124.0,421.0,-159.0,-232.0,-158.0,904.0,-205.0
-298.0,,-486.0,127.0,501.0,-68.0,-169.0,88.0,840.0,-165.0
-357.0,,-460.0,131.0,499.0,-8.0,-186.0,-308.0,765.0,-133.0
-435.0,,-459.0,150.0,429.0,-72.0,-241.0,-153.0,684.0,-96.0
-478.0,,-402.0,159.0,334.0,-128.0,-361.0,-243.0,606.0,-70.0
-493.0,,-385.0,143.0,221.0,-114.0,-438.0,-251.0,535.0,-45.0
-512.0,,-387.0,115.0,104.0,-22.0,-366.0,55.0,455.0,-56.0
-534.0,,-332.0,78.0,6.0,-24.0,-204.0,-210.0,372.0,-58.0
-526.0,,-320.0,66.0,-69.0,-91.0,-36.0,140.0,292.0,-71.0
-494.0,,-327.0,96.0,-112.0,-93.0,0.0,-105.0,208.0,-93.0
-475.0,,-314.0,137.0,-131.0,-43.0,-84.0,-64.0,119.0,-89.0
-462.0,,-336.0,179.0,-156.0,-60.0,-166.0,-24.0,20.0,-93.0
-414.0,,-337.0,207.0,-164.0,-85.0,-230.0,-194.0,-76.0,-117.0
-371.0,,-339.0,228.0,-157.0,-16.0,-227.0,131.0,-146.0,-150.0
-346.0,,-360.0,273.0,-147.0,59.0,-146.0,-184.0,-201.0,-205.0
-329.0,,-341.0,325.0,-142.0,56.0,-96.0,27.0,-245.0,-283.0
-312.0,,-330.0,370.0,-155.0,25.0,-150.0,-206.0,-248.0,-324.0
-259.0,,-307.0,406.0,-159.0,86.0,-235.0,-323.0,-224.0,-360.0
-232.0,,-266.0,412.0,-138.0,110.0,-302.0,-129.0,-197.0,-388.0
-242.0,,-242.0,392.0,-106.0,73.0,-281.0,-365.0,-151.0,-369.0
-226.0,,-204.0,375.0,-83.0,54.0,-171.0,107.0,-95.0,-319.0
-190.0,,-164.0,374.0,-57.0,124.0,-112.0,-33.0,-33.0,-220.0
-176.0,,-139.0,353.0,-46.0,202.0,-103.0,105.0,29.0,-88.0
-193.0,,-90.0,301.0,-52.0,139.0,-215.0,25.0,88.0,36.0
-198.0,,-23.0,249.0,-66.0,79.0,-491.0,-234.0,142.0,137.0
-171.0,,26.0,172.0,-103.0,93.0,-723.0,59.0,171.0,217.0
-141.0,,85.0,76.0,-154.0,143.0,-687.0,-179.0,194.0,245.0
-142.0,,138.0,-5.0,-183.0,139.0,-295.0,173.0,202.0,217.0
-182.0,,188.0,-65.0,-152.0,122.0,49.0,1.0,181.0,127.0
-204.0,,230.0,-100.0,-78.0,153.0,-90.0,-70.0,156.0,-11.0
-173.0,,225.0,-117.0,26.0,209.0,-519.0,9.0,111.0,-129.0
-176.0,,240.0,-102.0,140.0,223.0,-756.0,-251.0,62.0,-233.0
-220.0,,256.0,-90.0,217.0,168.0,-631.0,110.0,21.0,-318.0
-221.0,,232.0,-104.0,231.0,183.0,-439.0,-195.0,-24.0,-350.0
-184.0,,225.0,-83.0,203.0,232.0,-360.0,-81.0,-72.0,-376.0
-154.0,,206.0,-26.0,188.0,252.0,-338.0,-129.0,-117.0,-372.0
-163.0,,171.0,17.0,171.0,235.0,-369.0,-210.0,-151.0,-328.0
-166.0,,150.0,46.0,119.0,223.0,-389.0,134.0,-180.0,-274.0
-155.0,,102.0,57.0,39.0,248.0,-365.0,-131.0,-179.0,-182.0
-171.0,,61.0,72.0,-67.0,251.0,-319.0,125.0,-157.0,-119.0
-200.0,,41.0,112.0,-183.0,220.0,-262.0,-127.0,-120.0,-49.0
-217.0,,1.0,138.0,-276.0,196.0,-302.0,-142.0,-56.0,28.0
-215.0,,-37.0,159.0,-337.0,237.0,-484.0,-7.0,2.0,58.0
-229.0,,-83.0,181.0,-360.0,241.0,-599.0,-147.0,78.0,75.0
-247.0,,-120.0,195.0,-343.0,191.0,-450.0,286.0,151.0,61.0
-251.0,,-148.0,183.0,-300.0,217.0,-63.0,60.0,204.0,46.0
-239.0,,-186.0,172.0,-235.0,248.0,208.0,218.0,251.0,12.0
-224.0,,-216.0,184.0,-151.0,175.0,10.0,38.0,262.0,-46.0
-254.0,,-228.0,220.0,-54.0,91.0,-500.0,-112.0,263.0,-101.0
-285.0,,-247.0,293.0,33.0,105.0,-844.0,136.0,250.0,-176.0
-269.0,,-259.0,358.0,88.0,160.0,-627.0,-169.0,221.0,-253.0
-261.0,,-266.0,425.0,103.0,154.0,-79.0,94.0,198.0,-328.0
-290.0,,-264.0,515.0,84.0,107.0,168.0,-121.0,164.0,-390.0
-315.0,,-254.0,606.0,34.0,83.0,-43.0,79.0,132.0,-421.0
-299.0,,-282.0,716.0,-63.0,105.0,-422.0,254.0,104.0,-416.0
-273.0,,-280.0,830.0,-169.0,114.0,-543.0,107.0,77.0,-382.0
-283.0,,-286.0,916.0,-217.0,58.0,-347.0,452.0,60.0,-330.0
-282.0,,-315.0,957.0,-215.0,44.0,-182.0,107.0,61.0,-283.0
-239.0,,-310.0,979.0,-178.0,50.0,-204.0,303.0,67.0,-228.0
-179.0,,-324.0,969.0,-107.0,32.0,-324.0,147.0,60.0,-152.0
-131.0,,-309.0,920.0,-32.0,-18.0,-437.0,64.0,53.0,-81.0
-96.0,,-286.0,837.0,36.0,-110.0,-517.0,229.0,64.0,-12.0
-27.0,,-273.0,721.0,95.0,-83.0,-508.0,-66.0,90.0,57.0
41.0,,-231.0,575.0,112.0,-54.0,-352.0,238.0,96.0,131.0
48.0,,-184.0,419.0,78.0,-143.0,-209.0,-36.0,103.0,198.0
18.0,,-122.0,271.0,5.0,-197.0,-296.0,120.0,113.0,291.0
19.0,,-83.0,87.0,-72.0,-162.0,-511.0,145.0,118.0,405.0
0.0,,-39.0,-93.0,-135.0,-118.0,-582.0,-75.0,116.0,479.0
-82.0,,9.0,-228.0,-173.0,-186.0,-440.0,109.0,101.0,530.0
-173.0,,25.0,-310.0,-172.0,-267.0,-237.0,-273.0,98.0,547.0
-249.0,,36.0,-346.0,-127.0,-217.0,-233.0,9.0,97.0,527.0
-307.0,,26.0,-354.0,-74.0,-165.0,-498.0,-64.0,100.0,467.0
-405.0,,29.0,-314.0,-37.0,-205.0,-746.0,3.0,102.0,394.0
-505.0,,26.0,-238.0,10.0,-269.0,-702.0,162.0,95.0,335.0
-566.0,,0.0,-120.0,60.0,-265.0,-441.0,-151.0,87.0,259.0
-613.0,,-4.0,4.0,123.0,-227.0,-302.0,70.0,71.0,216.0
-674.0,,-18.0,134.0,204.0,-262.0,-369.0,-221.0,58.0,160.0
-734.0,,-37.0,246.0,270.0,-327.0,-464.0,1.0,58.0,104.0
-736.0,,-58.0,294.0,298.0,-303.0,-461.0,-38.0,60.0,79.0
-723.0,,-75.0,328.0,271.0,-246.0,-392.0,-245.0,76.0,16.0
-733.0,,-67.0,370.0,196.0,-262.0,-454.0,-42.0,109.0,-14.0
-742.0,,-82.0,402.0,107.0,-266.0,-591.0,-347.0,159.0,-35.0
-709.0,,-99.0,434.0,40.0,-237.0,-618.0,5.0,221.0,-16.0
-642.0,,-98.0,470.0,7.0,-173.0,-559.0,-153.0,263.0,35.0
-579.0,,-97.0,465.0,5.0,-183.0,-500.0,-103.0,292.0,74.0
-538.0,,-82.0,435.0,27.0,-287.0,-542.0,33.0,312.0,142.0
-469.0,,-83.0,437.0,64.0,-267.0,-591.0,-149.0,306.0,214.0
-364.0,,-73.0,450.0,89.0,-185.0,-560.0,201.0,269.0,302.0
-291.0,,-49.0,462.0,76.0,-147.0,-566.0,-68.0,213.0,364.0
-247.0,,-29.0,466.0,37.0,-219.0,-645.0,142.0,157.0,403.0
-190.0,,-12.0,438.0,-13.0,-246.0,-746.0,-24.0,107.0,416.0
-115.0,,-5.0,414.0,-72.0,-108.0,-699.0,-153.0,78.0,397.0
-88.0,,25.0,409.0,-119.0,-72.0,-534.0,9.0,57.0,357.0
-99.0,,28.0,432.0,-144.0,-114.0,-416.0,-339.0,52.0,297.0
-93.0,,25.0,478.0,-149.0,-81.0,-450.0,22.0,66.0,242.0
-67.0,,29.0,522.0,-119.0,6.0,-643.0,-186.0,80.0,185.0
-41.0,,21.0,594.0,-64.0,-1.0,-780.0,-92.0,96.0,142.0
-43.0,,37.0,653.0,19.0,-77.0,-754.0,-51.0,121.0,105.0
-34.0,,30.0,681.0,113.0,1.0,-583.0,-273.0,166.0,88.0
6.0,,20.0,688.0,156.0,79.0,-425.0,-20.0,210.0,74.0
71.0,,26.0,681.0,157.0,70.0,-479.0,-321.0,252.0,55.0
102.0,,38.0,677.0,121.0,42.0,-714.0,-11.0,296.0,35.0
95.0,,28.0,673.0,69.0,39.0,-920.0,-88.0,333.0,29.0
124.0,,29.0,666.0,36.0,114.0,-894.0,-14.0,348.0,27.0
174.0,,49.0,616.0,31.0,152.0,-702.0,177.0,340.0,16.0
188.0,,35.0,552.0,76.0,154.0,-490.0,-184.0,304.0,25.0
137.0,,48.0,491.0,134.0,186.0,-358.0,48.0,249.0,56.0
99.0,,49.0,429.0,160.0,290.0,-391.0,-315.0,174.0,116.0
99.0,,29.0,401.0,134.0,361.0,-541.0,-162.0,87.0,213.0
74.0,,28.0,376.0,51.0,332.0,-619.0,-62.0,22.0,352.0
36.0,,21.0,342.0,-58.0,330.0,-517.0,-86.0,-35.0,517.0
23.0,,32.0,325.0,-177.0,431.0,-352.0,254.0,-89.0,699.0
50.0,,54.0,343.0,-259.0,521.0,-250.0,-88.0,-130.0,871.0
81.0,,74.0,362.0,-273.0,434.0,-217.0,88.0,-156.0,1014.0
106.0,,101.0,335.0,-248.0,413.0,-206.0,-186.0,-172.0,1122.0
156.0,,107.0,279.0,-215.0,546.0,-236.0,-145.0,-170.0,1170.0
215.0,,102.0,236.0,-175.0,623.0,-328.0,18.0,-144.0,1169.0
266.0,,107.0,186.0,-117.0,610.0,-325.0,-223.0,-105.0,1099.0
305.0,,93.0,114.0,-53.0,633.0,-146.0,129.0,-43.0,971.0
352.0,,69.0,40.0,0.0,782.0,59.0,-107.0,36.0,826.0
403.0,,66.0,-36.0,26.0,875.0,82.0,151.0,121.0,647.0
429.0,,39.0,-99.0,30.0,861.0,-82.0,160.0,201.0,441.0
460.0,,8.0,-162.0,43.0,857.0,-224.0,109.0,256.0,217.0
498.0,,-7.0,-196.0,51.0,932.0,-212.0,345.0,278.0,1.0
531.0,,-60.0,-218.0,48.0,962.0,-31.0,-25.0,285.0,-187.0
539.0,,-95.0,-269.0,30.0,919.0,151.0,229.0,270.0,-343.0
526.0,,-119.0,-307.0,-30.0,904.0,115.0,-14.0,231.0,-464.0
513.0,,-155.0,-316.0,-105.0,926.0,-23.0,68.0,181.0,-549.0
494.0,,-174.0,-309.0,-155.0,1005.0,-73.0,144.0,105.0,-561.0
488.0,,-188.0,-337.0,-156.0,989.0,-29.0,-129.0,45.0,-546.0
457.0,,-165.0,-352.0,-114.0,955.0,17.0,223.0,0.0,-513.0
410.0,,-162.0,-306.0,-33.0,1024.0,34.0,-25.0,-54.0,-445.0
385.0,,-148.0,-268.0,69.0,1074.0,93.0,206.0,-86.0,-396.0
358.0,,-78.0,-252.0,160.0,1037.0,211.0,129.0,-105.0,-344.0
309.0,,-58.0,-221.0,244.0,967.0,306.0,35.0,-118.0,-319.0
230.0,,-16.0,-165.0,291.0,986.0,262.0,184.0,-114.0,-353.0
176.0,,48.0,-121.0,286.0,1054.0,111.0,-162.0,-108.0,-395.0
138.0,,88.0,-96.0,258.0,1053.0,49.0,138.0,-111.0,-477.0
81.0,,124.0,-52.0,227.0,953.0,142.0,-72.0,-113.0,-583.0
25.0,,146.0,12.0,174.0,979.0,296.0,118.0,-106.0,-651.0
0.0,,162.0,83.0,92.0,1057.0,374.0,232.0,-99.0,-697.0
-19.0,,163.0,152.0,5.0,995.0,337.0,22.0,-80.0,-697.0
-72.0,,155.0,225.0,-78.0,961.0,333.0,284.0,-48.0,-642.0
-124.0,,116.0,301.0,-139.0,957.0,377.0,-86.0,-17.0,-542.0
-127.0,,95.0,371.0,-160.0,1035.0,344.0,114.0,21.0,-377.0
-129.0,,78.0,406.0,-127.0,1039.0,183.0,5.0,48.0,-178.0
-153.0,,65.0,402.0,-52.0,922.0,76.0,38.0,80.0,25.0
-166.0,,87.0,400.0,31.0,914.0,253.0,256.0,106.0,221.0
-176.0,,82.0,392.0,116.0,945.0,582.0,-25.0,88.0,407.0
-164.0,,134.0,353.0,180.0,955.0,766.0,238.0,61.0,551.0
-154.0,,193.0,290.0,212.0,907.0,690.0,-107.0,22.0,646.0
-159.0,,232.0,218.0,204.0,881.0,528.0,0.0,-40.0,707.0
-156.0,,310.0,169.0,175.0,946.0,428.0,-18.0,-115.0,736.0
-141.0,,361.0,148.0,175.0,983.0,447.0,-171.0,-199.0,755.0
-109.0,,421.0,156.0,190.0,918.0,570.0,155.0,-265.0,754.0
-111.0,,456.0,217.0,205.0,851.0,694.0,-94.0,-331.0,711.0
-113.0,,474.0,283.0,228.0,882.0,752.0,266.0,-404.0,652.0
-91.0,,514.0,324.0,249.0,899.0,706.0,158.0,-474.0,587.0
-68.0,,498.0,372.0,266.0,866.0,659.0,127.0,-532.0,493.0
-72.0,,493.0,401.0,255.0,851.0,642.0,249.0,-571.0,414.0
-85.0,,503.0,389.0,195.0,895.0,599.0,40.0,-590.0,357.0
-73.0,,496.0,353.0,108.0,961.0,568.0,456.0,-581.0,304.0
-80.0,,475.0,307.0,23.0,879.0,545.0,293.0,-541.0,272.0
-119.0,,459.0,271.0,-36.0,772.0,587.0,476.0,-459.0,246.0
-167.0,,445.0,213.0,-83.0,865.0,662.0,345.0,-377.0,277.0
-169.0,,404.0,113.0,-141.0,972.0,644.0,110.0,-275.0,338.0
-142.0,,381.0,21.0,-187.0,912.0,637.0,275.0,-152.0,404.0
-139.0,,336.0,-15.0,-185.0,819.0,621.0,-68.0,-39.0,526.0
-137.0,,319.0,-15.0,-132.0,872.0,524.0,260.0,85.0,651.0
-98.0,,328.0,-31.0,-60.0,899.0,548.0,192.0,187.0,760.0
-37.0,,319.0,-65.0,33.0,819.0,712.0,347.0,275.0,841.0
-18.0,,339.0,-79.0,157.0,800.0,772.0,436.0,348.0,890.0
-20.0,,350.0,-67.0,269.0,834.0,646.0,120.0,413.0,913.0
-1.0,,374.0,-27.0,332.0,870.0,540.0,303.0,468.0,872.0
26.0,,405.0,20.0,329.0,815.0,518.0,-38.0,504.0,815.0
45.0,,415.0,69.0,277.0,759.0,512.0,236.0,528.0,761.0
54.0,,441.0,116.0,178.0,799.0,577.0,230.0,515.0,684.0
109.0,,465.0,164.0,54.0,834.0,721.0,262.0,480.0,606.0
183.0,,464.0,224.0,-50.0,803.0,777.0,548.0,439.0,517.0
223.0,,475.0,269.0,-125.0,699.0,558.0,243.0,387.0,433.0
254.0,,466.0,289.0,-178.0,673.0,333.0,489.0,304.0,371.0
298.0,,470.0,296.0,-195.0,769.0,414.0,158.0,221.0,306.0
376.0,,440.0,309.0,-158.0,789.0,671.0,234.0,134.0,241.0
418.0,,384.0,338.0,-85.0,728.0,766.0,327.0,49.0,192.0
394.0,,384.0,370.0,-20.0,749.0,667.0,192.0,-16.0,168.0
383.0,,344.0,358.0,36.0,788.0,590.0,495.0,-81.0,182.0
398.0,,317.0,306.0,73.0,728.0,516.0,169.0,-127.0,201.0
397.0,,285.0,297.0,80.0,617.0,451.0,404.0,-159.0,222.0
358.0,,261.0,289.0,93.0,570.0,450.0,212.0,-163.0,263.0
312.0,,275.0,249.0,93.0,604.0,564.0,181.0,-154.0,308.0
311.0,,249.0,205.0,60.0,559.0,684.0,400.0,-121.0,356.0
320.0,,218.0,162.0,-15.0,509.0,715.0,234.0,-60.0,384.0
276.0,,228.0,144.0,-119.0,538.0,665.0,667.0,9.0,394.0
233.0,,231.0,137.0,-203.0,543.0,542.0,417.0,95.0,377.0
231.0,,185.0,143.0,-268.0,530.0,517.0,558.0,152.0,362.0
233.0,,173.0,147.0,-291.0,467.0,626.0,448.0,200.0,379.0
201.0,,144.0,122.0,-282.0,459.0,763.0,158.0,232.0,393.0
140.0,,117.0,88.0,-269.0,527.0,693.0,360.0,246.0,407.0
123.0,,73.0,51.0,-241.0,506.0,516.0,64.0,240.0,431.0
121.0,,0.0,19.0,-194.0,422.0,523.0,434.0,204.0,447.0
95.0,,-17.0,-2.0,-140.0,375.0,620.0,314.0,155.0,447.0
61.0,,-68.0,-13.0,-103.0,425.0,640.0,369.0,83.0,435.0
55.0,,-121.0,-40.0,-65.0,492.0,526.0,493.0,23.0,404.0
102.0,,-135.0,-71.0,-36.0,443.0,430.0,197.0,-40.0,365.0
140.0,,-140.0,-96.0,-35.0,363.0,501.0,524.0,-109.0,331.0
151.0,,-117.0,-110.0,-35.0,433.0,752.0,284.0,-163.0,307.0
193.0,,-110.0,-99.0,-21.0,521.0,961.0,582.0,-206.0,295.0
287.0,,-96.0,-101.0,-3.0,501.0,830.0,655.0,-239.0,269.0
370.0,,-40.0,-95.0,16.0,479.0,566.0,587.0,-257.0,250.0
407.0,,4.0,-83.0,28.0,504.0,546.0,800.0,-244.0,230.0
467.0,,44.0,-96.0,18.0,578.0,737.0,448.0,-225.0,196.0
551.0,,85.0,-145.0,15.0,588.0,805.0,724.0,-197.0,172.0
607.0,,138.0,-193.0,19.0,555.0,682.0,434.0,-161.0,132.0
624.0,,199.0,-204.0,24.0,541.0,642.0,471.0,-140.0,88.0
646.0,,249.0,-204.0,37.0,560.0,694.0,556.0,-109.0,54.0
702.0,,293.0,-203.0,38.0,617.0,654.0,288.0,-80.0,1.0
721.0,,341.0,-183.0,55.0,611.0,620.0,526.0,-75.0,-45.0
719.0,,383.0,-143.0,71.0,593.0,715.0,118.0,-71.0,-66.0
762.0,,385.0,-122.0,56.0,592.0,769.0,349.0,-66.0,-66.0
828.0,,389.0,-104.0,12.0,593.0,717.0,395.0,-49.0,-38.0
876.0,,384.0,-41.0,-45.0,631.0,696.0,535.0,-27.0,13.0
891.0,,368.0,44.0,-84.0,693.0,675.0,864.0,-33.0,68.0
926.0,,344.0,108.0,-118.0,745.0,612.0,563.0,-36.0,137.0
973.0,,281.0,150.0,-144.0,732.0,559.0,829.0,-28.0,201.0
968.0,,246.0,181.0,-157.0,735.0,603.0,458.0,-39.0,243.0
949.0,,209.0,197.0,-175.0,761.0,665.0,467.0,-62.0,283.0
940.0,,158.0,213.0,-186.0,744.0,626.0,436.0,-91.0,292.0
919.0,,135.0,217.0,-191.0,694.0,603.0,186.0,-116.0,273.0
870.0,,107.0,214.0,-199.0,657.0,634.0,509.0,-161.0,227.0
795.0,,107.0,224.0,-192.0,744.0,631.0,230.0,-221.0,159.0
748.0,,112.0,249.0,-158.0,819.0,545.0,471.0,-271.0,89.0
692.0,,105.0,265.0,-117.0,773.0,507.0,336.0,-326.0,-9.0
616.0,,155.0,236.0,-65.0,736.0,598.0,356.0,-396.0,-113.0
532.0,,173.0,188.0,1.0,757.0,653.0,565.0,-460.0,-212.0
435.0,,174.0,107.0,64.0,844.0,570.0,328.0,-516.0,-317.0
375.0,,205.0,-15.0,112.0,784.0,512.0,665.0,-571.0,-395.0
299.0,,189.0,-127.0,140.0,600.0,640.0,419.0,-616.0,-441.0
198.0,,180.0,-217.0,151.0,598.0,771.0,674.0,-653.0,-458.0
124.0,,167.0,-308.0,151.0,677.0,742.0,720.0,-686.0,-441.0
93.0,,128.0,-418.0,130.0,638.0,627.0,524.0,-695.0,-394.0
87.0,,100.0,-489.0,102.0,532.0,606.0,681.0,-682.0,-299.0
47.0,,85.0,-509.0,72.0,511.0,712.0,336.0,-665.0,-175.0
22.0,,90.0,-506.0,46.0,561.0,829.0,698.0,-643.0,-69.0
33.0,,73.0,-481.0,51.0,553.0,923.0,582.0,-600.0,34.0
48.0,,69.0,-449.0,76.0,475.0,931.0,691.0,-537.0,133.0
63.0,,82.0,-396.0,113.0,422.0,821.0,853.0,-480.0,194.0
67.0,,91.0,-323.0,145.0,479.0,662.0,572.0,-422.0,204.0
83.0,,103.0,-214.0,145.0,450.0,615.0,801.0,-329.0,178.0
123.0,,103.0,-68.0,120.0,317.0,729.0,458.0,-234.0,108.0
174.0,,106.0,69.0,79.0,294.0,865.0,691.0,-145.0,-3.0
218.0,,88.0,202.0,29.0,310.0,892.0,654.0,-60.0,-140.0
262.0,,72.0,302.0,-44.0,321.0,763.0,569.0,18.0,-309.0
325.0,,45.0,350.0,-116.0,233.0,537.0,753.0,80.0,-457.0
384.0,,16.0,356.0,-141.0,134.0,423.0,362.0,96.0,-572.0
422.0,,-7.0,320.0,-137.0,191.0,527.0,615.0,89.0,-668.0
460.0,,-37.0,252.0,-104.0,209.0,703.0,378.0,83.0,-702.0
498.0,,-51.0,166.0,-72.0,130.0,790.0,543.0,78.0,-677.0
523.0,,-55.0,61.0,-89.0,53.0,651.0,672.0,69.0,-604.0
516.0,,-31.0,-62.0,-132.0,100.0,466.0,476.0,58.0,-499.0
497.0,,-16.0,-204.0,-151.0,152.0,504.0,792.0,55.0,-345.0
484.0,,2.0,-343.0,-128.0,43.0,649.0,448.0,19.0,-156.0
451.0,,55.0,-457.0,-57.0,-33.0,663.0,670.0,-10.0,34.0
412.0,,97.0,-548.0,34.0,22.0,545.0,519.0,-47.0,233.0
383.0,,99.0,-596.0,121.0,66.0,483.0,476.0,-102.0,385.0
368.0,,128.0,-632.0,192.0,-43.0,437.0,702.0,-127.0,490.0
357.0,,161.0,-636.0,236.0,-112.0,403.0,445.0,-165.0,567.0
339.0,,168.0,-590.0,274.0,-59.0,472.0,759.0,-196.0,607.0
321.0,,203.0,-515.0,299.0,-43.0,591.0,373.0,-214.0,624.0
317.0,,208.0,-425.0,308.0,-82.0,639.0,371.0,-209.0,626.0
320.0,,208.0,-350.0,294.0,-156.0,500.0,267.0,-204.0,617.0
276.0,,232.0,-251.0,242.0,-111.0,338.0,121.0,-213.0,588.0
237.0,,239.0,-157.0,169.0,-102.0,409.0,487.0,-204.0,518.0
238.0,,261.0,-65.0,111.0,-225.0,567.0,168.0,-224.0,415.0
235.0,,278.0,47.0,67.0,-217.0,576.0,432.0,-256.0,299.0
216.0,,278.0,123.0,11.0,-183.0,545.0,232.0,-291.0,150.0
212.0,,295.0,155.0,-27.0,-203.0,527.0,171.0,-325.0,3.0
221.0,,270.0,135.0,-55.0,-248.0,450.0,242.0,-329.0,-102.0
219.0,,235.0,117.0,-101.0,-322.0,384.0,-20.0,-332.0,-173.0
221.0,,213.0,110.0,-155.0,-282.0,437.0,334.0,-325.0,-193.0
219.0,,145.0,94.0,-180.0,-240.0,479.0,94.0,-304.0,-175.0
235.0,,93.0,69.0,-172.0,-339.0,437.0,323.0,-297.0,-126.0
232.0,,29.0,3.0,-134.0,-404.0,476.0,254.0,-295.0,-51.0
180.0,,-33.0,-71.0,-62.0,-344.0,557.0,147.0,-290.0,7.0
159.0,,-69.0,-141.0,21.0,-265.0,577.0,375.0,-281.0,34.0
183.0,,-131.0,-183.0,107.0,-325.0,518.0,72.0,-268.0,31.0
178.0,,-163.0,-186.0,165.0,-430.0,474.0,450.0,-267.0,11.0
131.0,,-152.0,-160.0,178.0,-360.0,500.0,267.0,-264.0,-32.0
125.0,,-169.0,-96.0,151.0,-281.0,547.0,375.0,-257.0,-124.0
161.0,,-140.0,-31.0,101.0,-372.0,637.0,469.0,-234.0,-223.0
160.0,,-80.0,8.0,61.0,-480.0,665.0,242.0,-209.0,-313.0
139.0,,-45.0,62.0,31.0,-465.0,528.0,480.0,-197.0,-411.0
142.0,,16.0,152.0,11.0,-386.0,322.0,57.0,-181.0,-489.0
148.0,,54.0,235.0,0.0,-441.0,277.0,194.0,-163.0,-533.0
151.0,,100.0,314.0,-2.0,-526.0,385.0,55.0,-149.0,-520.0
133.0,,139.0,409.0,11.0,-474.0,453.0,142.0,-137.0,-456.0
125.0,,149.0,489.0,28.0,-423.0,478.0,419.0,-118.0,-368.0
166.0,,185.0,561.0,59.0,-456.0,501.0,92.0,-91.0,-254.0
203.0,,191.0,632.0,114.0,-530.0,548.0,375.0,-79.0,-118.0
226.0,,201.0,678.0,161.0,-519.0,569.0,96.0,-67.0,34.0
248.0,,204.0,711.0,196.0,-452.0,564.0,260.0,-45.0,176.0
284.0,,189.0,726.0,213.0,-466.0,627.0,319.0,-24.0,291.0
359.0,,189.0,707.0,197.0,-597.0,645.0,208.0,-5.0,369.0
389.0,,172.0,664.0,164.0,-628.0,548.0,537.0,-1.0,424.0
392.0,,131.0,605.0,118.0,-488.0,533.0,199.0,-12.0,430.0
451.0,,107.0,568.0,66.0,-502.0,671.0,341.0,-32.0,372.0
515.0,,105.0,541.0,2.0,-626.0,746.0,14.0,-68.0,277.0
546.0,,84.0,504.0,-81.0,-655.0,678.0,-9.0,-121.0,125.0
548.0,,94.0,435.0,-155.0,-567.0,574.0,275.0,-175.0,-44.0
584.0,,107.0,350.0,-219.0,-523.0,540.0,234.0,-237.0,-215.0
628.0,,107.0,302.0,-253.0,-628.0,616.0,648.0,-299.0,-380.0
625.0,,127.0,266.0,-216.0,-640.0,696.0,280.0,-349.0,-497.0
592.0,,122.0,248.0,-145.0,-484.0,755.0,351.0,-397.0,-575.0
567.0,,118.0,255.0,-85.0,-456.0,778.0,216.0,-423.0,-607.0
561.0,,125.0,276.0,-39.0,-592.0,735.0,105.0,-438.0,-603.0
522.0,,106.0,321.0,-16.0,-625.0,694.0,389.0,-445.0,-560.0
479.0,,87.0,356.0,-3.0,-590.0,713.0,109.0,-446.0,-483.0
454.0,,64.0,347.0,1.0,-553.0,732.0,415.0,-428.0,-443.0
465.0,,15.0,325.0,13.0,-605.0,699.0,125.0,-388.0,-451.0
489.0,,-23.0,308.0,47.0,-681.0,730.0,133.0,-353.0,-488.0
487.0,,-89.0,260.0,70.0,-626.0,800.0,160.0,-286.0,-545.0
492.0,,-158.0,182.0,92.0,-607.0,735.0,-24.0,-179.0,-638.0
507.0,,-199.0,117.0,120.0,-688.0,572.0,347.0,-84.0,-730.0
508.0,,-284.0,82.0,149.0,-742.0,530.0,49.0,0.0,-792.0
486.0,,-359.0,63.0,188.0,-692.0,610.0,282.0,95.0,-866.0
481.0,,-415.0,47.0,231.0,-626.0,671.0,118.0,181.0,-914.0
481.0,,-472.0,34.0,260.0,-659.0,643.0,44.0,269.0,-946.0
462.0,,-513.0,45.0,259.0,-726.0,554.0,195.0,350.0,-989.0
445.0,,-564.0,98.0,213.0,-690.0,568.0,-123.0,400.0,-1025.0
436.0,,-594.0,151.0,120.0,-636.0,600.0,212.0,435.0,-1066.0
418.0,,-599.0,193.0,-10.0,-728.0,511.0,-24.0,439.0,-1113.0
391.0,,-601.0,273.0,-137.0,-830.0,365.0,77.0,403.0,-1169.0
365.0,,-584.0,332.0,-231.0,-739.0,255.0,-29.0,355.0,-1196.0
324.0,,-559.0,324.0,-295.0,-628.0,299.0,-229.0,299.0,-1218.0
281.0,,-525.0,275.0,-332.0,-720.0,379.0,83.0,241.0,-1234.0
219.0,,-495.0,201.0,-347.0,-826.0,310.0,-227.0,174.0,-1219.0
162.0,,-453.0,127.0,-325.0,-722.0,141.0,55.0,100.0,-1199.0
105.0,,-413.0,27.0,-274.0,-622.0,-18.0,-72.0,40.0,-1164.0
40.0,,-368.0,-123.0,-197.0,-705.0,0.0,0.0,-20.0,-1138.0
-22.0,,-317.0,-280.0,-96.0,-763.0,208.0,127.0,-92.0,-1122.0
-117.0,,-317.0,-410.0,3.0,-698.0,385.0,-221.0,-164.0,-1074.0
-197.0,,-300.0,-538.0,82.0,-632.0,328.0,-24.0,-219.0,-1019.0
-266.0,,-295.0,-658.0,141.0,-692.0,98.0,-402.0,-265.0,-967.0
-315.0,,-313.0,-756.0,177.0,-759.0,10.0,-251.0,-314.0,-892.0
-378.0,,-338.0,-840.0,184.0,-670.0,110.0,-288.0,-343.0,-817.0
-465.0,,-380.0,-904.0,169.0,-547.0,186.0,-371.0,-350.0,-731.0
-490.0,,-406.0,-910.0,124.0,-557.0,138.0,-112.0,-342.0,-629.0
-513.0,,-437.0,-840.0,68.0,-613.0,103.0,-360.0,-318.0,-527.0
-563.0,,-443.0,-752.0,40.0,-557.0,82.0,-20.0,-289.0,-422.0
-602.0,,-459.0,-671.0,40.0,-437.0,-34.0,-271.0,-247.0,-322.0
-610.0,,-452.0,-589.0,47.0,-381.0,-26.0,-234.0,-182.0,-205.0
-583.0,,-408.0,-505.0,41.0,-471.0,130.0,-151.0,-118.0,-80.0
-565.0,,-420.0,-441.0,24.0,-471.0,174.0,-288.0,-68.0,31.0
-558.0,,-404.0,-397.0,-2.0,-333.0,-31.0,81.0,-14.0,115.0
-521.0,,-357.0,-361.0,-35.0,-349.0,-264.0,-256.0,39.0,205.0
-450.0,,-346.0,-352.0,-66.0,-421.0,-229.0,-48.0,71.0,284.0
-396.0,,-316.0,-377.0,-91.0,-398.0,-46.0,-234.0,106.0,336.0
-356.0,,-282.0,-428.0,-84.0,-291.0,56.0,-397.0,121.0,385.0
-312.0,,-246.0,-454.0,-32.0,-221.0,62.0,-238.0,124.0,397.0
-266.0,,-182.0,-441.0,24.0,-297.0,89.0,-497.0,112.0,396.0
-237.0,,-143.0,-417.0,51.0,-294.0,72.0,-66.0,88.0,385.0
-237.0,,-100.0,-373.0,49.0,-188.0,-50.0,-266.0,63.0,387.0
-244.0,,-31.0,-316.0,27.0,-191.0,-125.0,-147.0,18.0,393.0
-245.0,,6.0,-264.0,-17.0,-254.0,-113.0,-175.0,-31.0,396.0
-264.0,,56.0,-201.0,-74.0,-225.0,-93.0,-389.0,-94.0,441.0
-303.0,,97.0,-140.0,-128.0,-111.0,-176.0,-121.0,-150.0,472.0
-312.0,,106.0,-97.0,-190.0,-95.0,-346.0,-489.0,-193.0,478.0
-302.0,,143.0,-27.0,-237.0,-150.0,-416.0,-243.0,-227.0,451.0
-296.0,,131.0,25.0,-222.0,-123.0,-278.0,-388.0,-247.0,425.0
-290.0,,107.0,35.0,-154.0,-19.0,-107.0,-332.0,-267.0,390.0
-287.0,,133.0,65.0,-67.0,0.0,-253.0,-136.0,-251.0,340.0
-263.0,,112.0,108.0,5.0,-122.0,-682.0,-430.0,-224.0,327.0
-220.0,,125.0,130.0,41.0,-133.0,-896.0,-133.0,-201.0,328.0
-181.0,,137.0,142.0,49.0,-62.0,-735.0,-426.0,-164.0,362.0
-162.0,,117.0,136.0,44.0,-32.0,-451.0,-293.0,-117.0,401.0
-145.0,,164.0,129.0,33.0,-54.0,-277.0,-334.0,-46.0,412.0
-96.0,,161.0,156.0,21.0,-121.0,-330.0,-399.0,10.0,393.0
-55.0,,164.0,204.0,0.0,-20.0,-495.0,-84.0,78.0,347.0
-48.0,,186.0,280.0,-20.0,74.0,-655.0,-378.0,165.0,289.0
-52.0,,173.0,329.0,-21.0,-34.0,-804.0,-62.0,232.0,213.0
-42.0,,180.0,323.0,-27.0,-150.0,-900.0,-240.0,296.0,151.0
-24.0,,168.0,301.0,-34.0,-118.0,-947.0,-201.0,330.0,94.0
-29.0,,167.0,270.0,-40.0,-7.0,-941.0,-177.0,333.0,64.0
-30.0,,183.0,244.0,-55.0,-80.0,-844.0,-548.0,324.0,87.0
-18.0,,167.0,193.0,-70.0,-225.0,-721.0,-258.0,300.0,130.0
-6.0,,150.0,171.0,-80.0,-142.0,-631.0,-441.0,270.0,236.0
9.0,,154.0,195.0,-78.0,-37.0,-591.0,-79.0,246.0,379.0
12.0,,147.0,184.0,-78.0,-150.0,-706.0,-40.0,231.0,536.0
11.0,,128.0,156.0,-80.0,-200.0,-1042.0,-133.0,210.0,698.0
-1.0,,117.0,117.0,-61.0,-113.0,-1295.0,14.0,187.0,798.0
-9.0,,95.0,96.0,-30.0,-110.0,-1022.0,-349.0,152.0,864.0
-3.0,,79.0,110.0,-18.0,-195.0,-542.0,-120.0,94.0,878.0
0.0,,63.0,118.0,-23.0,-302.0,-587.0,-389.0,14.0,812.0
2.0,,17.0,155.0,-26.0,-281.0,-995.0,-158.0,-60.0,704.0
-2.0,,4.0,231.0,-31.0,-185.0,-1070.0,53.0,-129.0,560.0
8.0,,-11.0,305.0,-37.0,-214.0,-749.0,-151.0,-192.0,369.0
21.0,,-44.0,365.0,-29.0,-281.0,-481.0,22.0,-233.0,186.0
35.0,,-71.0,411.0,-7.0,-274.0,-599.0,-408.0,-278.0,33.0
57.0,,-116.0,435.0,6.0,-182.0,-947.0,-208.0,-288.0,-89.0
76.0,,-121.0,426.0,48.0,-143.0,-1058.0,-351.0,-275.0,-159.0
126.0,,-139.0,386.0,101.0,-276.0,-896.0,-354.0,-254.0,-179.0
176.0,,-158.0,335.0,137.0,-278.0,-774.0,-109.0,-212.0,-129.0
190.0,,-172.0,280.0,167.0,-139.0,-737.0,-264.0,-179.0,-56.0
192.0,,-181.0,217.0,165.0,-153.0,-595.0,127.0,-143.0,34.0
223.0,,-159.0,177.0,146.0,-196.0,-476.0,-181.0,-100.0,134.0
257.0,,-164.0,169.0,116.0,-158.0,-661.0,-77.0,-51.0,235.0
237.0,,-148.0,161.0,86.0,-67.0,-1052.0,-138.0,-2.0,337.0
188.0,,-104.0,138.0,56.0,-47.0,-1211.0,-288.0,36.0,407.0
174.0,,-75.0,104.0,10.0,-133.0,-915.0,16.0,66.0,460.0
182.0,,-74.0,89.0,-14.0,-107.0,-592.0,-269.0,93.0,482.0
146.0,,-43.0,104.0,-4.0,-32.0,-716.0,86.0,105.0,469.0
70.0,,-1.0,125.0,-1.0,-52.0,-998.0,-53.0,114.0,404.0
16.0,,15.0,135.0,-7.0,-112.0,-955.0,-118.0,109.0,346.0
-6.0,,58.0,119.0,-5.0,-118.0,-727.0,-186.0,75.0,260.0
-68.0,,72.0,62.0,-4.0,-36.0,-691.0,-522.0,35.0,144.0
-148.0,,113.0,-44.0,15.0,-12.0,-955.0,-199.0,-15.0,88.0
-196.0,,141.0,-171.0,43.0,-25.0,-1254.0,-452.0,-80.0,45.0
-228.0,,118.0,-307.0,50.0,-23.0,-1170.0,-169.0,-144.0,43.0
-271.0,,146.0,-430.0,39.0,39.0,-765.0,-188.0,-188.0,67.0
-349.0,,141.0,-527.0,25.0,93.0,-576.0,-129.0,-240.0,101.0
-405.0,,124.0,-638.0,9.0,-14.0,-782.0,323.0,-284.0,152.0
-439.0,,119.0,-705.0,-4.0,-27.0,-984.0,103.0,-329.0,194.0
-486.0,,83.0,-747.0,-7.0,107.0,-843.0,327.0,-388.0,226.0
-532.0,,81.0,-750.0,-4.0,169.0,-672.0,-57.0,-422.0,231.0
-583.0,,72.0,-647.0,-3.0,121.0,-903.0,-153.0,-450.0,227.0
-611.0,,59.0,-501.0,-1.0,84.0,-1211.0,-256.0,-452.0,236.0
-626.0,,66.0,-335.0,45.0,207.0,-1095.0,-450.0,-439.0,239.0
-683.0,,88.0,-167.0,126.0,306.0,-668.0,-35.0,-408.0,234.0
-752.0,,116.0,5.0,205.0,224.0,-497.0,-208.0,-332.0,258.0
-794.0,,120.0,180.0,279.0,176.0,-746.0,90.0,-238.0,299.0
-825.0,,151.0,338.0,319.0,237.0,-972.0,-134.0,-135.0,343.0
-853.0,,183.0,477.0,332.0,309.0,-959.0,-184.0,-44.0,386.0
-896.0,,200.0,570.0,333.0,259.0,-877.0,36.0,45.0,441.0
-907.0,,219.0,602.0,293.0,127.0,-880.0,-258.0,131.0,524.0
-881.0,,222.0,569.0,215.0,205.0,-925.0,5.0,207.0,603.0
-863.0,,240.0,510.0,122.0,317.0,-861.0,-301.0,268.0,683.0
-853.0,,241.0,446.0,30.0,281.0,-747.0,-142.0,307.0,748.0
-843.0,,219.0,365.0,-48.0,235.0,-831.0,-155.0,349.0,779.0
-788.0,,205.0,270.0,-110.0,281.0,-1098.0,-304.0,378.0,803.0
-727.0,,186.0,159.0,-149.0,387.0,-1158.0,-77.0,389.0,802.0
-707.0,,149.0,47.0,-160.0,320.0,-876.0,-395.0,395.0,766.0
-677.0,,88.0,-34.0,-131.0,216.0,-694.0,-42.0,377.0,725.0
-609.0,,51.0,-83.0,-75.0,309.0,-934.0,-208.0,342.0,653.0
-544.0,,17.0,-92.0,-29.0,400.0,-1266.0,-147.0,292.0,561.0
-524.0,,-19.0,-75.0,-4.0,334.0,-1158.0,16.0,223.0,479.0
-496.0,,-54.0,-70.0,7.0,269.0,-834.0,-206.0,155.0,394.0
-438.0,,-72.0,-35.0,0.0,305.0,-857.0,3.0,103.0,320.0
-406.0,,-69.0,26.0,-33.0,380.0,-1146.0,-493.0,82.0,242.0
-411.0,,-91.0,114.0,-63.0,376.0,-1287.0,-375.0,60.0,150.0
-388.0,,-111.0,235.0,-89.0,279.0,-1088.0,-402.0,20.0,67.0
-338.0,,-97.0,359.0,-114.0,315.0,-787.0,-461.0,-19.0,22.0
-306.0,,-84.0,499.0,-135.0,427.0,-694.0,-242.0,-55.0,-22.0
-290.0,,-73.0,607.0,-131.0,365.0,-832.0,-467.0,-72.0,-100.0
-254.0,,-58.0,661.0,-110.0,275.0,-1023.0,-55.0,-87.0,-149.0
-196.0,,-43.0,664.0,-94.0,325.0,-1107.0,-327.0,-89.0,-182.0
-162.0,,0.0,602.0,-66.0,386.0,-1059.0,-304.0,-74.0,-224.0
-126.0,,25.0,495.0,-36.0,360.0,-946.0,-256.0,-56.0,-239.0
-80.0,,34.0,384.0,-10.0,268.0,-835.0,-526.0,-20.0,-212.0
-20.0,,71.0,285.0,9.0,262.0,-773.0,-269.0,23.0,-179.0
46.0,,89.0,214.0,34.0,380.0,-796.0,-519.0,77.0,-135.0
92.0,,99.0,178.0,62.0,371.0,-849.0,-203.0,124.0,-50.0
144.0,,99.0,131.0,77.0,298.0,-952.0,-306.0,163.0,52.0
212.0,,70.0,92.0,100.0,327.0,-972.0,-332.0,190.0,175.0
269.0,,60.0,102.0,113.0,377.0,-777.0,-203.0,214.0,295.0
268.0,,28.0,126.0,91.0,427.0,-631.0,-589.0,223.0,390.0
235.0,,-48.0,136.0,34.0,363.0,-708.0,-264.0,214.0,480.0
239.0,,-86.0,148.0,-40.0,294.0,-834.0,-460.0,207.0,565.0
251.0,,-112.0,159.0,-119.0,365.0,-794.0,-284.0,178.0,655.0
211.0,,-164.0,156.0,-175.0,369.0,-675.0,-282.0,143.0,759.0
171.0,,-182.0,174.0,-198.0,320.0,-666.0,-408.0,105.0,860.0
189.0,,-202.0,224.0,-195.0,323.0,-746.0,-96.0,61.0,957.0
202.0,,-199.0,283.0,-182.0,383.0,-834.0,-478.0,38.0,1036.0
171.0,,-166.0,305.0,-188.0,473.0,-911.0,-199.0,6.0,1078.0
141.0,,-156.0,319.0,-183.0,417.0,-935.0,-247.0,-29.0,1130.0
153.0,,-113.0,353.0,-145.0,305.0,-839.0,-175.0,-74.0,1178.0
156.0,,-66.0,378.0,-68.0,391.0,-685.0,-94.0,-121.0,1195.0
140.0,,-36.0,353.0,29.0,456.0,-694.0,-332.0,-137.0,1227.0
131.0,,5.0,287.0,115.0,349.0,-827.0,107.0,-140.0,1240.0
118.0,,22.0,228.0,183.0,298.0,-895.0,-171.0,-146.0,1242.0
123.0,,54.0,162.0,214.0,355.0,-928.0,-81.0,-131.0,1270.0
108.0,,78.0,115.0,192.0,471.0,-875.0,-234.0,-96.0,1289.0
90.0,,62.0,62.0,120.0,492.0,-736.0,-467.0,-79.0,1315.0
92.0,,57.0,-17.0,23.0,391.0,-668.0,-314.0,-51.0,1351.0
88.0,,49.0,-81.0,-33.0,452.0,-715.0,-622.0,-18.0,1376.0
70.0,,24.0,-134.0,-26.0,526.0,-744.0,-223.0,1.0,1383.0
25.0,,0.0,-136.0,13.0,426.0,-687.0,-351.0,44.0,1358.0
-7.0,,-45.0,-118.0,63.0,328.0,-649.0,-288.0,97.0,1303.0
-6.0,,-96.0,-104.0,70.0,315.0,-611.0,-208.0,177.0,1227.0
-33.0,,-120.0,-90.0,45.0,356.0,-549.0,-360.0,269.0,1147.0
-100.0,,-194.0,-50.0,16.0,346.0,-559.0,38.0,339.0,1055.0
-133.0,,-248.0,34.0,-12.0,254.0,-664.0,-214.0,398.0,979.0
-140.0,,-262.0,107.0,-10.0,282.0,-738.0,44.0,434.0,924.0
-151.0,,-314.0,169.0,24.0,407.0,-627.0,-84.0,459.0,885.0
-193.0,,-305.0,222.0,83.0,345.0,-533.0,-236.0,465.0,863.0
-241.0,,-304.0,273.0,116.0,271.0,-556.0,-97.0,464.0,834.0
-263.0,,-302.0,342.0,127.0,271.0,-579.0,-373.0,473.0,781.0
-283.0,,-249.0,408.0,123.0,317.0,-677.0,-42.0,493.0,669.0
-315.0,,-244.0,472.0,106.0,352.0,-741.0,-271.0,511.0,542.0
-387.0,,-200.0,533.0,94.0,238.0,-635.0,-79.0,508.0,408.0
-428.0,,-142.0,560.0,64.0,298.0,-490.0,-36.0,504.0,249.0
-425.0,,-103.0,525.0,18.0,431.0,-447.0,-212.0,484.0,75.0
-432.0,,-47.0,457.0,-46.0,371.0,-512.0,51.0,442.0,-86.0
-442.0,,-7.0,376.0,-107.0,244.0,-578.0,-319.0,390.0,-208.0
-437.0,,28.0,269.0,-148.0,282.0,-619.0,-107.0,335.0,-280.0
-406.0,,64.0,180.0,-149.0,409.0,-670.0,-271.0,288.0,-305.0
-379.0,,97.0,116.0,-101.0,376.0,-594.0,-208.0,223.0,-298.0
-360.0,,105.0,59.0,-32.0,270.0,-342.0,9.0,140.0,-229.0
-333.0,,138.0,13.0,54.0,231.0,-198.0,-138.0,57.0,-164.0
-293.0,,183.0,-40.0,132.0,331.0,-341.0,264.0,-27.0,-89.0
-277.0,,204.0,-67.0,200.0,330.0,-539.0,-12.0,-101.0,19.0
-286.0,,244.0,-93.0,238.0,261.0,-581.0,201.0,-168.0,115.0
-272.0,,275.0,-154.0,237.0,291.0,-526.0,171.0,-225.0,224.0
-269.0,,305.0,-210.0,209.0,352.0,-358.0,22.0,-258.0,303.0
-297.0,,314.0,-238.0,157.0,406.0,-229.0,153.0,-274.0,346.0
-339.0,,321.0,-221.0,102.0,330.0,-344.0,-432.0,-262.0,372.0
-367.0,,356.0,-187.0,53.0,330.0,-536.0,-310.0,-238.0,368.0
-402.0,,353.0,-160.0,11.0,432.0,-568.0,-552.0,-196.0,318.0
-448.0,,360.0,-128.0,-26.0,421.0,-425.0,-482.0,-145.0,227.0
-480.0,,360.0,-127.0,-41.0,363.0,-357.0,-251.0,-113.0,127.0
-530.0,,351.0,-146.0,-8.0,374.0,-358.0,-351.0,-82.0,11.0
-565.0,,359.0,-148.0,37.0,449.0,-314.0,9.0,-45.0,-105.0
-579.0,,334.0,-151.0,59.0,503.0,-379.0,-225.0,2.0,-211.0
-582.0,,319.0,-141.0,45.0,460.0,-507.0,60.0,47.0,-299.0
-568.0,,304.0,-128.0,-24.0,376.0,-466.0,-16.0,96.0,-347.0
-551.0,,266.0,-125.0,-124.0,464.0,-296.0,-72.0,143.0,-359.0
-516.0,,235.0,-128.0,-200.0,523.0,-243.0,107.0,178.0,-321.0
-479.0,,210.0,-153.0,-236.0,413.0,-299.0,-256.0,185.0,-223.0
-430.0,,183.0,-196.0,-227.0,395.0,-422.0,44.0,155.0,-110.0
-345.0,,164.0,-245.0,-183.0,474.0,-577.0,-227.0,126.0,0.0
-245.0,,157.0,-290.0,-137.0,556.0,-569.0,-169.0,84.0,107.0
-166.0,,134.0,-343.0,-96.0,479.0,-357.0,-168.0,17.0,204.0
-91.0,,114.0,-395.0,-59.0,420.0,-211.0,-421.0,-41.0,281.0
4.0,,110.0,-412.0,-35.0,582.0,-330.0,-208.0,-111.0,318.0
113.0,,100.0,-394.0,-20.0,630.0,-406.0,-500.0,-198.0,337.0
213.0,,89.0,-332.0,-25.0,540.0,-292.0,-162.0,-253.0,361.0
281.0,,102.0,-249.0,-49.0,463.0,-231.0,-282.0,-300.0,377.0
345.0,,125.0,-152.0,-81.0,493.0,-237.0,-251.0,-337.0,385.0
418.0,,125.0,-62.0,-121.0,545.0,-205.0,-33.0,-347.0,385.0
485.0,,124.0,-18.0,-147.0,453.0,-140.0,-325.0,-354.0,346.0
519.0,,132.0,12.0,-143.0,402.0,-141.0,-38.0,-335.0,273.0
531.0,,127.0,30.0,-91.0,486.0,-192.0,-247.0,-292.0,189.0
556.0,,116.0,48.0,-19.0,538.0,-166.0,-44.0,-234.0,88.0
588.0,,116.0,78.0,22.0,452.0,-68.0,-164.0,-172.0,-13.0
581.0,,96.0,84.0,42.0,394.0,16.0,-378.0,-100.0,-87.0
546.0,,69.0,93.0,42.0,402.0,57.0,-79.0,-21.0,-137.0
563.0,,25.0,125.0,19.0,426.0,34.0,-303.0,51.0,-160.0
573.0,,-42.0,131.0,0.0,411.0,-12.0,-55.0,116.0,-127.0
526.0,,-82.0,112.0,0.0,292.0,38.0,-436.0,171.0,-76.0
473.0,,-137.0,96.0,43.0,321.0,165.0,-546.0,227.0,-13.0
475.0,,-170.0,83.0,109.0,401.0,195.0,-497.0,248.0,81.0
480.0,,-195.0,96.0,157.0,290.0,113.0,-709.0,254.0,138.0
426.0,,-224.0,116.0,179.0,156.0,80.0,-334.0,261.0,167.0
386.0,,-208.0,134.0,187.0,137.0,101.0,-517.0,258.0,193.0
410.0,,-228.0,190.0,189.0,186.0,63.0,-162.0,278.0,175.0
457.0,,-237.0,251.0,199.0,146.0,10.0,-221.0,283.0,118.0
450.0,,-205.0,296.0,233.0,14.0,35.0,-410.0,287.0,28.0
452.0,,-206.0,335.0,261.0,22.0,90.0,-354.0,304.0,-93.0
498.0,,-206.0,356.0,263.0,146.0,75.0,-822.0,309.0,-225.0
552.0,,-204.0,351.0,240.0,110.0,-18.0,-667.0,296.0,-372.0
585.0,,-226.0,337.0,205.0,-20.0,-71.0,-929.0,269.0,-522.0
574.0,,-221.0,318.0,175.0,-70.0,14.0,-607.0,248.0,-645.0
599.0,,-254.0,283.0,147.0,-69.0,173.0,-397.0,199.0,-737.0
653.0,,-309.0,259.0,125.0,-117.0,260.0,-591.0,146.0,-800.0
677.0,,-318.0,244.0,123.0,-251.0,215.0,-303.0,97.0,-814.0
668.0,,-349.0,248.0,129.0,-292.0,190.0,-742.0,50.0,-764.0
656.0,,-381.0,269.0,126.0,-252.0,310.0,-602.0,36.0,-675.0
632.0,,-407.0,274.0,102.0,-347.0,391.0,-639.0,2.0,-546.0
587.0,,-424.0,290.0,70.0,-431.0,326.0,-495.0,-20.0,-399.0
522.0,,-415.0,319.0,25.0,-374.0,240.0,-269.0,-19.0,-241.0
454.0,,-437.0,346.0,-31.0,-355.0,201.0,-604.0,-10.0,-65.0
413.0,,-449.0,354.0,-80.0,-406.0,222.0,-424.0,20.0,82.0
352.0,,-440.0,351.0,-115.0,-492.0,249.0,-859.0,58.0,195.0
278.0,,-437.0,336.0,-132.0,-515.0,274.0,-700.0,121.0,284.0
216.0,,-420.0,275.0,-145.0,-429.0,349.0,-624.0,175.0,341.0
192.0,,-397.0,169.0,-148.0,-481.0,381.0,-737.0,206.0,389.0
214.0,,-367.0,33.0,-145.0,-642.0,335.0,-463.0,240.0,419.0
221.0,,-325.0,-109.0,-131.0,-681.0,308.0,-744.0,219.0,411.0
232.0,,-286.0,-238.0,-105.0,-638.0,377.0,-437.0,164.0,377.0
277.0,,-255.0,-341.0,-83.0,-661.0,459.0,-620.0,81.0,336.0
315.0,,-190.0,-407.0,-63.0,-822.0,484.0,-604.0,-35.0,274.0
325.0,,-116.0,-430.0,-55.0,-911.0,469.0,-635.0,-159.0,174.0
306.0,,-38.0,-430.0,-43.0,-767.0,384.0,-944.0,-292.0,74.0
274.0,,42.0,-422.0,-25.0,-738.0,335.0,-491.0,-421.0,-26.0
248.0,,114.0,-379.0,-6.0,-880.0,402.0,-591.0,-545.0,-138.0
190.0,,216.0,-339.0,24.0,-888.0,480.0,-295.0,-649.0,-220.0
119.0,,276.0,-317.0,59.0,-840.0,452.0,-445.0,-740.0,-276.0
66.0,,324.0,-292.0,103.0,-861.0,337.0,-615.0,-807.0,-274.0
14.0,,404.0,-260.0,152.0,-958.0,298.0,-389.0,-856.0,-212.0
-48.0,,444.0,-220.0,179.0,-1030.0,336.0,-611.0,-856.0,-123.0
-139.0,,467.0,-191.0,173.0,-985.0,360.0,-301.0,-801.0,-8.0
-217.0,,503.0,-170.0,150.0,-1003.0,333.0,-674.0,-738.0,111.0
-284.0,,510.0,-145.0,119.0,-1108.0,202.0,-726.0,-640.0,203.0
-382.0,,510.0,-122.0,88.0,-1122.0,164.0,-657.0,-528.0,241.0
-495.0,,500.0,-98.0,55.0,-1058.0,282.0,-574.0,-404.0,245.0
-574.0,,463.0,-61.0,14.0,-1030.0,356.0,-75.0,-293.0,204.0
-628.0,,451.0,-10.0,-33.0,-1103.0,354.0,-495.0,-202.0,131.0
-669.0,,420.0,31.0,-88.0,-1181.0,349.0,-410.0,-123.0,28.0
-688.0,,384.0,54.0,-131.0,-1153.0,362.0,-611.0,-81.0,-76.0
-694.0,,349.0,89.0,-147.0,-1099.0,305.0,-606.0,-40.0,-177.0
-651.0,,298.0,133.0,-161.0,-1186.0,216.0,-445.0,-19.0,-278.0
-579.0,,268.0,150.0,-178.0,-1291.0,166.0,-849.0,0.0,-345.0
-509.0,,212.0,148.0,-193.0,-1254.0,219.0,-554.0,16.0,-412.0
-425.0,,165.0,144.0,-226.0,-1227.0,362.0,-722.0,15.0,-465.0
-314.0,,152.0,151.0,-270.0,-1257.0,406.0,-500.0,14.0,-531.0
-189.0,,120.0,146.0,-298.0,-1350.0,338.0,-480.0,-3.0,-611.0
-103.0,,90.0,122.0,-289.0,-1337.0,246.0,-667.0,-11.0,-686.0
-21.0,,68.0,101.0,-247.0,-1193.0,237.0,-519.0,-31.0,-763.0
79.0,,26.0,72.0,-202.0,-1213.0,279.0,-927.0,-48.0,-808.0
159.0,,-6.0,58.0,-182.0,-1264.0,232.0,-618.0,-54.0,-850.0
191.0,,-18.0,60.0,-183.0,-1209.0,176.0,-709.0,-56.0,-886.0
191.0,,-72.0,79.0,-199.0,-1224.0,187.0,-611.0,-40.0,-915.0
206.0,,-104.0,103.0,-222.0,-1274.0,196.0,-454.0,-17.0,-940.0
221.0,,-102.0,114.0,-216.0,-1269.0,205.0,-724.0,36.0,-995.0
211.0,,-126.0,108.0,-173.0,-1206.0,263.0,-458.0,92.0,-1066.0
187.0,,-121.0,83.0,-86.0,-1152.0,245.0,-822.0,141.0,-1157.0
181.0,,-124.0,81.0,19.0,-1209.0,119.0,-665.0,189.0,-1263.0
165.0,,-146.0,128.0,106.0,-1247.0,102.0,-672.0,228.0,-1342.0
133.0,,-158.0,193.0,165.0,-1222.0,176.0,-753.0,286.0,-1416.0
88.0,,-198.0,268.0,162.0,-1174.0,180.0,-572.0,343.0,-1470.0
24.0,,-233.0,340.0,112.0,-1150.0,180.0,-916.0,385.0,-1515.0
1.0,,-258.0,386.0,66.0,-1173.0,190.0,-572.0,431.0,-1564.0
5.0,,-307.0,418.0,42.0,-1141.0,193.0,-779.0,475.0,-1611.0
4.0,,-339.0,421.0,36.0,-1072.0,150.0,-774.0,511.0,-1636.0
-4.0,,-351.0,363.0,30.0,-1019.0,34.0,-707.0,530.0,-1642.0
22.0,,-379.0,307.0,31.0,-1050.0,43.0,-761.0,546.0,-1649.0
77.0,,-379.0,269.0,31.0,-1018.0,232.0,-236.0,563.0,-1624.0
103.0,,-392.0,211.0,34.0,-943.0,345.0,-460.0,563.0,-1569.0
147.0,,-396.0,143.0,55.0,-957.0,269.0,-290.0,561.0,-1485.0
215.0,,-379.0,57.0,84.0,-1051.0,173.0,-528.0,559.0,-1391.0
282.0,,-374.0,-30.0,133.0,-1099.0,183.0,-617.0,553.0,-1314.0
335.0,,-314.0,-99.0,186.0,-964.0,264.0,-393.0,544.0,-1269.0
386.0,,-287.0,-130.0,236.0,-932.0,278.0,-668.0,515.0,-1241.0
449.0,,-248.0,-124.0,261.0,-1006.0,170.0,-386.0,470.0,-1224.0
485.0,,-167.0,-103.0,249.0,-984.0,35.0,-763.0,429.0,-1239.0
490.0,,-135.0,-27.0,213.0,-888.0,-24.0,-648.0,389.0,-1248.0
492.0,,-75.0,79.0,142.0,-851.0,60.0,-591.0,352.0,-1261.0
499.0,,-22.0,175.0,72.0,-877.0,157.0,-731.0,327.0,-1299.0
501.0,,11.0,276.0,20.0,-840.0,138.0,-380.0,321.0,-1325.0
490.0,,70.0,345.0,4.0,-738.0,103.0,-691.0,330.0,-1345.0
477.0,,92.0,372.0,32.0,-656.0,147.0,-412.0,359.0,-1346.0
454.0,,112.0,358.0,55.0,-723.0,175.0,-515.0,403.0,-1343.0
434.0,,149.0,330.0,79.0,-732.0,102.0,-443.0,446.0,-1342.0
434.0,,135.0,286.0,104.0,-682.0,123.0,-230.0,508.0,-1297.0
418.0,,128.0,170.0,118.0,-688.0,260.0,-389.0,566.0,-1191.0
395.0,,131.0,50.0,136.0,-705.0,371.0,35.0,623.0,-1032.0
389.0,,115.0,-59.0,149.0,-781.0,411.0,-205.0,668.0,-840.0
385.0,,117.0,-189.0,166.0,-742.0,315.0,-16.0,696.0,-632.0
366.0,,95.0,-299.0,172.0,-618.0,213.0,-153.0,726.0,-421.0
330.0,,82.0,-373.0,139.0,-669.0,205.0,-432.0,726.0,-224.0
312.0,,90.0,-390.0,92.0,-770.0,239.0,-277.0,706.0,-52.0
290.0,,81.0,-380.0,50.0,-674.0,284.0,-589.0,660.0,74.0
218.0,,82.0,-369.0,27.0,-551.0,257.0,-218.0,580.0,149.0
140.0,,90.0,-314.0,18.0,-588.0,188.0,-310.0,478.0,172.0
83.0,,92.0,-240.0,12.0,-718.0,201.0,-142.0,359.0,140.0
33.0,,98.0,-169.0,17.0,-690.0,329.0,-46.0,219.0,71.0
-28.0,,105.0,-79.0,10.0,-562.0,429.0,-354.0,82.0,-8.0
-108.0,,94.0,1.0,-12.0,-662.0,358.0,-101.0,-40.0,-92.0
-147.0,,96.0,85.0,-31.0,-712.0,223.0,-363.0,-156.0,-193.0
-171.0,,81.0,131.0,-44.0,-611.0,167.0,-27.0,-241.0,-269.0
-197.0,,68.0,136.0,-39.0,-609.0,244.0,-101.0,-308.0,-318.0
-194.0,,57.0,131.0,-27.0,-671.0,353.0,-177.0,-355.0,-362.0
-189.0,,34.0,100.0,-32.0,-717.0,362.0,53.0,-380.0,-371.0
-181.0,,41.0,98.0,-45.0,-634.0,301.0,-260.0,-397.0,-392.0
-171.0,,30.0,124.0,-68.0,-521.0,264.0,-29.0,-405.0,-408.0
-156.0,,33.0,151.0,-93.0,-615.0,348.0,-426.0,-396.0,-398.0
-132.0,,32.0,179.0,-81.0,-740.0,429.0,-253.0,-375.0,-385.0
-118.0,,33.0,173.0,-40.0,-719.0,382.0,-86.0,-359.0,-357.0
-118.0,,53.0,156.0,21.0,-694.0,335.0,-229.0,-339.0,-333.0
-110.0,,81.0,164.0,83.0,-711.0,406.0,118.0,-326.0,-294.0
-92.0,,103.0,179.0,111.0,-755.0,529.0,-243.0,-322.0,-285.0
-69.0,,115.0,180.0,105.0,-730.0,482.0,-51.0,-332.0,-307.0
-55.0,,139.0,164.0,57.0,-631.0,305.0,-251.0,-336.0,-310.0
-43.0,,136.0,148.0,-6.0,-661.0,278.0,-177.0,-337.0,-329.0
-28.0,,158.0,145.0,-41.0,-723.0,407.0,138.0,-345.0,-346.0
-42.0,,161.0,131.0,-44.0,-642.0,455.0,-70.0,-346.0,-399.0
-49.0,,146.0,84.0,-27.0,-516.0,356.0,190.0,-351.0,-457.0
-80.0,,173.0,19.0,-2.0,-523.0,252.0,-214.0,-350.0,-510.0
-121.0,,160.0,-32.0,10.0,-678.0,355.0,-83.0,-330.0,-596.0
-144.0,,170.0,-75.0,6.0,-694.0,552.0,-125.0,-300.0,-669.0
-171.0,,192.0,-90.0,-7.0,-563.0,499.0,-190.0,-265.0,-726.0
-186.0,,185.0,-53.0,-28.0,-555.0,384.0,162.0,-237.0,-757.0
-235.0,,209.0,8.0,-60.0,-614.0,444.0,-88.0,-201.0,-770.0
-268.0,,215.0,92.0,-106.0,-588.0,553.0,181.0,-150.0,-763.0
-269.0,,224.0,191.0,-141.0,-516.0,544.0,-160.0,-102.0,-737.0
-291.0,,266.0,265.0,-187.0,-544.0,419.0,-169.0,-51.0,-695.0
-295.0,,280.0,304.0,-233.0,-606.0,390.0,-40.0,-2.0,-630.0
-266.0,,294.0,330.0,-258.0,-584.0,458.0,-129.0,33.0,-553.0
-234.0,,330.0,338.0,-278.0,-486.0,503.0,293.0,59.0,-470.0
-206.0,,330.0,282.0,-264.0,-444.0,492.0,16.0,88.0,-419.0
-156.0,,372.0,191.0,-234.0,-515.0,398.0,240.0,115.0,-404.0
-108.0,,390.0,102.0,-184.0,-473.0,317.0,22.0,131.0,-404.0
-82.0,,377.0,18.0,-123.0,-372.0,363.0,-96.0,157.0,-416.0
-51.0,,433.0,-33.0,-61.0,-323.0,469.0,221.0,165.0,-438.0
-11.0,,430.0,-82.0,16.0,-314.0,493.0,9.0,157.0,-456.0
22.0,,433.0,-121.0,80.0,-294.0,469.0,460.0,133.0,-463.0
34.0,,431.0,-124.0,141.0,-150.0,541.0,382.0,103.0,-430.0
34.0,,417.0,-100.0,183.0,-106.0,716.0,430.0,66.0,-370.0
64.0,,407.0,-71.0,202.0,-189.0,758.0,267.0,28.0,-309.0
94.0,,338.0,-61.0,185.0,-171.0,613.0,46.0,11.0,-246.0
101.0,,314.0,-42.0,121.0,-70.0,578.0,432.0,7.0,-205.0
107.0,,279.0,-11.0,69.0,31.0,673.0,238.0,13.0,-157.0
110.0,,222.0,6.0,39.0,-16.0,683.0,565.0,40.0,-129.0
107.0,,173.0,6.0,2.0,-120.0,637.0,484.0,96.0,-177.0
91.0,,112.0,5.0,-36.0,-45.0,676.0,576.0,144.0,-256.0
69.0,,43.0,15.0,-81.0,10.0,800.0,746.0,183.0,-370.0
35.0,,-17.0,51.0,-138.0,-65.0,800.0,421.0,223.0,-511.0
-12.0,,-97.0,64.0,-193.0,-68.0,654.0,685.0,262.0,-656.0
-52.0,,-179.0,49.0,-253.0,0.0,648.0,341.0,310.0,-811.0
-72.0,,-206.0,49.0,-272.0,9.0,789.0,460.0,365.0,-924.0
-102.0,,-271.0,27.0,-244.0,-56.0,861.0,397.0,426.0,-999.0
-146.0,,-305.0,-13.0,-203.0,-110.0,858.0,301.0,484.0,-1043.0
-185.0,,-316.0,-55.0,-132.0,-12.0,924.0,567.0,521.0,-1025.0
-225.0,,-335.0,-77.0,-65.0,68.0,1046.0,232.0,530.0,-964.0
-258.0,,-295.0,-94.0,-2.0,-6.0,1070.0,585.0,534.0,-862.0
-311.0,,-274.0,-141.0,67.0,-2.0,995.0,376.0,529.0,-749.0
-363.0,,-244.0,-173.0,111.0,75.0,934.0,458.0,506.0,-594.0
-379.0,,-174.0,-204.0,130.0,76.0,975.0,606.0,485.0,-396.0
-404.0,,-116.0,-256.0,119.0,40.0,1034.0,352.0,460.0,-201.0
-455.0,,-59.0,-321.0,104.0,42.0,1024.0,731.0,420.0,-3.0
-458.0,,16.0,-363.0,78.0,142.0,971.0,391.0,396.0,159.0
-408.0,,66.0,-366.0,44.0,217.0,970.0,537.0,384.0,320.0
-361.0,,120.0,-335.0,25.0,146.0,1033.0,371.0,361.0,454.0
-334.0,,171.0,-240.0,0.0,108.0,998.0,197.0,355.0,550.0
-310.0,,177.0,-147.0,0.0,169.0,862.0,460.0,366.0,637.0
-233.0,,198.0,-70.0,6.0,204.0,795.0,253.0,376.0,696.0
-156.0,,197.0,47.0,3.0,175.0,879.0,617.0,396.0,752.0
-116.0,,180.0,148.0,-24.0,100.0,950.0,363.0,425.0,769.0
-65.0,,154.0,230.0,-84.0,155.0,841.0,473.0,447.0,773.0
4.0,,110.0,325.0,-150.0,299.0,751.0,487.0,462.0,774.0
80.0,,93.0,418.0,-214.0,302.0,849.0,245.0,471.0,744.0
129.0,,69.0,494.0,-267.0,265.0,938.0,541.0,483.0,681.0
175.0,,16.0,517.0,-285.0,300.0,872.0,160.0,487.0,587.0
238.0,,11.0,453.0,-274.0,346.0,754.0,351.0,477.0,498.0
295.0,,-8.0,350.0,-253.0,308.0,699.0,151.0,471.0,374.0
325.0,,-51.0,264.0,-193.0,231.0,717.0,79.0,452.0,237.0
362.0,,-57.0,173.0,-97.0,222.0,763.0,282.0,429.0,110.0
410.0,,-97.0,92.0,6.0,272.0,785.0,48.0,404.0,8.0
430.0,,-100.0,20.0,95.0,267.0,780.0,430.0,351.0,-56.0
435.0,,-101.0,-57.0,160.0,241.0,796.0,262.0,302.0,-88.0
442.0,,-109.0,-73.0,196.0,298.0,820.0,412.0,252.0,-47.0
437.0,,-62.0,-10.0,203.0,339.0,836.0,242.0,188.0,14.0
418.0,,-18.0,52.0,208.0,396.0,779.0,-33.0,126.0,98.0
414.0,,26.0,109.0,191.0,400.0,709.0,221.0,64.0,191.0
389.0,,77.0,190.0,166.0,399.0,751.0,-44.0,9.0,254.0
354.0,,130.0,301.0,131.0,523.0,769.0,314.0,-38.0,282.0
330.0,,174.0,433.0,77.0,540.0,705.0,121.0,-71.0,260.0
277.0,,225.0,536.0,17.0,416.0,718.0,40.0,-91.0,176.0
218.0,,260.0,593.0,-44.0,404.0,853.0,131.0,-99.0,53.0
161.0,,303.0,628.0,-68.0,525.0,798.0,-133.0,-94.0,-46.0
103.0,,353.0,627.0,-64.0,563.0,502.0,142.0,-69.0,-163.0
33.0,,382.0,581.0,-43.0,492.0,374.0,-88.0,-25.0,-238.0
-22.0,,421.0,500.0,5.0,442.0,549.0,236.0,24.0,-249.0
-53.0,,425.0,410.0,34.0,586.0,685.0,273.0,82.0,-233.0
-103.0,,425.0,316.0,17.0,686.0,547.0,192.0,130.0,-140.0
-164.0,,437.0,212.0,-17.0,550.0,455.0,371.0,173.0,-28.0
-213.0,,398.0,158.0,-53.0,549.0,566.0,-64.0,221.0,107.0
-234.0,,386.0,163.0,-77.0,696.0,661.0,171.0,270.0,259.0
-260.0,,388.0,197.0,-76.0,811.0,619.0,27.0,316.0,394.0
-312.0,,363.0,243.0,-57.0,807.0,506.0,190.0,370.0,496.0
-321.0,,363.0,288.0,-29.0,721.0,411.0,308.0,431.0,562.0
-296.0,,335.0,339.0,6.0,784.0,388.0,114.0,476.0,599.0
-250.0,,326.0,380.0,45.0,934.0,470.0,434.0,503.0,600.0
-224.0,,327.0,379.0,73.0,897.0,443.0,138.0,524.0,586.0
-215.0,,298.0,325.0,87.0,834.0,282.0,352.0,549.0,531.0
-161.0,,279.0,248.0,91.0,899.0,259.0,206.0,570.0,475.0
-95.0,,247.0,166.0,72.0,956.0,345.0,157.0,594.0,425.0
-63.0,,232.0,105.0,35.0,941.0,319.0,380.0,631.0,369.0
-66.0,,190.0,44.0,-6.0,788.0,171.0,210.0,664.0,327.0
-65.0,,150.0,-44.0,-29.0,776.0,130.0,650.0,673.0,307.0
-85.0,,122.0,-124.0,-51.0,911.0,319.0,349.0,669.0,319.0
-130.0,,85.0,-201.0,-90.0,915.0,453.0,491.0,632.0,347.0
-153.0,,63.0,-269.0,-109.0,821.0,308.0,497.0,575.0,387.0
-183.0,,20.0,-295.0,-83.0,786.0,147.0,247.0,509.0,428.0
-208.0,,13.0,-276.0,-33.0,872.0,227.0,574.0,404.0,481.0
-219.0,,-2.0,-252.0,0.0,896.0,351.0,341.0,295.0,519.0
-229.0,,-48.0,-239.0,23.0,826.0,282.0,711.0,189.0,535.0
-215.0,,-61.0,-209.0,48.0,813.0,173.0,548.0,81.0,533.0
-193.0,,-95.0,-154.0,78.0,903.0,174.0,482.0,-13.0,529.0
-180.0,,-113.0,-78.0,120.0,879.0,277.0,556.0,-92.0,530.0
-179.0,,-140.0,0.0,163.0,776.0,377.0,327.0,-149.0,508.0
-169.0,,-172.0,58.0,202.0,815.0,324.0,703.0,-193.0,489.0
-145.0,,-165.0,93.0,195.0,844.0,195.0,367.0,-221.0,500.0
-141.0,,-168.0,145.0,156.0,795.0,157.0,567.0,-221.0,520.0
-148.0,,-160.0,193.0,109.0,729.0,265.0,589.0,-192.0,525.0
-155.0,,-152.0,222.0,50.0,688.0,377.0,515.0,-145.0,544.0
-135.0,,-140.0,248.0,1.0,762.0,343.0,707.0,-89.0,594.0
-133.0,,-116.0,238.0,-32.0,821.0,182.0,343.0,-20.0,656.0
-191.0,,-118.0,225.0,-56.0,733.0,88.0,670.0,56.0,713.0
-232.0,,-104.0,197.0,-72.0,692.0,156.0,485.0,137.0,787.0
-251.0,,-95.0,128.0,-88.0,682.0,221.0,607.0,216.0,863.0
-275.0,,-95.0,49.0,-128.0,645.0,146.0,657.0,270.0,931.0
-320.0,,-80.0,-35.0,-184.0,563.0,-38.0,369.0,300.0,996.0
-352.0,,-101.0,-135.0,-241.0,472.0,-116.0,698.0,329.0,1036.0
-336.0,,-106.0,-228.0,-302.0,582.0,-11.0,508.0,343.0,1089.0
-342.0,,-100.0,-285.0,-328.0,649.0,6.0,848.0,345.0,1142.0
-367.0,,-120.0,-277.0,-305.0,541.0,-101.0,726.0,344.0,1171.0
-379.0,,-132.0,-193.0,-260.0,446.0,-23.0,718.0,318.0,1188.0
-355.0,,-132.0,-80.0,-210.0,467.0,193.0,851.0,265.0,1186.0
-303.0,,-150.0,16.0,-166.0,535.0,200.0,432.0,203.0,1163.0
-252.0,,-161.0,141.0,-108.0,488.0,-17.0,750.0,135.0,1133.0
-224.0,,-174.0,289.0,-32.0,398.0,-125.0,508.0,44.0,1103.0
-206.0,,-198.0,428.0,55.0,437.0,50.0,755.0,-44.0,1065.0
-152.0,,-183.0,570.0,132.0,514.0,193.0,824.0,-111.0,1016.0
-134.0,,-199.0,691.0,177.0,429.0,87.0,685.0,-181.0,983.0
-140.0,,-206.0,786.0,186.0,373.0,-72.0,994.0,-247.0,975.0
-113.0,,-180.0,841.0,159.0,424.0,-54.0,620.0,-305.0,988.0
-54.0,,-177.0,837.0,125.0,478.0,121.0,866.0,-361.0,1021.0
-17.0,,-134.0,806.0,118.0,476.0,91.0,681.0,-416.0,1070.0
-26.0,,-108.0,736.0,159.0,379.0,-227.0,700.0,-446.0,1126.0
9.0,,-68.0,647.0,221.0,404.0,-433.0,822.0,-460.0,1180.0
34.0,,16.0,581.0,267.0,488.0,-363.0,583.0,-471.0,1229.0
0.0,,52.0,489.0,297.0,421.0,-162.0,909.0,-444.0,1234.0
-29.0,,120.0,378.0,309.0,362.0,-33.0,631.0,-409.0,1186.0
-29.0,,219.0,299.0,296.0,425.0,-136.0,840.0,-363.0,1118.0
-13.0,,268.0,265.0,261.0,487.0,-310.0,781.0,-296.0,1004.0
-43.0,,337.0,265.0,205.0,452.0,-347.0,709.0,-216.0,849.0
-70.0,,396.0,257.0,128.0,366.0,-314.0,868.0,-112.0,707.0
-54.0,,436.0,251.0,34.0,417.0,-258.0,515.0,-22.0,572.0
-24.0,,492.0,273.0,-59.0,513.0,-133.0,787.0,80.0,477.0
-3.0,,536.0,331.0,-139.0,473.0,-85.0,532.0,190.0,398.0
-22.0,,558.0,412.0,-200.0,442.0,-207.0,655.0,272.0,338.0
-22.0,,602.0,467.0,-226.0,468.0,-314.0,737.0,351.0,346.0
20.0,,631.0,491.0,-227.0,595.0,-295.0,607.0,399.0,385.0
62.0,,621.0,491.0,-212.0,656.0,-216.0,914.0,418.0,429.0
48.0,,629.0,474.0,-173.0,568.0,-223.0,461.0,423.0,508.0
28.0,,603.0,455.0,-100.0,609.0,-362.0,546.0,421.0,618.0
72.0,,604.0,415.0,-5.0,778.0,-537.0,339.0,410.0,707.0
83.0,,576.0,386.0,70.0,834.0,-469.0,356.0,392.0,799.0
42.0,,531.0,390.0,123.0,749.0,-247.0,668.0,384.0,882.0
5.0,,558.0,365.0,158.0,749.0,-350.0,476.0,387.0,917.0
32.0,,531.0,304.0,168.0,806.0,-579.0,816.0,383.0,940.0
52.0,,537.0,253.0,167.0,818.0,-564.0,519.0,373.0,969.0
-7.0,,552.0,221.0,163.0,769.0,-430.0,559.0,372.0,1000.0
-48.0,,551.0,188.0,156.0,797.0,-402.0,452.0,347.0,1051.0
-75.0,,587.0,185.0,140.0,925.0,-453.0,216.0,308.0,1142.0
-97.0,,576.0,212.0,133.0,897.0,-472.0,519.0,267.0,1263.0
-123.0,,592.0,245.0,124.0,852.0,-459.0,402.0,233.0,1396.0
-171.0,,616.0,288.0,101.0,908.0,-405.0,807.0,206.0,1514.0
-202.0,,618.0,313.0,81.0,1009.0,-462.0,567.0,178.0,1606.0
-233.0,,624.0,342.0,63.0,1050.0,-565.0,471.0,173.0,1660.0
-265.0,,611.0,381.0,55.0,978.0,-486.0,467.0,178.0,1650.0
-307.0,,608.0,401.0,55.0,965.0,-265.0,162.0,181.0,1599.0
-328.0,,597.0,429.0,48.0,1084.0,-215.0,607.0,174.0,1501.0
-315.0,,582.0,463.0,44.0,1149.0,-497.0,498.0,157.0,1354.0
-282.0,,555.0,481.0,33.0,1016.0,-704.0,818.0,141.0,1195.0
-274.0,,542.0,470.0,14.0,1014.0,-538.0,703.0,133.0,992.0
-262.0,,514.0,434.0,0.0,1165.0,-250.0,365.0,137.0,772.0
-172.0,,479.0,399.0,-21.0,1206.0,-316.0,341.0,141.0,565.0
-69.0,,455.0,363.0,-43.0,1122.0,-572.0,-73.0,139.0,363.0
-9.0,,407.0,304.0,-50.0,1043.0,-501.0,389.0,115.0,193.0
60.0,,406.0,253.0,-39.0,1143.0,-345.0,393.0,99.0,43.0
179.0,,380.0,214.0,4.0,1176.0,-476.0,646.0,80.0,-53.0
283.0,,361.0,158.0,63.0,1103.0,-691.0,779.0,40.0,-129.0
344.0,,367.0,76.0,106.0,1108.0,-666.0,448.0,10.0,-161.0
407.0,,339.0,-26.0,115.0,1162.0,-475.0,543.0,-33.0,-133.0
498.0,,351.0,-152.0,77.0,1216.0,-305.0,164.0,-81.0,-78.0
571.0,,315.0,-266.0,41.0,1183.0,-329.0,565.0,-107.0,33.0
593.0,,278.0,-334.0,15.0,1096.0,-518.0,574.0,-120.0,153.0
622.0,,273.0,-391.0,-10.0,1166.0,-513.0,554.0,-118.0,299.0
656.0,,218.0,-446.0,-37.0,1308.0,-380.0,674.0,-93.0,467.0
664.0,,187.0,-503.0,-85.0,1202.0,-384.0,219.0,-29.0,629.0
635.0,,132.0,-557.0,-119.0,1113.0,-470.0,528.0,48.0,767.0
587.0,,87.0,-560.0,-151.0,1141.0,-444.0,336.0,111.0,859.0
554.0,,76.0,-518.0,-182.0,1141.0,-359.0,482.0,164.0,912.0
518.0,,25.0,-477.0,-200.0,1099.0,-495.0,596.0,218.0,922.0
461.0,,8.0,-439.0,-198.0,986.0,-646.0,509.0,273.0,931.0
415.0,,24.0,-375.0,-153.0,1088.0,-523.0,785.0,324.0,924.0
392.0,,29.0,-255.0,-94.0,1179.0,-267.0,432.0,367.0,903.0
364.0,,26.0,-100.0,-56.0,1026.0,-138.0,574.0,409.0,908.0
327.0,,50.0,41.0,-49.0,880.0,-305.0,328.0,439.0,928.0
287.0,,87.0,179.0,-73.0,907.0,-537.0,439.0,453.0,986.0
270.0,,87.0,297.0,-119.0,989.0,-554.0,748.0,457.0,1053.0
277.0,,120.0,394.0,-170.0,869.0,-386.0,567.0,439.0,1081.0
266.0,,147.0,479.0,-204.0,723.0,-271.0,958.0,394.0,1111.0
240.0,,156.0,529.0,-198.0,780.0,-369.0,691.0,341.0,1123.0
219.0,,166.0,549.0,-156.0,911.0,-440.0,759.0,265.0,1107.0
225.0,,152.0,515.0,-98.0,899.0,-384.0,583.0,181.0,1060.0
224.0,,151.0,467.0,-22.0,819.0,-389.0,319.0,116.0,982.0
208.0,,139.0,439.0,60.0,798.0,-470.0,546.0,53.0,888.0
202.0,,147.0,408.0,143.0,855.0,-490.0,264.0,-3.0,748.0
203.0,,149.0,363.0,221.0,881.0,-402.0,495.0,-50.0,608.0
210.0,,142.0,301.0,260.0,778.0,-327.0,277.0,-71.0,508.0
177.0,,163.0,296.0,254.0,790.0,-343.0,393.0,-85.0,436.0
148.0,,164.0,332.0,241.0,885.0,-350.0,506.0,-91.0,379.0
169.0,,178.0,365.0,215.0,834.0,-275.0,282.0,-58.0,331.0
156.0,,204.0,421.0,173.0,709.0,-240.0,561.0,-14.0,288.0
114.0,,234.0,475.0,115.0,680.0,-267.0,162.0,44.0,255.0
73.0,,280.0,541.0,33.0,728.0,-260.0,419.0,116.0,203.0
56.0,,301.0,625.0,-50.0,780.0,-216.0,458.0,185.0,154.0
57.0,,327.0,708.0,-125.0,747.0,-165.0,415.0,255.0,144.0
20.0,,357.0,775.0,-159.0,684.0,-204.0,631.0,335.0,141.0
-16.0,,358.0,809.0,-126.0,756.0,-322.0,369.0,392.0,180.0
-39.0,,358.0,823.0,-51.0,715.0,-331.0,648.0,432.0,244.0
-40.0,,370.0,809.0,52.0,584.0,-112.0,314.0,474.0,334.0
-50.0,,376.0,772.0,138.0,634.0,76.0,386.0,490.0,436.0
-88.0,,355.0,703.0,186.0,699.0,-32.0,389.0,496.0,538.0
-79.0,,346.0,579.0,204.0,634.0,-182.0,218.0,484.0,662.0
-63.0,,321.0,418.0,188.0,477.0,-76.0,570.0,475.0,767.0
-51.0,,300.0,245.0,161.0,430.0,129.0,327.0,469.0,878.0
-39.0,,301.0,86.0,125.0,563.0,92.0,718.0,433.0,976.0
-13.0,,247.0,-64.0,86.0,555.0,-160.0,572.0,386.0,1035.0
39.0,,230.0,-171.0,64.0,379.0,-304.0,417.0,334.0,1081.0
62.0,,221.0,-204.0,74.0,373.0,-162.0,469.0,276.0,1105.0
83.0,,174.0,-194.0,107.0,461.0,65.0,182.0,210.0,1097.0
127.0,,148.0,-152.0,137.0,469.0,63.0,604.0,123.0,1068.0
163.0,,108.0,-75.0,168.0,417.0,-137.0,445.0,25.0,1051.0
183.0,,71.0,26.0,158.0,348.0,-227.0,604.0,-67.0,1053.0
213.0,,39.0,140.0,92.0,434.0,-115.0,410.0,-163.0,1037.0
243.0,,3.0,265.0,16.0,437.0,4.0,160.0,-243.0,1017.0
264.0,,-21.0,351.0,-39.0,237.0,72.0,417.0,-292.0,997.0
267.0,,-34.0,399.0,-73.0,169.0,10.0,149.0,-326.0,941.0
244.0,,-43.0,422.0,-111.0,214.0,-52.0,558.0,-343.0,863.0
242.0,,-41.0,339.0,-135.0,252.0,0.0,384.0,-340.0,764.0
260.0,,-27.0,234.0,-128.0,180.0,-17.0,362.0,-310.0,630.0
256.0,,-11.0,186.0,-125.0,73.0,-43.0,367.0,-251.0,478.0
225.0,,23.0,124.0,-139.0,154.0,-17.0,-55.0,-178.0,338.0
237.0,,45.0,82.0,-145.0,210.0,67.0,177.0,-105.0,198.0
284.0,,69.0,30.0,-113.0,102.0,128.0,46.0,-49.0,99.0
311.0,,104.0,-50.0,-53.0,91.0,-19.0,558.0,-4.0,52.0
329.0,,104.0,-61.0,13.0,175.0,-246.0,696.0,12.0,1.0
381.0,,117.0,-62.0,84.0,183.0,-266.0,600.0,3.0,-41.0
462.0,,108.0,-153.0,145.0,83.0,4.0,589.0,-2.0,-95.0
515.0,,88.0,-184.0,173.0,4.0,320.0,18.0,-37.0,-159.0
539.0,,92.0,-132.0,177.0,110.0,314.0,201.0,-80.0,-217.0
557.0,,48.0,-128.0,171.0,220.0,42.0,29.0,-137.0,-275.0
611.0,,36.0,-66.0,153.0,147.0,-103.0,269.0,-192.0,-340.0
662.0,,27.0,16.0,147.0,48.0,-42.0,375.0,-217.0,-375.0
660.0,,-14.0,89.0,155.0,108.0,58.0,86.0,-242.0,-378.0
659.0,,-24.0,221.0,158.0,190.0,115.0,303.0,-255.0,-385.0
686.0,,-60.0,301.0,160.0,144.0,124.0,22.0,-262.0,-375.0
715.0,,-78.0,391.0,150.0,37.0,136.0,400.0,-242.0,-337.0
691.0,,-100.0,519.0,136.0,-11.0,201.0,421.0,-204.0,-294.0
663.0,,-137.0,583.0,125.0,45.0,166.0,413.0,-177.0,-267.0
676.0,,-138.0,615.0,115.0,6.0,-70.0,509.0,-129.0,-237.0
682.0,,-152.0,636.0,122.0,-81.0,-203.0,84.0,-83.0,-224.0
648.0,,-149.0,628.0,117.0,-56.0,-23.0,351.0,-25.0,-213.0
598.0,,-141.0,563.0,76.0,-53.0,255.0,153.0,40.0,-201.0
586.0,,-136.0,499.0,27.0,-83.0,230.0,325.0,111.0,-217.0
599.0,,-97.0,415.0,-10.0,-108.0,-91.0,386.0,192.0,-251.0
580.0,,-73.0,294.0,-27.0,-112.0,-191.0,367.0,275.0,-293.0
535.0,,-53.0,241.0,-18.0,-66.0,28.0,711.0,351.0,-338.0
505.0,,-5.0,174.0,-19.0,-117.0,174.0,227.0,407.0,-408.0
504.0,,40.0,88.0,-41.0,-152.0,58.0,253.0,439.0,-476.0
506.0,,84.0,71.0,-105.0,-74.0,-105.0,-20.0,445.0,-531.0
474.0,,129.0,58.0,-194.0,-58.0,-77.0,20.0,431.0,-593.0
440.0,,164.0,-5.0,-266.0,-120.0,64.0,206.0,403.0,-638.0
423.0,,204.0,-76.0,-324.0,-244.0,180.0,12.0,371.0,-661.0
415.0,,228.0,-138.0,-335.0,-268.0,148.0,469.0,344.0,-681.0
411.0,,228.0,-221.0,-288.0,-187.0,-65.0,219.0,329.0,-692.0
391.0,,251.0,-299.0,-184.0,-275.0,-192.0,279.0,313.0,-702.0
395.0,,256.0,-353.0,-71.0,-447.0,-123.0,208.0,302.0,-695.0
377.0,,249.0,-402.0,13.0,-410.0,-79.0,256.0,301.0,-663.0
344.0,,257.0,-445.0,76.0,-327.0,-195.0,604.0,289.0,-646.0
342.0,,236.0,-449.0,77.0,-390.0,-307.0,234.0,285.0,-629.0
332.0,,233.0,-415.0,34.0,-434.0,-184.0,524.0,291.0,-622.0
302.0,,232.0,-378.0,-4.0,-473.0,-1.0,240.0,281.0,-651.0
263.0,,224.0,-331.0,-22.0,-406.0,-8.0,25.0,234.0,-716.0
260.0,,239.0,-248.0,-23.0,-356.0,5.0,-75.0,177.0,-821.0
270.0,,244.0,-170.0,-15.0,-482.0,142.0,-240.0,124.0,-943.0
242.0,,262.0,-89.0,-5.0,-518.0,155.0,254.0,77.0,-1075.0
194.0,,239.0,14.0,7.0,-544.0,-21.0,48.0,29.0,-1219.0
159.0,,228.0,121.0,35.0,-588.0,-90.0,293.0,-11.0,-1360.0
152.0,,243.0,215.0,60.0,-621.0,152.0,208.0,-41.0,-1500.0
142.0,,202.0,271.0,78.0,-728.0,392.0,118.0,-76.0,-1632.0
92.0,,168.0,355.0,98.0,-726.0,271.0,312.0,-94.0,-1763.0
51.0,,139.0,394.0,101.0,-677.0,-69.0,59.0,-103.0,-1885.0
52.0,,92.0,352.0,96.0,-723.0,-191.0,397.0,-104.0,-1956.0
37.0,,38.0,334.0,92.0,-730.0,2.0,99.0,-75.0,-2004.0
-10.0,,-11.0,317.0,94.0,-691.0,221.0,140.0,-47.0,-2000.0
-71.0,,-70.0,306.0,90.0,-653.0,222.0,158.0,-15.0,-1942.0
-82.0,,-122.0,320.0,72.0,-694.0,45.0,29.0,12.0,-1854.0
-86.0,,-153.0,322.0,68.0,-755.0,-60.0,328.0,45.0,-1688.0
-131.0,,-219.0,289.0,86.0,-653.0,-70.0,-48.0,87.0,-1478.0
-142.0,,-237.0,243.0,128.0,-666.0,-81.0,112.0,114.0,-1254.0
-112.0,,-224.0,190.0,188.0,-857.0,-77.0,-99.0,141.0,-1014.0
-63.0,,-230.0,148.0,245.0,-909.0,-17.0,-68.0,141.0,-769.0
-47.0,,-202.0,99.0,262.0,-833.0,26.0,197.0,125.0,-528.0
-49.0,,-176.0,51.0,236.0,-761.0,-41.0,35.0,97.0,-315.0
-12.0,,-118.0,16.0,188.0,-811.0,-91.0,388.0,68.0,-134.0
33.0,,-66.0,-44.0,115.0,-882.0,-17.0,5.0,56.0,19.0
70.0,,-45.0,-55.0,46.0,-806.0,99.0,24.0,27.0,151.0
80.0,,3.0,-71.0,-8.0,-733.0,110.0,-75.0,10.0,248.0
128.0,,37.0,-115.0,-33.0,-837.0,-32.0,-225.0,-2.0,319.0
206.0,,56.0,-89.0,-17.0,-954.0,-171.0,110.0,-19.0,372.0
247.0,,62.0,-10.0,35.0,-885.0,-171.0,-92.0,-35.0,415.0
265.0,,54.0,95.0,105.0,-836.0,-59.0,299.0,-60.0,458.0
285.0,,45.0,175.0,146.0,-889.0,-18.0,206.0,-88.0,499.0
314.0,,28.0,231.0,164.0,-962.0,-76.0,234.0,-127.0,532.0
311.0,,14.0,273.0,161.0,-956.0,-36.0,216.0,-173.0,549.0
301.0,,-4.0,292.0,160.0,-825.0,141.0,-101.0,-215.0,544.0
289.0,,-22.0,305.0,186.0,-860.0,250.0,197.0,-242.0,511.0
248.0,,-38.0,269.0,196.0,-936.0,181.0,-72.0,-269.0,436.0
202.0,,-59.0,231.0,186.0,-859.0,127.0,190.0,-299.0,315.0
168.0,,-79.0,183.0,174.0,-803.0,217.0,147.0,-320.0,164.0
130.0,,-93.0,75.0,150.0,-838.0,355.0,123.0,-333.0,21.0
74.0,,-75.0,-16.0,111.0,-940.0,420.0,284.0,-334.0,-108.0
15.0,,-85.0,-103.0,79.0,-886.0,384.0,-145.0,-338.0,-259.0
-21.0,,-86.0,-191.0,48.0,-753.0,246.0,109.0,-338.0,-404.0
-36.0,,-42.0,-273.0,10.0,-820.0,117.0,-75.0,-342.0,-514.0
-55.0,,-46.0,-309.0,-27.0,-942.0,149.0,216.0,-344.0,-603.0
-74.0,,-4.0,-298.0,-72.0,-943.0,219.0,388.0,-328.0,-674.0
-77.0,,22.0,-292.0,-114.0,-909.0,132.0,203.0,-312.0,-737.0
-62.0,,49.0,-243.0,-149.0,-911.0,-37.0,436.0,-287.0,-792.0
-49.0,,125.0,-222.0,-152.0,-961.0,-88.0,-29.0,-277.0,-841.0
-31.0,,139.0,-243.0,-114.0,-971.0,-16.0,138.0,-289.0,-876.0
-13.0,,161.0,-239.0,-44.0,-889.0,115.0,-29.0,-292.0,-879.0
-11.0,,186.0,-229.0,29.0,-922.0,98.0,-11.0,-321.0,-854.0
19.0,,191.0,-226.0,56.0,-1037.0,-137.0,238.0,-356.0,-804.0
54.0,,174.0,-186.0,43.0,-981.0,-257.0,-84.0,-379.0,-736.0
70.0,,147.0,-109.0,-3.0,-920.0,-46.0,230.0,-395.0,-644.0
87.0,,140.0,-53.0,-59.0,-954.0,205.0,-33.0,-401.0,-560.0
120.0,,98.0,-6.0,-122.0,-1051.0,59.0,105.0,-385.0,-502.0
155.0,,54.0,20.0,-179.0,-1189.0,-283.0,145.0,-342.0,-463.0
152.0,,0.0,-23.0,-179.0,-1141.0,-279.0,57.0,-308.0,-439.0
129.0,,-31.0,-65.0,-147.0,-1113.0,40.0,408.0,-274.0,-452.0
105.0,,-66.0,-107.0,-109.0,-1189.0,113.0,221.0,-239.0,-512.0
68.0,,-92.0,-202.0,-71.0,-1150.0,-161.0,613.0,-204.0,-572.0
-12.0,,-83.0,-284.0,-31.0,-1048.0,-324.0,352.0,-182.0,-656.0
-101.0,,-112.0,-383.0,-13.0,-975.0,-167.0,256.0,-176.0,-738.0
-163.0,,-95.0,-493.0,-23.0,-1070.0,162.0,315.0,-169.0,-820.0
-223.0,,-103.0,-602.0,-58.0,-1156.0,338.0,-38.0,-161.0,-920.0
-294.0,,-102.0,-697.0,-118.0,-1086.0,185.0,245.0,-123.0,-969.0
-360.0,,-65.0,-743.0,-179.0,-1099.0,-138.0,22.0,-98.0,-995.0
-385.0,,-62.0,-775.0,-242.0,-1208.0,-305.0,243.0,-75.0,-1014.0
-401.0,,-30.0,-751.0,-270.0,-1202.0,-174.0,212.0,-48.0,-1006.0
-435.0,,-15.0,-676.0,-236.0,-1154.0,21.0,206.0,-40.0,-968.0
-468.0,,-4.0,-536.0,-160.0,-1165.0,20.0,500.0,-33.0,-929.0
-454.0,,0.0,-339.0,-74.0,-1162.0,-56.0,168.0,-44.0,-897.0
-401.0,,-13.0,-148.0,4.0,-1146.0,31.0,406.0,-71.0,-866.0
-357.0,,-46.0,29.0,63.0,-1032.0,158.0,118.0,-110.0,-860.0
-326.0,,-72.0,162.0,72.0,-957.0,141.0,199.0,-127.0,-860.0
-276.0,,-120.0,249.0,52.0,-1020.0,23.0,408.0,-155.0,-871.0
-193.0,,-193.0,290.0,33.0,-1014.0,-67.0,312.0,-202.0,-885.0
-123.0,,-253.0,268.0,25.0,-987.0,-77.0,691.0,-235.0,-890.0
-88.0,,-325.0,233.0,9.0,-1010.0,-19.0,351.0,-291.0,-879.0
-71.0,,-381.0,197.0,-30.0,-1066.0,106.0,504.0,-340.0,-856.0
-15.0,,-444.0,108.0,-78.0,-1141.0,178.0,397.0,-388.0,-826.0
53.0,,-507.0,12.0,-121.0,-1064.0,113.0,306.0,-446.0,-774.0
82.0,,-551.0,-82.0,-128.0,-943.0,60.0,554.0,-495.0,-718.0
110.0,,-589.0,-172.0,-112.0,-1005.0,108.0,273.0,-554.0,-642.0
147.0,,-624.0,-221.0,-91.0,-1014.0,140.0,561.0,-581.0,-560.0
174.0,,-633.0,-262.0,-71.0,-924.0,68.0,347.0,-596.0,-471.0
194.0,,-625.0,-275.0,-54.0,-864.0,18.0,491.0,-605.0,-370.0
200.0,,-607.0,-249.0,-43.0,-839.0,34.0,521.0,-586.0,-299.0
210.0,,-574.0,-211.0,-52.0,-884.0,13.0,140.0,-573.0,-226.0
214.0,,-562.0,-170.0,-48.0,-828.0,0.0,319.0,-562.0,-153.0
189.0,,-518.0,-124.0,-35.0,-755.0,-4.0,114.0,-538.0,-102.0
173.0,,-481.0,-55.0,-17.0,-824.0,-24.0,506.0,-501.0,-64.0
160.0,,-448.0,4.0,13.0,-810.0,14.0,428.0,-464.0,-40.0
139.0,,-379.0,68.0,39.0,-707.0,77.0,428.0,-400.0,-1.0
91.0,,-334.0,141.0,57.0,-671.0,1.0,715.0,-309.0,36.0
43.0,,-271.0,186.0,47.0,-665.0,-215.0,467.0,-212.0,49.0
34.0,,-223.0,184.0,15.0,-637.0,-183.0,670.0,-113.0,55.0
31.0,,-210.0,165.0,-15.0,-560.0,144.0,349.0,-22.0,59.0
23.0,,-183.0,140.0,-43.0,-493.0,233.0,533.0,65.0,77.0
-1.0,,-174.0,86.0,-52.0,-548.0,34.0,482.0,136.0,71.0
-26.0,,-175.0,72.0,-44.0,-552.0,-84.0,343.0,166.0,59.0
-53.0,,-186.0,70.0,-44.0,-421.0,-43.0,770.0,178.0,82.0
-117.0,,-205.0,63.0,-67.0,-389.0,34.0,487.0,167.0,80.0
-201.0,,-220.0,78.0,-101.0,-424.0,14.0,572.0,122.0,63.0
-288.0,,-252.0,62.0,-126.0,-486.0,86.0,138.0,85.0,50.0
-370.0,,-306.0,34.0,-138.0,-513.0,447.0,75.0,49.0,-7.0
-458.0,,-344.0,2.0,-123.0,-359.0,699.0,112.0,0.0,-101.0
-548.0,,-381.0,-40.0,-76.0,-333.0,469.0,-179.0,-35.0,-223.0
-604.0,,-437.0,-96.0,-22.0,-455.0,44.0,332.0,-53.0,-336.0
-630.0,,-460.0,-159.0,23.0,-417.0,-22.0,282.0,-57.0,-441.0
-669.0,,-498.0,-207.0,79.0,-271.0,286.0,591.0,-42.0,-565.0
-689.0,,-528.0,-261.0,133.0,-236.0,544.0,452.0,-23.0,-661.0
-671.0,,-544.0,-325.0,180.0,-352.0,646.0,267.0,-12.0,-752.0
-620.0,,-580.0,-376.0,232.0,-351.0,648.0,388.0,4.0,-826.0
-580.0,,-567.0,-388.0,281.0,-225.0,489.0,-25.0,11.0,-856.0
-547.0,,-567.0,-387.0,314.0,-244.0,139.0,245.0,13.0,-875.0
-454.0,,-571.0,-395.0,307.0,-376.0,-160.0,20.0,19.0,-855.0
-349.0,,-539.0,-376.0,288.0,-409.0,-60.0,214.0,15.0,-796.0
-288.0,,-520.0,-334.0,271.0,-348.0,316.0,304.0,20.0,-704.0
-273.0,,-500.0,-313.0,250.0,-315.0,621.0,96.0,30.0,-588.0
-232.0,,-487.0,-296.0,233.0,-332.0,684.0,478.0,42.0,-475.0
-148.0,,-472.0,-287.0,201.0,-333.0,504.0,81.0,40.0,-352.0
-77.0,,-438.0,-311.0,166.0,-244.0,244.0,236.0,23.0,-244.0
-40.0,,-410.0,-346.0,117.0,-212.0,211.0,242.0,11.0,-146.0
-11.0,,-379.0,-405.0,49.0,-302.0,496.0,258.0,-16.0,-46.0
63.0,,-333.0,-477.0,-8.0,-288.0,670.0,319.0,-52.0,30.0
134.0,,-311.0,-501.0,-70.0,-245.0,520.0,-142.0,-80.0,99.0
171.0,,-284.0,-516.0,-132.0,-317.0,373.0,140.0,-117.0,143.0
203.0,,-264.0,-519.0,-179.0,-380.0,331.0,-44.0,-148.0,179.0
234.0,,-273.0,-487.0,-226.0,-366.0,219.0,221.0,-161.0,222.0
245.0,,-267.0,-425.0,-261.0,-231.0,141.0,391.0,-169.0,228.0
218.0,,-270.0,-361.0,-274.0,-139.0,235.0,240.0,-166.0,221.0
163.0,,-297.0,-326.0,-266.0,-207.0,308.0,463.0,-160.0,203.0
112.0,,-304.0,-276.0,-212.0,-217.0,182.0,31.0,-146.0,170.0
71.0,,-312.0,-223.0,-137.0,-123.0,166.0,206.0,-122.0,129.0
-7.0,,-327.0,-180.0,-46.0,-47.0,414.0,53.0,-91.0,58.0
-99.0,,-335.0,-160.0,51.0,-110.0,447.0,66.0,-60.0,-9.0
-129.0,,-380.0,-155.0,105.0,-189.0,230.0,254.0,-40.0,-66.0
-149.0,,-373.0,-131.0,113.0,-113.0,258.0,0.0,-4.0,-139.0
-218.0,,-360.0,-114.0,92.0,-35.0,559.0,295.0,24.0,-212.0
-276.0,,-378.0,-100.0,61.0,-100.0,714.0,-5.0,33.0,-259.0
-298.0,,-336.0,-72.0,49.0,-162.0,597.0,201.0,41.0,-295.0
-325.0,,-303.0,-70.0,64.0,-63.0,357.0,234.0,58.0,-348.0
-388.0,,-262.0,-125.0,73.0,13.0,77.0,62.0,70.0,-385.0
-463.0,,-223.0,-190.0,62.0,-28.0,37.0,234.0,63.0,-407.0
-492.0,,-215.0,-248.0,43.0,-53.0,367.0,-88.0,50.0,-418.0
-481.0,,-176.0,-332.0,23.0,-4.0,613.0,179.0,39.0,-394.0
-489.0,,-156.0,-440.0,-1.0,95.0,419.0,-92.0,12.0,-351.0
-509.0,,-166.0,-522.0,-38.0,100.0,98.0,-57.0,-35.0,-293.0
-485.0,,-165.0,-555.0,-77.0,60.0,98.0,107.0,-114.0,-219.0
-429.0,,-179.0,-532.0,-129.0,137.0,317.0,-79.0,-213.0,-119.0
-386.0,,-196.0,-472.0,-194.0,189.0,319.0,212.0,-316.0,-21.0
-389.0,,-221.0,-401.0,-248.0,169.0,-21.0,-72.0,-439.0,80.0
-356.0,,-266.0,-317.0,-274.0,155.0,-130.0,131.0,-579.0,179.0
-275.0,,-283.0,-237.0,-264.0,166.0,245.0,-62.0,-714.0,257.0
-245.0,,-295.0,-181.0,-228.0,250.0,331.0,-120.0,-835.0,323.0
-247.0,,-318.0,-155.0,-182.0,248.0,-177.0,181.0,-948.0,346.0
-221.0,,-305.0,-127.0,-131.0,179.0,-571.0,-164.0,-1040.0,353.0
-174.0,,-296.0,-103.0,-80.0,279.0,-260.0,55.0,-1097.0,354.0
-191.0,,-290.0,-118.0,-57.0,388.0,370.0,-238.0,-1115.0,333.0
-231.0,,-255.0,-159.0,-52.0,367.0,428.0,-145.0,-1097.0,311.0
-242.0,,-271.0,-225.0,-65.0,308.0,-210.0,-70.0,-1042.0,299.0
-246.0,,-253.0,-300.0,-83.0,340.0,-788.0,-206.0,-929.0,306.0
-268.0,,-208.0,-394.0,-76.0,492.0,-757.0,175.0,-803.0,319.0
-324.0,,-220.0,-478.0,-71.0,498.0,-271.0,-73.0,-667.0,324.0
-354.0,,-194.0,-484.0,-50.0,406.0,221.0,160.0,-521.0,337.0
-351.0,,-183.0,-463.0,-10.0,423.0,270.0,-53.0,-395.0,356.0
-369.0,,-192.0,-438.0,35.0,507.0,-102.0,-157.0,-287.0,388.0
-432.0,,-182.0,-352.0,102.0,528.0,-462.0,1.0,-204.0,450.0
-491.0,,-210.0,-231.0,168.0,513.0,-572.0,-218.0,-134.0,526.0
-504.0,,-223.0,-102.0,201.0,590.0,-501.0,232.0,-89.0,609.0
-528.0,,-230.0,58.0,190.0,667.0,-366.0,64.0,-59.0,669.0
-619.0,,-245.0,223.0,133.0,638.0,-68.0,160.0,-38.0,705.0
-700.0,,-258.0,345.0,61.0,513.0,99.0,49.0,-35.0,719.0
-706.0,,-271.0,401.0,-7.0,534.0,-227.0,-157.0,-36.0,688.0
-701.0,,-261.0,420.0,-89.0,646.0,-598.0,64.0,-62.0,632.0
-752.0,,-258.0,455.0,-167.0,706.0,-543.0,-267.0,-92.0,566.0
-817.0,,-247.0,456.0,-232.0,714.0,-201.0,40.0,-123.0,501.0
-812.0,,-211.0,377.0,-265.0,632.0,-3.0,-62.0,-153.0,452.0
-798.0,,-186.0,280.0,-254.0,700.0,-96.0,59.0,-165.0,401.0
-837.0,,-161.0,169.0,-197.0,758.0,-207.0,229.0,-178.0,322.0
-866.0,,-132.0,42.0,-117.0,684.0,-278.0,5.0,-193.0,230.0
-833.0,,-133.0,-61.0,-48.0,682.0,-419.0,301.0,-206.0,125.0
-789.0,,-122.0,-128.0,-18.0,748.0,-523.0,-60.0,-213.0,27.0
-786.0,,-121.0,-149.0,-37.0,790.0,-467.0,109.0,-218.0,-67.0
-784.0,,-159.0,-144.0,-68.0,745.0,-308.0,14.0,-229.0,-172.0
-738.0,,-162.0,-115.0,-82.0,712.0,-129.0,-164.0,-242.0,-243.0
-662.0,,-181.0,-81.0,-63.0,777.0,-8.0,7.0,-234.0,-289.0
-615.0,,-226.0,-45.0,-32.0,893.0,-188.0,-304.0,-228.0,-302.0
-582.0,,-232.0,10.0,7.0,866.0,-728.0,-5.0,-236.0,-271.0
-525.0,,-268.0,48.0,69.0,778.0,-1213.0,-262.0,-242.0,-181.0
-443.0,,-280.0,30.0,125.0,851.0,-1103.0,-103.0,-262.0,-30.0
-379.0,,-288.0,-41.0,175.0,886.0,-438.0,38.0,-299.0,128.0
-355.0,,-319.0,-123.0,210.0,797.0,70.0,-214.0,-333.0,293.0
-302.0,,-307.0,-209.0,231.0,735.0,-169.0,51.0,-364.0,456.0
-226.0,,-313.0,-334.0,245.0,763.0,-829.0,-282.0,-397.0,580.0
-195.0,,-309.0,-438.0,256.0,815.0,-1104.0,-55.0,-399.0,644.0
-189.0,,-289.0,-492.0,247.0,748.0,-871.0,-247.0,-402.0,684.0
-169.0,,-271.0,-512.0,198.0,676.0,-430.0,-347.0,-389.0,685.0
-132.0,,-239.0,-511.0,140.0,743.0,-30.0,-151.0,-350.0,645.0
-136.0,,-219.0,-512.0,95.0,802.0,22.0,-436.0,-327.0,621.0
-165.0,,-206.0,-471.0,68.0,764.0,-412.0,-90.0,-295.0,599.0
-160.0,,-201.0,-408.0,51.0,673.0,-1045.0,-371.0,-263.0,600.0
-155.0,,-185.0,-335.0,26.0,649.0,-1232.0,-212.0,-239.0,626.0
-178.0,,-160.0,-257.0,5.0,736.0,-743.0,-227.0,-200.0,680.0
-215.0,,-129.0,-208.0,0.0,707.0,-129.0,-454.0,-176.0,737.0
-222.0,,-105.0,-163.0,2.0,559.0,-119.0,-182.0,-166.0,775.0
-198.0,,-79.0,-137.0,16.0,586.0,-747.0,-556.0,-155.0,814.0
-197.0,,-40.0,-129.0,28.0,668.0,-1258.0,-341.0,-159.0,828.0
-214.0,,-33.0,-128.0,15.0,565.0,-1017.0,-517.0,-168.0,842.0
-212.0,,4.0,-141.0,-15.0,419.0,-186.0,-421.0,-191.0,823.0
-184.0,,54.0,-179.0,-36.0,394.0,347.0,-240.0,-235.0,783.0
-157.0,,47.0,-227.0,-44.0,492.0,-6.0,-478.0,-266.0,745.0
-171.0,,98.0,-242.0,-47.0,514.0,-805.0,-194.0,-303.0,668.0
-182.0,,122.0,-254.0,-59.0,439.0,-1075.0,-596.0,-336.0,594.0
-148.0,,124.0,-257.0,-82.0,443.0,-632.0,-450.0,-355.0,503.0
-107.0,,147.0,-210.0,-111.0,486.0,-160.0,-495.0,-366.0,415.0
-79.0,,106.0,-148.0,-142.0,443.0,-74.0,-511.0,-361.0,344.0
-40.0,,103.0,-89.0,-169.0,299.0,-294.0,-162.0,-373.0,258.0
35.0,,80.0,-43.0,-182.0,258.0,-523.0,-424.0,-370.0,185.0
120.0,,14.0,-24.0,-160.0,350.0,-699.0,-134.0,-341.0,72.0
160.0,,-20.0,-14.0,-105.0,365.0,-752.0,-412.0,-316.0,-50.0
182.0,,-83.0,-34.0,-40.0,250.0,-485.0,-413.0,-273.0,-146.0
238.0,,-147.0,-75.0,1.0,189.0,-150.0,-432.0,-240.0,-253.0
272.0,,-204.0,-122.0,-4.0,258.0,-149.0,-672.0,-207.0,-329.0
245.0,,-285.0,-193.0,-55.0,262.0,-399.0,-354.0,-154.0,-386.0
220.0,,-350.0,-259.0,-142.0,191.0,-431.0,-683.0,-100.0,-455.0
217.0,,-398.0,-317.0,-232.0,141.0,-292.0,-424.0,-43.0,-510.0
228.0,,-458.0,-374.0,-292.0,189.0,-437.0,-515.0,16.0,-546.0
210.0,,-497.0,-426.0,-314.0,256.0,-794.0,-594.0,76.0,-574.0
170.0,,-523.0,-496.0,-296.0,159.0,-874.0,-397.0,130.0,-594.0
172.0,,-557.0,-563.0,-239.0,25.0,-523.0,-646.0,177.0,-592.0
182.0,,-574.0,-620.0,-175.0,-27.0,-234.0,-293.0,220.0,-547.0
158.0,,-602.0,-671.0,-97.0,-16.0,-408.0,-545.0,249.0,-447.0
118.0,,-619.0,-715.0,-8.0,-27.0,-686.0,-415.0,282.0,-343.0
114.0,,-608.0,-734.0,76.0,-35.0,-614.0,-399.0,300.0,-228.0
124.0,,-612.0,-691.0,159.0,77.0,-262.0,-596.0,286.0,-70.0
89.0,,-601.0,-631.0,192.0,142.0,40.0,-358.0,256.0,74.0
46.0,,-586.0,-601.0,183.0,64.0,73.0,-739.0,198.0,190.0
56.0,,-584.0,-574.0,166.0,6.0,18.0,-508.0,121.0,268.0
89.0,,-563.0,-556.0,146.0,95.0,-145.0,-689.0,40.0,330.0
104.0,,-567.0,-566.0,140.0,120.0,-715.0,-663.0,-54.0,359.0
105.0,,-574.0,-577.0,142.0,7.0,-1184.0,-469.0,-164.0,337.0
108.0,,-559.0,-574.0,153.0,-22.0,-914.0,-702.0,-277.0,308.0
154.0,,-570.0,-555.0,161.0,17.0,-226.0,-328.0,-383.0,245.0
194.0,,-578.0,-519.0,130.0,13.0,180.0,-615.0,-480.0,150.0
172.0,,-562.0,-458.0,73.0,-90.0,21.0,-500.0,-568.0,54.0
149.0,,-547.0,-369.0,21.0,-130.0,-528.0,-644.0,-657.0,-24.0
163.0,,-538.0,-287.0,-37.0,-52.0,-943.0,-816.0,-736.0,-109.0
167.0,,-518.0,-213.0,-84.0,-69.0,-483.0,-528.0,-795.0,-187.0
101.0,,-487.0,-121.0,-87.0,-135.0,451.0,-824.0,-860.0,-236.0
36.0,,-467.0,-32.0,-58.0,-181.0,467.0,-476.0,-900.0,-293.0
14.0,,-446.0,1.0,-6.0,-185.0,-460.0,-637.0,-903.0,-341.0
-14.0,,-415.0,0.0,49.0,-118.0,-1000.0,-574.0,-880.0,-366.0
-69.0,,-394.0,24.0,91.0,-160.0,-522.0,-491.0,-826.0,-396.0
-128.0,,-380.0,48.0,114.0,-290.0,49.0,-768.0,-750.0,-408.0
-133.0,,-363.0,70.0,106.0,-290.0,-74.0,-522.0,-635.0,-368.0
-130.0,,-367.0,93.0,73.0,-219.0,-454.0,-885.0,-502.0,-324.0
-167.0,,-363.0,74.0,22.0,-217.0,-650.0,-665.0,-369.0,-273.0
-186.0,,-360.0,21.0,-37.0,-325.0,-640.0,-678.0,-227.0,-218.0
-164.0,,-375.0,-37.0,-74.0,-358.0,-479.0,-659.0,-102.0,-166.0
-151.0,,-362.0,-106.0,-79.0,-252.0,-285.0,-419.0,2.0,-93.0
-182.0,,-370.0,-192.0,-61.0,-247.0,-166.0,-722.0,93.0,-39.0
-203.0,,-353.0,-247.0,-22.0,-300.0,-118.0,-450.0,160.0,39.0
-199.0,,-321.0,-269.0,28.0,-254.0,23.0,-781.0,210.0,126.0
-191.0,,-324.0,-286.0,57.0,-162.0,1.0,-713.0,243.0,176.0
-197.0,,-284.0,-276.0,71.0,-134.0,-388.0,-678.0,252.0,222.0
-227.0,,-243.0,-265.0,81.0,-175.0,-585.0,-842.0,242.0,273.0
-226.0,,-206.0,-256.0,79.0,-177.0,-472.0,-498.0,221.0,307.0
-200.0,,-153.0,-239.0,89.0,-116.0,-622.0,-768.0,172.0,293.0
-212.0,,-119.0,-198.0,115.0,-93.0,-911.0,-517.0,97.0,280.0
-241.0,,-88.0,-131.0,147.0,-166.0,-687.0,-727.0,0.0,271.0
-260.0,,-55.0,-75.0,151.0,-153.0,-275.0,-739.0,-104.0,236.0
-250.0,,-44.0,-55.0,123.0,-91.0,-194.0,-572.0,-191.0,204.0
-234.0,,-48.0,-82.0,97.0,-73.0,-201.0,-861.0,-270.0,189.0
-262.0,,-28.0,-89.0,85.0,-50.0,-301.0,-533.0,-330.0,165.0
-270.0,,-24.0,-71.0,90.0,-63.0,-579.0,-864.0,-346.0,116.0
-235.0,,-38.0,-50.0,109.0,-14.0,-561.0,-720.0,-340.0,78.0
-215.0,,-35.0,-6.0,140.0,33.0,-24.0,-726.0,-307.0,22.0
-243.0,,-48.0,17.0,168.0,-8.0,144.0,-835.0,-234.0,-40.0
-265.0,,-44.0,33.0,190.0,-56.0,-461.0,-502.0,-135.0,-117.0
-219.0,,-53.0,50.0,190.0,-27.0,-1101.0,-733.0,-40.0,-232.0
-185.0,,-86.0,31.0,155.0,70.0,-1272.0,-417.0,39.0,-336.0
-198.0,,-58.0,4.0,126.0,58.0,-765.0,-668.0,106.0,-445.0
-206.0,,-71.0,-35.0,106.0,-33.0,14.0,-639.0,149.0,-550.0
-160.0,,-90.0,-85.0,74.0,12.0,84.0,-539.0,181.0,-639.0
-106.0,,-66.0,-125.0,33.0,102.0,-428.0,-814.0,208.0,-684.0
-114.0,,-76.0,-193.0,-28.0,87.0,-632.0,-541.0,205.0,-677.0
-119.0,,-68.0,-282.0,-84.0,66.0,-626.0,-888.0,200.0,-635.0
-65.0,,-83.0,-355.0,-121.0,95.0,-793.0,-718.0,204.0,-531.0
-6.0,,-83.0,-426.0,-151.0,146.0,-780.0,-816.0,198.0,-366.0
-12.0,,-90.0,-502.0,-154.0,89.0,-393.0,-818.0,188.0,-188.0
-26.0,,-107.0,-543.0,-123.0,32.0,-281.0,-593.0,186.0,-7.0
8.0,,-95.0,-553.0,-80.0,65.0,-459.0,-923.0,181.0,179.0
62.0,,-134.0,-554.0,-38.0,85.0,-560.0,-604.0,181.0,325.0
73.0,,-166.0,-529.0,1.0,73.0,-815.0,-809.0,181.0,446.0
61.0,,-189.0,-436.0,15.0,16.0,-857.0,-648.0,172.0,525.0
91.0,,-228.0,-328.0,-2.0,-1.0,-578.0,-641.0,160.0,553.0
131.0,,-271.0,-262.0,-19.0,-20.0,-457.0,-886.0,140.0,561.0
145.0,,-307.0,-197.0,-29.0,-4.0,-732.0,-620.0,126.0,529.0
124.0,,-337.0,-107.0,-23.0,-22.0,-1013.0,-936.0,112.0,477.0
123.0,,-378.0,12.0,-3.0,-64.0,-637.0,-655.0,110.0,427.0
157.0,,-402.0,141.0,19.0,-15.0,-102.0,-757.0,98.0,391.0
147.0,,-434.0,293.0,18.0,-41.0,-79.0,-755.0,69.0,379.0
117.0,,-456.0,432.0,-8.0,-115.0,-309.0,-622.0,54.0,375.0
115.0,,-471.0,509.0,-28.0,-185.0,-543.0,-897.0,19.0,369.0
120.0,,-499.0,536.0,-42.0,-160.0,-994.0,-567.0,-22.0,386.0
112.0,,-484.0,503.0,-34.0,-141.0,-1558.0,-868.0,-51.0,400.0
86.0,,-481.0,453.0,-22.0,-202.0,-1405.0,-687.0,-63.0,392.0
84.0,,-480.0,383.0,-34.0,-219.0,-578.0,-637.0,-42.0,357.0
100.0,,-470.0,287.0,-62.0,-223.0,118.0,-781.0,-13.0,298.0
93.0,,-472.0,179.0,-100.0,-241.0,491.0,-528.0,26.0,270.0
68.0,,-440.0,42.0,-155.0,-295.0,173.0,-848.0,80.0,261.0
59.0,,-451.0,-72.0,-225.0,-281.0,-872.0,-631.0,121.0,220.0
95.0,,-440.0,-160.0,-275.0,-267.0,-1555.0,-861.0,152.0,168.0
92.0,,-401.0,-238.0,-278.0,-296.0,-1030.0,-774.0,189.0,119.0
60.0,,-398.0,-299.0,-222.0,-286.0,-296.0,-600.0,216.0,42.0
68.0,,-366.0,-355.0,-142.0,-294.0,-330.0,-807.0,242.0,-26.0
85.0,,-358.0,-381.0,-72.0,-312.0,-451.0,-480.0,282.0,-104.0
79.0,,-348.0,-384.0,-12.0,-369.0,-290.0,-820.0,300.0,-194.0
37.0,,-325.0,-371.0,35.0,-465.0,-110.0,-674.0,302.0,-277.0
27.0,,-309.0,-320.0,67.0,-506.0,-233.0,-774.0,288.0,-363.0
60.0,,-292.0,-269.0,62.0,-512.0,-502.0,-807.0,261.0,-444.0
48.0,,-247.0,-241.0,33.0,-533.0,-705.0,-498.0,200.0,-511.0
-10.0,,-214.0,-224.0,3.0,-571.0,-1089.0,-776.0,100.0,-581.0
-34.0,,-202.0,-231.0,-55.0,-598.0,-1271.0,-445.0,20.0,-660.0
-5.0,,-129.0,-240.0,-141.0,-596.0,-772.0,-657.0,-80.0,-686.0
-6.0,,-114.0,-253.0,-217.0,-620.0,84.0,-572.0,-182.0,-703.0
-84.0,,-58.0,-269.0,-263.0,-696.0,433.0,-497.0,-261.0,-708.0
-142.0,,4.0,-252.0,-289.0,-715.0,-11.0,-683.0,-333.0,-677.0
-124.0,,10.0,-216.0,-275.0,-672.0,-643.0,-419.0,-381.0,-623.0
-122.0,,96.0,-191.0,-224.0,-722.0,-1056.0,-724.0,-413.0,-515.0
-176.0,,140.0,-146.0,-177.0,-812.0,-646.0,-450.0,-425.0,-377.0
-260.0,,183.0,-81.0,-145.0,-820.0,472.0,-604.0,-405.0,-243.0
-269.0,,227.0,-38.0,-129.0,-827.0,487.0,-674.0,-370.0,-130.0
-233.0,,244.0,-29.0,-112.0,-858.0,-1026.0,-497.0,-326.0,-33.0
-258.0,,293.0,-51.0,-79.0,-840.0,-1881.0,-822.0,-262.0,7.0
-300.0,,301.0,-96.0,-39.0,-853.0,-775.0,-513.0,-194.0,-19.0
-309.0,,304.0,-185.0,6.0,-885.0,857.0,-720.0,-127.0,-78.0
-272.0,,326.0,-309.0,58.0,-884.0,1285.0,-550.0,-80.0,-178.0
-253.0,,316.0,-415.0,91.0,-856.0,23.0,-526.0,-42.0,-293.0
-292.0,,303.0,-522.0,102.0,-826.0,-1766.0,-670.0,-11.0,-392.0
-299.0,,275.0,-655.0,101.0,-845.0,-1653.0,-399.0,1.0,-479.0
-260.0,,245.0,-770.0,79.0,-840.0,152.0,-724.0,20.0,-534.0
-238.0,,229.0,-821.0,57.0,-856.0,936.0,-463.0,24.0,-542.0
-260.0,,183.0,-824.0,42.0,-836.0,-6.0,-691.0,19.0,-532.0
-288.0,,163.0,-803.0,23.0,-828.0,-1054.0,-667.0,6.0,-494.0
-279.0,,150.0,-742.0,12.0,-883.0,-829.0,-478.0,-11.0,-413.0
-283.0,,150.0,-651.0,18.0,-833.0,353.0,-739.0,-34.0,-316.0
-318.0,,176.0,-543.0,47.0,-809.0,1290.0,-382.0,-66.0,-211.0
-330.0,,193.0,-442.0,74.0,-795.0,917.0,-644.0,-80.0,-97.0
-288.0,,217.0,-366.0,89.0,-761.0,-461.0,-430.0,-88.0,39.0
-260.0,,255.0,-307.0,101.0,-805.0,-1403.0,-467.0,-102.0,178.0
-248.0,,301.0,-264.0,111.0,-794.0,-1035.0,-587.0,-113.0,311.0
-188.0,,338.0,-222.0,124.0,-756.0,405.0,-321.0,-121.0,441.0
-113.0,,405.0,-172.0,137.0,-790.0,1458.0,-602.0,-140.0,568.0
-42.0,,467.0,-117.0,165.0,-792.0,1361.0,-286.0,-156.0,668.0
2.0,,525.0,-82.0,187.0,-757.0,361.0,-522.0,-179.0,713.0
51.0,,562.0,-70.0,189.0,-709.0,-1054.0,-399.0,-207.0,744.0
112.0,,541.0,-62.0,165.0,-695.0,-1430.0,-218.0,-232.0,742.0
145.0,,544.0,-67.0,104.0,-713.0,-299.0,-341.0,-262.0,696.0
152.0,,513.0,-89.0,50.0,-652.0,886.0,18.0,-289.0,599.0
166.0,,434.0,-109.0,21.0,-607.0,940.0,-349.0,-322.0,486.0
187.0,,391.0,-117.0,12.0,-650.0,347.0,-188.0,-344.0,407.0
190.0,,342.0,-125.0,39.0,-684.0,-72.0,-321.0,-349.0,313.0
179.0,,241.0,-124.0,82.0,-641.0,-408.0,-310.0,-336.0,208.0
156.0,,177.0,-114.0,103.0,-578.0,-150.0,-7.0,-307.0,120.0
156.0,,116.0,-123.0,112.0,-552.0,497.0,-223.0,-276.0,56.0
167.0,,28.0,-141.0,103.0,-552.0,502.0,112.0,-236.0,-12.0
161.0,,-3.0,-159.0,70.0,-564.0,121.0,-203.0,-199.0,-76.0
156.0,,-72.0,-177.0,50.0,-540.0,-112.0,-157.0,-145.0,-101.0
157.0,,-125.0,-184.0,32.0,-534.0,166.0,-199.0,-80.0,-101.0
139.0,,-134.0,-152.0,6.0,-532.0,239.0,-349.0,0.0,-71.0
97.0,,-165.0,-97.0,6.0,-543.0,-39.0,-11.0,100.0,-49.0
76.0,,-170.0,-48.0,27.0,-588.0,24.0,-227.0,190.0,-41.0
66.0,,-155.0,6.0,41.0,-552.0,-38.0,160.0,276.0,-26.0
51.0,,-121.0,74.0,59.0,-527.0,-76.0,1.0,343.0,-38.0
28.0,,-85.0,143.0,68.0,-525.0,-71.0,-46.0,407.0,-84.0
25.0,,-59.0,203.0,48.0,-511.0,160.0,-12.0,470.0,-149.0
53.0,,-18.0,235.0,20.0,-519.0,805.0,-339.0,506.0,-220.0
68.0,,21.0,228.0,-13.0,-496.0,753.0,18.0,538.0,-279.0
62.0,,25.0,197.0,-30.0,-518.0,-87.0,-192.0,556.0,-315.0
63.0,,44.0,144.0,-41.0,-514.0,-520.0,114.0,559.0,-326.0
74.0,,45.0,83.0,-47.0,-497.0,280.0,105.0,559.0,-286.0
81.0,,26.0,37.0,-41.0,-524.0,871.0,-72.0,543.0,-214.0
74.0,,20.0,-15.0,-43.0,-502.0,115.0,48.0,539.0,-135.0
79.0,,-22.0,-69.0,-46.0,-488.0,-428.0,-382.0,545.0,-41.0
82.0,,-64.0,-88.0,-49.0,-522.0,239.0,-88.0,550.0,51.0
59.0,,-98.0,-58.0,-41.0,-577.0,1000.0,-194.0,551.0,141.0
35.0,,-124.0,-20.0,-13.0,-534.0,495.0,3.0,553.0,202.0
-3.0,,-149.0,3.0,37.0,-459.0,-350.0,153.0,560.0,224.0
-54.0,,-178.0,55.0,80.0,-450.0,-345.0,5.0,561.0,231.0
-95.0,,-178.0,150.0,107.0,-478.0,26.0,319.0,569.0,201.0
-122.0,,-185.0,268.0,109.0,-523.0,440.0,-70.0,563.0,159.0
-159.0,,-212.0,361.0,85.0,-486.0,879.0,86.0,539.0,88.0
-214.0,,-205.0,419.0,37.0,-446.0,1066.0,-84.0,524.0,0.0
-237.0,,-197.0,473.0,-33.0,-438.0,578.0,-194.0,505.0,-58.0
-244.0,,-174.0,494.0,-90.0,-398.0,-101.0,-51.0,466.0,-134.0
-290.0,,-124.0,478.0,-146.0,-422.0,-312.0,-371.0,396.0,-181.0
-351.0,,-115.0,439.0,-185.0,-473.0,-244.0,-96.0,331.0,-223.0
-346.0,,-65.0,404.0,-201.0,-476.0,378.0,-327.0,266.0,-272.0
-305.0,,8.0,380.0,-216.0,-471.0,928.0,-109.0,197.0,-295.0
-288.0,,42.0,337.0,-223.0,-456.0,383.0,-20.0,139.0,-328.0
-270.0,,104.0,286.0,-211.0,-469.0,-546.0,-84.0,95.0,-362.0
-220.0,,176.0,231.0,-148.0,-457.0,-598.0,201.0,64.0,-396.0
-165.0,,240.0,181.0,-40.0,-409.0,434.0,-164.0,40.0,-410.0
-151.0,,297.0,155.0,73.0,-409.0,1178.0,88.0,40.0,-425.0
-146.0,,322.0,152.0,154.0,-393.0,1012.0,-186.0,33.0,-434.0
-98.0,,365.0,138.0,196.0,-344.0,268.0,-249.0,26.0,-410.0
-34.0,,399.0,111.0,200.0,-315.0,-649.0,-64.0,29.0,-385.0
-8.0,,400.0,92.0,170.0,-332.0,-606.0,-197.0,25.0,-347.0
0.0,,423.0,57.0,119.0,-331.0,423.0,269.0,25.0,-278.0
20.0,,444.0,20.0,67.0,-373.0,1016.0,33.0,5.0,-173.0
49.0,,454.0,0.0,24.0,-417.0,499.0,168.0,-4.0,-52.0
45.0,,454.0,-14.0,-28.0,-355.0,67.0,25.0,-1.0,64.0
-3.0,,435.0,-14.0,-66.0,-342.0,320.0,-133.0,-5.0,184.0
-40.0,,430.0,0.0,-73.0,-349.0,37.0,94.0,3.0,283.0
-48.0,,435.0,31.0,-56.0,-362.0,-405.0,-179.0,12.0,388.0
-81.0,,424.0,67.0,-33.0,-326.0,76.0,242.0,14.0,482.0
-146.0,,409.0,131.0,6.0,-268.0,680.0,114.0,30.0,538.0
-195.0,,415.0,223.0,68.0,-279.0,864.0,179.0,50.0,601.0
-208.0,,431.0,287.0,119.0,-239.0,847.0,164.0,71.0,610.0
-221.0,,431.0,332.0,159.0,-192.0,380.0,-153.0,107.0,598.0
-267.0,,425.0,383.0,160.0,-173.0,-320.0,118.0,141.0,587.0
-312.0,,429.0,451.0,120.0,-152.0,-215.0,-110.0,161.0,557.0
-330.0,,450.0,527.0,71.0,-131.0,822.0,254.0,162.0,539.0
-315.0,,455.0,607.0,33.0,-154.0,1262.0,160.0,157.0,505.0
-328.0,,449.0,677.0,3.0,-142.0,368.0,75.0,145.0,487.0
-359.0,,464.0,690.0,-22.0,-73.0,-459.0,197.0,141.0,450.0
-339.0,,462.0,697.0,-26.0,-51.0,-233.0,-181.0,144.0,425.0
-303.0,,465.0,695.0,-36.0,-26.0,523.0,92.0,161.0,390.0
-273.0,,458.0,667.0,-47.0,-46.0,883.0,-216.0,199.0,325.0
-270.0,,434.0,636.0,-49.0,-18.0,554.0,-24.0,236.0,286.0
-215.0,,433.0,574.0,-38.0,85.0,277.0,77.0,283.0,181.0
-144.0,,402.0,515.0,-16.0,95.0,772.0,-72.0,334.0,46.0
-121.0,,362.0,442.0,-20.0,76.0,1679.0,195.0,383.0,-57.0
-69.0,,318.0,339.0,-47.0,66.0,1259.0,-144.0,431.0,-124.0
-7.0,,270.0,241.0,-62.0,58.0,-363.0,72.0,472.0,-183.0
56.0,,237.0,143.0,-64.0,91.0,-455.0,-169.0,499.0,-196.0
88.0,,174.0,44.0,-70.0,100.0,792.0,-99.0,511.0,-155.0
103.0,,138.0,-42.0,-66.0,97.0,1126.0,182.0,510.0,-77.0
159.0,,120.0,-124.0,-42.0,122.0,476.0,79.0,508.0,63.0
208.0,,99.0,-196.0,-15.0,147.0,159.0,467.0,483.0,195.0
229.0,,85.0,-220.0,8.0,194.0,467.0,216.0,433.0,338.0
235.0,,84.0,-204.0,34.0,202.0,670.0,386.0,382.0,490.0
261.0,,101.0,-173.0,63.0,162.0,685.0,219.0,306.0,618.0
288.0,,95.0,-123.0,68.0,200.0,666.0,79.0,254.0,688.0
284.0,,94.0,-27.0,46.0,276.0,917.0,308.0,220.0,710.0
267.0,,74.0,89.0,8.0,298.0,1161.0,35.0,177.0,705.0
256.0,,63.0,180.0,-39.0,316.0,724.0,325.0,147.0,642.0
269.0,,51.0,270.0,-75.0,306.0,158.0,49.0,108.0,578.0
290.0,,10.0,340.0,-102.0,256.0,259.0,164.0,80.0,494.0
291.0,,1.0,373.0,-107.0,239.0,1120.0,267.0,66.0,431.0
298.0,,-16.0,371.0,-77.0,296.0,1815.0,77.0,63.0,396.0
315.0,,-41.0,352.0,-12.0,366.0,1246.0,410.0,83.0,341.0
317.0,,-57.0,361.0,64.0,353.0,-52.0,125.0,113.0,297.0
296.0,,-71.0,389.0,133.0,341.0,-595.0,373.0,151.0,265.0
272.0,,-71.0,449.0,192.0,370.0,32.0,271.0,206.0,236.0
259.0,,-56.0,542.0,212.0,398.0,1301.0,238.0,283.0,179.0
233.0,,-49.0,619.0,206.0,368.0,2159.0,352.0,362.0,122.0
196.0,,-32.0,667.0,180.0,353.0,1706.0,-16.0,441.0,71.0
158.0,,-3.0,720.0,126.0,423.0,522.0,293.0,507.0,14.0
136.0,,17.0,782.0,55.0,455.0,134.0,42.0,548.0,-58.0
112.0,,34.0,800.0,-30.0,458.0,737.0,195.0,585.0,-159.0
60.0,,40.0,778.0,-111.0,430.0,1073.0,212.0,623.0,-269.0
-8.0,,68.0,735.0,-187.0,455.0,956.0,44.0,637.0,-390.0
-60.0,,94.0,673.0,-240.0,494.0,746.0,280.0,625.0,-523.0
-104.0,,93.0,601.0,-242.0,467.0,698.0,-92.0,601.0,-656.0
-181.0,,98.0,520.0,-202.0,490.0,1014.0,179.0,569.0,-760.0
-261.0,,104.0,427.0,-140.0,512.0,1225.0,16.0,547.0,-820.0
-316.0,,108.0,314.0,-80.0,563.0,950.0,5.0,537.0,-833.0
-372.0,,93.0,200.0,-53.0,566.0,567.0,133.0,529.0,-818.0
-446.0,,51.0,95.0,-60.0,471.0,734.0,-79.0,538.0,-779.0
-505.0,,39.0,-25.0,-78.0,459.0,1179.0,277.0,551.0,-709.0
-519.0,,20.0,-130.0,-115.0,524.0,1290.0,49.0,561.0,-632.0
-514.0,,-4.0,-161.0,-148.0,536.0,912.0,297.0,568.0,-563.0
-521.0,,-9.0,-145.0,-159.0,494.0,520.0,234.0,571.0,-483.0
-522.0,,-24.0,-96.0,-146.0,487.0,594.0,83.0,573.0,-400.0
-506.0,,-23.0,5.0,-113.0,515.0,648.0,269.0,561.0,-325.0
-471.0,,-46.0,100.0,-70.0,565.0,557.0,-97.0,542.0,-241.0
-427.0,,-60.0,177.0,-28.0,551.0,729.0,218.0,514.0,-173.0
-403.0,,-61.0,245.0,2.0,557.0,978.0,55.0,465.0,-111.0
-384.0,,-72.0,278.0,31.0,585.0,921.0,145.0,422.0,-76.0
-339.0,,-58.0,294.0,30.0,508.0,680.0,279.0,370.0,-90.0
-294.0,,-61.0,300.0,-3.0,475.0,531.0,131.0,307.0,-124.0
-266.0,,-49.0,326.0,-61.0,482.0,507.0,460.0,232.0,-185.0
-219.0,,-20.0,386.0,-131.0,466.0,736.0,129.0,148.0,-246.0
-175.0,,-7.0,467.0,-186.0,466.0,965.0,314.0,86.0,-319.0
-174.0,,16.0,552.0,-231.0,448.0,822.0,158.0,35.0,-374.0
-171.0,,48.0,600.0,-236.0,432.0,637.0,133.0,-2.0,-381.0
-149.0,,97.0,621.0,-197.0,450.0,550.0,404.0,-21.0,-372.0
-147.0,,142.0,619.0,-145.0,469.0,473.0,197.0,-30.0,-308.0
-183.0,,183.0,596.0,-88.0,438.0,464.0,585.0,-16.0,-197.0
-212.0,,254.0,529.0,-26.0,394.0,418.0,317.0,13.0,-47.0
-217.0,,325.0,410.0,18.0,457.0,397.0,395.0,67.0,136.0
-221.0,,380.0,311.0,65.0,494.0,516.0,284.0,137.0,320.0
-239.0,,422.0,249.0,125.0,435.0,731.0,16.0,213.0,496.0
-271.0,,463.0,199.0,170.0,425.0,798.0,290.0,298.0,639.0
-295.0,,501.0,162.0,208.0,428.0,530.0,12.0,355.0,731.0
-303.0,,507.0,138.0,218.0,429.0,138.0,399.0,390.0,740.0
-302.0,,512.0,126.0,210.0,407.0,93.0,325.0,399.0,700.0
-316.0,,516.0,126.0,188.0,422.0,582.0,360.0,382.0,646.0
-309.0,,502.0,122.0,141.0,505.0,968.0,415.0,352.0,550.0
-252.0,,507.0,145.0,102.0,500.0,850.0,73.0,304.0,449.0
-196.0,,477.0,200.0,68.0,497.0,314.0,402.0,242.0,363.0
-155.0,,454.0,262.0,52.0,519.0,-321.0,160.0,171.0,300.0
-131.0,,461.0,344.0,48.0,503.0,-222.0,423.0,105.0,266.0
-92.0,,439.0,428.0,49.0,507.0,330.0,419.0,56.0,260.0
-59.0,,430.0,491.0,44.0,467.0,507.0,351.0,22.0,273.0
-48.0,,429.0,543.0,31.0,477.0,330.0,589.0,-19.0,293.0
-33.0,,440.0,599.0,32.0,535.0,201.0,197.0,-53.0,348.0
-4.0,,442.0,667.0,59.0,509.0,200.0,389.0,-70.0,395.0
28.0,,408.0,706.0,89.0,516.0,27.0,22.0,-80.0,415.0
34.0,,395.0,698.0,105.0,499.0,99.0,3.0,-63.0,451.0
36.0,,391.0,674.0,105.0,513.0,353.0,42.0,-39.0,477.0
33.0,,351.0,639.0,91.0,529.0,395.0,-144.0,-3.0,497.0
31.0,,330.0,557.0,80.0,479.0,264.0,194.0,53.0,490.0
15.0,,309.0,421.0,48.0,505.0,-28.0,-153.0,97.0,459.0
-31.0,,264.0,276.0,9.0,527.0,-6.0,68.0,135.0,407.0
-44.0,,240.0,148.0,-9.0,532.0,204.0,-49.0,186.0,328.0
-31.0,,185.0,22.0,-25.0,509.0,275.0,-44.0,217.0,269.0
-21.0,,142.0,-83.0,-30.0,491.0,243.0,188.0,227.0,245.0
-53.0,,123.0,-134.0,-19.0,557.0,130.0,-51.0,239.0,256.0
-71.0,,90.0,-137.0,0.0,591.0,125.0,312.0,240.0,279.0
-42.0,,95.0,-89.0,17.0,533.0,44.0,20.0,219.0,350.0
-38.0,,100.0,-24.0,47.0,470.0,-1.0,101.0,158.0,441.0
-57.0,,119.0,32.0,83.0,488.0,78.0,42.0,83.0,539.0
-53.0,,148.0,116.0,109.0,500.0,149.0,-175.0,6.0,649.0
-22.0,,163.0,196.0,125.0,466.0,285.0,33.0,-67.0,734.0
0.0,,189.0,248.0,148.0,511.0,308.0,-301.0,-129.0,825.0
4.0,,203.0,288.0,194.0,585.0,292.0,11.0,-178.0,905.0
10.0,,213.0,307.0,256.0,578.0,-10.0,-99.0,-193.0,984.0
34.0,,219.0,289.0,318.0,505.0,-523.0,-11.0,-173.0,1029.0
57.0,,229.0,247.0,337.0,474.0,-528.0,121.0,-142.0,1034.0
51.0,,229.0,197.0,269.0,534.0,-63.0,-151.0,-138.0,1007.0
30.0,,229.0,151.0,116.0,528.0,508.0,103.0,-137.0,937.0
25.0,,233.0,130.0,-39.0,521.0,666.0,-256.0,-132.0,810.0
29.0,,212.0,125.0,-167.0,537.0,277.0,-90.0,-140.0,611.0
-1.0,,226.0,153.0,-234.0,530.0,-307.0,-181.0,-164.0,390.0
-61.0,,239.0,205.0,-254.0,579.0,-621.0,-258.0,-196.0,134.0
-83.0,,237.0,253.0,-281.0,565.0,-243.0,35.0,-223.0,-107.0
-83.0,,260.0,280.0,-285.0,540.0,251.0,-232.0,-261.0,-354.0
-132.0,,265.0,302.0,-266.0,599.0,264.0,94.0,-295.0,-585.0
-187.0,,299.0,376.0,-224.0,673.0,-49.0,-77.0,-316.0,-737.0
-196.0,,346.0,468.0,-188.0,648.0,-367.0,77.0,-333.0,-862.0
-186.0,,352.0,534.0,-155.0,554.0,-424.0,120.0,-332.0,-916.0
-194.0,,409.0,584.0,-113.0,580.0,-276.0,-175.0,-305.0,-909.0
-203.0,,459.0,624.0,-79.0,676.0,-76.0,46.0,-283.0,-875.0
-153.0,,484.0,648.0,-30.0,676.0,-83.0,-323.0,-255.0,-801.0
-77.0,,536.0,656.0,24.0,611.0,-317.0,-11.0,-221.0,-699.0
-32.0,,551.0,655.0,71.0,650.0,-436.0,-18.0,-178.0,-609.0
10.0,,569.0,633.0,106.0,728.0,-303.0,7.0,-113.0,-490.0
99.0,,575.0,599.0,134.0,679.0,-128.0,249.0,-46.0,-358.0
195.0,,573.0,560.0,162.0,602.0,-118.0,-70.0,17.0,-263.0
253.0,,577.0,519.0,185.0,665.0,-138.0,188.0,52.0,-149.0
279.0,,568.0,474.0,203.0,791.0,-333.0,-96.0,85.0,-14.0
322.0,,568.0,438.0,201.0,770.0,-782.0,79.0,121.0,99.0
382.0,,552.0,447.0,150.0,669.0,-916.0,118.0,141.0,164.0
392.0,,534.0,467.0,68.0,705.0,-429.0,-53.0,149.0,212.0
389.0,,499.0,491.0,-33.0,780.0,-74.0,232.0,133.0,233.0
403.0,,483.0,512.0,-139.0,762.0,-333.0,-70.0,114.0,219.0
442.0,,453.0,521.0,-200.0,771.0,-496.0,236.0,81.0,193.0
468.0,,428.0,511.0,-235.0,815.0,-398.0,55.0,37.0,139.0
441.0,,449.0,474.0,-239.0,828.0,-436.0,33.0,5.0,56.0
433.0,,430.0,438.0,-217.0,816.0,-679.0,151.0,-32.0,-41.0
435.0,,444.0,417.0,-195.0,780.0,-928.0,-110.0,-73.0,-142.0
403.0,,460.0,429.0,-163.0,801.0,-682.0,230.0,-121.0,-251.0
353.0,,476.0,460.0,-128.0,877.0,-193.0,-57.0,-179.0,-364.0
327.0,,511.0,476.0,-72.0,899.0,-118.0,131.0,-218.0,-460.0
324.0,,515.0,483.0,-12.0,859.0,-469.0,97.0,-235.0,-521.0
306.0,,538.0,479.0,30.0,851.0,-923.0,18.0,-235.0,-561.0
277.0,,533.0,460.0,45.0,921.0,-989.0,327.0,-218.0,-563.0
252.0,,515.0,406.0,20.0,921.0,-765.0,27.0,-191.0,-548.0
239.0,,498.0,322.0,-12.0,861.0,-473.0,269.0,-150.0,-539.0
218.0,,456.0,245.0,-52.0,862.0,15.0,-49.0,-96.0,-512.0
175.0,,424.0,178.0,-92.0,893.0,288.0,-49.0,-43.0,-466.0
134.0,,386.0,111.0,-122.0,885.0,-299.0,83.0,15.0,-396.0
115.0,,346.0,50.0,-140.0,815.0,-1212.0,-97.0,68.0,-354.0
119.0,,307.0,15.0,-132.0,822.0,-1210.0,221.0,88.0,-333.0
96.0,,263.0,6.0,-131.0,909.0,-511.0,-109.0,95.0,-301.0
28.0,,228.0,0.0,-149.0,918.0,18.0,110.0,100.0,-281.0
-7.0,,179.0,-10.0,-167.0,829.0,-122.0,60.0,85.0,-276.0
-15.0,,136.0,-29.0,-176.0,813.0,-688.0,49.0,40.0,-299.0
-80.0,,107.0,-72.0,-174.0,866.0,-797.0,280.0,-10.0,-337.0
-166.0,,81.0,-114.0,-159.0,845.0,-454.0,-35.0,-43.0,-416.0
-198.0,,66.0,-135.0,-145.0,790.0,-151.0,269.0,-78.0,-507.0
-196.0,,56.0,-142.0,-131.0,747.0,-476.0,-36.0,-100.0,-583.0
-205.0,,46.0,-164.0,-111.0,805.0,-1170.0,18.0,-108.0,-661.0
-212.0,,42.0,-215.0,-100.0,806.0,-1023.0,60.0,-114.0,-723.0
-186.0,,54.0,-307.0,-97.0,648.0,-176.0,-103.0,-102.0,-762.0
-151.0,,68.0,-429.0,-71.0,630.0,317.0,199.0,-87.0,-761.0
-147.0,,74.0,-547.0,-17.0,734.0,99.0,-145.0,-79.0,-759.0
-145.0,,99.0,-643.0,34.0,749.0,-412.0,99.0,-75.0,-724.0
-117.0,,124.0,-704.0,89.0,650.0,-700.0,-66.0,-77.0,-674.0
-72.0,,134.0,-700.0,135.0,536.0,-752.0,-107.0,-80.0,-636.0
-17.0,,156.0,-609.0,144.0,566.0,-1058.0,68.0,-75.0,-556.0
32.0,,176.0,-489.0,121.0,646.0,-910.0,-197.0,-63.0,-484.0
103.0,,205.0,-349.0,80.0,598.0,395.0,145.0,-28.0,-392.0
187.0,,215.0,-183.0,23.0,550.0,747.0,-116.0,4.0,-301.0
243.0,,211.0,-26.0,-29.0,599.0,-322.0,29.0,30.0,-208.0
274.0,,214.0,93.0,-34.0,615.0,-1026.0,-48.0,78.0,-114.0
317.0,,188.0,149.0,-8.0,498.0,-699.0,-216.0,93.0,-55.0
397.0,,162.0,159.0,25.0,367.0,93.0,44.0,90.0,-8.0
437.0,,138.0,130.0,65.0,429.0,-106.0,-308.0,73.0,7.0
424.0,,112.0,87.0,86.0,538.0,-845.0,-55.0,26.0,21.0
419.0,,86.0,34.0,75.0,488.0,-568.0,-254.0,-24.0,21.0
446.0,,69.0,-18.0,45.0,411.0,442.0,-112.0,-85.0,8.0
438.0,,48.0,-84.0,29.0,453.0,523.0,136.0,-157.0,-6.0
393.0,,16.0,-179.0,28.0,526.0,-470.0,46.0,-223.0,6.0
376.0,,-15.0,-257.0,44.0,498.0,-883.0,473.0,-272.0,53.0
350.0,,-59.0,-299.0,93.0,419.0,-162.0,105.0,-318.0,89.0
300.0,,-101.0,-305.0,170.0,416.0,563.0,232.0,-358.0,160.0
251.0,,-148.0,-287.0,255.0,511.0,-191.0,110.0,-365.0,248.0
213.0,,-189.0,-274.0,316.0,459.0,-955.0,-18.0,-348.0,327.0
184.0,,-227.0,-267.0,339.0,304.0,63.0,192.0,-325.0,432.0
146.0,,-272.0,-258.0,316.0,327.0,892.0,-173.0,-289.0,535.0
109.0,,-301.0,-254.0,244.0,406.0,29.0,86.0,-253.0,618.0
109.0,,-351.0,-259.0,150.0,414.0,-1319.0,-101.0,-219.0,703.0
127.0,,-386.0,-262.0,46.0,367.0,-1063.0,96.0,-166.0,759.0
122.0,,-407.0,-260.0,-55.0,363.0,680.0,216.0,-118.0,761.0
95.0,,-441.0,-257.0,-113.0,429.0,1187.0,-27.0,-87.0,746.0
96.0,,-435.0,-241.0,-116.0,412.0,-285.0,121.0,-65.0,703.0
121.0,,-433.0,-205.0,-95.0,311.0,-1383.0,-393.0,-58.0,615.0
117.0,,-433.0,-175.0,-62.0,310.0,-479.0,-173.0,-72.0,535.0
94.0,,-418.0,-145.0,-14.0,413.0,715.0,-151.0,-100.0,455.0
89.0,,-396.0,-107.0,41.0,413.0,319.0,-40.0,-138.0,383.0
130.0,,-379.0,-76.0,80.0,318.0,-746.0,293.0,-175.0,336.0
168.0,,-376.0,-54.0,97.0,257.0,-821.0,81.0,-222.0,265.0
159.0,,-354.0,-57.0,101.0,323.0,-115.0,347.0,-258.0,199.0
162.0,,-340.0,-69.0,106.0,395.0,14.0,-64.0,-267.0,152.0
191.0,,-327.0,-65.0,124.0,283.0,-412.0,-84.0,-290.0,115.0
206.0,,-315.0,-64.0,133.0,211.0,-316.0,-210.0,-290.0,84.0
192.0,,-303.0,-83.0,129.0,277.0,357.0,-445.0,-267.0,52.0
173.0,,-269.0,-99.0,115.0,314.0,67.0,-155.0,-259.0,46.0
153.0,,-242.0,-127.0,89.0,284.0,-696.0,-473.0,-228.0,53.0
135.0,,-230.0,-145.0,63.0,209.0,-262.0,-151.0,-207.0,106.0
126.0,,-207.0,-128.0,22.0,217.0,185.0,-254.0,-197.0,179.0
114.0,,-163.0,-104.0,-27.0,285.0,-247.0,-216.0,-165.0,287.0
99.0,,-136.0,-73.0,-64.0,204.0,-865.0,-14.0,-150.0,446.0
83.0,,-122.0,-46.0,-86.0,161.0,-754.0,-236.0,-141.0,598.0
80.0,,-76.0,-23.0,-70.0,206.0,-58.0,107.0,-138.0,793.0
62.0,,-56.0,-1.0,-18.0,187.0,155.0,-173.0,-142.0,991.0
35.0,,-31.0,7.0,27.0,175.0,-127.0,-42.0,-142.0,1145.0
31.0,,16.0,17.0,57.0,121.0,-587.0,-144.0,-130.0,1249.0
17.0,,31.0,38.0,71.0,171.0,-419.0,-267.0,-127.0,1287.0
-22.0,,63.0,42.0,63.0,220.0,-86.0,51.0,-122.0,1276.0
-48.0,,87.0,34.0,52.0,76.0,-621.0,-254.0,-122.0,1189.0
-64.0,,73.0,47.0,36.0,-10.0,-895.0,-5.0,-144.0,1041.0
-85.0,,79.0,48.0,23.0,24.0,-315.0,-199.0,-146.0,841.0
-114.0,,70.0,44.0,12.0,116.0,323.0,-81.0,-155.0,594.0
-153.0,,72.0,26.0,-4.0,123.0,-241.0,14.0,-166.0,325.0
-175.0,,78.0,-10.0,-6.0,41.0,-1040.0,-273.0,-172.0,77.0
-210.0,,67.0,-57.0,-4.0,15.0,-338.0,48.0,-182.0,-149.0
-264.0,,77.0,-103.0,-7.0,50.0,299.0,-147.0,-180.0,-342.0
-283.0,,65.0,-142.0,5.0,14.0,-436.0,253.0,-182.0,-489.0
-281.0,,45.0,-207.0,31.0,-34.0,-1346.0,247.0,-178.0,-580.0
-309.0,,27.0,-274.0,66.0,2.0,-778.0,110.0,-177.0,-600.0
-325.0,,23.0,-321.0,105.0,-43.0,460.0,227.0,-170.0,-596.0
-305.0,,2.0,-377.0,124.0,-98.0,124.0,-145.0,-142.0,-537.0
-287.0,,-31.0,-425.0,112.0,-125.0,-1101.0,177.0,-122.0,-429.0
-266.0,,-49.0,-473.0,59.0,-108.0,-1143.0,25.0,-108.0,-304.0
-254.0,,-81.0,-533.0,-12.0,6.0,-451.0,284.0,-107.0,-142.0
-237.0,,-95.0,-561.0,-82.0,10.0,-343.0,408.0,-115.0,19.0
-203.0,,-125.0,-556.0,-155.0,-66.0,-677.0,155.0,-132.0,150.0
-156.0,,-143.0,-559.0,-213.0,-57.0,-867.0,312.0,-160.0,265.0
-105.0,,-140.0,-593.0,-235.0,-14.0,-547.0,-96.0,-180.0,323.0
-86.0,,-152.0,-615.0,-211.0,-39.0,-253.0,238.0,-225.0,307.0
-57.0,,-162.0,-587.0,-157.0,-106.0,-663.0,171.0,-264.0,261.0
-14.0,,-193.0,-553.0,-87.0,-112.0,-1270.0,136.0,-306.0,160.0
0.0,,-174.0,-513.0,-24.0,-79.0,-1055.0,317.0,-362.0,26.0
-18.0,,-176.0,-465.0,-2.0,-146.0,-101.0,105.0,-384.0,-103.0
-22.0,,-190.0,-425.0,-22.0,-246.0,-37.0,522.0,-414.0,-260.0
-5.0,,-169.0,-382.0,-63.0,-171.0,-1071.0,280.0,-424.0,-396.0
-13.0,,-172.0,-337.0,-92.0,-14.0,-1355.0,393.0,-401.0,-508.0
-17.0,,-139.0,-316.0,-96.0,-20.0,-451.0,323.0,-365.0,-606.0
-2.0,,-131.0,-311.0,-106.0,-200.0,-207.0,134.0,-312.0,-676.0
38.0,,-119.0,-306.0,-116.0,-298.0,-1042.0,402.0,-255.0,-771.0
46.0,,-72.0,-301.0,-114.0,-219.0,-1347.0,153.0,-182.0,-831.0
12.0,,-47.0,-305.0,-83.0,-218.0,-1007.0,572.0,-107.0,-862.0
7.0,,-13.0,-336.0,-26.0,-307.0,-504.0,436.0,-49.0,-889.0
16.0,,8.0,-354.0,23.0,-319.0,-238.0,474.0,1.0,-869.0
6.0,,31.0,-378.0,63.0,-271.0,-792.0,606.0,20.0,-846.0
-38.0,,52.0,-422.0,77.0,-169.0,-1184.0,328.0,29.0,-824.0
-63.0,,50.0,-449.0,69.0,-142.0,-496.0,639.0,60.0,-778.0
-53.0,,42.0,-477.0,42.0,-221.0,-4.0,288.0,81.0,-730.0
-54.0,,38.0,-480.0,3.0,-230.0,-702.0,412.0,91.0,-701.0
-77.0,,55.0,-460.0,-34.0,-264.0,-1086.0,369.0,103.0,-667.0
-100.0,,44.0,-438.0,-86.0,-381.0,-534.0,362.0,120.0,-664.0
-89.0,,39.0,-425.0,-131.0,-394.0,-416.0,670.0,129.0,-691.0
-75.0,,57.0,-453.0,-155.0,-333.0,-716.0,393.0,145.0,-706.0
-80.0,,47.0,-495.0,-160.0,-331.0,-696.0,642.0,157.0,-738.0
-66.0,,59.0,-546.0,-155.0,-377.0,-317.0,334.0,145.0,-780.0
-31.0,,41.0,-613.0,-145.0,-415.0,-421.0,419.0,107.0,-815.0
-2.0,,36.0,-660.0,-99.0,-334.0,-868.0,441.0,47.0,-844.0
4.0,,63.0,-674.0,1.0,-272.0,-498.0,144.0,-24.0,-860.0
20.0,,46.0,-654.0,135.0,-382.0,-238.0,419.0,-133.0,-851.0
53.0,,47.0,-615.0,273.0,-468.0,-268.0,94.0,-243.0,-826.0
59.0,,46.0,-566.0,372.0,-433.0,3.0,406.0,-348.0,-795.0
61.0,,47.0,-484.0,393.0,-405.0,49.0,408.0,-448.0,-759.0
83.0,,38.0,-361.0,367.0,-493.0,-553.0,432.0,-525.0,-724.0
107.0,,11.0,-238.0,328.0,-606.0,-956.0,618.0,-577.0,-665.0
120.0,,8.0,-131.0,257.0,-569.0,-269.0,343.0,-605.0,-608.0
131.0,,0.0,-44.0,155.0,-429.0,-9.0,676.0,-634.0,-582.0
155.0,,-19.0,-4.0,50.0,-458.0,-153.0,388.0,-641.0,-551.0
178.0,,-47.0,4.0,-56.0,-564.0,46.0,524.0,-629.0,-518.0
175.0,,-49.0,-13.0,-145.0,-509.0,-246.0,522.0,-596.0,-489.0
142.0,,-59.0,-69.0,-203.0,-439.0,-510.0,336.0,-538.0,-442.0
117.0,,-65.0,-131.0,-230.0,-474.0,-167.0,607.0,-460.0,-392.0
103.0,,-71.0,-202.0,-230.0,-548.0,306.0,303.0,-357.0,-343.0
99.0,,-95.0,-283.0,-210.0,-560.0,409.0,569.0,-268.0,-279.0
84.0,,-89.0,-349.0,-181.0,-517.0,48.0,399.0,-198.0,-214.0
55.0,,-113.0,-403.0,-149.0,-543.0,-123.0,426.0,-128.0,-144.0
73.0,,-144.0,-451.0,-104.0,-630.0,-18.0,596.0,-56.0,-59.0
123.0,,-174.0,-495.0,-44.0,-638.0,-66.0,439.0,12.0,24.0
139.0,,-213.0,-531.0,49.0,-584.0,78.0,837.0,66.0,82.0
118.0,,-245.0,-576.0,150.0,-594.0,445.0,567.0,122.0,129.0
118.0,,-293.0,-619.0,216.0,-663.0,363.0,742.0,167.0,175.0
122.0,,-323.0,-652.0,241.0,-669.0,110.0,659.0,177.0,188.0
121.0,,-329.0,-670.0,229.0,-598.0,435.0,541.0,186.0,146.0
116.0,,-342.0,-643.0,205.0,-577.0,264.0,800.0,193.0,56.0
117.0,,-347.0,-618.0,169.0,-665.0,-494.0,485.0,195.0,-52.0
132.0,,-322.0,-608.0,125.0,-689.0,-266.0,755.0,194.0,-168.0
164.0,,-304.0,-581.0,67.0,-530.0,505.0,478.0,189.0,-293.0
205.0,,-285.0,-516.0,-3.0,-471.0,866.0,485.0,193.0,-419.0
186.0,,-263.0,-437.0,-55.0,-644.0,731.0,541.0,196.0,-519.0
182.0,,-253.0,-377.0,-72.0,-734.0,325.0,308.0,202.0,-594.0
207.0,,-227.0,-316.0,-62.0,-602.0,219.0,565.0,207.0,-664.0
184.0,,-205.0,-262.0,-46.0,-523.0,344.0,234.0,206.0,-709.0
153.0,,-203.0,-199.0,-10.0,-671.0,244.0,556.0,187.0,-758.0
169.0,,-199.0,-134.0,32.0,-751.0,151.0,537.0,145.0,-850.0
225.0,,-189.0,-87.0,75.0,-633.0,235.0,467.0,91.0,-896.0
240.0,,-176.0,-67.0,119.0,-536.0,465.0,570.0,35.0,-913.0
233.0,,-159.0,-100.0,140.0,-536.0,744.0,218.0,-17.0,-896.0
244.0,,-137.0,-152.0,139.0,-575.0,571.0,532.0,-62.0,-830.0
246.0,,-101.0,-200.0,102.0,-494.0,327.0,249.0,-101.0,-755.0
212.0,,-67.0,-267.0,52.0,-469.0,506.0,321.0,-148.0,-639.0
152.0,,-46.0,-373.0,9.0,-647.0,516.0,258.0,-174.0,-542.0
127.0,,-29.0,-473.0,-22.0,-739.0,221.0,51.0,-187.0,-441.0
125.0,,-19.0,-522.0,-34.0,-669.0,241.0,328.0,-193.0,-356.0
105.0,,-1.0,-535.0,-33.0,-594.0,498.0,44.0,-166.0,-324.0
81.0,,-11.0,-515.0,-23.0,-646.0,316.0,417.0,-126.0,-291.0
83.0,,-36.0,-448.0,-14.0,-702.0,129.0,349.0,-82.0,-280.0
83.0,,-33.0,-345.0,-1.0,-622.0,359.0,378.0,-32.0,-265.0
59.0,,-72.0,-215.0,8.0,-502.0,440.0,395.0,28.0,-242.0
42.0,,-107.0,-55.0,-3.0,-517.0,343.0,-40.0,103.0,-219.0
25.0,,-116.0,76.0,-33.0,-648.0,303.0,168.0,178.0,-188.0
30.0,,-136.0,192.0,-58.0,-648.0,324.0,-116.0,228.0,-136.0
43.0,,-105.0,320.0,-72.0,-566.0,366.0,103.0,264.0,-85.0
40.0,,-93.0,389.0,-81.0,-600.0,324.0,29.0,265.0,-40.0
69.0,,-68.0,391.0,-107.0,-722.0,116.0,-48.0,238.0,0.0
109.0,,-12.0,325.0,-144.0,-648.0,-177.0,225.0,195.0,25.0
142.0,,36.0,190.0,-178.0,-454.0,26.0,-92.0,121.0,35.0
162.0,,92.0,14.0,-215.0,-530.0,590.0,188.0,30.0,24.0
183.0,,124.0,-163.0,-231.0,-689.0,616.0,-101.0,-79.0,33.0
205.0,,174.0,-294.0,-234.0,-668.0,228.0,-24.0,-189.0,41.0
218.0,,192.0,-386.0,-225.0,-555.0,-6.0,129.0,-280.0,44.0
234.0,,204.0,-463.0,-201.0,-527.0,38.0,-62.0,-343.0,67.0
250.0,,191.0,-511.0,-186.0,-636.0,204.0,219.0,-378.0,85.0
279.0,,157.0,-522.0,-189.0,-642.0,420.0,-109.0,-393.0,111.0
278.0,,135.0,-515.0,-216.0,-509.0,582.0,129.0,-390.0,157.0
268.0,,81.0,-481.0,-213.0,-540.0,403.0,36.0,-368.0,196.0
270.0,,45.0,-425.0,-159.0,-716.0,191.0,-22.0,-325.0,222.0
277.0,,-13.0,-382.0,-88.0,-719.0,192.0,158.0,-282.0,233.0
284.0,,-59.0,-353.0,-8.0,-571.0,129.0,-153.0,-224.0,233.0
242.0,,-114.0,-315.0,68.0,-517.0,202.0,140.0,-159.0,212.0
186.0,,-181.0,-249.0,109.0,-646.0,481.0,-118.0,-106.0,173.0
151.0,,-196.0,-182.0,114.0,-716.0,366.0,20.0,-48.0,123.0
128.0,,-238.0,-162.0,92.0,-595.0,-91.0,88.0,-11.0,43.0
85.0,,-255.0,-158.0,44.0,-600.0,-225.0,-77.0,-1.0,-51.0
32.0,,-248.0,-146.0,6.0,-709.0,38.0,214.0,10.0,-152.0
29.0,,-246.0,-154.0,0.0,-671.0,398.0,-46.0,0.0,-248.0
36.0,,-223.0,-180.0,10.0,-488.0,484.0,205.0,-42.0,-342.0
16.0,,-217.0,-240.0,4.0,-366.0,219.0,-9.0,-85.0,-390.0
-1.0,,-199.0,-323.0,-47.0,-560.0,38.0,-18.0,-139.0,-386.0
-3.0,,-174.0,-404.0,-144.0,-655.0,238.0,138.0,-192.0,-349.0
-16.0,,-137.0,-465.0,-246.0,-436.0,514.0,-103.0,-233.0,-250.0
-42.0,,-105.0,-512.0,-294.0,-342.0,458.0,181.0,-281.0,-127.0
-45.0,,-71.0,-569.0,-277.0,-505.0,291.0,-158.0,-307.0,7.0
-45.0,,-31.0,-611.0,-224.0,-633.0,162.0,35.0,-328.0,149.0
-60.0,,-4.0,-628.0,-156.0,-517.0,78.0,20.0,-329.0,270.0
-84.0,,53.0,-615.0,-75.0,-411.0,-40.0,-53.0,-293.0,350.0
-122.0,,76.0,-554.0,1.0,-473.0,-7.0,234.0,-267.0,399.0
-158.0,,102.0,-467.0,60.0,-577.0,450.0,-31.0,-248.0,406.0
-176.0,,132.0,-368.0,95.0,-453.0,525.0,290.0,-218.0,364.0
-187.0,,133.0,-269.0,129.0,-272.0,126.0,-27.0,-174.0,272.0
-203.0,,144.0,-208.0,179.0,-389.0,4.0,-105.0,-130.0,148.0
-210.0,,108.0,-163.0,230.0,-459.0,188.0,-142.0,-92.0,24.0
-162.0,,94.0,-117.0,284.0,-340.0,303.0,-382.0,-39.0,-127.0
-110.0,,74.0,-89.0,299.0,-221.0,321.0,-5.0,26.0,-287.0
-90.0,,22.0,-47.0,279.0,-292.0,407.0,-312.0,100.0,-428.0
-66.0,,6.0,13.0,255.0,-404.0,377.0,-120.0,179.0,-528.0
-6.0,,-15.0,41.0,228.0,-290.0,458.0,-229.0,266.0,-587.0
73.0,,-62.0,48.0,208.0,-199.0,674.0,-280.0,341.0,-626.0
93.0,,-97.0,50.0,172.0,-271.0,503.0,-94.0,379.0,-621.0
99.0,,-130.0,49.0,107.0,-396.0,154.0,-358.0,403.0,-583.0
147.0,,-178.0,34.0,27.0,-324.0,216.0,-9.0,413.0,-522.0
201.0,,-207.0,11.0,-53.0,-140.0,512.0,-269.0,403.0,-424.0
230.0,,-246.0,19.0,-126.0,-156.0,531.0,-164.0,385.0,-330.0
245.0,,-270.0,7.0,-167.0,-276.0,418.0,-192.0,363.0,-235.0
278.0,,-275.0,-23.0,-163.0,-215.0,460.0,-388.0,336.0,-140.0
319.0,,-293.0,-42.0,-124.0,-56.0,580.0,-112.0,313.0,-59.0
344.0,,-286.0,-31.0,-85.0,-119.0,530.0,-478.0,292.0,7.0
346.0,,-283.0,19.0,-64.0,-273.0,347.0,-282.0,263.0,49.0
357.0,,-286.0,71.0,-48.0,-234.0,216.0,-471.0,236.0,74.0
371.0,,-264.0,141.0,-53.0,-70.0,182.0,-495.0,214.0,63.0
383.0,,-259.0,224.0,-60.0,-99.0,410.0,-421.0,181.0,34.0
368.0,,-250.0,305.0,-53.0,-234.0,672.0,-713.0,129.0,-37.0
330.0,,-217.0,356.0,-45.0,-181.0,612.0,-397.0,91.0,-134.0
328.0,,-208.0,363.0,-46.0,-40.0,507.0,-659.0,53.0,-220.0
325.0,,-200.0,359.0,-58.0,4.0,592.0,-460.0,27.0,-324.0
297.0,,-188.0,322.0,-69.0,-110.0,554.0,-594.0,14.0,-413.0
268.0,,-194.0,250.0,-67.0,-184.0,356.0,-805.0,-16.0,-484.0
267.0,,-182.0,151.0,-47.0,-102.0,352.0,-596.0,-46.0,-515.0
268.0,,-196.0,20.0,-2.0,-56.0,440.0,-901.0,-77.0,-498.0
237.0,,-204.0,-128.0,64.0,-145.0,509.0,-533.0,-111.0,-444.0
240.0,,-200.0,-251.0,127.0,-206.0,601.0,-733.0,-149.0,-374.0
283.0,,-213.0,-338.0,184.0,-94.0,672.0,-716.0,-178.0,-280.0
305.0,,-223.0,-403.0,249.0,-75.0,682.0,-691.0,-202.0,-163.0
313.0,,-236.0,-450.0,321.0,-235.0,465.0,-997.0,-229.0,-53.0
325.0,,-241.0,-469.0,404.0,-217.0,306.0,-781.0,-246.0,71.0
326.0,,-250.0,-445.0,468.0,-25.0,341.0,-1143.0,-255.0,205.0
301.0,,-236.0,-395.0,474.0,68.0,548.0,-910.0,-234.0,348.0
252.0,,-223.0,-320.0,427.0,-32.0,847.0,-968.0,-197.0,479.0
219.0,,-191.0,-236.0,340.0,-153.0,824.0,-949.0,-142.0,608.0
187.0,,-142.0,-147.0,224.0,-61.0,763.0,-709.0,-77.0,725.0
122.0,,-111.0,-51.0,107.0,-12.0,646.0,-1042.0,-19.0,787.0
62.0,,-59.0,38.0,9.0,-112.0,613.0,-816.0,31.0,789.0
-1.0,,-23.0,138.0,-49.0,-108.0,637.0,-1141.0,86.0,744.0
-64.0,,15.0,231.0,-61.0,12.0,476.0,-1040.0,153.0,702.0
-113.0,,38.0,306.0,-42.0,104.0,568.0,-1021.0,196.0,619.0
-178.0,,38.0,346.0,-25.0,62.0,559.0,-1193.0,233.0,523.0
-233.0,,74.0,332.0,-42.0,-6.0,500.0,-890.0,262.0,437.0
-250.0,,82.0,283.0,-92.0,-1.0,529.0,-1141.0,276.0,339.0
-256.0,,65.0,211.0,-140.0,13.0,373.0,-822.0,281.0,266.0
-296.0,,68.0,143.0,-171.0,-92.0,344.0,-918.0,282.0,185.0
-342.0,,56.0,88.0,-199.0,-239.0,374.0,-840.0,263.0,96.0
-368.0,,50.0,52.0,-224.0,-197.0,520.0,-733.0,229.0,-1.0
-372.0,,45.0,43.0,-241.0,-60.0,705.0,-1084.0,203.0,-87.0
-403.0,,30.0,13.0,-245.0,-60.0,662.0,-809.0,142.0,-161.0
-451.0,,22.0,-42.0,-224.0,-177.0,582.0,-1108.0,62.0,-213.0
-451.0,,-27.0,-93.0,-188.0,-185.0,331.0,-901.0,-4.0,-213.0
-427.0,,-45.0,-134.0,-165.0,-125.0,380.0,-872.0,-57.0,-180.0
-404.0,,-74.0,-169.0,-136.0,-202.0,539.0,-916.0,-104.0,-116.0
-412.0,,-138.0,-194.0,-104.0,-298.0,501.0,-593.0,-152.0,-64.0
-410.0,,-150.0,-190.0,-81.0,-218.0,425.0,-921.0,-178.0,2.0
-377.0,,-198.0,-169.0,-64.0,-100.0,312.0,-739.0,-197.0,60.0
-362.0,,-249.0,-163.0,-72.0,-206.0,338.0,-1012.0,-204.0,115.0
-381.0,,-252.0,-159.0,-77.0,-361.0,134.0,-877.0,-197.0,190.0
-386.0,,-255.0,-150.0,-69.0,-246.0,243.0,-667.0,-175.0,250.0
-340.0,,-274.0,-114.0,-72.0,-20.0,325.0,-875.0,-160.0,334.0
-308.0,,-249.0,-50.0,-111.0,21.0,32.0,-620.0,-162.0,428.0
-296.0,,-221.0,-8.0,-160.0,-87.0,-11.0,-990.0,-161.0,546.0
-272.0,,-204.0,47.0,-185.0,-166.0,332.0,-781.0,-165.0,693.0
-225.0,,-163.0,133.0,-189.0,-131.0,471.0,-824.0,-177.0,840.0
-189.0,,-134.0,200.0,-179.0,-78.0,-44.0,-761.0,-190.0,995.0
-191.0,,-69.0,236.0,-171.0,-127.0,-134.0,-423.0,-211.0,1127.0
-167.0,,-43.0,242.0,-153.0,-93.0,316.0,-698.0,-225.0,1200.0
-134.0,,-31.0,211.0,-125.0,67.0,335.0,-452.0,-215.0,1234.0
-145.0,,-6.0,140.0,-80.0,64.0,-77.0,-809.0,-202.0,1230.0
-177.0,,-24.0,67.0,-21.0,-51.0,-51.0,-727.0,-183.0,1180.0
-185.0,,-26.0,0.0,22.0,-21.0,227.0,-667.0,-159.0,1119.0
-184.0,,-77.0,-51.0,38.0,97.0,123.0,-824.0,-128.0,1035.0
-214.0,,-130.0,-55.0,18.0,126.0,-163.0,-447.0,-108.0,936.0
-236.0,,-140.0,-26.0,-22.0,16.0,-37.0,-691.0,-103.0,805.0
-214.0,,-191.0,10.0,-80.0,-64.0,124.0,-430.0,-67.0,637.0
-178.0,,-219.0,54.0,-160.0,25.0,46.0,-633.0,-22.0,492.0
-138.0,,-211.0,113.0,-250.0,56.0,199.0,-668.0,10.0,355.0
-84.0,,-230.0,155.0,-313.0,-68.0,-27.0,-482.0,36.0,228.0
-26.0,,-241.0,208.0,-326.0,-84.0,-249.0,-729.0,53.0,122.0
21.0,,-241.0,301.0,-296.0,29.0,58.0,-351.0,61.0,35.0
78.0,,-243.0,373.0,-219.0,130.0,271.0,-596.0,59.0,-11.0
133.0,,-253.0,429.0,-120.0,36.0,-80.0,-434.0,45.0,-28.0
166.0,,-277.0,492.0,-48.0,-91.0,-533.0,-513.0,16.0,-22.0
209.0,,-285.0,542.0,-17.0,62.0,-305.0,-752.0,1.0,7.0
260.0,,-289.0,532.0,2.0,181.0,-10.0,-493.0,-6.0,69.0
294.0,,-296.0,446.0,31.0,131.0,-165.0,-742.0,-30.0,128.0
307.0,,-276.0,346.0,73.0,108.0,-137.0,-388.0,-40.0,168.0
311.0,,-266.0,266.0,136.0,148.0,-99.0,-504.0,-32.0,218.0
314.0,,-266.0,155.0,195.0,210.0,-321.0,-436.0,-33.0,259.0
300.0,,-218.0,29.0,224.0,143.0,-322.0,-349.0,-52.0,302.0
257.0,,-203.0,-55.0,229.0,57.0,-137.0,-574.0,-58.0,341.0
227.0,,-210.0,-103.0,212.0,100.0,-11.0,-262.0,-45.0,351.0
228.0,,-174.0,-133.0,174.0,111.0,-326.0,-587.0,-32.0,336.0
221.0,,-164.0,-141.0,133.0,-18.0,-462.0,-327.0,0.0,310.0
186.0,,-149.0,-98.0,102.0,-100.0,-241.0,-371.0,50.0,260.0
146.0,,-126.0,-17.0,89.0,-7.0,-268.0,-463.0,93.0,172.0
129.0,,-124.0,64.0,113.0,91.0,-177.0,-234.0,121.0,63.0
106.0,,-73.0,152.0,147.0,-4.0,-171.0,-546.0,119.0,-56.0
71.0,,-55.0,243.0,178.0,-112.0,-270.0,-203.0,95.0,-172.0
19.0,,-45.0,307.0,188.0,-18.0,-316.0,-421.0,84.0,-267.0
3.0,,5.0,380.0,171.0,37.0,-239.0,-365.0,72.0,-335.0
37.0,,18.0,449.0,161.0,-49.0,-244.0,-339.0,57.0,-377.0
29.0,,38.0,470.0,155.0,-139.0,-367.0,-558.0,50.0,-398.0
3.0,,77.0,439.0,139.0,-121.0,-275.0,-243.0,55.0,-359.0
13.0,,112.0,346.0,109.0,-14.0,-322.0,-515.0,80.0,-296.0
58.0,,145.0,237.0,65.0,-28.0,-344.0,-245.0,81.0,-235.0
88.0,,178.0,107.0,-6.0,-182.0,-205.0,-371.0,50.0,-138.0
97.0,,209.0,-10.0,-78.0,-151.0,-123.0,-352.0,20.0,-36.0
153.0,,239.0,-74.0,-107.0,33.0,-172.0,-116.0,-23.0,71.0
233.0,,262.0,-116.0,-95.0,-20.0,-258.0,-408.0,-89.0,198.0
287.0,,285.0,-100.0,-37.0,-143.0,-301.0,-127.0,-157.0,289.0
315.0,,321.0,-18.0,29.0,-106.0,-330.0,-432.0,-208.0,336.0
349.0,,353.0,65.0,78.0,-30.0,-201.0,-275.0,-250.0,362.0
380.0,,407.0,156.0,108.0,-20.0,-88.0,-229.0,-306.0,366.0
383.0,,444.0,266.0,125.0,-110.0,-47.0,-339.0,-346.0,344.0
368.0,,475.0,370.0,171.0,-119.0,-83.0,-73.0,-341.0,315.0
352.0,,518.0,434.0,233.0,-35.0,-296.0,-417.0,-316.0,288.0
335.0,,530.0,462.0,303.0,-70.0,-331.0,-96.0,-275.0,245.0
309.0,,569.0,492.0,353.0,-138.0,-175.0,-251.0,-227.0,223.0
280.0,,587.0,482.0,353.0,-110.0,57.0,-254.0,-173.0,216.0
253.0,,586.0,423.0,322.0,-75.0,84.0,-171.0,-108.0,216.0
231.0,,603.0,356.0,276.0,-134.0,-202.0,-469.0,-55.0,202.0
197.0,,595.0,289.0,212.0,-292.0,-112.0,-127.0,0.0,158.0
148.0,,585.0,234.0,131.0,-267.0,4.0,-360.0,54.0,120.0
112.0,,561.0,185.0,82.0,-94.0,-149.0,-147.0,114.0,78.0
93.0,,536.0,147.0,72.0,-109.0,-158.0,-219.0,148.0,6.0
55.0,,513.0,93.0,75.0,-215.0,-60.0,-347.0,154.0,-93.0
17.0,,473.0,80.0,93.0,-208.0,-77.0,-157.0,161.0,-180.0
19.0,,436.0,117.0,104.0,-101.0,-293.0,-428.0,143.0,-243.0
27.0,,396.0,126.0,100.0,-120.0,-346.0,-90.0,103.0,-306.0
34.0,,382.0,145.0,93.0,-267.0,-153.0,-362.0,37.0,-339.0
51.0,,339.0,193.0,80.0,-275.0,-64.0,-317.0,-19.0,-330.0
97.0,,316.0,273.0,48.0,-129.0,-148.0,-282.0,-55.0,-309.0
166.0,,322.0,308.0,-4.0,-39.0,-141.0,-471.0,-91.0,-260.0
211.0,,319.0,328.0,-66.0,-152.0,-158.0,-145.0,-123.0,-183.0
245.0,,335.0,404.0,-124.0,-237.0,-314.0,-450.0,-156.0,-130.0
283.0,,321.0,443.0,-153.0,-95.0,-304.0,-223.0,-186.0,-110.0
323.0,,359.0,467.0,-137.0,46.0,-324.0,-399.0,-231.0,-82.0
351.0,,370.0,489.0,-93.0,16.0,-418.0,-437.0,-269.0,-75.0
355.0,,357.0,495.0,-57.0,-83.0,-290.0,-266.0,-305.0,-76.0
351.0,,392.0,446.0,-30.0,-124.0,-268.0,-567.0,-327.0,-50.0
331.0,,369.0,364.0,-8.0,-158.0,-360.0,-223.0,-329.0,-46.0
314.0,,375.0,338.0,-16.0,-217.0,-427.0,-469.0,-347.0,-34.0
278.0,,376.0,347.0,-49.0,-149.0,-610.0,-345.0,-373.0,-5.0
226.0,,338.0,381.0,-105.0,36.0,-793.0,-323.0,-397.0,19.0
187.0,,327.0,406.0,-184.0,121.0,-741.0,-395.0,-413.0,72.0
155.0,,304.0,439.0,-256.0,81.0,-434.0,-51.0,-426.0,132.0
116.0,,265.0,458.0,-317.0,51.0,-325.0,-336.0,-423.0,224.0
60.0,,212.0,460.0,-352.0,74.0,-422.0,-96.0,-405.0,348.0
29.0,,144.0,486.0,-346.0,122.0,-551.0,-339.0,-392.0,491.0
40.0,,66.0,482.0,-318.0,52.0,-603.0,-384.0,-377.0,663.0
45.0,,-2.0,490.0,-273.0,-18.0,-430.0,-339.0,-347.0,812.0
33.0,,-71.0,494.0,-228.0,68.0,-336.0,-633.0,-297.0,945.0
56.0,,-141.0,446.0,-216.0,110.0,-439.0,-242.0,-234.0,1060.0
115.0,,-164.0,338.0,-229.0,74.0,-576.0,-450.0,-161.0,1100.0
153.0,,-169.0,234.0,-241.0,34.0,-506.0,-175.0,-89.0,1072.0
178.0,,-172.0,152.0,-231.0,87.0,-410.0,-157.0,-10.0,1006.0
221.0,,-126.0,28.0,-194.0,202.0,-600.0,-262.0,60.0,893.0
280.0,,-66.0,-51.0,-131.0,150.0,-654.0,-42.0,98.0,755.0
332.0,,3.0,-68.0,-38.0,104.0,-371.0,-365.0,121.0,593.0
372.0,,65.0,-58.0,59.0,221.0,-110.0,-42.0,140.0,378.0
418.0,,145.0,-9.0,155.0,327.0,-157.0,-229.0,141.0,166.0
488.0,,221.0,85.0,247.0,271.0,-451.0,-83.0,108.0,-32.0
538.0,,252.0,220.0,311.0,140.0,-652.0,114.0,63.0,-213.0
537.0,,323.0,363.0,332.0,164.0,-728.0,5.0,14.0,-369.0
520.0,,351.0,454.0,303.0,252.0,-638.0,382.0,-38.0,-517.0
507.0,,376.0,481.0,252.0,171.0,-520.0,73.0,-89.0,-635.0
469.0,,410.0,494.0,183.0,28.0,-546.0,282.0,-140.0,-699.0
379.0,,390.0,501.0,76.0,70.0,-473.0,101.0,-161.0,-690.0
293.0,,384.0,471.0,-30.0,231.0,-567.0,-16.0,-163.0,-633.0
244.0,,365.0,403.0,-90.0,315.0,-881.0,158.0,-146.0,-527.0
186.0,,346.0,340.0,-96.0,243.0,-948.0,-123.0,-120.0,-389.0
109.0,,318.0,275.0,-57.0,262.0,-668.0,258.0,-48.0,-229.0
46.0,,311.0,187.0,11.0,422.0,-465.0,121.0,53.0,-42.0
13.0,,318.0,119.0,58.0,406.0,-551.0,336.0,138.0,139.0
-9.0,,315.0,84.0,54.0,325.0,-620.0,332.0,242.0,348.0
-70.0,,338.0,91.0,35.0,339.0,-678.0,155.0,335.0,523.0
-129.0,,352.0,117.0,18.0,478.0,-738.0,456.0,406.0,650.0
-159.0,,405.0,137.0,2.0,546.0,-621.0,136.0,476.0,767.0
-182.0,,457.0,176.0,-21.0,380.0,-506.0,415.0,523.0,866.0
-211.0,,481.0,211.0,-44.0,370.0,-629.0,271.0,561.0,954.0
-248.0,,515.0,237.0,-39.0,565.0,-721.0,306.0,597.0,984.0
-269.0,,555.0,301.0,-2.0,639.0,-617.0,478.0,627.0,972.0
-273.0,,588.0,385.0,44.0,568.0,-652.0,208.0,645.0,955.0
-271.0,,602.0,422.0,84.0,553.0,-792.0,491.0,669.0,923.0
-300.0,,635.0,402.0,134.0,661.0,-682.0,240.0,694.0,873.0
-320.0,,658.0,387.0,190.0,701.0,-539.0,522.0,693.0,815.0
-304.0,,664.0,386.0,251.0,602.0,-656.0,545.0,668.0,745.0
-297.0,,675.0,362.0,318.0,624.0,-750.0,498.0,630.0,685.0
-315.0,,678.0,307.0,352.0,792.0,-700.0,740.0,597.0,622.0
-334.0,,699.0,257.0,358.0,765.0,-668.0,375.0,553.0,552.0
-310.0,,712.0,230.0,355.0,559.0,-629.0,709.0,504.0,523.0
-311.0,,702.0,199.0,372.0,507.0,-606.0,500.0,438.0,486.0
-344.0,,720.0,145.0,403.0,627.0,-699.0,570.0,361.0,475.0
-356.0,,725.0,90.0,403.0,680.0,-774.0,654.0,297.0,506.0
-341.0,,717.0,48.0,381.0,619.0,-596.0,367.0,220.0,550.0
-336.0,,711.0,6.0,344.0,553.0,-325.0,615.0,153.0,613.0
-366.0,,672.0,-9.0,294.0,638.0,-416.0,319.0,110.0,662.0
-369.0,,645.0,-10.0,205.0,778.0,-755.0,607.0,74.0,699.0
-338.0,,601.0,-14.0,56.0,670.0,-818.0,504.0,52.0,717.0
-304.0,,516.0,1.0,-122.0,598.0,-684.0,412.0,21.0,715.0
-300.0,,450.0,45.0,-281.0,772.0,-534.0,578.0,-5.0,702.0
-310.0,,400.0,105.0,-364.0,887.0,-409.0,304.0,-37.0,667.0
-303.0,,351.0,152.0,-352.0,797.0,-568.0,679.0,-76.0,592.0
-291.0,,316.0,191.0,-266.0,662.0,-804.0,484.0,-96.0,495.0
-280.0,,307.0,219.0,-155.0,713.0,-801.0,668.0,-105.0,391.0
-275.0,,303.0,218.0,-38.0,785.0,-657.0,779.0,-123.0,249.0
-240.0,,326.0,214.0,48.0,680.0,-535.0,711.0,-147.0,96.0
-189.0,,337.0,228.0,88.0,608.0,-523.0,1032.0,-146.0,-25.0
-146.0,,349.0,231.0,91.0,720.0,-598.0,698.0,-142.0,-130.0
-121.0,,393.0,228.0,80.0,811.0,-753.0,916.0,-161.0,-193.0
-73.0,,386.0,221.0,81.0,707.0,-847.0,685.0,-179.0,-195.0
-7.0,,430.0,198.0,86.0,609.0,-718.0,661.0,-194.0,-184.0
7.0,,465.0,211.0,99.0,723.0,-560.0,862.0,-196.0,-156.0
8.0,,458.0,247.0,75.0,808.0,-557.0,698.0,-171.0,-97.0
32.0,,508.0,276.0,10.0,686.0,-553.0,1099.0,-134.0,-28.0
93.0,,488.0,312.0,-65.0,555.0,-640.0,788.0,-79.0,44.0
150.0,,490.0,374.0,-146.0,596.0,-916.0,892.0,-6.0,124.0
176.0,,521.0,454.0,-181.0,692.0,-882.0,825.0,75.0,207.0
234.0,,491.0,505.0,-157.0,655.0,-490.0,709.0,158.0,266.0
311.0,,506.0,526.0,-107.0,553.0,-325.0,979.0,241.0,318.0
358.0,,497.0,522.0,-81.0,604.0,-523.0,716.0,326.0,371.0
386.0,,464.0,504.0,-65.0,792.0,-657.0,1099.0,393.0,407.0
411.0,,447.0,475.0,-58.0,772.0,-579.0,918.0,438.0,417.0
439.0,,395.0,412.0,-64.0,608.0,-462.0,979.0,480.0,406.0
441.0,,346.0,349.0,-58.0,565.0,-380.0,1021.0,515.0,398.0
438.0,,317.0,311.0,-64.0,681.0,-462.0,703.0,539.0,404.0
446.0,,289.0,261.0,-74.0,726.0,-599.0,988.0,557.0,408.0
438.0,,258.0,193.0,-73.0,511.0,-408.0,698.0,550.0,417.0
425.0,,228.0,137.0,-73.0,444.0,-46.0,975.0,535.0,434.0
387.0,,205.0,128.0,-63.0,578.0,-51.0,910.0,513.0,440.0
350.0,,200.0,138.0,-51.0,645.0,-327.0,881.0,464.0,455.0
339.0,,179.0,159.0,-42.0,585.0,-466.0,1112.0,423.0,470.0
308.0,,174.0,215.0,-40.0,565.0,-364.0,824.0,383.0,482.0
266.0,,195.0,274.0,-74.0,678.0,-232.0,1108.0,330.0,502.0
235.0,,188.0,352.0,-139.0,728.0,-264.0,794.0,276.0,489.0
210.0,,201.0,435.0,-214.0,629.0,-12.0,925.0,237.0,460.0
192.0,,199.0,498.0,-285.0,502.0,340.0,999.0,213.0,443.0
163.0,,180.0,528.0,-358.0,605.0,152.0,870.0,199.0,411.0
142.0,,180.0,519.0,-426.0,696.0,-135.0,1180.0,196.0,372.0
141.0,,128.0,511.0,-479.0,561.0,-416.0,814.0,187.0,299.0
126.0,,90.0,498.0,-493.0,468.0,-546.0,1075.0,181.0,192.0
134.0,,56.0,485.0,-442.0,515.0,-23.0,990.0,190.0,102.0
162.0,,0.0,442.0,-361.0,586.0,467.0,1014.0,178.0,-8.0
177.0,,-39.0,359.0,-272.0,478.0,284.0,1184.0,139.0,-138.0
171.0,,-101.0,285.0,-174.0,356.0,-180.0,875.0,82.0,-251.0
145.0,,-139.0,193.0,-67.0,456.0,-458.0,1136.0,22.0,-364.0
152.0,,-177.0,105.0,46.0,501.0,-379.0,825.0,-39.0,-448.0
147.0,,-218.0,64.0,163.0,349.0,29.0,988.0,-105.0,-507.0
114.0,,-245.0,26.0,250.0,248.0,278.0,1029.0,-145.0,-558.0
90.0,,-274.0,-27.0,285.0,285.0,7.0,955.0,-146.0,-564.0
79.0,,-286.0,-62.0,300.0,381.0,-327.0,1230.0,-120.0,-542.0
95.0,,-312.0,-95.0,295.0,313.0,-267.0,877.0,-92.0,-537.0
96.0,,-327.0,-129.0,268.0,173.0,-43.0,1154.0,-46.0,-497.0
89.0,,-340.0,-153.0,250.0,241.0,-106.0,984.0,11.0,-450.0
111.0,,-342.0,-173.0,241.0,301.0,-266.0,997.0,70.0,-421.0
151.0,,-350.0,-186.0,225.0,227.0,-51.0,1042.0,145.0,-377.0
190.0,,-369.0,-206.0,201.0,86.0,219.0,752.0,215.0,-353.0
226.0,,-368.0,-215.0,155.0,85.0,22.0,1064.0,288.0,-305.0
277.0,,-376.0,-240.0,107.0,189.0,-308.0,788.0,346.0,-255.0
339.0,,-384.0,-253.0,53.0,111.0,-247.0,1036.0,394.0,-221.0
400.0,,-408.0,-217.0,0.0,-24.0,41.0,958.0,440.0,-200.0
428.0,,-433.0,-159.0,-25.0,-35.0,147.0,883.0,466.0,-204.0
456.0,,-433.0,-68.0,-38.0,46.0,-57.0,1108.0,472.0,-202.0
505.0,,-483.0,27.0,-28.0,-32.0,-235.0,750.0,448.0,-197.0
530.0,,-509.0,121.0,-20.0,-135.0,82.0,1034.0,423.0,-169.0
514.0,,-504.0,224.0,-23.0,-41.0,444.0,720.0,395.0,-144.0
489.0,,-533.0,302.0,-11.0,84.0,153.0,692.0,361.0,-126.0
467.0,,-529.0,341.0,2.0,37.0,-613.0,689.0,330.0,-129.0
423.0,,-535.0,339.0,44.0,-206.0,-775.0,528.0,293.0,-148.0
358.0,,-529.0,307.0,94.0,-210.0,214.0,892.0,262.0,-164.0
270.0,,-516.0,231.0,128.0,-60.0,1000.0,654.0,222.0,-197.0
189.0,,-502.0,123.0,158.0,-144.0,454.0,951.0,181.0,-218.0
122.0,,-470.0,17.0,171.0,-331.0,-363.0,792.0,160.0,-249.0
37.0,,-428.0,-82.0,175.0,-335.0,-99.0,740.0,146.0,-295.0
-46.0,,-366.0,-173.0,156.0,-181.0,464.0,827.0,130.0,-316.0
-125.0,,-331.0,-245.0,112.0,-210.0,138.0,443.0,122.0,-328.0
-189.0,,-271.0,-290.0,67.0,-422.0,-339.0,678.0,111.0,-321.0
-258.0,,-222.0,-312.0,22.0,-536.0,159.0,404.0,101.0,-264.0
-317.0,,-178.0,-335.0,-3.0,-383.0,1025.0,596.0,99.0,-186.0
-364.0,,-116.0,-340.0,15.0,-284.0,945.0,541.0,90.0,-63.0
-403.0,,-93.0,-318.0,70.0,-362.0,-1.0,389.0,96.0,98.0
-420.0,,-33.0,-293.0,136.0,-342.0,-491.0,567.0,113.0,228.0
-448.0,,11.0,-280.0,183.0,-245.0,37.0,194.0,128.0,360.0
-451.0,,26.0,-266.0,200.0,-200.0,659.0,537.0,130.0,455.0
-434.0,,73.0,-231.0,177.0,-318.0,676.0,384.0,125.0,498.0
-432.0,,60.0,-176.0,123.0,-428.0,325.0,504.0,118.0,509.0
-426.0,,81.0,-126.0,79.0,-383.0,109.0,689.0,93.0,475.0
-396.0,,87.0,-95.0,60.0,-361.0,186.0,439.0,64.0,432.0
-350.0,,43.0,-83.0,59.0,-511.0,231.0,670.0,19.0,351.0
-333.0,,77.0,-80.0,77.0,-655.0,86.0,295.0,-39.0,254.0
-339.0,,39.0,-86.0,113.0,-640.0,155.0,424.0,-79.0,158.0
-324.0,,41.0,-83.0,139.0,-564.0,477.0,284.0,-126.0,70.0
-291.0,,55.0,-51.0,155.0,-612.0,528.0,214.0,-184.0,6.0
-269.0,,12.0,1.0,185.0,-709.0,243.0,424.0,-214.0,-67.0
-272.0,,39.0,76.0,216.0,-589.0,43.0,105.0,-257.0,-118.0
-253.0,,12.0,152.0,223.0,-530.0,235.0,410.0,-299.0,-164.0
-212.0,,-3.0,204.0,204.0,-623.0,467.0,105.0,-313.0,-214.0
-208.0,,-3.0,235.0,156.0,-628.0,408.0,144.0,-336.0,-269.0
-202.0,,-6.0,260.0,62.0,-557.0,367.0,179.0,-343.0,-343.0
-187.0,,6.0,285.0,-62.0,-509.0,413.0,33.0,-345.0,-407.0
-198.0,,-4.0,304.0,-187.0,-652.0,370.0,430.0,-331.0,-462.0
-215.0,,9.0,313.0,-301.0,-758.0,235.0,158.0,-299.0,-493.0
-231.0,,31.0,307.0,-374.0,-618.0,308.0,373.0,-253.0,-491.0
-252.0,,39.0,283.0,-374.0,-500.0,799.0,206.0,-177.0,-473.0
-269.0,,45.0,230.0,-334.0,-593.0,723.0,188.0,-97.0,-403.0
-288.0,,64.0,169.0,-300.0,-732.0,15.0,299.0,-12.0,-277.0
-315.0,,81.0,114.0,-284.0,-691.0,81.0,-29.0,83.0,-165.0
-357.0,,100.0,72.0,-267.0,-578.0,774.0,286.0,192.0,-45.0
-394.0,,133.0,61.0,-228.0,-582.0,811.0,-25.0,320.0,60.0
-419.0,,149.0,77.0,-165.0,-659.0,4.0,96.0,446.0,101.0
-454.0,,190.0,115.0,-97.0,-619.0,-298.0,86.0,544.0,136.0
-480.0,,201.0,158.0,-32.0,-472.0,557.0,5.0,610.0,124.0
-505.0,,197.0,217.0,-8.0,-470.0,1340.0,345.0,639.0,37.0
-511.0,,208.0,309.0,-47.0,-561.0,924.0,83.0,637.0,-68.0
-476.0,,166.0,398.0,-92.0,-538.0,41.0,336.0,609.0,-180.0
-447.0,,137.0,455.0,-135.0,-463.0,-129.0,73.0,557.0,-282.0
-420.0,,78.0,498.0,-183.0,-502.0,428.0,75.0,502.0,-344.0
-367.0,,34.0,526.0,-210.0,-623.0,861.0,162.0,430.0,-375.0
-302.0,,2.0,512.0,-218.0,-521.0,477.0,-1.0,355.0,-386.0
-231.0,,-61.0,460.0,-214.0,-352.0,209.0,373.0,302.0,-350.0
-165.0,,-98.0,381.0,-209.0,-425.0,704.0,55.0,253.0,-330.0
-120.0,,-151.0,298.0,-178.0,-532.0,999.0,260.0,219.0,-286.0
-63.0,,-181.0,225.0,-139.0,-418.0,436.0,168.0,193.0,-211.0
-20.0,,-217.0,184.0,-102.0,-207.0,-238.0,75.0,167.0,-189.0
7.0,,-276.0,182.0,-63.0,-262.0,84.0,286.0,147.0,-137.0
19.0,,-307.0,204.0,-51.0,-397.0,945.0,-48.0,154.0,-108.0
0.0,,-349.0,263.0,-55.0,-279.0,924.0,219.0,166.0,-137.0
-9.0,,-395.0,310.0,-88.0,-110.0,42.0,11.0,165.0,-179.0
-18.0,,-446.0,332.0,-125.0,-136.0,-57.0,223.0,163.0,-270.0
-26.0,,-488.0,338.0,-155.0,-321.0,652.0,327.0,146.0,-378.0
-52.0,,-520.0,295.0,-185.0,-340.0,731.0,169.0,131.0,-497.0
-79.0,,-582.0,245.0,-188.0,-146.0,163.0,454.0,114.0,-611.0
-77.0,,-625.0,221.0,-185.0,-80.0,-10.0,29.0,80.0,-695.0
-81.0,,-669.0,198.0,-183.0,-225.0,536.0,162.0,43.0,-752.0
-106.0,,-701.0,140.0,-183.0,-264.0,696.0,-127.0,13.0,-753.0
-127.0,,-720.0,65.0,-173.0,-100.0,157.0,-245.0,-27.0,-736.0
-135.0,,-760.0,-5.0,-174.0,-58.0,107.0,-33.0,-57.0,-722.0
-129.0,,-735.0,-74.0,-222.0,-154.0,615.0,-199.0,-69.0,-689.0
-113.0,,-724.0,-149.0,-264.0,-148.0,809.0,225.0,-74.0,-660.0
-102.0,,-709.0,-242.0,-287.0,4.0,362.0,-9.0,-67.0,-661.0
-79.0,,-663.0,-275.0,-303.0,90.0,49.0,149.0,-57.0,-682.0
-51.0,,-613.0,-251.0,-273.0,-110.0,352.0,94.0,-16.0,-731.0
-20.0,,-542.0,-221.0,-194.0,-190.0,572.0,-97.0,23.0,-781.0
-3.0,,-507.0,-165.0,-91.0,-2.0,456.0,112.0,70.0,-813.0
-2.0,,-433.0,-76.0,17.0,39.0,145.0,-234.0,131.0,-847.0
7.0,,-388.0,27.0,94.0,-35.0,283.0,83.0,190.0,-852.0
12.0,,-348.0,110.0,137.0,-54.0,751.0,-140.0,248.0,-856.0
0.0,,-274.0,169.0,165.0,63.0,626.0,-144.0,279.0,-857.0
-11.0,,-245.0,235.0,162.0,132.0,299.0,-57.0,306.0,-833.0
-6.0,,-185.0,307.0,136.0,9.0,134.0,-293.0,327.0,-816.0
-16.0,,-129.0,344.0,96.0,-42.0,260.0,-5.0,333.0,-800.0
-51.0,,-83.0,343.0,43.0,110.0,514.0,-351.0,326.0,-774.0
-93.0,,-41.0,301.0,-1.0,213.0,496.0,-101.0,302.0,-744.0
-107.0,,-10.0,211.0,-21.0,55.0,431.0,-212.0,252.0,-715.0
-109.0,,46.0,95.0,-11.0,-18.0,342.0,-314.0,206.0,-673.0
-151.0,,72.0,-32.0,15.0,162.0,278.0,-138.0,148.0,-646.0
-210.0,,97.0,-146.0,35.0,287.0,149.0,-502.0,60.0,-606.0
-245.0,,125.0,-238.0,67.0,208.0,32.0,-192.0,0.0,-568.0
-269.0,,149.0,-311.0,85.0,85.0,277.0,-448.0,-70.0,-551.0
-319.0,,171.0,-381.0,71.0,164.0,440.0,-358.0,-145.0,-526.0
-399.0,,153.0,-429.0,72.0,313.0,373.0,-336.0,-197.0,-535.0
-478.0,,174.0,-440.0,69.0,246.0,361.0,-513.0,-234.0,-553.0
-533.0,,194.0,-465.0,44.0,154.0,458.0,-247.0,-265.0,-601.0
-602.0,,196.0,-496.0,31.0,243.0,454.0,-580.0,-314.0,-661.0
-696.0,,218.0,-493.0,35.0,363.0,162.0,-351.0,-343.0,-711.0
-772.0,,209.0,-456.0,42.0,323.0,77.0,-602.0,-369.0,-745.0
-811.0,,233.0,-417.0,59.0,187.0,261.0,-655.0,-377.0,-770.0
-852.0,,235.0,-373.0,85.0,237.0,475.0,-515.0,-360.0,-805.0
-916.0,,228.0,-305.0,102.0,393.0,492.0,-766.0,-322.0,-824.0
-967.0,,248.0,-219.0,112.0,390.0,174.0,-402.0,-262.0,-851.0
-990.0,,233.0,-123.0,91.0,254.0,215.0,-702.0,-207.0,-843.0
-980.0,,233.0,-38.0,25.0,243.0,459.0,-583.0,-121.0,-831.0
-992.0,,217.0,11.0,-29.0,404.0,316.0,-617.0,-49.0,-818.0
-1031.0,,183.0,28.0,-61.0,437.0,116.0,-729.0,16.0,-783.0
-1037.0,,178.0,33.0,-65.0,351.0,291.0,-500.0,70.0,-750.0
-1022.0,,153.0,51.0,-41.0,392.0,685.0,-829.0,85.0,-714.0
-1008.0,,109.0,56.0,-8.0,526.0,601.0,-591.0,98.0,-696.0
-980.0,,117.0,38.0,15.0,553.0,153.0,-837.0,94.0,-652.0
-917.0,,115.0,9.0,9.0,445.0,-35.0,-739.0,95.0,-609.0
-840.0,,99.0,-17.0,0.0,408.0,370.0,-642.0,80.0,-553.0
-787.0,,125.0,-25.0,0.0,494.0,899.0,-885.0,53.0,-485.0
-736.0,,118.0,-49.0,-5.0,530.0,484.0,-515.0,31.0,-425.0
-672.0,,137.0,-86.0,3.0,457.0,-72.0,-811.0,-1.0,-340.0
-600.0,,151.0,-107.0,35.0,477.0,181.0,-648.0,-40.0,-273.0
-549.0,,135.0,-114.0,56.0,642.0,525.0,-818.0,-98.0,-215.0
-537.0,,137.0,-117.0,46.0,675.0,416.0,-957.0,-149.0,-161.0
-533.0,,98.0,-142.0,14.0,544.0,99.0,-724.0,-192.0,-157.0
-527.0,,74.0,-190.0,-21.0,488.0,395.0,-984.0,-241.0,-174.0
-524.0,,45.0,-229.0,-57.0,580.0,864.0,-724.0,-281.0,-185.0
-555.0,,0.0,-264.0,-59.0,649.0,579.0,-1071.0,-305.0,-237.0
-591.0,,-17.0,-311.0,-2.0,561.0,180.0,-990.0,-326.0,-282.0
-611.0,,-66.0,-362.0,64.0,512.0,26.0,-936.0,-339.0,-323.0
-627.0,,-120.0,-399.0,106.0,649.0,207.0,-1149.0,-347.0,-353.0
-635.0,,-149.0,-417.0,97.0,684.0,717.0,-853.0,-354.0,-333.0
-658.0,,-198.0,-429.0,35.0,511.0,779.0,-1206.0,-355.0,-284.0
-666.0,,-224.0,-418.0,-24.0,451.0,411.0,-964.0,-339.0,-200.0
-647.0,,-248.0,-370.0,-48.0,556.0,302.0,-1071.0,-311.0,-91.0
-621.0,,-290.0,-294.0,-48.0,601.0,477.0,-1101.0,-265.0,24.0
-613.0,,-290.0,-203.0,-33.0,458.0,346.0,-958.0,-202.0,104.0
-602.0,,-303.0,-93.0,5.0,352.0,71.0,-1282.0,-159.0,194.0
-574.0,,-324.0,34.0,73.0,480.0,314.0,-984.0,-114.0,255.0
-553.0,,-326.0,126.0,132.0,568.0,691.0,-1291.0,-65.0,288.0
-520.0,,-320.0,198.0,154.0,464.0,591.0,-1138.0,-18.0,333.0
-489.0,,-328.0,272.0,166.0,355.0,144.0,-1101.0,28.0,326.0
-455.0,,-338.0,330.0,148.0,426.0,31.0,-1219.0,63.0,311.0
-412.0,,-362.0,379.0,91.0,482.0,282.0,-910.0,93.0,284.0
-352.0,,-387.0,394.0,13.0,357.0,313.0,-1274.0,121.0,267.0
-283.0,,-384.0,342.0,-66.0,284.0,373.0,-1025.0,153.0,232.0
-251.0,,-439.0,241.0,-136.0,370.0,498.0,-1206.0,170.0,160.0
-211.0,,-458.0,117.0,-193.0,450.0,325.0,-1206.0,161.0,96.0
-145.0,,-457.0,0.0,-216.0,337.0,65.0,-1025.0,141.0,0.0
-100.0,,-486.0,-89.0,-213.0,217.0,40.0,-1180.0,126.0,-76.0
-79.0,,-499.0,-152.0,-159.0,285.0,282.0,-820.0,104.0,-148.0
-62.0,,-519.0,-192.0,-95.0,365.0,294.0,-1128.0,80.0,-231.0
-39.0,,-505.0,-202.0,-64.0,341.0,84.0,-946.0,70.0,-304.0
-50.0,,-508.0,-176.0,-49.0,260.0,234.0,-1064.0,68.0,-407.0
-58.0,,-501.0,-114.0,-67.0,303.0,363.0,-1173.0,52.0,-511.0
-41.0,,-477.0,-55.0,-72.0,413.0,33.0,-846.0,39.0,-603.0
-55.0,,-446.0,0.0,-78.0,313.0,-155.0,-1128.0,41.0,-684.0
-61.0,,-396.0,84.0,-117.0,204.0,38.0,-812.0,47.0,-765.0
-45.0,,-379.0,154.0,-163.0,257.0,178.0,-997.0,49.0,-854.0
-26.0,,-330.0,187.0,-244.0,358.0,197.0,-883.0,58.0,-940.0
-37.0,,-304.0,211.0,-352.0,344.0,204.0,-801.0,68.0,-1008.0
-50.0,,-277.0,224.0,-461.0,158.0,132.0,-1047.0,53.0,-1047.0
-29.0,,-229.0,214.0,-520.0,173.0,65.0,-807.0,38.0,-1054.0
-23.0,,-239.0,180.0,-478.0,339.0,107.0,-1165.0,20.0,-1052.0
-26.0,,-208.0,137.0,-358.0,272.0,173.0,-855.0,7.0,-1063.0
-39.0,,-201.0,83.0,-185.0,148.0,88.0,-859.0,4.0,-1065.0
-13.0,,-219.0,29.0,-9.0,223.0,-24.0,-833.0,-19.0,-1085.0
37.0,,-203.0,-10.0,115.0,342.0,233.0,-598.0,-55.0,-1103.0
32.0,,-199.0,-52.0,178.0,282.0,470.0,-905.0,-100.0,-1114.0
29.0,,-194.0,-104.0,196.0,146.0,117.0,-593.0,-139.0,-1116.0
70.0,,-198.0,-144.0,195.0,198.0,-297.0,-846.0,-188.0,-1116.0
141.0,,-181.0,-180.0,182.0,404.0,-44.0,-694.0,-243.0,-1108.0
163.0,,-177.0,-184.0,181.0,379.0,489.0,-650.0,-285.0,-1068.0
155.0,,-165.0,-140.0,195.0,214.0,411.0,-794.0,-333.0,-1032.0
171.0,,-148.0,-118.0,195.0,235.0,-42.0,-465.0,-374.0,-962.0
167.0,,-155.0,-134.0,166.0,343.0,-87.0,-724.0,-409.0,-895.0
142.0,,-124.0,-183.0,95.0,371.0,193.0,-404.0,-432.0,-798.0
82.0,,-116.0,-242.0,-12.0,254.0,225.0,-594.0,-451.0,-692.0
34.0,,-101.0,-281.0,-139.0,257.0,6.0,-606.0,-469.0,-600.0
0.0,,-80.0,-316.0,-262.0,416.0,-117.0,-465.0,-470.0,-481.0
-33.0,,-73.0,-342.0,-326.0,391.0,-27.0,-779.0,-470.0,-401.0
-53.0,,-40.0,-352.0,-342.0,244.0,188.0,-497.0,-462.0,-303.0
-76.0,,-18.0,-340.0,-331.0,239.0,129.0,-798.0,-433.0,-245.0
-88.0,,0.0,-318.0,-282.0,378.0,-270.0,-563.0,-384.0,-220.0
-107.0,,29.0,-283.0,-212.0,431.0,-399.0,-504.0,-318.0,-188.0
-109.0,,61.0,-225.0,-130.0,342.0,9.0,-517.0,-237.0,-188.0
-97.0,,69.0,-182.0,-47.0,298.0,323.0,-208.0,-164.0,-184.0
-99.0,,86.0,-168.0,24.0,389.0,-47.0,-535.0,-102.0,-179.0
-102.0,,110.0,-186.0,67.0,481.0,-464.0,-230.0,-39.0,-185.0
-94.0,,126.0,-220.0,73.0,450.0,-167.0,-450.0,8.0,-206.0
-76.0,,163.0,-238.0,59.0,380.0,177.0,-419.0,32.0,-228.0
-74.0,,169.0,-242.0,45.0,392.0,-124.0,-295.0,8.0,-266.0
-78.0,,184.0,-239.0,56.0,461.0,-468.0,-495.0,-34.0,-287.0
-75.0,,191.0,-242.0,93.0,399.0,-227.0,-153.0,-78.0,-318.0
-61.0,,162.0,-256.0,142.0,300.0,44.0,-441.0,-141.0,-331.0
-45.0,,158.0,-272.0,190.0,388.0,-121.0,-240.0,-179.0,-276.0
-44.0,,151.0,-243.0,206.0,440.0,-342.0,-362.0,-197.0,-224.0
-53.0,,132.0,-172.0,187.0,359.0,-390.0,-456.0,-209.0,-133.0
-58.0,,130.0,-76.0,157.0,313.0,-276.0,-221.0,-203.0,-36.0
-59.0,,134.0,47.0,97.0,368.0,-143.0,-458.0,-184.0,53.0
-70.0,,133.0,152.0,30.0,448.0,-116.0,-40.0,-176.0,157.0
-117.0,,135.0,231.0,8.0,420.0,-239.0,-232.0,-156.0,241.0
-170.0,,132.0,287.0,16.0,391.0,-410.0,-114.0,-114.0,328.0
-186.0,,131.0,299.0,37.0,433.0,-327.0,-86.0,-91.0,415.0
-219.0,,131.0,259.0,45.0,416.0,-237.0,-345.0,-56.0,513.0
-280.0,,132.0,209.0,34.0,321.0,-419.0,-38.0,-20.0,613.0
-317.0,,122.0,172.0,8.0,260.0,-526.0,-349.0,-16.0,719.0
-318.0,,104.0,146.0,-30.0,332.0,-369.0,-90.0,-21.0,806.0
-309.0,,89.0,148.0,-57.0,438.0,-285.0,-221.0,-41.0,857.0
-312.0,,55.0,136.0,-65.0,394.0,-445.0,-245.0,-65.0,907.0
-310.0,,27.0,123.0,-65.0,226.0,-613.0,-53.0,-85.0,923.0
-280.0,,-11.0,95.0,-31.0,199.0,-746.0,-310.0,-104.0,866.0
-216.0,,-44.0,42.0,41.0,260.0,-804.0,59.0,-135.0,751.0
-165.0,,-80.0,-16.0,108.0,121.0,-699.0,-179.0,-141.0,617.0
-155.0,,-140.0,-89.0,173.0,-17.0,-645.0,36.0,-133.0,444.0
-123.0,,-177.0,-167.0,232.0,37.0,-752.0,88.0,-140.0,260.0
-44.0,,-216.0,-279.0,253.0,113.0,-830.0,11.0,-144.0,73.0
15.0,,-240.0,-375.0,237.0,71.0,-761.0,345.0,-149.0,-115.0
50.0,,-254.0,-413.0,198.0,-43.0,-820.0,7.0,-121.0,-267.0
78.0,,-258.0,-426.0,149.0,-35.0,-927.0,247.0,-85.0,-381.0
106.0,,-243.0,-391.0,113.0,22.0,-830.0,16.0,-60.0,-464.0
122.0,,-232.0,-327.0,113.0,-77.0,-812.0,29.0,-37.0,-508.0
93.0,,-216.0,-285.0,131.0,-228.0,-852.0,158.0,-28.0,-505.0
64.0,,-205.0,-262.0,134.0,-256.0,-888.0,-60.0,-25.0,-460.0
62.0,,-199.0,-217.0,103.0,-159.0,-1121.0,291.0,-33.0,-379.0
45.0,,-192.0,-124.0,53.0,-155.0,-1307.0,22.0,-46.0,-289.0
7.0,,-207.0,-20.0,5.0,-285.0,-1098.0,256.0,-62.0,-157.0
-26.0,,-232.0,45.0,-25.0,-322.0,-884.0,238.0,-78.0,-29.0
-41.0,,-239.0,95.0,-16.0,-249.0,-1112.0,190.0,-82.0,74.0
-44.0,,-251.0,148.0,21.0,-199.0,-1351.0,460.0,-85.0,174.0
-61.0,,-264.0,172.0,77.0,-335.0,-1266.0,173.0,-100.0,263.0
-73.0,,-261.0,149.0,135.0,-479.0,-1089.0,473.0,-128.0,333.0
-94.0,,-258.0,100.0,183.0,-371.0,-1051.0,240.0,-161.0,355.0
-148.0,,-229.0,42.0,200.0,-291.0,-1178.0,301.0,-179.0,369.0
-191.0,,-193.0,-10.0,179.0,-414.0,-1248.0,341.0,-191.0,352.0
-193.0,,-152.0,-113.0,142.0,-492.0,-1072.0,164.0,-201.0,330.0
-177.0,,-105.0,-239.0,83.0,-388.0,-892.0,524.0,-209.0,311.0
-192.0,,-58.0,-328.0,15.0,-327.0,-982.0,236.0,-222.0,289.0
-207.0,,-9.0,-395.0,-39.0,-447.0,-1179.0,487.0,-229.0,257.0
-204.0,,0.0,-413.0,-76.0,-502.0,-1114.0,373.0,-242.0,205.0
-168.0,,29.0,-399.0,-104.0,-427.0,-839.0,323.0,-265.0,166.0
-140.0,,58.0,-347.0,-150.0,-404.0,-874.0,526.0,-280.0,102.0
-161.0,,61.0,-264.0,-202.0,-505.0,-1056.0,279.0,-281.0,37.0
-158.0,,82.0,-181.0,-233.0,-626.0,-1067.0,661.0,-276.0,-21.0
-143.0,,97.0,-103.0,-226.0,-619.0,-1042.0,421.0,-271.0,-71.0
-144.0,,127.0,-55.0,-192.0,-527.0,-992.0,563.0,-262.0,-94.0
-175.0,,161.0,-6.0,-155.0,-521.0,-981.0,591.0,-245.0,-77.0
-205.0,,182.0,22.0,-136.0,-554.0,-983.0,402.0,-221.0,-27.0
-218.0,,222.0,27.0,-131.0,-457.0,-955.0,655.0,-203.0,43.0
-249.0,,266.0,20.0,-124.0,-383.0,-880.0,297.0,-181.0,156.0
-276.0,,285.0,3.0,-126.0,-427.0,-832.0,567.0,-148.0,284.0
-271.0,,308.0,-10.0,-114.0,-498.0,-938.0,419.0,-100.0,422.0
-234.0,,324.0,-30.0,-87.0,-517.0,-1061.0,426.0,-55.0,552.0
-218.0,,327.0,-34.0,-85.0,-453.0,-981.0,593.0,4.0,627.0
-208.0,,334.0,-41.0,-96.0,-549.0,-822.0,306.0,78.0,665.0
-178.0,,306.0,-45.0,-89.0,-709.0,-939.0,600.0,133.0,673.0
-153.0,,290.0,-20.0,-55.0,-683.0,-972.0,328.0,176.0,643.0
-147.0,,294.0,25.0,1.0,-609.0,-771.0,594.0,195.0,602.0
-160.0,,277.0,63.0,69.0,-600.0,-853.0,661.0,185.0,569.0
-157.0,,270.0,72.0,127.0,-637.0,-1026.0,570.0,149.0,571.0
-129.0,,292.0,94.0,156.0,-609.0,-953.0,788.0,117.0,605.0
-69.0,,311.0,132.0,146.0,-534.0,-846.0,395.0,79.0,646.0
-9.0,,336.0,138.0,102.0,-570.0,-800.0,607.0,35.0,713.0
14.0,,346.0,84.0,18.0,-662.0,-670.0,345.0,18.0,774.0
43.0,,365.0,-11.0,-64.0,-651.0,-660.0,432.0,-5.0,798.0
95.0,,403.0,-119.0,-104.0,-621.0,-820.0,548.0,-43.0,798.0
123.0,,395.0,-212.0,-111.0,-665.0,-793.0,325.0,-102.0,724.0
95.0,,417.0,-263.0,-85.0,-719.0,-677.0,652.0,-179.0,601.0
78.0,,458.0,-295.0,-68.0,-705.0,-659.0,354.0,-249.0,453.0
123.0,,462.0,-300.0,-69.0,-634.0,-657.0,593.0,-303.0,257.0
152.0,,476.0,-276.0,-70.0,-694.0,-617.0,424.0,-337.0,129.0
134.0,,475.0,-268.0,-71.0,-784.0,-548.0,312.0,-353.0,28.0
121.0,,455.0,-241.0,-64.0,-757.0,-656.0,530.0,-344.0,-43.0
140.0,,449.0,-149.0,-65.0,-739.0,-788.0,260.0,-296.0,-40.0
166.0,,410.0,-17.0,-76.0,-738.0,-668.0,655.0,-224.0,-35.0
164.0,,358.0,96.0,-91.0,-761.0,-599.0,434.0,-139.0,28.0
166.0,,316.0,157.0,-73.0,-774.0,-659.0,530.0,-40.0,119.0
185.0,,259.0,180.0,-24.0,-702.0,-605.0,502.0,40.0,215.0
214.0,,205.0,177.0,31.0,-683.0,-431.0,247.0,109.0,316.0
229.0,,141.0,145.0,106.0,-771.0,-339.0,533.0,160.0,395.0
241.0,,93.0,92.0,181.0,-790.0,-382.0,284.0,201.0,459.0
250.0,,63.0,23.0,252.0,-682.0,-367.0,598.0,235.0,490.0
260.0,,27.0,-64.0,320.0,-644.0,-360.0,413.0,245.0,505.0
289.0,,5.0,-131.0,370.0,-705.0,-370.0,365.0,260.0,487.0
295.0,,-12.0,-171.0,402.0,-757.0,-279.0,478.0,267.0,471.0
297.0,,-34.0,-207.0,405.0,-755.0,-266.0,238.0,271.0,414.0
315.0,,-63.0,-235.0,393.0,-708.0,-310.0,607.0,280.0,344.0
330.0,,-78.0,-254.0,372.0,-743.0,-265.0,304.0,274.0,309.0
327.0,,-102.0,-232.0,314.0,-758.0,-212.0,543.0,254.0,257.0
307.0,,-116.0,-154.0,228.0,-680.0,-264.0,598.0,231.0,219.0
283.0,,-123.0,-39.0,132.0,-623.0,-408.0,448.0,207.0,161.0
263.0,,-137.0,62.0,17.0,-633.0,-361.0,687.0,186.0,110.0
244.0,,-104.0,148.0,-78.0,-678.0,-148.0,399.0,164.0,81.0
221.0,,-99.0,256.0,-157.0,-658.0,-117.0,705.0,155.0,49.0
215.0,,-67.0,348.0,-231.0,-627.0,-213.0,535.0,153.0,35.0
207.0,,-35.0,401.0,-283.0,-676.0,-272.0,613.0,132.0,28.0
198.0,,-41.0,415.0,-320.0,-758.0,-229.0,678.0,125.0,57.0
202.0,,-5.0,387.0,-330.0,-742.0,-96.0,356.0,124.0,122.0
184.0,,-4.0,341.0,-319.0,-644.0,16.0,570.0,121.0,217.0
159.0,,11.0,274.0,-296.0,-615.0,-35.0,223.0,124.0,318.0
155.0,,26.0,193.0,-245.0,-654.0,-283.0,498.0,127.0,404.0
154.0,,20.0,112.0,-154.0,-642.0,-266.0,569.0,148.0,493.0
153.0,,44.0,49.0,-42.0,-572.0,-34.0,606.0,154.0,561.0
164.0,,45.0,-12.0,61.0,-634.0,-96.0,892.0,157.0,609.0
188.0,,43.0,-83.0,131.0,-749.0,-202.0,594.0,155.0,662.0
207.0,,50.0,-106.0,160.0,-690.0,-103.0,838.0,130.0,693.0
204.0,,67.0,-95.0,185.0,-600.0,-10.0,587.0,113.0,694.0
214.0,,70.0,-72.0,211.0,-620.0,-42.0,715.0,78.0,698.0
253.0,,79.0,-24.0,241.0,-668.0,-56.0,824.0,37.0,672.0
282.0,,107.0,32.0,279.0,-660.0,51.0,672.0,-4.0,596.0
294.0,,107.0,107.0,318.0,-647.0,152.0,958.0,-60.0,518.0
315.0,,91.0,190.0,362.0,-701.0,183.0,522.0,-114.0,426.0
338.0,,95.0,261.0,418.0,-772.0,199.0,624.0,-166.0,329.0
340.0,,105.0,321.0,466.0,-785.0,179.0,448.0,-209.0,246.0
315.0,,89.0,366.0,467.0,-728.0,79.0,417.0,-238.0,165.0
303.0,,88.0,390.0,430.0,-759.0,130.0,667.0,-241.0,137.0
304.0,,108.0,382.0,367.0,-844.0,306.0,460.0,-239.0,153.0
277.0,,103.0,346.0,299.0,-800.0,231.0,835.0,-240.0,201.0
257.0,,105.0,307.0,236.0,-744.0,130.0,593.0,-219.0,301.0
242.0,,110.0,280.0,171.0,-744.0,284.0,703.0,-187.0,417.0
208.0,,100.0,258.0,92.0,-764.0,419.0,685.0,-161.0,541.0
158.0,,103.0,222.0,1.0,-738.0,347.0,545.0,-133.0,673.0
109.0,,97.0,183.0,-92.0,-652.0,190.0,872.0,-98.0,793.0
77.0,,96.0,147.0,-180.0,-663.0,223.0,546.0,-58.0,887.0
20.0,,109.0,102.0,-235.0,-713.0,388.0,831.0,-16.0,951.0
-48.0,,104.0,51.0,-240.0,-705.0,371.0,696.0,26.0,1006.0
-112.0,,103.0,9.0,-207.0,-693.0,305.0,696.0,80.0,1024.0
-148.0,,97.0,-10.0,-152.0,-746.0,341.0,814.0,134.0,1009.0
-165.0,,90.0,-18.0,-102.0,-855.0,342.0,521.0,186.0,979.0
-189.0,,75.0,-13.0,-98.0,-848.0,284.0,848.0,237.0,911.0
-198.0,,54.0,-7.0,-118.0,-764.0,337.0,637.0,280.0,838.0
-174.0,,40.0,-17.0,-115.0,-774.0,439.0,914.0,311.0,779.0
-113.0,,27.0,-36.0,-80.0,-860.0,321.0,920.0,321.0,730.0
-56.0,,11.0,-62.0,-33.0,-874.0,373.0,811.0,317.0,716.0
-26.0,,-5.0,-72.0,12.0,-795.0,577.0,1055.0,303.0,733.0
20.0,,-20.0,-73.0,47.0,-769.0,428.0,702.0,270.0,776.0
88.0,,-46.0,-46.0,66.0,-863.0,298.0,946.0,250.0,842.0
134.0,,-61.0,10.0,112.0,-926.0,557.0,700.0,221.0,905.0
151.0,,-95.0,46.0,187.0,-829.0,786.0,764.0,177.0,960.0
189.0,,-162.0,72.0,227.0,-825.0,486.0,866.0,141.0,1001.0
266.0,,-184.0,83.0,201.0,-968.0,201.0,655.0,102.0,1042.0
299.0,,-218.0,84.0,118.0,-1035.0,441.0,960.0,60.0,1076.0
316.0,,-282.0,86.0,3.0,-1006.0,662.0,630.0,21.0,1096.0
340.0,,-298.0,79.0,-119.0,-964.0,567.0,855.0,-9.0,1118.0
352.0,,-349.0,86.0,-239.0,-1037.0,457.0,752.0,-38.0,1130.0
369.0,,-388.0,83.0,-333.0,-1120.0,515.0,692.0,-63.0,1167.0
373.0,,-389.0,43.0,-398.0,-1060.0,568.0,905.0,-71.0,1200.0
407.0,,-426.0,-6.0,-425.0,-1012.0,514.0,567.0,-63.0,1222.0
419.0,,-407.0,-41.0,-372.0,-1056.0,490.0,837.0,-38.0,1260.0
405.0,,-380.0,-76.0,-257.0,-1087.0,426.0,548.0,10.0,1289.0
397.0,,-353.0,-128.0,-133.0,-1095.0,458.0,620.0,66.0,1313.0
381.0,,-296.0,-168.0,-30.0,-1077.0,788.0,694.0,125.0,1295.0
374.0,,-248.0,-191.0,57.0,-1124.0,758.0,570.0,179.0,1254.0
335.0,,-185.0,-208.0,116.0,-1220.0,431.0,892.0,221.0,1192.0
295.0,,-123.0,-226.0,141.0,-1179.0,601.0,626.0,250.0,1092.0
268.0,,-80.0,-240.0,152.0,-1126.0,1023.0,881.0,266.0,972.0
241.0,,-34.0,-252.0,151.0,-1160.0,964.0,670.0,278.0,828.0
202.0,,22.0,-290.0,147.0,-1243.0,491.0,618.0,266.0,667.0
157.0,,45.0,-350.0,162.0,-1240.0,592.0,764.0,257.0,494.0
142.0,,55.0,-414.0,198.0,-1177.0,1014.0,447.0,239.0,336.0
134.0,,83.0,-456.0,213.0,-1297.0,928.0,790.0,201.0,192.0
128.0,,89.0,-494.0,190.0,-1379.0,814.0,558.0,165.0,79.0
101.0,,83.0,-536.0,128.0,-1359.0,808.0,691.0,118.0,-2.0
69.0,,44.0,-561.0,29.0,-1317.0,726.0,609.0,87.0,-77.0
70.0,,0.0,-565.0,-49.0,-1297.0,778.0,389.0,65.0,-123.0
73.0,,-47.0,-551.0,-98.0,-1313.0,837.0,604.0,48.0,-136.0
60.0,,-124.0,-512.0,-127.0,-1222.0,754.0,273.0,50.0,-116.0
46.0,,-195.0,-417.0,-128.0,-1202.0,626.0,596.0,61.0,-68.0
76.0,,-286.0,-307.0,-120.0,-1260.0,752.0,436.0,99.0,-30.0
128.0,,-348.0,-230.0,-112.0,-1325.0,1009.0,460.0,139.0,17.0
160.0,,-417.0,-169.0,-83.0,-1358.0,886.0,526.0,191.0,83.0
202.0,,-499.0,-118.0,-3.0,-1297.0,830.0,171.0,243.0,120.0
280.0,,-537.0,-70.0,123.0,-1294.0,1020.0,413.0,271.0,139.0
366.0,,-592.0,-27.0,250.0,-1309.0,965.0,138.0,285.0,140.0
419.0,,-612.0,8.0,340.0,-1305.0,747.0,362.0,265.0,140.0
475.0,,-625.0,46.0,369.0,-1301.0,676.0,282.0,236.0,127.0
523.0,,-646.0,69.0,342.0,-1253.0,860.0,181.0,209.0,109.0
534.0,,-608.0,79.0,300.0,-1246.0,867.0,334.0,175.0,105.0
529.0,,-575.0,76.0,261.0,-1250.0,836.0,-3.0,157.0,78.0
495.0,,-551.0,61.0,257.0,-1178.0,993.0,297.0,151.0,62.0
464.0,,-499.0,60.0,279.0,-1177.0,838.0,20.0,141.0,51.0
423.0,,-436.0,32.0,280.0,-1247.0,623.0,131.0,130.0,42.0
355.0,,-380.0,-22.0,264.0,-1252.0,624.0,219.0,113.0,33.0
265.0,,-315.0,-38.0,224.0,-1216.0,737.0,33.0,60.0,31.0
185.0,,-249.0,6.0,153.0,-1181.0,747.0,341.0,0.0,47.0
138.0,,-177.0,77.0,78.0,-1182.0,670.0,-3.0,-44.0,63.0
68.0,,-106.0,100.0,3.0,-1189.0,778.0,179.0,-78.0,101.0
-4.0,,-69.0,103.0,-70.0,-1150.0,743.0,-49.0,-66.0,129.0
-45.0,,-22.0,104.0,-105.0,-1136.0,719.0,-114.0,-33.0,127.0
-51.0,,28.0,87.0,-110.0,-1183.0,860.0,99.0,25.0,111.0
-62.0,,47.0,73.0,-99.0,-1163.0,837.0,-173.0,104.0,66.0
-108.0,,68.0,58.0,-61.0,-1097.0,771.0,136.0,157.0,12.0
-125.0,,90.0,54.0,-28.0,-1033.0,765.0,-168.0,198.0,-32.0
-105.0,,92.0,40.0,-3.0,-1012.0,863.0,-40.0,242.0,-62.0
-100.0,,93.0,-20.0,17.0,-1059.0,768.0,-92.0,285.0,-52.0
-114.0,,86.0,-104.0,22.0,-997.0,591.0,-275.0,312.0,-5.0
-107.0,,49.0,-188.0,11.0,-936.0,805.0,-24.0,344.0,57.0
-49.0,,51.0,-242.0,-10.0,-984.0,887.0,-391.0,346.0,142.0
3.0,,46.0,-275.0,-24.0,-955.0,662.0,-131.0,315.0,224.0
21.0,,4.0,-323.0,-28.0,-866.0,604.0,-354.0,284.0,283.0
66.0,,2.0,-329.0,-13.0,-798.0,681.0,-319.0,228.0,345.0
133.0,,-10.0,-283.0,1.0,-805.0,750.0,-173.0,164.0,398.0
175.0,,-20.0,-226.0,24.0,-844.0,886.0,-382.0,103.0,432.0
223.0,,-22.0,-157.0,65.0,-797.0,760.0,-57.0,66.0,447.0
261.0,,-33.0,-41.0,80.0,-692.0,433.0,-423.0,35.0,464.0
285.0,,-20.0,95.0,52.0,-663.0,467.0,-238.0,-1.0,512.0
320.0,,-7.0,190.0,-4.0,-719.0,717.0,-360.0,-15.0,587.0
332.0,,1.0,235.0,-64.0,-678.0,821.0,-498.0,-11.0,669.0
339.0,,15.0,216.0,-95.0,-610.0,621.0,-284.0,14.0,750.0
351.0,,52.0,174.0,-75.0,-648.0,347.0,-613.0,59.0,864.0
361.0,,91.0,117.0,-23.0,-667.0,475.0,-297.0,106.0,965.0
371.0,,93.0,53.0,38.0,-594.0,876.0,-511.0,166.0,1053.0
388.0,,112.0,2.0,62.0,-445.0,709.0,-376.0,239.0,1120.0
404.0,,147.0,-38.0,28.0,-354.0,128.0,-295.0,291.0,1115.0
412.0,,145.0,-27.0,-51.0,-338.0,230.0,-473.0,333.0,1079.0
424.0,,144.0,0.0,-196.0,-329.0,797.0,-166.0,366.0,1007.0
421.0,,146.0,34.0,-353.0,-358.0,972.0,-463.0,364.0,904.0
429.0,,156.0,83.0,-472.0,-387.0,624.0,-155.0,323.0,799.0
444.0,,168.0,97.0,-503.0,-413.0,317.0,-245.0,270.0,696.0
431.0,,158.0,87.0,-420.0,-383.0,423.0,-277.0,192.0,610.0
417.0,,162.0,76.0,-277.0,-313.0,818.0,-134.0,80.0,564.0
408.0,,154.0,58.0,-143.0,-312.0,1068.0,-426.0,-27.0,554.0
391.0,,170.0,56.0,-59.0,-255.0,579.0,-83.0,-140.0,591.0
376.0,,179.0,86.0,-16.0,-151.0,325.0,-266.0,-250.0,650.0
336.0,,167.0,125.0,-6.0,-66.0,966.0,-88.0,-334.0,726.0
293.0,,180.0,145.0,-6.0,-16.0,1079.0,-145.0,-406.0,826.0
279.0,,174.0,141.0,-11.0,-77.0,555.0,-280.0,-476.0,897.0
266.0,,186.0,124.0,-53.0,-12.0,269.0,-11.0,-524.0,966.0
251.0,,187.0,93.0,-137.0,101.0,525.0,-306.0,-561.0,980.0
203.0,,188.0,76.0,-233.0,107.0,1056.0,44.0,-584.0,943.0
152.0,,209.0,66.0,-298.0,84.0,919.0,-144.0,-575.0,888.0
126.0,,216.0,50.0,-342.0,55.0,313.0,-136.0,-550.0,808.0
87.0,,229.0,60.0,-349.0,177.0,319.0,-48.0,-486.0,741.0
40.0,,236.0,93.0,-312.0,238.0,1125.0,-338.0,-400.0,630.0
9.0,,247.0,119.0,-243.0,202.0,1179.0,-42.0,-288.0,542.0
7.0,,214.0,155.0,-143.0,262.0,316.0,-325.0,-163.0,489.0
26.0,,174.0,183.0,-35.0,371.0,167.0,-75.0,-30.0,422.0
61.0,,141.0,173.0,59.0,442.0,388.0,-105.0,129.0,383.0
76.0,,86.0,154.0,145.0,387.0,615.0,-107.0,275.0,324.0
97.0,,31.0,100.0,248.0,323.0,650.0,190.0,412.0,222.0
135.0,,-55.0,10.0,343.0,344.0,137.0,-77.0,522.0,69.0
160.0,,-108.0,-84.0,397.0,466.0,223.0,245.0,585.0,-130.0
196.0,,-141.0,-169.0,422.0,440.0,682.0,-44.0,606.0,-338.0
255.0,,-195.0,-219.0,372.0,348.0,484.0,46.0,597.0,-565.0
316.0,,-206.0,-256.0,250.0,491.0,192.0,81.0,561.0,-823.0
347.0,,-192.0,-276.0,102.0,582.0,84.0,-164.0,484.0,-1070.0
377.0,,-168.0,-280.0,-29.0,536.0,51.0,84.0,398.0,-1263.0
408.0,,-149.0,-277.0,-120.0,488.0,62.0,-273.0,307.0,-1435.0
409.0,,-139.0,-283.0,-176.0,523.0,236.0,12.0,221.0,-1581.0
381.0,,-113.0,-302.0,-206.0,601.0,420.0,-60.0,135.0,-1684.0
332.0,,-77.0,-301.0,-219.0,598.0,285.0,36.0,52.0,-1739.0
300.0,,-43.0,-302.0,-209.0,584.0,194.0,254.0,-11.0,-1758.0
278.0,,-7.0,-301.0,-175.0,585.0,106.0,-55.0,-59.0,-1743.0
236.0,,47.0,-299.0,-134.0,590.0,57.0,238.0,-86.0,-1683.0
176.0,,86.0,-301.0,-101.0,586.0,-29.0,-118.0,-107.0,-1609.0
132.0,,126.0,-283.0,-79.0,560.0,-148.0,7.0,-85.0,-1488.0
117.0,,168.0,-252.0,-101.0,567.0,148.0,-77.0,-49.0,-1373.0
72.0,,170.0,-215.0,-162.0,660.0,221.0,-301.0,-11.0,-1256.0
1.0,,193.0,-181.0,-212.0,699.0,-169.0,-36.0,34.0,-1133.0
-31.0,,211.0,-149.0,-226.0,614.0,14.0,-312.0,63.0,-1036.0
-45.0,,204.0,-118.0,-198.0,619.0,121.0,-5.0,106.0,-938.0
-84.0,,220.0,-91.0,-135.0,662.0,-483.0,-214.0,132.0,-872.0
-127.0,,240.0,-48.0,-43.0,678.0,-432.0,-160.0,162.0,-797.0
-158.0,,269.0,4.0,47.0,679.0,-21.0,-136.0,194.0,-754.0
-173.0,,279.0,46.0,123.0,615.0,-12.0,-426.0,208.0,-744.0
-176.0,,293.0,62.0,173.0,658.0,-205.0,-101.0,223.0,-731.0
-214.0,,318.0,66.0,195.0,661.0,-87.0,-426.0,225.0,-760.0
-239.0,,320.0,69.0,212.0,580.0,156.0,-212.0,228.0,-828.0
-232.0,,321.0,31.0,227.0,603.0,-324.0,-330.0,220.0,-924.0
-225.0,,311.0,-55.0,219.0,662.0,-589.0,-447.0,213.0,-1041.0
-210.0,,324.0,-145.0,181.0,713.0,45.0,-293.0,192.0,-1153.0
-221.0,,326.0,-219.0,132.0,724.0,378.0,-624.0,161.0,-1251.0
-226.0,,303.0,-283.0,96.0,767.0,-59.0,-297.0,141.0,-1344.0
-220.0,,303.0,-333.0,99.0,811.0,-462.0,-521.0,110.0,-1411.0
-225.0,,295.0,-361.0,136.0,802.0,-587.0,-363.0,84.0,-1465.0
-213.0,,287.0,-349.0,169.0,753.0,-512.0,-339.0,45.0,-1486.0
-189.0,,260.0,-273.0,197.0,734.0,-389.0,-528.0,-1.0,-1496.0
-197.0,,253.0,-134.0,216.0,793.0,-49.0,-260.0,-32.0,-1511.0
-197.0,,265.0,17.0,222.0,766.0,-65.0,-637.0,-68.0,-1496.0
-156.0,,250.0,160.0,236.0,755.0,-704.0,-380.0,-112.0,-1459.0
-127.0,,252.0,301.0,242.0,801.0,-585.0,-539.0,-162.0,-1381.0
-119.0,,234.0,411.0,218.0,866.0,1.0,-563.0,-229.0,-1283.0
-96.0,,213.0,492.0,170.0,924.0,115.0,-476.0,-308.0,-1173.0
-25.0,,212.0,559.0,99.0,863.0,-388.0,-796.0,-401.0,-1049.0
28.0,,184.0,619.0,-8.0,845.0,-637.0,-543.0,-475.0,-894.0
44.0,,179.0,630.0,-126.0,889.0,-168.0,-873.0,-508.0,-732.0
87.0,,192.0,574.0,-219.0,951.0,-143.0,-639.0,-524.0,-583.0
167.0,,187.0,479.0,-296.0,982.0,-489.0,-685.0,-535.0,-424.0
235.0,,194.0,366.0,-361.0,957.0,-426.0,-772.0,-514.0,-293.0
286.0,,207.0,237.0,-407.0,1000.0,-151.0,-452.0,-477.0,-167.0
343.0,,233.0,122.0,-424.0,1057.0,-211.0,-750.0,-438.0,-51.0
364.0,,253.0,62.0,-404.0,1078.0,-470.0,-443.0,-384.0,41.0
373.0,,264.0,36.0,-345.0,1073.0,-378.0,-678.0,-338.0,117.0
397.0,,273.0,29.0,-257.0,1089.0,-277.0,-591.0,-287.0,158.0
409.0,,284.0,10.0,-152.0,1093.0,-358.0,-484.0,-242.0,181.0
419.0,,300.0,-17.0,-44.0,1085.0,-152.0,-707.0,-219.0,204.0
428.0,,296.0,-31.0,29.0,1081.0,-32.0,-452.0,-213.0,243.0
425.0,,300.0,-57.0,61.0,1058.0,-277.0,-825.0,-219.0,276.0
401.0,,308.0,-89.0,71.0,1120.0,-322.0,-602.0,-228.0,292.0
380.0,,340.0,-125.0,104.0,1168.0,87.0,-737.0,-244.0,325.0
380.0,,362.0,-155.0,146.0,1171.0,235.0,-733.0,-262.0,381.0
380.0,,365.0,-197.0,167.0,1201.0,-90.0,-485.0,-293.0,411.0
366.0,,418.0,-258.0,148.0,1193.0,-260.0,-740.0,-321.0,405.0
350.0,,447.0,-286.0,74.0,1119.0,-251.0,-371.0,-366.0,376.0
352.0,,468.0,-269.0,-2.0,1090.0,-32.0,-650.0,-419.0,299.0
359.0,,483.0,-228.0,-62.0,1108.0,-13.0,-563.0,-467.0,178.0
359.0,,487.0,-159.0,-82.0,1116.0,-251.0,-569.0,-540.0,33.0
341.0,,512.0,-60.0,-76.0,1098.0,-165.0,-726.0,-605.0,-101.0
313.0,,495.0,38.0,-64.0,1012.0,145.0,-491.0,-657.0,-235.0
295.0,,482.0,132.0,-45.0,1018.0,300.0,-798.0,-665.0,-327.0
293.0,,473.0,214.0,-39.0,1045.0,-55.0,-454.0,-649.0,-386.0
291.0,,460.0,280.0,-30.0,1072.0,-300.0,-543.0,-614.0,-418.0
262.0,,445.0,343.0,-18.0,1145.0,-3.0,-460.0,-549.0,-399.0
254.0,,405.0,376.0,-6.0,1134.0,184.0,-343.0,-459.0,-381.0
261.0,,392.0,377.0,3.0,1115.0,100.0,-620.0,-368.0,-367.0
248.0,,367.0,361.0,-7.0,1056.0,-106.0,-310.0,-285.0,-365.0
224.0,,324.0,306.0,-19.0,993.0,-266.0,-596.0,-183.0,-364.0
188.0,,301.0,200.0,-15.0,1031.0,-66.0,-441.0,-108.0,-409.0
146.0,,262.0,100.0,-10.0,1083.0,289.0,-558.0,-39.0,-478.0
93.0,,252.0,38.0,-20.0,1079.0,270.0,-707.0,16.0,-553.0
30.0,,250.0,-4.0,-29.0,1035.0,-122.0,-493.0,40.0,-675.0
-54.0,,220.0,-45.0,-39.0,972.0,-384.0,-798.0,50.0,-786.0
-138.0,,214.0,-90.0,-47.0,977.0,-135.0,-443.0,28.0,-894.0
-184.0,,227.0,-110.0,-38.0,1032.0,110.0,-582.0,-1.0,-976.0
-212.0,,211.0,-135.0,-16.0,991.0,-42.0,-434.0,-33.0,-1019.0
-245.0,,193.0,-175.0,38.0,978.0,-38.0,-338.0,-69.0,-982.0
-281.0,,207.0,-186.0,131.0,985.0,178.0,-604.0,-112.0,-883.0
-294.0,,209.0,-185.0,230.0,927.0,268.0,-315.0,-146.0,-739.0
-281.0,,213.0,-198.0,320.0,898.0,80.0,-652.0,-179.0,-540.0
-281.0,,214.0,-235.0,346.0,871.0,-243.0,-441.0,-186.0,-344.0
-302.0,,203.0,-283.0,285.0,881.0,-145.0,-558.0,-177.0,-133.0
-312.0,,204.0,-360.0,185.0,920.0,255.0,-676.0,-182.0,28.0
-303.0,,183.0,-464.0,81.0,889.0,264.0,-539.0,-164.0,151.0
-285.0,,152.0,-542.0,6.0,857.0,-60.0,-857.0,-142.0,233.0
-278.0,,121.0,-582.0,-23.0,915.0,-286.0,-539.0,-115.0,247.0
-272.0,,91.0,-595.0,-7.0,931.0,-157.0,-787.0,-72.0,235.0
-274.0,,62.0,-564.0,15.0,889.0,209.0,-607.0,-24.0,169.0
-274.0,,17.0,-483.0,30.0,882.0,183.0,-497.0,39.0,55.0
-272.0,,-31.0,-375.0,29.0,880.0,-229.0,-578.0,94.0,-82.0
-275.0,,-62.0,-246.0,5.0,890.0,-302.0,-251.0,134.0,-203.0
-279.0,,-93.0,-114.0,-15.0,855.0,16.0,-626.0,147.0,-340.0
-298.0,,-113.0,11.0,-28.0,846.0,119.0,-491.0,141.0,-453.0
-294.0,,-116.0,130.0,-15.0,864.0,-113.0,-800.0,107.0,-512.0
-274.0,,-111.0,226.0,13.0,834.0,-193.0,-840.0,58.0,-558.0
-269.0,,-103.0,278.0,31.0,830.0,-54.0,-657.0,21.0,-572.0
-288.0,,-82.0,283.0,39.0,880.0,-61.0,-838.0,-22.0,-573.0
-282.0,,-53.0,271.0,63.0,902.0,-94.0,-430.0,-59.0,-540.0
-256.0,,-32.0,267.0,110.0,898.0,-74.0,-679.0,-86.0,-480.0
-236.0,,6.0,245.0,151.0,891.0,-102.0,-458.0,-112.0,-442.0
-186.0,,49.0,176.0,163.0,824.0,-168.0,-448.0,-128.0,-410.0
-143.0,,86.0,88.0,116.0,836.0,-277.0,-543.0,-131.0,-365.0
-104.0,,141.0,20.0,13.0,826.0,-255.0,-308.0,-114.0,-351.0
-58.0,,199.0,-33.0,-89.0,776.0,-269.0,-689.0,-93.0,-354.0
-15.0,,235.0,-110.0,-143.0,777.0,-332.0,-458.0,-56.0,-340.0
24.0,,264.0,-200.0,-162.0,759.0,-187.0,-691.0,-26.0,-316.0
57.0,,297.0,-262.0,-152.0,778.0,-152.0,-624.0,-15.0,-249.0
80.0,,304.0,-288.0,-120.0,788.0,-419.0,-533.0,22.0,-168.0
93.0,,314.0,-294.0,-96.0,795.0,-564.0,-755.0,73.0,-80.0
105.0,,317.0,-320.0,-80.0,818.0,-414.0,-384.0,127.0,0.0
117.0,,298.0,-355.0,-71.0,798.0,-248.0,-589.0,177.0,45.0
132.0,,298.0,-380.0,-58.0,756.0,-116.0,-230.0,201.0,66.0
135.0,,263.0,-417.0,-56.0,751.0,-118.0,-269.0,201.0,39.0
123.0,,227.0,-456.0,-59.0,764.0,-482.0,-373.0,173.0,-18.0
103.0,,206.0,-475.0,-29.0,776.0,-733.0,-242.0,127.0,-68.0
101.0,,155.0,-451.0,4.0,770.0,-467.0,-657.0,55.0,-111.0
112.0,,118.0,-391.0,17.0,732.0,-219.0,-402.0,-39.0,-153.0
93.0,,85.0,-323.0,-1.0,692.0,-291.0,-674.0,-132.0,-183.0
60.0,,47.0,-244.0,-66.0,663.0,-461.0,-572.0,-235.0,-216.0
42.0,,12.0,-162.0,-143.0,663.0,-446.0,-537.0,-331.0,-259.0
14.0,,-23.0,-100.0,-209.0,634.0,-307.0,-661.0,-408.0,-296.0
-18.0,,-58.0,-74.0,-264.0,647.0,-442.0,-264.0,-460.0,-333.0
-57.0,,-80.0,-49.0,-304.0,701.0,-492.0,-437.0,-507.0,-377.0
-102.0,,-110.0,2.0,-331.0,716.0,-123.0,1.0,-543.0,-425.0
-122.0,,-151.0,42.0,-349.0,705.0,90.0,-68.0,-557.0,-479.0
-125.0,,-150.0,62.0,-341.0,728.0,-106.0,-46.0,-585.0,-511.0
-129.0,,-170.0,96.0,-281.0,753.0,-353.0,103.0,-605.0,-518.0
-142.0,,-206.0,170.0,-166.0,700.0,-425.0,-218.0,-607.0,-517.0
-143.0,,-178.0,247.0,-40.0,677.0,-257.0,33.0,-606.0,-490.0
-125.0,,-170.0,278.0,60.0,657.0,-14.0,-336.0,-583.0,-468.0
-101.0,,-162.0,271.0,110.0,666.0,-65.0,-182.0,-553.0,-440.0
-85.0,,-116.0,228.0,120.0,679.0,-283.0,-212.0,-523.0,-397.0
-89.0,,-85.0,139.0,145.0,637.0,-360.0,-303.0,-464.0,-365.0
-89.0,,-20.0,26.0,184.0,646.0,-355.0,66.0,-399.0,-323.0
-90.0,,53.0,-99.0,221.0,666.0,-283.0,-164.0,-354.0,-267.0
-93.0,,116.0,-249.0,249.0,660.0,-185.0,223.0,-299.0,-207.0
-109.0,,207.0,-416.0,263.0,660.0,-278.0,101.0,-226.0,-133.0
-128.0,,277.0,-568.0,267.0,673.0,-381.0,195.0,-137.0,-33.0
-140.0,,349.0,-698.0,247.0,661.0,-239.0,290.0,-30.0,51.0
-138.0,,427.0,-812.0,211.0,655.0,-268.0,16.0,85.0,115.0
-123.0,,468.0,-888.0,183.0,636.0,-369.0,256.0,199.0,178.0
-146.0,,503.0,-911.0,152.0,651.0,-333.0,-129.0,286.0,222.0
-167.0,,529.0,-852.0,81.0,703.0,-433.0,60.0,348.0,253.0
-196.0,,532.0,-737.0,-17.0,646.0,-425.0,-70.0,376.0,310.0
-232.0,,526.0,-582.0,-111.0,600.0,-327.0,-121.0,363.0,380.0
-274.0,,507.0,-379.0,-187.0,613.0,-273.0,177.0,324.0,467.0
-317.0,,489.0,-179.0,-219.0,676.0,-311.0,7.0,270.0,598.0
-319.0,,457.0,1.0,-218.0,696.0,-411.0,506.0,201.0,717.0
-331.0,,392.0,180.0,-219.0,635.0,-409.0,388.0,130.0,828.0
-346.0,,333.0,342.0,-217.0,641.0,-518.0,556.0,59.0,904.0
-336.0,,276.0,453.0,-201.0,687.0,-719.0,567.0,-18.0,952.0
-320.0,,207.0,528.0,-182.0,699.0,-609.0,275.0,-83.0,963.0
-313.0,,127.0,581.0,-161.0,658.0,-189.0,419.0,-129.0,936.0
-294.0,,54.0,585.0,-133.0,659.0,-29.0,0.0,-147.0,915.0
-270.0,,-11.0,539.0,-88.0,684.0,-264.0,269.0,-152.0,899.0
-238.0,,-93.0,453.0,-21.0,739.0,-487.0,160.0,-151.0,909.0
-197.0,,-184.0,333.0,47.0,795.0,-430.0,182.0,-121.0,922.0
-146.0,,-266.0,211.0,115.0,755.0,-213.0,384.0,-79.0,984.0
-73.0,,-335.0,107.0,176.0,747.0,-71.0,158.0,-40.0,1064.0
-39.0,,-406.0,5.0,226.0,770.0,-186.0,582.0,4.0,1130.0
-15.0,,-464.0,-69.0,267.0,733.0,-348.0,388.0,68.0,1191.0
16.0,,-538.0,-100.0,272.0,694.0,-185.0,604.0,134.0,1214.0
45.0,,-585.0,-87.0,227.0,696.0,-126.0,593.0,185.0,1204.0
54.0,,-613.0,-51.0,153.0,684.0,-285.0,384.0,228.0,1108.0
38.0,,-682.0,-1.0,88.0,651.0,-309.0,567.0,242.0,963.0
37.0,,-714.0,71.0,32.0,611.0,-147.0,218.0,221.0,813.0
29.0,,-731.0,137.0,-23.0,662.0,-35.0,519.0,178.0,657.0
13.0,,-758.0,206.0,-54.0,675.0,-211.0,369.0,112.0,516.0
-11.0,,-752.0,258.0,-56.0,578.0,-227.0,491.0,38.0,391.0
-20.0,,-754.0,278.0,-38.0,543.0,-101.0,654.0,-25.0,291.0
-14.0,,-763.0,290.0,-4.0,523.0,-239.0,474.0,-82.0,222.0
-36.0,,-741.0,299.0,30.0,540.0,-274.0,831.0,-139.0,172.0
-62.0,,-755.0,295.0,42.0,509.0,-87.0,504.0,-181.0,142.0
-73.0,,-773.0,279.0,29.0,440.0,10.0,678.0,-192.0,141.0
-77.0,,-755.0,282.0,21.0,440.0,-97.0,561.0,-176.0,174.0
-110.0,,-770.0,273.0,3.0,404.0,-247.0,454.0,-154.0,234.0
-156.0,,-791.0,239.0,-23.0,306.0,-288.0,609.0,-117.0,297.0
-170.0,,-824.0,219.0,-22.0,234.0,-312.0,264.0,-53.0,347.0
-187.0,,-839.0,202.0,4.0,251.0,-275.0,526.0,33.0,367.0
-210.0,,-849.0,159.0,29.0,269.0,-195.0,273.0,137.0,376.0
-238.0,,-904.0,129.0,48.0,230.0,-137.0,439.0,247.0,362.0
-272.0,,-904.0,124.0,74.0,127.0,-37.0,485.0,347.0,315.0
-278.0,,-891.0,100.0,101.0,66.0,96.0,352.0,421.0,273.0
-295.0,,-881.0,72.0,119.0,54.0,108.0,750.0,474.0,224.0
-307.0,,-881.0,39.0,150.0,50.0,-149.0,467.0,505.0,172.0
-300.0,,-897.0,-11.0,176.0,-18.0,-201.0,700.0,501.0,132.0
-284.0,,-863.0,-76.0,167.0,-102.0,171.0,461.0,476.0,75.0
-250.0,,-871.0,-160.0,137.0,-105.0,298.0,328.0,436.0,39.0
-228.0,,-884.0,-243.0,110.0,-151.0,110.0,426.0,373.0,34.0
-180.0,,-865.0,-323.0,98.0,-180.0,20.0,131.0,302.0,30.0
-143.0,,-859.0,-397.0,90.0,-195.0,132.0,439.0,234.0,42.0
-139.0,,-840.0,-460.0,91.0,-196.0,203.0,175.0,168.0,55.0
-122.0,,-834.0,-520.0,72.0,-198.0,-51.0,354.0,106.0,94.0
-86.0,,-805.0,-571.0,6.0,-244.0,-186.0,328.0,60.0,143.0
-58.0,,-763.0,-588.0,-84.0,-282.0,90.0,253.0,30.0,185.0
-66.0,,-728.0,-559.0,-182.0,-269.0,349.0,617.0,7.0,253.0
-64.0,,-691.0,-519.0,-264.0,-304.0,253.0,336.0,5.0,304.0
-68.0,,-663.0,-483.0,-332.0,-377.0,-102.0,620.0,30.0,367.0
-81.0,,-608.0,-439.0,-380.0,-319.0,-306.0,402.0,49.0,441.0
-105.0,,-562.0,-380.0,-392.0,-271.0,-140.0,426.0,59.0,493.0
-141.0,,-513.0,-322.0,-392.0,-319.0,252.0,463.0,97.0,525.0
-165.0,,-473.0,-259.0,-381.0,-402.0,353.0,99.0,130.0,514.0
-198.0,,-427.0,-177.0,-317.0,-387.0,21.0,317.0,164.0,491.0
-236.0,,-360.0,-100.0,-216.0,-290.0,-146.0,-18.0,218.0,433.0
-294.0,,-332.0,-42.0,-112.0,-276.0,-48.0,247.0,241.0,329.0
-328.0,,-291.0,-24.0,-18.0,-361.0,51.0,249.0,249.0,216.0
-371.0,,-247.0,-33.0,38.0,-388.0,76.0,262.0,252.0,131.0
-437.0,,-202.0,-61.0,74.0,-317.0,35.0,511.0,244.0,89.0
-495.0,,-157.0,-109.0,105.0,-319.0,93.0,199.0,227.0,33.0
-540.0,,-130.0,-179.0,164.0,-358.0,136.0,461.0,200.0,9.0
-577.0,,-79.0,-284.0,241.0,-397.0,13.0,155.0,146.0,25.0
-637.0,,-24.0,-408.0,276.0,-365.0,-171.0,269.0,68.0,43.0
-676.0,,2.0,-525.0,266.0,-308.0,-240.0,303.0,-13.0,86.0
-703.0,,33.0,-619.0,234.0,-352.0,-147.0,125.0,-96.0,135.0
-711.0,,85.0,-671.0,221.0,-390.0,-17.0,406.0,-160.0,189.0
-712.0,,116.0,-690.0,226.0,-328.0,49.0,116.0,-210.0,239.0
-725.0,,156.0,-684.0,187.0,-246.0,-107.0,421.0,-233.0,293.0
-711.0,,189.0,-647.0,122.0,-244.0,-290.0,238.0,-239.0,337.0
-671.0,,214.0,-583.0,92.0,-252.0,-186.0,282.0,-241.0,353.0
-642.0,,267.0,-492.0,84.0,-233.0,-49.0,491.0,-233.0,360.0
-621.0,,291.0,-383.0,66.0,-212.0,-79.0,177.0,-233.0,343.0
-554.0,,316.0,-244.0,44.0,-250.0,-165.0,423.0,-218.0,339.0
-501.0,,364.0,-103.0,7.0,-303.0,-233.0,55.0,-190.0,355.0
-480.0,,405.0,-22.0,-49.0,-231.0,-138.0,155.0,-158.0,360.0
-443.0,,430.0,-15.0,-98.0,-192.0,-105.0,88.0,-131.0,399.0
-391.0,,436.0,-60.0,-132.0,-283.0,-295.0,-24.0,-101.0,446.0
-354.0,,424.0,-105.0,-173.0,-283.0,-358.0,230.0,-58.0,505.0
-327.0,,423.0,-150.0,-219.0,-217.0,-261.0,-59.0,-33.0,605.0
-288.0,,393.0,-220.0,-230.0,-200.0,-154.0,315.0,10.0,686.0
-248.0,,342.0,-300.0,-192.0,-208.0,-214.0,171.0,68.0,750.0
-212.0,,317.0,-358.0,-124.0,-223.0,-379.0,301.0,119.0,815.0
-189.0,,250.0,-366.0,-26.0,-159.0,-504.0,419.0,188.0,842.0
-152.0,,164.0,-332.0,75.0,-95.0,-528.0,134.0,227.0,831.0
-123.0,,88.0,-253.0,143.0,-159.0,-414.0,406.0,235.0,792.0
-94.0,,14.0,-134.0,162.0,-248.0,-556.0,97.0,227.0,716.0
-58.0,,-57.0,-6.0,136.0,-209.0,-723.0,310.0,198.0,630.0
-20.0,,-112.0,131.0,97.0,-123.0,-497.0,182.0,143.0,536.0
39.0,,-161.0,255.0,70.0,-146.0,-337.0,62.0,80.0,436.0
77.0,,-185.0,351.0,40.0,-187.0,-429.0,197.0,46.0,355.0
120.0,,-199.0,449.0,-12.0,-148.0,-644.0,-51.0,1.0,324.0
166.0,,-224.0,543.0,-45.0,-115.0,-843.0,325.0,-27.0,322.0
223.0,,-217.0,621.0,-17.0,-194.0,-725.0,73.0,-37.0,342.0
296.0,,-218.0,676.0,38.0,-254.0,-383.0,197.0,-66.0,392.0
346.0,,-183.0,666.0,60.0,-179.0,-244.0,197.0,-108.0,452.0
398.0,,-156.0,599.0,53.0,-76.0,-468.0,33.0,-149.0,531.0
452.0,,-148.0,540.0,51.0,-101.0,-744.0,421.0,-178.0,601.0
518.0,,-116.0,475.0,89.0,-209.0,-672.0,181.0,-235.0,681.0
572.0,,-128.0,400.0,185.0,-200.0,-454.0,450.0,-283.0,710.0
600.0,,-130.0,331.0,257.0,-164.0,-474.0,271.0,-319.0,685.0
630.0,,-167.0,271.0,268.0,-232.0,-567.0,236.0,-366.0,669.0
659.0,,-220.0,233.0,214.0,-314.0,-536.0,343.0,-385.0,611.0
669.0,,-235.0,182.0,113.0,-344.0,-525.0,64.0,-387.0,532.0
641.0,,-293.0,124.0,24.0,-285.0,-537.0,360.0,-387.0,425.0
614.0,,-339.0,60.0,-27.0,-246.0,-507.0,16.0,-399.0,305.0
570.0,,-365.0,-3.0,-50.0,-328.0,-636.0,145.0,-393.0,205.0
506.0,,-400.0,-30.0,-77.0,-344.0,-651.0,49.0,-371.0,122.0
439.0,,-403.0,-49.0,-62.0,-265.0,-213.0,-81.0,-357.0,68.0
356.0,,-425.0,-60.0,-25.0,-269.0,17.0,173.0,-326.0,56.0
272.0,,-450.0,-102.0,-5.0,-337.0,-301.0,-153.0,-286.0,72.0
157.0,,-444.0,-186.0,6.0,-365.0,-615.0,149.0,-249.0,93.0
37.0,,-467.0,-253.0,-21.0,-369.0,-523.0,-55.0,-199.0,155.0
-84.0,,-501.0,-259.0,-66.0,-406.0,-214.0,46.0,-146.0,248.0
-206.0,,-496.0,-186.0,-98.0,-477.0,-109.0,155.0,-107.0,346.0
-310.0,,-495.0,-96.0,-91.0,-518.0,-199.0,-14.0,-71.0,437.0
-394.0,,-495.0,-17.0,-41.0,-434.0,-271.0,317.0,-47.0,530.0
-447.0,,-472.0,89.0,5.0,-401.0,-207.0,-7.0,-29.0,619.0
-494.0,,-461.0,210.0,27.0,-496.0,-112.0,221.0,-29.0,702.0
-521.0,,-427.0,304.0,4.0,-463.0,-143.0,40.0,-36.0,794.0
-529.0,,-394.0,343.0,-56.0,-371.0,-249.0,-116.0,-62.0,858.0
-538.0,,-388.0,335.0,-110.0,-395.0,-229.0,1.0,-120.0,886.0
-538.0,,-343.0,302.0,-142.0,-490.0,29.0,-382.0,-182.0,873.0
-531.0,,-305.0,238.0,-156.0,-530.0,84.0,-101.0,-268.0,812.0
-514.0,,-285.0,164.0,-128.0,-430.0,-179.0,-279.0,-345.0,735.0
-506.0,,-259.0,94.0,-72.0,-417.0,-308.0,-84.0,-407.0,613.0
-477.0,,-240.0,22.0,-36.0,-553.0,-158.0,-24.0,-460.0,408.0
-428.0,,-217.0,-27.0,-41.0,-563.0,9.0,-136.0,-504.0,166.0
-377.0,,-205.0,-60.0,-58.0,-513.0,-39.0,218.0,-551.0,-88.0
-322.0,,-201.0,-76.0,-69.0,-509.0,-168.0,-55.0,-586.0,-334.0
-269.0,,-171.0,-79.0,-96.0,-512.0,-216.0,186.0,-606.0,-532.0
-184.0,,-147.0,-101.0,-131.0,-558.0,-59.0,-24.0,-609.0,-718.0
-115.0,,-121.0,-140.0,-171.0,-526.0,97.0,-38.0,-567.0,-856.0
-78.0,,-94.0,-186.0,-172.0,-487.0,4.0,88.0,-503.0,-900.0
-59.0,,-89.0,-221.0,-117.0,-572.0,-124.0,-243.0,-441.0,-898.0
-45.0,,-41.0,-243.0,-70.0,-603.0,-43.0,27.0,-357.0,-834.0
-29.0,,-17.0,-279.0,-37.0,-535.0,179.0,-266.0,-276.0,-716.0
-39.0,,-5.0,-324.0,-28.0,-503.0,148.0,-60.0,-210.0,-581.0
-34.0,,32.0,-359.0,-53.0,-581.0,-115.0,-75.0,-132.0,-418.0
-46.0,,68.0,-371.0,-91.0,-656.0,-180.0,-116.0,-54.0,-266.0
-78.0,,99.0,-369.0,-138.0,-590.0,-34.0,216.0,28.0,-150.0
-100.0,,109.0,-349.0,-180.0,-536.0,34.0,-46.0,123.0,-86.0
-113.0,,121.0,-307.0,-185.0,-633.0,52.0,280.0,216.0,-61.0
-123.0,,129.0,-278.0,-119.0,-630.0,23.0,3.0,305.0,-49.0
-142.0,,133.0,-256.0,2.0,-468.0,-38.0,-1.0,379.0,-95.0
-146.0,,101.0,-226.0,134.0,-426.0,7.0,3.0,428.0,-152.0
-155.0,,94.0,-188.0,250.0,-516.0,64.0,-299.0,457.0,-193.0
-175.0,,90.0,-163.0,313.0,-613.0,67.0,22.0,461.0,-240.0
-159.0,,68.0,-186.0,304.0,-571.0,103.0,-221.0,445.0,-267.0
-122.0,,66.0,-227.0,266.0,-486.0,240.0,24.0,407.0,-300.0
-135.0,,56.0,-243.0,228.0,-575.0,330.0,-112.0,377.0,-330.0
-135.0,,82.0,-248.0,200.0,-663.0,262.0,-190.0,352.0,-354.0
-86.0,,86.0,-243.0,201.0,-594.0,24.0,-55.0,314.0,-378.0
-54.0,,73.0,-235.0,235.0,-505.0,-223.0,-365.0,278.0,-393.0
-39.0,,81.0,-240.0,250.0,-536.0,-107.0,-24.0,233.0,-394.0
-30.0,,96.0,-223.0,200.0,-612.0,149.0,-301.0,185.0,-365.0
0.0,,108.0,-175.0,127.0,-581.0,128.0,-190.0,138.0,-313.0
24.0,,123.0,-110.0,61.0,-504.0,1.0,-182.0,68.0,-244.0
31.0,,159.0,-54.0,-4.0,-523.0,-101.0,-397.0,-21.0,-162.0
38.0,,174.0,-25.0,-59.0,-558.0,-130.0,-166.0,-111.0,-54.0
39.0,,178.0,6.0,-85.0,-519.0,-56.0,-463.0,-178.0,44.0
24.0,,164.0,33.0,-104.0,-485.0,-12.0,-123.0,-227.0,127.0
0.0,,157.0,34.0,-152.0,-514.0,12.0,-203.0,-275.0,200.0
-29.0,,166.0,8.0,-219.0,-585.0,101.0,-123.0,-297.0,223.0
-67.0,,166.0,-16.0,-271.0,-557.0,225.0,-40.0,-312.0,223.0
-65.0,,146.0,-13.0,-271.0,-488.0,154.0,-417.0,-305.0,156.0
-67.0,,141.0,0.0,-205.0,-530.0,-56.0,-116.0,-265.0,11.0
-99.0,,152.0,23.0,-107.0,-609.0,-138.0,-428.0,-226.0,-145.0
-120.0,,158.0,17.0,-24.0,-610.0,-63.0,-269.0,-184.0,-338.0
-121.0,,161.0,-22.0,23.0,-517.0,38.0,-334.0,-159.0,-534.0
-128.0,,156.0,-49.0,80.0,-534.0,54.0,-524.0,-144.0,-707.0
-175.0,,197.0,-73.0,202.0,-670.0,30.0,-325.0,-146.0,-853.0
-218.0,,204.0,-103.0,326.0,-654.0,-5.0,-617.0,-147.0,-942.0
-227.0,,198.0,-91.0,375.0,-495.0,0.0,-219.0,-127.0,-969.0
-224.0,,218.0,-27.0,347.0,-481.0,6.0,-330.0,-108.0,-952.0
-242.0,,237.0,49.0,257.0,-616.0,-39.0,-219.0,-87.0,-916.0
-250.0,,275.0,141.0,155.0,-651.0,-123.0,-131.0,-83.0,-888.0
-231.0,,302.0,249.0,89.0,-573.0,-143.0,-378.0,-86.0,-882.0
-187.0,,343.0,385.0,74.0,-536.0,-49.0,-92.0,-91.0,-870.0
-150.0,,353.0,533.0,76.0,-602.0,-91.0,-447.0,-69.0,-852.0
-148.0,,376.0,632.0,81.0,-617.0,-163.0,-271.0,-48.0,-841.0
-116.0,,354.0,699.0,104.0,-540.0,-138.0,-410.0,-40.0,-817.0
-54.0,,302.0,724.0,97.0,-490.0,-134.0,-502.0,-4.0,-755.0
-7.0,,278.0,695.0,68.0,-550.0,-102.0,-277.0,28.0,-647.0
41.0,,208.0,636.0,23.0,-594.0,-23.0,-530.0,58.0,-498.0
96.0,,143.0,539.0,-55.0,-525.0,26.0,-181.0,82.0,-383.0
113.0,,97.0,408.0,-143.0,-537.0,-53.0,-441.0,99.0,-307.0
101.0,,68.0,248.0,-227.0,-609.0,-179.0,-412.0,92.0,-242.0
72.0,,43.0,93.0,-269.0,-721.0,-205.0,-478.0,59.0,-229.0
55.0,,27.0,-26.0,-288.0,-701.0,-163.0,-665.0,8.0,-226.0
33.0,,7.0,-133.0,-280.0,-639.0,-117.0,-315.0,-54.0,-268.0
-11.0,,8.0,-221.0,-254.0,-751.0,-95.0,-545.0,-96.0,-373.0
-40.0,,30.0,-253.0,-275.0,-735.0,-115.0,-192.0,-133.0,-494.0
-44.0,,17.0,-249.0,-311.0,-706.0,-135.0,-319.0,-150.0,-621.0
-57.0,,23.0,-238.0,-343.0,-733.0,-191.0,-354.0,-140.0,-739.0
-101.0,,22.0,-207.0,-378.0,-800.0,-275.0,-249.0,-112.0,-868.0
-134.0,,28.0,-161.0,-385.0,-905.0,-276.0,-552.0,-63.0,-998.0
-156.0,,33.0,-111.0,-370.0,-844.0,-253.0,-218.0,-21.0,-1113.0
-174.0,,10.0,-48.0,-333.0,-782.0,-221.0,-491.0,21.0,-1210.0
-197.0,,17.0,13.0,-254.0,-857.0,-132.0,-351.0,63.0,-1302.0
-210.0,,30.0,50.0,-116.0,-936.0,-90.0,-465.0,102.0,-1362.0
-209.0,,3.0,65.0,65.0,-930.0,-207.0,-672.0,112.0,-1360.0
-212.0,,1.0,54.0,226.0,-914.0,-306.0,-497.0,89.0,-1333.0
-206.0,,14.0,48.0,302.0,-946.0,-230.0,-896.0,49.0,-1279.0
-207.0,,17.0,49.0,267.0,-993.0,-101.0,-596.0,-21.0,-1229.0
-197.0,,57.0,18.0,157.0,-947.0,-59.0,-777.0,-97.0,-1192.0
-182.0,,102.0,-27.0,50.0,-880.0,-135.0,-665.0,-166.0,-1141.0
-122.0,,160.0,-77.0,-14.0,-944.0,-185.0,-430.0,-221.0,-1114.0
-60.0,,236.0,-128.0,-24.0,-1020.0,-102.0,-554.0,-256.0,-1070.0
-20.0,,292.0,-177.0,10.0,-1024.0,74.0,-223.0,-299.0,-1008.0
54.0,,330.0,-215.0,36.0,-962.0,169.0,-552.0,-315.0,-961.0
128.0,,386.0,-238.0,19.0,-951.0,40.0,-319.0,-300.0,-900.0
201.0,,424.0,-255.0,-35.0,-993.0,-163.0,-426.0,-287.0,-802.0
248.0,,426.0,-276.0,-85.0,-986.0,-216.0,-532.0,-263.0,-651.0
295.0,,443.0,-297.0,-103.0,-950.0,-119.0,-352.0,-238.0,-511.0
364.0,,432.0,-294.0,-72.0,-992.0,-42.0,-694.0,-195.0,-398.0
441.0,,405.0,-283.0,-16.0,-1049.0,-36.0,-352.0,-145.0,-308.0
511.0,,384.0,-288.0,11.0,-948.0,-28.0,-556.0,-103.0,-281.0
558.0,,351.0,-310.0,26.0,-882.0,-91.0,-437.0,-58.0,-330.0
601.0,,329.0,-335.0,48.0,-849.0,-214.0,-404.0,-15.0,-450.0
616.0,,305.0,-372.0,67.0,-862.0,-232.0,-576.0,37.0,-603.0
621.0,,263.0,-425.0,55.0,-858.0,-191.0,-242.0,71.0,-755.0
618.0,,218.0,-487.0,-9.0,-741.0,-128.0,-504.0,94.0,-904.0
588.0,,172.0,-533.0,-134.0,-804.0,-117.0,-147.0,129.0,-1066.0
565.0,,126.0,-541.0,-262.0,-870.0,-132.0,-230.0,164.0,-1189.0
558.0,,82.0,-508.0,-302.0,-836.0,-101.0,-245.0,196.0,-1249.0
527.0,,29.0,-431.0,-238.0,-763.0,-124.0,-90.0,237.0,-1271.0
500.0,,-11.0,-335.0,-114.0,-711.0,-109.0,-404.0,296.0,-1231.0
496.0,,-39.0,-252.0,-16.0,-784.0,-87.0,-90.0,334.0,-1145.0
468.0,,-73.0,-176.0,16.0,-784.0,-105.0,-393.0,356.0,-983.0
419.0,,-112.0,-105.0,8.0,-711.0,-57.0,-321.0,383.0,-777.0
373.0,,-127.0,-67.0,-4.0,-692.0,50.0,-393.0,400.0,-591.0
325.0,,-137.0,-82.0,-12.0,-724.0,115.0,-550.0,420.0,-389.0
272.0,,-149.0,-124.0,-45.0,-726.0,117.0,-299.0,443.0,-207.0
220.0,,-133.0,-169.0,-75.0,-686.0,46.0,-609.0,450.0,-70.0
164.0,,-105.0,-214.0,-56.0,-633.0,-174.0,-317.0,450.0,-5.0
112.0,,-50.0,-243.0,11.0,-661.0,-271.0,-524.0,462.0,-11.0
88.0,,-16.0,-255.0,96.0,-711.0,-88.0,-480.0,474.0,-75.0
75.0,,20.0,-259.0,179.0,-626.0,154.0,-334.0,497.0,-210.0
57.0,,96.0,-253.0,257.0,-608.0,208.0,-489.0,523.0,-385.0
32.0,,147.0,-214.0,310.0,-672.0,16.0,-68.0,538.0,-551.0
12.0,,184.0,-145.0,335.0,-667.0,-171.0,-271.0,550.0,-684.0
-22.0,,211.0,-74.0,333.0,-594.0,-82.0,16.0,549.0,-778.0
-45.0,,216.0,-17.0,300.0,-528.0,253.0,-79.0,564.0,-811.0
-37.0,,189.0,37.0,243.0,-557.0,372.0,-242.0,573.0,-790.0
-53.0,,171.0,119.0,201.0,-630.0,230.0,-145.0,557.0,-752.0
-55.0,,120.0,193.0,184.0,-598.0,176.0,-546.0,527.0,-743.0
-19.0,,73.0,227.0,172.0,-559.0,313.0,-280.0,474.0,-733.0
33.0,,41.0,256.0,168.0,-644.0,433.0,-537.0,424.0,-741.0
61.0,,-2.0,280.0,160.0,-658.0,271.0,-363.0,371.0,-755.0
53.0,,-27.0,281.0,136.0,-603.0,122.0,-210.0,305.0,-739.0
78.0,,-59.0,259.0,109.0,-541.0,148.0,-319.0,243.0,-752.0
110.0,,-79.0,241.0,72.0,-527.0,232.0,-16.0,162.0,-761.0
137.0,,-116.0,238.0,12.0,-552.0,277.0,-378.0,80.0,-773.0
166.0,,-134.0,218.0,-65.0,-451.0,188.0,-162.0,-8.0,-772.0
185.0,,-125.0,189.0,-143.0,-298.0,137.0,-339.0,-106.0,-738.0
226.0,,-117.0,176.0,-181.0,-323.0,171.0,-339.0,-175.0,-685.0
260.0,,-94.0,169.0,-172.0,-390.0,242.0,-109.0,-233.0,-580.0
268.0,,-81.0,136.0,-143.0,-353.0,275.0,-360.0,-280.0,-438.0
269.0,,-41.0,70.0,-100.0,-348.0,292.0,-53.0,-325.0,-288.0
268.0,,-7.0,21.0,-56.0,-346.0,393.0,-356.0,-370.0,-116.0
297.0,,-4.0,19.0,-29.0,-425.0,453.0,-197.0,-396.0,65.0
339.0,,10.0,0.0,-6.0,-394.0,428.0,-197.0,-427.0,220.0
359.0,,37.0,-42.0,17.0,-273.0,335.0,-303.0,-437.0,355.0
366.0,,74.0,-83.0,19.0,-313.0,241.0,-18.0,-403.0,452.0
404.0,,103.0,-115.0,-21.0,-298.0,326.0,-351.0,-362.0,475.0
440.0,,123.0,-131.0,-121.0,-275.0,551.0,-38.0,-317.0,443.0
425.0,,178.0,-155.0,-224.0,-244.0,638.0,-242.0,-265.0,389.0
424.0,,233.0,-182.0,-260.0,-188.0,524.0,-251.0,-234.0,302.0
443.0,,246.0,-224.0,-232.0,-212.0,410.0,-223.0,-215.0,214.0
460.0,,251.0,-288.0,-165.0,-164.0,375.0,-541.0,-217.0,128.0
455.0,,269.0,-339.0,-122.0,-64.0,369.0,-186.0,-230.0,66.0
426.0,,260.0,-356.0,-130.0,-116.0,372.0,-395.0,-227.0,40.0
409.0,,232.0,-357.0,-160.0,-204.0,394.0,-49.0,-240.0,20.0
381.0,,231.0,-373.0,-190.0,-187.0,414.0,-35.0,-254.0,38.0
331.0,,220.0,-377.0,-191.0,-131.0,467.0,-103.0,-280.0,90.0
285.0,,220.0,-387.0,-172.0,-88.0,453.0,131.0,-323.0,149.0
264.0,,218.0,-404.0,-164.0,-95.0,286.0,-203.0,-354.0,219.0
258.0,,188.0,-408.0,-170.0,-97.0,245.0,59.0,-382.0,328.0
242.0,,207.0,-422.0,-173.0,-47.0,306.0,-175.0,-410.0,452.0
231.0,,212.0,-425.0,-159.0,-23.0,373.0,-64.0,-437.0,579.0
237.0,,187.0,-438.0,-141.0,-81.0,442.0,-25.0,-443.0,702.0
230.0,,179.0,-482.0,-149.0,-58.0,372.0,-164.0,-439.0,809.0
209.0,,167.0,-522.0,-207.0,25.0,355.0,173.0,-403.0,887.0
216.0,,168.0,-523.0,-287.0,75.0,442.0,-120.0,-322.0,877.0
252.0,,162.0,-471.0,-339.0,35.0,487.0,199.0,-244.0,804.0
275.0,,169.0,-408.0,-338.0,-31.0,441.0,99.0,-164.0,707.0
256.0,,187.0,-348.0,-273.0,140.0,411.0,120.0,-101.0,552.0
257.0,,186.0,-275.0,-172.0,236.0,479.0,336.0,-44.0,302.0
271.0,,196.0,-205.0,-58.0,159.0,454.0,86.0,0.0,-3.0
255.0,,187.0,-129.0,49.0,128.0,418.0,397.0,17.0,-346.0
226.0,,196.0,-38.0,137.0,85.0,392.0,142.0,29.0,-673.0
231.0,,208.0,62.0,218.0,118.0,284.0,336.0,32.0,-942.0
284.0,,204.0,138.0,292.0,134.0,205.0,315.0,52.0,-1191.0
295.0,,215.0,154.0,325.0,165.0,272.0,182.0,69.0,-1372.0
265.0,,209.0,123.0,281.0,307.0,465.0,452.0,74.0,-1444.0
292.0,,231.0,50.0,181.0,394.0,488.0,164.0,90.0,-1404.0
348.0,,243.0,-36.0,50.0,397.0,291.0,498.0,111.0,-1299.0
354.0,,228.0,-121.0,-93.0,391.0,110.0,312.0,127.0,-1135.0
324.0,,222.0,-166.0,-232.0,462.0,93.0,360.0,153.0,-947.0
309.0,,210.0,-148.0,-337.0,528.0,166.0,474.0,189.0,-759.0
311.0,,177.0,-130.0,-399.0,529.0,250.0,197.0,221.0,-557.0
284.0,,122.0,-121.0,-415.0,455.0,306.0,445.0,250.0,-402.0
226.0,,97.0,-131.0,-369.0,409.0,186.0,73.0,280.0,-245.0
207.0,,61.0,-144.0,-305.0,460.0,143.0,282.0,324.0,-112.0
208.0,,16.0,-152.0,-253.0,442.0,346.0,249.0,372.0,-58.0
173.0,,-9.0,-181.0,-219.0,437.0,448.0,236.0,424.0,-50.0
122.0,,-39.0,-195.0,-164.0,452.0,386.0,495.0,482.0,-63.0
108.0,,-57.0,-207.0,-41.0,485.0,361.0,197.0,524.0,-102.0
108.0,,-74.0,-200.0,117.0,490.0,433.0,517.0,552.0,-169.0
80.0,,-97.0,-197.0,283.0,378.0,433.0,256.0,560.0,-251.0
34.0,,-105.0,-208.0,391.0,422.0,221.0,382.0,547.0,-357.0
17.0,,-101.0,-179.0,431.0,541.0,163.0,467.0,511.0,-450.0
17.0,,-103.0,-148.0,426.0,542.0,333.0,256.0,450.0,-546.0
-11.0,,-103.0,-121.0,382.0,536.0,382.0,487.0,365.0,-605.0
-48.0,,-94.0,-89.0,320.0,541.0,303.0,129.0,279.0,-617.0
-73.0,,-86.0,-46.0,225.0,561.0,144.0,404.0,199.0,-633.0
-83.0,,-88.0,23.0,125.0,623.0,42.0,338.0,136.0,-658.0
-99.0,,-95.0,81.0,45.0,583.0,102.0,408.0,74.0,-639.0
-116.0,,-101.0,118.0,-20.0,568.0,243.0,582.0,12.0,-560.0
-122.0,,-105.0,139.0,-74.0,688.0,243.0,282.0,-16.0,-475.0
-111.0,,-141.0,149.0,-99.0,701.0,45.0,611.0,-31.0,-353.0
-76.0,,-190.0,171.0,-92.0,678.0,89.0,369.0,-40.0,-237.0
-58.0,,-232.0,171.0,-72.0,636.0,381.0,591.0,-34.0,-124.0
-37.0,,-293.0,119.0,-34.0,626.0,323.0,583.0,-12.0,6.0
-7.0,,-329.0,49.0,29.0,655.0,8.0,421.0,28.0,63.0
11.0,,-364.0,-34.0,106.0,607.0,35.0,598.0,78.0,101.0
20.0,,-389.0,-117.0,163.0,573.0,247.0,182.0,117.0,138.0
4.0,,-382.0,-171.0,184.0,589.0,298.0,474.0,134.0,141.0
-26.0,,-377.0,-217.0,182.0,609.0,191.0,315.0,131.0,151.0
-59.0,,-356.0,-266.0,167.0,568.0,-7.0,412.0,109.0,158.0
-106.0,,-311.0,-331.0,154.0,558.0,-60.0,522.0,79.0,160.0
-176.0,,-250.0,-411.0,175.0,562.0,89.0,293.0,43.0,209.0
-253.0,,-213.0,-474.0,222.0,603.0,87.0,617.0,23.0,295.0
-340.0,,-152.0,-504.0,266.0,652.0,-45.0,273.0,29.0,360.0
-427.0,,-95.0,-535.0,297.0,671.0,12.0,460.0,57.0,413.0
-477.0,,-62.0,-547.0,304.0,729.0,80.0,306.0,89.0,475.0
-493.0,,-20.0,-532.0,292.0,679.0,172.0,175.0,111.0,523.0
-531.0,,-2.0,-511.0,286.0,648.0,294.0,373.0,125.0,583.0
-574.0,,14.0,-469.0,308.0,661.0,30.0,109.0,130.0,655.0
-599.0,,44.0,-421.0,327.0,598.0,-170.0,417.0,148.0,728.0
-607.0,,75.0,-352.0,299.0,614.0,128.0,197.0,188.0,811.0
-612.0,,91.0,-262.0,226.0,668.0,269.0,365.0,230.0,859.0
-633.0,,111.0,-170.0,127.0,617.0,75.0,362.0,272.0,888.0
-641.0,,149.0,-97.0,18.0,607.0,117.0,173.0,312.0,924.0
-645.0,,191.0,-44.0,-80.0,620.0,369.0,458.0,330.0,946.0
-646.0,,216.0,-9.0,-153.0,606.0,336.0,118.0,327.0,971.0
-657.0,,232.0,20.0,-193.0,700.0,176.0,406.0,304.0,990.0
-657.0,,243.0,79.0,-200.0,753.0,276.0,288.0,258.0,995.0
-627.0,,232.0,124.0,-178.0,770.0,384.0,297.0,203.0,990.0
-599.0,,214.0,127.0,-119.0,799.0,360.0,456.0,142.0,991.0
-554.0,,193.0,107.0,-50.0,760.0,413.0,140.0,80.0,992.0
-515.0,,173.0,71.0,-6.0,727.0,464.0,415.0,37.0,982.0
-468.0,,137.0,34.0,15.0,742.0,388.0,157.0,31.0,974.0
-403.0,,90.0,17.0,8.0,721.0,325.0,386.0,51.0,932.0
-353.0,,60.0,14.0,-42.0,680.0,461.0,384.0,70.0,902.0
-277.0,,34.0,24.0,-106.0,670.0,642.0,282.0,82.0,878.0
-172.0,,40.0,39.0,-164.0,615.0,436.0,554.0,75.0,817.0
-55.0,,43.0,24.0,-222.0,605.0,82.0,236.0,36.0,745.0
32.0,,49.0,-5.0,-247.0,601.0,239.0,541.0,-35.0,675.0
96.0,,73.0,-20.0,-217.0,644.0,578.0,334.0,-117.0,632.0
173.0,,77.0,-16.0,-146.0,756.0,479.0,413.0,-183.0,617.0
240.0,,91.0,0.0,-40.0,749.0,289.0,509.0,-231.0,648.0
271.0,,92.0,11.0,76.0,727.0,420.0,221.0,-244.0,699.0
286.0,,97.0,20.0,163.0,688.0,519.0,445.0,-228.0,771.0
311.0,,102.0,19.0,193.0,638.0,456.0,101.0,-183.0,850.0
340.0,,88.0,6.0,158.0,582.0,509.0,363.0,-119.0,895.0
348.0,,82.0,-16.0,86.0,456.0,512.0,279.0,-44.0,914.0
345.0,,89.0,-42.0,3.0,435.0,402.0,205.0,31.0,911.0
335.0,,99.0,-48.0,-86.0,486.0,494.0,410.0,98.0,894.0
303.0,,89.0,-74.0,-165.0,439.0,662.0,118.0,160.0,829.0
262.0,,114.0,-121.0,-236.0,411.0,479.0,445.0,203.0,726.0
216.0,,117.0,-166.0,-298.0,494.0,138.0,229.0,235.0,624.0
185.0,,108.0,-210.0,-340.0,569.0,173.0,415.0,250.0,541.0
163.0,,125.0,-222.0,-346.0,583.0,372.0,491.0,277.0,493.0
140.0,,113.0,-216.0,-306.0,534.0,370.0,308.0,305.0,472.0
132.0,,138.0,-224.0,-241.0,539.0,291.0,567.0,319.0,463.0
116.0,,152.0,-252.0,-159.0,642.0,229.0,184.0,334.0,491.0
99.0,,125.0,-280.0,-86.0,642.0,300.0,369.0,330.0,575.0
94.0,,114.0,-324.0,-39.0,598.0,436.0,153.0,331.0,682.0
92.0,,92.0,-385.0,-2.0,556.0,489.0,145.0,311.0,816.0
93.0,,50.0,-415.0,18.0,494.0,448.0,332.0,266.0,1010.0
101.0,,7.0,-421.0,11.0,555.0,408.0,72.0,232.0,1188.0
102.0,,-33.0,-404.0,-35.0,600.0,602.0,417.0,205.0,1332.0
105.0,,-89.0,-394.0,-104.0,629.0,655.0,138.0,192.0,1491.0
101.0,,-119.0,-404.0,-155.0,706.0,453.0,306.0,190.0,1598.0
68.0,,-170.0,-413.0,-167.0,681.0,361.0,273.0,205.0,1638.0
30.0,,-210.0,-408.0,-128.0,700.0,325.0,107.0,212.0,1645.0
-9.0,,-219.0,-368.0,-62.0,784.0,377.0,349.0,194.0,1607.0
-45.0,,-249.0,-307.0,20.0,757.0,461.0,64.0,175.0,1529.0
-63.0,,-268.0,-258.0,92.0,705.0,460.0,432.0,142.0,1424.0
-63.0,,-300.0,-229.0,118.0,701.0,356.0,271.0,100.0,1281.0
-45.0,,-311.0,-223.0,107.0,744.0,176.0,301.0,74.0,1083.0
-4.0,,-313.0,-249.0,81.0,845.0,238.0,306.0,67.0,873.0
48.0,,-332.0,-294.0,47.0,891.0,515.0,-22.0,80.0,666.0
69.0,,-322.0,-329.0,25.0,889.0,445.0,279.0,124.0,451.0
82.0,,-313.0,-349.0,14.0,897.0,120.0,-57.0,194.0,273.0
110.0,,-277.0,-353.0,5.0,889.0,258.0,160.0,261.0,142.0
117.0,,-258.0,-358.0,7.0,845.0,567.0,110.0,341.0,72.0
89.0,,-223.0,-365.0,22.0,814.0,328.0,38.0,425.0,70.0
72.0,,-132.0,-391.0,57.0,773.0,-110.0,264.0,498.0,119.0
95.0,,-69.0,-439.0,80.0,741.0,-127.0,-25.0,541.0,216.0
121.0,,6.0,-463.0,79.0,840.0,15.0,240.0,544.0,329.0
120.0,,64.0,-424.0,85.0,817.0,-27.0,-84.0,530.0,452.0
133.0,,135.0,-342.0,104.0,797.0,6.0,24.0,491.0,566.0
180.0,,210.0,-256.0,135.0,861.0,22.0,94.0,441.0,690.0
221.0,,254.0,-163.0,169.0,870.0,-154.0,-94.0,401.0,787.0
250.0,,314.0,-84.0,184.0,862.0,-251.0,221.0,364.0,858.0
280.0,,355.0,-20.0,172.0,717.0,-103.0,-133.0,337.0,919.0
292.0,,407.0,42.0,152.0,713.0,39.0,90.0,332.0,898.0
298.0,,425.0,69.0,134.0,764.0,-74.0,-33.0,326.0,838.0
320.0,,470.0,71.0,114.0,710.0,-118.0,-49.0,305.0,752.0
330.0,,555.0,74.0,78.0,693.0,-6.0,144.0,304.0,652.0
295.0,,603.0,55.0,23.0,694.0,-71.0,-107.0,296.0,562.0
262.0,,673.0,3.0,-12.0,738.0,-234.0,229.0,268.0,484.0
239.0,,705.0,-73.0,-28.0,764.0,-197.0,-38.0,245.0,426.0
185.0,,723.0,-141.0,-21.0,774.0,-96.0,101.0,199.0,395.0
114.0,,763.0,-176.0,8.0,765.0,-219.0,57.0,151.0,396.0
46.0,,753.0,-197.0,58.0,765.0,-313.0,-118.0,114.0,407.0
1.0,,745.0,-217.0,106.0,667.0,-237.0,133.0,80.0,469.0
-35.0,,734.0,-213.0,123.0,597.0,-222.0,-197.0,75.0,556.0
-67.0,,694.0,-167.0,117.0,640.0,-279.0,127.0,77.0,622.0
-57.0,,674.0,-74.0,89.0,578.0,-333.0,5.0,85.0,695.0
-19.0,,632.0,41.0,41.0,527.0,-296.0,70.0,92.0,751.0
-1.0,,600.0,145.0,-26.0,457.0,-147.0,190.0,86.0,764.0
-14.0,,584.0,221.0,-103.0,431.0,-110.0,-84.0,80.0,793.0
-19.0,,526.0,252.0,-160.0,443.0,-168.0,186.0,84.0,834.0
-23.0,,485.0,243.0,-179.0,317.0,-183.0,-131.0,80.0,858.0
-47.0,,456.0,206.0,-166.0,278.0,-169.0,110.0,64.0,866.0
-74.0,,409.0,132.0,-146.0,358.0,-188.0,66.0,64.0,841.0
-89.0,,381.0,31.0,-106.0,398.0,-362.0,-20.0,48.0,774.0
-99.0,,352.0,-74.0,-48.0,412.0,-369.0,218.0,11.0,677.0
-108.0,,306.0,-206.0,9.0,386.0,-79.0,-136.0,-40.0,542.0
-101.0,,303.0,-379.0,61.0,367.0,-20.0,140.0,-117.0,378.0
-82.0,,312.0,-501.0,103.0,406.0,-350.0,-66.0,-183.0,223.0
-52.0,,285.0,-537.0,134.0,315.0,-587.0,14.0,-239.0,54.0
-28.0,,267.0,-512.0,139.0,164.0,-545.0,53.0,-291.0,-117.0
-28.0,,244.0,-483.0,122.0,152.0,-441.0,-188.0,-314.0,-275.0
-46.0,,214.0,-482.0,91.0,132.0,-293.0,9.0,-338.0,-387.0
-55.0,,173.0,-478.0,49.0,99.0,-202.0,-371.0,-354.0,-449.0
-31.0,,140.0,-459.0,-2.0,108.0,-224.0,-90.0,-365.0,-456.0
3.0,,131.0,-407.0,-49.0,149.0,-353.0,-136.0,-386.0,-370.0
19.0,,100.0,-362.0,-69.0,230.0,-455.0,-105.0,-375.0,-246.0
29.0,,92.0,-356.0,-63.0,173.0,-333.0,81.0,-368.0,-77.0
64.0,,109.0,-378.0,-31.0,55.0,-281.0,-232.0,-346.0,121.0
90.0,,99.0,-386.0,22.0,62.0,-391.0,51.0,-303.0,306.0
106.0,,116.0,-356.0,104.0,-14.0,-480.0,-223.0,-275.0,485.0
134.0,,142.0,-325.0,215.0,-125.0,-461.0,-66.0,-209.0,639.0
169.0,,151.0,-309.0,314.0,-146.0,-342.0,-57.0,-117.0,767.0
210.0,,177.0,-328.0,370.0,-156.0,-381.0,-194.0,-20.0,867.0
238.0,,194.0,-352.0,380.0,-117.0,-595.0,70.0,83.0,901.0
266.0,,210.0,-339.0,332.0,-120.0,-692.0,-243.0,188.0,857.0
301.0,,232.0,-290.0,247.0,-162.0,-489.0,35.0,289.0,763.0
314.0,,272.0,-225.0,150.0,-123.0,-276.0,-227.0,375.0,629.0
275.0,,316.0,-172.0,50.0,-43.0,-373.0,-225.0,428.0,488.0
199.0,,360.0,-124.0,-23.0,-62.0,-471.0,-68.0,457.0,353.0
127.0,,405.0,-79.0,-80.0,-182.0,-439.0,-303.0,442.0,239.0
67.0,,469.0,-44.0,-118.0,-292.0,-418.0,44.0,370.0,161.0
28.0,,523.0,-25.0,-135.0,-283.0,-277.0,-243.0,288.0,106.0
6.0,,543.0,-25.0,-138.0,-248.0,-82.0,-44.0,175.0,66.0
5.0,,607.0,-31.0,-116.0,-358.0,-132.0,-120.0,34.0,27.0
-6.0,,631.0,-44.0,-103.0,-398.0,-328.0,-194.0,-85.0,3.0
-45.0,,652.0,-87.0,-97.0,-346.0,-320.0,107.0,-192.0,-3.0
-78.0,,669.0,-143.0,-97.0,-390.0,-202.0,-83.0,-258.0,17.0
-102.0,,633.0,-179.0,-103.0,-515.0,-246.0,310.0,-287.0,75.0
-118.0,,629.0,-192.0,-106.0,-582.0,-451.0,22.0,-292.0,138.0
-131.0,,581.0,-198.0,-103.0,-485.0,-434.0,1.0,-263.0,196.0
-119.0,,500.0,-212.0,-72.0,-466.0,-114.0,-55.0,-201.0,226.0
-107.0,,449.0,-223.0,-51.0,-593.0,-62.0,-345.0,-114.0,213.0
-101.0,,380.0,-200.0,-45.0,-592.0,-253.0,-36.0,-43.0,164.0
-85.0,,317.0,-142.0,-52.0,-565.0,-213.0,-286.0,15.0,56.0
-60.0,,286.0,-73.0,-81.0,-578.0,-87.0,9.0,70.0,-72.0
-31.0,,258.0,-3.0,-109.0,-564.0,-209.0,-72.0,97.0,-213.0
-23.0,,274.0,48.0,-131.0,-594.0,-263.0,-83.0,89.0,-386.0
-7.0,,295.0,70.0,-126.0,-596.0,-79.0,51.0,64.0,-550.0
28.0,,300.0,67.0,-82.0,-641.0,-107.0,-238.0,36.0,-696.0
78.0,,339.0,46.0,-20.0,-747.0,-295.0,118.0,-9.0,-809.0
115.0,,363.0,0.0,38.0,-764.0,-319.0,-118.0,-49.0,-875.0
132.0,,389.0,-53.0,88.0,-682.0,-247.0,49.0,-98.0,-879.0
124.0,,418.0,-78.0,134.0,-576.0,-255.0,53.0,-141.0,-841.0
101.0,,429.0,-103.0,167.0,-569.0,-275.0,-92.0,-160.0,-738.0
84.0,,468.0,-169.0,169.0,-635.0,-152.0,197.0,-187.0,-568.0
24.0,,496.0,-252.0,153.0,-649.0,-77.0,-112.0,-210.0,-399.0
-56.0,,486.0,-289.0,135.0,-575.0,-213.0,151.0,-221.0,-211.0
-117.0,,509.0,-288.0,105.0,-575.0,-350.0,-29.0,-226.0,-35.0
-179.0,,515.0,-300.0,74.0,-613.0,-282.0,1.0,-255.0,94.0
-236.0,,500.0,-327.0,43.0,-561.0,-137.0,151.0,-287.0,174.0
-278.0,,485.0,-352.0,13.0,-590.0,-98.0,-110.0,-307.0,178.0
-331.0,,430.0,-364.0,4.0,-637.0,-99.0,169.0,-348.0,145.0
-381.0,,376.0,-384.0,13.0,-654.0,-109.0,-149.0,-388.0,99.0
-422.0,,301.0,-428.0,25.0,-684.0,-103.0,57.0,-435.0,16.0
-455.0,,202.0,-458.0,6.0,-615.0,-81.0,59.0,-472.0,-86.0
-467.0,,132.0,-434.0,-36.0,-642.0,-153.0,-29.0,-473.0,-174.0
-457.0,,53.0,-357.0,-93.0,-709.0,-201.0,197.0,-470.0,-274.0
-440.0,,-22.0,-269.0,-165.0,-687.0,-141.0,-184.0,-461.0,-370.0
-445.0,,-94.0,-161.0,-221.0,-713.0,-49.0,53.0,-443.0,-445.0
-448.0,,-180.0,-34.0,-242.0,-710.0,48.0,-160.0,-409.0,-499.0
-448.0,,-210.0,91.0,-225.0,-680.0,5.0,-92.0,-370.0,-505.0
-470.0,,-253.0,219.0,-183.0,-651.0,-161.0,0.0,-331.0,-482.0
-503.0,,-307.0,343.0,-130.0,-648.0,-215.0,-229.0,-308.0,-424.0
-514.0,,-321.0,446.0,-86.0,-626.0,-158.0,49.0,-316.0,-324.0
-483.0,,-338.0,477.0,-68.0,-642.0,-207.0,-325.0,-331.0,-208.0
-448.0,,-341.0,463.0,-63.0,-615.0,-289.0,-131.0,-355.0,-90.0
-426.0,,-355.0,459.0,-75.0,-559.0,-156.0,-236.0,-383.0,33.0
-375.0,,-379.0,449.0,-89.0,-626.0,-35.0,-275.0,-412.0,160.0
-295.0,,-388.0,424.0,-90.0,-604.0,-149.0,25.0,-427.0,300.0
-232.0,,-390.0,416.0,-100.0,-628.0,-310.0,-240.0,-414.0,456.0
-186.0,,-419.0,430.0,-129.0,-547.0,-281.0,5.0,-385.0,602.0
-141.0,,-431.0,434.0,-161.0,-468.0,-159.0,-312.0,-340.0,743.0
-97.0,,-414.0,398.0,-165.0,-587.0,-241.0,-225.0,-278.0,845.0
-58.0,,-428.0,326.0,-149.0,-569.0,-299.0,-208.0,-194.0,865.0
-37.0,,-415.0,224.0,-115.0,-615.0,-246.0,-336.0,-119.0,806.0
-16.0,,-389.0,88.0,-69.0,-699.0,-318.0,3.0,-50.0,676.0
13.0,,-349.0,-2.0,-26.0,-692.0,-413.0,-284.0,21.0,506.0
35.0,,-284.0,-27.0,-5.0,-624.0,-394.0,12.0,85.0,321.0
45.0,,-242.0,-34.0,1.0,-517.0,-395.0,-168.0,135.0,112.0
61.0,,-187.0,-37.0,17.0,-477.0,-504.0,-229.0,190.0,-82.0
80.0,,-162.0,-36.0,42.0,-530.0,-409.0,-110.0,240.0,-264.0
118.0,,-137.0,-30.0,86.0,-513.0,-266.0,-369.0,267.0,-460.0
153.0,,-102.0,-20.0,130.0,-389.0,-506.0,-55.0,290.0,-621.0
155.0,,-90.0,-17.0,155.0,-421.0,-748.0,-339.0,305.0,-773.0
169.0,,-38.0,-55.0,164.0,-457.0,-610.0,-109.0,312.0,-905.0
179.0,,-17.0,-103.0,164.0,-492.0,-385.0,-127.0,298.0,-940.0
176.0,,11.0,-136.0,150.0,-571.0,-455.0,-279.0,261.0,-899.0
178.0,,57.0,-162.0,137.0,-591.0,-678.0,-40.0,197.0,-783.0
176.0,,89.0,-176.0,134.0,-664.0,-672.0,-391.0,112.0,-587.0
185.0,,148.0,-166.0,140.0,-639.0,-545.0,-133.0,20.0,-394.0
161.0,,190.0,-119.0,155.0,-550.0,-626.0,-328.0,-67.0,-226.0
135.0,,242.0,-68.0,161.0,-566.0,-774.0,-256.0,-153.0,-108.0
144.0,,291.0,-38.0,181.0,-547.0,-692.0,-86.0,-248.0,-61.0
144.0,,354.0,-21.0,212.0,-530.0,-572.0,-279.0,-355.0,-64.0
165.0,,410.0,15.0,231.0,-589.0,-585.0,20.0,-473.0,-147.0
178.0,,457.0,41.0,240.0,-583.0,-597.0,-306.0,-554.0,-288.0
183.0,,522.0,37.0,218.0,-646.0,-680.0,-118.0,-607.0,-446.0
203.0,,554.0,24.0,165.0,-678.0,-750.0,-171.0,-643.0,-611.0
221.0,,582.0,-20.0,84.0,-607.0,-638.0,-179.0,-648.0,-776.0
235.0,,589.0,-92.0,-21.0,-665.0,-524.0,112.0,-622.0,-923.0
231.0,,590.0,-166.0,-130.0,-646.0,-534.0,-194.0,-564.0,-1062.0
246.0,,586.0,-217.0,-224.0,-598.0,-638.0,118.0,-486.0,-1171.0
274.0,,550.0,-228.0,-285.0,-602.0,-800.0,-109.0,-364.0,-1224.0
264.0,,545.0,-204.0,-293.0,-536.0,-767.0,-44.0,-233.0,-1211.0
225.0,,539.0,-141.0,-252.0,-608.0,-447.0,18.0,-98.0,-1137.0
201.0,,522.0,-47.0,-182.0,-637.0,-321.0,-162.0,35.0,-1043.0
181.0,,513.0,44.0,-83.0,-529.0,-565.0,190.0,142.0,-886.0
123.0,,477.0,89.0,21.0,-559.0,-758.0,-96.0,219.0,-713.0
77.0,,434.0,92.0,82.0,-581.0,-706.0,157.0,270.0,-569.0
37.0,,385.0,89.0,102.0,-585.0,-517.0,44.0,312.0,-438.0
-44.0,,302.0,66.0,85.0,-619.0,-403.0,57.0,311.0,-341.0
-123.0,,206.0,-3.0,35.0,-542.0,-555.0,299.0,309.0,-272.0
-149.0,,109.0,-95.0,-37.0,-580.0,-712.0,60.0,307.0,-262.0
-148.0,,19.0,-184.0,-125.0,-646.0,-617.0,408.0,282.0,-276.0
-180.0,,-64.0,-259.0,-204.0,-490.0,-527.0,118.0,249.0,-322.0
-215.0,,-160.0,-318.0,-256.0,-427.0,-556.0,229.0,214.0,-452.0
-191.0,,-231.0,-370.0,-271.0,-448.0,-583.0,168.0,175.0,-612.0
-157.0,,-242.0,-378.0,-256.0,-384.0,-587.0,-25.0,121.0,-786.0
-162.0,,-249.0,-341.0,-233.0,-380.0,-577.0,260.0,80.0,-954.0
-200.0,,-246.0,-283.0,-211.0,-331.0,-395.0,29.0,54.0,-1089.0
-198.0,,-190.0,-211.0,-183.0,-275.0,-185.0,365.0,28.0,-1175.0
-142.0,,-149.0,-149.0,-137.0,-320.0,-303.0,147.0,-16.0,-1191.0
-125.0,,-102.0,-119.0,-77.0,-287.0,-501.0,125.0,-53.0,-1156.0
-140.0,,-72.0,-134.0,-30.0,-288.0,-485.0,188.0,-95.0,-1096.0
-136.0,,-69.0,-173.0,6.0,-377.0,-391.0,-84.0,-126.0,-1013.0
-101.0,,-52.0,-201.0,36.0,-374.0,-351.0,284.0,-128.0,-898.0
-88.0,,-90.0,-228.0,70.0,-348.0,-331.0,79.0,-125.0,-800.0
-113.0,,-120.0,-276.0,132.0,-262.0,-326.0,351.0,-103.0,-729.0
-117.0,,-152.0,-326.0,207.0,-225.0,-343.0,345.0,-96.0,-664.0
-107.0,,-197.0,-341.0,274.0,-297.0,-245.0,247.0,-96.0,-654.0
-95.0,,-234.0,-353.0,318.0,-200.0,-115.0,404.0,-134.0,-659.0
-94.0,,-291.0,-381.0,334.0,-121.0,-149.0,49.0,-192.0,-682.0
-80.0,,-327.0,-390.0,315.0,-186.0,-171.0,328.0,-239.0,-769.0
-24.0,,-339.0,-356.0,266.0,-200.0,-79.0,99.0,-295.0,-853.0
31.0,,-327.0,-273.0,183.0,-133.0,-43.0,230.0,-309.0,-925.0
60.0,,-321.0,-169.0,83.0,-79.0,-4.0,301.0,-302.0,-1023.0
93.0,,-275.0,-76.0,-9.0,-33.0,13.0,75.0,-285.0,-1115.0
143.0,,-193.0,6.0,-87.0,-44.0,-151.0,369.0,-254.0,-1161.0
168.0,,-142.0,67.0,-126.0,-31.0,-262.0,25.0,-221.0,-1175.0
152.0,,-63.0,83.0,-135.0,78.0,-155.0,293.0,-181.0,-1143.0
117.0,,-5.0,39.0,-128.0,-10.0,-48.0,218.0,-135.0,-1073.0
74.0,,55.0,-15.0,-117.0,-58.0,-20.0,232.0,-82.0,-999.0
35.0,,110.0,-46.0,-111.0,7.0,-88.0,500.0,-21.0,-882.0
-15.0,,118.0,-94.0,-127.0,51.0,-205.0,275.0,50.0,-758.0
-65.0,,168.0,-151.0,-171.0,123.0,-96.0,574.0,115.0,-665.0
-98.0,,174.0,-174.0,-205.0,67.0,114.0,242.0,158.0,-605.0
-127.0,,191.0,-156.0,-229.0,96.0,127.0,373.0,188.0,-563.0
-155.0,,216.0,-108.0,-220.0,173.0,50.0,367.0,214.0,-535.0
-169.0,,202.0,-38.0,-169.0,141.0,36.0,271.0,240.0,-576.0
-159.0,,230.0,77.0,-100.0,158.0,90.0,572.0,284.0,-656.0
-178.0,,219.0,222.0,-20.0,207.0,159.0,216.0,350.0,-712.0
-217.0,,197.0,335.0,39.0,248.0,173.0,484.0,435.0,-752.0
-234.0,,196.0,404.0,68.0,291.0,113.0,253.0,542.0,-812.0
-251.0,,191.0,432.0,72.0,280.0,25.0,266.0,663.0,-875.0
-282.0,,203.0,407.0,66.0,283.0,-36.0,402.0,782.0,-898.0
-321.0,,228.0,354.0,54.0,331.0,32.0,138.0,882.0,-901.0
-327.0,,253.0,286.0,46.0,251.0,99.0,439.0,968.0,-903.0
-309.0,,290.0,198.0,69.0,231.0,-56.0,166.0,1009.0,-870.0
-314.0,,329.0,113.0,108.0,315.0,-165.0,389.0,977.0,-822.0
-308.0,,355.0,32.0,153.0,330.0,-119.0,295.0,915.0,-770.0
-258.0,,413.0,-53.0,189.0,329.0,-79.0,195.0,836.0,-713.0
-201.0,,468.0,-124.0,210.0,310.0,-53.0,400.0,736.0,-671.0
-163.0,,521.0,-153.0,227.0,334.0,-63.0,36.0,639.0,-604.0
-146.0,,573.0,-148.0,239.0,414.0,-67.0,290.0,543.0,-522.0
-130.0,,598.0,-127.0,238.0,413.0,17.0,9.0,446.0,-439.0
-132.0,,654.0,-86.0,215.0,322.0,130.0,88.0,356.0,-347.0
-165.0,,687.0,-42.0,191.0,352.0,191.0,162.0,290.0,-269.0
-186.0,,690.0,-41.0,161.0,403.0,264.0,-27.0,259.0,-198.0
-208.0,,717.0,-82.0,134.0,364.0,299.0,245.0,249.0,-133.0
-201.0,,709.0,-150.0,122.0,310.0,251.0,-84.0,274.0,-61.0
-177.0,,659.0,-232.0,118.0,223.0,163.0,197.0,334.0,-3.0
-145.0,,601.0,-333.0,107.0,277.0,56.0,53.0,417.0,28.0
-109.0,,523.0,-456.0,97.0,283.0,20.0,-44.0,518.0,40.0
-75.0,,444.0,-533.0,95.0,206.0,91.0,83.0,621.0,10.0
-3.0,,352.0,-550.0,98.0,292.0,200.0,-267.0,702.0,-54.0
54.0,,265.0,-541.0,116.0,364.0,227.0,11.0,751.0,-159.0
86.0,,190.0,-492.0,140.0,399.0,142.0,-254.0,768.0,-276.0
113.0,,120.0,-401.0,186.0,372.0,97.0,-79.0,759.0,-377.0
162.0,,67.0,-263.0,232.0,329.0,186.0,-11.0,742.0,-454.0
226.0,,10.0,-128.0,244.0,459.0,223.0,-118.0,710.0,-484.0
262.0,,-30.0,-14.0,214.0,534.0,160.0,118.0,659.0,-506.0
285.0,,-68.0,112.0,157.0,461.0,204.0,-218.0,610.0,-499.0
319.0,,-89.0,214.0,83.0,457.0,321.0,129.0,551.0,-462.0
363.0,,-117.0,285.0,0.0,517.0,357.0,5.0,471.0,-420.0
395.0,,-124.0,321.0,-70.0,536.0,282.0,18.0,377.0,-351.0
420.0,,-114.0,309.0,-127.0,535.0,171.0,116.0,268.0,-299.0
431.0,,-133.0,272.0,-160.0,588.0,172.0,-214.0,167.0,-235.0
457.0,,-122.0,218.0,-157.0,670.0,272.0,0.0,44.0,-157.0
491.0,,-124.0,141.0,-102.0,713.0,313.0,-349.0,-99.0,-108.0
510.0,,-108.0,46.0,-25.0,674.0,234.0,-197.0,-238.0,-70.0
536.0,,-102.0,-30.0,55.0,690.0,149.0,-234.0,-374.0,-45.0
550.0,,-102.0,-72.0,135.0,761.0,176.0,-284.0,-486.0,-37.0
566.0,,-87.0,-83.0,205.0,743.0,207.0,-27.0,-573.0,-60.0
556.0,,-73.0,-63.0,263.0,759.0,170.0,-325.0,-619.0,-92.0
526.0,,-52.0,-24.0,270.0,715.0,59.0,-40.0,-635.0,-118.0
499.0,,-73.0,26.0,259.0,713.0,-61.0,-264.0,-623.0,-155.0
434.0,,-47.0,66.0,242.0,818.0,-4.0,-208.0,-577.0,-175.0
383.0,,-24.0,84.0,228.0,780.0,155.0,-136.0,-522.0,-214.0
374.0,,-24.0,101.0,231.0,787.0,266.0,-303.0,-445.0,-262.0
361.0,,-26.0,117.0,210.0,841.0,246.0,29.0,-390.0,-289.0
325.0,,-19.0,128.0,183.0,814.0,96.0,-253.0,-348.0,-319.0
295.0,,-13.0,113.0,155.0,780.0,10.0,-24.0,-299.0,-363.0
293.0,,-45.0,71.0,135.0,756.0,110.0,-175.0,-259.0,-405.0
270.0,,-35.0,21.0,134.0,799.0,211.0,-290.0,-223.0,-426.0
221.0,,-45.0,-21.0,136.0,853.0,184.0,-186.0,-209.0,-445.0
184.0,,-30.0,-9.0,124.0,837.0,169.0,-552.0,-196.0,-458.0
165.0,,-15.0,65.0,67.0,850.0,196.0,-247.0,-200.0,-478.0
167.0,,-9.0,143.0,-18.0,915.0,242.0,-473.0,-215.0,-486.0
158.0,,35.0,176.0,-107.0,865.0,246.0,-286.0,-226.0,-467.0
142.0,,58.0,181.0,-195.0,780.0,160.0,-194.0,-243.0,-447.0
153.0,,90.0,183.0,-277.0,798.0,84.0,-332.0,-232.0,-427.0
156.0,,105.0,186.0,-337.0,858.0,136.0,-68.0,-201.0,-398.0
136.0,,111.0,200.0,-354.0,904.0,247.0,-376.0,-152.0,-351.0
118.0,,130.0,213.0,-327.0,820.0,250.0,-86.0,-85.0,-325.0
119.0,,158.0,221.0,-267.0,781.0,226.0,-210.0,-8.0,-297.0
129.0,,176.0,179.0,-195.0,895.0,233.0,-133.0,62.0,-236.0
110.0,,198.0,81.0,-165.0,927.0,227.0,-14.0,133.0,-158.0
63.0,,227.0,-37.0,-180.0,924.0,253.0,-314.0,203.0,-80.0
28.0,,242.0,-192.0,-206.0,870.0,252.0,5.0,254.0,-13.0
17.0,,245.0,-341.0,-253.0,836.0,208.0,-291.0,299.0,57.0
-5.0,,213.0,-446.0,-292.0,903.0,195.0,-97.0,336.0,120.0
-85.0,,202.0,-522.0,-320.0,874.0,219.0,-142.0,377.0,148.0
-140.0,,197.0,-554.0,-347.0,862.0,275.0,-299.0,422.0,154.0
-156.0,,157.0,-520.0,-365.0,935.0,230.0,-60.0,461.0,135.0
-205.0,,146.0,-439.0,-383.0,988.0,155.0,-304.0,499.0,87.0
-266.0,,136.0,-320.0,-375.0,1020.0,113.0,84.0,529.0,35.0
-309.0,,121.0,-176.0,-334.0,1022.0,72.0,-40.0,542.0,-25.0
-315.0,,125.0,-48.0,-269.0,1007.0,168.0,66.0,543.0,-87.0
-307.0,,109.0,44.0,-197.0,1071.0,299.0,101.0,538.0,-136.0
-279.0,,96.0,96.0,-115.0,1050.0,344.0,-184.0,517.0,-180.0
-237.0,,68.0,128.0,-16.0,911.0,400.0,125.0,481.0,-209.0
-207.0,,17.0,123.0,66.0,959.0,515.0,-140.0,437.0,-220.0
-168.0,,-13.0,75.0,138.0,987.0,517.0,134.0,383.0,-222.0
-127.0,,-34.0,-16.0,203.0,902.0,448.0,55.0,316.0,-210.0
-92.0,,-54.0,-141.0,260.0,843.0,432.0,-42.0,242.0,-194.0
-75.0,,-58.0,-256.0,306.0,870.0,353.0,144.0,171.0,-168.0
-67.0,,-47.0,-356.0,334.0,1025.0,280.0,-157.0,105.0,-137.0
-32.0,,-35.0,-408.0,341.0,1026.0,351.0,142.0,45.0,-113.0
16.0,,-6.0,-405.0,309.0,938.0,483.0,-53.0,-10.0,-112.0
60.0,,-1.0,-384.0,239.0,985.0,453.0,155.0,-46.0,-149.0
117.0,,12.0,-361.0,147.0,1048.0,366.0,256.0,-77.0,-164.0
175.0,,31.0,-342.0,49.0,1028.0,344.0,173.0,-96.0,-181.0
229.0,,35.0,-357.0,-26.0,966.0,354.0,521.0,-86.0,-209.0
305.0,,55.0,-450.0,-64.0,899.0,469.0,168.0,-69.0,-202.0
375.0,,50.0,-576.0,-86.0,916.0,575.0,352.0,-52.0,-169.0
439.0,,73.0,-657.0,-110.0,926.0,558.0,101.0,-55.0,-93.0
486.0,,94.0,-679.0,-139.0,818.0,525.0,55.0,-55.0,10.0
519.0,,81.0,-671.0,-162.0,828.0,560.0,258.0,-37.0,118.0
557.0,,114.0,-641.0,-164.0,885.0,537.0,62.0,-22.0,219.0
583.0,,130.0,-564.0,-118.0,861.0,472.0,445.0,8.0,324.0
610.0,,139.0,-461.0,-32.0,874.0,465.0,218.0,54.0,411.0
631.0,,159.0,-363.0,56.0,859.0,451.0,447.0,100.0,490.0
652.0,,146.0,-273.0,110.0,860.0,480.0,421.0,146.0,563.0
696.0,,158.0,-207.0,127.0,830.0,564.0,291.0,196.0,593.0
742.0,,121.0,-171.0,133.0,680.0,578.0,541.0,250.0,579.0
804.0,,79.0,-155.0,115.0,625.0,518.0,173.0,312.0,504.0
862.0,,59.0,-142.0,69.0,671.0,429.0,434.0,375.0,400.0
925.0,,7.0,-89.0,5.0,628.0,347.0,206.0,435.0,266.0
986.0,,-32.0,1.0,-40.0,578.0,307.0,271.0,500.0,111.0
1028.0,,-107.0,108.0,-47.0,586.0,356.0,400.0,559.0,-16.0
1070.0,,-174.0,212.0,-25.0,561.0,409.0,160.0,595.0,-108.0
1078.0,,-228.0,291.0,8.0,567.0,327.0,454.0,587.0,-153.0
1070.0,,-285.0,337.0,47.0,525.0,331.0,121.0,564.0,-168.0
1043.0,,-343.0,367.0,109.0,494.0,469.0,328.0,511.0,-169.0
974.0,,-382.0,422.0,167.0,559.0,516.0,205.0,416.0,-151.0
913.0,,-400.0,477.0,215.0,542.0,448.0,131.0,320.0,-97.0
869.0,,-443.0,478.0,254.0,500.0,386.0,395.0,230.0,-41.0
793.0,,-467.0,429.0,281.0,425.0,353.0,114.0,158.0,7.0
697.0,,-498.0,359.0,293.0,351.0,301.0,450.0,106.0,76.0
629.0,,-518.0,301.0,278.0,420.0,336.0,190.0,91.0,155.0
574.0,,-520.0,230.0,255.0,434.0,409.0,260.0,105.0,236.0
531.0,,-537.0,138.0,217.0,374.0,393.0,267.0,128.0,313.0
467.0,,-534.0,59.0,192.0,454.0,311.0,14.0,144.0,379.0
419.0,,-524.0,5.0,205.0,496.0,258.0,236.0,142.0,415.0
386.0,,-525.0,-53.0,220.0,476.0,258.0,-105.0,126.0,441.0
339.0,,-530.0,-136.0,223.0,461.0,297.0,175.0,94.0,478.0
315.0,,-509.0,-197.0,202.0,406.0,303.0,25.0,71.0,493.0
284.0,,-485.0,-236.0,150.0,417.0,227.0,62.0,58.0,487.0
239.0,,-468.0,-258.0,94.0,341.0,238.0,280.0,57.0,461.0
188.0,,-422.0,-266.0,56.0,260.0,303.0,-24.0,82.0,424.0
163.0,,-363.0,-254.0,25.0,277.0,371.0,253.0,122.0,407.0
154.0,,-294.0,-212.0,0.0,226.0,414.0,-55.0,169.0,400.0
135.0,,-203.0,-198.0,-12.0,156.0,296.0,125.0,220.0,420.0
104.0,,-116.0,-186.0,-27.0,153.0,214.0,153.0,268.0,461.0
64.0,,-4.0,-140.0,-36.0,150.0,278.0,38.0,288.0,524.0
35.0,,107.0,-75.0,-32.0,193.0,345.0,247.0,280.0,591.0
12.0,,197.0,-34.0,-41.0,184.0,346.0,-90.0,247.0,670.0
-16.0,,297.0,-57.0,-53.0,63.0,290.0,216.0,188.0,813.0
-54.0,,350.0,-109.0,-57.0,114.0,215.0,16.0,114.0,935.0
-92.0,,410.0,-152.0,-49.0,134.0,174.0,83.0,25.0,1012.0
-116.0,,446.0,-204.0,-30.0,60.0,190.0,206.0,-59.0,1084.0
-132.0,,461.0,-258.0,-31.0,33.0,178.0,-35.0,-150.0,1100.0
-169.0,,465.0,-276.0,-47.0,5.0,118.0,243.0,-256.0,1066.0
-233.0,,442.0,-261.0,-98.0,41.0,32.0,-81.0,-352.0,1000.0
-283.0,,448.0,-215.0,-185.0,41.0,-50.0,131.0,-431.0,903.0
-268.0,,386.0,-141.0,-261.0,-62.0,-23.0,60.0,-483.0,794.0
-243.0,,347.0,-49.0,-338.0,-67.0,32.0,-22.0,-527.0,683.0
-257.0,,320.0,54.0,-412.0,-18.0,-26.0,208.0,-556.0,581.0
-235.0,,235.0,177.0,-458.0,-103.0,-133.0,-62.0,-582.0,501.0
-182.0,,193.0,293.0,-459.0,-149.0,-138.0,243.0,-625.0,468.0
-129.0,,132.0,347.0,-425.0,-200.0,-45.0,0.0,-659.0,471.0
-71.0,,78.0,336.0,-382.0,-164.0,-8.0,94.0,-698.0,502.0
-33.0,,48.0,294.0,-314.0,-87.0,-50.0,153.0,-725.0,563.0
1.0,,-4.0,235.0,-219.0,-237.0,-38.0,-33.0,-738.0,641.0
48.0,,-30.0,151.0,-120.0,-291.0,-24.0,264.0,-731.0,737.0
62.0,,-42.0,44.0,-10.0,-199.0,-118.0,-75.0,-694.0,793.0
67.0,,-66.0,-74.0,95.0,-227.0,-201.0,155.0,-641.0,840.0
82.0,,-100.0,-193.0,178.0,-325.0,-180.0,57.0,-570.0,875.0
84.0,,-114.0,-294.0,234.0,-335.0,-65.0,27.0,-503.0,887.0
65.0,,-133.0,-333.0,238.0,-250.0,-12.0,181.0,-433.0,894.0
39.0,,-161.0,-323.0,230.0,-212.0,-70.0,-110.0,-360.0,858.0
44.0,,-156.0,-326.0,219.0,-329.0,-144.0,206.0,-296.0,822.0
58.0,,-182.0,-338.0,183.0,-343.0,-70.0,-18.0,-235.0,763.0
56.0,,-154.0,-362.0,164.0,-209.0,116.0,157.0,-191.0,684.0
48.0,,-143.0,-408.0,151.0,-215.0,-78.0,168.0,-161.0,586.0
66.0,,-153.0,-435.0,146.0,-276.0,-367.0,44.0,-159.0,483.0
80.0,,-116.0,-394.0,141.0,-355.0,-199.0,351.0,-176.0,375.0
43.0,,-139.0,-308.0,115.0,-365.0,-74.0,84.0,-205.0,233.0
15.0,,-112.0,-231.0,86.0,-298.0,-168.0,404.0,-256.0,127.0
25.0,,-121.0,-155.0,61.0,-361.0,-42.0,277.0,-299.0,41.0
35.0,,-141.0,-58.0,45.0,-395.0,28.0,308.0,-350.0,-14.0
21.0,,-116.0,55.0,22.0,-310.0,-327.0,371.0,-391.0,-23.0
33.0,,-152.0,162.0,-5.0,-286.0,-336.0,55.0,-389.0,11.0
99.0,,-147.0,245.0,-50.0,-335.0,212.0,310.0,-368.0,86.0
168.0,,-174.0,322.0,-113.0,-333.0,73.0,-51.0,-334.0,168.0
211.0,,-213.0,371.0,-160.0,-295.0,-303.0,99.0,-289.0,285.0
241.0,,-230.0,352.0,-180.0,-259.0,138.0,57.0,-222.0,403.0
284.0,,-308.0,284.0,-183.0,-281.0,186.0,-3.0,-172.0,516.0
338.0,,-353.0,203.0,-182.0,-298.0,-422.0,299.0,-139.0,635.0
395.0,,-394.0,116.0,-178.0,-206.0,-208.0,-7.0,-104.0,716.0
444.0,,-448.0,17.0,-178.0,-213.0,283.0,282.0,-71.0,775.0
478.0,,-467.0,-109.0,-170.0,-310.0,-278.0,60.0,-33.0,827.0
498.0,,-491.0,-242.0,-155.0,-292.0,-581.0,114.0,3.0,883.0
499.0,,-476.0,-357.0,-143.0,-217.0,32.0,182.0,73.0,920.0
482.0,,-442.0,-442.0,-137.0,-189.0,-15.0,-83.0,174.0,918.0
466.0,,-413.0,-493.0,-137.0,-226.0,-569.0,203.0,287.0,899.0
463.0,,-382.0,-525.0,-123.0,-263.0,-479.0,-138.0,411.0,817.0
459.0,,-339.0,-537.0,-93.0,-148.0,-271.0,86.0,532.0,682.0
454.0,,-289.0,-529.0,-48.0,-100.0,-291.0,-16.0,650.0,508.0
458.0,,-267.0,-528.0,-9.0,-225.0,-23.0,-103.0,761.0,292.0
471.0,,-229.0,-497.0,51.0,-202.0,-3.0,144.0,841.0,72.0
495.0,,-211.0,-417.0,115.0,-201.0,-425.0,-123.0,891.0,-149.0
511.0,,-187.0,-365.0,149.0,-221.0,-326.0,192.0,903.0,-359.0
508.0,,-177.0,-375.0,178.0,-200.0,372.0,-70.0,873.0,-562.0
517.0,,-224.0,-422.0,191.0,-295.0,452.0,16.0,827.0,-739.0
510.0,,-209.0,-460.0,202.0,-258.0,-335.0,12.0,764.0,-855.0
471.0,,-232.0,-472.0,194.0,-171.0,-445.0,-136.0,701.0,-920.0
437.0,,-277.0,-455.0,191.0,-162.0,98.0,230.0,640.0,-929.0
417.0,,-274.0,-386.0,207.0,-156.0,-158.0,-9.0,577.0,-849.0
385.0,,-308.0,-307.0,207.0,-203.0,-475.0,332.0,530.0,-708.0
336.0,,-299.0,-241.0,202.0,-177.0,80.0,179.0,486.0,-541.0
330.0,,-286.0,-168.0,192.0,-133.0,135.0,109.0,436.0,-347.0
348.0,,-292.0,-64.0,185.0,-202.0,-609.0,177.0,380.0,-166.0
339.0,,-242.0,35.0,187.0,-219.0,-431.0,-236.0,317.0,-14.0
318.0,,-191.0,84.0,197.0,-157.0,216.0,40.0,251.0,104.0
300.0,,-165.0,101.0,202.0,-179.0,-205.0,-177.0,181.0,160.0
306.0,,-128.0,103.0,210.0,-237.0,-520.0,77.0,99.0,165.0
295.0,,-89.0,89.0,222.0,-256.0,-42.0,129.0,30.0,167.0
241.0,,-59.0,80.0,210.0,-189.0,325.0,-20.0,-17.0,125.0
229.0,,-28.0,58.0,198.0,-167.0,243.0,203.0,-65.0,77.0
247.0,,-10.0,9.0,174.0,-281.0,-241.0,-153.0,-113.0,60.0
232.0,,39.0,9.0,118.0,-333.0,-441.0,153.0,-150.0,29.0
196.0,,109.0,34.0,49.0,-260.0,-126.0,22.0,-189.0,10.0
173.0,,133.0,38.0,-19.0,-189.0,190.0,116.0,-237.0,14.0
169.0,,185.0,51.0,-92.0,-206.0,28.0,275.0,-285.0,53.0
130.0,,222.0,75.0,-166.0,-206.0,-253.0,11.0,-338.0,121.0
70.0,,255.0,88.0,-233.0,-195.0,-63.0,279.0,-383.0,199.0
65.0,,300.0,70.0,-296.0,-143.0,-43.0,-60.0,-427.0,318.0
79.0,,309.0,41.0,-345.0,-156.0,-275.0,131.0,-471.0,468.0
60.0,,350.0,20.0,-349.0,-314.0,-211.0,33.0,-508.0,623.0
31.0,,368.0,7.0,-323.0,-304.0,-2.0,-83.0,-541.0,759.0
31.0,,384.0,-17.0,-300.0,-239.0,-37.0,134.0,-572.0,866.0
47.0,,404.0,-54.0,-262.0,-208.0,-384.0,-162.0,-612.0,938.0
35.0,,404.0,-84.0,-218.0,-221.0,-457.0,151.0,-656.0,956.0
3.0,,444.0,-108.0,-190.0,-253.0,-3.0,-84.0,-711.0,939.0
-16.0,,437.0,-134.0,-175.0,-124.0,114.0,36.0,-770.0,879.0
-6.0,,410.0,-166.0,-165.0,-110.0,-328.0,97.0,-822.0,807.0
32.0,,424.0,-187.0,-155.0,-156.0,-430.0,-112.0,-881.0,746.0
33.0,,416.0,-193.0,-157.0,-74.0,-150.0,181.0,-929.0,682.0
3.0,,388.0,-149.0,-162.0,-22.0,-153.0,-88.0,-960.0,613.0
3.0,,376.0,-62.0,-136.0,-47.0,-540.0,184.0,-970.0,519.0
24.0,,353.0,18.0,-78.0,-104.0,-625.0,14.0,-965.0,437.0
38.0,,334.0,124.0,-11.0,-97.0,-116.0,-5.0,-931.0,359.0
5.0,,329.0,246.0,44.0,-91.0,139.0,157.0,-871.0,296.0
-18.0,,270.0,352.0,69.0,-148.0,-229.0,-134.0,-798.0,243.0
19.0,,244.0,417.0,47.0,-189.0,-571.0,199.0,-696.0,190.0
54.0,,214.0,415.0,-4.0,-119.0,-455.0,-116.0,-577.0,153.0
71.0,,119.0,370.0,-68.0,3.0,-193.0,3.0,-443.0,105.0
102.0,,48.0,277.0,-142.0,4.0,-232.0,-33.0,-302.0,91.0
162.0,,-51.0,177.0,-207.0,-32.0,-413.0,-201.0,-154.0,87.0
223.0,,-133.0,104.0,-254.0,-35.0,-313.0,96.0,-12.0,111.0
259.0,,-206.0,33.0,-287.0,34.0,-186.0,-177.0,117.0,188.0
296.0,,-294.0,-24.0,-304.0,108.0,-339.0,86.0,212.0,287.0
347.0,,-324.0,-55.0,-301.0,41.0,-450.0,-210.0,253.0,425.0
379.0,,-345.0,-39.0,-251.0,58.0,-290.0,-267.0,261.0,581.0
375.0,,-363.0,-17.0,-185.0,161.0,-117.0,-194.0,231.0,752.0
363.0,,-361.0,-8.0,-135.0,196.0,-292.0,-397.0,185.0,938.0
347.0,,-347.0,18.0,-94.0,173.0,-474.0,42.0,123.0,1083.0
327.0,,-333.0,11.0,-59.0,95.0,-274.0,-145.0,56.0,1206.0
286.0,,-325.0,-32.0,-31.0,173.0,-227.0,136.0,15.0,1305.0
226.0,,-308.0,-102.0,-6.0,264.0,-333.0,33.0,-3.0,1350.0
165.0,,-294.0,-181.0,41.0,212.0,-215.0,-155.0,-25.0,1359.0
101.0,,-263.0,-246.0,104.0,212.0,-366.0,12.0,-40.0,1301.0
57.0,,-262.0,-263.0,144.0,227.0,-489.0,-310.0,-38.0,1209.0
5.0,,-269.0,-249.0,154.0,215.0,-213.0,24.0,-37.0,1060.0
-28.0,,-259.0,-248.0,131.0,188.0,-77.0,-166.0,-24.0,870.0
-23.0,,-262.0,-238.0,73.0,186.0,-246.0,-48.0,-20.0,698.0
-10.0,,-265.0,-255.0,1.0,221.0,-402.0,20.0,-23.0,523.0
-8.0,,-283.0,-277.0,-83.0,196.0,-321.0,-153.0,-26.0,403.0
-27.0,,-275.0,-289.0,-164.0,98.0,-352.0,173.0,-41.0,313.0
-45.0,,-278.0,-290.0,-207.0,67.0,-397.0,-184.0,-39.0,244.0
-66.0,,-295.0,-271.0,-210.0,121.0,-392.0,3.0,-8.0,216.0
-99.0,,-300.0,-240.0,-178.0,158.0,-496.0,-153.0,17.0,208.0
-148.0,,-330.0,-200.0,-128.0,188.0,-478.0,-192.0,56.0,210.0
-186.0,,-337.0,-214.0,-61.0,158.0,-453.0,0.0,127.0,210.0
-191.0,,-350.0,-245.0,-29.0,148.0,-398.0,-286.0,197.0,233.0
-187.0,,-403.0,-273.0,-26.0,181.0,-389.0,-11.0,300.0,250.0
-178.0,,-438.0,-309.0,-10.0,111.0,-648.0,-328.0,410.0,243.0
-147.0,,-480.0,-310.0,-5.0,109.0,-782.0,-223.0,510.0,218.0
-108.0,,-537.0,-265.0,-13.0,198.0,-553.0,-253.0,625.0,169.0
-89.0,,-599.0,-214.0,-19.0,164.0,-459.0,-367.0,706.0,95.0
-75.0,,-662.0,-169.0,0.0,68.0,-434.0,-38.0,764.0,2.0
-73.0,,-690.0,-90.0,37.0,22.0,-313.0,-315.0,802.0,-110.0
-68.0,,-714.0,-10.0,81.0,54.0,-462.0,38.0,823.0,-241.0
-62.0,,-727.0,58.0,133.0,89.0,-582.0,-66.0,840.0,-351.0
-75.0,,-701.0,89.0,174.0,37.0,-438.0,-9.0,834.0,-453.0
-72.0,,-652.0,93.0,195.0,30.0,-340.0,147.0,803.0,-532.0
-55.0,,-601.0,109.0,197.0,133.0,-394.0,-114.0,777.0,-594.0
-34.0,,-549.0,103.0,185.0,141.0,-395.0,116.0,728.0,-635.0
-48.0,,-473.0,74.0,158.0,22.0,-464.0,-262.0,646.0,-618.0
-75.0,,-399.0,38.0,119.0,-33.0,-533.0,-131.0,559.0,-553.0
-51.0,,-334.0,13.0,95.0,33.0,-493.0,-205.0,442.0,-435.0
-24.0,,-282.0,-1.0,103.0,84.0,-559.0,-238.0,307.0,-272.0
-34.0,,-216.0,-20.0,125.0,20.0,-576.0,29.0,164.0,-81.0
-67.0,,-135.0,-37.0,140.0,-42.0,-544.0,-321.0,39.0,104.0
-97.0,,-91.0,-49.0,149.0,-5.0,-335.0,-60.0,-68.0,273.0
-116.0,,-38.0,-62.0,144.0,58.0,-116.0,-277.0,-161.0,400.0
-147.0,,18.0,-62.0,103.0,41.0,-338.0,-169.0,-231.0,447.0
-210.0,,61.0,-26.0,46.0,-27.0,-642.0,-94.0,-282.0,440.0
-262.0,,122.0,49.0,-5.0,-83.0,-489.0,-236.0,-313.0,425.0
-300.0,,150.0,141.0,-37.0,-81.0,-176.0,175.0,-322.0,366.0
-344.0,,205.0,226.0,-49.0,-93.0,-312.0,-14.0,-308.0,248.0
-369.0,,268.0,304.0,-44.0,-183.0,-472.0,301.0,-289.0,146.0
-372.0,,283.0,370.0,-29.0,-223.0,-339.0,164.0,-238.0,50.0
-391.0,,313.0,418.0,-24.0,-208.0,-297.0,96.0,-176.0,-52.0
-427.0,,302.0,415.0,-24.0,-208.0,-386.0,197.0,-121.0,-139.0
-437.0,,299.0,377.0,-40.0,-258.0,-384.0,-203.0,-64.0,-209.0
-436.0,,285.0,307.0,-86.0,-347.0,-291.0,18.0,-24.0,-217.0
-432.0,,234.0,178.0,-141.0,-323.0,-314.0,-288.0,39.0,-187.0
-435.0,,222.0,6.0,-197.0,-302.0,-306.0,-136.0,94.0,-157.0
-443.0,,208.0,-172.0,-238.0,-383.0,-190.0,-144.0,144.0,-109.0
-430.0,,194.0,-332.0,-246.0,-330.0,-217.0,-319.0,199.0,-67.0
-422.0,,182.0,-466.0,-236.0,-306.0,-348.0,-97.0,228.0,-48.0
-444.0,,176.0,-549.0,-207.0,-361.0,-352.0,-443.0,252.0,-62.0
-479.0,,165.0,-543.0,-165.0,-361.0,-227.0,-86.0,268.0,-96.0
-496.0,,168.0,-474.0,-141.0,-400.0,-135.0,-168.0,267.0,-134.0
-501.0,,152.0,-395.0,-131.0,-359.0,-65.0,-42.0,238.0,-196.0
-526.0,,122.0,-307.0,-137.0,-307.0,-103.0,153.0,182.0,-261.0
-533.0,,135.0,-192.0,-159.0,-363.0,-302.0,-134.0,115.0,-329.0
-504.0,,97.0,-81.0,-181.0,-400.0,-373.0,109.0,35.0,-404.0
-483.0,,84.0,2.0,-178.0,-349.0,-221.0,-297.0,-69.0,-481.0
-484.0,,79.0,75.0,-154.0,-394.0,36.0,-182.0,-173.0,-565.0
-507.0,,58.0,131.0,-113.0,-465.0,37.0,-256.0,-252.0,-639.0
-485.0,,85.0,173.0,-52.0,-423.0,-285.0,-388.0,-317.0,-722.0
-445.0,,77.0,169.0,-9.0,-393.0,-287.0,-160.0,-361.0,-781.0
-462.0,,93.0,101.0,34.0,-296.0,-41.0,-497.0,-382.0,-811.0
-462.0,,132.0,20.0,82.0,-335.0,-29.0,-229.0,-382.0,-858.0
-425.0,,157.0,-37.0,109.0,-448.0,-60.0,-460.0,-356.0,-904.0
-382.0,,199.0,-80.0,137.0,-366.0,114.0,-349.0,-321.0,-920.0
-371.0,,239.0,-128.0,164.0,-321.0,314.0,-225.0,-286.0,-929.0
-370.0,,267.0,-158.0,182.0,-348.0,163.0,-424.0,-253.0,-934.0
-320.0,,300.0,-168.0,171.0,-418.0,-161.0,-75.0,-212.0,-905.0
-270.0,,314.0,-186.0,150.0,-430.0,-228.0,-334.0,-163.0,-858.0
-235.0,,314.0,-204.0,121.0,-317.0,-62.0,-59.0,-131.0,-781.0
-198.0,,324.0,-199.0,79.0,-371.0,267.0,-144.0,-101.0,-682.0
-147.0,,303.0,-171.0,46.0,-497.0,385.0,-243.0,-82.0,-557.0
-72.0,,292.0,-127.0,7.0,-456.0,119.0,-160.0,-60.0,-408.0
-24.0,,260.0,-102.0,-35.0,-409.0,24.0,-567.0,-37.0,-276.0
0.0,,219.0,-122.0,-66.0,-372.0,77.0,-334.0,-28.0,-165.0
33.0,,201.0,-152.0,-79.0,-340.0,45.0,-628.0,9.0,-112.0
93.0,,152.0,-176.0,-79.0,-304.0,111.0,-500.0,41.0,-103.0
153.0,,111.0,-197.0,-57.0,-229.0,221.0,-554.0,62.0,-130.0
168.0,,108.0,-213.0,-30.0,-259.0,195.0,-770.0,92.0,-234.0
168.0,,84.0,-215.0,-30.0,-299.0,135.0,-463.0,95.0,-358.0
178.0,,70.0,-222.0,-53.0,-262.0,164.0,-713.0,104.0,-484.0
188.0,,85.0,-250.0,-87.0,-189.0,115.0,-351.0,114.0,-644.0
160.0,,71.0,-288.0,-104.0,-154.0,22.0,-489.0,104.0,-787.0
137.0,,92.0,-318.0,-106.0,-179.0,8.0,-493.0,96.0,-886.0
139.0,,84.0,-338.0,-98.0,-215.0,43.0,-382.0,81.0,-950.0
117.0,,60.0,-349.0,-59.0,-210.0,157.0,-635.0,69.0,-970.0
65.0,,59.0,-324.0,-1.0,-156.0,267.0,-301.0,63.0,-954.0
3.0,,12.0,-287.0,45.0,-185.0,179.0,-580.0,67.0,-909.0
-27.0,,-30.0,-235.0,76.0,-125.0,51.0,-404.0,80.0,-856.0
-67.0,,-85.0,-162.0,87.0,-27.0,123.0,-561.0,106.0,-819.0
-128.0,,-139.0,-102.0,69.0,-25.0,171.0,-790.0,140.0,-807.0
-170.0,,-206.0,-60.0,54.0,10.0,238.0,-598.0,176.0,-816.0
-175.0,,-294.0,-69.0,54.0,20.0,368.0,-866.0,231.0,-839.0
-181.0,,-372.0,-107.0,60.0,81.0,169.0,-452.0,279.0,-883.0
-235.0,,-452.0,-145.0,73.0,120.0,-125.0,-604.0,334.0,-930.0
-291.0,,-523.0,-163.0,89.0,46.0,-69.0,-537.0,401.0,-985.0
-323.0,,-580.0,-159.0,102.0,32.0,152.0,-480.0,463.0,-1053.0
-346.0,,-622.0,-166.0,115.0,36.0,220.0,-763.0,522.0,-1091.0
-387.0,,-653.0,-159.0,134.0,47.0,154.0,-515.0,568.0,-1089.0
-463.0,,-665.0,-110.0,162.0,103.0,129.0,-825.0,623.0,-1065.0
-515.0,,-663.0,-20.0,194.0,105.0,172.0,-500.0,654.0,-1006.0
-514.0,,-650.0,74.0,206.0,154.0,218.0,-493.0,652.0,-900.0
-532.0,,-628.0,150.0,211.0,210.0,273.0,-545.0,627.0,-767.0
-586.0,,-595.0,217.0,220.0,171.0,260.0,-408.0,582.0,-599.0
-609.0,,-575.0,276.0,222.0,202.0,169.0,-776.0,523.0,-428.0
-605.0,,-557.0,275.0,234.0,252.0,124.0,-493.0,472.0,-262.0
-617.0,,-527.0,212.0,225.0,234.0,85.0,-757.0,433.0,-89.0
-643.0,,-500.0,159.0,190.0,212.0,79.0,-628.0,393.0,32.0
-644.0,,-460.0,89.0,147.0,172.0,134.0,-574.0,375.0,123.0
-602.0,,-440.0,-12.0,74.0,160.0,148.0,-740.0,366.0,180.0
-555.0,,-399.0,-134.0,-22.0,256.0,115.0,-424.0,370.0,199.0
-521.0,,-354.0,-274.0,-124.0,321.0,146.0,-663.0,390.0,202.0
-472.0,,-329.0,-363.0,-210.0,283.0,231.0,-327.0,426.0,175.0
-438.0,,-294.0,-363.0,-259.0,279.0,225.0,-445.0,462.0,136.0
-431.0,,-269.0,-289.0,-281.0,312.0,97.0,-447.0,462.0,66.0
-442.0,,-230.0,-179.0,-294.0,352.0,-21.0,-351.0,463.0,-10.0
-440.0,,-227.0,-71.0,-311.0,260.0,-23.0,-679.0,460.0,-97.0
-443.0,,-216.0,6.0,-322.0,187.0,-5.0,-388.0,435.0,-192.0
-497.0,,-174.0,69.0,-299.0,302.0,23.0,-667.0,414.0,-262.0
-533.0,,-163.0,103.0,-240.0,265.0,118.0,-443.0,377.0,-329.0
-551.0,,-139.0,80.0,-162.0,200.0,116.0,-423.0,340.0,-375.0
-566.0,,-100.0,27.0,-96.0,265.0,-12.0,-500.0,327.0,-422.0
-577.0,,-83.0,-58.0,-51.0,250.0,-129.0,-232.0,302.0,-460.0
-579.0,,-58.0,-134.0,-13.0,246.0,-166.0,-563.0,268.0,-491.0
-564.0,,-19.0,-191.0,16.0,228.0,-76.0,-291.0,231.0,-517.0
-526.0,,0.0,-228.0,42.0,166.0,127.0,-533.0,189.0,-527.0
-466.0,,41.0,-217.0,56.0,233.0,247.0,-404.0,150.0,-561.0
-448.0,,71.0,-194.0,74.0,266.0,110.0,-242.0,112.0,-613.0
-442.0,,75.0,-173.0,122.0,193.0,-120.0,-517.0,64.0,-693.0
-412.0,,107.0,-170.0,165.0,200.0,-265.0,-249.0,5.0,-750.0
-392.0,,123.0,-206.0,198.0,202.0,-310.0,-633.0,-39.0,-795.0
-418.0,,135.0,-273.0,216.0,188.0,-147.0,-482.0,-69.0,-848.0
-460.0,,162.0,-343.0,211.0,241.0,48.0,-548.0,-90.0,-843.0
-466.0,,181.0,-420.0,197.0,232.0,52.0,-543.0,-97.0,-821.0
-477.0,,207.0,-491.0,177.0,213.0,-18.0,-277.0,-85.0,-765.0
-502.0,,244.0,-553.0,149.0,256.0,-127.0,-530.0,-93.0,-677.0
-528.0,,286.0,-602.0,98.0,196.0,-201.0,-212.0,-113.0,-588.0
-525.0,,329.0,-605.0,53.0,189.0,-101.0,-491.0,-138.0,-520.0
-507.0,,382.0,-600.0,21.0,283.0,34.0,-323.0,-192.0,-472.0
-498.0,,432.0,-561.0,-22.0,305.0,9.0,-236.0,-253.0,-436.0
-477.0,,472.0,-473.0,-61.0,285.0,-38.0,-421.0,-317.0,-433.0
-441.0,,511.0,-385.0,-91.0,162.0,10.0,-129.0,-381.0,-412.0
-384.0,,541.0,-315.0,-114.0,169.0,-17.0,-454.0,-443.0,-385.0
-313.0,,570.0,-258.0,-142.0,279.0,-110.0,-214.0,-504.0,-342.0
-235.0,,569.0,-177.0,-170.0,199.0,-35.0,-352.0,-554.0,-244.0
-172.0,,561.0,-107.0,-179.0,149.0,120.0,-299.0,-580.0,-123.0
-122.0,,543.0,-89.0,-176.0,169.0,90.0,-101.0,-584.0,11.0
-103.0,,498.0,-92.0,-168.0,194.0,-16.0,-347.0,-585.0,149.0
-96.0,,454.0,-105.0,-144.0,194.0,12.0,-46.0,-560.0,280.0
-72.0,,386.0,-146.0,-101.0,114.0,77.0,-439.0,-514.0,411.0
-67.0,,344.0,-199.0,-69.0,114.0,70.0,-310.0,-455.0,531.0
-75.0,,297.0,-237.0,-58.0,151.0,64.0,-303.0,-379.0,613.0
-68.0,,243.0,-283.0,-73.0,90.0,34.0,-351.0,-298.0,658.0
-31.0,,226.0,-334.0,-129.0,52.0,-51.0,-27.0,-216.0,655.0
4.0,,216.0,-372.0,-200.0,80.0,-52.0,-312.0,-153.0,603.0
26.0,,212.0,-387.0,-259.0,98.0,83.0,11.0,-105.0,539.0
47.0,,198.0,-385.0,-288.0,104.0,246.0,-155.0,-80.0,426.0
80.0,,194.0,-383.0,-284.0,34.0,252.0,-49.0,-71.0,282.0
118.0,,188.0,-381.0,-263.0,-8.0,122.0,-1.0,-40.0,119.0
152.0,,206.0,-385.0,-205.0,91.0,42.0,-277.0,-25.0,-68.0
207.0,,222.0,-365.0,-102.0,91.0,42.0,1.0,-15.0,-249.0
254.0,,204.0,-325.0,7.0,0.0,162.0,-330.0,5.0,-434.0
275.0,,214.0,-296.0,86.0,8.0,302.0,-70.0,2.0,-594.0
282.0,,208.0,-253.0,136.0,20.0,250.0,-173.0,0.0,-723.0
272.0,,178.0,-197.0,171.0,34.0,91.0,-242.0,-3.0,-823.0
271.0,,144.0,-162.0,183.0,3.0,0.0,-5.0,-13.0,-890.0
287.0,,116.0,-159.0,191.0,-70.0,37.0,-284.0,-38.0,-922.0
259.0,,87.0,-194.0,194.0,12.0,149.0,44.0,-72.0,-893.0
202.0,,37.0,-249.0,177.0,22.0,229.0,-203.0,-104.0,-809.0
182.0,,6.0,-293.0,152.0,-91.0,224.0,-94.0,-135.0,-703.0
190.0,,-15.0,-314.0,121.0,-84.0,115.0,-35.0,-164.0,-570.0
172.0,,-58.0,-347.0,108.0,-110.0,17.0,-162.0,-194.0,-427.0
111.0,,-86.0,-409.0,107.0,-142.0,66.0,145.0,-205.0,-308.0
76.0,,-125.0,-481.0,77.0,-173.0,198.0,-175.0,-184.0,-201.0
58.0,,-163.0,-555.0,59.0,-262.0,292.0,62.0,-143.0,-145.0
17.0,,-165.0,-589.0,78.0,-275.0,303.0,-112.0,-90.0,-133.0
-31.0,,-188.0,-590.0,103.0,-306.0,300.0,-110.0,0.0,-152.0
-56.0,,-189.0,-551.0,129.0,-334.0,299.0,103.0,108.0,-209.0
-64.0,,-165.0,-442.0,122.0,-315.0,276.0,-133.0,220.0,-273.0
-101.0,,-125.0,-304.0,93.0,-330.0,269.0,214.0,336.0,-344.0
-134.0,,-80.0,-173.0,69.0,-310.0,262.0,-38.0,442.0,-379.0
-164.0,,-45.0,-47.0,64.0,-331.0,255.0,120.0,523.0,-383.0
-208.0,,19.0,63.0,103.0,-429.0,224.0,129.0,577.0,-369.0
-249.0,,70.0,150.0,169.0,-430.0,164.0,-1.0,588.0,-322.0
-296.0,,110.0,211.0,250.0,-428.0,171.0,251.0,566.0,-275.0
-356.0,,140.0,240.0,329.0,-456.0,235.0,-18.0,528.0,-225.0
-419.0,,155.0,232.0,360.0,-431.0,308.0,310.0,459.0,-200.0
-456.0,,173.0,164.0,335.0,-482.0,296.0,144.0,369.0,-217.0
-477.0,,165.0,46.0,275.0,-503.0,225.0,186.0,269.0,-250.0
-507.0,,141.0,-107.0,195.0,-494.0,252.0,319.0,173.0,-283.0
-526.0,,122.0,-281.0,116.0,-617.0,274.0,103.0,87.0,-326.0
-503.0,,96.0,-434.0,48.0,-589.0,225.0,391.0,10.0,-374.0
-476.0,,68.0,-541.0,-3.0,-471.0,136.0,86.0,-52.0,-398.0
-479.0,,47.0,-594.0,-43.0,-548.0,57.0,321.0,-100.0,-373.0
-456.0,,31.0,-616.0,-68.0,-600.0,139.0,230.0,-137.0,-317.0
-406.0,,43.0,-605.0,-82.0,-619.0,289.0,125.0,-185.0,-251.0
-351.0,,66.0,-561.0,-99.0,-594.0,313.0,330.0,-229.0,-157.0
-313.0,,79.0,-465.0,-111.0,-535.0,213.0,7.0,-261.0,-77.0
-285.0,,121.0,-318.0,-85.0,-636.0,99.0,330.0,-308.0,-20.0
-242.0,,169.0,-178.0,-25.0,-651.0,60.0,83.0,-349.0,4.0
-207.0,,188.0,-61.0,38.0,-552.0,90.0,218.0,-382.0,-1.0
-199.0,,217.0,22.0,89.0,-580.0,168.0,345.0,-397.0,-20.0
-214.0,,227.0,67.0,121.0,-671.0,272.0,121.0,-404.0,-74.0
-212.0,,249.0,68.0,141.0,-688.0,330.0,397.0,-413.0,-147.0
-192.0,,266.0,38.0,165.0,-648.0,306.0,75.0,-402.0,-227.0
-196.0,,232.0,7.0,179.0,-597.0,170.0,299.0,-375.0,-280.0
-217.0,,233.0,-6.0,171.0,-652.0,-9.0,153.0,-326.0,-326.0
-220.0,,209.0,-55.0,117.0,-719.0,-87.0,103.0,-274.0,-359.0
-210.0,,174.0,-159.0,36.0,-631.0,6.0,249.0,-212.0,-349.0
-214.0,,152.0,-252.0,-17.0,-638.0,184.0,-88.0,-128.0,-316.0
-217.0,,99.0,-339.0,-58.0,-747.0,325.0,258.0,-49.0,-254.0
-205.0,,81.0,-426.0,-92.0,-755.0,409.0,36.0,31.0,-173.0
-170.0,,47.0,-503.0,-105.0,-676.0,404.0,210.0,92.0,-109.0
-130.0,,0.0,-553.0,-101.0,-596.0,333.0,238.0,125.0,-48.0
-110.0,,-32.0,-532.0,-81.0,-650.0,260.0,-29.0,138.0,31.0
-81.0,,-58.0,-456.0,-43.0,-726.0,176.0,195.0,123.0,97.0
-28.0,,-78.0,-366.0,22.0,-618.0,115.0,-114.0,87.0,145.0
23.0,,-93.0,-254.0,93.0,-571.0,176.0,160.0,46.0,173.0
80.0,,-85.0,-145.0,151.0,-666.0,249.0,42.0,13.0,192.0
133.0,,-70.0,-63.0,197.0,-641.0,183.0,36.0,-21.0,197.0
180.0,,-24.0,-21.0,227.0,-623.0,111.0,145.0,-37.0,175.0
235.0,,14.0,-6.0,227.0,-640.0,163.0,-105.0,-39.0,166.0
268.0,,77.0,-14.0,189.0,-675.0,257.0,262.0,-38.0,155.0
281.0,,168.0,-63.0,118.0,-755.0,298.0,-1.0,-19.0,130.0
267.0,,237.0,-128.0,30.0,-651.0,229.0,166.0,14.0,98.0
239.0,,326.0,-211.0,-37.0,-561.0,96.0,158.0,52.0,74.0
213.0,,405.0,-291.0,-90.0,-619.0,134.0,33.0,100.0,66.0
134.0,,448.0,-370.0,-122.0,-636.0,365.0,308.0,139.0,70.0
37.0,,486.0,-488.0,-120.0,-630.0,450.0,42.0,147.0,93.0
-29.0,,486.0,-655.0,-107.0,-595.0,223.0,358.0,151.0,118.0
-77.0,,456.0,-821.0,-85.0,-588.0,-21.0,190.0,133.0,165.0
-114.0,,428.0,-936.0,-63.0,-675.0,2.0,221.0,85.0,221.0
-133.0,,384.0,-998.0,-53.0,-649.0,190.0,299.0,9.0,275.0
-144.0,,329.0,-997.0,-63.0,-558.0,278.0,68.0,-81.0,304.0
-151.0,,282.0,-975.0,-102.0,-611.0,143.0,439.0,-166.0,302.0
-118.0,,238.0,-982.0,-153.0,-623.0,-93.0,179.0,-271.0,274.0
-58.0,,196.0,-976.0,-176.0,-581.0,-206.0,415.0,-364.0,196.0
-22.0,,174.0,-927.0,-169.0,-569.0,-91.0,378.0,-433.0,117.0
-5.0,,166.0,-865.0,-152.0,-548.0,56.0,323.0,-473.0,-6.0
37.0,,161.0,-804.0,-141.0,-611.0,57.0,594.0,-493.0,-187.0
82.0,,179.0,-764.0,-122.0,-590.0,-14.0,266.0,-499.0,-352.0
99.0,,192.0,-742.0,-98.0,-524.0,-112.0,565.0,-485.0,-506.0
97.0,,182.0,-701.0,-68.0,-536.0,-144.0,345.0,-455.0,-628.0
120.0,,170.0,-660.0,-22.0,-557.0,-66.0,480.0,-382.0,-714.0
152.0,,150.0,-628.0,18.0,-579.0,27.0,628.0,-301.0,-751.0
168.0,,108.0,-601.0,50.0,-505.0,10.0,443.0,-227.0,-695.0
202.0,,65.0,-542.0,67.0,-455.0,-183.0,672.0,-147.0,-584.0
223.0,,29.0,-453.0,82.0,-481.0,-418.0,249.0,-75.0,-428.0
239.0,,-26.0,-364.0,100.0,-428.0,-440.0,473.0,-8.0,-193.0
250.0,,-70.0,-259.0,103.0,-330.0,-136.0,363.0,50.0,57.0
260.0,,-106.0,-147.0,95.0,-320.0,149.0,356.0,114.0,293.0
263.0,,-169.0,-34.0,98.0,-315.0,120.0,563.0,171.0,512.0
248.0,,-189.0,44.0,117.0,-250.0,-107.0,279.0,216.0,680.0
243.0,,-218.0,93.0,125.0,-187.0,-277.0,596.0,240.0,779.0
208.0,,-254.0,105.0,140.0,-109.0,-199.0,293.0,246.0,811.0
154.0,,-240.0,53.0,178.0,-138.0,23.0,447.0,253.0,790.0
99.0,,-237.0,-29.0,218.0,-156.0,140.0,417.0,241.0,723.0
58.0,,-203.0,-86.0,237.0,-78.0,-30.0,195.0,233.0,647.0
7.0,,-161.0,-73.0,240.0,-95.0,-263.0,471.0,218.0,593.0
-59.0,,-105.0,-36.0,228.0,-173.0,-153.0,171.0,194.0,581.0
-88.0,,-36.0,0.0,211.0,-184.0,154.0,537.0,192.0,610.0
-90.0,,30.0,27.0,203.0,-110.0,121.0,452.0,189.0,677.0
-91.0,,121.0,48.0,189.0,-41.0,-275.0,473.0,175.0,797.0
-96.0,,172.0,88.0,173.0,-71.0,-498.0,569.0,152.0,915.0
-75.0,,239.0,115.0,169.0,-91.0,-268.0,267.0,115.0,1052.0
-43.0,,302.0,145.0,176.0,49.0,144.0,580.0,60.0,1192.0
-10.0,,323.0,149.0,193.0,97.0,277.0,310.0,3.0,1297.0
28.0,,346.0,114.0,210.0,21.0,60.0,526.0,-39.0,1376.0
72.0,,349.0,57.0,213.0,50.0,-243.0,461.0,-77.0,1373.0
119.0,,320.0,-44.0,204.0,92.0,-378.0,336.0,-105.0,1333.0
152.0,,269.0,-158.0,195.0,129.0,-297.0,602.0,-131.0,1263.0
174.0,,218.0,-252.0,199.0,104.0,-119.0,262.0,-161.0,1146.0
173.0,,127.0,-333.0,218.0,32.0,28.0,545.0,-200.0,1009.0
169.0,,73.0,-404.0,251.0,82.0,61.0,360.0,-227.0,888.0
159.0,,10.0,-451.0,264.0,99.0,18.0,497.0,-249.0,802.0
147.0,,-81.0,-437.0,237.0,41.0,-128.0,639.0,-260.0,748.0
150.0,,-107.0,-356.0,193.0,37.0,-252.0,423.0,-244.0,730.0
160.0,,-164.0,-248.0,124.0,98.0,-145.0,689.0,-217.0,744.0
165.0,,-186.0,-123.0,50.0,147.0,55.0,343.0,-160.0,803.0
160.0,,-199.0,-15.0,-13.0,61.0,119.0,550.0,-116.0,879.0
182.0,,-211.0,7.0,-73.0,6.0,-28.0,406.0,-79.0,937.0
188.0,,-175.0,-22.0,-108.0,46.0,-197.0,365.0,-42.0,983.0
194.0,,-165.0,-75.0,-115.0,84.0,-184.0,574.0,-22.0,1016.0
232.0,,-117.0,-144.0,-94.0,37.0,-99.0,253.0,15.0,999.0
282.0,,-96.0,-208.0,-42.0,-41.0,-138.0,596.0,46.0,945.0
345.0,,-89.0,-255.0,26.0,37.0,-235.0,391.0,83.0,850.0
379.0,,-58.0,-280.0,75.0,89.0,-207.0,580.0,103.0,737.0
407.0,,-61.0,-281.0,85.0,66.0,-96.0,672.0,125.0,626.0
436.0,,-60.0,-249.0,59.0,59.0,-109.0,517.0,136.0,477.0
431.0,,-67.0,-186.0,13.0,115.0,-232.0,790.0,100.0,340.0
417.0,,-91.0,-102.0,-29.0,187.0,-323.0,419.0,60.0,225.0
427.0,,-118.0,-17.0,-49.0,110.0,-319.0,591.0,0.0,149.0
434.0,,-131.0,48.0,-36.0,47.0,-182.0,347.0,-61.0,105.0
411.0,,-152.0,73.0,0.0,56.0,-52.0,345.0,-125.0,86.0
400.0,,-158.0,67.0,29.0,93.0,-80.0,563.0,-185.0,112.0
400.0,,-135.0,31.0,51.0,104.0,-231.0,312.0,-225.0,127.0
385.0,,-144.0,-27.0,63.0,54.0,-242.0,644.0,-265.0,139.0
341.0,,-112.0,-86.0,61.0,86.0,0.0,380.0,-299.0,149.0
314.0,,-64.0,-139.0,59.0,113.0,144.0,556.0,-305.0,150.0
315.0,,-59.0,-155.0,36.0,60.0,90.0,537.0,-285.0,158.0
300.0,,-9.0,-186.0,7.0,14.0,-34.0,410.0,-258.0,161.0
299.0,,38.0,-250.0,2.0,23.0,-140.0,661.0,-215.0,165.0
297.0,,65.0,-312.0,9.0,97.0,-114.0,421.0,-154.0,163.0
285.0,,128.0,-359.0,31.0,96.0,-25.0,818.0,-89.0,153.0
265.0,,168.0,-381.0,58.0,18.0,47.0,637.0,-39.0,145.0
234.0,,193.0,-418.0,71.0,19.0,47.0,648.0,-3.0,138.0
200.0,,229.0,-464.0,80.0,94.0,-115.0,691.0,23.0,150.0
179.0,,241.0,-511.0,84.0,55.0,-356.0,395.0,40.0,186.0
183.0,,251.0,-559.0,78.0,-76.0,-417.0,698.0,35.0,214.0
157.0,,248.0,-623.0,70.0,-79.0,-232.0,389.0,17.0,244.0
108.0,,219.0,-703.0,36.0,-26.0,15.0,596.0,-8.0,299.0
61.0,,181.0,-757.0,-35.0,-2.0,79.0,533.0,-24.0,354.0
30.0,,149.0,-811.0,-145.0,-75.0,-162.0,412.0,-22.0,404.0
-2.0,,94.0,-873.0,-281.0,-139.0,-375.0,600.0,-20.0,453.0
-56.0,,46.0,-941.0,-417.0,-71.0,-303.0,338.0,21.0,488.0
-81.0,,0.0,-971.0,-528.0,-87.0,-33.0,746.0,78.0,493.0
-84.0,,-55.0,-934.0,-599.0,-137.0,210.0,611.0,128.0,490.0
-93.0,,-104.0,-854.0,-627.0,-98.0,159.0,722.0,181.0,436.0
-88.0,,-159.0,-693.0,-605.0,-50.0,-109.0,750.0,227.0,359.0
-53.0,,-186.0,-485.0,-546.0,-78.0,-325.0,474.0,271.0,315.0
-27.0,,-221.0,-295.0,-473.0,-120.0,-363.0,705.0,304.0,267.0
-17.0,,-247.0,-133.0,-412.0,-121.0,-335.0,413.0,322.0,232.0
3.0,,-262.0,8.0,-373.0,-91.0,-330.0,713.0,316.0,194.0
9.0,,-274.0,102.0,-345.0,-101.0,-265.0,624.0,300.0,191.0
-7.0,,-269.0,136.0,-323.0,-199.0,-132.0,585.0,268.0,190.0
-5.0,,-280.0,169.0,-296.0,-204.0,-91.0,705.0,238.0,177.0
-11.0,,-260.0,163.0,-258.0,-120.0,-310.0,419.0,216.0,209.0
-49.0,,-237.0,86.0,-206.0,-135.0,-566.0,772.0,187.0,234.0
-82.0,,-223.0,5.0,-113.0,-254.0,-492.0,469.0,160.0,284.0
-112.0,,-190.0,-59.0,10.0,-256.0,-149.0,624.0,124.0,363.0
-166.0,,-169.0,-162.0,143.0,-134.0,10.0,678.0,100.0,447.0
-225.0,,-162.0,-290.0,261.0,-141.0,-123.0,526.0,91.0,540.0
-253.0,,-124.0,-369.0,316.0,-228.0,-260.0,794.0,73.0,618.0
-287.0,,-116.0,-398.0,318.0,-237.0,-319.0,445.0,52.0,684.0
-339.0,,-96.0,-393.0,312.0,-159.0,-328.0,668.0,37.0,740.0
-388.0,,-62.0,-370.0,293.0,-77.0,-275.0,467.0,17.0,800.0
-418.0,,-74.0,-308.0,253.0,-194.0,-91.0,533.0,3.0,853.0
-449.0,,-49.0,-185.0,188.0,-285.0,85.0,740.0,-7.0,899.0
-493.0,,-67.0,-34.0,113.0,-129.0,-9.0,509.0,-23.0,947.0
-502.0,,-75.0,121.0,56.0,-62.0,-249.0,809.0,-25.0,987.0
-485.0,,-72.0,272.0,19.0,-99.0,-396.0,460.0,-52.0,1011.0
-476.0,,-92.0,401.0,-10.0,-166.0,-316.0,626.0,-101.0,1027.0
-469.0,,-84.0,474.0,-27.0,-161.0,-142.0,587.0,-144.0,1055.0
-445.0,,-73.0,505.0,-37.0,-55.0,-149.0,530.0,-194.0,1057.0
-406.0,,-57.0,507.0,-47.0,-93.0,-299.0,853.0,-251.0,1045.0
-388.0,,-39.0,471.0,-39.0,-156.0,-436.0,578.0,-335.0,1055.0
-369.0,,-11.0,425.0,-8.0,-129.0,-420.0,886.0,-419.0,1041.0
-334.0,,1.0,384.0,36.0,-81.0,-311.0,635.0,-487.0,1033.0
-294.0,,51.0,353.0,81.0,-62.0,-208.0,659.0,-555.0,1026.0
-245.0,,60.0,328.0,129.0,-20.0,-207.0,711.0,-588.0,1023.0
-199.0,,60.0,305.0,183.0,18.0,-399.0,515.0,-607.0,1013.0
-141.0,,112.0,296.0,240.0,15.0,-539.0,864.0,-616.0,973.0
-84.0,,120.0,288.0,303.0,56.0,-446.0,554.0,-600.0,952.0
-35.0,,134.0,291.0,354.0,31.0,-215.0,801.0,-578.0,926.0
0.0,,151.0,274.0,376.0,34.0,-108.0,678.0,-546.0,890.0
14.0,,174.0,214.0,353.0,102.0,-233.0,607.0,-514.0,849.0
50.0,,193.0,169.0,293.0,54.0,-424.0,803.0,-485.0,800.0
93.0,,185.0,135.0,206.0,7.0,-480.0,452.0,-452.0,748.0
104.0,,196.0,98.0,113.0,40.0,-268.0,757.0,-423.0,683.0
90.0,,197.0,60.0,39.0,116.0,-14.0,517.0,-398.0,625.0
97.0,,171.0,3.0,-23.0,164.0,-63.0,667.0,-371.0,576.0
116.0,,175.0,-52.0,-74.0,96.0,-270.0,718.0,-340.0,527.0
101.0,,158.0,-83.0,-119.0,130.0,-234.0,500.0,-301.0,497.0
90.0,,132.0,-75.0,-161.0,285.0,7.0,770.0,-249.0,461.0
92.0,,130.0,-40.0,-173.0,273.0,71.0,386.0,-201.0,429.0
74.0,,102.0,-6.0,-161.0,164.0,-154.0,600.0,-171.0,421.0
56.0,,80.0,-2.0,-127.0,179.0,-385.0,478.0,-137.0,395.0
65.0,,69.0,-26.0,-63.0,286.0,-335.0,439.0,-101.0,366.0
70.0,,62.0,-68.0,15.0,352.0,-43.0,613.0,-72.0,338.0
40.0,,42.0,-112.0,98.0,321.0,126.0,314.0,-39.0,341.0
11.0,,29.0,-126.0,176.0,299.0,86.0,593.0,-9.0,357.0
6.0,,12.0,-121.0,226.0,390.0,31.0,315.0,11.0,370.0
-21.0,,-16.0,-134.0,224.0,375.0,-19.0,473.0,18.0,411.0
-80.0,,-32.0,-168.0,176.0,271.0,-123.0,489.0,18.0,453.0
-120.0,,-65.0,-205.0,135.0,299.0,-204.0,356.0,19.0,505.0
-155.0,,-74.0,-234.0,113.0,338.0,-73.0,631.0,14.0,564.0
-206.0,,-85.0,-258.0,118.0,360.0,108.0,256.0,12.0,632.0
-258.0,,-113.0,-308.0,138.0,300.0,103.0,441.0,7.0,670.0
-301.0,,-131.0,-363.0,154.0,302.0,76.0,173.0,1.0,657.0
-333.0,,-147.0,-384.0,163.0,442.0,154.0,134.0,5.0,610.0
-379.0,,-161.0,-380.0,151.0,403.0,283.0,267.0,23.0,534.0
-403.0,,-193.0,-365.0,124.0,321.0,340.0,22.0,46.0,419.0
-405.0,,-212.0,-342.0,85.0,327.0,233.0,327.0,62.0,279.0
-422.0,,-224.0,-319.0,43.0,417.0,22.0,9.0,82.0,150.0
-419.0,,-241.0,-289.0,14.0,450.0,-20.0,181.0,90.0,16.0
-396.0,,-268.0,-237.0,-7.0,309.0,263.0,140.0,103.0,-97.0
-368.0,,-288.0,-194.0,-28.0,258.0,598.0,86.0,124.0,-197.0
-334.0,,-286.0,-180.0,-41.0,332.0,591.0,380.0,136.0,-290.0
-306.0,,-293.0,-150.0,-55.0,388.0,311.0,18.0,145.0,-347.0
-273.0,,-295.0,-94.0,-78.0,320.0,146.0,227.0,168.0,-360.0
-238.0,,-295.0,-50.0,-98.0,294.0,172.0,-16.0,197.0,-349.0
-188.0,,-288.0,-21.0,-102.0,375.0,182.0,25.0,222.0,-327.0
-168.0,,-291.0,10.0,-82.0,361.0,185.0,38.0,265.0,-255.0
-180.0,,-305.0,36.0,-50.0,304.0,330.0,-240.0,296.0,-175.0
-154.0,,-307.0,55.0,-13.0,259.0,462.0,118.0,319.0,-107.0
-108.0,,-309.0,51.0,11.0,271.0,450.0,-84.0,341.0,-42.0
-103.0,,-316.0,51.0,23.0,304.0,398.0,221.0,357.0,-6.0
-111.0,,-328.0,84.0,30.0,254.0,350.0,125.0,371.0,1.0
-67.0,,-328.0,86.0,34.0,187.0,320.0,16.0,367.0,-7.0
-5.0,,-327.0,70.0,36.0,206.0,369.0,144.0,361.0,-25.0
30.0,,-306.0,70.0,11.0,287.0,451.0,-223.0,355.0,-50.0
45.0,,-270.0,72.0,-10.0,271.0,431.0,90.0,342.0,-80.0
70.0,,-234.0,32.0,-2.0,225.0,382.0,-147.0,325.0,-91.0
91.0,,-177.0,-55.0,16.0,285.0,400.0,-9.0,312.0,-92.0
95.0,,-120.0,-134.0,29.0,269.0,451.0,20.0,294.0,-89.0
99.0,,-84.0,-184.0,31.0,112.0,470.0,-256.0,258.0,-51.0
79.0,,-51.0,-200.0,20.0,43.0,414.0,-14.0,208.0,-19.0
71.0,,-23.0,-188.0,-9.0,89.0,383.0,-315.0,161.0,12.0
83.0,,-2.0,-165.0,-42.0,139.0,471.0,-48.0,99.0,41.0
84.0,,17.0,-131.0,-59.0,122.0,519.0,-157.0,56.0,51.0
63.0,,0.0,-89.0,-62.0,22.0,327.0,-153.0,29.0,63.0
36.0,,-6.0,-30.0,-47.0,13.0,129.0,0.0,-15.0,23.0
46.0,,0.0,23.0,-14.0,32.0,224.0,-267.0,-34.0,-57.0
49.0,,-44.0,57.0,24.0,-62.0,452.0,109.0,-50.0,-134.0
29.0,,-57.0,89.0,65.0,-71.0,479.0,-75.0,-68.0,-208.0
34.0,,-57.0,90.0,75.0,-27.0,320.0,110.0,-70.0,-288.0
27.0,,-65.0,94.0,32.0,-57.0,343.0,68.0,-87.0,-380.0
-10.0,,-50.0,128.0,-53.0,-80.0,547.0,-168.0,-118.0,-443.0
-54.0,,-33.0,166.0,-163.0,-154.0,612.0,66.0,-152.0,-482.0
-87.0,,7.0,179.0,-253.0,-162.0,497.0,-225.0,-185.0,-524.0
-122.0,,54.0,172.0,-311.0,-43.0,403.0,5.0,-215.0,-570.0
-174.0,,102.0,202.0,-329.0,-66.0,479.0,-242.0,-248.0,-605.0
-198.0,,137.0,236.0,-321.0,-158.0,711.0,-266.0,-293.0,-605.0
-219.0,,191.0,253.0,-300.0,-160.0,863.0,-116.0,-323.0,-587.0
-250.0,,234.0,279.0,-245.0,-115.0,636.0,-330.0,-336.0,-534.0
-285.0,,257.0,320.0,-167.0,-93.0,159.0,1.0,-345.0,-459.0
-302.0,,297.0,374.0,-100.0,-154.0,-54.0,-290.0,-346.0,-327.0
-302.0,,312.0,429.0,-72.0,-183.0,282.0,-133.0,-336.0,-149.0
-306.0,,346.0,499.0,-96.0,-141.0,768.0,-201.0,-318.0,21.0
-281.0,,365.0,546.0,-156.0,-129.0,838.0,-358.0,-297.0,226.0
-264.0,,389.0,550.0,-222.0,-212.0,527.0,-77.0,-265.0,423.0
-237.0,,412.0,553.0,-286.0,-233.0,274.0,-351.0,-232.0,627.0
-192.0,,420.0,545.0,-343.0,-150.0,361.0,-86.0,-208.0,797.0
-146.0,,454.0,495.0,-367.0,-150.0,659.0,-327.0,-179.0,879.0
-124.0,,440.0,406.0,-345.0,-225.0,850.0,-319.0,-148.0,924.0
-122.0,,420.0,266.0,-269.0,-260.0,722.0,-258.0,-125.0,914.0
-94.0,,416.0,103.0,-172.0,-187.0,413.0,-526.0,-86.0,849.0
-97.0,,389.0,-26.0,-70.0,-194.0,278.0,-225.0,-36.0,738.0
-134.0,,344.0,-116.0,36.0,-258.0,461.0,-580.0,9.0,584.0
-169.0,,309.0,-176.0,117.0,-202.0,711.0,-386.0,47.0,397.0
-200.0,,270.0,-188.0,166.0,-169.0,741.0,-426.0,80.0,213.0
-257.0,,209.0,-143.0,203.0,-220.0,609.0,-500.0,113.0,33.0
-315.0,,150.0,-86.0,229.0,-332.0,391.0,-249.0,115.0,-136.0
-332.0,,82.0,-39.0,231.0,-375.0,224.0,-545.0,103.0,-256.0
-352.0,,31.0,8.0,213.0,-265.0,285.0,-238.0,95.0,-341.0
-359.0,,-7.0,31.0,170.0,-244.0,448.0,-461.0,81.0,-387.0
-332.0,,-79.0,38.0,107.0,-384.0,531.0,-327.0,64.0,-380.0
-268.0,,-141.0,0.0,38.0,-408.0,445.0,-205.0,60.0,-330.0
-214.0,,-187.0,-69.0,-33.0,-348.0,324.0,-375.0,89.0,-258.0
-178.0,,-241.0,-123.0,-87.0,-335.0,347.0,-88.0,147.0,-157.0
-116.0,,-280.0,-197.0,-129.0,-367.0,406.0,-517.0,219.0,-41.0
-56.0,,-323.0,-272.0,-164.0,-457.0,547.0,-369.0,280.0,80.0
-2.0,,-340.0,-294.0,-173.0,-420.0,677.0,-548.0,319.0,209.0
63.0,,-357.0,-248.0,-167.0,-360.0,474.0,-613.0,331.0,309.0
134.0,,-391.0,-190.0,-149.0,-448.0,190.0,-391.0,315.0,416.0
171.0,,-391.0,-159.0,-115.0,-486.0,200.0,-678.0,273.0,514.0
214.0,,-389.0,-138.0,-72.0,-420.0,451.0,-347.0,228.0,564.0
279.0,,-369.0,-117.0,-18.0,-376.0,607.0,-589.0,159.0,571.0
319.0,,-353.0,-98.0,26.0,-417.0,427.0,-424.0,60.0,537.0
349.0,,-328.0,-78.0,58.0,-523.0,46.0,-389.0,-37.0,500.0
390.0,,-270.0,-38.0,82.0,-500.0,-210.0,-550.0,-131.0,412.0
442.0,,-232.0,-2.0,88.0,-375.0,-73.0,-232.0,-202.0,298.0
483.0,,-186.0,41.0,60.0,-418.0,310.0,-554.0,-274.0,185.0
516.0,,-137.0,92.0,8.0,-499.0,487.0,-271.0,-328.0,46.0
538.0,,-98.0,123.0,-42.0,-468.0,305.0,-397.0,-343.0,-75.0
529.0,,-56.0,131.0,-58.0,-440.0,-2.0,-338.0,-332.0,-207.0
499.0,,-34.0,109.0,-17.0,-447.0,-157.0,-125.0,-299.0,-340.0
474.0,,-16.0,67.0,39.0,-466.0,-24.0,-391.0,-274.0,-456.0
468.0,,-2.0,10.0,84.0,-431.0,353.0,-90.0,-237.0,-563.0
443.0,,-7.0,-51.0,89.0,-439.0,615.0,-380.0,-199.0,-640.0
406.0,,-5.0,-109.0,63.0,-528.0,531.0,-192.0,-182.0,-688.0
392.0,,-34.0,-159.0,16.0,-561.0,328.0,-203.0,-162.0,-704.0
389.0,,-58.0,-183.0,-39.0,-517.0,223.0,-321.0,-136.0,-707.0
372.0,,-78.0,-160.0,-60.0,-480.0,253.0,-68.0,-100.0,-687.0
332.0,,-121.0,-89.0,-69.0,-525.0,360.0,-365.0,-50.0,-663.0
309.0,,-169.0,-15.0,-66.0,-584.0,404.0,-49.0,-5.0,-648.0
289.0,,-210.0,24.0,-44.0,-598.0,327.0,-227.0,18.0,-647.0
243.0,,-231.0,48.0,-24.0,-521.0,137.0,-109.0,41.0,-673.0
201.0,,-257.0,60.0,-5.0,-524.0,-85.0,51.0,50.0,-692.0
171.0,,-260.0,46.0,17.0,-669.0,-116.0,-166.0,40.0,-743.0
141.0,,-251.0,21.0,51.0,-680.0,43.0,136.0,20.0,-814.0
120.0,,-217.0,-10.0,61.0,-557.0,120.0,-221.0,8.0,-885.0
97.0,,-201.0,-49.0,50.0,-525.0,93.0,-48.0,18.0,-970.0
84.0,,-181.0,-110.0,30.0,-665.0,26.0,-136.0,10.0,-1019.0
97.0,,-121.0,-176.0,6.0,-697.0,-81.0,-203.0,5.0,-1074.0
112.0,,-98.0,-196.0,6.0,-587.0,-115.0,72.0,25.0,-1092.0
117.0,,-42.0,-207.0,19.0,-574.0,0.0,-197.0,53.0,-1058.0
107.0,,-4.0,-257.0,18.0,-654.0,252.0,136.0,80.0,-1012.0
103.0,,31.0,-277.0,3.0,-681.0,332.0,-86.0,107.0,-910.0
100.0,,84.0,-280.0,-11.0,-614.0,87.0,24.0,121.0,-787.0
58.0,,119.0,-300.0,-12.0,-607.0,-123.0,110.0,127.0,-668.0
10.0,,150.0,-332.0,7.0,-679.0,-103.0,-72.0,125.0,-567.0
-6.0,,159.0,-352.0,23.0,-703.0,104.0,267.0,99.0,-484.0
-8.0,,169.0,-323.0,51.0,-629.0,414.0,-18.0,81.0,-419.0
-32.0,,147.0,-249.0,102.0,-645.0,549.0,219.0,54.0,-397.0
-50.0,,137.0,-155.0,144.0,-761.0,322.0,75.0,44.0,-382.0
-33.0,,119.0,-70.0,161.0,-822.0,-47.0,44.0,73.0,-377.0
-9.0,,93.0,33.0,139.0,-802.0,-217.0,266.0,101.0,-383.0
14.0,,74.0,141.0,95.0,-677.0,-113.0,27.0,156.0,-372.0
25.0,,26.0,194.0,60.0,-712.0,62.0,402.0,213.0,-360.0
47.0,,-2.0,202.0,49.0,-812.0,241.0,151.0,265.0,-333.0
64.0,,-28.0,188.0,61.0,-722.0,338.0,242.0,320.0,-283.0
78.0,,-84.0,146.0,72.0,-667.0,154.0,203.0,367.0,-219.0
105.0,,-129.0,79.0,60.0,-732.0,-98.0,-1.0,412.0,-126.0
106.0,,-176.0,8.0,18.0,-812.0,-92.0,277.0,440.0,-29.0
113.0,,-224.0,-59.0,-18.0,-759.0,64.0,-29.0,457.0,62.0
139.0,,-246.0,-95.0,-57.0,-664.0,68.0,258.0,465.0,125.0
151.0,,-302.0,-99.0,-93.0,-692.0,-28.0,138.0,469.0,144.0
157.0,,-302.0,-76.0,-101.0,-782.0,11.0,168.0,475.0,148.0
187.0,,-293.0,-17.0,-95.0,-807.0,195.0,338.0,486.0,125.0
241.0,,-300.0,35.0,-82.0,-736.0,274.0,101.0,474.0,84.0
258.0,,-245.0,60.0,-62.0,-776.0,46.0,480.0,440.0,10.0
248.0,,-223.0,65.0,-37.0,-851.0,-292.0,295.0,397.0,-63.0
262.0,,-172.0,62.0,-16.0,-812.0,-406.0,546.0,326.0,-108.0
255.0,,-109.0,49.0,-2.0,-744.0,-171.0,554.0,235.0,-153.0
207.0,,-77.0,25.0,7.0,-753.0,112.0,447.0,138.0,-164.0
152.0,,-32.0,-15.0,18.0,-855.0,141.0,678.0,42.0,-166.0
126.0,,11.0,-83.0,32.0,-811.0,-72.0,319.0,-50.0,-163.0
122.0,,40.0,-145.0,48.0,-695.0,-356.0,561.0,-134.0,-154.0
92.0,,52.0,-193.0,89.0,-774.0,-543.0,304.0,-216.0,-159.0
51.0,,81.0,-268.0,155.0,-866.0,-523.0,312.0,-305.0,-170.0
21.0,,89.0,-373.0,230.0,-820.0,-207.0,347.0,-394.0,-229.0
17.0,,89.0,-468.0,313.0,-727.0,230.0,107.0,-475.0,-311.0
-11.0,,69.0,-529.0,387.0,-717.0,476.0,513.0,-553.0,-411.0
-54.0,,68.0,-580.0,438.0,-822.0,377.0,312.0,-612.0,-523.0
-47.0,,75.0,-633.0,475.0,-788.0,79.0,570.0,-642.0,-622.0
-48.0,,36.0,-646.0,468.0,-670.0,-129.0,463.0,-662.0,-700.0
-55.0,,38.0,-608.0,405.0,-686.0,-132.0,352.0,-684.0,-729.0
-43.0,,11.0,-550.0,305.0,-716.0,7.0,591.0,-706.0,-725.0
-20.0,,-2.0,-508.0,158.0,-744.0,191.0,308.0,-696.0,-687.0
-11.0,,-11.0,-480.0,11.0,-657.0,381.0,558.0,-680.0,-632.0
-19.0,,-52.0,-425.0,-94.0,-521.0,383.0,238.0,-663.0,-549.0
8.0,,-71.0,-338.0,-159.0,-575.0,73.0,279.0,-615.0,-447.0
88.0,,-109.0,-244.0,-188.0,-617.0,-243.0,299.0,-570.0,-330.0
142.0,,-134.0,-143.0,-216.0,-539.0,-244.0,86.0,-524.0,-202.0
154.0,,-162.0,-59.0,-245.0,-484.0,58.0,430.0,-471.0,-142.0
182.0,,-174.0,-25.0,-284.0,-517.0,417.0,179.0,-442.0,-109.0
217.0,,-187.0,-10.0,-335.0,-513.0,545.0,467.0,-421.0,-99.0
248.0,,-188.0,-1.0,-370.0,-425.0,330.0,363.0,-390.0,-123.0
257.0,,-174.0,-17.0,-389.0,-366.0,36.0,312.0,-355.0,-172.0
295.0,,-181.0,-45.0,-378.0,-383.0,-56.0,445.0,-323.0,-265.0
359.0,,-146.0,-48.0,-332.0,-405.0,-21.0,120.0,-293.0,-375.0
399.0,,-131.0,-80.0,-253.0,-309.0,43.0,448.0,-250.0,-448.0
443.0,,-132.0,-183.0,-145.0,-279.0,184.0,208.0,-191.0,-475.0
483.0,,-123.0,-290.0,-44.0,-329.0,386.0,410.0,-148.0,-484.0
507.0,,-118.0,-385.0,40.0,-308.0,439.0,424.0,-124.0,-454.0
501.0,,-114.0,-488.0,101.0,-206.0,251.0,230.0,-121.0,-389.0
482.0,,-122.0,-566.0,144.0,-58.0,86.0,469.0,-130.0,-306.0
448.0,,-143.0,-575.0,185.0,-117.0,208.0,46.0,-139.0,-212.0
412.0,,-168.0,-526.0,209.0,-180.0,442.0,273.0,-145.0,-134.0
391.0,,-190.0,-435.0,235.0,-14.0,437.0,90.0,-153.0,-69.0
337.0,,-253.0,-331.0,260.0,68.0,135.0,112.0,-173.0,3.0
271.0,,-303.0,-216.0,272.0,-18.0,-177.0,251.0,-195.0,68.0
230.0,,-346.0,-110.0,287.0,-70.0,-132.0,-25.0,-218.0,94.0
211.0,,-408.0,-34.0,284.0,62.0,205.0,275.0,-215.0,75.0
180.0,,-453.0,59.0,233.0,187.0,418.0,-22.0,-186.0,34.0
131.0,,-500.0,159.0,145.0,114.0,373.0,243.0,-141.0,-44.0
109.0,,-505.0,198.0,34.0,26.0,260.0,249.0,-75.0,-159.0
108.0,,-490.0,169.0,-73.0,137.0,243.0,136.0,-20.0,-271.0
81.0,,-480.0,127.0,-151.0,279.0,347.0,380.0,35.0,-382.0
53.0,,-428.0,102.0,-189.0,218.0,406.0,62.0,91.0,-460.0
42.0,,-365.0,66.0,-181.0,153.0,249.0,369.0,131.0,-507.0
30.0,,-296.0,0.0,-144.0,194.0,32.0,145.0,165.0,-519.0
0.0,,-218.0,-72.0,-94.0,282.0,-21.0,195.0,212.0,-510.0
-25.0,,-156.0,-119.0,-24.0,293.0,115.0,279.0,246.0,-479.0
-9.0,,-85.0,-137.0,62.0,212.0,321.0,57.0,256.0,-405.0
11.0,,-21.0,-151.0,114.0,326.0,419.0,367.0,252.0,-332.0
30.0,,7.0,-162.0,140.0,465.0,375.0,92.0,234.0,-251.0
64.0,,51.0,-132.0,165.0,417.0,254.0,258.0,199.0,-156.0
97.0,,79.0,-46.0,167.0,381.0,91.0,33.0,135.0,-30.0
128.0,,91.0,51.0,152.0,392.0,-3.0,-48.0,74.0,93.0
144.0,,91.0,132.0,117.0,441.0,123.0,179.0,6.0,185.0
142.0,,69.0,216.0,80.0,462.0,386.0,-35.0,-69.0,249.0
144.0,,52.0,290.0,63.0,381.0,479.0,336.0,-126.0,301.0
159.0,,20.0,320.0,53.0,401.0,286.0,53.0,-173.0,335.0
181.0,,-24.0,324.0,50.0,506.0,82.0,131.0,-187.0,325.0
189.0,,-76.0,342.0,46.0,490.0,65.0,96.0,-224.0,301.0
187.0,,-112.0,369.0,17.0,444.0,177.0,-114.0,-271.0,244.0
227.0,,-146.0,398.0,-21.0,487.0,307.0,206.0,-295.0,179.0
258.0,,-194.0,432.0,-58.0,568.0,308.0,-59.0,-324.0,113.0
247.0,,-231.0,426.0,-113.0,546.0,174.0,258.0,-330.0,31.0
257.0,,-280.0,391.0,-165.0,398.0,125.0,123.0,-325.0,-48.0
278.0,,-336.0,352.0,-212.0,363.0,255.0,96.0,-300.0,-113.0
296.0,,-384.0,290.0,-257.0,461.0,338.0,240.0,-264.0,-132.0
274.0,,-425.0,207.0,-290.0,416.0,244.0,-29.0,-208.0,-119.0
266.0,,-471.0,92.0,-334.0,287.0,64.0,264.0,-128.0,-100.0
292.0,,-519.0,-41.0,-374.0,275.0,-60.0,-48.0,-61.0,-93.0
283.0,,-547.0,-152.0,-407.0,372.0,-33.0,116.0,13.0,-83.0
262.0,,-587.0,-242.0,-424.0,468.0,154.0,92.0,70.0,-97.0
251.0,,-624.0,-304.0,-407.0,417.0,416.0,-40.0,104.0,-110.0
279.0,,-636.0,-354.0,-363.0,380.0,520.0,160.0,123.0,-121.0
289.0,,-672.0,-400.0,-296.0,483.0,283.0,-236.0,145.0,-178.0
285.0,,-679.0,-438.0,-228.0,530.0,-60.0,55.0,153.0,-211.0
301.0,,-678.0,-451.0,-152.0,479.0,-87.0,-81.0,127.0,-245.0
328.0,,-680.0,-429.0,-62.0,469.0,200.0,36.0,100.0,-290.0
346.0,,-667.0,-401.0,13.0,564.0,511.0,205.0,67.0,-303.0
332.0,,-667.0,-390.0,43.0,613.0,587.0,-57.0,14.0,-299.0
333.0,,-640.0,-427.0,33.0,496.0,351.0,184.0,-58.0,-301.0
324.0,,-628.0,-464.0,25.0,391.0,21.0,-218.0,-109.0,-266.0
290.0,,-602.0,-471.0,30.0,494.0,-90.0,-49.0,-147.0,-182.0
258.0,,-571.0,-502.0,53.0,623.0,76.0,-94.0,-183.0,-122.0
229.0,,-544.0,-574.0,106.0,569.0,333.0,-168.0,-209.0,-60.0
177.0,,-487.0,-660.0,179.0,527.0,451.0,83.0,-210.0,7.0
126.0,,-441.0,-723.0,273.0,604.0,346.0,-214.0,-182.0,58.0
81.0,,-400.0,-771.0,364.0,648.0,168.0,88.0,-156.0,80.0
32.0,,-351.0,-844.0,432.0,562.0,87.0,-162.0,-134.0,74.0
3.0,,-295.0,-916.0,462.0,479.0,177.0,-99.0,-109.0,60.0
-14.0,,-252.0,-936.0,435.0,546.0,251.0,-38.0,-102.0,39.0
-35.0,,-209.0,-900.0,361.0,615.0,186.0,-260.0,-112.0,29.0
-62.0,,-154.0,-825.0,262.0,513.0,83.0,40.0,-110.0,0.0
-64.0,,-118.0,-694.0,148.0,382.0,5.0,-280.0,-117.0,-28.0
-48.0,,-75.0,-536.0,38.0,445.0,36.0,-48.0,-132.0,-48.0
-28.0,,-36.0,-377.0,-43.0,512.0,99.0,-181.0,-147.0,-75.0
-23.0,,-20.0,-236.0,-95.0,439.0,123.0,-304.0,-158.0,-81.0
-36.0,,2.0,-179.0,-111.0,375.0,81.0,-197.0,-145.0,-83.0
-14.0,,3.0,-176.0,-84.0,444.0,52.0,-522.0,-125.0,-54.0
5.0,,-7.0,-186.0,-41.0,524.0,199.0,-169.0,-103.0,-5.0
-25.0,,-9.0,-207.0,-7.0,458.0,319.0,-358.0,-72.0,44.0
-74.0,,-17.0,-252.0,-8.0,407.0,171.0,-155.0,-18.0,113.0
-77.0,,-31.0,-332.0,-35.0,438.0,-57.0,-118.0,42.0,181.0
-62.0,,-55.0,-391.0,-42.0,500.0,-54.0,-351.0,91.0,225.0
-82.0,,-57.0,-420.0,-34.0,492.0,117.0,-123.0,136.0,240.0
-103.0,,-88.0,-439.0,-16.0,401.0,227.0,-469.0,182.0,235.0
-100.0,,-111.0,-449.0,20.0,467.0,157.0,-216.0,230.0,180.0
-72.0,,-107.0,-445.0,52.0,600.0,31.0,-378.0,276.0,112.0
-46.0,,-119.0,-429.0,69.0,556.0,65.0,-362.0,314.0,23.0
-32.0,,-106.0,-421.0,73.0,478.0,143.0,-234.0,344.0,-68.0
-3.0,,-100.0,-418.0,65.0,502.0,72.0,-509.0,356.0,-108.0
28.0,,-85.0,-408.0,49.0,557.0,-35.0,-201.0,344.0,-119.0
54.0,,-52.0,-370.0,38.0,521.0,15.0,-495.0,316.0,-90.0
45.0,,-34.0,-315.0,46.0,350.0,174.0,-260.0,268.0,-52.0
29.0,,0.0,-248.0,86.0,325.0,277.0,-264.0,220.0,1.0
18.0,,41.0,-161.0,138.0,478.0,272.0,-330.0,156.0,46.0
-21.0,,63.0,-95.0,165.0,513.0,223.0,-62.0,84.0,58.0
-55.0,,83.0,-76.0,157.0,402.0,148.0,-402.0,40.0,70.0
-86.0,,104.0,-78.0,143.0,387.0,-42.0,-97.0,0.0,75.0
-99.0,,111.0,-76.0,123.0,460.0,-166.0,-330.0,-36.0,71.0
-119.0,,108.0,-77.0,104.0,468.0,53.0,-280.0,-54.0,53.0
-159.0,,89.0,-104.0,119.0,415.0,384.0,-205.0,-72.0,27.0
-169.0,,69.0,-138.0,151.0,333.0,463.0,-445.0,-73.0,-3.0
-169.0,,45.0,-163.0,182.0,403.0,291.0,-160.0,-83.0,-8.0
-193.0,,15.0,-179.0,210.0,421.0,22.0,-522.0,-112.0,-22.0
-258.0,,3.0,-157.0,219.0,325.0,-21.0,-299.0,-135.0,-44.0
-305.0,,-7.0,-121.0,207.0,296.0,190.0,-351.0,-159.0,-44.0
-302.0,,-26.0,-84.0,175.0,304.0,317.0,-345.0,-179.0,-25.0
-311.0,,-36.0,-32.0,148.0,392.0,234.0,-121.0,-204.0,9.0
-346.0,,-58.0,35.0,100.0,365.0,33.0,-465.0,-236.0,9.0
-353.0,,-81.0,128.0,29.0,314.0,-45.0,-164.0,-261.0,17.0
-330.0,,-96.0,212.0,-24.0,367.0,26.0,-397.0,-264.0,41.0
-339.0,,-121.0,270.0,-67.0,400.0,239.0,-225.0,-258.0,72.0
-356.0,,-139.0,304.0,-91.0,361.0,498.0,-121.0,-239.0,119.0
-322.0,,-152.0,310.0,-99.0,323.0,420.0,-293.0,-212.0,162.0
-281.0,,-181.0,308.0,-84.0,383.0,79.0,-49.0,-189.0,214.0
-268.0,,-216.0,307.0,-61.0,443.0,-53.0,-380.0,-165.0,257.0
-228.0,,-246.0,286.0,-59.0,413.0,249.0,-86.0,-165.0,310.0
-175.0,,-276.0,235.0,-57.0,343.0,554.0,-256.0,-161.0,357.0
-129.0,,-291.0,199.0,-46.0,442.0,377.0,-280.0,-158.0,383.0
-102.0,,-288.0,179.0,-13.0,546.0,-42.0,-110.0,-164.0,422.0
-81.0,,-290.0,157.0,44.0,494.0,-174.0,-391.0,-161.0,442.0
-42.0,,-303.0,110.0,120.0,473.0,93.0,-83.0,-139.0,480.0
-34.0,,-304.0,29.0,185.0,503.0,425.0,-363.0,-120.0,538.0
-13.0,,-309.0,-31.0,206.0,610.0,507.0,-164.0,-116.0,586.0
2.0,,-322.0,-68.0,182.0,648.0,307.0,-188.0,-111.0,633.0
-6.0,,-326.0,-79.0,130.0,551.0,101.0,-327.0,-108.0,664.0
-4.0,,-337.0,-72.0,76.0,610.0,95.0,-68.0,-107.0,681.0
-22.0,,-332.0,-72.0,40.0,746.0,347.0,-343.0,-126.0,674.0
-65.0,,-326.0,-67.0,15.0,726.0,565.0,-1.0,-134.0,662.0
-103.0,,-309.0,-72.0,-15.0,703.0,425.0,-188.0,-145.0,631.0
-124.0,,-300.0,-73.0,-16.0,718.0,159.0,-142.0,-181.0,602.0
-159.0,,-288.0,-100.0,-3.0,749.0,134.0,-107.0,-207.0,580.0
-210.0,,-261.0,-162.0,-20.0,778.0,440.0,-415.0,-228.0,529.0
-237.0,,-275.0,-204.0,-38.0,707.0,720.0,-138.0,-233.0,485.0
-235.0,,-268.0,-227.0,-60.0,758.0,677.0,-426.0,-240.0,446.0
-250.0,,-269.0,-224.0,-94.0,870.0,375.0,-205.0,-255.0,395.0
-277.0,,-275.0,-194.0,-114.0,813.0,119.0,-317.0,-261.0,309.0
-268.0,,-291.0,-143.0,-103.0,741.0,202.0,-389.0,-238.0,205.0
-245.0,,-334.0,-85.0,-98.0,720.0,392.0,-164.0,-193.0,93.0
-221.0,,-351.0,-9.0,-106.0,781.0,324.0,-413.0,-154.0,-7.0
-208.0,,-357.0,103.0,-130.0,819.0,146.0,-36.0,-104.0,-82.0
-177.0,,-373.0,201.0,-171.0,740.0,210.0,-210.0,-62.0,-129.0
-137.0,,-386.0,297.0,-185.0,735.0,464.0,-53.0,-22.0,-129.0
-113.0,,-368.0,399.0,-181.0,835.0,536.0,12.0,9.0,-101.0
-58.0,,-366.0,447.0,-165.0,859.0,321.0,-190.0,30.0,-38.0
-30.0,,-370.0,425.0,-111.0,766.0,208.0,59.0,58.0,31.0
-13.0,,-369.0,379.0,-43.0,736.0,344.0,-304.0,68.0,88.0
22.0,,-384.0,341.0,16.0,778.0,556.0,-92.0,73.0,136.0
40.0,,-376.0,272.0,77.0,747.0,671.0,-260.0,71.0,161.0
65.0,,-377.0,172.0,129.0,664.0,497.0,-273.0,64.0,172.0
76.0,,-367.0,44.0,158.0,611.0,232.0,-83.0,50.0,175.0
96.0,,-345.0,-99.0,167.0,628.0,194.0,-375.0,9.0,160.0
116.0,,-321.0,-213.0,146.0,700.0,366.0,-24.0,-31.0,145.0
116.0,,-270.0,-304.0,103.0,686.0,469.0,-314.0,-61.0,141.0
115.0,,-232.0,-366.0,45.0,611.0,437.0,-138.0,-82.0,140.0
118.0,,-185.0,-415.0,10.0,637.0,475.0,-77.0,-102.0,172.0
138.0,,-116.0,-493.0,-10.0,671.0,521.0,-243.0,-105.0,209.0
123.0,,-73.0,-593.0,-58.0,612.0,425.0,-27.0,-90.0,239.0
97.0,,-28.0,-713.0,-113.0,569.0,360.0,-399.0,-73.0,248.0
108.0,,40.0,-851.0,-181.0,597.0,431.0,-140.0,-66.0,227.0
129.0,,98.0,-962.0,-245.0,597.0,377.0,-347.0,-82.0,176.0
117.0,,157.0,-1017.0,-271.0,548.0,286.0,-284.0,-82.0,77.0
82.0,,216.0,-1041.0,-275.0,442.0,416.0,-133.0,-59.0,-34.0
90.0,,266.0,-1030.0,-232.0,418.0,585.0,-332.0,-16.0,-166.0
81.0,,312.0,-977.0,-148.0,480.0,616.0,53.0,32.0,-285.0
40.0,,346.0,-907.0,-68.0,409.0,416.0,-238.0,78.0,-391.0
9.0,,357.0,-837.0,-13.0,351.0,138.0,-7.0,141.0,-472.0
-15.0,,368.0,-763.0,-4.0,373.0,115.0,-66.0,193.0,-515.0
-35.0,,363.0,-686.0,-35.0,427.0,274.0,-203.0,216.0,-553.0
-66.0,,310.0,-620.0,-84.0,423.0,431.0,-11.0,226.0,-572.0
-77.0,,266.0,-574.0,-135.0,348.0,454.0,-301.0,229.0,-606.0
-97.0,,201.0,-553.0,-170.0,337.0,321.0,36.0,213.0,-631.0
-125.0,,120.0,-543.0,-182.0,379.0,213.0,-206.0,185.0,-666.0
-128.0,,54.0,-520.0,-162.0,381.0,180.0,-166.0,154.0,-736.0
-141.0,,-21.0,-496.0,-123.0,336.0,145.0,-171.0,117.0,-803.0
-174.0,,-75.0,-487.0,-97.0,383.0,92.0,-380.0,86.0,-885.0
-212.0,,-120.0,-479.0,-84.0,391.0,105.0,-18.0,51.0,-958.0
-243.0,,-171.0,-451.0,-82.0,286.0,148.0,-321.0,28.0,-1014.0
-290.0,,-213.0,-382.0,-87.0,214.0,114.0,-81.0,15.0,-1065.0
-332.0,,-236.0,-289.0,-77.0,250.0,71.0,-190.0,3.0,-1094.0
-374.0,,-275.0,-194.0,-44.0,340.0,81.0,-238.0,-8.0,-1095.0
-416.0,,-313.0,-63.0,-7.0,371.0,82.0,-64.0,-34.0,-1063.0
-429.0,,-322.0,79.0,27.0,391.0,60.0,-358.0,-56.0,-1037.0
-452.0,,-344.0,199.0,55.0,393.0,-19.0,-22.0,-86.0,-984.0
-483.0,,-346.0,311.0,74.0,429.0,-46.0,-238.0,-117.0,-885.0
-519.0,,-343.0,401.0,100.0,428.0,70.0,-59.0,-146.0,-798.0
-571.0,,-354.0,427.0,119.0,330.0,117.0,-51.0,-173.0,-693.0
-622.0,,-336.0,398.0,113.0,322.0,17.0,-240.0,-189.0,-616.0
-667.0,,-336.0,349.0,84.0,382.0,-114.0,64.0,-191.0,-549.0
-707.0,,-328.0,278.0,44.0,387.0,-165.0,-284.0,-167.0,-478.0
-768.0,,-294.0,200.0,23.0,279.0,-178.0,-33.0,-124.0,-446.0
-843.0,,-287.0,149.0,9.0,259.0,-241.0,-153.0,-69.0,-428.0
-906.0,,-260.0,140.0,4.0,371.0,-238.0,-120.0,-23.0,-434.0
-945.0,,-237.0,157.0,36.0,415.0,-166.0,83.0,32.0,-431.0
-970.0,,-218.0,215.0,45.0,367.0,-176.0,-179.0,96.0,-434.0
-1011.0,,-208.0,308.0,40.0,300.0,-268.0,127.0,141.0,-430.0
-1031.0,,-190.0,389.0,53.0,381.0,-302.0,-151.0,200.0,-399.0
-1006.0,,-165.0,472.0,42.0,431.0,-263.0,1.0,261.0,-362.0
-981.0,,-177.0,548.0,42.0,319.0,-271.0,25.0,321.0,-300.0
-957.0,,-178.0,567.0,69.0,268.0,-328.0,-42.0,385.0,-225.0
-917.0,,-174.0,541.0,104.0,333.0,-332.0,218.0,423.0,-133.0
-878.0,,-186.0,482.0,135.0,383.0,-233.0,-129.0,418.0,-37.0
-858.0,,-200.0,369.0,138.0,290.0,-72.0,153.0,378.0,41.0
-839.0,,-202.0,217.0,131.0,208.0,4.0,27.0,306.0,113.0
-803.0,,-221.0,77.0,100.0,206.0,-119.0,129.0,207.0,180.0
-797.0,,-227.0,-31.0,56.0,260.0,-226.0,284.0,93.0,246.0
-809.0,,-226.0,-139.0,13.0,291.0,-119.0,90.0,-20.0,291.0
-812.0,,-226.0,-228.0,-41.0,267.0,-32.0,456.0,-110.0,318.0
-801.0,,-188.0,-261.0,-96.0,352.0,-101.0,203.0,-181.0,351.0
-787.0,,-164.0,-283.0,-158.0,420.0,-230.0,395.0,-251.0,400.0
-768.0,,-139.0,-322.0,-188.0,347.0,-286.0,249.0,-307.0,435.0
-733.0,,-106.0,-374.0,-183.0,257.0,-124.0,46.0,-359.0,459.0
-707.0,,-76.0,-411.0,-147.0,287.0,77.0,225.0,-421.0,481.0
-669.0,,-41.0,-455.0,-90.0,391.0,66.0,-44.0,-472.0,462.0
-629.0,,-5.0,-503.0,-66.0,363.0,-137.0,363.0,-516.0,435.0
-587.0,,27.0,-501.0,-32.0,272.0,-301.0,232.0,-549.0,395.0
-528.0,,59.0,-462.0,-1.0,314.0,-225.0,334.0,-547.0,357.0
-444.0,,83.0,-408.0,0.0,376.0,-72.0,376.0,-521.0,350.0
-374.0,,107.0,-352.0,-17.0,365.0,-50.0,133.0,-484.0,360.0
-335.0,,123.0,-299.0,-52.0,290.0,-141.0,423.0,-435.0,415.0
-275.0,,126.0,-250.0,-61.0,308.0,-225.0,153.0,-392.0,491.0
-213.0,,137.0,-204.0,-44.0,390.0,-277.0,460.0,-348.0,609.0
-178.0,,132.0,-170.0,-17.0,303.0,-274.0,363.0,-291.0,737.0
-162.0,,119.0,-187.0,17.0,199.0,-206.0,341.0,-235.0,852.0
-126.0,,131.0,-225.0,64.0,184.0,-207.0,545.0,-180.0,969.0
-69.0,,138.0,-242.0,108.0,256.0,-271.0,184.0,-126.0,1051.0
-18.0,,124.0,-281.0,144.0,233.0,-292.0,410.0,-79.0,1112.0
2.0,,132.0,-359.0,171.0,96.0,-190.0,94.0,-58.0,1127.0
33.0,,138.0,-477.0,173.0,123.0,-68.0,260.0,-32.0,1086.0
83.0,,129.0,-597.0,162.0,227.0,-100.0,400.0,0.0,1016.0
103.0,,147.0,-702.0,127.0,249.0,-217.0,352.0,20.0,918.0
121.0,,160.0,-831.0,86.0,144.0,-239.0,663.0,46.0,793.0
144.0,,181.0,-913.0,50.0,75.0,-124.0,299.0,52.0,660.0
174.0,,218.0,-934.0,1.0,158.0,-15.0,491.0,55.0,541.0
194.0,,223.0,-950.0,-62.0,151.0,-15.0,236.0,55.0,437.0
186.0,,234.0,-948.0,-129.0,10.0,-143.0,212.0,47.0,338.0
176.0,,255.0,-923.0,-188.0,-58.0,-244.0,397.0,29.0,271.0
159.0,,252.0,-864.0,-225.0,16.0,-204.0,123.0,-11.0,225.0
124.0,,262.0,-776.0,-240.0,89.0,-150.0,445.0,-55.0,169.0
73.0,,272.0,-688.0,-238.0,1.0,-153.0,162.0,-118.0,134.0
31.0,,273.0,-617.0,-201.0,-64.0,-182.0,338.0,-202.0,91.0
0.0,,289.0,-579.0,-162.0,8.0,-238.0,332.0,-293.0,75.0
-53.0,,301.0,-557.0,-116.0,12.0,-233.0,153.0,-375.0,64.0
-122.0,,317.0,-526.0,-64.0,-70.0,-113.0,321.0,-439.0,37.0
-174.0,,343.0,-513.0,-44.0,-96.0,-32.0,-77.0,-504.0,56.0
-213.0,,361.0,-532.0,-41.0,-55.0,-81.0,168.0,-546.0,87.0
-245.0,,383.0,-545.0,-50.0,-27.0,-158.0,-9.0,-550.0,114.0
-293.0,,400.0,-555.0,-55.0,-92.0,-115.0,79.0,-518.0,117.0
-352.0,,406.0,-578.0,-57.0,-169.0,0.0,197.0,-462.0,88.0
-380.0,,424.0,-588.0,-52.0,-93.0,102.0,-27.0,-419.0,52.0
-404.0,,414.0,-591.0,-17.0,-77.0,155.0,267.0,-363.0,-17.0
-448.0,,390.0,-576.0,35.0,-179.0,78.0,-73.0,-300.0,-127.0
-511.0,,388.0,-524.0,107.0,-233.0,-13.0,125.0,-252.0,-245.0
-549.0,,344.0,-442.0,166.0,-259.0,9.0,27.0,-223.0,-373.0
-555.0,,296.0,-346.0,198.0,-214.0,137.0,-64.0,-199.0,-497.0
-584.0,,259.0,-263.0,182.0,-258.0,218.0,138.0,-162.0,-622.0
-625.0,,203.0,-181.0,116.0,-345.0,129.0,-166.0,-136.0,-746.0
-630.0,,174.0,-92.0,36.0,-284.0,-34.0,123.0,-116.0,-840.0
-592.0,,116.0,-24.0,-55.0,-202.0,-65.0,-134.0,-104.0,-896.0
-559.0,,67.0,14.0,-116.0,-237.0,81.0,3.0,-106.0,-913.0
-528.0,,54.0,38.0,-122.0,-316.0,157.0,27.0,-122.0,-917.0
-470.0,,21.0,61.0,-83.0,-239.0,127.0,-260.0,-132.0,-907.0
-397.0,,27.0,85.0,-24.0,-168.0,95.0,51.0,-133.0,-894.0
-341.0,,26.0,100.0,9.0,-267.0,87.0,-181.0,-141.0,-877.0
-305.0,,36.0,137.0,-5.0,-400.0,178.0,144.0,-142.0,-854.0
-265.0,,74.0,197.0,-79.0,-375.0,272.0,83.0,-132.0,-847.0
-213.0,,92.0,256.0,-158.0,-273.0,279.0,36.0,-97.0,-857.0
-173.0,,125.0,314.0,-199.0,-279.0,224.0,114.0,-45.0,-890.0
-165.0,,159.0,357.0,-210.0,-351.0,120.0,-264.0,2.0,-938.0
-139.0,,221.0,384.0,-187.0,-379.0,78.0,-5.0,56.0,-987.0
-113.0,,276.0,398.0,-144.0,-298.0,118.0,-282.0,106.0,-1012.0
-104.0,,320.0,375.0,-101.0,-318.0,179.0,-60.0,152.0,-1016.0
-126.0,,399.0,318.0,-44.0,-350.0,186.0,3.0,196.0,-1005.0
-166.0,,463.0,249.0,31.0,-262.0,166.0,-136.0,239.0,-946.0
-156.0,,514.0,166.0,98.0,-239.0,215.0,127.0,279.0,-837.0
-134.0,,564.0,45.0,137.0,-300.0,232.0,-256.0,319.0,-726.0
-160.0,,616.0,-76.0,166.0,-406.0,196.0,-20.0,359.0,-627.0
-212.0,,640.0,-152.0,195.0,-365.0,159.0,-166.0,368.0,-535.0
-213.0,,653.0,-202.0,209.0,-254.0,141.0,-64.0,347.0,-458.0
-179.0,,664.0,-240.0,218.0,-306.0,155.0,164.0,310.0,-416.0
-206.0,,645.0,-237.0,214.0,-415.0,182.0,-24.0,275.0,-419.0
-265.0,,633.0,-221.0,204.0,-411.0,255.0,376.0,229.0,-450.0
-275.0,,608.0,-218.0,203.0,-292.0,253.0,142.0,177.0,-505.0
-247.0,,550.0,-224.0,185.0,-242.0,142.0,327.0,147.0,-556.0
-264.0,,487.0,-214.0,155.0,-329.0,91.0,227.0,121.0,-590.0
-321.0,,426.0,-193.0,124.0,-383.0,156.0,14.0,117.0,-614.0
-343.0,,365.0,-180.0,91.0,-288.0,284.0,162.0,103.0,-602.0
-353.0,,289.0,-201.0,57.0,-281.0,349.0,-179.0,80.0,-561.0
-397.0,,229.0,-265.0,15.0,-429.0,246.0,123.0,63.0,-524.0
-456.0,,187.0,-313.0,-36.0,-423.0,26.0,-88.0,37.0,-498.0
-449.0,,141.0,-358.0,-69.0,-324.0,-42.0,-20.0,23.0,-492.0
-427.0,,119.0,-438.0,-65.0,-321.0,180.0,5.0,-3.0,-499.0
-447.0,,101.0,-527.0,-60.0,-404.0,407.0,-295.0,-35.0,-508.0
-444.0,,119.0,-570.0,-68.0,-451.0,381.0,-14.0,-54.0,-517.0
-420.0,,150.0,-564.0,-73.0,-381.0,128.0,-304.0,-66.0,-487.0
-405.0,,167.0,-558.0,-64.0,-302.0,-113.0,-7.0,-89.0,-428.0
-409.0,,239.0,-525.0,-27.0,-327.0,-90.0,-49.0,-124.0,-368.0
-388.0,,308.0,-498.0,20.0,-355.0,114.0,-75.0,-162.0,-291.0
-324.0,,366.0,-491.0,43.0,-260.0,193.0,151.0,-221.0,-207.0
-268.0,,424.0,-471.0,44.0,-251.0,40.0,-162.0,-266.0,-133.0
-231.0,,466.0,-456.0,38.0,-375.0,-102.0,175.0,-287.0,-61.0
-193.0,,512.0,-438.0,43.0,-426.0,-72.0,-33.0,-282.0,0.0
-140.0,,511.0,-421.0,51.0,-337.0,72.0,59.0,-250.0,40.0
-95.0,,511.0,-434.0,31.0,-208.0,219.0,22.0,-208.0,60.0
-94.0,,512.0,-472.0,-13.0,-269.0,179.0,-247.0,-138.0,89.0
-98.0,,485.0,-523.0,-68.0,-379.0,-10.0,29.0,-59.0,104.0
-58.0,,452.0,-563.0,-104.0,-333.0,-32.0,-219.0,21.0,86.0
-27.0,,410.0,-570.0,-108.0,-265.0,151.0,105.0,93.0,99.0
-22.0,,360.0,-567.0,-82.0,-278.0,249.0,-12.0,158.0,119.0
-11.0,,321.0,-553.0,-55.0,-359.0,154.0,-31.0,204.0,136.0
29.0,,291.0,-524.0,-27.0,-302.0,7.0,153.0,228.0,153.0
98.0,,233.0,-478.0,-13.0,-179.0,-18.0,-131.0,257.0,155.0
130.0,,182.0,-422.0,-51.0,-250.0,91.0,251.0,258.0,149.0
127.0,,123.0,-374.0,-102.0,-367.0,215.0,81.0,242.0,161.0
138.0,,54.0,-356.0,-165.0,-327.0,229.0,234.0,218.0,169.0
172.0,,-7.0,-349.0,-199.0,-208.0,102.0,218.0,182.0,153.0
183.0,,-91.0,-321.0,-212.0,-216.0,-14.0,62.0,140.0,168.0
176.0,,-161.0,-290.0,-215.0,-304.0,-56.0,338.0,77.0,165.0
206.0,,-212.0,-274.0,-199.0,-277.0,-52.0,20.0,17.0,148.0
253.0,,-267.0,-231.0,-217.0,-174.0,28.0,256.0,-45.0,113.0
301.0,,-307.0,-149.0,-252.0,-225.0,90.0,5.0,-120.0,63.0
339.0,,-322.0,-80.0,-295.0,-343.0,93.0,36.0,-190.0,11.0
364.0,,-341.0,-26.0,-322.0,-291.0,148.0,264.0,-261.0,-71.0
405.0,,-349.0,17.0,-315.0,-245.0,200.0,75.0,-311.0,-157.0
440.0,,-344.0,51.0,-283.0,-331.0,150.0,437.0,-339.0,-258.0
441.0,,-333.0,86.0,-233.0,-400.0,42.0,138.0,-343.0,-326.0
440.0,,-295.0,125.0,-188.0,-363.0,7.0,312.0,-334.0,-397.0
451.0,,-273.0,170.0,-155.0,-294.0,57.0,245.0,-337.0,-456.0
416.0,,-250.0,190.0,-130.0,-321.0,90.0,127.0,-327.0,-457.0
342.0,,-215.0,211.0,-104.0,-405.0,77.0,415.0,-314.0,-433.0
286.0,,-198.0,252.0,-106.0,-362.0,68.0,147.0,-286.0,-369.0
261.0,,-187.0,280.0,-145.0,-252.0,149.0,487.0,-221.0,-288.0
214.0,,-178.0,282.0,-198.0,-254.0,260.0,242.0,-130.0,-188.0
142.0,,-185.0,234.0,-248.0,-301.0,272.0,210.0,-21.0,-48.0
116.0,,-174.0,156.0,-270.0,-348.0,152.0,175.0,90.0,100.0
132.0,,-171.0,95.0,-233.0,-303.0,43.0,-168.0,210.0,235.0
145.0,,-187.0,34.0,-175.0,-273.0,57.0,134.0,335.0,350.0
124.0,,-183.0,-20.0,-127.0,-432.0,107.0,-145.0,457.0,404.0
107.0,,-189.0,-29.0,-90.0,-536.0,157.0,138.0,545.0,422.0
126.0,,-169.0,-15.0,-76.0,-449.0,157.0,134.0,611.0,381.0
165.0,,-160.0,17.0,-65.0,-348.0,126.0,90.0,665.0,301.0
190.0,,-165.0,73.0,-83.0,-431.0,48.0,267.0,698.0,219.0
199.0,,-133.0,141.0,-118.0,-497.0,-77.0,-46.0,726.0,86.0
211.0,,-140.0,217.0,-127.0,-370.0,-98.0,254.0,745.0,-41.0
238.0,,-158.0,252.0,-96.0,-326.0,9.0,-66.0,750.0,-147.0
284.0,,-158.0,253.0,-24.0,-400.0,160.0,-11.0,741.0,-240.0
276.0,,-161.0,260.0,21.0,-455.0,239.0,29.0,721.0,-303.0
254.0,,-169.0,259.0,16.0,-423.0,204.0,-92.0,684.0,-323.0
250.0,,-189.0,238.0,-9.0,-383.0,57.0,277.0,648.0,-310.0
232.0,,-196.0,214.0,-26.0,-467.0,-119.0,-1.0,634.0,-273.0
200.0,,-200.0,122.0,-31.0,-524.0,-121.0,243.0,611.0,-198.0
167.0,,-213.0,-37.0,-36.0,-466.0,83.0,18.0,584.0,-104.0
138.0,,-214.0,-188.0,-40.0,-377.0,276.0,-46.0,550.0,-14.0
81.0,,-189.0,-328.0,-35.0,-419.0,202.0,90.0,502.0,50.0
24.0,,-143.0,-449.0,-27.0,-534.0,-63.0,-186.0,450.0,119.0
-18.0,,-100.0,-547.0,-29.0,-462.0,-255.0,203.0,413.0,196.0
-87.0,,-51.0,-633.0,-36.0,-372.0,-233.0,-49.0,383.0,223.0
-181.0,,4.0,-678.0,-26.0,-446.0,-20.0,81.0,343.0,245.0
-269.0,,52.0,-665.0,3.0,-536.0,123.0,46.0,318.0,282.0
-333.0,,104.0,-622.0,46.0,-544.0,38.0,-103.0,278.0,296.0
-396.0,,151.0,-559.0,105.0,-473.0,-188.0,219.0,240.0,313.0
-471.0,,192.0,-475.0,149.0,-497.0,-352.0,-84.0,215.0,326.0
-533.0,,230.0,-398.0,157.0,-623.0,-297.0,133.0,177.0,324.0
-569.0,,253.0,-352.0,160.0,-578.0,-152.0,-92.0,148.0,317.0
-611.0,,252.0,-344.0,166.0,-461.0,-39.0,-62.0,94.0,307.0
-662.0,,246.0,-350.0,183.0,-502.0,-32.0,68.0,47.0,305.0
-712.0,,243.0,-374.0,220.0,-585.0,-121.0,-171.0,20.0,333.0
-725.0,,209.0,-429.0,239.0,-617.0,-172.0,138.0,-13.0,378.0
-708.0,,175.0,-501.0,254.0,-578.0,-222.0,-234.0,-18.0,428.0
-691.0,,143.0,-563.0,276.0,-544.0,-286.0,-83.0,-22.0,494.0
-674.0,,106.0,-603.0,270.0,-592.0,-299.0,-72.0,-10.0,555.0
-647.0,,81.0,-601.0,243.0,-600.0,-224.0,-73.0,21.0,613.0
-597.0,,55.0,-560.0,216.0,-573.0,-113.0,247.0,52.0,627.0
-527.0,,25.0,-512.0,208.0,-603.0,-153.0,-42.0,73.0,594.0
-463.0,,0.0,-449.0,199.0,-650.0,-336.0,206.0,72.0,547.0
-411.0,,-16.0,-363.0,182.0,-660.0,-520.0,-36.0,58.0,460.0
-337.0,,-37.0,-263.0,175.0,-659.0,-506.0,68.0,33.0,337.0
-264.0,,-36.0,-189.0,175.0,-671.0,-283.0,171.0,2.0,194.0
-214.0,,-29.0,-150.0,183.0,-713.0,-115.0,-55.0,-50.0,89.0
-176.0,,-12.0,-102.0,175.0,-705.0,-126.0,145.0,-101.0,24.0
-146.0,,7.0,-31.0,151.0,-623.0,-294.0,-236.0,-141.0,-13.0
-120.0,,11.0,44.0,128.0,-609.0,-471.0,31.0,-180.0,0.0
-117.0,,39.0,80.0,120.0,-659.0,-479.0,-9.0,-181.0,74.0
-118.0,,40.0,87.0,127.0,-694.0,-335.0,3.0,-159.0,183.0
-101.0,,44.0,92.0,125.0,-640.0,-183.0,275.0,-115.0,275.0
-59.0,,46.0,95.0,126.0,-575.0,-129.0,12.0,-53.0,394.0
-15.0,,27.0,86.0,120.0,-644.0,-185.0,269.0,20.0,526.0
11.0,,56.0,10.0,95.0,-694.0,-274.0,-11.0,96.0,611.0
58.0,,52.0,-90.0,57.0,-613.0,-282.0,123.0,163.0,647.0
128.0,,43.0,-180.0,-3.0,-561.0,-221.0,164.0,218.0,630.0
188.0,,70.0,-282.0,-66.0,-603.0,-168.0,-29.0,254.0,585.0
227.0,,59.0,-372.0,-113.0,-632.0,-211.0,184.0,282.0,528.0
261.0,,56.0,-446.0,-132.0,-547.0,-333.0,-197.0,309.0,434.0
318.0,,49.0,-508.0,-117.0,-448.0,-387.0,49.0,340.0,345.0
393.0,,30.0,-580.0,-90.0,-475.0,-325.0,-77.0,351.0,251.0
429.0,,35.0,-644.0,-65.0,-535.0,-220.0,-62.0,367.0,157.0
487.0,,21.0,-647.0,-53.0,-522.0,-211.0,134.0,398.0,95.0
571.0,,7.0,-608.0,-57.0,-469.0,-340.0,-125.0,405.0,27.0
605.0,,-4.0,-532.0,-63.0,-507.0,-452.0,173.0,423.0,18.0
604.0,,-26.0,-440.0,-53.0,-584.0,-388.0,-99.0,440.0,45.0
597.0,,-29.0,-330.0,-42.0,-565.0,-169.0,92.0,436.0,76.0
627.0,,-35.0,-190.0,-37.0,-472.0,-12.0,127.0,434.0,114.0
634.0,,-36.0,-72.0,-6.0,-425.0,-73.0,49.0,390.0,150.0
603.0,,-29.0,9.0,39.0,-459.0,-259.0,304.0,333.0,193.0
584.0,,-45.0,60.0,52.0,-394.0,-377.0,-51.0,281.0,196.0
556.0,,-51.0,80.0,13.0,-339.0,-296.0,240.0,219.0,199.0
503.0,,-43.0,50.0,-57.0,-378.0,-64.0,11.0,159.0,176.0
428.0,,-52.0,6.0,-131.0,-436.0,18.0,27.0,88.0,145.0
347.0,,-54.0,-13.0,-176.0,-415.0,-183.0,142.0,34.0,109.0
283.0,,-45.0,-14.0,-179.0,-271.0,-402.0,-127.0,-9.0,50.0
223.0,,-48.0,20.0,-155.0,-298.0,-327.0,203.0,-56.0,5.0
155.0,,-48.0,69.0,-119.0,-426.0,-88.0,-97.0,-90.0,-53.0
101.0,,-35.0,128.0,-70.0,-434.0,-17.0,101.0,-118.0,-94.0
69.0,,-31.0,197.0,-21.0,-358.0,-111.0,60.0,-140.0,-139.0
54.0,,-20.0,276.0,-3.0,-300.0,-235.0,5.0,-148.0,-160.0
22.0,,-12.0,322.0,0.0,-369.0,-224.0,212.0,-150.0,-136.0
-7.0,,9.0,314.0,-4.0,-388.0,-56.0,-118.0,-159.0,-109.0
9.0,,39.0,321.0,-5.0,-302.0,81.0,195.0,-142.0,-31.0
41.0,,51.0,313.0,3.0,-340.0,109.0,-64.0,-117.0,75.0
59.0,,102.0,262.0,-9.0,-411.0,47.0,60.0,-100.0,185.0
72.0,,128.0,211.0,-15.0,-402.0,40.0,234.0,-72.0,322.0
113.0,,138.0,173.0,-3.0,-350.0,169.0,107.0,-66.0,435.0
169.0,,147.0,127.0,-1.0,-316.0,244.0,386.0,-80.0,553.0
187.0,,147.0,87.0,-4.0,-423.0,137.0,-46.0,-85.0,677.0
182.0,,141.0,81.0,-14.0,-484.0,45.0,73.0,-78.0,747.0
208.0,,113.0,82.0,-31.0,-398.0,154.0,-109.0,-52.0,795.0
266.0,,112.0,62.0,-62.0,-399.0,325.0,-125.0,-28.0,800.0
283.0,,84.0,34.0,-101.0,-508.0,352.0,120.0,-2.0,755.0
269.0,,45.0,62.0,-149.0,-544.0,212.0,-129.0,13.0,678.0
282.0,,25.0,118.0,-188.0,-438.0,58.0,221.0,4.0,569.0
313.0,,-8.0,151.0,-197.0,-377.0,7.0,-11.0,-36.0,411.0
320.0,,-26.0,180.0,-165.0,-502.0,119.0,142.0,-116.0,212.0
285.0,,-34.0,205.0,-93.0,-596.0,218.0,105.0,-184.0,14.0
269.0,,-53.0,231.0,-19.0,-509.0,129.0,-133.0,-247.0,-192.0
311.0,,-55.0,223.0,54.0,-460.0,63.0,136.0,-305.0,-389.0
314.0,,-39.0,156.0,101.0,-571.0,91.0,-179.0,-327.0,-540.0
249.0,,-40.0,96.0,134.0,-636.0,85.0,121.0,-321.0,-659.0
202.0,,-48.0,42.0,169.0,-564.0,17.0,-33.0,-278.0,-749.0
195.0,,-44.0,-47.0,185.0,-510.0,-1.0,-60.0,-216.0,-776.0
185.0,,-47.0,-138.0,189.0,-584.0,75.0,22.0,-141.0,-758.0
141.0,,-58.0,-191.0,178.0,-660.0,162.0,-312.0,-62.0,-718.0
123.0,,-64.0,-224.0,184.0,-609.0,231.0,-9.0,33.0,-644.0
139.0,,-85.0,-247.0,202.0,-556.0,205.0,-310.0,114.0,-570.0
133.0,,-90.0,-279.0,228.0,-609.0,144.0,-79.0,181.0,-503.0
90.0,,-110.0,-294.0,252.0,-657.0,142.0,-49.0,250.0,-430.0
36.0,,-149.0,-252.0,244.0,-601.0,102.0,-188.0,279.0,-377.0
26.0,,-169.0,-189.0,222.0,-538.0,-3.0,62.0,293.0,-323.0
12.0,,-187.0,-139.0,178.0,-558.0,-38.0,-230.0,272.0,-263.0
-29.0,,-192.0,-106.0,124.0,-612.0,68.0,97.0,217.0,-220.0
-65.0,,-217.0,-50.0,80.0,-573.0,149.0,-105.0,158.0,-154.0
-52.0,,-215.0,24.0,52.0,-512.0,102.0,-73.0,96.0,-78.0
-34.0,,-187.0,95.0,39.0,-584.0,3.0,1.0,40.0,20.0
-60.0,,-184.0,152.0,42.0,-645.0,-68.0,-267.0,0.0,144.0
-78.0,,-156.0,164.0,74.0,-594.0,-75.0,24.0,-24.0,258.0
-67.0,,-130.0,178.0,127.0,-532.0,-7.0,-290.0,-48.0,407.0
-46.0,,-97.0,197.0,163.0,-544.0,37.0,-73.0,-50.0,555.0
-58.0,,-56.0,186.0,160.0,-592.0,-64.0,-194.0,-39.0,680.0
-77.0,,-26.0,166.0,149.0,-548.0,-165.0,-332.0,-12.0,809.0
-57.0,,31.0,135.0,145.0,-427.0,-121.0,-157.0,11.0,926.0
-23.0,,81.0,87.0,146.0,-457.0,-51.0,-471.0,38.0,1001.0
-3.0,,138.0,0.0,146.0,-588.0,-12.0,-153.0,67.0,1050.0
3.0,,188.0,-121.0,148.0,-550.0,9.0,-384.0,77.0,1070.0
32.0,,204.0,-266.0,155.0,-440.0,-70.0,-277.0,100.0,1042.0
70.0,,259.0,-418.0,154.0,-418.0,-129.0,-225.0,112.0,990.0
78.0,,274.0,-534.0,138.0,-508.0,13.0,-369.0,111.0,883.0
72.0,,273.0,-643.0,123.0,-504.0,104.0,-27.0,109.0,745.0
69.0,,281.0,-728.0,137.0,-379.0,-34.0,-356.0,92.0,613.0
73.0,,267.0,-738.0,154.0,-356.0,-149.0,-133.0,84.0,505.0
60.0,,267.0,-673.0,147.0,-407.0,-107.0,-317.0,76.0,421.0
35.0,,229.0,-560.0,119.0,-420.0,-73.0,-351.0,55.0,339.0
24.0,,210.0,-464.0,60.0,-307.0,-111.0,-112.0,38.0,301.0
18.0,,211.0,-384.0,7.0,-229.0,-104.0,-347.0,12.0,277.0
16.0,,196.0,-275.0,-38.0,-295.0,-81.0,-88.0,-29.0,263.0
-9.0,,162.0,-166.0,-93.0,-343.0,-122.0,-473.0,-68.0,263.0
-21.0,,141.0,-116.0,-116.0,-260.0,-129.0,-402.0,-108.0,272.0
1.0,,138.0,-101.0,-119.0,-233.0,-124.0,-478.0,-144.0,287.0
7.0,,100.0,-85.0,-112.0,-287.0,-204.0,-626.0,-185.0,297.0
6.0,,89.0,-102.0,-104.0,-247.0,-206.0,-308.0,-254.0,315.0
31.0,,55.0,-164.0,-116.0,-204.0,-127.0,-572.0,-344.0,309.0
91.0,,22.0,-213.0,-130.0,-192.0,-108.0,-210.0,-438.0,303.0
135.0,,21.0,-227.0,-160.0,-251.0,-45.0,-371.0,-527.0,296.0
157.0,,-7.0,-219.0,-203.0,-241.0,17.0,-415.0,-594.0,295.0
206.0,,-9.0,-185.0,-244.0,-127.0,-66.0,-393.0,-631.0,319.0
276.0,,-22.0,-155.0,-267.0,-107.0,-144.0,-722.0,-679.0,336.0
339.0,,-47.0,-142.0,-273.0,-166.0,-165.0,-380.0,-705.0,352.0
392.0,,-54.0,-146.0,-265.0,-187.0,-200.0,-532.0,-677.0,344.0
441.0,,-97.0,-151.0,-245.0,-114.0,-221.0,-184.0,-631.0,329.0
512.0,,-116.0,-139.0,-212.0,-79.0,-199.0,-225.0,-563.0,299.0
603.0,,-142.0,-134.0,-168.0,-146.0,-168.0,-404.0,-479.0,250.0
658.0,,-174.0,-119.0,-141.0,-226.0,-222.0,-254.0,-390.0,216.0
687.0,,-177.0,-93.0,-108.0,-201.0,-291.0,-633.0,-290.0,179.0
728.0,,-200.0,-72.0,-78.0,-161.0,-279.0,-384.0,-197.0,176.0
775.0,,-175.0,-55.0,-66.0,-219.0,-255.0,-635.0,-120.0,199.0
772.0,,-173.0,-25.0,-84.0,-240.0,-226.0,-543.0,-46.0,231.0
728.0,,-177.0,13.0,-124.0,-169.0,-130.0,-443.0,4.0,282.0
717.0,,-152.0,46.0,-144.0,-98.0,-32.0,-630.0,26.0,345.0
727.0,,-120.0,100.0,-156.0,-122.0,-71.0,-328.0,25.0,418.0
705.0,,-84.0,170.0,-165.0,-144.0,-211.0,-630.0,-4.0,483.0
658.0,,-57.0,234.0,-162.0,-125.0,-261.0,-371.0,-46.0,570.0
644.0,,6.0,293.0,-139.0,-112.0,-157.0,-535.0,-82.0,657.0
634.0,,33.0,360.0,-111.0,-143.0,-17.0,-569.0,-123.0,719.0
602.0,,46.0,405.0,-78.0,-225.0,46.0,-295.0,-147.0,737.0
547.0,,70.0,390.0,-38.0,-234.0,-21.0,-533.0,-128.0,714.0
492.0,,75.0,342.0,-24.0,-203.0,-76.0,-194.0,-98.0,677.0
481.0,,67.0,241.0,-35.0,-268.0,-6.0,-526.0,-55.0,600.0
455.0,,55.0,107.0,-50.0,-333.0,34.0,-478.0,20.0,485.0
414.0,,60.0,-13.0,-46.0,-253.0,57.0,-465.0,92.0,340.0
407.0,,36.0,-115.0,-45.0,-146.0,94.0,-607.0,141.0,201.0
404.0,,23.0,-183.0,-69.0,-167.0,65.0,-314.0,206.0,63.0
370.0,,28.0,-249.0,-101.0,-245.0,-37.0,-611.0,279.0,-71.0
320.0,,13.0,-293.0,-136.0,-257.0,-97.0,-332.0,334.0,-180.0
282.0,,24.0,-303.0,-173.0,-244.0,-4.0,-580.0,383.0,-285.0
258.0,,39.0,-263.0,-207.0,-303.0,42.0,-622.0,400.0,-360.0
238.0,,53.0,-177.0,-248.0,-398.0,-3.0,-447.0,375.0,-441.0
225.0,,73.0,-93.0,-291.0,-405.0,26.0,-678.0,339.0,-529.0
228.0,,91.0,-8.0,-280.0,-358.0,133.0,-299.0,282.0,-570.0
253.0,,115.0,42.0,-221.0,-387.0,171.0,-578.0,207.0,-594.0
272.0,,126.0,44.0,-147.0,-427.0,-26.0,-484.0,142.0,-624.0
269.0,,127.0,27.0,-67.0,-417.0,-184.0,-561.0,83.0,-654.0
277.0,,114.0,-34.0,6.0,-381.0,-48.0,-633.0,36.0,-672.0
296.0,,112.0,-115.0,74.0,-401.0,146.0,-317.0,14.0,-680.0
313.0,,105.0,-177.0,107.0,-490.0,208.0,-596.0,9.0,-701.0
326.0,,78.0,-237.0,114.0,-491.0,178.0,-325.0,21.0,-743.0
336.0,,100.0,-299.0,117.0,-430.0,188.0,-578.0,38.0,-796.0
345.0,,96.0,-351.0,120.0,-486.0,174.0,-541.0,55.0,-840.0
358.0,,107.0,-390.0,153.0,-552.0,18.0,-485.0,57.0,-886.0
352.0,,117.0,-425.0,208.0,-523.0,-60.0,-781.0,46.0,-927.0
322.0,,100.0,-427.0,247.0,-512.0,15.0,-513.0,42.0,-944.0
304.0,,138.0,-430.0,243.0,-507.0,143.0,-800.0,28.0,-928.0
281.0,,139.0,-456.0,206.0,-578.0,236.0,-522.0,6.0,-859.0
264.0,,163.0,-467.0,153.0,-614.0,232.0,-607.0,-17.0,-789.0
238.0,,199.0,-438.0,97.0,-446.0,206.0,-713.0,-59.0,-705.0
194.0,,206.0,-391.0,68.0,-359.0,116.0,-559.0,-112.0,-581.0
172.0,,236.0,-398.0,78.0,-442.0,-2.0,-920.0,-154.0,-477.0
155.0,,237.0,-425.0,115.0,-507.0,17.0,-657.0,-208.0,-377.0
120.0,,244.0,-441.0,161.0,-461.0,163.0,-899.0,-264.0,-289.0
73.0,,252.0,-459.0,207.0,-404.0,271.0,-709.0,-310.0,-227.0
44.0,,250.0,-469.0,231.0,-445.0,194.0,-635.0,-355.0,-197.0
20.0,,231.0,-466.0,203.0,-482.0,67.0,-824.0,-383.0,-188.0
-12.0,,200.0,-487.0,142.0,-406.0,60.0,-563.0,-394.0,-191.0
-33.0,,195.0,-583.0,75.0,-356.0,99.0,-953.0,-379.0,-208.0
-54.0,,165.0,-695.0,19.0,-423.0,17.0,-746.0,-346.0,-232.0
-88.0,,159.0,-799.0,0.0,-429.0,-45.0,-907.0,-307.0,-284.0
-129.0,,144.0,-853.0,9.0,-349.0,65.0,-955.0,-267.0,-325.0
-128.0,,108.0,-823.0,30.0,-292.0,118.0,-825.0,-235.0,-361.0
-98.0,,113.0,-794.0,46.0,-343.0,93.0,-1032.0,-206.0,-422.0
-94.0,,96.0,-786.0,34.0,-404.0,78.0,-630.0,-176.0,-460.0
-85.0,,112.0,-746.0,2.0,-361.0,-11.0,-862.0,-149.0,-478.0
-60.0,,132.0,-678.0,-45.0,-282.0,-85.0,-631.0,-129.0,-496.0
-22.0,,137.0,-605.0,-95.0,-287.0,-60.0,-670.0,-107.0,-486.0
10.0,,161.0,-511.0,-126.0,-353.0,-79.0,-842.0,-86.0,-454.0
22.0,,167.0,-453.0,-138.0,-272.0,-171.0,-545.0,-52.0,-425.0
37.0,,178.0,-460.0,-159.0,-155.0,-260.0,-801.0,-22.0,-414.0
81.0,,185.0,-501.0,-182.0,-224.0,-314.0,-439.0,-5.0,-407.0
124.0,,188.0,-534.0,-160.0,-367.0,-258.0,-613.0,9.0,-397.0
135.0,,166.0,-507.0,-114.0,-317.0,-202.0,-578.0,7.0,-425.0
157.0,,138.0,-459.0,-25.0,-162.0,-255.0,-517.0,-4.0,-445.0
194.0,,123.0,-409.0,60.0,-206.0,-366.0,-792.0,-10.0,-447.0
222.0,,64.0,-331.0,100.0,-321.0,-464.0,-502.0,-18.0,-463.0
218.0,,19.0,-230.0,160.0,-361.0,-391.0,-822.0,-38.0,-491.0
223.0,,-10.0,-159.0,192.0,-309.0,-163.0,-576.0,-60.0,-524.0
287.0,,-61.0,-118.0,172.0,-246.0,-111.0,-620.0,-91.0,-548.0
321.0,,-88.0,-73.0,117.0,-285.0,-298.0,-642.0,-125.0,-594.0
312.0,,-105.0,-66.0,54.0,-298.0,-394.0,-360.0,-144.0,-643.0
315.0,,-116.0,-96.0,20.0,-271.0,-347.0,-585.0,-164.0,-664.0
312.0,,-116.0,-160.0,17.0,-271.0,-275.0,-210.0,-184.0,-667.0
279.0,,-112.0,-269.0,53.0,-304.0,-190.0,-432.0,-202.0,-634.0
226.0,,-112.0,-363.0,77.0,-327.0,-177.0,-334.0,-215.0,-566.0
178.0,,-98.0,-426.0,77.0,-285.0,-272.0,-299.0,-217.0,-466.0
153.0,,-72.0,-460.0,62.0,-253.0,-346.0,-484.0,-202.0,-340.0
115.0,,-63.0,-419.0,32.0,-277.0,-306.0,-131.0,-185.0,-212.0
64.0,,-13.0,-294.0,21.0,-296.0,-257.0,-386.0,-191.0,-86.0
13.0,,29.0,-158.0,6.0,-237.0,-336.0,-96.0,-193.0,27.0
-35.0,,51.0,-69.0,-30.0,-223.0,-492.0,-179.0,-196.0,114.0
-65.0,,116.0,-5.0,-71.0,-232.0,-511.0,-179.0,-201.0,170.0
-116.0,,149.0,69.0,-105.0,-173.0,-348.0,-46.0,-201.0,183.0
-179.0,,189.0,147.0,-116.0,-125.0,-179.0,-412.0,-192.0,144.0
-187.0,,237.0,207.0,-125.0,-139.0,-171.0,-68.0,-176.0,74.0
-161.0,,258.0,249.0,-162.0,-215.0,-333.0,-179.0,-157.0,1.0
-182.0,,307.0,263.0,-197.0,-187.0,-490.0,112.0,-124.0,-89.0
-217.0,,342.0,250.0,-185.0,-40.0,-480.0,142.0,-92.0,-179.0
-193.0,,386.0,200.0,-118.0,-8.0,-416.0,-31.0,-62.0,-237.0
-133.0,,421.0,130.0,-41.0,-112.0,-423.0,245.0,-36.0,-274.0
-108.0,,433.0,57.0,13.0,-115.0,-406.0,-97.0,-19.0,-301.0
-118.0,,478.0,-31.0,38.0,1.0,-372.0,169.0,8.0,-309.0
-60.0,,504.0,-103.0,49.0,89.0,-354.0,-16.0,34.0,-287.0
50.0,,517.0,-162.0,72.0,56.0,-344.0,33.0,60.0,-263.0
133.0,,523.0,-211.0,89.0,-25.0,-369.0,205.0,96.0,-235.0
174.0,,519.0,-254.0,102.0,34.0,-418.0,-79.0,116.0,-199.0
244.0,,502.0,-312.0,98.0,103.0,-429.0,212.0,131.0,-162.0
349.0,,475.0,-377.0,94.0,75.0,-351.0,-81.0,144.0,-137.0
397.0,,464.0,-428.0,107.0,50.0,-262.0,140.0,151.0,-127.0
423.0,,441.0,-456.0,112.0,92.0,-297.0,53.0,154.0,-148.0
465.0,,425.0,-488.0,110.0,192.0,-407.0,-33.0,134.0,-200.0
507.0,,398.0,-532.0,92.0,207.0,-399.0,256.0,94.0,-239.0
518.0,,399.0,-550.0,81.0,119.0,-310.0,-1.0,51.0,-298.0
476.0,,393.0,-518.0,70.0,181.0,-297.0,388.0,0.0,-381.0
449.0,,367.0,-470.0,26.0,319.0,-347.0,155.0,-68.0,-438.0
444.0,,358.0,-422.0,-25.0,292.0,-370.0,201.0,-126.0,-472.0
418.0,,308.0,-349.0,-47.0,250.0,-349.0,245.0,-179.0,-510.0
363.0,,282.0,-258.0,-35.0,290.0,-327.0,-29.0,-219.0,-564.0
312.0,,259.0,-170.0,-27.0,386.0,-322.0,264.0,-226.0,-619.0
303.0,,227.0,-105.0,-40.0,395.0,-344.0,-27.0,-224.0,-679.0
264.0,,228.0,-61.0,-91.0,319.0,-372.0,225.0,-198.0,-743.0
197.0,,224.0,-68.0,-151.0,381.0,-370.0,142.0,-150.0,-810.0
157.0,,215.0,-144.0,-167.0,526.0,-365.0,42.0,-113.0,-875.0
132.0,,222.0,-222.0,-138.0,518.0,-342.0,134.0,-65.0,-939.0
95.0,,218.0,-304.0,-97.0,402.0,-317.0,-175.0,-35.0,-984.0
15.0,,216.0,-385.0,-49.0,462.0,-340.0,155.0,-28.0,-995.0
-49.0,,224.0,-452.0,-15.0,561.0,-374.0,-64.0,-10.0,-991.0
-89.0,,213.0,-522.0,-13.0,543.0,-356.0,107.0,-20.0,-954.0
-135.0,,216.0,-553.0,-23.0,477.0,-261.0,84.0,-55.0,-896.0
-204.0,,210.0,-553.0,-49.0,448.0,-241.0,-120.0,-91.0,-845.0
-241.0,,204.0,-510.0,-62.0,530.0,-327.0,168.0,-151.0,-802.0
-220.0,,203.0,-425.0,-70.0,538.0,-332.0,-147.0,-200.0,-767.0
-208.0,,184.0,-346.0,-63.0,435.0,-276.0,75.0,-242.0,-745.0
-209.0,,185.0,-278.0,-33.0,419.0,-314.0,-194.0,-291.0,-729.0
-206.0,,202.0,-238.0,-5.0,507.0,-389.0,-253.0,-334.0,-725.0
-158.0,,205.0,-198.0,35.0,534.0,-416.0,-121.0,-363.0,-751.0
-94.0,,222.0,-161.0,60.0,446.0,-389.0,-330.0,-364.0,-781.0
-73.0,,246.0,-152.0,74.0,387.0,-308.0,49.0,-361.0,-812.0
-68.0,,268.0,-201.0,81.0,487.0,-296.0,-282.0,-359.0,-827.0
-7.0,,325.0,-310.0,87.0,554.0,-374.0,-151.0,-357.0,-825.0
78.0,,352.0,-435.0,96.0,472.0,-411.0,-223.0,-339.0,-810.0
118.0,,390.0,-573.0,86.0,467.0,-386.0,-358.0,-328.0,-757.0
157.0,,460.0,-736.0,54.0,521.0,-357.0,-97.0,-333.0,-690.0
226.0,,483.0,-896.0,8.0,539.0,-375.0,-378.0,-330.0,-619.0
315.0,,512.0,-1003.0,-18.0,458.0,-429.0,-48.0,-337.0,-558.0
378.0,,538.0,-1041.0,-36.0,399.0,-456.0,-266.0,-341.0,-514.0
419.0,,546.0,-1030.0,-44.0,526.0,-466.0,-210.0,-341.0,-506.0
488.0,,530.0,-996.0,-50.0,574.0,-474.0,-133.0,-328.0,-541.0
552.0,,533.0,-900.0,-106.0,451.0,-456.0,-367.0,-277.0,-584.0
555.0,,531.0,-752.0,-186.0,398.0,-457.0,-70.0,-196.0,-666.0
540.0,,497.0,-622.0,-273.0,499.0,-495.0,-397.0,-108.0,-776.0
562.0,,479.0,-503.0,-353.0,615.0,-523.0,-173.0,-35.0,-887.0
588.0,,450.0,-392.0,-386.0,540.0,-540.0,-240.0,40.0,-995.0
578.0,,435.0,-299.0,-396.0,435.0,-564.0,-269.0,121.0,-1082.0
535.0,,403.0,-271.0,-394.0,530.0,-564.0,-46.0,194.0,-1176.0
522.0,,378.0,-294.0,-370.0,598.0,-528.0,-323.0,249.0,-1248.0
540.0,,352.0,-340.0,-318.0,533.0,-483.0,11.0,277.0,-1287.0
530.0,,304.0,-415.0,-255.0,467.0,-492.0,-192.0,292.0,-1318.0
486.0,,306.0,-453.0,-193.0,491.0,-517.0,-53.0,297.0,-1328.0
482.0,,281.0,-449.0,-112.0,605.0,-537.0,-46.0,294.0,-1308.0
506.0,,269.0,-428.0,-44.0,603.0,-593.0,-236.0,289.0,-1271.0
479.0,,263.0,-380.0,-5.0,511.0,-624.0,53.0,282.0,-1249.0
408.0,,237.0,-305.0,-11.0,573.0,-582.0,-291.0,269.0,-1218.0
339.0,,243.0,-238.0,-51.0,697.0,-472.0,-73.0,246.0,-1176.0
312.0,,223.0,-184.0,-88.0,709.0,-419.0,-251.0,207.0,-1168.0
278.0,,215.0,-124.0,-104.0,642.0,-470.0,-273.0,153.0,-1151.0
189.0,,209.0,-53.0,-80.0,616.0,-534.0,-81.0,88.0,-1095.0
113.0,,184.0,12.0,-53.0,689.0,-530.0,-308.0,30.0,-1034.0
91.0,,156.0,45.0,-25.0,714.0,-462.0,48.0,-22.0,-968.0
57.0,,127.0,86.0,0.0,663.0,-442.0,-160.0,-65.0,-869.0
-4.0,,108.0,113.0,6.0,738.0,-444.0,101.0,-77.0,-761.0
-52.0,,48.0,99.0,0.0,847.0,-472.0,151.0,-63.0,-641.0
-62.0,,0.0,70.0,-24.0,784.0,-531.0,73.0,-25.0,-500.0
-73.0,,-31.0,15.0,-41.0,715.0,-535.0,341.0,32.0,-381.0
-93.0,,-79.0,-33.0,-57.0,778.0,-486.0,-12.0,99.0,-254.0
-97.0,,-107.0,-63.0,-69.0,861.0,-411.0,262.0,179.0,-145.0
-88.0,,-139.0,-51.0,-56.0,881.0,-398.0,33.0,270.0,-83.0
-58.0,,-170.0,0.0,-55.0,798.0,-473.0,48.0,354.0,-44.0
-27.0,,-178.0,20.0,-82.0,784.0,-520.0,169.0,405.0,-64.0
-7.0,,-192.0,21.0,-117.0,897.0,-455.0,-42.0,427.0,-127.0
5.0,,-214.0,27.0,-135.0,916.0,-335.0,321.0,427.0,-224.0
26.0,,-216.0,36.0,-128.0,877.0,-297.0,107.0,412.0,-338.0
49.0,,-206.0,41.0,-128.0,903.0,-355.0,373.0,386.0,-443.0
73.0,,-200.0,21.0,-120.0,953.0,-400.0,254.0,360.0,-534.0
82.0,,-174.0,-8.0,-81.0,934.0,-345.0,138.0,327.0,-592.0
79.0,,-156.0,-31.0,-41.0,861.0,-309.0,351.0,277.0,-619.0
76.0,,-147.0,-37.0,22.0,872.0,-344.0,40.0,230.0,-608.0
56.0,,-115.0,-17.0,84.0,972.0,-330.0,395.0,181.0,-574.0
39.0,,-113.0,33.0,104.0,993.0,-293.0,199.0,120.0,-505.0
5.0,,-109.0,100.0,108.0,907.0,-296.0,336.0,82.0,-446.0
-38.0,,-79.0,145.0,101.0,903.0,-288.0,386.0,59.0,-409.0
-102.0,,-92.0,150.0,92.0,998.0,-291.0,162.0,35.0,-366.0
-148.0,,-87.0,115.0,75.0,1035.0,-333.0,430.0,24.0,-373.0
-176.0,,-83.0,65.0,55.0,955.0,-370.0,60.0,17.0,-399.0
-233.0,,-81.0,24.0,76.0,870.0,-363.0,315.0,10.0,-460.0
-288.0,,-72.0,-5.0,123.0,922.0,-307.0,218.0,6.0,-559.0
-340.0,,-100.0,-27.0,163.0,947.0,-275.0,273.0,7.0,-651.0
-373.0,,-99.0,-54.0,194.0,836.0,-272.0,513.0,40.0,-755.0
-421.0,,-94.0,-98.0,209.0,812.0,-273.0,218.0,80.0,-842.0
-478.0,,-89.0,-153.0,192.0,908.0,-310.0,543.0,119.0,-897.0
-521.0,,-79.0,-240.0,137.0,953.0,-333.0,243.0,176.0,-940.0
-553.0,,-70.0,-336.0,56.0,860.0,-332.0,384.0,231.0,-977.0
-573.0,,-33.0,-370.0,-35.0,755.0,-335.0,402.0,288.0,-987.0
-591.0,,-21.0,-348.0,-125.0,868.0,-319.0,230.0,337.0,-1004.0
-586.0,,0.0,-287.0,-194.0,965.0,-327.0,511.0,361.0,-1032.0
-566.0,,23.0,-203.0,-237.0,880.0,-346.0,234.0,382.0,-1028.0
-531.0,,55.0,-118.0,-231.0,813.0,-353.0,541.0,391.0,-1011.0
-477.0,,109.0,-28.0,-170.0,822.0,-369.0,332.0,373.0,-961.0
-401.0,,148.0,93.0,-77.0,874.0,-373.0,371.0,340.0,-897.0
-323.0,,225.0,207.0,41.0,856.0,-322.0,515.0,302.0,-825.0
-257.0,,290.0,262.0,153.0,776.0,-211.0,247.0,252.0,-741.0
-184.0,,349.0,313.0,227.0,813.0,-145.0,624.0,188.0,-676.0
-118.0,,436.0,352.0,241.0,882.0,-144.0,343.0,122.0,-595.0
-65.0,,476.0,352.0,212.0,770.0,-169.0,543.0,43.0,-535.0
-31.0,,537.0,328.0,194.0,674.0,-197.0,524.0,-24.0,-500.0
-10.0,,578.0,290.0,201.0,774.0,-193.0,423.0,-77.0,-473.0
3.0,,595.0,235.0,218.0,855.0,-157.0,667.0,-142.0,-460.0
5.0,,616.0,149.0,226.0,821.0,-99.0,365.0,-195.0,-448.0
-15.0,,598.0,69.0,223.0,741.0,-122.0,676.0,-215.0,-460.0
-34.0,,589.0,37.0,210.0,767.0,-187.0,460.0,-225.0,-472.0
-54.0,,546.0,25.0,176.0,872.0,-198.0,607.0,-235.0,-479.0
-96.0,,490.0,10.0,108.0,825.0,-154.0,722.0,-234.0,-482.0
-113.0,,425.0,31.0,14.0,736.0,-87.0,480.0,-224.0,-471.0
-115.0,,349.0,65.0,-104.0,765.0,-122.0,796.0,-206.0,-431.0
-127.0,,269.0,96.0,-221.0,795.0,-210.0,495.0,-192.0,-366.0
-134.0,,184.0,125.0,-294.0,744.0,-265.0,740.0,-168.0,-320.0
-136.0,,127.0,134.0,-327.0,682.0,-257.0,604.0,-138.0,-274.0
-148.0,,40.0,116.0,-310.0,746.0,-188.0,504.0,-128.0,-235.0
-174.0,,-27.0,70.0,-257.0,834.0,-198.0,696.0,-118.0,-202.0
-185.0,,-84.0,24.0,-205.0,790.0,-289.0,445.0,-117.0,-194.0
-174.0,,-145.0,-29.0,-181.0,740.0,-354.0,790.0,-100.0,-220.0
-155.0,,-166.0,-110.0,-195.0,795.0,-353.0,569.0,-79.0,-217.0
-138.0,,-195.0,-220.0,-214.0,872.0,-282.0,744.0,-70.0,-215.0
-114.0,,-187.0,-329.0,-186.0,844.0,-233.0,698.0,-44.0,-215.0
-67.0,,-165.0,-397.0,-110.0,778.0,-263.0,404.0,-19.0,-212.0
-41.0,,-150.0,-390.0,-30.0,786.0,-297.0,583.0,20.0,-231.0
-38.0,,-104.0,-311.0,52.0,866.0,-277.0,199.0,60.0,-236.0
4.0,,-70.0,-200.0,106.0,864.0,-272.0,487.0,98.0,-246.0
48.0,,-36.0,-57.0,111.0,800.0,-290.0,400.0,143.0,-264.0
60.0,,1.0,106.0,94.0,818.0,-303.0,482.0,194.0,-293.0
75.0,,21.0,302.0,62.0,885.0,-348.0,692.0,245.0,-324.0
128.0,,38.0,491.0,24.0,919.0,-366.0,412.0,272.0,-350.0
194.0,,66.0,640.0,-12.0,814.0,-349.0,667.0,271.0,-395.0
227.0,,71.0,756.0,-24.0,764.0,-368.0,306.0,246.0,-419.0
259.0,,54.0,830.0,-7.0,876.0,-393.0,439.0,215.0,-442.0
318.0,,40.0,869.0,15.0,877.0,-388.0,432.0,174.0,-460.0
374.0,,10.0,845.0,36.0,734.0,-366.0,317.0,132.0,-438.0
392.0,,-34.0,782.0,41.0,750.0,-302.0,570.0,95.0,-388.0
391.0,,-75.0,700.0,49.0,888.0,-291.0,245.0,49.0,-314.0
390.0,,-104.0,603.0,65.0,891.0,-343.0,487.0,12.0,-228.0
382.0,,-128.0,506.0,73.0,770.0,-324.0,210.0,-2.0,-138.0
356.0,,-157.0,388.0,70.0,711.0,-262.0,225.0,-11.0,-29.0
302.0,,-160.0,279.0,38.0,875.0,-201.0,319.0,-15.0,72.0
228.0,,-129.0,169.0,-2.0,959.0,-204.0,116.0,-4.0,142.0
161.0,,-104.0,69.0,-22.0,845.0,-257.0,460.0,1.0,223.0
108.0,,-68.0,12.0,-27.0,772.0,-275.0,157.0,23.0,270.0
69.0,,-10.0,-6.0,-24.0,822.0,-255.0,430.0,51.0,278.0
53.0,,48.0,-4.0,-12.0,905.0,-275.0,404.0,66.0,254.0
62.0,,107.0,20.0,2.0,815.0,-332.0,339.0,89.0,210.0
88.0,,138.0,88.0,6.0,748.0,-357.0,556.0,116.0,173.0
101.0,,171.0,179.0,2.0,854.0,-399.0,223.0,121.0,105.0
110.0,,185.0,258.0,1.0,908.0,-409.0,487.0,104.0,64.0
135.0,,185.0,312.0,2.0,819.0,-342.0,242.0,97.0,56.0
176.0,,189.0,352.0,13.0,772.0,-319.0,347.0,92.0,64.0
195.0,,186.0,359.0,22.0,837.0,-398.0,369.0,95.0,86.0
205.0,,196.0,318.0,3.0,939.0,-455.0,158.0,110.0,103.0
253.0,,196.0,246.0,-51.0,961.0,-425.0,423.0,129.0,117.0
286.0,,192.0,168.0,-118.0,874.0,-360.0,129.0,142.0,102.0
298.0,,187.0,103.0,-170.0,932.0,-310.0,389.0,152.0,53.0
303.0,,174.0,23.0,-184.0,1052.0,-274.0,218.0,162.0,-29.0
317.0,,144.0,-55.0,-161.0,1005.0,-230.0,184.0,147.0,-136.0
339.0,,117.0,-114.0,-120.0,917.0,-233.0,306.0,130.0,-247.0
321.0,,101.0,-152.0,-81.0,970.0,-244.0,-3.0,114.0,-352.0
292.0,,67.0,-170.0,-44.0,1047.0,-250.0,332.0,96.0,-449.0
272.0,,39.0,-172.0,14.0,982.0,-235.0,123.0,102.0,-528.0
261.0,,0.0,-137.0,100.0,935.0,-171.0,323.0,114.0,-567.0
216.0,,-32.0,-70.0,172.0,981.0,-146.0,290.0,130.0,-562.0
143.0,,-67.0,6.0,201.0,1053.0,-158.0,88.0,148.0,-510.0
100.0,,-109.0,90.0,208.0,1021.0,-188.0,238.0,153.0,-405.0
74.0,,-124.0,167.0,191.0,951.0,-219.0,-114.0,159.0,-264.0
38.0,,-142.0,220.0,162.0,1003.0,-207.0,247.0,165.0,-101.0
-25.0,,-131.0,238.0,127.0,1043.0,-186.0,112.0,150.0,83.0
-76.0,,-121.0,231.0,71.0,997.0,-148.0,171.0,126.0,269.0
-112.0,,-133.0,221.0,27.0,894.0,-118.0,266.0,102.0,455.0
-183.0,,-123.0,190.0,8.0,855.0,-140.0,-14.0,74.0,623.0
-262.0,,-125.0,160.0,33.0,959.0,-168.0,275.0,43.0,749.0
-335.0,,-140.0,141.0,86.0,946.0,-168.0,-79.0,10.0,831.0
-376.0,,-172.0,110.0,142.0,802.0,-155.0,101.0,-19.0,851.0
-442.0,,-194.0,60.0,182.0,790.0,-176.0,60.0,-50.0,829.0
-541.0,,-236.0,-6.0,192.0,839.0,-192.0,27.0,-73.0,762.0
-592.0,,-300.0,-55.0,185.0,812.0,-182.0,254.0,-101.0,686.0
-629.0,,-343.0,-70.0,143.0,680.0,-179.0,-86.0,-121.0,639.0
-670.0,,-407.0,-72.0,69.0,653.0,-164.0,164.0,-120.0,610.0
-727.0,,-446.0,-72.0,-2.0,758.0,-141.0,-192.0,-138.0,627.0
-756.0,,-491.0,-58.0,-60.0,744.0,-100.0,-144.0,-134.0,678.0
-742.0,,-544.0,-8.0,-88.0,627.0,-96.0,-66.0,-95.0,760.0
-744.0,,-562.0,29.0,-70.0,546.0,-134.0,-218.0,-41.0,850.0
-754.0,,-600.0,38.0,-21.0,649.0,-175.0,125.0,20.0,924.0
-739.0,,-609.0,61.0,27.0,690.0,-193.0,-203.0,86.0,985.0
-686.0,,-602.0,94.0,66.0,530.0,-138.0,7.0,153.0,1039.0
-653.0,,-593.0,143.0,88.0,469.0,-83.0,-221.0,199.0,1077.0
-643.0,,-569.0,183.0,119.0,521.0,-75.0,-306.0,245.0,1062.0
-592.0,,-533.0,224.0,144.0,506.0,-153.0,-169.0,262.0,1030.0
-506.0,,-483.0,267.0,142.0,411.0,-224.0,-463.0,257.0,983.0
-438.0,,-429.0,280.0,105.0,358.0,-206.0,-97.0,247.0,911.0
-389.0,,-359.0,273.0,4.0,365.0,-197.0,-378.0,204.0,837.0
-333.0,,-320.0,249.0,-104.0,392.0,-146.0,-275.0,148.0,759.0
-283.0,,-259.0,203.0,-185.0,287.0,-98.0,-367.0,88.0,705.0
-256.0,,-206.0,131.0,-236.0,174.0,-112.0,-565.0,34.0,678.0
-255.0,,-181.0,65.0,-234.0,231.0,-150.0,-325.0,-22.0,662.0
-240.0,,-116.0,30.0,-201.0,245.0,-207.0,-644.0,-75.0,636.0
-207.0,,-79.0,-3.0,-157.0,181.0,-228.0,-389.0,-119.0,613.0
-191.0,,-51.0,-70.0,-111.0,100.0,-253.0,-626.0,-148.0,599.0
-214.0,,-6.0,-152.0,-71.0,134.0,-276.0,-519.0,-157.0,554.0
-226.0,,20.0,-193.0,-45.0,233.0,-246.0,-349.0,-155.0,516.0
-211.0,,44.0,-200.0,-38.0,164.0,-188.0,-578.0,-129.0,498.0
-225.0,,63.0,-192.0,-41.0,29.0,-190.0,-286.0,-101.0,478.0
-272.0,,66.0,-181.0,-41.0,55.0,-196.0,-624.0,-80.0,470.0
-310.0,,70.0,-180.0,-31.0,160.0,-149.0,-369.0,-49.0,473.0
-312.0,,76.0,-179.0,0.0,70.0,-135.0,-363.0,-12.0,482.0
-318.0,,70.0,-176.0,46.0,-53.0,-113.0,-424.0,20.0,485.0
-336.0,,76.0,-207.0,70.0,-44.0,-49.0,-223.0,44.0,494.0
-348.0,,91.0,-252.0,89.0,26.0,10.0,-589.0,68.0,516.0
-315.0,,98.0,-283.0,106.0,-3.0,9.0,-397.0,89.0,532.0
-253.0,,94.0,-303.0,100.0,-149.0,-20.0,-631.0,113.0,534.0
-222.0,,89.0,-314.0,74.0,-86.0,-51.0,-478.0,163.0,538.0
-175.0,,73.0,-339.0,30.0,-1.0,-79.0,-336.0,236.0,566.0
-104.0,,50.0,-363.0,-4.0,-101.0,-88.0,-441.0,309.0,605.0
-28.0,,15.0,-366.0,-22.0,-146.0,-97.0,-175.0,396.0,655.0
11.0,,-33.0,-352.0,-38.0,-113.0,-59.0,-521.0,467.0,714.0
40.0,,-61.0,-341.0,-50.0,-45.0,-5.0,-238.0,522.0,789.0
104.0,,-110.0,-319.0,-65.0,-106.0,28.0,-306.0,574.0,883.0
151.0,,-169.0,-266.0,-82.0,-275.0,59.0,-284.0,622.0,961.0
163.0,,-199.0,-201.0,-99.0,-250.0,59.0,-25.0,665.0,1035.0
175.0,,-232.0,-136.0,-100.0,-135.0,51.0,-295.0,694.0,1108.0
223.0,,-266.0,-79.0,-84.0,-198.0,26.0,-72.0,721.0,1178.0
253.0,,-288.0,-12.0,-65.0,-340.0,9.0,-410.0,728.0,1221.0
250.0,,-306.0,63.0,-57.0,-345.0,15.0,-297.0,706.0,1236.0
239.0,,-323.0,149.0,-64.0,-225.0,1.0,-290.0,665.0,1231.0
267.0,,-317.0,237.0,-66.0,-170.0,9.0,-432.0,614.0,1199.0
302.0,,-324.0,287.0,-71.0,-248.0,-22.0,-157.0,570.0,1151.0
266.0,,-334.0,312.0,-57.0,-210.0,-68.0,-485.0,523.0,1085.0
241.0,,-310.0,314.0,-26.0,-62.0,-63.0,-184.0,483.0,1006.0
249.0,,-296.0,298.0,0.0,-60.0,-73.0,-339.0,467.0,907.0
253.0,,-277.0,275.0,41.0,-187.0,-82.0,-323.0,472.0,801.0
249.0,,-240.0,225.0,104.0,-235.0,-84.0,-116.0,488.0,661.0
226.0,,-220.0,173.0,162.0,-116.0,-66.0,-336.0,500.0,532.0
221.0,,-205.0,134.0,197.0,-79.0,-80.0,-33.0,511.0,417.0
225.0,,-210.0,105.0,226.0,-188.0,-141.0,-295.0,519.0,298.0
223.0,,-220.0,66.0,242.0,-210.0,-196.0,-107.0,505.0,223.0
214.0,,-228.0,8.0,220.0,-116.0,-211.0,-229.0,480.0,162.0
199.0,,-241.0,-13.0,173.0,-52.0,-194.0,-426.0,447.0,173.0
207.0,,-262.0,-15.0,103.0,-31.0,-176.0,-260.0,414.0,240.0
217.0,,-290.0,-20.0,14.0,1.0,-139.0,-657.0,379.0,329.0
199.0,,-280.0,-27.0,-63.0,23.0,-131.0,-352.0,328.0,448.0
158.0,,-282.0,-54.0,-117.0,41.0,-191.0,-500.0,266.0,589.0
131.0,,-294.0,-62.0,-130.0,36.0,-218.0,-415.0,212.0,750.0
121.0,,-267.0,-59.0,-111.0,21.0,-166.0,-306.0,154.0,904.0
102.0,,-238.0,-59.0,-70.0,73.0,-143.0,-550.0,90.0,1036.0
102.0,,-218.0,-36.0,-24.0,120.0,-152.0,-242.0,40.0,1130.0
115.0,,-194.0,-4.0,-4.0,102.0,-162.0,-487.0,-17.0,1205.0
124.0,,-157.0,34.0,2.0,139.0,-156.0,-210.0,-90.0,1249.0
116.0,,-120.0,74.0,22.0,238.0,-132.0,-225.0,-181.0,1286.0
82.0,,-83.0,92.0,49.0,273.0,-137.0,-232.0,-305.0,1308.0
45.0,,-41.0,100.0,35.0,223.0,-151.0,-60.0,-423.0,1318.0
23.0,,12.0,122.0,-7.0,212.0,-179.0,-437.0,-530.0,1332.0
24.0,,86.0,157.0,-47.0,338.0,-160.0,-203.0,-636.0,1322.0
31.0,,138.0,214.0,-76.0,375.0,-103.0,-465.0,-687.0,1320.0
36.0,,212.0,287.0,-64.0,278.0,-130.0,-301.0,-691.0,1298.0
45.0,,293.0,350.0,-4.0,268.0,-190.0,-234.0,-677.0,1284.0
60.0,,365.0,407.0,106.0,349.0,-205.0,-375.0,-657.0,1273.0
60.0,,439.0,422.0,214.0,457.0,-176.0,-60.0,-635.0,1265.0
43.0,,496.0,423.0,282.0,427.0,-171.0,-384.0,-591.0,1286.0
43.0,,564.0,442.0,305.0,390.0,-199.0,-105.0,-565.0,1306.0
54.0,,609.0,454.0,270.0,494.0,-202.0,-249.0,-561.0,1326.0
66.0,,642.0,477.0,223.0,559.0,-179.0,-249.0,-553.0,1341.0
99.0,,677.0,472.0,182.0,522.0,-138.0,-83.0,-547.0,1354.0
124.0,,693.0,422.0,141.0,457.0,-138.0,-351.0,-536.0,1345.0
162.0,,695.0,366.0,117.0,498.0,-187.0,-11.0,-528.0,1316.0
219.0,,701.0,345.0,94.0,559.0,-230.0,-310.0,-519.0,1262.0
243.0,,680.0,331.0,75.0,478.0,-272.0,-155.0,-500.0,1198.0
241.0,,637.0,297.0,64.0,394.0,-297.0,-186.0,-467.0,1111.0
248.0,,620.0,283.0,53.0,439.0,-263.0,-360.0,-434.0,1006.0
262.0,,574.0,287.0,54.0,563.0,-197.0,-110.0,-400.0,920.0
242.0,,522.0,290.0,48.0,576.0,-196.0,-434.0,-373.0,818.0
194.0,,478.0,275.0,58.0,487.0,-294.0,-133.0,-356.0,709.0
150.0,,424.0,255.0,105.0,488.0,-375.0,-315.0,-340.0,625.0
123.0,,373.0,255.0,115.0,569.0,-353.0,-264.0,-338.0,546.0
105.0,,307.0,262.0,101.0,606.0,-385.0,-144.0,-335.0,469.0
61.0,,239.0,269.0,83.0,505.0,-455.0,-365.0,-332.0,408.0
10.0,,182.0,265.0,49.0,467.0,-448.0,-24.0,-322.0,347.0
1.0,,119.0,251.0,23.0,561.0,-421.0,-338.0,-304.0,295.0
5.0,,47.0,238.0,21.0,530.0,-378.0,-131.0,-289.0,244.0
-9.0,,-11.0,228.0,49.0,429.0,-368.0,-186.0,-254.0,189.0
-20.0,,-68.0,215.0,74.0,396.0,-391.0,-258.0,-223.0,165.0
-10.0,,-109.0,195.0,88.0,438.0,-391.0,-38.0,-184.0,157.0
17.0,,-148.0,165.0,89.0,441.0,-372.0,-310.0,-132.0,159.0
27.0,,-175.0,103.0,66.0,361.0,-341.0,33.0,-79.0,179.0
12.0,,-183.0,10.0,54.0,322.0,-342.0,-223.0,-9.0,228.0
22.0,,-191.0,-69.0,71.0,367.0,-365.0,-171.0,60.0,302.0
50.0,,-182.0,-131.0,110.0,368.0,-407.0,-192.0,166.0,385.0
70.0,,-175.0,-149.0,153.0,295.0,-420.0,-365.0,270.0,481.0
93.0,,-153.0,-100.0,158.0,328.0,-343.0,-1.0,344.0,574.0
110.0,,-150.0,-17.0,114.0,418.0,-303.0,-304.0,420.0,668.0
131.0,,-127.0,54.0,68.0,427.0,-335.0,-29.0,481.0,730.0
149.0,,-107.0,110.0,45.0,332.0,-385.0,-145.0,547.0,755.0
141.0,,-85.0,163.0,48.0,281.0,-408.0,-118.0,584.0,750.0
128.0,,-23.0,192.0,84.0,360.0,-397.0,97.0,601.0,710.0
118.0,,-1.0,197.0,135.0,379.0,-447.0,-164.0,621.0,661.0
126.0,,37.0,195.0,187.0,277.0,-552.0,127.0,638.0,576.0
149.0,,86.0,179.0,222.0,201.0,-602.0,-232.0,665.0,474.0
192.0,,103.0,126.0,251.0,225.0,-539.0,-118.0,689.0,359.0
232.0,,106.0,50.0,274.0,237.0,-465.0,-166.0,720.0,217.0
255.0,,98.0,-24.0,297.0,157.0,-459.0,-295.0,731.0,59.0
272.0,,79.0,-110.0,322.0,52.0,-530.0,46.0,738.0,-101.0
279.0,,39.0,-204.0,302.0,93.0,-576.0,-221.0,742.0,-249.0
298.0,,-19.0,-295.0,229.0,156.0,-489.0,84.0,731.0,-390.0
316.0,,-76.0,-379.0,103.0,40.0,-392.0,-64.0,722.0,-505.0
324.0,,-140.0,-461.0,-43.0,0.0,-400.0,16.0,699.0,-594.0
323.0,,-225.0,-536.0,-184.0,75.0,-507.0,120.0,668.0,-662.0
320.0,,-315.0,-589.0,-320.0,118.0,-575.0,-136.0,638.0,-693.0
309.0,,-391.0,-640.0,-445.0,72.0,-545.0,142.0,607.0,-697.0
283.0,,-453.0,-659.0,-546.0,-20.0,-518.0,-201.0,575.0,-675.0
252.0,,-517.0,-624.0,-563.0,-22.0,-532.0,7.0,514.0,-628.0
230.0,,-545.0,-584.0,-488.0,-14.0,-583.0,-83.0,443.0,-546.0
228.0,,-569.0,-526.0,-344.0,-25.0,-629.0,-158.0,390.0,-447.0
231.0,,-578.0,-438.0,-150.0,-36.0,-606.0,90.0,316.0,-358.0
217.0,,-556.0,-352.0,33.0,-50.0,-510.0,-221.0,254.0,-270.0
212.0,,-551.0,-280.0,180.0,-15.0,-450.0,79.0,220.0,-171.0
232.0,,-542.0,-204.0,320.0,-1.0,-463.0,-133.0,184.0,-75.0
238.0,,-517.0,-110.0,433.0,-37.0,-448.0,20.0,161.0,0.0
245.0,,-499.0,-39.0,486.0,-4.0,-375.0,134.0,139.0,72.0
250.0,,-479.0,5.0,497.0,72.0,-333.0,-16.0,126.0,126.0
257.0,,-449.0,44.0,457.0,58.0,-363.0,269.0,144.0,133.0
303.0,,-423.0,66.0,381.0,23.0,-441.0,-90.0,175.0,115.0
335.0,,-370.0,80.0,298.0,31.0,-512.0,127.0,191.0,94.0
363.0,,-308.0,79.0,238.0,57.0,-512.0,-38.0,221.0,73.0
403.0,,-241.0,60.0,216.0,45.0,-475.0,-31.0,248.0,69.0
424.0,,-150.0,51.0,203.0,-33.0,-479.0,269.0,262.0,89.0
439.0,,-53.0,68.0,200.0,-37.0,-544.0,107.0,275.0,123.0
439.0,,44.0,87.0,209.0,77.0,-596.0,484.0,279.0,209.0
431.0,,139.0,76.0,206.0,77.0,-549.0,208.0,289.0,339.0
412.0,,236.0,37.0,176.0,6.0,-470.0,338.0,285.0,475.0
392.0,,318.0,20.0,123.0,91.0,-504.0,321.0,273.0,641.0
380.0,,372.0,24.0,45.0,156.0,-584.0,175.0,253.0,834.0
352.0,,433.0,9.0,-43.0,173.0,-569.0,484.0,234.0,1036.0
318.0,,474.0,7.0,-108.0,166.0,-537.0,201.0,209.0,1246.0
293.0,,492.0,20.0,-144.0,164.0,-560.0,517.0,148.0,1434.0
271.0,,543.0,17.0,-151.0,266.0,-602.0,325.0,86.0,1605.0
244.0,,547.0,20.0,-137.0,280.0,-626.0,341.0,24.0,1748.0
200.0,,565.0,72.0,-119.0,254.0,-627.0,473.0,-38.0,1819.0
156.0,,610.0,164.0,-102.0,267.0,-649.0,245.0,-100.0,1822.0
126.0,,605.0,260.0,-87.0,273.0,-650.0,642.0,-161.0,1769.0
87.0,,634.0,330.0,-53.0,308.0,-643.0,397.0,-205.0,1651.0
48.0,,639.0,375.0,15.0,260.0,-669.0,622.0,-252.0,1499.0
5.0,,647.0,428.0,102.0,183.0,-682.0,569.0,-318.0,1324.0
-39.0,,663.0,450.0,166.0,255.0,-665.0,493.0,-395.0,1130.0
-65.0,,640.0,449.0,173.0,321.0,-647.0,755.0,-451.0,969.0
-95.0,,637.0,451.0,144.0,267.0,-681.0,473.0,-501.0,839.0
-114.0,,616.0,431.0,99.0,274.0,-696.0,770.0,-544.0,736.0
-140.0,,582.0,411.0,64.0,344.0,-638.0,500.0,-581.0,652.0
-167.0,,526.0,421.0,48.0,347.0,-550.0,626.0,-594.0,598.0
-161.0,,471.0,443.0,42.0,300.0,-502.0,718.0,-572.0,556.0
-166.0,,416.0,451.0,53.0,267.0,-558.0,561.0,-540.0,520.0
-192.0,,322.0,446.0,63.0,309.0,-618.0,912.0,-488.0,500.0
-185.0,,249.0,439.0,82.0,346.0,-562.0,618.0,-429.0,466.0
-150.0,,170.0,442.0,104.0,283.0,-474.0,886.0,-362.0,429.0
-126.0,,86.0,446.0,128.0,176.0,-445.0,746.0,-284.0,360.0
-84.0,,26.0,436.0,147.0,139.0,-431.0,761.0,-205.0,298.0
-3.0,,-43.0,409.0,139.0,183.0,-419.0,975.0,-130.0,244.0
94.0,,-85.0,407.0,112.0,136.0,-434.0,702.0,-73.0,155.0
191.0,,-118.0,442.0,59.0,39.0,-457.0,1027.0,-40.0,86.0
282.0,,-136.0,435.0,15.0,44.0,-458.0,726.0,-18.0,-3.0
385.0,,-117.0,412.0,-2.0,95.0,-434.0,938.0,3.0,-86.0
490.0,,-97.0,393.0,-25.0,64.0,-425.0,951.0,10.0,-158.0
580.0,,-52.0,354.0,-46.0,18.0,-395.0,715.0,19.0,-254.0
650.0,,4.0,292.0,-62.0,49.0,-327.0,916.0,20.0,-336.0
694.0,,62.0,204.0,-59.0,45.0,-308.0,532.0,23.0,-412.0
745.0,,115.0,133.0,-54.0,-35.0,-331.0,777.0,44.0,-478.0
798.0,,183.0,55.0,-74.0,-202.0,-338.0,652.0,50.0,-539.0
820.0,,259.0,-27.0,-108.0,-248.0,-264.0,759.0,51.0,-574.0
811.0,,303.0,-107.0,-153.0,-159.0,-163.0,929.0,64.0,-581.0
793.0,,362.0,-192.0,-186.0,-189.0,-142.0,733.0,81.0,-586.0
764.0,,405.0,-253.0,-207.0,-231.0,-128.0,1018.0,100.0,-565.0
716.0,,440.0,-298.0,-203.0,-233.0,-93.0,663.0,125.0,-535.0
685.0,,457.0,-334.0,-173.0,-185.0,-67.0,857.0,151.0,-494.0
662.0,,447.0,-346.0,-157.0,-181.0,-81.0,785.0,173.0,-437.0
628.0,,469.0,-344.0,-145.0,-318.0,-103.0,644.0,181.0,-380.0
583.0,,453.0,-347.0,-155.0,-331.0,-39.0,844.0,161.0,-321.0
537.0,,438.0,-374.0,-187.0,-260.0,14.0,593.0,131.0,-261.0
493.0,,430.0,-397.0,-190.0,-310.0,7.0,953.0,95.0,-196.0
432.0,,410.0,-372.0,-162.0,-396.0,0.0,763.0,43.0,-141.0
357.0,,386.0,-338.0,-117.0,-436.0,-37.0,803.0,-7.0,-96.0
303.0,,341.0,-327.0,-71.0,-364.0,-52.0,785.0,-55.0,-65.0
253.0,,308.0,-321.0,-43.0,-287.0,14.0,613.0,-85.0,-53.0
195.0,,258.0,-317.0,-9.0,-346.0,109.0,944.0,-88.0,-50.0
159.0,,218.0,-309.0,26.0,-369.0,155.0,637.0,-75.0,-71.0
109.0,,154.0,-294.0,41.0,-307.0,148.0,909.0,-32.0,-96.0
66.0,,101.0,-287.0,47.0,-277.0,128.0,739.0,48.0,-132.0
32.0,,59.0,-256.0,58.0,-354.0,144.0,626.0,123.0,-187.0
-11.0,,-9.0,-182.0,77.0,-405.0,173.0,779.0,197.0,-262.0
-58.0,,-44.0,-107.0,95.0,-358.0,139.0,485.0,279.0,-352.0
-82.0,,-105.0,-16.0,126.0,-359.0,138.0,814.0,344.0,-449.0
-64.0,,-144.0,95.0,142.0,-417.0,183.0,550.0,409.0,-557.0
-64.0,,-184.0,220.0,101.0,-496.0,201.0,718.0,460.0,-657.0
-57.0,,-242.0,339.0,20.0,-435.0,196.0,772.0,488.0,-724.0
-8.0,,-276.0,437.0,-78.0,-326.0,158.0,622.0,520.0,-762.0
58.0,,-302.0,507.0,-175.0,-349.0,130.0,833.0,545.0,-802.0
99.0,,-317.0,539.0,-250.0,-341.0,113.0,378.0,556.0,-797.0
125.0,,-329.0,532.0,-267.0,-332.0,98.0,574.0,544.0,-785.0
180.0,,-316.0,479.0,-224.0,-305.0,93.0,389.0,523.0,-776.0
262.0,,-306.0,407.0,-153.0,-343.0,102.0,450.0,503.0,-747.0
327.0,,-273.0,329.0,-76.0,-417.0,135.0,620.0,464.0,-734.0
353.0,,-239.0,267.0,-34.0,-295.0,186.0,354.0,418.0,-699.0
385.0,,-200.0,225.0,-35.0,-265.0,233.0,657.0,374.0,-647.0
436.0,,-129.0,207.0,-56.0,-388.0,232.0,367.0,321.0,-607.0
500.0,,-75.0,219.0,-68.0,-407.0,243.0,572.0,237.0,-594.0
520.0,,-4.0,233.0,-68.0,-320.0,275.0,487.0,143.0,-562.0
507.0,,83.0,263.0,-69.0,-238.0,286.0,352.0,58.0,-520.0
508.0,,150.0,302.0,-82.0,-293.0,276.0,541.0,-15.0,-498.0
515.0,,209.0,357.0,-102.0,-359.0,239.0,194.0,-77.0,-484.0
495.0,,291.0,432.0,-109.0,-279.0,183.0,485.0,-145.0,-491.0
404.0,,338.0,487.0,-90.0,-240.0,106.0,282.0,-203.0,-490.0
338.0,,375.0,529.0,-54.0,-328.0,44.0,460.0,-251.0,-498.0
300.0,,430.0,566.0,-35.0,-387.0,21.0,552.0,-275.0,-516.0
224.0,,441.0,583.0,-36.0,-346.0,54.0,312.0,-270.0,-521.0
124.0,,450.0,588.0,-41.0,-240.0,109.0,533.0,-232.0,-528.0
47.0,,438.0,567.0,-35.0,-242.0,143.0,120.0,-172.0,-525.0
13.0,,429.0,494.0,0.0,-356.0,115.0,332.0,-125.0,-481.0
-42.0,,415.0,407.0,60.0,-367.0,40.0,157.0,-76.0,-428.0
-117.0,,384.0,316.0,142.0,-276.0,71.0,86.0,-20.0,-396.0
-152.0,,359.0,211.0,223.0,-277.0,168.0,218.0,46.0,-362.0
-156.0,,316.0,100.0,256.0,-396.0,194.0,-112.0,107.0,-323.0
-157.0,,282.0,0.0,234.0,-381.0,163.0,219.0,148.0,-303.0
-135.0,,207.0,-62.0,160.0,-267.0,160.0,-57.0,197.0,-288.0
-93.0,,150.0,-96.0,65.0,-277.0,239.0,101.0,248.0,-288.0
-46.0,,114.0,-137.0,4.0,-376.0,304.0,49.0,299.0,-314.0
5.0,,92.0,-153.0,-28.0,-419.0,327.0,-210.0,345.0,-336.0
63.0,,76.0,-129.0,-37.0,-315.0,324.0,75.0,393.0,-371.0
122.0,,54.0,-89.0,-22.0,-276.0,331.0,-138.0,430.0,-411.0
182.0,,88.0,-65.0,-8.0,-399.0,432.0,205.0,451.0,-437.0
250.0,,86.0,-62.0,13.0,-412.0,520.0,24.0,438.0,-431.0
317.0,,96.0,-44.0,45.0,-277.0,515.0,-12.0,395.0,-386.0
369.0,,118.0,-57.0,70.0,-261.0,453.0,-11.0,343.0,-324.0
418.0,,137.0,-90.0,104.0,-354.0,399.0,-291.0,274.0,-260.0
476.0,,170.0,-126.0,147.0,-379.0,422.0,59.0,204.0,-183.0
516.0,,173.0,-167.0,202.0,-320.0,453.0,-216.0,137.0,-75.0
543.0,,182.0,-190.0,262.0,-283.0,445.0,55.0,80.0,21.0
580.0,,178.0,-211.0,306.0,-327.0,442.0,-22.0,41.0,86.0
617.0,,148.0,-180.0,326.0,-331.0,517.0,-188.0,0.0,128.0
618.0,,122.0,-113.0,317.0,-293.0,618.0,42.0,-20.0,134.0
597.0,,89.0,-44.0,295.0,-237.0,657.0,-232.0,-32.0,108.0
607.0,,28.0,17.0,233.0,-256.0,679.0,120.0,-40.0,79.0
633.0,,-2.0,86.0,130.0,-323.0,679.0,-46.0,-48.0,38.0
622.0,,-59.0,167.0,5.0,-243.0,687.0,75.0,-46.0,8.0
588.0,,-131.0,217.0,-126.0,-218.0,751.0,140.0,-33.0,6.0
585.0,,-141.0,268.0,-218.0,-298.0,789.0,-14.0,-25.0,3.0
569.0,,-174.0,313.0,-256.0,-325.0,722.0,273.0,-14.0,14.0
502.0,,-217.0,318.0,-239.0,-290.0,593.0,-123.0,-6.0,58.0
410.0,,-230.0,266.0,-188.0,-239.0,515.0,68.0,37.0,123.0
353.0,,-238.0,183.0,-128.0,-304.0,530.0,-145.0,80.0,190.0
299.0,,-238.0,114.0,-73.0,-331.0,579.0,-230.0,117.0,249.0
200.0,,-232.0,61.0,-19.0,-212.0,565.0,0.0,170.0,288.0
117.0,,-232.0,34.0,12.0,-160.0,478.0,-175.0,199.0,323.0
61.0,,-224.0,17.0,7.0,-239.0,424.0,219.0,230.0,322.0
12.0,,-210.0,12.0,5.0,-279.0,484.0,-3.0,247.0,309.0
-41.0,,-205.0,14.0,18.0,-200.0,578.0,197.0,253.0,288.0
-102.0,,-193.0,37.0,66.0,-104.0,613.0,177.0,254.0,226.0
-145.0,,-177.0,73.0,146.0,-121.0,622.0,-7.0,239.0,159.0
-152.0,,-165.0,85.0,228.0,-202.0,653.0,247.0,233.0,66.0
-150.0,,-146.0,101.0,284.0,-115.0,743.0,-118.0,219.0,-23.0
-141.0,,-130.0,127.0,290.0,-26.0,849.0,192.0,211.0,-112.0
-118.0,,-117.0,146.0,273.0,-108.0,841.0,73.0,205.0,-212.0
-82.0,,-101.0,174.0,237.0,-162.0,704.0,96.0,192.0,-291.0
-12.0,,-114.0,200.0,175.0,-125.0,599.0,234.0,195.0,-355.0
33.0,,-120.0,213.0,96.0,-70.0,599.0,-59.0,201.0,-392.0
75.0,,-132.0,212.0,17.0,-89.0,665.0,169.0,201.0,-442.0
141.0,,-160.0,195.0,-43.0,-179.0,691.0,-194.0,207.0,-471.0
215.0,,-170.0,179.0,-85.0,-157.0,613.0,-29.0,223.0,-459.0
261.0,,-188.0,149.0,-118.0,-37.0,535.0,-64.0,244.0,-441.0
279.0,,-193.0,102.0,-163.0,-13.0,522.0,-72.0,273.0,-389.0
320.0,,-178.0,91.0,-205.0,-41.0,593.0,256.0,302.0,-323.0
357.0,,-178.0,101.0,-227.0,-50.0,656.0,-94.0,335.0,-238.0
378.0,,-179.0,98.0,-232.0,0.0,630.0,190.0,388.0,-131.0
364.0,,-152.0,110.0,-242.0,27.0,598.0,-38.0,432.0,-63.0
361.0,,-138.0,166.0,-242.0,-58.0,612.0,-42.0,461.0,-22.0
387.0,,-123.0,241.0,-206.0,-35.0,673.0,-16.0,497.0,15.0
391.0,,-95.0,310.0,-144.0,54.0,657.0,-312.0,514.0,45.0
367.0,,-82.0,391.0,-60.0,14.0,521.0,-33.0,516.0,64.0
334.0,,-60.0,457.0,16.0,-54.0,404.0,-299.0,508.0,68.0
348.0,,-53.0,471.0,68.0,-64.0,422.0,-44.0,484.0,87.0
350.0,,-44.0,414.0,100.0,-21.0,531.0,-164.0,456.0,121.0
297.0,,-42.0,329.0,121.0,-9.0,572.0,-229.0,435.0,153.0
246.0,,-37.0,280.0,117.0,-79.0,495.0,-22.0,409.0,179.0
218.0,,-35.0,273.0,60.0,-89.0,429.0,-375.0,377.0,183.0
194.0,,-32.0,283.0,-39.0,-29.0,465.0,-129.0,339.0,181.0
122.0,,3.0,301.0,-144.0,-32.0,525.0,-439.0,292.0,192.0
40.0,,21.0,358.0,-216.0,-65.0,520.0,-304.0,256.0,210.0
-11.0,,37.0,434.0,-239.0,-49.0,476.0,-197.0,200.0,246.0
-64.0,,52.0,479.0,-236.0,-23.0,484.0,-343.0,161.0,298.0
-125.0,,62.0,487.0,-216.0,-54.0,518.0,-105.0,153.0,371.0
-202.0,,73.0,474.0,-188.0,-149.0,545.0,-539.0,143.0,452.0
-251.0,,68.0,449.0,-162.0,-220.0,546.0,-312.0,148.0,511.0
-277.0,,68.0,398.0,-142.0,-137.0,488.0,-463.0,164.0,568.0
-319.0,,69.0,328.0,-135.0,-60.0,444.0,-465.0,197.0,612.0
-359.0,,79.0,252.0,-135.0,-136.0,456.0,-266.0,215.0,621.0
-371.0,,73.0,159.0,-131.0,-160.0,521.0,-489.0,224.0,606.0
-365.0,,64.0,70.0,-108.0,-87.0,531.0,-109.0,221.0,583.0
-394.0,,73.0,9.0,-75.0,-13.0,460.0,-421.0,196.0,547.0
-422.0,,79.0,-40.0,-43.0,-71.0,414.0,-369.0,160.0,478.0
-417.0,,86.0,-89.0,0.0,-189.0,386.0,-471.0,114.0,388.0
-411.0,,83.0,-134.0,49.0,-131.0,385.0,-646.0,91.0,325.0
-431.0,,123.0,-159.0,99.0,-110.0,389.0,-482.0,78.0,281.0
-469.0,,146.0,-156.0,135.0,-180.0,364.0,-835.0,66.0,242.0
-468.0,,157.0,-152.0,153.0,-175.0,352.0,-509.0,35.0,201.0
-454.0,,189.0,-134.0,159.0,-113.0,354.0,-663.0,0.0,195.0
-473.0,,186.0,-115.0,141.0,-47.0,350.0,-541.0,-29.0,235.0
-491.0,,199.0,-110.0,106.0,-72.0,343.0,-415.0,-78.0,269.0
-466.0,,205.0,-73.0,41.0,-108.0,329.0,-703.0,-123.0,343.0
-425.0,,206.0,-14.0,-48.0,-73.0,309.0,-439.0,-163.0,430.0
-403.0,,211.0,27.0,-143.0,-18.0,324.0,-798.0,-186.0,537.0
-386.0,,220.0,75.0,-211.0,-65.0,348.0,-626.0,-219.0,660.0
-355.0,,223.0,139.0,-224.0,-186.0,353.0,-635.0,-249.0,749.0
-315.0,,238.0,174.0,-198.0,-194.0,305.0,-648.0,-262.0,847.0
-285.0,,267.0,188.0,-148.0,-173.0,221.0,-441.0,-284.0,889.0
-267.0,,290.0,193.0,-87.0,-219.0,184.0,-737.0,-298.0,867.0
-252.0,,333.0,145.0,-16.0,-262.0,192.0,-454.0,-325.0,811.0
-236.0,,359.0,69.0,63.0,-224.0,225.0,-740.0,-348.0,713.0
-222.0,,398.0,6.0,131.0,-158.0,216.0,-689.0,-345.0,632.0
-215.0,,443.0,-36.0,178.0,-189.0,194.0,-703.0,-329.0,523.0
-187.0,,459.0,-69.0,190.0,-220.0,225.0,-877.0,-311.0,395.0
-131.0,,460.0,-108.0,162.0,-176.0,266.0,-498.0,-287.0,302.0
-100.0,,477.0,-148.0,107.0,-112.0,303.0,-727.0,-242.0,209.0
-78.0,,476.0,-188.0,42.0,-100.0,283.0,-395.0,-212.0,116.0
-49.0,,454.0,-249.0,-17.0,-181.0,215.0,-487.0,-188.0,12.0
-16.0,,418.0,-327.0,-55.0,-192.0,179.0,-548.0,-163.0,-71.0
7.0,,363.0,-391.0,-64.0,-132.0,196.0,-461.0,-152.0,-125.0
23.0,,330.0,-446.0,-76.0,-159.0,219.0,-825.0,-153.0,-160.0
62.0,,267.0,-476.0,-102.0,-229.0,233.0,-596.0,-181.0,-179.0
114.0,,206.0,-458.0,-129.0,-252.0,188.0,-916.0,-221.0,-177.0
148.0,,146.0,-407.0,-153.0,-191.0,138.0,-759.0,-263.0,-163.0
151.0,,89.0,-349.0,-161.0,-167.0,185.0,-729.0,-292.0,-159.0
170.0,,50.0,-297.0,-163.0,-214.0,227.0,-892.0,-311.0,-155.0
205.0,,-18.0,-242.0,-159.0,-231.0,210.0,-628.0,-305.0,-147.0
217.0,,-61.0,-172.0,-125.0,-221.0,180.0,-903.0,-262.0,-106.0
213.0,,-94.0,-97.0,-66.0,-188.0,218.0,-556.0,-209.0,-83.0
225.0,,-138.0,-36.0,-4.0,-172.0,260.0,-628.0,-131.0,-64.0
272.0,,-175.0,0.0,44.0,-206.0,258.0,-583.0,-38.0,-33.0
276.0,,-194.0,10.0,88.0,-249.0,260.0,-450.0,43.0,-4.0
265.0,,-203.0,22.0,145.0,-229.0,225.0,-709.0,119.0,26.0
296.0,,-206.0,24.0,205.0,-246.0,249.0,-447.0,160.0,20.0
313.0,,-220.0,7.0,252.0,-274.0,333.0,-770.0,180.0,26.0
285.0,,-232.0,-24.0,271.0,-254.0,356.0,-589.0,200.0,14.0
248.0,,-205.0,-45.0,257.0,-301.0,295.0,-631.0,203.0,-18.0
243.0,,-216.0,-33.0,203.0,-366.0,208.0,-761.0,208.0,-30.0
251.0,,-225.0,-11.0,134.0,-382.0,188.0,-497.0,216.0,-52.0
235.0,,-226.0,43.0,85.0,-341.0,262.0,-790.0,239.0,-97.0
209.0,,-232.0,116.0,47.0,-341.0,311.0,-526.0,262.0,-151.0
193.0,,-233.0,192.0,29.0,-419.0,253.0,-788.0,253.0,-198.0
204.0,,-261.0,267.0,45.0,-463.0,176.0,-779.0,235.0,-244.0
215.0,,-268.0,311.0,66.0,-422.0,165.0,-650.0,206.0,-291.0
180.0,,-279.0,361.0,85.0,-330.0,142.0,-781.0,157.0,-351.0
169.0,,-301.0,404.0,107.0,-344.0,42.0,-345.0,91.0,-386.0
212.0,,-314.0,403.0,123.0,-417.0,-4.0,-550.0,9.0,-400.0
243.0,,-331.0,387.0,133.0,-414.0,-9.0,-290.0,-53.0,-385.0
210.0,,-349.0,371.0,133.0,-383.0,-23.0,-376.0,-96.0,-321.0
162.0,,-344.0,341.0,128.0,-444.0,-32.0,-471.0,-120.0,-217.0
167.0,,-348.0,286.0,121.0,-551.0,-73.0,-245.0,-112.0,-52.0
178.0,,-340.0,190.0,94.0,-515.0,-94.0,-563.0,-76.0,132.0
143.0,,-302.0,82.0,65.0,-430.0,-82.0,-262.0,-13.0,324.0
102.0,,-290.0,-3.0,31.0,-488.0,-63.0,-522.0,40.0,500.0
101.0,,-265.0,-81.0,-14.0,-540.0,-77.0,-463.0,94.0,664.0
79.0,,-249.0,-133.0,-35.0,-511.0,-115.0,-454.0,172.0,799.0
17.0,,-220.0,-123.0,-9.0,-482.0,-143.0,-657.0,240.0,882.0
-55.0,,-194.0,-60.0,41.0,-484.0,-131.0,-304.0,301.0,913.0
-117.0,,-186.0,37.0,74.0,-506.0,-87.0,-572.0,341.0,873.0
-179.0,,-170.0,159.0,85.0,-448.0,-120.0,-299.0,363.0,829.0
-270.0,,-179.0,257.0,64.0,-402.0,-202.0,-412.0,371.0,767.0
-352.0,,-192.0,342.0,19.0,-475.0,-272.0,-399.0,343.0,669.0
-400.0,,-231.0,391.0,-15.0,-555.0,-309.0,-142.0,295.0,578.0
-437.0,,-278.0,382.0,-41.0,-518.0,-311.0,-345.0,221.0,494.0
-515.0,,-323.0,333.0,-54.0,-442.0,-312.0,-7.0,141.0,449.0
-610.0,,-362.0,235.0,-54.0,-489.0,-323.0,-232.0,60.0,454.0
-667.0,,-423.0,128.0,-58.0,-557.0,-372.0,-110.0,-32.0,460.0
-719.0,,-465.0,26.0,-69.0,-484.0,-376.0,-230.0,-136.0,459.0
-788.0,,-499.0,-54.0,-80.0,-372.0,-347.0,-437.0,-230.0,495.0
-854.0,,-590.0,-152.0,-90.0,-400.0,-336.0,-230.0,-318.0,534.0
-882.0,,-639.0,-275.0,-109.0,-429.0,-327.0,-593.0,-413.0,522.0
-889.0,,-701.0,-380.0,-140.0,-374.0,-324.0,-306.0,-500.0,504.0
-893.0,,-775.0,-470.0,-177.0,-329.0,-319.0,-484.0,-585.0,501.0
-904.0,,-813.0,-507.0,-203.0,-324.0,-356.0,-445.0,-659.0,485.0
-888.0,,-853.0,-493.0,-190.0,-371.0,-373.0,-260.0,-721.0,466.0
-850.0,,-856.0,-487.0,-152.0,-360.0,-400.0,-445.0,-752.0,445.0
-835.0,,-826.0,-473.0,-109.0,-264.0,-454.0,-83.0,-778.0,429.0
-829.0,,-772.0,-427.0,-83.0,-241.0,-481.0,-304.0,-799.0,384.0
-811.0,,-704.0,-360.0,-89.0,-306.0,-497.0,-66.0,-767.0,330.0
-768.0,,-612.0,-254.0,-111.0,-317.0,-489.0,-101.0,-724.0,295.0
-753.0,,-505.0,-136.0,-130.0,-287.0,-481.0,-177.0,-667.0,284.0
-761.0,,-400.0,-42.0,-116.0,-285.0,-444.0,18.0,-595.0,329.0
-728.0,,-299.0,51.0,-85.0,-306.0,-409.0,-297.0,-515.0,374.0
-685.0,,-208.0,137.0,-52.0,-313.0,-431.0,-38.0,-435.0,427.0
-675.0,,-101.0,204.0,-30.0,-276.0,-468.0,-365.0,-351.0,505.0
-671.0,,-13.0,250.0,-20.0,-240.0,-448.0,-303.0,-253.0,600.0
-630.0,,74.0,266.0,1.0,-193.0,-409.0,-188.0,-175.0,691.0
-561.0,,156.0,252.0,26.0,-210.0,-406.0,-312.0,-100.0,759.0
-520.0,,204.0,229.0,66.0,-255.0,-426.0,77.0,-28.0,819.0
-502.0,,265.0,201.0,117.0,-257.0,-446.0,-157.0,41.0,879.0
-444.0,,297.0,173.0,164.0,-300.0,-405.0,114.0,115.0,937.0
-368.0,,314.0,184.0,199.0,-309.0,-366.0,-18.0,193.0,956.0
-312.0,,341.0,197.0,204.0,-294.0,-357.0,-59.0,269.0,950.0
-311.0,,348.0,183.0,192.0,-307.0,-356.0,162.0,323.0,926.0
-311.0,,366.0,174.0,184.0,-339.0,-317.0,-70.0,387.0,881.0
-281.0,,381.0,160.0,184.0,-367.0,-265.0,247.0,452.0,810.0
-292.0,,376.0,147.0,173.0,-355.0,-259.0,-79.0,519.0,728.0
-354.0,,391.0,141.0,154.0,-341.0,-245.0,-40.0,595.0,651.0
-411.0,,371.0,129.0,136.0,-371.0,-252.0,-101.0,653.0,583.0
-398.0,,339.0,115.0,121.0,-437.0,-268.0,-262.0,686.0,518.0
-418.0,,328.0,101.0,97.0,-446.0,-269.0,79.0,686.0,437.0
-501.0,,289.0,77.0,59.0,-493.0,-274.0,-169.0,678.0,389.0
-548.0,,240.0,47.0,17.0,-524.0,-275.0,168.0,651.0,344.0
-558.0,,207.0,34.0,-30.0,-478.0,-274.0,73.0,619.0,269.0
-587.0,,182.0,30.0,-62.0,-483.0,-252.0,121.0,584.0,180.0
-640.0,,158.0,22.0,-75.0,-448.0,-215.0,243.0,554.0,103.0
-685.0,,152.0,4.0,-72.0,-475.0,-165.0,-44.0,552.0,26.0
-672.0,,145.0,-3.0,-64.0,-540.0,-140.0,293.0,552.0,-74.0
-653.0,,137.0,-2.0,-62.0,-505.0,-137.0,49.0,587.0,-156.0
-684.0,,143.0,-24.0,-70.0,-521.0,-63.0,299.0,616.0,-225.0
-698.0,,117.0,-36.0,-99.0,-562.0,23.0,315.0,622.0,-270.0
-672.0,,103.0,-32.0,-118.0,-555.0,4.0,201.0,602.0,-299.0
-623.0,,104.0,-13.0,-128.0,-565.0,-36.0,421.0,541.0,-310.0
-599.0,,94.0,4.0,-141.0,-579.0,-6.0,22.0,472.0,-318.0
-570.0,,90.0,-5.0,-132.0,-606.0,40.0,253.0,387.0,-310.0
-485.0,,64.0,9.0,-106.0,-652.0,63.0,9.0,306.0,-280.0
-381.0,,53.0,41.0,-66.0,-619.0,20.0,84.0,225.0,-258.0
-312.0,,31.0,31.0,-28.0,-590.0,-24.0,279.0,150.0,-228.0
-285.0,,-4.0,34.0,5.0,-588.0,-40.0,107.0,67.0,-225.0
-228.0,,-16.0,43.0,38.0,-585.0,-49.0,436.0,-19.0,-211.0
-167.0,,-52.0,28.0,97.0,-646.0,-24.0,109.0,-94.0,-180.0
-147.0,,-67.0,11.0,207.0,-675.0,-22.0,303.0,-174.0,-159.0
-163.0,,-87.0,-6.0,317.0,-717.0,-72.0,245.0,-235.0,-116.0
-149.0,,-108.0,-3.0,387.0,-768.0,-114.0,210.0,-293.0,-58.0
-93.0,,-104.0,-6.0,391.0,-748.0,-91.0,467.0,-324.0,33.0
-85.0,,-105.0,-17.0,352.0,-762.0,-48.0,205.0,-334.0,128.0
-110.0,,-108.0,-13.0,296.0,-802.0,-21.0,506.0,-340.0,207.0
-96.0,,-128.0,9.0,229.0,-831.0,-20.0,223.0,-323.0,286.0
-57.0,,-136.0,38.0,180.0,-830.0,-24.0,303.0,-324.0,363.0
-47.0,,-165.0,51.0,142.0,-810.0,-13.0,327.0,-341.0,430.0
-54.0,,-185.0,83.0,119.0,-822.0,-8.0,129.0,-363.0,475.0
-51.0,,-207.0,118.0,115.0,-786.0,13.0,461.0,-391.0,517.0
-18.0,,-228.0,101.0,108.0,-753.0,35.0,151.0,-412.0,553.0
1.0,,-211.0,43.0,87.0,-809.0,70.0,343.0,-424.0,586.0
-27.0,,-233.0,-31.0,62.0,-839.0,76.0,103.0,-433.0,598.0
-53.0,,-233.0,-114.0,47.0,-829.0,79.0,51.0,-425.0,553.0
-33.0,,-222.0,-171.0,30.0,-827.0,92.0,271.0,-403.0,510.0
-19.0,,-235.0,-197.0,8.0,-850.0,92.0,101.0,-383.0,490.0
-54.0,,-219.0,-207.0,-24.0,-874.0,141.0,521.0,-353.0,470.0
-90.0,,-215.0,-219.0,-66.0,-899.0,181.0,253.0,-309.0,440.0
-85.0,,-204.0,-244.0,-125.0,-875.0,174.0,410.0,-248.0,399.0
-75.0,,-170.0,-264.0,-189.0,-822.0,151.0,341.0,-179.0,381.0
-107.0,,-157.0,-269.0,-237.0,-847.0,186.0,175.0,-114.0,375.0
-147.0,,-145.0,-226.0,-266.0,-834.0,261.0,428.0,-51.0,354.0
-164.0,,-124.0,-163.0,-265.0,-838.0,310.0,66.0,-9.0,345.0
-179.0,,-108.0,-120.0,-236.0,-838.0,319.0,393.0,-6.0,344.0
-210.0,,-112.0,-78.0,-179.0,-804.0,296.0,203.0,-30.0,321.0
-240.0,,-114.0,-48.0,-105.0,-849.0,287.0,232.0,-78.0,317.0
-259.0,,-114.0,-39.0,-32.0,-832.0,324.0,306.0,-164.0,321.0
-262.0,,-128.0,-35.0,20.0,-791.0,365.0,1.0,-246.0,289.0
-284.0,,-148.0,-23.0,58.0,-792.0,342.0,314.0,-328.0,269.0
-337.0,,-172.0,-13.0,117.0,-803.0,307.0,73.0,-403.0,258.0
-345.0,,-170.0,-33.0,185.0,-799.0,307.0,397.0,-456.0,256.0
-329.0,,-166.0,-63.0,222.0,-772.0,344.0,363.0,-520.0,277.0
-338.0,,-146.0,-74.0,243.0,-759.0,369.0,341.0,-556.0,269.0
-378.0,,-127.0,-45.0,241.0,-776.0,375.0,539.0,-561.0,249.0
-390.0,,-91.0,0.0,213.0,-785.0,370.0,77.0,-549.0,224.0
-375.0,,-13.0,20.0,162.0,-734.0,354.0,288.0,-525.0,195.0
-390.0,,15.0,30.0,90.0,-740.0,353.0,-5.0,-487.0,172.0
-408.0,,84.0,15.0,18.0,-791.0,338.0,131.0,-426.0,110.0
-415.0,,163.0,-1.0,-54.0,-800.0,339.0,238.0,-369.0,62.0
-419.0,,214.0,-2.0,-103.0,-742.0,326.0,72.0,-316.0,68.0
-461.0,,285.0,-3.0,-111.0,-665.0,268.0,430.0,-256.0,74.0
-512.0,,326.0,0.0,-96.0,-699.0,220.0,162.0,-191.0,86.0
-535.0,,398.0,-17.0,-81.0,-725.0,196.0,415.0,-122.0,128.0
-552.0,,435.0,-66.0,-73.0,-661.0,175.0,254.0,-56.0,210.0
-589.0,,442.0,-107.0,-70.0,-621.0,154.0,262.0,-1.0,310.0
-653.0,,484.0,-98.0,-74.0,-582.0,133.0,478.0,21.0,389.0
-686.0,,482.0,-72.0,-95.0,-546.0,123.0,266.0,23.0,470.0
-693.0,,488.0,-55.0,-135.0,-558.0,156.0,624.0,13.0,546.0
-721.0,,495.0,-29.0,-163.0,-534.0,192.0,341.0,-18.0,584.0
-771.0,,467.0,-26.0,-168.0,-511.0,266.0,513.0,-54.0,608.0
-784.0,,462.0,-70.0,-137.0,-514.0,315.0,450.0,-87.0,625.0
-761.0,,446.0,-128.0,-84.0,-465.0,305.0,238.0,-121.0,643.0
-746.0,,420.0,-187.0,-28.0,-429.0,294.0,474.0,-148.0,676.0
-779.0,,407.0,-239.0,25.0,-427.0,263.0,166.0,-167.0,709.0
-795.0,,381.0,-260.0,77.0,-436.0,254.0,497.0,-168.0,741.0
-755.0,,368.0,-266.0,118.0,-500.0,237.0,317.0,-174.0,757.0
-758.0,,365.0,-238.0,123.0,-480.0,232.0,380.0,-184.0,744.0
-773.0,,346.0,-179.0,109.0,-368.0,244.0,509.0,-187.0,711.0
-763.0,,333.0,-124.0,80.0,-337.0,216.0,267.0,-183.0,675.0
-715.0,,335.0,-69.0,44.0,-323.0,178.0,593.0,-153.0,621.0
-677.0,,310.0,-12.0,24.0,-318.0,180.0,323.0,-93.0,547.0
-653.0,,271.0,33.0,32.0,-296.0,218.0,526.0,-20.0,475.0
-608.0,,240.0,44.0,55.0,-265.0,236.0,362.0,73.0,379.0
-555.0,,182.0,39.0,76.0,-265.0,285.0,212.0,170.0,259.0
-516.0,,133.0,40.0,98.0,-253.0,332.0,428.0,256.0,122.0
-530.0,,85.0,70.0,113.0,-259.0,325.0,182.0,317.0,-26.0
-522.0,,43.0,110.0,122.0,-252.0,317.0,558.0,341.0,-155.0
-495.0,,34.0,97.0,126.0,-235.0,351.0,363.0,353.0,-258.0
-442.0,,-5.0,66.0,123.0,-181.0,402.0,450.0,349.0,-347.0
-406.0,,-31.0,48.0,125.0,-153.0,378.0,448.0,333.0,-401.0
-388.0,,-46.0,53.0,132.0,-179.0,311.0,210.0,311.0,-411.0
-306.0,,-89.0,51.0,141.0,-146.0,250.0,469.0,293.0,-403.0
-217.0,,-122.0,15.0,114.0,-108.0,202.0,155.0,282.0,-371.0
-155.0,,-170.0,-17.0,50.0,-41.0,190.0,454.0,278.0,-336.0
-118.0,,-209.0,-44.0,-30.0,-6.0,180.0,386.0,259.0,-305.0
-54.0,,-245.0,-49.0,-103.0,-64.0,143.0,352.0,221.0,-246.0
27.0,,-298.0,-38.0,-144.0,-12.0,96.0,506.0,177.0,-172.0
86.0,,-333.0,16.0,-154.0,64.0,87.0,206.0,121.0,-113.0
110.0,,-377.0,138.0,-136.0,63.0,118.0,482.0,76.0,-73.0
138.0,,-407.0,278.0,-120.0,75.0,157.0,186.0,12.0,-19.0
214.0,,-417.0,391.0,-116.0,68.0,208.0,369.0,-53.0,-11.0
231.0,,-437.0,488.0,-116.0,65.0,225.0,467.0,-118.0,-62.0
191.0,,-429.0,576.0,-104.0,56.0,168.0,386.0,-195.0,-115.0
188.0,,-406.0,582.0,-76.0,93.0,120.0,744.0,-253.0,-187.0
212.0,,-396.0,516.0,-59.0,152.0,101.0,452.0,-316.0,-255.0
208.0,,-375.0,421.0,-65.0,151.0,95.0,676.0,-355.0,-304.0
143.0,,-332.0,308.0,-77.0,155.0,119.0,493.0,-385.0,-322.0
103.0,,-304.0,207.0,-75.0,152.0,135.0,522.0,-389.0,-293.0
133.0,,-256.0,80.0,-67.0,179.0,130.0,724.0,-378.0,-257.0
135.0,,-207.0,-77.0,-42.0,225.0,134.0,533.0,-389.0,-217.0
86.0,,-184.0,-234.0,4.0,256.0,163.0,855.0,-362.0,-148.0
55.0,,-142.0,-336.0,52.0,259.0,197.0,524.0,-339.0,-59.0
85.0,,-126.0,-377.0,93.0,302.0,231.0,591.0,-338.0,27.0
101.0,,-111.0,-395.0,118.0,369.0,216.0,434.0,-317.0,80.0
57.0,,-94.0,-383.0,127.0,358.0,165.0,273.0,-311.0,117.0
35.0,,-90.0,-359.0,107.0,401.0,129.0,517.0,-322.0,163.0
51.0,,-75.0,-302.0,52.0,431.0,110.0,225.0,-341.0,182.0
54.0,,-77.0,-209.0,-6.0,436.0,101.0,628.0,-372.0,183.0
11.0,,-64.0,-77.0,-35.0,463.0,65.0,517.0,-418.0,174.0
-15.0,,-51.0,83.0,-22.0,451.0,46.0,561.0,-467.0,167.0
13.0,,-34.0,228.0,29.0,465.0,51.0,642.0,-530.0,170.0
24.0,,-15.0,370.0,104.0,469.0,96.0,371.0,-605.0,140.0
-18.0,,11.0,501.0,186.0,460.0,117.0,637.0,-662.0,105.0
-51.0,,52.0,595.0,254.0,444.0,67.0,321.0,-714.0,66.0
-46.0,,90.0,629.0,294.0,444.0,60.0,552.0,-759.0,31.0
-64.0,,142.0,618.0,296.0,458.0,63.0,480.0,-782.0,47.0
-121.0,,178.0,586.0,240.0,418.0,80.0,402.0,-808.0,70.0
-180.0,,239.0,519.0,151.0,350.0,95.0,613.0,-830.0,127.0
-185.0,,288.0,446.0,63.0,339.0,93.0,219.0,-846.0,228.0
-172.0,,301.0,358.0,-34.0,367.0,145.0,478.0,-841.0,324.0
-210.0,,335.0,231.0,-155.0,304.0,210.0,230.0,-798.0,417.0
-274.0,,336.0,92.0,-291.0,250.0,217.0,330.0,-747.0,478.0
-290.0,,304.0,-11.0,-405.0,291.0,152.0,436.0,-680.0,513.0
-291.0,,270.0,-68.0,-477.0,319.0,111.0,303.0,-616.0,519.0
-338.0,,231.0,-110.0,-508.0,279.0,103.0,650.0,-560.0,478.0
-400.0,,177.0,-128.0,-483.0,198.0,101.0,330.0,-488.0,427.0
-429.0,,125.0,-116.0,-415.0,206.0,135.0,628.0,-432.0,376.0
-430.0,,87.0,-55.0,-320.0,271.0,134.0,526.0,-377.0,315.0
-463.0,,51.0,38.0,-237.0,239.0,123.0,482.0,-340.0,276.0
-517.0,,23.0,124.0,-172.0,181.0,149.0,655.0,-310.0,253.0
-564.0,,0.0,191.0,-116.0,162.0,174.0,341.0,-273.0,257.0
-576.0,,-12.0,224.0,-95.0,160.0,190.0,604.0,-242.0,292.0
-581.0,,-31.0,243.0,-93.0,171.0,151.0,264.0,-211.0,340.0
-606.0,,-31.0,258.0,-117.0,91.0,149.0,439.0,-224.0,412.0
-582.0,,-21.0,244.0,-164.0,26.0,241.0,489.0,-244.0,475.0
-518.0,,-25.0,193.0,-178.0,60.0,274.0,391.0,-232.0,537.0
-452.0,,-4.0,141.0,-142.0,49.0,259.0,670.0,-233.0,567.0
-424.0,,20.0,110.0,-58.0,-21.0,281.0,321.0,-235.0,553.0
-408.0,,40.0,81.0,51.0,-55.0,347.0,570.0,-216.0,533.0
-346.0,,61.0,73.0,164.0,-52.0,418.0,312.0,-192.0,471.0
-302.0,,45.0,88.0,259.0,-56.0,442.0,303.0,-164.0,382.0
-289.0,,50.0,116.0,318.0,-77.0,378.0,412.0,-129.0,264.0
-260.0,,53.0,134.0,341.0,-120.0,308.0,188.0,-105.0,127.0
-193.0,,3.0,124.0,327.0,-98.0,357.0,535.0,-104.0,-2.0
-157.0,,-5.0,103.0,285.0,-102.0,438.0,208.0,-108.0,-154.0
-182.0,,-47.0,75.0,199.0,-162.0,409.0,351.0,-106.0,-310.0
-191.0,,-93.0,64.0,65.0,-170.0,339.0,221.0,-100.0,-444.0
-172.0,,-110.0,51.0,-88.0,-197.0,322.0,109.0,-72.0,-554.0
-165.0,,-156.0,-10.0,-237.0,-226.0,341.0,332.0,-32.0,-635.0
-187.0,,-163.0,-79.0,-342.0,-291.0,394.0,64.0,5.0,-667.0
-172.0,,-197.0,-155.0,-412.0,-361.0,381.0,461.0,40.0,-673.0
-113.0,,-238.0,-232.0,-463.0,-311.0,322.0,273.0,72.0,-663.0
-73.0,,-242.0,-273.0,-465.0,-295.0,327.0,382.0,87.0,-632.0
-66.0,,-271.0,-309.0,-401.0,-333.0,402.0,434.0,88.0,-616.0
-69.0,,-282.0,-340.0,-283.0,-326.0,518.0,155.0,95.0,-574.0
-50.0,,-299.0,-340.0,-168.0,-293.0,537.0,406.0,103.0,-546.0
-24.0,,-333.0,-305.0,-81.0,-222.0,487.0,103.0,106.0,-521.0
-24.0,,-348.0,-236.0,-16.0,-163.0,523.0,373.0,102.0,-462.0
-56.0,,-367.0,-151.0,23.0,-178.0,595.0,236.0,104.0,-424.0
-34.0,,-407.0,-80.0,48.0,-244.0,646.0,201.0,121.0,-354.0
10.0,,-432.0,-32.0,45.0,-246.0,627.0,393.0,137.0,-286.0
12.0,,-441.0,-6.0,7.0,-141.0,570.0,57.0,163.0,-240.0
15.0,,-486.0,-1.0,-41.0,-79.0,603.0,330.0,199.0,-216.0
38.0,,-506.0,-20.0,-80.0,-108.0,686.0,7.0,218.0,-235.0
99.0,,-539.0,-58.0,-82.0,-117.0,704.0,144.0,225.0,-269.0
134.0,,-560.0,-79.0,-45.0,-87.0,682.0,245.0,225.0,-340.0
128.0,,-547.0,-95.0,2.0,-54.0,704.0,153.0,206.0,-414.0
168.0,,-596.0,-128.0,46.0,-41.0,747.0,508.0,180.0,-477.0
230.0,,-596.0,-156.0,73.0,-37.0,810.0,230.0,142.0,-520.0
258.0,,-619.0,-145.0,67.0,-12.0,836.0,495.0,109.0,-560.0
259.0,,-663.0,-103.0,40.0,7.0,755.0,297.0,101.0,-588.0
282.0,,-677.0,-51.0,20.0,0.0,715.0,249.0,109.0,-587.0
318.0,,-716.0,-18.0,36.0,-13.0,781.0,367.0,141.0,-610.0
309.0,,-721.0,-23.0,74.0,25.0,858.0,116.0,172.0,-648.0
265.0,,-721.0,-36.0,85.0,-9.0,822.0,474.0,206.0,-725.0
236.0,,-713.0,-75.0,40.0,-47.0,779.0,205.0,215.0,-804.0
227.0,,-699.0,-110.0,-60.0,9.0,804.0,412.0,195.0,-880.0
204.0,,-663.0,-150.0,-173.0,-40.0,807.0,369.0,177.0,-972.0
148.0,,-619.0,-204.0,-231.0,-85.0,814.0,197.0,128.0,-1037.0
96.0,,-587.0,-237.0,-212.0,-68.0,782.0,434.0,60.0,-1107.0
81.0,,-514.0,-271.0,-134.0,-73.0,766.0,118.0,-3.0,-1177.0
67.0,,-443.0,-282.0,-26.0,-77.0,827.0,441.0,-60.0,-1242.0
6.0,,-353.0,-269.0,73.0,-93.0,877.0,291.0,-119.0,-1324.0
-69.0,,-266.0,-266.0,142.0,-65.0,875.0,402.0,-156.0,-1419.0
-102.0,,-191.0,-287.0,179.0,-35.0,865.0,511.0,-195.0,-1495.0
-103.0,,-95.0,-290.0,188.0,-56.0,908.0,277.0,-228.0,-1543.0
-125.0,,-42.0,-228.0,172.0,-47.0,966.0,528.0,-234.0,-1586.0
-161.0,,21.0,-128.0,126.0,-54.0,1023.0,162.0,-242.0,-1583.0
-159.0,,55.0,-17.0,57.0,-79.0,1067.0,424.0,-233.0,-1531.0
-118.0,,56.0,72.0,0.0,-10.0,1061.0,352.0,-237.0,-1468.0
-106.0,,74.0,148.0,-18.0,6.0,1067.0,293.0,-239.0,-1381.0
-125.0,,42.0,232.0,9.0,-83.0,1114.0,493.0,-225.0,-1275.0
-104.0,,25.0,269.0,86.0,-97.0,1148.0,199.0,-221.0,-1137.0
-71.0,,27.0,245.0,180.0,-66.0,1146.0,522.0,-205.0,-986.0
-76.0,,8.0,197.0,234.0,-73.0,1138.0,290.0,-179.0,-871.0
-104.0,,2.0,137.0,249.0,-101.0,1161.0,434.0,-154.0,-760.0
-94.0,,10.0,68.0,240.0,-105.0,1153.0,443.0,-131.0,-670.0
-73.0,,41.0,-6.0,209.0,-76.0,1103.0,275.0,-105.0,-614.0
-90.0,,82.0,-86.0,160.0,-91.0,1089.0,521.0,-100.0,-572.0
-102.0,,102.0,-145.0,104.0,-116.0,1097.0,175.0,-109.0,-552.0
-86.0,,125.0,-168.0,72.0,-85.0,1114.0,497.0,-127.0,-536.0
-63.0,,173.0,-188.0,74.0,-71.0,1154.0,367.0,-152.0,-536.0
-65.0,,186.0,-203.0,94.0,-87.0,1168.0,399.0,-176.0,-540.0
-50.0,,195.0,-244.0,106.0,-84.0,1159.0,533.0,-207.0,-523.0
-22.0,,230.0,-301.0,92.0,-77.0,1188.0,262.0,-235.0,-475.0
6.0,,244.0,-335.0,75.0,-74.0,1173.0,583.0,-259.0,-417.0
35.0,,273.0,-361.0,58.0,-51.0,1106.0,258.0,-277.0,-348.0
41.0,,297.0,-374.0,8.0,-41.0,1080.0,424.0,-288.0,-278.0
80.0,,309.0,-402.0,-55.0,-29.0,1095.0,369.0,-311.0,-221.0
162.0,,343.0,-421.0,-98.0,-17.0,1155.0,271.0,-316.0,-168.0
236.0,,342.0,-385.0,-120.0,-10.0,1163.0,535.0,-312.0,-149.0
255.0,,357.0,-312.0,-120.0,4.0,1118.0,242.0,-319.0,-127.0
276.0,,370.0,-210.0,-112.0,-47.0,1084.0,574.0,-326.0,-119.0
339.0,,349.0,-90.0,-106.0,-62.0,1042.0,347.0,-334.0,-137.0
386.0,,378.0,19.0,-110.0,-52.0,1035.0,400.0,-330.0,-159.0
381.0,,366.0,130.0,-126.0,-83.0,1006.0,463.0,-324.0,-203.0
374.0,,348.0,227.0,-128.0,-43.0,922.0,314.0,-300.0,-259.0
410.0,,350.0,315.0,-118.0,9.0,891.0,739.0,-258.0,-328.0
426.0,,326.0,406.0,-102.0,33.0,958.0,493.0,-210.0,-370.0
390.0,,312.0,477.0,-93.0,27.0,1019.0,715.0,-150.0,-416.0
353.0,,276.0,525.0,-94.0,27.0,980.0,489.0,-80.0,-456.0
340.0,,264.0,549.0,-84.0,59.0,958.0,347.0,4.0,-449.0
323.0,,231.0,560.0,-69.0,99.0,986.0,500.0,78.0,-415.0
267.0,,186.0,530.0,-72.0,62.0,984.0,236.0,150.0,-354.0
202.0,,153.0,478.0,-97.0,25.0,927.0,631.0,225.0,-270.0
187.0,,89.0,442.0,-120.0,100.0,852.0,399.0,279.0,-189.0
183.0,,30.0,401.0,-114.0,89.0,817.0,580.0,327.0,-125.0
134.0,,-60.0,380.0,-69.0,57.0,780.0,602.0,367.0,-56.0
71.0,,-141.0,363.0,-1.0,52.0,762.0,388.0,387.0,-32.0
69.0,,-224.0,361.0,60.0,100.0,762.0,626.0,387.0,-55.0
90.0,,-305.0,404.0,106.0,216.0,701.0,260.0,357.0,-83.0
50.0,,-373.0,458.0,135.0,192.0,621.0,532.0,300.0,-123.0
-14.0,,-449.0,493.0,160.0,191.0,636.0,365.0,228.0,-172.0
-29.0,,-507.0,490.0,175.0,234.0,710.0,395.0,158.0,-208.0
-8.0,,-585.0,492.0,184.0,214.0,696.0,524.0,100.0,-259.0
-28.0,,-627.0,488.0,194.0,249.0,607.0,203.0,41.0,-331.0
-52.0,,-671.0,463.0,185.0,268.0,503.0,473.0,-5.0,-383.0
-32.0,,-706.0,446.0,156.0,249.0,431.0,118.0,-34.0,-445.0
8.0,,-688.0,411.0,95.0,250.0,448.0,295.0,-39.0,-498.0
44.0,,-717.0,384.0,4.0,237.0,461.0,277.0,-27.0,-534.0
77.0,,-715.0,383.0,-99.0,215.0,395.0,184.0,-7.0,-550.0
133.0,,-697.0,390.0,-194.0,218.0,350.0,437.0,40.0,-539.0
199.0,,-701.0,435.0,-265.0,205.0,338.0,155.0,100.0,-546.0
257.0,,-664.0,520.0,-309.0,188.0,296.0,436.0,160.0,-553.0
325.0,,-651.0,591.0,-322.0,216.0,234.0,194.0,227.0,-561.0
408.0,,-632.0,645.0,-333.0,228.0,218.0,317.0,307.0,-598.0
500.0,,-592.0,667.0,-359.0,272.0,269.0,338.0,375.0,-639.0
593.0,,-583.0,639.0,-386.0,281.0,258.0,81.0,421.0,-686.0
645.0,,-564.0,593.0,-403.0,256.0,202.0,388.0,468.0,-746.0
710.0,,-557.0,547.0,-401.0,335.0,182.0,5.0,503.0,-796.0
807.0,,-581.0,522.0,-386.0,356.0,141.0,253.0,527.0,-833.0
865.0,,-622.0,515.0,-349.0,350.0,130.0,184.0,549.0,-865.0
865.0,,-665.0,515.0,-273.0,299.0,155.0,158.0,565.0,-864.0
845.0,,-721.0,508.0,-174.0,229.0,158.0,417.0,580.0,-849.0
860.0,,-786.0,499.0,-95.0,348.0,164.0,177.0,596.0,-864.0
842.0,,-850.0,501.0,-47.0,372.0,188.0,480.0,606.0,-865.0
757.0,,-938.0,498.0,-17.0,318.0,209.0,182.0,593.0,-854.0
685.0,,-1011.0,477.0,13.0,355.0,176.0,277.0,579.0,-834.0
662.0,,-1085.0,393.0,52.0,340.0,115.0,266.0,559.0,-805.0
619.0,,-1153.0,263.0,71.0,355.0,112.0,116.0,514.0,-778.0
510.0,,-1196.0,135.0,54.0,411.0,129.0,410.0,426.0,-761.0
422.0,,-1243.0,19.0,16.0,398.0,71.0,70.0,320.0,-725.0
398.0,,-1240.0,-72.0,-17.0,407.0,15.0,304.0,230.0,-681.0
360.0,,-1216.0,-134.0,-36.0,438.0,24.0,110.0,133.0,-691.0
279.0,,-1188.0,-155.0,-33.0,400.0,43.0,90.0,47.0,-699.0
204.0,,-1118.0,-124.0,-22.0,437.0,67.0,212.0,-18.0,-744.0
146.0,,-1050.0,-72.0,-13.0,510.0,57.0,-51.0,-74.0,-819.0
92.0,,-961.0,-13.0,5.0,471.0,33.0,262.0,-108.0,-881.0
12.0,,-847.0,65.0,5.0,430.0,35.0,31.0,-138.0,-947.0
-74.0,,-753.0,134.0,-17.0,406.0,56.0,271.0,-159.0,-990.0
-121.0,,-627.0,178.0,-60.0,383.0,105.0,199.0,-168.0,-1023.0
-154.0,,-499.0,190.0,-105.0,408.0,147.0,68.0,-175.0,-1010.0
-220.0,,-397.0,196.0,-112.0,370.0,134.0,262.0,-184.0,-965.0
-294.0,,-278.0,221.0,-63.0,359.0,99.0,-125.0,-196.0,-886.0
-327.0,,-178.0,242.0,20.0,388.0,93.0,177.0,-203.0,-780.0
-357.0,,-79.0,235.0,85.0,313.0,124.0,1.0,-217.0,-654.0
-403.0,,-2.0,186.0,107.0,277.0,157.0,158.0,-220.0,-540.0
-448.0,,58.0,126.0,103.0,252.0,160.0,317.0,-210.0,-450.0
-469.0,,142.0,89.0,90.0,257.0,185.0,94.0,-214.0,-325.0
-484.0,,183.0,81.0,70.0,285.0,203.0,339.0,-205.0,-238.0
-517.0,,223.0,91.0,43.0,216.0,184.0,-36.0,-201.0,-151.0
-534.0,,256.0,125.0,6.0,214.0,183.0,177.0,-227.0,-49.0
-545.0,,262.0,167.0,-20.0,256.0,205.0,103.0,-254.0,17.0
-546.0,,282.0,181.0,-36.0,212.0,213.0,153.0,-277.0,59.0
-541.0,,264.0,194.0,-54.0,141.0,215.0,432.0,-305.0,70.0
-540.0,,232.0,231.0,-63.0,124.0,244.0,109.0,-322.0,59.0
-528.0,,221.0,261.0,-62.0,150.0,250.0,347.0,-327.0,59.0
-498.0,,183.0,283.0,-38.0,129.0,218.0,42.0,-312.0,72.0
-464.0,,174.0,280.0,-3.0,46.0,242.0,186.0,-273.0,78.0
-484.0,,181.0,225.0,13.0,32.0,324.0,279.0,-242.0,120.0
-502.0,,174.0,144.0,34.0,58.0,391.0,138.0,-201.0,172.0
-485.0,,213.0,20.0,80.0,-17.0,387.0,406.0,-161.0,254.0
-505.0,,233.0,-124.0,128.0,-45.0,381.0,101.0,-144.0,348.0
-539.0,,223.0,-237.0,151.0,-46.0,419.0,406.0,-115.0,436.0
-541.0,,225.0,-296.0,158.0,-52.0,434.0,269.0,-73.0,535.0
-520.0,,206.0,-313.0,153.0,-36.0,473.0,301.0,-38.0,611.0
-512.0,,161.0,-315.0,127.0,-154.0,517.0,482.0,10.0,694.0
-539.0,,111.0,-295.0,97.0,-198.0,533.0,197.0,49.0,741.0
-523.0,,57.0,-227.0,74.0,-135.0,495.0,532.0,49.0,751.0
-475.0,,-7.0,-142.0,58.0,-132.0,441.0,271.0,81.0,742.0
-454.0,,-64.0,-65.0,49.0,-172.0,462.0,389.0,106.0,700.0
-439.0,,-118.0,13.0,48.0,-230.0,443.0,295.0,100.0,632.0
-412.0,,-150.0,79.0,60.0,-276.0,378.0,134.0,96.0,557.0
-354.0,,-179.0,169.0,91.0,-298.0,346.0,360.0,84.0,500.0
-319.0,,-196.0,268.0,141.0,-310.0,362.0,66.0,60.0,445.0
-311.0,,-200.0,363.0,210.0,-368.0,404.0,428.0,18.0,411.0
-281.0,,-234.0,439.0,279.0,-381.0,448.0,280.0,-10.0,392.0
-248.0,,-232.0,481.0,320.0,-351.0,470.0,360.0,-39.0,362.0
-212.0,,-230.0,532.0,312.0,-313.0,406.0,443.0,-64.0,353.0
-177.0,,-242.0,571.0,263.0,-300.0,335.0,160.0,-83.0,356.0
-117.0,,-216.0,610.0,193.0,-355.0,308.0,443.0,-100.0,362.0
-43.0,,-192.0,650.0,120.0,-364.0,305.0,138.0,-100.0,395.0
29.0,,-157.0,691.0,54.0,-383.0,321.0,347.0,-94.0,452.0
97.0,,-120.0,730.0,-5.0,-434.0,355.0,256.0,-81.0,521.0
149.0,,-90.0,761.0,-50.0,-445.0,384.0,179.0,-69.0,588.0
206.0,,-56.0,774.0,-68.0,-461.0,342.0,369.0,-36.0,653.0
242.0,,-28.0,723.0,-56.0,-477.0,273.0,88.0,9.0,702.0
253.0,,0.0,643.0,-29.0,-444.0,233.0,410.0,67.0,747.0
263.0,,13.0,570.0,2.0,-406.0,239.0,151.0,150.0,785.0
285.0,,18.0,494.0,12.0,-364.0,283.0,323.0,220.0,797.0
298.0,,20.0,386.0,-9.0,-336.0,277.0,410.0,274.0,804.0
298.0,,0.0,251.0,-33.0,-391.0,223.0,216.0,308.0,776.0
307.0,,-20.0,133.0,-49.0,-394.0,166.0,509.0,328.0,731.0
316.0,,-39.0,50.0,-64.0,-399.0,151.0,147.0,339.0,658.0
324.0,,-60.0,5.0,-96.0,-446.0,197.0,334.0,345.0,560.0
321.0,,-80.0,0.0,-152.0,-381.0,201.0,190.0,346.0,463.0
296.0,,-114.0,27.0,-214.0,-340.0,140.0,218.0,330.0,374.0
258.0,,-126.0,42.0,-259.0,-322.0,91.0,399.0,312.0,312.0
238.0,,-140.0,61.0,-248.0,-308.0,51.0,136.0,292.0,235.0
248.0,,-159.0,103.0,-188.0,-350.0,13.0,415.0,246.0,187.0
246.0,,-161.0,140.0,-108.0,-282.0,2.0,81.0,178.0,146.0
231.0,,-175.0,152.0,-15.0,-231.0,2.0,260.0,109.0,112.0
232.0,,-157.0,145.0,80.0,-290.0,-35.0,290.0,29.0,117.0
254.0,,-143.0,156.0,171.0,-334.0,-62.0,175.0,-61.0,119.0
281.0,,-131.0,184.0,233.0,-341.0,-41.0,471.0,-137.0,133.0
283.0,,-100.0,205.0,255.0,-328.0,-54.0,121.0,-202.0,140.0
295.0,,-79.0,222.0,237.0,-297.0,-127.0,347.0,-243.0,135.0
302.0,,-38.0,230.0,180.0,-303.0,-194.0,129.0,-254.0,114.0
304.0,,-25.0,264.0,120.0,-352.0,-176.0,110.0,-262.0,57.0
334.0,,-19.0,339.0,60.0,-285.0,-134.0,195.0,-258.0,-33.0
331.0,,0.0,418.0,0.0,-204.0,-207.0,-48.0,-252.0,-140.0
280.0,,-1.0,482.0,-41.0,-229.0,-335.0,338.0,-259.0,-221.0
233.0,,2.0,512.0,-47.0,-266.0,-391.0,94.0,-252.0,-283.0
198.0,,0.0,544.0,-22.0,-238.0,-350.0,295.0,-229.0,-318.0
139.0,,15.0,589.0,-3.0,-160.0,-334.0,208.0,-205.0,-295.0
60.0,,33.0,601.0,6.0,-191.0,-411.0,35.0,-189.0,-246.0
-17.0,,38.0,581.0,9.0,-256.0,-461.0,242.0,-162.0,-179.0
-69.0,,56.0,516.0,0.0,-220.0,-502.0,-31.0,-128.0,-72.0
-122.0,,83.0,442.0,-2.0,-194.0,-551.0,336.0,-115.0,37.0
-184.0,,111.0,366.0,12.0,-172.0,-548.0,125.0,-114.0,119.0
-229.0,,138.0,238.0,25.0,-175.0,-525.0,175.0,-108.0,200.0
-257.0,,190.0,110.0,18.0,-194.0,-520.0,216.0,-94.0,266.0
-282.0,,227.0,9.0,-12.0,-139.0,-561.0,-9.0,-83.0,291.0
-300.0,,260.0,-80.0,-42.0,-111.0,-591.0,299.0,-72.0,309.0
-274.0,,300.0,-131.0,-61.0,-77.0,-547.0,-16.0,-49.0,322.0
-254.0,,330.0,-134.0,-80.0,-35.0,-489.0,267.0,-38.0,341.0
-205.0,,373.0,-103.0,-96.0,21.0,-458.0,181.0,-32.0,399.0
-141.0,,398.0,-72.0,-129.0,68.0,-481.0,131.0,-43.0,480.0
-81.0,,418.0,-57.0,-168.0,62.0,-534.0,384.0,-80.0,579.0
-3.0,,473.0,-39.0,-202.0,89.0,-530.0,90.0,-124.0,717.0
47.0,,508.0,-10.0,-230.0,112.0,-506.0,349.0,-167.0,860.0
105.0,,527.0,38.0,-236.0,155.0,-497.0,57.0,-208.0,974.0
155.0,,567.0,128.0,-212.0,134.0,-500.0,168.0,-253.0,1062.0
149.0,,581.0,214.0,-154.0,171.0,-463.0,190.0,-300.0,1092.0
118.0,,577.0,273.0,-80.0,293.0,-411.0,57.0,-330.0,1081.0
120.0,,570.0,342.0,-15.0,310.0,-458.0,389.0,-335.0,1039.0
135.0,,545.0,406.0,27.0,326.0,-507.0,73.0,-344.0,955.0
91.0,,515.0,470.0,41.0,371.0,-498.0,328.0,-335.0,863.0
41.0,,486.0,531.0,26.0,440.0,-459.0,131.0,-282.0,789.0
35.0,,443.0,580.0,4.0,456.0,-430.0,94.0,-232.0,733.0
48.0,,395.0,619.0,2.0,421.0,-404.0,219.0,-165.0,681.0
31.0,,349.0,635.0,20.0,478.0,-380.0,-48.0,-102.0,664.0
-26.0,,311.0,636.0,61.0,606.0,-403.0,317.0,-52.0,672.0
-53.0,,300.0,635.0,119.0,669.0,-406.0,49.0,-19.0,680.0
-42.0,,268.0,648.0,169.0,611.0,-400.0,240.0,-43.0,703.0
-54.0,,253.0,623.0,214.0,557.0,-396.0,177.0,-76.0,715.0
-98.0,,248.0,543.0,252.0,612.0,-334.0,35.0,-111.0,747.0
-106.0,,229.0,467.0,270.0,700.0,-248.0,304.0,-153.0,785.0
-57.0,,217.0,373.0,278.0,719.0,-226.0,-1.0,-190.0,793.0
-37.0,,191.0,277.0,278.0,709.0,-239.0,297.0,-223.0,792.0
-51.0,,192.0,220.0,278.0,723.0,-235.0,81.0,-247.0,777.0
-62.0,,180.0,191.0,287.0,761.0,-207.0,164.0,-278.0,713.0
-44.0,,170.0,173.0,285.0,795.0,-205.0,284.0,-299.0,624.0
-14.0,,186.0,129.0,255.0,822.0,-224.0,48.0,-332.0,498.0
-2.0,,183.0,76.0,206.0,834.0,-196.0,358.0,-362.0,331.0
17.0,,184.0,51.0,144.0,851.0,-229.0,99.0,-381.0,169.0
52.0,,204.0,55.0,81.0,829.0,-274.0,356.0,-388.0,-3.0
80.0,,216.0,56.0,30.0,797.0,-274.0,232.0,-369.0,-168.0
74.0,,217.0,48.0,-7.0,851.0,-250.0,118.0,-340.0,-326.0
91.0,,221.0,31.0,-34.0,826.0,-202.0,301.0,-287.0,-470.0
121.0,,218.0,-9.0,-49.0,780.0,-188.0,1.0,-219.0,-585.0
134.0,,200.0,-61.0,-68.0,805.0,-145.0,327.0,-160.0,-650.0
145.0,,172.0,-68.0,-100.0,818.0,-104.0,66.0,-111.0,-657.0
156.0,,141.0,-28.0,-117.0,866.0,-68.0,160.0,-74.0,-628.0
173.0,,116.0,2.0,-114.0,835.0,-71.0,205.0,-60.0,-530.0
169.0,,81.0,22.0,-104.0,757.0,-140.0,9.0,-58.0,-377.0
177.0,,33.0,35.0,-78.0,811.0,-127.0,330.0,-51.0,-196.0
180.0,,5.0,83.0,-41.0,870.0,-38.0,53.0,-53.0,8.0
190.0,,-31.0,138.0,-3.0,762.0,71.0,282.0,-92.0,219.0
214.0,,-63.0,144.0,34.0,615.0,130.0,99.0,-140.0,396.0
192.0,,-81.0,144.0,78.0,640.0,116.0,51.0,-173.0,572.0
180.0,,-132.0,131.0,135.0,747.0,136.0,184.0,-205.0,741.0
191.0,,-153.0,96.0,176.0,694.0,227.0,-36.0,-207.0,858.0
184.0,,-192.0,49.0,175.0,517.0,308.0,345.0,-188.0,954.0
133.0,,-243.0,16.0,127.0,468.0,283.0,-1.0,-139.0,1014.0
87.0,,-265.0,20.0,36.0,545.0,221.0,110.0,-71.0,1046.0
83.0,,-325.0,41.0,-52.0,544.0,191.0,131.0,0.0,1049.0
76.0,,-337.0,86.0,-101.0,470.0,180.0,27.0,66.0,990.0
75.0,,-348.0,131.0,-106.0,425.0,201.0,327.0,110.0,906.0
94.0,,-379.0,160.0,-67.0,467.0,292.0,40.0,171.0,815.0
122.0,,-379.0,172.0,3.0,479.0,356.0,315.0,225.0,701.0
165.0,,-396.0,159.0,95.0,354.0,270.0,53.0,272.0,598.0
202.0,,-375.0,117.0,173.0,290.0,157.0,53.0,311.0,519.0
200.0,,-367.0,65.0,212.0,304.0,130.0,153.0,318.0,467.0
205.0,,-356.0,50.0,209.0,276.0,211.0,-99.0,321.0,456.0
241.0,,-302.0,40.0,166.0,221.0,358.0,266.0,307.0,469.0
270.0,,-269.0,-9.0,109.0,144.0,393.0,3.0,276.0,484.0
307.0,,-231.0,-46.0,57.0,171.0,295.0,218.0,240.0,512.0
337.0,,-187.0,-60.0,26.0,215.0,250.0,158.0,192.0,544.0
372.0,,-141.0,-97.0,21.0,139.0,288.0,33.0,139.0,553.0
430.0,,-121.0,-135.0,20.0,128.0,280.0,229.0,86.0,557.0
469.0,,-101.0,-141.0,22.0,161.0,249.0,-70.0,29.0,556.0
521.0,,-68.0,-114.0,30.0,142.0,277.0,243.0,-22.0,523.0
591.0,,-78.0,-56.0,45.0,89.0,299.0,1.0,-69.0,479.0
627.0,,-85.0,-8.0,64.0,-6.0,268.0,81.0,-113.0,432.0
654.0,,-115.0,53.0,78.0,-14.0,212.0,157.0,-144.0,360.0
693.0,,-151.0,152.0,74.0,54.0,174.0,-57.0,-185.0,299.0
729.0,,-173.0,218.0,36.0,-2.0,203.0,256.0,-208.0,247.0
710.0,,-211.0,226.0,-24.0,-113.0,263.0,-99.0,-215.0,195.0
659.0,,-238.0,214.0,-81.0,-73.0,347.0,94.0,-206.0,153.0
639.0,,-283.0,208.0,-110.0,-10.0,383.0,0.0,-175.0,103.0
606.0,,-305.0,204.0,-119.0,-82.0,278.0,-33.0,-146.0,67.0
563.0,,-317.0,238.0,-129.0,-183.0,130.0,273.0,-99.0,50.0
519.0,,-344.0,314.0,-166.0,-188.0,50.0,60.0,-48.0,42.0
474.0,,-333.0,386.0,-233.0,-73.0,117.0,386.0,-12.0,48.0
440.0,,-308.0,451.0,-303.0,-47.0,255.0,131.0,20.0,76.0
388.0,,-281.0,494.0,-364.0,-164.0,303.0,195.0,41.0,90.0
319.0,,-239.0,483.0,-387.0,-173.0,222.0,182.0,53.0,106.0
245.0,,-195.0,423.0,-365.0,-139.0,98.0,-42.0,66.0,128.0
210.0,,-155.0,345.0,-317.0,-207.0,141.0,243.0,62.0,140.0
174.0,,-109.0,254.0,-241.0,-233.0,305.0,-42.0,47.0,163.0
109.0,,-72.0,155.0,-153.0,-234.0,373.0,279.0,45.0,174.0
57.0,,-57.0,55.0,-56.0,-219.0,292.0,214.0,29.0,182.0
27.0,,-20.0,-29.0,41.0,-216.0,143.0,201.0,8.0,172.0
-9.0,,-4.0,-93.0,119.0,-308.0,87.0,386.0,-8.0,164.0
-75.0,,0.0,-156.0,162.0,-250.0,143.0,94.0,-27.0,148.0
-116.0,,38.0,-190.0,161.0,-166.0,224.0,373.0,-40.0,91.0
-117.0,,54.0,-177.0,132.0,-184.0,218.0,84.0,-54.0,39.0
-102.0,,87.0,-135.0,90.0,-200.0,110.0,251.0,-86.0,-30.0
-115.0,,116.0,-73.0,66.0,-212.0,62.0,299.0,-132.0,-115.0
-112.0,,116.0,-16.0,83.0,-129.0,126.0,164.0,-181.0,-220.0
-74.0,,154.0,34.0,124.0,-158.0,201.0,419.0,-240.0,-306.0
-43.0,,168.0,78.0,156.0,-296.0,218.0,62.0,-303.0,-364.0
-20.0,,178.0,116.0,163.0,-336.0,127.0,323.0,-366.0,-406.0
-26.0,,192.0,137.0,150.0,-304.0,4.0,138.0,-422.0,-396.0
-26.0,,200.0,111.0,108.0,-308.0,-19.0,175.0,-478.0,-359.0
-10.0,,206.0,53.0,36.0,-344.0,32.0,375.0,-537.0,-318.0
13.0,,183.0,-21.0,-44.0,-308.0,118.0,190.0,-584.0,-295.0
30.0,,172.0,-106.0,-103.0,-228.0,73.0,541.0,-620.0,-262.0
49.0,,150.0,-183.0,-140.0,-172.0,-61.0,277.0,-627.0,-253.0
105.0,,139.0,-225.0,-158.0,-257.0,-50.0,532.0,-604.0,-267.0
146.0,,126.0,-232.0,-171.0,-312.0,-33.0,521.0,-564.0,-293.0
154.0,,109.0,-249.0,-189.0,-246.0,-85.0,460.0,-504.0,-323.0
178.0,,101.0,-283.0,-171.0,-247.0,-23.0,685.0,-430.0,-331.0
230.0,,94.0,-319.0,-123.0,-273.0,167.0,317.0,-332.0,-356.0
268.0,,92.0,-340.0,-69.0,-265.0,266.0,633.0,-226.0,-368.0
280.0,,92.0,-346.0,-6.0,-214.0,141.0,408.0,-139.0,-387.0
293.0,,133.0,-356.0,50.0,-227.0,-106.0,463.0,-61.0,-423.0
316.0,,154.0,-370.0,88.0,-348.0,-171.0,552.0,8.0,-462.0
322.0,,191.0,-359.0,118.0,-344.0,23.0,282.0,54.0,-504.0
311.0,,242.0,-321.0,151.0,-231.0,185.0,517.0,63.0,-545.0
311.0,,276.0,-299.0,176.0,-214.0,152.0,186.0,59.0,-568.0
290.0,,327.0,-280.0,197.0,-280.0,-29.0,439.0,46.0,-574.0
254.0,,338.0,-252.0,205.0,-325.0,-84.0,376.0,16.0,-584.0
222.0,,357.0,-228.0,181.0,-267.0,21.0,363.0,-19.0,-566.0
186.0,,359.0,-210.0,114.0,-219.0,68.0,606.0,-41.0,-523.0
162.0,,342.0,-208.0,24.0,-287.0,68.0,284.0,-43.0,-459.0
134.0,,315.0,-214.0,-57.0,-372.0,60.0,578.0,-33.0,-401.0
103.0,,275.0,-202.0,-111.0,-383.0,-8.0,323.0,-3.0,-355.0
71.0,,232.0,-163.0,-113.0,-370.0,-99.0,417.0,33.0,-339.0
60.0,,187.0,-126.0,-88.0,-414.0,-71.0,421.0,75.0,-370.0
54.0,,166.0,-124.0,-55.0,-482.0,-21.0,182.0,150.0,-449.0
0.0,,132.0,-148.0,-28.0,-523.0,-45.0,460.0,214.0,-587.0
-51.0,,135.0,-114.0,-10.0,-468.0,-55.0,138.0,273.0,-755.0
-68.0,,141.0,-9.0,12.0,-488.0,-9.0,408.0,319.0,-933.0
-82.0,,155.0,76.0,19.0,-568.0,35.0,273.0,325.0,-1102.0
-115.0,,174.0,123.0,22.0,-485.0,-45.0,212.0,330.0,-1234.0
-145.0,,167.0,169.0,30.0,-462.0,-152.0,325.0,309.0,-1299.0
-131.0,,183.0,228.0,25.0,-545.0,-112.0,11.0,273.0,-1332.0
-80.0,,165.0,254.0,7.0,-594.0,7.0,371.0,245.0,-1308.0
-51.0,,149.0,238.0,-18.0,-605.0,41.0,162.0,214.0,-1234.0
-35.0,,151.0,186.0,-45.0,-607.0,-70.0,345.0,175.0,-1126.0
0.0,,119.0,100.0,-48.0,-671.0,-219.0,288.0,126.0,-987.0
43.0,,91.0,3.0,-31.0,-691.0,-243.0,33.0,82.0,-864.0
60.0,,87.0,-94.0,-7.0,-609.0,-109.0,253.0,38.0,-737.0
49.0,,71.0,-185.0,1.0,-587.0,26.0,-55.0,-5.0,-641.0
73.0,,73.0,-273.0,-19.0,-708.0,9.0,229.0,-48.0,-558.0
110.0,,70.0,-327.0,-43.0,-775.0,-92.0,48.0,-100.0,-485.0
92.0,,48.0,-326.0,-60.0,-742.0,-151.0,84.0,-156.0,-434.0
50.0,,70.0,-299.0,-61.0,-709.0,-156.0,203.0,-222.0,-392.0
36.0,,58.0,-251.0,-45.0,-669.0,-37.0,-73.0,-300.0,-364.0
23.0,,41.0,-177.0,-31.0,-720.0,129.0,230.0,-369.0,-355.0
-20.0,,34.0,-93.0,-4.0,-711.0,133.0,-88.0,-442.0,-375.0
-51.0,,0.0,-2.0,42.0,-635.0,-29.0,73.0,-516.0,-399.0
-56.0,,-10.0,95.0,102.0,-749.0,-152.0,16.0,-585.0,-442.0
-32.0,,-60.0,183.0,158.0,-844.0,-15.0,-121.0,-628.0,-486.0
-9.0,,-119.0,228.0,181.0,-817.0,252.0,112.0,-652.0,-549.0
3.0,,-146.0,238.0,172.0,-717.0,388.0,-186.0,-678.0,-628.0
42.0,,-215.0,245.0,130.0,-658.0,365.0,97.0,-691.0,-697.0
88.0,,-270.0,228.0,49.0,-764.0,254.0,-116.0,-687.0,-785.0
116.0,,-301.0,196.0,-47.0,-792.0,161.0,-88.0,-657.0,-880.0
134.0,,-330.0,182.0,-139.0,-715.0,154.0,-31.0,-611.0,-972.0
168.0,,-308.0,168.0,-200.0,-686.0,232.0,-232.0,-570.0,-1054.0
213.0,,-279.0,166.0,-231.0,-715.0,401.0,110.0,-524.0,-1135.0
239.0,,-241.0,189.0,-270.0,-736.0,491.0,-149.0,-478.0,-1218.0
241.0,,-160.0,193.0,-312.0,-681.0,369.0,88.0,-440.0,-1272.0
256.0,,-89.0,152.0,-329.0,-657.0,158.0,-62.0,-409.0,-1309.0
291.0,,-36.0,96.0,-301.0,-745.0,92.0,-229.0,-372.0,-1330.0
304.0,,36.0,17.0,-229.0,-776.0,232.0,-90.0,-328.0,-1312.0
293.0,,82.0,-101.0,-141.0,-671.0,416.0,-367.0,-281.0,-1285.0
302.0,,119.0,-238.0,-64.0,-629.0,459.0,-11.0,-228.0,-1233.0
341.0,,154.0,-386.0,-21.0,-622.0,339.0,-245.0,-174.0,-1161.0
354.0,,141.0,-548.0,-26.0,-573.0,209.0,-140.0,-100.0,-1078.0
338.0,,156.0,-681.0,-75.0,-525.0,169.0,-158.0,-3.0,-967.0
329.0,,168.0,-741.0,-142.0,-498.0,284.0,-365.0,87.0,-856.0
360.0,,146.0,-713.0,-198.0,-540.0,370.0,-40.0,181.0,-740.0
382.0,,137.0,-646.0,-215.0,-548.0,266.0,-315.0,262.0,-648.0
370.0,,124.0,-588.0,-192.0,-485.0,166.0,-25.0,312.0,-559.0
377.0,,114.0,-496.0,-155.0,-482.0,176.0,-205.0,363.0,-481.0
398.0,,89.0,-370.0,-113.0,-505.0,246.0,-264.0,403.0,-431.0
414.0,,58.0,-295.0,-73.0,-492.0,254.0,-96.0,442.0,-395.0
402.0,,45.0,-256.0,-44.0,-445.0,157.0,-347.0,460.0,-392.0
397.0,,24.0,-193.0,-23.0,-340.0,67.0,-59.0,458.0,-377.0
405.0,,-6.0,-141.0,-11.0,-361.0,135.0,-391.0,432.0,-377.0
390.0,,-22.0,-119.0,8.0,-448.0,327.0,-247.0,382.0,-395.0
333.0,,-55.0,-100.0,46.0,-346.0,377.0,-236.0,336.0,-395.0
274.0,,-89.0,-76.0,89.0,-253.0,196.0,-345.0,288.0,-397.0
253.0,,-108.0,-79.0,126.0,-290.0,35.0,-53.0,245.0,-396.0
198.0,,-146.0,-107.0,160.0,-319.0,38.0,-369.0,193.0,-378.0
103.0,,-178.0,-123.0,198.0,-283.0,86.0,-103.0,165.0,-359.0
27.0,,-201.0,-151.0,233.0,-196.0,145.0,-297.0,143.0,-363.0
-17.0,,-237.0,-188.0,254.0,-166.0,225.0,-280.0,108.0,-384.0
-74.0,,-257.0,-243.0,229.0,-231.0,275.0,-158.0,75.0,-441.0
-156.0,,-256.0,-291.0,159.0,-180.0,221.0,-447.0,27.0,-505.0
-222.0,,-252.0,-328.0,69.0,-46.0,28.0,-201.0,-24.0,-574.0
-241.0,,-231.0,-384.0,-27.0,-32.0,-144.0,-535.0,-96.0,-637.0
-234.0,,-223.0,-439.0,-113.0,-33.0,-128.0,-341.0,-158.0,-669.0
-268.0,,-183.0,-490.0,-189.0,-6.0,57.0,-380.0,-193.0,-697.0
-329.0,,-139.0,-512.0,-243.0,21.0,172.0,-452.0,-207.0,-684.0
-347.0,,-113.0,-531.0,-259.0,41.0,95.0,-197.0,-191.0,-651.0
-315.0,,-57.0,-552.0,-243.0,-15.0,-11.0,-541.0,-135.0,-594.0
-310.0,,-6.0,-581.0,-211.0,-49.0,-59.0,-275.0,-57.0,-519.0
-337.0,,74.0,-621.0,-173.0,-17.0,-81.0,-493.0,18.0,-455.0
-316.0,,131.0,-647.0,-126.0,-36.0,-57.0,-406.0,80.0,-383.0
-263.0,,169.0,-695.0,-70.0,-67.0,58.0,-317.0,134.0,-318.0
-230.0,,242.0,-745.0,-24.0,-87.0,119.0,-469.0,195.0,-270.0
-219.0,,303.0,-755.0,-7.0,-77.0,7.0,-138.0,224.0,-220.0
-198.0,,341.0,-734.0,-6.0,-26.0,-124.0,-456.0,239.0,-171.0
-138.0,,384.0,-700.0,8.0,-117.0,-208.0,-225.0,246.0,-140.0
-98.0,,425.0,-632.0,49.0,-146.0,-269.0,-413.0,242.0,-109.0
-95.0,,442.0,-533.0,113.0,-58.0,-239.0,-548.0,222.0,-89.0
-96.0,,453.0,-443.0,181.0,-129.0,-135.0,-445.0,182.0,-85.0
-92.0,,444.0,-373.0,221.0,-158.0,-112.0,-774.0,139.0,-96.0
-80.0,,435.0,-307.0,227.0,-139.0,-247.0,-439.0,70.0,-124.0
-112.0,,430.0,-227.0,212.0,-139.0,-417.0,-678.0,-6.0,-155.0
-161.0,,407.0,-152.0,185.0,-152.0,-464.0,-504.0,-90.0,-197.0
-166.0,,382.0,-81.0,142.0,-241.0,-343.0,-458.0,-178.0,-242.0
-156.0,,347.0,-8.0,83.0,-190.0,-162.0,-580.0,-244.0,-302.0
-183.0,,303.0,62.0,30.0,-112.0,-122.0,-266.0,-295.0,-347.0
-232.0,,256.0,131.0,12.0,-172.0,-195.0,-556.0,-332.0,-381.0
-247.0,,201.0,190.0,47.0,-194.0,-321.0,-245.0,-343.0,-409.0
-272.0,,154.0,218.0,100.0,-160.0,-431.0,-367.0,-330.0,-423.0
-333.0,,119.0,223.0,116.0,-142.0,-424.0,-323.0,-307.0,-416.0
-402.0,,89.0,222.0,101.0,-127.0,-395.0,-171.0,-282.0,-375.0
-442.0,,79.0,201.0,62.0,-168.0,-349.0,-448.0,-261.0,-328.0
-488.0,,51.0,200.0,9.0,-206.0,-367.0,-175.0,-238.0,-249.0
-560.0,,36.0,207.0,-43.0,-181.0,-404.0,-500.0,-216.0,-162.0
-610.0,,32.0,195.0,-74.0,-229.0,-318.0,-304.0,-193.0,-48.0
-645.0,,-6.0,197.0,-86.0,-302.0,-235.0,-321.0,-148.0,64.0
-655.0,,-14.0,205.0,-102.0,-325.0,-221.0,-491.0,-93.0,129.0
-661.0,,-32.0,210.0,-124.0,-305.0,-262.0,-291.0,-42.0,166.0
-645.0,,-57.0,182.0,-151.0,-285.0,-320.0,-663.0,3.0,123.0
-603.0,,-64.0,118.0,-190.0,-353.0,-375.0,-421.0,22.0,40.0
-532.0,,-99.0,30.0,-231.0,-418.0,-356.0,-609.0,25.0,-83.0
-445.0,,-95.0,-48.0,-245.0,-348.0,-260.0,-521.0,22.0,-233.0
-393.0,,-99.0,-112.0,-214.0,-269.0,-200.0,-397.0,-1.0,-381.0
-324.0,,-130.0,-193.0,-153.0,-293.0,-175.0,-659.0,-34.0,-564.0
-235.0,,-132.0,-249.0,-71.0,-314.0,-172.0,-363.0,-80.0,-729.0
-148.0,,-142.0,-249.0,13.0,-334.0,-216.0,-678.0,-133.0,-862.0
-78.0,,-165.0,-200.0,81.0,-344.0,-312.0,-485.0,-162.0,-973.0
-3.0,,-184.0,-129.0,134.0,-400.0,-321.0,-541.0,-175.0,-1064.0
76.0,,-179.0,-44.0,172.0,-500.0,-160.0,-593.0,-188.0,-1122.0
128.0,,-169.0,41.0,205.0,-473.0,-72.0,-373.0,-197.0,-1140.0
174.0,,-154.0,128.0,231.0,-460.0,-171.0,-718.0,-213.0,-1143.0
188.0,,-130.0,208.0,227.0,-505.0,-267.0,-432.0,-221.0,-1126.0
171.0,,-107.0,231.0,186.0,-480.0,-269.0,-698.0,-201.0,-1060.0
136.0,,-75.0,223.0,114.0,-442.0,-216.0,-650.0,-194.0,-980.0
91.0,,-63.0,184.0,12.0,-438.0,-127.0,-589.0,-195.0,-884.0
28.0,,-50.0,101.0,-114.0,-477.0,-34.0,-783.0,-181.0,-768.0
-42.0,,-53.0,10.0,-241.0,-517.0,6.0,-463.0,-161.0,-669.0
-86.0,,-63.0,-96.0,-335.0,-514.0,6.0,-763.0,-145.0,-561.0
-131.0,,-62.0,-182.0,-375.0,-500.0,-31.0,-533.0,-146.0,-468.0
-188.0,,-95.0,-263.0,-355.0,-523.0,-119.0,-655.0,-143.0,-405.0
-248.0,,-111.0,-363.0,-278.0,-575.0,-171.0,-670.0,-150.0,-361.0
-273.0,,-125.0,-419.0,-169.0,-595.0,-119.0,-460.0,-161.0,-329.0
-283.0,,-168.0,-435.0,-66.0,-584.0,-16.0,-727.0,-156.0,-327.0
-304.0,,-186.0,-418.0,-17.0,-542.0,14.0,-430.0,-161.0,-347.0
-302.0,,-224.0,-372.0,-62.0,-502.0,-10.0,-737.0,-150.0,-359.0
-278.0,,-256.0,-314.0,-171.0,-470.0,-88.0,-622.0,-124.0,-386.0
-234.0,,-259.0,-245.0,-288.0,-433.0,-174.0,-676.0,-113.0,-399.0
-180.0,,-316.0,-187.0,-376.0,-451.0,-152.0,-890.0,-99.0,-398.0
-120.0,,-331.0,-155.0,-405.0,-426.0,-102.0,-611.0,-80.0,-388.0
-50.0,,-314.0,-143.0,-368.0,-388.0,-93.0,-979.0,-79.0,-364.0
0.0,,-332.0,-140.0,-280.0,-385.0,-166.0,-744.0,-94.0,-350.0
20.0,,-298.0,-159.0,-172.0,-322.0,-241.0,-921.0,-121.0,-336.0
32.0,,-269.0,-214.0,-68.0,-346.0,-243.0,-881.0,-168.0,-312.0
34.0,,-241.0,-280.0,13.0,-370.0,-238.0,-716.0,-205.0,-325.0
17.0,,-191.0,-343.0,84.0,-269.0,-197.0,-1032.0,-247.0,-368.0
-2.0,,-164.0,-400.0,143.0,-274.0,-151.0,-783.0,-293.0,-443.0
-19.0,,-129.0,-452.0,171.0,-310.0,-170.0,-1138.0,-321.0,-565.0
-43.0,,-94.0,-483.0,174.0,-231.0,-167.0,-936.0,-336.0,-689.0
-83.0,,-71.0,-464.0,168.0,-174.0,-125.0,-940.0,-341.0,-813.0
-109.0,,-43.0,-419.0,171.0,-164.0,-155.0,-1058.0,-360.0,-924.0
-119.0,,-37.0,-374.0,174.0,-208.0,-233.0,-763.0,-381.0,-1004.0
-140.0,,-26.0,-327.0,159.0,-239.0,-265.0,-1018.0,-414.0,-1015.0
-165.0,,-12.0,-255.0,121.0,-150.0,-192.0,-691.0,-453.0,-971.0
-172.0,,-41.0,-174.0,68.0,-117.0,-111.0,-886.0,-474.0,-872.0
-156.0,,-52.0,-106.0,36.0,-144.0,-90.0,-862.0,-483.0,-717.0
-146.0,,-70.0,-44.0,48.0,-148.0,-108.0,-883.0,-466.0,-542.0
-125.0,,-95.0,-9.0,102.0,-189.0,-143.0,-1188.0,-452.0,-335.0
-86.0,,-83.0,-2.0,183.0,-133.0,-176.0,-894.0,-418.0,-154.0
-62.0,,-90.0,-4.0,252.0,-51.0,-229.0,-1138.0,-362.0,-18.0
-23.0,,-90.0,1.0,279.0,-40.0,-213.0,-803.0,-296.0,72.0
33.0,,-75.0,2.0,271.0,-5.0,-199.0,-846.0,-210.0,118.0
45.0,,-68.0,9.0,227.0,14.0,-294.0,-899.0,-124.0,123.0
35.0,,-76.0,48.0,150.0,25.0,-367.0,-679.0,-22.0,97.0
56.0,,-69.0,67.0,56.0,117.0,-367.0,-1040.0,76.0,47.0
87.0,,-58.0,76.0,-51.0,192.0,-368.0,-835.0,151.0,-13.0
77.0,,-80.0,81.0,-136.0,140.0,-395.0,-1143.0,217.0,-63.0
38.0,,-81.0,72.0,-182.0,99.0,-446.0,-1006.0,278.0,-106.0
26.0,,-92.0,69.0,-196.0,171.0,-487.0,-894.0,339.0,-130.0
10.0,,-93.0,50.0,-204.0,304.0,-462.0,-1051.0,377.0,-149.0
-33.0,,-100.0,41.0,-213.0,278.0,-455.0,-720.0,400.0,-161.0
-84.0,,-135.0,61.0,-198.0,134.0,-456.0,-1043.0,403.0,-154.0
-115.0,,-132.0,64.0,-156.0,155.0,-422.0,-873.0,389.0,-118.0
-138.0,,-148.0,66.0,-84.0,237.0,-405.0,-1055.0,361.0,-70.0
-183.0,,-152.0,93.0,19.0,236.0,-438.0,-1071.0,302.0,-44.0
-213.0,,-153.0,107.0,137.0,188.0,-562.0,-864.0,237.0,-20.0
-238.0,,-167.0,101.0,244.0,147.0,-667.0,-1108.0,173.0,-1.0
-248.0,,-142.0,96.0,300.0,226.0,-682.0,-790.0,109.0,18.0
-259.0,,-146.0,119.0,303.0,335.0,-671.0,-1058.0,32.0,53.0
-276.0,,-146.0,176.0,267.0,323.0,-610.0,-940.0,-30.0,93.0
-254.0,,-106.0,239.0,216.0,314.0,-557.0,-1025.0,-82.0,165.0
-230.0,,-104.0,281.0,166.0,338.0,-618.0,-1206.0,-131.0,252.0
-192.0,,-104.0,290.0,116.0,349.0,-746.0,-901.0,-183.0,335.0
-155.0,,-61.0,301.0,77.0,359.0,-800.0,-1112.0,-250.0,421.0
-117.0,,-62.0,321.0,42.0,320.0,-752.0,-727.0,-295.0,495.0
-49.0,,-51.0,312.0,0.0,300.0,-674.0,-833.0,-342.0,536.0
0.0,,-18.0,271.0,-62.0,335.0,-599.0,-768.0,-376.0,554.0
39.0,,-29.0,193.0,-130.0,335.0,-576.0,-655.0,-404.0,563.0
76.0,,-1.0,109.0,-180.0,325.0,-603.0,-934.0,-409.0,524.0
125.0,,20.0,19.0,-199.0,342.0,-653.0,-655.0,-399.0,456.0
152.0,,26.0,-61.0,-161.0,348.0,-670.0,-912.0,-408.0,366.0
147.0,,63.0,-98.0,-94.0,365.0,-619.0,-661.0,-399.0,274.0
156.0,,53.0,-162.0,-22.0,364.0,-588.0,-735.0,-391.0,205.0
160.0,,53.0,-265.0,61.0,377.0,-583.0,-838.0,-394.0,141.0
144.0,,70.0,-310.0,151.0,386.0,-616.0,-598.0,-403.0,102.0
104.0,,49.0,-298.0,223.0,240.0,-705.0,-881.0,-396.0,112.0
74.0,,60.0,-287.0,252.0,183.0,-748.0,-541.0,-398.0,158.0
65.0,,72.0,-250.0,221.0,286.0,-709.0,-737.0,-398.0,222.0
47.0,,86.0,-183.0,140.0,288.0,-673.0,-631.0,-390.0,325.0
8.0,,113.0,-110.0,28.0,234.0,-679.0,-539.0,-398.0,460.0
-35.0,,132.0,-61.0,-95.0,152.0,-649.0,-729.0,-383.0,611.0
-38.0,,174.0,-39.0,-216.0,156.0,-622.0,-415.0,-387.0,758.0
-43.0,,194.0,-41.0,-314.0,232.0,-658.0,-678.0,-396.0,881.0
-96.0,,228.0,-73.0,-349.0,154.0,-671.0,-391.0,-405.0,974.0
-149.0,,257.0,-110.0,-331.0,62.0,-632.0,-511.0,-431.0,1025.0
-170.0,,291.0,-121.0,-290.0,101.0,-559.0,-585.0,-435.0,1029.0
-178.0,,342.0,-111.0,-238.0,117.0,-536.0,-443.0,-432.0,972.0
-200.0,,352.0,-121.0,-174.0,42.0,-549.0,-768.0,-430.0,875.0
-223.0,,381.0,-145.0,-86.0,-58.0,-593.0,-412.0,-418.0,770.0
-214.0,,406.0,-147.0,4.0,-87.0,-725.0,-635.0,-393.0,672.0
-188.0,,403.0,-111.0,61.0,11.0,-784.0,-509.0,-377.0,587.0
-177.0,,406.0,-41.0,75.0,56.0,-692.0,-497.0,-368.0,539.0
-179.0,,408.0,14.0,55.0,-6.0,-564.0,-711.0,-358.0,532.0
-166.0,,406.0,43.0,6.0,25.0,-495.0,-460.0,-363.0,531.0
-150.0,,400.0,62.0,-43.0,82.0,-494.0,-776.0,-395.0,587.0
-155.0,,391.0,79.0,-68.0,39.0,-500.0,-554.0,-446.0,665.0
-171.0,,363.0,78.0,-72.0,-29.0,-544.0,-753.0,-490.0,721.0
-190.0,,353.0,70.0,-32.0,-88.0,-609.0,-718.0,-540.0,830.0
-172.0,,333.0,76.0,48.0,-68.0,-580.0,-521.0,-597.0,918.0
-151.0,,300.0,95.0,124.0,-61.0,-493.0,-720.0,-635.0,1003.0
-158.0,,282.0,126.0,190.0,-145.0,-505.0,-341.0,-676.0,1101.0
-142.0,,253.0,153.0,226.0,-156.0,-616.0,-654.0,-686.0,1164.0
-99.0,,222.0,199.0,197.0,-102.0,-730.0,-552.0,-665.0,1224.0
-53.0,,189.0,297.0,115.0,-50.0,-810.0,-637.0,-654.0,1246.0
-47.0,,162.0,398.0,38.0,-43.0,-772.0,-766.0,-625.0,1252.0
-55.0,,129.0,430.0,-10.0,-22.0,-660.0,-495.0,-586.0,1220.0
-35.0,,107.0,411.0,-47.0,75.0,-606.0,-752.0,-561.0,1183.0
-27.0,,89.0,374.0,-82.0,141.0,-631.0,-382.0,-528.0,1143.0
-53.0,,62.0,339.0,-131.0,141.0,-729.0,-539.0,-496.0,1069.0
-82.0,,66.0,327.0,-170.0,144.0,-748.0,-491.0,-461.0,1022.0
-79.0,,62.0,328.0,-178.0,186.0,-647.0,-448.0,-406.0,973.0
-61.0,,55.0,326.0,-169.0,206.0,-600.0,-755.0,-356.0,965.0
-59.0,,72.0,332.0,-158.0,171.0,-621.0,-445.0,-290.0,978.0
-67.0,,68.0,342.0,-163.0,133.0,-632.0,-703.0,-210.0,980.0
-63.0,,64.0,336.0,-163.0,183.0,-654.0,-500.0,-145.0,1014.0
-47.0,,46.0,340.0,-161.0,191.0,-670.0,-559.0,-76.0,1047.0
-36.0,,42.0,318.0,-179.0,96.0,-688.0,-624.0,-15.0,1058.0
-29.0,,58.0,266.0,-193.0,136.0,-716.0,-450.0,55.0,1034.0
-22.0,,28.0,211.0,-198.0,256.0,-685.0,-729.0,130.0,973.0
-22.0,,40.0,177.0,-197.0,276.0,-628.0,-376.0,194.0,863.0
-31.0,,61.0,176.0,-160.0,225.0,-627.0,-556.0,259.0,729.0
-63.0,,44.0,141.0,-90.0,183.0,-710.0,-362.0,312.0,565.0
-89.0,,50.0,128.0,-19.0,217.0,-803.0,-262.0,357.0,366.0
-100.0,,35.0,172.0,38.0,288.0,-813.0,-458.0,363.0,180.0
-115.0,,13.0,228.0,63.0,215.0,-776.0,-179.0,351.0,-1.0
-125.0,,11.0,258.0,63.0,87.0,-727.0,-572.0,338.0,-163.0
-119.0,,-3.0,264.0,60.0,119.0,-714.0,-404.0,316.0,-298.0
-95.0,,-9.0,262.0,50.0,142.0,-772.0,-539.0,284.0,-400.0
-87.0,,-29.0,210.0,34.0,108.0,-811.0,-528.0,246.0,-465.0
-71.0,,-52.0,133.0,19.0,85.0,-752.0,-308.0,222.0,-490.0
-66.0,,-49.0,45.0,12.0,137.0,-651.0,-554.0,202.0,-471.0
-78.0,,-70.0,-51.0,34.0,265.0,-658.0,-218.0,183.0,-429.0
-69.0,,-66.0,-143.0,91.0,267.0,-764.0,-487.0,154.0,-339.0
-66.0,,-71.0,-222.0,148.0,228.0,-838.0,-325.0,120.0,-233.0
-49.0,,-100.0,-248.0,181.0,281.0,-842.0,-341.0,88.0,-109.0
-13.0,,-82.0,-271.0,195.0,270.0,-830.0,-502.0,60.0,21.0
38.0,,-83.0,-301.0,180.0,189.0,-783.0,-197.0,41.0,127.0
75.0,,-94.0,-297.0,134.0,159.0,-685.0,-515.0,29.0,240.0
69.0,,-84.0,-289.0,83.0,177.0,-640.0,-243.0,40.0,327.0
72.0,,-100.0,-258.0,59.0,219.0,-673.0,-456.0,62.0,375.0
87.0,,-105.0,-200.0,61.0,214.0,-699.0,-461.0,101.0,421.0
86.0,,-110.0,-146.0,73.0,208.0,-669.0,-312.0,149.0,456.0
62.0,,-141.0,-98.0,91.0,267.0,-629.0,-517.0,184.0,463.0
59.0,,-120.0,-12.0,123.0,273.0,-622.0,-164.0,226.0,490.0
74.0,,-113.0,89.0,152.0,254.0,-613.0,-473.0,243.0,535.0
57.0,,-127.0,153.0,176.0,212.0,-598.0,-260.0,264.0,573.0
37.0,,-104.0,202.0,214.0,169.0,-633.0,-332.0,279.0,631.0
36.0,,-133.0,232.0,238.0,207.0,-694.0,-456.0,254.0,694.0
6.0,,-138.0,238.0,244.0,209.0,-713.0,-179.0,206.0,748.0
-43.0,,-118.0,204.0,228.0,171.0,-674.0,-480.0,141.0,804.0
-95.0,,-140.0,155.0,181.0,212.0,-592.0,-173.0,74.0,871.0
-124.0,,-126.0,122.0,124.0,232.0,-545.0,-412.0,-21.0,918.0
-131.0,,-142.0,73.0,65.0,164.0,-541.0,-351.0,-116.0,957.0
-155.0,,-153.0,4.0,6.0,112.0,-558.0,-293.0,-185.0,1005.0
-141.0,,-145.0,-66.0,-36.0,62.0,-609.0,-528.0,-215.0,1059.0
-110.0,,-162.0,-135.0,-52.0,63.0,-626.0,-219.0,-203.0,1122.0
-84.0,,-135.0,-203.0,-42.0,43.0,-541.0,-515.0,-173.0,1151.0
-42.0,,-116.0,-266.0,-12.0,-25.0,-432.0,-245.0,-97.0,1161.0
0.0,,-113.0,-319.0,36.0,-4.0,-433.0,-367.0,-3.0,1158.0
39.0,,-76.0,-336.0,103.0,-17.0,-479.0,-421.0,82.0,1130.0
83.0,,-62.0,-324.0,160.0,-32.0,-483.0,-251.0,153.0,1071.0
136.0,,-55.0,-297.0,196.0,-6.0,-484.0,-565.0,197.0,969.0
149.0,,-33.0,-276.0,227.0,-2.0,-524.0,-184.0,214.0,828.0
158.0,,-18.0,-269.0,238.0,-20.0,-576.0,-363.0,206.0,666.0
198.0,,5.0,-277.0,241.0,-83.0,-556.0,-131.0,180.0,481.0
222.0,,45.0,-290.0,263.0,-98.0,-525.0,-35.0,142.0,324.0
223.0,,89.0,-291.0,311.0,-62.0,-537.0,-190.0,124.0,205.0
212.0,,136.0,-318.0,369.0,-13.0,-565.0,84.0,110.0,95.0
219.0,,214.0,-378.0,392.0,-50.0,-554.0,-262.0,90.0,37.0
230.0,,267.0,-447.0,381.0,-120.0,-505.0,-25.0,103.0,20.0
211.0,,323.0,-480.0,360.0,-121.0,-488.0,-236.0,129.0,38.0
202.0,,394.0,-460.0,319.0,-102.0,-461.0,-253.0,158.0,88.0
213.0,,421.0,-411.0,250.0,-94.0,-440.0,-84.0,184.0,162.0
189.0,,478.0,-317.0,149.0,-161.0,-425.0,-367.0,205.0,249.0
169.0,,491.0,-203.0,21.0,-156.0,-370.0,-38.0,248.0,326.0
185.0,,501.0,-78.0,-126.0,-80.0,-350.0,-275.0,274.0,415.0
185.0,,523.0,48.0,-251.0,-77.0,-365.0,-55.0,294.0,497.0
148.0,,479.0,153.0,-303.0,-88.0,-366.0,-40.0,336.0,583.0
102.0,,501.0,229.0,-288.0,-100.0,-384.0,-144.0,374.0,678.0
68.0,,479.0,297.0,-217.0,-73.0,-397.0,127.0,394.0,772.0
38.0,,439.0,370.0,-131.0,-20.0,-409.0,-194.0,385.0,860.0
31.0,,456.0,421.0,-68.0,-54.0,-419.0,73.0,375.0,913.0
36.0,,406.0,453.0,-20.0,-107.0,-402.0,-112.0,349.0,959.0
29.0,,389.0,487.0,5.0,-85.0,-391.0,-5.0,312.0,974.0
45.0,,389.0,503.0,11.0,-110.0,-338.0,110.0,275.0,943.0
81.0,,348.0,484.0,-2.0,-144.0,-334.0,-155.0,217.0,938.0
98.0,,339.0,473.0,-13.0,-127.0,-408.0,166.0,163.0,927.0
91.0,,316.0,484.0,-3.0,-99.0,-401.0,-103.0,119.0,911.0
86.0,,285.0,515.0,7.0,-57.0,-361.0,140.0,66.0,925.0
101.0,,276.0,542.0,-1.0,-108.0,-331.0,60.0,20.0,955.0
91.0,,239.0,556.0,-37.0,-101.0,-353.0,-12.0,-14.0,997.0
57.0,,205.0,581.0,-76.0,-7.0,-410.0,214.0,-41.0,1024.0
60.0,,189.0,580.0,-117.0,-6.0,-377.0,-83.0,-67.0,1041.0
85.0,,154.0,561.0,-150.0,-49.0,-289.0,229.0,-87.0,1033.0
85.0,,129.0,534.0,-143.0,-114.0,-205.0,-18.0,-75.0,1022.0
58.0,,119.0,480.0,-115.0,-109.0,-164.0,103.0,-70.0,1024.0
48.0,,84.0,410.0,-91.0,-62.0,-165.0,199.0,-67.0,1020.0
55.0,,65.0,339.0,-81.0,-141.0,-180.0,51.0,-56.0,1032.0
45.0,,50.0,252.0,-68.0,-218.0,-250.0,384.0,-48.0,1054.0
21.0,,23.0,141.0,-21.0,-156.0,-335.0,123.0,-32.0,1070.0
2.0,,32.0,50.0,37.0,-98.0,-324.0,423.0,-29.0,1073.0
6.0,,10.0,-1.0,107.0,-129.0,-235.0,284.0,-5.0,1067.0
0.0,,-1.0,-38.0,185.0,-114.0,-194.0,214.0,29.0,1019.0
-22.0,,-6.0,-13.0,231.0,-15.0,-233.0,314.0,62.0,946.0
-32.0,,-35.0,66.0,225.0,18.0,-308.0,25.0,94.0,856.0
-23.0,,-19.0,150.0,173.0,-70.0,-378.0,397.0,108.0,747.0
-12.0,,-42.0,243.0,90.0,-159.0,-409.0,142.0,123.0,644.0
-4.0,,-53.0,335.0,-5.0,-124.0,-387.0,336.0,132.0,545.0
10.0,,-27.0,418.0,-79.0,-81.0,-336.0,389.0,136.0,469.0
33.0,,-29.0,486.0,-110.0,-125.0,-340.0,251.0,129.0,418.0
57.0,,-7.0,508.0,-105.0,-102.0,-393.0,500.0,114.0,374.0
73.0,,0.0,487.0,-99.0,-54.0,-415.0,168.0,88.0,336.0
98.0,,11.0,431.0,-103.0,-46.0,-391.0,426.0,50.0,313.0
116.0,,45.0,383.0,-102.0,-118.0,-387.0,253.0,21.0,299.0
110.0,,35.0,395.0,-65.0,-218.0,-399.0,338.0,-11.0,277.0
113.0,,41.0,422.0,12.0,-181.0,-383.0,423.0,-47.0,239.0
126.0,,43.0,447.0,114.0,-71.0,-379.0,112.0,-65.0,213.0
111.0,,4.0,469.0,212.0,-48.0,-385.0,356.0,-70.0,189.0
55.0,,-25.0,453.0,257.0,-166.0,-394.0,-51.0,-77.0,160.0
18.0,,-69.0,427.0,216.0,-178.0,-389.0,173.0,-82.0,172.0
3.0,,-121.0,391.0,130.0,-62.0,-311.0,175.0,-89.0,160.0
-34.0,,-156.0,342.0,53.0,-26.0,-234.0,144.0,-80.0,134.0
-88.0,,-208.0,296.0,-10.0,-106.0,-236.0,415.0,-48.0,113.0
-118.0,,-258.0,270.0,-52.0,-140.0,-314.0,77.0,-4.0,63.0
-130.0,,-275.0,262.0,-47.0,-65.0,-380.0,378.0,43.0,7.0
-160.0,,-311.0,230.0,-18.0,-68.0,-344.0,210.0,66.0,-69.0
-179.0,,-338.0,211.0,6.0,-84.0,-272.0,406.0,119.0,-150.0
-181.0,,-357.0,214.0,35.0,-87.0,-227.0,526.0,183.0,-244.0
-171.0,,-378.0,225.0,68.0,-51.0,-212.0,334.0,216.0,-348.0
-141.0,,-361.0,246.0,84.0,-4.0,-192.0,606.0,263.0,-444.0
-115.0,,-391.0,278.0,64.0,-23.0,-160.0,280.0,318.0,-588.0
-90.0,,-400.0,332.0,10.0,-27.0,-121.0,563.0,382.0,-759.0
-61.0,,-366.0,377.0,-34.0,5.0,-49.0,485.0,455.0,-927.0
-40.0,,-378.0,391.0,-60.0,60.0,-17.0,489.0,531.0,-1087.0
-22.0,,-346.0,405.0,-101.0,23.0,2.0,609.0,614.0,-1231.0
-12.0,,-296.0,419.0,-154.0,-24.0,30.0,219.0,700.0,-1340.0
8.0,,-273.0,397.0,-223.0,19.0,23.0,465.0,791.0,-1374.0
39.0,,-221.0,358.0,-276.0,25.0,-8.0,221.0,867.0,-1337.0
51.0,,-190.0,317.0,-269.0,-42.0,-72.0,423.0,924.0,-1231.0
58.0,,-176.0,269.0,-221.0,-75.0,-46.0,460.0,977.0,-1065.0
64.0,,-124.0,187.0,-143.0,-35.0,58.0,351.0,1034.0,-849.0
66.0,,-114.0,70.0,-50.0,-56.0,104.0,659.0,1086.0,-601.0
68.0,,-90.0,-14.0,43.0,-156.0,97.0,417.0,1115.0,-341.0
57.0,,-33.0,-66.0,123.0,-220.0,58.0,753.0,1147.0,-106.0
34.0,,-53.0,-100.0,175.0,-156.0,40.0,574.0,1151.0,90.0
14.0,,-22.0,-87.0,211.0,-27.0,98.0,570.0,1113.0,244.0
5.0,,2.0,-40.0,198.0,-47.0,169.0,679.0,1057.0,347.0
-3.0,,-26.0,-10.0,141.0,-97.0,207.0,399.0,964.0,412.0
-36.0,,10.0,6.0,87.0,-3.0,258.0,700.0,858.0,439.0
-71.0,,6.0,41.0,66.0,84.0,302.0,434.0,735.0,441.0
-88.0,,19.0,58.0,97.0,74.0,310.0,639.0,609.0,411.0
-82.0,,59.0,69.0,128.0,1.0,259.0,558.0,517.0,353.0
-97.0,,45.0,86.0,124.0,-2.0,239.0,389.0,440.0,296.0
-138.0,,82.0,72.0,99.0,88.0,358.0,548.0,381.0,231.0
-148.0,,93.0,28.0,58.0,53.0,443.0,229.0,334.0,155.0
-144.0,,77.0,-31.0,-7.0,-37.0,472.0,631.0,309.0,76.0
-135.0,,112.0,-65.0,-118.0,28.0,455.0,515.0,301.0,-30.0
-138.0,,107.0,-69.0,-219.0,93.0,453.0,676.0,289.0,-153.0
-147.0,,86.0,-82.0,-254.0,102.0,505.0,772.0,302.0,-284.0
-141.0,,82.0,-103.0,-273.0,118.0,519.0,469.0,330.0,-426.0
-135.0,,45.0,-132.0,-285.0,123.0,539.0,657.0,355.0,-564.0
-127.0,,10.0,-145.0,-287.0,225.0,563.0,288.0,384.0,-721.0
-126.0,,-7.0,-125.0,-298.0,252.0,630.0,558.0,413.0,-870.0
-125.0,,-57.0,-68.0,-288.0,136.0,669.0,461.0,430.0,-991.0
-104.0,,-72.0,-13.0,-234.0,133.0,668.0,465.0,442.0,-1069.0
-66.0,,-94.0,41.0,-167.0,255.0,688.0,711.0,451.0,-1091.0
-48.0,,-142.0,135.0,-110.0,321.0,731.0,386.0,433.0,-1081.0
-32.0,,-142.0,200.0,-62.0,206.0,813.0,674.0,413.0,-1010.0
5.0,,-179.0,214.0,-19.0,100.0,824.0,397.0,409.0,-865.0
23.0,,-205.0,204.0,27.0,146.0,777.0,559.0,369.0,-683.0
29.0,,-194.0,185.0,93.0,220.0,746.0,613.0,299.0,-488.0
29.0,,-212.0,124.0,176.0,205.0,756.0,463.0,218.0,-283.0
34.0,,-191.0,9.0,253.0,129.0,806.0,720.0,121.0,-90.0
63.0,,-177.0,-100.0,305.0,141.0,827.0,325.0,15.0,90.0
74.0,,-183.0,-172.0,322.0,202.0,810.0,528.0,-78.0,261.0
60.0,,-148.0,-186.0,279.0,164.0,802.0,264.0,-137.0,404.0
70.0,,-139.0,-184.0,184.0,45.0,818.0,240.0,-168.0,531.0
108.0,,-120.0,-148.0,87.0,33.0,816.0,404.0,-186.0,628.0
127.0,,-92.0,-46.0,23.0,143.0,794.0,144.0,-199.0,682.0
123.0,,-79.0,50.0,3.0,154.0,776.0,509.0,-202.0,699.0
147.0,,-23.0,119.0,-13.0,105.0,784.0,245.0,-213.0,687.0
172.0,,5.0,155.0,-64.0,106.0,829.0,402.0,-229.0,636.0
146.0,,40.0,160.0,-145.0,131.0,849.0,293.0,-240.0,568.0
104.0,,96.0,134.0,-222.0,131.0,811.0,86.0,-260.0,475.0
83.0,,118.0,96.0,-240.0,48.0,809.0,284.0,-269.0,365.0
75.0,,165.0,63.0,-213.0,33.0,862.0,-18.0,-262.0,269.0
33.0,,198.0,37.0,-162.0,94.0,931.0,306.0,-256.0,157.0
-21.0,,200.0,22.0,-119.0,86.0,944.0,94.0,-242.0,45.0
-37.0,,222.0,-5.0,-99.0,61.0,909.0,121.0,-211.0,-74.0
-52.0,,233.0,-13.0,-69.0,84.0,913.0,109.0,-185.0,-166.0
-99.0,,205.0,24.0,-53.0,110.0,947.0,-168.0,-176.0,-222.0
-143.0,,174.0,83.0,-36.0,58.0,969.0,195.0,-167.0,-276.0
-169.0,,134.0,145.0,-10.0,-39.0,920.0,-110.0,-164.0,-277.0
-220.0,,83.0,188.0,10.0,-76.0,892.0,109.0,-178.0,-259.0
-264.0,,36.0,230.0,33.0,-52.0,931.0,-7.0,-198.0,-251.0
-285.0,,-25.0,280.0,56.0,-60.0,931.0,-116.0,-228.0,-236.0
-320.0,,-65.0,318.0,62.0,-128.0,891.0,101.0,-259.0,-216.0
-351.0,,-107.0,336.0,23.0,-168.0,840.0,-190.0,-278.0,-188.0
-398.0,,-160.0,352.0,-26.0,-177.0,814.0,118.0,-285.0,-158.0
-447.0,,-186.0,352.0,-34.0,-208.0,814.0,-110.0,-282.0,-133.0
-480.0,,-214.0,356.0,19.0,-225.0,834.0,49.0,-278.0,-127.0
-500.0,,-227.0,417.0,95.0,-259.0,853.0,38.0,-269.0,-136.0
-496.0,,-219.0,491.0,152.0,-282.0,835.0,-173.0,-263.0,-134.0
-504.0,,-221.0,543.0,177.0,-327.0,839.0,77.0,-262.0,-147.0
-500.0,,-193.0,553.0,180.0,-415.0,861.0,-336.0,-252.0,-176.0
-483.0,,-152.0,534.0,174.0,-409.0,870.0,-35.0,-229.0,-187.0
-467.0,,-123.0,522.0,145.0,-411.0,858.0,-164.0,-180.0,-214.0
-472.0,,-61.0,508.0,118.0,-409.0,850.0,-194.0,-117.0,-275.0
-475.0,,-18.0,469.0,94.0,-419.0,888.0,-53.0,-40.0,-361.0
-429.0,,19.0,445.0,60.0,-454.0,900.0,-352.0,53.0,-456.0
-396.0,,84.0,429.0,14.0,-413.0,878.0,-84.0,143.0,-568.0
-362.0,,107.0,387.0,-32.0,-443.0,859.0,-443.0,230.0,-708.0
-306.0,,158.0,346.0,-72.0,-497.0,828.0,-251.0,326.0,-833.0
-244.0,,217.0,325.0,-76.0,-517.0,810.0,-254.0,422.0,-927.0
-192.0,,237.0,307.0,-40.0,-499.0,821.0,-295.0,490.0,-999.0
-170.0,,293.0,274.0,-11.0,-543.0,803.0,42.0,543.0,-1051.0
-137.0,,315.0,250.0,9.0,-624.0,760.0,-266.0,599.0,-1057.0
-97.0,,338.0,224.0,22.0,-594.0,765.0,25.0,635.0,-1006.0
-69.0,,397.0,183.0,29.0,-524.0,761.0,-240.0,654.0,-926.0
-39.0,,402.0,137.0,34.0,-490.0,690.0,-216.0,662.0,-797.0
-18.0,,436.0,83.0,13.0,-615.0,617.0,-140.0,665.0,-609.0
10.0,,477.0,44.0,-36.0,-624.0,598.0,-373.0,670.0,-381.0
27.0,,491.0,23.0,-100.0,-497.0,601.0,-77.0,655.0,-121.0
7.0,,553.0,34.0,-161.0,-463.0,581.0,-471.0,620.0,151.0
-15.0,,579.0,32.0,-204.0,-473.0,559.0,-317.0,586.0,378.0
-18.0,,612.0,-1.0,-203.0,-548.0,568.0,-456.0,552.0,555.0
-14.0,,667.0,-10.0,-173.0,-539.0,567.0,-473.0,508.0,681.0
-52.0,,674.0,23.0,-142.0,-506.0,525.0,-218.0,459.0,710.0
-81.0,,710.0,96.0,-90.0,-582.0,492.0,-497.0,404.0,686.0
-64.0,,734.0,162.0,-29.0,-638.0,465.0,-99.0,359.0,618.0
-40.0,,735.0,218.0,26.0,-573.0,423.0,-291.0,310.0,486.0
-49.0,,742.0,284.0,67.0,-541.0,382.0,-158.0,264.0,343.0
-75.0,,714.0,340.0,82.0,-640.0,350.0,-181.0,205.0,215.0
-47.0,,681.0,374.0,81.0,-701.0,329.0,-399.0,134.0,89.0
6.0,,647.0,369.0,65.0,-637.0,290.0,-158.0,71.0,-17.0
28.0,,584.0,315.0,25.0,-509.0,236.0,-522.0,-5.0,-97.0
28.0,,503.0,224.0,-33.0,-483.0,222.0,-247.0,-73.0,-163.0
69.0,,457.0,118.0,-79.0,-513.0,215.0,-399.0,-118.0,-178.0
138.0,,363.0,48.0,-113.0,-443.0,197.0,-345.0,-158.0,-163.0
182.0,,294.0,0.0,-138.0,-364.0,160.0,-229.0,-189.0,-135.0
189.0,,265.0,-53.0,-143.0,-369.0,132.0,-541.0,-198.0,-93.0
215.0,,179.0,-77.0,-125.0,-396.0,138.0,-245.0,-201.0,-61.0
276.0,,164.0,-89.0,-79.0,-375.0,112.0,-570.0,-206.0,-18.0
300.0,,136.0,-99.0,-32.0,-365.0,84.0,-332.0,-173.0,27.0
310.0,,122.0,-102.0,-20.0,-426.0,79.0,-371.0,-127.0,46.0
341.0,,149.0,-80.0,-75.0,-435.0,59.0,-476.0,-80.0,56.0
365.0,,162.0,17.0,-185.0,-371.0,3.0,-232.0,-41.0,71.0
351.0,,226.0,155.0,-287.0,-332.0,-49.0,-578.0,-21.0,73.0
352.0,,253.0,301.0,-343.0,-300.0,-49.0,-273.0,-5.0,54.0
395.0,,278.0,472.0,-343.0,-322.0,-8.0,-517.0,-14.0,26.0
419.0,,345.0,652.0,-338.0,-321.0,4.0,-448.0,-31.0,-10.0
402.0,,377.0,785.0,-358.0,-285.0,-46.0,-349.0,-53.0,-87.0
385.0,,410.0,852.0,-361.0,-319.0,-46.0,-508.0,-84.0,-160.0
393.0,,481.0,865.0,-351.0,-325.0,-24.0,-181.0,-107.0,-219.0
395.0,,514.0,847.0,-339.0,-315.0,-39.0,-515.0,-139.0,-312.0
366.0,,555.0,792.0,-332.0,-306.0,-61.0,-286.0,-181.0,-380.0
318.0,,589.0,677.0,-314.0,-289.0,-68.0,-378.0,-221.0,-430.0
295.0,,554.0,532.0,-266.0,-298.0,-68.0,-354.0,-261.0,-466.0
291.0,,540.0,387.0,-203.0,-265.0,-102.0,-129.0,-297.0,-482.0
251.0,,508.0,276.0,-117.0,-211.0,-137.0,-412.0,-338.0,-501.0
189.0,,427.0,201.0,-19.0,-248.0,-191.0,-144.0,-363.0,-479.0
158.0,,369.0,167.0,44.0,-316.0,-222.0,-417.0,-361.0,-439.0
135.0,,310.0,200.0,79.0,-295.0,-219.0,-245.0,-351.0,-399.0
69.0,,237.0,268.0,120.0,-215.0,-227.0,-232.0,-324.0,-373.0
-14.0,,187.0,335.0,167.0,-212.0,-252.0,-358.0,-291.0,-369.0
-63.0,,113.0,404.0,218.0,-279.0,-303.0,-101.0,-258.0,-363.0
-84.0,,60.0,497.0,241.0,-249.0,-324.0,-460.0,-228.0,-387.0
-142.0,,10.0,604.0,224.0,-162.0,-311.0,-234.0,-198.0,-431.0
-207.0,,-59.0,657.0,205.0,-171.0,-284.0,-458.0,-152.0,-449.0
-243.0,,-88.0,656.0,192.0,-248.0,-271.0,-395.0,-117.0,-471.0
-261.0,,-154.0,653.0,182.0,-285.0,-330.0,-203.0,-82.0,-516.0
-265.0,,-183.0,634.0,169.0,-225.0,-386.0,-358.0,-29.0,-568.0
-290.0,,-216.0,594.0,166.0,-154.0,-361.0,11.0,33.0,-637.0
-293.0,,-266.0,546.0,164.0,-175.0,-366.0,-325.0,87.0,-684.0
-244.0,,-261.0,505.0,140.0,-178.0,-389.0,-112.0,141.0,-714.0
-201.0,,-278.0,503.0,109.0,-95.0,-400.0,-214.0,201.0,-745.0
-166.0,,-272.0,501.0,104.0,-61.0,-422.0,-352.0,250.0,-740.0
-137.0,,-257.0,442.0,114.0,-136.0,-426.0,-84.0,299.0,-700.0
-111.0,,-254.0,388.0,109.0,-176.0,-439.0,-402.0,337.0,-656.0
-68.0,,-237.0,379.0,92.0,-150.0,-494.0,-103.0,355.0,-628.0
-31.0,,-208.0,370.0,44.0,-143.0,-557.0,-347.0,366.0,-588.0
-11.0,,-198.0,356.0,-32.0,-187.0,-540.0,-258.0,361.0,-552.0
13.0,,-201.0,350.0,-82.0,-245.0,-523.0,-251.0,344.0,-520.0
56.0,,-173.0,366.0,-85.0,-160.0,-525.0,-532.0,327.0,-472.0
91.0,,-198.0,392.0,-62.0,-81.0,-517.0,-277.0,311.0,-446.0
113.0,,-205.0,429.0,-42.0,-99.0,-507.0,-617.0,299.0,-416.0
130.0,,-192.0,467.0,-59.0,-106.0,-469.0,-330.0,277.0,-394.0
159.0,,-226.0,463.0,-113.0,-83.0,-463.0,-469.0,248.0,-391.0
194.0,,-220.0,443.0,-156.0,17.0,-451.0,-491.0,240.0,-400.0
191.0,,-237.0,446.0,-163.0,18.0,-436.0,-306.0,226.0,-435.0
199.0,,-250.0,449.0,-167.0,-25.0,-435.0,-602.0,210.0,-469.0
227.0,,-227.0,425.0,-179.0,27.0,-428.0,-258.0,202.0,-503.0
241.0,,-230.0,411.0,-176.0,70.0,-453.0,-476.0,194.0,-519.0
221.0,,-223.0,425.0,-154.0,56.0,-481.0,-273.0,208.0,-532.0
178.0,,-199.0,424.0,-96.0,-4.0,-513.0,-295.0,207.0,-517.0
180.0,,-186.0,393.0,-17.0,5.0,-559.0,-460.0,200.0,-472.0
155.0,,-151.0,354.0,48.0,100.0,-576.0,-249.0,210.0,-417.0
107.0,,-130.0,301.0,96.0,138.0,-557.0,-615.0,207.0,-321.0
113.0,,-131.0,201.0,143.0,82.0,-556.0,-334.0,198.0,-217.0
110.0,,-95.0,100.0,199.0,91.0,-556.0,-535.0,181.0,-115.0
88.0,,-84.0,62.0,242.0,169.0,-551.0,-497.0,174.0,-39.0
62.0,,-78.0,51.0,251.0,150.0,-514.0,-400.0,178.0,-11.0
66.0,,-68.0,20.0,222.0,168.0,-479.0,-670.0,201.0,-26.0
86.0,,-70.0,-10.0,175.0,252.0,-501.0,-365.0,223.0,-64.0
71.0,,-59.0,-17.0,115.0,290.0,-489.0,-642.0,243.0,-145.0
64.0,,-72.0,-9.0,32.0,326.0,-489.0,-343.0,282.0,-260.0
74.0,,-82.0,-3.0,-65.0,331.0,-510.0,-384.0,306.0,-377.0
86.0,,-92.0,-17.0,-164.0,408.0,-520.0,-509.0,322.0,-509.0
97.0,,-131.0,-11.0,-232.0,502.0,-520.0,-356.0,327.0,-670.0
114.0,,-162.0,45.0,-259.0,479.0,-496.0,-731.0,313.0,-855.0
127.0,,-177.0,109.0,-253.0,452.0,-500.0,-423.0,287.0,-1017.0
134.0,,-219.0,173.0,-218.0,403.0,-497.0,-665.0,249.0,-1153.0
158.0,,-238.0,247.0,-154.0,365.0,-512.0,-539.0,216.0,-1266.0
156.0,,-257.0,335.0,-70.0,335.0,-537.0,-445.0,172.0,-1381.0
142.0,,-294.0,436.0,23.0,283.0,-497.0,-631.0,119.0,-1476.0
151.0,,-297.0,525.0,124.0,313.0,-446.0,-351.0,71.0,-1518.0
141.0,,-320.0,604.0,181.0,435.0,-422.0,-755.0,14.0,-1549.0
109.0,,-319.0,682.0,183.0,470.0,-417.0,-576.0,-40.0,-1543.0
76.0,,-312.0,733.0,147.0,465.0,-411.0,-759.0,-64.0,-1496.0
44.0,,-283.0,757.0,98.0,583.0,-399.0,-798.0,-79.0,-1405.0
-6.0,,-202.0,783.0,66.0,658.0,-411.0,-618.0,-76.0,-1283.0
-61.0,,-155.0,809.0,39.0,649.0,-459.0,-840.0,-58.0,-1144.0
-109.0,,-62.0,830.0,30.0,576.0,-459.0,-388.0,-39.0,-977.0
-153.0,,46.0,835.0,27.0,502.0,-423.0,-620.0,-11.0,-791.0
-186.0,,143.0,836.0,18.0,530.0,-444.0,-474.0,11.0,-599.0
-234.0,,260.0,838.0,26.0,514.0,-467.0,-511.0,48.0,-438.0
-303.0,,365.0,831.0,36.0,457.0,-460.0,-676.0,101.0,-292.0
-361.0,,459.0,826.0,31.0,435.0,-409.0,-376.0,164.0,-181.0
-391.0,,527.0,807.0,43.0,459.0,-383.0,-652.0,243.0,-123.0
-420.0,,582.0,760.0,94.0,503.0,-409.0,-334.0,333.0,-119.0
-446.0,,582.0,667.0,168.0,524.0,-434.0,-559.0,423.0,-160.0
-462.0,,606.0,537.0,196.0,521.0,-460.0,-580.0,498.0,-226.0
-445.0,,617.0,394.0,142.0,543.0,-486.0,-526.0,544.0,-333.0
-418.0,,571.0,228.0,46.0,600.0,-511.0,-824.0,564.0,-451.0
-416.0,,577.0,76.0,-45.0,581.0,-504.0,-552.0,564.0,-593.0
-412.0,,534.0,-36.0,-107.0,515.0,-511.0,-859.0,543.0,-716.0
-397.0,,498.0,-128.0,-148.0,534.0,-528.0,-618.0,505.0,-809.0
-339.0,,441.0,-166.0,-170.0,566.0,-554.0,-672.0,459.0,-908.0
-266.0,,351.0,-163.0,-170.0,540.0,-566.0,-722.0,430.0,-954.0
-210.0,,304.0,-132.0,-155.0,515.0,-545.0,-441.0,410.0,-964.0
-140.0,,221.0,-31.0,-134.0,528.0,-545.0,-663.0,387.0,-949.0
-42.0,,154.0,114.0,-112.0,561.0,-507.0,-317.0,370.0,-879.0
32.0,,105.0,256.0,-79.0,511.0,-444.0,-556.0,346.0,-791.0
45.0,,54.0,366.0,-49.0,469.0,-425.0,-471.0,329.0,-707.0
42.0,,31.0,449.0,-12.0,529.0,-464.0,-434.0,305.0,-585.0
67.0,,2.0,540.0,32.0,575.0,-491.0,-594.0,258.0,-455.0
75.0,,-17.0,632.0,62.0,606.0,-504.0,-240.0,211.0,-317.0
51.0,,-9.0,700.0,101.0,587.0,-505.0,-528.0,151.0,-149.0
28.0,,-27.0,703.0,144.0,549.0,-507.0,-301.0,95.0,-10.0
21.0,,-29.0,671.0,177.0,544.0,-576.0,-504.0,45.0,101.0
17.0,,-20.0,619.0,188.0,507.0,-602.0,-606.0,-22.0,175.0
-26.0,,-37.0,521.0,147.0,471.0,-593.0,-404.0,-67.0,191.0
-58.0,,-31.0,450.0,69.0,491.0,-601.0,-655.0,-106.0,163.0
-58.0,,-28.0,425.0,-25.0,515.0,-612.0,-295.0,-147.0,117.0
-71.0,,-17.0,420.0,-128.0,534.0,-634.0,-478.0,-167.0,41.0
-105.0,,16.0,428.0,-191.0,488.0,-627.0,-229.0,-185.0,-49.0
-117.0,,45.0,419.0,-197.0,441.0,-589.0,-160.0,-204.0,-99.0
-80.0,,78.0,407.0,-158.0,491.0,-557.0,-286.0,-217.0,-114.0
-97.0,,127.0,404.0,-94.0,442.0,-562.0,0.0,-217.0,-98.0
-143.0,,135.0,409.0,-16.0,402.0,-592.0,-375.0,-216.0,-44.0
-151.0,,172.0,408.0,88.0,415.0,-640.0,-99.0,-203.0,40.0
-127.0,,203.0,415.0,174.0,408.0,-660.0,-264.0,-175.0,131.0
-128.0,,163.0,399.0,206.0,431.0,-668.0,-282.0,-141.0,205.0
-181.0,,162.0,344.0,178.0,392.0,-708.0,-155.0,-88.0,253.0
-165.0,,142.0,273.0,101.0,386.0,-721.0,-410.0,-33.0,288.0
-107.0,,111.0,193.0,19.0,396.0,-712.0,-120.0,-3.0,298.0
-75.0,,92.0,132.0,-47.0,323.0,-699.0,-430.0,20.0,286.0
-59.0,,65.0,76.0,-91.0,252.0,-699.0,-234.0,29.0,241.0
-44.0,,69.0,37.0,-105.0,263.0,-720.0,-271.0,3.0,175.0
0.0,,61.0,-1.0,-81.0,267.0,-749.0,-291.0,-33.0,105.0
19.0,,58.0,-63.0,-10.0,223.0,-775.0,64.0,-98.0,48.0
11.0,,79.0,-85.0,61.0,184.0,-749.0,-177.0,-171.0,28.0
-6.0,,90.0,-61.0,105.0,196.0,-706.0,166.0,-250.0,31.0
-20.0,,104.0,-8.0,114.0,272.0,-747.0,-79.0,-337.0,72.0
-18.0,,125.0,44.0,86.0,245.0,-810.0,-81.0,-424.0,125.0
-36.0,,143.0,83.0,33.0,160.0,-755.0,-7.0,-505.0,176.0
-69.0,,162.0,121.0,-38.0,178.0,-677.0,-232.0,-553.0,200.0
-80.0,,178.0,170.0,-101.0,246.0,-687.0,92.0,-602.0,179.0
-72.0,,157.0,230.0,-134.0,229.0,-724.0,-171.0,-612.0,130.0
-57.0,,152.0,249.0,-135.0,141.0,-751.0,92.0,-577.0,26.0
-73.0,,146.0,240.0,-104.0,95.0,-757.0,-7.0,-521.0,-100.0
-83.0,,81.0,245.0,-50.0,108.0,-764.0,-109.0,-450.0,-243.0
-47.0,,58.0,259.0,10.0,109.0,-772.0,94.0,-373.0,-421.0
-22.0,,5.0,263.0,59.0,62.0,-762.0,-218.0,-275.0,-607.0
-29.0,,-65.0,252.0,88.0,45.0,-777.0,114.0,-207.0,-777.0
-24.0,,-125.0,242.0,98.0,62.0,-789.0,-107.0,-152.0,-921.0
15.0,,-220.0,238.0,88.0,83.0,-767.0,20.0,-97.0,-1020.0
36.0,,-270.0,225.0,50.0,111.0,-746.0,92.0,-51.0,-1076.0
35.0,,-318.0,205.0,-5.0,93.0,-749.0,-118.0,-13.0,-1071.0
57.0,,-368.0,170.0,-62.0,64.0,-743.0,136.0,23.0,-1024.0
95.0,,-388.0,124.0,-105.0,79.0,-679.0,-179.0,55.0,-961.0
123.0,,-380.0,81.0,-136.0,74.0,-658.0,73.0,62.0,-856.0
120.0,,-363.0,38.0,-126.0,83.0,-681.0,-84.0,80.0,-785.0
130.0,,-333.0,24.0,-59.0,79.0,-685.0,-49.0,98.0,-722.0
150.0,,-291.0,12.0,27.0,16.0,-646.0,218.0,107.0,-670.0
159.0,,-236.0,-8.0,120.0,33.0,-592.0,7.0,111.0,-661.0
155.0,,-170.0,-16.0,208.0,56.0,-619.0,339.0,103.0,-658.0
143.0,,-118.0,-30.0,260.0,65.0,-666.0,60.0,99.0,-677.0
159.0,,-44.0,-38.0,271.0,137.0,-620.0,236.0,115.0,-696.0
174.0,,-8.0,-24.0,245.0,143.0,-517.0,221.0,137.0,-729.0
176.0,,40.0,-10.0,180.0,145.0,-525.0,35.0,147.0,-730.0
168.0,,82.0,-13.0,96.0,198.0,-554.0,236.0,165.0,-714.0
173.0,,64.0,-34.0,21.0,191.0,-532.0,-88.0,169.0,-715.0
206.0,,87.0,-66.0,-40.0,162.0,-530.0,205.0,164.0,-713.0
194.0,,81.0,-122.0,-98.0,128.0,-516.0,29.0,174.0,-729.0
171.0,,58.0,-168.0,-170.0,144.0,-553.0,105.0,170.0,-730.0
195.0,,42.0,-173.0,-259.0,206.0,-577.0,260.0,148.0,-727.0
225.0,,12.0,-196.0,-355.0,191.0,-567.0,24.0,141.0,-705.0
227.0,,-13.0,-234.0,-432.0,181.0,-579.0,321.0,105.0,-675.0
228.0,,-48.0,-227.0,-470.0,248.0,-589.0,-7.0,57.0,-632.0
254.0,,-95.0,-166.0,-480.0,348.0,-582.0,155.0,32.0,-568.0
286.0,,-131.0,-93.0,-433.0,442.0,-509.0,84.0,10.0,-518.0
300.0,,-158.0,-34.0,-342.0,455.0,-434.0,29.0,24.0,-434.0
284.0,,-184.0,24.0,-233.0,449.0,-423.0,277.0,33.0,-331.0
254.0,,-186.0,71.0,-119.0,530.0,-433.0,18.0,35.0,-225.0
229.0,,-194.0,107.0,-29.0,543.0,-419.0,336.0,43.0,-101.0
190.0,,-169.0,133.0,33.0,494.0,-389.0,60.0,57.0,52.0
133.0,,-140.0,162.0,73.0,518.0,-382.0,164.0,73.0,220.0
68.0,,-128.0,190.0,124.0,534.0,-393.0,227.0,61.0,359.0
17.0,,-96.0,214.0,179.0,564.0,-397.0,57.0,57.0,506.0
-25.0,,-77.0,262.0,235.0,580.0,-352.0,400.0,40.0,644.0
-65.0,,-38.0,316.0,288.0,604.0,-324.0,97.0,19.0,740.0
-93.0,,-7.0,357.0,308.0,631.0,-358.0,391.0,0.0,815.0
-111.0,,31.0,390.0,299.0,610.0,-310.0,282.0,-15.0,846.0
-113.0,,87.0,422.0,235.0,658.0,-211.0,242.0,-22.0,824.0
-111.0,,129.0,415.0,127.0,687.0,-151.0,367.0,-43.0,756.0
-96.0,,172.0,370.0,1.0,651.0,-134.0,103.0,-65.0,635.0
-82.0,,185.0,318.0,-126.0,621.0,-172.0,500.0,-111.0,491.0
-84.0,,219.0,251.0,-221.0,608.0,-126.0,310.0,-171.0,354.0
-70.0,,231.0,177.0,-252.0,630.0,-26.0,582.0,-230.0,220.0
-55.0,,235.0,109.0,-234.0,652.0,-1.0,545.0,-281.0,120.0
-33.0,,261.0,83.0,-199.0,572.0,-75.0,373.0,-328.0,62.0
0.0,,256.0,102.0,-149.0,487.0,-99.0,609.0,-365.0,27.0
22.0,,290.0,110.0,-82.0,532.0,-5.0,194.0,-371.0,41.0
58.0,,310.0,107.0,-7.0,536.0,-1.0,450.0,-383.0,88.0
106.0,,309.0,138.0,34.0,477.0,-46.0,271.0,-376.0,149.0
145.0,,332.0,174.0,36.0,434.0,-66.0,402.0,-357.0,226.0
177.0,,315.0,167.0,26.0,420.0,-88.0,524.0,-332.0,306.0
211.0,,304.0,138.0,38.0,436.0,-84.0,293.0,-283.0,396.0
284.0,,307.0,96.0,90.0,405.0,-87.0,652.0,-238.0,502.0
344.0,,271.0,57.0,160.0,383.0,-90.0,334.0,-179.0,622.0
370.0,,248.0,23.0,220.0,363.0,-53.0,641.0,-119.0,726.0
391.0,,224.0,20.0,269.0,344.0,-15.0,655.0,-63.0,806.0
427.0,,180.0,16.0,312.0,379.0,-29.0,657.0,-17.0,868.0
459.0,,148.0,-10.0,325.0,367.0,-37.0,897.0,25.0,926.0
440.0,,100.0,-31.0,319.0,314.0,-18.0,545.0,55.0,955.0
427.0,,60.0,-56.0,305.0,290.0,-9.0,818.0,77.0,968.0
434.0,,17.0,-55.0,295.0,237.0,19.0,541.0,87.0,980.0
441.0,,-6.0,-37.0,294.0,208.0,54.0,650.0,71.0,999.0
435.0,,-1.0,-17.0,262.0,292.0,60.0,654.0,53.0,1011.0
422.0,,-25.0,-24.0,191.0,327.0,65.0,417.0,20.0,998.0
433.0,,-22.0,-65.0,97.0,313.0,108.0,631.0,-20.0,985.0
440.0,,4.0,-111.0,28.0,338.0,175.0,282.0,-84.0,959.0
431.0,,5.0,-164.0,-9.0,327.0,182.0,618.0,-162.0,942.0
401.0,,14.0,-194.0,-22.0,302.0,140.0,554.0,-238.0,911.0
384.0,,16.0,-190.0,29.0,261.0,144.0,663.0,-308.0,890.0
379.0,,4.0,-146.0,92.0,231.0,152.0,901.0,-363.0,900.0
368.0,,6.0,-80.0,136.0,225.0,122.0,609.0,-411.0,912.0
332.0,,-21.0,-31.0,145.0,227.0,130.0,864.0,-440.0,974.0
293.0,,-61.0,1.0,107.0,265.0,177.0,541.0,-466.0,1041.0
305.0,,-94.0,31.0,53.0,343.0,190.0,702.0,-473.0,1120.0
305.0,,-143.0,96.0,-34.0,366.0,210.0,644.0,-455.0,1216.0
268.0,,-166.0,164.0,-108.0,352.0,280.0,554.0,-423.0,1288.0
234.0,,-198.0,159.0,-154.0,393.0,289.0,849.0,-376.0,1310.0
237.0,,-217.0,89.0,-189.0,362.0,246.0,548.0,-321.0,1305.0
240.0,,-197.0,-4.0,-201.0,340.0,204.0,811.0,-241.0,1295.0
224.0,,-186.0,-115.0,-186.0,356.0,192.0,517.0,-173.0,1253.0
215.0,,-154.0,-240.0,-137.0,338.0,224.0,541.0,-128.0,1197.0
222.0,,-132.0,-356.0,-61.0,315.0,208.0,604.0,-68.0,1119.0
231.0,,-117.0,-436.0,17.0,274.0,187.0,406.0,-20.0,1065.0
208.0,,-73.0,-474.0,96.0,273.0,197.0,825.0,-18.0,1052.0
200.0,,-58.0,-490.0,162.0,282.0,205.0,630.0,-34.0,1036.0
213.0,,-36.0,-463.0,166.0,310.0,212.0,944.0,-48.0,1016.0
232.0,,13.0,-369.0,115.0,336.0,217.0,864.0,-82.0,1002.0
235.0,,38.0,-282.0,55.0,346.0,230.0,809.0,-135.0,985.0
244.0,,58.0,-207.0,18.0,340.0,241.0,979.0,-177.0,956.0
298.0,,107.0,-94.0,3.0,329.0,284.0,659.0,-198.0,918.0
349.0,,120.0,6.0,-16.0,371.0,338.0,997.0,-185.0,862.0
370.0,,126.0,93.0,-39.0,370.0,322.0,740.0,-155.0,817.0
377.0,,144.0,173.0,-73.0,370.0,284.0,846.0,-134.0,775.0
399.0,,115.0,232.0,-115.0,371.0,251.0,827.0,-92.0,730.0
412.0,,126.0,307.0,-163.0,360.0,210.0,596.0,-47.0,686.0
401.0,,106.0,342.0,-193.0,342.0,207.0,824.0,-20.0,637.0
365.0,,83.0,351.0,-203.0,293.0,188.0,521.0,-18.0,560.0
351.0,,91.0,363.0,-237.0,280.0,164.0,872.0,-18.0,467.0
348.0,,58.0,328.0,-286.0,264.0,197.0,768.0,-21.0,397.0
311.0,,80.0,267.0,-300.0,310.0,222.0,857.0,-70.0,331.0
283.0,,83.0,190.0,-250.0,348.0,178.0,1036.0,-118.0,259.0
252.0,,87.0,117.0,-155.0,327.0,135.0,774.0,-171.0,179.0
212.0,,133.0,55.0,-34.0,356.0,178.0,1064.0,-208.0,124.0
159.0,,148.0,0.0,93.0,345.0,212.0,724.0,-214.0,93.0
103.0,,171.0,-44.0,190.0,341.0,186.0,903.0,-222.0,36.0
78.0,,222.0,-93.0,254.0,370.0,148.0,824.0,-218.0,-53.0
65.0,,247.0,-119.0,260.0,350.0,136.0,735.0,-213.0,-147.0
32.0,,276.0,-117.0,187.0,321.0,162.0,1031.0,-214.0,-246.0
-2.0,,315.0,-110.0,94.0,330.0,168.0,726.0,-246.0,-348.0
-25.0,,331.0,-118.0,5.0,371.0,148.0,988.0,-274.0,-418.0
-36.0,,381.0,-145.0,-65.0,361.0,118.0,753.0,-275.0,-462.0
-50.0,,413.0,-168.0,-108.0,320.0,103.0,903.0,-280.0,-451.0
-76.0,,428.0,-179.0,-138.0,325.0,95.0,1040.0,-287.0,-401.0
-84.0,,455.0,-189.0,-140.0,313.0,65.0,883.0,-306.0,-318.0
-63.0,,463.0,-231.0,-138.0,269.0,61.0,1208.0,-299.0,-195.0
-41.0,,447.0,-283.0,-139.0,210.0,81.0,842.0,-273.0,-57.0
-58.0,,431.0,-303.0,-119.0,205.0,92.0,1043.0,-254.0,64.0
-64.0,,403.0,-290.0,-102.0,271.0,87.0,905.0,-225.0,150.0
-14.0,,349.0,-263.0,-120.0,281.0,31.0,866.0,-197.0,210.0
0.0,,303.0,-224.0,-164.0,265.0,-89.0,1029.0,-161.0,213.0
-16.0,,228.0,-146.0,-200.0,290.0,-130.0,702.0,-121.0,177.0
-8.0,,178.0,-58.0,-224.0,313.0,-85.0,977.0,-62.0,130.0
14.0,,121.0,12.0,-249.0,323.0,-85.0,668.0,17.0,59.0
17.0,,49.0,58.0,-294.0,321.0,-124.0,842.0,91.0,4.0
0.0,,20.0,74.0,-342.0,317.0,-152.0,848.0,151.0,6.0
11.0,,-35.0,59.0,-364.0,338.0,-76.0,748.0,213.0,52.0
32.0,,-64.0,7.0,-348.0,323.0,47.0,1073.0,246.0,126.0
22.0,,-81.0,-69.0,-296.0,312.0,101.0,761.0,243.0,232.0
-16.0,,-113.0,-157.0,-241.0,304.0,48.0,1079.0,244.0,375.0
-21.0,,-127.0,-220.0,-190.0,266.0,-24.0,851.0,214.0,545.0
19.0,,-147.0,-270.0,-130.0,285.0,-34.0,814.0,155.0,693.0
19.0,,-157.0,-321.0,-60.0,294.0,-32.0,855.0,104.0,816.0
0.0,,-155.0,-319.0,-9.0,281.0,12.0,524.0,46.0,931.0
12.0,,-149.0,-310.0,0.0,327.0,49.0,833.0,-8.0,1034.0
46.0,,-145.0,-326.0,17.0,343.0,40.0,600.0,-54.0,1106.0
82.0,,-125.0,-346.0,46.0,325.0,56.0,861.0,-90.0,1156.0
91.0,,-109.0,-364.0,59.0,325.0,62.0,750.0,-106.0,1200.0
107.0,,-96.0,-355.0,46.0,317.0,31.0,606.0,-111.0,1226.0
165.0,,-63.0,-332.0,23.0,340.0,21.0,800.0,-105.0,1232.0
238.0,,-45.0,-321.0,45.0,312.0,20.0,441.0,-83.0,1216.0
284.0,,-3.0,-324.0,109.0,226.0,1.0,720.0,-70.0,1177.0
302.0,,23.0,-319.0,190.0,235.0,-8.0,519.0,-58.0,1106.0
341.0,,21.0,-283.0,261.0,301.0,9.0,683.0,-32.0,1031.0
395.0,,50.0,-247.0,301.0,277.0,29.0,788.0,-21.0,933.0
395.0,,57.0,-249.0,284.0,248.0,-6.0,580.0,0.0,821.0
367.0,,58.0,-262.0,226.0,315.0,-41.0,818.0,34.0,701.0
360.0,,38.0,-266.0,171.0,354.0,-28.0,413.0,71.0,560.0
350.0,,3.0,-270.0,131.0,376.0,-25.0,594.0,106.0,439.0
296.0,,-10.0,-307.0,128.0,404.0,-67.0,412.0,125.0,322.0
214.0,,-79.0,-365.0,137.0,432.0,-73.0,406.0,124.0,226.0
160.0,,-131.0,-423.0,129.0,449.0,29.0,594.0,103.0,131.0
140.0,,-180.0,-488.0,94.0,447.0,124.0,251.0,62.0,65.0
108.0,,-264.0,-538.0,22.0,466.0,144.0,583.0,5.0,32.0
61.0,,-306.0,-547.0,-52.0,459.0,113.0,306.0,-51.0,25.0
35.0,,-367.0,-519.0,-97.0,461.0,58.0,441.0,-89.0,59.0
41.0,,-426.0,-455.0,-115.0,486.0,18.0,450.0,-114.0,111.0
62.0,,-434.0,-335.0,-102.0,448.0,-20.0,351.0,-130.0,190.0
55.0,,-468.0,-193.0,-79.0,360.0,-26.0,691.0,-148.0,251.0
59.0,,-493.0,-97.0,-67.0,335.0,-18.0,373.0,-175.0,311.0
112.0,,-476.0,-44.0,-66.0,350.0,-13.0,622.0,-196.0,340.0
183.0,,-479.0,-19.0,-96.0,319.0,49.0,347.0,-214.0,338.0
219.0,,-454.0,-14.0,-138.0,308.0,76.0,308.0,-243.0,329.0
251.0,,-427.0,-25.0,-156.0,377.0,56.0,395.0,-273.0,288.0
331.0,,-418.0,-51.0,-137.0,450.0,61.0,66.0,-276.0,235.0
383.0,,-369.0,-99.0,-97.0,434.0,79.0,338.0,-262.0,159.0
392.0,,-311.0,-168.0,-55.0,415.0,103.0,-12.0,-262.0,78.0
399.0,,-282.0,-253.0,-6.0,420.0,115.0,199.0,-248.0,-11.0
415.0,,-241.0,-336.0,35.0,418.0,117.0,179.0,-232.0,-96.0
394.0,,-183.0,-397.0,67.0,465.0,106.0,92.0,-222.0,-175.0
335.0,,-169.0,-441.0,87.0,456.0,82.0,334.0,-208.0,-250.0
296.0,,-151.0,-464.0,101.0,431.0,51.0,-27.0,-215.0,-299.0
233.0,,-143.0,-477.0,95.0,460.0,27.0,251.0,-216.0,-336.0
145.0,,-130.0,-494.0,81.0,436.0,45.0,-1.0,-201.0,-326.0
49.0,,-125.0,-523.0,64.0,422.0,62.0,62.0,-204.0,-284.0
-29.0,,-159.0,-557.0,39.0,419.0,85.0,120.0,-220.0,-196.0
-99.0,,-155.0,-604.0,11.0,382.0,124.0,-114.0,-232.0,-88.0
-171.0,,-193.0,-652.0,-25.0,379.0,141.0,208.0,-235.0,26.0
-221.0,,-187.0,-682.0,-65.0,390.0,177.0,-79.0,-240.0,186.0
-275.0,,-191.0,-707.0,-110.0,417.0,226.0,195.0,-242.0,326.0
-300.0,,-232.0,-714.0,-128.0,483.0,246.0,110.0,-232.0,425.0
-315.0,,-190.0,-686.0,-94.0,476.0,224.0,64.0,-233.0,471.0
-353.0,,-201.0,-636.0,-46.0,420.0,186.0,256.0,-247.0,470.0
-382.0,,-201.0,-573.0,-9.0,409.0,155.0,-1.0,-264.0,440.0
-401.0,,-179.0,-482.0,9.0,386.0,149.0,339.0,-282.0,347.0
-413.0,,-196.0,-395.0,20.0,393.0,176.0,57.0,-302.0,236.0
-450.0,,-196.0,-311.0,32.0,430.0,182.0,116.0,-313.0,112.0
-490.0,,-215.0,-217.0,56.0,409.0,165.0,16.0,-309.0,-29.0
-496.0,,-257.0,-136.0,84.0,402.0,200.0,-210.0,-299.0,-161.0
-502.0,,-262.0,-68.0,94.0,415.0,255.0,107.0,-271.0,-304.0
-520.0,,-268.0,-10.0,101.0,410.0,266.0,-142.0,-237.0,-427.0
-527.0,,-299.0,5.0,99.0,425.0,276.0,134.0,-208.0,-528.0
-509.0,,-305.0,-47.0,80.0,454.0,268.0,-24.0,-181.0,-601.0
-477.0,,-319.0,-117.0,56.0,462.0,222.0,9.0,-170.0,-627.0
-438.0,,-302.0,-172.0,33.0,441.0,179.0,112.0,-160.0,-625.0
-418.0,,-289.0,-230.0,17.0,427.0,170.0,-210.0,-153.0,-588.0
-409.0,,-286.0,-286.0,0.0,412.0,209.0,31.0,-162.0,-515.0
-371.0,,-242.0,-321.0,-15.0,390.0,205.0,-303.0,-176.0,-412.0
-330.0,,-206.0,-331.0,-34.0,394.0,175.0,-118.0,-189.0,-278.0
-319.0,,-167.0,-335.0,-79.0,395.0,167.0,-179.0,-208.0,-112.0
-313.0,,-105.0,-340.0,-140.0,391.0,137.0,-275.0,-251.0,76.0
-285.0,,-31.0,-346.0,-174.0,377.0,126.0,22.0,-286.0,250.0
-275.0,,51.0,-345.0,-183.0,366.0,118.0,-275.0,-296.0,374.0
-293.0,,150.0,-351.0,-185.0,381.0,86.0,12.0,-312.0,479.0
-304.0,,224.0,-356.0,-174.0,408.0,59.0,-240.0,-321.0,539.0
-293.0,,316.0,-342.0,-159.0,444.0,19.0,-232.0,-328.0,534.0
-281.0,,407.0,-332.0,-136.0,364.0,0.0,-190.0,-330.0,486.0
-298.0,,446.0,-333.0,-104.0,260.0,-9.0,-473.0,-312.0,359.0
-315.0,,495.0,-315.0,-52.0,280.0,-38.0,-181.0,-290.0,198.0
-294.0,,504.0,-311.0,3.0,302.0,-51.0,-482.0,-264.0,0.0
-257.0,,506.0,-337.0,34.0,279.0,-70.0,-284.0,-235.0,-233.0
-258.0,,510.0,-349.0,63.0,228.0,-63.0,-467.0,-205.0,-471.0
-286.0,,474.0,-346.0,65.0,210.0,-20.0,-628.0,-191.0,-696.0
-285.0,,453.0,-300.0,53.0,248.0,0.0,-458.0,-184.0,-876.0
-262.0,,438.0,-209.0,63.0,234.0,-19.0,-812.0,-172.0,-1015.0
-259.0,,393.0,-107.0,62.0,162.0,-23.0,-541.0,-170.0,-1081.0
-281.0,,334.0,7.0,59.0,139.0,6.0,-783.0,-191.0,-1099.0
-266.0,,274.0,117.0,55.0,164.0,-28.0,-637.0,-210.0,-1086.0
-227.0,,186.0,204.0,35.0,210.0,-57.0,-578.0,-207.0,-1036.0
-205.0,,105.0,265.0,-9.0,166.0,-42.0,-777.0,-194.0,-954.0
-166.0,,-1.0,282.0,-58.0,62.0,-20.0,-569.0,-177.0,-848.0
-123.0,,-108.0,273.0,-61.0,68.0,-15.0,-968.0,-167.0,-751.0
-100.0,,-159.0,252.0,-43.0,92.0,-58.0,-742.0,-166.0,-624.0
-66.0,,-227.0,158.0,-12.0,79.0,-59.0,-955.0,-175.0,-498.0
-28.0,,-257.0,-16.0,17.0,37.0,-51.0,-938.0,-201.0,-383.0
-4.0,,-279.0,-219.0,35.0,40.0,-78.0,-744.0,-234.0,-260.0
12.0,,-295.0,-400.0,59.0,115.0,-80.0,-1019.0,-265.0,-157.0
15.0,,-274.0,-532.0,59.0,161.0,-87.0,-679.0,-288.0,-75.0
22.0,,-284.0,-625.0,46.0,135.0,-98.0,-973.0,-293.0,-26.0
23.0,,-253.0,-657.0,21.0,110.0,-92.0,-790.0,-293.0,-7.0
-2.0,,-198.0,-641.0,-23.0,146.0,-115.0,-831.0,-302.0,-55.0
-5.0,,-154.0,-605.0,-73.0,173.0,-140.0,-953.0,-300.0,-163.0
11.0,,-109.0,-549.0,-121.0,198.0,-156.0,-676.0,-311.0,-302.0
24.0,,-58.0,-480.0,-150.0,191.0,-153.0,-973.0,-340.0,-452.0
70.0,,7.0,-431.0,-138.0,173.0,-96.0,-617.0,-353.0,-611.0
102.0,,51.0,-387.0,-101.0,159.0,-52.0,-844.0,-360.0,-799.0
104.0,,89.0,-314.0,-76.0,137.0,-60.0,-857.0,-362.0,-975.0
130.0,,146.0,-247.0,-55.0,154.0,-76.0,-837.0,-359.0,-1126.0
163.0,,203.0,-191.0,-40.0,134.0,-56.0,-1160.0,-343.0,-1257.0
184.0,,240.0,-159.0,-15.0,112.0,-16.0,-831.0,-311.0,-1348.0
168.0,,288.0,-146.0,16.0,137.0,-9.0,-1051.0,-274.0,-1406.0
159.0,,336.0,-147.0,22.0,153.0,-25.0,-763.0,-225.0,-1451.0
185.0,,363.0,-174.0,1.0,173.0,-41.0,-814.0,-179.0,-1471.0
201.0,,399.0,-228.0,-20.0,175.0,-46.0,-837.0,-150.0,-1507.0
202.0,,415.0,-309.0,-8.0,133.0,-32.0,-580.0,-139.0,-1551.0
198.0,,407.0,-363.0,30.0,150.0,-36.0,-879.0,-137.0,-1587.0
207.0,,399.0,-383.0,67.0,202.0,-72.0,-535.0,-140.0,-1643.0
216.0,,373.0,-401.0,96.0,176.0,-119.0,-757.0,-136.0,-1663.0
219.0,,343.0,-440.0,149.0,167.0,-123.0,-672.0,-121.0,-1649.0
212.0,,308.0,-471.0,232.0,189.0,-104.0,-646.0,-104.0,-1598.0
203.0,,247.0,-482.0,295.0,115.0,-99.0,-910.0,-74.0,-1523.0
195.0,,233.0,-512.0,322.0,104.0,-57.0,-650.0,-28.0,-1425.0
172.0,,194.0,-561.0,307.0,133.0,-39.0,-966.0,3.0,-1268.0
156.0,,128.0,-598.0,286.0,119.0,-54.0,-739.0,36.0,-1095.0
141.0,,114.0,-576.0,279.0,180.0,-55.0,-868.0,64.0,-916.0
150.0,,55.0,-537.0,228.0,172.0,-55.0,-885.0,80.0,-737.0
157.0,,10.0,-491.0,112.0,154.0,-47.0,-718.0,89.0,-561.0
169.0,,-36.0,-410.0,-14.0,175.0,-21.0,-973.0,86.0,-394.0
198.0,,-104.0,-311.0,-93.0,173.0,-15.0,-598.0,80.0,-255.0
200.0,,-119.0,-180.0,-129.0,223.0,-26.0,-822.0,73.0,-157.0
208.0,,-169.0,-62.0,-163.0,255.0,-47.0,-626.0,65.0,-101.0
201.0,,-198.0,27.0,-197.0,279.0,-71.0,-604.0,74.0,-66.0
193.0,,-186.0,70.0,-190.0,312.0,-77.0,-740.0,95.0,-58.0
219.0,,-215.0,86.0,-147.0,278.0,-76.0,-461.0,134.0,-106.0
228.0,,-212.0,128.0,-96.0,242.0,-41.0,-785.0,171.0,-202.0
227.0,,-185.0,158.0,-38.0,301.0,-33.0,-541.0,200.0,-337.0
230.0,,-182.0,178.0,-3.0,323.0,-25.0,-772.0,242.0,-486.0
240.0,,-164.0,196.0,1.0,304.0,-17.0,-759.0,273.0,-629.0
236.0,,-136.0,207.0,8.0,273.0,-33.0,-652.0,280.0,-771.0
210.0,,-115.0,219.0,26.0,248.0,-30.0,-877.0,264.0,-880.0
183.0,,-91.0,214.0,26.0,331.0,-67.0,-508.0,249.0,-981.0
176.0,,-91.0,212.0,5.0,353.0,-96.0,-805.0,233.0,-1073.0
197.0,,-77.0,211.0,-11.0,337.0,-116.0,-604.0,213.0,-1142.0
201.0,,-78.0,204.0,-8.0,371.0,-155.0,-655.0,199.0,-1178.0
198.0,,-111.0,213.0,28.0,394.0,-180.0,-763.0,165.0,-1159.0
214.0,,-101.0,204.0,89.0,398.0,-135.0,-493.0,131.0,-1113.0
222.0,,-126.0,179.0,137.0,358.0,-65.0,-761.0,100.0,-1047.0
205.0,,-159.0,171.0,140.0,310.0,-45.0,-415.0,75.0,-978.0
173.0,,-151.0,159.0,118.0,346.0,-34.0,-594.0,56.0,-900.0
160.0,,-177.0,124.0,97.0,413.0,-36.0,-485.0,46.0,-823.0
142.0,,-188.0,90.0,66.0,415.0,-23.0,-415.0,33.0,-770.0
107.0,,-185.0,79.0,38.0,429.0,14.0,-681.0,17.0,-725.0
93.0,,-208.0,35.0,31.0,431.0,43.0,-447.0,24.0,-700.0
99.0,,-198.0,-46.0,32.0,441.0,24.0,-829.0,31.0,-673.0
86.0,,-186.0,-110.0,40.0,457.0,-13.0,-591.0,35.0,-619.0
36.0,,-187.0,-162.0,69.0,403.0,-16.0,-689.0,60.0,-557.0
-8.0,,-155.0,-213.0,88.0,421.0,-8.0,-718.0,114.0,-490.0
-25.0,,-142.0,-262.0,55.0,459.0,6.0,-445.0,178.0,-407.0
-25.0,,-128.0,-288.0,-35.0,419.0,-15.0,-687.0,260.0,-304.0
-48.0,,-103.0,-294.0,-156.0,411.0,-42.0,-352.0,349.0,-199.0
-55.0,,-100.0,-286.0,-280.0,381.0,-53.0,-567.0,426.0,-113.0
-27.0,,-102.0,-256.0,-374.0,320.0,-47.0,-360.0,514.0,-58.0
-11.0,,-120.0,-231.0,-403.0,310.0,-14.0,-314.0,577.0,-61.0
-9.0,,-152.0,-194.0,-387.0,260.0,31.0,-495.0,630.0,-83.0
-19.0,,-195.0,-130.0,-361.0,234.0,94.0,-299.0,673.0,-135.0
-10.0,,-232.0,-89.0,-313.0,269.0,140.0,-742.0,684.0,-222.0
0.0,,-281.0,-81.0,-232.0,202.0,179.0,-515.0,698.0,-296.0
2.0,,-334.0,-66.0,-135.0,145.0,179.0,-678.0,692.0,-358.0
-15.0,,-385.0,-41.0,-63.0,140.0,158.0,-611.0,672.0,-359.0
-37.0,,-420.0,-13.0,-38.0,137.0,169.0,-391.0,646.0,-329.0
-30.0,,-450.0,20.0,-32.0,186.0,178.0,-594.0,598.0,-283.0
-46.0,,-501.0,87.0,-19.0,184.0,197.0,-219.0,522.0,-194.0
-78.0,,-499.0,148.0,0.0,175.0,208.0,-473.0,429.0,-92.0
-96.0,,-507.0,162.0,9.0,172.0,179.0,-267.0,319.0,14.0
-82.0,,-506.0,162.0,14.0,127.0,107.0,-358.0,200.0,80.0
-59.0,,-456.0,152.0,45.0,77.0,51.0,-533.0,97.0,90.0
-75.0,,-447.0,130.0,93.0,44.0,72.0,-308.0,0.0,63.0
-81.0,,-401.0,90.0,116.0,50.0,99.0,-611.0,-60.0,-21.0
-46.0,,-337.0,43.0,81.0,47.0,110.0,-290.0,-88.0,-151.0
-18.0,,-309.0,-5.0,15.0,25.0,139.0,-556.0,-102.0,-309.0
-23.0,,-253.0,-55.0,-18.0,-12.0,145.0,-548.0,-75.0,-503.0
-31.0,,-196.0,-69.0,-9.0,22.0,130.0,-461.0,-26.0,-666.0
8.0,,-156.0,-61.0,0.0,8.0,146.0,-591.0,23.0,-780.0
64.0,,-100.0,-67.0,-8.0,-27.0,166.0,-162.0,80.0,-859.0
87.0,,-61.0,-72.0,9.0,2.0,168.0,-373.0,136.0,-859.0
99.0,,-19.0,-51.0,75.0,-16.0,200.0,-97.0,197.0,-839.0
113.0,,26.0,-25.0,143.0,0.0,227.0,-258.0,254.0,-763.0
124.0,,34.0,-3.0,166.0,-13.0,192.0,-345.0,292.0,-636.0
98.0,,76.0,12.0,141.0,-22.0,126.0,-223.0,328.0,-521.0
44.0,,100.0,33.0,86.0,-39.0,131.0,-609.0,357.0,-385.0
14.0,,108.0,76.0,46.0,-103.0,200.0,-314.0,366.0,-270.0
-11.0,,141.0,108.0,46.0,-117.0,221.0,-543.0,375.0,-160.0
-54.0,,131.0,121.0,70.0,-106.0,229.0,-328.0,358.0,-68.0
-78.0,,159.0,117.0,98.0,-95.0,228.0,-269.0,335.0,2.0
-74.0,,190.0,108.0,97.0,-110.0,181.0,-437.0,297.0,64.0
-76.0,,190.0,107.0,97.0,-139.0,123.0,-210.0,230.0,110.0
-72.0,,240.0,69.0,122.0,-206.0,99.0,-552.0,170.0,152.0
-49.0,,272.0,-14.0,151.0,-214.0,126.0,-199.0,76.0,188.0
-29.0,,284.0,-107.0,165.0,-212.0,172.0,-303.0,-30.0,231.0
-15.0,,327.0,-166.0,144.0,-264.0,171.0,-234.0,-118.0,239.0
-3.0,,347.0,-155.0,82.0,-269.0,118.0,-88.0,-186.0,234.0
31.0,,362.0,-107.0,9.0,-282.0,92.0,-391.0,-239.0,213.0
85.0,,406.0,-72.0,-32.0,-237.0,98.0,-83.0,-271.0,153.0
130.0,,401.0,-23.0,-48.0,-230.0,119.0,-345.0,-271.0,58.0
166.0,,424.0,25.0,-67.0,-299.0,108.0,-120.0,-264.0,-49.0
216.0,,442.0,68.0,-76.0,-285.0,85.0,-168.0,-228.0,-145.0
270.0,,395.0,96.0,-66.0,-260.0,109.0,-310.0,-166.0,-252.0
300.0,,396.0,90.0,-55.0,-252.0,132.0,-149.0,-92.0,-329.0
314.0,,347.0,68.0,-30.0,-248.0,126.0,-521.0,-17.0,-360.0
297.0,,284.0,24.0,-8.0,-270.0,99.0,-232.0,66.0,-363.0
301.0,,266.0,-13.0,-14.0,-249.0,108.0,-434.0,154.0,-347.0
306.0,,201.0,-10.0,-34.0,-191.0,134.0,-275.0,224.0,-315.0
276.0,,195.0,30.0,-63.0,-214.0,105.0,-144.0,293.0,-279.0
265.0,,195.0,41.0,-105.0,-210.0,85.0,-343.0,348.0,-251.0
257.0,,178.0,26.0,-145.0,-155.0,87.0,-55.0,379.0,-207.0
241.0,,222.0,27.0,-157.0,-162.0,48.0,-400.0,378.0,-168.0
219.0,,237.0,5.0,-153.0,-137.0,19.0,-140.0,363.0,-142.0
184.0,,280.0,-33.0,-138.0,-123.0,31.0,-205.0,347.0,-110.0
153.0,,331.0,-64.0,-108.0,-120.0,23.0,-179.0,323.0,-82.0
127.0,,356.0,-104.0,-51.0,-125.0,-12.0,59.0,306.0,-74.0
106.0,,412.0,-160.0,16.0,-196.0,-18.0,-216.0,298.0,-77.0
91.0,,447.0,-201.0,62.0,-197.0,9.0,77.0,298.0,-73.0
80.0,,475.0,-216.0,114.0,-146.0,20.0,-227.0,288.0,-85.0
79.0,,523.0,-228.0,162.0,-159.0,12.0,-84.0,282.0,-94.0
86.0,,540.0,-263.0,197.0,-135.0,19.0,-94.0,278.0,-86.0
78.0,,544.0,-300.0,215.0,-86.0,19.0,-271.0,268.0,-84.0
59.0,,588.0,-296.0,219.0,-74.0,27.0,-11.0,256.0,-91.0
43.0,,580.0,-264.0,240.0,-39.0,59.0,-352.0,241.0,-129.0
32.0,,565.0,-230.0,215.0,-72.0,69.0,-72.0,235.0,-182.0
24.0,,589.0,-204.0,131.0,-110.0,92.0,-230.0,214.0,-257.0
27.0,,540.0,-162.0,43.0,-104.0,136.0,-175.0,192.0,-377.0
40.0,,512.0,-141.0,5.0,-89.0,139.0,-48.0,153.0,-512.0
71.0,,470.0,-154.0,0.0,-79.0,104.0,-288.0,79.0,-666.0
117.0,,395.0,-133.0,-25.0,-108.0,98.0,112.0,14.0,-800.0
151.0,,335.0,-77.0,-53.0,-104.0,136.0,-136.0,-41.0,-880.0
196.0,,260.0,-27.0,-86.0,-75.0,157.0,75.0,-105.0,-921.0
247.0,,200.0,-16.0,-131.0,-63.0,149.0,0.0,-148.0,-916.0
319.0,,131.0,-29.0,-145.0,-112.0,134.0,-162.0,-174.0,-873.0
387.0,,85.0,-44.0,-111.0,-136.0,130.0,36.0,-199.0,-796.0
434.0,,38.0,-60.0,-50.0,-162.0,162.0,-345.0,-185.0,-686.0
478.0,,-23.0,-76.0,4.0,-179.0,179.0,-101.0,-139.0,-569.0
509.0,,-55.0,-65.0,35.0,-196.0,190.0,-269.0,-80.0,-456.0
533.0,,-83.0,-48.0,92.0,-278.0,224.0,-103.0,-3.0,-322.0
501.0,,-112.0,-47.0,185.0,-315.0,239.0,49.0,80.0,-182.0
452.0,,-138.0,-55.0,258.0,-348.0,260.0,-109.0,174.0,-80.0
421.0,,-135.0,-72.0,271.0,-333.0,255.0,221.0,269.0,22.0
372.0,,-147.0,-51.0,209.0,-298.0,248.0,-112.0,353.0,123.0
307.0,,-157.0,3.0,120.0,-346.0,277.0,107.0,426.0,181.0
226.0,,-139.0,24.0,46.0,-410.0,316.0,-20.0,464.0,227.0
144.0,,-152.0,6.0,2.0,-428.0,359.0,-147.0,484.0,265.0
78.0,,-138.0,0.0,-11.0,-464.0,325.0,18.0,499.0,290.0
29.0,,-135.0,18.0,-25.0,-499.0,261.0,-336.0,489.0,290.0
-27.0,,-154.0,32.0,-38.0,-517.0,250.0,-46.0,476.0,260.0
-80.0,,-151.0,33.0,-50.0,-594.0,257.0,-229.0,478.0,202.0
-100.0,,-168.0,49.0,-72.0,-612.0,253.0,-81.0,468.0,107.0
-91.0,,-177.0,96.0,-112.0,-588.0,233.0,-18.0,446.0,2.0
-70.0,,-177.0,121.0,-175.0,-596.0,194.0,-160.0,446.0,-122.0
-53.0,,-193.0,110.0,-222.0,-638.0,169.0,127.0,443.0,-252.0
-25.0,,-162.0,102.0,-205.0,-650.0,165.0,-188.0,441.0,-383.0
16.0,,-129.0,98.0,-140.0,-597.0,195.0,96.0,452.0,-497.0
47.0,,-116.0,79.0,-79.0,-532.0,241.0,-36.0,454.0,-578.0
65.0,,-76.0,44.0,-65.0,-521.0,253.0,-22.0,452.0,-654.0
86.0,,-64.0,38.0,-90.0,-567.0,261.0,157.0,437.0,-658.0
82.0,,-39.0,41.0,-130.0,-583.0,243.0,-127.0,412.0,-599.0
72.0,,-35.0,10.0,-178.0,-637.0,212.0,171.0,388.0,-541.0
59.0,,-43.0,-17.0,-200.0,-619.0,213.0,-155.0,354.0,-436.0
41.0,,-28.0,-32.0,-169.0,-595.0,217.0,-55.0,321.0,-312.0
47.0,,-42.0,-44.0,-98.0,-612.0,234.0,-166.0,279.0,-196.0
37.0,,-37.0,-59.0,-8.0,-592.0,294.0,-306.0,229.0,-69.0
27.0,,-10.0,-79.0,80.0,-688.0,318.0,-1.0,193.0,59.0
42.0,,-18.0,-85.0,168.0,-711.0,264.0,-266.0,149.0,198.0
66.0,,-27.0,-89.0,237.0,-679.0,232.0,83.0,108.0,336.0
74.0,,1.0,-113.0,285.0,-688.0,230.0,-158.0,96.0,469.0
71.0,,-16.0,-137.0,339.0,-693.0,233.0,-157.0,89.0,609.0
97.0,,-24.0,-119.0,391.0,-725.0,222.0,-77.0,111.0,748.0
134.0,,1.0,-72.0,424.0,-710.0,194.0,-273.0,174.0,860.0
144.0,,4.0,-58.0,425.0,-722.0,154.0,127.0,227.0,950.0
155.0,,35.0,-67.0,389.0,-737.0,87.0,-118.0,276.0,1025.0
193.0,,56.0,-65.0,346.0,-740.0,42.0,110.0,327.0,1087.0
215.0,,76.0,-44.0,337.0,-736.0,74.0,-27.0,365.0,1135.0
208.0,,122.0,-41.0,351.0,-738.0,110.0,-136.0,390.0,1140.0
204.0,,141.0,-51.0,344.0,-755.0,109.0,14.0,398.0,1142.0
222.0,,176.0,-59.0,287.0,-749.0,113.0,-314.0,394.0,1154.0
220.0,,228.0,-77.0,216.0,-744.0,97.0,-1.0,363.0,1159.0
201.0,,247.0,-124.0,171.0,-692.0,92.0,-245.0,314.0,1158.0
210.0,,296.0,-217.0,118.0,-673.0,104.0,-55.0,259.0,1170.0
229.0,,321.0,-293.0,70.0,-703.0,75.0,59.0,181.0,1214.0
226.0,,324.0,-337.0,48.0,-736.0,-12.0,-97.0,106.0,1250.0
207.0,,326.0,-383.0,32.0,-757.0,-76.0,186.0,29.0,1275.0
217.0,,289.0,-445.0,16.0,-717.0,-88.0,-158.0,-43.0,1279.0
244.0,,264.0,-497.0,-15.0,-650.0,-120.0,57.0,-98.0,1296.0
234.0,,214.0,-499.0,-58.0,-604.0,-138.0,-121.0,-135.0,1298.0
203.0,,193.0,-470.0,-113.0,-619.0,-155.0,-110.0,-149.0,1264.0
210.0,,180.0,-459.0,-171.0,-678.0,-208.0,88.0,-143.0,1242.0
234.0,,142.0,-476.0,-203.0,-709.0,-260.0,-182.0,-121.0,1227.0
219.0,,143.0,-463.0,-215.0,-672.0,-285.0,147.0,-88.0,1197.0
200.0,,132.0,-430.0,-196.0,-666.0,-283.0,-140.0,-47.0,1132.0
209.0,,130.0,-375.0,-166.0,-654.0,-264.0,24.0,-13.0,1051.0
221.0,,142.0,-273.0,-151.0,-593.0,-247.0,66.0,10.0,974.0
216.0,,147.0,-166.0,-144.0,-584.0,-216.0,-51.0,17.0,918.0
194.0,,146.0,-80.0,-124.0,-575.0,-198.0,277.0,-1.0,867.0
181.0,,166.0,-38.0,-86.0,-572.0,-221.0,35.0,-35.0,804.0
169.0,,164.0,-2.0,-48.0,-609.0,-263.0,315.0,-80.0,741.0
161.0,,132.0,57.0,6.0,-610.0,-311.0,88.0,-111.0,667.0
153.0,,138.0,72.0,80.0,-614.0,-330.0,70.0,-142.0,563.0
112.0,,94.0,53.0,134.0,-617.0,-340.0,155.0,-171.0,449.0
87.0,,48.0,27.0,153.0,-598.0,-355.0,-60.0,-174.0,338.0
91.0,,15.0,-8.0,128.0,-615.0,-367.0,304.0,-166.0,230.0
69.0,,-50.0,-44.0,81.0,-596.0,-369.0,7.0,-161.0,175.0
30.0,,-104.0,-73.0,66.0,-576.0,-364.0,194.0,-171.0,160.0
12.0,,-177.0,-96.0,99.0,-559.0,-355.0,121.0,-175.0,190.0
23.0,,-238.0,-138.0,178.0,-524.0,-338.0,83.0,-180.0,258.0
-3.0,,-291.0,-186.0,285.0,-536.0,-362.0,380.0,-184.0,348.0
-58.0,,-317.0,-265.0,395.0,-551.0,-416.0,110.0,-202.0,485.0
-53.0,,-326.0,-351.0,481.0,-572.0,-446.0,369.0,-230.0,621.0
-33.0,,-328.0,-400.0,493.0,-597.0,-408.0,49.0,-243.0,755.0
-49.0,,-294.0,-442.0,415.0,-629.0,-357.0,110.0,-268.0,874.0
-72.0,,-247.0,-469.0,254.0,-641.0,-353.0,145.0,-282.0,968.0
-47.0,,-181.0,-497.0,70.0,-617.0,-363.0,11.0,-273.0,1036.0
9.0,,-131.0,-504.0,-94.0,-605.0,-350.0,406.0,-254.0,1054.0
34.0,,-67.0,-495.0,-235.0,-598.0,-331.0,127.0,-231.0,1039.0
47.0,,-9.0,-526.0,-345.0,-635.0,-323.0,413.0,-192.0,985.0
70.0,,27.0,-539.0,-405.0,-642.0,-315.0,229.0,-148.0,918.0
107.0,,77.0,-518.0,-412.0,-603.0,-332.0,83.0,-101.0,858.0
111.0,,85.0,-474.0,-389.0,-615.0,-310.0,199.0,-40.0,811.0
59.0,,113.0,-385.0,-341.0,-639.0,-296.0,-134.0,2.0,794.0
22.0,,131.0,-297.0,-274.0,-671.0,-321.0,125.0,60.0,792.0
22.0,,100.0,-216.0,-200.0,-696.0,-308.0,-151.0,132.0,815.0
4.0,,106.0,-120.0,-120.0,-651.0,-313.0,51.0,206.0,853.0
-40.0,,77.0,-22.0,-27.0,-666.0,-313.0,57.0,288.0,900.0
-60.0,,42.0,55.0,60.0,-755.0,-307.0,-86.0,361.0,927.0
-49.0,,35.0,107.0,138.0,-759.0,-287.0,247.0,438.0,943.0
-57.0,,5.0,134.0,188.0,-750.0,-229.0,-72.0,491.0,951.0
-107.0,,-6.0,122.0,194.0,-768.0,-193.0,242.0,524.0,924.0
-131.0,,-8.0,96.0,169.0,-799.0,-180.0,96.0,546.0,899.0
-125.0,,5.0,76.0,118.0,-823.0,-172.0,92.0,540.0,842.0
-166.0,,36.0,64.0,54.0,-769.0,-171.0,203.0,505.0,767.0
-247.0,,36.0,15.0,-34.0,-734.0,-166.0,-125.0,443.0,699.0
-299.0,,40.0,-60.0,-137.0,-787.0,-127.0,118.0,384.0,643.0
-307.0,,40.0,-106.0,-223.0,-795.0,-113.0,-218.0,302.0,590.0
-344.0,,4.0,-162.0,-268.0,-784.0,-126.0,-16.0,210.0,536.0
-434.0,,-2.0,-238.0,-276.0,-824.0,-135.0,-44.0,134.0,521.0
-502.0,,-1.0,-296.0,-276.0,-794.0,-154.0,-116.0,69.0,500.0
-512.0,,-27.0,-320.0,-258.0,-786.0,-144.0,157.0,28.0,514.0
-547.0,,-34.0,-363.0,-217.0,-797.0,-134.0,-157.0,-24.0,543.0
-602.0,,-50.0,-410.0,-159.0,-736.0,-141.0,173.0,-65.0,577.0
-615.0,,-73.0,-440.0,-96.0,-737.0,-165.0,-60.0,-85.0,643.0
-574.0,,-70.0,-464.0,-28.0,-738.0,-174.0,-22.0,-98.0,714.0
-522.0,,-91.0,-456.0,55.0,-715.0,-147.0,48.0,-104.0,811.0
-520.0,,-108.0,-462.0,121.0,-724.0,-130.0,-194.0,-123.0,884.0
-492.0,,-111.0,-495.0,148.0,-751.0,-135.0,116.0,-141.0,942.0
-405.0,,-145.0,-535.0,124.0,-792.0,-160.0,-138.0,-161.0,968.0
-342.0,,-165.0,-552.0,56.0,-779.0,-129.0,140.0,-184.0,942.0
-335.0,,-199.0,-560.0,-6.0,-742.0,-85.0,38.0,-202.0,871.0
-309.0,,-237.0,-577.0,-43.0,-737.0,-100.0,0.0,-202.0,760.0
-232.0,,-249.0,-571.0,-46.0,-738.0,-100.0,206.0,-176.0,664.0
-173.0,,-285.0,-543.0,-16.0,-714.0,-102.0,-66.0,-128.0,580.0
-137.0,,-316.0,-480.0,11.0,-684.0,-115.0,299.0,-61.0,540.0
-99.0,,-346.0,-383.0,14.0,-674.0,-119.0,66.0,4.0,531.0
-42.0,,-377.0,-298.0,4.0,-669.0,-120.0,206.0,50.0,555.0
7.0,,-405.0,-235.0,-13.0,-667.0,-118.0,234.0,93.0,623.0
25.0,,-434.0,-160.0,-51.0,-690.0,-115.0,72.0,127.0,696.0
30.0,,-447.0,-94.0,-97.0,-690.0,-91.0,380.0,143.0,790.0
23.0,,-463.0,-40.0,-117.0,-652.0,-89.0,35.0,171.0,870.0
0.0,,-462.0,26.0,-106.0,-630.0,-114.0,312.0,195.0,928.0
-16.0,,-459.0,80.0,-65.0,-634.0,-126.0,190.0,196.0,986.0
-48.0,,-465.0,103.0,-32.0,-640.0,-138.0,242.0,195.0,1016.0
-84.0,,-452.0,86.0,-46.0,-636.0,-122.0,474.0,177.0,1012.0
-88.0,,-441.0,47.0,-80.0,-638.0,-77.0,282.0,133.0,984.0
-102.0,,-427.0,3.0,-119.0,-590.0,-16.0,705.0,97.0,951.0
-115.0,,-427.0,-41.0,-142.0,-553.0,-1.0,469.0,63.0,931.0
-117.0,,-400.0,-67.0,-128.0,-544.0,-51.0,665.0,30.0,908.0
-111.0,,-368.0,-98.0,-79.0,-509.0,-57.0,646.0,-4.0,888.0
-122.0,,-354.0,-139.0,-10.0,-528.0,-33.0,506.0,-45.0,889.0
-145.0,,-291.0,-128.0,42.0,-505.0,-10.0,788.0,-80.0,889.0
-163.0,,-226.0,-89.0,75.0,-462.0,-16.0,497.0,-116.0,887.0
-182.0,,-163.0,-46.0,108.0,-476.0,-21.0,807.0,-149.0,863.0
-179.0,,-95.0,24.0,110.0,-459.0,20.0,631.0,-172.0,802.0
-199.0,,-13.0,118.0,78.0,-429.0,59.0,716.0,-178.0,717.0
-201.0,,76.0,221.0,56.0,-448.0,42.0,783.0,-159.0,600.0
-181.0,,141.0,276.0,63.0,-467.0,-2.0,487.0,-115.0,485.0
-160.0,,205.0,295.0,80.0,-469.0,-44.0,851.0,-63.0,391.0
-143.0,,267.0,276.0,87.0,-477.0,-71.0,611.0,2.0,307.0
-117.0,,310.0,204.0,67.0,-423.0,-67.0,914.0,80.0,273.0
-49.0,,320.0,116.0,9.0,-378.0,-44.0,923.0,134.0,303.0
-17.0,,312.0,-7.0,-62.0,-395.0,6.0,833.0,193.0,377.0
-18.0,,284.0,-156.0,-132.0,-407.0,38.0,1029.0,246.0,501.0
-4.0,,242.0,-318.0,-171.0,-419.0,34.0,752.0,274.0,661.0
38.0,,199.0,-478.0,-179.0,-420.0,14.0,1055.0,285.0,837.0
78.0,,117.0,-602.0,-183.0,-420.0,32.0,776.0,282.0,1029.0
81.0,,47.0,-692.0,-158.0,-440.0,74.0,872.0,287.0,1214.0
79.0,,-30.0,-757.0,-99.0,-457.0,45.0,873.0,283.0,1363.0
91.0,,-116.0,-799.0,-19.0,-446.0,17.0,665.0,279.0,1494.0
92.0,,-181.0,-811.0,62.0,-436.0,4.0,999.0,282.0,1598.0
62.0,,-270.0,-795.0,114.0,-401.0,11.0,685.0,271.0,1651.0
26.0,,-305.0,-761.0,126.0,-395.0,43.0,936.0,277.0,1662.0
-6.0,,-326.0,-712.0,103.0,-391.0,66.0,801.0,283.0,1631.0
-36.0,,-345.0,-608.0,73.0,-339.0,98.0,788.0,274.0,1537.0
-75.0,,-291.0,-480.0,48.0,-375.0,108.0,949.0,264.0,1386.0
-111.0,,-259.0,-370.0,26.0,-403.0,125.0,637.0,234.0,1193.0
-160.0,,-209.0,-269.0,29.0,-377.0,137.0,896.0,188.0,982.0
-238.0,,-137.0,-186.0,46.0,-342.0,130.0,589.0,128.0,814.0
-324.0,,-99.0,-105.0,45.0,-295.0,118.0,772.0,55.0,666.0
-399.0,,-18.0,-45.0,33.0,-311.0,121.0,774.0,-20.0,508.0
-470.0,,30.0,-32.0,24.0,-377.0,136.0,633.0,-91.0,398.0
-542.0,,59.0,-45.0,25.0,-371.0,118.0,870.0,-144.0,333.0
-604.0,,123.0,-69.0,35.0,-338.0,127.0,509.0,-187.0,314.0
-665.0,,154.0,-100.0,49.0,-337.0,172.0,800.0,-227.0,333.0
-708.0,,180.0,-119.0,53.0,-333.0,205.0,622.0,-281.0,357.0
-757.0,,208.0,-136.0,69.0,-373.0,201.0,626.0,-325.0,415.0
-817.0,,231.0,-148.0,130.0,-313.0,201.0,740.0,-360.0,474.0
-880.0,,251.0,-129.0,205.0,-274.0,235.0,517.0,-383.0,501.0
-921.0,,257.0,-100.0,263.0,-264.0,255.0,788.0,-368.0,537.0
-940.0,,275.0,-55.0,288.0,-183.0,255.0,524.0,-350.0,584.0
-973.0,,290.0,12.0,280.0,-205.0,243.0,783.0,-308.0,631.0
-1015.0,,295.0,98.0,255.0,-218.0,236.0,692.0,-241.0,651.0
-1040.0,,308.0,173.0,239.0,-228.0,235.0,567.0,-176.0,670.0
-1027.0,,312.0,216.0,220.0,-215.0,261.0,794.0,-106.0,709.0
-1022.0,,316.0,242.0,156.0,-176.0,264.0,548.0,-30.0,710.0
-1011.0,,330.0,215.0,33.0,-153.0,224.0,905.0,52.0,693.0
-962.0,,341.0,175.0,-124.0,-108.0,205.0,715.0,129.0,678.0
-889.0,,367.0,168.0,-280.0,-91.0,212.0,809.0,207.0,644.0
-830.0,,394.0,168.0,-390.0,-45.0,205.0,842.0,282.0,606.0
-798.0,,407.0,168.0,-431.0,-39.0,189.0,607.0,343.0,565.0
-734.0,,425.0,151.0,-427.0,-46.0,212.0,892.0,384.0,519.0
-656.0,,451.0,122.0,-396.0,-46.0,230.0,607.0,396.0,473.0
-624.0,,456.0,102.0,-361.0,-42.0,211.0,909.0,377.0,429.0
-607.0,,451.0,73.0,-319.0,4.0,151.0,827.0,339.0,374.0
-530.0,,457.0,44.0,-250.0,21.0,113.0,809.0,297.0,335.0
-444.0,,428.0,19.0,-181.0,60.0,121.0,982.0,246.0,328.0
-375.0,,406.0,-13.0,-133.0,85.0,107.0,652.0,192.0,322.0
-315.0,,381.0,-51.0,-104.0,106.0,91.0,970.0,142.0,326.0
-240.0,,344.0,-76.0,-75.0,100.0,64.0,724.0,97.0,347.0
-160.0,,323.0,-64.0,-48.0,48.0,54.0,868.0,79.0,394.0
-128.0,,288.0,-71.0,-27.0,59.0,67.0,910.0,76.0,430.0
-116.0,,288.0,-74.0,10.0,87.0,92.0,770.0,65.0,431.0
-98.0,,281.0,-36.0,79.0,144.0,122.0,1019.0,64.0,430.0
-57.0,,280.0,9.0,155.0,187.0,102.0,668.0,60.0,417.0
-41.0,,321.0,61.0,200.0,203.0,93.0,912.0,36.0,368.0
-56.0,,353.0,88.0,214.0,237.0,118.0,724.0,9.0,295.0
-74.0,,409.0,96.0,207.0,243.0,102.0,733.0,-25.0,226.0
-77.0,,450.0,113.0,195.0,239.0,73.0,849.0,-71.0,151.0
-54.0,,493.0,117.0,171.0,277.0,59.0,580.0,-109.0,81.0
-49.0,,550.0,117.0,136.0,323.0,26.0,892.0,-140.0,0.0
-49.0,,582.0,102.0,108.0,284.0,-2.0,561.0,-158.0,-84.0
-37.0,,613.0,68.0,94.0,275.0,0.0,707.0,-161.0,-166.0
0.0,,636.0,32.0,94.0,357.0,25.0,617.0,-136.0,-277.0
30.0,,653.0,17.0,100.0,411.0,17.0,458.0,-93.0,-381.0
51.0,,641.0,7.0,125.0,411.0,5.0,707.0,-47.0,-494.0
92.0,,623.0,-19.0,163.0,349.0,23.0,424.0,12.0,-600.0
144.0,,601.0,-33.0,177.0,346.0,43.0,781.0,73.0,-664.0
179.0,,563.0,-42.0,172.0,414.0,45.0,611.0,135.0,-718.0
202.0,,533.0,-51.0,159.0,398.0,46.0,683.0,188.0,-735.0
248.0,,479.0,-57.0,134.0,354.0,45.0,744.0,247.0,-722.0
285.0,,442.0,-103.0,125.0,329.0,0.0,471.0,305.0,-677.0
308.0,,414.0,-197.0,148.0,352.0,-24.0,761.0,355.0,-609.0
328.0,,371.0,-310.0,179.0,421.0,21.0,423.0,415.0,-533.0
345.0,,342.0,-404.0,208.0,410.0,90.0,668.0,469.0,-463.0
352.0,,329.0,-478.0,221.0,403.0,129.0,607.0,511.0,-406.0
339.0,,320.0,-539.0,201.0,444.0,110.0,524.0,522.0,-349.0
315.0,,291.0,-583.0,145.0,490.0,88.0,696.0,508.0,-319.0
288.0,,275.0,-605.0,77.0,535.0,113.0,371.0,465.0,-311.0
260.0,,244.0,-610.0,35.0,511.0,157.0,617.0,418.0,-322.0
224.0,,218.0,-622.0,29.0,512.0,196.0,260.0,365.0,-323.0
190.0,,183.0,-621.0,49.0,550.0,195.0,341.0,293.0,-320.0
193.0,,139.0,-591.0,73.0,528.0,187.0,360.0,230.0,-318.0
209.0,,109.0,-564.0,77.0,519.0,207.0,155.0,148.0,-331.0
211.0,,57.0,-554.0,43.0,525.0,217.0,454.0,98.0,-386.0
191.0,,41.0,-550.0,-25.0,529.0,227.0,194.0,74.0,-458.0
164.0,,24.0,-533.0,-105.0,477.0,201.0,478.0,59.0,-562.0
185.0,,14.0,-508.0,-168.0,444.0,150.0,319.0,70.0,-666.0
197.0,,28.0,-488.0,-195.0,550.0,133.0,269.0,82.0,-757.0
151.0,,34.0,-483.0,-202.0,614.0,149.0,319.0,92.0,-847.0
107.0,,46.0,-477.0,-196.0,594.0,169.0,46.0,105.0,-951.0
78.0,,58.0,-449.0,-182.0,572.0,144.0,371.0,110.0,-1068.0
50.0,,86.0,-432.0,-172.0,575.0,130.0,110.0,89.0,-1181.0
-27.0,,97.0,-442.0,-169.0,596.0,155.0,354.0,52.0,-1316.0
-100.0,,117.0,-467.0,-163.0,544.0,183.0,304.0,18.0,-1425.0
-123.0,,152.0,-485.0,-145.0,471.0,214.0,121.0,-14.0,-1523.0
-150.0,,190.0,-498.0,-125.0,468.0,219.0,317.0,-60.0,-1620.0
-206.0,,235.0,-501.0,-87.0,513.0,210.0,-33.0,-100.0,-1690.0
-258.0,,269.0,-472.0,-25.0,528.0,216.0,238.0,-141.0,-1744.0
-262.0,,307.0,-447.0,46.0,458.0,215.0,20.0,-208.0,-1745.0
-272.0,,353.0,-416.0,116.0,411.0,235.0,77.0,-271.0,-1697.0
-296.0,,393.0,-361.0,186.0,484.0,267.0,149.0,-332.0,-1603.0
-296.0,,407.0,-312.0,239.0,553.0,263.0,-70.0,-396.0,-1504.0
-255.0,,434.0,-263.0,239.0,534.0,250.0,275.0,-443.0,-1363.0
-212.0,,451.0,-229.0,215.0,492.0,241.0,-36.0,-460.0,-1187.0
-190.0,,452.0,-205.0,167.0,526.0,249.0,192.0,-479.0,-1033.0
-140.0,,451.0,-152.0,88.0,585.0,271.0,70.0,-476.0,-832.0
-66.0,,436.0,-97.0,18.0,539.0,279.0,-49.0,-462.0,-658.0
-1.0,,435.0,-91.0,-37.0,488.0,302.0,168.0,-468.0,-535.0
34.0,,429.0,-89.0,-77.0,475.0,333.0,-120.0,-464.0,-437.0
80.0,,412.0,-67.0,-91.0,402.0,351.0,206.0,-467.0,-407.0
153.0,,388.0,-76.0,-85.0,331.0,377.0,-7.0,-469.0,-419.0
217.0,,375.0,-74.0,-57.0,331.0,394.0,136.0,-461.0,-441.0
246.0,,349.0,-29.0,-30.0,403.0,401.0,157.0,-450.0,-494.0
270.0,,296.0,20.0,-31.0,446.0,416.0,-90.0,-435.0,-527.0
310.0,,261.0,80.0,-79.0,411.0,437.0,145.0,-412.0,-499.0
342.0,,230.0,135.0,-161.0,409.0,442.0,-192.0,-376.0,-458.0
354.0,,210.0,187.0,-241.0,402.0,430.0,68.0,-354.0,-361.0
356.0,,182.0,228.0,-318.0,398.0,455.0,-60.0,-347.0,-245.0
392.0,,174.0,220.0,-376.0,398.0,481.0,-16.0,-356.0,-138.0
418.0,,178.0,197.0,-395.0,406.0,469.0,182.0,-359.0,-10.0
417.0,,181.0,184.0,-378.0,418.0,430.0,-142.0,-340.0,101.0
383.0,,201.0,188.0,-348.0,340.0,394.0,66.0,-311.0,228.0
357.0,,210.0,193.0,-311.0,318.0,398.0,-293.0,-267.0,358.0
360.0,,248.0,190.0,-263.0,373.0,401.0,-112.0,-216.0,462.0
333.0,,270.0,190.0,-217.0,454.0,407.0,-64.0,-153.0,547.0
312.0,,283.0,174.0,-186.0,484.0,413.0,-136.0,-74.0,592.0
293.0,,302.0,150.0,-170.0,400.0,402.0,136.0,31.0,611.0
295.0,,295.0,119.0,-134.0,407.0,410.0,-210.0,133.0,606.0
295.0,,299.0,53.0,-95.0,461.0,364.0,42.0,225.0,620.0
258.0,,268.0,-20.0,-91.0,421.0,306.0,-195.0,307.0,643.0
208.0,,225.0,-89.0,-106.0,347.0,306.0,-149.0,345.0,642.0
168.0,,197.0,-155.0,-106.0,358.0,269.0,11.0,357.0,646.0
145.0,,146.0,-193.0,-95.0,396.0,217.0,-145.0,346.0,616.0
122.0,,107.0,-195.0,-87.0,415.0,214.0,258.0,332.0,552.0
95.0,,82.0,-160.0,-53.0,386.0,257.0,33.0,306.0,431.0
60.0,,56.0,-104.0,9.0,302.0,294.0,291.0,281.0,229.0
55.0,,46.0,-56.0,77.0,306.0,301.0,194.0,272.0,15.0
71.0,,37.0,-29.0,146.0,302.0,328.0,53.0,261.0,-213.0
77.0,,23.0,-27.0,205.0,233.0,350.0,192.0,256.0,-452.0
70.0,,29.0,-37.0,247.0,121.0,342.0,-136.0,243.0,-618.0
67.0,,47.0,-48.0,261.0,100.0,349.0,230.0,225.0,-759.0
79.0,,69.0,-79.0,248.0,173.0,329.0,42.0,188.0,-849.0
66.0,,92.0,-110.0,218.0,200.0,296.0,197.0,148.0,-854.0
60.0,,134.0,-132.0,177.0,217.0,310.0,275.0,119.0,-858.0
66.0,,173.0,-159.0,154.0,242.0,288.0,49.0,100.0,-825.0
50.0,,202.0,-191.0,153.0,257.0,230.0,279.0,96.0,-765.0
21.0,,208.0,-221.0,164.0,212.0,185.0,-79.0,77.0,-741.0
11.0,,202.0,-245.0,175.0,163.0,179.0,188.0,84.0,-754.0
9.0,,211.0,-279.0,181.0,116.0,203.0,72.0,94.0,-807.0
-2.0,,171.0,-293.0,166.0,71.0,190.0,114.0,88.0,-909.0
8.0,,143.0,-281.0,97.0,31.0,195.0,303.0,99.0,-1028.0
34.0,,120.0,-304.0,-11.0,-28.0,216.0,5.0,97.0,-1124.0
43.0,,70.0,-371.0,-120.0,-41.0,232.0,345.0,92.0,-1208.0
35.0,,24.0,-432.0,-206.0,-27.0,278.0,-9.0,73.0,-1257.0
50.0,,-41.0,-445.0,-246.0,8.0,306.0,48.0,62.0,-1219.0
75.0,,-94.0,-437.0,-223.0,18.0,306.0,7.0,72.0,-1131.0
80.0,,-131.0,-418.0,-147.0,16.0,278.0,-166.0,70.0,-1008.0
103.0,,-175.0,-401.0,-38.0,18.0,269.0,134.0,76.0,-838.0
140.0,,-212.0,-442.0,70.0,-40.0,262.0,-83.0,79.0,-677.0
175.0,,-212.0,-497.0,163.0,-60.0,225.0,223.0,65.0,-539.0
196.0,,-209.0,-506.0,208.0,-17.0,230.0,20.0,55.0,-420.0
215.0,,-194.0,-523.0,184.0,-12.0,252.0,36.0,38.0,-318.0
232.0,,-159.0,-604.0,131.0,-77.0,266.0,107.0,0.0,-296.0
223.0,,-124.0,-655.0,67.0,-141.0,230.0,-134.0,-18.0,-336.0
212.0,,-77.0,-661.0,12.0,-139.0,191.0,221.0,-29.0,-380.0
200.0,,-52.0,-718.0,-19.0,-81.0,169.0,-72.0,-48.0,-468.0
177.0,,-23.0,-756.0,-21.0,-68.0,143.0,153.0,-55.0,-561.0
143.0,,0.0,-736.0,-1.0,-145.0,169.0,116.0,-73.0,-650.0
122.0,,19.0,-688.0,26.0,-152.0,171.0,3.0,-60.0,-726.0
111.0,,44.0,-653.0,64.0,-81.0,142.0,199.0,-36.0,-765.0
75.0,,34.0,-651.0,98.0,-12.0,85.0,-205.0,-25.0,-774.0
39.0,,19.0,-626.0,138.0,23.0,65.0,22.0,3.0,-754.0
36.0,,14.0,-580.0,172.0,-3.0,85.0,-212.0,47.0,-736.0
48.0,,-12.0,-504.0,183.0,-18.0,43.0,-99.0,98.0,-713.0
50.0,,-47.0,-408.0,164.0,-2.0,23.0,-16.0,143.0,-701.0
53.0,,-62.0,-307.0,80.0,17.0,67.0,-225.0,172.0,-713.0
66.0,,-90.0,-179.0,-18.0,23.0,74.0,114.0,183.0,-733.0
95.0,,-108.0,-40.0,-85.0,16.0,8.0,-190.0,176.0,-763.0
102.0,,-119.0,79.0,-115.0,34.0,-13.0,62.0,156.0,-810.0
96.0,,-128.0,103.0,-101.0,56.0,10.0,-11.0,139.0,-850.0
95.0,,-124.0,81.0,-66.0,43.0,1.0,1.0,132.0,-863.0
86.0,,-125.0,57.0,-9.0,38.0,-33.0,232.0,125.0,-838.0
99.0,,-110.0,-5.0,39.0,32.0,-35.0,-121.0,115.0,-792.0
102.0,,-77.0,-107.0,73.0,13.0,-12.0,112.0,112.0,-749.0
96.0,,-31.0,-190.0,93.0,27.0,6.0,-188.0,115.0,-703.0
91.0,,25.0,-211.0,92.0,85.0,1.0,-75.0,124.0,-658.0
96.0,,78.0,-204.0,93.0,163.0,-36.0,-75.0,135.0,-607.0
112.0,,127.0,-179.0,96.0,167.0,-53.0,-243.0,132.0,-573.0
92.0,,183.0,-161.0,112.0,118.0,-93.0,40.0,131.0,-540.0
69.0,,220.0,-151.0,132.0,133.0,-114.0,-293.0,141.0,-514.0
52.0,,244.0,-145.0,143.0,157.0,-94.0,48.0,146.0,-502.0
37.0,,281.0,-161.0,116.0,127.0,-122.0,33.0,147.0,-475.0
33.0,,287.0,-180.0,47.0,145.0,-146.0,155.0,159.0,-425.0
16.0,,304.0,-221.0,-18.0,225.0,-148.0,343.0,161.0,-348.0
11.0,,317.0,-275.0,-69.0,270.0,-179.0,51.0,153.0,-269.0
22.0,,293.0,-299.0,-114.0,265.0,-197.0,308.0,138.0,-150.0
2.0,,292.0,-304.0,-130.0,254.0,-186.0,-42.0,111.0,-11.0
-28.0,,297.0,-313.0,-99.0,296.0,-186.0,101.0,79.0,105.0
-58.0,,292.0,-314.0,-42.0,324.0,-213.0,44.0,35.0,214.0
-90.0,,299.0,-297.0,26.0,312.0,-222.0,-59.0,-9.0,288.0
-120.0,,316.0,-255.0,93.0,306.0,-185.0,242.0,-69.0,300.0
-143.0,,313.0,-212.0,135.0,319.0,-168.0,-46.0,-124.0,254.0
-137.0,,306.0,-186.0,157.0,379.0,-188.0,282.0,-167.0,184.0
-117.0,,309.0,-159.0,158.0,408.0,-178.0,77.0,-201.0,88.0
-85.0,,301.0,-129.0,142.0,377.0,-165.0,94.0,-216.0,-42.0
-47.0,,287.0,-110.0,129.0,321.0,-209.0,145.0,-234.0,-189.0
-12.0,,257.0,-101.0,123.0,298.0,-232.0,-94.0,-261.0,-347.0
30.0,,233.0,-130.0,125.0,296.0,-206.0,269.0,-296.0,-466.0
72.0,,208.0,-199.0,125.0,266.0,-169.0,27.0,-316.0,-543.0
125.0,,168.0,-265.0,133.0,251.0,-133.0,284.0,-317.0,-615.0
167.0,,156.0,-323.0,144.0,220.0,-134.0,173.0,-306.0,-632.0
197.0,,116.0,-407.0,131.0,245.0,-152.0,49.0,-282.0,-624.0
251.0,,73.0,-484.0,114.0,275.0,-172.0,194.0,-248.0,-570.0
327.0,,53.0,-529.0,101.0,261.0,-194.0,-186.0,-215.0,-500.0
395.0,,3.0,-581.0,99.0,274.0,-190.0,116.0,-189.0,-460.0
430.0,,-38.0,-610.0,93.0,266.0,-154.0,-107.0,-165.0,-378.0
477.0,,-83.0,-611.0,55.0,232.0,-134.0,42.0,-125.0,-280.0
530.0,,-143.0,-627.0,22.0,177.0,-105.0,123.0,-75.0,-194.0
560.0,,-206.0,-640.0,4.0,162.0,-99.0,-73.0,-31.0,-110.0
573.0,,-268.0,-636.0,-24.0,161.0,-104.0,199.0,16.0,-13.0
568.0,,-305.0,-591.0,-51.0,96.0,-85.0,-133.0,58.0,59.0
568.0,,-330.0,-519.0,-65.0,29.0,-81.0,125.0,98.0,111.0
583.0,,-370.0,-469.0,-58.0,31.0,-73.0,-27.0,139.0,152.0
596.0,,-377.0,-461.0,-37.0,33.0,-82.0,-68.0,153.0,156.0
592.0,,-363.0,-453.0,-18.0,-2.0,-82.0,75.0,138.0,141.0
588.0,,-354.0,-404.0,31.0,-31.0,-129.0,-221.0,115.0,112.0
599.0,,-328.0,-334.0,102.0,-85.0,-176.0,103.0,80.0,105.0
601.0,,-310.0,-262.0,170.0,-103.0,-165.0,-147.0,20.0,112.0
565.0,,-284.0,-212.0,231.0,-104.0,-165.0,-24.0,-41.0,142.0
532.0,,-255.0,-183.0,267.0,-137.0,-166.0,-72.0,-96.0,213.0
540.0,,-241.0,-166.0,285.0,-181.0,-176.0,-245.0,-141.0,304.0
538.0,,-230.0,-154.0,279.0,-208.0,-176.0,-22.0,-174.0,390.0
512.0,,-208.0,-159.0,257.0,-179.0,-196.0,-258.0,-191.0,453.0
506.0,,-224.0,-211.0,235.0,-183.0,-194.0,107.0,-197.0,516.0
523.0,,-248.0,-306.0,203.0,-186.0,-164.0,-20.0,-187.0,542.0
523.0,,-261.0,-418.0,169.0,-135.0,-174.0,72.0,-161.0,528.0
510.0,,-325.0,-494.0,136.0,-108.0,-191.0,188.0,-136.0,500.0
505.0,,-371.0,-538.0,107.0,-123.0,-188.0,-114.0,-107.0,443.0
503.0,,-431.0,-584.0,92.0,-141.0,-182.0,129.0,-59.0,387.0
515.0,,-497.0,-604.0,87.0,-95.0,-215.0,-192.0,-13.0,355.0
529.0,,-542.0,-625.0,96.0,-50.0,-251.0,-20.0,34.0,337.0
512.0,,-601.0,-661.0,99.0,-54.0,-275.0,-75.0,80.0,332.0
472.0,,-618.0,-663.0,89.0,-58.0,-283.0,-164.0,135.0,342.0
444.0,,-645.0,-659.0,70.0,-62.0,-258.0,64.0,181.0,363.0
424.0,,-659.0,-681.0,32.0,-58.0,-221.0,-206.0,193.0,389.0
381.0,,-637.0,-672.0,-1.0,-89.0,-219.0,118.0,217.0,432.0
327.0,,-636.0,-644.0,-25.0,-149.0,-227.0,-134.0,216.0,466.0
283.0,,-590.0,-628.0,-45.0,-162.0,-224.0,-94.0,206.0,531.0
241.0,,-542.0,-592.0,-49.0,-122.0,-226.0,-16.0,200.0,611.0
190.0,,-508.0,-539.0,-48.0,-128.0,-221.0,-208.0,164.0,664.0
137.0,,-439.0,-483.0,-69.0,-209.0,-208.0,162.0,138.0,748.0
111.0,,-404.0,-429.0,-113.0,-236.0,-186.0,-109.0,113.0,808.0
79.0,,-349.0,-365.0,-151.0,-205.0,-196.0,101.0,94.0,837.0
27.0,,-294.0,-309.0,-188.0,-189.0,-210.0,20.0,95.0,866.0
8.0,,-266.0,-289.0,-222.0,-212.0,-174.0,-62.0,106.0,856.0
1.0,,-203.0,-297.0,-224.0,-247.0,-168.0,31.0,111.0,814.0
0.0,,-162.0,-310.0,-215.0,-210.0,-186.0,-266.0,122.0,778.0
0.0,,-97.0,-311.0,-194.0,-139.0,-140.0,121.0,156.0,740.0
1.0,,-41.0,-330.0,-162.0,-102.0,-81.0,-7.0,171.0,687.0
32.0,,2.0,-350.0,-127.0,-118.0,-66.0,232.0,178.0,644.0
71.0,,55.0,-357.0,-85.0,-121.0,-54.0,262.0,188.0,587.0
114.0,,97.0,-359.0,-44.0,-105.0,-15.0,38.0,170.0,548.0
151.0,,133.0,-328.0,-7.0,-104.0,35.0,277.0,149.0,560.0
167.0,,152.0,-287.0,9.0,-64.0,70.0,-101.0,139.0,573.0
180.0,,184.0,-258.0,17.0,-64.0,85.0,138.0,104.0,585.0
192.0,,177.0,-274.0,16.0,-97.0,58.0,35.0,80.0,610.0
178.0,,193.0,-344.0,-10.0,-137.0,63.0,99.0,46.0,633.0
147.0,,190.0,-435.0,-35.0,-127.0,101.0,310.0,7.0,658.0
124.0,,163.0,-557.0,-86.0,-60.0,85.0,59.0,-18.0,678.0
99.0,,203.0,-702.0,-155.0,-83.0,33.0,328.0,-56.0,674.0
77.0,,180.0,-810.0,-220.0,-92.0,-42.0,1.0,-63.0,684.0
64.0,,178.0,-873.0,-297.0,-28.0,-44.0,173.0,-68.0,678.0
69.0,,226.0,-908.0,-370.0,78.0,-5.0,164.0,-77.0,639.0
71.0,,226.0,-908.0,-416.0,108.0,-1.0,96.0,-56.0,605.0
61.0,,238.0,-913.0,-417.0,49.0,-4.0,426.0,-34.0,575.0
65.0,,237.0,-920.0,-377.0,47.0,-1.0,147.0,-7.0,565.0
77.0,,234.0,-896.0,-296.0,87.0,9.0,454.0,32.0,557.0
80.0,,251.0,-862.0,-186.0,146.0,12.0,254.0,66.0,544.0
70.0,,244.0,-797.0,-81.0,137.0,65.0,291.0,93.0,530.0
88.0,,246.0,-709.0,5.0,116.0,109.0,352.0,106.0,518.0
133.0,,269.0,-636.0,88.0,189.0,101.0,94.0,84.0,510.0
152.0,,276.0,-593.0,172.0,237.0,85.0,399.0,40.0,516.0
154.0,,295.0,-608.0,227.0,208.0,71.0,129.0,-9.0,521.0
170.0,,337.0,-653.0,258.0,193.0,79.0,413.0,-60.0,501.0
189.0,,357.0,-702.0,285.0,208.0,109.0,332.0,-107.0,495.0
188.0,,380.0,-787.0,277.0,218.0,170.0,245.0,-136.0,502.0
157.0,,396.0,-893.0,239.0,225.0,233.0,480.0,-143.0,512.0
152.0,,380.0,-961.0,180.0,203.0,261.0,182.0,-121.0,528.0
181.0,,365.0,-991.0,96.0,172.0,257.0,489.0,-70.0,534.0
179.0,,321.0,-1015.0,20.0,137.0,253.0,271.0,-9.0,530.0
160.0,,256.0,-1024.0,-39.0,112.0,257.0,408.0,62.0,520.0
169.0,,206.0,-996.0,-67.0,59.0,250.0,491.0,123.0,515.0
205.0,,136.0,-943.0,-72.0,-38.0,265.0,356.0,181.0,513.0
220.0,,80.0,-893.0,-61.0,-64.0,250.0,685.0,225.0,546.0
203.0,,32.0,-834.0,-23.0,-10.0,210.0,347.0,254.0,595.0
199.0,,-9.0,-758.0,1.0,-14.0,222.0,604.0,268.0,676.0
225.0,,-31.0,-662.0,22.0,-39.0,232.0,519.0,251.0,829.0
229.0,,-51.0,-579.0,42.0,9.0,241.0,533.0,211.0,977.0
203.0,,-71.0,-519.0,42.0,34.0,246.0,757.0,161.0,1133.0
188.0,,-91.0,-463.0,34.0,75.0,253.0,513.0,122.0,1309.0
199.0,,-106.0,-404.0,13.0,191.0,288.0,877.0,67.0,1446.0
227.0,,-128.0,-330.0,-11.0,247.0,294.0,628.0,9.0,1543.0
223.0,,-137.0,-314.0,-27.0,183.0,296.0,726.0,-28.0,1582.0
203.0,,-164.0,-320.0,-55.0,135.0,303.0,674.0,-69.0,1571.0
200.0,,-202.0,-310.0,-77.0,123.0,319.0,474.0,-100.0,1552.0
193.0,,-227.0,-348.0,-99.0,109.0,335.0,702.0,-120.0,1503.0
164.0,,-259.0,-414.0,-125.0,51.0,334.0,413.0,-123.0,1450.0
113.0,,-299.0,-487.0,-125.0,-60.0,333.0,781.0,-121.0,1433.0
90.0,,-339.0,-535.0,-111.0,-58.0,334.0,694.0,-101.0,1447.0
111.0,,-378.0,-560.0,-75.0,-13.0,378.0,838.0,-75.0,1471.0
121.0,,-417.0,-614.0,-34.0,-33.0,403.0,1042.0,-55.0,1501.0
109.0,,-459.0,-665.0,-1.0,-63.0,387.0,781.0,-19.0,1557.0
113.0,,-501.0,-708.0,23.0,-86.0,381.0,1047.0,7.0,1579.0
136.0,,-530.0,-737.0,48.0,-9.0,391.0,731.0,5.0,1582.0
140.0,,-542.0,-764.0,91.0,87.0,402.0,936.0,0.0,1551.0
107.0,,-543.0,-804.0,124.0,51.0,419.0,864.0,-7.0,1465.0
99.0,,-547.0,-819.0,149.0,33.0,437.0,827.0,-24.0,1377.0
102.0,,-501.0,-813.0,155.0,127.0,431.0,1069.0,-52.0,1240.0
84.0,,-464.0,-763.0,134.0,196.0,414.0,722.0,-80.0,1092.0
65.0,,-436.0,-666.0,118.0,177.0,418.0,1016.0,-100.0,973.0
59.0,,-366.0,-561.0,105.0,124.0,435.0,711.0,-125.0,888.0
76.0,,-315.0,-462.0,93.0,106.0,433.0,766.0,-147.0,843.0
68.0,,-261.0,-367.0,96.0,97.0,440.0,827.0,-167.0,852.0
42.0,,-221.0,-269.0,126.0,60.0,481.0,654.0,-199.0,921.0
37.0,,-183.0,-205.0,173.0,31.0,521.0,1043.0,-232.0,1023.0
47.0,,-161.0,-185.0,199.0,-11.0,525.0,801.0,-241.0,1185.0
31.0,,-138.0,-180.0,225.0,-74.0,528.0,1073.0,-228.0,1336.0
6.0,,-117.0,-189.0,254.0,-101.0,555.0,960.0,-214.0,1491.0
24.0,,-111.0,-199.0,249.0,-159.0,561.0,992.0,-182.0,1654.0
43.0,,-87.0,-220.0,231.0,-212.0,564.0,1178.0,-136.0,1732.0
48.0,,-105.0,-270.0,218.0,-148.0,567.0,859.0,-88.0,1761.0
35.0,,-115.0,-345.0,199.0,-73.0,557.0,1134.0,-42.0,1729.0
19.0,,-118.0,-437.0,179.0,-89.0,522.0,807.0,6.0,1640.0
16.0,,-151.0,-568.0,147.0,-125.0,463.0,936.0,40.0,1495.0
-10.0,,-172.0,-725.0,108.0,-88.0,427.0,896.0,82.0,1292.0
-72.0,,-198.0,-831.0,91.0,-66.0,414.0,740.0,133.0,1076.0
-126.0,,-232.0,-867.0,89.0,-114.0,396.0,1056.0,161.0,863.0
-147.0,,-254.0,-843.0,87.0,-196.0,379.0,794.0,208.0,673.0
-188.0,,-270.0,-799.0,80.0,-231.0,389.0,1029.0,253.0,523.0
-261.0,,-253.0,-737.0,72.0,-226.0,408.0,781.0,293.0,428.0
-325.0,,-242.0,-629.0,33.0,-279.0,462.0,805.0,340.0,372.0
-359.0,,-208.0,-539.0,-21.0,-245.0,506.0,894.0,370.0,357.0
-382.0,,-149.0,-464.0,-58.0,-199.0,511.0,672.0,382.0,370.0
-428.0,,-116.0,-370.0,-116.0,-221.0,542.0,979.0,368.0,351.0
-452.0,,-54.0,-302.0,-183.0,-212.0,561.0,654.0,343.0,327.0
-437.0,,-12.0,-282.0,-224.0,-247.0,548.0,798.0,295.0,331.0
-406.0,,37.0,-291.0,-233.0,-229.0,528.0,637.0,233.0,314.0
-378.0,,93.0,-316.0,-216.0,-238.0,515.0,524.0,159.0,304.0
-380.0,,114.0,-370.0,-188.0,-331.0,493.0,737.0,53.0,322.0
-372.0,,166.0,-442.0,-146.0,-360.0,457.0,495.0,-60.0,355.0
-336.0,,198.0,-550.0,-116.0,-316.0,439.0,875.0,-164.0,420.0
-324.0,,228.0,-674.0,-90.0,-281.0,460.0,691.0,-259.0,496.0
-328.0,,269.0,-736.0,-37.0,-318.0,468.0,825.0,-354.0,584.0
-306.0,,311.0,-771.0,9.0,-334.0,439.0,838.0,-454.0,677.0
-273.0,,345.0,-805.0,26.0,-349.0,448.0,563.0,-538.0,742.0
-270.0,,368.0,-820.0,4.0,-343.0,462.0,739.0,-595.0,757.0
-305.0,,390.0,-843.0,-40.0,-332.0,475.0,314.0,-663.0,748.0
-309.0,,392.0,-874.0,-101.0,-325.0,526.0,570.0,-714.0,730.0
-278.0,,391.0,-878.0,-175.0,-279.0,534.0,517.0,-746.0,704.0
-286.0,,366.0,-865.0,-208.0,-298.0,500.0,533.0,-773.0,688.0
-295.0,,350.0,-842.0,-201.0,-332.0,509.0,698.0,-752.0,688.0
-268.0,,331.0,-816.0,-172.0,-370.0,526.0,354.0,-715.0,713.0
-230.0,,286.0,-786.0,-113.0,-381.0,488.0,576.0,-649.0,746.0
-206.0,,271.0,-744.0,-40.0,-348.0,453.0,247.0,-551.0,767.0
-204.0,,234.0,-705.0,38.0,-336.0,445.0,426.0,-460.0,770.0
-186.0,,198.0,-659.0,84.0,-295.0,389.0,482.0,-365.0,750.0
-130.0,,172.0,-609.0,87.0,-225.0,336.0,378.0,-285.0,687.0
-87.0,,97.0,-572.0,56.0,-156.0,324.0,724.0,-230.0,583.0
-65.0,,74.0,-544.0,5.0,-136.0,285.0,452.0,-186.0,471.0
-31.0,,46.0,-522.0,-39.0,-164.0,232.0,737.0,-155.0,382.0
20.0,,-6.0,-522.0,-87.0,-185.0,210.0,530.0,-141.0,304.0
53.0,,-4.0,-546.0,-116.0,-205.0,233.0,476.0,-121.0,241.0
24.0,,-22.0,-560.0,-135.0,-267.0,233.0,530.0,-109.0,209.0
0.0,,-46.0,-582.0,-124.0,-288.0,213.0,195.0,-101.0,187.0
18.0,,-35.0,-606.0,-55.0,-253.0,249.0,461.0,-85.0,182.0
19.0,,-34.0,-624.0,21.0,-262.0,301.0,208.0,-75.0,146.0
-34.0,,-38.0,-655.0,97.0,-252.0,282.0,482.0,-54.0,95.0
-81.0,,-3.0,-704.0,170.0,-228.0,232.0,448.0,-50.0,41.0
-88.0,,7.0,-761.0,210.0,-243.0,252.0,332.0,-52.0,-70.0
-106.0,,24.0,-799.0,218.0,-208.0,234.0,526.0,-40.0,-183.0
-142.0,,61.0,-802.0,205.0,-177.0,192.0,136.0,-50.0,-286.0
-159.0,,58.0,-792.0,169.0,-217.0,182.0,400.0,-65.0,-370.0
-136.0,,76.0,-766.0,147.0,-225.0,165.0,175.0,-80.0,-391.0
-122.0,,86.0,-705.0,135.0,-220.0,143.0,264.0,-108.0,-372.0
-141.0,,69.0,-649.0,114.0,-234.0,126.0,339.0,-121.0,-328.0
-162.0,,70.0,-636.0,84.0,-278.0,151.0,109.0,-127.0,-247.0
-152.0,,61.0,-632.0,33.0,-318.0,137.0,389.0,-130.0,-127.0
-130.0,,57.0,-637.0,-8.0,-258.0,118.0,97.0,-110.0,-20.0
-147.0,,55.0,-657.0,-39.0,-275.0,148.0,339.0,-82.0,64.0
-159.0,,56.0,-686.0,-45.0,-321.0,168.0,127.0,-51.0,136.0
-139.0,,65.0,-743.0,-33.0,-218.0,173.0,-18.0,-21.0,170.0
-118.0,,50.0,-811.0,-28.0,-179.0,123.0,64.0,10.0,165.0
-127.0,,52.0,-860.0,-17.0,-227.0,82.0,-271.0,19.0,131.0
-160.0,,63.0,-884.0,-30.0,-239.0,55.0,155.0,3.0,77.0
-173.0,,33.0,-861.0,-74.0,-210.0,18.0,-16.0,-19.0,-14.0
-169.0,,21.0,-802.0,-121.0,-146.0,10.0,149.0,-47.0,-115.0
-200.0,,16.0,-744.0,-138.0,-212.0,-15.0,155.0,-81.0,-201.0
-248.0,,-3.0,-688.0,-113.0,-347.0,-8.0,-83.0,-114.0,-248.0
-263.0,,2.0,-644.0,-59.0,-285.0,32.0,175.0,-126.0,-227.0
-270.0,,-6.0,-615.0,1.0,-150.0,18.0,-131.0,-143.0,-159.0
-292.0,,-16.0,-571.0,54.0,-155.0,-13.0,177.0,-148.0,-29.0
-315.0,,7.0,-529.0,112.0,-179.0,-32.0,9.0,-145.0,127.0
-340.0,,-2.0,-485.0,166.0,-112.0,-70.0,-27.0,-152.0,299.0
-350.0,,-15.0,-434.0,200.0,-47.0,-118.0,94.0,-155.0,447.0
-354.0,,-18.0,-390.0,207.0,-58.0,-167.0,-232.0,-164.0,564.0
-372.0,,-46.0,-342.0,198.0,-123.0,-204.0,62.0,-170.0,656.0
-353.0,,-64.0,-280.0,189.0,-123.0,-243.0,-282.0,-161.0,668.0
-320.0,,-113.0,-177.0,180.0,-87.0,-279.0,-153.0,-135.0,619.0
-295.0,,-159.0,-87.0,178.0,-107.0,-267.0,-179.0,-103.0,518.0
-259.0,,-167.0,-41.0,164.0,-100.0,-235.0,-315.0,-44.0,420.0
-223.0,,-197.0,0.0,131.0,-122.0,-219.0,-44.0,20.0,285.0
-181.0,,-194.0,7.0,84.0,-193.0,-204.0,-365.0,73.0,138.0
-161.0,,-184.0,-15.0,19.0,-219.0,-172.0,-48.0,128.0,43.0
-150.0,,-182.0,-70.0,-44.0,-240.0,-141.0,-208.0,159.0,-41.0
-142.0,,-149.0,-171.0,-98.0,-210.0,-126.0,-179.0,163.0,-81.0
-130.0,,-147.0,-290.0,-149.0,-194.0,-117.0,-112.0,139.0,-115.0
-131.0,,-141.0,-425.0,-208.0,-254.0,-66.0,-380.0,82.0,-133.0
-164.0,,-121.0,-550.0,-234.0,-227.0,-32.0,-64.0,-2.0,-144.0
-178.0,,-118.0,-670.0,-230.0,-179.0,-39.0,-356.0,-117.0,-175.0
-197.0,,-121.0,-785.0,-212.0,-136.0,-22.0,-144.0,-243.0,-235.0
-246.0,,-138.0,-865.0,-162.0,-93.0,-17.0,-271.0,-377.0,-336.0
-294.0,,-149.0,-938.0,-109.0,-139.0,0.0,-399.0,-505.0,-442.0
-311.0,,-150.0,-984.0,-55.0,-100.0,15.0,-190.0,-607.0,-578.0
-305.0,,-158.0,-961.0,-14.0,-32.0,3.0,-515.0,-682.0,-685.0
-315.0,,-153.0,-885.0,12.0,-64.0,-12.0,-225.0,-732.0,-776.0
-354.0,,-124.0,-768.0,33.0,-95.0,-14.0,-498.0,-748.0,-847.0
-363.0,,-110.0,-620.0,37.0,-175.0,20.0,-430.0,-743.0,-833.0
-346.0,,-111.0,-446.0,33.0,-194.0,51.0,-402.0,-722.0,-790.0
-339.0,,-97.0,-300.0,17.0,-203.0,77.0,-630.0,-680.0,-720.0
-343.0,,-84.0,-216.0,0.0,-294.0,84.0,-319.0,-619.0,-628.0
-343.0,,-85.0,-170.0,-14.0,-269.0,64.0,-598.0,-544.0,-516.0
-280.0,,-92.0,-175.0,-26.0,-204.0,49.0,-330.0,-460.0,-406.0
-209.0,,-103.0,-249.0,-48.0,-146.0,44.0,-454.0,-374.0,-332.0
-174.0,,-107.0,-389.0,-100.0,-140.0,56.0,-502.0,-288.0,-274.0
-133.0,,-145.0,-557.0,-179.0,-166.0,49.0,-378.0,-213.0,-249.0
-71.0,,-180.0,-698.0,-269.0,-154.0,42.0,-729.0,-144.0,-264.0
-12.0,,-196.0,-791.0,-331.0,-109.0,52.0,-461.0,-86.0,-287.0
29.0,,-235.0,-863.0,-359.0,-65.0,46.0,-772.0,-51.0,-302.0
77.0,,-253.0,-922.0,-352.0,-130.0,42.0,-676.0,-25.0,-356.0
119.0,,-291.0,-960.0,-285.0,-173.0,57.0,-691.0,-11.0,-423.0
147.0,,-332.0,-996.0,-199.0,-189.0,65.0,-868.0,12.0,-482.0
163.0,,-352.0,-1010.0,-127.0,-200.0,29.0,-604.0,34.0,-585.0
175.0,,-399.0,-1019.0,-73.0,-191.0,3.0,-909.0,50.0,-692.0
193.0,,-446.0,-1014.0,-54.0,-206.0,9.0,-630.0,65.0,-804.0
202.0,,-473.0,-982.0,-67.0,-155.0,45.0,-818.0,61.0,-931.0
192.0,,-508.0,-949.0,-81.0,-126.0,91.0,-881.0,70.0,-1007.0
202.0,,-519.0,-895.0,-83.0,-102.0,98.0,-848.0,92.0,-1053.0
222.0,,-522.0,-814.0,-80.0,-53.0,114.0,-1165.0,112.0,-1061.0
243.0,,-532.0,-727.0,-83.0,-42.0,111.0,-896.0,138.0,-1024.0
240.0,,-507.0,-660.0,-89.0,22.0,124.0,-1165.0,178.0,-990.0
189.0,,-489.0,-602.0,-98.0,68.0,138.0,-905.0,201.0,-967.0
151.0,,-479.0,-574.0,-122.0,39.0,107.0,-992.0,235.0,-950.0
138.0,,-444.0,-576.0,-148.0,47.0,102.0,-1149.0,293.0,-945.0
118.0,,-407.0,-557.0,-164.0,75.0,103.0,-912.0,345.0,-966.0
78.0,,-378.0,-548.0,-167.0,83.0,136.0,-1219.0,408.0,-1000.0
63.0,,-342.0,-573.0,-161.0,101.0,163.0,-916.0,441.0,-1026.0
80.0,,-326.0,-619.0,-140.0,75.0,146.0,-1138.0,468.0,-1073.0
101.0,,-298.0,-664.0,-98.0,55.0,151.0,-1060.0,481.0,-1120.0
89.0,,-256.0,-694.0,-58.0,99.0,146.0,-986.0,464.0,-1134.0
56.0,,-245.0,-717.0,-23.0,89.0,145.0,-1152.0,455.0,-1129.0
46.0,,-215.0,-750.0,10.0,70.0,166.0,-849.0,434.0,-1104.0
21.0,,-216.0,-800.0,37.0,131.0,171.0,-1189.0,410.0,-1062.0
-17.0,,-214.0,-840.0,54.0,169.0,143.0,-962.0,382.0,-972.0
-67.0,,-194.0,-864.0,83.0,180.0,96.0,-1136.0,357.0,-865.0
-117.0,,-240.0,-874.0,124.0,212.0,52.0,-1245.0,340.0,-765.0
-165.0,,-236.0,-878.0,143.0,247.0,31.0,-1067.0,346.0,-652.0
-227.0,,-226.0,-868.0,137.0,301.0,34.0,-1321.0,349.0,-557.0
-270.0,,-264.0,-820.0,123.0,310.0,7.0,-955.0,324.0,-437.0
-292.0,,-260.0,-762.0,103.0,271.0,-12.0,-1167.0,315.0,-322.0
-310.0,,-272.0,-698.0,63.0,241.0,-1.0,-1025.0,302.0,-205.0
-318.0,,-288.0,-643.0,14.0,229.0,18.0,-1032.0,264.0,-45.0
-298.0,,-283.0,-595.0,-31.0,239.0,51.0,-1237.0,236.0,88.0
-259.0,,-307.0,-538.0,-55.0,249.0,67.0,-1016.0,219.0,243.0
-238.0,,-291.0,-507.0,-35.0,297.0,101.0,-1345.0,197.0,384.0
-231.0,,-258.0,-486.0,1.0,361.0,113.0,-999.0,165.0,464.0
-194.0,,-261.0,-453.0,41.0,370.0,104.0,-1095.0,120.0,537.0
-146.0,,-232.0,-414.0,61.0,388.0,71.0,-1049.0,80.0,546.0
-119.0,,-220.0,-381.0,64.0,456.0,64.0,-837.0,47.0,508.0
-95.0,,-227.0,-358.0,77.0,446.0,87.0,-1136.0,5.0,476.0
-48.0,,-215.0,-353.0,129.0,415.0,43.0,-890.0,-49.0,442.0
9.0,,-228.0,-362.0,205.0,467.0,17.0,-1199.0,-112.0,398.0
41.0,,-240.0,-356.0,257.0,509.0,7.0,-1058.0,-158.0,344.0
66.0,,-243.0,-351.0,281.0,525.0,19.0,-1093.0,-194.0,304.0
113.0,,-240.0,-363.0,270.0,490.0,46.0,-1204.0,-242.0,255.0
173.0,,-247.0,-363.0,221.0,502.0,59.0,-896.0,-267.0,186.0
207.0,,-256.0,-320.0,156.0,590.0,48.0,-1165.0,-267.0,101.0
205.0,,-257.0,-257.0,92.0,599.0,20.0,-899.0,-270.0,11.0
211.0,,-272.0,-227.0,47.0,611.0,15.0,-1106.0,-252.0,-63.0
231.0,,-276.0,-254.0,41.0,650.0,-20.0,-1055.0,-234.0,-138.0
212.0,,-265.0,-307.0,61.0,587.0,-59.0,-964.0,-205.0,-202.0
144.0,,-255.0,-338.0,83.0,527.0,-75.0,-1230.0,-169.0,-261.0
98.0,,-243.0,-363.0,84.0,553.0,-76.0,-940.0,-142.0,-324.0
86.0,,-224.0,-372.0,53.0,598.0,-76.0,-1223.0,-111.0,-367.0
63.0,,-203.0,-349.0,11.0,658.0,-85.0,-944.0,-96.0,-396.0
41.0,,-175.0,-335.0,-38.0,632.0,-91.0,-971.0,-104.0,-421.0
56.0,,-135.0,-340.0,-57.0,607.0,-125.0,-1080.0,-142.0,-458.0
97.0,,-115.0,-344.0,-25.0,646.0,-120.0,-951.0,-201.0,-490.0
140.0,,-88.0,-363.0,16.0,603.0,-85.0,-1341.0,-257.0,-501.0
189.0,,-58.0,-369.0,51.0,574.0,-83.0,-999.0,-310.0,-507.0
237.0,,-53.0,-365.0,62.0,563.0,-101.0,-1191.0,-366.0,-521.0
274.0,,-32.0,-387.0,46.0,521.0,-122.0,-1091.0,-408.0,-549.0
335.0,,-16.0,-390.0,13.0,533.0,-105.0,-988.0,-423.0,-553.0
399.0,,-1.0,-369.0,-6.0,532.0,-97.0,-1141.0,-416.0,-558.0
433.0,,10.0,-360.0,7.0,486.0,-115.0,-807.0,-387.0,-576.0
481.0,,11.0,-380.0,14.0,507.0,-118.0,-1164.0,-362.0,-606.0
537.0,,9.0,-387.0,-1.0,518.0,-124.0,-955.0,-326.0,-652.0
574.0,,14.0,-356.0,-19.0,474.0,-120.0,-1056.0,-266.0,-688.0
593.0,,6.0,-347.0,-45.0,479.0,-113.0,-1082.0,-221.0,-734.0
628.0,,-12.0,-342.0,-71.0,452.0,-98.0,-857.0,-179.0,-786.0
653.0,,-21.0,-326.0,-83.0,477.0,-93.0,-1103.0,-134.0,-849.0
654.0,,-40.0,-320.0,-90.0,500.0,-96.0,-757.0,-93.0,-919.0
651.0,,-49.0,-305.0,-85.0,418.0,-72.0,-1006.0,-56.0,-999.0
652.0,,-71.0,-282.0,-67.0,421.0,-80.0,-842.0,-44.0,-1082.0
624.0,,-80.0,-287.0,-52.0,413.0,-77.0,-822.0,-44.0,-1155.0
542.0,,-75.0,-325.0,-46.0,388.0,-42.0,-1038.0,-60.0,-1233.0
469.0,,-92.0,-330.0,-45.0,363.0,-18.0,-761.0,-85.0,-1307.0
404.0,,-84.0,-339.0,-39.0,291.0,0.0,-1040.0,-113.0,-1369.0
325.0,,-83.0,-377.0,-33.0,277.0,-7.0,-740.0,-145.0,-1407.0
222.0,,-61.0,-423.0,-18.0,268.0,-1.0,-872.0,-152.0,-1444.0
136.0,,-41.0,-484.0,-18.0,202.0,3.0,-837.0,-160.0,-1450.0
96.0,,-42.0,-538.0,-31.0,166.0,-28.0,-691.0,-170.0,-1419.0
44.0,,-33.0,-620.0,-46.0,205.0,-52.0,-949.0,-162.0,-1362.0
0.0,,-39.0,-664.0,-87.0,228.0,-48.0,-615.0,-156.0,-1271.0
-38.0,,-50.0,-636.0,-122.0,222.0,-18.0,-903.0,-139.0,-1151.0
-69.0,,-77.0,-602.0,-145.0,154.0,-3.0,-683.0,-101.0,-998.0
-63.0,,-94.0,-558.0,-161.0,115.0,-10.0,-641.0,-57.0,-860.0
-67.0,,-106.0,-492.0,-175.0,181.0,-23.0,-668.0,-19.0,-708.0
-75.0,,-132.0,-386.0,-182.0,175.0,-25.0,-299.0,30.0,-542.0
-48.0,,-142.0,-273.0,-165.0,126.0,-15.0,-620.0,93.0,-429.0
-6.0,,-144.0,-157.0,-140.0,85.0,10.0,-354.0,162.0,-353.0
16.0,,-136.0,-59.0,-113.0,9.0,56.0,-580.0,242.0,-306.0
14.0,,-139.0,-20.0,-95.0,-1.0,107.0,-596.0,301.0,-278.0
34.0,,-124.0,-8.0,-85.0,-13.0,148.0,-482.0,360.0,-247.0
54.0,,-118.0,-44.0,-67.0,-70.0,140.0,-700.0,423.0,-254.0
42.0,,-134.0,-114.0,-26.0,-41.0,120.0,-354.0,488.0,-273.0
2.0,,-116.0,-208.0,12.0,-61.0,98.0,-624.0,547.0,-302.0
-13.0,,-128.0,-324.0,48.0,-83.0,89.0,-360.0,574.0,-358.0
-19.0,,-138.0,-420.0,85.0,-93.0,81.0,-378.0,583.0,-404.0
-72.0,,-116.0,-510.0,111.0,-184.0,49.0,-471.0,577.0,-464.0
-120.0,,-112.0,-568.0,124.0,-138.0,4.0,-218.0,561.0,-523.0
-145.0,,-95.0,-609.0,120.0,-115.0,-56.0,-606.0,533.0,-584.0
-141.0,,-87.0,-700.0,115.0,-210.0,-68.0,-354.0,509.0,-633.0
-147.0,,-83.0,-817.0,94.0,-200.0,-65.0,-495.0,496.0,-659.0
-175.0,,-77.0,-922.0,51.0,-164.0,-70.0,-284.0,475.0,-671.0
-181.0,,-83.0,-1003.0,5.0,-181.0,-83.0,-121.0,453.0,-677.0
-153.0,,-78.0,-1049.0,-29.0,-168.0,-97.0,-315.0,435.0,-690.0
-118.0,,-81.0,-1085.0,-40.0,-148.0,-75.0,-38.0,423.0,-692.0
-111.0,,-82.0,-1110.0,-10.0,-127.0,-65.0,-445.0,395.0,-710.0
-89.0,,-106.0,-1089.0,53.0,-121.0,-68.0,-253.0,346.0,-706.0
-46.0,,-138.0,-1027.0,141.0,-184.0,-91.0,-365.0,299.0,-691.0
19.0,,-160.0,-934.0,225.0,-182.0,-123.0,-386.0,255.0,-688.0
69.0,,-199.0,-828.0,267.0,-165.0,-155.0,-129.0,198.0,-651.0
101.0,,-236.0,-701.0,270.0,-181.0,-158.0,-408.0,133.0,-599.0
159.0,,-279.0,-587.0,246.0,-152.0,-139.0,-88.0,65.0,-517.0
206.0,,-318.0,-494.0,221.0,-131.0,-162.0,-362.0,-7.0,-410.0
249.0,,-347.0,-380.0,171.0,-135.0,-186.0,-175.0,-74.0,-274.0
261.0,,-380.0,-282.0,87.0,-98.0,-196.0,-62.0,-141.0,-126.0
274.0,,-400.0,-220.0,29.0,-22.0,-165.0,-214.0,-199.0,-3.0
307.0,,-423.0,-197.0,-12.0,8.0,-148.0,109.0,-238.0,103.0
306.0,,-418.0,-184.0,-35.0,52.0,-169.0,-186.0,-248.0,147.0
312.0,,-410.0,-172.0,-61.0,85.0,-171.0,66.0,-260.0,152.0
350.0,,-396.0,-216.0,-123.0,116.0,-193.0,-131.0,-269.0,123.0
399.0,,-322.0,-299.0,-176.0,106.0,-186.0,-188.0,-264.0,29.0
415.0,,-277.0,-368.0,-182.0,73.0,-176.0,-35.0,-276.0,-79.0
416.0,,-222.0,-429.0,-144.0,145.0,-166.0,-284.0,-281.0,-176.0
441.0,,-155.0,-505.0,-104.0,165.0,-133.0,66.0,-302.0,-266.0
488.0,,-91.0,-572.0,-96.0,150.0,-137.0,-197.0,-333.0,-314.0
513.0,,-18.0,-607.0,-106.0,180.0,-122.0,-36.0,-343.0,-290.0
489.0,,28.0,-620.0,-108.0,159.0,-112.0,-75.0,-361.0,-242.0
465.0,,78.0,-598.0,-105.0,192.0,-125.0,-234.0,-364.0,-177.0
475.0,,96.0,-529.0,-115.0,262.0,-125.0,83.0,-334.0,-104.0
465.0,,114.0,-443.0,-142.0,227.0,-118.0,-192.0,-309.0,-52.0
407.0,,113.0,-377.0,-193.0,267.0,-130.0,62.0,-290.0,-34.0
364.0,,106.0,-342.0,-212.0,331.0,-164.0,-171.0,-268.0,-60.0
365.0,,115.0,-314.0,-183.0,325.0,-175.0,-149.0,-257.0,-134.0
334.0,,96.0,-273.0,-136.0,320.0,-162.0,22.0,-243.0,-237.0
253.0,,79.0,-238.0,-89.0,237.0,-154.0,-192.0,-244.0,-349.0
180.0,,51.0,-193.0,-72.0,246.0,-152.0,138.0,-255.0,-476.0
134.0,,25.0,-159.0,-51.0,340.0,-136.0,-127.0,-271.0,-576.0
99.0,,-13.0,-162.0,-16.0,291.0,-121.0,94.0,-299.0,-639.0
47.0,,-49.0,-198.0,27.0,261.0,-83.0,-12.0,-317.0,-684.0
15.0,,-69.0,-291.0,51.0,286.0,-59.0,-188.0,-334.0,-717.0
19.0,,-93.0,-404.0,35.0,271.0,-67.0,-35.0,-342.0,-709.0
0.0,,-70.0,-539.0,10.0,307.0,-55.0,-389.0,-345.0,-675.0
-24.0,,-77.0,-700.0,-30.0,290.0,-60.0,-1.0,-346.0,-639.0
-50.0,,-100.0,-868.0,-63.0,248.0,-88.0,-114.0,-343.0,-576.0
-78.0,,-80.0,-1042.0,-101.0,283.0,-133.0,75.0,-329.0,-514.0
-92.0,,-78.0,-1155.0,-161.0,277.0,-168.0,205.0,-318.0,-435.0
-126.0,,-81.0,-1199.0,-201.0,243.0,-189.0,-59.0,-309.0,-368.0
-163.0,,-81.0,-1202.0,-221.0,277.0,-191.0,195.0,-269.0,-307.0
-176.0,,-85.0,-1167.0,-229.0,342.0,-144.0,-112.0,-232.0,-246.0
-174.0,,-83.0,-1100.0,-214.0,369.0,-124.0,138.0,-166.0,-234.0
-173.0,,-102.0,-1010.0,-181.0,329.0,-137.0,14.0,-93.0,-219.0
-170.0,,-116.0,-916.0,-137.0,287.0,-124.0,-12.0,-46.0,-223.0
-144.0,,-103.0,-830.0,-56.0,319.0,-85.0,173.0,3.0,-265.0
-125.0,,-97.0,-761.0,56.0,285.0,-46.0,-208.0,41.0,-326.0
-106.0,,-95.0,-703.0,152.0,196.0,-33.0,79.0,73.0,-407.0
-85.0,,-65.0,-622.0,199.0,160.0,-35.0,-181.0,95.0,-482.0
-55.0,,-39.0,-519.0,190.0,146.0,-35.0,-14.0,104.0,-568.0
-10.0,,-17.0,-475.0,121.0,151.0,-42.0,99.0,90.0,-626.0
17.0,,19.0,-476.0,20.0,133.0,-57.0,-48.0,64.0,-625.0
36.0,,41.0,-453.0,-86.0,58.0,-95.0,284.0,17.0,-602.0
64.0,,85.0,-428.0,-177.0,33.0,-124.0,57.0,-36.0,-540.0
118.0,,118.0,-396.0,-226.0,69.0,-113.0,399.0,-77.0,-466.0
145.0,,134.0,-374.0,-216.0,56.0,-96.0,288.0,-125.0,-387.0
138.0,,176.0,-373.0,-157.0,36.0,-65.0,288.0,-161.0,-323.0
131.0,,163.0,-356.0,-92.0,-27.0,-26.0,402.0,-207.0,-286.0
122.0,,176.0,-330.0,-60.0,-85.0,17.0,101.0,-258.0,-261.0
124.0,,206.0,-343.0,-58.0,-112.0,75.0,452.0,-283.0,-275.0
88.0,,169.0,-410.0,-79.0,-188.0,110.0,151.0,-297.0,-289.0
35.0,,162.0,-489.0,-94.0,-185.0,114.0,295.0,-289.0,-321.0
31.0,,154.0,-524.0,-100.0,-210.0,108.0,275.0,-256.0,-344.0
5.0,,116.0,-539.0,-112.0,-302.0,87.0,88.0,-210.0,-366.0
-42.0,,63.0,-558.0,-140.0,-296.0,89.0,360.0,-153.0,-422.0
-78.0,,10.0,-593.0,-182.0,-304.0,99.0,64.0,-85.0,-455.0
-104.0,,-33.0,-620.0,-189.0,-327.0,45.0,354.0,-36.0,-504.0
-142.0,,-93.0,-622.0,-185.0,-297.0,-12.0,188.0,7.0,-549.0
-226.0,,-162.0,-647.0,-177.0,-321.0,-52.0,230.0,34.0,-584.0
-281.0,,-213.0,-640.0,-147.0,-347.0,-46.0,351.0,42.0,-627.0
-318.0,,-254.0,-570.0,-101.0,-389.0,-49.0,158.0,45.0,-669.0
-364.0,,-295.0,-477.0,-27.0,-461.0,-96.0,530.0,35.0,-671.0
-411.0,,-327.0,-356.0,70.0,-459.0,-103.0,212.0,24.0,-639.0
-430.0,,-349.0,-216.0,173.0,-484.0,-127.0,408.0,5.0,-598.0
-410.0,,-335.0,-100.0,240.0,-521.0,-140.0,310.0,-19.0,-523.0
-424.0,,-340.0,-14.0,290.0,-473.0,-115.0,157.0,-35.0,-454.0
-443.0,,-335.0,34.0,331.0,-447.0,-101.0,397.0,-53.0,-359.0
-451.0,,-289.0,6.0,353.0,-444.0,-113.0,99.0,-77.0,-254.0
-431.0,,-265.0,-40.0,366.0,-472.0,-123.0,399.0,-88.0,-178.0
-413.0,,-232.0,-111.0,356.0,-527.0,-100.0,168.0,-85.0,-126.0
-415.0,,-193.0,-219.0,318.0,-459.0,-111.0,264.0,-79.0,-86.0
-401.0,,-168.0,-316.0,248.0,-431.0,-117.0,290.0,-76.0,-41.0
-376.0,,-148.0,-401.0,181.0,-523.0,-116.0,24.0,-61.0,-23.0
-337.0,,-115.0,-472.0,138.0,-567.0,-110.0,332.0,-30.0,5.0
-325.0,,-116.0,-533.0,132.0,-592.0,-88.0,27.0,-6.0,31.0
-318.0,,-118.0,-568.0,171.0,-570.0,-80.0,330.0,22.0,51.0
-301.0,,-108.0,-574.0,230.0,-552.0,-88.0,304.0,47.0,93.0
-286.0,,-113.0,-587.0,279.0,-616.0,-122.0,256.0,62.0,134.0
-283.0,,-80.0,-605.0,296.0,-586.0,-134.0,371.0,70.0,172.0
-285.0,,-69.0,-615.0,250.0,-525.0,-129.0,-12.0,67.0,193.0
-273.0,,-42.0,-612.0,148.0,-534.0,-133.0,266.0,65.0,209.0
-269.0,,18.0,-596.0,48.0,-500.0,-171.0,-27.0,68.0,228.0
-262.0,,41.0,-563.0,-31.0,-527.0,-199.0,101.0,98.0,260.0
-280.0,,78.0,-507.0,-80.0,-559.0,-191.0,147.0,133.0,293.0
-297.0,,138.0,-455.0,-115.0,-520.0,-217.0,-25.0,196.0,312.0
-295.0,,171.0,-394.0,-160.0,-532.0,-241.0,339.0,285.0,314.0
-304.0,,197.0,-321.0,-189.0,-600.0,-249.0,51.0,363.0,292.0
-312.0,,235.0,-251.0,-187.0,-627.0,-235.0,279.0,444.0,272.0
-309.0,,252.0,-201.0,-160.0,-600.0,-199.0,88.0,500.0,237.0
-287.0,,261.0,-222.0,-145.0,-587.0,-191.0,0.0,534.0,212.0
-273.0,,240.0,-257.0,-121.0,-607.0,-184.0,142.0,550.0,189.0
-267.0,,214.0,-297.0,-51.0,-677.0,-144.0,-70.0,540.0,175.0
-247.0,,194.0,-389.0,39.0,-644.0,-105.0,310.0,508.0,164.0
-208.0,,165.0,-474.0,143.0,-630.0,-84.0,105.0,457.0,142.0
-157.0,,132.0,-517.0,237.0,-688.0,-79.0,363.0,384.0,137.0
-114.0,,78.0,-521.0,285.0,-648.0,-77.0,345.0,296.0,101.0
-95.0,,47.0,-482.0,286.0,-625.0,-24.0,144.0,213.0,63.0
-61.0,,10.0,-442.0,253.0,-606.0,18.0,351.0,119.0,2.0
14.0,,-33.0,-407.0,190.0,-648.0,6.0,-24.0,40.0,-67.0
51.0,,-52.0,-384.0,108.0,-661.0,-10.0,277.0,-23.0,-128.0
41.0,,-58.0,-386.0,22.0,-581.0,-31.0,127.0,-80.0,-219.0
43.0,,-53.0,-404.0,-46.0,-620.0,-52.0,169.0,-112.0,-290.0
78.0,,-43.0,-456.0,-86.0,-701.0,-52.0,249.0,-151.0,-333.0
70.0,,-29.0,-525.0,-84.0,-747.0,-46.0,-27.0,-163.0,-337.0
1.0,,0.0,-584.0,-48.0,-770.0,-26.0,269.0,-175.0,-288.0
-15.0,,40.0,-608.0,-8.0,-758.0,0.0,38.0,-184.0,-212.0
0.0,,70.0,-619.0,41.0,-753.0,12.0,327.0,-164.0,-130.0
-29.0,,103.0,-635.0,86.0,-769.0,15.0,214.0,-161.0,-39.0
-89.0,,146.0,-630.0,103.0,-750.0,28.0,114.0,-171.0,56.0
-127.0,,192.0,-632.0,97.0,-751.0,47.0,327.0,-194.0,143.0
-140.0,,209.0,-622.0,61.0,-803.0,72.0,-9.0,-240.0,221.0
-157.0,,237.0,-585.0,-8.0,-794.0,96.0,304.0,-300.0,293.0
-207.0,,253.0,-560.0,-104.0,-778.0,98.0,57.0,-380.0,352.0
-239.0,,251.0,-553.0,-200.0,-822.0,112.0,129.0,-470.0,374.0
-225.0,,257.0,-559.0,-267.0,-847.0,121.0,147.0,-559.0,379.0
-244.0,,251.0,-563.0,-252.0,-884.0,119.0,-84.0,-632.0,364.0
-284.0,,252.0,-560.0,-159.0,-874.0,119.0,201.0,-691.0,309.0
-332.0,,229.0,-559.0,-86.0,-843.0,135.0,-88.0,-724.0,257.0
-343.0,,215.0,-577.0,-81.0,-911.0,179.0,166.0,-735.0,229.0
-356.0,,195.0,-608.0,-127.0,-876.0,175.0,40.0,-725.0,221.0
-419.0,,178.0,-635.0,-150.0,-800.0,147.0,48.0,-698.0,215.0
-456.0,,197.0,-665.0,-128.0,-774.0,140.0,236.0,-667.0,212.0
-457.0,,186.0,-690.0,-102.0,-767.0,129.0,-51.0,-607.0,231.0
-449.0,,197.0,-713.0,-85.0,-783.0,113.0,273.0,-549.0,246.0
-466.0,,228.0,-754.0,-75.0,-688.0,98.0,-3.0,-471.0,261.0
-486.0,,253.0,-833.0,-66.0,-633.0,110.0,120.0,-371.0,309.0
-482.0,,288.0,-923.0,-55.0,-696.0,139.0,73.0,-273.0,362.0
-456.0,,315.0,-969.0,-46.0,-712.0,159.0,-121.0,-152.0,441.0
-440.0,,357.0,-991.0,-58.0,-680.0,159.0,155.0,-44.0,518.0
-422.0,,387.0,-968.0,-114.0,-701.0,162.0,-129.0,65.0,555.0
-390.0,,397.0,-889.0,-181.0,-742.0,170.0,164.0,165.0,623.0
-375.0,,399.0,-814.0,-191.0,-771.0,165.0,-27.0,238.0,675.0
-372.0,,400.0,-741.0,-140.0,-741.0,196.0,3.0,331.0,677.0
-367.0,,374.0,-654.0,-61.0,-695.0,219.0,120.0,389.0,658.0
-366.0,,332.0,-546.0,-2.0,-715.0,207.0,-147.0,395.0,635.0
-355.0,,300.0,-453.0,19.0,-681.0,208.0,223.0,383.0,599.0
-341.0,,240.0,-404.0,76.0,-609.0,197.0,-40.0,353.0,560.0
-360.0,,200.0,-360.0,186.0,-578.0,194.0,120.0,302.0,534.0
-343.0,,160.0,-325.0,317.0,-550.0,215.0,-1.0,230.0,484.0
-323.0,,105.0,-318.0,412.0,-514.0,196.0,-142.0,155.0,430.0
-329.0,,79.0,-330.0,446.0,-513.0,191.0,101.0,85.0,377.0
-330.0,,41.0,-359.0,428.0,-460.0,222.0,-164.0,30.0,331.0
-325.0,,30.0,-408.0,379.0,-447.0,249.0,218.0,-34.0,298.0
-289.0,,20.0,-434.0,316.0,-483.0,275.0,83.0,-101.0,253.0
-277.0,,-6.0,-433.0,192.0,-452.0,276.0,229.0,-153.0,216.0
-283.0,,22.0,-436.0,71.0,-447.0,266.0,295.0,-209.0,210.0
-298.0,,14.0,-435.0,18.0,-398.0,240.0,-18.0,-245.0,217.0
-308.0,,-4.0,-432.0,9.0,-387.0,219.0,179.0,-276.0,250.0
-320.0,,28.0,-449.0,36.0,-390.0,207.0,-155.0,-291.0,304.0
-374.0,,14.0,-494.0,109.0,-303.0,177.0,68.0,-282.0,347.0
-430.0,,14.0,-542.0,213.0,-284.0,144.0,-33.0,-272.0,390.0
-467.0,,24.0,-544.0,255.0,-325.0,109.0,-36.0,-241.0,455.0
-484.0,,7.0,-526.0,187.0,-328.0,96.0,171.0,-199.0,538.0
-495.0,,20.0,-532.0,87.0,-347.0,101.0,-138.0,-141.0,583.0
-497.0,,16.0,-519.0,44.0,-338.0,107.0,145.0,-67.0,607.0
-463.0,,25.0,-497.0,95.0,-287.0,97.0,-107.0,7.0,587.0
-395.0,,48.0,-495.0,197.0,-286.0,58.0,49.0,71.0,508.0
-348.0,,52.0,-475.0,257.0,-233.0,56.0,68.0,115.0,435.0
-326.0,,61.0,-463.0,241.0,-223.0,114.0,-109.0,142.0,348.0
-272.0,,88.0,-485.0,160.0,-229.0,165.0,173.0,154.0,268.0
-208.0,,119.0,-494.0,40.0,-169.0,165.0,-116.0,169.0,229.0
-180.0,,155.0,-486.0,-56.0,-126.0,151.0,153.0,164.0,227.0
-151.0,,207.0,-482.0,-107.0,-102.0,173.0,-18.0,146.0,239.0
-95.0,,257.0,-484.0,-149.0,-113.0,194.0,1.0,118.0,279.0
-53.0,,323.0,-487.0,-191.0,-107.0,201.0,127.0,103.0,356.0
-62.0,,362.0,-505.0,-215.0,-83.0,215.0,-51.0,127.0,450.0
-79.0,,419.0,-545.0,-200.0,-44.0,213.0,360.0,169.0,539.0
-70.0,,465.0,-610.0,-161.0,-93.0,232.0,138.0,219.0,613.0
-79.0,,471.0,-688.0,-150.0,-129.0,256.0,428.0,254.0,667.0
-122.0,,516.0,-736.0,-156.0,-91.0,261.0,336.0,302.0,677.0
-146.0,,502.0,-759.0,-132.0,-79.0,271.0,138.0,354.0,658.0
-124.0,,476.0,-767.0,-68.0,-50.0,280.0,330.0,378.0,594.0
-101.0,,465.0,-750.0,0.0,-66.0,316.0,-33.0,395.0,501.0
-103.0,,410.0,-747.0,34.0,-17.0,333.0,254.0,418.0,386.0
-117.0,,346.0,-742.0,37.0,79.0,333.0,16.0,424.0,244.0
-102.0,,273.0,-722.0,10.0,110.0,363.0,84.0,403.0,106.0
-62.0,,193.0,-700.0,-64.0,129.0,398.0,177.0,374.0,-51.0
-50.0,,117.0,-704.0,-189.0,139.0,434.0,3.0,325.0,-217.0
-41.0,,47.0,-729.0,-282.0,131.0,445.0,352.0,285.0,-370.0
0.0,,-27.0,-791.0,-302.0,121.0,448.0,33.0,259.0,-522.0
47.0,,-72.0,-888.0,-285.0,78.0,442.0,242.0,213.0,-667.0
67.0,,-108.0,-958.0,-247.0,14.0,437.0,83.0,152.0,-778.0
61.0,,-158.0,-1008.0,-208.0,53.0,455.0,-1.0,85.0,-864.0
68.0,,-157.0,-1034.0,-171.0,73.0,452.0,230.0,23.0,-913.0
85.0,,-160.0,-1059.0,-153.0,64.0,460.0,-36.0,-56.0,-891.0
82.0,,-162.0,-1073.0,-153.0,89.0,459.0,253.0,-151.0,-838.0
79.0,,-135.0,-1069.0,-158.0,101.0,439.0,-72.0,-239.0,-764.0
87.0,,-123.0,-1056.0,-138.0,133.0,437.0,-46.0,-311.0,-680.0
105.0,,-69.0,-1026.0,-84.0,118.0,445.0,-31.0,-379.0,-566.0
110.0,,-25.0,-1007.0,-33.0,108.0,443.0,-149.0,-423.0,-420.0
81.0,,16.0,-970.0,-14.0,121.0,433.0,192.0,-417.0,-277.0
64.0,,63.0,-943.0,-20.0,79.0,462.0,-109.0,-376.0,-118.0
67.0,,72.0,-917.0,-23.0,83.0,475.0,164.0,-304.0,48.0
69.0,,119.0,-873.0,-13.0,149.0,467.0,51.0,-212.0,211.0
19.0,,149.0,-846.0,-7.0,166.0,478.0,18.0,-121.0,362.0
-22.0,,161.0,-862.0,-27.0,137.0,496.0,153.0,-37.0,498.0
-17.0,,192.0,-880.0,-62.0,128.0,509.0,-140.0,32.0,612.0
-34.0,,215.0,-857.0,-93.0,175.0,515.0,188.0,75.0,707.0
-81.0,,228.0,-828.0,-101.0,219.0,525.0,-31.0,106.0,791.0
-122.0,,247.0,-768.0,-99.0,213.0,524.0,168.0,134.0,840.0
-115.0,,263.0,-692.0,-115.0,198.0,534.0,194.0,145.0,868.0
-102.0,,274.0,-616.0,-113.0,228.0,556.0,49.0,170.0,883.0
-120.0,,300.0,-512.0,-106.0,304.0,550.0,290.0,208.0,860.0
-146.0,,303.0,-417.0,-124.0,294.0,534.0,-77.0,218.0,819.0
-165.0,,322.0,-377.0,-167.0,209.0,528.0,188.0,230.0,754.0
-173.0,,341.0,-370.0,-233.0,156.0,506.0,11.0,245.0,655.0
-197.0,,328.0,-361.0,-285.0,164.0,498.0,31.0,237.0,560.0
-230.0,,320.0,-384.0,-291.0,192.0,514.0,194.0,223.0,454.0
-254.0,,299.0,-423.0,-248.0,191.0,501.0,-7.0,208.0,347.0
-260.0,,281.0,-449.0,-182.0,181.0,487.0,315.0,183.0,247.0
-257.0,,235.0,-510.0,-127.0,179.0,516.0,-22.0,163.0,149.0
-255.0,,186.0,-577.0,-112.0,208.0,542.0,151.0,143.0,93.0
-234.0,,158.0,-631.0,-147.0,205.0,545.0,114.0,126.0,67.0
-211.0,,113.0,-671.0,-155.0,189.0,534.0,57.0,121.0,37.0
-215.0,,74.0,-649.0,-65.0,217.0,512.0,314.0,121.0,19.0
-223.0,,48.0,-610.0,92.0,203.0,520.0,1.0,139.0,-30.0
-211.0,,11.0,-550.0,269.0,143.0,516.0,306.0,140.0,-100.0
-189.0,,2.0,-460.0,392.0,144.0,509.0,33.0,125.0,-156.0
-181.0,,26.0,-384.0,432.0,122.0,516.0,62.0,132.0,-223.0
-201.0,,14.0,-329.0,394.0,64.0,481.0,84.0,135.0,-250.0
-195.0,,45.0,-309.0,270.0,81.0,458.0,-171.0,149.0,-266.0
-176.0,,85.0,-280.0,141.0,66.0,423.0,114.0,161.0,-235.0
-189.0,,107.0,-275.0,51.0,77.0,384.0,-206.0,158.0,-148.0
-226.0,,171.0,-294.0,0.0,95.0,359.0,60.0,166.0,-56.0
-245.0,,189.0,-290.0,-5.0,87.0,307.0,20.0,182.0,87.0
-242.0,,220.0,-321.0,28.0,124.0,282.0,49.0,209.0,251.0
-279.0,,268.0,-411.0,80.0,106.0,282.0,206.0,247.0,408.0
-329.0,,265.0,-483.0,102.0,123.0,272.0,-186.0,307.0,557.0
-339.0,,276.0,-518.0,86.0,155.0,252.0,57.0,350.0,670.0
-329.0,,290.0,-560.0,49.0,134.0,234.0,-234.0,364.0,756.0
-352.0,,272.0,-535.0,42.0,129.0,228.0,-83.0,373.0,821.0
-393.0,,268.0,-464.0,86.0,133.0,222.0,-38.0,359.0,869.0
-408.0,,270.0,-419.0,168.0,137.0,230.0,-169.0,333.0,913.0
-408.0,,283.0,-366.0,230.0,131.0,239.0,120.0,288.0,946.0
-425.0,,310.0,-301.0,212.0,133.0,235.0,-216.0,239.0,965.0
-472.0,,312.0,-252.0,152.0,139.0,203.0,72.0,187.0,957.0
-493.0,,357.0,-256.0,83.0,154.0,156.0,-53.0,129.0,902.0
-488.0,,415.0,-287.0,10.0,140.0,141.0,-11.0,63.0,796.0
-486.0,,449.0,-292.0,-77.0,133.0,160.0,79.0,-28.0,653.0
-486.0,,504.0,-266.0,-178.0,202.0,163.0,-310.0,-92.0,474.0
-472.0,,542.0,-256.0,-240.0,219.0,155.0,-62.0,-125.0,313.0
-416.0,,583.0,-249.0,-243.0,187.0,172.0,-391.0,-152.0,168.0
-393.0,,631.0,-242.0,-218.0,203.0,185.0,-147.0,-162.0,20.0
-421.0,,643.0,-266.0,-184.0,241.0,202.0,-86.0,-169.0,-56.0
-427.0,,666.0,-270.0,-132.0,245.0,220.0,-182.0,-179.0,-80.0
-406.0,,680.0,-259.0,-50.0,163.0,224.0,16.0,-180.0,-34.0
-404.0,,658.0,-232.0,66.0,116.0,230.0,-406.0,-161.0,74.0
-444.0,,633.0,-196.0,177.0,148.0,233.0,-125.0,-150.0,168.0
-449.0,,599.0,-204.0,260.0,135.0,241.0,-291.0,-135.0,240.0
-402.0,,546.0,-242.0,303.0,81.0,239.0,-166.0,-92.0,315.0
-385.0,,505.0,-280.0,321.0,63.0,225.0,-27.0,-43.0,341.0
-426.0,,453.0,-303.0,335.0,98.0,216.0,-297.0,-9.0,285.0
-461.0,,385.0,-322.0,337.0,141.0,207.0,-75.0,31.0,189.0
-434.0,,337.0,-352.0,304.0,167.0,191.0,-513.0,73.0,38.0
-429.0,,281.0,-389.0,229.0,116.0,185.0,-352.0,94.0,-120.0
-473.0,,214.0,-401.0,163.0,68.0,182.0,-448.0,118.0,-291.0
-504.0,,161.0,-416.0,95.0,85.0,154.0,-515.0,110.0,-470.0
-478.0,,110.0,-473.0,11.0,71.0,143.0,-247.0,95.0,-611.0
-422.0,,65.0,-510.0,-34.0,27.0,167.0,-515.0,81.0,-740.0
-414.0,,12.0,-532.0,-29.0,-35.0,172.0,-234.0,43.0,-838.0
-385.0,,-34.0,-553.0,7.0,-66.0,166.0,-526.0,1.0,-873.0
-310.0,,-50.0,-543.0,35.0,-100.0,186.0,-419.0,-47.0,-867.0
-235.0,,-84.0,-493.0,26.0,-138.0,207.0,-393.0,-81.0,-842.0
-187.0,,-99.0,-434.0,9.0,-123.0,194.0,-661.0,-108.0,-785.0
-158.0,,-114.0,-424.0,-4.0,-114.0,179.0,-439.0,-118.0,-711.0
-86.0,,-127.0,-393.0,-25.0,-134.0,194.0,-766.0,-104.0,-624.0
-17.0,,-85.0,-352.0,-65.0,-150.0,216.0,-458.0,-84.0,-537.0
20.0,,-90.0,-339.0,-128.0,-127.0,239.0,-533.0,-39.0,-466.0
43.0,,-67.0,-325.0,-182.0,-100.0,234.0,-506.0,3.0,-389.0
80.0,,-15.0,-347.0,-219.0,-89.0,213.0,-308.0,40.0,-311.0
143.0,,-1.0,-381.0,-240.0,-145.0,204.0,-559.0,77.0,-224.0
167.0,,47.0,-390.0,-241.0,-179.0,185.0,-275.0,108.0,-168.0
157.0,,87.0,-359.0,-240.0,-187.0,193.0,-567.0,134.0,-128.0
164.0,,115.0,-308.0,-249.0,-248.0,221.0,-386.0,150.0,-115.0
181.0,,165.0,-253.0,-245.0,-231.0,241.0,-439.0,153.0,-152.0
165.0,,175.0,-186.0,-216.0,-224.0,262.0,-622.0,161.0,-194.0
131.0,,187.0,-162.0,-217.0,-208.0,268.0,-412.0,180.0,-257.0
141.0,,250.0,-172.0,-235.0,-158.0,235.0,-764.0,186.0,-314.0
192.0,,265.0,-197.0,-216.0,-197.0,199.0,-450.0,199.0,-360.0
217.0,,290.0,-248.0,-168.0,-202.0,212.0,-620.0,221.0,-413.0
211.0,,330.0,-310.0,-119.0,-144.0,227.0,-567.0,239.0,-442.0
236.0,,334.0,-381.0,-96.0,-90.0,194.0,-404.0,262.0,-450.0
292.0,,375.0,-455.0,-94.0,-81.0,176.0,-620.0,291.0,-453.0
314.0,,396.0,-521.0,-77.0,-106.0,179.0,-332.0,300.0,-464.0
312.0,,406.0,-584.0,-38.0,-88.0,174.0,-626.0,315.0,-456.0
333.0,,446.0,-641.0,-14.0,-55.0,179.0,-363.0,337.0,-435.0
388.0,,431.0,-664.0,-31.0,-57.0,173.0,-400.0,343.0,-420.0
411.0,,418.0,-690.0,-68.0,-58.0,179.0,-495.0,363.0,-411.0
394.0,,421.0,-709.0,-93.0,-12.0,177.0,-286.0,343.0,-424.0
385.0,,370.0,-702.0,-92.0,27.0,138.0,-583.0,302.0,-408.0
381.0,,358.0,-692.0,-75.0,59.0,125.0,-238.0,261.0,-377.0
354.0,,324.0,-635.0,-49.0,77.0,132.0,-441.0,198.0,-333.0
266.0,,268.0,-563.0,-25.0,66.0,127.0,-356.0,150.0,-236.0
200.0,,280.0,-487.0,-1.0,118.0,110.0,-327.0,131.0,-100.0
177.0,,249.0,-414.0,30.0,124.0,82.0,-558.0,141.0,70.0
144.0,,229.0,-387.0,59.0,112.0,59.0,-314.0,147.0,256.0
92.0,,222.0,-356.0,56.0,182.0,70.0,-679.0,162.0,457.0
20.0,,200.0,-318.0,28.0,195.0,92.0,-388.0,201.0,624.0
-16.0,,217.0,-275.0,13.0,207.0,85.0,-443.0,238.0,743.0
-50.0,,190.0,-217.0,1.0,193.0,84.0,-376.0,261.0,827.0
-121.0,,174.0,-193.0,-28.0,153.0,65.0,-121.0,283.0,845.0
-203.0,,182.0,-159.0,-75.0,235.0,27.0,-439.0,299.0,797.0
-220.0,,151.0,-72.0,-132.0,285.0,15.0,-166.0,289.0,696.0
-205.0,,123.0,-19.0,-200.0,256.0,15.0,-476.0,283.0,540.0
-250.0,,89.0,-59.0,-282.0,263.0,-7.0,-358.0,254.0,361.0
-270.0,,57.0,-87.0,-354.0,296.0,-56.0,-352.0,210.0,179.0
-236.0,,31.0,-80.0,-396.0,342.0,-68.0,-437.0,169.0,-20.0
-204.0,,-8.0,-113.0,-377.0,334.0,-65.0,-99.0,137.0,-176.0
-226.0,,-36.0,-155.0,-296.0,255.0,-84.0,-393.0,121.0,-292.0
-259.0,,-39.0,-177.0,-171.0,277.0,-91.0,-112.0,101.0,-379.0
-233.0,,-53.0,-198.0,-40.0,354.0,-107.0,-360.0,80.0,-436.0
-198.0,,-56.0,-231.0,58.0,346.0,-133.0,-363.0,43.0,-495.0
-195.0,,-55.0,-231.0,117.0,381.0,-118.0,-227.0,19.0,-562.0
-212.0,,-60.0,-230.0,152.0,411.0,-81.0,-473.0,0.0,-624.0
-180.0,,-16.0,-241.0,177.0,373.0,-73.0,-112.0,-22.0,-670.0
-127.0,,-6.0,-200.0,197.0,374.0,-65.0,-397.0,-38.0,-701.0
-122.0,,-12.0,-173.0,244.0,399.0,-13.0,-210.0,-58.0,-686.0
-132.0,,35.0,-162.0,305.0,424.0,20.0,-297.0,-76.0,-684.0
-120.0,,36.0,-176.0,361.0,444.0,-3.0,-473.0,-88.0,-683.0
-87.0,,36.0,-222.0,381.0,439.0,-40.0,-254.0,-109.0,-640.0
-87.0,,63.0,-275.0,320.0,468.0,-45.0,-517.0,-144.0,-629.0
-105.0,,43.0,-356.0,190.0,498.0,-40.0,-151.0,-191.0,-625.0
-84.0,,41.0,-448.0,42.0,424.0,-59.0,-303.0,-224.0,-604.0
-43.0,,39.0,-574.0,-41.0,374.0,-55.0,-166.0,-254.0,-584.0
-20.0,,-15.0,-728.0,-57.0,363.0,-57.0,-107.0,-281.0,-527.0
-29.0,,-36.0,-887.0,-55.0,326.0,-83.0,-382.0,-282.0,-453.0
-19.0,,-62.0,-1025.0,-68.0,367.0,-112.0,-90.0,-302.0,-371.0
47.0,,-138.0,-1107.0,-99.0,344.0,-157.0,-388.0,-315.0,-275.0
87.0,,-184.0,-1141.0,-133.0,246.0,-191.0,-120.0,-317.0,-195.0
61.0,,-240.0,-1115.0,-166.0,258.0,-220.0,-230.0,-324.0,-127.0
44.0,,-292.0,-1042.0,-183.0,322.0,-242.0,-336.0,-311.0,-31.0
100.0,,-325.0,-938.0,-180.0,348.0,-260.0,-173.0,-305.0,68.0
150.0,,-363.0,-839.0,-148.0,285.0,-261.0,-519.0,-288.0,133.0
117.0,,-354.0,-771.0,-86.0,200.0,-244.0,-251.0,-260.0,187.0
107.0,,-343.0,-695.0,-17.0,227.0,-230.0,-515.0,-219.0,201.0
152.0,,-331.0,-606.0,36.0,225.0,-225.0,-347.0,-152.0,176.0
189.0,,-295.0,-527.0,76.0,161.0,-228.0,-264.0,-96.0,135.0
194.0,,-273.0,-431.0,90.0,164.0,-207.0,-399.0,-44.0,69.0
184.0,,-229.0,-321.0,92.0,162.0,-194.0,-120.0,-8.0,-11.0
195.0,,-176.0,-240.0,112.0,173.0,-213.0,-491.0,4.0,-110.0
227.0,,-147.0,-184.0,106.0,195.0,-228.0,-262.0,8.0,-203.0
243.0,,-94.0,-176.0,75.0,158.0,-245.0,-417.0,0.0,-291.0
214.0,,-55.0,-198.0,35.0,141.0,-269.0,-363.0,-18.0,-372.0
209.0,,-54.0,-217.0,4.0,116.0,-270.0,-144.0,-47.0,-439.0
238.0,,-32.0,-259.0,-20.0,106.0,-263.0,-386.0,-57.0,-483.0
227.0,,-36.0,-314.0,-48.0,129.0,-264.0,-64.0,-57.0,-494.0
202.0,,-43.0,-370.0,-67.0,70.0,-271.0,-358.0,-67.0,-488.0
214.0,,-24.0,-423.0,-92.0,54.0,-241.0,-210.0,-85.0,-417.0
243.0,,-45.0,-463.0,-125.0,83.0,-184.0,-314.0,-108.0,-310.0
231.0,,-27.0,-494.0,-169.0,104.0,-175.0,-437.0,-121.0,-167.0
205.0,,6.0,-487.0,-201.0,154.0,-160.0,-114.0,-158.0,18.0
245.0,,8.0,-431.0,-193.0,112.0,-108.0,-400.0,-177.0,175.0
293.0,,41.0,-378.0,-137.0,35.0,-87.0,-75.0,-187.0,329.0
313.0,,65.0,-315.0,-73.0,14.0,-79.0,-284.0,-204.0,444.0
332.0,,101.0,-218.0,-34.0,4.0,-85.0,-245.0,-193.0,491.0
343.0,,152.0,-121.0,-22.0,-29.0,-112.0,-153.0,-167.0,480.0
369.0,,182.0,-60.0,-55.0,-52.0,-144.0,-341.0,-128.0,423.0
373.0,,221.0,-24.0,-116.0,-54.0,-147.0,14.0,-92.0,318.0
362.0,,266.0,-1.0,-166.0,-69.0,-116.0,-258.0,-40.0,177.0
372.0,,286.0,-13.0,-173.0,-79.0,-115.0,11.0,10.0,49.0
375.0,,298.0,-41.0,-154.0,-85.0,-121.0,-72.0,71.0,-84.0
350.0,,302.0,-79.0,-125.0,-52.0,-111.0,-129.0,130.0,-195.0
314.0,,301.0,-135.0,-70.0,-42.0,-101.0,97.0,156.0,-295.0
316.0,,325.0,-168.0,-14.0,-126.0,-112.0,-166.0,180.0,-362.0
322.0,,296.0,-214.0,23.0,-174.0,-115.0,179.0,176.0,-370.0
283.0,,291.0,-256.0,48.0,-173.0,-119.0,-46.0,173.0,-366.0
235.0,,309.0,-228.0,57.0,-148.0,-149.0,101.0,160.0,-352.0
246.0,,253.0,-179.0,64.0,-127.0,-138.0,114.0,128.0,-331.0
276.0,,241.0,-124.0,80.0,-194.0,-139.0,-136.0,95.0,-303.0
273.0,,225.0,-76.0,107.0,-198.0,-158.0,105.0,50.0,-274.0
257.0,,187.0,-43.0,123.0,-191.0,-170.0,-206.0,29.0,-271.0
262.0,,189.0,0.0,94.0,-230.0,-166.0,99.0,16.0,-289.0
283.0,,127.0,57.0,23.0,-247.0,-157.0,-40.0,17.0,-288.0
267.0,,91.0,105.0,-50.0,-296.0,-167.0,-73.0,28.0,-258.0
233.0,,96.0,98.0,-84.0,-289.0,-154.0,49.0,31.0,-209.0
219.0,,30.0,63.0,-66.0,-241.0,-151.0,-279.0,32.0,-117.0
235.0,,-7.0,5.0,-15.0,-239.0,-166.0,-9.0,41.0,-10.0
246.0,,-35.0,-69.0,64.0,-256.0,-195.0,-279.0,74.0,106.0
231.0,,-89.0,-141.0,128.0,-250.0,-222.0,-36.0,91.0,250.0
226.0,,-129.0,-229.0,134.0,-233.0,-241.0,-3.0,115.0,362.0
235.0,,-179.0,-292.0,97.0,-247.0,-287.0,-86.0,141.0,425.0
243.0,,-222.0,-361.0,23.0,-310.0,-280.0,242.0,128.0,446.0
225.0,,-252.0,-435.0,-79.0,-363.0,-235.0,22.0,121.0,418.0
194.0,,-291.0,-487.0,-169.0,-321.0,-232.0,367.0,104.0,354.0
202.0,,-318.0,-555.0,-211.0,-302.0,-218.0,134.0,74.0,269.0
239.0,,-325.0,-600.0,-206.0,-344.0,-183.0,157.0,42.0,199.0
232.0,,-347.0,-591.0,-175.0,-344.0,-205.0,251.0,27.0,132.0
196.0,,-346.0,-543.0,-134.0,-317.0,-242.0,68.0,27.0,63.0
205.0,,-335.0,-463.0,-115.0,-341.0,-212.0,473.0,11.0,16.0
261.0,,-349.0,-332.0,-124.0,-409.0,-217.0,205.0,10.0,-2.0
279.0,,-294.0,-181.0,-126.0,-468.0,-282.0,430.0,14.0,23.0
258.0,,-267.0,-98.0,-105.0,-427.0,-328.0,321.0,10.0,63.0
299.0,,-261.0,-44.0,-61.0,-400.0,-327.0,214.0,2.0,98.0
344.0,,-211.0,0.0,-4.0,-466.0,-294.0,423.0,-7.0,139.0
330.0,,-204.0,3.0,52.0,-426.0,-310.0,99.0,-7.0,167.0
287.0,,-174.0,-20.0,119.0,-390.0,-331.0,426.0,-20.0,173.0
276.0,,-173.0,-96.0,186.0,-386.0,-329.0,223.0,-60.0,174.0
297.0,,-188.0,-193.0,219.0,-379.0,-314.0,406.0,-118.0,149.0
268.0,,-170.0,-272.0,218.0,-381.0,-286.0,539.0,-176.0,90.0
227.0,,-183.0,-355.0,185.0,-302.0,-280.0,384.0,-242.0,45.0
215.0,,-216.0,-408.0,140.0,-289.0,-288.0,713.0,-334.0,-13.0
220.0,,-249.0,-405.0,129.0,-299.0,-275.0,428.0,-429.0,-82.0
188.0,,-279.0,-358.0,149.0,-245.0,-235.0,715.0,-518.0,-136.0
120.0,,-331.0,-297.0,164.0,-213.0,-236.0,611.0,-613.0,-217.0
85.0,,-377.0,-241.0,144.0,-212.0,-289.0,644.0,-692.0,-316.0
64.0,,-415.0,-176.0,97.0,-239.0,-343.0,835.0,-746.0,-389.0
48.0,,-446.0,-127.0,36.0,-232.0,-349.0,580.0,-777.0,-427.0
15.0,,-465.0,-111.0,-19.0,-181.0,-336.0,971.0,-768.0,-449.0
-42.0,,-474.0,-99.0,-50.0,-170.0,-357.0,685.0,-716.0,-429.0
-64.0,,-471.0,-96.0,-50.0,-231.0,-364.0,833.0,-639.0,-374.0
-73.0,,-478.0,-120.0,-9.0,-267.0,-344.0,849.0,-535.0,-270.0
-118.0,,-437.0,-165.0,55.0,-232.0,-311.0,683.0,-404.0,-126.0
-164.0,,-422.0,-204.0,121.0,-242.0,-277.0,990.0,-287.0,20.0
-169.0,,-415.0,-217.0,143.0,-265.0,-266.0,733.0,-180.0,187.0
-155.0,,-356.0,-235.0,119.0,-246.0,-257.0,1056.0,-64.0,335.0
-158.0,,-320.0,-280.0,109.0,-217.0,-255.0,920.0,32.0,448.0
-159.0,,-290.0,-352.0,141.0,-176.0,-264.0,992.0,97.0,519.0
-123.0,,-261.0,-436.0,202.0,-166.0,-283.0,1116.0,130.0,542.0
-67.0,,-223.0,-497.0,260.0,-177.0,-312.0,875.0,153.0,527.0
-39.0,,-203.0,-505.0,291.0,-143.0,-292.0,1239.0,150.0,487.0
-34.0,,-221.0,-481.0,289.0,-105.0,-268.0,979.0,121.0,424.0
-4.0,,-242.0,-494.0,261.0,-141.0,-287.0,1165.0,72.0,331.0
41.0,,-256.0,-517.0,218.0,-193.0,-314.0,1073.0,5.0,229.0
71.0,,-303.0,-550.0,172.0,-177.0,-316.0,977.0,-60.0,133.0
79.0,,-368.0,-600.0,150.0,-154.0,-296.0,1228.0,-131.0,43.0
91.0,,-410.0,-622.0,168.0,-177.0,-297.0,953.0,-201.0,-43.0
124.0,,-463.0,-640.0,213.0,-194.0,-278.0,1247.0,-273.0,-108.0
135.0,,-500.0,-613.0,251.0,-201.0,-278.0,1016.0,-322.0,-163.0
112.0,,-545.0,-558.0,258.0,-221.0,-318.0,1127.0,-340.0,-194.0
94.0,,-579.0,-540.0,236.0,-262.0,-316.0,1199.0,-346.0,-205.0
103.0,,-566.0,-509.0,207.0,-313.0,-297.0,1027.0,-339.0,-218.0
109.0,,-581.0,-458.0,184.0,-306.0,-294.0,1352.0,-329.0,-214.0
94.0,,-566.0,-415.0,153.0,-265.0,-317.0,1075.0,-306.0,-226.0
106.0,,-526.0,-368.0,117.0,-276.0,-342.0,1328.0,-281.0,-221.0
142.0,,-510.0,-339.0,81.0,-321.0,-332.0,1140.0,-249.0,-195.0
150.0,,-451.0,-337.0,43.0,-323.0,-284.0,1101.0,-200.0,-153.0
129.0,,-399.0,-312.0,2.0,-340.0,-225.0,1319.0,-140.0,-119.0
114.0,,-364.0,-277.0,-60.0,-359.0,-193.0,1032.0,-74.0,-104.0
121.0,,-296.0,-234.0,-132.0,-335.0,-203.0,1310.0,-10.0,-70.0
134.0,,-240.0,-183.0,-167.0,-343.0,-246.0,938.0,44.0,-65.0
132.0,,-205.0,-145.0,-177.0,-319.0,-266.0,1043.0,62.0,-45.0
133.0,,-160.0,-100.0,-190.0,-344.0,-278.0,1043.0,62.0,-42.0
147.0,,-149.0,-74.0,-239.0,-413.0,-312.0,944.0,60.0,-80.0
128.0,,-132.0,-100.0,-327.0,-400.0,-324.0,1261.0,64.0,-111.0
88.0,,-111.0,-132.0,-399.0,-421.0,-333.0,899.0,100.0,-143.0
50.0,,-128.0,-137.0,-438.0,-459.0,-366.0,1165.0,146.0,-188.0
30.0,,-103.0,-166.0,-426.0,-517.0,-374.0,988.0,191.0,-265.0
12.0,,-81.0,-218.0,-375.0,-569.0,-336.0,1067.0,209.0,-326.0
-31.0,,-71.0,-253.0,-333.0,-555.0,-333.0,1247.0,206.0,-393.0
-50.0,,-34.0,-270.0,-277.0,-569.0,-354.0,1006.0,200.0,-455.0
-34.0,,-10.0,-264.0,-194.0,-598.0,-345.0,1263.0,185.0,-485.0
-36.0,,8.0,-253.0,-81.0,-603.0,-358.0,897.0,177.0,-515.0
-63.0,,27.0,-238.0,57.0,-578.0,-397.0,1066.0,166.0,-503.0
-80.0,,15.0,-210.0,188.0,-546.0,-434.0,960.0,166.0,-456.0
-58.0,,0.0,-179.0,274.0,-532.0,-455.0,916.0,177.0,-410.0
-22.0,,11.0,-134.0,284.0,-580.0,-469.0,1171.0,182.0,-349.0
-12.0,,-10.0,-76.0,212.0,-600.0,-488.0,794.0,172.0,-264.0
0.0,,-20.0,-37.0,98.0,-586.0,-482.0,1034.0,168.0,-198.0
55.0,,-31.0,-36.0,-7.0,-646.0,-465.0,761.0,175.0,-111.0
109.0,,-40.0,-68.0,-80.0,-660.0,-453.0,822.0,189.0,-34.0
126.0,,-37.0,-127.0,-134.0,-659.0,-464.0,824.0,220.0,3.0
130.0,,-77.0,-171.0,-183.0,-604.0,-506.0,572.0,253.0,41.0
166.0,,-90.0,-221.0,-222.0,-562.0,-564.0,833.0,291.0,15.0
192.0,,-105.0,-335.0,-249.0,-651.0,-626.0,467.0,329.0,-22.0
189.0,,-144.0,-449.0,-251.0,-650.0,-604.0,691.0,359.0,-84.0
180.0,,-169.0,-522.0,-245.0,-596.0,-592.0,559.0,349.0,-165.0
183.0,,-209.0,-575.0,-233.0,-584.0,-657.0,574.0,340.0,-210.0
200.0,,-239.0,-614.0,-205.0,-577.0,-688.0,748.0,335.0,-236.0
175.0,,-258.0,-646.0,-168.0,-573.0,-698.0,412.0,317.0,-248.0
128.0,,-300.0,-636.0,-124.0,-604.0,-701.0,752.0,308.0,-281.0
87.0,,-314.0,-600.0,-82.0,-602.0,-714.0,456.0,261.0,-273.0
54.0,,-307.0,-591.0,-35.0,-608.0,-715.0,598.0,196.0,-239.0
12.0,,-321.0,-596.0,16.0,-641.0,-705.0,606.0,109.0,-224.0
-54.0,,-325.0,-595.0,71.0,-610.0,-723.0,400.0,8.0,-205.0
-118.0,,-299.0,-608.0,111.0,-645.0,-719.0,617.0,-75.0,-192.0
-149.0,,-288.0,-610.0,119.0,-630.0,-717.0,288.0,-162.0,-175.0
-173.0,,-263.0,-592.0,103.0,-587.0,-735.0,602.0,-208.0,-202.0
-228.0,,-232.0,-576.0,59.0,-558.0,-763.0,389.0,-227.0,-246.0
-271.0,,-216.0,-552.0,13.0,-523.0,-791.0,399.0,-225.0,-295.0
-262.0,,-155.0,-516.0,19.0,-600.0,-790.0,487.0,-205.0,-383.0
-229.0,,-146.0,-505.0,90.0,-554.0,-804.0,195.0,-201.0,-445.0
-225.0,,-138.0,-508.0,186.0,-446.0,-825.0,554.0,-200.0,-474.0
-230.0,,-112.0,-476.0,250.0,-419.0,-831.0,317.0,-207.0,-487.0
-177.0,,-123.0,-449.0,274.0,-397.0,-840.0,600.0,-220.0,-458.0
-109.0,,-100.0,-456.0,273.0,-376.0,-839.0,594.0,-234.0,-405.0
-99.0,,-110.0,-444.0,252.0,-337.0,-833.0,485.0,-218.0,-336.0
-101.0,,-113.0,-402.0,234.0,-294.0,-819.0,683.0,-183.0,-260.0
-57.0,,-102.0,-356.0,204.0,-256.0,-782.0,375.0,-166.0,-172.0
-3.0,,-111.0,-332.0,158.0,-279.0,-758.0,631.0,-146.0,-79.0
-2.0,,-101.0,-339.0,110.0,-296.0,-760.0,327.0,-128.0,5.0
-10.0,,-113.0,-384.0,51.0,-277.0,-752.0,391.0,-129.0,98.0
30.0,,-104.0,-432.0,-14.0,-267.0,-758.0,419.0,-138.0,178.0
66.0,,-94.0,-484.0,-78.0,-269.0,-770.0,203.0,-138.0,265.0
45.0,,-103.0,-563.0,-127.0,-300.0,-730.0,552.0,-145.0,365.0
-4.0,,-94.0,-624.0,-146.0,-245.0,-709.0,293.0,-159.0,444.0
0.0,,-92.0,-674.0,-142.0,-150.0,-731.0,541.0,-150.0,497.0
37.0,,-90.0,-722.0,-119.0,-120.0,-733.0,406.0,-160.0,529.0
15.0,,-122.0,-752.0,-98.0,-111.0,-721.0,375.0,-161.0,550.0
-14.0,,-136.0,-777.0,-98.0,-72.0,-717.0,607.0,-141.0,567.0
-4.0,,-143.0,-793.0,-98.0,-27.0,-749.0,395.0,-130.0,598.0
14.0,,-175.0,-802.0,-79.0,12.0,-748.0,720.0,-94.0,581.0
2.0,,-162.0,-808.0,-44.0,24.0,-706.0,430.0,-53.0,529.0
-37.0,,-177.0,-848.0,-20.0,-33.0,-704.0,554.0,-13.0,493.0
-42.0,,-177.0,-905.0,-2.0,-3.0,-715.0,535.0,35.0,429.0
-6.0,,-154.0,-927.0,14.0,81.0,-676.0,380.0,67.0,348.0
2.0,,-146.0,-893.0,2.0,153.0,-595.0,681.0,71.0,267.0
-16.0,,-133.0,-844.0,-16.0,172.0,-527.0,410.0,78.0,191.0
1.0,,-112.0,-792.0,-35.0,93.0,-454.0,772.0,99.0,119.0
38.0,,-59.0,-688.0,-41.0,119.0,-423.0,598.0,120.0,41.0
64.0,,-52.0,-600.0,-27.0,153.0,-388.0,528.0,149.0,-23.0
83.0,,-29.0,-557.0,-28.0,146.0,-326.0,594.0,164.0,-64.0
95.0,,7.0,-519.0,-42.0,170.0,-297.0,293.0,179.0,-84.0
140.0,,13.0,-466.0,-42.0,129.0,-244.0,618.0,191.0,-75.0
172.0,,23.0,-397.0,-17.0,123.0,-238.0,393.0,186.0,-30.0
152.0,,8.0,-344.0,10.0,167.0,-257.0,687.0,177.0,28.0
134.0,,-8.0,-321.0,45.0,179.0,-278.0,685.0,163.0,91.0
133.0,,-19.0,-353.0,85.0,175.0,-285.0,552.0,145.0,137.0
103.0,,-50.0,-431.0,87.0,166.0,-235.0,759.0,121.0,127.0
34.0,,-86.0,-519.0,64.0,179.0,-190.0,413.0,96.0,54.0
-15.0,,-95.0,-618.0,44.0,245.0,-150.0,683.0,65.0,-34.0
-41.0,,-117.0,-715.0,37.0,248.0,-149.0,482.0,55.0,-135.0
-60.0,,-155.0,-779.0,66.0,184.0,-137.0,554.0,57.0,-272.0
-92.0,,-184.0,-809.0,110.0,232.0,-126.0,582.0,69.0,-410.0
-125.0,,-224.0,-803.0,137.0,305.0,-103.0,343.0,79.0,-527.0
-100.0,,-256.0,-774.0,148.0,302.0,-73.0,628.0,78.0,-623.0
-77.0,,-288.0,-706.0,137.0,309.0,-105.0,317.0,73.0,-695.0
-103.0,,-317.0,-638.0,98.0,339.0,-115.0,589.0,51.0,-754.0
-134.0,,-324.0,-610.0,77.0,381.0,-121.0,476.0,49.0,-785.0
-149.0,,-330.0,-585.0,97.0,399.0,-121.0,415.0,62.0,-797.0
-137.0,,-327.0,-547.0,125.0,392.0,-94.0,633.0,80.0,-824.0
-148.0,,-320.0,-473.0,151.0,438.0,-92.0,362.0,92.0,-838.0
-177.0,,-321.0,-398.0,168.0,541.0,-116.0,729.0,94.0,-844.0
-165.0,,-304.0,-332.0,170.0,564.0,-132.0,504.0,82.0,-857.0
-129.0,,-286.0,-229.0,163.0,542.0,-133.0,613.0,40.0,-868.0
-110.0,,-268.0,-137.0,116.0,542.0,-141.0,646.0,-5.0,-880.0
-103.0,,-223.0,-69.0,41.0,563.0,-151.0,495.0,-62.0,-872.0
-67.0,,-172.0,-32.0,-22.0,607.0,-141.0,790.0,-99.0,-843.0
-37.0,,-139.0,-19.0,-63.0,578.0,-131.0,476.0,-122.0,-836.0
-29.0,,-97.0,-23.0,-76.0,614.0,-141.0,681.0,-148.0,-868.0
-10.0,,-41.0,-57.0,-75.0,683.0,-148.0,436.0,-177.0,-928.0
38.0,,7.0,-67.0,-70.0,733.0,-163.0,406.0,-210.0,-969.0
110.0,,45.0,-77.0,-67.0,832.0,-187.0,517.0,-230.0,-1000.0
119.0,,76.0,-124.0,-65.0,824.0,-185.0,279.0,-282.0,-1037.0
84.0,,116.0,-187.0,-63.0,853.0,-189.0,663.0,-322.0,-1039.0
102.0,,149.0,-245.0,-78.0,911.0,-213.0,382.0,-323.0,-983.0
122.0,,159.0,-284.0,-118.0,913.0,-226.0,569.0,-330.0,-873.0
79.0,,173.0,-275.0,-146.0,965.0,-227.0,487.0,-326.0,-747.0
23.0,,188.0,-207.0,-142.0,975.0,-239.0,341.0,-309.0,-570.0
4.0,,173.0,-137.0,-109.0,930.0,-256.0,607.0,-286.0,-347.0
0.0,,163.0,-52.0,-33.0,955.0,-275.0,321.0,-251.0,-120.0
-37.0,,145.0,18.0,54.0,1037.0,-278.0,665.0,-211.0,91.0
-68.0,,123.0,65.0,111.0,1095.0,-286.0,426.0,-166.0,291.0
-60.0,,116.0,112.0,130.0,1135.0,-297.0,461.0,-100.0,488.0
-55.0,,81.0,130.0,118.0,1108.0,-294.0,480.0,-43.0,616.0
-52.0,,71.0,164.0,101.0,1139.0,-321.0,177.0,1.0,689.0
-68.0,,36.0,176.0,97.0,1265.0,-356.0,495.0,52.0,697.0
-72.0,,11.0,169.0,74.0,1260.0,-399.0,223.0,99.0,642.0
-54.0,,20.0,168.0,26.0,1266.0,-423.0,458.0,121.0,558.0
-62.0,,-6.0,130.0,-24.0,1318.0,-460.0,327.0,128.0,427.0
-98.0,,33.0,104.0,-46.0,1299.0,-497.0,301.0,111.0,284.0
-128.0,,62.0,91.0,-32.0,1337.0,-504.0,487.0,72.0,149.0
-121.0,,89.0,65.0,-40.0,1361.0,-564.0,192.0,47.0,38.0
-121.0,,172.0,31.0,-64.0,1395.0,-601.0,589.0,38.0,-56.0
-159.0,,215.0,-24.0,-73.0,1456.0,-601.0,376.0,30.0,-129.0
-187.0,,260.0,-125.0,-74.0,1445.0,-620.0,502.0,10.0,-187.0
-181.0,,313.0,-241.0,-73.0,1496.0,-649.0,473.0,-2.0,-267.0
-158.0,,340.0,-349.0,-80.0,1486.0,-648.0,238.0,-34.0,-333.0
-183.0,,352.0,-458.0,-86.0,1412.0,-641.0,456.0,-76.0,-434.0
-225.0,,377.0,-525.0,-90.0,1423.0,-679.0,53.0,-95.0,-536.0
-203.0,,374.0,-577.0,-89.0,1438.0,-688.0,284.0,-129.0,-602.0
-169.0,,340.0,-604.0,-60.0,1424.0,-690.0,157.0,-159.0,-685.0
-159.0,,318.0,-570.0,-8.0,1358.0,-681.0,195.0,-211.0,-748.0
-152.0,,266.0,-549.0,45.0,1318.0,-671.0,352.0,-282.0,-778.0
-114.0,,225.0,-506.0,93.0,1350.0,-695.0,60.0,-342.0,-777.0
-50.0,,178.0,-432.0,123.0,1406.0,-711.0,384.0,-388.0,-755.0
-12.0,,108.0,-397.0,119.0,1410.0,-759.0,99.0,-421.0,-685.0
8.0,,65.0,-345.0,90.0,1407.0,-786.0,279.0,-437.0,-584.0
69.0,,5.0,-290.0,34.0,1401.0,-770.0,282.0,-426.0,-446.0
140.0,,-53.0,-273.0,-30.0,1406.0,-782.0,177.0,-407.0,-296.0
138.0,,-87.0,-258.0,-65.0,1449.0,-794.0,469.0,-364.0,-209.0
103.0,,-111.0,-256.0,-66.0,1385.0,-774.0,144.0,-322.0,-151.0
111.0,,-128.0,-291.0,-57.0,1352.0,-712.0,352.0,-273.0,-139.0
137.0,,-133.0,-348.0,-40.0,1331.0,-687.0,68.0,-234.0,-165.0
136.0,,-108.0,-404.0,6.0,1321.0,-713.0,46.0,-226.0,-231.0
135.0,,-73.0,-441.0,76.0,1354.0,-707.0,121.0,-196.0,-315.0
180.0,,-46.0,-436.0,142.0,1302.0,-682.0,-90.0,-155.0,-377.0
213.0,,-22.0,-453.0,168.0,1292.0,-685.0,247.0,-109.0,-400.0
212.0,,2.0,-494.0,142.0,1302.0,-699.0,-33.0,-75.0,-409.0
217.0,,26.0,-508.0,93.0,1317.0,-691.0,173.0,-66.0,-440.0
225.0,,46.0,-511.0,49.0,1363.0,-702.0,16.0,-52.0,-424.0
248.0,,53.0,-506.0,57.0,1374.0,-713.0,-182.0,-40.0,-419.0
256.0,,70.0,-486.0,123.0,1314.0,-693.0,1.0,-50.0,-434.0
236.0,,104.0,-447.0,201.0,1247.0,-698.0,-247.0,-37.0,-460.0
221.0,,101.0,-417.0,245.0,1246.0,-737.0,44.0,-1.0,-514.0
228.0,,89.0,-382.0,220.0,1262.0,-723.0,-225.0,18.0,-550.0
249.0,,88.0,-330.0,155.0,1257.0,-654.0,-169.0,51.0,-582.0
236.0,,78.0,-253.0,81.0,1208.0,-617.0,-210.0,75.0,-613.0
226.0,,66.0,-179.0,0.0,1185.0,-617.0,-426.0,96.0,-662.0
272.0,,39.0,-140.0,-55.0,1222.0,-612.0,-123.0,129.0,-681.0
328.0,,20.0,-74.0,-56.0,1234.0,-555.0,-426.0,136.0,-701.0
326.0,,10.0,3.0,-16.0,1226.0,-516.0,-138.0,139.0,-733.0
321.0,,-3.0,69.0,12.0,1265.0,-532.0,-286.0,168.0,-717.0
378.0,,-14.0,107.0,7.0,1310.0,-537.0,-360.0,183.0,-716.0
415.0,,-44.0,100.0,-2.0,1360.0,-531.0,-242.0,205.0,-708.0
412.0,,-60.0,83.0,-13.0,1380.0,-509.0,-604.0,255.0,-687.0
420.0,,-95.0,51.0,-30.0,1349.0,-484.0,-330.0,280.0,-666.0
446.0,,-164.0,6.0,-44.0,1379.0,-448.0,-591.0,330.0,-637.0
481.0,,-219.0,-31.0,-53.0,1394.0,-410.0,-388.0,374.0,-635.0
497.0,,-271.0,-27.0,-62.0,1401.0,-363.0,-369.0,401.0,-636.0
501.0,,-334.0,-3.0,-94.0,1485.0,-310.0,-517.0,452.0,-621.0
518.0,,-388.0,13.0,-136.0,1475.0,-285.0,-328.0,493.0,-590.0
527.0,,-424.0,27.0,-166.0,1404.0,-267.0,-752.0,523.0,-568.0
503.0,,-458.0,55.0,-169.0,1428.0,-266.0,-513.0,530.0,-538.0
473.0,,-465.0,118.0,-142.0,1434.0,-264.0,-794.0,529.0,-514.0
427.0,,-464.0,192.0,-116.0,1404.0,-227.0,-792.0,516.0,-498.0
371.0,,-450.0,276.0,-105.0,1346.0,-164.0,-622.0,487.0,-485.0
320.0,,-401.0,385.0,-121.0,1318.0,-130.0,-838.0,453.0,-475.0
235.0,,-364.0,460.0,-162.0,1364.0,-158.0,-513.0,407.0,-467.0
165.0,,-332.0,508.0,-190.0,1312.0,-149.0,-818.0,353.0,-481.0
140.0,,-287.0,572.0,-178.0,1263.0,-96.0,-661.0,289.0,-467.0
95.0,,-253.0,614.0,-154.0,1258.0,-81.0,-781.0,213.0,-474.0
17.0,,-209.0,626.0,-161.0,1239.0,-87.0,-820.0,142.0,-478.0
-20.0,,-178.0,623.0,-201.0,1260.0,-70.0,-528.0,98.0,-436.0
-23.0,,-165.0,612.0,-236.0,1284.0,-35.0,-788.0,65.0,-380.0
-54.0,,-132.0,586.0,-262.0,1287.0,-16.0,-473.0,39.0,-274.0
-102.0,,-143.0,514.0,-280.0,1283.0,-29.0,-785.0,40.0,-138.0
-127.0,,-146.0,424.0,-264.0,1339.0,-12.0,-776.0,80.0,11.0
-124.0,,-128.0,343.0,-232.0,1385.0,10.0,-746.0,110.0,161.0
-142.0,,-125.0,252.0,-216.0,1395.0,-11.0,-962.0,150.0,318.0
-174.0,,-89.0,176.0,-226.0,1377.0,-20.0,-650.0,219.0,475.0
-186.0,,-75.0,139.0,-256.0,1340.0,7.0,-947.0,274.0,580.0
-189.0,,-47.0,129.0,-278.0,1343.0,69.0,-739.0,336.0,652.0
-192.0,,19.0,124.0,-267.0,1297.0,119.0,-879.0,380.0,669.0
-191.0,,56.0,100.0,-221.0,1247.0,158.0,-896.0,413.0,675.0
-189.0,,92.0,66.0,-148.0,1258.0,199.0,-691.0,441.0,699.0
-189.0,,148.0,58.0,-55.0,1275.0,215.0,-999.0,461.0,718.0
-173.0,,181.0,85.0,31.0,1264.0,220.0,-698.0,477.0,768.0
-193.0,,242.0,100.0,82.0,1206.0,240.0,-916.0,486.0,832.0
-236.0,,299.0,97.0,99.0,1142.0,290.0,-698.0,527.0,920.0
-250.0,,316.0,90.0,107.0,1165.0,306.0,-604.0,562.0,1005.0
-255.0,,369.0,86.0,124.0,1183.0,285.0,-753.0,571.0,1064.0
-282.0,,404.0,83.0,152.0,1150.0,253.0,-500.0,565.0,1127.0
-315.0,,405.0,93.0,173.0,1124.0,204.0,-859.0,543.0,1161.0
-303.0,,430.0,141.0,167.0,1028.0,181.0,-606.0,502.0,1178.0
-295.0,,426.0,184.0,125.0,1011.0,158.0,-748.0,445.0,1187.0
-327.0,,405.0,198.0,40.0,996.0,100.0,-753.0,383.0,1181.0
-366.0,,390.0,190.0,-67.0,936.0,57.0,-659.0,298.0,1168.0
-379.0,,324.0,146.0,-168.0,945.0,28.0,-973.0,203.0,1162.0
-392.0,,271.0,59.0,-235.0,928.0,-10.0,-679.0,104.0,1131.0
-430.0,,236.0,-33.0,-241.0,926.0,-37.0,-992.0,-7.0,1067.0
-426.0,,175.0,-96.0,-214.0,924.0,-96.0,-781.0,-109.0,1032.0
-376.0,,108.0,-168.0,-168.0,971.0,-141.0,-768.0,-201.0,974.0
-325.0,,55.0,-229.0,-121.0,1021.0,-130.0,-879.0,-279.0,904.0
-277.0,,14.0,-273.0,-99.0,989.0,-104.0,-594.0,-331.0,805.0
-234.0,,-50.0,-321.0,-83.0,946.0,-92.0,-903.0,-369.0,671.0
-169.0,,-91.0,-342.0,-77.0,926.0,-97.0,-618.0,-392.0,561.0
-89.0,,-109.0,-321.0,-72.0,930.0,-75.0,-838.0,-405.0,438.0
-51.0,,-143.0,-276.0,-70.0,859.0,-38.0,-748.0,-399.0,320.0
-25.0,,-178.0,-264.0,-83.0,812.0,-37.0,-594.0,-378.0,220.0
45.0,,-211.0,-290.0,-79.0,809.0,-34.0,-844.0,-368.0,138.0
124.0,,-241.0,-294.0,-64.0,792.0,15.0,-593.0,-346.0,83.0
162.0,,-259.0,-277.0,-60.0,840.0,-7.0,-995.0,-316.0,64.0
186.0,,-274.0,-276.0,-63.0,835.0,-56.0,-853.0,-290.0,51.0
219.0,,-285.0,-292.0,-54.0,812.0,-63.0,-912.0,-249.0,63.0
252.0,,-289.0,-286.0,-22.0,821.0,-70.0,-920.0,-201.0,125.0
261.0,,-289.0,-256.0,16.0,786.0,-90.0,-681.0,-147.0,203.0
231.0,,-284.0,-235.0,40.0,742.0,-142.0,-942.0,-79.0,302.0
221.0,,-294.0,-192.0,71.0,692.0,-150.0,-618.0,-7.0,404.0
233.0,,-289.0,-158.0,92.0,646.0,-143.0,-866.0,55.0,498.0
230.0,,-292.0,-162.0,79.0,539.0,-113.0,-702.0,99.0,580.0
212.0,,-305.0,-174.0,60.0,437.0,-89.0,-665.0,141.0,641.0
201.0,,-306.0,-177.0,54.0,465.0,-71.0,-894.0,171.0,645.0
192.0,,-324.0,-135.0,60.0,498.0,-23.0,-585.0,171.0,603.0
162.0,,-331.0,-59.0,81.0,465.0,-19.0,-903.0,168.0,532.0
128.0,,-347.0,13.0,119.0,490.0,0.0,-642.0,164.0,433.0
104.0,,-378.0,57.0,151.0,525.0,15.0,-790.0,161.0,333.0
101.0,,-412.0,92.0,161.0,481.0,-10.0,-890.0,158.0,246.0
87.0,,-430.0,113.0,127.0,543.0,-46.0,-788.0,148.0,159.0
75.0,,-450.0,69.0,65.0,567.0,-79.0,-1056.0,114.0,89.0
88.0,,-472.0,0.0,27.0,525.0,-77.0,-655.0,62.0,59.0
94.0,,-472.0,-48.0,18.0,577.0,-55.0,-816.0,8.0,35.0
101.0,,-474.0,-65.0,30.0,536.0,-75.0,-585.0,-64.0,38.0
113.0,,-453.0,-59.0,58.0,472.0,-88.0,-639.0,-129.0,33.0
148.0,,-425.0,-34.0,102.0,419.0,-71.0,-779.0,-188.0,-5.0
201.0,,-415.0,-11.0,131.0,369.0,-85.0,-471.0,-242.0,-53.0
233.0,,-417.0,-8.0,141.0,377.0,-112.0,-831.0,-271.0,-122.0
243.0,,-419.0,-13.0,131.0,365.0,-143.0,-559.0,-290.0,-218.0
260.0,,-433.0,-15.0,98.0,375.0,-154.0,-748.0,-278.0,-342.0
291.0,,-451.0,40.0,76.0,400.0,-149.0,-702.0,-244.0,-480.0
298.0,,-430.0,132.0,66.0,361.0,-111.0,-572.0,-223.0,-618.0
272.0,,-426.0,222.0,58.0,287.0,-70.0,-788.0,-191.0,-707.0
239.0,,-416.0,339.0,52.0,272.0,-73.0,-508.0,-147.0,-741.0
243.0,,-390.0,467.0,69.0,194.0,-58.0,-833.0,-112.0,-709.0
229.0,,-373.0,585.0,72.0,143.0,-30.0,-594.0,-90.0,-590.0
172.0,,-342.0,670.0,51.0,146.0,14.0,-720.0,-86.0,-417.0
141.0,,-328.0,705.0,32.0,116.0,23.0,-790.0,-97.0,-205.0
114.0,,-281.0,719.0,-2.0,197.0,5.0,-554.0,-96.0,48.0
77.0,,-233.0,695.0,-63.0,214.0,20.0,-907.0,-107.0,310.0
42.0,,-199.0,619.0,-138.0,227.0,23.0,-593.0,-119.0,537.0
17.0,,-138.0,528.0,-189.0,226.0,26.0,-803.0,-97.0,707.0
1.0,,-94.0,437.0,-196.0,121.0,8.0,-652.0,-78.0,818.0
-8.0,,-30.0,345.0,-171.0,70.0,24.0,-561.0,-43.0,896.0
-17.0,,43.0,266.0,-143.0,-4.0,88.0,-783.0,-5.0,915.0
-41.0,,101.0,214.0,-128.0,-97.0,138.0,-572.0,34.0,900.0
-46.0,,183.0,215.0,-122.0,-161.0,184.0,-962.0,76.0,849.0
-29.0,,263.0,275.0,-122.0,-235.0,211.0,-691.0,104.0,763.0
-27.0,,308.0,361.0,-141.0,-313.0,233.0,-848.0,138.0,688.0
-40.0,,383.0,452.0,-166.0,-327.0,260.0,-903.0,127.0,587.0
-42.0,,433.0,514.0,-162.0,-306.0,296.0,-718.0,101.0,471.0
-47.0,,445.0,505.0,-137.0,-250.0,319.0,-1053.0,72.0,341.0
-75.0,,497.0,455.0,-92.0,-150.0,314.0,-809.0,19.0,218.0
-120.0,,517.0,393.0,-32.0,-127.0,312.0,-1162.0,-37.0,96.0
-150.0,,528.0,300.0,16.0,-94.0,300.0,-1045.0,-95.0,-30.0
-161.0,,554.0,229.0,23.0,-39.0,288.0,-1014.0,-147.0,-114.0
-209.0,,531.0,173.0,-7.0,-91.0,279.0,-1082.0,-199.0,-202.0
-274.0,,510.0,112.0,-55.0,-150.0,245.0,-752.0,-226.0,-250.0
-302.0,,486.0,69.0,-108.0,-198.0,227.0,-1036.0,-262.0,-268.0
-314.0,,421.0,17.0,-131.0,-270.0,225.0,-759.0,-297.0,-296.0
-335.0,,391.0,-1.0,-114.0,-290.0,215.0,-1029.0,-330.0,-271.0
-361.0,,349.0,-3.0,-56.0,-352.0,235.0,-1104.0,-380.0,-260.0
-363.0,,287.0,17.0,14.0,-377.0,241.0,-1056.0,-406.0,-234.0
-324.0,,262.0,82.0,58.0,-254.0,245.0,-1302.0,-455.0,-172.0
-280.0,,209.0,152.0,92.0,-197.0,260.0,-933.0,-509.0,-97.0
-244.0,,164.0,231.0,112.0,-200.0,250.0,-1160.0,-549.0,0.0
-223.0,,141.0,267.0,91.0,-183.0,257.0,-929.0,-603.0,78.0
-191.0,,108.0,270.0,38.0,-212.0,273.0,-1069.0,-637.0,160.0
-133.0,,80.0,294.0,-16.0,-265.0,259.0,-1250.0,-649.0,248.0
-94.0,,57.0,311.0,-64.0,-342.0,213.0,-1071.0,-656.0,351.0
-50.0,,34.0,313.0,-83.0,-422.0,213.0,-1422.0,-640.0,431.0
20.0,,11.0,317.0,-71.0,-457.0,246.0,-1116.0,-596.0,508.0
106.0,,-13.0,301.0,-47.0,-493.0,252.0,-1334.0,-530.0,568.0
160.0,,-32.0,261.0,-50.0,-523.0,251.0,-1258.0,-452.0,565.0
202.0,,-43.0,198.0,-96.0,-539.0,227.0,-1206.0,-361.0,516.0
260.0,,-58.0,113.0,-150.0,-524.0,222.0,-1467.0,-250.0,403.0
302.0,,-55.0,41.0,-171.0,-406.0,204.0,-1201.0,-144.0,303.0
326.0,,-35.0,-20.0,-134.0,-313.0,201.0,-1496.0,-60.0,224.0
342.0,,-23.0,-47.0,-60.0,-287.0,224.0,-1247.0,7.0,97.0
364.0,,1.0,-43.0,22.0,-233.0,179.0,-1304.0,59.0,-20.0
352.0,,38.0,-51.0,93.0,-258.0,144.0,-1252.0,84.0,-97.0
341.0,,62.0,-59.0,142.0,-335.0,156.0,-1038.0,91.0,-168.0
340.0,,107.0,-46.0,165.0,-369.0,167.0,-1267.0,82.0,-211.0
321.0,,137.0,-10.0,156.0,-386.0,152.0,-940.0,79.0,-237.0
315.0,,145.0,13.0,139.0,-415.0,167.0,-1243.0,62.0,-235.0
287.0,,183.0,33.0,104.0,-486.0,185.0,-1088.0,20.0,-202.0
248.0,,210.0,32.0,59.0,-523.0,174.0,-1112.0,-16.0,-172.0
189.0,,214.0,11.0,41.0,-448.0,189.0,-1278.0,-58.0,-142.0
128.0,,240.0,0.0,59.0,-375.0,177.0,-981.0,-103.0,-131.0
78.0,,245.0,-26.0,94.0,-404.0,181.0,-1258.0,-150.0,-110.0
15.0,,231.0,-72.0,111.0,-397.0,193.0,-923.0,-213.0,-127.0
-31.0,,242.0,-117.0,111.0,-344.0,209.0,-1064.0,-267.0,-166.0
-61.0,,219.0,-145.0,76.0,-312.0,226.0,-1014.0,-311.0,-204.0
-74.0,,194.0,-181.0,17.0,-324.0,220.0,-892.0,-349.0,-254.0
-86.0,,183.0,-219.0,3.0,-354.0,249.0,-1138.0,-365.0,-281.0
-93.0,,156.0,-252.0,40.0,-290.0,271.0,-816.0,-354.0,-315.0
-113.0,,125.0,-269.0,111.0,-232.0,268.0,-1082.0,-328.0,-333.0
-158.0,,78.0,-276.0,198.0,-200.0,227.0,-788.0,-305.0,-306.0
-192.0,,45.0,-301.0,281.0,-152.0,212.0,-748.0,-262.0,-270.0
-207.0,,11.0,-338.0,314.0,-173.0,226.0,-753.0,-211.0,-250.0
-211.0,,-44.0,-409.0,255.0,-197.0,234.0,-417.0,-161.0,-217.0
-206.0,,-92.0,-468.0,145.0,-148.0,235.0,-657.0,-95.0,-201.0
-187.0,,-153.0,-481.0,16.0,-166.0,201.0,-380.0,-28.0,-192.0
-176.0,,-216.0,-472.0,-97.0,-231.0,138.0,-617.0,26.0,-205.0
-159.0,,-272.0,-437.0,-172.0,-267.0,87.0,-539.0,79.0,-228.0
-137.0,,-342.0,-364.0,-218.0,-319.0,91.0,-504.0,130.0,-213.0
-119.0,,-388.0,-257.0,-245.0,-298.0,96.0,-617.0,165.0,-198.0
-111.0,,-423.0,-142.0,-263.0,-296.0,62.0,-256.0,193.0,-188.0
-107.0,,-465.0,-29.0,-255.0,-267.0,37.0,-563.0,214.0,-214.0
-86.0,,-503.0,58.0,-216.0,-143.0,51.0,-282.0,250.0,-220.0
-88.0,,-526.0,125.0,-178.0,-171.0,35.0,-410.0,302.0,-219.0
-109.0,,-546.0,176.0,-159.0,-250.0,0.0,-497.0,337.0,-234.0
-100.0,,-551.0,203.0,-142.0,-232.0,-9.0,-360.0,362.0,-243.0
-82.0,,-547.0,204.0,-107.0,-235.0,-1.0,-633.0,370.0,-247.0
-94.0,,-557.0,145.0,-42.0,-271.0,-8.0,-247.0,386.0,-230.0
-114.0,,-534.0,53.0,51.0,-346.0,-35.0,-432.0,408.0,-241.0
-117.0,,-524.0,-37.0,143.0,-448.0,-21.0,-245.0,404.0,-244.0
-101.0,,-503.0,-114.0,208.0,-446.0,-44.0,-251.0,385.0,-261.0
-90.0,,-466.0,-163.0,238.0,-424.0,-60.0,-378.0,353.0,-266.0
-127.0,,-428.0,-186.0,251.0,-450.0,-60.0,3.0,297.0,-270.0
-168.0,,-348.0,-165.0,244.0,-398.0,-102.0,-234.0,235.0,-293.0
-197.0,,-304.0,-91.0,209.0,-361.0,-154.0,140.0,184.0,-256.0
-244.0,,-235.0,20.0,146.0,-310.0,-189.0,3.0,121.0,-217.0
-324.0,,-152.0,105.0,71.0,-268.0,-169.0,-29.0,63.0,-169.0
-410.0,,-84.0,124.0,0.0,-388.0,-179.0,86.0,14.0,-82.0
-467.0,,-1.0,104.0,-89.0,-445.0,-216.0,-221.0,-44.0,-4.0
-529.0,,60.0,62.0,-171.0,-436.0,-235.0,57.0,-97.0,47.0
-595.0,,119.0,5.0,-220.0,-438.0,-244.0,-299.0,-150.0,114.0
-643.0,,172.0,-52.0,-241.0,-434.0,-264.0,-186.0,-201.0,182.0
-692.0,,209.0,-86.0,-234.0,-507.0,-282.0,-223.0,-237.0,254.0
-728.0,,225.0,-99.0,-215.0,-494.0,-274.0,-273.0,-262.0,344.0
-750.0,,250.0,-90.0,-174.0,-392.0,-271.0,70.0,-293.0,407.0
-738.0,,262.0,-52.0,-132.0,-391.0,-280.0,-181.0,-321.0,462.0
-706.0,,246.0,-22.0,-81.0,-461.0,-271.0,121.0,-336.0,506.0
-692.0,,266.0,-17.0,-1.0,-518.0,-245.0,-81.0,-353.0,537.0
-683.0,,274.0,-21.0,74.0,-570.0,-282.0,31.0,-367.0,547.0
-653.0,,290.0,-11.0,116.0,-630.0,-317.0,179.0,-362.0,537.0
-598.0,,317.0,-42.0,96.0,-701.0,-353.0,0.0,-352.0,508.0
-553.0,,324.0,-114.0,40.0,-759.0,-412.0,306.0,-345.0,483.0
-517.0,,361.0,-178.0,-2.0,-825.0,-425.0,-29.0,-333.0,432.0
-478.0,,394.0,-244.0,-6.0,-891.0,-466.0,173.0,-316.0,337.0
-428.0,,425.0,-311.0,15.0,-851.0,-520.0,49.0,-282.0,264.0
-378.0,,450.0,-380.0,12.0,-798.0,-543.0,7.0,-249.0,185.0
-347.0,,483.0,-400.0,-34.0,-794.0,-548.0,225.0,-224.0,122.0
-327.0,,525.0,-384.0,-100.0,-746.0,-564.0,-72.0,-192.0,48.0
-298.0,,523.0,-379.0,-151.0,-724.0,-602.0,256.0,-151.0,-17.0
-273.0,,538.0,-367.0,-172.0,-723.0,-617.0,-5.0,-123.0,-35.0
-261.0,,542.0,-384.0,-182.0,-713.0,-614.0,138.0,-114.0,-28.0
-235.0,,524.0,-425.0,-184.0,-796.0,-618.0,225.0,-116.0,-4.0
-215.0,,531.0,-480.0,-169.0,-853.0,-616.0,114.0,-131.0,2.0
-207.0,,502.0,-546.0,-143.0,-849.0,-590.0,413.0,-143.0,46.0
-214.0,,488.0,-626.0,-107.0,-896.0,-571.0,96.0,-154.0,88.0
-207.0,,502.0,-719.0,-79.0,-936.0,-596.0,321.0,-173.0,136.0
-192.0,,485.0,-753.0,-67.0,-956.0,-607.0,55.0,-186.0,207.0
-218.0,,478.0,-754.0,-63.0,-949.0,-595.0,9.0,-212.0,272.0
-263.0,,496.0,-772.0,-62.0,-931.0,-593.0,127.0,-245.0,334.0
-303.0,,504.0,-785.0,-51.0,-933.0,-574.0,-75.0,-276.0,357.0
-355.0,,495.0,-769.0,-60.0,-984.0,-550.0,389.0,-318.0,355.0
-439.0,,495.0,-748.0,-88.0,-1028.0,-527.0,168.0,-336.0,315.0
-519.0,,487.0,-736.0,-96.0,-1041.0,-528.0,362.0,-332.0,245.0
-562.0,,478.0,-681.0,-95.0,-1047.0,-529.0,323.0,-331.0,149.0
-594.0,,486.0,-605.0,-81.0,-1041.0,-521.0,171.0,-304.0,57.0
-647.0,,469.0,-543.0,-58.0,-1079.0,-544.0,327.0,-255.0,-29.0
-687.0,,447.0,-467.0,-35.0,-1062.0,-576.0,-14.0,-220.0,-117.0
-693.0,,433.0,-377.0,12.0,-1022.0,-612.0,323.0,-184.0,-198.0
-672.0,,426.0,-307.0,79.0,-1031.0,-629.0,155.0,-142.0,-271.0
-645.0,,401.0,-259.0,151.0,-1001.0,-603.0,282.0,-110.0,-291.0
-623.0,,377.0,-216.0,206.0,-986.0,-596.0,380.0,-67.0,-290.0
-564.0,,372.0,-198.0,248.0,-1016.0,-590.0,151.0,-25.0,-261.0
-482.0,,328.0,-200.0,292.0,-1041.0,-555.0,419.0,11.0,-206.0
-401.0,,276.0,-207.0,333.0,-1077.0,-512.0,97.0,56.0,-140.0
-316.0,,238.0,-204.0,378.0,-1049.0,-464.0,386.0,92.0,-62.0
-249.0,,186.0,-204.0,399.0,-1018.0,-442.0,349.0,98.0,-27.0
-188.0,,136.0,-195.0,369.0,-1082.0,-413.0,343.0,78.0,-36.0
-102.0,,95.0,-147.0,291.0,-1062.0,-388.0,509.0,51.0,-71.0
-17.0,,55.0,-102.0,199.0,-1022.0,-384.0,201.0,24.0,-133.0
31.0,,38.0,-69.0,130.0,-1033.0,-370.0,441.0,4.0,-223.0
86.0,,1.0,-43.0,83.0,-1041.0,-363.0,112.0,-4.0,-337.0
159.0,,-15.0,-20.0,61.0,-1110.0,-352.0,266.0,5.0,-459.0
181.0,,6.0,-37.0,32.0,-1101.0,-367.0,306.0,29.0,-520.0
161.0,,-3.0,-49.0,-3.0,-1019.0,-388.0,195.0,64.0,-560.0
172.0,,-2.0,-35.0,-9.0,-1022.0,-375.0,511.0,106.0,-582.0
197.0,,0.0,-48.0,4.0,-1006.0,-359.0,171.0,153.0,-547.0
199.0,,-7.0,-45.0,22.0,-972.0,-352.0,428.0,223.0,-523.0
194.0,,0.0,-15.0,24.0,-939.0,-342.0,254.0,290.0,-482.0
222.0,,9.0,27.0,-4.0,-872.0,-330.0,267.0,354.0,-437.0
257.0,,13.0,36.0,-47.0,-970.0,-331.0,456.0,432.0,-382.0
277.0,,41.0,29.0,-73.0,-1010.0,-300.0,262.0,494.0,-285.0
298.0,,62.0,41.0,-63.0,-903.0,-271.0,598.0,527.0,-180.0
305.0,,62.0,70.0,-31.0,-911.0,-268.0,264.0,531.0,-67.0
300.0,,106.0,101.0,10.0,-918.0,-252.0,417.0,507.0,48.0
283.0,,121.0,107.0,67.0,-905.0,-230.0,327.0,471.0,172.0
276.0,,140.0,120.0,134.0,-941.0,-213.0,205.0,432.0,295.0
291.0,,183.0,114.0,204.0,-959.0,-198.0,471.0,359.0,392.0
272.0,,200.0,93.0,261.0,-939.0,-155.0,147.0,273.0,457.0
260.0,,227.0,76.0,263.0,-934.0,-128.0,489.0,189.0,530.0
260.0,,264.0,61.0,215.0,-872.0,-101.0,304.0,65.0,565.0
232.0,,291.0,60.0,141.0,-841.0,-73.0,419.0,-52.0,559.0
202.0,,310.0,44.0,59.0,-879.0,-84.0,578.0,-162.0,522.0
178.0,,349.0,12.0,-40.0,-842.0,-71.0,376.0,-285.0,428.0
156.0,,382.0,-26.0,-137.0,-825.0,-80.0,678.0,-383.0,303.0
106.0,,407.0,-67.0,-182.0,-826.0,-84.0,317.0,-461.0,114.0
60.0,,420.0,-126.0,-200.0,-863.0,-64.0,511.0,-511.0,-94.0
27.0,,431.0,-199.0,-212.0,-904.0,-77.0,400.0,-531.0,-303.0
-13.0,,452.0,-243.0,-213.0,-905.0,-99.0,332.0,-519.0,-505.0
-45.0,,450.0,-241.0,-197.0,-954.0,-127.0,515.0,-484.0,-663.0
-65.0,,453.0,-266.0,-172.0,-978.0,-109.0,221.0,-434.0,-788.0
-86.0,,472.0,-308.0,-153.0,-926.0,-93.0,589.0,-380.0,-831.0
-114.0,,479.0,-314.0,-161.0,-886.0,-95.0,345.0,-321.0,-806.0
-131.0,,477.0,-314.0,-221.0,-868.0,-57.0,495.0,-259.0,-758.0
-143.0,,478.0,-295.0,-292.0,-847.0,-8.0,594.0,-201.0,-664.0
-165.0,,469.0,-250.0,-325.0,-853.0,43.0,448.0,-138.0,-518.0
-221.0,,467.0,-190.0,-274.0,-826.0,104.0,727.0,-97.0,-338.0
-278.0,,456.0,-138.0,-156.0,-872.0,169.0,365.0,-68.0,-160.0
-298.0,,427.0,-86.0,-31.0,-968.0,196.0,583.0,-34.0,1.0
-335.0,,407.0,-15.0,58.0,-1009.0,214.0,389.0,-11.0,144.0
-386.0,,394.0,23.0,101.0,-1037.0,249.0,373.0,-4.0,246.0
-418.0,,369.0,31.0,100.0,-1076.0,262.0,500.0,-10.0,298.0
-428.0,,333.0,80.0,89.0,-1106.0,250.0,145.0,-29.0,317.0
-461.0,,313.0,165.0,94.0,-1047.0,230.0,406.0,-32.0,303.0
-511.0,,296.0,219.0,109.0,-989.0,220.0,109.0,-30.0,288.0
-541.0,,269.0,269.0,152.0,-970.0,217.0,314.0,-39.0,279.0
-583.0,,232.0,319.0,209.0,-1011.0,204.0,391.0,-13.0,249.0
-642.0,,211.0,336.0,242.0,-1029.0,181.0,360.0,8.0,228.0
-702.0,,187.0,335.0,214.0,-1016.0,194.0,604.0,20.0,194.0
-720.0,,170.0,318.0,125.0,-1062.0,220.0,251.0,12.0,145.0
-743.0,,158.0,256.0,19.0,-1070.0,217.0,524.0,-28.0,97.0
-794.0,,146.0,151.0,-45.0,-1091.0,202.0,277.0,-48.0,41.0
-801.0,,165.0,65.0,-25.0,-1146.0,196.0,310.0,-48.0,-22.0
-772.0,,161.0,-3.0,48.0,-1187.0,229.0,378.0,-27.0,-72.0
-742.0,,154.0,-70.0,128.0,-1208.0,277.0,97.0,2.0,-95.0
-713.0,,170.0,-125.0,165.0,-1184.0,275.0,428.0,49.0,-103.0
-661.0,,177.0,-163.0,130.0,-1174.0,286.0,160.0,99.0,-73.0
-599.0,,183.0,-152.0,47.0,-1214.0,335.0,400.0,135.0,-26.0
-529.0,,195.0,-93.0,-42.0,-1195.0,372.0,295.0,165.0,7.0
-454.0,,213.0,-18.0,-107.0,-1177.0,390.0,181.0,173.0,63.0
-383.0,,232.0,67.0,-122.0,-1200.0,374.0,371.0,158.0,155.0
-289.0,,252.0,146.0,-68.0,-1166.0,367.0,64.0,134.0,225.0
-180.0,,264.0,179.0,43.0,-1134.0,357.0,395.0,102.0,318.0
-96.0,,276.0,184.0,158.0,-1120.0,359.0,145.0,49.0,395.0
-23.0,,293.0,179.0,235.0,-1162.0,378.0,273.0,-7.0,443.0
72.0,,309.0,155.0,257.0,-1223.0,374.0,297.0,-72.0,500.0
166.0,,299.0,80.0,231.0,-1199.0,402.0,14.0,-145.0,503.0
228.0,,298.0,-20.0,193.0,-1189.0,437.0,286.0,-207.0,504.0
279.0,,308.0,-79.0,149.0,-1266.0,441.0,-35.0,-249.0,490.0
352.0,,291.0,-107.0,102.0,-1254.0,445.0,206.0,-268.0,445.0
421.0,,274.0,-118.0,56.0,-1191.0,455.0,94.0,-257.0,406.0
432.0,,254.0,-125.0,36.0,-1212.0,456.0,81.0,-232.0,368.0
443.0,,238.0,-152.0,60.0,-1206.0,450.0,223.0,-209.0,335.0
478.0,,212.0,-197.0,107.0,-1196.0,441.0,-55.0,-175.0,301.0
475.0,,169.0,-273.0,136.0,-1184.0,436.0,234.0,-133.0,298.0
445.0,,119.0,-372.0,110.0,-1219.0,439.0,-105.0,-73.0,320.0
443.0,,58.0,-477.0,45.0,-1315.0,453.0,29.0,0.0,345.0
446.0,,-22.0,-552.0,-29.0,-1289.0,469.0,35.0,87.0,357.0
412.0,,-121.0,-579.0,-78.0,-1191.0,471.0,-64.0,195.0,366.0
380.0,,-202.0,-594.0,-78.0,-1133.0,487.0,256.0,301.0,370.0
378.0,,-296.0,-576.0,-43.0,-1085.0,501.0,-36.0,412.0,351.0
364.0,,-380.0,-506.0,15.0,-1046.0,509.0,277.0,511.0,303.0
333.0,,-431.0,-449.0,82.0,-1018.0,521.0,79.0,605.0,250.0
306.0,,-490.0,-375.0,123.0,-984.0,500.0,38.0,683.0,187.0
299.0,,-533.0,-240.0,126.0,-972.0,488.0,107.0,744.0,112.0
287.0,,-567.0,-103.0,88.0,-921.0,486.0,-158.0,791.0,51.0
275.0,,-608.0,-13.0,20.0,-847.0,453.0,164.0,816.0,-18.0
301.0,,-635.0,58.0,-40.0,-847.0,416.0,-181.0,849.0,-77.0
318.0,,-640.0,155.0,-77.0,-873.0,378.0,38.0,862.0,-115.0
327.0,,-656.0,221.0,-97.0,-887.0,375.0,68.0,840.0,-153.0
335.0,,-670.0,274.0,-114.0,-902.0,384.0,5.0,780.0,-190.0
357.0,,-667.0,319.0,-114.0,-894.0,342.0,249.0,686.0,-229.0
391.0,,-671.0,303.0,-100.0,-928.0,330.0,-96.0,571.0,-254.0
427.0,,-669.0,293.0,-81.0,-949.0,341.0,203.0,459.0,-250.0
478.0,,-651.0,292.0,-55.0,-870.0,335.0,7.0,373.0,-246.0
524.0,,-637.0,266.0,-29.0,-889.0,381.0,142.0,289.0,-256.0
559.0,,-602.0,226.0,-26.0,-863.0,428.0,234.0,222.0,-274.0
581.0,,-560.0,190.0,-46.0,-741.0,446.0,-14.0,177.0,-285.0
591.0,,-529.0,174.0,-52.0,-751.0,445.0,284.0,135.0,-293.0
587.0,,-480.0,169.0,-39.0,-780.0,447.0,-57.0,98.0,-308.0
578.0,,-422.0,173.0,-18.0,-793.0,468.0,194.0,74.0,-313.0
573.0,,-388.0,219.0,2.0,-711.0,462.0,140.0,75.0,-302.0
587.0,,-359.0,276.0,6.0,-584.0,434.0,96.0,90.0,-285.0
584.0,,-299.0,293.0,0.0,-573.0,433.0,256.0,128.0,-261.0
559.0,,-285.0,290.0,-21.0,-569.0,465.0,-84.0,179.0,-217.0
557.0,,-263.0,262.0,-60.0,-475.0,475.0,166.0,241.0,-175.0
553.0,,-222.0,219.0,-85.0,-344.0,463.0,-155.0,315.0,-151.0
538.0,,-234.0,193.0,-74.0,-318.0,465.0,-68.0,396.0,-155.0
526.0,,-207.0,182.0,-47.0,-335.0,485.0,-29.0,469.0,-184.0
540.0,,-188.0,186.0,-32.0,-302.0,476.0,-120.0,506.0,-243.0
568.0,,-197.0,164.0,-25.0,-212.0,430.0,240.0,520.0,-304.0
584.0,,-186.0,125.0,-8.0,-166.0,447.0,-27.0,505.0,-366.0
582.0,,-178.0,108.0,19.0,-210.0,509.0,245.0,474.0,-442.0
580.0,,-161.0,103.0,52.0,-175.0,519.0,12.0,440.0,-471.0
579.0,,-159.0,86.0,96.0,-124.0,518.0,-94.0,385.0,-504.0
544.0,,-145.0,69.0,131.0,-106.0,544.0,40.0,352.0,-527.0
487.0,,-113.0,71.0,125.0,-111.0,532.0,-195.0,315.0,-542.0
457.0,,-101.0,71.0,82.0,-119.0,514.0,125.0,262.0,-567.0
462.0,,-54.0,64.0,20.0,-33.0,539.0,-157.0,244.0,-575.0
447.0,,-14.0,70.0,-35.0,44.0,551.0,-14.0,222.0,-570.0
429.0,,1.0,89.0,-79.0,87.0,528.0,-112.0,211.0,-501.0
428.0,,52.0,112.0,-114.0,146.0,470.0,-271.0,209.0,-420.0
445.0,,77.0,136.0,-126.0,123.0,437.0,24.0,196.0,-335.0
446.0,,90.0,155.0,-111.0,114.0,442.0,-267.0,190.0,-236.0
419.0,,130.0,174.0,-63.0,185.0,431.0,48.0,161.0,-180.0
433.0,,144.0,202.0,7.0,224.0,425.0,-155.0,136.0,-123.0
458.0,,120.0,228.0,54.0,290.0,429.0,-190.0,122.0,-70.0
455.0,,132.0,268.0,62.0,339.0,437.0,-107.0,97.0,-77.0
425.0,,123.0,295.0,51.0,328.0,423.0,-371.0,86.0,-95.0
402.0,,108.0,271.0,24.0,358.0,445.0,-40.0,98.0,-100.0
397.0,,127.0,233.0,-8.0,421.0,483.0,-267.0,102.0,-133.0
360.0,,116.0,224.0,-38.0,471.0,467.0,-57.0,101.0,-174.0
301.0,,146.0,212.0,-81.0,446.0,448.0,-136.0,116.0,-189.0
246.0,,183.0,171.0,-117.0,401.0,448.0,-264.0,125.0,-184.0
220.0,,218.0,135.0,-120.0,394.0,486.0,-90.0,137.0,-159.0
186.0,,258.0,110.0,-81.0,405.0,512.0,-417.0,164.0,-102.0
119.0,,281.0,93.0,-3.0,438.0,521.0,-97.0,195.0,-28.0
78.0,,344.0,69.0,75.0,466.0,527.0,-323.0,232.0,47.0
51.0,,382.0,41.0,110.0,496.0,578.0,-240.0,285.0,138.0
15.0,,410.0,32.0,82.0,530.0,635.0,-109.0,325.0,210.0
-24.0,,445.0,0.0,10.0,548.0,625.0,-266.0,342.0,263.0
-46.0,,441.0,-75.0,-72.0,525.0,656.0,103.0,352.0,351.0
-20.0,,445.0,-126.0,-130.0,523.0,698.0,-186.0,328.0,418.0
-3.0,,435.0,-145.0,-130.0,553.0,676.0,22.0,309.0,497.0
-21.0,,406.0,-175.0,-85.0,547.0,622.0,-66.0,291.0,598.0
-26.0,,391.0,-190.0,-21.0,588.0,610.0,-109.0,268.0,704.0
-8.0,,351.0,-230.0,40.0,621.0,615.0,86.0,264.0,843.0
-13.0,,308.0,-298.0,83.0,607.0,583.0,-182.0,240.0,966.0
-35.0,,269.0,-356.0,117.0,594.0,546.0,157.0,201.0,1100.0
-53.0,,228.0,-423.0,158.0,571.0,505.0,-134.0,165.0,1198.0
-61.0,,183.0,-463.0,202.0,603.0,479.0,-27.0,141.0,1243.0
-66.0,,148.0,-469.0,239.0,613.0,456.0,22.0,124.0,1247.0
-62.0,,123.0,-449.0,257.0,523.0,450.0,-169.0,115.0,1213.0
-28.0,,88.0,-416.0,248.0,446.0,476.0,129.0,126.0,1164.0
-22.0,,75.0,-373.0,217.0,480.0,464.0,-186.0,142.0,1081.0
-34.0,,47.0,-287.0,161.0,525.0,424.0,59.0,155.0,1003.0
-36.0,,12.0,-166.0,100.0,472.0,409.0,-92.0,154.0,920.0
-22.0,,-12.0,-41.0,64.0,432.0,400.0,-84.0,132.0,873.0
-5.0,,-46.0,86.0,36.0,504.0,394.0,94.0,88.0,859.0
-7.0,,-83.0,223.0,10.0,617.0,394.0,-173.0,16.0,852.0
9.0,,-122.0,309.0,-13.0,642.0,381.0,133.0,-62.0,848.0
32.0,,-131.0,357.0,-17.0,603.0,358.0,-190.0,-139.0,844.0
82.0,,-155.0,415.0,10.0,611.0,334.0,-97.0,-211.0,836.0
162.0,,-165.0,442.0,30.0,686.0,309.0,-195.0,-255.0,782.0
207.0,,-180.0,425.0,26.0,755.0,298.0,-336.0,-267.0,715.0
256.0,,-207.0,418.0,18.0,719.0,300.0,-64.0,-256.0,601.0
339.0,,-203.0,472.0,23.0,714.0,305.0,-412.0,-224.0,462.0
411.0,,-226.0,533.0,36.0,815.0,322.0,-127.0,-174.0,306.0
451.0,,-236.0,591.0,59.0,795.0,316.0,-321.0,-98.0,115.0
505.0,,-219.0,689.0,107.0,664.0,325.0,-264.0,0.0,-16.0
576.0,,-205.0,804.0,160.0,637.0,366.0,-48.0,112.0,-114.0
632.0,,-204.0,925.0,193.0,626.0,358.0,-212.0,238.0,-202.0
672.0,,-178.0,1013.0,191.0,575.0,316.0,112.0,354.0,-254.0
702.0,,-147.0,1026.0,157.0,511.0,278.0,-195.0,453.0,-299.0
728.0,,-146.0,1022.0,132.0,469.0,310.0,-25.0,523.0,-327.0
742.0,,-125.0,1030.0,123.0,507.0,377.0,-142.0,548.0,-340.0
735.0,,-113.0,1011.0,102.0,502.0,338.0,-328.0,556.0,-368.0
720.0,,-114.0,972.0,63.0,511.0,291.0,-110.0,559.0,-389.0
701.0,,-74.0,930.0,24.0,557.0,300.0,-371.0,557.0,-396.0
687.0,,-58.0,927.0,11.0,604.0,299.0,-44.0,556.0,-439.0
650.0,,-60.0,908.0,11.0,627.0,294.0,-181.0,555.0,-504.0
564.0,,-35.0,836.0,-8.0,596.0,301.0,5.0,526.0,-553.0
481.0,,-34.0,750.0,-27.0,619.0,283.0,142.0,479.0,-614.0
430.0,,-69.0,675.0,-36.0,648.0,233.0,-25.0,420.0,-639.0
372.0,,-92.0,627.0,-45.0,659.0,235.0,336.0,347.0,-633.0
283.0,,-106.0,574.0,-50.0,597.0,244.0,9.0,282.0,-613.0
233.0,,-148.0,509.0,-68.0,577.0,245.0,227.0,224.0,-542.0
248.0,,-181.0,468.0,-99.0,646.0,258.0,155.0,186.0,-431.0
254.0,,-207.0,477.0,-125.0,626.0,294.0,92.0,157.0,-318.0
238.0,,-243.0,480.0,-149.0,547.0,370.0,314.0,148.0,-217.0
225.0,,-279.0,475.0,-175.0,496.0,392.0,20.0,132.0,-92.0
263.0,,-307.0,476.0,-201.0,582.0,364.0,297.0,98.0,-3.0
295.0,,-338.0,457.0,-231.0,656.0,358.0,25.0,79.0,52.0
276.0,,-377.0,425.0,-271.0,602.0,372.0,123.0,85.0,133.0
269.0,,-404.0,398.0,-307.0,559.0,366.0,158.0,107.0,221.0
268.0,,-432.0,366.0,-330.0,586.0,350.0,27.0,137.0,319.0
252.0,,-443.0,276.0,-348.0,700.0,339.0,391.0,217.0,398.0
210.0,,-459.0,173.0,-346.0,749.0,320.0,97.0,302.0,454.0
170.0,,-469.0,72.0,-315.0,674.0,298.0,345.0,370.0,514.0
116.0,,-460.0,-26.0,-257.0,698.0,283.0,133.0,434.0,568.0
58.0,,-452.0,-67.0,-177.0,767.0,283.0,49.0,478.0,612.0
33.0,,-454.0,-80.0,-110.0,744.0,288.0,240.0,522.0,623.0
2.0,,-434.0,-117.0,-98.0,705.0,303.0,16.0,541.0,601.0
-24.0,,-394.0,-145.0,-108.0,671.0,306.0,399.0,528.0,595.0
-52.0,,-396.0,-138.0,-90.0,669.0,307.0,188.0,492.0,565.0
-62.0,,-355.0,-114.0,-28.0,607.0,353.0,410.0,431.0,508.0
-47.0,,-305.0,-64.0,79.0,492.0,416.0,400.0,359.0,439.0
-24.0,,-289.0,47.0,175.0,484.0,455.0,280.0,266.0,334.0
-6.0,,-275.0,136.0,233.0,483.0,501.0,582.0,167.0,224.0
-25.0,,-260.0,169.0,270.0,409.0,564.0,225.0,80.0,105.0
-24.0,,-246.0,250.0,281.0,376.0,591.0,539.0,-9.0,-3.0
6.0,,-272.0,303.0,292.0,444.0,624.0,404.0,-98.0,-65.0
17.0,,-282.0,346.0,309.0,509.0,657.0,469.0,-179.0,-86.0
4.0,,-287.0,363.0,315.0,502.0,614.0,587.0,-232.0,-80.0
0.0,,-300.0,397.0,304.0,478.0,597.0,262.0,-272.0,-39.0
14.0,,-298.0,523.0,258.0,527.0,641.0,515.0,-309.0,39.0
15.0,,-301.0,539.0,188.0,596.0,666.0,230.0,-339.0,101.0
13.0,,-295.0,590.0,112.0,563.0,652.0,548.0,-369.0,181.0
19.0,,-267.0,641.0,30.0,467.0,614.0,580.0,-387.0,277.0
37.0,,-250.0,567.0,-48.0,434.0,579.0,528.0,-405.0,340.0
51.0,,-226.0,584.0,-96.0,419.0,548.0,794.0,-416.0,391.0
39.0,,-168.0,591.0,-102.0,361.0,528.0,460.0,-412.0,415.0
42.0,,-112.0,539.0,-76.0,303.0,519.0,718.0,-392.0,430.0
67.0,,-63.0,541.0,-31.0,242.0,511.0,454.0,-370.0,429.0
59.0,,-10.0,539.0,1.0,239.0,466.0,522.0,-348.0,394.0
22.0,,52.0,466.0,1.0,245.0,423.0,591.0,-314.0,342.0
-10.0,,105.0,385.0,-36.0,219.0,428.0,369.0,-279.0,277.0
-24.0,,153.0,339.0,-115.0,239.0,437.0,672.0,-233.0,202.0
-27.0,,175.0,304.0,-200.0,222.0,450.0,384.0,-177.0,134.0
-50.0,,203.0,311.0,-274.0,178.0,450.0,679.0,-94.0,93.0
-69.0,,221.0,307.0,-313.0,179.0,456.0,613.0,-22.0,74.0
-81.0,,209.0,259.0,-299.0,154.0,486.0,602.0,40.0,101.0
-98.0,,192.0,277.0,-240.0,143.0,524.0,824.0,115.0,146.0
-121.0,,162.0,324.0,-133.0,121.0,543.0,491.0,148.0,205.0
-153.0,,137.0,356.0,-5.0,83.0,551.0,740.0,166.0,304.0
-186.0,,81.0,414.0,85.0,120.0,565.0,469.0,178.0,410.0
-198.0,,52.0,470.0,105.0,125.0,522.0,626.0,177.0,531.0
-190.0,,19.0,516.0,58.0,91.0,505.0,637.0,170.0,664.0
-204.0,,-33.0,583.0,-22.0,58.0,518.0,413.0,155.0,784.0
-221.0,,-54.0,637.0,-92.0,47.0,483.0,670.0,134.0,881.0
-196.0,,-105.0,640.0,-124.0,14.0,466.0,332.0,124.0,960.0
-153.0,,-133.0,630.0,-132.0,-81.0,464.0,561.0,108.0,1014.0
-132.0,,-130.0,657.0,-126.0,-105.0,443.0,397.0,99.0,1025.0
-125.0,,-143.0,692.0,-119.0,-69.0,430.0,434.0,102.0,991.0
-93.0,,-161.0,683.0,-108.0,-52.0,474.0,641.0,95.0,891.0
-53.0,,-149.0,672.0,-87.0,-68.0,475.0,417.0,107.0,764.0
-32.0,,-161.0,667.0,-59.0,-147.0,421.0,768.0,127.0,613.0
-6.0,,-184.0,613.0,-12.0,-192.0,415.0,465.0,143.0,403.0
31.0,,-178.0,557.0,50.0,-166.0,400.0,582.0,156.0,206.0
72.0,,-206.0,487.0,101.0,-132.0,394.0,515.0,160.0,-6.0
94.0,,-203.0,350.0,116.0,-116.0,373.0,328.0,167.0,-202.0
116.0,,-214.0,252.0,105.0,-178.0,347.0,569.0,165.0,-343.0
156.0,,-246.0,214.0,104.0,-200.0,342.0,277.0,156.0,-490.0
170.0,,-243.0,188.0,124.0,-128.0,307.0,583.0,154.0,-554.0
180.0,,-256.0,196.0,138.0,-114.0,289.0,369.0,154.0,-514.0
215.0,,-274.0,211.0,129.0,-212.0,268.0,345.0,170.0,-427.0
261.0,,-291.0,251.0,111.0,-284.0,248.0,406.0,202.0,-299.0
284.0,,-297.0,309.0,99.0,-216.0,233.0,114.0,221.0,-132.0
269.0,,-307.0,375.0,94.0,-166.0,193.0,426.0,242.0,62.0
260.0,,-313.0,478.0,99.0,-225.0,154.0,179.0,242.0,258.0
264.0,,-307.0,604.0,104.0,-279.0,118.0,454.0,222.0,419.0
245.0,,-321.0,705.0,92.0,-271.0,89.0,456.0,189.0,528.0
219.0,,-321.0,788.0,42.0,-294.0,32.0,343.0,153.0,612.0
214.0,,-313.0,861.0,-31.0,-333.0,-39.0,550.0,124.0,627.0
219.0,,-321.0,858.0,-96.0,-369.0,-40.0,206.0,91.0,561.0
213.0,,-324.0,816.0,-117.0,-375.0,-28.0,465.0,66.0,475.0
199.0,,-288.0,765.0,-72.0,-317.0,-48.0,197.0,20.0,361.0
179.0,,-262.0,693.0,3.0,-325.0,-101.0,243.0,-18.0,212.0
159.0,,-245.0,606.0,75.0,-365.0,-162.0,336.0,-64.0,88.0
163.0,,-184.0,517.0,124.0,-371.0,-167.0,129.0,-112.0,-2.0
163.0,,-142.0,456.0,136.0,-342.0,-177.0,463.0,-127.0,-51.0
151.0,,-98.0,408.0,114.0,-344.0,-176.0,107.0,-164.0,-50.0
167.0,,-56.0,384.0,63.0,-339.0,-178.0,247.0,-205.0,-10.0
203.0,,-33.0,386.0,-7.0,-297.0,-203.0,133.0,-236.0,68.0
195.0,,14.0,396.0,-81.0,-274.0,-188.0,127.0,-256.0,172.0
151.0,,57.0,421.0,-163.0,-262.0,-187.0,367.0,-273.0,292.0
150.0,,81.0,457.0,-252.0,-305.0,-180.0,62.0,-279.0,385.0
156.0,,109.0,478.0,-282.0,-298.0,-139.0,417.0,-268.0,470.0
134.0,,142.0,489.0,-220.0,-277.0,-123.0,212.0,-267.0,556.0
106.0,,161.0,528.0,-103.0,-318.0,-118.0,373.0,-272.0,608.0
104.0,,160.0,557.0,12.0,-346.0,-101.0,352.0,-282.0,628.0
133.0,,159.0,568.0,79.0,-329.0,-126.0,83.0,-290.0,616.0
133.0,,169.0,546.0,93.0,-344.0,-182.0,360.0,-324.0,568.0
130.0,,150.0,481.0,67.0,-412.0,-208.0,-11.0,-371.0,493.0
149.0,,121.0,411.0,16.0,-419.0,-206.0,240.0,-430.0,408.0
168.0,,118.0,337.0,-35.0,-424.0,-244.0,129.0,-525.0,299.0
201.0,,111.0,302.0,-62.0,-373.0,-310.0,155.0,-616.0,173.0
213.0,,100.0,270.0,-72.0,-336.0,-339.0,295.0,-700.0,52.0
198.0,,84.0,233.0,-57.0,-356.0,-372.0,-16.0,-770.0,-66.0
195.0,,77.0,234.0,-11.0,-268.0,-377.0,310.0,-815.0,-168.0
206.0,,80.0,245.0,37.0,-304.0,-341.0,84.0,-853.0,-248.0
205.0,,75.0,248.0,74.0,-381.0,-340.0,315.0,-866.0,-315.0
200.0,,77.0,250.0,85.0,-370.0,-358.0,319.0,-847.0,-343.0
220.0,,83.0,258.0,78.0,-385.0,-359.0,242.0,-810.0,-346.0
244.0,,87.0,249.0,81.0,-299.0,-383.0,473.0,-769.0,-312.0
235.0,,76.0,235.0,96.0,-247.0,-416.0,92.0,-723.0,-224.0
198.0,,89.0,216.0,124.0,-294.0,-423.0,363.0,-656.0,-117.0
177.0,,113.0,189.0,163.0,-281.0,-427.0,166.0,-589.0,43.0
137.0,,132.0,201.0,185.0,-270.0,-445.0,256.0,-520.0,194.0
52.0,,181.0,255.0,174.0,-330.0,-475.0,351.0,-461.0,333.0
-23.0,,190.0,307.0,114.0,-383.0,-500.0,90.0,-400.0,463.0
-75.0,,226.0,380.0,5.0,-371.0,-526.0,393.0,-336.0,553.0
-135.0,,285.0,518.0,-117.0,-319.0,-537.0,60.0,-282.0,618.0
-224.0,,310.0,647.0,-215.0,-284.0,-526.0,308.0,-221.0,662.0
-288.0,,375.0,698.0,-234.0,-331.0,-526.0,256.0,-173.0,719.0
-299.0,,428.0,719.0,-188.0,-358.0,-520.0,223.0,-119.0,757.0
-309.0,,490.0,748.0,-122.0,-320.0,-517.0,473.0,-79.0,799.0
-354.0,,549.0,743.0,-64.0,-313.0,-522.0,184.0,-53.0,826.0
-412.0,,586.0,692.0,-42.0,-287.0,-516.0,569.0,-19.0,835.0
-409.0,,635.0,664.0,-51.0,-300.0,-508.0,388.0,-4.0,783.0
-376.0,,674.0,657.0,-66.0,-363.0,-497.0,563.0,10.0,699.0
-378.0,,710.0,633.0,-45.0,-384.0,-479.0,600.0,23.0,631.0
-392.0,,711.0,563.0,31.0,-390.0,-483.0,367.0,32.0,506.0
-362.0,,706.0,476.0,133.0,-359.0,-482.0,646.0,50.0,370.0
-294.0,,693.0,406.0,209.0,-394.0,-456.0,314.0,71.0,213.0
-242.0,,651.0,359.0,231.0,-452.0,-437.0,591.0,96.0,60.0
-213.0,,585.0,331.0,233.0,-401.0,-433.0,417.0,128.0,-102.0
-127.0,,508.0,324.0,242.0,-394.0,-447.0,382.0,158.0,-246.0
0.0,,435.0,353.0,247.0,-401.0,-443.0,552.0,181.0,-368.0
82.0,,343.0,401.0,269.0,-333.0,-425.0,253.0,194.0,-457.0
109.0,,267.0,463.0,275.0,-307.0,-456.0,559.0,192.0,-467.0
153.0,,187.0,533.0,235.0,-311.0,-478.0,297.0,181.0,-487.0
217.0,,118.0,619.0,157.0,-319.0,-496.0,484.0,159.0,-456.0
214.0,,93.0,703.0,38.0,-346.0,-544.0,469.0,126.0,-411.0
200.0,,32.0,739.0,-73.0,-351.0,-566.0,352.0,92.0,-375.0
216.0,,-6.0,755.0,-143.0,-422.0,-569.0,642.0,35.0,-331.0
252.0,,-28.0,773.0,-160.0,-514.0,-579.0,373.0,-34.0,-334.0
270.0,,-72.0,763.0,-127.0,-525.0,-614.0,720.0,-95.0,-328.0
273.0,,-101.0,715.0,-71.0,-518.0,-660.0,548.0,-136.0,-338.0
321.0,,-143.0,661.0,-6.0,-521.0,-692.0,574.0,-146.0,-371.0
368.0,,-145.0,645.0,36.0,-511.0,-690.0,642.0,-134.0,-406.0
389.0,,-140.0,644.0,45.0,-530.0,-664.0,360.0,-104.0,-460.0
381.0,,-157.0,621.0,17.0,-536.0,-633.0,685.0,-75.0,-502.0
385.0,,-146.0,600.0,-66.0,-421.0,-603.0,428.0,-37.0,-531.0
405.0,,-145.0,598.0,-201.0,-404.0,-586.0,685.0,-3.0,-559.0
392.0,,-149.0,597.0,-347.0,-460.0,-564.0,620.0,23.0,-549.0
360.0,,-151.0,573.0,-450.0,-464.0,-570.0,511.0,60.0,-508.0
340.0,,-163.0,556.0,-487.0,-540.0,-587.0,742.0,100.0,-458.0
334.0,,-171.0,579.0,-465.0,-524.0,-572.0,460.0,136.0,-400.0
305.0,,-195.0,566.0,-417.0,-524.0,-570.0,811.0,162.0,-329.0
249.0,,-235.0,512.0,-377.0,-594.0,-595.0,594.0,190.0,-261.0
210.0,,-253.0,481.0,-329.0,-597.0,-608.0,661.0,198.0,-224.0
188.0,,-278.0,463.0,-261.0,-625.0,-607.0,659.0,187.0,-193.0
136.0,,-309.0,442.0,-179.0,-568.0,-624.0,378.0,177.0,-176.0
66.0,,-313.0,401.0,-101.0,-518.0,-640.0,639.0,155.0,-166.0
20.0,,-331.0,329.0,-50.0,-567.0,-642.0,317.0,126.0,-163.0
-10.0,,-339.0,284.0,-47.0,-571.0,-624.0,578.0,103.0,-200.0
-46.0,,-322.0,240.0,-78.0,-522.0,-637.0,487.0,93.0,-242.0
-69.0,,-317.0,167.0,-110.0,-504.0,-690.0,482.0,80.0,-291.0
-85.0,,-302.0,146.0,-122.0,-559.0,-697.0,672.0,73.0,-361.0
-107.0,,-263.0,151.0,-80.0,-596.0,-693.0,386.0,70.0,-414.0
-139.0,,-231.0,154.0,15.0,-606.0,-691.0,683.0,52.0,-468.0
-177.0,,-200.0,200.0,121.0,-565.0,-678.0,388.0,30.0,-525.0
-205.0,,-158.0,257.0,214.0,-519.0,-677.0,545.0,11.0,-554.0
-235.0,,-132.0,308.0,291.0,-518.0,-681.0,548.0,-8.0,-584.0
-258.0,,-89.0,356.0,322.0,-504.0,-694.0,315.0,-22.0,-578.0
-292.0,,-77.0,397.0,289.0,-523.0,-666.0,519.0,-2.0,-523.0
-344.0,,-77.0,439.0,213.0,-457.0,-651.0,158.0,34.0,-462.0
-346.0,,-34.0,465.0,125.0,-408.0,-680.0,441.0,80.0,-387.0
-337.0,,-27.0,486.0,51.0,-470.0,-689.0,306.0,140.0,-315.0
-362.0,,2.0,488.0,5.0,-442.0,-690.0,349.0,176.0,-265.0
-362.0,,42.0,446.0,-12.0,-420.0,-682.0,474.0,211.0,-224.0
-326.0,,61.0,407.0,-5.0,-373.0,-701.0,232.0,248.0,-206.0
-296.0,,119.0,409.0,19.0,-325.0,-713.0,558.0,259.0,-232.0
-295.0,,162.0,412.0,39.0,-357.0,-719.0,201.0,274.0,-265.0
-274.0,,188.0,393.0,53.0,-309.0,-747.0,358.0,272.0,-335.0
-236.0,,237.0,390.0,67.0,-252.0,-751.0,295.0,256.0,-446.0
-222.0,,282.0,407.0,78.0,-208.0,-755.0,179.0,245.0,-537.0
-206.0,,298.0,373.0,110.0,-162.0,-763.0,415.0,201.0,-597.0
-189.0,,321.0,326.0,147.0,-157.0,-804.0,83.0,155.0,-626.0
-162.0,,340.0,290.0,169.0,-161.0,-819.0,369.0,115.0,-636.0
-128.0,,355.0,238.0,181.0,-156.0,-794.0,105.0,69.0,-622.0
-115.0,,361.0,211.0,171.0,-110.0,-785.0,157.0,56.0,-580.0
-107.0,,339.0,185.0,154.0,-69.0,-794.0,247.0,47.0,-530.0
-71.0,,337.0,165.0,155.0,-70.0,-779.0,66.0,46.0,-475.0
-25.0,,326.0,154.0,179.0,-39.0,-741.0,439.0,60.0,-419.0
0.0,,299.0,132.0,209.0,36.0,-743.0,145.0,76.0,-381.0
10.0,,285.0,127.0,235.0,10.0,-714.0,345.0,90.0,-333.0
32.0,,253.0,133.0,261.0,-50.0,-679.0,179.0,118.0,-291.0
67.0,,253.0,148.0,268.0,-6.0,-670.0,68.0,174.0,-250.0
78.0,,241.0,207.0,229.0,29.0,-643.0,242.0,236.0,-199.0
83.0,,207.0,292.0,147.0,41.0,-604.0,-64.0,289.0,-172.0
87.0,,222.0,384.0,65.0,49.0,-554.0,243.0,329.0,-127.0
74.0,,210.0,484.0,7.0,23.0,-523.0,-18.0,358.0,-84.0
38.0,,204.0,552.0,-32.0,92.0,-494.0,110.0,365.0,-41.0
0.0,,211.0,594.0,-59.0,169.0,-465.0,142.0,356.0,-3.0
-20.0,,192.0,639.0,-72.0,150.0,-451.0,-33.0,331.0,0.0
-47.0,,210.0,668.0,-69.0,171.0,-426.0,262.0,282.0,-23.0
-87.0,,203.0,660.0,-66.0,200.0,-408.0,-120.0,220.0,-71.0
-125.0,,189.0,637.0,-49.0,206.0,-413.0,55.0,156.0,-142.0
-154.0,,203.0,609.0,-18.0,227.0,-423.0,-125.0,108.0,-269.0
-185.0,,200.0,539.0,16.0,229.0,-432.0,-96.0,77.0,-432.0
-225.0,,188.0,458.0,56.0,282.0,-422.0,144.0,65.0,-613.0
-253.0,,178.0,404.0,93.0,378.0,-417.0,-38.0,81.0,-798.0
-286.0,,167.0,368.0,115.0,371.0,-423.0,314.0,111.0,-976.0
-342.0,,145.0,342.0,116.0,340.0,-420.0,9.0,120.0,-1106.0
-401.0,,134.0,335.0,85.0,369.0,-402.0,144.0,132.0,-1182.0
-429.0,,97.0,347.0,16.0,380.0,-364.0,72.0,138.0,-1186.0
-458.0,,76.0,361.0,-66.0,358.0,-352.0,-90.0,111.0,-1120.0
-510.0,,81.0,382.0,-128.0,306.0,-355.0,160.0,94.0,-1044.0
-542.0,,54.0,389.0,-165.0,334.0,-328.0,-179.0,82.0,-907.0
-554.0,,63.0,401.0,-198.0,418.0,-300.0,97.0,61.0,-792.0
-550.0,,50.0,427.0,-203.0,409.0,-305.0,-131.0,54.0,-668.0
-527.0,,46.0,406.0,-175.0,431.0,-316.0,-116.0,50.0,-549.0
-501.0,,69.0,375.0,-116.0,502.0,-313.0,5.0,51.0,-464.0
-467.0,,54.0,349.0,-18.0,504.0,-312.0,-194.0,54.0,-379.0
-397.0,,72.0,297.0,90.0,534.0,-321.0,142.0,42.0,-377.0
-311.0,,70.0,245.0,162.0,509.0,-330.0,-145.0,52.0,-366.0
-262.0,,59.0,200.0,167.0,453.0,-311.0,92.0,55.0,-376.0
-219.0,,78.0,155.0,137.0,496.0,-296.0,5.0,57.0,-401.0
-155.0,,60.0,136.0,120.0,479.0,-247.0,-55.0,58.0,-407.0
-98.0,,44.0,148.0,127.0,500.0,-177.0,157.0,47.0,-371.0
-52.0,,34.0,155.0,130.0,534.0,-130.0,-190.0,44.0,-304.0
-18.0,,-22.0,179.0,121.0,469.0,-70.0,72.0,37.0,-208.0
22.0,,-44.0,248.0,95.0,477.0,-34.0,-275.0,55.0,-63.0
44.0,,-61.0,296.0,29.0,484.0,-2.0,-195.0,81.0,54.0
51.0,,-102.0,321.0,-52.0,486.0,3.0,-105.0,110.0,191.0
70.0,,-100.0,364.0,-90.0,519.0,-1.0,-242.0,127.0,337.0
59.0,,-118.0,402.0,-65.0,484.0,12.0,127.0,121.0,468.0
56.0,,-116.0,432.0,-2.0,479.0,-26.0,-147.0,121.0,529.0
75.0,,-92.0,457.0,60.0,530.0,-81.0,77.0,97.0,560.0
72.0,,-88.0,478.0,88.0,557.0,-116.0,-129.0,70.0,556.0
60.0,,-76.0,496.0,80.0,565.0,-116.0,-169.0,22.0,485.0
37.0,,-75.0,494.0,37.0,541.0,-93.0,-16.0,-40.0,371.0
26.0,,-76.0,508.0,-38.0,556.0,-74.0,-334.0,-79.0,192.0
0.0,,-75.0,536.0,-147.0,620.0,-42.0,-72.0,-111.0,12.0
-48.0,,-82.0,532.0,-229.0,590.0,-43.0,-389.0,-125.0,-172.0
-79.0,,-82.0,490.0,-242.0,538.0,-58.0,-205.0,-123.0,-324.0
-94.0,,-76.0,416.0,-209.0,595.0,-56.0,-164.0,-125.0,-460.0
-79.0,,-75.0,340.0,-146.0,642.0,-80.0,-264.0,-141.0,-581.0
-56.0,,-53.0,244.0,-68.0,636.0,-90.0,-7.0,-168.0,-657.0
-38.0,,-22.0,133.0,24.0,618.0,-84.0,-382.0,-191.0,-729.0
-5.0,,-8.0,62.0,103.0,599.0,-88.0,-120.0,-212.0,-773.0
60.0,,36.0,30.0,155.0,651.0,-82.0,-275.0,-212.0,-791.0
125.0,,78.0,22.0,177.0,665.0,-68.0,-164.0,-205.0,-813.0
195.0,,105.0,29.0,163.0,657.0,-58.0,22.0,-193.0,-836.0
296.0,,165.0,67.0,136.0,699.0,-55.0,-194.0,-165.0,-816.0
382.0,,188.0,119.0,82.0,671.0,-54.0,103.0,-127.0,-804.0
444.0,,231.0,150.0,41.0,694.0,-54.0,-267.0,-71.0,-778.0
518.0,,280.0,185.0,43.0,790.0,-56.0,-99.0,-28.0,-755.0
618.0,,271.0,262.0,65.0,814.0,-82.0,-168.0,17.0,-774.0
677.0,,308.0,377.0,97.0,857.0,-78.0,-271.0,71.0,-754.0
693.0,,295.0,480.0,83.0,920.0,-35.0,-73.0,111.0,-753.0
704.0,,273.0,577.0,12.0,932.0,-39.0,-389.0,152.0,-784.0
697.0,,270.0,664.0,-93.0,943.0,-68.0,-44.0,185.0,-797.0
664.0,,186.0,702.0,-172.0,965.0,-51.0,-221.0,192.0,-791.0
618.0,,133.0,710.0,-167.0,1014.0,-7.0,-53.0,162.0,-783.0
582.0,,71.0,692.0,-122.0,1007.0,3.0,33.0,104.0,-743.0
540.0,,-2.0,626.0,-103.0,981.0,-6.0,-164.0,45.0,-699.0
466.0,,-69.0,537.0,-142.0,1033.0,-14.0,101.0,-20.0,-648.0
399.0,,-134.0,436.0,-190.0,1035.0,-4.0,-243.0,-98.0,-582.0
358.0,,-177.0,306.0,-226.0,985.0,0.0,49.0,-176.0,-566.0
315.0,,-242.0,200.0,-256.0,1015.0,-22.0,-62.0,-244.0,-550.0
245.0,,-286.0,111.0,-271.0,1101.0,-38.0,-131.0,-288.0,-524.0
172.0,,-319.0,22.0,-289.0,1128.0,-50.0,-48.0,-326.0,-478.0
121.0,,-352.0,-41.0,-256.0,1152.0,-60.0,-432.0,-347.0,-435.0
73.0,,-375.0,-99.0,-157.0,1130.0,-79.0,-160.0,-329.0,-375.0
23.0,,-399.0,-153.0,-36.0,1101.0,-106.0,-423.0,-314.0,-341.0
-6.0,,-426.0,-176.0,57.0,1172.0,-109.0,-210.0,-288.0,-307.0
-4.0,,-464.0,-166.0,87.0,1200.0,-96.0,-162.0,-224.0,-242.0
1.0,,-480.0,-161.0,88.0,1256.0,-105.0,-264.0,-165.0,-253.0
12.0,,-508.0,-152.0,93.0,1272.0,-121.0,46.0,-125.0,-242.0
32.0,,-531.0,-113.0,98.0,1233.0,-127.0,-288.0,-91.0,-223.0
49.0,,-529.0,-60.0,82.0,1221.0,-126.0,-27.0,-63.0,-244.0
67.0,,-540.0,-1.0,65.0,1144.0,-109.0,-245.0,-42.0,-265.0
79.0,,-542.0,72.0,69.0,1131.0,-93.0,-315.0,-24.0,-291.0
97.0,,-542.0,142.0,73.0,1170.0,-54.0,-284.0,-20.0,-319.0
137.0,,-542.0,200.0,76.0,1162.0,-18.0,-589.0,-19.0,-317.0
167.0,,-506.0,259.0,35.0,1147.0,3.0,-260.0,-1.0,-314.0
184.0,,-496.0,298.0,-51.0,1174.0,24.0,-519.0,4.0,-291.0
202.0,,-500.0,321.0,-118.0,1155.0,-23.0,-293.0,21.0,-217.0
229.0,,-461.0,311.0,-133.0,1114.0,-41.0,-323.0,40.0,-149.0
245.0,,-452.0,267.0,-80.0,1093.0,-8.0,-467.0,62.0,-75.0
220.0,,-454.0,223.0,0.0,1091.0,-4.0,-315.0,111.0,-23.0
199.0,,-443.0,181.0,58.0,1157.0,-9.0,-674.0,129.0,29.0
190.0,,-425.0,121.0,83.0,1079.0,-20.0,-308.0,126.0,74.0
158.0,,-394.0,63.0,105.0,1022.0,-3.0,-430.0,121.0,91.0
106.0,,-379.0,39.0,159.0,1087.0,12.0,-327.0,105.0,104.0
69.0,,-328.0,17.0,194.0,1091.0,7.0,-328.0,102.0,127.0
38.0,,-281.0,17.0,193.0,1133.0,38.0,-668.0,87.0,169.0
-11.0,,-243.0,69.0,187.0,1159.0,71.0,-441.0,80.0,168.0
-70.0,,-189.0,127.0,148.0,1160.0,99.0,-827.0,91.0,190.0
-108.0,,-160.0,152.0,82.0,1233.0,147.0,-583.0,98.0,239.0
-116.0,,-123.0,167.0,29.0,1221.0,190.0,-678.0,114.0,245.0
-145.0,,-99.0,208.0,31.0,1164.0,232.0,-724.0,119.0,257.0
-178.0,,-98.0,259.0,95.0,1229.0,247.0,-484.0,122.0,286.0
-148.0,,-97.0,284.0,155.0,1211.0,277.0,-783.0,141.0,310.0
-84.0,,-83.0,289.0,175.0,1174.0,301.0,-391.0,141.0,333.0
-55.0,,-95.0,293.0,154.0,1217.0,257.0,-596.0,138.0,356.0
-26.0,,-105.0,314.0,109.0,1164.0,225.0,-498.0,154.0,375.0
37.0,,-105.0,333.0,40.0,1181.0,222.0,-489.0,173.0,424.0
77.0,,-140.0,302.0,-60.0,1245.0,230.0,-685.0,183.0,456.0
58.0,,-155.0,212.0,-155.0,1165.0,247.0,-395.0,198.0,442.0
24.0,,-201.0,138.0,-211.0,1119.0,283.0,-648.0,205.0,419.0
23.0,,-257.0,101.0,-201.0,1148.0,286.0,-306.0,197.0,377.0
23.0,,-293.0,58.0,-170.0,1164.0,297.0,-412.0,182.0,313.0
-1.0,,-361.0,0.0,-156.0,1204.0,355.0,-389.0,149.0,196.0
-50.0,,-415.0,-33.0,-156.0,1168.0,372.0,-345.0,116.0,52.0
-56.0,,-466.0,-31.0,-178.0,1143.0,358.0,-720.0,91.0,-67.0
-28.0,,-513.0,-33.0,-196.0,1171.0,336.0,-434.0,57.0,-190.0
-45.0,,-523.0,-4.0,-203.0,1103.0,313.0,-711.0,54.0,-279.0
-67.0,,-542.0,24.0,-193.0,1088.0,307.0,-530.0,60.0,-305.0
-60.0,,-552.0,15.0,-182.0,1083.0,321.0,-535.0,71.0,-277.0
-47.0,,-528.0,24.0,-183.0,982.0,323.0,-567.0,96.0,-219.0
-83.0,,-529.0,45.0,-180.0,963.0,311.0,-256.0,117.0,-166.0
-124.0,,-515.0,101.0,-137.0,977.0,322.0,-493.0,157.0,-97.0
-114.0,,-486.0,162.0,-44.0,918.0,339.0,-201.0,180.0,-49.0
-122.0,,-468.0,216.0,43.0,878.0,353.0,-480.0,199.0,-11.0
-148.0,,-424.0,308.0,95.0,832.0,375.0,-443.0,220.0,23.0
-171.0,,-395.0,386.0,108.0,812.0,380.0,-345.0,212.0,15.0
-178.0,,-379.0,435.0,111.0,843.0,420.0,-506.0,208.0,16.0
-171.0,,-331.0,463.0,134.0,811.0,442.0,-203.0,196.0,20.0
-179.0,,-334.0,474.0,158.0,828.0,437.0,-563.0,156.0,-6.0
-194.0,,-342.0,470.0,149.0,799.0,470.0,-389.0,120.0,-32.0
-218.0,,-323.0,432.0,128.0,731.0,458.0,-574.0,91.0,-57.0
-208.0,,-354.0,380.0,139.0,772.0,453.0,-681.0,48.0,-77.0
-177.0,,-334.0,344.0,155.0,733.0,458.0,-461.0,31.0,-53.0
-193.0,,-331.0,328.0,138.0,709.0,487.0,-692.0,30.0,-24.0
-208.0,,-335.0,308.0,70.0,729.0,517.0,-290.0,30.0,6.0
-173.0,,-286.0,274.0,-14.0,709.0,532.0,-482.0,31.0,98.0
-122.0,,-279.0,230.0,-85.0,722.0,593.0,-343.0,4.0,210.0
-113.0,,-234.0,216.0,-141.0,659.0,608.0,-317.0,-31.0,318.0
-119.0,,-174.0,228.0,-176.0,578.0,640.0,-467.0,-82.0,430.0
-81.0,,-117.0,209.0,-173.0,596.0,690.0,-171.0,-136.0,550.0
-3.0,,-42.0,167.0,-124.0,620.0,710.0,-476.0,-198.0,643.0
30.0,,2.0,148.0,-50.0,592.0,704.0,-175.0,-262.0,708.0
52.0,,52.0,110.0,15.0,560.0,668.0,-362.0,-315.0,756.0
144.0,,112.0,9.0,41.0,496.0,634.0,-406.0,-369.0,749.0
213.0,,148.0,-70.0,15.0,461.0,599.0,-303.0,-407.0,705.0
242.0,,172.0,-92.0,-61.0,456.0,620.0,-626.0,-436.0,639.0
276.0,,186.0,-114.0,-148.0,410.0,650.0,-345.0,-445.0,568.0
342.0,,176.0,-141.0,-186.0,406.0,657.0,-628.0,-452.0,491.0
415.0,,166.0,-162.0,-179.0,368.0,678.0,-402.0,-452.0,413.0
438.0,,144.0,-179.0,-159.0,296.0,723.0,-399.0,-438.0,363.0
476.0,,105.0,-187.0,-138.0,262.0,765.0,-476.0,-423.0,339.0
537.0,,94.0,-170.0,-111.0,175.0,741.0,-225.0,-406.0,354.0
564.0,,62.0,-116.0,-95.0,137.0,737.0,-574.0,-403.0,422.0
564.0,,31.0,-22.0,-92.0,177.0,744.0,-275.0,-388.0,497.0
570.0,,21.0,71.0,-71.0,112.0,701.0,-497.0,-368.0,561.0
587.0,,-29.0,134.0,-10.0,98.0,651.0,-469.0,-358.0,654.0
579.0,,-46.0,194.0,71.0,75.0,642.0,-408.0,-345.0,748.0
545.0,,-64.0,256.0,134.0,-41.0,668.0,-663.0,-323.0,845.0
530.0,,-105.0,303.0,170.0,-27.0,620.0,-393.0,-296.0,943.0
533.0,,-105.0,338.0,179.0,-27.0,573.0,-731.0,-271.0,1003.0
518.0,,-125.0,366.0,185.0,-59.0,590.0,-506.0,-251.0,1051.0
470.0,,-139.0,373.0,177.0,-68.0,592.0,-615.0,-217.0,1052.0
433.0,,-163.0,364.0,138.0,-129.0,586.0,-628.0,-187.0,984.0
421.0,,-201.0,343.0,103.0,-133.0,579.0,-352.0,-166.0,900.0
394.0,,-220.0,303.0,92.0,-66.0,592.0,-657.0,-127.0,797.0
337.0,,-289.0,269.0,92.0,-83.0,604.0,-380.0,-91.0,657.0
275.0,,-349.0,235.0,81.0,-134.0,605.0,-665.0,-55.0,505.0
233.0,,-407.0,211.0,50.0,-144.0,641.0,-509.0,-6.0,386.0
201.0,,-484.0,217.0,17.0,-184.0,691.0,-399.0,55.0,286.0
157.0,,-527.0,248.0,-7.0,-138.0,710.0,-497.0,124.0,197.0
107.0,,-574.0,297.0,-12.0,-157.0,719.0,-134.0,196.0,176.0
70.0,,-603.0,314.0,8.0,-234.0,721.0,-476.0,257.0,216.0
33.0,,-594.0,295.0,43.0,-211.0,707.0,-319.0,310.0,316.0
-30.0,,-581.0,302.0,75.0,-265.0,720.0,-563.0,353.0,441.0
-102.0,,-572.0,340.0,115.0,-306.0,752.0,-576.0,378.0,592.0
-137.0,,-519.0,387.0,177.0,-320.0,738.0,-351.0,423.0,788.0
-158.0,,-449.0,455.0,227.0,-325.0,699.0,-495.0,443.0,996.0
-204.0,,-379.0,565.0,244.0,-262.0,698.0,-86.0,433.0,1210.0
-228.0,,-301.0,672.0,222.0,-293.0,679.0,-378.0,423.0,1405.0
-232.0,,-243.0,734.0,145.0,-360.0,627.0,-247.0,374.0,1538.0
-255.0,,-152.0,788.0,31.0,-340.0,618.0,-288.0,316.0,1629.0
-281.0,,-98.0,836.0,-76.0,-357.0,627.0,-369.0,235.0,1710.0
-289.0,,-66.0,846.0,-144.0,-407.0,603.0,-49.0,156.0,1704.0
-263.0,,-7.0,823.0,-158.0,-384.0,571.0,-327.0,113.0,1610.0
-243.0,,8.0,773.0,-99.0,-378.0,568.0,-12.0,60.0,1531.0
-239.0,,18.0,689.0,-9.0,-403.0,585.0,-197.0,40.0,1457.0
-208.0,,20.0,571.0,54.0,-420.0,565.0,-175.0,30.0,1307.0
-148.0,,9.0,448.0,65.0,-436.0,574.0,-107.0,-6.0,1174.0
-77.0,,29.0,329.0,8.0,-342.0,601.0,-380.0,-19.0,1121.0
-22.0,,22.0,221.0,-88.0,-317.0,567.0,-129.0,-14.0,1026.0
41.0,,1.0,148.0,-179.0,-415.0,543.0,-465.0,-8.0,917.0
133.0,,21.0,93.0,-239.0,-378.0,509.0,-225.0,14.0,863.0
192.0,,8.0,92.0,-260.0,-310.0,490.0,-236.0,30.0,809.0
227.0,,-3.0,143.0,-234.0,-266.0,459.0,-227.0,30.0,767.0
283.0,,0.0,186.0,-165.0,-274.0,389.0,24.0,39.0,766.0
340.0,,-20.0,253.0,-71.0,-410.0,359.0,-290.0,39.0,725.0
377.0,,-13.0,294.0,28.0,-411.0,310.0,88.0,13.0,697.0
397.0,,-11.0,269.0,95.0,-327.0,275.0,-116.0,-42.0,733.0
441.0,,-26.0,238.0,92.0,-357.0,258.0,31.0,-111.0,786.0
487.0,,-17.0,244.0,13.0,-363.0,237.0,131.0,-196.0,872.0
494.0,,-19.0,259.0,-109.0,-392.0,219.0,-42.0,-290.0,1004.0
505.0,,-47.0,265.0,-194.0,-384.0,187.0,275.0,-365.0,1222.0
514.0,,-57.0,291.0,-221.0,-303.0,174.0,-84.0,-442.0,1437.0
520.0,,-85.0,334.0,-231.0,-350.0,157.0,109.0,-485.0,1627.0
507.0,,-113.0,384.0,-234.0,-331.0,169.0,-84.0,-510.0,1834.0
489.0,,-120.0,449.0,-243.0,-304.0,170.0,-147.0,-508.0,1996.0
502.0,,-174.0,513.0,-233.0,-370.0,166.0,9.0,-477.0,2063.0
491.0,,-200.0,574.0,-155.0,-356.0,191.0,-230.0,-443.0,2067.0
460.0,,-209.0,617.0,-9.0,-399.0,199.0,166.0,-385.0,2076.0
418.0,,-238.0,618.0,172.0,-429.0,203.0,1.0,-329.0,2006.0
382.0,,-231.0,579.0,350.0,-421.0,188.0,249.0,-257.0,1858.0
344.0,,-222.0,518.0,482.0,-535.0,207.0,262.0,-195.0,1711.0
273.0,,-199.0,446.0,524.0,-546.0,202.0,92.0,-173.0,1550.0
211.0,,-178.0,379.0,473.0,-483.0,156.0,330.0,-160.0,1364.0
171.0,,-184.0,304.0,360.0,-508.0,121.0,-14.0,-161.0,1167.0
118.0,,-151.0,222.0,220.0,-488.0,98.0,251.0,-161.0,982.0
42.0,,-136.0,167.0,70.0,-480.0,95.0,105.0,-163.0,824.0
-12.0,,-143.0,134.0,-80.0,-486.0,60.0,129.0,-183.0,723.0
-25.0,,-120.0,97.0,-201.0,-453.0,15.0,240.0,-197.0,627.0
-49.0,,-105.0,86.0,-283.0,-467.0,-18.0,-14.0,-198.0,518.0
-112.0,,-78.0,105.0,-329.0,-494.0,-59.0,310.0,-208.0,443.0
-155.0,,-57.0,131.0,-331.0,-520.0,-87.0,1.0,-234.0,362.0
-148.0,,-47.0,177.0,-286.0,-598.0,-84.0,158.0,-251.0,269.0
-143.0,,-14.0,256.0,-226.0,-627.0,-73.0,105.0,-246.0,187.0
-186.0,,16.0,324.0,-194.0,-606.0,-79.0,-16.0,-240.0,120.0
-217.0,,23.0,337.0,-161.0,-619.0,-65.0,271.0,-214.0,97.0
-193.0,,45.0,331.0,-93.0,-567.0,-46.0,96.0,-166.0,76.0
-198.0,,80.0,340.0,-10.0,-568.0,-42.0,519.0,-115.0,63.0
-237.0,,97.0,349.0,46.0,-559.0,-45.0,349.0,-73.0,58.0
-256.0,,136.0,346.0,64.0,-503.0,-60.0,404.0,-41.0,47.0
-246.0,,154.0,339.0,95.0,-577.0,-107.0,419.0,-6.0,77.0
-260.0,,159.0,318.0,135.0,-582.0,-124.0,83.0,6.0,78.0
-305.0,,179.0,314.0,130.0,-516.0,-75.0,334.0,7.0,90.0
-326.0,,164.0,333.0,70.0,-540.0,-52.0,24.0,3.0,138.0
-317.0,,158.0,327.0,-27.0,-582.0,-71.0,299.0,-12.0,161.0
-305.0,,139.0,330.0,-99.0,-628.0,-85.0,275.0,-30.0,189.0
-330.0,,133.0,347.0,-95.0,-688.0,-109.0,223.0,-42.0,200.0
-349.0,,125.0,325.0,-25.0,-596.0,-122.0,395.0,-51.0,216.0
-326.0,,90.0,290.0,59.0,-560.0,-92.0,64.0,-59.0,203.0
-293.0,,85.0,297.0,99.0,-659.0,-74.0,395.0,-57.0,134.0
-299.0,,61.0,328.0,59.0,-671.0,-89.0,216.0,-62.0,76.0
-310.0,,25.0,351.0,-16.0,-730.0,-103.0,358.0,-62.0,38.0
-282.0,,10.0,357.0,-45.0,-710.0,-45.0,424.0,-53.0,15.0
-261.0,,-4.0,378.0,-28.0,-667.0,22.0,192.0,-40.0,-15.0
-270.0,,-18.0,436.0,5.0,-769.0,26.0,356.0,-12.0,-12.0
-292.0,,-17.0,503.0,46.0,-776.0,51.0,-20.0,-4.0,41.0
-268.0,,-39.0,557.0,63.0,-682.0,89.0,225.0,-6.0,105.0
-236.0,,-24.0,622.0,60.0,-643.0,110.0,94.0,-16.0,161.0
-237.0,,4.0,682.0,58.0,-626.0,119.0,64.0,-59.0,203.0
-266.0,,-26.0,680.0,44.0,-655.0,130.0,254.0,-107.0,237.0
-284.0,,6.0,640.0,7.0,-665.0,130.0,-3.0,-185.0,235.0
-260.0,,24.0,606.0,-37.0,-631.0,116.0,341.0,-279.0,209.0
-273.0,,0.0,545.0,-64.0,-744.0,133.0,90.0,-355.0,175.0
-315.0,,19.0,446.0,-39.0,-740.0,148.0,195.0,-439.0,148.0
-328.0,,8.0,346.0,56.0,-628.0,154.0,147.0,-504.0,143.0
-315.0,,-7.0,257.0,205.0,-669.0,172.0,-64.0,-530.0,168.0
-345.0,,-8.0,167.0,325.0,-692.0,197.0,188.0,-551.0,203.0
-401.0,,-33.0,66.0,330.0,-680.0,224.0,-133.0,-579.0,240.0
-401.0,,-47.0,-10.0,232.0,-591.0,191.0,133.0,-593.0,308.0
-388.0,,-65.0,-34.0,128.0,-550.0,160.0,-24.0,-575.0,366.0
-423.0,,-83.0,-40.0,70.0,-684.0,182.0,-60.0,-546.0,412.0
-480.0,,-92.0,-34.0,61.0,-680.0,166.0,35.0,-503.0,452.0
-494.0,,-124.0,5.0,73.0,-548.0,138.0,-238.0,-448.0,468.0
-471.0,,-137.0,64.0,64.0,-525.0,127.0,83.0,-398.0,488.0
-464.0,,-160.0,123.0,15.0,-536.0,87.0,-194.0,-347.0,480.0
-495.0,,-203.0,183.0,-64.0,-542.0,49.0,-29.0,-303.0,444.0
-494.0,,-218.0,245.0,-135.0,-557.0,41.0,-27.0,-266.0,417.0
-452.0,,-248.0,290.0,-198.0,-516.0,33.0,-107.0,-218.0,376.0
-456.0,,-282.0,324.0,-256.0,-518.0,12.0,205.0,-162.0,340.0
-490.0,,-277.0,350.0,-277.0,-509.0,-6.0,-31.0,-129.0,345.0
-478.0,,-309.0,341.0,-235.0,-448.0,27.0,249.0,-93.0,354.0
-402.0,,-326.0,314.0,-139.0,-524.0,79.0,-22.0,-55.0,374.0
-357.0,,-301.0,288.0,-7.0,-559.0,96.0,-51.0,-36.0,437.0
-330.0,,-326.0,252.0,115.0,-548.0,107.0,-3.0,-23.0,496.0
-269.0,,-330.0,212.0,167.0,-594.0,129.0,-234.0,-31.0,552.0
-212.0,,-333.0,184.0,148.0,-587.0,148.0,175.0,-44.0,592.0
-187.0,,-336.0,168.0,108.0,-623.0,138.0,-38.0,-63.0,601.0
-188.0,,-317.0,124.0,85.0,-626.0,116.0,127.0,-89.0,615.0
-149.0,,-316.0,79.0,66.0,-594.0,84.0,-31.0,-78.0,636.0
-79.0,,-292.0,94.0,56.0,-689.0,84.0,-155.0,-53.0,673.0
-48.0,,-270.0,145.0,65.0,-820.0,93.0,84.0,-23.0,702.0
-22.0,,-242.0,210.0,101.0,-836.0,91.0,-145.0,22.0,715.0
46.0,,-187.0,269.0,169.0,-816.0,96.0,225.0,58.0,729.0
136.0,,-137.0,325.0,237.0,-830.0,88.0,-3.0,102.0,725.0
154.0,,-71.0,385.0,293.0,-891.0,101.0,99.0,154.0,666.0
113.0,,1.0,412.0,308.0,-996.0,84.0,199.0,193.0,583.0
128.0,,34.0,402.0,259.0,-980.0,67.0,-25.0,218.0,506.0
169.0,,68.0,386.0,174.0,-984.0,110.0,206.0,235.0,402.0
172.0,,111.0,369.0,84.0,-1089.0,146.0,-206.0,249.0,306.0
141.0,,102.0,344.0,11.0,-1120.0,105.0,-48.0,233.0,209.0
141.0,,115.0,344.0,-27.0,-1121.0,84.0,-188.0,218.0,125.0
182.0,,127.0,352.0,-44.0,-1136.0,99.0,-168.0,227.0,83.0
166.0,,124.0,355.0,-55.0,-1184.0,102.0,157.0,223.0,56.0
123.0,,156.0,356.0,-70.0,-1220.0,120.0,-83.0,206.0,50.0
97.0,,166.0,346.0,-84.0,-1164.0,109.0,197.0,188.0,123.0
99.0,,170.0,348.0,-50.0,-1164.0,99.0,-136.0,162.0,233.0
96.0,,211.0,360.0,67.0,-1263.0,100.0,-62.0,129.0,306.0
66.0,,227.0,377.0,223.0,-1316.0,113.0,-16.0,86.0,369.0
54.0,,238.0,409.0,302.0,-1289.0,102.0,-153.0,44.0,435.0
38.0,,282.0,470.0,296.0,-1203.0,59.0,151.0,7.0,475.0
8.0,,268.0,532.0,260.0,-1221.0,36.0,-153.0,-21.0,514.0
-34.0,,283.0,587.0,218.0,-1305.0,30.0,116.0,-39.0,565.0
-57.0,,314.0,660.0,172.0,-1220.0,36.0,-68.0,-55.0,584.0
-80.0,,297.0,686.0,107.0,-1188.0,-1.0,-112.0,-59.0,574.0
-118.0,,314.0,664.0,60.0,-1291.0,-42.0,42.0,-57.0,530.0
-134.0,,307.0,621.0,20.0,-1297.0,-51.0,-206.0,-47.0,442.0
-143.0,,296.0,556.0,-23.0,-1264.0,-52.0,131.0,-42.0,346.0
-146.0,,284.0,472.0,-40.0,-1246.0,-74.0,-158.0,-35.0,255.0
-174.0,,243.0,365.0,-56.0,-1244.0,-110.0,35.0,-26.0,155.0
-201.0,,224.0,283.0,-100.0,-1340.0,-157.0,53.0,-41.0,62.0
-221.0,,192.0,216.0,-137.0,-1346.0,-183.0,-97.0,-60.0,-16.0
-244.0,,139.0,156.0,-136.0,-1296.0,-154.0,151.0,-94.0,-98.0
-277.0,,106.0,149.0,-141.0,-1371.0,-159.0,-201.0,-143.0,-157.0
-338.0,,78.0,173.0,-173.0,-1358.0,-179.0,25.0,-202.0,-211.0
-380.0,,13.0,172.0,-215.0,-1351.0,-188.0,-190.0,-265.0,-237.0
-400.0,,0.0,184.0,-246.0,-1371.0,-195.0,-118.0,-308.0,-233.0
-406.0,,-16.0,257.0,-247.0,-1289.0,-178.0,55.0,-342.0,-230.0
-424.0,,-37.0,319.0,-224.0,-1346.0,-174.0,-179.0,-371.0,-205.0
-431.0,,-12.0,358.0,-222.0,-1395.0,-163.0,112.0,-394.0,-162.0
-392.0,,-21.0,405.0,-219.0,-1289.0,-129.0,-253.0,-398.0,-113.0
-381.0,,13.0,449.0,-139.0,-1261.0,-90.0,-103.0,-391.0,-84.0
-398.0,,57.0,470.0,-15.0,-1247.0,-79.0,-164.0,-379.0,-87.0
-402.0,,74.0,484.0,46.0,-1170.0,-126.0,-314.0,-345.0,-108.0
-384.0,,116.0,512.0,45.0,-1080.0,-173.0,-112.0,-305.0,-136.0
-374.0,,149.0,523.0,28.0,-994.0,-180.0,-382.0,-261.0,-197.0
-399.0,,176.0,505.0,-7.0,-993.0,-177.0,-16.0,-226.0,-294.0
-415.0,,202.0,494.0,-42.0,-972.0,-194.0,-212.0,-196.0,-396.0
-386.0,,194.0,513.0,-83.0,-872.0,-210.0,-175.0,-174.0,-509.0
-387.0,,187.0,524.0,-117.0,-838.0,-222.0,-169.0,-164.0,-606.0
-418.0,,186.0,498.0,-144.0,-845.0,-232.0,-493.0,-143.0,-677.0
-439.0,,159.0,461.0,-180.0,-803.0,-212.0,-238.0,-134.0,-709.0
-430.0,,140.0,448.0,-239.0,-793.0,-154.0,-528.0,-121.0,-687.0
-432.0,,120.0,428.0,-342.0,-732.0,-90.0,-234.0,-96.0,-625.0
-496.0,,106.0,392.0,-395.0,-674.0,-87.0,-254.0,-76.0,-526.0
-534.0,,105.0,363.0,-380.0,-722.0,-98.0,-290.0,-57.0,-442.0
-581.0,,93.0,338.0,-356.0,-650.0,-85.0,-123.0,-39.0,-369.0
-640.0,,92.0,342.0,-321.0,-582.0,-98.0,-465.0,-3.0,-330.0
-683.0,,102.0,351.0,-252.0,-599.0,-110.0,-181.0,40.0,-338.0
-708.0,,84.0,339.0,-148.0,-629.0,-135.0,-473.0,70.0,-342.0
-682.0,,96.0,364.0,-52.0,-667.0,-162.0,-367.0,105.0,-349.0
-646.0,,114.0,404.0,26.0,-569.0,-193.0,-304.0,165.0,-366.0
-588.0,,108.0,420.0,61.0,-482.0,-217.0,-434.0,226.0,-390.0
-506.0,,143.0,437.0,56.0,-459.0,-190.0,-134.0,299.0,-380.0
-414.0,,136.0,442.0,51.0,-399.0,-164.0,-467.0,366.0,-364.0
-337.0,,147.0,439.0,75.0,-361.0,-175.0,-186.0,429.0,-355.0
-267.0,,190.0,453.0,110.0,-363.0,-191.0,-399.0,512.0,-343.0
-180.0,,181.0,467.0,73.0,-369.0,-131.0,-487.0,568.0,-369.0
-87.0,,202.0,462.0,-25.0,-340.0,-72.0,-365.0,597.0,-406.0
-15.0,,211.0,453.0,-87.0,-271.0,-84.0,-622.0,606.0,-432.0
28.0,,212.0,450.0,-75.0,-242.0,-74.0,-225.0,602.0,-466.0
90.0,,235.0,447.0,-33.0,-281.0,-38.0,-437.0,573.0,-472.0
136.0,,233.0,460.0,-21.0,-237.0,-17.0,-227.0,519.0,-434.0
147.0,,249.0,501.0,-54.0,-220.0,-36.0,-245.0,472.0,-386.0
160.0,,270.0,543.0,-72.0,-329.0,-56.0,-397.0,418.0,-326.0
165.0,,260.0,563.0,-54.0,-309.0,-47.0,-173.0,367.0,-260.0
162.0,,268.0,574.0,-29.0,-238.0,-56.0,-484.0,312.0,-215.0
137.0,,274.0,602.0,-29.0,-234.0,-74.0,-184.0,254.0,-224.0
103.0,,264.0,630.0,-62.0,-286.0,-77.0,-393.0,205.0,-275.0
110.0,,262.0,631.0,-63.0,-379.0,-81.0,-341.0,137.0,-351.0
112.0,,240.0,636.0,-23.0,-310.0,-56.0,-210.0,70.0,-457.0
72.0,,216.0,641.0,2.0,-233.0,-49.0,-391.0,15.0,-552.0
20.0,,191.0,636.0,14.0,-346.0,-53.0,-84.0,-22.0,-656.0
2.0,,171.0,582.0,52.0,-419.0,-36.0,-460.0,-29.0,-778.0
7.0,,147.0,522.0,117.0,-346.0,-57.0,-310.0,-25.0,-878.0
-16.0,,122.0,483.0,158.0,-254.0,-60.0,-395.0,-6.0,-961.0
-58.0,,113.0,407.0,151.0,-213.0,-85.0,-445.0,35.0,-1007.0
-32.0,,107.0,362.0,126.0,-233.0,-112.0,-214.0,80.0,-1002.0
14.0,,93.0,354.0,139.0,-214.0,-118.0,-530.0,127.0,-961.0
8.0,,58.0,348.0,214.0,-80.0,-175.0,-214.0,201.0,-876.0
11.0,,44.0,316.0,330.0,-8.0,-196.0,-441.0,268.0,-767.0
39.0,,14.0,260.0,407.0,-4.0,-183.0,-362.0,341.0,-657.0
53.0,,-30.0,207.0,409.0,35.0,-179.0,-338.0,421.0,-525.0
40.0,,-50.0,119.0,363.0,90.0,-179.0,-567.0,463.0,-393.0
45.0,,-83.0,32.0,304.0,151.0,-170.0,-273.0,495.0,-283.0
81.0,,-114.0,-6.0,247.0,107.0,-121.0,-565.0,488.0,-157.0
104.0,,-148.0,-1.0,181.0,83.0,-71.0,-273.0,448.0,-17.0
131.0,,-207.0,37.0,111.0,173.0,-43.0,-371.0,403.0,118.0
175.0,,-252.0,71.0,61.0,177.0,0.0,-393.0,350.0,254.0
242.0,,-286.0,87.0,41.0,128.0,57.0,-219.0,300.0,367.0
297.0,,-332.0,128.0,42.0,92.0,91.0,-556.0,242.0,447.0
315.0,,-371.0,200.0,46.0,90.0,115.0,-260.0,215.0,501.0
317.0,,-394.0,276.0,6.0,135.0,120.0,-509.0,190.0,520.0
323.0,,-382.0,349.0,-42.0,63.0,88.0,-327.0,146.0,521.0
333.0,,-392.0,390.0,-14.0,-3.0,96.0,-275.0,116.0,486.0
314.0,,-405.0,439.0,68.0,93.0,160.0,-378.0,64.0,424.0
262.0,,-378.0,489.0,133.0,137.0,193.0,-48.0,9.0,349.0
209.0,,-389.0,477.0,142.0,115.0,175.0,-354.0,-38.0,273.0
175.0,,-376.0,458.0,116.0,100.0,172.0,-99.0,-91.0,219.0
149.0,,-345.0,439.0,65.0,89.0,204.0,-341.0,-144.0,182.0
102.0,,-317.0,384.0,4.0,164.0,205.0,-365.0,-193.0,150.0
59.0,,-260.0,316.0,-31.0,202.0,173.0,-188.0,-222.0,138.0
49.0,,-243.0,251.0,-21.0,158.0,155.0,-371.0,-241.0,160.0
23.0,,-209.0,179.0,34.0,226.0,168.0,64.0,-247.0,192.0
-11.0,,-168.0,98.0,116.0,345.0,180.0,-97.0,-235.0,214.0
-31.0,,-162.0,48.0,220.0,406.0,202.0,140.0,-211.0,188.0
-57.0,,-114.0,55.0,320.0,423.0,229.0,60.0,-195.0,127.0
-94.0,,-92.0,81.0,371.0,451.0,230.0,-125.0,-171.0,72.0
-128.0,,-67.0,110.0,345.0,564.0,266.0,77.0,-158.0,21.0
-146.0,,-4.0,137.0,260.0,556.0,292.0,-212.0,-143.0,-22.0
-167.0,,25.0,182.0,168.0,440.0,235.0,133.0,-103.0,-38.0
-201.0,,55.0,259.0,99.0,431.0,168.0,-57.0,-75.0,-22.0
-255.0,,112.0,341.0,51.0,420.0,166.0,16.0,-40.0,42.0
-279.0,,156.0,428.0,10.0,338.0,179.0,77.0,-1.0,121.0
-291.0,,180.0,528.0,0.0,309.0,157.0,-260.0,23.0,188.0
-345.0,,242.0,624.0,32.0,315.0,134.0,25.0,48.0,250.0
-372.0,,276.0,703.0,64.0,358.0,155.0,-199.0,67.0,258.0
-346.0,,310.0,754.0,64.0,450.0,180.0,110.0,73.0,247.0
-326.0,,348.0,751.0,4.0,413.0,192.0,72.0,64.0,233.0
-337.0,,341.0,707.0,-65.0,444.0,225.0,-14.0,50.0,186.0
-345.0,,375.0,653.0,-74.0,582.0,235.0,223.0,8.0,123.0
-332.0,,374.0,584.0,-24.0,574.0,289.0,-68.0,-39.0,58.0
-334.0,,368.0,500.0,51.0,499.0,311.0,197.0,-91.0,0.0
-346.0,,379.0,402.0,86.0,452.0,275.0,-88.0,-163.0,-47.0
-349.0,,371.0,329.0,47.0,509.0,301.0,7.0,-232.0,-104.0
-346.0,,394.0,321.0,-69.0,548.0,339.0,81.0,-300.0,-149.0
-320.0,,390.0,332.0,-227.0,517.0,389.0,-81.0,-360.0,-195.0
-272.0,,377.0,345.0,-330.0,563.0,400.0,249.0,-390.0,-256.0
-221.0,,385.0,352.0,-353.0,646.0,395.0,-31.0,-383.0,-309.0
-216.0,,387.0,362.0,-306.0,682.0,388.0,271.0,-338.0,-395.0
-214.0,,387.0,397.0,-228.0,669.0,385.0,123.0,-251.0,-484.0
-186.0,,398.0,417.0,-156.0,719.0,423.0,51.0,-131.0,-589.0
-196.0,,396.0,435.0,-102.0,804.0,428.0,232.0,5.0,-702.0
-217.0,,391.0,456.0,-112.0,837.0,424.0,-68.0,143.0,-804.0
-200.0,,382.0,442.0,-190.0,775.0,412.0,247.0,255.0,-893.0
-165.0,,336.0,415.0,-296.0,701.0,444.0,0.0,345.0,-930.0
-155.0,,295.0,396.0,-365.0,685.0,498.0,157.0,409.0,-920.0
-143.0,,250.0,381.0,-361.0,626.0,450.0,195.0,451.0,-862.0
-87.0,,185.0,375.0,-250.0,603.0,378.0,44.0,476.0,-775.0
-29.0,,138.0,371.0,-52.0,601.0,373.0,321.0,475.0,-665.0
-7.0,,96.0,325.0,97.0,600.0,410.0,20.0,482.0,-566.0
6.0,,65.0,227.0,151.0,667.0,406.0,325.0,484.0,-478.0
49.0,,31.0,102.0,142.0,713.0,369.0,177.0,464.0,-427.0
81.0,,-1.0,-3.0,107.0,770.0,328.0,214.0,433.0,-415.0
101.0,,-20.0,-79.0,74.0,888.0,290.0,448.0,389.0,-431.0
113.0,,-37.0,-161.0,27.0,967.0,292.0,279.0,327.0,-516.0
132.0,,-44.0,-240.0,-54.0,964.0,278.0,626.0,261.0,-557.0
144.0,,-57.0,-289.0,-157.0,955.0,261.0,297.0,204.0,-580.0
137.0,,-54.0,-335.0,-224.0,916.0,255.0,402.0,148.0,-597.0
135.0,,-57.0,-360.0,-224.0,846.0,266.0,271.0,116.0,-568.0
126.0,,-58.0,-344.0,-197.0,783.0,289.0,109.0,81.0,-517.0
140.0,,-51.0,-318.0,-240.0,671.0,266.0,397.0,36.0,-427.0
170.0,,-50.0,-273.0,-340.0,575.0,255.0,94.0,8.0,-320.0
203.0,,-34.0,-200.0,-381.0,582.0,264.0,423.0,-20.0,-212.0
216.0,,-46.0,-100.0,-300.0,651.0,261.0,238.0,-52.0,-104.0
233.0,,-37.0,10.0,-120.0,670.0,253.0,269.0,-85.0,1.0
276.0,,-26.0,105.0,58.0,573.0,275.0,362.0,-93.0,67.0
298.0,,-37.0,193.0,150.0,544.0,266.0,86.0,-94.0,115.0
308.0,,-12.0,250.0,125.0,668.0,191.0,400.0,-101.0,178.0
318.0,,-6.0,272.0,-10.0,699.0,207.0,123.0,-95.0,212.0
367.0,,2.0,264.0,-185.0,626.0,224.0,363.0,-100.0,208.0
411.0,,33.0,218.0,-330.0,604.0,179.0,330.0,-99.0,196.0
406.0,,49.0,139.0,-394.0,632.0,163.0,234.0,-82.0,170.0
413.0,,69.0,86.0,-371.0,695.0,174.0,413.0,-65.0,125.0
451.0,,96.0,91.0,-280.0,701.0,177.0,81.0,-41.0,91.0
474.0,,117.0,107.0,-139.0,724.0,130.0,363.0,0.0,-8.0
484.0,,134.0,138.0,11.0,765.0,110.0,121.0,60.0,-142.0
531.0,,145.0,193.0,140.0,684.0,127.0,247.0,118.0,-254.0
597.0,,144.0,263.0,211.0,684.0,132.0,373.0,162.0,-372.0
643.0,,162.0,345.0,245.0,773.0,135.0,227.0,191.0,-449.0
669.0,,165.0,391.0,278.0,698.0,141.0,550.0,201.0,-520.0
724.0,,164.0,411.0,314.0,621.0,123.0,203.0,198.0,-555.0
767.0,,179.0,414.0,342.0,667.0,68.0,415.0,188.0,-549.0
758.0,,187.0,412.0,313.0,704.0,33.0,288.0,187.0,-550.0
737.0,,220.0,439.0,190.0,721.0,29.0,242.0,185.0,-548.0
711.0,,227.0,481.0,33.0,658.0,29.0,478.0,180.0,-562.0
686.0,,221.0,515.0,-60.0,639.0,9.0,236.0,169.0,-590.0
628.0,,218.0,539.0,-106.0,733.0,4.0,559.0,141.0,-626.0
536.0,,191.0,566.0,-154.0,716.0,11.0,299.0,114.0,-638.0
448.0,,167.0,589.0,-219.0,632.0,-24.0,421.0,80.0,-656.0
383.0,,146.0,590.0,-254.0,659.0,-75.0,437.0,44.0,-659.0
322.0,,118.0,569.0,-241.0,700.0,-95.0,312.0,20.0,-637.0
222.0,,117.0,568.0,-204.0,685.0,-102.0,593.0,-5.0,-642.0
148.0,,116.0,577.0,-147.0,651.0,-124.0,258.0,-14.0,-625.0
150.0,,87.0,584.0,-86.0,622.0,-128.0,570.0,-4.0,-583.0
145.0,,107.0,614.0,14.0,703.0,-161.0,484.0,11.0,-536.0
71.0,,137.0,646.0,145.0,734.0,-173.0,543.0,22.0,-505.0
14.0,,182.0,670.0,268.0,732.0,-116.0,685.0,41.0,-467.0
14.0,,262.0,685.0,375.0,781.0,-100.0,367.0,80.0,-387.0
-1.0,,342.0,705.0,462.0,823.0,-113.0,594.0,98.0,-321.0
-63.0,,444.0,740.0,515.0,873.0,-131.0,243.0,119.0,-293.0
-119.0,,505.0,763.0,506.0,797.0,-151.0,421.0,132.0,-262.0
-123.0,,557.0,786.0,432.0,736.0,-180.0,443.0,139.0,-239.0
-135.0,,613.0,785.0,311.0,761.0,-176.0,441.0,165.0,-245.0
-213.0,,608.0,747.0,183.0,719.0,-149.0,820.0,179.0,-238.0
-298.0,,627.0,726.0,66.0,605.0,-146.0,567.0,205.0,-215.0
-303.0,,648.0,716.0,-48.0,568.0,-113.0,877.0,229.0,-183.0
-297.0,,648.0,736.0,-161.0,629.0,-88.0,689.0,253.0,-107.0
-355.0,,664.0,777.0,-260.0,640.0,-62.0,742.0,292.0,-29.0
-394.0,,640.0,789.0,-291.0,580.0,-51.0,803.0,298.0,61.0
-390.0,,604.0,796.0,-205.0,528.0,-45.0,509.0,302.0,158.0
-365.0,,573.0,793.0,-59.0,592.0,1.0,811.0,295.0,224.0
-362.0,,513.0,778.0,30.0,641.0,15.0,533.0,279.0,288.0
-371.0,,449.0,716.0,0.0,602.0,-16.0,805.0,260.0,309.0
-344.0,,380.0,627.0,-112.0,556.0,-47.0,809.0,228.0,313.0
-295.0,,291.0,593.0,-177.0,578.0,-21.0,770.0,199.0,300.0
-249.0,,221.0,563.0,-180.0,696.0,-21.0,986.0,160.0,254.0
-239.0,,158.0,541.0,-206.0,657.0,-95.0,681.0,126.0,204.0
-220.0,,82.0,539.0,-266.0,542.0,-126.0,995.0,101.0,133.0
-185.0,,51.0,499.0,-291.0,605.0,-116.0,779.0,79.0,55.0
-164.0,,0.0,458.0,-220.0,663.0,-114.0,938.0,60.0,-4.0
-171.0,,-58.0,426.0,-74.0,628.0,-124.0,1016.0,66.0,-32.0
-144.0,,-84.0,372.0,70.0,569.0,-127.0,818.0,86.0,-61.0
-85.0,,-124.0,324.0,162.0,555.0,-124.0,1112.0,93.0,-76.0
-80.0,,-144.0,289.0,196.0,600.0,-142.0,772.0,127.0,-79.0
-106.0,,-166.0,276.0,187.0,492.0,-161.0,1008.0,167.0,-113.0
-107.0,,-172.0,275.0,175.0,346.0,-176.0,872.0,198.0,-137.0
-58.0,,-183.0,262.0,167.0,423.0,-210.0,901.0,247.0,-176.0
-60.0,,-195.0,272.0,155.0,492.0,-260.0,1132.0,307.0,-247.0
-87.0,,-175.0,298.0,119.0,482.0,-293.0,842.0,367.0,-332.0
-46.0,,-174.0,317.0,45.0,487.0,-307.0,1167.0,412.0,-427.0
31.0,,-167.0,318.0,-43.0,478.0,-333.0,905.0,465.0,-517.0
90.0,,-163.0,358.0,-92.0,535.0,-357.0,1056.0,517.0,-578.0
102.0,,-151.0,423.0,-90.0,531.0,-375.0,1001.0,556.0,-624.0
156.0,,-140.0,425.0,-114.0,391.0,-368.0,779.0,605.0,-667.0
230.0,,-131.0,404.0,-185.0,329.0,-354.0,1036.0,633.0,-663.0
276.0,,-116.0,369.0,-239.0,312.0,-359.0,694.0,663.0,-663.0
309.0,,-120.0,323.0,-234.0,252.0,-348.0,986.0,681.0,-648.0
355.0,,-98.0,267.0,-190.0,228.0,-334.0,820.0,668.0,-597.0
422.0,,-88.0,197.0,-167.0,254.0,-311.0,827.0,625.0,-568.0
455.0,,-74.0,134.0,-171.0,371.0,-271.0,931.0,551.0,-555.0
443.0,,-52.0,32.0,-154.0,437.0,-256.0,611.0,443.0,-522.0
438.0,,-81.0,-62.0,-102.0,375.0,-267.0,899.0,316.0,-497.0
455.0,,-94.0,-122.0,-17.0,418.0,-238.0,620.0,181.0,-472.0
446.0,,-133.0,-141.0,80.0,467.0,-201.0,890.0,35.0,-428.0
394.0,,-183.0,-133.0,128.0,379.0,-174.0,946.0,-68.0,-406.0
330.0,,-218.0,-138.0,90.0,287.0,-145.0,859.0,-141.0,-370.0
323.0,,-288.0,-105.0,14.0,267.0,-153.0,1058.0,-181.0,-321.0
313.0,,-336.0,-69.0,-57.0,325.0,-176.0,696.0,-176.0,-284.0
250.0,,-392.0,-78.0,-126.0,313.0,-206.0,925.0,-164.0,-256.0
217.0,,-494.0,-106.0,-172.0,211.0,-216.0,644.0,-153.0,-244.0
238.0,,-572.0,-148.0,-180.0,235.0,-233.0,691.0,-122.0,-273.0
267.0,,-656.0,-183.0,-135.0,329.0,-244.0,766.0,-65.0,-315.0
226.0,,-757.0,-222.0,-40.0,298.0,-225.0,574.0,1.0,-310.0
193.0,,-813.0,-265.0,26.0,215.0,-264.0,971.0,88.0,-298.0
225.0,,-866.0,-286.0,4.0,177.0,-309.0,718.0,176.0,-295.0
231.0,,-882.0,-263.0,-26.0,175.0,-315.0,940.0,257.0,-285.0
182.0,,-853.0,-224.0,24.0,151.0,-331.0,844.0,308.0,-314.0
131.0,,-830.0,-143.0,124.0,80.0,-347.0,744.0,309.0,-347.0
135.0,,-749.0,0.0,201.0,83.0,-361.0,927.0,295.0,-359.0
130.0,,-658.0,141.0,221.0,175.0,-404.0,639.0,263.0,-395.0
75.0,,-586.0,269.0,201.0,137.0,-430.0,942.0,214.0,-406.0
26.0,,-473.0,402.0,179.0,12.0,-435.0,691.0,171.0,-378.0
24.0,,-374.0,562.0,195.0,14.0,-434.0,820.0,116.0,-318.0
35.0,,-261.0,726.0,229.0,61.0,-425.0,886.0,43.0,-228.0
-2.0,,-137.0,819.0,213.0,93.0,-445.0,679.0,-25.0,-145.0
-48.0,,-52.0,855.0,150.0,17.0,-430.0,901.0,-112.0,-89.0
-55.0,,41.0,854.0,111.0,-5.0,-434.0,487.0,-193.0,-82.0
-63.0,,116.0,821.0,142.0,127.0,-433.0,702.0,-251.0,-114.0
-112.0,,149.0,747.0,190.0,124.0,-376.0,574.0,-306.0,-189.0
-183.0,,169.0,661.0,146.0,41.0,-341.0,565.0,-336.0,-273.0
-217.0,,162.0,644.0,-12.0,35.0,-338.0,790.0,-357.0,-334.0
-218.0,,152.0,647.0,-183.0,121.0,-333.0,528.0,-371.0,-387.0
-246.0,,140.0,636.0,-271.0,168.0,-275.0,879.0,-365.0,-408.0
-295.0,,93.0,641.0,-306.0,79.0,-219.0,598.0,-338.0,-403.0
-300.0,,67.0,622.0,-321.0,-20.0,-185.0,700.0,-273.0,-361.0
-277.0,,55.0,581.0,-276.0,56.0,-172.0,713.0,-192.0,-303.0
-269.0,,35.0,539.0,-150.0,154.0,-176.0,543.0,-99.0,-243.0
-300.0,,34.0,521.0,8.0,86.0,-176.0,792.0,-19.0,-144.0
-303.0,,56.0,509.0,119.0,52.0,-168.0,478.0,35.0,-74.0
-247.0,,100.0,472.0,165.0,20.0,-132.0,768.0,98.0,-46.0
-222.0,,124.0,462.0,165.0,18.0,-126.0,572.0,154.0,-28.0
-221.0,,147.0,481.0,114.0,10.0,-121.0,537.0,191.0,-52.0
-226.0,,196.0,496.0,1.0,-90.0,-88.0,633.0,216.0,-98.0
-211.0,,226.0,508.0,-109.0,-89.0,-84.0,363.0,242.0,-170.0
-196.0,,250.0,518.0,-137.0,-83.0,-118.0,705.0,262.0,-287.0
-226.0,,301.0,527.0,-90.0,-96.0,-133.0,426.0,256.0,-378.0
-246.0,,320.0,542.0,-27.0,-60.0,-85.0,681.0,235.0,-434.0
-223.0,,342.0,579.0,31.0,-63.0,-53.0,731.0,179.0,-471.0
-193.0,,388.0,599.0,118.0,-31.0,-91.0,652.0,96.0,-482.0
-188.0,,365.0,583.0,234.0,-14.0,-126.0,883.0,-7.0,-471.0
-169.0,,347.0,609.0,281.0,-133.0,-121.0,450.0,-134.0,-454.0
-127.0,,349.0,641.0,192.0,-145.0,-128.0,635.0,-261.0,-449.0
-106.0,,303.0,648.0,67.0,-116.0,-168.0,345.0,-380.0,-467.0
-103.0,,292.0,666.0,33.0,-212.0,-176.0,360.0,-458.0,-506.0
-89.0,,277.0,705.0,100.0,-202.0,-148.0,482.0,-488.0,-525.0
-58.0,,232.0,756.0,171.0,-117.0,-160.0,277.0,-494.0,-542.0
-28.0,,238.0,787.0,170.0,-58.0,-162.0,587.0,-466.0,-565.0
-18.0,,211.0,816.0,92.0,-87.0,-181.0,254.0,-422.0,-594.0
-21.0,,166.0,815.0,-26.0,-217.0,-199.0,491.0,-381.0,-626.0
-3.0,,158.0,803.0,-176.0,-203.0,-165.0,389.0,-336.0,-645.0
40.0,,110.0,771.0,-364.0,-144.0,-188.0,256.0,-291.0,-636.0
85.0,,67.0,681.0,-508.0,-205.0,-215.0,454.0,-272.0,-613.0
99.0,,27.0,584.0,-511.0,-248.0,-222.0,105.0,-256.0,-596.0
127.0,,-28.0,456.0,-382.0,-198.0,-216.0,436.0,-218.0,-532.0
200.0,,-78.0,354.0,-238.0,-80.0,-178.0,238.0,-191.0,-487.0
244.0,,-154.0,297.0,-168.0,-47.0,-170.0,341.0,-173.0,-443.0
236.0,,-198.0,216.0,-224.0,-160.0,-135.0,380.0,-144.0,-355.0
237.0,,-222.0,151.0,-387.0,-146.0,-95.0,123.0,-111.0,-269.0
256.0,,-275.0,126.0,-518.0,7.0,-93.0,352.0,-79.0,-190.0
272.0,,-285.0,133.0,-515.0,-28.0,-64.0,18.0,-50.0,-123.0
277.0,,-273.0,162.0,-411.0,-140.0,-32.0,345.0,-14.0,-102.0
262.0,,-279.0,231.0,-308.0,-193.0,-9.0,323.0,27.0,-133.0
260.0,,-237.0,289.0,-218.0,-214.0,9.0,358.0,67.0,-158.0
254.0,,-214.0,339.0,-145.0,-186.0,12.0,478.0,117.0,-237.0
227.0,,-207.0,412.0,-109.0,-306.0,-20.0,51.0,171.0,-359.0
201.0,,-165.0,463.0,-69.0,-344.0,-43.0,284.0,224.0,-467.0
173.0,,-166.0,495.0,1.0,-248.0,-9.0,-42.0,289.0,-598.0
151.0,,-153.0,482.0,61.0,-263.0,-30.0,86.0,329.0,-719.0
115.0,,-124.0,449.0,69.0,-270.0,-34.0,155.0,349.0,-841.0
68.0,,-139.0,401.0,51.0,-281.0,-23.0,70.0,371.0,-981.0
30.0,,-128.0,287.0,25.0,-207.0,-41.0,378.0,380.0,-1082.0
2.0,,-138.0,169.0,38.0,-151.0,-42.0,51.0,367.0,-1126.0
-40.0,,-174.0,80.0,116.0,-221.0,-57.0,282.0,322.0,-1109.0
-96.0,,-182.0,12.0,195.0,-239.0,-46.0,44.0,278.0,-1072.0
-137.0,,-216.0,-57.0,186.0,-229.0,-43.0,-44.0,238.0,-993.0
-174.0,,-254.0,-79.0,67.0,-272.0,-84.0,18.0,183.0,-877.0
-214.0,,-283.0,-32.0,-34.0,-367.0,-90.0,-216.0,124.0,-767.0
-251.0,,-322.0,4.0,-20.0,-374.0,-73.0,190.0,84.0,-628.0
-263.0,,-343.0,21.0,46.0,-332.0,-64.0,-22.0,63.0,-514.0
-261.0,,-383.0,26.0,33.0,-302.0,-45.0,162.0,23.0,-395.0
-257.0,,-432.0,20.0,-83.0,-294.0,-49.0,96.0,-3.0,-278.0
-270.0,,-450.0,-3.0,-210.0,-333.0,-57.0,-48.0,-20.0,-202.0
-274.0,,-491.0,-33.0,-261.0,-317.0,-79.0,212.0,-40.0,-120.0
-259.0,,-529.0,-74.0,-273.0,-336.0,-125.0,-51.0,-9.0,-42.0
-251.0,,-529.0,-114.0,-326.0,-398.0,-123.0,208.0,33.0,56.0
-256.0,,-551.0,-139.0,-386.0,-435.0,-93.0,-97.0,76.0,168.0
-257.0,,-539.0,-135.0,-366.0,-450.0,-86.0,-103.0,147.0,279.0
-250.0,,-521.0,-84.0,-240.0,-391.0,-74.0,-60.0,190.0,349.0
-249.0,,-531.0,-19.0,-114.0,-379.0,-67.0,-330.0,226.0,399.0
-239.0,,-475.0,76.0,-61.0,-458.0,-89.0,-16.0,268.0,416.0
-248.0,,-441.0,202.0,-48.0,-396.0,-72.0,-306.0,291.0,367.0
-259.0,,-408.0,327.0,-22.0,-337.0,-24.0,-83.0,301.0,345.0
-262.0,,-334.0,460.0,24.0,-438.0,9.0,-206.0,281.0,288.0
-298.0,,-301.0,596.0,54.0,-497.0,46.0,-301.0,238.0,193.0
-344.0,,-246.0,686.0,51.0,-541.0,110.0,-72.0,195.0,93.0
-381.0,,-210.0,753.0,41.0,-521.0,130.0,-362.0,141.0,-56.0
-420.0,,-188.0,800.0,75.0,-507.0,126.0,-29.0,60.0,-215.0
-458.0,,-123.0,761.0,151.0,-546.0,176.0,-238.0,-19.0,-372.0
-504.0,,-102.0,679.0,213.0,-511.0,202.0,-105.0,-99.0,-550.0
-534.0,,-83.0,570.0,245.0,-500.0,190.0,-77.0,-181.0,-720.0
-530.0,,-44.0,460.0,274.0,-529.0,161.0,-343.0,-258.0,-846.0
-550.0,,-32.0,375.0,333.0,-521.0,157.0,-133.0,-302.0,-927.0
-591.0,,-12.0,311.0,404.0,-511.0,143.0,-460.0,-298.0,-970.0
-585.0,,7.0,283.0,430.0,-548.0,140.0,-197.0,-270.0,-990.0
-550.0,,9.0,249.0,355.0,-563.0,151.0,-323.0,-216.0,-974.0
-554.0,,30.0,245.0,173.0,-622.0,137.0,-338.0,-152.0,-892.0
-560.0,,44.0,266.0,-44.0,-684.0,144.0,-218.0,-109.0,-762.0
-528.0,,36.0,297.0,-212.0,-648.0,130.0,-522.0,-82.0,-636.0
-474.0,,62.0,348.0,-279.0,-638.0,126.0,-188.0,-69.0,-503.0
-452.0,,73.0,381.0,-261.0,-645.0,110.0,-467.0,-67.0,-361.0
-436.0,,73.0,406.0,-209.0,-611.0,101.0,-286.0,-61.0,-226.0
-371.0,,103.0,415.0,-153.0,-578.0,113.0,-243.0,-44.0,-81.0
-328.0,,102.0,422.0,-117.0,-564.0,63.0,-347.0,-25.0,69.0
-323.0,,112.0,451.0,-102.0,-617.0,7.0,-12.0,-26.0,235.0
-321.0,,132.0,487.0,-101.0,-700.0,-24.0,-349.0,-36.0,373.0
-271.0,,123.0,505.0,-105.0,-647.0,-26.0,-162.0,-58.0,465.0
-253.0,,124.0,498.0,-98.0,-603.0,-24.0,-448.0,-111.0,514.0
-304.0,,129.0,488.0,-67.0,-655.0,-37.0,-447.0,-179.0,512.0
-344.0,,133.0,472.0,-31.0,-694.0,-44.0,-258.0,-250.0,459.0
-356.0,,133.0,446.0,-23.0,-706.0,-62.0,-402.0,-306.0,366.0
-344.0,,107.0,425.0,-25.0,-667.0,-57.0,-11.0,-357.0,299.0
-363.0,,98.0,410.0,-4.0,-691.0,-38.0,-351.0,-379.0,231.0
-379.0,,81.0,397.0,65.0,-717.0,-56.0,-197.0,-391.0,210.0
-362.0,,45.0,420.0,156.0,-645.0,-79.0,-297.0,-422.0,211.0
-329.0,,31.0,468.0,219.0,-630.0,-72.0,-412.0,-444.0,185.0
-336.0,,2.0,519.0,232.0,-680.0,-68.0,-168.0,-498.0,186.0
-353.0,,-22.0,559.0,214.0,-685.0,-104.0,-504.0,-547.0,153.0
-320.0,,-36.0,581.0,199.0,-689.0,-110.0,-210.0,-575.0,123.0
-272.0,,-65.0,657.0,181.0,-630.0,-73.0,-423.0,-594.0,123.0
-234.0,,-60.0,782.0,168.0,-565.0,-71.0,-306.0,-597.0,116.0
-220.0,,-75.0,872.0,177.0,-562.0,-97.0,-208.0,-589.0,104.0
-183.0,,-116.0,923.0,165.0,-500.0,-75.0,-393.0,-570.0,101.0
-146.0,,-107.0,961.0,83.0,-501.0,-15.0,-59.0,-554.0,114.0
-138.0,,-137.0,969.0,-52.0,-525.0,-18.0,-332.0,-543.0,119.0
-145.0,,-163.0,916.0,-186.0,-526.0,-63.0,-44.0,-559.0,129.0
-155.0,,-151.0,808.0,-292.0,-549.0,-72.0,-168.0,-580.0,142.0
-149.0,,-189.0,703.0,-382.0,-511.0,-43.0,-282.0,-607.0,134.0
-149.0,,-185.0,605.0,-461.0,-523.0,-56.0,-142.0,-645.0,108.0
-153.0,,-174.0,503.0,-498.0,-580.0,-104.0,-495.0,-674.0,78.0
-147.0,,-187.0,461.0,-447.0,-513.0,-129.0,-188.0,-688.0,29.0
-128.0,,-166.0,430.0,-345.0,-425.0,-149.0,-400.0,-694.0,-33.0
-124.0,,-155.0,379.0,-271.0,-403.0,-156.0,-240.0,-699.0,-115.0
-153.0,,-155.0,337.0,-253.0,-340.0,-174.0,-201.0,-690.0,-192.0
-174.0,,-135.0,311.0,-260.0,-337.0,-175.0,-384.0,-704.0,-275.0
-162.0,,-109.0,308.0,-271.0,-360.0,-163.0,-120.0,-712.0,-368.0
-165.0,,-99.0,280.0,-287.0,-348.0,-183.0,-439.0,-721.0,-431.0
-196.0,,-84.0,256.0,-284.0,-356.0,-177.0,-171.0,-718.0,-478.0
-214.0,,-92.0,272.0,-232.0,-325.0,-158.0,-358.0,-687.0,-536.0
-208.0,,-99.0,314.0,-127.0,-290.0,-176.0,-354.0,-663.0,-601.0
-214.0,,-89.0,393.0,-43.0,-260.0,-171.0,-179.0,-620.0,-644.0
-226.0,,-114.0,481.0,-36.0,-260.0,-146.0,-460.0,-564.0,-704.0
-211.0,,-118.0,567.0,-78.0,-301.0,-152.0,-166.0,-480.0,-762.0
-192.0,,-130.0,627.0,-122.0,-318.0,-142.0,-473.0,-384.0,-777.0
-167.0,,-144.0,635.0,-130.0,-298.0,-134.0,-304.0,-291.0,-774.0
-155.0,,-144.0,610.0,-99.0,-271.0,-144.0,-358.0,-215.0,-742.0
-155.0,,-189.0,527.0,-19.0,-235.0,-146.0,-504.0,-172.0,-686.0
-130.0,,-215.0,373.0,105.0,-219.0,-127.0,-306.0,-171.0,-614.0
-76.0,,-252.0,211.0,240.0,-210.0,-107.0,-702.0,-229.0,-513.0
-34.0,,-329.0,94.0,318.0,-150.0,-114.0,-441.0,-318.0,-403.0
-28.0,,-361.0,13.0,288.0,-123.0,-102.0,-641.0,-421.0,-292.0
-1.0,,-411.0,-45.0,193.0,-74.0,-85.0,-530.0,-510.0,-175.0
24.0,,-466.0,-67.0,145.0,-17.0,-91.0,-389.0,-564.0,-79.0
3.0,,-473.0,-47.0,177.0,-39.0,-76.0,-574.0,-593.0,18.0
-18.0,,-493.0,40.0,228.0,-29.0,-15.0,-280.0,-594.0,101.0
-6.0,,-503.0,169.0,280.0,4.0,35.0,-646.0,-585.0,136.0
12.0,,-501.0,300.0,323.0,-31.0,47.0,-413.0,-584.0,148.0
6.0,,-496.0,405.0,298.0,-70.0,100.0,-511.0,-581.0,113.0
8.0,,-474.0,478.0,171.0,-52.0,155.0,-559.0,-572.0,62.0
41.0,,-475.0,565.0,-14.0,-30.0,144.0,-334.0,-544.0,25.0
73.0,,-450.0,621.0,-194.0,-47.0,169.0,-618.0,-501.0,22.0
68.0,,-413.0,619.0,-303.0,-102.0,254.0,-262.0,-417.0,67.0
42.0,,-396.0,610.0,-317.0,-94.0,286.0,-541.0,-305.0,93.0
42.0,,-355.0,580.0,-272.0,-52.0,242.0,-428.0,-191.0,72.0
39.0,,-319.0,528.0,-186.0,-42.0,230.0,-402.0,-54.0,23.0
-1.0,,-280.0,477.0,-71.0,0.0,232.0,-594.0,56.0,-51.0
-57.0,,-224.0,427.0,37.0,41.0,202.0,-288.0,129.0,-160.0
-101.0,,-194.0,351.0,88.0,56.0,211.0,-600.0,184.0,-296.0
-157.0,,-166.0,260.0,60.0,114.0,238.0,-273.0,231.0,-445.0
-260.0,,-115.0,199.0,21.0,166.0,236.0,-410.0,260.0,-596.0
-349.0,,-109.0,173.0,43.0,166.0,252.0,-445.0,287.0,-751.0
-372.0,,-90.0,199.0,131.0,181.0,319.0,-327.0,307.0,-906.0
-400.0,,-68.0,266.0,236.0,153.0,380.0,-635.0,299.0,-1058.0
-466.0,,-86.0,312.0,316.0,146.0,398.0,-314.0,291.0,-1186.0
-515.0,,-76.0,349.0,366.0,166.0,395.0,-587.0,269.0,-1281.0
-561.0,,-97.0,399.0,364.0,137.0,406.0,-417.0,242.0,-1339.0
-580.0,,-108.0,420.0,291.0,167.0,412.0,-485.0,221.0,-1332.0
-605.0,,-89.0,433.0,164.0,193.0,404.0,-633.0,182.0,-1254.0
-672.0,,-95.0,456.0,44.0,192.0,414.0,-376.0,141.0,-1141.0
-671.0,,-84.0,429.0,-31.0,301.0,431.0,-641.0,101.0,-1020.0
-619.0,,-59.0,359.0,-69.0,391.0,400.0,-317.0,62.0,-878.0
-602.0,,-31.0,295.0,-64.0,346.0,356.0,-559.0,36.0,-781.0
-633.0,,23.0,231.0,-23.0,357.0,389.0,-556.0,-7.0,-733.0
-640.0,,87.0,157.0,36.0,406.0,408.0,-487.0,-51.0,-733.0
-595.0,,128.0,92.0,84.0,402.0,403.0,-694.0,-80.0,-794.0
-586.0,,196.0,85.0,92.0,397.0,420.0,-367.0,-124.0,-874.0
-583.0,,259.0,89.0,83.0,381.0,451.0,-676.0,-166.0,-995.0
-519.0,,292.0,88.0,84.0,438.0,477.0,-448.0,-195.0,-1112.0
-429.0,,332.0,109.0,110.0,494.0,466.0,-497.0,-210.0,-1194.0
-359.0,,349.0,115.0,146.0,442.0,467.0,-556.0,-229.0,-1239.0
-314.0,,369.0,122.0,161.0,384.0,456.0,-327.0,-242.0,-1241.0
-266.0,,359.0,146.0,152.0,417.0,431.0,-607.0,-254.0,-1193.0
-185.0,,351.0,190.0,90.0,486.0,430.0,-349.0,-274.0,-1110.0
-98.0,,338.0,214.0,-24.0,524.0,437.0,-613.0,-295.0,-987.0
-66.0,,272.0,228.0,-149.0,546.0,449.0,-473.0,-328.0,-825.0
-8.0,,227.0,301.0,-244.0,527.0,490.0,-397.0,-353.0,-682.0
112.0,,164.0,356.0,-288.0,555.0,549.0,-578.0,-391.0,-509.0
199.0,,100.0,373.0,-290.0,595.0,545.0,-315.0,-423.0,-323.0
218.0,,60.0,377.0,-267.0,631.0,512.0,-683.0,-444.0,-147.0
222.0,,26.0,348.0,-241.0,685.0,530.0,-432.0,-472.0,3.0
253.0,,-6.0,281.0,-231.0,657.0,547.0,-526.0,-478.0,100.0
290.0,,-7.0,201.0,-271.0,600.0,503.0,-517.0,-469.0,169.0
298.0,,12.0,160.0,-334.0,559.0,479.0,-282.0,-448.0,185.0
271.0,,-5.0,154.0,-355.0,603.0,481.0,-497.0,-409.0,153.0
237.0,,16.0,150.0,-304.0,642.0,444.0,-203.0,-359.0,69.0
214.0,,38.0,175.0,-180.0,596.0,414.0,-545.0,-324.0,-36.0
170.0,,43.0,222.0,-16.0,588.0,410.0,-424.0,-308.0,-123.0
113.0,,43.0,236.0,132.0,631.0,408.0,-426.0,-305.0,-220.0
75.0,,24.0,235.0,218.0,684.0,380.0,-463.0,-329.0,-291.0
70.0,,43.0,266.0,220.0,673.0,394.0,-77.0,-351.0,-337.0
49.0,,19.0,324.0,163.0,629.0,428.0,-371.0,-386.0,-367.0
12.0,,7.0,369.0,84.0,627.0,424.0,-81.0,-417.0,-346.0
21.0,,19.0,397.0,22.0,676.0,427.0,-282.0,-414.0,-279.0
24.0,,-4.0,413.0,-8.0,656.0,414.0,-260.0,-405.0,-188.0
18.0,,0.0,415.0,-31.0,563.0,409.0,-127.0,-376.0,-56.0
22.0,,-1.0,399.0,-32.0,530.0,387.0,-399.0,-343.0,142.0
35.0,,-14.0,323.0,-19.0,546.0,350.0,-142.0,-331.0,367.0
59.0,,-6.0,238.0,-7.0,616.0,324.0,-458.0,-313.0,605.0
70.0,,-17.0,193.0,-26.0,635.0,290.0,-212.0,-281.0,839.0
89.0,,-32.0,172.0,-80.0,631.0,271.0,-201.0,-241.0,1019.0
110.0,,-28.0,162.0,-146.0,674.0,245.0,-243.0,-192.0,1166.0
137.0,,-39.0,152.0,-245.0,686.0,233.0,-14.0,-149.0,1271.0
165.0,,-41.0,141.0,-356.0,722.0,224.0,-319.0,-113.0,1317.0
165.0,,-25.0,151.0,-443.0,700.0,214.0,-22.0,-94.0,1271.0
170.0,,-40.0,159.0,-480.0,656.0,215.0,-240.0,-105.0,1135.0
202.0,,-53.0,152.0,-482.0,708.0,195.0,-99.0,-118.0,943.0
229.0,,-49.0,179.0,-479.0,734.0,166.0,9.0,-144.0,689.0
247.0,,-63.0,186.0,-474.0,664.0,125.0,-186.0,-165.0,415.0
255.0,,-75.0,165.0,-443.0,619.0,59.0,96.0,-156.0,150.0
265.0,,-83.0,170.0,-366.0,653.0,8.0,-186.0,-114.0,-84.0
277.0,,-99.0,221.0,-259.0,635.0,-19.0,118.0,-34.0,-272.0
270.0,,-122.0,274.0,-147.0,636.0,-46.0,-3.0,32.0,-408.0
241.0,,-148.0,273.0,-81.0,646.0,-71.0,-46.0,93.0,-497.0
234.0,,-155.0,243.0,-46.0,662.0,-110.0,140.0,119.0,-497.0
244.0,,-165.0,215.0,-20.0,690.0,-120.0,-140.0,102.0,-407.0
222.0,,-178.0,217.0,30.0,592.0,-118.0,190.0,67.0,-292.0
207.0,,-201.0,241.0,132.0,580.0,-153.0,-60.0,10.0,-145.0
220.0,,-228.0,293.0,211.0,657.0,-168.0,99.0,-36.0,26.0
221.0,,-255.0,373.0,226.0,705.0,-165.0,81.0,-61.0,197.0
203.0,,-286.0,445.0,176.0,715.0,-164.0,-73.0,-49.0,336.0
168.0,,-309.0,479.0,117.0,663.0,-179.0,186.0,-14.0,463.0
134.0,,-311.0,480.0,98.0,678.0,-214.0,-112.0,13.0,553.0
119.0,,-302.0,497.0,94.0,687.0,-235.0,186.0,29.0,603.0
118.0,,-298.0,511.0,91.0,612.0,-238.0,-27.0,60.0,631.0
116.0,,-264.0,526.0,104.0,569.0,-226.0,16.0,91.0,603.0
100.0,,-240.0,539.0,99.0,594.0,-228.0,123.0,116.0,576.0
99.0,,-218.0,521.0,62.0,568.0,-249.0,-162.0,136.0,538.0
109.0,,-176.0,488.0,13.0,509.0,-247.0,134.0,136.0,486.0
98.0,,-161.0,442.0,-44.0,479.0,-248.0,-171.0,136.0,432.0
74.0,,-126.0,418.0,-84.0,498.0,-282.0,97.0,112.0,384.0
46.0,,-79.0,405.0,-94.0,568.0,-308.0,97.0,91.0,334.0
33.0,,-65.0,410.0,-75.0,503.0,-344.0,14.0,73.0,279.0
29.0,,-51.0,441.0,-41.0,415.0,-363.0,234.0,43.0,188.0
32.0,,-26.0,463.0,-18.0,432.0,-343.0,-86.0,26.0,55.0
51.0,,-26.0,498.0,-19.0,390.0,-327.0,225.0,27.0,-65.0
69.0,,-32.0,537.0,-46.0,321.0,-333.0,-83.0,30.0,-221.0
87.0,,-60.0,580.0,-78.0,295.0,-350.0,-64.0,37.0,-359.0
106.0,,-105.0,624.0,-99.0,296.0,-339.0,49.0,69.0,-468.0
137.0,,-142.0,640.0,-104.0,317.0,-370.0,-116.0,103.0,-563.0
173.0,,-190.0,637.0,-80.0,275.0,-395.0,273.0,149.0,-648.0
211.0,,-218.0,612.0,-9.0,196.0,-375.0,44.0,193.0,-718.0
248.0,,-232.0,567.0,106.0,200.0,-398.0,315.0,218.0,-714.0
267.0,,-230.0,498.0,222.0,214.0,-370.0,188.0,217.0,-682.0
284.0,,-220.0,422.0,317.0,153.0,-323.0,79.0,197.0,-624.0
303.0,,-219.0,319.0,396.0,101.0,-299.0,229.0,178.0,-561.0
338.0,,-189.0,207.0,452.0,116.0,-270.0,-84.0,119.0,-487.0
396.0,,-182.0,148.0,453.0,117.0,-273.0,195.0,57.0,-423.0
446.0,,-197.0,125.0,358.0,118.0,-274.0,-97.0,8.0,-372.0
481.0,,-177.0,114.0,177.0,126.0,-276.0,49.0,-40.0,-320.0
516.0,,-184.0,121.0,-36.0,156.0,-313.0,90.0,-63.0,-288.0
539.0,,-188.0,115.0,-215.0,206.0,-360.0,-57.0,-55.0,-259.0
524.0,,-168.0,98.0,-299.0,148.0,-390.0,269.0,-13.0,-262.0
500.0,,-175.0,121.0,-264.0,127.0,-384.0,-38.0,44.0,-269.0
476.0,,-193.0,150.0,-149.0,163.0,-383.0,288.0,111.0,-290.0
417.0,,-195.0,168.0,-20.0,182.0,-397.0,212.0,183.0,-322.0
381.0,,-191.0,183.0,63.0,173.0,-383.0,264.0,250.0,-342.0
382.0,,-194.0,196.0,88.0,119.0,-385.0,439.0,325.0,-381.0
373.0,,-185.0,242.0,80.0,175.0,-385.0,210.0,410.0,-410.0
364.0,,-180.0,278.0,15.0,220.0,-353.0,508.0,488.0,-418.0
372.0,,-155.0,300.0,-78.0,189.0,-332.0,120.0,579.0,-424.0
384.0,,-116.0,306.0,-167.0,148.0,-320.0,254.0,667.0,-430.0
366.0,,-100.0,275.0,-237.0,150.0,-294.0,195.0,738.0,-440.0
351.0,,-58.0,243.0,-233.0,261.0,-275.0,70.0,805.0,-438.0
360.0,,-23.0,217.0,-176.0,312.0,-263.0,339.0,856.0,-419.0
361.0,,-4.0,189.0,-105.0,258.0,-259.0,24.0,897.0,-425.0
357.0,,20.0,165.0,-37.0,294.0,-288.0,356.0,916.0,-430.0
354.0,,50.0,159.0,6.0,389.0,-285.0,205.0,911.0,-445.0
356.0,,94.0,155.0,54.0,365.0,-312.0,317.0,889.0,-479.0
354.0,,114.0,132.0,118.0,317.0,-353.0,450.0,849.0,-477.0
352.0,,134.0,121.0,170.0,290.0,-369.0,264.0,790.0,-479.0
349.0,,162.0,152.0,181.0,291.0,-418.0,558.0,725.0,-470.0
358.0,,139.0,200.0,137.0,350.0,-445.0,184.0,660.0,-429.0
371.0,,116.0,256.0,56.0,312.0,-476.0,406.0,575.0,-383.0
361.0,,98.0,318.0,-18.0,279.0,-475.0,325.0,479.0,-306.0
354.0,,48.0,331.0,-84.0,370.0,-455.0,271.0,381.0,-210.0
356.0,,8.0,302.0,-117.0,438.0,-453.0,480.0,292.0,-86.0
370.0,,-41.0,279.0,-104.0,446.0,-404.0,158.0,227.0,60.0
367.0,,-122.0,248.0,-55.0,468.0,-381.0,423.0,175.0,209.0
344.0,,-169.0,243.0,12.0,493.0,-386.0,149.0,124.0,364.0
334.0,,-198.0,276.0,72.0,494.0,-383.0,303.0,78.0,484.0
332.0,,-253.0,332.0,115.0,452.0,-367.0,321.0,35.0,584.0
329.0,,-264.0,375.0,118.0,406.0,-337.0,134.0,-34.0,635.0
311.0,,-272.0,390.0,126.0,421.0,-344.0,474.0,-118.0,624.0
300.0,,-281.0,424.0,151.0,390.0,-363.0,199.0,-187.0,591.0
286.0,,-262.0,446.0,157.0,321.0,-393.0,463.0,-264.0,539.0
248.0,,-283.0,460.0,137.0,325.0,-423.0,249.0,-336.0,500.0
186.0,,-272.0,479.0,69.0,371.0,-406.0,153.0,-365.0,460.0
150.0,,-260.0,442.0,3.0,421.0,-389.0,256.0,-374.0,434.0
146.0,,-267.0,360.0,-15.0,392.0,-402.0,-9.0,-353.0,414.0
85.0,,-256.0,308.0,23.0,298.0,-416.0,332.0,-318.0,394.0
26.0,,-254.0,273.0,123.0,296.0,-430.0,44.0,-281.0,380.0
27.0,,-246.0,187.0,232.0,355.0,-471.0,203.0,-226.0,329.0
64.0,,-237.0,117.0,280.0,324.0,-503.0,151.0,-177.0,270.0
97.0,,-235.0,139.0,240.0,230.0,-517.0,-20.0,-131.0,182.0
110.0,,-225.0,199.0,154.0,185.0,-526.0,240.0,-103.0,100.0
126.0,,-182.0,226.0,58.0,200.0,-531.0,-49.0,-79.0,47.0
142.0,,-175.0,273.0,-35.0,173.0,-513.0,286.0,-50.0,-26.0
157.0,,-159.0,370.0,-122.0,90.0,-522.0,149.0,-20.0,-89.0
130.0,,-114.0,477.0,-193.0,97.0,-585.0,277.0,14.0,-157.0
109.0,,-110.0,591.0,-244.0,129.0,-591.0,432.0,34.0,-234.0
135.0,,-84.0,701.0,-297.0,69.0,-565.0,149.0,33.0,-314.0
162.0,,-99.0,813.0,-354.0,22.0,-560.0,432.0,36.0,-374.0
200.0,,-97.0,903.0,-394.0,45.0,-584.0,149.0,48.0,-368.0
226.0,,-112.0,945.0,-381.0,81.0,-604.0,375.0,54.0,-304.0
281.0,,-186.0,960.0,-306.0,68.0,-598.0,308.0,60.0,-182.0
365.0,,-208.0,968.0,-176.0,46.0,-599.0,293.0,68.0,-35.0
404.0,,-269.0,965.0,-17.0,40.0,-582.0,552.0,89.0,139.0
434.0,,-315.0,896.0,116.0,40.0,-571.0,221.0,102.0,337.0
469.0,,-328.0,799.0,185.0,-20.0,-564.0,519.0,117.0,537.0
510.0,,-348.0,730.0,202.0,-129.0,-546.0,254.0,136.0,766.0
520.0,,-333.0,653.0,180.0,-141.0,-515.0,380.0,145.0,1009.0
504.0,,-321.0,586.0,140.0,-96.0,-479.0,471.0,152.0,1263.0
527.0,,-306.0,520.0,135.0,-72.0,-444.0,243.0,145.0,1515.0
556.0,,-277.0,483.0,175.0,-143.0,-406.0,508.0,144.0,1753.0
556.0,,-242.0,493.0,222.0,-161.0,-395.0,158.0,109.0,1953.0
519.0,,-190.0,474.0,272.0,-69.0,-356.0,354.0,63.0,2094.0
498.0,,-136.0,485.0,336.0,-76.0,-316.0,195.0,35.0,2187.0
492.0,,-81.0,510.0,415.0,-113.0,-300.0,171.0,10.0,2205.0
431.0,,-6.0,498.0,486.0,-208.0,-310.0,369.0,21.0,2151.0
335.0,,47.0,522.0,502.0,-227.0,-325.0,103.0,56.0,2039.0
252.0,,119.0,532.0,482.0,-158.0,-316.0,376.0,137.0,1855.0
186.0,,191.0,550.0,463.0,-248.0,-346.0,73.0,221.0,1625.0
126.0,,240.0,560.0,443.0,-320.0,-333.0,195.0,298.0,1400.0
56.0,,298.0,546.0,419.0,-283.0,-278.0,121.0,382.0,1171.0
-5.0,,329.0,572.0,366.0,-213.0,-280.0,-110.0,448.0,959.0
-45.0,,345.0,604.0,263.0,-237.0,-285.0,168.0,519.0,810.0
-84.0,,352.0,628.0,103.0,-348.0,-258.0,-81.0,591.0,684.0
-95.0,,360.0,648.0,-72.0,-379.0,-210.0,216.0,678.0,591.0
-78.0,,350.0,660.0,-224.0,-313.0,-181.0,40.0,766.0,513.0
-39.0,,334.0,657.0,-360.0,-288.0,-183.0,53.0,835.0,414.0
4.0,,331.0,650.0,-461.0,-327.0,-169.0,162.0,850.0,336.0
19.0,,316.0,660.0,-511.0,-268.0,-152.0,-120.0,812.0,291.0
56.0,,303.0,689.0,-492.0,-225.0,-151.0,190.0,738.0,266.0
132.0,,275.0,698.0,-410.0,-259.0,-161.0,-75.0,628.0,257.0
163.0,,240.0,695.0,-307.0,-293.0,-143.0,138.0,501.0,288.0
138.0,,230.0,676.0,-204.0,-363.0,-107.0,57.0,350.0,325.0
143.0,,197.0,634.0,-113.0,-403.0,-147.0,-86.0,221.0,382.0
187.0,,175.0,620.0,-20.0,-404.0,-168.0,177.0,132.0,486.0
183.0,,166.0,590.0,81.0,-425.0,-131.0,-59.0,50.0,600.0
140.0,,134.0,546.0,143.0,-375.0,-137.0,315.0,-13.0,755.0
130.0,,133.0,490.0,140.0,-305.0,-154.0,129.0,-45.0,917.0
138.0,,124.0,411.0,59.0,-287.0,-167.0,212.0,-56.0,1090.0
132.0,,91.0,327.0,-64.0,-221.0,-163.0,245.0,-71.0,1249.0
97.0,,93.0,249.0,-183.0,-205.0,-118.0,-48.0,-59.0,1393.0
93.0,,53.0,195.0,-252.0,-219.0,-95.0,179.0,-7.0,1555.0
144.0,,27.0,145.0,-233.0,-265.0,-114.0,-216.0,61.0,1646.0
181.0,,17.0,136.0,-135.0,-344.0,-129.0,-24.0,141.0,1680.0
189.0,,-30.0,173.0,17.0,-290.0,-103.0,-192.0,212.0,1660.0
188.0,,-43.0,164.0,165.0,-228.0,-40.0,-264.0,269.0,1579.0
196.0,,-93.0,101.0,269.0,-279.0,0.0,-46.0,298.0,1484.0
193.0,,-138.0,60.0,326.0,-353.0,38.0,-352.0,302.0,1391.0
160.0,,-152.0,63.0,322.0,-341.0,81.0,-60.0,283.0,1305.0
123.0,,-189.0,62.0,275.0,-247.0,83.0,-369.0,247.0,1254.0
112.0,,-209.0,42.0,222.0,-247.0,77.0,-260.0,219.0,1230.0
81.0,,-217.0,12.0,156.0,-365.0,88.0,-232.0,173.0,1191.0
-4.0,,-221.0,-41.0,87.0,-385.0,124.0,-375.0,123.0,1166.0
-77.0,,-222.0,-71.0,28.0,-321.0,158.0,-92.0,85.0,1143.0
-101.0,,-210.0,-56.0,-16.0,-345.0,144.0,-452.0,67.0,1090.0
-102.0,,-210.0,-13.0,-34.0,-399.0,112.0,-194.0,74.0,962.0
-122.0,,-209.0,55.0,-43.0,-396.0,131.0,-362.0,97.0,811.0
-147.0,,-211.0,129.0,-34.0,-399.0,134.0,-279.0,130.0,667.0
-116.0,,-242.0,207.0,-8.0,-427.0,127.0,-72.0,172.0,498.0
-56.0,,-252.0,273.0,4.0,-438.0,147.0,-328.0,204.0,354.0
-42.0,,-279.0,346.0,-5.0,-471.0,137.0,-49.0,201.0,213.0
-46.0,,-314.0,422.0,-31.0,-450.0,132.0,-467.0,192.0,60.0
-3.0,,-330.0,491.0,-45.0,-427.0,140.0,-389.0,170.0,-36.0
47.0,,-357.0,530.0,-50.0,-457.0,154.0,-509.0,133.0,-77.0
57.0,,-352.0,557.0,-75.0,-484.0,145.0,-611.0,91.0,-88.0
57.0,,-367.0,591.0,-146.0,-486.0,134.0,-306.0,44.0,-7.0
109.0,,-373.0,589.0,-244.0,-433.0,153.0,-602.0,21.0,135.0
180.0,,-348.0,578.0,-315.0,-471.0,150.0,-291.0,15.0,290.0
203.0,,-365.0,564.0,-350.0,-536.0,130.0,-524.0,18.0,442.0
209.0,,-349.0,533.0,-372.0,-505.0,135.0,-485.0,17.0,572.0
263.0,,-342.0,491.0,-400.0,-495.0,127.0,-406.0,19.0,695.0
362.0,,-347.0,426.0,-429.0,-551.0,102.0,-630.0,14.0,786.0
413.0,,-317.0,345.0,-434.0,-604.0,123.0,-308.0,4.0,873.0
430.0,,-312.0,287.0,-400.0,-580.0,121.0,-569.0,20.0,927.0
489.0,,-327.0,252.0,-337.0,-469.0,78.0,-315.0,40.0,937.0
550.0,,-326.0,241.0,-279.0,-434.0,52.0,-393.0,85.0,911.0
557.0,,-327.0,285.0,-238.0,-498.0,35.0,-445.0,124.0,802.0
531.0,,-338.0,339.0,-206.0,-473.0,12.0,-293.0,138.0,652.0
511.0,,-340.0,427.0,-172.0,-482.0,24.0,-633.0,139.0,457.0
488.0,,-349.0,539.0,-138.0,-504.0,45.0,-299.0,97.0,261.0
436.0,,-356.0,624.0,-120.0,-472.0,37.0,-497.0,40.0,90.0
386.0,,-357.0,680.0,-117.0,-509.0,52.0,-345.0,-29.0,-79.0
373.0,,-365.0,708.0,-119.0,-496.0,68.0,-304.0,-89.0,-203.0
354.0,,-367.0,719.0,-100.0,-476.0,65.0,-556.0,-129.0,-336.0
317.0,,-356.0,667.0,-62.0,-525.0,58.0,-315.0,-159.0,-471.0
249.0,,-337.0,567.0,-41.0,-480.0,90.0,-615.0,-152.0,-594.0
175.0,,-325.0,454.0,-48.0,-465.0,102.0,-338.0,-129.0,-734.0
133.0,,-297.0,352.0,-45.0,-485.0,76.0,-456.0,-93.0,-838.0
85.0,,-273.0,269.0,-29.0,-459.0,80.0,-428.0,-60.0,-886.0
27.0,,-257.0,190.0,-4.0,-515.0,74.0,-208.0,-20.0,-854.0
-17.0,,-221.0,173.0,22.0,-500.0,94.0,-511.0,41.0,-739.0
-17.0,,-195.0,200.0,52.0,-454.0,134.0,-251.0,94.0,-567.0
-24.0,,-142.0,256.0,103.0,-506.0,163.0,-552.0,150.0,-352.0
-76.0,,-73.0,325.0,156.0,-542.0,167.0,-443.0,206.0,-115.0
-111.0,,-11.0,348.0,202.0,-515.0,155.0,-436.0,235.0,130.0
-79.0,,73.0,349.0,256.0,-487.0,148.0,-545.0,259.0,372.0
-46.0,,159.0,340.0,296.0,-518.0,141.0,-253.0,259.0,591.0
-78.0,,248.0,284.0,307.0,-484.0,179.0,-561.0,215.0,770.0
-104.0,,319.0,231.0,307.0,-396.0,203.0,-310.0,150.0,901.0
-102.0,,386.0,207.0,319.0,-343.0,212.0,-533.0,86.0,970.0
-102.0,,438.0,201.0,331.0,-356.0,217.0,-543.0,40.0,998.0
-126.0,,467.0,214.0,344.0,-354.0,207.0,-415.0,2.0,966.0
-158.0,,487.0,267.0,355.0,-307.0,243.0,-650.0,-11.0,861.0
-164.0,,489.0,336.0,333.0,-341.0,250.0,-254.0,10.0,706.0
-146.0,,477.0,397.0,290.0,-355.0,198.0,-519.0,41.0,528.0
-159.0,,441.0,472.0,240.0,-365.0,181.0,-352.0,61.0,344.0
-196.0,,408.0,501.0,202.0,-332.0,202.0,-454.0,91.0,148.0
-203.0,,365.0,498.0,173.0,-286.0,196.0,-650.0,132.0,19.0
-183.0,,326.0,465.0,134.0,-346.0,172.0,-397.0,145.0,-70.0
-163.0,,303.0,387.0,110.0,-325.0,173.0,-679.0,155.0,-138.0
-200.0,,271.0,266.0,93.0,-220.0,164.0,-351.0,151.0,-136.0
-234.0,,235.0,93.0,106.0,-133.0,148.0,-583.0,128.0,-97.0
-204.0,,196.0,-49.0,130.0,-160.0,129.0,-515.0,94.0,-51.0
-205.0,,171.0,-181.0,134.0,-200.0,102.0,-389.0,40.0,-10.0
-280.0,,125.0,-319.0,148.0,-125.0,121.0,-626.0,-3.0,50.0
-369.0,,81.0,-444.0,177.0,-50.0,131.0,-288.0,-35.0,123.0
-417.0,,69.0,-536.0,235.0,-58.0,111.0,-639.0,-54.0,194.0
-459.0,,33.0,-553.0,294.0,-131.0,103.0,-478.0,-67.0,278.0
-547.0,,12.0,-501.0,319.0,-87.0,86.0,-576.0,-73.0,390.0
-624.0,,-19.0,-389.0,295.0,-59.0,51.0,-630.0,-63.0,513.0
-629.0,,-55.0,-241.0,236.0,-77.0,10.0,-421.0,-51.0,657.0
-622.0,,-83.0,-97.0,164.0,-35.0,14.0,-746.0,-54.0,807.0
-649.0,,-129.0,46.0,80.0,-27.0,-5.0,-476.0,-60.0,945.0
-630.0,,-145.0,217.0,7.0,-4.0,-52.0,-739.0,-51.0,1085.0
-547.0,,-178.0,373.0,-51.0,-17.0,-40.0,-607.0,-63.0,1164.0
-474.0,,-205.0,512.0,-87.0,-37.0,-81.0,-613.0,-99.0,1219.0
-434.0,,-200.0,636.0,-98.0,-27.0,-166.0,-851.0,-137.0,1245.0
-390.0,,-192.0,727.0,-103.0,1.0,-202.0,-596.0,-188.0,1216.0
-308.0,,-161.0,807.0,-118.0,51.0,-210.0,-936.0,-254.0,1177.0
-243.0,,-108.0,861.0,-135.0,33.0,-219.0,-652.0,-303.0,1117.0
-212.0,,-53.0,882.0,-126.0,14.0,-244.0,-752.0,-345.0,1053.0
-156.0,,-1.0,899.0,-75.0,12.0,-274.0,-742.0,-350.0,1003.0
-83.0,,51.0,892.0,17.0,-1.0,-314.0,-600.0,-305.0,967.0
-37.0,,103.0,859.0,146.0,-14.0,-341.0,-936.0,-245.0,920.0
-44.0,,137.0,830.0,302.0,-28.0,-347.0,-654.0,-169.0,861.0
-62.0,,163.0,816.0,462.0,36.0,-375.0,-859.0,-86.0,770.0
-60.0,,193.0,829.0,588.0,14.0,-413.0,-602.0,-11.0,656.0
-95.0,,219.0,841.0,640.0,-95.0,-431.0,-611.0,20.0,515.0
-163.0,,244.0,845.0,616.0,-58.0,-481.0,-812.0,19.0,358.0
-226.0,,257.0,843.0,544.0,-23.0,-565.0,-604.0,-9.0,252.0
-245.0,,275.0,806.0,443.0,-5.0,-578.0,-927.0,-53.0,177.0
-211.0,,303.0,745.0,320.0,-52.0,-548.0,-604.0,-90.0,142.0
-216.0,,340.0,674.0,182.0,-105.0,-595.0,-766.0,-121.0,114.0
-240.0,,385.0,631.0,34.0,-24.0,-642.0,-731.0,-126.0,76.0
-205.0,,432.0,612.0,-128.0,-67.0,-612.0,-589.0,-117.0,57.0
-174.0,,514.0,604.0,-293.0,-126.0,-598.0,-812.0,-95.0,13.0
-199.0,,585.0,609.0,-430.0,-114.0,-624.0,-480.0,-85.0,-75.0
-244.0,,671.0,605.0,-536.0,-69.0,-649.0,-718.0,-89.0,-154.0
-199.0,,773.0,592.0,-611.0,-47.0,-626.0,-485.0,-103.0,-220.0
-123.0,,859.0,563.0,-653.0,-183.0,-596.0,-569.0,-132.0,-296.0
-124.0,,960.0,566.0,-645.0,-175.0,-623.0,-689.0,-154.0,-327.0
-127.0,,1028.0,617.0,-595.0,-38.0,-627.0,-474.0,-163.0,-315.0
-104.0,,1095.0,651.0,-507.0,-32.0,-617.0,-772.0,-145.0,-279.0
-77.0,,1149.0,674.0,-385.0,-91.0,-637.0,-445.0,-115.0,-203.0
-100.0,,1178.0,678.0,-259.0,-89.0,-624.0,-641.0,-70.0,-87.0
-157.0,,1185.0,659.0,-129.0,19.0,-599.0,-537.0,-9.0,26.0
-154.0,,1144.0,629.0,-4.0,66.0,-585.0,-436.0,55.0,138.0
-135.0,,1116.0,590.0,101.0,-53.0,-583.0,-618.0,133.0,222.0
-133.0,,1052.0,501.0,191.0,-97.0,-576.0,-325.0,219.0,235.0
-143.0,,980.0,359.0,262.0,47.0,-571.0,-622.0,296.0,243.0
-129.0,,934.0,250.0,287.0,117.0,-596.0,-356.0,349.0,207.0
-61.0,,874.0,166.0,241.0,25.0,-599.0,-463.0,371.0,124.0
-24.0,,841.0,97.0,132.0,-57.0,-617.0,-522.0,376.0,41.0
-33.0,,804.0,59.0,-6.0,9.0,-671.0,-378.0,344.0,-72.0
-12.0,,795.0,69.0,-119.0,140.0,-709.0,-715.0,283.0,-198.0
57.0,,811.0,134.0,-156.0,119.0,-694.0,-393.0,208.0,-327.0
88.0,,831.0,184.0,-107.0,12.0,-665.0,-644.0,106.0,-453.0
74.0,,888.0,238.0,-2.0,33.0,-651.0,-478.0,-5.0,-553.0
77.0,,918.0,287.0,107.0,108.0,-611.0,-382.0,-118.0,-622.0
95.0,,954.0,287.0,197.0,87.0,-598.0,-522.0,-229.0,-692.0
106.0,,983.0,286.0,256.0,52.0,-623.0,-256.0,-337.0,-741.0
33.0,,980.0,292.0,273.0,29.0,-642.0,-543.0,-417.0,-743.0
-25.0,,961.0,309.0,251.0,77.0,-627.0,-210.0,-485.0,-716.0
-10.0,,926.0,353.0,214.0,180.0,-576.0,-328.0,-545.0,-650.0
-4.0,,874.0,374.0,159.0,177.0,-559.0,-304.0,-596.0,-562.0
-39.0,,792.0,329.0,92.0,168.0,-549.0,-214.0,-655.0,-471.0
-41.0,,716.0,269.0,28.0,218.0,-548.0,-563.0,-697.0,-390.0
36.0,,627.0,211.0,-44.0,285.0,-559.0,-238.0,-738.0,-316.0
89.0,,544.0,162.0,-101.0,330.0,-532.0,-458.0,-786.0,-265.0
109.0,,464.0,127.0,-129.0,314.0,-511.0,-232.0,-843.0,-238.0
157.0,,389.0,110.0,-104.0,325.0,-507.0,-229.0,-883.0,-210.0
241.0,,344.0,155.0,-27.0,331.0,-502.0,-332.0,-892.0,-178.0
307.0,,300.0,204.0,35.0,259.0,-470.0,-123.0,-900.0,-128.0
335.0,,283.0,200.0,62.0,258.0,-460.0,-417.0,-877.0,-91.0
392.0,,266.0,222.0,50.0,289.0,-481.0,-44.0,-826.0,-43.0
476.0,,241.0,256.0,7.0,267.0,-452.0,-197.0,-759.0,3.0
513.0,,230.0,211.0,-71.0,282.0,-412.0,-84.0,-677.0,35.0
460.0,,212.0,147.0,-153.0,260.0,-359.0,25.0,-592.0,80.0
425.0,,176.0,122.0,-210.0,300.0,-333.0,-223.0,-511.0,114.0
429.0,,157.0,124.0,-253.0,369.0,-306.0,18.0,-443.0,148.0
386.0,,139.0,132.0,-277.0,298.0,-229.0,-373.0,-379.0,188.0
301.0,,108.0,117.0,-285.0,294.0,-199.0,-171.0,-319.0,220.0
231.0,,94.0,110.0,-273.0,376.0,-175.0,-254.0,-280.0,239.0
221.0,,84.0,132.0,-237.0,404.0,-160.0,-291.0,-241.0,268.0
203.0,,84.0,160.0,-177.0,365.0,-132.0,-55.0,-188.0,281.0
150.0,,96.0,183.0,-105.0,313.0,-109.0,-347.0,-133.0,283.0
114.0,,96.0,203.0,-20.0,327.0,-151.0,-97.0,-64.0,265.0
120.0,,92.0,261.0,65.0,347.0,-181.0,-471.0,9.0,187.0
117.0,,98.0,311.0,147.0,314.0,-195.0,-386.0,86.0,91.0
80.0,,83.0,345.0,243.0,316.0,-155.0,-323.0,141.0,-77.0
50.0,,72.0,449.0,339.0,345.0,-118.0,-437.0,177.0,-276.0
40.0,,66.0,570.0,409.0,320.0,-158.0,-64.0,200.0,-462.0
36.0,,64.0,670.0,434.0,360.0,-182.0,-367.0,204.0,-656.0
-18.0,,76.0,709.0,424.0,414.0,-189.0,-88.0,200.0,-819.0
-64.0,,81.0,688.0,391.0,374.0,-170.0,-275.0,172.0,-964.0
-40.0,,114.0,677.0,323.0,299.0,-152.0,-365.0,136.0,-1059.0
-4.0,,148.0,645.0,221.0,248.0,-140.0,-254.0,72.0,-1102.0
4.0,,181.0,603.0,117.0,316.0,-105.0,-546.0,-3.0,-1104.0
16.0,,218.0,563.0,36.0,340.0,-95.0,-238.0,-57.0,-1071.0
42.0,,232.0,538.0,-14.0,246.0,-81.0,-556.0,-117.0,-1016.0
57.0,,246.0,492.0,-43.0,200.0,-70.0,-410.0,-174.0,-925.0
73.0,,250.0,412.0,-62.0,276.0,-65.0,-476.0,-221.0,-814.0
74.0,,228.0,355.0,-94.0,336.0,-71.0,-631.0,-253.0,-722.0
106.0,,186.0,332.0,-159.0,296.0,-73.0,-386.0,-264.0,-628.0
164.0,,163.0,342.0,-220.0,226.0,-51.0,-715.0,-270.0,-529.0
193.0,,117.0,380.0,-245.0,175.0,-48.0,-362.0,-248.0,-427.0
214.0,,60.0,467.0,-241.0,250.0,-22.0,-498.0,-197.0,-316.0
220.0,,27.0,532.0,-215.0,293.0,5.0,-365.0,-111.0,-222.0
229.0,,-32.0,581.0,-173.0,207.0,29.0,-229.0,7.0,-145.0
215.0,,-84.0,617.0,-126.0,166.0,52.0,-482.0,134.0,-106.0
183.0,,-131.0,595.0,-94.0,215.0,71.0,-158.0,261.0,-103.0
136.0,,-175.0,619.0,-64.0,281.0,88.0,-515.0,377.0,-130.0
77.0,,-196.0,658.0,-27.0,249.0,46.0,-321.0,468.0,-187.0
26.0,,-225.0,687.0,-19.0,204.0,78.0,-406.0,515.0,-252.0
-27.0,,-217.0,754.0,-23.0,248.0,146.0,-474.0,544.0,-322.0
-67.0,,-181.0,791.0,-15.0,284.0,143.0,-216.0,557.0,-362.0
-141.0,,-134.0,785.0,20.0,242.0,121.0,-541.0,556.0,-395.0
-222.0,,-64.0,792.0,64.0,191.0,123.0,-291.0,544.0,-404.0
-277.0,,-16.0,794.0,79.0,200.0,139.0,-574.0,535.0,-377.0
-317.0,,43.0,784.0,67.0,204.0,112.0,-443.0,537.0,-318.0
-341.0,,99.0,750.0,33.0,147.0,132.0,-330.0,544.0,-190.0
-379.0,,130.0,674.0,-13.0,127.0,172.0,-491.0,564.0,-41.0
-388.0,,149.0,634.0,-66.0,152.0,166.0,-212.0,575.0,114.0
-384.0,,151.0,603.0,-109.0,127.0,145.0,-596.0,593.0,282.0
-396.0,,159.0,519.0,-141.0,93.0,113.0,-417.0,586.0,418.0
-429.0,,163.0,439.0,-144.0,111.0,87.0,-563.0,559.0,521.0
-473.0,,161.0,419.0,-113.0,130.0,74.0,-508.0,520.0,609.0
-496.0,,158.0,398.0,-105.0,146.0,93.0,-242.0,432.0,685.0
-533.0,,174.0,325.0,-126.0,142.0,125.0,-467.0,336.0,752.0
-581.0,,198.0,294.0,-135.0,93.0,153.0,-171.0,200.0,841.0
-630.0,,210.0,324.0,-107.0,121.0,136.0,-521.0,43.0,939.0
-653.0,,264.0,396.0,-36.0,202.0,146.0,-439.0,-84.0,1029.0
-676.0,,321.0,519.0,69.0,152.0,185.0,-493.0,-226.0,1099.0
-721.0,,347.0,654.0,172.0,62.0,190.0,-630.0,-362.0,1114.0
-741.0,,384.0,775.0,239.0,135.0,196.0,-321.0,-479.0,1089.0
-745.0,,409.0,891.0,283.0,225.0,168.0,-576.0,-593.0,1021.0
-760.0,,430.0,970.0,305.0,196.0,146.0,-288.0,-686.0,972.0
-774.0,,439.0,993.0,302.0,90.0,158.0,-521.0,-762.0,929.0
-751.0,,440.0,1001.0,314.0,70.0,180.0,-524.0,-804.0,898.0
-717.0,,440.0,999.0,345.0,198.0,176.0,-410.0,-804.0,913.0
-683.0,,411.0,983.0,372.0,205.0,132.0,-613.0,-761.0,932.0
-643.0,,371.0,941.0,390.0,114.0,149.0,-254.0,-695.0,973.0
-608.0,,302.0,885.0,380.0,98.0,205.0,-489.0,-635.0,996.0
-557.0,,230.0,845.0,331.0,172.0,205.0,-218.0,-547.0,1017.0
-486.0,,144.0,821.0,214.0,171.0,196.0,-282.0,-467.0,993.0
-407.0,,40.0,785.0,31.0,74.0,211.0,-397.0,-410.0,931.0
-327.0,,-59.0,730.0,-137.0,85.0,218.0,-223.0,-336.0,845.0
-248.0,,-163.0,676.0,-223.0,104.0,226.0,-563.0,-243.0,711.0
-175.0,,-263.0,610.0,-238.0,114.0,236.0,-166.0,-157.0,556.0
-94.0,,-341.0,561.0,-218.0,85.0,241.0,-308.0,-87.0,400.0
-5.0,,-396.0,537.0,-181.0,13.0,217.0,-138.0,-8.0,265.0
34.0,,-448.0,529.0,-167.0,17.0,199.0,-25.0,62.0,146.0
39.0,,-455.0,546.0,-158.0,60.0,221.0,-267.0,120.0,98.0
53.0,,-434.0,605.0,-123.0,29.0,218.0,-11.0,168.0,83.0
68.0,,-391.0,683.0,-61.0,-52.0,202.0,-362.0,187.0,120.0
80.0,,-315.0,736.0,23.0,18.0,209.0,-57.0,194.0,175.0
81.0,,-228.0,787.0,119.0,102.0,189.0,-103.0,190.0,220.0
50.0,,-117.0,821.0,221.0,90.0,143.0,-75.0,149.0,310.0
67.0,,-20.0,813.0,301.0,81.0,137.0,166.0,88.0,374.0
132.0,,72.0,787.0,325.0,127.0,140.0,-129.0,38.0,415.0
130.0,,168.0,747.0,278.0,235.0,105.0,203.0,5.0,430.0
89.0,,243.0,687.0,187.0,212.0,85.0,-44.0,-13.0,398.0
111.0,,299.0,588.0,87.0,136.0,105.0,133.0,-23.0,329.0
167.0,,346.0,464.0,2.0,212.0,118.0,131.0,-17.0,241.0
162.0,,380.0,364.0,-49.0,263.0,128.0,-36.0,11.0,137.0
144.0,,407.0,271.0,-87.0,190.0,169.0,280.0,37.0,39.0
183.0,,414.0,211.0,-105.0,149.0,216.0,-24.0,68.0,-33.0
227.0,,405.0,218.0,-98.0,185.0,243.0,254.0,111.0,-73.0
221.0,,395.0,251.0,-71.0,231.0,253.0,66.0,121.0,-74.0
167.0,,376.0,304.0,-17.0,227.0,284.0,96.0,121.0,-38.0
119.0,,344.0,363.0,46.0,244.0,286.0,297.0,119.0,21.0
67.0,,294.0,422.0,106.0,305.0,285.0,121.0,100.0,86.0
-13.0,,250.0,475.0,159.0,304.0,314.0,478.0,97.0,179.0
-96.0,,202.0,482.0,170.0,249.0,294.0,142.0,98.0,277.0
-159.0,,161.0,474.0,136.0,214.0,277.0,260.0,124.0,370.0
-215.0,,116.0,477.0,70.0,217.0,251.0,190.0,186.0,433.0
-301.0,,98.0,456.0,0.0,225.0,227.0,51.0,262.0,466.0
-371.0,,103.0,409.0,-49.0,162.0,227.0,291.0,342.0,445.0
-396.0,,92.0,350.0,-84.0,73.0,222.0,-9.0,405.0,375.0
-379.0,,111.0,304.0,-94.0,128.0,249.0,251.0,455.0,300.0
-382.0,,116.0,279.0,-68.0,170.0,258.0,7.0,484.0,192.0
-413.0,,127.0,245.0,-65.0,87.0,224.0,48.0,496.0,123.0
-416.0,,150.0,209.0,-111.0,41.0,204.0,118.0,494.0,94.0
-417.0,,142.0,162.0,-171.0,52.0,227.0,-123.0,483.0,78.0
-420.0,,145.0,113.0,-230.0,82.0,250.0,251.0,482.0,101.0
-470.0,,138.0,114.0,-253.0,47.0,264.0,12.0,496.0,105.0
-509.0,,114.0,151.0,-232.0,-20.0,270.0,225.0,512.0,91.0
-503.0,,73.0,221.0,-188.0,6.0,272.0,140.0,517.0,47.0
-500.0,,21.0,329.0,-134.0,62.0,266.0,-5.0,509.0,-59.0
-510.0,,-16.0,453.0,-105.0,-22.0,239.0,131.0,475.0,-188.0
-498.0,,-86.0,583.0,-88.0,-152.0,218.0,-184.0,406.0,-347.0
-423.0,,-140.0,692.0,-59.0,-143.0,221.0,149.0,320.0,-555.0
-399.0,,-189.0,760.0,-26.0,-91.0,231.0,-3.0,226.0,-771.0
-416.0,,-252.0,802.0,-10.0,-83.0,233.0,182.0,141.0,-984.0
-407.0,,-272.0,857.0,-10.0,-141.0,275.0,284.0,66.0,-1179.0
-353.0,,-312.0,873.0,-11.0,-127.0,291.0,38.0,4.0,-1339.0
-290.0,,-327.0,847.0,0.0,-68.0,240.0,240.0,-33.0,-1455.0
-250.0,,-310.0,793.0,49.0,-83.0,216.0,-179.0,-57.0,-1524.0
-182.0,,-295.0,690.0,123.0,-68.0,190.0,70.0,-69.0,-1564.0
-137.0,,-280.0,601.0,191.0,-47.0,163.0,66.0,-56.0,-1581.0
-125.0,,-268.0,515.0,219.0,-35.0,194.0,99.0,-17.0,-1578.0
-111.0,,-233.0,416.0,185.0,-62.0,234.0,339.0,56.0,-1549.0
-90.0,,-244.0,345.0,115.0,-96.0,214.0,33.0,123.0,-1481.0
-82.0,,-248.0,287.0,62.0,-68.0,205.0,266.0,170.0,-1378.0
-78.0,,-258.0,235.0,25.0,-16.0,223.0,-40.0,223.0,-1253.0
-51.0,,-279.0,194.0,-18.0,-29.0,211.0,127.0,251.0,-1090.0
5.0,,-288.0,177.0,-76.0,-99.0,188.0,221.0,246.0,-898.0
71.0,,-319.0,174.0,-144.0,-94.0,160.0,112.0,228.0,-687.0
125.0,,-308.0,183.0,-159.0,-63.0,161.0,463.0,207.0,-465.0
181.0,,-318.0,256.0,-123.0,-68.0,187.0,179.0,172.0,-229.0
246.0,,-329.0,337.0,-53.0,-150.0,211.0,480.0,121.0,8.0
294.0,,-303.0,398.0,45.0,-189.0,218.0,332.0,77.0,217.0
272.0,,-309.0,449.0,135.0,-107.0,210.0,260.0,46.0,393.0
241.0,,-317.0,474.0,215.0,-152.0,221.0,399.0,39.0,512.0
245.0,,-321.0,491.0,253.0,-228.0,231.0,181.0,46.0,589.0
247.0,,-339.0,500.0,236.0,-191.0,239.0,539.0,59.0,651.0
197.0,,-375.0,532.0,174.0,-108.0,277.0,290.0,77.0,670.0
149.0,,-420.0,576.0,83.0,-41.0,304.0,476.0,83.0,678.0
182.0,,-462.0,599.0,-1.0,-106.0,297.0,430.0,68.0,651.0
233.0,,-510.0,614.0,-45.0,-153.0,284.0,323.0,48.0,568.0
262.0,,-548.0,615.0,-40.0,-134.0,296.0,670.0,41.0,493.0
274.0,,-576.0,587.0,-37.0,-129.0,331.0,447.0,28.0,401.0
313.0,,-592.0,561.0,-43.0,-156.0,330.0,861.0,18.0,319.0
369.0,,-600.0,562.0,-63.0,-255.0,300.0,731.0,23.0,277.0
405.0,,-590.0,541.0,-105.0,-272.0,286.0,774.0,44.0,279.0
422.0,,-570.0,524.0,-136.0,-244.0,314.0,877.0,87.0,330.0
472.0,,-553.0,507.0,-160.0,-296.0,362.0,609.0,142.0,402.0
564.0,,-504.0,466.0,-167.0,-388.0,417.0,955.0,216.0,466.0
634.0,,-463.0,395.0,-162.0,-423.0,487.0,713.0,313.0,504.0
654.0,,-412.0,325.0,-195.0,-377.0,466.0,946.0,397.0,512.0
665.0,,-352.0,292.0,-258.0,-400.0,409.0,842.0,467.0,449.0
712.0,,-331.0,249.0,-289.0,-441.0,415.0,685.0,535.0,336.0
728.0,,-291.0,207.0,-253.0,-420.0,440.0,909.0,589.0,188.0
709.0,,-270.0,177.0,-138.0,-419.0,481.0,639.0,627.0,46.0
659.0,,-277.0,178.0,27.0,-427.0,489.0,1055.0,627.0,-64.0
586.0,,-261.0,191.0,190.0,-434.0,457.0,920.0,606.0,-173.0
521.0,,-274.0,181.0,311.0,-444.0,471.0,1042.0,589.0,-261.0
463.0,,-289.0,164.0,364.0,-467.0,520.0,1141.0,567.0,-329.0
405.0,,-284.0,116.0,368.0,-512.0,536.0,857.0,540.0,-374.0
284.0,,-320.0,39.0,361.0,-482.0,539.0,1116.0,501.0,-402.0
146.0,,-338.0,-11.0,320.0,-422.0,532.0,800.0,456.0,-430.0
69.0,,-343.0,-21.0,244.0,-426.0,545.0,1032.0,411.0,-452.0
7.0,,-379.0,-24.0,153.0,-448.0,568.0,946.0,357.0,-445.0
-85.0,,-400.0,-36.0,56.0,-475.0,552.0,912.0,314.0,-434.0
-153.0,,-429.0,-51.0,-22.0,-452.0,574.0,1152.0,280.0,-389.0
-143.0,,-467.0,-44.0,-73.0,-427.0,624.0,829.0,237.0,-310.0
-122.0,,-493.0,-24.0,-119.0,-479.0,623.0,1093.0,203.0,-231.0
-145.0,,-520.0,0.0,-188.0,-508.0,563.0,801.0,188.0,-144.0
-182.0,,-509.0,34.0,-262.0,-440.0,524.0,925.0,170.0,-82.0
-190.0,,-479.0,83.0,-306.0,-347.0,542.0,1067.0,155.0,-33.0
-203.0,,-461.0,145.0,-316.0,-402.0,562.0,970.0,126.0,-23.0
-243.0,,-420.0,178.0,-285.0,-501.0,609.0,1310.0,60.0,-31.0
-276.0,,-374.0,190.0,-229.0,-480.0,629.0,933.0,-8.0,-75.0
-295.0,,-337.0,204.0,-168.0,-463.0,624.0,1045.0,-87.0,-142.0
-280.0,,-291.0,209.0,-112.0,-506.0,660.0,805.0,-155.0,-192.0
-229.0,,-241.0,184.0,-58.0,-542.0,713.0,744.0,-205.0,-280.0
-183.0,,-200.0,141.0,-20.0,-505.0,740.0,997.0,-261.0,-356.0
-152.0,,-162.0,124.0,-6.0,-486.0,698.0,781.0,-308.0,-415.0
-100.0,,-147.0,145.0,17.0,-569.0,666.0,1132.0,-355.0,-457.0
-48.0,,-124.0,182.0,47.0,-653.0,652.0,872.0,-403.0,-479.0
-9.0,,-91.0,219.0,84.0,-637.0,621.0,997.0,-450.0,-489.0
44.0,,-95.0,259.0,122.0,-550.0,597.0,1018.0,-487.0,-487.0
119.0,,-91.0,284.0,142.0,-607.0,564.0,794.0,-528.0,-492.0
190.0,,-87.0,324.0,142.0,-738.0,525.0,1051.0,-546.0,-490.0
243.0,,-100.0,376.0,131.0,-676.0,526.0,776.0,-543.0,-527.0
314.0,,-125.0,388.0,143.0,-540.0,555.0,1112.0,-542.0,-565.0
371.0,,-160.0,366.0,177.0,-554.0,553.0,1060.0,-519.0,-591.0
382.0,,-200.0,325.0,217.0,-623.0,536.0,1097.0,-481.0,-614.0
391.0,,-234.0,274.0,253.0,-575.0,578.0,1219.0,-422.0,-626.0
386.0,,-246.0,230.0,243.0,-492.0,642.0,894.0,-363.0,-652.0
337.0,,-261.0,221.0,201.0,-499.0,636.0,1180.0,-302.0,-660.0
254.0,,-280.0,231.0,156.0,-565.0,621.0,846.0,-236.0,-639.0
168.0,,-315.0,231.0,95.0,-595.0,630.0,936.0,-181.0,-564.0
95.0,,-317.0,238.0,29.0,-515.0,644.0,879.0,-129.0,-458.0
24.0,,-358.0,269.0,-23.0,-467.0,677.0,720.0,-68.0,-315.0
-60.0,,-406.0,317.0,-92.0,-536.0,687.0,1010.0,-13.0,-128.0
-148.0,,-411.0,384.0,-182.0,-571.0,648.0,707.0,36.0,68.0
-198.0,,-456.0,486.0,-253.0,-543.0,606.0,982.0,89.0,279.0
-254.0,,-465.0,587.0,-277.0,-513.0,606.0,755.0,151.0,452.0
-302.0,,-501.0,660.0,-241.0,-565.0,613.0,735.0,207.0,579.0
-338.0,,-500.0,731.0,-162.0,-630.0,572.0,909.0,248.0,666.0
-393.0,,-466.0,803.0,-86.0,-575.0,553.0,715.0,296.0,700.0
-437.0,,-452.0,860.0,-43.0,-575.0,580.0,1079.0,310.0,695.0
-480.0,,-394.0,940.0,-23.0,-638.0,586.0,753.0,303.0,653.0
-502.0,,-332.0,1025.0,-27.0,-648.0,560.0,861.0,308.0,585.0
-540.0,,-250.0,1091.0,-53.0,-602.0,533.0,783.0,301.0,519.0
-556.0,,-175.0,1152.0,-83.0,-526.0,554.0,679.0,287.0,467.0
-530.0,,-109.0,1194.0,-99.0,-574.0,562.0,968.0,284.0,417.0
-544.0,,-43.0,1214.0,-81.0,-635.0,556.0,657.0,295.0,362.0
-558.0,,37.0,1187.0,-25.0,-535.0,565.0,944.0,305.0,327.0
-507.0,,94.0,1159.0,51.0,-448.0,545.0,735.0,332.0,308.0
-413.0,,138.0,1112.0,116.0,-499.0,526.0,816.0,349.0,321.0
-382.0,,169.0,1002.0,128.0,-561.0,536.0,914.0,344.0,355.0
-349.0,,152.0,855.0,95.0,-556.0,550.0,593.0,319.0,404.0
-245.0,,151.0,690.0,57.0,-559.0,522.0,853.0,271.0,496.0
-157.0,,100.0,520.0,18.0,-594.0,490.0,509.0,203.0,591.0
-94.0,,53.0,348.0,-17.0,-575.0,457.0,659.0,124.0,688.0
-34.0,,24.0,222.0,-41.0,-536.0,404.0,537.0,51.0,753.0
59.0,,-30.0,156.0,-52.0,-569.0,352.0,434.0,-30.0,815.0
141.0,,-59.0,110.0,-39.0,-620.0,325.0,709.0,-100.0,876.0
150.0,,-92.0,76.0,-6.0,-676.0,314.0,471.0,-137.0,877.0
160.0,,-132.0,101.0,46.0,-708.0,300.0,800.0,-141.0,840.0
203.0,,-161.0,135.0,111.0,-646.0,339.0,545.0,-111.0,770.0
213.0,,-182.0,141.0,161.0,-667.0,353.0,593.0,-50.0,658.0
163.0,,-221.0,169.0,170.0,-786.0,358.0,644.0,40.0,505.0
101.0,,-238.0,173.0,118.0,-777.0,369.0,399.0,160.0,373.0
85.0,,-254.0,152.0,26.0,-709.0,377.0,659.0,302.0,233.0
76.0,,-289.0,139.0,-56.0,-652.0,402.0,352.0,429.0,101.0
13.0,,-300.0,159.0,-88.0,-587.0,412.0,585.0,515.0,21.0
-24.0,,-313.0,199.0,-60.0,-523.0,449.0,461.0,566.0,-55.0
-17.0,,-312.0,253.0,5.0,-413.0,465.0,436.0,585.0,-102.0
-26.0,,-317.0,334.0,75.0,-413.0,470.0,628.0,555.0,-140.0
-66.0,,-325.0,370.0,126.0,-455.0,469.0,279.0,490.0,-167.0
-76.0,,-316.0,378.0,168.0,-378.0,472.0,515.0,402.0,-193.0
-34.0,,-309.0,397.0,190.0,-308.0,464.0,214.0,295.0,-225.0
1.0,,-286.0,379.0,163.0,-290.0,427.0,367.0,186.0,-259.0
22.0,,-245.0,345.0,82.0,-356.0,444.0,436.0,56.0,-325.0
28.0,,-201.0,290.0,-21.0,-331.0,413.0,266.0,-68.0,-374.0
37.0,,-162.0,193.0,-102.0,-241.0,353.0,521.0,-172.0,-435.0
50.0,,-121.0,104.0,-101.0,-319.0,317.0,110.0,-267.0,-466.0
37.0,,-87.0,16.0,-1.0,-367.0,310.0,288.0,-330.0,-455.0
0.0,,-66.0,-46.0,132.0,-307.0,338.0,86.0,-367.0,-465.0
-17.0,,-77.0,-48.0,227.0,-217.0,299.0,73.0,-389.0,-415.0
-13.0,,-104.0,-19.0,233.0,-198.0,263.0,303.0,-384.0,-312.0
-34.0,,-141.0,63.0,158.0,-206.0,253.0,68.0,-363.0,-200.0
-62.0,,-221.0,173.0,29.0,-128.0,217.0,421.0,-324.0,-51.0
-82.0,,-291.0,282.0,-104.0,-123.0,211.0,142.0,-274.0,140.0
-104.0,,-375.0,383.0,-179.0,-196.0,199.0,236.0,-235.0,335.0
-144.0,,-485.0,462.0,-236.0,-236.0,179.0,153.0,-220.0,499.0
-199.0,,-556.0,541.0,-296.0,-175.0,172.0,-60.0,-208.0,626.0
-225.0,,-623.0,588.0,-327.0,-99.0,175.0,210.0,-190.0,692.0
-220.0,,-705.0,574.0,-330.0,-88.0,154.0,-96.0,-190.0,713.0
-232.0,,-731.0,514.0,-313.0,-100.0,110.0,218.0,-201.0,678.0
-288.0,,-749.0,445.0,-263.0,-128.0,130.0,68.0,-202.0,584.0
-320.0,,-756.0,408.0,-175.0,-87.0,160.0,42.0,-217.0,470.0
-353.0,,-719.0,379.0,-71.0,-12.0,180.0,121.0,-236.0,335.0
-442.0,,-709.0,345.0,23.0,50.0,190.0,-140.0,-260.0,212.0
-518.0,,-650.0,340.0,100.0,87.0,191.0,199.0,-294.0,107.0
-548.0,,-600.0,354.0,137.0,121.0,219.0,-62.0,-329.0,12.0
-568.0,,-583.0,370.0,118.0,151.0,205.0,151.0,-365.0,-74.0
-602.0,,-545.0,402.0,62.0,77.0,197.0,105.0,-392.0,-154.0
-618.0,,-548.0,413.0,16.0,35.0,169.0,-22.0,-410.0,-211.0
-594.0,,-554.0,434.0,-6.0,27.0,119.0,201.0,-408.0,-260.0
-563.0,,-573.0,501.0,-34.0,22.0,144.0,-129.0,-367.0,-316.0
-570.0,,-608.0,550.0,-67.0,66.0,154.0,155.0,-316.0,-366.0
-567.0,,-638.0,589.0,-117.0,28.0,127.0,-92.0,-257.0,-395.0
-542.0,,-663.0,601.0,-190.0,28.0,98.0,-73.0,-180.0,-419.0
-544.0,,-685.0,555.0,-255.0,66.0,63.0,38.0,-102.0,-448.0
-563.0,,-690.0,528.0,-281.0,80.0,64.0,-112.0,-35.0,-476.0
-605.0,,-680.0,508.0,-250.0,78.0,98.0,247.0,39.0,-488.0
-638.0,,-667.0,477.0,-192.0,21.0,144.0,-48.0,108.0,-470.0
-659.0,,-622.0,483.0,-127.0,1.0,167.0,103.0,161.0,-415.0
-733.0,,-589.0,487.0,-71.0,-56.0,163.0,-86.0,246.0,-348.0
-830.0,,-545.0,492.0,-16.0,-67.0,148.0,-234.0,339.0,-276.0
-870.0,,-467.0,501.0,47.0,6.0,142.0,-51.0,420.0,-189.0
-857.0,,-408.0,532.0,88.0,85.0,172.0,-325.0,517.0,-118.0
-834.0,,-334.0,594.0,80.0,121.0,174.0,38.0,599.0,-83.0
-825.0,,-253.0,612.0,49.0,62.0,166.0,-164.0,682.0,-77.0
-772.0,,-194.0,640.0,26.0,123.0,185.0,-101.0,735.0,-94.0
-677.0,,-141.0,674.0,19.0,182.0,166.0,-88.0,736.0,-148.0
-597.0,,-114.0,663.0,25.0,116.0,111.0,-314.0,727.0,-221.0
-514.0,,-90.0,640.0,40.0,77.0,111.0,-25.0,708.0,-301.0
-448.0,,-77.0,612.0,85.0,98.0,137.0,-291.0,679.0,-356.0
-379.0,,-79.0,603.0,133.0,130.0,132.0,0.0,634.0,-406.0
-300.0,,-65.0,638.0,162.0,56.0,134.0,-49.0,580.0,-452.0
-234.0,,-59.0,693.0,165.0,8.0,102.0,-9.0,542.0,-452.0
-161.0,,-43.0,718.0,134.0,48.0,66.0,188.0,521.0,-445.0
-96.0,,-12.0,705.0,78.0,8.0,44.0,-123.0,499.0,-405.0
-47.0,,1.0,675.0,14.0,-35.0,37.0,158.0,485.0,-321.0
-17.0,,33.0,676.0,-26.0,-19.0,23.0,-84.0,488.0,-238.0
-2.0,,73.0,705.0,-58.0,0.0,-32.0,79.0,475.0,-146.0
-3.0,,90.0,764.0,-100.0,12.0,-59.0,110.0,468.0,-48.0
-13.0,,110.0,835.0,-140.0,0.0,-43.0,-66.0,468.0,16.0
-20.0,,135.0,857.0,-163.0,-29.0,-36.0,149.0,443.0,79.0
-34.0,,131.0,854.0,-165.0,-77.0,-56.0,-181.0,398.0,167.0
-62.0,,130.0,837.0,-162.0,-81.0,-23.0,72.0,332.0,255.0
-99.0,,144.0,808.0,-164.0,-54.0,23.0,-97.0,258.0,344.0
-109.0,,123.0,750.0,-154.0,-49.0,34.0,-86.0,176.0,393.0
-85.0,,102.0,642.0,-109.0,10.0,87.0,-12.0,83.0,413.0
-38.0,,69.0,512.0,-45.0,73.0,157.0,-293.0,18.0,407.0
5.0,,23.0,378.0,-13.0,121.0,205.0,55.0,-39.0,355.0
42.0,,-10.0,226.0,-7.0,186.0,216.0,-236.0,-98.0,266.0
101.0,,-66.0,79.0,6.0,214.0,195.0,-55.0,-141.0,167.0
185.0,,-99.0,-39.0,19.0,179.0,141.0,-70.0,-190.0,71.0
260.0,,-139.0,-116.0,14.0,148.0,76.0,-192.0,-248.0,-41.0
286.0,,-159.0,-128.0,-10.0,185.0,24.0,72.0,-316.0,-139.0
317.0,,-138.0,-137.0,-33.0,164.0,-8.0,-205.0,-378.0,-231.0
335.0,,-132.0,-129.0,-9.0,102.0,-4.0,118.0,-432.0,-321.0
306.0,,-94.0,-56.0,96.0,-12.0,0.0,-131.0,-465.0,-391.0
284.0,,-35.0,18.0,231.0,-66.0,-38.0,-140.0,-475.0,-467.0
266.0,,18.0,69.0,310.0,25.0,-76.0,-55.0,-475.0,-509.0
256.0,,71.0,117.0,302.0,-22.0,-63.0,-314.0,-445.0,-516.0
227.0,,149.0,203.0,230.0,-83.0,-53.0,-5.0,-402.0,-521.0
191.0,,237.0,321.0,135.0,-55.0,-71.0,-306.0,-333.0,-489.0
187.0,,299.0,372.0,26.0,25.0,-121.0,-127.0,-249.0,-419.0
180.0,,351.0,358.0,-70.0,72.0,-176.0,-266.0,-166.0,-362.0
163.0,,390.0,351.0,-164.0,14.0,-199.0,-413.0,-76.0,-276.0
138.0,,397.0,312.0,-252.0,-13.0,-222.0,-240.0,-7.0,-150.0
99.0,,385.0,220.0,-302.0,12.0,-210.0,-500.0,54.0,-40.0
60.0,,376.0,125.0,-342.0,70.0,-187.0,-79.0,117.0,87.0
12.0,,345.0,51.0,-358.0,20.0,-194.0,-243.0,169.0,200.0
-17.0,,307.0,-12.0,-311.0,-14.0,-221.0,-147.0,203.0,265.0
-10.0,,282.0,-95.0,-198.0,46.0,-255.0,-158.0,207.0,297.0
25.0,,227.0,-196.0,-38.0,81.0,-249.0,-423.0,185.0,288.0
68.0,,174.0,-279.0,130.0,127.0,-235.0,-103.0,136.0,245.0
92.0,,127.0,-343.0,263.0,121.0,-218.0,-338.0,60.0,181.0
139.0,,42.0,-398.0,308.0,87.0,-216.0,-31.0,-27.0,116.0
194.0,,-28.0,-435.0,272.0,56.0,-232.0,-116.0,-100.0,48.0
241.0,,-98.0,-461.0,203.0,33.0,-222.0,-188.0,-180.0,-7.0
263.0,,-179.0,-420.0,135.0,35.0,-225.0,-53.0,-274.0,-49.0
240.0,,-232.0,-330.0,63.0,15.0,-251.0,-347.0,-365.0,-98.0
220.0,,-282.0,-262.0,-39.0,35.0,-247.0,-60.0,-456.0,-146.0
205.0,,-315.0,-158.0,-161.0,6.0,-199.0,-339.0,-540.0,-190.0
185.0,,-325.0,-20.0,-272.0,-60.0,-145.0,-179.0,-612.0,-226.0
164.0,,-319.0,135.0,-375.0,-49.0,-104.0,-151.0,-662.0,-241.0
138.0,,-293.0,288.0,-466.0,-26.0,-100.0,-336.0,-692.0,-224.0
101.0,,-247.0,415.0,-497.0,21.0,-91.0,-57.0,-714.0,-166.0
74.0,,-205.0,560.0,-448.0,16.0,-81.0,-388.0,-712.0,-104.0
44.0,,-132.0,685.0,-332.0,41.0,-118.0,-147.0,-697.0,-23.0
23.0,,-52.0,788.0,-211.0,59.0,-114.0,-362.0,-662.0,88.0
24.0,,14.0,858.0,-136.0,-27.0,-96.0,-395.0,-601.0,202.0
20.0,,103.0,875.0,-79.0,-23.0,-85.0,-232.0,-527.0,303.0
27.0,,181.0,867.0,-12.0,37.0,-59.0,-476.0,-441.0,337.0
71.0,,258.0,813.0,84.0,117.0,-44.0,-144.0,-334.0,339.0
126.0,,335.0,768.0,212.0,81.0,-20.0,-391.0,-216.0,319.0
139.0,,409.0,755.0,324.0,77.0,-10.0,-114.0,-120.0,214.0
148.0,,466.0,726.0,372.0,158.0,9.0,-109.0,-52.0,74.0
176.0,,497.0,704.0,316.0,151.0,48.0,-269.0,-13.0,-58.0
202.0,,505.0,692.0,169.0,158.0,67.0,-42.0,4.0,-239.0
184.0,,501.0,646.0,-17.0,37.0,52.0,-388.0,10.0,-404.0
141.0,,454.0,578.0,-190.0,-6.0,47.0,-144.0,20.0,-538.0
155.0,,379.0,535.0,-311.0,46.0,88.0,-380.0,17.0,-647.0
177.0,,325.0,546.0,-362.0,27.0,78.0,-295.0,-20.0,-714.0
166.0,,238.0,614.0,-326.0,-79.0,42.0,-153.0,-65.0,-766.0
170.0,,177.0,709.0,-241.0,-164.0,26.0,-373.0,-129.0,-746.0
194.0,,110.0,823.0,-151.0,5.0,-1.0,-29.0,-205.0,-694.0
227.0,,43.0,916.0,-85.0,27.0,4.0,-319.0,-299.0,-644.0
263.0,,10.0,978.0,-46.0,-52.0,15.0,-118.0,-401.0,-594.0
291.0,,-30.0,1010.0,-20.0,-22.0,-2.0,-234.0,-468.0,-507.0
303.0,,-45.0,993.0,-20.0,-6.0,-31.0,-334.0,-528.0,-407.0
289.0,,-44.0,936.0,-48.0,-33.0,-16.0,-44.0,-564.0,-338.0
269.0,,-24.0,827.0,-125.0,-133.0,23.0,-282.0,-560.0,-247.0
256.0,,4.0,707.0,-220.0,-126.0,8.0,70.0,-534.0,-200.0
271.0,,49.0,618.0,-282.0,-38.0,-1.0,-201.0,-485.0,-205.0
287.0,,86.0,550.0,-306.0,-24.0,-4.0,-214.0,-433.0,-233.0
263.0,,145.0,485.0,-279.0,-101.0,-17.0,-186.0,-385.0,-333.0
217.0,,197.0,403.0,-215.0,-147.0,-29.0,-408.0,-359.0,-451.0
189.0,,211.0,321.0,-147.0,-95.0,-22.0,-81.0,-345.0,-549.0
172.0,,256.0,251.0,-94.0,10.0,-8.0,-336.0,-336.0,-657.0
105.0,,256.0,214.0,-65.0,-12.0,-26.0,-33.0,-351.0,-723.0
21.0,,258.0,186.0,-68.0,-118.0,-15.0,-112.0,-364.0,-724.0
-17.0,,273.0,134.0,-99.0,-110.0,1.0,-188.0,-363.0,-677.0
-30.0,,266.0,121.0,-115.0,-112.0,-6.0,-14.0,-339.0,-583.0
-65.0,,294.0,128.0,-80.0,-190.0,-24.0,-347.0,-304.0,-408.0
-109.0,,312.0,131.0,4.0,-293.0,-38.0,-49.0,-264.0,-171.0
-134.0,,329.0,133.0,110.0,-281.0,-17.0,-297.0,-216.0,19.0
-153.0,,356.0,114.0,197.0,-269.0,-5.0,-142.0,-170.0,178.0
-159.0,,371.0,89.0,255.0,-277.0,-31.0,-48.0,-105.0,318.0
-165.0,,375.0,53.0,273.0,-282.0,-57.0,-230.0,-52.0,402.0
-154.0,,392.0,12.0,244.0,-294.0,-71.0,49.0,-10.0,406.0
-119.0,,375.0,-35.0,169.0,-165.0,-66.0,-290.0,36.0,320.0
-64.0,,336.0,-71.0,72.0,-177.0,-65.0,-68.0,71.0,225.0
-16.0,,320.0,-85.0,15.0,-204.0,-77.0,-192.0,120.0,115.0
16.0,,267.0,-124.0,39.0,-111.0,-75.0,-184.0,189.0,-28.0
64.0,,224.0,-158.0,114.0,-10.0,-83.0,53.0,261.0,-160.0
106.0,,182.0,-162.0,181.0,45.0,-77.0,-199.0,309.0,-270.0
162.0,,130.0,-180.0,227.0,-35.0,-64.0,79.0,345.0,-368.0
225.0,,87.0,-188.0,242.0,-44.0,-77.0,-192.0,380.0,-461.0
290.0,,38.0,-169.0,226.0,-121.0,-101.0,-42.0,389.0,-518.0
338.0,,10.0,-128.0,175.0,-244.0,-124.0,-20.0,370.0,-572.0
360.0,,-16.0,-56.0,121.0,-230.0,-167.0,-149.0,335.0,-632.0
373.0,,-29.0,-8.0,117.0,-130.0,-230.0,105.0,286.0,-674.0
379.0,,-37.0,37.0,142.0,-62.0,-239.0,-210.0,220.0,-714.0
355.0,,-39.0,88.0,121.0,-148.0,-218.0,96.0,144.0,-774.0
307.0,,-12.0,129.0,8.0,-91.0,-214.0,-31.0,73.0,-879.0
273.0,,9.0,186.0,-168.0,56.0,-233.0,33.0,-5.0,-997.0
237.0,,39.0,228.0,-336.0,88.0,-238.0,210.0,-84.0,-1142.0
170.0,,68.0,246.0,-426.0,87.0,-202.0,-101.0,-170.0,-1271.0
101.0,,88.0,222.0,-427.0,53.0,-180.0,140.0,-268.0,-1323.0
78.0,,119.0,173.0,-381.0,107.0,-169.0,-144.0,-334.0,-1342.0
57.0,,136.0,162.0,-295.0,177.0,-159.0,9.0,-372.0,-1293.0
24.0,,138.0,166.0,-197.0,140.0,-163.0,-36.0,-386.0,-1193.0
6.0,,173.0,176.0,-104.0,123.0,-165.0,-105.0,-383.0,-1084.0
14.0,,192.0,221.0,-10.0,134.0,-155.0,184.0,-360.0,-973.0
46.0,,204.0,295.0,59.0,154.0,-172.0,-97.0,-299.0,-878.0
65.0,,240.0,380.0,100.0,118.0,-204.0,210.0,-231.0,-770.0
76.0,,253.0,481.0,143.0,66.0,-253.0,9.0,-150.0,-681.0
89.0,,259.0,612.0,227.0,105.0,-308.0,64.0,-59.0,-618.0
120.0,,267.0,719.0,359.0,141.0,-294.0,155.0,46.0,-595.0
149.0,,246.0,764.0,502.0,211.0,-286.0,-164.0,146.0,-573.0
149.0,,243.0,776.0,588.0,288.0,-290.0,116.0,232.0,-517.0
151.0,,238.0,771.0,601.0,329.0,-303.0,-153.0,319.0,-479.0
161.0,,206.0,765.0,564.0,407.0,-331.0,107.0,390.0,-434.0
168.0,,198.0,754.0,492.0,409.0,-352.0,131.0,461.0,-381.0
182.0,,192.0,701.0,396.0,334.0,-371.0,57.0,493.0,-301.0
232.0,,177.0,603.0,282.0,313.0,-373.0,210.0,503.0,-203.0
300.0,,174.0,498.0,139.0,346.0,-375.0,-138.0,505.0,-107.0
319.0,,173.0,377.0,-41.0,303.0,-333.0,188.0,475.0,-38.0
328.0,,169.0,234.0,-217.0,228.0,-313.0,-14.0,423.0,-5.0
368.0,,150.0,122.0,-337.0,305.0,-316.0,123.0,356.0,7.0
419.0,,115.0,33.0,-401.0,410.0,-273.0,240.0,295.0,-1.0
471.0,,75.0,-38.0,-420.0,405.0,-220.0,3.0,228.0,-21.0
495.0,,36.0,-77.0,-398.0,381.0,-163.0,269.0,146.0,-63.0
523.0,,-8.0,-75.0,-339.0,425.0,-136.0,-62.0,75.0,-97.0
559.0,,-50.0,-23.0,-247.0,517.0,-137.0,173.0,20.0,-112.0
596.0,,-84.0,50.0,-148.0,512.0,-157.0,64.0,-30.0,-109.0
627.0,,-107.0,125.0,-78.0,478.0,-168.0,68.0,-64.0,-47.0
637.0,,-116.0,214.0,-45.0,507.0,-157.0,327.0,-80.0,98.0
650.0,,-125.0,290.0,-35.0,538.0,-129.0,48.0,-95.0,273.0
653.0,,-103.0,363.0,-20.0,544.0,-132.0,334.0,-82.0,474.0
645.0,,-48.0,463.0,3.0,521.0,-171.0,14.0,-72.0,687.0
616.0,,4.0,532.0,25.0,535.0,-190.0,99.0,-66.0,847.0
590.0,,78.0,596.0,6.0,559.0,-197.0,123.0,-40.0,954.0
581.0,,148.0,660.0,-81.0,599.0,-170.0,3.0,-28.0,1007.0
552.0,,223.0,687.0,-192.0,606.0,-152.0,325.0,-23.0,983.0
532.0,,293.0,681.0,-261.0,574.0,-144.0,-31.0,-8.0,868.0
546.0,,343.0,645.0,-244.0,602.0,-110.0,212.0,-22.0,695.0
567.0,,392.0,594.0,-159.0,626.0,-68.0,57.0,-40.0,456.0
584.0,,413.0,509.0,-61.0,613.0,-60.0,42.0,-56.0,213.0
618.0,,427.0,426.0,17.0,598.0,-91.0,208.0,-88.0,3.0
661.0,,441.0,328.0,59.0,656.0,-90.0,-112.0,-109.0,-219.0
690.0,,427.0,197.0,44.0,663.0,-98.0,190.0,-138.0,-387.0
677.0,,422.0,88.0,-34.0,521.0,-128.0,-81.0,-164.0,-483.0
665.0,,421.0,0.0,-158.0,471.0,-105.0,35.0,-172.0,-520.0
659.0,,404.0,-13.0,-271.0,550.0,-62.0,22.0,-175.0,-510.0
647.0,,408.0,9.0,-310.0,578.0,-49.0,-129.0,-175.0,-463.0
612.0,,420.0,13.0,-257.0,550.0,-62.0,151.0,-178.0,-366.0
568.0,,414.0,57.0,-151.0,565.0,-60.0,-168.0,-175.0,-230.0
543.0,,428.0,140.0,-61.0,640.0,-15.0,81.0,-149.0,-74.0
490.0,,447.0,218.0,-19.0,653.0,29.0,-107.0,-94.0,60.0
429.0,,468.0,283.0,-11.0,607.0,52.0,-77.0,-40.0,185.0
402.0,,506.0,353.0,-17.0,592.0,87.0,83.0,20.0,323.0
410.0,,515.0,418.0,-25.0,546.0,107.0,-162.0,96.0,462.0
383.0,,541.0,470.0,-5.0,538.0,92.0,149.0,164.0,568.0
324.0,,564.0,494.0,54.0,528.0,68.0,-125.0,211.0,614.0
313.0,,540.0,480.0,126.0,482.0,41.0,114.0,223.0,612.0
346.0,,547.0,461.0,183.0,506.0,24.0,110.0,215.0,556.0
375.0,,534.0,438.0,194.0,544.0,1.0,-5.0,194.0,486.0
360.0,,489.0,379.0,147.0,513.0,-17.0,190.0,140.0,389.0
366.0,,459.0,292.0,72.0,489.0,-20.0,-158.0,81.0,269.0
412.0,,399.0,224.0,-7.0,548.0,-49.0,168.0,32.0,165.0
450.0,,340.0,176.0,-80.0,568.0,-87.0,3.0,-34.0,71.0
421.0,,291.0,119.0,-103.0,499.0,-118.0,107.0,-89.0,8.0
404.0,,243.0,71.0,-56.0,424.0,-116.0,147.0,-134.0,-36.0
449.0,,216.0,55.0,13.0,469.0,-92.0,-182.0,-170.0,-49.0
453.0,,204.0,32.0,54.0,497.0,-106.0,48.0,-202.0,-48.0
422.0,,209.0,1.0,28.0,375.0,-118.0,-345.0,-244.0,-60.0
402.0,,211.0,-24.0,-31.0,294.0,-147.0,-160.0,-264.0,-83.0
417.0,,206.0,-33.0,-75.0,315.0,-154.0,-227.0,-263.0,-126.0
392.0,,205.0,-21.0,-78.0,359.0,-104.0,-256.0,-254.0,-170.0
307.0,,187.0,-17.0,-28.0,306.0,-73.0,22.0,-235.0,-217.0
240.0,,158.0,-4.0,35.0,225.0,-87.0,-247.0,-187.0,-257.0
198.0,,139.0,-7.0,88.0,221.0,-149.0,77.0,-124.0,-274.0
181.0,,98.0,-49.0,111.0,252.0,-179.0,-114.0,-73.0,-282.0
140.0,,50.0,-99.0,89.0,256.0,-199.0,18.0,-7.0,-267.0
119.0,,22.0,-100.0,12.0,177.0,-228.0,68.0,51.0,-239.0
150.0,,-21.0,-79.0,-107.0,154.0,-196.0,-164.0,96.0,-185.0
170.0,,-63.0,-44.0,-218.0,203.0,-197.0,77.0,144.0,-102.0
193.0,,-98.0,24.0,-278.0,191.0,-216.0,-271.0,178.0,-20.0
201.0,,-163.0,83.0,-260.0,135.0,-208.0,-12.0,202.0,84.0
219.0,,-210.0,141.0,-207.0,109.0,-243.0,-147.0,231.0,183.0
221.0,,-231.0,205.0,-201.0,89.0,-238.0,-218.0,254.0,263.0
176.0,,-261.0,246.0,-246.0,58.0,-229.0,-7.0,282.0,322.0
167.0,,-260.0,273.0,-277.0,59.0,-240.0,-304.0,296.0,336.0
171.0,,-247.0,292.0,-263.0,93.0,-207.0,14.0,283.0,337.0
142.0,,-223.0,288.0,-194.0,119.0,-189.0,-238.0,272.0,305.0
108.0,,-175.0,242.0,-102.0,106.0,-144.0,-144.0,234.0,256.0
95.0,,-143.0,173.0,-42.0,95.0,-109.0,-153.0,162.0,216.0
85.0,,-106.0,114.0,-25.0,112.0,-108.0,-347.0,81.0,176.0
56.0,,-50.0,52.0,-36.0,149.0,-80.0,-64.0,-16.0,140.0
14.0,,-26.0,-26.0,-40.0,139.0,-31.0,-367.0,-121.0,137.0
3.0,,-9.0,-84.0,-40.0,106.0,11.0,-29.0,-223.0,163.0
48.0,,-1.0,-85.0,-19.0,148.0,15.0,-153.0,-291.0,179.0
57.0,,-34.0,-33.0,45.0,143.0,39.0,-160.0,-311.0,216.0
45.0,,-53.0,37.0,130.0,79.0,74.0,18.0,-299.0,260.0
69.0,,-91.0,174.0,211.0,31.0,83.0,-266.0,-263.0,309.0
98.0,,-125.0,350.0,263.0,60.0,70.0,96.0,-233.0,347.0
108.0,,-131.0,490.0,291.0,186.0,53.0,-129.0,-215.0,355.0
99.0,,-141.0,612.0,333.0,161.0,45.0,81.0,-219.0,340.0
117.0,,-108.0,712.0,421.0,21.0,8.0,68.0,-266.0,272.0
129.0,,-61.0,784.0,530.0,-2.0,-36.0,-103.0,-322.0,194.0
127.0,,-7.0,802.0,609.0,56.0,-93.0,88.0,-378.0,106.0
147.0,,69.0,763.0,625.0,97.0,-127.0,-306.0,-451.0,4.0
174.0,,123.0,688.0,546.0,93.0,-126.0,-1.0,-516.0,-99.0
209.0,,190.0,595.0,396.0,105.0,-102.0,-179.0,-566.0,-217.0
255.0,,267.0,501.0,210.0,87.0,-63.0,-88.0,-609.0,-330.0
294.0,,309.0,401.0,17.0,43.0,-32.0,40.0,-638.0,-431.0
354.0,,367.0,301.0,-147.0,12.0,-1.0,-245.0,-635.0,-512.0
435.0,,419.0,243.0,-261.0,-2.0,23.0,36.0,-623.0,-591.0
487.0,,428.0,227.0,-320.0,66.0,52.0,-314.0,-587.0,-669.0
530.0,,455.0,215.0,-347.0,91.0,51.0,-112.0,-528.0,-716.0
532.0,,464.0,243.0,-352.0,-11.0,52.0,-118.0,-466.0,-748.0
500.0,,422.0,293.0,-333.0,-64.0,84.0,-110.0,-395.0,-771.0
486.0,,395.0,334.0,-285.0,0.0,96.0,201.0,-300.0,-773.0
475.0,,349.0,393.0,-218.0,26.0,90.0,-64.0,-171.0,-752.0
437.0,,273.0,432.0,-135.0,-37.0,82.0,169.0,-40.0,-707.0
407.0,,209.0,441.0,-32.0,-60.0,65.0,-144.0,97.0,-629.0
412.0,,142.0,472.0,74.0,-8.0,34.0,-81.0,245.0,-554.0
401.0,,86.0,472.0,179.0,10.0,54.0,11.0,391.0,-476.0
343.0,,26.0,414.0,277.0,-39.0,94.0,-118.0,524.0,-377.0
302.0,,-27.0,337.0,345.0,-34.0,127.0,208.0,612.0,-274.0
301.0,,-57.0,233.0,349.0,5.0,185.0,-77.0,670.0,-138.0
259.0,,-106.0,124.0,290.0,-10.0,211.0,169.0,702.0,29.0
179.0,,-140.0,13.0,195.0,-79.0,225.0,59.0,697.0,221.0
124.0,,-172.0,-78.0,85.0,-103.0,267.0,44.0,679.0,429.0
94.0,,-225.0,-114.0,-19.0,-41.0,317.0,223.0,653.0,611.0
70.0,,-246.0,-139.0,-97.0,-43.0,339.0,3.0,612.0,756.0
27.0,,-282.0,-156.0,-123.0,-56.0,337.0,413.0,556.0,846.0
-7.0,,-312.0,-157.0,-96.0,-33.0,370.0,195.0,504.0,873.0
-20.0,,-316.0,-162.0,-30.0,15.0,395.0,354.0,444.0,839.0
-32.0,,-326.0,-137.0,25.0,69.0,381.0,363.0,368.0,748.0
-52.0,,-335.0,-112.0,28.0,0.0,367.0,177.0,302.0,632.0
-74.0,,-331.0,-104.0,2.0,-106.0,353.0,421.0,224.0,496.0
-63.0,,-320.0,-99.0,-14.0,-109.0,366.0,129.0,147.0,351.0
-56.0,,-310.0,-113.0,-16.0,-57.0,368.0,373.0,96.0,232.0
-64.0,,-298.0,-117.0,-18.0,-96.0,335.0,160.0,49.0,134.0
-45.0,,-290.0,-83.0,-54.0,-162.0,296.0,229.0,20.0,53.0
-10.0,,-268.0,15.0,-128.0,-164.0,282.0,400.0,13.0,-28.0
29.0,,-275.0,110.0,-200.0,-125.0,302.0,131.0,6.0,-104.0
51.0,,-266.0,207.0,-258.0,-99.0,293.0,410.0,-8.0,-173.0
95.0,,-247.0,312.0,-320.0,-158.0,284.0,77.0,-24.0,-240.0
166.0,,-274.0,373.0,-382.0,-121.0,292.0,280.0,-41.0,-320.0
208.0,,-265.0,426.0,-407.0,-41.0,275.0,336.0,-42.0,-400.0
236.0,,-278.0,478.0,-399.0,-69.0,234.0,236.0,-25.0,-415.0
285.0,,-298.0,528.0,-371.0,-56.0,207.0,437.0,7.0,-411.0
355.0,,-303.0,546.0,-321.0,-37.0,227.0,125.0,61.0,-404.0
410.0,,-322.0,515.0,-255.0,-30.0,233.0,384.0,111.0,-378.0
459.0,,-320.0,489.0,-167.0,20.0,231.0,190.0,178.0,-315.0
511.0,,-321.0,457.0,-53.0,-9.0,225.0,279.0,234.0,-217.0
562.0,,-307.0,401.0,44.0,-79.0,187.0,369.0,276.0,-124.0
588.0,,-267.0,364.0,66.0,-62.0,190.0,171.0,307.0,-52.0
561.0,,-222.0,378.0,26.0,-27.0,193.0,471.0,310.0,-7.0
521.0,,-191.0,398.0,-27.0,-42.0,170.0,112.0,304.0,7.0
486.0,,-146.0,415.0,-50.0,-110.0,169.0,304.0,275.0,-37.0
438.0,,-114.0,418.0,-9.0,-111.0,162.0,225.0,221.0,-117.0
374.0,,-99.0,384.0,91.0,-22.0,144.0,182.0,137.0,-220.0
301.0,,-52.0,356.0,217.0,-15.0,135.0,460.0,24.0,-324.0
248.0,,-49.0,325.0,322.0,-50.0,157.0,186.0,-127.0,-421.0
188.0,,-46.0,283.0,367.0,-42.0,168.0,432.0,-282.0,-478.0
84.0,,-20.0,264.0,313.0,0.0,149.0,86.0,-424.0,-465.0
-10.0,,-43.0,220.0,180.0,23.0,150.0,127.0,-585.0,-428.0
-92.0,,-69.0,145.0,75.0,10.0,128.0,145.0,-722.0,-347.0
-162.0,,-93.0,93.0,27.0,20.0,96.0,-18.0,-831.0,-246.0
-247.0,,-128.0,47.0,33.0,4.0,71.0,356.0,-918.0,-121.0
-326.0,,-144.0,6.0,65.0,3.0,36.0,49.0,-981.0,0.0
-358.0,,-175.0,-40.0,53.0,16.0,24.0,240.0,-989.0,99.0
-407.0,,-191.0,-102.0,-14.0,27.0,20.0,68.0,-937.0,190.0
-441.0,,-185.0,-120.0,-105.0,34.0,30.0,38.0,-844.0,262.0
-452.0,,-198.0,-83.0,-182.0,14.0,71.0,197.0,-718.0,327.0
-457.0,,-180.0,-50.0,-223.0,24.0,118.0,-60.0,-586.0,345.0
-459.0,,-172.0,-52.0,-219.0,1.0,143.0,275.0,-437.0,362.0
-474.0,,-134.0,-55.0,-166.0,-45.0,174.0,48.0,-299.0,381.0
-479.0,,-71.0,-51.0,-71.0,-80.0,229.0,238.0,-164.0,381.0
-503.0,,-42.0,-65.0,31.0,-60.0,236.0,149.0,-58.0,376.0
-519.0,,11.0,-66.0,121.0,-5.0,220.0,-49.0,15.0,355.0
-518.0,,60.0,-44.0,202.0,-65.0,199.0,175.0,87.0,357.0
-535.0,,97.0,8.0,273.0,-151.0,169.0,-179.0,124.0,376.0
-538.0,,127.0,85.0,319.0,-124.0,162.0,107.0,149.0,400.0
-527.0,,153.0,145.0,340.0,-36.0,149.0,-90.0,159.0,419.0
-509.0,,153.0,219.0,346.0,-4.0,131.0,-44.0,140.0,450.0
-490.0,,151.0,254.0,327.0,-51.0,106.0,105.0,99.0,486.0
-462.0,,141.0,221.0,292.0,-31.0,78.0,-142.0,37.0,517.0
-422.0,,90.0,159.0,252.0,50.0,43.0,134.0,-29.0,545.0
-388.0,,66.0,60.0,201.0,62.0,5.0,-201.0,-89.0,578.0
-318.0,,37.0,-25.0,163.0,17.0,-20.0,35.0,-148.0,618.0
-216.0,,4.0,-60.0,174.0,-59.0,-29.0,27.0,-206.0,594.0
-144.0,,-8.0,-67.0,212.0,-66.0,-42.0,-86.0,-261.0,554.0
-86.0,,1.0,-42.0,226.0,-44.0,-76.0,97.0,-313.0,506.0
-21.0,,16.0,21.0,200.0,-108.0,-87.0,-267.0,-347.0,427.0
34.0,,25.0,88.0,149.0,-148.0,-70.0,-27.0,-392.0,362.0
64.0,,57.0,121.0,118.0,-108.0,-65.0,-266.0,-438.0,283.0
75.0,,56.0,125.0,110.0,-47.0,-70.0,-173.0,-468.0,220.0
68.0,,29.0,115.0,97.0,-75.0,-65.0,-75.0,-474.0,168.0
34.0,,0.0,91.0,67.0,-84.0,-45.0,-262.0,-445.0,99.0
28.0,,-33.0,118.0,3.0,-43.0,-34.0,9.0,-403.0,70.0
37.0,,-97.0,171.0,-79.0,-45.0,-42.0,-262.0,-332.0,63.0
20.0,,-165.0,206.0,-153.0,-72.0,-42.0,42.0,-245.0,75.0
28.0,,-228.0,287.0,-188.0,-149.0,-40.0,-90.0,-155.0,127.0
59.0,,-308.0,339.0,-176.0,-168.0,-29.0,-125.0,-72.0,196.0
83.0,,-370.0,379.0,-142.0,-160.0,-32.0,57.0,4.0,254.0
108.0,,-441.0,404.0,-98.0,-126.0,-32.0,-271.0,78.0,289.0
133.0,,-492.0,390.0,-45.0,-111.0,-16.0,84.0,155.0,310.0
185.0,,-533.0,402.0,0.0,-166.0,0.0,-147.0,231.0,261.0
256.0,,-581.0,399.0,21.0,-120.0,32.0,-48.0,288.0,156.0
292.0,,-601.0,397.0,26.0,-89.0,34.0,-107.0,362.0,37.0
305.0,,-613.0,432.0,21.0,-110.0,52.0,-354.0,426.0,-85.0
330.0,,-616.0,471.0,26.0,-133.0,98.0,-101.0,460.0,-191.0
352.0,,-593.0,519.0,62.0,-93.0,136.0,-386.0,477.0,-288.0
323.0,,-565.0,584.0,96.0,-25.0,167.0,-99.0,475.0,-332.0
286.0,,-527.0,624.0,102.0,-77.0,172.0,-314.0,447.0,-333.0
264.0,,-485.0,636.0,102.0,-110.0,178.0,-328.0,409.0,-321.0
245.0,,-459.0,633.0,94.0,-95.0,167.0,-199.0,375.0,-276.0
224.0,,-420.0,622.0,89.0,-123.0,167.0,-456.0,322.0,-210.0
175.0,,-387.0,612.0,92.0,-179.0,183.0,-72.0,277.0,-101.0
172.0,,-349.0,578.0,68.0,-146.0,193.0,-286.0,240.0,8.0
200.0,,-315.0,550.0,3.0,-93.0,199.0,-68.0,210.0,90.0
194.0,,-279.0,503.0,-89.0,-123.0,189.0,-110.0,204.0,159.0
177.0,,-245.0,431.0,-158.0,-138.0,189.0,-293.0,191.0,208.0
154.0,,-206.0,363.0,-190.0,-150.0,205.0,-103.0,182.0,232.0
139.0,,-174.0,311.0,-184.0,-124.0,208.0,-397.0,162.0,228.0
99.0,,-143.0,289.0,-148.0,-118.0,188.0,-84.0,127.0,201.0
33.0,,-76.0,253.0,-134.0,-127.0,175.0,-260.0,100.0,192.0
-11.0,,-47.0,210.0,-160.0,-77.0,176.0,-164.0,55.0,180.0
-52.0,,7.0,150.0,-205.0,-116.0,176.0,-129.0,6.0,162.0
-113.0,,66.0,101.0,-239.0,-121.0,163.0,-504.0,-53.0,189.0
-196.0,,91.0,73.0,-236.0,-66.0,138.0,-253.0,-125.0,227.0
-278.0,,140.0,59.0,-184.0,-67.0,101.0,-526.0,-178.0,261.0
-329.0,,162.0,97.0,-86.0,-25.0,74.0,-271.0,-227.0,299.0
-383.0,,174.0,124.0,23.0,6.0,59.0,-308.0,-248.0,351.0
-473.0,,195.0,128.0,101.0,8.0,26.0,-402.0,-251.0,391.0
-544.0,,175.0,130.0,121.0,-30.0,7.0,-169.0,-254.0,393.0
-552.0,,158.0,161.0,79.0,-31.0,0.0,-450.0,-254.0,342.0
-545.0,,150.0,204.0,14.0,45.0,8.0,-194.0,-262.0,248.0
-571.0,,118.0,249.0,-40.0,28.0,34.0,-484.0,-255.0,137.0
-582.0,,112.0,335.0,-69.0,36.0,40.0,-400.0,-274.0,-29.0
-555.0,,107.0,425.0,-46.0,72.0,35.0,-314.0,-306.0,-228.0
-533.0,,120.0,528.0,-2.0,121.0,0.0,-543.0,-326.0,-418.0
-524.0,,164.0,622.0,30.0,185.0,-31.0,-271.0,-367.0,-596.0
-526.0,,196.0,694.0,47.0,145.0,-33.0,-591.0,-401.0,-726.0
-520.0,,242.0,744.0,26.0,170.0,-23.0,-354.0,-425.0,-830.0
-494.0,,287.0,726.0,6.0,164.0,-36.0,-452.0,-454.0,-905.0
-493.0,,314.0,651.0,13.0,124.0,-60.0,-482.0,-465.0,-931.0
-499.0,,357.0,560.0,47.0,164.0,-38.0,-288.0,-467.0,-924.0
-509.0,,386.0,432.0,99.0,181.0,-24.0,-558.0,-469.0,-890.0
-542.0,,382.0,242.0,151.0,246.0,-26.0,-227.0,-448.0,-845.0
-578.0,,396.0,35.0,197.0,296.0,-5.0,-469.0,-414.0,-758.0
-627.0,,376.0,-170.0,234.0,317.0,12.0,-264.0,-383.0,-654.0
-668.0,,330.0,-340.0,261.0,350.0,-3.0,-229.0,-333.0,-559.0
-693.0,,300.0,-467.0,259.0,382.0,-47.0,-430.0,-282.0,-452.0
-700.0,,245.0,-575.0,236.0,430.0,-79.0,-110.0,-235.0,-338.0
-691.0,,209.0,-607.0,197.0,480.0,-151.0,-380.0,-181.0,-215.0
-667.0,,183.0,-567.0,149.0,548.0,-228.0,-131.0,-145.0,-112.0
-631.0,,168.0,-507.0,115.0,655.0,-268.0,-371.0,-118.0,-6.0
-601.0,,175.0,-398.0,96.0,684.0,-341.0,-393.0,-103.0,117.0
-568.0,,188.0,-247.0,82.0,596.0,-400.0,-169.0,-106.0,217.0
-535.0,,235.0,-97.0,86.0,652.0,-436.0,-315.0,-110.0,281.0
-495.0,,264.0,58.0,126.0,721.0,-462.0,107.0,-117.0,329.0
-477.0,,291.0,200.0,145.0,665.0,-501.0,-147.0,-116.0,364.0
-449.0,,317.0,305.0,114.0,644.0,-554.0,31.0,-101.0,340.0
-388.0,,316.0,388.0,61.0,681.0,-570.0,40.0,-87.0,273.0
-360.0,,317.0,467.0,11.0,754.0,-587.0,-79.0,-70.0,202.0
-340.0,,289.0,506.0,-16.0,738.0,-590.0,173.0,-58.0,133.0
-307.0,,264.0,493.0,-55.0,668.0,-597.0,-151.0,-31.0,82.0
-271.0,,237.0,459.0,-112.0,679.0,-612.0,90.0,7.0,12.0
-256.0,,172.0,395.0,-150.0,750.0,-625.0,-147.0,30.0,-64.0
-273.0,,120.0,346.0,-145.0,765.0,-647.0,-134.0,57.0,-110.0
-305.0,,50.0,332.0,-112.0,703.0,-647.0,-24.0,70.0,-164.0
-334.0,,-34.0,311.0,-84.0,672.0,-654.0,-251.0,75.0,-225.0
-362.0,,-77.0,285.0,-42.0,701.0,-686.0,83.0,86.0,-287.0
-385.0,,-136.0,276.0,10.0,753.0,-709.0,-145.0,83.0,-321.0
-404.0,,-180.0,296.0,21.0,747.0,-719.0,188.0,72.0,-320.0
-418.0,,-190.0,339.0,-8.0,694.0,-738.0,232.0,47.0,-323.0
-421.0,,-209.0,394.0,-47.0,676.0,-754.0,125.0,39.0,-324.0
-405.0,,-197.0,439.0,-51.0,688.0,-772.0,282.0,42.0,-323.0
-375.0,,-181.0,460.0,8.0,678.0,-773.0,-94.0,44.0,-310.0
-365.0,,-174.0,481.0,81.0,648.0,-770.0,218.0,55.0,-295.0
-360.0,,-138.0,502.0,118.0,656.0,-763.0,62.0,57.0,-283.0
-326.0,,-82.0,487.0,131.0,646.0,-744.0,166.0,60.0,-258.0
-282.0,,-44.0,492.0,139.0,585.0,-762.0,266.0,78.0,-224.0
-267.0,,27.0,525.0,133.0,577.0,-752.0,68.0,113.0,-194.0
-247.0,,110.0,549.0,119.0,613.0,-737.0,367.0,174.0,-199.0
-214.0,,160.0,581.0,111.0,636.0,-738.0,44.0,262.0,-215.0
-207.0,,247.0,599.0,98.0,609.0,-761.0,262.0,352.0,-214.0
-212.0,,314.0,611.0,89.0,502.0,-773.0,127.0,427.0,-235.0
-216.0,,363.0,634.0,73.0,462.0,-742.0,57.0,488.0,-269.0
-225.0,,420.0,648.0,34.0,502.0,-762.0,315.0,536.0,-280.0
-270.0,,446.0,651.0,-14.0,481.0,-770.0,83.0,567.0,-241.0
-304.0,,478.0,616.0,-53.0,479.0,-785.0,439.0,585.0,-193.0
-318.0,,494.0,543.0,-93.0,466.0,-817.0,169.0,598.0,-167.0
-345.0,,500.0,487.0,-147.0,436.0,-821.0,229.0,585.0,-122.0
-382.0,,515.0,439.0,-189.0,452.0,-845.0,264.0,564.0,-60.0
-441.0,,516.0,374.0,-219.0,448.0,-858.0,107.0,524.0,-19.0
-476.0,,515.0,309.0,-250.0,461.0,-834.0,389.0,451.0,-17.0
-498.0,,530.0,279.0,-290.0,395.0,-802.0,57.0,372.0,-1.0
-548.0,,537.0,276.0,-335.0,290.0,-807.0,295.0,272.0,31.0
-588.0,,560.0,251.0,-353.0,277.0,-806.0,147.0,163.0,76.0
-602.0,,608.0,217.0,-329.0,320.0,-781.0,160.0,64.0,129.0
-613.0,,640.0,189.0,-238.0,327.0,-732.0,360.0,-31.0,184.0
-624.0,,692.0,140.0,-107.0,299.0,-698.0,123.0,-121.0,286.0
-641.0,,737.0,88.0,33.0,338.0,-666.0,473.0,-197.0,405.0
-680.0,,773.0,41.0,151.0,339.0,-630.0,164.0,-269.0,542.0
-732.0,,795.0,-21.0,198.0,294.0,-641.0,256.0,-330.0,677.0
-765.0,,788.0,-69.0,175.0,273.0,-618.0,212.0,-372.0,820.0
-795.0,,794.0,-87.0,121.0,285.0,-620.0,24.0,-379.0,955.0
-853.0,,779.0,-100.0,71.0,271.0,-645.0,290.0,-359.0,1024.0
-887.0,,763.0,-86.0,35.0,211.0,-634.0,-20.0,-339.0,1039.0
-901.0,,747.0,-39.0,15.0,194.0,-643.0,240.0,-302.0,1017.0
-914.0,,730.0,17.0,0.0,182.0,-644.0,62.0,-249.0,928.0
-911.0,,694.0,55.0,-4.0,183.0,-637.0,94.0,-199.0,737.0
-900.0,,655.0,109.0,-5.0,218.0,-611.0,286.0,-141.0,555.0
-884.0,,607.0,189.0,-39.0,236.0,-597.0,59.0,-78.0,376.0
-861.0,,532.0,253.0,-102.0,196.0,-599.0,362.0,-35.0,175.0
-816.0,,484.0,296.0,-154.0,205.0,-547.0,96.0,7.0,2.0
-770.0,,422.0,314.0,-166.0,257.0,-515.0,254.0,44.0,-147.0
-731.0,,364.0,334.0,-141.0,225.0,-526.0,199.0,49.0,-233.0
-670.0,,304.0,333.0,-91.0,177.0,-506.0,118.0,41.0,-243.0
-598.0,,252.0,262.0,-24.0,170.0,-469.0,376.0,2.0,-202.0
-547.0,,218.0,183.0,64.0,157.0,-460.0,121.0,-48.0,-125.0
-503.0,,179.0,128.0,156.0,104.0,-457.0,437.0,-112.0,11.0
-454.0,,161.0,79.0,203.0,87.0,-462.0,212.0,-188.0,144.0
-420.0,,143.0,12.0,196.0,127.0,-486.0,208.0,-251.0,267.0
-382.0,,148.0,-46.0,162.0,148.0,-498.0,160.0,-322.0,382.0
-356.0,,162.0,-64.0,113.0,155.0,-517.0,-153.0,-363.0,454.0
-345.0,,175.0,-54.0,60.0,140.0,-536.0,120.0,-358.0,575.0
-322.0,,206.0,-17.0,20.0,105.0,-565.0,-179.0,-335.0,683.0
-273.0,,241.0,38.0,-32.0,114.0,-594.0,83.0,-293.0,748.0
-234.0,,287.0,140.0,-94.0,143.0,-590.0,12.0,-226.0,803.0
-199.0,,333.0,274.0,-140.0,141.0,-548.0,18.0,-148.0,836.0
-142.0,,371.0,378.0,-174.0,128.0,-527.0,290.0,-64.0,861.0
-119.0,,393.0,487.0,-190.0,161.0,-523.0,-51.0,39.0,861.0
-82.0,,389.0,608.0,-178.0,191.0,-493.0,221.0,145.0,872.0
-20.0,,380.0,712.0,-156.0,217.0,-513.0,-29.0,249.0,889.0
52.0,,330.0,817.0,-116.0,260.0,-525.0,29.0,370.0,904.0
123.0,,280.0,907.0,-46.0,235.0,-506.0,40.0,477.0,913.0
177.0,,226.0,967.0,41.0,248.0,-533.0,-177.0,548.0,875.0
250.0,,136.0,983.0,134.0,291.0,-587.0,64.0,586.0,824.0
315.0,,80.0,917.0,186.0,329.0,-616.0,-280.0,611.0,744.0
360.0,,16.0,809.0,189.0,369.0,-580.0,-99.0,623.0,660.0
402.0,,-33.0,709.0,189.0,342.0,-534.0,-266.0,606.0,596.0
469.0,,-61.0,590.0,225.0,359.0,-522.0,-262.0,585.0,547.0
519.0,,-91.0,465.0,281.0,415.0,-512.0,-79.0,551.0,546.0
536.0,,-105.0,339.0,301.0,431.0,-484.0,-349.0,521.0,567.0
544.0,,-104.0,235.0,272.0,442.0,-455.0,-16.0,477.0,629.0
558.0,,-77.0,150.0,225.0,475.0,-430.0,-267.0,436.0,733.0
577.0,,-66.0,33.0,153.0,484.0,-384.0,-109.0,418.0,830.0
553.0,,-54.0,-79.0,67.0,479.0,-328.0,-62.0,393.0,920.0
508.0,,-38.0,-152.0,0.0,444.0,-313.0,-238.0,376.0,982.0
486.0,,-47.0,-200.0,-39.0,438.0,-313.0,12.0,351.0,994.0
467.0,,-40.0,-225.0,-30.0,475.0,-289.0,-277.0,330.0,967.0
442.0,,-36.0,-197.0,24.0,464.0,-249.0,24.0,333.0,891.0
407.0,,-48.0,-96.0,86.0,469.0,-213.0,-79.0,340.0,776.0
360.0,,-58.0,30.0,113.0,482.0,-205.0,-66.0,335.0,635.0
343.0,,-57.0,117.0,64.0,538.0,-171.0,79.0,327.0,464.0
315.0,,-63.0,203.0,-32.0,592.0,-121.0,-177.0,308.0,270.0
255.0,,-86.0,310.0,-107.0,587.0,-55.0,94.0,279.0,71.0
238.0,,-100.0,384.0,-133.0,553.0,28.0,-219.0,268.0,-110.0
241.0,,-145.0,433.0,-124.0,522.0,51.0,-57.0,248.0,-283.0
206.0,,-182.0,493.0,-124.0,557.0,46.0,-99.0,240.0,-428.0
123.0,,-229.0,525.0,-121.0,562.0,45.0,-251.0,239.0,-511.0
64.0,,-312.0,512.0,-75.0,561.0,67.0,16.0,236.0,-565.0
35.0,,-346.0,452.0,-24.0,562.0,76.0,-295.0,247.0,-591.0
-14.0,,-400.0,348.0,1.0,540.0,53.0,-18.0,251.0,-584.0
-69.0,,-441.0,254.0,3.0,548.0,70.0,-242.0,265.0,-537.0
-115.0,,-455.0,169.0,9.0,530.0,60.0,-258.0,283.0,-426.0
-138.0,,-482.0,64.0,18.0,531.0,37.0,-186.0,283.0,-296.0
-172.0,,-463.0,-60.0,28.0,553.0,30.0,-439.0,278.0,-158.0
-227.0,,-465.0,-174.0,48.0,544.0,40.0,-72.0,277.0,-22.0
-267.0,,-450.0,-241.0,62.0,572.0,82.0,-314.0,256.0,97.0
-304.0,,-405.0,-281.0,76.0,603.0,93.0,-14.0,220.0,201.0
-318.0,,-377.0,-280.0,95.0,634.0,114.0,1.0,200.0,283.0
-344.0,,-321.0,-238.0,121.0,575.0,141.0,-103.0,170.0,346.0
-397.0,,-253.0,-204.0,140.0,510.0,138.0,168.0,145.0,421.0
-426.0,,-174.0,-181.0,138.0,594.0,167.0,-138.0,141.0,520.0
-430.0,,-72.0,-125.0,121.0,603.0,212.0,136.0,135.0,589.0
-437.0,,32.0,-14.0,94.0,582.0,216.0,-114.0,141.0,651.0
-469.0,,114.0,113.0,57.0,603.0,216.0,-92.0,145.0,720.0
-494.0,,205.0,255.0,11.0,605.0,210.0,-24.0,138.0,776.0
-495.0,,267.0,389.0,-14.0,639.0,194.0,-256.0,119.0,813.0
-507.0,,306.0,510.0,-13.0,659.0,210.0,33.0,85.0,861.0
-512.0,,344.0,602.0,-8.0,615.0,216.0,-328.0,38.0,894.0
-503.0,,351.0,653.0,-15.0,555.0,203.0,-114.0,-10.0,858.0
-504.0,,379.0,708.0,-24.0,542.0,218.0,-194.0,-49.0,799.0
-490.0,,365.0,747.0,-20.0,496.0,233.0,-275.0,-84.0,685.0
-462.0,,354.0,750.0,8.0,448.0,209.0,-27.0,-108.0,530.0
-424.0,,366.0,736.0,67.0,459.0,169.0,-266.0,-132.0,392.0
-403.0,,350.0,715.0,117.0,471.0,116.0,70.0,-154.0,233.0
-393.0,,355.0,653.0,141.0,493.0,71.0,-177.0,-177.0,98.0
-360.0,,378.0,555.0,176.0,446.0,48.0,-83.0,-227.0,-2.0
-331.0,,397.0,487.0,222.0,400.0,34.0,-68.0,-277.0,-115.0
-303.0,,406.0,449.0,244.0,464.0,18.0,-266.0,-308.0,-168.0
-303.0,,420.0,411.0,244.0,450.0,24.0,42.0,-328.0,-200.0
-282.0,,422.0,395.0,232.0,400.0,46.0,-295.0,-334.0,-236.0
-249.0,,420.0,401.0,206.0,390.0,11.0,-99.0,-342.0,-231.0
-258.0,,427.0,404.0,180.0,402.0,-32.0,-332.0,-342.0,-217.0
-238.0,,431.0,424.0,166.0,446.0,-44.0,-458.0,-322.0,-162.0
-229.0,,434.0,462.0,125.0,395.0,-61.0,-319.0,-302.0,-91.0
-217.0,,443.0,519.0,44.0,356.0,-94.0,-594.0,-311.0,-8.0
-199.0,,470.0,597.0,-38.0,350.0,-138.0,-221.0,-331.0,84.0
-177.0,,499.0,691.0,-115.0,350.0,-160.0,-380.0,-358.0,149.0
-112.0,,521.0,764.0,-153.0,315.0,-174.0,-181.0,-390.0,206.0
-63.0,,547.0,800.0,-128.0,228.0,-191.0,-173.0,-417.0,253.0
-14.0,,572.0,828.0,-76.0,245.0,-205.0,-282.0,-427.0,319.0
52.0,,571.0,853.0,-30.0,295.0,-204.0,-29.0,-401.0,383.0
148.0,,598.0,842.0,4.0,346.0,-233.0,-408.0,-363.0,464.0
224.0,,607.0,783.0,3.0,343.0,-234.0,-147.0,-308.0,588.0
255.0,,596.0,726.0,-52.0,323.0,-174.0,-338.0,-239.0,688.0
303.0,,601.0,648.0,-127.0,305.0,-172.0,-352.0,-161.0,771.0
353.0,,576.0,548.0,-165.0,292.0,-170.0,-210.0,-54.0,837.0
391.0,,552.0,467.0,-167.0,344.0,-149.0,-448.0,62.0,870.0
418.0,,519.0,415.0,-173.0,310.0,-115.0,-103.0,168.0,892.0
427.0,,486.0,408.0,-168.0,305.0,-74.0,-330.0,272.0,872.0
423.0,,447.0,403.0,-161.0,314.0,-84.0,-92.0,364.0,813.0
400.0,,394.0,414.0,-164.0,316.0,-87.0,-83.0,419.0,758.0
386.0,,345.0,441.0,-177.0,417.0,-70.0,-214.0,463.0,701.0
393.0,,296.0,442.0,-200.0,422.0,-63.0,-36.0,500.0,599.0
394.0,,231.0,422.0,-213.0,335.0,-49.0,-402.0,503.0,474.0
409.0,,153.0,388.0,-228.0,298.0,6.0,-123.0,488.0,385.0
435.0,,79.0,332.0,-222.0,318.0,42.0,-271.0,446.0,275.0
480.0,,-14.0,228.0,-179.0,329.0,64.0,-138.0,399.0,177.0
526.0,,-96.0,130.0,-107.0,273.0,87.0,3.0,359.0,103.0
556.0,,-175.0,55.0,-15.0,206.0,112.0,-232.0,305.0,10.0
586.0,,-255.0,-18.0,67.0,233.0,156.0,75.0,259.0,-50.0
601.0,,-325.0,-83.0,125.0,304.0,174.0,-219.0,214.0,-76.0
607.0,,-398.0,-138.0,174.0,268.0,182.0,-49.0,169.0,-65.0
600.0,,-439.0,-141.0,216.0,214.0,182.0,-219.0,135.0,-26.0
590.0,,-480.0,-99.0,226.0,191.0,162.0,-338.0,109.0,67.0
578.0,,-500.0,-38.0,205.0,160.0,164.0,-116.0,102.0,182.0
571.0,,-491.0,48.0,180.0,197.0,199.0,-415.0,107.0,269.0
579.0,,-499.0,154.0,193.0,166.0,215.0,-33.0,144.0,325.0
576.0,,-472.0,268.0,199.0,94.0,191.0,-238.0,205.0,307.0
592.0,,-449.0,378.0,136.0,156.0,165.0,-173.0,279.0,201.0
639.0,,-433.0,460.0,28.0,200.0,152.0,-131.0,390.0,-12.0
651.0,,-381.0,522.0,-94.0,212.0,148.0,-389.0,484.0,-291.0
615.0,,-360.0,575.0,-194.0,244.0,174.0,-116.0,560.0,-585.0
602.0,,-349.0,627.0,-276.0,212.0,216.0,-363.0,615.0,-900.0
610.0,,-315.0,647.0,-311.0,184.0,222.0,-72.0,623.0,-1215.0
587.0,,-318.0,615.0,-288.0,121.0,216.0,-186.0,599.0,-1456.0
551.0,,-337.0,624.0,-245.0,22.0,199.0,-194.0,540.0,-1591.0
559.0,,-353.0,622.0,-201.0,33.0,169.0,-24.0,451.0,-1652.0
583.0,,-389.0,530.0,-173.0,1.0,152.0,-365.0,352.0,-1608.0
572.0,,-418.0,442.0,-158.0,-68.0,154.0,-72.0,247.0,-1470.0
568.0,,-449.0,394.0,-150.0,-125.0,165.0,-376.0,141.0,-1260.0
583.0,,-476.0,328.0,-108.0,-188.0,149.0,-284.0,60.0,-1016.0
597.0,,-476.0,229.0,-32.0,-194.0,148.0,-279.0,4.0,-781.0
609.0,,-481.0,159.0,37.0,-227.0,173.0,-463.0,-25.0,-541.0
624.0,,-472.0,129.0,80.0,-236.0,196.0,-194.0,-11.0,-335.0
669.0,,-448.0,121.0,74.0,-229.0,232.0,-528.0,14.0,-145.0
705.0,,-424.0,176.0,26.0,-212.0,276.0,-282.0,65.0,16.0
710.0,,-388.0,252.0,-23.0,-198.0,310.0,-410.0,141.0,123.0
732.0,,-348.0,301.0,-34.0,-298.0,338.0,-351.0,215.0,226.0
759.0,,-309.0,349.0,4.0,-381.0,378.0,-158.0,299.0,286.0
765.0,,-264.0,408.0,79.0,-392.0,399.0,-426.0,369.0,301.0
739.0,,-220.0,473.0,130.0,-417.0,377.0,-123.0,412.0,284.0
707.0,,-189.0,513.0,136.0,-455.0,350.0,-456.0,423.0,226.0
679.0,,-158.0,533.0,121.0,-486.0,372.0,-349.0,408.0,174.0
631.0,,-153.0,551.0,112.0,-505.0,393.0,-360.0,380.0,136.0
585.0,,-146.0,555.0,113.0,-521.0,373.0,-471.0,341.0,127.0
523.0,,-171.0,572.0,100.0,-530.0,373.0,-166.0,283.0,160.0
462.0,,-202.0,596.0,100.0,-537.0,345.0,-511.0,217.0,222.0
430.0,,-213.0,601.0,116.0,-539.0,311.0,-295.0,169.0,294.0
416.0,,-246.0,612.0,125.0,-550.0,313.0,-476.0,123.0,370.0
394.0,,-247.0,647.0,119.0,-590.0,294.0,-421.0,86.0,450.0
367.0,,-253.0,693.0,101.0,-621.0,262.0,-262.0,47.0,503.0
381.0,,-252.0,717.0,99.0,-648.0,215.0,-511.0,1.0,525.0
395.0,,-232.0,740.0,110.0,-673.0,172.0,-175.0,-40.0,523.0
376.0,,-230.0,788.0,104.0,-684.0,165.0,-430.0,-89.0,511.0
360.0,,-229.0,809.0,65.0,-747.0,178.0,-186.0,-100.0,520.0
357.0,,-235.0,810.0,37.0,-815.0,190.0,-158.0,-90.0,543.0
352.0,,-243.0,800.0,34.0,-805.0,201.0,-225.0,-77.0,554.0
359.0,,-263.0,790.0,13.0,-826.0,239.0,90.0,-58.0,565.0
403.0,,-271.0,795.0,-24.0,-874.0,277.0,-182.0,-48.0,591.0
440.0,,-281.0,769.0,-47.0,-874.0,296.0,94.0,-44.0,626.0
454.0,,-295.0,720.0,-32.0,-919.0,304.0,-157.0,-46.0,634.0
476.0,,-291.0,642.0,3.0,-939.0,280.0,-142.0,-80.0,607.0
490.0,,-310.0,564.0,22.0,-914.0,266.0,-27.0,-154.0,592.0
481.0,,-317.0,512.0,23.0,-936.0,262.0,-210.0,-215.0,565.0
476.0,,-319.0,455.0,17.0,-990.0,238.0,153.0,-278.0,509.0
465.0,,-339.0,406.0,-8.0,-1009.0,239.0,-145.0,-338.0,456.0
434.0,,-353.0,370.0,-45.0,-959.0,244.0,112.0,-379.0,411.0
400.0,,-385.0,318.0,-60.0,-945.0,234.0,101.0,-419.0,391.0
365.0,,-397.0,253.0,-38.0,-939.0,241.0,27.0,-441.0,385.0
322.0,,-404.0,211.0,-10.0,-918.0,293.0,301.0,-446.0,411.0
266.0,,-435.0,186.0,4.0,-950.0,343.0,9.0,-430.0,472.0
218.0,,-428.0,172.0,0.0,-982.0,358.0,314.0,-407.0,553.0
189.0,,-411.0,153.0,-5.0,-977.0,380.0,55.0,-356.0,654.0
161.0,,-413.0,136.0,9.0,-994.0,385.0,105.0,-262.0,734.0
124.0,,-388.0,115.0,21.0,-1088.0,386.0,164.0,-156.0,809.0
67.0,,-369.0,66.0,16.0,-1161.0,397.0,-53.0,-32.0,872.0
27.0,,-361.0,30.0,-20.0,-1182.0,420.0,262.0,99.0,914.0
-24.0,,-336.0,-28.0,-74.0,-1147.0,458.0,-75.0,225.0,950.0
-80.0,,-320.0,-123.0,-125.0,-1155.0,487.0,166.0,344.0,946.0
-82.0,,-312.0,-225.0,-152.0,-1202.0,555.0,46.0,439.0,900.0
-103.0,,-310.0,-290.0,-142.0,-1112.0,620.0,-20.0,513.0,806.0
-115.0,,-318.0,-280.0,-127.0,-1074.0,644.0,253.0,574.0,674.0
-102.0,,-329.0,-221.0,-130.0,-1064.0,668.0,83.0,607.0,537.0
-51.0,,-337.0,-103.0,-143.0,-995.0,703.0,495.0,612.0,387.0
31.0,,-349.0,17.0,-134.0,-1007.0,743.0,227.0,594.0,247.0
68.0,,-338.0,134.0,-106.0,-1043.0,727.0,273.0,558.0,117.0
107.0,,-341.0,252.0,-67.0,-1049.0,693.0,216.0,499.0,-25.0
181.0,,-356.0,367.0,-21.0,-1049.0,660.0,-18.0,430.0,-152.0
258.0,,-366.0,510.0,10.0,-1037.0,621.0,260.0,370.0,-299.0
281.0,,-395.0,620.0,32.0,-1027.0,576.0,11.0,319.0,-467.0
288.0,,-414.0,678.0,19.0,-1081.0,552.0,360.0,274.0,-613.0
318.0,,-444.0,689.0,-22.0,-1117.0,556.0,256.0,239.0,-736.0
337.0,,-470.0,681.0,-64.0,-1078.0,530.0,258.0,219.0,-828.0
333.0,,-490.0,686.0,-105.0,-1040.0,529.0,439.0,201.0,-910.0
318.0,,-520.0,681.0,-131.0,-1052.0,525.0,160.0,187.0,-961.0
353.0,,-549.0,668.0,-116.0,-1066.0,528.0,439.0,178.0,-982.0
395.0,,-585.0,629.0,-68.0,-988.0,545.0,169.0,162.0,-1008.0
405.0,,-615.0,546.0,-24.0,-940.0,538.0,356.0,151.0,-1017.0
412.0,,-632.0,465.0,14.0,-1070.0,538.0,388.0,153.0,-1016.0
449.0,,-643.0,396.0,52.0,-1153.0,534.0,279.0,146.0,-1002.0
485.0,,-639.0,350.0,93.0,-1042.0,532.0,554.0,117.0,-964.0
497.0,,-627.0,342.0,130.0,-1001.0,525.0,251.0,96.0,-910.0
520.0,,-595.0,297.0,142.0,-1083.0,505.0,596.0,67.0,-811.0
556.0,,-568.0,234.0,122.0,-1110.0,496.0,487.0,45.0,-704.0
590.0,,-555.0,207.0,70.0,-1050.0,509.0,530.0,48.0,-586.0
567.0,,-514.0,174.0,-4.0,-984.0,503.0,674.0,39.0,-435.0
516.0,,-478.0,146.0,-105.0,-996.0,512.0,373.0,31.0,-307.0
503.0,,-440.0,153.0,-202.0,-963.0,526.0,613.0,-4.0,-187.0
496.0,,-404.0,189.0,-255.0,-887.0,531.0,303.0,-57.0,-108.0
467.0,,-356.0,256.0,-243.0,-899.0,531.0,471.0,-111.0,-91.0
432.0,,-299.0,354.0,-168.0,-901.0,509.0,358.0,-179.0,-115.0
422.0,,-261.0,460.0,-82.0,-859.0,519.0,214.0,-225.0,-172.0
427.0,,-211.0,553.0,-31.0,-820.0,498.0,469.0,-279.0,-229.0
424.0,,-152.0,653.0,-22.0,-818.0,485.0,166.0,-305.0,-273.0
409.0,,-95.0,741.0,-21.0,-849.0,474.0,476.0,-302.0,-314.0
400.0,,-58.0,781.0,-22.0,-885.0,423.0,290.0,-270.0,-384.0
387.0,,-30.0,797.0,-32.0,-868.0,386.0,375.0,-201.0,-435.0
367.0,,12.0,778.0,-16.0,-834.0,328.0,463.0,-130.0,-469.0
350.0,,38.0,722.0,14.0,-895.0,270.0,227.0,-57.0,-496.0
343.0,,62.0,677.0,25.0,-923.0,252.0,528.0,-21.0,-481.0
346.0,,93.0,626.0,27.0,-866.0,252.0,253.0,7.0,-465.0
326.0,,93.0,540.0,47.0,-784.0,233.0,508.0,33.0,-410.0
296.0,,97.0,460.0,76.0,-738.0,230.0,406.0,33.0,-315.0
294.0,,93.0,407.0,74.0,-789.0,229.0,295.0,31.0,-196.0
283.0,,77.0,390.0,54.0,-781.0,208.0,463.0,20.0,-33.0
238.0,,76.0,413.0,44.0,-728.0,194.0,125.0,11.0,127.0
204.0,,66.0,469.0,37.0,-715.0,175.0,375.0,-3.0,251.0
181.0,,87.0,576.0,24.0,-700.0,174.0,97.0,-20.0,337.0
162.0,,105.0,715.0,1.0,-704.0,177.0,203.0,-35.0,428.0
135.0,,125.0,830.0,-14.0,-668.0,145.0,245.0,-37.0,476.0
99.0,,162.0,918.0,-7.0,-686.0,95.0,25.0,-20.0,490.0
103.0,,185.0,970.0,16.0,-708.0,68.0,286.0,-6.0,533.0
117.0,,209.0,973.0,48.0,-611.0,45.0,-11.0,0.0,550.0
104.0,,210.0,961.0,43.0,-606.0,14.0,290.0,4.0,587.0
79.0,,220.0,927.0,-7.0,-638.0,-7.0,208.0,17.0,651.0
82.0,,207.0,869.0,-65.0,-657.0,-17.0,245.0,23.0,674.0
114.0,,188.0,804.0,-97.0,-730.0,-21.0,445.0,28.0,713.0
110.0,,170.0,715.0,-83.0,-742.0,-53.0,127.0,41.0,745.0
86.0,,136.0,619.0,-34.0,-712.0,-67.0,395.0,47.0,726.0
83.0,,98.0,519.0,24.0,-730.0,-52.0,86.0,59.0,699.0
88.0,,46.0,448.0,82.0,-751.0,-29.0,199.0,71.0,632.0
67.0,,26.0,406.0,109.0,-717.0,-27.0,144.0,88.0,520.0
15.0,,-23.0,362.0,87.0,-624.0,-60.0,-55.0,106.0,397.0
4.0,,-55.0,331.0,60.0,-577.0,-40.0,201.0,124.0,210.0
25.0,,-44.0,320.0,58.0,-608.0,-7.0,-84.0,140.0,11.0
9.0,,-67.0,342.0,64.0,-542.0,-27.0,227.0,131.0,-170.0
-39.0,,-53.0,384.0,62.0,-497.0,-71.0,49.0,107.0,-346.0
-57.0,,-40.0,423.0,56.0,-530.0,-112.0,110.0,60.0,-449.0
-59.0,,-41.0,484.0,70.0,-486.0,-146.0,312.0,2.0,-487.0
-89.0,,-18.0,547.0,77.0,-484.0,-175.0,90.0,-52.0,-490.0
-141.0,,-29.0,552.0,49.0,-523.0,-172.0,456.0,-97.0,-455.0
-183.0,,-46.0,497.0,20.0,-533.0,-185.0,125.0,-124.0,-369.0
-177.0,,-59.0,431.0,13.0,-540.0,-221.0,221.0,-137.0,-237.0
-193.0,,-83.0,396.0,22.0,-516.0,-227.0,186.0,-132.0,-93.0
-230.0,,-117.0,380.0,52.0,-540.0,-219.0,46.0,-137.0,52.0
-247.0,,-138.0,345.0,107.0,-614.0,-215.0,291.0,-126.0,204.0
-240.0,,-169.0,326.0,172.0,-615.0,-210.0,-42.0,-102.0,353.0
-231.0,,-206.0,326.0,231.0,-578.0,-210.0,232.0,-70.0,460.0
-269.0,,-204.0,348.0,270.0,-530.0,-214.0,64.0,-36.0,505.0
-305.0,,-243.0,400.0,285.0,-514.0,-218.0,138.0,-7.0,486.0
-311.0,,-271.0,432.0,285.0,-530.0,-241.0,332.0,22.0,381.0
-315.0,,-291.0,469.0,278.0,-504.0,-285.0,168.0,33.0,207.0
-350.0,,-341.0,509.0,244.0,-498.0,-308.0,556.0,44.0,7.0
-384.0,,-381.0,522.0,186.0,-520.0,-302.0,269.0,50.0,-201.0
-369.0,,-444.0,543.0,138.0,-513.0,-336.0,423.0,85.0,-389.0
-361.0,,-502.0,577.0,98.0,-446.0,-373.0,347.0,125.0,-525.0
-370.0,,-564.0,559.0,47.0,-446.0,-363.0,210.0,170.0,-616.0
-365.0,,-635.0,479.0,-26.0,-501.0,-352.0,402.0,229.0,-677.0
-352.0,,-687.0,414.0,-109.0,-488.0,-336.0,83.0,246.0,-708.0
-351.0,,-722.0,401.0,-184.0,-459.0,-315.0,338.0,271.0,-705.0
-385.0,,-741.0,387.0,-234.0,-340.0,-278.0,64.0,287.0,-678.0
-402.0,,-756.0,373.0,-263.0,-324.0,-251.0,182.0,297.0,-660.0
-394.0,,-762.0,366.0,-259.0,-412.0,-260.0,280.0,317.0,-661.0
-431.0,,-744.0,332.0,-221.0,-359.0,-250.0,88.0,326.0,-678.0
-498.0,,-732.0,291.0,-198.0,-340.0,-227.0,443.0,329.0,-714.0
-544.0,,-725.0,290.0,-207.0,-365.0,-227.0,121.0,322.0,-780.0
-586.0,,-695.0,298.0,-251.0,-372.0,-229.0,380.0,321.0,-849.0
-646.0,,-679.0,273.0,-313.0,-381.0,-212.0,347.0,302.0,-885.0
-717.0,,-651.0,228.0,-344.0,-323.0,-171.0,345.0,294.0,-881.0
-766.0,,-622.0,185.0,-325.0,-323.0,-165.0,533.0,281.0,-821.0
-783.0,,-608.0,122.0,-254.0,-379.0,-186.0,171.0,245.0,-699.0
-802.0,,-551.0,33.0,-151.0,-349.0,-164.0,452.0,193.0,-528.0
-810.0,,-503.0,-40.0,-58.0,-302.0,-171.0,182.0,134.0,-339.0
-802.0,,-483.0,-93.0,-22.0,-272.0,-199.0,249.0,78.0,-126.0
-747.0,,-431.0,-179.0,-39.0,-269.0,-180.0,245.0,19.0,110.0
-681.0,,-407.0,-265.0,-84.0,-294.0,-180.0,72.0,-19.0,315.0
-642.0,,-417.0,-333.0,-135.0,-237.0,-213.0,419.0,-46.0,467.0
-604.0,,-398.0,-395.0,-174.0,-157.0,-224.0,168.0,-45.0,583.0
-571.0,,-407.0,-396.0,-201.0,-197.0,-205.0,463.0,-28.0,680.0
-512.0,,-415.0,-346.0,-207.0,-244.0,-204.0,345.0,-18.0,741.0
-490.0,,-432.0,-252.0,-165.0,-191.0,-229.0,352.0,12.0,745.0
-489.0,,-454.0,-114.0,-75.0,-152.0,-258.0,567.0,48.0,710.0
-450.0,,-436.0,39.0,25.0,-183.0,-239.0,291.0,85.0,643.0
-422.0,,-460.0,215.0,84.0,-219.0,-228.0,630.0,134.0,553.0
-428.0,,-455.0,408.0,77.0,-158.0,-249.0,371.0,191.0,462.0
-445.0,,-428.0,608.0,36.0,-111.0,-254.0,482.0,231.0,362.0
-447.0,,-437.0,797.0,-18.0,-158.0,-278.0,434.0,284.0,286.0
-454.0,,-417.0,939.0,-65.0,-147.0,-264.0,216.0,328.0,247.0
-486.0,,-410.0,999.0,-60.0,-72.0,-250.0,495.0,352.0,250.0
-518.0,,-422.0,993.0,9.0,-58.0,-285.0,171.0,380.0,299.0
-522.0,,-412.0,973.0,118.0,-123.0,-327.0,445.0,376.0,359.0
-537.0,,-433.0,895.0,223.0,-132.0,-337.0,323.0,355.0,426.0
-545.0,,-449.0,744.0,283.0,-94.0,-322.0,347.0,311.0,496.0
-542.0,,-443.0,600.0,296.0,-85.0,-313.0,511.0,245.0,543.0
-546.0,,-462.0,441.0,278.0,-111.0,-275.0,218.0,162.0,567.0
-546.0,,-455.0,262.0,243.0,-159.0,-246.0,532.0,67.0,598.0
-544.0,,-435.0,131.0,198.0,-163.0,-238.0,312.0,-18.0,609.0
-541.0,,-414.0,30.0,129.0,-127.0,-235.0,552.0,-96.0,602.0
-556.0,,-387.0,-55.0,47.0,-122.0,-218.0,618.0,-163.0,578.0
-561.0,,-355.0,-96.0,-26.0,-160.0,-239.0,517.0,-214.0,520.0
-564.0,,-330.0,-125.0,-88.0,-152.0,-275.0,752.0,-249.0,452.0
-566.0,,-307.0,-150.0,-145.0,-89.0,-261.0,341.0,-285.0,379.0
-552.0,,-289.0,-132.0,-186.0,-47.0,-269.0,580.0,-295.0,306.0
-537.0,,-284.0,-62.0,-205.0,-29.0,-286.0,402.0,-313.0,235.0
-535.0,,-275.0,24.0,-208.0,79.0,-301.0,415.0,-334.0,202.0
-543.0,,-273.0,96.0,-174.0,153.0,-328.0,574.0,-333.0,186.0
-561.0,,-248.0,171.0,-92.0,109.0,-346.0,319.0,-348.0,172.0
-604.0,,-225.0,245.0,15.0,118.0,-359.0,630.0,-341.0,184.0
-643.0,,-195.0,310.0,102.0,137.0,-387.0,341.0,-312.0,225.0
-684.0,,-158.0,376.0,147.0,166.0,-410.0,515.0,-286.0,286.0
-742.0,,-117.0,440.0,164.0,114.0,-449.0,487.0,-250.0,348.0
-816.0,,-56.0,472.0,172.0,11.0,-486.0,373.0,-211.0,399.0
-886.0,,-1.0,442.0,178.0,70.0,-517.0,637.0,-189.0,432.0
-942.0,,63.0,389.0,156.0,168.0,-526.0,323.0,-182.0,460.0
-1014.0,,149.0,329.0,118.0,218.0,-490.0,569.0,-160.0,463.0
-1073.0,,250.0,237.0,113.0,197.0,-509.0,332.0,-123.0,432.0
-1078.0,,341.0,114.0,159.0,181.0,-509.0,400.0,-101.0,378.0
-1057.0,,456.0,24.0,213.0,259.0,-484.0,480.0,-80.0,308.0
-1070.0,,570.0,-32.0,221.0,286.0,-469.0,158.0,-43.0,213.0
-1086.0,,652.0,-83.0,180.0,306.0,-427.0,467.0,-7.0,109.0
-1066.0,,733.0,-115.0,93.0,397.0,-394.0,223.0,7.0,28.0
-1049.0,,790.0,-151.0,-12.0,428.0,-368.0,511.0,26.0,-49.0
-1053.0,,814.0,-171.0,-76.0,390.0,-362.0,456.0,33.0,-136.0
-1064.0,,811.0,-181.0,-93.0,361.0,-349.0,288.0,11.0,-235.0
-1041.0,,789.0,-209.0,-99.0,398.0,-359.0,443.0,1.0,-317.0
-1006.0,,761.0,-234.0,-90.0,466.0,-388.0,77.0,-5.0,-392.0
-984.0,,716.0,-239.0,-78.0,474.0,-392.0,397.0,-15.0,-456.0
-945.0,,653.0,-235.0,-69.0,502.0,-385.0,234.0,-9.0,-487.0
-900.0,,605.0,-233.0,-24.0,566.0,-366.0,393.0,-12.0,-513.0
-855.0,,527.0,-206.0,43.0,613.0,-382.0,530.0,-12.0,-508.0
-810.0,,469.0,-120.0,105.0,605.0,-402.0,319.0,0.0,-521.0
-774.0,,415.0,6.0,167.0,533.0,-369.0,561.0,9.0,-531.0
-732.0,,341.0,115.0,211.0,509.0,-338.0,166.0,35.0,-523.0
-697.0,,310.0,228.0,224.0,597.0,-350.0,362.0,62.0,-552.0
-680.0,,253.0,336.0,185.0,638.0,-353.0,229.0,94.0,-588.0
-672.0,,212.0,404.0,99.0,580.0,-311.0,184.0,139.0,-631.0
-651.0,,190.0,435.0,1.0,581.0,-291.0,424.0,153.0,-657.0
-619.0,,142.0,411.0,-57.0,625.0,-318.0,101.0,164.0,-676.0
-609.0,,130.0,352.0,-50.0,653.0,-322.0,349.0,177.0,-643.0
-599.0,,139.0,265.0,-3.0,634.0,-306.0,48.0,176.0,-590.0
-587.0,,124.0,180.0,46.0,604.0,-294.0,120.0,180.0,-546.0
-579.0,,130.0,110.0,67.0,647.0,-272.0,155.0,185.0,-457.0
-597.0,,152.0,34.0,56.0,613.0,-271.0,-1.0,197.0,-365.0
-611.0,,151.0,-10.0,12.0,507.0,-292.0,301.0,201.0,-260.0
-605.0,,178.0,-32.0,-84.0,487.0,-310.0,20.0,184.0,-140.0
-620.0,,198.0,-31.0,-220.0,519.0,-311.0,319.0,150.0,-10.0
-644.0,,221.0,2.0,-347.0,525.0,-313.0,151.0,89.0,115.0
-670.0,,260.0,50.0,-415.0,517.0,-310.0,68.0,-6.0,209.0
-671.0,,270.0,106.0,-394.0,573.0,-293.0,249.0,-109.0,269.0
-672.0,,302.0,150.0,-327.0,621.0,-287.0,-53.0,-206.0,294.0
-666.0,,329.0,201.0,-258.0,638.0,-292.0,219.0,-277.0,255.0
-646.0,,333.0,269.0,-190.0,578.0,-287.0,-77.0,-306.0,126.0
-630.0,,363.0,322.0,-118.0,424.0,-289.0,31.0,-327.0,-53.0
-577.0,,352.0,375.0,-33.0,398.0,-279.0,46.0,-320.0,-277.0
-529.0,,330.0,448.0,39.0,465.0,-249.0,-116.0,-284.0,-538.0
-504.0,,326.0,524.0,77.0,500.0,-246.0,103.0,-250.0,-819.0
-462.0,,279.0,577.0,64.0,504.0,-229.0,-266.0,-194.0,-1076.0
-408.0,,254.0,623.0,13.0,475.0,-196.0,-20.0,-119.0,-1283.0
-382.0,,232.0,671.0,-32.0,496.0,-174.0,-197.0,-31.0,-1416.0
-372.0,,182.0,685.0,-48.0,544.0,-144.0,-173.0,68.0,-1453.0
-355.0,,166.0,662.0,-31.0,505.0,-129.0,38.0,158.0,-1403.0
-331.0,,148.0,630.0,-15.0,487.0,-112.0,-155.0,239.0,-1256.0
-309.0,,136.0,584.0,4.0,503.0,-91.0,210.0,304.0,-1057.0
-309.0,,147.0,509.0,24.0,462.0,-67.0,-55.0,349.0,-812.0
-310.0,,137.0,453.0,18.0,438.0,-25.0,99.0,380.0,-528.0
-307.0,,148.0,404.0,-6.0,453.0,-25.0,35.0,397.0,-259.0
-321.0,,167.0,352.0,-52.0,467.0,10.0,-144.0,403.0,-10.0
-373.0,,168.0,344.0,-112.0,416.0,70.0,46.0,410.0,193.0
-430.0,,186.0,356.0,-153.0,375.0,66.0,-323.0,407.0,331.0
-452.0,,203.0,373.0,-156.0,355.0,93.0,-53.0,381.0,413.0
-479.0,,207.0,390.0,-143.0,347.0,153.0,-227.0,358.0,425.0
-541.0,,232.0,398.0,-120.0,361.0,166.0,-125.0,338.0,374.0
-588.0,,256.0,418.0,-75.0,327.0,135.0,72.0,311.0,306.0
-603.0,,272.0,449.0,-14.0,363.0,130.0,-103.0,286.0,226.0
-612.0,,305.0,511.0,31.0,415.0,111.0,195.0,270.0,128.0
-629.0,,302.0,586.0,50.0,368.0,75.0,-205.0,272.0,49.0
-621.0,,321.0,646.0,52.0,287.0,69.0,-77.0,283.0,-35.0
-575.0,,335.0,706.0,35.0,258.0,70.0,-110.0,311.0,-101.0
-531.0,,328.0,743.0,19.0,296.0,99.0,-86.0,349.0,-127.0
-481.0,,354.0,715.0,3.0,314.0,95.0,247.0,372.0,-173.0
-420.0,,354.0,624.0,-27.0,308.0,95.0,-9.0,372.0,-201.0
-344.0,,362.0,495.0,-72.0,312.0,153.0,227.0,354.0,-257.0
-258.0,,362.0,353.0,-127.0,291.0,174.0,-199.0,343.0,-344.0
-190.0,,365.0,207.0,-175.0,299.0,148.0,-236.0,330.0,-459.0
-151.0,,374.0,55.0,-203.0,290.0,152.0,-153.0,288.0,-639.0
-96.0,,359.0,-72.0,-193.0,265.0,160.0,-323.0,242.0,-800.0
-27.0,,357.0,-167.0,-169.0,331.0,145.0,-16.0,197.0,-936.0
-2.0,,355.0,-269.0,-151.0,379.0,148.0,-393.0,152.0,-1038.0
14.0,,353.0,-370.0,-126.0,396.0,131.0,-208.0,136.0,-1087.0
41.0,,355.0,-414.0,-115.0,403.0,113.0,-303.0,125.0,-1099.0
53.0,,372.0,-415.0,-114.0,423.0,126.0,-299.0,110.0,-1066.0
54.0,,366.0,-380.0,-111.0,451.0,149.0,-49.0,114.0,-1003.0
51.0,,364.0,-301.0,-109.0,385.0,176.0,-338.0,111.0,-923.0
62.0,,374.0,-239.0,-88.0,323.0,196.0,-84.0,115.0,-823.0
76.0,,361.0,-212.0,-41.0,317.0,209.0,-388.0,143.0,-702.0
67.0,,375.0,-203.0,35.0,368.0,235.0,-267.0,163.0,-592.0
50.0,,377.0,-242.0,117.0,402.0,283.0,-266.0,172.0,-504.0
43.0,,378.0,-355.0,168.0,364.0,331.0,-471.0,172.0,-448.0
44.0,,386.0,-487.0,198.0,390.0,402.0,-201.0,148.0,-424.0
38.0,,386.0,-602.0,223.0,405.0,461.0,-567.0,107.0,-434.0
-5.0,,407.0,-733.0,265.0,448.0,456.0,-347.0,46.0,-484.0
-55.0,,409.0,-880.0,317.0,492.0,450.0,-497.0,-47.0,-556.0
-83.0,,405.0,-993.0,366.0,450.0,491.0,-491.0,-170.0,-633.0
-128.0,,404.0,-1047.0,387.0,470.0,524.0,-282.0,-280.0,-722.0
-180.0,,373.0,-1066.0,339.0,481.0,530.0,-543.0,-377.0,-827.0
-239.0,,330.0,-1017.0,251.0,513.0,545.0,-236.0,-485.0,-913.0
-294.0,,284.0,-913.0,164.0,586.0,559.0,-495.0,-562.0,-974.0
-321.0,,215.0,-813.0,97.0,617.0,589.0,-375.0,-607.0,-1012.0
-343.0,,153.0,-704.0,64.0,589.0,600.0,-439.0,-633.0,-1020.0
-338.0,,98.0,-574.0,57.0,567.0,609.0,-576.0,-632.0,-1001.0
-338.0,,36.0,-442.0,60.0,659.0,651.0,-284.0,-600.0,-899.0
-345.0,,3.0,-350.0,35.0,707.0,691.0,-561.0,-533.0,-737.0
-291.0,,-40.0,-276.0,-38.0,696.0,708.0,-214.0,-442.0,-548.0
-224.0,,-82.0,-215.0,-129.0,689.0,673.0,-343.0,-338.0,-316.0
-166.0,,-79.0,-182.0,-219.0,707.0,641.0,-303.0,-241.0,-90.0
-120.0,,-97.0,-156.0,-289.0,757.0,628.0,-205.0,-139.0,122.0
-84.0,,-78.0,-118.0,-286.0,707.0,599.0,-497.0,-56.0,291.0
3.0,,-25.0,-76.0,-212.0,662.0,551.0,-258.0,5.0,416.0
84.0,,4.0,-34.0,-78.0,715.0,509.0,-615.0,58.0,515.0
138.0,,80.0,27.0,85.0,792.0,490.0,-415.0,80.0,564.0
174.0,,163.0,86.0,232.0,811.0,475.0,-443.0,93.0,558.0
213.0,,241.0,142.0,332.0,730.0,459.0,-515.0,91.0,497.0
288.0,,343.0,198.0,362.0,717.0,433.0,-227.0,90.0,406.0
322.0,,416.0,255.0,340.0,754.0,420.0,-487.0,84.0,281.0
313.0,,465.0,306.0,294.0,759.0,447.0,-136.0,61.0,148.0
265.0,,520.0,316.0,246.0,747.0,442.0,-321.0,50.0,8.0
240.0,,553.0,320.0,226.0,707.0,383.0,-266.0,44.0,-112.0
247.0,,588.0,341.0,232.0,730.0,369.0,-186.0,39.0,-186.0
191.0,,612.0,376.0,242.0,725.0,391.0,-448.0,8.0,-238.0
121.0,,624.0,443.0,239.0,686.0,391.0,-138.0,-30.0,-267.0
75.0,,656.0,513.0,212.0,688.0,379.0,-395.0,-74.0,-290.0
38.0,,643.0,568.0,154.0,701.0,378.0,-262.0,-146.0,-279.0
-37.0,,641.0,608.0,64.0,722.0,408.0,-498.0,-233.0,-268.0
-121.0,,627.0,636.0,-27.0,637.0,402.0,-667.0,-319.0,-276.0
-157.0,,570.0,653.0,-100.0,559.0,367.0,-474.0,-378.0,-265.0
-184.0,,543.0,635.0,-161.0,607.0,344.0,-726.0,-426.0,-245.0
-211.0,,487.0,607.0,-213.0,603.0,316.0,-328.0,-443.0,-225.0
-234.0,,438.0,560.0,-248.0,532.0,298.0,-532.0,-425.0,-218.0
-246.0,,427.0,467.0,-260.0,494.0,304.0,-452.0,-426.0,-208.0
-241.0,,388.0,349.0,-238.0,503.0,323.0,-421.0,-406.0,-219.0
-200.0,,368.0,200.0,-196.0,494.0,311.0,-644.0,-381.0,-251.0
-153.0,,375.0,76.0,-159.0,413.0,310.0,-358.0,-365.0,-298.0
-122.0,,356.0,-15.0,-128.0,402.0,338.0,-687.0,-336.0,-388.0
-47.0,,368.0,-100.0,-112.0,437.0,349.0,-436.0,-297.0,-486.0
39.0,,365.0,-141.0,-94.0,412.0,344.0,-556.0,-258.0,-615.0
87.0,,338.0,-159.0,-59.0,359.0,350.0,-604.0,-202.0,-759.0
120.0,,338.0,-147.0,-18.0,297.0,369.0,-432.0,-147.0,-853.0
192.0,,291.0,-117.0,39.0,335.0,364.0,-752.0,-120.0,-899.0
256.0,,248.0,-91.0,106.0,363.0,387.0,-463.0,-79.0,-916.0
290.0,,209.0,-28.0,143.0,268.0,403.0,-733.0,-51.0,-898.0
333.0,,139.0,46.0,155.0,146.0,364.0,-602.0,-53.0,-828.0
364.0,,98.0,107.0,128.0,141.0,371.0,-637.0,-53.0,-729.0
407.0,,33.0,181.0,45.0,225.0,380.0,-853.0,-64.0,-608.0
445.0,,-25.0,250.0,-40.0,217.0,367.0,-524.0,-85.0,-505.0
493.0,,-74.0,283.0,-107.0,160.0,366.0,-774.0,-117.0,-413.0
527.0,,-158.0,296.0,-139.0,160.0,348.0,-460.0,-147.0,-321.0
542.0,,-215.0,298.0,-117.0,182.0,335.0,-618.0,-192.0,-227.0
582.0,,-259.0,292.0,-69.0,119.0,312.0,-661.0,-238.0,-130.0
576.0,,-320.0,263.0,-38.0,57.0,310.0,-545.0,-289.0,-71.0
557.0,,-329.0,222.0,-70.0,56.0,327.0,-903.0,-363.0,-24.0
550.0,,-346.0,211.0,-134.0,36.0,289.0,-620.0,-414.0,6.0
518.0,,-382.0,239.0,-182.0,-49.0,260.0,-883.0,-465.0,8.0
481.0,,-350.0,288.0,-223.0,-137.0,254.0,-740.0,-502.0,-37.0
437.0,,-342.0,294.0,-260.0,-100.0,268.0,-744.0,-526.0,-110.0
385.0,,-329.0,272.0,-298.0,-51.0,299.0,-883.0,-542.0,-189.0
335.0,,-274.0,272.0,-317.0,-109.0,313.0,-674.0,-543.0,-305.0
303.0,,-258.0,242.0,-336.0,-184.0,346.0,-951.0,-554.0,-402.0
269.0,,-230.0,175.0,-345.0,-191.0,355.0,-600.0,-540.0,-490.0
209.0,,-193.0,133.0,-304.0,-183.0,355.0,-790.0,-527.0,-579.0
161.0,,-186.0,134.0,-231.0,-246.0,386.0,-768.0,-519.0,-645.0
138.0,,-162.0,148.0,-144.0,-330.0,414.0,-720.0,-503.0,-699.0
125.0,,-143.0,179.0,-79.0,-298.0,425.0,-1049.0,-486.0,-733.0
104.0,,-142.0,229.0,-35.0,-215.0,419.0,-763.0,-447.0,-754.0
90.0,,-110.0,278.0,10.0,-217.0,449.0,-1036.0,-412.0,-763.0
99.0,,-92.0,289.0,49.0,-253.0,499.0,-776.0,-382.0,-788.0
128.0,,-81.0,268.0,77.0,-262.0,503.0,-803.0,-346.0,-819.0
167.0,,-48.0,279.0,68.0,-233.0,464.0,-859.0,-302.0,-817.0
209.0,,-12.0,327.0,6.0,-292.0,447.0,-587.0,-245.0,-812.0
250.0,,31.0,363.0,-58.0,-380.0,445.0,-872.0,-194.0,-794.0
244.0,,78.0,373.0,-94.0,-375.0,397.0,-606.0,-144.0,-771.0
265.0,,125.0,368.0,-98.0,-306.0,364.0,-940.0,-107.0,-765.0
290.0,,169.0,370.0,-88.0,-244.0,359.0,-927.0,-87.0,-725.0
249.0,,194.0,397.0,-76.0,-286.0,350.0,-846.0,-81.0,-688.0
216.0,,210.0,390.0,-43.0,-315.0,338.0,-994.0,-100.0,-647.0
202.0,,224.0,356.0,-2.0,-308.0,342.0,-626.0,-127.0,-567.0
217.0,,209.0,364.0,47.0,-365.0,346.0,-921.0,-155.0,-463.0
196.0,,193.0,369.0,116.0,-442.0,336.0,-726.0,-180.0,-330.0
182.0,,181.0,336.0,209.0,-418.0,357.0,-881.0,-211.0,-157.0
221.0,,128.0,287.0,297.0,-324.0,367.0,-942.0,-233.0,39.0
228.0,,110.0,229.0,340.0,-352.0,354.0,-733.0,-236.0,263.0
224.0,,60.0,162.0,346.0,-448.0,336.0,-977.0,-243.0,519.0
238.0,,-14.0,116.0,318.0,-432.0,339.0,-631.0,-230.0,748.0
262.0,,-35.0,128.0,272.0,-326.0,391.0,-907.0,-222.0,942.0
269.0,,-95.0,173.0,213.0,-302.0,430.0,-757.0,-217.0,1095.0
272.0,,-134.0,236.0,127.0,-346.0,440.0,-668.0,-202.0,1176.0
300.0,,-141.0,301.0,17.0,-323.0,446.0,-777.0,-206.0,1188.0
319.0,,-173.0,337.0,-73.0,-262.0,464.0,-434.0,-217.0,1163.0
344.0,,-160.0,342.0,-142.0,-262.0,464.0,-755.0,-237.0,1088.0
369.0,,-158.0,333.0,-186.0,-307.0,464.0,-515.0,-246.0,968.0
358.0,,-161.0,281.0,-186.0,-277.0,464.0,-681.0,-264.0,816.0
357.0,,-139.0,198.0,-155.0,-227.0,453.0,-696.0,-282.0,616.0
366.0,,-153.0,138.0,-99.0,-247.0,460.0,-541.0,-310.0,405.0
371.0,,-150.0,117.0,-34.0,-294.0,442.0,-814.0,-344.0,183.0
378.0,,-154.0,128.0,24.0,-344.0,424.0,-469.0,-346.0,-38.0
391.0,,-186.0,150.0,76.0,-295.0,402.0,-703.0,-359.0,-244.0
434.0,,-200.0,185.0,117.0,-259.0,402.0,-533.0,-368.0,-375.0
467.0,,-246.0,249.0,131.0,-341.0,433.0,-583.0,-368.0,-467.0
484.0,,-290.0,341.0,123.0,-346.0,438.0,-755.0,-351.0,-532.0
496.0,,-324.0,460.0,100.0,-280.0,426.0,-497.0,-308.0,-550.0
517.0,,-379.0,622.0,104.0,-267.0,407.0,-822.0,-262.0,-540.0
545.0,,-398.0,768.0,149.0,-340.0,428.0,-508.0,-203.0,-443.0
565.0,,-431.0,853.0,191.0,-392.0,436.0,-609.0,-168.0,-304.0
591.0,,-477.0,881.0,210.0,-315.0,420.0,-473.0,-155.0,-107.0
615.0,,-484.0,853.0,178.0,-290.0,420.0,-251.0,-142.0,138.0
622.0,,-493.0,785.0,108.0,-410.0,426.0,-482.0,-146.0,394.0
625.0,,-505.0,667.0,13.0,-414.0,399.0,-195.0,-160.0,635.0
653.0,,-487.0,523.0,-78.0,-270.0,347.0,-532.0,-169.0,830.0
687.0,,-470.0,369.0,-138.0,-244.0,341.0,-373.0,-162.0,963.0
694.0,,-457.0,217.0,-183.0,-300.0,325.0,-463.0,-139.0,1034.0
666.0,,-407.0,98.0,-216.0,-372.0,288.0,-593.0,-124.0,1063.0
651.0,,-398.0,17.0,-244.0,-375.0,285.0,-325.0,-102.0,1002.0
658.0,,-387.0,-23.0,-233.0,-300.0,278.0,-604.0,-69.0,905.0
654.0,,-365.0,-13.0,-207.0,-319.0,216.0,-271.0,-33.0,793.0
640.0,,-374.0,16.0,-196.0,-347.0,177.0,-465.0,1.0,670.0
605.0,,-359.0,62.0,-184.0,-354.0,193.0,-432.0,17.0,565.0
578.0,,-374.0,140.0,-182.0,-356.0,178.0,-408.0,20.0,466.0
575.0,,-371.0,229.0,-177.0,-363.0,101.0,-646.0,26.0,393.0
575.0,,-371.0,328.0,-169.0,-375.0,65.0,-341.0,39.0,341.0
564.0,,-398.0,408.0,-163.0,-333.0,65.0,-600.0,52.0,304.0
550.0,,-396.0,487.0,-156.0,-219.0,14.0,-266.0,56.0,278.0
559.0,,-430.0,550.0,-130.0,-120.0,-21.0,-299.0,55.0,244.0
548.0,,-481.0,552.0,-83.0,-153.0,-28.0,-354.0,60.0,229.0
528.0,,-517.0,581.0,-15.0,-181.0,-24.0,-162.0,60.0,201.0
518.0,,-578.0,633.0,78.0,-173.0,-46.0,-452.0,41.0,156.0
518.0,,-629.0,674.0,157.0,-190.0,-87.0,-109.0,25.0,107.0
530.0,,-653.0,715.0,202.0,-200.0,-123.0,-264.0,0.0,22.0
522.0,,-704.0,736.0,194.0,-258.0,-171.0,-62.0,-40.0,-41.0
508.0,,-722.0,754.0,127.0,-232.0,-204.0,5.0,-60.0,-107.0
509.0,,-706.0,764.0,27.0,-181.0,-244.0,-120.0,-71.0,-178.0
520.0,,-718.0,752.0,-62.0,-250.0,-280.0,145.0,-80.0,-221.0
529.0,,-684.0,711.0,-119.0,-244.0,-306.0,-227.0,-69.0,-262.0
537.0,,-650.0,664.0,-135.0,-228.0,-331.0,46.0,-54.0,-286.0
553.0,,-626.0,648.0,-118.0,-265.0,-354.0,-68.0,-18.0,-314.0
578.0,,-560.0,615.0,-94.0,-251.0,-388.0,-29.0,40.0,-351.0
560.0,,-532.0,560.0,-64.0,-237.0,-396.0,157.0,80.0,-380.0
509.0,,-489.0,519.0,-34.0,-224.0,-406.0,-112.0,114.0,-414.0
493.0,,-446.0,453.0,32.0,-204.0,-430.0,205.0,146.0,-437.0
468.0,,-453.0,385.0,106.0,-179.0,-418.0,-60.0,163.0,-465.0
443.0,,-426.0,336.0,153.0,-142.0,-412.0,151.0,177.0,-495.0
435.0,,-432.0,305.0,173.0,-129.0,-445.0,188.0,200.0,-525.0
437.0,,-444.0,283.0,139.0,-162.0,-474.0,84.0,232.0,-547.0
460.0,,-424.0,249.0,64.0,-218.0,-486.0,317.0,267.0,-493.0
481.0,,-441.0,233.0,-62.0,-246.0,-511.0,-12.0,308.0,-399.0
508.0,,-419.0,238.0,-199.0,-239.0,-551.0,327.0,339.0,-275.0
539.0,,-388.0,275.0,-294.0,-290.0,-561.0,208.0,353.0,-123.0
558.0,,-382.0,321.0,-338.0,-383.0,-560.0,336.0,366.0,26.0
573.0,,-327.0,356.0,-326.0,-383.0,-579.0,489.0,381.0,185.0
580.0,,-308.0,421.0,-265.0,-324.0,-604.0,273.0,375.0,285.0
576.0,,-299.0,492.0,-212.0,-314.0,-611.0,589.0,355.0,337.0
563.0,,-242.0,549.0,-195.0,-340.0,-624.0,303.0,335.0,366.0
517.0,,-237.0,598.0,-190.0,-310.0,-662.0,587.0,286.0,350.0
463.0,,-214.0,646.0,-195.0,-242.0,-662.0,517.0,228.0,302.0
413.0,,-169.0,650.0,-189.0,-224.0,-649.0,445.0,177.0,226.0
350.0,,-148.0,583.0,-187.0,-231.0,-659.0,715.0,99.0,140.0
263.0,,-115.0,485.0,-188.0,-183.0,-663.0,434.0,17.0,75.0
178.0,,-70.0,383.0,-183.0,-112.0,-663.0,798.0,-80.0,52.0
122.0,,-28.0,249.0,-165.0,-196.0,-648.0,583.0,-187.0,66.0
29.0,,27.0,84.0,-133.0,-350.0,-637.0,667.0,-279.0,141.0
-53.0,,88.0,-35.0,-87.0,-394.0,-598.0,678.0,-381.0,277.0
-105.0,,116.0,-107.0,-27.0,-392.0,-577.0,448.0,-490.0,438.0
-151.0,,169.0,-140.0,22.0,-355.0,-606.0,776.0,-575.0,618.0
-183.0,,186.0,-114.0,32.0,-394.0,-595.0,515.0,-643.0,789.0
-222.0,,180.0,-62.0,-19.0,-432.0,-603.0,857.0,-704.0,927.0
-234.0,,200.0,-18.0,-69.0,-377.0,-635.0,759.0,-731.0,1017.0
-221.0,,179.0,17.0,-96.0,-392.0,-667.0,687.0,-739.0,1103.0
-204.0,,152.0,77.0,-102.0,-388.0,-674.0,851.0,-707.0,1167.0
-205.0,,104.0,162.0,-82.0,-392.0,-650.0,631.0,-638.0,1183.0
-203.0,,39.0,262.0,-48.0,-383.0,-659.0,1043.0,-550.0,1182.0
-157.0,,-35.0,343.0,5.0,-368.0,-690.0,831.0,-442.0,1150.0
-96.0,,-124.0,386.0,62.0,-433.0,-688.0,986.0,-318.0,1104.0
-29.0,,-204.0,392.0,122.0,-474.0,-645.0,888.0,-181.0,1036.0
37.0,,-277.0,343.0,176.0,-509.0,-648.0,641.0,-71.0,940.0
101.0,,-332.0,283.0,217.0,-490.0,-657.0,875.0,15.0,842.0
154.0,,-361.0,245.0,254.0,-533.0,-643.0,576.0,76.0,723.0
180.0,,-402.0,207.0,302.0,-569.0,-659.0,877.0,92.0,578.0
204.0,,-452.0,179.0,338.0,-522.0,-663.0,668.0,93.0,435.0
217.0,,-482.0,169.0,330.0,-554.0,-635.0,696.0,94.0,275.0
217.0,,-536.0,167.0,278.0,-571.0,-599.0,814.0,54.0,136.0
240.0,,-583.0,190.0,215.0,-581.0,-590.0,546.0,-4.0,11.0
270.0,,-621.0,238.0,174.0,-566.0,-595.0,855.0,-54.0,-109.0
297.0,,-679.0,301.0,136.0,-653.0,-613.0,559.0,-135.0,-182.0
318.0,,-712.0,378.0,103.0,-767.0,-617.0,794.0,-197.0,-244.0
341.0,,-763.0,468.0,80.0,-694.0,-560.0,798.0,-239.0,-228.0
347.0,,-811.0,563.0,45.0,-678.0,-537.0,764.0,-286.0,-147.0
363.0,,-829.0,641.0,-18.0,-707.0,-526.0,1055.0,-323.0,-39.0
402.0,,-872.0,705.0,-94.0,-737.0,-506.0,772.0,-332.0,90.0
399.0,,-864.0,741.0,-133.0,-788.0,-473.0,1025.0,-330.0,214.0
387.0,,-846.0,747.0,-148.0,-732.0,-401.0,715.0,-318.0,315.0
402.0,,-846.0,742.0,-161.0,-707.0,-394.0,698.0,-270.0,357.0
415.0,,-784.0,714.0,-157.0,-746.0,-411.0,683.0,-220.0,364.0
387.0,,-751.0,695.0,-150.0,-746.0,-416.0,473.0,-163.0,320.0
338.0,,-718.0,668.0,-160.0,-740.0,-430.0,853.0,-102.0,255.0
326.0,,-659.0,630.0,-156.0,-707.0,-425.0,585.0,-41.0,190.0
337.0,,-641.0,633.0,-111.0,-681.0,-390.0,803.0,6.0,122.0
331.0,,-606.0,651.0,-49.0,-672.0,-342.0,670.0,56.0,79.0
315.0,,-573.0,660.0,38.0,-615.0,-322.0,594.0,97.0,49.0
334.0,,-567.0,676.0,149.0,-509.0,-313.0,764.0,103.0,51.0
354.0,,-529.0,698.0,227.0,-513.0,-303.0,460.0,104.0,93.0
340.0,,-518.0,700.0,247.0,-541.0,-288.0,792.0,114.0,168.0
315.0,,-505.0,687.0,197.0,-485.0,-272.0,583.0,119.0,258.0
313.0,,-455.0,665.0,99.0,-474.0,-244.0,722.0,106.0,355.0
301.0,,-442.0,641.0,-8.0,-443.0,-235.0,670.0,79.0,445.0
263.0,,-396.0,620.0,-73.0,-436.0,-264.0,432.0,31.0,509.0
214.0,,-339.0,602.0,-76.0,-361.0,-271.0,711.0,-9.0,582.0
157.0,,-291.0,595.0,-64.0,-246.0,-260.0,437.0,-51.0,624.0
146.0,,-218.0,620.0,-47.0,-255.0,-230.0,748.0,-94.0,615.0
132.0,,-166.0,667.0,-36.0,-294.0,-200.0,559.0,-138.0,591.0
107.0,,-117.0,713.0,-37.0,-308.0,-174.0,519.0,-188.0,537.0
97.0,,-63.0,736.0,-48.0,-266.0,-127.0,624.0,-214.0,471.0
111.0,,-57.0,726.0,-58.0,-304.0,-76.0,334.0,-243.0,373.0
150.0,,-46.0,704.0,-53.0,-361.0,-37.0,698.0,-254.0,264.0
177.0,,-11.0,669.0,-54.0,-326.0,7.0,485.0,-242.0,185.0
212.0,,-31.0,626.0,-51.0,-271.0,28.0,715.0,-235.0,113.0
264.0,,-27.0,593.0,-37.0,-254.0,17.0,670.0,-230.0,82.0
325.0,,-42.0,562.0,-18.0,-259.0,30.0,506.0,-252.0,71.0
390.0,,-83.0,522.0,5.0,-199.0,24.0,787.0,-260.0,72.0
443.0,,-97.0,491.0,13.0,-110.0,13.0,522.0,-241.0,144.0
482.0,,-154.0,472.0,18.0,-15.0,38.0,814.0,-210.0,258.0
547.0,,-192.0,461.0,6.0,39.0,80.0,622.0,-150.0,364.0
600.0,,-230.0,440.0,-22.0,107.0,85.0,635.0,-90.0,478.0
634.0,,-281.0,382.0,-84.0,189.0,75.0,711.0,-22.0,559.0
658.0,,-303.0,329.0,-178.0,191.0,111.0,513.0,42.0,604.0
649.0,,-321.0,284.0,-257.0,138.0,98.0,798.0,88.0,646.0
629.0,,-356.0,229.0,-358.0,79.0,45.0,456.0,128.0,658.0
582.0,,-364.0,145.0,-450.0,116.0,24.0,685.0,164.0,646.0
528.0,,-360.0,23.0,-486.0,181.0,29.0,641.0,203.0,610.0
452.0,,-384.0,-78.0,-471.0,162.0,26.0,565.0,235.0,551.0
366.0,,-374.0,-150.0,-389.0,139.0,26.0,740.0,267.0,486.0
290.0,,-381.0,-229.0,-274.0,156.0,46.0,395.0,285.0,446.0
201.0,,-386.0,-304.0,-149.0,183.0,23.0,678.0,289.0,445.0
93.0,,-361.0,-354.0,-24.0,181.0,29.0,434.0,276.0,455.0
-11.0,,-360.0,-371.0,59.0,152.0,49.0,556.0,220.0,470.0
-56.0,,-330.0,-315.0,96.0,175.0,38.0,609.0,161.0,517.0
-97.0,,-309.0,-224.0,104.0,210.0,27.0,439.0,107.0,596.0
-143.0,,-306.0,-141.0,90.0,200.0,18.0,727.0,52.0,681.0
-177.0,,-273.0,-34.0,67.0,140.0,58.0,352.0,31.0,737.0
-196.0,,-281.0,51.0,45.0,93.0,78.0,587.0,48.0,767.0
-178.0,,-286.0,113.0,11.0,166.0,81.0,393.0,74.0,793.0
-169.0,,-293.0,173.0,-31.0,206.0,77.0,295.0,128.0,798.0
-198.0,,-334.0,214.0,-74.0,197.0,49.0,450.0,208.0,776.0
-215.0,,-327.0,276.0,-101.0,244.0,29.0,219.0,291.0,709.0
-220.0,,-345.0,352.0,-118.0,269.0,9.0,613.0,406.0,615.0
-240.0,,-361.0,429.0,-131.0,254.0,-2.0,363.0,528.0,535.0
-261.0,,-340.0,523.0,-145.0,239.0,-34.0,519.0,640.0,438.0
-317.0,,-334.0,586.0,-149.0,208.0,-49.0,515.0,754.0,372.0
-365.0,,-305.0,616.0,-126.0,196.0,-56.0,373.0,848.0,318.0
-408.0,,-261.0,641.0,-105.0,195.0,-103.0,602.0,929.0,254.0
-415.0,,-216.0,640.0,-66.0,120.0,-104.0,266.0,973.0,210.0
-398.0,,-152.0,614.0,-19.0,75.0,-62.0,565.0,980.0,145.0
-430.0,,-74.0,578.0,18.0,140.0,-54.0,402.0,965.0,99.0
-434.0,,-12.0,522.0,39.0,197.0,-77.0,482.0,894.0,50.0
-387.0,,68.0,441.0,56.0,226.0,-77.0,587.0,788.0,-27.0
-307.0,,156.0,342.0,90.0,275.0,-79.0,267.0,660.0,-95.0
-270.0,,217.0,229.0,93.0,255.0,-110.0,508.0,512.0,-122.0
-231.0,,293.0,140.0,96.0,175.0,-100.0,188.0,386.0,-144.0
-128.0,,326.0,57.0,116.0,181.0,-79.0,369.0,279.0,-175.0
-24.0,,325.0,-45.0,138.0,231.0,-88.0,299.0,185.0,-177.0
48.0,,331.0,-143.0,165.0,198.0,-81.0,243.0,139.0,-194.0
69.0,,281.0,-223.0,203.0,132.0,-99.0,478.0,128.0,-200.0
113.0,,240.0,-279.0,248.0,89.0,-123.0,188.0,151.0,-213.0
186.0,,187.0,-295.0,275.0,104.0,-124.0,498.0,201.0,-253.0
216.0,,106.0,-267.0,269.0,188.0,-144.0,282.0,262.0,-282.0
187.0,,49.0,-232.0,246.0,199.0,-157.0,347.0,331.0,-314.0
184.0,,-23.0,-183.0,231.0,202.0,-150.0,330.0,377.0,-375.0
234.0,,-68.0,-110.0,209.0,231.0,-140.0,84.0,407.0,-457.0
240.0,,-113.0,-37.0,206.0,227.0,-130.0,358.0,414.0,-506.0
194.0,,-142.0,9.0,230.0,214.0,-147.0,-9.0,394.0,-584.0
147.0,,-132.0,17.0,245.0,139.0,-176.0,157.0,365.0,-659.0
140.0,,-149.0,9.0,255.0,125.0,-166.0,-1.0,326.0,-714.0
103.0,,-134.0,-35.0,257.0,159.0,-141.0,-64.0,286.0,-778.0
16.0,,-91.0,-72.0,260.0,194.0,-124.0,151.0,234.0,-818.0
-43.0,,-80.0,-91.0,279.0,189.0,-118.0,-60.0,165.0,-888.0
-63.0,,-39.0,-140.0,309.0,135.0,-129.0,321.0,93.0,-942.0
-109.0,,48.0,-197.0,323.0,177.0,-126.0,109.0,11.0,-963.0
-175.0,,92.0,-266.0,308.0,194.0,-124.0,254.0,-65.0,-992.0
-189.0,,188.0,-306.0,255.0,207.0,-140.0,267.0,-121.0,-1002.0
-181.0,,291.0,-295.0,166.0,208.0,-123.0,110.0,-166.0,-994.0
-169.0,,334.0,-275.0,37.0,191.0,-74.0,388.0,-200.0,-958.0
-148.0,,438.0,-221.0,-99.0,258.0,-31.0,55.0,-224.0,-903.0
-101.0,,501.0,-145.0,-204.0,251.0,-10.0,341.0,-245.0,-848.0
-39.0,,531.0,-86.0,-290.0,246.0,28.0,168.0,-252.0,-768.0
19.0,,594.0,-31.0,-329.0,271.0,71.0,138.0,-246.0,-682.0
57.0,,610.0,12.0,-333.0,290.0,116.0,262.0,-232.0,-610.0
82.0,,609.0,28.0,-307.0,321.0,144.0,-38.0,-204.0,-543.0
119.0,,609.0,29.0,-246.0,335.0,112.0,290.0,-157.0,-496.0
108.0,,596.0,6.0,-159.0,368.0,102.0,20.0,-110.0,-453.0
59.0,,570.0,-41.0,-42.0,419.0,105.0,205.0,-66.0,-423.0
27.0,,540.0,-108.0,59.0,507.0,130.0,168.0,-7.0,-404.0
19.0,,511.0,-187.0,149.0,523.0,139.0,-22.0,40.0,-381.0
-28.0,,456.0,-231.0,224.0,552.0,109.0,129.0,65.0,-367.0
-109.0,,418.0,-215.0,257.0,612.0,130.0,-218.0,69.0,-359.0
-155.0,,389.0,-188.0,248.0,618.0,138.0,73.0,46.0,-351.0
-169.0,,341.0,-171.0,189.0,640.0,138.0,-168.0,-3.0,-333.0
-192.0,,331.0,-140.0,109.0,619.0,136.0,-57.0,-70.0,-289.0
-255.0,,341.0,-94.0,31.0,596.0,137.0,60.0,-138.0,-243.0
-286.0,,328.0,-38.0,-29.0,597.0,168.0,-190.0,-209.0,-196.0
-277.0,,346.0,41.0,-60.0,583.0,173.0,144.0,-278.0,-119.0
-279.0,,381.0,130.0,-69.0,614.0,158.0,-181.0,-331.0,-48.0
-306.0,,380.0,227.0,-63.0,682.0,131.0,9.0,-352.0,42.0
-339.0,,425.0,318.0,-47.0,653.0,123.0,-138.0,-342.0,150.0
-318.0,,450.0,403.0,-28.0,607.0,127.0,-219.0,-292.0,230.0
-279.0,,451.0,506.0,-2.0,641.0,109.0,44.0,-216.0,321.0
-295.0,,508.0,596.0,40.0,680.0,90.0,-221.0,-141.0,405.0
-313.0,,507.0,660.0,65.0,676.0,104.0,92.0,-69.0,482.0
-263.0,,530.0,662.0,60.0,642.0,140.0,-203.0,-9.0,516.0
-214.0,,565.0,616.0,17.0,717.0,146.0,-155.0,42.0,506.0
-225.0,,549.0,550.0,-65.0,751.0,172.0,-199.0,75.0,493.0
-233.0,,565.0,457.0,-150.0,714.0,205.0,-441.0,93.0,464.0
-198.0,,557.0,377.0,-206.0,728.0,191.0,-83.0,109.0,430.0
-192.0,,538.0,339.0,-225.0,722.0,166.0,-315.0,109.0,386.0
-240.0,,533.0,315.0,-216.0,751.0,157.0,-49.0,93.0,337.0
-266.0,,503.0,280.0,-154.0,774.0,122.0,-227.0,40.0,262.0
-241.0,,463.0,266.0,-56.0,803.0,65.0,-339.0,-9.0,166.0
-238.0,,443.0,294.0,29.0,794.0,60.0,-275.0,-60.0,44.0
-268.0,,409.0,340.0,116.0,731.0,45.0,-604.0,-125.0,-96.0
-276.0,,389.0,390.0,201.0,718.0,45.0,-315.0,-183.0,-213.0
-266.0,,374.0,412.0,287.0,729.0,79.0,-596.0,-245.0,-321.0
-265.0,,343.0,407.0,365.0,759.0,91.0,-413.0,-297.0,-404.0
-278.0,,359.0,389.0,430.0,761.0,102.0,-367.0,-351.0,-477.0
-296.0,,347.0,328.0,466.0,759.0,128.0,-485.0,-394.0,-513.0
-302.0,,345.0,241.0,443.0,719.0,155.0,-221.0,-417.0,-493.0
-297.0,,358.0,176.0,372.0,678.0,143.0,-539.0,-418.0,-442.0
-329.0,,350.0,161.0,263.0,682.0,142.0,-297.0,-392.0,-358.0
-385.0,,372.0,179.0,147.0,646.0,141.0,-521.0,-364.0,-282.0
-404.0,,348.0,185.0,18.0,635.0,129.0,-473.0,-314.0,-207.0
-409.0,,335.0,204.0,-122.0,632.0,113.0,-271.0,-254.0,-144.0
-432.0,,325.0,224.0,-238.0,655.0,95.0,-519.0,-192.0,-118.0
-431.0,,265.0,243.0,-313.0,661.0,95.0,-223.0,-130.0,-102.0
-362.0,,239.0,290.0,-326.0,588.0,81.0,-554.0,-69.0,-94.0
-261.0,,217.0,341.0,-296.0,540.0,42.0,-397.0,-23.0,-118.0
-151.0,,174.0,411.0,-245.0,556.0,-6.0,-417.0,15.0,-123.0
-42.0,,174.0,480.0,-198.0,579.0,-32.0,-495.0,53.0,-108.0
54.0,,179.0,529.0,-168.0,552.0,-51.0,-186.0,57.0,-93.0
143.0,,189.0,571.0,-137.0,553.0,-61.0,-476.0,61.0,-47.0
218.0,,231.0,590.0,-114.0,590.0,-55.0,-195.0,63.0,-3.0
270.0,,258.0,581.0,-104.0,598.0,-43.0,-447.0,61.0,57.0
323.0,,317.0,536.0,-96.0,565.0,-36.0,-369.0,81.0,123.0
370.0,,371.0,480.0,-53.0,482.0,-18.0,-214.0,100.0,152.0
389.0,,389.0,412.0,17.0,471.0,-1.0,-399.0,122.0,180.0
415.0,,444.0,328.0,77.0,501.0,-16.0,-33.0,154.0,195.0
448.0,,480.0,233.0,130.0,459.0,-3.0,-284.0,193.0,195.0
450.0,,499.0,160.0,165.0,479.0,40.0,-57.0,233.0,201.0
403.0,,558.0,120.0,170.0,545.0,90.0,-194.0,265.0,192.0
365.0,,588.0,66.0,147.0,555.0,106.0,-282.0,293.0,185.0
343.0,,601.0,15.0,118.0,525.0,129.0,-136.0,322.0,185.0
290.0,,632.0,-13.0,108.0,487.0,165.0,-413.0,347.0,146.0
207.0,,636.0,-14.0,125.0,482.0,155.0,-60.0,372.0,86.0
135.0,,640.0,-6.0,145.0,427.0,139.0,-400.0,383.0,50.0
87.0,,613.0,-12.0,150.0,341.0,116.0,-341.0,372.0,-11.0
12.0,,600.0,-11.0,140.0,332.0,103.0,-339.0,351.0,-63.0
-80.0,,624.0,-27.0,121.0,313.0,87.0,-558.0,309.0,-107.0
-166.0,,562.0,-80.0,114.0,306.0,93.0,-216.0,246.0,-169.0
-221.0,,550.0,-145.0,112.0,322.0,94.0,-410.0,186.0,-203.0
-257.0,,558.0,-192.0,125.0,346.0,60.0,-68.0,110.0,-278.0
-299.0,,496.0,-193.0,135.0,402.0,60.0,-175.0,25.0,-346.0
-326.0,,524.0,-181.0,111.0,316.0,65.0,-192.0,-46.0,-408.0
-345.0,,533.0,-161.0,84.0,246.0,61.0,-62.0,-104.0,-491.0
-331.0,,497.0,-128.0,64.0,239.0,57.0,-341.0,-136.0,-534.0
-301.0,,534.0,-124.0,37.0,169.0,54.0,18.0,-162.0,-535.0
-284.0,,544.0,-125.0,14.0,169.0,57.0,-210.0,-166.0,-475.0
-261.0,,526.0,-120.0,25.0,180.0,62.0,-38.0,-158.0,-392.0
-225.0,,558.0,-113.0,55.0,175.0,60.0,-51.0,-141.0,-239.0
-203.0,,571.0,-110.0,70.0,118.0,63.0,-247.0,-105.0,-42.0
-212.0,,577.0,-141.0,62.0,79.0,63.0,-60.0,-64.0,131.0
-205.0,,615.0,-189.0,55.0,147.0,50.0,-415.0,-28.0,305.0
-182.0,,628.0,-232.0,57.0,146.0,62.0,-103.0,0.0,426.0
-182.0,,653.0,-265.0,65.0,102.0,54.0,-210.0,39.0,509.0
-179.0,,689.0,-287.0,128.0,102.0,4.0,-94.0,77.0,595.0
-151.0,,719.0,-321.0,223.0,117.0,-10.0,110.0,110.0,659.0
-109.0,,768.0,-358.0,291.0,79.0,-18.0,-110.0,144.0,695.0
-61.0,,793.0,-383.0,302.0,18.0,-55.0,227.0,173.0,721.0
-11.0,,865.0,-413.0,262.0,8.0,-68.0,-105.0,191.0,751.0
25.0,,948.0,-417.0,220.0,-12.0,-77.0,53.0,186.0,773.0
58.0,,981.0,-393.0,180.0,-25.0,-94.0,68.0,174.0,777.0
116.0,,1084.0,-366.0,150.0,-65.0,-96.0,-5.0,148.0,763.0
173.0,,1187.0,-326.0,147.0,-70.0,-93.0,230.0,113.0,737.0
195.0,,1223.0,-273.0,148.0,-37.0,-99.0,-133.0,75.0,699.0
230.0,,1325.0,-193.0,144.0,-92.0,-81.0,86.0,44.0,621.0
288.0,,1396.0,-126.0,146.0,-86.0,-57.0,-147.0,15.0,531.0
316.0,,1411.0,-59.0,141.0,-40.0,-58.0,-49.0,-18.0,433.0
330.0,,1475.0,31.0,124.0,-19.0,-37.0,70.0,-37.0,318.0
347.0,,1511.0,114.0,87.0,22.0,-20.0,-190.0,-61.0,197.0
359.0,,1476.0,167.0,38.0,45.0,-6.0,145.0,-80.0,78.0
351.0,,1487.0,192.0,13.0,31.0,52.0,-125.0,-92.0,2.0
334.0,,1473.0,226.0,13.0,-7.0,90.0,147.0,-102.0,-47.0
334.0,,1365.0,270.0,52.0,-68.0,71.0,116.0,-100.0,-48.0
322.0,,1338.0,311.0,115.0,-157.0,53.0,12.0,-89.0,5.0
281.0,,1274.0,325.0,149.0,-204.0,73.0,234.0,-88.0,98.0
248.0,,1156.0,337.0,156.0,-200.0,85.0,-59.0,-99.0,205.0
233.0,,1117.0,357.0,138.0,-219.0,75.0,286.0,-79.0,308.0
210.0,,1063.0,358.0,90.0,-223.0,65.0,53.0,-59.0,432.0
165.0,,976.0,339.0,33.0,-161.0,33.0,118.0,-31.0,542.0
118.0,,928.0,301.0,-20.0,-52.0,20.0,110.0,19.0,633.0
94.0,,909.0,238.0,-77.0,3.0,1.0,-199.0,50.0,688.0
81.0,,832.0,170.0,-126.0,-39.0,-46.0,40.0,73.0,681.0
71.0,,791.0,114.0,-170.0,-18.0,-82.0,-339.0,84.0,644.0
48.0,,753.0,78.0,-210.0,-12.0,-87.0,-55.0,84.0,603.0
14.0,,686.0,73.0,-242.0,-78.0,-73.0,-99.0,96.0,547.0
3.0,,659.0,113.0,-234.0,-80.0,-90.0,-118.0,111.0,483.0
-7.0,,582.0,223.0,-168.0,-83.0,-107.0,99.0,106.0,418.0
-18.0,,534.0,384.0,-102.0,-104.0,-110.0,-218.0,88.0,378.0
-41.0,,506.0,539.0,-46.0,-154.0,-111.0,109.0,68.0,358.0
-52.0,,427.0,673.0,20.0,-143.0,-129.0,-136.0,49.0,316.0
-29.0,,371.0,776.0,71.0,-102.0,-137.0,5.0,32.0,274.0
-4.0,,333.0,826.0,82.0,-150.0,-141.0,60.0,1.0,229.0
26.0,,271.0,837.0,54.0,-125.0,-182.0,-138.0,-28.0,185.0
57.0,,226.0,834.0,0.0,-61.0,-153.0,138.0,-50.0,130.0
95.0,,192.0,827.0,-69.0,-32.0,-102.0,-218.0,-65.0,82.0
135.0,,149.0,820.0,-122.0,-17.0,-116.0,3.0,-74.0,65.0
182.0,,154.0,783.0,-138.0,-46.0,-144.0,-109.0,-71.0,57.0
212.0,,150.0,737.0,-101.0,-86.0,-127.0,-112.0,-41.0,71.0
240.0,,136.0,738.0,-25.0,-85.0,-87.0,73.0,1.0,93.0
273.0,,174.0,775.0,53.0,-74.0,-85.0,-227.0,42.0,124.0
260.0,,189.0,834.0,103.0,-98.0,-77.0,44.0,83.0,164.0
247.0,,196.0,891.0,115.0,-121.0,-71.0,-199.0,136.0,181.0
259.0,,244.0,905.0,96.0,-117.0,-79.0,-7.0,186.0,209.0
284.0,,270.0,859.0,55.0,-117.0,-101.0,44.0,224.0,258.0
277.0,,296.0,754.0,30.0,-100.0,-144.0,-70.0,253.0,305.0
254.0,,340.0,624.0,16.0,-96.0,-158.0,203.0,259.0,375.0
274.0,,355.0,466.0,-13.0,-66.0,-183.0,-173.0,262.0,450.0
311.0,,395.0,287.0,-47.0,-29.0,-215.0,40.0,255.0,510.0
300.0,,413.0,114.0,-85.0,-131.0,-218.0,-162.0,242.0,551.0
256.0,,423.0,-77.0,-119.0,-185.0,-234.0,-169.0,240.0,572.0
263.0,,439.0,-252.0,-137.0,-185.0,-249.0,-27.0,207.0,558.0
288.0,,409.0,-365.0,-149.0,-216.0,-229.0,-291.0,158.0,511.0
276.0,,392.0,-418.0,-146.0,-208.0,-225.0,22.0,109.0,477.0
253.0,,345.0,-442.0,-115.0,-219.0,-230.0,-271.0,61.0,449.0
269.0,,287.0,-431.0,-59.0,-156.0,-214.0,-99.0,16.0,419.0
297.0,,260.0,-345.0,15.0,-115.0,-225.0,-133.0,-14.0,380.0
288.0,,200.0,-208.0,74.0,-155.0,-238.0,-216.0,-27.0,313.0
300.0,,158.0,-76.0,118.0,-139.0,-256.0,105.0,-29.0,213.0
349.0,,133.0,49.0,164.0,-94.0,-264.0,-201.0,-3.0,101.0
396.0,,84.0,162.0,193.0,-117.0,-281.0,64.0,20.0,-29.0
425.0,,45.0,231.0,219.0,-195.0,-331.0,-149.0,60.0,-144.0
469.0,,0.0,252.0,250.0,-196.0,-340.0,-129.0,121.0,-242.0
547.0,,-58.0,198.0,267.0,-166.0,-377.0,-40.0,159.0,-320.0
634.0,,-105.0,101.0,272.0,-187.0,-440.0,-258.0,205.0,-323.0
683.0,,-157.0,24.0,285.0,-213.0,-469.0,70.0,255.0,-310.0
684.0,,-206.0,-43.0,305.0,-189.0,-478.0,-162.0,286.0,-256.0
734.0,,-230.0,-100.0,304.0,-143.0,-479.0,112.0,314.0,-161.0
770.0,,-262.0,-134.0,269.0,-162.0,-516.0,31.0,332.0,-46.0
721.0,,-279.0,-144.0,238.0,-198.0,-514.0,-38.0,344.0,82.0
681.0,,-289.0,-176.0,233.0,-210.0,-522.0,175.0,357.0,202.0
672.0,,-312.0,-228.0,241.0,-252.0,-544.0,-197.0,372.0,330.0
631.0,,-305.0,-245.0,254.0,-227.0,-533.0,94.0,372.0,440.0
535.0,,-300.0,-259.0,267.0,-204.0,-543.0,-112.0,364.0,551.0
429.0,,-292.0,-298.0,269.0,-254.0,-510.0,-22.0,352.0,644.0
369.0,,-257.0,-355.0,251.0,-277.0,-506.0,59.0,303.0,710.0
334.0,,-223.0,-392.0,217.0,-286.0,-501.0,-149.0,227.0,759.0
239.0,,-198.0,-369.0,165.0,-266.0,-495.0,92.0,128.0,801.0
132.0,,-147.0,-338.0,114.0,-300.0,-515.0,-238.0,19.0,844.0
75.0,,-94.0,-307.0,61.0,-308.0,-509.0,72.0,-102.0,837.0
46.0,,-39.0,-266.0,-10.0,-284.0,-557.0,3.0,-234.0,822.0
8.0,,37.0,-242.0,-96.0,-337.0,-575.0,-1.0,-350.0,800.0
-65.0,,79.0,-235.0,-193.0,-338.0,-566.0,229.0,-467.0,725.0
-113.0,,127.0,-251.0,-279.0,-294.0,-551.0,-72.0,-582.0,636.0
-133.0,,160.0,-253.0,-333.0,-265.0,-528.0,253.0,-677.0,557.0
-150.0,,164.0,-227.0,-337.0,-252.0,-524.0,-38.0,-752.0,497.0
-178.0,,180.0,-181.0,-308.0,-207.0,-491.0,66.0,-808.0,460.0
-182.0,,166.0,-96.0,-271.0,-181.0,-470.0,79.0,-837.0,418.0
-149.0,,152.0,18.0,-227.0,-184.0,-448.0,-118.0,-830.0,378.0
-142.0,,130.0,142.0,-199.0,-178.0,-454.0,182.0,-789.0,352.0
-157.0,,91.0,256.0,-183.0,-179.0,-484.0,-157.0,-726.0,322.0
-160.0,,72.0,369.0,-166.0,-136.0,-487.0,123.0,-647.0,273.0
-129.0,,40.0,467.0,-131.0,-138.0,-498.0,-35.0,-553.0,243.0
-116.0,,17.0,526.0,-66.0,-160.0,-487.0,-25.0,-456.0,224.0
-122.0,,15.0,573.0,32.0,-137.0,-436.0,186.0,-358.0,205.0
-107.0,,-6.0,610.0,143.0,-130.0,-416.0,-51.0,-265.0,203.0
-75.0,,4.0,621.0,198.0,-104.0,-399.0,321.0,-201.0,182.0
-50.0,,20.0,609.0,194.0,-35.0,-376.0,11.0,-155.0,165.0
-59.0,,24.0,561.0,159.0,-21.0,-409.0,144.0,-113.0,132.0
-40.0,,54.0,498.0,98.0,-44.0,-411.0,96.0,-102.0,70.0
-11.0,,61.0,443.0,25.0,-40.0,-393.0,-7.0,-99.0,16.0
8.0,,74.0,408.0,-40.0,-10.0,-402.0,312.0,-102.0,-56.0
22.0,,103.0,404.0,-86.0,-2.0,-422.0,24.0,-117.0,-120.0
31.0,,103.0,440.0,-124.0,-59.0,-444.0,395.0,-129.0,-193.0
71.0,,110.0,519.0,-151.0,-70.0,-426.0,190.0,-145.0,-258.0
96.0,,118.0,603.0,-153.0,-105.0,-411.0,201.0,-155.0,-277.0
96.0,,114.0,683.0,-142.0,-171.0,-425.0,277.0,-174.0,-284.0
88.0,,121.0,751.0,-132.0,-187.0,-433.0,-29.0,-178.0,-286.0
117.0,,118.0,780.0,-106.0,-187.0,-425.0,280.0,-173.0,-272.0
161.0,,135.0,773.0,-67.0,-131.0,-414.0,-53.0,-158.0,-220.0
137.0,,151.0,757.0,-44.0,-91.0,-390.0,134.0,-126.0,-175.0
99.0,,157.0,738.0,-37.0,-39.0,-350.0,83.0,-94.0,-138.0
118.0,,199.0,682.0,-22.0,29.0,-303.0,-5.0,-60.0,-93.0
147.0,,216.0,625.0,12.0,70.0,-244.0,249.0,-37.0,-25.0
110.0,,250.0,588.0,49.0,62.0,-173.0,16.0,-12.0,85.0
61.0,,294.0,556.0,65.0,62.0,-126.0,408.0,-4.0,217.0
32.0,,313.0,519.0,49.0,93.0,-97.0,195.0,-6.0,354.0
-5.0,,347.0,477.0,9.0,25.0,-76.0,243.0,-7.0,484.0
-51.0,,369.0,449.0,-16.0,-3.0,-68.0,254.0,-4.0,645.0
-108.0,,383.0,425.0,6.0,29.0,-55.0,29.0,14.0,788.0
-165.0,,359.0,418.0,59.0,82.0,-67.0,347.0,30.0,898.0
-204.0,,348.0,429.0,118.0,168.0,-52.0,1.0,46.0,987.0
-219.0,,332.0,417.0,175.0,183.0,-29.0,206.0,75.0,1024.0
-239.0,,274.0,398.0,222.0,196.0,-38.0,96.0,117.0,1032.0
-248.0,,258.0,371.0,237.0,205.0,-34.0,83.0,164.0,980.0
-229.0,,209.0,333.0,224.0,194.0,-4.0,288.0,208.0,879.0
-220.0,,142.0,311.0,205.0,182.0,30.0,25.0,249.0,780.0
-219.0,,104.0,336.0,185.0,186.0,37.0,321.0,278.0,626.0
-193.0,,22.0,404.0,166.0,230.0,44.0,-5.0,296.0,441.0
-151.0,,-42.0,442.0,137.0,186.0,73.0,140.0,298.0,289.0
-126.0,,-91.0,448.0,82.0,83.0,90.0,210.0,290.0,130.0
-117.0,,-148.0,445.0,11.0,59.0,93.0,77.0,297.0,-14.0
-88.0,,-181.0,427.0,-58.0,98.0,123.0,380.0,303.0,-163.0
-19.0,,-211.0,397.0,-105.0,148.0,119.0,25.0,322.0,-288.0
25.0,,-235.0,349.0,-139.0,110.0,123.0,251.0,343.0,-348.0
45.0,,-241.0,301.0,-171.0,105.0,161.0,60.0,379.0,-387.0
79.0,,-232.0,255.0,-165.0,177.0,165.0,-29.0,440.0,-388.0
134.0,,-235.0,205.0,-140.0,158.0,183.0,49.0,483.0,-348.0
181.0,,-245.0,143.0,-134.0,174.0,232.0,-295.0,537.0,-279.0
190.0,,-238.0,65.0,-147.0,235.0,288.0,-14.0,607.0,-239.0
205.0,,-257.0,1.0,-191.0,307.0,326.0,-273.0,664.0,-213.0
244.0,,-291.0,-32.0,-269.0,306.0,344.0,-114.0,700.0,-190.0
276.0,,-311.0,-31.0,-343.0,213.0,334.0,-125.0,730.0,-204.0
263.0,,-359.0,-24.0,-401.0,242.0,348.0,-242.0,740.0,-206.0
238.0,,-411.0,5.0,-439.0,296.0,367.0,57.0,710.0,-235.0
264.0,,-464.0,69.0,-423.0,279.0,377.0,-227.0,666.0,-289.0
282.0,,-526.0,121.0,-338.0,201.0,381.0,36.0,604.0,-333.0
250.0,,-578.0,176.0,-204.0,139.0,335.0,-219.0,511.0,-408.0
207.0,,-640.0,239.0,-67.0,205.0,333.0,-280.0,405.0,-486.0
192.0,,-683.0,283.0,44.0,236.0,350.0,-236.0,288.0,-545.0
197.0,,-718.0,299.0,126.0,189.0,364.0,-491.0,142.0,-608.0
174.0,,-748.0,294.0,171.0,204.0,337.0,-136.0,-3.0,-648.0
131.0,,-742.0,310.0,189.0,295.0,309.0,-378.0,-129.0,-693.0
108.0,,-730.0,335.0,221.0,366.0,336.0,-127.0,-237.0,-733.0
108.0,,-712.0,318.0,283.0,334.0,349.0,-162.0,-331.0,-737.0
71.0,,-685.0,290.0,347.0,276.0,380.0,-240.0,-386.0,-714.0
24.0,,-640.0,238.0,394.0,309.0,377.0,0.0,-403.0,-655.0
5.0,,-603.0,166.0,403.0,379.0,384.0,-317.0,-424.0,-586.0
-20.0,,-572.0,123.0,376.0,364.0,408.0,7.0,-411.0,-496.0
-66.0,,-539.0,69.0,310.0,315.0,392.0,-195.0,-393.0,-426.0
-137.0,,-539.0,-11.0,212.0,337.0,400.0,-112.0,-369.0,-381.0
-187.0,,-528.0,-92.0,103.0,370.0,433.0,-18.0,-305.0,-331.0
-204.0,,-534.0,-172.0,-9.0,339.0,440.0,-266.0,-249.0,-291.0
-224.0,,-561.0,-259.0,-97.0,306.0,433.0,0.0,-183.0,-246.0
-270.0,,-572.0,-322.0,-163.0,334.0,406.0,-358.0,-111.0,-213.0
-298.0,,-603.0,-365.0,-198.0,329.0,372.0,-162.0,-51.0,-167.0
-254.0,,-636.0,-397.0,-180.0,233.0,375.0,-197.0,0.0,-86.0
-230.0,,-668.0,-396.0,-119.0,208.0,347.0,-181.0,36.0,19.0
-260.0,,-700.0,-384.0,-52.0,341.0,302.0,112.0,67.0,138.0
-264.0,,-725.0,-359.0,1.0,373.0,292.0,-205.0,89.0,261.0
-214.0,,-738.0,-316.0,48.0,304.0,323.0,20.0,89.0,381.0
-186.0,,-711.0,-250.0,70.0,296.0,352.0,-251.0,85.0,518.0
-226.0,,-694.0,-134.0,75.0,317.0,364.0,-171.0,93.0,612.0
-265.0,,-662.0,-29.0,80.0,335.0,381.0,-105.0,84.0,668.0
-252.0,,-609.0,66.0,73.0,273.0,407.0,-303.0,89.0,731.0
-227.0,,-571.0,203.0,53.0,238.0,438.0,-24.0,94.0,730.0
-267.0,,-509.0,330.0,19.0,300.0,430.0,-402.0,89.0,697.0
-314.0,,-457.0,424.0,-21.0,347.0,416.0,-238.0,106.0,626.0
-314.0,,-407.0,498.0,-47.0,278.0,402.0,-388.0,105.0,545.0
-300.0,,-343.0,559.0,-51.0,225.0,399.0,-419.0,103.0,449.0
-337.0,,-266.0,589.0,-38.0,278.0,400.0,-164.0,116.0,353.0
-430.0,,-190.0,577.0,-18.0,294.0,347.0,-436.0,139.0,293.0
-449.0,,-128.0,555.0,1.0,216.0,300.0,-62.0,162.0,237.0
-445.0,,-36.0,519.0,10.0,118.0,300.0,-251.0,175.0,216.0
-488.0,,21.0,484.0,22.0,166.0,310.0,-138.0,193.0,210.0
-545.0,,81.0,432.0,48.0,230.0,328.0,-107.0,206.0,226.0
-567.0,,144.0,365.0,67.0,243.0,336.0,-280.0,214.0,238.0
-517.0,,168.0,303.0,86.0,237.0,341.0,-35.0,198.0,278.0
-517.0,,213.0,234.0,106.0,277.0,390.0,-432.0,173.0,300.0
-556.0,,221.0,192.0,102.0,393.0,438.0,-175.0,144.0,308.0
-521.0,,215.0,162.0,61.0,421.0,433.0,-303.0,108.0,351.0
-445.0,,218.0,136.0,-15.0,383.0,423.0,-315.0,74.0,372.0
-401.0,,211.0,125.0,-111.0,356.0,453.0,-86.0,32.0,421.0
-381.0,,193.0,123.0,-189.0,392.0,478.0,-371.0,4.0,444.0
-320.0,,164.0,116.0,-213.0,378.0,467.0,-140.0,-14.0,470.0
-219.0,,152.0,90.0,-177.0,359.0,460.0,-482.0,-21.0,514.0
-170.0,,129.0,57.0,-121.0,358.0,470.0,-351.0,-21.0,510.0
-191.0,,97.0,13.0,-63.0,367.0,476.0,-352.0,-24.0,493.0
-188.0,,68.0,-4.0,-11.0,406.0,468.0,-482.0,-19.0,425.0
-149.0,,28.0,20.0,24.0,357.0,465.0,-194.0,-14.0,307.0
-156.0,,0.0,72.0,44.0,371.0,453.0,-513.0,-10.0,168.0
-221.0,,-22.0,155.0,43.0,415.0,438.0,-221.0,-3.0,-2.0
-251.0,,-48.0,252.0,19.0,447.0,456.0,-395.0,-10.0,-173.0
-241.0,,-53.0,332.0,-20.0,438.0,472.0,-386.0,-40.0,-327.0
-211.0,,-48.0,404.0,-47.0,380.0,457.0,-275.0,-64.0,-463.0
-182.0,,-35.0,449.0,-78.0,404.0,460.0,-533.0,-100.0,-558.0
-147.0,,-23.0,459.0,-126.0,436.0,491.0,-160.0,-156.0,-623.0
-65.0,,-14.0,439.0,-159.0,411.0,531.0,-413.0,-192.0,-648.0
4.0,,0.0,414.0,-170.0,332.0,545.0,-205.0,-239.0,-596.0
54.0,,11.0,375.0,-155.0,356.0,519.0,-247.0,-287.0,-472.0
84.0,,-4.0,290.0,-121.0,400.0,523.0,-384.0,-322.0,-321.0
138.0,,-29.0,207.0,-96.0,347.0,556.0,-166.0,-364.0,-108.0
198.0,,-42.0,138.0,-85.0,300.0,567.0,-515.0,-392.0,150.0
198.0,,-91.0,66.0,-83.0,329.0,575.0,-223.0,-403.0,380.0
209.0,,-151.0,24.0,-79.0,443.0,581.0,-450.0,-404.0,584.0
279.0,,-209.0,8.0,-80.0,390.0,559.0,-388.0,-410.0,741.0
346.0,,-278.0,0.0,-74.0,285.0,532.0,-219.0,-416.0,850.0
328.0,,-343.0,18.0,-43.0,333.0,489.0,-432.0,-402.0,897.0
315.0,,-424.0,72.0,-29.0,362.0,462.0,-109.0,-389.0,903.0
377.0,,-494.0,144.0,-51.0,323.0,470.0,-386.0,-383.0,885.0
441.0,,-531.0,214.0,-103.0,277.0,436.0,-169.0,-370.0,839.0
444.0,,-581.0,269.0,-149.0,287.0,406.0,-256.0,-342.0,759.0
408.0,,-613.0,301.0,-170.0,326.0,399.0,-341.0,-315.0,672.0
403.0,,-616.0,328.0,-179.0,349.0,383.0,-105.0,-283.0,602.0
408.0,,-650.0,356.0,-188.0,354.0,349.0,-406.0,-263.0,495.0
363.0,,-662.0,329.0,-210.0,344.0,309.0,-75.0,-242.0,390.0
293.0,,-656.0,281.0,-238.0,348.0,319.0,-288.0,-195.0,264.0
260.0,,-685.0,252.0,-268.0,348.0,336.0,-197.0,-169.0,149.0
248.0,,-675.0,211.0,-281.0,308.0,352.0,-107.0,-137.0,21.0
226.0,,-674.0,179.0,-274.0,277.0,368.0,-297.0,-107.0,-151.0
181.0,,-686.0,175.0,-257.0,333.0,365.0,25.0,-83.0,-301.0
145.0,,-643.0,224.0,-235.0,371.0,374.0,-254.0,-35.0,-447.0
153.0,,-631.0,307.0,-215.0,325.0,389.0,59.0,17.0,-578.0
133.0,,-611.0,409.0,-188.0,312.0,359.0,14.0,84.0,-735.0
86.0,,-564.0,544.0,-176.0,341.0,302.0,-20.0,181.0,-868.0
55.0,,-570.0,684.0,-172.0,317.0,261.0,225.0,295.0,-938.0
32.0,,-544.0,805.0,-148.0,244.0,243.0,-60.0,397.0,-986.0
15.0,,-526.0,893.0,-107.0,242.0,241.0,223.0,521.0,-1015.0
-7.0,,-556.0,934.0,-48.0,305.0,211.0,-77.0,660.0,-1017.0
-23.0,,-527.0,950.0,15.0,255.0,154.0,51.0,772.0,-1005.0
-22.0,,-529.0,917.0,59.0,154.0,122.0,151.0,898.0,-960.0
-39.0,,-548.0,785.0,76.0,214.0,102.0,-1.0,1029.0,-879.0
-74.0,,-523.0,608.0,80.0,281.0,70.0,349.0,1131.0,-806.0
-100.0,,-538.0,406.0,73.0,198.0,37.0,121.0,1198.0,-725.0
-106.0,,-536.0,186.0,62.0,148.0,6.0,417.0,1241.0,-644.0
-115.0,,-521.0,10.0,54.0,181.0,-3.0,242.0,1255.0,-594.0
-127.0,,-522.0,-131.0,39.0,196.0,-2.0,192.0,1233.0,-551.0
-135.0,,-488.0,-238.0,41.0,187.0,-37.0,378.0,1186.0,-535.0
-113.0,,-474.0,-286.0,62.0,128.0,-59.0,166.0,1108.0,-556.0
-74.0,,-463.0,-311.0,63.0,99.0,-52.0,554.0,1015.0,-571.0
-75.0,,-412.0,-339.0,29.0,156.0,-59.0,297.0,913.0,-593.0
-63.0,,-401.0,-317.0,-17.0,133.0,-73.0,413.0,797.0,-618.0
-16.0,,-375.0,-226.0,-46.0,95.0,-68.0,332.0,669.0,-657.0
14.0,,-325.0,-121.0,-55.0,105.0,-35.0,79.0,548.0,-687.0
0.0,,-312.0,-18.0,-45.0,66.0,-37.0,317.0,440.0,-671.0
-44.0,,-270.0,67.0,-2.0,52.0,-56.0,53.0,324.0,-666.0
-70.0,,-229.0,145.0,67.0,1.0,-67.0,400.0,216.0,-647.0
-105.0,,-215.0,202.0,129.0,-39.0,-97.0,328.0,133.0,-624.0
-198.0,,-149.0,205.0,165.0,16.0,-100.0,450.0,84.0,-613.0
-300.0,,-108.0,202.0,157.0,6.0,-93.0,611.0,41.0,-594.0
-363.0,,-80.0,198.0,99.0,-27.0,-116.0,367.0,20.0,-602.0
-409.0,,-12.0,149.0,31.0,-3.0,-138.0,659.0,12.0,-598.0
-475.0,,13.0,72.0,-28.0,16.0,-139.0,341.0,25.0,-600.0
-555.0,,67.0,2.0,-85.0,-4.0,-152.0,569.0,65.0,-621.0
-591.0,,123.0,-72.0,-135.0,-31.0,-144.0,491.0,80.0,-632.0
-627.0,,144.0,-152.0,-160.0,-29.0,-135.0,321.0,96.0,-633.0
-692.0,,197.0,-245.0,-161.0,-3.0,-203.0,559.0,96.0,-624.0
-729.0,,215.0,-330.0,-136.0,-16.0,-240.0,288.0,79.0,-639.0
-732.0,,217.0,-363.0,-94.0,-41.0,-244.0,630.0,50.0,-600.0
-710.0,,237.0,-376.0,-51.0,-1.0,-264.0,428.0,-1.0,-501.0
-689.0,,207.0,-401.0,-16.0,4.0,-283.0,476.0,-33.0,-400.0
-673.0,,179.0,-448.0,13.0,-12.0,-321.0,508.0,-78.0,-263.0
-656.0,,146.0,-472.0,41.0,-39.0,-340.0,317.0,-126.0,-78.0
-625.0,,64.0,-473.0,65.0,-66.0,-347.0,670.0,-155.0,145.0
-585.0,,12.0,-443.0,85.0,-65.0,-364.0,395.0,-206.0,351.0
-556.0,,-56.0,-346.0,101.0,-77.0,-381.0,663.0,-245.0,526.0
-504.0,,-150.0,-241.0,134.0,-90.0,-380.0,524.0,-281.0,692.0
-445.0,,-199.0,-121.0,198.0,-81.0,-388.0,412.0,-337.0,841.0
-390.0,,-253.0,31.0,255.0,-30.0,-419.0,580.0,-389.0,957.0
-339.0,,-286.0,168.0,260.0,4.0,-411.0,304.0,-441.0,1006.0
-287.0,,-281.0,261.0,220.0,0.0,-414.0,661.0,-498.0,986.0
-241.0,,-285.0,283.0,176.0,-41.0,-451.0,434.0,-556.0,944.0
-229.0,,-250.0,239.0,137.0,-42.0,-472.0,546.0,-595.0,877.0
-231.0,,-223.0,160.0,109.0,-41.0,-472.0,550.0,-625.0,794.0
-241.0,,-193.0,40.0,99.0,-95.0,-436.0,356.0,-648.0,723.0
-222.0,,-130.0,-80.0,77.0,-110.0,-422.0,644.0,-675.0,663.0
-207.0,,-109.0,-176.0,41.0,-104.0,-434.0,352.0,-669.0,632.0
-219.0,,-78.0,-245.0,22.0,-96.0,-411.0,657.0,-611.0,624.0
-226.0,,-51.0,-248.0,16.0,-139.0,-389.0,522.0,-551.0,644.0
-210.0,,-58.0,-206.0,27.0,-215.0,-392.0,491.0,-476.0,679.0
-182.0,,-60.0,-118.0,52.0,-221.0,-434.0,628.0,-373.0,694.0
-183.0,,-84.0,17.0,68.0,-165.0,-477.0,354.0,-253.0,680.0
-197.0,,-111.0,162.0,56.0,-198.0,-514.0,683.0,-145.0,670.0
-191.0,,-140.0,321.0,14.0,-270.0,-556.0,443.0,-44.0,652.0
-161.0,,-192.0,491.0,-35.0,-260.0,-560.0,654.0,50.0,589.0
-161.0,,-229.0,651.0,-92.0,-248.0,-547.0,646.0,112.0,502.0
-179.0,,-246.0,781.0,-131.0,-248.0,-546.0,541.0,162.0,437.0
-165.0,,-291.0,849.0,-137.0,-292.0,-575.0,816.0,193.0,385.0
-163.0,,-311.0,854.0,-145.0,-324.0,-582.0,528.0,209.0,306.0
-173.0,,-302.0,820.0,-167.0,-307.0,-607.0,848.0,223.0,238.0
-180.0,,-310.0,756.0,-209.0,-321.0,-646.0,672.0,224.0,213.0
-179.0,,-288.0,682.0,-244.0,-385.0,-637.0,779.0,218.0,232.0
-169.0,,-255.0,631.0,-248.0,-477.0,-659.0,875.0,224.0,221.0
-159.0,,-216.0,604.0,-228.0,-491.0,-670.0,567.0,247.0,209.0
-149.0,,-168.0,578.0,-167.0,-446.0,-669.0,829.0,282.0,252.0
-148.0,,-120.0,548.0,-91.0,-471.0,-650.0,491.0,318.0,269.0
-124.0,,-74.0,519.0,-44.0,-503.0,-625.0,683.0,357.0,295.0
-78.0,,-30.0,494.0,-45.0,-499.0,-608.0,565.0,397.0,283.0
-51.0,,23.0,495.0,-82.0,-499.0,-559.0,491.0,424.0,210.0
-55.0,,70.0,498.0,-118.0,-481.0,-540.0,715.0,439.0,160.0
-52.0,,107.0,470.0,-129.0,-532.0,-503.0,441.0,431.0,75.0
-21.0,,139.0,418.0,-101.0,-625.0,-445.0,800.0,412.0,-17.0
-7.0,,181.0,332.0,-53.0,-621.0,-423.0,521.0,368.0,-144.0
-19.0,,191.0,232.0,-20.0,-607.0,-426.0,607.0,294.0,-305.0
-38.0,,203.0,123.0,-8.0,-610.0,-432.0,668.0,203.0,-442.0
-50.0,,235.0,12.0,-6.0,-596.0,-411.0,458.0,112.0,-587.0
-82.0,,232.0,-76.0,0.0,-644.0,-396.0,801.0,25.0,-707.0
-132.0,,236.0,-162.0,11.0,-724.0,-401.0,589.0,-77.0,-868.0
-172.0,,237.0,-212.0,13.0,-768.0,-380.0,866.0,-173.0,-1017.0
-205.0,,234.0,-242.0,-4.0,-773.0,-352.0,676.0,-250.0,-1115.0
-233.0,,237.0,-263.0,-28.0,-770.0,-352.0,591.0,-316.0,-1239.0
-264.0,,214.0,-251.0,-46.0,-786.0,-342.0,703.0,-374.0,-1338.0
-269.0,,195.0,-202.0,-60.0,-824.0,-358.0,362.0,-411.0,-1425.0
-248.0,,166.0,-131.0,-77.0,-811.0,-362.0,644.0,-424.0,-1507.0
-240.0,,119.0,-75.0,-107.0,-750.0,-321.0,388.0,-430.0,-1546.0
-245.0,,71.0,-31.0,-145.0,-767.0,-288.0,585.0,-406.0,-1549.0
-227.0,,1.0,-15.0,-139.0,-773.0,-252.0,644.0,-361.0,-1518.0
-192.0,,-67.0,-17.0,-80.0,-726.0,-246.0,465.0,-288.0,-1433.0
-163.0,,-124.0,-14.0,-5.0,-709.0,-222.0,663.0,-191.0,-1302.0
-137.0,,-196.0,-26.0,67.0,-689.0,-166.0,275.0,-95.0,-1109.0
-107.0,,-264.0,-47.0,116.0,-703.0,-135.0,482.0,9.0,-909.0
-71.0,,-305.0,-71.0,130.0,-730.0,-93.0,327.0,107.0,-735.0
-54.0,,-345.0,-83.0,94.0,-716.0,-62.0,421.0,186.0,-555.0
-13.0,,-374.0,-108.0,12.0,-719.0,-37.0,606.0,246.0,-427.0
42.0,,-388.0,-139.0,-57.0,-696.0,10.0,304.0,278.0,-346.0
71.0,,-403.0,-145.0,-88.0,-653.0,49.0,522.0,282.0,-314.0
76.0,,-376.0,-165.0,-97.0,-628.0,72.0,151.0,242.0,-339.0
49.0,,-366.0,-204.0,-92.0,-623.0,86.0,321.0,177.0,-369.0
32.0,,-355.0,-247.0,-56.0,-660.0,117.0,317.0,92.0,-398.0
38.0,,-285.0,-289.0,16.0,-600.0,136.0,253.0,-11.0,-396.0
19.0,,-253.0,-338.0,89.0,-585.0,129.0,532.0,-108.0,-381.0
-7.0,,-210.0,-381.0,135.0,-632.0,153.0,182.0,-201.0,-350.0
-10.0,,-161.0,-411.0,143.0,-575.0,153.0,423.0,-285.0,-276.0
-22.0,,-149.0,-439.0,131.0,-546.0,133.0,194.0,-365.0,-243.0
-53.0,,-114.0,-470.0,129.0,-540.0,152.0,290.0,-441.0,-218.0
-116.0,,-105.0,-522.0,157.0,-543.0,184.0,386.0,-519.0,-224.0
-174.0,,-109.0,-558.0,211.0,-499.0,240.0,153.0,-591.0,-256.0
-222.0,,-75.0,-557.0,257.0,-467.0,293.0,461.0,-645.0,-244.0
-297.0,,-75.0,-518.0,258.0,-466.0,342.0,166.0,-676.0,-280.0
-354.0,,-73.0,-429.0,195.0,-471.0,383.0,400.0,-696.0,-338.0
-402.0,,-35.0,-300.0,95.0,-487.0,393.0,214.0,-728.0,-411.0
-449.0,,-25.0,-162.0,8.0,-404.0,416.0,72.0,-741.0,-483.0
-466.0,,24.0,-51.0,-43.0,-364.0,427.0,286.0,-733.0,-549.0
-446.0,,75.0,46.0,-79.0,-367.0,420.0,18.0,-745.0,-614.0
-434.0,,96.0,145.0,-119.0,-384.0,421.0,352.0,-760.0,-628.0
-407.0,,152.0,209.0,-141.0,-348.0,400.0,164.0,-771.0,-632.0
-347.0,,184.0,250.0,-156.0,-291.0,378.0,339.0,-786.0,-598.0
-310.0,,220.0,294.0,-201.0,-329.0,381.0,362.0,-781.0,-497.0
-276.0,,269.0,311.0,-265.0,-308.0,407.0,229.0,-762.0,-360.0
-230.0,,291.0,313.0,-306.0,-313.0,406.0,591.0,-724.0,-204.0
-167.0,,338.0,283.0,-299.0,-350.0,364.0,293.0,-662.0,-23.0
-128.0,,379.0,214.0,-250.0,-354.0,377.0,580.0,-593.0,179.0
-113.0,,393.0,141.0,-186.0,-365.0,406.0,419.0,-505.0,377.0
-93.0,,439.0,52.0,-138.0,-361.0,403.0,351.0,-414.0,544.0
-83.0,,459.0,-40.0,-118.0,-356.0,391.0,419.0,-320.0,681.0
-89.0,,460.0,-151.0,-106.0,-329.0,406.0,77.0,-221.0,790.0
-108.0,,496.0,-243.0,-105.0,-304.0,432.0,354.0,-127.0,854.0
-121.0,,463.0,-273.0,-126.0,-306.0,429.0,109.0,-22.0,867.0
-132.0,,460.0,-292.0,-135.0,-314.0,446.0,358.0,86.0,818.0
-159.0,,470.0,-304.0,-113.0,-319.0,472.0,317.0,201.0,770.0
-204.0,,424.0,-293.0,-76.0,-321.0,488.0,121.0,307.0,693.0
-225.0,,449.0,-255.0,-42.0,-328.0,503.0,306.0,410.0,564.0
-217.0,,442.0,-202.0,-10.0,-347.0,528.0,-36.0,487.0,450.0
-224.0,,419.0,-156.0,23.0,-388.0,548.0,240.0,525.0,299.0
-234.0,,426.0,-117.0,59.0,-442.0,542.0,55.0,548.0,107.0
-194.0,,396.0,-88.0,93.0,-454.0,520.0,203.0,552.0,-93.0
-133.0,,390.0,-65.0,100.0,-457.0,520.0,367.0,538.0,-298.0
-106.0,,373.0,-51.0,88.0,-465.0,540.0,169.0,502.0,-505.0
-92.0,,345.0,-55.0,55.0,-464.0,531.0,461.0,450.0,-698.0
-54.0,,321.0,-55.0,2.0,-476.0,531.0,64.0,384.0,-866.0
6.0,,303.0,-53.0,-57.0,-444.0,515.0,158.0,319.0,-1012.0
42.0,,296.0,-53.0,-110.0,-472.0,498.0,-3.0,266.0,-1110.0
51.0,,282.0,-44.0,-135.0,-551.0,472.0,-38.0,209.0,-1174.0
83.0,,260.0,-61.0,-146.0,-590.0,444.0,232.0,162.0,-1189.0
117.0,,250.0,-98.0,-158.0,-611.0,437.0,-64.0,148.0,-1171.0
113.0,,249.0,-145.0,-153.0,-584.0,386.0,266.0,129.0,-1132.0
94.0,,217.0,-185.0,-114.0,-575.0,382.0,-1.0,92.0,-1081.0
75.0,,209.0,-194.0,-53.0,-630.0,404.0,-1.0,84.0,-1068.0
55.0,,203.0,-207.0,-6.0,-692.0,362.0,57.0,93.0,-1044.0
29.0,,189.0,-215.0,15.0,-679.0,314.0,-73.0,97.0,-984.0
7.0,,191.0,-213.0,22.0,-672.0,309.0,266.0,116.0,-946.0
-25.0,,165.0,-235.0,18.0,-689.0,305.0,20.0,133.0,-939.0
-62.0,,136.0,-275.0,12.0,-700.0,255.0,229.0,142.0,-898.0
-76.0,,104.0,-308.0,-14.0,-724.0,202.0,-7.0,163.0,-860.0
-81.0,,63.0,-312.0,-67.0,-707.0,163.0,-96.0,173.0,-818.0
-93.0,,32.0,-269.0,-131.0,-740.0,135.0,101.0,162.0,-730.0
-99.0,,-3.0,-189.0,-183.0,-813.0,122.0,-96.0,143.0,-674.0
-88.0,,-34.0,-105.0,-198.0,-807.0,120.0,301.0,112.0,-594.0
-80.0,,-55.0,-27.0,-180.0,-810.0,84.0,20.0,65.0,-467.0
-75.0,,-106.0,34.0,-147.0,-836.0,56.0,114.0,1.0,-385.0
-52.0,,-126.0,75.0,-123.0,-785.0,81.0,55.0,-64.0,-266.0
3.0,,-147.0,105.0,-101.0,-726.0,77.0,-199.0,-128.0,-118.0
61.0,,-188.0,122.0,-68.0,-738.0,65.0,35.0,-177.0,-7.0
121.0,,-194.0,131.0,-37.0,-750.0,91.0,-260.0,-228.0,141.0
202.0,,-221.0,115.0,-7.0,-701.0,129.0,51.0,-287.0,271.0
275.0,,-225.0,94.0,25.0,-665.0,128.0,-97.0,-336.0,373.0
343.0,,-227.0,101.0,63.0,-626.0,126.0,-92.0,-382.0,473.0
418.0,,-260.0,116.0,117.0,-636.0,150.0,-9.0,-416.0,548.0
508.0,,-243.0,141.0,169.0,-676.0,147.0,-262.0,-427.0,573.0
553.0,,-221.0,158.0,196.0,-623.0,102.0,72.0,-432.0,578.0
565.0,,-235.0,173.0,184.0,-613.0,52.0,-206.0,-439.0,571.0
590.0,,-217.0,191.0,143.0,-613.0,56.0,51.0,-425.0,502.0
609.0,,-196.0,179.0,108.0,-548.0,52.0,27.0,-416.0,449.0
619.0,,-198.0,174.0,86.0,-439.0,32.0,-79.0,-430.0,365.0
586.0,,-203.0,179.0,71.0,-355.0,-1.0,129.0,-436.0,248.0
548.0,,-231.0,158.0,56.0,-320.0,-31.0,-238.0,-446.0,123.0
537.0,,-251.0,109.0,40.0,-271.0,-46.0,5.0,-470.0,-7.0
524.0,,-266.0,69.0,33.0,-205.0,-71.0,-236.0,-466.0,-130.0
505.0,,-294.0,41.0,39.0,-202.0,-62.0,-101.0,-466.0,-268.0
455.0,,-317.0,1.0,54.0,-256.0,-66.0,22.0,-482.0,-353.0
406.0,,-321.0,-51.0,56.0,-201.0,-39.0,-199.0,-461.0,-408.0
384.0,,-329.0,-103.0,45.0,-123.0,-28.0,94.0,-424.0,-452.0
349.0,,-324.0,-130.0,45.0,-81.0,-29.0,-225.0,-371.0,-478.0
311.0,,-331.0,-159.0,56.0,-64.0,-2.0,22.0,-292.0,-493.0
273.0,,-333.0,-190.0,55.0,-84.0,-10.0,9.0,-216.0,-513.0
229.0,,-303.0,-241.0,35.0,-56.0,-2.0,27.0,-133.0,-530.0
183.0,,-305.0,-301.0,31.0,-59.0,-15.0,225.0,-39.0,-531.0
135.0,,-270.0,-338.0,59.0,-71.0,4.0,-112.0,49.0,-564.0
75.0,,-243.0,-387.0,86.0,-12.0,8.0,123.0,101.0,-613.0
29.0,,-236.0,-417.0,100.0,65.0,-38.0,-194.0,133.0,-656.0
-1.0,,-186.0,-400.0,94.0,87.0,-49.0,-81.0,155.0,-694.0
-29.0,,-187.0,-370.0,91.0,69.0,-54.0,-27.0,143.0,-722.0
-35.0,,-175.0,-339.0,98.0,113.0,-60.0,-206.0,107.0,-773.0
-38.0,,-129.0,-290.0,83.0,178.0,-91.0,86.0,57.0,-816.0
-31.0,,-147.0,-243.0,55.0,177.0,-91.0,-247.0,7.0,-852.0
-20.0,,-147.0,-203.0,2.0,150.0,-88.0,27.0,-39.0,-873.0
8.0,,-131.0,-132.0,-52.0,129.0,-94.0,-88.0,-86.0,-828.0
66.0,,-144.0,-38.0,-64.0,158.0,-91.0,-105.0,-115.0,-777.0
125.0,,-122.0,49.0,-44.0,179.0,-93.0,55.0,-117.0,-707.0
174.0,,-116.0,75.0,-19.0,129.0,-40.0,-306.0,-92.0,-628.0
191.0,,-107.0,75.0,-33.0,112.0,18.0,-55.0,-60.0,-552.0
211.0,,-76.0,62.0,-100.0,96.0,54.0,-343.0,-32.0,-463.0
227.0,,-60.0,25.0,-160.0,36.0,71.0,-201.0,-7.0,-400.0
222.0,,-42.0,-8.0,-152.0,40.0,90.0,-236.0,0.0,-344.0
215.0,,-37.0,-87.0,-72.0,61.0,132.0,-448.0,23.0,-311.0
202.0,,-34.0,-176.0,40.0,40.0,193.0,-212.0,55.0,-322.0
187.0,,-44.0,-259.0,114.0,45.0,238.0,-504.0,58.0,-353.0
176.0,,-71.0,-328.0,126.0,32.0,243.0,-114.0,69.0,-395.0
158.0,,-73.0,-349.0,88.0,16.0,247.0,-182.0,80.0,-449.0
140.0,,-75.0,-383.0,27.0,33.0,255.0,-144.0,80.0,-478.0
114.0,,-102.0,-413.0,-21.0,-1.0,297.0,-105.0,63.0,-489.0
71.0,,-97.0,-416.0,-55.0,-20.0,338.0,-548.0,33.0,-477.0
30.0,,-106.0,-415.0,-49.0,-31.0,316.0,-328.0,9.0,-424.0
7.0,,-124.0,-431.0,-17.0,-126.0,293.0,-570.0,-40.0,-377.0
-7.0,,-119.0,-473.0,1.0,-179.0,290.0,-299.0,-93.0,-277.0
-41.0,,-147.0,-520.0,-11.0,-172.0,299.0,-312.0,-130.0,-150.0
-69.0,,-148.0,-562.0,-47.0,-179.0,302.0,-428.0,-179.0,-18.0
-66.0,,-134.0,-590.0,-72.0,-170.0,286.0,-238.0,-208.0,171.0
-34.0,,-139.0,-584.0,-83.0,-203.0,282.0,-637.0,-234.0,320.0
-27.0,,-126.0,-552.0,-77.0,-244.0,282.0,-371.0,-265.0,455.0
-31.0,,-117.0,-531.0,-74.0,-268.0,277.0,-570.0,-286.0,575.0
16.0,,-120.0,-510.0,-95.0,-344.0,288.0,-487.0,-318.0,628.0
73.0,,-120.0,-473.0,-130.0,-364.0,316.0,-419.0,-354.0,660.0
92.0,,-142.0,-425.0,-185.0,-357.0,321.0,-663.0,-381.0,637.0
101.0,,-167.0,-397.0,-241.0,-394.0,294.0,-347.0,-423.0,567.0
135.0,,-171.0,-400.0,-272.0,-422.0,314.0,-635.0,-484.0,461.0
178.0,,-200.0,-400.0,-261.0,-446.0,355.0,-378.0,-548.0,342.0
210.0,,-229.0,-439.0,-220.0,-452.0,347.0,-487.0,-623.0,204.0
242.0,,-238.0,-484.0,-154.0,-471.0,342.0,-559.0,-686.0,68.0
293.0,,-262.0,-491.0,-80.0,-489.0,345.0,-319.0,-740.0,-38.0
337.0,,-281.0,-469.0,-26.0,-504.0,345.0,-580.0,-784.0,-146.0
369.0,,-301.0,-405.0,0.0,-507.0,363.0,-249.0,-815.0,-216.0
409.0,,-325.0,-361.0,21.0,-499.0,370.0,-541.0,-833.0,-242.0
438.0,,-328.0,-318.0,62.0,-536.0,379.0,-484.0,-822.0,-223.0
461.0,,-354.0,-263.0,87.0,-494.0,375.0,-519.0,-796.0,-198.0
488.0,,-359.0,-217.0,69.0,-415.0,364.0,-724.0,-748.0,-155.0
510.0,,-352.0,-180.0,16.0,-467.0,390.0,-336.0,-676.0,-64.0
500.0,,-364.0,-141.0,-17.0,-579.0,408.0,-572.0,-593.0,31.0
479.0,,-352.0,-77.0,11.0,-607.0,397.0,-273.0,-510.0,132.0
457.0,,-367.0,-28.0,50.0,-538.0,388.0,-437.0,-428.0,203.0
439.0,,-376.0,20.0,77.0,-559.0,403.0,-495.0,-363.0,258.0
422.0,,-382.0,82.0,94.0,-657.0,420.0,-321.0,-320.0,295.0
389.0,,-393.0,121.0,88.0,-654.0,434.0,-604.0,-280.0,300.0
353.0,,-415.0,117.0,73.0,-611.0,450.0,-282.0,-250.0,300.0
307.0,,-431.0,109.0,50.0,-637.0,445.0,-593.0,-221.0,278.0
242.0,,-437.0,94.0,23.0,-715.0,461.0,-441.0,-176.0,269.0
178.0,,-455.0,14.0,7.0,-695.0,458.0,-421.0,-127.0,256.0
116.0,,-442.0,-86.0,-5.0,-615.0,441.0,-574.0,-61.0,228.0
40.0,,-452.0,-193.0,-15.0,-617.0,451.0,-291.0,13.0,229.0
-9.0,,-433.0,-287.0,-35.0,-666.0,445.0,-593.0,90.0,205.0
-45.0,,-423.0,-376.0,-57.0,-724.0,453.0,-301.0,171.0,171.0
-86.0,,-432.0,-451.0,-61.0,-709.0,431.0,-502.0,230.0,161.0
-97.0,,-403.0,-501.0,-55.0,-679.0,392.0,-485.0,283.0,123.0
-89.0,,-390.0,-527.0,-58.0,-692.0,381.0,-347.0,324.0,29.0
-51.0,,-344.0,-479.0,-69.0,-680.0,344.0,-552.0,353.0,-72.0
-4.0,,-318.0,-397.0,-74.0,-682.0,308.0,-162.0,381.0,-198.0
59.0,,-290.0,-268.0,-56.0,-710.0,298.0,-424.0,379.0,-367.0
127.0,,-226.0,-105.0,-27.0,-750.0,302.0,-195.0,363.0,-488.0
161.0,,-187.0,38.0,9.0,-768.0,265.0,-218.0,331.0,-604.0
188.0,,-121.0,158.0,77.0,-740.0,204.0,-325.0,282.0,-692.0
213.0,,-54.0,220.0,156.0,-682.0,232.0,-110.0,221.0,-725.0
242.0,,-29.0,247.0,209.0,-627.0,239.0,-437.0,151.0,-753.0
273.0,,10.0,268.0,211.0,-632.0,178.0,-129.0,73.0,-748.0
310.0,,26.0,268.0,173.0,-606.0,163.0,-341.0,0.0,-732.0
344.0,,4.0,234.0,129.0,-571.0,179.0,-251.0,-60.0,-654.0
373.0,,16.0,203.0,80.0,-590.0,177.0,-140.0,-125.0,-560.0
407.0,,-4.0,169.0,36.0,-546.0,173.0,-293.0,-174.0,-468.0
433.0,,-35.0,103.0,26.0,-506.0,181.0,55.0,-203.0,-370.0
417.0,,-33.0,62.0,60.0,-517.0,178.0,-273.0,-193.0,-288.0
385.0,,-66.0,41.0,117.0,-536.0,160.0,-86.0,-158.0,-207.0
360.0,,-69.0,8.0,146.0,-512.0,139.0,-212.0,-110.0,-178.0
315.0,,-85.0,-7.0,123.0,-395.0,159.0,-223.0,-33.0,-141.0
259.0,,-123.0,-3.0,90.0,-355.0,205.0,64.0,47.0,-119.0
179.0,,-116.0,-5.0,82.0,-419.0,221.0,-86.0,126.0,-82.0
116.0,,-132.0,-12.0,58.0,-455.0,227.0,266.0,197.0,-22.0
86.0,,-139.0,-33.0,-1.0,-429.0,220.0,-40.0,256.0,19.0
29.0,,-142.0,-54.0,-75.0,-421.0,181.0,75.0,302.0,84.0
-34.0,,-160.0,-76.0,-149.0,-450.0,171.0,57.0,336.0,136.0
-87.0,,-164.0,-124.0,-190.0,-415.0,172.0,-168.0,352.0,211.0
-120.0,,-196.0,-181.0,-171.0,-395.0,135.0,127.0,346.0,285.0
-153.0,,-210.0,-247.0,-99.0,-361.0,88.0,-186.0,339.0,356.0
-205.0,,-202.0,-313.0,-40.0,-306.0,54.0,64.0,324.0,424.0
-250.0,,-224.0,-346.0,-16.0,-338.0,53.0,-92.0,307.0,478.0
-292.0,,-225.0,-350.0,5.0,-350.0,60.0,-116.0,273.0,520.0
-352.0,,-212.0,-363.0,16.0,-323.0,57.0,66.0,233.0,508.0
-427.0,,-218.0,-361.0,24.0,-308.0,32.0,-149.0,211.0,467.0
-483.0,,-201.0,-327.0,24.0,-346.0,-9.0,186.0,184.0,396.0
-511.0,,-194.0,-294.0,13.0,-362.0,-21.0,-84.0,154.0,327.0
-549.0,,-201.0,-257.0,12.0,-284.0,-15.0,94.0,124.0,261.0
-574.0,,-179.0,-240.0,-2.0,-277.0,-52.0,79.0,82.0,199.0
-579.0,,-195.0,-252.0,-56.0,-294.0,-116.0,-24.0,53.0,168.0
-589.0,,-219.0,-268.0,-144.0,-231.0,-161.0,253.0,17.0,120.0
-572.0,,-220.0,-296.0,-239.0,-237.0,-225.0,-103.0,-40.0,113.0
-554.0,,-261.0,-315.0,-295.0,-275.0,-258.0,147.0,-74.0,140.0
-562.0,,-294.0,-333.0,-276.0,-252.0,-276.0,-53.0,-121.0,171.0
-571.0,,-320.0,-359.0,-178.0,-220.0,-322.0,27.0,-176.0,247.0
-566.0,,-363.0,-363.0,-65.0,-199.0,-345.0,169.0,-191.0,323.0
-559.0,,-401.0,-349.0,29.0,-243.0,-357.0,-48.0,-209.0,404.0
-582.0,,-423.0,-335.0,114.0,-277.0,-344.0,297.0,-234.0,467.0
-568.0,,-427.0,-356.0,166.0,-217.0,-347.0,9.0,-253.0,522.0
-502.0,,-441.0,-377.0,168.0,-146.0,-356.0,234.0,-278.0,576.0
-463.0,,-443.0,-355.0,156.0,-162.0,-344.0,134.0,-304.0,617.0
-417.0,,-419.0,-314.0,175.0,-214.0,-353.0,18.0,-322.0,676.0
-318.0,,-418.0,-275.0,218.0,-198.0,-359.0,286.0,-321.0,688.0
-204.0,,-422.0,-252.0,268.0,-185.0,-381.0,62.0,-301.0,668.0
-144.0,,-402.0,-238.0,314.0,-228.0,-382.0,454.0,-247.0,654.0
-132.0,,-416.0,-238.0,314.0,-306.0,-366.0,299.0,-165.0,644.0
-114.0,,-435.0,-266.0,253.0,-300.0,-394.0,417.0,-69.0,631.0
-81.0,,-416.0,-306.0,151.0,-221.0,-396.0,413.0,36.0,641.0
-66.0,,-433.0,-336.0,20.0,-180.0,-380.0,134.0,143.0,673.0
-68.0,,-436.0,-339.0,-119.0,-183.0,-361.0,341.0,253.0,711.0
-32.0,,-435.0,-328.0,-240.0,-171.0,-361.0,-33.0,349.0,791.0
3.0,,-468.0,-332.0,-297.0,-98.0,-370.0,243.0,431.0,860.0
27.0,,-474.0,-321.0,-283.0,-124.0,-349.0,186.0,493.0,884.0
63.0,,-494.0,-298.0,-262.0,-233.0,-344.0,212.0,538.0,908.0
92.0,,-507.0,-245.0,-270.0,-246.0,-330.0,369.0,590.0,901.0
124.0,,-495.0,-172.0,-289.0,-214.0,-346.0,-14.0,646.0,887.0
142.0,,-500.0,-124.0,-259.0,-221.0,-413.0,249.0,689.0,925.0
137.0,,-493.0,-82.0,-177.0,-235.0,-441.0,16.0,712.0,941.0
146.0,,-477.0,-62.0,-115.0,-227.0,-433.0,210.0,719.0,958.0
131.0,,-469.0,-24.0,-118.0,-187.0,-439.0,249.0,701.0,998.0
102.0,,-454.0,16.0,-183.0,-156.0,-443.0,81.0,672.0,1032.0
95.0,,-427.0,18.0,-218.0,-177.0,-444.0,341.0,624.0,1070.0
65.0,,-397.0,-10.0,-173.0,-172.0,-454.0,-3.0,539.0,1090.0
10.0,,-374.0,-71.0,-56.0,-141.0,-475.0,236.0,450.0,1120.0
-43.0,,-347.0,-108.0,98.0,-143.0,-501.0,40.0,351.0,1116.0
-96.0,,-304.0,-131.0,216.0,-135.0,-497.0,-29.0,261.0,1092.0
-161.0,,-282.0,-162.0,275.0,-137.0,-494.0,60.0,204.0,1050.0
-228.0,,-249.0,-169.0,305.0,-138.0,-499.0,-240.0,164.0,1008.0
-299.0,,-200.0,-152.0,338.0,-143.0,-504.0,116.0,143.0,983.0
-362.0,,-169.0,-153.0,331.0,-164.0,-537.0,-73.0,141.0,917.0
-407.0,,-125.0,-153.0,238.0,-139.0,-552.0,145.0,144.0,872.0
-436.0,,-77.0,-88.0,106.0,-116.0,-522.0,94.0,157.0,813.0
-446.0,,-49.0,19.0,32.0,-103.0,-500.0,-103.0,161.0,744.0
-465.0,,-12.0,127.0,74.0,-68.0,-512.0,179.0,166.0,684.0
-476.0,,24.0,211.0,182.0,-34.0,-536.0,-73.0,168.0,630.0
-482.0,,54.0,271.0,230.0,-40.0,-522.0,312.0,159.0,550.0
-473.0,,81.0,332.0,131.0,14.0,-515.0,140.0,161.0,441.0
-468.0,,99.0,357.0,-36.0,28.0,-558.0,134.0,164.0,385.0
-481.0,,114.0,342.0,-182.0,-62.0,-578.0,243.0,165.0,328.0
-472.0,,130.0,317.0,-269.0,-14.0,-565.0,-51.0,161.0,258.0
-440.0,,134.0,254.0,-263.0,34.0,-550.0,238.0,144.0,187.0
-416.0,,118.0,153.0,-166.0,74.0,-565.0,-44.0,103.0,122.0
-426.0,,109.0,22.0,-19.0,98.0,-584.0,212.0,20.0,52.0
-440.0,,83.0,-141.0,127.0,80.0,-573.0,121.0,-70.0,3.0
-483.0,,67.0,-294.0,236.0,185.0,-546.0,-59.0,-161.0,-16.0
-512.0,,54.0,-416.0,267.0,196.0,-521.0,160.0,-266.0,-35.0
-543.0,,12.0,-518.0,202.0,135.0,-506.0,-107.0,-341.0,-12.0
-618.0,,0.0,-582.0,63.0,148.0,-512.0,260.0,-399.0,38.0
-666.0,,-15.0,-612.0,-86.0,171.0,-546.0,35.0,-458.0,90.0
-706.0,,-41.0,-599.0,-199.0,196.0,-557.0,133.0,-483.0,124.0
-744.0,,-63.0,-537.0,-242.0,189.0,-593.0,199.0,-490.0,141.0
-763.0,,-82.0,-429.0,-179.0,181.0,-610.0,-60.0,-492.0,134.0
-759.0,,-80.0,-290.0,-67.0,209.0,-580.0,219.0,-492.0,129.0
-751.0,,-88.0,-159.0,-23.0,227.0,-611.0,-133.0,-476.0,107.0
-735.0,,-70.0,-46.0,-103.0,188.0,-623.0,134.0,-452.0,73.0
-713.0,,-23.0,48.0,-216.0,183.0,-607.0,60.0,-429.0,78.0
-671.0,,-2.0,169.0,-221.0,196.0,-601.0,-22.0,-397.0,86.0
-618.0,,57.0,287.0,-80.0,169.0,-602.0,92.0,-360.0,129.0
-581.0,,117.0,340.0,98.0,118.0,-619.0,-282.0,-317.0,179.0
-549.0,,147.0,363.0,188.0,90.0,-625.0,-53.0,-282.0,217.0
-524.0,,212.0,357.0,186.0,115.0,-629.0,-382.0,-240.0,266.0
-466.0,,257.0,305.0,143.0,76.0,-606.0,-197.0,-199.0,293.0
-408.0,,279.0,226.0,118.0,31.0,-602.0,-31.0,-144.0,316.0
-378.0,,313.0,117.0,122.0,6.0,-615.0,-112.0,-76.0,333.0
-374.0,,329.0,3.0,118.0,8.0,-620.0,171.0,-20.0,365.0
-358.0,,333.0,-100.0,61.0,104.0,-634.0,-197.0,56.0,401.0
-305.0,,346.0,-202.0,-17.0,118.0,-602.0,-20.0,133.0,415.0
-294.0,,332.0,-284.0,-15.0,106.0,-601.0,-227.0,204.0,408.0
-320.0,,326.0,-351.0,41.0,156.0,-620.0,-223.0,290.0,392.0
-350.0,,327.0,-361.0,53.0,161.0,-610.0,-66.0,353.0,385.0
-356.0,,296.0,-304.0,-11.0,115.0,-609.0,-327.0,402.0,342.0
-358.0,,287.0,-215.0,-130.0,106.0,-585.0,22.0,457.0,291.0
-402.0,,281.0,-102.0,-237.0,183.0,-584.0,-234.0,495.0,240.0
-464.0,,261.0,-19.0,-236.0,212.0,-581.0,-79.0,515.0,157.0
-478.0,,262.0,41.0,-136.0,177.0,-551.0,-140.0,522.0,86.0
-465.0,,244.0,100.0,-75.0,163.0,-534.0,-332.0,509.0,36.0
-490.0,,232.0,146.0,-106.0,205.0,-493.0,-112.0,494.0,-19.0
-530.0,,240.0,184.0,-122.0,205.0,-460.0,-445.0,469.0,-50.0
-559.0,,206.0,219.0,-16.0,114.0,-453.0,-177.0,426.0,-81.0
-550.0,,194.0,232.0,160.0,98.0,-442.0,-441.0,375.0,-101.0
-532.0,,182.0,242.0,279.0,187.0,-405.0,-513.0,330.0,-50.0
-537.0,,146.0,259.0,279.0,290.0,-363.0,-443.0,278.0,-22.0
-528.0,,138.0,256.0,187.0,253.0,-384.0,-639.0,210.0,0.0
-492.0,,110.0,240.0,91.0,189.0,-402.0,-242.0,159.0,-1.0
-459.0,,91.0,242.0,72.0,258.0,-365.0,-522.0,127.0,-7.0
-454.0,,84.0,261.0,134.0,355.0,-335.0,-323.0,106.0,32.0
-436.0,,65.0,269.0,234.0,400.0,-352.0,-399.0,80.0,16.0
-414.0,,88.0,296.0,279.0,342.0,-375.0,-517.0,63.0,-48.0
-408.0,,111.0,344.0,259.0,308.0,-344.0,-234.0,47.0,-97.0
-414.0,,137.0,356.0,220.0,328.0,-339.0,-465.0,23.0,-105.0
-402.0,,167.0,350.0,138.0,307.0,-370.0,-160.0,23.0,-105.0
-381.0,,190.0,346.0,42.0,259.0,-383.0,-423.0,23.0,-84.0
-375.0,,221.0,327.0,6.0,256.0,-347.0,-378.0,13.0,-76.0
-364.0,,231.0,302.0,41.0,313.0,-250.0,-388.0,26.0,-71.0
-341.0,,241.0,279.0,79.0,334.0,-186.0,-637.0,64.0,-1.0
-316.0,,229.0,249.0,63.0,288.0,-143.0,-321.0,103.0,57.0
-300.0,,230.0,190.0,-12.0,265.0,-81.0,-631.0,147.0,130.0
-268.0,,221.0,107.0,-129.0,324.0,-71.0,-352.0,196.0,270.0
-253.0,,196.0,20.0,-267.0,354.0,-92.0,-509.0,238.0,405.0
-230.0,,180.0,-44.0,-380.0,335.0,-93.0,-696.0,277.0,525.0
-213.0,,149.0,-66.0,-404.0,333.0,-72.0,-541.0,312.0,649.0
-242.0,,143.0,-83.0,-342.0,393.0,-52.0,-772.0,332.0,742.0
-257.0,,110.0,-102.0,-231.0,431.0,-57.0,-330.0,324.0,828.0
-265.0,,101.0,-79.0,-81.0,381.0,-59.0,-491.0,285.0,864.0
-284.0,,103.0,2.0,60.0,389.0,-28.0,-279.0,231.0,809.0
-315.0,,88.0,95.0,104.0,405.0,-3.0,-173.0,156.0,751.0
-320.0,,96.0,179.0,59.0,381.0,23.0,-325.0,69.0,691.0
-299.0,,90.0,292.0,41.0,351.0,62.0,-12.0,-15.0,591.0
-292.0,,87.0,394.0,106.0,306.0,73.0,-332.0,-115.0,493.0
-290.0,,96.0,457.0,179.0,365.0,101.0,-84.0,-210.0,377.0
-292.0,,105.0,468.0,214.0,402.0,122.0,-330.0,-297.0,235.0
-284.0,,107.0,425.0,249.0,323.0,144.0,-447.0,-368.0,162.0
-264.0,,152.0,361.0,284.0,275.0,172.0,-334.0,-425.0,117.0
-272.0,,181.0,261.0,325.0,281.0,137.0,-624.0,-490.0,82.0
-284.0,,219.0,144.0,386.0,296.0,158.0,-295.0,-527.0,74.0
-273.0,,265.0,8.0,413.0,249.0,237.0,-574.0,-544.0,35.0
-239.0,,282.0,-125.0,343.0,217.0,247.0,-408.0,-545.0,28.0
-210.0,,321.0,-231.0,229.0,224.0,215.0,-363.0,-523.0,33.0
-213.0,,324.0,-315.0,132.0,208.0,229.0,-382.0,-487.0,1.0
-201.0,,335.0,-370.0,25.0,151.0,283.0,-60.0,-455.0,-11.0
-167.0,,325.0,-398.0,-115.0,87.0,299.0,-395.0,-424.0,-14.0
-135.0,,289.0,-390.0,-249.0,148.0,286.0,-103.0,-406.0,-44.0
-143.0,,270.0,-369.0,-317.0,200.0,265.0,-314.0,-391.0,-44.0
-142.0,,218.0,-344.0,-328.0,149.0,250.0,-349.0,-364.0,-6.0
-86.0,,170.0,-291.0,-324.0,89.0,261.0,-243.0,-349.0,18.0
-49.0,,116.0,-250.0,-297.0,78.0,270.0,-480.0,-320.0,101.0
-29.0,,72.0,-207.0,-216.0,112.0,263.0,-149.0,-283.0,205.0
-1.0,,31.0,-112.0,-121.0,83.0,271.0,-415.0,-262.0,280.0
30.0,,-10.0,1.0,-42.0,51.0,296.0,-197.0,-250.0,372.0
52.0,,-36.0,93.0,24.0,38.0,336.0,-201.0,-231.0,447.0
50.0,,-60.0,172.0,53.0,-16.0,378.0,-260.0,-201.0,489.0
36.0,,-76.0,254.0,42.0,-54.0,392.0,-18.0,-159.0,516.0
35.0,,-87.0,314.0,-22.0,-48.0,444.0,-358.0,-99.0,493.0
34.0,,-84.0,346.0,-139.0,0.0,524.0,-49.0,-55.0,413.0
6.0,,-60.0,376.0,-205.0,45.0,560.0,-203.0,-19.0,325.0
-23.0,,-25.0,382.0,-149.0,16.0,537.0,-134.0,32.0,200.0
-40.0,,28.0,389.0,-20.0,-27.0,528.0,-99.0,78.0,38.0
-45.0,,115.0,397.0,77.0,-1.0,592.0,-388.0,92.0,-127.0
-73.0,,198.0,363.0,103.0,30.0,610.0,-125.0,97.0,-293.0
-119.0,,274.0,332.0,111.0,-11.0,559.0,-417.0,99.0,-399.0
-148.0,,354.0,312.0,139.0,-81.0,549.0,-138.0,83.0,-471.0
-184.0,,425.0,293.0,148.0,-22.0,587.0,-181.0,83.0,-523.0
-246.0,,479.0,236.0,117.0,108.0,611.0,-242.0,85.0,-538.0
-324.0,,508.0,126.0,107.0,108.0,618.0,-70.0,82.0,-505.0
-388.0,,548.0,24.0,122.0,62.0,612.0,-406.0,81.0,-388.0
-428.0,,558.0,-68.0,113.0,125.0,606.0,-42.0,76.0,-278.0
-488.0,,549.0,-140.0,117.0,209.0,576.0,-279.0,73.0,-186.0
-556.0,,520.0,-180.0,147.0,221.0,515.0,-227.0,61.0,-46.0
-606.0,,460.0,-153.0,165.0,230.0,508.0,-195.0,45.0,96.0
-645.0,,442.0,-88.0,126.0,234.0,505.0,-395.0,33.0,222.0
-694.0,,398.0,-17.0,38.0,210.0,484.0,-110.0,23.0,366.0
-776.0,,350.0,79.0,-34.0,233.0,473.0,-434.0,25.0,474.0
-801.0,,334.0,151.0,-83.0,289.0,436.0,-197.0,40.0,548.0
-762.0,,307.0,197.0,-113.0,346.0,379.0,-354.0,65.0,650.0
-724.0,,296.0,216.0,-103.0,388.0,366.0,-317.0,92.0,725.0
-689.0,,288.0,209.0,-71.0,364.0,400.0,-103.0,105.0,760.0
-644.0,,270.0,195.0,-57.0,370.0,410.0,-365.0,118.0,757.0
-570.0,,274.0,188.0,-23.0,440.0,427.0,-29.0,148.0,682.0
-508.0,,258.0,188.0,67.0,430.0,475.0,-406.0,175.0,551.0
-473.0,,220.0,180.0,151.0,399.0,519.0,-290.0,201.0,425.0
-449.0,,221.0,176.0,181.0,417.0,532.0,-266.0,227.0,231.0
-402.0,,177.0,150.0,199.0,490.0,542.0,-399.0,233.0,-31.0
-353.0,,127.0,141.0,241.0,571.0,551.0,-64.0,234.0,-282.0
-330.0,,80.0,166.0,262.0,553.0,554.0,-338.0,250.0,-565.0
-285.0,,-18.0,177.0,200.0,535.0,573.0,-51.0,265.0,-809.0
-207.0,,-85.0,169.0,90.0,586.0,596.0,-280.0,274.0,-1021.0
-144.0,,-173.0,154.0,11.0,653.0,589.0,-310.0,303.0,-1220.0
-123.0,,-252.0,141.0,16.0,657.0,518.0,-173.0,332.0,-1354.0
-99.0,,-308.0,109.0,77.0,615.0,487.0,-441.0,351.0,-1450.0
-42.0,,-372.0,50.0,106.0,586.0,472.0,-164.0,366.0,-1500.0
-17.0,,-378.0,-41.0,97.0,602.0,440.0,-441.0,361.0,-1492.0
-23.0,,-375.0,-165.0,97.0,616.0,412.0,-232.0,343.0,-1416.0
-3.0,,-371.0,-302.0,113.0,557.0,390.0,-306.0,307.0,-1305.0
3.0,,-313.0,-410.0,123.0,526.0,389.0,-467.0,267.0,-1167.0
5.0,,-259.0,-495.0,134.0,510.0,363.0,-315.0,238.0,-997.0
2.0,,-204.0,-563.0,155.0,455.0,339.0,-672.0,230.0,-808.0
-5.0,,-117.0,-609.0,148.0,365.0,306.0,-330.0,227.0,-562.0
4.0,,-33.0,-653.0,78.0,335.0,287.0,-448.0,223.0,-320.0
7.0,,60.0,-676.0,-29.0,363.0,274.0,-297.0,229.0,-129.0
2.0,,155.0,-674.0,-98.0,346.0,245.0,-149.0,219.0,53.0
0.0,,209.0,-651.0,-118.0,378.0,257.0,-400.0,209.0,239.0
14.0,,265.0,-615.0,-148.0,379.0,268.0,-158.0,191.0,347.0
62.0,,328.0,-570.0,-228.0,347.0,264.0,-467.0,152.0,370.0
99.0,,321.0,-522.0,-307.0,342.0,255.0,-245.0,132.0,364.0
99.0,,323.0,-472.0,-324.0,281.0,240.0,-354.0,121.0,306.0
126.0,,315.0,-412.0,-282.0,261.0,243.0,-417.0,107.0,245.0
186.0,,258.0,-325.0,-175.0,285.0,251.0,-164.0,93.0,185.0
198.0,,231.0,-207.0,-26.0,243.0,247.0,-448.0,73.0,148.0
174.0,,147.0,-73.0,86.0,263.0,228.0,-142.0,43.0,133.0
196.0,,68.0,55.0,150.0,331.0,202.0,-375.0,-4.0,102.0
259.0,,2.0,148.0,185.0,331.0,216.0,-279.0,-63.0,100.0
287.0,,-99.0,219.0,193.0,366.0,247.0,-253.0,-117.0,110.0
299.0,,-140.0,273.0,186.0,337.0,223.0,-480.0,-154.0,127.0
318.0,,-169.0,293.0,164.0,306.0,199.0,-203.0,-177.0,130.0
342.0,,-198.0,297.0,120.0,374.0,229.0,-519.0,-181.0,145.0
351.0,,-203.0,296.0,49.0,388.0,265.0,-243.0,-170.0,146.0
341.0,,-221.0,266.0,-16.0,352.0,282.0,-341.0,-157.0,118.0
357.0,,-220.0,207.0,-63.0,344.0,280.0,-380.0,-145.0,112.0
364.0,,-185.0,138.0,-118.0,408.0,266.0,-190.0,-138.0,68.0
356.0,,-145.0,60.0,-138.0,448.0,259.0,-437.0,-121.0,51.0
350.0,,-100.0,-3.0,-66.0,423.0,242.0,-81.0,-106.0,66.0
363.0,,-37.0,-74.0,33.0,409.0,241.0,-297.0,-95.0,41.0
384.0,,19.0,-162.0,25.0,450.0,245.0,-173.0,-83.0,17.0
375.0,,73.0,-247.0,-122.0,467.0,247.0,-219.0,-80.0,-29.0
358.0,,139.0,-312.0,-280.0,475.0,240.0,-397.0,-80.0,-58.0
345.0,,196.0,-359.0,-312.0,519.0,204.0,-105.0,-62.0,-63.0
338.0,,263.0,-418.0,-207.0,498.0,190.0,-397.0,-39.0,-86.0
326.0,,302.0,-471.0,-37.0,439.0,175.0,-109.0,-15.0,-90.0
318.0,,348.0,-528.0,88.0,398.0,160.0,-269.0,9.0,-86.0
333.0,,414.0,-581.0,117.0,452.0,139.0,-247.0,26.0,-89.0
354.0,,437.0,-635.0,86.0,514.0,113.0,-51.0,54.0,-83.0
360.0,,467.0,-669.0,58.0,515.0,110.0,-282.0,87.0,-116.0
346.0,,479.0,-653.0,61.0,499.0,71.0,1.0,103.0,-202.0
330.0,,473.0,-629.0,92.0,519.0,39.0,-339.0,98.0,-276.0
336.0,,472.0,-586.0,139.0,594.0,48.0,-173.0,95.0,-365.0
346.0,,447.0,-525.0,143.0,581.0,28.0,-195.0,74.0,-419.0
333.0,,428.0,-438.0,96.0,559.0,-21.0,-299.0,46.0,-459.0
309.0,,372.0,-338.0,46.0,535.0,-41.0,11.0,53.0,-498.0
288.0,,316.0,-247.0,16.0,543.0,-37.0,-284.0,72.0,-499.0
262.0,,270.0,-166.0,-16.0,586.0,-57.0,29.0,118.0,-501.0
211.0,,179.0,-115.0,-77.0,559.0,-61.0,-88.0,161.0,-474.0
171.0,,141.0,-82.0,-132.0,591.0,-68.0,27.0,171.0,-445.0
158.0,,110.0,-58.0,-162.0,677.0,-104.0,142.0,154.0,-386.0
154.0,,52.0,-20.0,-167.0,770.0,-104.0,-153.0,100.0,-322.0
144.0,,39.0,0.0,-137.0,790.0,-98.0,57.0,52.0,-302.0
120.0,,36.0,-4.0,-55.0,757.0,-118.0,-295.0,10.0,-239.0
119.0,,22.0,2.0,60.0,779.0,-125.0,-64.0,-43.0,-179.0
113.0,,13.0,12.0,128.0,815.0,-123.0,-72.0,-95.0,-130.0
66.0,,8.0,6.0,114.0,786.0,-120.0,-75.0,-151.0,-52.0
20.0,,-5.0,-44.0,38.0,770.0,-135.0,232.0,-204.0,-1.0
-2.0,,-14.0,-83.0,-52.0,823.0,-117.0,-68.0,-254.0,52.0
-22.0,,-36.0,-93.0,-121.0,831.0,-71.0,190.0,-299.0,115.0
-88.0,,-50.0,-126.0,-148.0,816.0,-58.0,-57.0,-337.0,127.0
-146.0,,-59.0,-187.0,-129.0,736.0,-38.0,3.0,-372.0,135.0
-158.0,,-78.0,-252.0,-109.0,697.0,-33.0,84.0,-403.0,142.0
-180.0,,-84.0,-308.0,-118.0,707.0,-42.0,-92.0,-427.0,126.0
-208.0,,-110.0,-361.0,-167.0,630.0,-29.0,238.0,-425.0,88.0
-234.0,,-126.0,-373.0,-229.0,608.0,-57.0,-42.0,-406.0,30.0
-230.0,,-156.0,-354.0,-248.0,632.0,-95.0,203.0,-364.0,0.0
-231.0,,-181.0,-331.0,-199.0,631.0,-71.0,77.0,-297.0,-49.0
-260.0,,-202.0,-290.0,-108.0,593.0,-31.0,-24.0,-223.0,-89.0
-266.0,,-232.0,-241.0,-40.0,534.0,-6.0,164.0,-148.0,-121.0
-249.0,,-225.0,-199.0,1.0,509.0,4.0,-120.0,-90.0,-196.0
-208.0,,-244.0,-156.0,59.0,530.0,7.0,227.0,-54.0,-277.0
-171.0,,-245.0,-117.0,139.0,519.0,38.0,7.0,-32.0,-405.0
-165.0,,-251.0,-89.0,200.0,488.0,74.0,59.0,-20.0,-517.0
-134.0,,-270.0,-115.0,219.0,506.0,96.0,31.0,-25.0,-619.0
-75.0,,-271.0,-187.0,176.0,429.0,87.0,-147.0,-52.0,-761.0
-32.0,,-286.0,-254.0,79.0,321.0,68.0,149.0,-87.0,-875.0
-6.0,,-267.0,-317.0,-9.0,333.0,98.0,-114.0,-126.0,-981.0
54.0,,-260.0,-342.0,-49.0,367.0,137.0,184.0,-176.0,-1052.0
166.0,,-247.0,-340.0,-33.0,379.0,178.0,22.0,-220.0,-1080.0
239.0,,-203.0,-344.0,-10.0,409.0,210.0,-46.0,-251.0,-1096.0
273.0,,-197.0,-345.0,-14.0,396.0,201.0,59.0,-290.0,-1086.0
353.0,,-176.0,-341.0,-5.0,335.0,193.0,-243.0,-328.0,-1045.0
438.0,,-137.0,-366.0,33.0,335.0,199.0,75.0,-355.0,-974.0
475.0,,-139.0,-445.0,52.0,322.0,213.0,-160.0,-370.0,-869.0
499.0,,-124.0,-512.0,8.0,275.0,216.0,42.0,-361.0,-748.0
537.0,,-111.0,-589.0,-74.0,263.0,196.0,72.0,-327.0,-643.0
586.0,,-121.0,-700.0,-140.0,294.0,186.0,-59.0,-253.0,-513.0
584.0,,-114.0,-776.0,-136.0,333.0,192.0,236.0,-171.0,-395.0
559.0,,-120.0,-848.0,-72.0,298.0,207.0,-53.0,-90.0,-331.0
579.0,,-136.0,-955.0,16.0,283.0,205.0,249.0,0.0,-286.0
587.0,,-156.0,-1036.0,95.0,266.0,172.0,72.0,100.0,-267.0
560.0,,-194.0,-1062.0,142.0,258.0,183.0,66.0,197.0,-283.0
517.0,,-229.0,-1073.0,159.0,287.0,206.0,144.0,261.0,-307.0
506.0,,-275.0,-1066.0,167.0,266.0,191.0,-160.0,328.0,-350.0
541.0,,-328.0,-1041.0,207.0,325.0,189.0,164.0,397.0,-394.0
546.0,,-355.0,-1027.0,294.0,327.0,191.0,-131.0,476.0,-401.0
514.0,,-396.0,-963.0,381.0,265.0,165.0,60.0,553.0,-439.0
488.0,,-415.0,-873.0,346.0,255.0,132.0,0.0,597.0,-448.0
493.0,,-419.0,-775.0,175.0,187.0,142.0,-114.0,626.0,-412.0
480.0,,-427.0,-650.0,-31.0,121.0,146.0,151.0,622.0,-389.0
425.0,,-388.0,-573.0,-226.0,112.0,95.0,-160.0,584.0,-340.0
381.0,,-385.0,-508.0,-384.0,91.0,23.0,133.0,500.0,-287.0
365.0,,-374.0,-449.0,-503.0,31.0,-27.0,-155.0,399.0,-208.0
345.0,,-324.0,-419.0,-551.0,39.0,-69.0,-181.0,281.0,-148.0
304.0,,-316.0,-390.0,-469.0,20.0,-160.0,-182.0,141.0,-70.0
269.0,,-259.0,-394.0,-286.0,3.0,-206.0,-447.0,17.0,18.0
266.0,,-200.0,-399.0,-102.0,29.0,-182.0,-96.0,-109.0,65.0
258.0,,-181.0,-380.0,7.0,3.0,-136.0,-345.0,-221.0,118.0
241.0,,-131.0,-383.0,40.0,-17.0,-73.0,-72.0,-302.0,115.0
248.0,,-91.0,-418.0,2.0,-75.0,-70.0,-179.0,-343.0,78.0
285.0,,-58.0,-450.0,-66.0,-109.0,-79.0,-219.0,-372.0,19.0
317.0,,-24.0,-475.0,-112.0,-146.0,-70.0,55.0,-383.0,-63.0
343.0,,-1.0,-516.0,-135.0,-211.0,-40.0,-192.0,-354.0,-163.0
388.0,,18.0,-570.0,-185.0,-215.0,-40.0,162.0,-327.0,-276.0
441.0,,20.0,-618.0,-260.0,-177.0,-107.0,-99.0,-294.0,-354.0
490.0,,10.0,-633.0,-282.0,-186.0,-121.0,-3.0,-259.0,-428.0
506.0,,6.0,-650.0,-229.0,-255.0,-124.0,57.0,-237.0,-494.0
536.0,,5.0,-679.0,-127.0,-276.0,-149.0,-168.0,-216.0,-557.0
590.0,,-8.0,-671.0,-7.0,-270.0,-208.0,66.0,-193.0,-615.0
612.0,,-10.0,-657.0,67.0,-308.0,-245.0,-295.0,-140.0,-670.0
616.0,,-44.0,-653.0,63.0,-411.0,-229.0,-118.0,-91.0,-725.0
631.0,,-89.0,-657.0,38.0,-429.0,-258.0,-267.0,-51.0,-744.0
675.0,,-116.0,-633.0,94.0,-365.0,-296.0,-273.0,0.0,-769.0
716.0,,-193.0,-568.0,200.0,-419.0,-332.0,-79.0,48.0,-738.0
722.0,,-224.0,-534.0,257.0,-511.0,-343.0,-330.0,85.0,-651.0
704.0,,-261.0,-502.0,245.0,-521.0,-345.0,-36.0,101.0,-550.0
692.0,,-309.0,-456.0,214.0,-517.0,-353.0,-310.0,125.0,-419.0
675.0,,-308.0,-422.0,207.0,-536.0,-324.0,-153.0,136.0,-303.0
612.0,,-353.0,-407.0,189.0,-607.0,-292.0,-134.0,132.0,-205.0
535.0,,-347.0,-383.0,98.0,-663.0,-267.0,-279.0,125.0,-104.0
491.0,,-323.0,-349.0,-63.0,-576.0,-274.0,20.0,98.0,-31.0
476.0,,-345.0,-359.0,-222.0,-560.0,-278.0,-264.0,36.0,-5.0
455.0,,-325.0,-384.0,-287.0,-656.0,-260.0,-5.0,-69.0,39.0
422.0,,-311.0,-403.0,-273.0,-721.0,-285.0,-219.0,-181.0,51.0
396.0,,-312.0,-430.0,-275.0,-748.0,-350.0,-249.0,-309.0,0.0
385.0,,-287.0,-458.0,-289.0,-709.0,-377.0,-125.0,-441.0,-62.0
366.0,,-258.0,-492.0,-277.0,-719.0,-414.0,-391.0,-566.0,-209.0
333.0,,-241.0,-529.0,-242.0,-761.0,-475.0,-62.0,-684.0,-382.0
315.0,,-206.0,-567.0,-194.0,-719.0,-483.0,-334.0,-750.0,-539.0
299.0,,-195.0,-601.0,-157.0,-689.0,-484.0,-112.0,-788.0,-709.0
270.0,,-190.0,-629.0,-132.0,-753.0,-492.0,-133.0,-796.0,-814.0
231.0,,-168.0,-654.0,-89.0,-791.0,-476.0,-242.0,-787.0,-885.0
217.0,,-198.0,-674.0,-6.0,-757.0,-470.0,75.0,-779.0,-966.0
224.0,,-212.0,-675.0,89.0,-728.0,-481.0,-223.0,-747.0,-1022.0
194.0,,-232.0,-626.0,130.0,-763.0,-460.0,64.0,-689.0,-1038.0
145.0,,-271.0,-522.0,96.0,-794.0,-412.0,-109.0,-607.0,-1008.0
124.0,,-279.0,-425.0,40.0,-705.0,-381.0,-7.0,-499.0,-960.0
126.0,,-312.0,-369.0,36.0,-684.0,-367.0,107.0,-366.0,-886.0
110.0,,-318.0,-307.0,103.0,-795.0,-350.0,-144.0,-229.0,-781.0
82.0,,-310.0,-225.0,151.0,-858.0,-330.0,158.0,-97.0,-663.0
84.0,,-310.0,-145.0,137.0,-832.0,-342.0,-147.0,14.0,-521.0
93.0,,-286.0,-89.0,122.0,-832.0,-362.0,92.0,111.0,-379.0
76.0,,-267.0,-57.0,130.0,-872.0,-380.0,5.0,206.0,-252.0
41.0,,-257.0,-65.0,163.0,-913.0,-389.0,-55.0,285.0,-156.0
17.0,,-243.0,-107.0,188.0,-904.0,-411.0,197.0,351.0,-88.0
14.0,,-224.0,-141.0,202.0,-869.0,-447.0,-105.0,410.0,-34.0
6.0,,-218.0,-222.0,235.0,-949.0,-468.0,190.0,442.0,-2.0
-3.0,,-195.0,-373.0,288.0,-950.0,-477.0,-33.0,464.0,28.0
-25.0,,-175.0,-525.0,327.0,-912.0,-448.0,133.0,480.0,33.0
-50.0,,-153.0,-647.0,294.0,-967.0,-422.0,206.0,476.0,15.0
-66.0,,-112.0,-755.0,220.0,-985.0,-411.0,-27.0,464.0,-13.0
-104.0,,-93.0,-823.0,147.0,-1034.0,-402.0,195.0,447.0,-49.0
-143.0,,-58.0,-844.0,96.0,-1063.0,-415.0,-164.0,429.0,-104.0
-146.0,,-56.0,-823.0,70.0,-1041.0,-445.0,75.0,399.0,-188.0
-130.0,,-82.0,-786.0,42.0,-1047.0,-456.0,-24.0,343.0,-281.0
-118.0,,-98.0,-753.0,6.0,-1061.0,-439.0,42.0,257.0,-391.0
-110.0,,-160.0,-688.0,-43.0,-1029.0,-434.0,293.0,166.0,-488.0
-86.0,,-223.0,-629.0,-91.0,-1024.0,-455.0,27.0,80.0,-538.0
-65.0,,-267.0,-590.0,-96.0,-1085.0,-461.0,352.0,-2.0,-555.0
-62.0,,-341.0,-546.0,-60.0,-1131.0,-439.0,60.0,-83.0,-538.0
-43.0,,-405.0,-523.0,-43.0,-1116.0,-421.0,164.0,-154.0,-491.0
-2.0,,-459.0,-515.0,-58.0,-1066.0,-377.0,162.0,-208.0,-445.0
56.0,,-518.0,-519.0,-103.0,-1124.0,-364.0,-33.0,-255.0,-337.0
100.0,,-570.0,-535.0,-141.0,-1156.0,-393.0,155.0,-283.0,-198.0
135.0,,-635.0,-531.0,-161.0,-1134.0,-440.0,-201.0,-307.0,-43.0
215.0,,-653.0,-519.0,-186.0,-1140.0,-497.0,123.0,-304.0,161.0
280.0,,-664.0,-527.0,-203.0,-1130.0,-480.0,49.0,-259.0,324.0
335.0,,-670.0,-558.0,-197.0,-1235.0,-469.0,109.0,-212.0,482.0
408.0,,-616.0,-613.0,-169.0,-1280.0,-483.0,218.0,-151.0,609.0
489.0,,-594.0,-654.0,-144.0,-1199.0,-439.0,-90.0,-64.0,721.0
579.0,,-554.0,-674.0,-110.0,-1200.0,-390.0,212.0,24.0,841.0
652.0,,-481.0,-692.0,-79.0,-1234.0,-399.0,-9.0,115.0,915.0
734.0,,-450.0,-682.0,-45.0,-1210.0,-364.0,234.0,189.0,955.0
818.0,,-404.0,-623.0,-8.0,-1158.0,-313.0,157.0,214.0,959.0
884.0,,-365.0,-526.0,7.0,-1104.0,-292.0,3.0,213.0,924.0
922.0,,-354.0,-442.0,21.0,-1108.0,-274.0,236.0,195.0,850.0
929.0,,-331.0,-360.0,37.0,-1191.0,-289.0,-9.0,162.0,807.0
960.0,,-333.0,-267.0,60.0,-1182.0,-270.0,424.0,133.0,737.0
1009.0,,-344.0,-195.0,74.0,-1114.0,-285.0,234.0,83.0,585.0
1022.0,,-332.0,-134.0,93.0,-1113.0,-298.0,251.0,27.0,419.0
996.0,,-353.0,-110.0,151.0,-1109.0,-261.0,308.0,-25.0,251.0
968.0,,-357.0,-117.0,222.0,-1069.0,-251.0,109.0,-83.0,74.0
968.0,,-345.0,-121.0,272.0,-1030.0,-255.0,526.0,-139.0,-71.0
939.0,,-348.0,-157.0,263.0,-1035.0,-272.0,288.0,-187.0,-155.0
879.0,,-322.0,-225.0,201.0,-1050.0,-261.0,526.0,-231.0,-225.0
829.0,,-310.0,-290.0,129.0,-982.0,-257.0,447.0,-269.0,-260.0
786.0,,-271.0,-357.0,79.0,-916.0,-261.0,382.0,-300.0,-291.0
747.0,,-214.0,-405.0,56.0,-934.0,-245.0,545.0,-343.0,-331.0
668.0,,-183.0,-432.0,2.0,-886.0,-258.0,197.0,-389.0,-343.0
593.0,,-130.0,-475.0,-96.0,-828.0,-291.0,500.0,-426.0,-336.0
521.0,,-75.0,-500.0,-190.0,-807.0,-298.0,251.0,-439.0,-288.0
424.0,,-35.0,-514.0,-267.0,-753.0,-296.0,376.0,-431.0,-197.0
356.0,,15.0,-529.0,-319.0,-758.0,-313.0,452.0,-419.0,-104.0
296.0,,73.0,-530.0,-338.0,-751.0,-333.0,304.0,-370.0,-49.0
249.0,,105.0,-512.0,-333.0,-711.0,-342.0,622.0,-323.0,-22.0
196.0,,155.0,-432.0,-321.0,-697.0,-340.0,266.0,-276.0,-2.0
131.0,,210.0,-338.0,-321.0,-683.0,-283.0,476.0,-190.0,30.0
77.0,,230.0,-245.0,-294.0,-662.0,-245.0,291.0,-100.0,50.0
26.0,,269.0,-109.0,-197.0,-601.0,-305.0,254.0,-26.0,63.0
-8.0,,279.0,9.0,-73.0,-564.0,-322.0,469.0,42.0,108.0
-43.0,,256.0,101.0,18.0,-546.0,-315.0,201.0,114.0,137.0
-59.0,,250.0,178.0,62.0,-468.0,-345.0,576.0,173.0,187.0
-38.0,,212.0,241.0,89.0,-373.0,-372.0,349.0,217.0,264.0
-19.0,,173.0,292.0,103.0,-369.0,-400.0,537.0,246.0,326.0
-36.0,,144.0,253.0,106.0,-407.0,-437.0,574.0,255.0,409.0
-65.0,,89.0,180.0,103.0,-395.0,-480.0,389.0,256.0,501.0
-77.0,,50.0,128.0,85.0,-375.0,-482.0,665.0,256.0,568.0
-92.0,,-4.0,54.0,86.0,-319.0,-471.0,373.0,252.0,637.0
-127.0,,-58.0,-15.0,81.0,-292.0,-470.0,709.0,268.0,661.0
-149.0,,-83.0,-78.0,44.0,-248.0,-484.0,576.0,297.0,577.0
-150.0,,-123.0,-134.0,28.0,-166.0,-492.0,596.0,317.0,434.0
-172.0,,-151.0,-186.0,28.0,-186.0,-472.0,727.0,337.0,236.0
-191.0,,-173.0,-223.0,39.0,-172.0,-461.0,397.0,348.0,18.0
-213.0,,-197.0,-204.0,60.0,-112.0,-474.0,681.0,359.0,-159.0
-214.0,,-208.0,-183.0,60.0,-85.0,-516.0,360.0,373.0,-312.0
-173.0,,-246.0,-151.0,6.0,-78.0,-540.0,500.0,384.0,-437.0
-148.0,,-275.0,-87.0,-104.0,-98.0,-545.0,539.0,395.0,-518.0
-130.0,,-291.0,-62.0,-182.0,-102.0,-541.0,489.0,399.0,-564.0
-78.0,,-352.0,-83.0,-188.0,-50.0,-536.0,783.0,405.0,-558.0
-12.0,,-371.0,-124.0,-145.0,-22.0,-524.0,484.0,401.0,-520.0
23.0,,-387.0,-176.0,-89.0,-38.0,-503.0,787.0,389.0,-436.0
48.0,,-435.0,-238.0,-60.0,29.0,-484.0,620.0,376.0,-306.0
105.0,,-431.0,-318.0,-56.0,75.0,-476.0,641.0,354.0,-160.0
167.0,,-454.0,-415.0,-56.0,70.0,-509.0,726.0,325.0,17.0
189.0,,-462.0,-510.0,-39.0,39.0,-524.0,428.0,262.0,187.0
191.0,,-443.0,-608.0,-10.0,2.0,-569.0,681.0,213.0,329.0
211.0,,-444.0,-695.0,25.0,82.0,-583.0,375.0,167.0,453.0
258.0,,-404.0,-754.0,61.0,73.0,-559.0,585.0,117.0,559.0
272.0,,-372.0,-767.0,64.0,-30.0,-599.0,524.0,96.0,634.0
254.0,,-357.0,-726.0,69.0,-8.0,-602.0,404.0,75.0,691.0
250.0,,-319.0,-654.0,81.0,18.0,-607.0,665.0,67.0,734.0
232.0,,-290.0,-543.0,44.0,-31.0,-607.0,424.0,35.0,743.0
230.0,,-271.0,-424.0,-21.0,-81.0,-587.0,824.0,0.0,743.0
231.0,,-253.0,-312.0,-93.0,-81.0,-577.0,692.0,-17.0,727.0
226.0,,-247.0,-195.0,-151.0,-39.0,-567.0,783.0,-37.0,722.0
249.0,,-236.0,-95.0,-206.0,-11.0,-585.0,842.0,-46.0,725.0
282.0,,-225.0,-15.0,-255.0,-20.0,-572.0,558.0,-67.0,694.0
328.0,,-214.0,38.0,-237.0,4.0,-540.0,807.0,-58.0,634.0
380.0,,-201.0,86.0,-158.0,74.0,-512.0,456.0,-45.0,556.0
437.0,,-188.0,137.0,-28.0,56.0,-470.0,637.0,-60.0,446.0
502.0,,-184.0,144.0,94.0,-64.0,-442.0,559.0,-94.0,298.0
542.0,,-184.0,129.0,164.0,-139.0,-480.0,515.0,-145.0,131.0
577.0,,-182.0,105.0,191.0,-53.0,-503.0,744.0,-185.0,-36.0
629.0,,-192.0,67.0,171.0,-8.0,-471.0,493.0,-220.0,-175.0
662.0,,-189.0,34.0,157.0,-85.0,-444.0,820.0,-212.0,-269.0
672.0,,-215.0,-20.0,169.0,-67.0,-437.0,596.0,-181.0,-297.0
672.0,,-238.0,-58.0,187.0,-25.0,-490.0,742.0,-136.0,-276.0
680.0,,-241.0,-92.0,186.0,15.0,-512.0,840.0,-74.0,-239.0
667.0,,-269.0,-122.0,170.0,56.0,-487.0,659.0,-38.0,-205.0
611.0,,-274.0,-140.0,166.0,48.0,-463.0,912.0,0.0,-203.0
544.0,,-260.0,-195.0,158.0,25.0,-453.0,583.0,33.0,-204.0
475.0,,-265.0,-255.0,121.0,-4.0,-457.0,829.0,44.0,-228.0
392.0,,-244.0,-328.0,32.0,-29.0,-414.0,668.0,59.0,-267.0
282.0,,-237.0,-398.0,-100.0,-71.0,-367.0,576.0,82.0,-273.0
175.0,,-246.0,-418.0,-218.0,-87.0,-324.0,652.0,99.0,-283.0
102.0,,-228.0,-397.0,-252.0,-131.0,-296.0,262.0,114.0,-277.0
11.0,,-232.0,-358.0,-195.0,-160.0,-292.0,508.0,139.0,-239.0
-113.0,,-222.0,-307.0,-94.0,-164.0,-264.0,280.0,151.0,-175.0
-236.0,,-224.0,-226.0,1.0,-191.0,-254.0,578.0,157.0,-86.0
-339.0,,-226.0,-130.0,88.0,-129.0,-232.0,700.0,142.0,8.0
-436.0,,-207.0,-19.0,174.0,-115.0,-199.0,591.0,119.0,87.0
-547.0,,-210.0,86.0,227.0,-157.0,-195.0,877.0,112.0,153.0
-675.0,,-185.0,168.0,246.0,-143.0,-186.0,532.0,101.0,235.0
-737.0,,-167.0,224.0,211.0,-169.0,-217.0,770.0,100.0,304.0
-756.0,,-146.0,231.0,133.0,-215.0,-228.0,582.0,104.0,380.0
-801.0,,-113.0,204.0,65.0,-210.0,-227.0,641.0,97.0,501.0
-855.0,,-93.0,179.0,39.0,-179.0,-260.0,857.0,92.0,647.0
-864.0,,-78.0,155.0,72.0,-120.0,-249.0,591.0,80.0,808.0
-820.0,,-46.0,126.0,113.0,-148.0,-208.0,851.0,77.0,930.0
-819.0,,-11.0,79.0,126.0,-237.0,-185.0,506.0,100.0,1011.0
-845.0,,39.0,26.0,120.0,-227.0,-193.0,633.0,111.0,1042.0
-822.0,,101.0,-16.0,102.0,-200.0,-158.0,554.0,126.0,1006.0
-768.0,,138.0,-58.0,94.0,-179.0,-112.0,373.0,143.0,939.0
-726.0,,204.0,-75.0,81.0,-180.0,-91.0,613.0,141.0,810.0
-711.0,,253.0,-64.0,58.0,-179.0,-81.0,378.0,141.0,654.0
-686.0,,284.0,-20.0,38.0,-126.0,-110.0,779.0,139.0,492.0
-648.0,,328.0,69.0,5.0,-118.0,-118.0,600.0,142.0,348.0
-645.0,,341.0,158.0,-22.0,-171.0,-111.0,635.0,167.0,225.0
-683.0,,357.0,217.0,-35.0,-187.0,-79.0,750.0,189.0,133.0
-685.0,,396.0,240.0,-16.0,-129.0,-32.0,482.0,193.0,81.0
-653.0,,421.0,224.0,36.0,-85.0,-11.0,788.0,187.0,5.0
-661.0,,450.0,169.0,92.0,-103.0,6.0,511.0,173.0,-33.0
-699.0,,475.0,99.0,143.0,-129.0,27.0,737.0,139.0,-49.0
-692.0,,476.0,50.0,160.0,-107.0,37.0,602.0,86.0,-61.0
-641.0,,495.0,15.0,120.0,-108.0,18.0,436.0,19.0,-32.0
-635.0,,511.0,-25.0,55.0,-127.0,-5.0,650.0,-62.0,7.0
-661.0,,509.0,-72.0,-7.0,-72.0,-26.0,345.0,-148.0,63.0
-644.0,,526.0,-95.0,-64.0,-35.0,-52.0,644.0,-234.0,132.0
-578.0,,523.0,-84.0,-107.0,-55.0,-54.0,343.0,-305.0,197.0
-518.0,,523.0,-59.0,-126.0,-30.0,-48.0,373.0,-367.0,229.0
-495.0,,533.0,-24.0,-118.0,15.0,-50.0,456.0,-431.0,212.0
-442.0,,514.0,39.0,-87.0,47.0,-6.0,332.0,-478.0,156.0
-321.0,,518.0,101.0,-60.0,106.0,66.0,759.0,-535.0,88.0
-198.0,,505.0,160.0,-69.0,108.0,108.0,504.0,-581.0,14.0
-121.0,,463.0,252.0,-116.0,123.0,155.0,761.0,-583.0,-33.0
-35.0,,449.0,333.0,-159.0,206.0,200.0,639.0,-568.0,-40.0
98.0,,418.0,379.0,-163.0,169.0,208.0,546.0,-518.0,-13.0
203.0,,387.0,404.0,-138.0,100.0,195.0,722.0,-444.0,77.0
257.0,,379.0,421.0,-109.0,137.0,190.0,426.0,-359.0,226.0
299.0,,366.0,437.0,-75.0,189.0,195.0,724.0,-267.0,418.0
362.0,,380.0,446.0,-35.0,185.0,193.0,460.0,-180.0,628.0
417.0,,390.0,459.0,-6.0,99.0,197.0,582.0,-97.0,789.0
414.0,,398.0,489.0,0.0,84.0,190.0,624.0,-30.0,897.0
391.0,,422.0,503.0,-11.0,166.0,186.0,476.0,31.0,980.0
386.0,,409.0,450.0,-7.0,181.0,178.0,774.0,97.0,1013.0
383.0,,420.0,370.0,3.0,174.0,149.0,465.0,174.0,1000.0
335.0,,436.0,267.0,23.0,160.0,154.0,718.0,237.0,959.0
254.0,,436.0,138.0,55.0,183.0,167.0,572.0,271.0,912.0
211.0,,461.0,-6.0,77.0,256.0,194.0,593.0,287.0,831.0
186.0,,454.0,-166.0,81.0,231.0,259.0,779.0,285.0,717.0
90.0,,438.0,-303.0,59.0,228.0,290.0,532.0,273.0,578.0
-28.0,,427.0,-418.0,11.0,328.0,282.0,861.0,256.0,417.0
-86.0,,384.0,-484.0,-67.0,350.0,273.0,561.0,221.0,266.0
-112.0,,344.0,-498.0,-141.0,325.0,299.0,676.0,173.0,103.0
-167.0,,308.0,-454.0,-185.0,310.0,329.0,628.0,118.0,-30.0
-258.0,,240.0,-375.0,-187.0,313.0,289.0,465.0,51.0,-112.0
-291.0,,205.0,-302.0,-128.0,342.0,260.0,753.0,-28.0,-162.0
-271.0,,158.0,-185.0,-56.0,267.0,269.0,474.0,-125.0,-179.0
-281.0,,107.0,-59.0,-35.0,245.0,271.0,740.0,-215.0,-192.0
-318.0,,97.0,74.0,-40.0,294.0,292.0,513.0,-297.0,-209.0
-314.0,,65.0,206.0,-36.0,283.0,302.0,497.0,-364.0,-209.0
-252.0,,62.0,283.0,-34.0,277.0,290.0,589.0,-405.0,-242.0
-220.0,,64.0,332.0,-12.0,277.0,305.0,330.0,-430.0,-298.0
-217.0,,67.0,342.0,2.0,354.0,301.0,626.0,-432.0,-331.0
-184.0,,73.0,329.0,0.0,379.0,273.0,297.0,-410.0,-411.0
-149.0,,66.0,307.0,-6.0,321.0,270.0,504.0,-363.0,-519.0
-138.0,,74.0,218.0,-8.0,355.0,253.0,504.0,-282.0,-632.0
-145.0,,86.0,76.0,1.0,419.0,209.0,458.0,-176.0,-750.0
-140.0,,95.0,-95.0,-1.0,454.0,163.0,787.0,-54.0,-826.0
-107.0,,116.0,-286.0,-19.0,452.0,143.0,524.0,85.0,-857.0
-100.0,,142.0,-441.0,-55.0,434.0,160.0,796.0,221.0,-871.0
-131.0,,148.0,-562.0,-88.0,475.0,183.0,522.0,341.0,-863.0
-168.0,,182.0,-642.0,-110.0,514.0,209.0,561.0,444.0,-814.0
-205.0,,196.0,-664.0,-141.0,498.0,266.0,696.0,512.0,-776.0
-261.0,,215.0,-647.0,-187.0,529.0,302.0,535.0,560.0,-738.0
-346.0,,270.0,-573.0,-227.0,542.0,291.0,829.0,601.0,-683.0
-428.0,,279.0,-472.0,-215.0,532.0,300.0,399.0,625.0,-634.0
-494.0,,312.0,-347.0,-144.0,580.0,301.0,504.0,627.0,-559.0
-559.0,,360.0,-202.0,-68.0,608.0,280.0,328.0,603.0,-492.0
-657.0,,371.0,-72.0,-25.0,596.0,250.0,230.0,560.0,-391.0
-745.0,,393.0,70.0,8.0,597.0,215.0,467.0,494.0,-238.0
-770.0,,413.0,193.0,54.0,625.0,207.0,151.0,408.0,-74.0
-799.0,,409.0,282.0,123.0,646.0,215.0,445.0,307.0,111.0
-840.0,,406.0,343.0,203.0,663.0,229.0,208.0,197.0,264.0
-850.0,,392.0,352.0,256.0,658.0,214.0,356.0,98.0,384.0
-811.0,,352.0,348.0,254.0,689.0,179.0,428.0,14.0,467.0
-774.0,,322.0,327.0,192.0,746.0,162.0,249.0,-42.0,507.0
-775.0,,293.0,280.0,104.0,712.0,128.0,580.0,-80.0,501.0
-755.0,,262.0,225.0,27.0,758.0,100.0,234.0,-108.0,431.0
-688.0,,234.0,175.0,-32.0,840.0,104.0,458.0,-141.0,333.0
-625.0,,202.0,141.0,-72.0,784.0,102.0,314.0,-186.0,198.0
-598.0,,198.0,91.0,-99.0,749.0,121.0,262.0,-224.0,55.0
-554.0,,192.0,35.0,-137.0,779.0,126.0,389.0,-282.0,-104.0
-473.0,,189.0,1.0,-160.0,804.0,84.0,3.0,-345.0,-257.0
-398.0,,225.0,-41.0,-143.0,776.0,85.0,232.0,-404.0,-374.0
-345.0,,242.0,-121.0,-96.0,762.0,119.0,-149.0,-473.0,-487.0
-299.0,,295.0,-197.0,-37.0,841.0,154.0,-75.0,-534.0,-532.0
-224.0,,353.0,-276.0,19.0,912.0,202.0,-51.0,-580.0,-532.0
-150.0,,389.0,-363.0,71.0,901.0,232.0,-240.0,-592.0,-514.0
-98.0,,465.0,-408.0,96.0,836.0,239.0,24.0,-581.0,-455.0
-33.0,,502.0,-466.0,92.0,824.0,241.0,-321.0,-551.0,-358.0
45.0,,535.0,-538.0,54.0,875.0,228.0,-68.0,-509.0,-254.0
113.0,,595.0,-575.0,-4.0,874.0,227.0,-232.0,-469.0,-148.0
147.0,,614.0,-595.0,-35.0,822.0,224.0,-253.0,-426.0,-34.0
162.0,,637.0,-570.0,-11.0,818.0,207.0,-86.0,-385.0,49.0
185.0,,668.0,-519.0,69.0,834.0,216.0,-419.0,-350.0,100.0
225.0,,671.0,-472.0,181.0,805.0,208.0,-214.0,-310.0,74.0
249.0,,682.0,-449.0,284.0,790.0,181.0,-639.0,-272.0,-12.0
247.0,,690.0,-455.0,358.0,834.0,180.0,-606.0,-241.0,-108.0
251.0,,681.0,-422.0,375.0,873.0,191.0,-644.0,-212.0,-213.0
255.0,,686.0,-384.0,340.0,893.0,247.0,-742.0,-197.0,-308.0
227.0,,671.0,-336.0,280.0,845.0,289.0,-419.0,-187.0,-417.0
191.0,,659.0,-266.0,194.0,822.0,283.0,-716.0,-169.0,-509.0
182.0,,655.0,-209.0,109.0,902.0,316.0,-445.0,-145.0,-549.0
181.0,,628.0,-142.0,26.0,908.0,358.0,-642.0,-118.0,-564.0
165.0,,602.0,-121.0,-28.0,885.0,392.0,-598.0,-82.0,-542.0
130.0,,568.0,-140.0,-49.0,907.0,388.0,-480.0,-39.0,-450.0
122.0,,511.0,-183.0,-78.0,902.0,358.0,-766.0,10.0,-329.0
130.0,,492.0,-260.0,-118.0,863.0,387.0,-473.0,70.0,-205.0
92.0,,466.0,-352.0,-179.0,847.0,395.0,-814.0,143.0,-26.0
54.0,,435.0,-454.0,-252.0,848.0,406.0,-624.0,205.0,139.0
52.0,,443.0,-519.0,-311.0,884.0,414.0,-700.0,253.0,306.0
82.0,,409.0,-561.0,-308.0,932.0,405.0,-835.0,282.0,488.0
93.0,,412.0,-573.0,-224.0,882.0,385.0,-602.0,283.0,612.0
75.0,,422.0,-557.0,-106.0,945.0,364.0,-968.0,277.0,715.0
99.0,,399.0,-539.0,2.0,1031.0,420.0,-702.0,263.0,773.0
141.0,,426.0,-478.0,65.0,978.0,415.0,-920.0,252.0,750.0
154.0,,420.0,-408.0,69.0,948.0,394.0,-798.0,242.0,654.0
118.0,,416.0,-326.0,43.0,916.0,409.0,-665.0,232.0,494.0
80.0,,442.0,-245.0,30.0,924.0,381.0,-897.0,210.0,267.0
55.0,,427.0,-183.0,37.0,919.0,375.0,-594.0,167.0,27.0
-1.0,,432.0,-117.0,51.0,885.0,410.0,-918.0,121.0,-217.0
-85.0,,438.0,-43.0,58.0,876.0,466.0,-685.0,56.0,-468.0
-160.0,,417.0,28.0,56.0,868.0,476.0,-759.0,5.0,-682.0
-200.0,,428.0,84.0,74.0,890.0,501.0,-785.0,-22.0,-877.0
-245.0,,427.0,122.0,117.0,854.0,576.0,-515.0,-61.0,-1028.0
-313.0,,412.0,80.0,153.0,799.0,612.0,-816.0,-91.0,-1162.0
-379.0,,414.0,-6.0,176.0,856.0,619.0,-559.0,-104.0,-1257.0
-426.0,,390.0,-97.0,181.0,896.0,625.0,-851.0,-102.0,-1315.0
-451.0,,376.0,-202.0,139.0,824.0,649.0,-744.0,-73.0,-1388.0
-497.0,,356.0,-298.0,37.0,810.0,663.0,-689.0,-27.0,-1447.0
-561.0,,327.0,-427.0,-104.0,813.0,665.0,-855.0,22.0,-1471.0
-584.0,,322.0,-540.0,-244.0,755.0,668.0,-528.0,80.0,-1470.0
-561.0,,298.0,-615.0,-311.0,712.0,651.0,-816.0,127.0,-1411.0
-572.0,,293.0,-671.0,-317.0,684.0,623.0,-533.0,161.0,-1299.0
-627.0,,291.0,-698.0,-276.0,710.0,591.0,-639.0,182.0,-1156.0
-661.0,,277.0,-703.0,-199.0,749.0,612.0,-594.0,184.0,-967.0
-640.0,,293.0,-686.0,-116.0,737.0,620.0,-345.0,169.0,-798.0
-615.0,,317.0,-667.0,-47.0,733.0,588.0,-570.0,134.0,-636.0
-641.0,,316.0,-644.0,-29.0,759.0,593.0,-223.0,88.0,-492.0
-635.0,,332.0,-628.0,-21.0,741.0,592.0,-500.0,30.0,-403.0
-566.0,,362.0,-635.0,2.0,693.0,570.0,-317.0,-22.0,-307.0
-501.0,,370.0,-659.0,4.0,703.0,539.0,-317.0,-71.0,-244.0
-461.0,,393.0,-668.0,-28.0,778.0,518.0,-558.0,-124.0,-231.0
-425.0,,408.0,-663.0,-91.0,788.0,492.0,-386.0,-161.0,-217.0
-356.0,,425.0,-668.0,-166.0,703.0,429.0,-781.0,-193.0,-231.0
-267.0,,437.0,-672.0,-217.0,686.0,395.0,-543.0,-208.0,-262.0
-189.0,,421.0,-656.0,-216.0,705.0,406.0,-715.0,-221.0,-271.0
-140.0,,430.0,-661.0,-182.0,700.0,397.0,-681.0,-240.0,-308.0
-71.0,,423.0,-679.0,-127.0,694.0,377.0,-522.0,-257.0,-354.0
18.0,,400.0,-638.0,-51.0,632.0,371.0,-750.0,-295.0,-351.0
83.0,,410.0,-577.0,44.0,604.0,363.0,-408.0,-326.0,-332.0
127.0,,407.0,-525.0,131.0,660.0,345.0,-644.0,-352.0,-320.0
164.0,,414.0,-502.0,178.0,655.0,344.0,-428.0,-388.0,-280.0
212.0,,434.0,-484.0,184.0,592.0,377.0,-513.0,-424.0,-206.0
229.0,,414.0,-454.0,144.0,607.0,392.0,-670.0,-464.0,-152.0
230.0,,412.0,-418.0,74.0,639.0,356.0,-404.0,-493.0,-85.0
256.0,,395.0,-377.0,-10.0,599.0,285.0,-726.0,-497.0,-5.0
244.0,,364.0,-339.0,-80.0,564.0,255.0,-471.0,-475.0,43.0
196.0,,369.0,-273.0,-134.0,542.0,278.0,-698.0,-437.0,108.0
168.0,,334.0,-214.0,-180.0,539.0,285.0,-641.0,-397.0,130.0
171.0,,311.0,-176.0,-208.0,499.0,267.0,-530.0,-362.0,120.0
162.0,,319.0,-164.0,-213.0,430.0,252.0,-777.0,-338.0,137.0
141.0,,286.0,-139.0,-173.0,459.0,283.0,-533.0,-328.0,133.0
141.0,,287.0,-103.0,-126.0,507.0,310.0,-942.0,-329.0,145.0
150.0,,307.0,-114.0,-90.0,514.0,340.0,-777.0,-343.0,180.0
151.0,,333.0,-155.0,-58.0,493.0,373.0,-842.0,-354.0,207.0
134.0,,393.0,-193.0,-36.0,469.0,353.0,-873.0,-353.0,214.0
115.0,,444.0,-224.0,3.0,518.0,351.0,-600.0,-358.0,220.0
108.0,,504.0,-313.0,57.0,536.0,350.0,-888.0,-354.0,215.0
117.0,,554.0,-421.0,127.0,487.0,327.0,-606.0,-322.0,150.0
130.0,,587.0,-527.0,168.0,481.0,318.0,-883.0,-294.0,83.0
122.0,,612.0,-640.0,156.0,473.0,312.0,-785.0,-260.0,0.0
126.0,,610.0,-746.0,111.0,438.0,295.0,-733.0,-218.0,-88.0
151.0,,568.0,-849.0,35.0,383.0,286.0,-951.0,-185.0,-163.0
158.0,,498.0,-896.0,-4.0,346.0,310.0,-665.0,-150.0,-256.0
123.0,,430.0,-906.0,-8.0,360.0,339.0,-986.0,-116.0,-327.0
93.0,,343.0,-901.0,5.0,347.0,381.0,-748.0,-80.0,-391.0
81.0,,260.0,-854.0,11.0,268.0,405.0,-912.0,-61.0,-449.0
50.0,,196.0,-779.0,-30.0,256.0,405.0,-916.0,-51.0,-495.0
9.0,,145.0,-680.0,-59.0,306.0,453.0,-642.0,-30.0,-516.0
-33.0,,115.0,-579.0,-49.0,259.0,464.0,-837.0,-22.0,-521.0
-43.0,,82.0,-519.0,-20.0,191.0,456.0,-469.0,-33.0,-515.0
-54.0,,78.0,-483.0,2.0,140.0,466.0,-790.0,-59.0,-476.0
-98.0,,80.0,-456.0,3.0,116.0,437.0,-766.0,-94.0,-435.0
-136.0,,69.0,-457.0,-9.0,94.0,413.0,-886.0,-119.0,-375.0
-154.0,,93.0,-494.0,-13.0,-6.0,406.0,-1064.0,-153.0,-296.0
-171.0,,105.0,-534.0,4.0,-58.0,373.0,-724.0,-197.0,-206.0
-216.0,,102.0,-560.0,26.0,6.0,328.0,-979.0,-230.0,-101.0
-243.0,,100.0,-597.0,41.0,20.0,312.0,-655.0,-244.0,29.0
-231.0,,78.0,-637.0,35.0,-68.0,306.0,-831.0,-243.0,112.0
-187.0,,56.0,-664.0,21.0,-137.0,267.0,-853.0,-253.0,158.0
-181.0,,23.0,-726.0,11.0,-81.0,210.0,-726.0,-260.0,209.0
-189.0,,-24.0,-826.0,0.0,-2.0,207.0,-936.0,-258.0,196.0
-126.0,,-56.0,-917.0,-22.0,-108.0,243.0,-526.0,-242.0,153.0
-78.0,,-89.0,-986.0,-67.0,-204.0,264.0,-711.0,-209.0,98.0
-65.0,,-138.0,-1031.0,-101.0,-198.0,266.0,-437.0,-158.0,49.0
-34.0,,-152.0,-1047.0,-92.0,-244.0,275.0,-437.0,-89.0,11.0
40.0,,-171.0,-1004.0,-63.0,-314.0,296.0,-620.0,-39.0,-44.0
110.0,,-178.0,-899.0,-29.0,-333.0,278.0,-498.0,0.0,-110.0
151.0,,-163.0,-778.0,3.0,-304.0,254.0,-883.0,12.0,-169.0
205.0,,-146.0,-691.0,17.0,-269.0,223.0,-598.0,-6.0,-213.0
265.0,,-122.0,-605.0,6.0,-265.0,178.0,-776.0,-37.0,-265.0
305.0,,-116.0,-510.0,3.0,-332.0,114.0,-691.0,-102.0,-312.0
315.0,,-101.0,-422.0,27.0,-346.0,46.0,-602.0,-173.0,-336.0
332.0,,-89.0,-346.0,48.0,-327.0,-6.0,-849.0,-233.0,-353.0
355.0,,-100.0,-304.0,80.0,-335.0,-53.0,-570.0,-295.0,-365.0
360.0,,-104.0,-273.0,115.0,-348.0,-89.0,-890.0,-344.0,-366.0
327.0,,-118.0,-262.0,124.0,-381.0,-150.0,-648.0,-382.0,-365.0
299.0,,-125.0,-257.0,122.0,-375.0,-206.0,-716.0,-409.0,-333.0
293.0,,-131.0,-281.0,108.0,-414.0,-241.0,-748.0,-431.0,-264.0
272.0,,-162.0,-354.0,92.0,-458.0,-253.0,-465.0,-427.0,-195.0
257.0,,-154.0,-440.0,91.0,-428.0,-268.0,-781.0,-414.0,-122.0
242.0,,-164.0,-554.0,94.0,-430.0,-296.0,-480.0,-403.0,-63.0
240.0,,-199.0,-642.0,108.0,-479.0,-314.0,-733.0,-376.0,-36.0
240.0,,-201.0,-697.0,138.0,-483.0,-350.0,-670.0,-360.0,-33.0
224.0,,-226.0,-724.0,168.0,-458.0,-379.0,-624.0,-333.0,-45.0
191.0,,-257.0,-749.0,189.0,-452.0,-383.0,-803.0,-282.0,-82.0
185.0,,-283.0,-788.0,185.0,-473.0,-373.0,-443.0,-245.0,-114.0
221.0,,-306.0,-771.0,159.0,-525.0,-391.0,-696.0,-211.0,-130.0
229.0,,-339.0,-740.0,107.0,-484.0,-441.0,-352.0,-165.0,-161.0
224.0,,-355.0,-725.0,54.0,-460.0,-443.0,-436.0,-109.0,-174.0
234.0,,-347.0,-721.0,0.0,-525.0,-431.0,-489.0,-51.0,-183.0
264.0,,-350.0,-728.0,-86.0,-498.0,-470.0,-330.0,5.0,-185.0
269.0,,-342.0,-708.0,-181.0,-440.0,-487.0,-613.0,72.0,-190.0
234.0,,-344.0,-703.0,-257.0,-434.0,-486.0,-234.0,131.0,-204.0
218.0,,-349.0,-720.0,-294.0,-453.0,-536.0,-437.0,178.0,-248.0
227.0,,-354.0,-742.0,-291.0,-452.0,-600.0,-258.0,216.0,-335.0
253.0,,-357.0,-764.0,-268.0,-394.0,-620.0,-301.0,227.0,-422.0
264.0,,-358.0,-760.0,-230.0,-365.0,-600.0,-522.0,229.0,-533.0
269.0,,-363.0,-740.0,-192.0,-406.0,-632.0,-284.0,217.0,-614.0
317.0,,-354.0,-706.0,-154.0,-446.0,-677.0,-567.0,187.0,-678.0
379.0,,-363.0,-709.0,-103.0,-386.0,-665.0,-236.0,159.0,-739.0
431.0,,-358.0,-697.0,-47.0,-327.0,-631.0,-426.0,121.0,-755.0
492.0,,-350.0,-643.0,9.0,-369.0,-626.0,-454.0,84.0,-773.0
578.0,,-344.0,-626.0,60.0,-385.0,-640.0,-360.0,45.0,-787.0
670.0,,-335.0,-640.0,79.0,-389.0,-636.0,-596.0,23.0,-798.0
729.0,,-319.0,-676.0,52.0,-373.0,-651.0,-214.0,21.0,-789.0
780.0,,-308.0,-731.0,-4.0,-366.0,-670.0,-434.0,23.0,-750.0
839.0,,-309.0,-811.0,-44.0,-392.0,-681.0,-192.0,52.0,-723.0
859.0,,-281.0,-896.0,-66.0,-371.0,-712.0,-205.0,107.0,-672.0
835.0,,-283.0,-961.0,-89.0,-352.0,-747.0,-343.0,164.0,-602.0
813.0,,-293.0,-1017.0,-90.0,-341.0,-782.0,-129.0,216.0,-540.0
781.0,,-301.0,-1034.0,-50.0,-395.0,-805.0,-437.0,260.0,-499.0
736.0,,-333.0,-1041.0,51.0,-425.0,-784.0,-164.0,279.0,-478.0
692.0,,-357.0,-1062.0,192.0,-394.0,-771.0,-358.0,284.0,-456.0
659.0,,-407.0,-1088.0,278.0,-449.0,-794.0,-251.0,292.0,-446.0
651.0,,-447.0,-1127.0,282.0,-479.0,-788.0,-112.0,292.0,-446.0
632.0,,-479.0,-1157.0,239.0,-469.0,-791.0,-254.0,297.0,-475.0
595.0,,-523.0,-1184.0,165.0,-506.0,-796.0,101.0,313.0,-478.0
539.0,,-555.0,-1191.0,115.0,-526.0,-810.0,-162.0,341.0,-451.0
490.0,,-589.0,-1164.0,102.0,-527.0,-845.0,120.0,362.0,-407.0
457.0,,-606.0,-1110.0,105.0,-565.0,-844.0,29.0,369.0,-322.0
402.0,,-627.0,-1033.0,127.0,-542.0,-844.0,-25.0,366.0,-229.0
335.0,,-651.0,-947.0,142.0,-536.0,-836.0,181.0,332.0,-126.0
293.0,,-657.0,-873.0,155.0,-650.0,-844.0,-114.0,287.0,-48.0
291.0,,-663.0,-805.0,142.0,-644.0,-862.0,230.0,261.0,28.0
269.0,,-672.0,-733.0,89.0,-563.0,-832.0,-14.0,235.0,104.0
213.0,,-669.0,-676.0,44.0,-575.0,-791.0,84.0,197.0,192.0
171.0,,-666.0,-626.0,8.0,-623.0,-764.0,60.0,147.0,272.0
145.0,,-685.0,-613.0,-18.0,-688.0,-785.0,-181.0,100.0,331.0
109.0,,-663.0,-643.0,-40.0,-681.0,-803.0,125.0,54.0,407.0
49.0,,-645.0,-686.0,-52.0,-668.0,-765.0,-114.0,2.0,456.0
19.0,,-656.0,-714.0,-42.0,-783.0,-752.0,195.0,-38.0,502.0
10.0,,-622.0,-720.0,-38.0,-829.0,-782.0,36.0,-83.0,565.0
-6.0,,-597.0,-718.0,-43.0,-762.0,-804.0,33.0,-146.0,629.0
-31.0,,-577.0,-661.0,-79.0,-727.0,-816.0,181.0,-188.0,672.0
-61.0,,-545.0,-581.0,-136.0,-802.0,-822.0,-129.0,-222.0,723.0
-52.0,,-504.0,-483.0,-163.0,-862.0,-822.0,205.0,-269.0,770.0
-36.0,,-463.0,-349.0,-160.0,-724.0,-841.0,-88.0,-295.0,809.0
-63.0,,-438.0,-255.0,-140.0,-655.0,-819.0,7.0,-322.0,848.0
-114.0,,-421.0,-173.0,-113.0,-725.0,-772.0,-55.0,-363.0,833.0
-131.0,,-399.0,-117.0,-62.0,-763.0,-737.0,-219.0,-388.0,819.0
-133.0,,-381.0,-128.0,-6.0,-802.0,-679.0,64.0,-405.0,788.0
-187.0,,-396.0,-136.0,24.0,-829.0,-685.0,-182.0,-419.0,709.0
-245.0,,-372.0,-129.0,40.0,-858.0,-715.0,149.0,-411.0,632.0
-256.0,,-347.0,-153.0,32.0,-916.0,-740.0,-31.0,-400.0,556.0
-246.0,,-327.0,-206.0,33.0,-897.0,-777.0,-14.0,-403.0,457.0
-267.0,,-302.0,-240.0,78.0,-805.0,-794.0,59.0,-411.0,379.0
-313.0,,-290.0,-267.0,115.0,-845.0,-867.0,-195.0,-420.0,315.0
-301.0,,-253.0,-321.0,106.0,-878.0,-928.0,131.0,-421.0,253.0
-257.0,,-247.0,-349.0,74.0,-817.0,-965.0,-169.0,-413.0,204.0
-252.0,,-215.0,-336.0,29.0,-803.0,-998.0,48.0,-404.0,169.0
-258.0,,-179.0,-325.0,-10.0,-830.0,-997.0,1.0,-407.0,180.0
-220.0,,-156.0,-321.0,-28.0,-897.0,-984.0,-86.0,-403.0,207.0
-154.0,,-115.0,-321.0,-22.0,-888.0,-958.0,153.0,-364.0,245.0
-150.0,,-90.0,-315.0,-22.0,-852.0,-935.0,-179.0,-327.0,277.0
-169.0,,-78.0,-290.0,-42.0,-866.0,-919.0,42.0,-312.0,260.0
-129.0,,-81.0,-280.0,-59.0,-918.0,-909.0,-203.0,-298.0,190.0
-67.0,,-78.0,-283.0,-79.0,-927.0,-898.0,-14.0,-275.0,107.0
-39.0,,-101.0,-255.0,-100.0,-881.0,-905.0,175.0,-262.0,9.0
-69.0,,-121.0,-224.0,-107.0,-913.0,-919.0,70.0,-245.0,-106.0
-71.0,,-149.0,-211.0,-93.0,-930.0,-936.0,391.0,-232.0,-206.0
-5.0,,-190.0,-194.0,-66.0,-927.0,-969.0,22.0,-221.0,-306.0
31.0,,-230.0,-156.0,-42.0,-929.0,-987.0,221.0,-198.0,-396.0
15.0,,-281.0,-96.0,-64.0,-954.0,-990.0,75.0,-175.0,-451.0
19.0,,-323.0,-55.0,-119.0,-964.0,-995.0,35.0,-120.0,-481.0
86.0,,-360.0,-15.0,-159.0,-908.0,-987.0,284.0,-52.0,-475.0
133.0,,-389.0,38.0,-179.0,-907.0,-955.0,57.0,31.0,-433.0
115.0,,-430.0,74.0,-162.0,-934.0,-913.0,410.0,134.0,-367.0
97.0,,-458.0,83.0,-132.0,-959.0,-880.0,175.0,216.0,-248.0
119.0,,-479.0,61.0,-93.0,-943.0,-881.0,334.0,295.0,-122.0
143.0,,-510.0,23.0,-55.0,-868.0,-881.0,382.0,363.0,-3.0
103.0,,-525.0,-37.0,-8.0,-849.0,-851.0,240.0,402.0,114.0
68.0,,-544.0,-98.0,45.0,-880.0,-858.0,519.0,425.0,250.0
97.0,,-557.0,-138.0,42.0,-851.0,-899.0,214.0,444.0,360.0
101.0,,-576.0,-171.0,1.0,-795.0,-896.0,561.0,446.0,445.0
63.0,,-593.0,-200.0,-84.0,-779.0,-896.0,458.0,437.0,529.0
34.0,,-625.0,-242.0,-187.0,-790.0,-914.0,434.0,416.0,547.0
47.0,,-647.0,-263.0,-256.0,-753.0,-925.0,545.0,372.0,564.0
57.0,,-661.0,-269.0,-294.0,-685.0,-912.0,256.0,308.0,536.0
24.0,,-711.0,-280.0,-275.0,-724.0,-864.0,532.0,222.0,490.0
4.0,,-729.0,-262.0,-228.0,-803.0,-827.0,223.0,106.0,433.0
-3.0,,-755.0,-258.0,-167.0,-778.0,-791.0,441.0,-8.0,351.0
-11.0,,-802.0,-256.0,-72.0,-710.0,-749.0,448.0,-125.0,297.0
-55.0,,-824.0,-252.0,42.0,-701.0,-730.0,343.0,-240.0,247.0
-103.0,,-857.0,-288.0,172.0,-718.0,-744.0,613.0,-309.0,226.0
-94.0,,-888.0,-325.0,284.0,-716.0,-754.0,290.0,-356.0,202.0
-72.0,,-896.0,-332.0,349.0,-705.0,-729.0,572.0,-386.0,217.0
-78.0,,-895.0,-315.0,366.0,-725.0,-688.0,345.0,-402.0,237.0
-134.0,,-881.0,-305.0,322.0,-758.0,-665.0,373.0,-407.0,257.0
-148.0,,-843.0,-277.0,255.0,-722.0,-673.0,436.0,-406.0,300.0
-122.0,,-813.0,-248.0,205.0,-691.0,-657.0,164.0,-403.0,304.0
-147.0,,-762.0,-249.0,167.0,-707.0,-611.0,467.0,-383.0,300.0
-207.0,,-711.0,-219.0,128.0,-729.0,-586.0,144.0,-322.0,305.0
-241.0,,-666.0,-210.0,74.0,-710.0,-557.0,365.0,-219.0,277.0
-227.0,,-593.0,-252.0,47.0,-609.0,-529.0,336.0,-103.0,231.0
-252.0,,-544.0,-283.0,40.0,-582.0,-509.0,336.0,35.0,227.0
-309.0,,-513.0,-284.0,18.0,-611.0,-484.0,602.0,178.0,217.0
-329.0,,-474.0,-273.0,5.0,-544.0,-499.0,253.0,316.0,217.0
-291.0,,-439.0,-236.0,-5.0,-496.0,-539.0,513.0,437.0,231.0
-262.0,,-428.0,-173.0,-8.0,-486.0,-556.0,267.0,506.0,217.0
-290.0,,-424.0,-155.0,-5.0,-486.0,-552.0,325.0,544.0,203.0
-271.0,,-393.0,-124.0,-18.0,-488.0,-554.0,393.0,550.0,179.0
-206.0,,-376.0,-73.0,-21.0,-390.0,-536.0,242.0,544.0,180.0
-181.0,,-384.0,-75.0,-11.0,-340.0,-489.0,506.0,518.0,196.0
-202.0,,-367.0,-76.0,-26.0,-387.0,-444.0,112.0,488.0,211.0
-166.0,,-353.0,-62.0,-70.0,-374.0,-403.0,351.0,477.0,268.0
-60.0,,-353.0,-17.0,-122.0,-285.0,-368.0,286.0,464.0,347.0
0.0,,-331.0,3.0,-153.0,-238.0,-342.0,299.0,450.0,450.0
19.0,,-329.0,-13.0,-139.0,-263.0,-325.0,515.0,416.0,557.0
65.0,,-331.0,0.0,-78.0,-194.0,-294.0,203.0,382.0,629.0
149.0,,-327.0,28.0,17.0,-37.0,-278.0,471.0,365.0,692.0
212.0,,-356.0,43.0,67.0,35.0,-258.0,145.0,342.0,732.0
203.0,,-377.0,50.0,66.0,54.0,-224.0,264.0,322.0,737.0
206.0,,-403.0,28.0,51.0,121.0,-196.0,293.0,314.0,699.0
246.0,,-453.0,-6.0,13.0,191.0,-163.0,88.0,312.0,626.0
259.0,,-493.0,-8.0,-28.0,235.0,-127.0,349.0,322.0,543.0
246.0,,-522.0,-15.0,-89.0,228.0,-74.0,44.0,358.0,428.0
220.0,,-554.0,-28.0,-157.0,221.0,-50.0,356.0,422.0,286.0
207.0,,-569.0,16.0,-201.0,273.0,-42.0,195.0,485.0,138.0
188.0,,-589.0,83.0,-218.0,320.0,-2.0,145.0,538.0,9.0
134.0,,-614.0,105.0,-206.0,303.0,35.0,266.0,575.0,-119.0
74.0,,-615.0,139.0,-181.0,304.0,55.0,-20.0,596.0,-214.0
24.0,,-637.0,187.0,-113.0,449.0,49.0,349.0,615.0,-266.0
-19.0,,-633.0,190.0,-13.0,542.0,57.0,92.0,619.0,-290.0
-93.0,,-648.0,211.0,95.0,503.0,76.0,258.0,613.0,-268.0
-199.0,,-666.0,229.0,200.0,534.0,55.0,236.0,608.0,-246.0
-280.0,,-640.0,231.0,268.0,651.0,44.0,48.0,571.0,-204.0
-342.0,,-650.0,258.0,304.0,722.0,54.0,273.0,519.0,-142.0
-416.0,,-650.0,261.0,316.0,661.0,35.0,-46.0,464.0,-83.0
-485.0,,-609.0,249.0,314.0,629.0,34.0,249.0,402.0,-47.0
-507.0,,-580.0,236.0,274.0,740.0,68.0,62.0,349.0,-20.0
-482.0,,-547.0,170.0,212.0,757.0,54.0,60.0,288.0,6.0
-496.0,,-480.0,77.0,156.0,659.0,21.0,121.0,228.0,15.0
-517.0,,-441.0,11.0,74.0,707.0,20.0,-145.0,184.0,45.0
-495.0,,-406.0,-38.0,0.0,843.0,42.0,242.0,153.0,72.0
-486.0,,-349.0,-60.0,-12.0,920.0,68.0,29.0,122.0,104.0
-514.0,,-325.0,-66.0,33.0,891.0,80.0,295.0,92.0,172.0
-556.0,,-278.0,-56.0,100.0,840.0,113.0,312.0,60.0,249.0
-559.0,,-229.0,2.0,176.0,930.0,144.0,212.0,8.0,312.0
-547.0,,-200.0,69.0,242.0,1020.0,169.0,484.0,-61.0,359.0
-543.0,,-155.0,138.0,252.0,921.0,178.0,201.0,-142.0,414.0
-557.0,,-135.0,201.0,199.0,866.0,172.0,478.0,-226.0,472.0
-558.0,,-111.0,252.0,75.0,948.0,191.0,258.0,-306.0,557.0
-518.0,,-99.0,306.0,-82.0,974.0,178.0,275.0,-363.0,687.0
-487.0,,-98.0,366.0,-215.0,949.0,163.0,293.0,-407.0,811.0
-493.0,,-80.0,425.0,-284.0,890.0,126.0,25.0,-447.0,942.0
-495.0,,-85.0,438.0,-311.0,950.0,76.0,339.0,-450.0,1058.0
-440.0,,-93.0,439.0,-292.0,1076.0,86.0,29.0,-430.0,1125.0
-392.0,,-100.0,453.0,-195.0,1012.0,95.0,173.0,-413.0,1178.0
-374.0,,-101.0,428.0,-55.0,938.0,77.0,16.0,-390.0,1188.0
-318.0,,-118.0,361.0,85.0,990.0,49.0,-66.0,-352.0,1147.0
-222.0,,-131.0,298.0,199.0,1049.0,42.0,190.0,-328.0,1092.0
-158.0,,-151.0,267.0,303.0,1020.0,56.0,-60.0,-305.0,1036.0
-136.0,,-183.0,245.0,394.0,945.0,71.0,290.0,-286.0,975.0
-94.0,,-201.0,223.0,435.0,962.0,85.0,31.0,-288.0,939.0
-45.0,,-232.0,204.0,425.0,1074.0,99.0,72.0,-281.0,913.0
-32.0,,-263.0,195.0,355.0,1099.0,103.0,109.0,-264.0,882.0
-53.0,,-280.0,211.0,246.0,1017.0,81.0,-110.0,-248.0,887.0
-56.0,,-265.0,235.0,140.0,1030.0,72.0,177.0,-225.0,859.0
-34.0,,-258.0,234.0,68.0,1137.0,75.0,-166.0,-201.0,813.0
-45.0,,-235.0,220.0,2.0,1137.0,52.0,38.0,-181.0,775.0
-101.0,,-190.0,200.0,-67.0,1042.0,60.0,-110.0,-164.0,726.0
-147.0,,-168.0,176.0,-127.0,1049.0,115.0,-201.0,-147.0,661.0
-150.0,,-133.0,142.0,-188.0,1113.0,143.0,-35.0,-126.0,568.0
-158.0,,-110.0,98.0,-219.0,1074.0,169.0,-325.0,-103.0,460.0
-201.0,,-100.0,86.0,-205.0,964.0,188.0,35.0,-83.0,357.0
-254.0,,-76.0,97.0,-160.0,951.0,211.0,-109.0,-59.0,285.0
-264.0,,-74.0,102.0,-135.0,1010.0,215.0,129.0,-22.0,198.0
-236.0,,-78.0,114.0,-140.0,938.0,185.0,166.0,12.0,154.0
-250.0,,-67.0,113.0,-120.0,811.0,204.0,-83.0,31.0,113.0
-278.0,,-82.0,96.0,-91.0,822.0,211.0,133.0,53.0,45.0
-272.0,,-95.0,89.0,-60.0,906.0,233.0,-225.0,82.0,33.0
-245.0,,-106.0,89.0,-29.0,921.0,268.0,16.0,98.0,-8.0
-248.0,,-137.0,99.0,-19.0,867.0,272.0,-94.0,110.0,-43.0
-287.0,,-157.0,120.0,-7.0,880.0,302.0,-49.0,145.0,-63.0
-287.0,,-178.0,111.0,2.0,941.0,319.0,90.0,168.0,-119.0
-284.0,,-194.0,69.0,23.0,868.0,305.0,-245.0,202.0,-133.0
-288.0,,-187.0,24.0,48.0,789.0,287.0,-1.0,258.0,-130.0
-293.0,,-178.0,-17.0,50.0,827.0,289.0,-301.0,299.0,-172.0
-308.0,,-161.0,-76.0,47.0,843.0,302.0,-55.0,362.0,-191.0
-298.0,,-135.0,-130.0,36.0,791.0,310.0,53.0,415.0,-201.0
-311.0,,-127.0,-145.0,33.0,722.0,290.0,12.0,464.0,-213.0
-339.0,,-115.0,-147.0,15.0,770.0,275.0,327.0,526.0,-182.0
-380.0,,-79.0,-159.0,-59.0,843.0,281.0,11.0,585.0,-174.0
-411.0,,-61.0,-159.0,-162.0,861.0,283.0,301.0,644.0,-156.0
-418.0,,-47.0,-155.0,-253.0,872.0,297.0,109.0,683.0,-122.0
-461.0,,-25.0,-149.0,-304.0,852.0,309.0,70.0,712.0,-111.0
-489.0,,-5.0,-135.0,-309.0,846.0,313.0,131.0,721.0,-108.0
-494.0,,41.0,-134.0,-290.0,822.0,302.0,-129.0,713.0,-129.0
-510.0,,54.0,-172.0,-268.0,820.0,297.0,194.0,684.0,-155.0
-538.0,,74.0,-236.0,-223.0,853.0,301.0,-44.0,633.0,-161.0
-575.0,,114.0,-302.0,-132.0,890.0,332.0,225.0,584.0,-142.0
-582.0,,124.0,-358.0,5.0,897.0,362.0,157.0,519.0,-133.0
-606.0,,163.0,-364.0,156.0,853.0,335.0,42.0,452.0,-61.0
-669.0,,190.0,-340.0,276.0,858.0,340.0,328.0,408.0,55.0
-703.0,,222.0,-311.0,327.0,883.0,357.0,96.0,376.0,115.0
-693.0,,274.0,-267.0,314.0,855.0,345.0,476.0,343.0,188.0
-703.0,,316.0,-207.0,265.0,797.0,346.0,303.0,328.0,264.0
-750.0,,366.0,-128.0,206.0,790.0,367.0,341.0,326.0,330.0
-778.0,,426.0,-41.0,180.0,813.0,387.0,347.0,315.0,381.0
-742.0,,468.0,59.0,162.0,847.0,392.0,64.0,293.0,381.0
-716.0,,502.0,167.0,103.0,874.0,392.0,277.0,275.0,374.0
-730.0,,536.0,301.0,12.0,859.0,398.0,-101.0,251.0,374.0
-706.0,,537.0,442.0,-84.0,855.0,414.0,96.0,207.0,381.0
-654.0,,547.0,559.0,-169.0,863.0,433.0,25.0,164.0,373.0
-598.0,,539.0,665.0,-214.0,843.0,440.0,107.0,136.0,368.0
-583.0,,510.0,708.0,-228.0,790.0,433.0,465.0,110.0,370.0
-573.0,,489.0,727.0,-202.0,755.0,419.0,254.0,94.0,378.0
-523.0,,460.0,724.0,-127.0,747.0,409.0,624.0,93.0,396.0
-481.0,,433.0,653.0,-29.0,780.0,411.0,376.0,89.0,374.0
-419.0,,423.0,549.0,96.0,755.0,411.0,443.0,92.0,351.0
-352.0,,422.0,417.0,203.0,696.0,395.0,478.0,110.0,304.0
-277.0,,430.0,280.0,269.0,702.0,380.0,275.0,126.0,229.0
-183.0,,439.0,142.0,282.0,693.0,378.0,493.0,142.0,153.0
-88.0,,439.0,55.0,257.0,646.0,354.0,99.0,161.0,78.0
-5.0,,476.0,-42.0,225.0,571.0,335.0,312.0,168.0,14.0
53.0,,502.0,-163.0,170.0,593.0,369.0,158.0,163.0,-44.0
128.0,,524.0,-213.0,101.0,597.0,382.0,169.0,139.0,-71.0
198.0,,560.0,-246.0,37.0,511.0,379.0,360.0,94.0,-78.0
256.0,,567.0,-261.0,8.0,492.0,397.0,77.0,58.0,-20.0
308.0,,582.0,-259.0,9.0,480.0,403.0,393.0,20.0,50.0
353.0,,585.0,-245.0,26.0,442.0,384.0,127.0,-22.0,92.0
356.0,,574.0,-217.0,37.0,398.0,372.0,373.0,-55.0,173.0
321.0,,577.0,-198.0,46.0,358.0,375.0,439.0,-91.0,217.0
297.0,,551.0,-203.0,59.0,370.0,347.0,303.0,-115.0,254.0
246.0,,510.0,-230.0,71.0,394.0,341.0,569.0,-102.0,301.0
169.0,,488.0,-238.0,82.0,379.0,361.0,162.0,-86.0,331.0
98.0,,434.0,-275.0,50.0,363.0,356.0,315.0,-57.0,374.0
36.0,,392.0,-321.0,-11.0,331.0,361.0,7.0,-9.0,415.0
-34.0,,359.0,-321.0,-63.0,357.0,372.0,-73.0,26.0,463.0
-95.0,,307.0,-318.0,-89.0,360.0,403.0,33.0,59.0,493.0
-128.0,,279.0,-297.0,-88.0,259.0,425.0,-162.0,92.0,545.0
-162.0,,231.0,-228.0,-53.0,205.0,394.0,247.0,107.0,562.0
-179.0,,195.0,-153.0,18.0,122.0,383.0,5.0,114.0,543.0
-173.0,,152.0,-56.0,96.0,120.0,381.0,199.0,119.0,538.0
-176.0,,107.0,71.0,175.0,166.0,382.0,120.0,106.0,506.0
-177.0,,71.0,184.0,222.0,152.0,388.0,-31.0,78.0,480.0
-140.0,,41.0,265.0,236.0,173.0,368.0,166.0,47.0,438.0
-73.0,,28.0,296.0,233.0,88.0,352.0,-218.0,11.0,406.0
-41.0,,20.0,281.0,222.0,29.0,349.0,42.0,-32.0,395.0
-20.0,,48.0,219.0,221.0,3.0,338.0,-164.0,-66.0,413.0
32.0,,58.0,163.0,208.0,-45.0,290.0,-40.0,-96.0,440.0
71.0,,72.0,121.0,176.0,-110.0,263.0,120.0,-101.0,472.0
73.0,,93.0,62.0,128.0,-233.0,253.0,-57.0,-76.0,514.0
49.0,,123.0,25.0,82.0,-234.0,207.0,227.0,-52.0,530.0
52.0,,169.0,-10.0,49.0,-187.0,148.0,-194.0,-7.0,546.0
48.0,,182.0,-93.0,20.0,-157.0,136.0,-66.0,51.0,537.0
0.0,,216.0,-208.0,-35.0,-182.0,149.0,-199.0,90.0,512.0
-45.0,,245.0,-325.0,-128.0,-219.0,118.0,-210.0,123.0,480.0
-79.0,,270.0,-449.0,-231.0,-203.0,85.0,88.0,158.0,443.0
-98.0,,298.0,-573.0,-309.0,-298.0,99.0,-158.0,188.0,391.0
-109.0,,322.0,-678.0,-351.0,-397.0,145.0,162.0,211.0,344.0
-133.0,,350.0,-795.0,-359.0,-353.0,144.0,-190.0,214.0,310.0
-171.0,,382.0,-901.0,-333.0,-317.0,129.0,-206.0,206.0,296.0
-173.0,,398.0,-958.0,-302.0,-429.0,144.0,-225.0,193.0,304.0
-162.0,,422.0,-986.0,-304.0,-533.0,141.0,-426.0,161.0,320.0
-183.0,,463.0,-986.0,-333.0,-544.0,152.0,-66.0,110.0,366.0
-213.0,,472.0,-948.0,-347.0,-552.0,179.0,-312.0,38.0,392.0
-202.0,,499.0,-872.0,-311.0,-619.0,172.0,0.0,-40.0,376.0
-176.0,,504.0,-768.0,-222.0,-708.0,174.0,-42.0,-103.0,321.0
-184.0,,498.0,-653.0,-116.0,-671.0,212.0,-27.0,-164.0,263.0
-174.0,,497.0,-516.0,-36.0,-626.0,163.0,86.0,-217.0,168.0
-124.0,,468.0,-383.0,7.0,-636.0,102.0,-219.0,-247.0,64.0
-70.0,,453.0,-285.0,34.0,-684.0,134.0,66.0,-274.0,0.0
-37.0,,420.0,-216.0,74.0,-734.0,105.0,-258.0,-294.0,-112.0
17.0,,420.0,-176.0,134.0,-626.0,36.0,-96.0,-304.0,-222.0
97.0,,401.0,-145.0,209.0,-614.0,69.0,-129.0,-318.0,-306.0
157.0,,364.0,-128.0,274.0,-703.0,132.0,-336.0,-316.0,-377.0
213.0,,376.0,-134.0,302.0,-674.0,53.0,-112.0,-279.0,-389.0
280.0,,356.0,-139.0,300.0,-663.0,-12.0,-522.0,-240.0,-409.0
319.0,,340.0,-138.0,265.0,-674.0,49.0,-304.0,-188.0,-423.0
337.0,,319.0,-170.0,201.0,-738.0,87.0,-448.0,-119.0,-366.0
365.0,,302.0,-235.0,123.0,-786.0,80.0,-303.0,-63.0,-297.0
372.0,,289.0,-301.0,47.0,-721.0,81.0,-114.0,-4.0,-189.0
373.0,,240.0,-328.0,-21.0,-725.0,150.0,-395.0,34.0,-35.0
360.0,,201.0,-301.0,-50.0,-787.0,179.0,-77.0,72.0,110.0
309.0,,164.0,-266.0,-31.0,-819.0,128.0,-380.0,103.0,278.0
256.0,,115.0,-171.0,-14.0,-793.0,152.0,-158.0,120.0,441.0
230.0,,80.0,-50.0,-26.0,-759.0,196.0,-177.0,137.0,575.0
215.0,,58.0,43.0,-69.0,-752.0,167.0,-293.0,135.0,729.0
160.0,,24.0,141.0,-127.0,-702.0,153.0,-109.0,141.0,865.0
102.0,,15.0,200.0,-205.0,-651.0,176.0,-539.0,119.0,962.0
91.0,,38.0,245.0,-263.0,-663.0,149.0,-325.0,89.0,1047.0
86.0,,42.0,245.0,-271.0,-724.0,85.0,-558.0,67.0,1096.0
19.0,,69.0,191.0,-269.0,-728.0,89.0,-399.0,34.0,1111.0
-53.0,,127.0,143.0,-244.0,-670.0,146.0,-253.0,25.0,1102.0
-78.0,,166.0,93.0,-190.0,-645.0,94.0,-473.0,31.0,1073.0
-92.0,,208.0,24.0,-115.0,-716.0,16.0,-169.0,34.0,993.0
-125.0,,245.0,-72.0,-32.0,-783.0,38.0,-517.0,28.0,902.0
-168.0,,270.0,-169.0,57.0,-705.0,38.0,-273.0,15.0,786.0
-158.0,,302.0,-266.0,163.0,-645.0,9.0,-328.0,-12.0,632.0
-124.0,,314.0,-350.0,275.0,-701.0,23.0,-334.0,-39.0,500.0
-88.0,,322.0,-442.0,374.0,-733.0,79.0,-77.0,-59.0,345.0
-66.0,,315.0,-529.0,416.0,-709.0,116.0,-365.0,-83.0,197.0
-52.0,,289.0,-584.0,403.0,-682.0,88.0,-79.0,-105.0,79.0
1.0,,261.0,-686.0,343.0,-674.0,49.0,-415.0,-138.0,-60.0
45.0,,222.0,-756.0,260.0,-696.0,124.0,-386.0,-156.0,-205.0
45.0,,179.0,-728.0,182.0,-633.0,160.0,-404.0,-151.0,-328.0
54.0,,142.0,-672.0,115.0,-575.0,108.0,-637.0,-147.0,-449.0
104.0,,101.0,-602.0,75.0,-628.0,149.0,-384.0,-141.0,-509.0
158.0,,44.0,-528.0,67.0,-661.0,144.0,-668.0,-123.0,-536.0
177.0,,21.0,-465.0,105.0,-685.0,126.0,-306.0,-99.0,-534.0
195.0,,-5.0,-383.0,182.0,-655.0,123.0,-389.0,-61.0,-482.0
250.0,,-44.0,-291.0,280.0,-670.0,60.0,-410.0,-4.0,-426.0
301.0,,-47.0,-219.0,353.0,-735.0,81.0,-306.0,69.0,-347.0
322.0,,-47.0,-173.0,361.0,-677.0,129.0,-663.0,149.0,-255.0
349.0,,-23.0,-153.0,317.0,-572.0,145.0,-389.0,217.0,-168.0
392.0,,0.0,-181.0,228.0,-567.0,98.0,-628.0,272.0,-126.0
436.0,,41.0,-258.0,91.0,-664.0,88.0,-362.0,305.0,-97.0
451.0,,91.0,-374.0,-73.0,-659.0,176.0,-332.0,312.0,-60.0
435.0,,123.0,-524.0,-227.0,-626.0,117.0,-487.0,308.0,-54.0
418.0,,144.0,-664.0,-361.0,-690.0,45.0,-291.0,290.0,-64.0
408.0,,176.0,-799.0,-449.0,-742.0,71.0,-668.0,275.0,-114.0
379.0,,212.0,-900.0,-470.0,-696.0,82.0,-384.0,262.0,-192.0
341.0,,207.0,-942.0,-430.0,-638.0,71.0,-543.0,248.0,-280.0
316.0,,232.0,-919.0,-315.0,-703.0,25.0,-450.0,243.0,-404.0
310.0,,222.0,-849.0,-147.0,-744.0,3.0,-312.0,251.0,-560.0
293.0,,182.0,-771.0,49.0,-732.0,-50.0,-543.0,278.0,-694.0
248.0,,159.0,-669.0,225.0,-740.0,-104.0,-219.0,287.0,-825.0
216.0,,101.0,-575.0,306.0,-732.0,-90.0,-511.0,301.0,-982.0
215.0,,57.0,-479.0,310.0,-788.0,-123.0,-291.0,315.0,-1093.0
212.0,,-2.0,-397.0,283.0,-847.0,-99.0,-380.0,308.0,-1182.0
191.0,,-50.0,-373.0,227.0,-777.0,-59.0,-476.0,316.0,-1246.0
204.0,,-92.0,-373.0,129.0,-749.0,-129.0,-243.0,324.0,-1241.0
232.0,,-151.0,-385.0,-9.0,-779.0,-73.0,-606.0,331.0,-1201.0
255.0,,-197.0,-384.0,-145.0,-706.0,-29.0,-321.0,339.0,-1136.0
300.0,,-239.0,-408.0,-242.0,-679.0,-114.0,-569.0,336.0,-1038.0
363.0,,-276.0,-463.0,-269.0,-738.0,-82.0,-578.0,329.0,-927.0
430.0,,-327.0,-526.0,-225.0,-809.0,-66.0,-580.0,296.0,-847.0
501.0,,-344.0,-604.0,-172.0,-821.0,-126.0,-838.0,253.0,-775.0
593.0,,-363.0,-647.0,-141.0,-767.0,-161.0,-539.0,191.0,-723.0
679.0,,-367.0,-659.0,-131.0,-808.0,-116.0,-796.0,104.0,-702.0
744.0,,-349.0,-663.0,-99.0,-836.0,-93.0,-509.0,43.0,-683.0
794.0,,-353.0,-626.0,-34.0,-811.0,-124.0,-613.0,-17.0,-711.0
843.0,,-297.0,-551.0,30.0,-790.0,-43.0,-685.0,-68.0,-754.0
877.0,,-267.0,-468.0,99.0,-790.0,-28.0,-498.0,-97.0,-789.0
882.0,,-249.0,-395.0,159.0,-828.0,-48.0,-803.0,-125.0,-874.0
890.0,,-184.0,-314.0,197.0,-870.0,20.0,-469.0,-135.0,-949.0
895.0,,-127.0,-229.0,173.0,-867.0,3.0,-705.0,-114.0,-993.0
893.0,,-77.0,-153.0,53.0,-823.0,-65.0,-515.0,-80.0,-1057.0
895.0,,-18.0,-55.0,-140.0,-888.0,-47.0,-443.0,-45.0,-1095.0
881.0,,47.0,34.0,-374.0,-895.0,21.0,-635.0,-2.0,-1088.0
838.0,,87.0,64.0,-575.0,-855.0,21.0,-330.0,46.0,-1038.0
808.0,,140.0,72.0,-687.0,-913.0,4.0,-642.0,98.0,-986.0
795.0,,182.0,83.0,-704.0,-918.0,10.0,-365.0,157.0,-942.0
773.0,,197.0,82.0,-650.0,-900.0,-14.0,-543.0,205.0,-856.0
752.0,,223.0,77.0,-545.0,-850.0,-24.0,-565.0,226.0,-743.0
763.0,,228.0,89.0,-429.0,-849.0,-39.0,-389.0,242.0,-615.0
805.0,,209.0,107.0,-340.0,-890.0,-85.0,-663.0,234.0,-467.0
805.0,,185.0,113.0,-285.0,-865.0,-79.0,-323.0,209.0,-298.0
778.0,,151.0,123.0,-233.0,-851.0,-94.0,-587.0,181.0,-105.0
784.0,,106.0,131.0,-143.0,-892.0,-135.0,-362.0,121.0,99.0
791.0,,77.0,162.0,7.0,-928.0,-109.0,-358.0,66.0,302.0
752.0,,41.0,165.0,219.0,-892.0,-113.0,-515.0,38.0,475.0
694.0,,3.0,126.0,394.0,-847.0,-124.0,-269.0,7.0,603.0
664.0,,-25.0,83.0,436.0,-824.0,-98.0,-613.0,-17.0,703.0
647.0,,-60.0,-4.0,368.0,-859.0,-107.0,-284.0,-23.0,747.0
627.0,,-91.0,-96.0,233.0,-878.0,-119.0,-402.0,-34.0,751.0
614.0,,-130.0,-184.0,95.0,-799.0,-125.0,-275.0,-51.0,723.0
610.0,,-150.0,-273.0,-1.0,-795.0,-122.0,-105.0,-67.0,650.0
614.0,,-166.0,-352.0,-50.0,-847.0,-123.0,-312.0,-65.0,543.0
604.0,,-206.0,-400.0,-47.0,-824.0,-163.0,-11.0,-57.0,400.0
574.0,,-218.0,-432.0,14.0,-759.0,-194.0,-393.0,-40.0,250.0
541.0,,-219.0,-504.0,111.0,-729.0,-194.0,-245.0,-8.0,81.0
523.0,,-232.0,-539.0,172.0,-791.0,-219.0,-330.0,0.0,-83.0
530.0,,-222.0,-552.0,160.0,-791.0,-257.0,-362.0,12.0,-242.0
495.0,,-200.0,-562.0,104.0,-669.0,-222.0,-72.0,27.0,-396.0
453.0,,-171.0,-536.0,53.0,-615.0,-166.0,-330.0,36.0,-527.0
439.0,,-136.0,-529.0,25.0,-607.0,-195.0,-14.0,74.0,-670.0
418.0,,-139.0,-506.0,8.0,-620.0,-219.0,-295.0,112.0,-782.0
386.0,,-132.0,-507.0,0.0,-626.0,-201.0,-245.0,153.0,-870.0
351.0,,-117.0,-522.0,-8.0,-567.0,-172.0,-171.0,196.0,-921.0
336.0,,-149.0,-516.0,-26.0,-563.0,-157.0,-345.0,221.0,-931.0
304.0,,-183.0,-545.0,-32.0,-597.0,-161.0,-51.0,233.0,-927.0
279.0,,-204.0,-567.0,-20.0,-564.0,-140.0,-354.0,228.0,-894.0
281.0,,-236.0,-584.0,20.0,-489.0,-115.0,-97.0,218.0,-874.0
288.0,,-267.0,-604.0,58.0,-488.0,-104.0,-205.0,200.0,-821.0
290.0,,-279.0,-612.0,64.0,-503.0,-131.0,-223.0,194.0,-754.0
276.0,,-286.0,-608.0,50.0,-447.0,-143.0,-59.0,208.0,-702.0
276.0,,-273.0,-578.0,4.0,-372.0,-130.0,-376.0,206.0,-599.0
263.0,,-250.0,-499.0,-51.0,-312.0,-137.0,-38.0,212.0,-467.0
247.0,,-224.0,-379.0,-107.0,-309.0,-138.0,-216.0,223.0,-325.0
241.0,,-187.0,-280.0,-139.0,-301.0,-160.0,16.0,216.0,-175.0
227.0,,-154.0,-215.0,-113.0,-254.0,-170.0,55.0,219.0,-11.0
220.0,,-115.0,-171.0,-16.0,-281.0,-197.0,-169.0,259.0,122.0
225.0,,-81.0,-134.0,162.0,-297.0,-258.0,38.0,314.0,258.0
228.0,,-35.0,-142.0,373.0,-234.0,-271.0,-347.0,391.0,383.0
212.0,,-3.0,-217.0,544.0,-202.0,-266.0,-97.0,476.0,452.0
196.0,,21.0,-261.0,616.0,-171.0,-244.0,-184.0,543.0,507.0
188.0,,39.0,-251.0,573.0,-164.0,-219.0,-62.0,611.0,506.0
145.0,,12.0,-259.0,440.0,-121.0,-235.0,158.0,671.0,483.0
88.0,,-5.0,-280.0,280.0,-64.0,-285.0,-70.0,698.0,448.0
50.0,,-36.0,-278.0,151.0,-102.0,-296.0,203.0,698.0,385.0
11.0,,-91.0,-252.0,53.0,-125.0,-264.0,-179.0,694.0,324.0
-32.0,,-150.0,-183.0,-24.0,-152.0,-310.0,-12.0,674.0,269.0
-76.0,,-169.0,-90.0,-98.0,-143.0,-336.0,-86.0,628.0,208.0
-103.0,,-194.0,-38.0,-176.0,-136.0,-282.0,-208.0,571.0,160.0
-131.0,,-234.0,-17.0,-254.0,-164.0,-261.0,86.0,499.0,137.0
-150.0,,-236.0,7.0,-300.0,-79.0,-258.0,-230.0,395.0,89.0
-148.0,,-248.0,8.0,-292.0,14.0,-236.0,116.0,259.0,61.0
-140.0,,-258.0,-5.0,-257.0,-3.0,-213.0,-38.0,109.0,38.0
-131.0,,-249.0,-34.0,-216.0,-58.0,-211.0,55.0,-49.0,3.0
-125.0,,-248.0,-102.0,-182.0,-82.0,-190.0,179.0,-196.0,-25.0
-106.0,,-240.0,-166.0,-148.0,-81.0,-166.0,-20.0,-328.0,-95.0
-119.0,,-207.0,-219.0,-110.0,-16.0,-199.0,330.0,-428.0,-186.0
-128.0,,-191.0,-273.0,-54.0,-8.0,-214.0,14.0,-486.0,-266.0
-105.0,,-167.0,-328.0,18.0,-70.0,-194.0,171.0,-518.0,-351.0
-93.0,,-129.0,-394.0,97.0,14.0,-195.0,35.0,-524.0,-462.0
-106.0,,-105.0,-426.0,157.0,47.0,-220.0,-5.0,-530.0,-568.0
-103.0,,-66.0,-434.0,158.0,-15.0,-225.0,275.0,-520.0,-649.0
-65.0,,-45.0,-448.0,89.0,-10.0,-199.0,27.0,-505.0,-751.0
-64.0,,-46.0,-446.0,-76.0,39.0,-177.0,327.0,-491.0,-830.0
-56.0,,-13.0,-457.0,-304.0,133.0,-200.0,-7.0,-469.0,-889.0
-10.0,,6.0,-496.0,-495.0,102.0,-207.0,-22.0,-446.0,-939.0
53.0,,-9.0,-549.0,-585.0,87.0,-182.0,-29.0,-413.0,-897.0
93.0,,6.0,-602.0,-552.0,217.0,-201.0,-173.0,-402.0,-817.0
124.0,,27.0,-665.0,-444.0,194.0,-231.0,223.0,-401.0,-718.0
179.0,,28.0,-711.0,-337.0,81.0,-230.0,33.0,-413.0,-576.0
207.0,,50.0,-721.0,-276.0,34.0,-240.0,360.0,-423.0,-425.0
225.0,,82.0,-755.0,-222.0,43.0,-262.0,243.0,-429.0,-280.0
239.0,,94.0,-768.0,-156.0,99.0,-226.0,192.0,-428.0,-167.0
252.0,,113.0,-740.0,-92.0,79.0,-223.0,306.0,-405.0,-59.0
246.0,,125.0,-728.0,-15.0,56.0,-236.0,-7.0,-386.0,32.0
238.0,,118.0,-712.0,47.0,125.0,-206.0,315.0,-366.0,106.0
224.0,,130.0,-684.0,106.0,145.0,-218.0,86.0,-358.0,158.0
177.0,,132.0,-653.0,154.0,90.0,-201.0,303.0,-360.0,172.0
137.0,,134.0,-603.0,150.0,76.0,-183.0,369.0,-357.0,177.0
94.0,,121.0,-542.0,113.0,115.0,-180.0,236.0,-362.0,166.0
61.0,,112.0,-475.0,58.0,169.0,-180.0,484.0,-359.0,160.0
35.0,,109.0,-395.0,28.0,200.0,-193.0,75.0,-342.0,160.0
30.0,,76.0,-341.0,47.0,142.0,-177.0,260.0,-312.0,144.0
30.0,,67.0,-283.0,80.0,130.0,-148.0,96.0,-283.0,108.0
7.0,,64.0,-213.0,78.0,166.0,-113.0,206.0,-241.0,62.0
-21.0,,50.0,-178.0,8.0,139.0,-101.0,460.0,-182.0,-9.0
-52.0,,47.0,-128.0,-84.0,195.0,-88.0,256.0,-127.0,-105.0
-78.0,,50.0,-68.0,-161.0,215.0,-70.0,546.0,-71.0,-201.0
-123.0,,48.0,-36.0,-185.0,175.0,-67.0,205.0,-24.0,-335.0
-129.0,,53.0,-22.0,-148.0,179.0,-54.0,319.0,3.0,-446.0
-97.0,,41.0,-27.0,-90.0,124.0,-85.0,188.0,41.0,-557.0
-88.0,,17.0,-28.0,-1.0,162.0,-93.0,46.0,79.0,-648.0
-97.0,,19.0,-20.0,99.0,217.0,-51.0,328.0,101.0,-696.0
-65.0,,5.0,-14.0,174.0,161.0,-39.0,62.0,136.0,-761.0
-2.0,,-18.0,-20.0,193.0,155.0,-1.0,417.0,163.0,-778.0
27.0,,-35.0,-27.0,148.0,116.0,35.0,234.0,193.0,-769.0
57.0,,-57.0,-27.0,62.0,85.0,45.0,299.0,224.0,-747.0
96.0,,-82.0,-20.0,-34.0,67.0,65.0,356.0,246.0,-703.0
135.0,,-110.0,0.0,-97.0,2.0,95.0,84.0,277.0,-642.0
143.0,,-149.0,17.0,-125.0,20.0,120.0,380.0,306.0,-589.0
132.0,,-186.0,29.0,-137.0,22.0,107.0,84.0,323.0,-566.0
133.0,,-212.0,35.0,-143.0,-26.0,65.0,341.0,315.0,-562.0
118.0,,-267.0,-17.0,-141.0,-27.0,17.0,267.0,312.0,-580.0
110.0,,-308.0,-109.0,-134.0,23.0,-12.0,179.0,313.0,-598.0
93.0,,-319.0,-183.0,-130.0,58.0,-17.0,351.0,285.0,-641.0
50.0,,-351.0,-249.0,-130.0,31.0,-23.0,-1.0,263.0,-713.0
29.0,,-365.0,-301.0,-102.0,0.0,-52.0,258.0,238.0,-783.0
-3.0,,-354.0,-349.0,-17.0,-2.0,-52.0,-20.0,196.0,-820.0
-70.0,,-368.0,-374.0,104.0,33.0,-31.0,96.0,129.0,-851.0
-114.0,,-357.0,-347.0,220.0,12.0,-46.0,243.0,40.0,-848.0
-132.0,,-340.0,-320.0,278.0,-50.0,-48.0,121.0,-47.0,-775.0
-151.0,,-331.0,-289.0,284.0,-62.0,-30.0,461.0,-143.0,-673.0
-173.0,,-323.0,-249.0,248.0,-60.0,-13.0,138.0,-219.0,-527.0
-170.0,,-315.0,-252.0,195.0,-19.0,-15.0,299.0,-271.0,-392.0
-172.0,,-291.0,-256.0,183.0,-5.0,22.0,118.0,-288.0,-261.0
-209.0,,-301.0,-230.0,217.0,-32.0,79.0,83.0,-281.0,-116.0
-225.0,,-293.0,-231.0,265.0,-2.0,73.0,321.0,-290.0,-13.0
-226.0,,-295.0,-219.0,273.0,11.0,65.0,84.0,-279.0,53.0
-226.0,,-323.0,-158.0,248.0,-58.0,105.0,363.0,-276.0,98.0
-208.0,,-347.0,-93.0,192.0,-121.0,145.0,12.0,-282.0,93.0
-192.0,,-391.0,-28.0,92.0,-133.0,125.0,153.0,-269.0,80.0
-191.0,,-436.0,-17.0,-13.0,-105.0,104.0,206.0,-265.0,63.0
-187.0,,-494.0,-27.0,-79.0,-135.0,113.0,49.0,-257.0,30.0
-164.0,,-547.0,-22.0,-85.0,-196.0,103.0,371.0,-240.0,21.0
-160.0,,-598.0,-67.0,-70.0,-159.0,83.0,64.0,-225.0,-9.0
-173.0,,-623.0,-151.0,-65.0,-153.0,93.0,308.0,-218.0,-44.0
-154.0,,-640.0,-240.0,-68.0,-149.0,115.0,147.0,-207.0,-78.0
-108.0,,-663.0,-341.0,-42.0,-114.0,124.0,212.0,-198.0,-109.0
-81.0,,-637.0,-458.0,31.0,-60.0,166.0,450.0,-215.0,-112.0
-78.0,,-625.0,-560.0,118.0,0.0,214.0,267.0,-247.0,-107.0
-64.0,,-610.0,-658.0,218.0,-17.0,230.0,587.0,-282.0,-94.0
-53.0,,-576.0,-738.0,302.0,-17.0,269.0,232.0,-317.0,0.0
-87.0,,-569.0,-732.0,336.0,12.0,328.0,375.0,-331.0,125.0
-132.0,,-550.0,-652.0,303.0,-3.0,356.0,325.0,-332.0,231.0
-130.0,,-514.0,-560.0,197.0,-64.0,361.0,181.0,-321.0,367.0
-135.0,,-481.0,-473.0,61.0,-84.0,342.0,430.0,-287.0,474.0
-181.0,,-441.0,-369.0,-45.0,-95.0,320.0,121.0,-266.0,568.0
-222.0,,-375.0,-285.0,-106.0,-93.0,321.0,417.0,-260.0,601.0
-253.0,,-320.0,-212.0,-151.0,-48.0,305.0,214.0,-268.0,559.0
-284.0,,-285.0,-146.0,-193.0,-66.0,268.0,280.0,-291.0,514.0
-326.0,,-229.0,-121.0,-215.0,-16.0,262.0,386.0,-327.0,430.0
-351.0,,-195.0,-107.0,-190.0,42.0,280.0,133.0,-365.0,330.0
-368.0,,-161.0,-103.0,-134.0,-10.0,296.0,421.0,-383.0,206.0
-401.0,,-112.0,-127.0,-75.0,-23.0,316.0,162.0,-400.0,87.0
-422.0,,-86.0,-177.0,-55.0,18.0,326.0,532.0,-403.0,20.0
-456.0,,-48.0,-263.0,-76.0,100.0,341.0,565.0,-393.0,-26.0
-484.0,,-26.0,-339.0,-92.0,152.0,338.0,498.0,-388.0,-52.0
-485.0,,-20.0,-382.0,-102.0,122.0,330.0,652.0,-357.0,-63.0
-496.0,,6.0,-434.0,-129.0,94.0,339.0,219.0,-314.0,-67.0
-555.0,,32.0,-467.0,-185.0,99.0,364.0,434.0,-270.0,-59.0
-589.0,,64.0,-483.0,-261.0,102.0,353.0,171.0,-210.0,-66.0
-566.0,,92.0,-497.0,-335.0,73.0,271.0,279.0,-140.0,-98.0
-568.0,,114.0,-510.0,-371.0,77.0,253.0,371.0,-79.0,-151.0
-572.0,,151.0,-560.0,-364.0,109.0,262.0,227.0,-40.0,-213.0
-557.0,,171.0,-602.0,-312.0,180.0,235.0,583.0,6.0,-256.0
-537.0,,164.0,-629.0,-234.0,180.0,216.0,354.0,42.0,-269.0
-531.0,,164.0,-664.0,-146.0,103.0,210.0,670.0,62.0,-226.0
-524.0,,149.0,-680.0,-37.0,152.0,199.0,594.0,86.0,-119.0
-499.0,,123.0,-702.0,66.0,169.0,168.0,600.0,104.0,16.0
-493.0,,110.0,-726.0,147.0,155.0,130.0,787.0,139.0,182.0
-500.0,,76.0,-705.0,195.0,137.0,99.0,508.0,163.0,366.0
-495.0,,58.0,-674.0,235.0,68.0,95.0,840.0,175.0,508.0
-467.0,,48.0,-671.0,262.0,81.0,97.0,563.0,181.0,582.0
-458.0,,25.0,-631.0,266.0,79.0,110.0,676.0,175.0,609.0
-453.0,,46.0,-553.0,257.0,77.0,98.0,617.0,156.0,595.0
-406.0,,66.0,-512.0,206.0,102.0,77.0,354.0,106.0,537.0
-358.0,,58.0,-481.0,136.0,89.0,76.0,611.0,36.0,425.0
-318.0,,76.0,-459.0,35.0,89.0,65.0,330.0,-32.0,264.0
-268.0,,99.0,-439.0,-107.0,62.0,77.0,663.0,-112.0,96.0
-220.0,,104.0,-387.0,-257.0,12.0,101.0,519.0,-209.0,-79.0
-207.0,,119.0,-325.0,-362.0,35.0,108.0,545.0,-293.0,-269.0
-206.0,,126.0,-282.0,-350.0,56.0,87.0,735.0,-367.0,-460.0
-200.0,,145.0,-281.0,-222.0,47.0,77.0,537.0,-425.0,-599.0
-200.0,,161.0,-304.0,-60.0,104.0,96.0,944.0,-464.0,-655.0
-217.0,,157.0,-292.0,67.0,125.0,138.0,679.0,-499.0,-650.0
-213.0,,163.0,-257.0,101.0,121.0,154.0,796.0,-502.0,-577.0
-175.0,,155.0,-214.0,21.0,156.0,152.0,626.0,-500.0,-456.0
-171.0,,150.0,-183.0,-120.0,110.0,163.0,419.0,-515.0,-291.0
-182.0,,120.0,-204.0,-264.0,62.0,135.0,672.0,-525.0,-138.0
-183.0,,79.0,-197.0,-368.0,109.0,137.0,391.0,-535.0,-24.0
-190.0,,47.0,-176.0,-432.0,115.0,165.0,715.0,-535.0,79.0
-213.0,,-20.0,-158.0,-434.0,95.0,175.0,502.0,-554.0,172.0
-217.0,,-68.0,-142.0,-347.0,96.0,179.0,545.0,-567.0,220.0
-194.0,,-97.0,-152.0,-192.0,43.0,167.0,637.0,-580.0,224.0
-198.0,,-149.0,-96.0,-16.0,56.0,160.0,412.0,-609.0,215.0
-183.0,,-169.0,-32.0,135.0,71.0,177.0,726.0,-614.0,184.0
-151.0,,-161.0,0.0,240.0,36.0,197.0,465.0,-621.0,179.0
-145.0,,-181.0,27.0,286.0,98.0,201.0,707.0,-611.0,172.0
-141.0,,-178.0,44.0,291.0,141.0,219.0,593.0,-596.0,159.0
-129.0,,-172.0,63.0,276.0,187.0,248.0,521.0,-591.0,186.0
-128.0,,-195.0,42.0,248.0,177.0,278.0,713.0,-568.0,225.0
-144.0,,-198.0,3.0,208.0,128.0,290.0,362.0,-538.0,273.0
-130.0,,-223.0,-62.0,138.0,184.0,277.0,626.0,-494.0,287.0
-91.0,,-240.0,-158.0,53.0,131.0,293.0,301.0,-451.0,252.0
-83.0,,-245.0,-256.0,-24.0,75.0,308.0,365.0,-402.0,205.0
-70.0,,-272.0,-344.0,-90.0,98.0,280.0,458.0,-369.0,158.0
-26.0,,-273.0,-418.0,-123.0,74.0,243.0,310.0,-338.0,132.0
9.0,,-275.0,-494.0,-126.0,77.0,256.0,687.0,-291.0,123.0
13.0,,-271.0,-515.0,-128.0,75.0,288.0,417.0,-280.0,129.0
0.0,,-252.0,-452.0,-131.0,62.0,272.0,641.0,-258.0,153.0
23.0,,-240.0,-376.0,-134.0,91.0,302.0,508.0,-217.0,142.0
33.0,,-199.0,-303.0,-114.0,74.0,384.0,539.0,-173.0,98.0
-6.0,,-158.0,-200.0,-69.0,6.0,436.0,790.0,-125.0,33.0
-48.0,,-111.0,-120.0,-22.0,-9.0,483.0,517.0,-80.0,-78.0
-78.0,,-26.0,-69.0,21.0,-9.0,486.0,811.0,-37.0,-210.0
-96.0,,35.0,-38.0,41.0,-17.0,473.0,480.0,-21.0,-343.0
-125.0,,109.0,-10.0,46.0,-35.0,457.0,528.0,4.0,-472.0
-167.0,,211.0,3.0,47.0,-85.0,426.0,430.0,25.0,-580.0
-180.0,,262.0,-40.0,39.0,-100.0,406.0,210.0,56.0,-668.0
-166.0,,318.0,-91.0,27.0,-95.0,383.0,522.0,96.0,-716.0
-185.0,,378.0,-150.0,1.0,-158.0,359.0,275.0,119.0,-725.0
-239.0,,389.0,-244.0,-29.0,-174.0,310.0,613.0,148.0,-661.0
-283.0,,402.0,-352.0,-55.0,-164.0,284.0,456.0,165.0,-547.0
-319.0,,391.0,-492.0,-45.0,-210.0,278.0,426.0,170.0,-409.0
-358.0,,352.0,-648.0,28.0,-215.0,244.0,513.0,156.0,-224.0
-403.0,,327.0,-779.0,121.0,-229.0,228.0,269.0,134.0,-32.0
-439.0,,279.0,-885.0,183.0,-164.0,219.0,663.0,120.0,161.0
-456.0,,199.0,-987.0,204.0,-157.0,204.0,415.0,93.0,364.0
-466.0,,138.0,-1052.0,183.0,-240.0,204.0,598.0,80.0,553.0
-486.0,,77.0,-1030.0,157.0,-229.0,213.0,461.0,66.0,718.0
-521.0,,4.0,-954.0,158.0,-275.0,215.0,227.0,53.0,885.0
-548.0,,-37.0,-885.0,178.0,-304.0,234.0,430.0,40.0,999.0
-568.0,,-77.0,-810.0,195.0,-311.0,253.0,114.0,0.0,1119.0
-571.0,,-104.0,-699.0,195.0,-342.0,258.0,428.0,-40.0,1206.0
-550.0,,-124.0,-555.0,172.0,-327.0,247.0,230.0,-80.0,1186.0
-531.0,,-141.0,-406.0,129.0,-306.0,213.0,279.0,-118.0,1180.0
-495.0,,-138.0,-281.0,59.0,-368.0,188.0,330.0,-155.0,1102.0
-468.0,,-133.0,-164.0,-31.0,-447.0,184.0,90.0,-189.0,989.0
-442.0,,-111.0,-55.0,-103.0,-394.0,211.0,406.0,-206.0,898.0
-412.0,,-106.0,12.0,-122.0,-373.0,215.0,116.0,-247.0,777.0
-400.0,,-91.0,47.0,-77.0,-402.0,190.0,336.0,-294.0,638.0
-371.0,,-48.0,44.0,-1.0,-460.0,219.0,171.0,-346.0,479.0
-341.0,,-38.0,-29.0,60.0,-451.0,252.0,75.0,-413.0,306.0
-299.0,,-50.0,-163.0,89.0,-352.0,269.0,275.0,-457.0,98.0
-254.0,,-12.0,-287.0,63.0,-421.0,268.0,-68.0,-504.0,-99.0
-234.0,,-2.0,-397.0,13.0,-459.0,260.0,186.0,-546.0,-315.0
-220.0,,-9.0,-525.0,-47.0,-419.0,289.0,-118.0,-566.0,-505.0
-180.0,,12.0,-647.0,-120.0,-406.0,296.0,-11.0,-578.0,-636.0
-132.0,,-27.0,-763.0,-163.0,-346.0,300.0,75.0,-589.0,-749.0
-118.0,,-36.0,-864.0,-150.0,-368.0,319.0,-40.0,-585.0,-803.0
-100.0,,-54.0,-948.0,-82.0,-369.0,316.0,242.0,-573.0,-808.0
-55.0,,-101.0,-993.0,-6.0,-333.0,329.0,-171.0,-568.0,-800.0
-16.0,,-107.0,-1011.0,45.0,-406.0,356.0,-5.0,-559.0,-748.0
4.0,,-140.0,-1003.0,81.0,-403.0,317.0,-201.0,-544.0,-621.0
16.0,,-165.0,-937.0,102.0,-337.0,259.0,-201.0,-519.0,-480.0
41.0,,-177.0,-871.0,105.0,-319.0,252.0,64.0,-486.0,-328.0
85.0,,-167.0,-800.0,88.0,-269.0,262.0,-83.0,-470.0,-150.0
95.0,,-159.0,-721.0,49.0,-268.0,272.0,273.0,-475.0,14.0
81.0,,-141.0,-653.0,-13.0,-251.0,275.0,-55.0,-484.0,169.0
80.0,,-97.0,-591.0,-81.0,-179.0,308.0,11.0,-490.0,293.0
73.0,,-49.0,-557.0,-137.0,-219.0,306.0,-116.0,-508.0,373.0
39.0,,19.0,-522.0,-175.0,-269.0,303.0,-325.0,-516.0,401.0
-36.0,,88.0,-503.0,-175.0,-252.0,356.0,-66.0,-507.0,397.0
-88.0,,183.0,-543.0,-147.0,-244.0,352.0,-356.0,-510.0,368.0
-99.0,,258.0,-592.0,-113.0,-201.0,347.0,3.0,-506.0,303.0
-154.0,,339.0,-609.0,-52.0,-138.0,381.0,-136.0,-498.0,217.0
-223.0,,402.0,-605.0,21.0,-129.0,397.0,-120.0,-490.0,138.0
-247.0,,427.0,-598.0,53.0,-41.0,378.0,-44.0,-462.0,65.0
-249.0,,456.0,-573.0,35.0,31.0,370.0,-402.0,-412.0,-5.0
-265.0,,436.0,-515.0,-23.0,-23.0,365.0,-166.0,-348.0,-57.0
-300.0,,412.0,-453.0,-111.0,-15.0,341.0,-399.0,-258.0,-67.0
-301.0,,379.0,-370.0,-188.0,-18.0,355.0,-60.0,-150.0,-48.0
-279.0,,332.0,-243.0,-229.0,-56.0,353.0,-44.0,-40.0,-34.0
-282.0,,289.0,-80.0,-234.0,-82.0,339.0,-145.0,65.0,-8.0
-292.0,,254.0,37.0,-197.0,-96.0,336.0,16.0,148.0,5.0
-284.0,,220.0,58.0,-155.0,25.0,342.0,-434.0,227.0,10.0
-253.0,,187.0,51.0,-136.0,129.0,376.0,-225.0,298.0,3.0
-244.0,,179.0,27.0,-143.0,73.0,405.0,-485.0,360.0,-14.0
-253.0,,152.0,-10.0,-162.0,0.0,422.0,-410.0,438.0,-28.0
-251.0,,135.0,-73.0,-136.0,23.0,442.0,-264.0,514.0,-29.0
-227.0,,133.0,-167.0,-70.0,56.0,474.0,-406.0,556.0,-13.0
-212.0,,119.0,-275.0,0.0,20.0,494.0,-83.0,557.0,-14.0
-206.0,,134.0,-373.0,55.0,-32.0,512.0,-402.0,548.0,-11.0
-202.0,,148.0,-423.0,88.0,-20.0,526.0,-216.0,516.0,-30.0
-210.0,,158.0,-447.0,113.0,22.0,556.0,-386.0,459.0,-62.0
-195.0,,183.0,-453.0,107.0,-4.0,577.0,-434.0,381.0,-64.0
-181.0,,183.0,-503.0,77.0,14.0,562.0,-240.0,296.0,-59.0
-191.0,,198.0,-564.0,25.0,54.0,553.0,-546.0,213.0,-32.0
-196.0,,208.0,-550.0,-43.0,22.0,531.0,-216.0,118.0,37.0
-185.0,,222.0,-522.0,-79.0,0.0,536.0,-533.0,39.0,133.0
-178.0,,254.0,-494.0,-37.0,-19.0,540.0,-467.0,-39.0,233.0
-190.0,,269.0,-436.0,73.0,45.0,517.0,-461.0,-91.0,335.0
-199.0,,310.0,-358.0,188.0,110.0,505.0,-650.0,-129.0,443.0
-200.0,,319.0,-240.0,269.0,54.0,493.0,-339.0,-166.0,556.0
-195.0,,317.0,-110.0,298.0,53.0,481.0,-628.0,-157.0,655.0
-190.0,,343.0,-54.0,281.0,64.0,456.0,-354.0,-126.0,736.0
-190.0,,340.0,-31.0,224.0,33.0,464.0,-491.0,-76.0,763.0
-174.0,,335.0,-10.0,130.0,24.0,470.0,-480.0,0.0,743.0
-119.0,,333.0,-10.0,31.0,-20.0,437.0,-341.0,80.0,714.0
-52.0,,317.0,-60.0,-57.0,50.0,428.0,-642.0,136.0,663.0
-5.0,,287.0,-162.0,-112.0,124.0,437.0,-360.0,181.0,566.0
43.0,,262.0,-278.0,-125.0,6.0,420.0,-700.0,229.0,450.0
114.0,,219.0,-432.0,-101.0,-11.0,416.0,-591.0,273.0,340.0
150.0,,182.0,-589.0,-44.0,66.0,430.0,-600.0,326.0,211.0
136.0,,154.0,-705.0,3.0,78.0,438.0,-731.0,372.0,86.0
141.0,,112.0,-785.0,39.0,71.0,439.0,-448.0,398.0,-44.0
188.0,,98.0,-846.0,77.0,16.0,424.0,-731.0,400.0,-194.0
217.0,,67.0,-905.0,105.0,19.0,444.0,-443.0,391.0,-302.0
199.0,,49.0,-913.0,138.0,89.0,467.0,-600.0,363.0,-329.0
183.0,,50.0,-867.0,181.0,25.0,446.0,-569.0,302.0,-304.0
196.0,,46.0,-807.0,221.0,-14.0,422.0,-484.0,242.0,-232.0
231.0,,47.0,-725.0,256.0,70.0,429.0,-801.0,184.0,-117.0
246.0,,22.0,-621.0,265.0,108.0,427.0,-550.0,137.0,18.0
238.0,,8.0,-522.0,226.0,118.0,400.0,-864.0,106.0,163.0
265.0,,7.0,-428.0,153.0,96.0,398.0,-641.0,81.0,278.0
315.0,,-21.0,-315.0,79.0,22.0,388.0,-685.0,66.0,406.0
348.0,,-10.0,-225.0,28.0,41.0,395.0,-820.0,57.0,513.0
363.0,,28.0,-166.0,8.0,106.0,411.0,-641.0,30.0,565.0
394.0,,31.0,-138.0,5.0,89.0,416.0,-1034.0,9.0,585.0
443.0,,79.0,-169.0,0.0,151.0,454.0,-691.0,7.0,545.0
462.0,,118.0,-227.0,-41.0,202.0,464.0,-835.0,10.0,464.0
483.0,,118.0,-317.0,-114.0,179.0,467.0,-698.0,21.0,338.0
528.0,,147.0,-427.0,-177.0,181.0,483.0,-572.0,38.0,212.0
563.0,,145.0,-501.0,-195.0,129.0,452.0,-820.0,66.0,106.0
557.0,,141.0,-547.0,-167.0,174.0,383.0,-497.0,87.0,20.0
547.0,,133.0,-573.0,-123.0,173.0,310.0,-796.0,92.0,-21.0
547.0,,109.0,-614.0,-84.0,84.0,248.0,-589.0,82.0,-58.0
522.0,,109.0,-650.0,-78.0,131.0,213.0,-740.0,55.0,-67.0
488.0,,104.0,-618.0,-104.0,98.0,191.0,-835.0,17.0,-40.0
470.0,,93.0,-570.0,-109.0,54.0,161.0,-661.0,-21.0,-2.0
472.0,,116.0,-557.0,-70.0,68.0,190.0,-960.0,-48.0,38.0
433.0,,163.0,-542.0,0.0,0.0,213.0,-609.0,-60.0,62.0
363.0,,199.0,-495.0,87.0,0.0,194.0,-872.0,-71.0,97.0
316.0,,252.0,-442.0,170.0,35.0,212.0,-739.0,-79.0,153.0
278.0,,309.0,-384.0,219.0,-23.0,229.0,-726.0,-80.0,181.0
228.0,,365.0,-307.0,261.0,-29.0,236.0,-933.0,-81.0,209.0
183.0,,418.0,-243.0,304.0,25.0,249.0,-593.0,-81.0,221.0
152.0,,443.0,-186.0,297.0,17.0,269.0,-846.0,-58.0,182.0
137.0,,472.0,-128.0,223.0,-47.0,276.0,-515.0,-28.0,116.0
139.0,,479.0,-114.0,113.0,-174.0,285.0,-611.0,-12.0,14.0
155.0,,459.0,-115.0,5.0,-198.0,283.0,-578.0,16.0,-69.0
179.0,,436.0,-128.0,-115.0,-102.0,248.0,-426.0,20.0,-157.0
208.0,,386.0,-168.0,-295.0,-100.0,253.0,-722.0,5.0,-270.0
227.0,,349.0,-196.0,-505.0,-148.0,239.0,-480.0,-1.0,-342.0
209.0,,314.0,-251.0,-649.0,-133.0,192.0,-862.0,-27.0,-358.0
179.0,,253.0,-320.0,-666.0,-85.0,163.0,-702.0,-65.0,-327.0
164.0,,222.0,-346.0,-552.0,-62.0,154.0,-722.0,-91.0,-265.0
142.0,,199.0,-349.0,-350.0,-85.0,162.0,-818.0,-80.0,-171.0
82.0,,181.0,-346.0,-150.0,-121.0,174.0,-502.0,-68.0,-94.0
26.0,,192.0,-329.0,0.0,-102.0,172.0,-785.0,-75.0,-15.0
15.0,,187.0,-297.0,106.0,-143.0,172.0,-448.0,-62.0,67.0
5.0,,189.0,-268.0,194.0,-210.0,174.0,-631.0,-33.0,79.0
-23.0,,193.0,-262.0,251.0,-182.0,160.0,-561.0,-10.0,81.0
-53.0,,178.0,-299.0,247.0,-156.0,165.0,-413.0,17.0,48.0
-51.0,,164.0,-355.0,198.0,-134.0,173.0,-626.0,57.0,-33.0
-16.0,,136.0,-394.0,150.0,-168.0,187.0,-295.0,98.0,-128.0
-9.0,,113.0,-460.0,120.0,-170.0,215.0,-587.0,157.0,-269.0
-27.0,,78.0,-533.0,87.0,-114.0,230.0,-349.0,217.0,-405.0
-30.0,,50.0,-581.0,24.0,-125.0,232.0,-461.0,283.0,-506.0
-23.0,,25.0,-613.0,-40.0,-173.0,208.0,-650.0,345.0,-580.0
-18.0,,8.0,-615.0,-62.0,-203.0,195.0,-484.0,382.0,-634.0
-22.0,,-6.0,-589.0,-60.0,-214.0,217.0,-809.0,419.0,-640.0
-1.0,,-35.0,-543.0,-58.0,-219.0,218.0,-532.0,438.0,-631.0
77.0,,-66.0,-497.0,-32.0,-189.0,180.0,-750.0,424.0,-604.0
162.0,,-108.0,-404.0,18.0,-173.0,157.0,-622.0,394.0,-518.0
229.0,,-123.0,-266.0,68.0,-112.0,124.0,-550.0,342.0,-475.0
325.0,,-182.0,-160.0,103.0,-132.0,56.0,-729.0,260.0,-445.0
439.0,,-219.0,-51.0,123.0,-238.0,11.0,-434.0,161.0,-452.0
515.0,,-234.0,31.0,84.0,-206.0,9.0,-705.0,40.0,-484.0
563.0,,-270.0,71.0,-4.0,-158.0,6.0,-389.0,-78.0,-505.0
601.0,,-268.0,89.0,-63.0,-156.0,-9.0,-482.0,-174.0,-538.0
622.0,,-281.0,69.0,-60.0,-198.0,-10.0,-572.0,-258.0,-520.0
628.0,,-273.0,24.0,-23.0,-236.0,6.0,-467.0,-313.0,-483.0
617.0,,-273.0,-35.0,16.0,-220.0,26.0,-805.0,-345.0,-376.0
608.0,,-288.0,-100.0,46.0,-221.0,45.0,-509.0,-360.0,-261.0
611.0,,-294.0,-197.0,74.0,-239.0,67.0,-744.0,-360.0,-136.0
614.0,,-296.0,-315.0,110.0,-227.0,50.0,-602.0,-355.0,-8.0
620.0,,-287.0,-430.0,130.0,-261.0,-26.0,-558.0,-337.0,50.0
632.0,,-289.0,-564.0,79.0,-327.0,-99.0,-718.0,-311.0,175.0
636.0,,-275.0,-678.0,-44.0,-352.0,-134.0,-437.0,-294.0,268.0
626.0,,-253.0,-738.0,-195.0,-378.0,-132.0,-711.0,-273.0,339.0
602.0,,-219.0,-747.0,-315.0,-343.0,-129.0,-367.0,-253.0,453.0
575.0,,-188.0,-699.0,-368.0,-313.0,-161.0,-441.0,-244.0,548.0
560.0,,-155.0,-632.0,-356.0,-374.0,-173.0,-386.0,-245.0,665.0
536.0,,-107.0,-532.0,-281.0,-406.0,-151.0,-197.0,-262.0,771.0
502.0,,-84.0,-423.0,-179.0,-383.0,-138.0,-533.0,-281.0,844.0
469.0,,-58.0,-344.0,-62.0,-375.0,-185.0,-328.0,-290.0,912.0
445.0,,-38.0,-240.0,80.0,-397.0,-226.0,-678.0,-271.0,957.0
440.0,,-52.0,-144.0,217.0,-440.0,-233.0,-558.0,-248.0,970.0
413.0,,-36.0,-64.0,339.0,-405.0,-250.0,-611.0,-201.0,946.0
400.0,,-47.0,24.0,433.0,-311.0,-224.0,-748.0,-127.0,857.0
431.0,,-76.0,93.0,490.0,-392.0,-224.0,-476.0,-55.0,718.0
451.0,,-66.0,141.0,501.0,-436.0,-245.0,-779.0,27.0,560.0
447.0,,-120.0,179.0,455.0,-338.0,-263.0,-489.0,112.0,397.0
452.0,,-169.0,214.0,379.0,-351.0,-327.0,-692.0,213.0,234.0
460.0,,-191.0,224.0,298.0,-396.0,-345.0,-626.0,306.0,97.0
433.0,,-253.0,213.0,244.0,-410.0,-358.0,-461.0,390.0,-38.0
378.0,,-277.0,217.0,218.0,-379.0,-391.0,-696.0,473.0,-161.0
323.0,,-317.0,250.0,188.0,-313.0,-411.0,-382.0,532.0,-245.0
271.0,,-364.0,302.0,141.0,-347.0,-418.0,-635.0,578.0,-308.0
197.0,,-373.0,316.0,87.0,-349.0,-426.0,-421.0,620.0,-337.0
139.0,,-405.0,256.0,21.0,-296.0,-437.0,-526.0,653.0,-378.0
104.0,,-422.0,196.0,-39.0,-370.0,-422.0,-639.0,643.0,-406.0
82.0,,-422.0,135.0,-58.0,-411.0,-430.0,-450.0,606.0,-392.0
58.0,,-422.0,57.0,-44.0,-440.0,-461.0,-787.0,551.0,-372.0
9.0,,-413.0,-31.0,-26.0,-482.0,-515.0,-467.0,464.0,-337.0
-24.0,,-392.0,-185.0,-21.0,-409.0,-548.0,-665.0,378.0,-326.0
-52.0,,-366.0,-313.0,-27.0,-397.0,-555.0,-548.0,290.0,-329.0
-50.0,,-321.0,-366.0,-48.0,-443.0,-560.0,-498.0,205.0,-318.0
-54.0,,-281.0,-384.0,-90.0,-399.0,-553.0,-761.0,128.0,-284.0
-61.0,,-246.0,-385.0,-118.0,-377.0,-533.0,-469.0,83.0,-215.0
-40.0,,-197.0,-386.0,-116.0,-384.0,-514.0,-742.0,62.0,-155.0
-30.0,,-181.0,-339.0,-89.0,-371.0,-524.0,-437.0,66.0,-98.0
-23.0,,-127.0,-243.0,-52.0,-396.0,-518.0,-465.0,116.0,-65.0
-14.0,,-86.0,-115.0,-8.0,-377.0,-519.0,-448.0,174.0,-27.0
17.0,,-74.0,-3.0,30.0,-415.0,-534.0,-256.0,259.0,1.0
60.0,,-13.0,96.0,34.0,-522.0,-550.0,-609.0,361.0,-42.0
126.0,,10.0,213.0,16.0,-502.0,-565.0,-376.0,457.0,-90.0
219.0,,10.0,292.0,-14.0,-453.0,-573.0,-679.0,544.0,-156.0
287.0,,28.0,333.0,-45.0,-467.0,-581.0,-583.0,617.0,-252.0
347.0,,39.0,335.0,-42.0,-542.0,-571.0,-556.0,704.0,-341.0
420.0,,54.0,288.0,-19.0,-583.0,-571.0,-655.0,780.0,-428.0
473.0,,67.0,204.0,-10.0,-514.0,-574.0,-308.0,838.0,-542.0
490.0,,79.0,142.0,-9.0,-486.0,-556.0,-607.0,867.0,-591.0
505.0,,86.0,107.0,-17.0,-542.0,-511.0,-343.0,857.0,-576.0
534.0,,68.0,35.0,-46.0,-542.0,-487.0,-456.0,827.0,-539.0
568.0,,47.0,-36.0,-73.0,-513.0,-509.0,-421.0,775.0,-454.0
562.0,,30.0,-130.0,-81.0,-551.0,-537.0,-260.0,697.0,-368.0
534.0,,11.0,-224.0,-83.0,-553.0,-548.0,-508.0,616.0,-290.0
532.0,,0.0,-287.0,-93.0,-536.0,-533.0,-151.0,539.0,-197.0
512.0,,-19.0,-370.0,-97.0,-519.0,-520.0,-439.0,466.0,-78.0
464.0,,-53.0,-456.0,-88.0,-527.0,-518.0,-327.0,391.0,-22.0
454.0,,-72.0,-522.0,-63.0,-584.0,-517.0,-397.0,323.0,0.0
520.0,,-116.0,-557.0,-6.0,-532.0,-518.0,-558.0,246.0,17.0
600.0,,-168.0,-561.0,40.0,-477.0,-503.0,-266.0,135.0,39.0
634.0,,-192.0,-533.0,47.0,-508.0,-473.0,-530.0,15.0,72.0
660.0,,-236.0,-484.0,29.0,-558.0,-461.0,-181.0,-121.0,74.0
705.0,,-259.0,-429.0,-16.0,-602.0,-475.0,-275.0,-243.0,108.0
745.0,,-258.0,-370.0,-61.0,-560.0,-469.0,-186.0,-332.0,167.0
740.0,,-269.0,-311.0,-85.0,-516.0,-422.0,-72.0,-387.0,248.0
716.0,,-246.0,-263.0,-86.0,-559.0,-398.0,-325.0,-391.0,336.0
724.0,,-228.0,-213.0,-68.0,-594.0,-382.0,-12.0,-377.0,444.0
715.0,,-226.0,-176.0,-61.0,-547.0,-369.0,-323.0,-328.0,523.0
677.0,,-211.0,-128.0,-55.0,-539.0,-368.0,-70.0,-254.0,565.0
645.0,,-210.0,-64.0,-34.0,-552.0,-365.0,-42.0,-181.0,584.0
606.0,,-208.0,-34.0,-24.0,-506.0,-379.0,-83.0,-109.0,521.0
521.0,,-193.0,-30.0,-43.0,-478.0,-355.0,194.0,-62.0,419.0
401.0,,-205.0,-35.0,-77.0,-450.0,-325.0,-118.0,-42.0,291.0
318.0,,-204.0,-62.0,-103.0,-489.0,-318.0,182.0,-47.0,171.0
287.0,,-190.0,-143.0,-128.0,-557.0,-317.0,-18.0,-70.0,68.0
259.0,,-194.0,-245.0,-157.0,-520.0,-356.0,96.0,-117.0,1.0
193.0,,-176.0,-330.0,-189.0,-467.0,-399.0,151.0,-193.0,-42.0
139.0,,-169.0,-402.0,-225.0,-428.0,-426.0,-110.0,-264.0,-21.0
123.0,,-161.0,-454.0,-280.0,-436.0,-426.0,212.0,-322.0,59.0
99.0,,-150.0,-492.0,-332.0,-425.0,-410.0,-51.0,-365.0,109.0
34.0,,-171.0,-509.0,-377.0,-371.0,-413.0,303.0,-383.0,165.0
-20.0,,-178.0,-514.0,-408.0,-438.0,-363.0,254.0,-361.0,192.0
-21.0,,-189.0,-518.0,-395.0,-460.0,-297.0,158.0,-304.0,212.0
-24.0,,-234.0,-491.0,-354.0,-375.0,-285.0,314.0,-246.0,233.0
-27.0,,-270.0,-428.0,-298.0,-313.0,-282.0,24.0,-179.0,217.0
0.0,,-307.0,-363.0,-243.0,-311.0,-310.0,388.0,-124.0,211.0
60.0,,-356.0,-315.0,-178.0,-365.0,-321.0,173.0,-87.0,180.0
117.0,,-395.0,-261.0,-98.0,-373.0,-305.0,338.0,-59.0,121.0
165.0,,-426.0,-187.0,-27.0,-369.0,-324.0,367.0,-67.0,113.0
206.0,,-443.0,-100.0,54.0,-368.0,-330.0,245.0,-77.0,104.0
220.0,,-437.0,-21.0,135.0,-340.0,-319.0,606.0,-86.0,97.0
241.0,,-440.0,29.0,186.0,-323.0,-320.0,299.0,-94.0,117.0
253.0,,-452.0,95.0,199.0,-338.0,-297.0,528.0,-79.0,129.0
231.0,,-453.0,157.0,192.0,-329.0,-269.0,317.0,-53.0,161.0
186.0,,-477.0,192.0,186.0,-271.0,-246.0,293.0,-4.0,185.0
156.0,,-498.0,211.0,189.0,-256.0,-220.0,450.0,64.0,168.0
129.0,,-511.0,215.0,186.0,-277.0,-214.0,205.0,161.0,126.0
93.0,,-534.0,240.0,184.0,-278.0,-233.0,554.0,276.0,64.0
97.0,,-546.0,286.0,216.0,-255.0,-266.0,306.0,395.0,-22.0
121.0,,-557.0,355.0,259.0,-228.0,-275.0,489.0,511.0,-84.0
130.0,,-555.0,438.0,271.0,-241.0,-302.0,448.0,610.0,-140.0
138.0,,-565.0,501.0,245.0,-245.0,-300.0,299.0,671.0,-184.0
162.0,,-577.0,538.0,193.0,-199.0,-255.0,565.0,706.0,-207.0
174.0,,-566.0,550.0,131.0,-173.0,-253.0,317.0,734.0,-244.0
156.0,,-557.0,532.0,86.0,-160.0,-252.0,707.0,741.0,-266.0
131.0,,-555.0,482.0,59.0,-185.0,-265.0,561.0,719.0,-337.0
128.0,,-553.0,418.0,28.0,-257.0,-296.0,526.0,676.0,-428.0
140.0,,-545.0,354.0,40.0,-298.0,-305.0,546.0,616.0,-544.0
128.0,,-543.0,289.0,94.0,-288.0,-294.0,258.0,534.0,-693.0
110.0,,-559.0,252.0,146.0,-219.0,-282.0,618.0,439.0,-812.0
137.0,,-586.0,238.0,184.0,-209.0,-282.0,426.0,337.0,-927.0
193.0,,-602.0,235.0,194.0,-230.0,-307.0,691.0,231.0,-1017.0
203.0,,-648.0,252.0,174.0,-203.0,-312.0,665.0,118.0,-1084.0
184.0,,-711.0,276.0,132.0,-144.0,-304.0,570.0,-1.0,-1114.0
204.0,,-741.0,288.0,81.0,-102.0,-345.0,840.0,-103.0,-1111.0
229.0,,-795.0,287.0,37.0,-185.0,-349.0,556.0,-191.0,-1095.0
221.0,,-831.0,263.0,-9.0,-208.0,-319.0,862.0,-273.0,-1036.0
179.0,,-862.0,195.0,-42.0,-187.0,-299.0,663.0,-334.0,-957.0
149.0,,-890.0,125.0,-62.0,-176.0,-264.0,722.0,-383.0,-869.0
128.0,,-866.0,56.0,-67.0,-191.0,-236.0,822.0,-416.0,-721.0
86.0,,-853.0,-18.0,-28.0,-265.0,-237.0,611.0,-430.0,-568.0
31.0,,-825.0,-90.0,23.0,-184.0,-247.0,916.0,-448.0,-429.0
-26.0,,-774.0,-174.0,83.0,-139.0,-239.0,665.0,-456.0,-277.0
-37.0,,-722.0,-236.0,131.0,-147.0,-219.0,973.0,-445.0,-162.0
-33.0,,-661.0,-256.0,135.0,-104.0,-210.0,883.0,-433.0,-52.0
-58.0,,-581.0,-249.0,97.0,-143.0,-250.0,792.0,-431.0,28.0
-81.0,,-494.0,-259.0,19.0,-152.0,-324.0,988.0,-408.0,89.0
-69.0,,-419.0,-281.0,-57.0,-171.0,-373.0,624.0,-364.0,164.0
-32.0,,-316.0,-260.0,-119.0,-192.0,-375.0,873.0,-326.0,224.0
-28.0,,-233.0,-173.0,-145.0,-79.0,-344.0,572.0,-277.0,294.0
-46.0,,-155.0,-107.0,-120.0,-45.0,-314.0,654.0,-224.0,348.0
-48.0,,-85.0,-86.0,-58.0,-125.0,-301.0,753.0,-166.0,390.0
-45.0,,-31.0,-21.0,31.0,-166.0,-296.0,646.0,-109.0,446.0
-68.0,,30.0,41.0,125.0,-148.0,-291.0,1001.0,-64.0,531.0
-116.0,,32.0,41.0,210.0,-47.0,-285.0,700.0,-24.0,612.0
-152.0,,40.0,35.0,255.0,-41.0,-272.0,916.0,23.0,684.0
-179.0,,48.0,79.0,240.0,-53.0,-258.0,726.0,66.0,747.0
-217.0,,0.0,140.0,170.0,16.0,-243.0,707.0,88.0,736.0
-266.0,,-41.0,176.0,77.0,56.0,-233.0,966.0,95.0,737.0
-306.0,,-94.0,224.0,-7.0,44.0,-246.0,729.0,82.0,748.0
-342.0,,-168.0,283.0,-76.0,26.0,-266.0,1029.0,76.0,691.0
-393.0,,-229.0,352.0,-132.0,116.0,-306.0,720.0,62.0,658.0
-436.0,,-309.0,426.0,-171.0,186.0,-328.0,838.0,52.0,656.0
-473.0,,-370.0,506.0,-191.0,188.0,-323.0,872.0,54.0,597.0
-528.0,,-403.0,584.0,-214.0,194.0,-337.0,761.0,51.0,549.0
-567.0,,-458.0,603.0,-228.0,226.0,-336.0,1110.0,54.0,490.0
-585.0,,-486.0,577.0,-248.0,247.0,-319.0,872.0,46.0,416.0
-606.0,,-492.0,515.0,-294.0,192.0,-327.0,1202.0,29.0,382.0
-632.0,,-498.0,447.0,-349.0,224.0,-358.0,1006.0,7.0,319.0
-644.0,,-470.0,393.0,-389.0,327.0,-347.0,970.0,-10.0,283.0
-614.0,,-453.0,313.0,-393.0,377.0,-303.0,1119.0,-34.0,280.0
-585.0,,-429.0,211.0,-363.0,394.0,-234.0,825.0,-79.0,254.0
-571.0,,-368.0,108.0,-313.0,363.0,-166.0,1121.0,-134.0,258.0
-553.0,,-342.0,19.0,-251.0,342.0,-179.0,849.0,-201.0,311.0
-534.0,,-293.0,-40.0,-143.0,394.0,-227.0,1086.0,-271.0,299.0
-511.0,,-229.0,-67.0,8.0,442.0,-235.0,1095.0,-348.0,253.0
-484.0,,-191.0,-76.0,152.0,435.0,-211.0,966.0,-435.0,164.0
-454.0,,-117.0,-66.0,242.0,437.0,-183.0,1186.0,-506.0,28.0
-435.0,,-74.0,-48.0,269.0,492.0,-172.0,857.0,-565.0,-93.0
-378.0,,-32.0,-19.0,235.0,538.0,-202.0,1201.0,-594.0,-217.0
-311.0,,16.0,21.0,145.0,509.0,-186.0,1032.0,-584.0,-282.0
-289.0,,16.0,62.0,35.0,510.0,-145.0,1143.0,-561.0,-371.0
-270.0,,39.0,117.0,-79.0,618.0,-158.0,1278.0,-523.0,-456.0
-222.0,,39.0,189.0,-175.0,659.0,-175.0,1058.0,-454.0,-478.0
-152.0,,25.0,283.0,-236.0,609.0,-179.0,1346.0,-374.0,-443.0
-128.0,,38.0,402.0,-277.0,634.0,-191.0,992.0,-302.0,-376.0
-109.0,,10.0,515.0,-298.0,701.0,-214.0,1171.0,-220.0,-306.0
-63.0,,-18.0,595.0,-280.0,756.0,-204.0,1047.0,-134.0,-213.0
-26.0,,-27.0,636.0,-217.0,735.0,-188.0,971.0,-68.0,-113.0
3.0,,-76.0,642.0,-137.0,687.0,-174.0,1160.0,-8.0,50.0
14.0,,-108.0,619.0,-67.0,759.0,-176.0,846.0,32.0,232.0
30.0,,-132.0,577.0,-44.0,808.0,-180.0,1147.0,63.0,389.0
35.0,,-167.0,518.0,-96.0,804.0,-160.0,875.0,112.0,546.0
27.0,,-157.0,432.0,-189.0,786.0,-172.0,1005.0,151.0,690.0
6.0,,-160.0,345.0,-265.0,786.0,-166.0,1080.0,190.0,737.0
-41.0,,-158.0,261.0,-287.0,847.0,-127.0,903.0,254.0,767.0
-101.0,,-127.0,155.0,-273.0,853.0,-105.0,1228.0,309.0,728.0
-144.0,,-103.0,43.0,-248.0,874.0,-70.0,927.0,341.0,641.0
-172.0,,-82.0,-51.0,-220.0,939.0,-9.0,1188.0,372.0,606.0
-221.0,,-64.0,-123.0,-199.0,953.0,23.0,1080.0,386.0,468.0
-251.0,,-61.0,-171.0,-151.0,929.0,22.0,1080.0,373.0,345.0
-234.0,,-72.0,-169.0,-68.0,955.0,17.0,1252.0,342.0,222.0
-202.0,,-84.0,-100.0,25.0,1035.0,0.0,949.0,286.0,113.0
-204.0,,-126.0,-20.0,109.0,1101.0,-14.0,1199.0,237.0,78.0
-210.0,,-165.0,44.0,165.0,1133.0,-34.0,822.0,195.0,26.0
-201.0,,-206.0,131.0,219.0,1129.0,-56.0,907.0,166.0,-49.0
-209.0,,-247.0,205.0,270.0,1191.0,-57.0,872.0,159.0,-168.0
-243.0,,-260.0,239.0,309.0,1257.0,-45.0,726.0,178.0,-308.0
-284.0,,-295.0,265.0,320.0,1232.0,-36.0,1069.0,208.0,-452.0
-301.0,,-303.0,269.0,295.0,1239.0,-41.0,781.0,239.0,-620.0
-309.0,,-308.0,228.0,249.0,1304.0,-34.0,1012.0,291.0,-836.0
-320.0,,-325.0,160.0,184.0,1309.0,3.0,772.0,338.0,-1066.0
-345.0,,-312.0,99.0,103.0,1266.0,27.0,742.0,385.0,-1209.0
-362.0,,-337.0,31.0,16.0,1261.0,33.0,888.0,441.0,-1224.0
-358.0,,-362.0,-37.0,-53.0,1307.0,42.0,659.0,479.0,-1235.0
-371.0,,-379.0,-110.0,-86.0,1377.0,29.0,986.0,502.0,-1130.0
-404.0,,-436.0,-195.0,-72.0,1343.0,30.0,755.0,513.0,-904.0
-422.0,,-470.0,-281.0,-28.0,1335.0,4.0,999.0,502.0,-711.0
-408.0,,-505.0,-366.0,20.0,1405.0,-42.0,970.0,470.0,-475.0
-423.0,,-564.0,-429.0,70.0,1380.0,-43.0,849.0,433.0,-251.0
-457.0,,-620.0,-496.0,129.0,1361.0,-43.0,1062.0,378.0,-99.0
-472.0,,-666.0,-554.0,205.0,1437.0,4.0,644.0,303.0,54.0
-481.0,,-700.0,-590.0,282.0,1531.0,77.0,857.0,222.0,175.0
-486.0,,-717.0,-611.0,326.0,1581.0,110.0,667.0,140.0,233.0
-501.0,,-716.0,-599.0,325.0,1557.0,129.0,753.0,47.0,314.0
-508.0,,-706.0,-594.0,282.0,1519.0,146.0,892.0,-51.0,358.0
-510.0,,-648.0,-574.0,217.0,1569.0,169.0,630.0,-142.0,385.0
-529.0,,-601.0,-536.0,137.0,1611.0,151.0,849.0,-219.0,417.0
-556.0,,-537.0,-505.0,59.0,1585.0,102.0,506.0,-269.0,391.0
-577.0,,-454.0,-460.0,16.0,1566.0,69.0,707.0,-289.0,324.0
-566.0,,-406.0,-420.0,11.0,1616.0,55.0,639.0,-290.0,240.0
-573.0,,-319.0,-404.0,24.0,1684.0,60.0,559.0,-251.0,165.0
-605.0,,-264.0,-385.0,53.0,1653.0,100.0,781.0,-191.0,107.0
-612.0,,-233.0,-349.0,78.0,1617.0,139.0,437.0,-134.0,59.0
-621.0,,-178.0,-325.0,76.0,1665.0,136.0,722.0,-75.0,-34.0
-616.0,,-151.0,-298.0,51.0,1723.0,160.0,548.0,-24.0,-97.0
-604.0,,-136.0,-286.0,9.0,1750.0,187.0,637.0,30.0,-136.0
-581.0,,-125.0,-294.0,-46.0,1770.0,229.0,663.0,71.0,-202.0
-508.0,,-114.0,-282.0,-112.0,1761.0,274.0,404.0,102.0,-236.0
-431.0,,-112.0,-254.0,-181.0,1817.0,253.0,659.0,137.0,-258.0
-366.0,,-113.0,-228.0,-232.0,1829.0,283.0,312.0,155.0,-284.0
-291.0,,-120.0,-245.0,-232.0,1738.0,337.0,530.0,183.0,-322.0
-205.0,,-133.0,-261.0,-186.0,1742.0,331.0,406.0,209.0,-338.0
-129.0,,-144.0,-236.0,-121.0,1732.0,298.0,317.0,229.0,-314.0
-85.0,,-167.0,-169.0,-37.0,1701.0,275.0,526.0,253.0,-212.0
-57.0,,-187.0,-110.0,56.0,1679.0,247.0,254.0,266.0,-136.0
-18.0,,-206.0,-83.0,126.0,1655.0,205.0,620.0,262.0,-80.0
0.0,,-214.0,-19.0,150.0,1705.0,212.0,412.0,232.0,81.0
-16.0,,-237.0,58.0,122.0,1760.0,191.0,508.0,185.0,171.0
-31.0,,-255.0,117.0,57.0,1800.0,149.0,473.0,125.0,271.0
-34.0,,-261.0,144.0,-6.0,1846.0,138.0,208.0,73.0,382.0
-45.0,,-268.0,176.0,-65.0,1857.0,138.0,463.0,20.0,380.0
-51.0,,-256.0,190.0,-132.0,1819.0,165.0,97.0,-32.0,377.0
-54.0,,-249.0,153.0,-181.0,1771.0,177.0,303.0,-70.0,430.0
-63.0,,-239.0,116.0,-193.0,1700.0,181.0,59.0,-118.0,401.0
-79.0,,-206.0,55.0,-206.0,1709.0,206.0,-36.0,-149.0,329.0
-121.0,,-177.0,7.0,-223.0,1713.0,218.0,157.0,-165.0,336.0
-174.0,,-158.0,-5.0,-214.0,1637.0,219.0,-86.0,-168.0,210.0
-230.0,,-107.0,-5.0,-184.0,1635.0,224.0,297.0,-161.0,160.0
-296.0,,-62.0,13.0,-135.0,1654.0,215.0,60.0,-155.0,107.0
-382.0,,-8.0,21.0,-67.0,1694.0,194.0,190.0,-126.0,-67.0
-466.0,,26.0,12.0,7.0,1665.0,162.0,103.0,-85.0,-114.0
-508.0,,41.0,-25.0,70.0,1591.0,118.0,-140.0,-54.0,-175.0
-534.0,,90.0,-81.0,108.0,1619.0,102.0,118.0,-32.0,-233.0
-564.0,,100.0,-121.0,154.0,1633.0,114.0,-166.0,-17.0,-235.0
-592.0,,126.0,-185.0,205.0,1575.0,137.0,121.0,-4.0,-263.0
-579.0,,157.0,-251.0,236.0,1502.0,122.0,-110.0,-9.0,-284.0
-574.0,,178.0,-287.0,267.0,1468.0,85.0,-133.0,-48.0,-163.0
-604.0,,222.0,-297.0,298.0,1462.0,101.0,-70.0,-78.0,-74.0
-599.0,,252.0,-280.0,306.0,1456.0,130.0,-412.0,-119.0,-14.0
-562.0,,293.0,-278.0,307.0,1417.0,166.0,-142.0,-193.0,53.0
-527.0,,330.0,-266.0,300.0,1400.0,188.0,-426.0,-265.0,20.0
-517.0,,359.0,-271.0,271.0,1435.0,183.0,-179.0,-338.0,7.0
-503.0,,388.0,-304.0,211.0,1443.0,204.0,-210.0,-404.0,-87.0
-449.0,,409.0,-326.0,127.0,1407.0,232.0,-290.0,-477.0,-231.0
-406.0,,422.0,-356.0,45.0,1380.0,281.0,-48.0,-563.0,-376.0
-373.0,,441.0,-394.0,-31.0,1393.0,289.0,-402.0,-653.0,-562.0
-320.0,,444.0,-417.0,-108.0,1385.0,275.0,-158.0,-730.0,-707.0
-257.0,,418.0,-420.0,-172.0,1309.0,262.0,-445.0,-804.0,-757.0
-180.0,,414.0,-422.0,-200.0,1265.0,235.0,-371.0,-847.0,-823.0
-130.0,,391.0,-414.0,-196.0,1289.0,269.0,-338.0,-863.0,-911.0
-94.0,,351.0,-408.0,-186.0,1254.0,301.0,-642.0,-873.0,-941.0
-49.0,,342.0,-425.0,-165.0,1215.0,291.0,-339.0,-872.0,-960.0
-19.0,,314.0,-418.0,-111.0,1235.0,234.0,-628.0,-872.0,-970.0
-11.0,,298.0,-416.0,-32.0,1209.0,193.0,-371.0,-850.0,-986.0
-39.0,,306.0,-458.0,58.0,1168.0,185.0,-452.0,-817.0,-983.0
-58.0,,294.0,-496.0,144.0,1156.0,161.0,-545.0,-783.0,-946.0
-81.0,,298.0,-529.0,199.0,1118.0,147.0,-365.0,-756.0,-879.0
-140.0,,307.0,-596.0,210.0,1123.0,123.0,-641.0,-711.0,-849.0
-201.0,,296.0,-688.0,173.0,1093.0,113.0,-299.0,-622.0,-776.0
-243.0,,309.0,-750.0,69.0,1007.0,93.0,-500.0,-503.0,-642.0
-257.0,,311.0,-773.0,-80.0,1043.0,53.0,-334.0,-363.0,-572.0
-300.0,,305.0,-788.0,-218.0,1084.0,23.0,-262.0,-213.0,-558.0
-359.0,,327.0,-785.0,-285.0,1085.0,7.0,-476.0,-63.0,-525.0
-372.0,,329.0,-762.0,-274.0,1050.0,25.0,-238.0,57.0,-506.0
-378.0,,345.0,-731.0,-208.0,1014.0,25.0,-624.0,159.0,-536.0
-399.0,,359.0,-679.0,-113.0,1055.0,28.0,-404.0,224.0,-556.0
-424.0,,338.0,-607.0,-37.0,1012.0,37.0,-482.0,242.0,-584.0
-414.0,,335.0,-529.0,25.0,928.0,42.0,-471.0,234.0,-534.0
-364.0,,305.0,-458.0,93.0,917.0,43.0,-256.0,179.0,-512.0
-345.0,,271.0,-395.0,175.0,920.0,44.0,-539.0,99.0,-487.0
-326.0,,247.0,-335.0,254.0,910.0,67.0,-297.0,8.0,-402.0
-265.0,,191.0,-339.0,285.0,879.0,56.0,-611.0,-91.0,-358.0
-226.0,,174.0,-370.0,283.0,807.0,51.0,-484.0,-181.0,-297.0
-205.0,,155.0,-370.0,274.0,794.0,67.0,-489.0,-261.0,-285.0
-185.0,,110.0,-392.0,287.0,819.0,60.0,-670.0,-306.0,-276.0
-195.0,,116.0,-417.0,313.0,734.0,70.0,-380.0,-331.0,-232.0
-213.0,,109.0,-405.0,328.0,667.0,66.0,-687.0,-334.0,-200.0
-221.0,,95.0,-371.0,333.0,677.0,39.0,-384.0,-322.0,-207.0
-240.0,,116.0,-352.0,328.0,699.0,17.0,-535.0,-286.0,-148.0
-268.0,,122.0,-314.0,320.0,690.0,-1.0,-574.0,-232.0,-67.0
-277.0,,166.0,-219.0,292.0,644.0,0.0,-456.0,-176.0,-17.0
-267.0,,221.0,-121.0,239.0,671.0,0.0,-766.0,-95.0,89.0
-271.0,,277.0,-40.0,177.0,686.0,-4.0,-443.0,-3.0,145.0
-291.0,,344.0,52.0,129.0,619.0,-7.0,-644.0,84.0,197.0
-313.0,,399.0,155.0,79.0,563.0,-9.0,-402.0,164.0,250.0
-320.0,,475.0,221.0,17.0,581.0,-1.0,-415.0,226.0,195.0
-361.0,,526.0,225.0,-44.0,573.0,32.0,-563.0,274.0,115.0
-417.0,,567.0,186.0,-93.0,510.0,77.0,-321.0,306.0,101.0
-430.0,,598.0,102.0,-112.0,521.0,76.0,-648.0,334.0,31.0
-458.0,,626.0,-41.0,-126.0,537.0,50.0,-328.0,354.0,-34.0
-523.0,,626.0,-228.0,-142.0,573.0,67.0,-478.0,364.0,-12.0
-567.0,,612.0,-410.0,-142.0,541.0,82.0,-437.0,387.0,-3.0
-590.0,,606.0,-579.0,-97.0,424.0,57.0,-391.0,407.0,-1.0
-606.0,,570.0,-696.0,-27.0,449.0,18.0,-670.0,391.0,-4.0
-621.0,,553.0,-749.0,29.0,494.0,-22.0,-375.0,359.0,-26.0
-646.0,,505.0,-771.0,74.0,445.0,-34.0,-696.0,330.0,-65.0
-658.0,,463.0,-727.0,113.0,348.0,-46.0,-478.0,288.0,-93.0
-655.0,,445.0,-633.0,144.0,333.0,-43.0,-563.0,226.0,-140.0
-623.0,,398.0,-526.0,136.0,424.0,-24.0,-681.0,167.0,-201.0
-580.0,,359.0,-419.0,99.0,411.0,-29.0,-458.0,119.0,-269.0
-547.0,,345.0,-298.0,66.0,310.0,-53.0,-766.0,94.0,-320.0
-488.0,,338.0,-163.0,46.0,292.0,-81.0,-443.0,75.0,-273.0
-408.0,,306.0,-92.0,37.0,319.0,-65.0,-650.0,65.0,-155.0
-330.0,,283.0,-86.0,25.0,255.0,-49.0,-572.0,79.0,-25.0
-260.0,,263.0,-100.0,-1.0,176.0,-43.0,-519.0,74.0,95.0
-192.0,,249.0,-155.0,-63.0,215.0,-76.0,-722.0,81.0,270.0
-146.0,,239.0,-273.0,-142.0,287.0,-103.0,-391.0,58.0,445.0
-120.0,,237.0,-395.0,-199.0,269.0,-99.0,-672.0,-3.0,635.0
-119.0,,234.0,-536.0,-211.0,206.0,-118.0,-450.0,-65.0,770.0
-128.0,,231.0,-686.0,-194.0,210.0,-123.0,-607.0,-129.0,828.0
-151.0,,233.0,-802.0,-164.0,213.0,-149.0,-648.0,-184.0,899.0
-180.0,,223.0,-892.0,-136.0,126.0,-166.0,-434.0,-245.0,875.0
-199.0,,211.0,-920.0,-114.0,35.0,-160.0,-781.0,-287.0,834.0
-233.0,,179.0,-934.0,-93.0,-8.0,-180.0,-515.0,-312.0,733.0
-272.0,,149.0,-958.0,-88.0,-16.0,-162.0,-792.0,-322.0,617.0
-355.0,,86.0,-963.0,-88.0,-35.0,-130.0,-694.0,-327.0,478.0
-447.0,,14.0,-941.0,-87.0,-123.0,-143.0,-665.0,-322.0,301.0
-523.0,,-40.0,-897.0,-74.0,-171.0,-134.0,-816.0,-303.0,180.0
-621.0,,-123.0,-847.0,-51.0,-150.0,-135.0,-532.0,-291.0,35.0
-709.0,,-178.0,-773.0,-26.0,-172.0,-171.0,-831.0,-259.0,-69.0
-764.0,,-242.0,-671.0,13.0,-235.0,-170.0,-513.0,-231.0,-177.0
-759.0,,-300.0,-558.0,46.0,-277.0,-152.0,-626.0,-188.0,-244.0
-729.0,,-323.0,-445.0,69.0,-250.0,-148.0,-631.0,-118.0,-324.0
-678.0,,-365.0,-378.0,88.0,-262.0,-186.0,-532.0,-45.0,-407.0
-615.0,,-386.0,-358.0,110.0,-367.0,-213.0,-892.0,25.0,-429.0
-551.0,,-405.0,-335.0,107.0,-399.0,-241.0,-569.0,98.0,-422.0
-475.0,,-432.0,-376.0,51.0,-392.0,-252.0,-783.0,178.0,-358.0
-423.0,,-447.0,-456.0,-29.0,-465.0,-225.0,-567.0,218.0,-331.0
-386.0,,-485.0,-511.0,-126.0,-579.0,-217.0,-582.0,225.0,-243.0
-326.0,,-501.0,-568.0,-207.0,-621.0,-218.0,-798.0,223.0,-153.0
-258.0,,-505.0,-633.0,-245.0,-573.0,-219.0,-613.0,191.0,-55.0
-214.0,,-520.0,-698.0,-231.0,-597.0,-205.0,-984.0,140.0,78.0
-173.0,,-504.0,-726.0,-167.0,-727.0,-217.0,-726.0,64.0,123.0
-124.0,,-471.0,-758.0,-82.0,-768.0,-219.0,-840.0,-19.0,125.0
-50.0,,-415.0,-779.0,-12.0,-721.0,-213.0,-757.0,-81.0,134.0
6.0,,-370.0,-757.0,25.0,-724.0,-213.0,-648.0,-139.0,104.0
15.0,,-310.0,-720.0,46.0,-782.0,-201.0,-899.0,-188.0,48.0
51.0,,-220.0,-659.0,49.0,-867.0,-199.0,-570.0,-204.0,58.0
116.0,,-161.0,-589.0,40.0,-920.0,-174.0,-864.0,-208.0,-26.0
166.0,,-89.0,-484.0,29.0,-932.0,-168.0,-731.0,-220.0,-111.0
192.0,,-6.0,-346.0,6.0,-993.0,-165.0,-851.0,-219.0,-152.0
197.0,,48.0,-239.0,-36.0,-1020.0,-145.0,-975.0,-184.0,-249.0
225.0,,102.0,-173.0,-82.0,-993.0,-110.0,-755.0,-129.0,-316.0
264.0,,153.0,-149.0,-128.0,-989.0,-65.0,-1056.0,-50.0,-386.0
269.0,,178.0,-141.0,-167.0,-997.0,-24.0,-726.0,42.0,-458.0
253.0,,198.0,-127.0,-175.0,-1095.0,15.0,-914.0,146.0,-531.0
254.0,,196.0,-132.0,-151.0,-1100.0,20.0,-814.0,264.0,-603.0
268.0,,165.0,-130.0,-107.0,-1043.0,26.0,-733.0,368.0,-647.0
245.0,,130.0,-141.0,-67.0,-1137.0,5.0,-955.0,463.0,-650.0
197.0,,79.0,-182.0,-25.0,-1172.0,-10.0,-668.0,532.0,-652.0
130.0,,14.0,-234.0,35.0,-1133.0,-10.0,-1010.0,572.0,-603.0
120.0,,-39.0,-306.0,129.0,-1135.0,-21.0,-805.0,590.0,-504.0
126.0,,-102.0,-355.0,258.0,-1168.0,-17.0,-914.0,585.0,-443.0
76.0,,-158.0,-387.0,381.0,-1217.0,-42.0,-927.0,564.0,-346.0
44.0,,-194.0,-415.0,453.0,-1210.0,-42.0,-711.0,540.0,-248.0
7.0,,-245.0,-449.0,443.0,-1157.0,-31.0,-997.0,513.0,-216.0
-17.0,,-268.0,-503.0,364.0,-1185.0,-34.0,-727.0,497.0,-141.0
-35.0,,-291.0,-531.0,254.0,-1222.0,-20.0,-1079.0,494.0,-95.0
-71.0,,-309.0,-565.0,143.0,-1181.0,-5.0,-964.0,469.0,-48.0
-94.0,,-306.0,-615.0,46.0,-1166.0,-18.0,-912.0,461.0,64.0
-89.0,,-324.0,-633.0,-37.0,-1178.0,-24.0,-1064.0,455.0,109.0
-84.0,,-304.0,-659.0,-79.0,-1185.0,7.0,-724.0,436.0,176.0
-96.0,,-295.0,-704.0,-65.0,-1197.0,3.0,-988.0,410.0,244.0
-94.0,,-283.0,-726.0,-41.0,-1230.0,-43.0,-737.0,357.0,285.0
-100.0,,-245.0,-736.0,-20.0,-1276.0,-100.0,-934.0,297.0,348.0
-80.0,,-228.0,-754.0,5.0,-1333.0,-113.0,-947.0,223.0,370.0
-46.0,,-203.0,-765.0,11.0,-1274.0,-124.0,-790.0,143.0,385.0
-15.0,,-167.0,-771.0,0.0,-1224.0,-148.0,-1019.0,75.0,394.0
23.0,,-142.0,-795.0,-23.0,-1326.0,-146.0,-659.0,14.0,379.0
44.0,,-112.0,-841.0,-48.0,-1343.0,-137.0,-912.0,-58.0,331.0
86.0,,-58.0,-873.0,-66.0,-1333.0,-122.0,-744.0,-124.0,247.0
130.0,,-41.0,-893.0,-77.0,-1286.0,-126.0,-805.0,-191.0,186.0
128.0,,5.0,-905.0,-66.0,-1258.0,-121.0,-958.0,-261.0,124.0
106.0,,50.0,-872.0,-49.0,-1337.0,-132.0,-764.0,-300.0,33.0
97.0,,48.0,-829.0,-25.0,-1320.0,-132.0,-1182.0,-325.0,-48.0
81.0,,83.0,-759.0,-12.0,-1268.0,-119.0,-951.0,-348.0,-87.0
45.0,,82.0,-647.0,-24.0,-1305.0,-135.0,-1101.0,-363.0,-108.0
3.0,,75.0,-544.0,-52.0,-1341.0,-154.0,-923.0,-361.0,-148.0
-68.0,,79.0,-451.0,-81.0,-1319.0,-182.0,-624.0,-360.0,-188.0
-133.0,,85.0,-329.0,-74.0,-1269.0,-196.0,-757.0,-342.0,-237.0
-166.0,,86.0,-204.0,-18.0,-1246.0,-199.0,-460.0,-306.0,-261.0
-224.0,,76.0,-108.0,85.0,-1293.0,-209.0,-818.0,-273.0,-254.0
-274.0,,91.0,-46.0,191.0,-1245.0,-233.0,-655.0,-247.0,-231.0
-302.0,,85.0,-33.0,238.0,-1161.0,-246.0,-718.0,-241.0,-194.0
-323.0,,78.0,-27.0,195.0,-1169.0,-225.0,-861.0,-236.0,-108.0
-330.0,,66.0,-38.0,84.0,-1192.0,-228.0,-626.0,-239.0,-33.0
-365.0,,49.0,-96.0,-34.0,-1229.0,-247.0,-899.0,-235.0,3.0
-364.0,,21.0,-142.0,-111.0,-1165.0,-250.0,-613.0,-242.0,66.0
-316.0,,-19.0,-194.0,-138.0,-1095.0,-275.0,-849.0,-268.0,30.0
-280.0,,-48.0,-249.0,-122.0,-1168.0,-332.0,-803.0,-289.0,31.0
-255.0,,-88.0,-276.0,-65.0,-1198.0,-367.0,-726.0,-323.0,45.0
-230.0,,-113.0,-262.0,0.0,-1137.0,-383.0,-942.0,-353.0,38.0
-191.0,,-124.0,-206.0,32.0,-1108.0,-372.0,-565.0,-382.0,45.0
-162.0,,-145.0,-161.0,-5.0,-1088.0,-384.0,-764.0,-395.0,17.0
-136.0,,-140.0,-121.0,-90.0,-1058.0,-433.0,-493.0,-395.0,89.0
-127.0,,-117.0,-96.0,-160.0,-986.0,-440.0,-537.0,-395.0,188.0
-116.0,,-95.0,-75.0,-195.0,-934.0,-459.0,-576.0,-383.0,346.0
-87.0,,-37.0,-52.0,-198.0,-990.0,-476.0,-349.0,-368.0,469.0
-93.0,,10.0,-69.0,-202.0,-968.0,-487.0,-622.0,-360.0,530.0
-102.0,,60.0,-88.0,-213.0,-889.0,-493.0,-314.0,-345.0,615.0
-110.0,,135.0,-113.0,-226.0,-896.0,-485.0,-524.0,-304.0,662.0
-136.0,,184.0,-123.0,-256.0,-925.0,-515.0,-413.0,-262.0,681.0
-155.0,,250.0,-124.0,-266.0,-942.0,-528.0,-413.0,-201.0,622.0
-151.0,,317.0,-149.0,-240.0,-947.0,-507.0,-661.0,-109.0,552.0
-139.0,,362.0,-151.0,-182.0,-897.0,-483.0,-423.0,-22.0,461.0
-145.0,,399.0,-131.0,-102.0,-926.0,-479.0,-757.0,62.0,381.0
-125.0,,412.0,-83.0,-33.0,-988.0,-463.0,-487.0,130.0,348.0
-73.0,,395.0,-28.0,19.0,-886.0,-433.0,-563.0,177.0,323.0
-29.0,,357.0,12.0,84.0,-810.0,-451.0,-513.0,220.0,347.0
-7.0,,286.0,72.0,185.0,-868.0,-478.0,-291.0,254.0,371.0
-6.0,,201.0,152.0,307.0,-964.0,-489.0,-522.0,277.0,425.0
26.0,,119.0,228.0,415.0,-972.0,-498.0,-179.0,303.0,521.0
81.0,,3.0,283.0,483.0,-907.0,-516.0,-430.0,323.0,584.0
102.0,,-88.0,305.0,478.0,-972.0,-517.0,-262.0,325.0,714.0
124.0,,-168.0,276.0,410.0,-1045.0,-509.0,-279.0,339.0,846.0
150.0,,-245.0,236.0,309.0,-989.0,-534.0,-460.0,328.0,899.0
180.0,,-298.0,200.0,192.0,-976.0,-530.0,-245.0,311.0,975.0
230.0,,-342.0,145.0,64.0,-995.0,-489.0,-622.0,290.0,1014.0
264.0,,-343.0,52.0,-64.0,-1020.0,-447.0,-365.0,249.0,1036.0
282.0,,-330.0,-54.0,-199.0,-1051.0,-405.0,-522.0,225.0,1085.0
327.0,,-313.0,-131.0,-325.0,-994.0,-370.0,-456.0,190.0,1092.0
385.0,,-276.0,-211.0,-393.0,-1025.0,-341.0,-245.0,156.0,1112.0
431.0,,-230.0,-273.0,-385.0,-1120.0,-336.0,-500.0,122.0,1170.0
469.0,,-192.0,-275.0,-328.0,-1118.0,-356.0,-332.0,89.0,1163.0
493.0,,-157.0,-245.0,-250.0,-1054.0,-358.0,-750.0,61.0,1126.0
531.0,,-138.0,-197.0,-186.0,-1103.0,-358.0,-618.0,20.0,1040.0
557.0,,-140.0,-152.0,-155.0,-1194.0,-354.0,-602.0,-4.0,901.0
554.0,,-114.0,-102.0,-151.0,-1164.0,-339.0,-574.0,-33.0,716.0
560.0,,-135.0,-13.0,-166.0,-1137.0,-342.0,-291.0,-54.0,500.0
560.0,,-198.0,74.0,-175.0,-1158.0,-340.0,-624.0,-68.0,311.0
556.0,,-211.0,114.0,-153.0,-1220.0,-319.0,-351.0,-74.0,129.0
543.0,,-275.0,134.0,-99.0,-1197.0,-317.0,-554.0,-66.0,-2.0
509.0,,-363.0,140.0,-18.0,-1122.0,-335.0,-434.0,-57.0,-96.0
481.0,,-416.0,101.0,72.0,-1149.0,-357.0,-319.0,-44.0,-152.0
484.0,,-505.0,39.0,151.0,-1260.0,-395.0,-545.0,-42.0,-216.0
482.0,,-562.0,-27.0,204.0,-1325.0,-408.0,-254.0,-34.0,-206.0
471.0,,-613.0,-110.0,212.0,-1259.0,-378.0,-548.0,-35.0,-142.0
499.0,,-675.0,-186.0,174.0,-1291.0,-366.0,-227.0,-32.0,-67.0
540.0,,-707.0,-227.0,115.0,-1429.0,-365.0,-284.0,-29.0,54.0
553.0,,-757.0,-250.0,58.0,-1435.0,-350.0,-389.0,-49.0,127.0
545.0,,-789.0,-281.0,15.0,-1364.0,-322.0,-242.0,-61.0,181.0
539.0,,-809.0,-308.0,-20.0,-1364.0,-301.0,-620.0,-65.0,220.0
541.0,,-822.0,-325.0,-53.0,-1438.0,-308.0,-288.0,-58.0,280.0
542.0,,-814.0,-318.0,-88.0,-1509.0,-294.0,-445.0,-62.0,329.0
541.0,,-802.0,-269.0,-131.0,-1435.0,-269.0,-260.0,-53.0,409.0
537.0,,-767.0,-219.0,-167.0,-1387.0,-289.0,-157.0,-35.0,538.0
556.0,,-739.0,-164.0,-190.0,-1472.0,-333.0,-367.0,-20.0,652.0
572.0,,-689.0,-93.0,-191.0,-1459.0,-381.0,-127.0,26.0,752.0
578.0,,-622.0,-20.0,-166.0,-1416.0,-377.0,-441.0,62.0,811.0
593.0,,-581.0,46.0,-129.0,-1385.0,-352.0,-151.0,89.0,823.0
581.0,,-505.0,100.0,-91.0,-1371.0,-374.0,-251.0,107.0,800.0
535.0,,-448.0,145.0,-62.0,-1418.0,-406.0,-279.0,104.0,775.0
459.0,,-388.0,153.0,-61.0,-1385.0,-434.0,-166.0,100.0,669.0
386.0,,-332.0,131.0,-84.0,-1323.0,-441.0,-491.0,84.0,590.0
312.0,,-309.0,83.0,-113.0,-1402.0,-437.0,-118.0,65.0,523.0
217.0,,-251.0,37.0,-140.0,-1477.0,-431.0,-339.0,39.0,446.0
146.0,,-222.0,24.0,-151.0,-1379.0,-411.0,-194.0,32.0,443.0
81.0,,-189.0,6.0,-133.0,-1283.0,-411.0,-182.0,41.0,413.0
15.0,,-150.0,3.0,-105.0,-1283.0,-411.0,-380.0,40.0,430.0
-63.0,,-133.0,22.0,-69.0,-1320.0,-409.0,-125.0,43.0,494.0
-126.0,,-115.0,58.0,-31.0,-1302.0,-422.0,-415.0,41.0,495.0
-141.0,,-104.0,110.0,-25.0,-1218.0,-405.0,-103.0,40.0,513.0
-159.0,,-100.0,152.0,-50.0,-1216.0,-377.0,-205.0,31.0,538.0
-181.0,,-86.0,183.0,-54.0,-1244.0,-358.0,-144.0,1.0,415.0
-185.0,,-66.0,193.0,-20.0,-1187.0,-353.0,11.0,-31.0,300.0
-153.0,,-71.0,182.0,8.0,-1146.0,-346.0,-277.0,-60.0,172.0
-139.0,,-68.0,162.0,7.0,-1183.0,-311.0,46.0,-68.0,18.0
-152.0,,-60.0,145.0,-34.0,-1187.0,-310.0,-218.0,-53.0,-92.0
-148.0,,-40.0,126.0,-114.0,-1136.0,-316.0,-25.0,-15.0,-148.0
-134.0,,-20.0,103.0,-170.0,-1108.0,-314.0,-35.0,40.0,-119.0
-129.0,,-9.0,59.0,-179.0,-1159.0,-331.0,-164.0,127.0,-149.0
-135.0,,12.0,0.0,-168.0,-1186.0,-351.0,123.0,221.0,-71.0
-122.0,,19.0,-20.0,-155.0,-1093.0,-361.0,-177.0,297.0,46.0
-105.0,,6.0,-60.0,-164.0,-1007.0,-343.0,44.0,369.0,198.0
-81.0,,-4.0,-121.0,-173.0,-995.0,-325.0,-216.0,423.0,364.0
-50.0,,-7.0,-145.0,-177.0,-999.0,-316.0,-186.0,455.0,487.0
-17.0,,-21.0,-162.0,-192.0,-914.0,-305.0,-42.0,473.0,632.0
10.0,,-28.0,-164.0,-195.0,-792.0,-290.0,-216.0,456.0,733.0
36.0,,-46.0,-122.0,-186.0,-840.0,-265.0,195.0,414.0,874.0
73.0,,-79.0,-18.0,-168.0,-962.0,-236.0,-22.0,347.0,959.0
98.0,,-88.0,120.0,-145.0,-920.0,-227.0,195.0,262.0,1021.0
121.0,,-110.0,235.0,-124.0,-815.0,-206.0,49.0,188.0,1021.0
146.0,,-152.0,332.0,-113.0,-772.0,-157.0,-173.0,113.0,980.0
178.0,,-183.0,416.0,-107.0,-793.0,-138.0,-3.0,51.0,904.0
192.0,,-211.0,467.0,-101.0,-784.0,-102.0,-332.0,22.0,811.0
205.0,,-226.0,497.0,-111.0,-705.0,-60.0,31.0,-10.0,704.0
240.0,,-243.0,487.0,-131.0,-695.0,-63.0,-60.0,-18.0,564.0
269.0,,-252.0,480.0,-147.0,-732.0,-57.0,84.0,-17.0,542.0
291.0,,-242.0,484.0,-148.0,-696.0,-28.0,151.0,-46.0,495.0
323.0,,-256.0,449.0,-135.0,-613.0,0.0,-151.0,-51.0,496.0
374.0,,-255.0,408.0,-104.0,-639.0,14.0,49.0,-57.0,559.0
415.0,,-261.0,321.0,-61.0,-705.0,18.0,-349.0,-79.0,599.0
440.0,,-269.0,196.0,-21.0,-674.0,40.0,-147.0,-80.0,597.0
470.0,,-260.0,51.0,6.0,-533.0,87.0,-194.0,-73.0,604.0
529.0,,-261.0,-100.0,26.0,-418.0,135.0,-195.0,-53.0,563.0
579.0,,-239.0,-231.0,41.0,-538.0,144.0,44.0,-4.0,471.0
609.0,,-211.0,-356.0,43.0,-588.0,144.0,-260.0,40.0,392.0
666.0,,-184.0,-435.0,42.0,-470.0,152.0,59.0,77.0,260.0
729.0,,-160.0,-470.0,45.0,-479.0,150.0,-182.0,110.0,175.0
760.0,,-122.0,-444.0,63.0,-538.0,140.0,-40.0,113.0,10.0
775.0,,-71.0,-345.0,100.0,-573.0,115.0,51.0,92.0,-91.0
796.0,,-55.0,-216.0,159.0,-514.0,116.0,-123.0,61.0,-170.0
819.0,,-25.0,-76.0,219.0,-406.0,113.0,218.0,37.0,-268.0
811.0,,15.0,83.0,241.0,-489.0,99.0,-36.0,34.0,-259.0
769.0,,21.0,230.0,233.0,-546.0,110.0,247.0,33.0,-292.0
732.0,,51.0,296.0,188.0,-406.0,122.0,99.0,32.0,-264.0
696.0,,74.0,304.0,100.0,-333.0,157.0,29.0,52.0,-174.0
654.0,,80.0,301.0,-9.0,-364.0,200.0,136.0,80.0,-47.0
565.0,,124.0,266.0,-121.0,-371.0,206.0,-219.0,91.0,86.0
457.0,,146.0,181.0,-215.0,-335.0,210.0,90.0,89.0,235.0
393.0,,186.0,90.0,-254.0,-267.0,265.0,-109.0,77.0,349.0
360.0,,232.0,-1.0,-227.0,-283.0,314.0,125.0,66.0,433.0
301.0,,245.0,-107.0,-163.0,-346.0,314.0,199.0,45.0,532.0
204.0,,285.0,-214.0,-90.0,-256.0,333.0,90.0,-2.0,580.0
161.0,,295.0,-280.0,-23.0,-177.0,398.0,388.0,-35.0,606.0
160.0,,298.0,-289.0,20.0,-240.0,442.0,86.0,-62.0,591.0
158.0,,322.0,-298.0,35.0,-291.0,456.0,397.0,-92.0,558.0
113.0,,326.0,-287.0,35.0,-231.0,479.0,223.0,-95.0,463.0
78.0,,307.0,-246.0,16.0,-124.0,526.0,168.0,-79.0,366.0
111.0,,285.0,-186.0,-8.0,-132.0,545.0,266.0,-39.0,304.0
124.0,,255.0,-96.0,-18.0,-155.0,511.0,3.0,15.0,244.0
95.0,,206.0,-6.0,-21.0,-45.0,519.0,334.0,53.0,153.0
75.0,,174.0,76.0,-7.0,55.0,516.0,57.0,61.0,48.0
134.0,,133.0,128.0,19.0,36.0,497.0,177.0,55.0,-56.0
206.0,,117.0,132.0,30.0,-43.0,516.0,3.0,40.0,-196.0
248.0,,121.0,122.0,23.0,-35.0,537.0,-203.0,0.0,-265.0
295.0,,110.0,100.0,21.0,124.0,559.0,68.0,-49.0,-312.0
344.0,,136.0,63.0,33.0,171.0,570.0,-188.0,-75.0,-325.0
395.0,,143.0,21.0,52.0,69.0,556.0,245.0,-98.0,-303.0
367.0,,148.0,-7.0,71.0,150.0,513.0,184.0,-107.0,-260.0
313.0,,152.0,-25.0,106.0,290.0,486.0,310.0,-88.0,-216.0
295.0,,137.0,-54.0,145.0,268.0,464.0,437.0,-80.0,-230.0
257.0,,136.0,-82.0,151.0,251.0,421.0,145.0,-36.0,-201.0
202.0,,119.0,-101.0,120.0,334.0,381.0,415.0,19.0,-174.0
150.0,,100.0,-102.0,68.0,446.0,361.0,140.0,40.0,-157.0
112.0,,67.0,-96.0,25.0,471.0,364.0,412.0,86.0,-80.0
90.0,,56.0,-100.0,-3.0,462.0,331.0,386.0,108.0,2.0
62.0,,33.0,-84.0,-14.0,546.0,304.0,349.0,123.0,135.0
50.0,,11.0,-44.0,-12.0,619.0,314.0,548.0,155.0,321.0
32.0,,15.0,20.0,-5.0,615.0,306.0,145.0,163.0,443.0
20.0,,8.0,84.0,6.0,598.0,306.0,371.0,172.0,555.0
24.0,,44.0,127.0,16.0,620.0,299.0,96.0,172.0,657.0
11.0,,61.0,207.0,15.0,702.0,302.0,253.0,169.0,703.0
9.0,,97.0,303.0,-20.0,753.0,313.0,448.0,170.0,763.0
9.0,,149.0,339.0,-71.0,721.0,327.0,384.0,175.0,756.0
15.0,,193.0,347.0,-120.0,750.0,363.0,744.0,171.0,649.0
1.0,,272.0,368.0,-177.0,857.0,356.0,402.0,180.0,474.0
-5.0,,320.0,383.0,-231.0,848.0,360.0,574.0,185.0,229.0
26.0,,394.0,348.0,-275.0,774.0,345.0,367.0,152.0,0.0
43.0,,434.0,278.0,-296.0,780.0,330.0,321.0,109.0,-228.0
45.0,,466.0,233.0,-278.0,853.0,359.0,522.0,56.0,-380.0
69.0,,504.0,200.0,-225.0,879.0,357.0,273.0,18.0,-507.0
96.0,,486.0,170.0,-153.0,802.0,359.0,607.0,-5.0,-653.0
91.0,,508.0,156.0,-100.0,802.0,371.0,279.0,-28.0,-664.0
64.0,,475.0,151.0,-92.0,876.0,386.0,406.0,-38.0,-655.0
58.0,,438.0,168.0,-103.0,863.0,384.0,432.0,-40.0,-565.0
70.0,,424.0,167.0,-101.0,832.0,371.0,347.0,-32.0,-394.0
27.0,,356.0,145.0,-67.0,859.0,371.0,753.0,-30.0,-189.0
-22.0,,313.0,156.0,-26.0,947.0,362.0,513.0,-41.0,71.0
-30.0,,261.0,173.0,6.0,1005.0,359.0,861.0,-52.0,310.0
-17.0,,195.0,195.0,47.0,946.0,346.0,715.0,-70.0,559.0
-41.0,,157.0,200.0,88.0,922.0,332.0,692.0,-92.0,776.0
-82.0,,92.0,169.0,124.0,1001.0,331.0,796.0,-100.0,964.0
-57.0,,50.0,144.0,145.0,1037.0,339.0,508.0,-100.0,1036.0
-44.0,,36.0,129.0,132.0,999.0,357.0,772.0,-102.0,1039.0
-47.0,,2.0,111.0,96.0,991.0,382.0,395.0,-101.0,999.0
-51.0,,24.0,99.0,48.0,1057.0,403.0,528.0,-86.0,899.0
-47.0,,43.0,120.0,5.0,1110.0,428.0,485.0,-86.0,807.0
-14.0,,74.0,167.0,-21.0,1060.0,450.0,439.0,-86.0,659.0
3.0,,114.0,217.0,-28.0,1053.0,449.0,818.0,-82.0,505.0
1.0,,113.0,255.0,-4.0,1171.0,447.0,593.0,-80.0,291.0
-3.0,,129.0,287.0,30.0,1162.0,433.0,918.0,-79.0,110.0
17.0,,120.0,305.0,46.0,1053.0,416.0,740.0,-108.0,-53.0
18.0,,85.0,304.0,38.0,1035.0,395.0,825.0,-132.0,-221.0
-12.0,,45.0,255.0,32.0,1072.0,342.0,951.0,-169.0,-279.0
-35.0,,-4.0,155.0,41.0,1164.0,300.0,705.0,-221.0,-415.0
-41.0,,-71.0,40.0,68.0,1120.0,300.0,979.0,-271.0,-512.0
-42.0,,-119.0,-98.0,101.0,1003.0,311.0,661.0,-351.0,-538.0
-83.0,,-175.0,-198.0,114.0,1106.0,321.0,868.0,-425.0,-583.0
-123.0,,-251.0,-256.0,114.0,1212.0,330.0,816.0,-511.0,-512.0
-159.0,,-277.0,-333.0,100.0,1161.0,355.0,726.0,-612.0,-389.0
-205.0,,-314.0,-411.0,67.0,1118.0,368.0,851.0,-695.0,-309.0
-236.0,,-345.0,-437.0,30.0,1153.0,378.0,443.0,-744.0,-209.0
-298.0,,-338.0,-406.0,1.0,1225.0,410.0,663.0,-767.0,-135.0
-325.0,,-329.0,-339.0,-26.0,1206.0,398.0,404.0,-784.0,-74.0
-312.0,,-305.0,-259.0,-46.0,1066.0,364.0,596.0,-768.0,53.0
-333.0,,-282.0,-165.0,-50.0,1049.0,370.0,776.0,-716.0,134.0
-338.0,,-258.0,-48.0,-35.0,1132.0,405.0,683.0,-637.0,194.0
-315.0,,-229.0,10.0,-3.0,1093.0,422.0,1073.0,-546.0,253.0
-264.0,,-200.0,29.0,30.0,1037.0,448.0,729.0,-449.0,316.0
-232.0,,-198.0,44.0,71.0,1041.0,497.0,927.0,-332.0,379.0
-223.0,,-185.0,41.0,102.0,1091.0,514.0,796.0,-230.0,440.0
-189.0,,-174.0,-3.0,121.0,1118.0,515.0,742.0,-141.0,492.0
-144.0,,-163.0,-113.0,144.0,1022.0,533.0,934.0,-59.0,460.0
-115.0,,-136.0,-255.0,165.0,1007.0,561.0,644.0,10.0,422.0
-87.0,,-121.0,-386.0,179.0,1113.0,562.0,931.0,89.0,413.0
-22.0,,-78.0,-491.0,168.0,1086.0,553.0,633.0,163.0,363.0
14.0,,-52.0,-581.0,126.0,1014.0,558.0,744.0,237.0,264.0
43.0,,-50.0,-628.0,52.0,995.0,589.0,650.0,316.0,152.0
80.0,,-44.0,-611.0,-45.0,1001.0,596.0,395.0,377.0,24.0
137.0,,-51.0,-547.0,-126.0,1058.0,565.0,752.0,411.0,-106.0
196.0,,-84.0,-479.0,-160.0,964.0,547.0,530.0,437.0,-275.0
193.0,,-100.0,-397.0,-145.0,909.0,489.0,875.0,447.0,-426.0
190.0,,-127.0,-283.0,-72.0,967.0,444.0,753.0,443.0,-533.0
207.0,,-146.0,-158.0,61.0,882.0,414.0,726.0,430.0,-700.0
220.0,,-132.0,-62.0,205.0,809.0,409.0,818.0,400.0,-875.0
200.0,,-150.0,-3.0,296.0,803.0,446.0,476.0,360.0,-1055.0
177.0,,-128.0,44.0,306.0,869.0,432.0,742.0,296.0,-1252.0
173.0,,-115.0,38.0,249.0,897.0,400.0,448.0,232.0,-1427.0
172.0,,-95.0,-10.0,160.0,757.0,392.0,657.0,184.0,-1548.0
157.0,,-64.0,-41.0,68.0,682.0,446.0,661.0,149.0,-1631.0
130.0,,-46.0,-56.0,-5.0,757.0,469.0,598.0,137.0,-1632.0
122.0,,-6.0,-102.0,-67.0,744.0,451.0,888.0,130.0,-1579.0
108.0,,42.0,-152.0,-140.0,599.0,460.0,498.0,124.0,-1505.0
79.0,,98.0,-176.0,-228.0,561.0,454.0,703.0,127.0,-1305.0
67.0,,119.0,-219.0,-321.0,592.0,478.0,443.0,129.0,-1092.0
91.0,,171.0,-271.0,-411.0,582.0,500.0,473.0,103.0,-908.0
95.0,,205.0,-313.0,-469.0,491.0,531.0,591.0,77.0,-719.0
71.0,,224.0,-384.0,-462.0,413.0,550.0,380.0,47.0,-490.0
64.0,,257.0,-503.0,-403.0,528.0,556.0,705.0,11.0,-298.0
58.0,,259.0,-594.0,-326.0,553.0,571.0,426.0,-16.0,-145.0
32.0,,292.0,-632.0,-248.0,425.0,562.0,650.0,-58.0,-8.0
-6.0,,289.0,-655.0,-168.0,408.0,573.0,508.0,-91.0,8.0
-43.0,,276.0,-685.0,-77.0,466.0,575.0,373.0,-110.0,-44.0
-75.0,,295.0,-755.0,10.0,563.0,564.0,589.0,-117.0,-193.0
-105.0,,260.0,-804.0,69.0,488.0,540.0,293.0,-108.0,-331.0
-174.0,,235.0,-797.0,80.0,315.0,520.0,633.0,-87.0,-436.0
-228.0,,200.0,-806.0,38.0,389.0,509.0,454.0,-53.0,-566.0
-253.0,,140.0,-850.0,1.0,461.0,501.0,582.0,-15.0,-687.0
-276.0,,95.0,-877.0,19.0,440.0,508.0,589.0,25.0,-826.0
-277.0,,29.0,-869.0,75.0,424.0,504.0,330.0,68.0,-920.0
-299.0,,-41.0,-858.0,151.0,431.0,504.0,580.0,104.0,-928.0
-291.0,,-100.0,-846.0,210.0,521.0,500.0,243.0,121.0,-909.0
-250.0,,-146.0,-835.0,215.0,472.0,497.0,532.0,121.0,-868.0
-229.0,,-177.0,-802.0,158.0,375.0,507.0,439.0,97.0,-752.0
-238.0,,-168.0,-743.0,70.0,450.0,507.0,452.0,85.0,-601.0
-262.0,,-161.0,-723.0,-10.0,502.0,476.0,667.0,87.0,-445.0
-255.0,,-134.0,-726.0,-83.0,452.0,462.0,367.0,67.0,-270.0
-240.0,,-60.0,-723.0,-126.0,417.0,473.0,654.0,57.0,-108.0
-261.0,,-15.0,-727.0,-127.0,449.0,487.0,328.0,44.0,8.0
-315.0,,45.0,-723.0,-96.0,496.0,458.0,410.0,32.0,134.0
-319.0,,106.0,-698.0,-50.0,462.0,398.0,380.0,25.0,193.0
-289.0,,149.0,-660.0,6.0,393.0,387.0,258.0,-1.0,242.0
-323.0,,172.0,-574.0,47.0,482.0,344.0,574.0,-12.0,282.0
-380.0,,172.0,-445.0,56.0,610.0,275.0,280.0,-18.0,193.0
-401.0,,192.0,-310.0,55.0,572.0,239.0,574.0,-32.0,161.0
-402.0,,188.0,-165.0,46.0,526.0,217.0,369.0,-32.0,125.0
-427.0,,182.0,-31.0,31.0,521.0,181.0,362.0,-21.0,-22.0
-467.0,,201.0,62.0,25.0,578.0,140.0,497.0,5.0,-130.0
-456.0,,199.0,107.0,25.0,590.0,123.0,218.0,42.0,-197.0
-431.0,,208.0,129.0,10.0,404.0,95.0,498.0,76.0,-270.0
-420.0,,217.0,154.0,-28.0,370.0,64.0,214.0,116.0,-259.0
-387.0,,221.0,138.0,-78.0,427.0,34.0,408.0,176.0,-304.0
-345.0,,246.0,114.0,-132.0,375.0,0.0,351.0,234.0,-352.0
-286.0,,254.0,93.0,-180.0,308.0,-37.0,229.0,294.0,-295.0
-221.0,,271.0,43.0,-202.0,223.0,-95.0,436.0,346.0,-273.0
-177.0,,274.0,3.0,-207.0,236.0,-140.0,153.0,368.0,-168.0
-110.0,,268.0,-15.0,-200.0,266.0,-178.0,548.0,381.0,-71.0
-24.0,,265.0,-34.0,-162.0,216.0,-207.0,362.0,367.0,-44.0
15.0,,223.0,-83.0,-112.0,179.0,-238.0,413.0,340.0,-4.0
44.0,,219.0,-162.0,-55.0,225.0,-286.0,522.0,307.0,25.0
86.0,,191.0,-234.0,24.0,193.0,-332.0,295.0,271.0,31.0
130.0,,148.0,-297.0,111.0,101.0,-350.0,600.0,249.0,35.0
150.0,,152.0,-370.0,189.0,71.0,-316.0,304.0,227.0,55.0
159.0,,141.0,-433.0,250.0,12.0,-321.0,539.0,217.0,53.0
208.0,,150.0,-480.0,289.0,-51.0,-333.0,495.0,220.0,82.0
257.0,,161.0,-510.0,304.0,-198.0,-291.0,460.0,217.0,89.0
303.0,,174.0,-511.0,297.0,-248.0,-278.0,663.0,217.0,28.0
340.0,,175.0,-495.0,282.0,-158.0,-286.0,402.0,242.0,-15.0
371.0,,171.0,-439.0,265.0,-190.0,-299.0,766.0,259.0,-105.0
416.0,,173.0,-370.0,249.0,-246.0,-338.0,504.0,268.0,-252.0
428.0,,148.0,-294.0,235.0,-262.0,-405.0,574.0,292.0,-360.0
409.0,,129.0,-189.0,206.0,-249.0,-455.0,545.0,314.0,-507.0
377.0,,97.0,-73.0,158.0,-156.0,-493.0,247.0,339.0,-655.0
359.0,,75.0,54.0,115.0,-218.0,-518.0,506.0,363.0,-743.0
320.0,,62.0,145.0,81.0,-344.0,-514.0,205.0,388.0,-812.0
258.0,,44.0,171.0,48.0,-303.0,-582.0,498.0,416.0,-868.0
225.0,,61.0,144.0,5.0,-325.0,-641.0,426.0,441.0,-860.0
223.0,,58.0,75.0,-49.0,-406.0,-655.0,436.0,460.0,-811.0
228.0,,62.0,0.0,-101.0,-505.0,-674.0,598.0,482.0,-735.0
212.0,,100.0,-86.0,-139.0,-523.0,-688.0,299.0,496.0,-593.0
197.0,,122.0,-172.0,-153.0,-471.0,-705.0,587.0,498.0,-512.0
189.0,,151.0,-249.0,-134.0,-531.0,-674.0,267.0,495.0,-415.0
183.0,,182.0,-313.0,-76.0,-584.0,-652.0,406.0,460.0,-348.0
148.0,,219.0,-330.0,13.0,-534.0,-652.0,458.0,402.0,-303.0
121.0,,249.0,-276.0,113.0,-463.0,-654.0,345.0,323.0,-213.0
123.0,,280.0,-214.0,186.0,-496.0,-663.0,613.0,221.0,-175.0
117.0,,298.0,-169.0,214.0,-544.0,-651.0,212.0,106.0,-139.0
118.0,,303.0,-121.0,206.0,-605.0,-635.0,380.0,-20.0,-155.0
120.0,,321.0,-64.0,175.0,-627.0,-612.0,155.0,-136.0,-254.0
150.0,,317.0,-3.0,159.0,-642.0,-584.0,203.0,-224.0,-362.0
168.0,,318.0,22.0,164.0,-758.0,-569.0,397.0,-319.0,-468.0
177.0,,315.0,18.0,172.0,-780.0,-566.0,188.0,-407.0,-623.0
192.0,,295.0,22.0,196.0,-755.0,-549.0,585.0,-473.0,-728.0
218.0,,281.0,18.0,222.0,-733.0,-542.0,332.0,-522.0,-857.0
278.0,,259.0,-12.0,213.0,-726.0,-547.0,500.0,-548.0,-981.0
299.0,,248.0,-73.0,167.0,-757.0,-511.0,419.0,-551.0,-1014.0
305.0,,200.0,-138.0,90.0,-694.0,-497.0,216.0,-535.0,-1103.0
337.0,,165.0,-180.0,-9.0,-657.0,-489.0,378.0,-508.0,-1176.0
397.0,,166.0,-224.0,-93.0,-716.0,-448.0,36.0,-448.0,-1165.0
431.0,,116.0,-285.0,-166.0,-690.0,-409.0,297.0,-377.0,-1097.0
428.0,,111.0,-349.0,-235.0,-631.0,-373.0,73.0,-300.0,-1054.0
439.0,,114.0,-419.0,-270.0,-693.0,-348.0,155.0,-196.0,-995.0
433.0,,99.0,-488.0,-283.0,-721.0,-308.0,212.0,-98.0,-936.0
422.0,,127.0,-539.0,-283.0,-642.0,-284.0,-3.0,-3.0,-929.0
400.0,,126.0,-569.0,-279.0,-590.0,-313.0,369.0,74.0,-954.0
352.0,,152.0,-564.0,-284.0,-648.0,-347.0,116.0,131.0,-1025.0
325.0,,173.0,-539.0,-283.0,-748.0,-365.0,369.0,167.0,-1105.0
319.0,,173.0,-498.0,-243.0,-743.0,-382.0,297.0,194.0,-1186.0
295.0,,198.0,-429.0,-154.0,-694.0,-406.0,230.0,201.0,-1272.0
266.0,,198.0,-345.0,-52.0,-746.0,-406.0,410.0,162.0,-1328.0
269.0,,200.0,-260.0,56.0,-810.0,-403.0,81.0,131.0,-1341.0
313.0,,179.0,-204.0,155.0,-766.0,-411.0,325.0,93.0,-1357.0
358.0,,156.0,-192.0,205.0,-688.0,-428.0,0.0,48.0,-1389.0
390.0,,141.0,-192.0,196.0,-630.0,-428.0,88.0,14.0,-1428.0
446.0,,107.0,-185.0,143.0,-659.0,-434.0,129.0,-20.0,-1457.0
509.0,,96.0,-188.0,73.0,-714.0,-463.0,-83.0,-46.0,-1564.0
556.0,,84.0,-201.0,-4.0,-669.0,-449.0,242.0,-73.0,-1595.0
607.0,,67.0,-221.0,-68.0,-703.0,-453.0,-55.0,-85.0,-1589.0
639.0,,79.0,-268.0,-115.0,-775.0,-448.0,195.0,-92.0,-1653.0
645.0,,96.0,-325.0,-131.0,-741.0,-432.0,94.0,-90.0,-1605.0
667.0,,110.0,-339.0,-120.0,-695.0,-449.0,44.0,-66.0,-1585.0
678.0,,116.0,-330.0,-99.0,-615.0,-458.0,166.0,-43.0,-1519.0
697.0,,130.0,-317.0,-52.0,-647.0,-479.0,-182.0,-15.0,-1354.0
735.0,,151.0,-304.0,-3.0,-736.0,-484.0,84.0,32.0,-1251.0
737.0,,148.0,-268.0,32.0,-657.0,-481.0,-179.0,103.0,-1123.0
749.0,,137.0,-202.0,49.0,-617.0,-468.0,11.0,176.0,-987.0
776.0,,128.0,-153.0,45.0,-668.0,-462.0,49.0,261.0,-942.0
802.0,,98.0,-117.0,24.0,-719.0,-472.0,-81.0,354.0,-881.0
799.0,,68.0,-104.0,3.0,-715.0,-483.0,225.0,442.0,-868.0
781.0,,53.0,-108.0,3.0,-633.0,-500.0,-129.0,548.0,-912.0
763.0,,28.0,-103.0,19.0,-637.0,-477.0,134.0,635.0,-994.0
713.0,,26.0,-108.0,43.0,-652.0,-470.0,-49.0,715.0,-1088.0
678.0,,21.0,-98.0,76.0,-559.0,-488.0,-59.0,776.0,-1100.0
632.0,,3.0,-65.0,105.0,-523.0,-500.0,140.0,787.0,-1135.0
584.0,,40.0,-56.0,114.0,-536.0,-539.0,-109.0,783.0,-1078.0
570.0,,44.0,-58.0,109.0,-563.0,-565.0,197.0,750.0,-1009.0
569.0,,65.0,-27.0,84.0,-590.0,-571.0,-127.0,684.0,-951.0
566.0,,151.0,11.0,16.0,-567.0,-569.0,-44.0,618.0,-827.0
541.0,,175.0,22.0,-65.0,-588.0,-547.0,-157.0,546.0,-648.0
525.0,,231.0,10.0,-113.0,-590.0,-539.0,-315.0,475.0,-496.0
490.0,,312.0,-18.0,-104.0,-547.0,-523.0,-60.0,425.0,-412.0
408.0,,342.0,-32.0,-57.0,-532.0,-499.0,-406.0,375.0,-296.0
355.0,,379.0,3.0,13.0,-538.0,-492.0,-84.0,340.0,-253.0
339.0,,414.0,31.0,104.0,-557.0,-505.0,-212.0,321.0,-245.0
303.0,,425.0,32.0,190.0,-558.0,-500.0,-123.0,308.0,-303.0
262.0,,426.0,27.0,250.0,-494.0,-500.0,38.0,316.0,-329.0
246.0,,422.0,-6.0,281.0,-521.0,-541.0,-238.0,333.0,-386.0
259.0,,403.0,-46.0,274.0,-638.0,-552.0,-18.0,350.0,-448.0
242.0,,372.0,-79.0,253.0,-544.0,-549.0,-386.0,364.0,-426.0
194.0,,351.0,-111.0,249.0,-422.0,-565.0,-201.0,348.0,-450.0
166.0,,307.0,-118.0,239.0,-413.0,-609.0,-269.0,304.0,-404.0
165.0,,270.0,-86.0,212.0,-418.0,-626.0,-351.0,269.0,-369.0
157.0,,237.0,-36.0,174.0,-421.0,-626.0,-134.0,224.0,-329.0
96.0,,177.0,13.0,128.0,-369.0,-653.0,-519.0,195.0,-238.0
44.0,,132.0,83.0,82.0,-389.0,-624.0,-266.0,184.0,-187.0
26.0,,100.0,155.0,47.0,-463.0,-578.0,-498.0,174.0,-170.0
-6.0,,81.0,218.0,33.0,-459.0,-563.0,-376.0,178.0,-154.0
-58.0,,78.0,283.0,27.0,-393.0,-575.0,-219.0,163.0,-171.0
-118.0,,95.0,355.0,29.0,-395.0,-570.0,-399.0,142.0,-167.0
-142.0,,127.0,421.0,53.0,-449.0,-551.0,-97.0,152.0,-141.0
-145.0,,169.0,453.0,78.0,-481.0,-571.0,-386.0,161.0,-160.0
-156.0,,214.0,477.0,70.0,-462.0,-594.0,-121.0,159.0,-180.0
-175.0,,260.0,490.0,12.0,-387.0,-581.0,-195.0,152.0,-186.0
-183.0,,310.0,442.0,-65.0,-405.0,-573.0,-269.0,124.0,-164.0
-133.0,,347.0,368.0,-111.0,-451.0,-610.0,-112.0,97.0,-164.0
-109.0,,388.0,295.0,-113.0,-437.0,-624.0,-417.0,57.0,-196.0
-112.0,,403.0,217.0,-67.0,-440.0,-617.0,-101.0,4.0,-306.0
-79.0,,399.0,170.0,-4.0,-482.0,-637.0,-354.0,-39.0,-418.0
-50.0,,395.0,152.0,47.0,-523.0,-640.0,-218.0,-92.0,-505.0
-4.0,,325.0,176.0,89.0,-513.0,-633.0,-157.0,-144.0,-607.0
12.0,,279.0,235.0,105.0,-482.0,-684.0,-375.0,-200.0,-654.0
-17.0,,218.0,273.0,107.0,-504.0,-728.0,-92.0,-256.0,-733.0
-18.0,,115.0,300.0,108.0,-508.0,-739.0,-389.0,-307.0,-766.0
-12.0,,70.0,309.0,103.0,-469.0,-716.0,-145.0,-342.0,-695.0
-17.0,,-3.0,310.0,78.0,-473.0,-670.0,-325.0,-362.0,-668.0
-24.0,,-71.0,303.0,25.0,-473.0,-674.0,-365.0,-371.0,-551.0
-37.0,,-99.0,258.0,-27.0,-518.0,-656.0,-219.0,-367.0,-374.0
-21.0,,-132.0,175.0,-66.0,-530.0,-614.0,-558.0,-350.0,-256.0
-22.0,,-161.0,55.0,-78.0,-524.0,-589.0,-253.0,-317.0,-108.0
-48.0,,-180.0,-72.0,-72.0,-591.0,-564.0,-524.0,-295.0,20.0
-42.0,,-162.0,-182.0,-75.0,-567.0,-534.0,-319.0,-267.0,142.0
-26.0,,-162.0,-271.0,-82.0,-508.0,-506.0,-282.0,-242.0,213.0
3.0,,-132.0,-342.0,-83.0,-520.0,-502.0,-437.0,-226.0,273.0
46.0,,-83.0,-403.0,-64.0,-570.0,-493.0,-138.0,-205.0,339.0
90.0,,-66.0,-401.0,-53.0,-546.0,-499.0,-439.0,-201.0,400.0
145.0,,-30.0,-343.0,-76.0,-523.0,-492.0,-157.0,-212.0,434.0
203.0,,-4.0,-262.0,-112.0,-567.0,-485.0,-421.0,-242.0,434.0
260.0,,22.0,-102.0,-139.0,-550.0,-486.0,-530.0,-275.0,496.0
319.0,,50.0,82.0,-148.0,-540.0,-457.0,-474.0,-317.0,473.0
376.0,,57.0,242.0,-125.0,-536.0,-431.0,-805.0,-372.0,466.0
418.0,,44.0,420.0,-69.0,-473.0,-400.0,-524.0,-437.0,453.0
443.0,,35.0,554.0,6.0,-505.0,-378.0,-792.0,-493.0,389.0
466.0,,20.0,640.0,62.0,-569.0,-356.0,-559.0,-507.0,366.0
488.0,,-28.0,700.0,77.0,-508.0,-344.0,-509.0,-509.0,314.0
488.0,,-69.0,669.0,61.0,-412.0,-384.0,-550.0,-492.0,223.0
486.0,,-116.0,583.0,14.0,-427.0,-420.0,-328.0,-437.0,99.0
463.0,,-197.0,485.0,-49.0,-566.0,-395.0,-687.0,-346.0,10.0
456.0,,-249.0,386.0,-99.0,-511.0,-353.0,-423.0,-247.0,-92.0
441.0,,-293.0,277.0,-126.0,-373.0,-364.0,-628.0,-143.0,-181.0
357.0,,-354.0,145.0,-142.0,-404.0,-349.0,-521.0,-14.0,-203.0
316.0,,-367.0,58.0,-156.0,-421.0,-311.0,-382.0,99.0,-187.0
308.0,,-369.0,10.0,-181.0,-394.0,-290.0,-639.0,204.0,-150.0
256.0,,-365.0,-40.0,-215.0,-316.0,-260.0,-369.0,308.0,-95.0
188.0,,-316.0,-61.0,-245.0,-310.0,-238.0,-744.0,383.0,21.0
130.0,,-241.0,-50.0,-265.0,-374.0,-228.0,-591.0,441.0,173.0
98.0,,-169.0,-3.0,-267.0,-392.0,-223.0,-628.0,477.0,312.0
28.0,,-68.0,31.0,-260.0,-351.0,-185.0,-678.0,486.0,484.0
-67.0,,45.0,81.0,-230.0,-302.0,-152.0,-397.0,483.0,638.0
-120.0,,129.0,155.0,-170.0,-302.0,-146.0,-626.0,476.0,755.0
-136.0,,236.0,194.0,-94.0,-256.0,-148.0,-308.0,443.0,868.0
-145.0,,308.0,209.0,-3.0,-244.0,-129.0,-552.0,392.0,868.0
-177.0,,360.0,162.0,76.0,-204.0,-103.0,-461.0,335.0,878.0
-171.0,,425.0,97.0,142.0,-161.0,-88.0,-378.0,263.0,797.0
-108.0,,448.0,30.0,191.0,-184.0,-70.0,-578.0,192.0,594.0
-48.0,,465.0,4.0,212.0,-147.0,-70.0,-199.0,113.0,404.0
10.0,,461.0,43.0,210.0,-146.0,-26.0,-484.0,51.0,130.0
57.0,,447.0,58.0,186.0,-139.0,4.0,-293.0,20.0,-188.0
111.0,,416.0,72.0,133.0,-94.0,-22.0,-428.0,15.0,-480.0
201.0,,365.0,91.0,61.0,-94.0,-36.0,-500.0,31.0,-782.0
245.0,,322.0,111.0,-16.0,-62.0,-17.0,-266.0,51.0,-1073.0
240.0,,256.0,89.0,-78.0,-1.0,-9.0,-511.0,91.0,-1276.0
278.0,,180.0,57.0,-114.0,29.0,-34.0,-171.0,136.0,-1465.0
309.0,,104.0,43.0,-120.0,80.0,-24.0,-417.0,194.0,-1560.0
333.0,,46.0,6.0,-84.0,154.0,-12.0,-286.0,259.0,-1557.0
332.0,,-15.0,-12.0,-42.0,194.0,-21.0,-240.0,319.0,-1471.0
314.0,,-57.0,-50.0,-12.0,244.0,2.0,-424.0,365.0,-1309.0
360.0,,-65.0,-86.0,-23.0,289.0,28.0,-109.0,383.0,-1186.0
380.0,,-89.0,-86.0,-76.0,301.0,33.0,-421.0,385.0,-979.0
371.0,,-54.0,-73.0,-149.0,340.0,28.0,-162.0,371.0,-731.0
364.0,,-21.0,-42.0,-225.0,371.0,31.0,-280.0,344.0,-529.0
363.0,,2.0,0.0,-253.0,386.0,72.0,-338.0,303.0,-322.0
355.0,,59.0,43.0,-233.0,430.0,96.0,-201.0,252.0,-120.0
324.0,,88.0,94.0,-185.0,420.0,89.0,-439.0,192.0,44.0
311.0,,136.0,136.0,-133.0,416.0,103.0,-145.0,128.0,200.0
288.0,,166.0,145.0,-88.0,502.0,103.0,-478.0,66.0,346.0
273.0,,172.0,133.0,-34.0,555.0,77.0,-367.0,-6.0,532.0
253.0,,199.0,99.0,23.0,564.0,93.0,-443.0,-65.0,684.0
201.0,,194.0,30.0,83.0,546.0,113.0,-633.0,-121.0,778.0
188.0,,176.0,-29.0,155.0,610.0,105.0,-382.0,-193.0,888.0
185.0,,153.0,-58.0,238.0,719.0,114.0,-683.0,-247.0,927.0
148.0,,122.0,-86.0,304.0,668.0,119.0,-325.0,-302.0,918.0
99.0,,87.0,-123.0,329.0,615.0,120.0,-399.0,-364.0,878.0
32.0,,24.0,-175.0,310.0,650.0,118.0,-297.0,-410.0,820.0
4.0,,-20.0,-208.0,267.0,752.0,116.0,-112.0,-447.0,704.0
-48.0,,-70.0,-204.0,215.0,838.0,100.0,-319.0,-485.0,614.0
-134.0,,-96.0,-152.0,168.0,812.0,76.0,-25.0,-516.0,536.0
-156.0,,-103.0,-57.0,133.0,844.0,51.0,-354.0,-535.0,422.0
-189.0,,-117.0,24.0,91.0,953.0,37.0,-173.0,-566.0,386.0
-223.0,,-88.0,121.0,29.0,1027.0,32.0,-240.0,-576.0,344.0
-265.0,,-64.0,228.0,-61.0,1039.0,-16.0,-327.0,-576.0,285.0
-274.0,,-31.0,280.0,-164.0,1006.0,-50.0,-46.0,-576.0,250.0
-228.0,,6.0,316.0,-241.0,1058.0,-70.0,-365.0,-536.0,276.0
-214.0,,40.0,368.0,-288.0,1128.0,-80.0,-88.0,-503.0,285.0
-218.0,,85.0,399.0,-324.0,1063.0,-90.0,-310.0,-449.0,350.0
-215.0,,131.0,383.0,-346.0,1074.0,-96.0,-269.0,-385.0,449.0
-142.0,,167.0,370.0,-336.0,1213.0,-79.0,-162.0,-347.0,462.0
-92.0,,187.0,401.0,-293.0,1256.0,-93.0,-312.0,-300.0,506.0
-98.0,,234.0,431.0,-233.0,1218.0,-95.0,53.0,-270.0,558.0
-50.0,,248.0,432.0,-169.0,1239.0,-96.0,-219.0,-253.0,588.0
7.0,,258.0,418.0,-110.0,1356.0,-102.0,-3.0,-238.0,612.0
60.0,,289.0,406.0,-65.0,1430.0,-96.0,-173.0,-227.0,659.0
68.0,,292.0,378.0,-34.0,1407.0,-91.0,-310.0,-225.0,638.0
51.0,,304.0,311.0,-13.0,1414.0,-70.0,-120.0,-230.0,639.0
82.0,,304.0,231.0,1.0,1509.0,-47.0,-404.0,-233.0,602.0
98.0,,300.0,173.0,28.0,1567.0,-37.0,-55.0,-259.0,506.0
49.0,,294.0,131.0,76.0,1556.0,-19.0,-266.0,-303.0,497.0
26.0,,266.0,112.0,132.0,1570.0,3.0,-144.0,-357.0,427.0
54.0,,233.0,114.0,171.0,1552.0,-17.0,-112.0,-412.0,374.0
74.0,,217.0,107.0,189.0,1535.0,-63.0,-291.0,-455.0,293.0
65.0,,195.0,118.0,192.0,1521.0,-91.0,-1.0,-466.0,196.0
29.0,,175.0,131.0,181.0,1554.0,-94.0,-306.0,-471.0,197.0
40.0,,161.0,149.0,141.0,1667.0,-91.0,-29.0,-474.0,167.0
47.0,,132.0,180.0,80.0,1724.0,-99.0,-210.0,-441.0,129.0
-1.0,,119.0,189.0,5.0,1686.0,-86.0,-266.0,-392.0,158.0
-40.0,,97.0,186.0,-79.0,1623.0,-97.0,-97.0,-327.0,182.0
-59.0,,44.0,206.0,-155.0,1673.0,-134.0,-323.0,-250.0,217.0
-68.0,,37.0,242.0,-221.0,1676.0,-143.0,90.0,-179.0,349.0
-86.0,,22.0,286.0,-266.0,1558.0,-166.0,-118.0,-107.0,449.0
-123.0,,-18.0,349.0,-287.0,1487.0,-190.0,57.0,-21.0,518.0
-131.0,,-5.0,397.0,-297.0,1519.0,-191.0,27.0,66.0,581.0
-110.0,,-24.0,447.0,-290.0,1577.0,-191.0,-138.0,149.0,577.0
-127.0,,-18.0,481.0,-270.0,1548.0,-196.0,127.0,235.0,557.0
-169.0,,19.0,492.0,-230.0,1542.0,-214.0,-142.0,310.0,508.0
-185.0,,16.0,530.0,-158.0,1561.0,-236.0,121.0,387.0,385.0
-190.0,,71.0,561.0,-62.0,1607.0,-245.0,-99.0,455.0,166.0
-222.0,,114.0,579.0,19.0,1690.0,-239.0,-29.0,512.0,-34.0
-252.0,,127.0,581.0,78.0,1672.0,-225.0,86.0,565.0,-238.0
-275.0,,163.0,580.0,111.0,1659.0,-199.0,-190.0,599.0,-473.0
-333.0,,165.0,587.0,116.0,1698.0,-174.0,97.0,627.0,-585.0
-386.0,,165.0,546.0,126.0,1648.0,-169.0,-214.0,625.0,-685.0
-437.0,,143.0,466.0,128.0,1581.0,-164.0,-49.0,615.0,-752.0
-488.0,,108.0,388.0,121.0,1583.0,-155.0,-162.0,602.0,-705.0
-518.0,,64.0,314.0,118.0,1635.0,-143.0,-288.0,585.0,-677.0
-566.0,,-15.0,230.0,124.0,1692.0,-100.0,-7.0,590.0,-580.0
-613.0,,-60.0,141.0,135.0,1600.0,-56.0,-212.0,595.0,-439.0
-637.0,,-128.0,75.0,130.0,1518.0,-34.0,144.0,618.0,-332.0
-631.0,,-207.0,34.0,113.0,1539.0,-29.0,-68.0,639.0,-179.0
-611.0,,-239.0,24.0,80.0,1503.0,-40.0,-14.0,662.0,-50.0
-594.0,,-292.0,44.0,46.0,1479.0,-37.0,14.0,683.0,47.0
-536.0,,-363.0,65.0,13.0,1441.0,-49.0,-243.0,667.0,155.0
-457.0,,-379.0,97.0,-15.0,1457.0,-34.0,60.0,638.0,224.0
-389.0,,-394.0,124.0,-34.0,1533.0,-20.0,-242.0,591.0,251.0
-352.0,,-442.0,131.0,-64.0,1486.0,-23.0,-62.0,528.0,277.0
-292.0,,-426.0,124.0,-86.0,1414.0,17.0,-212.0,441.0,249.0
-206.0,,-429.0,111.0,-97.0,1406.0,13.0,-245.0,347.0,202.0
-147.0,,-437.0,73.0,-95.0,1382.0,12.0,-9.0,257.0,210.0
-103.0,,-411.0,10.0,-91.0,1347.0,24.0,-286.0,162.0,219.0
-80.0,,-398.0,-30.0,-97.0,1337.0,39.0,35.0,79.0,205.0
-48.0,,-371.0,-108.0,-96.0,1308.0,75.0,-182.0,3.0,184.0
-25.0,,-343.0,-207.0,-76.0,1316.0,74.0,-14.0,-53.0,164.0
-14.0,,-297.0,-272.0,-40.0,1333.0,74.0,-9.0,-105.0,149.0
-31.0,,-266.0,-315.0,3.0,1333.0,74.0,-227.0,-155.0,226.0
-71.0,,-236.0,-332.0,43.0,1385.0,100.0,-7.0,-215.0,287.0
-101.0,,-202.0,-358.0,75.0,1347.0,127.0,-380.0,-278.0,327.0
-144.0,,-173.0,-364.0,111.0,1285.0,116.0,-158.0,-316.0,426.0
-182.0,,-155.0,-309.0,146.0,1275.0,91.0,-367.0,-337.0,444.0
-242.0,,-159.0,-214.0,183.0,1231.0,60.0,-356.0,-312.0,513.0
-292.0,,-168.0,-80.0,217.0,1254.0,38.0,-169.0,-252.0,651.0
-335.0,,-192.0,69.0,234.0,1204.0,11.0,-382.0,-168.0,722.0
-396.0,,-220.0,202.0,235.0,1124.0,-33.0,9.0,-70.0,814.0
-416.0,,-247.0,320.0,206.0,1206.0,-63.0,-230.0,57.0,904.0
-440.0,,-275.0,403.0,152.0,1258.0,-78.0,-55.0,206.0,912.0
-478.0,,-268.0,450.0,87.0,1256.0,-90.0,-136.0,339.0,980.0
-504.0,,-274.0,485.0,38.0,1199.0,-79.0,-303.0,451.0,1036.0
-503.0,,-299.0,502.0,21.0,1172.0,-67.0,-86.0,520.0,1021.0
-474.0,,-270.0,494.0,12.0,1243.0,-43.0,-467.0,548.0,1020.0
-455.0,,-291.0,467.0,0.0,1212.0,-17.0,-201.0,549.0,1006.0
-419.0,,-278.0,452.0,-27.0,1170.0,0.0,-389.0,501.0,996.0
-375.0,,-224.0,424.0,-56.0,1252.0,26.0,-277.0,414.0,1003.0
-335.0,,-207.0,388.0,-49.0,1345.0,53.0,-133.0,297.0,1015.0
-287.0,,-119.0,351.0,1.0,1350.0,101.0,-386.0,139.0,991.0
-239.0,,-58.0,298.0,74.0,1325.0,122.0,-94.0,-31.0,977.0
-186.0,,-12.0,287.0,159.0,1288.0,101.0,-437.0,-202.0,907.0
-158.0,,55.0,301.0,226.0,1247.0,96.0,-190.0,-379.0,863.0
-101.0,,112.0,304.0,253.0,1241.0,107.0,-188.0,-533.0,867.0
-47.0,,163.0,311.0,242.0,1201.0,105.0,-179.0,-648.0,803.0
-34.0,,215.0,319.0,193.0,1225.0,116.0,99.0,-725.0,748.0
12.0,,280.0,358.0,140.0,1309.0,155.0,-249.0,-761.0,649.0
64.0,,311.0,401.0,96.0,1335.0,190.0,-12.0,-757.0,511.0
100.0,,333.0,460.0,52.0,1344.0,193.0,-336.0,-694.0,335.0
113.0,,347.0,512.0,3.0,1304.0,191.0,-308.0,-588.0,157.0
124.0,,322.0,523.0,-69.0,1289.0,211.0,-245.0,-465.0,0.0
154.0,,296.0,550.0,-161.0,1323.0,216.0,-402.0,-307.0,-176.0
170.0,,295.0,549.0,-243.0,1235.0,228.0,-48.0,-152.0,-368.0
157.0,,254.0,506.0,-297.0,1188.0,237.0,-317.0,-7.0,-533.0
144.0,,220.0,469.0,-331.0,1275.0,223.0,-44.0,151.0,-623.0
156.0,,221.0,418.0,-366.0,1308.0,227.0,-169.0,287.0,-677.0
166.0,,185.0,363.0,-376.0,1307.0,246.0,-240.0,392.0,-669.0
170.0,,160.0,304.0,-346.0,1296.0,256.0,-77.0,472.0,-621.0
152.0,,145.0,249.0,-294.0,1293.0,266.0,-341.0,513.0,-490.0
140.0,,119.0,205.0,-232.0,1295.0,304.0,79.0,547.0,-318.0
148.0,,110.0,139.0,-175.0,1228.0,323.0,-62.0,571.0,-173.0
151.0,,101.0,48.0,-125.0,1179.0,320.0,121.0,581.0,-24.0
144.0,,101.0,-62.0,-74.0,1206.0,333.0,116.0,583.0,75.0
127.0,,118.0,-159.0,-17.0,1206.0,350.0,-133.0,547.0,120.0
128.0,,119.0,-186.0,43.0,1185.0,355.0,57.0,495.0,155.0
119.0,,118.0,-139.0,100.0,1215.0,327.0,-290.0,432.0,186.0
115.0,,143.0,-39.0,139.0,1246.0,306.0,36.0,354.0,192.0
94.0,,152.0,102.0,150.0,1262.0,336.0,-101.0,281.0,234.0
83.0,,164.0,262.0,129.0,1240.0,362.0,-121.0,192.0,276.0
120.0,,182.0,394.0,69.0,1149.0,367.0,40.0,109.0,293.0
116.0,,184.0,487.0,-10.0,1135.0,378.0,-240.0,42.0,299.0
118.0,,185.0,533.0,-81.0,1143.0,413.0,62.0,-18.0,271.0
118.0,,174.0,504.0,-124.0,1070.0,456.0,-206.0,-54.0,280.0
119.0,,174.0,435.0,-113.0,1038.0,467.0,3.0,-74.0,288.0
120.0,,162.0,341.0,-63.0,1054.0,472.0,14.0,-90.0,341.0
68.0,,127.0,180.0,-26.0,1122.0,448.0,-57.0,-104.0,371.0
39.0,,120.0,-33.0,-31.0,1124.0,409.0,182.0,-104.0,344.0
3.0,,98.0,-260.0,-78.0,1053.0,380.0,-158.0,-103.0,335.0
-57.0,,43.0,-442.0,-150.0,1090.0,354.0,149.0,-99.0,327.0
-120.0,,8.0,-592.0,-232.0,1087.0,344.0,-79.0,-93.0,333.0
-182.0,,-34.0,-711.0,-313.0,1013.0,294.0,-49.0,-107.0,269.0
-241.0,,-119.0,-741.0,-353.0,972.0,259.0,-12.0,-111.0,222.0
-314.0,,-174.0,-726.0,-320.0,941.0,267.0,-327.0,-110.0,187.0
-373.0,,-226.0,-639.0,-230.0,969.0,241.0,-60.0,-116.0,101.0
-425.0,,-298.0,-471.0,-116.0,988.0,202.0,-389.0,-97.0,42.0
-459.0,,-326.0,-281.0,-9.0,982.0,185.0,-177.0,-66.0,18.0
-484.0,,-366.0,-77.0,56.0,1039.0,170.0,-242.0,-42.0,16.0
-499.0,,-381.0,125.0,90.0,1049.0,148.0,-275.0,-6.0,52.0
-472.0,,-361.0,318.0,127.0,993.0,135.0,-44.0,31.0,96.0
-466.0,,-368.0,480.0,190.0,962.0,124.0,-363.0,54.0,152.0
-470.0,,-338.0,612.0,284.0,984.0,112.0,-68.0,74.0,271.0
-419.0,,-308.0,714.0,379.0,1018.0,70.0,-325.0,82.0,359.0
-366.0,,-282.0,765.0,448.0,1004.0,43.0,-238.0,89.0,436.0
-339.0,,-242.0,767.0,469.0,947.0,27.0,-160.0,63.0,460.0
-306.0,,-211.0,738.0,438.0,959.0,-42.0,-352.0,9.0,446.0
-278.0,,-163.0,689.0,361.0,1064.0,-94.0,-18.0,-37.0,421.0
-236.0,,-148.0,644.0,249.0,1047.0,-112.0,-327.0,-87.0,418.0
-164.0,,-127.0,591.0,147.0,963.0,-134.0,-103.0,-118.0,420.0
-141.0,,-117.0,501.0,61.0,959.0,-172.0,-227.0,-141.0,356.0
-119.0,,-123.0,424.0,-16.0,1031.0,-204.0,-260.0,-161.0,330.0
-48.0,,-121.0,398.0,-76.0,1103.0,-221.0,-5.0,-161.0,283.0
-17.0,,-142.0,408.0,-117.0,1021.0,-259.0,-267.0,-150.0,243.0
0.0,,-163.0,399.0,-148.0,962.0,-300.0,73.0,-114.0,209.0
7.0,,-187.0,362.0,-166.0,1027.0,-344.0,-210.0,-58.0,195.0
20.0,,-199.0,321.0,-153.0,1039.0,-343.0,-151.0,10.0,190.0
64.0,,-237.0,268.0,-107.0,980.0,-313.0,-188.0,95.0,153.0
71.0,,-236.0,226.0,-28.0,917.0,-308.0,-458.0,179.0,164.0
61.0,,-231.0,196.0,68.0,898.0,-315.0,-184.0,254.0,175.0
68.0,,-257.0,182.0,157.0,932.0,-330.0,-482.0,332.0,230.0
97.0,,-211.0,178.0,237.0,922.0,-344.0,-151.0,399.0,335.0
131.0,,-194.0,158.0,303.0,870.0,-359.0,-212.0,454.0,421.0
164.0,,-185.0,166.0,343.0,903.0,-357.0,-212.0,490.0,520.0
205.0,,-137.0,189.0,368.0,893.0,-370.0,-90.0,512.0,606.0
254.0,,-114.0,176.0,398.0,801.0,-365.0,-384.0,529.0,707.0
322.0,,-105.0,101.0,423.0,747.0,-325.0,-66.0,527.0,821.0
379.0,,-57.0,-6.0,414.0,730.0,-301.0,-352.0,524.0,846.0
438.0,,-24.0,-91.0,371.0,754.0,-262.0,-123.0,510.0,882.0
505.0,,-22.0,-150.0,318.0,732.0,-229.0,-86.0,478.0,914.0
537.0,,9.0,-195.0,265.0,665.0,-200.0,-216.0,443.0,903.0
551.0,,6.0,-247.0,213.0,688.0,-206.0,48.0,396.0,904.0
570.0,,8.0,-281.0,157.0,678.0,-218.0,-332.0,333.0,868.0
553.0,,0.0,-289.0,77.0,540.0,-188.0,-97.0,265.0,806.0
526.0,,-9.0,-280.0,-14.0,481.0,-164.0,-282.0,203.0,723.0
526.0,,-6.0,-245.0,-109.0,497.0,-159.0,-260.0,153.0,593.0
517.0,,-19.0,-192.0,-192.0,521.0,-174.0,-171.0,122.0,481.0
517.0,,3.0,-129.0,-231.0,482.0,-186.0,-441.0,105.0,411.0
487.0,,8.0,-78.0,-220.0,373.0,-201.0,-125.0,114.0,320.0
489.0,,27.0,-44.0,-144.0,396.0,-207.0,-389.0,137.0,303.0
518.0,,74.0,-46.0,-25.0,371.0,-215.0,-127.0,148.0,330.0
482.0,,104.0,-89.0,96.0,327.0,-227.0,-99.0,161.0,303.0
472.0,,142.0,-167.0,205.0,298.0,-214.0,-188.0,183.0,319.0
464.0,,181.0,-242.0,305.0,235.0,-209.0,29.0,200.0,377.0
448.0,,209.0,-301.0,392.0,278.0,-221.0,-290.0,223.0,420.0
434.0,,249.0,-356.0,448.0,244.0,-205.0,-38.0,250.0,469.0
405.0,,298.0,-378.0,461.0,143.0,-162.0,-245.0,254.0,490.0
388.0,,319.0,-377.0,425.0,131.0,-140.0,-190.0,262.0,460.0
376.0,,361.0,-380.0,339.0,178.0,-124.0,-168.0,256.0,419.0
368.0,,406.0,-373.0,208.0,121.0,-123.0,-413.0,250.0,363.0
354.0,,431.0,-368.0,61.0,13.0,-136.0,-168.0,264.0,285.0
348.0,,465.0,-366.0,-68.0,-16.0,-122.0,-515.0,282.0,221.0
345.0,,497.0,-328.0,-171.0,-47.0,-91.0,-273.0,282.0,125.0
323.0,,503.0,-291.0,-241.0,-50.0,-68.0,-352.0,262.0,66.0
306.0,,510.0,-261.0,-283.0,-79.0,-62.0,-417.0,237.0,124.0
291.0,,528.0,-192.0,-301.0,-86.0,-57.0,-173.0,205.0,158.0
254.0,,522.0,-121.0,-284.0,-22.0,-61.0,-441.0,166.0,201.0
218.0,,511.0,-42.0,-223.0,-32.0,-66.0,-125.0,120.0,260.0
182.0,,495.0,67.0,-136.0,-56.0,-44.0,-351.0,50.0,329.0
159.0,,481.0,166.0,-59.0,-42.0,-11.0,-258.0,-42.0,384.0
150.0,,440.0,259.0,-19.0,-77.0,8.0,-279.0,-139.0,404.0
119.0,,412.0,337.0,-10.0,-154.0,14.0,-532.0,-246.0,440.0
99.0,,374.0,407.0,-16.0,-264.0,37.0,-273.0,-342.0,424.0
105.0,,281.0,512.0,-33.0,-310.0,43.0,-654.0,-427.0,416.0
136.0,,253.0,612.0,-58.0,-219.0,34.0,-417.0,-511.0,328.0
125.0,,187.0,689.0,-95.0,-189.0,45.0,-556.0,-563.0,193.0
113.0,,118.0,736.0,-127.0,-244.0,48.0,-582.0,-598.0,65.0
136.0,,108.0,732.0,-146.0,-237.0,55.0,-352.0,-607.0,-71.0
135.0,,53.0,685.0,-159.0,-208.0,59.0,-633.0,-593.0,-147.0
155.0,,44.0,576.0,-145.0,-238.0,70.0,-375.0,-551.0,-250.0
151.0,,37.0,431.0,-114.0,-369.0,53.0,-674.0,-504.0,-252.0
146.0,,7.0,274.0,-61.0,-439.0,17.0,-474.0,-450.0,-190.0
172.0,,26.0,113.0,13.0,-364.0,20.0,-473.0,-373.0,-118.0
174.0,,23.0,-35.0,77.0,-351.0,26.0,-624.0,-307.0,26.0
155.0,,0.0,-200.0,121.0,-440.0,25.0,-358.0,-237.0,133.0
140.0,,8.0,-362.0,146.0,-482.0,2.0,-692.0,-168.0,274.0
141.0,,-6.0,-483.0,158.0,-411.0,-14.0,-345.0,-120.0,388.0
137.0,,-26.0,-544.0,157.0,-371.0,-15.0,-506.0,-80.0,432.0
123.0,,-31.0,-529.0,148.0,-472.0,-29.0,-508.0,-52.0,461.0
103.0,,-58.0,-470.0,135.0,-580.0,-33.0,-384.0,-34.0,456.0
92.0,,-69.0,-401.0,111.0,-576.0,-50.0,-639.0,-18.0,445.0
64.0,,-91.0,-328.0,84.0,-539.0,-82.0,-323.0,15.0,398.0
43.0,,-99.0,-245.0,64.0,-577.0,-95.0,-641.0,36.0,339.0
52.0,,-114.0,-130.0,61.0,-587.0,-79.0,-500.0,64.0,311.0
45.0,,-151.0,33.0,71.0,-581.0,-96.0,-642.0,123.0,313.0
59.0,,-139.0,178.0,92.0,-572.0,-144.0,-812.0,185.0,329.0
91.0,,-135.0,269.0,112.0,-638.0,-171.0,-576.0,242.0,359.0
124.0,,-153.0,334.0,118.0,-800.0,-198.0,-870.0,290.0,360.0
169.0,,-111.0,370.0,103.0,-786.0,-186.0,-521.0,332.0,344.0
199.0,,-85.0,355.0,66.0,-751.0,-161.0,-715.0,343.0,326.0
221.0,,-75.0,301.0,28.0,-844.0,-165.0,-618.0,335.0,290.0
254.0,,-19.0,242.0,7.0,-925.0,-157.0,-489.0,315.0,296.0
294.0,,9.0,173.0,-7.0,-913.0,-168.0,-764.0,288.0,316.0
315.0,,49.0,126.0,-17.0,-835.0,-166.0,-530.0,274.0,318.0
331.0,,126.0,129.0,-13.0,-809.0,-154.0,-877.0,242.0,354.0
367.0,,180.0,168.0,-10.0,-891.0,-160.0,-665.0,213.0,419.0
415.0,,242.0,228.0,-27.0,-1016.0,-163.0,-788.0,193.0,475.0
446.0,,318.0,299.0,-73.0,-1018.0,-186.0,-885.0,185.0,529.0
455.0,,368.0,364.0,-141.0,-1059.0,-205.0,-633.0,201.0,565.0
482.0,,418.0,394.0,-195.0,-1156.0,-231.0,-894.0,220.0,627.0
507.0,,466.0,390.0,-220.0,-1164.0,-268.0,-504.0,258.0,680.0
527.0,,484.0,323.0,-228.0,-1154.0,-284.0,-705.0,298.0,668.0
536.0,,495.0,211.0,-241.0,-1108.0,-238.0,-609.0,336.0,661.0
516.0,,505.0,125.0,-258.0,-1150.0,-174.0,-545.0,383.0,701.0
519.0,,485.0,62.0,-242.0,-1194.0,-135.0,-739.0,419.0,733.0
488.0,,463.0,0.0,-185.0,-1144.0,-85.0,-408.0,438.0,748.0
446.0,,431.0,-42.0,-113.0,-1204.0,-74.0,-691.0,442.0,828.0
419.0,,378.0,-83.0,-36.0,-1279.0,-87.0,-417.0,419.0,916.0
398.0,,336.0,-156.0,35.0,-1294.0,-90.0,-567.0,371.0,1054.0
395.0,,285.0,-223.0,84.0,-1304.0,-98.0,-655.0,326.0,1197.0
366.0,,225.0,-224.0,113.0,-1289.0,-123.0,-548.0,284.0,1269.0
359.0,,148.0,-227.0,158.0,-1379.0,-136.0,-916.0,252.0,1283.0
340.0,,87.0,-242.0,232.0,-1464.0,-169.0,-578.0,230.0,1217.0
333.0,,40.0,-224.0,291.0,-1416.0,-218.0,-794.0,209.0,1157.0
364.0,,-58.0,-226.0,305.0,-1409.0,-239.0,-589.0,186.0,1054.0
348.0,,-111.0,-236.0,272.0,-1448.0,-286.0,-454.0,159.0,856.0
319.0,,-163.0,-247.0,214.0,-1476.0,-273.0,-502.0,127.0,631.0
330.0,,-253.0,-253.0,161.0,-1457.0,-239.0,-173.0,82.0,425.0
354.0,,-281.0,-256.0,121.0,-1421.0,-270.0,-493.0,28.0,225.0
326.0,,-320.0,-262.0,100.0,-1483.0,-275.0,-266.0,-29.0,40.0
281.0,,-352.0,-241.0,102.0,-1512.0,-256.0,-460.0,-84.0,-123.0
296.0,,-344.0,-216.0,128.0,-1459.0,-240.0,-467.0,-133.0,-217.0
326.0,,-355.0,-206.0,172.0,-1464.0,-235.0,-339.0,-164.0,-340.0
316.0,,-350.0,-206.0,210.0,-1535.0,-234.0,-567.0,-196.0,-445.0
295.0,,-325.0,-196.0,211.0,-1626.0,-221.0,-197.0,-221.0,-471.0
283.0,,-306.0,-151.0,180.0,-1642.0,-219.0,-430.0,-223.0,-538.0
318.0,,-264.0,-125.0,133.0,-1565.0,-217.0,-229.0,-229.0,-536.0
318.0,,-237.0,-152.0,77.0,-1523.0,-201.0,-227.0,-224.0,-558.0
267.0,,-211.0,-184.0,22.0,-1597.0,-187.0,-328.0,-200.0,-566.0
272.0,,-160.0,-228.0,-22.0,-1625.0,-176.0,-40.0,-162.0,-514.0
304.0,,-150.0,-301.0,-65.0,-1575.0,-180.0,-273.0,-117.0,-474.0
305.0,,-118.0,-364.0,-113.0,-1588.0,-172.0,79.0,-64.0,-383.0
265.0,,-84.0,-411.0,-151.0,-1572.0,-154.0,-96.0,-5.0,-290.0
250.0,,-68.0,-459.0,-167.0,-1569.0,-158.0,-64.0,62.0,-174.0
268.0,,-44.0,-513.0,-156.0,-1526.0,-172.0,49.0,140.0,-24.0
268.0,,-44.0,-556.0,-117.0,-1450.0,-191.0,-219.0,206.0,96.0
229.0,,-27.0,-559.0,-61.0,-1508.0,-194.0,46.0,271.0,213.0
189.0,,-20.0,-551.0,-14.0,-1464.0,-184.0,-290.0,342.0,351.0
181.0,,-52.0,-542.0,15.0,-1388.0,-163.0,-133.0,398.0,394.0
150.0,,-68.0,-474.0,42.0,-1440.0,-148.0,-164.0,441.0,411.0
100.0,,-85.0,-399.0,70.0,-1509.0,-151.0,-158.0,466.0,374.0
49.0,,-141.0,-377.0,100.0,-1558.0,-131.0,160.0,474.0,312.0
36.0,,-156.0,-336.0,134.0,-1527.0,-102.0,-96.0,448.0,270.0
51.0,,-159.0,-280.0,154.0,-1446.0,-88.0,175.0,389.0,180.0
46.0,,-193.0,-250.0,144.0,-1440.0,-115.0,-107.0,315.0,173.0
39.0,,-182.0,-228.0,108.0,-1419.0,-161.0,-9.0,222.0,183.0
55.0,,-180.0,-206.0,48.0,-1302.0,-169.0,107.0,117.0,246.0
78.0,,-184.0,-192.0,-38.0,-1291.0,-158.0,-75.0,14.0,326.0
62.0,,-172.0,-233.0,-125.0,-1329.0,-149.0,242.0,-79.0,361.0
42.0,,-171.0,-303.0,-185.0,-1331.0,-159.0,-99.0,-169.0,432.0
36.0,,-155.0,-348.0,-224.0,-1329.0,-146.0,96.0,-225.0,484.0
25.0,,-133.0,-377.0,-241.0,-1303.0,-127.0,-12.0,-254.0,494.0
7.0,,-97.0,-376.0,-246.0,-1343.0,-168.0,-103.0,-267.0,478.0
-29.0,,-54.0,-380.0,-242.0,-1358.0,-172.0,62.0,-256.0,444.0
-36.0,,-6.0,-376.0,-228.0,-1311.0,-129.0,-203.0,-238.0,380.0
-25.0,,41.0,-363.0,-213.0,-1279.0,-101.0,192.0,-206.0,294.0
-36.0,,89.0,-291.0,-183.0,-1247.0,-88.0,59.0,-191.0,186.0
-36.0,,136.0,-137.0,-122.0,-1220.0,-90.0,243.0,-183.0,85.0
-32.0,,165.0,-10.0,-15.0,-1231.0,-108.0,284.0,-170.0,-29.0
-30.0,,195.0,72.0,106.0,-1228.0,-155.0,62.0,-182.0,-104.0
-47.0,,197.0,111.0,202.0,-1243.0,-187.0,332.0,-207.0,-153.0
-81.0,,208.0,112.0,268.0,-1217.0,-176.0,12.0,-228.0,-132.0
-116.0,,185.0,83.0,295.0,-1123.0,-170.0,299.0,-247.0,-33.0
-182.0,,138.0,6.0,308.0,-1154.0,-169.0,210.0,-273.0,37.0
-255.0,,126.0,-100.0,303.0,-1174.0,-164.0,173.0,-306.0,201.0
-310.0,,42.0,-202.0,284.0,-1152.0,-140.0,308.0,-340.0,376.0
-360.0,,-20.0,-287.0,256.0,-1168.0,-85.0,7.0,-363.0,511.0
-431.0,,-81.0,-335.0,203.0,-1153.0,1.0,367.0,-377.0,671.0
-495.0,,-184.0,-404.0,138.0,-1204.0,91.0,118.0,-398.0,820.0
-520.0,,-225.0,-454.0,63.0,-1240.0,129.0,181.0,-425.0,920.0
-518.0,,-278.0,-453.0,-11.0,-1139.0,150.0,125.0,-458.0,948.0
-506.0,,-326.0,-497.0,-87.0,-1068.0,184.0,25.0,-480.0,922.0
-513.0,,-331.0,-494.0,-155.0,-1079.0,188.0,358.0,-477.0,868.0
-506.0,,-344.0,-509.0,-195.0,-1039.0,180.0,18.0,-464.0,830.0
-446.0,,-343.0,-507.0,-203.0,-986.0,221.0,275.0,-423.0,792.0
-385.0,,-321.0,-466.0,-196.0,-920.0,232.0,109.0,-358.0,750.0
-364.0,,-294.0,-511.0,-201.0,-891.0,196.0,105.0,-282.0,715.0
-338.0,,-274.0,-464.0,-205.0,-957.0,172.0,256.0,-208.0,704.0
-282.0,,-245.0,-383.0,-190.0,-937.0,162.0,24.0,-141.0,677.0
-197.0,,-208.0,-315.0,-151.0,-897.0,187.0,363.0,-72.0,645.0
-121.0,,-186.0,-235.0,-100.0,-924.0,202.0,109.0,-20.0,625.0
-90.0,,-165.0,-193.0,-52.0,-895.0,229.0,328.0,33.0,566.0
-40.0,,-132.0,-180.0,-11.0,-829.0,265.0,373.0,83.0,525.0
34.0,,-123.0,-135.0,7.0,-785.0,270.0,310.0,121.0,483.0
102.0,,-122.0,-69.0,6.0,-778.0,272.0,587.0,135.0,439.0
125.0,,-100.0,-153.0,-7.0,-820.0,251.0,282.0,141.0,379.0
163.0,,-118.0,-242.0,-17.0,-805.0,261.0,528.0,141.0,303.0
254.0,,-151.0,-290.0,-15.0,-740.0,302.0,236.0,106.0,269.0
285.0,,-153.0,-395.0,7.0,-737.0,299.0,229.0,69.0,241.0
297.0,,-188.0,-525.0,57.0,-733.0,278.0,319.0,18.0,228.0
341.0,,-225.0,-691.0,113.0,-724.0,255.0,70.0,-40.0,230.0
404.0,,-231.0,-864.0,136.0,-688.0,228.0,402.0,-98.0,250.0
450.0,,-258.0,-952.0,122.0,-661.0,232.0,157.0,-172.0,291.0
469.0,,-268.0,-916.0,104.0,-711.0,252.0,406.0,-250.0,347.0
510.0,,-278.0,-927.0,85.0,-692.0,273.0,314.0,-322.0,374.0
544.0,,-310.0,-923.0,75.0,-659.0,275.0,271.0,-399.0,426.0
572.0,,-306.0,-845.0,62.0,-725.0,280.0,585.0,-444.0,474.0
576.0,,-310.0,-658.0,25.0,-767.0,321.0,321.0,-452.0,513.0
552.0,,-310.0,-362.0,-20.0,-705.0,341.0,661.0,-448.0,564.0
531.0,,-293.0,-242.0,-60.0,-642.0,367.0,447.0,-428.0,549.0
478.0,,-277.0,-192.0,-94.0,-655.0,414.0,561.0,-410.0,572.0
417.0,,-249.0,-84.0,-139.0,-723.0,470.0,630.0,-391.0,538.0
356.0,,-245.0,28.0,-186.0,-736.0,497.0,384.0,-354.0,486.0
290.0,,-212.0,117.0,-206.0,-687.0,484.0,639.0,-309.0,484.0
222.0,,-177.0,118.0,-184.0,-720.0,481.0,336.0,-266.0,427.0
108.0,,-185.0,71.0,-129.0,-767.0,467.0,630.0,-219.0,349.0
15.0,,-152.0,61.0,-61.0,-760.0,467.0,565.0,-145.0,303.0
-36.0,,-151.0,110.0,-2.0,-743.0,483.0,596.0,-55.0,246.0
-119.0,,-163.0,121.0,23.0,-712.0,481.0,801.0,40.0,167.0
-203.0,,-119.0,95.0,22.0,-724.0,467.0,521.0,152.0,152.0
-244.0,,-121.0,100.0,-5.0,-694.0,470.0,816.0,262.0,101.0
-253.0,,-115.0,142.0,-66.0,-602.0,463.0,478.0,354.0,101.0
-265.0,,-86.0,142.0,-133.0,-633.0,426.0,617.0,450.0,106.0
-287.0,,-112.0,41.0,-196.0,-678.0,439.0,702.0,538.0,106.0
-305.0,,-118.0,-73.0,-231.0,-643.0,465.0,639.0,590.0,186.0
-284.0,,-108.0,-105.0,-215.0,-655.0,479.0,962.0,639.0,243.0
-268.0,,-129.0,-70.0,-160.0,-658.0,485.0,631.0,664.0,311.0
-303.0,,-129.0,-88.0,-95.0,-665.0,472.0,848.0,644.0,360.0
-316.0,,-112.0,-134.0,-56.0,-689.0,452.0,611.0,600.0,426.0
-304.0,,-109.0,-145.0,-68.0,-641.0,437.0,569.0,516.0,477.0
-296.0,,-75.0,-135.0,-109.0,-636.0,440.0,663.0,421.0,492.0
-334.0,,-48.0,-89.0,-159.0,-689.0,414.0,410.0,326.0,475.0
-380.0,,-32.0,-59.0,-193.0,-679.0,383.0,746.0,252.0,396.0
-363.0,,3.0,-57.0,-197.0,-598.0,366.0,493.0,182.0,293.0
-338.0,,16.0,-27.0,-184.0,-514.0,353.0,709.0,108.0,189.0
-353.0,,58.0,41.0,-153.0,-492.0,367.0,713.0,52.0,57.0
-397.0,,81.0,118.0,-106.0,-487.0,361.0,676.0,3.0,-111.0
-388.0,,92.0,145.0,-43.0,-438.0,364.0,964.0,-21.0,-251.0
-326.0,,139.0,152.0,23.0,-431.0,384.0,678.0,-39.0,-393.0
-307.0,,126.0,185.0,74.0,-494.0,420.0,992.0,-28.0,-491.0
-350.0,,163.0,221.0,105.0,-469.0,442.0,727.0,3.0,-573.0
-371.0,,187.0,262.0,108.0,-422.0,447.0,759.0,54.0,-628.0
-343.0,,170.0,293.0,92.0,-406.0,476.0,859.0,128.0,-628.0
-360.0,,215.0,303.0,85.0,-329.0,479.0,654.0,205.0,-607.0
-429.0,,201.0,298.0,100.0,-322.0,496.0,1031.0,293.0,-571.0
-492.0,,197.0,281.0,129.0,-287.0,512.0,770.0,357.0,-527.0
-533.0,,215.0,264.0,145.0,-157.0,511.0,1038.0,406.0,-459.0
-582.0,,201.0,224.0,134.0,-148.0,518.0,890.0,434.0,-436.0
-639.0,,192.0,156.0,112.0,-121.0,507.0,752.0,429.0,-399.0
-677.0,,220.0,72.0,101.0,-84.0,499.0,995.0,398.0,-400.0
-693.0,,230.0,-2.0,104.0,-46.0,501.0,716.0,330.0,-420.0
-693.0,,234.0,-83.0,121.0,37.0,523.0,1036.0,241.0,-396.0
-711.0,,284.0,-178.0,143.0,-3.0,525.0,825.0,121.0,-366.0
-729.0,,292.0,-245.0,156.0,37.0,545.0,1023.0,-4.0,-310.0
-712.0,,339.0,-294.0,153.0,110.0,557.0,1104.0,-141.0,-286.0
-692.0,,369.0,-325.0,114.0,73.0,553.0,868.0,-274.0,-251.0
-653.0,,397.0,-355.0,52.0,80.0,578.0,1084.0,-390.0,-239.0
-609.0,,434.0,-373.0,-10.0,114.0,568.0,774.0,-498.0,-247.0
-568.0,,427.0,-323.0,-59.0,120.0,564.0,1158.0,-594.0,-269.0
-498.0,,467.0,-257.0,-67.0,112.0,573.0,1149.0,-663.0,-336.0
-448.0,,451.0,-221.0,-34.0,156.0,568.0,1164.0,-697.0,-422.0
-412.0,,445.0,-214.0,20.0,199.0,550.0,1237.0,-706.0,-544.0
-374.0,,458.0,-221.0,79.0,267.0,526.0,859.0,-701.0,-669.0
-320.0,,429.0,-231.0,120.0,253.0,517.0,1117.0,-698.0,-795.0
-278.0,,427.0,-238.0,122.0,175.0,495.0,824.0,-672.0,-882.0
-245.0,,400.0,-283.0,85.0,189.0,476.0,1051.0,-647.0,-941.0
-186.0,,358.0,-355.0,25.0,176.0,465.0,1121.0,-627.0,-960.0
-167.0,,306.0,-391.0,-42.0,215.0,464.0,1006.0,-602.0,-917.0
-168.0,,243.0,-408.0,-106.0,193.0,478.0,1258.0,-592.0,-846.0
-189.0,,157.0,-424.0,-151.0,150.0,497.0,903.0,-560.0,-681.0
-216.0,,92.0,-434.0,-168.0,245.0,518.0,1184.0,-532.0,-502.0
-234.0,,23.0,-435.0,-179.0,265.0,518.0,995.0,-513.0,-330.0
-277.0,,-60.0,-414.0,-197.0,227.0,532.0,1025.0,-471.0,-183.0
-298.0,,-95.0,-362.0,-207.0,219.0,578.0,1199.0,-435.0,-57.0
-304.0,,-168.0,-311.0,-198.0,232.0,612.0,1047.0,-398.0,61.0
-307.0,,-224.0,-244.0,-169.0,244.0,603.0,1415.0,-336.0,115.0
-301.0,,-245.0,-142.0,-146.0,192.0,593.0,1121.0,-265.0,171.0
-274.0,,-281.0,-53.0,-126.0,139.0,587.0,1334.0,-206.0,206.0
-221.0,,-294.0,13.0,-102.0,183.0,546.0,1239.0,-144.0,227.0
-189.0,,-272.0,51.0,-65.0,168.0,528.0,1106.0,-86.0,246.0
-156.0,,-249.0,85.0,-3.0,110.0,542.0,1348.0,-24.0,277.0
-120.0,,-238.0,156.0,52.0,146.0,529.0,1031.0,30.0,310.0
-97.0,,-192.0,204.0,92.0,160.0,529.0,1339.0,61.0,351.0
-93.0,,-166.0,198.0,121.0,164.0,564.0,1145.0,93.0,420.0
-107.0,,-164.0,166.0,136.0,122.0,609.0,1221.0,110.0,468.0
-98.0,,-162.0,110.0,137.0,43.0,657.0,1291.0,113.0,513.0
-88.0,,-162.0,46.0,114.0,43.0,690.0,1140.0,121.0,528.0
-80.0,,-173.0,-27.0,76.0,39.0,749.0,1474.0,121.0,526.0
-96.0,,-182.0,-100.0,55.0,-51.0,775.0,1178.0,118.0,532.0
-111.0,,-185.0,-150.0,50.0,-82.0,758.0,1450.0,116.0,528.0
-100.0,,-205.0,-159.0,60.0,27.0,727.0,1330.0,119.0,495.0
-111.0,,-185.0,-150.0,83.0,72.0,676.0,1321.0,108.0,428.0
-167.0,,-173.0,-138.0,90.0,4.0,684.0,1515.0,101.0,358.0
-240.0,,-195.0,-103.0,82.0,-28.0,658.0,1202.0,130.0,301.0
-234.0,,-180.0,-65.0,61.0,33.0,586.0,1592.0,173.0,220.0
-231.0,,-188.0,-33.0,25.0,97.0,559.0,1402.0,213.0,119.0
-259.0,,-214.0,8.0,2.0,64.0,540.0,1533.0,248.0,22.0
-237.0,,-232.0,41.0,10.0,50.0,509.0,1491.0,270.0,-76.0
-212.0,,-247.0,46.0,27.0,105.0,469.0,1236.0,278.0,-144.0
-184.0,,-260.0,72.0,24.0,133.0,445.0,1422.0,249.0,-211.0
-181.0,,-280.0,129.0,5.0,68.0,439.0,1117.0,195.0,-306.0
-192.0,,-273.0,231.0,-14.0,-45.0,451.0,1457.0,141.0,-385.0
-168.0,,-279.0,353.0,-28.0,-16.0,448.0,1400.0,64.0,-442.0
-154.0,,-279.0,426.0,-47.0,62.0,447.0,1511.0,-24.0,-469.0
-163.0,,-252.0,500.0,-66.0,35.0,478.0,1607.0,-99.0,-427.0
-164.0,,-248.0,560.0,-71.0,57.0,477.0,1250.0,-159.0,-329.0
-140.0,,-217.0,571.0,-52.0,106.0,469.0,1480.0,-195.0,-187.0
-126.0,,-160.0,572.0,-22.0,169.0,484.0,1171.0,-214.0,-10.0
-131.0,,-125.0,570.0,-11.0,231.0,479.0,1389.0,-209.0,177.0
-129.0,,-77.0,557.0,-14.0,163.0,463.0,1404.0,-195.0,365.0
-124.0,,-23.0,493.0,-30.0,112.0,453.0,1317.0,-195.0,505.0
-138.0,,14.0,411.0,-55.0,166.0,437.0,1553.0,-164.0,613.0
-195.0,,53.0,364.0,-76.0,181.0,440.0,1237.0,-105.0,687.0
-215.0,,104.0,327.0,-93.0,145.0,458.0,1494.0,-31.0,687.0
-214.0,,128.0,310.0,-98.0,179.0,472.0,1274.0,52.0,601.0
-259.0,,138.0,298.0,-113.0,239.0,486.0,1369.0,132.0,486.0
-290.0,,154.0,324.0,-134.0,237.0,467.0,1457.0,233.0,364.0
-332.0,,122.0,389.0,-149.0,162.0,446.0,1239.0,305.0,194.0
-341.0,,100.0,436.0,-151.0,108.0,467.0,1600.0,348.0,34.0
-329.0,,93.0,502.0,-112.0,189.0,474.0,1298.0,372.0,-119.0
-359.0,,53.0,552.0,-52.0,234.0,436.0,1454.0,353.0,-251.0
-364.0,,40.0,574.0,12.0,185.0,408.0,1273.0,319.0,-354.0
-359.0,,16.0,595.0,80.0,173.0,389.0,1125.0,240.0,-441.0
-357.0,,-9.0,576.0,141.0,201.0,377.0,1328.0,141.0,-537.0
-365.0,,-7.0,543.0,191.0,248.0,361.0,1091.0,51.0,-636.0
-386.0,,-56.0,487.0,222.0,232.0,342.0,1468.0,-47.0,-711.0
-393.0,,-73.0,417.0,241.0,182.0,350.0,1223.0,-134.0,-791.0
-387.0,,-69.0,336.0,243.0,244.0,366.0,1315.0,-230.0,-812.0
-383.0,,-96.0,231.0,217.0,269.0,402.0,1324.0,-324.0,-821.0
-411.0,,-75.0,166.0,162.0,181.0,410.0,1038.0,-403.0,-810.0
-424.0,,-46.0,103.0,95.0,169.0,412.0,1295.0,-466.0,-736.0
-403.0,,-19.0,45.0,42.0,215.0,434.0,997.0,-499.0,-641.0
-399.0,,23.0,13.0,17.0,290.0,421.0,1243.0,-514.0,-524.0
-373.0,,66.0,-3.0,20.0,334.0,406.0,1075.0,-534.0,-413.0
-323.0,,105.0,-5.0,58.0,289.0,409.0,975.0,-549.0,-310.0
-297.0,,152.0,-25.0,128.0,317.0,419.0,1056.0,-548.0,-214.0
-289.0,,175.0,-36.0,189.0,367.0,401.0,702.0,-539.0,-121.0
-280.0,,210.0,-27.0,218.0,324.0,389.0,982.0,-503.0,-109.0
-259.0,,241.0,6.0,214.0,304.0,391.0,667.0,-459.0,-136.0
-260.0,,257.0,54.0,190.0,338.0,374.0,774.0,-427.0,-167.0
-307.0,,314.0,87.0,169.0,372.0,358.0,742.0,-395.0,-252.0
-351.0,,327.0,120.0,143.0,407.0,340.0,489.0,-370.0,-332.0
-353.0,,345.0,138.0,102.0,369.0,332.0,689.0,-360.0,-427.0
-375.0,,371.0,159.0,59.0,356.0,302.0,369.0,-351.0,-497.0
-437.0,,341.0,202.0,12.0,375.0,274.0,663.0,-332.0,-505.0
-467.0,,328.0,225.0,-39.0,268.0,258.0,541.0,-305.0,-493.0
-498.0,,293.0,252.0,-84.0,229.0,239.0,596.0,-268.0,-449.0
-528.0,,244.0,281.0,-114.0,268.0,266.0,703.0,-221.0,-365.0
-517.0,,235.0,288.0,-111.0,333.0,292.0,371.0,-176.0,-291.0
-507.0,,185.0,290.0,-83.0,340.0,300.0,646.0,-145.0,-238.0
-497.0,,141.0,235.0,-50.0,243.0,305.0,319.0,-122.0,-185.0
-462.0,,116.0,165.0,-15.0,287.0,299.0,524.0,-115.0,-173.0
-424.0,,63.0,106.0,18.0,377.0,300.0,570.0,-100.0,-196.0
-397.0,,42.0,15.0,59.0,306.0,285.0,491.0,-78.0,-214.0
-380.0,,-1.0,-76.0,104.0,165.0,267.0,776.0,-72.0,-228.0
-363.0,,-28.0,-166.0,150.0,165.0,244.0,412.0,-70.0,-262.0
-344.0,,-44.0,-264.0,191.0,260.0,217.0,607.0,-74.0,-284.0
-315.0,,-81.0,-341.0,206.0,292.0,199.0,343.0,-94.0,-309.0
-257.0,,-100.0,-387.0,188.0,256.0,178.0,371.0,-117.0,-304.0
-189.0,,-115.0,-408.0,136.0,267.0,163.0,515.0,-113.0,-283.0
-135.0,,-111.0,-382.0,81.0,354.0,137.0,315.0,-99.0,-288.0
-92.0,,-109.0,-335.0,54.0,341.0,126.0,657.0,-62.0,-274.0
-20.0,,-111.0,-285.0,56.0,236.0,134.0,338.0,-6.0,-289.0
47.0,,-105.0,-243.0,75.0,166.0,123.0,478.0,44.0,-296.0
55.0,,-63.0,-204.0,78.0,198.0,104.0,341.0,81.0,-296.0
52.0,,-34.0,-123.0,41.0,233.0,81.0,186.0,115.0,-357.0
64.0,,-5.0,-50.0,-23.0,155.0,76.0,397.0,142.0,-389.0
75.0,,49.0,-23.0,-81.0,93.0,90.0,164.0,149.0,-389.0
64.0,,79.0,-6.0,-123.0,148.0,92.0,532.0,158.0,-407.0
44.0,,111.0,6.0,-155.0,186.0,94.0,297.0,168.0,-399.0
46.0,,139.0,24.0,-179.0,127.0,94.0,369.0,190.0,-409.0
49.0,,157.0,12.0,-192.0,84.0,79.0,339.0,217.0,-415.0
37.0,,173.0,-27.0,-202.0,123.0,88.0,16.0,250.0,-390.0
46.0,,191.0,-68.0,-228.0,125.0,97.0,282.0,278.0,-368.0
84.0,,180.0,-128.0,-257.0,39.0,87.0,-5.0,287.0,-370.0
110.0,,174.0,-149.0,-268.0,-19.0,91.0,267.0,286.0,-350.0
129.0,,170.0,-116.0,-246.0,-16.0,89.0,116.0,278.0,-325.0
128.0,,140.0,-83.0,-197.0,-4.0,65.0,11.0,282.0,-328.0
94.0,,118.0,-65.0,-142.0,-73.0,76.0,127.0,278.0,-267.0
67.0,,89.0,-61.0,-98.0,-142.0,120.0,-221.0,269.0,-266.0
33.0,,58.0,-22.0,-83.0,-93.0,125.0,66.0,255.0,-248.0
-20.0,,21.0,30.0,-88.0,-67.0,116.0,-229.0,242.0,-164.0
-61.0,,-6.0,18.0,-87.0,-105.0,113.0,-105.0,240.0,-134.0
-92.0,,-34.0,-13.0,-62.0,-162.0,123.0,-73.0,227.0,-93.0
-118.0,,-65.0,-31.0,-5.0,-100.0,132.0,-225.0,208.0,-107.0
-161.0,,-86.0,-46.0,80.0,24.0,120.0,38.0,190.0,-183.0
-206.0,,-105.0,-48.0,177.0,-3.0,141.0,-317.0,153.0,-274.0
-212.0,,-132.0,-22.0,270.0,4.0,171.0,-60.0,109.0,-409.0
-218.0,,-136.0,39.0,349.0,37.0,152.0,-254.0,66.0,-585.0
-227.0,,-150.0,98.0,385.0,16.0,132.0,-277.0,36.0,-737.0
-206.0,,-172.0,138.0,357.0,-5.0,135.0,-96.0,33.0,-874.0
-185.0,,-149.0,171.0,289.0,-106.0,153.0,-345.0,20.0,-990.0
-174.0,,-180.0,193.0,211.0,-130.0,174.0,-72.0,34.0,-1032.0
-164.0,,-167.0,206.0,153.0,-45.0,154.0,-408.0,62.0,-1048.0
-152.0,,-140.0,188.0,116.0,-68.0,122.0,-249.0,81.0,-1023.0
-146.0,,-174.0,167.0,76.0,-99.0,143.0,-264.0,125.0,-921.0
-136.0,,-151.0,150.0,30.0,-48.0,155.0,-373.0,178.0,-762.0
-125.0,,-162.0,118.0,-23.0,-45.0,152.0,-151.0,224.0,-587.0
-131.0,,-183.0,83.0,-86.0,-70.0,158.0,-543.0,253.0,-392.0
-123.0,,-179.0,70.0,-134.0,-88.0,146.0,-310.0,273.0,-200.0
-106.0,,-198.0,108.0,-162.0,-100.0,152.0,-528.0,276.0,3.0
-114.0,,-213.0,158.0,-159.0,-90.0,153.0,-410.0,280.0,223.0
-132.0,,-222.0,223.0,-122.0,-117.0,148.0,-203.0,286.0,390.0
-129.0,,-241.0,312.0,-78.0,-202.0,157.0,-419.0,280.0,544.0
-115.0,,-266.0,394.0,-38.0,-200.0,137.0,-110.0,254.0,689.0
-126.0,,-282.0,453.0,-10.0,-159.0,115.0,-439.0,204.0,776.0
-143.0,,-295.0,489.0,-6.0,-196.0,87.0,-293.0,158.0,811.0
-143.0,,-286.0,504.0,-27.0,-249.0,49.0,-408.0,111.0,815.0
-133.0,,-280.0,480.0,-50.0,-271.0,3.0,-515.0,73.0,724.0
-121.0,,-256.0,422.0,-52.0,-224.0,-37.0,-299.0,43.0,611.0
-121.0,,-222.0,353.0,-23.0,-241.0,-57.0,-561.0,39.0,483.0
-145.0,,-207.0,273.0,22.0,-279.0,-69.0,-168.0,63.0,282.0
-155.0,,-170.0,189.0,58.0,-269.0,-71.0,-358.0,89.0,81.0
-153.0,,-157.0,107.0,74.0,-267.0,-79.0,-279.0,117.0,-95.0
-145.0,,-170.0,28.0,57.0,-206.0,-86.0,-242.0,150.0,-239.0
-134.0,,-169.0,-39.0,6.0,-273.0,-101.0,-508.0,171.0,-383.0
-124.0,,-183.0,-77.0,-61.0,-377.0,-117.0,-319.0,168.0,-479.0
-75.0,,-225.0,-122.0,-124.0,-326.0,-124.0,-650.0,154.0,-526.0
-39.0,,-233.0,-180.0,-171.0,-352.0,-137.0,-376.0,113.0,-518.0
-19.0,,-253.0,-228.0,-181.0,-446.0,-155.0,-509.0,69.0,-469.0
14.0,,-276.0,-289.0,-135.0,-484.0,-163.0,-504.0,40.0,-411.0
50.0,,-251.0,-324.0,-60.0,-438.0,-198.0,-321.0,0.0,-321.0
90.0,,-262.0,-337.0,15.0,-356.0,-230.0,-642.0,-41.0,-236.0
123.0,,-235.0,-307.0,60.0,-363.0,-226.0,-328.0,-88.0,-144.0
164.0,,-182.0,-218.0,62.0,-392.0,-236.0,-609.0,-123.0,-74.0
190.0,,-150.0,-131.0,38.0,-379.0,-215.0,-463.0,-130.0,1.0
188.0,,-87.0,-33.0,11.0,-369.0,-219.0,-393.0,-118.0,54.0
204.0,,-6.0,78.0,-1.0,-450.0,-258.0,-515.0,-81.0,95.0
217.0,,84.0,184.0,-6.0,-493.0,-259.0,-264.0,-16.0,172.0
197.0,,162.0,231.0,7.0,-454.0,-272.0,-637.0,60.0,253.0
186.0,,241.0,217.0,54.0,-451.0,-265.0,-467.0,151.0,320.0
196.0,,317.0,249.0,128.0,-458.0,-253.0,-733.0,239.0,360.0
207.0,,380.0,272.0,210.0,-519.0,-266.0,-702.0,304.0,415.0
214.0,,437.0,191.0,277.0,-500.0,-249.0,-469.0,363.0,473.0
211.0,,474.0,43.0,307.0,-422.0,-239.0,-683.0,400.0,510.0
207.0,,472.0,-124.0,296.0,-502.0,-233.0,-339.0,421.0,512.0
188.0,,474.0,-276.0,248.0,-563.0,-214.0,-659.0,401.0,535.0
145.0,,470.0,-387.0,161.0,-519.0,-225.0,-484.0,321.0,544.0
71.0,,403.0,-529.0,58.0,-488.0,-243.0,-415.0,235.0,535.0
-4.0,,378.0,-674.0,-31.0,-460.0,-283.0,-437.0,147.0,549.0
-61.0,,330.0,-750.0,-89.0,-484.0,-316.0,-120.0,44.0,518.0
-107.0,,235.0,-809.0,-115.0,-471.0,-316.0,-426.0,-71.0,528.0
-150.0,,195.0,-837.0,-113.0,-429.0,-336.0,-129.0,-179.0,558.0
-199.0,,117.0,-874.0,-94.0,-465.0,-344.0,-297.0,-261.0,538.0
-225.0,,46.0,-893.0,-73.0,-457.0,-344.0,-223.0,-319.0,536.0
-248.0,,6.0,-835.0,-46.0,-446.0,-348.0,-123.0,-368.0,516.0
-288.0,,-62.0,-754.0,-21.0,-421.0,-340.0,-363.0,-406.0,465.0
-317.0,,-91.0,-647.0,-10.0,-401.0,-342.0,-70.0,-413.0,432.0
-337.0,,-81.0,-534.0,-17.0,-409.0,-351.0,-410.0,-412.0,335.0
-336.0,,-80.0,-379.0,-29.0,-374.0,-372.0,-212.0,-383.0,164.0
-330.0,,-63.0,-186.0,-35.0,-386.0,-384.0,-336.0,-330.0,0.0
-316.0,,-30.0,-20.0,-49.0,-447.0,-372.0,-406.0,-280.0,-186.0
-272.0,,0.0,119.0,-77.0,-507.0,-386.0,-88.0,-203.0,-430.0
-211.0,,38.0,194.0,-107.0,-499.0,-417.0,-288.0,-123.0,-714.0
-147.0,,99.0,238.0,-116.0,-436.0,-450.0,116.0,-50.0,-980.0
-96.0,,145.0,223.0,-105.0,-423.0,-489.0,-84.0,15.0,-1202.0
-38.0,,188.0,163.0,-106.0,-454.0,-503.0,-60.0,69.0,-1373.0
42.0,,234.0,134.0,-107.0,-452.0,-511.0,-136.0,97.0,-1497.0
97.0,,259.0,65.0,-77.0,-404.0,-501.0,-395.0,97.0,-1575.0
118.0,,259.0,-14.0,-16.0,-409.0,-491.0,-97.0,102.0,-1623.0
145.0,,254.0,-44.0,45.0,-469.0,-492.0,-399.0,99.0,-1657.0
169.0,,236.0,-48.0,80.0,-456.0,-475.0,-144.0,97.0,-1621.0
172.0,,188.0,-27.0,75.0,-388.0,-454.0,-312.0,80.0,-1547.0
176.0,,153.0,14.0,34.0,-340.0,-423.0,-397.0,53.0,-1475.0
174.0,,119.0,82.0,-35.0,-369.0,-439.0,-223.0,35.0,-1358.0
185.0,,86.0,159.0,-114.0,-406.0,-463.0,-530.0,0.0,-1244.0
214.0,,56.0,218.0,-188.0,-363.0,-467.0,-192.0,-47.0,-1152.0
202.0,,46.0,269.0,-244.0,-373.0,-502.0,-430.0,-100.0,-1053.0
193.0,,46.0,307.0,-268.0,-389.0,-546.0,-286.0,-141.0,-1020.0
213.0,,46.0,330.0,-278.0,-388.0,-563.0,-240.0,-183.0,-1055.0
231.0,,66.0,327.0,-269.0,-393.0,-532.0,-399.0,-211.0,-1096.0
233.0,,66.0,297.0,-235.0,-341.0,-520.0,-46.0,-196.0,-1150.0
267.0,,85.0,251.0,-194.0,-315.0,-521.0,-367.0,-146.0,-1236.0
319.0,,86.0,203.0,-152.0,-295.0,-526.0,-133.0,-67.0,-1336.0
350.0,,75.0,166.0,-118.0,-242.0,-553.0,-254.0,28.0,-1429.0
385.0,,70.0,114.0,-97.0,-176.0,-558.0,-267.0,153.0,-1518.0
386.0,,56.0,86.0,-91.0,-176.0,-556.0,-92.0,279.0,-1612.0
394.0,,42.0,117.0,-89.0,-176.0,-572.0,-341.0,427.0,-1675.0
430.0,,-7.0,148.0,-60.0,-97.0,-593.0,-73.0,591.0,-1696.0
452.0,,-34.0,135.0,4.0,-92.0,-601.0,-474.0,726.0,-1704.0
443.0,,-85.0,98.0,87.0,-114.0,-631.0,-417.0,863.0,-1692.0
443.0,,-137.0,72.0,150.0,-104.0,-660.0,-493.0,960.0,-1666.0
481.0,,-137.0,47.0,159.0,-85.0,-674.0,-600.0,1022.0,-1594.0
503.0,,-170.0,31.0,110.0,-56.0,-715.0,-238.0,1085.0,-1470.0
487.0,,-183.0,40.0,26.0,-37.0,-746.0,-474.0,1131.0,-1348.0
462.0,,-154.0,38.0,-70.0,2.0,-773.0,-181.0,1157.0,-1209.0
474.0,,-160.0,6.0,-140.0,50.0,-810.0,-434.0,1156.0,-1040.0
488.0,,-148.0,-40.0,-155.0,91.0,-813.0,-373.0,1140.0,-874.0
492.0,,-111.0,-83.0,-133.0,80.0,-793.0,-175.0,1115.0,-668.0
521.0,,-119.0,-133.0,-89.0,13.0,-773.0,-375.0,1087.0,-474.0
564.0,,-104.0,-199.0,-33.0,-3.0,-758.0,-88.0,1035.0,-315.0
605.0,,-88.0,-254.0,16.0,24.0,-767.0,-441.0,976.0,-153.0
649.0,,-111.0,-307.0,41.0,25.0,-773.0,-249.0,924.0,-48.0
694.0,,-105.0,-366.0,52.0,24.0,-777.0,-347.0,853.0,41.0
739.0,,-116.0,-429.0,59.0,36.0,-800.0,-423.0,791.0,138.0
771.0,,-144.0,-518.0,56.0,47.0,-791.0,-127.0,730.0,224.0
776.0,,-141.0,-586.0,53.0,16.0,-757.0,-436.0,670.0,273.0
769.0,,-146.0,-612.0,50.0,-35.0,-749.0,-118.0,611.0,305.0
750.0,,-140.0,-608.0,48.0,-8.0,-733.0,-352.0,536.0,316.0
712.0,,-109.0,-584.0,31.0,15.0,-709.0,-327.0,437.0,279.0
673.0,,-108.0,-550.0,2.0,-5.0,-662.0,-260.0,302.0,215.0
634.0,,-96.0,-515.0,-14.0,-7.0,-584.0,-450.0,151.0,114.0
571.0,,-73.0,-467.0,-2.0,-6.0,-553.0,-142.0,1.0,-6.0
502.0,,-61.0,-362.0,34.0,10.0,-547.0,-447.0,-136.0,-140.0
432.0,,-33.0,-273.0,73.0,8.0,-536.0,-188.0,-268.0,-293.0
340.0,,-37.0,-207.0,98.0,-8.0,-514.0,-304.0,-369.0,-431.0
256.0,,-17.0,-111.0,111.0,-22.0,-485.0,-363.0,-448.0,-515.0
174.0,,-1.0,-10.0,92.0,-15.0,-468.0,-171.0,-490.0,-554.0
94.0,,-25.0,76.0,37.0,3.0,-484.0,-432.0,-468.0,-517.0
24.0,,1.0,139.0,-38.0,-18.0,-508.0,-75.0,-444.0,-408.0
-29.0,,-3.0,184.0,-108.0,4.0,-507.0,-282.0,-384.0,-273.0
-67.0,,-26.0,193.0,-138.0,-5.0,-522.0,-110.0,-279.0,-72.0
-116.0,,0.0,183.0,-132.0,-10.0,-506.0,-70.0,-173.0,171.0
-167.0,,2.0,178.0,-102.0,33.0,-472.0,-219.0,-57.0,390.0
-205.0,,-10.0,148.0,-56.0,-4.0,-455.0,0.0,60.0,601.0
-240.0,,-15.0,80.0,-19.0,-4.0,-423.0,-321.0,180.0,791.0
-268.0,,-59.0,-10.0,-3.0,-7.0,-405.0,-25.0,292.0,947.0
-288.0,,-88.0,-86.0,-2.0,-47.0,-383.0,-147.0,385.0,1084.0
-290.0,,-119.0,-143.0,-2.0,-62.0,-363.0,-60.0,467.0,1175.0
-291.0,,-169.0,-172.0,0.0,-66.0,-356.0,68.0,542.0,1197.0
-313.0,,-173.0,-163.0,17.0,-16.0,-327.0,-201.0,589.0,1202.0
-318.0,,-195.0,-138.0,44.0,1.0,-314.0,129.0,598.0,1207.0
-337.0,,-187.0,-98.0,58.0,-18.0,-337.0,-195.0,573.0,1144.0
-350.0,,-172.0,-58.0,52.0,-2.0,-344.0,-11.0,510.0,1046.0
-355.0,,-147.0,-39.0,22.0,5.0,-336.0,-49.0,404.0,950.0
-362.0,,-108.0,-41.0,-16.0,-6.0,-318.0,-182.0,281.0,838.0
-350.0,,-96.0,-79.0,-58.0,-10.0,-319.0,136.0,134.0,726.0
-338.0,,-64.0,-147.0,-83.0,28.0,-315.0,-158.0,-9.0,619.0
-313.0,,-45.0,-207.0,-77.0,47.0,-297.0,188.0,-108.0,498.0
-295.0,,-49.0,-274.0,-64.0,8.0,-288.0,77.0,-176.0,383.0
-252.0,,-39.0,-376.0,-68.0,27.0,-250.0,138.0,-215.0,325.0
-181.0,,-12.0,-471.0,-94.0,57.0,-235.0,256.0,-243.0,321.0
-103.0,,-45.0,-512.0,-137.0,66.0,-239.0,3.0,-257.0,312.0
-8.0,,-18.0,-509.0,-190.0,62.0,-243.0,249.0,-262.0,280.0
87.0,,-14.0,-480.0,-226.0,52.0,-255.0,-114.0,-285.0,273.0
187.0,,-61.0,-433.0,-238.0,74.0,-238.0,64.0,-290.0,254.0
262.0,,-31.0,-357.0,-228.0,85.0,-216.0,1.0,-284.0,222.0
311.0,,-54.0,-275.0,-199.0,139.0,-217.0,-66.0,-283.0,185.0
329.0,,-71.0,-200.0,-166.0,169.0,-205.0,138.0,-275.0,124.0
315.0,,-54.0,-88.0,-120.0,183.0,-160.0,-192.0,-266.0,85.0
295.0,,-54.0,48.0,-52.0,199.0,-121.0,121.0,-246.0,56.0
261.0,,-38.0,154.0,32.0,156.0,-103.0,-84.0,-209.0,5.0
183.0,,-2.0,211.0,109.0,158.0,-72.0,36.0,-178.0,-50.0
97.0,,10.0,293.0,144.0,181.0,-59.0,116.0,-139.0,-104.0
25.0,,47.0,380.0,132.0,173.0,-60.0,-129.0,-79.0,-173.0
-67.0,,84.0,380.0,113.0,166.0,-63.0,160.0,-10.0,-265.0
-171.0,,105.0,339.0,106.0,204.0,-98.0,-142.0,59.0,-392.0
-258.0,,131.0,280.0,108.0,295.0,-101.0,57.0,121.0,-493.0
-323.0,,117.0,215.0,114.0,366.0,-67.0,-83.0,172.0,-568.0
-380.0,,113.0,160.0,98.0,368.0,-42.0,-151.0,217.0,-627.0
-426.0,,60.0,106.0,59.0,388.0,-44.0,16.0,238.0,-663.0
-450.0,,26.0,68.0,0.0,399.0,-35.0,-251.0,232.0,-680.0
-450.0,,-5.0,22.0,-73.0,375.0,-26.0,105.0,218.0,-644.0
-420.0,,-73.0,15.0,-149.0,403.0,-25.0,-157.0,181.0,-574.0
-378.0,,-93.0,42.0,-214.0,453.0,-23.0,-59.0,169.0,-473.0
-335.0,,-128.0,31.0,-241.0,454.0,-42.0,-60.0,170.0,-358.0
-269.0,,-149.0,28.0,-234.0,440.0,-21.0,-264.0,157.0,-251.0
-180.0,,-144.0,44.0,-206.0,482.0,14.0,68.0,178.0,-144.0
-86.0,,-141.0,38.0,-175.0,471.0,58.0,-206.0,185.0,-65.0
-11.0,,-154.0,15.0,-142.0,470.0,98.0,99.0,195.0,-24.0
57.0,,-125.0,-19.0,-103.0,500.0,91.0,11.0,215.0,14.0
177.0,,-96.0,-55.0,-60.0,489.0,88.0,-22.0,221.0,16.0
290.0,,-99.0,-84.0,-23.0,547.0,107.0,105.0,248.0,8.0
355.0,,-37.0,-104.0,-15.0,577.0,132.0,-197.0,262.0,-1.0
416.0,,-13.0,-108.0,-46.0,619.0,152.0,86.0,274.0,-14.0
499.0,,25.0,-108.0,-82.0,667.0,160.0,-212.0,297.0,8.0
559.0,,85.0,-83.0,-85.0,640.0,166.0,-107.0,298.0,36.0
557.0,,116.0,-40.0,-62.0,601.0,211.0,-219.0,296.0,96.0
556.0,,179.0,-2.0,-30.0,535.0,218.0,-434.0,295.0,161.0
569.0,,207.0,22.0,-1.0,515.0,204.0,-160.0,279.0,240.0
553.0,,242.0,17.0,21.0,539.0,215.0,-447.0,259.0,303.0
497.0,,278.0,34.0,26.0,553.0,219.0,-125.0,242.0,381.0
431.0,,276.0,48.0,3.0,546.0,241.0,-258.0,202.0,454.0
408.0,,303.0,29.0,-28.0,528.0,257.0,-190.0,174.0,474.0
390.0,,294.0,-3.0,-74.0,584.0,292.0,-66.0,160.0,493.0
336.0,,281.0,-20.0,-118.0,651.0,341.0,-332.0,137.0,452.0
283.0,,304.0,-40.0,-141.0,632.0,367.0,-22.0,126.0,433.0
251.0,,287.0,-86.0,-156.0,596.0,402.0,-336.0,128.0,425.0
250.0,,281.0,-121.0,-174.0,607.0,435.0,-158.0,145.0,389.0
232.0,,308.0,-179.0,-203.0,615.0,433.0,-194.0,173.0,345.0
210.0,,293.0,-238.0,-229.0,583.0,426.0,-282.0,203.0,284.0
204.0,,298.0,-291.0,-219.0,540.0,447.0,-40.0,246.0,254.0
202.0,,315.0,-337.0,-163.0,516.0,455.0,-380.0,271.0,225.0
199.0,,256.0,-369.0,-87.0,563.0,445.0,-110.0,279.0,183.0
170.0,,260.0,-396.0,-36.0,621.0,426.0,-325.0,276.0,140.0
151.0,,266.0,-363.0,-14.0,570.0,378.0,-284.0,240.0,130.0
137.0,,197.0,-322.0,1.0,563.0,336.0,-181.0,198.0,163.0
129.0,,192.0,-272.0,19.0,581.0,335.0,-338.0,151.0,202.0
113.0,,147.0,-216.0,28.0,577.0,323.0,62.0,85.0,211.0
93.0,,85.0,-202.0,17.0,619.0,322.0,-242.0,24.0,198.0
102.0,,47.0,-176.0,4.0,602.0,322.0,-64.0,-14.0,153.0
122.0,,-38.0,-125.0,-3.0,632.0,327.0,-218.0,-48.0,97.0
121.0,,-82.0,-88.0,8.0,639.0,369.0,-404.0,-84.0,44.0
87.0,,-115.0,-61.0,54.0,596.0,386.0,-184.0,-100.0,-45.0
74.0,,-170.0,-24.0,108.0,614.0,381.0,-450.0,-124.0,-122.0
59.0,,-181.0,9.0,164.0,605.0,366.0,-92.0,-152.0,-200.0
28.0,,-203.0,41.0,217.0,619.0,364.0,-277.0,-169.0,-291.0
-40.0,,-204.0,62.0,249.0,620.0,376.0,-134.0,-192.0,-384.0
-96.0,,-182.0,74.0,252.0,630.0,369.0,-77.0,-218.0,-486.0
-121.0,,-195.0,85.0,239.0,631.0,341.0,-328.0,-244.0,-561.0
-176.0,,-164.0,88.0,222.0,628.0,333.0,-62.0,-264.0,-633.0
-249.0,,-147.0,124.0,213.0,655.0,349.0,-380.0,-276.0,-681.0
-307.0,,-134.0,176.0,212.0,599.0,330.0,-109.0,-284.0,-691.0
-314.0,,-89.0,180.0,181.0,596.0,324.0,-273.0,-301.0,-680.0
-362.0,,-91.0,138.0,112.0,575.0,308.0,-369.0,-322.0,-609.0
-427.0,,-65.0,50.0,30.0,540.0,279.0,-225.0,-343.0,-535.0
-414.0,,-23.0,-75.0,-46.0,569.0,278.0,-570.0,-362.0,-474.0
-368.0,,-43.0,-197.0,-98.0,515.0,273.0,-352.0,-382.0,-370.0
-368.0,,-27.0,-297.0,-112.0,510.0,276.0,-687.0,-412.0,-272.0
-377.0,,5.0,-384.0,-103.0,532.0,263.0,-522.0,-448.0,-147.0
-311.0,,-26.0,-458.0,-83.0,514.0,244.0,-445.0,-489.0,-14.0
-241.0,,-24.0,-485.0,-59.0,498.0,225.0,-528.0,-511.0,63.0
-201.0,,-25.0,-455.0,-42.0,442.0,199.0,-251.0,-529.0,125.0
-163.0,,-54.0,-378.0,-46.0,452.0,194.0,-615.0,-537.0,151.0
-87.0,,-64.0,-274.0,-73.0,442.0,207.0,-378.0,-534.0,159.0
-2.0,,-109.0,-145.0,-104.0,394.0,218.0,-587.0,-553.0,136.0
57.0,,-141.0,6.0,-141.0,413.0,213.0,-550.0,-564.0,99.0
110.0,,-157.0,125.0,-183.0,400.0,222.0,-362.0,-574.0,63.0
169.0,,-171.0,201.0,-224.0,424.0,256.0,-587.0,-577.0,7.0
231.0,,-163.0,255.0,-251.0,438.0,294.0,-264.0,-564.0,-45.0
265.0,,-158.0,256.0,-233.0,328.0,337.0,-596.0,-547.0,-92.0
278.0,,-144.0,217.0,-184.0,291.0,373.0,-441.0,-514.0,-117.0
288.0,,-112.0,194.0,-130.0,310.0,412.0,-498.0,-466.0,-109.0
315.0,,-90.0,142.0,-80.0,308.0,442.0,-602.0,-433.0,-92.0
310.0,,-48.0,45.0,-18.0,296.0,476.0,-332.0,-420.0,-85.0
273.0,,4.0,-58.0,67.0,279.0,525.0,-661.0,-408.0,-34.0
252.0,,34.0,-117.0,151.0,300.0,545.0,-356.0,-410.0,7.0
242.0,,105.0,-148.0,211.0,317.0,556.0,-559.0,-397.0,59.0
233.0,,143.0,-179.0,240.0,300.0,545.0,-469.0,-395.0,134.0
190.0,,170.0,-168.0,231.0,265.0,531.0,-260.0,-402.0,189.0
152.0,,244.0,-101.0,173.0,293.0,550.0,-419.0,-382.0,264.0
158.0,,259.0,-19.0,70.0,303.0,558.0,-83.0,-368.0,347.0
187.0,,274.0,29.0,-49.0,282.0,565.0,-360.0,-338.0,441.0
203.0,,293.0,67.0,-152.0,288.0,577.0,-158.0,-316.0,530.0
220.0,,290.0,98.0,-191.0,250.0,590.0,-267.0,-294.0,580.0
271.0,,303.0,117.0,-174.0,290.0,596.0,-436.0,-274.0,604.0
308.0,,292.0,103.0,-133.0,302.0,608.0,-321.0,-274.0,606.0
318.0,,268.0,79.0,-89.0,251.0,624.0,-644.0,-263.0,536.0
336.0,,259.0,86.0,-51.0,279.0,628.0,-282.0,-266.0,446.0
371.0,,232.0,72.0,-18.0,288.0,640.0,-424.0,-267.0,288.0
393.0,,190.0,73.0,9.0,314.0,642.0,-323.0,-275.0,93.0
381.0,,172.0,41.0,31.0,344.0,636.0,-310.0,-284.0,-40.0
368.0,,137.0,10.0,45.0,315.0,623.0,-593.0,-274.0,-209.0
394.0,,111.0,54.0,34.0,323.0,601.0,-393.0,-244.0,-350.0
414.0,,80.0,121.0,5.0,343.0,599.0,-667.0,-202.0,-449.0
375.0,,39.0,181.0,-24.0,321.0,578.0,-317.0,-169.0,-479.0
343.0,,25.0,215.0,-55.0,293.0,567.0,-376.0,-116.0,-443.0
345.0,,-25.0,256.0,-72.0,276.0,559.0,-410.0,-57.0,-411.0
325.0,,-56.0,271.0,-64.0,279.0,534.0,-288.0,-13.0,-355.0
243.0,,-71.0,248.0,-44.0,318.0,560.0,-613.0,19.0,-278.0
166.0,,-119.0,239.0,-24.0,358.0,567.0,-288.0,37.0,-199.0
144.0,,-108.0,262.0,-21.0,332.0,568.0,-526.0,42.0,-130.0
109.0,,-117.0,300.0,-34.0,346.0,611.0,-339.0,28.0,-46.0
34.0,,-137.0,306.0,-53.0,371.0,612.0,-301.0,1.0,45.0
-24.0,,-85.0,297.0,-69.0,363.0,613.0,-482.0,-30.0,127.0
-47.0,,-77.0,295.0,-62.0,413.0,644.0,-251.0,-62.0,231.0
-63.0,,-64.0,307.0,-41.0,423.0,658.0,-604.0,-93.0,313.0
-101.0,,0.0,332.0,-16.0,493.0,646.0,-380.0,-129.0,393.0
-148.0,,9.0,349.0,5.0,572.0,633.0,-585.0,-179.0,538.0
-179.0,,35.0,389.0,2.0,568.0,635.0,-497.0,-232.0,625.0
-191.0,,91.0,430.0,-27.0,547.0,606.0,-279.0,-279.0,695.0
-194.0,,88.0,414.0,-61.0,468.0,567.0,-506.0,-317.0,796.0
-195.0,,111.0,373.0,-81.0,475.0,542.0,-197.0,-338.0,855.0
-169.0,,139.0,376.0,-81.0,533.0,531.0,-556.0,-345.0,858.0
-110.0,,132.0,374.0,-72.0,492.0,531.0,-413.0,-349.0,825.0
-80.0,,153.0,314.0,-72.0,454.0,525.0,-491.0,-328.0,761.0
-68.0,,165.0,285.0,-89.0,495.0,502.0,-607.0,-282.0,640.0
-27.0,,182.0,279.0,-122.0,556.0,467.0,-286.0,-230.0,495.0
21.0,,215.0,260.0,-146.0,544.0,454.0,-504.0,-170.0,308.0
59.0,,235.0,253.0,-147.0,467.0,433.0,-142.0,-100.0,164.0
78.0,,269.0,245.0,-134.0,453.0,417.0,-365.0,-39.0,56.0
116.0,,289.0,245.0,-92.0,533.0,410.0,-365.0,0.0,-27.0
182.0,,274.0,245.0,-28.0,548.0,389.0,-356.0,27.0,-62.0
220.0,,268.0,255.0,33.0,494.0,384.0,-667.0,40.0,-93.0
229.0,,259.0,272.0,87.0,467.0,366.0,-391.0,17.0,-48.0
239.0,,251.0,289.0,140.0,457.0,355.0,-702.0,-36.0,33.0
244.0,,264.0,362.0,190.0,478.0,349.0,-537.0,-102.0,127.0
229.0,,244.0,473.0,233.0,455.0,320.0,-689.0,-198.0,211.0
200.0,,229.0,550.0,262.0,413.0,299.0,-748.0,-305.0,288.0
188.0,,221.0,635.0,280.0,465.0,275.0,-511.0,-397.0,346.0
201.0,,165.0,718.0,268.0,483.0,239.0,-772.0,-489.0,392.0
207.0,,146.0,753.0,215.0,454.0,233.0,-436.0,-576.0,402.0
194.0,,107.0,747.0,146.0,476.0,217.0,-663.0,-657.0,310.0
171.0,,29.0,702.0,88.0,470.0,162.0,-541.0,-718.0,235.0
176.0,,-2.0,705.0,54.0,457.0,132.0,-502.0,-764.0,125.0
194.0,,-57.0,725.0,34.0,454.0,119.0,-665.0,-792.0,-46.0
168.0,,-102.0,705.0,20.0,440.0,107.0,-293.0,-786.0,-204.0
124.0,,-131.0,676.0,7.0,492.0,70.0,-618.0,-759.0,-346.0
105.0,,-175.0,626.0,-26.0,507.0,35.0,-412.0,-724.0,-458.0
88.0,,-170.0,557.0,-86.0,472.0,23.0,-508.0,-686.0,-534.0
40.0,,-173.0,459.0,-149.0,469.0,9.0,-524.0,-623.0,-556.0
5.0,,-179.0,373.0,-188.0,472.0,19.0,-352.0,-559.0,-545.0
2.0,,-140.0,296.0,-176.0,506.0,31.0,-676.0,-507.0,-491.0
5.0,,-122.0,194.0,-120.0,491.0,40.0,-391.0,-451.0,-419.0
8.0,,-98.0,93.0,-32.0,443.0,49.0,-639.0,-393.0,-341.0
17.0,,-64.0,2.0,75.0,431.0,48.0,-463.0,-322.0,-254.0
29.0,,-40.0,-62.0,173.0,417.0,43.0,-437.0,-259.0,-195.0
18.0,,-10.0,-122.0,247.0,435.0,52.0,-618.0,-196.0,-157.0
15.0,,16.0,-160.0,286.0,453.0,89.0,-351.0,-145.0,-118.0
48.0,,38.0,-176.0,292.0,410.0,124.0,-735.0,-108.0,-92.0
89.0,,50.0,-211.0,268.0,420.0,143.0,-515.0,-65.0,-113.0
117.0,,83.0,-239.0,212.0,484.0,116.0,-668.0,-40.0,-181.0
146.0,,115.0,-224.0,134.0,412.0,85.0,-618.0,-40.0,-272.0
209.0,,140.0,-167.0,50.0,333.0,83.0,-391.0,-53.0,-367.0
258.0,,165.0,-141.0,-4.0,379.0,89.0,-644.0,-75.0,-470.0
270.0,,203.0,-133.0,-23.0,381.0,112.0,-343.0,-106.0,-609.0
282.0,,222.0,-109.0,-16.0,304.0,118.0,-609.0,-154.0,-711.0
294.0,,207.0,-89.0,5.0,239.0,135.0,-441.0,-201.0,-765.0
296.0,,215.0,-75.0,29.0,233.0,177.0,-495.0,-225.0,-832.0
277.0,,192.0,-52.0,50.0,256.0,202.0,-606.0,-232.0,-878.0
273.0,,167.0,-3.0,50.0,228.0,229.0,-328.0,-229.0,-879.0
280.0,,140.0,32.0,37.0,194.0,261.0,-620.0,-226.0,-806.0
273.0,,65.0,69.0,21.0,250.0,269.0,-249.0,-207.0,-731.0
248.0,,12.0,125.0,5.0,253.0,285.0,-432.0,-190.0,-678.0
223.0,,-58.0,164.0,0.0,213.0,309.0,-412.0,-177.0,-568.0
216.0,,-164.0,224.0,-4.0,178.0,298.0,-339.0,-153.0,-434.0
179.0,,-238.0,307.0,-5.0,154.0,308.0,-628.0,-147.0,-288.0
139.0,,-347.0,407.0,-5.0,215.0,340.0,-288.0,-128.0,-143.0
152.0,,-427.0,484.0,-9.0,191.0,357.0,-569.0,-100.0,8.0
177.0,,-498.0,526.0,-4.0,136.0,335.0,-317.0,-79.0,166.0
181.0,,-591.0,548.0,18.0,154.0,294.0,-391.0,-44.0,306.0
192.0,,-615.0,533.0,43.0,235.0,271.0,-495.0,-17.0,435.0
214.0,,-666.0,504.0,63.0,286.0,241.0,-243.0,20.0,538.0
210.0,,-698.0,397.0,78.0,196.0,217.0,-582.0,51.0,600.0
162.0,,-674.0,242.0,88.0,132.0,220.0,-279.0,66.0,621.0
121.0,,-677.0,135.0,89.0,181.0,240.0,-517.0,73.0,628.0
102.0,,-642.0,34.0,71.0,207.0,241.0,-430.0,60.0,638.0
68.0,,-577.0,-46.0,41.0,154.0,252.0,-323.0,47.0,627.0
19.0,,-559.0,-82.0,19.0,138.0,290.0,-528.0,27.0,570.0
-17.0,,-499.0,-109.0,17.0,160.0,308.0,-242.0,-12.0,518.0
-39.0,,-414.0,-132.0,19.0,160.0,316.0,-543.0,-58.0,449.0
-100.0,,-393.0,-123.0,13.0,121.0,340.0,-260.0,-100.0,379.0
-173.0,,-326.0,-64.0,3.0,79.0,371.0,-336.0,-144.0,315.0
-227.0,,-274.0,10.0,-9.0,125.0,383.0,-341.0,-172.0,201.0
-271.0,,-249.0,95.0,-22.0,185.0,368.0,-96.0,-180.0,122.0
-298.0,,-177.0,189.0,-20.0,141.0,357.0,-369.0,-179.0,87.0
-337.0,,-152.0,237.0,0.0,125.0,345.0,-25.0,-142.0,77.0
-363.0,,-132.0,266.0,22.0,214.0,319.0,-275.0,-122.0,101.0
-374.0,,-77.0,325.0,28.0,229.0,324.0,-166.0,-107.0,114.0
-387.0,,-63.0,367.0,18.0,192.0,310.0,-168.0,-72.0,136.0
-421.0,,-36.0,357.0,0.0,137.0,269.0,-423.0,-68.0,198.0
-475.0,,-8.0,335.0,-17.0,120.0,267.0,-199.0,-70.0,247.0
-508.0,,8.0,356.0,-33.0,179.0,279.0,-565.0,-96.0,279.0
-514.0,,35.0,426.0,-47.0,154.0,285.0,-293.0,-129.0,338.0
-519.0,,44.0,507.0,-50.0,146.0,274.0,-362.0,-151.0,394.0
-530.0,,73.0,548.0,-47.0,200.0,249.0,-310.0,-190.0,452.0
-509.0,,97.0,553.0,-39.0,203.0,233.0,-114.0,-237.0,538.0
-484.0,,105.0,532.0,-30.0,183.0,224.0,-369.0,-269.0,636.0
-480.0,,137.0,481.0,-40.0,195.0,218.0,-57.0,-285.0,752.0
-478.0,,148.0,418.0,-64.0,195.0,225.0,-360.0,-294.0,892.0
-455.0,,126.0,385.0,-78.0,167.0,226.0,-212.0,-280.0,992.0
-426.0,,149.0,364.0,-62.0,154.0,208.0,-219.0,-244.0,1063.0
-415.0,,132.0,340.0,0.0,138.0,197.0,-338.0,-167.0,1139.0
-388.0,,95.0,349.0,93.0,190.0,198.0,-22.0,-77.0,1191.0
-349.0,,102.0,410.0,164.0,221.0,188.0,-301.0,3.0,1209.0
-316.0,,53.0,500.0,172.0,215.0,165.0,-38.0,97.0,1186.0
-285.0,,26.0,556.0,114.0,310.0,148.0,-288.0,169.0,1139.0
-250.0,,4.0,584.0,23.0,358.0,148.0,-297.0,234.0,1072.0
-217.0,,-53.0,570.0,-82.0,349.0,155.0,-160.0,282.0,969.0
-179.0,,-54.0,502.0,-195.0,303.0,136.0,-369.0,291.0,827.0
-139.0,,-82.0,428.0,-278.0,259.0,120.0,-11.0,295.0,666.0
-114.0,,-102.0,331.0,-287.0,310.0,105.0,-290.0,281.0,476.0
-106.0,,-72.0,245.0,-226.0,332.0,84.0,-116.0,253.0,278.0
-104.0,,-68.0,173.0,-140.0,339.0,89.0,-203.0,232.0,86.0
-118.0,,-25.0,64.0,-67.0,342.0,77.0,-356.0,199.0,-127.0
-146.0,,10.0,-46.0,-6.0,364.0,68.0,-168.0,170.0,-313.0
-156.0,,63.0,-129.0,45.0,419.0,60.0,-504.0,141.0,-478.0
-151.0,,140.0,-193.0,71.0,366.0,27.0,-197.0,107.0,-619.0
-140.0,,191.0,-241.0,60.0,319.0,-4.0,-395.0,87.0,-707.0
-126.0,,257.0,-237.0,14.0,392.0,-3.0,-284.0,73.0,-714.0
-85.0,,330.0,-178.0,-53.0,440.0,6.0,-168.0,62.0,-665.0
-26.0,,392.0,-97.0,-116.0,390.0,-22.0,-386.0,61.0,-557.0
17.0,,459.0,-28.0,-147.0,355.0,-24.0,-99.0,70.0,-344.0
68.0,,523.0,21.0,-137.0,394.0,-1.0,-439.0,82.0,-122.0
136.0,,549.0,93.0,-107.0,421.0,-9.0,-169.0,92.0,113.0
210.0,,619.0,159.0,-75.0,387.0,-51.0,-218.0,88.0,355.0
282.0,,637.0,200.0,-55.0,325.0,-81.0,-240.0,78.0,580.0
360.0,,616.0,266.0,-47.0,386.0,-82.0,3.0,60.0,795.0
456.0,,664.0,326.0,-26.0,492.0,-87.0,-293.0,41.0,952.0
540.0,,637.0,366.0,6.0,464.0,-116.0,16.0,35.0,1055.0
596.0,,612.0,377.0,67.0,408.0,-175.0,-251.0,19.0,1099.0
650.0,,613.0,348.0,156.0,389.0,-220.0,-123.0,0.0,1114.0
679.0,,555.0,296.0,249.0,427.0,-223.0,-92.0,-20.0,1056.0
694.0,,517.0,209.0,330.0,471.0,-208.0,-308.0,-65.0,940.0
686.0,,481.0,100.0,382.0,418.0,-235.0,-22.0,-105.0,782.0
646.0,,412.0,-13.0,386.0,398.0,-265.0,-343.0,-146.0,590.0
598.0,,355.0,-145.0,340.0,435.0,-274.0,-73.0,-201.0,401.0
515.0,,307.0,-284.0,270.0,431.0,-288.0,-240.0,-218.0,178.0
430.0,,239.0,-369.0,188.0,415.0,-311.0,-251.0,-217.0,-12.0
345.0,,177.0,-418.0,110.0,419.0,-343.0,-22.0,-212.0,-177.0
255.0,,132.0,-454.0,38.0,500.0,-358.0,-223.0,-189.0,-334.0
175.0,,88.0,-458.0,-31.0,542.0,-363.0,145.0,-162.0,-425.0
95.0,,42.0,-433.0,-76.0,450.0,-370.0,-142.0,-105.0,-486.0
13.0,,0.0,-377.0,-108.0,440.0,-372.0,-7.0,-32.0,-503.0
-23.0,,-19.0,-302.0,-139.0,518.0,-366.0,-3.0,33.0,-468.0
-32.0,,-50.0,-211.0,-156.0,503.0,-383.0,-94.0,100.0,-420.0
-53.0,,-68.0,-120.0,-160.0,427.0,-387.0,243.0,135.0,-335.0
-71.0,,-65.0,-30.0,-169.0,408.0,-369.0,-25.0,148.0,-261.0
-74.0,,-89.0,72.0,-191.0,445.0,-362.0,258.0,153.0,-190.0
-32.0,,-67.0,162.0,-226.0,452.0,-358.0,59.0,134.0,-124.0
8.0,,-40.0,209.0,-261.0,376.0,-369.0,68.0,102.0,-75.0
46.0,,-30.0,243.0,-258.0,373.0,-359.0,164.0,67.0,-3.0
98.0,,18.0,287.0,-197.0,502.0,-359.0,-83.0,17.0,37.0
160.0,,44.0,308.0,-84.0,534.0,-391.0,205.0,-36.0,84.0
237.0,,50.0,294.0,46.0,502.0,-435.0,-109.0,-81.0,158.0
273.0,,64.0,240.0,154.0,497.0,-472.0,62.0,-132.0,209.0
296.0,,63.0,179.0,225.0,488.0,-514.0,-38.0,-161.0,271.0
334.0,,48.0,141.0,258.0,528.0,-568.0,-166.0,-184.0,323.0
377.0,,53.0,133.0,257.0,498.0,-599.0,16.0,-201.0,342.0
405.0,,50.0,148.0,224.0,468.0,-618.0,-314.0,-187.0,339.0
392.0,,45.0,155.0,167.0,581.0,-623.0,-38.0,-181.0,307.0
392.0,,79.0,137.0,110.0,565.0,-638.0,-221.0,-152.0,237.0
370.0,,94.0,110.0,67.0,459.0,-636.0,-92.0,-108.0,124.0
318.0,,116.0,96.0,34.0,473.0,-627.0,-1.0,-86.0,-5.0
257.0,,153.0,58.0,0.0,503.0,-606.0,-171.0,-45.0,-145.0
199.0,,173.0,-27.0,-35.0,512.0,-582.0,144.0,10.0,-267.0
142.0,,196.0,-132.0,-55.0,437.0,-596.0,-160.0,66.0,-353.0
54.0,,218.0,-231.0,-61.0,366.0,-570.0,64.0,126.0,-410.0
-6.0,,250.0,-313.0,-43.0,373.0,-575.0,-42.0,167.0,-430.0
-63.0,,266.0,-402.0,0.0,350.0,-604.0,-112.0,184.0,-404.0
-112.0,,281.0,-502.0,34.0,250.0,-617.0,75.0,198.0,-329.0
-159.0,,323.0,-576.0,45.0,195.0,-629.0,-229.0,206.0,-240.0
-213.0,,329.0,-645.0,24.0,257.0,-615.0,59.0,203.0,-150.0
-214.0,,337.0,-641.0,-24.0,248.0,-600.0,-160.0,200.0,-78.0
-206.0,,369.0,-567.0,-79.0,183.0,-596.0,0.0,184.0,12.0
-195.0,,347.0,-490.0,-134.0,140.0,-607.0,83.0,166.0,76.0
-208.0,,340.0,-387.0,-192.0,200.0,-607.0,-53.0,142.0,88.0
-227.0,,337.0,-251.0,-223.0,225.0,-618.0,256.0,105.0,101.0
-213.0,,279.0,-138.0,-211.0,107.0,-604.0,-114.0,85.0,45.0
-209.0,,255.0,-75.0,-174.0,85.0,-572.0,66.0,70.0,-6.0
-217.0,,232.0,1.0,-128.0,38.0,-584.0,-83.0,52.0,-37.0
-233.0,,181.0,62.0,-73.0,-5.0,-578.0,-66.0,42.0,-101.0
-212.0,,160.0,73.0,-19.0,-30.0,-576.0,190.0,34.0,-146.0
-149.0,,128.0,39.0,30.0,-141.0,-615.0,-16.0,40.0,-153.0
-96.0,,91.0,-2.0,89.0,-93.0,-624.0,310.0,49.0,-143.0
-56.0,,67.0,-44.0,149.0,-27.0,-598.0,70.0,61.0,-123.0
-2.0,,21.0,-117.0,191.0,-94.0,-603.0,273.0,78.0,-84.0
58.0,,-10.0,-167.0,193.0,-173.0,-610.0,295.0,76.0,-42.0
95.0,,-29.0,-211.0,168.0,-219.0,-631.0,145.0,74.0,9.0
122.0,,-51.0,-249.0,151.0,-187.0,-630.0,413.0,69.0,48.0
159.0,,-62.0,-274.0,144.0,-185.0,-594.0,110.0,52.0,82.0
191.0,,-86.0,-301.0,149.0,-246.0,-598.0,395.0,31.0,127.0
206.0,,-94.0,-301.0,153.0,-250.0,-604.0,212.0,12.0,188.0
229.0,,-120.0,-300.0,131.0,-206.0,-639.0,249.0,-8.0,231.0
237.0,,-131.0,-299.0,74.0,-248.0,-649.0,417.0,-26.0,269.0
232.0,,-119.0,-276.0,-8.0,-296.0,-619.0,182.0,-26.0,317.0
237.0,,-151.0,-258.0,-80.0,-256.0,-600.0,530.0,-18.0,341.0
235.0,,-159.0,-260.0,-109.0,-239.0,-546.0,205.0,-2.0,377.0
232.0,,-154.0,-272.0,-88.0,-214.0,-529.0,369.0,11.0,406.0
236.0,,-188.0,-275.0,-38.0,-224.0,-532.0,373.0,31.0,436.0
256.0,,-199.0,-317.0,18.0,-237.0,-535.0,327.0,49.0,449.0
256.0,,-190.0,-384.0,80.0,-198.0,-555.0,602.0,55.0,466.0
258.0,,-230.0,-404.0,134.0,-241.0,-569.0,267.0,60.0,501.0
289.0,,-237.0,-419.0,159.0,-312.0,-602.0,587.0,60.0,525.0
314.0,,-233.0,-470.0,154.0,-328.0,-615.0,375.0,51.0,520.0
305.0,,-262.0,-535.0,123.0,-265.0,-609.0,417.0,30.0,493.0
275.0,,-270.0,-548.0,82.0,-224.0,-634.0,493.0,3.0,481.0
291.0,,-282.0,-518.0,60.0,-312.0,-666.0,223.0,-16.0,451.0
310.0,,-297.0,-483.0,54.0,-331.0,-660.0,517.0,-14.0,430.0
264.0,,-288.0,-445.0,48.0,-243.0,-634.0,181.0,-1.0,395.0
210.0,,-274.0,-420.0,46.0,-268.0,-643.0,389.0,16.0,350.0
196.0,,-271.0,-385.0,50.0,-369.0,-653.0,328.0,52.0,312.0
189.0,,-238.0,-346.0,65.0,-357.0,-609.0,314.0,92.0,275.0
159.0,,-211.0,-311.0,88.0,-279.0,-576.0,565.0,141.0,259.0
110.0,,-189.0,-289.0,106.0,-255.0,-599.0,273.0,188.0,238.0
84.0,,-173.0,-287.0,106.0,-335.0,-599.0,617.0,224.0,208.0
102.0,,-152.0,-286.0,98.0,-381.0,-584.0,423.0,278.0,171.0
84.0,,-126.0,-304.0,91.0,-327.0,-598.0,558.0,335.0,98.0
37.0,,-144.0,-333.0,107.0,-313.0,-605.0,580.0,373.0,-1.0
19.0,,-111.0,-349.0,141.0,-319.0,-621.0,297.0,411.0,-111.0
15.0,,-111.0,-356.0,156.0,-301.0,-629.0,546.0,454.0,-224.0
-25.0,,-128.0,-376.0,133.0,-266.0,-614.0,229.0,482.0,-335.0
-121.0,,-70.0,-399.0,80.0,-287.0,-603.0,478.0,473.0,-438.0
-176.0,,-76.0,-442.0,17.0,-361.0,-585.0,362.0,448.0,-541.0
-197.0,,-76.0,-478.0,-46.0,-389.0,-596.0,343.0,401.0,-657.0
-245.0,,-32.0,-498.0,-99.0,-335.0,-597.0,550.0,320.0,-748.0
-307.0,,-43.0,-560.0,-134.0,-369.0,-573.0,275.0,226.0,-832.0
-352.0,,-31.0,-609.0,-144.0,-455.0,-577.0,624.0,123.0,-915.0
-354.0,,16.0,-589.0,-116.0,-412.0,-582.0,439.0,21.0,-970.0
-385.0,,29.0,-552.0,-56.0,-354.0,-578.0,639.0,-86.0,-974.0
-422.0,,102.0,-512.0,12.0,-279.0,-571.0,681.0,-190.0,-944.0
-430.0,,187.0,-397.0,61.0,-321.0,-604.0,530.0,-267.0,-900.0
-437.0,,255.0,-255.0,82.0,-403.0,-621.0,816.0,-336.0,-807.0
-421.0,,365.0,-158.0,79.0,-338.0,-608.0,476.0,-376.0,-687.0
-412.0,,468.0,-85.0,45.0,-324.0,-636.0,700.0,-383.0,-551.0
-395.0,,565.0,-41.0,-18.0,-368.0,-637.0,495.0,-376.0,-436.0
-370.0,,620.0,-39.0,-94.0,-370.0,-618.0,460.0,-332.0,-348.0
-316.0,,681.0,-95.0,-150.0,-349.0,-596.0,613.0,-257.0,-257.0
-271.0,,727.0,-138.0,-177.0,-325.0,-574.0,397.0,-164.0,-205.0
-285.0,,722.0,-158.0,-190.0,-322.0,-531.0,770.0,-60.0,-172.0
-256.0,,721.0,-214.0,-182.0,-400.0,-469.0,532.0,37.0,-143.0
-215.0,,707.0,-277.0,-151.0,-396.0,-467.0,746.0,113.0,-167.0
-230.0,,667.0,-349.0,-122.0,-348.0,-485.0,718.0,171.0,-213.0
-254.0,,614.0,-434.0,-116.0,-421.0,-509.0,567.0,197.0,-227.0
-250.0,,562.0,-469.0,-142.0,-469.0,-518.0,829.0,209.0,-210.0
-245.0,,481.0,-456.0,-199.0,-465.0,-509.0,533.0,228.0,-151.0
-291.0,,409.0,-422.0,-266.0,-461.0,-500.0,838.0,211.0,-69.0
-330.0,,348.0,-367.0,-315.0,-510.0,-466.0,694.0,201.0,-10.0
-347.0,,267.0,-327.0,-338.0,-572.0,-472.0,796.0,205.0,91.0
-352.0,,232.0,-267.0,-332.0,-546.0,-470.0,907.0,188.0,258.0
-367.0,,191.0,-192.0,-301.0,-484.0,-434.0,650.0,164.0,404.0
-406.0,,140.0,-140.0,-247.0,-559.0,-411.0,931.0,140.0,554.0
-409.0,,170.0,-100.0,-181.0,-635.0,-381.0,606.0,128.0,699.0
-384.0,,176.0,-69.0,-109.0,-581.0,-361.0,768.0,120.0,803.0
-349.0,,183.0,-50.0,-28.0,-566.0,-349.0,659.0,124.0,889.0
-348.0,,244.0,-85.0,45.0,-543.0,-328.0,535.0,139.0,920.0
-349.0,,258.0,-145.0,94.0,-605.0,-291.0,727.0,157.0,897.0
-314.0,,266.0,-179.0,116.0,-667.0,-269.0,463.0,188.0,858.0
-299.0,,286.0,-210.0,132.0,-572.0,-279.0,809.0,222.0,753.0
-291.0,,285.0,-235.0,148.0,-578.0,-299.0,624.0,265.0,607.0
-293.0,,257.0,-248.0,173.0,-690.0,-301.0,788.0,296.0,461.0
-282.0,,239.0,-261.0,227.0,-705.0,-299.0,899.0,302.0,303.0
-251.0,,215.0,-259.0,288.0,-604.0,-329.0,715.0,306.0,179.0
-240.0,,162.0,-231.0,325.0,-581.0,-335.0,1034.0,295.0,70.0
-245.0,,116.0,-213.0,330.0,-690.0,-325.0,713.0,279.0,-34.0
-235.0,,58.0,-212.0,307.0,-749.0,-328.0,973.0,264.0,-106.0
-215.0,,0.0,-218.0,266.0,-705.0,-330.0,853.0,235.0,-112.0
-215.0,,-37.0,-218.0,229.0,-726.0,-332.0,763.0,203.0,-86.0
-214.0,,-84.0,-217.0,205.0,-782.0,-332.0,940.0,166.0,-24.0
-179.0,,-134.0,-235.0,182.0,-781.0,-330.0,598.0,141.0,62.0
-128.0,,-159.0,-245.0,152.0,-765.0,-314.0,907.0,115.0,120.0
-99.0,,-187.0,-239.0,113.0,-756.0,-301.0,667.0,88.0,170.0
-74.0,,-211.0,-241.0,62.0,-818.0,-285.0,794.0,87.0,196.0
-16.0,,-232.0,-283.0,0.0,-870.0,-261.0,835.0,94.0,233.0
44.0,,-245.0,-347.0,-52.0,-849.0,-242.0,689.0,122.0,274.0
80.0,,-271.0,-379.0,-78.0,-858.0,-224.0,1003.0,165.0,299.0
108.0,,-298.0,-384.0,-77.0,-962.0,-206.0,637.0,224.0,330.0
128.0,,-298.0,-411.0,-51.0,-964.0,-182.0,866.0,297.0,360.0
160.0,,-360.0,-431.0,-6.0,-913.0,-183.0,694.0,359.0,388.0
187.0,,-373.0,-418.0,57.0,-905.0,-225.0,676.0,405.0,430.0
186.0,,-378.0,-407.0,117.0,-935.0,-252.0,888.0,417.0,467.0
180.0,,-428.0,-386.0,141.0,-1030.0,-223.0,642.0,415.0,486.0
176.0,,-430.0,-367.0,117.0,-989.0,-210.0,997.0,383.0,505.0
155.0,,-476.0,-332.0,55.0,-1022.0,-221.0,733.0,313.0,485.0
127.0,,-518.0,-283.0,2.0,-1132.0,-210.0,886.0,266.0,452.0
125.0,,-531.0,-248.0,-6.0,-1099.0,-199.0,864.0,211.0,429.0
120.0,,-562.0,-229.0,26.0,-997.0,-183.0,692.0,160.0,385.0
92.0,,-567.0,-224.0,91.0,-905.0,-182.0,929.0,128.0,319.0
59.0,,-552.0,-195.0,154.0,-953.0,-168.0,556.0,96.0,248.0
65.0,,-533.0,-166.0,175.0,-981.0,-160.0,838.0,70.0,187.0
71.0,,-502.0,-178.0,148.0,-901.0,-145.0,678.0,54.0,148.0
42.0,,-455.0,-215.0,102.0,-853.0,-124.0,698.0,36.0,135.0
14.0,,-421.0,-229.0,58.0,-930.0,-141.0,873.0,-7.0,103.0
8.0,,-377.0,-254.0,19.0,-996.0,-132.0,683.0,-33.0,109.0
40.0,,-331.0,-304.0,4.0,-899.0,-111.0,1014.0,-35.0,139.0
56.0,,-285.0,-351.0,18.0,-803.0,-89.0,720.0,-30.0,148.0
46.0,,-263.0,-383.0,52.0,-830.0,-75.0,886.0,-20.0,170.0
41.0,,-252.0,-406.0,86.0,-895.0,-62.0,822.0,-36.0,177.0
77.0,,-224.0,-435.0,86.0,-877.0,-8.0,742.0,-44.0,175.0
109.0,,-257.0,-428.0,66.0,-834.0,58.0,1032.0,-41.0,165.0
76.0,,-267.0,-427.0,52.0,-884.0,93.0,750.0,-39.0,116.0
58.0,,-267.0,-423.0,54.0,-915.0,125.0,1084.0,-28.0,8.0
85.0,,-322.0,-368.0,61.0,-853.0,153.0,903.0,-7.0,-109.0
98.0,,-347.0,-310.0,55.0,-824.0,155.0,951.0,21.0,-260.0
52.0,,-377.0,-262.0,20.0,-820.0,194.0,1047.0,29.0,-461.0
7.0,,-436.0,-239.0,-44.0,-839.0,206.0,844.0,52.0,-599.0
-1.0,,-492.0,-241.0,-113.0,-810.0,197.0,1191.0,86.0,-722.0
-26.0,,-556.0,-211.0,-154.0,-773.0,176.0,912.0,106.0,-822.0
-83.0,,-614.0,-184.0,-154.0,-844.0,147.0,1132.0,137.0,-858.0
-144.0,,-672.0,-204.0,-135.0,-855.0,172.0,1036.0,167.0,-857.0
-172.0,,-735.0,-240.0,-105.0,-815.0,172.0,923.0,215.0,-777.0
-190.0,,-761.0,-262.0,-74.0,-788.0,158.0,1095.0,266.0,-672.0
-239.0,,-784.0,-308.0,-43.0,-792.0,142.0,768.0,312.0,-547.0
-278.0,,-789.0,-395.0,-6.0,-834.0,121.0,1080.0,374.0,-377.0
-282.0,,-748.0,-466.0,15.0,-843.0,141.0,846.0,417.0,-161.0
-288.0,,-700.0,-527.0,14.0,-825.0,167.0,979.0,446.0,55.0
-299.0,,-630.0,-588.0,2.0,-835.0,178.0,1075.0,477.0,258.0
-290.0,,-538.0,-614.0,-6.0,-863.0,207.0,910.0,497.0,442.0
-256.0,,-447.0,-608.0,-1.0,-779.0,247.0,1221.0,513.0,581.0
-220.0,,-341.0,-560.0,15.0,-715.0,291.0,837.0,528.0,708.0
-193.0,,-243.0,-500.0,65.0,-739.0,314.0,1032.0,537.0,772.0
-192.0,,-163.0,-445.0,143.0,-738.0,325.0,861.0,540.0,791.0
-189.0,,-52.0,-362.0,215.0,-733.0,378.0,761.0,541.0,769.0
-151.0,,3.0,-245.0,243.0,-669.0,397.0,958.0,528.0,722.0
-163.0,,60.0,-156.0,203.0,-669.0,380.0,698.0,505.0,664.0
-201.0,,146.0,-128.0,122.0,-712.0,378.0,1018.0,473.0,575.0
-211.0,,144.0,-101.0,30.0,-623.0,360.0,739.0,423.0,509.0
-228.0,,192.0,-70.0,-39.0,-593.0,371.0,842.0,372.0,446.0
-259.0,,241.0,-48.0,-75.0,-570.0,377.0,816.0,303.0,417.0
-302.0,,239.0,-38.0,-103.0,-547.0,363.0,665.0,239.0,393.0
-317.0,,289.0,-51.0,-146.0,-579.0,358.0,999.0,176.0,363.0
-335.0,,348.0,-59.0,-202.0,-496.0,350.0,707.0,120.0,363.0
-381.0,,392.0,-48.0,-252.0,-496.0,347.0,977.0,80.0,362.0
-417.0,,433.0,-24.0,-283.0,-548.0,326.0,783.0,22.0,385.0
-422.0,,509.0,-18.0,-270.0,-521.0,298.0,770.0,-8.0,402.0
-428.0,,556.0,2.0,-211.0,-506.0,308.0,851.0,-33.0,380.0
-450.0,,603.0,55.0,-132.0,-482.0,349.0,508.0,-41.0,383.0
-443.0,,668.0,122.0,-65.0,-548.0,388.0,829.0,-33.0,423.0
-407.0,,685.0,204.0,-20.0,-580.0,403.0,498.0,-40.0,420.0
-341.0,,712.0,295.0,9.0,-500.0,416.0,646.0,-23.0,420.0
-294.0,,707.0,387.0,26.0,-425.0,432.0,681.0,-14.0,464.0
-265.0,,694.0,445.0,36.0,-426.0,426.0,626.0,5.0,503.0
-219.0,,646.0,500.0,30.0,-498.0,437.0,962.0,46.0,578.0
-138.0,,586.0,570.0,12.0,-465.0,459.0,646.0,94.0,674.0
-74.0,,550.0,624.0,4.0,-425.0,458.0,892.0,162.0,707.0
-64.0,,442.0,664.0,20.0,-427.0,456.0,633.0,237.0,701.0
-36.0,,388.0,694.0,60.0,-438.0,436.0,630.0,306.0,690.0
-5.0,,314.0,694.0,110.0,-386.0,387.0,750.0,370.0,621.0
22.0,,221.0,657.0,143.0,-312.0,317.0,460.0,435.0,545.0
9.0,,185.0,600.0,133.0,-354.0,267.0,674.0,466.0,445.0
-22.0,,100.0,542.0,89.0,-339.0,239.0,279.0,455.0,304.0
-17.0,,75.0,504.0,35.0,-306.0,219.0,447.0,431.0,173.0
-32.0,,65.0,466.0,-5.0,-267.0,206.0,365.0,383.0,52.0
-71.0,,33.0,430.0,-23.0,-255.0,171.0,267.0,301.0,-60.0
-95.0,,38.0,411.0,-28.0,-283.0,150.0,471.0,213.0,-160.0
-87.0,,30.0,416.0,-21.0,-214.0,148.0,107.0,110.0,-228.0
-82.0,,50.0,426.0,0.0,-194.0,169.0,391.0,4.0,-299.0
-86.0,,58.0,422.0,25.0,-254.0,183.0,175.0,-84.0,-350.0
-76.0,,73.0,471.0,46.0,-260.0,166.0,312.0,-181.0,-377.0
-49.0,,121.0,554.0,50.0,-199.0,165.0,384.0,-252.0,-406.0
-33.0,,123.0,600.0,44.0,-178.0,180.0,160.0,-291.0,-422.0
-8.0,,144.0,615.0,53.0,-191.0,191.0,456.0,-309.0,-410.0
30.0,,172.0,615.0,71.0,-200.0,177.0,155.0,-305.0,-366.0
71.0,,144.0,621.0,89.0,-154.0,176.0,400.0,-267.0,-306.0
121.0,,123.0,618.0,104.0,-60.0,177.0,249.0,-208.0,-223.0
163.0,,117.0,615.0,127.0,-48.0,169.0,144.0,-149.0,-116.0
183.0,,70.0,631.0,167.0,-64.0,172.0,269.0,-89.0,-18.0
195.0,,20.0,627.0,221.0,0.0,150.0,-14.0,-37.0,39.0
243.0,,-21.0,614.0,278.0,65.0,118.0,271.0,10.0,107.0
270.0,,-108.0,605.0,309.0,67.0,100.0,18.0,55.0,153.0
262.0,,-161.0,597.0,307.0,53.0,96.0,182.0,91.0,183.0
260.0,,-227.0,602.0,278.0,96.0,87.0,169.0,110.0,195.0
267.0,,-326.0,605.0,224.0,199.0,59.0,36.0,118.0,160.0
264.0,,-361.0,610.0,158.0,164.0,35.0,314.0,128.0,142.0
251.0,,-429.0,602.0,82.0,68.0,22.0,62.0,121.0,102.0
238.0,,-497.0,546.0,2.0,113.0,21.0,417.0,95.0,49.0
193.0,,-503.0,458.0,-70.0,180.0,29.0,254.0,85.0,16.0
166.0,,-528.0,366.0,-132.0,185.0,23.0,227.0,93.0,-48.0
169.0,,-536.0,273.0,-178.0,118.0,30.0,284.0,117.0,-100.0
169.0,,-525.0,193.0,-190.0,110.0,40.0,14.0,144.0,-125.0
162.0,,-511.0,128.0,-168.0,221.0,40.0,334.0,161.0,-179.0
164.0,,-482.0,28.0,-133.0,248.0,45.0,51.0,166.0,-212.0
154.0,,-464.0,-52.0,-107.0,195.0,28.0,230.0,147.0,-218.0
124.0,,-411.0,-70.0,-99.0,226.0,54.0,134.0,119.0,-208.0
104.0,,-354.0,-58.0,-90.0,292.0,85.0,-38.0,80.0,-183.0
81.0,,-325.0,-14.0,-71.0,293.0,65.0,133.0,42.0,-142.0
63.0,,-272.0,68.0,-35.0,273.0,53.0,-227.0,17.0,-89.0
21.0,,-217.0,190.0,17.0,277.0,45.0,51.0,-3.0,-33.0
-22.0,,-191.0,328.0,64.0,332.0,26.0,-118.0,-27.0,23.0
-39.0,,-144.0,454.0,71.0,371.0,16.0,9.0,-59.0,56.0
-48.0,,-99.0,601.0,36.0,279.0,29.0,133.0,-74.0,108.0
-74.0,,-59.0,716.0,-24.0,229.0,9.0,-24.0,-92.0,149.0
-99.0,,0.0,759.0,-100.0,308.0,-29.0,291.0,-108.0,176.0
-88.0,,43.0,759.0,-168.0,357.0,-33.0,-53.0,-103.0,190.0
-93.0,,105.0,710.0,-197.0,361.0,-31.0,134.0,-91.0,170.0
-114.0,,142.0,647.0,-181.0,317.0,-40.0,-36.0,-68.0,128.0
-127.0,,171.0,584.0,-128.0,319.0,-12.0,-90.0,-22.0,51.0
-123.0,,214.0,536.0,-59.0,380.0,50.0,123.0,29.0,-66.0
-141.0,,218.0,502.0,-2.0,352.0,88.0,-162.0,78.0,-219.0
-178.0,,254.0,449.0,20.0,358.0,99.0,214.0,127.0,-361.0
-181.0,,267.0,394.0,15.0,399.0,123.0,-42.0,161.0,-493.0
-183.0,,248.0,335.0,-12.0,393.0,158.0,72.0,202.0,-609.0
-185.0,,254.0,301.0,-59.0,389.0,174.0,105.0,239.0,-688.0
-208.0,,224.0,301.0,-105.0,361.0,183.0,-96.0,276.0,-718.0
-216.0,,202.0,294.0,-129.0,369.0,190.0,164.0,313.0,-725.0
-194.0,,173.0,279.0,-117.0,427.0,196.0,-157.0,339.0,-678.0
-211.0,,126.0,261.0,-60.0,405.0,179.0,68.0,363.0,-575.0
-260.0,,112.0,276.0,41.0,406.0,172.0,-157.0,366.0,-423.0
-312.0,,65.0,315.0,159.0,471.0,196.0,-145.0,370.0,-240.0
-309.0,,42.0,344.0,251.0,468.0,209.0,18.0,370.0,-97.0
-302.0,,54.0,399.0,301.0,463.0,227.0,-271.0,372.0,47.0
-343.0,,35.0,470.0,303.0,473.0,221.0,38.0,379.0,138.0
-392.0,,30.0,491.0,263.0,509.0,208.0,-262.0,380.0,176.0
-400.0,,44.0,478.0,191.0,528.0,221.0,-120.0,381.0,178.0
-384.0,,50.0,464.0,77.0,477.0,234.0,-201.0,369.0,116.0
-424.0,,57.0,443.0,-50.0,502.0,235.0,-378.0,360.0,38.0
-473.0,,94.0,418.0,-145.0,581.0,218.0,-144.0,337.0,-19.0
-498.0,,113.0,404.0,-191.0,591.0,213.0,-434.0,298.0,-71.0
-511.0,,131.0,434.0,-184.0,593.0,222.0,-101.0,254.0,-109.0
-529.0,,170.0,505.0,-143.0,613.0,244.0,-317.0,191.0,-68.0
-569.0,,185.0,590.0,-84.0,631.0,262.0,-339.0,104.0,-20.0
-588.0,,207.0,701.0,-16.0,686.0,274.0,-363.0,18.0,15.0
-608.0,,237.0,790.0,56.0,665.0,296.0,-702.0,-66.0,82.0
-635.0,,266.0,851.0,109.0,624.0,315.0,-417.0,-165.0,130.0
-651.0,,293.0,930.0,114.0,676.0,342.0,-731.0,-264.0,161.0
-656.0,,328.0,1030.0,80.0,711.0,358.0,-484.0,-359.0,205.0
-653.0,,351.0,1122.0,30.0,737.0,354.0,-535.0,-444.0,209.0
-682.0,,384.0,1162.0,-4.0,711.0,353.0,-657.0,-506.0,208.0
-687.0,,417.0,1129.0,-22.0,723.0,368.0,-506.0,-540.0,199.0
-639.0,,427.0,1041.0,-42.0,812.0,401.0,-825.0,-553.0,126.0
-594.0,,444.0,915.0,-64.0,795.0,425.0,-437.0,-538.0,75.0
-540.0,,465.0,757.0,-85.0,747.0,433.0,-648.0,-502.0,29.0
-488.0,,458.0,589.0,-105.0,765.0,439.0,-545.0,-452.0,0.0
-402.0,,450.0,432.0,-122.0,786.0,451.0,-535.0,-399.0,1.0
-281.0,,467.0,290.0,-131.0,764.0,445.0,-840.0,-351.0,44.0
-195.0,,423.0,200.0,-133.0,709.0,434.0,-561.0,-316.0,149.0
-131.0,,399.0,174.0,-129.0,715.0,450.0,-938.0,-305.0,317.0
-38.0,,406.0,193.0,-120.0,817.0,456.0,-727.0,-278.0,516.0
94.0,,355.0,256.0,-88.0,840.0,451.0,-825.0,-253.0,694.0
182.0,,325.0,359.0,-29.0,791.0,451.0,-812.0,-231.0,870.0
196.0,,307.0,484.0,35.0,833.0,444.0,-546.0,-201.0,980.0
222.0,,276.0,621.0,95.0,868.0,456.0,-796.0,-190.0,1039.0
276.0,,227.0,735.0,144.0,832.0,485.0,-441.0,-169.0,1060.0
282.0,,205.0,795.0,182.0,818.0,507.0,-703.0,-159.0,1012.0
221.0,,192.0,809.0,216.0,825.0,528.0,-563.0,-164.0,925.0
214.0,,166.0,813.0,236.0,884.0,540.0,-578.0,-151.0,772.0
257.0,,158.0,796.0,238.0,916.0,548.0,-768.0,-127.0,573.0
253.0,,126.0,746.0,223.0,826.0,572.0,-448.0,-112.0,388.0
227.0,,111.0,661.0,201.0,806.0,570.0,-757.0,-103.0,222.0
213.0,,89.0,577.0,178.0,892.0,545.0,-504.0,-85.0,44.0
219.0,,34.0,508.0,158.0,952.0,545.0,-711.0,-45.0,-90.0
217.0,,0.0,422.0,135.0,961.0,525.0,-779.0,8.0,-173.0
200.0,,-49.0,316.0,111.0,908.0,495.0,-700.0,80.0,-255.0
202.0,,-101.0,204.0,83.0,928.0,501.0,-979.0,178.0,-258.0
201.0,,-149.0,104.0,40.0,996.0,490.0,-665.0,279.0,-211.0
186.0,,-194.0,15.0,-5.0,955.0,465.0,-914.0,372.0,-133.0
165.0,,-234.0,-79.0,-49.0,920.0,458.0,-644.0,471.0,-7.0
149.0,,-274.0,-152.0,-103.0,957.0,438.0,-615.0,560.0,130.0
135.0,,-287.0,-180.0,-167.0,982.0,437.0,-713.0,634.0,265.0
130.0,,-324.0,-199.0,-234.0,922.0,460.0,-415.0,684.0,374.0
149.0,,-345.0,-224.0,-287.0,862.0,481.0,-709.0,710.0,452.0
169.0,,-343.0,-195.0,-312.0,900.0,484.0,-452.0,738.0,470.0
199.0,,-352.0,-121.0,-314.0,903.0,485.0,-620.0,758.0,490.0
231.0,,-351.0,-38.0,-292.0,826.0,483.0,-565.0,751.0,466.0
259.0,,-334.0,54.0,-252.0,829.0,443.0,-515.0,709.0,422.0
280.0,,-295.0,128.0,-207.0,887.0,413.0,-779.0,627.0,407.0
299.0,,-278.0,159.0,-152.0,859.0,412.0,-524.0,520.0,338.0
336.0,,-232.0,170.0,-104.0,810.0,391.0,-840.0,391.0,259.0
367.0,,-193.0,201.0,-68.0,796.0,342.0,-570.0,239.0,179.0
374.0,,-173.0,265.0,-39.0,812.0,333.0,-630.0,95.0,82.0
392.0,,-140.0,335.0,-17.0,822.0,340.0,-744.0,-35.0,-15.0
435.0,,-137.0,390.0,16.0,730.0,317.0,-487.0,-145.0,-104.0
449.0,,-123.0,419.0,55.0,660.0,313.0,-744.0,-227.0,-174.0
462.0,,-111.0,418.0,74.0,761.0,328.0,-321.0,-287.0,-214.0
485.0,,-106.0,366.0,62.0,809.0,356.0,-388.0,-307.0,-219.0
486.0,,-116.0,291.0,23.0,715.0,375.0,-280.0,-290.0,-225.0
470.0,,-119.0,205.0,-20.0,621.0,384.0,-256.0,-259.0,-212.0
449.0,,-94.0,118.0,-56.0,627.0,400.0,-546.0,-232.0,-165.0
455.0,,-90.0,60.0,-61.0,697.0,387.0,-347.0,-183.0,-132.0
437.0,,-54.0,13.0,-35.0,619.0,377.0,-642.0,-124.0,-98.0
379.0,,0.0,-24.0,8.0,512.0,389.0,-327.0,-66.0,-83.0
332.0,,38.0,-38.0,66.0,526.0,383.0,-386.0,-9.0,-88.0
290.0,,101.0,-31.0,132.0,578.0,342.0,-423.0,40.0,-111.0
252.0,,147.0,-20.0,187.0,555.0,317.0,-223.0,96.0,-177.0
203.0,,194.0,-4.0,213.0,456.0,323.0,-533.0,118.0,-224.0
160.0,,264.0,39.0,208.0,480.0,309.0,-218.0,132.0,-246.0
155.0,,309.0,107.0,173.0,568.0,289.0,-441.0,150.0,-263.0
145.0,,353.0,154.0,123.0,550.0,278.0,-267.0,160.0,-252.0
130.0,,406.0,185.0,73.0,438.0,262.0,-182.0,170.0,-205.0
134.0,,438.0,257.0,15.0,404.0,246.0,-325.0,163.0,-177.0
145.0,,454.0,343.0,-38.0,474.0,242.0,36.0,150.0,-162.0
139.0,,472.0,416.0,-70.0,477.0,223.0,-206.0,132.0,-142.0
133.0,,487.0,490.0,-77.0,453.0,192.0,101.0,108.0,-142.0
146.0,,473.0,525.0,-61.0,454.0,187.0,-83.0,63.0,-121.0
156.0,,483.0,514.0,-36.0,499.0,181.0,-168.0,33.0,-113.0
175.0,,464.0,486.0,-14.0,462.0,186.0,-92.0,21.0,-124.0
172.0,,415.0,448.0,-1.0,314.0,188.0,-448.0,3.0,-134.0
159.0,,400.0,400.0,4.0,317.0,157.0,-68.0,-18.0,-157.0
157.0,,339.0,335.0,13.0,357.0,138.0,-240.0,-49.0,-173.0
156.0,,292.0,295.0,23.0,302.0,108.0,9.0,-81.0,-207.0
142.0,,234.0,283.0,23.0,271.0,75.0,25.0,-129.0,-213.0
119.0,,173.0,269.0,19.0,283.0,55.0,-131.0,-177.0,-172.0
119.0,,111.0,276.0,17.0,388.0,36.0,94.0,-218.0,-121.0
109.0,,46.0,311.0,9.0,446.0,33.0,-234.0,-250.0,-70.0
102.0,,26.0,356.0,-11.0,356.0,3.0,40.0,-270.0,-27.0
93.0,,-30.0,404.0,-39.0,333.0,-28.0,-225.0,-277.0,23.0
70.0,,-27.0,451.0,-73.0,382.0,-24.0,-205.0,-275.0,57.0
53.0,,-14.0,490.0,-106.0,346.0,-31.0,-72.0,-273.0,82.0
54.0,,-14.0,514.0,-120.0,283.0,-43.0,-230.0,-250.0,102.0
51.0,,34.0,543.0,-115.0,259.0,-66.0,218.0,-230.0,119.0
18.0,,47.0,564.0,-93.0,286.0,-69.0,-5.0,-197.0,129.0
-4.0,,75.0,532.0,-56.0,294.0,-50.0,229.0,-144.0,127.0
-32.0,,93.0,478.0,-3.0,214.0,-45.0,120.0,-102.0,133.0
-45.0,,116.0,410.0,65.0,204.0,-34.0,7.0,-47.0,133.0
-81.0,,132.0,310.0,124.0,262.0,-37.0,256.0,17.0,110.0
-145.0,,132.0,173.0,156.0,254.0,-47.0,9.0,86.0,65.0
-158.0,,163.0,13.0,159.0,199.0,-27.0,358.0,170.0,25.0
-144.0,,143.0,-138.0,135.0,179.0,-3.0,140.0,235.0,-29.0
-133.0,,161.0,-283.0,88.0,247.0,-6.0,219.0,275.0,-112.0
-134.0,,162.0,-394.0,39.0,310.0,-28.0,267.0,323.0,-173.0
-123.0,,148.0,-480.0,0.0,221.0,-29.0,46.0,356.0,-246.0
-105.0,,172.0,-534.0,-36.0,124.0,-10.0,319.0,369.0,-300.0
-114.0,,140.0,-533.0,-71.0,192.0,25.0,86.0,395.0,-325.0
-134.0,,136.0,-493.0,-89.0,150.0,73.0,378.0,425.0,-379.0
-113.0,,111.0,-429.0,-90.0,20.0,123.0,293.0,458.0,-404.0
-64.0,,88.0,-362.0,-86.0,-15.0,165.0,328.0,495.0,-425.0
-53.0,,59.0,-269.0,-80.0,-21.0,191.0,556.0,514.0,-440.0
-36.0,,15.0,-162.0,-63.0,39.0,225.0,321.0,514.0,-411.0
23.0,,-14.0,-74.0,-30.0,-8.0,226.0,631.0,499.0,-370.0
102.0,,-80.0,-3.0,13.0,-91.0,230.0,347.0,456.0,-289.0
156.0,,-114.0,62.0,62.0,-33.0,254.0,461.0,396.0,-198.0
163.0,,-186.0,100.0,107.0,-2.0,249.0,478.0,309.0,-104.0
182.0,,-262.0,89.0,141.0,-47.0,245.0,375.0,197.0,-32.0
234.0,,-308.0,66.0,168.0,-146.0,218.0,694.0,80.0,1.0
276.0,,-379.0,46.0,176.0,-173.0,202.0,330.0,-52.0,9.0
275.0,,-410.0,10.0,164.0,-154.0,217.0,493.0,-200.0,-27.0
271.0,,-431.0,-45.0,151.0,-187.0,214.0,253.0,-331.0,-83.0
314.0,,-446.0,-95.0,143.0,-223.0,230.0,212.0,-436.0,-153.0
360.0,,-429.0,-131.0,132.0,-214.0,259.0,415.0,-517.0,-217.0
368.0,,-405.0,-142.0,113.0,-165.0,292.0,254.0,-565.0,-261.0
383.0,,-368.0,-117.0,83.0,-221.0,331.0,598.0,-573.0,-283.0
429.0,,-327.0,-105.0,46.0,-296.0,358.0,314.0,-546.0,-305.0
475.0,,-258.0,-84.0,16.0,-338.0,398.0,482.0,-493.0,-303.0
494.0,,-200.0,-34.0,0.0,-357.0,416.0,467.0,-429.0,-280.0
482.0,,-134.0,16.0,-12.0,-332.0,414.0,327.0,-345.0,-288.0
497.0,,-47.0,45.0,-24.0,-372.0,437.0,567.0,-255.0,-291.0
540.0,,-15.0,41.0,-48.0,-384.0,440.0,221.0,-173.0,-330.0
540.0,,40.0,25.0,-80.0,-355.0,430.0,478.0,-82.0,-405.0
511.0,,86.0,-25.0,-92.0,-319.0,438.0,308.0,-4.0,-448.0
523.0,,125.0,-108.0,-93.0,-315.0,450.0,384.0,69.0,-520.0
535.0,,136.0,-190.0,-100.0,-324.0,451.0,539.0,136.0,-575.0
513.0,,135.0,-276.0,-105.0,-257.0,434.0,286.0,187.0,-562.0
504.0,,141.0,-365.0,-102.0,-262.0,429.0,546.0,229.0,-577.0
534.0,,91.0,-430.0,-84.0,-330.0,466.0,144.0,258.0,-556.0
554.0,,81.0,-442.0,-66.0,-336.0,480.0,304.0,291.0,-506.0
524.0,,46.0,-429.0,-51.0,-315.0,483.0,293.0,318.0,-498.0
512.0,,13.0,-404.0,-49.0,-338.0,508.0,245.0,335.0,-446.0
540.0,,22.0,-349.0,-71.0,-382.0,505.0,537.0,330.0,-360.0
538.0,,0.0,-261.0,-81.0,-369.0,506.0,216.0,301.0,-286.0
493.0,,-9.0,-176.0,-39.0,-330.0,509.0,524.0,274.0,-193.0
472.0,,10.0,-98.0,35.0,-317.0,506.0,312.0,227.0,-82.0
484.0,,17.0,-10.0,98.0,-333.0,498.0,365.0,164.0,6.0
479.0,,38.0,62.0,134.0,-313.0,465.0,397.0,99.0,104.0
447.0,,91.0,115.0,138.0,-209.0,473.0,75.0,33.0,194.0
406.0,,116.0,162.0,112.0,-162.0,470.0,262.0,-17.0,259.0
382.0,,168.0,191.0,75.0,-208.0,422.0,-157.0,-56.0,330.0
376.0,,224.0,191.0,35.0,-196.0,388.0,55.0,-85.0,375.0
349.0,,246.0,202.0,-3.0,-137.0,364.0,-16.0,-102.0,405.0
323.0,,278.0,218.0,-37.0,-77.0,336.0,-40.0,-121.0,420.0
331.0,,311.0,221.0,-57.0,-102.0,322.0,177.0,-135.0,427.0
328.0,,322.0,236.0,-57.0,-162.0,311.0,-164.0,-129.0,410.0
288.0,,344.0,245.0,-52.0,-141.0,299.0,84.0,-130.0,390.0
236.0,,377.0,235.0,-34.0,-181.0,294.0,-162.0,-112.0,364.0
201.0,,385.0,218.0,-2.0,-215.0,286.0,-20.0,-70.0,299.0
163.0,,419.0,192.0,33.0,-173.0,299.0,16.0,-24.0,256.0
101.0,,445.0,165.0,53.0,-114.0,314.0,-175.0,46.0,205.0
55.0,,460.0,166.0,42.0,-39.0,305.0,92.0,120.0,157.0
40.0,,485.0,162.0,6.0,-49.0,285.0,-264.0,174.0,117.0
24.0,,510.0,159.0,-43.0,-84.0,253.0,-33.0,213.0,61.0
-22.0,,521.0,225.0,-96.0,-78.0,206.0,-184.0,237.0,26.0
-69.0,,523.0,282.0,-148.0,-40.0,168.0,-238.0,239.0,-9.0
-90.0,,535.0,311.0,-182.0,-45.0,114.0,-55.0,236.0,-62.0
-98.0,,535.0,349.0,-188.0,-100.0,81.0,-291.0,231.0,-97.0
-138.0,,530.0,347.0,-162.0,-63.0,87.0,36.0,227.0,-107.0
-183.0,,521.0,322.0,-103.0,-6.0,62.0,-238.0,233.0,-127.0
-179.0,,527.0,290.0,-27.0,18.0,58.0,-131.0,221.0,-119.0
-165.0,,528.0,241.0,57.0,-5.0,62.0,-145.0,215.0,-112.0
-188.0,,525.0,169.0,124.0,-52.0,60.0,-254.0,201.0,-96.0
-219.0,,531.0,72.0,147.0,-52.0,66.0,88.0,154.0,-74.0
-214.0,,527.0,-4.0,127.0,-70.0,65.0,-201.0,104.0,-74.0
-200.0,,535.0,-62.0,77.0,-64.0,65.0,81.0,53.0,-52.0
-190.0,,524.0,-148.0,20.0,-39.0,42.0,-123.0,-2.0,-25.0
-200.0,,512.0,-224.0,-37.0,-41.0,38.0,-182.0,-71.0,-19.0
-192.0,,506.0,-238.0,-80.0,-32.0,17.0,-29.0,-129.0,-45.0
-121.0,,482.0,-204.0,-92.0,-64.0,-12.0,-288.0,-175.0,-67.0
-63.0,,458.0,-145.0,-76.0,-112.0,-7.0,38.0,-211.0,-112.0
-56.0,,434.0,-72.0,-40.0,-143.0,-34.0,-229.0,-231.0,-162.0
-55.0,,400.0,38.0,9.0,-139.0,-84.0,-46.0,-243.0,-190.0
-12.0,,367.0,133.0,69.0,-90.0,-105.0,14.0,-239.0,-218.0
40.0,,307.0,167.0,118.0,-81.0,-105.0,-7.0,-212.0,-183.0
40.0,,237.0,177.0,149.0,-75.0,-115.0,282.0,-162.0,-134.0
38.0,,174.0,141.0,159.0,-64.0,-99.0,-51.0,-98.0,-80.0
78.0,,82.0,33.0,128.0,-63.0,-95.0,214.0,-20.0,7.0
109.0,,0.0,-124.0,57.0,-37.0,-109.0,-25.0,50.0,79.0
106.0,,-103.0,-279.0,-35.0,-46.0,-99.0,-18.0,106.0,144.0
91.0,,-179.0,-449.0,-135.0,-72.0,-87.0,83.0,157.0,205.0
109.0,,-239.0,-628.0,-223.0,-121.0,-61.0,-205.0,212.0,259.0
133.0,,-316.0,-727.0,-269.0,-127.0,-40.0,96.0,255.0,276.0
129.0,,-366.0,-767.0,-266.0,-98.0,-49.0,-205.0,271.0,279.0
116.0,,-425.0,-751.0,-238.0,-141.0,-72.0,-9.0,301.0,248.0
114.0,,-459.0,-685.0,-205.0,-143.0,-73.0,-44.0,326.0,160.0
123.0,,-505.0,-608.0,-189.0,-151.0,-37.0,-184.0,342.0,96.0
114.0,,-526.0,-504.0,-192.0,-131.0,1.0,-38.0,350.0,-1.0
108.0,,-528.0,-397.0,-206.0,-96.0,6.0,-399.0,339.0,-107.0
118.0,,-541.0,-305.0,-224.0,-123.0,1.0,-51.0,325.0,-183.0
130.0,,-509.0,-193.0,-227.0,-43.0,26.0,-190.0,303.0,-259.0
113.0,,-516.0,-85.0,-205.0,-49.0,49.0,-42.0,275.0,-323.0
75.0,,-490.0,10.0,-167.0,-104.0,42.0,75.0,235.0,-377.0
79.0,,-460.0,97.0,-116.0,-73.0,48.0,-269.0,215.0,-407.0
92.0,,-449.0,160.0,-62.0,-37.0,60.0,-48.0,201.0,-453.0
77.0,,-407.0,213.0,-13.0,40.0,68.0,-399.0,175.0,-476.0
31.0,,-402.0,260.0,24.0,4.0,101.0,-182.0,169.0,-494.0
14.0,,-384.0,314.0,49.0,-50.0,119.0,-205.0,156.0,-486.0
39.0,,-359.0,375.0,79.0,-45.0,138.0,-229.0,157.0,-445.0
44.0,,-371.0,419.0,123.0,-21.0,157.0,40.0,149.0,-425.0
52.0,,-367.0,490.0,190.0,38.0,151.0,-245.0,130.0,-378.0
66.0,,-353.0,577.0,274.0,34.0,147.0,121.0,124.0,-346.0
96.0,,-372.0,616.0,335.0,41.0,157.0,-68.0,114.0,-293.0
135.0,,-370.0,639.0,342.0,47.0,153.0,36.0,108.0,-231.0
166.0,,-355.0,667.0,281.0,72.0,127.0,83.0,110.0,-175.0
203.0,,-359.0,675.0,171.0,83.0,110.0,-205.0,138.0,-127.0
240.0,,-339.0,626.0,52.0,67.0,93.0,42.0,169.0,-110.0
260.0,,-335.0,552.0,-45.0,75.0,77.0,-328.0,198.0,-94.0
244.0,,-326.0,487.0,-97.0,28.0,57.0,-120.0,236.0,-116.0
230.0,,-277.0,379.0,-89.0,22.0,21.0,-218.0,256.0,-128.0
226.0,,-241.0,269.0,-41.0,6.0,-1.0,-219.0,273.0,-155.0
215.0,,-208.0,207.0,9.0,-16.0,7.0,31.0,280.0,-190.0
180.0,,-151.0,180.0,36.0,25.0,12.0,-251.0,265.0,-197.0
128.0,,-114.0,148.0,18.0,7.0,9.0,72.0,247.0,-212.0
120.0,,-86.0,127.0,-34.0,6.0,30.0,-162.0,221.0,-205.0
126.0,,-56.0,163.0,-105.0,55.0,20.0,25.0,201.0,-179.0
107.0,,-43.0,205.0,-171.0,51.0,-11.0,97.0,174.0,-142.0
84.0,,-31.0,248.0,-206.0,34.0,-13.0,-138.0,140.0,-126.0
91.0,,-24.0,305.0,-205.0,60.0,-30.0,83.0,118.0,-110.0
117.0,,-13.0,358.0,-164.0,54.0,-35.0,-249.0,102.0,-67.0
104.0,,-7.0,418.0,-112.0,-33.0,-29.0,0.0,95.0,-24.0
65.0,,16.0,459.0,-72.0,-102.0,-38.0,-206.0,92.0,24.0
65.0,,33.0,448.0,-52.0,-114.0,-29.0,-282.0,93.0,77.0
101.0,,45.0,399.0,-67.0,-66.0,-18.0,-195.0,110.0,131.0
97.0,,66.0,333.0,-91.0,-29.0,0.0,-517.0,125.0,171.0
62.0,,85.0,273.0,-91.0,-137.0,-2.0,-171.0,152.0,209.0
55.0,,104.0,245.0,-64.0,-152.0,-28.0,-421.0,214.0,243.0
87.0,,85.0,229.0,-21.0,-50.0,-10.0,-216.0,268.0,253.0
99.0,,96.0,217.0,43.0,-39.0,7.0,-229.0,345.0,235.0
51.0,,98.0,207.0,118.0,-90.0,3.0,-404.0,443.0,204.0
44.0,,77.0,191.0,175.0,-159.0,4.0,-120.0,518.0,166.0
67.0,,83.0,211.0,196.0,-114.0,13.0,-408.0,586.0,150.0
41.0,,44.0,259.0,186.0,-95.0,12.0,-118.0,636.0,173.0
2.0,,26.0,305.0,150.0,-155.0,10.0,-282.0,672.0,209.0
-23.0,,15.0,335.0,90.0,-177.0,22.0,-216.0,701.0,301.0
-5.0,,-34.0,354.0,33.0,-221.0,51.0,-129.0,688.0,426.0
0.0,,-41.0,406.0,-17.0,-219.0,50.0,-473.0,656.0,542.0
-34.0,,-48.0,460.0,-60.0,-221.0,15.0,-258.0,615.0,651.0
-41.0,,-61.0,484.0,-86.0,-249.0,27.0,-657.0,538.0,748.0
-7.0,,-64.0,525.0,-91.0,-212.0,28.0,-471.0,459.0,817.0
26.0,,-71.0,570.0,-81.0,-172.0,24.0,-482.0,374.0,845.0
0.0,,-52.0,581.0,-67.0,-201.0,21.0,-545.0,263.0,854.0
-25.0,,-37.0,569.0,-41.0,-270.0,-10.0,-284.0,156.0,826.0
5.0,,-27.0,545.0,-24.0,-260.0,-24.0,-611.0,48.0,792.0
28.0,,-2.0,495.0,-6.0,-168.0,-40.0,-339.0,-56.0,740.0
15.0,,19.0,416.0,28.0,-158.0,-44.0,-567.0,-133.0,651.0
-19.0,,54.0,308.0,49.0,-248.0,-42.0,-498.0,-206.0,565.0
-23.0,,85.0,228.0,48.0,-273.0,-45.0,-448.0,-282.0,468.0
6.0,,104.0,190.0,19.0,-233.0,-65.0,-635.0,-336.0,369.0
-9.0,,136.0,160.0,-40.0,-253.0,-105.0,-315.0,-401.0,269.0
-45.0,,158.0,128.0,-103.0,-287.0,-148.0,-648.0,-460.0,186.0
-30.0,,155.0,93.0,-156.0,-258.0,-172.0,-430.0,-492.0,132.0
18.0,,155.0,83.0,-195.0,-256.0,-160.0,-606.0,-509.0,106.0
35.0,,146.0,71.0,-209.0,-281.0,-169.0,-672.0,-520.0,106.0
22.0,,134.0,82.0,-207.0,-290.0,-180.0,-491.0,-534.0,122.0
50.0,,131.0,145.0,-193.0,-257.0,-169.0,-812.0,-541.0,175.0
114.0,,97.0,202.0,-184.0,-198.0,-165.0,-445.0,-539.0,264.0
160.0,,75.0,266.0,-174.0,-212.0,-157.0,-639.0,-529.0,353.0
160.0,,74.0,352.0,-143.0,-229.0,-141.0,-450.0,-505.0,457.0
176.0,,21.0,386.0,-99.0,-220.0,-148.0,-410.0,-463.0,587.0
231.0,,-4.0,364.0,-49.0,-195.0,-171.0,-611.0,-409.0,704.0
246.0,,-23.0,360.0,-16.0,-198.0,-176.0,-395.0,-335.0,801.0
225.0,,-54.0,359.0,13.0,-235.0,-194.0,-716.0,-240.0,874.0
229.0,,-58.0,361.0,58.0,-198.0,-233.0,-349.0,-142.0,929.0
231.0,,-90.0,387.0,97.0,-154.0,-275.0,-423.0,-52.0,948.0
210.0,,-88.0,439.0,136.0,-172.0,-323.0,-408.0,28.0,926.0
170.0,,-93.0,511.0,168.0,-187.0,-352.0,-304.0,99.0,883.0
122.0,,-124.0,579.0,184.0,-163.0,-391.0,-648.0,159.0,812.0
122.0,,-112.0,644.0,185.0,-106.0,-426.0,-343.0,211.0,726.0
150.0,,-120.0,709.0,176.0,-75.0,-405.0,-589.0,249.0,628.0
147.0,,-137.0,754.0,169.0,-122.0,-379.0,-404.0,266.0,542.0
127.0,,-140.0,778.0,169.0,-106.0,-361.0,-419.0,267.0,457.0
149.0,,-174.0,820.0,165.0,-29.0,-335.0,-559.0,254.0,396.0
196.0,,-183.0,867.0,143.0,-41.0,-308.0,-308.0,220.0,381.0
196.0,,-190.0,867.0,97.0,-111.0,-291.0,-641.0,166.0,362.0
189.0,,-220.0,859.0,27.0,-137.0,-305.0,-365.0,112.0,378.0
225.0,,-225.0,858.0,-33.0,-75.0,-324.0,-593.0,54.0,417.0
290.0,,-238.0,832.0,-68.0,-22.0,-338.0,-552.0,-11.0,420.0
303.0,,-248.0,808.0,-81.0,-32.0,-355.0,-373.0,-72.0,395.0
292.0,,-228.0,796.0,-81.0,-20.0,-374.0,-617.0,-139.0,363.0
330.0,,-237.0,778.0,-77.0,50.0,-400.0,-315.0,-188.0,315.0
344.0,,-229.0,756.0,-78.0,89.0,-416.0,-681.0,-223.0,283.0
326.0,,-179.0,719.0,-100.0,17.0,-427.0,-535.0,-263.0,269.0
299.0,,-158.0,680.0,-123.0,-28.0,-437.0,-582.0,-278.0,232.0
301.0,,-128.0,658.0,-131.0,-37.0,-426.0,-665.0,-306.0,229.0
310.0,,-84.0,633.0,-127.0,-34.0,-405.0,-391.0,-333.0,218.0
263.0,,-43.0,633.0,-116.0,-58.0,-374.0,-676.0,-359.0,189.0
208.0,,2.0,623.0,-101.0,-134.0,-311.0,-351.0,-385.0,171.0
186.0,,33.0,590.0,-73.0,-58.0,-271.0,-545.0,-376.0,127.0
196.0,,51.0,576.0,-53.0,-11.0,-268.0,-497.0,-375.0,105.0
168.0,,98.0,564.0,-67.0,-39.0,-243.0,-473.0,-363.0,87.0
126.0,,120.0,577.0,-100.0,-25.0,-216.0,-689.0,-347.0,64.0
130.0,,131.0,580.0,-121.0,-33.0,-232.0,-382.0,-340.0,96.0
141.0,,173.0,549.0,-125.0,5.0,-249.0,-705.0,-317.0,136.0
130.0,,188.0,542.0,-113.0,33.0,-246.0,-478.0,-291.0,152.0
88.0,,234.0,580.0,-95.0,75.0,-244.0,-646.0,-262.0,196.0
44.0,,259.0,619.0,-72.0,118.0,-255.0,-759.0,-245.0,251.0
25.0,,269.0,646.0,-32.0,109.0,-282.0,-578.0,-230.0,284.0
3.0,,319.0,665.0,2.0,72.0,-274.0,-848.0,-216.0,318.0
-69.0,,335.0,671.0,28.0,35.0,-275.0,-437.0,-209.0,326.0
-146.0,,352.0,703.0,41.0,37.0,-280.0,-617.0,-204.0,306.0
-169.0,,380.0,724.0,36.0,79.0,-272.0,-456.0,-187.0,280.0
-177.0,,381.0,718.0,11.0,106.0,-264.0,-419.0,-178.0,222.0
-206.0,,404.0,726.0,-38.0,100.0,-255.0,-641.0,-183.0,130.0
-245.0,,422.0,738.0,-90.0,165.0,-259.0,-415.0,-183.0,44.0
-240.0,,405.0,760.0,-135.0,212.0,-230.0,-763.0,-177.0,-29.0
-208.0,,422.0,744.0,-172.0,206.0,-211.0,-500.0,-157.0,-134.0
-217.0,,420.0,706.0,-207.0,218.0,-222.0,-607.0,-141.0,-228.0
-229.0,,398.0,648.0,-238.0,273.0,-218.0,-526.0,-122.0,-261.0
-200.0,,411.0,519.0,-238.0,281.0,-213.0,-334.0,-88.0,-281.0
-133.0,,388.0,391.0,-188.0,237.0,-222.0,-583.0,-64.0,-269.0
-70.0,,386.0,288.0,-101.0,180.0,-219.0,-273.0,-63.0,-251.0
-29.0,,382.0,154.0,-11.0,150.0,-222.0,-576.0,-77.0,-237.0
37.0,,351.0,7.0,55.0,212.0,-242.0,-388.0,-100.0,-196.0
106.0,,355.0,-98.0,70.0,195.0,-240.0,-351.0,-121.0,-196.0
149.0,,318.0,-160.0,34.0,196.0,-240.0,-436.0,-134.0,-208.0
187.0,,291.0,-181.0,-28.0,228.0,-255.0,-210.0,-162.0,-206.0
221.0,,265.0,-157.0,-98.0,245.0,-271.0,-570.0,-198.0,-196.0
252.0,,218.0,-98.0,-161.0,279.0,-266.0,-304.0,-232.0,-196.0
272.0,,159.0,-6.0,-198.0,270.0,-249.0,-480.0,-274.0,-198.0
266.0,,108.0,80.0,-203.0,325.0,-239.0,-382.0,-318.0,-198.0
240.0,,57.0,170.0,-174.0,329.0,-217.0,-232.0,-353.0,-209.0
219.0,,0.0,251.0,-108.0,244.0,-209.0,-473.0,-386.0,-199.0
193.0,,-38.0,292.0,-31.0,223.0,-216.0,-169.0,-429.0,-203.0
144.0,,-121.0,339.0,45.0,265.0,-211.0,-502.0,-456.0,-186.0
77.0,,-151.0,355.0,107.0,248.0,-195.0,-303.0,-470.0,-151.0
36.0,,-201.0,351.0,149.0,187.0,-183.0,-341.0,-484.0,-89.0
15.0,,-254.0,359.0,170.0,128.0,-179.0,-373.0,-479.0,22.0
-56.0,,-250.0,380.0,171.0,117.0,-160.0,-77.0,-462.0,135.0
-148.0,,-292.0,418.0,168.0,203.0,-158.0,-362.0,-424.0,294.0
-186.0,,-304.0,426.0,153.0,223.0,-166.0,-35.0,-368.0,456.0
-227.0,,-291.0,434.0,127.0,223.0,-161.0,-304.0,-311.0,622.0
-333.0,,-292.0,453.0,96.0,250.0,-130.0,-249.0,-253.0,770.0
-424.0,,-310.0,455.0,66.0,262.0,-81.0,-149.0,-202.0,855.0
-458.0,,-319.0,445.0,36.0,268.0,-54.0,-343.0,-177.0,894.0
-500.0,,-327.0,415.0,8.0,195.0,-42.0,-22.0,-183.0,869.0
-557.0,,-341.0,377.0,1.0,141.0,-38.0,-367.0,-192.0,786.0
-588.0,,-342.0,349.0,0.0,177.0,-35.0,-153.0,-188.0,658.0
-583.0,,-339.0,384.0,-11.0,185.0,-23.0,-299.0,-168.0,546.0
-574.0,,-331.0,480.0,-31.0,179.0,-1.0,-386.0,-109.0,422.0
-585.0,,-334.0,582.0,-54.0,233.0,9.0,-157.0,-32.0,291.0
-600.0,,-330.0,671.0,-73.0,321.0,-3.0,-358.0,44.0,205.0
-590.0,,-323.0,754.0,-87.0,362.0,-5.0,53.0,121.0,131.0
-573.0,,-312.0,813.0,-103.0,329.0,6.0,-140.0,178.0,66.0
-586.0,,-307.0,836.0,-123.0,323.0,0.0,75.0,202.0,25.0
-599.0,,-305.0,830.0,-137.0,306.0,-16.0,158.0,220.0,6.0
-584.0,,-291.0,823.0,-125.0,231.0,-9.0,-35.0,223.0,10.0
-568.0,,-275.0,780.0,-101.0,179.0,4.0,195.0,188.0,47.0
-569.0,,-253.0,661.0,-79.0,206.0,28.0,-166.0,129.0,121.0
-573.0,,-233.0,512.0,-68.0,237.0,56.0,96.0,46.0,209.0
-557.0,,-206.0,340.0,-68.0,205.0,100.0,-68.0,-55.0,295.0
-532.0,,-209.0,185.0,-54.0,167.0,139.0,-60.0,-172.0,388.0
-508.0,,-189.0,46.0,-33.0,187.0,138.0,129.0,-303.0,467.0
-484.0,,-194.0,-76.0,-5.0,262.0,119.0,-160.0,-428.0,526.0
-445.0,,-222.0,-149.0,32.0,241.0,77.0,123.0,-536.0,572.0
-425.0,,-203.0,-165.0,58.0,154.0,71.0,-177.0,-617.0,613.0
-436.0,,-237.0,-132.0,66.0,165.0,69.0,-31.0,-663.0,641.0
-427.0,,-220.0,-102.0,68.0,228.0,49.0,-1.0,-686.0,647.0
-428.0,,-215.0,-72.0,64.0,226.0,26.0,-46.0,-682.0,651.0
-431.0,,-211.0,-19.0,52.0,171.0,-14.0,288.0,-645.0,647.0
-436.0,,-173.0,72.0,23.0,148.0,-35.0,7.0,-589.0,619.0
-447.0,,-187.0,171.0,-15.0,186.0,-49.0,325.0,-520.0,585.0
-411.0,,-137.0,233.0,-38.0,232.0,-53.0,138.0,-429.0,551.0
-362.0,,-106.0,276.0,-54.0,143.0,-82.0,92.0,-325.0,496.0
-355.0,,-66.0,301.0,-62.0,79.0,-112.0,164.0,-231.0,442.0
-350.0,,1.0,314.0,-55.0,141.0,-104.0,-120.0,-153.0,390.0
-318.0,,58.0,311.0,-34.0,169.0,-90.0,107.0,-75.0,333.0
-289.0,,146.0,298.0,5.0,129.0,-74.0,-242.0,9.0,284.0
-269.0,,205.0,259.0,49.0,51.0,-77.0,-90.0,78.0,229.0
-239.0,,276.0,193.0,83.0,106.0,-59.0,-155.0,115.0,195.0
-205.0,,330.0,143.0,100.0,156.0,-26.0,-195.0,135.0,186.0
-169.0,,372.0,117.0,97.0,33.0,-23.0,109.0,141.0,181.0
-111.0,,396.0,107.0,75.0,-35.0,-22.0,-158.0,135.0,197.0
-63.0,,396.0,100.0,21.0,-47.0,-28.0,164.0,118.0,215.0
-32.0,,410.0,123.0,-47.0,-91.0,-44.0,-62.0,91.0,195.0
13.0,,371.0,168.0,-111.0,-121.0,-35.0,18.0,61.0,165.0
77.0,,343.0,193.0,-147.0,-148.0,-4.0,199.0,23.0,151.0
112.0,,312.0,214.0,-152.0,-137.0,15.0,38.0,-22.0,112.0
122.0,,242.0,264.0,-137.0,-52.0,41.0,319.0,-76.0,33.0
157.0,,217.0,319.0,-95.0,-52.0,50.0,-46.0,-138.0,-73.0
198.0,,174.0,332.0,-26.0,-141.0,59.0,118.0,-191.0,-196.0
229.0,,120.0,332.0,57.0,-166.0,74.0,20.0,-267.0,-336.0
234.0,,109.0,333.0,137.0,-174.0,48.0,-40.0,-354.0,-474.0
227.0,,74.0,340.0,189.0,-196.0,60.0,182.0,-425.0,-616.0
198.0,,40.0,390.0,198.0,-265.0,80.0,-72.0,-492.0,-747.0
134.0,,39.0,435.0,176.0,-325.0,62.0,286.0,-531.0,-813.0
75.0,,16.0,470.0,137.0,-279.0,26.0,109.0,-552.0,-866.0
16.0,,2.0,479.0,89.0,-290.0,-13.0,254.0,-556.0,-877.0
-49.0,,0.0,426.0,49.0,-371.0,-15.0,341.0,-560.0,-837.0
-127.0,,-24.0,348.0,27.0,-379.0,-36.0,158.0,-568.0,-811.0
-176.0,,-42.0,280.0,18.0,-401.0,-51.0,436.0,-564.0,-759.0
-174.0,,-48.0,248.0,-2.0,-463.0,-34.0,88.0,-556.0,-679.0
-169.0,,-47.0,204.0,-41.0,-512.0,-26.0,323.0,-545.0,-577.0
-178.0,,-57.0,153.0,-81.0,-528.0,6.0,232.0,-530.0,-454.0
-193.0,,-61.0,117.0,-119.0,-512.0,39.0,199.0,-490.0,-320.0
-203.0,,-63.0,84.0,-141.0,-534.0,90.0,402.0,-457.0,-185.0
-195.0,,-72.0,54.0,-128.0,-534.0,122.0,101.0,-423.0,-65.0
-201.0,,-92.0,0.0,-89.0,-490.0,102.0,360.0,-384.0,24.0
-215.0,,-86.0,-46.0,-40.0,-497.0,112.0,73.0,-358.0,66.0
-225.0,,-73.0,-91.0,20.0,-582.0,118.0,221.0,-305.0,68.0
-251.0,,-68.0,-124.0,89.0,-673.0,93.0,332.0,-270.0,33.0
-285.0,,-43.0,-125.0,149.0,-669.0,62.0,254.0,-258.0,-21.0
-309.0,,-36.0,-114.0,184.0,-615.0,38.0,620.0,-243.0,-94.0
-324.0,,-32.0,-43.0,191.0,-657.0,15.0,341.0,-242.0,-207.0
-348.0,,-15.0,67.0,172.0,-739.0,-8.0,578.0,-255.0,-299.0
-356.0,,-18.0,177.0,134.0,-714.0,-37.0,395.0,-281.0,-358.0
-351.0,,-24.0,296.0,80.0,-736.0,-48.0,367.0,-298.0,-450.0
-350.0,,5.0,408.0,10.0,-782.0,-20.0,535.0,-311.0,-535.0
-345.0,,9.0,518.0,-55.0,-746.0,-5.0,327.0,-316.0,-621.0
-328.0,,5.0,598.0,-103.0,-803.0,21.0,726.0,-308.0,-718.0
-316.0,,30.0,636.0,-125.0,-787.0,28.0,489.0,-291.0,-820.0
-332.0,,34.0,658.0,-131.0,-711.0,25.0,650.0,-257.0,-927.0
-345.0,,47.0,662.0,-117.0,-781.0,40.0,607.0,-240.0,-997.0
-362.0,,75.0,670.0,-79.0,-790.0,26.0,445.0,-200.0,-1027.0
-372.0,,91.0,678.0,-28.0,-744.0,6.0,676.0,-151.0,-1021.0
-386.0,,108.0,657.0,31.0,-737.0,-18.0,367.0,-90.0,-1018.0
-397.0,,141.0,627.0,88.0,-745.0,-56.0,691.0,13.0,-964.0
-382.0,,133.0,599.0,123.0,-772.0,-77.0,526.0,115.0,-874.0
-391.0,,141.0,551.0,122.0,-754.0,-74.0,598.0,227.0,-810.0
-397.0,,134.0,476.0,101.0,-736.0,-83.0,742.0,325.0,-743.0
-422.0,,112.0,388.0,81.0,-723.0,-96.0,484.0,413.0,-706.0
-453.0,,107.0,311.0,69.0,-691.0,-103.0,753.0,504.0,-699.0
-452.0,,71.0,208.0,61.0,-688.0,-91.0,404.0,578.0,-713.0
-487.0,,49.0,84.0,62.0,-654.0,-62.0,563.0,642.0,-726.0
-545.0,,14.0,-16.0,76.0,-615.0,-59.0,509.0,686.0,-726.0
-566.0,,-11.0,-104.0,86.0,-664.0,-37.0,400.0,710.0,-690.0
-546.0,,-49.0,-207.0,97.0,-678.0,20.0,589.0,710.0,-640.0
-549.0,,-62.0,-305.0,96.0,-636.0,52.0,275.0,711.0,-572.0
-562.0,,-61.0,-324.0,78.0,-671.0,48.0,611.0,710.0,-475.0
-541.0,,-82.0,-301.0,59.0,-692.0,55.0,450.0,699.0,-415.0
-539.0,,-101.0,-311.0,51.0,-623.0,74.0,559.0,696.0,-368.0
-554.0,,-119.0,-291.0,69.0,-595.0,118.0,620.0,681.0,-352.0
-566.0,,-108.0,-253.0,100.0,-605.0,149.0,338.0,660.0,-387.0
-548.0,,-138.0,-238.0,127.0,-590.0,149.0,620.0,615.0,-422.0
-509.0,,-162.0,-220.0,143.0,-592.0,151.0,339.0,563.0,-456.0
-479.0,,-174.0,-177.0,141.0,-590.0,143.0,583.0,497.0,-509.0
-447.0,,-209.0,-128.0,125.0,-634.0,143.0,485.0,406.0,-556.0
-404.0,,-216.0,-97.0,104.0,-669.0,124.0,393.0,311.0,-577.0
-351.0,,-232.0,-69.0,81.0,-641.0,101.0,587.0,193.0,-583.0
-329.0,,-251.0,-35.0,62.0,-632.0,106.0,317.0,107.0,-557.0
-335.0,,-263.0,-18.0,52.0,-617.0,95.0,667.0,40.0,-535.0
-342.0,,-274.0,-35.0,64.0,-611.0,99.0,432.0,-32.0,-511.0
-344.0,,-280.0,-56.0,96.0,-608.0,103.0,482.0,-79.0,-475.0
-351.0,,-291.0,-59.0,131.0,-583.0,116.0,439.0,-96.0,-434.0
-378.0,,-292.0,-53.0,160.0,-586.0,141.0,236.0,-95.0,-415.0
-363.0,,-293.0,-45.0,167.0,-591.0,131.0,626.0,-95.0,-378.0
-323.0,,-295.0,-43.0,145.0,-547.0,129.0,400.0,-90.0,-305.0
-299.0,,-281.0,-51.0,105.0,-541.0,121.0,620.0,-104.0,-240.0
-303.0,,-292.0,-85.0,54.0,-580.0,118.0,430.0,-137.0,-160.0
-322.0,,-277.0,-125.0,-2.0,-590.0,134.0,363.0,-167.0,-112.0
-321.0,,-258.0,-200.0,-46.0,-566.0,141.0,511.0,-201.0,-72.0
-319.0,,-278.0,-293.0,-67.0,-486.0,116.0,240.0,-214.0,-37.0
-343.0,,-266.0,-349.0,-71.0,-486.0,77.0,532.0,-209.0,-28.0
-367.0,,-285.0,-394.0,-75.0,-569.0,60.0,242.0,-177.0,-58.0
-342.0,,-324.0,-415.0,-83.0,-561.0,39.0,369.0,-133.0,-130.0
-308.0,,-359.0,-435.0,-110.0,-511.0,35.0,315.0,-84.0,-184.0
-293.0,,-403.0,-441.0,-164.0,-458.0,12.0,120.0,-12.0,-236.0
-254.0,,-446.0,-431.0,-216.0,-413.0,-3.0,375.0,56.0,-260.0
-198.0,,-493.0,-408.0,-242.0,-398.0,-15.0,64.0,116.0,-288.0
-156.0,,-530.0,-325.0,-227.0,-339.0,-42.0,363.0,160.0,-301.0
-115.0,,-551.0,-202.0,-184.0,-307.0,-61.0,131.0,183.0,-317.0
-47.0,,-551.0,-58.0,-133.0,-374.0,-96.0,109.0,192.0,-375.0
26.0,,-554.0,73.0,-76.0,-340.0,-107.0,308.0,184.0,-409.0
97.0,,-516.0,167.0,-36.0,-280.0,-119.0,53.0,181.0,-454.0
181.0,,-466.0,232.0,-34.0,-296.0,-112.0,341.0,150.0,-518.0
255.0,,-426.0,297.0,-70.0,-239.0,-95.0,33.0,101.0,-602.0
300.0,,-348.0,336.0,-127.0,-191.0,-109.0,219.0,46.0,-684.0
339.0,,-304.0,346.0,-179.0,-202.0,-138.0,206.0,-25.0,-752.0
358.0,,-252.0,338.0,-209.0,-185.0,-145.0,92.0,-96.0,-849.0
346.0,,-195.0,273.0,-205.0,-135.0,-131.0,330.0,-168.0,-929.0
327.0,,-166.0,176.0,-181.0,-94.0,-130.0,-24.0,-245.0,-989.0
299.0,,-128.0,85.0,-162.0,-45.0,-126.0,245.0,-307.0,-1046.0
255.0,,-116.0,14.0,-154.0,-33.0,-118.0,25.0,-316.0,-1042.0
213.0,,-99.0,-45.0,-157.0,-18.0,-96.0,101.0,-293.0,-1019.0
176.0,,-108.0,-93.0,-152.0,25.0,-110.0,242.0,-264.0,-985.0
112.0,,-114.0,-130.0,-136.0,18.0,-114.0,46.0,-212.0,-916.0
40.0,,-101.0,-135.0,-119.0,47.0,-77.0,389.0,-138.0,-834.0
-26.0,,-121.0,-109.0,-92.0,51.0,-85.0,88.0,-65.0,-726.0
-104.0,,-107.0,-86.0,-71.0,64.0,-105.0,349.0,0.0,-616.0
-186.0,,-86.0,-33.0,-56.0,106.0,-115.0,264.0,99.0,-497.0
-248.0,,-63.0,53.0,-34.0,75.0,-101.0,123.0,223.0,-404.0
-288.0,,-33.0,134.0,0.0,91.0,-97.0,293.0,345.0,-356.0
-325.0,,-25.0,197.0,46.0,113.0,-120.0,-42.0,467.0,-324.0
-349.0,,-6.0,243.0,86.0,130.0,-107.0,323.0,582.0,-295.0
-354.0,,-9.0,271.0,100.0,154.0,-81.0,194.0,686.0,-271.0
-352.0,,-5.0,273.0,86.0,127.0,-84.0,312.0,792.0,-282.0
-363.0,,-1.0,260.0,51.0,143.0,-108.0,295.0,872.0,-298.0
-364.0,,0.0,255.0,7.0,184.0,-118.0,-3.0,906.0,-303.0
-352.0,,25.0,228.0,-28.0,211.0,-99.0,218.0,910.0,-297.0
-360.0,,23.0,196.0,-51.0,179.0,-105.0,-103.0,884.0,-277.0
-358.0,,36.0,193.0,-56.0,159.0,-123.0,112.0,821.0,-239.0
-330.0,,51.0,158.0,-37.0,225.0,-124.0,-49.0,739.0,-192.0
-309.0,,61.0,89.0,12.0,212.0,-138.0,-101.0,653.0,-135.0
-317.0,,82.0,22.0,73.0,146.0,-118.0,112.0,588.0,-56.0
-321.0,,101.0,-56.0,110.0,88.0,-84.0,-96.0,535.0,22.0
-318.0,,130.0,-146.0,139.0,101.0,-87.0,341.0,467.0,121.0
-355.0,,161.0,-245.0,170.0,123.0,-98.0,208.0,403.0,247.0
-389.0,,194.0,-319.0,213.0,75.0,-103.0,338.0,342.0,367.0
-393.0,,227.0,-382.0,258.0,83.0,-84.0,299.0,269.0,489.0
-387.0,,264.0,-446.0,280.0,96.0,-84.0,118.0,190.0,601.0
-385.0,,307.0,-464.0,291.0,85.0,-137.0,461.0,109.0,707.0
-383.0,,317.0,-459.0,294.0,58.0,-194.0,227.0,17.0,789.0
-364.0,,323.0,-458.0,282.0,25.0,-193.0,502.0,-80.0,823.0
-337.0,,350.0,-438.0,246.0,54.0,-185.0,321.0,-161.0,822.0
-329.0,,327.0,-366.0,190.0,85.0,-202.0,284.0,-228.0,777.0
-351.0,,308.0,-296.0,136.0,55.0,-177.0,439.0,-296.0,683.0
-371.0,,290.0,-249.0,93.0,-17.0,-157.0,142.0,-353.0,510.0
-381.0,,230.0,-164.0,53.0,-79.0,-153.0,410.0,-391.0,299.0
-385.0,,198.0,-107.0,25.0,-66.0,-147.0,127.0,-390.0,63.0
-410.0,,161.0,-82.0,26.0,-70.0,-120.0,319.0,-358.0,-177.0
-440.0,,115.0,-48.0,55.0,-143.0,-94.0,347.0,-300.0,-377.0
-429.0,,78.0,-43.0,104.0,-133.0,-79.0,271.0,-221.0,-569.0
-405.0,,58.0,-31.0,171.0,-73.0,-48.0,594.0,-137.0,-707.0
-410.0,,23.0,15.0,217.0,-50.0,-45.0,341.0,-54.0,-798.0
-417.0,,8.0,87.0,201.0,-46.0,-29.0,709.0,7.0,-869.0
-387.0,,16.0,176.0,136.0,-39.0,-17.0,583.0,77.0,-901.0
-350.0,,7.0,244.0,63.0,-54.0,-3.0,654.0,139.0,-904.0
-325.0,,20.0,325.0,29.0,-102.0,20.0,757.0,168.0,-888.0
-268.0,,36.0,422.0,41.0,-106.0,26.0,448.0,174.0,-876.0
-169.0,,39.0,467.0,77.0,-85.0,48.0,674.0,141.0,-873.0
-85.0,,62.0,460.0,118.0,-103.0,59.0,291.0,91.0,-868.0
-34.0,,91.0,458.0,147.0,-157.0,51.0,454.0,37.0,-838.0
13.0,,98.0,429.0,156.0,-142.0,53.0,345.0,-19.0,-838.0
80.0,,129.0,355.0,136.0,-75.0,63.0,225.0,-83.0,-871.0
143.0,,153.0,287.0,92.0,-142.0,57.0,476.0,-133.0,-877.0
193.0,,158.0,193.0,49.0,-197.0,54.0,173.0,-156.0,-883.0
260.0,,156.0,57.0,8.0,-174.0,27.0,491.0,-196.0,-903.0
315.0,,150.0,-43.0,-24.0,-125.0,9.0,315.0,-221.0,-920.0
404.0,,131.0,-83.0,-53.0,-58.0,14.0,467.0,-237.0,-908.0
521.0,,82.0,-117.0,-88.0,-137.0,12.0,596.0,-244.0,-923.0
568.0,,67.0,-140.0,-126.0,-177.0,39.0,382.0,-219.0,-926.0
630.0,,36.0,-128.0,-172.0,-84.0,51.0,602.0,-182.0,-905.0
693.0,,-3.0,-95.0,-200.0,-3.0,52.0,145.0,-136.0,-896.0
726.0,,-24.0,-88.0,-187.0,-25.0,67.0,297.0,-70.0,-846.0
744.0,,-60.0,-135.0,-139.0,-129.0,68.0,173.0,-3.0,-787.0
746.0,,-72.0,-176.0,-78.0,-77.0,76.0,158.0,55.0,-705.0
782.0,,-81.0,-226.0,-29.0,42.0,93.0,419.0,108.0,-596.0
782.0,,-93.0,-279.0,3.0,20.0,112.0,140.0,136.0,-478.0
772.0,,-106.0,-294.0,24.0,-60.0,142.0,469.0,155.0,-383.0
756.0,,-102.0,-335.0,54.0,-79.0,153.0,166.0,165.0,-322.0
727.0,,-97.0,-393.0,86.0,31.0,140.0,210.0,168.0,-310.0
708.0,,-111.0,-404.0,106.0,125.0,132.0,201.0,181.0,-331.0
646.0,,-116.0,-353.0,123.0,65.0,98.0,29.0,191.0,-374.0
602.0,,-101.0,-294.0,131.0,-5.0,94.0,349.0,196.0,-462.0
566.0,,-107.0,-256.0,138.0,46.0,102.0,5.0,179.0,-536.0
515.0,,-124.0,-199.0,149.0,139.0,82.0,251.0,161.0,-633.0
480.0,,-109.0,-157.0,162.0,141.0,61.0,110.0,153.0,-720.0
453.0,,-134.0,-135.0,173.0,118.0,54.0,177.0,134.0,-821.0
425.0,,-131.0,-136.0,155.0,166.0,91.0,419.0,103.0,-922.0
401.0,,-137.0,-191.0,93.0,273.0,110.0,168.0,71.0,-979.0
367.0,,-157.0,-267.0,16.0,285.0,106.0,473.0,39.0,-1034.0
341.0,,-120.0,-353.0,-48.0,229.0,101.0,155.0,6.0,-1065.0
334.0,,-109.0,-430.0,-105.0,275.0,102.0,360.0,-25.0,-1093.0
293.0,,-74.0,-501.0,-151.0,307.0,129.0,395.0,-72.0,-1073.0
278.0,,-21.0,-567.0,-169.0,350.0,151.0,254.0,-122.0,-1032.0
288.0,,10.0,-599.0,-154.0,350.0,153.0,424.0,-190.0,-977.0
271.0,,63.0,-618.0,-131.0,284.0,137.0,12.0,-252.0,-879.0
231.0,,116.0,-633.0,-137.0,322.0,149.0,254.0,-289.0,-752.0
144.0,,165.0,-603.0,-167.0,323.0,153.0,88.0,-322.0,-605.0
74.0,,223.0,-512.0,-198.0,286.0,105.0,230.0,-336.0,-436.0
13.0,,265.0,-462.0,-219.0,292.0,56.0,352.0,-337.0,-267.0
-83.0,,324.0,-460.0,-225.0,297.0,59.0,49.0,-308.0,-123.0
-185.0,,381.0,-394.0,-208.0,264.0,70.0,301.0,-268.0,49.0
-245.0,,432.0,-283.0,-176.0,218.0,33.0,20.0,-236.0,192.0
-278.0,,486.0,-165.0,-155.0,186.0,-1.0,303.0,-184.0,313.0
-344.0,,518.0,-39.0,-155.0,147.0,-31.0,315.0,-122.0,445.0
-372.0,,552.0,67.0,-165.0,174.0,-49.0,327.0,-40.0,550.0
-373.0,,564.0,150.0,-165.0,208.0,-49.0,598.0,38.0,656.0
-402.0,,572.0,249.0,-132.0,193.0,-63.0,312.0,101.0,735.0
-438.0,,566.0,330.0,-74.0,188.0,-93.0,591.0,161.0,805.0
-490.0,,565.0,332.0,-24.0,141.0,-105.0,352.0,213.0,871.0
-510.0,,571.0,294.0,-4.0,127.0,-81.0,482.0,255.0,886.0
-545.0,,547.0,262.0,-16.0,179.0,-61.0,591.0,270.0,875.0
-589.0,,533.0,224.0,-43.0,164.0,-42.0,428.0,266.0,855.0
-612.0,,498.0,204.0,-66.0,160.0,-29.0,724.0,244.0,820.0
-640.0,,432.0,197.0,-81.0,160.0,-38.0,312.0,210.0,771.0
-662.0,,382.0,155.0,-86.0,173.0,-58.0,524.0,168.0,713.0
-690.0,,311.0,89.0,-73.0,214.0,-83.0,419.0,128.0,662.0
-709.0,,246.0,13.0,-22.0,162.0,-92.0,301.0,104.0,636.0
-739.0,,180.0,-27.0,63.0,172.0,-102.0,495.0,45.0,608.0
-735.0,,115.0,-21.0,153.0,228.0,-135.0,227.0,-34.0,577.0
-711.0,,87.0,-5.0,207.0,225.0,-145.0,537.0,-111.0,558.0
-681.0,,38.0,39.0,212.0,235.0,-132.0,314.0,-194.0,544.0
-616.0,,17.0,86.0,179.0,248.0,-149.0,539.0,-269.0,535.0
-562.0,,30.0,92.0,128.0,282.0,-171.0,663.0,-348.0,511.0
-494.0,,42.0,95.0,87.0,308.0,-156.0,533.0,-398.0,498.0
-428.0,,46.0,159.0,67.0,296.0,-116.0,807.0,-434.0,480.0
-372.0,,49.0,207.0,62.0,306.0,-102.0,432.0,-467.0,448.0
-321.0,,55.0,201.0,70.0,342.0,-102.0,661.0,-468.0,406.0
-263.0,,34.0,198.0,92.0,365.0,-81.0,533.0,-447.0,359.0
-180.0,,13.0,188.0,127.0,375.0,-73.0,548.0,-416.0,360.0
-98.0,,-42.0,195.0,161.0,347.0,-88.0,696.0,-378.0,360.0
-37.0,,-94.0,194.0,159.0,342.0,-85.0,473.0,-337.0,343.0
23.0,,-144.0,173.0,104.0,389.0,-74.0,859.0,-303.0,323.0
98.0,,-228.0,187.0,24.0,436.0,-111.0,609.0,-262.0,316.0
144.0,,-302.0,221.0,-59.0,459.0,-151.0,777.0,-225.0,340.0
170.0,,-399.0,238.0,-132.0,438.0,-144.0,740.0,-194.0,365.0
207.0,,-493.0,235.0,-176.0,462.0,-100.0,548.0,-154.0,397.0
243.0,,-575.0,220.0,-176.0,501.0,-65.0,781.0,-107.0,424.0
270.0,,-661.0,193.0,-113.0,492.0,-52.0,458.0,-46.0,439.0
291.0,,-733.0,151.0,0.0,455.0,-45.0,783.0,0.0,422.0
308.0,,-787.0,107.0,121.0,412.0,-35.0,691.0,44.0,407.0
332.0,,-831.0,63.0,226.0,393.0,-14.0,750.0,93.0,400.0
359.0,,-850.0,12.0,311.0,417.0,4.0,842.0,139.0,350.0
378.0,,-862.0,15.0,372.0,446.0,29.0,509.0,174.0,277.0
407.0,,-854.0,68.0,401.0,443.0,12.0,794.0,202.0,195.0
464.0,,-811.0,83.0,394.0,486.0,-23.0,522.0,238.0,89.0
523.0,,-783.0,63.0,374.0,505.0,-18.0,731.0,288.0,-33.0
560.0,,-734.0,41.0,344.0,455.0,-3.0,716.0,331.0,-134.0
589.0,,-656.0,48.0,287.0,423.0,15.0,622.0,338.0,-239.0
614.0,,-597.0,67.0,196.0,359.0,23.0,859.0,337.0,-310.0
661.0,,-522.0,37.0,88.0,315.0,32.0,506.0,312.0,-337.0
699.0,,-438.0,3.0,4.0,344.0,26.0,792.0,258.0,-362.0
692.0,,-375.0,20.0,-34.0,323.0,9.0,574.0,192.0,-347.0
708.0,,-283.0,18.0,-29.0,304.0,32.0,639.0,114.0,-314.0
757.0,,-217.0,21.0,-8.0,278.0,49.0,735.0,40.0,-262.0
779.0,,-171.0,89.0,-21.0,251.0,43.0,467.0,-45.0,-185.0
761.0,,-111.0,155.0,-73.0,288.0,67.0,766.0,-133.0,-81.0
738.0,,-93.0,195.0,-133.0,250.0,119.0,447.0,-191.0,20.0
742.0,,-74.0,221.0,-176.0,235.0,160.0,689.0,-242.0,142.0
725.0,,-77.0,221.0,-197.0,265.0,198.0,569.0,-279.0,258.0
645.0,,-116.0,215.0,-178.0,246.0,233.0,402.0,-307.0,339.0
575.0,,-133.0,240.0,-126.0,198.0,258.0,613.0,-331.0,444.0
560.0,,-164.0,227.0,-64.0,152.0,289.0,328.0,-346.0,509.0
521.0,,-192.0,181.0,-1.0,114.0,322.0,709.0,-367.0,545.0
431.0,,-203.0,173.0,38.0,65.0,343.0,519.0,-377.0,568.0
370.0,,-233.0,140.0,63.0,97.0,370.0,576.0,-388.0,550.0
343.0,,-222.0,89.0,78.0,68.0,392.0,554.0,-372.0,521.0
294.0,,-225.0,71.0,83.0,-2.0,379.0,284.0,-331.0,501.0
213.0,,-234.0,39.0,82.0,-26.0,369.0,545.0,-302.0,470.0
159.0,,-207.0,8.0,52.0,-56.0,379.0,256.0,-236.0,444.0
186.0,,-207.0,13.0,-4.0,-42.0,415.0,548.0,-158.0,429.0
217.0,,-195.0,-3.0,-82.0,-69.0,451.0,389.0,-78.0,393.0
194.0,,-181.0,-64.0,-157.0,-75.0,445.0,332.0,9.0,330.0
202.0,,-147.0,-119.0,-200.0,-101.0,443.0,533.0,82.0,219.0
263.0,,-118.0,-170.0,-208.0,-168.0,447.0,317.0,159.0,113.0
281.0,,-102.0,-227.0,-195.0,-194.0,453.0,705.0,222.0,-14.0
246.0,,-66.0,-257.0,-180.0,-247.0,464.0,436.0,283.0,-149.0
222.0,,-45.0,-262.0,-176.0,-226.0,467.0,615.0,322.0,-224.0
224.0,,-19.0,-241.0,-191.0,-221.0,507.0,644.0,343.0,-253.0
183.0,,19.0,-221.0,-228.0,-266.0,522.0,474.0,365.0,-220.0
102.0,,46.0,-201.0,-285.0,-200.0,490.0,737.0,343.0,-138.0
47.0,,80.0,-140.0,-344.0,-158.0,475.0,382.0,302.0,0.0
8.0,,126.0,-50.0,-372.0,-199.0,463.0,609.0,244.0,172.0
-28.0,,157.0,17.0,-343.0,-225.0,459.0,402.0,170.0,366.0
-101.0,,196.0,47.0,-254.0,-248.0,456.0,497.0,82.0,553.0
-161.0,,220.0,41.0,-144.0,-267.0,451.0,729.0,-18.0,724.0
-146.0,,239.0,-26.0,-60.0,-244.0,448.0,513.0,-104.0,884.0
-123.0,,271.0,-106.0,-24.0,-202.0,410.0,807.0,-185.0,1008.0
-155.0,,274.0,-145.0,-29.0,-216.0,370.0,467.0,-253.0,1108.0
-190.0,,271.0,-206.0,-47.0,-232.0,366.0,659.0,-316.0,1166.0
-162.0,,265.0,-287.0,-64.0,-206.0,394.0,609.0,-376.0,1189.0
-144.0,,234.0,-326.0,-89.0,-186.0,436.0,500.0,-420.0,1207.0
-205.0,,178.0,-337.0,-118.0,-160.0,433.0,742.0,-461.0,1191.0
-259.0,,116.0,-343.0,-134.0,-189.0,416.0,388.0,-490.0,1133.0
-255.0,,61.0,-311.0,-128.0,-202.0,425.0,628.0,-510.0,1078.0
-240.0,,-17.0,-242.0,-99.0,-158.0,417.0,367.0,-506.0,1005.0
-271.0,,-90.0,-140.0,-59.0,-117.0,407.0,395.0,-474.0,896.0
-311.0,,-156.0,-5.0,-27.0,-70.0,417.0,484.0,-430.0,774.0
-299.0,,-234.0,124.0,-10.0,-94.0,448.0,341.0,-367.0,627.0
-305.0,,-289.0,238.0,-11.0,-117.0,462.0,724.0,-293.0,465.0
-347.0,,-343.0,330.0,-28.0,-120.0,443.0,469.0,-221.0,293.0
-382.0,,-380.0,411.0,-52.0,-130.0,432.0,790.0,-147.0,112.0
-371.0,,-414.0,467.0,-71.0,-107.0,393.0,759.0,-64.0,-58.0
-361.0,,-434.0,470.0,-85.0,-110.0,364.0,676.0,15.0,-209.0
-405.0,,-448.0,451.0,-89.0,-129.0,362.0,855.0,93.0,-318.0
-424.0,,-473.0,402.0,-73.0,-120.0,317.0,550.0,176.0,-355.0
-402.0,,-457.0,305.0,-47.0,-103.0,290.0,883.0,254.0,-334.0
-394.0,,-454.0,174.0,-33.0,-135.0,289.0,642.0,314.0,-255.0
-422.0,,-452.0,79.0,-52.0,-109.0,266.0,729.0,354.0,-148.0
-445.0,,-414.0,51.0,-93.0,-35.0,233.0,663.0,383.0,-44.0
-448.0,,-387.0,14.0,-138.0,-41.0,205.0,365.0,389.0,54.0
-444.0,,-368.0,3.0,-184.0,-43.0,202.0,644.0,388.0,139.0
-435.0,,-337.0,55.0,-216.0,-29.0,232.0,343.0,378.0,239.0
-437.0,,-323.0,129.0,-224.0,-66.0,222.0,622.0,350.0,298.0
-435.0,,-328.0,228.0,-214.0,-112.0,179.0,593.0,315.0,345.0
-410.0,,-310.0,357.0,-198.0,-144.0,156.0,748.0,269.0,392.0
-371.0,,-319.0,486.0,-177.0,-206.0,109.0,1025.0,220.0,376.0
-349.0,,-332.0,560.0,-152.0,-202.0,95.0,849.0,161.0,361.0
-328.0,,-343.0,565.0,-132.0,-162.0,83.0,1208.0,100.0,329.0
-254.0,,-385.0,527.0,-109.0,-181.0,26.0,929.0,27.0,287.0
-184.0,,-407.0,460.0,-73.0,-182.0,9.0,1119.0,-50.0,260.0
-135.0,,-462.0,341.0,-17.0,-181.0,-5.0,1064.0,-129.0,222.0
-56.0,,-512.0,186.0,43.0,-208.0,-31.0,890.0,-187.0,190.0
23.0,,-524.0,-1.0,83.0,-242.0,-46.0,1101.0,-214.0,180.0
77.0,,-561.0,-235.0,94.0,-271.0,-40.0,650.0,-240.0,184.0
122.0,,-563.0,-439.0,72.0,-335.0,-22.0,824.0,-241.0,186.0
201.0,,-557.0,-605.0,33.0,-325.0,-8.0,587.0,-210.0,206.0
267.0,,-544.0,-729.0,-8.0,-291.0,11.0,578.0,-149.0,225.0
288.0,,-500.0,-802.0,-44.0,-377.0,-12.0,661.0,-72.0,271.0
329.0,,-470.0,-816.0,-62.0,-406.0,-40.0,458.0,3.0,334.0
393.0,,-405.0,-760.0,-56.0,-392.0,-59.0,824.0,81.0,367.0
433.0,,-347.0,-692.0,-32.0,-386.0,-60.0,613.0,153.0,401.0
432.0,,-285.0,-587.0,-7.0,-377.0,-34.0,923.0,201.0,411.0
428.0,,-191.0,-456.0,27.0,-407.0,-36.0,883.0,221.0,397.0
437.0,,-130.0,-342.0,74.0,-392.0,-42.0,779.0,231.0,361.0
395.0,,-68.0,-203.0,108.0,-338.0,-37.0,1003.0,236.0,318.0
311.0,,-14.0,-63.0,123.0,-365.0,-14.0,703.0,241.0,281.0
228.0,,19.0,47.0,129.0,-474.0,6.0,1025.0,239.0,248.0
150.0,,40.0,129.0,129.0,-519.0,16.0,772.0,223.0,236.0
62.0,,62.0,191.0,113.0,-519.0,34.0,798.0,217.0,206.0
-40.0,,65.0,237.0,81.0,-488.0,53.0,812.0,209.0,185.0
-137.0,,53.0,250.0,37.0,-445.0,58.0,574.0,178.0,169.0
-210.0,,56.0,271.0,-9.0,-505.0,52.0,862.0,145.0,143.0
-251.0,,28.0,285.0,-43.0,-555.0,49.0,532.0,103.0,121.0
-297.0,,18.0,274.0,-50.0,-538.0,23.0,777.0,40.0,62.0
-361.0,,26.0,273.0,-33.0,-555.0,6.0,655.0,-7.0,1.0
-406.0,,-6.0,267.0,-1.0,-593.0,21.0,596.0,-49.0,-49.0
-407.0,,-13.0,232.0,28.0,-588.0,35.0,796.0,-71.0,-123.0
-399.0,,-20.0,157.0,36.0,-538.0,73.0,452.0,-71.0,-197.0
-427.0,,-37.0,97.0,20.0,-507.0,122.0,766.0,-72.0,-245.0
-435.0,,-36.0,48.0,-10.0,-524.0,137.0,535.0,-62.0,-274.0
-393.0,,-54.0,-26.0,-46.0,-561.0,141.0,659.0,-58.0,-286.0
-347.0,,-42.0,-66.0,-80.0,-619.0,135.0,718.0,-64.0,-272.0
-329.0,,-32.0,-65.0,-96.0,-668.0,122.0,541.0,-88.0,-242.0
-309.0,,-19.0,-70.0,-83.0,-667.0,122.0,801.0,-130.0,-186.0
-254.0,,8.0,-72.0,-46.0,-626.0,85.0,458.0,-179.0,-115.0
-200.0,,0.0,-34.0,-2.0,-614.0,47.0,646.0,-242.0,-35.0
-183.0,,19.0,8.0,25.0,-659.0,35.0,413.0,-296.0,52.0
-167.0,,45.0,3.0,33.0,-661.0,29.0,389.0,-339.0,128.0
-137.0,,39.0,-10.0,30.0,-602.0,28.0,556.0,-364.0,193.0
-110.0,,69.0,-19.0,25.0,-567.0,34.0,277.0,-377.0,218.0
-103.0,,93.0,-34.0,16.0,-600.0,61.0,539.0,-399.0,204.0
-124.0,,106.0,-41.0,6.0,-642.0,77.0,162.0,-388.0,168.0
-125.0,,142.0,-60.0,3.0,-661.0,91.0,286.0,-354.0,96.0
-114.0,,164.0,-70.0,20.0,-672.0,96.0,266.0,-318.0,17.0
-135.0,,191.0,-87.0,41.0,-652.0,130.0,182.0,-273.0,-79.0
-155.0,,195.0,-121.0,37.0,-651.0,193.0,558.0,-219.0,-168.0
-199.0,,185.0,-94.0,13.0,-659.0,190.0,328.0,-141.0,-221.0
-236.0,,189.0,-62.0,-13.0,-573.0,200.0,667.0,-57.0,-277.0
-257.0,,171.0,-65.0,-35.0,-566.0,225.0,456.0,36.0,-305.0
-284.0,,132.0,-27.0,-42.0,-641.0,236.0,419.0,129.0,-327.0
-289.0,,108.0,27.0,-39.0,-609.0,222.0,432.0,206.0,-346.0
-305.0,,85.0,112.0,-36.0,-575.0,210.0,53.0,270.0,-356.0
-309.0,,53.0,208.0,-42.0,-578.0,240.0,280.0,306.0,-383.0
-315.0,,30.0,256.0,-61.0,-606.0,243.0,-40.0,305.0,-371.0
-322.0,,-5.0,280.0,-74.0,-607.0,233.0,166.0,275.0,-356.0
-301.0,,-34.0,301.0,-77.0,-565.0,229.0,90.0,219.0,-367.0
-286.0,,-65.0,304.0,-71.0,-550.0,232.0,-22.0,117.0,-387.0
-264.0,,-97.0,280.0,-49.0,-558.0,232.0,190.0,0.0,-414.0
-223.0,,-107.0,262.0,-16.0,-536.0,232.0,-194.0,-113.0,-434.0
-144.0,,-122.0,253.0,19.0,-481.0,229.0,3.0,-236.0,-452.0
-75.0,,-125.0,260.0,52.0,-469.0,221.0,-225.0,-333.0,-483.0
-25.0,,-125.0,250.0,70.0,-436.0,241.0,-29.0,-395.0,-499.0
44.0,,-136.0,219.0,57.0,-431.0,264.0,136.0,-448.0,-493.0
84.0,,-132.0,221.0,18.0,-456.0,272.0,-60.0,-474.0,-490.0
123.0,,-132.0,191.0,-22.0,-433.0,257.0,162.0,-485.0,-482.0
160.0,,-132.0,139.0,-57.0,-400.0,245.0,-236.0,-487.0,-454.0
178.0,,-127.0,76.0,-67.0,-350.0,238.0,-44.0,-466.0,-393.0
215.0,,-128.0,-14.0,-54.0,-322.0,243.0,-214.0,-432.0,-329.0
235.0,,-100.0,-73.0,-42.0,-357.0,261.0,-299.0,-398.0,-233.0
241.0,,-80.0,-104.0,-24.0,-406.0,243.0,-96.0,-355.0,-109.0
248.0,,-79.0,-182.0,14.0,-402.0,224.0,-397.0,-290.0,-5.0
253.0,,-61.0,-282.0,49.0,-379.0,190.0,-107.0,-216.0,118.0
243.0,,-42.0,-361.0,40.0,-327.0,164.0,-428.0,-121.0,215.0
212.0,,-26.0,-433.0,-15.0,-319.0,183.0,-349.0,-10.0,261.0
171.0,,-7.0,-495.0,-113.0,-368.0,183.0,-315.0,105.0,267.0
122.0,,29.0,-516.0,-218.0,-317.0,168.0,-506.0,216.0,242.0
70.0,,40.0,-483.0,-278.0,-266.0,150.0,-216.0,305.0,186.0
3.0,,58.0,-438.0,-284.0,-276.0,163.0,-530.0,370.0,84.0
-70.0,,76.0,-400.0,-233.0,-225.0,188.0,-260.0,417.0,-2.0
-140.0,,82.0,-385.0,-138.0,-189.0,177.0,-410.0,478.0,-82.0
-186.0,,95.0,-391.0,-14.0,-250.0,187.0,-439.0,522.0,-170.0
-227.0,,76.0,-418.0,122.0,-264.0,205.0,-242.0,536.0,-224.0
-292.0,,85.0,-429.0,229.0,-256.0,192.0,-521.0,551.0,-243.0
-355.0,,62.0,-453.0,282.0,-260.0,180.0,-236.0,553.0,-244.0
-361.0,,47.0,-480.0,270.0,-187.0,182.0,-511.0,528.0,-215.0
-350.0,,61.0,-492.0,202.0,-139.0,186.0,-354.0,496.0,-153.0
-388.0,,31.0,-503.0,100.0,-134.0,170.0,-412.0,479.0,-96.0
-410.0,,35.0,-483.0,-3.0,-69.0,143.0,-630.0,446.0,-30.0
-396.0,,40.0,-495.0,-71.0,-13.0,134.0,-358.0,402.0,22.0
-388.0,,20.0,-463.0,-95.0,-13.0,126.0,-657.0,355.0,46.0
-402.0,,9.0,-418.0,-79.0,9.0,135.0,-339.0,284.0,62.0
-393.0,,-4.0,-384.0,-35.0,53.0,153.0,-456.0,203.0,54.0
-350.0,,-27.0,-327.0,13.0,27.0,134.0,-393.0,115.0,9.0
-298.0,,-37.0,-320.0,44.0,8.0,102.0,-236.0,23.0,-22.0
-238.0,,-59.0,-299.0,48.0,63.0,105.0,-502.0,-79.0,-51.0
-171.0,,-76.0,-297.0,37.0,67.0,87.0,-190.0,-173.0,-95.0
-74.0,,-59.0,-301.0,14.0,102.0,45.0,-447.0,-247.0,-121.0
4.0,,-53.0,-349.0,-28.0,98.0,56.0,-230.0,-310.0,-166.0
66.0,,-43.0,-357.0,-82.0,73.0,71.0,-304.0,-341.0,-200.0
128.0,,-31.0,-407.0,-144.0,144.0,51.0,-502.0,-336.0,-213.0
199.0,,4.0,-553.0,-201.0,150.0,20.0,-352.0,-314.0,-224.0
267.0,,58.0,-442.0,-227.0,125.0,16.0,-727.0,-295.0,-202.0
288.0,,89.0,-516.0,-215.0,116.0,18.0,-436.0,-255.0,-155.0
306.0,,145.0,-640.0,-176.0,238.0,-14.0,-582.0,-202.0,-96.0
336.0,,196.0,-511.0,-128.0,317.0,-48.0,-454.0,-138.0,-55.0
360.0,,225.0,-621.0,-76.0,250.0,-76.0,-362.0,-62.0,-15.0
353.0,,262.0,-589.0,-30.0,249.0,-88.0,-559.0,-10.0,35.0
318.0,,279.0,-437.0,0.0,249.0,-109.0,-251.0,45.0,76.0
315.0,,279.0,-483.0,20.0,263.0,-126.0,-576.0,90.0,115.0
326.0,,292.0,-399.0,41.0,242.0,-104.0,-288.0,109.0,149.0
276.0,,270.0,-211.0,88.0,202.0,-97.0,-341.0,122.0,165.0
198.0,,225.0,-106.0,159.0,238.0,-92.0,-376.0,123.0,192.0
187.0,,219.0,-10.0,225.0,304.0,-78.0,-131.0,105.0,199.0
194.0,,174.0,148.0,259.0,294.0,-57.0,-434.0,80.0,168.0
130.0,,123.0,214.0,265.0,244.0,-7.0,-168.0,53.0,108.0
51.0,,116.0,310.0,257.0,216.0,15.0,-511.0,33.0,11.0
54.0,,74.0,471.0,242.0,248.0,14.0,-478.0,33.0,-80.0
89.0,,52.0,440.0,219.0,355.0,12.0,-426.0,30.0,-180.0
61.0,,51.0,450.0,188.0,335.0,10.0,-539.0,35.0,-263.0
22.0,,30.0,515.0,138.0,294.0,-7.0,-164.0,51.0,-313.0
36.0,,40.0,403.0,62.0,282.0,-54.0,-432.0,56.0,-376.0
68.0,,44.0,370.0,-25.0,219.0,-80.0,-166.0,65.0,-422.0
68.0,,31.0,414.0,-96.0,224.0,-87.0,-312.0,88.0,-452.0
41.0,,50.0,346.0,-135.0,221.0,-92.0,-393.0,111.0,-504.0
56.0,,57.0,268.0,-143.0,172.0,-94.0,-242.0,127.0,-574.0
128.0,,61.0,203.0,-127.0,156.0,-105.0,-519.0,151.0,-661.0
166.0,,81.0,138.0,-100.0,142.0,-107.0,-195.0,176.0,-743.0
129.0,,106.0,59.0,-62.0,157.0,-74.0,-424.0,188.0,-811.0
126.0,,117.0,22.0,-31.0,233.0,-65.0,-260.0,204.0,-883.0
171.0,,143.0,37.0,-24.0,216.0,-102.0,-266.0,202.0,-947.0
199.0,,189.0,-13.0,-30.0,176.0,-119.0,-509.0,170.0,-975.0
204.0,,190.0,-20.0,-29.0,161.0,-138.0,-341.0,147.0,-978.0
204.0,,214.0,20.0,-13.0,131.0,-168.0,-720.0,130.0,-964.0
240.0,,245.0,2.0,1.0,123.0,-172.0,-434.0,121.0,-948.0
260.0,,250.0,40.0,10.0,53.0,-163.0,-526.0,122.0,-906.0
252.0,,288.0,130.0,19.0,75.0,-140.0,-511.0,144.0,-818.0
264.0,,346.0,144.0,30.0,165.0,-137.0,-362.0,179.0,-746.0
262.0,,387.0,134.0,43.0,172.0,-146.0,-646.0,204.0,-652.0
254.0,,448.0,185.0,42.0,151.0,-105.0,-334.0,239.0,-552.0
241.0,,520.0,252.0,27.0,99.0,-56.0,-574.0,248.0,-472.0
215.0,,562.0,265.0,17.0,126.0,-45.0,-458.0,231.0,-373.0
201.0,,616.0,204.0,35.0,194.0,-42.0,-541.0,234.0,-313.0
210.0,,639.0,163.0,73.0,127.0,-17.0,-700.0,238.0,-265.0
216.0,,635.0,131.0,106.0,49.0,1.0,-473.0,240.0,-183.0
200.0,,651.0,57.0,121.0,37.0,7.0,-805.0,262.0,-108.0
211.0,,638.0,-39.0,129.0,21.0,10.0,-471.0,293.0,-46.0
219.0,,609.0,-166.0,120.0,-30.0,0.0,-600.0,327.0,2.0
190.0,,578.0,-281.0,89.0,-68.0,11.0,-537.0,370.0,35.0
164.0,,531.0,-328.0,41.0,14.0,-1.0,-362.0,420.0,75.0
140.0,,495.0,-323.0,-30.0,68.0,-23.0,-606.0,458.0,96.0
99.0,,435.0,-363.0,-104.0,22.0,2.0,-327.0,475.0,117.0
36.0,,392.0,-396.0,-157.0,-48.0,49.0,-700.0,475.0,171.0
0.0,,381.0,-344.0,-188.0,-10.0,88.0,-591.0,484.0,241.0
11.0,,323.0,-306.0,-207.0,81.0,84.0,-631.0,491.0,305.0
12.0,,304.0,-313.0,-224.0,31.0,114.0,-731.0,504.0,353.0
7.0,,303.0,-287.0,-238.0,48.0,142.0,-524.0,519.0,429.0
17.0,,252.0,-259.0,-251.0,75.0,121.0,-848.0,533.0,482.0
45.0,,267.0,-273.0,-251.0,30.0,115.0,-570.0,550.0,503.0
82.0,,259.0,-260.0,-229.0,-41.0,95.0,-825.0,540.0,527.0
94.0,,226.0,-224.0,-181.0,-123.0,71.0,-801.0,519.0,523.0
108.0,,253.0,-232.0,-99.0,-21.0,52.0,-727.0,484.0,480.0
153.0,,224.0,-254.0,8.0,0.0,22.0,-934.0,441.0,418.0
209.0,,195.0,-227.0,112.0,-67.0,14.0,-546.0,390.0,362.0
253.0,,179.0,-209.0,189.0,-56.0,7.0,-803.0,316.0,295.0
291.0,,135.0,-245.0,222.0,-53.0,0.0,-637.0,245.0,233.0
328.0,,93.0,-285.0,222.0,-2.0,46.0,-827.0,185.0,207.0
367.0,,30.0,-282.0,205.0,-18.0,104.0,-995.0,139.0,217.0
411.0,,-19.0,-273.0,179.0,-27.0,142.0,-805.0,79.0,240.0
412.0,,-80.0,-266.0,153.0,14.0,143.0,-1112.0,9.0,293.0
408.0,,-134.0,-226.0,130.0,3.0,113.0,-742.0,-56.0,368.0
455.0,,-183.0,-136.0,115.0,-8.0,114.0,-901.0,-109.0,414.0
491.0,,-235.0,-21.0,117.0,-6.0,95.0,-727.0,-153.0,500.0
489.0,,-274.0,75.0,127.0,95.0,67.0,-598.0,-185.0,575.0
488.0,,-314.0,165.0,131.0,177.0,50.0,-829.0,-196.0,606.0
505.0,,-341.0,238.0,112.0,177.0,21.0,-574.0,-196.0,641.0
517.0,,-372.0,324.0,77.0,132.0,26.0,-927.0,-177.0,640.0
514.0,,-404.0,406.0,43.0,103.0,25.0,-720.0,-130.0,602.0
525.0,,-425.0,444.0,24.0,151.0,7.0,-825.0,-56.0,542.0
552.0,,-432.0,442.0,23.0,100.0,4.0,-822.0,29.0,490.0
563.0,,-423.0,429.0,44.0,98.0,18.0,-596.0,125.0,407.0
568.0,,-427.0,423.0,91.0,162.0,25.0,-912.0,238.0,324.0
561.0,,-416.0,367.0,152.0,160.0,3.0,-648.0,339.0,262.0
578.0,,-402.0,302.0,191.0,196.0,-9.0,-897.0,420.0,181.0
611.0,,-414.0,247.0,195.0,210.0,3.0,-685.0,479.0,132.0
610.0,,-407.0,152.0,164.0,228.0,3.0,-574.0,530.0,107.0
593.0,,-402.0,99.0,108.0,265.0,-18.0,-733.0,569.0,130.0
574.0,,-399.0,45.0,48.0,294.0,-28.0,-423.0,573.0,148.0
585.0,,-369.0,-69.0,-2.0,306.0,-38.0,-679.0,536.0,149.0
572.0,,-349.0,-107.0,-20.0,358.0,-65.0,-391.0,492.0,175.0
528.0,,-327.0,-144.0,-8.0,388.0,-59.0,-528.0,449.0,172.0
515.0,,-296.0,-216.0,19.0,330.0,-71.0,-493.0,397.0,172.0
517.0,,-266.0,-235.0,62.0,353.0,-119.0,-277.0,367.0,144.0
506.0,,-220.0,-251.0,94.0,380.0,-137.0,-541.0,334.0,99.0
476.0,,-173.0,-242.0,109.0,427.0,-162.0,-225.0,305.0,46.0
465.0,,-130.0,-242.0,108.0,398.0,-186.0,-528.0,302.0,-36.0
490.0,,-69.0,-231.0,81.0,341.0,-216.0,-367.0,300.0,-116.0
519.0,,-10.0,-184.0,33.0,389.0,-262.0,-376.0,288.0,-205.0
532.0,,45.0,-162.0,-26.0,423.0,-279.0,-563.0,254.0,-282.0
559.0,,113.0,-109.0,-82.0,451.0,-295.0,-315.0,211.0,-350.0
623.0,,167.0,-41.0,-120.0,417.0,-300.0,-648.0,158.0,-389.0
691.0,,219.0,20.0,-126.0,471.0,-300.0,-371.0,104.0,-389.0
716.0,,253.0,59.0,-108.0,549.0,-319.0,-532.0,61.0,-368.0
706.0,,303.0,42.0,-85.0,518.0,-334.0,-417.0,13.0,-344.0
710.0,,364.0,-10.0,-63.0,447.0,-336.0,-236.0,-46.0,-323.0
715.0,,393.0,-67.0,-36.0,448.0,-331.0,-454.0,-117.0,-285.0
690.0,,443.0,-141.0,12.0,515.0,-323.0,-79.0,-191.0,-273.0
635.0,,505.0,-241.0,77.0,509.0,-317.0,-339.0,-272.0,-258.0
572.0,,562.0,-329.0,147.0,465.0,-288.0,-121.0,-348.0,-219.0
529.0,,618.0,-429.0,212.0,370.0,-291.0,-243.0,-433.0,-154.0
468.0,,669.0,-474.0,260.0,414.0,-329.0,-441.0,-515.0,-71.0
357.0,,714.0,-491.0,285.0,455.0,-311.0,-247.0,-596.0,13.0
272.0,,771.0,-519.0,276.0,394.0,-313.0,-511.0,-668.0,108.0
232.0,,824.0,-480.0,232.0,443.0,-325.0,-121.0,-718.0,172.0
171.0,,846.0,-417.0,167.0,436.0,-323.0,-308.0,-757.0,250.0
97.0,,873.0,-356.0,104.0,334.0,-317.0,-232.0,-766.0,325.0
46.0,,889.0,-307.0,69.0,239.0,-285.0,-188.0,-755.0,348.0
28.0,,890.0,-238.0,56.0,231.0,-272.0,-454.0,-730.0,385.0
7.0,,889.0,-169.0,60.0,337.0,-272.0,-149.0,-689.0,421.0
-50.0,,872.0,-110.0,78.0,376.0,-274.0,-450.0,-639.0,446.0
-100.0,,851.0,-21.0,91.0,275.0,-259.0,-188.0,-603.0,473.0
-112.0,,835.0,41.0,102.0,248.0,-256.0,-260.0,-551.0,492.0
-120.0,,791.0,117.0,110.0,250.0,-252.0,-312.0,-502.0,498.0
-150.0,,751.0,209.0,91.0,200.0,-252.0,-72.0,-489.0,469.0
-161.0,,718.0,255.0,46.0,159.0,-259.0,-400.0,-473.0,452.0
-131.0,,690.0,276.0,-13.0,104.0,-245.0,-129.0,-481.0,449.0
-102.0,,658.0,302.0,-81.0,96.0,-263.0,-384.0,-508.0,425.0
-90.0,,623.0,301.0,-131.0,121.0,-264.0,-303.0,-559.0,407.0
-73.0,,620.0,295.0,-158.0,113.0,-268.0,-249.0,-622.0,386.0
-13.0,,584.0,310.0,-164.0,86.0,-281.0,-393.0,-684.0,371.0
16.0,,543.0,251.0,-159.0,86.0,-250.0,-40.0,-745.0,370.0
14.0,,512.0,218.0,-156.0,83.0,-227.0,-345.0,-765.0,369.0
21.0,,439.0,229.0,-154.0,82.0,-210.0,-105.0,-753.0,390.0
12.0,,382.0,221.0,-138.0,49.0,-187.0,-245.0,-711.0,406.0
-1.0,,303.0,239.0,-103.0,19.0,-191.0,-295.0,-642.0,417.0
-4.0,,214.0,256.0,-59.0,14.0,-196.0,-83.0,-547.0,420.0
-33.0,,158.0,273.0,-7.0,-93.0,-186.0,-317.0,-441.0,406.0
-71.0,,93.0,277.0,38.0,-97.0,-163.0,64.0,-321.0,412.0
-68.0,,49.0,269.0,59.0,-33.0,-118.0,-133.0,-186.0,383.0
-75.0,,-7.0,254.0,63.0,-43.0,-99.0,27.0,-51.0,347.0
-106.0,,-52.0,242.0,76.0,-60.0,-104.0,9.0,117.0,321.0
-121.0,,-84.0,236.0,110.0,-107.0,-98.0,-243.0,282.0,273.0
-90.0,,-142.0,191.0,148.0,-93.0,-86.0,-55.0,451.0,247.0
-91.0,,-174.0,138.0,180.0,-22.0,-96.0,-389.0,608.0,243.0
-125.0,,-211.0,151.0,197.0,-1.0,-129.0,-53.0,732.0,256.0
-121.0,,-248.0,190.0,187.0,-37.0,-130.0,-162.0,844.0,295.0
-93.0,,-288.0,215.0,145.0,-49.0,-119.0,-151.0,907.0,364.0
-51.0,,-328.0,210.0,81.0,-29.0,-117.0,27.0,935.0,432.0
-18.0,,-374.0,166.0,24.0,-23.0,-126.0,-232.0,915.0,484.0
9.0,,-402.0,153.0,0.0,-27.0,-137.0,81.0,864.0,536.0
42.0,,-423.0,121.0,20.0,-12.0,-123.0,-195.0,795.0,559.0
83.0,,-466.0,108.0,63.0,45.0,-112.0,-22.0,718.0,558.0
123.0,,-477.0,121.0,108.0,37.0,-94.0,-18.0,658.0,530.0
166.0,,-497.0,106.0,154.0,-2.0,-81.0,-114.0,599.0,479.0
209.0,,-504.0,167.0,170.0,14.0,-65.0,205.0,556.0,400.0
253.0,,-482.0,228.0,155.0,56.0,-49.0,-46.0,500.0,307.0
289.0,,-455.0,260.0,123.0,67.0,-45.0,301.0,441.0,205.0
323.0,,-396.0,334.0,79.0,-5.0,-42.0,138.0,378.0,112.0
406.0,,-335.0,413.0,41.0,-29.0,-77.0,149.0,292.0,52.0
466.0,,-266.0,476.0,8.0,-2.0,-81.0,269.0,212.0,-32.0
497.0,,-202.0,534.0,-22.0,-21.0,-53.0,46.0,138.0,-92.0
540.0,,-143.0,505.0,-58.0,-45.0,-67.0,360.0,73.0,-142.0
611.0,,-89.0,405.0,-107.0,-24.0,-62.0,66.0,23.0,-198.0
682.0,,-64.0,354.0,-158.0,30.0,-33.0,277.0,-11.0,-224.0
728.0,,-42.0,283.0,-204.0,60.0,-17.0,240.0,-58.0,-261.0
765.0,,-25.0,231.0,-226.0,19.0,1.0,142.0,-77.0,-292.0
810.0,,-43.0,200.0,-227.0,-36.0,46.0,321.0,-73.0,-297.0
876.0,,-59.0,183.0,-227.0,-17.0,83.0,-25.0,-77.0,-275.0
892.0,,-69.0,190.0,-220.0,-10.0,84.0,253.0,-40.0,-247.0
891.0,,-112.0,159.0,-196.0,-52.0,75.0,27.0,13.0,-201.0
913.0,,-120.0,154.0,-153.0,-25.0,67.0,160.0,83.0,-124.0
936.0,,-133.0,106.0,-82.0,73.0,60.0,330.0,174.0,-22.0
943.0,,-172.0,79.0,13.0,129.0,57.0,173.0,264.0,96.0
899.0,,-167.0,90.0,121.0,98.0,49.0,467.0,363.0,215.0
888.0,,-185.0,11.0,226.0,46.0,36.0,121.0,450.0,325.0
895.0,,-200.0,-23.0,312.0,91.0,28.0,314.0,493.0,425.0
861.0,,-193.0,-6.0,366.0,172.0,17.0,243.0,523.0,509.0
829.0,,-194.0,-8.0,379.0,109.0,34.0,266.0,541.0,544.0
818.0,,-191.0,-16.0,357.0,83.0,24.0,559.0,516.0,531.0
805.0,,-184.0,-37.0,299.0,149.0,19.0,325.0,478.0,503.0
753.0,,-186.0,-79.0,221.0,191.0,76.0,665.0,417.0,462.0
704.0,,-191.0,-187.0,148.0,194.0,87.0,413.0,345.0,405.0
656.0,,-192.0,-252.0,86.0,142.0,90.0,498.0,261.0,345.0
597.0,,-193.0,-233.0,22.0,217.0,85.0,506.0,171.0,299.0
546.0,,-186.0,-206.0,-69.0,308.0,71.0,275.0,91.0,268.0
482.0,,-188.0,-173.0,-168.0,247.0,88.0,598.0,-5.0,252.0
435.0,,-182.0,-177.0,-247.0,189.0,115.0,332.0,-97.0,236.0
383.0,,-157.0,-170.0,-285.0,207.0,166.0,598.0,-185.0,231.0
336.0,,-127.0,-122.0,-288.0,254.0,190.0,447.0,-279.0,244.0
285.0,,-109.0,-62.0,-261.0,291.0,199.0,360.0,-363.0,258.0
204.0,,-69.0,21.0,-215.0,327.0,211.0,511.0,-420.0,276.0
158.0,,-37.0,41.0,-173.0,352.0,235.0,262.0,-466.0,340.0
120.0,,-26.0,38.0,-132.0,404.0,261.0,622.0,-502.0,445.0
64.0,,3.0,73.0,-93.0,452.0,265.0,400.0,-505.0,545.0
-1.0,,49.0,44.0,-49.0,455.0,264.0,613.0,-501.0,663.0
-35.0,,77.0,-15.0,0.0,494.0,261.0,626.0,-486.0,790.0
-58.0,,100.0,-65.0,36.0,549.0,251.0,419.0,-464.0,905.0
-112.0,,140.0,-126.0,56.0,573.0,233.0,642.0,-420.0,1002.0
-150.0,,166.0,-185.0,66.0,558.0,195.0,275.0,-374.0,1085.0
-165.0,,172.0,-207.0,75.0,547.0,148.0,545.0,-322.0,1156.0
-171.0,,165.0,-179.0,81.0,588.0,147.0,410.0,-251.0,1184.0
-214.0,,163.0,-128.0,87.0,636.0,165.0,460.0,-168.0,1208.0
-256.0,,142.0,-32.0,94.0,658.0,176.0,617.0,-86.0,1208.0
-257.0,,119.0,58.0,95.0,703.0,197.0,365.0,-20.0,1163.0
-283.0,,102.0,128.0,87.0,772.0,213.0,729.0,35.0,1101.0
-324.0,,72.0,231.0,73.0,804.0,232.0,463.0,70.0,1001.0
-347.0,,53.0,335.0,48.0,801.0,241.0,630.0,96.0,893.0
-336.0,,45.0,387.0,-4.0,817.0,219.0,591.0,80.0,794.0
-300.0,,41.0,378.0,-73.0,901.0,213.0,424.0,9.0,705.0
-267.0,,28.0,357.0,-143.0,907.0,226.0,670.0,-82.0,640.0
-269.0,,62.0,319.0,-202.0,818.0,219.0,395.0,-206.0,617.0
-255.0,,84.0,292.0,-244.0,820.0,208.0,720.0,-330.0,609.0
-202.0,,97.0,280.0,-274.0,893.0,210.0,556.0,-436.0,620.0
-180.0,,145.0,270.0,-279.0,919.0,203.0,633.0,-513.0,666.0
-182.0,,181.0,286.0,-262.0,915.0,199.0,763.0,-564.0,712.0
-150.0,,218.0,280.0,-217.0,948.0,226.0,484.0,-599.0,765.0
-95.0,,230.0,302.0,-137.0,1006.0,266.0,733.0,-612.0,797.0
-84.0,,240.0,350.0,-49.0,1060.0,286.0,365.0,-615.0,804.0
-92.0,,258.0,409.0,31.0,1035.0,289.0,526.0,-598.0,791.0
-72.0,,243.0,432.0,122.0,1027.0,269.0,465.0,-580.0,762.0
-44.0,,207.0,415.0,222.0,1068.0,247.0,369.0,-555.0,741.0
-39.0,,187.0,425.0,302.0,1069.0,236.0,618.0,-524.0,697.0
-44.0,,162.0,401.0,332.0,1070.0,229.0,319.0,-503.0,634.0
-10.0,,108.0,369.0,310.0,1075.0,235.0,580.0,-497.0,599.0
38.0,,99.0,352.0,261.0,1107.0,236.0,363.0,-493.0,582.0
77.0,,72.0,364.0,193.0,1105.0,218.0,495.0,-480.0,553.0
97.0,,39.0,338.0,109.0,1033.0,205.0,598.0,-468.0,523.0
126.0,,51.0,301.0,33.0,1019.0,212.0,426.0,-451.0,477.0
174.0,,24.0,287.0,-11.0,1089.0,226.0,792.0,-452.0,417.0
200.0,,29.0,206.0,-18.0,1079.0,215.0,482.0,-459.0,365.0
213.0,,24.0,163.0,-6.0,1001.0,183.0,661.0,-457.0,291.0
228.0,,9.0,162.0,8.0,983.0,177.0,504.0,-454.0,215.0
254.0,,10.0,123.0,24.0,1001.0,154.0,388.0,-448.0,115.0
250.0,,-17.0,97.0,42.0,1023.0,124.0,582.0,-458.0,-3.0
216.0,,-17.0,110.0,46.0,957.0,84.0,299.0,-469.0,-90.0
213.0,,-29.0,69.0,27.0,915.0,29.0,633.0,-483.0,-192.0
215.0,,-40.0,-1.0,0.0,993.0,11.0,430.0,-504.0,-302.0
169.0,,-43.0,-30.0,-14.0,1000.0,-9.0,539.0,-494.0,-374.0
102.0,,-52.0,-100.0,-21.0,939.0,-26.0,539.0,-459.0,-431.0
69.0,,-79.0,-188.0,-42.0,919.0,-35.0,341.0,-428.0,-464.0
60.0,,-119.0,-218.0,-78.0,965.0,-81.0,620.0,-394.0,-476.0
22.0,,-149.0,-286.0,-116.0,963.0,-119.0,284.0,-329.0,-501.0
-38.0,,-199.0,-380.0,-152.0,823.0,-127.0,545.0,-254.0,-533.0
-44.0,,-247.0,-401.0,-202.0,742.0,-141.0,460.0,-160.0,-557.0
-15.0,,-303.0,-412.0,-256.0,798.0,-165.0,476.0,-40.0,-588.0
-14.0,,-376.0,-382.0,-275.0,844.0,-174.0,646.0,64.0,-651.0
-27.0,,-414.0,-363.0,-231.0,782.0,-182.0,303.0,161.0,-722.0
-8.0,,-466.0,-346.0,-139.0,664.0,-213.0,521.0,254.0,-797.0
37.0,,-529.0,-294.0,-55.0,643.0,-251.0,203.0,333.0,-875.0
46.0,,-529.0,-297.0,-24.0,658.0,-274.0,319.0,398.0,-937.0
48.0,,-541.0,-252.0,-40.0,627.0,-284.0,323.0,468.0,-992.0
64.0,,-551.0,-199.0,-63.0,573.0,-270.0,199.0,531.0,-1022.0
102.0,,-529.0,-178.0,-74.0,623.0,-250.0,497.0,555.0,-1051.0
133.0,,-519.0,-172.0,-67.0,677.0,-254.0,169.0,539.0,-1074.0
123.0,,-477.0,-220.0,-41.0,532.0,-274.0,428.0,497.0,-1078.0
108.0,,-420.0,-232.0,6.0,442.0,-273.0,269.0,436.0,-1092.0
110.0,,-360.0,-233.0,88.0,376.0,-246.0,293.0,352.0,-1077.0
120.0,,-296.0,-222.0,199.0,348.0,-254.0,437.0,271.0,-1059.0
90.0,,-215.0,-213.0,307.0,378.0,-303.0,169.0,208.0,-1047.0
72.0,,-135.0,-173.0,379.0,295.0,-291.0,465.0,160.0,-1029.0
117.0,,-89.0,-94.0,385.0,304.0,-272.0,155.0,136.0,-1020.0
149.0,,-22.0,-69.0,333.0,302.0,-291.0,310.0,126.0,-990.0
122.0,,30.0,-6.0,257.0,239.0,-295.0,194.0,121.0,-973.0
94.0,,74.0,36.0,177.0,202.0,-288.0,38.0,108.0,-984.0
99.0,,120.0,78.0,85.0,127.0,-264.0,314.0,68.0,-1000.0
79.0,,129.0,161.0,-21.0,130.0,-274.0,-18.0,25.0,-1014.0
38.0,,161.0,192.0,-113.0,139.0,-313.0,225.0,-6.0,-1016.0
-2.0,,161.0,204.0,-162.0,50.0,-317.0,-20.0,-24.0,-1030.0
-30.0,,143.0,207.0,-176.0,22.0,-311.0,73.0,-42.0,-1043.0
-61.0,,137.0,181.0,-185.0,74.0,-327.0,236.0,-98.0,-1055.0
-86.0,,104.0,114.0,-202.0,37.0,-327.0,44.0,-162.0,-1065.0
-98.0,,93.0,93.0,-220.0,-8.0,-342.0,341.0,-219.0,-1064.0
-126.0,,73.0,68.0,-229.0,-22.0,-363.0,-12.0,-273.0,-1050.0
-142.0,,44.0,-10.0,-214.0,-74.0,-339.0,133.0,-325.0,-1017.0
-168.0,,18.0,-32.0,-179.0,-107.0,-310.0,-27.0,-372.0,-975.0
-198.0,,1.0,-100.0,-139.0,-173.0,-294.0,-103.0,-420.0,-905.0
-213.0,,-29.0,-205.0,-123.0,-196.0,-308.0,116.0,-453.0,-811.0
-211.0,,-55.0,-274.0,-132.0,-114.0,-309.0,-197.0,-464.0,-715.0
-216.0,,-49.0,-318.0,-131.0,-109.0,-279.0,144.0,-470.0,-627.0
-224.0,,-72.0,-352.0,-113.0,-133.0,-273.0,-84.0,-456.0,-535.0
-197.0,,-69.0,-418.0,-89.0,-102.0,-272.0,-3.0,-440.0,-480.0
-163.0,,-57.0,-426.0,-74.0,-83.0,-278.0,125.0,-416.0,-469.0
-161.0,,-42.0,-390.0,-81.0,-78.0,-293.0,-25.0,-382.0,-466.0
-190.0,,5.0,-339.0,-89.0,-166.0,-309.0,254.0,-349.0,-504.0
-188.0,,49.0,-281.0,-66.0,-236.0,-345.0,-51.0,-312.0,-576.0
-171.0,,91.0,-264.0,-4.0,-200.0,-355.0,197.0,-280.0,-626.0
-181.0,,116.0,-211.0,56.0,-213.0,-342.0,59.0,-242.0,-675.0
-205.0,,126.0,-121.0,84.0,-277.0,-331.0,-22.0,-199.0,-757.0
-217.0,,116.0,-53.0,96.0,-341.0,-337.0,138.0,-174.0,-810.0
-215.0,,93.0,13.0,117.0,-329.0,-325.0,-184.0,-165.0,-817.0
-249.0,,51.0,131.0,139.0,-272.0,-286.0,121.0,-156.0,-795.0
-299.0,,22.0,233.0,150.0,-313.0,-302.0,-151.0,-146.0,-733.0
-334.0,,-3.0,233.0,158.0,-415.0,-314.0,-42.0,-125.0,-673.0
-395.0,,-69.0,193.0,169.0,-396.0,-288.0,-40.0,-106.0,-601.0
-473.0,,-92.0,132.0,178.0,-348.0,-266.0,-291.0,-88.0,-497.0
-523.0,,-118.0,38.0,165.0,-423.0,-276.0,-99.0,-60.0,-411.0
-558.0,,-158.0,-32.0,124.0,-515.0,-297.0,-439.0,-38.0,-336.0
-611.0,,-166.0,-128.0,71.0,-547.0,-292.0,-133.0,-18.0,-280.0
-673.0,,-188.0,-231.0,18.0,-476.0,-302.0,-240.0,-19.0,-224.0
-721.0,,-186.0,-262.0,-23.0,-475.0,-310.0,-206.0,-38.0,-177.0
-748.0,,-181.0,-324.0,-30.0,-597.0,-327.0,-20.0,-47.0,-149.0
-748.0,,-170.0,-342.0,3.0,-612.0,-323.0,-245.0,-59.0,-125.0
-757.0,,-133.0,-269.0,42.0,-572.0,-317.0,105.0,-72.0,-134.0
-782.0,,-103.0,-189.0,51.0,-589.0,-334.0,-201.0,-63.0,-142.0
-773.0,,-67.0,-61.0,30.0,-646.0,-333.0,-92.0,-55.0,-176.0
-722.0,,-28.0,50.0,10.0,-674.0,-363.0,-127.0,-64.0,-218.0
-689.0,,13.0,155.0,4.0,-639.0,-395.0,-267.0,-87.0,-213.0
-706.0,,44.0,262.0,0.0,-648.0,-400.0,-16.0,-122.0,-194.0
-684.0,,89.0,307.0,3.0,-747.0,-403.0,-327.0,-134.0,-164.0
-611.0,,93.0,289.0,12.0,-817.0,-411.0,-107.0,-141.0,-113.0
-546.0,,93.0,276.0,20.0,-820.0,-398.0,-375.0,-170.0,-37.0
-509.0,,108.0,342.0,-2.0,-809.0,-370.0,-412.0,-196.0,36.0
-489.0,,74.0,340.0,-71.0,-866.0,-369.0,-354.0,-210.0,101.0
-437.0,,61.0,280.0,-159.0,-932.0,-372.0,-620.0,-221.0,143.0
-358.0,,32.0,235.0,-248.0,-914.0,-346.0,-293.0,-228.0,142.0
-311.0,,11.0,140.0,-317.0,-932.0,-344.0,-552.0,-224.0,130.0
-297.0,,-25.0,24.0,-354.0,-1014.0,-352.0,-325.0,-200.0,108.0
-270.0,,-82.0,-113.0,-358.0,-1076.0,-356.0,-365.0,-175.0,89.0
-226.0,,-104.0,-227.0,-331.0,-1113.0,-373.0,-522.0,-140.0,66.0
-207.0,,-158.0,-345.0,-272.0,-1193.0,-381.0,-308.0,-92.0,53.0
-219.0,,-196.0,-440.0,-199.0,-1216.0,-433.0,-572.0,-60.0,79.0
-229.0,,-233.0,-425.0,-145.0,-1227.0,-486.0,-277.0,-29.0,143.0
-233.0,,-266.0,-447.0,-117.0,-1227.0,-522.0,-548.0,-3.0,238.0
-218.0,,-291.0,-413.0,-95.0,-1199.0,-549.0,-580.0,12.0,336.0
-212.0,,-311.0,-375.0,-66.0,-1278.0,-532.0,-582.0,49.0,426.0
-241.0,,-328.0,-435.0,-45.0,-1286.0,-515.0,-844.0,95.0,509.0
-250.0,,-345.0,-405.0,-31.0,-1242.0,-527.0,-541.0,150.0,605.0
-235.0,,-327.0,-423.0,16.0,-1262.0,-545.0,-857.0,228.0,661.0
-230.0,,-315.0,-494.0,107.0,-1318.0,-540.0,-650.0,280.0,677.0
-252.0,,-261.0,-506.0,203.0,-1324.0,-534.0,-703.0,314.0,681.0
-269.0,,-218.0,-515.0,264.0,-1301.0,-528.0,-774.0,344.0,647.0
-291.0,,-171.0,-491.0,257.0,-1289.0,-518.0,-606.0,351.0,579.0
-299.0,,-106.0,-538.0,194.0,-1337.0,-513.0,-894.0,352.0,496.0
-300.0,,-82.0,-674.0,109.0,-1468.0,-526.0,-541.0,328.0,403.0
-323.0,,-36.0,-743.0,37.0,-1399.0,-525.0,-718.0,302.0,287.0
-343.0,,-13.0,-765.0,-17.0,-1345.0,-498.0,-515.0,264.0,190.0
-366.0,,16.0,-810.0,-74.0,-1374.0,-503.0,-391.0,206.0,87.0
-367.0,,37.0,-851.0,-143.0,-1356.0,-497.0,-594.0,145.0,-5.0
-375.0,,25.0,-836.0,-198.0,-1391.0,-451.0,-323.0,51.0,-75.0
-383.0,,39.0,-756.0,-221.0,-1318.0,-430.0,-715.0,-40.0,-161.0
-378.0,,27.0,-713.0,-213.0,-1291.0,-437.0,-559.0,-149.0,-264.0
-386.0,,25.0,-664.0,-178.0,-1305.0,-417.0,-750.0,-278.0,-407.0
-379.0,,32.0,-546.0,-130.0,-1262.0,-418.0,-849.0,-397.0,-588.0
-371.0,,29.0,-480.0,-88.0,-1274.0,-426.0,-646.0,-494.0,-785.0
-383.0,,22.0,-463.0,-65.0,-1275.0,-408.0,-840.0,-538.0,-980.0
-413.0,,16.0,-373.0,-54.0,-1281.0,-420.0,-415.0,-553.0,-1181.0
-421.0,,6.0,-297.0,-32.0,-1286.0,-414.0,-655.0,-538.0,-1352.0
-410.0,,-3.0,-283.0,6.0,-1193.0,-402.0,-548.0,-517.0,-1487.0
-420.0,,-8.0,-232.0,47.0,-1120.0,-369.0,-576.0,-477.0,-1575.0
-432.0,,-34.0,-197.0,91.0,-1154.0,-326.0,-800.0,-392.0,-1586.0
-429.0,,-42.0,-212.0,145.0,-1096.0,-301.0,-498.0,-308.0,-1558.0
-415.0,,-55.0,-231.0,182.0,-1026.0,-286.0,-844.0,-227.0,-1498.0
-420.0,,-74.0,-246.0,162.0,-1078.0,-285.0,-611.0,-141.0,-1403.0
-431.0,,-79.0,-294.0,113.0,-1143.0,-242.0,-787.0,-45.0,-1291.0
-424.0,,-89.0,-309.0,85.0,-1137.0,-226.0,-896.0,38.0,-1164.0
-428.0,,-89.0,-280.0,84.0,-1022.0,-230.0,-829.0,122.0,-1039.0
-433.0,,-95.0,-287.0,81.0,-991.0,-222.0,-1138.0,210.0,-931.0
-441.0,,-99.0,-301.0,69.0,-1034.0,-232.0,-811.0,265.0,-853.0
-435.0,,-82.0,-259.0,78.0,-939.0,-221.0,-1008.0,322.0,-818.0
-413.0,,-76.0,-212.0,108.0,-862.0,-200.0,-746.0,363.0,-799.0
-441.0,,-84.0,-240.0,136.0,-901.0,-177.0,-722.0,383.0,-805.0
-471.0,,-83.0,-222.0,160.0,-931.0,-179.0,-814.0,394.0,-859.0
-448.0,,-95.0,-171.0,179.0,-920.0,-182.0,-519.0,393.0,-913.0
-397.0,,-101.0,-181.0,182.0,-891.0,-168.0,-870.0,380.0,-935.0
-403.0,,-112.0,-201.0,147.0,-829.0,-166.0,-602.0,359.0,-951.0
-439.0,,-140.0,-179.0,80.0,-840.0,-155.0,-766.0,337.0,-943.0
-447.0,,-163.0,-138.0,5.0,-870.0,-140.0,-703.0,300.0,-925.0
-448.0,,-180.0,-146.0,-65.0,-768.0,-112.0,-580.0,248.0,-909.0
-447.0,,-174.0,-198.0,-124.0,-734.0,-89.0,-866.0,197.0,-879.0
-477.0,,-172.0,-235.0,-155.0,-751.0,-87.0,-604.0,141.0,-874.0
-489.0,,-162.0,-268.0,-157.0,-686.0,-82.0,-925.0,73.0,-882.0
-476.0,,-134.0,-353.0,-136.0,-634.0,-56.0,-726.0,-1.0,-907.0
-490.0,,-101.0,-373.0,-88.0,-666.0,-21.0,-822.0,-79.0,-950.0
-510.0,,-58.0,-356.0,-33.0,-754.0,-1.0,-968.0,-150.0,-988.0
-514.0,,-19.0,-350.0,19.0,-771.0,20.0,-739.0,-240.0,-1037.0
-506.0,,30.0,-308.0,54.0,-669.0,54.0,-1067.0,-317.0,-1082.0
-511.0,,71.0,-328.0,42.0,-635.0,116.0,-742.0,-365.0,-1119.0
-524.0,,108.0,-339.0,4.0,-714.0,178.0,-905.0,-403.0,-1105.0
-512.0,,136.0,-307.0,-20.0,-738.0,214.0,-787.0,-400.0,-1073.0
-486.0,,172.0,-301.0,-27.0,-723.0,252.0,-683.0,-389.0,-1039.0
-468.0,,192.0,-310.0,-15.0,-729.0,300.0,-946.0,-381.0,-952.0
-456.0,,207.0,-354.0,24.0,-780.0,329.0,-740.0,-344.0,-871.0
-453.0,,249.0,-388.0,85.0,-752.0,344.0,-1136.0,-302.0,-785.0
-443.0,,269.0,-460.0,143.0,-672.0,367.0,-909.0,-250.0,-691.0
-423.0,,306.0,-584.0,183.0,-698.0,393.0,-977.0,-164.0,-610.0
-410.0,,334.0,-693.0,203.0,-699.0,394.0,-994.0,-57.0,-505.0
-415.0,,353.0,-798.0,211.0,-707.0,403.0,-727.0,52.0,-411.0
-410.0,,383.0,-906.0,217.0,-729.0,433.0,-997.0,163.0,-344.0
-386.0,,390.0,-1051.0,213.0,-734.0,436.0,-685.0,272.0,-290.0
-387.0,,414.0,-1152.0,204.0,-812.0,438.0,-918.0,381.0,-243.0
-399.0,,405.0,-1212.0,193.0,-861.0,447.0,-748.0,464.0,-222.0
-405.0,,387.0,-1255.0,163.0,-799.0,448.0,-683.0,529.0,-194.0
-397.0,,355.0,-1240.0,90.0,-783.0,456.0,-855.0,581.0,-159.0
-394.0,,305.0,-1178.0,-27.0,-799.0,436.0,-582.0,595.0,-128.0
-405.0,,283.0,-1062.0,-131.0,-739.0,402.0,-888.0,596.0,-78.0
-404.0,,215.0,-979.0,-165.0,-720.0,403.0,-598.0,564.0,-29.0
-387.0,,178.0,-855.0,-156.0,-707.0,410.0,-800.0,497.0,29.0
-382.0,,155.0,-709.0,-167.0,-716.0,391.0,-853.0,410.0,86.0
-403.0,,97.0,-619.0,-203.0,-766.0,372.0,-744.0,304.0,139.0
-410.0,,59.0,-491.0,-225.0,-733.0,373.0,-1019.0,190.0,175.0
-389.0,,19.0,-369.0,-203.0,-707.0,362.0,-641.0,80.0,222.0
-386.0,,-1.0,-281.0,-170.0,-715.0,336.0,-846.0,-15.0,295.0
-411.0,,-43.0,-214.0,-159.0,-698.0,303.0,-604.0,-108.0,370.0
-421.0,,-57.0,-179.0,-154.0,-648.0,294.0,-626.0,-174.0,452.0
-401.0,,-74.0,-168.0,-142.0,-602.0,307.0,-761.0,-237.0,514.0
-405.0,,-79.0,-205.0,-127.0,-637.0,281.0,-524.0,-286.0,551.0
-434.0,,-61.0,-224.0,-81.0,-690.0,272.0,-816.0,-308.0,547.0
-426.0,,-66.0,-234.0,13.0,-683.0,266.0,-450.0,-321.0,524.0
-399.0,,-38.0,-314.0,120.0,-680.0,239.0,-663.0,-296.0,499.0
-391.0,,-40.0,-379.0,189.0,-696.0,221.0,-646.0,-242.0,460.0
-373.0,,-48.0,-461.0,217.0,-682.0,211.0,-574.0,-164.0,437.0
-337.0,,-58.0,-589.0,227.0,-598.0,204.0,-873.0,-65.0,432.0
-312.0,,-71.0,-716.0,222.0,-524.0,186.0,-602.0,41.0,433.0
-315.0,,-111.0,-785.0,190.0,-532.0,215.0,-921.0,158.0,440.0
-333.0,,-151.0,-747.0,138.0,-556.0,269.0,-715.0,270.0,450.0
-328.0,,-182.0,-708.0,96.0,-491.0,272.0,-755.0,358.0,442.0
-304.0,,-250.0,-629.0,80.0,-425.0,249.0,-781.0,421.0,415.0
-303.0,,-268.0,-503.0,50.0,-451.0,273.0,-522.0,464.0,375.0
-316.0,,-314.0,-450.0,-29.0,-443.0,304.0,-792.0,500.0,333.0
-313.0,,-349.0,-390.0,-131.0,-402.0,269.0,-471.0,511.0,315.0
-310.0,,-362.0,-322.0,-202.0,-301.0,233.0,-713.0,501.0,306.0
-304.0,,-391.0,-309.0,-213.0,-259.0,243.0,-583.0,471.0,318.0
-301.0,,-399.0,-263.0,-180.0,-292.0,232.0,-522.0,414.0,370.0
-313.0,,-440.0,-239.0,-140.0,-269.0,196.0,-737.0,347.0,421.0
-304.0,,-463.0,-279.0,-111.0,-246.0,182.0,-430.0,269.0,465.0
-291.0,,-477.0,-287.0,-104.0,-226.0,169.0,-783.0,183.0,498.0
-303.0,,-515.0,-286.0,-118.0,-279.0,171.0,-585.0,89.0,510.0
-326.0,,-550.0,-273.0,-144.0,-329.0,183.0,-713.0,-4.0,514.0
-336.0,,-547.0,-242.0,-171.0,-282.0,176.0,-696.0,-105.0,489.0
-357.0,,-556.0,-262.0,-206.0,-172.0,143.0,-441.0,-209.0,452.0
-415.0,,-568.0,-279.0,-232.0,-143.0,113.0,-670.0,-302.0,440.0
-471.0,,-558.0,-269.0,-215.0,-190.0,112.0,-354.0,-389.0,418.0
-505.0,,-577.0,-265.0,-160.0,-150.0,79.0,-639.0,-447.0,374.0
-540.0,,-552.0,-206.0,-99.0,-129.0,46.0,-484.0,-479.0,335.0
-602.0,,-523.0,-124.0,-60.0,-106.0,38.0,-423.0,-469.0,291.0
-628.0,,-493.0,-93.0,-28.0,-104.0,3.0,-556.0,-428.0,232.0
-604.0,,-434.0,-113.0,21.0,-154.0,-15.0,-314.0,-363.0,182.0
-584.0,,-381.0,-147.0,83.0,-133.0,-28.0,-646.0,-270.0,121.0
-568.0,,-307.0,-152.0,135.0,-35.0,-54.0,-402.0,-185.0,46.0
-549.0,,-249.0,-205.0,164.0,8.0,-85.0,-596.0,-96.0,-5.0
-520.0,,-186.0,-242.0,159.0,20.0,-118.0,-552.0,0.0,-44.0
-508.0,,-112.0,-268.0,128.0,99.0,-118.0,-356.0,74.0,-68.0
-516.0,,-70.0,-377.0,98.0,146.0,-111.0,-572.0,120.0,-58.0
-514.0,,4.0,-467.0,85.0,175.0,-140.0,-194.0,158.0,-31.0
-501.0,,67.0,-505.0,75.0,146.0,-160.0,-471.0,177.0,-10.0
-476.0,,116.0,-495.0,61.0,85.0,-130.0,-303.0,181.0,28.0
-472.0,,190.0,-490.0,44.0,122.0,-129.0,-336.0,180.0,78.0
-476.0,,223.0,-463.0,30.0,159.0,-165.0,-524.0,176.0,104.0
-457.0,,278.0,-397.0,21.0,179.0,-171.0,-279.0,190.0,93.0
-425.0,,335.0,-369.0,15.0,193.0,-144.0,-546.0,200.0,88.0
-429.0,,354.0,-360.0,19.0,177.0,-116.0,-221.0,221.0,83.0
-443.0,,379.0,-380.0,37.0,168.0,-119.0,-443.0,238.0,48.0
-421.0,,392.0,-390.0,64.0,223.0,-121.0,-465.0,250.0,23.0
-399.0,,406.0,-346.0,74.0,242.0,-128.0,-417.0,271.0,-5.0
-409.0,,416.0,-322.0,43.0,227.0,-138.0,-694.0,273.0,-45.0
-444.0,,434.0,-357.0,-2.0,226.0,-129.0,-349.0,290.0,-78.0
-460.0,,457.0,-397.0,-19.0,242.0,-131.0,-598.0,299.0,-82.0
-464.0,,471.0,-484.0,-14.0,328.0,-155.0,-323.0,290.0,-61.0
-494.0,,481.0,-578.0,-24.0,340.0,-184.0,-330.0,276.0,-18.0
-537.0,,501.0,-639.0,-65.0,279.0,-212.0,-399.0,259.0,67.0
-569.0,,521.0,-719.0,-115.0,278.0,-219.0,-112.0,240.0,188.0
-583.0,,528.0,-772.0,-130.0,372.0,-224.0,-354.0,212.0,355.0
-613.0,,563.0,-832.0,-114.0,375.0,-227.0,-3.0,207.0,535.0
-660.0,,591.0,-899.0,-92.0,272.0,-211.0,-236.0,204.0,710.0
-697.0,,590.0,-961.0,-79.0,265.0,-197.0,-221.0,221.0,868.0
-713.0,,598.0,-997.0,-82.0,320.0,-174.0,-203.0,240.0,979.0
-713.0,,599.0,-961.0,-93.0,371.0,-162.0,-402.0,250.0,1047.0
-716.0,,571.0,-971.0,-91.0,330.0,-160.0,-49.0,281.0,1091.0
-703.0,,541.0,-974.0,-68.0,310.0,-171.0,-349.0,312.0,1107.0
-652.0,,496.0,-945.0,-45.0,349.0,-218.0,-110.0,348.0,1070.0
-602.0,,442.0,-940.0,-47.0,361.0,-260.0,-253.0,367.0,1024.0
-563.0,,387.0,-915.0,-57.0,391.0,-283.0,-406.0,373.0,968.0
-531.0,,334.0,-871.0,-42.0,375.0,-299.0,-240.0,360.0,900.0
-489.0,,284.0,-807.0,-5.0,313.0,-321.0,-572.0,318.0,837.0
-427.0,,213.0,-770.0,29.0,296.0,-333.0,-251.0,259.0,749.0
-394.0,,182.0,-747.0,62.0,317.0,-321.0,-395.0,180.0,678.0
-380.0,,150.0,-695.0,106.0,292.0,-292.0,-212.0,96.0,611.0
-322.0,,112.0,-649.0,168.0,285.0,-270.0,-134.0,0.0,535.0
-240.0,,116.0,-623.0,224.0,320.0,-252.0,-308.0,-91.0,486.0
-201.0,,113.0,-583.0,249.0,333.0,-211.0,-11.0,-174.0,450.0
-207.0,,101.0,-563.0,231.0,324.0,-188.0,-339.0,-261.0,411.0
-198.0,,100.0,-578.0,185.0,327.0,-167.0,-107.0,-326.0,372.0
-136.0,,92.0,-569.0,134.0,398.0,-126.0,-230.0,-388.0,359.0
-73.0,,80.0,-560.0,79.0,438.0,-93.0,-279.0,-428.0,332.0
-27.0,,64.0,-520.0,29.0,420.0,-71.0,-96.0,-440.0,299.0
2.0,,25.0,-429.0,-4.0,396.0,-73.0,-369.0,-442.0,258.0
43.0,,-5.0,-366.0,-10.0,425.0,-65.0,-84.0,-428.0,199.0
104.0,,-47.0,-300.0,0.0,486.0,-49.0,-384.0,-418.0,190.0
123.0,,-100.0,-162.0,-2.0,451.0,-31.0,-282.0,-384.0,195.0
141.0,,-143.0,-43.0,-23.0,445.0,-17.0,-301.0,-342.0,170.0
161.0,,-186.0,18.0,-50.0,442.0,-12.0,-404.0,-299.0,160.0
187.0,,-219.0,57.0,-81.0,464.0,10.0,-59.0,-236.0,165.0
217.0,,-257.0,91.0,-113.0,537.0,34.0,-330.0,-173.0,163.0
237.0,,-305.0,114.0,-121.0,456.0,57.0,22.0,-101.0,160.0
260.0,,-327.0,121.0,-101.0,509.0,46.0,-123.0,-54.0,179.0
253.0,,-351.0,174.0,-64.0,637.0,4.0,-79.0,-13.0,203.0
252.0,,-386.0,207.0,-23.0,541.0,-7.0,158.0,20.0,209.0
252.0,,-377.0,190.0,7.0,547.0,-12.0,-81.0,22.0,242.0
250.0,,-385.0,197.0,27.0,628.0,-14.0,247.0,28.0,266.0
245.0,,-381.0,164.0,22.0,616.0,-10.0,20.0,15.0,262.0
259.0,,-347.0,117.0,-16.0,597.0,-4.0,197.0,-8.0,268.0
283.0,,-345.0,69.0,-78.0,517.0,-7.0,77.0,-25.0,234.0
305.0,,-314.0,-47.0,-133.0,552.0,-12.0,-99.0,-49.0,198.0
331.0,,-281.0,-193.0,-155.0,605.0,0.0,105.0,-81.0,172.0
331.0,,-261.0,-294.0,-144.0,539.0,14.0,-218.0,-104.0,123.0
349.0,,-216.0,-371.0,-108.0,582.0,25.0,129.0,-97.0,90.0
360.0,,-176.0,-448.0,-64.0,628.0,34.0,7.0,-96.0,62.0
341.0,,-136.0,-477.0,-24.0,671.0,60.0,157.0,-81.0,32.0
324.0,,-103.0,-491.0,4.0,705.0,88.0,356.0,-44.0,4.0
330.0,,-82.0,-471.0,23.0,669.0,93.0,162.0,4.0,11.0
329.0,,-80.0,-401.0,43.0,705.0,107.0,493.0,80.0,32.0
300.0,,-77.0,-329.0,59.0,764.0,128.0,227.0,153.0,70.0
267.0,,-87.0,-248.0,74.0,744.0,148.0,454.0,233.0,142.0
233.0,,-102.0,-173.0,79.0,741.0,141.0,391.0,326.0,207.0
208.0,,-126.0,-136.0,70.0,763.0,144.0,325.0,423.0,295.0
159.0,,-165.0,-134.0,38.0,783.0,155.0,569.0,514.0,383.0
125.0,,-189.0,-115.0,-16.0,867.0,163.0,249.0,587.0,449.0
114.0,,-259.0,-144.0,-79.0,871.0,183.0,526.0,643.0,509.0
100.0,,-296.0,-242.0,-143.0,886.0,169.0,280.0,665.0,545.0
85.0,,-333.0,-328.0,-174.0,927.0,172.0,406.0,646.0,562.0
71.0,,-400.0,-394.0,-156.0,897.0,185.0,567.0,600.0,582.0
71.0,,-443.0,-453.0,-102.0,917.0,190.0,406.0,539.0,616.0
61.0,,-511.0,-539.0,-40.0,972.0,199.0,757.0,468.0,657.0
63.0,,-558.0,-636.0,8.0,1018.0,205.0,484.0,375.0,714.0
63.0,,-581.0,-699.0,41.0,1010.0,219.0,744.0,266.0,777.0
68.0,,-616.0,-743.0,59.0,998.0,190.0,652.0,163.0,839.0
83.0,,-626.0,-777.0,70.0,1003.0,169.0,617.0,63.0,895.0
92.0,,-602.0,-777.0,86.0,1072.0,193.0,844.0,-37.0,948.0
103.0,,-611.0,-778.0,113.0,1120.0,211.0,559.0,-113.0,986.0
74.0,,-594.0,-756.0,145.0,1083.0,231.0,894.0,-165.0,1004.0
31.0,,-563.0,-721.0,168.0,1080.0,262.0,657.0,-201.0,1014.0
18.0,,-541.0,-735.0,167.0,1046.0,285.0,768.0,-227.0,956.0
-19.0,,-465.0,-695.0,123.0,1066.0,290.0,731.0,-258.0,906.0
-121.0,,-408.0,-627.0,46.0,1084.0,302.0,474.0,-280.0,855.0
-215.0,,-341.0,-592.0,-25.0,1047.0,293.0,716.0,-286.0,776.0
-254.0,,-268.0,-539.0,-74.0,1111.0,277.0,380.0,-286.0,732.0
-274.0,,-204.0,-445.0,-105.0,1151.0,247.0,641.0,-275.0,678.0
-311.0,,-138.0,-364.0,-129.0,1106.0,231.0,521.0,-251.0,636.0
-332.0,,-85.0,-339.0,-155.0,1020.0,227.0,545.0,-217.0,632.0
-322.0,,-30.0,-263.0,-177.0,1020.0,188.0,698.0,-181.0,644.0
-306.0,,2.0,-220.0,-195.0,1085.0,181.0,375.0,-141.0,643.0
-285.0,,54.0,-249.0,-215.0,1058.0,149.0,679.0,-92.0,662.0
-260.0,,100.0,-268.0,-220.0,1039.0,98.0,424.0,-39.0,696.0
-237.0,,130.0,-267.0,-193.0,1049.0,95.0,594.0,4.0,722.0
-225.0,,174.0,-235.0,-131.0,1139.0,96.0,591.0,25.0,771.0
-219.0,,202.0,-247.0,-53.0,1187.0,87.0,415.0,36.0,821.0
-212.0,,227.0,-229.0,8.0,1166.0,52.0,620.0,42.0,897.0
-219.0,,235.0,-166.0,47.0,1237.0,57.0,251.0,48.0,983.0
-237.0,,232.0,-121.0,69.0,1183.0,86.0,519.0,48.0,1047.0
-243.0,,236.0,-65.0,69.0,1132.0,107.0,362.0,42.0,1108.0
-240.0,,216.0,4.0,36.0,1137.0,155.0,458.0,30.0,1152.0
-230.0,,199.0,103.0,-3.0,1099.0,178.0,648.0,3.0,1178.0
-226.0,,187.0,133.0,-26.0,1089.0,190.0,413.0,-24.0,1191.0
-230.0,,142.0,167.0,-35.0,1009.0,220.0,798.0,-56.0,1195.0
-222.0,,113.0,182.0,-41.0,1034.0,238.0,567.0,-84.0,1165.0
-220.0,,78.0,25.0,-56.0,1112.0,238.0,805.0,-110.0,1089.0
-230.0,,26.0,-86.0,-85.0,1116.0,226.0,794.0,-154.0,1020.0
-240.0,,-13.0,-157.0,-133.0,1162.0,207.0,631.0,-200.0,939.0
-234.0,,-66.0,-275.0,-197.0,1129.0,195.0,796.0,-232.0,847.0
-223.0,,-112.0,-363.0,-246.0,1122.0,168.0,441.0,-264.0,764.0
-216.0,,-148.0,-432.0,-254.0,1128.0,137.0,685.0,-293.0,664.0
-195.0,,-198.0,-456.0,-214.0,1072.0,130.0,437.0,-296.0,587.0
-148.0,,-227.0,-465.0,-133.0,1054.0,112.0,500.0,-290.0,533.0
-106.0,,-249.0,-439.0,-26.0,1001.0,114.0,559.0,-281.0,488.0
-78.0,,-288.0,-354.0,61.0,1014.0,149.0,365.0,-262.0,445.0
-31.0,,-310.0,-224.0,98.0,1020.0,158.0,748.0,-230.0,407.0
11.0,,-332.0,-97.0,83.0,947.0,155.0,482.0,-179.0,376.0
41.0,,-370.0,-34.0,41.0,907.0,165.0,733.0,-154.0,341.0
68.0,,-405.0,13.0,-2.0,894.0,161.0,644.0,-154.0,309.0
107.0,,-429.0,64.0,-36.0,899.0,148.0,541.0,-150.0,271.0
153.0,,-470.0,144.0,-62.0,845.0,148.0,727.0,-159.0,223.0
166.0,,-510.0,176.0,-81.0,797.0,142.0,426.0,-153.0,170.0
170.0,,-521.0,171.0,-78.0,794.0,129.0,720.0,-148.0,130.0
190.0,,-546.0,173.0,-47.0,802.0,90.0,439.0,-149.0,56.0
199.0,,-571.0,76.0,-7.0,763.0,38.0,504.0,-137.0,-30.0
197.0,,-580.0,-4.0,22.0,726.0,8.0,533.0,-121.0,-111.0
192.0,,-563.0,-3.0,38.0,715.0,-14.0,338.0,-100.0,-188.0
204.0,,-530.0,21.0,46.0,628.0,-35.0,642.0,-112.0,-250.0
225.0,,-510.0,-57.0,53.0,592.0,-36.0,347.0,-128.0,-323.0
247.0,,-469.0,-175.0,57.0,586.0,-47.0,620.0,-142.0,-370.0
263.0,,-430.0,-186.0,60.0,583.0,-65.0,489.0,-184.0,-412.0
246.0,,-389.0,-252.0,62.0,550.0,-79.0,413.0,-236.0,-441.0
238.0,,-349.0,-323.0,46.0,474.0,-110.0,596.0,-287.0,-437.0
229.0,,-312.0,-356.0,9.0,496.0,-101.0,319.0,-341.0,-411.0
212.0,,-265.0,-395.0,-29.0,485.0,-93.0,618.0,-397.0,-353.0
203.0,,-244.0,-463.0,-62.0,476.0,-102.0,378.0,-431.0,-277.0
205.0,,-231.0,-564.0,-92.0,484.0,-101.0,546.0,-461.0,-198.0
226.0,,-232.0,-622.0,-127.0,427.0,-74.0,580.0,-464.0,-130.0
243.0,,-236.0,-683.0,-160.0,398.0,-23.0,432.0,-432.0,-47.0
274.0,,-254.0,-725.0,-180.0,377.0,-19.0,663.0,-398.0,17.0
297.0,,-279.0,-746.0,-188.0,333.0,-25.0,284.0,-348.0,71.0
337.0,,-280.0,-750.0,-186.0,215.0,-31.0,533.0,-296.0,122.0
399.0,,-299.0,-751.0,-170.0,179.0,-12.0,367.0,-250.0,142.0
431.0,,-313.0,-790.0,-143.0,235.0,18.0,388.0,-220.0,175.0
468.0,,-314.0,-772.0,-114.0,188.0,16.0,548.0,-185.0,203.0
498.0,,-335.0,-710.0,-94.0,143.0,-5.0,303.0,-140.0,211.0
516.0,,-347.0,-617.0,-78.0,125.0,-40.0,644.0,-99.0,228.0
517.0,,-345.0,-484.0,-56.0,159.0,-42.0,371.0,-57.0,218.0
508.0,,-364.0,-382.0,-31.0,171.0,-32.0,556.0,-14.0,181.0
507.0,,-385.0,-303.0,-5.0,129.0,-29.0,552.0,40.0,150.0
497.0,,-385.0,-249.0,17.0,135.0,-19.0,454.0,88.0,111.0
470.0,,-399.0,-185.0,43.0,129.0,6.0,729.0,131.0,56.0
456.0,,-400.0,-150.0,82.0,87.0,36.0,402.0,160.0,-2.0
461.0,,-396.0,-162.0,129.0,29.0,48.0,681.0,181.0,-92.0
455.0,,-399.0,-154.0,180.0,30.0,47.0,476.0,204.0,-206.0
418.0,,-382.0,-231.0,221.0,2.0,35.0,517.0,208.0,-323.0
383.0,,-391.0,-407.0,246.0,16.0,14.0,668.0,213.0,-461.0
398.0,,-398.0,-507.0,252.0,76.0,-14.0,424.0,196.0,-578.0
397.0,,-386.0,-535.0,239.0,45.0,-28.0,744.0,154.0,-659.0
384.0,,-386.0,-605.0,211.0,54.0,-58.0,515.0,105.0,-703.0
345.0,,-368.0,-640.0,174.0,-9.0,-87.0,744.0,66.0,-684.0
319.0,,-343.0,-660.0,135.0,-73.0,-83.0,667.0,33.0,-622.0
346.0,,-303.0,-695.0,98.0,-93.0,-81.0,552.0,0.0,-531.0
321.0,,-289.0,-612.0,61.0,-166.0,-54.0,792.0,-11.0,-421.0
278.0,,-268.0,-525.0,18.0,-175.0,-51.0,543.0,-26.0,-331.0
259.0,,-219.0,-450.0,-41.0,-225.0,-53.0,890.0,-40.0,-258.0
259.0,,-212.0,-326.0,-108.0,-260.0,-21.0,657.0,-59.0,-193.0
233.0,,-175.0,-239.0,-145.0,-221.0,-20.0,713.0,-98.0,-154.0
159.0,,-150.0,-131.0,-141.0,-210.0,-22.0,757.0,-139.0,-142.0
108.0,,-141.0,-5.0,-117.0,-239.0,-43.0,482.0,-183.0,-137.0
95.0,,-111.0,114.0,-91.0,-248.0,-34.0,742.0,-215.0,-125.0
96.0,,-100.0,166.0,-75.0,-240.0,1.0,439.0,-238.0,-118.0
64.0,,-92.0,163.0,-71.0,-235.0,18.0,733.0,-258.0,-95.0
47.0,,-75.0,201.0,-83.0,-250.0,30.0,663.0,-269.0,-41.0
76.0,,-50.0,130.0,-98.0,-339.0,5.0,609.0,-273.0,17.0
92.0,,-35.0,72.0,-102.0,-306.0,10.0,787.0,-282.0,78.0
74.0,,-5.0,74.0,-96.0,-314.0,35.0,424.0,-283.0,132.0
47.0,,-1.0,8.0,-78.0,-394.0,38.0,763.0,-258.0,171.0
34.0,,8.0,-55.0,-51.0,-403.0,24.0,563.0,-206.0,191.0
38.0,,24.0,-139.0,-21.0,-423.0,1.0,696.0,-119.0,180.0
9.0,,24.0,-163.0,5.0,-356.0,-3.0,752.0,-2.0,151.0
-45.0,,32.0,-135.0,18.0,-396.0,-19.0,535.0,129.0,78.0
-52.0,,25.0,-93.0,6.0,-444.0,-31.0,796.0,263.0,-27.0
-38.0,,46.0,-38.0,-25.0,-395.0,-26.0,474.0,386.0,-123.0
-47.0,,47.0,-19.0,-54.0,-410.0,-47.0,726.0,491.0,-220.0
-64.0,,54.0,19.0,-58.0,-446.0,-70.0,574.0,567.0,-301.0
-73.0,,70.0,31.0,-30.0,-469.0,-49.0,559.0,604.0,-374.0
-80.0,,78.0,39.0,4.0,-491.0,-39.0,722.0,601.0,-451.0
-116.0,,84.0,74.0,28.0,-570.0,-69.0,410.0,577.0,-509.0
-148.0,,82.0,93.0,37.0,-592.0,-79.0,761.0,539.0,-562.0
-143.0,,81.0,93.0,18.0,-567.0,-76.0,524.0,494.0,-590.0
-103.0,,59.0,79.0,-13.0,-544.0,-73.0,683.0,442.0,-587.0
-84.0,,44.0,5.0,-31.0,-497.0,-62.0,702.0,374.0,-572.0
-93.0,,0.0,-151.0,-27.0,-472.0,-85.0,552.0,312.0,-526.0
-66.0,,-22.0,-292.0,3.0,-491.0,-127.0,842.0,255.0,-458.0
-31.0,,-48.0,-465.0,52.0,-546.0,-154.0,548.0,178.0,-369.0
-23.0,,-107.0,-597.0,105.0,-602.0,-161.0,803.0,90.0,-281.0
-43.0,,-127.0,-639.0,145.0,-643.0,-194.0,587.0,6.0,-226.0
-68.0,,-162.0,-698.0,158.0,-643.0,-257.0,574.0,-80.0,-177.0
-58.0,,-196.0,-698.0,144.0,-590.0,-272.0,620.0,-160.0,-149.0
-43.0,,-230.0,-658.0,116.0,-530.0,-264.0,301.0,-242.0,-138.0
-53.0,,-254.0,-647.0,82.0,-594.0,-259.0,655.0,-308.0,-131.0
-46.0,,-270.0,-591.0,49.0,-671.0,-281.0,458.0,-351.0,-119.0
-15.0,,-304.0,-501.0,12.0,-640.0,-284.0,718.0,-380.0,-109.0
-4.0,,-300.0,-415.0,-28.0,-682.0,-271.0,646.0,-373.0,-101.0
-3.0,,-320.0,-328.0,-52.0,-772.0,-282.0,506.0,-364.0,-70.0
16.0,,-348.0,-305.0,-27.0,-775.0,-286.0,740.0,-328.0,-62.0
60.0,,-334.0,-339.0,48.0,-669.0,-325.0,424.0,-262.0,-59.0
69.0,,-347.0,-402.0,143.0,-634.0,-336.0,705.0,-206.0,-66.0
36.0,,-331.0,-499.0,220.0,-722.0,-352.0,458.0,-139.0,-93.0
48.0,,-301.0,-585.0,263.0,-711.0,-382.0,508.0,-59.0,-105.0
96.0,,-267.0,-650.0,265.0,-623.0,-363.0,539.0,27.0,-111.0
117.0,,-191.0,-667.0,228.0,-602.0,-338.0,277.0,107.0,-82.0
123.0,,-136.0,-670.0,171.0,-617.0,-319.0,552.0,176.0,-62.0
158.0,,-70.0,-678.0,116.0,-665.0,-317.0,214.0,237.0,-37.0
216.0,,0.0,-642.0,72.0,-738.0,-313.0,441.0,277.0,11.0
267.0,,62.0,-578.0,45.0,-749.0,-311.0,349.0,317.0,52.0
283.0,,98.0,-515.0,40.0,-723.0,-327.0,308.0,339.0,102.0
315.0,,129.0,-484.0,40.0,-696.0,-337.0,528.0,339.0,141.0
400.0,,169.0,-408.0,28.0,-655.0,-316.0,216.0,339.0,179.0
469.0,,178.0,-317.0,3.0,-626.0,-314.0,519.0,305.0,224.0
509.0,,218.0,-314.0,-23.0,-611.0,-340.0,323.0,257.0,266.0
540.0,,228.0,-266.0,-44.0,-612.0,-346.0,548.0,214.0,296.0
573.0,,235.0,-248.0,-61.0,-634.0,-357.0,659.0,162.0,318.0
579.0,,250.0,-341.0,-93.0,-631.0,-349.0,471.0,102.0,314.0
557.0,,233.0,-382.0,-146.0,-577.0,-311.0,768.0,64.0,275.0
521.0,,231.0,-415.0,-198.0,-588.0,-281.0,424.0,40.0,240.0
516.0,,197.0,-444.0,-237.0,-631.0,-277.0,606.0,13.0,196.0
567.0,,171.0,-380.0,-251.0,-603.0,-277.0,412.0,2.0,137.0
588.0,,136.0,-303.0,-235.0,-544.0,-250.0,391.0,0.0,75.0
601.0,,80.0,-271.0,-197.0,-517.0,-233.0,637.0,10.0,3.0
632.0,,63.0,-217.0,-145.0,-542.0,-252.0,365.0,20.0,-64.0
657.0,,51.0,-106.0,-89.0,-489.0,-261.0,631.0,15.0,-109.0
651.0,,36.0,2.0,-28.0,-415.0,-258.0,319.0,13.0,-149.0
611.0,,40.0,64.0,28.0,-456.0,-257.0,469.0,-3.0,-171.0
586.0,,42.0,136.0,62.0,-507.0,-267.0,517.0,-35.0,-178.0
593.0,,49.0,242.0,71.0,-494.0,-263.0,388.0,-67.0,-187.0
588.0,,66.0,339.0,66.0,-456.0,-234.0,705.0,-97.0,-178.0
550.0,,67.0,399.0,58.0,-485.0,-208.0,375.0,-117.0,-169.0
543.0,,81.0,390.0,63.0,-536.0,-180.0,598.0,-123.0,-161.0
570.0,,100.0,366.0,82.0,-499.0,-155.0,423.0,-127.0,-169.0
561.0,,105.0,345.0,116.0,-434.0,-142.0,384.0,-131.0,-216.0
520.0,,111.0,317.0,162.0,-450.0,-141.0,521.0,-135.0,-280.0
504.0,,111.0,294.0,202.0,-461.0,-136.0,301.0,-134.0,-384.0
511.0,,135.0,228.0,218.0,-403.0,-138.0,624.0,-121.0,-516.0
504.0,,137.0,187.0,207.0,-362.0,-152.0,358.0,-105.0,-661.0
468.0,,141.0,180.0,163.0,-391.0,-147.0,511.0,-95.0,-810.0
443.0,,169.0,141.0,85.0,-441.0,-107.0,441.0,-70.0,-920.0
453.0,,153.0,79.0,-19.0,-446.0,-79.0,290.0,-29.0,-1002.0
461.0,,142.0,24.0,-133.0,-473.0,-104.0,554.0,2.0,-1026.0
437.0,,134.0,-37.0,-223.0,-548.0,-123.0,279.0,43.0,-1001.0
380.0,,114.0,-113.0,-273.0,-592.0,-115.0,598.0,101.0,-948.0
347.0,,101.0,-185.0,-278.0,-601.0,-55.0,469.0,157.0,-850.0
344.0,,79.0,-237.0,-242.0,-649.0,-33.0,522.0,204.0,-758.0
307.0,,61.0,-311.0,-192.0,-701.0,-51.0,652.0,246.0,-647.0
228.0,,52.0,-481.0,-163.0,-743.0,-26.0,362.0,289.0,-522.0
180.0,,29.0,-579.0,-164.0,-764.0,-29.0,563.0,352.0,-409.0
164.0,,-9.0,-609.0,-184.0,-738.0,4.0,219.0,422.0,-336.0
141.0,,-30.0,-633.0,-207.0,-781.0,31.0,375.0,481.0,-282.0
107.0,,-77.0,-574.0,-212.0,-816.0,15.0,290.0,546.0,-223.0
78.0,,-113.0,-512.0,-190.0,-834.0,6.0,166.0,604.0,-204.0
61.0,,-123.0,-450.0,-157.0,-889.0,2.0,436.0,630.0,-205.0
27.0,,-147.0,-367.0,-113.0,-923.0,52.0,147.0,623.0,-223.0
-5.0,,-144.0,-285.0,-53.0,-957.0,83.0,460.0,596.0,-264.0
-31.0,,-140.0,-219.0,13.0,-1007.0,105.0,271.0,561.0,-301.0
-44.0,,-124.0,-148.0,75.0,-1032.0,138.0,327.0,498.0,-312.0
-46.0,,-118.0,-107.0,108.0,-1055.0,157.0,450.0,435.0,-318.0
-47.0,,-113.0,-108.0,114.0,-1154.0,187.0,179.0,395.0,-284.0
-50.0,,-76.0,-193.0,117.0,-1155.0,213.0,436.0,341.0,-233.0
-53.0,,-65.0,-366.0,130.0,-1104.0,224.0,149.0,281.0,-187.0
-38.0,,-38.0,-508.0,164.0,-1183.0,208.0,399.0,232.0,-131.0
-24.0,,0.0,-639.0,216.0,-1227.0,207.0,384.0,181.0,-85.0
0.0,,22.0,-736.0,274.0,-1208.0,223.0,323.0,148.0,-23.0
42.0,,67.0,-826.0,323.0,-1160.0,243.0,506.0,127.0,6.0
86.0,,85.0,-942.0,356.0,-1157.0,283.0,136.0,113.0,16.0
117.0,,112.0,-992.0,365.0,-1251.0,342.0,423.0,107.0,2.0
149.0,,135.0,-1025.0,344.0,-1281.0,388.0,175.0,108.0,-26.0
190.0,,141.0,-1059.0,292.0,-1268.0,391.0,245.0,126.0,-66.0
207.0,,141.0,-1010.0,229.0,-1281.0,393.0,308.0,141.0,-123.0
197.0,,132.0,-930.0,175.0,-1327.0,403.0,64.0,150.0,-183.0
171.0,,143.0,-887.0,133.0,-1373.0,433.0,347.0,165.0,-240.0
163.0,,138.0,-804.0,96.0,-1315.0,496.0,36.0,164.0,-298.0
151.0,,131.0,-737.0,67.0,-1224.0,504.0,273.0,142.0,-392.0
119.0,,121.0,-711.0,49.0,-1185.0,473.0,138.0,124.0,-463.0
90.0,,120.0,-669.0,41.0,-1175.0,470.0,92.0,130.0,-534.0
60.0,,111.0,-660.0,38.0,-1147.0,500.0,297.0,148.0,-574.0
35.0,,102.0,-598.0,23.0,-1109.0,540.0,-42.0,158.0,-584.0
-14.0,,102.0,-531.0,2.0,-1145.0,567.0,253.0,161.0,-583.0
-71.0,,98.0,-554.0,8.0,-1191.0,579.0,-1.0,151.0,-550.0
-110.0,,100.0,-529.0,66.0,-1133.0,557.0,149.0,122.0,-532.0
-138.0,,103.0,-511.0,167.0,-1073.0,561.0,238.0,94.0,-496.0
-154.0,,121.0,-592.0,263.0,-1085.0,591.0,49.0,69.0,-513.0
-187.0,,121.0,-647.0,310.0,-1125.0,593.0,304.0,49.0,-565.0
-194.0,,154.0,-651.0,312.0,-1097.0,593.0,-25.0,22.0,-626.0
-169.0,,165.0,-615.0,274.0,-991.0,592.0,240.0,7.0,-724.0
-161.0,,148.0,-548.0,200.0,-966.0,596.0,112.0,2.0,-802.0
-144.0,,150.0,-503.0,119.0,-977.0,602.0,86.0,-20.0,-849.0
-109.0,,123.0,-429.0,52.0,-914.0,590.0,221.0,-25.0,-868.0
-78.0,,100.0,-362.0,9.0,-860.0,554.0,-92.0,-41.0,-859.0
-66.0,,79.0,-358.0,-15.0,-845.0,534.0,221.0,-73.0,-785.0
-57.0,,65.0,-341.0,-33.0,-837.0,521.0,-18.0,-100.0,-675.0
-20.0,,45.0,-262.0,-49.0,-851.0,493.0,140.0,-138.0,-553.0
20.0,,29.0,-210.0,-57.0,-818.0,496.0,116.0,-159.0,-416.0
76.0,,22.0,-221.0,-62.0,-789.0,520.0,-94.0,-185.0,-295.0
144.0,,26.0,-204.0,-81.0,-800.0,513.0,99.0,-203.0,-185.0
186.0,,38.0,-238.0,-113.0,-777.0,474.0,-225.0,-207.0,-97.0
223.0,,51.0,-300.0,-148.0,-763.0,461.0,33.0,-224.0,-32.0
251.0,,58.0,-301.0,-175.0,-751.0,440.0,-160.0,-202.0,-3.0
256.0,,54.0,-331.0,-197.0,-738.0,408.0,-144.0,-151.0,21.0
259.0,,66.0,-394.0,-226.0,-724.0,417.0,-51.0,-82.0,40.0
255.0,,52.0,-495.0,-256.0,-719.0,419.0,-339.0,-2.0,34.0
256.0,,38.0,-610.0,-281.0,-746.0,436.0,22.0,68.0,23.0
259.0,,7.0,-709.0,-285.0,-769.0,475.0,-158.0,133.0,-7.0
235.0,,-43.0,-762.0,-263.0,-771.0,497.0,86.0,177.0,-47.0
204.0,,-94.0,-752.0,-221.0,-761.0,525.0,83.0,219.0,-140.0
195.0,,-147.0,-734.0,-191.0,-761.0,556.0,-53.0,250.0,-267.0
182.0,,-181.0,-654.0,-185.0,-764.0,597.0,116.0,265.0,-374.0
129.0,,-228.0,-550.0,-183.0,-696.0,622.0,-230.0,270.0,-488.0
92.0,,-259.0,-435.0,-155.0,-607.0,610.0,27.0,254.0,-587.0
65.0,,-287.0,-328.0,-92.0,-603.0,597.0,-279.0,233.0,-649.0
13.0,,-306.0,-305.0,-19.0,-630.0,589.0,-325.0,186.0,-668.0
-40.0,,-318.0,-209.0,50.0,-652.0,589.0,-304.0,119.0,-631.0
-78.0,,-308.0,-96.0,117.0,-606.0,581.0,-578.0,37.0,-534.0
-97.0,,-279.0,-108.0,170.0,-573.0,533.0,-223.0,-56.0,-404.0
-103.0,,-235.0,-172.0,199.0,-600.0,498.0,-489.0,-167.0,-214.0
-96.0,,-180.0,-204.0,207.0,-559.0,506.0,-243.0,-293.0,33.0
-92.0,,-116.0,-254.0,209.0,-504.0,512.0,-247.0,-410.0,288.0
-65.0,,-45.0,-377.0,214.0,-471.0,508.0,-253.0,-504.0,532.0
-43.0,,2.0,-487.0,219.0,-486.0,490.0,-1.0,-569.0,740.0
-33.0,,90.0,-543.0,194.0,-467.0,466.0,-304.0,-629.0,890.0
-25.0,,144.0,-557.0,129.0,-392.0,463.0,-53.0,-668.0,968.0
-30.0,,199.0,-567.0,43.0,-402.0,455.0,-413.0,-704.0,971.0
-27.0,,262.0,-551.0,-42.0,-412.0,436.0,-419.0,-738.0,889.0
-18.0,,299.0,-491.0,-105.0,-383.0,447.0,-476.0,-754.0,737.0
-5.0,,358.0,-431.0,-139.0,-306.0,471.0,-720.0,-768.0,560.0
-17.0,,377.0,-378.0,-141.0,-248.0,478.0,-402.0,-756.0,362.0
-34.0,,411.0,-304.0,-130.0,-299.0,513.0,-691.0,-721.0,175.0
-47.0,,432.0,-276.0,-123.0,-290.0,551.0,-406.0,-672.0,33.0
-62.0,,459.0,-322.0,-122.0,-246.0,520.0,-508.0,-609.0,-50.0
-63.0,,493.0,-319.0,-113.0,-249.0,493.0,-513.0,-535.0,-92.0
-90.0,,499.0,-281.0,-85.0,-246.0,500.0,-345.0,-445.0,-98.0
-117.0,,532.0,-238.0,-48.0,-244.0,479.0,-604.0,-370.0,-56.0
-96.0,,551.0,-230.0,-18.0,-185.0,453.0,-256.0,-298.0,-20.0
-55.0,,573.0,-294.0,-6.0,-125.0,407.0,-548.0,-224.0,2.0
-22.0,,598.0,-348.0,-25.0,-110.0,374.0,-424.0,-171.0,16.0
-21.0,,608.0,-383.0,-69.0,-80.0,363.0,-491.0,-92.0,-8.0
-11.0,,608.0,-419.0,-102.0,-9.0,327.0,-700.0,3.0,-9.0
30.0,,613.0,-502.0,-111.0,80.0,307.0,-423.0,87.0,17.0
56.0,,590.0,-565.0,-108.0,93.0,306.0,-744.0,173.0,41.0
52.0,,561.0,-567.0,-100.0,74.0,322.0,-482.0,260.0,104.0
47.0,,555.0,-624.0,-90.0,95.0,331.0,-628.0,343.0,178.0
71.0,,523.0,-628.0,-82.0,167.0,349.0,-585.0,404.0,240.0
90.0,,534.0,-571.0,-85.0,135.0,355.0,-432.0,446.0,299.0
98.0,,546.0,-567.0,-96.0,8.0,328.0,-665.0,465.0,323.0
93.0,,528.0,-516.0,-102.0,51.0,329.0,-382.0,450.0,321.0
88.0,,536.0,-477.0,-99.0,129.0,316.0,-720.0,407.0,308.0
101.0,,522.0,-452.0,-86.0,90.0,291.0,-526.0,356.0,269.0
98.0,,496.0,-403.0,-60.0,37.0,282.0,-580.0,324.0,225.0
72.0,,480.0,-390.0,-22.0,100.0,250.0,-753.0,306.0,180.0
41.0,,440.0,-346.0,16.0,183.0,225.0,-528.0,298.0,123.0
46.0,,404.0,-283.0,32.0,139.0,233.0,-838.0,296.0,62.0
51.0,,377.0,-205.0,20.0,104.0,222.0,-502.0,280.0,18.0
29.0,,339.0,-117.0,-10.0,115.0,205.0,-646.0,251.0,-28.0
20.0,,293.0,-57.0,-45.0,105.0,212.0,-535.0,207.0,-90.0
50.0,,247.0,-11.0,-66.0,58.0,184.0,-380.0,148.0,-145.0
87.0,,208.0,-5.0,-61.0,27.0,154.0,-618.0,78.0,-203.0
103.0,,150.0,-46.0,-33.0,77.0,138.0,-314.0,7.0,-236.0
131.0,,119.0,-69.0,14.0,95.0,107.0,-620.0,-58.0,-224.0
170.0,,103.0,-72.0,66.0,43.0,99.0,-386.0,-112.0,-197.0
194.0,,80.0,-121.0,103.0,25.0,90.0,-423.0,-160.0,-131.0
193.0,,78.0,-234.0,121.0,67.0,79.0,-535.0,-198.0,-44.0
174.0,,72.0,-362.0,125.0,71.0,75.0,-321.0,-227.0,35.0
166.0,,59.0,-525.0,98.0,10.0,63.0,-654.0,-272.0,103.0
167.0,,61.0,-737.0,39.0,-4.0,53.0,-412.0,-307.0,144.0
136.0,,74.0,-803.0,-18.0,4.0,69.0,-654.0,-332.0,193.0
101.0,,81.0,-838.0,-38.0,19.0,89.0,-567.0,-357.0,222.0
91.0,,121.0,-921.0,-7.0,28.0,93.0,-485.0,-381.0,228.0
99.0,,151.0,-875.0,64.0,-11.0,119.0,-670.0,-395.0,213.0
112.0,,191.0,-806.0,148.0,-4.0,146.0,-349.0,-385.0,195.0
118.0,,237.0,-736.0,221.0,48.0,173.0,-679.0,-385.0,187.0
115.0,,244.0,-602.0,264.0,14.0,177.0,-465.0,-380.0,151.0
131.0,,276.0,-439.0,264.0,-59.0,183.0,-556.0,-372.0,118.0
166.0,,279.0,-275.0,214.0,-29.0,218.0,-611.0,-404.0,87.0
176.0,,265.0,-67.0,126.0,25.0,238.0,-397.0,-443.0,46.0
190.0,,269.0,135.0,30.0,-3.0,253.0,-720.0,-471.0,12.0
219.0,,250.0,171.0,-47.0,-52.0,257.0,-415.0,-497.0,-15.0
253.0,,225.0,178.0,-86.0,-5.0,271.0,-593.0,-520.0,-46.0
257.0,,205.0,182.0,-79.0,62.0,296.0,-443.0,-527.0,-63.0
249.0,,167.0,40.0,-55.0,42.0,310.0,-419.0,-506.0,-70.0
255.0,,134.0,-79.0,-46.0,8.0,311.0,-676.0,-467.0,-60.0
235.0,,102.0,-153.0,-68.0,60.0,321.0,-495.0,-408.0,-46.0
200.0,,52.0,-254.0,-121.0,131.0,317.0,-879.0,-328.0,-56.0
161.0,,23.0,-332.0,-187.0,137.0,310.0,-611.0,-244.0,-58.0
138.0,,0.0,-366.0,-250.0,158.0,324.0,-698.0,-149.0,-58.0
97.0,,-26.0,-373.0,-291.0,204.0,321.0,-665.0,-52.0,-41.0
55.0,,-20.0,-393.0,-285.0,262.0,307.0,-487.0,25.0,-19.0
36.0,,-22.0,-331.0,-218.0,292.0,288.0,-801.0,88.0,15.0
-8.0,,-21.0,-238.0,-107.0,269.0,305.0,-484.0,129.0,79.0
-61.0,,10.0,-229.0,6.0,308.0,341.0,-711.0,136.0,157.0
-99.0,,13.0,-261.0,93.0,361.0,353.0,-489.0,116.0,262.0
-115.0,,42.0,-304.0,137.0,378.0,375.0,-485.0,80.0,345.0
-96.0,,83.0,-314.0,149.0,386.0,383.0,-668.0,16.0,408.0
-76.0,,90.0,-281.0,140.0,441.0,383.0,-478.0,-58.0,451.0
-66.0,,128.0,-282.0,121.0,488.0,384.0,-890.0,-137.0,454.0
-29.0,,171.0,-362.0,111.0,414.0,350.0,-683.0,-217.0,415.0
19.0,,189.0,-387.0,114.0,390.0,305.0,-966.0,-283.0,339.0
57.0,,205.0,-409.0,117.0,450.0,264.0,-923.0,-363.0,228.0
96.0,,233.0,-458.0,113.0,507.0,216.0,-731.0,-441.0,95.0
155.0,,229.0,-479.0,108.0,544.0,196.0,-962.0,-511.0,-42.0
213.0,,217.0,-519.0,105.0,527.0,193.0,-550.0,-557.0,-174.0
262.0,,232.0,-525.0,103.0,537.0,155.0,-744.0,-569.0,-269.0
299.0,,225.0,-529.0,83.0,605.0,138.0,-508.0,-553.0,-336.0
319.0,,235.0,-499.0,45.0,640.0,143.0,-587.0,-489.0,-370.0
340.0,,254.0,-443.0,7.0,610.0,143.0,-761.0,-422.0,-388.0
357.0,,262.0,-427.0,-20.0,612.0,151.0,-609.0,-362.0,-378.0
362.0,,281.0,-442.0,-37.0,680.0,149.0,-1003.0,-304.0,-347.0
343.0,,288.0,-422.0,-45.0,750.0,163.0,-709.0,-282.0,-316.0
309.0,,315.0,-356.0,-43.0,747.0,159.0,-975.0,-288.0,-277.0
298.0,,349.0,-304.0,-48.0,774.0,154.0,-971.0,-317.0,-262.0
271.0,,363.0,-252.0,-63.0,834.0,166.0,-888.0,-351.0,-231.0
209.0,,381.0,-242.0,-63.0,807.0,172.0,-1121.0,-394.0,-180.0
171.0,,401.0,-267.0,-31.0,809.0,183.0,-770.0,-430.0,-131.0
136.0,,423.0,-276.0,32.0,855.0,196.0,-1005.0,-447.0,-51.0
77.0,,414.0,-273.0,95.0,920.0,237.0,-735.0,-459.0,48.0
12.0,,412.0,-291.0,127.0,933.0,255.0,-837.0,-457.0,166.0
-12.0,,432.0,-318.0,114.0,896.0,227.0,-912.0,-446.0,291.0
-10.0,,407.0,-324.0,56.0,883.0,207.0,-667.0,-433.0,411.0
-31.0,,385.0,-321.0,-26.0,868.0,213.0,-929.0,-426.0,523.0
-42.0,,355.0,-280.0,-96.0,855.0,195.0,-554.0,-425.0,615.0
-9.0,,316.0,-226.0,-132.0,811.0,151.0,-787.0,-428.0,678.0
33.0,,283.0,-159.0,-129.0,813.0,98.0,-679.0,-438.0,679.0
65.0,,233.0,-107.0,-104.0,886.0,45.0,-602.0,-443.0,662.0
89.0,,188.0,-110.0,-72.0,914.0,16.0,-812.0,-440.0,595.0
111.0,,144.0,-130.0,-46.0,840.0,-17.0,-515.0,-433.0,444.0
152.0,,111.0,-142.0,-35.0,801.0,-23.0,-803.0,-411.0,276.0
178.0,,57.0,-153.0,-20.0,894.0,-20.0,-537.0,-381.0,86.0
169.0,,7.0,-224.0,4.0,953.0,-3.0,-674.0,-320.0,-100.0
174.0,,-33.0,-304.0,36.0,893.0,14.0,-713.0,-241.0,-258.0
175.0,,-74.0,-317.0,61.0,832.0,-32.0,-554.0,-169.0,-396.0
147.0,,-109.0,-294.0,71.0,815.0,-51.0,-829.0,-82.0,-503.0
100.0,,-141.0,-273.0,83.0,807.0,-31.0,-456.0,-7.0,-572.0
63.0,,-152.0,-273.0,105.0,792.0,-14.0,-670.0,67.0,-630.0
50.0,,-169.0,-255.0,127.0,738.0,-20.0,-450.0,145.0,-657.0
26.0,,-196.0,-196.0,145.0,734.0,-60.0,-391.0,199.0,-652.0
-35.0,,-193.0,-82.0,169.0,765.0,-93.0,-524.0,247.0,-634.0
-88.0,,-175.0,-5.0,200.0,713.0,-129.0,-240.0,288.0,-580.0
-100.0,,-210.0,-77.0,229.0,641.0,-180.0,-515.0,308.0,-532.0
-124.0,,-192.0,-180.0,248.0,689.0,-215.0,-179.0,295.0,-476.0
-196.0,,-181.0,-254.0,255.0,751.0,-232.0,-356.0,277.0,-417.0
-248.0,,-198.0,-310.0,255.0,694.0,-236.0,-399.0,265.0,-357.0
-249.0,,-165.0,-297.0,255.0,641.0,-213.0,-334.0,243.0,-270.0
-254.0,,-182.0,-295.0,261.0,658.0,-198.0,-594.0,217.0,-195.0
-286.0,,-176.0,-335.0,278.0,733.0,-182.0,-254.0,191.0,-108.0
-318.0,,-167.0,-359.0,299.0,735.0,-170.0,-535.0,168.0,-39.0
-315.0,,-175.0,-326.0,291.0,653.0,-185.0,-341.0,139.0,-2.0
-321.0,,-180.0,-297.0,242.0,628.0,-215.0,-408.0,102.0,18.0
-343.0,,-203.0,-278.0,164.0,666.0,-237.0,-487.0,61.0,23.0
-369.0,,-222.0,-209.0,71.0,659.0,-218.0,-181.0,10.0,21.0
-375.0,,-253.0,-215.0,-23.0,605.0,-213.0,-426.0,-61.0,-12.0
-347.0,,-270.0,-240.0,-114.0,653.0,-235.0,-92.0,-157.0,-27.0
-329.0,,-290.0,-241.0,-190.0,728.0,-241.0,-291.0,-245.0,-56.0
-301.0,,-283.0,-292.0,-242.0,697.0,-228.0,-238.0,-317.0,-109.0
-262.0,,-266.0,-336.0,-259.0,636.0,-247.0,-203.0,-382.0,-153.0
-212.0,,-256.0,-378.0,-243.0,631.0,-250.0,-412.0,-419.0,-217.0
-170.0,,-244.0,-377.0,-202.0,626.0,-228.0,-129.0,-429.0,-260.0
-131.0,,-254.0,-318.0,-152.0,636.0,-241.0,-476.0,-424.0,-274.0
-91.0,,-232.0,-299.0,-100.0,606.0,-233.0,-232.0,-414.0,-258.0
-65.0,,-234.0,-263.0,-45.0,563.0,-245.0,-338.0,-403.0,-190.0
-54.0,,-240.0,-170.0,4.0,609.0,-254.0,-443.0,-402.0,-101.0
-72.0,,-209.0,-118.0,38.0,621.0,-260.0,-266.0,-396.0,5.0
-72.0,,-204.0,-82.0,58.0,586.0,-255.0,-524.0,-389.0,131.0
-65.0,,-187.0,-14.0,61.0,544.0,-218.0,-238.0,-409.0,256.0
-72.0,,-162.0,72.0,48.0,542.0,-233.0,-519.0,-440.0,371.0
-85.0,,-144.0,83.0,29.0,530.0,-253.0,-384.0,-466.0,441.0
-86.0,,-133.0,21.0,7.0,513.0,-257.0,-330.0,-478.0,470.0
-86.0,,-121.0,-6.0,-17.0,494.0,-247.0,-448.0,-501.0,486.0
-100.0,,-111.0,-45.0,-37.0,472.0,-219.0,-131.0,-525.0,495.0
-93.0,,-107.0,-106.0,-50.0,499.0,-174.0,-465.0,-528.0,483.0
-83.0,,-95.0,-187.0,-68.0,441.0,-165.0,-194.0,-519.0,438.0
-76.0,,-80.0,-257.0,-113.0,393.0,-182.0,-327.0,-470.0,389.0
-57.0,,-68.0,-326.0,-193.0,431.0,-163.0,-334.0,-404.0,323.0
-25.0,,-74.0,-432.0,-282.0,468.0,-157.0,-171.0,-322.0,267.0
1.0,,-64.0,-484.0,-358.0,469.0,-149.0,-473.0,-230.0,199.0
19.0,,-68.0,-500.0,-404.0,393.0,-143.0,-153.0,-152.0,107.0
17.0,,-87.0,-471.0,-404.0,391.0,-150.0,-400.0,-77.0,29.0
0.0,,-89.0,-387.0,-368.0,446.0,-132.0,-219.0,-25.0,-41.0
-11.0,,-117.0,-314.0,-314.0,433.0,-99.0,-232.0,5.0,-93.0
-6.0,,-115.0,-241.0,-259.0,434.0,-69.0,-382.0,5.0,-131.0
9.0,,-109.0,-194.0,-215.0,416.0,-46.0,-118.0,-33.0,-128.0
10.0,,-105.0,-138.0,-189.0,371.0,-42.0,-439.0,-91.0,-113.0
31.0,,-64.0,-121.0,-180.0,334.0,-18.0,-160.0,-166.0,-94.0
26.0,,-57.0,-204.0,-188.0,290.0,42.0,-347.0,-257.0,-86.0
-18.0,,-19.0,-220.0,-207.0,267.0,95.0,-288.0,-358.0,-84.0
-56.0,,16.0,-200.0,-229.0,242.0,110.0,-134.0,-458.0,-61.0
-69.0,,19.0,-235.0,-251.0,279.0,130.0,-365.0,-539.0,-92.0
-47.0,,56.0,-295.0,-258.0,282.0,174.0,-48.0,-582.0,-147.0
-58.0,,73.0,-374.0,-218.0,246.0,181.0,-336.0,-591.0,-194.0
-63.0,,89.0,-396.0,-132.0,287.0,159.0,-145.0,-585.0,-232.0
-42.0,,117.0,-325.0,-32.0,285.0,143.0,-238.0,-560.0,-253.0
-18.0,,141.0,-249.0,45.0,246.0,144.0,-343.0,-521.0,-271.0
14.0,,152.0,-182.0,82.0,240.0,122.0,-90.0,-482.0,-307.0
2.0,,174.0,-157.0,71.0,278.0,81.0,-358.0,-428.0,-344.0
-2.0,,168.0,-183.0,18.0,250.0,74.0,7.0,-359.0,-357.0
46.0,,144.0,-121.0,-46.0,194.0,87.0,-171.0,-278.0,-390.0
93.0,,143.0,-66.0,-84.0,214.0,102.0,-83.0,-186.0,-411.0
108.0,,91.0,-81.0,-72.0,233.0,101.0,-22.0,-91.0,-402.0
117.0,,67.0,-44.0,-25.0,238.0,125.0,-295.0,-4.0,-410.0
173.0,,28.0,-15.0,36.0,189.0,168.0,44.0,80.0,-430.0
231.0,,-20.0,-4.0,92.0,189.0,189.0,-203.0,169.0,-447.0
225.0,,-58.0,27.0,118.0,255.0,190.0,12.0,254.0,-462.0
186.0,,-131.0,13.0,110.0,240.0,166.0,-88.0,333.0,-488.0
174.0,,-180.0,2.0,81.0,157.0,159.0,-175.0,401.0,-511.0
198.0,,-269.0,0.0,44.0,154.0,163.0,38.0,461.0,-514.0
197.0,,-350.0,-22.0,1.0,246.0,140.0,-240.0,502.0,-485.0
172.0,,-405.0,-86.0,-51.0,242.0,109.0,125.0,541.0,-451.0
173.0,,-474.0,-164.0,-114.0,136.0,97.0,-40.0,593.0,-418.0
167.0,,-535.0,-177.0,-170.0,52.0,93.0,103.0,618.0,-348.0
121.0,,-560.0,-239.0,-206.0,49.0,83.0,201.0,609.0,-281.0
67.0,,-598.0,-335.0,-208.0,46.0,68.0,11.0,578.0,-200.0
26.0,,-621.0,-390.0,-165.0,37.0,69.0,332.0,521.0,-107.0
-4.0,,-625.0,-432.0,-96.0,6.0,42.0,31.0,446.0,-34.0
-55.0,,-642.0,-427.0,-17.0,-26.0,-2.0,254.0,376.0,31.0
-102.0,,-611.0,-411.0,70.0,31.0,-5.0,116.0,314.0,62.0
-130.0,,-619.0,-410.0,162.0,35.0,-13.0,84.0,238.0,77.0
-153.0,,-599.0,-401.0,245.0,-26.0,-28.0,314.0,150.0,72.0
-167.0,,-547.0,-372.0,310.0,-35.0,-42.0,20.0,44.0,63.0
-200.0,,-526.0,-334.0,338.0,-4.0,-54.0,330.0,-49.0,51.0
-236.0,,-472.0,-244.0,317.0,-31.0,-49.0,66.0,-126.0,44.0
-262.0,,-423.0,-162.0,243.0,-98.0,-32.0,229.0,-197.0,44.0
-289.0,,-381.0,-191.0,128.0,-152.0,-17.0,280.0,-241.0,40.0
-312.0,,-347.0,-226.0,0.0,-192.0,-16.0,59.0,-272.0,19.0
-348.0,,-308.0,-232.0,-107.0,-148.0,-20.0,284.0,-261.0,-48.0
-365.0,,-287.0,-236.0,-165.0,-106.0,-23.0,-86.0,-232.0,-139.0
-368.0,,-252.0,-217.0,-188.0,-112.0,-17.0,157.0,-198.0,-280.0
-372.0,,-213.0,-228.0,-191.0,-124.0,-18.0,38.0,-135.0,-429.0
-370.0,,-202.0,-290.0,-180.0,-144.0,-42.0,120.0,-67.0,-561.0
-360.0,,-155.0,-375.0,-167.0,-134.0,-54.0,369.0,10.0,-669.0
-324.0,,-110.0,-449.0,-160.0,-62.0,-95.0,182.0,95.0,-739.0
-277.0,,-86.0,-543.0,-158.0,-15.0,-117.0,513.0,164.0,-776.0
-245.0,,-52.0,-652.0,-152.0,-81.0,-110.0,160.0,207.0,-751.0
-224.0,,-37.0,-710.0,-131.0,-160.0,-142.0,286.0,241.0,-706.0
-192.0,,-37.0,-787.0,-83.0,-156.0,-143.0,238.0,259.0,-642.0
-154.0,,-10.0,-876.0,-14.0,-111.0,-153.0,94.0,270.0,-583.0
-107.0,,-20.0,-909.0,46.0,-181.0,-196.0,306.0,281.0,-519.0
-71.0,,-13.0,-911.0,79.0,-259.0,-257.0,-46.0,283.0,-466.0
-21.0,,-7.0,-927.0,79.0,-223.0,-306.0,218.0,282.0,-431.0
42.0,,-32.0,-948.0,56.0,-152.0,-321.0,49.0,274.0,-393.0
79.0,,-17.0,-927.0,27.0,-135.0,-338.0,227.0,272.0,-368.0
117.0,,-40.0,-886.0,1.0,-194.0,-324.0,410.0,265.0,-314.0
140.0,,-33.0,-775.0,-16.0,-183.0,-335.0,225.0,260.0,-261.0
159.0,,-11.0,-674.0,-23.0,-166.0,-342.0,545.0,247.0,-210.0
178.0,,-13.0,-640.0,-10.0,-189.0,-363.0,229.0,227.0,-166.0
203.0,,14.0,-598.0,33.0,-212.0,-375.0,489.0,232.0,-144.0
222.0,,11.0,-559.0,101.0,-235.0,-369.0,460.0,244.0,-131.0
198.0,,28.0,-461.0,186.0,-190.0,-434.0,373.0,261.0,-166.0
182.0,,48.0,-431.0,278.0,-175.0,-458.0,548.0,278.0,-217.0
184.0,,32.0,-463.0,362.0,-196.0,-467.0,194.0,283.0,-284.0
179.0,,35.0,-491.0,408.0,-181.0,-497.0,463.0,303.0,-350.0
159.0,,19.0,-574.0,398.0,-135.0,-542.0,234.0,331.0,-400.0
139.0,,-16.0,-608.0,332.0,-129.0,-583.0,351.0,346.0,-416.0
141.0,,-51.0,-653.0,217.0,-147.0,-603.0,408.0,364.0,-356.0
129.0,,-94.0,-677.0,81.0,-132.0,-633.0,147.0,386.0,-281.0
102.0,,-135.0,-620.0,-59.0,-122.0,-651.0,395.0,401.0,-172.0
83.0,,-174.0,-555.0,-190.0,-131.0,-680.0,29.0,412.0,-34.0
49.0,,-201.0,-502.0,-287.0,-217.0,-723.0,299.0,422.0,60.0
15.0,,-211.0,-481.0,-349.0,-283.0,-773.0,273.0,406.0,132.0
-4.0,,-228.0,-428.0,-382.0,-250.0,-772.0,253.0,361.0,160.0
-32.0,,-218.0,-356.0,-396.0,-264.0,-761.0,460.0,315.0,140.0
-47.0,,-205.0,-290.0,-392.0,-352.0,-785.0,157.0,245.0,96.0
-43.0,,-196.0,-266.0,-360.0,-329.0,-807.0,439.0,151.0,22.0
-43.0,,-189.0,-331.0,-310.0,-257.0,-811.0,223.0,71.0,-56.0
-63.0,,-190.0,-396.0,-252.0,-261.0,-763.0,391.0,-7.0,-149.0
-82.0,,-175.0,-402.0,-188.0,-274.0,-738.0,388.0,-80.0,-248.0
-78.0,,-183.0,-377.0,-128.0,-294.0,-747.0,158.0,-132.0,-315.0
-79.0,,-184.0,-376.0,-88.0,-266.0,-752.0,323.0,-178.0,-366.0
-80.0,,-191.0,-376.0,-70.0,-260.0,-747.0,-125.0,-221.0,-418.0
-75.0,,-199.0,-366.0,-65.0,-266.0,-754.0,51.0,-264.0,-477.0
-65.0,,-199.0,-359.0,-64.0,-227.0,-800.0,-121.0,-298.0,-526.0
-76.0,,-228.0,-355.0,-63.0,-279.0,-835.0,-90.0,-323.0,-603.0
-98.0,,-220.0,-313.0,-50.0,-344.0,-866.0,103.0,-342.0,-707.0
-84.0,,-218.0,-250.0,-32.0,-416.0,-892.0,-86.0,-335.0,-804.0
-77.0,,-228.0,-231.0,-11.0,-475.0,-929.0,266.0,-307.0,-935.0
-97.0,,-209.0,-176.0,13.0,-427.0,-980.0,-33.0,-259.0,-1052.0
-132.0,,-213.0,-173.0,31.0,-365.0,-984.0,133.0,-207.0,-1151.0
-136.0,,-215.0,-225.0,43.0,-400.0,-957.0,123.0,-162.0,-1242.0
-140.0,,-226.0,-254.0,49.0,-439.0,-928.0,31.0,-111.0,-1274.0
-165.0,,-209.0,-266.0,51.0,-384.0,-919.0,312.0,-66.0,-1290.0
-161.0,,-179.0,-230.0,42.0,-360.0,-929.0,-5.0,-47.0,-1279.0
-169.0,,-175.0,-238.0,13.0,-360.0,-917.0,267.0,-30.0,-1240.0
-179.0,,-121.0,-204.0,-28.0,-423.0,-894.0,-11.0,-13.0,-1200.0
-187.0,,-96.0,-174.0,-70.0,-493.0,-875.0,-107.0,-19.0,-1148.0
-199.0,,-59.0,-220.0,-102.0,-446.0,-868.0,-62.0,-33.0,-1095.0
-221.0,,5.0,-232.0,-117.0,-507.0,-885.0,-301.0,-41.0,-1039.0
-251.0,,48.0,-268.0,-115.0,-619.0,-876.0,55.0,-61.0,-1006.0
-251.0,,117.0,-262.0,-109.0,-636.0,-866.0,-155.0,-101.0,-981.0
-262.0,,180.0,-185.0,-108.0,-585.0,-858.0,131.0,-146.0,-964.0
-282.0,,233.0,-94.0,-106.0,-562.0,-846.0,94.0,-185.0,-961.0
-288.0,,273.0,5.0,-98.0,-632.0,-860.0,-5.0,-213.0,-969.0
-304.0,,314.0,38.0,-89.0,-637.0,-855.0,186.0,-237.0,-983.0
-333.0,,320.0,29.0,-81.0,-561.0,-868.0,-229.0,-251.0,-1008.0
-368.0,,328.0,59.0,-80.0,-479.0,-908.0,3.0,-242.0,-1029.0
-394.0,,341.0,64.0,-88.0,-519.0,-920.0,-197.0,-220.0,-1043.0
-427.0,,312.0,-10.0,-99.0,-561.0,-920.0,-88.0,-168.0,-1085.0
-463.0,,318.0,-74.0,-101.0,-515.0,-936.0,-5.0,-131.0,-1137.0
-497.0,,292.0,-197.0,-78.0,-502.0,-930.0,-280.0,-104.0,-1208.0
-544.0,,276.0,-370.0,-36.0,-479.0,-923.0,-35.0,-65.0,-1288.0
-586.0,,276.0,-475.0,-1.0,-557.0,-955.0,-395.0,-33.0,-1352.0
-618.0,,251.0,-592.0,1.0,-611.0,-953.0,-134.0,25.0,-1378.0
-635.0,,253.0,-631.0,-31.0,-596.0,-921.0,-186.0,88.0,-1375.0
-638.0,,216.0,-563.0,-81.0,-638.0,-895.0,-267.0,152.0,-1354.0
-650.0,,179.0,-502.0,-117.0,-674.0,-891.0,-35.0,215.0,-1283.0
-656.0,,154.0,-422.0,-120.0,-696.0,-899.0,-332.0,254.0,-1201.0
-649.0,,114.0,-374.0,-90.0,-630.0,-862.0,11.0,303.0,-1093.0
-637.0,,68.0,-338.0,-40.0,-569.0,-822.0,-210.0,346.0,-970.0
-610.0,,51.0,-287.0,28.0,-553.0,-811.0,-123.0,349.0,-854.0
-568.0,,46.0,-210.0,100.0,-560.0,-782.0,-72.0,341.0,-721.0
-532.0,,23.0,-152.0,138.0,-567.0,-776.0,-286.0,327.0,-591.0
-481.0,,25.0,-168.0,138.0,-546.0,-794.0,-31.0,288.0,-477.0
-423.0,,20.0,-169.0,105.0,-546.0,-788.0,-354.0,245.0,-372.0
-390.0,,20.0,-196.0,64.0,-507.0,-803.0,-88.0,187.0,-288.0
-373.0,,24.0,-228.0,35.0,-513.0,-838.0,-266.0,95.0,-243.0
-344.0,,39.0,-250.0,14.0,-540.0,-860.0,-306.0,0.0,-191.0
-290.0,,45.0,-324.0,1.0,-479.0,-895.0,-155.0,-105.0,-149.0
-253.0,,47.0,-356.0,0.0,-379.0,-927.0,-474.0,-219.0,-123.0
-237.0,,67.0,-346.0,29.0,-340.0,-941.0,-129.0,-317.0,-77.0
-226.0,,78.0,-362.0,79.0,-392.0,-936.0,-417.0,-392.0,-37.0
-216.0,,103.0,-362.0,110.0,-396.0,-914.0,-267.0,-453.0,-2.0
-219.0,,120.0,-341.0,93.0,-317.0,-886.0,-282.0,-521.0,22.0
-246.0,,136.0,-235.0,32.0,-296.0,-825.0,-456.0,-565.0,44.0
-248.0,,144.0,-54.0,-34.0,-304.0,-763.0,-142.0,-576.0,63.0
-234.0,,149.0,42.0,-67.0,-278.0,-716.0,-437.0,-552.0,82.0
-227.0,,155.0,51.0,-58.0,-297.0,-663.0,-173.0,-479.0,107.0
-221.0,,147.0,12.0,-23.0,-284.0,-619.0,-441.0,-385.0,119.0
-228.0,,141.0,-50.0,18.0,-282.0,-573.0,-493.0,-275.0,134.0
-223.0,,138.0,-94.0,52.0,-253.0,-575.0,-400.0,-158.0,144.0
-193.0,,142.0,-107.0,70.0,-162.0,-581.0,-670.0,-42.0,119.0
-184.0,,147.0,-118.0,70.0,-128.0,-545.0,-299.0,49.0,91.0
-187.0,,155.0,-156.0,58.0,-143.0,-531.0,-543.0,121.0,68.0
-147.0,,143.0,-179.0,34.0,-164.0,-525.0,-304.0,182.0,36.0
-101.0,,139.0,-204.0,1.0,-90.0,-545.0,-317.0,210.0,28.0
-89.0,,131.0,-192.0,-19.0,-58.0,-567.0,-458.0,226.0,26.0
-88.0,,97.0,-173.0,-17.0,-73.0,-557.0,-253.0,228.0,36.0
-50.0,,67.0,-221.0,-14.0,-59.0,-528.0,-569.0,216.0,46.0
9.0,,57.0,-234.0,-35.0,-33.0,-443.0,-290.0,211.0,36.0
39.0,,30.0,-235.0,-79.0,-6.0,-367.0,-522.0,189.0,1.0
56.0,,17.0,-276.0,-128.0,-46.0,-312.0,-443.0,180.0,-60.0
61.0,,57.0,-328.0,-162.0,-21.0,-230.0,-343.0,204.0,-137.0
74.0,,62.0,-365.0,-173.0,10.0,-169.0,-578.0,262.0,-211.0
85.0,,71.0,-359.0,-163.0,46.0,-135.0,-297.0,332.0,-276.0
73.0,,93.0,-349.0,-126.0,43.0,-87.0,-644.0,425.0,-340.0
76.0,,72.0,-315.0,-61.0,-85.0,-44.0,-430.0,536.0,-382.0
83.0,,75.0,-311.0,9.0,-73.0,-77.0,-519.0,607.0,-413.0
95.0,,73.0,-375.0,71.0,4.0,-121.0,-602.0,638.0,-443.0
90.0,,34.0,-394.0,110.0,10.0,-132.0,-395.0,624.0,-469.0
72.0,,29.0,-386.0,114.0,8.0,-136.0,-737.0,597.0,-502.0
69.0,,5.0,-355.0,94.0,-29.0,-146.0,-469.0,547.0,-534.0
39.0,,-48.0,-273.0,56.0,-37.0,-190.0,-727.0,471.0,-557.0
-6.0,,-93.0,-199.0,3.0,-59.0,-177.0,-607.0,392.0,-614.0
-32.0,,-154.0,-167.0,-52.0,-137.0,-150.0,-504.0,313.0,-660.0
-45.0,,-195.0,-141.0,-103.0,-112.0,-155.0,-641.0,242.0,-698.0
-56.0,,-247.0,-79.0,-144.0,-43.0,-143.0,-310.0,149.0,-738.0
-64.0,,-271.0,0.0,-182.0,-43.0,-110.0,-618.0,67.0,-717.0
-60.0,,-271.0,30.0,-219.0,-47.0,-77.0,-432.0,-3.0,-685.0
-30.0,,-286.0,62.0,-246.0,-62.0,-73.0,-676.0,-62.0,-611.0
-27.0,,-269.0,124.0,-247.0,-49.0,-56.0,-757.0,-103.0,-519.0
-56.0,,-261.0,132.0,-206.0,-46.0,-51.0,-617.0,-127.0,-407.0
-58.0,,-253.0,141.0,-127.0,-68.0,-40.0,-894.0,-122.0,-256.0
-60.0,,-254.0,109.0,-35.0,-116.0,-28.0,-556.0,-121.0,-120.0
-92.0,,-271.0,29.0,49.0,-166.0,-32.0,-846.0,-108.0,29.0
-126.0,,-305.0,-7.0,107.0,-110.0,-36.0,-683.0,-99.0,177.0
-129.0,,-342.0,-36.0,119.0,-78.0,-38.0,-663.0,-102.0,317.0
-138.0,,-358.0,-18.0,80.0,-38.0,3.0,-785.0,-101.0,446.0
-182.0,,-385.0,-5.0,2.0,0.0,14.0,-485.0,-123.0,542.0
-221.0,,-388.0,-85.0,-81.0,-29.0,20.0,-800.0,-164.0,635.0
-255.0,,-379.0,-169.0,-141.0,-47.0,52.0,-476.0,-211.0,722.0
-318.0,,-349.0,-184.0,-162.0,-54.0,56.0,-600.0,-268.0,767.0
-368.0,,-327.0,-157.0,-131.0,-4.0,67.0,-556.0,-326.0,825.0
-391.0,,-311.0,-96.0,-53.0,33.0,122.0,-402.0,-386.0,891.0
-428.0,,-254.0,-40.0,47.0,30.0,186.0,-676.0,-444.0,930.0
-462.0,,-215.0,-12.0,143.0,37.0,218.0,-413.0,-491.0,977.0
-492.0,,-173.0,51.0,218.0,61.0,221.0,-755.0,-518.0,1014.0
-522.0,,-112.0,103.0,259.0,52.0,210.0,-593.0,-519.0,1055.0
-559.0,,-59.0,119.0,256.0,50.0,220.0,-672.0,-498.0,1107.0
-573.0,,-2.0,159.0,207.0,111.0,243.0,-744.0,-442.0,1130.0
-573.0,,58.0,215.0,130.0,79.0,277.0,-404.0,-365.0,1080.0
-598.0,,92.0,232.0,55.0,13.0,308.0,-683.0,-272.0,1011.0
-598.0,,121.0,178.0,-7.0,43.0,293.0,-343.0,-164.0,936.0
-568.0,,141.0,134.0,-38.0,82.0,319.0,-508.0,-41.0,823.0
-542.0,,144.0,89.0,-35.0,32.0,387.0,-419.0,80.0,725.0
-527.0,,151.0,35.0,-16.0,14.0,407.0,-338.0,181.0,605.0
-502.0,,132.0,-17.0,9.0,63.0,414.0,-556.0,295.0,476.0
-466.0,,148.0,-39.0,20.0,63.0,405.0,-240.0,392.0,373.0
-435.0,,174.0,0.0,5.0,96.0,392.0,-522.0,457.0,281.0
-426.0,,179.0,-29.0,-28.0,114.0,411.0,-210.0,502.0,188.0
-398.0,,211.0,-80.0,-58.0,91.0,433.0,-262.0,525.0,90.0
-363.0,,210.0,-107.0,-63.0,127.0,436.0,-301.0,527.0,26.0
-340.0,,212.0,-163.0,-50.0,183.0,426.0,-107.0,509.0,-32.0
-314.0,,219.0,-209.0,-17.0,186.0,434.0,-476.0,483.0,-71.0
-307.0,,197.0,-273.0,24.0,148.0,461.0,-201.0,439.0,-110.0
-286.0,,176.0,-362.0,60.0,173.0,469.0,-424.0,427.0,-142.0
-253.0,,167.0,-471.0,78.0,223.0,450.0,-269.0,413.0,-135.0
-224.0,,145.0,-524.0,71.0,189.0,435.0,-173.0,384.0,-121.0
-201.0,,125.0,-471.0,50.0,141.0,449.0,-288.0,383.0,-79.0
-165.0,,123.0,-418.0,31.0,145.0,479.0,46.0,363.0,-34.0
-108.0,,87.0,-363.0,29.0,149.0,511.0,-286.0,346.0,32.0
-86.0,,64.0,-295.0,54.0,144.0,512.0,-11.0,333.0,83.0
-74.0,,13.0,-228.0,110.0,169.0,514.0,-96.0,305.0,111.0
-33.0,,-53.0,-121.0,176.0,218.0,567.0,-103.0,278.0,151.0
23.0,,-110.0,36.0,233.0,277.0,596.0,125.0,240.0,178.0
64.0,,-198.0,199.0,280.0,262.0,609.0,-155.0,203.0,217.0
56.0,,-264.0,337.0,306.0,265.0,621.0,145.0,162.0,260.0
40.0,,-324.0,472.0,290.0,334.0,648.0,-92.0,131.0,294.0
31.0,,-362.0,580.0,225.0,329.0,698.0,36.0,107.0,296.0
-5.0,,-377.0,666.0,130.0,306.0,729.0,33.0,76.0,276.0
-45.0,,-378.0,723.0,38.0,337.0,754.0,-86.0,61.0,255.0
-60.0,,-359.0,707.0,-19.0,398.0,765.0,194.0,44.0,228.0
-63.0,,-326.0,690.0,-33.0,440.0,786.0,-127.0,38.0,204.0
-64.0,,-301.0,593.0,-14.0,445.0,780.0,205.0,39.0,183.0
-64.0,,-279.0,451.0,8.0,427.0,770.0,31.0,52.0,153.0
-55.0,,-213.0,369.0,15.0,442.0,802.0,57.0,72.0,103.0
-26.0,,-149.0,238.0,13.0,488.0,816.0,225.0,76.0,60.0
36.0,,-90.0,104.0,9.0,487.0,837.0,-35.0,86.0,2.0
85.0,,-14.0,27.0,7.0,467.0,878.0,338.0,89.0,-105.0
133.0,,50.0,-10.0,2.0,441.0,900.0,31.0,123.0,-205.0
221.0,,96.0,-38.0,-9.0,446.0,909.0,175.0,180.0,-302.0
283.0,,140.0,-58.0,-22.0,465.0,933.0,120.0,202.0,-400.0
327.0,,151.0,-41.0,-22.0,455.0,958.0,18.0,214.0,-471.0
364.0,,161.0,26.0,2.0,472.0,998.0,323.0,221.0,-521.0
403.0,,140.0,135.0,29.0,510.0,1039.0,18.0,219.0,-533.0
432.0,,99.0,270.0,42.0,536.0,1040.0,301.0,200.0,-497.0
435.0,,101.0,382.0,42.0,546.0,1058.0,70.0,161.0,-430.0
466.0,,48.0,428.0,32.0,561.0,1073.0,127.0,125.0,-325.0
483.0,,28.0,480.0,5.0,582.0,1051.0,169.0,110.0,-192.0
457.0,,17.0,541.0,-35.0,510.0,1028.0,-147.0,94.0,-49.0
421.0,,-29.0,526.0,-79.0,422.0,1010.0,158.0,83.0,75.0
398.0,,-31.0,450.0,-111.0,429.0,1016.0,-142.0,75.0,149.0
380.0,,-58.0,457.0,-122.0,444.0,1031.0,11.0,56.0,208.0
345.0,,-59.0,455.0,-104.0,444.0,1015.0,-116.0,35.0,237.0
302.0,,-58.0,367.0,-56.0,390.0,1027.0,-138.0,-3.0,230.0
269.0,,-60.0,367.0,5.0,354.0,1068.0,109.0,-50.0,222.0
232.0,,-28.0,348.0,57.0,402.0,1102.0,-175.0,-98.0,184.0
178.0,,5.0,271.0,91.0,436.0,1143.0,166.0,-161.0,176.0
119.0,,30.0,228.0,97.0,441.0,1156.0,-57.0,-225.0,207.0
63.0,,64.0,185.0,82.0,395.0,1148.0,79.0,-280.0,261.0
21.0,,91.0,181.0,54.0,348.0,1153.0,157.0,-314.0,346.0
0.0,,72.0,133.0,12.0,315.0,1170.0,-59.0,-336.0,460.0
-46.0,,60.0,41.0,-43.0,256.0,1191.0,182.0,-337.0,590.0
-137.0,,29.0,24.0,-81.0,229.0,1189.0,-195.0,-308.0,695.0
-186.0,,-3.0,60.0,-77.0,223.0,1199.0,-57.0,-267.0,801.0
-220.0,,-16.0,58.0,-24.0,213.0,1237.0,-262.0,-202.0,881.0
-285.0,,-35.0,-25.0,70.0,194.0,1246.0,-260.0,-146.0,947.0
-340.0,,-34.0,-48.0,177.0,168.0,1243.0,-44.0,-104.0,1021.0
-377.0,,-23.0,-24.0,260.0,166.0,1248.0,-277.0,-48.0,1073.0
-394.0,,0.0,42.0,298.0,170.0,1267.0,81.0,4.0,1115.0
-388.0,,30.0,148.0,280.0,120.0,1301.0,-173.0,69.0,1129.0
-348.0,,50.0,195.0,231.0,31.0,1294.0,24.0,124.0,1154.0
-333.0,,96.0,293.0,186.0,29.0,1257.0,31.0,180.0,1174.0
-317.0,,156.0,368.0,166.0,103.0,1215.0,-160.0,247.0,1174.0
-255.0,,172.0,336.0,173.0,127.0,1159.0,123.0,309.0,1159.0
-196.0,,224.0,320.0,205.0,141.0,1115.0,-157.0,373.0,1102.0
-160.0,,266.0,321.0,245.0,166.0,1091.0,155.0,430.0,1028.0
-144.0,,271.0,266.0,274.0,122.0,1060.0,-22.0,488.0,920.0
-110.0,,321.0,267.0,273.0,75.0,1027.0,-24.0,518.0,814.0
-81.0,,336.0,262.0,230.0,118.0,1022.0,83.0,539.0,714.0
-87.0,,360.0,200.0,155.0,137.0,1027.0,-149.0,546.0,647.0
-82.0,,394.0,226.0,67.0,83.0,1013.0,199.0,511.0,643.0
-63.0,,370.0,261.0,-18.0,59.0,1005.0,-120.0,453.0,666.0
-55.0,,388.0,299.0,-87.0,85.0,1010.0,83.0,383.0,706.0
-48.0,,369.0,345.0,-145.0,116.0,1003.0,24.0,321.0,748.0
-19.0,,336.0,370.0,-192.0,87.0,978.0,-36.0,242.0,796.0
4.0,,338.0,375.0,-226.0,24.0,928.0,317.0,153.0,822.0
23.0,,280.0,370.0,-251.0,53.0,875.0,96.0,71.0,848.0
33.0,,267.0,384.0,-263.0,93.0,812.0,463.0,16.0,881.0
35.0,,243.0,380.0,-262.0,50.0,777.0,192.0,-18.0,921.0
59.0,,199.0,325.0,-235.0,-11.0,749.0,242.0,-40.0,945.0
78.0,,170.0,235.0,-178.0,-39.0,674.0,319.0,-29.0,960.0
95.0,,115.0,155.0,-105.0,-20.0,613.0,83.0,-7.0,1010.0
113.0,,74.0,63.0,-25.0,-6.0,546.0,485.0,20.0,1049.0
134.0,,17.0,-45.0,46.0,-33.0,481.0,238.0,42.0,1092.0
173.0,,-33.0,-102.0,99.0,-50.0,447.0,461.0,58.0,1135.0
188.0,,-84.0,-135.0,138.0,33.0,420.0,352.0,60.0,1157.0
198.0,,-135.0,-229.0,168.0,111.0,410.0,323.0,41.0,1180.0
236.0,,-187.0,-270.0,196.0,38.0,384.0,546.0,4.0,1171.0
281.0,,-233.0,-265.0,217.0,-58.0,366.0,288.0,-45.0,1127.0
299.0,,-288.0,-293.0,239.0,-70.0,405.0,679.0,-88.0,1066.0
288.0,,-331.0,-273.0,246.0,-75.0,440.0,506.0,-110.0,995.0
293.0,,-370.0,-217.0,221.0,-120.0,452.0,700.0,-115.0,935.0
321.0,,-429.0,-145.0,185.0,-190.0,475.0,707.0,-122.0,883.0
332.0,,-453.0,-38.0,161.0,-236.0,494.0,495.0,-117.0,864.0
331.0,,-490.0,57.0,158.0,-217.0,507.0,752.0,-111.0,914.0
338.0,,-540.0,93.0,163.0,-198.0,502.0,393.0,-114.0,1019.0
327.0,,-554.0,129.0,167.0,-223.0,509.0,722.0,-124.0,1154.0
302.0,,-571.0,202.0,165.0,-291.0,517.0,648.0,-142.0,1317.0
268.0,,-588.0,251.0,147.0,-273.0,498.0,716.0,-161.0,1511.0
232.0,,-587.0,311.0,119.0,-190.0,477.0,933.0,-199.0,1683.0
198.0,,-597.0,341.0,83.0,-219.0,459.0,650.0,-251.0,1824.0
186.0,,-605.0,288.0,38.0,-265.0,424.0,934.0,-311.0,1904.0
178.0,,-605.0,209.0,-2.0,-280.0,389.0,602.0,-369.0,1907.0
161.0,,-602.0,107.0,-30.0,-274.0,375.0,733.0,-428.0,1860.0
169.0,,-593.0,58.0,-56.0,-306.0,322.0,740.0,-472.0,1752.0
172.0,,-579.0,43.0,-83.0,-376.0,306.0,700.0,-470.0,1600.0
151.0,,-565.0,-3.0,-111.0,-358.0,353.0,1032.0,-441.0,1408.0
143.0,,-568.0,-27.0,-127.0,-303.0,342.0,752.0,-397.0,1208.0
135.0,,-574.0,-38.0,-124.0,-259.0,306.0,1018.0,-322.0,993.0
94.0,,-586.0,-72.0,-109.0,-248.0,293.0,788.0,-237.0,785.0
51.0,,-604.0,-128.0,-91.0,-277.0,263.0,848.0,-160.0,594.0
49.0,,-609.0,-194.0,-83.0,-327.0,218.0,1001.0,-91.0,411.0
58.0,,-613.0,-258.0,-87.0,-369.0,204.0,790.0,-24.0,280.0
41.0,,-608.0,-283.0,-91.0,-411.0,227.0,1108.0,40.0,167.0
33.0,,-587.0,-313.0,-85.0,-427.0,227.0,842.0,104.0,78.0
62.0,,-560.0,-344.0,-69.0,-404.0,189.0,1080.0,183.0,29.0
78.0,,-528.0,-349.0,-44.0,-427.0,163.0,1006.0,253.0,0.0
35.0,,-489.0,-379.0,-10.0,-423.0,140.0,877.0,299.0,-32.0
-25.0,,-417.0,-380.0,35.0,-406.0,101.0,1051.0,342.0,-45.0
-56.0,,-363.0,-315.0,80.0,-440.0,56.0,729.0,358.0,-22.0
-86.0,,-290.0,-256.0,108.0,-444.0,28.0,1071.0,356.0,-3.0
-127.0,,-189.0,-226.0,103.0,-399.0,0.0,872.0,350.0,36.0
-140.0,,-116.0,-185.0,53.0,-368.0,-49.0,921.0,332.0,97.0
-118.0,,-15.0,-103.0,-32.0,-417.0,-84.0,975.0,332.0,179.0
-81.0,,69.0,-3.0,-122.0,-476.0,-129.0,794.0,332.0,273.0
-42.0,,164.0,64.0,-177.0,-480.0,-151.0,1132.0,338.0,364.0
0.0,,256.0,93.0,-186.0,-473.0,-176.0,909.0,353.0,487.0
34.0,,298.0,130.0,-164.0,-504.0,-199.0,1250.0,374.0,615.0
75.0,,349.0,159.0,-147.0,-546.0,-202.0,1180.0,409.0,768.0
124.0,,359.0,183.0,-154.0,-518.0,-216.0,1145.0,437.0,948.0
159.0,,360.0,223.0,-170.0,-448.0,-188.0,1291.0,457.0,1115.0
193.0,,340.0,140.0,-172.0,-396.0,-165.0,947.0,469.0,1292.0
210.0,,292.0,75.0,-164.0,-361.0,-176.0,1243.0,456.0,1468.0
211.0,,246.0,121.0,-157.0,-394.0,-206.0,936.0,407.0,1596.0
213.0,,175.0,115.0,-157.0,-425.0,-205.0,1062.0,337.0,1641.0
209.0,,124.0,157.0,-171.0,-382.0,-186.0,1145.0,264.0,1634.0
201.0,,44.0,222.0,-185.0,-388.0,-208.0,1064.0,181.0,1549.0
158.0,,-17.0,277.0,-185.0,-423.0,-201.0,1391.0,78.0,1383.0
87.0,,-77.0,344.0,-162.0,-396.0,-202.0,1073.0,-29.0,1185.0
50.0,,-150.0,369.0,-137.0,-342.0,-217.0,1396.0,-120.0,963.0
8.0,,-184.0,410.0,-141.0,-418.0,-176.0,1319.0,-200.0,790.0
-70.0,,-235.0,378.0,-161.0,-534.0,-157.0,1374.0,-259.0,642.0
-112.0,,-266.0,346.0,-158.0,-492.0,-167.0,1502.0,-277.0,534.0
-143.0,,-287.0,321.0,-117.0,-422.0,-169.0,1160.0,-275.0,498.0
-173.0,,-289.0,158.0,-53.0,-403.0,-183.0,1437.0,-243.0,505.0
-178.0,,-281.0,10.0,24.0,-417.0,-188.0,1103.0,-192.0,533.0
-197.0,,-281.0,-162.0,112.0,-386.0,-207.0,1252.0,-132.0,546.0
-219.0,,-261.0,-315.0,195.0,-326.0,-226.0,1241.0,-60.0,564.0
-234.0,,-259.0,-393.0,263.0,-317.0,-236.0,1106.0,6.0,572.0
-219.0,,-267.0,-491.0,296.0,-347.0,-263.0,1350.0,70.0,520.0
-212.0,,-268.0,-525.0,289.0,-410.0,-286.0,1018.0,114.0,423.0
-207.0,,-282.0,-553.0,251.0,-399.0,-306.0,1239.0,140.0,309.0
-162.0,,-294.0,-566.0,197.0,-346.0,-334.0,955.0,141.0,192.0
-124.0,,-290.0,-470.0,151.0,-354.0,-366.0,946.0,121.0,73.0
-96.0,,-305.0,-342.0,115.0,-369.0,-381.0,1012.0,93.0,-14.0
-60.0,,-295.0,-174.0,84.0,-343.0,-403.0,788.0,59.0,-52.0
-14.0,,-293.0,-36.0,62.0,-327.0,-417.0,1164.0,17.0,-86.0
4.0,,-308.0,-42.0,50.0,-328.0,-420.0,899.0,-26.0,-78.0
8.0,,-301.0,-62.0,40.0,-309.0,-425.0,1121.0,-47.0,-5.0
26.0,,-322.0,-92.0,18.0,-244.0,-405.0,1014.0,-45.0,87.0
34.0,,-312.0,-151.0,-16.0,-227.0,-409.0,838.0,-21.0,185.0
20.0,,-305.0,-134.0,-49.0,-332.0,-409.0,1014.0,5.0,287.0
8.0,,-284.0,-124.0,-73.0,-404.0,-413.0,718.0,20.0,404.0
8.0,,-280.0,-185.0,-92.0,-444.0,-426.0,994.0,39.0,542.0
1.0,,-277.0,-223.0,-98.0,-455.0,-440.0,689.0,46.0,689.0
-6.0,,-269.0,-197.0,-90.0,-459.0,-487.0,720.0,46.0,808.0
-2.0,,-290.0,-162.0,-65.0,-475.0,-512.0,703.0,44.0,931.0
27.0,,-284.0,-152.0,-28.0,-388.0,-518.0,447.0,28.0,1033.0
56.0,,-305.0,-96.0,16.0,-306.0,-516.0,744.0,0.0,1077.0
71.0,,-299.0,0.0,75.0,-260.0,-542.0,452.0,-41.0,1085.0
83.0,,-317.0,0.0,134.0,-250.0,-553.0,724.0,-86.0,1058.0
102.0,,-322.0,3.0,183.0,-318.0,-520.0,631.0,-135.0,1003.0
101.0,,-295.0,10.0,215.0,-333.0,-522.0,624.0,-177.0,910.0
66.0,,-295.0,-70.0,226.0,-366.0,-536.0,794.0,-201.0,800.0
46.0,,-275.0,-145.0,213.0,-414.0,-528.0,461.0,-230.0,703.0
38.0,,-275.0,-227.0,184.0,-397.0,-522.0,757.0,-226.0,616.0
5.0,,-273.0,-291.0,146.0,-395.0,-542.0,506.0,-195.0,518.0
-59.0,,-273.0,-382.0,99.0,-416.0,-562.0,674.0,-159.0,426.0
-92.0,,-285.0,-512.0,61.0,-437.0,-557.0,685.0,-105.0,345.0
-72.0,,-298.0,-508.0,50.0,-440.0,-542.0,500.0,-65.0,271.0
-49.0,,-277.0,-445.0,63.0,-480.0,-536.0,770.0,-24.0,232.0
-54.0,,-262.0,-435.0,78.0,-507.0,-554.0,400.0,-1.0,217.0
-70.0,,-273.0,-376.0,82.0,-466.0,-557.0,587.0,0.0,169.0
-26.0,,-224.0,-283.0,75.0,-441.0,-545.0,395.0,16.0,149.0
42.0,,-214.0,-177.0,61.0,-464.0,-549.0,406.0,11.0,172.0
39.0,,-172.0,-58.0,44.0,-561.0,-537.0,574.0,7.0,148.0
0.0,,-109.0,51.0,35.0,-644.0,-546.0,310.0,-2.0,143.0
27.0,,-89.0,131.0,29.0,-584.0,-564.0,604.0,-25.0,172.0
73.0,,-26.0,146.0,14.0,-532.0,-568.0,306.0,-39.0,223.0
56.0,,13.0,158.0,-14.0,-601.0,-599.0,482.0,-63.0,306.0
37.0,,78.0,177.0,-50.0,-630.0,-631.0,436.0,-87.0,383.0
73.0,,114.0,154.0,-71.0,-628.0,-666.0,264.0,-99.0,448.0
106.0,,154.0,84.0,-76.0,-632.0,-679.0,521.0,-107.0,500.0
107.0,,203.0,3.0,-59.0,-594.0,-665.0,205.0,-95.0,538.0
109.0,,208.0,-96.0,-16.0,-572.0,-648.0,500.0,-75.0,557.0
131.0,,245.0,-208.0,37.0,-576.0,-643.0,303.0,-57.0,606.0
165.0,,239.0,-324.0,85.0,-561.0,-679.0,299.0,-23.0,646.0
177.0,,247.0,-389.0,106.0,-546.0,-709.0,373.0,0.0,648.0
171.0,,239.0,-370.0,102.0,-546.0,-733.0,123.0,-11.0,643.0
188.0,,239.0,-359.0,90.0,-594.0,-740.0,443.0,-37.0,587.0
218.0,,244.0,-299.0,79.0,-644.0,-740.0,181.0,-59.0,506.0
210.0,,246.0,-249.0,70.0,-619.0,-754.0,423.0,-76.0,438.0
201.0,,273.0,-294.0,55.0,-590.0,-757.0,325.0,-105.0,361.0
222.0,,256.0,-308.0,30.0,-555.0,-769.0,216.0,-160.0,248.0
249.0,,262.0,-305.0,13.0,-525.0,-790.0,424.0,-184.0,144.0
241.0,,242.0,-321.0,-2.0,-531.0,-794.0,101.0,-201.0,86.0
218.0,,215.0,-344.0,-31.0,-509.0,-814.0,471.0,-212.0,36.0
231.0,,196.0,-355.0,-75.0,-479.0,-834.0,308.0,-182.0,-7.0
234.0,,171.0,-357.0,-136.0,-491.0,-828.0,389.0,-164.0,-42.0
217.0,,134.0,-358.0,-195.0,-523.0,-810.0,386.0,-138.0,-30.0
191.0,,124.0,-330.0,-234.0,-557.0,-772.0,77.0,-112.0,-3.0
176.0,,128.0,-260.0,-251.0,-540.0,-741.0,339.0,-114.0,3.0
160.0,,112.0,-176.0,-250.0,-505.0,-718.0,59.0,-122.0,39.0
128.0,,127.0,-107.0,-234.0,-527.0,-676.0,358.0,-150.0,59.0
95.0,,125.0,-27.0,-208.0,-484.0,-662.0,299.0,-187.0,81.0
79.0,,134.0,31.0,-174.0,-414.0,-671.0,282.0,-218.0,103.0
102.0,,113.0,134.0,-140.0,-425.0,-631.0,517.0,-232.0,117.0
105.0,,110.0,266.0,-114.0,-461.0,-607.0,208.0,-223.0,135.0
86.0,,98.0,332.0,-88.0,-494.0,-656.0,504.0,-200.0,153.0
98.0,,57.0,433.0,-48.0,-479.0,-673.0,230.0,-149.0,181.0
124.0,,58.0,505.0,8.0,-459.0,-656.0,328.0,-98.0,199.0
105.0,,0.0,509.0,65.0,-447.0,-666.0,376.0,-61.0,222.0
77.0,,-31.0,501.0,100.0,-435.0,-685.0,157.0,-26.0,234.0
92.0,,-60.0,460.0,112.0,-436.0,-703.0,452.0,-18.0,227.0
99.0,,-87.0,429.0,118.0,-436.0,-702.0,175.0,-29.0,188.0
89.0,,-112.0,409.0,135.0,-488.0,-708.0,430.0,-50.0,114.0
86.0,,-156.0,359.0,167.0,-496.0,-724.0,280.0,-75.0,21.0
99.0,,-155.0,331.0,192.0,-472.0,-682.0,290.0,-96.0,-110.0
105.0,,-173.0,318.0,213.0,-523.0,-651.0,546.0,-121.0,-254.0
72.0,,-178.0,219.0,236.0,-575.0,-634.0,264.0,-125.0,-377.0
26.0,,-173.0,98.0,233.0,-638.0,-615.0,558.0,-128.0,-473.0
12.0,,-153.0,20.0,198.0,-652.0,-647.0,260.0,-145.0,-560.0
24.0,,-138.0,-18.0,135.0,-599.0,-670.0,314.0,-145.0,-614.0
32.0,,-117.0,-21.0,56.0,-610.0,-648.0,290.0,-121.0,-634.0
5.0,,-91.0,-48.0,-10.0,-694.0,-618.0,114.0,-95.0,-654.0
10.0,,-86.0,-47.0,-63.0,-707.0,-639.0,404.0,-68.0,-646.0
76.0,,-80.0,0.0,-101.0,-621.0,-654.0,133.0,-44.0,-635.0
91.0,,-83.0,-39.0,-135.0,-591.0,-633.0,395.0,-41.0,-624.0
80.0,,-76.0,-98.0,-168.0,-597.0,-617.0,188.0,-51.0,-607.0
86.0,,-79.0,-86.0,-182.0,-626.0,-598.0,121.0,-66.0,-609.0
77.0,,-51.0,-86.0,-169.0,-649.0,-604.0,234.0,-88.0,-602.0
68.0,,-22.0,-125.0,-125.0,-568.0,-637.0,-53.0,-123.0,-600.0
61.0,,24.0,-183.0,-54.0,-574.0,-671.0,269.0,-163.0,-580.0
47.0,,87.0,-220.0,30.0,-680.0,-666.0,14.0,-198.0,-527.0
36.0,,126.0,-245.0,105.0,-757.0,-659.0,184.0,-228.0,-509.0
34.0,,200.0,-321.0,148.0,-809.0,-694.0,160.0,-262.0,-498.0
14.0,,228.0,-451.0,146.0,-808.0,-705.0,14.0,-303.0,-487.0
-8.0,,277.0,-619.0,111.0,-838.0,-700.0,314.0,-340.0,-496.0
-8.0,,329.0,-767.0,75.0,-836.0,-691.0,49.0,-369.0,-514.0
-5.0,,330.0,-908.0,54.0,-791.0,-683.0,352.0,-391.0,-560.0
-26.0,,366.0,-1026.0,59.0,-774.0,-701.0,177.0,-397.0,-615.0
-45.0,,400.0,-1089.0,83.0,-770.0,-693.0,181.0,-375.0,-677.0
-45.0,,404.0,-1155.0,96.0,-730.0,-660.0,256.0,-328.0,-740.0
-23.0,,407.0,-1190.0,92.0,-642.0,-638.0,-46.0,-266.0,-793.0
-26.0,,416.0,-1209.0,73.0,-603.0,-642.0,166.0,-184.0,-849.0
-46.0,,401.0,-1159.0,52.0,-602.0,-677.0,-194.0,-90.0,-870.0
-44.0,,367.0,-1045.0,42.0,-648.0,-709.0,59.0,-3.0,-892.0
-38.0,,324.0,-963.0,28.0,-707.0,-707.0,62.0,81.0,-904.0
-28.0,,268.0,-835.0,7.0,-747.0,-689.0,-57.0,148.0,-888.0
-43.0,,204.0,-656.0,-17.0,-732.0,-674.0,168.0,172.0,-883.0
-48.0,,141.0,-470.0,-22.0,-629.0,-664.0,-160.0,175.0,-878.0
-21.0,,83.0,-319.0,0.0,-550.0,-635.0,144.0,159.0,-881.0
5.0,,30.0,-219.0,35.0,-539.0,-604.0,-48.0,145.0,-871.0
21.0,,-4.0,-201.0,71.0,-570.0,-593.0,40.0,135.0,-888.0
27.0,,-45.0,-269.0,89.0,-563.0,-566.0,173.0,115.0,-925.0
30.0,,-59.0,-294.0,81.0,-488.0,-516.0,-11.0,97.0,-969.0
39.0,,-51.0,-324.0,50.0,-448.0,-475.0,303.0,67.0,-1026.0
80.0,,-52.0,-372.0,9.0,-450.0,-464.0,-79.0,43.0,-1047.0
103.0,,-23.0,-355.0,-16.0,-419.0,-465.0,81.0,22.0,-1080.0
100.0,,2.0,-402.0,-20.0,-371.0,-478.0,-25.0,-16.0,-1101.0
116.0,,25.0,-501.0,-10.0,-323.0,-484.0,-97.0,-60.0,-1075.0
152.0,,79.0,-489.0,6.0,-252.0,-445.0,166.0,-103.0,-1035.0
156.0,,118.0,-439.0,26.0,-176.0,-409.0,-118.0,-157.0,-990.0
150.0,,153.0,-354.0,38.0,-127.0,-395.0,201.0,-208.0,-934.0
188.0,,197.0,-270.0,36.0,-141.0,-387.0,-77.0,-249.0,-872.0
199.0,,225.0,-276.0,23.0,-169.0,-368.0,40.0,-287.0,-819.0
192.0,,264.0,-229.0,1.0,-125.0,-339.0,164.0,-295.0,-781.0
208.0,,283.0,-132.0,-25.0,-47.0,-339.0,-81.0,-290.0,-748.0
207.0,,290.0,-50.0,-64.0,-66.0,-335.0,184.0,-282.0,-718.0
193.0,,308.0,19.0,-96.0,-100.0,-317.0,-188.0,-241.0,-708.0
170.0,,284.0,44.0,-118.0,-64.0,-295.0,-14.0,-181.0,-678.0
147.0,,264.0,41.0,-141.0,-20.0,-268.0,-155.0,-124.0,-634.0
139.0,,236.0,13.0,-171.0,-8.0,-233.0,-175.0,-80.0,-588.0
127.0,,175.0,-48.0,-210.0,-55.0,-191.0,64.0,-33.0,-501.0
115.0,,136.0,-133.0,-247.0,-16.0,-155.0,-214.0,21.0,-415.0
107.0,,96.0,-206.0,-283.0,83.0,-126.0,55.0,55.0,-345.0
110.0,,55.0,-277.0,-315.0,106.0,-101.0,-254.0,89.0,-296.0
107.0,,42.0,-353.0,-326.0,131.0,-84.0,-149.0,136.0,-311.0
84.0,,29.0,-408.0,-305.0,102.0,-73.0,-182.0,169.0,-402.0
81.0,,15.0,-434.0,-256.0,69.0,-49.0,-410.0,215.0,-507.0
92.0,,17.0,-449.0,-202.0,95.0,-17.0,-197.0,237.0,-643.0
98.0,,8.0,-443.0,-157.0,66.0,3.0,-545.0,224.0,-816.0
91.0,,6.0,-357.0,-123.0,66.0,8.0,-249.0,213.0,-954.0
81.0,,9.0,-321.0,-92.0,110.0,32.0,-362.0,192.0,-1063.0
90.0,,-14.0,-300.0,-62.0,128.0,77.0,-334.0,163.0,-1127.0
84.0,,-30.0,-193.0,-38.0,181.0,140.0,-254.0,134.0,-1126.0
54.0,,-67.0,-88.0,-18.0,181.0,171.0,-561.0,131.0,-1088.0
36.0,,-102.0,28.0,0.0,130.0,159.0,-275.0,141.0,-992.0
60.0,,-103.0,130.0,10.0,139.0,183.0,-607.0,137.0,-853.0
99.0,,-138.0,262.0,11.0,125.0,214.0,-432.0,138.0,-723.0
80.0,,-139.0,420.0,6.0,118.0,230.0,-478.0,151.0,-563.0
63.0,,-110.0,556.0,-10.0,90.0,200.0,-620.0,183.0,-395.0
99.0,,-101.0,678.0,-47.0,73.0,166.0,-408.0,229.0,-274.0
99.0,,-52.0,727.0,-103.0,97.0,157.0,-768.0,275.0,-171.0
61.0,,8.0,704.0,-149.0,61.0,144.0,-467.0,330.0,-116.0
39.0,,58.0,645.0,-159.0,91.0,144.0,-668.0,395.0,-124.0
45.0,,128.0,570.0,-115.0,97.0,137.0,-591.0,457.0,-174.0
32.0,,192.0,406.0,-22.0,43.0,151.0,-495.0,509.0,-299.0
-9.0,,231.0,231.0,72.0,66.0,162.0,-792.0,546.0,-469.0
-29.0,,286.0,115.0,111.0,113.0,168.0,-533.0,574.0,-630.0
-31.0,,320.0,-12.0,73.0,118.0,183.0,-912.0,598.0,-819.0
-51.0,,352.0,-96.0,-28.0,118.0,203.0,-707.0,614.0,-971.0
-78.0,,400.0,-160.0,-141.0,120.0,222.0,-825.0,611.0,-1052.0
-102.0,,398.0,-238.0,-223.0,95.0,221.0,-949.0,604.0,-1113.0
-128.0,,436.0,-279.0,-251.0,144.0,207.0,-707.0,581.0,-1112.0
-135.0,,448.0,-323.0,-219.0,195.0,216.0,-982.0,554.0,-1075.0
-156.0,,442.0,-321.0,-158.0,173.0,239.0,-618.0,519.0,-995.0
-194.0,,477.0,-263.0,-96.0,162.0,234.0,-822.0,457.0,-887.0
-208.0,,470.0,-228.0,-43.0,187.0,255.0,-720.0,391.0,-769.0
-217.0,,500.0,-174.0,5.0,202.0,257.0,-696.0,328.0,-651.0
-242.0,,525.0,-153.0,46.0,246.0,271.0,-920.0,285.0,-550.0
-260.0,,517.0,-138.0,67.0,324.0,297.0,-589.0,267.0,-463.0
-271.0,,535.0,-79.0,76.0,310.0,319.0,-877.0,265.0,-407.0
-298.0,,543.0,-6.0,79.0,269.0,358.0,-657.0,281.0,-355.0
-329.0,,544.0,109.0,83.0,292.0,322.0,-831.0,288.0,-328.0
-358.0,,539.0,191.0,97.0,345.0,337.0,-914.0,305.0,-306.0
-394.0,,523.0,238.0,129.0,330.0,388.0,-785.0,321.0,-284.0
-424.0,,527.0,258.0,176.0,286.0,373.0,-1154.0,322.0,-261.0
-416.0,,516.0,228.0,240.0,315.0,381.0,-849.0,341.0,-248.0
-420.0,,498.0,217.0,310.0,399.0,402.0,-1058.0,366.0,-232.0
-445.0,,491.0,189.0,348.0,482.0,446.0,-899.0,389.0,-215.0
-441.0,,484.0,139.0,336.0,489.0,486.0,-870.0,394.0,-234.0
-440.0,,478.0,83.0,290.0,492.0,501.0,-1018.0,383.0,-248.0
-461.0,,441.0,-39.0,235.0,580.0,508.0,-735.0,368.0,-264.0
-470.0,,432.0,-147.0,194.0,634.0,518.0,-1062.0,333.0,-247.0
-444.0,,409.0,-215.0,172.0,538.0,519.0,-761.0,274.0,-206.0
-441.0,,390.0,-290.0,157.0,442.0,490.0,-936.0,197.0,-147.0
-420.0,,400.0,-289.0,131.0,491.0,491.0,-933.0,107.0,-69.0
-348.0,,372.0,-237.0,75.0,555.0,482.0,-731.0,-1.0,4.0
-305.0,,398.0,-184.0,0.0,520.0,456.0,-1025.0,-107.0,92.0
-269.0,,424.0,-102.0,-73.0,484.0,467.0,-711.0,-208.0,148.0
-206.0,,437.0,-51.0,-129.0,556.0,461.0,-1003.0,-314.0,165.0
-122.0,,465.0,-33.0,-148.0,705.0,422.0,-846.0,-434.0,155.0
-60.0,,481.0,-22.0,-148.0,699.0,424.0,-883.0,-560.0,96.0
-23.0,,523.0,-23.0,-147.0,594.0,455.0,-1018.0,-659.0,1.0
7.0,,525.0,-18.0,-157.0,647.0,478.0,-755.0,-745.0,-112.0
34.0,,538.0,-50.0,-177.0,707.0,490.0,-1084.0,-785.0,-246.0
80.0,,559.0,-118.0,-201.0,701.0,499.0,-718.0,-787.0,-390.0
120.0,,542.0,-207.0,-220.0,684.0,541.0,-862.0,-770.0,-535.0
109.0,,545.0,-252.0,-224.0,704.0,572.0,-774.0,-706.0,-643.0
110.0,,540.0,-252.0,-211.0,737.0,602.0,-583.0,-628.0,-735.0
126.0,,535.0,-223.0,-169.0,692.0,640.0,-807.0,-535.0,-811.0
110.0,,516.0,-100.0,-103.0,640.0,648.0,-458.0,-428.0,-862.0
100.0,,498.0,21.0,-29.0,638.0,654.0,-716.0,-304.0,-912.0
64.0,,479.0,124.0,41.0,690.0,660.0,-447.0,-179.0,-942.0
36.0,,456.0,213.0,100.0,691.0,651.0,-461.0,-62.0,-1011.0
46.0,,451.0,259.0,139.0,665.0,629.0,-578.0,59.0,-1061.0
66.0,,419.0,293.0,147.0,671.0,635.0,-417.0,169.0,-1092.0
61.0,,404.0,326.0,136.0,719.0,631.0,-790.0,279.0,-1147.0
38.0,,370.0,363.0,101.0,730.0,599.0,-543.0,376.0,-1178.0
46.0,,330.0,387.0,54.0,659.0,593.0,-805.0,439.0,-1206.0
60.0,,313.0,346.0,24.0,670.0,592.0,-667.0,470.0,-1234.0
63.0,,252.0,249.0,29.0,683.0,588.0,-474.0,496.0,-1256.0
52.0,,215.0,210.0,70.0,678.0,568.0,-620.0,512.0,-1268.0
53.0,,183.0,195.0,116.0,627.0,546.0,-242.0,518.0,-1305.0
69.0,,142.0,128.0,147.0,525.0,542.0,-434.0,547.0,-1348.0
92.0,,117.0,55.0,149.0,535.0,540.0,-168.0,579.0,-1363.0
113.0,,83.0,-6.0,122.0,563.0,554.0,-293.0,592.0,-1358.0
115.0,,69.0,-13.0,79.0,565.0,536.0,-426.0,593.0,-1353.0
130.0,,38.0,9.0,20.0,581.0,522.0,-299.0,588.0,-1368.0
146.0,,0.0,33.0,-41.0,638.0,543.0,-593.0,557.0,-1376.0
151.0,,-12.0,72.0,-88.0,709.0,556.0,-236.0,492.0,-1401.0
148.0,,-41.0,105.0,-121.0,690.0,556.0,-428.0,410.0,-1424.0
166.0,,-66.0,186.0,-139.0,610.0,557.0,-303.0,315.0,-1448.0
163.0,,-83.0,263.0,-140.0,582.0,574.0,-301.0,209.0,-1478.0
129.0,,-99.0,287.0,-125.0,588.0,552.0,-526.0,101.0,-1474.0
102.0,,-120.0,254.0,-107.0,550.0,526.0,-190.0,-4.0,-1463.0
53.0,,-123.0,231.0,-94.0,527.0,507.0,-498.0,-116.0,-1431.0
-4.0,,-121.0,296.0,-86.0,531.0,472.0,-251.0,-214.0,-1363.0
-50.0,,-128.0,311.0,-86.0,557.0,457.0,-358.0,-306.0,-1263.0
-105.0,,-104.0,298.0,-97.0,553.0,432.0,-341.0,-391.0,-1150.0
-183.0,,-87.0,287.0,-113.0,559.0,408.0,-101.0,-446.0,-1055.0
-214.0,,-48.0,269.0,-117.0,605.0,382.0,-367.0,-482.0,-973.0
-242.0,,-21.0,255.0,-106.0,628.0,361.0,-18.0,-493.0,-907.0
-292.0,,5.0,267.0,-74.0,632.0,372.0,-284.0,-503.0,-877.0
-296.0,,44.0,294.0,-35.0,590.0,370.0,-153.0,-508.0,-888.0
-285.0,,64.0,219.0,-7.0,561.0,355.0,-142.0,-483.0,-886.0
-288.0,,118.0,165.0,20.0,543.0,345.0,-332.0,-445.0,-891.0
-293.0,,146.0,72.0,47.0,572.0,325.0,-68.0,-394.0,-901.0
-264.0,,183.0,-52.0,50.0,579.0,313.0,-354.0,-322.0,-865.0
-247.0,,231.0,-36.0,11.0,532.0,307.0,-66.0,-259.0,-821.0
-226.0,,262.0,-75.0,-48.0,520.0,280.0,-275.0,-186.0,-729.0
-195.0,,303.0,-162.0,-93.0,463.0,258.0,-273.0,-127.0,-598.0
-181.0,,331.0,-221.0,-112.0,463.0,227.0,-103.0,-103.0,-471.0
-134.0,,363.0,-290.0,-121.0,463.0,181.0,-327.0,-87.0,-318.0
-80.0,,391.0,-304.0,-122.0,418.0,180.0,66.0,-76.0,-182.0
-15.0,,396.0,-307.0,-105.0,425.0,210.0,-157.0,-70.0,-67.0
41.0,,412.0,-320.0,-88.0,426.0,212.0,83.0,-85.0,11.0
104.0,,427.0,-314.0,-88.0,485.0,195.0,97.0,-94.0,65.0
183.0,,419.0,-246.0,-97.0,544.0,202.0,-31.0,-82.0,120.0
216.0,,438.0,-181.0,-89.0,543.0,200.0,201.0,-79.0,142.0
273.0,,433.0,-161.0,-63.0,577.0,180.0,-162.0,-91.0,134.0
344.0,,429.0,-182.0,-23.0,591.0,151.0,86.0,-88.0,133.0
376.0,,422.0,-221.0,23.0,572.0,140.0,-105.0,-73.0,151.0
391.0,,399.0,-133.0,64.0,546.0,162.0,-35.0,-77.0,150.0
410.0,,393.0,-68.0,93.0,472.0,173.0,92.0,-60.0,149.0
411.0,,354.0,-48.0,106.0,408.0,191.0,-147.0,-33.0,150.0
370.0,,309.0,-14.0,91.0,438.0,172.0,155.0,-11.0,138.0
324.0,,278.0,-10.0,70.0,509.0,159.0,-142.0,9.0,142.0
281.0,,228.0,1.0,70.0,544.0,166.0,127.0,11.0,153.0
244.0,,137.0,34.0,86.0,603.0,144.0,114.0,6.0,168.0
204.0,,84.0,134.0,101.0,587.0,136.0,29.0,-5.0,194.0
142.0,,14.0,189.0,102.0,555.0,132.0,308.0,-22.0,226.0
93.0,,-70.0,176.0,94.0,559.0,83.0,72.0,-48.0,253.0
67.0,,-95.0,145.0,86.0,451.0,29.0,404.0,-56.0,287.0
34.0,,-155.0,156.0,86.0,425.0,33.0,157.0,-51.0,360.0
-23.0,,-186.0,182.0,98.0,449.0,14.0,147.0,-36.0,437.0
-89.0,,-200.0,116.0,116.0,436.0,-4.0,103.0,-20.0,506.0
-128.0,,-224.0,79.0,128.0,427.0,-12.0,-145.0,-24.0,557.0
-170.0,,-242.0,52.0,119.0,406.0,-15.0,186.0,-27.0,557.0
-230.0,,-274.0,27.0,90.0,400.0,-1.0,-94.0,-43.0,531.0
-277.0,,-290.0,61.0,45.0,390.0,0.0,223.0,-62.0,455.0
-318.0,,-309.0,95.0,9.0,431.0,12.0,160.0,-77.0,340.0
-329.0,,-320.0,163.0,6.0,469.0,31.0,81.0,-105.0,225.0
-352.0,,-325.0,224.0,16.0,460.0,55.0,280.0,-135.0,117.0
-378.0,,-318.0,267.0,29.0,424.0,44.0,-36.0,-167.0,20.0
-355.0,,-340.0,329.0,51.0,439.0,4.0,262.0,-196.0,-50.0
-332.0,,-344.0,376.0,79.0,467.0,-35.0,-3.0,-219.0,-90.0
-321.0,,-348.0,370.0,103.0,380.0,-56.0,96.0,-229.0,-117.0
-295.0,,-369.0,304.0,103.0,319.0,-60.0,142.0,-225.0,-122.0
-231.0,,-361.0,304.0,82.0,262.0,-70.0,5.0,-223.0,-138.0
-177.0,,-387.0,269.0,52.0,217.0,-59.0,338.0,-217.0,-156.0
-152.0,,-372.0,177.0,23.0,285.0,-21.0,51.0,-217.0,-178.0
-119.0,,-380.0,183.0,3.0,308.0,23.0,373.0,-206.0,-237.0
-64.0,,-395.0,173.0,-3.0,262.0,58.0,243.0,-184.0,-303.0
-24.0,,-367.0,193.0,6.0,239.0,79.0,181.0,-159.0,-395.0
-5.0,,-385.0,264.0,25.0,249.0,60.0,275.0,-123.0,-506.0
36.0,,-372.0,297.0,32.0,264.0,51.0,-36.0,-101.0,-627.0
59.0,,-349.0,359.0,20.0,238.0,43.0,271.0,-64.0,-758.0
67.0,,-312.0,468.0,-10.0,191.0,19.0,-12.0,-7.0,-853.0
65.0,,-275.0,585.0,-52.0,184.0,-8.0,114.0,52.0,-913.0
70.0,,-251.0,647.0,-95.0,172.0,-58.0,97.0,138.0,-927.0
79.0,,-181.0,688.0,-122.0,108.0,-62.0,38.0,222.0,-910.0
70.0,,-122.0,767.0,-122.0,60.0,-54.0,314.0,290.0,-857.0
51.0,,-73.0,757.0,-115.0,41.0,-51.0,-3.0,343.0,-770.0
23.0,,-24.0,680.0,-114.0,74.0,-27.0,254.0,363.0,-691.0
4.0,,22.0,607.0,-114.0,116.0,-5.0,42.0,374.0,-586.0
-45.0,,58.0,449.0,-103.0,106.0,5.0,107.0,370.0,-489.0
-97.0,,84.0,273.0,-77.0,101.0,18.0,208.0,335.0,-416.0
-121.0,,103.0,103.0,-51.0,92.0,49.0,-35.0,293.0,-355.0
-164.0,,91.0,-69.0,-42.0,74.0,65.0,279.0,262.0,-319.0
-219.0,,86.0,-252.0,-58.0,37.0,62.0,-49.0,221.0,-303.0
-262.0,,63.0,-430.0,-96.0,-31.0,67.0,55.0,163.0,-292.0
-301.0,,30.0,-522.0,-153.0,-67.0,65.0,-59.0,88.0,-262.0
-348.0,,-11.0,-566.0,-222.0,-72.0,63.0,-171.0,-6.0,-248.0
-383.0,,-64.0,-543.0,-286.0,-56.0,55.0,18.0,-97.0,-238.0
-397.0,,-89.0,-487.0,-320.0,-47.0,48.0,-264.0,-186.0,-202.0
-415.0,,-132.0,-382.0,-318.0,-99.0,64.0,44.0,-284.0,-154.0
-435.0,,-183.0,-185.0,-294.0,-100.0,76.0,-190.0,-374.0,-83.0
-454.0,,-219.0,20.0,-248.0,-89.0,86.0,-155.0,-433.0,-3.0
-483.0,,-265.0,189.0,-193.0,-169.0,65.0,-88.0,-451.0,88.0
-463.0,,-308.0,298.0,-143.0,-209.0,39.0,-242.0,-440.0,183.0
-440.0,,-338.0,427.0,-99.0,-196.0,34.0,103.0,-397.0,277.0
-462.0,,-365.0,542.0,-57.0,-194.0,25.0,-169.0,-338.0,361.0
-472.0,,-383.0,581.0,-17.0,-160.0,7.0,101.0,-266.0,437.0
-431.0,,-410.0,582.0,6.0,-164.0,-42.0,-5.0,-192.0,518.0
-376.0,,-426.0,567.0,13.0,-235.0,-84.0,-125.0,-123.0,553.0
-355.0,,-438.0,553.0,12.0,-245.0,-105.0,-12.0,-74.0,558.0
-312.0,,-429.0,495.0,5.0,-210.0,-116.0,-380.0,-25.0,535.0
-253.0,,-407.0,411.0,-8.0,-183.0,-115.0,-60.0,21.0,482.0
-200.0,,-402.0,348.0,-34.0,-160.0,-121.0,-269.0,27.0,437.0
-159.0,,-351.0,305.0,-74.0,-197.0,-135.0,-94.0,17.0,360.0
-108.0,,-319.0,271.0,-101.0,-237.0,-149.0,-14.0,-18.0,282.0
-62.0,,-269.0,331.0,-109.0,-223.0,-148.0,-182.0,-86.0,230.0
-30.0,,-220.0,444.0,-113.0,-231.0,-154.0,136.0,-158.0,168.0
-4.0,,-186.0,458.0,-108.0,-241.0,-169.0,-158.0,-213.0,115.0
-12.0,,-124.0,483.0,-80.0,-246.0,-210.0,90.0,-252.0,90.0
-11.0,,-97.0,563.0,-31.0,-297.0,-244.0,-116.0,-303.0,86.0
-28.0,,-70.0,569.0,18.0,-341.0,-227.0,-158.0,-350.0,97.0
-49.0,,-46.0,537.0,46.0,-385.0,-241.0,12.0,-401.0,128.0
-63.0,,-42.0,543.0,36.0,-358.0,-246.0,-267.0,-456.0,189.0
-69.0,,-45.0,505.0,1.0,-362.0,-233.0,114.0,-485.0,278.0
-89.0,,-53.0,440.0,-23.0,-436.0,-220.0,-127.0,-517.0,371.0
-108.0,,-75.0,425.0,-23.0,-382.0,-195.0,-5.0,-555.0,455.0
-54.0,,-85.0,378.0,-10.0,-302.0,-228.0,-25.0,-571.0,555.0
-27.0,,-127.0,323.0,-4.0,-246.0,-241.0,-190.0,-574.0,649.0
-25.0,,-160.0,306.0,-7.0,-208.0,-220.0,49.0,-573.0,711.0
-12.0,,-167.0,267.0,-17.0,-213.0,-212.0,-212.0,-572.0,769.0
12.0,,-222.0,296.0,-39.0,-280.0,-219.0,123.0,-571.0,809.0
26.0,,-221.0,323.0,-62.0,-347.0,-268.0,-11.0,-572.0,815.0
2.0,,-263.0,313.0,-69.0,-381.0,-295.0,68.0,-553.0,792.0
-10.0,,-285.0,399.0,-48.0,-441.0,-299.0,190.0,-524.0,735.0
-2.0,,-292.0,451.0,-15.0,-449.0,-300.0,-64.0,-502.0,651.0
15.0,,-342.0,418.0,7.0,-423.0,-321.0,223.0,-469.0,523.0
30.0,,-340.0,409.0,10.0,-390.0,-344.0,-90.0,-446.0,384.0
45.0,,-377.0,467.0,0.0,-364.0,-336.0,97.0,-422.0,256.0
77.0,,-379.0,495.0,-9.0,-310.0,-344.0,7.0,-384.0,121.0
125.0,,-425.0,486.0,-15.0,-270.0,-359.0,-127.0,-340.0,22.0
146.0,,-453.0,515.0,-2.0,-302.0,-352.0,149.0,-302.0,-44.0
144.0,,-462.0,479.0,26.0,-310.0,-361.0,-144.0,-258.0,-98.0
135.0,,-501.0,417.0,54.0,-302.0,-389.0,140.0,-190.0,-111.0
148.0,,-486.0,406.0,68.0,-337.0,-395.0,-90.0,-131.0,-84.0
159.0,,-508.0,370.0,66.0,-416.0,-405.0,-53.0,-60.0,-44.0
127.0,,-488.0,329.0,72.0,-465.0,-430.0,70.0,6.0,16.0
103.0,,-494.0,347.0,95.0,-476.0,-460.0,-155.0,52.0,81.0
81.0,,-482.0,372.0,129.0,-458.0,-512.0,151.0,86.0,140.0
70.0,,-454.0,366.0,160.0,-443.0,-582.0,-153.0,107.0,198.0
34.0,,-449.0,349.0,182.0,-431.0,-629.0,38.0,124.0,224.0
-22.0,,-411.0,318.0,193.0,-411.0,-642.0,-62.0,124.0,237.0
-48.0,,-405.0,285.0,175.0,-406.0,-669.0,-210.0,142.0,257.0
-58.0,,-399.0,288.0,132.0,-400.0,-708.0,-5.0,159.0,269.0
-84.0,,-393.0,288.0,80.0,-376.0,-730.0,-303.0,146.0,290.0
-159.0,,-378.0,268.0,51.0,-363.0,-730.0,-11.0,127.0,325.0
-222.0,,-387.0,250.0,50.0,-429.0,-735.0,-243.0,90.0,359.0
-267.0,,-382.0,179.0,62.0,-496.0,-738.0,-134.0,32.0,415.0
-335.0,,-370.0,97.0,74.0,-544.0,-726.0,-35.0,-43.0,475.0
-422.0,,-361.0,12.0,74.0,-537.0,-738.0,-253.0,-118.0,527.0
-522.0,,-353.0,-76.0,65.0,-484.0,-765.0,-11.0,-185.0,583.0
-599.0,,-339.0,-197.0,60.0,-471.0,-794.0,-365.0,-243.0,637.0
-645.0,,-309.0,-306.0,64.0,-484.0,-783.0,-175.0,-299.0,680.0
-691.0,,-303.0,-335.0,70.0,-508.0,-773.0,-345.0,-343.0,690.0
-735.0,,-267.0,-385.0,82.0,-479.0,-781.0,-371.0,-363.0,665.0
-766.0,,-244.0,-370.0,89.0,-426.0,-772.0,-138.0,-383.0,609.0
-776.0,,-226.0,-334.0,70.0,-396.0,-787.0,-367.0,-386.0,504.0
-756.0,,-198.0,-340.0,41.0,-388.0,-789.0,-59.0,-362.0,370.0
-729.0,,-179.0,-290.0,13.0,-392.0,-819.0,-339.0,-318.0,245.0
-704.0,,-164.0,-180.0,-19.0,-413.0,-839.0,-158.0,-246.0,109.0
-670.0,,-163.0,-75.0,-60.0,-444.0,-808.0,-177.0,-182.0,3.0
-602.0,,-141.0,-24.0,-106.0,-452.0,-807.0,-408.0,-115.0,-58.0
-527.0,,-104.0,50.0,-152.0,-431.0,-813.0,-173.0,-61.0,-96.0
-466.0,,-96.0,167.0,-193.0,-371.0,-805.0,-543.0,-51.0,-90.0
-393.0,,-61.0,251.0,-230.0,-371.0,-776.0,-304.0,-59.0,-73.0
-311.0,,4.0,252.0,-259.0,-422.0,-793.0,-471.0,-100.0,-24.0
-215.0,,21.0,270.0,-271.0,-379.0,-808.0,-447.0,-170.0,34.0
-141.0,,76.0,333.0,-256.0,-338.0,-776.0,-308.0,-241.0,93.0
-81.0,,130.0,353.0,-210.0,-331.0,-780.0,-655.0,-315.0,157.0
-5.0,,175.0,363.0,-138.0,-276.0,-790.0,-363.0,-393.0,199.0
54.0,,235.0,390.0,-50.0,-303.0,-782.0,-615.0,-464.0,259.0
106.0,,284.0,439.0,47.0,-369.0,-769.0,-393.0,-531.0,289.0
134.0,,316.0,396.0,149.0,-365.0,-766.0,-362.0,-576.0,309.0
126.0,,331.0,335.0,226.0,-376.0,-733.0,-508.0,-621.0,329.0
123.0,,352.0,368.0,265.0,-371.0,-716.0,-314.0,-667.0,307.0
107.0,,318.0,346.0,277.0,-356.0,-747.0,-700.0,-702.0,305.0
80.0,,304.0,288.0,273.0,-394.0,-718.0,-452.0,-750.0,314.0
41.0,,267.0,280.0,260.0,-417.0,-697.0,-681.0,-783.0,341.0
-12.0,,223.0,324.0,233.0,-360.0,-721.0,-678.0,-808.0,412.0
-47.0,,178.0,353.0,189.0,-301.0,-746.0,-618.0,-817.0,497.0
-68.0,,102.0,334.0,139.0,-308.0,-742.0,-905.0,-809.0,601.0
-76.0,,65.0,352.0,92.0,-258.0,-710.0,-585.0,-793.0,723.0
-86.0,,-1.0,392.0,46.0,-204.0,-724.0,-864.0,-743.0,864.0
-86.0,,-49.0,430.0,-8.0,-258.0,-718.0,-574.0,-693.0,1000.0
-75.0,,-86.0,447.0,-77.0,-331.0,-695.0,-582.0,-637.0,1128.0
-63.0,,-131.0,410.0,-151.0,-319.0,-691.0,-650.0,-568.0,1234.0
-35.0,,-142.0,400.0,-211.0,-298.0,-654.0,-419.0,-507.0,1293.0
-15.0,,-171.0,455.0,-236.0,-302.0,-619.0,-739.0,-474.0,1331.0
17.0,,-191.0,519.0,-218.0,-290.0,-572.0,-397.0,-458.0,1335.0
47.0,,-199.0,524.0,-168.0,-262.0,-522.0,-644.0,-445.0,1349.0
80.0,,-215.0,577.0,-114.0,-150.0,-500.0,-606.0,-446.0,1377.0
140.0,,-211.0,693.0,-77.0,-124.0,-479.0,-609.0,-436.0,1397.0
168.0,,-207.0,760.0,-50.0,-179.0,-473.0,-949.0,-415.0,1445.0
180.0,,-226.0,830.0,-27.0,-218.0,-465.0,-698.0,-383.0,1488.0
201.0,,-217.0,867.0,-24.0,-222.0,-439.0,-973.0,-332.0,1517.0
216.0,,-207.0,872.0,-41.0,-143.0,-426.0,-696.0,-282.0,1543.0
224.0,,-216.0,866.0,-57.0,-155.0,-426.0,-798.0,-231.0,1537.0
231.0,,-196.0,821.0,-70.0,-202.0,-453.0,-811.0,-169.0,1503.0
243.0,,-195.0,727.0,-89.0,-135.0,-481.0,-635.0,-94.0,1451.0
239.0,,-180.0,608.0,-107.0,-42.0,-463.0,-968.0,-16.0,1373.0
232.0,,-154.0,484.0,-112.0,-41.0,-427.0,-624.0,40.0,1289.0
240.0,,-157.0,314.0,-96.0,-43.0,-403.0,-862.0,98.0,1200.0
226.0,,-135.0,178.0,-67.0,-12.0,-380.0,-739.0,144.0,1102.0
193.0,,-133.0,75.0,-47.0,27.0,-345.0,-757.0,187.0,992.0
155.0,,-133.0,-12.0,-51.0,59.0,-327.0,-957.0,242.0,858.0
137.0,,-127.0,-29.0,-84.0,-3.0,-332.0,-698.0,284.0,729.0
128.0,,-137.0,-8.0,-138.0,-50.0,-330.0,-1062.0,336.0,617.0
75.0,,-145.0,-11.0,-188.0,-50.0,-312.0,-833.0,381.0,505.0
47.0,,-174.0,-10.0,-212.0,-42.0,-306.0,-1064.0,426.0,401.0
53.0,,-196.0,7.0,-206.0,-12.0,-310.0,-1101.0,463.0,328.0
40.0,,-221.0,32.0,-178.0,9.0,-299.0,-894.0,462.0,276.0
4.0,,-246.0,80.0,-140.0,2.0,-287.0,-1112.0,450.0,245.0
-29.0,,-257.0,89.0,-102.0,-28.0,-278.0,-748.0,420.0,249.0
-26.0,,-285.0,53.0,-61.0,-20.0,-260.0,-1016.0,383.0,255.0
-11.0,,-292.0,32.0,-23.0,33.0,-263.0,-861.0,342.0,271.0
-25.0,,-297.0,27.0,-1.0,46.0,-254.0,-907.0,287.0,286.0
-52.0,,-299.0,-71.0,11.0,0.0,-233.0,-1064.0,244.0,286.0
-38.0,,-321.0,-179.0,40.0,-8.0,-241.0,-816.0,214.0,288.0
-26.0,,-336.0,-203.0,83.0,27.0,-191.0,-1119.0,170.0,275.0
-45.0,,-330.0,-280.0,117.0,26.0,-134.0,-801.0,131.0,235.0
-46.0,,-381.0,-387.0,133.0,7.0,-127.0,-994.0,101.0,167.0
-13.0,,-410.0,-434.0,133.0,-26.0,-95.0,-933.0,67.0,83.0
20.0,,-453.0,-480.0,128.0,-23.0,-70.0,-824.0,43.0,2.0
36.0,,-502.0,-530.0,105.0,-7.0,-78.0,-1069.0,8.0,-82.0
44.0,,-557.0,-512.0,49.0,-56.0,-74.0,-698.0,-24.0,-190.0
66.0,,-613.0,-450.0,-19.0,-77.0,-63.0,-964.0,-47.0,-273.0
86.0,,-633.0,-397.0,-78.0,-20.0,-34.0,-750.0,-73.0,-330.0
67.0,,-692.0,-343.0,-107.0,71.0,0.0,-816.0,-77.0,-382.0
46.0,,-724.0,-294.0,-112.0,60.0,5.0,-936.0,-80.0,-363.0
64.0,,-762.0,-266.0,-123.0,-56.0,7.0,-722.0,-65.0,-313.0
114.0,,-784.0,-237.0,-153.0,-87.0,11.0,-997.0,-50.0,-237.0
111.0,,-802.0,-215.0,-186.0,-39.0,45.0,-668.0,-32.0,-117.0
68.0,,-825.0,-169.0,-210.0,-2.0,93.0,-849.0,-17.0,10.0
82.0,,-796.0,-86.0,-217.0,-45.0,110.0,-726.0,-21.0,173.0
101.0,,-778.0,-25.0,-199.0,-112.0,134.0,-659.0,-19.0,343.0
76.0,,-725.0,19.0,-165.0,-66.0,155.0,-896.0,-16.0,492.0
29.0,,-673.0,89.0,-131.0,-23.0,157.0,-611.0,1.0,609.0
21.0,,-639.0,159.0,-111.0,-52.0,142.0,-910.0,10.0,699.0
34.0,,-587.0,153.0,-101.0,-101.0,146.0,-672.0,29.0,775.0
12.0,,-527.0,178.0,-93.0,-114.0,148.0,-715.0,62.0,786.0
-7.0,,-487.0,238.0,-81.0,-59.0,108.0,-703.0,80.0,751.0
-13.0,,-429.0,227.0,-67.0,-80.0,73.0,-495.0,98.0,678.0
-23.0,,-349.0,204.0,-52.0,-163.0,74.0,-794.0,113.0,567.0
-33.0,,-297.0,172.0,-26.0,-164.0,93.0,-509.0,140.0,454.0
-34.0,,-216.0,145.0,-11.0,-92.0,84.0,-783.0,151.0,318.0
-25.0,,-154.0,144.0,-19.0,-76.0,71.0,-657.0,162.0,161.0
-2.0,,-100.0,176.0,-37.0,-144.0,81.0,-585.0,177.0,3.0
3.0,,-26.0,175.0,-51.0,-171.0,81.0,-707.0,191.0,-161.0
-14.0,,19.0,171.0,-49.0,-150.0,81.0,-328.0,201.0,-306.0
-38.0,,50.0,245.0,-39.0,-169.0,91.0,-654.0,202.0,-422.0
-40.0,,83.0,269.0,-26.0,-225.0,95.0,-432.0,201.0,-494.0
-71.0,,122.0,277.0,-23.0,-258.0,114.0,-593.0,168.0,-520.0
-152.0,,129.0,264.0,-24.0,-231.0,143.0,-637.0,120.0,-492.0
-206.0,,122.0,234.0,-16.0,-175.0,111.0,-367.0,54.0,-401.0
-255.0,,131.0,228.0,-6.0,-179.0,95.0,-589.0,-3.0,-252.0
-331.0,,106.0,200.0,2.0,-192.0,133.0,-219.0,-49.0,-67.0
-404.0,,66.0,214.0,0.0,-164.0,107.0,-454.0,-93.0,123.0
-440.0,,38.0,215.0,-11.0,-198.0,67.0,-339.0,-97.0,316.0
-464.0,,-16.0,254.0,-32.0,-230.0,54.0,-338.0,-73.0,492.0
-485.0,,-50.0,349.0,-54.0,-204.0,41.0,-461.0,-21.0,650.0
-485.0,,-109.0,396.0,-64.0,-176.0,29.0,-81.0,64.0,762.0
-498.0,,-177.0,425.0,-58.0,-154.0,14.0,-404.0,154.0,833.0
-482.0,,-216.0,478.0,-42.0,-141.0,18.0,-173.0,242.0,878.0
-451.0,,-288.0,522.0,-28.0,-52.0,-12.0,-327.0,322.0,899.0
-424.0,,-340.0,527.0,-9.0,-13.0,-52.0,-362.0,373.0,909.0
-419.0,,-380.0,533.0,10.0,-79.0,-24.0,-201.0,405.0,890.0
-432.0,,-418.0,518.0,18.0,-51.0,7.0,-474.0,435.0,831.0
-412.0,,-427.0,464.0,14.0,-8.0,34.0,-188.0,461.0,755.0
-427.0,,-423.0,387.0,0.0,0.0,57.0,-460.0,479.0,696.0
-456.0,,-420.0,305.0,-17.0,34.0,74.0,-258.0,484.0,632.0
-476.0,,-397.0,206.0,-45.0,36.0,76.0,-249.0,500.0,575.0
-507.0,,-359.0,139.0,-82.0,68.0,59.0,-360.0,533.0,528.0
-509.0,,-324.0,111.0,-107.0,110.0,54.0,-46.0,550.0,480.0
-522.0,,-287.0,41.0,-117.0,70.0,42.0,-304.0,554.0,441.0
-543.0,,-256.0,-15.0,-109.0,50.0,54.0,25.0,523.0,394.0
-536.0,,-230.0,-52.0,-76.0,85.0,79.0,-134.0,450.0,338.0
-548.0,,-217.0,-55.0,-21.0,110.0,77.0,-109.0,354.0,254.0
-578.0,,-215.0,3.0,32.0,81.0,79.0,-1.0,225.0,172.0
-600.0,,-220.0,113.0,63.0,54.0,89.0,-295.0,94.0,81.0
-608.0,,-217.0,221.0,64.0,60.0,110.0,-22.0,-30.0,-15.0
-624.0,,-237.0,284.0,38.0,66.0,136.0,-315.0,-150.0,-85.0
-649.0,,-253.0,373.0,-3.0,75.0,169.0,-145.0,-270.0,-176.0
-670.0,,-268.0,401.0,-48.0,55.0,201.0,-219.0,-395.0,-261.0
-698.0,,-305.0,386.0,-77.0,66.0,216.0,-303.0,-499.0,-328.0
-678.0,,-320.0,388.0,-90.0,131.0,259.0,-27.0,-586.0,-374.0
-654.0,,-372.0,343.0,-94.0,175.0,325.0,-332.0,-644.0,-379.0
-656.0,,-403.0,299.0,-89.0,181.0,352.0,-84.0,-680.0,-358.0
-623.0,,-412.0,291.0,-73.0,161.0,346.0,-360.0,-686.0,-311.0
-577.0,,-437.0,290.0,-41.0,152.0,344.0,-315.0,-649.0,-209.0
-547.0,,-444.0,255.0,13.0,152.0,350.0,-188.0,-611.0,-81.0
-555.0,,-465.0,197.0,78.0,191.0,337.0,-367.0,-547.0,39.0
-544.0,,-471.0,153.0,127.0,204.0,303.0,7.0,-479.0,153.0
-514.0,,-470.0,100.0,146.0,175.0,294.0,-219.0,-420.0,256.0
-527.0,,-452.0,75.0,143.0,192.0,300.0,29.0,-367.0,347.0
-547.0,,-436.0,69.0,141.0,193.0,289.0,-77.0,-339.0,419.0
-533.0,,-419.0,44.0,141.0,154.0,261.0,-171.0,-307.0,476.0
-506.0,,-375.0,51.0,137.0,162.0,246.0,14.0,-282.0,504.0
-503.0,,-345.0,103.0,132.0,190.0,230.0,-303.0,-249.0,499.0
-499.0,,-298.0,210.0,135.0,157.0,213.0,55.0,-207.0,447.0
-485.0,,-262.0,338.0,144.0,181.0,211.0,-123.0,-175.0,365.0
-448.0,,-225.0,461.0,151.0,219.0,196.0,29.0,-146.0,289.0
-388.0,,-172.0,592.0,161.0,222.0,187.0,86.0,-119.0,197.0
-347.0,,-129.0,685.0,153.0,236.0,170.0,-164.0,-88.0,95.0
-308.0,,-79.0,723.0,115.0,192.0,141.0,55.0,-44.0,17.0
-223.0,,-36.0,731.0,68.0,203.0,110.0,-293.0,15.0,-56.0
-118.0,,4.0,763.0,31.0,254.0,81.0,-35.0,66.0,-131.0
-56.0,,10.0,790.0,17.0,235.0,53.0,-171.0,108.0,-212.0
-11.0,,35.0,812.0,38.0,158.0,46.0,-175.0,154.0,-296.0
49.0,,49.0,840.0,91.0,98.0,72.0,9.0,188.0,-358.0
111.0,,43.0,837.0,155.0,130.0,43.0,-291.0,198.0,-436.0
133.0,,47.0,853.0,218.0,145.0,27.0,44.0,209.0,-516.0
146.0,,18.0,813.0,261.0,106.0,63.0,-210.0,202.0,-585.0
163.0,,28.0,782.0,271.0,145.0,72.0,-12.0,167.0,-648.0
170.0,,0.0,766.0,248.0,229.0,54.0,35.0,144.0,-695.0
178.0,,-23.0,694.0,203.0,193.0,59.0,-84.0,125.0,-750.0
148.0,,-30.0,602.0,156.0,129.0,108.0,234.0,111.0,-780.0
106.0,,-55.0,470.0,130.0,90.0,150.0,-79.0,96.0,-770.0
95.0,,-56.0,382.0,123.0,95.0,179.0,230.0,80.0,-716.0
76.0,,-90.0,274.0,124.0,148.0,196.0,51.0,76.0,-655.0
6.0,,-85.0,211.0,132.0,131.0,227.0,31.0,81.0,-594.0
-47.0,,-74.0,216.0,146.0,104.0,252.0,131.0,100.0,-494.0
-53.0,,-76.0,162.0,165.0,123.0,255.0,-206.0,109.0,-385.0
-91.0,,-56.0,152.0,193.0,185.0,277.0,57.0,91.0,-287.0
-177.0,,-51.0,148.0,218.0,196.0,276.0,-267.0,60.0,-198.0
-235.0,,-22.0,162.0,218.0,149.0,267.0,-86.0,26.0,-123.0
-271.0,,-2.0,205.0,190.0,121.0,280.0,-64.0,-31.0,-55.0
-324.0,,23.0,237.0,132.0,116.0,318.0,-97.0,-92.0,20.0
-367.0,,39.0,339.0,46.0,134.0,364.0,188.0,-129.0,48.0
-438.0,,22.0,452.0,-50.0,115.0,402.0,-107.0,-176.0,38.0
-480.0,,30.0,547.0,-140.0,89.0,423.0,184.0,-220.0,28.0
-473.0,,3.0,603.0,-215.0,85.0,426.0,-60.0,-239.0,-7.0
-475.0,,-33.0,611.0,-264.0,92.0,436.0,-1.0,-244.0,-45.0
-480.0,,-58.0,601.0,-272.0,95.0,426.0,77.0,-227.0,-103.0
-429.0,,-106.0,559.0,-253.0,125.0,414.0,-171.0,-200.0,-161.0
-343.0,,-154.0,557.0,-229.0,141.0,430.0,168.0,-176.0,-217.0
-303.0,,-202.0,528.0,-212.0,98.0,432.0,-110.0,-158.0,-298.0
-231.0,,-269.0,483.0,-190.0,67.0,411.0,147.0,-143.0,-353.0
-132.0,,-315.0,478.0,-157.0,81.0,415.0,88.0,-131.0,-370.0
-71.0,,-356.0,487.0,-126.0,84.0,450.0,38.0,-137.0,-351.0
-51.0,,-417.0,584.0,-85.0,47.0,461.0,275.0,-149.0,-280.0
2.0,,-442.0,650.0,-41.0,56.0,450.0,25.0,-167.0,-199.0
59.0,,-461.0,681.0,0.0,54.0,455.0,382.0,-198.0,-111.0
80.0,,-480.0,742.0,47.0,53.0,461.0,125.0,-235.0,-10.0
106.0,,-471.0,752.0,93.0,49.0,438.0,301.0,-280.0,63.0
115.0,,-456.0,740.0,126.0,49.0,404.0,382.0,-320.0,112.0
129.0,,-436.0,672.0,154.0,79.0,379.0,175.0,-357.0,142.0
106.0,,-385.0,536.0,179.0,20.0,372.0,441.0,-392.0,159.0
64.0,,-361.0,420.0,189.0,-18.0,349.0,59.0,-420.0,161.0
17.0,,-325.0,328.0,188.0,-10.0,317.0,299.0,-429.0,168.0
-1.0,,-274.0,221.0,191.0,-22.0,269.0,190.0,-406.0,180.0
-45.0,,-258.0,156.0,190.0,-9.0,246.0,253.0,-382.0,204.0
-141.0,,-214.0,139.0,166.0,63.0,250.0,476.0,-355.0,240.0
-195.0,,-195.0,103.0,119.0,66.0,204.0,280.0,-305.0,279.0
-252.0,,-177.0,86.0,63.0,23.0,190.0,646.0,-262.0,337.0
-305.0,,-149.0,99.0,-3.0,54.0,171.0,327.0,-203.0,378.0
-375.0,,-137.0,104.0,-65.0,28.0,158.0,478.0,-136.0,389.0
-395.0,,-145.0,100.0,-105.0,-14.0,179.0,434.0,-85.0,380.0
-424.0,,-124.0,81.0,-131.0,16.0,155.0,306.0,-40.0,339.0
-481.0,,-121.0,121.0,-155.0,77.0,127.0,591.0,0.0,272.0
-464.0,,-132.0,190.0,-171.0,70.0,95.0,295.0,30.0,168.0
-468.0,,-112.0,256.0,-191.0,27.0,96.0,602.0,28.0,45.0
-459.0,,-118.0,344.0,-233.0,50.0,112.0,408.0,25.0,-85.0
-456.0,,-99.0,387.0,-282.0,52.0,77.0,432.0,39.0,-227.0
-428.0,,-110.0,453.0,-310.0,7.0,17.0,480.0,55.0,-348.0
-364.0,,-94.0,522.0,-305.0,-43.0,-7.0,210.0,87.0,-453.0
-326.0,,-102.0,563.0,-277.0,-54.0,-31.0,489.0,121.0,-539.0
-290.0,,-118.0,610.0,-239.0,-24.0,-89.0,140.0,154.0,-622.0
-263.0,,-93.0,654.0,-202.0,-4.0,-119.0,376.0,201.0,-714.0
-202.0,,-135.0,702.0,-176.0,-24.0,-143.0,352.0,220.0,-791.0
-151.0,,-115.0,682.0,-168.0,-60.0,-157.0,262.0,229.0,-854.0
-146.0,,-120.0,683.0,-176.0,-25.0,-168.0,471.0,242.0,-903.0
-139.0,,-121.0,675.0,-173.0,-16.0,-186.0,96.0,241.0,-938.0
-93.0,,-90.0,574.0,-143.0,-78.0,-177.0,369.0,237.0,-943.0
-72.0,,-85.0,504.0,-85.0,-98.0,-168.0,227.0,240.0,-925.0
-78.0,,-61.0,467.0,-5.0,-103.0,-182.0,426.0,256.0,-888.0
-59.0,,-32.0,409.0,76.0,-95.0,-162.0,591.0,262.0,-836.0
-24.0,,0.0,348.0,138.0,-126.0,-138.0,434.0,262.0,-784.0
3.0,,2.0,295.0,169.0,-154.0,-182.0,750.0,242.0,-717.0
11.0,,36.0,294.0,179.0,-87.0,-210.0,424.0,214.0,-661.0
34.0,,37.0,310.0,170.0,-94.0,-210.0,674.0,185.0,-638.0
54.0,,64.0,262.0,151.0,-185.0,-215.0,596.0,155.0,-624.0
88.0,,75.0,236.0,140.0,-226.0,-247.0,556.0,134.0,-614.0
97.0,,63.0,246.0,135.0,-203.0,-298.0,809.0,106.0,-635.0
88.0,,73.0,244.0,125.0,-179.0,-314.0,539.0,110.0,-669.0
112.0,,14.0,287.0,93.0,-185.0,-310.0,844.0,129.0,-699.0
90.0,,7.0,368.0,48.0,-190.0,-299.0,611.0,154.0,-742.0
55.0,,-8.0,462.0,1.0,-220.0,-301.0,691.0,191.0,-777.0
64.0,,-29.0,580.0,-42.0,-226.0,-297.0,661.0,242.0,-807.0
94.0,,-43.0,646.0,-70.0,-246.0,-303.0,461.0,278.0,-830.0
69.0,,-43.0,647.0,-97.0,-325.0,-286.0,740.0,277.0,-826.0
43.0,,-30.0,618.0,-136.0,-344.0,-249.0,432.0,278.0,-797.0
35.0,,-31.0,513.0,-174.0,-309.0,-237.0,715.0,258.0,-739.0
-2.0,,0.0,382.0,-192.0,-307.0,-219.0,583.0,224.0,-685.0
-17.0,,-2.0,294.0,-185.0,-367.0,-218.0,606.0,220.0,-633.0
-5.0,,19.0,201.0,-164.0,-409.0,-243.0,822.0,213.0,-577.0
-1.0,,28.0,105.0,-139.0,-384.0,-258.0,587.0,196.0,-540.0
-4.0,,17.0,90.0,-113.0,-344.0,-266.0,927.0,191.0,-510.0
39.0,,23.0,104.0,-88.0,-319.0,-295.0,683.0,185.0,-493.0
82.0,,3.0,132.0,-61.0,-361.0,-316.0,862.0,170.0,-472.0
90.0,,-9.0,221.0,-22.0,-379.0,-336.0,853.0,161.0,-451.0
128.0,,-45.0,308.0,16.0,-350.0,-357.0,740.0,149.0,-419.0
167.0,,-106.0,412.0,45.0,-407.0,-368.0,995.0,151.0,-350.0
210.0,,-158.0,522.0,69.0,-450.0,-384.0,642.0,148.0,-261.0
261.0,,-206.0,532.0,86.0,-425.0,-373.0,866.0,140.0,-123.0
335.0,,-265.0,448.0,87.0,-408.0,-370.0,609.0,146.0,41.0
422.0,,-302.0,413.0,78.0,-411.0,-388.0,650.0,140.0,215.0
468.0,,-352.0,400.0,82.0,-420.0,-396.0,759.0,132.0,409.0
526.0,,-382.0,353.0,104.0,-412.0,-400.0,430.0,135.0,583.0
571.0,,-395.0,294.0,133.0,-431.0,-389.0,696.0,125.0,741.0
581.0,,-416.0,243.0,145.0,-475.0,-361.0,404.0,118.0,881.0
594.0,,-397.0,274.0,130.0,-505.0,-354.0,611.0,110.0,984.0
586.0,,-389.0,257.0,110.0,-494.0,-367.0,572.0,105.0,1061.0
589.0,,-367.0,235.0,102.0,-473.0,-368.0,528.0,95.0,1082.0
590.0,,-341.0,333.0,98.0,-492.0,-359.0,777.0,66.0,1068.0
572.0,,-311.0,439.0,72.0,-534.0,-373.0,439.0,32.0,1019.0
546.0,,-269.0,500.0,13.0,-540.0,-366.0,722.0,-11.0,913.0
516.0,,-234.0,498.0,-41.0,-452.0,-333.0,500.0,-60.0,778.0
508.0,,-197.0,511.0,-71.0,-452.0,-331.0,593.0,-106.0,615.0
493.0,,-175.0,567.0,-69.0,-502.0,-333.0,698.0,-145.0,441.0
492.0,,-129.0,569.0,-43.0,-444.0,-335.0,469.0,-188.0,273.0
481.0,,-101.0,560.0,-15.0,-421.0,-322.0,696.0,-218.0,114.0
452.0,,-96.0,470.0,0.0,-434.0,-298.0,330.0,-201.0,-29.0
460.0,,-62.0,321.0,0.0,-472.0,-258.0,526.0,-184.0,-166.0
435.0,,-32.0,245.0,3.0,-457.0,-217.0,421.0,-169.0,-282.0
407.0,,-29.0,177.0,20.0,-404.0,-207.0,389.0,-135.0,-382.0
398.0,,-10.0,155.0,65.0,-398.0,-199.0,567.0,-73.0,-465.0
366.0,,14.0,107.0,142.0,-384.0,-197.0,216.0,12.0,-505.0
348.0,,19.0,83.0,225.0,-413.0,-202.0,495.0,96.0,-529.0
342.0,,43.0,138.0,293.0,-420.0,-178.0,234.0,199.0,-520.0
343.0,,69.0,176.0,330.0,-402.0,-129.0,328.0,292.0,-473.0
290.0,,93.0,216.0,328.0,-426.0,-104.0,354.0,363.0,-408.0
221.0,,132.0,180.0,291.0,-431.0,-71.0,166.0,425.0,-331.0
228.0,,183.0,187.0,236.0,-340.0,-23.0,448.0,469.0,-231.0
187.0,,226.0,256.0,187.0,-254.0,10.0,118.0,493.0,-98.0
96.0,,266.0,275.0,164.0,-258.0,17.0,325.0,487.0,14.0
60.0,,305.0,286.0,160.0,-215.0,38.0,127.0,466.0,153.0
77.0,,338.0,246.0,164.0,-166.0,88.0,51.0,431.0,296.0
61.0,,374.0,213.0,163.0,-95.0,75.0,208.0,383.0,396.0
4.0,,413.0,211.0,140.0,-64.0,79.0,0.0,316.0,498.0
9.0,,449.0,166.0,100.0,-148.0,125.0,406.0,230.0,578.0
48.0,,476.0,135.0,61.0,-154.0,184.0,179.0,158.0,632.0
85.0,,523.0,130.0,36.0,-112.0,231.0,327.0,88.0,655.0
109.0,,545.0,120.0,27.0,-91.0,227.0,282.0,24.0,675.0
132.0,,582.0,158.0,29.0,-71.0,249.0,103.0,-28.0,687.0
167.0,,628.0,221.0,10.0,-6.0,235.0,358.0,-95.0,661.0
183.0,,641.0,284.0,-50.0,48.0,218.0,16.0,-152.0,626.0
169.0,,664.0,361.0,-119.0,89.0,244.0,284.0,-212.0,596.0
163.0,,679.0,432.0,-150.0,123.0,246.0,60.0,-284.0,527.0
173.0,,686.0,503.0,-148.0,125.0,257.0,73.0,-322.0,426.0
122.0,,676.0,543.0,-128.0,159.0,249.0,256.0,-356.0,323.0
106.0,,662.0,501.0,-86.0,108.0,230.0,7.0,-374.0,220.0
135.0,,634.0,454.0,-36.0,101.0,241.0,304.0,-372.0,136.0
97.0,,604.0,404.0,14.0,179.0,266.0,-59.0,-374.0,66.0
82.0,,560.0,366.0,45.0,221.0,306.0,88.0,-343.0,25.0
109.0,,500.0,415.0,46.0,240.0,313.0,49.0,-338.0,12.0
131.0,,444.0,404.0,22.0,229.0,299.0,-24.0,-350.0,11.0
130.0,,356.0,359.0,-18.0,242.0,309.0,308.0,-361.0,47.0
149.0,,279.0,339.0,-49.0,224.0,310.0,97.0,-383.0,74.0
199.0,,207.0,290.0,-66.0,232.0,318.0,474.0,-391.0,99.0
226.0,,118.0,283.0,-57.0,258.0,303.0,223.0,-403.0,158.0
232.0,,42.0,286.0,-22.0,275.0,264.0,240.0,-420.0,219.0
242.0,,-20.0,267.0,17.0,288.0,253.0,299.0,-443.0,277.0
288.0,,-77.0,226.0,42.0,241.0,252.0,-16.0,-452.0,349.0
306.0,,-116.0,145.0,37.0,254.0,237.0,227.0,-482.0,424.0
311.0,,-156.0,58.0,17.0,269.0,209.0,-145.0,-531.0,488.0
352.0,,-176.0,17.0,-4.0,263.0,197.0,11.0,-561.0,561.0
399.0,,-174.0,-13.0,-12.0,253.0,188.0,-97.0,-582.0,632.0
449.0,,-175.0,-48.0,-1.0,220.0,193.0,-158.0,-597.0,678.0
467.0,,-131.0,-67.0,13.0,189.0,211.0,110.0,-611.0,713.0
482.0,,-81.0,-105.0,27.0,143.0,205.0,-81.0,-610.0,757.0
525.0,,-51.0,-81.0,46.0,112.0,172.0,299.0,-581.0,785.0
538.0,,8.0,-76.0,77.0,71.0,144.0,38.0,-528.0,781.0
537.0,,52.0,-93.0,95.0,136.0,130.0,123.0,-495.0,767.0
581.0,,71.0,-21.0,80.0,231.0,106.0,197.0,-460.0,710.0
626.0,,104.0,40.0,30.0,166.0,114.0,40.0,-427.0,643.0
652.0,,110.0,144.0,-30.0,74.0,119.0,343.0,-411.0,549.0
708.0,,108.0,214.0,-68.0,20.0,91.0,-11.0,-383.0,412.0
750.0,,96.0,261.0,-80.0,-6.0,90.0,229.0,-363.0,279.0
743.0,,71.0,361.0,-75.0,-6.0,115.0,81.0,-316.0,106.0
749.0,,58.0,383.0,-82.0,-21.0,127.0,-20.0,-256.0,-51.0
785.0,,10.0,446.0,-112.0,-31.0,115.0,127.0,-216.0,-200.0
783.0,,-36.0,540.0,-152.0,1.0,130.0,-219.0,-171.0,-357.0
777.0,,-89.0,543.0,-191.0,-47.0,158.0,25.0,-119.0,-502.0
803.0,,-134.0,529.0,-226.0,-96.0,172.0,-195.0,-67.0,-621.0
799.0,,-175.0,523.0,-270.0,-64.0,186.0,-9.0,-10.0,-689.0
752.0,,-232.0,516.0,-311.0,-86.0,181.0,3.0,53.0,-721.0
721.0,,-251.0,456.0,-335.0,-72.0,166.0,-188.0,109.0,-702.0
713.0,,-258.0,318.0,-334.0,-85.0,164.0,18.0,157.0,-659.0
663.0,,-266.0,210.0,-313.0,-144.0,176.0,-332.0,199.0,-597.0
632.0,,-277.0,169.0,-293.0,-172.0,171.0,-24.0,248.0,-537.0
648.0,,-267.0,138.0,-275.0,-206.0,123.0,-155.0,287.0,-486.0
644.0,,-244.0,121.0,-254.0,-223.0,101.0,-158.0,323.0,-444.0
602.0,,-225.0,89.0,-219.0,-225.0,90.0,-53.0,360.0,-423.0
586.0,,-197.0,60.0,-162.0,-181.0,40.0,-395.0,375.0,-427.0
621.0,,-150.0,39.0,-86.0,-179.0,42.0,-118.0,408.0,-460.0
605.0,,-94.0,23.0,-21.0,-204.0,24.0,-428.0,454.0,-487.0
579.0,,-56.0,57.0,15.0,-237.0,-20.0,-273.0,488.0,-520.0
556.0,,-26.0,43.0,31.0,-225.0,-31.0,-293.0,531.0,-527.0
551.0,,1.0,16.0,5.0,-136.0,-60.0,-397.0,597.0,-521.0
570.0,,6.0,-3.0,-58.0,-159.0,-68.0,-62.0,646.0,-494.0
503.0,,13.0,-64.0,-134.0,-171.0,-71.0,-338.0,689.0,-422.0
455.0,,36.0,-71.0,-197.0,-137.0,-78.0,-48.0,751.0,-356.0
438.0,,18.0,-113.0,-225.0,-114.0,-79.0,-279.0,806.0,-307.0
404.0,,30.0,-203.0,-207.0,-95.0,-70.0,-319.0,836.0,-259.0
352.0,,41.0,-312.0,-155.0,-139.0,-71.0,-266.0,846.0,-236.0
289.0,,53.0,-445.0,-89.0,-109.0,-96.0,-570.0,834.0,-270.0
269.0,,80.0,-522.0,-19.0,-54.0,-85.0,-266.0,807.0,-319.0
235.0,,84.0,-628.0,49.0,-38.0,-80.0,-511.0,775.0,-398.0
202.0,,138.0,-709.0,114.0,-1.0,-71.0,-308.0,719.0,-488.0
149.0,,155.0,-689.0,161.0,-27.0,-40.0,-412.0,658.0,-567.0
110.0,,186.0,-614.0,197.0,-57.0,-35.0,-522.0,594.0,-651.0
105.0,,239.0,-508.0,239.0,-33.0,-51.0,-293.0,515.0,-697.0
78.0,,262.0,-399.0,280.0,-37.0,-80.0,-611.0,433.0,-707.0
48.0,,307.0,-285.0,306.0,-50.0,-99.0,-269.0,331.0,-689.0
-5.0,,313.0,-181.0,296.0,-33.0,-91.0,-469.0,237.0,-636.0
-14.0,,328.0,-79.0,249.0,-10.0,-91.0,-380.0,136.0,-548.0
-33.0,,349.0,20.0,177.0,-49.0,-87.0,-229.0,26.0,-453.0
-114.0,,329.0,131.0,93.0,-58.0,-104.0,-419.0,-71.0,-348.0
-158.0,,320.0,194.0,-5.0,22.0,-129.0,-101.0,-161.0,-235.0
-160.0,,288.0,189.0,-120.0,37.0,-121.0,-443.0,-238.0,-157.0
-197.0,,235.0,177.0,-223.0,33.0,-125.0,-290.0,-297.0,-75.0
-243.0,,204.0,175.0,-288.0,68.0,-137.0,-417.0,-337.0,25.0
-228.0,,141.0,195.0,-315.0,95.0,-163.0,-522.0,-363.0,108.0
-219.0,,96.0,166.0,-304.0,82.0,-155.0,-363.0,-353.0,164.0
-225.0,,66.0,168.0,-246.0,36.0,-148.0,-716.0,-324.0,185.0
-247.0,,1.0,176.0,-159.0,98.0,-155.0,-382.0,-285.0,205.0
-251.0,,-15.0,126.0,-57.0,184.0,-135.0,-565.0,-221.0,216.0
-235.0,,-42.0,98.0,54.0,183.0,-115.0,-452.0,-152.0,200.0
-236.0,,-84.0,44.0,166.0,149.0,-104.0,-388.0,-88.0,186.0
-242.0,,-77.0,24.0,269.0,159.0,-142.0,-594.0,-37.0,180.0
-209.0,,-115.0,4.0,336.0,203.0,-163.0,-290.0,7.0,172.0
-142.0,,-142.0,-19.0,360.0,189.0,-174.0,-587.0,44.0,134.0
-146.0,,-134.0,-2.0,342.0,171.0,-183.0,-336.0,73.0,64.0
-169.0,,-150.0,37.0,287.0,208.0,-207.0,-417.0,72.0,-20.0
-142.0,,-158.0,128.0,202.0,277.0,-256.0,-454.0,40.0,-99.0
-88.0,,-158.0,217.0,96.0,260.0,-292.0,-291.0,2.0,-191.0
-96.0,,-163.0,340.0,1.0,215.0,-321.0,-657.0,-34.0,-288.0
-131.0,,-162.0,496.0,-60.0,217.0,-321.0,-402.0,-57.0,-370.0
-90.0,,-156.0,617.0,-91.0,214.0,-352.0,-674.0,-66.0,-442.0
-42.0,,-175.0,716.0,-93.0,290.0,-377.0,-587.0,-67.0,-479.0
-59.0,,-177.0,792.0,-70.0,313.0,-401.0,-572.0,-70.0,-490.0
-89.0,,-178.0,840.0,-42.0,290.0,-433.0,-761.0,-70.0,-480.0
-50.0,,-189.0,832.0,-23.0,306.0,-449.0,-493.0,-82.0,-461.0
10.0,,-182.0,788.0,-26.0,294.0,-458.0,-809.0,-105.0,-422.0
47.0,,-174.0,805.0,-44.0,352.0,-455.0,-569.0,-121.0,-351.0
26.0,,-141.0,772.0,-64.0,372.0,-474.0,-715.0,-150.0,-294.0
31.0,,-118.0,673.0,-76.0,337.0,-458.0,-739.0,-177.0,-239.0
77.0,,-106.0,635.0,-87.0,354.0,-458.0,-582.0,-201.0,-167.0
89.0,,-96.0,613.0,-96.0,343.0,-487.0,-803.0,-222.0,-108.0
88.0,,-93.0,584.0,-86.0,310.0,-472.0,-419.0,-227.0,-47.0
59.0,,-113.0,489.0,-57.0,276.0,-465.0,-657.0,-266.0,27.0
62.0,,-124.0,377.0,-15.0,258.0,-462.0,-539.0,-302.0,93.0
78.0,,-137.0,306.0,21.0,250.0,-458.0,-618.0,-309.0,149.0
67.0,,-174.0,238.0,38.0,279.0,-458.0,-859.0,-335.0,217.0
45.0,,-180.0,207.0,45.0,329.0,-461.0,-661.0,-341.0,254.0
29.0,,-218.0,163.0,48.0,279.0,-479.0,-951.0,-326.0,246.0
26.0,,-248.0,140.0,44.0,278.0,-463.0,-663.0,-295.0,245.0
-2.0,,-281.0,115.0,29.0,340.0,-480.0,-848.0,-256.0,222.0
-30.0,,-325.0,42.0,11.0,336.0,-526.0,-849.0,-215.0,163.0
-36.0,,-349.0,27.0,-12.0,338.0,-515.0,-770.0,-173.0,86.0
-72.0,,-380.0,52.0,-53.0,292.0,-510.0,-1038.0,-165.0,-24.0
-121.0,,-389.0,48.0,-110.0,220.0,-526.0,-681.0,-150.0,-150.0
-130.0,,-402.0,24.0,-161.0,200.0,-594.0,-927.0,-126.0,-259.0
-109.0,,-386.0,67.0,-191.0,205.0,-627.0,-696.0,-102.0,-355.0
-110.0,,-360.0,164.0,-188.0,233.0,-600.0,-661.0,-62.0,-430.0
-119.0,,-334.0,252.0,-142.0,271.0,-592.0,-757.0,-3.0,-487.0
-72.0,,-285.0,350.0,-86.0,332.0,-562.0,-515.0,72.0,-532.0
-8.0,,-260.0,458.0,-53.0,365.0,-562.0,-790.0,142.0,-578.0
32.0,,-213.0,546.0,-55.0,353.0,-571.0,-478.0,232.0,-610.0
75.0,,-169.0,636.0,-77.0,383.0,-575.0,-668.0,316.0,-627.0
161.0,,-146.0,736.0,-111.0,400.0,-584.0,-624.0,372.0,-647.0
268.0,,-119.0,776.0,-156.0,355.0,-581.0,-548.0,423.0,-656.0
330.0,,-89.0,764.0,-201.0,323.0,-606.0,-801.0,460.0,-660.0
380.0,,-57.0,675.0,-236.0,313.0,-637.0,-506.0,475.0,-664.0
433.0,,-28.0,573.0,-238.0,329.0,-642.0,-794.0,463.0,-677.0
508.0,,9.0,550.0,-214.0,325.0,-623.0,-541.0,429.0,-681.0
562.0,,41.0,459.0,-178.0,204.0,-620.0,-565.0,380.0,-676.0
576.0,,76.0,349.0,-154.0,115.0,-624.0,-615.0,305.0,-653.0
597.0,,108.0,287.0,-155.0,141.0,-648.0,-375.0,212.0,-616.0
625.0,,123.0,231.0,-156.0,128.0,-678.0,-696.0,109.0,-587.0
625.0,,145.0,266.0,-144.0,108.0,-674.0,-432.0,10.0,-558.0
591.0,,169.0,328.0,-121.0,86.0,-662.0,-698.0,-90.0,-539.0
590.0,,180.0,387.0,-82.0,87.0,-630.0,-596.0,-194.0,-523.0
557.0,,207.0,461.0,-33.0,118.0,-595.0,-450.0,-273.0,-512.0
487.0,,244.0,582.0,11.0,104.0,-531.0,-613.0,-326.0,-497.0
437.0,,277.0,716.0,30.0,103.0,-464.0,-317.0,-361.0,-459.0
384.0,,306.0,757.0,14.0,73.0,-433.0,-652.0,-369.0,-403.0
324.0,,320.0,759.0,-37.0,-5.0,-367.0,-424.0,-372.0,-330.0
249.0,,349.0,702.0,-106.0,-29.0,-312.0,-565.0,-375.0,-234.0
212.0,,357.0,692.0,-165.0,14.0,-282.0,-644.0,-373.0,-128.0
158.0,,371.0,720.0,-200.0,41.0,-260.0,-400.0,-373.0,-30.0
69.0,,403.0,717.0,-202.0,51.0,-255.0,-617.0,-382.0,59.0
-16.0,,391.0,730.0,-190.0,58.0,-248.0,-247.0,-376.0,113.0
-103.0,,396.0,671.0,-181.0,71.0,-271.0,-467.0,-360.0,113.0
-128.0,,390.0,673.0,-163.0,110.0,-300.0,-295.0,-346.0,51.0
-161.0,,376.0,750.0,-114.0,114.0,-322.0,-282.0,-319.0,-72.0
-233.0,,367.0,781.0,-46.0,61.0,-352.0,-526.0,-289.0,-230.0
-292.0,,335.0,780.0,16.0,-13.0,-358.0,-234.0,-253.0,-415.0
-298.0,,302.0,785.0,64.0,-28.0,-372.0,-497.0,-207.0,-631.0
-301.0,,268.0,895.0,85.0,-6.0,-408.0,-188.0,-167.0,-822.0
-373.0,,245.0,970.0,71.0,-26.0,-395.0,-332.0,-134.0,-981.0
-424.0,,232.0,908.0,35.0,-48.0,-371.0,-399.0,-102.0,-1123.0
-417.0,,224.0,812.0,-16.0,-42.0,-342.0,-295.0,-75.0,-1217.0
-396.0,,229.0,754.0,-75.0,-79.0,-285.0,-606.0,-61.0,-1266.0
-405.0,,246.0,723.0,-121.0,-162.0,-277.0,-288.0,-56.0,-1288.0
-424.0,,266.0,667.0,-146.0,-177.0,-299.0,-519.0,-50.0,-1277.0
-395.0,,304.0,562.0,-156.0,-160.0,-333.0,-332.0,-44.0,-1241.0
-327.0,,343.0,428.0,-151.0,-134.0,-338.0,-304.0,-42.0,-1201.0
-311.0,,379.0,348.0,-131.0,-129.0,-338.0,-430.0,-45.0,-1134.0
-327.0,,441.0,330.0,-84.0,-173.0,-374.0,-155.0,-51.0,-1069.0
-256.0,,474.0,342.0,-5.0,-121.0,-389.0,-454.0,-53.0,-1001.0
-191.0,,517.0,390.0,87.0,-40.0,-410.0,-134.0,-50.0,-904.0
-158.0,,550.0,453.0,161.0,-25.0,-416.0,-210.0,-31.0,-826.0
-132.0,,573.0,545.0,197.0,-26.0,-433.0,-145.0,2.0,-758.0
-87.0,,597.0,643.0,188.0,-73.0,-464.0,-38.0,54.0,-689.0
0.0,,604.0,708.0,135.0,-95.0,-456.0,-356.0,120.0,-624.0
0.0,,641.0,795.0,67.0,-83.0,-429.0,-73.0,181.0,-562.0
-3.0,,652.0,858.0,19.0,-112.0,-408.0,-336.0,244.0,-464.0
56.0,,657.0,870.0,11.0,-113.0,-406.0,-168.0,289.0,-354.0
113.0,,668.0,847.0,33.0,-138.0,-396.0,-273.0,310.0,-250.0
124.0,,648.0,862.0,68.0,-193.0,-408.0,-445.0,298.0,-111.0
134.0,,637.0,865.0,92.0,-219.0,-423.0,-179.0,273.0,0.0
184.0,,630.0,725.0,96.0,-218.0,-425.0,-498.0,253.0,96.0
233.0,,618.0,616.0,98.0,-191.0,-404.0,-158.0,208.0,192.0
278.0,,604.0,585.0,105.0,-222.0,-380.0,-284.0,176.0,258.0
287.0,,594.0,568.0,122.0,-238.0,-370.0,-227.0,121.0,291.0
305.0,,574.0,501.0,149.0,-187.0,-336.0,-88.0,60.0,264.0
334.0,,537.0,403.0,163.0,-175.0,-331.0,-334.0,7.0,219.0
331.0,,509.0,306.0,149.0,-167.0,-310.0,-75.0,-60.0,151.0
302.0,,488.0,269.0,112.0,-138.0,-309.0,-408.0,-112.0,71.0
302.0,,428.0,422.0,66.0,-95.0,-338.0,-229.0,-168.0,-26.0
303.0,,386.0,515.0,23.0,-6.0,-329.0,-312.0,-205.0,-158.0
262.0,,350.0,541.0,-7.0,33.0,-358.0,-332.0,-202.0,-282.0
251.0,,277.0,676.0,-15.0,43.0,-372.0,-14.0,-168.0,-435.0
231.0,,246.0,847.0,-8.0,110.0,-350.0,-280.0,-115.0,-588.0
238.0,,181.0,1013.0,1.0,87.0,-353.0,29.0,-53.0,-717.0
218.0,,123.0,1037.0,9.0,27.0,-376.0,-188.0,23.0,-847.0
167.0,,84.0,1019.0,2.0,31.0,-394.0,-72.0,98.0,-953.0
176.0,,20.0,1105.0,-3.0,33.0,-405.0,64.0,193.0,-1022.0
173.0,,-33.0,1068.0,0.0,20.0,-428.0,-36.0,267.0,-1075.0
175.0,,-98.0,976.0,11.0,-46.0,-459.0,360.0,317.0,-1109.0
151.0,,-160.0,918.0,28.0,-112.0,-497.0,84.0,365.0,-1101.0
179.0,,-241.0,778.0,41.0,-85.0,-513.0,328.0,396.0,-1094.0
218.0,,-323.0,684.0,42.0,-20.0,-508.0,210.0,408.0,-1088.0
212.0,,-386.0,643.0,30.0,-8.0,-510.0,160.0,403.0,-1043.0
258.0,,-449.0,629.0,19.0,-39.0,-522.0,388.0,422.0,-996.0
294.0,,-531.0,605.0,7.0,16.0,-536.0,97.0,420.0,-959.0
361.0,,-584.0,530.0,-14.0,122.0,-544.0,445.0,408.0,-908.0
388.0,,-622.0,511.0,-28.0,99.0,-552.0,201.0,421.0,-865.0
387.0,,-678.0,584.0,-26.0,91.0,-562.0,288.0,428.0,-832.0
432.0,,-695.0,639.0,-3.0,210.0,-566.0,334.0,448.0,-796.0
479.0,,-696.0,612.0,34.0,248.0,-522.0,203.0,459.0,-799.0
513.0,,-699.0,595.0,53.0,188.0,-479.0,559.0,464.0,-813.0
496.0,,-685.0,574.0,37.0,154.0,-469.0,286.0,464.0,-838.0
538.0,,-633.0,659.0,-4.0,203.0,-447.0,606.0,452.0,-887.0
624.0,,-589.0,737.0,-53.0,251.0,-431.0,515.0,445.0,-913.0
615.0,,-533.0,653.0,-101.0,221.0,-398.0,498.0,439.0,-928.0
571.0,,-447.0,602.0,-151.0,205.0,-347.0,681.0,438.0,-938.0
579.0,,-398.0,570.0,-197.0,223.0,-318.0,415.0,453.0,-910.0
600.0,,-335.0,602.0,-243.0,213.0,-303.0,739.0,463.0,-834.0
589.0,,-266.0,623.0,-283.0,149.0,-288.0,436.0,464.0,-760.0
521.0,,-232.0,574.0,-310.0,104.0,-275.0,515.0,464.0,-627.0
507.0,,-186.0,619.0,-322.0,127.0,-272.0,482.0,473.0,-448.0
510.0,,-131.0,694.0,-314.0,151.0,-286.0,288.0,498.0,-302.0
457.0,,-106.0,781.0,-291.0,161.0,-262.0,524.0,516.0,-125.0
401.0,,-66.0,848.0,-258.0,142.0,-221.0,182.0,509.0,17.0
310.0,,-4.0,848.0,-208.0,114.0,-213.0,458.0,488.0,144.0
281.0,,23.0,882.0,-155.0,132.0,-196.0,347.0,468.0,267.0
220.0,,71.0,917.0,-123.0,165.0,-182.0,388.0,435.0,334.0
113.0,,113.0,866.0,-105.0,181.0,-147.0,572.0,399.0,376.0
81.0,,143.0,723.0,-87.0,182.0,-96.0,297.0,366.0,396.0
65.0,,207.0,562.0,-69.0,223.0,-77.0,550.0,324.0,414.0
24.0,,261.0,522.0,-48.0,258.0,-81.0,229.0,288.0,394.0
-71.0,,326.0,508.0,-23.0,219.0,-75.0,375.0,261.0,359.0
-124.0,,380.0,347.0,5.0,230.0,-42.0,341.0,237.0,332.0
-145.0,,446.0,179.0,31.0,243.0,-23.0,195.0,224.0,267.0
-184.0,,518.0,171.0,59.0,173.0,-35.0,463.0,228.0,193.0
-214.0,,557.0,228.0,97.0,124.0,-42.0,96.0,219.0,104.0
-247.0,,597.0,218.0,130.0,112.0,-42.0,334.0,200.0,1.0
-248.0,,622.0,174.0,139.0,167.0,-72.0,157.0,181.0,-92.0
-253.0,,634.0,248.0,120.0,181.0,-84.0,212.0,162.0,-192.0
-281.0,,633.0,361.0,91.0,81.0,-48.0,386.0,137.0,-297.0
-286.0,,624.0,385.0,75.0,87.0,-64.0,155.0,91.0,-373.0
-263.0,,615.0,404.0,74.0,175.0,-89.0,526.0,47.0,-416.0
-289.0,,588.0,398.0,76.0,225.0,-60.0,262.0,0.0,-449.0
-320.0,,563.0,384.0,72.0,194.0,-40.0,417.0,-52.0,-443.0
-285.0,,540.0,380.0,48.0,154.0,-35.0,330.0,-85.0,-425.0
-273.0,,488.0,374.0,4.0,308.0,-13.0,110.0,-100.0,-410.0
-278.0,,444.0,347.0,-50.0,423.0,31.0,238.0,-108.0,-364.0
-291.0,,406.0,262.0,-91.0,318.0,39.0,-157.0,-108.0,-315.0
-273.0,,340.0,251.0,-93.0,226.0,10.0,96.0,-100.0,-264.0
-250.0,,297.0,276.0,-45.0,271.0,29.0,-97.0,-103.0,-193.0
-253.0,,254.0,273.0,33.0,364.0,67.0,-36.0,-115.0,-106.0
-232.0,,229.0,325.0,110.0,343.0,83.0,3.0,-114.0,-36.0
-234.0,,199.0,348.0,162.0,237.0,119.0,-314.0,-131.0,31.0
-227.0,,162.0,349.0,182.0,294.0,134.0,-31.0,-139.0,97.0
-200.0,,154.0,419.0,181.0,411.0,130.0,-297.0,-133.0,143.0
-178.0,,117.0,465.0,156.0,348.0,148.0,-7.0,-134.0,193.0
-163.0,,105.0,474.0,104.0,361.0,159.0,-11.0,-121.0,217.0
-128.0,,72.0,454.0,52.0,453.0,161.0,-59.0,-114.0,247.0
-77.0,,50.0,458.0,19.0,502.0,129.0,133.0,-87.0,296.0
-62.0,,55.0,537.0,10.0,497.0,137.0,-256.0,-66.0,340.0
-28.0,,50.0,539.0,16.0,408.0,153.0,-77.0,-44.0,399.0
14.0,,65.0,476.0,22.0,436.0,134.0,-415.0,-3.0,458.0
73.0,,67.0,484.0,6.0,510.0,140.0,-328.0,27.0,516.0
155.0,,100.0,524.0,-24.0,475.0,141.0,-245.0,67.0,569.0
215.0,,117.0,566.0,-32.0,367.0,164.0,-412.0,94.0,621.0
282.0,,143.0,579.0,-8.0,395.0,168.0,-83.0,121.0,670.0
355.0,,189.0,581.0,36.0,500.0,176.0,-434.0,157.0,693.0
438.0,,230.0,690.0,90.0,499.0,206.0,-227.0,170.0,685.0
503.0,,272.0,754.0,131.0,488.0,199.0,-354.0,169.0,668.0
536.0,,305.0,821.0,141.0,474.0,197.0,-415.0,135.0,629.0
597.0,,354.0,996.0,120.0,565.0,197.0,-253.0,66.0,591.0
649.0,,391.0,1034.0,91.0,607.0,185.0,-533.0,-23.0,553.0
677.0,,454.0,1006.0,67.0,506.0,176.0,-182.0,-124.0,488.0
706.0,,500.0,998.0,57.0,491.0,173.0,-412.0,-230.0,462.0
742.0,,531.0,1101.0,71.0,547.0,166.0,-230.0,-328.0,439.0
802.0,,595.0,1199.0,102.0,536.0,148.0,-219.0,-387.0,421.0
850.0,,620.0,1223.0,135.0,518.0,151.0,-467.0,-433.0,412.0
894.0,,639.0,1290.0,142.0,542.0,180.0,-286.0,-459.0,375.0
922.0,,664.0,1136.0,120.0,562.0,206.0,-691.0,-453.0,374.0
960.0,,670.0,1035.0,76.0,590.0,194.0,-441.0,-441.0,365.0
1010.0,,658.0,976.0,9.0,528.0,199.0,-598.0,-428.0,326.0
1009.0,,641.0,792.0,-58.0,499.0,243.0,-576.0,-423.0,253.0
1033.0,,604.0,753.0,-119.0,483.0,246.0,-415.0,-392.0,168.0
1067.0,,564.0,676.0,-167.0,393.0,241.0,-646.0,-350.0,78.0
1092.0,,531.0,589.0,-184.0,353.0,252.0,-308.0,-300.0,-43.0
1111.0,,469.0,566.0,-176.0,271.0,260.0,-554.0,-221.0,-128.0
1115.0,,434.0,562.0,-155.0,250.0,277.0,-308.0,-156.0,-236.0
1139.0,,395.0,570.0,-135.0,274.0,266.0,-373.0,-86.0,-344.0
1164.0,,358.0,597.0,-119.0,201.0,244.0,-482.0,-9.0,-422.0
1159.0,,347.0,650.0,-100.0,182.0,253.0,-206.0,47.0,-536.0
1116.0,,311.0,664.0,-92.0,272.0,269.0,-508.0,82.0,-625.0
1088.0,,325.0,672.0,-102.0,354.0,281.0,-175.0,100.0,-703.0
1086.0,,333.0,622.0,-110.0,364.0,313.0,-395.0,119.0,-738.0
1061.0,,317.0,605.0,-94.0,376.0,314.0,-382.0,120.0,-720.0
996.0,,338.0,653.0,-58.0,431.0,306.0,-386.0,108.0,-707.0
956.0,,347.0,652.0,-27.0,442.0,334.0,-672.0,107.0,-665.0
945.0,,330.0,662.0,-10.0,369.0,335.0,-354.0,110.0,-601.0
884.0,,302.0,718.0,-3.0,272.0,320.0,-559.0,105.0,-532.0
803.0,,291.0,730.0,8.0,242.0,322.0,-195.0,93.0,-490.0
750.0,,269.0,681.0,32.0,271.0,303.0,-219.0,81.0,-447.0
711.0,,243.0,675.0,64.0,236.0,268.0,-238.0,68.0,-404.0
642.0,,216.0,678.0,100.0,148.0,235.0,-33.0,64.0,-406.0
585.0,,200.0,653.0,125.0,93.0,215.0,-384.0,56.0,-385.0
571.0,,194.0,606.0,131.0,68.0,208.0,-125.0,40.0,-369.0
561.0,,182.0,553.0,108.0,64.0,197.0,-412.0,38.0,-377.0
540.0,,165.0,574.0,66.0,22.0,172.0,-306.0,19.0,-378.0
514.0,,122.0,660.0,11.0,1.0,146.0,-251.0,-1.0,-358.0
493.0,,110.0,706.0,-49.0,39.0,132.0,-417.0,-25.0,-324.0
457.0,,66.0,679.0,-96.0,27.0,137.0,-131.0,-36.0,-287.0
408.0,,23.0,676.0,-125.0,15.0,117.0,-473.0,-28.0,-230.0
352.0,,7.0,747.0,-141.0,60.0,82.0,-245.0,-21.0,-164.0
300.0,,-26.0,771.0,-143.0,166.0,74.0,-436.0,-3.0,-58.0
269.0,,-20.0,766.0,-129.0,235.0,81.0,-471.0,24.0,46.0
235.0,,-19.0,816.0,-96.0,202.0,81.0,-282.0,57.0,153.0
186.0,,6.0,747.0,-54.0,230.0,64.0,-524.0,71.0,298.0
142.0,,33.0,623.0,-19.0,325.0,62.0,-195.0,80.0,436.0
129.0,,67.0,633.0,-11.0,298.0,58.0,-491.0,93.0,556.0
117.0,,117.0,657.0,-25.0,201.0,57.0,-345.0,98.0,639.0
78.0,,129.0,660.0,-35.0,213.0,73.0,-338.0,103.0,694.0
57.0,,163.0,561.0,-29.0,244.0,66.0,-487.0,121.0,706.0
53.0,,170.0,330.0,-13.0,179.0,50.0,-288.0,138.0,674.0
33.0,,186.0,246.0,-8.0,48.0,24.0,-678.0,143.0,606.0
12.0,,201.0,374.0,-34.0,15.0,-23.0,-430.0,138.0,508.0
0.0,,207.0,522.0,-80.0,81.0,-35.0,-582.0,132.0,409.0
-11.0,,230.0,532.0,-114.0,67.0,7.0,-452.0,112.0,297.0
0.0,,205.0,423.0,-119.0,-5.0,14.0,-223.0,78.0,190.0
14.0,,216.0,397.0,-103.0,-80.0,-19.0,-495.0,57.0,99.0
10.0,,218.0,438.0,-90.0,-47.0,-31.0,-234.0,33.0,49.0
23.0,,218.0,524.0,-77.0,22.0,-23.0,-554.0,20.0,37.0
63.0,,250.0,649.0,-51.0,-18.0,-35.0,-345.0,20.0,48.0
98.0,,260.0,695.0,-12.0,-22.0,-62.0,-293.0,19.0,104.0
100.0,,293.0,699.0,36.0,29.0,-64.0,-375.0,21.0,175.0
133.0,,326.0,656.0,81.0,86.0,-54.0,-184.0,20.0,251.0
188.0,,339.0,740.0,107.0,121.0,-70.0,-478.0,33.0,330.0
209.0,,349.0,934.0,128.0,83.0,-93.0,-147.0,47.0,406.0
225.0,,368.0,928.0,148.0,45.0,-56.0,-328.0,61.0,472.0
263.0,,370.0,854.0,148.0,3.0,-14.0,-216.0,100.0,509.0
324.0,,360.0,807.0,113.0,-63.0,-12.0,-133.0,155.0,506.0
329.0,,354.0,829.0,42.0,-112.0,9.0,-382.0,218.0,473.0
312.0,,323.0,855.0,-39.0,-146.0,20.0,-29.0,282.0,438.0
350.0,,298.0,716.0,-92.0,-162.0,4.0,-208.0,346.0,422.0
388.0,,252.0,591.0,-109.0,-144.0,-7.0,81.0,394.0,403.0
421.0,,210.0,554.0,-114.0,-149.0,-12.0,-5.0,416.0,382.0
444.0,,172.0,565.0,-117.0,-190.0,-12.0,-123.0,432.0,390.0
457.0,,133.0,625.0,-114.0,-154.0,-26.0,-75.0,435.0,418.0
512.0,,112.0,621.0,-118.0,-135.0,-27.0,-476.0,423.0,442.0
562.0,,66.0,532.0,-133.0,-156.0,-36.0,-181.0,388.0,455.0
549.0,,52.0,464.0,-139.0,-106.0,-39.0,-432.0,347.0,477.0
490.0,,36.0,581.0,-103.0,-112.0,-29.0,-279.0,298.0,474.0
473.0,,10.0,804.0,-20.0,-141.0,-52.0,-212.0,224.0,429.0
499.0,,-14.0,854.0,80.0,-137.0,-55.0,-406.0,161.0,366.0
459.0,,-26.0,775.0,163.0,-137.0,-51.0,-70.0,105.0,269.0
395.0,,-35.0,647.0,207.0,-79.0,-37.0,-362.0,38.0,153.0
360.0,,-58.0,620.0,224.0,-64.0,-37.0,-127.0,-11.0,26.0
356.0,,-59.0,761.0,224.0,-106.0,-56.0,-295.0,-42.0,-97.0
343.0,,-65.0,786.0,230.0,-108.0,-51.0,-334.0,-72.0,-177.0
304.0,,-44.0,731.0,246.0,-75.0,-38.0,-145.0,-86.0,-225.0
268.0,,-54.0,648.0,257.0,-44.0,-30.0,-388.0,-82.0,-221.0
225.0,,-52.0,561.0,275.0,-68.0,-59.0,-33.0,-68.0,-177.0
210.0,,-29.0,553.0,293.0,-84.0,-62.0,-317.0,-62.0,-110.0
200.0,,-29.0,553.0,308.0,-95.0,-42.0,-212.0,-35.0,3.0
186.0,,-10.0,578.0,301.0,-106.0,-33.0,-310.0,11.0,116.0
192.0,,1.0,538.0,255.0,-103.0,-19.0,-537.0,59.0,202.0
201.0,,39.0,486.0,191.0,-147.0,1.0,-273.0,109.0,286.0
209.0,,66.0,529.0,122.0,-204.0,33.0,-580.0,165.0,360.0
215.0,,100.0,581.0,51.0,-265.0,28.0,-266.0,231.0,382.0
202.0,,133.0,595.0,-4.0,-255.0,34.0,-415.0,292.0,385.0
172.0,,151.0,581.0,-39.0,-180.0,29.0,-395.0,343.0,407.0
154.0,,180.0,611.0,-36.0,-127.0,1.0,-264.0,378.0,430.0
121.0,,207.0,650.0,17.0,-93.0,-26.0,-500.0,401.0,472.0
113.0,,235.0,616.0,102.0,-97.0,-57.0,-168.0,406.0,527.0
124.0,,271.0,536.0,181.0,-74.0,-63.0,-458.0,411.0,614.0
108.0,,322.0,515.0,214.0,10.0,-75.0,-264.0,410.0,712.0
128.0,,360.0,624.0,204.0,70.0,-53.0,-314.0,403.0,804.0
142.0,,414.0,730.0,175.0,41.0,-16.0,-426.0,395.0,902.0
177.0,,465.0,734.0,146.0,85.0,10.0,-164.0,368.0,998.0
206.0,,521.0,710.0,123.0,178.0,60.0,-515.0,349.0,1115.0
219.0,,596.0,712.0,93.0,164.0,93.0,-303.0,310.0,1171.0
278.0,,636.0,681.0,65.0,125.0,106.0,-552.0,266.0,1206.0
276.0,,696.0,659.0,43.0,138.0,89.0,-500.0,230.0,1283.0
310.0,,754.0,718.0,34.0,224.0,90.0,-378.0,160.0,1323.0
356.0,,774.0,692.0,37.0,275.0,105.0,-546.0,93.0,1351.0
370.0,,811.0,570.0,36.0,247.0,84.0,-201.0,41.0,1366.0
391.0,,814.0,515.0,38.0,213.0,60.0,-500.0,-11.0,1333.0
358.0,,793.0,577.0,27.0,220.0,53.0,-277.0,-65.0,1310.0
382.0,,784.0,702.0,-3.0,272.0,63.0,-321.0,-116.0,1301.0
383.0,,743.0,780.0,-41.0,293.0,54.0,-384.0,-162.0,1241.0
350.0,,693.0,885.0,-73.0,304.0,48.0,-175.0,-197.0,1157.0
328.0,,657.0,1016.0,-96.0,379.0,73.0,-469.0,-232.0,1100.0
266.0,,626.0,1105.0,-106.0,438.0,134.0,-136.0,-270.0,1043.0
247.0,,583.0,1224.0,-101.0,403.0,174.0,-297.0,-293.0,947.0
215.0,,556.0,1292.0,-95.0,361.0,165.0,-134.0,-309.0,850.0
158.0,,545.0,1306.0,-87.0,368.0,176.0,-81.0,-309.0,770.0
106.0,,526.0,1298.0,-94.0,412.0,188.0,-341.0,-294.0,675.0
59.0,,535.0,1261.0,-125.0,442.0,199.0,-68.0,-264.0,552.0
42.0,,557.0,1259.0,-164.0,475.0,202.0,-376.0,-228.0,429.0
-5.0,,566.0,1195.0,-186.0,533.0,210.0,-114.0,-186.0,321.0
-44.0,,585.0,1033.0,-193.0,546.0,221.0,-181.0,-134.0,184.0
-35.0,,599.0,876.0,-187.0,550.0,210.0,-157.0,-80.0,21.0
-26.0,,591.0,749.0,-174.0,589.0,225.0,121.0,-26.0,-105.0
-52.0,,584.0,685.0,-160.0,636.0,246.0,-109.0,0.0,-218.0
-95.0,,561.0,643.0,-141.0,636.0,255.0,194.0,34.0,-336.0
-110.0,,531.0,473.0,-134.0,603.0,248.0,-84.0,69.0,-394.0
-124.0,,490.0,228.0,-123.0,596.0,235.0,22.0,81.0,-417.0
-135.0,,447.0,145.0,-96.0,563.0,208.0,14.0,101.0,-437.0
-130.0,,422.0,266.0,-64.0,565.0,140.0,-129.0,130.0,-420.0
-133.0,,369.0,375.0,-33.0,567.0,123.0,181.0,159.0,-398.0
-133.0,,325.0,319.0,-15.0,521.0,138.0,-116.0,187.0,-375.0
-132.0,,295.0,234.0,4.0,575.0,135.0,197.0,217.0,-320.0
-136.0,,270.0,283.0,22.0,624.0,148.0,31.0,255.0,-270.0
-139.0,,238.0,413.0,36.0,608.0,149.0,-3.0,306.0,-235.0
-131.0,,201.0,496.0,44.0,588.0,160.0,142.0,354.0,-198.0
-96.0,,183.0,471.0,43.0,559.0,154.0,-121.0,402.0,-180.0
-59.0,,148.0,397.0,51.0,568.0,131.0,190.0,452.0,-152.0
-46.0,,110.0,411.0,67.0,573.0,147.0,-59.0,497.0,-123.0
-25.0,,77.0,499.0,87.0,564.0,173.0,142.0,533.0,-134.0
1.0,,58.0,541.0,114.0,587.0,187.0,120.0,548.0,-149.0
13.0,,33.0,509.0,139.0,586.0,188.0,36.0,561.0,-147.0
29.0,,6.0,450.0,138.0,566.0,213.0,291.0,568.0,-190.0
33.0,,-22.0,397.0,105.0,553.0,244.0,-79.0,554.0,-275.0
16.0,,-48.0,373.0,53.0,509.0,261.0,208.0,523.0,-331.0
5.0,,-55.0,408.0,1.0,532.0,291.0,24.0,477.0,-364.0
-9.0,,-80.0,418.0,-30.0,592.0,303.0,90.0,431.0,-400.0
-31.0,,-65.0,309.0,-54.0,560.0,317.0,279.0,388.0,-419.0
-80.0,,-63.0,198.0,-82.0,552.0,340.0,59.0,333.0,-406.0
-151.0,,-65.0,223.0,-114.0,584.0,350.0,341.0,279.0,-353.0
-195.0,,-55.0,375.0,-143.0,583.0,330.0,16.0,224.0,-269.0
-239.0,,-26.0,494.0,-166.0,555.0,319.0,201.0,171.0,-197.0
-295.0,,5.0,486.0,-169.0,526.0,331.0,145.0,126.0,-121.0
-340.0,,15.0,489.0,-151.0,523.0,294.0,101.0,91.0,-42.0
-371.0,,66.0,519.0,-135.0,481.0,269.0,389.0,82.0,8.0
-368.0,,74.0,549.0,-130.0,414.0,235.0,121.0,76.0,30.0
-356.0,,97.0,584.0,-141.0,409.0,180.0,460.0,62.0,8.0
-324.0,,112.0,570.0,-160.0,423.0,166.0,223.0,76.0,-28.0
-267.0,,113.0,533.0,-168.0,419.0,155.0,304.0,97.0,-74.0
-201.0,,118.0,490.0,-150.0,423.0,180.0,400.0,105.0,-116.0
-129.0,,107.0,469.0,-106.0,419.0,202.0,110.0,125.0,-143.0
-70.0,,128.0,426.0,-48.0,458.0,203.0,315.0,144.0,-179.0
-16.0,,120.0,356.0,16.0,499.0,196.0,-24.0,165.0,-186.0
46.0,,126.0,282.0,70.0,474.0,183.0,225.0,200.0,-162.0
121.0,,135.0,193.0,79.0,464.0,212.0,142.0,221.0,-143.0
185.0,,119.0,215.0,43.0,504.0,233.0,112.0,227.0,-98.0
231.0,,123.0,276.0,4.0,549.0,265.0,321.0,223.0,-18.0
284.0,,121.0,224.0,0.0,525.0,254.0,46.0,194.0,78.0
340.0,,114.0,152.0,29.0,473.0,207.0,402.0,142.0,198.0
371.0,,122.0,223.0,71.0,469.0,215.0,155.0,99.0,329.0
369.0,,111.0,416.0,87.0,522.0,197.0,271.0,58.0,469.0
339.0,,106.0,625.0,67.0,517.0,200.0,304.0,19.0,611.0
295.0,,110.0,792.0,36.0,459.0,227.0,175.0,-3.0,745.0
243.0,,108.0,862.0,14.0,468.0,222.0,558.0,-23.0,845.0
196.0,,104.0,896.0,2.0,479.0,225.0,321.0,-38.0,913.0
131.0,,94.0,992.0,-1.0,427.0,214.0,607.0,-35.0,957.0
57.0,,97.0,1112.0,10.0,383.0,199.0,376.0,-21.0,962.0
9.0,,81.0,1152.0,27.0,393.0,188.0,288.0,-6.0,1004.0
-28.0,,77.0,1136.0,34.0,395.0,190.0,443.0,-2.0,1044.0
-76.0,,69.0,1086.0,26.0,401.0,209.0,227.0,3.0,1103.0
-144.0,,96.0,1048.0,11.0,364.0,222.0,628.0,9.0,1203.0
-187.0,,120.0,1097.0,17.0,307.0,224.0,347.0,0.0,1290.0
-194.0,,139.0,1110.0,50.0,303.0,227.0,467.0,21.0,1378.0
-207.0,,190.0,1029.0,83.0,300.0,263.0,413.0,60.0,1427.0
-245.0,,207.0,966.0,99.0,293.0,282.0,221.0,95.0,1425.0
-286.0,,249.0,994.0,94.0,279.0,256.0,502.0,149.0,1357.0
-308.0,,270.0,1001.0,87.0,293.0,224.0,258.0,201.0,1251.0
-356.0,,289.0,954.0,90.0,292.0,190.0,617.0,255.0,1125.0
-413.0,,316.0,867.0,110.0,268.0,157.0,500.0,314.0,987.0
-468.0,,331.0,730.0,141.0,280.0,114.0,541.0,354.0,882.0
-477.0,,351.0,667.0,176.0,277.0,48.0,624.0,369.0,789.0
-459.0,,368.0,716.0,223.0,248.0,0.0,323.0,372.0,712.0
-474.0,,394.0,808.0,280.0,250.0,-3.0,644.0,362.0,685.0
-452.0,,407.0,740.0,335.0,295.0,-7.0,323.0,341.0,688.0
-398.0,,419.0,566.0,357.0,338.0,-15.0,498.0,305.0,683.0
-351.0,,433.0,550.0,330.0,345.0,0.0,530.0,260.0,720.0
-326.0,,435.0,710.0,265.0,283.0,13.0,456.0,220.0,757.0
-290.0,,432.0,874.0,174.0,269.0,10.0,766.0,175.0,794.0
-227.0,,437.0,847.0,96.0,319.0,-13.0,485.0,109.0,849.0
-198.0,,409.0,726.0,36.0,306.0,-13.0,764.0,20.0,853.0
-185.0,,397.0,674.0,-1.0,302.0,7.0,532.0,-81.0,856.0
-179.0,,376.0,736.0,-10.0,318.0,-3.0,543.0,-178.0,867.0
-192.0,,349.0,781.0,-5.0,291.0,-30.0,648.0,-278.0,879.0
-215.0,,326.0,634.0,5.0,295.0,-41.0,389.0,-366.0,899.0
-227.0,,275.0,520.0,20.0,295.0,-28.0,676.0,-431.0,908.0
-224.0,,270.0,503.0,44.0,291.0,5.0,297.0,-501.0,894.0
-247.0,,222.0,467.0,81.0,352.0,60.0,447.0,-544.0,859.0
-285.0,,201.0,529.0,131.0,355.0,126.0,384.0,-554.0,833.0
-326.0,,200.0,656.0,184.0,330.0,204.0,293.0,-577.0,807.0
-366.0,,151.0,600.0,224.0,292.0,275.0,552.0,-571.0,784.0
-402.0,,152.0,472.0,237.0,296.0,283.0,227.0,-547.0,763.0
-477.0,,145.0,537.0,227.0,329.0,271.0,474.0,-522.0,765.0
-556.0,,114.0,570.0,210.0,273.0,264.0,290.0,-472.0,794.0
-602.0,,106.0,532.0,182.0,273.0,237.0,452.0,-418.0,823.0
-640.0,,111.0,472.0,136.0,302.0,236.0,546.0,-337.0,865.0
-674.0,,100.0,366.0,78.0,317.0,211.0,314.0,-237.0,905.0
-711.0,,126.0,390.0,11.0,292.0,162.0,537.0,-155.0,940.0
-726.0,,131.0,499.0,-54.0,250.0,168.0,136.0,-77.0,942.0
-714.0,,127.0,573.0,-98.0,244.0,140.0,321.0,-6.0,918.0
-697.0,,155.0,531.0,-95.0,216.0,118.0,136.0,34.0,871.0
-704.0,,126.0,470.0,-67.0,168.0,140.0,1.0,52.0,778.0
-722.0,,120.0,418.0,-52.0,112.0,147.0,221.0,54.0,673.0
-694.0,,121.0,352.0,-63.0,85.0,168.0,-14.0,37.0,560.0
-653.0,,87.0,269.0,-86.0,128.0,167.0,384.0,5.0,448.0
-633.0,,76.0,173.0,-115.0,166.0,183.0,181.0,-23.0,352.0
-630.0,,63.0,152.0,-156.0,84.0,195.0,238.0,-47.0,304.0
-630.0,,49.0,109.0,-201.0,44.0,154.0,210.0,-68.0,291.0
-625.0,,23.0,96.0,-212.0,96.0,123.0,-20.0,-80.0,316.0
-624.0,,5.0,149.0,-159.0,111.0,92.0,286.0,-73.0,382.0
-603.0,,-11.0,166.0,-64.0,66.0,93.0,-7.0,-58.0,445.0
-591.0,,-25.0,211.0,44.0,25.0,95.0,288.0,-35.0,524.0
-586.0,,-13.0,283.0,139.0,23.0,88.0,140.0,-8.0,596.0
-564.0,,-9.0,384.0,201.0,-2.0,68.0,-7.0,28.0,626.0
-555.0,,12.0,515.0,232.0,-19.0,37.0,94.0,71.0,639.0
-549.0,,27.0,602.0,226.0,-30.0,46.0,-227.0,101.0,645.0
-547.0,,42.0,649.0,193.0,-43.0,37.0,86.0,150.0,628.0
-530.0,,83.0,660.0,151.0,-75.0,-3.0,-169.0,195.0,608.0
-501.0,,102.0,698.0,108.0,-101.0,-71.0,7.0,246.0,580.0
-473.0,,150.0,725.0,67.0,-79.0,-107.0,77.0,325.0,533.0
-437.0,,205.0,672.0,24.0,-35.0,-140.0,-72.0,401.0,482.0
-433.0,,219.0,595.0,-21.0,-68.0,-194.0,184.0,477.0,427.0
-405.0,,252.0,467.0,-70.0,-150.0,-191.0,-181.0,557.0,397.0
-324.0,,264.0,366.0,-121.0,-167.0,-189.0,18.0,631.0,333.0
-283.0,,250.0,276.0,-154.0,-132.0,-166.0,-186.0,694.0,238.0
-287.0,,267.0,213.0,-143.0,-146.0,-119.0,-168.0,746.0,150.0
-261.0,,245.0,246.0,-98.0,-249.0,-79.0,11.0,784.0,42.0
-201.0,,189.0,240.0,-51.0,-230.0,-50.0,-256.0,828.0,-61.0
-203.0,,143.0,220.0,-21.0,-173.0,-37.0,38.0,852.0,-157.0
-255.0,,82.0,209.0,-15.0,-150.0,10.0,-234.0,836.0,-225.0
-263.0,,-24.0,173.0,-26.0,-152.0,50.0,-60.0,821.0,-254.0
-253.0,,-91.0,177.0,-45.0,-246.0,64.0,-105.0,795.0,-265.0
-273.0,,-159.0,249.0,-66.0,-249.0,59.0,-221.0,751.0,-270.0
-299.0,,-251.0,321.0,-69.0,-187.0,49.0,48.0,697.0,-256.0
-315.0,,-285.0,307.0,-34.0,-181.0,97.0,-297.0,647.0,-225.0
-333.0,,-356.0,283.0,39.0,-215.0,110.0,-46.0,605.0,-195.0
-353.0,,-379.0,321.0,128.0,-208.0,87.0,-293.0,549.0,-158.0
-366.0,,-382.0,390.0,200.0,-202.0,109.0,-273.0,480.0,-114.0
-374.0,,-409.0,470.0,240.0,-202.0,132.0,-153.0,418.0,-69.0
-395.0,,-376.0,477.0,262.0,-228.0,175.0,-406.0,364.0,-45.0
-403.0,,-347.0,449.0,266.0,-239.0,190.0,-96.0,288.0,-56.0
-390.0,,-300.0,507.0,255.0,-156.0,130.0,-421.0,204.0,-88.0
-383.0,,-248.0,610.0,249.0,-173.0,110.0,-232.0,105.0,-124.0
-345.0,,-181.0,664.0,257.0,-227.0,123.0,-269.0,-4.0,-187.0
-317.0,,-132.0,688.0,278.0,-221.0,129.0,-264.0,-116.0,-264.0
-277.0,,-78.0,653.0,301.0,-189.0,119.0,66.0,-244.0,-333.0
-214.0,,-17.0,565.0,316.0,-145.0,114.0,-203.0,-350.0,-415.0
-160.0,,13.0,516.0,306.0,-117.0,146.0,179.0,-435.0,-472.0
-98.0,,74.0,504.0,266.0,-113.0,146.0,-25.0,-506.0,-512.0
-95.0,,103.0,481.0,189.0,-91.0,129.0,33.0,-538.0,-534.0
-108.0,,117.0,408.0,79.0,-85.0,109.0,116.0,-540.0,-508.0
-83.0,,142.0,361.0,-36.0,-161.0,100.0,-151.0,-509.0,-468.0
-55.0,,152.0,388.0,-134.0,-160.0,93.0,142.0,-423.0,-419.0
-84.0,,170.0,466.0,-218.0,-134.0,91.0,-138.0,-312.0,-391.0
-136.0,,174.0,529.0,-295.0,-95.0,105.0,88.0,-182.0,-385.0
-149.0,,168.0,522.0,-334.0,-81.0,93.0,-11.0,-37.0,-377.0
-147.0,,169.0,563.0,-320.0,-104.0,85.0,-99.0,105.0,-368.0
-160.0,,155.0,683.0,-273.0,-36.0,92.0,33.0,248.0,-344.0
-187.0,,140.0,767.0,-201.0,-11.0,108.0,-310.0,363.0,-291.0
-191.0,,129.0,747.0,-120.0,-2.0,102.0,12.0,458.0,-218.0
-215.0,,126.0,712.0,-56.0,-18.0,69.0,-190.0,537.0,-119.0
-249.0,,119.0,740.0,-16.0,-49.0,60.0,-12.0,590.0,36.0
-278.0,,97.0,803.0,10.0,-50.0,78.0,57.0,610.0,197.0
-304.0,,103.0,847.0,34.0,-39.0,88.0,-155.0,598.0,355.0
-324.0,,87.0,813.0,56.0,-30.0,102.0,125.0,572.0,492.0
-362.0,,64.0,705.0,79.0,-40.0,124.0,-206.0,536.0,587.0
-430.0,,62.0,585.0,111.0,6.0,129.0,29.0,495.0,665.0
-492.0,,34.0,525.0,139.0,12.0,135.0,-103.0,444.0,702.0
-479.0,,29.0,558.0,153.0,86.0,126.0,-88.0,402.0,713.0
-506.0,,15.0,594.0,141.0,135.0,93.0,153.0,366.0,707.0
-578.0,,-5.0,574.0,91.0,98.0,41.0,-79.0,328.0,713.0
-616.0,,1.0,561.0,26.0,127.0,-1.0,243.0,300.0,728.0
-634.0,,-1.0,557.0,-27.0,104.0,-9.0,-88.0,275.0,747.0
-664.0,,24.0,563.0,-49.0,145.0,10.0,1.0,250.0,800.0
-704.0,,43.0,550.0,-29.0,158.0,41.0,-16.0,211.0,853.0
-728.0,,57.0,539.0,20.0,102.0,49.0,-166.0,171.0,898.0
-741.0,,93.0,612.0,75.0,112.0,71.0,118.0,143.0,902.0
-721.0,,110.0,675.0,101.0,161.0,120.0,-194.0,108.0,885.0
-717.0,,134.0,738.0,78.0,181.0,128.0,107.0,71.0,867.0
-721.0,,160.0,815.0,28.0,83.0,99.0,-36.0,30.0,806.0
-698.0,,187.0,826.0,-15.0,22.0,69.0,14.0,-19.0,738.0
-664.0,,191.0,867.0,-31.0,11.0,45.0,205.0,-76.0,678.0
-638.0,,206.0,929.0,-3.0,68.0,23.0,-11.0,-130.0,597.0
-619.0,,221.0,953.0,51.0,100.0,-31.0,336.0,-169.0,508.0
-556.0,,207.0,966.0,95.0,66.0,-56.0,51.0,-200.0,441.0
-516.0,,226.0,1026.0,103.0,78.0,-63.0,188.0,-205.0,382.0
-497.0,,225.0,1100.0,77.0,35.0,-99.0,127.0,-213.0,349.0
-425.0,,208.0,1050.0,52.0,95.0,-107.0,27.0,-214.0,355.0
-336.0,,213.0,971.0,41.0,123.0,-141.0,262.0,-204.0,347.0
-294.0,,209.0,928.0,38.0,115.0,-170.0,-44.0,-192.0,362.0
-276.0,,186.0,886.0,33.0,191.0,-151.0,234.0,-165.0,392.0
-228.0,,179.0,835.0,16.0,154.0,-169.0,3.0,-153.0,390.0
-187.0,,165.0,740.0,-21.0,145.0,-219.0,83.0,-121.0,418.0
-184.0,,137.0,643.0,-71.0,164.0,-259.0,166.0,-68.0,446.0
-188.0,,131.0,591.0,-107.0,156.0,-301.0,-49.0,-19.0,433.0
-168.0,,112.0,591.0,-131.0,150.0,-337.0,279.0,38.0,442.0
-133.0,,100.0,604.0,-144.0,171.0,-348.0,-20.0,102.0,453.0
-125.0,,113.0,591.0,-144.0,242.0,-340.0,210.0,158.0,413.0
-129.0,,125.0,629.0,-140.0,277.0,-309.0,140.0,207.0,366.0
-116.0,,125.0,763.0,-130.0,278.0,-275.0,112.0,263.0,315.0
-91.0,,141.0,809.0,-97.0,190.0,-238.0,332.0,295.0,228.0
-100.0,,149.0,795.0,-32.0,187.0,-233.0,-29.0,323.0,127.0
-122.0,,142.0,888.0,46.0,267.0,-257.0,212.0,334.0,35.0
-101.0,,129.0,989.0,120.0,245.0,-268.0,-24.0,316.0,-20.0
-59.0,,89.0,1052.0,176.0,227.0,-277.0,138.0,301.0,-58.0
-42.0,,54.0,1083.0,220.0,191.0,-284.0,277.0,283.0,-69.0
-47.0,,-5.0,1035.0,256.0,208.0,-307.0,133.0,272.0,-45.0
-44.0,,-69.0,896.0,279.0,219.0,-311.0,415.0,256.0,6.0
-42.0,,-123.0,716.0,295.0,191.0,-319.0,97.0,264.0,63.0
-30.0,,-199.0,560.0,309.0,226.0,-323.0,388.0,282.0,101.0
-15.0,,-253.0,357.0,316.0,220.0,-303.0,282.0,296.0,152.0
-7.0,,-303.0,179.0,303.0,219.0,-290.0,240.0,315.0,200.0
2.0,,-352.0,141.0,258.0,248.0,-270.0,454.0,332.0,219.0
19.0,,-355.0,107.0,187.0,330.0,-259.0,243.0,376.0,217.0
28.0,,-361.0,83.0,102.0,419.0,-200.0,574.0,428.0,191.0
-5.0,,-353.0,120.0,26.0,405.0,-159.0,297.0,481.0,121.0
8.0,,-313.0,187.0,-9.0,400.0,-166.0,430.0,557.0,12.0
31.0,,-288.0,361.0,-22.0,439.0,-135.0,362.0,657.0,-122.0
0.0,,-232.0,577.0,-31.0,405.0,-107.0,177.0,759.0,-276.0
-22.0,,-196.0,717.0,-52.0,373.0,-105.0,480.0,844.0,-421.0
-42.0,,-180.0,809.0,-91.0,354.0,-120.0,194.0,908.0,-531.0
-51.0,,-147.0,914.0,-119.0,325.0,-105.0,563.0,944.0,-609.0
-88.0,,-131.0,918.0,-116.0,335.0,-91.0,456.0,934.0,-639.0
-129.0,,-123.0,898.0,-86.0,275.0,-93.0,417.0,885.0,-620.0
-126.0,,-126.0,954.0,-57.0,218.0,-69.0,506.0,824.0,-591.0
-100.0,,-138.0,832.0,-40.0,242.0,-68.0,219.0,746.0,-546.0
-88.0,,-166.0,693.0,-39.0,285.0,-65.0,522.0,651.0,-489.0
-104.0,,-192.0,629.0,-43.0,239.0,-40.0,273.0,544.0,-438.0
-92.0,,-218.0,453.0,-15.0,179.0,-38.0,511.0,425.0,-406.0
-53.0,,-234.0,401.0,50.0,173.0,-31.0,521.0,328.0,-417.0
-38.0,,-232.0,353.0,137.0,137.0,-33.0,413.0,237.0,-441.0
-46.0,,-229.0,294.0,229.0,151.0,-25.0,624.0,128.0,-467.0
-25.0,,-216.0,356.0,314.0,96.0,7.0,249.0,31.0,-498.0
33.0,,-190.0,240.0,357.0,139.0,21.0,545.0,-34.0,-545.0
92.0,,-150.0,200.0,324.0,270.0,51.0,358.0,-91.0,-594.0
127.0,,-130.0,293.0,228.0,225.0,113.0,415.0,-131.0,-608.0
131.0,,-101.0,332.0,99.0,267.0,183.0,576.0,-147.0,-610.0
147.0,,-52.0,420.0,-17.0,306.0,243.0,389.0,-153.0,-610.0
201.0,,-23.0,499.0,-84.0,303.0,322.0,698.0,-140.0,-613.0
240.0,,9.0,599.0,-85.0,318.0,386.0,349.0,-132.0,-610.0
254.0,,43.0,716.0,-27.0,242.0,412.0,491.0,-142.0,-578.0
276.0,,83.0,789.0,59.0,248.0,433.0,382.0,-150.0,-548.0
314.0,,107.0,846.0,138.0,237.0,437.0,284.0,-161.0,-511.0
348.0,,135.0,950.0,181.0,161.0,447.0,491.0,-174.0,-450.0
363.0,,161.0,935.0,177.0,171.0,412.0,184.0,-194.0,-404.0
389.0,,171.0,865.0,136.0,204.0,372.0,515.0,-221.0,-381.0
436.0,,194.0,857.0,92.0,223.0,347.0,301.0,-229.0,-377.0
485.0,,194.0,710.0,77.0,225.0,312.0,338.0,-224.0,-404.0
530.0,,196.0,553.0,84.0,214.0,326.0,365.0,-219.0,-461.0
568.0,,197.0,471.0,85.0,235.0,358.0,179.0,-194.0,-538.0
605.0,,193.0,386.0,66.0,285.0,376.0,498.0,-165.0,-622.0
641.0,,209.0,359.0,19.0,325.0,377.0,216.0,-132.0,-698.0
692.0,,209.0,352.0,-49.0,340.0,362.0,463.0,-82.0,-740.0
704.0,,209.0,311.0,-124.0,371.0,350.0,323.0,-34.0,-745.0
717.0,,227.0,339.0,-191.0,399.0,358.0,240.0,22.0,-700.0
743.0,,220.0,418.0,-243.0,382.0,379.0,439.0,70.0,-612.0
719.0,,247.0,487.0,-283.0,446.0,391.0,149.0,98.0,-490.0
683.0,,272.0,546.0,-312.0,490.0,359.0,476.0,124.0,-363.0
652.0,,289.0,569.0,-318.0,507.0,322.0,262.0,134.0,-264.0
632.0,,334.0,627.0,-281.0,597.0,319.0,382.0,122.0,-164.0
567.0,,302.0,745.0,-200.0,580.0,321.0,424.0,101.0,-97.0
450.0,,310.0,813.0,-100.0,616.0,333.0,219.0,63.0,-37.0
355.0,,300.0,777.0,-27.0,680.0,355.0,474.0,9.0,42.0
304.0,,249.0,736.0,-15.0,648.0,364.0,134.0,-54.0,116.0
248.0,,221.0,741.0,-54.0,662.0,356.0,349.0,-121.0,216.0
145.0,,159.0,761.0,-108.0,592.0,393.0,210.0,-184.0,329.0
60.0,,117.0,785.0,-126.0,515.0,414.0,158.0,-245.0,437.0
37.0,,55.0,781.0,-85.0,520.0,390.0,295.0,-303.0,552.0
22.0,,5.0,767.0,-22.0,517.0,371.0,40.0,-364.0,661.0
-43.0,,-25.0,800.0,27.0,588.0,329.0,436.0,-405.0,751.0
-71.0,,-65.0,895.0,71.0,639.0,305.0,303.0,-412.0,834.0
-46.0,,-120.0,993.0,128.0,636.0,259.0,546.0,-389.0,875.0
-38.0,,-170.0,1041.0,200.0,693.0,230.0,570.0,-348.0,894.0
-39.0,,-212.0,1064.0,282.0,707.0,247.0,415.0,-287.0,894.0
-41.0,,-265.0,1045.0,344.0,755.0,214.0,683.0,-198.0,832.0
-5.0,,-279.0,993.0,350.0,813.0,198.0,402.0,-99.0,737.0
48.0,,-328.0,982.0,298.0,768.0,210.0,715.0,4.0,607.0
84.0,,-349.0,1009.0,202.0,768.0,247.0,528.0,121.0,452.0
98.0,,-361.0,1065.0,96.0,757.0,308.0,524.0,242.0,270.0
126.0,,-401.0,1090.0,5.0,738.0,341.0,583.0,355.0,77.0
191.0,,-409.0,1100.0,-52.0,749.0,348.0,218.0,456.0,-97.0
215.0,,-451.0,1155.0,-82.0,759.0,337.0,476.0,537.0,-265.0
220.0,,-473.0,1182.0,-102.0,815.0,344.0,162.0,601.0,-412.0
271.0,,-502.0,1211.0,-111.0,805.0,357.0,362.0,640.0,-536.0
333.0,,-541.0,1266.0,-135.0,747.0,352.0,332.0,662.0,-617.0
376.0,,-564.0,1337.0,-187.0,749.0,361.0,216.0,656.0,-625.0
395.0,,-589.0,1411.0,-238.0,738.0,359.0,485.0,623.0,-576.0
448.0,,-596.0,1439.0,-259.0,782.0,327.0,249.0,589.0,-508.0
485.0,,-622.0,1435.0,-231.0,815.0,319.0,570.0,557.0,-379.0
462.0,,-623.0,1390.0,-157.0,719.0,330.0,351.0,529.0,-237.0
478.0,,-622.0,1366.0,-48.0,725.0,311.0,461.0,505.0,-138.0
505.0,,-612.0,1375.0,77.0,751.0,240.0,582.0,504.0,-56.0
512.0,,-612.0,1349.0,185.0,734.0,199.0,317.0,494.0,-27.0
513.0,,-607.0,1304.0,227.0,752.0,212.0,552.0,484.0,-14.0
515.0,,-582.0,1230.0,190.0,711.0,186.0,142.0,489.0,-17.0
545.0,,-586.0,1138.0,105.0,742.0,170.0,275.0,473.0,-30.0
547.0,,-556.0,1110.0,15.0,799.0,174.0,164.0,457.0,-23.0
511.0,,-541.0,1059.0,-39.0,778.0,179.0,73.0,421.0,-2.0
487.0,,-519.0,959.0,-27.0,803.0,196.0,317.0,377.0,23.0
491.0,,-481.0,968.0,51.0,833.0,213.0,90.0,328.0,38.0
498.0,,-472.0,1017.0,170.0,834.0,237.0,408.0,261.0,60.0
450.0,,-441.0,1065.0,270.0,847.0,232.0,203.0,210.0,65.0
398.0,,-412.0,1122.0,306.0,787.0,207.0,343.0,171.0,37.0
414.0,,-393.0,1152.0,274.0,763.0,179.0,376.0,127.0,-9.0
439.0,,-359.0,1187.0,203.0,785.0,132.0,160.0,94.0,-51.0
425.0,,-347.0,1186.0,131.0,729.0,99.0,467.0,83.0,-102.0
380.0,,-350.0,1130.0,71.0,727.0,84.0,147.0,72.0,-168.0
370.0,,-325.0,1062.0,2.0,771.0,62.0,358.0,72.0,-224.0
394.0,,-308.0,1005.0,-89.0,765.0,27.0,216.0,67.0,-281.0
380.0,,-302.0,935.0,-198.0,744.0,-31.0,190.0,40.0,-329.0
345.0,,-271.0,797.0,-297.0,759.0,-46.0,378.0,31.0,-369.0
339.0,,-246.0,647.0,-366.0,797.0,-42.0,57.0,39.0,-419.0
384.0,,-216.0,532.0,-384.0,846.0,-52.0,291.0,69.0,-475.0
392.0,,-185.0,366.0,-346.0,806.0,-6.0,-59.0,122.0,-519.0
365.0,,-150.0,225.0,-287.0,738.0,35.0,55.0,190.0,-550.0
396.0,,-96.0,132.0,-214.0,775.0,40.0,48.0,264.0,-561.0
406.0,,-53.0,51.0,-120.0,752.0,36.0,-118.0,327.0,-561.0
373.0,,-9.0,6.0,-12.0,734.0,57.0,230.0,361.0,-543.0
340.0,,28.0,-59.0,94.0,700.0,78.0,-49.0,385.0,-487.0
332.0,,80.0,-89.0,194.0,653.0,60.0,260.0,403.0,-427.0
335.0,,118.0,-54.0,278.0,747.0,57.0,145.0,389.0,-360.0
316.0,,131.0,-16.0,324.0,789.0,48.0,157.0,363.0,-281.0
287.0,,174.0,5.0,338.0,748.0,26.0,301.0,323.0,-179.0
247.0,,195.0,36.0,323.0,751.0,25.0,0.0,280.0,-68.0
263.0,,216.0,113.0,281.0,791.0,25.0,279.0,221.0,47.0
290.0,,247.0,201.0,222.0,773.0,6.0,-57.0,141.0,157.0
254.0,,261.0,274.0,146.0,787.0,-23.0,75.0,43.0,245.0
230.0,,295.0,327.0,57.0,836.0,-48.0,-1.0,-54.0,341.0
255.0,,312.0,367.0,-26.0,849.0,-81.0,-205.0,-147.0,424.0
244.0,,333.0,437.0,-74.0,847.0,-125.0,20.0,-242.0,495.0
166.0,,380.0,489.0,-90.0,746.0,-148.0,-375.0,-303.0,549.0
157.0,,412.0,494.0,-95.0,744.0,-147.0,-110.0,-352.0,584.0
194.0,,432.0,539.0,-91.0,778.0,-171.0,-238.0,-381.0,602.0
188.0,,461.0,625.0,-73.0,735.0,-204.0,-97.0,-389.0,618.0
170.0,,468.0,710.0,-62.0,757.0,-204.0,134.0,-392.0,623.0
189.0,,465.0,761.0,-77.0,767.0,-176.0,-24.0,-370.0,612.0
229.0,,473.0,822.0,-101.0,786.0,-148.0,297.0,-350.0,589.0
240.0,,446.0,937.0,-111.0,824.0,-131.0,-25.0,-333.0,538.0
242.0,,436.0,979.0,-99.0,791.0,-115.0,206.0,-318.0,478.0
255.0,,440.0,997.0,-72.0,782.0,-96.0,123.0,-309.0,389.0
309.0,,413.0,1023.0,-45.0,834.0,-105.0,-33.0,-295.0,293.0
356.0,,405.0,977.0,-45.0,762.0,-141.0,118.0,-270.0,166.0
339.0,,406.0,915.0,-86.0,684.0,-134.0,-288.0,-233.0,29.0
332.0,,399.0,809.0,-147.0,695.0,-134.0,-62.0,-192.0,-72.0
383.0,,396.0,643.0,-183.0,651.0,-177.0,-319.0,-141.0,-164.0
425.0,,377.0,485.0,-174.0,653.0,-215.0,-179.0,-89.0,-206.0
402.0,,345.0,357.0,-139.0,696.0,-249.0,7.0,-37.0,-250.0
396.0,,328.0,261.0,-107.0,721.0,-251.0,-66.0,9.0,-299.0
420.0,,296.0,228.0,-73.0,778.0,-254.0,262.0,33.0,-323.0
426.0,,265.0,243.0,-28.0,767.0,-260.0,-66.0,31.0,-353.0
397.0,,253.0,276.0,9.0,689.0,-255.0,192.0,2.0,-340.0
331.0,,229.0,324.0,21.0,671.0,-261.0,79.0,-28.0,-283.0
292.0,,216.0,346.0,37.0,685.0,-260.0,29.0,-71.0,-223.0
264.0,,205.0,411.0,97.0,655.0,-282.0,249.0,-128.0,-145.0
205.0,,173.0,506.0,202.0,559.0,-295.0,-3.0,-166.0,-80.0
128.0,,168.0,562.0,313.0,510.0,-306.0,301.0,-221.0,-30.0
102.0,,164.0,591.0,396.0,559.0,-310.0,35.0,-284.0,0.0
125.0,,150.0,642.0,438.0,535.0,-331.0,101.0,-343.0,4.0
99.0,,166.0,719.0,421.0,461.0,-386.0,81.0,-431.0,24.0
65.0,,167.0,712.0,327.0,436.0,-372.0,-27.0,-511.0,16.0
71.0,,163.0,733.0,178.0,464.0,-361.0,279.0,-562.0,26.0
81.0,,145.0,799.0,20.0,527.0,-384.0,25.0,-613.0,37.0
91.0,,120.0,768.0,-115.0,482.0,-415.0,356.0,-657.0,23.0
105.0,,93.0,750.0,-203.0,434.0,-442.0,181.0,-669.0,29.0
115.0,,27.0,757.0,-225.0,481.0,-449.0,181.0,-663.0,5.0
117.0,,-41.0,730.0,-159.0,459.0,-481.0,308.0,-651.0,-6.0
134.0,,-107.0,727.0,-20.0,400.0,-518.0,12.0,-630.0,-3.0
143.0,,-193.0,771.0,132.0,372.0,-534.0,345.0,-612.0,7.0
115.0,,-288.0,853.0,249.0,355.0,-536.0,48.0,-579.0,23.0
103.0,,-367.0,927.0,325.0,269.0,-538.0,184.0,-539.0,29.0
98.0,,-438.0,940.0,348.0,174.0,-508.0,144.0,-492.0,63.0
72.0,,-515.0,941.0,297.0,159.0,-475.0,18.0,-425.0,95.0
59.0,,-572.0,997.0,187.0,199.0,-455.0,277.0,-355.0,145.0
89.0,,-616.0,1072.0,49.0,217.0,-417.0,-25.0,-269.0,190.0
114.0,,-654.0,1108.0,-75.0,119.0,-379.0,247.0,-180.0,224.0
103.0,,-670.0,1096.0,-170.0,99.0,-346.0,-9.0,-100.0,271.0
117.0,,-687.0,1041.0,-235.0,164.0,-331.0,20.0,-30.0,274.0
142.0,,-684.0,975.0,-270.0,141.0,-333.0,127.0,21.0,251.0
155.0,,-675.0,910.0,-257.0,72.0,-360.0,-70.0,60.0,225.0
194.0,,-657.0,812.0,-193.0,10.0,-416.0,297.0,82.0,200.0
256.0,,-623.0,733.0,-121.0,19.0,-437.0,49.0,89.0,173.0
306.0,,-598.0,680.0,-87.0,63.0,-448.0,264.0,83.0,166.0
362.0,,-548.0,629.0,-112.0,14.0,-460.0,94.0,80.0,164.0
429.0,,-511.0,608.0,-182.0,-51.0,-425.0,-59.0,68.0,172.0
470.0,,-488.0,546.0,-258.0,-4.0,-394.0,79.0,66.0,196.0
519.0,,-450.0,495.0,-314.0,23.0,-354.0,-269.0,65.0,188.0
569.0,,-431.0,480.0,-334.0,-24.0,-313.0,9.0,60.0,187.0
558.0,,-408.0,465.0,-324.0,-64.0,-286.0,-251.0,68.0,181.0
526.0,,-398.0,476.0,-319.0,-74.0,-243.0,-90.0,63.0,192.0
520.0,,-413.0,475.0,-350.0,-79.0,-196.0,25.0,53.0,234.0
498.0,,-407.0,476.0,-421.0,-131.0,-149.0,-142.0,37.0,246.0
448.0,,-404.0,454.0,-495.0,-179.0,-126.0,158.0,16.0,236.0
422.0,,-415.0,437.0,-524.0,-196.0,-117.0,-155.0,-12.0,217.0
428.0,,-409.0,427.0,-473.0,-256.0,-132.0,99.0,-43.0,160.0
400.0,,-403.0,402.0,-330.0,-304.0,-138.0,-11.0,-60.0,83.0
335.0,,-395.0,411.0,-120.0,-310.0,-112.0,-12.0,-54.0,7.0
260.0,,-373.0,442.0,95.0,-327.0,-101.0,208.0,-36.0,-79.0
177.0,,-361.0,494.0,253.0,-284.0,-79.0,-36.0,-23.0,-162.0
111.0,,-339.0,504.0,324.0,-303.0,-75.0,280.0,-1.0,-244.0
41.0,,-299.0,468.0,301.0,-365.0,-91.0,5.0,12.0,-325.0
-61.0,,-264.0,404.0,209.0,-350.0,-70.0,157.0,21.0,-391.0
-147.0,,-239.0,369.0,88.0,-366.0,-68.0,145.0,16.0,-434.0
-171.0,,-201.0,426.0,-24.0,-392.0,-94.0,-33.0,10.0,-457.0
-220.0,,-165.0,413.0,-89.0,-440.0,-96.0,247.0,18.0,-450.0
-318.0,,-153.0,321.0,-95.0,-428.0,-95.0,-35.0,41.0,-401.0
-367.0,,-133.0,260.0,-47.0,-406.0,-109.0,312.0,91.0,-317.0
-384.0,,-114.0,222.0,32.0,-493.0,-107.0,230.0,129.0,-209.0
-412.0,,-84.0,193.0,111.0,-561.0,-81.0,336.0,162.0,-113.0
-446.0,,-61.0,173.0,159.0,-559.0,-70.0,493.0,161.0,-39.0
-480.0,,-31.0,144.0,161.0,-552.0,-61.0,192.0,133.0,-11.0
-477.0,,8.0,134.0,113.0,-606.0,-26.0,465.0,83.0,-42.0
-464.0,,37.0,158.0,42.0,-633.0,18.0,162.0,0.0,-150.0
-506.0,,80.0,159.0,-22.0,-628.0,58.0,367.0,-78.0,-289.0
-565.0,,101.0,173.0,-69.0,-605.0,112.0,286.0,-161.0,-422.0
-555.0,,119.0,159.0,-103.0,-587.0,174.0,155.0,-250.0,-560.0
-519.0,,114.0,98.0,-144.0,-678.0,199.0,400.0,-323.0,-623.0
-546.0,,99.0,104.0,-194.0,-734.0,188.0,97.0,-369.0,-613.0
-568.0,,98.0,128.0,-242.0,-698.0,182.0,434.0,-386.0,-529.0
-548.0,,70.0,114.0,-274.0,-699.0,201.0,240.0,-384.0,-387.0
-538.0,,59.0,96.0,-274.0,-765.0,208.0,277.0,-363.0,-222.0
-562.0,,46.0,92.0,-223.0,-818.0,193.0,336.0,-313.0,-60.0
-595.0,,15.0,86.0,-136.0,-777.0,207.0,169.0,-247.0,70.0
-607.0,,-12.0,125.0,-57.0,-755.0,247.0,504.0,-177.0,172.0
-607.0,,-23.0,211.0,-23.0,-810.0,282.0,164.0,-84.0,237.0
-627.0,,-34.0,219.0,-39.0,-840.0,282.0,400.0,11.0,300.0
-658.0,,-64.0,195.0,-55.0,-840.0,291.0,349.0,108.0,368.0
-634.0,,-84.0,186.0,-31.0,-806.0,335.0,338.0,177.0,441.0
-559.0,,-100.0,178.0,26.0,-771.0,336.0,630.0,221.0,486.0
-516.0,,-108.0,229.0,91.0,-786.0,319.0,363.0,245.0,518.0
-534.0,,-112.0,235.0,142.0,-764.0,314.0,654.0,238.0,556.0
-478.0,,-114.0,148.0,175.0,-763.0,311.0,428.0,220.0,546.0
-351.0,,-97.0,96.0,182.0,-792.0,324.0,582.0,185.0,522.0
-299.0,,-81.0,48.0,167.0,-736.0,315.0,652.0,157.0,475.0
-259.0,,-83.0,-22.0,137.0,-649.0,288.0,458.0,135.0,397.0
-173.0,,-93.0,-30.0,94.0,-648.0,277.0,733.0,117.0,307.0
-96.0,,-95.0,30.0,57.0,-707.0,263.0,386.0,98.0,219.0
-67.0,,-116.0,90.0,32.0,-736.0,264.0,648.0,66.0,152.0
-43.0,,-143.0,152.0,11.0,-731.0,300.0,554.0,38.0,133.0
-1.0,,-166.0,230.0,-22.0,-735.0,330.0,582.0,-15.0,163.0
23.0,,-177.0,324.0,-70.0,-797.0,328.0,840.0,-83.0,187.0
29.0,,-162.0,468.0,-107.0,-772.0,277.0,598.0,-144.0,251.0
23.0,,-147.0,557.0,-114.0,-657.0,237.0,914.0,-192.0,341.0
47.0,,-131.0,585.0,-96.0,-664.0,212.0,633.0,-232.0,404.0
61.0,,-116.0,643.0,-67.0,-747.0,133.0,785.0,-271.0,468.0
27.0,,-90.0,655.0,-52.0,-751.0,61.0,818.0,-286.0,512.0
-6.0,,-89.0,632.0,-54.0,-688.0,24.0,685.0,-282.0,530.0
20.0,,-91.0,579.0,-50.0,-688.0,11.0,957.0,-269.0,523.0
63.0,,-69.0,494.0,-17.0,-747.0,6.0,583.0,-242.0,506.0
38.0,,-71.0,435.0,32.0,-761.0,20.0,801.0,-201.0,481.0
32.0,,-57.0,311.0,51.0,-726.0,53.0,591.0,-154.0,459.0
71.0,,-45.0,134.0,14.0,-721.0,66.0,587.0,-104.0,465.0
101.0,,-27.0,19.0,-79.0,-752.0,115.0,740.0,-75.0,460.0
97.0,,-5.0,-114.0,-196.0,-784.0,159.0,500.0,-60.0,461.0
86.0,,-5.0,-202.0,-285.0,-811.0,151.0,892.0,-48.0,483.0
75.0,,0.0,-173.0,-323.0,-784.0,150.0,683.0,-54.0,500.0
68.0,,-3.0,-117.0,-302.0,-797.0,178.0,909.0,-71.0,494.0
75.0,,-6.0,-50.0,-220.0,-855.0,188.0,868.0,-91.0,463.0
49.0,,-8.0,4.0,-100.0,-794.0,162.0,735.0,-110.0,434.0
35.0,,-43.0,103.0,23.0,-747.0,154.0,982.0,-126.0,400.0
70.0,,-49.0,186.0,116.0,-797.0,144.0,678.0,-157.0,369.0
117.0,,-60.0,247.0,169.0,-805.0,114.0,1023.0,-199.0,332.0
106.0,,-117.0,344.0,211.0,-820.0,87.0,837.0,-245.0,297.0
96.0,,-125.0,346.0,275.0,-816.0,74.0,905.0,-304.0,270.0
146.0,,-165.0,312.0,351.0,-828.0,56.0,1010.0,-374.0,228.0
168.0,,-231.0,314.0,391.0,-868.0,15.0,766.0,-452.0,178.0
154.0,,-266.0,248.0,349.0,-838.0,-6.0,1077.0,-539.0,132.0
144.0,,-334.0,182.0,220.0,-824.0,-40.0,796.0,-606.0,84.0
172.0,,-370.0,193.0,30.0,-899.0,-65.0,1071.0,-667.0,46.0
191.0,,-395.0,214.0,-179.0,-966.0,-54.0,997.0,-711.0,32.0
179.0,,-422.0,229.0,-370.0,-917.0,-64.0,859.0,-720.0,7.0
156.0,,-409.0,235.0,-508.0,-851.0,-61.0,1034.0,-720.0,-14.0
159.0,,-399.0,243.0,-572.0,-840.0,-57.0,744.0,-694.0,-12.0
197.0,,-377.0,269.0,-554.0,-888.0,-43.0,1128.0,-641.0,3.0
173.0,,-343.0,343.0,-463.0,-949.0,-21.0,1023.0,-568.0,21.0
164.0,,-306.0,448.0,-323.0,-956.0,-6.0,1195.0,-484.0,37.0
191.0,,-250.0,446.0,-153.0,-995.0,53.0,1236.0,-396.0,74.0
211.0,,-210.0,409.0,33.0,-1063.0,77.0,995.0,-310.0,102.0
201.0,,-163.0,409.0,222.0,-1101.0,88.0,1256.0,-244.0,124.0
180.0,,-139.0,398.0,373.0,-1078.0,110.0,927.0,-209.0,165.0
216.0,,-116.0,403.0,455.0,-1057.0,116.0,1152.0,-214.0,210.0
229.0,,-99.0,356.0,457.0,-1116.0,143.0,971.0,-242.0,237.0
217.0,,-123.0,266.0,396.0,-1135.0,141.0,894.0,-260.0,261.0
212.0,,-113.0,220.0,305.0,-1096.0,154.0,1058.0,-280.0,276.0
249.0,,-128.0,175.0,195.0,-1133.0,168.0,801.0,-306.0,262.0
290.0,,-130.0,141.0,89.0,-1201.0,157.0,1225.0,-311.0,261.0
318.0,,-130.0,117.0,5.0,-1199.0,176.0,1014.0,-301.0,258.0
343.0,,-147.0,96.0,-52.0,-1227.0,188.0,1143.0,-277.0,246.0
343.0,,-120.0,114.0,-77.0,-1284.0,189.0,1095.0,-246.0,267.0
375.0,,-128.0,152.0,-90.0,-1285.0,215.0,873.0,-216.0,293.0
379.0,,-116.0,201.0,-109.0,-1284.0,238.0,1116.0,-177.0,341.0
377.0,,-120.0,278.0,-145.0,-1267.0,247.0,768.0,-143.0,396.0
401.0,,-135.0,348.0,-182.0,-1275.0,260.0,1010.0,-111.0,425.0
404.0,,-126.0,390.0,-195.0,-1304.0,247.0,779.0,-93.0,431.0
377.0,,-153.0,458.0,-193.0,-1320.0,272.0,718.0,-80.0,391.0
332.0,,-157.0,477.0,-177.0,-1348.0,323.0,755.0,-68.0,324.0
282.0,,-163.0,420.0,-158.0,-1298.0,341.0,439.0,-61.0,232.0
213.0,,-170.0,345.0,-152.0,-1318.0,370.0,787.0,-74.0,141.0
116.0,,-172.0,212.0,-153.0,-1373.0,409.0,539.0,-116.0,55.0
22.0,,-184.0,80.0,-146.0,-1314.0,442.0,768.0,-152.0,16.0
-9.0,,-194.0,41.0,-112.0,-1300.0,484.0,740.0,-203.0,36.0
-38.0,,-191.0,24.0,-53.0,-1375.0,537.0,570.0,-257.0,87.0
-69.0,,-197.0,-3.0,28.0,-1455.0,540.0,746.0,-295.0,181.0
-114.0,,-200.0,10.0,129.0,-1410.0,529.0,369.0,-333.0,290.0
-135.0,,-174.0,-42.0,226.0,-1326.0,515.0,615.0,-352.0,391.0
-124.0,,-157.0,-49.0,282.0,-1393.0,479.0,376.0,-373.0,456.0
-134.0,,-131.0,62.0,276.0,-1463.0,486.0,397.0,-372.0,497.0
-118.0,,-132.0,169.0,231.0,-1375.0,495.0,463.0,-349.0,497.0
-133.0,,-122.0,310.0,180.0,-1350.0,485.0,173.0,-317.0,465.0
-125.0,,-123.0,383.0,147.0,-1462.0,476.0,430.0,-257.0,433.0
-93.0,,-150.0,368.0,125.0,-1460.0,454.0,90.0,-187.0,377.0
-93.0,,-170.0,363.0,86.0,-1443.0,437.0,297.0,-121.0,332.0
-114.0,,-204.0,388.0,41.0,-1493.0,428.0,262.0,-70.0,306.0
-155.0,,-205.0,397.0,14.0,-1481.0,437.0,203.0,-23.0,277.0
-167.0,,-246.0,345.0,5.0,-1501.0,462.0,434.0,24.0,233.0
-200.0,,-260.0,304.0,-3.0,-1531.0,482.0,127.0,76.0,190.0
-268.0,,-253.0,298.0,-26.0,-1483.0,495.0,410.0,107.0,138.0
-325.0,,-281.0,300.0,-74.0,-1462.0,489.0,140.0,114.0,90.0
-386.0,,-284.0,227.0,-137.0,-1506.0,500.0,206.0,129.0,67.0
-444.0,,-310.0,161.0,-189.0,-1471.0,521.0,245.0,130.0,28.0
-484.0,,-322.0,216.0,-213.0,-1375.0,524.0,-18.0,114.0,-3.0
-529.0,,-317.0,249.0,-209.0,-1461.0,543.0,253.0,98.0,-25.0
-558.0,,-331.0,248.0,-212.0,-1555.0,574.0,-77.0,80.0,-36.0
-597.0,,-355.0,262.0,-254.0,-1448.0,604.0,136.0,80.0,-33.0
-632.0,,-349.0,227.0,-334.0,-1420.0,649.0,1.0,102.0,-9.0
-620.0,,-361.0,183.0,-412.0,-1554.0,674.0,-99.0,129.0,28.0
-613.0,,-366.0,190.0,-456.0,-1588.0,656.0,81.0,191.0,56.0
-597.0,,-349.0,209.0,-435.0,-1503.0,653.0,-249.0,281.0,69.0
-584.0,,-349.0,235.0,-324.0,-1548.0,649.0,29.0,352.0,49.0
-542.0,,-325.0,281.0,-147.0,-1551.0,607.0,-210.0,402.0,37.0
-495.0,,-304.0,324.0,47.0,-1457.0,567.0,-134.0,406.0,2.0
-477.0,,-284.0,341.0,206.0,-1558.0,543.0,-116.0,370.0,-59.0
-427.0,,-271.0,329.0,290.0,-1579.0,525.0,-339.0,297.0,-97.0
-406.0,,-225.0,323.0,294.0,-1406.0,503.0,-70.0,209.0,-125.0
-390.0,,-192.0,328.0,237.0,-1417.0,473.0,-397.0,121.0,-129.0
-377.0,,-185.0,326.0,157.0,-1538.0,493.0,-160.0,34.0,-122.0
-387.0,,-132.0,322.0,83.0,-1439.0,533.0,-279.0,-34.0,-112.0
-386.0,,-97.0,308.0,41.0,-1292.0,561.0,-400.0,-108.0,-86.0
-398.0,,-76.0,192.0,38.0,-1386.0,591.0,-312.0,-144.0,-72.0
-395.0,,-39.0,50.0,51.0,-1425.0,597.0,-628.0,-136.0,-38.0
-393.0,,-10.0,-34.0,57.0,-1336.0,624.0,-297.0,-112.0,9.0
-391.0,,-6.0,-141.0,66.0,-1371.0,635.0,-546.0,-71.0,35.0
-347.0,,26.0,-192.0,95.0,-1374.0,632.0,-395.0,-41.0,67.0
-316.0,,30.0,-108.0,145.0,-1337.0,637.0,-360.0,-12.0,75.0
-292.0,,23.0,58.0,207.0,-1300.0,631.0,-539.0,13.0,66.0
-253.0,,28.0,169.0,261.0,-1266.0,617.0,-245.0,35.0,32.0
-209.0,,-8.0,224.0,285.0,-1262.0,581.0,-596.0,43.0,-37.0
-168.0,,-22.0,340.0,245.0,-1236.0,581.0,-308.0,57.0,-138.0
-145.0,,-61.0,456.0,146.0,-1210.0,582.0,-395.0,87.0,-246.0
-96.0,,-95.0,530.0,43.0,-1200.0,572.0,-421.0,99.0,-327.0
-71.0,,-116.0,593.0,-16.0,-1212.0,598.0,-301.0,141.0,-411.0
-67.0,,-167.0,558.0,-20.0,-1163.0,618.0,-672.0,181.0,-491.0
-22.0,,-188.0,509.0,0.0,-1139.0,624.0,-434.0,198.0,-539.0
-10.0,,-212.0,519.0,22.0,-1097.0,623.0,-731.0,206.0,-548.0
-24.0,,-239.0,459.0,29.0,-1039.0,620.0,-589.0,175.0,-538.0
-44.0,,-266.0,378.0,7.0,-1077.0,632.0,-570.0,129.0,-510.0
-58.0,,-290.0,384.0,-41.0,-1041.0,645.0,-624.0,65.0,-434.0
-43.0,,-287.0,397.0,-106.0,-1007.0,680.0,-269.0,-1.0,-333.0
-24.0,,-288.0,331.0,-160.0,-950.0,704.0,-559.0,-54.0,-234.0
-12.0,,-283.0,318.0,-189.0,-910.0,694.0,-256.0,-87.0,-157.0
1.0,,-266.0,368.0,-184.0,-968.0,719.0,-467.0,-111.0,-101.0
44.0,,-283.0,408.0,-158.0,-920.0,739.0,-513.0,-140.0,-51.0
85.0,,-320.0,481.0,-128.0,-922.0,774.0,-386.0,-181.0,7.0
112.0,,-357.0,484.0,-105.0,-1003.0,784.0,-572.0,-243.0,97.0
138.0,,-399.0,446.0,-110.0,-921.0,772.0,-158.0,-313.0,160.0
153.0,,-428.0,465.0,-119.0,-800.0,819.0,-415.0,-403.0,198.0
170.0,,-424.0,447.0,-107.0,-845.0,825.0,-229.0,-486.0,233.0
181.0,,-409.0,411.0,-76.0,-849.0,787.0,-308.0,-557.0,219.0
170.0,,-383.0,374.0,-45.0,-770.0,762.0,-463.0,-614.0,213.0
186.0,,-364.0,266.0,-22.0,-816.0,751.0,-201.0,-632.0,194.0
227.0,,-356.0,130.0,-3.0,-848.0,707.0,-515.0,-622.0,142.0
247.0,,-330.0,80.0,11.0,-754.0,660.0,-219.0,-556.0,107.0
214.0,,-301.0,69.0,5.0,-724.0,643.0,-412.0,-452.0,85.0
185.0,,-261.0,-44.0,-51.0,-775.0,602.0,-341.0,-334.0,103.0
225.0,,-210.0,-88.0,-132.0,-791.0,596.0,-206.0,-221.0,150.0
204.0,,-144.0,-83.0,-197.0,-772.0,596.0,-456.0,-127.0,208.0
134.0,,-95.0,-155.0,-234.0,-710.0,584.0,-186.0,-38.0,258.0
64.0,,-58.0,-188.0,-227.0,-703.0,602.0,-513.0,23.0,306.0
-4.0,,-36.0,-280.0,-180.0,-757.0,604.0,-306.0,67.0,369.0
-40.0,,-71.0,-298.0,-105.0,-792.0,590.0,-382.0,101.0,416.0
-125.0,,-108.0,-180.0,-14.0,-743.0,562.0,-415.0,114.0,475.0
-210.0,,-149.0,-124.0,69.0,-615.0,556.0,-142.0,100.0,553.0
-252.0,,-182.0,-83.0,133.0,-652.0,573.0,-460.0,62.0,634.0
-277.0,,-193.0,13.0,188.0,-769.0,551.0,-144.0,6.0,704.0
-307.0,,-208.0,167.0,255.0,-770.0,518.0,-397.0,-56.0,759.0
-357.0,,-184.0,259.0,315.0,-713.0,510.0,-315.0,-132.0,780.0
-387.0,,-172.0,270.0,341.0,-675.0,499.0,-277.0,-218.0,740.0
-416.0,,-177.0,375.0,351.0,-709.0,477.0,-545.0,-294.0,662.0
-425.0,,-176.0,551.0,351.0,-687.0,464.0,-267.0,-363.0,556.0
-425.0,,-208.0,653.0,321.0,-631.0,432.0,-626.0,-406.0,437.0
-426.0,,-227.0,709.0,242.0,-632.0,426.0,-450.0,-422.0,288.0
-404.0,,-245.0,755.0,120.0,-657.0,423.0,-622.0,-414.0,128.0
-387.0,,-265.0,780.0,-5.0,-658.0,366.0,-674.0,-392.0,-37.0
-347.0,,-260.0,799.0,-95.0,-599.0,344.0,-482.0,-356.0,-193.0
-301.0,,-256.0,721.0,-138.0,-592.0,315.0,-770.0,-335.0,-278.0
-275.0,,-259.0,605.0,-142.0,-622.0,265.0,-443.0,-329.0,-320.0
-247.0,,-233.0,509.0,-113.0,-627.0,243.0,-683.0,-299.0,-320.0
-227.0,,-212.0,328.0,-70.0,-560.0,232.0,-513.0,-272.0,-270.0
-213.0,,-230.0,176.0,-29.0,-522.0,228.0,-445.0,-238.0,-202.0
-203.0,,-193.0,119.0,7.0,-612.0,192.0,-543.0,-182.0,-128.0
-185.0,,-201.0,23.0,26.0,-621.0,146.0,-247.0,-113.0,-87.0
-189.0,,-199.0,-55.0,37.0,-628.0,118.0,-582.0,-33.0,-81.0
-196.0,,-164.0,-37.0,69.0,-613.0,87.0,-349.0,19.0,-80.0
-171.0,,-202.0,55.0,136.0,-574.0,71.0,-574.0,38.0,-107.0
-182.0,,-214.0,183.0,227.0,-612.0,74.0,-593.0,43.0,-133.0
-197.0,,-246.0,302.0,319.0,-571.0,93.0,-456.0,31.0,-143.0
-203.0,,-280.0,457.0,378.0,-580.0,124.0,-705.0,-3.0,-130.0
-216.0,,-306.0,589.0,373.0,-664.0,149.0,-336.0,-44.0,-84.0
-228.0,,-344.0,657.0,288.0,-651.0,144.0,-583.0,-67.0,-43.0
-287.0,,-351.0,762.0,150.0,-559.0,93.0,-476.0,-75.0,9.0
-317.0,,-369.0,931.0,24.0,-533.0,91.0,-606.0,-80.0,38.0
-313.0,,-367.0,1098.0,-33.0,-540.0,111.0,-750.0,-78.0,23.0
-350.0,,-356.0,1115.0,-16.0,-495.0,93.0,-502.0,-61.0,1.0
-384.0,,-358.0,997.0,42.0,-445.0,80.0,-764.0,-38.0,-41.0
-375.0,,-328.0,816.0,116.0,-450.0,71.0,-471.0,-27.0,-116.0
-315.0,,-294.0,598.0,172.0,-542.0,63.0,-702.0,-17.0,-201.0
-271.0,,-287.0,487.0,202.0,-546.0,25.0,-654.0,-19.0,-236.0
-275.0,,-238.0,404.0,217.0,-534.0,12.0,-596.0,-31.0,-243.0
-270.0,,-199.0,324.0,227.0,-578.0,0.0,-831.0,-56.0,-229.0
-256.0,,-196.0,301.0,236.0,-535.0,-21.0,-508.0,-114.0,-175.0
-256.0,,-166.0,197.0,247.0,-486.0,-11.0,-772.0,-179.0,-145.0
-262.0,,-127.0,86.0,261.0,-446.0,-18.0,-521.0,-255.0,-146.0
-268.0,,-102.0,66.0,250.0,-377.0,-29.0,-609.0,-378.0,-158.0
-277.0,,-69.0,22.0,189.0,-381.0,-47.0,-691.0,-522.0,-173.0
-267.0,,-44.0,23.0,91.0,-392.0,-55.0,-469.0,-637.0,-194.0
-244.0,,1.0,121.0,-27.0,-353.0,-65.0,-755.0,-730.0,-196.0
-243.0,,37.0,181.0,-160.0,-358.0,-71.0,-482.0,-789.0,-150.0
-221.0,,32.0,241.0,-275.0,-310.0,-60.0,-757.0,-800.0,-71.0
-176.0,,35.0,280.0,-327.0,-302.0,-56.0,-589.0,-775.0,18.0
-185.0,,5.0,347.0,-295.0,-363.0,-76.0,-456.0,-722.0,117.0
-185.0,,-11.0,492.0,-204.0,-282.0,-107.0,-585.0,-663.0,213.0
-152.0,,-52.0,516.0,-111.0,-223.0,-117.0,-229.0,-585.0,278.0
-154.0,,-113.0,492.0,-73.0,-254.0,-137.0,-546.0,-497.0,318.0
-164.0,,-123.0,425.0,-107.0,-196.0,-144.0,-343.0,-397.0,330.0
-177.0,,-145.0,356.0,-179.0,-106.0,-141.0,-532.0,-284.0,324.0
-163.0,,-175.0,421.0,-233.0,-83.0,-129.0,-570.0,-177.0,321.0
-145.0,,-188.0,415.0,-229.0,-62.0,-118.0,-371.0,-67.0,309.0
-155.0,,-181.0,381.0,-175.0,4.0,-131.0,-659.0,28.0,289.0
-156.0,,-184.0,339.0,-113.0,55.0,-138.0,-330.0,98.0,282.0
-173.0,,-176.0,287.0,-76.0,18.0,-170.0,-558.0,159.0,234.0
-200.0,,-179.0,302.0,-65.0,33.0,-212.0,-358.0,195.0,147.0
-171.0,,-182.0,346.0,-62.0,157.0,-226.0,-271.0,187.0,75.0
-122.0,,-159.0,381.0,-62.0,192.0,-240.0,-338.0,147.0,-17.0
-106.0,,-174.0,252.0,-63.0,170.0,-277.0,-31.0,53.0,-91.0
-89.0,,-191.0,264.0,-41.0,189.0,-300.0,-375.0,-64.0,-137.0
-58.0,,-205.0,362.0,8.0,183.0,-271.0,-134.0,-190.0,-183.0
-18.0,,-217.0,259.0,51.0,192.0,-246.0,-304.0,-321.0,-198.0
0.0,,-213.0,297.0,42.0,231.0,-222.0,-299.0,-418.0,-212.0
0.0,,-245.0,438.0,-27.0,258.0,-185.0,-164.0,-498.0,-241.0
-10.0,,-251.0,529.0,-136.0,300.0,-151.0,-404.0,-542.0,-270.0
3.0,,-238.0,567.0,-231.0,340.0,-149.0,-147.0,-557.0,-278.0
49.0,,-233.0,514.0,-269.0,369.0,-203.0,-497.0,-549.0,-286.0
47.0,,-230.0,410.0,-237.0,369.0,-244.0,-297.0,-497.0,-280.0
75.0,,-227.0,371.0,-154.0,342.0,-282.0,-293.0,-437.0,-293.0
115.0,,-208.0,482.0,-78.0,396.0,-317.0,-334.0,-372.0,-353.0
133.0,,-237.0,674.0,-32.0,470.0,-338.0,-40.0,-311.0,-396.0
148.0,,-266.0,789.0,15.0,440.0,-361.0,-360.0,-265.0,-452.0
171.0,,-276.0,659.0,73.0,415.0,-364.0,-49.0,-221.0,-513.0
225.0,,-303.0,574.0,107.0,437.0,-385.0,-210.0,-190.0,-567.0
226.0,,-301.0,744.0,93.0,402.0,-412.0,-157.0,-177.0,-610.0
178.0,,-309.0,968.0,30.0,400.0,-395.0,-136.0,-182.0,-655.0
159.0,,-279.0,1038.0,-47.0,458.0,-321.0,-373.0,-194.0,-704.0
182.0,,-234.0,971.0,-94.0,520.0,-271.0,-55.0,-224.0,-717.0
183.0,,-193.0,968.0,-81.0,546.0,-288.0,-358.0,-244.0,-694.0
140.0,,-133.0,898.0,-16.0,477.0,-305.0,-134.0,-223.0,-606.0
121.0,,-138.0,823.0,83.0,450.0,-318.0,-256.0,-181.0,-467.0
130.0,,-117.0,768.0,189.0,471.0,-315.0,-317.0,-96.0,-274.0
142.0,,-129.0,557.0,260.0,451.0,-282.0,-88.0,25.0,-91.0
126.0,,-187.0,356.0,248.0,399.0,-228.0,-386.0,160.0,9.0
109.0,,-224.0,224.0,143.0,375.0,-207.0,-64.0,282.0,34.0
118.0,,-266.0,230.0,-11.0,408.0,-225.0,-260.0,390.0,-52.0
120.0,,-291.0,248.0,-158.0,413.0,-225.0,-116.0,473.0,-232.0
115.0,,-326.0,114.0,-256.0,385.0,-203.0,-66.0,517.0,-452.0
96.0,,-340.0,75.0,-272.0,380.0,-180.0,-219.0,537.0,-675.0
100.0,,-360.0,180.0,-211.0,434.0,-148.0,66.0,518.0,-880.0
122.0,,-376.0,311.0,-130.0,488.0,-109.0,-262.0,465.0,-1043.0
106.0,,-382.0,333.0,-57.0,485.0,-101.0,31.0,396.0,-1132.0
74.0,,-408.0,242.0,-1.0,383.0,-114.0,-70.0,299.0,-1142.0
73.0,,-399.0,141.0,46.0,331.0,-128.0,-94.0,174.0,-1073.0
91.0,,-390.0,93.0,106.0,367.0,-108.0,51.0,60.0,-939.0
62.0,,-400.0,243.0,163.0,333.0,-119.0,-271.0,-47.0,-810.0
10.0,,-379.0,385.0,190.0,356.0,-193.0,33.0,-153.0,-664.0
-6.0,,-346.0,348.0,159.0,359.0,-257.0,-194.0,-206.0,-527.0
0.0,,-334.0,275.0,74.0,346.0,-306.0,-7.0,-222.0,-455.0
-51.0,,-307.0,266.0,-27.0,385.0,-310.0,0.0,-226.0,-394.0
-144.0,,-264.0,335.0,-136.0,346.0,-288.0,-147.0,-213.0,-353.0
-188.0,,-238.0,366.0,-215.0,315.0,-252.0,121.0,-174.0,-314.0
-235.0,,-202.0,394.0,-215.0,359.0,-224.0,-221.0,-118.0,-286.0
-296.0,,-162.0,431.0,-126.0,379.0,-226.0,-7.0,-67.0,-275.0
-367.0,,-146.0,368.0,18.0,348.0,-197.0,-177.0,-11.0,-234.0
-439.0,,-113.0,296.0,162.0,346.0,-136.0,-64.0,56.0,-180.0
-494.0,,-71.0,311.0,253.0,338.0,-88.0,162.0,127.0,-146.0
-562.0,,-51.0,289.0,273.0,329.0,-79.0,-48.0,169.0,-111.0
-618.0,,-10.0,169.0,241.0,290.0,-96.0,262.0,191.0,-64.0
-657.0,,20.0,83.0,188.0,256.0,-99.0,-40.0,195.0,-23.0
-675.0,,41.0,95.0,121.0,306.0,-70.0,136.0,177.0,33.0
-680.0,,80.0,168.0,22.0,254.0,-69.0,103.0,157.0,78.0
-708.0,,103.0,213.0,-95.0,162.0,-82.0,11.0,127.0,118.0
-730.0,,121.0,182.0,-169.0,184.0,-60.0,280.0,96.0,174.0
-700.0,,146.0,117.0,-158.0,223.0,-29.0,7.0,64.0,204.0
-662.0,,161.0,41.0,-93.0,259.0,-10.0,347.0,19.0,214.0
-654.0,,147.0,62.0,-30.0,248.0,-3.0,136.0,-43.0,208.0
-611.0,,141.0,208.0,21.0,186.0,18.0,164.0,-111.0,196.0
-519.0,,132.0,337.0,71.0,169.0,40.0,260.0,-174.0,187.0
-452.0,,92.0,291.0,110.0,187.0,39.0,29.0,-240.0,170.0
-400.0,,61.0,224.0,141.0,217.0,28.0,363.0,-303.0,169.0
-304.0,,24.0,339.0,166.0,226.0,53.0,75.0,-363.0,180.0
-169.0,,-12.0,319.0,190.0,220.0,84.0,275.0,-406.0,189.0
-69.0,,-49.0,277.0,221.0,198.0,80.0,149.0,-444.0,205.0
24.0,,-84.0,276.0,256.0,202.0,104.0,49.0,-466.0,212.0
171.0,,-110.0,114.0,293.0,225.0,124.0,247.0,-464.0,218.0
296.0,,-135.0,26.0,320.0,219.0,113.0,-72.0,-447.0,248.0
365.0,,-147.0,14.0,312.0,254.0,95.0,314.0,-425.0,269.0
385.0,,-185.0,-24.0,243.0,287.0,77.0,123.0,-410.0,290.0
394.0,,-215.0,-72.0,117.0,316.0,32.0,264.0,-398.0,321.0
437.0,,-229.0,-76.0,-20.0,383.0,-29.0,363.0,-383.0,334.0
468.0,,-263.0,-76.0,-126.0,370.0,-37.0,147.0,-371.0,372.0
453.0,,-270.0,-3.0,-189.0,280.0,-50.0,469.0,-356.0,402.0
456.0,,-267.0,20.0,-213.0,244.0,-65.0,136.0,-320.0,403.0
504.0,,-245.0,-69.0,-206.0,211.0,-59.0,369.0,-278.0,372.0
501.0,,-211.0,29.0,-184.0,160.0,-57.0,288.0,-227.0,289.0
469.0,,-180.0,121.0,-176.0,159.0,-65.0,284.0,-138.0,183.0
460.0,,-108.0,92.0,-192.0,143.0,-102.0,493.0,-33.0,42.0
419.0,,-75.0,13.0,-229.0,185.0,-99.0,216.0,84.0,-103.0
355.0,,-32.0,-66.0,-283.0,227.0,-112.0,532.0,226.0,-237.0
301.0,,34.0,-84.0,-333.0,203.0,-115.0,221.0,374.0,-327.0
228.0,,35.0,60.0,-355.0,254.0,-96.0,349.0,519.0,-341.0
158.0,,94.0,234.0,-320.0,318.0,-113.0,360.0,631.0,-319.0
119.0,,139.0,82.0,-233.0,346.0,-121.0,118.0,683.0,-238.0
99.0,,152.0,-28.0,-120.0,291.0,-146.0,423.0,677.0,-134.0
63.0,,217.0,71.0,8.0,198.0,-130.0,149.0,600.0,-41.0
56.0,,232.0,214.0,133.0,191.0,-110.0,428.0,480.0,38.0
56.0,,240.0,462.0,238.0,199.0,-115.0,303.0,343.0,87.0
37.0,,271.0,595.0,315.0,133.0,-109.0,280.0,206.0,117.0
69.0,,261.0,633.0,360.0,63.0,-110.0,434.0,110.0,139.0
88.0,,251.0,707.0,355.0,56.0,-73.0,138.0,41.0,148.0
97.0,,235.0,664.0,288.0,22.0,-45.0,417.0,9.0,122.0
99.0,,174.0,582.0,178.0,52.0,-43.0,131.0,0.0,63.0
138.0,,123.0,508.0,48.0,69.0,-35.0,297.0,-12.0,-33.0
169.0,,87.0,467.0,-66.0,27.0,-5.0,262.0,-26.0,-176.0
159.0,,10.0,446.0,-129.0,59.0,24.0,81.0,-65.0,-330.0
191.0,,-25.0,327.0,-142.0,34.0,30.0,406.0,-133.0,-481.0
189.0,,-66.0,196.0,-112.0,1.0,37.0,153.0,-233.0,-658.0
208.0,,-105.0,117.0,-68.0,-14.0,23.0,484.0,-357.0,-818.0
230.0,,-88.0,216.0,-43.0,-33.0,4.0,345.0,-468.0,-956.0
269.0,,-111.0,236.0,-45.0,-20.0,21.0,336.0,-558.0,-1094.0
308.0,,-103.0,199.0,-77.0,-22.0,26.0,465.0,-626.0,-1189.0
294.0,,-81.0,356.0,-121.0,-22.0,16.0,254.0,-669.0,-1252.0
339.0,,-55.0,322.0,-146.0,4.0,12.0,609.0,-682.0,-1271.0
329.0,,-17.0,227.0,-137.0,15.0,1.0,343.0,-650.0,-1230.0
266.0,,35.0,277.0,-118.0,-45.0,3.0,524.0,-564.0,-1148.0
234.0,,119.0,318.0,-132.0,-40.0,-7.0,430.0,-454.0,-1063.0
176.0,,150.0,208.0,-170.0,-18.0,-54.0,227.0,-338.0,-976.0
117.0,,189.0,101.0,-217.0,-45.0,-62.0,430.0,-220.0,-877.0
51.0,,229.0,115.0,-248.0,-78.0,-31.0,131.0,-132.0,-789.0
-11.0,,245.0,72.0,-237.0,-119.0,-35.0,502.0,-54.0,-688.0
-55.0,,242.0,92.0,-190.0,-83.0,-45.0,413.0,23.0,-576.0
-84.0,,207.0,216.0,-124.0,-115.0,-29.0,522.0,91.0,-481.0
-122.0,,187.0,319.0,-47.0,-213.0,20.0,661.0,170.0,-362.0
-156.0,,149.0,345.0,42.0,-177.0,60.0,452.0,259.0,-209.0
-104.0,,113.0,349.0,147.0,-112.0,84.0,785.0,347.0,-67.0
-104.0,,76.0,336.0,238.0,-121.0,134.0,495.0,423.0,71.0
-151.0,,35.0,363.0,301.0,-135.0,183.0,694.0,496.0,183.0
-136.0,,18.0,495.0,318.0,-137.0,211.0,589.0,548.0,235.0
-121.0,,-41.0,565.0,291.0,-139.0,216.0,426.0,564.0,235.0
-106.0,,-87.0,567.0,251.0,-165.0,211.0,613.0,544.0,164.0
-140.0,,-131.0,465.0,191.0,-228.0,186.0,286.0,489.0,47.0
-161.0,,-174.0,265.0,131.0,-246.0,172.0,598.0,429.0,-93.0
-154.0,,-181.0,211.0,86.0,-181.0,177.0,388.0,343.0,-273.0
-163.0,,-226.0,151.0,52.0,-159.0,163.0,465.0,262.0,-478.0
-167.0,,-216.0,0.0,44.0,-145.0,132.0,513.0,198.0,-642.0
-193.0,,-192.0,-30.0,46.0,-114.0,123.0,306.0,115.0,-776.0
-208.0,,-200.0,-40.0,56.0,-106.0,153.0,670.0,60.0,-897.0
-207.0,,-172.0,-103.0,79.0,-93.0,178.0,382.0,21.0,-984.0
-224.0,,-143.0,-197.0,108.0,-179.0,193.0,602.0,10.0,-1038.0
-266.0,,-135.0,-217.0,149.0,-198.0,238.0,491.0,39.0,-1054.0
-274.0,,-108.0,-88.0,181.0,-166.0,271.0,434.0,73.0,-1070.0
-289.0,,-99.0,99.0,179.0,-230.0,300.0,670.0,116.0,-1101.0
-322.0,,-89.0,207.0,130.0,-252.0,339.0,430.0,157.0,-1113.0
-321.0,,-62.0,189.0,27.0,-233.0,340.0,785.0,199.0,-1116.0
-307.0,,-72.0,145.0,-98.0,-204.0,361.0,569.0,249.0,-1130.0
-301.0,,-65.0,53.0,-224.0,-173.0,358.0,681.0,318.0,-1162.0
-279.0,,-74.0,-69.0,-319.0,-166.0,355.0,731.0,407.0,-1185.0
-201.0,,-64.0,-55.0,-363.0,-192.0,375.0,570.0,493.0,-1164.0
-175.0,,-62.0,42.0,-374.0,-154.0,353.0,872.0,574.0,-1136.0
-137.0,,-79.0,39.0,-361.0,-72.0,373.0,561.0,644.0,-1093.0
-47.0,,-83.0,-24.0,-346.0,-48.0,375.0,833.0,679.0,-1004.0
-22.0,,-83.0,-126.0,-335.0,-171.0,343.0,726.0,675.0,-884.0
15.0,,-92.0,-244.0,-320.0,-231.0,348.0,720.0,646.0,-722.0
60.0,,-110.0,-240.0,-293.0,-109.0,347.0,933.0,583.0,-532.0
58.0,,-75.0,-102.0,-243.0,-95.0,364.0,646.0,509.0,-354.0
38.0,,-88.0,-3.0,-178.0,-106.0,355.0,923.0,445.0,-166.0
37.0,,-53.0,-1.0,-121.0,-124.0,316.0,637.0,378.0,1.0
35.0,,-35.0,6.0,-89.0,-101.0,309.0,781.0,327.0,104.0
-25.0,,-35.0,-27.0,-96.0,-34.0,306.0,759.0,296.0,185.0
-59.0,,24.0,-180.0,-141.0,-121.0,333.0,604.0,280.0,229.0
-43.0,,13.0,-349.0,-203.0,-133.0,366.0,901.0,270.0,208.0
-53.0,,54.0,-245.0,-251.0,-130.0,401.0,624.0,275.0,138.0
-90.0,,80.0,-77.0,-269.0,-201.0,442.0,973.0,272.0,64.0
-106.0,,93.0,-156.0,-246.0,-189.0,459.0,809.0,256.0,-31.0
-110.0,,144.0,-197.0,-181.0,-230.0,465.0,824.0,243.0,-154.0
-114.0,,155.0,-256.0,-80.0,-261.0,456.0,946.0,208.0,-271.0
-77.0,,174.0,-383.0,47.0,-166.0,456.0,626.0,177.0,-397.0
-97.0,,193.0,-276.0,165.0,-160.0,460.0,940.0,141.0,-460.0
-121.0,,184.0,-152.0,245.0,-127.0,426.0,635.0,100.0,-463.0
-67.0,,167.0,-177.0,291.0,-61.0,371.0,766.0,55.0,-426.0
-58.0,,140.0,-193.0,301.0,-139.0,332.0,709.0,0.0,-331.0
-76.0,,112.0,-214.0,294.0,-88.0,314.0,591.0,-37.0,-222.0
-50.0,,101.0,-273.0,274.0,-102.0,295.0,851.0,-83.0,-102.0
-17.0,,78.0,-263.0,214.0,-154.0,282.0,572.0,-130.0,-26.0
2.0,,54.0,-117.0,127.0,-87.0,287.0,907.0,-148.0,-21.0
51.0,,53.0,-3.0,69.0,-138.0,276.0,709.0,-135.0,-70.0
66.0,,48.0,10.0,62.0,-54.0,295.0,731.0,-93.0,-168.0
77.0,,42.0,-75.0,66.0,-10.0,332.0,846.0,-25.0,-314.0
82.0,,54.0,-135.0,69.0,-63.0,343.0,618.0,60.0,-493.0
28.0,,54.0,-5.0,73.0,34.0,359.0,927.0,153.0,-669.0
5.0,,65.0,207.0,73.0,-18.0,359.0,626.0,248.0,-827.0
-29.0,,65.0,329.0,57.0,-27.0,347.0,809.0,324.0,-962.0
-63.0,,44.0,411.0,15.0,85.0,320.0,703.0,396.0,-1063.0
-80.0,,73.0,499.0,-34.0,-19.0,346.0,613.0,467.0,-1122.0
-110.0,,74.0,446.0,-83.0,-62.0,363.0,857.0,507.0,-1128.0
-106.0,,72.0,471.0,-135.0,-62.0,334.0,559.0,523.0,-1053.0
-92.0,,101.0,577.0,-172.0,-133.0,369.0,872.0,528.0,-910.0
-105.0,,92.0,611.0,-197.0,-98.0,406.0,631.0,524.0,-697.0
-128.0,,111.0,486.0,-189.0,-127.0,436.0,733.0,519.0,-428.0
-118.0,,123.0,234.0,-143.0,-92.0,476.0,790.0,487.0,-160.0
-113.0,,134.0,107.0,-68.0,-45.0,487.0,535.0,444.0,107.0
-123.0,,177.0,-80.0,27.0,-85.0,463.0,848.0,407.0,332.0
-136.0,,211.0,-247.0,100.0,-31.0,428.0,517.0,357.0,508.0
-139.0,,266.0,-241.0,117.0,-38.0,407.0,718.0,299.0,637.0
-98.0,,327.0,-257.0,71.0,-31.0,383.0,565.0,232.0,684.0
-102.0,,391.0,-260.0,-13.0,-8.0,356.0,450.0,165.0,681.0
-172.0,,452.0,-190.0,-103.0,-28.0,333.0,598.0,97.0,621.0
-170.0,,504.0,-66.0,-175.0,6.0,290.0,317.0,10.0,524.0
-149.0,,555.0,137.0,-212.0,-4.0,258.0,663.0,-62.0,415.0
-215.0,,597.0,325.0,-210.0,0.0,238.0,415.0,-95.0,300.0
-267.0,,640.0,556.0,-163.0,-12.0,232.0,552.0,-111.0,211.0
-269.0,,660.0,812.0,-80.0,-51.0,264.0,570.0,-133.0,156.0
-278.0,,676.0,814.0,-1.0,-27.0,282.0,404.0,-151.0,144.0
-306.0,,688.0,768.0,58.0,-37.0,313.0,659.0,-147.0,177.0
-295.0,,696.0,788.0,117.0,-56.0,334.0,262.0,-135.0,243.0
-254.0,,699.0,838.0,167.0,-61.0,331.0,504.0,-132.0,326.0
-243.0,,690.0,886.0,202.0,4.0,360.0,393.0,-109.0,417.0
-216.0,,694.0,796.0,209.0,60.0,382.0,456.0,-88.0,516.0
-176.0,,695.0,729.0,170.0,-10.0,416.0,646.0,-92.0,598.0
-134.0,,692.0,591.0,87.0,29.0,434.0,293.0,-112.0,672.0
-81.0,,684.0,487.0,-32.0,79.0,459.0,511.0,-131.0,760.0
-68.0,,670.0,547.0,-145.0,71.0,469.0,182.0,-141.0,830.0
-80.0,,685.0,487.0,-202.0,112.0,442.0,334.0,-137.0,890.0
-37.0,,686.0,372.0,-194.0,105.0,426.0,327.0,-107.0,932.0
16.0,,661.0,277.0,-136.0,150.0,386.0,136.0,-68.0,956.0
2.0,,664.0,145.0,-40.0,150.0,360.0,341.0,7.0,962.0
0.0,,643.0,118.0,74.0,118.0,334.0,-22.0,97.0,935.0
29.0,,603.0,240.0,175.0,196.0,317.0,197.0,172.0,897.0
26.0,,592.0,246.0,227.0,194.0,313.0,-5.0,249.0,815.0
1.0,,535.0,79.0,240.0,211.0,296.0,29.0,314.0,693.0
4.0,,503.0,8.0,240.0,227.0,301.0,138.0,366.0,576.0
6.0,,465.0,197.0,251.0,250.0,314.0,-116.0,395.0,445.0
-17.0,,360.0,398.0,279.0,315.0,316.0,205.0,406.0,317.0
-3.0,,316.0,439.0,302.0,286.0,286.0,-142.0,410.0,209.0
15.0,,257.0,317.0,302.0,309.0,276.0,-5.0,393.0,94.0
22.0,,199.0,96.0,250.0,242.0,286.0,-116.0,344.0,0.0
34.0,,174.0,164.0,144.0,152.0,292.0,-282.0,271.0,-49.0
35.0,,146.0,366.0,16.0,137.0,283.0,-35.0,179.0,-78.0
85.0,,119.0,331.0,-112.0,80.0,266.0,-325.0,87.0,-97.0
157.0,,99.0,262.0,-211.0,114.0,272.0,-53.0,-8.0,-103.0
177.0,,78.0,256.0,-259.0,95.0,260.0,-282.0,-105.0,-113.0
203.0,,39.0,134.0,-264.0,105.0,227.0,-223.0,-179.0,-125.0
302.0,,16.0,84.0,-257.0,135.0,210.0,-205.0,-239.0,-126.0
361.0,,-1.0,100.0,-273.0,141.0,204.0,-491.0,-271.0,-127.0
355.0,,-12.0,-29.0,-295.0,218.0,180.0,-218.0,-286.0,-124.0
367.0,,-21.0,-83.0,-289.0,217.0,163.0,-526.0,-280.0,-136.0
407.0,,7.0,-95.0,-237.0,266.0,152.0,-256.0,-256.0,-146.0
454.0,,41.0,-138.0,-149.0,204.0,171.0,-378.0,-222.0,-158.0
454.0,,72.0,-63.0,-59.0,191.0,196.0,-515.0,-162.0,-189.0
446.0,,138.0,9.0,24.0,268.0,197.0,-332.0,-99.0,-236.0
436.0,,184.0,-44.0,96.0,159.0,183.0,-654.0,-24.0,-275.0
437.0,,240.0,-26.0,147.0,151.0,143.0,-358.0,43.0,-293.0
434.0,,275.0,-10.0,166.0,155.0,170.0,-617.0,116.0,-309.0
404.0,,304.0,20.0,156.0,174.0,186.0,-493.0,188.0,-275.0
393.0,,344.0,209.0,137.0,162.0,152.0,-445.0,244.0,-226.0
418.0,,366.0,162.0,116.0,123.0,148.0,-602.0,310.0,-173.0
452.0,,387.0,-9.0,115.0,148.0,154.0,-258.0,352.0,-118.0
460.0,,402.0,-30.0,142.0,104.0,148.0,-572.0,369.0,-78.0
506.0,,417.0,-12.0,192.0,105.0,154.0,-314.0,368.0,-16.0
575.0,,431.0,-58.0,234.0,25.0,202.0,-476.0,366.0,18.0
603.0,,427.0,-128.0,224.0,24.0,242.0,-548.0,355.0,41.0
624.0,,406.0,-164.0,175.0,71.0,248.0,-412.0,323.0,86.0
673.0,,397.0,-276.0,121.0,20.0,260.0,-696.0,314.0,125.0
673.0,,361.0,-183.0,82.0,78.0,234.0,-417.0,316.0,141.0
619.0,,335.0,26.0,56.0,62.0,170.0,-683.0,328.0,121.0
616.0,,322.0,114.0,34.0,110.0,161.0,-452.0,362.0,66.0
607.0,,297.0,286.0,19.0,187.0,168.0,-434.0,395.0,-14.0
558.0,,291.0,425.0,3.0,204.0,151.0,-539.0,420.0,-123.0
507.0,,291.0,570.0,-23.0,322.0,141.0,-242.0,423.0,-280.0
469.0,,296.0,707.0,-61.0,365.0,139.0,-526.0,404.0,-454.0
436.0,,305.0,742.0,-90.0,403.0,133.0,-147.0,364.0,-603.0
387.0,,331.0,761.0,-102.0,351.0,125.0,-245.0,287.0,-722.0
331.0,,347.0,687.0,-84.0,298.0,156.0,-195.0,178.0,-793.0
281.0,,352.0,567.0,-29.0,355.0,190.0,-114.0,69.0,-788.0
232.0,,385.0,602.0,42.0,321.0,188.0,-441.0,-3.0,-725.0
188.0,,418.0,629.0,110.0,258.0,181.0,-192.0,-39.0,-633.0
126.0,,462.0,273.0,162.0,224.0,194.0,-493.0,-40.0,-508.0
64.0,,515.0,-65.0,201.0,255.0,211.0,-267.0,8.0,-374.0
97.0,,562.0,59.0,227.0,233.0,205.0,-295.0,87.0,-261.0
117.0,,633.0,439.0,244.0,176.0,177.0,-351.0,179.0,-155.0
66.0,,680.0,640.0,246.0,166.0,183.0,-51.0,264.0,-72.0
70.0,,732.0,439.0,225.0,235.0,219.0,-306.0,319.0,-3.0
120.0,,789.0,353.0,202.0,239.0,216.0,70.0,361.0,70.0
119.0,,806.0,664.0,189.0,165.0,192.0,-101.0,379.0,123.0
89.0,,814.0,930.0,188.0,215.0,172.0,-20.0,383.0,159.0
90.0,,796.0,961.0,188.0,266.0,162.0,70.0,367.0,190.0
66.0,,777.0,895.0,179.0,346.0,169.0,-182.0,338.0,230.0
44.0,,736.0,796.0,154.0,386.0,205.0,127.0,344.0,303.0
-12.0,,695.0,745.0,114.0,429.0,241.0,-184.0,351.0,401.0
-87.0,,659.0,806.0,70.0,477.0,255.0,-5.0,353.0,499.0
-61.0,,608.0,849.0,35.0,446.0,247.0,-94.0,372.0,618.0
-96.0,,566.0,765.0,14.0,429.0,247.0,-112.0,387.0,721.0
-200.0,,520.0,620.0,-7.0,380.0,277.0,147.0,381.0,781.0
-237.0,,476.0,578.0,-39.0,375.0,271.0,-151.0,355.0,830.0
-228.0,,425.0,743.0,-87.0,329.0,246.0,164.0,322.0,831.0
-294.0,,376.0,923.0,-140.0,296.0,250.0,-83.0,279.0,820.0
-405.0,,329.0,916.0,-186.0,268.0,243.0,36.0,208.0,801.0
-415.0,,278.0,826.0,-209.0,244.0,205.0,144.0,134.0,753.0
-406.0,,228.0,713.0,-186.0,273.0,139.0,-36.0,93.0,715.0
-451.0,,182.0,663.0,-110.0,256.0,71.0,280.0,96.0,673.0
-492.0,,164.0,754.0,14.0,296.0,40.0,-36.0,132.0,632.0
-481.0,,138.0,782.0,141.0,298.0,-15.0,195.0,169.0,602.0
-444.0,,113.0,693.0,228.0,335.0,-87.0,77.0,216.0,587.0
-436.0,,120.0,588.0,244.0,384.0,-109.0,44.0,270.0,621.0
-452.0,,125.0,588.0,193.0,349.0,-118.0,216.0,307.0,649.0
-452.0,,141.0,727.0,116.0,346.0,-84.0,-96.0,322.0,650.0
-379.0,,169.0,780.0,30.0,373.0,-85.0,264.0,311.0,642.0
-298.0,,189.0,725.0,-51.0,390.0,-130.0,-5.0,294.0,619.0
-291.0,,228.0,716.0,-127.0,347.0,-125.0,84.0,270.0,594.0
-247.0,,261.0,826.0,-187.0,367.0,-132.0,123.0,231.0,556.0
-136.0,,297.0,975.0,-218.0,414.0,-145.0,-96.0,201.0,536.0
-109.0,,358.0,1109.0,-205.0,423.0,-178.0,157.0,194.0,523.0
-134.0,,406.0,1127.0,-138.0,395.0,-249.0,-110.0,195.0,535.0
-124.0,,429.0,910.0,-48.0,352.0,-313.0,205.0,211.0,580.0
-89.0,,478.0,790.0,30.0,365.0,-339.0,105.0,252.0,610.0
-99.0,,515.0,937.0,77.0,344.0,-379.0,96.0,302.0,659.0
-128.0,,523.0,1004.0,90.0,329.0,-444.0,181.0,373.0,707.0
-114.0,,554.0,845.0,62.0,327.0,-476.0,-158.0,438.0,738.0
-102.0,,546.0,613.0,5.0,321.0,-492.0,133.0,502.0,762.0
-69.0,,546.0,501.0,-37.0,333.0,-472.0,-158.0,579.0,775.0
-65.0,,540.0,647.0,-37.0,367.0,-444.0,33.0,644.0,768.0
-95.0,,500.0,833.0,6.0,419.0,-424.0,110.0,695.0,718.0
-68.0,,492.0,885.0,66.0,405.0,-395.0,18.0,727.0,647.0
-20.0,,455.0,871.0,103.0,388.0,-386.0,286.0,747.0,552.0
-34.0,,413.0,708.0,123.0,407.0,-360.0,-40.0,730.0,441.0
-58.0,,387.0,622.0,160.0,474.0,-343.0,214.0,689.0,339.0
20.0,,313.0,740.0,211.0,517.0,-348.0,-18.0,659.0,238.0
98.0,,242.0,776.0,254.0,453.0,-336.0,-38.0,604.0,157.0
102.0,,197.0,758.0,266.0,451.0,-344.0,86.0,531.0,114.0
128.0,,118.0,793.0,250.0,478.0,-358.0,-121.0,444.0,89.0
201.0,,65.0,785.0,245.0,468.0,-357.0,249.0,336.0,65.0
257.0,,34.0,739.0,251.0,463.0,-355.0,-44.0,216.0,63.0
241.0,,-8.0,764.0,254.0,438.0,-366.0,120.0,111.0,72.0
225.0,,-28.0,732.0,238.0,419.0,-386.0,33.0,21.0,86.0
262.0,,-57.0,647.0,184.0,431.0,-390.0,-121.0,-54.0,134.0
293.0,,-64.0,785.0,121.0,461.0,-416.0,118.0,-65.0,209.0
307.0,,-82.0,920.0,75.0,459.0,-469.0,-162.0,-67.0,295.0
262.0,,-102.0,768.0,45.0,494.0,-506.0,199.0,-53.0,396.0
254.0,,-88.0,581.0,20.0,527.0,-518.0,48.0,-1.0,493.0
294.0,,-75.0,563.0,7.0,507.0,-531.0,142.0,37.0,578.0
241.0,,-58.0,585.0,17.0,460.0,-557.0,219.0,80.0,626.0
192.0,,-39.0,519.0,48.0,387.0,-580.0,-20.0,121.0,626.0
211.0,,-8.0,470.0,92.0,458.0,-617.0,279.0,144.0,581.0
248.0,,27.0,335.0,106.0,507.0,-639.0,-83.0,161.0,481.0
255.0,,77.0,114.0,61.0,427.0,-631.0,142.0,161.0,358.0
298.0,,123.0,247.0,-22.0,411.0,-623.0,42.0,141.0,239.0
336.0,,182.0,470.0,-94.0,453.0,-600.0,-73.0,131.0,117.0
342.0,,232.0,407.0,-124.0,525.0,-588.0,129.0,121.0,-7.0
403.0,,261.0,389.0,-121.0,515.0,-593.0,-221.0,111.0,-82.0
457.0,,303.0,377.0,-77.0,476.0,-570.0,55.0,110.0,-110.0
508.0,,319.0,487.0,-5.0,469.0,-544.0,-145.0,112.0,-106.0
575.0,,333.0,735.0,46.0,452.0,-530.0,20.0,128.0,-60.0
656.0,,358.0,678.0,56.0,454.0,-500.0,90.0,132.0,6.0
694.0,,331.0,555.0,36.0,477.0,-504.0,-151.0,130.0,93.0
744.0,,333.0,570.0,1.0,515.0,-498.0,112.0,127.0,198.0
818.0,,333.0,584.0,-28.0,520.0,-459.0,-208.0,122.0,320.0
807.0,,295.0,542.0,-49.0,515.0,-436.0,68.0,119.0,426.0
788.0,,317.0,493.0,-60.0,493.0,-395.0,-35.0,104.0,520.0
810.0,,308.0,413.0,-60.0,532.0,-351.0,-75.0,83.0,578.0
805.0,,306.0,253.0,-64.0,584.0,-319.0,59.0,45.0,579.0
715.0,,327.0,242.0,-81.0,560.0,-315.0,-330.0,4.0,528.0
650.0,,317.0,293.0,-114.0,621.0,-299.0,-64.0,-68.0,430.0
630.0,,330.0,262.0,-155.0,661.0,-263.0,-325.0,-168.0,294.0
579.0,,347.0,305.0,-180.0,628.0,-248.0,-181.0,-251.0,134.0
515.0,,334.0,369.0,-187.0,657.0,-241.0,-190.0,-322.0,5.0
472.0,,327.0,435.0,-192.0,694.0,-246.0,-369.0,-369.0,-104.0
446.0,,318.0,565.0,-208.0,711.0,-250.0,-105.0,-402.0,-172.0
424.0,,291.0,679.0,-217.0,757.0,-285.0,-419.0,-413.0,-194.0
383.0,,279.0,761.0,-196.0,738.0,-324.0,-140.0,-406.0,-202.0
339.0,,220.0,712.0,-146.0,695.0,-347.0,-365.0,-418.0,-200.0
363.0,,196.0,675.0,-73.0,656.0,-358.0,-408.0,-456.0,-185.0
392.0,,173.0,937.0,22.0,591.0,-366.0,-243.0,-499.0,-151.0
398.0,,120.0,1166.0,124.0,615.0,-350.0,-380.0,-556.0,-125.0
426.0,,95.0,1152.0,212.0,642.0,-284.0,51.0,-614.0,-78.0
474.0,,50.0,1074.0,274.0,668.0,-265.0,-162.0,-649.0,-46.0
471.0,,30.0,945.0,296.0,674.0,-288.0,35.0,-650.0,-26.0
447.0,,-8.0,842.0,281.0,664.0,-291.0,-96.0,-594.0,-4.0
474.0,,-54.0,1034.0,255.0,681.0,-275.0,-301.0,-516.0,1.0
435.0,,-78.0,1200.0,224.0,634.0,-294.0,-53.0,-445.0,44.0
342.0,,-92.0,1002.0,156.0,601.0,-331.0,-315.0,-356.0,116.0
314.0,,-114.0,800.0,43.0,637.0,-359.0,35.0,-261.0,226.0
315.0,,-136.0,701.0,-91.0,623.0,-382.0,-103.0,-188.0,369.0
243.0,,-131.0,746.0,-211.0,521.0,-361.0,-27.0,-125.0,539.0
152.0,,-139.0,937.0,-283.0,478.0,-316.0,53.0,-84.0,704.0
106.0,,-142.0,943.0,-308.0,502.0,-282.0,-205.0,-55.0,827.0
72.0,,-134.0,783.0,-308.0,485.0,-256.0,66.0,-48.0,910.0
38.0,,-131.0,796.0,-295.0,406.0,-190.0,-218.0,-93.0,928.0
-32.0,,-118.0,808.0,-265.0,346.0,-120.0,112.0,-133.0,884.0
-116.0,,-102.0,835.0,-221.0,388.0,-97.0,181.0,-186.0,763.0
-129.0,,-92.0,1018.0,-159.0,380.0,-100.0,203.0,-269.0,617.0
-115.0,,-67.0,981.0,-79.0,330.0,-96.0,482.0,-340.0,452.0
-205.0,,-77.0,840.0,17.0,375.0,-113.0,136.0,-395.0,244.0
-271.0,,-79.0,761.0,123.0,399.0,-126.0,386.0,-421.0,61.0
-226.0,,-98.0,717.0,217.0,436.0,-92.0,121.0,-409.0,-109.0
-194.0,,-158.0,647.0,296.0,466.0,-107.0,151.0,-363.0,-259.0
-239.0,,-203.0,612.0,357.0,387.0,-118.0,208.0,-284.0,-367.0
-290.0,,-287.0,640.0,377.0,335.0,-132.0,-16.0,-181.0,-427.0
-248.0,,-349.0,471.0,337.0,277.0,-155.0,282.0,-85.0,-441.0
-196.0,,-421.0,432.0,250.0,205.0,-154.0,20.0,-10.0,-426.0
-166.0,,-499.0,518.0,137.0,186.0,-162.0,282.0,57.0,-374.0
-166.0,,-531.0,442.0,14.0,173.0,-164.0,199.0,108.0,-306.0
-145.0,,-578.0,308.0,-96.0,135.0,-191.0,175.0,152.0,-197.0
-56.0,,-601.0,287.0,-176.0,114.0,-211.0,413.0,195.0,-55.0
-38.0,,-610.0,460.0,-207.0,117.0,-237.0,133.0,226.0,99.0
-92.0,,-620.0,474.0,-185.0,127.0,-243.0,452.0,247.0,276.0
-100.0,,-611.0,384.0,-137.0,175.0,-224.0,238.0,269.0,435.0
-54.0,,-607.0,422.0,-93.0,186.0,-216.0,395.0,275.0,574.0
-76.0,,-582.0,384.0,-70.0,152.0,-190.0,456.0,252.0,676.0
-153.0,,-565.0,308.0,-71.0,138.0,-182.0,218.0,224.0,728.0
-135.0,,-556.0,324.0,-68.0,125.0,-193.0,382.0,192.0,750.0
-90.0,,-528.0,368.0,-44.0,123.0,-185.0,-33.0,149.0,743.0
-81.0,,-505.0,426.0,-9.0,108.0,-152.0,158.0,107.0,688.0
-55.0,,-451.0,357.0,17.0,82.0,-145.0,-7.0,69.0,583.0
2.0,,-407.0,278.0,31.0,107.0,-150.0,29.0,40.0,456.0
87.0,,-359.0,342.0,51.0,96.0,-155.0,264.0,20.0,307.0
148.0,,-303.0,420.0,84.0,69.0,-172.0,-11.0,-11.0,168.0
158.0,,-243.0,588.0,120.0,74.0,-194.0,286.0,-42.0,41.0
175.0,,-200.0,582.0,139.0,35.0,-188.0,-36.0,-58.0,-69.0
218.0,,-182.0,512.0,141.0,35.0,-145.0,49.0,-82.0,-133.0
227.0,,-144.0,560.0,156.0,35.0,-117.0,1.0,-106.0,-167.0
186.0,,-120.0,501.0,175.0,32.0,-103.0,-177.0,-114.0,-184.0
183.0,,-127.0,505.0,192.0,35.0,-113.0,73.0,-118.0,-184.0
211.0,,-133.0,519.0,200.0,40.0,-117.0,-249.0,-121.0,-169.0
175.0,,-139.0,502.0,188.0,91.0,-84.0,42.0,-131.0,-140.0
93.0,,-165.0,515.0,162.0,137.0,-52.0,-140.0,-133.0,-107.0
63.0,,-191.0,508.0,127.0,169.0,-65.0,-166.0,-118.0,-71.0
36.0,,-233.0,508.0,70.0,146.0,-63.0,-110.0,-98.0,-29.0
-37.0,,-260.0,556.0,-15.0,187.0,-13.0,-397.0,-66.0,22.0
-95.0,,-288.0,661.0,-108.0,256.0,1.0,-62.0,-42.0,75.0
-146.0,,-310.0,828.0,-188.0,257.0,-3.0,-339.0,-18.0,100.0
-163.0,,-313.0,943.0,-234.0,275.0,-28.0,-109.0,0.0,107.0
-174.0,,-330.0,853.0,-259.0,254.0,-68.0,-123.0,0.0,111.0
-219.0,,-308.0,658.0,-288.0,275.0,-102.0,-253.0,-13.0,95.0
-255.0,,-282.0,517.0,-301.0,315.0,-155.0,-40.0,-26.0,69.0
-235.0,,-268.0,570.0,-290.0,326.0,-217.0,-362.0,-15.0,41.0
-191.0,,-250.0,680.0,-256.0,366.0,-278.0,-75.0,0.0,20.0
-216.0,,-244.0,716.0,-197.0,417.0,-363.0,-321.0,14.0,17.0
-165.0,,-266.0,619.0,-113.0,465.0,-444.0,-260.0,24.0,22.0
-31.0,,-291.0,424.0,-6.0,452.0,-464.0,-116.0,31.0,50.0
32.0,,-323.0,389.0,93.0,467.0,-479.0,-245.0,28.0,104.0
71.0,,-359.0,450.0,154.0,555.0,-507.0,105.0,-2.0,137.0
135.0,,-388.0,588.0,173.0,611.0,-573.0,-284.0,-28.0,144.0
210.0,,-413.0,691.0,155.0,617.0,-659.0,-136.0,-73.0,140.0
248.0,,-399.0,677.0,114.0,646.0,-677.0,-284.0,-124.0,128.0
270.0,,-385.0,725.0,97.0,668.0,-657.0,-363.0,-155.0,95.0
291.0,,-365.0,775.0,119.0,660.0,-632.0,-86.0,-205.0,49.0
299.0,,-318.0,840.0,148.0,678.0,-643.0,-315.0,-262.0,23.0
317.0,,-272.0,941.0,152.0,668.0,-665.0,57.0,-317.0,25.0
299.0,,-211.0,848.0,111.0,680.0,-651.0,-169.0,-381.0,48.0
284.0,,-144.0,664.0,53.0,673.0,-659.0,-51.0,-437.0,66.0
315.0,,-92.0,718.0,1.0,640.0,-665.0,0.0,-474.0,89.0
320.0,,-30.0,812.0,-56.0,699.0,-640.0,-171.0,-493.0,119.0
276.0,,12.0,793.0,-113.0,749.0,-623.0,114.0,-499.0,138.0
227.0,,32.0,778.0,-164.0,767.0,-612.0,-273.0,-502.0,191.0
230.0,,48.0,736.0,-208.0,724.0,-626.0,-60.0,-516.0,254.0
192.0,,28.0,741.0,-229.0,669.0,-623.0,-192.0,-529.0,312.0
139.0,,24.0,754.0,-213.0,693.0,-599.0,-243.0,-547.0,370.0
140.0,,0.0,603.0,-161.0,686.0,-624.0,-116.0,-560.0,396.0
121.0,,-35.0,443.0,-93.0,694.0,-615.0,-430.0,-546.0,411.0
81.0,,-44.0,465.0,-45.0,687.0,-597.0,-142.0,-513.0,425.0
61.0,,-90.0,477.0,-32.0,646.0,-597.0,-408.0,-478.0,428.0
32.0,,-114.0,431.0,-39.0,653.0,-568.0,-230.0,-445.0,425.0
-28.0,,-164.0,394.0,-49.0,690.0,-548.0,-142.0,-413.0,410.0
-52.0,,-220.0,263.0,-49.0,694.0,-548.0,-221.0,-394.0,355.0
-65.0,,-235.0,255.0,-39.0,634.0,-550.0,79.0,-380.0,296.0
-91.0,,-291.0,406.0,-22.0,614.0,-529.0,-254.0,-372.0,241.0
-100.0,,-324.0,550.0,-9.0,581.0,-505.0,-42.0,-367.0,163.0
-84.0,,-349.0,742.0,-12.0,580.0,-472.0,-288.0,-368.0,121.0
-56.0,,-368.0,809.0,-38.0,621.0,-426.0,-360.0,-365.0,98.0
-49.0,,-354.0,699.0,-79.0,600.0,-397.0,-264.0,-342.0,70.0
-24.0,,-334.0,747.0,-121.0,623.0,-406.0,-556.0,-307.0,66.0
0.0,,-309.0,972.0,-163.0,640.0,-437.0,-269.0,-261.0,91.0
43.0,,-261.0,1087.0,-210.0,633.0,-433.0,-589.0,-185.0,133.0
102.0,,-213.0,1015.0,-254.0,607.0,-437.0,-423.0,-84.0,197.0
123.0,,-206.0,928.0,-280.0,563.0,-470.0,-493.0,19.0,259.0
157.0,,-168.0,906.0,-278.0,570.0,-487.0,-637.0,116.0,324.0
214.0,,-146.0,818.0,-261.0,556.0,-504.0,-356.0,201.0,384.0
255.0,,-150.0,696.0,-242.0,536.0,-514.0,-646.0,268.0,404.0
253.0,,-128.0,664.0,-208.0,484.0,-513.0,-306.0,315.0,425.0
265.0,,-136.0,647.0,-153.0,461.0,-526.0,-485.0,344.0,415.0
290.0,,-142.0,480.0,-92.0,567.0,-509.0,-461.0,361.0,412.0
268.0,,-157.0,278.0,-40.0,577.0,-458.0,-410.0,352.0,435.0
263.0,,-207.0,250.0,13.0,530.0,-418.0,-729.0,322.0,448.0
260.0,,-241.0,230.0,89.0,529.0,-405.0,-528.0,301.0,499.0
226.0,,-288.0,112.0,191.0,517.0,-412.0,-899.0,280.0,565.0
216.0,,-339.0,-13.0,297.0,516.0,-395.0,-755.0,257.0,634.0
232.0,,-380.0,-7.0,366.0,490.0,-361.0,-892.0,241.0,684.0
216.0,,-427.0,138.0,377.0,481.0,-342.0,-951.0,210.0,686.0
184.0,,-449.0,236.0,324.0,436.0,-296.0,-692.0,177.0,647.0
199.0,,-472.0,266.0,226.0,395.0,-266.0,-984.0,143.0,557.0
200.0,,-461.0,308.0,129.0,427.0,-272.0,-681.0,96.0,428.0
182.0,,-454.0,405.0,59.0,453.0,-278.0,-925.0,36.0,295.0
199.0,,-428.0,525.0,29.0,485.0,-297.0,-822.0,-27.0,168.0
217.0,,-387.0,673.0,41.0,450.0,-277.0,-702.0,-82.0,49.0
228.0,,-379.0,834.0,80.0,430.0,-268.0,-835.0,-141.0,-26.0
244.0,,-331.0,874.0,114.0,461.0,-252.0,-484.0,-198.0,-87.0
274.0,,-323.0,736.0,117.0,469.0,-202.0,-798.0,-273.0,-117.0
285.0,,-286.0,550.0,97.0,459.0,-173.0,-574.0,-351.0,-118.0
276.0,,-254.0,518.0,64.0,424.0,-141.0,-692.0,-422.0,-104.0
260.0,,-231.0,523.0,38.0,444.0,-144.0,-768.0,-490.0,-38.0
219.0,,-173.0,391.0,28.0,467.0,-140.0,-642.0,-531.0,56.0
197.0,,-163.0,330.0,26.0,467.0,-132.0,-1012.0,-558.0,195.0
156.0,,-155.0,373.0,33.0,436.0,-140.0,-739.0,-556.0,350.0
89.0,,-158.0,312.0,58.0,406.0,-134.0,-1012.0,-529.0,500.0
54.0,,-156.0,250.0,81.0,432.0,-132.0,-861.0,-500.0,635.0
54.0,,-184.0,229.0,69.0,373.0,-125.0,-798.0,-441.0,706.0
38.0,,-212.0,276.0,20.0,326.0,-159.0,-968.0,-373.0,728.0
-20.0,,-247.0,377.0,-55.0,333.0,-197.0,-689.0,-295.0,692.0
-55.0,,-268.0,276.0,-137.0,284.0,-188.0,-1036.0,-200.0,579.0
-71.0,,-260.0,176.0,-195.0,246.0,-185.0,-763.0,-101.0,415.0
-90.0,,-281.0,157.0,-218.0,217.0,-190.0,-888.0,7.0,222.0
-106.0,,-272.0,83.0,-212.0,219.0,-194.0,-888.0,130.0,-6.0
-107.0,,-263.0,128.0,-180.0,218.0,-184.0,-715.0,246.0,-249.0
-83.0,,-256.0,202.0,-145.0,182.0,-165.0,-1021.0,337.0,-481.0
-67.0,,-257.0,193.0,-144.0,199.0,-155.0,-735.0,406.0,-692.0
-62.0,,-260.0,197.0,-172.0,213.0,-129.0,-971.0,443.0,-845.0
-79.0,,-274.0,186.0,-221.0,247.0,-95.0,-716.0,462.0,-969.0
-93.0,,-288.0,100.0,-270.0,267.0,-75.0,-672.0,487.0,-1044.0
-103.0,,-314.0,-23.0,-282.0,219.0,-76.0,-798.0,510.0,-1039.0
-152.0,,-326.0,-62.0,-247.0,248.0,-91.0,-580.0,537.0,-1018.0
-183.0,,-337.0,39.0,-180.0,252.0,-83.0,-933.0,564.0,-953.0
-154.0,,-363.0,98.0,-96.0,208.0,-78.0,-639.0,590.0,-842.0
-130.0,,-353.0,69.0,-14.0,150.0,-87.0,-820.0,609.0,-725.0
-147.0,,-392.0,46.0,43.0,89.0,-56.0,-750.0,629.0,-608.0
-163.0,,-415.0,-104.0,67.0,112.0,-32.0,-652.0,645.0,-501.0
-167.0,,-421.0,-176.0,72.0,100.0,-57.0,-986.0,628.0,-405.0
-169.0,,-447.0,-44.0,58.0,121.0,-73.0,-692.0,615.0,-327.0
-195.0,,-448.0,-31.0,33.0,169.0,-75.0,-940.0,596.0,-258.0
-242.0,,-442.0,-122.0,21.0,205.0,-76.0,-691.0,561.0,-207.0
-264.0,,-420.0,-222.0,24.0,260.0,-54.0,-707.0,530.0,-153.0
-255.0,,-387.0,-287.0,23.0,221.0,-60.0,-759.0,485.0,-86.0
-264.0,,-347.0,-286.0,13.0,173.0,-83.0,-480.0,448.0,-36.0
-296.0,,-311.0,-256.0,0.0,184.0,-94.0,-718.0,397.0,0.0
-293.0,,-254.0,-159.0,-18.0,225.0,-98.0,-375.0,336.0,53.0
-262.0,,-205.0,-95.0,-46.0,201.0,-94.0,-635.0,295.0,101.0
-269.0,,-161.0,62.0,-74.0,121.0,-98.0,-594.0,251.0,142.0
-294.0,,-106.0,290.0,-90.0,94.0,-79.0,-489.0,218.0,185.0
-263.0,,-56.0,344.0,-102.0,58.0,-83.0,-624.0,182.0,190.0
-229.0,,-24.0,381.0,-118.0,87.0,-96.0,-236.0,141.0,194.0
-238.0,,-25.0,403.0,-124.0,146.0,-74.0,-506.0,121.0,170.0
-252.0,,-10.0,385.0,-105.0,159.0,-55.0,-308.0,96.0,96.0
-250.0,,-33.0,338.0,-60.0,171.0,-22.0,-535.0,72.0,32.0
-224.0,,-80.0,210.0,6.0,135.0,-24.0,-718.0,69.0,-26.0
-227.0,,-118.0,182.0,74.0,131.0,-54.0,-578.0,88.0,-86.0
-279.0,,-166.0,175.0,110.0,127.0,-98.0,-822.0,123.0,-122.0
-297.0,,-201.0,58.0,104.0,121.0,-130.0,-362.0,173.0,-123.0
-256.0,,-230.0,17.0,78.0,114.0,-130.0,-487.0,232.0,-113.0
-257.0,,-247.0,58.0,45.0,25.0,-116.0,-282.0,302.0,-85.0
-302.0,,-254.0,129.0,15.0,10.0,-87.0,-230.0,380.0,-42.0
-302.0,,-226.0,145.0,-10.0,5.0,-115.0,-456.0,444.0,-2.0
-263.0,,-210.0,75.0,-38.0,-43.0,-154.0,-186.0,497.0,57.0
-247.0,,-183.0,76.0,-72.0,-43.0,-209.0,-469.0,529.0,115.0
-248.0,,-129.0,176.0,-94.0,-54.0,-282.0,-182.0,555.0,176.0
-201.0,,-86.0,172.0,-88.0,-47.0,-296.0,-321.0,576.0,251.0
-133.0,,-19.0,25.0,-70.0,-60.0,-297.0,-323.0,580.0,336.0
-105.0,,1.0,-28.0,-52.0,-103.0,-318.0,-116.0,575.0,419.0
-103.0,,51.0,2.0,-28.0,-102.0,-344.0,-339.0,535.0,492.0
-94.0,,96.0,114.0,-6.0,-125.0,-359.0,-24.0,462.0,557.0
-73.0,,97.0,231.0,0.0,-185.0,-373.0,-299.0,354.0,605.0
-57.0,,115.0,234.0,-15.0,-236.0,-378.0,-116.0,236.0,628.0
-85.0,,82.0,145.0,-39.0,-264.0,-331.0,-107.0,129.0,615.0
-106.0,,42.0,135.0,-53.0,-270.0,-291.0,-238.0,17.0,581.0
-93.0,,-17.0,370.0,-27.0,-326.0,-306.0,-7.0,-91.0,520.0
-105.0,,-87.0,584.0,32.0,-358.0,-341.0,-341.0,-196.0,448.0
-130.0,,-151.0,682.0,88.0,-333.0,-376.0,3.0,-292.0,369.0
-113.0,,-193.0,685.0,115.0,-346.0,-366.0,-121.0,-393.0,280.0
-53.0,,-225.0,672.0,97.0,-371.0,-336.0,-27.0,-473.0,198.0
-6.0,,-248.0,763.0,42.0,-382.0,-322.0,195.0,-516.0,124.0
22.0,,-215.0,865.0,-29.0,-386.0,-338.0,-27.0,-521.0,100.0
57.0,,-211.0,893.0,-105.0,-438.0,-357.0,277.0,-489.0,84.0
99.0,,-153.0,899.0,-155.0,-502.0,-345.0,-9.0,-443.0,95.0
137.0,,-124.0,809.0,-159.0,-522.0,-349.0,230.0,-379.0,155.0
153.0,,-92.0,631.0,-115.0,-560.0,-330.0,247.0,-306.0,228.0
149.0,,-4.0,584.0,-35.0,-579.0,-324.0,173.0,-231.0,336.0
179.0,,-1.0,530.0,61.0,-566.0,-328.0,430.0,-168.0,440.0
248.0,,56.0,435.0,154.0,-536.0,-317.0,83.0,-102.0,534.0
280.0,,90.0,293.0,207.0,-506.0,-349.0,315.0,-48.0,611.0
302.0,,105.0,188.0,204.0,-486.0,-362.0,22.0,1.0,617.0
334.0,,155.0,359.0,162.0,-501.0,-384.0,36.0,77.0,574.0
369.0,,168.0,458.0,91.0,-502.0,-384.0,181.0,139.0,490.0
395.0,,188.0,352.0,18.0,-476.0,-341.0,5.0,200.0,360.0
394.0,,220.0,345.0,-21.0,-480.0,-356.0,400.0,248.0,196.0
401.0,,229.0,411.0,-17.0,-477.0,-366.0,131.0,296.0,24.0
390.0,,216.0,447.0,-4.0,-512.0,-383.0,347.0,348.0,-131.0
364.0,,229.0,470.0,-9.0,-533.0,-436.0,284.0,390.0,-283.0
358.0,,211.0,406.0,-6.0,-544.0,-445.0,177.0,427.0,-410.0
357.0,,188.0,311.0,16.0,-578.0,-420.0,428.0,430.0,-488.0
346.0,,150.0,326.0,41.0,-556.0,-420.0,175.0,433.0,-510.0
339.0,,118.0,318.0,43.0,-529.0,-429.0,530.0,438.0,-508.0
328.0,,111.0,213.0,29.0,-498.0,-415.0,303.0,411.0,-502.0
310.0,,70.0,258.0,24.0,-469.0,-416.0,325.0,383.0,-461.0
325.0,,58.0,318.0,24.0,-479.0,-405.0,273.0,348.0,-394.0
309.0,,39.0,224.0,17.0,-477.0,-399.0,-1.0,289.0,-325.0
270.0,,26.0,204.0,-16.0,-435.0,-380.0,328.0,234.0,-267.0
254.0,,1.0,181.0,-60.0,-407.0,-344.0,48.0,165.0,-220.0
252.0,,-27.0,130.0,-90.0,-395.0,-310.0,351.0,89.0,-181.0
253.0,,-51.0,177.0,-107.0,-389.0,-242.0,295.0,35.0,-162.0
220.0,,-63.0,277.0,-107.0,-421.0,-211.0,299.0,-24.0,-178.0
188.0,,-63.0,325.0,-108.0,-464.0,-186.0,561.0,-93.0,-212.0
168.0,,-104.0,335.0,-115.0,-446.0,-149.0,319.0,-167.0,-251.0
138.0,,-79.0,366.0,-103.0,-404.0,-87.0,655.0,-241.0,-306.0
74.0,,-64.0,401.0,-65.0,-390.0,-37.0,415.0,-311.0,-366.0
5.0,,-60.0,392.0,-27.0,-352.0,-16.0,515.0,-364.0,-434.0
-41.0,,-28.0,293.0,-18.0,-351.0,-6.0,515.0,-395.0,-492.0
-68.0,,-18.0,330.0,-20.0,-348.0,-14.0,349.0,-406.0,-537.0
-107.0,,22.0,464.0,25.0,-293.0,43.0,615.0,-384.0,-579.0
-153.0,,15.0,543.0,109.0,-276.0,50.0,291.0,-342.0,-613.0
-156.0,,21.0,552.0,179.0,-302.0,44.0,567.0,-283.0,-620.0
-167.0,,27.0,521.0,197.0,-329.0,71.0,413.0,-217.0,-586.0
-206.0,,-3.0,625.0,175.0,-312.0,71.0,363.0,-136.0,-528.0
-226.0,,-6.0,714.0,144.0,-304.0,82.0,524.0,-40.0,-444.0
-233.0,,-47.0,820.0,88.0,-354.0,59.0,315.0,30.0,-350.0
-263.0,,-61.0,865.0,10.0,-354.0,37.0,665.0,85.0,-268.0
-269.0,,-58.0,818.0,-93.0,-280.0,26.0,399.0,138.0,-220.0
-232.0,,-73.0,891.0,-216.0,-279.0,62.0,572.0,159.0,-225.0
-217.0,,-51.0,845.0,-319.0,-336.0,98.0,561.0,157.0,-238.0
-224.0,,-41.0,775.0,-384.0,-350.0,103.0,410.0,128.0,-269.0
-211.0,,-21.0,730.0,-410.0,-285.0,135.0,628.0,86.0,-334.0
-197.0,,6.0,592.0,-396.0,-214.0,134.0,229.0,43.0,-399.0
-180.0,,22.0,465.0,-332.0,-250.0,104.0,487.0,-23.0,-465.0
-162.0,,43.0,317.0,-244.0,-253.0,84.0,297.0,-110.0,-517.0
-200.0,,55.0,207.0,-167.0,-250.0,120.0,317.0,-193.0,-523.0
-213.0,,47.0,86.0,-125.0,-219.0,174.0,478.0,-266.0,-520.0
-181.0,,35.0,-128.0,-107.0,-127.0,205.0,267.0,-346.0,-487.0
-201.0,,54.0,-263.0,-78.0,-183.0,213.0,615.0,-406.0,-411.0
-241.0,,51.0,-277.0,-23.0,-248.0,197.0,332.0,-434.0,-337.0
-239.0,,40.0,-292.0,48.0,-221.0,226.0,563.0,-444.0,-280.0
-216.0,,30.0,-285.0,114.0,-204.0,255.0,524.0,-437.0,-246.0
-224.0,,21.0,-201.0,163.0,-217.0,233.0,389.0,-404.0,-222.0
-238.0,,27.0,-77.0,195.0,-217.0,219.0,617.0,-357.0,-241.0
-213.0,,29.0,79.0,207.0,-171.0,224.0,295.0,-301.0,-276.0
-164.0,,45.0,232.0,202.0,-142.0,216.0,613.0,-227.0,-315.0
-141.0,,70.0,276.0,197.0,-160.0,217.0,389.0,-162.0,-371.0
-145.0,,119.0,211.0,202.0,-141.0,234.0,360.0,-100.0,-391.0
-138.0,,173.0,128.0,216.0,-62.0,249.0,327.0,-49.0,-433.0
-116.0,,240.0,33.0,241.0,-26.0,285.0,11.0,-17.0,-474.0
-117.0,,311.0,-38.0,258.0,-18.0,318.0,354.0,12.0,-499.0
-152.0,,370.0,-34.0,253.0,-2.0,346.0,175.0,26.0,-538.0
-174.0,,415.0,42.0,221.0,-16.0,369.0,478.0,28.0,-572.0
-164.0,,441.0,132.0,191.0,-6.0,378.0,436.0,31.0,-602.0
-152.0,,469.0,80.0,176.0,25.0,377.0,380.0,41.0,-617.0
-161.0,,489.0,13.0,175.0,47.0,350.0,569.0,57.0,-620.0
-128.0,,505.0,27.0,178.0,91.0,338.0,247.0,84.0,-615.0
-68.0,,510.0,6.0,159.0,100.0,338.0,521.0,100.0,-575.0
-64.0,,499.0,47.0,133.0,123.0,323.0,253.0,115.0,-501.0
-32.0,,506.0,87.0,116.0,165.0,306.0,362.0,143.0,-415.0
32.0,,504.0,48.0,106.0,162.0,291.0,421.0,157.0,-296.0
53.0,,475.0,25.0,104.0,187.0,257.0,219.0,176.0,-187.0
60.0,,468.0,40.0,114.0,254.0,206.0,495.0,188.0,-92.0
80.0,,432.0,78.0,121.0,284.0,189.0,181.0,202.0,-2.0
92.0,,397.0,123.0,115.0,267.0,174.0,408.0,226.0,55.0
73.0,,353.0,176.0,78.0,267.0,147.0,251.0,239.0,89.0
53.0,,282.0,238.0,4.0,281.0,116.0,306.0,258.0,86.0
40.0,,249.0,274.0,-57.0,329.0,81.0,583.0,275.0,65.0
28.0,,185.0,249.0,-89.0,372.0,86.0,336.0,278.0,20.0
31.0,,132.0,227.0,-85.0,354.0,113.0,657.0,256.0,-29.0
15.0,,104.0,204.0,-69.0,358.0,118.0,336.0,204.0,-95.0
-1.0,,63.0,179.0,-79.0,416.0,126.0,450.0,138.0,-162.0
0.0,,32.0,190.0,-82.0,488.0,119.0,454.0,53.0,-202.0
5.0,,7.0,252.0,-66.0,492.0,102.0,266.0,-46.0,-266.0
0.0,,-47.0,311.0,-37.0,442.0,77.0,509.0,-162.0,-307.0
-26.0,,-79.0,231.0,4.0,478.0,41.0,153.0,-283.0,-340.0
-73.0,,-109.0,177.0,42.0,526.0,18.0,378.0,-382.0,-359.0
-71.0,,-178.0,240.0,77.0,500.0,19.0,168.0,-462.0,-364.0
-38.0,,-207.0,321.0,101.0,499.0,42.0,182.0,-518.0,-373.0
-53.0,,-267.0,420.0,120.0,542.0,45.0,319.0,-544.0,-370.0
-88.0,,-311.0,471.0,133.0,562.0,44.0,38.0,-543.0,-391.0
-58.0,,-347.0,457.0,124.0,523.0,43.0,360.0,-506.0,-414.0
21.0,,-395.0,432.0,98.0,505.0,60.0,29.0,-451.0,-453.0
28.0,,-394.0,399.0,68.0,542.0,81.0,214.0,-384.0,-490.0
9.0,,-407.0,368.0,35.0,591.0,79.0,266.0,-313.0,-523.0
59.0,,-402.0,339.0,0.0,584.0,90.0,205.0,-220.0,-562.0
104.0,,-378.0,255.0,-32.0,563.0,93.0,480.0,-121.0,-597.0
87.0,,-348.0,221.0,-30.0,588.0,116.0,169.0,-49.0,-605.0
61.0,,-285.0,263.0,14.0,563.0,134.0,456.0,21.0,-601.0
37.0,,-236.0,231.0,87.0,502.0,137.0,216.0,69.0,-607.0
9.0,,-189.0,184.0,155.0,457.0,157.0,249.0,89.0,-602.0
-6.0,,-122.0,188.0,169.0,472.0,179.0,328.0,103.0,-612.0
-62.0,,-75.0,211.0,133.0,516.0,214.0,110.0,112.0,-613.0
-116.0,,-32.0,269.0,71.0,514.0,235.0,473.0,115.0,-624.0
-138.0,,-4.0,390.0,8.0,501.0,243.0,157.0,110.0,-654.0
-169.0,,17.0,517.0,-39.0,490.0,252.0,343.0,96.0,-684.0
-228.0,,39.0,553.0,-74.0,496.0,249.0,245.0,64.0,-714.0
-267.0,,39.0,498.0,-92.0,459.0,245.0,173.0,26.0,-736.0
-258.0,,38.0,402.0,-114.0,373.0,255.0,417.0,-16.0,-718.0
-259.0,,33.0,412.0,-146.0,331.0,248.0,134.0,-47.0,-645.0
-254.0,,25.0,519.0,-162.0,325.0,246.0,419.0,-44.0,-562.0
-216.0,,16.0,520.0,-158.0,325.0,266.0,164.0,-18.0,-428.0
-146.0,,41.0,490.0,-147.0,288.0,289.0,286.0,26.0,-290.0
-73.0,,82.0,508.0,-129.0,221.0,292.0,334.0,79.0,-166.0
-9.0,,140.0,498.0,-103.0,225.0,249.0,92.0,137.0,-45.0
60.0,,218.0,543.0,-69.0,247.0,230.0,351.0,189.0,43.0
106.0,,285.0,570.0,-32.0,249.0,220.0,40.0,223.0,105.0
142.0,,360.0,460.0,-10.0,308.0,189.0,314.0,261.0,127.0
122.0,,430.0,352.0,-20.0,315.0,156.0,212.0,277.0,142.0
70.0,,465.0,329.0,-58.0,276.0,146.0,160.0,248.0,123.0
54.0,,492.0,396.0,-101.0,237.0,146.0,314.0,208.0,77.0
22.0,,504.0,453.0,-115.0,188.0,112.0,-9.0,163.0,18.0
-47.0,,491.0,414.0,-80.0,206.0,117.0,277.0,111.0,-54.0
-121.0,,487.0,429.0,-31.0,202.0,121.0,-48.0,47.0,-107.0
-154.0,,446.0,487.0,0.0,170.0,110.0,12.0,-41.0,-161.0
-189.0,,426.0,466.0,16.0,86.0,109.0,27.0,-118.0,-168.0
-246.0,,404.0,524.0,27.0,78.0,108.0,-179.0,-190.0,-120.0
-302.0,,369.0,671.0,51.0,150.0,135.0,90.0,-265.0,-71.0
-329.0,,366.0,647.0,80.0,89.0,151.0,-192.0,-299.0,28.0
-322.0,,329.0,548.0,106.0,96.0,193.0,77.0,-313.0,169.0
-346.0,,345.0,504.0,124.0,102.0,225.0,-84.0,-311.0,309.0
-398.0,,341.0,403.0,123.0,124.0,228.0,-123.0,-294.0,439.0
-412.0,,333.0,394.0,115.0,154.0,229.0,24.0,-286.0,480.0
-358.0,,376.0,515.0,98.0,31.0,224.0,-251.0,-285.0,444.0
-336.0,,388.0,588.0,71.0,-11.0,207.0,49.0,-298.0,361.0
-364.0,,446.0,695.0,59.0,22.0,180.0,-242.0,-329.0,212.0
-315.0,,486.0,826.0,58.0,65.0,197.0,-88.0,-363.0,51.0
-240.0,,515.0,853.0,66.0,52.0,201.0,-123.0,-395.0,-98.0
-220.0,,574.0,896.0,94.0,38.0,194.0,-319.0,-410.0,-221.0
-193.0,,593.0,966.0,109.0,85.0,207.0,-68.0,-405.0,-304.0
-153.0,,580.0,976.0,106.0,70.0,210.0,-397.0,-404.0,-358.0
-126.0,,573.0,954.0,117.0,63.0,230.0,-144.0,-361.0,-377.0
-108.0,,546.0,858.0,139.0,96.0,252.0,-378.0,-297.0,-371.0
-109.0,,475.0,705.0,169.0,151.0,270.0,-404.0,-241.0,-346.0
-115.0,,433.0,561.0,193.0,145.0,268.0,-290.0,-161.0,-326.0
-110.0,,365.0,442.0,193.0,104.0,257.0,-585.0,-90.0,-306.0
-97.0,,303.0,336.0,173.0,95.0,276.0,-264.0,-8.0,-271.0
-88.0,,276.0,252.0,151.0,81.0,315.0,-548.0,65.0,-250.0
-62.0,,200.0,184.0,127.0,99.0,333.0,-363.0,124.0,-258.0
-8.0,,160.0,142.0,84.0,100.0,317.0,-447.0,199.0,-256.0
39.0,,128.0,113.0,42.0,66.0,328.0,-648.0,262.0,-245.0
85.0,,69.0,55.0,28.0,76.0,348.0,-463.0,316.0,-253.0
122.0,,43.0,94.0,55.0,70.0,328.0,-798.0,354.0,-280.0
167.0,,1.0,224.0,114.0,49.0,325.0,-471.0,366.0,-334.0
190.0,,-25.0,273.0,153.0,97.0,306.0,-644.0,360.0,-395.0
205.0,,-33.0,222.0,129.0,121.0,286.0,-482.0,338.0,-469.0
245.0,,-76.0,182.0,49.0,125.0,319.0,-323.0,301.0,-547.0
239.0,,-99.0,262.0,-28.0,89.0,350.0,-559.0,241.0,-613.0
266.0,,-103.0,408.0,-62.0,37.0,386.0,-267.0,197.0,-674.0
291.0,,-143.0,470.0,-80.0,73.0,409.0,-606.0,159.0,-712.0
267.0,,-164.0,425.0,-99.0,45.0,438.0,-373.0,121.0,-750.0
306.0,,-198.0,347.0,-91.0,16.0,475.0,-456.0,108.0,-776.0
355.0,,-244.0,331.0,-64.0,59.0,461.0,-511.0,90.0,-793.0
370.0,,-259.0,302.0,-44.0,67.0,438.0,-291.0,80.0,-812.0
363.0,,-306.0,203.0,-60.0,63.0,425.0,-613.0,80.0,-823.0
395.0,,-367.0,155.0,-97.0,37.0,412.0,-321.0,65.0,-829.0
460.0,,-399.0,24.0,-111.0,25.0,411.0,-604.0,43.0,-827.0
461.0,,-440.0,-83.0,-94.0,70.0,412.0,-522.0,25.0,-818.0
464.0,,-501.0,-23.0,-64.0,97.0,418.0,-445.0,20.0,-764.0
492.0,,-523.0,-1.0,-40.0,64.0,436.0,-558.0,20.0,-700.0
541.0,,-549.0,-20.0,-16.0,35.0,460.0,-173.0,26.0,-643.0
583.0,,-535.0,-16.0,8.0,15.0,474.0,-458.0,50.0,-544.0
569.0,,-512.0,20.0,38.0,13.0,497.0,-240.0,79.0,-435.0
578.0,,-482.0,45.0,70.0,6.0,543.0,-434.0,101.0,-337.0
619.0,,-386.0,71.0,106.0,-14.0,549.0,-574.0,121.0,-264.0
638.0,,-335.0,27.0,155.0,-20.0,529.0,-465.0,144.0,-209.0
627.0,,-236.0,-128.0,208.0,-62.0,521.0,-757.0,167.0,-151.0
627.0,,-143.0,-264.0,251.0,-29.0,511.0,-397.0,168.0,-119.0
675.0,,-76.0,-351.0,271.0,8.0,503.0,-578.0,148.0,-104.0
692.0,,16.0,-379.0,273.0,-42.0,465.0,-428.0,113.0,-86.0
681.0,,55.0,-379.0,258.0,-16.0,448.0,-399.0,58.0,-39.0
693.0,,87.0,-432.0,220.0,-7.0,467.0,-554.0,-10.0,6.0
710.0,,125.0,-454.0,173.0,-35.0,461.0,-341.0,-92.0,44.0
715.0,,137.0,-348.0,133.0,18.0,438.0,-663.0,-157.0,82.0
693.0,,157.0,-235.0,117.0,57.0,401.0,-375.0,-200.0,91.0
676.0,,182.0,-191.0,105.0,68.0,387.0,-506.0,-221.0,120.0
669.0,,182.0,-159.0,73.0,58.0,390.0,-432.0,-207.0,142.0
660.0,,208.0,-143.0,24.0,54.0,371.0,-280.0,-157.0,161.0
611.0,,208.0,-148.0,-43.0,110.0,347.0,-600.0,-68.0,213.0
531.0,,190.0,-127.0,-122.0,95.0,317.0,-334.0,46.0,255.0
504.0,,213.0,-88.0,-184.0,89.0,310.0,-654.0,185.0,284.0
494.0,,220.0,-104.0,-197.0,104.0,313.0,-478.0,336.0,301.0
435.0,,215.0,-182.0,-151.0,79.0,283.0,-519.0,476.0,316.0
358.0,,231.0,-167.0,-75.0,96.0,237.0,-668.0,601.0,332.0
330.0,,251.0,-33.0,-14.0,140.0,180.0,-421.0,704.0,337.0
313.0,,281.0,72.0,14.0,224.0,167.0,-763.0,783.0,328.0
250.0,,330.0,188.0,3.0,280.0,157.0,-497.0,835.0,338.0
168.0,,341.0,289.0,-44.0,262.0,126.0,-696.0,867.0,350.0
104.0,,385.0,359.0,-114.0,210.0,121.0,-654.0,886.0,331.0
51.0,,435.0,471.0,-181.0,223.0,95.0,-591.0,888.0,302.0
-19.0,,435.0,568.0,-212.0,270.0,98.0,-838.0,873.0,250.0
-89.0,,452.0,681.0,-174.0,267.0,115.0,-511.0,837.0,190.0
-143.0,,453.0,726.0,-60.0,229.0,100.0,-814.0,800.0,149.0
-165.0,,438.0,656.0,85.0,230.0,85.0,-543.0,785.0,141.0
-183.0,,407.0,641.0,229.0,259.0,99.0,-526.0,749.0,134.0
-213.0,,390.0,691.0,326.0,208.0,121.0,-543.0,684.0,140.0
-216.0,,347.0,719.0,340.0,175.0,88.0,-304.0,625.0,179.0
-193.0,,300.0,684.0,285.0,171.0,60.0,-646.0,557.0,213.0
-188.0,,271.0,568.0,173.0,230.0,35.0,-388.0,479.0,252.0
-213.0,,212.0,461.0,40.0,279.0,3.0,-676.0,396.0,286.0
-227.0,,204.0,498.0,-82.0,204.0,-6.0,-617.0,305.0,317.0
-227.0,,175.0,539.0,-186.0,166.0,-1.0,-539.0,210.0,364.0
-229.0,,158.0,484.0,-259.0,168.0,2.0,-700.0,113.0,404.0
-249.0,,150.0,498.0,-297.0,173.0,-24.0,-345.0,13.0,439.0
-257.0,,131.0,606.0,-286.0,148.0,-49.0,-615.0,-80.0,488.0
-224.0,,131.0,749.0,-204.0,32.0,-73.0,-363.0,-145.0,503.0
-181.0,,104.0,832.0,-62.0,2.0,-97.0,-476.0,-207.0,474.0
-175.0,,106.0,806.0,98.0,35.0,-98.0,-502.0,-256.0,458.0
-171.0,,93.0,793.0,226.0,19.0,-83.0,-253.0,-282.0,418.0
-127.0,,104.0,868.0,297.0,11.0,-54.0,-460.0,-290.0,345.0
-95.0,,111.0,939.0,297.0,-6.0,-31.0,-72.0,-283.0,263.0
-96.0,,108.0,954.0,234.0,48.0,-30.0,-260.0,-273.0,171.0
-119.0,,149.0,934.0,142.0,66.0,-34.0,-127.0,-250.0,84.0
-105.0,,159.0,890.0,27.0,-31.0,-7.0,-157.0,-222.0,10.0
-76.0,,191.0,822.0,-72.0,-69.0,9.0,-402.0,-196.0,-69.0
-81.0,,218.0,747.0,-132.0,-91.0,-16.0,-145.0,-169.0,-129.0
-76.0,,231.0,671.0,-150.0,-146.0,-45.0,-436.0,-155.0,-148.0
-44.0,,249.0,584.0,-134.0,-200.0,-70.0,-149.0,-140.0,-164.0
18.0,,244.0,449.0,-108.0,-198.0,-110.0,-234.0,-107.0,-151.0
69.0,,238.0,264.0,-101.0,-205.0,-138.0,-256.0,-92.0,-112.0
92.0,,220.0,207.0,-136.0,-254.0,-137.0,-186.0,-85.0,-72.0
148.0,,190.0,202.0,-188.0,-300.0,-133.0,-509.0,-67.0,-8.0
250.0,,144.0,128.0,-216.0,-308.0,-121.0,-234.0,-64.0,40.0
315.0,,105.0,67.0,-202.0,-266.0,-99.0,-528.0,-77.0,68.0
340.0,,48.0,44.0,-174.0,-266.0,-105.0,-376.0,-86.0,78.0
406.0,,2.0,97.0,-158.0,-287.0,-123.0,-360.0,-88.0,67.0
504.0,,-1.0,93.0,-150.0,-296.0,-125.0,-458.0,-101.0,71.0
550.0,,-45.0,77.0,-140.0,-346.0,-136.0,-160.0,-122.0,87.0
555.0,,-51.0,62.0,-101.0,-448.0,-141.0,-485.0,-111.0,98.0
632.0,,-38.0,-6.0,-41.0,-519.0,-118.0,-267.0,-74.0,123.0
694.0,,-39.0,60.0,17.0,-484.0,-95.0,-463.0,-35.0,168.0
700.0,,-21.0,154.0,63.0,-455.0,-94.0,-412.0,7.0,196.0
720.0,,-9.0,174.0,94.0,-488.0,-100.0,-197.0,57.0,228.0
749.0,,31.0,169.0,113.0,-477.0,-88.0,-382.0,102.0,275.0
782.0,,56.0,207.0,108.0,-465.0,-77.0,-96.0,135.0,290.0
773.0,,96.0,312.0,96.0,-459.0,-67.0,-448.0,153.0,309.0
755.0,,133.0,332.0,95.0,-509.0,-32.0,-284.0,147.0,318.0
747.0,,145.0,314.0,95.0,-594.0,7.0,-334.0,145.0,301.0
734.0,,163.0,305.0,74.0,-563.0,30.0,-500.0,150.0,285.0
702.0,,145.0,270.0,25.0,-535.0,29.0,-249.0,149.0,261.0
640.0,,152.0,217.0,-23.0,-574.0,6.0,-559.0,154.0,224.0
593.0,,121.0,138.0,-53.0,-623.0,-5.0,-308.0,166.0,167.0
554.0,,89.0,122.0,-77.0,-655.0,12.0,-519.0,191.0,85.0
492.0,,56.0,107.0,-105.0,-607.0,20.0,-415.0,215.0,-21.0
413.0,,7.0,20.0,-124.0,-581.0,15.0,-251.0,229.0,-105.0
370.0,,-10.0,-17.0,-121.0,-644.0,4.0,-484.0,240.0,-200.0
328.0,,-45.0,0.0,-97.0,-678.0,8.0,-195.0,256.0,-292.0
261.0,,-25.0,-19.0,-61.0,-676.0,43.0,-569.0,267.0,-344.0
209.0,,-8.0,-26.0,-34.0,-711.0,45.0,-402.0,279.0,-382.0
162.0,,8.0,2.0,-26.0,-736.0,49.0,-484.0,302.0,-334.0
121.0,,48.0,14.0,-28.0,-756.0,73.0,-585.0,334.0,-247.0
70.0,,77.0,32.0,-28.0,-774.0,75.0,-330.0,382.0,-141.0
17.0,,107.0,-10.0,-17.0,-791.0,80.0,-576.0,438.0,-5.0
7.0,,163.0,-97.0,8.0,-849.0,94.0,-230.0,510.0,142.0
-1.0,,216.0,-169.0,35.0,-810.0,129.0,-448.0,582.0,298.0
-31.0,,232.0,-194.0,39.0,-767.0,169.0,-321.0,619.0,401.0
-47.0,,280.0,-134.0,20.0,-809.0,207.0,-286.0,628.0,481.0
-49.0,,283.0,-91.0,-13.0,-758.0,246.0,-535.0,615.0,514.0
-20.0,,301.0,-185.0,-59.0,-707.0,265.0,-262.0,564.0,513.0
5.0,,320.0,-319.0,-116.0,-672.0,300.0,-617.0,496.0,475.0
19.0,,303.0,-322.0,-178.0,-643.0,308.0,-351.0,422.0,404.0
78.0,,318.0,-256.0,-226.0,-668.0,285.0,-480.0,351.0,376.0
140.0,,290.0,-216.0,-230.0,-636.0,261.0,-570.0,306.0,349.0
193.0,,252.0,-195.0,-198.0,-599.0,247.0,-373.0,262.0,345.0
226.0,,215.0,-159.0,-137.0,-590.0,260.0,-620.0,233.0,366.0
242.0,,184.0,-96.0,-54.0,-605.0,247.0,-227.0,217.0,402.0
294.0,,138.0,-4.0,34.0,-666.0,264.0,-362.0,201.0,449.0
319.0,,88.0,70.0,114.0,-625.0,314.0,-145.0,183.0,477.0
318.0,,64.0,88.0,158.0,-555.0,326.0,-105.0,168.0,475.0
336.0,,43.0,84.0,158.0,-590.0,318.0,-273.0,161.0,449.0
397.0,,14.0,31.0,124.0,-585.0,303.0,-12.0,149.0,411.0
450.0,,-13.0,0.0,58.0,-544.0,296.0,-384.0,141.0,313.0
441.0,,-24.0,31.0,-16.0,-488.0,278.0,-97.0,114.0,197.0
464.0,,-62.0,11.0,-72.0,-425.0,263.0,-203.0,90.0,55.0
525.0,,-78.0,29.0,-97.0,-464.0,255.0,-218.0,87.0,-112.0
539.0,,-106.0,100.0,-98.0,-457.0,227.0,-16.0,76.0,-263.0
518.0,,-151.0,124.0,-69.0,-388.0,208.0,-253.0,62.0,-423.0
523.0,,-166.0,134.0,-32.0,-395.0,176.0,138.0,33.0,-531.0
525.0,,-201.0,132.0,-14.0,-393.0,152.0,-68.0,-1.0,-580.0
495.0,,-231.0,136.0,-14.0,-365.0,145.0,125.0,-43.0,-592.0
470.0,,-271.0,110.0,-25.0,-354.0,120.0,149.0,-94.0,-576.0
444.0,,-298.0,121.0,-23.0,-310.0,91.0,-33.0,-138.0,-522.0
405.0,,-308.0,142.0,-1.0,-271.0,63.0,264.0,-172.0,-406.0
377.0,,-343.0,70.0,36.0,-257.0,59.0,-68.0,-190.0,-303.0
333.0,,-359.0,3.0,81.0,-237.0,47.0,160.0,-201.0,-196.0
273.0,,-355.0,-10.0,110.0,-276.0,0.0,-64.0,-190.0,-76.0
240.0,,-351.0,3.0,123.0,-320.0,-54.0,-112.0,-162.0,20.0
212.0,,-345.0,-83.0,134.0,-294.0,-52.0,99.0,-118.0,119.0
166.0,,-327.0,-238.0,157.0,-281.0,-49.0,-127.0,-69.0,176.0
108.0,,-285.0,-297.0,185.0,-271.0,-105.0,186.0,-16.0,199.0
75.0,,-238.0,-266.0,193.0,-290.0,-105.0,-97.0,69.0,231.0
54.0,,-211.0,-276.0,161.0,-310.0,-77.0,83.0,143.0,249.0
5.0,,-170.0,-332.0,85.0,-240.0,-68.0,114.0,223.0,228.0
-66.0,,-119.0,-278.0,-20.0,-223.0,-34.0,27.0,299.0,187.0
-148.0,,-81.0,-215.0,-127.0,-297.0,3.0,332.0,344.0,153.0
-191.0,,-59.0,-155.0,-220.0,-293.0,57.0,-9.0,373.0,101.0
-245.0,,-36.0,-95.0,-281.0,-252.0,104.0,254.0,378.0,61.0
-341.0,,-28.0,-125.0,-298.0,-255.0,142.0,94.0,382.0,36.0
-407.0,,-27.0,-157.0,-278.0,-248.0,165.0,131.0,381.0,12.0
-420.0,,-23.0,-225.0,-230.0,-251.0,155.0,288.0,374.0,13.0
-442.0,,-56.0,-287.0,-156.0,-248.0,121.0,16.0,358.0,23.0
-495.0,,-42.0,-277.0,-80.0,-242.0,58.0,262.0,341.0,70.0
-519.0,,-43.0,-289.0,-34.0,-242.0,0.0,-14.0,309.0,156.0
-513.0,,-70.0,-378.0,-31.0,-204.0,-55.0,203.0,258.0,256.0
-513.0,,-54.0,-518.0,-64.0,-202.0,-103.0,151.0,210.0,379.0
-522.0,,-64.0,-541.0,-108.0,-191.0,-154.0,83.0,143.0,522.0
-520.0,,-38.0,-477.0,-150.0,-204.0,-190.0,336.0,66.0,662.0
-504.0,,-31.0,-439.0,-170.0,-265.0,-230.0,81.0,-21.0,791.0
-491.0,,-63.0,-448.0,-152.0,-248.0,-286.0,485.0,-100.0,882.0
-468.0,,-42.0,-510.0,-95.0,-225.0,-321.0,371.0,-155.0,933.0
-441.0,,-56.0,-491.0,-10.0,-253.0,-353.0,533.0,-199.0,974.0
-401.0,,-79.0,-430.0,100.0,-272.0,-349.0,661.0,-214.0,982.0
-369.0,,-85.0,-418.0,222.0,-246.0,-346.0,437.0,-221.0,940.0
-367.0,,-103.0,-418.0,313.0,-280.0,-366.0,678.0,-206.0,858.0
-311.0,,-118.0,-367.0,354.0,-346.0,-374.0,306.0,-187.0,765.0
-227.0,,-140.0,-263.0,365.0,-363.0,-391.0,495.0,-159.0,674.0
-186.0,,-162.0,-204.0,354.0,-365.0,-404.0,388.0,-121.0,576.0
-151.0,,-155.0,-166.0,303.0,-344.0,-443.0,352.0,-73.0,467.0
-69.0,,-137.0,-173.0,210.0,-334.0,-487.0,541.0,-20.0,358.0
18.0,,-132.0,-208.0,76.0,-337.0,-487.0,240.0,26.0,272.0
30.0,,-91.0,-191.0,-75.0,-371.0,-491.0,582.0,106.0,205.0
43.0,,-67.0,-165.0,-190.0,-378.0,-540.0,338.0,181.0,115.0
82.0,,-16.0,-301.0,-233.0,-381.0,-599.0,480.0,246.0,44.0
62.0,,56.0,-512.0,-209.0,-425.0,-627.0,550.0,309.0,12.0
20.0,,73.0,-425.0,-171.0,-461.0,-629.0,378.0,323.0,-8.0
-11.0,,149.0,-211.0,-134.0,-469.0,-627.0,678.0,308.0,-5.0
-46.0,,208.0,-200.0,-102.0,-444.0,-617.0,363.0,278.0,1.0
-75.0,,225.0,-407.0,-83.0,-431.0,-584.0,628.0,213.0,25.0
-93.0,,267.0,-602.0,-63.0,-377.0,-551.0,460.0,119.0,65.0
-119.0,,286.0,-462.0,-41.0,-386.0,-514.0,388.0,30.0,86.0
-155.0,,305.0,-226.0,-21.0,-440.0,-466.0,535.0,-65.0,83.0
-147.0,,331.0,-194.0,-21.0,-415.0,-434.0,253.0,-160.0,53.0
-134.0,,321.0,-259.0,-35.0,-348.0,-405.0,589.0,-240.0,14.0
-151.0,,332.0,-286.0,-42.0,-290.0,-360.0,325.0,-309.0,-44.0
-155.0,,351.0,-205.0,-34.0,-273.0,-340.0,458.0,-341.0,-88.0
-161.0,,331.0,-73.0,-12.0,-259.0,-317.0,465.0,-344.0,-106.0
-166.0,,326.0,17.0,4.0,-278.0,-286.0,363.0,-319.0,-136.0
-189.0,,311.0,-14.0,1.0,-289.0,-295.0,650.0,-274.0,-123.0
-218.0,,294.0,-96.0,-18.0,-306.0,-303.0,325.0,-217.0,-101.0
-238.0,,295.0,-100.0,-32.0,-307.0,-318.0,622.0,-154.0,-85.0
-267.0,,260.0,-67.0,-38.0,-244.0,-336.0,467.0,-95.0,-29.0
-293.0,,255.0,-24.0,-52.0,-254.0,-340.0,511.0,-43.0,26.0
-316.0,,249.0,-122.0,-73.0,-285.0,-358.0,659.0,-18.0,85.0
-316.0,,209.0,-307.0,-82.0,-250.0,-358.0,406.0,12.0,149.0
-299.0,,205.0,-346.0,-69.0,-210.0,-365.0,766.0,23.0,205.0
-285.0,,179.0,-306.0,-32.0,-200.0,-384.0,436.0,35.0,265.0
-285.0,,163.0,-252.0,5.0,-214.0,-372.0,591.0,55.0,317.0
-285.0,,151.0,-233.0,30.0,-244.0,-367.0,556.0,69.0,332.0
-252.0,,109.0,-278.0,51.0,-227.0,-359.0,386.0,81.0,330.0
-208.0,,105.0,-250.0,60.0,-150.0,-342.0,692.0,72.0,336.0
-187.0,,77.0,-138.0,71.0,-112.0,-358.0,436.0,62.0,319.0
-178.0,,49.0,-27.0,89.0,-125.0,-380.0,764.0,33.0,297.0
-150.0,,48.0,5.0,100.0,-114.0,-359.0,591.0,-1.0,278.0
-108.0,,21.0,-108.0,108.0,-82.0,-318.0,639.0,-33.0,262.0
-71.0,,19.0,-150.0,104.0,-70.0,-311.0,750.0,-74.0,248.0
-66.0,,15.0,-37.0,89.0,-77.0,-285.0,454.0,-100.0,247.0
-51.0,,-2.0,76.0,65.0,-77.0,-225.0,759.0,-116.0,251.0
-19.0,,-9.0,81.0,41.0,-72.0,-213.0,436.0,-128.0,237.0
-4.0,,-10.0,-62.0,27.0,-54.0,-197.0,637.0,-149.0,244.0
10.0,,-8.0,-154.0,10.0,-54.0,-158.0,617.0,-159.0,240.0
3.0,,-10.0,-145.0,-7.0,-94.0,-121.0,502.0,-163.0,252.0
-7.0,,1.0,-91.0,-21.0,-112.0,-70.0,757.0,-165.0,312.0
-24.0,,16.0,-20.0,-36.0,-166.0,-26.0,428.0,-164.0,353.0
-26.0,,25.0,-64.0,-55.0,-229.0,13.0,709.0,-161.0,402.0
-32.0,,17.0,-116.0,-72.0,-183.0,23.0,491.0,-147.0,456.0
-79.0,,31.0,-95.0,-81.0,-135.0,35.0,543.0,-149.0,471.0
-88.0,,47.0,-164.0,-81.0,-144.0,82.0,618.0,-152.0,450.0
-82.0,,44.0,-314.0,-66.0,-166.0,112.0,349.0,-148.0,412.0
-78.0,,65.0,-414.0,-48.0,-183.0,143.0,678.0,-154.0,379.0
-47.0,,62.0,-444.0,-23.0,-160.0,200.0,363.0,-151.0,337.0
-28.0,,65.0,-446.0,14.0,-129.0,249.0,558.0,-135.0,328.0
-19.0,,59.0,-466.0,29.0,-136.0,260.0,465.0,-118.0,323.0
8.0,,37.0,-534.0,12.0,-141.0,263.0,376.0,-108.0,326.0
68.0,,20.0,-618.0,-23.0,-179.0,273.0,657.0,-93.0,371.0
114.0,,14.0,-605.0,-73.0,-230.0,268.0,423.0,-80.0,375.0
136.0,,16.0,-544.0,-121.0,-233.0,252.0,724.0,-80.0,370.0
187.0,,-17.0,-518.0,-152.0,-296.0,230.0,400.0,-70.0,345.0
232.0,,-29.0,-544.0,-144.0,-318.0,211.0,419.0,-56.0,307.0
244.0,,-51.0,-620.0,-85.0,-293.0,179.0,443.0,-24.0,266.0
251.0,,-64.0,-630.0,2.0,-337.0,154.0,229.0,16.0,196.0
255.0,,-66.0,-542.0,84.0,-302.0,176.0,511.0,60.0,145.0
252.0,,-87.0,-525.0,134.0,-281.0,171.0,147.0,124.0,74.0
229.0,,-69.0,-635.0,159.0,-324.0,162.0,382.0,182.0,5.0
218.0,,-64.0,-704.0,155.0,-315.0,175.0,260.0,222.0,-53.0
213.0,,-68.0,-761.0,133.0,-290.0,149.0,253.0,251.0,-111.0
179.0,,-42.0,-829.0,117.0,-272.0,115.0,524.0,261.0,-142.0
148.0,,-13.0,-823.0,108.0,-287.0,84.0,219.0,244.0,-164.0
137.0,,18.0,-844.0,113.0,-331.0,63.0,423.0,209.0,-179.0
145.0,,30.0,-896.0,122.0,-369.0,69.0,60.0,161.0,-154.0
128.0,,53.0,-879.0,107.0,-336.0,68.0,110.0,109.0,-110.0
78.0,,78.0,-785.0,52.0,-301.0,37.0,70.0,51.0,-80.0
71.0,,80.0,-654.0,-37.0,-310.0,-3.0,-83.0,-15.0,-21.0
72.0,,122.0,-570.0,-135.0,-323.0,-10.0,273.0,-65.0,31.0
28.0,,146.0,-519.0,-203.0,-302.0,5.0,14.0,-100.0,73.0
0.0,,178.0,-383.0,-230.0,-256.0,15.0,386.0,-122.0,97.0
7.0,,232.0,-169.0,-226.0,-247.0,12.0,284.0,-120.0,109.0
22.0,,240.0,2.0,-213.0,-218.0,16.0,216.0,-98.0,108.0
12.0,,263.0,88.0,-211.0,-205.0,33.0,330.0,-84.0,68.0
8.0,,298.0,66.0,-223.0,-218.0,37.0,5.0,-64.0,18.0
20.0,,298.0,-31.0,-256.0,-198.0,18.0,349.0,-60.0,-53.0
4.0,,293.0,-24.0,-289.0,-154.0,23.0,164.0,-77.0,-143.0
-3.0,,304.0,11.0,-298.0,-121.0,67.0,365.0,-97.0,-235.0
-1.0,,289.0,-40.0,-256.0,-135.0,102.0,363.0,-147.0,-306.0
-9.0,,291.0,-204.0,-160.0,-146.0,113.0,179.0,-216.0,-361.0
-25.0,,289.0,-380.0,-49.0,-139.0,114.0,384.0,-300.0,-384.0
-29.0,,260.0,-344.0,43.0,-110.0,123.0,-22.0,-393.0,-372.0
-21.0,,243.0,-314.0,94.0,-89.0,143.0,295.0,-479.0,-341.0
-45.0,,215.0,-340.0,94.0,-78.0,173.0,223.0,-556.0,-251.0
-75.0,,193.0,-339.0,61.0,-54.0,186.0,301.0,-622.0,-128.0
-105.0,,160.0,-380.0,20.0,-15.0,183.0,524.0,-678.0,30.0
-121.0,,127.0,-421.0,-11.0,42.0,181.0,295.0,-716.0,207.0
-116.0,,106.0,-472.0,-19.0,64.0,168.0,607.0,-737.0,369.0
-125.0,,81.0,-456.0,-3.0,80.0,163.0,314.0,-728.0,528.0
-125.0,,71.0,-424.0,20.0,118.0,155.0,447.0,-699.0,651.0
-100.0,,74.0,-468.0,41.0,111.0,151.0,356.0,-644.0,746.0
-75.0,,87.0,-552.0,56.0,92.0,158.0,247.0,-559.0,811.0
-76.0,,89.0,-595.0,51.0,114.0,163.0,487.0,-464.0,815.0
-88.0,,110.0,-629.0,23.0,124.0,185.0,177.0,-362.0,761.0
-96.0,,119.0,-661.0,-36.0,149.0,193.0,504.0,-262.0,666.0
-87.0,,159.0,-655.0,-114.0,149.0,168.0,256.0,-184.0,565.0
-85.0,,197.0,-663.0,-148.0,168.0,157.0,327.0,-125.0,448.0
-99.0,,192.0,-653.0,-120.0,227.0,163.0,441.0,-63.0,340.0
-111.0,,249.0,-674.0,-58.0,232.0,158.0,186.0,-16.0,257.0
-114.0,,251.0,-619.0,0.0,254.0,154.0,530.0,48.0,200.0
-100.0,,259.0,-531.0,41.0,254.0,171.0,284.0,120.0,211.0
-103.0,,285.0,-487.0,82.0,298.0,169.0,574.0,177.0,259.0
-107.0,,277.0,-374.0,137.0,402.0,163.0,541.0,237.0,337.0
-112.0,,288.0,-287.0,208.0,383.0,165.0,469.0,278.0,410.0
-134.0,,262.0,-287.0,273.0,329.0,158.0,637.0,315.0,469.0
-153.0,,247.0,-323.0,305.0,364.0,152.0,291.0,331.0,504.0
-159.0,,219.0,-285.0,291.0,417.0,137.0,589.0,337.0,498.0
-189.0,,192.0,-320.0,242.0,396.0,180.0,332.0,319.0,463.0
-253.0,,164.0,-495.0,181.0,364.0,204.0,491.0,277.0,396.0
-285.0,,131.0,-591.0,134.0,383.0,202.0,633.0,243.0,328.0
-334.0,,124.0,-626.0,118.0,437.0,236.0,450.0,185.0,246.0
-409.0,,97.0,-672.0,129.0,463.0,277.0,772.0,109.0,161.0
-452.0,,84.0,-778.0,176.0,458.0,324.0,426.0,42.0,61.0
-481.0,,70.0,-884.0,253.0,424.0,372.0,591.0,-10.0,-44.0
-505.0,,78.0,-936.0,327.0,412.0,452.0,461.0,-61.0,-121.0
-534.0,,86.0,-961.0,367.0,474.0,495.0,413.0,-93.0,-184.0
-564.0,,86.0,-937.0,345.0,471.0,528.0,618.0,-100.0,-264.0
-580.0,,124.0,-879.0,268.0,442.0,565.0,391.0,-101.0,-360.0
-588.0,,111.0,-814.0,166.0,456.0,566.0,692.0,-92.0,-430.0
-621.0,,144.0,-807.0,70.0,473.0,573.0,376.0,-77.0,-509.0
-655.0,,184.0,-728.0,2.0,511.0,559.0,513.0,-60.0,-584.0
-632.0,,173.0,-474.0,-29.0,501.0,543.0,537.0,-37.0,-645.0
-573.0,,209.0,-256.0,-46.0,517.0,526.0,343.0,-11.0,-664.0
-539.0,,217.0,-176.0,-71.0,567.0,505.0,631.0,21.0,-660.0
-483.0,,212.0,-187.0,-108.0,550.0,509.0,280.0,62.0,-671.0
-372.0,,222.0,-183.0,-130.0,595.0,527.0,585.0,109.0,-639.0
-274.0,,223.0,-103.0,-114.0,613.0,532.0,461.0,169.0,-616.0
-190.0,,209.0,-12.0,-67.0,574.0,523.0,419.0,218.0,-579.0
-120.0,,186.0,-41.0,-2.0,579.0,523.0,602.0,250.0,-545.0
-47.0,,147.0,-151.0,51.0,583.0,518.0,328.0,287.0,-553.0
17.0,,109.0,-210.0,74.0,634.0,503.0,665.0,333.0,-539.0
41.0,,63.0,-253.0,66.0,651.0,459.0,384.0,378.0,-543.0
75.0,,15.0,-243.0,40.0,635.0,408.0,543.0,405.0,-549.0
99.0,,-23.0,-207.0,12.0,642.0,389.0,526.0,436.0,-537.0
115.0,,-86.0,-224.0,-22.0,630.0,389.0,343.0,453.0,-521.0
114.0,,-87.0,-233.0,-55.0,655.0,412.0,641.0,452.0,-463.0
74.0,,-108.0,-191.0,-49.0,651.0,419.0,341.0,455.0,-381.0
44.0,,-127.0,-128.0,2.0,617.0,389.0,661.0,441.0,-288.0
24.0,,-112.0,-113.0,58.0,636.0,391.0,515.0,414.0,-176.0
-4.0,,-108.0,-165.0,84.0,653.0,367.0,439.0,390.0,-60.0
-81.0,,-101.0,-242.0,79.0,634.0,344.0,480.0,370.0,79.0
-132.0,,-111.0,-227.0,48.0,600.0,373.0,225.0,350.0,216.0
-152.0,,-118.0,-149.0,19.0,616.0,397.0,511.0,323.0,329.0
-212.0,,-135.0,-145.0,17.0,681.0,403.0,234.0,280.0,456.0
-264.0,,-134.0,-208.0,42.0,715.0,388.0,502.0,205.0,581.0
-320.0,,-160.0,-276.0,66.0,717.0,417.0,424.0,123.0,671.0
-365.0,,-145.0,-285.0,65.0,680.0,472.0,277.0,34.0,753.0
-383.0,,-104.0,-240.0,43.0,653.0,495.0,530.0,-63.0,826.0
-402.0,,-91.0,-194.0,12.0,680.0,499.0,212.0,-146.0,843.0
-404.0,,-19.0,-154.0,-15.0,678.0,476.0,519.0,-208.0,838.0
-393.0,,22.0,-129.0,-35.0,690.0,447.0,328.0,-282.0,799.0
-389.0,,81.0,-154.0,-61.0,711.0,433.0,443.0,-362.0,707.0
-376.0,,174.0,-159.0,-85.0,672.0,440.0,585.0,-416.0,589.0
-321.0,,233.0,3.0,-87.0,603.0,439.0,421.0,-466.0,454.0
-272.0,,289.0,119.0,-64.0,563.0,449.0,761.0,-494.0,306.0
-255.0,,367.0,66.0,-37.0,586.0,477.0,484.0,-491.0,169.0
-241.0,,409.0,-51.0,-40.0,603.0,490.0,757.0,-477.0,66.0
-213.0,,426.0,-138.0,-55.0,591.0,480.0,700.0,-458.0,4.0
-197.0,,442.0,-49.0,-44.0,557.0,463.0,683.0,-440.0,22.0
-190.0,,422.0,-22.0,-4.0,598.0,450.0,881.0,-425.0,71.0
-196.0,,410.0,-81.0,31.0,612.0,455.0,517.0,-418.0,127.0
-210.0,,341.0,-103.0,30.0,492.0,468.0,766.0,-404.0,201.0
-198.0,,286.0,-83.0,-4.0,471.0,447.0,437.0,-383.0,262.0
-183.0,,246.0,-17.0,-50.0,488.0,451.0,517.0,-330.0,310.0
-180.0,,152.0,-92.0,-84.0,450.0,467.0,593.0,-273.0,315.0
-212.0,,106.0,-199.0,-96.0,382.0,433.0,408.0,-215.0,296.0
-241.0,,58.0,-246.0,-95.0,313.0,378.0,733.0,-150.0,267.0
-252.0,,12.0,-242.0,-69.0,338.0,327.0,424.0,-98.0,209.0
-279.0,,1.0,-221.0,-14.0,368.0,297.0,639.0,-40.0,123.0
-297.0,,-6.0,-280.0,64.0,306.0,287.0,533.0,6.0,23.0
-300.0,,-13.0,-352.0,128.0,268.0,274.0,508.0,40.0,-77.0
-285.0,,9.0,-361.0,142.0,296.0,239.0,642.0,72.0,-200.0
-266.0,,14.0,-352.0,138.0,281.0,202.0,306.0,90.0,-317.0
-231.0,,10.0,-433.0,143.0,245.0,169.0,576.0,99.0,-422.0
-190.0,,38.0,-442.0,156.0,164.0,140.0,299.0,107.0,-523.0
-151.0,,13.0,-339.0,169.0,132.0,120.0,497.0,121.0,-606.0
-95.0,,10.0,-256.0,168.0,166.0,121.0,508.0,132.0,-703.0
-36.0,,-11.0,-190.0,156.0,96.0,124.0,299.0,145.0,-798.0
9.0,,-57.0,-220.0,149.0,31.0,118.0,613.0,147.0,-890.0
44.0,,-84.0,-297.0,152.0,22.0,112.0,301.0,131.0,-994.0
78.0,,-134.0,-286.0,157.0,10.0,84.0,524.0,131.0,-1096.0
93.0,,-183.0,-206.0,148.0,-20.0,82.0,280.0,138.0,-1166.0
84.0,,-248.0,-198.0,112.0,-84.0,115.0,199.0,137.0,-1197.0
84.0,,-261.0,-323.0,54.0,-114.0,138.0,303.0,145.0,-1198.0
93.0,,-295.0,-463.0,-14.0,-150.0,151.0,55.0,142.0,-1169.0
79.0,,-341.0,-548.0,-80.0,-202.0,143.0,428.0,137.0,-1109.0
70.0,,-324.0,-522.0,-133.0,-205.0,132.0,208.0,124.0,-997.0
64.0,,-344.0,-475.0,-170.0,-221.0,125.0,436.0,109.0,-883.0
42.0,,-333.0,-538.0,-186.0,-224.0,102.0,360.0,96.0,-755.0
48.0,,-313.0,-660.0,-182.0,-229.0,52.0,179.0,65.0,-605.0
45.0,,-324.0,-785.0,-160.0,-324.0,24.0,369.0,31.0,-466.0
15.0,,-299.0,-773.0,-148.0,-344.0,18.0,-20.0,-6.0,-325.0
-13.0,,-283.0,-700.0,-164.0,-277.0,6.0,303.0,-42.0,-224.0
-5.0,,-277.0,-683.0,-182.0,-283.0,9.0,153.0,-64.0,-149.0
27.0,,-273.0,-655.0,-177.0,-331.0,28.0,229.0,-77.0,-105.0
36.0,,-264.0,-629.0,-134.0,-346.0,21.0,347.0,-97.0,-101.0
35.0,,-259.0,-550.0,-62.0,-319.0,-24.0,62.0,-123.0,-112.0
33.0,,-271.0,-464.0,7.0,-292.0,-60.0,339.0,-129.0,-153.0
45.0,,-259.0,-469.0,40.0,-321.0,-61.0,7.0,-116.0,-203.0
53.0,,-276.0,-537.0,37.0,-310.0,-65.0,223.0,-104.0,-258.0
34.0,,-281.0,-588.0,18.0,-237.0,-82.0,173.0,-88.0,-316.0
33.0,,-274.0,-580.0,20.0,-268.0,-85.0,125.0,-72.0,-375.0
31.0,,-313.0,-570.0,73.0,-299.0,-79.0,430.0,-65.0,-412.0
4.0,,-297.0,-639.0,148.0,-272.0,-85.0,138.0,-77.0,-406.0
-23.0,,-296.0,-723.0,210.0,-244.0,-93.0,460.0,-91.0,-369.0
-52.0,,-321.0,-709.0,243.0,-219.0,-110.0,199.0,-119.0,-295.0
-78.0,,-306.0,-630.0,252.0,-237.0,-106.0,223.0,-174.0,-202.0
-139.0,,-305.0,-557.0,264.0,-233.0,-102.0,277.0,-225.0,-95.0
-208.0,,-287.0,-513.0,282.0,-185.0,-119.0,51.0,-286.0,12.0
-261.0,,-280.0,-529.0,290.0,-180.0,-103.0,328.0,-343.0,126.0
-314.0,,-267.0,-554.0,272.0,-222.0,-107.0,-57.0,-398.0,224.0
-375.0,,-238.0,-455.0,237.0,-198.0,-113.0,142.0,-439.0,282.0
-449.0,,-230.0,-287.0,205.0,-203.0,-110.0,27.0,-463.0,318.0
-499.0,,-205.0,-134.0,177.0,-219.0,-113.0,24.0,-493.0,327.0
-533.0,,-182.0,-34.0,149.0,-220.0,-93.0,284.0,-503.0,293.0
-563.0,,-180.0,-28.0,108.0,-266.0,-68.0,-1.0,-501.0,228.0
-613.0,,-180.0,-30.0,60.0,-193.0,-61.0,376.0,-478.0,172.0
-655.0,,-189.0,-19.0,34.0,-159.0,-57.0,120.0,-438.0,114.0
-694.0,,-221.0,6.0,60.0,-225.0,-39.0,145.0,-392.0,37.0
-748.0,,-228.0,17.0,118.0,-246.0,-28.0,136.0,-340.0,-33.0
-777.0,,-234.0,-17.0,170.0,-272.0,-12.0,-18.0,-289.0,-99.0
-798.0,,-274.0,-44.0,197.0,-268.0,-5.0,376.0,-235.0,-156.0
-800.0,,-289.0,-27.0,180.0,-253.0,-12.0,197.0,-181.0,-173.0
-798.0,,-301.0,25.0,132.0,-267.0,-12.0,491.0,-112.0,-157.0
-769.0,,-324.0,33.0,68.0,-262.0,-19.0,291.0,-44.0,-132.0
-682.0,,-322.0,13.0,-5.0,-314.0,-33.0,280.0,9.0,-87.0
-601.0,,-343.0,-6.0,-84.0,-386.0,-46.0,465.0,65.0,-21.0
-552.0,,-356.0,-58.0,-155.0,-329.0,-70.0,236.0,119.0,37.0
-470.0,,-347.0,-66.0,-188.0,-256.0,-102.0,637.0,163.0,72.0
-340.0,,-363.0,-46.0,-198.0,-271.0,-108.0,349.0,180.0,101.0
-235.0,,-376.0,-115.0,-212.0,-348.0,-136.0,473.0,173.0,96.0
-180.0,,-390.0,-195.0,-230.0,-422.0,-143.0,404.0,150.0,54.0
-139.0,,-392.0,-210.0,-245.0,-371.0,-118.0,192.0,116.0,11.0
-54.0,,-402.0,-158.0,-242.0,-302.0,-121.0,454.0,85.0,-33.0
24.0,,-418.0,-86.0,-213.0,-403.0,-109.0,120.0,45.0,-79.0
52.0,,-427.0,-117.0,-164.0,-474.0,-149.0,423.0,-13.0,-79.0
65.0,,-456.0,-201.0,-101.0,-461.0,-160.0,299.0,-65.0,-37.0
94.0,,-466.0,-250.0,-20.0,-487.0,-139.0,426.0,-99.0,30.0
117.0,,-486.0,-240.0,52.0,-496.0,-177.0,631.0,-120.0,163.0
98.0,,-520.0,-262.0,110.0,-538.0,-205.0,354.0,-132.0,312.0
70.0,,-531.0,-351.0,153.0,-546.0,-253.0,646.0,-117.0,465.0
55.0,,-525.0,-449.0,182.0,-523.0,-264.0,343.0,-79.0,605.0
49.0,,-555.0,-583.0,210.0,-610.0,-233.0,546.0,-40.0,697.0
12.0,,-554.0,-671.0,225.0,-697.0,-206.0,541.0,-1.0,756.0
-36.0,,-525.0,-718.0,224.0,-673.0,-170.0,460.0,40.0,770.0
-60.0,,-558.0,-751.0,203.0,-645.0,-161.0,650.0,88.0,706.0
-63.0,,-522.0,-757.0,163.0,-715.0,-148.0,264.0,124.0,587.0
-76.0,,-514.0,-809.0,128.0,-806.0,-150.0,484.0,158.0,456.0
-108.0,,-528.0,-854.0,99.0,-810.0,-144.0,190.0,186.0,300.0
-89.0,,-475.0,-831.0,84.0,-772.0,-128.0,219.0,204.0,138.0
-38.0,,-486.0,-793.0,87.0,-763.0,-175.0,264.0,224.0,-24.0
-36.0,,-472.0,-825.0,86.0,-763.0,-221.0,38.0,210.0,-170.0
-41.0,,-438.0,-871.0,89.0,-774.0,-223.0,386.0,172.0,-291.0
12.0,,-437.0,-816.0,85.0,-781.0,-241.0,110.0,115.0,-399.0
78.0,,-429.0,-721.0,47.0,-801.0,-273.0,362.0,36.0,-475.0
126.0,,-412.0,-681.0,-18.0,-840.0,-264.0,280.0,-48.0,-531.0
170.0,,-406.0,-613.0,-94.0,-871.0,-261.0,179.0,-131.0,-554.0
230.0,,-403.0,-505.0,-160.0,-859.0,-299.0,395.0,-198.0,-594.0
287.0,,-407.0,-465.0,-200.0,-858.0,-316.0,121.0,-249.0,-634.0
342.0,,-422.0,-376.0,-206.0,-911.0,-296.0,426.0,-295.0,-658.0
398.0,,-400.0,-278.0,-173.0,-912.0,-297.0,181.0,-336.0,-664.0
413.0,,-403.0,-249.0,-115.0,-892.0,-347.0,162.0,-339.0,-610.0
459.0,,-372.0,-297.0,-40.0,-843.0,-375.0,107.0,-317.0,-523.0
499.0,,-321.0,-394.0,25.0,-792.0,-405.0,-105.0,-299.0,-395.0
518.0,,-327.0,-349.0,73.0,-781.0,-437.0,227.0,-270.0,-239.0
550.0,,-254.0,-343.0,106.0,-744.0,-409.0,24.0,-224.0,-58.0
564.0,,-221.0,-433.0,113.0,-763.0,-367.0,319.0,-161.0,130.0
578.0,,-227.0,-568.0,109.0,-773.0,-328.0,162.0,-97.0,288.0
570.0,,-146.0,-660.0,90.0,-724.0,-344.0,75.0,-50.0,418.0
555.0,,-149.0,-628.0,61.0,-694.0,-361.0,210.0,-2.0,500.0
549.0,,-119.0,-720.0,46.0,-670.0,-319.0,-92.0,46.0,540.0
513.0,,-84.0,-844.0,35.0,-644.0,-293.0,236.0,55.0,539.0
476.0,,-106.0,-878.0,14.0,-649.0,-286.0,7.0,45.0,499.0
462.0,,-72.0,-865.0,-29.0,-629.0,-299.0,173.0,26.0,436.0
436.0,,-93.0,-837.0,-85.0,-557.0,-324.0,153.0,0.0,374.0
416.0,,-111.0,-790.0,-110.0,-529.0,-357.0,-36.0,-20.0,335.0
386.0,,-119.0,-784.0,-92.0,-515.0,-367.0,245.0,-45.0,311.0
349.0,,-149.0,-813.0,-36.0,-484.0,-344.0,-75.0,-55.0,314.0
325.0,,-196.0,-723.0,42.0,-450.0,-316.0,212.0,-59.0,327.0
304.0,,-239.0,-603.0,111.0,-438.0,-295.0,46.0,-62.0,337.0
279.0,,-277.0,-496.0,183.0,-453.0,-319.0,27.0,-87.0,346.0
201.0,,-333.0,-492.0,255.0,-426.0,-339.0,184.0,-129.0,314.0
158.0,,-362.0,-592.0,287.0,-363.0,-325.0,-48.0,-161.0,258.0
157.0,,-395.0,-608.0,276.0,-369.0,-313.0,271.0,-203.0,183.0
118.0,,-410.0,-561.0,219.0,-396.0,-314.0,-42.0,-247.0,81.0
60.0,,-424.0,-585.0,133.0,-358.0,-310.0,79.0,-283.0,-23.0
14.0,,-421.0,-736.0,41.0,-325.0,-322.0,14.0,-303.0,-105.0
6.0,,-423.0,-837.0,-45.0,-328.0,-331.0,-175.0,-334.0,-149.0
-23.0,,-446.0,-837.0,-111.0,-388.0,-339.0,101.0,-377.0,-176.0
-76.0,,-404.0,-855.0,-150.0,-416.0,-342.0,-206.0,-404.0,-157.0
-98.0,,-385.0,-848.0,-180.0,-373.0,-299.0,0.0,-426.0,-99.0
-110.0,,-379.0,-826.0,-205.0,-350.0,-280.0,-218.0,-440.0,-48.0
-134.0,,-328.0,-797.0,-213.0,-375.0,-266.0,-243.0,-432.0,3.0
-194.0,,-322.0,-756.0,-210.0,-383.0,-260.0,-129.0,-408.0,74.0
-242.0,,-296.0,-671.0,-203.0,-385.0,-231.0,-343.0,-381.0,147.0
-247.0,,-273.0,-495.0,-199.0,-413.0,-182.0,-20.0,-338.0,212.0
-257.0,,-290.0,-363.0,-191.0,-372.0,-185.0,-339.0,-309.0,290.0
-269.0,,-264.0,-267.0,-161.0,-362.0,-160.0,-168.0,-294.0,372.0
-266.0,,-274.0,-170.0,-103.0,-383.0,-160.0,-186.0,-272.0,461.0
-243.0,,-290.0,-66.0,-15.0,-411.0,-183.0,-347.0,-264.0,558.0
-210.0,,-296.0,26.0,73.0,-480.0,-171.0,-144.0,-262.0,632.0
-195.0,,-337.0,-48.0,131.0,-477.0,-149.0,-480.0,-265.0,692.0
-191.0,,-367.0,-168.0,142.0,-446.0,-126.0,-184.0,-270.0,725.0
-165.0,,-393.0,-193.0,111.0,-411.0,-146.0,-358.0,-290.0,703.0
-117.0,,-415.0,-162.0,66.0,-412.0,-134.0,-303.0,-327.0,651.0
-99.0,,-430.0,-164.0,32.0,-452.0,-74.0,-205.0,-369.0,579.0
-98.0,,-434.0,-308.0,29.0,-438.0,-19.0,-436.0,-416.0,505.0
-84.0,,-429.0,-467.0,63.0,-436.0,44.0,-84.0,-465.0,430.0
-66.0,,-421.0,-507.0,110.0,-427.0,102.0,-375.0,-518.0,378.0
-62.0,,-380.0,-479.0,155.0,-384.0,149.0,-168.0,-557.0,377.0
-101.0,,-337.0,-475.0,182.0,-375.0,178.0,-310.0,-588.0,414.0
-138.0,,-294.0,-531.0,178.0,-413.0,185.0,-473.0,-610.0,475.0
-143.0,,-234.0,-591.0,147.0,-449.0,182.0,-234.0,-622.0,564.0
-133.0,,-173.0,-659.0,87.0,-486.0,204.0,-530.0,-633.0,673.0
-155.0,,-101.0,-697.0,4.0,-473.0,218.0,-166.0,-620.0,795.0
-183.0,,-78.0,-663.0,-67.0,-423.0,215.0,-288.0,-581.0,911.0
-167.0,,-24.0,-669.0,-99.0,-450.0,244.0,-164.0,-532.0,994.0
-133.0,,12.0,-732.0,-93.0,-434.0,266.0,-131.0,-473.0,1050.0
-96.0,,13.0,-781.0,-67.0,-379.0,247.0,-378.0,-407.0,1089.0
-61.0,,43.0,-776.0,-31.0,-374.0,229.0,-120.0,-333.0,1103.0
4.0,,7.0,-784.0,10.0,-431.0,239.0,-428.0,-261.0,1080.0
95.0,,-6.0,-853.0,49.0,-442.0,254.0,-195.0,-198.0,1043.0
159.0,,-55.0,-906.0,74.0,-342.0,275.0,-352.0,-139.0,984.0
224.0,,-108.0,-904.0,84.0,-328.0,284.0,-336.0,-104.0,902.0
315.0,,-141.0,-819.0,77.0,-341.0,295.0,-105.0,-89.0,830.0
389.0,,-200.0,-779.0,52.0,-354.0,342.0,-415.0,-95.0,751.0
419.0,,-234.0,-830.0,25.0,-341.0,381.0,-72.0,-122.0,664.0
415.0,,-297.0,-874.0,3.0,-315.0,402.0,-349.0,-151.0,575.0
410.0,,-356.0,-916.0,-16.0,-352.0,423.0,-262.0,-197.0,505.0
426.0,,-399.0,-876.0,-30.0,-341.0,450.0,-203.0,-249.0,441.0
412.0,,-438.0,-802.0,-45.0,-339.0,470.0,-349.0,-285.0,356.0
358.0,,-497.0,-768.0,-57.0,-351.0,493.0,-77.0,-334.0,284.0
345.0,,-523.0,-754.0,-49.0,-348.0,506.0,-412.0,-379.0,252.0
365.0,,-551.0,-732.0,-11.0,-317.0,512.0,-230.0,-405.0,227.0
350.0,,-598.0,-682.0,49.0,-311.0,525.0,-482.0,-418.0,206.0
340.0,,-607.0,-659.0,119.0,-357.0,514.0,-519.0,-408.0,212.0
369.0,,-658.0,-649.0,179.0,-369.0,515.0,-375.0,-399.0,210.0
396.0,,-664.0,-719.0,223.0,-379.0,529.0,-657.0,-377.0,195.0
407.0,,-671.0,-760.0,238.0,-376.0,526.0,-339.0,-343.0,165.0
416.0,,-727.0,-712.0,220.0,-358.0,516.0,-624.0,-315.0,137.0
444.0,,-726.0,-692.0,189.0,-379.0,512.0,-437.0,-294.0,112.0
476.0,,-738.0,-658.0,157.0,-409.0,530.0,-419.0,-270.0,66.0
495.0,,-768.0,-671.0,122.0,-391.0,543.0,-546.0,-238.0,21.0
507.0,,-758.0,-689.0,89.0,-414.0,524.0,-284.0,-203.0,-1.0
515.0,,-774.0,-678.0,53.0,-437.0,509.0,-607.0,-177.0,-21.0
543.0,,-784.0,-701.0,4.0,-412.0,515.0,-351.0,-157.0,-48.0
580.0,,-755.0,-721.0,-59.0,-394.0,496.0,-582.0,-126.0,-48.0
577.0,,-766.0,-756.0,-121.0,-353.0,481.0,-515.0,-98.0,-33.0
597.0,,-749.0,-775.0,-171.0,-352.0,476.0,-347.0,-75.0,-11.0
664.0,,-698.0,-768.0,-203.0,-400.0,486.0,-587.0,-58.0,17.0
689.0,,-671.0,-764.0,-208.0,-378.0,511.0,-210.0,-26.0,36.0
679.0,,-631.0,-749.0,-185.0,-328.0,515.0,-491.0,17.0,55.0
676.0,,-572.0,-762.0,-157.0,-320.0,532.0,-325.0,55.0,59.0
673.0,,-521.0,-809.0,-133.0,-321.0,516.0,-408.0,93.0,59.0
633.0,,-446.0,-820.0,-108.0,-343.0,475.0,-541.0,134.0,80.0
594.0,,-372.0,-762.0,-84.0,-332.0,432.0,-279.0,161.0,104.0
557.0,,-323.0,-678.0,-66.0,-317.0,397.0,-576.0,174.0,108.0
489.0,,-235.0,-613.0,-67.0,-355.0,412.0,-267.0,181.0,140.0
441.0,,-193.0,-579.0,-75.0,-344.0,429.0,-484.0,168.0,189.0
390.0,,-147.0,-578.0,-77.0,-327.0,423.0,-397.0,154.0,230.0
317.0,,-89.0,-603.0,-71.0,-292.0,382.0,-256.0,123.0,315.0
266.0,,-66.0,-633.0,-78.0,-245.0,344.0,-421.0,79.0,441.0
210.0,,-27.0,-656.0,-107.0,-281.0,311.0,-46.0,27.0,565.0
121.0,,-19.0,-724.0,-141.0,-267.0,299.0,-323.0,-44.0,704.0
61.0,,-4.0,-823.0,-166.0,-212.0,306.0,-116.0,-122.0,830.0
19.0,,23.0,-883.0,-171.0,-241.0,270.0,-267.0,-208.0,916.0
-40.0,,40.0,-913.0,-166.0,-293.0,246.0,-415.0,-298.0,993.0
-94.0,,50.0,-945.0,-168.0,-298.0,210.0,-271.0,-383.0,1027.0
-135.0,,67.0,-996.0,-179.0,-240.0,163.0,-615.0,-457.0,1043.0
-170.0,,103.0,-1046.0,-196.0,-174.0,160.0,-362.0,-509.0,1057.0
-224.0,,128.0,-1090.0,-207.0,-155.0,165.0,-650.0,-549.0,1037.0
-257.0,,128.0,-1151.0,-196.0,-152.0,138.0,-548.0,-584.0,1010.0
-268.0,,122.0,-1159.0,-157.0,-151.0,118.0,-448.0,-612.0,966.0
-302.0,,140.0,-1117.0,-108.0,-152.0,159.0,-532.0,-609.0,900.0
-373.0,,119.0,-1124.0,-59.0,-126.0,164.0,-120.0,-589.0,845.0
-429.0,,96.0,-1159.0,-36.0,-69.0,129.0,-338.0,-561.0,800.0
-467.0,,93.0,-1177.0,-45.0,-68.0,103.0,-134.0,-525.0,739.0
-529.0,,55.0,-1150.0,-71.0,-118.0,107.0,-367.0,-513.0,654.0
-555.0,,17.0,-1085.0,-101.0,-101.0,143.0,-454.0,-493.0,539.0
-595.0,,-38.0,-1067.0,-125.0,-81.0,124.0,-334.0,-454.0,392.0
-623.0,,-97.0,-1073.0,-136.0,-12.0,133.0,-546.0,-418.0,249.0
-624.0,,-137.0,-1017.0,-112.0,39.0,148.0,-83.0,-376.0,124.0
-631.0,,-215.0,-922.0,-55.0,23.0,150.0,-288.0,-323.0,7.0
-641.0,,-279.0,-874.0,1.0,81.0,175.0,-171.0,-275.0,-80.0
-685.0,,-309.0,-845.0,33.0,101.0,174.0,-219.0,-218.0,-129.0
-705.0,,-374.0,-775.0,29.0,115.0,180.0,-465.0,-165.0,-128.0
-701.0,,-407.0,-680.0,13.0,128.0,140.0,-258.0,-141.0,-112.0
-697.0,,-436.0,-636.0,-2.0,185.0,109.0,-554.0,-112.0,-75.0
-718.0,,-479.0,-642.0,-12.0,284.0,90.0,-284.0,-93.0,-22.0
-716.0,,-456.0,-619.0,-9.0,232.0,52.0,-508.0,-80.0,25.0
-637.0,,-474.0,-606.0,-7.0,173.0,29.0,-537.0,-68.0,66.0
-599.0,,-479.0,-641.0,-6.0,235.0,-15.0,-369.0,-62.0,64.0
-613.0,,-473.0,-691.0,16.0,295.0,-18.0,-561.0,-56.0,68.0
-583.0,,-492.0,-743.0,72.0,327.0,3.0,-190.0,-80.0,64.0
-506.0,,-462.0,-751.0,136.0,340.0,14.0,-430.0,-116.0,43.0
-467.0,,-456.0,-735.0,172.0,308.0,16.0,-230.0,-154.0,30.0
-466.0,,-454.0,-736.0,167.0,368.0,-15.0,-288.0,-191.0,18.0
-431.0,,-429.0,-758.0,135.0,403.0,-41.0,-458.0,-208.0,1.0
-368.0,,-416.0,-795.0,100.0,365.0,-46.0,-236.0,-233.0,-34.0
-321.0,,-427.0,-775.0,75.0,388.0,-66.0,-624.0,-262.0,-68.0
-313.0,,-412.0,-730.0,59.0,402.0,-60.0,-408.0,-273.0,-94.0
-313.0,,-407.0,-732.0,47.0,425.0,-35.0,-598.0,-285.0,-106.0
-283.0,,-394.0,-769.0,53.0,425.0,-55.0,-559.0,-308.0,-117.0
-255.0,,-356.0,-744.0,73.0,432.0,-66.0,-439.0,-321.0,-97.0
-271.0,,-349.0,-660.0,85.0,499.0,-64.0,-611.0,-332.0,-52.0
-262.0,,-289.0,-619.0,80.0,530.0,-74.0,-349.0,-344.0,-1.0
-223.0,,-242.0,-592.0,60.0,488.0,-50.0,-672.0,-359.0,58.0
-191.0,,-207.0,-581.0,23.0,482.0,-28.0,-393.0,-366.0,107.0
-177.0,,-131.0,-536.0,-8.0,496.0,1.0,-463.0,-352.0,159.0
-172.0,,-94.0,-544.0,-23.0,451.0,31.0,-558.0,-360.0,187.0
-145.0,,-16.0,-608.0,-25.0,484.0,10.0,-369.0,-351.0,204.0
-134.0,,57.0,-584.0,-21.0,475.0,24.0,-672.0,-329.0,196.0
-125.0,,87.0,-548.0,-26.0,479.0,85.0,-249.0,-324.0,185.0
-134.0,,158.0,-476.0,-22.0,549.0,121.0,-402.0,-320.0,168.0
-157.0,,190.0,-453.0,-8.0,505.0,124.0,-288.0,-337.0,118.0
-146.0,,201.0,-477.0,3.0,490.0,131.0,-253.0,-347.0,74.0
-131.0,,253.0,-411.0,4.0,442.0,137.0,-552.0,-323.0,-20.0
-121.0,,250.0,-338.0,-7.0,417.0,146.0,-314.0,-280.0,-112.0
-130.0,,230.0,-288.0,-2.0,400.0,146.0,-630.0,-234.0,-191.0
-101.0,,245.0,-287.0,14.0,334.0,162.0,-327.0,-164.0,-295.0
-69.0,,215.0,-357.0,45.0,356.0,210.0,-378.0,-77.0,-372.0
-72.0,,192.0,-411.0,91.0,339.0,229.0,-376.0,7.0,-430.0
-73.0,,177.0,-429.0,145.0,315.0,265.0,-127.0,71.0,-456.0
-72.0,,126.0,-532.0,199.0,317.0,300.0,-402.0,120.0,-440.0
-43.0,,75.0,-693.0,231.0,330.0,295.0,-105.0,148.0,-402.0
-21.0,,9.0,-833.0,250.0,301.0,278.0,-404.0,148.0,-353.0
-21.0,,-36.0,-986.0,268.0,289.0,263.0,-314.0,148.0,-276.0
-26.0,,-96.0,-1096.0,268.0,318.0,281.0,-323.0,119.0,-190.0
-33.0,,-166.0,-1093.0,224.0,302.0,296.0,-489.0,87.0,-145.0
-78.0,,-182.0,-1090.0,155.0,283.0,283.0,-238.0,51.0,-112.0
-137.0,,-219.0,-1123.0,96.0,256.0,302.0,-545.0,5.0,-73.0
-168.0,,-254.0,-1079.0,36.0,265.0,344.0,-194.0,-40.0,-57.0
-200.0,,-248.0,-1038.0,-20.0,253.0,358.0,-297.0,-117.0,-72.0
-230.0,,-266.0,-1026.0,-67.0,209.0,399.0,-184.0,-185.0,-75.0
-266.0,,-285.0,-1016.0,-97.0,165.0,482.0,-40.0,-244.0,-50.0
-278.0,,-263.0,-1000.0,-119.0,124.0,544.0,-358.0,-296.0,-41.0
-295.0,,-283.0,-970.0,-147.0,110.0,594.0,-59.0,-328.0,-57.0
-326.0,,-299.0,-992.0,-160.0,129.0,621.0,-386.0,-350.0,-45.0
-337.0,,-265.0,-1005.0,-142.0,86.0,617.0,-229.0,-374.0,-3.0
-343.0,,-280.0,-966.0,-100.0,53.0,610.0,-303.0,-390.0,-15.0
-343.0,,-249.0,-932.0,-71.0,86.0,623.0,-458.0,-384.0,-54.0
-336.0,,-226.0,-851.0,-77.0,49.0,619.0,-242.0,-366.0,-51.0
-323.0,,-239.0,-719.0,-105.0,39.0,595.0,-541.0,-341.0,-64.0
-313.0,,-183.0,-615.0,-140.0,47.0,610.0,-195.0,-317.0,-112.0
-303.0,,-207.0,-550.0,-182.0,46.0,632.0,-386.0,-280.0,-160.0
-291.0,,-199.0,-530.0,-226.0,56.0,641.0,-338.0,-249.0,-217.0
-298.0,,-159.0,-501.0,-260.0,27.0,629.0,-288.0,-235.0,-292.0
-294.0,,-186.0,-480.0,-285.0,6.0,616.0,-556.0,-211.0,-360.0
-286.0,,-146.0,-451.0,-302.0,51.0,636.0,-188.0,-180.0,-418.0
-315.0,,-139.0,-442.0,-318.0,58.0,650.0,-439.0,-138.0,-503.0
-334.0,,-123.0,-525.0,-320.0,73.0,624.0,-162.0,-94.0,-582.0
-343.0,,-79.0,-598.0,-300.0,116.0,599.0,-205.0,-50.0,-642.0
-372.0,,-89.0,-712.0,-274.0,85.0,590.0,-280.0,9.0,-721.0
-396.0,,-51.0,-853.0,-231.0,130.0,562.0,-40.0,61.0,-830.0
-405.0,,-22.0,-957.0,-190.0,139.0,564.0,-386.0,105.0,-911.0
-424.0,,-27.0,-1038.0,-150.0,99.0,576.0,-88.0,149.0,-935.0
-446.0,,-8.0,-1074.0,-110.0,87.0,557.0,-338.0,185.0,-976.0
-437.0,,-25.0,-1117.0,-80.0,45.0,554.0,-234.0,216.0,-976.0
-429.0,,-35.0,-1160.0,-55.0,57.0,568.0,-140.0,221.0,-927.0
-434.0,,-41.0,-1141.0,-47.0,104.0,554.0,-358.0,216.0,-869.0
-428.0,,-77.0,-1045.0,-48.0,107.0,521.0,-36.0,201.0,-760.0
-408.0,,-97.0,-958.0,-48.0,65.0,507.0,-308.0,184.0,-656.0
-383.0,,-114.0,-861.0,-49.0,153.0,517.0,-33.0,149.0,-588.0
-370.0,,-140.0,-712.0,-34.0,242.0,540.0,-133.0,103.0,-479.0
-367.0,,-153.0,-594.0,-6.0,216.0,529.0,-203.0,83.0,-361.0
-342.0,,-152.0,-512.0,16.0,196.0,543.0,-75.0,48.0,-294.0
-299.0,,-169.0,-436.0,18.0,158.0,555.0,-380.0,17.0,-226.0
-289.0,,-156.0,-368.0,-1.0,158.0,527.0,-107.0,-14.0,-181.0
-296.0,,-154.0,-301.0,-16.0,128.0,513.0,-317.0,-43.0,-186.0
-286.0,,-173.0,-295.0,-26.0,133.0,486.0,9.0,-43.0,-249.0
-285.0,,-139.0,-389.0,-34.0,175.0,461.0,105.0,-37.0,-345.0
-294.0,,-119.0,-508.0,-39.0,150.0,427.0,-12.0,-14.0,-429.0
-295.0,,-105.0,-625.0,-59.0,150.0,414.0,284.0,15.0,-509.0
-286.0,,-60.0,-753.0,-84.0,146.0,379.0,-79.0,35.0,-583.0
-263.0,,-21.0,-833.0,-109.0,156.0,316.0,147.0,19.0,-617.0
-244.0,,31.0,-882.0,-141.0,185.0,316.0,-79.0,-14.0,-579.0
-238.0,,71.0,-927.0,-154.0,196.0,317.0,-49.0,-41.0,-540.0
-231.0,,92.0,-938.0,-140.0,212.0,303.0,125.0,-80.0,-480.0
-194.0,,116.0,-968.0,-97.0,230.0,278.0,-160.0,-114.0,-375.0
-160.0,,110.0,-1003.0,-30.0,197.0,234.0,184.0,-157.0,-261.0
-165.0,,98.0,-1053.0,52.0,193.0,194.0,-116.0,-178.0,-170.0
-162.0,,70.0,-1112.0,137.0,227.0,152.0,77.0,-180.0,-128.0
-182.0,,33.0,-1123.0,201.0,188.0,148.0,16.0,-194.0,-101.0
-214.0,,1.0,-1114.0,235.0,156.0,180.0,-169.0,-196.0,-110.0
-244.0,,-38.0,-1094.0,248.0,147.0,178.0,155.0,-190.0,-138.0
-291.0,,-80.0,-1118.0,258.0,158.0,179.0,-129.0,-184.0,-153.0
-340.0,,-113.0,-1144.0,273.0,166.0,196.0,236.0,-188.0,-178.0
-413.0,,-157.0,-1113.0,272.0,160.0,211.0,158.0,-190.0,-219.0
-461.0,,-190.0,-1084.0,242.0,222.0,230.0,242.0,-173.0,-241.0
-509.0,,-207.0,-1041.0,205.0,278.0,204.0,347.0,-158.0,-235.0
-541.0,,-238.0,-989.0,174.0,274.0,188.0,40.0,-127.0,-261.0
-559.0,,-238.0,-920.0,140.0,281.0,193.0,301.0,-80.0,-291.0
-596.0,,-248.0,-786.0,120.0,291.0,166.0,-57.0,-37.0,-315.0
-608.0,,-260.0,-635.0,134.0,270.0,137.0,81.0,19.0,-380.0
-616.0,,-226.0,-519.0,157.0,256.0,116.0,-7.0,88.0,-469.0
-628.0,,-229.0,-456.0,171.0,225.0,105.0,-142.0,150.0,-558.0
-651.0,,-242.0,-434.0,177.0,223.0,101.0,81.0,197.0,-676.0
-644.0,,-208.0,-415.0,159.0,273.0,87.0,-173.0,231.0,-804.0
-625.0,,-227.0,-396.0,115.0,245.0,41.0,145.0,253.0,-896.0
-617.0,,-234.0,-388.0,70.0,185.0,10.0,-24.0,248.0,-972.0
-591.0,,-219.0,-378.0,25.0,183.0,35.0,181.0,233.0,-1000.0
-585.0,,-235.0,-369.0,-7.0,233.0,62.0,336.0,220.0,-976.0
-575.0,,-205.0,-351.0,-11.0,255.0,70.0,181.0,202.0,-930.0
-572.0,,-210.0,-330.0,9.0,201.0,32.0,511.0,199.0,-840.0
-576.0,,-192.0,-356.0,49.0,207.0,31.0,173.0,205.0,-750.0
-560.0,,-167.0,-384.0,81.0,234.0,52.0,343.0,224.0,-661.0
-543.0,,-196.0,-370.0,88.0,196.0,18.0,190.0,252.0,-559.0
-538.0,,-175.0,-346.0,64.0,160.0,-15.0,142.0,285.0,-460.0
-548.0,,-177.0,-318.0,20.0,171.0,-36.0,332.0,322.0,-355.0
-537.0,,-194.0,-328.0,-5.0,211.0,-61.0,22.0,343.0,-249.0
-517.0,,-184.0,-328.0,0.0,208.0,-123.0,315.0,347.0,-154.0
-516.0,,-198.0,-317.0,24.0,180.0,-169.0,92.0,345.0,-71.0
-509.0,,-191.0,-330.0,54.0,160.0,-175.0,303.0,334.0,14.0
-478.0,,-176.0,-356.0,95.0,164.0,-161.0,406.0,315.0,66.0
-450.0,,-175.0,-390.0,129.0,197.0,-155.0,315.0,293.0,75.0
-441.0,,-150.0,-379.0,132.0,207.0,-182.0,663.0,252.0,71.0
-418.0,,-119.0,-382.0,110.0,192.0,-201.0,380.0,190.0,32.0
-404.0,,-109.0,-420.0,58.0,160.0,-190.0,655.0,129.0,-33.0
-411.0,,-73.0,-477.0,-1.0,150.0,-183.0,491.0,68.0,-106.0
-384.0,,-32.0,-552.0,-40.0,160.0,-174.0,447.0,33.0,-219.0
-340.0,,-5.0,-563.0,-48.0,168.0,-123.0,580.0,4.0,-337.0
-317.0,,44.0,-556.0,-43.0,212.0,-76.0,295.0,-15.0,-437.0
-308.0,,76.0,-561.0,-45.0,272.0,-51.0,561.0,-10.0,-543.0
-287.0,,101.0,-574.0,-66.0,277.0,-55.0,251.0,-17.0,-618.0
-255.0,,128.0,-608.0,-110.0,258.0,-33.0,384.0,-11.0,-678.0
-258.0,,145.0,-570.0,-164.0,249.0,-3.0,303.0,-3.0,-724.0
-272.0,,172.0,-495.0,-214.0,161.0,-1.0,112.0,-3.0,-744.0
-265.0,,187.0,-480.0,-254.0,112.0,10.0,317.0,3.0,-751.0
-260.0,,199.0,-468.0,-303.0,125.0,28.0,7.0,11.0,-742.0
-256.0,,223.0,-500.0,-366.0,90.0,70.0,363.0,27.0,-727.0
-291.0,,235.0,-609.0,-414.0,130.0,73.0,203.0,39.0,-688.0
-325.0,,262.0,-688.0,-426.0,164.0,72.0,243.0,35.0,-628.0
-311.0,,287.0,-761.0,-405.0,118.0,65.0,391.0,39.0,-562.0
-322.0,,278.0,-896.0,-361.0,86.0,56.0,168.0,46.0,-508.0
-379.0,,326.0,-936.0,-290.0,82.0,57.0,452.0,36.0,-466.0
-396.0,,324.0,-910.0,-213.0,103.0,21.0,142.0,29.0,-437.0
-373.0,,304.0,-986.0,-142.0,89.0,9.0,328.0,30.0,-443.0
-363.0,,330.0,-1035.0,-78.0,43.0,6.0,247.0,27.0,-465.0
-371.0,,293.0,-1002.0,-34.0,63.0,5.0,164.0,40.0,-478.0
-361.0,,308.0,-944.0,-17.0,108.0,-8.0,314.0,55.0,-487.0
-314.0,,288.0,-871.0,-26.0,135.0,-9.0,-97.0,62.0,-499.0
-297.0,,262.0,-843.0,-49.0,146.0,-3.0,149.0,86.0,-503.0
-315.0,,261.0,-778.0,-62.0,79.0,-1.0,-101.0,118.0,-506.0
-309.0,,247.0,-656.0,-57.0,66.0,-10.0,22.0,144.0,-496.0
-309.0,,240.0,-595.0,-36.0,86.0,-21.0,181.0,161.0,-503.0
-343.0,,207.0,-512.0,-28.0,-18.0,26.0,16.0,172.0,-521.0
-378.0,,226.0,-416.0,-45.0,-88.0,49.0,323.0,183.0,-510.0
-400.0,,216.0,-404.0,-69.0,-56.0,32.0,-9.0,171.0,-539.0
-416.0,,210.0,-378.0,-93.0,-46.0,-16.0,177.0,144.0,-569.0
-440.0,,192.0,-359.0,-112.0,-108.0,-21.0,27.0,122.0,-597.0
-495.0,,189.0,-391.0,-124.0,-181.0,4.0,-46.0,81.0,-667.0
-528.0,,197.0,-397.0,-129.0,-198.0,-11.0,136.0,43.0,-690.0
-503.0,,180.0,-400.0,-121.0,-197.0,-8.0,-188.0,2.0,-720.0
-506.0,,208.0,-431.0,-100.0,-219.0,-29.0,125.0,-38.0,-767.0
-558.0,,178.0,-453.0,-85.0,-194.0,-37.0,-155.0,-61.0,-783.0
-543.0,,178.0,-471.0,-84.0,-146.0,-32.0,-40.0,-93.0,-782.0
-500.0,,175.0,-525.0,-93.0,-144.0,-70.0,68.0,-118.0,-735.0
-456.0,,125.0,-554.0,-98.0,-133.0,-77.0,-110.0,-140.0,-685.0
-412.0,,101.0,-550.0,-97.0,-169.0,-74.0,188.0,-143.0,-630.0
-382.0,,65.0,-592.0,-87.0,-177.0,-112.0,-94.0,-132.0,-572.0
-303.0,,29.0,-624.0,-57.0,-162.0,-177.0,184.0,-118.0,-557.0
-217.0,,0.0,-602.0,-23.0,-222.0,-212.0,49.0,-87.0,-587.0
-147.0,,-18.0,-567.0,17.0,-252.0,-188.0,-31.0,-44.0,-657.0
-106.0,,-44.0,-508.0,72.0,-276.0,-177.0,96.0,22.0,-768.0
-53.0,,-48.0,-449.0,109.0,-282.0,-202.0,-223.0,69.0,-904.0
14.0,,-77.0,-405.0,119.0,-347.0,-217.0,133.0,118.0,-1050.0
50.0,,-95.0,-356.0,103.0,-404.0,-210.0,-55.0,172.0,-1204.0
86.0,,-88.0,-322.0,58.0,-376.0,-192.0,147.0,198.0,-1302.0
111.0,,-116.0,-329.0,-2.0,-400.0,-167.0,208.0,218.0,-1355.0
160.0,,-116.0,-408.0,-55.0,-463.0,-146.0,-16.0,216.0,-1386.0
187.0,,-127.0,-523.0,-102.0,-515.0,-159.0,190.0,217.0,-1360.0
182.0,,-122.0,-601.0,-156.0,-421.0,-188.0,-118.0,227.0,-1283.0
200.0,,-115.0,-726.0,-199.0,-342.0,-233.0,210.0,233.0,-1159.0
212.0,,-116.0,-865.0,-205.0,-371.0,-268.0,131.0,242.0,-1016.0
217.0,,-88.0,-939.0,-172.0,-393.0,-263.0,177.0,262.0,-874.0
205.0,,-72.0,-1036.0,-98.0,-441.0,-277.0,280.0,302.0,-732.0
195.0,,-50.0,-1096.0,-2.0,-404.0,-297.0,-75.0,343.0,-605.0
200.0,,-37.0,-1065.0,83.0,-392.0,-316.0,230.0,402.0,-516.0
202.0,,-11.0,-1018.0,138.0,-436.0,-339.0,-14.0,468.0,-455.0
180.0,,-2.0,-1004.0,163.0,-425.0,-360.0,243.0,538.0,-419.0
146.0,,10.0,-987.0,169.0,-427.0,-395.0,327.0,607.0,-403.0
144.0,,1.0,-942.0,156.0,-388.0,-437.0,223.0,651.0,-393.0
127.0,,-12.0,-872.0,152.0,-415.0,-458.0,471.0,681.0,-396.0
83.0,,6.0,-793.0,172.0,-511.0,-451.0,88.0,698.0,-381.0
38.0,,-24.0,-779.0,198.0,-477.0,-487.0,299.0,699.0,-350.0
2.0,,-17.0,-792.0,214.0,-457.0,-492.0,112.0,686.0,-308.0
-19.0,,-13.0,-810.0,214.0,-452.0,-476.0,247.0,659.0,-234.0
-53.0,,1.0,-817.0,207.0,-435.0,-475.0,509.0,622.0,-142.0
-107.0,,40.0,-807.0,197.0,-498.0,-448.0,330.0,585.0,-10.0
-158.0,,61.0,-854.0,183.0,-488.0,-471.0,644.0,537.0,146.0
-187.0,,100.0,-899.0,160.0,-479.0,-467.0,301.0,472.0,302.0
-209.0,,114.0,-885.0,137.0,-500.0,-456.0,426.0,397.0,456.0
-235.0,,138.0,-847.0,127.0,-453.0,-456.0,327.0,317.0,591.0
-258.0,,153.0,-800.0,122.0,-387.0,-453.0,210.0,240.0,694.0
-245.0,,144.0,-719.0,119.0,-342.0,-467.0,528.0,176.0,755.0
-248.0,,144.0,-629.0,113.0,-344.0,-464.0,299.0,138.0,774.0
-263.0,,140.0,-543.0,105.0,-367.0,-516.0,618.0,109.0,764.0
-255.0,,110.0,-459.0,93.0,-373.0,-548.0,417.0,89.0,740.0
-253.0,,85.0,-387.0,82.0,-326.0,-557.0,484.0,97.0,686.0
-229.0,,70.0,-328.0,60.0,-313.0,-587.0,594.0,103.0,610.0
-240.0,,62.0,-312.0,21.0,-335.0,-607.0,352.0,109.0,533.0
-282.0,,63.0,-361.0,-16.0,-354.0,-677.0,681.0,111.0,440.0
-306.0,,57.0,-384.0,-61.0,-366.0,-741.0,430.0,119.0,345.0
-307.0,,72.0,-335.0,-93.0,-339.0,-765.0,698.0,122.0,270.0
-331.0,,88.0,-342.0,-96.0,-342.0,-771.0,654.0,121.0,214.0
-390.0,,101.0,-333.0,-68.0,-275.0,-743.0,511.0,122.0,166.0
-415.0,,129.0,-301.0,-22.0,-172.0,-701.0,718.0,95.0,134.0
-423.0,,162.0,-283.0,18.0,-166.0,-644.0,443.0,52.0,101.0
-449.0,,190.0,-245.0,55.0,-189.0,-595.0,820.0,0.0,69.0
-495.0,,195.0,-280.0,88.0,-185.0,-593.0,713.0,-67.0,51.0
-501.0,,219.0,-292.0,104.0,-181.0,-588.0,849.0,-141.0,21.0
-487.0,,235.0,-221.0,100.0,-189.0,-562.0,901.0,-221.0,0.0
-509.0,,220.0,-169.0,87.0,-186.0,-564.0,641.0,-308.0,-17.0
-513.0,,226.0,-224.0,64.0,-235.0,-584.0,920.0,-395.0,-44.0
-487.0,,211.0,-257.0,24.0,-237.0,-612.0,624.0,-466.0,-81.0
-432.0,,212.0,-207.0,-28.0,-203.0,-673.0,903.0,-516.0,-137.0
-408.0,,184.0,-192.0,-84.0,-213.0,-716.0,833.0,-538.0,-177.0
-395.0,,152.0,-148.0,-123.0,-175.0,-737.0,798.0,-556.0,-212.0
-337.0,,162.0,-210.0,-154.0,-159.0,-769.0,1077.0,-563.0,-258.0
-277.0,,125.0,-338.0,-193.0,-138.0,-788.0,829.0,-556.0,-303.0
-224.0,,113.0,-352.0,-241.0,-98.0,-818.0,1158.0,-550.0,-350.0
-189.0,,101.0,-395.0,-265.0,-116.0,-846.0,929.0,-521.0,-374.0
-151.0,,62.0,-466.0,-245.0,-156.0,-872.0,1055.0,-463.0,-400.0
-100.0,,69.0,-506.0,-196.0,-174.0,-873.0,1099.0,-383.0,-434.0
-48.0,,70.0,-531.0,-117.0,-189.0,-871.0,910.0,-290.0,-464.0
-4.0,,25.0,-508.0,-27.0,-201.0,-894.0,1171.0,-194.0,-498.0
39.0,,41.0,-445.0,50.0,-237.0,-883.0,812.0,-103.0,-525.0
71.0,,23.0,-408.0,109.0,-271.0,-893.0,1018.0,-23.0,-536.0
70.0,,-21.0,-436.0,148.0,-240.0,-891.0,783.0,31.0,-525.0
101.0,,-15.0,-471.0,164.0,-253.0,-867.0,692.0,62.0,-487.0
109.0,,-58.0,-488.0,156.0,-220.0,-861.0,861.0,102.0,-408.0
99.0,,-65.0,-510.0,135.0,-215.0,-838.0,628.0,130.0,-303.0
108.0,,-74.0,-565.0,97.0,-310.0,-807.0,999.0,132.0,-188.0
78.0,,-113.0,-640.0,37.0,-345.0,-774.0,753.0,134.0,-74.0
72.0,,-113.0,-672.0,-23.0,-363.0,-742.0,877.0,129.0,10.0
74.0,,-111.0,-734.0,-70.0,-359.0,-735.0,812.0,114.0,49.0
49.0,,-118.0,-813.0,-97.0,-383.0,-733.0,641.0,109.0,49.0
22.0,,-113.0,-779.0,-105.0,-406.0,-710.0,927.0,111.0,5.0
-2.0,,-112.0,-674.0,-102.0,-392.0,-715.0,631.0,105.0,-71.0
0.0,,-105.0,-618.0,-94.0,-426.0,-709.0,909.0,90.0,-159.0
-4.0,,-90.0,-620.0,-86.0,-500.0,-668.0,663.0,73.0,-253.0
-36.0,,-75.0,-605.0,-77.0,-505.0,-634.0,570.0,66.0,-318.0
-64.0,,-64.0,-565.0,-83.0,-453.0,-604.0,642.0,60.0,-337.0
-55.0,,-58.0,-524.0,-111.0,-440.0,-584.0,365.0,77.0,-326.0
-50.0,,-38.0,-495.0,-128.0,-434.0,-537.0,713.0,121.0,-276.0
-61.0,,-31.0,-515.0,-115.0,-465.0,-461.0,452.0,172.0,-202.0
-55.0,,-24.0,-543.0,-74.0,-468.0,-424.0,548.0,251.0,-138.0
-40.0,,-1.0,-512.0,0.0,-449.0,-426.0,373.0,318.0,-59.0
-8.0,,-4.0,-531.0,76.0,-489.0,-432.0,168.0,380.0,-6.0
2.0,,-21.0,-622.0,115.0,-521.0,-457.0,415.0,459.0,0.0
-11.0,,-15.0,-688.0,113.0,-530.0,-475.0,168.0,506.0,-3.0
9.0,,-34.0,-754.0,61.0,-508.0,-459.0,522.0,546.0,-10.0
28.0,,-46.0,-768.0,-26.0,-516.0,-428.0,334.0,579.0,-21.0
3.0,,-54.0,-720.0,-114.0,-603.0,-419.0,360.0,587.0,-48.0
-6.0,,-85.0,-727.0,-195.0,-609.0,-422.0,432.0,590.0,-66.0
-17.0,,-101.0,-762.0,-265.0,-555.0,-409.0,253.0,585.0,-97.0
-45.0,,-136.0,-764.0,-304.0,-541.0,-402.0,615.0,573.0,-118.0
-49.0,,-173.0,-735.0,-310.0,-547.0,-372.0,295.0,551.0,-110.0
-73.0,,-212.0,-660.0,-283.0,-528.0,-347.0,443.0,522.0,-128.0
-109.0,,-254.0,-603.0,-225.0,-502.0,-340.0,245.0,503.0,-154.0
-101.0,,-302.0,-595.0,-166.0,-536.0,-334.0,94.0,484.0,-168.0
-85.0,,-341.0,-581.0,-124.0,-523.0,-292.0,282.0,464.0,-167.0
-103.0,,-384.0,-548.0,-114.0,-495.0,-244.0,-12.0,455.0,-147.0
-92.0,,-412.0,-537.0,-115.0,-486.0,-212.0,306.0,444.0,-114.0
-84.0,,-414.0,-544.0,-96.0,-520.0,-182.0,11.0,423.0,-75.0
-95.0,,-436.0,-534.0,-58.0,-553.0,-179.0,84.0,399.0,-11.0
-85.0,,-445.0,-550.0,-3.0,-510.0,-156.0,162.0,377.0,70.0
-77.0,,-446.0,-536.0,39.0,-522.0,-138.0,14.0,336.0,163.0
-49.0,,-419.0,-537.0,64.0,-561.0,-113.0,386.0,292.0,281.0
-41.0,,-400.0,-603.0,76.0,-613.0,-79.0,105.0,251.0,383.0
-27.0,,-365.0,-585.0,79.0,-597.0,-56.0,314.0,215.0,474.0
2.0,,-309.0,-536.0,75.0,-541.0,-29.0,123.0,177.0,564.0
23.0,,-237.0,-466.0,81.0,-525.0,21.0,109.0,141.0,630.0
49.0,,-164.0,-345.0,112.0,-505.0,105.0,301.0,128.0,669.0
64.0,,-118.0,-268.0,147.0,-473.0,157.0,-38.0,131.0,680.0
82.0,,-13.0,-183.0,163.0,-439.0,207.0,253.0,145.0,672.0
97.0,,39.0,-73.0,145.0,-500.0,247.0,-140.0,158.0,645.0
107.0,,84.0,12.0,102.0,-545.0,271.0,-134.0,180.0,609.0
77.0,,133.0,71.0,48.0,-498.0,312.0,-134.0,206.0,604.0
46.0,,128.0,89.0,2.0,-482.0,321.0,-264.0,228.0,579.0
72.0,,172.0,85.0,-24.0,-492.0,320.0,123.0,239.0,540.0
61.0,,130.0,86.0,-32.0,-488.0,319.0,-81.0,233.0,513.0
18.0,,101.0,76.0,-27.0,-511.0,322.0,232.0,210.0,461.0
24.0,,113.0,3.0,-26.0,-528.0,313.0,51.0,168.0,410.0
49.0,,81.0,-60.0,-40.0,-505.0,311.0,36.0,122.0,341.0
77.0,,88.0,-72.0,-62.0,-467.0,355.0,192.0,63.0,263.0
74.0,,68.0,-105.0,-76.0,-461.0,392.0,-99.0,-5.0,185.0
44.0,,74.0,-118.0,-58.0,-473.0,439.0,194.0,-81.0,115.0
48.0,,95.0,-114.0,-7.0,-454.0,487.0,-127.0,-146.0,68.0
42.0,,111.0,-152.0,51.0,-494.0,512.0,1.0,-186.0,21.0
20.0,,142.0,-204.0,99.0,-483.0,515.0,-5.0,-221.0,-20.0
-3.0,,155.0,-215.0,122.0,-443.0,519.0,-177.0,-239.0,-75.0
-1.0,,174.0,-211.0,124.0,-478.0,552.0,81.0,-256.0,-94.0
0.0,,184.0,-222.0,105.0,-500.0,560.0,-162.0,-286.0,-111.0
-8.0,,177.0,-241.0,62.0,-559.0,574.0,123.0,-322.0,-144.0
-2.0,,192.0,-273.0,13.0,-605.0,616.0,-83.0,-356.0,-161.0
-3.0,,200.0,-259.0,-28.0,-589.0,671.0,-94.0,-367.0,-172.0
12.0,,175.0,-207.0,-43.0,-607.0,724.0,33.0,-358.0,-138.0
27.0,,169.0,-162.0,-35.0,-625.0,802.0,-179.0,-331.0,-79.0
32.0,,134.0,-126.0,-23.0,-589.0,878.0,103.0,-302.0,-3.0
5.0,,104.0,-108.0,8.0,-611.0,922.0,-160.0,-283.0,104.0
-12.0,,70.0,-73.0,42.0,-698.0,1008.0,31.0,-272.0,220.0
33.0,,32.0,-20.0,57.0,-686.0,1076.0,-49.0,-274.0,324.0
5.0,,3.0,-26.0,55.0,-653.0,1116.0,-114.0,-288.0,425.0
-25.0,,-32.0,-82.0,23.0,-669.0,1149.0,118.0,-307.0,513.0
-16.0,,-38.0,-140.0,-22.0,-676.0,1153.0,-125.0,-329.0,608.0
-30.0,,-58.0,-167.0,-70.0,-716.0,1164.0,234.0,-345.0,701.0
-44.0,,-41.0,-194.0,-130.0,-664.0,1166.0,-31.0,-347.0,769.0
-83.0,,-24.0,-251.0,-186.0,-598.0,1190.0,86.0,-336.0,826.0
-83.0,,5.0,-302.0,-203.0,-667.0,1206.0,240.0,-304.0,863.0
-123.0,,47.0,-352.0,-170.0,-731.0,1202.0,-31.0,-266.0,893.0
-194.0,,57.0,-387.0,-100.0,-754.0,1217.0,216.0,-221.0,877.0
-204.0,,103.0,-449.0,-26.0,-747.0,1241.0,-186.0,-184.0,845.0
-242.0,,121.0,-523.0,16.0,-781.0,1260.0,-18.0,-140.0,808.0
-292.0,,122.0,-582.0,7.0,-796.0,1251.0,-59.0,-74.0,764.0
-338.0,,123.0,-656.0,-45.0,-722.0,1232.0,-64.0,-34.0,742.0
-371.0,,136.0,-698.0,-104.0,-642.0,1216.0,203.0,3.0,679.0
-389.0,,125.0,-698.0,-133.0,-664.0,1205.0,-110.0,32.0,633.0
-425.0,,115.0,-671.0,-114.0,-768.0,1193.0,162.0,41.0,592.0
-460.0,,120.0,-649.0,-58.0,-743.0,1182.0,-68.0,66.0,524.0
-478.0,,92.0,-622.0,14.0,-641.0,1186.0,101.0,66.0,467.0
-466.0,,83.0,-612.0,75.0,-641.0,1202.0,232.0,46.0,398.0
-437.0,,49.0,-633.0,101.0,-718.0,1209.0,7.0,11.0,325.0
-432.0,,8.0,-622.0,98.0,-715.0,1215.0,279.0,-19.0,249.0
-430.0,,-31.0,-619.0,82.0,-650.0,1207.0,-48.0,-17.0,153.0
-409.0,,-90.0,-640.0,67.0,-646.0,1184.0,136.0,-28.0,60.0
-381.0,,-170.0,-652.0,38.0,-677.0,1151.0,59.0,-39.0,-11.0
-343.0,,-259.0,-670.0,-4.0,-671.0,1098.0,57.0,-55.0,-62.0
-346.0,,-329.0,-702.0,-48.0,-634.0,1097.0,291.0,-100.0,-82.0
-354.0,,-418.0,-701.0,-81.0,-636.0,1115.0,72.0,-137.0,-92.0
-329.0,,-491.0,-673.0,-73.0,-674.0,1122.0,314.0,-185.0,-79.0
-292.0,,-558.0,-684.0,-15.0,-669.0,1117.0,31.0,-232.0,-49.0
-255.0,,-610.0,-689.0,73.0,-561.0,1093.0,162.0,-262.0,7.0
-237.0,,-651.0,-676.0,169.0,-497.0,1065.0,171.0,-291.0,86.0
-173.0,,-678.0,-692.0,240.0,-542.0,1030.0,5.0,-320.0,166.0
-97.0,,-696.0,-735.0,261.0,-578.0,1036.0,225.0,-339.0,242.0
-63.0,,-681.0,-790.0,225.0,-521.0,1044.0,-125.0,-344.0,285.0
-23.0,,-640.0,-865.0,128.0,-402.0,1048.0,105.0,-349.0,325.0
11.0,,-639.0,-938.0,-4.0,-381.0,1075.0,-40.0,-334.0,332.0
52.0,,-603.0,-971.0,-132.0,-373.0,1076.0,-25.0,-305.0,314.0
119.0,,-563.0,-980.0,-220.0,-323.0,1079.0,70.0,-288.0,286.0
139.0,,-526.0,-989.0,-248.0,-286.0,1099.0,-258.0,-271.0,251.0
131.0,,-499.0,-983.0,-223.0,-262.0,1112.0,40.0,-248.0,217.0
162.0,,-463.0,-990.0,-180.0,-236.0,1123.0,-210.0,-248.0,151.0
189.0,,-420.0,-986.0,-128.0,-125.0,1108.0,-1.0,-244.0,75.0
180.0,,-410.0,-934.0,-50.0,-60.0,1054.0,1.0,-251.0,0.0
142.0,,-384.0,-927.0,43.0,-86.0,1011.0,-129.0,-294.0,-76.0
132.0,,-371.0,-945.0,134.0,-56.0,970.0,86.0,-323.0,-150.0
125.0,,-365.0,-937.0,201.0,-25.0,931.0,-197.0,-366.0,-211.0
88.0,,-355.0,-916.0,226.0,-12.0,925.0,212.0,-414.0,-256.0
35.0,,-359.0,-893.0,209.0,-14.0,903.0,46.0,-450.0,-271.0
-24.0,,-371.0,-903.0,171.0,-12.0,867.0,127.0,-489.0,-280.0
-57.0,,-366.0,-903.0,122.0,52.0,837.0,208.0,-516.0,-306.0
-99.0,,-364.0,-860.0,74.0,79.0,774.0,-101.0,-528.0,-340.0
-156.0,,-375.0,-819.0,53.0,56.0,733.0,264.0,-534.0,-373.0
-191.0,,-362.0,-810.0,54.0,80.0,699.0,-62.0,-531.0,-411.0
-202.0,,-336.0,-793.0,62.0,157.0,621.0,192.0,-500.0,-492.0
-203.0,,-327.0,-736.0,80.0,196.0,568.0,144.0,-463.0,-579.0
-242.0,,-287.0,-653.0,106.0,169.0,539.0,12.0,-411.0,-651.0
-263.0,,-256.0,-606.0,121.0,133.0,519.0,242.0,-347.0,-729.0
-230.0,,-222.0,-604.0,118.0,146.0,518.0,-203.0,-290.0,-800.0
-201.0,,-152.0,-583.0,91.0,233.0,537.0,70.0,-224.0,-850.0
-180.0,,-125.0,-555.0,31.0,243.0,595.0,-136.0,-180.0,-887.0
-162.0,,-49.0,-494.0,-45.0,194.0,621.0,-64.0,-136.0,-898.0
-153.0,,12.0,-407.0,-122.0,208.0,590.0,60.0,-96.0,-919.0
-158.0,,62.0,-336.0,-167.0,257.0,566.0,-155.0,-81.0,-951.0
-161.0,,128.0,-274.0,-171.0,323.0,551.0,149.0,-66.0,-937.0
-171.0,,124.0,-226.0,-149.0,356.0,531.0,-254.0,-56.0,-926.0
-165.0,,159.0,-162.0,-119.0,402.0,501.0,-79.0,-50.0,-913.0
-140.0,,162.0,-126.0,-104.0,479.0,435.0,-127.0,-64.0,-875.0
-162.0,,121.0,-150.0,-102.0,501.0,370.0,-240.0,-108.0,-837.0
-169.0,,122.0,-183.0,-94.0,461.0,353.0,9.0,-157.0,-776.0
-134.0,,88.0,-234.0,-69.0,468.0,354.0,-258.0,-202.0,-714.0
-131.0,,57.0,-309.0,-31.0,488.0,358.0,49.0,-237.0,-679.0
-146.0,,41.0,-355.0,11.0,444.0,358.0,-164.0,-289.0,-638.0
-113.0,,-8.0,-346.0,53.0,425.0,335.0,-118.0,-354.0,-577.0
-44.0,,-25.0,-373.0,87.0,392.0,312.0,-40.0,-404.0,-531.0
-19.0,,-54.0,-463.0,103.0,415.0,319.0,-249.0,-470.0,-499.0
-19.0,,-84.0,-543.0,86.0,484.0,349.0,-7.0,-529.0,-439.0
3.0,,-101.0,-626.0,38.0,520.0,362.0,-351.0,-572.0,-360.0
39.0,,-139.0,-751.0,-30.0,581.0,370.0,-147.0,-600.0,-267.0
32.0,,-142.0,-916.0,-83.0,630.0,372.0,-310.0,-594.0,-179.0
-8.0,,-154.0,-1067.0,-94.0,619.0,374.0,-419.0,-574.0,-81.0
1.0,,-162.0,-1187.0,-72.0,576.0,402.0,-249.0,-547.0,24.0
17.0,,-139.0,-1249.0,-33.0,542.0,408.0,-570.0,-515.0,97.0
19.0,,-124.0,-1240.0,1.0,521.0,400.0,-162.0,-480.0,165.0
5.0,,-113.0,-1231.0,19.0,527.0,361.0,-352.0,-444.0,195.0
-22.0,,-99.0,-1212.0,1.0,442.0,308.0,-275.0,-423.0,209.0
7.0,,-83.0,-1181.0,-55.0,396.0,268.0,-243.0,-403.0,211.0
30.0,,-89.0,-1127.0,-145.0,469.0,210.0,-493.0,-379.0,200.0
16.0,,-86.0,-1062.0,-248.0,458.0,144.0,-249.0,-362.0,190.0
10.0,,-85.0,-1000.0,-337.0,437.0,75.0,-622.0,-333.0,159.0
55.0,,-108.0,-920.0,-386.0,442.0,45.0,-375.0,-302.0,153.0
80.0,,-104.0,-839.0,-397.0,492.0,31.0,-474.0,-272.0,119.0
53.0,,-121.0,-760.0,-382.0,538.0,26.0,-589.0,-229.0,89.0
74.0,,-139.0,-729.0,-334.0,486.0,33.0,-406.0,-191.0,76.0
54.0,,-141.0,-740.0,-265.0,453.0,60.0,-604.0,-160.0,42.0
59.0,,-157.0,-750.0,-175.0,465.0,61.0,-229.0,-134.0,2.0
76.0,,-160.0,-787.0,-84.0,498.0,29.0,-395.0,-112.0,-76.0
38.0,,-170.0,-868.0,-2.0,513.0,65.0,-260.0,-100.0,-142.0
53.0,,-178.0,-977.0,73.0,459.0,81.0,-325.0,-96.0,-199.0
48.0,,-168.0,-1091.0,129.0,411.0,86.0,-594.0,-91.0,-280.0
52.0,,-171.0,-1168.0,155.0,397.0,65.0,-393.0,-122.0,-349.0
28.0,,-185.0,-1192.0,135.0,408.0,40.0,-702.0,-168.0,-395.0
-5.0,,-180.0,-1183.0,94.0,423.0,71.0,-458.0,-215.0,-407.0
19.0,,-191.0,-1166.0,59.0,468.0,68.0,-618.0,-288.0,-382.0
-7.0,,-187.0,-1153.0,29.0,440.0,84.0,-646.0,-372.0,-351.0
-38.0,,-196.0,-1139.0,9.0,326.0,73.0,-541.0,-442.0,-300.0
-38.0,,-207.0,-1139.0,3.0,391.0,63.0,-809.0,-493.0,-225.0
-22.0,,-195.0,-1110.0,9.0,465.0,90.0,-539.0,-506.0,-167.0
-8.0,,-218.0,-1041.0,33.0,451.0,75.0,-803.0,-500.0,-118.0
-28.0,,-247.0,-989.0,71.0,430.0,63.0,-561.0,-480.0,-102.0
-46.0,,-273.0,-939.0,113.0,402.0,49.0,-587.0,-428.0,-88.0
-35.0,,-281.0,-891.0,155.0,486.0,29.0,-753.0,-374.0,-103.0
-16.0,,-314.0,-874.0,199.0,521.0,31.0,-500.0,-317.0,-163.0
-67.0,,-344.0,-869.0,234.0,475.0,17.0,-737.0,-255.0,-193.0
-121.0,,-358.0,-864.0,245.0,475.0,-21.0,-404.0,-172.0,-243.0
-104.0,,-369.0,-863.0,230.0,477.0,-29.0,-665.0,-81.0,-295.0
-107.0,,-371.0,-878.0,189.0,473.0,-45.0,-602.0,-2.0,-333.0
-149.0,,-385.0,-875.0,129.0,461.0,-77.0,-413.0,78.0,-390.0
-190.0,,-374.0,-837.0,80.0,415.0,-105.0,-593.0,133.0,-410.0
-163.0,,-361.0,-802.0,40.0,431.0,-157.0,-251.0,195.0,-392.0
-115.0,,-333.0,-757.0,6.0,490.0,-188.0,-576.0,226.0,-371.0
-143.0,,-313.0,-681.0,-19.0,456.0,-232.0,-421.0,218.0,-341.0
-145.0,,-290.0,-601.0,-46.0,390.0,-284.0,-546.0,203.0,-264.0
-130.0,,-240.0,-559.0,-72.0,389.0,-299.0,-689.0,165.0,-190.0
-111.0,,-210.0,-548.0,-86.0,457.0,-333.0,-506.0,122.0,-148.0
-102.0,,-167.0,-533.0,-76.0,486.0,-381.0,-811.0,63.0,-79.0
-136.0,,-146.0,-502.0,-42.0,429.0,-424.0,-533.0,-3.0,-37.0
-118.0,,-108.0,-457.0,4.0,397.0,-481.0,-718.0,-71.0,-11.0
-88.0,,-58.0,-404.0,42.0,469.0,-525.0,-554.0,-127.0,6.0
-83.0,,-56.0,-363.0,61.0,446.0,-546.0,-400.0,-164.0,-31.0
-82.0,,-1.0,-352.0,73.0,340.0,-582.0,-502.0,-188.0,-72.0
-37.0,,29.0,-377.0,80.0,355.0,-604.0,-297.0,-185.0,-110.0
-11.0,,48.0,-419.0,66.0,386.0,-621.0,-576.0,-161.0,-182.0
-42.0,,81.0,-448.0,43.0,430.0,-649.0,-301.0,-106.0,-262.0
-52.0,,80.0,-490.0,34.0,348.0,-674.0,-493.0,-39.0,-340.0
-74.0,,108.0,-563.0,34.0,259.0,-683.0,-502.0,37.0,-421.0
-67.0,,98.0,-678.0,43.0,346.0,-675.0,-334.0,112.0,-489.0
-99.0,,114.0,-785.0,53.0,342.0,-688.0,-550.0,172.0,-547.0
-120.0,,126.0,-834.0,61.0,258.0,-680.0,-238.0,220.0,-565.0
-82.0,,142.0,-854.0,84.0,234.0,-665.0,-585.0,262.0,-542.0
-94.0,,173.0,-841.0,131.0,323.0,-688.0,-395.0,310.0,-502.0
-73.0,,155.0,-836.0,181.0,410.0,-738.0,-325.0,347.0,-422.0
-81.0,,198.0,-870.0,202.0,420.0,-785.0,-400.0,372.0,-330.0
-92.0,,193.0,-916.0,189.0,401.0,-820.0,-155.0,387.0,-228.0
-82.0,,199.0,-944.0,143.0,425.0,-862.0,-574.0,392.0,-142.0
-111.0,,225.0,-984.0,63.0,455.0,-885.0,-275.0,364.0,-93.0
-140.0,,209.0,-1044.0,-25.0,388.0,-914.0,-463.0,305.0,-84.0
-147.0,,247.0,-1047.0,-99.0,366.0,-946.0,-502.0,229.0,-128.0
-93.0,,254.0,-974.0,-151.0,390.0,-964.0,-363.0,136.0,-203.0
-109.0,,278.0,-916.0,-179.0,396.0,-984.0,-604.0,37.0,-327.0
-113.0,,312.0,-874.0,-162.0,388.0,-975.0,-225.0,-83.0,-467.0
-84.0,,344.0,-847.0,-104.0,377.0,-961.0,-569.0,-188.0,-609.0
-59.0,,392.0,-851.0,-45.0,394.0,-975.0,-404.0,-278.0,-739.0
11.0,,401.0,-826.0,3.0,446.0,-1000.0,-382.0,-363.0,-820.0
5.0,,419.0,-816.0,39.0,488.0,-1052.0,-478.0,-432.0,-850.0
16.0,,438.0,-833.0,47.0,536.0,-1116.0,-151.0,-480.0,-811.0
65.0,,461.0,-864.0,33.0,609.0,-1142.0,-456.0,-490.0,-714.0
121.0,,456.0,-899.0,-8.0,603.0,-1166.0,-142.0,-481.0,-567.0
140.0,,442.0,-904.0,-73.0,544.0,-1190.0,-299.0,-459.0,-412.0
124.0,,469.0,-916.0,-125.0,471.0,-1210.0,-258.0,-413.0,-263.0
177.0,,461.0,-911.0,-162.0,487.0,-1237.0,-151.0,-343.0,-134.0
227.0,,465.0,-885.0,-192.0,521.0,-1248.0,-386.0,-270.0,-48.0
214.0,,460.0,-875.0,-222.0,449.0,-1284.0,-64.0,-203.0,-16.0
185.0,,423.0,-897.0,-250.0,388.0,-1317.0,-356.0,-152.0,-18.0
203.0,,413.0,-919.0,-259.0,421.0,-1342.0,-197.0,-114.0,-28.0
217.0,,369.0,-889.0,-241.0,519.0,-1369.0,-321.0,-71.0,-114.0
200.0,,329.0,-830.0,-194.0,505.0,-1377.0,-410.0,-42.0,-222.0
164.0,,294.0,-817.0,-140.0,471.0,-1388.0,-264.0,-25.0,-316.0
158.0,,243.0,-869.0,-88.0,535.0,-1397.0,-593.0,-8.0,-428.0
158.0,,195.0,-926.0,-34.0,574.0,-1428.0,-227.0,3.0,-521.0
95.0,,156.0,-973.0,16.0,550.0,-1435.0,-410.0,-5.0,-594.0
41.0,,116.0,-999.0,77.0,525.0,-1395.0,-223.0,-38.0,-643.0
36.0,,72.0,-998.0,125.0,575.0,-1371.0,-127.0,-60.0,-657.0
57.0,,37.0,-975.0,135.0,597.0,-1349.0,-327.0,-95.0,-615.0
35.0,,-5.0,-916.0,111.0,559.0,-1312.0,-3.0,-131.0,-551.0
6.0,,-25.0,-861.0,42.0,521.0,-1294.0,-327.0,-163.0,-467.0
14.0,,-48.0,-805.0,-42.0,538.0,-1308.0,-42.0,-200.0,-341.0
45.0,,-52.0,-786.0,-125.0,627.0,-1330.0,-133.0,-219.0,-229.0
71.0,,-73.0,-795.0,-186.0,611.0,-1338.0,-160.0,-221.0,-130.0
35.0,,-77.0,-740.0,-203.0,538.0,-1296.0,51.0,-206.0,-4.0
23.0,,-48.0,-681.0,-186.0,530.0,-1247.0,-297.0,-172.0,93.0
60.0,,-66.0,-681.0,-133.0,561.0,-1204.0,-60.0,-126.0,149.0
94.0,,-57.0,-687.0,-69.0,588.0,-1148.0,-325.0,-91.0,188.0
92.0,,-50.0,-678.0,-13.0,585.0,-1128.0,-173.0,-55.0,179.0
83.0,,-50.0,-704.0,33.0,628.0,-1082.0,-140.0,-31.0,154.0
119.0,,-58.0,-734.0,58.0,663.0,-1025.0,-282.0,-17.0,110.0
170.0,,-61.0,-735.0,45.0,645.0,-992.0,-51.0,-6.0,31.0
196.0,,-72.0,-726.0,0.0,622.0,-981.0,-375.0,-29.0,-38.0
216.0,,-81.0,-717.0,-26.0,575.0,-986.0,-57.0,-56.0,-100.0
287.0,,-84.0,-719.0,-25.0,567.0,-945.0,-208.0,-82.0,-168.0
322.0,,-121.0,-731.0,-4.0,597.0,-961.0,-162.0,-102.0,-217.0
313.0,,-104.0,-755.0,48.0,594.0,-1011.0,9.0,-118.0,-236.0
340.0,,-136.0,-792.0,113.0,596.0,-1026.0,-232.0,-130.0,-241.0
347.0,,-147.0,-834.0,191.0,552.0,-1048.0,105.0,-131.0,-241.0
338.0,,-146.0,-859.0,288.0,502.0,-1040.0,-243.0,-146.0,-207.0
337.0,,-171.0,-882.0,369.0,479.0,-1063.0,-92.0,-148.0,-165.0
321.0,,-152.0,-930.0,415.0,456.0,-1087.0,-157.0,-134.0,-129.0
311.0,,-168.0,-989.0,432.0,471.0,-1115.0,-432.0,-122.0,-90.0
273.0,,-155.0,-1041.0,418.0,436.0,-1163.0,-230.0,-103.0,-83.0
235.0,,-172.0,-1037.0,361.0,380.0,-1149.0,-495.0,-72.0,-77.0
212.0,,-174.0,-993.0,275.0,315.0,-1138.0,-92.0,-27.0,-81.0
178.0,,-163.0,-961.0,189.0,305.0,-1148.0,-186.0,29.0,-99.0
136.0,,-183.0,-906.0,112.0,341.0,-1154.0,-116.0,71.0,-118.0
48.0,,-174.0,-823.0,34.0,265.0,-1141.0,-18.0,97.0,-144.0
21.0,,-165.0,-768.0,-44.0,250.0,-1146.0,-304.0,129.0,-164.0
32.0,,-161.0,-705.0,-115.0,257.0,-1154.0,3.0,145.0,-211.0
-18.0,,-161.0,-635.0,-152.0,168.0,-1128.0,-301.0,153.0,-268.0
-53.0,,-126.0,-562.0,-131.0,121.0,-1117.0,-144.0,167.0,-335.0
-56.0,,-102.0,-515.0,-67.0,70.0,-1103.0,-284.0,193.0,-410.0
-20.0,,-74.0,-538.0,21.0,43.0,-1094.0,-388.0,227.0,-521.0
-1.0,,-34.0,-581.0,115.0,60.0,-1068.0,-240.0,251.0,-666.0
-36.0,,-20.0,-619.0,191.0,-43.0,-1058.0,-602.0,264.0,-794.0
-29.0,,16.0,-625.0,230.0,-96.0,-1053.0,-288.0,260.0,-945.0
26.0,,55.0,-652.0,242.0,-87.0,-997.0,-598.0,235.0,-1090.0
63.0,,37.0,-707.0,239.0,-139.0,-953.0,-563.0,192.0,-1212.0
73.0,,37.0,-726.0,210.0,-168.0,-914.0,-598.0,142.0,-1285.0
125.0,,39.0,-730.0,175.0,-198.0,-883.0,-811.0,97.0,-1315.0
223.0,,-18.0,-709.0,149.0,-194.0,-852.0,-530.0,59.0,-1328.0
287.0,,-38.0,-651.0,135.0,-198.0,-823.0,-870.0,26.0,-1284.0
303.0,,-70.0,-577.0,114.0,-279.0,-795.0,-593.0,-16.0,-1206.0
328.0,,-108.0,-519.0,64.0,-332.0,-748.0,-757.0,-48.0,-1094.0
383.0,,-145.0,-452.0,0.0,-303.0,-687.0,-692.0,-66.0,-954.0
404.0,,-204.0,-394.0,-62.0,-305.0,-616.0,-526.0,-86.0,-785.0
389.0,,-236.0,-397.0,-92.0,-381.0,-603.0,-763.0,-97.0,-597.0
406.0,,-292.0,-443.0,-80.0,-434.0,-584.0,-371.0,-102.0,-380.0
429.0,,-305.0,-494.0,-72.0,-442.0,-557.0,-657.0,-96.0,-149.0
433.0,,-313.0,-550.0,-98.0,-444.0,-551.0,-375.0,-67.0,61.0
449.0,,-318.0,-626.0,-159.0,-520.0,-545.0,-410.0,-46.0,270.0
469.0,,-259.0,-733.0,-236.0,-568.0,-545.0,-570.0,-33.0,446.0
492.0,,-221.0,-871.0,-307.0,-563.0,-523.0,-338.0,-8.0,575.0
514.0,,-154.0,-954.0,-363.0,-569.0,-509.0,-748.0,13.0,654.0
513.0,,-47.0,-1020.0,-383.0,-614.0,-472.0,-500.0,40.0,688.0
513.0,,22.0,-1079.0,-371.0,-681.0,-447.0,-792.0,75.0,675.0
538.0,,118.0,-1111.0,-345.0,-639.0,-426.0,-792.0,106.0,613.0
551.0,,211.0,-1124.0,-311.0,-615.0,-406.0,-711.0,131.0,519.0
536.0,,270.0,-1119.0,-261.0,-651.0,-407.0,-905.0,145.0,401.0
533.0,,343.0,-1131.0,-171.0,-688.0,-375.0,-596.0,141.0,290.0
551.0,,398.0,-1104.0,-68.0,-727.0,-366.0,-970.0,131.0,190.0
549.0,,422.0,-1058.0,2.0,-703.0,-341.0,-783.0,121.0,84.0
535.0,,430.0,-977.0,41.0,-718.0,-335.0,-899.0,102.0,4.0
532.0,,470.0,-885.0,61.0,-778.0,-373.0,-933.0,88.0,-56.0
525.0,,468.0,-798.0,76.0,-734.0,-371.0,-689.0,77.0,-126.0
519.0,,441.0,-656.0,83.0,-674.0,-317.0,-925.0,74.0,-165.0
509.0,,438.0,-549.0,68.0,-694.0,-276.0,-535.0,52.0,-220.0
485.0,,400.0,-495.0,33.0,-738.0,-262.0,-742.0,22.0,-304.0
465.0,,380.0,-458.0,-8.0,-742.0,-224.0,-659.0,13.0,-363.0
476.0,,349.0,-439.0,-42.0,-675.0,-215.0,-694.0,1.0,-419.0
496.0,,327.0,-448.0,-62.0,-615.0,-201.0,-886.0,-5.0,-482.0
475.0,,309.0,-477.0,-61.0,-619.0,-179.0,-624.0,-20.0,-538.0
436.0,,275.0,-495.0,-46.0,-657.0,-176.0,-949.0,-33.0,-587.0
407.0,,266.0,-529.0,-29.0,-634.0,-190.0,-657.0,-40.0,-623.0
375.0,,235.0,-613.0,-8.0,-599.0,-230.0,-768.0,-42.0,-631.0
329.0,,225.0,-686.0,5.0,-587.0,-229.0,-846.0,-33.0,-615.0
276.0,,217.0,-713.0,17.0,-540.0,-221.0,-742.0,-24.0,-588.0
255.0,,194.0,-757.0,10.0,-517.0,-206.0,-1018.0,6.0,-554.0
280.0,,181.0,-799.0,-19.0,-510.0,-182.0,-750.0,31.0,-520.0
262.0,,168.0,-827.0,-72.0,-494.0,-172.0,-879.0,51.0,-467.0
224.0,,158.0,-826.0,-143.0,-510.0,-171.0,-570.0,95.0,-397.0
240.0,,150.0,-807.0,-186.0,-500.0,-180.0,-485.0,133.0,-359.0
254.0,,145.0,-837.0,-193.0,-467.0,-172.0,-576.0,159.0,-305.0
252.0,,130.0,-867.0,-174.0,-466.0,-191.0,-391.0,168.0,-220.0
263.0,,123.0,-833.0,-137.0,-447.0,-210.0,-761.0,163.0,-134.0
274.0,,105.0,-769.0,-105.0,-406.0,-204.0,-630.0,145.0,-34.0
281.0,,74.0,-686.0,-87.0,-370.0,-222.0,-866.0,117.0,44.0
292.0,,62.0,-606.0,-74.0,-377.0,-244.0,-864.0,85.0,130.0
287.0,,37.0,-570.0,-64.0,-378.0,-229.0,-724.0,60.0,216.0
275.0,,28.0,-517.0,-57.0,-348.0,-193.0,-859.0,40.0,263.0
241.0,,6.0,-470.0,-33.0,-359.0,-219.0,-563.0,2.0,273.0
204.0,,-12.0,-455.0,-2.0,-369.0,-238.0,-676.0,-27.0,252.0
189.0,,-24.0,-423.0,39.0,-367.0,-207.0,-389.0,-40.0,205.0
137.0,,-57.0,-426.0,89.0,-384.0,-187.0,-521.0,-46.0,134.0
64.0,,-72.0,-489.0,114.0,-399.0,-196.0,-589.0,-37.0,48.0
13.0,,-107.0,-586.0,114.0,-390.0,-201.0,-400.0,-33.0,-50.0
-34.0,,-124.0,-663.0,94.0,-444.0,-178.0,-617.0,-27.0,-95.0
-87.0,,-157.0,-686.0,65.0,-479.0,-184.0,-308.0,0.0,-133.0
-120.0,,-168.0,-691.0,35.0,-417.0,-173.0,-678.0,13.0,-168.0
-139.0,,-154.0,-712.0,14.0,-406.0,-169.0,-718.0,18.0,-130.0
-164.0,,-165.0,-764.0,20.0,-412.0,-206.0,-800.0,25.0,-53.0
-193.0,,-172.0,-754.0,53.0,-369.0,-211.0,-990.0,0.0,67.0
-211.0,,-164.0,-679.0,92.0,-385.0,-229.0,-750.0,-44.0,183.0
-188.0,,-145.0,-651.0,104.0,-431.0,-255.0,-1060.0,-116.0,299.0
-176.0,,-160.0,-661.0,86.0,-448.0,-263.0,-694.0,-210.0,416.0
-162.0,,-134.0,-697.0,46.0,-460.0,-244.0,-774.0,-307.0,475.0
-89.0,,-138.0,-739.0,0.0,-431.0,-199.0,-663.0,-421.0,489.0
-51.0,,-139.0,-746.0,-24.0,-422.0,-182.0,-424.0,-513.0,463.0
-36.0,,-117.0,-733.0,-9.0,-425.0,-150.0,-663.0,-595.0,420.0
0.0,,-149.0,-726.0,32.0,-408.0,-84.0,-290.0,-661.0,328.0
27.0,,-148.0,-733.0,78.0,-427.0,-28.0,-583.0,-699.0,224.0
54.0,,-158.0,-719.0,99.0,-413.0,15.0,-485.0,-741.0,141.0
35.0,,-187.0,-696.0,95.0,-370.0,36.0,-633.0,-764.0,22.0
19.0,,-192.0,-672.0,76.0,-382.0,30.0,-824.0,-763.0,-95.0
41.0,,-196.0,-614.0,46.0,-419.0,-2.0,-515.0,-748.0,-201.0
63.0,,-201.0,-551.0,24.0,-423.0,-16.0,-864.0,-743.0,-271.0
21.0,,-163.0,-498.0,9.0,-459.0,15.0,-606.0,-720.0,-291.0
-48.0,,-158.0,-451.0,14.0,-498.0,34.0,-796.0,-673.0,-263.0
-46.0,,-151.0,-432.0,48.0,-525.0,27.0,-905.0,-641.0,-195.0
-49.0,,-87.0,-394.0,83.0,-527.0,40.0,-886.0,-597.0,-96.0
-89.0,,-69.0,-345.0,105.0,-479.0,42.0,-1075.0,-567.0,63.0
-127.0,,-37.0,-341.0,108.0,-510.0,4.0,-774.0,-540.0,216.0
-112.0,,21.0,-364.0,88.0,-534.0,-26.0,-936.0,-495.0,355.0
-66.0,,60.0,-430.0,41.0,-516.0,-67.0,-670.0,-472.0,492.0
-42.0,,116.0,-472.0,-31.0,-520.0,-107.0,-794.0,-445.0,613.0
-16.0,,162.0,-446.0,-94.0,-507.0,-101.0,-722.0,-415.0,722.0
31.0,,203.0,-491.0,-122.0,-511.0,-72.0,-528.0,-380.0,774.0
105.0,,250.0,-591.0,-126.0,-547.0,-70.0,-955.0,-347.0,782.0
162.0,,282.0,-629.0,-100.0,-573.0,-48.0,-674.0,-326.0,753.0
220.0,,318.0,-621.0,-69.0,-543.0,6.0,-982.0,-297.0,688.0
287.0,,330.0,-642.0,-62.0,-521.0,29.0,-897.0,-266.0,596.0
378.0,,346.0,-719.0,-70.0,-478.0,42.0,-726.0,-221.0,466.0
462.0,,362.0,-768.0,-110.0,-457.0,70.0,-812.0,-171.0,337.0
505.0,,332.0,-698.0,-191.0,-536.0,88.0,-463.0,-115.0,220.0
595.0,,316.0,-588.0,-270.0,-557.0,90.0,-707.0,-49.0,95.0
690.0,,306.0,-554.0,-320.0,-517.0,101.0,-471.0,2.0,9.0
722.0,,268.0,-542.0,-331.0,-496.0,116.0,-624.0,35.0,-41.0
731.0,,231.0,-544.0,-302.0,-492.0,126.0,-602.0,66.0,-68.0
809.0,,193.0,-578.0,-244.0,-530.0,124.0,-413.0,100.0,-72.0
889.0,,133.0,-602.0,-158.0,-573.0,144.0,-733.0,98.0,-52.0
880.0,,85.0,-667.0,-66.0,-605.0,195.0,-508.0,89.0,-29.0
869.0,,30.0,-733.0,24.0,-628.0,213.0,-866.0,78.0,-31.0
908.0,,-27.0,-737.0,100.0,-664.0,219.0,-715.0,55.0,-29.0
955.0,,-68.0,-743.0,140.0,-713.0,239.0,-707.0,52.0,-28.0
919.0,,-113.0,-754.0,157.0,-685.0,279.0,-835.0,50.0,-34.0
858.0,,-166.0,-738.0,139.0,-658.0,315.0,-528.0,55.0,-60.0
854.0,,-219.0,-732.0,99.0,-625.0,342.0,-798.0,74.0,-93.0
859.0,,-251.0,-743.0,46.0,-590.0,356.0,-482.0,100.0,-110.0
777.0,,-294.0,-733.0,0.0,-590.0,354.0,-630.0,134.0,-144.0
658.0,,-310.0,-688.0,-22.0,-538.0,363.0,-484.0,180.0,-183.0
636.0,,-353.0,-652.0,-28.0,-553.0,361.0,-310.0,232.0,-225.0
621.0,,-379.0,-611.0,-6.0,-555.0,369.0,-522.0,288.0,-254.0
542.0,,-365.0,-570.0,24.0,-503.0,381.0,-277.0,352.0,-295.0
466.0,,-379.0,-559.0,68.0,-503.0,369.0,-679.0,410.0,-353.0
436.0,,-336.0,-536.0,121.0,-478.0,352.0,-526.0,484.0,-392.0
423.0,,-293.0,-542.0,177.0,-454.0,341.0,-707.0,543.0,-428.0
384.0,,-231.0,-577.0,226.0,-470.0,335.0,-768.0,578.0,-430.0
333.0,,-155.0,-584.0,245.0,-440.0,294.0,-463.0,602.0,-440.0
314.0,,-87.0,-606.0,222.0,-366.0,260.0,-811.0,586.0,-468.0
309.0,,22.0,-673.0,150.0,-340.0,255.0,-515.0,553.0,-471.0
269.0,,94.0,-718.0,45.0,-302.0,264.0,-737.0,488.0,-492.0
202.0,,176.0,-718.0,-59.0,-296.0,266.0,-729.0,399.0,-541.0
144.0,,268.0,-681.0,-139.0,-340.0,240.0,-598.0,301.0,-616.0
122.0,,323.0,-600.0,-188.0,-337.0,224.0,-812.0,183.0,-687.0
85.0,,365.0,-517.0,-195.0,-343.0,204.0,-604.0,59.0,-724.0
26.0,,397.0,-480.0,-164.0,-370.0,193.0,-761.0,-77.0,-719.0
-31.0,,417.0,-499.0,-124.0,-325.0,220.0,-537.0,-195.0,-689.0
-73.0,,429.0,-515.0,-85.0,-296.0,259.0,-618.0,-279.0,-644.0
-125.0,,469.0,-489.0,-44.0,-311.0,280.0,-493.0,-349.0,-574.0
-187.0,,468.0,-468.0,-6.0,-275.0,296.0,-460.0,-383.0,-469.0
-215.0,,470.0,-482.0,2.0,-276.0,311.0,-905.0,-381.0,-327.0
-265.0,,491.0,-479.0,-9.0,-235.0,298.0,-593.0,-363.0,-181.0
-304.0,,478.0,-447.0,-34.0,-163.0,288.0,-901.0,-334.0,13.0
-346.0,,502.0,-433.0,-56.0,-131.0,295.0,-731.0,-299.0,237.0
-402.0,,479.0,-419.0,-55.0,-115.0,292.0,-585.0,-256.0,432.0
-406.0,,500.0,-392.0,-56.0,-181.0,278.0,-722.0,-206.0,627.0
-409.0,,505.0,-394.0,-61.0,-191.0,257.0,-478.0,-174.0,786.0
-442.0,,455.0,-443.0,-76.0,-133.0,239.0,-672.0,-145.0,890.0
-465.0,,481.0,-492.0,-102.0,-118.0,229.0,-363.0,-101.0,956.0
-417.0,,427.0,-534.0,-121.0,-189.0,221.0,-602.0,-59.0,969.0
-388.0,,394.0,-553.0,-138.0,-279.0,221.0,-587.0,-16.0,948.0
-427.0,,361.0,-560.0,-151.0,-271.0,220.0,-541.0,23.0,930.0
-409.0,,281.0,-563.0,-160.0,-277.0,203.0,-805.0,60.0,903.0
-319.0,,249.0,-576.0,-156.0,-296.0,167.0,-526.0,86.0,888.0
-263.0,,181.0,-610.0,-126.0,-280.0,135.0,-794.0,105.0,888.0
-260.0,,107.0,-567.0,-79.0,-335.0,111.0,-559.0,112.0,884.0
-228.0,,39.0,-497.0,-19.0,-358.0,67.0,-655.0,115.0,899.0
-135.0,,-8.0,-452.0,37.0,-325.0,52.0,-737.0,119.0,895.0
-50.0,,-60.0,-377.0,71.0,-297.0,45.0,-541.0,100.0,847.0
-36.0,,-94.0,-283.0,88.0,-247.0,10.0,-720.0,86.0,790.0
-32.0,,-107.0,-193.0,93.0,-200.0,1.0,-339.0,80.0,703.0
32.0,,-126.0,-166.0,99.0,-184.0,4.0,-497.0,84.0,576.0
111.0,,-95.0,-194.0,109.0,-215.0,24.0,-284.0,100.0,436.0
136.0,,-81.0,-255.0,117.0,-208.0,12.0,-188.0,104.0,284.0
128.0,,-62.0,-325.0,109.0,-196.0,-20.0,-386.0,103.0,146.0
136.0,,-11.0,-388.0,73.0,-218.0,-39.0,-125.0,82.0,20.0
157.0,,23.0,-474.0,26.0,-232.0,-85.0,-497.0,49.0,-105.0
179.0,,92.0,-563.0,-9.0,-279.0,-96.0,-360.0,12.0,-198.0
209.0,,156.0,-611.0,-25.0,-325.0,-104.0,-587.0,-18.0,-255.0
222.0,,211.0,-644.0,-24.0,-370.0,-114.0,-679.0,-40.0,-301.0
247.0,,288.0,-683.0,-12.0,-423.0,-119.0,-378.0,-68.0,-287.0
300.0,,337.0,-684.0,-2.0,-412.0,-147.0,-648.0,-79.0,-233.0
324.0,,384.0,-705.0,5.0,-392.0,-140.0,-254.0,-69.0,-179.0
326.0,,421.0,-766.0,7.0,-367.0,-130.0,-552.0,-50.0,-101.0
322.0,,442.0,-808.0,5.0,-313.0,-115.0,-545.0,-13.0,-32.0
332.0,,441.0,-823.0,-4.0,-348.0,-134.0,-397.0,40.0,38.0
327.0,,414.0,-806.0,-29.0,-342.0,-154.0,-607.0,102.0,78.0
304.0,,402.0,-773.0,-51.0,-302.0,-114.0,-295.0,173.0,106.0
306.0,,387.0,-726.0,-74.0,-350.0,-109.0,-467.0,235.0,132.0
306.0,,351.0,-668.0,-96.0,-316.0,-110.0,-151.0,299.0,130.0
293.0,,319.0,-609.0,-99.0,-268.0,-133.0,-443.0,344.0,151.0
278.0,,266.0,-577.0,-85.0,-315.0,-168.0,-426.0,348.0,166.0
281.0,,213.0,-558.0,-62.0,-348.0,-162.0,-221.0,317.0,182.0
297.0,,193.0,-522.0,-41.0,-371.0,-177.0,-541.0,246.0,199.0
309.0,,124.0,-484.0,-34.0,-396.0,-229.0,-33.0,172.0,208.0
292.0,,80.0,-454.0,-30.0,-382.0,-268.0,-349.0,109.0,236.0
283.0,,34.0,-469.0,-26.0,-375.0,-293.0,-184.0,56.0,280.0
319.0,,-38.0,-474.0,-26.0,-333.0,-316.0,-75.0,10.0,316.0
314.0,,-82.0,-476.0,-34.0,-268.0,-305.0,-145.0,-30.0,334.0
251.0,,-145.0,-536.0,-53.0,-293.0,-307.0,42.0,-43.0,346.0
233.0,,-162.0,-602.0,-68.0,-302.0,-310.0,-325.0,-57.0,340.0
245.0,,-184.0,-656.0,-67.0,-246.0,-296.0,-44.0,-80.0,314.0
200.0,,-186.0,-672.0,-48.0,-218.0,-320.0,-308.0,-85.0,270.0
140.0,,-174.0,-629.0,-30.0,-251.0,-314.0,-169.0,-98.0,221.0
102.0,,-172.0,-584.0,-29.0,-313.0,-278.0,-84.0,-103.0,165.0
77.0,,-118.0,-570.0,-30.0,-306.0,-277.0,-286.0,-87.0,112.0
45.0,,-86.0,-568.0,-36.0,-254.0,-294.0,57.0,-59.0,67.0
-12.0,,-36.0,-568.0,-33.0,-291.0,-326.0,-321.0,1.0,35.0
-70.0,,20.0,-539.0,-9.0,-323.0,-356.0,-101.0,66.0,5.0
-111.0,,71.0,-513.0,25.0,-267.0,-342.0,-168.0,116.0,-34.0
-143.0,,105.0,-505.0,74.0,-223.0,-322.0,-131.0,147.0,-29.0
-213.0,,115.0,-446.0,119.0,-193.0,-316.0,181.0,163.0,-30.0
-300.0,,155.0,-366.0,142.0,-190.0,-307.0,-68.0,165.0,-26.0
-330.0,,153.0,-334.0,148.0,-207.0,-287.0,234.0,161.0,-13.0
-333.0,,140.0,-346.0,130.0,-169.0,-269.0,-46.0,155.0,-48.0
-379.0,,144.0,-365.0,109.0,-161.0,-291.0,64.0,144.0,-80.0
-437.0,,111.0,-380.0,111.0,-227.0,-291.0,18.0,141.0,-135.0
-455.0,,67.0,-408.0,132.0,-242.0,-287.0,-160.0,124.0,-212.0
-447.0,,31.0,-487.0,166.0,-229.0,-285.0,160.0,110.0,-272.0
-469.0,,-6.0,-607.0,202.0,-207.0,-269.0,-169.0,101.0,-337.0
-535.0,,-36.0,-712.0,231.0,-133.0,-282.0,157.0,106.0,-388.0
-548.0,,-32.0,-768.0,238.0,-92.0,-254.0,-46.0,125.0,-419.0
-521.0,,-16.0,-793.0,225.0,-64.0,-208.0,-16.0,131.0,-442.0
-546.0,,-3.0,-827.0,189.0,-40.0,-193.0,83.0,158.0,-464.0
-602.0,,30.0,-844.0,144.0,-54.0,-190.0,-145.0,184.0,-453.0
-592.0,,111.0,-779.0,111.0,0.0,-185.0,286.0,208.0,-418.0
-525.0,,152.0,-640.0,88.0,16.0,-185.0,-133.0,229.0,-373.0
-526.0,,189.0,-511.0,61.0,-23.0,-190.0,262.0,236.0,-306.0
-575.0,,284.0,-429.0,30.0,23.0,-188.0,192.0,253.0,-231.0
-554.0,,318.0,-340.0,9.0,42.0,-233.0,16.0,256.0,-142.0
-468.0,,367.0,-247.0,-14.0,77.0,-278.0,434.0,254.0,-47.0
-439.0,,422.0,-197.0,-49.0,148.0,-298.0,153.0,256.0,21.0
-451.0,,453.0,-206.0,-87.0,169.0,-327.0,550.0,251.0,74.0
-406.0,,499.0,-227.0,-133.0,230.0,-316.0,258.0,237.0,128.0
-329.0,,519.0,-242.0,-164.0,262.0,-317.0,384.0,198.0,128.0
-289.0,,512.0,-301.0,-167.0,265.0,-336.0,428.0,161.0,86.0
-286.0,,508.0,-366.0,-153.0,261.0,-314.0,195.0,113.0,34.0
-244.0,,508.0,-411.0,-121.0,265.0,-310.0,676.0,40.0,-14.0
-187.0,,471.0,-447.0,-96.0,333.0,-335.0,413.0,-25.0,-67.0
-160.0,,470.0,-425.0,-97.0,334.0,-371.0,796.0,-76.0,-129.0
-174.0,,465.0,-382.0,-121.0,280.0,-401.0,711.0,-113.0,-181.0
-213.0,,460.0,-376.0,-151.0,317.0,-423.0,550.0,-140.0,-215.0
-196.0,,482.0,-372.0,-173.0,364.0,-457.0,687.0,-148.0,-207.0
-204.0,,464.0,-365.0,-181.0,382.0,-490.0,264.0,-149.0,-193.0
-313.0,,464.0,-346.0,-156.0,400.0,-531.0,498.0,-146.0,-169.0
-376.0,,466.0,-334.0,-119.0,420.0,-567.0,288.0,-142.0,-118.0
-338.0,,448.0,-356.0,-93.0,477.0,-627.0,522.0,-151.0,-40.0
-349.0,,444.0,-370.0,-63.0,482.0,-683.0,620.0,-165.0,47.0
-436.0,,422.0,-349.0,-50.0,442.0,-679.0,452.0,-172.0,127.0
-468.0,,410.0,-342.0,-49.0,452.0,-670.0,814.0,-180.0,222.0
-426.0,,412.0,-383.0,-35.0,556.0,-664.0,478.0,-188.0,294.0
-405.0,,388.0,-415.0,-3.0,608.0,-694.0,742.0,-187.0,347.0
-454.0,,385.0,-423.0,42.0,568.0,-718.0,659.0,-192.0,386.0
-480.0,,375.0,-446.0,78.0,598.0,-699.0,630.0,-205.0,406.0
-414.0,,356.0,-480.0,100.0,650.0,-713.0,848.0,-230.0,436.0
-362.0,,339.0,-525.0,106.0,669.0,-714.0,626.0,-272.0,482.0
-399.0,,325.0,-550.0,94.0,619.0,-690.0,912.0,-320.0,523.0
-419.0,,312.0,-535.0,79.0,602.0,-681.0,631.0,-386.0,556.0
-364.0,,291.0,-517.0,69.0,699.0,-703.0,763.0,-443.0,598.0
-320.0,,272.0,-525.0,77.0,770.0,-727.0,709.0,-499.0,615.0
-342.0,,235.0,-556.0,91.0,800.0,-719.0,570.0,-539.0,606.0
-352.0,,220.0,-564.0,90.0,828.0,-704.0,842.0,-562.0,591.0
-309.0,,205.0,-508.0,50.0,849.0,-651.0,563.0,-608.0,556.0
-288.0,,180.0,-430.0,-21.0,891.0,-598.0,872.0,-628.0,486.0
-307.0,,179.0,-394.0,-94.0,883.0,-564.0,724.0,-640.0,392.0
-327.0,,184.0,-349.0,-151.0,828.0,-522.0,661.0,-650.0,283.0
-308.0,,171.0,-329.0,-189.0,826.0,-501.0,846.0,-625.0,171.0
-274.0,,177.0,-322.0,-198.0,842.0,-472.0,757.0,-594.0,50.0
-273.0,,187.0,-296.0,-172.0,842.0,-461.0,968.0,-521.0,-78.0
-277.0,,175.0,-323.0,-129.0,799.0,-474.0,761.0,-416.0,-157.0
-229.0,,179.0,-369.0,-82.0,781.0,-467.0,986.0,-311.0,-179.0
-144.0,,176.0,-404.0,-32.0,806.0,-472.0,827.0,-178.0,-173.0
-106.0,,168.0,-403.0,9.0,811.0,-484.0,777.0,-30.0,-120.0
-85.0,,170.0,-422.0,48.0,782.0,-509.0,894.0,117.0,-19.0
-23.0,,174.0,-516.0,78.0,796.0,-537.0,554.0,233.0,92.0
38.0,,134.0,-581.0,88.0,848.0,-539.0,957.0,332.0,208.0
82.0,,120.0,-587.0,80.0,855.0,-529.0,700.0,406.0,316.0
123.0,,125.0,-592.0,57.0,882.0,-538.0,805.0,441.0,388.0
169.0,,94.0,-578.0,32.0,865.0,-557.0,870.0,443.0,406.0
213.0,,104.0,-532.0,8.0,904.0,-551.0,687.0,403.0,399.0
248.0,,100.0,-522.0,-10.0,942.0,-555.0,1095.0,363.0,319.0
274.0,,88.0,-517.0,-8.0,921.0,-551.0,783.0,314.0,194.0
262.0,,83.0,-479.0,9.0,972.0,-502.0,1001.0,260.0,81.0
222.0,,55.0,-440.0,40.0,963.0,-447.0,803.0,232.0,-78.0
192.0,,31.0,-428.0,67.0,955.0,-407.0,705.0,222.0,-200.0
128.0,,-16.0,-439.0,77.0,939.0,-384.0,842.0,219.0,-307.0
65.0,,-70.0,-467.0,75.0,951.0,-367.0,497.0,222.0,-412.0
59.0,,-120.0,-504.0,48.0,991.0,-363.0,811.0,239.0,-470.0
37.0,,-190.0,-543.0,19.0,974.0,-390.0,533.0,273.0,-523.0
-26.0,,-253.0,-561.0,-2.0,954.0,-431.0,679.0,330.0,-540.0
-57.0,,-295.0,-516.0,-23.0,923.0,-440.0,705.0,383.0,-521.0
-70.0,,-369.0,-446.0,-21.0,956.0,-439.0,576.0,432.0,-471.0
-122.0,,-404.0,-350.0,3.0,958.0,-440.0,835.0,473.0,-425.0
-178.0,,-410.0,-252.0,32.0,926.0,-436.0,443.0,496.0,-353.0
-225.0,,-449.0,-191.0,42.0,902.0,-422.0,731.0,500.0,-258.0
-287.0,,-425.0,-169.0,32.0,891.0,-402.0,622.0,489.0,-201.0
-328.0,,-394.0,-215.0,15.0,905.0,-398.0,739.0,490.0,-130.0
-332.0,,-368.0,-260.0,4.0,846.0,-392.0,1047.0,481.0,-85.0
-376.0,,-306.0,-327.0,17.0,868.0,-377.0,896.0,464.0,-75.0
-416.0,,-278.0,-442.0,36.0,924.0,-352.0,1221.0,447.0,-71.0
-400.0,,-248.0,-558.0,52.0,915.0,-316.0,901.0,440.0,-73.0
-409.0,,-214.0,-685.0,59.0,905.0,-297.0,1088.0,441.0,-85.0
-444.0,,-237.0,-804.0,56.0,838.0,-314.0,1029.0,423.0,-126.0
-442.0,,-244.0,-873.0,40.0,801.0,-325.0,866.0,412.0,-171.0
-418.0,,-235.0,-868.0,9.0,807.0,-325.0,1069.0,400.0,-224.0
-430.0,,-261.0,-800.0,-16.0,788.0,-363.0,720.0,387.0,-262.0
-444.0,,-266.0,-724.0,-22.0,762.0,-400.0,951.0,391.0,-302.0
-416.0,,-274.0,-642.0,-3.0,782.0,-442.0,674.0,400.0,-351.0
-385.0,,-275.0,-529.0,32.0,779.0,-482.0,724.0,429.0,-358.0
-382.0,,-249.0,-404.0,74.0,782.0,-495.0,772.0,449.0,-347.0
-400.0,,-228.0,-275.0,105.0,793.0,-516.0,596.0,442.0,-293.0
-409.0,,-197.0,-153.0,118.0,761.0,-578.0,944.0,421.0,-203.0
-401.0,,-163.0,-41.0,123.0,786.0,-631.0,541.0,407.0,-128.0
-422.0,,-130.0,43.0,102.0,749.0,-638.0,831.0,413.0,-52.0
-470.0,,-95.0,78.0,67.0,690.0,-633.0,776.0,394.0,-1.0
-504.0,,-58.0,70.0,39.0,705.0,-623.0,761.0,383.0,38.0
-512.0,,-47.0,13.0,17.0,713.0,-654.0,1062.0,381.0,83.0
-543.0,,-25.0,-38.0,15.0,686.0,-666.0,639.0,373.0,116.0
-616.0,,7.0,-55.0,34.0,653.0,-657.0,986.0,371.0,134.0
-677.0,,14.0,-109.0,62.0,640.0,-645.0,785.0,376.0,128.0
-714.0,,24.0,-173.0,86.0,648.0,-609.0,936.0,410.0,115.0
-740.0,,22.0,-236.0,87.0,612.0,-613.0,1143.0,443.0,79.0
-785.0,,20.0,-318.0,55.0,557.0,-613.0,905.0,476.0,24.0
-855.0,,25.0,-351.0,3.0,631.0,-602.0,1202.0,493.0,-28.0
-897.0,,4.0,-335.0,-29.0,703.0,-556.0,905.0,488.0,-67.0
-874.0,,-6.0,-301.0,-10.0,678.0,-507.0,1125.0,471.0,-73.0
-866.0,,-19.0,-272.0,33.0,586.0,-490.0,1008.0,405.0,-71.0
-929.0,,-56.0,-248.0,60.0,532.0,-452.0,921.0,309.0,-49.0
-955.0,,-93.0,-208.0,53.0,568.0,-421.0,1042.0,202.0,-22.0
-901.0,,-114.0,-202.0,8.0,547.0,-440.0,718.0,80.0,-14.0
-864.0,,-122.0,-206.0,-59.0,439.0,-479.0,990.0,-58.0,-8.0
-886.0,,-135.0,-212.0,-126.0,375.0,-464.0,742.0,-174.0,-35.0
-892.0,,-115.0,-248.0,-177.0,388.0,-462.0,949.0,-271.0,-92.0
-829.0,,-87.0,-285.0,-214.0,354.0,-464.0,957.0,-363.0,-151.0
-753.0,,-70.0,-378.0,-227.0,352.0,-436.0,798.0,-439.0,-226.0
-716.0,,-31.0,-474.0,-204.0,354.0,-433.0,1075.0,-510.0,-306.0
-675.0,,-4.0,-546.0,-167.0,390.0,-412.0,788.0,-544.0,-369.0
-589.0,,45.0,-649.0,-128.0,448.0,-372.0,1099.0,-544.0,-404.0
-495.0,,94.0,-769.0,-101.0,350.0,-356.0,940.0,-543.0,-413.0
-459.0,,151.0,-885.0,-67.0,335.0,-342.0,960.0,-510.0,-406.0
-422.0,,209.0,-923.0,-34.0,358.0,-324.0,1029.0,-452.0,-362.0
-318.0,,249.0,-951.0,-30.0,310.0,-330.0,750.0,-385.0,-277.0
-243.0,,307.0,-1013.0,-33.0,302.0,-322.0,1027.0,-317.0,-164.0
-250.0,,308.0,-1072.0,-45.0,265.0,-321.0,681.0,-258.0,-43.0
-223.0,,334.0,-1094.0,-64.0,249.0,-322.0,855.0,-200.0,84.0
-124.0,,338.0,-1047.0,-80.0,275.0,-320.0,822.0,-151.0,209.0
-68.0,,322.0,-972.0,-93.0,260.0,-325.0,685.0,-136.0,323.0
-66.0,,318.0,-876.0,-96.0,239.0,-311.0,899.0,-136.0,418.0
-23.0,,267.0,-822.0,-89.0,277.0,-295.0,611.0,-143.0,493.0
61.0,,266.0,-829.0,-67.0,286.0,-271.0,931.0,-165.0,542.0
119.0,,217.0,-775.0,-34.0,242.0,-287.0,753.0,-186.0,547.0
129.0,,180.0,-635.0,-24.0,237.0,-300.0,661.0,-219.0,510.0
129.0,,170.0,-537.0,-49.0,242.0,-277.0,837.0,-224.0,417.0
168.0,,134.0,-472.0,-75.0,245.0,-267.0,685.0,-207.0,307.0
226.0,,120.0,-419.0,-73.0,230.0,-271.0,881.0,-184.0,169.0
210.0,,91.0,-405.0,-71.0,208.0,-281.0,678.0,-152.0,7.0
167.0,,70.0,-412.0,-93.0,239.0,-278.0,812.0,-118.0,-156.0
182.0,,46.0,-443.0,-135.0,265.0,-249.0,794.0,-40.0,-333.0
205.0,,33.0,-416.0,-170.0,216.0,-194.0,739.0,55.0,-486.0
160.0,,23.0,-375.0,-172.0,175.0,-166.0,818.0,145.0,-613.0
103.0,,16.0,-379.0,-145.0,194.0,-142.0,543.0,239.0,-715.0
110.0,,30.0,-408.0,-101.0,231.0,-116.0,846.0,331.0,-794.0
108.0,,41.0,-452.0,-46.0,240.0,-98.0,602.0,423.0,-823.0
56.0,,46.0,-496.0,25.0,231.0,-82.0,711.0,472.0,-829.0
-14.0,,55.0,-529.0,85.0,256.0,-81.0,792.0,495.0,-825.0
-43.0,,61.0,-501.0,121.0,250.0,-26.0,480.0,500.0,-777.0
-44.0,,67.0,-519.0,142.0,202.0,1.0,761.0,459.0,-706.0
-110.0,,80.0,-588.0,141.0,193.0,1.0,484.0,403.0,-613.0
-197.0,,64.0,-641.0,127.0,204.0,23.0,689.0,349.0,-510.0
-230.0,,87.0,-678.0,109.0,213.0,31.0,580.0,302.0,-404.0
-243.0,,115.0,-667.0,98.0,197.0,49.0,545.0,260.0,-302.0
-291.0,,106.0,-645.0,89.0,162.0,67.0,679.0,217.0,-213.0
-356.0,,121.0,-598.0,80.0,193.0,105.0,349.0,190.0,-153.0
-375.0,,107.0,-557.0,80.0,269.0,98.0,648.0,175.0,-119.0
-339.0,,116.0,-555.0,85.0,274.0,63.0,327.0,167.0,-115.0
-330.0,,128.0,-526.0,107.0,233.0,73.0,406.0,147.0,-128.0
-347.0,,116.0,-515.0,142.0,223.0,116.0,384.0,132.0,-146.0
-317.0,,132.0,-561.0,184.0,233.0,165.0,221.0,113.0,-195.0
-259.0,,129.0,-527.0,215.0,260.0,160.0,521.0,68.0,-220.0
-217.0,,124.0,-425.0,208.0,221.0,162.0,336.0,12.0,-247.0
-228.0,,85.0,-364.0,181.0,190.0,196.0,681.0,-37.0,-286.0
-245.0,,59.0,-299.0,143.0,227.0,251.0,526.0,-78.0,-285.0
-219.0,,45.0,-270.0,114.0,190.0,285.0,591.0,-117.0,-269.0
-214.0,,8.0,-143.0,99.0,176.0,286.0,670.0,-135.0,-230.0
-265.0,,-6.0,37.0,88.0,198.0,313.0,419.0,-161.0,-165.0
-290.0,,-33.0,173.0,83.0,182.0,346.0,691.0,-176.0,-106.0
-263.0,,-61.0,294.0,71.0,185.0,359.0,352.0,-179.0,-55.0
-248.0,,-91.0,247.0,54.0,175.0,321.0,569.0,-187.0,5.0
-243.0,,-136.0,271.0,47.0,154.0,276.0,443.0,-179.0,46.0
-193.0,,-175.0,301.0,48.0,164.0,255.0,251.0,-152.0,57.0
-131.0,,-186.0,214.0,54.0,166.0,227.0,406.0,-95.0,54.0
-117.0,,-210.0,140.0,59.0,140.0,212.0,38.0,-20.0,24.0
-90.0,,-221.0,85.0,43.0,87.0,199.0,334.0,50.0,-21.0
-36.0,,-214.0,138.0,12.0,74.0,197.0,199.0,130.0,-70.0
0.0,,-190.0,183.0,-16.0,93.0,213.0,303.0,208.0,-129.0
17.0,,-157.0,242.0,-39.0,73.0,219.0,448.0,242.0,-171.0
60.0,,-131.0,209.0,-46.0,67.0,236.0,317.0,261.0,-209.0
122.0,,-59.0,122.0,-40.0,87.0,246.0,511.0,274.0,-261.0
161.0,,-17.0,186.0,-18.0,93.0,241.0,184.0,274.0,-269.0
198.0,,32.0,157.0,8.0,44.0,255.0,343.0,268.0,-257.0
228.0,,91.0,118.0,18.0,34.0,257.0,175.0,242.0,-261.0
250.0,,113.0,69.0,11.0,84.0,247.0,131.0,236.0,-265.0
267.0,,164.0,-62.0,1.0,29.0,244.0,303.0,242.0,-271.0
278.0,,195.0,-81.0,10.0,-69.0,211.0,55.0,239.0,-273.0
229.0,,199.0,-113.0,27.0,-111.0,185.0,314.0,239.0,-283.0
163.0,,183.0,-154.0,43.0,-112.0,183.0,77.0,221.0,-312.0
162.0,,178.0,-123.0,73.0,-131.0,160.0,279.0,183.0,-345.0
142.0,,155.0,-111.0,103.0,-170.0,141.0,304.0,131.0,-344.0
95.0,,108.0,-79.0,110.0,-163.0,158.0,138.0,50.0,-338.0
49.0,,77.0,-29.0,96.0,-136.0,169.0,478.0,-45.0,-348.0
28.0,,43.0,-39.0,79.0,-156.0,162.0,175.0,-108.0,-329.0
37.0,,32.0,-71.0,59.0,-244.0,147.0,395.0,-154.0,-303.0
48.0,,32.0,-56.0,32.0,-284.0,148.0,219.0,-193.0,-280.0
23.0,,36.0,-41.0,-2.0,-253.0,146.0,197.0,-201.0,-269.0
-4.0,,55.0,-35.0,-39.0,-292.0,138.0,351.0,-193.0,-258.0
27.0,,88.0,-34.0,-65.0,-340.0,165.0,75.0,-169.0,-238.0
61.0,,113.0,-105.0,-91.0,-391.0,176.0,388.0,-138.0,-237.0
90.0,,151.0,-245.0,-112.0,-398.0,148.0,131.0,-108.0,-231.0
92.0,,212.0,-363.0,-137.0,-320.0,135.0,338.0,-83.0,-231.0
116.0,,237.0,-445.0,-167.0,-369.0,167.0,258.0,-55.0,-228.0
175.0,,253.0,-571.0,-188.0,-421.0,212.0,125.0,-45.0,-195.0
212.0,,281.0,-699.0,-213.0,-386.0,222.0,452.0,-45.0,-157.0
235.0,,276.0,-788.0,-232.0,-375.0,220.0,145.0,-25.0,-122.0
232.0,,270.0,-828.0,-233.0,-402.0,214.0,489.0,-28.0,-69.0
267.0,,265.0,-789.0,-219.0,-413.0,182.0,339.0,-43.0,-22.0
307.0,,231.0,-793.0,-184.0,-357.0,175.0,419.0,-49.0,4.0
316.0,,213.0,-823.0,-137.0,-336.0,192.0,526.0,-46.0,4.0
326.0,,163.0,-786.0,-98.0,-381.0,189.0,260.0,-27.0,-31.0
349.0,,100.0,-757.0,-75.0,-446.0,190.0,537.0,-10.0,-52.0
372.0,,40.0,-719.0,-72.0,-417.0,199.0,227.0,27.0,-78.0
343.0,,-38.0,-671.0,-100.0,-322.0,215.0,428.0,75.0,-131.0
332.0,,-101.0,-662.0,-126.0,-336.0,217.0,288.0,101.0,-188.0
327.0,,-177.0,-619.0,-120.0,-377.0,198.0,169.0,128.0,-215.0
299.0,,-242.0,-526.0,-80.0,-378.0,193.0,280.0,145.0,-235.0
274.0,,-291.0,-445.0,7.0,-338.0,197.0,-94.0,160.0,-253.0
232.0,,-324.0,-427.0,134.0,-295.0,196.0,301.0,179.0,-251.0
184.0,,-350.0,-387.0,269.0,-357.0,200.0,90.0,199.0,-273.0
155.0,,-382.0,-263.0,366.0,-388.0,216.0,195.0,227.0,-286.0
132.0,,-385.0,-214.0,386.0,-354.0,219.0,491.0,253.0,-308.0
61.0,,-372.0,-235.0,332.0,-357.0,215.0,373.0,261.0,-333.0
9.0,,-366.0,-249.0,235.0,-428.0,239.0,537.0,259.0,-349.0
-4.0,,-352.0,-217.0,128.0,-474.0,250.0,195.0,256.0,-354.0
-56.0,,-309.0,-142.0,38.0,-404.0,252.0,327.0,240.0,-335.0
-106.0,,-276.0,-100.0,-5.0,-392.0,288.0,136.0,212.0,-329.0
-131.0,,-269.0,-96.0,-7.0,-414.0,316.0,133.0,181.0,-293.0
-126.0,,-232.0,-107.0,4.0,-402.0,336.0,245.0,164.0,-227.0
-131.0,,-199.0,-67.0,19.0,-368.0,343.0,-127.0,158.0,-157.0
-155.0,,-173.0,19.0,18.0,-361.0,331.0,288.0,145.0,-82.0
-129.0,,-140.0,45.0,3.0,-423.0,316.0,57.0,116.0,18.0
-80.0,,-137.0,-23.0,-13.0,-453.0,302.0,116.0,87.0,138.0
-75.0,,-116.0,-79.0,-42.0,-402.0,317.0,136.0,70.0,216.0
-78.0,,-92.0,-98.0,-73.0,-341.0,336.0,42.0,46.0,266.0
-34.0,,-75.0,-160.0,-94.0,-419.0,327.0,408.0,14.0,298.0
23.0,,-67.0,-215.0,-93.0,-429.0,301.0,160.0,-21.0,309.0
59.0,,-47.0,-278.0,-82.0,-346.0,285.0,467.0,-58.0,310.0
64.0,,-17.0,-297.0,-76.0,-375.0,292.0,245.0,-105.0,276.0
120.0,,-9.0,-269.0,-72.0,-463.0,301.0,317.0,-159.0,242.0
203.0,,11.0,-249.0,-68.0,-470.0,317.0,382.0,-203.0,213.0
204.0,,26.0,-197.0,-51.0,-360.0,335.0,49.0,-228.0,146.0
194.0,,43.0,-153.0,-21.0,-294.0,345.0,389.0,-250.0,75.0
243.0,,69.0,-34.0,9.0,-320.0,347.0,0.0,-289.0,-9.0
295.0,,88.0,102.0,43.0,-363.0,344.0,212.0,-319.0,-89.0
290.0,,130.0,153.0,90.0,-317.0,362.0,118.0,-329.0,-156.0
257.0,,180.0,166.0,151.0,-279.0,361.0,14.0,-323.0,-221.0
248.0,,203.0,153.0,200.0,-308.0,375.0,232.0,-331.0,-275.0
301.0,,253.0,146.0,221.0,-348.0,392.0,-75.0,-361.0,-306.0
320.0,,302.0,145.0,204.0,-365.0,365.0,321.0,-363.0,-303.0
260.0,,334.0,145.0,145.0,-308.0,350.0,35.0,-352.0,-302.0
260.0,,399.0,147.0,77.0,-344.0,342.0,123.0,-338.0,-286.0
347.0,,435.0,152.0,15.0,-371.0,350.0,153.0,-310.0,-271.0
406.0,,488.0,152.0,-24.0,-306.0,358.0,-190.0,-276.0,-251.0
375.0,,532.0,183.0,-16.0,-272.0,350.0,48.0,-228.0,-239.0
366.0,,551.0,212.0,40.0,-295.0,350.0,-175.0,-183.0,-264.0
413.0,,582.0,202.0,112.0,-312.0,353.0,110.0,-168.0,-285.0
416.0,,582.0,226.0,183.0,-264.0,343.0,-60.0,-142.0,-334.0
375.0,,596.0,242.0,231.0,-283.0,333.0,-18.0,-105.0,-360.0
366.0,,584.0,176.0,245.0,-338.0,338.0,160.0,-98.0,-373.0
383.0,,558.0,81.0,246.0,-361.0,342.0,-171.0,-117.0,-366.0
382.0,,523.0,39.0,224.0,-319.0,330.0,120.0,-141.0,-301.0
361.0,,482.0,27.0,191.0,-288.0,295.0,-225.0,-161.0,-222.0
335.0,,453.0,-19.0,170.0,-377.0,296.0,-112.0,-190.0,-93.0
349.0,,390.0,-70.0,150.0,-405.0,309.0,-66.0,-227.0,67.0
370.0,,357.0,-91.0,137.0,-352.0,263.0,-219.0,-260.0,233.0
326.0,,331.0,-107.0,123.0,-311.0,230.0,-11.0,-267.0,399.0
283.0,,288.0,-144.0,101.0,-337.0,235.0,-408.0,-257.0,538.0
307.0,,269.0,-217.0,78.0,-371.0,258.0,-214.0,-239.0,637.0
326.0,,253.0,-298.0,49.0,-279.0,264.0,-487.0,-181.0,693.0
303.0,,249.0,-346.0,14.0,-216.0,242.0,-589.0,-119.0,722.0
295.0,,232.0,-373.0,-26.0,-255.0,233.0,-282.0,-77.0,725.0
347.0,,202.0,-394.0,-63.0,-265.0,231.0,-410.0,-49.0,695.0
396.0,,212.0,-415.0,-84.0,-210.0,207.0,-197.0,-54.0,657.0
383.0,,220.0,-478.0,-96.0,-139.0,185.0,-441.0,-74.0,617.0
380.0,,222.0,-504.0,-112.0,-144.0,194.0,-249.0,-111.0,578.0
434.0,,240.0,-444.0,-122.0,-221.0,184.0,-319.0,-166.0,534.0
468.0,,255.0,-343.0,-121.0,-205.0,165.0,-336.0,-202.0,487.0
472.0,,277.0,-266.0,-112.0,-116.0,138.0,-3.0,-216.0,467.0
493.0,,289.0,-236.0,-101.0,-106.0,112.0,-291.0,-216.0,427.0
528.0,,298.0,-152.0,-93.0,-128.0,129.0,55.0,-208.0,372.0
570.0,,297.0,-70.0,-92.0,-132.0,169.0,-253.0,-181.0,338.0
562.0,,307.0,23.0,-102.0,-98.0,216.0,-327.0,-108.0,297.0
559.0,,319.0,139.0,-120.0,-73.0,246.0,-251.0,-32.0,259.0
595.0,,323.0,242.0,-149.0,-116.0,265.0,-561.0,41.0,239.0
622.0,,337.0,329.0,-178.0,-98.0,278.0,-345.0,128.0,215.0
649.0,,330.0,300.0,-200.0,-20.0,277.0,-689.0,226.0,190.0
664.0,,339.0,242.0,-217.0,13.0,275.0,-386.0,322.0,181.0
688.0,,325.0,141.0,-221.0,37.0,238.0,-484.0,390.0,183.0
705.0,,314.0,-29.0,-206.0,52.0,180.0,-578.0,435.0,183.0
741.0,,329.0,-159.0,-169.0,23.0,163.0,-352.0,461.0,185.0
783.0,,324.0,-247.0,-121.0,17.0,153.0,-644.0,482.0,200.0
821.0,,329.0,-311.0,-68.0,12.0,130.0,-279.0,469.0,220.0
875.0,,345.0,-415.0,-28.0,-33.0,107.0,-450.0,448.0,254.0
894.0,,347.0,-515.0,-19.0,-16.0,121.0,-229.0,436.0,273.0
913.0,,341.0,-573.0,-32.0,-14.0,134.0,-271.0,428.0,268.0
937.0,,346.0,-616.0,-49.0,-34.0,144.0,-426.0,426.0,258.0
958.0,,328.0,-662.0,-58.0,-20.0,156.0,-162.0,399.0,225.0
936.0,,309.0,-692.0,-60.0,-30.0,112.0,-582.0,379.0,196.0
913.0,,283.0,-651.0,-56.0,-3.0,90.0,-142.0,348.0,177.0
945.0,,215.0,-574.0,-61.0,8.0,84.0,-264.0,298.0,154.0
949.0,,152.0,-466.0,-71.0,5.0,92.0,-306.0,229.0,159.0
928.0,,91.0,-356.0,-66.0,35.0,116.0,-109.0,167.0,192.0
903.0,,25.0,-271.0,-47.0,7.0,94.0,-417.0,118.0,217.0
873.0,,-41.0,-194.0,-28.0,-50.0,82.0,-225.0,60.0,250.0
839.0,,-101.0,-144.0,-31.0,-89.0,95.0,-528.0,20.0,284.0
821.0,,-159.0,-119.0,-40.0,-113.0,80.0,-284.0,-27.0,315.0
790.0,,-205.0,-169.0,-37.0,-110.0,68.0,-258.0,-47.0,362.0
721.0,,-270.0,-245.0,-21.0,-131.0,93.0,-290.0,-54.0,412.0
653.0,,-301.0,-261.0,4.0,-123.0,91.0,-14.0,-64.0,448.0
589.0,,-316.0,-261.0,24.0,-63.0,66.0,-328.0,-55.0,489.0
515.0,,-349.0,-271.0,28.0,-33.0,52.0,-179.0,-44.0,551.0
450.0,,-337.0,-287.0,20.0,-75.0,49.0,-447.0,-12.0,620.0
426.0,,-369.0,-239.0,11.0,-117.0,26.0,-279.0,22.0,701.0
404.0,,-364.0,-197.0,2.0,-95.0,9.0,-208.0,53.0,757.0
385.0,,-347.0,-235.0,-1.0,-98.0,23.0,-388.0,90.0,816.0
411.0,,-370.0,-250.0,0.0,-104.0,26.0,-99.0,133.0,853.0
440.0,,-347.0,-242.0,10.0,-116.0,25.0,-500.0,169.0,832.0
474.0,,-327.0,-219.0,35.0,-112.0,19.0,-279.0,205.0,809.0
524.0,,-307.0,-228.0,47.0,-60.0,45.0,-375.0,242.0,785.0
567.0,,-285.0,-295.0,26.0,-88.0,59.0,-323.0,278.0,751.0
613.0,,-239.0,-338.0,-9.0,-125.0,37.0,64.0,300.0,700.0
657.0,,-208.0,-387.0,-32.0,-101.0,42.0,-203.0,302.0,668.0
681.0,,-151.0,-428.0,-33.0,-76.0,31.0,107.0,298.0,644.0
675.0,,-89.0,-428.0,0.0,-58.0,-9.0,-110.0,271.0,625.0
684.0,,-63.0,-408.0,63.0,-95.0,-45.0,-99.0,237.0,593.0
700.0,,-3.0,-394.0,127.0,-125.0,-38.0,-136.0,194.0,541.0
678.0,,40.0,-380.0,191.0,-75.0,-51.0,-371.0,155.0,514.0
642.0,,69.0,-330.0,244.0,-100.0,-90.0,-51.0,124.0,474.0
619.0,,111.0,-272.0,282.0,-198.0,-96.0,-317.0,79.0,423.0
585.0,,161.0,-198.0,312.0,-223.0,-88.0,-121.0,36.0,370.0
518.0,,192.0,-117.0,316.0,-196.0,-73.0,-229.0,0.0,318.0
463.0,,232.0,-97.0,284.0,-175.0,-82.0,-253.0,-21.0,292.0
423.0,,268.0,-121.0,224.0,-195.0,-70.0,-133.0,-52.0,278.0
363.0,,271.0,-102.0,157.0,-198.0,-42.0,-452.0,-81.0,265.0
295.0,,287.0,-46.0,84.0,-162.0,-67.0,-169.0,-101.0,282.0
227.0,,277.0,16.0,4.0,-125.0,-110.0,-469.0,-124.0,323.0
183.0,,241.0,85.0,-72.0,-136.0,-128.0,-321.0,-133.0,368.0
148.0,,213.0,86.0,-162.0,-149.0,-137.0,-341.0,-139.0,434.0
108.0,,184.0,34.0,-246.0,-70.0,-176.0,-600.0,-132.0,505.0
70.0,,126.0,10.0,-296.0,-76.0,-222.0,-412.0,-124.0,582.0
40.0,,77.0,5.0,-308.0,-150.0,-247.0,-853.0,-128.0,661.0
20.0,,46.0,-6.0,-270.0,-178.0,-268.0,-567.0,-128.0,718.0
0.0,,-14.0,-33.0,-200.0,-139.0,-276.0,-622.0,-125.0,767.0
1.0,,-48.0,-83.0,-120.0,-134.0,-265.0,-530.0,-111.0,822.0
6.0,,-93.0,-88.0,-35.0,-225.0,-274.0,-269.0,-90.0,863.0
19.0,,-132.0,-76.0,39.0,-183.0,-287.0,-495.0,-53.0,860.0
70.0,,-137.0,-109.0,88.0,-121.0,-292.0,-260.0,-2.0,850.0
97.0,,-175.0,-143.0,111.0,-98.0,-307.0,-558.0,43.0,844.0
99.0,,-175.0,-169.0,112.0,-104.0,-316.0,-343.0,89.0,800.0
131.0,,-168.0,-110.0,114.0,-148.0,-324.0,-482.0,123.0,741.0
175.0,,-165.0,-141.0,114.0,-91.0,-336.0,-696.0,144.0,671.0
182.0,,-141.0,-239.0,90.0,-35.0,-352.0,-598.0,142.0,607.0
173.0,,-150.0,-237.0,42.0,-21.0,-356.0,-1051.0,115.0,563.0
214.0,,-125.0,-254.0,-11.0,-7.0,-367.0,-801.0,75.0,529.0
273.0,,-118.0,-247.0,-46.0,46.0,-355.0,-1058.0,29.0,525.0
278.0,,-98.0,-290.0,-60.0,98.0,-321.0,-923.0,-31.0,521.0
285.0,,-64.0,-298.0,-56.0,104.0,-325.0,-788.0,-80.0,516.0
353.0,,-63.0,-262.0,-56.0,80.0,-313.0,-975.0,-126.0,508.0
423.0,,-27.0,-301.0,-60.0,123.0,-271.0,-624.0,-192.0,493.0
477.0,,-39.0,-326.0,-65.0,202.0,-258.0,-918.0,-242.0,483.0
518.0,,-51.0,-390.0,-74.0,184.0,-255.0,-702.0,-282.0,470.0
574.0,,-57.0,-383.0,-87.0,184.0,-226.0,-883.0,-338.0,455.0
637.0,,-69.0,-337.0,-95.0,202.0,-196.0,-934.0,-399.0,448.0
656.0,,-94.0,-318.0,-79.0,252.0,-207.0,-755.0,-450.0,453.0
643.0,,-123.0,-318.0,-57.0,319.0,-236.0,-1079.0,-496.0,444.0
638.0,,-130.0,-404.0,-44.0,351.0,-251.0,-776.0,-530.0,405.0
669.0,,-177.0,-462.0,-47.0,375.0,-283.0,-1055.0,-533.0,343.0
663.0,,-194.0,-512.0,-44.0,395.0,-310.0,-934.0,-520.0,285.0
617.0,,-232.0,-588.0,-16.0,408.0,-335.0,-951.0,-469.0,227.0
604.0,,-270.0,-605.0,19.0,357.0,-361.0,-1127.0,-383.0,145.0
614.0,,-288.0,-581.0,55.0,352.0,-373.0,-792.0,-296.0,53.0
592.0,,-336.0,-529.0,63.0,381.0,-393.0,-1045.0,-169.0,-34.0
541.0,,-355.0,-446.0,55.0,330.0,-381.0,-776.0,-37.0,-114.0
534.0,,-394.0,-401.0,41.0,270.0,-375.0,-968.0,73.0,-196.0
550.0,,-431.0,-440.0,26.0,298.0,-392.0,-1023.0,186.0,-246.0
517.0,,-453.0,-431.0,7.0,381.0,-375.0,-933.0,289.0,-288.0
454.0,,-496.0,-301.0,-31.0,377.0,-368.0,-1234.0,371.0,-325.0
427.0,,-511.0,-171.0,-81.0,328.0,-414.0,-914.0,418.0,-325.0
424.0,,-519.0,-110.0,-133.0,325.0,-433.0,-1136.0,456.0,-330.0
369.0,,-513.0,-151.0,-165.0,365.0,-417.0,-920.0,481.0,-331.0
280.0,,-499.0,-175.0,-170.0,412.0,-434.0,-946.0,475.0,-314.0
243.0,,-486.0,-83.0,-153.0,393.0,-456.0,-1069.0,467.0,-294.0
259.0,,-451.0,-6.0,-113.0,379.0,-471.0,-816.0,457.0,-281.0
224.0,,-424.0,57.0,-54.0,399.0,-472.0,-1180.0,437.0,-289.0
158.0,,-408.0,138.0,12.0,349.0,-499.0,-907.0,395.0,-275.0
173.0,,-386.0,210.0,62.0,288.0,-530.0,-1043.0,344.0,-215.0
242.0,,-375.0,252.0,89.0,300.0,-532.0,-914.0,300.0,-183.0
279.0,,-374.0,232.0,99.0,348.0,-582.0,-726.0,262.0,-147.0
264.0,,-355.0,156.0,108.0,334.0,-634.0,-942.0,230.0,-67.0
263.0,,-362.0,142.0,141.0,300.0,-641.0,-659.0,206.0,-12.0
315.0,,-338.0,209.0,198.0,306.0,-632.0,-1031.0,188.0,9.0
371.0,,-293.0,223.0,243.0,340.0,-643.0,-892.0,171.0,33.0
370.0,,-274.0,210.0,241.0,370.0,-657.0,-973.0,160.0,63.0
342.0,,-213.0,155.0,208.0,301.0,-663.0,-1055.0,134.0,83.0
376.0,,-178.0,62.0,188.0,244.0,-684.0,-798.0,101.0,140.0
411.0,,-132.0,-26.0,179.0,269.0,-716.0,-1060.0,80.0,193.0
396.0,,-74.0,-67.0,163.0,257.0,-701.0,-750.0,56.0,230.0
385.0,,-57.0,-30.0,139.0,200.0,-653.0,-1012.0,32.0,281.0
407.0,,-17.0,-31.0,122.0,189.0,-640.0,-968.0,7.0,289.0
435.0,,16.0,-43.0,116.0,216.0,-614.0,-901.0,-24.0,272.0
398.0,,11.0,-13.0,103.0,251.0,-620.0,-1091.0,-62.0,234.0
338.0,,19.0,25.0,73.0,245.0,-641.0,-733.0,-109.0,159.0
330.0,,14.0,-13.0,21.0,208.0,-613.0,-966.0,-161.0,81.0
331.0,,-13.0,10.0,-38.0,227.0,-599.0,-703.0,-213.0,-9.0
285.0,,-26.0,188.0,-76.0,231.0,-597.0,-844.0,-272.0,-125.0
216.0,,-57.0,280.0,-99.0,223.0,-604.0,-931.0,-310.0,-199.0
180.0,,-89.0,256.0,-125.0,201.0,-617.0,-729.0,-338.0,-233.0
177.0,,-105.0,156.0,-154.0,227.0,-609.0,-1012.0,-363.0,-277.0
154.0,,-125.0,101.0,-162.0,279.0,-606.0,-711.0,-392.0,-275.0
107.0,,-150.0,59.0,-131.0,236.0,-627.0,-1029.0,-416.0,-214.0
100.0,,-134.0,-19.0,-66.0,215.0,-637.0,-916.0,-403.0,-155.0
111.0,,-114.0,-13.0,10.0,245.0,-649.0,-831.0,-385.0,-107.0
90.0,,-96.0,-56.0,67.0,261.0,-673.0,-990.0,-372.0,-45.0
59.0,,-47.0,-86.0,87.0,229.0,-682.0,-713.0,-360.0,13.0
44.0,,2.0,-100.0,63.0,185.0,-673.0,-1045.0,-326.0,33.0
38.0,,77.0,-191.0,11.0,183.0,-660.0,-792.0,-292.0,44.0
34.0,,135.0,-206.0,-35.0,192.0,-668.0,-933.0,-287.0,52.0
6.0,,204.0,-199.0,-68.0,191.0,-669.0,-936.0,-277.0,45.0
-16.0,,272.0,-197.0,-73.0,189.0,-688.0,-827.0,-272.0,36.0
12.0,,318.0,-172.0,-49.0,250.0,-701.0,-1132.0,-277.0,22.0
23.0,,386.0,-122.0,-18.0,308.0,-685.0,-803.0,-286.0,3.0
-3.0,,425.0,-52.0,6.0,300.0,-671.0,-1051.0,-282.0,-20.0
-25.0,,460.0,-65.0,24.0,315.0,-658.0,-812.0,-283.0,0.0
-41.0,,493.0,-83.0,50.0,351.0,-646.0,-768.0,-278.0,35.0
-51.0,,491.0,-110.0,80.0,364.0,-646.0,-944.0,-258.0,61.0
-64.0,,467.0,-206.0,79.0,346.0,-646.0,-766.0,-244.0,124.0
-72.0,,462.0,-233.0,43.0,312.0,-615.0,-1104.0,-219.0,172.0
-56.0,,433.0,-279.0,-9.0,267.0,-614.0,-820.0,-207.0,213.0
-24.0,,411.0,-372.0,-66.0,235.0,-657.0,-1001.0,-195.0,224.0
-21.0,,380.0,-424.0,-114.0,223.0,-679.0,-940.0,-166.0,194.0
-24.0,,325.0,-397.0,-146.0,177.0,-685.0,-788.0,-137.0,174.0
-16.0,,287.0,-297.0,-163.0,161.0,-704.0,-1029.0,-107.0,141.0
-40.0,,225.0,-329.0,-156.0,173.0,-715.0,-772.0,-79.0,116.0
-96.0,,178.0,-415.0,-130.0,170.0,-716.0,-1095.0,-47.0,74.0
-156.0,,125.0,-453.0,-112.0,127.0,-723.0,-877.0,-18.0,23.0
-211.0,,85.0,-459.0,-101.0,64.0,-715.0,-912.0,26.0,8.0
-247.0,,35.0,-397.0,-92.0,78.0,-709.0,-979.0,72.0,-4.0
-279.0,,-12.0,-381.0,-101.0,89.0,-718.0,-742.0,97.0,9.0
-321.0,,-23.0,-366.0,-123.0,35.0,-730.0,-1069.0,101.0,31.0
-329.0,,-38.0,-294.0,-152.0,3.0,-725.0,-809.0,100.0,69.0
-338.0,,-29.0,-253.0,-191.0,41.0,-725.0,-1112.0,99.0,142.0
-385.0,,-17.0,-240.0,-218.0,43.0,-723.0,-1140.0,92.0,194.0
-428.0,,-19.0,-62.0,-216.0,10.0,-712.0,-1114.0,93.0,232.0
-471.0,,-22.0,62.0,-186.0,13.0,-714.0,-1250.0,89.0,257.0
-504.0,,-4.0,26.0,-130.0,68.0,-724.0,-818.0,91.0,261.0
-537.0,,-28.0,92.0,-61.0,118.0,-735.0,-1016.0,99.0,255.0
-557.0,,-31.0,113.0,2.0,50.0,-721.0,-715.0,96.0,226.0
-537.0,,-7.0,132.0,56.0,-6.0,-685.0,-829.0,107.0,189.0
-510.0,,-49.0,121.0,95.0,32.0,-657.0,-958.0,108.0,149.0
-479.0,,-48.0,117.0,135.0,56.0,-676.0,-814.0,96.0,77.0
-424.0,,-47.0,161.0,194.0,12.0,-671.0,-1149.0,99.0,-17.0
-353.0,,-87.0,-27.0,244.0,-22.0,-657.0,-901.0,92.0,-115.0
-302.0,,-106.0,-152.0,258.0,-12.0,-668.0,-1184.0,76.0,-229.0
-256.0,,-128.0,-132.0,222.0,-16.0,-663.0,-1053.0,58.0,-329.0
-194.0,,-145.0,-222.0,137.0,-21.0,-653.0,-1023.0,38.0,-400.0
-125.0,,-140.0,-309.0,47.0,-39.0,-622.0,-1169.0,3.0,-464.0
-67.0,,-149.0,-260.0,0.0,12.0,-599.0,-825.0,-25.0,-527.0
-45.0,,-123.0,-250.0,-36.0,116.0,-578.0,-1164.0,-20.0,-572.0
-5.0,,-88.0,-453.0,-79.0,100.0,-525.0,-873.0,3.0,-597.0
56.0,,-68.0,-447.0,-100.0,46.0,-465.0,-964.0,39.0,-611.0
107.0,,-27.0,-143.0,-117.0,72.0,-438.0,-931.0,74.0,-612.0
144.0,,-11.0,54.0,-139.0,97.0,-397.0,-668.0,104.0,-595.0
157.0,,10.0,152.0,-163.0,81.0,-380.0,-931.0,129.0,-573.0
196.0,,32.0,151.0,-187.0,66.0,-397.0,-644.0,163.0,-564.0
245.0,,46.0,155.0,-213.0,93.0,-356.0,-994.0,205.0,-575.0
274.0,,62.0,282.0,-234.0,167.0,-335.0,-885.0,228.0,-612.0
278.0,,91.0,343.0,-236.0,138.0,-354.0,-866.0,250.0,-654.0
283.0,,132.0,278.0,-200.0,60.0,-383.0,-1016.0,279.0,-708.0
328.0,,168.0,240.0,-121.0,109.0,-367.0,-752.0,305.0,-776.0
342.0,,217.0,301.0,-22.0,184.0,-352.0,-1106.0,321.0,-831.0
342.0,,246.0,268.0,77.0,200.0,-355.0,-831.0,321.0,-882.0
346.0,,285.0,117.0,157.0,168.0,-315.0,-964.0,323.0,-934.0
351.0,,315.0,-31.0,214.0,148.0,-282.0,-899.0,337.0,-987.0
369.0,,325.0,-12.0,266.0,201.0,-285.0,-744.0,340.0,-1032.0
358.0,,344.0,103.0,313.0,254.0,-320.0,-997.0,318.0,-1063.0
352.0,,338.0,152.0,335.0,211.0,-343.0,-724.0,320.0,-1082.0
318.0,,322.0,227.0,318.0,201.0,-355.0,-1062.0,337.0,-1070.0
270.0,,306.0,156.0,266.0,250.0,-373.0,-881.0,327.0,-1042.0
244.0,,272.0,26.0,205.0,223.0,-380.0,-962.0,302.0,-1013.0
197.0,,236.0,34.0,150.0,175.0,-372.0,-1049.0,272.0,-939.0
135.0,,224.0,156.0,97.0,147.0,-363.0,-759.0,255.0,-846.0
71.0,,186.0,332.0,65.0,197.0,-363.0,-1023.0,226.0,-751.0
7.0,,143.0,324.0,57.0,224.0,-349.0,-681.0,178.0,-632.0
-68.0,,146.0,216.0,74.0,183.0,-324.0,-877.0,157.0,-531.0
-128.0,,134.0,160.0,103.0,166.0,-302.0,-783.0,157.0,-441.0
-190.0,,126.0,249.0,129.0,148.0,-257.0,-694.0,156.0,-350.0
-258.0,,157.0,422.0,145.0,225.0,-227.0,-909.0,155.0,-267.0
-297.0,,154.0,374.0,135.0,214.0,-221.0,-639.0,167.0,-201.0
-321.0,,166.0,206.0,120.0,144.0,-194.0,-946.0,203.0,-156.0
-356.0,,179.0,75.0,99.0,194.0,-167.0,-674.0,226.0,-107.0
-381.0,,179.0,-50.0,93.0,190.0,-134.0,-776.0,241.0,-95.0
-357.0,,189.0,-143.0,112.0,169.0,-134.0,-831.0,257.0,-127.0
-349.0,,187.0,-246.0,129.0,158.0,-130.0,-641.0,268.0,-179.0
-348.0,,197.0,-418.0,128.0,154.0,-85.0,-918.0,276.0,-266.0
-320.0,,188.0,-485.0,111.0,154.0,-57.0,-533.0,257.0,-347.0
-285.0,,204.0,-476.0,90.0,150.0,-7.0,-713.0,237.0,-417.0
-242.0,,208.0,-512.0,69.0,104.0,35.0,-539.0,217.0,-471.0
-221.0,,210.0,-449.0,60.0,56.0,51.0,-495.0,195.0,-485.0
-200.0,,215.0,-334.0,52.0,94.0,70.0,-667.0,161.0,-492.0
-186.0,,203.0,-273.0,37.0,70.0,98.0,-399.0,112.0,-507.0
-155.0,,229.0,-229.0,17.0,59.0,126.0,-772.0,79.0,-510.0
-128.0,,219.0,-74.0,7.0,50.0,104.0,-548.0,45.0,-506.0
-147.0,,215.0,131.0,12.0,-18.0,92.0,-674.0,38.0,-494.0
-135.0,,215.0,171.0,20.0,-24.0,97.0,-604.0,50.0,-497.0
-102.0,,201.0,165.0,34.0,-47.0,74.0,-360.0,58.0,-529.0
-99.0,,222.0,222.0,29.0,-39.0,60.0,-594.0,58.0,-545.0
-121.0,,210.0,144.0,5.0,6.0,60.0,-310.0,47.0,-556.0
-139.0,,211.0,-38.0,-26.0,16.0,69.0,-628.0,43.0,-584.0
-137.0,,235.0,-96.0,-54.0,33.0,72.0,-480.0,46.0,-608.0
-143.0,,221.0,-122.0,-86.0,54.0,104.0,-485.0,42.0,-611.0
-192.0,,228.0,-227.0,-140.0,104.0,129.0,-580.0,33.0,-579.0
-250.0,,229.0,-335.0,-184.0,112.0,115.0,-284.0,28.0,-539.0
-261.0,,223.0,-441.0,-193.0,70.0,111.0,-591.0,14.0,-508.0
-259.0,,207.0,-559.0,-171.0,83.0,137.0,-334.0,-15.0,-471.0
-281.0,,174.0,-538.0,-127.0,59.0,165.0,-543.0,-47.0,-407.0
-275.0,,167.0,-386.0,-60.0,-4.0,150.0,-491.0,-68.0,-349.0
-236.0,,142.0,-344.0,0.0,-49.0,166.0,-367.0,-74.0,-280.0
-210.0,,128.0,-410.0,20.0,-60.0,206.0,-631.0,-63.0,-195.0
-195.0,,117.0,-477.0,22.0,-13.0,199.0,-297.0,-48.0,-130.0
-174.0,,123.0,-498.0,14.0,0.0,188.0,-524.0,-30.0,-57.0
-142.0,,140.0,-387.0,2.0,-21.0,210.0,-240.0,1.0,-11.0
-119.0,,144.0,-255.0,-11.0,-32.0,240.0,-253.0,33.0,14.0
-99.0,,161.0,-272.0,-19.0,-18.0,250.0,-349.0,45.0,32.0
-103.0,,174.0,-347.0,-21.0,-50.0,244.0,-103.0,49.0,2.0
-105.0,,205.0,-329.0,-10.0,-149.0,254.0,-378.0,46.0,-33.0
-79.0,,206.0,-259.0,21.0,-156.0,280.0,-42.0,34.0,-78.0
-70.0,,215.0,-228.0,57.0,-94.0,317.0,-234.0,19.0,-145.0
-68.0,,241.0,-229.0,98.0,-39.0,352.0,-96.0,-10.0,-219.0
-70.0,,250.0,-235.0,120.0,15.0,351.0,29.0,-28.0,-312.0
-81.0,,267.0,-175.0,97.0,27.0,350.0,-195.0,-34.0,-405.0
-124.0,,257.0,-42.0,40.0,61.0,347.0,97.0,-48.0,-475.0
-158.0,,271.0,86.0,-24.0,125.0,349.0,-225.0,-29.0,-533.0
-140.0,,273.0,117.0,-63.0,137.0,395.0,12.0,18.0,-553.0
-141.0,,263.0,9.0,-50.0,118.0,426.0,-81.0,74.0,-522.0
-169.0,,288.0,61.0,-1.0,76.0,422.0,-112.0,138.0,-447.0
-178.0,,264.0,363.0,49.0,43.0,423.0,145.0,201.0,-343.0
-142.0,,282.0,568.0,74.0,7.0,437.0,-96.0,262.0,-233.0
-147.0,,284.0,489.0,55.0,-44.0,447.0,291.0,326.0,-97.0
-193.0,,257.0,242.0,11.0,-37.0,439.0,66.0,363.0,27.0
-212.0,,299.0,55.0,-36.0,-8.0,425.0,206.0,378.0,107.0
-203.0,,299.0,96.0,-52.0,11.0,414.0,262.0,393.0,165.0
-186.0,,319.0,290.0,-15.0,29.0,422.0,49.0,401.0,179.0
-210.0,,323.0,294.0,45.0,85.0,434.0,341.0,400.0,163.0
-213.0,,314.0,90.0,103.0,112.0,420.0,29.0,387.0,148.0
-174.0,,337.0,-84.0,139.0,89.0,398.0,314.0,392.0,126.0
-143.0,,323.0,-197.0,135.0,84.0,381.0,175.0,384.0,115.0
-121.0,,319.0,-191.0,83.0,27.0,378.0,101.0,358.0,113.0
-80.0,,306.0,-97.0,1.0,48.0,373.0,251.0,331.0,119.0
-16.0,,303.0,-45.0,-62.0,66.0,349.0,-27.0,289.0,132.0
42.0,,279.0,-145.0,-70.0,39.0,350.0,328.0,243.0,117.0
100.0,,256.0,-313.0,-55.0,88.0,375.0,118.0,196.0,103.0
172.0,,232.0,-302.0,-46.0,104.0,373.0,301.0,162.0,91.0
241.0,,202.0,-158.0,-31.0,125.0,373.0,327.0,133.0,48.0
279.0,,196.0,-63.0,-13.0,135.0,399.0,195.0,107.0,-18.0
316.0,,172.0,12.0,-1.0,150.0,440.0,463.0,82.0,-89.0
337.0,,166.0,27.0,3.0,198.0,452.0,64.0,47.0,-161.0
355.0,,156.0,51.0,11.0,236.0,472.0,247.0,19.0,-237.0
376.0,,152.0,166.0,43.0,240.0,526.0,29.0,-20.0,-306.0
355.0,,137.0,186.0,79.0,246.0,545.0,25.0,-76.0,-363.0
340.0,,135.0,198.0,90.0,298.0,540.0,168.0,-150.0,-358.0
346.0,,134.0,162.0,73.0,323.0,512.0,-73.0,-214.0,-317.0
351.0,,119.0,201.0,48.0,326.0,524.0,267.0,-266.0,-304.0
331.0,,117.0,408.0,29.0,314.0,558.0,11.0,-321.0,-252.0
333.0,,113.0,466.0,30.0,345.0,548.0,288.0,-364.0,-202.0
360.0,,101.0,343.0,49.0,333.0,534.0,312.0,-397.0,-164.0
323.0,,112.0,138.0,75.0,300.0,514.0,210.0,-413.0,-127.0
274.0,,117.0,110.0,99.0,344.0,525.0,450.0,-423.0,-123.0
244.0,,110.0,147.0,120.0,371.0,558.0,107.0,-427.0,-109.0
233.0,,161.0,143.0,147.0,426.0,609.0,423.0,-420.0,-107.0
217.0,,175.0,86.0,171.0,437.0,637.0,225.0,-390.0,-127.0
138.0,,214.0,-163.0,177.0,438.0,631.0,284.0,-353.0,-172.0
79.0,,241.0,-277.0,167.0,502.0,642.0,362.0,-320.0,-231.0
87.0,,271.0,-236.0,158.0,534.0,645.0,120.0,-275.0,-288.0
81.0,,323.0,-157.0,140.0,518.0,651.0,421.0,-233.0,-352.0
37.0,,303.0,-110.0,90.0,523.0,644.0,97.0,-201.0,-415.0
8.0,,325.0,-197.0,26.0,561.0,609.0,284.0,-185.0,-452.0
28.0,,298.0,-227.0,-9.0,551.0,586.0,157.0,-184.0,-482.0
50.0,,290.0,-104.0,12.0,560.0,581.0,110.0,-183.0,-534.0
31.0,,276.0,-59.0,82.0,590.0,602.0,354.0,-181.0,-584.0
14.0,,238.0,-33.0,126.0,603.0,636.0,144.0,-167.0,-624.0
22.0,,248.0,41.0,93.0,590.0,629.0,578.0,-154.0,-665.0
36.0,,222.0,-17.0,5.0,569.0,610.0,376.0,-126.0,-710.0
37.0,,229.0,149.0,-88.0,617.0,595.0,480.0,-84.0,-735.0
12.0,,225.0,352.0,-148.0,651.0,570.0,508.0,-47.0,-735.0
19.0,,236.0,244.0,-173.0,662.0,556.0,299.0,-8.0,-731.0
30.0,,246.0,27.0,-160.0,701.0,546.0,582.0,40.0,-716.0
6.0,,211.0,-244.0,-103.0,720.0,550.0,282.0,86.0,-691.0
-15.0,,215.0,-287.0,-10.0,734.0,535.0,528.0,106.0,-659.0
-10.0,,191.0,-173.0,100.0,761.0,526.0,330.0,106.0,-601.0
31.0,,153.0,-181.0,198.0,730.0,551.0,249.0,83.0,-539.0
25.0,,150.0,-305.0,262.0,668.0,544.0,402.0,42.0,-492.0
0.0,,141.0,-523.0,279.0,651.0,541.0,157.0,3.0,-437.0
39.0,,149.0,-610.0,259.0,614.0,583.0,545.0,-28.0,-390.0
105.0,,161.0,-479.0,201.0,542.0,632.0,352.0,-52.0,-334.0
121.0,,158.0,-327.0,94.0,510.0,674.0,541.0,-63.0,-283.0
97.0,,168.0,-350.0,-21.0,527.0,700.0,548.0,-57.0,-251.0
128.0,,182.0,-498.0,-100.0,565.0,704.0,424.0,-34.0,-219.0
175.0,,212.0,-618.0,-137.0,550.0,674.0,716.0,5.0,-180.0
178.0,,228.0,-722.0,-154.0,496.0,635.0,460.0,58.0,-165.0
144.0,,237.0,-747.0,-162.0,496.0,621.0,820.0,128.0,-176.0
134.0,,258.0,-658.0,-167.0,523.0,603.0,685.0,202.0,-170.0
147.0,,273.0,-608.0,-160.0,520.0,581.0,724.0,272.0,-195.0
105.0,,284.0,-576.0,-129.0,440.0,556.0,833.0,314.0,-210.0
46.0,,283.0,-484.0,-98.0,413.0,529.0,556.0,327.0,-192.0
4.0,,291.0,-455.0,-84.0,446.0,539.0,916.0,327.0,-173.0
-39.0,,275.0,-437.0,-66.0,423.0,551.0,646.0,282.0,-121.0
-101.0,,256.0,-335.0,-19.0,398.0,550.0,807.0,220.0,-59.0
-153.0,,237.0,-224.0,43.0,352.0,558.0,746.0,146.0,20.0
-181.0,,198.0,-106.0,100.0,350.0,558.0,630.0,40.0,115.0
-204.0,,172.0,-97.0,142.0,354.0,560.0,873.0,-66.0,218.0
-220.0,,140.0,-189.0,150.0,272.0,554.0,535.0,-172.0,310.0
-244.0,,100.0,-273.0,122.0,234.0,562.0,827.0,-273.0,361.0
-271.0,,66.0,-373.0,93.0,224.0,571.0,646.0,-343.0,416.0
-255.0,,57.0,-388.0,69.0,187.0,531.0,709.0,-378.0,465.0
-222.0,,26.0,-333.0,39.0,137.0,465.0,777.0,-389.0,513.0
-215.0,,-19.0,-276.0,7.0,82.0,406.0,517.0,-383.0,565.0
-224.0,,-21.0,-314.0,-2.0,89.0,379.0,838.0,-373.0,598.0
-203.0,,-34.0,-397.0,18.0,138.0,347.0,533.0,-340.0,614.0
-160.0,,-63.0,-371.0,55.0,121.0,333.0,707.0,-300.0,623.0
-183.0,,-60.0,-256.0,90.0,85.0,348.0,648.0,-278.0,613.0
-231.0,,-63.0,-191.0,98.0,143.0,343.0,618.0,-247.0,583.0
-225.0,,-83.0,-221.0,69.0,192.0,350.0,875.0,-215.0,536.0
-207.0,,-96.0,-222.0,17.0,129.0,384.0,637.0,-169.0,482.0
-242.0,,-99.0,-217.0,-25.0,68.0,391.0,988.0,-109.0,432.0
-296.0,,-116.0,-194.0,-39.0,85.0,332.0,774.0,-46.0,381.0
-302.0,,-120.0,-172.0,-48.0,118.0,265.0,837.0,20.0,325.0
-307.0,,-102.0,-122.0,-69.0,41.0,252.0,862.0,76.0,280.0
-333.0,,-124.0,-76.0,-100.0,-70.0,273.0,635.0,126.0,275.0
-351.0,,-112.0,-62.0,-126.0,-76.0,271.0,1018.0,166.0,262.0
-347.0,,-76.0,1.0,-117.0,-36.0,253.0,849.0,203.0,261.0
-350.0,,-81.0,-17.0,-78.0,-45.0,264.0,1101.0,262.0,281.0
-348.0,,-39.0,-37.0,-23.0,-91.0,302.0,960.0,331.0,309.0
-319.0,,-10.0,-35.0,50.0,-66.0,353.0,825.0,393.0,349.0
-298.0,,13.0,12.0,111.0,-14.0,384.0,936.0,447.0,373.0
-262.0,,58.0,149.0,134.0,13.0,389.0,683.0,493.0,395.0
-200.0,,66.0,179.0,111.0,-16.0,378.0,1090.0,521.0,391.0
-109.0,,80.0,172.0,79.0,-21.0,345.0,925.0,540.0,398.0
-48.0,,114.0,204.0,67.0,67.0,331.0,1079.0,544.0,412.0
-24.0,,99.0,230.0,53.0,60.0,317.0,1108.0,529.0,411.0
14.0,,75.0,296.0,35.0,28.0,299.0,899.0,511.0,429.0
79.0,,79.0,327.0,9.0,28.0,295.0,1175.0,467.0,437.0
143.0,,15.0,225.0,-17.0,48.0,280.0,866.0,417.0,464.0
146.0,,-27.0,153.0,-26.0,73.0,271.0,1125.0,373.0,462.0
160.0,,-64.0,134.0,2.0,-11.0,246.0,1014.0,322.0,407.0
199.0,,-130.0,83.0,63.0,-37.0,225.0,1001.0,262.0,353.0
236.0,,-160.0,25.0,130.0,18.0,208.0,1149.0,196.0,274.0
248.0,,-223.0,-60.0,167.0,34.0,171.0,868.0,142.0,166.0
243.0,,-262.0,-144.0,153.0,29.0,130.0,1138.0,104.0,75.0
280.0,,-285.0,-160.0,107.0,-9.0,101.0,835.0,58.0,0.0
296.0,,-316.0,-38.0,45.0,-4.0,101.0,1040.0,4.0,-71.0
300.0,,-312.0,152.0,-8.0,14.0,86.0,1088.0,-29.0,-93.0
286.0,,-303.0,165.0,-48.0,-14.0,71.0,986.0,-70.0,-61.0
281.0,,-276.0,62.0,-59.0,-29.0,62.0,1263.0,-111.0,16.0
296.0,,-232.0,124.0,-20.0,-58.0,54.0,912.0,-147.0,124.0
285.0,,-192.0,286.0,29.0,-77.0,68.0,1143.0,-187.0,291.0
289.0,,-145.0,346.0,70.0,-96.0,88.0,912.0,-195.0,503.0
292.0,,-90.0,304.0,87.0,-125.0,132.0,951.0,-216.0,717.0
275.0,,-26.0,239.0,70.0,-88.0,190.0,1128.0,-246.0,952.0
250.0,,26.0,124.0,35.0,-52.0,225.0,892.0,-278.0,1148.0
225.0,,62.0,50.0,-8.0,-54.0,236.0,1193.0,-313.0,1305.0
192.0,,92.0,54.0,-58.0,-32.0,244.0,870.0,-341.0,1422.0
155.0,,100.0,-40.0,-88.0,33.0,277.0,1062.0,-370.0,1461.0
122.0,,111.0,-199.0,-73.0,24.0,289.0,1031.0,-382.0,1466.0
82.0,,103.0,-305.0,-24.0,-49.0,252.0,940.0,-389.0,1413.0
54.0,,49.0,-301.0,33.0,-120.0,214.0,1204.0,-395.0,1282.0
31.0,,35.0,-237.0,84.0,-150.0,177.0,848.0,-394.0,1133.0
-3.0,,15.0,-258.0,112.0,-110.0,144.0,1103.0,-374.0,974.0
-30.0,,-63.0,-328.0,134.0,-141.0,131.0,875.0,-336.0,825.0
-29.0,,-97.0,-240.0,172.0,-159.0,140.0,929.0,-304.0,712.0
-43.0,,-127.0,-91.0,207.0,-121.0,132.0,1018.0,-261.0,602.0
-90.0,,-166.0,-49.0,226.0,-91.0,143.0,781.0,-216.0,508.0
-124.0,,-175.0,-42.0,230.0,-92.0,154.0,1108.0,-175.0,479.0
-122.0,,-203.0,-27.0,212.0,-145.0,145.0,801.0,-122.0,455.0
-131.0,,-180.0,-4.0,186.0,-152.0,181.0,1021.0,-80.0,419.0
-183.0,,-152.0,3.0,136.0,-147.0,183.0,879.0,-51.0,427.0
-212.0,,-138.0,77.0,53.0,-175.0,193.0,683.0,-31.0,434.0
-201.0,,-86.0,77.0,-37.0,-232.0,181.0,846.0,-35.0,430.0
-212.0,,-45.0,-39.0,-121.0,-228.0,171.0,532.0,-63.0,416.0
-261.0,,-3.0,-69.0,-186.0,-242.0,211.0,866.0,-100.0,392.0
-330.0,,39.0,-108.0,-239.0,-282.0,186.0,652.0,-134.0,369.0
-342.0,,80.0,-182.0,-266.0,-279.0,158.0,796.0,-166.0,331.0
-342.0,,125.0,-198.0,-251.0,-349.0,151.0,905.0,-202.0,290.0
-416.0,,155.0,-194.0,-208.0,-343.0,127.0,683.0,-229.0,259.0
-477.0,,170.0,-235.0,-152.0,-310.0,123.0,962.0,-245.0,245.0
-481.0,,171.0,-281.0,-116.0,-336.0,165.0,624.0,-255.0,234.0
-474.0,,173.0,-200.0,-118.0,-358.0,159.0,837.0,-269.0,226.0
-521.0,,143.0,-40.0,-141.0,-390.0,110.0,700.0,-294.0,227.0
-577.0,,115.0,-44.0,-169.0,-402.0,109.0,633.0,-303.0,232.0
-547.0,,94.0,-61.0,-186.0,-413.0,114.0,787.0,-296.0,248.0
-485.0,,51.0,39.0,-182.0,-382.0,92.0,404.0,-296.0,280.0
-477.0,,28.0,112.0,-164.0,-360.0,84.0,582.0,-289.0,301.0
-496.0,,-40.0,166.0,-147.0,-384.0,91.0,232.0,-248.0,333.0
-476.0,,-96.0,79.0,-138.0,-437.0,68.0,395.0,-213.0,365.0
-442.0,,-128.0,-45.0,-121.0,-461.0,56.0,513.0,-165.0,363.0
-458.0,,-202.0,-99.0,-89.0,-429.0,86.0,437.0,-105.0,370.0
-502.0,,-229.0,-99.0,-46.0,-421.0,123.0,833.0,-66.0,361.0
-506.0,,-272.0,-5.0,-2.0,-452.0,112.0,582.0,-34.0,356.0
-481.0,,-306.0,-65.0,20.0,-457.0,116.0,846.0,-3.0,348.0
-502.0,,-306.0,-144.0,18.0,-380.0,168.0,641.0,18.0,316.0
-551.0,,-332.0,-37.0,-10.0,-348.0,205.0,594.0,32.0,283.0
-553.0,,-333.0,80.0,-41.0,-393.0,235.0,711.0,56.0,227.0
-507.0,,-322.0,145.0,-51.0,-400.0,257.0,380.0,75.0,175.0
-497.0,,-313.0,130.0,-33.0,-337.0,271.0,644.0,92.0,122.0
-507.0,,-298.0,115.0,6.0,-277.0,246.0,338.0,114.0,78.0
-463.0,,-285.0,229.0,48.0,-319.0,225.0,491.0,137.0,72.0
-412.0,,-264.0,414.0,63.0,-389.0,201.0,428.0,164.0,111.0
-385.0,,-256.0,463.0,34.0,-384.0,186.0,254.0,183.0,188.0
-375.0,,-270.0,386.0,-12.0,-352.0,201.0,445.0,206.0,293.0
-356.0,,-287.0,400.0,-62.0,-393.0,169.0,107.0,240.0,418.0
-304.0,,-320.0,487.0,-116.0,-412.0,161.0,424.0,266.0,503.0
-281.0,,-370.0,626.0,-170.0,-323.0,152.0,279.0,258.0,587.0
-301.0,,-427.0,817.0,-218.0,-308.0,129.0,421.0,231.0,628.0
-278.0,,-493.0,828.0,-252.0,-384.0,148.0,596.0,195.0,598.0
-195.0,,-526.0,633.0,-260.0,-431.0,175.0,413.0,143.0,579.0
-157.0,,-559.0,560.0,-249.0,-415.0,193.0,720.0,107.0,505.0
-154.0,,-597.0,737.0,-241.0,-367.0,204.0,376.0,72.0,403.0
-131.0,,-613.0,942.0,-237.0,-394.0,176.0,548.0,37.0,314.0
-117.0,,-620.0,891.0,-208.0,-467.0,141.0,426.0,-6.0,228.0
-116.0,,-613.0,618.0,-139.0,-443.0,159.0,301.0,-44.0,150.0
-123.0,,-609.0,462.0,-49.0,-377.0,160.0,430.0,-63.0,98.0
-106.0,,-605.0,532.0,38.0,-385.0,148.0,59.0,-88.0,84.0
-121.0,,-585.0,578.0,128.0,-390.0,152.0,332.0,-88.0,90.0
-152.0,,-570.0,441.0,220.0,-375.0,170.0,83.0,-72.0,143.0
-159.0,,-529.0,248.0,291.0,-373.0,182.0,199.0,-54.0,218.0
-188.0,,-489.0,124.0,331.0,-410.0,149.0,258.0,-28.0,312.0
-221.0,,-450.0,96.0,351.0,-462.0,143.0,73.0,-13.0,434.0
-280.0,,-381.0,107.0,357.0,-425.0,172.0,428.0,-16.0,568.0
-318.0,,-343.0,159.0,349.0,-398.0,179.0,197.0,-39.0,682.0
-335.0,,-291.0,138.0,334.0,-472.0,166.0,532.0,-53.0,782.0
-341.0,,-256.0,-24.0,312.0,-544.0,168.0,491.0,-73.0,866.0
-341.0,,-238.0,-20.0,274.0,-545.0,181.0,450.0,-102.0,908.0
-370.0,,-209.0,155.0,203.0,-506.0,166.0,532.0,-137.0,949.0
-352.0,,-232.0,273.0,114.0,-519.0,143.0,166.0,-181.0,934.0
-309.0,,-229.0,298.0,60.0,-595.0,158.0,391.0,-227.0,875.0
-294.0,,-214.0,237.0,62.0,-573.0,183.0,62.0,-267.0,808.0
-297.0,,-222.0,190.0,105.0,-519.0,196.0,238.0,-312.0,710.0
-270.0,,-218.0,227.0,157.0,-584.0,203.0,291.0,-372.0,603.0
-217.0,,-213.0,250.0,191.0,-640.0,181.0,181.0,-429.0,501.0
-201.0,,-183.0,307.0,203.0,-641.0,159.0,484.0,-487.0,404.0
-230.0,,-162.0,395.0,184.0,-632.0,136.0,158.0,-537.0,317.0
-236.0,,-151.0,372.0,138.0,-673.0,91.0,447.0,-596.0,269.0
-219.0,,-124.0,394.0,88.0,-761.0,54.0,330.0,-657.0,244.0
-243.0,,-131.0,529.0,49.0,-771.0,35.0,384.0,-690.0,265.0
-288.0,,-114.0,560.0,15.0,-755.0,37.0,498.0,-713.0,330.0
-326.0,,-115.0,444.0,-26.0,-767.0,28.0,214.0,-698.0,442.0
-341.0,,-126.0,366.0,-73.0,-746.0,7.0,482.0,-662.0,571.0
-358.0,,-98.0,404.0,-114.0,-724.0,5.0,140.0,-631.0,708.0
-406.0,,-106.0,521.0,-126.0,-725.0,-9.0,258.0,-564.0,853.0
-440.0,,-98.0,628.0,-114.0,-776.0,-27.0,92.0,-512.0,952.0
-413.0,,-73.0,536.0,-85.0,-820.0,-36.0,-81.0,-452.0,1056.0
-375.0,,-64.0,388.0,-38.0,-777.0,-40.0,158.0,-366.0,1129.0
-378.0,,-33.0,378.0,10.0,-749.0,-32.0,-99.0,-311.0,1141.0
-379.0,,6.0,439.0,60.0,-797.0,-42.0,295.0,-227.0,1163.0
-348.0,,34.0,550.0,99.0,-868.0,-35.0,162.0,-153.0,1177.0
-296.0,,85.0,512.0,114.0,-862.0,-3.0,267.0,-93.0,1154.0
-253.0,,119.0,332.0,100.0,-796.0,13.0,312.0,-17.0,1119.0
-226.0,,141.0,290.0,78.0,-763.0,41.0,11.0,58.0,1077.0
-208.0,,171.0,415.0,66.0,-763.0,57.0,277.0,132.0,1011.0
-153.0,,173.0,586.0,90.0,-749.0,59.0,-35.0,186.0,950.0
-90.0,,185.0,615.0,143.0,-728.0,33.0,216.0,245.0,901.0
-72.0,,164.0,475.0,179.0,-725.0,-21.0,142.0,293.0,830.0
-67.0,,129.0,382.0,190.0,-741.0,-33.0,62.0,323.0,759.0
-50.0,,117.0,438.0,160.0,-735.0,-29.0,212.0,335.0,694.0
-12.0,,78.0,522.0,101.0,-664.0,-25.0,-171.0,330.0,597.0
-19.0,,6.0,473.0,34.0,-635.0,-22.0,79.0,322.0,525.0
-58.0,,-50.0,250.0,-46.0,-661.0,-31.0,-181.0,295.0,450.0
-81.0,,-116.0,204.0,-136.0,-665.0,-7.0,-88.0,269.0,352.0
-77.0,,-196.0,415.0,-220.0,-626.0,6.0,-86.0,230.0,270.0
-59.0,,-234.0,573.0,-272.0,-602.0,2.0,-301.0,189.0,199.0
-93.0,,-314.0,675.0,-271.0,-634.0,33.0,-20.0,146.0,163.0
-115.0,,-372.0,712.0,-222.0,-640.0,29.0,-291.0,94.0,130.0
-87.0,,-387.0,690.0,-165.0,-587.0,17.0,57.0,35.0,129.0
-85.0,,-436.0,657.0,-135.0,-548.0,18.0,-36.0,-37.0,126.0
-109.0,,-431.0,694.0,-133.0,-563.0,-6.0,-12.0,-104.0,114.0
-118.0,,-423.0,796.0,-137.0,-579.0,-19.0,245.0,-162.0,112.0
-118.0,,-432.0,724.0,-144.0,-550.0,-30.0,-25.0,-221.0,89.0
-132.0,,-385.0,585.0,-154.0,-494.0,-27.0,264.0,-258.0,90.0
-164.0,,-347.0,541.0,-166.0,-503.0,-42.0,1.0,-272.0,63.0
-187.0,,-309.0,549.0,-188.0,-529.0,-72.0,121.0,-287.0,49.0
-202.0,,-255.0,501.0,-206.0,-509.0,-104.0,88.0,-265.0,64.0
-221.0,,-213.0,387.0,-214.0,-459.0,-135.0,-73.0,-221.0,66.0
-230.0,,-159.0,340.0,-220.0,-455.0,-139.0,118.0,-178.0,101.0
-263.0,,-129.0,335.0,-228.0,-516.0,-172.0,-304.0,-111.0,117.0
-278.0,,-88.0,322.0,-232.0,-460.0,-186.0,-33.0,-34.0,107.0
-268.0,,-72.0,277.0,-227.0,-404.0,-176.0,-227.0,46.0,108.0
-289.0,,-86.0,247.0,-210.0,-443.0,-201.0,-242.0,118.0,125.0
-292.0,,-56.0,284.0,-174.0,-463.0,-218.0,-42.0,192.0,135.0
-270.0,,-71.0,345.0,-116.0,-470.0,-205.0,-232.0,279.0,156.0
-264.0,,-90.0,385.0,-51.0,-432.0,-199.0,144.0,357.0,174.0
-275.0,,-102.0,389.0,-1.0,-403.0,-224.0,-110.0,428.0,145.0
-272.0,,-149.0,321.0,32.0,-440.0,-232.0,90.0,489.0,117.0
-252.0,,-175.0,254.0,52.0,-431.0,-222.0,36.0,526.0,80.0
-268.0,,-205.0,320.0,64.0,-396.0,-213.0,-94.0,555.0,9.0
-271.0,,-242.0,384.0,83.0,-414.0,-196.0,155.0,571.0,-65.0
-268.0,,-253.0,404.0,108.0,-418.0,-165.0,-177.0,552.0,-152.0
-270.0,,-274.0,410.0,128.0,-371.0,-165.0,123.0,533.0,-245.0
-235.0,,-277.0,339.0,143.0,-356.0,-183.0,-105.0,509.0,-307.0
-223.0,,-283.0,254.0,160.0,-393.0,-179.0,-73.0,463.0,-354.0
-232.0,,-308.0,270.0,161.0,-419.0,-183.0,3.0,407.0,-389.0
-250.0,,-260.0,352.0,131.0,-411.0,-179.0,-304.0,349.0,-377.0
-241.0,,-260.0,260.0,94.0,-350.0,-213.0,-68.0,279.0,-328.0
-233.0,,-258.0,51.0,71.0,-350.0,-271.0,-382.0,188.0,-228.0
-261.0,,-210.0,-58.0,58.0,-394.0,-316.0,-158.0,105.0,-79.0
-236.0,,-198.0,67.0,77.0,-371.0,-372.0,-245.0,19.0,91.0
-218.0,,-169.0,286.0,118.0,-360.0,-377.0,-277.0,-61.0,273.0
-222.0,,-168.0,264.0,140.0,-362.0,-350.0,-14.0,-134.0,448.0
-183.0,,-141.0,222.0,124.0,-369.0,-328.0,-330.0,-214.0,601.0
-149.0,,-110.0,355.0,70.0,-372.0,-288.0,-49.0,-275.0,693.0
-141.0,,-101.0,553.0,21.0,-335.0,-248.0,-339.0,-322.0,722.0
-141.0,,-80.0,747.0,-5.0,-367.0,-241.0,-254.0,-336.0,696.0
-165.0,,-69.0,749.0,-7.0,-404.0,-216.0,-129.0,-330.0,636.0
-181.0,,-55.0,699.0,7.0,-359.0,-211.0,-291.0,-301.0,535.0
-155.0,,-58.0,743.0,18.0,-376.0,-257.0,27.0,-227.0,393.0
-170.0,,-53.0,740.0,21.0,-396.0,-285.0,-260.0,-131.0,251.0
-219.0,,-68.0,746.0,14.0,-355.0,-318.0,-72.0,-7.0,102.0
-218.0,,-58.0,671.0,-8.0,-312.0,-328.0,-262.0,125.0,-44.0
-190.0,,-46.0,532.0,-36.0,-250.0,-311.0,-303.0,266.0,-148.0
-203.0,,-45.0,543.0,-67.0,-266.0,-310.0,-125.0,406.0,-228.0
-237.0,,-19.0,626.0,-87.0,-334.0,-316.0,-376.0,498.0,-302.0
-225.0,,-26.0,622.0,-65.0,-333.0,-340.0,11.0,551.0,-319.0
-204.0,,17.0,474.0,-13.0,-293.0,-384.0,-205.0,582.0,-302.0
-198.0,,22.0,335.0,42.0,-272.0,-389.0,-11.0,573.0,-266.0
-197.0,,30.0,445.0,76.0,-337.0,-365.0,29.0,535.0,-192.0
-194.0,,98.0,678.0,77.0,-409.0,-392.0,-173.0,483.0,-103.0
-153.0,,111.0,703.0,54.0,-377.0,-420.0,62.0,433.0,8.0
-126.0,,143.0,585.0,16.0,-296.0,-426.0,-264.0,400.0,130.0
-135.0,,184.0,529.0,-20.0,-244.0,-416.0,-1.0,368.0,237.0
-131.0,,218.0,525.0,-29.0,-237.0,-408.0,-192.0,341.0,323.0
-80.0,,232.0,569.0,8.0,-185.0,-379.0,-177.0,320.0,387.0
-47.0,,246.0,536.0,80.0,-84.0,-305.0,16.0,298.0,417.0
-98.0,,267.0,350.0,184.0,-27.0,-262.0,-229.0,251.0,409.0
-109.0,,253.0,198.0,284.0,-25.0,-222.0,92.0,186.0,383.0
-48.0,,266.0,107.0,313.0,-29.0,-190.0,-240.0,119.0,333.0
-21.0,,250.0,93.0,265.0,17.0,-165.0,-134.0,44.0,259.0
-41.0,,241.0,161.0,159.0,42.0,-164.0,-149.0,-27.0,188.0
10.0,,240.0,130.0,33.0,8.0,-188.0,-242.0,-90.0,118.0
110.0,,214.0,96.0,-72.0,-10.0,-192.0,70.0,-129.0,52.0
166.0,,227.0,94.0,-151.0,35.0,-227.0,-208.0,-155.0,17.0
204.0,,198.0,122.0,-176.0,81.0,-235.0,83.0,-175.0,-11.0
233.0,,196.0,226.0,-144.0,43.0,-208.0,-138.0,-180.0,-43.0
275.0,,194.0,262.0,-97.0,54.0,-197.0,-140.0,-158.0,-47.0
321.0,,162.0,222.0,-44.0,119.0,-210.0,-44.0,-120.0,-48.0
327.0,,169.0,283.0,10.0,169.0,-212.0,-260.0,-84.0,-48.0
305.0,,157.0,461.0,71.0,180.0,-203.0,109.0,-60.0,-60.0
324.0,,170.0,514.0,143.0,147.0,-198.0,-223.0,-47.0,-86.0
365.0,,148.0,429.0,207.0,164.0,-144.0,-38.0,-24.0,-83.0
356.0,,151.0,358.0,247.0,196.0,-84.0,-59.0,-10.0,-93.0
323.0,,189.0,342.0,249.0,206.0,-42.0,-125.0,11.0,-99.0
319.0,,180.0,425.0,225.0,223.0,-34.0,142.0,67.0,-80.0
335.0,,212.0,501.0,184.0,273.0,-11.0,-142.0,150.0,-86.0
306.0,,237.0,418.0,140.0,337.0,12.0,186.0,246.0,-86.0
287.0,,243.0,318.0,107.0,379.0,-6.0,-11.0,340.0,-90.0
301.0,,255.0,366.0,74.0,413.0,1.0,123.0,426.0,-107.0
301.0,,263.0,460.0,57.0,418.0,15.0,212.0,494.0,-118.0
315.0,,254.0,553.0,42.0,426.0,-7.0,31.0,542.0,-142.0
345.0,,232.0,534.0,12.0,409.0,-71.0,386.0,563.0,-167.0
369.0,,230.0,429.0,-32.0,392.0,-100.0,44.0,586.0,-199.0
391.0,,211.0,476.0,-107.0,463.0,-82.0,275.0,613.0,-252.0
404.0,,192.0,541.0,-200.0,490.0,-70.0,157.0,626.0,-318.0
397.0,,207.0,572.0,-275.0,461.0,-42.0,66.0,627.0,-393.0
424.0,,206.0,584.0,-303.0,457.0,-14.0,249.0,614.0,-501.0
435.0,,190.0,532.0,-276.0,424.0,0.0,-51.0,588.0,-625.0
388.0,,185.0,535.0,-219.0,444.0,14.0,236.0,529.0,-731.0
349.0,,171.0,518.0,-158.0,495.0,23.0,-16.0,463.0,-851.0
347.0,,141.0,487.0,-108.0,481.0,9.0,125.0,383.0,-967.0
333.0,,115.0,521.0,-86.0,435.0,14.0,123.0,317.0,-1084.0
291.0,,88.0,565.0,-112.0,412.0,58.0,-40.0,276.0,-1203.0
265.0,,65.0,540.0,-168.0,438.0,114.0,258.0,229.0,-1283.0
235.0,,49.0,467.0,-242.0,427.0,143.0,-66.0,183.0,-1322.0
206.0,,13.0,470.0,-326.0,412.0,165.0,230.0,150.0,-1318.0
163.0,,-34.0,516.0,-407.0,395.0,249.0,129.0,121.0,-1288.0
107.0,,-59.0,480.0,-473.0,398.0,324.0,123.0,93.0,-1229.0
58.0,,-59.0,357.0,-502.0,423.0,397.0,236.0,95.0,-1128.0
35.0,,-96.0,284.0,-482.0,377.0,464.0,-46.0,124.0,-1031.0
6.0,,-105.0,236.0,-409.0,402.0,462.0,262.0,192.0,-947.0
-82.0,,-102.0,103.0,-315.0,438.0,451.0,-3.0,252.0,-840.0
-118.0,,-124.0,-1.0,-239.0,409.0,445.0,179.0,309.0,-743.0
-108.0,,-109.0,-28.0,-198.0,361.0,423.0,157.0,380.0,-677.0
-123.0,,-97.0,-92.0,-183.0,305.0,388.0,25.0,415.0,-631.0
-151.0,,-74.0,-110.0,-178.0,281.0,384.0,284.0,451.0,-612.0
-170.0,,-51.0,-44.0,-148.0,236.0,395.0,-14.0,480.0,-609.0
-186.0,,-31.0,-62.0,-60.0,231.0,369.0,293.0,509.0,-628.0
-218.0,,-18.0,-70.0,47.0,266.0,352.0,103.0,528.0,-638.0
-239.0,,-7.0,-13.0,149.0,300.0,352.0,101.0,527.0,-650.0
-273.0,,12.0,-6.0,221.0,303.0,365.0,221.0,519.0,-656.0
-312.0,,14.0,-15.0,245.0,233.0,384.0,66.0,491.0,-614.0
-337.0,,32.0,7.0,216.0,223.0,395.0,458.0,464.0,-564.0
-369.0,,55.0,1.0,159.0,298.0,412.0,223.0,408.0,-456.0
-399.0,,76.0,16.0,111.0,320.0,419.0,434.0,345.0,-309.0
-374.0,,96.0,98.0,62.0,274.0,385.0,288.0,283.0,-162.0
-353.0,,79.0,92.0,25.0,278.0,367.0,121.0,217.0,3.0
-376.0,,98.0,83.0,-5.0,283.0,384.0,312.0,150.0,141.0
-366.0,,109.0,8.0,-21.0,244.0,375.0,5.0,53.0,234.0
-332.0,,99.0,-224.0,-22.0,181.0,356.0,301.0,-19.0,294.0
-303.0,,129.0,-258.0,-42.0,161.0,334.0,92.0,-80.0,275.0
-279.0,,132.0,-151.0,-47.0,242.0,319.0,166.0,-156.0,167.0
-252.0,,167.0,-51.0,-23.0,269.0,298.0,168.0,-235.0,49.0
-224.0,,205.0,19.0,35.0,227.0,266.0,1.0,-313.0,-81.0
-175.0,,225.0,-17.0,111.0,188.0,222.0,330.0,-374.0,-209.0
-124.0,,272.0,60.0,172.0,152.0,152.0,44.0,-462.0,-324.0
-90.0,,285.0,248.0,192.0,143.0,134.0,334.0,-550.0,-437.0
-41.0,,310.0,387.0,175.0,127.0,158.0,216.0,-605.0,-527.0
42.0,,311.0,456.0,167.0,135.0,156.0,221.0,-639.0,-610.0
122.0,,297.0,438.0,177.0,158.0,149.0,430.0,-657.0,-675.0
173.0,,295.0,352.0,175.0,144.0,136.0,140.0,-664.0,-722.0
250.0,,281.0,239.0,141.0,135.0,124.0,436.0,-635.0,-752.0
306.0,,278.0,198.0,89.0,107.0,123.0,81.0,-581.0,-761.0
322.0,,261.0,224.0,51.0,91.0,140.0,155.0,-511.0,-759.0
344.0,,272.0,175.0,52.0,130.0,184.0,127.0,-439.0,-747.0
368.0,,267.0,0.0,91.0,137.0,206.0,-51.0,-349.0,-701.0
365.0,,253.0,-76.0,132.0,134.0,202.0,192.0,-249.0,-643.0
369.0,,254.0,-11.0,156.0,155.0,197.0,-131.0,-164.0,-582.0
385.0,,251.0,-52.0,163.0,151.0,190.0,169.0,-73.0,-512.0
358.0,,251.0,-241.0,149.0,132.0,186.0,-18.0,7.0,-467.0
353.0,,238.0,-418.0,119.0,152.0,175.0,36.0,88.0,-436.0
386.0,,236.0,-392.0,93.0,189.0,160.0,227.0,145.0,-436.0
390.0,,226.0,-325.0,70.0,171.0,129.0,-9.0,181.0,-458.0
372.0,,208.0,-349.0,60.0,137.0,86.0,317.0,232.0,-503.0
390.0,,170.0,-371.0,63.0,144.0,65.0,22.0,271.0,-579.0
408.0,,153.0,-427.0,42.0,181.0,49.0,177.0,288.0,-642.0
391.0,,106.0,-401.0,5.0,178.0,43.0,53.0,264.0,-698.0
365.0,,43.0,-288.0,-32.0,141.0,63.0,-109.0,228.0,-740.0
348.0,,17.0,-121.0,-52.0,140.0,90.0,114.0,191.0,-738.0
345.0,,-36.0,0.0,-50.0,154.0,71.0,-205.0,141.0,-696.0
348.0,,-51.0,3.0,-44.0,170.0,45.0,49.0,84.0,-626.0
363.0,,-68.0,3.0,-42.0,171.0,60.0,-214.0,18.0,-531.0
354.0,,-77.0,51.0,-53.0,171.0,45.0,-114.0,-36.0,-415.0
344.0,,-67.0,252.0,-68.0,160.0,41.0,12.0,-100.0,-299.0
354.0,,-51.0,464.0,-86.0,123.0,51.0,-247.0,-198.0,-208.0
339.0,,-48.0,536.0,-102.0,120.0,24.0,64.0,-292.0,-135.0
304.0,,-58.0,502.0,-114.0,120.0,18.0,-230.0,-360.0,-103.0
300.0,,-45.0,432.0,-100.0,112.0,30.0,-49.0,-395.0,-110.0
282.0,,-74.0,449.0,-38.0,123.0,23.0,-190.0,-403.0,-142.0
228.0,,-96.0,443.0,37.0,72.0,6.0,-315.0,-376.0,-198.0
197.0,,-148.0,354.0,90.0,61.0,17.0,-96.0,-284.0,-239.0
175.0,,-201.0,249.0,117.0,103.0,23.0,-317.0,-163.0,-269.0
143.0,,-216.0,105.0,122.0,98.0,18.0,84.0,-36.0,-289.0
94.0,,-254.0,67.0,104.0,119.0,18.0,-155.0,106.0,-307.0
57.0,,-265.0,74.0,76.0,114.0,35.0,-83.0,239.0,-310.0
38.0,,-278.0,-17.0,58.0,92.0,65.0,-97.0,367.0,-304.0
32.0,,-262.0,-84.0,71.0,86.0,50.0,-406.0,454.0,-307.0
13.0,,-248.0,-121.0,128.0,71.0,54.0,-162.0,489.0,-288.0
-25.0,,-241.0,-86.0,215.0,64.0,71.0,-465.0,517.0,-284.0
-38.0,,-181.0,-54.0,301.0,45.0,73.0,-133.0,533.0,-274.0
-54.0,,-151.0,-92.0,340.0,45.0,95.0,-223.0,526.0,-255.0
-102.0,,-87.0,-134.0,327.0,45.0,126.0,-286.0,504.0,-239.0
-120.0,,-18.0,-152.0,287.0,23.0,139.0,-151.0,467.0,-218.0
-105.0,,24.0,-85.0,242.0,20.0,119.0,-463.0,433.0,-202.0
-102.0,,100.0,38.0,190.0,42.0,129.0,-129.0,403.0,-183.0
-108.0,,133.0,204.0,123.0,-3.0,172.0,-375.0,350.0,-175.0
-118.0,,161.0,261.0,41.0,-59.0,200.0,-186.0,314.0,-153.0
-87.0,,167.0,263.0,-62.0,-35.0,205.0,-157.0,273.0,-132.0
-38.0,,150.0,311.0,-163.0,-21.0,225.0,-323.0,220.0,-118.0
-35.0,,128.0,309.0,-232.0,-27.0,255.0,-64.0,174.0,-95.0
-43.0,,71.0,267.0,-276.0,-29.0,245.0,-415.0,117.0,-91.0
-36.0,,40.0,179.0,-319.0,-19.0,258.0,-155.0,92.0,-89.0
-9.0,,-26.0,120.0,-369.0,-11.0,283.0,-341.0,63.0,-74.0
-1.0,,-76.0,117.0,-425.0,-22.0,269.0,-338.0,22.0,-74.0
-24.0,,-102.0,112.0,-488.0,-39.0,262.0,-186.0,-4.0,-57.0
-17.0,,-163.0,52.0,-543.0,-24.0,284.0,-389.0,-54.0,-32.0
30.0,,-185.0,-17.0,-582.0,-9.0,303.0,-14.0,-103.0,-20.0
55.0,,-204.0,-25.0,-602.0,-40.0,291.0,-264.0,-147.0,6.0
51.0,,-226.0,-59.0,-581.0,-20.0,282.0,12.0,-186.0,4.0
55.0,,-226.0,-31.0,-490.0,16.0,280.0,7.0,-201.0,-5.0
59.0,,-219.0,46.0,-331.0,66.0,273.0,-134.0,-208.0,-24.0
55.0,,-215.0,49.0,-152.0,88.0,281.0,107.0,-224.0,-78.0
60.0,,-189.0,121.0,0.0,51.0,301.0,-175.0,-242.0,-161.0
47.0,,-203.0,96.0,95.0,65.0,297.0,184.0,-228.0,-264.0
28.0,,-216.0,-24.0,121.0,100.0,265.0,-25.0,-198.0,-363.0
52.0,,-207.0,48.0,103.0,95.0,272.0,-14.0,-166.0,-463.0
45.0,,-243.0,121.0,78.0,26.0,312.0,55.0,-124.0,-530.0
22.0,,-241.0,47.0,78.0,50.0,308.0,-201.0,-78.0,-561.0
42.0,,-276.0,-58.0,118.0,153.0,320.0,110.0,-31.0,-537.0
59.0,,-278.0,-93.0,166.0,175.0,364.0,-192.0,-26.0,-467.0
51.0,,-288.0,-114.0,187.0,145.0,356.0,40.0,-15.0,-388.0
37.0,,-316.0,-104.0,184.0,87.0,349.0,-20.0,1.0,-287.0
50.0,,-303.0,-56.0,173.0,133.0,384.0,-116.0,0.0,-193.0
90.0,,-323.0,-81.0,161.0,244.0,434.0,129.0,8.0,-108.0
102.0,,-326.0,-102.0,147.0,288.0,462.0,-164.0,-5.0,-32.0
98.0,,-343.0,-141.0,123.0,298.0,477.0,142.0,-20.0,28.0
125.0,,-315.0,-201.0,77.0,296.0,487.0,-70.0,-52.0,78.0
171.0,,-300.0,-226.0,19.0,344.0,473.0,-9.0,-100.0,94.0
204.0,,-281.0,-193.0,-32.0,348.0,469.0,-12.0,-155.0,95.0
227.0,,-254.0,-98.0,-73.0,290.0,476.0,-253.0,-225.0,70.0
260.0,,-233.0,-21.0,-84.0,295.0,504.0,-3.0,-280.0,5.0
306.0,,-178.0,62.0,-65.0,353.0,520.0,-339.0,-328.0,-73.0
345.0,,-161.0,89.0,-43.0,396.0,518.0,-81.0,-355.0,-154.0
357.0,,-130.0,99.0,-41.0,355.0,559.0,-243.0,-369.0,-224.0
373.0,,-116.0,192.0,-50.0,340.0,581.0,-312.0,-361.0,-299.0
401.0,,-96.0,215.0,-45.0,419.0,579.0,-125.0,-352.0,-345.0
374.0,,-96.0,245.0,-12.0,459.0,596.0,-430.0,-348.0,-382.0
323.0,,-104.0,276.0,36.0,445.0,593.0,-123.0,-326.0,-415.0
318.0,,-97.0,242.0,74.0,459.0,560.0,-365.0,-316.0,-407.0
324.0,,-79.0,231.0,100.0,501.0,540.0,-208.0,-297.0,-395.0
313.0,,-47.0,92.0,114.0,484.0,544.0,-225.0,-269.0,-383.0
282.0,,-25.0,-30.0,105.0,451.0,536.0,-448.0,-229.0,-354.0
244.0,,14.0,-22.0,93.0,452.0,556.0,-253.0,-183.0,-310.0
256.0,,27.0,-121.0,101.0,472.0,573.0,-606.0,-158.0,-262.0
284.0,,40.0,-206.0,104.0,495.0,530.0,-327.0,-156.0,-214.0
245.0,,26.0,-179.0,77.0,498.0,491.0,-491.0,-155.0,-152.0
201.0,,23.0,-152.0,40.0,513.0,493.0,-450.0,-156.0,-89.0
227.0,,20.0,-81.0,10.0,526.0,520.0,-264.0,-179.0,-22.0
275.0,,-12.0,8.0,-13.0,492.0,501.0,-506.0,-192.0,55.0
259.0,,-7.0,78.0,-25.0,442.0,476.0,-160.0,-194.0,143.0
223.0,,-34.0,162.0,-35.0,482.0,482.0,-436.0,-190.0,254.0
274.0,,-55.0,312.0,-52.0,549.0,460.0,-297.0,-187.0,377.0
334.0,,-76.0,531.0,-72.0,527.0,470.0,-367.0,-199.0,504.0
314.0,,-114.0,563.0,-90.0,457.0,499.0,-460.0,-185.0,618.0
288.0,,-129.0,478.0,-96.0,424.0,493.0,-151.0,-149.0,717.0
325.0,,-166.0,476.0,-80.0,452.0,461.0,-389.0,-98.0,789.0
373.0,,-204.0,472.0,-31.0,456.0,439.0,-31.0,-41.0,819.0
359.0,,-229.0,498.0,24.0,404.0,450.0,-221.0,7.0,820.0
349.0,,-258.0,501.0,62.0,318.0,433.0,-190.0,67.0,784.0
371.0,,-277.0,386.0,88.0,344.0,403.0,-145.0,117.0,736.0
405.0,,-282.0,235.0,109.0,403.0,403.0,-415.0,153.0,669.0
383.0,,-332.0,170.0,115.0,319.0,406.0,-136.0,199.0,591.0
288.0,,-337.0,151.0,95.0,226.0,393.0,-474.0,242.0,535.0
274.0,,-341.0,173.0,66.0,227.0,395.0,-282.0,273.0,432.0
299.0,,-398.0,248.0,46.0,279.0,407.0,-426.0,280.0,310.0
232.0,,-391.0,262.0,35.0,251.0,389.0,-539.0,267.0,189.0
128.0,,-393.0,313.0,28.0,204.0,359.0,-351.0,245.0,43.0
114.0,,-389.0,341.0,20.0,176.0,342.0,-663.0,204.0,-84.0
139.0,,-349.0,228.0,11.0,175.0,352.0,-275.0,135.0,-210.0
68.0,,-337.0,200.0,0.0,162.0,384.0,-445.0,55.0,-331.0
-22.0,,-305.0,287.0,-24.0,81.0,397.0,-253.0,-32.0,-430.0
-24.0,,-253.0,321.0,-46.0,108.0,402.0,-121.0,-120.0,-487.0
19.0,,-217.0,326.0,-47.0,168.0,431.0,-347.0,-189.0,-491.0
-2.0,,-160.0,273.0,-56.0,156.0,416.0,-96.0,-262.0,-433.0
-66.0,,-109.0,232.0,-102.0,89.0,405.0,-456.0,-306.0,-319.0
-71.0,,-51.0,328.0,-169.0,28.0,413.0,-238.0,-334.0,-180.0
-37.0,,17.0,307.0,-228.0,54.0,381.0,-363.0,-356.0,-24.0
-67.0,,58.0,307.0,-258.0,41.0,372.0,-395.0,-348.0,100.0
-153.0,,107.0,501.0,-260.0,-37.0,323.0,-254.0,-323.0,214.0
-167.0,,161.0,522.0,-275.0,-95.0,285.0,-567.0,-280.0,291.0
-103.0,,177.0,404.0,-299.0,-69.0,288.0,-242.0,-245.0,319.0
-124.0,,187.0,392.0,-295.0,-18.0,289.0,-473.0,-200.0,321.0
-228.0,,195.0,414.0,-268.0,-57.0,285.0,-247.0,-140.0,266.0
-253.0,,184.0,418.0,-252.0,-64.0,250.0,-206.0,-84.0,185.0
-209.0,,186.0,415.0,-265.0,-13.0,268.0,-375.0,-34.0,78.0
-217.0,,149.0,224.0,-271.0,-33.0,256.0,-138.0,-3.0,-10.0
-282.0,,131.0,-1.0,-260.0,-110.0,228.0,-541.0,17.0,-80.0
-282.0,,121.0,-13.0,-268.0,-171.0,227.0,-365.0,21.0,-125.0
-205.0,,97.0,-26.0,-299.0,-142.0,223.0,-545.0,19.0,-134.0
-159.0,,127.0,-38.0,-329.0,-162.0,242.0,-465.0,16.0,-134.0
-184.0,,136.0,11.0,-319.0,-219.0,230.0,-269.0,14.0,-85.0
-182.0,,148.0,47.0,-245.0,-231.0,221.0,-506.0,1.0,-34.0
-91.0,,185.0,129.0,-122.0,-233.0,219.0,-242.0,-19.0,15.0
-19.0,,184.0,214.0,2.0,-180.0,196.0,-593.0,-21.0,94.0
-27.0,,185.0,265.0,91.0,-214.0,178.0,-397.0,-18.0,177.0
-15.0,,204.0,355.0,133.0,-247.0,144.0,-356.0,-14.0,261.0
94.0,,195.0,393.0,117.0,-192.0,104.0,-439.0,-17.0,314.0
197.0,,212.0,377.0,48.0,-177.0,102.0,-184.0,-35.0,344.0
201.0,,230.0,405.0,-35.0,-205.0,93.0,-513.0,-60.0,379.0
210.0,,237.0,294.0,-99.0,-236.0,79.0,-256.0,-91.0,401.0
301.0,,258.0,197.0,-109.0,-198.0,90.0,-517.0,-144.0,388.0
383.0,,251.0,260.0,-54.0,-194.0,125.0,-528.0,-205.0,357.0
375.0,,253.0,197.0,32.0,-225.0,149.0,-469.0,-269.0,307.0
351.0,,243.0,155.0,108.0,-238.0,134.0,-750.0,-338.0,261.0
422.0,,223.0,256.0,145.0,-248.0,152.0,-447.0,-395.0,205.0
505.0,,208.0,311.0,156.0,-229.0,187.0,-742.0,-443.0,140.0
487.0,,170.0,340.0,159.0,-275.0,186.0,-471.0,-468.0,131.0
456.0,,139.0,361.0,146.0,-297.0,182.0,-558.0,-465.0,162.0
507.0,,136.0,506.0,114.0,-237.0,208.0,-687.0,-440.0,208.0
556.0,,91.0,696.0,84.0,-199.0,203.0,-430.0,-424.0,259.0
493.0,,40.0,661.0,65.0,-196.0,194.0,-755.0,-403.0,364.0
418.0,,19.0,556.0,67.0,-233.0,242.0,-436.0,-383.0,479.0
431.0,,-59.0,577.0,83.0,-212.0,269.0,-624.0,-372.0,567.0
432.0,,-109.0,697.0,90.0,-154.0,246.0,-458.0,-354.0,660.0
349.0,,-175.0,726.0,60.0,-172.0,203.0,-358.0,-346.0,714.0
292.0,,-267.0,656.0,7.0,-229.0,214.0,-572.0,-313.0,768.0
312.0,,-280.0,609.0,-21.0,-231.0,232.0,-321.0,-267.0,802.0
327.0,,-336.0,583.0,-26.0,-189.0,241.0,-746.0,-231.0,780.0
303.0,,-383.0,563.0,-31.0,-199.0,266.0,-482.0,-181.0,740.0
246.0,,-381.0,525.0,-35.0,-291.0,254.0,-556.0,-137.0,689.0
245.0,,-408.0,515.0,-25.0,-344.0,227.0,-585.0,-98.0,620.0
292.0,,-421.0,541.0,19.0,-225.0,182.0,-391.0,-65.0,572.0
258.0,,-432.0,502.0,94.0,-154.0,168.0,-742.0,-36.0,520.0
196.0,,-443.0,411.0,149.0,-206.0,143.0,-484.0,-11.0,453.0
214.0,,-465.0,415.0,148.0,-210.0,92.0,-685.0,-2.0,419.0
258.0,,-475.0,446.0,109.0,-168.0,91.0,-443.0,15.0,350.0
233.0,,-465.0,433.0,77.0,-200.0,85.0,-404.0,40.0,284.0
200.0,,-475.0,378.0,58.0,-321.0,58.0,-543.0,61.0,235.0
220.0,,-460.0,296.0,33.0,-308.0,34.0,-299.0,89.0,185.0
217.0,,-433.0,304.0,18.0,-246.0,34.0,-676.0,105.0,165.0
186.0,,-399.0,353.0,24.0,-267.0,24.0,-408.0,126.0,157.0
163.0,,-360.0,351.0,52.0,-294.0,14.0,-609.0,135.0,175.0
162.0,,-289.0,279.0,94.0,-303.0,32.0,-622.0,123.0,205.0
196.0,,-226.0,214.0,127.0,-273.0,38.0,-471.0,107.0,239.0
210.0,,-194.0,269.0,123.0,-268.0,40.0,-709.0,87.0,262.0
171.0,,-131.0,386.0,93.0,-269.0,29.0,-399.0,73.0,269.0
159.0,,-92.0,425.0,67.0,-239.0,36.0,-670.0,45.0,271.0
197.0,,-51.0,397.0,50.0,-187.0,41.0,-423.0,31.0,232.0
180.0,,-4.0,397.0,31.0,-149.0,-14.0,-452.0,22.0,183.0
80.0,,10.0,464.0,0.0,-195.0,-68.0,-545.0,12.0,133.0
44.0,,48.0,522.0,-19.0,-175.0,-107.0,-282.0,9.0,55.0
93.0,,52.0,507.0,-4.0,-71.0,-115.0,-591.0,-20.0,5.0
63.0,,36.0,530.0,23.0,-67.0,-116.0,-303.0,-49.0,-41.0
-39.0,,39.0,560.0,20.0,-109.0,-153.0,-589.0,-76.0,-82.0
-70.0,,9.0,529.0,-21.0,-120.0,-161.0,-600.0,-120.0,-65.0
-48.0,,11.0,479.0,-56.0,-20.0,-166.0,-552.0,-168.0,-37.0
-57.0,,-39.0,474.0,-49.0,89.0,-153.0,-737.0,-201.0,24.0
-73.0,,-62.0,505.0,31.0,62.0,-129.0,-380.0,-206.0,127.0
-95.0,,-37.0,476.0,162.0,73.0,-154.0,-624.0,-207.0,251.0
-106.0,,-104.0,479.0,292.0,85.0,-155.0,-356.0,-194.0,399.0
-100.0,,-87.0,527.0,396.0,92.0,-162.0,-509.0,-169.0,540.0
-132.0,,-56.0,486.0,439.0,114.0,-207.0,-589.0,-140.0,641.0
-187.0,,-43.0,393.0,407.0,115.0,-238.0,-393.0,-115.0,686.0
-187.0,,-12.0,419.0,286.0,207.0,-241.0,-685.0,-109.0,701.0
-169.0,,13.0,482.0,103.0,237.0,-244.0,-352.0,-116.0,687.0
-205.0,,56.0,451.0,-91.0,165.0,-288.0,-617.0,-131.0,630.0
-220.0,,79.0,476.0,-261.0,112.0,-317.0,-498.0,-140.0,545.0
-195.0,,112.0,487.0,-369.0,133.0,-317.0,-493.0,-168.0,441.0
-174.0,,124.0,444.0,-408.0,194.0,-324.0,-724.0,-186.0,315.0
-163.0,,148.0,514.0,-371.0,192.0,-321.0,-454.0,-177.0,171.0
-168.0,,177.0,659.0,-284.0,166.0,-328.0,-776.0,-191.0,17.0
-168.0,,188.0,731.0,-193.0,135.0,-338.0,-484.0,-215.0,-128.0
-123.0,,188.0,710.0,-133.0,173.0,-347.0,-543.0,-242.0,-233.0
-91.0,,218.0,659.0,-103.0,235.0,-345.0,-471.0,-277.0,-324.0
-126.0,,225.0,634.0,-55.0,263.0,-356.0,-279.0,-316.0,-375.0
-161.0,,200.0,714.0,19.0,302.0,-376.0,-572.0,-365.0,-375.0
-126.0,,212.0,789.0,100.0,262.0,-358.0,-273.0,-403.0,-351.0
-100.0,,195.0,763.0,174.0,206.0,-358.0,-624.0,-427.0,-265.0
-156.0,,197.0,767.0,243.0,221.0,-373.0,-537.0,-443.0,-137.0
-183.0,,203.0,793.0,299.0,304.0,-372.0,-561.0,-447.0,18.0
-142.0,,197.0,683.0,318.0,350.0,-360.0,-681.0,-457.0,174.0
-112.0,,209.0,591.0,295.0,250.0,-359.0,-373.0,-468.0,332.0
-126.0,,238.0,621.0,231.0,147.0,-419.0,-678.0,-469.0,492.0
-148.0,,261.0,660.0,148.0,189.0,-440.0,-410.0,-459.0,580.0
-125.0,,291.0,724.0,65.0,289.0,-447.0,-642.0,-436.0,628.0
-79.0,,351.0,756.0,-4.0,318.0,-486.0,-641.0,-383.0,643.0
-67.0,,385.0,751.0,-53.0,283.0,-492.0,-528.0,-307.0,620.0
-98.0,,419.0,757.0,-76.0,248.0,-494.0,-761.0,-229.0,573.0
-72.0,,435.0,791.0,-62.0,250.0,-509.0,-389.0,-156.0,483.0
-18.0,,446.0,823.0,-39.0,250.0,-536.0,-663.0,-107.0,405.0
-49.0,,438.0,850.0,-45.0,257.0,-535.0,-434.0,-72.0,335.0
-96.0,,414.0,838.0,-87.0,341.0,-526.0,-485.0,-66.0,225.0
-88.0,,384.0,726.0,-163.0,403.0,-499.0,-611.0,-88.0,135.0
-75.0,,327.0,643.0,-244.0,342.0,-442.0,-384.0,-121.0,86.0
-101.0,,299.0,567.0,-282.0,208.0,-444.0,-715.0,-178.0,33.0
-140.0,,223.0,499.0,-259.0,177.0,-469.0,-391.0,-240.0,-17.0
-129.0,,142.0,461.0,-197.0,292.0,-497.0,-561.0,-302.0,-54.0
-54.0,,75.0,370.0,-135.0,367.0,-497.0,-415.0,-363.0,-110.0
-24.0,,0.0,285.0,-92.0,328.0,-514.0,-339.0,-406.0,-191.0
-50.0,,-76.0,258.0,-61.0,281.0,-564.0,-580.0,-443.0,-296.0
-48.0,,-175.0,258.0,-49.0,292.0,-534.0,-253.0,-484.0,-405.0
19.0,,-240.0,291.0,-41.0,300.0,-491.0,-609.0,-518.0,-494.0
89.0,,-314.0,375.0,-15.0,293.0,-475.0,-393.0,-535.0,-564.0
75.0,,-382.0,433.0,27.0,273.0,-457.0,-517.0,-557.0,-580.0
118.0,,-432.0,464.0,80.0,250.0,-448.0,-582.0,-561.0,-550.0
247.0,,-456.0,480.0,116.0,211.0,-460.0,-308.0,-527.0,-476.0
302.0,,-461.0,465.0,128.0,158.0,-476.0,-559.0,-466.0,-354.0
311.0,,-473.0,455.0,119.0,193.0,-456.0,-249.0,-374.0,-206.0
381.0,,-457.0,471.0,81.0,284.0,-460.0,-530.0,-260.0,-54.0
474.0,,-448.0,496.0,34.0,273.0,-493.0,-460.0,-134.0,106.0
507.0,,-397.0,514.0,1.0,166.0,-485.0,-519.0,-10.0,278.0
508.0,,-365.0,539.0,-25.0,153.0,-462.0,-724.0,108.0,424.0
486.0,,-342.0,519.0,-72.0,198.0,-434.0,-404.0,194.0,534.0
518.0,,-297.0,492.0,-125.0,193.0,-408.0,-698.0,237.0,591.0
530.0,,-290.0,498.0,-154.0,194.0,-416.0,-434.0,256.0,594.0
397.0,,-239.0,504.0,-128.0,181.0,-414.0,-613.0,243.0,544.0
294.0,,-213.0,501.0,-49.0,160.0,-399.0,-611.0,196.0,447.0
303.0,,-189.0,487.0,39.0,145.0,-364.0,-397.0,140.0,319.0
290.0,,-111.0,474.0,137.0,98.0,-326.0,-611.0,77.0,180.0
162.0,,-81.0,503.0,222.0,114.0,-329.0,-277.0,8.0,53.0
60.0,,-41.0,558.0,267.0,156.0,-316.0,-556.0,-42.0,-78.0
60.0,,-2.0,555.0,285.0,134.0,-263.0,-386.0,-96.0,-166.0
7.0,,-2.0,515.0,298.0,81.0,-228.0,-421.0,-132.0,-200.0
-140.0,,53.0,434.0,320.0,43.0,-246.0,-570.0,-176.0,-239.0
-221.0,,42.0,418.0,346.0,125.0,-258.0,-301.0,-220.0,-250.0
-193.0,,43.0,477.0,353.0,168.0,-249.0,-637.0,-234.0,-241.0
-192.0,,92.0,466.0,315.0,75.0,-232.0,-356.0,-236.0,-244.0
-276.0,,71.0,408.0,235.0,26.0,-207.0,-528.0,-217.0,-237.0
-337.0,,80.0,366.0,136.0,80.0,-178.0,-465.0,-195.0,-245.0
-282.0,,66.0,439.0,42.0,153.0,-146.0,-243.0,-148.0,-257.0
-246.0,,40.0,549.0,-28.0,126.0,-158.0,-423.0,-82.0,-246.0
-321.0,,14.0,613.0,-43.0,18.0,-163.0,-116.0,-19.0,-226.0
-400.0,,-34.0,658.0,6.0,-20.0,-161.0,-454.0,37.0,-184.0
-372.0,,-71.0,694.0,76.0,56.0,-168.0,-308.0,93.0,-148.0
-340.0,,-107.0,741.0,116.0,8.0,-145.0,-393.0,161.0,-93.0
-406.0,,-133.0,776.0,111.0,-36.0,-112.0,-506.0,234.0,-42.0
-476.0,,-177.0,806.0,89.0,26.0,-73.0,-280.0,313.0,-15.0
-432.0,,-197.0,811.0,79.0,25.0,-58.0,-604.0,394.0,-11.0
-365.0,,-202.0,807.0,77.0,19.0,-15.0,-242.0,484.0,-46.0
-400.0,,-198.0,813.0,74.0,-32.0,31.0,-382.0,571.0,-86.0
-436.0,,-171.0,829.0,66.0,-9.0,2.0,-254.0,636.0,-164.0
-441.0,,-157.0,797.0,54.0,36.0,-32.0,-121.0,670.0,-242.0
-411.0,,-105.0,695.0,35.0,3.0,-1.0,-371.0,692.0,-285.0
-410.0,,-59.0,622.0,12.0,-23.0,23.0,-70.0,665.0,-306.0
-476.0,,-16.0,561.0,-12.0,-25.0,-3.0,-365.0,609.0,-315.0
-502.0,,54.0,471.0,-50.0,31.0,-4.0,-97.0,559.0,-312.0
-438.0,,81.0,411.0,-93.0,2.0,-4.0,-123.0,486.0,-265.0
-454.0,,132.0,357.0,-114.0,-6.0,-32.0,-158.0,410.0,-246.0
-553.0,,180.0,247.0,-81.0,77.0,-74.0,112.0,326.0,-241.0
-530.0,,200.0,205.0,-15.0,89.0,-103.0,-199.0,223.0,-237.0
-454.0,,256.0,182.0,14.0,45.0,-127.0,136.0,120.0,-291.0
-425.0,,292.0,107.0,4.0,20.0,-156.0,-88.0,35.0,-348.0
-455.0,,330.0,89.0,-10.0,75.0,-184.0,-35.0,-49.0,-436.0
-429.0,,360.0,84.0,-6.0,139.0,-216.0,22.0,-139.0,-558.0
-361.0,,390.0,76.0,20.0,129.0,-253.0,-192.0,-198.0,-679.0
-335.0,,443.0,15.0,67.0,87.0,-303.0,168.0,-225.0,-810.0
-351.0,,459.0,-62.0,126.0,109.0,-327.0,-79.0,-247.0,-913.0
-337.0,,488.0,-86.0,179.0,180.0,-349.0,238.0,-256.0,-968.0
-290.0,,524.0,-89.0,221.0,204.0,-380.0,169.0,-233.0,-967.0
-308.0,,542.0,-50.0,242.0,162.0,-356.0,70.0,-201.0,-928.0
-336.0,,555.0,15.0,249.0,164.0,-292.0,249.0,-170.0,-824.0
-330.0,,555.0,106.0,241.0,221.0,-234.0,-79.0,-133.0,-676.0
-248.0,,543.0,219.0,209.0,228.0,-199.0,291.0,-101.0,-511.0
-247.0,,538.0,253.0,142.0,198.0,-148.0,107.0,-80.0,-312.0
-315.0,,519.0,238.0,37.0,220.0,-76.0,221.0,-62.0,-117.0
-331.0,,469.0,253.0,-79.0,294.0,-43.0,332.0,-47.0,47.0
-267.0,,454.0,253.0,-180.0,306.0,-13.0,114.0,-43.0,185.0
-212.0,,402.0,289.0,-236.0,248.0,15.0,356.0,-45.0,309.0
-274.0,,371.0,326.0,-232.0,217.0,-3.0,66.0,-47.0,372.0
-262.0,,329.0,314.0,-155.0,240.0,-16.0,295.0,-51.0,390.0
-213.0,,267.0,281.0,-58.0,278.0,-21.0,142.0,-48.0,384.0
-113.0,,260.0,260.0,5.0,237.0,-38.0,157.0,-38.0,347.0
-99.0,,219.0,287.0,34.0,185.0,-44.0,423.0,-49.0,305.0
-139.0,,191.0,288.0,49.0,248.0,-46.0,194.0,-75.0,245.0
-83.0,,184.0,258.0,68.0,318.0,-44.0,550.0,-72.0,192.0
-38.0,,173.0,204.0,69.0,310.0,-62.0,271.0,-47.0,152.0
-66.0,,137.0,190.0,46.0,278.0,-74.0,345.0,-9.0,101.0
-163.0,,165.0,173.0,10.0,277.0,-66.0,393.0,52.0,55.0
-106.0,,176.0,106.0,-8.0,297.0,-59.0,297.0,116.0,23.0
-95.0,,158.0,89.0,-10.0,279.0,-28.0,617.0,179.0,-14.0
-113.0,,199.0,85.0,-7.0,269.0,-12.0,352.0,232.0,-37.0
-112.0,,173.0,77.0,-6.0,319.0,-44.0,661.0,261.0,-68.0
-130.0,,186.0,53.0,-19.0,322.0,-71.0,465.0,270.0,-105.0
-86.0,,175.0,29.0,-31.0,287.0,-43.0,402.0,249.0,-109.0
-97.0,,151.0,37.0,-41.0,279.0,-29.0,511.0,208.0,-149.0
-123.0,,150.0,24.0,-59.0,289.0,-66.0,258.0,169.0,-177.0
-158.0,,88.0,40.0,-86.0,345.0,-74.0,692.0,139.0,-200.0
-95.0,,58.0,127.0,-116.0,378.0,-74.0,509.0,113.0,-237.0
-90.0,,-2.0,221.0,-122.0,371.0,-97.0,737.0,80.0,-255.0
-139.0,,-50.0,279.0,-80.0,391.0,-122.0,750.0,44.0,-288.0
-146.0,,-88.0,296.0,-4.0,415.0,-142.0,633.0,6.0,-295.0
-107.0,,-152.0,305.0,51.0,411.0,-145.0,936.0,-45.0,-294.0
-65.0,,-202.0,328.0,77.0,406.0,-137.0,718.0,-92.0,-277.0
-107.0,,-255.0,360.0,66.0,394.0,-151.0,1062.0,-126.0,-239.0
-78.0,,-302.0,381.0,13.0,367.0,-148.0,844.0,-138.0,-199.0
-72.0,,-338.0,344.0,-46.0,336.0,-158.0,837.0,-118.0,-150.0
-40.0,,-351.0,304.0,-87.0,313.0,-175.0,903.0,-90.0,-114.0
-52.0,,-365.0,275.0,-96.0,362.0,-165.0,683.0,-63.0,-113.0
-64.0,,-354.0,224.0,-63.0,344.0,-194.0,1093.0,-28.0,-139.0
-36.0,,-320.0,256.0,-20.0,258.0,-195.0,899.0,8.0,-169.0
-20.0,,-290.0,297.0,10.0,260.0,-172.0,1160.0,26.0,-237.0
5.0,,-251.0,280.0,22.0,277.0,-137.0,1069.0,16.0,-302.0
-28.0,,-195.0,249.0,3.0,291.0,-99.0,905.0,10.0,-361.0
87.0,,-154.0,227.0,-11.0,273.0,-67.0,1110.0,13.0,-413.0
162.0,,-110.0,273.0,-10.0,248.0,-23.0,807.0,16.0,-424.0
182.0,,-68.0,317.0,8.0,246.0,-28.0,1184.0,41.0,-437.0
231.0,,-46.0,307.0,53.0,246.0,-19.0,1049.0,86.0,-416.0
280.0,,0.0,251.0,109.0,227.0,15.0,1136.0,147.0,-392.0
366.0,,18.0,212.0,167.0,190.0,28.0,1230.0,221.0,-378.0
366.0,,58.0,183.0,208.0,227.0,24.0,992.0,295.0,-374.0
399.0,,82.0,133.0,241.0,230.0,38.0,1298.0,386.0,-442.0
430.0,,108.0,124.0,261.0,202.0,51.0,1005.0,479.0,-531.0
492.0,,141.0,117.0,255.0,173.0,43.0,1278.0,559.0,-631.0
495.0,,116.0,157.0,232.0,139.0,56.0,1265.0,626.0,-781.0
455.0,,119.0,217.0,198.0,189.0,59.0,1221.0,687.0,-932.0
460.0,,116.0,203.0,166.0,181.0,58.0,1409.0,738.0,-1054.0
446.0,,89.0,162.0,133.0,97.0,78.0,1036.0,766.0,-1150.0
424.0,,49.0,159.0,114.0,58.0,105.0,1304.0,778.0,-1204.0
325.0,,27.0,170.0,117.0,110.0,113.0,1064.0,778.0,-1227.0
332.0,,-10.0,131.0,119.0,167.0,101.0,1193.0,781.0,-1211.0
361.0,,-51.0,62.0,86.0,144.0,107.0,1297.0,776.0,-1136.0
336.0,,-90.0,-27.0,-9.0,154.0,123.0,1213.0,735.0,-1031.0
298.0,,-150.0,-139.0,-152.0,220.0,131.0,1600.0,680.0,-920.0
270.0,,-158.0,-234.0,-291.0,238.0,146.0,1310.0,618.0,-810.0
293.0,,-223.0,-294.0,-381.0,223.0,162.0,1576.0,545.0,-681.0
267.0,,-255.0,-316.0,-395.0,231.0,158.0,1407.0,478.0,-549.0
207.0,,-251.0,-305.0,-346.0,245.0,146.0,1378.0,389.0,-437.0
139.0,,-275.0,-259.0,-262.0,214.0,144.0,1570.0,309.0,-333.0
167.0,,-258.0,-228.0,-155.0,161.0,158.0,1287.0,248.0,-240.0
144.0,,-231.0,-199.0,-43.0,179.0,185.0,1607.0,177.0,-176.0
9.0,,-204.0,-140.0,51.0,248.0,190.0,1297.0,113.0,-128.0
-49.0,,-157.0,-94.0,132.0,301.0,182.0,1420.0,45.0,-70.0
-36.0,,-96.0,-22.0,214.0,303.0,187.0,1372.0,-25.0,-26.0
-53.0,,-58.0,49.0,297.0,316.0,177.0,1138.0,-88.0,3.0
-168.0,,31.0,84.0,363.0,352.0,156.0,1400.0,-136.0,21.0
-250.0,,100.0,89.0,406.0,327.0,141.0,1088.0,-163.0,29.0
-235.0,,160.0,75.0,416.0,296.0,135.0,1393.0,-178.0,27.0
-209.0,,244.0,83.0,399.0,260.0,138.0,1278.0,-190.0,12.0
-241.0,,290.0,31.0,350.0,279.0,153.0,1308.0,-187.0,8.0
-287.0,,349.0,-79.0,291.0,322.0,169.0,1426.0,-167.0,-28.0
-252.0,,380.0,-187.0,238.0,281.0,172.0,1158.0,-155.0,-86.0
-213.0,,400.0,-256.0,177.0,249.0,188.0,1433.0,-121.0,-157.0
-262.0,,405.0,-299.0,111.0,262.0,232.0,1066.0,-102.0,-249.0
-335.0,,397.0,-374.0,53.0,258.0,250.0,1225.0,-91.0,-350.0
-298.0,,389.0,-398.0,18.0,239.0,230.0,1147.0,-39.0,-469.0
-209.0,,371.0,-372.0,-6.0,210.0,223.0,981.0,14.0,-563.0
-261.0,,357.0,-339.0,-21.0,169.0,215.0,1217.0,66.0,-652.0
-296.0,,331.0,-267.0,-5.0,196.0,202.0,899.0,128.0,-732.0
-243.0,,307.0,-204.0,28.0,198.0,188.0,1213.0,182.0,-770.0
-182.0,,283.0,-220.0,60.0,137.0,157.0,1036.0,221.0,-784.0
-180.0,,254.0,-237.0,93.0,108.0,154.0,1151.0,247.0,-752.0
-233.0,,245.0,-196.0,115.0,109.0,190.0,1271.0,252.0,-687.0
-191.0,,239.0,-140.0,115.0,127.0,226.0,1049.0,264.0,-591.0
-125.0,,225.0,-99.0,84.0,74.0,222.0,1306.0,282.0,-460.0
-86.0,,245.0,-86.0,29.0,36.0,224.0,940.0,276.0,-333.0
-113.0,,259.0,-70.0,-9.0,30.0,243.0,1176.0,280.0,-214.0
-89.0,,288.0,-35.0,-21.0,-2.0,207.0,1099.0,270.0,-109.0
20.0,,307.0,-42.0,-1.0,3.0,172.0,1069.0,243.0,-40.0
40.0,,306.0,-59.0,31.0,0.0,163.0,1265.0,195.0,-22.0
18.0,,349.0,-34.0,42.0,-10.0,180.0,896.0,139.0,-33.0
79.0,,375.0,-42.0,40.0,-16.0,205.0,1136.0,87.0,-57.0
209.0,,408.0,-93.0,33.0,-88.0,204.0,827.0,27.0,-145.0
217.0,,458.0,-107.0,18.0,-168.0,213.0,901.0,-19.0,-235.0
208.0,,483.0,-96.0,-10.0,-162.0,209.0,962.0,-58.0,-291.0
245.0,,519.0,-65.0,-32.0,-162.0,203.0,853.0,-72.0,-336.0
313.0,,525.0,-27.0,-19.0,-190.0,189.0,1202.0,-64.0,-325.0
350.0,,523.0,-41.0,14.0,-191.0,172.0,958.0,-54.0,-271.0
305.0,,525.0,-24.0,45.0,-177.0,162.0,1217.0,-51.0,-170.0
326.0,,516.0,14.0,73.0,-181.0,123.0,1010.0,-50.0,-22.0
315.0,,506.0,19.0,99.0,-223.0,112.0,990.0,-33.0,168.0
329.0,,469.0,30.0,111.0,-243.0,118.0,1169.0,-26.0,370.0
260.0,,470.0,49.0,89.0,-223.0,124.0,912.0,-32.0,568.0
220.0,,450.0,116.0,38.0,-204.0,161.0,1261.0,-32.0,743.0
296.0,,427.0,197.0,-6.0,-226.0,172.0,975.0,-32.0,871.0
256.0,,447.0,292.0,-16.0,-273.0,151.0,1073.0,-44.0,999.0
198.0,,418.0,388.0,-9.0,-293.0,163.0,962.0,-57.0,1049.0
135.0,,407.0,425.0,-10.0,-273.0,182.0,711.0,-68.0,1032.0
204.0,,381.0,463.0,-37.0,-294.0,156.0,938.0,-77.0,1006.0
182.0,,354.0,510.0,-89.0,-337.0,110.0,622.0,-88.0,924.0
81.0,,348.0,564.0,-147.0,-306.0,102.0,964.0,-100.0,839.0
38.0,,297.0,582.0,-212.0,-306.0,101.0,896.0,-96.0,768.0
34.0,,279.0,569.0,-265.0,-337.0,86.0,1005.0,-98.0,704.0
97.0,,263.0,563.0,-277.0,-327.0,98.0,1123.0,-100.0,666.0
-2.0,,232.0,507.0,-251.0,-302.0,129.0,772.0,-100.0,632.0
-52.0,,234.0,448.0,-202.0,-305.0,156.0,1019.0,-109.0,601.0
23.0,,220.0,398.0,-146.0,-358.0,164.0,711.0,-116.0,577.0
132.0,,191.0,318.0,-96.0,-403.0,172.0,936.0,-125.0,555.0
102.0,,167.0,260.0,-39.0,-376.0,176.0,947.0,-132.0,514.0
32.0,,128.0,256.0,12.0,-326.0,184.0,855.0,-122.0,467.0
100.0,,80.0,244.0,57.0,-365.0,218.0,1095.0,-111.0,406.0
177.0,,41.0,209.0,103.0,-388.0,204.0,727.0,-105.0,290.0
205.0,,3.0,222.0,135.0,-364.0,146.0,916.0,-89.0,164.0
150.0,,-52.0,304.0,149.0,-367.0,116.0,606.0,-53.0,19.0
227.0,,-119.0,403.0,135.0,-421.0,77.0,639.0,-6.0,-152.0
314.0,,-193.0,448.0,123.0,-473.0,55.0,764.0,30.0,-305.0
370.0,,-224.0,448.0,146.0,-402.0,52.0,552.0,60.0,-431.0
377.0,,-250.0,431.0,156.0,-344.0,43.0,866.0,120.0,-516.0
357.0,,-302.0,377.0,140.0,-370.0,57.0,561.0,192.0,-580.0
476.0,,-308.0,309.0,115.0,-406.0,63.0,798.0,259.0,-600.0
474.0,,-333.0,252.0,83.0,-394.0,81.0,753.0,321.0,-561.0
391.0,,-331.0,178.0,48.0,-341.0,111.0,663.0,370.0,-478.0
358.0,,-293.0,86.0,9.0,-330.0,119.0,873.0,423.0,-356.0
439.0,,-300.0,9.0,-22.0,-367.0,104.0,569.0,471.0,-200.0
445.0,,-247.0,-24.0,-37.0,-383.0,91.0,840.0,510.0,-26.0
329.0,,-216.0,-34.0,-37.0,-353.0,82.0,574.0,546.0,138.0
302.0,,-180.0,-45.0,-15.0,-422.0,51.0,648.0,589.0,308.0
343.0,,-127.0,-39.0,33.0,-495.0,7.0,709.0,612.0,462.0
394.0,,-95.0,-2.0,95.0,-437.0,-19.0,460.0,603.0,602.0
335.0,,-19.0,43.0,140.0,-404.0,-21.0,742.0,586.0,746.0
323.0,,38.0,10.0,144.0,-436.0,-51.0,450.0,564.0,882.0
343.0,,82.0,-6.0,122.0,-500.0,-84.0,674.0,528.0,1004.0
377.0,,156.0,50.0,83.0,-510.0,-68.0,554.0,488.0,1075.0
358.0,,226.0,83.0,38.0,-446.0,-58.0,498.0,458.0,1093.0
320.0,,255.0,141.0,-2.0,-438.0,-37.0,711.0,446.0,1086.0
377.0,,318.0,194.0,-35.0,-457.0,-19.0,471.0,453.0,1049.0
350.0,,345.0,238.0,-47.0,-416.0,-32.0,833.0,457.0,995.0
294.0,,388.0,318.0,-57.0,-370.0,0.0,591.0,455.0,933.0
195.0,,429.0,333.0,-88.0,-404.0,40.0,705.0,470.0,902.0
233.0,,427.0,322.0,-151.0,-446.0,54.0,681.0,486.0,901.0
240.0,,477.0,312.0,-208.0,-415.0,67.0,419.0,503.0,897.0
157.0,,477.0,276.0,-214.0,-375.0,49.0,648.0,517.0,913.0
149.0,,481.0,238.0,-190.0,-382.0,37.0,282.0,521.0,918.0
157.0,,502.0,127.0,-146.0,-452.0,35.0,558.0,506.0,917.0
253.0,,484.0,-20.0,-82.0,-493.0,18.0,432.0,471.0,886.0
186.0,,465.0,-174.0,-18.0,-467.0,20.0,404.0,419.0,811.0
153.0,,470.0,-294.0,17.0,-420.0,26.0,543.0,343.0,729.0
191.0,,433.0,-376.0,14.0,-384.0,14.0,242.0,252.0,662.0
276.0,,410.0,-493.0,25.0,-429.0,14.0,526.0,133.0,622.0
281.0,,416.0,-550.0,65.0,-438.0,31.0,219.0,8.0,597.0
166.0,,384.0,-602.0,107.0,-374.0,57.0,380.0,-103.0,622.0
224.0,,389.0,-625.0,128.0,-423.0,102.0,362.0,-226.0,688.0
251.0,,380.0,-566.0,132.0,-505.0,164.0,192.0,-325.0,780.0
247.0,,379.0,-480.0,145.0,-473.0,213.0,413.0,-406.0,871.0
140.0,,390.0,-366.0,172.0,-436.0,230.0,49.0,-450.0,930.0
169.0,,374.0,-273.0,177.0,-404.0,250.0,247.0,-485.0,968.0
255.0,,369.0,-196.0,125.0,-386.0,273.0,18.0,-542.0,969.0
255.0,,381.0,-99.0,38.0,-390.0,303.0,60.0,-567.0,926.0
231.0,,371.0,2.0,-47.0,-344.0,351.0,214.0,-562.0,851.0
167.0,,356.0,78.0,-109.0,-351.0,380.0,20.0,-539.0,774.0
238.0,,373.0,155.0,-144.0,-403.0,366.0,358.0,-506.0,703.0
168.0,,372.0,200.0,-149.0,-383.0,341.0,60.0,-448.0,659.0
98.0,,409.0,208.0,-130.0,-317.0,337.0,216.0,-377.0,636.0
29.0,,415.0,200.0,-113.0,-273.0,309.0,110.0,-290.0,635.0
49.0,,434.0,151.0,-100.0,-290.0,280.0,-33.0,-181.0,669.0
60.0,,481.0,86.0,-78.0,-291.0,264.0,188.0,-92.0,715.0
-67.0,,481.0,-10.0,-34.0,-237.0,252.0,-145.0,-8.0,794.0
-81.0,,533.0,-91.0,15.0,-239.0,253.0,120.0,69.0,883.0
-104.0,,570.0,-146.0,53.0,-274.0,249.0,-134.0,137.0,983.0
-67.0,,592.0,-217.0,89.0,-263.0,276.0,-116.0,186.0,1084.0
-131.0,,645.0,-278.0,121.0,-234.0,299.0,-40.0,218.0,1188.0
-183.0,,678.0,-310.0,140.0,-221.0,292.0,-282.0,241.0,1252.0
-193.0,,693.0,-317.0,125.0,-302.0,292.0,1.0,239.0,1251.0
-199.0,,711.0,-278.0,86.0,-298.0,312.0,-343.0,217.0,1232.0
-215.0,,719.0,-167.0,40.0,-160.0,324.0,-136.0,185.0,1175.0
-312.0,,702.0,-48.0,-4.0,-145.0,322.0,-221.0,151.0,1123.0
-249.0,,694.0,89.0,-54.0,-164.0,320.0,-293.0,109.0,1091.0
-221.0,,655.0,264.0,-115.0,-123.0,299.0,-48.0,65.0,1085.0
-233.0,,619.0,412.0,-164.0,-64.0,319.0,-384.0,30.0,1081.0
-270.0,,587.0,495.0,-185.0,-66.0,364.0,-140.0,-11.0,1073.0
-215.0,,540.0,528.0,-168.0,-130.0,393.0,-439.0,-58.0,1049.0
-112.0,,531.0,551.0,-121.0,-128.0,404.0,-378.0,-105.0,980.0
-138.0,,489.0,561.0,-62.0,-52.0,404.0,-314.0,-151.0,917.0
-126.0,,454.0,553.0,-10.0,-12.0,416.0,-517.0,-170.0,840.0
-70.0,,446.0,537.0,16.0,-39.0,413.0,-219.0,-177.0,717.0
29.0,,420.0,514.0,21.0,-20.0,403.0,-541.0,-190.0,565.0
58.0,,417.0,466.0,28.0,43.0,412.0,-290.0,-172.0,430.0
110.0,,386.0,413.0,39.0,66.0,426.0,-388.0,-147.0,305.0
219.0,,377.0,380.0,33.0,50.0,412.0,-415.0,-132.0,183.0
324.0,,365.0,343.0,20.0,2.0,412.0,-229.0,-109.0,70.0
402.0,,339.0,331.0,21.0,-14.0,443.0,-561.0,-86.0,-6.0
427.0,,334.0,346.0,35.0,32.0,437.0,-314.0,-56.0,-26.0
522.0,,314.0,391.0,41.0,23.0,426.0,-646.0,-25.0,-18.0
617.0,,342.0,491.0,50.0,0.0,456.0,-569.0,20.0,8.0
654.0,,340.0,596.0,67.0,27.0,470.0,-563.0,77.0,56.0
661.0,,335.0,695.0,77.0,47.0,467.0,-700.0,121.0,153.0
724.0,,369.0,837.0,73.0,36.0,472.0,-384.0,169.0,271.0
796.0,,373.0,981.0,48.0,22.0,470.0,-727.0,215.0,404.0
820.0,,392.0,1069.0,9.0,64.0,467.0,-495.0,260.0,546.0
827.0,,384.0,1113.0,-52.0,105.0,431.0,-659.0,302.0,690.0
860.0,,363.0,1114.0,-115.0,117.0,367.0,-641.0,367.0,833.0
919.0,,350.0,1075.0,-147.0,132.0,339.0,-456.0,434.0,969.0
921.0,,306.0,1003.0,-137.0,152.0,315.0,-722.0,474.0,1098.0
899.0,,248.0,918.0,-98.0,156.0,288.0,-410.0,518.0,1185.0
859.0,,176.0,851.0,-59.0,112.0,251.0,-726.0,556.0,1242.0
873.0,,106.0,802.0,-27.0,129.0,196.0,-613.0,577.0,1266.0
850.0,,42.0,778.0,1.0,244.0,182.0,-689.0,600.0,1253.0
755.0,,-43.0,736.0,32.0,329.0,169.0,-853.0,634.0,1191.0
677.0,,-102.0,678.0,46.0,323.0,144.0,-622.0,667.0,1107.0
655.0,,-135.0,658.0,39.0,252.0,119.0,-973.0,690.0,1028.0
643.0,,-176.0,633.0,25.0,283.0,98.0,-648.0,699.0,958.0
556.0,,-188.0,572.0,13.0,389.0,93.0,-812.0,705.0,899.0
505.0,,-218.0,527.0,17.0,415.0,78.0,-792.0,707.0,840.0
450.0,,-223.0,491.0,13.0,370.0,71.0,-661.0,679.0,822.0
419.0,,-235.0,418.0,-1.0,369.0,65.0,-921.0,645.0,834.0
352.0,,-239.0,374.0,-29.0,454.0,44.0,-631.0,611.0,857.0
291.0,,-217.0,370.0,-69.0,467.0,-6.0,-899.0,561.0,885.0
289.0,,-226.0,352.0,-103.0,469.0,-37.0,-685.0,499.0,897.0
250.0,,-186.0,328.0,-105.0,474.0,-32.0,-735.0,431.0,876.0
239.0,,-180.0,257.0,-67.0,438.0,-52.0,-776.0,371.0,828.0
169.0,,-147.0,172.0,-11.0,441.0,-83.0,-545.0,306.0,787.0
193.0,,-73.0,103.0,43.0,413.0,-115.0,-944.0,236.0,757.0
229.0,,-40.0,2.0,86.0,426.0,-105.0,-737.0,157.0,733.0
202.0,,0.0,-100.0,134.0,465.0,-63.0,-1016.0,65.0,714.0
192.0,,51.0,-199.0,171.0,467.0,-43.0,-938.0,-26.0,713.0
169.0,,82.0,-260.0,169.0,461.0,-15.0,-825.0,-117.0,720.0
174.0,,116.0,-249.0,142.0,451.0,9.0,-1025.0,-185.0,723.0
87.0,,145.0,-172.0,106.0,475.0,4.0,-711.0,-220.0,733.0
23.0,,133.0,-29.0,72.0,506.0,-2.0,-984.0,-233.0,699.0
27.0,,189.0,108.0,41.0,462.0,-7.0,-742.0,-242.0,630.0
8.0,,174.0,223.0,11.0,400.0,-16.0,-825.0,-249.0,584.0
-86.0,,163.0,324.0,-9.0,465.0,6.0,-857.0,-250.0,523.0
-181.0,,181.0,387.0,-28.0,481.0,38.0,-618.0,-250.0,465.0
-215.0,,165.0,438.0,-34.0,420.0,68.0,-879.0,-262.0,421.0
-258.0,,189.0,456.0,-32.0,425.0,85.0,-609.0,-285.0,398.0
-319.0,,177.0,432.0,-47.0,459.0,57.0,-877.0,-304.0,375.0
-404.0,,220.0,379.0,-60.0,485.0,29.0,-720.0,-311.0,363.0
-407.0,,237.0,310.0,-69.0,440.0,14.0,-720.0,-300.0,374.0
-440.0,,251.0,239.0,-65.0,422.0,-3.0,-982.0,-291.0,357.0
-482.0,,284.0,183.0,-42.0,450.0,-19.0,-764.0,-266.0,337.0
-521.0,,288.0,148.0,-2.0,462.0,-54.0,-1121.0,-232.0,284.0
-570.0,,324.0,138.0,54.0,417.0,-56.0,-818.0,-217.0,207.0
-555.0,,347.0,159.0,104.0,348.0,-23.0,-888.0,-201.0,138.0
-586.0,,372.0,164.0,133.0,390.0,-24.0,-846.0,-205.0,81.0
-588.0,,387.0,168.0,120.0,406.0,-30.0,-683.0,-215.0,85.0
-599.0,,406.0,191.0,53.0,335.0,-28.0,-997.0,-236.0,118.0
-545.0,,412.0,224.0,-48.0,304.0,-46.0,-663.0,-264.0,162.0
-470.0,,404.0,278.0,-156.0,305.0,-48.0,-894.0,-284.0,260.0
-461.0,,405.0,315.0,-255.0,252.0,-32.0,-696.0,-314.0,378.0
-413.0,,396.0,318.0,-318.0,242.0,-66.0,-663.0,-310.0,490.0
-376.0,,371.0,294.0,-313.0,250.0,-112.0,-790.0,-278.0,608.0
-287.0,,350.0,267.0,-225.0,208.0,-126.0,-508.0,-214.0,700.0
-222.0,,319.0,286.0,-93.0,188.0,-152.0,-824.0,-132.0,764.0
-199.0,,279.0,308.0,18.0,186.0,-198.0,-545.0,-63.0,789.0
-164.0,,270.0,320.0,92.0,225.0,-224.0,-722.0,0.0,750.0
-139.0,,201.0,345.0,141.0,233.0,-236.0,-739.0,72.0,669.0
-92.0,,162.0,397.0,181.0,237.0,-255.0,-648.0,157.0,594.0
-66.0,,129.0,480.0,191.0,241.0,-271.0,-947.0,242.0,499.0
-54.0,,72.0,515.0,152.0,212.0,-272.0,-644.0,325.0,379.0
-45.0,,59.0,539.0,75.0,214.0,-241.0,-923.0,389.0,261.0
-26.0,,-33.0,602.0,-25.0,235.0,-191.0,-700.0,453.0,135.0
-9.0,,-65.0,657.0,-126.0,287.0,-145.0,-637.0,513.0,40.0
22.0,,-90.0,678.0,-227.0,242.0,-117.0,-702.0,552.0,-74.0
62.0,,-196.0,687.0,-323.0,190.0,-107.0,-380.0,575.0,-216.0
79.0,,-207.0,700.0,-376.0,242.0,-79.0,-628.0,573.0,-321.0
84.0,,-240.0,699.0,-362.0,236.0,-50.0,-314.0,553.0,-392.0
75.0,,-306.0,705.0,-297.0,206.0,-42.0,-478.0,511.0,-447.0
57.0,,-313.0,711.0,-225.0,223.0,-17.0,-474.0,443.0,-479.0
101.0,,-369.0,677.0,-171.0,326.0,22.0,-463.0,367.0,-477.0
161.0,,-377.0,620.0,-143.0,431.0,59.0,-801.0,289.0,-468.0
131.0,,-375.0,577.0,-142.0,399.0,112.0,-600.0,204.0,-447.0
140.0,,-411.0,523.0,-163.0,319.0,150.0,-957.0,99.0,-421.0
158.0,,-373.0,525.0,-197.0,367.0,168.0,-748.0,-8.0,-377.0
145.0,,-372.0,608.0,-228.0,464.0,199.0,-853.0,-89.0,-323.0
128.0,,-313.0,692.0,-248.0,423.0,217.0,-982.0,-162.0,-299.0
94.0,,-254.0,816.0,-253.0,363.0,234.0,-698.0,-205.0,-285.0
119.0,,-232.0,985.0,-222.0,379.0,215.0,-862.0,-214.0,-271.0
103.0,,-146.0,1166.0,-175.0,459.0,158.0,-460.0,-209.0,-249.0
45.0,,-96.0,1292.0,-145.0,507.0,142.0,-642.0,-178.0,-217.0
-24.0,,-58.0,1342.0,-137.0,448.0,135.0,-537.0,-122.0,-194.0
-33.0,,-6.0,1366.0,-131.0,473.0,107.0,-526.0,-55.0,-198.0
-62.0,,55.0,1325.0,-112.0,540.0,80.0,-759.0,9.0,-206.0
-169.0,,70.0,1229.0,-89.0,523.0,70.0,-476.0,76.0,-229.0
-214.0,,93.0,1117.0,-57.0,497.0,52.0,-800.0,131.0,-269.0
-243.0,,81.0,1016.0,-9.0,515.0,22.0,-515.0,167.0,-289.0
-241.0,,36.0,928.0,36.0,555.0,1.0,-630.0,198.0,-316.0
-285.0,,45.0,820.0,79.0,516.0,-15.0,-691.0,233.0,-347.0
-286.0,,-3.0,709.0,114.0,486.0,-11.0,-482.0,250.0,-369.0
-261.0,,-31.0,603.0,136.0,538.0,-14.0,-818.0,240.0,-377.0
-279.0,,-62.0,525.0,148.0,556.0,-28.0,-570.0,228.0,-398.0
-266.0,,-112.0,487.0,142.0,559.0,-28.0,-825.0,225.0,-411.0
-259.0,,-98.0,463.0,116.0,571.0,-43.0,-635.0,233.0,-392.0
-201.0,,-117.0,463.0,79.0,596.0,-54.0,-580.0,234.0,-368.0
-181.0,,-119.0,484.0,58.0,646.0,-67.0,-748.0,240.0,-335.0
-164.0,,-95.0,519.0,51.0,644.0,-105.0,-450.0,229.0,-314.0
-152.0,,-80.0,541.0,25.0,621.0,-141.0,-777.0,216.0,-322.0
-106.0,,-65.0,551.0,2.0,646.0,-129.0,-458.0,211.0,-356.0
-22.0,,-48.0,584.0,22.0,638.0,-104.0,-604.0,192.0,-406.0
-18.0,,-10.0,612.0,71.0,597.0,-123.0,-624.0,189.0,-463.0
12.0,,-15.0,600.0,93.0,598.0,-137.0,-413.0,175.0,-516.0
36.0,,-16.0,556.0,70.0,601.0,-134.0,-633.0,161.0,-544.0
65.0,,-10.0,519.0,31.0,627.0,-134.0,-254.0,161.0,-534.0
28.0,,-8.0,491.0,-3.0,632.0,-145.0,-541.0,159.0,-527.0
-44.0,,-5.0,468.0,-27.0,569.0,-171.0,-428.0,167.0,-548.0
-16.0,,-28.0,443.0,-43.0,578.0,-197.0,-519.0,172.0,-546.0
-24.0,,-25.0,390.0,-51.0,629.0,-230.0,-709.0,188.0,-558.0
-103.0,,-30.0,328.0,-47.0,609.0,-266.0,-465.0,205.0,-594.0
-202.0,,-36.0,245.0,-22.0,565.0,-277.0,-768.0,216.0,-633.0
-237.0,,-46.0,168.0,10.0,532.0,-266.0,-417.0,227.0,-679.0
-259.0,,-57.0,125.0,35.0,482.0,-268.0,-582.0,233.0,-731.0
-327.0,,-30.0,79.0,66.0,433.0,-244.0,-545.0,241.0,-791.0
-384.0,,-34.0,35.0,127.0,384.0,-249.0,-397.0,240.0,-856.0
-444.0,,-25.0,-7.0,218.0,361.0,-295.0,-622.0,255.0,-946.0
-493.0,,-10.0,-47.0,308.0,379.0,-324.0,-282.0,277.0,-1013.0
-541.0,,-16.0,-48.0,362.0,370.0,-350.0,-517.0,299.0,-1067.0
-623.0,,8.0,-28.0,343.0,365.0,-353.0,-277.0,338.0,-1123.0
-634.0,,-7.0,-17.0,250.0,354.0,-354.0,-308.0,377.0,-1150.0
-594.0,,-16.0,-31.0,125.0,344.0,-365.0,-365.0,415.0,-1163.0
-653.0,,6.0,-73.0,5.0,379.0,-388.0,-118.0,448.0,-1158.0
-696.0,,12.0,-117.0,-97.0,361.0,-406.0,-419.0,478.0,-1158.0
-673.0,,30.0,-163.0,-186.0,314.0,-408.0,-101.0,512.0,-1146.0
-671.0,,67.0,-175.0,-241.0,332.0,-417.0,-352.0,534.0,-1107.0
-697.0,,67.0,-167.0,-249.0,340.0,-473.0,-321.0,520.0,-1078.0
-762.0,,81.0,-162.0,-195.0,246.0,-551.0,-266.0,485.0,-1041.0
-800.0,,108.0,-133.0,-98.0,174.0,-599.0,-497.0,444.0,-980.0
-842.0,,78.0,-109.0,-10.0,160.0,-658.0,-182.0,394.0,-914.0
-896.0,,87.0,-94.0,44.0,140.0,-675.0,-473.0,350.0,-831.0
-925.0,,59.0,-68.0,73.0,116.0,-679.0,-205.0,307.0,-718.0
-939.0,,25.0,-22.0,98.0,71.0,-688.0,-288.0,250.0,-619.0
-900.0,,17.0,8.0,105.0,50.0,-665.0,-288.0,181.0,-510.0
-907.0,,-16.0,-7.0,94.0,45.0,-646.0,-31.0,103.0,-392.0
-948.0,,-18.0,-22.0,57.0,30.0,-607.0,-319.0,19.0,-314.0
-925.0,,-40.0,5.0,0.0,12.0,-562.0,46.0,-45.0,-259.0
-871.0,,-68.0,36.0,-49.0,43.0,-541.0,-194.0,-89.0,-211.0
-851.0,,-65.0,46.0,-91.0,62.0,-528.0,-90.0,-114.0,-164.0
-869.0,,-36.0,58.0,-115.0,62.0,-558.0,-12.0,-117.0,-130.0
-835.0,,-45.0,51.0,-119.0,57.0,-599.0,-155.0,-91.0,-102.0
-803.0,,-16.0,36.0,-100.0,33.0,-618.0,116.0,-58.0,-52.0
-787.0,,36.0,72.0,-82.0,69.0,-656.0,-249.0,-30.0,-19.0
-782.0,,42.0,128.0,-54.0,64.0,-655.0,-97.0,4.0,-14.0
-782.0,,107.0,128.0,-5.0,18.0,-640.0,-323.0,40.0,-18.0
-742.0,,121.0,95.0,33.0,3.0,-635.0,-260.0,74.0,-63.0
-710.0,,133.0,81.0,62.0,67.0,-636.0,-3.0,79.0,-132.0
-684.0,,159.0,77.0,60.0,149.0,-637.0,-151.0,66.0,-227.0
-673.0,,143.0,107.0,33.0,103.0,-601.0,280.0,36.0,-365.0
-579.0,,150.0,179.0,15.0,75.0,-593.0,105.0,-21.0,-515.0
-508.0,,120.0,251.0,-22.0,116.0,-556.0,375.0,-94.0,-670.0
-517.0,,99.0,316.0,-84.0,110.0,-501.0,376.0,-175.0,-791.0
-467.0,,77.0,354.0,-128.0,64.0,-472.0,269.0,-233.0,-873.0
-387.0,,-1.0,368.0,-126.0,36.0,-450.0,532.0,-278.0,-916.0
-312.0,,-59.0,358.0,-99.0,66.0,-426.0,269.0,-313.0,-907.0
-231.0,,-87.0,332.0,-60.0,95.0,-377.0,604.0,-329.0,-913.0
-129.0,,-185.0,333.0,-18.0,64.0,-364.0,367.0,-326.0,-907.0
-124.0,,-238.0,334.0,1.0,-2.0,-347.0,434.0,-310.0,-886.0
-86.0,,-291.0,320.0,0.0,-6.0,-305.0,465.0,-287.0,-889.0
8.0,,-387.0,284.0,-23.0,20.0,-286.0,120.0,-248.0,-895.0
38.0,,-425.0,245.0,-74.0,-32.0,-287.0,424.0,-201.0,-914.0
107.0,,-514.0,226.0,-121.0,-58.0,-267.0,173.0,-154.0,-950.0
206.0,,-559.0,203.0,-138.0,-52.0,-269.0,506.0,-121.0,-976.0
259.0,,-591.0,202.0,-129.0,-13.0,-294.0,535.0,-112.0,-977.0
256.0,,-633.0,210.0,-86.0,10.0,-283.0,556.0,-121.0,-973.0
303.0,,-641.0,169.0,0.0,-31.0,-294.0,846.0,-128.0,-937.0
337.0,,-661.0,105.0,105.0,33.0,-329.0,585.0,-128.0,-876.0
333.0,,-656.0,82.0,181.0,39.0,-377.0,864.0,-130.0,-845.0
319.0,,-648.0,107.0,218.0,-29.0,-395.0,556.0,-120.0,-803.0
296.0,,-630.0,116.0,227.0,-88.0,-367.0,642.0,-67.0,-756.0
239.0,,-594.0,89.0,205.0,-137.0,-349.0,683.0,17.0,-725.0
218.0,,-540.0,64.0,179.0,-119.0,-342.0,456.0,97.0,-717.0
251.0,,-511.0,46.0,165.0,-177.0,-319.0,739.0,180.0,-737.0
192.0,,-441.0,37.0,157.0,-237.0,-272.0,413.0,270.0,-763.0
144.0,,-370.0,17.0,146.0,-248.0,-242.0,639.0,358.0,-819.0
122.0,,-311.0,9.0,110.0,-204.0,-208.0,493.0,441.0,-925.0
104.0,,-216.0,25.0,64.0,-217.0,-171.0,473.0,521.0,-1044.0
33.0,,-177.0,20.0,11.0,-315.0,-166.0,668.0,587.0,-1149.0
-15.0,,-102.0,2.0,-50.0,-287.0,-159.0,373.0,631.0,-1261.0
-6.0,,-39.0,-19.0,-97.0,-212.0,-135.0,711.0,662.0,-1362.0
-31.0,,-17.0,-35.0,-126.0,-200.0,-122.0,502.0,660.0,-1470.0
14.0,,41.0,-20.0,-111.0,-288.0,-135.0,772.0,649.0,-1587.0
-5.0,,29.0,17.0,-67.0,-352.0,-142.0,931.0,636.0,-1680.0
-41.0,,11.0,73.0,-35.0,-308.0,-135.0,840.0,587.0,-1759.0
-1.0,,7.0,123.0,-18.0,-252.0,-112.0,1128.0,539.0,-1846.0
23.0,,-68.0,158.0,-26.0,-273.0,-109.0,777.0,497.0,-1937.0
12.0,,-129.0,169.0,-36.0,-327.0,-107.0,1001.0,452.0,-1979.0
-2.0,,-174.0,145.0,-23.0,-272.0,-51.0,803.0,405.0,-2009.0
58.0,,-254.0,104.0,5.0,-262.0,-15.0,807.0,359.0,-2023.0
33.0,,-316.0,33.0,42.0,-328.0,1.0,927.0,323.0,-1984.0
-6.0,,-375.0,-33.0,70.0,-342.0,-7.0,674.0,297.0,-1930.0
38.0,,-421.0,-78.0,79.0,-325.0,-39.0,981.0,273.0,-1854.0
27.0,,-439.0,-128.0,74.0,-342.0,-43.0,642.0,249.0,-1762.0
-9.0,,-485.0,-177.0,75.0,-400.0,-25.0,816.0,236.0,-1664.0
-47.0,,-502.0,-229.0,90.0,-468.0,-15.0,753.0,213.0,-1546.0
-63.0,,-478.0,-271.0,87.0,-497.0,-30.0,676.0,161.0,-1436.0
-48.0,,-478.0,-296.0,67.0,-448.0,-36.0,1023.0,104.0,-1333.0
-63.0,,-458.0,-299.0,41.0,-479.0,-45.0,766.0,57.0,-1253.0
-106.0,,-402.0,-286.0,7.0,-522.0,-31.0,1101.0,16.0,-1215.0
-113.0,,-356.0,-263.0,-7.0,-505.0,-37.0,899.0,-20.0,-1193.0
-18.0,,-309.0,-229.0,-6.0,-486.0,-63.0,940.0,-50.0,-1182.0
30.0,,-267.0,-202.0,-22.0,-476.0,-59.0,986.0,-85.0,-1177.0
7.0,,-206.0,-146.0,-57.0,-546.0,-77.0,724.0,-112.0,-1171.0
71.0,,-165.0,-85.0,-111.0,-523.0,-88.0,1051.0,-137.0,-1159.0
137.0,,-139.0,-59.0,-149.0,-449.0,-134.0,742.0,-157.0,-1141.0
168.0,,-78.0,-41.0,-156.0,-446.0,-183.0,994.0,-156.0,-1115.0
125.0,,-63.0,-63.0,-132.0,-459.0,-172.0,934.0,-152.0,-1077.0
122.0,,-3.0,-103.0,-76.0,-494.0,-168.0,816.0,-146.0,-1045.0
192.0,,41.0,-130.0,-33.0,-475.0,-160.0,1023.0,-133.0,-1003.0
193.0,,46.0,-172.0,16.0,-492.0,-138.0,709.0,-119.0,-931.0
191.0,,96.0,-216.0,82.0,-586.0,-99.0,1012.0,-113.0,-860.0
155.0,,122.0,-281.0,119.0,-605.0,-75.0,800.0,-111.0,-797.0
171.0,,159.0,-377.0,127.0,-575.0,-60.0,892.0,-112.0,-729.0
210.0,,187.0,-474.0,115.0,-573.0,-31.0,949.0,-117.0,-677.0
178.0,,203.0,-548.0,109.0,-601.0,14.0,731.0,-127.0,-630.0
130.0,,218.0,-612.0,94.0,-632.0,48.0,982.0,-144.0,-569.0
128.0,,225.0,-659.0,69.0,-623.0,40.0,661.0,-155.0,-518.0
140.0,,212.0,-673.0,68.0,-661.0,40.0,940.0,-171.0,-498.0
45.0,,169.0,-709.0,61.0,-697.0,37.0,837.0,-195.0,-490.0
17.0,,153.0,-726.0,47.0,-684.0,48.0,774.0,-226.0,-486.0
56.0,,126.0,-696.0,36.0,-652.0,57.0,936.0,-271.0,-513.0
8.0,,66.0,-640.0,53.0,-650.0,51.0,676.0,-304.0,-544.0
-72.0,,19.0,-563.0,86.0,-760.0,74.0,1060.0,-331.0,-545.0
-98.0,,-10.0,-463.0,95.0,-786.0,79.0,875.0,-364.0,-524.0
-122.0,,-49.0,-317.0,103.0,-733.0,101.0,1088.0,-398.0,-513.0
-147.0,,-87.0,-179.0,91.0,-747.0,123.0,1134.0,-416.0,-524.0
-156.0,,-128.0,-57.0,33.0,-818.0,140.0,916.0,-416.0,-527.0
-217.0,,-184.0,14.0,-29.0,-884.0,165.0,1106.0,-424.0,-497.0
-196.0,,-225.0,12.0,-71.0,-854.0,173.0,759.0,-424.0,-463.0
-148.0,,-238.0,-6.0,-80.0,-869.0,219.0,1025.0,-404.0,-449.0
-175.0,,-269.0,-14.0,-81.0,-934.0,232.0,811.0,-365.0,-409.0
-240.0,,-280.0,-22.0,-93.0,-950.0,191.0,822.0,-329.0,-348.0
-233.0,,-266.0,-72.0,-87.0,-909.0,152.0,1005.0,-292.0,-292.0
-202.0,,-299.0,-109.0,-65.0,-849.0,143.0,703.0,-232.0,-242.0
-241.0,,-300.0,-103.0,-18.0,-905.0,143.0,1016.0,-159.0,-196.0
-216.0,,-291.0,-76.0,65.0,-959.0,116.0,696.0,-72.0,-138.0
-138.0,,-276.0,-46.0,153.0,-924.0,86.0,763.0,9.0,-90.0
-69.0,,-257.0,-4.0,228.0,-898.0,60.0,713.0,84.0,-60.0
-87.0,,-259.0,59.0,272.0,-935.0,55.0,596.0,156.0,-55.0
-53.0,,-232.0,85.0,265.0,-955.0,47.0,909.0,214.0,-54.0
8.0,,-226.0,86.0,192.0,-877.0,42.0,707.0,272.0,-20.0
37.0,,-228.0,80.0,100.0,-857.0,55.0,1038.0,316.0,17.0
89.0,,-215.0,72.0,15.0,-895.0,67.0,822.0,350.0,54.0
123.0,,-199.0,51.0,-76.0,-934.0,70.0,831.0,371.0,104.0
249.0,,-186.0,21.0,-141.0,-950.0,76.0,886.0,369.0,141.0
350.0,,-183.0,-9.0,-162.0,-903.0,97.0,591.0,327.0,162.0
393.0,,-174.0,-58.0,-134.0,-971.0,97.0,903.0,264.0,173.0
419.0,,-163.0,-85.0,-82.0,-1060.0,88.0,618.0,200.0,196.0
507.0,,-155.0,-127.0,-26.0,-1028.0,76.0,829.0,99.0,227.0
574.0,,-156.0,-167.0,55.0,-984.0,81.0,729.0,-16.0,223.0
534.0,,-182.0,-172.0,137.0,-979.0,127.0,550.0,-118.0,237.0
519.0,,-190.0,-171.0,186.0,-982.0,177.0,683.0,-196.0,274.0
507.0,,-210.0,-201.0,180.0,-934.0,201.0,286.0,-242.0,292.0
515.0,,-257.0,-289.0,129.0,-857.0,194.0,543.0,-262.0,305.0
452.0,,-277.0,-356.0,85.0,-800.0,174.0,332.0,-252.0,316.0
425.0,,-332.0,-374.0,56.0,-833.0,168.0,493.0,-238.0,333.0
436.0,,-363.0,-380.0,32.0,-855.0,165.0,637.0,-220.0,336.0
411.0,,-389.0,-383.0,4.0,-784.0,158.0,456.0,-198.0,341.0
371.0,,-449.0,-375.0,-17.0,-788.0,160.0,798.0,-181.0,330.0
321.0,,-459.0,-379.0,-36.0,-849.0,169.0,456.0,-152.0,318.0
387.0,,-464.0,-434.0,-64.0,-832.0,193.0,642.0,-154.0,314.0
402.0,,-484.0,-495.0,-83.0,-767.0,208.0,515.0,-171.0,284.0
338.0,,-464.0,-517.0,-84.0,-794.0,235.0,380.0,-197.0,273.0
283.0,,-455.0,-530.0,-74.0,-846.0,284.0,495.0,-257.0,251.0
337.0,,-417.0,-536.0,-84.0,-829.0,317.0,136.0,-312.0,224.0
383.0,,-360.0,-491.0,-118.0,-814.0,305.0,439.0,-361.0,185.0
315.0,,-349.0,-432.0,-144.0,-804.0,253.0,162.0,-397.0,138.0
336.0,,-296.0,-352.0,-155.0,-784.0,213.0,260.0,-415.0,107.0
389.0,,-250.0,-264.0,-139.0,-707.0,194.0,343.0,-422.0,75.0
448.0,,-249.0,-228.0,-79.0,-642.0,179.0,184.0,-422.0,60.0
425.0,,-222.0,-207.0,-4.0,-681.0,160.0,530.0,-408.0,66.0
370.0,,-215.0,-193.0,58.0,-716.0,152.0,260.0,-376.0,89.0
406.0,,-247.0,-213.0,116.0,-620.0,159.0,545.0,-335.0,101.0
475.0,,-230.0,-282.0,159.0,-512.0,177.0,369.0,-288.0,112.0
488.0,,-255.0,-361.0,162.0,-534.0,186.0,277.0,-239.0,123.0
423.0,,-282.0,-418.0,122.0,-563.0,162.0,430.0,-194.0,134.0
432.0,,-249.0,-438.0,72.0,-554.0,142.0,158.0,-158.0,168.0
482.0,,-265.0,-433.0,48.0,-513.0,140.0,493.0,-136.0,208.0
476.0,,-242.0,-450.0,54.0,-498.0,154.0,162.0,-120.0,244.0
370.0,,-254.0,-447.0,104.0,-586.0,138.0,236.0,-117.0,285.0
343.0,,-257.0,-408.0,171.0,-593.0,87.0,210.0,-128.0,348.0
397.0,,-228.0,-352.0,198.0,-526.0,12.0,70.0,-146.0,394.0
378.0,,-244.0,-283.0,194.0,-553.0,-35.0,384.0,-176.0,447.0
323.0,,-188.0,-242.0,161.0,-588.0,-24.0,77.0,-181.0,516.0
283.0,,-143.0,-224.0,117.0,-576.0,-39.0,354.0,-180.0,579.0
289.0,,-135.0,-209.0,81.0,-526.0,-57.0,177.0,-181.0,638.0
272.0,,-101.0,-196.0,46.0,-471.0,-51.0,153.0,-160.0,658.0
294.0,,-88.0,-210.0,29.0,-486.0,-43.0,312.0,-165.0,641.0
259.0,,-87.0,-240.0,33.0,-477.0,-43.0,92.0,-187.0,605.0
229.0,,-76.0,-244.0,42.0,-405.0,-48.0,417.0,-209.0,567.0
278.0,,-74.0,-253.0,8.0,-361.0,-35.0,142.0,-243.0,512.0
276.0,,-69.0,-266.0,-86.0,-385.0,-22.0,297.0,-267.0,448.0
213.0,,-33.0,-268.0,-173.0,-407.0,-12.0,242.0,-290.0,394.0
147.0,,-25.0,-266.0,-226.0,-415.0,-13.0,123.0,-302.0,335.0
175.0,,0.0,-272.0,-242.0,-389.0,-15.0,362.0,-297.0,279.0
170.0,,59.0,-290.0,-209.0,-395.0,21.0,-11.0,-269.0,228.0
207.0,,72.0,-303.0,-166.0,-438.0,30.0,223.0,-245.0,193.0
210.0,,123.0,-332.0,-118.0,-361.0,9.0,-35.0,-219.0,192.0
187.0,,162.0,-369.0,-78.0,-317.0,9.0,-31.0,-180.0,215.0
243.0,,173.0,-352.0,-56.0,-311.0,-1.0,40.0,-148.0,243.0
254.0,,211.0,-301.0,-40.0,-331.0,-22.0,-245.0,-110.0,307.0
296.0,,208.0,-281.0,-24.0,-356.0,-38.0,27.0,-80.0,389.0
343.0,,215.0,-275.0,7.0,-298.0,-42.0,-295.0,-36.0,459.0
388.0,,214.0,-258.0,35.0,-331.0,-47.0,-42.0,27.0,562.0
380.0,,210.0,-258.0,38.0,-374.0,-38.0,-29.0,73.0,657.0
402.0,,207.0,-294.0,20.0,-308.0,8.0,5.0,116.0,726.0
415.0,,179.0,-363.0,-14.0,-250.0,47.0,351.0,173.0,773.0
397.0,,160.0,-432.0,-56.0,-287.0,79.0,79.0,232.0,774.0
426.0,,150.0,-490.0,-106.0,-319.0,112.0,395.0,279.0,772.0
431.0,,140.0,-514.0,-177.0,-265.0,135.0,162.0,316.0,758.0
461.0,,101.0,-501.0,-236.0,-163.0,134.0,173.0,343.0,726.0
424.0,,104.0,-463.0,-234.0,-112.0,114.0,129.0,369.0,688.0
421.0,,97.0,-406.0,-173.0,-138.0,85.0,-169.0,391.0,641.0
438.0,,72.0,-373.0,-102.0,-115.0,46.0,116.0,391.0,598.0
431.0,,49.0,-334.0,-70.0,-49.0,24.0,-182.0,354.0,558.0
426.0,,-4.0,-262.0,-79.0,-12.0,6.0,72.0,292.0,538.0
437.0,,-28.0,-189.0,-95.0,-31.0,6.0,-14.0,200.0,545.0
452.0,,-85.0,-141.0,-92.0,-39.0,12.0,-57.0,72.0,584.0
416.0,,-153.0,-110.0,-69.0,15.0,21.0,177.0,-55.0,644.0
443.0,,-200.0,-70.0,-35.0,52.0,50.0,-123.0,-167.0,719.0
391.0,,-245.0,-58.0,7.0,-17.0,65.0,236.0,-265.0,823.0
382.0,,-291.0,-71.0,50.0,-50.0,98.0,46.0,-372.0,927.0
430.0,,-332.0,-108.0,96.0,35.0,145.0,157.0,-455.0,988.0
424.0,,-380.0,-177.0,187.0,36.0,169.0,203.0,-512.0,1034.0
424.0,,-410.0,-244.0,284.0,-26.0,152.0,-27.0,-568.0,1077.0
432.0,,-430.0,-278.0,305.0,-41.0,129.0,225.0,-604.0,1088.0
493.0,,-472.0,-283.0,265.0,59.0,153.0,-121.0,-610.0,1096.0
527.0,,-465.0,-277.0,200.0,156.0,156.0,107.0,-591.0,1081.0
558.0,,-482.0,-263.0,134.0,102.0,143.0,-14.0,-548.0,1032.0
540.0,,-480.0,-239.0,80.0,100.0,139.0,-16.0,-474.0,976.0
565.0,,-466.0,-200.0,78.0,162.0,125.0,142.0,-396.0,921.0
620.0,,-464.0,-164.0,94.0,202.0,110.0,-229.0,-302.0,860.0
589.0,,-424.0,-141.0,50.0,228.0,67.0,60.0,-207.0,803.0
573.0,,-398.0,-134.0,-10.0,246.0,55.0,-205.0,-124.0,783.0
562.0,,-336.0,-126.0,-27.0,303.0,59.0,-51.0,-38.0,774.0
603.0,,-306.0,-134.0,10.0,354.0,21.0,-72.0,35.0,770.0
598.0,,-255.0,-188.0,86.0,318.0,1.0,-310.0,103.0,775.0
595.0,,-181.0,-243.0,139.0,250.0,-10.0,-116.0,160.0,774.0
620.0,,-164.0,-304.0,148.0,302.0,0.0,-487.0,204.0,795.0
575.0,,-111.0,-368.0,118.0,333.0,29.0,-199.0,247.0,823.0
538.0,,-52.0,-411.0,47.0,306.0,38.0,-367.0,266.0,856.0
484.0,,-9.0,-431.0,-56.0,338.0,61.0,-321.0,266.0,913.0
446.0,,13.0,-437.0,-179.0,360.0,63.0,-121.0,262.0,965.0
410.0,,70.0,-439.0,-265.0,390.0,70.0,-389.0,227.0,1025.0
383.0,,80.0,-387.0,-253.0,340.0,81.0,-147.0,144.0,1078.0
326.0,,89.0,-327.0,-168.0,280.0,82.0,-517.0,34.0,1107.0
277.0,,130.0,-269.0,-78.0,330.0,88.0,-386.0,-86.0,1137.0
311.0,,108.0,-201.0,-25.0,372.0,42.0,-474.0,-195.0,1150.0
300.0,,131.0,-149.0,7.0,368.0,30.0,-609.0,-284.0,1122.0
274.0,,115.0,-87.0,51.0,327.0,32.0,-397.0,-375.0,1073.0
238.0,,94.0,-44.0,86.0,312.0,4.0,-752.0,-448.0,1010.0
256.0,,88.0,-14.0,100.0,346.0,3.0,-478.0,-504.0,911.0
240.0,,80.0,-12.0,92.0,369.0,-2.0,-753.0,-531.0,799.0
191.0,,74.0,-48.0,54.0,316.0,23.0,-742.0,-519.0,675.0
218.0,,60.0,-92.0,0.0,281.0,28.0,-613.0,-501.0,564.0
239.0,,57.0,-131.0,-33.0,307.0,15.0,-824.0,-458.0,473.0
268.0,,27.0,-163.0,-21.0,254.0,24.0,-487.0,-389.0,390.0
275.0,,35.0,-217.0,23.0,212.0,10.0,-729.0,-318.0,360.0
322.0,,9.0,-223.0,68.0,270.0,-9.0,-506.0,-250.0,358.0
337.0,,16.0,-156.0,105.0,266.0,-31.0,-611.0,-190.0,370.0
382.0,,13.0,-91.0,142.0,242.0,-44.0,-700.0,-132.0,396.0
387.0,,28.0,-58.0,154.0,269.0,-88.0,-473.0,-93.0,441.0
329.0,,60.0,-38.0,136.0,302.0,-123.0,-733.0,-60.0,470.0
400.0,,39.0,-9.0,140.0,334.0,-142.0,-408.0,-34.0,480.0
415.0,,93.0,1.0,155.0,281.0,-172.0,-672.0,-35.0,529.0
404.0,,94.0,-1.0,139.0,237.0,-168.0,-620.0,-62.0,550.0
366.0,,110.0,-21.0,104.0,226.0,-175.0,-576.0,-105.0,558.0
361.0,,151.0,-69.0,81.0,223.0,-174.0,-824.0,-155.0,581.0
339.0,,152.0,-100.0,77.0,256.0,-179.0,-578.0,-202.0,598.0
318.0,,186.0,-103.0,69.0,259.0,-212.0,-890.0,-231.0,589.0
307.0,,178.0,-105.0,34.0,270.0,-207.0,-624.0,-257.0,556.0
230.0,,155.0,-107.0,-32.0,310.0,-198.0,-698.0,-281.0,531.0
252.0,,152.0,-110.0,-107.0,333.0,-198.0,-753.0,-300.0,482.0
228.0,,134.0,-121.0,-141.0,332.0,-184.0,-589.0,-330.0,424.0
222.0,,127.0,-120.0,-148.0,361.0,-160.0,-872.0,-364.0,367.0
141.0,,109.0,-87.0,-183.0,392.0,-119.0,-530.0,-391.0,289.0
116.0,,97.0,-72.0,-252.0,384.0,-77.0,-750.0,-409.0,209.0
136.0,,116.0,-58.0,-298.0,371.0,-47.0,-600.0,-420.0,136.0
20.0,,94.0,13.0,-280.0,358.0,-11.0,-593.0,-427.0,55.0
16.0,,85.0,96.0,-215.0,374.0,28.0,-848.0,-430.0,0.0
-12.0,,75.0,162.0,-151.0,421.0,54.0,-633.0,-419.0,-27.0
-45.0,,83.0,242.0,-149.0,409.0,85.0,-986.0,-417.0,-49.0
-112.0,,88.0,320.0,-196.0,372.0,119.0,-705.0,-417.0,-45.0
-80.0,,78.0,358.0,-228.0,429.0,132.0,-794.0,-394.0,-21.0
-70.0,,116.0,370.0,-240.0,486.0,141.0,-726.0,-353.0,14.0
-119.0,,89.0,397.0,-247.0,476.0,141.0,-519.0,-319.0,79.0
-46.0,,99.0,439.0,-252.0,452.0,133.0,-755.0,-282.0,133.0
-83.0,,75.0,425.0,-243.0,493.0,123.0,-400.0,-244.0,175.0
-20.0,,56.0,359.0,-219.0,529.0,91.0,-683.0,-218.0,234.0
1.0,,87.0,303.0,-199.0,474.0,65.0,-463.0,-197.0,311.0
37.0,,26.0,221.0,-179.0,439.0,55.0,-441.0,-209.0,404.0
126.0,,42.0,141.0,-145.0,458.0,51.0,-604.0,-230.0,507.0
172.0,,12.0,43.0,-116.0,490.0,48.0,-386.0,-223.0,643.0
253.0,,-34.0,-106.0,-119.0,458.0,28.0,-722.0,-202.0,783.0
255.0,,-38.0,-200.0,-144.0,431.0,27.0,-343.0,-172.0,925.0
384.0,,-82.0,-219.0,-146.0,492.0,40.0,-467.0,-141.0,1070.0
449.0,,-82.0,-201.0,-103.0,562.0,47.0,-434.0,-110.0,1193.0
448.0,,-69.0,-138.0,-29.0,564.0,77.0,-352.0,-77.0,1266.0
432.0,,-65.0,-44.0,40.0,486.0,106.0,-641.0,-48.0,1266.0
448.0,,-53.0,55.0,54.0,496.0,100.0,-380.0,-38.0,1224.0
452.0,,-49.0,121.0,23.0,560.0,103.0,-746.0,-51.0,1119.0
381.0,,-58.0,180.0,-8.0,539.0,127.0,-522.0,-73.0,1003.0
397.0,,-48.0,279.0,-13.0,500.0,121.0,-541.0,-128.0,866.0
272.0,,-91.0,375.0,25.0,505.0,122.0,-626.0,-200.0,689.0
245.0,,-116.0,458.0,67.0,569.0,146.0,-378.0,-253.0,546.0
186.0,,-95.0,526.0,96.0,544.0,161.0,-655.0,-302.0,415.0
90.0,,-148.0,583.0,110.0,480.0,157.0,-295.0,-322.0,301.0
40.0,,-164.0,627.0,96.0,534.0,162.0,-437.0,-322.0,213.0
13.0,,-145.0,626.0,56.0,565.0,201.0,-330.0,-296.0,142.0
50.0,,-174.0,595.0,-6.0,538.0,241.0,-286.0,-252.0,123.0
-63.0,,-139.0,543.0,-66.0,467.0,253.0,-448.0,-190.0,134.0
-12.0,,-130.0,472.0,-76.0,460.0,243.0,-136.0,-127.0,157.0
-15.0,,-141.0,370.0,-43.0,549.0,238.0,-485.0,-76.0,197.0
9.0,,-108.0,248.0,-6.0,582.0,210.0,-260.0,-4.0,224.0
43.0,,-116.0,139.0,7.0,528.0,201.0,-413.0,40.0,245.0
36.0,,-104.0,31.0,-37.0,493.0,222.0,-489.0,79.0,253.0
122.0,,-107.0,-57.0,-124.0,569.0,232.0,-284.0,95.0,240.0
106.0,,-107.0,-117.0,-181.0,593.0,224.0,-532.0,68.0,272.0
193.0,,-102.0,-148.0,-167.0,490.0,209.0,-212.0,41.0,320.0
160.0,,-78.0,-161.0,-108.0,430.0,240.0,-450.0,15.0,370.0
205.0,,-64.0,-165.0,-29.0,519.0,279.0,-286.0,-5.0,451.0
255.0,,-51.0,-157.0,74.0,603.0,294.0,-264.0,-13.0,533.0
242.0,,18.0,-131.0,162.0,593.0,280.0,-384.0,-5.0,606.0
263.0,,38.0,-73.0,224.0,589.0,287.0,-90.0,-1.0,654.0
248.0,,82.0,-14.0,281.0,582.0,299.0,-406.0,10.0,664.0
259.0,,153.0,38.0,315.0,617.0,306.0,-169.0,18.0,649.0
136.0,,192.0,95.0,333.0,624.0,335.0,-362.0,36.0,601.0
167.0,,224.0,140.0,355.0,611.0,324.0,-321.0,57.0,541.0
112.0,,263.0,154.0,380.0,665.0,314.0,-205.0,56.0,475.0
45.0,,269.0,153.0,389.0,673.0,302.0,-493.0,80.0,412.0
15.0,,276.0,188.0,356.0,593.0,276.0,-192.0,85.0,368.0
-14.0,,268.0,227.0,298.0,543.0,260.0,-410.0,75.0,338.0
13.0,,253.0,252.0,227.0,627.0,270.0,-155.0,60.0,347.0
-46.0,,247.0,293.0,163.0,634.0,278.0,-232.0,20.0,368.0
-9.0,,221.0,342.0,120.0,551.0,250.0,-317.0,-23.0,399.0
-104.0,,234.0,375.0,63.0,516.0,246.0,-66.0,-84.0,439.0
-99.0,,211.0,380.0,-7.0,544.0,246.0,-369.0,-157.0,460.0
-101.0,,228.0,382.0,-68.0,607.0,256.0,-9.0,-221.0,484.0
-176.0,,222.0,386.0,-85.0,580.0,277.0,-195.0,-273.0,513.0
-268.0,,198.0,398.0,-69.0,553.0,278.0,-144.0,-330.0,519.0
-356.0,,209.0,420.0,-51.0,600.0,295.0,-131.0,-378.0,511.0
-332.0,,171.0,432.0,-28.0,709.0,288.0,-402.0,-410.0,468.0
-445.0,,167.0,465.0,-4.0,745.0,271.0,-118.0,-423.0,391.0
-426.0,,116.0,500.0,12.0,640.0,283.0,-388.0,-411.0,295.0
-490.0,,102.0,519.0,9.0,603.0,305.0,-114.0,-403.0,160.0
-497.0,,95.0,532.0,-5.0,636.0,318.0,-179.0,-368.0,39.0
-460.0,,61.0,537.0,-7.0,632.0,319.0,-164.0,-326.0,-44.0
-506.0,,79.0,539.0,24.0,579.0,357.0,62.0,-297.0,-138.0
-487.0,,73.0,510.0,67.0,555.0,395.0,-184.0,-278.0,-217.0
-516.0,,78.0,455.0,91.0,601.0,381.0,155.0,-274.0,-250.0
-440.0,,98.0,418.0,107.0,594.0,363.0,-131.0,-278.0,-262.0
-519.0,,134.0,421.0,114.0,534.0,371.0,-40.0,-288.0,-230.0
-517.0,,140.0,437.0,102.0,501.0,401.0,-53.0,-307.0,-170.0
-479.0,,192.0,437.0,71.0,515.0,390.0,-284.0,-328.0,-110.0
-485.0,,242.0,451.0,41.0,541.0,340.0,-25.0,-329.0,-34.0
-464.0,,258.0,503.0,44.0,491.0,308.0,-291.0,-328.0,32.0
-464.0,,305.0,590.0,102.0,455.0,264.0,16.0,-311.0,88.0
-416.0,,288.0,693.0,144.0,468.0,235.0,-173.0,-279.0,117.0
-467.0,,291.0,773.0,97.0,466.0,252.0,-219.0,-240.0,137.0
-362.0,,273.0,816.0,-2.0,464.0,292.0,-55.0,-186.0,147.0
-333.0,,214.0,844.0,-82.0,463.0,333.0,-286.0,-140.0,141.0
-339.0,,192.0,861.0,-114.0,496.0,316.0,83.0,-82.0,136.0
-309.0,,144.0,862.0,-136.0,512.0,263.0,-168.0,8.0,116.0
-277.0,,83.0,851.0,-142.0,482.0,246.0,14.0,116.0,98.0
-258.0,,28.0,816.0,-124.0,461.0,260.0,-33.0,212.0,66.0
-284.0,,-42.0,756.0,-66.0,488.0,254.0,-229.0,315.0,14.0
-186.0,,-88.0,671.0,27.0,546.0,209.0,24.0,420.0,-50.0
-234.0,,-145.0,577.0,83.0,547.0,179.0,-245.0,521.0,-143.0
-207.0,,-206.0,507.0,92.0,486.0,135.0,107.0,597.0,-232.0
-181.0,,-239.0,468.0,76.0,462.0,81.0,-33.0,652.0,-312.0
-195.0,,-266.0,432.0,68.0,459.0,67.0,49.0,706.0,-389.0
-222.0,,-285.0,377.0,51.0,423.0,60.0,175.0,735.0,-456.0
-265.0,,-300.0,312.0,6.0,439.0,58.0,-97.0,766.0,-490.0
-233.0,,-307.0,262.0,-17.0,493.0,53.0,195.0,799.0,-486.0
-323.0,,-323.0,244.0,6.0,519.0,40.0,-142.0,828.0,-442.0
-312.0,,-321.0,239.0,86.0,487.0,32.0,57.0,839.0,-365.0
-334.0,,-353.0,231.0,184.0,479.0,30.0,12.0,824.0,-260.0
-366.0,,-370.0,220.0,232.0,540.0,31.0,-55.0,796.0,-112.0
-402.0,,-389.0,197.0,190.0,565.0,32.0,229.0,742.0,42.0
-442.0,,-437.0,191.0,74.0,547.0,30.0,-29.0,680.0,186.0
-468.0,,-454.0,201.0,-41.0,532.0,20.0,325.0,602.0,298.0
-526.0,,-465.0,211.0,-109.0,563.0,13.0,120.0,522.0,347.0
-483.0,,-499.0,223.0,-128.0,555.0,38.0,194.0,444.0,364.0
-548.0,,-522.0,215.0,-125.0,517.0,47.0,243.0,382.0,354.0
-546.0,,-513.0,200.0,-105.0,582.0,16.0,49.0,331.0,303.0
-538.0,,-549.0,179.0,-38.0,664.0,7.0,332.0,281.0,224.0
-546.0,,-516.0,148.0,71.0,660.0,-2.0,-44.0,261.0,140.0
-563.0,,-499.0,124.0,142.0,623.0,-1.0,149.0,248.0,62.0
-619.0,,-490.0,115.0,119.0,619.0,4.0,-7.0,235.0,-25.0
-619.0,,-433.0,138.0,35.0,603.0,-12.0,-12.0,239.0,-96.0
-654.0,,-410.0,161.0,-58.0,586.0,-23.0,236.0,259.0,-134.0
-603.0,,-366.0,162.0,-148.0,575.0,-24.0,-16.0,262.0,-177.0
-629.0,,-315.0,133.0,-256.0,533.0,-21.0,343.0,252.0,-200.0
-628.0,,-250.0,90.0,-352.0,549.0,-5.0,136.0,235.0,-192.0
-574.0,,-211.0,63.0,-375.0,588.0,49.0,299.0,214.0,-170.0
-512.0,,-165.0,69.0,-322.0,580.0,77.0,323.0,210.0,-134.0
-481.0,,-139.0,109.0,-246.0,549.0,73.0,173.0,207.0,-103.0
-497.0,,-121.0,153.0,-175.0,550.0,73.0,389.0,231.0,-61.0
-416.0,,-82.0,176.0,-86.0,592.0,68.0,-40.0,271.0,-11.0
-411.0,,-97.0,169.0,28.0,575.0,71.0,162.0,313.0,23.0
-375.0,,-89.0,159.0,131.0,550.0,82.0,-55.0,351.0,29.0
-362.0,,-81.0,179.0,179.0,553.0,104.0,-49.0,375.0,8.0
-330.0,,-92.0,228.0,190.0,580.0,111.0,118.0,391.0,-38.0
-313.0,,-73.0,297.0,191.0,575.0,116.0,-118.0,397.0,-101.0
-318.0,,-71.0,375.0,185.0,512.0,105.0,229.0,390.0,-167.0
-297.0,,-56.0,435.0,165.0,511.0,71.0,-112.0,361.0,-230.0
-341.0,,-20.0,455.0,152.0,494.0,38.0,68.0,312.0,-296.0
-314.0,,-15.0,465.0,165.0,448.0,37.0,16.0,242.0,-358.0
-380.0,,6.0,453.0,173.0,478.0,68.0,-105.0,165.0,-372.0
-435.0,,34.0,423.0,164.0,548.0,63.0,234.0,85.0,-385.0
-421.0,,46.0,393.0,132.0,564.0,57.0,-33.0,9.0,-361.0
-388.0,,85.0,346.0,81.0,514.0,87.0,301.0,-46.0,-292.0
-406.0,,100.0,334.0,40.0,476.0,121.0,68.0,-96.0,-233.0
-449.0,,104.0,339.0,11.0,459.0,112.0,88.0,-123.0,-156.0
-366.0,,127.0,327.0,-35.0,427.0,112.0,147.0,-128.0,-66.0
-363.0,,131.0,328.0,-136.0,404.0,130.0,-129.0,-121.0,49.0
-382.0,,138.0,308.0,-242.0,380.0,87.0,155.0,-102.0,170.0
-385.0,,122.0,297.0,-257.0,312.0,82.0,-164.0,-84.0,273.0
-345.0,,109.0,324.0,-172.0,239.0,130.0,51.0,-83.0,374.0
-329.0,,91.0,315.0,-33.0,164.0,130.0,-31.0,-91.0,476.0
-309.0,,56.0,271.0,97.0,133.0,95.0,-46.0,-90.0,541.0
-298.0,,9.0,228.0,188.0,135.0,82.0,166.0,-78.0,555.0
-348.0,,-12.0,179.0,220.0,124.0,80.0,-177.0,-62.0,577.0
-328.0,,-38.0,120.0,170.0,126.0,45.0,112.0,-53.0,569.0
-359.0,,-109.0,65.0,61.0,59.0,7.0,-144.0,-40.0,527.0
-406.0,,-111.0,44.0,-61.0,-11.0,-10.0,-36.0,-33.0,474.0
-418.0,,-117.0,65.0,-189.0,-23.0,-33.0,44.0,-31.0,372.0
-418.0,,-131.0,76.0,-280.0,-89.0,-35.0,-62.0,-24.0,254.0
-482.0,,-107.0,44.0,-269.0,-165.0,-9.0,238.0,-11.0,149.0
-526.0,,-97.0,7.0,-175.0,-171.0,11.0,-92.0,-9.0,60.0
-534.0,,-67.0,-41.0,-42.0,-197.0,26.0,153.0,13.0,-4.0
-587.0,,-21.0,-94.0,96.0,-236.0,21.0,-35.0,38.0,-31.0
-621.0,,-11.0,-117.0,207.0,-284.0,2.0,-75.0,30.0,-15.0
-625.0,,-1.0,-131.0,282.0,-308.0,9.0,103.0,30.0,-9.0
-616.0,,24.0,-139.0,322.0,-292.0,6.0,-199.0,4.0,-1.0
-662.0,,-7.0,-137.0,324.0,-338.0,-9.0,147.0,-17.0,23.0
-666.0,,6.0,-121.0,281.0,-394.0,-14.0,-97.0,-39.0,24.0
-647.0,,1.0,-102.0,221.0,-413.0,-28.0,36.0,-82.0,0.0
-636.0,,-39.0,-74.0,180.0,-427.0,-46.0,59.0,-110.0,-76.0
-618.0,,-35.0,-39.0,166.0,-456.0,-62.0,-77.0,-126.0,-176.0
-593.0,,-71.0,-24.0,131.0,-476.0,-64.0,208.0,-132.0,-281.0
-561.0,,-91.0,-40.0,43.0,-539.0,-71.0,-110.0,-128.0,-415.0
-534.0,,-102.0,-80.0,-6.0,-588.0,-75.0,145.0,-104.0,-543.0
-508.0,,-126.0,-121.0,73.0,-552.0,-52.0,-48.0,-78.0,-663.0
-554.0,,-141.0,-154.0,241.0,-555.0,-34.0,-18.0,-39.0,-737.0
-530.0,,-133.0,-180.0,399.0,-570.0,-38.0,138.0,11.0,-771.0
-478.0,,-117.0,-200.0,490.0,-610.0,-65.0,-166.0,57.0,-770.0
-497.0,,-94.0,-222.0,495.0,-651.0,-75.0,133.0,132.0,-716.0
-527.0,,-62.0,-248.0,434.0,-613.0,-70.0,-173.0,220.0,-644.0
-531.0,,-18.0,-262.0,311.0,-601.0,-87.0,18.0,311.0,-569.0
-519.0,,43.0,-297.0,134.0,-625.0,-107.0,44.0,403.0,-533.0
-551.0,,81.0,-359.0,-10.0,-636.0,-132.0,-9.0,502.0,-538.0
-557.0,,121.0,-402.0,-98.0,-642.0,-151.0,295.0,604.0,-588.0
-572.0,,172.0,-456.0,-139.0,-640.0,-165.0,25.0,692.0,-690.0
-576.0,,185.0,-523.0,-121.0,-619.0,-179.0,360.0,769.0,-840.0
-569.0,,169.0,-575.0,-47.0,-633.0,-179.0,131.0,814.0,-1020.0
-542.0,,149.0,-586.0,39.0,-690.0,-171.0,116.0,840.0,-1160.0
-524.0,,106.0,-533.0,82.0,-722.0,-164.0,142.0,849.0,-1272.0
-511.0,,81.0,-482.0,90.0,-706.0,-148.0,-129.0,833.0,-1372.0
-422.0,,27.0,-453.0,79.0,-690.0,-147.0,171.0,821.0,-1415.0
-422.0,,-21.0,-387.0,57.0,-709.0,-165.0,-70.0,802.0,-1406.0
-425.0,,-25.0,-301.0,10.0,-668.0,-152.0,242.0,763.0,-1350.0
-407.0,,-68.0,-256.0,-54.0,-603.0,-145.0,214.0,724.0,-1264.0
-378.0,,-59.0,-235.0,-103.0,-605.0,-146.0,230.0,703.0,-1152.0
-349.0,,-70.0,-216.0,-120.0,-650.0,-142.0,504.0,670.0,-1014.0
-355.0,,-75.0,-237.0,-106.0,-665.0,-168.0,243.0,611.0,-885.0
-324.0,,-25.0,-304.0,-127.0,-573.0,-191.0,567.0,547.0,-768.0
-303.0,,-20.0,-384.0,-203.0,-525.0,-229.0,321.0,489.0,-668.0
-220.0,,-2.0,-434.0,-288.0,-561.0,-267.0,467.0,425.0,-599.0
-197.0,,5.0,-438.0,-359.0,-590.0,-272.0,502.0,378.0,-568.0
-175.0,,42.0,-449.0,-437.0,-609.0,-289.0,317.0,347.0,-573.0
-91.0,,53.0,-487.0,-519.0,-563.0,-278.0,604.0,302.0,-592.0
-78.0,,34.0,-526.0,-553.0,-546.0,-249.0,273.0,269.0,-624.0
-62.0,,79.0,-557.0,-495.0,-578.0,-246.0,535.0,252.0,-670.0
-30.0,,98.0,-607.0,-337.0,-567.0,-262.0,376.0,218.0,-698.0
1.0,,93.0,-656.0,-127.0,-538.0,-241.0,362.0,183.0,-684.0
-38.0,,120.0,-702.0,72.0,-542.0,-190.0,530.0,149.0,-659.0
-46.0,,131.0,-743.0,233.0,-564.0,-183.0,275.0,90.0,-621.0
-2.0,,109.0,-746.0,354.0,-567.0,-165.0,602.0,28.0,-586.0
-8.0,,128.0,-740.0,378.0,-548.0,-134.0,310.0,-25.0,-572.0
-32.0,,98.0,-723.0,310.0,-541.0,-101.0,447.0,-65.0,-536.0
-42.0,,46.0,-703.0,243.0,-566.0,-79.0,351.0,-88.0,-508.0
3.0,,40.0,-692.0,218.0,-596.0,-76.0,175.0,-118.0,-499.0
15.0,,-7.0,-696.0,233.0,-593.0,-60.0,456.0,-136.0,-484.0
0.0,,-20.0,-710.0,249.0,-586.0,-69.0,162.0,-160.0,-453.0
-10.0,,-29.0,-695.0,271.0,-622.0,-95.0,461.0,-190.0,-398.0
-8.0,,-37.0,-677.0,293.0,-589.0,-138.0,264.0,-200.0,-342.0
23.0,,-7.0,-652.0,306.0,-517.0,-171.0,303.0,-183.0,-292.0
-1.0,,1.0,-641.0,298.0,-525.0,-183.0,362.0,-147.0,-242.0
-49.0,,0.0,-609.0,238.0,-532.0,-190.0,83.0,-96.0,-168.0
-35.0,,50.0,-545.0,154.0,-524.0,-161.0,384.0,-22.0,-89.0
-9.0,,94.0,-510.0,71.0,-542.0,-168.0,64.0,57.0,0.0
-46.0,,100.0,-470.0,25.0,-581.0,-167.0,284.0,137.0,122.0
-100.0,,141.0,-423.0,11.0,-590.0,-107.0,153.0,223.0,217.0
-125.0,,140.0,-394.0,-6.0,-543.0,-49.0,25.0,285.0,307.0
-147.0,,171.0,-394.0,-24.0,-509.0,3.0,290.0,320.0,374.0
-192.0,,185.0,-402.0,-9.0,-540.0,43.0,25.0,318.0,415.0
-243.0,,174.0,-381.0,63.0,-572.0,74.0,354.0,275.0,477.0
-299.0,,220.0,-363.0,152.0,-550.0,68.0,107.0,216.0,502.0
-360.0,,231.0,-359.0,212.0,-575.0,62.0,188.0,148.0,495.0
-391.0,,262.0,-348.0,238.0,-596.0,84.0,205.0,89.0,479.0
-438.0,,302.0,-345.0,239.0,-555.0,86.0,-16.0,33.0,437.0
-461.0,,365.0,-359.0,211.0,-563.0,80.0,279.0,-26.0,389.0
-438.0,,404.0,-381.0,142.0,-572.0,66.0,-44.0,-77.0,323.0
-410.0,,445.0,-367.0,36.0,-611.0,48.0,262.0,-101.0,257.0
-380.0,,502.0,-332.0,-77.0,-623.0,42.0,171.0,-121.0,219.0
-299.0,,517.0,-304.0,-144.0,-558.0,43.0,169.0,-151.0,197.0
-240.0,,570.0,-274.0,-158.0,-575.0,34.0,404.0,-158.0,205.0
-278.0,,588.0,-252.0,-153.0,-584.0,19.0,90.0,-166.0,244.0
-247.0,,604.0,-240.0,-134.0,-577.0,20.0,369.0,-206.0,304.0
-192.0,,639.0,-238.0,-91.0,-591.0,41.0,107.0,-262.0,362.0
-167.0,,665.0,-239.0,-28.0,-604.0,59.0,258.0,-326.0,428.0
-152.0,,679.0,-231.0,42.0,-644.0,87.0,273.0,-403.0,514.0
-155.0,,676.0,-197.0,84.0,-641.0,107.0,73.0,-478.0,583.0
-144.0,,699.0,-168.0,80.0,-605.0,102.0,267.0,-532.0,619.0
-139.0,,684.0,-138.0,49.0,-579.0,118.0,-110.0,-579.0,597.0
-179.0,,680.0,-103.0,31.0,-558.0,145.0,109.0,-591.0,546.0
-250.0,,676.0,-82.0,45.0,-532.0,177.0,-68.0,-583.0,485.0
-231.0,,634.0,-38.0,67.0,-551.0,202.0,-36.0,-581.0,404.0
-221.0,,643.0,-24.0,66.0,-596.0,197.0,145.0,-557.0,320.0
-248.0,,623.0,-49.0,21.0,-588.0,179.0,-84.0,-529.0,233.0
-264.0,,568.0,-103.0,-43.0,-535.0,177.0,181.0,-478.0,156.0
-223.0,,560.0,-189.0,-71.0,-522.0,216.0,-114.0,-404.0,82.0
-156.0,,519.0,-287.0,-60.0,-575.0,252.0,73.0,-311.0,26.0
-192.0,,451.0,-390.0,-34.0,-581.0,278.0,36.0,-185.0,-31.0
-207.0,,402.0,-439.0,-2.0,-579.0,294.0,-88.0,-63.0,-96.0
-158.0,,315.0,-508.0,42.0,-614.0,302.0,66.0,49.0,-129.0
-135.0,,247.0,-614.0,105.0,-638.0,289.0,-271.0,150.0,-165.0
-151.0,,193.0,-679.0,166.0,-691.0,262.0,57.0,243.0,-214.0
-97.0,,96.0,-698.0,219.0,-723.0,255.0,-136.0,323.0,-245.0
-49.0,,59.0,-684.0,268.0,-700.0,238.0,-90.0,388.0,-271.0
-59.0,,2.0,-636.0,318.0,-695.0,228.0,-51.0,438.0,-284.0
-33.0,,-41.0,-566.0,324.0,-681.0,194.0,-293.0,466.0,-301.0
-24.0,,-58.0,-514.0,241.0,-674.0,165.0,16.0,483.0,-324.0
9.0,,-116.0,-481.0,87.0,-686.0,195.0,-258.0,445.0,-327.0
17.0,,-107.0,-467.0,-77.0,-655.0,198.0,-12.0,394.0,-333.0
16.0,,-141.0,-470.0,-164.0,-626.0,198.0,-99.0,354.0,-337.0
11.0,,-191.0,-461.0,-142.0,-628.0,208.0,-162.0,298.0,-334.0
8.0,,-217.0,-447.0,-66.0,-617.0,215.0,-40.0,250.0,-301.0
2.0,,-265.0,-440.0,12.0,-605.0,213.0,-389.0,212.0,-229.0
-30.0,,-311.0,-439.0,32.0,-632.0,178.0,-83.0,190.0,-139.0
33.0,,-344.0,-445.0,-57.0,-655.0,141.0,-315.0,184.0,-8.0
35.0,,-357.0,-452.0,-208.0,-631.0,121.0,-145.0,185.0,157.0
29.0,,-394.0,-426.0,-320.0,-575.0,119.0,-145.0,198.0,325.0
80.0,,-378.0,-373.0,-403.0,-509.0,114.0,-408.0,201.0,481.0
172.0,,-387.0,-331.0,-495.0,-507.0,70.0,-147.0,186.0,588.0
238.0,,-397.0,-320.0,-517.0,-546.0,25.0,-487.0,172.0,651.0
199.0,,-367.0,-346.0,-402.0,-532.0,-6.0,-221.0,155.0,653.0
246.0,,-364.0,-387.0,-194.0,-471.0,-57.0,-286.0,159.0,571.0
271.0,,-339.0,-465.0,21.0,-438.0,-79.0,-227.0,181.0,468.0
321.0,,-309.0,-571.0,168.0,-453.0,-80.0,-73.0,192.0,312.0
327.0,,-259.0,-651.0,199.0,-473.0,-99.0,-410.0,208.0,131.0
294.0,,-203.0,-717.0,185.0,-465.0,-113.0,-101.0,210.0,-20.0
329.0,,-174.0,-785.0,199.0,-417.0,-104.0,-341.0,200.0,-172.0
324.0,,-151.0,-845.0,198.0,-421.0,-51.0,-134.0,178.0,-265.0
338.0,,-104.0,-893.0,121.0,-454.0,29.0,-105.0,145.0,-306.0
302.0,,-94.0,-935.0,-3.0,-448.0,87.0,-284.0,117.0,-284.0
264.0,,-84.0,-958.0,-73.0,-445.0,121.0,-51.0,115.0,-207.0
256.0,,-51.0,-948.0,-52.0,-438.0,140.0,-400.0,134.0,-88.0
261.0,,-54.0,-878.0,6.0,-421.0,130.0,-131.0,153.0,61.0
186.0,,-32.0,-761.0,33.0,-421.0,98.0,-269.0,196.0,176.0
151.0,,-58.0,-666.0,-12.0,-447.0,82.0,-201.0,240.0,311.0
187.0,,-66.0,-577.0,-118.0,-427.0,78.0,-48.0,277.0,439.0
104.0,,-44.0,-493.0,-230.0,-405.0,56.0,-328.0,307.0,556.0
99.0,,-76.0,-406.0,-294.0,-428.0,25.0,-24.0,330.0,669.0
109.0,,-52.0,-325.0,-289.0,-397.0,11.0,-330.0,331.0,743.0
78.0,,-70.0,-278.0,-247.0,-360.0,13.0,-173.0,297.0,808.0
59.0,,-74.0,-222.0,-182.0,-344.0,24.0,-234.0,274.0,842.0
47.0,,-58.0,-169.0,-86.0,-313.0,54.0,-363.0,250.0,859.0
40.0,,-84.0,-134.0,-7.0,-333.0,100.0,-83.0,221.0,878.0
61.0,,-54.0,-105.0,14.0,-348.0,113.0,-375.0,177.0,868.0
50.0,,-66.0,-70.0,-46.0,-325.0,85.0,-96.0,130.0,855.0
-9.0,,-61.0,-38.0,-157.0,-351.0,58.0,-315.0,93.0,837.0
68.0,,-47.0,-38.0,-236.0,-309.0,59.0,-275.0,57.0,778.0
92.0,,-51.0,-58.0,-264.0,-223.0,51.0,-216.0,24.0,710.0
72.0,,-36.0,-108.0,-289.0,-217.0,15.0,-436.0,-27.0,621.0
99.0,,-22.0,-156.0,-352.0,-236.0,-12.0,-44.0,-78.0,512.0
127.0,,-26.0,-178.0,-412.0,-273.0,-55.0,-247.0,-122.0,408.0
177.0,,-52.0,-219.0,-429.0,-252.0,-81.0,40.0,-169.0,286.0
139.0,,-27.0,-263.0,-383.0,-216.0,-87.0,-64.0,-197.0,167.0
120.0,,-47.0,-283.0,-281.0,-260.0,-81.0,-199.0,-191.0,41.0
148.0,,-36.0,-318.0,-157.0,-267.0,-59.0,-5.0,-143.0,-76.0
163.0,,-6.0,-368.0,-17.0,-247.0,-40.0,-301.0,-89.0,-175.0
127.0,,0.0,-404.0,128.0,-260.0,-7.0,22.0,-20.0,-265.0
109.0,,85.0,-418.0,265.0,-255.0,17.0,-197.0,80.0,-301.0
111.0,,116.0,-393.0,344.0,-295.0,20.0,-53.0,158.0,-282.0
121.0,,175.0,-354.0,332.0,-323.0,20.0,40.0,192.0,-214.0
142.0,,250.0,-292.0,267.0,-254.0,49.0,-144.0,204.0,-101.0
47.0,,283.0,-207.0,197.0,-230.0,74.0,192.0,201.0,39.0
25.0,,345.0,-131.0,119.0,-230.0,75.0,-88.0,189.0,220.0
83.0,,364.0,-61.0,24.0,-221.0,77.0,173.0,181.0,418.0
16.0,,390.0,-12.0,-71.0,-221.0,102.0,105.0,146.0,614.0
-80.0,,407.0,38.0,-157.0,-170.0,154.0,90.0,93.0,792.0
-75.0,,400.0,86.0,-197.0,-171.0,179.0,247.0,54.0,941.0
-72.0,,390.0,99.0,-163.0,-187.0,230.0,-55.0,14.0,1066.0
-111.0,,363.0,91.0,-90.0,-197.0,316.0,221.0,-25.0,1167.0
-141.0,,359.0,62.0,-14.0,-248.0,400.0,-97.0,-57.0,1232.0
-150.0,,319.0,19.0,48.0,-234.0,461.0,24.0,-74.0,1249.0
-119.0,,258.0,-55.0,83.0,-225.0,484.0,66.0,-94.0,1233.0
-154.0,,217.0,-176.0,128.0,-254.0,500.0,-66.0,-130.0,1188.0
-220.0,,165.0,-276.0,187.0,-297.0,500.0,216.0,-160.0,1117.0
-223.0,,111.0,-346.0,244.0,-331.0,492.0,-94.0,-181.0,1025.0
-189.0,,56.0,-408.0,295.0,-313.0,468.0,162.0,-207.0,929.0
-195.0,,24.0,-401.0,307.0,-312.0,461.0,16.0,-250.0,851.0
-256.0,,-22.0,-335.0,284.0,-364.0,471.0,64.0,-300.0,799.0
-258.0,,-58.0,-243.0,259.0,-435.0,463.0,256.0,-349.0,789.0
-193.0,,-96.0,-144.0,261.0,-455.0,475.0,44.0,-399.0,820.0
-123.0,,-124.0,-74.0,279.0,-446.0,513.0,347.0,-446.0,883.0
-100.0,,-126.0,-6.0,261.0,-421.0,531.0,35.0,-487.0,946.0
-40.0,,-137.0,57.0,190.0,-409.0,531.0,162.0,-493.0,976.0
84.0,,-123.0,90.0,105.0,-450.0,567.0,92.0,-455.0,972.0
203.0,,-137.0,97.0,40.0,-467.0,617.0,-29.0,-391.0,938.0
326.0,,-133.0,54.0,7.0,-440.0,638.0,279.0,-322.0,859.0
394.0,,-133.0,-28.0,21.0,-421.0,620.0,60.0,-255.0,726.0
454.0,,-159.0,-128.0,73.0,-398.0,603.0,424.0,-201.0,574.0
580.0,,-142.0,-234.0,143.0,-385.0,575.0,238.0,-181.0,437.0
641.0,,-132.0,-310.0,198.0,-426.0,571.0,251.0,-179.0,308.0
637.0,,-132.0,-371.0,224.0,-439.0,600.0,354.0,-186.0,198.0
678.0,,-122.0,-394.0,173.0,-448.0,590.0,121.0,-197.0,117.0
688.0,,-109.0,-348.0,36.0,-474.0,606.0,452.0,-211.0,63.0
654.0,,-93.0,-297.0,-75.0,-463.0,625.0,155.0,-246.0,46.0
667.0,,-82.0,-238.0,-92.0,-476.0,617.0,354.0,-276.0,49.0
669.0,,-98.0,-190.0,-19.0,-486.0,595.0,262.0,-305.0,72.0
562.0,,-83.0,-145.0,84.0,-480.0,568.0,88.0,-366.0,119.0
459.0,,-83.0,-65.0,148.0,-474.0,571.0,275.0,-441.0,141.0
462.0,,-92.0,18.0,135.0,-430.0,556.0,-24.0,-525.0,136.0
398.0,,-91.0,96.0,24.0,-412.0,550.0,336.0,-616.0,117.0
270.0,,-124.0,166.0,-109.0,-417.0,554.0,168.0,-686.0,88.0
182.0,,-111.0,246.0,-183.0,-383.0,541.0,262.0,-733.0,76.0
123.0,,-136.0,297.0,-196.0,-393.0,520.0,354.0,-752.0,60.0
91.0,,-151.0,292.0,-157.0,-409.0,522.0,147.0,-735.0,63.0
30.0,,-160.0,268.0,-123.0,-368.0,565.0,478.0,-697.0,117.0
-26.0,,-206.0,199.0,-125.0,-337.0,588.0,218.0,-641.0,181.0
-31.0,,-197.0,114.0,-119.0,-338.0,585.0,532.0,-562.0,252.0
-20.0,,-240.0,65.0,-88.0,-354.0,576.0,489.0,-483.0,313.0
-66.0,,-260.0,77.0,-27.0,-330.0,539.0,456.0,-420.0,355.0
-145.0,,-254.0,140.0,31.0,-265.0,476.0,641.0,-363.0,404.0
-163.0,,-291.0,191.0,78.0,-197.0,466.0,273.0,-305.0,464.0
-131.0,,-297.0,231.0,118.0,-177.0,489.0,558.0,-259.0,508.0
-136.0,,-322.0,281.0,119.0,-181.0,463.0,280.0,-217.0,569.0
-187.0,,-317.0,321.0,65.0,-169.0,434.0,415.0,-187.0,659.0
-159.0,,-317.0,358.0,-54.0,-169.0,389.0,546.0,-160.0,714.0
-101.0,,-340.0,400.0,-204.0,-170.0,344.0,415.0,-141.0,759.0
-88.0,,-333.0,424.0,-347.0,-147.0,326.0,720.0,-141.0,779.0
-47.0,,-349.0,437.0,-427.0,-75.0,322.0,378.0,-138.0,763.0
-14.0,,-335.0,420.0,-432.0,-26.0,349.0,613.0,-139.0,730.0
-1.0,,-322.0,363.0,-372.0,-20.0,345.0,511.0,-139.0,658.0
89.0,,-285.0,294.0,-275.0,65.0,325.0,578.0,-139.0,555.0
169.0,,-223.0,240.0,-197.0,177.0,309.0,790.0,-147.0,443.0
178.0,,-164.0,195.0,-116.0,226.0,293.0,552.0,-161.0,323.0
237.0,,-88.0,148.0,-59.0,275.0,283.0,888.0,-171.0,189.0
313.0,,-13.0,129.0,-48.0,345.0,278.0,578.0,-161.0,65.0
359.0,,82.0,119.0,-43.0,442.0,300.0,744.0,-151.0,-44.0
390.0,,174.0,114.0,-24.0,495.0,306.0,768.0,-130.0,-130.0
418.0,,257.0,145.0,-2.0,509.0,302.0,654.0,-97.0,-171.0
463.0,,338.0,198.0,-2.0,544.0,310.0,912.0,-86.0,-183.0
500.0,,431.0,244.0,-42.0,543.0,330.0,600.0,-104.0,-181.0
520.0,,486.0,284.0,-110.0,582.0,336.0,894.0,-135.0,-134.0
515.0,,524.0,345.0,-150.0,653.0,319.0,698.0,-174.0,-47.0
519.0,,572.0,411.0,-128.0,653.0,304.0,744.0,-215.0,39.0
561.0,,594.0,440.0,-67.0,647.0,307.0,861.0,-259.0,123.0
593.0,,612.0,442.0,-2.0,668.0,310.0,611.0,-304.0,212.0
557.0,,630.0,439.0,54.0,720.0,285.0,925.0,-310.0,278.0
529.0,,637.0,422.0,119.0,769.0,289.0,659.0,-315.0,304.0
559.0,,602.0,421.0,199.0,734.0,288.0,905.0,-340.0,314.0
535.0,,599.0,419.0,239.0,705.0,252.0,870.0,-353.0,257.0
480.0,,544.0,380.0,236.0,712.0,252.0,811.0,-364.0,158.0
418.0,,488.0,337.0,187.0,738.0,267.0,1101.0,-373.0,37.0
365.0,,462.0,313.0,83.0,786.0,296.0,814.0,-367.0,-123.0
365.0,,378.0,277.0,-23.0,779.0,300.0,1104.0,-362.0,-277.0
340.0,,337.0,236.0,-94.0,775.0,271.0,897.0,-359.0,-437.0
254.0,,290.0,180.0,-109.0,835.0,276.0,973.0,-346.0,-557.0
190.0,,241.0,114.0,-123.0,888.0,271.0,1029.0,-333.0,-620.0
174.0,,213.0,44.0,-136.0,906.0,269.0,785.0,-318.0,-637.0
101.0,,211.0,-41.0,-123.0,921.0,261.0,1029.0,-309.0,-612.0
36.0,,178.0,-114.0,-100.0,911.0,252.0,685.0,-296.0,-568.0
-29.0,,162.0,-169.0,-82.0,920.0,272.0,921.0,-290.0,-520.0
-104.0,,164.0,-209.0,-76.0,935.0,264.0,844.0,-285.0,-496.0
-135.0,,110.0,-246.0,-93.0,897.0,248.0,809.0,-261.0,-490.0
-173.0,,101.0,-273.0,-147.0,883.0,228.0,1008.0,-243.0,-515.0
-210.0,,75.0,-285.0,-204.0,880.0,222.0,757.0,-217.0,-561.0
-275.0,,26.0,-259.0,-265.0,864.0,258.0,1147.0,-172.0,-605.0
-320.0,,0.0,-204.0,-294.0,832.0,280.0,962.0,-124.0,-630.0
-350.0,,-59.0,-148.0,-262.0,820.0,251.0,1138.0,-94.0,-641.0
-370.0,,-92.0,-60.0,-158.0,842.0,215.0,1180.0,-63.0,-647.0
-324.0,,-101.0,19.0,27.0,846.0,215.0,979.0,-31.0,-615.0
-289.0,,-165.0,72.0,233.0,843.0,236.0,1236.0,5.0,-582.0
-295.0,,-177.0,105.0,415.0,826.0,271.0,886.0,61.0,-567.0
-256.0,,-209.0,104.0,565.0,866.0,280.0,1127.0,99.0,-554.0
-155.0,,-226.0,69.0,672.0,874.0,263.0,933.0,131.0,-578.0
-138.0,,-232.0,27.0,702.0,842.0,244.0,879.0,148.0,-636.0
-136.0,,-291.0,-26.0,686.0,845.0,225.0,1064.0,132.0,-680.0
-58.0,,-274.0,-101.0,641.0,812.0,237.0,820.0,101.0,-720.0
-25.0,,-315.0,-132.0,549.0,811.0,253.0,1169.0,48.0,-772.0
-42.0,,-335.0,-159.0,439.0,786.0,236.0,914.0,-14.0,-772.0
-43.0,,-349.0,-191.0,302.0,731.0,237.0,1073.0,-45.0,-733.0
-37.0,,-397.0,-160.0,148.0,733.0,245.0,1049.0,-53.0,-660.0
-45.0,,-434.0,-76.0,11.0,739.0,235.0,881.0,-49.0,-553.0
-53.0,,-482.0,42.0,-92.0,727.0,262.0,1141.0,-40.0,-429.0
-85.0,,-500.0,165.0,-170.0,705.0,272.0,820.0,-42.0,-280.0
-152.0,,-523.0,269.0,-253.0,715.0,263.0,1091.0,-48.0,-143.0
-164.0,,-513.0,338.0,-326.0,749.0,239.0,905.0,-89.0,-27.0
-187.0,,-509.0,376.0,-339.0,739.0,205.0,886.0,-150.0,66.0
-311.0,,-489.0,384.0,-283.0,692.0,204.0,951.0,-210.0,97.0
-408.0,,-444.0,363.0,-209.0,687.0,205.0,674.0,-268.0,55.0
-458.0,,-433.0,298.0,-140.0,688.0,232.0,973.0,-305.0,-46.0
-547.0,,-396.0,190.0,-79.0,683.0,241.0,692.0,-326.0,-176.0
-660.0,,-370.0,100.0,-51.0,663.0,213.0,938.0,-344.0,-277.0
-758.0,,-363.0,24.0,-63.0,644.0,222.0,938.0,-358.0,-354.0
-866.0,,-335.0,-41.0,-97.0,630.0,258.0,881.0,-348.0,-392.0
-899.0,,-357.0,-76.0,-89.0,580.0,284.0,1116.0,-346.0,-374.0
-914.0,,-374.0,-76.0,-27.0,575.0,274.0,777.0,-338.0,-312.0
-992.0,,-381.0,-41.0,43.0,575.0,253.0,1071.0,-326.0,-218.0
-980.0,,-395.0,30.0,106.0,579.0,260.0,886.0,-327.0,-126.0
-934.0,,-421.0,131.0,146.0,586.0,298.0,995.0,-320.0,-28.0
-884.0,,-432.0,190.0,190.0,552.0,363.0,1060.0,-336.0,55.0
-852.0,,-433.0,223.0,245.0,571.0,411.0,837.0,-345.0,136.0
-776.0,,-481.0,242.0,309.0,599.0,408.0,1090.0,-324.0,194.0
-651.0,,-489.0,225.0,362.0,565.0,406.0,759.0,-305.0,209.0
-597.0,,-524.0,214.0,369.0,565.0,410.0,1016.0,-264.0,238.0
-491.0,,-562.0,219.0,344.0,621.0,412.0,894.0,-218.0,244.0
-378.0,,-603.0,224.0,269.0,660.0,433.0,857.0,-187.0,225.0
-279.0,,-643.0,219.0,178.0,633.0,412.0,1025.0,-162.0,217.0
-250.0,,-657.0,207.0,68.0,557.0,351.0,713.0,-130.0,199.0
-218.0,,-726.0,203.0,-70.0,540.0,330.0,1067.0,-96.0,188.0
-132.0,,-729.0,206.0,-173.0,568.0,342.0,846.0,-60.0,172.0
-89.0,,-736.0,214.0,-213.0,578.0,349.0,1003.0,-22.0,162.0
-30.0,,-758.0,229.0,-206.0,576.0,339.0,997.0,-17.0,186.0
-37.0,,-726.0,239.0,-194.0,586.0,316.0,794.0,-23.0,222.0
24.0,,-690.0,219.0,-187.0,588.0,316.0,1051.0,-20.0,274.0
141.0,,-625.0,221.0,-207.0,569.0,323.0,727.0,-16.0,311.0
141.0,,-579.0,268.0,-283.0,589.0,308.0,977.0,-14.0,322.0
125.0,,-491.0,319.0,-371.0,592.0,328.0,761.0,-15.0,306.0
190.0,,-392.0,366.0,-434.0,555.0,375.0,737.0,-3.0,283.0
245.0,,-319.0,422.0,-491.0,521.0,383.0,851.0,0.0,268.0
175.0,,-221.0,493.0,-496.0,527.0,352.0,607.0,-18.0,238.0
129.0,,-138.0,521.0,-421.0,573.0,317.0,968.0,-36.0,244.0
114.0,,-57.0,519.0,-321.0,570.0,305.0,707.0,-53.0,265.0
75.0,,2.0,506.0,-198.0,548.0,299.0,912.0,-56.0,269.0
24.0,,54.0,477.0,-90.0,548.0,275.0,848.0,-53.0,268.0
-57.0,,71.0,467.0,-18.0,567.0,253.0,729.0,-61.0,246.0
-116.0,,89.0,432.0,12.0,575.0,244.0,1019.0,-60.0,213.0
-133.0,,101.0,358.0,13.0,530.0,233.0,691.0,-76.0,191.0
-161.0,,84.0,267.0,8.0,518.0,218.0,921.0,-118.0,179.0
-241.0,,59.0,156.0,-23.0,530.0,218.0,628.0,-158.0,162.0
-255.0,,12.0,41.0,-50.0,507.0,248.0,631.0,-190.0,156.0
-249.0,,-8.0,-87.0,-76.0,463.0,262.0,720.0,-184.0,130.0
-305.0,,-50.0,-230.0,-116.0,428.0,255.0,508.0,-136.0,94.0
-353.0,,-120.0,-326.0,-168.0,437.0,271.0,831.0,-60.0,47.0
-364.0,,-162.0,-370.0,-216.0,435.0,285.0,530.0,18.0,-21.0
-385.0,,-191.0,-385.0,-247.0,417.0,282.0,783.0,92.0,-96.0
-450.0,,-258.0,-344.0,-268.0,365.0,266.0,709.0,145.0,-173.0
-445.0,,-258.0,-281.0,-259.0,356.0,237.0,637.0,177.0,-226.0
-407.0,,-275.0,-228.0,-225.0,389.0,211.0,814.0,201.0,-266.0
-432.0,,-313.0,-173.0,-172.0,350.0,219.0,473.0,204.0,-294.0
-444.0,,-283.0,-168.0,-119.0,338.0,222.0,803.0,220.0,-325.0
-419.0,,-306.0,-184.0,-69.0,337.0,214.0,563.0,244.0,-344.0
-411.0,,-281.0,-216.0,-18.0,320.0,212.0,676.0,273.0,-340.0
-428.0,,-267.0,-262.0,21.0,325.0,219.0,681.0,309.0,-356.0
-455.0,,-283.0,-274.0,52.0,344.0,204.0,423.0,331.0,-382.0
-492.0,,-254.0,-292.0,54.0,377.0,156.0,722.0,328.0,-402.0
-465.0,,-250.0,-314.0,56.0,390.0,127.0,391.0,308.0,-437.0
-417.0,,-229.0,-314.0,60.0,372.0,123.0,617.0,282.0,-491.0
-433.0,,-199.0,-297.0,64.0,354.0,124.0,533.0,260.0,-515.0
-465.0,,-175.0,-276.0,87.0,376.0,119.0,572.0,241.0,-534.0
-452.0,,-126.0,-262.0,118.0,396.0,128.0,722.0,215.0,-538.0
-437.0,,-63.0,-245.0,190.0,388.0,152.0,423.0,188.0,-521.0
-458.0,,-32.0,-242.0,298.0,381.0,149.0,733.0,141.0,-535.0
-447.0,,20.0,-256.0,391.0,378.0,161.0,391.0,88.0,-525.0
-448.0,,82.0,-261.0,444.0,380.0,202.0,500.0,38.0,-515.0
-449.0,,128.0,-247.0,474.0,392.0,194.0,463.0,-33.0,-524.0
-418.0,,181.0,-235.0,490.0,358.0,157.0,266.0,-64.0,-531.0
-420.0,,200.0,-214.0,493.0,300.0,143.0,554.0,-70.0,-550.0
-436.0,,239.0,-193.0,484.0,282.0,113.0,243.0,-73.0,-574.0
-419.0,,246.0,-196.0,427.0,308.0,109.0,504.0,-54.0,-604.0
-386.0,,217.0,-188.0,315.0,315.0,126.0,314.0,-33.0,-644.0
-419.0,,202.0,-163.0,203.0,241.0,112.0,315.0,-20.0,-707.0
-442.0,,143.0,-150.0,119.0,247.0,102.0,437.0,-30.0,-756.0
-394.0,,86.0,-136.0,34.0,296.0,110.0,230.0,-57.0,-801.0
-345.0,,25.0,-103.0,-37.0,277.0,128.0,591.0,-101.0,-842.0
-323.0,,-22.0,-59.0,-83.0,280.0,151.0,295.0,-158.0,-840.0
-294.0,,-57.0,-20.0,-95.0,288.0,185.0,487.0,-221.0,-806.0
-272.0,,-99.0,0.0,-69.0,300.0,197.0,371.0,-278.0,-746.0
-269.0,,-126.0,-9.0,-23.0,296.0,169.0,214.0,-312.0,-673.0
-221.0,,-137.0,-31.0,25.0,265.0,165.0,445.0,-349.0,-612.0
-228.0,,-146.0,-58.0,31.0,247.0,152.0,103.0,-391.0,-619.0
-276.0,,-143.0,-101.0,-9.0,219.0,134.0,417.0,-451.0,-681.0
-276.0,,-116.0,-144.0,-76.0,171.0,136.0,227.0,-516.0,-804.0
-272.0,,-125.0,-185.0,-143.0,150.0,119.0,321.0,-551.0,-983.0
-292.0,,-102.0,-247.0,-162.0,170.0,110.0,432.0,-560.0,-1146.0
-322.0,,-85.0,-319.0,-118.0,185.0,104.0,212.0,-530.0,-1305.0
-339.0,,-91.0,-376.0,-32.0,138.0,98.0,526.0,-466.0,-1434.0
-371.0,,-45.0,-397.0,51.0,79.0,116.0,194.0,-381.0,-1496.0
-369.0,,-52.0,-397.0,84.0,60.0,106.0,428.0,-284.0,-1516.0
-344.0,,-40.0,-390.0,35.0,31.0,66.0,338.0,-200.0,-1485.0
-362.0,,-18.0,-344.0,-73.0,18.0,36.0,221.0,-106.0,-1416.0
-342.0,,-23.0,-276.0,-153.0,-2.0,26.0,426.0,0.0,-1350.0
-259.0,,20.0,-239.0,-169.0,0.0,20.0,120.0,94.0,-1268.0
-208.0,,21.0,-219.0,-117.0,-10.0,15.0,423.0,202.0,-1171.0
-183.0,,44.0,-200.0,-1.0,-54.0,25.0,186.0,312.0,-1073.0
-120.0,,70.0,-200.0,106.0,-61.0,-4.0,291.0,394.0,-952.0
-98.0,,43.0,-232.0,168.0,-77.0,-29.0,351.0,446.0,-822.0
-84.0,,53.0,-293.0,158.0,-33.0,-33.0,173.0,451.0,-699.0
-6.0,,50.0,-354.0,68.0,-66.0,-46.0,461.0,403.0,-594.0
28.0,,29.0,-410.0,-45.0,-157.0,-38.0,109.0,309.0,-507.0
26.0,,18.0,-474.0,-141.0,-179.0,-54.0,358.0,201.0,-422.0
62.0,,6.0,-532.0,-192.0,-193.0,-65.0,236.0,88.0,-376.0
117.0,,-21.0,-581.0,-204.0,-175.0,-77.0,190.0,-22.0,-381.0
117.0,,-49.0,-608.0,-207.0,-236.0,-110.0,375.0,-128.0,-436.0
98.0,,-75.0,-619.0,-205.0,-285.0,-122.0,86.0,-234.0,-521.0
89.0,,-104.0,-619.0,-197.0,-262.0,-126.0,347.0,-343.0,-623.0
43.0,,-142.0,-565.0,-181.0,-283.0,-109.0,24.0,-472.0,-751.0
8.0,,-148.0,-484.0,-178.0,-327.0,-106.0,144.0,-588.0,-862.0
-14.0,,-133.0,-390.0,-170.0,-368.0,-112.0,162.0,-705.0,-965.0
-71.0,,-142.0,-296.0,-127.0,-369.0,-99.0,48.0,-809.0,-1043.0
-156.0,,-124.0,-241.0,-66.0,-432.0,-86.0,327.0,-859.0,-1086.0
-148.0,,-122.0,-210.0,2.0,-527.0,-65.0,-29.0,-861.0,-1075.0
-152.0,,-89.0,-197.0,68.0,-550.0,-60.0,223.0,-798.0,-994.0
-269.0,,-96.0,-174.0,106.0,-543.0,-67.0,5.0,-699.0,-868.0
-322.0,,-94.0,-152.0,100.0,-486.0,-68.0,-48.0,-585.0,-702.0
-292.0,,-82.0,-143.0,66.0,-498.0,-76.0,73.0,-438.0,-501.0
-277.0,,-130.0,-123.0,22.0,-587.0,-88.0,-199.0,-288.0,-317.0
-323.0,,-112.0,-118.0,-20.0,-566.0,-117.0,94.0,-154.0,-172.0
-353.0,,-162.0,-121.0,-33.0,-498.0,-118.0,-223.0,-19.0,-34.0
-349.0,,-190.0,-121.0,-13.0,-486.0,-101.0,-33.0,124.0,50.0
-290.0,,-219.0,-102.0,15.0,-550.0,-101.0,-62.0,275.0,126.0
-246.0,,-281.0,-72.0,45.0,-625.0,-90.0,-182.0,429.0,175.0
-254.0,,-323.0,-51.0,61.0,-601.0,-76.0,103.0,573.0,196.0
-182.0,,-405.0,-46.0,63.0,-603.0,-61.0,-205.0,703.0,256.0
-95.0,,-434.0,-89.0,70.0,-679.0,-46.0,84.0,796.0,310.0
-40.0,,-496.0,-162.0,61.0,-719.0,-37.0,-142.0,843.0,338.0
-12.0,,-514.0,-239.0,34.0,-694.0,-28.0,-133.0,861.0,356.0
63.0,,-539.0,-329.0,1.0,-634.0,-24.0,-114.0,855.0,359.0
118.0,,-564.0,-439.0,-21.0,-674.0,-32.0,-458.0,826.0,325.0
95.0,,-561.0,-542.0,5.0,-727.0,-41.0,-162.0,780.0,306.0
157.0,,-604.0,-596.0,64.0,-727.0,-31.0,-424.0,710.0,245.0
218.0,,-596.0,-622.0,124.0,-759.0,-45.0,-218.0,612.0,141.0
202.0,,-627.0,-615.0,153.0,-774.0,-103.0,-330.0,510.0,26.0
206.0,,-617.0,-566.0,157.0,-786.0,-127.0,-376.0,392.0,-109.0
225.0,,-612.0,-501.0,159.0,-789.0,-129.0,-127.0,265.0,-213.0
228.0,,-629.0,-411.0,134.0,-778.0,-123.0,-415.0,145.0,-312.0
217.0,,-612.0,-311.0,69.0,-757.0,-85.0,-73.0,38.0,-350.0
177.0,,-620.0,-235.0,-27.0,-769.0,-80.0,-321.0,-38.0,-308.0
137.0,,-610.0,-179.0,-106.0,-783.0,-101.0,-225.0,-104.0,-223.0
134.0,,-619.0,-160.0,-132.0,-780.0,-86.0,-194.0,-133.0,-97.0
147.0,,-601.0,-171.0,-132.0,-805.0,-61.0,-421.0,-141.0,59.0
87.0,,-559.0,-218.0,-133.0,-803.0,-73.0,-112.0,-151.0,240.0
23.0,,-507.0,-313.0,-136.0,-789.0,-79.0,-436.0,-141.0,390.0
76.0,,-434.0,-426.0,-135.0,-750.0,-93.0,-229.0,-128.0,536.0
93.0,,-355.0,-519.0,-120.0,-763.0,-147.0,-389.0,-99.0,659.0
24.0,,-281.0,-560.0,-61.0,-803.0,-185.0,-410.0,-38.0,718.0
3.0,,-202.0,-575.0,25.0,-744.0,-216.0,-229.0,28.0,747.0
75.0,,-109.0,-585.0,105.0,-717.0,-226.0,-524.0,98.0,728.0
93.0,,-55.0,-597.0,152.0,-785.0,-230.0,-171.0,196.0,660.0
56.0,,31.0,-605.0,156.0,-857.0,-236.0,-373.0,266.0,581.0
54.0,,116.0,-569.0,121.0,-863.0,-240.0,-184.0,302.0,499.0
61.0,,168.0,-508.0,50.0,-858.0,-281.0,-149.0,344.0,425.0
108.0,,250.0,-429.0,-56.0,-872.0,-283.0,-314.0,376.0,411.0
82.0,,287.0,-339.0,-153.0,-885.0,-269.0,-92.0,403.0,410.0
-19.0,,324.0,-264.0,-186.0,-872.0,-308.0,-487.0,406.0,395.0
-30.0,,349.0,-192.0,-175.0,-840.0,-347.0,-271.0,402.0,395.0
17.0,,329.0,-132.0,-144.0,-934.0,-367.0,-432.0,374.0,362.0
-19.0,,344.0,-113.0,-121.0,-998.0,-390.0,-362.0,315.0,304.0
-98.0,,339.0,-116.0,-101.0,-972.0,-447.0,-227.0,242.0,228.0
-80.0,,336.0,-131.0,-62.0,-980.0,-495.0,-559.0,142.0,143.0
-65.0,,321.0,-178.0,7.0,-960.0,-514.0,-290.0,49.0,81.0
-130.0,,302.0,-235.0,111.0,-976.0,-503.0,-611.0,-28.0,28.0
-181.0,,305.0,-276.0,215.0,-962.0,-481.0,-412.0,-86.0,-29.0
-168.0,,278.0,-318.0,302.0,-894.0,-490.0,-417.0,-134.0,-71.0
-197.0,,278.0,-377.0,361.0,-911.0,-471.0,-530.0,-156.0,-106.0
-257.0,,291.0,-437.0,397.0,-953.0,-451.0,-280.0,-165.0,-143.0
-266.0,,286.0,-446.0,406.0,-920.0,-466.0,-578.0,-181.0,-153.0
-262.0,,291.0,-445.0,374.0,-893.0,-499.0,-262.0,-189.0,-160.0
-221.0,,300.0,-468.0,327.0,-918.0,-556.0,-478.0,-202.0,-136.0
-135.0,,288.0,-464.0,290.0,-914.0,-610.0,-400.0,-205.0,-63.0
-107.0,,300.0,-425.0,287.0,-908.0,-635.0,-279.0,-213.0,-12.0
-111.0,,281.0,-395.0,303.0,-897.0,-663.0,-498.0,-219.0,25.0
-36.0,,241.0,-391.0,307.0,-904.0,-724.0,-168.0,-219.0,38.0
-28.0,,256.0,-388.0,283.0,-916.0,-761.0,-487.0,-246.0,-3.0
-111.0,,189.0,-364.0,201.0,-897.0,-769.0,-334.0,-285.0,-88.0
-36.0,,158.0,-341.0,71.0,-903.0,-779.0,-465.0,-331.0,-213.0
59.0,,135.0,-337.0,-74.0,-924.0,-794.0,-561.0,-389.0,-366.0
46.0,,89.0,-329.0,-214.0,-970.0,-798.0,-360.0,-432.0,-513.0
104.0,,106.0,-318.0,-327.0,-966.0,-782.0,-654.0,-477.0,-629.0
214.0,,84.0,-297.0,-410.0,-876.0,-764.0,-382.0,-519.0,-698.0
243.0,,90.0,-284.0,-451.0,-832.0,-743.0,-685.0,-554.0,-674.0
272.0,,98.0,-302.0,-439.0,-897.0,-739.0,-574.0,-610.0,-610.0
324.0,,96.0,-307.0,-378.0,-936.0,-740.0,-491.0,-660.0,-529.0
310.0,,99.0,-332.0,-296.0,-883.0,-733.0,-663.0,-701.0,-401.0
336.0,,97.0,-388.0,-234.0,-865.0,-718.0,-328.0,-734.0,-248.0
369.0,,127.0,-422.0,-194.0,-851.0,-683.0,-667.0,-736.0,-85.0
351.0,,146.0,-429.0,-165.0,-816.0,-662.0,-445.0,-716.0,69.0
395.0,,169.0,-418.0,-133.0,-765.0,-623.0,-572.0,-683.0,216.0
447.0,,193.0,-404.0,-89.0,-714.0,-601.0,-620.0,-603.0,346.0
412.0,,188.0,-385.0,-61.0,-718.0,-603.0,-432.0,-488.0,444.0
346.0,,204.0,-359.0,-45.0,-735.0,-612.0,-696.0,-390.0,487.0
407.0,,220.0,-314.0,-65.0,-709.0,-634.0,-354.0,-287.0,485.0
448.0,,186.0,-266.0,-116.0,-669.0,-620.0,-572.0,-204.0,453.0
399.0,,174.0,-230.0,-145.0,-649.0,-618.0,-404.0,-147.0,374.0
418.0,,170.0,-206.0,-149.0,-622.0,-607.0,-426.0,-108.0,293.0
493.0,,113.0,-217.0,-95.0,-611.0,-610.0,-631.0,-88.0,220.0
563.0,,89.0,-237.0,13.0,-594.0,-651.0,-386.0,-71.0,120.0
597.0,,90.0,-229.0,132.0,-582.0,-622.0,-726.0,-57.0,31.0
659.0,,55.0,-197.0,224.0,-565.0,-557.0,-471.0,-26.0,-22.0
702.0,,61.0,-156.0,257.0,-538.0,-513.0,-606.0,-6.0,-58.0
734.0,,69.0,-115.0,235.0,-554.0,-487.0,-537.0,-2.0,-61.0
786.0,,58.0,-57.0,173.0,-545.0,-481.0,-356.0,-2.0,-29.0
770.0,,80.0,6.0,95.0,-498.0,-504.0,-561.0,-10.0,42.0
803.0,,88.0,26.0,24.0,-441.0,-532.0,-212.0,-29.0,152.0
923.0,,62.0,-13.0,-28.0,-423.0,-548.0,-463.0,-43.0,263.0
972.0,,74.0,-83.0,-42.0,-446.0,-554.0,-273.0,-48.0,342.0
970.0,,87.0,-180.0,-48.0,-458.0,-556.0,-345.0,-72.0,382.0
1028.0,,73.0,-299.0,-80.0,-406.0,-537.0,-443.0,-88.0,403.0
1099.0,,84.0,-403.0,-147.0,-367.0,-504.0,-171.0,-97.0,377.0
1109.0,,95.0,-495.0,-243.0,-401.0,-489.0,-439.0,-101.0,318.0
1099.0,,97.0,-585.0,-334.0,-420.0,-448.0,-107.0,-85.0,266.0
1123.0,,107.0,-638.0,-372.0,-421.0,-415.0,-351.0,-68.0,207.0
1123.0,,137.0,-661.0,-344.0,-403.0,-411.0,-397.0,-41.0,166.0
1096.0,,135.0,-652.0,-282.0,-438.0,-400.0,-375.0,-12.0,131.0
1051.0,,174.0,-589.0,-208.0,-485.0,-368.0,-593.0,10.0,82.0
996.0,,210.0,-508.0,-130.0,-459.0,-360.0,-284.0,27.0,61.0
984.0,,205.0,-432.0,-43.0,-430.0,-382.0,-498.0,33.0,58.0
953.0,,253.0,-349.0,60.0,-442.0,-376.0,-181.0,51.0,100.0
908.0,,245.0,-256.0,179.0,-471.0,-409.0,-260.0,76.0,202.0
861.0,,247.0,-208.0,294.0,-440.0,-417.0,-306.0,102.0,297.0
841.0,,235.0,-211.0,351.0,-384.0,-390.0,-168.0,144.0,410.0
775.0,,197.0,-204.0,328.0,-397.0,-405.0,-554.0,205.0,514.0
670.0,,204.0,-175.0,260.0,-427.0,-428.0,-242.0,280.0,573.0
657.0,,165.0,-145.0,189.0,-365.0,-442.0,-463.0,332.0,599.0
616.0,,131.0,-127.0,126.0,-318.0,-399.0,-345.0,363.0,589.0
530.0,,111.0,-121.0,63.0,-402.0,-372.0,-330.0,377.0,564.0
523.0,,59.0,-149.0,0.0,-417.0,-396.0,-535.0,374.0,521.0
544.0,,16.0,-201.0,-69.0,-372.0,-387.0,-258.0,356.0,476.0
502.0,,-35.0,-252.0,-110.0,-356.0,-378.0,-530.0,341.0,434.0
479.0,,-96.0,-287.0,-112.0,-343.0,-387.0,-186.0,342.0,416.0
489.0,,-144.0,-305.0,-94.0,-381.0,-387.0,-267.0,364.0,427.0
440.0,,-217.0,-313.0,-70.0,-367.0,-345.0,-221.0,371.0,430.0
377.0,,-281.0,-325.0,-45.0,-326.0,-283.0,-75.0,341.0,416.0
349.0,,-331.0,-366.0,-26.0,-354.0,-243.0,-400.0,301.0,400.0
296.0,,-374.0,-403.0,-18.0,-411.0,-227.0,-60.0,224.0,392.0
215.0,,-404.0,-401.0,-3.0,-403.0,-237.0,-301.0,130.0,377.0
213.0,,-417.0,-383.0,4.0,-373.0,-252.0,-140.0,30.0,380.0
211.0,,-432.0,-382.0,1.0,-375.0,-277.0,-188.0,-54.0,399.0
210.0,,-434.0,-393.0,7.0,-378.0,-306.0,-388.0,-109.0,428.0
243.0,,-412.0,-402.0,30.0,-408.0,-333.0,-210.0,-168.0,460.0
225.0,,-419.0,-400.0,84.0,-398.0,-368.0,-574.0,-227.0,487.0
215.0,,-406.0,-384.0,138.0,-386.0,-423.0,-275.0,-285.0,510.0
237.0,,-364.0,-345.0,151.0,-385.0,-455.0,-408.0,-331.0,516.0
250.0,,-309.0,-307.0,107.0,-393.0,-436.0,-317.0,-395.0,521.0
218.0,,-248.0,-314.0,34.0,-397.0,-428.0,-221.0,-457.0,515.0
239.0,,-150.0,-337.0,-18.0,-344.0,-433.0,-548.0,-490.0,496.0
304.0,,-62.0,-371.0,-34.0,-349.0,-427.0,-304.0,-504.0,499.0
315.0,,26.0,-410.0,-12.0,-335.0,-389.0,-668.0,-503.0,486.0
310.0,,116.0,-418.0,10.0,-260.0,-372.0,-491.0,-498.0,446.0
298.0,,152.0,-417.0,-13.0,-228.0,-378.0,-502.0,-467.0,455.0
325.0,,235.0,-416.0,-62.0,-217.0,-343.0,-526.0,-439.0,497.0
340.0,,276.0,-406.0,-99.0,-214.0,-311.0,-171.0,-416.0,564.0
353.0,,288.0,-387.0,-98.0,-178.0,-307.0,-347.0,-406.0,671.0
342.0,,309.0,-350.0,-49.0,-114.0,-316.0,-11.0,-413.0,773.0
347.0,,311.0,-288.0,39.0,-118.0,-327.0,-282.0,-404.0,868.0
450.0,,321.0,-216.0,125.0,-98.0,-350.0,-260.0,-388.0,926.0
415.0,,309.0,-138.0,172.0,-10.0,-363.0,-230.0,-364.0,904.0
327.0,,280.0,-43.0,194.0,25.0,-342.0,-415.0,-341.0,810.0
361.0,,249.0,51.0,203.0,14.0,-353.0,-62.0,-304.0,698.0
378.0,,222.0,91.0,211.0,0.0,-378.0,-349.0,-268.0,554.0
293.0,,143.0,71.0,203.0,14.0,-361.0,-103.0,-253.0,381.0
194.0,,77.0,45.0,151.0,52.0,-359.0,-232.0,-238.0,231.0
186.0,,28.0,21.0,53.0,43.0,-366.0,-308.0,-200.0,86.0
204.0,,-40.0,-38.0,-68.0,2.0,-333.0,-168.0,-175.0,-25.0
161.0,,-68.0,-134.0,-167.0,35.0,-276.0,-460.0,-172.0,-117.0
52.0,,-120.0,-253.0,-230.0,56.0,-210.0,-90.0,-171.0,-213.0
-7.0,,-162.0,-389.0,-271.0,-2.0,-172.0,-258.0,-187.0,-278.0
4.0,,-176.0,-535.0,-293.0,-27.0,-134.0,-16.0,-193.0,-330.0
-15.0,,-230.0,-670.0,-315.0,10.0,-112.0,53.0,-211.0,-382.0
-102.0,,-220.0,-779.0,-338.0,47.0,-114.0,-86.0,-232.0,-428.0
-165.0,,-211.0,-863.0,-330.0,10.0,-86.0,151.0,-226.0,-461.0
-131.0,,-202.0,-918.0,-276.0,-12.0,-50.0,-240.0,-202.0,-463.0
-137.0,,-153.0,-916.0,-185.0,35.0,-13.0,-11.0,-171.0,-450.0
-210.0,,-139.0,-851.0,-71.0,100.0,-21.0,-182.0,-153.0,-433.0
-188.0,,-62.0,-787.0,37.0,131.0,-45.0,-184.0,-124.0,-423.0
-137.0,,-4.0,-705.0,126.0,100.0,-47.0,-55.0,-118.0,-396.0
-150.0,,29.0,-588.0,177.0,103.0,-62.0,-306.0,-125.0,-334.0
-133.0,,86.0,-451.0,181.0,139.0,-68.0,1.0,-133.0,-236.0
-83.0,,108.0,-326.0,145.0,127.0,-73.0,-288.0,-144.0,-61.0
-32.0,,139.0,-245.0,86.0,114.0,-56.0,-110.0,-133.0,139.0
19.0,,134.0,-191.0,33.0,134.0,-52.0,-140.0,-110.0,355.0
41.0,,136.0,-190.0,6.0,166.0,-50.0,-279.0,-75.0,613.0
56.0,,128.0,-228.0,0.0,213.0,-38.0,-62.0,-25.0,855.0
107.0,,106.0,-276.0,-2.0,281.0,-60.0,-408.0,40.0,1058.0
176.0,,94.0,-349.0,-18.0,313.0,-28.0,-125.0,81.0,1210.0
157.0,,61.0,-415.0,-52.0,294.0,53.0,-279.0,121.0,1290.0
148.0,,36.0,-459.0,-78.0,292.0,104.0,-175.0,161.0,1319.0
226.0,,15.0,-502.0,-69.0,308.0,116.0,-48.0,178.0,1298.0
193.0,,-6.0,-560.0,-15.0,310.0,121.0,-225.0,174.0,1197.0
101.0,,-46.0,-604.0,47.0,275.0,135.0,86.0,122.0,1062.0
96.0,,-41.0,-613.0,76.0,200.0,148.0,-258.0,72.0,894.0
129.0,,-18.0,-629.0,67.0,164.0,168.0,-22.0,11.0,728.0
87.0,,-7.0,-646.0,41.0,185.0,211.0,-116.0,-58.0,606.0
22.0,,47.0,-656.0,9.0,192.0,255.0,-168.0,-119.0,493.0
8.0,,101.0,-692.0,-21.0,210.0,243.0,105.0,-174.0,404.0
7.0,,163.0,-709.0,-51.0,224.0,205.0,-223.0,-208.0,341.0
17.0,,221.0,-689.0,-93.0,235.0,214.0,18.0,-240.0,278.0
-40.0,,264.0,-633.0,-147.0,287.0,231.0,-297.0,-249.0,184.0
-81.0,,315.0,-546.0,-205.0,294.0,219.0,-201.0,-232.0,73.0
-43.0,,341.0,-480.0,-253.0,301.0,217.0,-133.0,-193.0,-66.0
-19.0,,384.0,-446.0,-265.0,318.0,204.0,-260.0,-161.0,-224.0
-45.0,,388.0,-422.0,-251.0,320.0,210.0,121.0,-133.0,-375.0
-81.0,,385.0,-379.0,-219.0,327.0,233.0,-144.0,-117.0,-535.0
-9.0,,408.0,-335.0,-176.0,288.0,249.0,145.0,-125.0,-670.0
91.0,,349.0,-290.0,-135.0,288.0,271.0,-38.0,-123.0,-781.0
72.0,,321.0,-213.0,-81.0,353.0,272.0,-110.0,-141.0,-862.0
62.0,,283.0,-131.0,-28.0,374.0,260.0,44.0,-147.0,-889.0
160.0,,230.0,-35.0,4.0,338.0,251.0,-267.0,-145.0,-902.0
179.0,,204.0,83.0,4.0,350.0,257.0,57.0,-161.0,-877.0
176.0,,130.0,174.0,-18.0,394.0,250.0,-173.0,-186.0,-791.0
248.0,,93.0,221.0,-37.0,402.0,257.0,14.0,-232.0,-692.0
285.0,,79.0,257.0,-52.0,387.0,276.0,1.0,-276.0,-574.0
316.0,,56.0,292.0,-67.0,420.0,277.0,-190.0,-327.0,-436.0
327.0,,43.0,311.0,-87.0,480.0,285.0,18.0,-375.0,-319.0
260.0,,23.0,288.0,-121.0,388.0,296.0,-339.0,-403.0,-217.0
276.0,,20.0,200.0,-171.0,301.0,290.0,-14.0,-390.0,-134.0
376.0,,11.0,89.0,-218.0,300.0,274.0,-107.0,-361.0,-103.0
350.0,,-24.0,-33.0,-248.0,296.0,273.0,1.0,-336.0,-115.0
314.0,,-44.0,-204.0,-249.0,321.0,275.0,168.0,-291.0,-153.0
347.0,,-63.0,-401.0,-204.0,242.0,281.0,-103.0,-248.0,-234.0
378.0,,-88.0,-577.0,-123.0,181.0,311.0,145.0,-206.0,-361.0
353.0,,-117.0,-702.0,-34.0,235.0,369.0,-219.0,-174.0,-518.0
272.0,,-159.0,-780.0,8.0,227.0,398.0,-36.0,-129.0,-710.0
215.0,,-198.0,-792.0,-5.0,205.0,372.0,-86.0,-67.0,-880.0
146.0,,-236.0,-780.0,-43.0,221.0,339.0,-212.0,-18.0,-1009.0
82.0,,-276.0,-750.0,-90.0,256.0,316.0,5.0,35.0,-1127.0
23.0,,-303.0,-655.0,-128.0,285.0,289.0,-253.0,70.0,-1205.0
-61.0,,-315.0,-534.0,-132.0,243.0,244.0,81.0,82.0,-1261.0
-116.0,,-316.0,-394.0,-96.0,191.0,222.0,-171.0,82.0,-1292.0
-122.0,,-314.0,-270.0,-38.0,221.0,216.0,-92.0,77.0,-1293.0
-158.0,,-310.0,-173.0,13.0,250.0,197.0,-22.0,64.0,-1293.0
-206.0,,-301.0,-93.0,35.0,202.0,182.0,-297.0,43.0,-1269.0
-200.0,,-291.0,-79.0,58.0,204.0,169.0,-68.0,40.0,-1191.0
-213.0,,-266.0,-114.0,104.0,242.0,163.0,-423.0,54.0,-1066.0
-218.0,,-242.0,-165.0,152.0,234.0,167.0,-158.0,71.0,-926.0
-224.0,,-210.0,-255.0,193.0,245.0,160.0,-205.0,81.0,-779.0
-284.0,,-176.0,-339.0,222.0,240.0,154.0,-275.0,82.0,-627.0
-351.0,,-138.0,-379.0,233.0,243.0,171.0,-114.0,78.0,-476.0
-332.0,,-99.0,-464.0,236.0,240.0,154.0,-452.0,60.0,-352.0
-322.0,,-69.0,-574.0,228.0,212.0,119.0,-149.0,48.0,-287.0
-424.0,,-27.0,-649.0,181.0,212.0,104.0,-380.0,38.0,-263.0
-465.0,,-7.0,-678.0,106.0,200.0,115.0,-243.0,9.0,-280.0
-459.0,,29.0,-636.0,13.0,191.0,130.0,-188.0,-27.0,-311.0
-502.0,,73.0,-576.0,-90.0,177.0,122.0,-388.0,-71.0,-329.0
-541.0,,101.0,-500.0,-172.0,181.0,112.0,-79.0,-110.0,-358.0
-593.0,,147.0,-387.0,-212.0,219.0,120.0,-352.0,-155.0,-382.0
-660.0,,176.0,-291.0,-209.0,241.0,142.0,-86.0,-198.0,-397.0
-679.0,,190.0,-215.0,-190.0,246.0,138.0,-240.0,-208.0,-422.0
-693.0,,207.0,-153.0,-188.0,244.0,123.0,-280.0,-212.0,-447.0
-772.0,,204.0,-135.0,-190.0,271.0,123.0,-109.0,-202.0,-497.0
-814.0,,189.0,-151.0,-196.0,317.0,124.0,-306.0,-183.0,-579.0
-811.0,,194.0,-188.0,-200.0,333.0,118.0,72.0,-161.0,-654.0
-839.0,,193.0,-249.0,-182.0,302.0,110.0,-210.0,-126.0,-722.0
-861.0,,171.0,-314.0,-152.0,292.0,113.0,-70.0,-110.0,-757.0
-856.0,,164.0,-379.0,-109.0,298.0,112.0,-133.0,-104.0,-758.0
-810.0,,160.0,-433.0,-35.0,269.0,106.0,-325.0,-93.0,-710.0
-822.0,,145.0,-480.0,62.0,258.0,135.0,-121.0,-88.0,-609.0
-828.0,,145.0,-508.0,145.0,313.0,182.0,-513.0,-107.0,-508.0
-767.0,,118.0,-527.0,175.0,363.0,207.0,-218.0,-121.0,-391.0
-784.0,,116.0,-553.0,146.0,373.0,222.0,-330.0,-133.0,-301.0
-763.0,,130.0,-561.0,89.0,361.0,241.0,-243.0,-154.0,-238.0
-718.0,,123.0,-529.0,55.0,367.0,283.0,-110.0,-173.0,-175.0
-677.0,,134.0,-467.0,64.0,431.0,323.0,-338.0,-199.0,-158.0
-638.0,,169.0,-408.0,107.0,443.0,338.0,3.0,-237.0,-152.0
-605.0,,187.0,-356.0,151.0,421.0,315.0,-323.0,-280.0,-126.0
-528.0,,196.0,-281.0,151.0,406.0,267.0,-105.0,-320.0,-101.0
-436.0,,219.0,-201.0,109.0,364.0,235.0,-79.0,-365.0,-37.0
-339.0,,229.0,-107.0,47.0,330.0,198.0,-112.0,-394.0,52.0
-315.0,,240.0,4.0,-26.0,319.0,179.0,192.0,-393.0,147.0
-253.0,,241.0,103.0,-79.0,344.0,177.0,-81.0,-357.0,264.0
-154.0,,257.0,168.0,-103.0,384.0,184.0,203.0,-312.0,386.0
-120.0,,253.0,167.0,-124.0,427.0,212.0,-36.0,-256.0,482.0
-145.0,,276.0,139.0,-125.0,410.0,240.0,31.0,-168.0,526.0
-138.0,,300.0,113.0,-90.0,381.0,269.0,73.0,-89.0,532.0
-59.0,,297.0,73.0,-22.0,367.0,298.0,-136.0,-16.0,477.0
-34.0,,346.0,27.0,51.0,369.0,349.0,157.0,34.0,371.0
-60.0,,367.0,-17.0,93.0,398.0,385.0,-149.0,43.0,219.0
-57.0,,403.0,-57.0,96.0,373.0,375.0,149.0,14.0,18.0
-4.0,,447.0,-97.0,82.0,342.0,356.0,51.0,-31.0,-170.0
3.0,,464.0,-131.0,90.0,302.0,356.0,-3.0,-82.0,-377.0
-1.0,,486.0,-161.0,125.0,298.0,378.0,212.0,-147.0,-573.0
-48.0,,497.0,-155.0,179.0,333.0,403.0,-44.0,-195.0,-719.0
-68.0,,495.0,-107.0,225.0,354.0,438.0,299.0,-228.0,-865.0
-8.0,,497.0,-66.0,227.0,371.0,462.0,49.0,-251.0,-981.0
-40.0,,467.0,-17.0,198.0,383.0,471.0,210.0,-244.0,-1054.0
-97.0,,435.0,39.0,164.0,395.0,495.0,258.0,-221.0,-1101.0
-69.0,,409.0,88.0,145.0,365.0,525.0,99.0,-205.0,-1111.0
-25.0,,377.0,137.0,126.0,358.0,535.0,363.0,-172.0,-1096.0
-70.0,,370.0,224.0,99.0,378.0,535.0,-29.0,-135.0,-1016.0
-111.0,,323.0,349.0,73.0,377.0,545.0,181.0,-119.0,-878.0
-119.0,,318.0,440.0,30.0,346.0,550.0,-40.0,-86.0,-748.0
-121.0,,270.0,493.0,-38.0,343.0,527.0,-101.0,-48.0,-606.0
-153.0,,212.0,563.0,-117.0,373.0,469.0,48.0,-5.0,-467.0
-197.0,,176.0,639.0,-190.0,349.0,453.0,-205.0,33.0,-373.0
-189.0,,82.0,672.0,-223.0,373.0,483.0,153.0,52.0,-308.0
-200.0,,38.0,664.0,-231.0,405.0,498.0,-68.0,76.0,-286.0
-176.0,,-30.0,622.0,-225.0,352.0,516.0,120.0,79.0,-313.0
-213.0,,-67.0,571.0,-205.0,320.0,507.0,1.0,75.0,-347.0
-267.0,,-115.0,514.0,-193.0,320.0,511.0,-225.0,83.0,-387.0
-267.0,,-177.0,451.0,-184.0,299.0,528.0,-18.0,94.0,-445.0
-288.0,,-178.0,383.0,-181.0,273.0,508.0,-367.0,117.0,-506.0
-341.0,,-239.0,312.0,-184.0,263.0,523.0,-48.0,162.0,-563.0
-383.0,,-290.0,276.0,-186.0,292.0,540.0,-258.0,221.0,-612.0
-331.0,,-304.0,257.0,-163.0,319.0,525.0,-245.0,267.0,-648.0
-360.0,,-328.0,228.0,-118.0,271.0,483.0,-120.0,313.0,-693.0
-370.0,,-309.0,192.0,-84.0,218.0,441.0,-404.0,366.0,-784.0
-323.0,,-297.0,162.0,-67.0,206.0,423.0,-138.0,407.0,-881.0
-325.0,,-288.0,130.0,-52.0,190.0,388.0,-430.0,452.0,-993.0
-290.0,,-246.0,113.0,-38.0,178.0,363.0,-251.0,502.0,-1120.0
-239.0,,-216.0,110.0,-18.0,197.0,353.0,-343.0,547.0,-1217.0
-171.0,,-179.0,85.0,23.0,186.0,363.0,-369.0,588.0,-1305.0
-132.0,,-127.0,51.0,68.0,169.0,372.0,-155.0,606.0,-1365.0
-87.0,,-76.0,30.0,88.0,180.0,395.0,-570.0,606.0,-1397.0
-47.0,,-52.0,22.0,74.0,112.0,430.0,-338.0,595.0,-1414.0
-16.0,,-27.0,34.0,49.0,111.0,431.0,-609.0,572.0,-1424.0
39.0,,0.0,66.0,26.0,154.0,434.0,-502.0,541.0,-1432.0
14.0,,-16.0,89.0,-5.0,91.0,436.0,-410.0,494.0,-1442.0
-21.0,,-35.0,78.0,-40.0,60.0,445.0,-642.0,439.0,-1444.0
23.0,,-53.0,50.0,-96.0,52.0,431.0,-334.0,399.0,-1437.0
58.0,,-103.0,26.0,-156.0,96.0,436.0,-609.0,381.0,-1463.0
12.0,,-142.0,8.0,-185.0,117.0,476.0,-393.0,363.0,-1480.0
17.0,,-198.0,-19.0,-170.0,56.0,467.0,-558.0,331.0,-1475.0
57.0,,-251.0,-52.0,-135.0,59.0,443.0,-570.0,291.0,-1473.0
37.0,,-313.0,-60.0,-125.0,66.0,450.0,-365.0,257.0,-1465.0
20.0,,-373.0,-39.0,-146.0,72.0,487.0,-711.0,218.0,-1481.0
0.0,,-391.0,-24.0,-157.0,52.0,497.0,-393.0,176.0,-1523.0
0.0,,-430.0,-31.0,-130.0,-5.0,479.0,-646.0,150.0,-1527.0
-14.0,,-435.0,-50.0,-87.0,-31.0,459.0,-522.0,124.0,-1529.0
-35.0,,-416.0,-53.0,-45.0,-55.0,459.0,-487.0,98.0,-1523.0
-74.0,,-380.0,-44.0,-41.0,-76.0,482.0,-679.0,67.0,-1477.0
-112.0,,-338.0,-59.0,-96.0,-112.0,456.0,-362.0,45.0,-1421.0
-49.0,,-286.0,-95.0,-166.0,-125.0,426.0,-620.0,39.0,-1314.0
-74.0,,-215.0,-142.0,-233.0,-89.0,396.0,-386.0,33.0,-1195.0
-160.0,,-169.0,-224.0,-295.0,-61.0,354.0,-589.0,32.0,-1083.0
-190.0,,-113.0,-321.0,-327.0,-39.0,288.0,-613.0,30.0,-987.0
-230.0,,-81.0,-383.0,-307.0,-57.0,229.0,-436.0,29.0,-921.0
-270.0,,-42.0,-414.0,-247.0,-82.0,243.0,-694.0,37.0,-878.0
-319.0,,-38.0,-443.0,-178.0,-86.0,232.0,-378.0,70.0,-881.0
-326.0,,-58.0,-483.0,-122.0,-85.0,202.0,-694.0,123.0,-902.0
-343.0,,-50.0,-534.0,-73.0,-45.0,203.0,-617.0,175.0,-938.0
-396.0,,-62.0,-564.0,-26.0,-26.0,207.0,-679.0,223.0,-977.0
-385.0,,-67.0,-546.0,15.0,-46.0,185.0,-846.0,281.0,-1007.0
-412.0,,-69.0,-504.0,59.0,-106.0,161.0,-521.0,330.0,-1021.0
-457.0,,-75.0,-436.0,83.0,-116.0,158.0,-785.0,373.0,-1007.0
-443.0,,-74.0,-329.0,87.0,-48.0,133.0,-458.0,424.0,-961.0
-443.0,,-49.0,-223.0,65.0,-7.0,110.0,-596.0,473.0,-905.0
-473.0,,-50.0,-141.0,5.0,40.0,97.0,-613.0,528.0,-831.0
-513.0,,-59.0,-83.0,-47.0,66.0,58.0,-543.0,584.0,-752.0
-539.0,,-22.0,-53.0,-74.0,62.0,14.0,-886.0,618.0,-693.0
-572.0,,-36.0,-29.0,-69.0,54.0,-8.0,-576.0,619.0,-637.0
-604.0,,-39.0,12.0,-35.0,59.0,-44.0,-881.0,587.0,-611.0
-637.0,,-40.0,63.0,34.0,102.0,-89.0,-691.0,518.0,-611.0
-691.0,,-94.0,107.0,109.0,119.0,-107.0,-639.0,427.0,-604.0
-678.0,,-113.0,124.0,163.0,98.0,-115.0,-715.0,339.0,-601.0
-654.0,,-156.0,100.0,201.0,90.0,-129.0,-460.0,243.0,-577.0
-669.0,,-182.0,65.0,197.0,148.0,-148.0,-777.0,153.0,-545.0
-655.0,,-186.0,41.0,162.0,187.0,-173.0,-473.0,60.0,-518.0
-613.0,,-209.0,58.0,122.0,169.0,-218.0,-692.0,-11.0,-439.0
-558.0,,-209.0,107.0,79.0,182.0,-238.0,-626.0,-60.0,-373.0
-530.0,,-213.0,183.0,42.0,215.0,-237.0,-489.0,-112.0,-324.0
-499.0,,-216.0,300.0,26.0,271.0,-246.0,-737.0,-141.0,-255.0
-476.0,,-215.0,391.0,29.0,306.0,-242.0,-415.0,-153.0,-212.0
-450.0,,-205.0,436.0,57.0,280.0,-266.0,-715.0,-152.0,-154.0
-398.0,,-205.0,458.0,93.0,286.0,-308.0,-480.0,-131.0,-80.0
-406.0,,-175.0,453.0,110.0,315.0,-335.0,-519.0,-105.0,-24.0
-430.0,,-168.0,436.0,123.0,327.0,-327.0,-618.0,-83.0,22.0
-415.0,,-145.0,380.0,118.0,342.0,-292.0,-424.0,-44.0,57.0
-363.0,,-79.0,297.0,89.0,299.0,-316.0,-726.0,3.0,59.0
-376.0,,-63.0,231.0,42.0,310.0,-345.0,-382.0,42.0,41.0
-420.0,,5.0,176.0,-5.0,388.0,-330.0,-563.0,85.0,6.0
-399.0,,46.0,135.0,-28.0,365.0,-317.0,-467.0,136.0,-57.0
-446.0,,52.0,117.0,-22.0,352.0,-342.0,-445.0,190.0,-124.0
-495.0,,110.0,138.0,-4.0,363.0,-359.0,-670.0,247.0,-188.0
-522.0,,114.0,166.0,4.0,339.0,-366.0,-330.0,299.0,-261.0
-606.0,,116.0,199.0,19.0,331.0,-422.0,-654.0,353.0,-318.0
-678.0,,125.0,273.0,34.0,323.0,-478.0,-423.0,404.0,-333.0
-738.0,,117.0,368.0,48.0,342.0,-523.0,-522.0,444.0,-335.0
-792.0,,137.0,484.0,58.0,331.0,-565.0,-626.0,482.0,-303.0
-830.0,,121.0,577.0,27.0,257.0,-576.0,-454.0,487.0,-232.0
-833.0,,148.0,654.0,-23.0,238.0,-578.0,-772.0,461.0,-150.0
-819.0,,172.0,733.0,-52.0,282.0,-587.0,-482.0,417.0,-71.0
-795.0,,160.0,771.0,-56.0,317.0,-604.0,-722.0,351.0,0.0
-735.0,,185.0,792.0,-36.0,307.0,-613.0,-582.0,287.0,91.0
-670.0,,178.0,786.0,11.0,252.0,-601.0,-504.0,220.0,186.0
-592.0,,187.0,770.0,69.0,253.0,-617.0,-676.0,153.0,281.0
-488.0,,188.0,757.0,135.0,284.0,-667.0,-386.0,92.0,371.0
-392.0,,181.0,722.0,185.0,239.0,-670.0,-700.0,38.0,461.0
-319.0,,181.0,723.0,233.0,154.0,-665.0,-389.0,3.0,523.0
-238.0,,178.0,759.0,283.0,81.0,-686.0,-493.0,-21.0,568.0
-124.0,,154.0,776.0,314.0,99.0,-721.0,-572.0,-31.0,607.0
-39.0,,119.0,760.0,333.0,142.0,-752.0,-445.0,-30.0,621.0
-39.0,,101.0,712.0,341.0,124.0,-729.0,-757.0,-22.0,665.0
-39.0,,56.0,639.0,341.0,89.0,-694.0,-454.0,-12.0,672.0
-8.0,,17.0,527.0,298.0,76.0,-663.0,-642.0,-10.0,659.0
-8.0,,-11.0,368.0,216.0,49.0,-643.0,-380.0,-24.0,677.0
13.0,,-66.0,228.0,150.0,-23.0,-623.0,-334.0,-41.0,662.0
32.0,,-90.0,124.0,103.0,-32.0,-599.0,-500.0,-55.0,629.0
46.0,,-116.0,10.0,63.0,-18.0,-587.0,-317.0,-73.0,599.0
116.0,,-160.0,-69.0,4.0,-50.0,-550.0,-759.0,-67.0,543.0
159.0,,-156.0,-121.0,-65.0,-99.0,-526.0,-511.0,-55.0,474.0
126.0,,-178.0,-163.0,-118.0,-125.0,-533.0,-668.0,-47.0,418.0
91.0,,-174.0,-189.0,-170.0,-110.0,-549.0,-657.0,-27.0,337.0
69.0,,-170.0,-217.0,-221.0,-121.0,-554.0,-478.0,-1.0,248.0
26.0,,-178.0,-242.0,-279.0,-164.0,-559.0,-742.0,4.0,169.0
-8.0,,-139.0,-249.0,-328.0,-188.0,-581.0,-487.0,13.0,99.0
-54.0,,-114.0,-245.0,-337.0,-193.0,-567.0,-700.0,37.0,42.0
-95.0,,-73.0,-242.0,-322.0,-236.0,-545.0,-415.0,44.0,-14.0
-78.0,,-14.0,-217.0,-273.0,-241.0,-556.0,-421.0,70.0,-84.0
-57.0,,22.0,-154.0,-198.0,-202.0,-561.0,-511.0,101.0,-149.0
-57.0,,62.0,-90.0,-139.0,-196.0,-551.0,-258.0,118.0,-210.0
-48.0,,93.0,-14.0,-95.0,-197.0,-552.0,-594.0,145.0,-277.0
-32.0,,112.0,71.0,-75.0,-185.0,-592.0,-369.0,183.0,-331.0
-13.0,,148.0,124.0,-72.0,-148.0,-571.0,-631.0,219.0,-391.0
-15.0,,165.0,140.0,-62.0,-143.0,-509.0,-591.0,228.0,-435.0
-18.0,,193.0,106.0,-41.0,-187.0,-556.0,-533.0,247.0,-471.0
-4.0,,177.0,48.0,-15.0,-189.0,-599.0,-824.0,276.0,-498.0
-35.0,,175.0,6.0,-3.0,-144.0,-585.0,-502.0,295.0,-528.0
-69.0,,184.0,-22.0,2.0,-111.0,-601.0,-759.0,313.0,-561.0
-66.0,,148.0,-36.0,5.0,-110.0,-623.0,-530.0,328.0,-582.0
-84.0,,157.0,-41.0,-10.0,-181.0,-624.0,-606.0,346.0,-614.0
-109.0,,125.0,-61.0,-14.0,-221.0,-611.0,-631.0,355.0,-614.0
-94.0,,109.0,-95.0,-16.0,-152.0,-633.0,-399.0,361.0,-603.0
-94.0,,114.0,-123.0,-44.0,-91.0,-648.0,-755.0,366.0,-605.0
-124.0,,98.0,-108.0,-86.0,-68.0,-629.0,-474.0,365.0,-579.0
-137.0,,97.0,-65.0,-113.0,-83.0,-649.0,-676.0,367.0,-548.0
-148.0,,90.0,-27.0,-120.0,-82.0,-713.0,-500.0,368.0,-534.0
-133.0,,81.0,20.0,-113.0,-54.0,-740.0,-408.0,375.0,-507.0
-115.0,,65.0,82.0,-72.0,-61.0,-738.0,-589.0,386.0,-494.0
-138.0,,63.0,160.0,-53.0,-75.0,-765.0,-299.0,399.0,-470.0
-151.0,,55.0,222.0,-78.0,-79.0,-765.0,-587.0,428.0,-429.0
-140.0,,58.0,245.0,-95.0,-91.0,-733.0,-295.0,447.0,-409.0
-159.0,,50.0,273.0,-85.0,-94.0,-694.0,-445.0,463.0,-346.0
-130.0,,28.0,276.0,-44.0,-85.0,-665.0,-474.0,477.0,-296.0
-77.0,,48.0,271.0,12.0,-75.0,-645.0,-365.0,464.0,-235.0
-96.0,,44.0,278.0,62.0,-56.0,-629.0,-694.0,443.0,-160.0
-73.0,,11.0,268.0,65.0,-54.0,-620.0,-299.0,413.0,-127.0
-6.0,,45.0,251.0,16.0,-81.0,-594.0,-521.0,379.0,-93.0
51.0,,55.0,204.0,-25.0,-95.0,-571.0,-325.0,330.0,-48.0
71.0,,34.0,167.0,-36.0,-78.0,-546.0,-266.0,258.0,22.0
50.0,,69.0,135.0,-20.0,-80.0,-534.0,-391.0,191.0,86.0
69.0,,35.0,100.0,5.0,-95.0,-531.0,-105.0,109.0,157.0
107.0,,49.0,72.0,14.0,-81.0,-530.0,-360.0,11.0,192.0
112.0,,68.0,38.0,-6.0,-96.0,-553.0,-16.0,-81.0,221.0
70.0,,-3.0,50.0,-59.0,-174.0,-557.0,-184.0,-173.0,247.0
83.0,,27.0,51.0,-135.0,-233.0,-514.0,-107.0,-256.0,237.0
142.0,,22.0,27.0,-205.0,-244.0,-502.0,84.0,-355.0,254.0
168.0,,5.0,17.0,-238.0,-226.0,-520.0,-162.0,-447.0,255.0
165.0,,23.0,-8.0,-205.0,-198.0,-509.0,151.0,-503.0,258.0
126.0,,0.0,-66.0,-114.0,-216.0,-499.0,-105.0,-554.0,288.0
153.0,,29.0,-147.0,-6.0,-275.0,-472.0,84.0,-584.0,366.0
178.0,,43.0,-220.0,74.0,-290.0,-445.0,73.0,-573.0,467.0
106.0,,57.0,-279.0,84.0,-256.0,-432.0,90.0,-541.0,590.0
44.0,,73.0,-345.0,57.0,-260.0,-433.0,343.0,-492.0,740.0
28.0,,99.0,-401.0,40.0,-323.0,-449.0,-5.0,-440.0,881.0
50.0,,170.0,-439.0,37.0,-347.0,-478.0,275.0,-377.0,1045.0
45.0,,214.0,-478.0,53.0,-310.0,-504.0,38.0,-322.0,1177.0
46.0,,278.0,-496.0,79.0,-304.0,-478.0,105.0,-289.0,1277.0
66.0,,347.0,-494.0,97.0,-369.0,-477.0,212.0,-265.0,1337.0
65.0,,383.0,-472.0,85.0,-408.0,-501.0,62.0,-264.0,1340.0
100.0,,396.0,-419.0,60.0,-397.0,-490.0,406.0,-255.0,1315.0
100.0,,391.0,-355.0,29.0,-404.0,-473.0,88.0,-256.0,1260.0
107.0,,392.0,-270.0,14.0,-436.0,-432.0,332.0,-259.0,1192.0
145.0,,338.0,-178.0,37.0,-464.0,-395.0,282.0,-245.0,1122.0
151.0,,305.0,-88.0,64.0,-465.0,-403.0,245.0,-257.0,1087.0
201.0,,254.0,7.0,97.0,-447.0,-391.0,397.0,-247.0,1082.0
223.0,,151.0,76.0,125.0,-414.0,-378.0,109.0,-221.0,1100.0
259.0,,112.0,119.0,149.0,-423.0,-402.0,474.0,-192.0,1139.0
313.0,,0.0,159.0,180.0,-482.0,-389.0,238.0,-160.0,1172.0
327.0,,-74.0,174.0,186.0,-527.0,-370.0,391.0,-121.0,1204.0
353.0,,-102.0,177.0,163.0,-517.0,-366.0,452.0,-77.0,1223.0
334.0,,-181.0,183.0,115.0,-485.0,-344.0,314.0,-42.0,1232.0
299.0,,-190.0,197.0,55.0,-561.0,-308.0,606.0,-19.0,1240.0
281.0,,-181.0,212.0,0.0,-642.0,-267.0,260.0,-20.0,1236.0
276.0,,-181.0,213.0,-40.0,-660.0,-224.0,524.0,-43.0,1196.0
209.0,,-151.0,231.0,-87.0,-669.0,-159.0,384.0,-67.0,1128.0
120.0,,-98.0,251.0,-148.0,-643.0,-116.0,382.0,-84.0,1051.0
84.0,,-52.0,283.0,-178.0,-677.0,-94.0,539.0,-115.0,936.0
35.0,,0.0,343.0,-194.0,-712.0,-71.0,290.0,-152.0,826.0
-15.0,,68.0,392.0,-187.0,-671.0,-49.0,606.0,-172.0,713.0
-87.0,,91.0,426.0,-138.0,-662.0,-28.0,295.0,-187.0,598.0
-155.0,,101.0,439.0,-70.0,-696.0,-42.0,461.0,-204.0,529.0
-173.0,,117.0,421.0,0.0,-737.0,-38.0,456.0,-219.0,466.0
-168.0,,116.0,378.0,57.0,-775.0,-47.0,328.0,-224.0,417.0
-238.0,,93.0,321.0,101.0,-798.0,-93.0,633.0,-217.0,341.0
-311.0,,50.0,239.0,113.0,-850.0,-93.0,395.0,-198.0,256.0
-283.0,,26.0,129.0,77.0,-912.0,-86.0,700.0,-171.0,163.0
-269.0,,-28.0,14.0,4.0,-888.0,-95.0,497.0,-145.0,46.0
-291.0,,-80.0,-83.0,-89.0,-889.0,-90.0,565.0,-124.0,-53.0
-326.0,,-136.0,-160.0,-164.0,-907.0,-79.0,659.0,-107.0,-125.0
-304.0,,-232.0,-222.0,-185.0,-866.0,-62.0,376.0,-127.0,-158.0
-222.0,,-258.0,-251.0,-154.0,-852.0,-43.0,746.0,-180.0,-207.0
-165.0,,-337.0,-223.0,-72.0,-865.0,-40.0,541.0,-231.0,-228.0
-152.0,,-411.0,-170.0,31.0,-938.0,-15.0,800.0,-283.0,-241.0
-148.0,,-415.0,-148.0,118.0,-1008.0,9.0,733.0,-317.0,-291.0
-61.0,,-493.0,-133.0,188.0,-1026.0,2.0,655.0,-331.0,-326.0
5.0,,-485.0,-91.0,242.0,-1041.0,-5.0,890.0,-318.0,-374.0
-1.0,,-470.0,-22.0,265.0,-1064.0,-24.0,570.0,-274.0,-441.0
-16.0,,-491.0,55.0,282.0,-1091.0,-14.0,835.0,-255.0,-505.0
-9.0,,-402.0,142.0,291.0,-1065.0,-16.0,533.0,-218.0,-574.0
-9.0,,-363.0,227.0,280.0,-1026.0,-23.0,626.0,-148.0,-627.0
-74.0,,-312.0,273.0,247.0,-1035.0,-7.0,703.0,-68.0,-628.0
-84.0,,-243.0,311.0,177.0,-1058.0,-22.0,482.0,40.0,-604.0
-84.0,,-209.0,340.0,93.0,-997.0,-6.0,785.0,179.0,-530.0
-128.0,,-126.0,327.0,4.0,-911.0,19.0,447.0,328.0,-403.0
-131.0,,-106.0,247.0,-81.0,-921.0,49.0,631.0,464.0,-253.0
-136.0,,-58.0,105.0,-141.0,-947.0,82.0,467.0,606.0,-79.0
-137.0,,-12.0,-37.0,-167.0,-939.0,87.0,388.0,710.0,91.0
-132.0,,-26.0,-173.0,-165.0,-926.0,91.0,615.0,763.0,257.0
-108.0,,20.0,-315.0,-142.0,-948.0,101.0,413.0,788.0,400.0
-58.0,,1.0,-456.0,-117.0,-969.0,108.0,796.0,776.0,497.0
2.0,,16.0,-560.0,-135.0,-949.0,93.0,569.0,725.0,548.0
44.0,,40.0,-610.0,-189.0,-930.0,86.0,687.0,645.0,558.0
66.0,,19.0,-620.0,-223.0,-920.0,67.0,694.0,554.0,512.0
160.0,,67.0,-593.0,-218.0,-925.0,67.0,528.0,451.0,431.0
240.0,,89.0,-553.0,-189.0,-919.0,79.0,829.0,322.0,363.0
271.0,,131.0,-484.0,-154.0,-843.0,93.0,469.0,156.0,276.0
279.0,,150.0,-415.0,-127.0,-822.0,160.0,707.0,11.0,196.0
307.0,,183.0,-355.0,-133.0,-886.0,188.0,604.0,-128.0,146.0
372.0,,225.0,-283.0,-152.0,-896.0,194.0,567.0,-280.0,107.0
375.0,,232.0,-221.0,-176.0,-870.0,202.0,663.0,-402.0,63.0
399.0,,259.0,-150.0,-188.0,-879.0,190.0,380.0,-498.0,33.0
414.0,,256.0,-85.0,-156.0,-934.0,169.0,692.0,-557.0,3.0
410.0,,244.0,-51.0,-105.0,-943.0,157.0,432.0,-598.0,-35.0
431.0,,236.0,-63.0,-52.0,-889.0,152.0,648.0,-609.0,-48.0
389.0,,215.0,-125.0,-6.0,-851.0,105.0,624.0,-587.0,-68.0
365.0,,175.0,-197.0,20.0,-864.0,54.0,448.0,-565.0,-54.0
357.0,,145.0,-266.0,13.0,-891.0,20.0,668.0,-542.0,-22.0
348.0,,123.0,-343.0,-26.0,-835.0,-31.0,317.0,-514.0,25.0
314.0,,90.0,-422.0,-82.0,-777.0,-51.0,615.0,-498.0,126.0
245.0,,54.0,-469.0,-136.0,-752.0,-20.0,419.0,-480.0,230.0
253.0,,64.0,-475.0,-162.0,-752.0,-21.0,424.0,-457.0,350.0
230.0,,41.0,-442.0,-148.0,-777.0,-23.0,500.0,-459.0,474.0
212.0,,15.0,-374.0,-96.0,-792.0,-7.0,238.0,-460.0,597.0
251.0,,29.0,-301.0,-55.0,-779.0,11.0,558.0,-459.0,703.0
236.0,,8.0,-217.0,-49.0,-753.0,40.0,223.0,-476.0,810.0
250.0,,31.0,-138.0,-42.0,-742.0,23.0,380.0,-495.0,924.0
293.0,,29.0,-86.0,-38.0,-750.0,11.0,306.0,-516.0,1005.0
318.0,,28.0,-46.0,-47.0,-755.0,37.0,225.0,-546.0,1109.0
322.0,,37.0,-16.0,-50.0,-736.0,52.0,460.0,-602.0,1186.0
335.0,,38.0,1.0,-54.0,-772.0,35.0,131.0,-671.0,1238.0
380.0,,44.0,-27.0,-51.0,-747.0,31.0,380.0,-727.0,1305.0
387.0,,22.0,-62.0,-17.0,-692.0,34.0,110.0,-780.0,1309.0
415.0,,69.0,-39.0,47.0,-707.0,16.0,247.0,-825.0,1295.0
461.0,,78.0,-1.0,123.0,-693.0,3.0,386.0,-851.0,1268.0
492.0,,104.0,44.0,167.0,-722.0,2.0,223.0,-867.0,1193.0
516.0,,150.0,93.0,173.0,-743.0,-7.0,546.0,-862.0,1110.0
529.0,,130.0,140.0,146.0,-726.0,-35.0,169.0,-851.0,1006.0
551.0,,186.0,178.0,101.0,-691.0,-29.0,345.0,-841.0,874.0
568.0,,180.0,193.0,50.0,-655.0,-34.0,184.0,-834.0,757.0
603.0,,182.0,198.0,-3.0,-686.0,-40.0,173.0,-829.0,647.0
604.0,,227.0,200.0,-41.0,-696.0,-14.0,460.0,-821.0,536.0
582.0,,230.0,186.0,-31.0,-634.0,-14.0,230.0,-793.0,456.0
599.0,,254.0,170.0,19.0,-600.0,-18.0,618.0,-746.0,377.0
596.0,,291.0,166.0,92.0,-645.0,-21.0,349.0,-699.0,300.0
551.0,,349.0,139.0,148.0,-619.0,-24.0,436.0,-630.0,254.0
520.0,,379.0,96.0,165.0,-545.0,-3.0,452.0,-554.0,198.0
507.0,,429.0,63.0,173.0,-559.0,2.0,254.0,-464.0,107.0
464.0,,477.0,55.0,157.0,-584.0,2.0,548.0,-353.0,16.0
390.0,,523.0,44.0,133.0,-576.0,35.0,249.0,-245.0,-65.0
335.0,,542.0,27.0,127.0,-490.0,78.0,482.0,-131.0,-153.0
345.0,,554.0,22.0,106.0,-482.0,116.0,282.0,-18.0,-221.0
349.0,,551.0,4.0,66.0,-525.0,98.0,291.0,85.0,-285.0
303.0,,516.0,-21.0,4.0,-461.0,71.0,465.0,162.0,-342.0
248.0,,495.0,-37.0,-75.0,-465.0,68.0,229.0,227.0,-360.0
243.0,,422.0,-56.0,-135.0,-469.0,55.0,580.0,293.0,-345.0
266.0,,362.0,-92.0,-159.0,-479.0,56.0,279.0,326.0,-297.0
194.0,,289.0,-118.0,-173.0,-485.0,35.0,500.0,328.0,-233.0
119.0,,210.0,-110.0,-176.0,-425.0,21.0,506.0,309.0,-175.0
139.0,,127.0,-108.0,-150.0,-427.0,48.0,327.0,290.0,-110.0
177.0,,46.0,-103.0,-95.0,-418.0,85.0,593.0,257.0,-43.0
150.0,,-37.0,-62.0,-24.0,-396.0,97.0,251.0,219.0,11.0
108.0,,-113.0,-10.0,44.0,-379.0,105.0,473.0,190.0,56.0
168.0,,-153.0,35.0,97.0,-390.0,111.0,240.0,163.0,63.0
230.0,,-220.0,67.0,102.0,-431.0,121.0,247.0,131.0,30.0
219.0,,-261.0,78.0,94.0,-434.0,152.0,319.0,83.0,-33.0
204.0,,-278.0,65.0,102.0,-413.0,147.0,27.0,52.0,-123.0
227.0,,-295.0,39.0,94.0,-392.0,132.0,286.0,31.0,-224.0
286.0,,-345.0,17.0,80.0,-421.0,151.0,-49.0,4.0,-330.0
294.0,,-336.0,-17.0,83.0,-433.0,143.0,190.0,-20.0,-405.0
263.0,,-344.0,-86.0,102.0,-390.0,108.0,234.0,-30.0,-451.0
305.0,,-380.0,-159.0,124.0,-394.0,118.0,201.0,-35.0,-502.0
348.0,,-375.0,-180.0,147.0,-421.0,101.0,412.0,-28.0,-516.0
318.0,,-396.0,-166.0,172.0,-417.0,59.0,62.0,-10.0,-481.0
266.0,,-389.0,-141.0,188.0,-421.0,50.0,341.0,-8.0,-437.0
285.0,,-395.0,-105.0,181.0,-444.0,54.0,120.0,-11.0,-386.0
335.0,,-373.0,-75.0,145.0,-477.0,83.0,188.0,-19.0,-332.0
304.0,,-379.0,-48.0,90.0,-467.0,77.0,223.0,-38.0,-269.0
280.0,,-363.0,-20.0,14.0,-419.0,57.0,-35.0,-82.0,-208.0
298.0,,-309.0,35.0,-68.0,-400.0,33.0,240.0,-104.0,-170.0
319.0,,-316.0,87.0,-130.0,-367.0,2.0,-49.0,-110.0,-132.0
312.0,,-239.0,105.0,-177.0,-311.0,-7.0,216.0,-124.0,-88.0
240.0,,-204.0,146.0,-226.0,-258.0,-20.0,99.0,-132.0,-49.0
197.0,,-163.0,189.0,-272.0,-239.0,-26.0,31.0,-140.0,-36.0
191.0,,-111.0,207.0,-301.0,-272.0,-29.0,258.0,-111.0,-54.0
167.0,,-118.0,201.0,-298.0,-269.0,-25.0,29.0,-94.0,-89.0
110.0,,-81.0,177.0,-271.0,-205.0,-22.0,404.0,-78.0,-184.0
70.0,,-88.0,130.0,-228.0,-175.0,-5.0,182.0,-47.0,-322.0
59.0,,-81.0,31.0,-161.0,-183.0,0.0,358.0,-43.0,-454.0
16.0,,-113.0,-62.0,-111.0,-194.0,-7.0,434.0,-35.0,-598.0
-71.0,,-121.0,-112.0,-72.0,-200.0,-29.0,273.0,-21.0,-702.0
-152.0,,-126.0,-149.0,-14.0,-195.0,-79.0,596.0,-6.0,-768.0
-149.0,,-208.0,-150.0,32.0,-223.0,-109.0,297.0,4.0,-824.0
-176.0,,-194.0,-125.0,55.0,-221.0,-124.0,552.0,36.0,-815.0
-258.0,,-240.0,-93.0,51.0,-200.0,-122.0,332.0,95.0,-759.0
-270.0,,-267.0,-61.0,31.0,-189.0,-140.0,208.0,150.0,-714.0
-243.0,,-248.0,-59.0,-20.0,-154.0,-166.0,284.0,203.0,-643.0
-245.0,,-274.0,-64.0,-109.0,-160.0,-160.0,-83.0,227.0,-518.0
-287.0,,-259.0,-82.0,-198.0,-143.0,-153.0,221.0,227.0,-420.0
-297.0,,-251.0,-113.0,-262.0,-110.0,-141.0,20.0,225.0,-316.0
-267.0,,-214.0,-138.0,-264.0,-98.0,-123.0,245.0,210.0,-203.0
-252.0,,-178.0,-175.0,-198.0,-58.0,-119.0,286.0,194.0,-140.0
-266.0,,-132.0,-205.0,-106.0,-32.0,-132.0,181.0,166.0,-76.0
-262.0,,-89.0,-232.0,-14.0,-36.0,-127.0,465.0,141.0,-31.0
-172.0,,-69.0,-261.0,60.0,-25.0,-109.0,157.0,121.0,19.0
-124.0,,-16.0,-250.0,108.0,0.0,-119.0,476.0,94.0,78.0
-133.0,,24.0,-199.0,119.0,41.0,-154.0,315.0,94.0,126.0
-86.0,,36.0,-146.0,104.0,94.0,-177.0,358.0,115.0,183.0
-47.0,,60.0,-86.0,71.0,81.0,-199.0,546.0,138.0,224.0
-73.0,,72.0,-24.0,19.0,66.0,-220.0,258.0,172.0,264.0
-121.0,,77.0,17.0,-15.0,81.0,-231.0,511.0,198.0,306.0
-117.0,,77.0,13.0,-31.0,63.0,-239.0,166.0,208.0,350.0
-89.0,,57.0,-26.0,-35.0,48.0,-234.0,304.0,229.0,392.0
-107.0,,49.0,-36.0,-26.0,75.0,-248.0,247.0,261.0,423.0
-128.0,,18.0,-64.0,-25.0,112.0,-284.0,96.0,281.0,453.0
-101.0,,5.0,-112.0,-45.0,121.0,-291.0,286.0,309.0,477.0
-38.0,,-22.0,-129.0,-79.0,116.0,-278.0,-79.0,342.0,469.0
-2.0,,-52.0,-145.0,-93.0,122.0,-254.0,199.0,356.0,450.0
-25.0,,-75.0,-123.0,-88.0,164.0,-216.0,-24.0,353.0,422.0
-18.0,,-124.0,-79.0,-61.0,168.0,-195.0,49.0,321.0,378.0
34.0,,-149.0,-68.0,-4.0,115.0,-209.0,181.0,282.0,348.0
21.0,,-161.0,-54.0,64.0,112.0,-227.0,3.0,242.0,311.0
-42.0,,-158.0,-19.0,110.0,146.0,-219.0,336.0,184.0,293.0
-71.0,,-153.0,-3.0,132.0,171.0,-196.0,0.0,139.0,292.0
-33.0,,-133.0,28.0,140.0,183.0,-192.0,195.0,103.0,299.0
-42.0,,-150.0,103.0,147.0,166.0,-211.0,46.0,93.0,340.0
-124.0,,-133.0,207.0,188.0,199.0,-234.0,-51.0,100.0,388.0
-106.0,,-133.0,354.0,247.0,288.0,-260.0,166.0,113.0,461.0
-37.0,,-180.0,477.0,282.0,306.0,-297.0,-118.0,151.0,557.0
-19.0,,-155.0,547.0,278.0,300.0,-311.0,219.0,181.0,648.0
-44.0,,-145.0,591.0,238.0,273.0,-285.0,-20.0,200.0,731.0
-84.0,,-152.0,604.0,168.0,258.0,-271.0,84.0,205.0,797.0
-12.0,,-131.0,602.0,104.0,308.0,-257.0,120.0,193.0,841.0
71.0,,-115.0,590.0,76.0,335.0,-268.0,-79.0,174.0,848.0
34.0,,-113.0,565.0,66.0,345.0,-291.0,236.0,128.0,802.0
-17.0,,-79.0,525.0,82.0,358.0,-264.0,-64.0,67.0,709.0
39.0,,-55.0,471.0,104.0,409.0,-234.0,158.0,0.0,602.0
136.0,,-57.0,419.0,138.0,463.0,-225.0,35.0,-67.0,478.0
109.0,,-31.0,384.0,186.0,457.0,-208.0,18.0,-131.0,347.0
128.0,,-8.0,330.0,221.0,420.0,-188.0,182.0,-199.0,260.0
230.0,,-17.0,246.0,238.0,403.0,-185.0,-131.0,-263.0,201.0
299.0,,2.0,185.0,214.0,427.0,-192.0,160.0,-310.0,138.0
344.0,,20.0,128.0,190.0,432.0,-193.0,-140.0,-332.0,119.0
358.0,,3.0,85.0,177.0,436.0,-169.0,-18.0,-325.0,117.0
432.0,,34.0,80.0,161.0,406.0,-164.0,22.0,-297.0,115.0
514.0,,28.0,70.0,133.0,405.0,-199.0,-133.0,-259.0,142.0
491.0,,41.0,45.0,100.0,495.0,-208.0,181.0,-214.0,147.0
452.0,,70.0,20.0,79.0,553.0,-188.0,-107.0,-185.0,157.0
487.0,,84.0,34.0,60.0,561.0,-172.0,153.0,-162.0,164.0
498.0,,123.0,77.0,69.0,538.0,-172.0,-1.0,-138.0,143.0
426.0,,138.0,124.0,89.0,550.0,-144.0,20.0,-125.0,123.0
369.0,,171.0,203.0,101.0,582.0,-106.0,136.0,-120.0,98.0
366.0,,183.0,285.0,112.0,560.0,-121.0,-138.0,-110.0,53.0
339.0,,193.0,347.0,115.0,519.0,-144.0,194.0,-105.0,0.0
247.0,,188.0,404.0,111.0,525.0,-139.0,-73.0,-125.0,-43.0
163.0,,174.0,456.0,103.0,556.0,-139.0,145.0,-142.0,-105.0
93.0,,161.0,487.0,107.0,541.0,-165.0,121.0,-161.0,-160.0
38.0,,110.0,460.0,106.0,564.0,-167.0,-11.0,-165.0,-213.0
-69.0,,107.0,393.0,86.0,582.0,-144.0,190.0,-159.0,-246.0
-184.0,,70.0,296.0,72.0,580.0,-127.0,-153.0,-178.0,-258.0
-227.0,,6.0,181.0,61.0,588.0,-112.0,157.0,-171.0,-273.0
-271.0,,-24.0,93.0,28.0,562.0,-103.0,-44.0,-141.0,-246.0
-316.0,,-66.0,29.0,-36.0,548.0,-102.0,25.0,-102.0,-211.0
-361.0,,-103.0,-16.0,-134.0,518.0,-91.0,96.0,-45.0,-168.0
-315.0,,-143.0,-42.0,-254.0,516.0,-74.0,-184.0,2.0,-119.0
-243.0,,-186.0,-46.0,-353.0,534.0,-68.0,103.0,44.0,-87.0
-238.0,,-211.0,-34.0,-399.0,492.0,-76.0,-218.0,81.0,-66.0
-224.0,,-215.0,-33.0,-395.0,478.0,-116.0,35.0,84.0,-68.0
-151.0,,-237.0,-19.0,-359.0,524.0,-135.0,33.0,42.0,-89.0
-53.0,,-228.0,26.0,-299.0,552.0,-137.0,51.0,-7.0,-99.0
12.0,,-208.0,53.0,-219.0,518.0,-169.0,338.0,-58.0,-82.0
63.0,,-207.0,49.0,-150.0,508.0,-188.0,38.0,-123.0,-51.0
117.0,,-158.0,47.0,-114.0,585.0,-194.0,271.0,-179.0,9.0
223.0,,-140.0,45.0,-97.0,625.0,-204.0,-46.0,-218.0,111.0
294.0,,-114.0,34.0,-99.0,600.0,-198.0,-11.0,-257.0,237.0
318.0,,-32.0,-4.0,-90.0,586.0,-179.0,-72.0,-276.0,365.0
348.0,,-34.0,-43.0,-58.0,613.0,-167.0,-303.0,-271.0,491.0
399.0,,-40.0,-48.0,-32.0,641.0,-163.0,3.0,-251.0,611.0
434.0,,9.0,-43.0,3.0,601.0,-110.0,-325.0,-212.0,681.0
414.0,,-3.0,-31.0,51.0,550.0,-53.0,-38.0,-159.0,717.0
448.0,,5.0,6.0,96.0,543.0,-42.0,-155.0,-91.0,738.0
461.0,,14.0,60.0,115.0,547.0,-38.0,-212.0,-13.0,737.0
419.0,,1.0,114.0,99.0,514.0,-46.0,-59.0,54.0,706.0
363.0,,36.0,186.0,62.0,527.0,-48.0,-389.0,116.0,634.0
309.0,,45.0,254.0,7.0,592.0,-41.0,-118.0,185.0,546.0
235.0,,67.0,299.0,-24.0,627.0,-37.0,-367.0,263.0,447.0
122.0,,95.0,349.0,-29.0,648.0,-40.0,-140.0,332.0,331.0
59.0,,108.0,382.0,-31.0,616.0,-42.0,-86.0,372.0,218.0
-13.0,,148.0,390.0,-32.0,625.0,-18.0,-230.0,403.0,120.0
-123.0,,164.0,380.0,-36.0,666.0,10.0,51.0,434.0,39.0
-222.0,,158.0,311.0,-34.0,640.0,31.0,-297.0,443.0,-19.0
-306.0,,178.0,222.0,-23.0,599.0,49.0,-35.0,428.0,-59.0
-364.0,,211.0,167.0,-14.0,593.0,63.0,-206.0,399.0,-77.0
-408.0,,186.0,125.0,-17.0,607.0,84.0,-223.0,368.0,-82.0
-439.0,,194.0,120.0,-27.0,617.0,104.0,-84.0,329.0,-97.0
-449.0,,223.0,132.0,-36.0,634.0,121.0,-365.0,271.0,-145.0
-403.0,,184.0,163.0,-37.0,634.0,152.0,-97.0,207.0,-208.0
-345.0,,195.0,211.0,-44.0,644.0,189.0,-428.0,137.0,-308.0
-306.0,,186.0,215.0,-45.0,659.0,199.0,-282.0,60.0,-456.0
-232.0,,181.0,214.0,-55.0,638.0,182.0,-352.0,-9.0,-623.0
-141.0,,204.0,227.0,-93.0,662.0,169.0,-461.0,-72.0,-806.0
-84.0,,187.0,223.0,-128.0,701.0,161.0,-142.0,-120.0,-970.0
-48.0,,189.0,168.0,-143.0,664.0,142.0,-430.0,-145.0,-1106.0
0.0,,191.0,97.0,-129.0,638.0,118.0,-142.0,-162.0,-1203.0
23.0,,201.0,11.0,-99.0,650.0,96.0,-386.0,-181.0,-1251.0
20.0,,197.0,-128.0,-61.0,703.0,53.0,-365.0,-170.0,-1261.0
47.0,,203.0,-240.0,-16.0,745.0,10.0,-247.0,-134.0,-1232.0
52.0,,210.0,-351.0,20.0,694.0,-8.0,-485.0,-101.0,-1181.0
-1.0,,197.0,-469.0,50.0,681.0,-18.0,-171.0,-49.0,-1131.0
-32.0,,177.0,-565.0,90.0,720.0,-28.0,-495.0,9.0,-1088.0
-6.0,,161.0,-615.0,152.0,764.0,-51.0,-293.0,87.0,-1064.0
-22.0,,145.0,-597.0,214.0,818.0,-52.0,-362.0,174.0,-1077.0
-74.0,,116.0,-539.0,262.0,826.0,-37.0,-402.0,249.0,-1097.0
-81.0,,83.0,-451.0,271.0,828.0,-40.0,-105.0,344.0,-1105.0
-70.0,,56.0,-380.0,242.0,872.0,-37.0,-384.0,435.0,-1093.0
-59.0,,55.0,-316.0,210.0,901.0,-7.0,-94.0,514.0,-1081.0
-39.0,,33.0,-265.0,182.0,886.0,26.0,-380.0,583.0,-1057.0
-50.0,,5.0,-251.0,174.0,901.0,19.0,-325.0,638.0,-984.0
-64.0,,4.0,-225.0,178.0,941.0,-24.0,-297.0,686.0,-880.0
-55.0,,1.0,-191.0,173.0,941.0,-60.0,-530.0,718.0,-760.0
-66.0,,12.0,-134.0,160.0,972.0,-78.0,-238.0,738.0,-609.0
-104.0,,22.0,-44.0,150.0,1028.0,-77.0,-537.0,746.0,-436.0
-108.0,,6.0,16.0,139.0,1053.0,-57.0,-243.0,714.0,-261.0
-89.0,,30.0,61.0,123.0,1048.0,-75.0,-347.0,646.0,-85.0
-114.0,,48.0,121.0,125.0,1040.0,-97.0,-375.0,568.0,44.0
-129.0,,38.0,167.0,152.0,1058.0,-91.0,-142.0,464.0,165.0
-132.0,,56.0,196.0,168.0,1017.0,-95.0,-399.0,363.0,275.0
-157.0,,60.0,217.0,155.0,991.0,-102.0,-57.0,268.0,340.0
-128.0,,84.0,221.0,110.0,1014.0,-120.0,-319.0,170.0,392.0
-116.0,,116.0,209.0,35.0,1032.0,-129.0,-173.0,76.0,411.0
-169.0,,126.0,186.0,-23.0,1058.0,-136.0,-151.0,-31.0,432.0
-164.0,,138.0,160.0,-47.0,1055.0,-130.0,-388.0,-145.0,448.0
-99.0,,185.0,157.0,-56.0,1097.0,-92.0,-169.0,-271.0,435.0
-78.0,,192.0,160.0,-58.0,1151.0,-77.0,-515.0,-390.0,415.0
-88.0,,174.0,153.0,-39.0,1163.0,-88.0,-256.0,-494.0,374.0
-24.0,,196.0,186.0,17.0,1168.0,-110.0,-417.0,-585.0,316.0
65.0,,195.0,224.0,83.0,1156.0,-134.0,-395.0,-650.0,241.0
81.0,,203.0,245.0,134.0,1183.0,-175.0,-234.0,-689.0,152.0
109.0,,182.0,301.0,151.0,1199.0,-216.0,-502.0,-682.0,78.0
209.0,,142.0,384.0,129.0,1158.0,-227.0,-155.0,-658.0,15.0
275.0,,155.0,468.0,84.0,1156.0,-263.0,-467.0,-625.0,-27.0
325.0,,114.0,525.0,34.0,1210.0,-321.0,-327.0,-566.0,-48.0
396.0,,84.0,570.0,-3.0,1227.0,-366.0,-330.0,-484.0,-61.0
404.0,,84.0,577.0,-24.0,1184.0,-416.0,-441.0,-370.0,-64.0
421.0,,46.0,535.0,-27.0,1139.0,-492.0,-136.0,-268.0,-50.0
479.0,,44.0,453.0,-24.0,1158.0,-546.0,-369.0,-179.0,-18.0
506.0,,7.0,324.0,-17.0,1207.0,-568.0,-40.0,-80.0,18.0
516.0,,-10.0,211.0,-17.0,1180.0,-604.0,-290.0,14.0,63.0
551.0,,-6.0,113.0,-24.0,1137.0,-631.0,-266.0,99.0,117.0
574.0,,-31.0,43.0,-27.0,1143.0,-647.0,-162.0,162.0,182.0
546.0,,-41.0,18.0,-22.0,1176.0,-670.0,-447.0,212.0,239.0
586.0,,-8.0,20.0,0.0,1170.0,-714.0,-112.0,238.0,287.0
622.0,,41.0,52.0,36.0,1108.0,-750.0,-456.0,242.0,332.0
572.0,,60.0,82.0,85.0,1089.0,-777.0,-280.0,241.0,340.0
577.0,,123.0,103.0,134.0,1116.0,-795.0,-328.0,214.0,332.0
593.0,,155.0,118.0,151.0,1126.0,-794.0,-426.0,197.0,313.0
561.0,,196.0,145.0,136.0,1101.0,-819.0,-162.0,175.0,285.0
513.0,,244.0,184.0,110.0,1097.0,-833.0,-474.0,137.0,252.0
462.0,,250.0,218.0,84.0,1124.0,-834.0,-203.0,93.0,200.0
421.0,,269.0,216.0,58.0,1122.0,-812.0,-498.0,29.0,168.0
366.0,,273.0,194.0,36.0,1113.0,-769.0,-478.0,-41.0,150.0
284.0,,285.0,193.0,33.0,1124.0,-748.0,-419.0,-134.0,134.0
165.0,,260.0,158.0,34.0,1088.0,-709.0,-650.0,-211.0,137.0
89.0,,258.0,76.0,35.0,1051.0,-640.0,-275.0,-280.0,123.0
61.0,,262.0,-26.0,34.0,1035.0,-574.0,-561.0,-338.0,87.0
-62.0,,249.0,-110.0,16.0,987.0,-548.0,-334.0,-360.0,44.0
-181.0,,256.0,-169.0,-19.0,976.0,-546.0,-410.0,-355.0,-22.0
-200.0,,254.0,-199.0,-80.0,956.0,-514.0,-465.0,-302.0,-114.0
-221.0,,276.0,-179.0,-155.0,949.0,-509.0,-218.0,-231.0,-222.0
-284.0,,290.0,-131.0,-229.0,975.0,-530.0,-489.0,-130.0,-351.0
-351.0,,294.0,-64.0,-288.0,966.0,-529.0,-142.0,-6.0,-482.0
-330.0,,289.0,-2.0,-286.0,923.0,-515.0,-356.0,102.0,-621.0
-299.0,,327.0,76.0,-218.0,855.0,-487.0,-247.0,211.0,-764.0
-284.0,,358.0,161.0,-127.0,856.0,-490.0,-208.0,309.0,-863.0
-231.0,,366.0,233.0,-36.0,855.0,-506.0,-450.0,391.0,-948.0
-191.0,,380.0,300.0,40.0,791.0,-484.0,-210.0,457.0,-1022.0
-126.0,,386.0,325.0,93.0,780.0,-468.0,-526.0,517.0,-1043.0
-56.0,,410.0,305.0,110.0,815.0,-468.0,-291.0,556.0,-1028.0
-30.0,,378.0,249.0,88.0,795.0,-478.0,-460.0,564.0,-998.0
0.0,,360.0,147.0,35.0,722.0,-497.0,-530.0,562.0,-948.0
39.0,,315.0,19.0,-30.0,655.0,-507.0,-391.0,531.0,-873.0
49.0,,291.0,-85.0,-75.0,679.0,-517.0,-678.0,479.0,-781.0
81.0,,244.0,-170.0,-99.0,734.0,-518.0,-304.0,423.0,-657.0
133.0,,169.0,-247.0,-102.0,688.0,-502.0,-504.0,342.0,-535.0
111.0,,163.0,-318.0,-75.0,613.0,-485.0,-354.0,254.0,-416.0
68.0,,99.0,-382.0,-53.0,590.0,-460.0,-328.0,183.0,-282.0
94.0,,87.0,-424.0,-48.0,657.0,-435.0,-502.0,131.0,-177.0
91.0,,38.0,-440.0,-49.0,646.0,-427.0,-266.0,91.0,-65.0
7.0,,-10.0,-415.0,-56.0,489.0,-445.0,-556.0,57.0,38.0
-38.0,,-16.0,-379.0,-75.0,406.0,-486.0,-260.0,16.0,122.0
-51.0,,-55.0,-343.0,-105.0,423.0,-510.0,-432.0,-39.0,208.0
-39.0,,-58.0,-296.0,-121.0,442.0,-509.0,-448.0,-81.0,269.0
-48.0,,-80.0,-249.0,-102.0,409.0,-503.0,-336.0,-136.0,315.0
-62.0,,-71.0,-202.0,-65.0,375.0,-504.0,-607.0,-209.0,340.0
-52.0,,-75.0,-165.0,-17.0,415.0,-532.0,-291.0,-272.0,346.0
-47.0,,-71.0,-152.0,22.0,489.0,-546.0,-589.0,-327.0,332.0
-26.0,,-57.0,-164.0,52.0,479.0,-526.0,-434.0,-385.0,325.0
-57.0,,-43.0,-176.0,75.0,400.0,-489.0,-539.0,-424.0,299.0
-79.0,,13.0,-176.0,104.0,369.0,-453.0,-724.0,-437.0,224.0
-47.0,,14.0,-205.0,151.0,353.0,-468.0,-458.0,-444.0,130.0
-17.0,,58.0,-252.0,191.0,304.0,-492.0,-753.0,-428.0,23.0
-40.0,,116.0,-274.0,238.0,267.0,-504.0,-432.0,-411.0,-82.0
-50.0,,110.0,-287.0,298.0,254.0,-509.0,-606.0,-374.0,-208.0
-10.0,,157.0,-281.0,346.0,232.0,-480.0,-565.0,-304.0,-355.0
1.0,,162.0,-244.0,374.0,225.0,-458.0,-432.0,-242.0,-451.0
31.0,,198.0,-174.0,374.0,206.0,-440.0,-604.0,-180.0,-489.0
47.0,,227.0,-74.0,355.0,199.0,-433.0,-243.0,-115.0,-521.0
74.0,,213.0,35.0,338.0,225.0,-431.0,-519.0,-45.0,-502.0
143.0,,284.0,157.0,311.0,176.0,-417.0,-280.0,30.0,-470.0
198.0,,274.0,287.0,258.0,155.0,-404.0,-376.0,107.0,-445.0
226.0,,288.0,425.0,199.0,168.0,-397.0,-497.0,176.0,-400.0
232.0,,319.0,532.0,145.0,159.0,-411.0,-308.0,245.0,-391.0
259.0,,316.0,595.0,103.0,169.0,-407.0,-665.0,287.0,-407.0
244.0,,347.0,624.0,81.0,151.0,-419.0,-369.0,296.0,-459.0
223.0,,339.0,592.0,54.0,152.0,-453.0,-583.0,293.0,-545.0
258.0,,349.0,512.0,26.0,157.0,-434.0,-413.0,271.0,-632.0
238.0,,348.0,385.0,8.0,150.0,-425.0,-271.0,250.0,-718.0
199.0,,316.0,229.0,-10.0,116.0,-410.0,-426.0,181.0,-805.0
223.0,,328.0,86.0,-30.0,106.0,-384.0,-136.0,102.0,-860.0
227.0,,291.0,-50.0,-58.0,148.0,-383.0,-474.0,62.0,-877.0
177.0,,249.0,-148.0,-111.0,140.0,-366.0,-230.0,11.0,-866.0
154.0,,260.0,-182.0,-179.0,173.0,-338.0,-369.0,-28.0,-799.0
192.0,,223.0,-194.0,-236.0,200.0,-304.0,-371.0,-67.0,-662.0
184.0,,212.0,-185.0,-273.0,206.0,-293.0,-158.0,-87.0,-504.0
137.0,,188.0,-156.0,-294.0,206.0,-291.0,-500.0,-82.0,-322.0
140.0,,194.0,-105.0,-284.0,151.0,-299.0,-182.0,-87.0,-93.0
137.0,,211.0,-34.0,-244.0,156.0,-328.0,-376.0,-91.0,104.0
138.0,,197.0,13.0,-196.0,162.0,-352.0,-210.0,-87.0,269.0
137.0,,228.0,64.0,-140.0,166.0,-360.0,-190.0,-80.0,405.0
110.0,,231.0,129.0,-83.0,146.0,-347.0,-373.0,-91.0,495.0
119.0,,265.0,186.0,-23.0,117.0,-366.0,-84.0,-90.0,565.0
134.0,,274.0,236.0,31.0,180.0,-402.0,-384.0,-73.0,620.0
118.0,,277.0,269.0,70.0,177.0,-391.0,-110.0,-53.0,643.0
128.0,,304.0,268.0,104.0,166.0,-392.0,-240.0,-30.0,627.0
215.0,,308.0,236.0,118.0,186.0,-405.0,-197.0,-36.0,602.0
255.0,,303.0,202.0,96.0,187.0,-358.0,7.0,-44.0,537.0
231.0,,295.0,179.0,54.0,195.0,-323.0,-280.0,-32.0,434.0
281.0,,307.0,181.0,16.0,143.0,-314.0,9.0,-20.0,355.0
347.0,,271.0,221.0,-6.0,133.0,-290.0,-293.0,2.0,306.0
330.0,,279.0,293.0,-21.0,153.0,-257.0,-157.0,32.0,284.0
306.0,,291.0,387.0,-26.0,152.0,-204.0,-199.0,57.0,275.0
325.0,,258.0,477.0,-19.0,132.0,-188.0,-325.0,86.0,310.0
311.0,,275.0,522.0,-19.0,97.0,-195.0,33.0,91.0,381.0
251.0,,260.0,529.0,-32.0,120.0,-189.0,-242.0,85.0,472.0
196.0,,229.0,501.0,-73.0,141.0,-161.0,127.0,93.0,597.0
165.0,,240.0,428.0,-137.0,127.0,-141.0,46.0,70.0,731.0
138.0,,197.0,328.0,-185.0,58.0,-149.0,16.0,27.0,886.0
90.0,,137.0,204.0,-206.0,18.0,-147.0,103.0,-12.0,1029.0
38.0,,105.0,52.0,-185.0,52.0,-150.0,-127.0,-71.0,1149.0
-14.0,,15.0,-78.0,-126.0,29.0,-127.0,184.0,-155.0,1258.0
-8.0,,-13.0,-188.0,-53.0,13.0,-112.0,-81.0,-266.0,1317.0
1.0,,-51.0,-297.0,16.0,18.0,-125.0,136.0,-360.0,1346.0
-66.0,,-130.0,-384.0,61.0,26.0,-112.0,77.0,-432.0,1354.0
-83.0,,-151.0,-413.0,86.0,16.0,-107.0,-31.0,-505.0,1317.0
-23.0,,-203.0,-391.0,78.0,-47.0,-113.0,96.0,-561.0,1252.0
20.0,,-249.0,-341.0,34.0,-10.0,-114.0,-277.0,-604.0,1162.0
69.0,,-288.0,-248.0,-10.0,54.0,-98.0,195.0,-620.0,1049.0
146.0,,-304.0,-152.0,-54.0,28.0,-76.0,22.0,-619.0,966.0
229.0,,-328.0,-84.0,-105.0,-2.0,-82.0,20.0,-612.0,873.0
335.0,,-354.0,-10.0,-144.0,5.0,-94.0,199.0,-581.0,764.0
373.0,,-359.0,56.0,-160.0,33.0,-91.0,5.0,-513.0,678.0
356.0,,-386.0,89.0,-168.0,-10.0,-84.0,279.0,-423.0,607.0
412.0,,-385.0,126.0,-173.0,-75.0,-81.0,-3.0,-325.0,562.0
468.0,,-410.0,197.0,-180.0,-59.0,-73.0,175.0,-207.0,531.0
455.0,,-425.0,289.0,-177.0,-46.0,-59.0,99.0,-78.0,525.0
438.0,,-429.0,384.0,-148.0,-71.0,-60.0,129.0,38.0,523.0
505.0,,-448.0,470.0,-82.0,-74.0,-91.0,238.0,133.0,541.0
572.0,,-413.0,531.0,7.0,12.0,-108.0,12.0,210.0,560.0
548.0,,-394.0,585.0,75.0,54.0,-60.0,437.0,267.0,548.0
543.0,,-360.0,643.0,116.0,-58.0,-10.0,-14.0,314.0,533.0
600.0,,-298.0,666.0,137.0,-145.0,-8.0,55.0,341.0,497.0
621.0,,-250.0,643.0,137.0,-97.0,-24.0,133.0,349.0,449.0
586.0,,-163.0,607.0,118.0,-4.0,-27.0,-133.0,353.0,377.0
556.0,,-117.0,573.0,94.0,-30.0,-6.0,186.0,355.0,276.0
548.0,,-66.0,513.0,79.0,-158.0,11.0,-66.0,345.0,164.0
520.0,,19.0,483.0,55.0,-191.0,14.0,225.0,318.0,39.0
449.0,,32.0,508.0,43.0,-154.0,-2.0,194.0,300.0,-86.0
366.0,,78.0,531.0,61.0,-167.0,-17.0,286.0,282.0,-197.0
311.0,,123.0,539.0,70.0,-212.0,-7.0,458.0,262.0,-276.0
273.0,,147.0,529.0,78.0,-242.0,0.0,234.0,253.0,-308.0
199.0,,173.0,529.0,97.0,-201.0,0.0,537.0,261.0,-267.0
143.0,,151.0,503.0,101.0,-183.0,-11.0,179.0,263.0,-166.0
137.0,,180.0,423.0,94.0,-262.0,-59.0,312.0,256.0,-32.0
107.0,,176.0,359.0,78.0,-292.0,-93.0,284.0,256.0,150.0
48.0,,144.0,302.0,55.0,-248.0,-79.0,136.0,248.0,351.0
18.0,,171.0,199.0,34.0,-233.0,-52.0,417.0,253.0,523.0
24.0,,161.0,77.0,35.0,-296.0,-38.0,214.0,262.0,669.0
1.0,,144.0,-13.0,68.0,-310.0,-20.0,463.0,256.0,757.0
-15.0,,154.0,-65.0,93.0,-249.0,17.0,243.0,254.0,786.0
-13.0,,149.0,-95.0,85.0,-226.0,28.0,256.0,249.0,777.0
-27.0,,104.0,-130.0,45.0,-269.0,18.0,271.0,233.0,703.0
-18.0,,143.0,-135.0,-10.0,-303.0,12.0,107.0,201.0,604.0
16.0,,132.0,-120.0,-59.0,-226.0,-10.0,460.0,205.0,512.0
21.0,,71.0,-96.0,-98.0,-194.0,-12.0,177.0,240.0,410.0
2.0,,122.0,-70.0,-113.0,-296.0,-6.0,448.0,255.0,290.0
64.0,,75.0,-79.0,-106.0,-344.0,-15.0,369.0,263.0,182.0
115.0,,72.0,-37.0,-91.0,-247.0,-6.0,206.0,274.0,99.0
135.0,,103.0,3.0,-72.0,-183.0,12.0,478.0,272.0,27.0
187.0,,68.0,-13.0,-72.0,-243.0,30.0,164.0,241.0,-6.0
208.0,,72.0,-24.0,-84.0,-262.0,56.0,476.0,199.0,-32.0
215.0,,57.0,-69.0,-92.0,-205.0,47.0,332.0,164.0,-38.0
211.0,,18.0,-137.0,-81.0,-165.0,37.0,362.0,134.0,-12.0
214.0,,-8.0,-202.0,-46.0,-194.0,26.0,452.0,109.0,20.0
206.0,,-29.0,-246.0,-25.0,-235.0,12.0,229.0,96.0,82.0
177.0,,-81.0,-253.0,-26.0,-180.0,34.0,476.0,100.0,142.0
174.0,,-102.0,-263.0,-42.0,-147.0,64.0,140.0,118.0,203.0
205.0,,-142.0,-243.0,-74.0,-204.0,111.0,328.0,128.0,278.0
233.0,,-171.0,-169.0,-111.0,-250.0,116.0,232.0,126.0,349.0
246.0,,-174.0,-97.0,-155.0,-246.0,91.0,173.0,131.0,423.0
291.0,,-226.0,-38.0,-184.0,-229.0,79.0,332.0,129.0,484.0
333.0,,-220.0,28.0,-182.0,-277.0,88.0,60.0,115.0,545.0
352.0,,-234.0,112.0,-158.0,-312.0,113.0,365.0,90.0,581.0
325.0,,-254.0,207.0,-125.0,-267.0,109.0,114.0,47.0,581.0
283.0,,-229.0,249.0,-105.0,-194.0,143.0,306.0,-10.0,578.0
268.0,,-229.0,213.0,-95.0,-221.0,185.0,306.0,-57.0,537.0
247.0,,-164.0,179.0,-92.0,-323.0,193.0,205.0,-101.0,447.0
204.0,,-100.0,169.0,-91.0,-294.0,178.0,509.0,-148.0,366.0
133.0,,-65.0,124.0,-72.0,-222.0,195.0,120.0,-149.0,265.0
92.0,,22.0,49.0,-25.0,-227.0,233.0,391.0,-151.0,144.0
50.0,,73.0,-26.0,39.0,-274.0,227.0,184.0,-150.0,38.0
-7.0,,128.0,-84.0,105.0,-331.0,234.0,164.0,-121.0,-71.0
-20.0,,190.0,-120.0,162.0,-304.0,229.0,303.0,-96.0,-155.0
-42.0,,231.0,-149.0,203.0,-266.0,193.0,-27.0,-60.0,-194.0
-84.0,,278.0,-153.0,223.0,-324.0,138.0,249.0,-33.0,-182.0
-82.0,,292.0,-128.0,223.0,-326.0,125.0,-53.0,-22.0,-118.0
-53.0,,310.0,-88.0,207.0,-302.0,131.0,118.0,-17.0,-15.0
-48.0,,290.0,-37.0,175.0,-345.0,116.0,162.0,-18.0,103.0
-71.0,,271.0,25.0,131.0,-388.0,128.0,120.0,-24.0,267.0
-47.0,,247.0,89.0,87.0,-390.0,146.0,360.0,-30.0,441.0
-11.0,,173.0,129.0,46.0,-315.0,195.0,40.0,-31.0,569.0
-34.0,,133.0,152.0,15.0,-295.0,251.0,347.0,-36.0,696.0
-82.0,,70.0,187.0,-1.0,-324.0,290.0,79.0,-50.0,781.0
-113.0,,-9.0,240.0,-1.0,-300.0,323.0,105.0,-74.0,841.0
-72.0,,-64.0,290.0,14.0,-287.0,349.0,144.0,-93.0,880.0
-64.0,,-127.0,340.0,31.0,-322.0,365.0,-166.0,-106.0,849.0
-121.0,,-200.0,379.0,35.0,-431.0,377.0,197.0,-123.0,789.0
-143.0,,-219.0,373.0,15.0,-438.0,383.0,-81.0,-134.0,695.0
-95.0,,-272.0,344.0,-27.0,-322.0,356.0,114.0,-137.0,586.0
-34.0,,-322.0,287.0,-85.0,-318.0,343.0,-7.0,-120.0,463.0
-110.0,,-315.0,221.0,-144.0,-402.0,314.0,-51.0,-119.0,336.0
-174.0,,-367.0,195.0,-184.0,-456.0,291.0,153.0,-123.0,242.0
-111.0,,-371.0,202.0,-209.0,-416.0,305.0,-157.0,-102.0,157.0
-94.0,,-403.0,243.0,-215.0,-404.0,312.0,269.0,-91.0,97.0
-154.0,,-417.0,299.0,-188.0,-443.0,334.0,44.0,-69.0,74.0
-170.0,,-430.0,352.0,-125.0,-468.0,357.0,192.0,-30.0,78.0
-117.0,,-490.0,391.0,-50.0,-476.0,374.0,218.0,24.0,112.0
-91.0,,-455.0,439.0,-4.0,-459.0,411.0,-73.0,97.0,150.0
-109.0,,-469.0,501.0,19.0,-539.0,437.0,199.0,176.0,214.0
-146.0,,-472.0,570.0,34.0,-562.0,433.0,-184.0,231.0,279.0
-113.0,,-438.0,642.0,37.0,-519.0,439.0,29.0,269.0,337.0
-44.0,,-420.0,660.0,33.0,-545.0,433.0,-127.0,284.0,399.0
-42.0,,-389.0,646.0,24.0,-578.0,425.0,-153.0,254.0,411.0
-77.0,,-372.0,619.0,16.0,-609.0,450.0,46.0,225.0,405.0
-54.0,,-334.0,588.0,6.0,-600.0,493.0,-277.0,201.0,386.0
2.0,,-313.0,573.0,12.0,-570.0,525.0,53.0,186.0,320.0
-46.0,,-320.0,546.0,39.0,-579.0,534.0,-127.0,184.0,250.0
-90.0,,-324.0,543.0,71.0,-613.0,534.0,138.0,183.0,189.0
-40.0,,-293.0,560.0,83.0,-550.0,497.0,247.0,213.0,115.0
-9.0,,-306.0,573.0,73.0,-496.0,465.0,83.0,256.0,79.0
-74.0,,-313.0,590.0,57.0,-551.0,448.0,339.0,283.0,71.0
-112.0,,-273.0,595.0,28.0,-572.0,447.0,22.0,314.0,85.0
-46.0,,-277.0,591.0,3.0,-525.0,466.0,236.0,345.0,128.0
-22.0,,-234.0,573.0,0.0,-450.0,448.0,64.0,364.0,161.0
-45.0,,-170.0,537.0,21.0,-461.0,426.0,57.0,373.0,196.0
-80.0,,-131.0,514.0,68.0,-540.0,430.0,116.0,355.0,243.0
-53.0,,-61.0,495.0,133.0,-555.0,446.0,-166.0,343.0,299.0
-18.0,,12.0,494.0,183.0,-520.0,481.0,142.0,332.0,352.0
-91.0,,50.0,513.0,188.0,-524.0,514.0,-118.0,306.0,414.0
-135.0,,97.0,523.0,157.0,-535.0,534.0,94.0,291.0,477.0
-75.0,,137.0,537.0,90.0,-498.0,539.0,60.0,280.0,543.0
-50.0,,143.0,557.0,-20.0,-457.0,542.0,-38.0,297.0,624.0
-158.0,,138.0,572.0,-142.0,-484.0,578.0,262.0,316.0,666.0
-212.0,,142.0,574.0,-246.0,-520.0,604.0,-1.0,313.0,679.0
-158.0,,130.0,553.0,-336.0,-437.0,617.0,328.0,313.0,669.0
-142.0,,98.0,520.0,-400.0,-366.0,617.0,133.0,317.0,657.0
-198.0,,79.0,471.0,-433.0,-394.0,596.0,175.0,326.0,654.0
-248.0,,19.0,412.0,-438.0,-444.0,590.0,280.0,331.0,659.0
-209.0,,-13.0,356.0,-398.0,-417.0,570.0,20.0,337.0,670.0
-170.0,,-63.0,292.0,-317.0,-316.0,556.0,290.0,349.0,659.0
-183.0,,-120.0,238.0,-197.0,-299.0,547.0,-62.0,360.0,657.0
-226.0,,-141.0,229.0,-64.0,-352.0,545.0,90.0,356.0,617.0
-224.0,,-157.0,205.0,45.0,-343.0,561.0,-7.0,347.0,553.0
-177.0,,-174.0,148.0,122.0,-238.0,568.0,-68.0,351.0,482.0
-211.0,,-196.0,100.0,158.0,-210.0,579.0,184.0,325.0,367.0
-290.0,,-197.0,79.0,178.0,-277.0,585.0,-49.0,287.0,248.0
-282.0,,-197.0,83.0,195.0,-283.0,554.0,271.0,256.0,147.0
-213.0,,-158.0,90.0,210.0,-200.0,496.0,42.0,192.0,38.0
-232.0,,-166.0,114.0,239.0,-112.0,468.0,190.0,121.0,-69.0
-279.0,,-134.0,109.0,261.0,-162.0,462.0,254.0,48.0,-162.0
-222.0,,-112.0,89.0,266.0,-163.0,446.0,68.0,-37.0,-284.0
-136.0,,-82.0,106.0,270.0,-60.0,428.0,323.0,-132.0,-407.0
-105.0,,16.0,121.0,267.0,20.0,408.0,-27.0,-236.0,-527.0
-64.0,,0.0,134.0,263.0,41.0,396.0,230.0,-330.0,-647.0
22.0,,58.0,134.0,259.0,-14.0,380.0,112.0,-402.0,-738.0
110.0,,133.0,136.0,240.0,39.0,356.0,134.0,-447.0,-803.0
155.0,,144.0,134.0,201.0,87.0,353.0,315.0,-476.0,-823.0
157.0,,206.0,130.0,154.0,55.0,356.0,-24.0,-482.0,-824.0
205.0,,242.0,128.0,110.0,41.0,362.0,218.0,-465.0,-787.0
269.0,,279.0,121.0,59.0,70.0,338.0,-134.0,-440.0,-710.0
251.0,,292.0,106.0,-3.0,124.0,311.0,-9.0,-400.0,-635.0
176.0,,284.0,114.0,-73.0,117.0,331.0,-11.0,-342.0,-537.0
158.0,,312.0,143.0,-131.0,114.0,364.0,-175.0,-268.0,-426.0
171.0,,280.0,124.0,-159.0,126.0,397.0,109.0,-200.0,-308.0
87.0,,282.0,109.0,-171.0,128.0,392.0,-225.0,-146.0,-187.0
-21.0,,287.0,104.0,-173.0,115.0,384.0,12.0,-86.0,-80.0
-67.0,,237.0,61.0,-171.0,116.0,379.0,-205.0,-22.0,23.0
-130.0,,273.0,36.0,-165.0,150.0,391.0,-171.0,44.0,135.0
-278.0,,268.0,30.0,-151.0,200.0,421.0,33.0,87.0,256.0
-403.0,,274.0,3.0,-117.0,208.0,435.0,-181.0,79.0,370.0
-482.0,,304.0,-25.0,-65.0,177.0,468.0,112.0,41.0,486.0
-545.0,,344.0,-51.0,-1.0,209.0,503.0,-223.0,-11.0,585.0
-635.0,,369.0,-61.0,64.0,237.0,538.0,-38.0,-60.0,642.0
-770.0,,386.0,-59.0,117.0,256.0,551.0,-96.0,-122.0,683.0
-848.0,,479.0,-51.0,146.0,261.0,572.0,-212.0,-187.0,677.0
-847.0,,497.0,-20.0,136.0,275.0,586.0,46.0,-218.0,605.0
-844.0,,548.0,10.0,85.0,290.0,582.0,-266.0,-245.0,515.0
-908.0,,594.0,55.0,8.0,229.0,567.0,-3.0,-264.0,403.0
-916.0,,589.0,58.0,-73.0,192.0,528.0,-267.0,-265.0,267.0
-870.0,,644.0,4.0,-126.0,214.0,537.0,-260.0,-274.0,143.0
-870.0,,667.0,-27.0,-141.0,247.0,528.0,-208.0,-278.0,32.0
-856.0,,654.0,-48.0,-128.0,220.0,510.0,-469.0,-271.0,-64.0
-835.0,,659.0,-60.0,-106.0,188.0,490.0,-195.0,-265.0,-125.0
-776.0,,658.0,-67.0,-88.0,253.0,436.0,-506.0,-243.0,-171.0
-723.0,,595.0,-74.0,-78.0,292.0,417.0,-299.0,-202.0,-195.0
-694.0,,557.0,-77.0,-74.0,257.0,430.0,-360.0,-145.0,-188.0
-645.0,,525.0,-83.0,-62.0,215.0,434.0,-404.0,-75.0,-175.0
-596.0,,429.0,-61.0,-24.0,210.0,402.0,-201.0,-2.0,-138.0
-528.0,,349.0,17.0,29.0,248.0,384.0,-497.0,59.0,-73.0
-505.0,,291.0,106.0,87.0,156.0,382.0,-179.0,109.0,-4.0
-482.0,,206.0,197.0,126.0,27.0,341.0,-415.0,157.0,62.0
-398.0,,153.0,306.0,136.0,60.0,294.0,-290.0,167.0,117.0
-343.0,,93.0,402.0,128.0,112.0,249.0,-184.0,180.0,129.0
-328.0,,45.0,454.0,101.0,106.0,199.0,-395.0,162.0,127.0
-268.0,,15.0,486.0,62.0,52.0,188.0,-144.0,100.0,107.0
-187.0,,-19.0,501.0,23.0,23.0,187.0,-467.0,40.0,46.0
-177.0,,-17.0,501.0,-7.0,87.0,172.0,-225.0,-40.0,-22.0
-150.0,,-72.0,491.0,-14.0,108.0,171.0,-315.0,-121.0,-134.0
-101.0,,-83.0,446.0,-5.0,41.0,171.0,-303.0,-235.0,-255.0
-92.0,,-117.0,434.0,15.0,45.0,200.0,-151.0,-346.0,-376.0
-75.0,,-146.0,472.0,42.0,72.0,240.0,-497.0,-442.0,-503.0
-20.0,,-174.0,504.0,72.0,17.0,263.0,-212.0,-535.0,-572.0
11.0,,-238.0,535.0,91.0,-78.0,294.0,-506.0,-576.0,-593.0
-10.0,,-204.0,583.0,81.0,-114.0,324.0,-428.0,-601.0,-535.0
22.0,,-222.0,620.0,34.0,-60.0,351.0,-445.0,-594.0,-400.0
89.0,,-213.0,624.0,-34.0,-62.0,396.0,-593.0,-557.0,-217.0
137.0,,-197.0,643.0,-93.0,-118.0,420.0,-328.0,-492.0,-1.0
139.0,,-178.0,695.0,-132.0,-167.0,402.0,-644.0,-411.0,203.0
111.0,,-140.0,748.0,-142.0,-144.0,396.0,-358.0,-322.0,394.0
124.0,,-135.0,772.0,-114.0,-118.0,363.0,-524.0,-221.0,512.0
101.0,,-79.0,768.0,-62.0,-176.0,289.0,-545.0,-126.0,569.0
46.0,,-70.0,721.0,-7.0,-208.0,204.0,-432.0,-24.0,567.0
-5.0,,-51.0,655.0,18.0,-214.0,130.0,-748.0,72.0,472.0
-16.0,,0.0,605.0,15.0,-184.0,110.0,-460.0,176.0,332.0
-29.0,,-6.0,508.0,2.0,-175.0,105.0,-720.0,261.0,169.0
-108.0,,34.0,386.0,-1.0,-215.0,77.0,-580.0,322.0,13.0
-156.0,,60.0,283.0,0.0,-207.0,43.0,-637.0,388.0,-140.0
-141.0,,50.0,190.0,10.0,-187.0,37.0,-764.0,443.0,-263.0
-108.0,,75.0,148.0,10.0,-230.0,59.0,-545.0,467.0,-341.0
-152.0,,70.0,124.0,-25.0,-293.0,101.0,-888.0,468.0,-388.0
-196.0,,69.0,127.0,-67.0,-294.0,141.0,-604.0,452.0,-404.0
-190.0,,50.0,190.0,-105.0,-259.0,146.0,-768.0,408.0,-402.0
-147.0,,40.0,242.0,-124.0,-247.0,151.0,-678.0,352.0,-386.0
-120.0,,30.0,304.0,-110.0,-262.0,160.0,-593.0,291.0,-369.0
-160.0,,-5.0,368.0,-82.0,-227.0,162.0,-853.0,221.0,-333.0
-116.0,,-26.0,396.0,-35.0,-209.0,158.0,-513.0,161.0,-314.0
-36.0,,-68.0,445.0,25.0,-237.0,153.0,-822.0,108.0,-291.0
-18.0,,-105.0,502.0,84.0,-217.0,158.0,-646.0,65.0,-257.0
-44.0,,-148.0,551.0,145.0,-219.0,162.0,-726.0,37.0,-238.0
18.0,,-165.0,585.0,199.0,-232.0,187.0,-875.0,14.0,-191.0
117.0,,-195.0,615.0,246.0,-258.0,208.0,-748.0,-2.0,-126.0
97.0,,-219.0,647.0,297.0,-293.0,225.0,-1045.0,-11.0,-42.0
102.0,,-191.0,646.0,331.0,-260.0,207.0,-696.0,4.0,66.0
157.0,,-195.0,594.0,328.0,-245.0,174.0,-868.0,28.0,174.0
163.0,,-195.0,511.0,286.0,-288.0,177.0,-681.0,58.0,289.0
115.0,,-152.0,414.0,234.0,-310.0,159.0,-604.0,91.0,383.0
60.0,,-119.0,308.0,173.0,-227.0,175.0,-866.0,136.0,436.0
2.0,,-108.0,222.0,100.0,-130.0,199.0,-583.0,195.0,444.0
-45.0,,-68.0,146.0,29.0,-158.0,232.0,-949.0,242.0,385.0
-108.0,,-43.0,86.0,-14.0,-209.0,261.0,-757.0,291.0,284.0
-199.0,,17.0,20.0,-20.0,-175.0,260.0,-849.0,356.0,145.0
-237.0,,62.0,-41.0,-18.0,-110.0,294.0,-879.0,411.0,-8.0
-219.0,,83.0,-72.0,-23.0,-142.0,321.0,-678.0,461.0,-157.0
-257.0,,137.0,-112.0,-43.0,-211.0,331.0,-995.0,508.0,-294.0
-355.0,,166.0,-142.0,-82.0,-180.0,344.0,-683.0,535.0,-407.0
-343.0,,212.0,-164.0,-116.0,-141.0,335.0,-881.0,561.0,-504.0
-282.0,,229.0,-134.0,-140.0,-165.0,303.0,-678.0,583.0,-557.0
-299.0,,257.0,-44.0,-172.0,-183.0,261.0,-628.0,570.0,-583.0
-342.0,,304.0,51.0,-204.0,-171.0,180.0,-825.0,563.0,-621.0
-301.0,,318.0,169.0,-212.0,-129.0,116.0,-511.0,556.0,-669.0
-178.0,,338.0,276.0,-187.0,-77.0,97.0,-783.0,529.0,-729.0
-146.0,,341.0,387.0,-117.0,-52.0,49.0,-485.0,482.0,-817.0
-151.0,,343.0,469.0,-19.0,-70.0,13.0,-628.0,416.0,-910.0
-80.0,,314.0,506.0,77.0,-98.0,10.0,-665.0,354.0,-1021.0
16.0,,293.0,527.0,153.0,-60.0,8.0,-526.0,296.0,-1122.0
45.0,,243.0,506.0,196.0,-53.0,-4.0,-796.0,259.0,-1181.0
-9.0,,178.0,487.0,212.0,-71.0,-33.0,-471.0,232.0,-1198.0
-14.0,,165.0,477.0,203.0,-14.0,-65.0,-700.0,200.0,-1151.0
60.0,,74.0,433.0,177.0,2.0,-82.0,-482.0,170.0,-1061.0
85.0,,32.0,399.0,156.0,0.0,-110.0,-508.0,131.0,-920.0
11.0,,-6.0,370.0,144.0,15.0,-148.0,-665.0,87.0,-741.0
5.0,,-30.0,307.0,127.0,70.0,-165.0,-378.0,45.0,-577.0
63.0,,-29.0,248.0,101.0,119.0,-167.0,-702.0,0.0,-396.0
33.0,,-65.0,204.0,79.0,81.0,-183.0,-400.0,-59.0,-198.0
-36.0,,8.0,174.0,77.0,117.0,-204.0,-493.0,-106.0,-63.0
-72.0,,18.0,169.0,88.0,156.0,-196.0,-419.0,-156.0,50.0
-60.0,,61.0,153.0,93.0,132.0,-178.0,-299.0,-218.0,136.0
-88.0,,126.0,158.0,84.0,103.0,-208.0,-556.0,-255.0,175.0
-167.0,,164.0,158.0,62.0,70.0,-241.0,-227.0,-269.0,221.0
-193.0,,235.0,143.0,38.0,98.0,-216.0,-515.0,-247.0,243.0
-171.0,,269.0,160.0,10.0,135.0,-225.0,-325.0,-217.0,257.0
-201.0,,328.0,164.0,-11.0,135.0,-249.0,-343.0,-174.0,271.0
-281.0,,333.0,165.0,-18.0,103.0,-235.0,-436.0,-112.0,302.0
-292.0,,395.0,152.0,-12.0,127.0,-230.0,-181.0,-68.0,333.0
-279.0,,402.0,98.0,13.0,165.0,-237.0,-487.0,-23.0,390.0
-277.0,,409.0,60.0,45.0,162.0,-252.0,-155.0,5.0,472.0
-300.0,,461.0,30.0,73.0,203.0,-250.0,-295.0,13.0,531.0
-300.0,,447.0,-18.0,91.0,198.0,-258.0,-275.0,12.0,587.0
-225.0,,499.0,-69.0,73.0,177.0,-261.0,-225.0,2.0,606.0
-222.0,,488.0,-86.0,39.0,196.0,-225.0,-428.0,-13.0,628.0
-245.0,,513.0,-83.0,3.0,134.0,-197.0,-134.0,-31.0,632.0
-217.0,,535.0,-107.0,-30.0,133.0,-183.0,-413.0,-36.0,580.0
-159.0,,500.0,-116.0,-49.0,185.0,-216.0,-151.0,-52.0,541.0
-124.0,,492.0,-110.0,-73.0,111.0,-224.0,-273.0,-72.0,478.0
-139.0,,473.0,-89.0,-101.0,112.0,-221.0,-386.0,-108.0,393.0
-132.0,,457.0,-46.0,-124.0,166.0,-269.0,-190.0,-155.0,317.0
-83.0,,415.0,14.0,-140.0,183.0,-289.0,-521.0,-193.0,227.0
-3.0,,383.0,103.0,-135.0,218.0,-325.0,-210.0,-237.0,159.0
-2.0,,332.0,185.0,-96.0,239.0,-381.0,-476.0,-253.0,122.0
-37.0,,291.0,255.0,-23.0,316.0,-419.0,-393.0,-256.0,79.0
20.0,,244.0,315.0,47.0,362.0,-434.0,-288.0,-243.0,40.0
68.0,,191.0,374.0,100.0,331.0,-440.0,-443.0,-226.0,-12.0
38.0,,142.0,429.0,125.0,281.0,-442.0,-155.0,-194.0,-93.0
-7.0,,92.0,444.0,116.0,280.0,-412.0,-454.0,-141.0,-197.0
24.0,,81.0,434.0,100.0,327.0,-392.0,-197.0,-103.0,-319.0
69.0,,27.0,422.0,89.0,324.0,-373.0,-369.0,-79.0,-451.0
-3.0,,11.0,398.0,90.0,290.0,-353.0,-419.0,-56.0,-583.0
-51.0,,24.0,335.0,89.0,273.0,-359.0,-232.0,-31.0,-714.0
-12.0,,31.0,244.0,72.0,305.0,-383.0,-539.0,-8.0,-815.0
-4.0,,58.0,180.0,43.0,323.0,-384.0,-242.0,36.0,-843.0
-20.0,,97.0,158.0,-1.0,292.0,-369.0,-489.0,93.0,-847.0
-26.0,,149.0,156.0,-51.0,289.0,-372.0,-351.0,152.0,-813.0
-12.0,,166.0,160.0,-88.0,307.0,-367.0,-378.0,231.0,-742.0
21.0,,193.0,173.0,-125.0,268.0,-373.0,-473.0,302.0,-694.0
54.0,,222.0,215.0,-151.0,211.0,-383.0,-182.0,368.0,-606.0
84.0,,263.0,225.0,-144.0,232.0,-397.0,-613.0,439.0,-516.0
140.0,,260.0,202.0,-106.0,276.0,-404.0,-295.0,471.0,-442.0
207.0,,269.0,205.0,-48.0,266.0,-407.0,-439.0,483.0,-368.0
243.0,,285.0,197.0,21.0,224.0,-402.0,-482.0,494.0,-308.0
270.0,,276.0,195.0,98.0,209.0,-374.0,-312.0,467.0,-220.0
350.0,,306.0,196.0,168.0,236.0,-379.0,-578.0,423.0,-141.0
418.0,,266.0,194.0,220.0,220.0,-373.0,-310.0,367.0,-60.0
445.0,,285.0,225.0,249.0,185.0,-359.0,-583.0,279.0,26.0
499.0,,310.0,238.0,261.0,203.0,-347.0,-367.0,185.0,94.0
510.0,,289.0,259.0,250.0,258.0,-309.0,-469.0,94.0,157.0
544.0,,323.0,297.0,222.0,296.0,-266.0,-539.0,0.0,178.0
570.0,,333.0,341.0,195.0,287.0,-248.0,-232.0,-98.0,168.0
538.0,,324.0,410.0,171.0,289.0,-255.0,-530.0,-185.0,135.0
554.0,,349.0,459.0,141.0,279.0,-258.0,-145.0,-237.0,67.0
536.0,,373.0,505.0,97.0,251.0,-257.0,-378.0,-286.0,-16.0
494.0,,355.0,579.0,54.0,221.0,-269.0,-402.0,-344.0,-82.0
424.0,,371.0,625.0,27.0,241.0,-305.0,-323.0,-363.0,-126.0
358.0,,391.0,652.0,30.0,308.0,-304.0,-497.0,-355.0,-168.0
328.0,,368.0,695.0,50.0,314.0,-270.0,-142.0,-330.0,-165.0
217.0,,350.0,689.0,60.0,260.0,-255.0,-400.0,-303.0,-136.0
106.0,,344.0,635.0,47.0,250.0,-274.0,-175.0,-290.0,-117.0
25.0,,310.0,578.0,17.0,313.0,-321.0,-227.0,-266.0,-76.0
-73.0,,256.0,502.0,-15.0,342.0,-343.0,-240.0,-228.0,-54.0
-156.0,,229.0,424.0,-40.0,333.0,-335.0,-40.0,-185.0,-60.0
-197.0,,206.0,368.0,-72.0,275.0,-317.0,-323.0,-128.0,-64.0
-246.0,,162.0,299.0,-117.0,269.0,-297.0,-99.0,-56.0,-100.0
-311.0,,131.0,230.0,-152.0,312.0,-271.0,-426.0,-2.0,-152.0
-310.0,,119.0,190.0,-181.0,262.0,-230.0,-251.0,46.0,-199.0
-321.0,,124.0,169.0,-188.0,225.0,-169.0,-62.0,93.0,-267.0
-344.0,,124.0,152.0,-157.0,221.0,-127.0,-147.0,108.0,-343.0
-306.0,,103.0,143.0,-109.0,266.0,-108.0,184.0,121.0,-413.0
-274.0,,147.0,174.0,-69.0,304.0,-112.0,-194.0,133.0,-493.0
-256.0,,158.0,214.0,-41.0,256.0,-110.0,-33.0,148.0,-568.0
-209.0,,162.0,244.0,-11.0,242.0,-87.0,-158.0,176.0,-615.0
-155.0,,179.0,301.0,1.0,286.0,-71.0,-199.0,204.0,-647.0
-108.0,,163.0,352.0,-14.0,302.0,-59.0,36.0,225.0,-669.0
-43.0,,155.0,385.0,-39.0,269.0,-70.0,-162.0,225.0,-643.0
14.0,,106.0,403.0,-39.0,250.0,-57.0,166.0,208.0,-563.0
49.0,,80.0,375.0,9.0,271.0,-57.0,-110.0,183.0,-454.0
86.0,,21.0,337.0,93.0,267.0,-54.0,33.0,141.0,-299.0
139.0,,-11.0,328.0,183.0,196.0,-14.0,81.0,87.0,-142.0
179.0,,-58.0,339.0,251.0,214.0,-2.0,-127.0,19.0,23.0
206.0,,-125.0,355.0,279.0,309.0,17.0,155.0,-50.0,196.0
249.0,,-150.0,356.0,274.0,296.0,31.0,-107.0,-97.0,337.0
270.0,,-210.0,367.0,256.0,264.0,34.0,182.0,-137.0,468.0
254.0,,-200.0,366.0,210.0,279.0,52.0,83.0,-169.0,548.0
222.0,,-224.0,322.0,159.0,323.0,83.0,110.0,-176.0,586.0
217.0,,-237.0,272.0,136.0,366.0,109.0,242.0,-165.0,600.0
183.0,,-211.0,184.0,125.0,313.0,109.0,-46.0,-132.0,576.0
89.0,,-205.0,73.0,121.0,258.0,97.0,260.0,-74.0,517.0
35.0,,-195.0,0.0,118.0,291.0,93.0,-25.0,-40.0,426.0
13.0,,-198.0,-76.0,107.0,300.0,113.0,134.0,0.0,311.0
-35.0,,-185.0,-141.0,100.0,250.0,151.0,133.0,77.0,161.0
-79.0,,-183.0,-179.0,91.0,258.0,170.0,62.0,134.0,18.0
-126.0,,-194.0,-200.0,70.0,290.0,149.0,413.0,166.0,-87.0
-170.0,,-202.0,-173.0,34.0,311.0,142.0,142.0,175.0,-186.0
-208.0,,-186.0,-160.0,-23.0,334.0,166.0,450.0,175.0,-248.0
-267.0,,-198.0,-166.0,-84.0,300.0,216.0,334.0,166.0,-253.0
-257.0,,-193.0,-130.0,-130.0,308.0,258.0,356.0,133.0,-232.0
-218.0,,-177.0,-80.0,-156.0,362.0,266.0,419.0,101.0,-180.0
-200.0,,-180.0,-8.0,-155.0,330.0,289.0,171.0,50.0,-105.0
-172.0,,-151.0,60.0,-132.0,271.0,311.0,467.0,11.0,-31.0
-142.0,,-115.0,129.0,-96.0,273.0,291.0,199.0,-20.0,42.0
-67.0,,-105.0,229.0,-59.0,294.0,261.0,432.0,-76.0,111.0
-9.0,,-77.0,290.0,-33.0,279.0,241.0,386.0,-123.0,162.0
39.0,,-43.0,326.0,-14.0,194.0,198.0,299.0,-171.0,204.0
107.0,,-85.0,356.0,4.0,166.0,140.0,478.0,-210.0,221.0
181.0,,-66.0,356.0,17.0,207.0,117.0,138.0,-237.0,223.0
253.0,,-75.0,368.0,21.0,192.0,117.0,467.0,-268.0,225.0
287.0,,-116.0,394.0,17.0,197.0,124.0,308.0,-299.0,206.0
316.0,,-84.0,401.0,6.0,198.0,144.0,434.0,-310.0,178.0
351.0,,-146.0,401.0,5.0,216.0,165.0,495.0,-313.0,142.0
364.0,,-136.0,391.0,18.0,223.0,179.0,310.0,-338.0,104.0
346.0,,-110.0,367.0,52.0,169.0,186.0,648.0,-337.0,59.0
307.0,,-174.0,370.0,91.0,158.0,200.0,264.0,-320.0,26.0
308.0,,-144.0,370.0,121.0,202.0,213.0,434.0,-304.0,25.0
342.0,,-175.0,349.0,148.0,202.0,210.0,328.0,-283.0,49.0
299.0,,-185.0,346.0,153.0,104.0,187.0,299.0,-267.0,111.0
250.0,,-161.0,369.0,107.0,88.0,157.0,519.0,-231.0,217.0
246.0,,-208.0,420.0,20.0,132.0,134.0,280.0,-207.0,343.0
246.0,,-151.0,470.0,-90.0,130.0,110.0,572.0,-187.0,470.0
202.0,,-152.0,501.0,-203.0,79.0,90.0,240.0,-173.0,607.0
121.0,,-151.0,523.0,-290.0,27.0,92.0,362.0,-158.0,723.0
103.0,,-111.0,538.0,-338.0,56.0,107.0,308.0,-132.0,800.0
95.0,,-102.0,544.0,-344.0,69.0,132.0,158.0,-130.0,846.0
78.0,,-69.0,550.0,-308.0,60.0,160.0,532.0,-97.0,847.0
45.0,,-57.0,563.0,-242.0,64.0,191.0,253.0,-43.0,846.0
11.0,,-2.0,557.0,-173.0,58.0,249.0,593.0,-6.0,852.0
17.0,,5.0,560.0,-103.0,58.0,283.0,388.0,40.0,834.0
24.0,,66.0,560.0,-41.0,73.0,286.0,397.0,95.0,813.0
13.0,,94.0,553.0,-12.0,56.0,316.0,587.0,140.0,806.0
-20.0,,91.0,547.0,6.0,38.0,328.0,291.0,198.0,787.0
-27.0,,141.0,508.0,26.0,35.0,316.0,665.0,263.0,765.0
12.0,,113.0,474.0,51.0,-4.0,310.0,439.0,298.0,731.0
16.0,,128.0,441.0,70.0,-27.0,306.0,554.0,334.0,675.0
6.0,,91.0,383.0,59.0,-4.0,324.0,430.0,379.0,606.0
50.0,,67.0,303.0,11.0,19.0,336.0,293.0,385.0,479.0
90.0,,49.0,235.0,-60.0,0.0,321.0,532.0,367.0,337.0
109.0,,-9.0,208.0,-149.0,34.0,300.0,162.0,354.0,191.0
137.0,,-33.0,189.0,-225.0,112.0,277.0,428.0,346.0,31.0
183.0,,-75.0,152.0,-244.0,71.0,237.0,208.0,355.0,-115.0
201.0,,-103.0,106.0,-214.0,-47.0,203.0,229.0,349.0,-256.0
204.0,,-154.0,97.0,-142.0,-102.0,164.0,397.0,338.0,-369.0
220.0,,-204.0,121.0,-56.0,-38.0,137.0,131.0,332.0,-447.0
219.0,,-231.0,160.0,8.0,33.0,154.0,406.0,302.0,-496.0
236.0,,-248.0,216.0,52.0,2.0,149.0,173.0,275.0,-519.0
259.0,,-291.0,301.0,67.0,-77.0,130.0,410.0,221.0,-500.0
290.0,,-328.0,390.0,54.0,-61.0,151.0,400.0,161.0,-451.0
308.0,,-339.0,434.0,10.0,5.0,184.0,317.0,112.0,-382.0
293.0,,-354.0,471.0,-41.0,-22.0,180.0,478.0,23.0,-292.0
299.0,,-369.0,513.0,-89.0,-93.0,166.0,97.0,-44.0,-175.0
314.0,,-368.0,519.0,-108.0,-137.0,172.0,400.0,-77.0,-51.0
315.0,,-351.0,485.0,-84.0,-129.0,140.0,125.0,-116.0,62.0
296.0,,-320.0,484.0,-59.0,-70.0,116.0,145.0,-156.0,178.0
224.0,,-313.0,516.0,-55.0,-79.0,119.0,277.0,-145.0,248.0
174.0,,-294.0,524.0,-47.0,-100.0,101.0,44.0,-141.0,279.0
160.0,,-233.0,543.0,-19.0,-66.0,113.0,354.0,-181.0,276.0
112.0,,-213.0,583.0,14.0,-77.0,127.0,42.0,-179.0,251.0
37.0,,-169.0,633.0,72.0,-68.0,138.0,280.0,-175.0,220.0
-22.0,,-147.0,667.0,134.0,-62.0,171.0,214.0,-174.0,160.0
-36.0,,-89.0,676.0,173.0,-48.0,178.0,153.0,-145.0,108.0
-86.0,,-33.0,707.0,180.0,-12.0,160.0,408.0,-126.0,64.0
-176.0,,-1.0,738.0,155.0,-61.0,154.0,236.0,-104.0,20.0
-194.0,,61.0,761.0,111.0,-70.0,180.0,574.0,-71.0,-5.0
-171.0,,34.0,755.0,48.0,-47.0,184.0,88.0,-42.0,-16.0
-168.0,,79.0,690.0,-20.0,-58.0,168.0,118.0,-25.0,-29.0
-167.0,,85.0,596.0,-76.0,-83.0,137.0,169.0,-3.0,-16.0
-131.0,,36.0,474.0,-111.0,-112.0,110.0,-46.0,9.0,3.0
-78.0,,61.0,347.0,-129.0,-110.0,107.0,382.0,0.0,9.0
-36.0,,19.0,204.0,-123.0,-124.0,92.0,105.0,-4.0,37.0
-6.0,,-24.0,76.0,-89.0,-139.0,60.0,334.0,-6.0,49.0
1.0,,-66.0,-11.0,-32.0,-142.0,53.0,175.0,-36.0,63.0
28.0,,-122.0,-75.0,23.0,-148.0,79.0,90.0,-78.0,65.0
95.0,,-192.0,-117.0,58.0,-171.0,88.0,205.0,-112.0,60.0
154.0,,-231.0,-138.0,71.0,-212.0,111.0,-44.0,-161.0,39.0
168.0,,-271.0,-108.0,63.0,-210.0,127.0,308.0,-179.0,-25.0
175.0,,-350.0,-101.0,55.0,-183.0,138.0,12.0,-161.0,-73.0
190.0,,-367.0,-123.0,32.0,-171.0,130.0,195.0,-173.0,-138.0
159.0,,-418.0,-148.0,-2.0,-168.0,94.0,169.0,-190.0,-186.0
89.0,,-447.0,-160.0,-34.0,-179.0,92.0,-14.0,-201.0,-217.0
25.0,,-458.0,-131.0,-71.0,-178.0,89.0,269.0,-198.0,-252.0
0.0,,-480.0,-116.0,-105.0,-183.0,60.0,-75.0,-178.0,-250.0
-53.0,,-448.0,-86.0,-134.0,-221.0,23.0,160.0,-139.0,-228.0
-125.0,,-468.0,-24.0,-146.0,-227.0,20.0,20.0,-76.0,-178.0
-173.0,,-449.0,76.0,-143.0,-239.0,20.0,120.0,-30.0,-126.0
-218.0,,-382.0,170.0,-138.0,-271.0,39.0,310.0,12.0,-61.0
-230.0,,-352.0,245.0,-135.0,-262.0,69.0,110.0,61.0,23.0
-262.0,,-276.0,348.0,-140.0,-260.0,76.0,447.0,118.0,86.0
-330.0,,-219.0,403.0,-129.0,-233.0,123.0,171.0,186.0,123.0
-366.0,,-163.0,417.0,-110.0,-141.0,170.0,380.0,240.0,147.0
-349.0,,-58.0,456.0,-96.0,-110.0,233.0,426.0,306.0,164.0
-353.0,,-39.0,496.0,-65.0,-138.0,271.0,371.0,380.0,164.0
-377.0,,5.0,491.0,-28.0,-140.0,270.0,602.0,443.0,147.0
-342.0,,76.0,442.0,14.0,-101.0,288.0,284.0,504.0,125.0
-293.0,,75.0,422.0,74.0,-94.0,282.0,570.0,551.0,114.0
-295.0,,121.0,420.0,125.0,-175.0,306.0,391.0,610.0,86.0
-318.0,,151.0,397.0,154.0,-210.0,363.0,447.0,645.0,63.0
-270.0,,145.0,389.0,156.0,-133.0,384.0,537.0,665.0,41.0
-217.0,,143.0,424.0,123.0,-98.0,381.0,293.0,690.0,8.0
-222.0,,157.0,446.0,59.0,-152.0,375.0,620.0,688.0,-3.0
-196.0,,140.0,462.0,-24.0,-177.0,389.0,314.0,670.0,-11.0
-136.0,,98.0,531.0,-108.0,-107.0,409.0,463.0,636.0,0.0
-79.0,,100.0,608.0,-184.0,4.0,415.0,439.0,582.0,21.0
-44.0,,69.0,639.0,-227.0,-15.0,426.0,327.0,506.0,74.0
-13.0,,51.0,614.0,-224.0,-100.0,458.0,530.0,430.0,168.0
20.0,,32.0,613.0,-192.0,-83.0,513.0,221.0,360.0,266.0
53.0,,20.0,645.0,-140.0,-36.0,567.0,432.0,277.0,385.0
89.0,,2.0,635.0,-93.0,-33.0,571.0,303.0,206.0,490.0
90.0,,0.0,610.0,-64.0,-82.0,548.0,456.0,144.0,571.0
84.0,,11.0,596.0,-58.0,-91.0,535.0,548.0,62.0,627.0
114.0,,3.0,570.0,-58.0,-31.0,534.0,447.0,-25.0,649.0
154.0,,44.0,515.0,-60.0,-38.0,567.0,779.0,-86.0,652.0
164.0,,29.0,477.0,-71.0,-89.0,593.0,485.0,-144.0,601.0
130.0,,34.0,442.0,-64.0,-68.0,598.0,703.0,-221.0,516.0
158.0,,74.0,378.0,-57.0,-43.0,613.0,530.0,-282.0,410.0
231.0,,58.0,344.0,-52.0,-18.0,634.0,404.0,-303.0,290.0
217.0,,49.0,344.0,-43.0,-22.0,643.0,543.0,-291.0,179.0
207.0,,55.0,334.0,-51.0,-44.0,604.0,262.0,-286.0,66.0
256.0,,21.0,365.0,-75.0,14.0,576.0,639.0,-267.0,-29.0
297.0,,-17.0,438.0,-109.0,-15.0,581.0,460.0,-209.0,-95.0
289.0,,-52.0,505.0,-127.0,-106.0,577.0,648.0,-161.0,-140.0
295.0,,-116.0,552.0,-128.0,-130.0,558.0,742.0,-79.0,-167.0
365.0,,-174.0,588.0,-122.0,-106.0,532.0,554.0,1.0,-177.0
400.0,,-224.0,600.0,-114.0,-91.0,542.0,779.0,79.0,-181.0
391.0,,-280.0,597.0,-120.0,-163.0,571.0,378.0,166.0,-153.0
392.0,,-339.0,604.0,-149.0,-147.0,610.0,554.0,217.0,-105.0
426.0,,-369.0,585.0,-192.0,-87.0,644.0,437.0,287.0,-72.0
437.0,,-404.0,553.0,-222.0,-91.0,624.0,402.0,344.0,-30.0
395.0,,-436.0,514.0,-216.0,-153.0,601.0,552.0,366.0,7.0
376.0,,-421.0,458.0,-160.0,-223.0,610.0,301.0,387.0,21.0
378.0,,-421.0,432.0,-65.0,-193.0,625.0,532.0,394.0,40.0
350.0,,-399.0,424.0,39.0,-194.0,605.0,216.0,382.0,49.0
260.0,,-359.0,387.0,133.0,-256.0,597.0,367.0,351.0,37.0
204.0,,-310.0,359.0,195.0,-309.0,632.0,328.0,291.0,63.0
201.0,,-236.0,349.0,215.0,-249.0,644.0,160.0,206.0,82.0
155.0,,-177.0,311.0,194.0,-204.0,663.0,404.0,148.0,99.0
53.0,,-114.0,283.0,151.0,-292.0,690.0,92.0,121.0,164.0
-38.0,,-86.0,290.0,106.0,-286.0,709.0,447.0,110.0,214.0
-42.0,,-53.0,320.0,58.0,-269.0,715.0,323.0,109.0,273.0
-61.0,,9.0,335.0,29.0,-292.0,704.0,354.0,121.0,335.0
-149.0,,5.0,342.0,27.0,-335.0,716.0,478.0,139.0,367.0
-238.0,,32.0,378.0,36.0,-410.0,713.0,144.0,161.0,389.0
-251.0,,80.0,429.0,31.0,-365.0,679.0,397.0,196.0,375.0
-237.0,,58.0,484.0,1.0,-325.0,654.0,153.0,225.0,335.0
-301.0,,98.0,550.0,-35.0,-374.0,654.0,399.0,273.0,294.0
-345.0,,133.0,626.0,-74.0,-373.0,646.0,384.0,317.0,233.0
-326.0,,125.0,689.0,-100.0,-298.0,622.0,290.0,356.0,157.0
-281.0,,158.0,712.0,-115.0,-271.0,617.0,443.0,424.0,99.0
-272.0,,150.0,733.0,-120.0,-331.0,622.0,49.0,496.0,31.0
-287.0,,124.0,742.0,-114.0,-388.0,634.0,384.0,553.0,-63.0
-258.0,,128.0,713.0,-103.0,-340.0,632.0,256.0,599.0,-133.0
-179.0,,114.0,668.0,-89.0,-230.0,632.0,415.0,648.0,-200.0
-114.0,,90.0,613.0,-72.0,-258.0,642.0,558.0,684.0,-256.0
-120.0,,70.0,567.0,-41.0,-333.0,635.0,365.0,710.0,-288.0
-80.0,,58.0,519.0,-19.0,-323.0,621.0,692.0,720.0,-287.0
18.0,,59.0,472.0,-5.0,-325.0,574.0,339.0,697.0,-275.0
86.0,,56.0,453.0,9.0,-373.0,546.0,471.0,668.0,-255.0
103.0,,74.0,438.0,7.0,-411.0,536.0,286.0,637.0,-186.0
162.0,,64.0,423.0,-19.0,-375.0,471.0,116.0,569.0,-142.0
232.0,,87.0,394.0,-42.0,-315.0,422.0,303.0,475.0,-85.0
230.0,,97.0,313.0,-50.0,-347.0,410.0,51.0,401.0,-17.0
217.0,,63.0,243.0,-47.0,-398.0,423.0,389.0,312.0,46.0
200.0,,104.0,211.0,-29.0,-368.0,415.0,160.0,206.0,132.0
202.0,,116.0,159.0,1.0,-311.0,378.0,301.0,103.0,183.0
174.0,,95.0,89.0,32.0,-296.0,383.0,376.0,-15.0,244.0
93.0,,133.0,36.0,47.0,-350.0,390.0,109.0,-127.0,291.0
25.0,,160.0,13.0,47.0,-348.0,360.0,389.0,-204.0,325.0
-14.0,,144.0,-3.0,26.0,-273.0,324.0,142.0,-263.0,355.0
-61.0,,211.0,-24.0,1.0,-253.0,293.0,432.0,-327.0,356.0
-148.0,,245.0,-38.0,-22.0,-304.0,260.0,339.0,-377.0,372.0
-205.0,,251.0,-31.0,-78.0,-287.0,257.0,258.0,-397.0,355.0
-233.0,,303.0,-17.0,-151.0,-164.0,258.0,352.0,-408.0,310.0
-284.0,,332.0,-25.0,-202.0,-133.0,256.0,-70.0,-411.0,244.0
-349.0,,368.0,-8.0,-210.0,-164.0,253.0,173.0,-408.0,148.0
-364.0,,394.0,23.0,-170.0,-167.0,249.0,-72.0,-411.0,34.0
-357.0,,416.0,38.0,-108.0,-93.0,266.0,114.0,-391.0,-99.0
-406.0,,427.0,51.0,-36.0,-40.0,227.0,243.0,-352.0,-231.0
-437.0,,413.0,58.0,27.0,-96.0,183.0,59.0,-295.0,-341.0
-469.0,,392.0,67.0,57.0,-102.0,168.0,303.0,-210.0,-411.0
-487.0,,373.0,103.0,59.0,-45.0,166.0,-11.0,-132.0,-459.0
-438.0,,311.0,144.0,39.0,15.0,188.0,245.0,-73.0,-475.0
-424.0,,261.0,178.0,10.0,8.0,193.0,129.0,0.0,-428.0
-415.0,,225.0,201.0,-6.0,-8.0,187.0,186.0,52.0,-323.0
-323.0,,150.0,211.0,-2.0,22.0,165.0,424.0,53.0,-173.0
-264.0,,87.0,234.0,14.0,78.0,176.0,160.0,54.0,5.0
-282.0,,46.0,241.0,15.0,89.0,201.0,454.0,13.0,223.0
-237.0,,-2.0,240.0,-2.0,66.0,220.0,131.0,-40.0,441.0
-147.0,,-46.0,224.0,-17.0,82.0,218.0,173.0,-63.0,640.0
-109.0,,-43.0,176.0,-23.0,43.0,197.0,92.0,-109.0,813.0
-124.0,,-46.0,122.0,-19.0,29.0,218.0,-86.0,-154.0,943.0
-123.0,,-15.0,88.0,-13.0,47.0,204.0,197.0,-195.0,1042.0
-102.0,,7.0,68.0,-19.0,91.0,158.0,-42.0,-250.0,1100.0
-111.0,,63.0,24.0,-49.0,144.0,125.0,297.0,-282.0,1105.0
-131.0,,142.0,-5.0,-80.0,109.0,108.0,171.0,-295.0,1083.0
-181.0,,155.0,5.0,-97.0,47.0,80.0,267.0,-329.0,1059.0
-204.0,,222.0,41.0,-98.0,51.0,33.0,432.0,-354.0,1021.0
-221.0,,257.0,87.0,-84.0,143.0,23.0,136.0,-381.0,978.0
-262.0,,267.0,173.0,-74.0,110.0,29.0,436.0,-421.0,920.0
-281.0,,304.0,283.0,-61.0,-8.0,67.0,147.0,-440.0,845.0
-283.0,,290.0,346.0,-51.0,-1.0,110.0,325.0,-457.0,770.0
-272.0,,269.0,450.0,-45.0,35.0,115.0,310.0,-451.0,669.0
-305.0,,238.0,629.0,-44.0,-25.0,102.0,166.0,-443.0,575.0
-331.0,,179.0,768.0,-45.0,-123.0,81.0,365.0,-437.0,493.0
-312.0,,128.0,847.0,-32.0,-107.0,74.0,33.0,-426.0,402.0
-299.0,,58.0,930.0,-3.0,-26.0,96.0,291.0,-429.0,312.0
-302.0,,-27.0,1017.0,40.0,-29.0,133.0,127.0,-430.0,232.0
-270.0,,-118.0,1036.0,87.0,-118.0,156.0,210.0,-428.0,182.0
-216.0,,-186.0,1019.0,138.0,-170.0,154.0,304.0,-423.0,135.0
-166.0,,-294.0,997.0,179.0,-124.0,137.0,72.0,-413.0,91.0
-91.0,,-391.0,963.0,214.0,-139.0,149.0,363.0,-381.0,79.0
-33.0,,-434.0,927.0,253.0,-214.0,166.0,86.0,-331.0,74.0
29.0,,-520.0,871.0,276.0,-208.0,146.0,308.0,-280.0,68.0
136.0,,-540.0,785.0,271.0,-185.0,130.0,203.0,-207.0,63.0
153.0,,-581.0,705.0,230.0,-235.0,118.0,68.0,-105.0,31.0
126.0,,-606.0,624.0,172.0,-285.0,121.0,232.0,-15.0,-5.0
203.0,,-607.0,529.0,120.0,-235.0,126.0,-109.0,74.0,-50.0
260.0,,-620.0,443.0,84.0,-125.0,119.0,131.0,164.0,-119.0
269.0,,-587.0,337.0,74.0,-108.0,130.0,-144.0,229.0,-178.0
259.0,,-552.0,187.0,75.0,-225.0,116.0,-40.0,304.0,-213.0
263.0,,-492.0,45.0,69.0,-267.0,107.0,-29.0,361.0,-235.0
306.0,,-462.0,-34.0,46.0,-218.0,122.0,-260.0,396.0,-253.0
321.0,,-385.0,-75.0,2.0,-228.0,134.0,75.0,436.0,-265.0
365.0,,-317.0,-121.0,-46.0,-272.0,140.0,-188.0,453.0,-290.0
386.0,,-265.0,-114.0,-95.0,-272.0,127.0,134.0,434.0,-326.0
403.0,,-208.0,-41.0,-128.0,-235.0,135.0,48.0,396.0,-369.0
465.0,,-141.0,57.0,-145.0,-236.0,140.0,46.0,356.0,-452.0
478.0,,-58.0,158.0,-147.0,-287.0,148.0,264.0,297.0,-553.0
449.0,,-24.0,216.0,-137.0,-334.0,152.0,-25.0,235.0,-636.0
434.0,,61.0,259.0,-134.0,-286.0,126.0,273.0,191.0,-727.0
458.0,,108.0,292.0,-125.0,-245.0,127.0,-36.0,138.0,-804.0
427.0,,156.0,303.0,-98.0,-285.0,108.0,88.0,65.0,-832.0
367.0,,236.0,320.0,-67.0,-329.0,93.0,66.0,8.0,-834.0
355.0,,274.0,366.0,-56.0,-354.0,114.0,-96.0,-45.0,-798.0
336.0,,306.0,421.0,-55.0,-337.0,119.0,249.0,-99.0,-728.0
311.0,,363.0,428.0,-57.0,-408.0,124.0,-24.0,-136.0,-642.0
243.0,,403.0,401.0,-62.0,-431.0,117.0,251.0,-195.0,-528.0
180.0,,417.0,390.0,-43.0,-321.0,132.0,40.0,-242.0,-400.0
180.0,,462.0,339.0,-13.0,-288.0,158.0,11.0,-263.0,-265.0
170.0,,463.0,262.0,5.0,-290.0,132.0,120.0,-282.0,-141.0
121.0,,474.0,208.0,30.0,-336.0,111.0,-157.0,-292.0,-18.0
79.0,,467.0,143.0,64.0,-354.0,118.0,164.0,-294.0,75.0
96.0,,439.0,62.0,113.0,-310.0,82.0,-151.0,-293.0,122.0
79.0,,421.0,-14.0,179.0,-342.0,53.0,-5.0,-292.0,151.0
3.0,,365.0,-53.0,239.0,-369.0,74.0,-55.0,-278.0,143.0
-49.0,,321.0,-33.0,284.0,-329.0,51.0,-203.0,-259.0,125.0
-57.0,,251.0,7.0,322.0,-248.0,14.0,3.0,-232.0,96.0
-74.0,,155.0,44.0,328.0,-228.0,17.0,-371.0,-190.0,56.0
-153.0,,90.0,105.0,289.0,-231.0,13.0,-101.0,-148.0,33.0
-175.0,,18.0,180.0,228.0,-158.0,-12.0,-253.0,-108.0,14.0
-210.0,,-101.0,252.0,166.0,-72.0,-59.0,-169.0,-66.0,7.0
-273.0,,-142.0,307.0,116.0,-60.0,-67.0,-48.0,-14.0,3.0
-295.0,,-194.0,318.0,92.0,-91.0,-77.0,-242.0,28.0,28.0
-357.0,,-305.0,296.0,91.0,15.0,-149.0,48.0,49.0,59.0
-399.0,,-327.0,258.0,99.0,89.0,-202.0,-243.0,61.0,93.0
-440.0,,-392.0,220.0,113.0,25.0,-224.0,3.0,60.0,181.0
-470.0,,-413.0,155.0,136.0,-6.0,-244.0,-107.0,41.0,274.0
-478.0,,-424.0,90.0,162.0,41.0,-261.0,-164.0,3.0,359.0
-495.0,,-474.0,56.0,193.0,180.0,-280.0,109.0,-48.0,441.0
-520.0,,-432.0,34.0,209.0,207.0,-323.0,-134.0,-113.0,514.0
-554.0,,-401.0,44.0,181.0,116.0,-381.0,194.0,-184.0,572.0
-550.0,,-386.0,86.0,120.0,151.0,-431.0,-62.0,-251.0,596.0
-540.0,,-314.0,142.0,43.0,313.0,-456.0,38.0,-298.0,591.0
-525.0,,-227.0,190.0,-23.0,413.0,-487.0,55.0,-325.0,565.0
-500.0,,-160.0,228.0,-73.0,370.0,-551.0,-153.0,-356.0,523.0
-464.0,,-68.0,304.0,-103.0,339.0,-585.0,125.0,-373.0,472.0
-422.0,,1.0,399.0,-113.0,389.0,-599.0,-197.0,-343.0,426.0
-380.0,,81.0,460.0,-99.0,450.0,-614.0,83.0,-281.0,366.0
-330.0,,140.0,484.0,-69.0,448.0,-612.0,-77.0,-227.0,309.0
-333.0,,184.0,484.0,-48.0,406.0,-637.0,-109.0,-191.0,270.0
-321.0,,250.0,477.0,-45.0,452.0,-664.0,72.0,-129.0,228.0
-239.0,,283.0,464.0,-70.0,555.0,-608.0,-249.0,-50.0,182.0
-203.0,,308.0,445.0,-89.0,555.0,-536.0,51.0,18.0,111.0
-205.0,,322.0,424.0,-91.0,567.0,-551.0,-225.0,83.0,44.0
-156.0,,307.0,377.0,-74.0,664.0,-596.0,-142.0,123.0,-33.0
-106.0,,276.0,320.0,-41.0,707.0,-621.0,-134.0,144.0,-143.0
-84.0,,289.0,248.0,-15.0,688.0,-607.0,-160.0,167.0,-242.0
-52.0,,230.0,211.0,-4.0,646.0,-589.0,131.0,161.0,-310.0
-12.0,,211.0,204.0,-14.0,663.0,-607.0,-171.0,121.0,-351.0
-2.0,,176.0,157.0,-30.0,658.0,-612.0,181.0,70.0,-371.0
18.0,,137.0,145.0,-43.0,612.0,-612.0,-9.0,12.0,-352.0
52.0,,174.0,185.0,-45.0,619.0,-609.0,-51.0,-34.0,-322.0
45.0,,93.0,216.0,-28.0,669.0,-610.0,51.0,-65.0,-272.0
21.0,,125.0,228.0,16.0,745.0,-621.0,-214.0,-97.0,-208.0
-7.0,,119.0,210.0,79.0,722.0,-640.0,79.0,-118.0,-161.0
-15.0,,95.0,191.0,133.0,694.0,-671.0,-260.0,-141.0,-120.0
-13.0,,105.0,188.0,167.0,763.0,-656.0,-149.0,-179.0,-106.0
-13.0,,79.0,214.0,176.0,832.0,-653.0,-149.0,-199.0,-122.0
-27.0,,80.0,280.0,183.0,852.0,-691.0,-195.0,-222.0,-153.0
-45.0,,62.0,312.0,202.0,784.0,-679.0,27.0,-248.0,-192.0
-14.0,,63.0,348.0,221.0,749.0,-639.0,-199.0,-260.0,-228.0
16.0,,21.0,429.0,224.0,761.0,-612.0,138.0,-283.0,-264.0
9.0,,41.0,493.0,206.0,743.0,-610.0,-171.0,-296.0,-289.0
33.0,,-1.0,567.0,169.0,728.0,-613.0,-97.0,-314.0,-276.0
99.0,,1.0,643.0,116.0,703.0,-606.0,5.0,-337.0,-254.0
128.0,,6.0,694.0,72.0,751.0,-610.0,-258.0,-358.0,-214.0
132.0,,0.0,730.0,51.0,797.0,-609.0,129.0,-373.0,-166.0
125.0,,27.0,723.0,46.0,733.0,-601.0,-216.0,-370.0,-113.0
117.0,,4.0,681.0,55.0,732.0,-597.0,-94.0,-367.0,-59.0
143.0,,40.0,616.0,80.0,738.0,-576.0,-164.0,-336.0,-40.0
161.0,,26.0,505.0,92.0,690.0,-559.0,-277.0,-309.0,-46.0
141.0,,70.0,400.0,93.0,667.0,-526.0,-86.0,-289.0,-79.0
138.0,,47.0,313.0,91.0,667.0,-505.0,-323.0,-245.0,-121.0
173.0,,52.0,225.0,76.0,666.0,-508.0,44.0,-184.0,-172.0
190.0,,79.0,131.0,64.0,608.0,-497.0,-184.0,-118.0,-213.0
168.0,,54.0,35.0,55.0,555.0,-506.0,-79.0,-70.0,-230.0
141.0,,87.0,-13.0,45.0,555.0,-526.0,9.0,-25.0,-253.0
122.0,,70.0,-44.0,29.0,632.0,-538.0,-145.0,20.0,-245.0
88.0,,69.0,-44.0,-1.0,642.0,-549.0,162.0,80.0,-239.0
56.0,,65.0,23.0,-37.0,573.0,-568.0,-206.0,128.0,-250.0
12.0,,32.0,94.0,-67.0,602.0,-560.0,-53.0,172.0,-242.0
-28.0,,-2.0,155.0,-86.0,653.0,-540.0,-269.0,202.0,-234.0
-68.0,,-9.0,224.0,-79.0,680.0,-533.0,-376.0,201.0,-236.0
-131.0,,-82.0,303.0,-48.0,605.0,-489.0,-223.0,201.0,-239.0
-195.0,,-166.0,380.0,-8.0,564.0,-459.0,-491.0,182.0,-258.0
-236.0,,-209.0,405.0,25.0,661.0,-451.0,-155.0,178.0,-291.0
-246.0,,-309.0,359.0,31.0,690.0,-461.0,-388.0,166.0,-310.0
-281.0,,-358.0,307.0,18.0,628.0,-472.0,-236.0,148.0,-345.0
-317.0,,-405.0,253.0,7.0,586.0,-455.0,-190.0,136.0,-373.0
-315.0,,-476.0,174.0,8.0,655.0,-448.0,-299.0,113.0,-371.0
-337.0,,-483.0,89.0,22.0,703.0,-425.0,-55.0,104.0,-388.0
-359.0,,-502.0,23.0,46.0,620.0,-434.0,-347.0,86.0,-363.0
-338.0,,-507.0,-13.0,76.0,538.0,-411.0,-31.0,48.0,-288.0
-321.0,,-488.0,-63.0,104.0,563.0,-350.0,-197.0,4.0,-210.0
-303.0,,-459.0,-98.0,135.0,617.0,-326.0,-179.0,-27.0,-89.0
-282.0,,-406.0,-93.0,174.0,603.0,-299.0,-64.0,-54.0,47.0
-273.0,,-355.0,-94.0,212.0,579.0,-314.0,-325.0,-106.0,185.0
-229.0,,-297.0,-69.0,227.0,600.0,-328.0,-44.0,-163.0,322.0
-146.0,,-265.0,-12.0,214.0,611.0,-311.0,-384.0,-211.0,426.0
-92.0,,-177.0,77.0,174.0,596.0,-266.0,-214.0,-241.0,494.0
-65.0,,-141.0,182.0,116.0,565.0,-231.0,-212.0,-235.0,519.0
0.0,,-92.0,243.0,52.0,540.0,-232.0,-308.0,-219.0,518.0
61.0,,0.0,324.0,-13.0,613.0,-214.0,-83.0,-195.0,495.0
105.0,,25.0,420.0,-65.0,615.0,-178.0,-273.0,-151.0,467.0
158.0,,95.0,474.0,-96.0,540.0,-114.0,59.0,-110.0,442.0
234.0,,116.0,503.0,-112.0,553.0,-55.0,-192.0,-68.0,417.0
310.0,,179.0,524.0,-122.0,557.0,-17.0,-107.0,-17.0,396.0
331.0,,225.0,550.0,-127.0,569.0,9.0,-57.0,31.0,380.0
375.0,,249.0,530.0,-128.0,552.0,17.0,-301.0,56.0,408.0
455.0,,299.0,439.0,-140.0,561.0,15.0,-68.0,76.0,453.0
507.0,,320.0,339.0,-131.0,635.0,13.0,-426.0,97.0,502.0
534.0,,372.0,280.0,-85.0,599.0,9.0,-149.0,94.0,549.0
559.0,,372.0,241.0,-12.0,532.0,5.0,-223.0,77.0,610.0
600.0,,402.0,193.0,83.0,515.0,15.0,-212.0,54.0,696.0
627.0,,414.0,152.0,182.0,535.0,24.0,75.0,30.0,774.0
631.0,,422.0,113.0,272.0,527.0,46.0,-160.0,12.0,852.0
641.0,,426.0,46.0,329.0,494.0,89.0,175.0,-11.0,903.0
666.0,,370.0,-29.0,345.0,485.0,127.0,-97.0,-50.0,951.0
683.0,,371.0,-76.0,318.0,426.0,154.0,9.0,-83.0,984.0
654.0,,349.0,-110.0,248.0,423.0,154.0,25.0,-91.0,995.0
642.0,,289.0,-131.0,182.0,412.0,134.0,-155.0,-70.0,983.0
651.0,,254.0,-156.0,122.0,404.0,130.0,131.0,-35.0,912.0
636.0,,203.0,-177.0,67.0,467.0,168.0,-194.0,-9.0,802.0
623.0,,141.0,-204.0,19.0,418.0,199.0,51.0,11.0,653.0
603.0,,83.0,-266.0,-37.0,361.0,160.0,-136.0,33.0,479.0
583.0,,-2.0,-324.0,-83.0,329.0,110.0,-144.0,64.0,279.0
567.0,,-91.0,-370.0,-113.0,362.0,97.0,9.0,113.0,80.0
543.0,,-150.0,-405.0,-121.0,414.0,113.0,-253.0,170.0,-83.0
490.0,,-220.0,-440.0,-100.0,339.0,138.0,121.0,212.0,-194.0
465.0,,-297.0,-460.0,-49.0,320.0,132.0,-133.0,243.0,-248.0
493.0,,-342.0,-450.0,23.0,327.0,108.0,62.0,283.0,-265.0
485.0,,-368.0,-413.0,97.0,313.0,90.0,62.0,302.0,-231.0
440.0,,-425.0,-370.0,147.0,270.0,118.0,-68.0,304.0,-196.0
408.0,,-428.0,-351.0,155.0,188.0,160.0,173.0,302.0,-153.0
440.0,,-417.0,-314.0,131.0,208.0,188.0,-175.0,306.0,-93.0
465.0,,-445.0,-262.0,91.0,214.0,218.0,140.0,314.0,-43.0
416.0,,-364.0,-218.0,61.0,152.0,229.0,-51.0,305.0,17.0
389.0,,-341.0,-179.0,55.0,83.0,241.0,-5.0,279.0,59.0
369.0,,-324.0,-150.0,76.0,17.0,234.0,164.0,247.0,109.0
365.0,,-224.0,-125.0,108.0,7.0,230.0,-86.0,226.0,152.0
380.0,,-204.0,-127.0,139.0,-25.0,231.0,206.0,203.0,171.0
335.0,,-142.0,-160.0,159.0,-70.0,221.0,-134.0,174.0,226.0
300.0,,-74.0,-186.0,144.0,-32.0,218.0,14.0,142.0,289.0
306.0,,-43.0,-213.0,120.0,11.0,221.0,-31.0,100.0,346.0
314.0,,23.0,-295.0,88.0,-24.0,225.0,-64.0,56.0,406.0
254.0,,65.0,-363.0,49.0,-80.0,211.0,206.0,8.0,457.0
171.0,,84.0,-358.0,15.0,-54.0,214.0,-121.0,-43.0,495.0
143.0,,137.0,-363.0,-29.0,-22.0,225.0,230.0,-98.0,508.0
116.0,,180.0,-387.0,-82.0,-36.0,222.0,53.0,-152.0,521.0
59.0,,176.0,-352.0,-155.0,-55.0,214.0,121.0,-216.0,516.0
-23.0,,195.0,-317.0,-233.0,-58.0,216.0,169.0,-282.0,486.0
-67.0,,200.0,-295.0,-278.0,-34.0,225.0,-53.0,-333.0,452.0
-85.0,,177.0,-218.0,-287.0,-58.0,239.0,306.0,-384.0,412.0
-102.0,,156.0,-144.0,-258.0,-110.0,232.0,42.0,-438.0,377.0
-130.0,,106.0,-51.0,-188.0,-107.0,228.0,343.0,-478.0,335.0
-185.0,,73.0,59.0,-95.0,-71.0,253.0,219.0,-499.0,306.0
-190.0,,17.0,145.0,0.0,-67.0,239.0,179.0,-494.0,306.0
-164.0,,-36.0,225.0,72.0,-132.0,236.0,341.0,-476.0,340.0
-136.0,,-95.0,273.0,110.0,-166.0,239.0,-75.0,-445.0,383.0
-128.0,,-147.0,320.0,128.0,-156.0,195.0,240.0,-402.0,435.0
-124.0,,-169.0,363.0,142.0,-189.0,141.0,0.0,-383.0,502.0
-105.0,,-219.0,373.0,162.0,-214.0,106.0,201.0,-383.0,550.0
-74.0,,-229.0,413.0,167.0,-202.0,85.0,293.0,-383.0,596.0
-32.0,,-253.0,454.0,149.0,-162.0,27.0,131.0,-385.0,613.0
-49.0,,-237.0,476.0,117.0,-143.0,-25.0,452.0,-390.0,610.0
-32.0,,-232.0,499.0,77.0,-233.0,-59.0,151.0,-416.0,600.0
16.0,,-229.0,520.0,39.0,-271.0,-110.0,447.0,-443.0,547.0
38.0,,-192.0,539.0,4.0,-197.0,-115.0,299.0,-453.0,474.0
46.0,,-193.0,507.0,-16.0,-191.0,-96.0,308.0,-457.0,386.0
71.0,,-131.0,437.0,-26.0,-254.0,-105.0,456.0,-469.0,287.0
140.0,,-120.0,392.0,-38.0,-291.0,-119.0,121.0,-478.0,209.0
160.0,,-76.0,357.0,-54.0,-285.0,-125.0,408.0,-466.0,138.0
181.0,,-1.0,304.0,-71.0,-305.0,-127.0,112.0,-425.0,73.0
182.0,,9.0,220.0,-59.0,-367.0,-116.0,271.0,-351.0,57.0
207.0,,33.0,135.0,-27.0,-381.0,-115.0,249.0,-275.0,56.0
286.0,,45.0,69.0,-5.0,-313.0,-114.0,169.0,-193.0,50.0
281.0,,40.0,2.0,10.0,-294.0,-107.0,447.0,-111.0,52.0
279.0,,23.0,-23.0,14.0,-398.0,-106.0,118.0,-56.0,62.0
310.0,,-11.0,-7.0,12.0,-416.0,-46.0,508.0,-3.0,82.0
339.0,,-63.0,16.0,3.0,-358.0,5.0,219.0,39.0,79.0
368.0,,-80.0,49.0,-4.0,-370.0,17.0,112.0,57.0,75.0
403.0,,-120.0,69.0,-10.0,-376.0,24.0,351.0,85.0,89.0
443.0,,-161.0,111.0,-25.0,-402.0,-3.0,105.0,119.0,98.0
469.0,,-199.0,176.0,-39.0,-382.0,-31.0,367.0,144.0,80.0
540.0,,-251.0,214.0,-64.0,-325.0,-50.0,110.0,152.0,39.0
615.0,,-297.0,208.0,-82.0,-363.0,-79.0,410.0,144.0,-5.0
619.0,,-352.0,178.0,-78.0,-394.0,-106.0,476.0,141.0,-70.0
625.0,,-373.0,140.0,-69.0,-408.0,-118.0,153.0,145.0,-142.0
640.0,,-398.0,74.0,-61.0,-409.0,-125.0,369.0,158.0,-213.0
634.0,,-421.0,-19.0,-54.0,-450.0,-147.0,323.0,164.0,-257.0
590.0,,-438.0,-127.0,-42.0,-496.0,-186.0,452.0,173.0,-272.0
541.0,,-454.0,-211.0,-44.0,-426.0,-222.0,242.0,189.0,-260.0
526.0,,-464.0,-291.0,-64.0,-369.0,-245.0,404.0,221.0,-192.0
487.0,,-457.0,-366.0,-80.0,-338.0,-263.0,286.0,264.0,-100.0
444.0,,-476.0,-415.0,-76.0,-346.0,-268.0,92.0,304.0,25.0
401.0,,-480.0,-429.0,-51.0,-281.0,-292.0,380.0,337.0,172.0
347.0,,-435.0,-402.0,-18.0,-158.0,-307.0,7.0,343.0,289.0
323.0,,-439.0,-338.0,26.0,-214.0,-271.0,375.0,340.0,378.0
308.0,,-427.0,-235.0,77.0,-275.0,-230.0,256.0,322.0,439.0
263.0,,-400.0,-141.0,105.0,-285.0,-201.0,151.0,284.0,455.0
228.0,,-387.0,-47.0,99.0,-260.0,-183.0,458.0,245.0,430.0
233.0,,-370.0,44.0,80.0,-253.0,-186.0,97.0,192.0,385.0
225.0,,-357.0,121.0,60.0,-340.0,-180.0,413.0,130.0,311.0
183.0,,-353.0,204.0,47.0,-323.0,-165.0,256.0,80.0,230.0
168.0,,-333.0,253.0,49.0,-246.0,-177.0,312.0,36.0,157.0
168.0,,-330.0,253.0,51.0,-206.0,-199.0,380.0,-3.0,83.0
143.0,,-362.0,227.0,45.0,-227.0,-207.0,192.0,-47.0,11.0
128.0,,-325.0,202.0,18.0,-251.0,-198.0,456.0,-88.0,-49.0
114.0,,-333.0,181.0,-22.0,-196.0,-167.0,145.0,-128.0,-92.0
98.0,,-340.0,117.0,-61.0,-164.0,-129.0,323.0,-201.0,-115.0
92.0,,-319.0,19.0,-96.0,-188.0,-107.0,169.0,-288.0,-122.0
100.0,,-362.0,-64.0,-109.0,-250.0,-55.0,175.0,-367.0,-121.0
82.0,,-345.0,-142.0,-100.0,-248.0,24.0,365.0,-428.0,-89.0
85.0,,-340.0,-211.0,-91.0,-213.0,56.0,109.0,-467.0,-44.0
100.0,,-356.0,-237.0,-100.0,-254.0,63.0,498.0,-507.0,-8.0
58.0,,-348.0,-233.0,-115.0,-285.0,74.0,267.0,-530.0,13.0
54.0,,-315.0,-211.0,-111.0,-298.0,98.0,469.0,-526.0,31.0
52.0,,-314.0,-179.0,-91.0,-310.0,116.0,522.0,-518.0,48.0
26.0,,-307.0,-162.0,-73.0,-303.0,114.0,323.0,-508.0,43.0
-2.0,,-280.0,-136.0,-52.0,-302.0,121.0,613.0,-492.0,40.0
-34.0,,-287.0,-105.0,-28.0,-318.0,115.0,330.0,-467.0,26.0
-49.0,,-235.0,-69.0,-7.0,-310.0,132.0,620.0,-434.0,31.0
-33.0,,-240.0,-13.0,9.0,-314.0,153.0,397.0,-396.0,41.0
0.0,,-216.0,47.0,11.0,-343.0,161.0,330.0,-346.0,5.0
-15.0,,-157.0,114.0,-4.0,-325.0,159.0,456.0,-271.0,-24.0
11.0,,-140.0,178.0,-40.0,-289.0,134.0,157.0,-205.0,-61.0
75.0,,-85.0,206.0,-82.0,-319.0,134.0,513.0,-155.0,-113.0
113.0,,-60.0,188.0,-108.0,-371.0,138.0,269.0,-102.0,-170.0
156.0,,1.0,155.0,-130.0,-343.0,144.0,404.0,-68.0,-215.0
205.0,,38.0,127.0,-136.0,-331.0,172.0,363.0,-53.0,-234.0
258.0,,48.0,103.0,-110.0,-371.0,196.0,240.0,-50.0,-267.0
256.0,,109.0,72.0,-74.0,-378.0,230.0,521.0,-64.0,-306.0
287.0,,122.0,52.0,-46.0,-333.0,282.0,253.0,-72.0,-352.0
324.0,,151.0,27.0,-25.0,-244.0,336.0,521.0,-81.0,-404.0
315.0,,177.0,3.0,-12.0,-232.0,340.0,356.0,-95.0,-462.0
314.0,,137.0,17.0,-13.0,-275.0,328.0,484.0,-92.0,-522.0
322.0,,131.0,32.0,-16.0,-269.0,369.0,541.0,-82.0,-568.0
334.0,,119.0,69.0,-20.0,-264.0,379.0,177.0,-66.0,-640.0
295.0,,78.0,142.0,-30.0,-298.0,372.0,565.0,-55.0,-688.0
269.0,,35.0,237.0,-46.0,-346.0,401.0,426.0,-38.0,-717.0
261.0,,14.0,339.0,-55.0,-315.0,428.0,558.0,-12.0,-748.0
245.0,,-19.0,450.0,-37.0,-278.0,442.0,439.0,-3.0,-743.0
201.0,,-86.0,591.0,-5.0,-309.0,434.0,419.0,10.0,-722.0
124.0,,-76.0,683.0,28.0,-300.0,417.0,626.0,13.0,-664.0
69.0,,-96.0,738.0,56.0,-255.0,406.0,262.0,5.0,-587.0
0.0,,-106.0,803.0,53.0,-173.0,414.0,583.0,-14.0,-505.0
-54.0,,-92.0,837.0,38.0,-175.0,422.0,360.0,-43.0,-418.0
-155.0,,-104.0,821.0,40.0,-279.0,405.0,517.0,-70.0,-323.0
-268.0,,-72.0,761.0,52.0,-263.0,397.0,692.0,-107.0,-213.0
-312.0,,-48.0,686.0,48.0,-193.0,405.0,480.0,-126.0,-100.0
-385.0,,-36.0,580.0,24.0,-185.0,440.0,855.0,-156.0,21.0
-477.0,,-18.0,456.0,-19.0,-221.0,467.0,587.0,-174.0,138.0
-556.0,,-16.0,350.0,-75.0,-260.0,456.0,812.0,-175.0,278.0
-580.0,,0.0,259.0,-111.0,-249.0,453.0,683.0,-178.0,414.0
-583.0,,-3.0,226.0,-113.0,-281.0,451.0,674.0,-140.0,518.0
-598.0,,-61.0,211.0,-102.0,-358.0,426.0,905.0,-96.0,624.0
-595.0,,-43.0,209.0,-98.0,-343.0,394.0,561.0,-62.0,723.0
-574.0,,-91.0,284.0,-99.0,-227.0,373.0,857.0,-33.0,789.0
-518.0,,-117.0,382.0,-103.0,-179.0,352.0,519.0,-13.0,829.0
-493.0,,-122.0,478.0,-104.0,-237.0,312.0,600.0,7.0,827.0
-492.0,,-184.0,581.0,-90.0,-233.0,283.0,633.0,21.0,788.0
-487.0,,-159.0,674.0,-72.0,-162.0,253.0,443.0,28.0,710.0
-466.0,,-226.0,744.0,-55.0,-157.0,224.0,737.0,17.0,575.0
-408.0,,-236.0,806.0,-34.0,-206.0,208.0,480.0,-5.0,421.0
-361.0,,-211.0,846.0,-19.0,-225.0,194.0,748.0,-56.0,270.0
-344.0,,-229.0,839.0,-22.0,-233.0,176.0,606.0,-122.0,123.0
-332.0,,-176.0,817.0,-46.0,-213.0,126.0,676.0,-184.0,-16.0
-260.0,,-154.0,763.0,-68.0,-235.0,88.0,896.0,-262.0,-110.0
-215.0,,-125.0,642.0,-86.0,-300.0,93.0,654.0,-332.0,-186.0
-220.0,,-53.0,475.0,-105.0,-266.0,104.0,877.0,-381.0,-254.0
-193.0,,5.0,327.0,-121.0,-220.0,101.0,572.0,-418.0,-291.0
-177.0,,20.0,195.0,-132.0,-194.0,85.0,742.0,-433.0,-356.0
-164.0,,91.0,17.0,-140.0,-188.0,57.0,715.0,-431.0,-418.0
-171.0,,148.0,-154.0,-145.0,-161.0,21.0,513.0,-414.0,-486.0
-166.0,,159.0,-269.0,-143.0,-139.0,9.0,670.0,-390.0,-577.0
-152.0,,233.0,-330.0,-132.0,-226.0,-8.0,360.0,-361.0,-677.0
-171.0,,265.0,-354.0,-92.0,-243.0,-23.0,668.0,-318.0,-790.0
-174.0,,282.0,-362.0,-32.0,-219.0,-42.0,489.0,-252.0,-895.0
-202.0,,325.0,-334.0,19.0,-223.0,-90.0,463.0,-167.0,-993.0
-246.0,,337.0,-266.0,57.0,-241.0,-124.0,578.0,-86.0,-1070.0
-262.0,,329.0,-179.0,66.0,-290.0,-140.0,371.0,-5.0,-1104.0
-269.0,,310.0,-69.0,59.0,-229.0,-124.0,740.0,58.0,-1097.0
-281.0,,312.0,46.0,44.0,-143.0,-130.0,528.0,117.0,-1088.0
-288.0,,268.0,135.0,22.0,-121.0,-150.0,776.0,175.0,-1073.0
-274.0,,232.0,218.0,-2.0,-106.0,-154.0,796.0,223.0,-1036.0
-254.0,,220.0,277.0,-20.0,-118.0,-169.0,670.0,265.0,-1019.0
-254.0,,165.0,320.0,-31.0,-91.0,-177.0,790.0,272.0,-1015.0
-259.0,,113.0,354.0,-50.0,-73.0,-205.0,415.0,274.0,-1025.0
-267.0,,87.0,376.0,-75.0,-100.0,-225.0,641.0,283.0,-1066.0
-274.0,,36.0,409.0,-123.0,-62.0,-214.0,349.0,288.0,-1101.0
-264.0,,-26.0,432.0,-182.0,0.0,-213.0,432.0,301.0,-1134.0
-272.0,,-42.0,418.0,-224.0,29.0,-219.0,495.0,318.0,-1191.0
-281.0,,-115.0,412.0,-252.0,4.0,-227.0,245.0,334.0,-1249.0
-298.0,,-120.0,443.0,-256.0,18.0,-247.0,556.0,327.0,-1285.0
-279.0,,-135.0,471.0,-230.0,87.0,-264.0,212.0,319.0,-1292.0
-250.0,,-177.0,545.0,-184.0,75.0,-291.0,473.0,302.0,-1288.0
-273.0,,-134.0,671.0,-126.0,101.0,-302.0,434.0,280.0,-1268.0
-267.0,,-144.0,773.0,-50.0,166.0,-294.0,354.0,263.0,-1217.0
-254.0,,-128.0,851.0,25.0,223.0,-304.0,504.0,226.0,-1139.0
-204.0,,-117.0,902.0,79.0,257.0,-311.0,99.0,175.0,-1043.0
-154.0,,-114.0,934.0,101.0,259.0,-323.0,288.0,126.0,-936.0
-182.0,,-87.0,914.0,77.0,297.0,-349.0,-62.0,97.0,-813.0
-185.0,,-77.0,859.0,22.0,287.0,-373.0,1.0,72.0,-695.0
-136.0,,-73.0,828.0,-33.0,267.0,-359.0,46.0,50.0,-588.0
-105.0,,-56.0,794.0,-64.0,253.0,-363.0,-121.0,40.0,-487.0
-88.0,,-28.0,768.0,-63.0,227.0,-361.0,229.0,23.0,-373.0
-73.0,,-4.0,721.0,-41.0,225.0,-347.0,-68.0,20.0,-254.0
-61.0,,20.0,656.0,-6.0,233.0,-356.0,175.0,26.0,-171.0
-50.0,,25.0,635.0,14.0,238.0,-348.0,46.0,40.0,-119.0
-68.0,,67.0,579.0,31.0,245.0,-346.0,-57.0,65.0,-104.0
-62.0,,80.0,525.0,56.0,325.0,-333.0,92.0,90.0,-134.0
-42.0,,88.0,529.0,83.0,362.0,-343.0,-118.0,99.0,-200.0
-43.0,,103.0,508.0,101.0,287.0,-339.0,245.0,102.0,-305.0
-73.0,,74.0,495.0,92.0,258.0,-308.0,-33.0,100.0,-458.0
-93.0,,103.0,498.0,71.0,298.0,-291.0,36.0,88.0,-607.0
-56.0,,63.0,456.0,47.0,333.0,-274.0,-49.0,93.0,-741.0
-65.0,,40.0,409.0,23.0,298.0,-277.0,-262.0,105.0,-872.0
-109.0,,28.0,358.0,-4.0,235.0,-252.0,-40.0,120.0,-963.0
-130.0,,-15.0,303.0,-48.0,275.0,-206.0,-412.0,141.0,-1006.0
-118.0,,-29.0,287.0,-80.0,328.0,-174.0,-109.0,153.0,-995.0
-96.0,,-116.0,298.0,-84.0,267.0,-162.0,-279.0,168.0,-940.0
-111.0,,-69.0,324.0,-65.0,198.0,-131.0,-277.0,183.0,-837.0
-117.0,,-122.0,323.0,-31.0,212.0,-124.0,-77.0,188.0,-691.0
-122.0,,-124.0,296.0,20.0,262.0,-148.0,-325.0,194.0,-533.0
-139.0,,-43.0,276.0,66.0,212.0,-154.0,-29.0,199.0,-396.0
-121.0,,-84.0,245.0,103.0,119.0,-167.0,-373.0,189.0,-285.0
-124.0,,21.0,224.0,141.0,96.0,-151.0,-245.0,164.0,-202.0
-130.0,,23.0,249.0,153.0,85.0,-157.0,-310.0,121.0,-171.0
-93.0,,113.0,274.0,147.0,54.0,-160.0,-415.0,60.0,-175.0
-76.0,,187.0,294.0,135.0,-2.0,-138.0,-169.0,-14.0,-205.0
-51.0,,218.0,316.0,113.0,4.0,-124.0,-545.0,-95.0,-271.0
-44.0,,323.0,311.0,104.0,36.0,-98.0,-254.0,-166.0,-351.0
-38.0,,318.0,297.0,110.0,14.0,-85.0,-378.0,-210.0,-414.0
-15.0,,388.0,328.0,109.0,-18.0,-91.0,-238.0,-235.0,-484.0
-27.0,,420.0,385.0,102.0,-50.0,-87.0,-84.0,-248.0,-555.0
-3.0,,422.0,432.0,105.0,-52.0,-65.0,-291.0,-238.0,-583.0
33.0,,427.0,459.0,112.0,-73.0,-31.0,-81.0,-215.0,-584.0
44.0,,454.0,461.0,125.0,-122.0,-13.0,-487.0,-171.0,-551.0
39.0,,450.0,460.0,127.0,-118.0,-4.0,-271.0,-96.0,-475.0
64.0,,440.0,464.0,104.0,-131.0,30.0,-338.0,-22.0,-366.0
123.0,,465.0,451.0,63.0,-210.0,62.0,-317.0,58.0,-250.0
120.0,,435.0,422.0,11.0,-290.0,80.0,-20.0,160.0,-129.0
109.0,,456.0,423.0,-28.0,-292.0,88.0,-319.0,246.0,-30.0
114.0,,423.0,429.0,-64.0,-274.0,95.0,-29.0,307.0,31.0
123.0,,427.0,429.0,-85.0,-325.0,89.0,-330.0,343.0,89.0
114.0,,463.0,455.0,-96.0,-338.0,74.0,-256.0,360.0,96.0
59.0,,444.0,466.0,-112.0,-314.0,82.0,-186.0,344.0,66.0
31.0,,461.0,462.0,-133.0,-292.0,82.0,-388.0,309.0,24.0
13.0,,452.0,467.0,-162.0,-320.0,63.0,-38.0,265.0,-48.0
-57.0,,455.0,439.0,-189.0,-395.0,59.0,-347.0,202.0,-122.0
-136.0,,446.0,402.0,-202.0,-392.0,77.0,-123.0,135.0,-214.0
-154.0,,455.0,378.0,-198.0,-406.0,62.0,-242.0,65.0,-315.0
-175.0,,416.0,330.0,-196.0,-450.0,29.0,-308.0,-4.0,-396.0
-230.0,,420.0,277.0,-197.0,-495.0,4.0,-66.0,-60.0,-476.0
-281.0,,424.0,219.0,-192.0,-492.0,0.0,-262.0,-99.0,-541.0
-309.0,,337.0,135.0,-188.0,-398.0,-17.0,53.0,-122.0,-581.0
-324.0,,361.0,65.0,-173.0,-371.0,-57.0,-249.0,-131.0,-606.0
-359.0,,244.0,35.0,-141.0,-375.0,-47.0,-181.0,-142.0,-606.0
-421.0,,225.0,63.0,-96.0,-356.0,-51.0,-267.0,-159.0,-621.0
-465.0,,213.0,86.0,-58.0,-315.0,-86.0,-532.0,-167.0,-623.0
-481.0,,74.0,83.0,-40.0,-294.0,-140.0,-312.0,-180.0,-606.0
-522.0,,128.0,114.0,-30.0,-316.0,-216.0,-613.0,-172.0,-600.0
-581.0,,18.0,173.0,-18.0,-262.0,-283.0,-291.0,-142.0,-576.0
-599.0,,-7.0,235.0,2.0,-209.0,-341.0,-386.0,-105.0,-574.0
-577.0,,-28.0,273.0,15.0,-235.0,-363.0,-327.0,-58.0,-593.0
-601.0,,-99.0,296.0,2.0,-304.0,-399.0,-173.0,-10.0,-618.0
-622.0,,-87.0,339.0,-25.0,-300.0,-456.0,-454.0,34.0,-643.0
-607.0,,-129.0,390.0,-57.0,-232.0,-493.0,-179.0,68.0,-666.0
-614.0,,-142.0,406.0,-94.0,-234.0,-513.0,-474.0,97.0,-716.0
-625.0,,-186.0,409.0,-119.0,-246.0,-524.0,-319.0,133.0,-740.0
-630.0,,-131.0,392.0,-113.0,-232.0,-523.0,-367.0,157.0,-757.0
-630.0,,-173.0,332.0,-80.0,-148.0,-501.0,-495.0,161.0,-784.0
-628.0,,-129.0,324.0,-19.0,-89.0,-515.0,-254.0,162.0,-801.0
-618.0,,-91.0,325.0,42.0,-122.0,-544.0,-567.0,162.0,-816.0
-625.0,,-58.0,272.0,82.0,-104.0,-536.0,-275.0,182.0,-816.0
-632.0,,45.0,215.0,100.0,-53.0,-523.0,-439.0,202.0,-807.0
-614.0,,38.0,153.0,115.0,-4.0,-531.0,-312.0,213.0,-786.0
-595.0,,154.0,157.0,143.0,10.0,-528.0,-110.0,232.0,-769.0
-588.0,,183.0,190.0,168.0,18.0,-514.0,-319.0,242.0,-735.0
-583.0,,287.0,203.0,188.0,69.0,-529.0,-29.0,254.0,-714.0
-567.0,,342.0,262.0,193.0,104.0,-530.0,-341.0,262.0,-737.0
-536.0,,414.0,327.0,192.0,81.0,-514.0,-127.0,262.0,-752.0
-522.0,,515.0,384.0,174.0,62.0,-509.0,-182.0,286.0,-766.0
-501.0,,534.0,451.0,125.0,125.0,-523.0,-249.0,307.0,-744.0
-464.0,,617.0,525.0,72.0,174.0,-528.0,-35.0,320.0,-699.0
-462.0,,620.0,588.0,7.0,174.0,-486.0,-375.0,338.0,-635.0
-433.0,,662.0,575.0,-51.0,141.0,-483.0,-107.0,350.0,-541.0
-411.0,,650.0,539.0,-77.0,120.0,-520.0,-367.0,342.0,-436.0
-399.0,,685.0,515.0,-75.0,183.0,-543.0,-249.0,331.0,-332.0
-396.0,,653.0,498.0,-49.0,214.0,-545.0,-134.0,322.0,-241.0
-419.0,,671.0,491.0,-14.0,135.0,-515.0,-293.0,310.0,-134.0
-401.0,,653.0,467.0,20.0,66.0,-488.0,79.0,309.0,-37.0
-370.0,,562.0,465.0,47.0,69.0,-465.0,-205.0,312.0,52.0
-303.0,,568.0,479.0,55.0,39.0,-448.0,36.0,319.0,141.0
-273.0,,469.0,496.0,62.0,-1.0,-445.0,-90.0,336.0,199.0
-231.0,,472.0,511.0,69.0,14.0,-414.0,-179.0,345.0,248.0
-137.0,,379.0,497.0,57.0,33.0,-391.0,62.0,357.0,280.0
-93.0,,345.0,512.0,35.0,43.0,-405.0,-140.0,377.0,282.0
-50.0,,331.0,557.0,3.0,11.0,-415.0,225.0,391.0,255.0
-4.0,,219.0,575.0,-15.0,-1.0,-418.0,-27.0,420.0,205.0
55.0,,232.0,557.0,16.0,17.0,-436.0,73.0,429.0,154.0
103.0,,153.0,522.0,88.0,-10.0,-439.0,75.0,431.0,115.0
139.0,,104.0,505.0,158.0,-38.0,-414.0,-171.0,447.0,79.0
174.0,,90.0,487.0,199.0,-62.0,-388.0,86.0,427.0,61.0
228.0,,37.0,457.0,201.0,-23.0,-378.0,-149.0,399.0,67.0
297.0,,18.0,439.0,158.0,-9.0,-419.0,230.0,373.0,72.0
323.0,,0.0,435.0,85.0,-67.0,-436.0,155.0,340.0,72.0
342.0,,-11.0,435.0,5.0,-95.0,-408.0,181.0,319.0,87.0
365.0,,-54.0,392.0,-69.0,-97.0,-414.0,363.0,306.0,101.0
390.0,,-36.0,320.0,-111.0,-18.0,-416.0,96.0,284.0,84.0
383.0,,-19.0,259.0,-124.0,-39.0,-376.0,406.0,276.0,51.0
374.0,,-5.0,211.0,-121.0,-125.0,-345.0,101.0,280.0,16.0
384.0,,38.0,183.0,-102.0,-81.0,-325.0,256.0,262.0,-14.0
367.0,,36.0,152.0,-65.0,-56.0,-273.0,251.0,235.0,-45.0
356.0,,60.0,127.0,-9.0,-103.0,-249.0,72.0,190.0,-67.0
314.0,,69.0,95.0,48.0,-129.0,-258.0,240.0,141.0,-78.0
271.0,,135.0,86.0,86.0,-81.0,-267.0,-171.0,79.0,-71.0
252.0,,108.0,110.0,93.0,-63.0,-283.0,88.0,-6.0,-46.0
199.0,,173.0,133.0,99.0,-106.0,-298.0,-48.0,-88.0,-29.0
145.0,,221.0,158.0,115.0,-163.0,-314.0,44.0,-147.0,-21.0
90.0,,160.0,203.0,118.0,-153.0,-312.0,238.0,-181.0,-21.0
59.0,,277.0,211.0,94.0,-89.0,-318.0,-14.0,-218.0,-21.0
29.0,,215.0,187.0,32.0,-129.0,-351.0,325.0,-236.0,-36.0
-20.0,,269.0,203.0,-57.0,-149.0,-355.0,92.0,-231.0,-64.0
-67.0,,289.0,172.0,-131.0,-116.0,-355.0,303.0,-236.0,-85.0
-120.0,,229.0,80.0,-161.0,-128.0,-347.0,332.0,-245.0,-106.0
-157.0,,292.0,17.0,-144.0,-139.0,-322.0,245.0,-254.0,-122.0
-183.0,,226.0,-13.0,-95.0,-160.0,-327.0,454.0,-274.0,-131.0
-205.0,,216.0,-73.0,-37.0,-157.0,-316.0,97.0,-301.0,-143.0
-278.0,,202.0,-125.0,3.0,-152.0,-319.0,363.0,-325.0,-151.0
-337.0,,175.0,-98.0,30.0,-224.0,-315.0,147.0,-355.0,-147.0
-342.0,,171.0,-55.0,50.0,-271.0,-288.0,194.0,-368.0,-161.0
-374.0,,164.0,0.0,67.0,-221.0,-316.0,286.0,-371.0,-179.0
-414.0,,143.0,83.0,85.0,-150.0,-340.0,33.0,-382.0,-223.0
-434.0,,134.0,180.0,87.0,-173.0,-331.0,347.0,-380.0,-298.0
-403.0,,160.0,238.0,68.0,-237.0,-294.0,49.0,-358.0,-357.0
-405.0,,151.0,262.0,22.0,-192.0,-275.0,249.0,-323.0,-430.0
-419.0,,182.0,347.0,-55.0,-123.0,-302.0,158.0,-284.0,-506.0
-392.0,,174.0,393.0,-136.0,-153.0,-331.0,101.0,-238.0,-584.0
-342.0,,177.0,403.0,-184.0,-221.0,-313.0,356.0,-189.0,-656.0
-302.0,,209.0,429.0,-200.0,-203.0,-266.0,110.0,-135.0,-686.0
-305.0,,176.0,412.0,-194.0,-179.0,-267.0,484.0,-80.0,-685.0
-251.0,,226.0,367.0,-174.0,-227.0,-289.0,291.0,-42.0,-644.0
-185.0,,229.0,328.0,-147.0,-258.0,-296.0,437.0,13.0,-568.0
-121.0,,204.0,323.0,-97.0,-233.0,-269.0,395.0,74.0,-464.0
-70.0,,242.0,293.0,-32.0,-164.0,-250.0,77.0,117.0,-344.0
-27.0,,198.0,210.0,-19.0,-171.0,-249.0,336.0,171.0,-223.0
35.0,,197.0,103.0,-61.0,-221.0,-225.0,3.0,220.0,-103.0
48.0,,182.0,48.0,-126.0,-196.0,-199.0,351.0,254.0,7.0
37.0,,99.0,54.0,-186.0,-152.0,-196.0,308.0,277.0,82.0
28.0,,132.0,38.0,-207.0,-156.0,-216.0,308.0,287.0,119.0
36.0,,84.0,26.0,-205.0,-198.0,-197.0,476.0,282.0,148.0
31.0,,-24.0,43.0,-189.0,-195.0,-142.0,140.0,260.0,164.0
10.0,,-50.0,51.0,-167.0,-152.0,-119.0,469.0,241.0,201.0
4.0,,-116.0,55.0,-152.0,-147.0,-105.0,286.0,218.0,256.0
34.0,,-183.0,53.0,-145.0,-189.0,-102.0,545.0,175.0,313.0
36.0,,-200.0,3.0,-137.0,-232.0,-126.0,620.0,132.0,400.0
-12.0,,-225.0,-30.0,-105.0,-223.0,-118.0,469.0,86.0,481.0
-13.0,,-269.0,-54.0,-51.0,-210.0,-98.0,678.0,36.0,572.0
6.0,,-264.0,-103.0,26.0,-269.0,-102.0,242.0,1.0,664.0
-12.0,,-309.0,-114.0,100.0,-339.0,-106.0,419.0,-17.0,716.0
-67.0,,-285.0,-84.0,140.0,-304.0,-106.0,227.0,-24.0,758.0
-62.0,,-261.0,-41.0,159.0,-248.0,-97.0,280.0,-21.0,786.0
-39.0,,-279.0,-23.0,154.0,-309.0,-80.0,450.0,-16.0,784.0
-71.0,,-221.0,55.0,131.0,-344.0,-77.0,205.0,0.0,744.0
-125.0,,-231.0,156.0,110.0,-306.0,-98.0,548.0,12.0,659.0
-158.0,,-201.0,153.0,99.0,-277.0,-119.0,288.0,24.0,549.0
-153.0,,-163.0,146.0,83.0,-304.0,-110.0,461.0,60.0,426.0
-172.0,,-169.0,160.0,51.0,-338.0,-77.0,406.0,88.0,296.0
-190.0,,-112.0,184.0,36.0,-294.0,-30.0,297.0,115.0,177.0
-191.0,,-96.0,208.0,43.0,-275.0,40.0,576.0,154.0,78.0
-170.0,,-80.0,208.0,60.0,-323.0,105.0,369.0,181.0,14.0
-175.0,,1.0,257.0,89.0,-390.0,140.0,796.0,204.0,-23.0
-195.0,,-22.0,303.0,123.0,-356.0,158.0,589.0,228.0,-20.0
-204.0,,45.0,291.0,162.0,-318.0,183.0,543.0,248.0,5.0
-220.0,,50.0,259.0,193.0,-391.0,193.0,535.0,280.0,32.0
-211.0,,61.0,246.0,200.0,-459.0,187.0,249.0,319.0,76.0
-228.0,,113.0,287.0,192.0,-457.0,217.0,565.0,351.0,104.0
-231.0,,91.0,292.0,169.0,-375.0,236.0,271.0,367.0,116.0
-204.0,,191.0,290.0,130.0,-416.0,230.0,467.0,363.0,108.0
-159.0,,168.0,367.0,84.0,-526.0,255.0,354.0,339.0,71.0
-124.0,,235.0,433.0,54.0,-503.0,294.0,262.0,297.0,27.0
-105.0,,260.0,462.0,60.0,-459.0,317.0,424.0,241.0,-43.0
-79.0,,280.0,453.0,100.0,-467.0,321.0,57.0,180.0,-104.0
-63.0,,335.0,438.0,142.0,-538.0,316.0,339.0,114.0,-140.0
-50.0,,311.0,463.0,167.0,-554.0,327.0,125.0,41.0,-185.0
-66.0,,342.0,411.0,189.0,-487.0,356.0,291.0,-23.0,-220.0
-49.0,,342.0,299.0,209.0,-474.0,395.0,399.0,-76.0,-245.0
-48.0,,345.0,221.0,228.0,-534.0,420.0,218.0,-99.0,-243.0
-71.0,,286.0,159.0,258.0,-573.0,425.0,519.0,-81.0,-229.0
-67.0,,288.0,77.0,281.0,-510.0,420.0,175.0,-50.0,-220.0
-52.0,,235.0,-10.0,278.0,-490.0,447.0,363.0,-11.0,-193.0
-16.0,,189.0,-44.0,254.0,-544.0,482.0,184.0,29.0,-151.0
-16.0,,154.0,-41.0,206.0,-573.0,447.0,90.0,57.0,-116.0
-31.0,,70.0,-14.0,135.0,-548.0,427.0,251.0,79.0,-108.0
-40.0,,57.0,26.0,63.0,-523.0,423.0,-36.0,90.0,-93.0
-39.0,,27.0,86.0,-13.0,-569.0,397.0,269.0,81.0,-81.0
-65.0,,-34.0,180.0,-87.0,-552.0,381.0,11.0,53.0,-66.0
-104.0,,-54.0,262.0,-152.0,-488.0,372.0,164.0,13.0,-49.0
-102.0,,-22.0,342.0,-197.0,-448.0,364.0,177.0,-39.0,-34.0
-122.0,,-63.0,409.0,-222.0,-447.0,338.0,-7.0,-89.0,16.0
-162.0,,-22.0,431.0,-234.0,-484.0,344.0,288.0,-134.0,59.0
-196.0,,-34.0,408.0,-213.0,-436.0,335.0,-35.0,-168.0,115.0
-201.0,,-47.0,346.0,-185.0,-403.0,310.0,219.0,-202.0,197.0
-191.0,,2.0,259.0,-168.0,-409.0,308.0,68.0,-235.0,274.0
-196.0,,-68.0,178.0,-164.0,-354.0,321.0,103.0,-223.0,333.0
-196.0,,-47.0,95.0,-160.0,-300.0,393.0,341.0,-204.0,389.0
-184.0,,-58.0,0.0,-136.0,-299.0,420.0,134.0,-187.0,440.0
-155.0,,-89.0,-82.0,-115.0,-338.0,420.0,467.0,-136.0,457.0
-156.0,,-66.0,-165.0,-105.0,-320.0,453.0,188.0,-69.0,479.0
-198.0,,-121.0,-244.0,-108.0,-229.0,484.0,319.0,-14.0,474.0
-221.0,,-123.0,-281.0,-98.0,-179.0,529.0,264.0,46.0,453.0
-193.0,,-96.0,-269.0,-54.0,-185.0,573.0,101.0,96.0,439.0
-166.0,,-149.0,-256.0,13.0,-154.0,576.0,286.0,140.0,399.0
-191.0,,-129.0,-264.0,93.0,-83.0,552.0,-70.0,167.0,377.0
-178.0,,-97.0,-245.0,160.0,-58.0,560.0,160.0,179.0,365.0
-141.0,,-110.0,-239.0,185.0,-105.0,576.0,-29.0,201.0,353.0
-134.0,,-86.0,-250.0,161.0,-137.0,581.0,86.0,192.0,346.0
-109.0,,-85.0,-255.0,109.0,-81.0,556.0,199.0,172.0,341.0
-91.0,,-89.0,-300.0,60.0,17.0,535.0,-66.0,147.0,347.0
-63.0,,-111.0,-301.0,26.0,14.0,545.0,251.0,127.0,351.0
-34.0,,-146.0,-264.0,13.0,-6.0,528.0,5.0,132.0,352.0
-34.0,,-177.0,-269.0,-3.0,30.0,493.0,273.0,143.0,347.0
-15.0,,-180.0,-272.0,-48.0,45.0,470.0,236.0,153.0,344.0
29.0,,-203.0,-273.0,-102.0,64.0,459.0,162.0,178.0,365.0
41.0,,-214.0,-286.0,-165.0,54.0,448.0,369.0,207.0,401.0
34.0,,-197.0,-270.0,-240.0,82.0,455.0,29.0,206.0,445.0
64.0,,-179.0,-219.0,-308.0,137.0,482.0,317.0,209.0,481.0
102.0,,-127.0,-162.0,-368.0,130.0,501.0,110.0,215.0,498.0
69.0,,-116.0,-103.0,-410.0,114.0,518.0,254.0,237.0,512.0
20.0,,-77.0,-32.0,-410.0,115.0,520.0,365.0,265.0,506.0
23.0,,-51.0,44.0,-368.0,137.0,507.0,164.0,280.0,493.0
-5.0,,-47.0,136.0,-301.0,110.0,492.0,434.0,302.0,487.0
-41.0,,-28.0,228.0,-244.0,59.0,484.0,110.0,314.0,473.0
-54.0,,-70.0,290.0,-215.0,81.0,501.0,367.0,304.0,460.0
-37.0,,-74.0,335.0,-191.0,151.0,489.0,229.0,284.0,469.0
-19.0,,-69.0,381.0,-153.0,179.0,455.0,175.0,261.0,491.0
-38.0,,-128.0,417.0,-118.0,129.0,437.0,386.0,198.0,536.0
-27.0,,-154.0,411.0,-105.0,112.0,416.0,116.0,121.0,592.0
-11.0,,-190.0,382.0,-105.0,173.0,419.0,502.0,41.0,630.0
14.0,,-228.0,380.0,-120.0,204.0,428.0,310.0,-50.0,667.0
30.0,,-239.0,357.0,-133.0,162.0,413.0,469.0,-128.0,702.0
42.0,,-296.0,287.0,-126.0,107.0,377.0,439.0,-229.0,718.0
74.0,,-322.0,207.0,-86.0,152.0,339.0,218.0,-302.0,709.0
92.0,,-332.0,84.0,-15.0,178.0,337.0,522.0,-355.0,696.0
115.0,,-380.0,-73.0,38.0,95.0,349.0,186.0,-403.0,671.0
98.0,,-406.0,-230.0,64.0,75.0,344.0,434.0,-427.0,620.0
41.0,,-422.0,-361.0,70.0,117.0,340.0,253.0,-443.0,570.0
-4.0,,-459.0,-421.0,71.0,125.0,364.0,201.0,-425.0,522.0
-46.0,,-465.0,-477.0,99.0,31.0,369.0,339.0,-396.0,482.0
-86.0,,-481.0,-522.0,153.0,-27.0,359.0,42.0,-356.0,445.0
-123.0,,-508.0,-492.0,215.0,19.0,367.0,341.0,-301.0,406.0
-168.0,,-468.0,-441.0,270.0,22.0,364.0,18.0,-241.0,370.0
-166.0,,-449.0,-366.0,291.0,-37.0,355.0,168.0,-165.0,344.0
-146.0,,-417.0,-270.0,275.0,-81.0,361.0,190.0,-69.0,317.0
-169.0,,-345.0,-163.0,209.0,-32.0,349.0,68.0,31.0,297.0
-168.0,,-299.0,-31.0,103.0,41.0,317.0,360.0,127.0,319.0
-162.0,,-235.0,113.0,4.0,-14.0,311.0,79.0,244.0,334.0
-177.0,,-180.0,263.0,-78.0,-139.0,312.0,351.0,346.0,357.0
-164.0,,-134.0,387.0,-162.0,-143.0,298.0,129.0,441.0,387.0
-138.0,,-91.0,461.0,-237.0,-119.0,286.0,173.0,524.0,388.0
-139.0,,-74.0,490.0,-255.0,-143.0,288.0,339.0,569.0,387.0
-125.0,,-60.0,446.0,-234.0,-156.0,279.0,142.0,599.0,381.0
-90.0,,-56.0,371.0,-233.0,-166.0,275.0,436.0,589.0,385.0
-68.0,,-31.0,305.0,-273.0,-186.0,278.0,27.0,566.0,366.0
-64.0,,-37.0,249.0,-353.0,-208.0,246.0,147.0,520.0,363.0
-58.0,,-18.0,234.0,-415.0,-186.0,213.0,64.0,432.0,358.0
-46.0,,26.0,214.0,-407.0,-158.0,194.0,-29.0,345.0,314.0
-47.0,,37.0,217.0,-329.0,-164.0,169.0,262.0,268.0,292.0
-49.0,,79.0,228.0,-217.0,-198.0,149.0,-14.0,202.0,252.0
-52.0,,98.0,203.0,-96.0,-196.0,137.0,266.0,134.0,223.0
-29.0,,155.0,223.0,20.0,-150.0,120.0,24.0,77.0,213.0
-13.0,,224.0,275.0,115.0,-125.0,94.0,68.0,56.0,202.0
-11.0,,278.0,318.0,161.0,-160.0,73.0,116.0,65.0,224.0
-3.0,,368.0,372.0,168.0,-175.0,62.0,-127.0,95.0,256.0
-4.0,,431.0,439.0,166.0,-121.0,52.0,134.0,143.0,295.0
13.0,,505.0,488.0,163.0,-112.0,23.0,-212.0,220.0,330.0
-3.0,,568.0,500.0,162.0,-139.0,9.0,16.0,302.0,362.0
-12.0,,600.0,480.0,167.0,-173.0,-6.0,-107.0,388.0,383.0
10.0,,627.0,442.0,156.0,-181.0,-48.0,-201.0,476.0,385.0
37.0,,653.0,372.0,101.0,-134.0,-69.0,-9.0,546.0,365.0
103.0,,631.0,321.0,66.0,-108.0,-65.0,-297.0,619.0,337.0
142.0,,606.0,304.0,96.0,-123.0,-54.0,73.0,692.0,317.0
163.0,,582.0,282.0,153.0,-141.0,-73.0,-147.0,746.0,286.0
235.0,,527.0,297.0,193.0,-121.0,-96.0,-31.0,780.0,258.0
321.0,,507.0,290.0,221.0,-81.0,-120.0,-11.0,787.0,243.0
366.0,,425.0,319.0,261.0,-74.0,-124.0,-258.0,760.0,227.0
401.0,,366.0,395.0,290.0,-31.0,-106.0,-16.0,682.0,224.0
445.0,,317.0,403.0,259.0,25.0,-95.0,-362.0,567.0,226.0
475.0,,235.0,422.0,171.0,-5.0,-64.0,-109.0,426.0,224.0
477.0,,196.0,459.0,81.0,-22.0,-70.0,-240.0,269.0,230.0
465.0,,130.0,486.0,27.0,19.0,-81.0,-251.0,114.0,244.0
477.0,,106.0,472.0,5.0,59.0,-68.0,-92.0,-29.0,258.0
481.0,,58.0,352.0,-9.0,79.0,-84.0,-436.0,-158.0,267.0
463.0,,9.0,255.0,4.0,77.0,-88.0,-155.0,-282.0,274.0
481.0,,-3.0,187.0,36.0,99.0,-78.0,-448.0,-399.0,272.0
522.0,,-67.0,59.0,26.0,135.0,-109.0,-338.0,-484.0,234.0
532.0,,-58.0,-54.0,-29.0,116.0,-156.0,-310.0,-535.0,170.0
538.0,,-76.0,-110.0,-80.0,108.0,-155.0,-410.0,-569.0,115.0
548.0,,-146.0,-132.0,-97.0,116.0,-150.0,-131.0,-589.0,76.0
559.0,,-128.0,-193.0,-101.0,106.0,-179.0,-423.0,-598.0,47.0
586.0,,-155.0,-269.0,-105.0,116.0,-205.0,-99.0,-602.0,23.0
576.0,,-204.0,-294.0,-96.0,119.0,-227.0,-282.0,-609.0,21.0
562.0,,-188.0,-290.0,-78.0,130.0,-246.0,-271.0,-609.0,44.0
585.0,,-221.0,-256.0,-55.0,133.0,-260.0,-142.0,-608.0,77.0
602.0,,-262.0,-206.0,-32.0,134.0,-289.0,-443.0,-603.0,142.0
586.0,,-255.0,-99.0,-20.0,125.0,-315.0,-192.0,-564.0,239.0
578.0,,-282.0,33.0,-51.0,129.0,-341.0,-604.0,-505.0,354.0
597.0,,-290.0,134.0,-127.0,166.0,-364.0,-528.0,-431.0,489.0
594.0,,-298.0,227.0,-177.0,152.0,-369.0,-639.0,-330.0,621.0
546.0,,-312.0,266.0,-162.0,153.0,-383.0,-702.0,-225.0,747.0
499.0,,-284.0,261.0,-107.0,172.0,-400.0,-328.0,-125.0,844.0
493.0,,-270.0,256.0,-69.0,177.0,-405.0,-569.0,-26.0,902.0
464.0,,-249.0,244.0,-72.0,161.0,-395.0,-243.0,47.0,932.0
407.0,,-198.0,201.0,-89.0,118.0,-381.0,-461.0,104.0,905.0
354.0,,-163.0,158.0,-123.0,113.0,-384.0,-375.0,159.0,854.0
308.0,,-145.0,155.0,-177.0,116.0,-394.0,-253.0,201.0,766.0
276.0,,-111.0,160.0,-206.0,127.0,-398.0,-487.0,232.0,655.0
214.0,,-108.0,118.0,-163.0,108.0,-422.0,-179.0,260.0,553.0
135.0,,-82.0,78.0,-65.0,88.0,-453.0,-504.0,273.0,453.0
91.0,,-71.0,96.0,27.0,108.0,-470.0,-249.0,279.0,381.0
66.0,,-113.0,118.0,53.0,124.0,-488.0,-275.0,302.0,337.0
19.0,,-98.0,173.0,21.0,125.0,-495.0,-358.0,323.0,333.0
-42.0,,-126.0,251.0,-34.0,86.0,-499.0,-160.0,346.0,330.0
-72.0,,-174.0,299.0,-82.0,79.0,-495.0,-463.0,357.0,365.0
-97.0,,-175.0,309.0,-111.0,87.0,-503.0,-181.0,350.0,414.0
-140.0,,-231.0,293.0,-139.0,89.0,-504.0,-380.0,358.0,454.0
-169.0,,-279.0,319.0,-171.0,79.0,-467.0,-197.0,354.0,523.0
-171.0,,-294.0,308.0,-194.0,62.0,-440.0,-107.0,316.0,569.0
-179.0,,-364.0,266.0,-171.0,98.0,-443.0,-295.0,286.0,606.0
-231.0,,-403.0,267.0,-110.0,117.0,-437.0,-48.0,266.0,628.0
-231.0,,-430.0,217.0,-66.0,145.0,-438.0,-386.0,229.0,643.0
-207.0,,-449.0,177.0,-59.0,146.0,-436.0,-162.0,202.0,638.0
-219.0,,-431.0,198.0,-76.0,89.0,-410.0,-267.0,175.0,627.0
-215.0,,-458.0,196.0,-108.0,81.0,-395.0,-206.0,133.0,635.0
-214.0,,-421.0,213.0,-144.0,100.0,-369.0,3.0,91.0,631.0
-189.0,,-387.0,213.0,-193.0,89.0,-359.0,-271.0,42.0,634.0
-174.0,,-365.0,160.0,-251.0,86.0,-369.0,27.0,-8.0,619.0
-154.0,,-314.0,125.0,-271.0,108.0,-380.0,-264.0,-52.0,623.0
-115.0,,-274.0,111.0,-217.0,85.0,-400.0,-112.0,-104.0,645.0
-86.0,,-208.0,54.0,-111.0,87.0,-419.0,-114.0,-162.0,649.0
-49.0,,-172.0,-55.0,-13.0,112.0,-439.0,-264.0,-217.0,657.0
-13.0,,-109.0,-97.0,29.0,96.0,-453.0,38.0,-265.0,645.0
26.0,,-75.0,-128.0,23.0,127.0,-482.0,-295.0,-293.0,606.0
60.0,,-35.0,-186.0,-23.0,162.0,-471.0,-68.0,-289.0,549.0
111.0,,32.0,-210.0,-108.0,144.0,-455.0,-253.0,-265.0,466.0
136.0,,52.0,-253.0,-180.0,114.0,-451.0,-219.0,-204.0,359.0
148.0,,99.0,-246.0,-192.0,127.0,-403.0,-86.0,-127.0,241.0
185.0,,121.0,-186.0,-134.0,125.0,-383.0,-343.0,-54.0,114.0
204.0,,178.0,-169.0,-32.0,145.0,-372.0,-22.0,29.0,-29.0
204.0,,178.0,-152.0,40.0,173.0,-358.0,-330.0,111.0,-159.0
216.0,,201.0,-90.0,50.0,129.0,-379.0,-149.0,201.0,-262.0
237.0,,258.0,-3.0,-4.0,98.0,-392.0,-232.0,282.0,-351.0
219.0,,206.0,45.0,-95.0,71.0,-373.0,-402.0,346.0,-407.0
191.0,,245.0,76.0,-180.0,102.0,-370.0,-171.0,393.0,-449.0
195.0,,224.0,107.0,-225.0,131.0,-400.0,-441.0,425.0,-459.0
214.0,,195.0,136.0,-221.0,110.0,-426.0,-62.0,463.0,-434.0
171.0,,204.0,176.0,-184.0,84.0,-429.0,-210.0,494.0,-414.0
144.0,,156.0,203.0,-117.0,81.0,-417.0,-160.0,534.0,-366.0
187.0,,151.0,258.0,-35.0,135.0,-418.0,-179.0,567.0,-303.0
204.0,,115.0,294.0,32.0,137.0,-408.0,-476.0,585.0,-231.0
205.0,,105.0,280.0,66.0,153.0,-405.0,-214.0,589.0,-155.0
211.0,,76.0,287.0,62.0,183.0,-394.0,-522.0,591.0,-89.0
258.0,,59.0,320.0,25.0,187.0,-394.0,-214.0,573.0,-20.0
300.0,,73.0,361.0,-44.0,183.0,-414.0,-317.0,531.0,35.0
295.0,,58.0,362.0,-133.0,148.0,-392.0,-430.0,477.0,102.0
306.0,,58.0,359.0,-188.0,171.0,-394.0,-245.0,411.0,149.0
346.0,,44.0,365.0,-163.0,225.0,-442.0,-569.0,345.0,170.0
399.0,,61.0,300.0,-86.0,202.0,-457.0,-254.0,263.0,217.0
408.0,,60.0,259.0,-26.0,162.0,-433.0,-471.0,187.0,253.0
404.0,,60.0,273.0,-27.0,146.0,-440.0,-284.0,100.0,288.0
397.0,,94.0,212.0,-54.0,148.0,-430.0,-218.0,1.0,333.0
381.0,,78.0,154.0,-58.0,170.0,-388.0,-397.0,-88.0,370.0
379.0,,116.0,155.0,-36.0,152.0,-381.0,-151.0,-181.0,410.0
318.0,,126.0,141.0,2.0,155.0,-362.0,-502.0,-230.0,442.0
243.0,,117.0,162.0,51.0,187.0,-341.0,-229.0,-276.0,470.0
213.0,,176.0,212.0,101.0,212.0,-356.0,-384.0,-323.0,498.0
187.0,,168.0,225.0,135.0,228.0,-389.0,-347.0,-348.0,522.0
131.0,,206.0,217.0,157.0,220.0,-420.0,-166.0,-383.0,538.0
75.0,,236.0,186.0,174.0,202.0,-458.0,-450.0,-401.0,529.0
71.0,,238.0,173.0,149.0,201.0,-510.0,-125.0,-409.0,493.0
60.0,,283.0,182.0,74.0,208.0,-543.0,-430.0,-412.0,466.0
0.0,,282.0,166.0,-7.0,178.0,-536.0,-290.0,-408.0,440.0
-57.0,,296.0,180.0,-63.0,203.0,-545.0,-310.0,-399.0,405.0
-77.0,,306.0,233.0,-88.0,237.0,-571.0,-417.0,-366.0,385.0
-96.0,,333.0,251.0,-103.0,217.0,-569.0,-142.0,-343.0,369.0
-122.0,,344.0,252.0,-110.0,221.0,-599.0,-426.0,-308.0,357.0
-145.0,,319.0,271.0,-84.0,227.0,-615.0,-121.0,-262.0,332.0
-143.0,,331.0,267.0,-8.0,278.0,-604.0,-339.0,-220.0,291.0
-133.0,,340.0,225.0,104.0,299.0,-596.0,-319.0,-189.0,242.0
-157.0,,345.0,182.0,189.0,279.0,-574.0,-264.0,-167.0,169.0
-188.0,,356.0,146.0,205.0,321.0,-600.0,-537.0,-135.0,92.0
-194.0,,380.0,120.0,178.0,288.0,-610.0,-201.0,-111.0,14.0
-176.0,,420.0,86.0,142.0,214.0,-570.0,-482.0,-85.0,-70.0
-164.0,,441.0,57.0,110.0,240.0,-517.0,-253.0,-48.0,-139.0
-154.0,,468.0,83.0,60.0,289.0,-484.0,-288.0,-12.0,-188.0
-113.0,,515.0,76.0,-2.0,280.0,-469.0,-386.0,20.0,-235.0
-43.0,,538.0,32.0,-35.0,234.0,-454.0,-190.0,40.0,-249.0
4.0,,557.0,34.0,-11.0,229.0,-462.0,-489.0,56.0,-211.0
34.0,,583.0,30.0,54.0,244.0,-472.0,-140.0,77.0,-146.0
121.0,,587.0,44.0,119.0,250.0,-509.0,-290.0,107.0,-63.0
193.0,,572.0,51.0,154.0,262.0,-562.0,-168.0,148.0,20.0
213.0,,581.0,38.0,134.0,257.0,-597.0,-129.0,188.0,115.0
225.0,,555.0,58.0,75.0,334.0,-623.0,-367.0,215.0,207.0
256.0,,527.0,62.0,15.0,358.0,-661.0,-138.0,240.0,246.0
303.0,,511.0,47.0,-30.0,252.0,-678.0,-443.0,244.0,248.0
306.0,,459.0,49.0,-40.0,242.0,-667.0,-145.0,218.0,231.0
300.0,,432.0,107.0,-21.0,336.0,-642.0,-240.0,190.0,189.0
300.0,,393.0,186.0,-1.0,423.0,-582.0,-253.0,148.0,137.0
323.0,,352.0,252.0,7.0,375.0,-557.0,-94.0,104.0,85.0
328.0,,312.0,342.0,1.0,310.0,-536.0,-437.0,61.0,21.0
270.0,,283.0,425.0,-17.0,364.0,-490.0,-140.0,16.0,-47.0
254.0,,267.0,437.0,-47.0,386.0,-447.0,-389.0,-26.0,-115.0
256.0,,251.0,415.0,-77.0,352.0,-404.0,-227.0,-78.0,-165.0
252.0,,241.0,390.0,-89.0,309.0,-400.0,-166.0,-125.0,-216.0
234.0,,183.0,339.0,-96.0,292.0,-395.0,-295.0,-153.0,-275.0
218.0,,154.0,275.0,-88.0,375.0,-398.0,-16.0,-166.0,-325.0
232.0,,116.0,207.0,-42.0,430.0,-406.0,-408.0,-166.0,-404.0
204.0,,66.0,134.0,-9.0,425.0,-373.0,-203.0,-138.0,-479.0
191.0,,69.0,35.0,-51.0,427.0,-344.0,-341.0,-100.0,-550.0
196.0,,2.0,-34.0,-142.0,432.0,-334.0,-301.0,-61.0,-647.0
202.0,,-25.0,-67.0,-181.0,496.0,-327.0,-123.0,-28.0,-720.0
201.0,,-23.0,-64.0,-131.0,473.0,-282.0,-424.0,0.0,-766.0
192.0,,-70.0,-11.0,-45.0,411.0,-229.0,-140.0,17.0,-813.0
208.0,,-55.0,51.0,44.0,446.0,-205.0,-419.0,40.0,-823.0
172.0,,-59.0,122.0,112.0,468.0,-174.0,-236.0,83.0,-800.0
153.0,,-32.0,183.0,135.0,415.0,-130.0,-223.0,101.0,-782.0
168.0,,3.0,241.0,102.0,371.0,-101.0,-321.0,128.0,-740.0
164.0,,23.0,302.0,46.0,415.0,-89.0,-25.0,139.0,-654.0
146.0,,96.0,379.0,14.0,461.0,-79.0,-339.0,125.0,-543.0
134.0,,120.0,415.0,13.0,463.0,-66.0,-64.0,120.0,-421.0
182.0,,182.0,401.0,38.0,420.0,-36.0,-219.0,106.0,-294.0
226.0,,251.0,409.0,84.0,389.0,-21.0,-103.0,100.0,-175.0
252.0,,311.0,368.0,139.0,381.0,-22.0,51.0,81.0,-56.0
290.0,,381.0,272.0,187.0,375.0,-21.0,-199.0,72.0,69.0
349.0,,426.0,178.0,197.0,376.0,-43.0,66.0,74.0,191.0
405.0,,486.0,55.0,161.0,331.0,-56.0,-240.0,67.0,295.0
430.0,,520.0,-52.0,100.0,317.0,-40.0,33.0,60.0,384.0
460.0,,546.0,-112.0,2.0,317.0,-34.0,-18.0,33.0,463.0
506.0,,551.0,-176.0,-119.0,286.0,-38.0,-160.0,16.0,520.0
556.0,,558.0,-215.0,-207.0,281.0,-23.0,-14.0,0.0,545.0
568.0,,533.0,-259.0,-250.0,261.0,-26.0,-415.0,-19.0,518.0
579.0,,516.0,-300.0,-279.0,240.0,-49.0,-155.0,-42.0,478.0
594.0,,487.0,-256.0,-310.0,211.0,-61.0,-365.0,-54.0,418.0
574.0,,400.0,-197.0,-320.0,179.0,-51.0,-212.0,-46.0,345.0
542.0,,345.0,-163.0,-329.0,169.0,-49.0,-105.0,-41.0,273.0
499.0,,251.0,-136.0,-352.0,127.0,-62.0,-312.0,-29.0,193.0
499.0,,171.0,-93.0,-373.0,108.0,-55.0,-49.0,-21.0,134.0
485.0,,87.0,-27.0,-382.0,119.0,-43.0,-404.0,-3.0,70.0
427.0,,14.0,-33.0,-371.0,131.0,-49.0,-133.0,11.0,-11.0
396.0,,-60.0,10.0,-313.0,102.0,-48.0,-249.0,18.0,-65.0
374.0,,-117.0,112.0,-192.0,24.0,0.0,-290.0,18.0,-89.0
350.0,,-134.0,109.0,-70.0,35.0,29.0,-99.0,0.0,-128.0
303.0,,-165.0,129.0,-14.0,86.0,6.0,-437.0,-21.0,-155.0
251.0,,-154.0,143.0,-22.0,110.0,17.0,-158.0,-54.0,-182.0
242.0,,-155.0,107.0,-32.0,68.0,24.0,-432.0,-89.0,-224.0
233.0,,-94.0,87.0,-5.0,-5.0,18.0,-295.0,-132.0,-242.0
183.0,,-82.0,103.0,44.0,-16.0,34.0,-319.0,-181.0,-272.0
139.0,,-27.0,142.0,105.0,-24.0,26.0,-524.0,-229.0,-306.0
150.0,,52.0,166.0,163.0,-20.0,12.0,-262.0,-254.0,-318.0
146.0,,64.0,229.0,209.0,-4.0,14.0,-582.0,-247.0,-333.0
103.0,,160.0,240.0,249.0,58.0,27.0,-286.0,-216.0,-361.0
86.0,,204.0,204.0,261.0,44.0,-18.0,-450.0,-166.0,-396.0
106.0,,246.0,205.0,237.0,-67.0,-65.0,-421.0,-118.0,-429.0
118.0,,297.0,167.0,197.0,-91.0,-71.0,-229.0,-58.0,-451.0
70.0,,359.0,141.0,152.0,-27.0,-86.0,-474.0,-6.0,-479.0
5.0,,370.0,147.0,122.0,19.0,-101.0,-158.0,48.0,-499.0
27.0,,385.0,131.0,100.0,-30.0,-133.0,-491.0,106.0,-499.0
56.0,,429.0,150.0,77.0,-77.0,-136.0,-386.0,163.0,-502.0
17.0,,416.0,169.0,82.0,-108.0,-159.0,-424.0,203.0,-506.0
-19.0,,453.0,160.0,115.0,-81.0,-196.0,-519.0,216.0,-533.0
-29.0,,466.0,201.0,133.0,-81.0,-212.0,-258.0,235.0,-567.0
-38.0,,462.0,242.0,128.0,-139.0,-245.0,-587.0,230.0,-597.0
-81.0,,480.0,256.0,126.0,-93.0,-258.0,-341.0,209.0,-627.0
-121.0,,478.0,263.0,127.0,-81.0,-254.0,-574.0,183.0,-661.0
-109.0,,482.0,269.0,108.0,-156.0,-252.0,-485.0,151.0,-678.0
-92.0,,502.0,284.0,85.0,-208.0,-255.0,-271.0,115.0,-681.0
-112.0,,468.0,275.0,95.0,-173.0,-255.0,-400.0,88.0,-710.0
-132.0,,474.0,258.0,151.0,-164.0,-250.0,-40.0,45.0,-726.0
-111.0,,474.0,244.0,198.0,-234.0,-229.0,-286.0,-4.0,-733.0
-78.0,,409.0,221.0,202.0,-265.0,-202.0,-38.0,-57.0,-733.0
-96.0,,401.0,176.0,199.0,-231.0,-177.0,-121.0,-140.0,-700.0
-122.0,,366.0,123.0,187.0,-226.0,-141.0,-218.0,-218.0,-663.0
-77.0,,318.0,96.0,160.0,-305.0,-141.0,-5.0,-276.0,-621.0
-42.0,,299.0,5.0,110.0,-318.0,-163.0,-330.0,-302.0,-566.0
-79.0,,282.0,-93.0,35.0,-302.0,-174.0,-72.0,-321.0,-524.0
-123.0,,259.0,-162.0,2.0,-309.0,-181.0,-327.0,-328.0,-512.0
-123.0,,232.0,-282.0,26.0,-340.0,-157.0,-227.0,-328.0,-541.0
-116.0,,233.0,-402.0,65.0,-428.0,-121.0,-110.0,-342.0,-602.0
-176.0,,209.0,-464.0,92.0,-459.0,-121.0,-214.0,-332.0,-686.0
-268.0,,201.0,-470.0,117.0,-437.0,-147.0,157.0,-339.0,-811.0
-292.0,,216.0,-440.0,132.0,-449.0,-176.0,-83.0,-348.0,-929.0
-286.0,,188.0,-410.0,62.0,-520.0,-183.0,229.0,-339.0,-996.0
-337.0,,200.0,-418.0,-62.0,-552.0,-185.0,153.0,-327.0,-1081.0
-383.0,,195.0,-375.0,-137.0,-485.0,-166.0,184.0,-305.0,-1159.0
-345.0,,184.0,-275.0,-156.0,-473.0,-129.0,406.0,-267.0,-1178.0
-281.0,,154.0,-197.0,-156.0,-550.0,-110.0,101.0,-217.0,-1180.0
-273.0,,141.0,-89.0,-114.0,-581.0,-104.0,395.0,-154.0,-1162.0
-283.0,,144.0,31.0,-2.0,-509.0,-125.0,105.0,-100.0,-1126.0
-234.0,,85.0,131.0,122.0,-510.0,-138.0,212.0,-64.0,-1063.0
-174.0,,79.0,217.0,213.0,-643.0,-107.0,206.0,-27.0,-977.0
-174.0,,27.0,285.0,281.0,-680.0,-69.0,70.0,-16.0,-860.0
-181.0,,0.0,305.0,332.0,-615.0,-48.0,380.0,-23.0,-733.0
-132.0,,-12.0,320.0,356.0,-602.0,-49.0,99.0,-37.0,-607.0
-52.0,,-45.0,330.0,341.0,-696.0,-55.0,432.0,-77.0,-461.0
-1.0,,-68.0,245.0,317.0,-747.0,-59.0,319.0,-129.0,-342.0
33.0,,-85.0,166.0,322.0,-679.0,-24.0,393.0,-184.0,-235.0
113.0,,-99.0,113.0,365.0,-692.0,42.0,563.0,-245.0,-153.0
191.0,,-154.0,27.0,399.0,-753.0,78.0,242.0,-296.0,-72.0
229.0,,-129.0,-14.0,365.0,-805.0,99.0,473.0,-368.0,-14.0
216.0,,-167.0,-30.0,265.0,-775.0,112.0,99.0,-447.0,-5.0
217.0,,-180.0,-59.0,138.0,-721.0,102.0,279.0,-499.0,-9.0
232.0,,-182.0,-91.0,27.0,-780.0,97.0,378.0,-548.0,-51.0
208.0,,-186.0,-100.0,-53.0,-797.0,126.0,380.0,-569.0,-62.0
175.0,,-140.0,-76.0,-86.0,-753.0,151.0,681.0,-565.0,-93.0
141.0,,-151.0,-75.0,-56.0,-706.0,167.0,380.0,-540.0,-164.0
130.0,,-101.0,-70.0,3.0,-740.0,199.0,646.0,-482.0,-203.0
93.0,,-82.0,-47.0,54.0,-790.0,196.0,413.0,-409.0,-258.0
39.0,,-68.0,-57.0,75.0,-766.0,204.0,485.0,-326.0,-324.0
-4.0,,-45.0,-51.0,65.0,-721.0,229.0,622.0,-247.0,-389.0
-25.0,,-22.0,-56.0,19.0,-733.0,240.0,426.0,-164.0,-450.0
-59.0,,-30.0,-69.0,-76.0,-820.0,249.0,691.0,-83.0,-491.0
-117.0,,-51.0,-67.0,-195.0,-809.0,227.0,308.0,-23.0,-504.0
-98.0,,-30.0,-104.0,-262.0,-751.0,219.0,482.0,17.0,-509.0
-81.0,,-101.0,-144.0,-240.0,-769.0,211.0,386.0,54.0,-493.0
-96.0,,-106.0,-225.0,-165.0,-793.0,201.0,365.0,91.0,-457.0
-115.0,,-144.0,-304.0,-108.0,-761.0,189.0,615.0,127.0,-431.0
-76.0,,-208.0,-322.0,-113.0,-690.0,163.0,343.0,150.0,-369.0
-6.0,,-208.0,-321.0,-169.0,-656.0,160.0,644.0,169.0,-285.0
-11.0,,-293.0,-301.0,-256.0,-751.0,135.0,382.0,188.0,-191.0
-41.0,,-286.0,-260.0,-329.0,-781.0,123.0,456.0,187.0,-108.0
-28.0,,-286.0,-197.0,-352.0,-661.0,133.0,430.0,186.0,-80.0
45.0,,-328.0,-183.0,-299.0,-653.0,141.0,267.0,168.0,-90.0
69.0,,-287.0,-200.0,-148.0,-717.0,166.0,558.0,138.0,-131.0
40.0,,-277.0,-186.0,53.0,-724.0,195.0,208.0,93.0,-204.0
53.0,,-255.0,-171.0,225.0,-682.0,215.0,424.0,20.0,-303.0
106.0,,-216.0,-178.0,287.0,-678.0,219.0,194.0,-40.0,-406.0
140.0,,-159.0,-197.0,209.0,-759.0,223.0,121.0,-110.0,-513.0
113.0,,-125.0,-190.0,62.0,-763.0,201.0,269.0,-178.0,-627.0
82.0,,-107.0,-155.0,-59.0,-700.0,193.0,36.0,-235.0,-713.0
104.0,,-43.0,-146.0,-137.0,-696.0,196.0,404.0,-285.0,-776.0
155.0,,-40.0,-147.0,-192.0,-705.0,145.0,173.0,-320.0,-809.0
136.0,,1.0,-72.0,-215.0,-709.0,98.0,373.0,-358.0,-798.0
81.0,,21.0,5.0,-174.0,-697.0,94.0,345.0,-393.0,-759.0
65.0,,9.0,23.0,-59.0,-659.0,112.0,208.0,-415.0,-683.0
54.0,,16.0,71.0,82.0,-636.0,114.0,521.0,-416.0,-588.0
24.0,,-13.0,141.0,195.0,-626.0,126.0,275.0,-403.0,-483.0
-2.0,,12.0,178.0,225.0,-634.0,155.0,594.0,-375.0,-382.0
-33.0,,-10.0,214.0,140.0,-692.0,149.0,415.0,-330.0,-321.0
-35.0,,-30.0,210.0,-12.0,-742.0,140.0,460.0,-263.0,-287.0
-34.0,,-45.0,139.0,-158.0,-634.0,141.0,543.0,-200.0,-282.0
-78.0,,-79.0,64.0,-253.0,-536.0,154.0,212.0,-149.0,-316.0
-137.0,,-87.0,-32.0,-306.0,-602.0,156.0,450.0,-106.0,-390.0
-205.0,,-157.0,-166.0,-305.0,-656.0,157.0,134.0,-61.0,-498.0
-225.0,,-172.0,-273.0,-195.0,-639.0,180.0,360.0,-12.0,-616.0
-254.0,,-187.0,-340.0,-12.0,-577.0,170.0,352.0,17.0,-737.0
-279.0,,-241.0,-390.0,131.0,-531.0,160.0,273.0,62.0,-841.0
-292.0,,-275.0,-430.0,147.0,-569.0,167.0,439.0,96.0,-942.0
-334.0,,-314.0,-437.0,67.0,-638.0,165.0,99.0,106.0,-1031.0
-363.0,,-356.0,-435.0,-24.0,-580.0,151.0,395.0,114.0,-1081.0
-382.0,,-414.0,-405.0,-79.0,-532.0,169.0,205.0,110.0,-1103.0
-404.0,,-433.0,-339.0,-59.0,-521.0,210.0,345.0,109.0,-1067.0
-447.0,,-451.0,-311.0,18.0,-440.0,211.0,450.0,83.0,-995.0
-449.0,,-488.0,-269.0,136.0,-420.0,216.0,249.0,38.0,-920.0
-434.0,,-455.0,-212.0,244.0,-404.0,253.0,508.0,-27.0,-817.0
-434.0,,-427.0,-211.0,227.0,-417.0,302.0,171.0,-103.0,-720.0
-448.0,,-411.0,-244.0,52.0,-434.0,296.0,376.0,-170.0,-643.0
-452.0,,-348.0,-263.0,-164.0,-402.0,291.0,232.0,-235.0,-563.0
-428.0,,-313.0,-267.0,-297.0,-368.0,319.0,182.0,-286.0,-522.0
-453.0,,-262.0,-273.0,-325.0,-341.0,296.0,410.0,-328.0,-493.0
-486.0,,-205.0,-253.0,-259.0,-336.0,260.0,181.0,-364.0,-433.0
-480.0,,-190.0,-233.0,-90.0,-293.0,236.0,556.0,-406.0,-394.0
-464.0,,-134.0,-202.0,158.0,-255.0,204.0,295.0,-454.0,-352.0
-471.0,,-125.0,-172.0,387.0,-257.0,154.0,356.0,-498.0,-312.0
-469.0,,-106.0,-145.0,464.0,-252.0,133.0,351.0,-515.0,-304.0
-458.0,,-55.0,-79.0,347.0,-187.0,134.0,136.0,-525.0,-296.0
-453.0,,-60.0,-55.0,149.0,-123.0,101.0,399.0,-538.0,-288.0
-453.0,,-41.0,-36.0,-23.0,-152.0,80.0,109.0,-518.0,-280.0
-455.0,,-52.0,0.0,-176.0,-199.0,55.0,408.0,-479.0,-270.0
-419.0,,-63.0,-24.0,-310.0,-164.0,56.0,269.0,-427.0,-220.0
-388.0,,-84.0,-114.0,-338.0,-100.0,68.0,240.0,-356.0,-151.0
-378.0,,-113.0,-229.0,-182.0,-100.0,55.0,373.0,-282.0,-52.0
-347.0,,-144.0,-299.0,68.0,-128.0,87.0,83.0,-203.0,117.0
-299.0,,-213.0,-382.0,263.0,-91.0,108.0,463.0,-125.0,295.0
-265.0,,-249.0,-478.0,315.0,-18.0,115.0,262.0,-65.0,464.0
-255.0,,-297.0,-537.0,251.0,3.0,130.0,478.0,-7.0,639.0
-253.0,,-344.0,-607.0,161.0,6.0,112.0,497.0,29.0,785.0
-230.0,,-371.0,-647.0,90.0,45.0,101.0,328.0,34.0,876.0
-205.0,,-364.0,-615.0,58.0,127.0,112.0,563.0,37.0,913.0
-201.0,,-386.0,-532.0,92.0,160.0,132.0,199.0,38.0,894.0
-203.0,,-386.0,-429.0,207.0,129.0,120.0,443.0,41.0,847.0
-193.0,,-344.0,-314.0,391.0,111.0,91.0,290.0,48.0,759.0
-161.0,,-336.0,-217.0,560.0,154.0,81.0,380.0,57.0,636.0
-155.0,,-288.0,-180.0,596.0,209.0,84.0,478.0,68.0,490.0
-162.0,,-250.0,-99.0,489.0,219.0,92.0,210.0,55.0,316.0
-159.0,,-197.0,-39.0,306.0,238.0,73.0,524.0,28.0,147.0
-154.0,,-155.0,-11.0,133.0,275.0,63.0,184.0,-19.0,4.0
-159.0,,-132.0,58.0,33.0,312.0,44.0,384.0,-83.0,-103.0
-189.0,,-100.0,89.0,11.0,330.0,15.0,336.0,-141.0,-199.0
-208.0,,-102.0,135.0,41.0,361.0,5.0,234.0,-209.0,-265.0
-214.0,,-106.0,167.0,65.0,427.0,-19.0,430.0,-282.0,-302.0
-201.0,,-156.0,175.0,43.0,465.0,-24.0,99.0,-350.0,-349.0
-175.0,,-211.0,167.0,-45.0,428.0,-12.0,395.0,-403.0,-370.0
-148.0,,-247.0,114.0,-179.0,401.0,-14.0,171.0,-436.0,-339.0
-97.0,,-304.0,31.0,-285.0,488.0,-14.0,267.0,-463.0,-295.0
-36.0,,-351.0,-54.0,-322.0,592.0,-12.0,327.0,-475.0,-228.0
-12.0,,-415.0,-98.0,-281.0,601.0,6.0,94.0,-464.0,-141.0
20.0,,-446.0,-192.0,-172.0,575.0,13.0,345.0,-432.0,-64.0
51.0,,-479.0,-253.0,-54.0,607.0,1.0,-35.0,-379.0,-3.0
74.0,,-534.0,-237.0,7.0,634.0,-8.0,147.0,-310.0,54.0
102.0,,-528.0,-221.0,18.0,591.0,-42.0,62.0,-220.0,82.0
125.0,,-554.0,-190.0,-19.0,551.0,-70.0,62.0,-117.0,78.0
162.0,,-543.0,-191.0,-107.0,530.0,-76.0,279.0,-34.0,66.0
137.0,,-484.0,-189.0,-219.0,577.0,-76.0,9.0,53.0,46.0
121.0,,-484.0,-169.0,-313.0,641.0,-85.0,310.0,140.0,7.0
143.0,,-441.0,-161.0,-301.0,653.0,-100.0,35.0,220.0,-71.0
133.0,,-377.0,-140.0,-158.0,661.0,-77.0,147.0,288.0,-158.0
95.0,,-367.0,-110.0,68.0,664.0,-43.0,142.0,348.0,-250.0
49.0,,-321.0,-83.0,294.0,667.0,-33.0,-33.0,416.0,-337.0
48.0,,-293.0,-94.0,440.0,638.0,-27.0,240.0,476.0,-414.0
62.0,,-276.0,-156.0,488.0,661.0,20.0,-94.0,547.0,-476.0
35.0,,-267.0,-198.0,425.0,674.0,59.0,179.0,605.0,-483.0
-25.0,,-302.0,-263.0,263.0,635.0,71.0,-12.0,660.0,-458.0
-52.0,,-282.0,-380.0,56.0,628.0,94.0,-81.0,713.0,-391.0
-58.0,,-325.0,-483.0,-99.0,606.0,88.0,62.0,737.0,-300.0
-107.0,,-344.0,-581.0,-154.0,632.0,108.0,-160.0,740.0,-198.0
-191.0,,-343.0,-649.0,-140.0,623.0,142.0,208.0,712.0,-103.0
-238.0,,-394.0,-648.0,-100.0,574.0,150.0,-57.0,653.0,-22.0
-238.0,,-393.0,-583.0,-67.0,569.0,186.0,99.0,550.0,57.0
-236.0,,-411.0,-503.0,-58.0,621.0,235.0,64.0,435.0,106.0
-239.0,,-409.0,-449.0,-91.0,629.0,275.0,-66.0,345.0,173.0
-250.0,,-407.0,-395.0,-164.0,610.0,277.0,179.0,267.0,244.0
-215.0,,-394.0,-379.0,-226.0,674.0,290.0,-129.0,202.0,299.0
-166.0,,-375.0,-390.0,-199.0,644.0,306.0,153.0,168.0,347.0
-149.0,,-384.0,-397.0,-82.0,600.0,279.0,-64.0,146.0,373.0
-151.0,,-345.0,-430.0,26.0,554.0,244.0,1.0,110.0,392.0
-106.0,,-320.0,-435.0,41.0,542.0,208.0,145.0,78.0,383.0
-6.0,,-319.0,-417.0,-27.0,607.0,174.0,-88.0,41.0,356.0
31.0,,-291.0,-420.0,-97.0,586.0,132.0,249.0,-4.0,324.0
74.0,,-285.0,-460.0,-146.0,561.0,127.0,-36.0,-47.0,286.0
159.0,,-265.0,-474.0,-191.0,522.0,137.0,145.0,-93.0,232.0
248.0,,-252.0,-403.0,-230.0,478.0,141.0,60.0,-125.0,166.0
296.0,,-259.0,-335.0,-217.0,417.0,163.0,-59.0,-128.0,108.0
291.0,,-220.0,-281.0,-109.0,371.0,182.0,179.0,-121.0,37.0
301.0,,-232.0,-252.0,40.0,403.0,197.0,-105.0,-108.0,-22.0
308.0,,-229.0,-222.0,146.0,420.0,193.0,169.0,-108.0,-41.0
288.0,,-238.0,-133.0,191.0,387.0,211.0,-97.0,-113.0,-29.0
241.0,,-251.0,-49.0,188.0,319.0,213.0,-83.0,-113.0,33.0
205.0,,-253.0,-3.0,145.0,300.0,193.0,-66.0,-129.0,162.0
165.0,,-287.0,40.0,95.0,293.0,183.0,-299.0,-163.0,327.0
90.0,,-268.0,83.0,38.0,273.0,176.0,1.0,-206.0,513.0
7.0,,-296.0,54.0,-7.0,296.0,175.0,-280.0,-246.0,685.0
-65.0,,-282.0,-13.0,-15.0,301.0,172.0,0.0,-272.0,832.0
-116.0,,-273.0,-67.0,-24.0,310.0,191.0,-107.0,-275.0,954.0
-190.0,,-291.0,-98.0,-86.0,311.0,172.0,-155.0,-268.0,1028.0
-264.0,,-254.0,-83.0,-212.0,237.0,115.0,72.0,-261.0,1071.0
-284.0,,-261.0,-76.0,-353.0,164.0,80.0,-267.0,-275.0,1070.0
-297.0,,-257.0,-103.0,-457.0,146.0,65.0,-42.0,-285.0,1032.0
-343.0,,-239.0,-121.0,-494.0,169.0,26.0,-393.0,-265.0,968.0
-376.0,,-243.0,-108.0,-423.0,150.0,-31.0,-325.0,-242.0,897.0
-337.0,,-210.0,-107.0,-279.0,107.0,-49.0,-249.0,-191.0,861.0
-303.0,,-191.0,-148.0,-155.0,95.0,-53.0,-327.0,-148.0,840.0
-323.0,,-215.0,-211.0,-72.0,91.0,-48.0,31.0,-130.0,836.0
-319.0,,-204.0,-239.0,10.0,130.0,-43.0,-234.0,-112.0,824.0
-256.0,,-212.0,-263.0,88.0,140.0,-18.0,35.0,-100.0,808.0
-178.0,,-243.0,-301.0,122.0,155.0,25.0,-169.0,-85.0,821.0
-126.0,,-240.0,-328.0,94.0,185.0,45.0,-206.0,-60.0,826.0
-66.0,,-212.0,-357.0,33.0,168.0,65.0,-35.0,-32.0,845.0
12.0,,-199.0,-374.0,-3.0,217.0,95.0,-284.0,2.0,871.0
89.0,,-188.0,-395.0,25.0,306.0,113.0,60.0,46.0,861.0
164.0,,-145.0,-446.0,74.0,354.0,119.0,-203.0,85.0,820.0
205.0,,-130.0,-518.0,77.0,314.0,129.0,-59.0,121.0,765.0
234.0,,-87.0,-539.0,24.0,267.0,105.0,-103.0,128.0,669.0
253.0,,-31.0,-506.0,-55.0,344.0,45.0,-243.0,114.0,555.0
233.0,,-10.0,-510.0,-93.0,396.0,-7.0,33.0,100.0,453.0
203.0,,57.0,-503.0,-59.0,381.0,-32.0,-299.0,76.0,346.0
177.0,,110.0,-469.0,69.0,362.0,-70.0,38.0,60.0,291.0
183.0,,142.0,-449.0,289.0,365.0,-127.0,-59.0,59.0,269.0
164.0,,169.0,-390.0,485.0,396.0,-169.0,29.0,56.0,267.0
106.0,,208.0,-317.0,553.0,373.0,-214.0,201.0,49.0,300.0
87.0,,243.0,-235.0,480.0,310.0,-236.0,-86.0,50.0,338.0
76.0,,240.0,-148.0,319.0,319.0,-235.0,166.0,49.0,368.0
30.0,,251.0,-96.0,102.0,404.0,-199.0,-149.0,32.0,398.0
-33.0,,254.0,-6.0,-120.0,397.0,-169.0,20.0,13.0,425.0
-36.0,,230.0,58.0,-248.0,327.0,-162.0,-40.0,-20.0,434.0
-19.0,,190.0,62.0,-219.0,383.0,-129.0,-116.0,-70.0,459.0
-45.0,,153.0,58.0,-57.0,503.0,-110.0,127.0,-130.0,496.0
-68.0,,107.0,43.0,113.0,494.0,-93.0,-194.0,-187.0,533.0
-54.0,,92.0,54.0,194.0,423.0,-78.0,114.0,-218.0,574.0
3.0,,58.0,42.0,175.0,473.0,-91.0,-84.0,-218.0,605.0
19.0,,41.0,0.0,64.0,586.0,-101.0,3.0,-193.0,621.0
40.0,,41.0,-65.0,-67.0,628.0,-91.0,112.0,-164.0,630.0
112.0,,24.0,-141.0,-144.0,580.0,-74.0,-83.0,-132.0,612.0
181.0,,53.0,-202.0,-134.0,515.0,-87.0,251.0,-94.0,580.0
249.0,,44.0,-283.0,-9.0,505.0,-98.0,-57.0,-68.0,539.0
277.0,,58.0,-332.0,155.0,490.0,-53.0,164.0,-60.0,466.0
320.0,,101.0,-333.0,253.0,413.0,-39.0,118.0,-56.0,392.0
398.0,,119.0,-340.0,277.0,392.0,-45.0,92.0,-37.0,315.0
467.0,,153.0,-352.0,250.0,433.0,-31.0,293.0,-19.0,259.0
527.0,,200.0,-341.0,197.0,448.0,-42.0,1.0,-8.0,223.0
553.0,,242.0,-333.0,149.0,370.0,-63.0,338.0,-7.0,171.0
600.0,,289.0,-311.0,127.0,283.0,-94.0,84.0,-32.0,148.0
617.0,,317.0,-262.0,137.0,354.0,-91.0,157.0,-80.0,130.0
587.0,,331.0,-239.0,172.0,427.0,-79.0,157.0,-141.0,107.0
570.0,,370.0,-221.0,226.0,388.0,-71.0,-73.0,-212.0,97.0
555.0,,383.0,-184.0,248.0,300.0,-34.0,256.0,-272.0,84.0
556.0,,375.0,-138.0,177.0,290.0,-34.0,-46.0,-309.0,74.0
518.0,,403.0,-122.0,22.0,356.0,-40.0,179.0,-320.0,38.0
473.0,,401.0,-103.0,-130.0,362.0,-15.0,49.0,-302.0,-25.0
455.0,,395.0,-72.0,-205.0,335.0,-25.0,-9.0,-267.0,-105.0
441.0,,398.0,-86.0,-219.0,357.0,-52.0,208.0,-224.0,-201.0
437.0,,332.0,-100.0,-210.0,381.0,-67.0,-29.0,-195.0,-284.0
406.0,,327.0,-124.0,-194.0,308.0,-101.0,336.0,-181.0,-342.0
384.0,,308.0,-161.0,-205.0,240.0,-144.0,114.0,-168.0,-382.0
383.0,,236.0,-184.0,-239.0,239.0,-172.0,254.0,-173.0,-437.0
353.0,,218.0,-237.0,-262.0,250.0,-187.0,277.0,-180.0,-489.0
305.0,,185.0,-303.0,-286.0,175.0,-213.0,38.0,-176.0,-527.0
268.0,,145.0,-384.0,-311.0,25.0,-229.0,245.0,-175.0,-600.0
219.0,,130.0,-462.0,-320.0,-28.0,-240.0,-121.0,-156.0,-673.0
160.0,,104.0,-487.0,-316.0,0.0,-246.0,173.0,-115.0,-718.0
83.0,,50.0,-495.0,-302.0,31.0,-228.0,84.0,-55.0,-779.0
21.0,,56.0,-497.0,-290.0,25.0,-234.0,112.0,-8.0,-830.0
-13.0,,22.0,-484.0,-291.0,21.0,-255.0,251.0,29.0,-851.0
-60.0,,-21.0,-447.0,-312.0,27.0,-281.0,-129.0,81.0,-837.0
-78.0,,-8.0,-363.0,-338.0,10.0,-292.0,140.0,121.0,-804.0
-81.0,,-36.0,-293.0,-341.0,-13.0,-269.0,-179.0,151.0,-776.0
-60.0,,-51.0,-254.0,-339.0,0.0,-274.0,3.0,178.0,-747.0
-46.0,,-41.0,-179.0,-301.0,52.0,-305.0,36.0,213.0,-736.0
-70.0,,-32.0,-82.0,-196.0,31.0,-321.0,-181.0,255.0,-715.0
-57.0,,-34.0,-22.0,-72.0,-2.0,-317.0,29.0,330.0,-696.0
-35.0,,-36.0,12.0,36.0,-36.0,-315.0,-341.0,410.0,-674.0
-49.0,,2.0,32.0,84.0,-77.0,-330.0,-105.0,464.0,-659.0
-61.0,,30.0,15.0,58.0,-92.0,-326.0,-279.0,511.0,-668.0
-51.0,,23.0,-27.0,1.0,-121.0,-316.0,-245.0,532.0,-628.0
-39.0,,70.0,-117.0,-42.0,-95.0,-300.0,-97.0,522.0,-575.0
-44.0,,41.0,-200.0,-44.0,-52.0,-306.0,-354.0,475.0,-497.0
-62.0,,20.0,-252.0,-17.0,-110.0,-318.0,-70.0,426.0,-385.0
-63.0,,56.0,-368.0,17.0,-137.0,-291.0,-376.0,370.0,-262.0
-36.0,,-4.0,-413.0,38.0,-40.0,-281.0,-134.0,298.0,-105.0
-6.0,,1.0,-372.0,58.0,-33.0,-282.0,-73.0,212.0,43.0
0.0,,-21.0,-384.0,49.0,-78.0,-285.0,-162.0,112.0,147.0
2.0,,-42.0,-367.0,-36.0,-92.0,-270.0,75.0,14.0,213.0
41.0,,-21.0,-283.0,-153.0,-118.0,-255.0,-245.0,-100.0,237.0
79.0,,-63.0,-166.0,-234.0,-57.0,-261.0,51.0,-215.0,200.0
77.0,,-44.0,-55.0,-235.0,-83.0,-281.0,-171.0,-333.0,158.0
54.0,,-27.0,18.0,-193.0,-185.0,-324.0,-182.0,-433.0,118.0
63.0,,-38.0,79.0,-180.0,-214.0,-338.0,-145.0,-521.0,65.0
86.0,,-14.0,124.0,-210.0,-208.0,-362.0,-415.0,-599.0,42.0
90.0,,9.0,133.0,-254.0,-181.0,-403.0,-84.0,-647.0,15.0
107.0,,38.0,159.0,-302.0,-191.0,-440.0,-369.0,-700.0,-3.0
129.0,,86.0,176.0,-351.0,-223.0,-464.0,-105.0,-733.0,-38.0
162.0,,116.0,124.0,-385.0,-214.0,-472.0,-153.0,-758.0,-89.0
221.0,,147.0,100.0,-385.0,-214.0,-517.0,-258.0,-804.0,-123.0
261.0,,212.0,103.0,-330.0,-267.0,-548.0,-24.0,-840.0,-181.0
307.0,,226.0,96.0,-245.0,-242.0,-548.0,-258.0,-852.0,-243.0
377.0,,232.0,78.0,-183.0,-205.0,-550.0,155.0,-855.0,-307.0
435.0,,275.0,56.0,-162.0,-223.0,-546.0,-44.0,-832.0,-345.0
481.0,,271.0,79.0,-184.0,-237.0,-543.0,27.0,-762.0,-372.0
522.0,,303.0,138.0,-223.0,-267.0,-541.0,53.0,-659.0,-395.0
550.0,,305.0,217.0,-244.0,-304.0,-537.0,-184.0,-536.0,-356.0
564.0,,283.0,279.0,-212.0,-341.0,-498.0,123.0,-388.0,-300.0
552.0,,296.0,335.0,-128.0,-344.0,-493.0,-153.0,-226.0,-220.0
531.0,,254.0,395.0,-25.0,-342.0,-554.0,160.0,-80.0,-99.0
521.0,,240.0,464.0,61.0,-327.0,-605.0,120.0,37.0,22.0
525.0,,205.0,533.0,95.0,-319.0,-632.0,53.0,124.0,150.0
538.0,,165.0,569.0,92.0,-361.0,-652.0,182.0,169.0,280.0
524.0,,150.0,606.0,81.0,-429.0,-660.0,-175.0,187.0,386.0
508.0,,100.0,595.0,98.0,-435.0,-652.0,112.0,198.0,445.0
470.0,,81.0,550.0,153.0,-377.0,-667.0,-101.0,209.0,454.0
392.0,,65.0,519.0,206.0,-398.0,-685.0,97.0,241.0,428.0
326.0,,40.0,451.0,270.0,-447.0,-649.0,225.0,277.0,388.0
236.0,,47.0,394.0,371.0,-441.0,-577.0,75.0,299.0,337.0
112.0,,38.0,355.0,478.0,-396.0,-502.0,330.0,317.0,310.0
-12.0,,41.0,282.0,539.0,-396.0,-421.0,-36.0,320.0,332.0
-87.0,,71.0,212.0,522.0,-430.0,-347.0,218.0,286.0,362.0
-134.0,,88.0,96.0,418.0,-375.0,-328.0,62.0,235.0,415.0
-185.0,,118.0,-15.0,256.0,-313.0,-348.0,68.0,173.0,456.0
-212.0,,143.0,-57.0,123.0,-346.0,-324.0,334.0,123.0,487.0
-224.0,,162.0,-124.0,82.0,-428.0,-274.0,107.0,80.0,507.0
-202.0,,171.0,-183.0,109.0,-427.0,-273.0,474.0,23.0,491.0
-184.0,,187.0,-210.0,169.0,-398.0,-266.0,184.0,-18.0,494.0
-198.0,,181.0,-269.0,262.0,-451.0,-250.0,279.0,-36.0,446.0
-208.0,,155.0,-328.0,373.0,-498.0,-263.0,188.0,-46.0,369.0
-178.0,,146.0,-305.0,434.0,-500.0,-254.0,-81.0,-74.0,284.0
-144.0,,95.0,-317.0,387.0,-446.0,-229.0,158.0,-95.0,148.0
-157.0,,77.0,-366.0,271.0,-448.0,-203.0,-157.0,-106.0,-13.0
-172.0,,56.0,-418.0,156.0,-509.0,-168.0,192.0,-112.0,-164.0
-139.0,,-10.0,-515.0,88.0,-512.0,-135.0,38.0,-104.0,-257.0
-123.0,,-47.0,-512.0,70.0,-473.0,-127.0,-5.0,-96.0,-302.0
-170.0,,-93.0,-481.0,65.0,-423.0,-128.0,151.0,-76.0,-270.0
-193.0,,-134.0,-425.0,59.0,-440.0,-124.0,-99.0,-40.0,-168.0
-177.0,,-191.0,-388.0,35.0,-493.0,-99.0,240.0,-14.0,-47.0
-173.0,,-239.0,-352.0,-29.0,-494.0,-60.0,-1.0,-4.0,89.0
-175.0,,-284.0,-287.0,-115.0,-492.0,-38.0,216.0,20.0,191.0
-166.0,,-341.0,-315.0,-173.0,-533.0,0.0,201.0,45.0,236.0
-128.0,,-356.0,-263.0,-178.0,-527.0,5.0,24.0,66.0,247.0
-85.0,,-410.0,-250.0,-124.0,-485.0,-31.0,214.0,81.0,207.0
-69.0,,-418.0,-193.0,-16.0,-505.0,4.0,-197.0,84.0,144.0
-60.0,,-421.0,-86.0,123.0,-553.0,46.0,77.0,80.0,69.0
-18.0,,-459.0,-3.0,236.0,-534.0,58.0,-112.0,66.0,-10.0
48.0,,-449.0,114.0,249.0,-452.0,76.0,-114.0,54.0,-94.0
63.0,,-434.0,121.0,165.0,-431.0,107.0,42.0,23.0,-181.0
67.0,,-410.0,193.0,42.0,-473.0,148.0,-186.0,-5.0,-268.0
136.0,,-379.0,197.0,-38.0,-502.0,138.0,133.0,-31.0,-348.0
215.0,,-330.0,155.0,-47.0,-451.0,120.0,-162.0,-57.0,-392.0
245.0,,-299.0,168.0,-3.0,-442.0,165.0,24.0,-45.0,-430.0
261.0,,-236.0,103.0,63.0,-526.0,219.0,-9.0,-25.0,-449.0
326.0,,-174.0,58.0,125.0,-517.0,221.0,-107.0,-26.0,-458.0
366.0,,-135.0,29.0,177.0,-476.0,186.0,88.0,-37.0,-470.0
357.0,,-74.0,18.0,185.0,-479.0,171.0,-258.0,-35.0,-469.0
349.0,,-37.0,-44.0,124.0,-524.0,157.0,59.0,-25.0,-485.0
332.0,,21.0,-98.0,1.0,-553.0,162.0,-171.0,0.0,-505.0
331.0,,63.0,-145.0,-144.0,-510.0,209.0,-145.0,63.0,-538.0
328.0,,107.0,-248.0,-235.0,-528.0,225.0,-51.0,128.0,-566.0
294.0,,166.0,-313.0,-246.0,-585.0,231.0,-273.0,203.0,-596.0
238.0,,210.0,-417.0,-229.0,-575.0,235.0,29.0,267.0,-634.0
181.0,,256.0,-506.0,-187.0,-564.0,243.0,-286.0,287.0,-650.0
142.0,,288.0,-565.0,-135.0,-601.0,280.0,-103.0,285.0,-635.0
96.0,,319.0,-610.0,-122.0,-633.0,304.0,-171.0,263.0,-601.0
23.0,,317.0,-596.0,-137.0,-647.0,327.0,-169.0,232.0,-569.0
-33.0,,298.0,-593.0,-178.0,-650.0,336.0,101.0,201.0,-527.0
-71.0,,273.0,-550.0,-233.0,-647.0,331.0,-153.0,187.0,-501.0
-102.0,,232.0,-497.0,-275.0,-696.0,315.0,171.0,186.0,-492.0
-146.0,,183.0,-482.0,-294.0,-726.0,295.0,-103.0,191.0,-494.0
-197.0,,140.0,-433.0,-296.0,-727.0,308.0,-62.0,198.0,-503.0
-235.0,,108.0,-389.0,-292.0,-717.0,298.0,-55.0,202.0,-493.0
-270.0,,69.0,-352.0,-270.0,-715.0,259.0,-293.0,230.0,-458.0
-298.0,,16.0,-302.0,-227.0,-765.0,230.0,35.0,270.0,-416.0
-311.0,,-44.0,-310.0,-182.0,-717.0,209.0,-151.0,318.0,-370.0
-290.0,,-90.0,-337.0,-152.0,-705.0,203.0,168.0,373.0,-322.0
-255.0,,-187.0,-322.0,-131.0,-759.0,176.0,-27.0,429.0,-303.0
-210.0,,-236.0,-303.0,-130.0,-742.0,132.0,-79.0,474.0,-283.0
-153.0,,-309.0,-264.0,-149.0,-726.0,110.0,70.0,496.0,-279.0
-84.0,,-391.0,-220.0,-156.0,-715.0,109.0,-369.0,529.0,-286.0
-9.0,,-378.0,-195.0,-129.0,-766.0,127.0,-60.0,576.0,-291.0
17.0,,-441.0,-124.0,-58.0,-805.0,121.0,-260.0,605.0,-310.0
23.0,,-442.0,-74.0,24.0,-722.0,153.0,-103.0,609.0,-326.0
22.0,,-415.0,-39.0,93.0,-613.0,184.0,-103.0,591.0,-372.0
37.0,,-419.0,-10.0,125.0,-603.0,163.0,-367.0,564.0,-429.0
35.0,,-403.0,-13.0,105.0,-632.0,182.0,-168.0,520.0,-501.0
8.0,,-382.0,28.0,33.0,-610.0,193.0,-500.0,469.0,-585.0
26.0,,-353.0,29.0,-71.0,-528.0,179.0,-284.0,417.0,-665.0
26.0,,-319.0,8.0,-153.0,-459.0,162.0,-421.0,363.0,-749.0
21.0,,-262.0,23.0,-206.0,-485.0,174.0,-332.0,347.0,-814.0
40.0,,-233.0,58.0,-231.0,-474.0,170.0,-238.0,332.0,-850.0
53.0,,-163.0,97.0,-227.0,-409.0,123.0,-521.0,321.0,-838.0
35.0,,-94.0,108.0,-185.0,-391.0,99.0,-236.0,341.0,-785.0
5.0,,-48.0,154.0,-116.0,-396.0,79.0,-537.0,356.0,-718.0
34.0,,34.0,227.0,-42.0,-400.0,93.0,-291.0,343.0,-628.0
76.0,,95.0,280.0,24.0,-358.0,101.0,-291.0,316.0,-513.0
106.0,,170.0,314.0,65.0,-316.0,71.0,-412.0,286.0,-385.0
153.0,,239.0,371.0,82.0,-352.0,70.0,-151.0,234.0,-233.0
200.0,,274.0,430.0,74.0,-380.0,66.0,-550.0,184.0,-57.0
242.0,,363.0,438.0,82.0,-360.0,60.0,-354.0,144.0,129.0
280.0,,390.0,406.0,142.0,-341.0,55.0,-421.0,104.0,306.0
292.0,,384.0,391.0,232.0,-344.0,25.0,-336.0,56.0,456.0
282.0,,434.0,399.0,309.0,-328.0,-1.0,-199.0,-29.0,546.0
298.0,,395.0,370.0,353.0,-277.0,-21.0,-391.0,-128.0,601.0
332.0,,362.0,320.0,374.0,-273.0,-63.0,-81.0,-245.0,631.0
347.0,,382.0,255.0,349.0,-298.0,-85.0,-332.0,-370.0,650.0
355.0,,329.0,152.0,288.0,-279.0,-63.0,-306.0,-490.0,676.0
358.0,,299.0,48.0,217.0,-238.0,-63.0,-286.0,-593.0,722.0
374.0,,310.0,-69.0,159.0,-250.0,-71.0,-210.0,-663.0,827.0
380.0,,289.0,-167.0,144.0,-287.0,-62.0,103.0,-718.0,937.0
337.0,,261.0,-181.0,167.0,-281.0,-34.0,-97.0,-745.0,1042.0
315.0,,243.0,-216.0,212.0,-281.0,-3.0,33.0,-750.0,1118.0
304.0,,232.0,-270.0,230.0,-311.0,-7.0,-129.0,-735.0,1170.0
286.0,,182.0,-283.0,181.0,-340.0,-1.0,-14.0,-688.0,1212.0
255.0,,139.0,-297.0,87.0,-348.0,-14.0,-48.0,-629.0,1222.0
235.0,,84.0,-262.0,-26.0,-369.0,-32.0,-181.0,-542.0,1231.0
261.0,,69.0,-177.0,-122.0,-406.0,-21.0,221.0,-426.0,1224.0
255.0,,22.0,-98.0,-178.0,-448.0,-43.0,-101.0,-299.0,1208.0
246.0,,-52.0,-10.0,-196.0,-461.0,-67.0,210.0,-162.0,1152.0
257.0,,-45.0,89.0,-186.0,-404.0,-95.0,179.0,-42.0,1041.0
289.0,,-108.0,182.0,-171.0,-395.0,-98.0,-142.0,77.0,886.0
329.0,,-162.0,257.0,-151.0,-442.0,-71.0,144.0,193.0,685.0
322.0,,-191.0,311.0,-141.0,-416.0,-33.0,-173.0,270.0,498.0
330.0,,-232.0,316.0,-148.0,-343.0,35.0,12.0,323.0,343.0
359.0,,-286.0,318.0,-155.0,-325.0,85.0,-16.0,397.0,225.0
358.0,,-281.0,339.0,-139.0,-369.0,121.0,12.0,467.0,151.0
321.0,,-309.0,296.0,-82.0,-438.0,154.0,68.0,516.0,107.0
268.0,,-333.0,256.0,-7.0,-486.0,186.0,-151.0,539.0,93.0
249.0,,-273.0,216.0,53.0,-517.0,209.0,127.0,521.0,105.0
227.0,,-278.0,172.0,83.0,-583.0,224.0,-57.0,483.0,117.0
163.0,,-206.0,222.0,69.0,-569.0,243.0,127.0,416.0,118.0
117.0,,-166.0,228.0,10.0,-528.0,244.0,40.0,347.0,138.0
116.0,,-119.0,171.0,-53.0,-535.0,267.0,60.0,300.0,171.0
119.0,,-32.0,142.0,-95.0,-542.0,292.0,345.0,260.0,229.0
85.0,,0.0,114.0,-119.0,-574.0,270.0,31.0,225.0,325.0
47.0,,58.0,72.0,-109.0,-557.0,248.0,240.0,170.0,430.0
53.0,,131.0,13.0,-67.0,-522.0,271.0,27.0,102.0,567.0
62.0,,187.0,-28.0,-1.0,-530.0,316.0,118.0,18.0,695.0
43.0,,208.0,-39.0,61.0,-557.0,335.0,75.0,-90.0,798.0
29.0,,244.0,-45.0,78.0,-572.0,340.0,-66.0,-194.0,889.0
61.0,,277.0,-44.0,67.0,-560.0,392.0,184.0,-248.0,952.0
98.0,,325.0,-56.0,49.0,-548.0,434.0,-236.0,-262.0,1023.0
83.0,,332.0,-78.0,25.0,-547.0,412.0,81.0,-245.0,1087.0
48.0,,362.0,-74.0,-3.0,-549.0,402.0,-27.0,-193.0,1130.0
42.0,,373.0,-49.0,-52.0,-523.0,443.0,-68.0,-118.0,1119.0
70.0,,346.0,-60.0,-112.0,-536.0,481.0,112.0,-41.0,1053.0
68.0,,381.0,-110.0,-148.0,-597.0,489.0,-136.0,20.0,914.0
44.0,,358.0,-166.0,-155.0,-584.0,493.0,151.0,80.0,705.0
55.0,,350.0,-229.0,-141.0,-528.0,484.0,-177.0,132.0,479.0
72.0,,354.0,-271.0,-123.0,-540.0,504.0,-14.0,200.0,228.0
28.0,,321.0,-337.0,-89.0,-530.0,565.0,-60.0,296.0,-12.0
-27.0,,299.0,-407.0,-27.0,-506.0,607.0,-205.0,383.0,-238.0
-39.0,,292.0,-417.0,7.0,-524.0,619.0,70.0,470.0,-434.0
-58.0,,256.0,-442.0,-12.0,-523.0,574.0,-195.0,544.0,-573.0
-89.0,,272.0,-468.0,-72.0,-500.0,554.0,96.0,588.0,-667.0
-119.0,,271.0,-459.0,-144.0,-426.0,577.0,-234.0,587.0,-719.0
-127.0,,276.0,-471.0,-182.0,-422.0,589.0,-319.0,551.0,-736.0
-125.0,,298.0,-479.0,-151.0,-477.0,587.0,-164.0,524.0,-730.0
-156.0,,287.0,-409.0,-38.0,-460.0,596.0,-321.0,482.0,-708.0
-182.0,,348.0,-272.0,121.0,-449.0,605.0,-77.0,436.0,-660.0
-184.0,,329.0,-161.0,258.0,-449.0,589.0,-343.0,428.0,-593.0
-200.0,,353.0,-97.0,315.0,-451.0,624.0,-88.0,434.0,-486.0
-230.0,,376.0,38.0,267.0,-484.0,688.0,-251.0,416.0,-338.0
-239.0,,370.0,197.0,138.0,-500.0,723.0,-454.0,354.0,-165.0
-215.0,,398.0,258.0,-41.0,-441.0,730.0,-251.0,255.0,43.0
-175.0,,403.0,281.0,-214.0,-361.0,731.0,-419.0,143.0,267.0
-167.0,,441.0,236.0,-304.0,-330.0,710.0,-166.0,40.0,472.0
-136.0,,404.0,184.0,-296.0,-329.0,677.0,-365.0,-56.0,627.0
-81.0,,395.0,134.0,-209.0,-314.0,694.0,-127.0,-118.0,734.0
-29.0,,373.0,41.0,-97.0,-296.0,712.0,-186.0,-134.0,765.0
14.0,,323.0,32.0,4.0,-314.0,706.0,-397.0,-128.0,721.0
36.0,,308.0,27.0,70.0,-335.0,686.0,-110.0,-108.0,644.0
97.0,,278.0,21.0,63.0,-323.0,668.0,-606.0,-81.0,527.0
149.0,,258.0,59.0,18.0,-281.0,677.0,-339.0,-45.0,404.0
173.0,,232.0,49.0,-23.0,-258.0,681.0,-360.0,0.0,280.0
164.0,,213.0,25.0,-42.0,-280.0,665.0,-415.0,21.0,155.0
148.0,,174.0,68.0,-9.0,-274.0,627.0,-72.0,18.0,31.0
172.0,,146.0,188.0,85.0,-226.0,596.0,-310.0,31.0,-86.0
174.0,,89.0,290.0,196.0,-193.0,581.0,-157.0,35.0,-190.0
170.0,,37.0,342.0,268.0,-181.0,575.0,-424.0,32.0,-324.0
168.0,,40.0,405.0,268.0,-186.0,585.0,-367.0,38.0,-395.0
187.0,,14.0,444.0,201.0,-183.0,602.0,-288.0,31.0,-443.0
185.0,,5.0,431.0,125.0,-148.0,587.0,-279.0,38.0,-483.0
151.0,,13.0,424.0,98.0,-117.0,565.0,18.0,41.0,-454.0
129.0,,-12.0,378.0,127.0,-89.0,548.0,-267.0,49.0,-460.0
114.0,,-46.0,276.0,193.0,-10.0,525.0,-36.0,80.0,-400.0
121.0,,-53.0,176.0,263.0,26.0,529.0,-260.0,122.0,-331.0
127.0,,-87.0,3.0,303.0,3.0,517.0,-269.0,173.0,-315.0
149.0,,-101.0,-141.0,305.0,32.0,520.0,-79.0,231.0,-228.0
180.0,,-102.0,-186.0,273.0,79.0,525.0,-317.0,309.0,-142.0
221.0,,-98.0,-258.0,229.0,84.0,481.0,49.0,393.0,-24.0
250.0,,-63.0,-300.0,182.0,53.0,457.0,-216.0,477.0,99.0
233.0,,-84.0,-314.0,167.0,52.0,445.0,-35.0,557.0,192.0
226.0,,-61.0,-325.0,187.0,83.0,459.0,-22.0,618.0,295.0
223.0,,-50.0,-273.0,187.0,122.0,459.0,-195.0,669.0,341.0
207.0,,-54.0,-206.0,151.0,141.0,428.0,92.0,677.0,372.0
180.0,,-7.0,-148.0,84.0,180.0,401.0,-230.0,638.0,397.0
170.0,,-11.0,-103.0,16.0,248.0,356.0,40.0,597.0,404.0
171.0,,3.0,-52.0,-27.0,274.0,329.0,-149.0,541.0,459.0
171.0,,18.0,20.0,-24.0,292.0,323.0,-120.0,462.0,509.0
159.0,,26.0,91.0,47.0,268.0,328.0,14.0,379.0,546.0
144.0,,69.0,193.0,146.0,276.0,349.0,-249.0,296.0,598.0
159.0,,105.0,294.0,242.0,347.0,376.0,136.0,209.0,601.0
165.0,,121.0,347.0,329.0,327.0,380.0,-140.0,108.0,579.0
164.0,,150.0,370.0,387.0,301.0,373.0,-38.0,-2.0,529.0
166.0,,161.0,349.0,387.0,331.0,373.0,-182.0,-120.0,458.0
138.0,,106.0,325.0,320.0,369.0,350.0,-321.0,-223.0,394.0
84.0,,92.0,264.0,221.0,375.0,341.0,-44.0,-326.0,345.0
36.0,,48.0,139.0,129.0,321.0,357.0,-243.0,-408.0,359.0
-16.0,,-27.0,60.0,51.0,327.0,363.0,157.0,-437.0,398.0
-92.0,,-52.0,29.0,-23.0,412.0,339.0,-14.0,-439.0,449.0
-143.0,,-107.0,8.0,-92.0,425.0,331.0,147.0,-407.0,509.0
-190.0,,-155.0,-38.0,-139.0,338.0,327.0,208.0,-359.0,558.0
-256.0,,-172.0,-51.0,-160.0,312.0,328.0,-24.0,-313.0,657.0
-283.0,,-207.0,0.0,-159.0,344.0,389.0,339.0,-274.0,770.0
-286.0,,-227.0,55.0,-146.0,282.0,428.0,-94.0,-242.0,873.0
-305.0,,-216.0,114.0,-128.0,207.0,419.0,116.0,-221.0,998.0
-353.0,,-237.0,38.0,-91.0,157.0,417.0,53.0,-202.0,1066.0
-416.0,,-222.0,-35.0,-36.0,177.0,423.0,-40.0,-161.0,1100.0
-452.0,,-201.0,-18.0,9.0,226.0,453.0,236.0,-113.0,1106.0
-499.0,,-219.0,-69.0,11.0,175.0,478.0,-123.0,-70.0,1041.0
-553.0,,-214.0,-159.0,-34.0,131.0,472.0,149.0,-31.0,976.0
-584.0,,-218.0,-220.0,-107.0,167.0,456.0,-22.0,3.0,887.0
-612.0,,-214.0,-226.0,-192.0,235.0,455.0,86.0,27.0,795.0
-604.0,,-215.0,-287.0,-249.0,214.0,451.0,144.0,24.0,746.0
-563.0,,-219.0,-321.0,-259.0,139.0,464.0,-9.0,10.0,723.0
-535.0,,-218.0,-292.0,-257.0,110.0,498.0,321.0,9.0,740.0
-501.0,,-221.0,-251.0,-247.0,64.0,472.0,20.0,12.0,778.0
-429.0,,-199.0,-147.0,-213.0,-3.0,437.0,253.0,15.0,822.0
-385.0,,-180.0,-38.0,-153.0,-54.0,456.0,70.0,23.0,869.0
-394.0,,-157.0,120.0,-95.0,-47.0,484.0,33.0,4.0,889.0
-374.0,,-132.0,247.0,-74.0,-13.0,495.0,194.0,-36.0,867.0
-313.0,,-115.0,276.0,-93.0,-23.0,484.0,-116.0,-101.0,830.0
-272.0,,-95.0,292.0,-117.0,-47.0,479.0,295.0,-210.0,795.0
-264.0,,-107.0,307.0,-119.0,-49.0,448.0,-29.0,-326.0,770.0
-231.0,,-108.0,238.0,-130.0,-19.0,430.0,96.0,-429.0,755.0
-203.0,,-124.0,127.0,-144.0,-1.0,460.0,116.0,-528.0,765.0
-230.0,,-149.0,38.0,-144.0,-63.0,454.0,-134.0,-612.0,803.0
-296.0,,-178.0,-83.0,-139.0,-100.0,444.0,197.0,-662.0,884.0
-340.0,,-239.0,-199.0,-140.0,-76.0,451.0,-203.0,-679.0,992.0
-349.0,,-243.0,-307.0,-169.0,-75.0,465.0,73.0,-661.0,1085.0
-386.0,,-265.0,-371.0,-196.0,-73.0,469.0,22.0,-604.0,1167.0
-433.0,,-270.0,-357.0,-198.0,-69.0,446.0,38.0,-515.0,1205.0
-435.0,,-237.0,-332.0,-184.0,-21.0,461.0,275.0,-410.0,1201.0
-409.0,,-205.0,-316.0,-170.0,24.0,457.0,-14.0,-311.0,1140.0
-404.0,,-142.0,-290.0,-154.0,33.0,433.0,258.0,-242.0,995.0
-444.0,,-89.0,-249.0,-117.0,71.0,430.0,-53.0,-186.0,823.0
-460.0,,0.0,-221.0,-63.0,95.0,412.0,-16.0,-141.0,669.0
-441.0,,60.0,-201.0,0.0,121.0,398.0,-83.0,-121.0,510.0
-421.0,,102.0,-156.0,64.0,144.0,389.0,-271.0,-100.0,382.0
-385.0,,156.0,-174.0,128.0,173.0,406.0,-49.0,-60.0,303.0
-350.0,,170.0,-239.0,149.0,189.0,428.0,-277.0,-4.0,208.0
-297.0,,185.0,-245.0,82.0,124.0,428.0,36.0,40.0,122.0
-257.0,,225.0,-281.0,-40.0,98.0,428.0,-57.0,66.0,33.0
-263.0,,251.0,-348.0,-137.0,118.0,448.0,44.0,84.0,-53.0
-231.0,,267.0,-377.0,-169.0,150.0,467.0,188.0,77.0,-79.0
-157.0,,285.0,-366.0,-158.0,198.0,469.0,24.0,66.0,-79.0
-85.0,,280.0,-332.0,-131.0,190.0,492.0,260.0,60.0,-75.0
-28.0,,257.0,-290.0,-101.0,227.0,477.0,-5.0,59.0,-68.0
70.0,,258.0,-249.0,-65.0,308.0,438.0,256.0,69.0,-66.0
198.0,,262.0,-254.0,-33.0,350.0,450.0,149.0,66.0,-92.0
262.0,,236.0,-231.0,-20.0,342.0,443.0,75.0,38.0,-154.0
292.0,,252.0,-204.0,-13.0,345.0,405.0,153.0,-7.0,-234.0
338.0,,249.0,-252.0,-9.0,398.0,397.0,-290.0,-65.0,-314.0
390.0,,220.0,-301.0,16.0,415.0,391.0,-49.0,-141.0,-377.0
408.0,,240.0,-359.0,77.0,393.0,372.0,-354.0,-197.0,-395.0
386.0,,203.0,-425.0,146.0,346.0,342.0,-197.0,-225.0,-383.0
400.0,,189.0,-471.0,189.0,361.0,322.0,-133.0,-201.0,-352.0
475.0,,189.0,-539.0,183.0,431.0,358.0,-367.0,-131.0,-311.0
476.0,,157.0,-545.0,137.0,476.0,377.0,5.0,-62.0,-288.0
451.0,,151.0,-433.0,85.0,530.0,349.0,-282.0,20.0,-296.0
478.0,,125.0,-352.0,57.0,573.0,360.0,33.0,92.0,-324.0
494.0,,140.0,-394.0,56.0,590.0,374.0,-48.0,149.0,-330.0
507.0,,129.0,-445.0,66.0,564.0,356.0,-194.0,185.0,-331.0
492.0,,132.0,-433.0,69.0,539.0,352.0,46.0,212.0,-306.0
501.0,,145.0,-384.0,54.0,553.0,361.0,-256.0,274.0,-244.0
522.0,,130.0,-394.0,22.0,558.0,330.0,35.0,332.0,-143.0
491.0,,170.0,-440.0,-34.0,518.0,266.0,-210.0,404.0,-29.0
439.0,,170.0,-411.0,-96.0,440.0,257.0,-179.0,489.0,64.0
402.0,,174.0,-450.0,-136.0,411.0,264.0,-140.0,557.0,159.0
420.0,,162.0,-521.0,-161.0,433.0,229.0,-388.0,611.0,205.0
429.0,,152.0,-548.0,-166.0,431.0,189.0,-194.0,616.0,241.0
408.0,,140.0,-635.0,-155.0,473.0,149.0,-554.0,585.0,285.0
408.0,,113.0,-702.0,-137.0,549.0,107.0,-312.0,529.0,308.0
412.0,,94.0,-711.0,-118.0,569.0,81.0,-363.0,454.0,343.0
424.0,,46.0,-674.0,-108.0,515.0,65.0,-284.0,372.0,392.0
408.0,,21.0,-686.0,-115.0,424.0,45.0,-35.0,299.0,451.0
359.0,,-40.0,-655.0,-137.0,438.0,26.0,-190.0,226.0,488.0
362.0,,-62.0,-553.0,-135.0,442.0,34.0,94.0,141.0,508.0
336.0,,-62.0,-497.0,-100.0,354.0,47.0,-256.0,66.0,520.0
288.0,,-82.0,-367.0,-31.0,294.0,29.0,-131.0,-20.0,485.0
253.0,,-42.0,-266.0,64.0,313.0,38.0,-258.0,-88.0,427.0
211.0,,-21.0,-221.0,134.0,425.0,53.0,-349.0,-136.0,366.0
190.0,,5.0,-183.0,147.0,454.0,-3.0,-118.0,-205.0,305.0
137.0,,52.0,-221.0,93.0,371.0,-46.0,-458.0,-271.0,273.0
99.0,,93.0,-280.0,7.0,354.0,-28.0,-70.0,-338.0,254.0
32.0,,116.0,-270.0,-56.0,426.0,-17.0,-332.0,-383.0,260.0
-27.0,,141.0,-247.0,-93.0,462.0,-41.0,-310.0,-423.0,291.0
-44.0,,189.0,-263.0,-105.0,431.0,-76.0,-199.0,-459.0,339.0
-86.0,,181.0,-272.0,-91.0,405.0,-84.0,-415.0,-464.0,377.0
-123.0,,207.0,-318.0,-40.0,428.0,-100.0,29.0,-465.0,377.0
-174.0,,236.0,-344.0,28.0,474.0,-130.0,-168.0,-485.0,347.0
-187.0,,235.0,-311.0,84.0,451.0,-119.0,64.0,-522.0,272.0
-197.0,,251.0,-305.0,128.0,454.0,-97.0,-77.0,-564.0,146.0
-228.0,,249.0,-346.0,153.0,496.0,-88.0,-312.0,-630.0,-17.0
-249.0,,260.0,-373.0,157.0,488.0,-102.0,-188.0,-697.0,-177.0
-284.0,,248.0,-401.0,164.0,473.0,-115.0,-495.0,-758.0,-315.0
-290.0,,251.0,-435.0,185.0,469.0,-122.0,-279.0,-807.0,-400.0
-274.0,,209.0,-408.0,209.0,496.0,-149.0,-502.0,-810.0,-433.0
-267.0,,152.0,-396.0,216.0,494.0,-179.0,-358.0,-774.0,-412.0
-256.0,,134.0,-442.0,172.0,423.0,-227.0,-304.0,-721.0,-313.0
-207.0,,81.0,-442.0,93.0,403.0,-287.0,-421.0,-670.0,-185.0
-145.0,,48.0,-375.0,26.0,445.0,-348.0,-169.0,-613.0,-56.0
-104.0,,4.0,-306.0,0.0,461.0,-389.0,-454.0,-569.0,71.0
-79.0,,-6.0,-234.0,0.0,428.0,-416.0,-160.0,-533.0,196.0
-23.0,,-55.0,-174.0,-5.0,365.0,-444.0,-238.0,-504.0,287.0
43.0,,-81.0,-67.0,0.0,392.0,-457.0,-188.0,-464.0,346.0
64.0,,-114.0,40.0,19.0,444.0,-453.0,-107.0,-406.0,402.0
65.0,,-198.0,64.0,50.0,417.0,-426.0,-308.0,-381.0,426.0
89.0,,-208.0,76.0,90.0,413.0,-427.0,90.0,-361.0,404.0
125.0,,-277.0,34.0,107.0,464.0,-459.0,-208.0,-355.0,361.0
134.0,,-296.0,-5.0,97.0,546.0,-452.0,-25.0,-376.0,318.0
148.0,,-316.0,-55.0,93.0,533.0,-460.0,25.0,-403.0,276.0
161.0,,-338.0,-113.0,111.0,441.0,-524.0,-147.0,-446.0,270.0
173.0,,-310.0,-156.0,138.0,424.0,-550.0,120.0,-485.0,307.0
203.0,,-316.0,-266.0,166.0,426.0,-539.0,-168.0,-524.0,381.0
241.0,,-272.0,-343.0,189.0,359.0,-523.0,9.0,-546.0,512.0
268.0,,-257.0,-379.0,201.0,293.0,-515.0,-219.0,-545.0,665.0
287.0,,-253.0,-469.0,212.0,277.0,-514.0,-253.0,-531.0,811.0
321.0,,-249.0,-572.0,209.0,289.0,-486.0,-194.0,-508.0,974.0
322.0,,-244.0,-632.0,166.0,285.0,-487.0,-424.0,-487.0,1121.0
283.0,,-232.0,-726.0,87.0,263.0,-484.0,-60.0,-447.0,1213.0
251.0,,-215.0,-805.0,22.0,311.0,-455.0,-358.0,-395.0,1263.0
231.0,,-176.0,-826.0,26.0,356.0,-441.0,-195.0,-339.0,1254.0
175.0,,-149.0,-813.0,99.0,304.0,-448.0,-179.0,-279.0,1182.0
102.0,,-104.0,-732.0,185.0,231.0,-477.0,-271.0,-219.0,1060.0
64.0,,-97.0,-626.0,229.0,269.0,-495.0,-53.0,-151.0,879.0
20.0,,-70.0,-515.0,246.0,278.0,-510.0,-295.0,-82.0,666.0
-32.0,,-35.0,-411.0,228.0,201.0,-507.0,12.0,-40.0,481.0
-73.0,,-49.0,-250.0,163.0,173.0,-480.0,-192.0,5.0,321.0
-117.0,,-34.0,-43.0,80.0,174.0,-486.0,-110.0,62.0,188.0
-163.0,,-52.0,93.0,-26.0,208.0,-522.0,-94.0,98.0,102.0
-210.0,,-67.0,173.0,-139.0,221.0,-578.0,-347.0,123.0,38.0
-253.0,,-71.0,239.0,-226.0,197.0,-637.0,-44.0,142.0,14.0
-305.0,,-70.0,285.0,-266.0,210.0,-659.0,-245.0,165.0,45.0
-356.0,,-91.0,280.0,-286.0,248.0,-646.0,16.0,193.0,71.0
-393.0,,-119.0,131.0,-298.0,208.0,-628.0,-72.0,228.0,105.0
-443.0,,-115.0,-5.0,-271.0,128.0,-604.0,-92.0,267.0,162.0
-458.0,,-142.0,-58.0,-212.0,54.0,-574.0,-60.0,289.0,193.0
-432.0,,-126.0,-155.0,-154.0,8.0,-558.0,-404.0,319.0,195.0
-427.0,,-121.0,-193.0,-106.0,30.0,-562.0,-49.0,331.0,145.0
-409.0,,-100.0,-269.0,-63.0,37.0,-581.0,-290.0,330.0,40.0
-364.0,,-72.0,-339.0,-45.0,25.0,-602.0,-109.0,339.0,-77.0
-342.0,,-68.0,-324.0,-55.0,4.0,-629.0,-60.0,343.0,-228.0
-357.0,,-40.0,-369.0,-79.0,-36.0,-649.0,-279.0,335.0,-371.0
-354.0,,-11.0,-434.0,-76.0,-91.0,-670.0,-35.0,300.0,-454.0
-332.0,,19.0,-561.0,-28.0,-34.0,-743.0,-325.0,266.0,-511.0
-323.0,,50.0,-625.0,47.0,38.0,-821.0,-59.0,238.0,-546.0
-320.0,,110.0,-607.0,124.0,-24.0,-849.0,-258.0,201.0,-555.0
-300.0,,173.0,-613.0,158.0,-128.0,-877.0,-203.0,171.0,-532.0
-281.0,,246.0,-560.0,179.0,-166.0,-892.0,46.0,126.0,-518.0
-293.0,,279.0,-539.0,181.0,-82.0,-857.0,-321.0,89.0,-521.0
-293.0,,349.0,-493.0,142.0,-40.0,-855.0,-68.0,65.0,-538.0
-286.0,,403.0,-447.0,99.0,-35.0,-875.0,-393.0,45.0,-599.0
-263.0,,395.0,-426.0,64.0,-59.0,-858.0,-277.0,40.0,-668.0
-227.0,,453.0,-411.0,49.0,-45.0,-844.0,-290.0,17.0,-753.0
-186.0,,443.0,-432.0,55.0,37.0,-828.0,-530.0,-1.0,-855.0
-124.0,,430.0,-391.0,78.0,2.0,-807.0,-168.0,-11.0,-970.0
-58.0,,425.0,-363.0,121.0,4.0,-798.0,-509.0,-23.0,-1098.0
-5.0,,396.0,-332.0,144.0,36.0,-796.0,-397.0,-13.0,-1251.0
8.0,,367.0,-352.0,151.0,8.0,-799.0,-519.0,-6.0,-1423.0
26.0,,328.0,-369.0,182.0,0.0,-798.0,-587.0,8.0,-1582.0
45.0,,305.0,-343.0,227.0,32.0,-778.0,-491.0,39.0,-1716.0
49.0,,278.0,-351.0,258.0,117.0,-761.0,-731.0,70.0,-1787.0
56.0,,272.0,-345.0,253.0,125.0,-758.0,-463.0,121.0,-1811.0
67.0,,281.0,-331.0,220.0,96.0,-744.0,-678.0,168.0,-1769.0
71.0,,265.0,-243.0,177.0,133.0,-738.0,-515.0,221.0,-1652.0
37.0,,248.0,-240.0,112.0,232.0,-741.0,-561.0,278.0,-1504.0
-12.0,,262.0,-236.0,31.0,324.0,-752.0,-606.0,317.0,-1362.0
-46.0,,241.0,-162.0,-56.0,294.0,-767.0,-319.0,345.0,-1243.0
-78.0,,233.0,-173.0,-133.0,250.0,-759.0,-618.0,372.0,-1139.0
-120.0,,228.0,-145.0,-192.0,316.0,-729.0,-273.0,392.0,-1081.0
-143.0,,213.0,-132.0,-241.0,423.0,-704.0,-489.0,400.0,-1064.0
-123.0,,223.0,-187.0,-268.0,425.0,-719.0,-535.0,415.0,-1078.0
-83.0,,232.0,-232.0,-268.0,371.0,-733.0,-489.0,437.0,-1104.0
-83.0,,234.0,-269.0,-246.0,371.0,-719.0,-739.0,464.0,-1130.0
-116.0,,250.0,-331.0,-227.0,394.0,-685.0,-393.0,477.0,-1173.0
-140.0,,277.0,-391.0,-208.0,415.0,-638.0,-761.0,476.0,-1221.0
-149.0,,251.0,-465.0,-180.0,397.0,-604.0,-362.0,472.0,-1273.0
-159.0,,271.0,-544.0,-154.0,399.0,-578.0,-297.0,436.0,-1321.0
-173.0,,271.0,-559.0,-125.0,463.0,-550.0,-491.0,392.0,-1348.0
-188.0,,247.0,-525.0,-111.0,472.0,-523.0,-171.0,352.0,-1335.0
-198.0,,239.0,-477.0,-99.0,413.0,-512.0,-585.0,312.0,-1274.0
-187.0,,222.0,-418.0,-84.0,390.0,-500.0,-360.0,297.0,-1160.0
-213.0,,217.0,-317.0,-59.0,401.0,-496.0,-526.0,286.0,-1023.0
-267.0,,179.0,-224.0,-15.0,355.0,-500.0,-456.0,277.0,-883.0
-301.0,,173.0,-188.0,33.0,279.0,-502.0,-332.0,262.0,-740.0
-331.0,,134.0,-198.0,69.0,250.0,-520.0,-548.0,239.0,-633.0
-348.0,,136.0,-211.0,98.0,283.0,-481.0,-254.0,216.0,-550.0
-382.0,,134.0,-230.0,129.0,303.0,-445.0,-498.0,176.0,-482.0
-419.0,,128.0,-311.0,139.0,185.0,-440.0,-199.0,147.0,-418.0
-430.0,,175.0,-447.0,112.0,136.0,-395.0,-258.0,149.0,-347.0
-455.0,,163.0,-556.0,73.0,205.0,-366.0,-249.0,175.0,-272.0
-488.0,,224.0,-628.0,60.0,212.0,-336.0,-20.0,210.0,-205.0
-493.0,,263.0,-715.0,97.0,192.0,-311.0,-314.0,264.0,-143.0
-484.0,,259.0,-719.0,162.0,133.0,-277.0,0.0,335.0,-98.0
-469.0,,321.0,-730.0,203.0,104.0,-243.0,-240.0,389.0,-79.0
-456.0,,346.0,-752.0,188.0,88.0,-217.0,-60.0,443.0,-55.0
-428.0,,346.0,-683.0,145.0,13.0,-179.0,-3.0,480.0,-46.0
-381.0,,352.0,-579.0,113.0,-66.0,-176.0,-186.0,507.0,-49.0
-337.0,,340.0,-467.0,96.0,-75.0,-156.0,166.0,527.0,-48.0
-285.0,,326.0,-370.0,90.0,-62.0,-138.0,-194.0,516.0,-67.0
-250.0,,286.0,-242.0,102.0,-96.0,-136.0,20.0,492.0,-98.0
-205.0,,251.0,-139.0,124.0,-148.0,-123.0,-57.0,433.0,-125.0
-154.0,,210.0,-93.0,137.0,-198.0,-127.0,-140.0,335.0,-172.0
-114.0,,139.0,-97.0,130.0,-186.0,-146.0,18.0,217.0,-199.0
-60.0,,102.0,-117.0,118.0,-217.0,-176.0,-243.0,104.0,-177.0
-10.0,,21.0,-131.0,88.0,-250.0,-199.0,59.0,0.0,-145.0
40.0,,-20.0,-212.0,26.0,-243.0,-207.0,-131.0,-84.0,-49.0
59.0,,-78.0,-259.0,-33.0,-283.0,-197.0,51.0,-121.0,100.0
79.0,,-154.0,-277.0,-36.0,-346.0,-219.0,44.0,-121.0,264.0
96.0,,-181.0,-329.0,20.0,-392.0,-235.0,-129.0,-91.0,440.0
87.0,,-259.0,-374.0,109.0,-381.0,-215.0,123.0,-52.0,548.0
73.0,,-267.0,-398.0,191.0,-390.0,-190.0,-168.0,-2.0,598.0
53.0,,-310.0,-425.0,232.0,-396.0,-147.0,171.0,46.0,610.0
59.0,,-374.0,-445.0,233.0,-400.0,-134.0,7.0,94.0,538.0
59.0,,-391.0,-380.0,192.0,-406.0,-130.0,35.0,141.0,409.0
44.0,,-446.0,-304.0,123.0,-399.0,-117.0,179.0,167.0,252.0
14.0,,-480.0,-267.0,65.0,-417.0,-99.0,-136.0,191.0,94.0
-14.0,,-504.0,-145.0,54.0,-408.0,-59.0,225.0,211.0,-62.0
-21.0,,-515.0,34.0,80.0,-411.0,-33.0,-53.0,220.0,-188.0
-41.0,,-523.0,143.0,95.0,-442.0,-26.0,66.0,220.0,-270.0
-70.0,,-528.0,195.0,64.0,-451.0,-12.0,-70.0,217.0,-309.0
-99.0,,-534.0,235.0,-3.0,-469.0,23.0,-240.0,206.0,-241.0
-119.0,,-524.0,287.0,-50.0,-456.0,44.0,88.0,189.0,-121.0
-149.0,,-521.0,297.0,-54.0,-420.0,46.0,-256.0,173.0,20.0
-197.0,,-529.0,249.0,-39.0,-430.0,76.0,46.0,141.0,181.0
-233.0,,-516.0,185.0,-43.0,-400.0,126.0,-125.0,97.0,334.0
-271.0,,-508.0,3.0,-56.0,-308.0,148.0,-118.0,42.0,469.0
-323.0,,-500.0,-268.0,-55.0,-267.0,154.0,16.0,-20.0,583.0
-360.0,,-482.0,-401.0,-29.0,-355.0,181.0,-219.0,-85.0,704.0
-364.0,,-485.0,-468.0,42.0,-380.0,183.0,99.0,-154.0,802.0
-341.0,,-488.0,-618.0,116.0,-234.0,181.0,-203.0,-204.0,902.0
-329.0,,-464.0,-681.0,158.0,-164.0,211.0,29.0,-239.0,985.0
-297.0,,-471.0,-652.0,152.0,-255.0,219.0,-29.0,-265.0,1026.0
-243.0,,-485.0,-623.0,118.0,-361.0,208.0,-118.0,-268.0,1049.0
-208.0,,-464.0,-557.0,95.0,-335.0,206.0,129.0,-282.0,1016.0
-173.0,,-440.0,-471.0,81.0,-242.0,229.0,-164.0,-283.0,961.0
-174.0,,-418.0,-380.0,79.0,-237.0,254.0,182.0,-275.0,885.0
-165.0,,-401.0,-320.0,43.0,-319.0,254.0,-84.0,-293.0,791.0
-130.0,,-343.0,-259.0,-16.0,-336.0,272.0,20.0,-312.0,722.0
-93.0,,-285.0,-164.0,-52.0,-267.0,274.0,140.0,-342.0,677.0
-54.0,,-237.0,-117.0,-75.0,-248.0,241.0,-92.0,-368.0,627.0
-18.0,,-164.0,-107.0,-81.0,-270.0,222.0,203.0,-368.0,576.0
40.0,,-136.0,-55.0,-65.0,-271.0,230.0,-125.0,-358.0,534.0
81.0,,-61.0,2.0,-25.0,-232.0,235.0,147.0,-346.0,495.0
113.0,,-42.0,13.0,19.0,-227.0,249.0,57.0,-345.0,478.0
152.0,,-46.0,49.0,26.0,-291.0,267.0,-44.0,-335.0,461.0
197.0,,7.0,134.0,-12.0,-304.0,261.0,155.0,-309.0,490.0
216.0,,-15.0,228.0,-68.0,-235.0,248.0,-73.0,-261.0,551.0
199.0,,0.0,283.0,-100.0,-235.0,236.0,249.0,-186.0,580.0
220.0,,-37.0,325.0,-103.0,-299.0,222.0,-29.0,-97.0,598.0
251.0,,-44.0,364.0,-107.0,-297.0,218.0,99.0,4.0,576.0
254.0,,-48.0,377.0,-134.0,-273.0,202.0,105.0,88.0,523.0
221.0,,-99.0,411.0,-163.0,-239.0,202.0,-96.0,146.0,459.0
217.0,,-68.0,418.0,-151.0,-215.0,208.0,162.0,188.0,370.0
237.0,,-121.0,411.0,-82.0,-197.0,191.0,-199.0,207.0,254.0
222.0,,-103.0,400.0,-8.0,-121.0,199.0,109.0,214.0,145.0
196.0,,-92.0,312.0,24.0,-92.0,215.0,42.0,217.0,52.0
161.0,,-110.0,170.0,31.0,-159.0,252.0,53.0,228.0,-57.0
155.0,,-72.0,14.0,24.0,-187.0,261.0,253.0,247.0,-162.0
114.0,,-96.0,-145.0,27.0,-130.0,232.0,-18.0,252.0,-248.0
58.0,,-26.0,-341.0,55.0,-104.0,235.0,269.0,256.0,-334.0
37.0,,4.0,-466.0,89.0,-169.0,231.0,-3.0,273.0,-389.0
12.0,,50.0,-541.0,100.0,-210.0,249.0,158.0,298.0,-427.0
-5.0,,134.0,-676.0,91.0,-181.0,239.0,192.0,320.0,-456.0
-34.0,,165.0,-733.0,93.0,-164.0,192.0,84.0,328.0,-467.0
-41.0,,239.0,-712.0,95.0,-129.0,163.0,338.0,343.0,-514.0
-45.0,,279.0,-673.0,80.0,-95.0,129.0,0.0,366.0,-546.0
-91.0,,333.0,-657.0,40.0,-72.0,123.0,271.0,383.0,-526.0
-140.0,,364.0,-598.0,-17.0,-43.0,113.0,55.0,365.0,-512.0
-178.0,,383.0,-469.0,-64.0,-114.0,107.0,36.0,329.0,-460.0
-208.0,,398.0,-404.0,-97.0,-173.0,116.0,164.0,284.0,-355.0
-232.0,,414.0,-313.0,-143.0,-146.0,86.0,-53.0,240.0,-251.0
-253.0,,417.0,-225.0,-194.0,-156.0,87.0,303.0,203.0,-132.0
-252.0,,366.0,-166.0,-207.0,-195.0,70.0,-20.0,148.0,5.0
-218.0,,403.0,-104.0,-157.0,-198.0,32.0,120.0,122.0,129.0
-196.0,,360.0,-134.0,-67.0,-127.0,48.0,64.0,114.0,261.0
-190.0,,331.0,-114.0,22.0,-53.0,52.0,-24.0,120.0,389.0
-179.0,,349.0,-80.0,95.0,-53.0,52.0,243.0,141.0,489.0
-147.0,,265.0,-102.0,152.0,-83.0,40.0,-51.0,148.0,559.0
-134.0,,271.0,-51.0,230.0,-47.0,55.0,284.0,161.0,585.0
-164.0,,261.0,-7.0,331.0,20.0,54.0,75.0,146.0,560.0
-185.0,,221.0,-64.0,411.0,18.0,33.0,109.0,123.0,493.0
-187.0,,203.0,-106.0,430.0,-46.0,37.0,229.0,95.0,385.0
-196.0,,190.0,-108.0,379.0,-66.0,21.0,5.0,36.0,249.0
-223.0,,186.0,-144.0,288.0,12.0,49.0,266.0,-31.0,102.0
-221.0,,163.0,-136.0,195.0,-10.0,85.0,-40.0,-95.0,-37.0
-196.0,,146.0,-171.0,126.0,-104.0,96.0,236.0,-142.0,-146.0
-183.0,,115.0,-308.0,48.0,-91.0,85.0,182.0,-174.0,-218.0
-192.0,,93.0,-373.0,-54.0,-39.0,68.0,142.0,-189.0,-235.0
-190.0,,34.0,-368.0,-159.0,-51.0,75.0,410.0,-183.0,-206.0
-168.0,,9.0,-385.0,-244.0,-66.0,90.0,83.0,-157.0,-152.0
-162.0,,-38.0,-432.0,-296.0,-54.0,101.0,363.0,-127.0,-97.0
-157.0,,-99.0,-408.0,-324.0,-72.0,73.0,73.0,-126.0,-48.0
-140.0,,-108.0,-346.0,-343.0,-54.0,69.0,86.0,-135.0,-19.0
-103.0,,-167.0,-341.0,-329.0,-74.0,109.0,103.0,-141.0,-22.0
-78.0,,-175.0,-325.0,-257.0,-77.0,148.0,-123.0,-175.0,-17.0
-61.0,,-180.0,-253.0,-151.0,-35.0,173.0,214.0,-223.0,-24.0
-49.0,,-217.0,-190.0,-33.0,-69.0,201.0,-96.0,-286.0,-14.0
-51.0,,-245.0,-158.0,76.0,-57.0,224.0,116.0,-347.0,26.0
-42.0,,-251.0,-117.0,184.0,-54.0,241.0,-12.0,-375.0,57.0
-55.0,,-289.0,-124.0,281.0,-46.0,266.0,-35.0,-389.0,96.0
-73.0,,-304.0,-148.0,368.0,-29.0,279.0,236.0,-381.0,118.0
-58.0,,-316.0,-138.0,445.0,-87.0,292.0,-12.0,-343.0,107.0
-32.0,,-365.0,-184.0,469.0,-89.0,298.0,306.0,-289.0,81.0
-13.0,,-354.0,-203.0,434.0,-91.0,291.0,51.0,-229.0,66.0
-14.0,,-404.0,-125.0,364.0,-121.0,264.0,162.0,-165.0,81.0
-16.0,,-428.0,-72.0,297.0,-132.0,254.0,160.0,-91.0,125.0
-14.0,,-450.0,13.0,246.0,-129.0,262.0,-12.0,-4.0,194.0
-2.0,,-487.0,133.0,199.0,-89.0,261.0,221.0,90.0,269.0
21.0,,-485.0,176.0,151.0,-115.0,274.0,-186.0,180.0,362.0
28.0,,-516.0,244.0,108.0,-200.0,261.0,31.0,269.0,442.0
29.0,,-512.0,306.0,72.0,-248.0,261.0,-149.0,343.0,496.0
49.0,,-474.0,280.0,17.0,-237.0,261.0,-84.0,389.0,560.0
77.0,,-446.0,256.0,-57.0,-196.0,273.0,175.0,423.0,644.0
67.0,,-406.0,228.0,-124.0,-203.0,305.0,-68.0,435.0,732.0
45.0,,-315.0,145.0,-152.0,-210.0,269.0,267.0,443.0,833.0
54.0,,-261.0,45.0,-137.0,-192.0,258.0,-18.0,434.0,950.0
66.0,,-201.0,-24.0,-95.0,-143.0,274.0,134.0,410.0,1053.0
76.0,,-136.0,-118.0,-72.0,-105.0,249.0,164.0,383.0,1123.0
73.0,,-92.0,-164.0,-80.0,-145.0,224.0,88.0,353.0,1157.0
79.0,,-29.0,-160.0,-82.0,-137.0,223.0,336.0,326.0,1154.0
108.0,,-13.0,-241.0,-51.0,-155.0,231.0,-7.0,286.0,1118.0
127.0,,8.0,-259.0,29.0,-250.0,213.0,227.0,262.0,1043.0
129.0,,17.0,-242.0,115.0,-272.0,205.0,11.0,236.0,938.0
136.0,,0.0,-319.0,161.0,-243.0,219.0,120.0,203.0,841.0
159.0,,-4.0,-350.0,172.0,-220.0,231.0,267.0,180.0,729.0
179.0,,-61.0,-384.0,168.0,-247.0,243.0,48.0,146.0,595.0
192.0,,-132.0,-463.0,173.0,-246.0,272.0,308.0,129.0,461.0
214.0,,-179.0,-521.0,178.0,-192.0,297.0,-48.0,143.0,314.0
265.0,,-290.0,-563.0,158.0,-169.0,308.0,175.0,172.0,190.0
294.0,,-360.0,-570.0,120.0,-190.0,332.0,64.0,197.0,93.0
274.0,,-423.0,-563.0,88.0,-265.0,360.0,-53.0,221.0,43.0
250.0,,-495.0,-521.0,74.0,-272.0,390.0,194.0,237.0,54.0
230.0,,-484.0,-474.0,62.0,-232.0,413.0,-46.0,250.0,119.0
182.0,,-523.0,-380.0,32.0,-277.0,414.0,243.0,270.0,202.0
87.0,,-504.0,-207.0,-20.0,-329.0,404.0,-53.0,274.0,307.0
-7.0,,-472.0,-99.0,-86.0,-278.0,404.0,72.0,272.0,448.0
-70.0,,-441.0,31.0,-124.0,-181.0,396.0,134.0,249.0,571.0
-116.0,,-348.0,113.0,-127.0,-180.0,395.0,-144.0,219.0,710.0
-173.0,,-306.0,135.0,-100.0,-242.0,400.0,77.0,205.0,820.0
-228.0,,-191.0,211.0,-52.0,-225.0,389.0,-214.0,190.0,884.0
-235.0,,-105.0,193.0,2.0,-185.0,381.0,18.0,161.0,942.0
-212.0,,-16.0,152.0,38.0,-212.0,368.0,-206.0,119.0,984.0
-197.0,,102.0,119.0,15.0,-254.0,382.0,-199.0,67.0,1007.0
-176.0,,168.0,60.0,-45.0,-276.0,405.0,44.0,13.0,998.0
-133.0,,277.0,20.0,-127.0,-247.0,402.0,-206.0,-51.0,993.0
-87.0,,333.0,-38.0,-228.0,-220.0,382.0,140.0,-115.0,983.0
-66.0,,409.0,-81.0,-315.0,-239.0,373.0,-201.0,-176.0,985.0
-83.0,,464.0,-112.0,-371.0,-209.0,378.0,-46.0,-239.0,1007.0
-88.0,,492.0,-128.0,-391.0,-150.0,349.0,-59.0,-282.0,1023.0
-69.0,,508.0,-140.0,-367.0,-123.0,306.0,-301.0,-304.0,1052.0
-57.0,,483.0,-172.0,-300.0,-131.0,262.0,-31.0,-300.0,1046.0
-45.0,,484.0,-184.0,-185.0,-139.0,221.0,-386.0,-271.0,1021.0
-13.0,,416.0,-219.0,-60.0,-79.0,195.0,-118.0,-228.0,1002.0
14.0,,377.0,-262.0,46.0,-25.0,188.0,-293.0,-168.0,952.0
7.0,,341.0,-249.0,96.0,-62.0,187.0,-286.0,-86.0,900.0
-16.0,,299.0,-242.0,66.0,-74.0,192.0,-153.0,18.0,871.0
-25.0,,247.0,-278.0,8.0,-2.0,210.0,-463.0,102.0,830.0
-31.0,,202.0,-283.0,-31.0,3.0,225.0,-197.0,168.0,787.0
-82.0,,164.0,-248.0,-24.0,-50.0,246.0,-570.0,226.0,742.0
-102.0,,123.0,-182.0,-10.0,12.0,227.0,-430.0,264.0,680.0
-74.0,,102.0,-108.0,-27.0,79.0,199.0,-441.0,293.0,617.0
-83.0,,59.0,-41.0,-71.0,39.0,183.0,-526.0,318.0,523.0
-98.0,,53.0,47.0,-120.0,-2.0,148.0,-208.0,335.0,421.0
-89.0,,15.0,131.0,-137.0,0.0,147.0,-497.0,341.0,313.0
-51.0,,22.0,216.0,-126.0,72.0,172.0,-199.0,333.0,197.0
-28.0,,6.0,264.0,-100.0,134.0,160.0,-382.0,317.0,97.0
-48.0,,-17.0,255.0,-68.0,131.0,134.0,-362.0,290.0,4.0
-40.0,,-12.0,208.0,-30.0,104.0,130.0,-273.0,247.0,-53.0
8.0,,-15.0,116.0,21.0,132.0,132.0,-522.0,192.0,-81.0
60.0,,-18.0,28.0,85.0,175.0,126.0,-288.0,122.0,-60.0
53.0,,-31.0,-36.0,132.0,162.0,110.0,-681.0,50.0,1.0
44.0,,-2.0,-92.0,132.0,163.0,93.0,-491.0,-40.0,79.0
78.0,,-20.0,-122.0,78.0,161.0,63.0,-624.0,-131.0,182.0
84.0,,2.0,-143.0,-12.0,196.0,36.0,-740.0,-217.0,281.0
66.0,,-5.0,-194.0,-91.0,214.0,17.0,-476.0,-303.0,372.0
37.0,,-37.0,-242.0,-141.0,191.0,-16.0,-877.0,-354.0,434.0
18.0,,-24.0,-248.0,-173.0,204.0,-50.0,-537.0,-394.0,445.0
10.0,,-75.0,-258.0,-202.0,194.0,-54.0,-700.0,-434.0,439.0
-3.0,,-88.0,-289.0,-251.0,209.0,-20.0,-689.0,-471.0,412.0
-10.0,,-106.0,-266.0,-303.0,199.0,-7.0,-607.0,-495.0,379.0
-11.0,,-122.0,-256.0,-316.0,197.0,-17.0,-800.0,-495.0,362.0
9.0,,-124.0,-307.0,-261.0,222.0,1.0,-561.0,-483.0,374.0
27.0,,-154.0,-314.0,-162.0,193.0,8.0,-831.0,-450.0,427.0
12.0,,-151.0,-290.0,-38.0,221.0,-17.0,-546.0,-419.0,504.0
-2.0,,-150.0,-273.0,100.0,236.0,-43.0,-750.0,-403.0,588.0
3.0,,-173.0,-199.0,229.0,233.0,-59.0,-853.0,-393.0,669.0
10.0,,-167.0,-77.0,347.0,204.0,-83.0,-726.0,-394.0,743.0
0.0,,-166.0,0.0,416.0,176.0,-90.0,-988.0,-403.0,813.0
27.0,,-169.0,111.0,405.0,233.0,-64.0,-589.0,-413.0,876.0
67.0,,-111.0,235.0,334.0,218.0,-38.0,-872.0,-445.0,939.0
72.0,,-111.0,290.0,249.0,191.0,-33.0,-711.0,-486.0,999.0
72.0,,-80.0,296.0,203.0,173.0,-14.0,-635.0,-524.0,1046.0
93.0,,-49.0,262.0,180.0,148.0,44.0,-759.0,-573.0,1090.0
123.0,,-57.0,224.0,132.0,172.0,108.0,-482.0,-623.0,1090.0
120.0,,-17.0,155.0,47.0,160.0,147.0,-818.0,-651.0,1032.0
140.0,,0.0,68.0,-62.0,100.0,146.0,-450.0,-662.0,928.0
187.0,,28.0,-6.0,-138.0,81.0,123.0,-593.0,-655.0,792.0
222.0,,29.0,-68.0,-157.0,101.0,112.0,-585.0,-636.0,648.0
259.0,,59.0,-128.0,-147.0,83.0,124.0,-452.0,-612.0,483.0
281.0,,93.0,-212.0,-130.0,35.0,117.0,-835.0,-563.0,310.0
313.0,,141.0,-273.0,-116.0,42.0,106.0,-463.0,-498.0,128.0
320.0,,204.0,-297.0,-91.0,89.0,79.0,-816.0,-443.0,-61.0
308.0,,227.0,-274.0,-40.0,77.0,41.0,-700.0,-385.0,-270.0
311.0,,273.0,-197.0,17.0,47.0,32.0,-650.0,-332.0,-455.0
333.0,,289.0,-135.0,54.0,43.0,12.0,-807.0,-256.0,-622.0
361.0,,291.0,-106.0,66.0,75.0,5.0,-537.0,-158.0,-780.0
362.0,,269.0,-74.0,60.0,116.0,-4.0,-831.0,-55.0,-884.0
368.0,,223.0,-28.0,46.0,129.0,-18.0,-487.0,59.0,-969.0
372.0,,192.0,-69.0,20.0,118.0,-22.0,-633.0,170.0,-991.0
375.0,,153.0,-196.0,-30.0,129.0,-65.0,-600.0,274.0,-965.0
350.0,,90.0,-235.0,-104.0,150.0,-95.0,-533.0,343.0,-911.0
303.0,,24.0,-254.0,-174.0,81.0,-101.0,-766.0,382.0,-832.0
256.0,,-37.0,-279.0,-194.0,60.0,-91.0,-410.0,401.0,-739.0
193.0,,-103.0,-204.0,-159.0,115.0,-93.0,-716.0,391.0,-654.0
119.0,,-186.0,-104.0,-67.0,131.0,-116.0,-582.0,373.0,-575.0
35.0,,-236.0,-27.0,47.0,100.0,-85.0,-676.0,349.0,-468.0
-27.0,,-295.0,55.0,114.0,56.0,-43.0,-781.0,321.0,-392.0
-85.0,,-348.0,145.0,100.0,113.0,-31.0,-659.0,292.0,-314.0
-152.0,,-354.0,300.0,10.0,196.0,-31.0,-890.0,276.0,-250.0
-198.0,,-394.0,501.0,-82.0,140.0,-32.0,-554.0,254.0,-224.0
-227.0,,-398.0,607.0,-138.0,83.0,-39.0,-757.0,209.0,-202.0
-257.0,,-370.0,624.0,-135.0,101.0,-52.0,-550.0,171.0,-210.0
-279.0,,-369.0,603.0,-60.0,129.0,-63.0,-559.0,141.0,-248.0
-296.0,,-340.0,543.0,33.0,129.0,-103.0,-792.0,105.0,-290.0
-316.0,,-283.0,431.0,104.0,81.0,-121.0,-524.0,78.0,-326.0
-317.0,,-261.0,282.0,116.0,99.0,-110.0,-831.0,78.0,-366.0
-320.0,,-189.0,169.0,71.0,125.0,-127.0,-541.0,81.0,-393.0
-322.0,,-126.0,25.0,6.0,50.0,-131.0,-727.0,104.0,-408.0
-327.0,,-89.0,-81.0,-70.0,-39.0,-105.0,-766.0,139.0,-426.0
-349.0,,-25.0,-117.0,-118.0,-2.0,-85.0,-622.0,148.0,-443.0
-384.0,,33.0,-193.0,-118.0,62.0,-87.0,-840.0,150.0,-484.0
-412.0,,44.0,-256.0,-75.0,4.0,-91.0,-498.0,136.0,-542.0
-429.0,,63.0,-311.0,-6.0,-78.0,-105.0,-727.0,105.0,-605.0
-460.0,,110.0,-313.0,39.0,-135.0,-113.0,-447.0,79.0,-680.0
-488.0,,79.0,-276.0,41.0,-127.0,-98.0,-574.0,48.0,-718.0
-489.0,,106.0,-294.0,14.0,-145.0,-76.0,-716.0,27.0,-737.0
-471.0,,94.0,-308.0,3.0,-181.0,-42.0,-473.0,49.0,-756.0
-482.0,,83.0,-337.0,26.0,-166.0,-35.0,-825.0,79.0,-737.0
-500.0,,81.0,-354.0,72.0,-153.0,-67.0,-452.0,118.0,-744.0
-483.0,,57.0,-329.0,121.0,-154.0,-77.0,-667.0,152.0,-743.0
-463.0,,79.0,-307.0,141.0,-252.0,-84.0,-495.0,153.0,-725.0
-455.0,,43.0,-318.0,124.0,-243.0,-109.0,-378.0,134.0,-744.0
-423.0,,44.0,-390.0,74.0,-173.0,-125.0,-668.0,76.0,-736.0
-363.0,,5.0,-425.0,13.0,-235.0,-138.0,-317.0,19.0,-759.0
-319.0,,-14.0,-428.0,-33.0,-302.0,-131.0,-689.0,-34.0,-793.0
-281.0,,-36.0,-463.0,-65.0,-320.0,-129.0,-421.0,-91.0,-796.0
-257.0,,-91.0,-488.0,-75.0,-286.0,-149.0,-500.0,-122.0,-816.0
-261.0,,-79.0,-471.0,-62.0,-342.0,-168.0,-633.0,-158.0,-802.0
-257.0,,-102.0,-433.0,-13.0,-444.0,-186.0,-312.0,-196.0,-755.0
-247.0,,-86.0,-396.0,56.0,-452.0,-190.0,-570.0,-223.0,-694.0
-279.0,,-66.0,-285.0,112.0,-383.0,-204.0,-236.0,-255.0,-602.0
-329.0,,-54.0,-241.0,139.0,-327.0,-204.0,-482.0,-280.0,-485.0
-369.0,,-38.0,-276.0,122.0,-376.0,-188.0,-452.0,-290.0,-352.0
-422.0,,-15.0,-227.0,80.0,-380.0,-176.0,-343.0,-309.0,-205.0
-509.0,,32.0,-218.0,22.0,-292.0,-174.0,-471.0,-309.0,-59.0
-625.0,,16.0,-230.0,-35.0,-262.0,-170.0,-86.0,-264.0,103.0
-716.0,,42.0,-187.0,-73.0,-317.0,-124.0,-291.0,-210.0,267.0
-789.0,,54.0,-175.0,-99.0,-333.0,-101.0,-86.0,-157.0,401.0
-857.0,,30.0,-194.0,-72.0,-242.0,-104.0,-249.0,-102.0,530.0
-898.0,,50.0,-241.0,4.0,-181.0,-113.0,-266.0,-79.0,603.0
-902.0,,26.0,-238.0,81.0,-273.0,-138.0,-22.0,-78.0,624.0
-882.0,,23.0,-224.0,148.0,-383.0,-174.0,-182.0,-74.0,642.0
-881.0,,5.0,-266.0,181.0,-340.0,-200.0,129.0,-67.0,647.0
-862.0,,-38.0,-208.0,186.0,-290.0,-195.0,-153.0,-39.0,621.0
-793.0,,-62.0,-159.0,172.0,-350.0,-181.0,-57.0,9.0,582.0
-713.0,,-111.0,-159.0,133.0,-396.0,-160.0,-101.0,51.0,536.0
-662.0,,-155.0,-146.0,71.0,-321.0,-149.0,-208.0,86.0,470.0
-599.0,,-178.0,-208.0,-20.0,-224.0,-120.0,51.0,107.0,401.0
-463.0,,-192.0,-229.0,-136.0,-292.0,-57.0,-212.0,124.0,337.0
-346.0,,-206.0,-238.0,-255.0,-363.0,-3.0,121.0,116.0,292.0
-284.0,,-200.0,-242.0,-335.0,-285.0,34.0,-14.0,79.0,239.0
-230.0,,-202.0,-248.0,-344.0,-191.0,58.0,51.0,42.0,189.0
-137.0,,-176.0,-283.0,-269.0,-185.0,82.0,169.0,-31.0,160.0
-26.0,,-148.0,-290.0,-139.0,-256.0,81.0,-53.0,-110.0,149.0
34.0,,-148.0,-314.0,-21.0,-227.0,62.0,214.0,-184.0,164.0
70.0,,-116.0,-287.0,58.0,-181.0,48.0,-182.0,-273.0,191.0
109.0,,-85.0,-241.0,92.0,-265.0,13.0,11.0,-340.0,238.0
179.0,,-57.0,-198.0,94.0,-355.0,-23.0,62.0,-403.0,268.0
242.0,,-35.0,-106.0,113.0,-309.0,-40.0,-7.0,-445.0,291.0
251.0,,14.0,-88.0,157.0,-185.0,-49.0,214.0,-457.0,297.0
248.0,,42.0,-131.0,204.0,-203.0,-40.0,-179.0,-455.0,267.0
281.0,,94.0,-93.0,224.0,-262.0,-17.0,92.0,-441.0,240.0
300.0,,141.0,-33.0,189.0,-210.0,1.0,-109.0,-424.0,202.0
253.0,,171.0,-20.0,122.0,-108.0,35.0,-197.0,-408.0,160.0
232.0,,254.0,8.0,68.0,-96.0,85.0,-114.0,-371.0,80.0
256.0,,273.0,-28.0,39.0,-137.0,113.0,-380.0,-307.0,-42.0
267.0,,329.0,-105.0,20.0,-112.0,116.0,-31.0,-245.0,-164.0
235.0,,367.0,-141.0,-9.0,-75.0,120.0,-253.0,-161.0,-306.0
203.0,,383.0,-198.0,-55.0,-82.0,116.0,-101.0,-66.0,-452.0
229.0,,355.0,-245.0,-106.0,-178.0,89.0,-60.0,34.0,-591.0
216.0,,330.0,-290.0,-158.0,-210.0,60.0,-140.0,161.0,-728.0
141.0,,301.0,-299.0,-176.0,-85.0,38.0,84.0,287.0,-845.0
101.0,,200.0,-302.0,-160.0,-26.0,51.0,-279.0,409.0,-941.0
90.0,,174.0,-369.0,-128.0,-56.0,74.0,7.0,514.0,-1016.0
77.0,,92.0,-367.0,-107.0,-22.0,65.0,-157.0,582.0,-1047.0
29.0,,2.0,-323.0,-141.0,37.0,57.0,-195.0,611.0,-1050.0
6.0,,-70.0,-272.0,-209.0,79.0,51.0,-112.0,605.0,-1055.0
42.0,,-177.0,-195.0,-292.0,103.0,56.0,-349.0,564.0,-1081.0
48.0,,-259.0,-168.0,-349.0,120.0,70.0,75.0,509.0,-1114.0
34.0,,-312.0,-186.0,-314.0,162.0,91.0,-138.0,443.0,-1159.0
21.0,,-368.0,-277.0,-209.0,167.0,124.0,64.0,369.0,-1219.0
29.0,,-390.0,-401.0,-73.0,136.0,154.0,46.0,291.0,-1275.0
57.0,,-389.0,-469.0,43.0,142.0,210.0,35.0,205.0,-1312.0
52.0,,-401.0,-552.0,79.0,239.0,264.0,352.0,152.0,-1308.0
43.0,,-378.0,-608.0,51.0,279.0,282.0,46.0,112.0,-1288.0
69.0,,-377.0,-601.0,28.0,217.0,286.0,339.0,82.0,-1239.0
117.0,,-333.0,-591.0,47.0,229.0,272.0,-9.0,73.0,-1200.0
139.0,,-328.0,-519.0,108.0,298.0,264.0,33.0,63.0,-1192.0
134.0,,-330.0,-445.0,167.0,367.0,265.0,90.0,75.0,-1185.0
143.0,,-298.0,-357.0,180.0,357.0,265.0,-155.0,102.0,-1201.0
155.0,,-293.0,-194.0,114.0,333.0,238.0,249.0,137.0,-1200.0
132.0,,-274.0,-93.0,-26.0,386.0,225.0,-75.0,164.0,-1201.0
73.0,,-249.0,-68.0,-180.0,406.0,273.0,256.0,203.0,-1197.0
27.0,,-201.0,-63.0,-316.0,349.0,289.0,133.0,245.0,-1181.0
9.0,,-190.0,-127.0,-404.0,271.0,329.0,12.0,277.0,-1155.0
-16.0,,-160.0,-217.0,-430.0,273.0,404.0,293.0,293.0,-1083.0
-58.0,,-134.0,-294.0,-393.0,349.0,439.0,5.0,293.0,-1006.0
-82.0,,-121.0,-359.0,-328.0,385.0,451.0,332.0,295.0,-919.0
-115.0,,-88.0,-357.0,-263.0,383.0,434.0,-18.0,252.0,-832.0
-157.0,,-94.0,-404.0,-196.0,433.0,413.0,190.0,194.0,-746.0
-199.0,,-78.0,-472.0,-152.0,512.0,398.0,336.0,123.0,-662.0
-218.0,,-59.0,-437.0,-127.0,496.0,426.0,97.0,39.0,-614.0
-214.0,,-24.0,-425.0,-98.0,402.0,458.0,413.0,1.0,-583.0
-229.0,,-24.0,-390.0,-56.0,359.0,445.0,33.0,-23.0,-551.0
-239.0,,-25.0,-252.0,20.0,355.0,439.0,319.0,-25.0,-578.0
-243.0,,-15.0,-108.0,103.0,334.0,445.0,286.0,-17.0,-667.0
-244.0,,-86.0,-51.0,137.0,298.0,448.0,303.0,-7.0,-768.0
-279.0,,-86.0,-40.0,123.0,305.0,442.0,491.0,-6.0,-903.0
-315.0,,-154.0,0.0,97.0,342.0,447.0,221.0,-16.0,-1029.0
-334.0,,-224.0,45.0,99.0,376.0,439.0,556.0,-19.0,-1112.0
-368.0,,-231.0,93.0,124.0,365.0,415.0,221.0,-41.0,-1155.0
-398.0,,-336.0,120.0,140.0,314.0,413.0,362.0,-74.0,-1153.0
-434.0,,-343.0,130.0,123.0,371.0,422.0,410.0,-131.0,-1103.0
-432.0,,-375.0,141.0,78.0,390.0,412.0,271.0,-200.0,-1029.0
-420.0,,-395.0,103.0,30.0,313.0,405.0,585.0,-273.0,-972.0
-436.0,,-393.0,74.0,-25.0,235.0,420.0,243.0,-334.0,-892.0
-459.0,,-440.0,127.0,-80.0,181.0,418.0,515.0,-359.0,-816.0
-500.0,,-396.0,151.0,-144.0,224.0,422.0,352.0,-358.0,-744.0
-544.0,,-422.0,146.0,-184.0,237.0,438.0,363.0,-317.0,-647.0
-606.0,,-413.0,179.0,-171.0,176.0,463.0,567.0,-259.0,-528.0
-677.0,,-381.0,148.0,-125.0,158.0,503.0,336.0,-172.0,-370.0
-716.0,,-390.0,41.0,-51.0,217.0,539.0,718.0,-74.0,-194.0
-740.0,,-352.0,-1.0,11.0,258.0,584.0,428.0,17.0,-16.0
-762.0,,-350.0,-43.0,27.0,245.0,598.0,589.0,100.0,185.0
-767.0,,-328.0,-160.0,-19.0,233.0,607.0,641.0,171.0,397.0
-750.0,,-297.0,-242.0,-79.0,251.0,646.0,561.0,242.0,569.0
-725.0,,-262.0,-334.0,-90.0,206.0,652.0,894.0,296.0,697.0
-733.0,,-232.0,-432.0,-34.0,104.0,644.0,613.0,341.0,775.0
-739.0,,-203.0,-486.0,79.0,118.0,645.0,901.0,366.0,816.0
-716.0,,-135.0,-499.0,212.0,164.0,666.0,744.0,373.0,809.0
-673.0,,-105.0,-487.0,322.0,120.0,721.0,827.0,355.0,740.0
-639.0,,-45.0,-503.0,392.0,60.0,752.0,933.0,291.0,628.0
-640.0,,10.0,-468.0,424.0,111.0,747.0,670.0,194.0,499.0
-619.0,,19.0,-445.0,428.0,181.0,712.0,981.0,82.0,368.0
-587.0,,58.0,-452.0,407.0,159.0,684.0,683.0,-10.0,228.0
-584.0,,57.0,-447.0,361.0,130.0,650.0,966.0,-100.0,118.0
-593.0,,33.0,-453.0,289.0,160.0,601.0,984.0,-179.0,22.0
-596.0,,19.0,-362.0,179.0,221.0,557.0,951.0,-222.0,-62.0
-582.0,,-4.0,-238.0,43.0,174.0,498.0,1234.0,-252.0,-141.0
-575.0,,-38.0,-115.0,-97.0,98.0,464.0,955.0,-262.0,-223.0
-592.0,,-87.0,0.0,-236.0,77.0,442.0,1217.0,-233.0,-270.0
-605.0,,-133.0,72.0,-338.0,91.0,431.0,979.0,-182.0,-293.0
-590.0,,-213.0,169.0,-376.0,105.0,413.0,1130.0,-122.0,-288.0
-570.0,,-277.0,257.0,-354.0,16.0,402.0,1165.0,-42.0,-251.0
-571.0,,-358.0,302.0,-290.0,-21.0,427.0,905.0,51.0,-194.0
-579.0,,-427.0,307.0,-204.0,20.0,417.0,1195.0,129.0,-150.0
-557.0,,-471.0,354.0,-103.0,7.0,401.0,875.0,184.0,-106.0
-527.0,,-537.0,402.0,-28.0,-45.0,394.0,1178.0,208.0,-47.0
-511.0,,-559.0,335.0,-2.0,-75.0,390.0,1128.0,181.0,-12.0
-471.0,,-621.0,273.0,-19.0,-31.0,356.0,1090.0,135.0,10.0
-403.0,,-622.0,284.0,-64.0,-4.0,322.0,1274.0,75.0,13.0
-356.0,,-653.0,281.0,-139.0,-43.0,310.0,988.0,0.0,30.0
-314.0,,-690.0,207.0,-230.0,-75.0,272.0,1284.0,-64.0,93.0
-275.0,,-667.0,141.0,-286.0,-46.0,238.0,1016.0,-111.0,187.0
-260.0,,-714.0,107.0,-268.0,-21.0,226.0,1195.0,-141.0,315.0
-242.0,,-694.0,49.0,-170.0,-49.0,245.0,1236.0,-162.0,457.0
-214.0,,-689.0,33.0,-16.0,-27.0,244.0,1079.0,-162.0,599.0
-163.0,,-664.0,75.0,140.0,36.0,265.0,1369.0,-155.0,697.0
-112.0,,-615.0,108.0,250.0,41.0,310.0,1056.0,-139.0,719.0
-63.0,,-566.0,58.0,296.0,25.0,321.0,1315.0,-96.0,653.0
16.0,,-508.0,-15.0,287.0,41.0,335.0,1053.0,-57.0,526.0
81.0,,-466.0,-17.0,268.0,67.0,334.0,997.0,-24.0,352.0
98.0,,-371.0,-44.0,254.0,83.0,317.0,1175.0,15.0,116.0
110.0,,-320.0,-121.0,240.0,37.0,285.0,931.0,60.0,-164.0
142.0,,-245.0,-149.0,210.0,-17.0,286.0,1258.0,85.0,-445.0
177.0,,-195.0,-107.0,140.0,5.0,275.0,923.0,99.0,-699.0
197.0,,-170.0,-79.0,84.0,32.0,221.0,1045.0,90.0,-932.0
217.0,,-112.0,-72.0,63.0,12.0,183.0,1023.0,63.0,-1095.0
224.0,,-127.0,31.0,46.0,-18.0,149.0,947.0,40.0,-1181.0
216.0,,-94.0,133.0,34.0,-14.0,140.0,1310.0,22.0,-1200.0
187.0,,-82.0,169.0,18.0,25.0,119.0,1042.0,25.0,-1140.0
129.0,,-136.0,204.0,1.0,18.0,115.0,1302.0,22.0,-1042.0
68.0,,-110.0,216.0,-6.0,-41.0,140.0,1082.0,-2.0,-903.0
7.0,,-129.0,259.0,-18.0,-55.0,136.0,1104.0,-33.0,-737.0
-53.0,,-172.0,299.0,-25.0,-85.0,128.0,1193.0,-61.0,-560.0
-123.0,,-166.0,228.0,1.0,-110.0,110.0,966.0,-96.0,-377.0
-186.0,,-198.0,158.0,51.0,-100.0,79.0,1217.0,-122.0,-189.0
-227.0,,-232.0,190.0,93.0,-123.0,35.0,774.0,-138.0,4.0
-256.0,,-246.0,193.0,121.0,-125.0,-12.0,883.0,-126.0,173.0
-261.0,,-249.0,125.0,144.0,-120.0,-58.0,761.0,-90.0,308.0
-284.0,,-244.0,75.0,162.0,-116.0,-109.0,733.0,-48.0,380.0
-317.0,,-250.0,50.0,132.0,-90.0,-140.0,1016.0,12.0,393.0
-324.0,,-251.0,29.0,14.0,-79.0,-143.0,744.0,74.0,370.0
-321.0,,-236.0,26.0,-135.0,-137.0,-152.0,1090.0,141.0,322.0
-322.0,,-225.0,48.0,-240.0,-158.0,-156.0,870.0,201.0,264.0
-338.0,,-212.0,23.0,-277.0,-137.0,-129.0,1018.0,243.0,209.0
-352.0,,-181.0,-46.0,-230.0,-159.0,-116.0,1097.0,286.0,140.0
-328.0,,-121.0,-96.0,-141.0,-181.0,-118.0,885.0,323.0,13.0
-315.0,,-75.0,-132.0,-42.0,-228.0,-107.0,1141.0,335.0,-118.0
-354.0,,-19.0,-220.0,69.0,-212.0,-108.0,807.0,321.0,-267.0
-397.0,,63.0,-291.0,171.0,-148.0,-121.0,1042.0,312.0,-441.0
-452.0,,108.0,-290.0,258.0,-157.0,-121.0,855.0,301.0,-608.0
-516.0,,216.0,-304.0,295.0,-184.0,-121.0,820.0,284.0,-757.0
-589.0,,308.0,-291.0,260.0,-181.0,-123.0,1027.0,262.0,-838.0
-652.0,,391.0,-254.0,158.0,-168.0,-94.0,785.0,242.0,-869.0
-683.0,,484.0,-258.0,39.0,-178.0,-70.0,1090.0,231.0,-822.0
-687.0,,528.0,-265.0,-56.0,-215.0,-45.0,776.0,235.0,-710.0
-676.0,,581.0,-249.0,-158.0,-219.0,-10.0,953.0,262.0,-569.0
-684.0,,579.0,-271.0,-249.0,-204.0,-19.0,960.0,278.0,-384.0
-671.0,,582.0,-332.0,-301.0,-223.0,-30.0,752.0,260.0,-212.0
-651.0,,550.0,-405.0,-340.0,-250.0,-21.0,1051.0,196.0,-64.0
-634.0,,526.0,-518.0,-382.0,-285.0,-47.0,753.0,115.0,62.0
-601.0,,483.0,-597.0,-422.0,-255.0,-88.0,1012.0,40.0,156.0
-549.0,,412.0,-621.0,-432.0,-242.0,-120.0,833.0,-16.0,245.0
-460.0,,376.0,-654.0,-405.0,-263.0,-168.0,824.0,-52.0,330.0
-369.0,,291.0,-656.0,-359.0,-191.0,-204.0,953.0,-85.0,425.0
-291.0,,231.0,-588.0,-292.0,-135.0,-210.0,703.0,-106.0,508.0
-218.0,,159.0,-546.0,-186.0,-194.0,-216.0,1069.0,-128.0,529.0
-137.0,,83.0,-560.0,-35.0,-287.0,-235.0,755.0,-159.0,522.0
-53.0,,28.0,-612.0,130.0,-321.0,-232.0,885.0,-186.0,496.0
25.0,,-33.0,-694.0,287.0,-328.0,-213.0,873.0,-212.0,419.0
91.0,,-83.0,-768.0,403.0,-311.0,-210.0,724.0,-226.0,289.0
147.0,,-145.0,-832.0,446.0,-331.0,-184.0,951.0,-241.0,151.0
192.0,,-205.0,-875.0,442.0,-327.0,-149.0,642.0,-253.0,44.0
226.0,,-235.0,-896.0,413.0,-265.0,-148.0,957.0,-246.0,-50.0
255.0,,-308.0,-941.0,377.0,-260.0,-151.0,814.0,-251.0,-86.0
273.0,,-379.0,-977.0,357.0,-245.0,-155.0,857.0,-263.0,-63.0
314.0,,-415.0,-921.0,323.0,-225.0,-138.0,872.0,-274.0,-14.0
330.0,,-507.0,-837.0,266.0,-208.0,-123.0,563.0,-276.0,96.0
320.0,,-576.0,-809.0,212.0,-222.0,-126.0,883.0,-248.0,192.0
299.0,,-625.0,-772.0,147.0,-243.0,-113.0,582.0,-212.0,264.0
277.0,,-677.0,-730.0,43.0,-244.0,-142.0,783.0,-168.0,310.0
267.0,,-733.0,-739.0,-143.0,-262.0,-183.0,740.0,-105.0,282.0
220.0,,-780.0,-767.0,-370.0,-267.0,-178.0,574.0,-43.0,206.0
191.0,,-840.0,-782.0,-534.0,-308.0,-164.0,770.0,-7.0,92.0
202.0,,-902.0,-771.0,-611.0,-309.0,-141.0,485.0,20.0,-31.0
245.0,,-914.0,-799.0,-605.0,-271.0,-118.0,785.0,47.0,-139.0
286.0,,-944.0,-832.0,-532.0,-242.0,-124.0,626.0,74.0,-218.0
295.0,,-956.0,-828.0,-405.0,-237.0,-120.0,700.0,104.0,-279.0
330.0,,-936.0,-818.0,-257.0,-231.0,-84.0,785.0,130.0,-327.0
370.0,,-911.0,-781.0,-127.0,-173.0,-43.0,537.0,154.0,-361.0
387.0,,-888.0,-700.0,8.0,-156.0,31.0,814.0,178.0,-423.0
412.0,,-871.0,-554.0,136.0,-159.0,90.0,578.0,210.0,-471.0
449.0,,-835.0,-448.0,228.0,-180.0,112.0,781.0,241.0,-493.0
493.0,,-802.0,-311.0,283.0,-202.0,147.0,678.0,245.0,-509.0
511.0,,-785.0,-170.0,279.0,-205.0,165.0,567.0,249.0,-502.0
501.0,,-756.0,-145.0,217.0,-211.0,186.0,713.0,252.0,-503.0
478.0,,-713.0,-134.0,115.0,-217.0,195.0,448.0,228.0,-512.0
447.0,,-689.0,-173.0,7.0,-201.0,179.0,787.0,213.0,-532.0
427.0,,-640.0,-235.0,-62.0,-156.0,161.0,548.0,189.0,-579.0
398.0,,-593.0,-269.0,-67.0,-171.0,112.0,667.0,148.0,-606.0
357.0,,-552.0,-371.0,-20.0,-200.0,76.0,727.0,101.0,-623.0
321.0,,-482.0,-502.0,55.0,-164.0,67.0,445.0,34.0,-613.0
285.0,,-468.0,-582.0,122.0,-118.0,53.0,641.0,-14.0,-553.0
258.0,,-420.0,-689.0,160.0,-116.0,45.0,325.0,-39.0,-493.0
218.0,,-379.0,-708.0,186.0,-158.0,36.0,537.0,-66.0,-441.0
143.0,,-365.0,-674.0,177.0,-194.0,57.0,360.0,-79.0,-381.0
90.0,,-325.0,-685.0,109.0,-157.0,79.0,369.0,-74.0,-284.0
59.0,,-305.0,-667.0,1.0,-126.0,53.0,485.0,-62.0,-159.0
24.0,,-248.0,-665.0,-121.0,-153.0,53.0,214.0,-50.0,1.0
-16.0,,-226.0,-616.0,-229.0,-158.0,65.0,582.0,-53.0,175.0
-38.0,,-182.0,-588.0,-329.0,-114.0,54.0,242.0,-61.0,299.0
-39.0,,-158.0,-584.0,-415.0,-57.0,83.0,467.0,-81.0,377.0
-68.0,,-135.0,-584.0,-455.0,-78.0,98.0,432.0,-108.0,402.0
-92.0,,-122.0,-574.0,-433.0,-91.0,68.0,179.0,-115.0,381.0
-97.0,,-129.0,-525.0,-340.0,-29.0,69.0,443.0,-98.0,320.0
-93.0,,-86.0,-527.0,-212.0,-18.0,107.0,136.0,-32.0,255.0
-104.0,,-117.0,-506.0,-65.0,-39.0,116.0,515.0,56.0,218.0
-116.0,,-71.0,-548.0,96.0,-51.0,107.0,325.0,141.0,222.0
-124.0,,-71.0,-591.0,244.0,-25.0,101.0,218.0,230.0,255.0
-158.0,,-85.0,-542.0,370.0,6.0,90.0,205.0,322.0,322.0
-212.0,,-52.0,-537.0,444.0,-49.0,88.0,-68.0,398.0,441.0
-266.0,,-70.0,-535.0,429.0,-78.0,81.0,253.0,461.0,589.0
-286.0,,-57.0,-468.0,322.0,-9.0,87.0,-25.0,511.0,759.0
-293.0,,-109.0,-385.0,155.0,81.0,85.0,210.0,507.0,940.0
-293.0,,-125.0,-366.0,-16.0,105.0,68.0,90.0,476.0,1132.0
-314.0,,-148.0,-334.0,-141.0,58.0,55.0,-144.0,413.0,1300.0
-331.0,,-198.0,-252.0,-197.0,77.0,60.0,-59.0,312.0,1444.0
-314.0,,-203.0,-245.0,-204.0,152.0,80.0,-498.0,195.0,1557.0
-313.0,,-239.0,-253.0,-192.0,146.0,96.0,-203.0,58.0,1631.0
-299.0,,-251.0,-197.0,-180.0,108.0,111.0,-378.0,-106.0,1638.0
-281.0,,-247.0,-118.0,-172.0,121.0,99.0,-323.0,-275.0,1540.0
-256.0,,-268.0,-24.0,-171.0,160.0,74.0,-205.0,-423.0,1383.0
-230.0,,-248.0,40.0,-175.0,177.0,34.0,-437.0,-557.0,1165.0
-245.0,,-213.0,79.0,-162.0,147.0,-7.0,-157.0,-653.0,930.0
-293.0,,-184.0,78.0,-152.0,137.0,-28.0,-489.0,-708.0,725.0
-346.0,,-150.0,48.0,-137.0,210.0,-29.0,-293.0,-753.0,581.0
-382.0,,-99.0,89.0,-94.0,254.0,-56.0,-325.0,-801.0,518.0
-433.0,,-64.0,110.0,-79.0,219.0,-89.0,-347.0,-830.0,528.0
-472.0,,-7.0,57.0,-114.0,237.0,-102.0,-160.0,-844.0,599.0
-469.0,,47.0,41.0,-188.0,290.0,-141.0,-576.0,-850.0,689.0
-457.0,,79.0,77.0,-248.0,342.0,-137.0,-247.0,-850.0,795.0
-473.0,,159.0,57.0,-251.0,376.0,-149.0,-533.0,-848.0,874.0
-486.0,,200.0,10.0,-201.0,366.0,-176.0,-582.0,-840.0,937.0
-458.0,,273.0,40.0,-97.0,395.0,-152.0,-585.0,-834.0,1003.0
-428.0,,338.0,41.0,19.0,394.0,-158.0,-807.0,-824.0,1062.0
-401.0,,380.0,-30.0,118.0,369.0,-172.0,-465.0,-806.0,1105.0
-377.0,,420.0,-47.0,155.0,390.0,-180.0,-770.0,-776.0,1092.0
-325.0,,440.0,-7.0,115.0,397.0,-189.0,-506.0,-728.0,1026.0
-274.0,,458.0,20.0,16.0,390.0,-186.0,-683.0,-678.0,898.0
-233.0,,470.0,24.0,-105.0,376.0,-190.0,-774.0,-634.0,719.0
-165.0,,506.0,56.0,-190.0,366.0,-238.0,-561.0,-574.0,513.0
-103.0,,502.0,134.0,-213.0,389.0,-277.0,-829.0,-518.0,307.0
-57.0,,549.0,138.0,-177.0,431.0,-300.0,-504.0,-487.0,93.0
-22.0,,560.0,38.0,-123.0,448.0,-358.0,-800.0,-438.0,-135.0
20.0,,537.0,-32.0,-81.0,450.0,-392.0,-665.0,-377.0,-332.0
50.0,,542.0,-58.0,-72.0,467.0,-402.0,-659.0,-292.0,-487.0
76.0,,494.0,-129.0,-80.0,420.0,-444.0,-744.0,-186.0,-602.0
117.0,,464.0,-230.0,-82.0,377.0,-455.0,-419.0,-91.0,-680.0
150.0,,438.0,-355.0,-76.0,402.0,-419.0,-776.0,-11.0,-710.0
173.0,,394.0,-471.0,-37.0,400.0,-398.0,-504.0,41.0,-695.0
209.0,,321.0,-543.0,15.0,403.0,-366.0,-746.0,61.0,-644.0
268.0,,281.0,-546.0,53.0,393.0,-322.0,-801.0,44.0,-576.0
305.0,,235.0,-461.0,52.0,384.0,-265.0,-637.0,23.0,-504.0
325.0,,174.0,-372.0,18.0,415.0,-221.0,-905.0,0.0,-394.0
349.0,,155.0,-321.0,-29.0,442.0,-219.0,-563.0,-34.0,-272.0
359.0,,100.0,-309.0,-86.0,463.0,-233.0,-764.0,-84.0,-150.0
351.0,,77.0,-278.0,-107.0,501.0,-281.0,-578.0,-133.0,-33.0
360.0,,62.0,-234.0,-90.0,551.0,-306.0,-569.0,-156.0,56.0
376.0,,32.0,-185.0,-48.0,539.0,-322.0,-652.0,-180.0,116.0
365.0,,60.0,-158.0,17.0,521.0,-368.0,-419.0,-202.0,145.0
353.0,,37.0,-162.0,95.0,492.0,-414.0,-726.0,-232.0,139.0
356.0,,22.0,-141.0,173.0,452.0,-455.0,-412.0,-256.0,100.0
349.0,,26.0,-163.0,215.0,454.0,-461.0,-532.0,-283.0,49.0
312.0,,-9.0,-233.0,222.0,429.0,-436.0,-415.0,-300.0,-18.0
294.0,,-26.0,-331.0,239.0,408.0,-448.0,-223.0,-293.0,-81.0
270.0,,-80.0,-403.0,274.0,431.0,-448.0,-467.0,-293.0,-98.0
244.0,,-147.0,-467.0,314.0,465.0,-379.0,-169.0,-254.0,-91.0
233.0,,-174.0,-532.0,348.0,429.0,-323.0,-487.0,-195.0,-65.0
191.0,,-215.0,-550.0,339.0,368.0,-283.0,-327.0,-131.0,-26.0
151.0,,-254.0,-566.0,273.0,385.0,-247.0,-297.0,-55.0,8.0
109.0,,-227.0,-529.0,159.0,448.0,-227.0,-417.0,28.0,6.0
52.0,,-228.0,-462.0,19.0,478.0,-200.0,-175.0,99.0,-29.0
-1.0,,-220.0,-396.0,-124.0,448.0,-204.0,-491.0,130.0,-84.0
-50.0,,-155.0,-301.0,-237.0,452.0,-211.0,-360.0,152.0,-159.0
-102.0,,-113.0,-190.0,-281.0,500.0,-205.0,-600.0,139.0,-214.0
-150.0,,-31.0,-103.0,-262.0,453.0,-211.0,-461.0,108.0,-228.0
-157.0,,55.0,-89.0,-195.0,389.0,-223.0,-351.0,72.0,-213.0
-163.0,,147.0,-96.0,-105.0,434.0,-252.0,-524.0,27.0,-187.0
-167.0,,266.0,-154.0,-28.0,463.0,-280.0,-173.0,11.0,-94.0
-145.0,,351.0,-257.0,21.0,432.0,-332.0,-513.0,11.0,34.0
-109.0,,450.0,-316.0,59.0,398.0,-356.0,-308.0,22.0,149.0
-93.0,,522.0,-358.0,64.0,420.0,-326.0,-437.0,63.0,266.0
-112.0,,572.0,-418.0,7.0,494.0,-306.0,-561.0,125.0,328.0
-104.0,,621.0,-490.0,-83.0,538.0,-289.0,-314.0,154.0,347.0
-98.0,,628.0,-522.0,-179.0,509.0,-279.0,-600.0,159.0,339.0
-114.0,,640.0,-505.0,-254.0,557.0,-274.0,-269.0,149.0,294.0
-97.0,,597.0,-505.0,-275.0,632.0,-265.0,-417.0,108.0,256.0
-70.0,,555.0,-507.0,-220.0,575.0,-230.0,-216.0,73.0,208.0
-62.0,,509.0,-437.0,-131.0,575.0,-201.0,-147.0,60.0,154.0
-68.0,,414.0,-343.0,-55.0,575.0,-180.0,-413.0,71.0,113.0
-77.0,,361.0,-269.0,-9.0,555.0,-133.0,-142.0,97.0,65.0
-78.0,,242.0,-205.0,-13.0,537.0,-93.0,-430.0,135.0,29.0
-81.0,,151.0,-160.0,-48.0,513.0,-72.0,-131.0,171.0,-7.0
-98.0,,78.0,-186.0,-82.0,575.0,-85.0,-216.0,180.0,-53.0
-115.0,,-40.0,-263.0,-92.0,570.0,-105.0,-299.0,171.0,-88.0
-114.0,,-80.0,-297.0,-67.0,510.0,-108.0,-136.0,148.0,-122.0
-78.0,,-148.0,-360.0,-22.0,500.0,-85.0,-389.0,111.0,-133.0
-37.0,,-177.0,-418.0,14.0,523.0,-56.0,-55.0,80.0,-138.0
-24.0,,-202.0,-413.0,31.0,529.0,-57.0,-236.0,43.0,-131.0
-5.0,,-213.0,-441.0,32.0,536.0,-54.0,-7.0,-16.0,-118.0
30.0,,-187.0,-463.0,27.0,555.0,-56.0,-57.0,-102.0,-110.0
59.0,,-194.0,-438.0,35.0,572.0,-32.0,-338.0,-196.0,-99.0
83.0,,-164.0,-376.0,35.0,617.0,9.0,-62.0,-284.0,-137.0
107.0,,-171.0,-290.0,25.0,596.0,31.0,-412.0,-367.0,-186.0
124.0,,-128.0,-273.0,13.0,592.0,82.0,-179.0,-423.0,-202.0
141.0,,-111.0,-239.0,-4.0,626.0,113.0,-303.0,-459.0,-228.0
163.0,,-90.0,-93.0,-30.0,582.0,126.0,-310.0,-463.0,-277.0
190.0,,-75.0,-51.0,-52.0,561.0,163.0,-147.0,-433.0,-327.0
203.0,,-97.0,-106.0,-68.0,557.0,203.0,-362.0,-387.0,-380.0
208.0,,-70.0,-121.0,-100.0,527.0,221.0,0.0,-342.0,-449.0
178.0,,-122.0,-176.0,-124.0,509.0,211.0,-249.0,-295.0,-511.0
142.0,,-115.0,-269.0,-129.0,472.0,218.0,-62.0,-246.0,-571.0
141.0,,-91.0,-310.0,-99.0,452.0,225.0,-92.0,-189.0,-603.0
137.0,,-83.0,-369.0,-42.0,481.0,235.0,-256.0,-118.0,-594.0
130.0,,-72.0,-489.0,18.0,463.0,247.0,29.0,-37.0,-571.0
150.0,,-22.0,-539.0,96.0,445.0,260.0,-279.0,50.0,-503.0
192.0,,4.0,-571.0,150.0,482.0,280.0,-35.0,124.0,-412.0
206.0,,19.0,-602.0,181.0,497.0,299.0,-288.0,177.0,-327.0
202.0,,91.0,-588.0,194.0,488.0,356.0,-328.0,207.0,-240.0
201.0,,66.0,-608.0,165.0,427.0,419.0,-221.0,225.0,-141.0
197.0,,123.0,-628.0,117.0,411.0,451.0,-445.0,227.0,-59.0
171.0,,163.0,-608.0,68.0,464.0,460.0,-44.0,221.0,0.0
114.0,,162.0,-566.0,51.0,450.0,473.0,-327.0,226.0,40.0
80.0,,217.0,-566.0,70.0,437.0,470.0,-181.0,228.0,18.0
63.0,,227.0,-590.0,95.0,436.0,460.0,-158.0,218.0,-36.0
-3.0,,244.0,-544.0,105.0,394.0,462.0,-273.0,187.0,-108.0
-79.0,,257.0,-505.0,79.0,333.0,445.0,-44.0,127.0,-150.0
-92.0,,295.0,-513.0,12.0,316.0,456.0,-301.0,35.0,-186.0
-82.0,,289.0,-522.0,-86.0,352.0,455.0,-62.0,-79.0,-201.0
-104.0,,299.0,-532.0,-176.0,398.0,440.0,-319.0,-201.0,-141.0
-151.0,,313.0,-530.0,-194.0,422.0,422.0,-297.0,-306.0,-87.0
-151.0,,291.0,-555.0,-119.0,402.0,425.0,-253.0,-383.0,-69.0
-109.0,,308.0,-592.0,20.0,422.0,470.0,-546.0,-437.0,-104.0
-93.0,,261.0,-602.0,161.0,406.0,486.0,-279.0,-447.0,-186.0
-83.0,,250.0,-617.0,240.0,361.0,497.0,-569.0,-421.0,-306.0
-47.0,,225.0,-663.0,242.0,369.0,492.0,-375.0,-382.0,-449.0
9.0,,170.0,-696.0,173.0,353.0,479.0,-450.0,-332.0,-566.0
48.0,,175.0,-647.0,50.0,363.0,465.0,-545.0,-283.0,-649.0
56.0,,94.0,-642.0,-85.0,349.0,450.0,-347.0,-233.0,-673.0
81.0,,81.0,-638.0,-169.0,295.0,444.0,-698.0,-195.0,-647.0
144.0,,84.0,-579.0,-177.0,279.0,407.0,-443.0,-161.0,-565.0
185.0,,29.0,-577.0,-139.0,280.0,376.0,-715.0,-136.0,-449.0
181.0,,39.0,-532.0,-78.0,285.0,370.0,-630.0,-140.0,-329.0
203.0,,35.0,-517.0,-14.0,299.0,370.0,-493.0,-154.0,-204.0
247.0,,37.0,-529.0,68.0,330.0,387.0,-667.0,-199.0,-114.0
258.0,,45.0,-508.0,171.0,304.0,419.0,-323.0,-268.0,-32.0
235.0,,80.0,-529.0,267.0,313.0,455.0,-654.0,-338.0,12.0
247.0,,105.0,-557.0,333.0,352.0,476.0,-471.0,-413.0,-16.0
306.0,,134.0,-582.0,341.0,342.0,458.0,-554.0,-484.0,-74.0
315.0,,193.0,-539.0,284.0,306.0,454.0,-591.0,-521.0,-166.0
290.0,,239.0,-513.0,153.0,252.0,448.0,-434.0,-507.0,-277.0
301.0,,290.0,-511.0,-14.0,269.0,405.0,-752.0,-469.0,-387.0
314.0,,353.0,-490.0,-128.0,229.0,388.0,-434.0,-414.0,-466.0
323.0,,423.0,-498.0,-154.0,159.0,388.0,-733.0,-342.0,-475.0
327.0,,450.0,-483.0,-117.0,166.0,349.0,-624.0,-255.0,-436.0
317.0,,509.0,-507.0,-51.0,127.0,294.0,-563.0,-159.0,-338.0
330.0,,540.0,-533.0,8.0,112.0,270.0,-737.0,-71.0,-192.0
350.0,,551.0,-519.0,56.0,146.0,246.0,-399.0,0.0,-49.0
348.0,,550.0,-560.0,104.0,160.0,214.0,-683.0,60.0,59.0
325.0,,530.0,-599.0,155.0,141.0,192.0,-376.0,84.0,102.0
313.0,,508.0,-567.0,203.0,129.0,179.0,-441.0,80.0,82.0
282.0,,477.0,-520.0,226.0,160.0,171.0,-452.0,90.0,-22.0
240.0,,448.0,-505.0,220.0,137.0,134.0,-303.0,100.0,-220.0
231.0,,379.0,-508.0,188.0,74.0,105.0,-517.0,119.0,-468.0
202.0,,388.0,-453.0,137.0,-11.0,109.0,-166.0,148.0,-753.0
174.0,,324.0,-383.0,72.0,-88.0,79.0,-469.0,174.0,-1014.0
165.0,,293.0,-344.0,-1.0,-93.0,48.0,-297.0,206.0,-1215.0
165.0,,294.0,-303.0,-52.0,-102.0,31.0,-328.0,235.0,-1355.0
159.0,,209.0,-275.0,-71.0,-136.0,19.0,-500.0,248.0,-1390.0
155.0,,242.0,-297.0,-83.0,-175.0,13.0,-214.0,236.0,-1353.0
185.0,,205.0,-383.0,-122.0,-181.0,1.0,-582.0,203.0,-1257.0
200.0,,170.0,-394.0,-191.0,-175.0,1.0,-367.0,157.0,-1101.0
184.0,,197.0,-382.0,-269.0,-135.0,-26.0,-580.0,101.0,-932.0
146.0,,160.0,-433.0,-340.0,-114.0,-35.0,-528.0,35.0,-771.0
134.0,,159.0,-415.0,-381.0,-137.0,-37.0,-365.0,-24.0,-632.0
138.0,,194.0,-343.0,-391.0,-116.0,-21.0,-609.0,-75.0,-535.0
128.0,,197.0,-280.0,-371.0,-158.0,14.0,-251.0,-131.0,-481.0
115.0,,250.0,-200.0,-323.0,-233.0,-20.0,-558.0,-187.0,-469.0
94.0,,323.0,-77.0,-245.0,-296.0,-33.0,-393.0,-242.0,-511.0
92.0,,339.0,21.0,-148.0,-349.0,-12.0,-419.0,-276.0,-568.0
82.0,,411.0,88.0,-35.0,-367.0,2.0,-515.0,-284.0,-614.0
57.0,,449.0,152.0,114.0,-394.0,-24.0,-177.0,-273.0,-661.0
52.0,,465.0,178.0,265.0,-375.0,-64.0,-421.0,-242.0,-691.0
82.0,,505.0,215.0,355.0,-352.0,-84.0,-144.0,-195.0,-721.0
94.0,,480.0,229.0,374.0,-388.0,-98.0,-297.0,-152.0,-732.0
69.0,,475.0,178.0,345.0,-439.0,-75.0,-216.0,-120.0,-699.0
43.0,,459.0,95.0,294.0,-482.0,-81.0,-177.0,-79.0,-665.0
40.0,,386.0,45.0,241.0,-449.0,-102.0,-395.0,-44.0,-676.0
45.0,,384.0,-5.0,188.0,-431.0,-91.0,-158.0,-4.0,-726.0
0.0,,368.0,-83.0,114.0,-528.0,-73.0,-556.0,30.0,-785.0
-57.0,,317.0,-148.0,10.0,-565.0,-74.0,-280.0,44.0,-849.0
-79.0,,325.0,-242.0,-99.0,-559.0,-88.0,-310.0,53.0,-894.0
-70.0,,280.0,-277.0,-203.0,-563.0,-113.0,-341.0,53.0,-923.0
-77.0,,251.0,-298.0,-317.0,-582.0,-141.0,-36.0,38.0,-917.0
-115.0,,247.0,-352.0,-430.0,-638.0,-153.0,-301.0,12.0,-832.0
-131.0,,203.0,-338.0,-524.0,-623.0,-165.0,-3.0,-8.0,-739.0
-128.0,,192.0,-277.0,-569.0,-590.0,-202.0,-229.0,-38.0,-628.0
-162.0,,170.0,-201.0,-547.0,-599.0,-252.0,-144.0,-49.0,-488.0
-236.0,,139.0,-158.0,-468.0,-641.0,-247.0,-155.0,-27.0,-377.0
-275.0,,113.0,-145.0,-349.0,-699.0,-243.0,-443.0,0.0,-292.0
-286.0,,57.0,-134.0,-230.0,-722.0,-270.0,-229.0,30.0,-265.0
-297.0,,29.0,-128.0,-115.0,-728.0,-262.0,-558.0,20.0,-294.0
-321.0,,-12.0,-173.0,2.0,-765.0,-269.0,-293.0,-17.0,-383.0
-338.0,,-94.0,-268.0,105.0,-790.0,-284.0,-343.0,-73.0,-535.0
-341.0,,-110.0,-389.0,173.0,-825.0,-303.0,-312.0,-131.0,-716.0
-352.0,,-174.0,-554.0,198.0,-860.0,-324.0,-72.0,-164.0,-901.0
-345.0,,-239.0,-697.0,189.0,-830.0,-343.0,-325.0,-190.0,-1042.0
-324.0,,-252.0,-823.0,153.0,-845.0,-375.0,-114.0,-187.0,-1144.0
-283.0,,-318.0,-964.0,108.0,-899.0,-376.0,-375.0,-170.0,-1217.0
-264.0,,-321.0,-1093.0,65.0,-909.0,-388.0,-247.0,-149.0,-1251.0
-241.0,,-313.0,-1181.0,26.0,-876.0,-423.0,-334.0,-136.0,-1226.0
-175.0,,-329.0,-1211.0,6.0,-799.0,-425.0,-511.0,-135.0,-1141.0
-116.0,,-274.0,-1214.0,24.0,-755.0,-420.0,-310.0,-126.0,-1006.0
-94.0,,-249.0,-1178.0,85.0,-740.0,-425.0,-692.0,-138.0,-821.0
-83.0,,-229.0,-1122.0,155.0,-738.0,-434.0,-389.0,-137.0,-647.0
-35.0,,-154.0,-1055.0,192.0,-805.0,-459.0,-460.0,-103.0,-521.0
3.0,,-125.0,-958.0,184.0,-801.0,-472.0,-537.0,-40.0,-422.0
25.0,,-70.0,-834.0,136.0,-764.0,-451.0,-487.0,66.0,-405.0
38.0,,-25.0,-695.0,51.0,-800.0,-423.0,-685.0,187.0,-460.0
70.0,,-10.0,-560.0,-43.0,-757.0,-402.0,-341.0,312.0,-514.0
114.0,,33.0,-449.0,-108.0,-695.0,-399.0,-567.0,418.0,-553.0
154.0,,26.0,-339.0,-121.0,-703.0,-412.0,-395.0,484.0,-544.0
231.0,,43.0,-206.0,-64.0,-739.0,-410.0,-437.0,505.0,-503.0
347.0,,42.0,-74.0,66.0,-747.0,-410.0,-567.0,509.0,-448.0
460.0,,26.0,63.0,244.0,-658.0,-419.0,-290.0,513.0,-380.0
542.0,,25.0,196.0,395.0,-585.0,-406.0,-524.0,482.0,-292.0
593.0,,30.0,273.0,472.0,-627.0,-393.0,-304.0,429.0,-173.0
607.0,,18.0,301.0,464.0,-677.0,-431.0,-600.0,371.0,-22.0
601.0,,3.0,277.0,374.0,-624.0,-460.0,-569.0,278.0,153.0
565.0,,31.0,204.0,233.0,-591.0,-461.0,-412.0,165.0,307.0
519.0,,-4.0,124.0,77.0,-640.0,-506.0,-594.0,48.0,406.0
463.0,,4.0,27.0,-61.0,-699.0,-543.0,-216.0,-67.0,440.0
393.0,,-4.0,-72.0,-159.0,-726.0,-571.0,-556.0,-159.0,406.0
337.0,,3.0,-148.0,-196.0,-643.0,-606.0,-389.0,-220.0,333.0
283.0,,58.0,-217.0,-165.0,-550.0,-624.0,-351.0,-247.0,268.0
249.0,,49.0,-228.0,-77.0,-563.0,-648.0,-404.0,-242.0,213.0
212.0,,111.0,-235.0,44.0,-539.0,-659.0,-186.0,-204.0,174.0
185.0,,128.0,-290.0,174.0,-494.0,-666.0,-521.0,-151.0,159.0
181.0,,170.0,-281.0,282.0,-496.0,-694.0,-145.0,-97.0,151.0
182.0,,203.0,-217.0,329.0,-477.0,-709.0,-363.0,-31.0,111.0
222.0,,226.0,-138.0,319.0,-480.0,-694.0,-269.0,60.0,31.0
254.0,,267.0,-73.0,265.0,-491.0,-698.0,-88.0,164.0,-43.0
294.0,,259.0,-10.0,174.0,-509.0,-699.0,-389.0,241.0,-106.0
335.0,,282.0,101.0,57.0,-553.0,-684.0,-42.0,289.0,-155.0
346.0,,260.0,200.0,-65.0,-561.0,-668.0,-319.0,321.0,-190.0
335.0,,264.0,269.0,-155.0,-553.0,-661.0,-110.0,329.0,-224.0
307.0,,234.0,301.0,-203.0,-542.0,-680.0,-134.0,308.0,-253.0
290.0,,225.0,239.0,-203.0,-500.0,-689.0,-264.0,274.0,-296.0
277.0,,207.0,169.0,-150.0,-500.0,-704.0,-57.0,233.0,-382.0
289.0,,174.0,111.0,-81.0,-552.0,-752.0,-336.0,179.0,-474.0
302.0,,212.0,3.0,-26.0,-563.0,-796.0,3.0,117.0,-563.0
325.0,,146.0,-123.0,4.0,-532.0,-810.0,-251.0,45.0,-650.0
358.0,,145.0,-290.0,21.0,-526.0,-818.0,-212.0,-13.0,-696.0
354.0,,135.0,-440.0,55.0,-578.0,-850.0,-83.0,-90.0,-708.0
341.0,,85.0,-519.0,118.0,-611.0,-847.0,-321.0,-186.0,-702.0
304.0,,106.0,-568.0,209.0,-639.0,-806.0,9.0,-259.0,-696.0
261.0,,55.0,-592.0,306.0,-632.0,-780.0,-184.0,-336.0,-688.0
211.0,,41.0,-580.0,380.0,-550.0,-762.0,57.0,-387.0,-683.0
183.0,,62.0,-536.0,399.0,-484.0,-767.0,3.0,-413.0,-660.0
202.0,,17.0,-445.0,362.0,-434.0,-777.0,1.0,-434.0,-617.0
214.0,,15.0,-349.0,285.0,-449.0,-763.0,229.0,-412.0,-563.0
216.0,,64.0,-276.0,170.0,-467.0,-770.0,-60.0,-369.0,-486.0
245.0,,59.0,-187.0,34.0,-487.0,-780.0,227.0,-306.0,-411.0
314.0,,111.0,-137.0,-100.0,-505.0,-802.0,-9.0,-227.0,-329.0
348.0,,173.0,-109.0,-195.0,-442.0,-840.0,195.0,-143.0,-265.0
365.0,,185.0,-89.0,-228.0,-438.0,-851.0,249.0,-58.0,-211.0
410.0,,304.0,-91.0,-217.0,-474.0,-853.0,29.0,11.0,-123.0
468.0,,357.0,-152.0,-188.0,-504.0,-844.0,400.0,97.0,-43.0
480.0,,412.0,-251.0,-171.0,-580.0,-824.0,101.0,197.0,54.0
450.0,,511.0,-290.0,-161.0,-600.0,-804.0,388.0,291.0,157.0
423.0,,544.0,-372.0,-156.0,-525.0,-794.0,264.0,371.0,247.0
369.0,,587.0,-436.0,-159.0,-448.0,-790.0,279.0,435.0,349.0
264.0,,604.0,-422.0,-172.0,-420.0,-790.0,569.0,497.0,445.0
131.0,,613.0,-413.0,-194.0,-434.0,-794.0,299.0,548.0,566.0
51.0,,591.0,-394.0,-219.0,-473.0,-786.0,563.0,570.0,685.0
24.0,,565.0,-378.0,-250.0,-478.0,-792.0,218.0,575.0,776.0
1.0,,493.0,-310.0,-269.0,-426.0,-777.0,384.0,587.0,840.0
-46.0,,422.0,-235.0,-269.0,-415.0,-768.0,484.0,585.0,875.0
-59.0,,377.0,-238.0,-262.0,-433.0,-776.0,362.0,563.0,864.0
-39.0,,293.0,-246.0,-258.0,-446.0,-745.0,620.0,524.0,767.0
-37.0,,219.0,-273.0,-246.0,-419.0,-742.0,351.0,479.0,662.0
-55.0,,158.0,-325.0,-207.0,-366.0,-733.0,720.0,420.0,527.0
-84.0,,157.0,-341.0,-149.0,-364.0,-694.0,620.0,341.0,367.0
-63.0,,127.0,-338.0,-79.0,-328.0,-674.0,674.0,268.0,242.0
-74.0,,143.0,-310.0,-4.0,-275.0,-646.0,820.0,193.0,119.0
-117.0,,196.0,-244.0,55.0,-239.0,-642.0,561.0,134.0,34.0
-163.0,,202.0,-206.0,83.0,-246.0,-648.0,890.0,101.0,-25.0
-179.0,,263.0,-179.0,79.0,-256.0,-640.0,578.0,59.0,-27.0
-177.0,,315.0,-176.0,42.0,-190.0,-620.0,752.0,21.0,18.0
-230.0,,355.0,-224.0,-18.0,-161.0,-596.0,812.0,-11.0,60.0
-263.0,,454.0,-244.0,-74.0,-183.0,-606.0,740.0,-44.0,132.0
-249.0,,482.0,-281.0,-117.0,-220.0,-608.0,966.0,-85.0,186.0
-211.0,,507.0,-348.0,-137.0,-249.0,-594.0,594.0,-129.0,193.0
-201.0,,550.0,-355.0,-121.0,-221.0,-577.0,949.0,-166.0,146.0
-180.0,,499.0,-378.0,-94.0,-187.0,-564.0,822.0,-218.0,74.0
-98.0,,516.0,-391.0,-81.0,-135.0,-551.0,833.0,-262.0,8.0
-14.0,,467.0,-333.0,-98.0,-131.0,-538.0,870.0,-293.0,-63.0
53.0,,411.0,-260.0,-136.0,-219.0,-539.0,495.0,-322.0,-131.0
114.0,,389.0,-148.0,-165.0,-235.0,-518.0,868.0,-332.0,-198.0
213.0,,320.0,-83.0,-180.0,-196.0,-483.0,724.0,-318.0,-229.0
312.0,,297.0,-11.0,-172.0,-143.0,-423.0,1079.0,-289.0,-250.0
356.0,,253.0,78.0,-127.0,-75.0,-373.0,1088.0,-230.0,-253.0
407.0,,250.0,49.0,-49.0,-48.0,-350.0,914.0,-152.0,-207.0
499.0,,205.0,57.0,46.0,-31.0,-320.0,1143.0,-76.0,-154.0
610.0,,198.0,126.0,119.0,25.0,-295.0,877.0,-1.0,-105.0
708.0,,159.0,149.0,150.0,99.0,-264.0,1225.0,74.0,-103.0
762.0,,149.0,147.0,144.0,177.0,-222.0,946.0,156.0,-111.0
807.0,,187.0,139.0,104.0,227.0,-190.0,953.0,221.0,-124.0
858.0,,115.0,162.0,55.0,227.0,-148.0,1005.0,288.0,-153.0
855.0,,173.0,178.0,32.0,216.0,-104.0,703.0,348.0,-146.0
833.0,,161.0,172.0,31.0,134.0,-118.0,951.0,368.0,-127.0
841.0,,120.0,188.0,47.0,52.0,-123.0,583.0,371.0,-68.0
854.0,,120.0,173.0,91.0,42.0,-85.0,807.0,372.0,31.0
821.0,,53.0,110.0,135.0,68.0,-57.0,803.0,364.0,148.0
782.0,,13.0,-11.0,157.0,111.0,-70.0,862.0,333.0,286.0
801.0,,-34.0,-138.0,154.0,150.0,-110.0,1127.0,302.0,441.0
830.0,,-107.0,-189.0,123.0,179.0,-109.0,849.0,273.0,597.0
830.0,,-182.0,-279.0,69.0,141.0,-68.0,1114.0,240.0,750.0
831.0,,-221.0,-397.0,11.0,75.0,-63.0,768.0,221.0,900.0
869.0,,-300.0,-457.0,-21.0,98.0,-64.0,931.0,206.0,1009.0
916.0,,-345.0,-486.0,-20.0,185.0,-37.0,1097.0,196.0,1065.0
944.0,,-403.0,-524.0,17.0,223.0,-29.0,981.0,193.0,1060.0
963.0,,-452.0,-562.0,79.0,244.0,-21.0,1280.0,191.0,985.0
987.0,,-442.0,-588.0,132.0,250.0,3.0,901.0,184.0,811.0
1016.0,,-472.0,-587.0,142.0,222.0,21.0,1079.0,179.0,562.0
1013.0,,-441.0,-569.0,98.0,223.0,17.0,946.0,181.0,300.0
997.0,,-406.0,-575.0,21.0,220.0,17.0,914.0,173.0,30.0
983.0,,-348.0,-528.0,-43.0,227.0,32.0,962.0,158.0,-228.0
958.0,,-268.0,-445.0,-54.0,285.0,28.0,585.0,135.0,-454.0
910.0,,-211.0,-341.0,-11.0,287.0,49.0,881.0,105.0,-645.0
824.0,,-144.0,-217.0,72.0,248.0,78.0,691.0,78.0,-782.0
761.0,,-54.0,-107.0,178.0,256.0,101.0,864.0,56.0,-838.0
719.0,,-3.0,50.0,289.0,269.0,144.0,744.0,49.0,-783.0
645.0,,35.0,190.0,389.0,286.0,151.0,561.0,53.0,-630.0
551.0,,107.0,282.0,459.0,265.0,167.0,837.0,64.0,-382.0
464.0,,125.0,358.0,488.0,248.0,212.0,487.0,94.0,-78.0
411.0,,188.0,394.0,486.0,285.0,233.0,753.0,134.0,243.0
339.0,,232.0,395.0,496.0,291.0,222.0,550.0,171.0,573.0
249.0,,273.0,332.0,525.0,325.0,202.0,548.0,212.0,843.0
208.0,,335.0,260.0,542.0,371.0,220.0,650.0,243.0,1040.0
202.0,,349.0,198.0,519.0,352.0,232.0,347.0,248.0,1171.0
183.0,,407.0,59.0,443.0,371.0,255.0,692.0,247.0,1210.0
169.0,,455.0,-96.0,327.0,459.0,272.0,480.0,226.0,1184.0
181.0,,464.0,-224.0,177.0,527.0,258.0,654.0,190.0,1099.0
199.0,,512.0,-287.0,20.0,556.0,265.0,441.0,158.0,957.0
232.0,,536.0,-326.0,-117.0,577.0,269.0,210.0,120.0,799.0
270.0,,539.0,-417.0,-234.0,632.0,283.0,556.0,76.0,637.0
310.0,,573.0,-475.0,-312.0,658.0,264.0,399.0,23.0,505.0
336.0,,587.0,-539.0,-326.0,603.0,238.0,742.0,-48.0,411.0
324.0,,603.0,-615.0,-277.0,525.0,253.0,415.0,-114.0,353.0
303.0,,604.0,-608.0,-202.0,452.0,269.0,389.0,-144.0,347.0
261.0,,596.0,-582.0,-154.0,456.0,276.0,509.0,-161.0,325.0
210.0,,584.0,-570.0,-159.0,484.0,263.0,327.0,-157.0,298.0
173.0,,574.0,-525.0,-224.0,496.0,269.0,628.0,-139.0,296.0
123.0,,526.0,-449.0,-335.0,573.0,268.0,218.0,-111.0,291.0
66.0,,505.0,-376.0,-451.0,617.0,243.0,395.0,-77.0,294.0
31.0,,489.0,-317.0,-528.0,619.0,210.0,376.0,-51.0,291.0
0.0,,408.0,-215.0,-552.0,652.0,168.0,417.0,-29.0,314.0
-59.0,,411.0,-97.0,-530.0,696.0,138.0,692.0,-22.0,324.0
-115.0,,358.0,10.0,-481.0,686.0,113.0,349.0,-13.0,305.0
-143.0,,339.0,117.0,-398.0,602.0,112.0,580.0,-6.0,341.0
-192.0,,332.0,197.0,-267.0,547.0,142.0,275.0,8.0,381.0
-252.0,,282.0,287.0,-107.0,471.0,179.0,363.0,30.0,440.0
-285.0,,323.0,370.0,42.0,406.0,191.0,402.0,58.0,531.0
-296.0,,298.0,420.0,149.0,453.0,221.0,234.0,100.0,622.0
-312.0,,322.0,463.0,192.0,570.0,256.0,655.0,141.0,727.0
-331.0,,350.0,501.0,188.0,737.0,274.0,347.0,194.0,809.0
-335.0,,356.0,574.0,173.0,820.0,308.0,541.0,224.0,872.0
-336.0,,404.0,618.0,157.0,815.0,342.0,423.0,228.0,898.0
-315.0,,402.0,610.0,135.0,751.0,364.0,439.0,210.0,902.0
-287.0,,409.0,605.0,78.0,634.0,353.0,737.0,173.0,894.0
-262.0,,399.0,593.0,-25.0,523.0,325.0,404.0,110.0,843.0
-249.0,,344.0,598.0,-144.0,397.0,288.0,700.0,1.0,794.0
-253.0,,295.0,583.0,-260.0,352.0,266.0,530.0,-109.0,710.0
-232.0,,266.0,523.0,-346.0,337.0,255.0,689.0,-221.0,613.0
-220.0,,195.0,449.0,-402.0,333.0,229.0,644.0,-307.0,516.0
-224.0,,148.0,378.0,-418.0,381.0,219.0,352.0,-356.0,411.0
-189.0,,161.0,266.0,-385.0,461.0,235.0,633.0,-381.0,365.0
-143.0,,118.0,132.0,-330.0,631.0,253.0,358.0,-363.0,351.0
-119.0,,119.0,4.0,-266.0,766.0,263.0,650.0,-311.0,382.0
-96.0,,155.0,-113.0,-207.0,792.0,251.0,458.0,-242.0,449.0
-73.0,,128.0,-173.0,-164.0,714.0,222.0,376.0,-145.0,531.0
-64.0,,157.0,-200.0,-125.0,588.0,218.0,587.0,-30.0,623.0
-61.0,,175.0,-213.0,-84.0,477.0,222.0,402.0,60.0,695.0
-61.0,,194.0,-224.0,-37.0,315.0,205.0,779.0,127.0,774.0
-73.0,,253.0,-175.0,10.0,186.0,185.0,463.0,166.0,833.0
-75.0,,243.0,-114.0,47.0,202.0,155.0,467.0,197.0,865.0
-45.0,,288.0,-31.0,84.0,344.0,117.0,317.0,217.0,868.0
6.0,,293.0,147.0,120.0,482.0,73.0,184.0,228.0,816.0
47.0,,264.0,266.0,138.0,553.0,35.0,545.0,240.0,732.0
60.0,,284.0,296.0,115.0,638.0,29.0,301.0,241.0,598.0
130.0,,232.0,327.0,66.0,676.0,26.0,526.0,254.0,435.0
188.0,,213.0,429.0,21.0,653.0,28.0,201.0,266.0,240.0
218.0,,166.0,484.0,-11.0,632.0,34.0,218.0,286.0,43.0
293.0,,107.0,446.0,-28.0,602.0,24.0,384.0,322.0,-100.0
365.0,,84.0,411.0,-25.0,604.0,23.0,125.0,365.0,-176.0
451.0,,34.0,356.0,-4.0,569.0,-4.0,397.0,421.0,-160.0
506.0,,19.0,290.0,36.0,425.0,-32.0,140.0,459.0,-76.0
542.0,,8.0,214.0,101.0,325.0,-30.0,419.0,478.0,71.0
616.0,,27.0,125.0,148.0,386.0,-41.0,365.0,483.0,256.0
676.0,,37.0,51.0,165.0,507.0,-24.0,216.0,459.0,467.0
703.0,,51.0,-9.0,145.0,586.0,-8.0,328.0,423.0,684.0
687.0,,94.0,-80.0,94.0,629.0,6.0,-7.0,383.0,840.0
724.0,,68.0,-101.0,41.0,674.0,53.0,290.0,328.0,924.0
791.0,,117.0,-102.0,3.0,743.0,88.0,-48.0,267.0,916.0
790.0,,128.0,-179.0,5.0,769.0,99.0,-38.0,209.0,813.0
778.0,,116.0,-277.0,44.0,684.0,97.0,12.0,152.0,625.0
796.0,,183.0,-346.0,88.0,537.0,98.0,-197.0,113.0,385.0
816.0,,148.0,-383.0,99.0,434.0,56.0,123.0,93.0,128.0
767.0,,200.0,-423.0,74.0,401.0,35.0,-116.0,80.0,-108.0
688.0,,254.0,-447.0,0.0,382.0,57.0,162.0,93.0,-304.0
666.0,,281.0,-422.0,-100.0,341.0,31.0,-16.0,108.0,-435.0
671.0,,399.0,-336.0,-157.0,354.0,10.0,-131.0,123.0,-434.0
646.0,,436.0,-249.0,-162.0,461.0,21.0,35.0,125.0,-364.0
610.0,,481.0,-179.0,-124.0,587.0,62.0,-205.0,95.0,-229.0
579.0,,542.0,-45.0,-72.0,690.0,108.0,157.0,62.0,-30.0
545.0,,551.0,64.0,-18.0,735.0,126.0,-107.0,33.0,159.0
499.0,,544.0,134.0,48.0,658.0,144.0,44.0,40.0,333.0
432.0,,562.0,221.0,124.0,503.0,183.0,68.0,69.0,455.0
357.0,,550.0,259.0,196.0,362.0,207.0,-168.0,127.0,511.0
299.0,,523.0,239.0,235.0,239.0,207.0,48.0,215.0,526.0
243.0,,555.0,140.0,227.0,190.0,218.0,-269.0,282.0,488.0
196.0,,533.0,-13.0,182.0,223.0,197.0,53.0,347.0,404.0
167.0,,525.0,-169.0,112.0,273.0,195.0,-86.0,376.0,327.0
129.0,,550.0,-358.0,46.0,323.0,201.0,-81.0,366.0,255.0
113.0,,533.0,-560.0,-4.0,367.0,186.0,44.0,306.0,197.0
77.0,,544.0,-694.0,-42.0,444.0,192.0,-208.0,199.0,169.0
29.0,,558.0,-753.0,-59.0,510.0,198.0,206.0,68.0,151.0
30.0,,574.0,-792.0,-65.0,521.0,213.0,-84.0,-80.0,164.0
2.0,,577.0,-775.0,-59.0,490.0,212.0,53.0,-210.0,214.0
-36.0,,593.0,-699.0,-31.0,460.0,195.0,-20.0,-338.0,262.0
-65.0,,634.0,-628.0,10.0,430.0,183.0,-192.0,-441.0,314.0
-100.0,,640.0,-551.0,45.0,367.0,179.0,97.0,-501.0,363.0
-153.0,,649.0,-454.0,56.0,342.0,173.0,-194.0,-544.0,370.0
-206.0,,650.0,-396.0,39.0,277.0,163.0,79.0,-561.0,346.0
-218.0,,649.0,-373.0,8.0,183.0,155.0,-205.0,-547.0,268.0
-244.0,,623.0,-339.0,-32.0,196.0,130.0,-234.0,-509.0,161.0
-293.0,,556.0,-326.0,-83.0,281.0,138.0,-136.0,-466.0,66.0
-343.0,,523.0,-274.0,-131.0,411.0,165.0,-308.0,-437.0,-23.0
-359.0,,466.0,-236.0,-183.0,487.0,144.0,110.0,-411.0,-86.0
-362.0,,370.0,-237.0,-229.0,467.0,123.0,-107.0,-372.0,-127.0
-391.0,,292.0,-143.0,-266.0,505.0,129.0,188.0,-333.0,-145.0
-424.0,,185.0,0.0,-312.0,530.0,123.0,86.0,-294.0,-139.0
-469.0,,88.0,92.0,-346.0,463.0,113.0,-144.0,-242.0,-153.0
-489.0,,18.0,145.0,-359.0,423.0,93.0,-16.0,-194.0,-179.0
-496.0,,-29.0,223.0,-347.0,354.0,71.0,-413.0,-171.0,-217.0
-540.0,,-70.0,263.0,-297.0,258.0,95.0,-212.0,-136.0,-281.0
-565.0,,-85.0,233.0,-200.0,166.0,118.0,-463.0,-93.0,-353.0
-539.0,,-43.0,191.0,-72.0,162.0,130.0,-327.0,-61.0,-436.0
-497.0,,-30.0,156.0,58.0,300.0,143.0,-206.0,-21.0,-526.0
-504.0,,32.0,170.0,179.0,367.0,128.0,-349.0,13.0,-614.0
-520.0,,100.0,183.0,254.0,424.0,105.0,16.0,38.0,-684.0
-478.0,,164.0,158.0,273.0,506.0,83.0,-291.0,31.0,-735.0
-449.0,,237.0,143.0,245.0,521.0,62.0,-36.0,7.0,-737.0
-460.0,,280.0,128.0,174.0,438.0,45.0,-173.0,-24.0,-672.0
-476.0,,350.0,89.0,88.0,248.0,9.0,-253.0,-72.0,-570.0
-472.0,,380.0,65.0,12.0,82.0,5.0,-49.0,-109.0,-434.0
-465.0,,410.0,101.0,-30.0,-52.0,7.0,-399.0,-150.0,-271.0
-506.0,,437.0,165.0,-46.0,-137.0,-13.0,-153.0,-216.0,-95.0
-530.0,,435.0,197.0,-43.0,-154.0,-6.0,-467.0,-302.0,51.0
-480.0,,445.0,200.0,-10.0,-89.0,18.0,-352.0,-373.0,168.0
-393.0,,430.0,159.0,29.0,-19.0,54.0,-362.0,-443.0,235.0
-319.0,,397.0,108.0,61.0,52.0,51.0,-587.0,-516.0,246.0
-271.0,,350.0,50.0,80.0,210.0,37.0,-293.0,-567.0,224.0
-193.0,,297.0,-8.0,104.0,292.0,36.0,-611.0,-578.0,151.0
-91.0,,251.0,-65.0,135.0,286.0,28.0,-303.0,-544.0,44.0
-10.0,,207.0,-162.0,145.0,135.0,52.0,-380.0,-494.0,-81.0
43.0,,187.0,-227.0,125.0,-95.0,44.0,-317.0,-422.0,-238.0
110.0,,151.0,-274.0,75.0,-204.0,34.0,-94.0,-329.0,-426.0
203.0,,155.0,-273.0,6.0,-236.0,56.0,-310.0,-230.0,-598.0
273.0,,177.0,-227.0,-61.0,-206.0,81.0,-9.0,-127.0,-757.0
339.0,,174.0,-121.0,-108.0,-191.0,102.0,-386.0,-20.0,-906.0
391.0,,220.0,34.0,-139.0,-150.0,127.0,-327.0,102.0,-1028.0
417.0,,214.0,110.0,-152.0,-103.0,148.0,-445.0,223.0,-1114.0
420.0,,210.0,176.0,-129.0,-45.0,140.0,-639.0,336.0,-1136.0
402.0,,195.0,234.0,-75.0,73.0,146.0,-395.0,448.0,-1130.0
423.0,,145.0,257.0,-23.0,101.0,137.0,-691.0,547.0,-1094.0
430.0,,84.0,199.0,7.0,44.0,137.0,-382.0,628.0,-999.0
391.0,,-18.0,76.0,33.0,-22.0,141.0,-506.0,700.0,-859.0
350.0,,-76.0,-26.0,30.0,-93.0,116.0,-428.0,743.0,-706.0
337.0,,-157.0,-169.0,-18.0,-180.0,105.0,-349.0,755.0,-569.0
307.0,,-266.0,-317.0,-88.0,-231.0,77.0,-602.0,749.0,-428.0
205.0,,-327.0,-392.0,-175.0,-315.0,52.0,-245.0,705.0,-307.0
105.0,,-407.0,-437.0,-263.0,-405.0,51.0,-471.0,631.0,-237.0
15.0,,-486.0,-436.0,-315.0,-361.0,54.0,-221.0,559.0,-214.0
-78.0,,-524.0,-350.0,-332.0,-241.0,54.0,-303.0,468.0,-224.0
-190.0,,-584.0,-275.0,-319.0,-148.0,57.0,-413.0,362.0,-232.0
-279.0,,-586.0,-181.0,-250.0,-75.0,57.0,-160.0,244.0,-287.0
-307.0,,-589.0,-34.0,-124.0,25.0,51.0,-546.0,104.0,-367.0
-342.0,,-570.0,48.0,38.0,36.0,66.0,-312.0,-36.0,-418.0
-353.0,,-488.0,76.0,193.0,-30.0,76.0,-522.0,-167.0,-465.0
-329.0,,-433.0,104.0,294.0,-134.0,76.0,-410.0,-282.0,-508.0
-303.0,,-336.0,85.0,334.0,-239.0,75.0,-282.0,-371.0,-569.0
-288.0,,-266.0,28.0,310.0,-273.0,81.0,-452.0,-414.0,-662.0
-292.0,,-184.0,-31.0,249.0,-282.0,81.0,-129.0,-415.0,-756.0
-296.0,,-103.0,-121.0,186.0,-271.0,67.0,-504.0,-389.0,-890.0
-315.0,,-45.0,-214.0,129.0,-246.0,46.0,-303.0,-316.0,-1054.0
-336.0,,25.0,-278.0,108.0,-146.0,33.0,-365.0,-225.0,-1195.0
-362.0,,98.0,-297.0,131.0,34.0,32.0,-336.0,-144.0,-1316.0
-358.0,,137.0,-299.0,179.0,213.0,33.0,-57.0,-62.0,-1402.0
-347.0,,161.0,-296.0,233.0,296.0,48.0,-343.0,-8.0,-1470.0
-353.0,,242.0,-249.0,245.0,252.0,36.0,-92.0,4.0,-1510.0
-355.0,,241.0,-170.0,198.0,127.0,14.0,-452.0,-18.0,-1504.0
-366.0,,287.0,-34.0,110.0,-71.0,13.0,-413.0,-66.0,-1473.0
-353.0,,311.0,142.0,20.0,-211.0,10.0,-439.0,-124.0,-1417.0
-323.0,,258.0,260.0,-26.0,-211.0,12.0,-628.0,-162.0,-1326.0
-276.0,,302.0,335.0,-43.0,-148.0,12.0,-369.0,-187.0,-1197.0
-233.0,,281.0,420.0,-51.0,-42.0,47.0,-678.0,-208.0,-1033.0
-201.0,,272.0,469.0,-67.0,64.0,67.0,-389.0,-201.0,-841.0
-165.0,,304.0,453.0,-93.0,166.0,52.0,-574.0,-193.0,-643.0
-172.0,,298.0,403.0,-122.0,246.0,82.0,-563.0,-177.0,-405.0
-197.0,,304.0,340.0,-171.0,256.0,111.0,-452.0,-160.0,-177.0
-233.0,,349.0,266.0,-215.0,233.0,120.0,-750.0,-159.0,-10.0
-287.0,,375.0,175.0,-251.0,159.0,130.0,-380.0,-163.0,96.0
-341.0,,386.0,70.0,-268.0,91.0,152.0,-585.0,-190.0,142.0
-412.0,,457.0,15.0,-260.0,-3.0,183.0,-347.0,-211.0,137.0
-477.0,,470.0,-20.0,-250.0,-113.0,209.0,-371.0,-223.0,70.0
-540.0,,477.0,-86.0,-244.0,-60.0,228.0,-524.0,-234.0,-17.0
-631.0,,487.0,-136.0,-256.0,19.0,229.0,-360.0,-238.0,-92.0
-708.0,,457.0,-125.0,-254.0,58.0,250.0,-726.0,-233.0,-150.0
-743.0,,420.0,-76.0,-220.0,102.0,261.0,-465.0,-215.0,-206.0
-759.0,,349.0,-56.0,-143.0,127.0,254.0,-681.0,-183.0,-267.0
-782.0,,280.0,-6.0,-29.0,175.0,257.0,-583.0,-118.0,-279.0
-804.0,,173.0,58.0,65.0,172.0,232.0,-460.0,-44.0,-277.0
-783.0,,67.0,44.0,114.0,141.0,227.0,-668.0,32.0,-277.0
-756.0,,-8.0,31.0,116.0,75.0,225.0,-323.0,120.0,-239.0
-735.0,,-128.0,13.0,78.0,-20.0,215.0,-561.0,215.0,-219.0
-696.0,,-227.0,13.0,25.0,-47.0,224.0,-256.0,307.0,-224.0
-628.0,,-296.0,53.0,-3.0,-138.0,258.0,-282.0,367.0,-268.0
-544.0,,-376.0,78.0,-20.0,-198.0,289.0,-380.0,423.0,-363.0
-463.0,,-435.0,149.0,-29.0,-110.0,264.0,-206.0,459.0,-468.0
-378.0,,-462.0,229.0,-27.0,-19.0,259.0,-521.0,453.0,-569.0
-300.0,,-504.0,283.0,-43.0,3.0,285.0,-254.0,441.0,-633.0
-229.0,,-546.0,337.0,-81.0,14.0,286.0,-500.0,410.0,-661.0
-178.0,,-560.0,338.0,-141.0,0.0,279.0,-347.0,349.0,-625.0
-124.0,,-633.0,295.0,-222.0,-101.0,296.0,-229.0,266.0,-528.0
-87.0,,-671.0,242.0,-312.0,-158.0,321.0,-397.0,174.0,-412.0
-64.0,,-707.0,155.0,-391.0,-143.0,316.0,-131.0,100.0,-284.0
-32.0,,-772.0,79.0,-442.0,-112.0,313.0,-460.0,40.0,-179.0
-15.0,,-783.0,32.0,-456.0,-132.0,315.0,-192.0,-16.0,-92.0
-13.0,,-809.0,17.0,-437.0,-116.0,321.0,-266.0,-59.0,-35.0
-32.0,,-795.0,27.0,-385.0,-31.0,317.0,-205.0,-94.0,-27.0
-57.0,,-759.0,-1.0,-287.0,-4.0,297.0,42.0,-117.0,-29.0
-83.0,,-721.0,-41.0,-176.0,2.0,292.0,-192.0,-151.0,-49.0
-102.0,,-676.0,-64.0,-60.0,-31.0,283.0,121.0,-184.0,-85.0
-125.0,,-601.0,-72.0,41.0,-91.0,243.0,-194.0,-191.0,-122.0
-147.0,,-562.0,-90.0,111.0,-98.0,218.0,-55.0,-182.0,-164.0
-157.0,,-516.0,-139.0,161.0,-60.0,207.0,-48.0,-142.0,-198.0
-139.0,,-464.0,-222.0,168.0,-100.0,171.0,-149.0,-78.0,-255.0
-129.0,,-446.0,-277.0,158.0,-131.0,150.0,184.0,22.0,-332.0
-130.0,,-383.0,-245.0,155.0,-113.0,129.0,-81.0,137.0,-422.0
-102.0,,-404.0,-190.0,158.0,-117.0,100.0,229.0,256.0,-506.0
-96.0,,-359.0,-122.0,168.0,-70.0,90.0,9.0,391.0,-516.0
-105.0,,-345.0,-47.0,151.0,-23.0,81.0,0.0,513.0,-522.0
-134.0,,-370.0,26.0,123.0,-6.0,86.0,118.0,631.0,-524.0
-133.0,,-318.0,100.0,80.0,-77.0,77.0,-136.0,729.0,-487.0
-79.0,,-349.0,176.0,27.0,-111.0,45.0,216.0,808.0,-431.0
-56.0,,-330.0,245.0,11.0,-122.0,36.0,-11.0,867.0,-401.0
-43.0,,-304.0,346.0,30.0,-116.0,44.0,251.0,888.0,-432.0
0.0,,-294.0,501.0,62.0,-83.0,35.0,214.0,870.0,-451.0
55.0,,-269.0,606.0,85.0,-175.0,13.0,107.0,815.0,-476.0
76.0,,-257.0,664.0,94.0,-211.0,-37.0,354.0,744.0,-551.0
87.0,,-219.0,671.0,86.0,-238.0,-99.0,60.0,643.0,-654.0
106.0,,-209.0,612.0,73.0,-228.0,-109.0,445.0,517.0,-744.0
126.0,,-192.0,519.0,82.0,-240.0,-127.0,301.0,388.0,-799.0
163.0,,-196.0,380.0,113.0,-313.0,-199.0,415.0,267.0,-850.0
190.0,,-212.0,249.0,153.0,-255.0,-256.0,489.0,146.0,-883.0
185.0,,-213.0,84.0,190.0,-223.0,-250.0,197.0,24.0,-858.0
186.0,,-242.0,-90.0,213.0,-234.0,-239.0,474.0,-75.0,-778.0
187.0,,-257.0,-180.0,214.0,-239.0,-243.0,186.0,-148.0,-673.0
165.0,,-285.0,-237.0,178.0,-219.0,-232.0,517.0,-193.0,-556.0
131.0,,-284.0,-232.0,119.0,-262.0,-233.0,454.0,-197.0,-416.0
86.0,,-293.0,-134.0,51.0,-319.0,-239.0,384.0,-181.0,-265.0
46.0,,-290.0,-6.0,-8.0,-336.0,-245.0,596.0,-127.0,-144.0
15.0,,-231.0,189.0,-34.0,-352.0,-255.0,277.0,-49.0,-21.0
-6.0,,-241.0,400.0,-39.0,-323.0,-270.0,570.0,34.0,102.0
-27.0,,-172.0,550.0,-31.0,-344.0,-302.0,273.0,122.0,201.0
-76.0,,-119.0,678.0,-11.0,-331.0,-316.0,410.0,181.0,291.0
-157.0,,-98.0,750.0,8.0,-323.0,-292.0,465.0,237.0,322.0
-206.0,,-37.0,733.0,28.0,-323.0,-285.0,332.0,282.0,315.0
-235.0,,-43.0,642.0,33.0,-292.0,-313.0,716.0,290.0,303.0
-272.0,,-23.0,546.0,15.0,-292.0,-335.0,473.0,282.0,254.0
-322.0,,-21.0,390.0,-6.0,-279.0,-349.0,824.0,272.0,142.0
-381.0,,-38.0,167.0,-20.0,-300.0,-372.0,702.0,256.0,-4.0
-410.0,,-48.0,27.0,-38.0,-345.0,-410.0,707.0,237.0,-166.0
-449.0,,-57.0,-75.0,-59.0,-394.0,-458.0,877.0,223.0,-351.0
-512.0,,-72.0,-195.0,-87.0,-390.0,-492.0,578.0,211.0,-533.0
-573.0,,-71.0,-242.0,-108.0,-383.0,-525.0,909.0,220.0,-704.0
-575.0,,-76.0,-221.0,-102.0,-396.0,-566.0,654.0,241.0,-875.0
-566.0,,-85.0,-201.0,-78.0,-416.0,-582.0,838.0,254.0,-1005.0
-600.0,,-50.0,-156.0,-44.0,-438.0,-579.0,801.0,275.0,-1100.0
-618.0,,-41.0,-107.0,-2.0,-449.0,-570.0,624.0,311.0,-1201.0
-629.0,,-1.0,-62.0,26.0,-505.0,-558.0,848.0,330.0,-1253.0
-634.0,,55.0,-7.0,20.0,-488.0,-556.0,485.0,318.0,-1272.0
-665.0,,87.0,-2.0,-16.0,-443.0,-550.0,776.0,301.0,-1260.0
-710.0,,148.0,-22.0,-80.0,-446.0,-564.0,606.0,262.0,-1207.0
-720.0,,185.0,-37.0,-150.0,-428.0,-573.0,672.0,219.0,-1137.0
-727.0,,204.0,-72.0,-209.0,-452.0,-571.0,825.0,183.0,-989.0
-747.0,,256.0,-105.0,-246.0,-488.0,-598.0,570.0,146.0,-808.0
-756.0,,273.0,-126.0,-242.0,-492.0,-610.0,921.0,133.0,-633.0
-745.0,,284.0,-149.0,-195.0,-513.0,-611.0,703.0,160.0,-422.0
-736.0,,287.0,-170.0,-122.0,-499.0,-623.0,951.0,201.0,-230.0
-744.0,,288.0,-176.0,-44.0,-475.0,-624.0,923.0,254.0,-102.0
-748.0,,283.0,-148.0,35.0,-482.0,-625.0,833.0,328.0,-9.0
-707.0,,262.0,-117.0,94.0,-465.0,-646.0,1045.0,388.0,38.0
-645.0,,272.0,-67.0,141.0,-425.0,-656.0,700.0,448.0,29.0
-592.0,,269.0,-13.0,186.0,-392.0,-648.0,953.0,517.0,-28.0
-556.0,,294.0,-17.0,210.0,-386.0,-666.0,707.0,564.0,-139.0
-512.0,,297.0,-70.0,224.0,-413.0,-687.0,790.0,585.0,-262.0
-449.0,,315.0,-162.0,211.0,-452.0,-679.0,864.0,592.0,-388.0
-380.0,,353.0,-257.0,168.0,-419.0,-660.0,674.0,593.0,-513.0
-316.0,,356.0,-356.0,125.0,-352.0,-640.0,1036.0,578.0,-619.0
-262.0,,387.0,-411.0,90.0,-290.0,-589.0,777.0,544.0,-692.0
-184.0,,391.0,-478.0,47.0,-294.0,-560.0,1060.0,494.0,-722.0
-117.0,,412.0,-570.0,-22.0,-357.0,-525.0,990.0,443.0,-718.0
-69.0,,424.0,-543.0,-92.0,-361.0,-448.0,949.0,379.0,-663.0
-28.0,,414.0,-506.0,-165.0,-391.0,-409.0,1182.0,282.0,-556.0
17.0,,412.0,-467.0,-245.0,-370.0,-383.0,925.0,162.0,-404.0
33.0,,381.0,-394.0,-294.0,-326.0,-372.0,1265.0,43.0,-220.0
8.0,,343.0,-346.0,-296.0,-316.0,-370.0,1040.0,-81.0,-27.0
25.0,,287.0,-315.0,-270.0,-242.0,-338.0,1169.0,-212.0,158.0
37.0,,235.0,-289.0,-224.0,-202.0,-331.0,1164.0,-328.0,297.0
23.0,,173.0,-224.0,-147.0,-148.0,-345.0,934.0,-430.0,387.0
-18.0,,109.0,-173.0,-54.0,-121.0,-331.0,1223.0,-503.0,435.0
-63.0,,55.0,-90.0,48.0,-154.0,-351.0,955.0,-561.0,437.0
-87.0,,10.0,38.0,153.0,-168.0,-373.0,1260.0,-598.0,404.0
-114.0,,-46.0,133.0,261.0,-216.0,-363.0,1104.0,-601.0,336.0
-109.0,,-79.0,237.0,382.0,-246.0,-397.0,1103.0,-571.0,240.0
-101.0,,-93.0,395.0,490.0,-239.0,-437.0,1298.0,-525.0,164.0
-87.0,,-129.0,532.0,557.0,-207.0,-450.0,1042.0,-465.0,85.0
-71.0,,-118.0,611.0,577.0,-157.0,-453.0,1378.0,-380.0,-26.0
-58.0,,-117.0,681.0,553.0,-140.0,-457.0,1093.0,-289.0,-120.0
-24.0,,-118.0,675.0,498.0,-137.0,-472.0,1271.0,-195.0,-208.0
6.0,,-110.0,611.0,412.0,-114.0,-470.0,1278.0,-124.0,-299.0
29.0,,-108.0,574.0,299.0,-70.0,-475.0,1141.0,-71.0,-387.0
60.0,,-100.0,525.0,182.0,-50.0,-481.0,1443.0,-36.0,-480.0
115.0,,-125.0,447.0,75.0,-57.0,-500.0,1134.0,-46.0,-542.0
157.0,,-149.0,380.0,-9.0,-61.0,-537.0,1422.0,-69.0,-602.0
159.0,,-210.0,311.0,-72.0,-68.0,-533.0,1204.0,-94.0,-684.0
170.0,,-277.0,254.0,-117.0,-73.0,-522.0,1195.0,-104.0,-752.0
211.0,,-361.0,217.0,-135.0,-98.0,-493.0,1326.0,-93.0,-800.0
225.0,,-475.0,190.0,-115.0,-133.0,-451.0,1116.0,-59.0,-807.0
225.0,,-542.0,207.0,-67.0,-139.0,-429.0,1502.0,9.0,-806.0
224.0,,-613.0,248.0,-4.0,-128.0,-397.0,1239.0,88.0,-808.0
243.0,,-660.0,272.0,66.0,-105.0,-360.0,1461.0,185.0,-765.0
271.0,,-670.0,305.0,120.0,-104.0,-321.0,1395.0,280.0,-680.0
254.0,,-643.0,378.0,154.0,-169.0,-333.0,1243.0,353.0,-574.0
252.0,,-590.0,418.0,177.0,-210.0,-352.0,1481.0,423.0,-455.0
260.0,,-524.0,407.0,168.0,-210.0,-342.0,1199.0,495.0,-273.0
258.0,,-432.0,422.0,122.0,-205.0,-363.0,1516.0,570.0,-86.0
236.0,,-342.0,414.0,52.0,-158.0,-394.0,1287.0,631.0,59.0
222.0,,-234.0,361.0,-24.0,-70.0,-445.0,1308.0,693.0,202.0
246.0,,-144.0,313.0,-92.0,-39.0,-466.0,1310.0,746.0,290.0
268.0,,-35.0,280.0,-154.0,-70.0,-473.0,1079.0,779.0,345.0
257.0,,22.0,265.0,-211.0,-59.0,-499.0,1468.0,797.0,359.0
215.0,,61.0,254.0,-264.0,-45.0,-518.0,1212.0,798.0,295.0
222.0,,116.0,257.0,-316.0,-76.0,-537.0,1472.0,778.0,226.0
237.0,,87.0,231.0,-353.0,-155.0,-532.0,1363.0,728.0,153.0
216.0,,107.0,203.0,-365.0,-167.0,-526.0,1206.0,666.0,77.0
209.0,,78.0,195.0,-359.0,-127.0,-533.0,1422.0,585.0,46.0
217.0,,6.0,147.0,-353.0,-90.0,-569.0,1152.0,467.0,64.0
258.0,,-18.0,114.0,-357.0,-14.0,-609.0,1483.0,321.0,109.0
290.0,,-97.0,73.0,-379.0,-1.0,-594.0,1298.0,158.0,155.0
291.0,,-141.0,-6.0,-425.0,-4.0,-601.0,1393.0,-6.0,192.0
290.0,,-185.0,-107.0,-476.0,20.0,-659.0,1393.0,-157.0,195.0
290.0,,-246.0,-246.0,-516.0,-3.0,-685.0,1165.0,-290.0,167.0
268.0,,-258.0,-379.0,-511.0,-22.0,-701.0,1443.0,-403.0,99.0
238.0,,-307.0,-473.0,-443.0,58.0,-714.0,1077.0,-465.0,-24.0
225.0,,-313.0,-556.0,-315.0,92.0,-736.0,1260.0,-493.0,-168.0
208.0,,-300.0,-621.0,-134.0,52.0,-755.0,1095.0,-494.0,-328.0
191.0,,-291.0,-631.0,60.0,62.0,-758.0,1019.0,-443.0,-480.0
171.0,,-244.0,-636.0,224.0,79.0,-782.0,1188.0,-354.0,-596.0
152.0,,-221.0,-599.0,340.0,105.0,-784.0,877.0,-257.0,-647.0
132.0,,-171.0,-492.0,412.0,65.0,-813.0,1141.0,-170.0,-620.0
87.0,,-121.0,-383.0,445.0,62.0,-839.0,812.0,-86.0,-529.0
22.0,,-73.0,-256.0,437.0,143.0,-813.0,890.0,-26.0,-384.0
-12.0,,-44.0,-150.0,397.0,162.0,-793.0,890.0,8.0,-215.0
-28.0,,7.0,-74.0,318.0,213.0,-775.0,722.0,30.0,-1.0
-87.0,,39.0,-3.0,218.0,282.0,-767.0,981.0,28.0,188.0
-143.0,,42.0,57.0,118.0,279.0,-749.0,596.0,32.0,341.0
-154.0,,85.0,93.0,34.0,262.0,-741.0,766.0,51.0,478.0
-155.0,,83.0,103.0,-5.0,278.0,-737.0,541.0,69.0,550.0
-190.0,,89.0,114.0,-12.0,196.0,-727.0,511.0,100.0,600.0
-241.0,,66.0,114.0,7.0,87.0,-752.0,696.0,139.0,629.0
-233.0,,48.0,81.0,49.0,133.0,-752.0,484.0,161.0,629.0
-199.0,,22.0,27.0,76.0,198.0,-745.0,777.0,169.0,626.0
-233.0,,-17.0,-16.0,69.0,198.0,-743.0,432.0,139.0,656.0
-285.0,,-14.0,-64.0,31.0,190.0,-747.0,532.0,83.0,697.0
-294.0,,-29.0,-71.0,-18.0,248.0,-785.0,484.0,-5.0,705.0
-313.0,,-42.0,-34.0,-66.0,340.0,-783.0,358.0,-141.0,700.0
-384.0,,-36.0,1.0,-109.0,355.0,-764.0,574.0,-282.0,691.0
-479.0,,-21.0,50.0,-140.0,323.0,-767.0,247.0,-425.0,685.0
-511.0,,0.0,83.0,-146.0,306.0,-762.0,570.0,-533.0,665.0
-499.0,,18.0,121.0,-127.0,294.0,-749.0,360.0,-595.0,637.0
-517.0,,53.0,163.0,-83.0,267.0,-744.0,345.0,-607.0,606.0
-544.0,,98.0,224.0,-4.0,240.0,-738.0,424.0,-555.0,565.0
-520.0,,115.0,295.0,75.0,211.0,-717.0,140.0,-467.0,516.0
-456.0,,165.0,361.0,127.0,217.0,-736.0,406.0,-339.0,454.0
-417.0,,193.0,442.0,147.0,239.0,-748.0,75.0,-192.0,384.0
-389.0,,206.0,487.0,127.0,263.0,-748.0,301.0,-47.0,295.0
-357.0,,248.0,529.0,78.0,340.0,-776.0,221.0,90.0,208.0
-325.0,,255.0,569.0,21.0,341.0,-762.0,51.0,205.0,118.0
-292.0,,267.0,608.0,-21.0,259.0,-733.0,238.0,295.0,53.0
-253.0,,262.0,644.0,-41.0,202.0,-721.0,-166.0,358.0,17.0
-190.0,,256.0,604.0,-49.0,250.0,-712.0,118.0,407.0,-16.0
-115.0,,212.0,574.0,-41.0,306.0,-673.0,-55.0,424.0,-49.0
-56.0,,138.0,555.0,-10.0,235.0,-603.0,48.0,433.0,-90.0
-12.0,,113.0,464.0,24.0,248.0,-572.0,195.0,457.0,-87.0
35.0,,29.0,377.0,64.0,364.0,-544.0,-16.0,461.0,-74.0
88.0,,-31.0,275.0,118.0,432.0,-495.0,279.0,456.0,-73.0
91.0,,-70.0,126.0,178.0,415.0,-411.0,-59.0,452.0,-59.0
65.0,,-159.0,-3.0,253.0,358.0,-334.0,153.0,444.0,-51.0
74.0,,-181.0,-88.0,337.0,326.0,-302.0,92.0,421.0,-51.0
84.0,,-208.0,-125.0,404.0,338.0,-237.0,79.0,382.0,-39.0
58.0,,-240.0,-182.0,440.0,329.0,-197.0,328.0,327.0,-22.0
0.0,,-231.0,-241.0,436.0,242.0,-179.0,-35.0,236.0,-1.0
-18.0,,-241.0,-244.0,401.0,246.0,-141.0,221.0,131.0,56.0
-13.0,,-233.0,-227.0,337.0,304.0,-136.0,-96.0,12.0,148.0
-44.0,,-213.0,-162.0,256.0,323.0,-135.0,-66.0,-100.0,290.0
-80.0,,-177.0,-88.0,169.0,337.0,-108.0,-9.0,-206.0,463.0
-80.0,,-144.0,-47.0,67.0,340.0,-95.0,-175.0,-313.0,639.0
4.0,,-128.0,38.0,-17.0,383.0,-97.0,144.0,-396.0,779.0
59.0,,-99.0,115.0,-64.0,413.0,-65.0,-214.0,-467.0,861.0
70.0,,-88.0,140.0,-70.0,408.0,1.0,-49.0,-522.0,925.0
146.0,,-46.0,185.0,-29.0,427.0,78.0,-247.0,-542.0,935.0
261.0,,-47.0,228.0,39.0,433.0,148.0,-210.0,-529.0,905.0
351.0,,-56.0,223.0,125.0,358.0,181.0,53.0,-493.0,860.0
417.0,,-22.0,196.0,211.0,285.0,208.0,-279.0,-427.0,803.0
537.0,,-34.0,224.0,290.0,304.0,249.0,86.0,-345.0,744.0
665.0,,9.0,312.0,348.0,315.0,228.0,-155.0,-279.0,678.0
752.0,,39.0,384.0,363.0,267.0,248.0,-84.0,-222.0,626.0
837.0,,60.0,427.0,333.0,212.0,310.0,-36.0,-192.0,595.0
933.0,,130.0,472.0,284.0,238.0,300.0,-240.0,-179.0,576.0
1003.0,,133.0,513.0,240.0,320.0,303.0,-38.0,-164.0,565.0
1038.0,,173.0,506.0,195.0,352.0,321.0,-358.0,-168.0,598.0
1068.0,,198.0,468.0,154.0,369.0,359.0,-90.0,-172.0,676.0
1095.0,,169.0,411.0,109.0,390.0,386.0,-262.0,-169.0,793.0
1073.0,,188.0,318.0,54.0,457.0,409.0,-291.0,-165.0,956.0
997.0,,146.0,183.0,1.0,400.0,455.0,-138.0,-148.0,1128.0
939.0,,135.0,43.0,-52.0,229.0,456.0,-469.0,-136.0,1290.0
880.0,,125.0,-50.0,-107.0,252.0,458.0,-168.0,-122.0,1428.0
813.0,,76.0,-125.0,-164.0,310.0,464.0,-371.0,-107.0,1522.0
735.0,,75.0,-179.0,-219.0,310.0,465.0,-112.0,-116.0,1560.0
651.0,,49.0,-197.0,-248.0,296.0,465.0,-35.0,-146.0,1564.0
602.0,,25.0,-185.0,-233.0,318.0,473.0,-238.0,-181.0,1526.0
557.0,,1.0,-197.0,-183.0,373.0,488.0,-29.0,-244.0,1447.0
472.0,,-8.0,-215.0,-121.0,333.0,492.0,-408.0,-331.0,1359.0
394.0,,-35.0,-169.0,-62.0,304.0,511.0,-164.0,-408.0,1244.0
376.0,,-60.0,-119.0,-13.0,261.0,525.0,-282.0,-497.0,1111.0
359.0,,-39.0,-69.0,20.0,231.0,546.0,-264.0,-564.0,976.0
337.0,,-39.0,-4.0,22.0,203.0,595.0,-164.0,-606.0,864.0
323.0,,-54.0,16.0,-11.0,131.0,654.0,-517.0,-634.0,786.0
330.0,,-36.0,28.0,-60.0,136.0,680.0,-319.0,-609.0,730.0
340.0,,-42.0,71.0,-112.0,172.0,673.0,-672.0,-566.0,707.0
316.0,,-49.0,87.0,-145.0,223.0,665.0,-463.0,-506.0,711.0
285.0,,-15.0,70.0,-144.0,236.0,676.0,-426.0,-412.0,765.0
246.0,,-22.0,87.0,-108.0,234.0,699.0,-576.0,-315.0,827.0
204.0,,-24.0,110.0,-58.0,209.0,650.0,-339.0,-217.0,877.0
147.0,,-13.0,120.0,-8.0,116.0,594.0,-576.0,-118.0,936.0
93.0,,8.0,132.0,51.0,93.0,554.0,-314.0,-33.0,972.0
42.0,,41.0,145.0,106.0,89.0,494.0,-537.0,32.0,1012.0
-29.0,,69.0,204.0,149.0,43.0,482.0,-400.0,82.0,1035.0
-84.0,,115.0,277.0,167.0,-18.0,479.0,-363.0,100.0,1025.0
-122.0,,160.0,345.0,165.0,-78.0,439.0,-650.0,97.0,1009.0
-161.0,,202.0,420.0,152.0,-73.0,419.0,-218.0,74.0,950.0
-188.0,,242.0,458.0,128.0,-31.0,461.0,-559.0,11.0,859.0
-201.0,,293.0,432.0,103.0,-93.0,473.0,-497.0,-88.0,758.0
-188.0,,344.0,395.0,70.0,-208.0,458.0,-493.0,-189.0,626.0
-166.0,,381.0,357.0,25.0,-217.0,478.0,-554.0,-279.0,493.0
-167.0,,434.0,268.0,-22.0,-239.0,492.0,-469.0,-364.0,375.0
-139.0,,487.0,185.0,-61.0,-267.0,523.0,-733.0,-441.0,258.0
-108.0,,545.0,69.0,-85.0,-281.0,532.0,-419.0,-492.0,173.0
-104.0,,631.0,-110.0,-104.0,-373.0,514.0,-628.0,-516.0,109.0
-85.0,,686.0,-259.0,-111.0,-407.0,530.0,-419.0,-513.0,69.0
-40.0,,749.0,-380.0,-109.0,-421.0,521.0,-476.0,-490.0,94.0
-3.0,,802.0,-463.0,-91.0,-428.0,503.0,-835.0,-451.0,129.0
25.0,,812.0,-493.0,-51.0,-422.0,475.0,-473.0,-395.0,149.0
81.0,,822.0,-471.0,1.0,-492.0,404.0,-696.0,-338.0,176.0
121.0,,802.0,-418.0,71.0,-516.0,363.0,-548.0,-274.0,176.0
136.0,,779.0,-389.0,135.0,-534.0,339.0,-724.0,-201.0,149.0
117.0,,717.0,-351.0,186.0,-557.0,288.0,-711.0,-129.0,125.0
95.0,,653.0,-287.0,234.0,-500.0,274.0,-591.0,-44.0,102.0
104.0,,591.0,-223.0,267.0,-455.0,298.0,-962.0,21.0,87.0
78.0,,498.0,-121.0,263.0,-517.0,300.0,-687.0,60.0,121.0
28.0,,417.0,-5.0,212.0,-621.0,308.0,-947.0,88.0,188.0
4.0,,338.0,115.0,136.0,-625.0,324.0,-772.0,96.0,291.0
18.0,,265.0,241.0,60.0,-578.0,350.0,-742.0,86.0,441.0
36.0,,176.0,356.0,-1.0,-613.0,389.0,-979.0,67.0,548.0
-1.0,,129.0,504.0,-55.0,-703.0,421.0,-737.0,27.0,642.0
-35.0,,57.0,644.0,-84.0,-716.0,445.0,-1036.0,-14.0,723.0
-27.0,,-2.0,733.0,-87.0,-655.0,440.0,-763.0,-42.0,730.0
-35.0,,-3.0,805.0,-94.0,-677.0,413.0,-844.0,-65.0,710.0
-73.0,,-58.0,862.0,-110.0,-736.0,400.0,-822.0,-59.0,649.0
-96.0,,-74.0,870.0,-130.0,-682.0,413.0,-707.0,-40.0,568.0
-111.0,,-92.0,856.0,-125.0,-640.0,416.0,-1056.0,-29.0,490.0
-146.0,,-115.0,826.0,-68.0,-625.0,419.0,-774.0,-2.0,397.0
-152.0,,-148.0,746.0,18.0,-658.0,417.0,-1055.0,36.0,329.0
-140.0,,-180.0,646.0,100.0,-764.0,391.0,-973.0,84.0,280.0
-117.0,,-199.0,557.0,162.0,-780.0,385.0,-958.0,125.0,298.0
-72.0,,-265.0,480.0,192.0,-814.0,408.0,-1047.0,130.0,387.0
-55.0,,-277.0,389.0,189.0,-863.0,425.0,-777.0,125.0,505.0
-43.0,,-327.0,266.0,160.0,-834.0,420.0,-1064.0,91.0,674.0
-15.0,,-395.0,159.0,109.0,-807.0,411.0,-748.0,20.0,869.0
23.0,,-409.0,80.0,47.0,-814.0,404.0,-955.0,-58.0,1092.0
19.0,,-448.0,21.0,-29.0,-822.0,386.0,-934.0,-164.0,1303.0
-21.0,,-481.0,0.0,-99.0,-809.0,372.0,-746.0,-272.0,1502.0
-11.0,,-496.0,3.0,-140.0,-807.0,356.0,-1025.0,-357.0,1737.0
-2.0,,-490.0,60.0,-160.0,-852.0,319.0,-748.0,-435.0,1923.0
-33.0,,-476.0,152.0,-176.0,-923.0,299.0,-984.0,-487.0,2032.0
-77.0,,-465.0,245.0,-194.0,-921.0,281.0,-748.0,-514.0,2091.0
-91.0,,-438.0,371.0,-198.0,-953.0,275.0,-801.0,-528.0,2114.0
-70.0,,-402.0,452.0,-208.0,-1047.0,271.0,-892.0,-542.0,2059.0
-72.0,,-376.0,431.0,-238.0,-1050.0,258.0,-691.0,-561.0,1930.0
-88.0,,-328.0,365.0,-275.0,-1010.0,279.0,-1053.0,-552.0,1747.0
-70.0,,-267.0,256.0,-299.0,-970.0,317.0,-724.0,-540.0,1526.0
2.0,,-233.0,92.0,-297.0,-995.0,356.0,-872.0,-512.0,1295.0
89.0,,-165.0,-70.0,-269.0,-1080.0,389.0,-716.0,-451.0,1061.0
169.0,,-114.0,-221.0,-232.0,-1052.0,404.0,-580.0,-386.0,871.0
268.0,,-100.0,-356.0,-180.0,-985.0,424.0,-746.0,-286.0,697.0
389.0,,-60.0,-435.0,-101.0,-1007.0,465.0,-406.0,-184.0,535.0
510.0,,-58.0,-465.0,-13.0,-1049.0,459.0,-705.0,-81.0,406.0
617.0,,-62.0,-453.0,66.0,-1024.0,448.0,-439.0,20.0,278.0
707.0,,-64.0,-369.0,123.0,-972.0,472.0,-554.0,95.0,192.0
779.0,,-116.0,-246.0,167.0,-1010.0,503.0,-661.0,147.0,133.0
853.0,,-151.0,-114.0,200.0,-1029.0,549.0,-493.0,161.0,103.0
913.0,,-185.0,62.0,208.0,-951.0,552.0,-877.0,162.0,112.0
948.0,,-258.0,223.0,196.0,-888.0,565.0,-561.0,156.0,128.0
990.0,,-305.0,344.0,152.0,-838.0,603.0,-713.0,132.0,180.0
1009.0,,-353.0,450.0,81.0,-796.0,615.0,-569.0,85.0,241.0
965.0,,-379.0,519.0,14.0,-792.0,609.0,-546.0,14.0,288.0
912.0,,-380.0,567.0,-24.0,-746.0,627.0,-798.0,-60.0,331.0
880.0,,-398.0,570.0,-36.0,-750.0,631.0,-620.0,-152.0,370.0
807.0,,-376.0,541.0,-28.0,-847.0,595.0,-994.0,-238.0,413.0
689.0,,-353.0,517.0,-5.0,-865.0,604.0,-672.0,-305.0,419.0
599.0,,-318.0,484.0,5.0,-849.0,618.0,-722.0,-371.0,443.0
548.0,,-292.0,472.0,-1.0,-844.0,618.0,-720.0,-421.0,449.0
478.0,,-251.0,445.0,-12.0,-834.0,641.0,-485.0,-442.0,412.0
414.0,,-179.0,390.0,-30.0,-825.0,668.0,-740.0,-425.0,407.0
367.0,,-160.0,359.0,-46.0,-761.0,677.0,-432.0,-388.0,345.0
330.0,,-100.0,279.0,-43.0,-689.0,701.0,-665.0,-339.0,264.0
318.0,,-37.0,175.0,-22.0,-684.0,710.0,-522.0,-282.0,200.0
271.0,,11.0,75.0,-7.0,-661.0,684.0,-548.0,-235.0,115.0
200.0,,88.0,-65.0,-13.0,-565.0,668.0,-783.0,-178.0,27.0
147.0,,139.0,-186.0,-35.0,-485.0,667.0,-587.0,-116.0,-52.0
139.0,,174.0,-276.0,-68.0,-561.0,645.0,-1001.0,-56.0,-118.0
118.0,,208.0,-309.0,-100.0,-642.0,596.0,-764.0,16.0,-187.0
30.0,,224.0,-301.0,-120.0,-553.0,551.0,-855.0,98.0,-226.0
-24.0,,200.0,-259.0,-112.0,-503.0,509.0,-805.0,176.0,-260.0
-49.0,,202.0,-162.0,-79.0,-505.0,498.0,-615.0,259.0,-291.0
-84.0,,183.0,-62.0,-42.0,-517.0,500.0,-912.0,359.0,-328.0
-141.0,,122.0,48.0,1.0,-517.0,499.0,-576.0,469.0,-394.0
-195.0,,108.0,153.0,49.0,-451.0,504.0,-794.0,587.0,-415.0
-206.0,,19.0,238.0,88.0,-442.0,517.0,-582.0,682.0,-460.0
-215.0,,-40.0,259.0,96.0,-454.0,538.0,-558.0,775.0,-557.0
-249.0,,-91.0,214.0,63.0,-426.0,528.0,-764.0,848.0,-626.0
-301.0,,-185.0,140.0,9.0,-371.0,509.0,-535.0,866.0,-696.0
-337.0,,-198.0,54.0,-51.0,-371.0,520.0,-840.0,853.0,-748.0
-363.0,,-248.0,-32.0,-109.0,-402.0,525.0,-532.0,786.0,-756.0
-389.0,,-251.0,-93.0,-129.0,-356.0,479.0,-683.0,683.0,-770.0
-402.0,,-245.0,-123.0,-98.0,-332.0,420.0,-613.0,564.0,-755.0
-409.0,,-260.0,-137.0,-35.0,-344.0,387.0,-469.0,448.0,-658.0
-409.0,,-232.0,-105.0,42.0,-391.0,375.0,-763.0,348.0,-554.0
-395.0,,-225.0,-24.0,118.0,-435.0,366.0,-441.0,260.0,-466.0
-381.0,,-245.0,76.0,168.0,-369.0,333.0,-739.0,205.0,-348.0
-382.0,,-226.0,167.0,181.0,-360.0,303.0,-545.0,153.0,-239.0
-361.0,,-179.0,242.0,154.0,-382.0,294.0,-545.0,117.0,-139.0
-333.0,,-181.0,274.0,85.0,-340.0,308.0,-631.0,104.0,-52.0
-319.0,,-128.0,260.0,-9.0,-337.0,321.0,-393.0,107.0,18.0
-333.0,,-98.0,222.0,-80.0,-349.0,306.0,-698.0,137.0,77.0
-344.0,,-76.0,181.0,-93.0,-326.0,293.0,-352.0,165.0,137.0
-325.0,,-30.0,157.0,-50.0,-269.0,243.0,-515.0,192.0,182.0
-339.0,,-15.0,108.0,48.0,-244.0,182.0,-399.0,225.0,197.0
-374.0,,5.0,24.0,168.0,-244.0,143.0,-343.0,247.0,238.0
-367.0,,36.0,-49.0,279.0,-250.0,72.0,-650.0,264.0,240.0
-307.0,,58.0,-86.0,367.0,-233.0,14.0,-345.0,265.0,232.0
-251.0,,85.0,-108.0,393.0,-227.0,-42.0,-655.0,253.0,217.0
-222.0,,106.0,-110.0,348.0,-264.0,-102.0,-423.0,257.0,120.0
-188.0,,126.0,-34.0,269.0,-279.0,-149.0,-489.0,276.0,22.0
-108.0,,160.0,130.0,188.0,-293.0,-176.0,-546.0,312.0,-80.0
-30.0,,174.0,339.0,125.0,-262.0,-196.0,-312.0,364.0,-181.0
-25.0,,195.0,563.0,79.0,-183.0,-266.0,-552.0,422.0,-252.0
-30.0,,174.0,771.0,39.0,-146.0,-310.0,-249.0,466.0,-305.0
-5.0,,190.0,923.0,8.0,-164.0,-312.0,-593.0,481.0,-310.0
4.0,,198.0,1009.0,-24.0,-160.0,-363.0,-515.0,472.0,-276.0
-29.0,,159.0,1024.0,-76.0,-153.0,-423.0,-460.0,433.0,-226.0
-33.0,,186.0,1011.0,-137.0,-156.0,-453.0,-642.0,373.0,-173.0
0.0,,209.0,958.0,-176.0,-167.0,-507.0,-345.0,302.0,-127.0
0.0,,212.0,854.0,-171.0,-200.0,-556.0,-702.0,230.0,-91.0
-25.0,,252.0,741.0,-117.0,-194.0,-576.0,-513.0,163.0,-63.0
-29.0,,307.0,561.0,-20.0,-202.0,-589.0,-703.0,81.0,-37.0
13.0,,314.0,356.0,79.0,-218.0,-617.0,-750.0,14.0,-48.0
24.0,,370.0,204.0,154.0,-202.0,-657.0,-548.0,-30.0,-81.0
11.0,,395.0,93.0,196.0,-164.0,-628.0,-739.0,-71.0,-123.0
25.0,,394.0,16.0,208.0,-124.0,-608.0,-321.0,-111.0,-179.0
81.0,,439.0,-74.0,206.0,-120.0,-613.0,-556.0,-151.0,-214.0
135.0,,409.0,-124.0,191.0,-127.0,-604.0,-434.0,-175.0,-252.0
117.0,,409.0,-124.0,158.0,-100.0,-607.0,-415.0,-193.0,-269.0
115.0,,388.0,-89.0,118.0,-87.0,-601.0,-502.0,-221.0,-199.0
159.0,,312.0,17.0,86.0,-128.0,-618.0,-129.0,-223.0,-82.0
172.0,,259.0,119.0,70.0,-141.0,-632.0,-360.0,-203.0,67.0
119.0,,233.0,194.0,55.0,-91.0,-663.0,-101.0,-180.0,237.0
104.0,,174.0,267.0,32.0,-31.0,-675.0,-336.0,-143.0,392.0
152.0,,107.0,311.0,-7.0,-85.0,-662.0,-397.0,-111.0,530.0
141.0,,133.0,321.0,-61.0,-108.0,-690.0,-317.0,-100.0,647.0
58.0,,100.0,321.0,-118.0,-58.0,-686.0,-591.0,-108.0,726.0
-13.0,,107.0,352.0,-186.0,-95.0,-691.0,-210.0,-115.0,760.0
7.0,,164.0,411.0,-228.0,-156.0,-715.0,-448.0,-123.0,759.0
-7.0,,191.0,453.0,-232.0,-159.0,-704.0,-249.0,-138.0,715.0
-84.0,,272.0,509.0,-226.0,-105.0,-676.0,-247.0,-154.0,664.0
-121.0,,320.0,553.0,-219.0,-100.0,-660.0,-354.0,-189.0,617.0
-108.0,,396.0,539.0,-214.0,-141.0,-663.0,-68.0,-237.0,550.0
-90.0,,443.0,532.0,-183.0,-169.0,-651.0,-363.0,-284.0,478.0
-107.0,,487.0,549.0,-100.0,-116.0,-615.0,-60.0,-319.0,401.0
-111.0,,547.0,564.0,26.0,-39.0,-607.0,-247.0,-344.0,342.0
-89.0,,557.0,598.0,154.0,-47.0,-627.0,-184.0,-369.0,278.0
-36.0,,575.0,620.0,247.0,-77.0,-616.0,-110.0,-378.0,204.0
-20.0,,567.0,588.0,281.0,-81.0,-570.0,-380.0,-393.0,108.0
0.0,,541.0,539.0,279.0,-68.0,-548.0,-70.0,-396.0,-20.0
54.0,,501.0,505.0,274.0,-81.0,-566.0,-391.0,-388.0,-135.0
94.0,,477.0,484.0,255.0,-54.0,-561.0,-168.0,-373.0,-266.0
136.0,,419.0,487.0,203.0,-33.0,-554.0,-262.0,-334.0,-389.0
171.0,,367.0,487.0,124.0,-33.0,-559.0,-345.0,-301.0,-486.0
224.0,,349.0,411.0,73.0,-23.0,-523.0,-129.0,-249.0,-557.0
235.0,,290.0,285.0,77.0,-14.0,-490.0,-456.0,-198.0,-586.0
254.0,,241.0,211.0,102.0,29.0,-495.0,-81.0,-145.0,-611.0
291.0,,207.0,166.0,106.0,43.0,-510.0,-282.0,-72.0,-619.0
350.0,,175.0,83.0,73.0,77.0,-517.0,-234.0,0.0,-598.0
411.0,,140.0,55.0,24.0,75.0,-511.0,-230.0,69.0,-577.0
405.0,,128.0,85.0,-25.0,50.0,-518.0,-415.0,121.0,-558.0
406.0,,146.0,64.0,-70.0,56.0,-515.0,-90.0,164.0,-518.0
433.0,,138.0,55.0,-103.0,27.0,-469.0,-384.0,201.0,-471.0
474.0,,131.0,116.0,-118.0,52.0,-451.0,-110.0,206.0,-404.0
456.0,,154.0,205.0,-130.0,54.0,-433.0,-277.0,190.0,-330.0
426.0,,146.0,294.0,-146.0,25.0,-388.0,-299.0,166.0,-288.0
424.0,,160.0,411.0,-156.0,38.0,-391.0,-22.0,134.0,-254.0
413.0,,162.0,499.0,-160.0,29.0,-389.0,-225.0,94.0,-235.0
358.0,,154.0,501.0,-175.0,65.0,-324.0,116.0,55.0,-237.0
280.0,,178.0,435.0,-209.0,113.0,-275.0,-194.0,31.0,-234.0
271.0,,174.0,309.0,-241.0,102.0,-259.0,-94.0,21.0,-258.0
278.0,,180.0,186.0,-254.0,56.0,-219.0,-114.0,18.0,-303.0
262.0,,194.0,82.0,-249.0,57.0,-194.0,-303.0,23.0,-344.0
228.0,,191.0,-17.0,-243.0,106.0,-164.0,-35.0,38.0,-388.0
258.0,,166.0,-120.0,-250.0,114.0,-154.0,-365.0,71.0,-420.0
292.0,,174.0,-208.0,-255.0,120.0,-163.0,-125.0,116.0,-462.0
256.0,,140.0,-304.0,-239.0,122.0,-147.0,-345.0,177.0,-528.0
220.0,,103.0,-396.0,-204.0,121.0,-189.0,-314.0,241.0,-596.0
196.0,,114.0,-396.0,-160.0,100.0,-216.0,-120.0,297.0,-658.0
176.0,,42.0,-342.0,-106.0,112.0,-202.0,-369.0,380.0,-714.0
101.0,,18.0,-296.0,-53.0,181.0,-227.0,-9.0,453.0,-782.0
42.0,,-25.0,-261.0,0.0,145.0,-238.0,-227.0,537.0,-838.0
39.0,,-95.0,-211.0,57.0,71.0,-210.0,24.0,632.0,-862.0
44.0,,-121.0,-157.0,110.0,39.0,-208.0,38.0,703.0,-846.0
16.0,,-183.0,-96.0,161.0,25.0,-244.0,-46.0,775.0,-793.0
0.0,,-210.0,-24.0,211.0,31.0,-258.0,175.0,831.0,-713.0
44.0,,-240.0,-2.0,260.0,7.0,-239.0,-234.0,877.0,-585.0
97.0,,-246.0,-7.0,276.0,-20.0,-248.0,-16.0,910.0,-432.0
134.0,,-243.0,-13.0,249.0,6.0,-289.0,-293.0,921.0,-287.0
170.0,,-241.0,-32.0,189.0,84.0,-292.0,-293.0,913.0,-140.0
283.0,,-198.0,-51.0,117.0,102.0,-294.0,-208.0,869.0,-6.0
390.0,,-190.0,-72.0,69.0,16.0,-324.0,-437.0,796.0,121.0
444.0,,-152.0,-45.0,49.0,-14.0,-349.0,-138.0,698.0,264.0
504.0,,-94.0,19.0,38.0,48.0,-374.0,-395.0,570.0,409.0
595.0,,-32.0,102.0,5.0,59.0,-394.0,-60.0,428.0,533.0
677.0,,39.0,214.0,-61.0,-27.0,-417.0,-40.0,283.0,628.0
670.0,,97.0,341.0,-154.0,-68.0,-437.0,-48.0,147.0,709.0
679.0,,166.0,439.0,-237.0,2.0,-478.0,181.0,44.0,755.0
700.0,,222.0,479.0,-284.0,43.0,-528.0,-81.0,-42.0,775.0
701.0,,258.0,532.0,-310.0,12.0,-556.0,253.0,-121.0,781.0
657.0,,280.0,579.0,-314.0,-2.0,-580.0,-12.0,-162.0,766.0
579.0,,308.0,519.0,-295.0,88.0,-619.0,88.0,-187.0,743.0
545.0,,293.0,431.0,-252.0,166.0,-629.0,109.0,-217.0,692.0
497.0,,285.0,356.0,-188.0,86.0,-615.0,-81.0,-224.0,626.0
440.0,,279.0,252.0,-112.0,23.0,-630.0,234.0,-216.0,534.0
406.0,,215.0,148.0,-40.0,21.0,-659.0,-90.0,-201.0,422.0
415.0,,208.0,58.0,10.0,69.0,-663.0,153.0,-180.0,322.0
442.0,,170.0,-21.0,45.0,95.0,-649.0,20.0,-156.0,212.0
432.0,,128.0,-76.0,82.0,19.0,-660.0,33.0,-114.0,113.0
423.0,,120.0,-120.0,141.0,14.0,-662.0,221.0,-62.0,14.0
430.0,,83.0,-117.0,219.0,58.0,-690.0,-66.0,-17.0,-98.0
434.0,,60.0,-46.0,281.0,105.0,-732.0,203.0,26.0,-182.0
427.0,,31.0,39.0,317.0,116.0,-758.0,-118.0,66.0,-266.0
432.0,,14.0,126.0,344.0,143.0,-783.0,92.0,100.0,-344.0
421.0,,-3.0,203.0,358.0,187.0,-800.0,129.0,121.0,-395.0
373.0,,5.0,283.0,349.0,191.0,-849.0,3.0,125.0,-446.0
353.0,,18.0,332.0,316.0,183.0,-871.0,345.0,116.0,-461.0
340.0,,63.0,338.0,262.0,158.0,-871.0,57.0,88.0,-442.0
280.0,,125.0,385.0,194.0,177.0,-874.0,345.0,48.0,-409.0
202.0,,124.0,390.0,130.0,126.0,-823.0,192.0,13.0,-362.0
156.0,,184.0,360.0,75.0,96.0,-779.0,221.0,-22.0,-288.0
139.0,,250.0,338.0,27.0,141.0,-774.0,310.0,-41.0,-219.0
81.0,,286.0,272.0,-14.0,159.0,-730.0,53.0,-38.0,-174.0
-4.0,,349.0,231.0,-60.0,179.0,-670.0,408.0,-29.0,-93.0
-65.0,,406.0,158.0,-113.0,187.0,-646.0,144.0,-16.0,5.0
-80.0,,443.0,69.0,-159.0,223.0,-635.0,399.0,2.0,105.0
-85.0,,488.0,18.0,-189.0,221.0,-631.0,423.0,10.0,191.0
-123.0,,524.0,-55.0,-189.0,224.0,-636.0,315.0,17.0,263.0
-134.0,,547.0,-121.0,-146.0,246.0,-661.0,497.0,28.0,318.0
-91.0,,565.0,-183.0,-86.0,218.0,-711.0,155.0,22.0,355.0
-41.0,,546.0,-173.0,-28.0,171.0,-729.0,441.0,22.0,360.0
-49.0,,544.0,-102.0,19.0,158.0,-724.0,240.0,14.0,305.0
-57.0,,547.0,-21.0,48.0,201.0,-753.0,367.0,4.0,245.0
-3.0,,502.0,112.0,68.0,216.0,-780.0,487.0,7.0,163.0
29.0,,479.0,289.0,73.0,207.0,-783.0,314.0,16.0,63.0
10.0,,456.0,461.0,57.0,202.0,-765.0,613.0,61.0,-41.0
11.0,,399.0,595.0,17.0,252.0,-761.0,201.0,135.0,-148.0
83.0,,373.0,709.0,-30.0,309.0,-752.0,384.0,210.0,-226.0
143.0,,349.0,780.0,-49.0,303.0,-728.0,280.0,285.0,-278.0
151.0,,316.0,779.0,-24.0,262.0,-700.0,243.0,359.0,-295.0
187.0,,281.0,726.0,36.0,214.0,-642.0,506.0,407.0,-295.0
274.0,,257.0,640.0,115.0,242.0,-624.0,149.0,423.0,-283.0
325.0,,252.0,558.0,205.0,248.0,-635.0,404.0,407.0,-271.0
309.0,,252.0,475.0,305.0,187.0,-609.0,201.0,356.0,-244.0
307.0,,259.0,376.0,388.0,169.0,-564.0,351.0,277.0,-190.0
351.0,,250.0,273.0,425.0,178.0,-568.0,380.0,183.0,-127.0
371.0,,243.0,192.0,423.0,161.0,-604.0,175.0,74.0,-48.0
324.0,,244.0,152.0,380.0,99.0,-603.0,454.0,-47.0,39.0
286.0,,242.0,134.0,296.0,62.0,-541.0,114.0,-181.0,128.0
285.0,,241.0,133.0,204.0,58.0,-466.0,373.0,-321.0,226.0
255.0,,288.0,184.0,136.0,87.0,-451.0,267.0,-440.0,329.0
147.0,,297.0,262.0,123.0,101.0,-403.0,267.0,-548.0,413.0
28.0,,289.0,341.0,157.0,85.0,-323.0,421.0,-636.0,487.0
-32.0,,316.0,412.0,198.0,83.0,-294.0,79.0,-693.0,548.0
-105.0,,288.0,505.0,205.0,75.0,-297.0,336.0,-725.0,580.0
-248.0,,277.0,620.0,163.0,105.0,-273.0,59.0,-714.0,583.0
-400.0,,261.0,676.0,93.0,94.0,-223.0,229.0,-662.0,542.0
-480.0,,229.0,701.0,26.0,64.0,-202.0,199.0,-562.0,483.0
-532.0,,195.0,692.0,-35.0,69.0,-168.0,24.0,-435.0,412.0
-638.0,,148.0,647.0,-107.0,65.0,-162.0,275.0,-293.0,361.0
-726.0,,125.0,599.0,-183.0,39.0,-160.0,-59.0,-142.0,345.0
-714.0,,59.0,493.0,-242.0,-15.0,-127.0,186.0,-7.0,339.0
-699.0,,-3.0,362.0,-269.0,-68.0,-120.0,-57.0,109.0,378.0
-707.0,,-30.0,244.0,-273.0,-121.0,-114.0,-42.0,207.0,433.0
-656.0,,-99.0,164.0,-247.0,-139.0,-126.0,110.0,281.0,496.0
-550.0,,-166.0,143.0,-203.0,-155.0,-96.0,-166.0,345.0,565.0
-467.0,,-184.0,137.0,-149.0,-170.0,-16.0,125.0,397.0,613.0
-420.0,,-238.0,178.0,-83.0,-137.0,31.0,-149.0,432.0,635.0
-355.0,,-283.0,263.0,-31.0,-107.0,78.0,73.0,459.0,622.0
-266.0,,-325.0,328.0,-1.0,-106.0,111.0,14.0,461.0,584.0
-168.0,,-373.0,398.0,-2.0,-141.0,127.0,-101.0,452.0,496.0
-83.0,,-393.0,512.0,-18.0,-146.0,143.0,151.0,423.0,390.0
0.0,,-405.0,639.0,-32.0,-75.0,166.0,-201.0,368.0,271.0
123.0,,-424.0,761.0,-39.0,-98.0,197.0,79.0,304.0,121.0
242.0,,-413.0,849.0,-39.0,-193.0,197.0,-145.0,214.0,-13.0
300.0,,-375.0,871.0,-40.0,-235.0,210.0,-86.0,119.0,-151.0
323.0,,-389.0,868.0,-29.0,-200.0,242.0,3.0,30.0,-245.0
366.0,,-334.0,829.0,-8.0,-154.0,257.0,-336.0,-56.0,-296.0
414.0,,-320.0,742.0,19.0,-180.0,278.0,-140.0,-121.0,-341.0
389.0,,-321.0,598.0,32.0,-150.0,277.0,-482.0,-169.0,-331.0
333.0,,-268.0,405.0,14.0,-122.0,295.0,-219.0,-210.0,-310.0
322.0,,-309.0,225.0,-37.0,-110.0,370.0,-238.0,-234.0,-285.0
303.0,,-300.0,67.0,-109.0,-110.0,419.0,-295.0,-250.0,-244.0
233.0,,-299.0,-66.0,-166.0,-160.0,421.0,-77.0,-265.0,-210.0
134.0,,-326.0,-166.0,-192.0,-182.0,432.0,-423.0,-265.0,-180.0
75.0,,-319.0,-212.0,-179.0,-199.0,465.0,-171.0,-261.0,-182.0
67.0,,-338.0,-249.0,-131.0,-220.0,512.0,-461.0,-263.0,-202.0
30.0,,-335.0,-233.0,-77.0,-197.0,548.0,-360.0,-262.0,-222.0
-14.0,,-325.0,-169.0,-64.0,-120.0,546.0,-245.0,-242.0,-262.0
16.0,,-326.0,-138.0,-87.0,-150.0,557.0,-430.0,-221.0,-318.0
84.0,,-297.0,-131.0,-120.0,-177.0,595.0,-131.0,-201.0,-369.0
125.0,,-241.0,-131.0,-118.0,-115.0,607.0,-450.0,-170.0,-408.0
133.0,,-240.0,-71.0,-59.0,-64.0,612.0,-232.0,-147.0,-419.0
164.0,,-180.0,-7.0,14.0,-28.0,646.0,-375.0,-144.0,-429.0
240.0,,-105.0,35.0,93.0,-28.0,662.0,-391.0,-137.0,-432.0
293.0,,-103.0,96.0,163.0,19.0,636.0,-262.0,-116.0,-400.0
331.0,,-2.0,119.0,193.0,21.0,634.0,-630.0,-100.0,-350.0
380.0,,67.0,117.0,190.0,25.0,640.0,-295.0,-60.0,-261.0
468.0,,108.0,117.0,182.0,67.0,645.0,-524.0,-9.0,-153.0
530.0,,183.0,91.0,193.0,89.0,662.0,-315.0,35.0,-23.0
525.0,,222.0,48.0,230.0,159.0,699.0,-243.0,89.0,128.0
540.0,,258.0,0.0,293.0,134.0,704.0,-413.0,129.0,277.0
582.0,,280.0,-50.0,350.0,128.0,706.0,-169.0,158.0,442.0
568.0,,279.0,-57.0,370.0,185.0,744.0,-471.0,172.0,592.0
475.0,,273.0,-95.0,350.0,221.0,752.0,-138.0,165.0,721.0
434.0,,283.0,-176.0,268.0,265.0,791.0,-282.0,131.0,818.0
432.0,,270.0,-190.0,136.0,250.0,805.0,-273.0,68.0,870.0
394.0,,273.0,-188.0,15.0,269.0,774.0,-116.0,-28.0,875.0
313.0,,268.0,-169.0,-60.0,311.0,765.0,-319.0,-148.0,827.0
262.0,,254.0,-120.0,-77.0,335.0,751.0,51.0,-267.0,729.0
287.0,,242.0,-70.0,-60.0,338.0,743.0,-218.0,-389.0,570.0
292.0,,243.0,-36.0,-30.0,339.0,701.0,-3.0,-463.0,388.0
289.0,,266.0,-54.0,12.0,413.0,668.0,9.0,-496.0,222.0
294.0,,243.0,-103.0,27.0,446.0,678.0,-77.0,-494.0,94.0
346.0,,292.0,-155.0,2.0,406.0,657.0,216.0,-451.0,-5.0
392.0,,322.0,-188.0,-44.0,400.0,621.0,-42.0,-394.0,-71.0
396.0,,306.0,-224.0,-104.0,455.0,581.0,262.0,-311.0,-107.0
412.0,,368.0,-254.0,-152.0,515.0,531.0,53.0,-251.0,-104.0
456.0,,376.0,-278.0,-171.0,540.0,503.0,81.0,-209.0,-74.0
529.0,,350.0,-311.0,-172.0,532.0,439.0,155.0,-168.0,-39.0
541.0,,364.0,-297.0,-162.0,543.0,383.0,-75.0,-140.0,52.0
536.0,,328.0,-260.0,-107.0,595.0,369.0,225.0,-121.0,172.0
565.0,,288.0,-190.0,-3.0,631.0,346.0,-33.0,-96.0,319.0
583.0,,243.0,-77.0,104.0,641.0,355.0,260.0,-62.0,474.0
561.0,,169.0,23.0,198.0,615.0,380.0,179.0,-42.0,618.0
513.0,,102.0,100.0,261.0,628.0,408.0,96.0,-6.0,748.0
481.0,,18.0,160.0,268.0,653.0,432.0,354.0,32.0,829.0
471.0,,-42.0,211.0,202.0,642.0,451.0,88.0,64.0,916.0
416.0,,-94.0,251.0,93.0,675.0,431.0,397.0,98.0,985.0
318.0,,-161.0,293.0,-6.0,734.0,417.0,140.0,129.0,1021.0
265.0,,-209.0,337.0,-78.0,809.0,444.0,258.0,162.0,1023.0
230.0,,-229.0,395.0,-96.0,837.0,433.0,332.0,184.0,1004.0
185.0,,-265.0,463.0,-76.0,803.0,389.0,177.0,191.0,940.0
116.0,,-268.0,495.0,-65.0,792.0,311.0,545.0,193.0,804.0
72.0,,-278.0,546.0,-65.0,784.0,258.0,236.0,191.0,643.0
68.0,,-281.0,597.0,-64.0,757.0,226.0,450.0,154.0,440.0
56.0,,-233.0,606.0,-45.0,720.0,176.0,299.0,93.0,216.0
34.0,,-233.0,641.0,-24.0,710.0,157.0,258.0,20.0,18.0
7.0,,-176.0,658.0,-38.0,732.0,146.0,423.0,-68.0,-123.0
16.0,,-108.0,594.0,-62.0,784.0,138.0,206.0,-156.0,-240.0
45.0,,-58.0,494.0,-88.0,808.0,143.0,631.0,-249.0,-300.0
49.0,,10.0,392.0,-105.0,772.0,137.0,410.0,-346.0,-294.0
15.0,,92.0,305.0,-114.0,787.0,136.0,618.0,-418.0,-266.0
15.0,,144.0,216.0,-136.0,811.0,146.0,609.0,-486.0,-192.0
49.0,,204.0,105.0,-176.0,806.0,144.0,412.0,-548.0,-108.0
55.0,,291.0,44.0,-229.0,797.0,130.0,678.0,-576.0,-30.0
62.0,,328.0,50.0,-260.0,790.0,119.0,325.0,-573.0,49.0
87.0,,392.0,60.0,-255.0,801.0,99.0,578.0,-550.0,119.0
113.0,,393.0,129.0,-222.0,757.0,81.0,375.0,-507.0,155.0
97.0,,424.0,249.0,-168.0,700.0,45.0,395.0,-447.0,175.0
75.0,,428.0,361.0,-94.0,665.0,-24.0,576.0,-393.0,169.0
57.0,,380.0,498.0,-1.0,619.0,-60.0,399.0,-327.0,120.0
48.0,,389.0,596.0,73.0,610.0,-92.0,781.0,-255.0,63.0
43.0,,301.0,632.0,105.0,650.0,-148.0,524.0,-183.0,3.0
-8.0,,258.0,659.0,129.0,643.0,-172.0,753.0,-117.0,-18.0
-42.0,,192.0,658.0,183.0,582.0,-175.0,700.0,-59.0,-23.0
-23.0,,104.0,612.0,242.0,563.0,-191.0,550.0,-5.0,-25.0
-21.0,,33.0,534.0,264.0,578.0,-193.0,798.0,22.0,30.0
-76.0,,-62.0,418.0,226.0,567.0,-155.0,495.0,44.0,93.0
-144.0,,-118.0,258.0,124.0,534.0,-144.0,783.0,43.0,142.0
-157.0,,-210.0,50.0,-1.0,553.0,-149.0,563.0,0.0,201.0
-175.0,,-258.0,-201.0,-106.0,553.0,-124.0,598.0,-51.0,258.0
-223.0,,-299.0,-439.0,-183.0,517.0,-98.0,618.0,-111.0,317.0
-243.0,,-334.0,-621.0,-243.0,505.0,-73.0,343.0,-191.0,333.0
-235.0,,-349.0,-751.0,-274.0,485.0,-74.0,685.0,-275.0,304.0
-219.0,,-374.0,-855.0,-268.0,467.0,-57.0,376.0,-346.0,255.0
-227.0,,-347.0,-928.0,-239.0,446.0,-18.0,570.0,-423.0,172.0
-211.0,,-336.0,-941.0,-172.0,452.0,-16.0,456.0,-504.0,77.0
-151.0,,-301.0,-916.0,-53.0,451.0,-1.0,330.0,-577.0,-2.0
-107.0,,-246.0,-827.0,61.0,482.0,13.0,556.0,-638.0,-56.0
-89.0,,-211.0,-685.0,106.0,533.0,24.0,223.0,-682.0,-134.0
-55.0,,-147.0,-548.0,69.0,515.0,31.0,476.0,-711.0,-204.0
24.0,,-107.0,-380.0,-25.0,536.0,39.0,186.0,-716.0,-265.0
101.0,,-64.0,-193.0,-131.0,559.0,60.0,199.0,-703.0,-351.0
132.0,,-16.0,-70.0,-204.0,540.0,70.0,230.0,-655.0,-433.0
148.0,,2.0,55.0,-222.0,492.0,71.0,44.0,-576.0,-540.0
182.0,,32.0,195.0,-179.0,468.0,53.0,352.0,-488.0,-626.0
190.0,,44.0,290.0,-99.0,485.0,54.0,20.0,-372.0,-700.0
167.0,,51.0,380.0,-19.0,509.0,72.0,214.0,-219.0,-777.0
124.0,,62.0,397.0,36.0,529.0,75.0,68.0,-30.0,-823.0
68.0,,51.0,356.0,63.0,532.0,104.0,38.0,167.0,-841.0
26.0,,36.0,280.0,81.0,588.0,138.0,293.0,367.0,-806.0
-24.0,,14.0,158.0,101.0,609.0,169.0,38.0,574.0,-725.0
-101.0,,-34.0,29.0,117.0,615.0,225.0,325.0,766.0,-594.0
-168.0,,-54.0,-129.0,122.0,619.0,249.0,14.0,928.0,-434.0
-195.0,,-81.0,-263.0,140.0,611.0,263.0,107.0,1038.0,-262.0
-233.0,,-146.0,-357.0,189.0,675.0,270.0,136.0,1099.0,-106.0
-276.0,,-133.0,-420.0,251.0,681.0,242.0,-29.0,1098.0,-4.0
-285.0,,-121.0,-443.0,305.0,661.0,246.0,266.0,1036.0,47.0
-249.0,,-152.0,-453.0,308.0,665.0,229.0,-29.0,927.0,54.0
-224.0,,-121.0,-419.0,243.0,700.0,196.0,264.0,765.0,17.0
-227.0,,-89.0,-321.0,148.0,744.0,178.0,94.0,566.0,-41.0
-164.0,,-87.0,-221.0,48.0,722.0,158.0,84.0,347.0,-116.0
-73.0,,-45.0,-136.0,-44.0,667.0,183.0,258.0,98.0,-232.0
10.0,,10.0,-58.0,-118.0,643.0,221.0,-36.0,-148.0,-347.0
78.0,,81.0,6.0,-139.0,658.0,250.0,304.0,-380.0,-447.0
167.0,,153.0,63.0,-106.0,690.0,300.0,0.0,-598.0,-542.0
273.0,,228.0,110.0,-56.0,730.0,356.0,153.0,-767.0,-623.0
324.0,,333.0,156.0,-8.0,696.0,391.0,149.0,-894.0,-679.0
377.0,,384.0,159.0,31.0,720.0,433.0,-57.0,-974.0,-727.0
437.0,,448.0,110.0,80.0,734.0,441.0,153.0,-993.0,-769.0
477.0,,504.0,60.0,124.0,715.0,417.0,-197.0,-968.0,-796.0
480.0,,516.0,20.0,152.0,762.0,416.0,79.0,-908.0,-811.0
469.0,,540.0,-17.0,181.0,756.0,399.0,-94.0,-828.0,-797.0
486.0,,520.0,-30.0,207.0,742.0,368.0,-12.0,-729.0,-775.0
506.0,,493.0,-15.0,207.0,666.0,316.0,162.0,-596.0,-732.0
462.0,,457.0,-6.0,171.0,661.0,298.0,-59.0,-450.0,-665.0
387.0,,391.0,-2.0,132.0,726.0,293.0,247.0,-308.0,-585.0
338.0,,342.0,24.0,81.0,698.0,280.0,-79.0,-166.0,-481.0
279.0,,276.0,91.0,15.0,673.0,293.0,101.0,-59.0,-348.0
200.0,,195.0,148.0,-39.0,628.0,291.0,73.0,16.0,-206.0
124.0,,138.0,189.0,-71.0,636.0,308.0,57.0,65.0,-67.0
77.0,,94.0,230.0,-99.0,651.0,316.0,341.0,92.0,83.0
26.0,,41.0,251.0,-128.0,586.0,309.0,38.0,95.0,208.0
-44.0,,23.0,255.0,-133.0,546.0,323.0,301.0,81.0,317.0
-113.0,,17.0,238.0,-138.0,521.0,344.0,22.0,61.0,398.0
-159.0,,-23.0,193.0,-150.0,565.0,381.0,75.0,38.0,450.0
-196.0,,-19.0,139.0,-162.0,571.0,409.0,129.0,19.0,495.0
-253.0,,-41.0,140.0,-161.0,509.0,421.0,-83.0,-7.0,524.0
-301.0,,-58.0,159.0,-167.0,540.0,430.0,229.0,-14.0,545.0
-341.0,,-50.0,145.0,-222.0,516.0,444.0,-107.0,-33.0,552.0
-363.0,,-84.0,131.0,-285.0,483.0,442.0,97.0,-61.0,535.0
-377.0,,-69.0,125.0,-320.0,498.0,423.0,-29.0,-75.0,475.0
-387.0,,-71.0,132.0,-328.0,486.0,408.0,-88.0,-99.0,429.0
-411.0,,-30.0,161.0,-302.0,515.0,381.0,136.0,-119.0,397.0
-443.0,,26.0,233.0,-243.0,508.0,338.0,-149.0,-137.0,356.0
-433.0,,78.0,342.0,-180.0,475.0,275.0,153.0,-153.0,337.0
-441.0,,171.0,430.0,-120.0,461.0,193.0,-118.0,-147.0,324.0
-464.0,,238.0,494.0,-61.0,445.0,126.0,-11.0,-135.0,308.0
-483.0,,338.0,581.0,-39.0,442.0,81.0,25.0,-147.0,260.0
-526.0,,413.0,676.0,-52.0,467.0,44.0,-175.0,-150.0,179.0
-576.0,,495.0,766.0,-68.0,498.0,14.0,120.0,-147.0,94.0
-633.0,,577.0,850.0,-61.0,469.0,-18.0,-208.0,-143.0,-23.0
-666.0,,637.0,913.0,-28.0,425.0,-36.0,9.0,-139.0,-174.0
-687.0,,673.0,938.0,14.0,434.0,-18.0,-162.0,-141.0,-317.0
-749.0,,704.0,924.0,60.0,462.0,10.0,-225.0,-129.0,-458.0
-783.0,,725.0,879.0,101.0,448.0,4.0,-55.0,-119.0,-588.0
-802.0,,697.0,796.0,127.0,432.0,-11.0,-314.0,-97.0,-673.0
-822.0,,703.0,692.0,158.0,396.0,-19.0,31.0,-73.0,-729.0
-819.0,,682.0,585.0,182.0,379.0,-17.0,-223.0,-47.0,-749.0
-813.0,,630.0,517.0,152.0,387.0,3.0,-59.0,-5.0,-722.0
-809.0,,611.0,468.0,78.0,355.0,5.0,-94.0,54.0,-663.0
-809.0,,559.0,384.0,-17.0,348.0,9.0,-321.0,129.0,-583.0
-780.0,,488.0,312.0,-129.0,351.0,1.0,-66.0,184.0,-504.0
-751.0,,462.0,293.0,-230.0,370.0,-22.0,-391.0,225.0,-428.0
-765.0,,402.0,309.0,-297.0,401.0,-58.0,-123.0,254.0,-364.0
-781.0,,353.0,320.0,-315.0,405.0,-107.0,-295.0,277.0,-358.0
-774.0,,352.0,330.0,-296.0,406.0,-109.0,-218.0,294.0,-401.0
-773.0,,304.0,350.0,-270.0,428.0,-115.0,31.0,319.0,-434.0
-756.0,,283.0,361.0,-251.0,424.0,-158.0,-203.0,344.0,-476.0
-708.0,,274.0,378.0,-225.0,404.0,-160.0,94.0,348.0,-543.0
-661.0,,246.0,384.0,-175.0,391.0,-145.0,-218.0,343.0,-600.0
-605.0,,240.0,342.0,-112.0,376.0,-130.0,-51.0,317.0,-667.0
-532.0,,252.0,248.0,-48.0,387.0,-116.0,-103.0,272.0,-739.0
-451.0,,268.0,121.0,4.0,353.0,-118.0,-301.0,217.0,-786.0
-392.0,,290.0,-38.0,29.0,379.0,-92.0,-97.0,155.0,-838.0
-339.0,,318.0,-183.0,25.0,410.0,-95.0,-434.0,95.0,-857.0
-288.0,,342.0,-292.0,3.0,384.0,-123.0,-173.0,39.0,-821.0
-234.0,,364.0,-388.0,-16.0,403.0,-167.0,-360.0,-13.0,-767.0
-157.0,,367.0,-446.0,-8.0,379.0,-224.0,-325.0,-72.0,-680.0
-64.0,,375.0,-487.0,35.0,378.0,-250.0,-212.0,-114.0,-572.0
18.0,,375.0,-500.0,93.0,413.0,-281.0,-384.0,-150.0,-467.0
71.0,,333.0,-517.0,137.0,400.0,-284.0,-40.0,-190.0,-388.0
128.0,,324.0,-543.0,157.0,331.0,-303.0,-303.0,-215.0,-324.0
211.0,,279.0,-525.0,152.0,298.0,-317.0,-84.0,-238.0,-264.0
279.0,,200.0,-482.0,131.0,336.0,-286.0,-227.0,-237.0,-226.0
294.0,,146.0,-421.0,138.0,318.0,-291.0,-384.0,-226.0,-205.0
312.0,,62.0,-367.0,182.0,295.0,-304.0,-210.0,-207.0,-241.0
347.0,,14.0,-318.0,233.0,292.0,-272.0,-532.0,-169.0,-310.0
369.0,,-27.0,-235.0,262.0,268.0,-252.0,-214.0,-128.0,-397.0
361.0,,-102.0,-118.0,254.0,277.0,-260.0,-467.0,-67.0,-506.0
365.0,,-129.0,-27.0,221.0,254.0,-241.0,-426.0,-1.0,-623.0
379.0,,-145.0,34.0,160.0,202.0,-224.0,-415.0,73.0,-740.0
361.0,,-162.0,82.0,74.0,199.0,-241.0,-648.0,163.0,-824.0
352.0,,-127.0,112.0,-20.0,187.0,-256.0,-380.0,264.0,-916.0
336.0,,-105.0,129.0,-138.0,203.0,-221.0,-711.0,359.0,-987.0
309.0,,-44.0,162.0,-259.0,256.0,-232.0,-448.0,436.0,-1033.0
269.0,,29.0,226.0,-342.0,287.0,-274.0,-578.0,492.0,-1079.0
251.0,,85.0,242.0,-376.0,302.0,-255.0,-620.0,510.0,-1115.0
242.0,,170.0,262.0,-354.0,317.0,-236.0,-493.0,519.0,-1149.0
211.0,,195.0,296.0,-275.0,358.0,-244.0,-818.0,498.0,-1145.0
186.0,,247.0,281.0,-181.0,400.0,-274.0,-478.0,452.0,-1112.0
167.0,,278.0,256.0,-106.0,410.0,-286.0,-724.0,388.0,-1051.0
162.0,,265.0,247.0,-49.0,403.0,-279.0,-552.0,304.0,-963.0
127.0,,303.0,249.0,-2.0,396.0,-281.0,-574.0,238.0,-858.0
80.0,,288.0,238.0,45.0,409.0,-273.0,-739.0,162.0,-769.0
43.0,,259.0,211.0,97.0,427.0,-243.0,-515.0,95.0,-706.0
21.0,,260.0,169.0,144.0,434.0,-253.0,-909.0,46.0,-675.0
-16.0,,217.0,141.0,168.0,450.0,-269.0,-705.0,10.0,-678.0
-95.0,,181.0,180.0,172.0,442.0,-241.0,-979.0,7.0,-680.0
-149.0,,150.0,244.0,162.0,423.0,-247.0,-936.0,29.0,-707.0
-159.0,,97.0,304.0,152.0,429.0,-249.0,-800.0,50.0,-718.0
-172.0,,77.0,384.0,154.0,443.0,-243.0,-1049.0,54.0,-737.0
-239.0,,53.0,489.0,149.0,414.0,-247.0,-726.0,57.0,-762.0
-308.0,,41.0,605.0,137.0,386.0,-238.0,-1031.0,72.0,-750.0
-342.0,,55.0,682.0,119.0,410.0,-218.0,-842.0,83.0,-727.0
-359.0,,54.0,749.0,114.0,406.0,-214.0,-905.0,94.0,-681.0
-383.0,,85.0,806.0,122.0,396.0,-224.0,-1018.0,113.0,-644.0
-402.0,,101.0,823.0,95.0,459.0,-225.0,-849.0,136.0,-606.0
-402.0,,122.0,830.0,19.0,512.0,-232.0,-1180.0,146.0,-563.0
-400.0,,157.0,801.0,-83.0,496.0,-222.0,-912.0,141.0,-555.0
-402.0,,167.0,761.0,-178.0,458.0,-220.0,-1186.0,135.0,-566.0
-417.0,,213.0,698.0,-259.0,417.0,-230.0,-1134.0,121.0,-606.0
-405.0,,235.0,621.0,-339.0,393.0,-233.0,-1084.0,103.0,-662.0
-384.0,,259.0,570.0,-386.0,419.0,-216.0,-1269.0,83.0,-698.0
-393.0,,316.0,550.0,-375.0,447.0,-187.0,-944.0,48.0,-732.0
-428.0,,347.0,533.0,-332.0,406.0,-180.0,-1243.0,21.0,-757.0
-435.0,,400.0,492.0,-266.0,381.0,-171.0,-986.0,3.0,-749.0
-405.0,,472.0,476.0,-172.0,363.0,-188.0,-1071.0,-11.0,-731.0
-422.0,,517.0,440.0,-79.0,319.0,-219.0,-1125.0,-27.0,-689.0
-465.0,,554.0,366.0,-37.0,324.0,-253.0,-955.0,-55.0,-612.0
-482.0,,611.0,276.0,-52.0,351.0,-292.0,-1249.0,-101.0,-518.0
-483.0,,629.0,177.0,-79.0,400.0,-314.0,-947.0,-146.0,-444.0
-498.0,,636.0,68.0,-85.0,421.0,-335.0,-1199.0,-169.0,-404.0
-553.0,,668.0,-29.0,-81.0,400.0,-338.0,-1069.0,-197.0,-407.0
-589.0,,643.0,-110.0,-69.0,368.0,-328.0,-1062.0,-187.0,-484.0
-586.0,,642.0,-203.0,-41.0,343.0,-310.0,-1210.0,-164.0,-604.0
-587.0,,634.0,-253.0,-16.0,365.0,-310.0,-923.0,-155.0,-749.0
-587.0,,595.0,-249.0,-11.0,390.0,-291.0,-1232.0,-122.0,-912.0
-555.0,,574.0,-244.0,-26.0,342.0,-246.0,-905.0,-133.0,-1043.0
-481.0,,529.0,-235.0,-50.0,253.0,-219.0,-997.0,-144.0,-1132.0
-418.0,,496.0,-197.0,-69.0,264.0,-203.0,-968.0,-140.0,-1209.0
-350.0,,439.0,-141.0,-88.0,291.0,-215.0,-829.0,-160.0,-1244.0
-240.0,,401.0,-56.0,-122.0,271.0,-199.0,-1062.0,-161.0,-1187.0
-140.0,,342.0,33.0,-179.0,252.0,-180.0,-700.0,-149.0,-1078.0
-58.0,,281.0,144.0,-238.0,246.0,-183.0,-968.0,-127.0,-924.0
4.0,,272.0,304.0,-255.0,222.0,-168.0,-759.0,-103.0,-716.0
59.0,,212.0,400.0,-202.0,168.0,-151.0,-807.0,-66.0,-476.0
121.0,,202.0,462.0,-102.0,158.0,-116.0,-944.0,-19.0,-219.0
159.0,,184.0,567.0,-1.0,125.0,-107.0,-724.0,25.0,11.0
168.0,,180.0,647.0,76.0,145.0,-111.0,-1099.0,80.0,210.0
177.0,,211.0,647.0,129.0,180.0,-119.0,-796.0,136.0,367.0
195.0,,209.0,628.0,168.0,162.0,-155.0,-944.0,197.0,473.0
202.0,,277.0,667.0,208.0,196.0,-187.0,-831.0,265.0,519.0
186.0,,253.0,686.0,255.0,166.0,-218.0,-757.0,329.0,547.0
162.0,,272.0,641.0,310.0,126.0,-229.0,-979.0,373.0,544.0
172.0,,314.0,599.0,343.0,129.0,-239.0,-657.0,392.0,481.0
152.0,,275.0,553.0,353.0,116.0,-270.0,-994.0,369.0,374.0
119.0,,299.0,520.0,345.0,79.0,-308.0,-761.0,309.0,170.0
140.0,,271.0,497.0,304.0,40.0,-328.0,-885.0,234.0,-68.0
157.0,,234.0,492.0,242.0,68.0,-299.0,-944.0,152.0,-295.0
147.0,,191.0,505.0,171.0,100.0,-286.0,-711.0,71.0,-527.0
121.0,,160.0,475.0,109.0,79.0,-272.0,-1038.0,-31.0,-720.0
144.0,,94.0,469.0,83.0,21.0,-241.0,-752.0,-125.0,-855.0
167.0,,16.0,442.0,88.0,10.0,-235.0,-997.0,-201.0,-950.0
157.0,,-16.0,389.0,106.0,52.0,-209.0,-875.0,-279.0,-1018.0
173.0,,-99.0,383.0,111.0,94.0,-182.0,-811.0,-335.0,-1079.0
210.0,,-140.0,386.0,86.0,68.0,-169.0,-934.0,-383.0,-1148.0
239.0,,-185.0,403.0,32.0,4.0,-166.0,-665.0,-425.0,-1187.0
256.0,,-250.0,432.0,-38.0,-31.0,-199.0,-997.0,-441.0,-1197.0
292.0,,-269.0,461.0,-95.0,-45.0,-212.0,-689.0,-445.0,-1165.0
315.0,,-297.0,467.0,-124.0,-33.0,-212.0,-812.0,-442.0,-1086.0
339.0,,-332.0,487.0,-133.0,-66.0,-221.0,-774.0,-426.0,-967.0
340.0,,-318.0,567.0,-122.0,-97.0,-218.0,-539.0,-409.0,-809.0
338.0,,-341.0,622.0,-96.0,-127.0,-218.0,-790.0,-379.0,-643.0
351.0,,-338.0,672.0,-83.0,-179.0,-208.0,-456.0,-314.0,-450.0
344.0,,-330.0,771.0,-86.0,-177.0,-190.0,-752.0,-221.0,-218.0
360.0,,-335.0,853.0,-73.0,-129.0,-158.0,-572.0,-106.0,37.0
374.0,,-306.0,934.0,-39.0,-116.0,-105.0,-554.0,33.0,276.0
384.0,,-328.0,1035.0,7.0,-153.0,-73.0,-757.0,176.0,479.0
393.0,,-305.0,1124.0,60.0,-157.0,-49.0,-476.0,308.0,626.0
410.0,,-335.0,1212.0,121.0,-187.0,-34.0,-787.0,434.0,687.0
440.0,,-317.0,1273.0,170.0,-237.0,-56.0,-559.0,539.0,663.0
470.0,,-279.0,1298.0,197.0,-269.0,-50.0,-727.0,605.0,535.0
498.0,,-291.0,1290.0,231.0,-297.0,-18.0,-611.0,660.0,370.0
510.0,,-229.0,1244.0,239.0,-299.0,-27.0,-465.0,695.0,207.0
513.0,,-222.0,1145.0,206.0,-327.0,-54.0,-718.0,697.0,24.0
521.0,,-202.0,1003.0,158.0,-335.0,-71.0,-345.0,679.0,-152.0
505.0,,-203.0,868.0,105.0,-332.0,-54.0,-639.0,628.0,-287.0
421.0,,-193.0,757.0,54.0,-334.0,-44.0,-378.0,569.0,-374.0
356.0,,-175.0,670.0,9.0,-319.0,-63.0,-352.0,509.0,-457.0
308.0,,-198.0,562.0,-15.0,-323.0,-66.0,-450.0,446.0,-515.0
225.0,,-142.0,460.0,-6.0,-325.0,-81.0,-240.0,368.0,-546.0
115.0,,-139.0,417.0,23.0,-373.0,-80.0,-561.0,291.0,-567.0
15.0,,-121.0,413.0,52.0,-384.0,-57.0,-251.0,246.0,-582.0
-47.0,,-58.0,425.0,73.0,-331.0,-52.0,-506.0,202.0,-617.0
-164.0,,-34.0,456.0,89.0,-312.0,-66.0,-443.0,157.0,-628.0
-295.0,,1.0,505.0,99.0,-323.0,-91.0,-376.0,111.0,-604.0
-390.0,,35.0,526.0,92.0,-334.0,-83.0,-559.0,79.0,-590.0
-440.0,,71.0,518.0,58.0,-342.0,-76.0,-227.0,60.0,-548.0
-478.0,,97.0,501.0,-11.0,-392.0,-118.0,-437.0,58.0,-470.0
-555.0,,135.0,508.0,-90.0,-398.0,-139.0,-107.0,77.0,-390.0
-600.0,,179.0,511.0,-143.0,-396.0,-168.0,-238.0,100.0,-282.0
-608.0,,187.0,504.0,-142.0,-411.0,-222.0,-229.0,130.0,-149.0
-617.0,,195.0,522.0,-82.0,-394.0,-209.0,9.0,137.0,-39.0
-639.0,,207.0,529.0,-5.0,-427.0,-190.0,-243.0,136.0,78.0
-664.0,,194.0,564.0,71.0,-416.0,-197.0,5.0,136.0,202.0
-643.0,,194.0,626.0,140.0,-366.0,-215.0,-343.0,117.0,286.0
-625.0,,186.0,685.0,174.0,-362.0,-211.0,-103.0,68.0,355.0
-629.0,,139.0,775.0,149.0,-339.0,-183.0,14.0,15.0,403.0
-608.0,,123.0,851.0,60.0,-329.0,-222.0,-90.0,-6.0,436.0
-568.0,,89.0,901.0,-60.0,-361.0,-252.0,266.0,-17.0,477.0
-510.0,,55.0,898.0,-169.0,-365.0,-246.0,-20.0,-8.0,524.0
-485.0,,64.0,851.0,-234.0,-335.0,-254.0,249.0,2.0,581.0
-488.0,,53.0,792.0,-257.0,-353.0,-242.0,51.0,24.0,638.0
-446.0,,53.0,705.0,-247.0,-387.0,-239.0,-7.0,62.0,682.0
-422.0,,58.0,594.0,-217.0,-371.0,-262.0,145.0,80.0,674.0
-441.0,,53.0,451.0,-192.0,-363.0,-276.0,-60.0,103.0,621.0
-475.0,,52.0,328.0,-181.0,-340.0,-287.0,339.0,151.0,535.0
-499.0,,43.0,256.0,-194.0,-315.0,-275.0,86.0,207.0,407.0
-498.0,,38.0,228.0,-221.0,-339.0,-271.0,282.0,255.0,244.0
-511.0,,27.0,295.0,-212.0,-325.0,-288.0,277.0,299.0,66.0
-527.0,,16.0,357.0,-153.0,-298.0,-284.0,127.0,333.0,-113.0
-540.0,,6.0,377.0,-70.0,-302.0,-290.0,469.0,350.0,-301.0
-532.0,,15.0,422.0,2.0,-308.0,-299.0,203.0,341.0,-471.0
-510.0,,25.0,425.0,50.0,-317.0,-317.0,463.0,298.0,-613.0
-512.0,,35.0,409.0,78.0,-314.0,-331.0,232.0,254.0,-712.0
-488.0,,65.0,363.0,74.0,-306.0,-354.0,245.0,210.0,-777.0
-435.0,,78.0,269.0,49.0,-332.0,-367.0,351.0,162.0,-778.0
-385.0,,108.0,197.0,35.0,-367.0,-368.0,147.0,133.0,-718.0
-346.0,,122.0,130.0,41.0,-361.0,-439.0,613.0,109.0,-633.0
-303.0,,161.0,97.0,65.0,-338.0,-473.0,388.0,94.0,-520.0
-242.0,,201.0,84.0,88.0,-300.0,-479.0,600.0,72.0,-445.0
-176.0,,202.0,113.0,96.0,-326.0,-509.0,585.0,32.0,-374.0
-125.0,,253.0,196.0,104.0,-362.0,-494.0,489.0,0.0,-308.0
-70.0,,260.0,242.0,121.0,-327.0,-496.0,705.0,-18.0,-267.0
8.0,,243.0,262.0,165.0,-333.0,-525.0,424.0,-25.0,-228.0
76.0,,232.0,294.0,233.0,-285.0,-534.0,776.0,-29.0,-220.0
151.0,,197.0,342.0,279.0,-258.0,-522.0,570.0,-22.0,-194.0
231.0,,143.0,375.0,260.0,-315.0,-519.0,655.0,-10.0,-182.0
303.0,,102.0,401.0,171.0,-304.0,-526.0,672.0,-4.0,-148.0
367.0,,64.0,439.0,68.0,-314.0,-507.0,434.0,0.0,-81.0
430.0,,-3.0,427.0,-4.0,-327.0,-475.0,777.0,4.0,-9.0
517.0,,-16.0,384.0,-58.0,-324.0,-460.0,412.0,14.0,105.0
595.0,,-58.0,358.0,-104.0,-356.0,-450.0,655.0,29.0,220.0
646.0,,-74.0,318.0,-146.0,-369.0,-444.0,637.0,47.0,364.0
682.0,,-73.0,269.0,-180.0,-349.0,-417.0,583.0,72.0,518.0
727.0,,-102.0,229.0,-183.0,-342.0,-367.0,748.0,104.0,671.0
742.0,,-71.0,179.0,-155.0,-365.0,-325.0,432.0,134.0,836.0
701.0,,-74.0,137.0,-116.0,-385.0,-283.0,753.0,144.0,987.0
660.0,,-40.0,114.0,-97.0,-398.0,-268.0,513.0,152.0,1135.0
628.0,,-42.0,118.0,-112.0,-384.0,-256.0,667.0,164.0,1263.0
569.0,,-32.0,158.0,-144.0,-394.0,-245.0,709.0,158.0,1361.0
485.0,,16.0,259.0,-169.0,-404.0,-230.0,591.0,143.0,1400.0
401.0,,-42.0,377.0,-140.0,-380.0,-199.0,942.0,122.0,1388.0
321.0,,-38.0,458.0,-57.0,-378.0,-204.0,563.0,97.0,1331.0
249.0,,-52.0,563.0,30.0,-396.0,-191.0,866.0,64.0,1220.0
161.0,,-126.0,672.0,95.0,-427.0,-160.0,812.0,15.0,1120.0
103.0,,-159.0,777.0,130.0,-427.0,-158.0,794.0,-41.0,1011.0
86.0,,-221.0,899.0,159.0,-396.0,-157.0,962.0,-99.0,878.0
56.0,,-281.0,986.0,179.0,-373.0,-138.0,668.0,-127.0,778.0
8.0,,-291.0,1069.0,193.0,-365.0,-140.0,923.0,-119.0,700.0
-38.0,,-327.0,1135.0,211.0,-347.0,-152.0,582.0,-82.0,646.0
-8.0,,-351.0,1125.0,224.0,-353.0,-135.0,726.0,-20.0,617.0
30.0,,-299.0,1083.0,216.0,-349.0,-142.0,735.0,53.0,609.0
37.0,,-300.0,1041.0,176.0,-302.0,-148.0,641.0,131.0,662.0
58.0,,-258.0,987.0,114.0,-306.0,-137.0,955.0,199.0,753.0
97.0,,-201.0,905.0,38.0,-285.0,-132.0,642.0,272.0,868.0
169.0,,-169.0,751.0,-35.0,-299.0,-120.0,940.0,340.0,1013.0
213.0,,-58.0,546.0,-78.0,-306.0,-127.0,746.0,396.0,1145.0
246.0,,-20.0,388.0,-69.0,-236.0,-120.0,731.0,449.0,1261.0
296.0,,64.0,284.0,-26.0,-240.0,-101.0,814.0,485.0,1367.0
349.0,,150.0,212.0,13.0,-221.0,-90.0,539.0,517.0,1452.0
398.0,,175.0,164.0,27.0,-225.0,-82.0,809.0,523.0,1527.0
420.0,,267.0,155.0,16.0,-262.0,-71.0,460.0,528.0,1571.0
445.0,,307.0,240.0,-7.0,-234.0,-48.0,642.0,544.0,1570.0
461.0,,342.0,355.0,-30.0,-196.0,-25.0,556.0,544.0,1530.0
463.0,,379.0,484.0,-57.0,-155.0,3.0,384.0,536.0,1463.0
460.0,,409.0,643.0,-86.0,-205.0,24.0,569.0,509.0,1399.0
452.0,,443.0,817.0,-96.0,-273.0,49.0,234.0,484.0,1328.0
436.0,,470.0,972.0,-72.0,-231.0,62.0,574.0,458.0,1265.0
406.0,,517.0,1041.0,-31.0,-169.0,64.0,469.0,414.0,1216.0
371.0,,530.0,1072.0,10.0,-143.0,93.0,602.0,376.0,1160.0
346.0,,551.0,1073.0,34.0,-150.0,81.0,679.0,346.0,1088.0
322.0,,551.0,1044.0,32.0,-152.0,81.0,395.0,336.0,995.0
265.0,,553.0,1003.0,8.0,-121.0,118.0,635.0,332.0,905.0
224.0,,547.0,910.0,-24.0,-87.0,146.0,354.0,314.0,781.0
222.0,,527.0,808.0,-55.0,-93.0,180.0,637.0,305.0,636.0
200.0,,522.0,717.0,-81.0,-127.0,196.0,535.0,302.0,518.0
154.0,,488.0,569.0,-76.0,-91.0,227.0,404.0,291.0,403.0
120.0,,474.0,404.0,-37.0,-76.0,250.0,537.0,273.0,310.0
128.0,,430.0,260.0,10.0,-130.0,264.0,151.0,253.0,245.0
111.0,,403.0,85.0,57.0,-191.0,282.0,426.0,231.0,197.0
62.0,,386.0,-87.0,95.0,-196.0,256.0,232.0,182.0,179.0
35.0,,338.0,-233.0,123.0,-82.0,236.0,432.0,121.0,187.0
23.0,,309.0,-315.0,116.0,-73.0,219.0,515.0,56.0,195.0
12.0,,293.0,-329.0,46.0,-117.0,201.0,279.0,5.0,220.0
-22.0,,264.0,-327.0,-75.0,-87.0,208.0,502.0,-40.0,269.0
-40.0,,224.0,-268.0,-219.0,-73.0,180.0,138.0,-91.0,322.0
-14.0,,221.0,-180.0,-354.0,-60.0,144.0,358.0,-115.0,415.0
11.0,,175.0,-41.0,-467.0,-81.0,143.0,192.0,-143.0,546.0
49.0,,157.0,137.0,-515.0,-98.0,125.0,190.0,-183.0,720.0
87.0,,169.0,275.0,-457.0,-117.0,98.0,400.0,-230.0,918.0
142.0,,148.0,418.0,-306.0,-162.0,71.0,103.0,-271.0,1107.0
198.0,,142.0,519.0,-121.0,-221.0,45.0,393.0,-296.0,1300.0
229.0,,135.0,515.0,32.0,-289.0,34.0,53.0,-318.0,1459.0
275.0,,109.0,433.0,143.0,-302.0,0.0,127.0,-336.0,1564.0
324.0,,58.0,328.0,209.0,-306.0,-23.0,134.0,-365.0,1623.0
385.0,,24.0,197.0,241.0,-339.0,-21.0,-3.0,-393.0,1642.0
440.0,,-25.0,44.0,241.0,-336.0,-20.0,304.0,-431.0,1616.0
450.0,,-71.0,-81.0,196.0,-305.0,0.0,16.0,-484.0,1579.0
435.0,,-118.0,-162.0,122.0,-244.0,-9.0,269.0,-535.0,1519.0
416.0,,-175.0,-203.0,44.0,-252.0,-28.0,103.0,-572.0,1417.0
380.0,,-222.0,-203.0,-17.0,-315.0,-19.0,107.0,-587.0,1285.0
310.0,,-284.0,-144.0,-54.0,-298.0,25.0,249.0,-604.0,1108.0
245.0,,-349.0,-67.0,-73.0,-319.0,67.0,14.0,-576.0,948.0
218.0,,-405.0,62.0,-68.0,-366.0,73.0,358.0,-512.0,809.0
203.0,,-445.0,212.0,-45.0,-424.0,106.0,99.0,-446.0,697.0
153.0,,-518.0,328.0,-48.0,-505.0,135.0,267.0,-379.0,646.0
88.0,,-553.0,443.0,-109.0,-549.0,134.0,219.0,-322.0,651.0
51.0,,-577.0,512.0,-214.0,-568.0,129.0,60.0,-244.0,698.0
24.0,,-638.0,560.0,-311.0,-561.0,128.0,238.0,-163.0,762.0
2.0,,-650.0,584.0,-365.0,-584.0,126.0,-72.0,-80.0,854.0
-14.0,,-647.0,575.0,-365.0,-573.0,113.0,253.0,-1.0,963.0
-8.0,,-645.0,556.0,-318.0,-567.0,110.0,55.0,59.0,1072.0
30.0,,-636.0,480.0,-258.0,-630.0,132.0,162.0,121.0,1198.0
79.0,,-610.0,349.0,-183.0,-639.0,141.0,304.0,181.0,1326.0
117.0,,-579.0,199.0,-85.0,-631.0,115.0,94.0,237.0,1411.0
155.0,,-548.0,81.0,27.0,-653.0,120.0,478.0,284.0,1500.0
231.0,,-484.0,0.0,124.0,-652.0,136.0,190.0,329.0,1554.0
342.0,,-416.0,-62.0,165.0,-709.0,154.0,356.0,375.0,1567.0
435.0,,-347.0,-85.0,146.0,-794.0,172.0,245.0,389.0,1565.0
506.0,,-296.0,-100.0,107.0,-792.0,186.0,151.0,396.0,1497.0
608.0,,-242.0,-104.0,87.0,-798.0,211.0,375.0,393.0,1406.0
693.0,,-203.0,-72.0,97.0,-782.0,188.0,79.0,350.0,1287.0
737.0,,-195.0,-32.0,129.0,-738.0,210.0,362.0,301.0,1139.0
775.0,,-182.0,7.0,170.0,-736.0,264.0,118.0,263.0,963.0
808.0,,-183.0,19.0,201.0,-764.0,280.0,238.0,236.0,758.0
844.0,,-186.0,2.0,218.0,-785.0,328.0,343.0,216.0,553.0
838.0,,-192.0,-18.0,212.0,-740.0,351.0,197.0,185.0,344.0
818.0,,-152.0,-51.0,155.0,-680.0,370.0,476.0,137.0,153.0
820.0,,-132.0,-58.0,39.0,-711.0,390.0,157.0,84.0,-6.0
778.0,,-122.0,-35.0,-98.0,-815.0,391.0,356.0,21.0,-132.0
700.0,,-93.0,0.0,-213.0,-835.0,406.0,190.0,-47.0,-231.0
630.0,,-96.0,41.0,-279.0,-822.0,414.0,140.0,-104.0,-301.0
571.0,,-104.0,85.0,-284.0,-790.0,427.0,310.0,-139.0,-330.0
485.0,,-101.0,140.0,-220.0,-738.0,431.0,68.0,-145.0,-308.0
361.0,,-90.0,231.0,-125.0,-721.0,462.0,321.0,-147.0,-246.0
249.0,,-95.0,384.0,-43.0,-689.0,500.0,-40.0,-130.0,-145.0
167.0,,-98.0,522.0,13.0,-719.0,550.0,25.0,-89.0,6.0
89.0,,-112.0,598.0,43.0,-713.0,626.0,22.0,-40.0,141.0
14.0,,-123.0,678.0,71.0,-642.0,679.0,-97.0,14.0,256.0
-34.0,,-142.0,734.0,99.0,-594.0,724.0,251.0,81.0,363.0
-59.0,,-165.0,730.0,105.0,-559.0,769.0,-9.0,153.0,429.0
-64.0,,-171.0,683.0,93.0,-575.0,824.0,201.0,206.0,487.0
-71.0,,-173.0,637.0,64.0,-588.0,860.0,-35.0,267.0,523.0
-86.0,,-185.0,626.0,37.0,-586.0,881.0,-83.0,305.0,533.0
-94.0,,-188.0,607.0,38.0,-536.0,881.0,131.0,323.0,556.0
-98.0,,-175.0,541.0,71.0,-436.0,890.0,-14.0,338.0,572.0
-114.0,,-160.0,439.0,123.0,-379.0,944.0,323.0,326.0,599.0
-128.0,,-150.0,332.0,184.0,-352.0,940.0,-5.0,324.0,641.0
-137.0,,-129.0,250.0,244.0,-336.0,927.0,116.0,323.0,679.0
-161.0,,-136.0,179.0,295.0,-327.0,936.0,73.0,310.0,707.0
-196.0,,-151.0,126.0,341.0,-271.0,919.0,-46.0,274.0,711.0
-218.0,,-136.0,115.0,357.0,-223.0,904.0,242.0,223.0,720.0
-253.0,,-185.0,130.0,324.0,-233.0,922.0,-105.0,170.0,715.0
-313.0,,-200.0,171.0,248.0,-231.0,972.0,158.0,104.0,702.0
-383.0,,-221.0,213.0,128.0,-218.0,967.0,-46.0,29.0,698.0
-444.0,,-255.0,282.0,-15.0,-216.0,938.0,-11.0,-54.0,670.0
-488.0,,-260.0,411.0,-154.0,-186.0,970.0,177.0,-155.0,651.0
-540.0,,-270.0,549.0,-265.0,-137.0,1003.0,-36.0,-245.0,632.0
-550.0,,-267.0,652.0,-335.0,-129.0,1025.0,216.0,-312.0,619.0
-498.0,,-283.0,678.0,-336.0,-155.0,1059.0,-177.0,-387.0,612.0
-438.0,,-287.0,675.0,-251.0,-127.0,1092.0,-9.0,-462.0,584.0
-390.0,,-265.0,641.0,-114.0,-79.0,1098.0,-9.0,-517.0,552.0
-317.0,,-254.0,574.0,32.0,-57.0,1094.0,-51.0,-564.0,489.0
-210.0,,-263.0,527.0,159.0,-22.0,1103.0,181.0,-608.0,404.0
-136.0,,-216.0,474.0,241.0,20.0,1122.0,-230.0,-637.0,308.0
-91.0,,-205.0,391.0,276.0,54.0,1140.0,-29.0,-656.0,190.0
-21.0,,-186.0,301.0,263.0,80.0,1169.0,-291.0,-661.0,80.0
55.0,,-133.0,211.0,223.0,75.0,1185.0,-273.0,-639.0,-9.0
124.0,,-125.0,110.0,191.0,34.0,1181.0,-208.0,-595.0,-55.0
167.0,,-76.0,0.0,172.0,43.0,1192.0,-397.0,-537.0,-37.0
154.0,,-40.0,-86.0,158.0,121.0,1211.0,-83.0,-484.0,18.0
133.0,,-4.0,-103.0,130.0,168.0,1235.0,-428.0,-433.0,114.0
132.0,,19.0,-113.0,88.0,176.0,1241.0,-238.0,-389.0,242.0
119.0,,37.0,-121.0,34.0,212.0,1245.0,-376.0,-352.0,382.0
82.0,,39.0,-104.0,-1.0,281.0,1257.0,-430.0,-304.0,511.0
45.0,,32.0,-72.0,2.0,345.0,1265.0,-203.0,-271.0,602.0
34.0,,46.0,10.0,-1.0,339.0,1283.0,-545.0,-234.0,668.0
-5.0,,15.0,65.0,-50.0,295.0,1287.0,-242.0,-172.0,694.0
-75.0,,17.0,73.0,-125.0,310.0,1263.0,-522.0,-118.0,691.0
-162.0,,0.0,75.0,-193.0,354.0,1240.0,-441.0,-71.0,649.0
-226.0,,-23.0,49.0,-241.0,381.0,1234.0,-371.0,-33.0,560.0
-257.0,,-19.0,3.0,-255.0,409.0,1224.0,-546.0,-3.0,457.0
-310.0,,-20.0,-55.0,-218.0,431.0,1191.0,-271.0,15.0,320.0
-361.0,,7.0,-58.0,-133.0,448.0,1172.0,-622.0,15.0,153.0
-393.0,,-8.0,-36.0,-23.0,484.0,1193.0,-397.0,13.0,-10.0
-388.0,,17.0,-30.0,94.0,521.0,1166.0,-535.0,19.0,-162.0
-387.0,,40.0,8.0,202.0,502.0,1140.0,-532.0,30.0,-278.0
-384.0,,42.0,38.0,292.0,500.0,1156.0,-321.0,37.0,-329.0
-349.0,,77.0,78.0,347.0,529.0,1156.0,-556.0,44.0,-359.0
-292.0,,95.0,152.0,333.0,558.0,1127.0,-230.0,54.0,-364.0
-245.0,,105.0,214.0,253.0,613.0,1118.0,-528.0,71.0,-352.0
-241.0,,91.0,283.0,120.0,623.0,1122.0,-423.0,101.0,-352.0
-230.0,,117.0,374.0,-46.0,640.0,1078.0,-498.0,106.0,-309.0
-212.0,,96.0,434.0,-195.0,668.0,1041.0,-683.0,100.0,-258.0
-176.0,,89.0,439.0,-285.0,672.0,1001.0,-430.0,68.0,-214.0
-145.0,,113.0,394.0,-303.0,678.0,962.0,-748.0,15.0,-167.0
-112.0,,61.0,297.0,-267.0,680.0,920.0,-410.0,-49.0,-159.0
-75.0,,62.0,200.0,-198.0,680.0,883.0,-509.0,-129.0,-181.0
-38.0,,38.0,94.0,-125.0,665.0,879.0,-423.0,-184.0,-228.0
20.0,,-30.0,-28.0,-74.0,732.0,836.0,-271.0,-235.0,-283.0
51.0,,-46.0,-100.0,-34.0,776.0,794.0,-521.0,-252.0,-338.0
69.0,,-83.0,-134.0,-11.0,764.0,799.0,-208.0,-221.0,-371.0
67.0,,-137.0,-151.0,-1.0,785.0,824.0,-480.0,-161.0,-381.0
93.0,,-146.0,-149.0,16.0,803.0,816.0,-256.0,-68.0,-357.0
145.0,,-173.0,-104.0,46.0,843.0,793.0,-266.0,38.0,-289.0
144.0,,-227.0,0.0,79.0,855.0,779.0,-347.0,158.0,-197.0
134.0,,-236.0,103.0,90.0,860.0,760.0,-158.0,276.0,-79.0
150.0,,-226.0,208.0,70.0,870.0,748.0,-524.0,390.0,20.0
159.0,,-251.0,311.0,37.0,877.0,738.0,-253.0,496.0,83.0
137.0,,-213.0,374.0,4.0,882.0,742.0,-428.0,585.0,155.0
143.0,,-181.0,418.0,-37.0,866.0,751.0,-290.0,639.0,249.0
150.0,,-185.0,443.0,-74.0,839.0,780.0,-103.0,650.0,313.0
122.0,,-118.0,423.0,-83.0,823.0,814.0,-254.0,637.0,354.0
76.0,,-79.0,356.0,-61.0,830.0,804.0,77.0,598.0,379.0
2.0,,-39.0,285.0,-21.0,836.0,782.0,-188.0,541.0,340.0
-74.0,,3.0,221.0,5.0,847.0,766.0,18.0,460.0,276.0
-159.0,,40.0,181.0,6.0,854.0,763.0,-109.0,346.0,152.0
-227.0,,43.0,183.0,-14.0,855.0,766.0,-229.0,204.0,-26.0
-292.0,,17.0,251.0,-42.0,778.0,755.0,-57.0,47.0,-219.0
-352.0,,5.0,356.0,-70.0,729.0,736.0,-375.0,-120.0,-469.0
-411.0,,-76.0,464.0,-92.0,809.0,719.0,-77.0,-290.0,-723.0
-487.0,,-124.0,588.0,-71.0,872.0,738.0,-299.0,-437.0,-966.0
-546.0,,-151.0,699.0,6.0,854.0,724.0,-142.0,-553.0,-1154.0
-620.0,,-216.0,783.0,123.0,798.0,673.0,-97.0,-641.0,-1252.0
-664.0,,-219.0,811.0,232.0,801.0,679.0,-363.0,-720.0,-1301.0
-659.0,,-232.0,812.0,310.0,804.0,680.0,-59.0,-775.0,-1288.0
-641.0,,-248.0,823.0,348.0,801.0,680.0,-328.0,-795.0,-1220.0
-588.0,,-250.0,823.0,335.0,781.0,683.0,-31.0,-788.0,-1094.0
-538.0,,-232.0,796.0,285.0,739.0,674.0,-109.0,-753.0,-938.0
-443.0,,-212.0,733.0,218.0,725.0,679.0,-138.0,-705.0,-758.0
-310.0,,-234.0,633.0,152.0,726.0,693.0,22.0,-631.0,-534.0
-212.0,,-195.0,527.0,82.0,769.0,723.0,-249.0,-543.0,-305.0
-113.0,,-197.0,473.0,3.0,756.0,718.0,62.0,-444.0,-78.0
-36.0,,-196.0,465.0,-82.0,722.0,661.0,-223.0,-316.0,132.0
17.0,,-117.0,462.0,-160.0,722.0,596.0,-88.0,-185.0,288.0
60.0,,-114.0,455.0,-216.0,747.0,540.0,-144.0,-75.0,397.0
88.0,,-87.0,453.0,-233.0,707.0,485.0,-336.0,4.0,439.0
109.0,,-54.0,446.0,-193.0,621.0,439.0,-29.0,58.0,413.0
109.0,,-43.0,449.0,-109.0,607.0,414.0,-282.0,96.0,364.0
93.0,,-10.0,460.0,2.0,593.0,398.0,55.0,128.0,273.0
67.0,,-4.0,449.0,109.0,596.0,371.0,-81.0,149.0,156.0
31.0,,17.0,388.0,199.0,540.0,353.0,-81.0,142.0,8.0
-9.0,,32.0,287.0,267.0,444.0,372.0,22.0,130.0,-174.0
-50.0,,39.0,176.0,306.0,418.0,359.0,-260.0,111.0,-353.0
-87.0,,54.0,96.0,311.0,444.0,344.0,40.0,96.0,-527.0
-141.0,,70.0,58.0,279.0,444.0,380.0,-192.0,80.0,-693.0
-196.0,,104.0,65.0,250.0,379.0,381.0,46.0,54.0,-828.0
-202.0,,117.0,79.0,239.0,375.0,358.0,-38.0,51.0,-911.0
-222.0,,137.0,58.0,234.0,382.0,344.0,-254.0,38.0,-966.0
-275.0,,144.0,84.0,244.0,403.0,325.0,-72.0,19.0,-971.0
-307.0,,168.0,163.0,264.0,402.0,298.0,-382.0,14.0,-914.0
-328.0,,175.0,256.0,301.0,348.0,258.0,-79.0,3.0,-820.0
-330.0,,172.0,344.0,336.0,373.0,232.0,-262.0,0.0,-689.0
-346.0,,186.0,405.0,351.0,398.0,211.0,-216.0,0.0,-543.0
-372.0,,160.0,457.0,349.0,380.0,175.0,-212.0,-2.0,-387.0
-360.0,,157.0,462.0,332.0,316.0,145.0,-484.0,-7.0,-244.0
-324.0,,124.0,439.0,292.0,250.0,124.0,-206.0,2.0,-130.0
-301.0,,102.0,419.0,205.0,215.0,91.0,-515.0,12.0,-49.0
-306.0,,79.0,387.0,85.0,173.0,93.0,-258.0,28.0,-44.0
-289.0,,32.0,335.0,-42.0,111.0,115.0,-354.0,83.0,-123.0
-228.0,,4.0,228.0,-156.0,55.0,88.0,-430.0,146.0,-258.0
-146.0,,-13.0,103.0,-237.0,-16.0,36.0,-205.0,213.0,-431.0
-107.0,,-16.0,12.0,-279.0,-146.0,10.0,-478.0,290.0,-642.0
-108.0,,-60.0,-71.0,-281.0,-191.0,18.0,-123.0,368.0,-862.0
-65.0,,-38.0,-138.0,-251.0,-149.0,0.0,-303.0,430.0,-1061.0
0.0,,-36.0,-192.0,-186.0,-118.0,-27.0,-168.0,476.0,-1240.0
30.0,,-52.0,-235.0,-88.0,-150.0,-9.0,-149.0,526.0,-1388.0
42.0,,15.0,-250.0,21.0,-183.0,-2.0,-371.0,555.0,-1492.0
81.0,,53.0,-245.0,112.0,-137.0,-18.0,-86.0,564.0,-1537.0
145.0,,108.0,-216.0,157.0,-116.0,-10.0,-375.0,565.0,-1509.0
181.0,,170.0,-194.0,151.0,-103.0,-1.0,-70.0,552.0,-1429.0
178.0,,216.0,-187.0,101.0,-118.0,-28.0,-173.0,541.0,-1315.0
194.0,,241.0,-178.0,27.0,-120.0,-77.0,-245.0,517.0,-1181.0
221.0,,257.0,-172.0,-48.0,-89.0,-113.0,-94.0,476.0,-1045.0
234.0,,267.0,-171.0,-103.0,-131.0,-132.0,-365.0,416.0,-924.0
239.0,,262.0,-181.0,-130.0,-179.0,-159.0,-16.0,332.0,-808.0
246.0,,246.0,-183.0,-147.0,-166.0,-178.0,-203.0,221.0,-689.0
259.0,,215.0,-169.0,-155.0,-109.0,-202.0,-46.0,87.0,-590.0
245.0,,172.0,-164.0,-136.0,-98.0,-209.0,-62.0,-31.0,-499.0
236.0,,108.0,-135.0,-100.0,-112.0,-192.0,-223.0,-141.0,-419.0
242.0,,88.0,-79.0,-71.0,-137.0,-157.0,66.0,-236.0,-358.0
248.0,,65.0,-23.0,-49.0,-148.0,-115.0,-197.0,-308.0,-294.0
250.0,,44.0,88.0,-41.0,-180.0,-116.0,145.0,-354.0,-232.0
248.0,,70.0,231.0,-56.0,-239.0,-110.0,18.0,-347.0,-176.0
271.0,,66.0,390.0,-92.0,-196.0,-103.0,36.0,-312.0,-123.0
292.0,,61.0,544.0,-147.0,-177.0,-115.0,221.0,-256.0,-94.0
292.0,,77.0,640.0,-195.0,-218.0,-126.0,-18.0,-177.0,-82.0
282.0,,74.0,703.0,-213.0,-284.0,-154.0,354.0,-78.0,-107.0
271.0,,101.0,697.0,-220.0,-267.0,-180.0,121.0,34.0,-159.0
269.0,,89.0,667.0,-222.0,-145.0,-216.0,279.0,141.0,-202.0
274.0,,66.0,641.0,-217.0,-88.0,-262.0,238.0,264.0,-242.0
299.0,,90.0,590.0,-208.0,-45.0,-294.0,72.0,383.0,-233.0
343.0,,51.0,520.0,-195.0,-11.0,-317.0,277.0,459.0,-180.0
383.0,,40.0,432.0,-175.0,70.0,-324.0,-46.0,498.0,-115.0
405.0,,51.0,364.0,-135.0,166.0,-322.0,319.0,504.0,-61.0
412.0,,25.0,307.0,-56.0,185.0,-323.0,175.0,474.0,-37.0
435.0,,19.0,252.0,47.0,176.0,-328.0,206.0,418.0,-37.0
441.0,,2.0,232.0,137.0,189.0,-342.0,345.0,333.0,-55.0
425.0,,-3.0,225.0,206.0,215.0,-356.0,110.0,231.0,-82.0
424.0,,-4.0,234.0,245.0,156.0,-373.0,482.0,149.0,-129.0
410.0,,-26.0,297.0,240.0,108.0,-403.0,271.0,75.0,-181.0
400.0,,-9.0,360.0,179.0,157.0,-422.0,508.0,17.0,-229.0
390.0,,-12.0,416.0,98.0,201.0,-434.0,465.0,-11.0,-275.0
367.0,,-28.0,485.0,28.0,162.0,-470.0,360.0,-20.0,-312.0
354.0,,10.0,513.0,-49.0,93.0,-498.0,604.0,2.0,-326.0
349.0,,10.0,534.0,-131.0,43.0,-512.0,321.0,31.0,-325.0
321.0,,34.0,591.0,-180.0,58.0,-518.0,618.0,63.0,-330.0
293.0,,97.0,664.0,-187.0,96.0,-535.0,358.0,105.0,-347.0
282.0,,121.0,719.0,-161.0,77.0,-550.0,410.0,123.0,-380.0
243.0,,157.0,743.0,-113.0,106.0,-569.0,517.0,130.0,-413.0
198.0,,207.0,776.0,-63.0,109.0,-573.0,325.0,124.0,-433.0
150.0,,199.0,834.0,-29.0,80.0,-522.0,670.0,109.0,-446.0
121.0,,244.0,847.0,-18.0,95.0,-512.0,386.0,100.0,-447.0
97.0,,288.0,826.0,-41.0,157.0,-534.0,611.0,90.0,-404.0
60.0,,254.0,806.0,-101.0,226.0,-541.0,521.0,82.0,-326.0
48.0,,277.0,768.0,-163.0,232.0,-551.0,489.0,89.0,-242.0
29.0,,253.0,714.0,-189.0,228.0,-551.0,733.0,80.0,-155.0
2.0,,210.0,653.0,-185.0,210.0,-554.0,474.0,77.0,-85.0
-7.0,,201.0,578.0,-157.0,179.0,-571.0,842.0,85.0,-41.0
1.0,,154.0,474.0,-115.0,141.0,-600.0,567.0,89.0,-20.0
3.0,,111.0,354.0,-83.0,87.0,-593.0,617.0,108.0,-14.0
-7.0,,104.0,252.0,-63.0,18.0,-573.0,626.0,132.0,-17.0
-8.0,,62.0,162.0,-38.0,-19.0,-576.0,373.0,164.0,-34.0
-10.0,,70.0,76.0,7.0,-33.0,-587.0,600.0,183.0,-77.0
-27.0,,78.0,17.0,57.0,-48.0,-582.0,245.0,202.0,-157.0
-23.0,,83.0,-25.0,97.0,-54.0,-552.0,461.0,231.0,-235.0
7.0,,146.0,-68.0,135.0,-75.0,-548.0,325.0,256.0,-321.0
42.0,,172.0,-107.0,176.0,-87.0,-557.0,356.0,284.0,-405.0
76.0,,228.0,-148.0,220.0,-71.0,-544.0,569.0,291.0,-475.0
111.0,,255.0,-172.0,258.0,-31.0,-544.0,347.0,297.0,-542.0
150.0,,304.0,-156.0,284.0,1.0,-574.0,681.0,296.0,-579.0
168.0,,364.0,-116.0,294.0,54.0,-601.0,391.0,313.0,-618.0
165.0,,405.0,-101.0,301.0,88.0,-632.0,545.0,336.0,-616.0
132.0,,468.0,-94.0,313.0,89.0,-673.0,506.0,348.0,-578.0
103.0,,498.0,-76.0,320.0,106.0,-676.0,378.0,383.0,-516.0
92.0,,535.0,-41.0,319.0,97.0,-687.0,668.0,415.0,-405.0
55.0,,549.0,26.0,316.0,97.0,-717.0,363.0,442.0,-288.0
24.0,,564.0,131.0,302.0,85.0,-702.0,652.0,463.0,-160.0
-14.0,,560.0,234.0,260.0,70.0,-661.0,467.0,474.0,-70.0
-37.0,,538.0,286.0,193.0,75.0,-636.0,535.0,465.0,-8.0
-35.0,,526.0,295.0,127.0,16.0,-639.0,661.0,446.0,15.0
-53.0,,492.0,291.0,73.0,-33.0,-646.0,456.0,435.0,3.0
-72.0,,470.0,291.0,36.0,-6.0,-620.0,790.0,415.0,-3.0
-85.0,,432.0,279.0,20.0,1.0,-591.0,465.0,397.0,-33.0
-74.0,,412.0,212.0,8.0,-22.0,-604.0,696.0,378.0,-67.0
-46.0,,389.0,100.0,-14.0,-36.0,-618.0,654.0,360.0,-143.0
-24.0,,371.0,5.0,-39.0,-10.0,-649.0,606.0,351.0,-243.0
0.0,,373.0,-107.0,-58.0,6.0,-674.0,803.0,346.0,-334.0
38.0,,341.0,-245.0,-73.0,-20.0,-660.0,408.0,328.0,-445.0
84.0,,360.0,-356.0,-90.0,-1.0,-652.0,681.0,292.0,-535.0
127.0,,364.0,-435.0,-119.0,16.0,-641.0,474.0,249.0,-585.0
174.0,,349.0,-453.0,-149.0,2.0,-625.0,604.0,201.0,-639.0
219.0,,369.0,-444.0,-147.0,12.0,-596.0,654.0,141.0,-674.0
270.0,,365.0,-420.0,-110.0,45.0,-579.0,511.0,71.0,-650.0
321.0,,362.0,-339.0,-64.0,110.0,-573.0,857.0,14.0,-600.0
356.0,,354.0,-227.0,-19.0,106.0,-559.0,526.0,-32.0,-538.0
380.0,,328.0,-117.0,24.0,68.0,-571.0,781.0,-89.0,-442.0
391.0,,294.0,13.0,62.0,111.0,-613.0,630.0,-128.0,-308.0
408.0,,292.0,151.0,83.0,160.0,-643.0,569.0,-156.0,-142.0
417.0,,249.0,242.0,61.0,175.0,-646.0,735.0,-171.0,48.0
422.0,,212.0,290.0,-2.0,122.0,-652.0,445.0,-162.0,226.0
419.0,,215.0,329.0,-73.0,79.0,-631.0,733.0,-149.0,392.0
399.0,,148.0,366.0,-116.0,108.0,-608.0,463.0,-122.0,545.0
389.0,,124.0,380.0,-112.0,110.0,-592.0,663.0,-102.0,647.0
355.0,,106.0,352.0,-77.0,10.0,-570.0,727.0,-94.0,724.0
339.0,,45.0,307.0,-35.0,-57.0,-573.0,655.0,-71.0,778.0
344.0,,58.0,308.0,8.0,40.0,-564.0,1006.0,-54.0,810.0
364.0,,49.0,312.0,29.0,136.0,-568.0,763.0,-39.0,833.0
410.0,,4.0,283.0,14.0,130.0,-589.0,1097.0,-16.0,805.0
452.0,,29.0,281.0,-11.0,78.0,-578.0,940.0,9.0,740.0
505.0,,46.0,304.0,-27.0,85.0,-583.0,977.0,18.0,648.0
547.0,,58.0,341.0,-42.0,98.0,-603.0,1110.0,17.0,514.0
605.0,,97.0,395.0,-86.0,54.0,-602.0,783.0,26.0,368.0
657.0,,123.0,447.0,-146.0,-4.0,-590.0,964.0,2.0,218.0
680.0,,154.0,509.0,-182.0,25.0,-557.0,620.0,-31.0,92.0
717.0,,151.0,570.0,-185.0,22.0,-523.0,864.0,-43.0,5.0
772.0,,187.0,612.0,-142.0,-103.0,-491.0,899.0,-52.0,-86.0
825.0,,243.0,636.0,-53.0,-100.0,-452.0,870.0,-55.0,-131.0
843.0,,236.0,627.0,54.0,-27.0,-418.0,1114.0,-42.0,-110.0
829.0,,305.0,610.0,155.0,25.0,-396.0,768.0,0.0,-62.0
801.0,,371.0,591.0,226.0,33.0,-395.0,1066.0,44.0,9.0
786.0,,402.0,561.0,237.0,0.0,-403.0,868.0,85.0,82.0
747.0,,481.0,506.0,176.0,29.0,-416.0,966.0,121.0,167.0
708.0,,518.0,444.0,52.0,125.0,-412.0,1091.0,129.0,235.0
711.0,,584.0,404.0,-92.0,174.0,-411.0,840.0,128.0,264.0
695.0,,644.0,324.0,-210.0,138.0,-450.0,1058.0,134.0,254.0
658.0,,663.0,266.0,-293.0,164.0,-473.0,700.0,144.0,208.0
615.0,,719.0,268.0,-344.0,232.0,-472.0,896.0,154.0,157.0
571.0,,734.0,256.0,-364.0,224.0,-497.0,781.0,166.0,100.0
518.0,,753.0,258.0,-345.0,158.0,-508.0,720.0,183.0,68.0
455.0,,748.0,307.0,-289.0,150.0,-505.0,936.0,175.0,58.0
401.0,,737.0,381.0,-199.0,165.0,-516.0,674.0,159.0,62.0
343.0,,722.0,426.0,-93.0,181.0,-523.0,1049.0,126.0,66.0
267.0,,681.0,429.0,7.0,140.0,-518.0,829.0,52.0,64.0
163.0,,678.0,467.0,104.0,88.0,-510.0,938.0,-5.0,69.0
57.0,,647.0,485.0,180.0,109.0,-498.0,970.0,-71.0,68.0
-14.0,,592.0,415.0,204.0,68.0,-479.0,752.0,-134.0,67.0
-76.0,,550.0,343.0,169.0,54.0,-467.0,1019.0,-163.0,43.0
-135.0,,485.0,265.0,107.0,80.0,-442.0,709.0,-175.0,21.0
-178.0,,368.0,189.0,50.0,145.0,-433.0,958.0,-149.0,29.0
-185.0,,265.0,137.0,32.0,211.0,-384.0,790.0,-100.0,22.0
-165.0,,165.0,95.0,55.0,200.0,-322.0,763.0,-32.0,-17.0
-154.0,,54.0,92.0,83.0,202.0,-311.0,912.0,33.0,-52.0
-147.0,,-14.0,104.0,86.0,233.0,-266.0,670.0,93.0,-61.0
-125.0,,-87.0,129.0,58.0,223.0,-214.0,1069.0,142.0,-81.0
-87.0,,-156.0,170.0,23.0,162.0,-164.0,800.0,168.0,-93.0
-74.0,,-169.0,231.0,-9.0,178.0,-139.0,914.0,188.0,-69.0
-92.0,,-181.0,309.0,-37.0,209.0,-127.0,890.0,191.0,-30.0
-94.0,,-200.0,359.0,-57.0,209.0,-81.0,720.0,206.0,44.0
-88.0,,-125.0,390.0,-72.0,160.0,-90.0,973.0,221.0,138.0
-108.0,,-106.0,400.0,-93.0,108.0,-98.0,681.0,218.0,233.0
-140.0,,-62.0,380.0,-113.0,138.0,-56.0,951.0,203.0,353.0
-137.0,,32.0,364.0,-127.0,75.0,-70.0,722.0,161.0,454.0
-111.0,,64.0,353.0,-131.0,-43.0,-107.0,729.0,85.0,526.0
-83.0,,143.0,339.0,-125.0,-86.0,-90.0,883.0,-24.0,580.0
-67.0,,189.0,311.0,-110.0,-49.0,-79.0,685.0,-137.0,602.0
-47.0,,218.0,275.0,-73.0,-24.0,-85.0,1043.0,-249.0,600.0
14.0,,228.0,251.0,-21.0,-50.0,-72.0,744.0,-348.0,561.0
69.0,,206.0,225.0,29.0,-32.0,-52.0,955.0,-424.0,527.0
84.0,,184.0,179.0,69.0,13.0,-32.0,925.0,-464.0,493.0
99.0,,137.0,137.0,94.0,34.0,-15.0,790.0,-474.0,484.0
120.0,,89.0,117.0,104.0,16.0,8.0,1005.0,-477.0,492.0
123.0,,37.0,104.0,107.0,4.0,42.0,631.0,-459.0,457.0
89.0,,-28.0,93.0,115.0,20.0,55.0,857.0,-417.0,434.0
65.0,,-74.0,100.0,108.0,15.0,57.0,611.0,-351.0,374.0
64.0,,-97.0,124.0,78.0,-27.0,73.0,689.0,-272.0,298.0
41.0,,-143.0,150.0,28.0,-84.0,95.0,811.0,-179.0,213.0
2.0,,-172.0,195.0,-33.0,-123.0,106.0,650.0,-80.0,86.0
-28.0,,-167.0,264.0,-82.0,-132.0,109.0,984.0,22.0,-18.0
-50.0,,-164.0,307.0,-104.0,-148.0,110.0,661.0,111.0,-146.0
-77.0,,-148.0,334.0,-108.0,-154.0,88.0,877.0,163.0,-262.0
-127.0,,-124.0,344.0,-115.0,-158.0,63.0,720.0,193.0,-361.0
-175.0,,-121.0,320.0,-118.0,-206.0,51.0,598.0,181.0,-432.0
-216.0,,-79.0,291.0,-103.0,-342.0,37.0,805.0,131.0,-445.0
-262.0,,-58.0,237.0,-69.0,-450.0,34.0,570.0,62.0,-457.0
-302.0,,-53.0,151.0,-28.0,-386.0,24.0,931.0,-3.0,-421.0
-359.0,,-14.0,77.0,14.0,-343.0,-3.0,676.0,-44.0,-343.0
-423.0,,-19.0,25.0,56.0,-409.0,-26.0,825.0,-42.0,-252.0
-477.0,,-15.0,-36.0,83.0,-442.0,-36.0,873.0,-12.0,-107.0
-533.0,,-31.0,-103.0,90.0,-432.0,-29.0,628.0,45.0,41.0
-593.0,,-41.0,-145.0,88.0,-411.0,-9.0,827.0,137.0,205.0
-641.0,,-53.0,-169.0,94.0,-363.0,1.0,412.0,221.0,367.0
-667.0,,-101.0,-187.0,104.0,-350.0,20.0,672.0,292.0,485.0
-692.0,,-99.0,-195.0,99.0,-322.0,23.0,563.0,336.0,582.0
-676.0,,-128.0,-140.0,82.0,-254.0,31.0,522.0,363.0,645.0
-639.0,,-151.0,-61.0,68.0,-264.0,81.0,731.0,386.0,692.0
-592.0,,-117.0,-6.0,59.0,-306.0,107.0,524.0,378.0,698.0
-521.0,,-143.0,59.0,42.0,-320.0,125.0,899.0,380.0,703.0
-463.0,,-132.0,148.0,24.0,-308.0,144.0,654.0,386.0,724.0
-385.0,,-67.0,230.0,26.0,-318.0,164.0,779.0,365.0,736.0
-325.0,,-58.0,283.0,50.0,-403.0,187.0,698.0,339.0,744.0
-295.0,,-10.0,349.0,88.0,-485.0,191.0,471.0,310.0,732.0
-259.0,,57.0,391.0,138.0,-478.0,206.0,679.0,278.0,747.0
-192.0,,84.0,390.0,205.0,-527.0,219.0,325.0,227.0,755.0
-132.0,,148.0,360.0,261.0,-559.0,232.0,606.0,155.0,766.0
-108.0,,189.0,310.0,290.0,-521.0,249.0,358.0,65.0,782.0
-76.0,,202.0,285.0,292.0,-548.0,283.0,290.0,-42.0,780.0
-45.0,,224.0,245.0,275.0,-523.0,310.0,378.0,-144.0,790.0
-28.0,,208.0,180.0,235.0,-509.0,313.0,142.0,-231.0,798.0
-72.0,,184.0,160.0,175.0,-507.0,336.0,524.0,-305.0,790.0
-141.0,,154.0,197.0,111.0,-442.0,374.0,280.0,-357.0,767.0
-189.0,,92.0,252.0,57.0,-418.0,419.0,474.0,-380.0,745.0
-237.0,,37.0,290.0,23.0,-476.0,448.0,330.0,-393.0,697.0
-311.0,,14.0,320.0,15.0,-475.0,495.0,127.0,-399.0,644.0
-388.0,,-47.0,385.0,25.0,-386.0,549.0,336.0,-376.0,579.0
-425.0,,-96.0,469.0,47.0,-363.0,573.0,24.0,-356.0,494.0
-463.0,,-116.0,515.0,67.0,-354.0,599.0,338.0,-351.0,426.0
-488.0,,-168.0,529.0,71.0,-343.0,611.0,99.0,-356.0,351.0
-482.0,,-200.0,554.0,61.0,-287.0,610.0,160.0,-363.0,292.0
-460.0,,-237.0,596.0,40.0,-244.0,606.0,295.0,-366.0,268.0
-419.0,,-255.0,623.0,16.0,-325.0,603.0,99.0,-368.0,238.0
-380.0,,-246.0,635.0,-10.0,-345.0,584.0,424.0,-358.0,203.0
-324.0,,-281.0,632.0,-41.0,-323.0,530.0,116.0,-338.0,177.0
-256.0,,-261.0,629.0,-73.0,-323.0,507.0,280.0,-301.0,126.0
-185.0,,-234.0,626.0,-112.0,-301.0,512.0,131.0,-250.0,66.0
-120.0,,-273.0,584.0,-144.0,-311.0,511.0,77.0,-202.0,12.0
-72.0,,-239.0,564.0,-151.0,-317.0,513.0,321.0,-151.0,-55.0
-22.0,,-250.0,588.0,-122.0,-303.0,558.0,-7.0,-98.0,-140.0
20.0,,-266.0,581.0,-79.0,-331.0,639.0,249.0,-51.0,-252.0
63.0,,-253.0,574.0,-52.0,-368.0,658.0,-42.0,-5.0,-381.0
96.0,,-320.0,599.0,-56.0,-321.0,676.0,16.0,42.0,-528.0
136.0,,-306.0,639.0,-82.0,-258.0,723.0,81.0,93.0,-651.0
173.0,,-310.0,685.0,-109.0,-287.0,732.0,-86.0,154.0,-732.0
181.0,,-341.0,720.0,-126.0,-340.0,776.0,192.0,197.0,-799.0
203.0,,-292.0,743.0,-127.0,-331.0,815.0,-153.0,233.0,-806.0
222.0,,-295.0,778.0,-112.0,-267.0,798.0,33.0,276.0,-745.0
204.0,,-263.0,808.0,-82.0,-241.0,783.0,-138.0,275.0,-635.0
155.0,,-220.0,821.0,-59.0,-262.0,766.0,-140.0,251.0,-482.0
129.0,,-190.0,857.0,-57.0,-254.0,771.0,83.0,208.0,-303.0
114.0,,-132.0,884.0,-70.0,-220.0,772.0,-206.0,154.0,-98.0
89.0,,-101.0,851.0,-82.0,-252.0,761.0,94.0,84.0,105.0
56.0,,-28.0,777.0,-95.0,-296.0,766.0,-184.0,-28.0,289.0
27.0,,22.0,701.0,-110.0,-287.0,757.0,-44.0,-125.0,430.0
38.0,,38.0,625.0,-117.0,-262.0,776.0,-38.0,-183.0,517.0
28.0,,81.0,533.0,-115.0,-206.0,816.0,-240.0,-210.0,535.0
5.0,,97.0,443.0,-104.0,-233.0,833.0,-9.0,-210.0,467.0
-22.0,,58.0,368.0,-85.0,-280.0,850.0,-371.0,-182.0,362.0
-32.0,,41.0,315.0,-51.0,-302.0,877.0,-144.0,-137.0,208.0
-21.0,,18.0,288.0,-10.0,-379.0,906.0,-354.0,-84.0,45.0
-43.0,,-56.0,247.0,6.0,-390.0,912.0,-363.0,-49.0,-107.0
-77.0,,-88.0,203.0,-9.0,-377.0,896.0,-238.0,-19.0,-265.0
-121.0,,-108.0,191.0,-42.0,-378.0,874.0,-576.0,35.0,-363.0
-143.0,,-119.0,159.0,-55.0,-390.0,839.0,-312.0,76.0,-439.0
-200.0,,-83.0,85.0,-38.0,-438.0,800.0,-635.0,104.0,-506.0
-292.0,,-85.0,-16.0,5.0,-421.0,772.0,-506.0,133.0,-547.0
-340.0,,-82.0,-91.0,69.0,-385.0,743.0,-522.0,164.0,-578.0
-386.0,,-27.0,-126.0,145.0,-423.0,715.0,-657.0,205.0,-559.0
-416.0,,-67.0,-169.0,215.0,-446.0,667.0,-434.0,235.0,-511.0
-450.0,,-58.0,-179.0,275.0,-416.0,610.0,-742.0,247.0,-440.0
-489.0,,-10.0,-126.0,332.0,-436.0,568.0,-480.0,255.0,-333.0
-490.0,,-57.0,-33.0,380.0,-477.0,523.0,-707.0,253.0,-209.0
-495.0,,-4.0,93.0,416.0,-496.0,484.0,-670.0,236.0,-69.0
-504.0,,13.0,249.0,427.0,-509.0,447.0,-578.0,217.0,89.0
-502.0,,31.0,392.0,392.0,-520.0,426.0,-825.0,215.0,251.0
-500.0,,73.0,530.0,310.0,-593.0,427.0,-504.0,230.0,391.0
-514.0,,85.0,656.0,204.0,-632.0,445.0,-824.0,257.0,503.0
-534.0,,138.0,720.0,110.0,-591.0,474.0,-617.0,288.0,570.0
-551.0,,112.0,740.0,49.0,-531.0,481.0,-631.0,317.0,588.0
-592.0,,114.0,742.0,28.0,-521.0,479.0,-707.0,351.0,559.0
-635.0,,97.0,754.0,37.0,-568.0,466.0,-469.0,363.0,466.0
-655.0,,2.0,747.0,65.0,-566.0,471.0,-764.0,363.0,345.0
-653.0,,-35.0,733.0,97.0,-532.0,487.0,-524.0,356.0,203.0
-661.0,,-44.0,737.0,109.0,-537.0,503.0,-764.0,329.0,54.0
-666.0,,-115.0,705.0,99.0,-603.0,511.0,-650.0,294.0,-80.0
-631.0,,-154.0,678.0,76.0,-626.0,500.0,-570.0,223.0,-210.0
-581.0,,-146.0,680.0,41.0,-586.0,490.0,-792.0,143.0,-300.0
-526.0,,-208.0,683.0,-14.0,-598.0,467.0,-504.0,38.0,-330.0
-506.0,,-169.0,653.0,-92.0,-671.0,474.0,-814.0,-91.0,-287.0
-485.0,,-137.0,616.0,-170.0,-702.0,490.0,-594.0,-232.0,-196.0
-454.0,,-130.0,594.0,-229.0,-668.0,474.0,-691.0,-382.0,-62.0
-465.0,,-36.0,522.0,-272.0,-640.0,461.0,-735.0,-501.0,119.0
-503.0,,-2.0,454.0,-299.0,-583.0,455.0,-530.0,-620.0,298.0
-540.0,,51.0,403.0,-307.0,-549.0,462.0,-800.0,-717.0,448.0
-547.0,,111.0,384.0,-306.0,-530.0,472.0,-508.0,-769.0,545.0
-556.0,,104.0,405.0,-300.0,-502.0,490.0,-801.0,-794.0,590.0
-570.0,,106.0,391.0,-274.0,-544.0,515.0,-694.0,-786.0,588.0
-555.0,,100.0,373.0,-224.0,-582.0,533.0,-687.0,-761.0,545.0
-507.0,,42.0,366.0,-167.0,-597.0,520.0,-905.0,-716.0,506.0
-440.0,,0.0,397.0,-109.0,-620.0,509.0,-661.0,-641.0,472.0
-373.0,,-43.0,435.0,-48.0,-661.0,523.0,-973.0,-559.0,427.0
-330.0,,-101.0,422.0,10.0,-629.0,523.0,-678.0,-477.0,364.0
-276.0,,-117.0,386.0,64.0,-565.0,518.0,-820.0,-386.0,280.0
-211.0,,-155.0,328.0,96.0,-563.0,489.0,-885.0,-301.0,197.0
-183.0,,-140.0,268.0,99.0,-552.0,460.0,-835.0,-220.0,134.0
-171.0,,-149.0,208.0,85.0,-561.0,434.0,-1182.0,-142.0,93.0
-168.0,,-171.0,162.0,56.0,-508.0,426.0,-897.0,-60.0,68.0
-156.0,,-105.0,148.0,25.0,-477.0,403.0,-1167.0,12.0,64.0
-167.0,,-156.0,176.0,4.0,-496.0,378.0,-947.0,64.0,92.0
-171.0,,-174.0,245.0,-19.0,-469.0,372.0,-933.0,105.0,100.0
-144.0,,-146.0,363.0,-42.0,-454.0,352.0,-1067.0,129.0,96.0
-152.0,,-240.0,508.0,-62.0,-401.0,357.0,-866.0,144.0,100.0
-162.0,,-241.0,599.0,-68.0,-394.0,350.0,-1232.0,148.0,71.0
-136.0,,-229.0,674.0,-65.0,-365.0,335.0,-949.0,132.0,35.0
-97.0,,-284.0,763.0,-71.0,-289.0,311.0,-1154.0,118.0,-22.0
-107.0,,-234.0,828.0,-84.0,-242.0,296.0,-1067.0,115.0,-70.0
-141.0,,-220.0,822.0,-95.0,-178.0,312.0,-923.0,130.0,-98.0
-156.0,,-232.0,770.0,-100.0,-186.0,344.0,-1201.0,148.0,-124.0
-175.0,,-158.0,736.0,-93.0,-200.0,416.0,-936.0,149.0,-104.0
-200.0,,-131.0,669.0,-72.0,-194.0,461.0,-1322.0,164.0,-69.0
-239.0,,-87.0,581.0,-59.0,-202.0,469.0,-1176.0,165.0,0.0
-249.0,,-29.0,470.0,-51.0,-183.0,484.0,-1267.0,117.0,87.0
-228.0,,-11.0,367.0,-50.0,-181.0,511.0,-1363.0,62.0,162.0
-228.0,,38.0,307.0,-66.0,-187.0,518.0,-1123.0,20.0,229.0
-227.0,,42.0,195.0,-77.0,-217.0,524.0,-1409.0,-13.0,254.0
-205.0,,44.0,73.0,-66.0,-281.0,524.0,-1049.0,-39.0,241.0
-179.0,,42.0,13.0,-39.0,-270.0,521.0,-1237.0,-44.0,176.0
-164.0,,-10.0,-11.0,-26.0,-199.0,538.0,-1149.0,-19.0,85.0
-156.0,,-26.0,-37.0,-42.0,-160.0,526.0,-1091.0,24.0,-21.0
-132.0,,-84.0,-48.0,-73.0,-164.0,506.0,-1297.0,58.0,-135.0
-123.0,,-165.0,-15.0,-105.0,-139.0,501.0,-1014.0,81.0,-228.0
-132.0,,-174.0,14.0,-128.0,-87.0,507.0,-1354.0,115.0,-296.0
-143.0,,-221.0,37.0,-149.0,-119.0,501.0,-1140.0,132.0,-324.0
-156.0,,-270.0,41.0,-173.0,-159.0,484.0,-1310.0,129.0,-353.0
-172.0,,-254.0,31.0,-195.0,-139.0,504.0,-1420.0,115.0,-372.0
-187.0,,-283.0,38.0,-219.0,-60.0,517.0,-1273.0,90.0,-393.0
-192.0,,-284.0,34.0,-230.0,2.0,495.0,-1550.0,80.0,-440.0
-201.0,,-251.0,44.0,-219.0,-20.0,481.0,-1195.0,59.0,-467.0
-200.0,,-267.0,67.0,-199.0,-8.0,465.0,-1402.0,20.0,-482.0
-210.0,,-217.0,99.0,-175.0,6.0,442.0,-1252.0,-8.0,-474.0
-250.0,,-199.0,136.0,-152.0,13.0,458.0,-1247.0,-34.0,-437.0
-270.0,,-183.0,117.0,-124.0,10.0,475.0,-1417.0,-61.0,-367.0
-266.0,,-149.0,100.0,-88.0,-28.0,452.0,-1147.0,-103.0,-268.0
-270.0,,-156.0,94.0,-50.0,-52.0,425.0,-1465.0,-140.0,-153.0
-279.0,,-124.0,65.0,-21.0,-91.0,409.0,-1193.0,-160.0,-18.0
-291.0,,-146.0,32.0,-20.0,-156.0,385.0,-1348.0,-179.0,104.0
-302.0,,-165.0,-15.0,-39.0,-227.0,349.0,-1337.0,-185.0,207.0
-324.0,,-192.0,-47.0,-67.0,-247.0,331.0,-1189.0,-186.0,252.0
-387.0,,-239.0,-65.0,-98.0,-264.0,319.0,-1509.0,-167.0,222.0
-438.0,,-285.0,-78.0,-128.0,-297.0,278.0,-1217.0,-158.0,134.0
-483.0,,-368.0,-60.0,-150.0,-285.0,255.0,-1472.0,-172.0,-4.0
-519.0,,-442.0,-48.0,-138.0,-291.0,254.0,-1284.0,-176.0,-160.0
-535.0,,-513.0,-43.0,-98.0,-277.0,244.0,-1256.0,-177.0,-316.0
-533.0,,-584.0,2.0,-41.0,-251.0,257.0,-1326.0,-174.0,-432.0
-497.0,,-663.0,52.0,7.0,-239.0,274.0,-1114.0,-167.0,-509.0
-497.0,,-707.0,76.0,36.0,-213.0,306.0,-1452.0,-154.0,-550.0
-500.0,,-752.0,69.0,48.0,-241.0,322.0,-1152.0,-119.0,-531.0
-495.0,,-812.0,47.0,46.0,-283.0,328.0,-1361.0,-71.0,-477.0
-508.0,,-814.0,36.0,50.0,-283.0,348.0,-1297.0,-31.0,-388.0
-518.0,,-828.0,37.0,67.0,-237.0,316.0,-1193.0,13.0,-281.0
-515.0,,-831.0,41.0,104.0,-190.0,322.0,-1411.0,89.0,-209.0
-502.0,,-778.0,64.0,155.0,-252.0,350.0,-1077.0,161.0,-151.0
-511.0,,-760.0,137.0,199.0,-313.0,310.0,-1343.0,199.0,-119.0
-498.0,,-684.0,262.0,224.0,-310.0,238.0,-1106.0,221.0,-114.0
-474.0,,-609.0,408.0,227.0,-282.0,164.0,-1208.0,215.0,-137.0
-467.0,,-541.0,518.0,219.0,-281.0,114.0,-1311.0,176.0,-206.0
-471.0,,-457.0,591.0,201.0,-377.0,67.0,-1075.0,102.0,-274.0
-482.0,,-428.0,690.0,183.0,-396.0,26.0,-1280.0,6.0,-342.0
-486.0,,-361.0,803.0,162.0,-340.0,16.0,-914.0,-86.0,-394.0
-518.0,,-325.0,865.0,125.0,-328.0,12.0,-1136.0,-177.0,-414.0
-546.0,,-290.0,853.0,68.0,-305.0,12.0,-1010.0,-282.0,-399.0
-581.0,,-269.0,790.0,4.0,-294.0,26.0,-916.0,-388.0,-382.0
-633.0,,-231.0,671.0,-45.0,-273.0,41.0,-1066.0,-456.0,-368.0
-674.0,,-164.0,535.0,-74.0,-189.0,45.0,-737.0,-506.0,-329.0
-737.0,,-140.0,413.0,-74.0,-171.0,57.0,-1021.0,-571.0,-303.0
-812.0,,-99.0,295.0,-52.0,-204.0,90.0,-768.0,-624.0,-264.0
-865.0,,-63.0,173.0,-30.0,-202.0,107.0,-859.0,-645.0,-217.0
-891.0,,-40.0,44.0,-24.0,-248.0,102.0,-822.0,-653.0,-150.0
-903.0,,-66.0,-95.0,-47.0,-196.0,107.0,-611.0,-652.0,-62.0
-903.0,,-62.0,-231.0,-92.0,-128.0,115.0,-846.0,-637.0,44.0
-892.0,,-68.0,-359.0,-148.0,-221.0,115.0,-447.0,-596.0,160.0
-852.0,,-138.0,-484.0,-200.0,-301.0,100.0,-705.0,-527.0,261.0
-770.0,,-127.0,-572.0,-216.0,-317.0,82.0,-543.0,-438.0,361.0
-695.0,,-148.0,-629.0,-199.0,-284.0,58.0,-450.0,-350.0,425.0
-626.0,,-230.0,-645.0,-174.0,-253.0,10.0,-594.0,-266.0,457.0
-528.0,,-215.0,-605.0,-156.0,-285.0,-4.0,-317.0,-180.0,467.0
-422.0,,-258.0,-543.0,-127.0,-364.0,7.0,-613.0,-120.0,448.0
-341.0,,-308.0,-443.0,-74.0,-369.0,14.0,-291.0,-103.0,392.0
-286.0,,-283.0,-316.0,0.0,-290.0,29.0,-375.0,-115.0,310.0
-212.0,,-325.0,-180.0,85.0,-266.0,49.0,-290.0,-139.0,207.0
-132.0,,-325.0,-15.0,156.0,-262.0,85.0,-120.0,-201.0,83.0
-80.0,,-337.0,145.0,212.0,-237.0,116.0,-412.0,-288.0,-19.0
-37.0,,-364.0,249.0,264.0,-177.0,141.0,-153.0,-376.0,-82.0
-11.0,,-354.0,294.0,311.0,-119.0,179.0,-436.0,-471.0,-100.0
11.0,,-371.0,303.0,344.0,-109.0,200.0,-205.0,-549.0,-76.0
38.0,,-376.0,290.0,340.0,-138.0,215.0,-227.0,-635.0,-3.0
41.0,,-379.0,257.0,305.0,-170.0,239.0,-310.0,-705.0,104.0
16.0,,-397.0,215.0,246.0,-139.0,232.0,-18.0,-736.0,223.0
-27.0,,-410.0,180.0,175.0,-97.0,185.0,-341.0,-749.0,344.0
-60.0,,-439.0,170.0,103.0,-93.0,148.0,-51.0,-756.0,477.0
-107.0,,-464.0,187.0,15.0,-125.0,120.0,-236.0,-763.0,593.0
-195.0,,-477.0,231.0,-68.0,-161.0,52.0,-125.0,-735.0,647.0
-282.0,,-540.0,282.0,-139.0,-169.0,-6.0,53.0,-687.0,681.0
-342.0,,-547.0,316.0,-191.0,-116.0,-57.0,-125.0,-632.0,685.0
-400.0,,-552.0,351.0,-213.0,-89.0,-108.0,227.0,-554.0,649.0
-455.0,,-612.0,390.0,-222.0,-158.0,-144.0,-40.0,-455.0,579.0
-481.0,,-654.0,415.0,-215.0,-177.0,-184.0,192.0,-343.0,483.0
-493.0,,-667.0,393.0,-185.0,-165.0,-176.0,109.0,-224.0,375.0
-510.0,,-730.0,380.0,-130.0,-206.0,-189.0,18.0,-100.0,248.0
-519.0,,-788.0,387.0,-61.0,-206.0,-197.0,279.0,21.0,127.0
-506.0,,-783.0,364.0,9.0,-202.0,-182.0,-18.0,141.0,14.0
-496.0,,-864.0,332.0,87.0,-237.0,-184.0,267.0,251.0,-86.0
-501.0,,-873.0,303.0,160.0,-231.0,-154.0,27.0,346.0,-185.0
-503.0,,-896.0,270.0,204.0,-230.0,-147.0,118.0,421.0,-294.0
-490.0,,-925.0,226.0,199.0,-246.0,-127.0,194.0,476.0,-373.0
-467.0,,-875.0,176.0,152.0,-217.0,-105.0,14.0,499.0,-426.0
-456.0,,-874.0,112.0,76.0,-199.0,-90.0,367.0,483.0,-443.0
-446.0,,-821.0,73.0,-1.0,-221.0,-73.0,90.0,440.0,-445.0
-422.0,,-781.0,60.0,-60.0,-227.0,-82.0,365.0,363.0,-429.0
-384.0,,-731.0,38.0,-106.0,-252.0,-46.0,273.0,239.0,-339.0
-344.0,,-680.0,38.0,-134.0,-245.0,-21.0,240.0,100.0,-208.0
-310.0,,-633.0,48.0,-139.0,-192.0,-47.0,484.0,-8.0,-81.0
-250.0,,-570.0,74.0,-143.0,-215.0,-95.0,199.0,-108.0,42.0
-184.0,,-566.0,113.0,-149.0,-264.0,-137.0,467.0,-191.0,166.0
-121.0,,-527.0,140.0,-153.0,-305.0,-157.0,214.0,-241.0,256.0
-52.0,,-494.0,167.0,-167.0,-267.0,-183.0,367.0,-255.0,287.0
-4.0,,-505.0,157.0,-183.0,-242.0,-176.0,412.0,-238.0,261.0
8.0,,-506.0,117.0,-174.0,-293.0,-165.0,308.0,-237.0,209.0
-18.0,,-472.0,85.0,-127.0,-248.0,-168.0,604.0,-240.0,115.0
-59.0,,-485.0,44.0,-54.0,-216.0,-146.0,286.0,-249.0,-42.0
-105.0,,-508.0,-3.0,23.0,-243.0,-115.0,589.0,-280.0,-198.0
-168.0,,-460.0,-69.0,92.0,-240.0,-96.0,474.0,-299.0,-352.0
-237.0,,-497.0,-115.0,132.0,-226.0,-63.0,530.0,-317.0,-490.0
-297.0,,-483.0,-109.0,153.0,-264.0,-22.0,716.0,-311.0,-618.0
-318.0,,-450.0,-115.0,173.0,-327.0,-9.0,439.0,-285.0,-752.0
-327.0,,-515.0,-148.0,185.0,-416.0,-12.0,750.0,-252.0,-837.0
-334.0,,-490.0,-134.0,181.0,-425.0,-23.0,469.0,-181.0,-901.0
-330.0,,-500.0,-92.0,164.0,-367.0,-6.0,654.0,-91.0,-957.0
-310.0,,-554.0,-81.0,139.0,-460.0,-19.0,663.0,12.0,-1020.0
-287.0,,-552.0,-62.0,109.0,-485.0,-85.0,528.0,112.0,-1062.0
-298.0,,-577.0,-25.0,86.0,-415.0,-119.0,811.0,186.0,-1057.0
-293.0,,-597.0,-2.0,77.0,-343.0,-174.0,539.0,232.0,-1062.0
-266.0,,-589.0,-22.0,72.0,-279.0,-232.0,853.0,259.0,-1078.0
-238.0,,-575.0,-81.0,42.0,-291.0,-242.0,678.0,278.0,-1069.0
-216.0,,-555.0,-131.0,-24.0,-276.0,-247.0,735.0,262.0,-1004.0
-192.0,,-546.0,-192.0,-113.0,-243.0,-256.0,885.0,237.0,-941.0
-164.0,,-507.0,-301.0,-202.0,-190.0,-276.0,674.0,193.0,-852.0
-163.0,,-483.0,-409.0,-262.0,-208.0,-272.0,1012.0,146.0,-688.0
-156.0,,-491.0,-442.0,-279.0,-250.0,-258.0,700.0,118.0,-513.0
-160.0,,-465.0,-437.0,-253.0,-274.0,-275.0,909.0,77.0,-306.0
-148.0,,-471.0,-414.0,-199.0,-318.0,-246.0,901.0,65.0,-91.0
-115.0,,-486.0,-359.0,-149.0,-317.0,-177.0,883.0,52.0,94.0
-110.0,,-450.0,-301.0,-114.0,-327.0,-163.0,1134.0,26.0,247.0
-132.0,,-437.0,-230.0,-95.0,-299.0,-166.0,807.0,27.0,347.0
-170.0,,-462.0,-173.0,-87.0,-294.0,-155.0,1101.0,22.0,389.0
-197.0,,-423.0,-166.0,-94.0,-315.0,-162.0,851.0,15.0,366.0
-240.0,,-406.0,-180.0,-112.0,-310.0,-174.0,936.0,-4.0,283.0
-297.0,,-413.0,-185.0,-128.0,-317.0,-182.0,975.0,-43.0,138.0
-341.0,,-361.0,-209.0,-137.0,-290.0,-212.0,674.0,-87.0,-34.0
-339.0,,-360.0,-235.0,-137.0,-285.0,-230.0,920.0,-136.0,-209.0
-314.0,,-352.0,-230.0,-131.0,-287.0,-222.0,563.0,-187.0,-364.0
-284.0,,-321.0,-181.0,-132.0,-275.0,-212.0,777.0,-228.0,-484.0
-235.0,,-346.0,-99.0,-150.0,-271.0,-218.0,696.0,-256.0,-568.0
-205.0,,-360.0,-40.0,-178.0,-248.0,-240.0,696.0,-270.0,-609.0
-185.0,,-371.0,-11.0,-197.0,-229.0,-236.0,973.0,-283.0,-606.0
-176.0,,-423.0,0.0,-200.0,-250.0,-211.0,744.0,-287.0,-596.0
-150.0,,-462.0,-17.0,-180.0,-229.0,-210.0,1086.0,-253.0,-609.0
-124.0,,-495.0,-69.0,-136.0,-175.0,-233.0,818.0,-210.0,-624.0
-123.0,,-546.0,-117.0,-90.0,-150.0,-234.0,910.0,-162.0,-672.0
-125.0,,-581.0,-159.0,-42.0,-152.0,-224.0,864.0,-123.0,-755.0
-125.0,,-596.0,-197.0,7.0,-168.0,-240.0,596.0,-95.0,-845.0
-97.0,,-582.0,-228.0,49.0,-142.0,-255.0,888.0,-70.0,-909.0
-89.0,,-575.0,-280.0,79.0,-148.0,-244.0,583.0,-68.0,-943.0
-104.0,,-538.0,-333.0,96.0,-166.0,-249.0,857.0,-83.0,-957.0
-106.0,,-451.0,-387.0,104.0,-190.0,-261.0,722.0,-135.0,-929.0
-98.0,,-423.0,-453.0,108.0,-201.0,-247.0,702.0,-194.0,-867.0
-74.0,,-329.0,-507.0,126.0,-198.0,-246.0,840.0,-259.0,-754.0
-74.0,,-202.0,-557.0,157.0,-225.0,-224.0,515.0,-343.0,-617.0
-84.0,,-185.0,-584.0,188.0,-161.0,-192.0,842.0,-413.0,-484.0
-82.0,,-87.0,-579.0,210.0,-130.0,-178.0,558.0,-462.0,-331.0
-71.0,,12.0,-557.0,212.0,-134.0,-178.0,691.0,-496.0,-173.0
-47.0,,2.0,-489.0,185.0,-105.0,-201.0,646.0,-518.0,-5.0
-46.0,,63.0,-420.0,131.0,-94.0,-202.0,474.0,-502.0,176.0
-33.0,,75.0,-414.0,70.0,-50.0,-201.0,774.0,-481.0,336.0
3.0,,59.0,-390.0,24.0,-61.0,-224.0,443.0,-466.0,511.0
21.0,,100.0,-337.0,-6.0,-69.0,-238.0,683.0,-433.0,720.0
31.0,,58.0,-297.0,-41.0,-16.0,-223.0,489.0,-413.0,902.0
52.0,,65.0,-246.0,-68.0,37.0,-208.0,500.0,-396.0,1065.0
61.0,,41.0,-197.0,-81.0,33.0,-199.0,600.0,-360.0,1207.0
40.0,,9.0,-171.0,-87.0,-47.0,-175.0,369.0,-312.0,1317.0
24.0,,0.0,-173.0,-76.0,-29.0,-165.0,724.0,-246.0,1368.0
15.0,,-49.0,-176.0,-59.0,39.0,-152.0,404.0,-157.0,1340.0
-8.0,,-67.0,-148.0,-39.0,65.0,-111.0,511.0,-60.0,1284.0
-68.0,,-130.0,-125.0,-21.0,125.0,-73.0,384.0,31.0,1220.0
-119.0,,-123.0,-126.0,-7.0,183.0,-67.0,258.0,139.0,1127.0
-130.0,,-127.0,-125.0,22.0,212.0,-62.0,515.0,232.0,1028.0
-152.0,,-123.0,-123.0,68.0,237.0,-75.0,242.0,299.0,961.0
-193.0,,-112.0,-110.0,114.0,245.0,-103.0,565.0,349.0,905.0
-205.0,,-104.0,-76.0,144.0,223.0,-121.0,349.0,354.0,862.0
-188.0,,-78.0,-59.0,158.0,207.0,-154.0,402.0,329.0,839.0
-214.0,,-84.0,-54.0,167.0,164.0,-183.0,448.0,297.0,840.0
-261.0,,-4.0,-33.0,174.0,106.0,-229.0,197.0,256.0,875.0
-291.0,,-26.0,-46.0,180.0,120.0,-235.0,491.0,197.0,907.0
-310.0,,-28.0,-92.0,193.0,144.0,-208.0,164.0,130.0,942.0
-335.0,,29.0,-122.0,204.0,176.0,-210.0,376.0,66.0,975.0
-380.0,,-18.0,-95.0,195.0,229.0,-208.0,288.0,-11.0,996.0
-397.0,,0.0,-58.0,156.0,227.0,-224.0,288.0,-94.0,1003.0
-393.0,,-4.0,-61.0,94.0,219.0,-225.0,519.0,-161.0,951.0
-389.0,,-42.0,-51.0,29.0,231.0,-219.0,256.0,-211.0,867.0
-391.0,,-16.0,-7.0,-38.0,211.0,-190.0,596.0,-259.0,765.0
-388.0,,-76.0,65.0,-108.0,214.0,-180.0,323.0,-272.0,613.0
-367.0,,-106.0,121.0,-169.0,221.0,-215.0,408.0,-272.0,403.0
-345.0,,-91.0,162.0,-227.0,186.0,-208.0,378.0,-262.0,174.0
-328.0,,-150.0,228.0,-283.0,186.0,-173.0,218.0,-224.0,-32.0
-308.0,,-150.0,271.0,-330.0,195.0,-167.0,545.0,-178.0,-216.0
-268.0,,-149.0,286.0,-356.0,155.0,-168.0,247.0,-124.0,-346.0
-216.0,,-131.0,318.0,-344.0,78.0,-131.0,530.0,-78.0,-421.0
-178.0,,-108.0,366.0,-295.0,32.0,-113.0,349.0,-43.0,-455.0
-161.0,,-92.0,378.0,-219.0,75.0,-113.0,352.0,-29.0,-467.0
-136.0,,-13.0,369.0,-126.0,102.0,-110.0,533.0,-27.0,-456.0
-84.0,,15.0,373.0,-26.0,68.0,-118.0,227.0,-31.0,-403.0
-40.0,,57.0,324.0,75.0,35.0,-134.0,526.0,-43.0,-342.0
-26.0,,114.0,230.0,170.0,37.0,-143.0,240.0,-47.0,-294.0
1.0,,160.0,143.0,266.0,34.0,-147.0,358.0,-49.0,-252.0
20.0,,163.0,53.0,364.0,12.0,-168.0,258.0,-48.0,-227.0
21.0,,196.0,-33.0,465.0,3.0,-158.0,36.0,-32.0,-220.0
17.0,,222.0,-135.0,542.0,8.0,-157.0,267.0,-19.0,-240.0
-20.0,,132.0,-228.0,553.0,31.0,-158.0,-31.0,-18.0,-292.0
-49.0,,130.0,-280.0,508.0,-1.0,-151.0,303.0,-31.0,-348.0
-90.0,,44.0,-294.0,435.0,-41.0,-143.0,153.0,-47.0,-385.0
-127.0,,-69.0,-281.0,347.0,-35.0,-92.0,169.0,-31.0,-415.0
-159.0,,-127.0,-262.0,250.0,-60.0,-64.0,249.0,-7.0,-450.0
-208.0,,-256.0,-201.0,154.0,-52.0,-62.0,3.0,30.0,-470.0
-234.0,,-301.0,-110.0,79.0,-28.0,-44.0,388.0,96.0,-472.0
-241.0,,-383.0,-35.0,12.0,-80.0,-45.0,134.0,161.0,-467.0
-202.0,,-448.0,30.0,-73.0,-127.0,-58.0,317.0,218.0,-476.0
-169.0,,-459.0,73.0,-155.0,-146.0,-55.0,201.0,254.0,-496.0
-155.0,,-494.0,82.0,-210.0,-160.0,-62.0,46.0,257.0,-515.0
-116.0,,-479.0,34.0,-229.0,-184.0,-84.0,282.0,224.0,-542.0
-75.0,,-461.0,-38.0,-221.0,-218.0,-106.0,11.0,184.0,-589.0
-47.0,,-410.0,-79.0,-203.0,-201.0,-83.0,338.0,135.0,-643.0
-33.0,,-364.0,-109.0,-175.0,-225.0,-58.0,72.0,84.0,-667.0
2.0,,-287.0,-103.0,-128.0,-233.0,-88.0,97.0,42.0,-700.0
57.0,,-199.0,-72.0,-55.0,-154.0,-93.0,155.0,14.0,-724.0
86.0,,-138.0,-72.0,34.0,-142.0,-98.0,-73.0,-10.0,-724.0
76.0,,-61.0,-90.0,122.0,-138.0,-91.0,214.0,-25.0,-702.0
71.0,,-36.0,-119.0,195.0,-118.0,-80.0,-138.0,-17.0,-651.0
86.0,,16.0,-150.0,236.0,-104.0,-73.0,53.0,-19.0,-628.0
75.0,,3.0,-198.0,242.0,-44.0,-37.0,-38.0,2.0,-612.0
57.0,,18.0,-246.0,233.0,-75.0,-60.0,-77.0,21.0,-602.0
95.0,,49.0,-255.0,213.0,-134.0,-105.0,110.0,19.0,-627.0
184.0,,-34.0,-264.0,180.0,-102.0,-122.0,-223.0,20.0,-656.0
287.0,,-21.0,-313.0,121.0,-100.0,-135.0,5.0,4.0,-694.0
367.0,,-47.0,-390.0,38.0,-129.0,-156.0,-308.0,-26.0,-714.0
434.0,,-114.0,-463.0,-47.0,-166.0,-144.0,-210.0,-62.0,-707.0
515.0,,-120.0,-522.0,-110.0,-159.0,-104.0,-194.0,-87.0,-666.0
564.0,,-183.0,-584.0,-139.0,-154.0,-93.0,-397.0,-121.0,-583.0
564.0,,-222.0,-639.0,-150.0,-145.0,-81.0,-107.0,-161.0,-483.0
559.0,,-237.0,-689.0,-155.0,-94.0,-57.0,-367.0,-199.0,-350.0
588.0,,-294.0,-725.0,-151.0,-114.0,-44.0,-38.0,-235.0,-209.0
601.0,,-324.0,-723.0,-140.0,-73.0,-32.0,-168.0,-254.0,-56.0
560.0,,-332.0,-680.0,-114.0,-92.0,-17.0,-186.0,-280.0,114.0
495.0,,-364.0,-612.0,-73.0,-143.0,-19.0,-42.0,-274.0,259.0
421.0,,-397.0,-549.0,-28.0,-83.0,-7.0,-371.0,-251.0,371.0
330.0,,-425.0,-488.0,3.0,-98.0,37.0,-70.0,-233.0,436.0
188.0,,-462.0,-470.0,10.0,-118.0,85.0,-306.0,-189.0,438.0
39.0,,-518.0,-470.0,-8.0,-132.0,118.0,-105.0,-137.0,401.0
-76.0,,-549.0,-449.0,-53.0,-128.0,161.0,-112.0,-88.0,333.0
-189.0,,-566.0,-435.0,-97.0,-116.0,224.0,-312.0,-49.0,221.0
-309.0,,-605.0,-411.0,-108.0,-157.0,242.0,-112.0,-36.0,110.0
-408.0,,-608.0,-369.0,-96.0,-158.0,264.0,-399.0,-28.0,44.0
-465.0,,-607.0,-329.0,-66.0,-131.0,308.0,-81.0,-20.0,18.0
-526.0,,-636.0,-299.0,-36.0,-112.0,292.0,-253.0,-26.0,40.0
-568.0,,-642.0,-258.0,-20.0,-164.0,268.0,-160.0,-42.0,116.0
-588.0,,-583.0,-211.0,-5.0,-235.0,256.0,-38.0,-71.0,243.0
-583.0,,-598.0,-138.0,9.0,-237.0,247.0,-295.0,-93.0,385.0
-544.0,,-582.0,-36.0,27.0,-239.0,238.0,-5.0,-105.0,514.0
-511.0,,-484.0,33.0,38.0,-292.0,233.0,-336.0,-117.0,631.0
-479.0,,-507.0,72.0,34.0,-362.0,268.0,-123.0,-126.0,729.0
-435.0,,-422.0,116.0,23.0,-352.0,281.0,-173.0,-139.0,806.0
-374.0,,-342.0,158.0,7.0,-287.0,260.0,-223.0,-135.0,839.0
-307.0,,-312.0,186.0,-3.0,-257.0,263.0,92.0,-120.0,832.0
-243.0,,-200.0,199.0,-4.0,-252.0,287.0,-127.0,-80.0,813.0
-169.0,,-171.0,194.0,7.0,-231.0,266.0,157.0,-10.0,749.0
-102.0,,-135.0,204.0,21.0,-152.0,244.0,-190.0,79.0,657.0
-42.0,,-74.0,227.0,18.0,-132.0,253.0,-182.0,172.0,578.0
5.0,,-54.0,240.0,9.0,-194.0,244.0,-188.0,266.0,481.0
34.0,,-30.0,311.0,5.0,-193.0,243.0,-426.0,372.0,398.0
73.0,,-1.0,479.0,3.0,-198.0,255.0,-90.0,464.0,337.0
95.0,,5.0,709.0,13.0,-237.0,264.0,-445.0,517.0,280.0
89.0,,5.0,945.0,32.0,-262.0,274.0,-230.0,527.0,251.0
69.0,,12.0,1169.0,47.0,-235.0,308.0,-304.0,502.0,217.0
38.0,,14.0,1383.0,69.0,-190.0,318.0,-304.0,439.0,214.0
16.0,,5.0,1531.0,99.0,-200.0,299.0,-40.0,358.0,247.0
14.0,,11.0,1611.0,128.0,-210.0,303.0,-277.0,278.0,280.0
32.0,,-2.0,1612.0,143.0,-211.0,310.0,24.0,191.0,340.0
42.0,,-27.0,1512.0,149.0,-200.0,313.0,-304.0,115.0,406.0
43.0,,-46.0,1327.0,142.0,-254.0,310.0,-218.0,77.0,488.0
52.0,,-37.0,1054.0,123.0,-304.0,338.0,-216.0,71.0,581.0
79.0,,-64.0,763.0,109.0,-263.0,367.0,-395.0,80.0,654.0
106.0,,-116.0,479.0,99.0,-256.0,379.0,-70.0,101.0,731.0
131.0,,-96.0,204.0,82.0,-281.0,396.0,-382.0,111.0,774.0
170.0,,-162.0,-12.0,63.0,-330.0,416.0,-131.0,101.0,782.0
208.0,,-200.0,-166.0,55.0,-342.0,454.0,-319.0,74.0,804.0
249.0,,-219.0,-225.0,55.0,-308.0,476.0,-352.0,45.0,802.0
290.0,,-296.0,-224.0,55.0,-345.0,509.0,-168.0,20.0,779.0
326.0,,-318.0,-217.0,41.0,-406.0,521.0,-443.0,-18.0,759.0
351.0,,-356.0,-159.0,14.0,-379.0,484.0,-138.0,-44.0,727.0
350.0,,-403.0,-39.0,-8.0,-365.0,472.0,-408.0,-73.0,692.0
346.0,,-419.0,85.0,-19.0,-420.0,451.0,-190.0,-100.0,624.0
354.0,,-429.0,196.0,-16.0,-455.0,407.0,-158.0,-130.0,529.0
363.0,,-451.0,307.0,-8.0,-464.0,394.0,-271.0,-160.0,439.0
353.0,,-439.0,405.0,-2.0,-411.0,389.0,-18.0,-172.0,339.0
334.0,,-432.0,449.0,13.0,-390.0,373.0,-473.0,-175.0,239.0
314.0,,-401.0,450.0,40.0,-473.0,334.0,-280.0,-159.0,150.0
310.0,,-352.0,437.0,65.0,-500.0,303.0,-448.0,-129.0,55.0
317.0,,-340.0,383.0,89.0,-494.0,323.0,-317.0,-76.0,-47.0
307.0,,-287.0,288.0,102.0,-504.0,318.0,-103.0,0.0,-161.0
280.0,,-282.0,155.0,88.0,-459.0,289.0,-328.0,85.0,-292.0
248.0,,-252.0,22.0,56.0,-425.0,281.0,20.0,162.0,-437.0
205.0,,-241.0,-83.0,7.0,-394.0,280.0,-258.0,229.0,-561.0
151.0,,-272.0,-211.0,-45.0,-376.0,277.0,-40.0,286.0,-650.0
90.0,,-216.0,-313.0,-88.0,-407.0,264.0,-112.0,320.0,-721.0
29.0,,-243.0,-366.0,-120.0,-384.0,248.0,-171.0,338.0,-732.0
-27.0,,-317.0,-418.0,-137.0,-349.0,251.0,129.0,334.0,-692.0
-94.0,,-328.0,-460.0,-143.0,-363.0,292.0,-186.0,307.0,-598.0
-123.0,,-420.0,-486.0,-152.0,-432.0,316.0,110.0,257.0,-434.0
-115.0,,-499.0,-512.0,-162.0,-450.0,344.0,-184.0,171.0,-239.0
-140.0,,-549.0,-539.0,-154.0,-368.0,391.0,-173.0,75.0,-35.0
-196.0,,-655.0,-545.0,-125.0,-322.0,402.0,-105.0,-17.0,160.0
-203.0,,-681.0,-536.0,-66.0,-325.0,386.0,-275.0,-117.0,355.0
-170.0,,-751.0,-550.0,5.0,-325.0,380.0,101.0,-209.0,506.0
-190.0,,-802.0,-556.0,60.0,-283.0,398.0,-118.0,-276.0,597.0
-217.0,,-814.0,-552.0,83.0,-250.0,417.0,210.0,-323.0,624.0
-189.0,,-835.0,-547.0,66.0,-286.0,403.0,125.0,-345.0,579.0
-146.0,,-811.0,-519.0,21.0,-353.0,375.0,107.0,-354.0,467.0
-134.0,,-811.0,-465.0,-23.0,-385.0,366.0,319.0,-343.0,305.0
-134.0,,-757.0,-402.0,-48.0,-346.0,357.0,-7.0,-311.0,130.0
-101.0,,-740.0,-333.0,-43.0,-322.0,349.0,319.0,-291.0,-87.0
-54.0,,-666.0,-243.0,-10.0,-364.0,337.0,123.0,-243.0,-294.0
-42.0,,-592.0,-168.0,37.0,-361.0,335.0,280.0,-171.0,-460.0
-43.0,,-534.0,-103.0,81.0,-341.0,331.0,315.0,-100.0,-606.0
-13.0,,-445.0,-51.0,127.0,-352.0,313.0,142.0,-20.0,-692.0
17.0,,-400.0,16.0,183.0,-352.0,309.0,424.0,43.0,-744.0
22.0,,-279.0,99.0,234.0,-356.0,337.0,123.0,100.0,-750.0
13.0,,-248.0,146.0,273.0,-296.0,359.0,384.0,139.0,-718.0
41.0,,-177.0,207.0,291.0,-258.0,353.0,199.0,169.0,-673.0
68.0,,-90.0,263.0,281.0,-294.0,359.0,194.0,181.0,-616.0
58.0,,-95.0,322.0,260.0,-304.0,375.0,334.0,169.0,-564.0
54.0,,-23.0,398.0,242.0,-311.0,418.0,3.0,161.0,-520.0
57.0,,-16.0,442.0,224.0,-296.0,439.0,323.0,132.0,-473.0
65.0,,-13.0,494.0,195.0,-269.0,429.0,62.0,91.0,-394.0
54.0,,9.0,556.0,162.0,-280.0,438.0,273.0,64.0,-296.0
38.0,,-35.0,602.0,133.0,-309.0,444.0,288.0,36.0,-167.0
22.0,,-43.0,616.0,100.0,-350.0,437.0,94.0,-16.0,-14.0
0.0,,-69.0,610.0,41.0,-375.0,398.0,330.0,-75.0,154.0
-22.0,,-116.0,638.0,-45.0,-348.0,375.0,24.0,-122.0,341.0
-57.0,,-117.0,639.0,-137.0,-322.0,377.0,338.0,-152.0,496.0
-61.0,,-116.0,587.0,-209.0,-285.0,365.0,166.0,-169.0,627.0
-51.0,,-93.0,519.0,-239.0,-239.0,355.0,229.0,-175.0,709.0
-76.0,,-75.0,419.0,-214.0,-216.0,348.0,349.0,-171.0,722.0
-105.0,,-16.0,328.0,-146.0,-229.0,339.0,38.0,-180.0,685.0
-127.0,,34.0,233.0,-54.0,-254.0,321.0,338.0,-193.0,598.0
-130.0,,82.0,145.0,32.0,-242.0,313.0,46.0,-210.0,469.0
-151.0,,176.0,79.0,95.0,-267.0,338.0,291.0,-229.0,311.0
-227.0,,244.0,-10.0,134.0,-276.0,344.0,262.0,-263.0,148.0
-271.0,,325.0,-93.0,143.0,-285.0,358.0,157.0,-304.0,7.0
-257.0,,395.0,-124.0,135.0,-314.0,416.0,432.0,-347.0,-116.0
-262.0,,462.0,-122.0,128.0,-260.0,450.0,145.0,-377.0,-197.0
-312.0,,480.0,-86.0,126.0,-242.0,470.0,454.0,-382.0,-209.0
-343.0,,516.0,16.0,123.0,-250.0,502.0,221.0,-380.0,-161.0
-321.0,,553.0,160.0,110.0,-215.0,553.0,273.0,-356.0,-56.0
-319.0,,494.0,314.0,82.0,-183.0,596.0,339.0,-330.0,73.0
-371.0,,532.0,474.0,30.0,-193.0,627.0,94.0,-307.0,213.0
-400.0,,499.0,615.0,-44.0,-245.0,666.0,376.0,-263.0,344.0
-356.0,,401.0,705.0,-128.0,-268.0,661.0,83.0,-201.0,440.0
-321.0,,411.0,768.0,-217.0,-249.0,658.0,352.0,-129.0,488.0
-346.0,,321.0,809.0,-288.0,-253.0,654.0,301.0,-26.0,518.0
-349.0,,274.0,764.0,-318.0,-282.0,615.0,269.0,74.0,534.0
-324.0,,246.0,672.0,-314.0,-252.0,588.0,447.0,151.0,508.0
-320.0,,138.0,597.0,-288.0,-212.0,581.0,103.0,234.0,501.0
-321.0,,90.0,524.0,-252.0,-236.0,604.0,389.0,294.0,497.0
-330.0,,-5.0,474.0,-218.0,-287.0,605.0,129.0,324.0,503.0
-319.0,,-58.0,448.0,-180.0,-333.0,572.0,258.0,326.0,516.0
-306.0,,-91.0,434.0,-139.0,-365.0,579.0,299.0,303.0,497.0
-296.0,,-147.0,435.0,-96.0,-380.0,608.0,169.0,235.0,475.0
-277.0,,-135.0,417.0,-55.0,-400.0,621.0,515.0,131.0,443.0
-242.0,,-116.0,380.0,-42.0,-450.0,627.0,223.0,46.0,411.0
-184.0,,-80.0,321.0,-50.0,-479.0,657.0,506.0,-40.0,362.0
-153.0,,-29.0,243.0,-76.0,-454.0,678.0,338.0,-111.0,294.0
-131.0,,56.0,145.0,-121.0,-416.0,676.0,343.0,-143.0,221.0
-89.0,,113.0,51.0,-175.0,-437.0,676.0,521.0,-154.0,143.0
-42.0,,170.0,34.0,-226.0,-459.0,657.0,247.0,-152.0,55.0
-15.0,,241.0,44.0,-242.0,-429.0,637.0,519.0,-132.0,-60.0
18.0,,277.0,60.0,-211.0,-379.0,645.0,190.0,-88.0,-170.0
71.0,,359.0,131.0,-150.0,-306.0,660.0,380.0,-68.0,-278.0
111.0,,385.0,222.0,-75.0,-339.0,651.0,334.0,-43.0,-389.0
150.0,,384.0,319.0,-11.0,-375.0,648.0,188.0,-19.0,-508.0
188.0,,410.0,430.0,40.0,-323.0,673.0,473.0,-20.0,-621.0
243.0,,370.0,539.0,76.0,-321.0,683.0,229.0,-18.0,-698.0
281.0,,355.0,636.0,88.0,-324.0,668.0,593.0,-32.0,-763.0
300.0,,303.0,698.0,77.0,-306.0,644.0,489.0,-57.0,-779.0
315.0,,240.0,732.0,65.0,-281.0,624.0,587.0,-92.0,-752.0
322.0,,204.0,750.0,73.0,-275.0,600.0,667.0,-133.0,-689.0
347.0,,109.0,732.0,93.0,-270.0,566.0,456.0,-166.0,-603.0
363.0,,24.0,665.0,109.0,-271.0,508.0,727.0,-201.0,-510.0
351.0,,-61.0,542.0,107.0,-288.0,461.0,378.0,-225.0,-433.0
345.0,,-138.0,404.0,93.0,-253.0,435.0,615.0,-222.0,-355.0
354.0,,-197.0,236.0,77.0,-215.0,395.0,513.0,-206.0,-267.0
331.0,,-262.0,32.0,64.0,-203.0,356.0,384.0,-185.0,-219.0
269.0,,-292.0,-123.0,63.0,-214.0,342.0,583.0,-162.0,-173.0
218.0,,-311.0,-229.0,70.0,-233.0,347.0,254.0,-145.0,-139.0
195.0,,-337.0,-292.0,80.0,-228.0,338.0,559.0,-138.0,-119.0
154.0,,-302.0,-314.0,65.0,-225.0,342.0,351.0,-142.0,-129.0
84.0,,-294.0,-314.0,14.0,-260.0,342.0,469.0,-151.0,-168.0
43.0,,-276.0,-276.0,-55.0,-323.0,342.0,606.0,-160.0,-218.0
35.0,,-207.0,-219.0,-135.0,-337.0,350.0,478.0,-148.0,-292.0
18.0,,-181.0,-126.0,-213.0,-313.0,306.0,772.0,-121.0,-370.0
-23.0,,-152.0,-27.0,-268.0,-301.0,277.0,441.0,-84.0,-453.0
-46.0,,-87.0,20.0,-282.0,-277.0,249.0,759.0,-21.0,-482.0
-39.0,,-43.0,75.0,-258.0,-267.0,203.0,722.0,48.0,-482.0
-62.0,,-10.0,138.0,-219.0,-248.0,190.0,698.0,121.0,-466.0
-124.0,,77.0,200.0,-189.0,-211.0,162.0,870.0,181.0,-409.0
-149.0,,86.0,254.0,-170.0,-192.0,149.0,550.0,226.0,-347.0
-133.0,,119.0,300.0,-156.0,-185.0,128.0,840.0,243.0,-270.0
-150.0,,159.0,347.0,-127.0,-219.0,90.0,543.0,234.0,-192.0
-180.0,,150.0,366.0,-76.0,-219.0,112.0,620.0,225.0,-127.0
-198.0,,183.0,394.0,-16.0,-170.0,129.0,574.0,191.0,-82.0
-193.0,,191.0,395.0,46.0,-169.0,107.0,400.0,141.0,-44.0
-206.0,,215.0,381.0,112.0,-214.0,90.0,711.0,88.0,-41.0
-261.0,,208.0,395.0,162.0,-238.0,70.0,406.0,31.0,-66.0
-289.0,,239.0,408.0,174.0,-201.0,54.0,733.0,-17.0,-89.0
-285.0,,257.0,445.0,153.0,-156.0,56.0,624.0,-64.0,-136.0
-293.0,,237.0,461.0,109.0,-102.0,26.0,639.0,-80.0,-168.0
-325.0,,258.0,463.0,62.0,-87.0,-13.0,798.0,-72.0,-169.0
-344.0,,228.0,485.0,26.0,-89.0,-28.0,522.0,-47.0,-153.0
-353.0,,213.0,492.0,1.0,-52.0,-33.0,870.0,-18.0,-143.0
-380.0,,202.0,484.0,-10.0,-46.0,-31.0,613.0,-3.0,-137.0
-437.0,,195.0,463.0,-8.0,-13.0,-49.0,772.0,20.0,-144.0
-509.0,,198.0,425.0,-26.0,30.0,-80.0,727.0,31.0,-188.0
-551.0,,166.0,351.0,-86.0,49.0,-79.0,580.0,29.0,-238.0
-583.0,,200.0,254.0,-160.0,62.0,-89.0,798.0,19.0,-313.0
-637.0,,195.0,186.0,-214.0,65.0,-127.0,447.0,0.0,-421.0
-678.0,,201.0,152.0,-242.0,87.0,-149.0,720.0,-23.0,-538.0
-667.0,,264.0,83.0,-244.0,109.0,-201.0,476.0,-68.0,-656.0
-639.0,,240.0,-3.0,-228.0,161.0,-246.0,500.0,-127.0,-755.0
-618.0,,269.0,-44.0,-194.0,204.0,-275.0,648.0,-201.0,-817.0
-585.0,,269.0,-58.0,-142.0,229.0,-315.0,471.0,-272.0,-846.0
-542.0,,250.0,-27.0,-65.0,275.0,-319.0,831.0,-330.0,-840.0
-487.0,,277.0,33.0,23.0,258.0,-342.0,535.0,-380.0,-802.0
-446.0,,238.0,111.0,105.0,226.0,-350.0,720.0,-422.0,-750.0
-431.0,,251.0,207.0,171.0,279.0,-333.0,600.0,-445.0,-675.0
-397.0,,271.0,299.0,213.0,348.0,-329.0,428.0,-448.0,-602.0
-353.0,,262.0,369.0,238.0,358.0,-287.0,570.0,-422.0,-542.0
-308.0,,295.0,394.0,252.0,350.0,-257.0,201.0,-363.0,-470.0
-258.0,,322.0,404.0,267.0,352.0,-267.0,450.0,-278.0,-388.0
-200.0,,352.0,380.0,294.0,385.0,-252.0,230.0,-177.0,-318.0
-122.0,,363.0,306.0,323.0,412.0,-243.0,347.0,-67.0,-255.0
-61.0,,396.0,216.0,341.0,423.0,-289.0,415.0,40.0,-205.0
-15.0,,440.0,100.0,326.0,480.0,-335.0,192.0,121.0,-208.0
32.0,,449.0,-6.0,259.0,525.0,-355.0,471.0,170.0,-243.0
92.0,,473.0,-82.0,163.0,550.0,-389.0,179.0,191.0,-289.0
138.0,,494.0,-123.0,64.0,548.0,-453.0,417.0,177.0,-392.0
154.0,,479.0,-120.0,-11.0,533.0,-473.0,317.0,133.0,-526.0
163.0,,460.0,-107.0,-72.0,579.0,-459.0,356.0,72.0,-640.0
166.0,,476.0,-116.0,-149.0,618.0,-475.0,582.0,9.0,-731.0
160.0,,423.0,-145.0,-225.0,648.0,-493.0,297.0,-49.0,-795.0
119.0,,393.0,-177.0,-272.0,693.0,-495.0,567.0,-108.0,-838.0
82.0,,415.0,-223.0,-291.0,707.0,-488.0,203.0,-158.0,-821.0
86.0,,349.0,-307.0,-300.0,715.0,-486.0,279.0,-219.0,-749.0
67.0,,335.0,-384.0,-290.0,744.0,-482.0,297.0,-295.0,-650.0
9.0,,336.0,-394.0,-261.0,757.0,-479.0,123.0,-369.0,-548.0
-31.0,,293.0,-394.0,-230.0,777.0,-503.0,378.0,-433.0,-446.0
-55.0,,281.0,-379.0,-201.0,806.0,-546.0,73.0,-488.0,-363.0
-84.0,,295.0,-314.0,-180.0,807.0,-584.0,338.0,-546.0,-318.0
-123.0,,291.0,-229.0,-168.0,797.0,-604.0,129.0,-574.0,-275.0
-127.0,,290.0,-121.0,-150.0,799.0,-617.0,101.0,-579.0,-305.0
-82.0,,309.0,-17.0,-102.0,804.0,-621.0,264.0,-587.0,-380.0
-44.0,,255.0,91.0,-21.0,807.0,-628.0,79.0,-585.0,-454.0
-3.0,,238.0,211.0,82.0,806.0,-623.0,482.0,-580.0,-564.0
39.0,,243.0,304.0,176.0,794.0,-612.0,210.0,-585.0,-685.0
103.0,,160.0,369.0,244.0,813.0,-612.0,376.0,-596.0,-810.0
154.0,,139.0,401.0,289.0,849.0,-618.0,351.0,-605.0,-937.0
189.0,,107.0,437.0,310.0,869.0,-646.0,201.0,-616.0,-1055.0
253.0,,19.0,462.0,312.0,850.0,-691.0,423.0,-625.0,-1143.0
288.0,,-27.0,483.0,284.0,855.0,-709.0,49.0,-642.0,-1182.0
309.0,,-72.0,520.0,242.0,884.0,-713.0,262.0,-658.0,-1178.0
338.0,,-135.0,536.0,192.0,837.0,-738.0,25.0,-662.0,-1137.0
347.0,,-202.0,548.0,130.0,788.0,-735.0,92.0,-668.0,-1040.0
344.0,,-223.0,577.0,66.0,776.0,-718.0,232.0,-654.0,-920.0
340.0,,-283.0,633.0,15.0,770.0,-705.0,24.0,-625.0,-801.0
327.0,,-333.0,708.0,-26.0,766.0,-701.0,376.0,-596.0,-681.0
276.0,,-331.0,747.0,-81.0,749.0,-706.0,97.0,-547.0,-559.0
215.0,,-387.0,730.0,-138.0,731.0,-700.0,304.0,-490.0,-443.0
180.0,,-410.0,703.0,-176.0,772.0,-707.0,197.0,-441.0,-362.0
137.0,,-413.0,671.0,-196.0,824.0,-702.0,49.0,-398.0,-315.0
54.0,,-446.0,607.0,-211.0,831.0,-709.0,267.0,-347.0,-296.0
-8.0,,-441.0,549.0,-237.0,838.0,-727.0,-18.0,-304.0,-305.0
-19.0,,-433.0,530.0,-253.0,834.0,-755.0,251.0,-273.0,-340.0
-33.0,,-408.0,508.0,-228.0,793.0,-794.0,-62.0,-237.0,-403.0
-75.0,,-370.0,471.0,-154.0,748.0,-811.0,0.0,-215.0,-496.0
-95.0,,-349.0,431.0,-60.0,724.0,-842.0,90.0,-208.0,-604.0
-82.0,,-273.0,384.0,17.0,719.0,-872.0,-49.0,-196.0,-712.0
-73.0,,-261.0,381.0,67.0,731.0,-901.0,352.0,-189.0,-834.0
-68.0,,-207.0,381.0,100.0,671.0,-922.0,70.0,-183.0,-961.0
-55.0,,-141.0,343.0,133.0,614.0,-919.0,306.0,-166.0,-1079.0
-25.0,,-144.0,339.0,172.0,619.0,-907.0,123.0,-158.0,-1172.0
10.0,,-31.0,372.0,206.0,596.0,-903.0,20.0,-140.0,-1251.0
43.0,,-7.0,432.0,206.0,564.0,-916.0,218.0,-105.0,-1315.0
55.0,,24.0,498.0,170.0,535.0,-920.0,-84.0,-69.0,-1344.0
32.0,,84.0,532.0,121.0,573.0,-914.0,201.0,-31.0,-1355.0
26.0,,67.0,587.0,64.0,623.0,-910.0,-134.0,20.0,-1362.0
43.0,,52.0,653.0,12.0,573.0,-927.0,-72.0,74.0,-1328.0
57.0,,58.0,695.0,-24.0,465.0,-955.0,-83.0,114.0,-1256.0
58.0,,72.0,719.0,-54.0,449.0,-966.0,-266.0,131.0,-1176.0
74.0,,13.0,726.0,-81.0,483.0,-981.0,53.0,124.0,-1068.0
119.0,,48.0,741.0,-102.0,404.0,-1026.0,-219.0,117.0,-969.0
162.0,,19.0,734.0,-131.0,352.0,-1062.0,83.0,99.0,-891.0
188.0,,-17.0,702.0,-165.0,363.0,-1063.0,-77.0,63.0,-795.0
211.0,,20.0,664.0,-185.0,393.0,-1074.0,-114.0,16.0,-708.0
221.0,,-35.0,598.0,-194.0,397.0,-1092.0,31.0,-40.0,-644.0
190.0,,5.0,531.0,-197.0,306.0,-1104.0,-256.0,-117.0,-598.0
175.0,,-10.0,477.0,-201.0,291.0,-1098.0,59.0,-205.0,-577.0
167.0,,-13.0,444.0,-215.0,360.0,-1083.0,-218.0,-282.0,-572.0
151.0,,33.0,423.0,-239.0,383.0,-1101.0,-27.0,-349.0,-575.0
134.0,,-40.0,379.0,-272.0,377.0,-1126.0,-38.0,-389.0,-580.0
114.0,,-4.0,336.0,-305.0,351.0,-1119.0,-245.0,-400.0,-581.0
145.0,,-24.0,323.0,-319.0,321.0,-1112.0,-46.0,-378.0,-569.0
175.0,,-49.0,332.0,-313.0,357.0,-1116.0,-376.0,-332.0,-547.0
187.0,,-32.0,332.0,-302.0,366.0,-1127.0,-46.0,-279.0,-518.0
199.0,,-65.0,324.0,-280.0,313.0,-1149.0,-168.0,-208.0,-495.0
226.0,,-31.0,344.0,-255.0,350.0,-1176.0,-96.0,-130.0,-513.0
262.0,,-56.0,366.0,-240.0,352.0,-1216.0,38.0,-46.0,-536.0
263.0,,-50.0,360.0,-220.0,306.0,-1248.0,-277.0,47.0,-564.0
265.0,,-61.0,341.0,-190.0,331.0,-1282.0,-94.0,148.0,-595.0
276.0,,-41.0,343.0,-143.0,325.0,-1322.0,-485.0,251.0,-619.0
259.0,,-25.0,350.0,-84.0,304.0,-1338.0,-363.0,345.0,-652.0
200.0,,-49.0,335.0,-36.0,228.0,-1342.0,-443.0,422.0,-662.0
143.0,,26.0,319.0,-10.0,178.0,-1366.0,-480.0,480.0,-674.0
93.0,,-27.0,292.0,-9.0,185.0,-1396.0,-179.0,511.0,-671.0
32.0,,-21.0,269.0,-13.0,158.0,-1397.0,-419.0,513.0,-657.0
-28.0,,36.0,258.0,-14.0,194.0,-1414.0,-20.0,479.0,-662.0
-98.0,,-10.0,242.0,-22.0,205.0,-1428.0,-258.0,412.0,-651.0
-162.0,,44.0,226.0,-30.0,206.0,-1428.0,-284.0,343.0,-653.0
-234.0,,43.0,196.0,-29.0,212.0,-1461.0,-236.0,271.0,-694.0
-298.0,,30.0,130.0,-18.0,199.0,-1461.0,-493.0,195.0,-743.0
-346.0,,91.0,75.0,4.0,222.0,-1418.0,-199.0,118.0,-795.0
-391.0,,69.0,40.0,36.0,192.0,-1377.0,-509.0,55.0,-872.0
-407.0,,113.0,1.0,66.0,177.0,-1361.0,-319.0,-4.0,-953.0
-425.0,,128.0,-27.0,76.0,181.0,-1377.0,-428.0,-61.0,-1034.0
-442.0,,152.0,-55.0,64.0,95.0,-1360.0,-473.0,-100.0,-1103.0
-422.0,,219.0,-100.0,31.0,13.0,-1346.0,-262.0,-132.0,-1137.0
-380.0,,227.0,-155.0,-17.0,21.0,-1372.0,-563.0,-139.0,-1167.0
-334.0,,315.0,-182.0,-70.0,-2.0,-1384.0,-201.0,-130.0,-1184.0
-305.0,,334.0,-187.0,-122.0,-75.0,-1416.0,-452.0,-108.0,-1156.0
-243.0,,377.0,-171.0,-164.0,-83.0,-1441.0,-393.0,-67.0,-1074.0
-159.0,,460.0,-137.0,-189.0,-67.0,-1435.0,-352.0,-30.0,-961.0
-109.0,,458.0,-105.0,-196.0,-46.0,-1440.0,-561.0,26.0,-840.0
-63.0,,504.0,-51.0,-190.0,-25.0,-1467.0,-247.0,79.0,-718.0
-8.0,,524.0,12.0,-181.0,-102.0,-1495.0,-504.0,117.0,-598.0
33.0,,499.0,59.0,-184.0,-175.0,-1465.0,-245.0,136.0,-472.0
27.0,,467.0,96.0,-194.0,-144.0,-1446.0,-443.0,134.0,-366.0
21.0,,426.0,141.0,-193.0,-134.0,-1472.0,-519.0,129.0,-290.0
46.0,,367.0,157.0,-180.0,-179.0,-1453.0,-362.0,121.0,-225.0
58.0,,285.0,121.0,-147.0,-227.0,-1428.0,-692.0,115.0,-186.0
59.0,,215.0,90.0,-93.0,-217.0,-1446.0,-349.0,104.0,-164.0
37.0,,84.0,78.0,-33.0,-195.0,-1471.0,-567.0,105.0,-152.0
23.0,,-24.0,62.0,19.0,-248.0,-1484.0,-384.0,106.0,-179.0
14.0,,-104.0,28.0,57.0,-302.0,-1483.0,-323.0,112.0,-224.0
-35.0,,-225.0,4.0,76.0,-315.0,-1503.0,-533.0,136.0,-272.0
-89.0,,-267.0,4.0,80.0,-325.0,-1513.0,-354.0,157.0,-314.0
-109.0,,-343.0,-13.0,83.0,-333.0,-1477.0,-696.0,180.0,-361.0
-98.0,,-402.0,-55.0,84.0,-320.0,-1452.0,-428.0,193.0,-415.0
-126.0,,-421.0,-76.0,70.0,-338.0,-1433.0,-550.0,204.0,-444.0
-203.0,,-449.0,-34.0,33.0,-396.0,-1405.0,-474.0,211.0,-452.0
-233.0,,-441.0,35.0,-18.0,-433.0,-1388.0,-317.0,221.0,-459.0
-199.0,,-454.0,99.0,-62.0,-436.0,-1379.0,-580.0,232.0,-485.0
-194.0,,-413.0,179.0,-92.0,-434.0,-1362.0,-310.0,217.0,-516.0
-246.0,,-425.0,273.0,-110.0,-471.0,-1353.0,-663.0,185.0,-522.0
-256.0,,-405.0,354.0,-124.0,-538.0,-1357.0,-500.0,141.0,-538.0
-204.0,,-377.0,402.0,-130.0,-587.0,-1349.0,-513.0,90.0,-567.0
-142.0,,-408.0,387.0,-109.0,-574.0,-1340.0,-580.0,22.0,-581.0
-119.0,,-368.0,354.0,-62.0,-591.0,-1314.0,-288.0,-59.0,-585.0
-110.0,,-379.0,330.0,2.0,-657.0,-1291.0,-548.0,-141.0,-587.0
-58.0,,-356.0,300.0,91.0,-638.0,-1257.0,-158.0,-219.0,-589.0
-12.0,,-369.0,290.0,187.0,-617.0,-1213.0,-314.0,-291.0,-582.0
-13.0,,-363.0,285.0,256.0,-638.0,-1199.0,-282.0,-373.0,-586.0
-34.0,,-357.0,316.0,280.0,-686.0,-1197.0,-171.0,-441.0,-592.0
-21.0,,-400.0,382.0,247.0,-783.0,-1185.0,-402.0,-483.0,-603.0
11.0,,-357.0,435.0,168.0,-772.0,-1149.0,-136.0,-511.0,-634.0
-13.0,,-405.0,484.0,89.0,-759.0,-1140.0,-474.0,-507.0,-662.0
-51.0,,-398.0,528.0,49.0,-784.0,-1127.0,-301.0,-484.0,-704.0
-38.0,,-379.0,567.0,48.0,-796.0,-1076.0,-408.0,-422.0,-741.0
-37.0,,-401.0,577.0,74.0,-844.0,-1011.0,-519.0,-330.0,-762.0
-90.0,,-383.0,569.0,102.0,-838.0,-927.0,-356.0,-224.0,-762.0
-145.0,,-398.0,559.0,121.0,-822.0,-877.0,-642.0,-100.0,-726.0
-148.0,,-363.0,538.0,154.0,-817.0,-830.0,-236.0,0.0,-680.0
-150.0,,-363.0,470.0,198.0,-826.0,-779.0,-386.0,105.0,-610.0
-201.0,,-353.0,350.0,224.0,-829.0,-747.0,-254.0,207.0,-517.0
-239.0,,-312.0,235.0,201.0,-819.0,-721.0,-160.0,305.0,-414.0
-226.0,,-325.0,133.0,139.0,-851.0,-717.0,-317.0,386.0,-311.0
-227.0,,-292.0,32.0,81.0,-843.0,-693.0,12.0,423.0,-212.0
-287.0,,-262.0,-58.0,42.0,-873.0,-641.0,-288.0,433.0,-115.0
-313.0,,-263.0,-96.0,25.0,-918.0,-580.0,-73.0,412.0,-37.0
-270.0,,-233.0,-118.0,23.0,-903.0,-529.0,-227.0,367.0,32.0
-245.0,,-212.0,-144.0,22.0,-916.0,-488.0,-260.0,304.0,99.0
-253.0,,-191.0,-123.0,18.0,-927.0,-404.0,-79.0,236.0,149.0
-251.0,,-173.0,-76.0,12.0,-951.0,-338.0,-336.0,151.0,160.0
-216.0,,-149.0,-7.0,6.0,-933.0,-313.0,31.0,65.0,140.0
-183.0,,-148.0,98.0,-7.0,-910.0,-297.0,-188.0,-23.0,82.0
-199.0,,-153.0,217.0,-37.0,-914.0,-297.0,29.0,-121.0,-12.0
-215.0,,-141.0,301.0,-76.0,-882.0,-303.0,62.0,-204.0,-107.0
-186.0,,-175.0,320.0,-115.0,-898.0,-302.0,-105.0,-300.0,-206.0
-156.0,,-172.0,304.0,-159.0,-921.0,-313.0,168.0,-372.0,-310.0
-153.0,,-180.0,262.0,-203.0,-971.0,-355.0,-186.0,-432.0,-393.0
-148.0,,-224.0,175.0,-211.0,-984.0,-353.0,110.0,-511.0,-423.0
-115.0,,-227.0,73.0,-181.0,-930.0,-333.0,25.0,-586.0,-419.0
-81.0,,-276.0,-18.0,-135.0,-922.0,-319.0,125.0,-645.0,-391.0
-79.0,,-295.0,-107.0,-87.0,-917.0,-292.0,312.0,-691.0,-319.0
-95.0,,-315.0,-170.0,-38.0,-929.0,-290.0,20.0,-720.0,-214.0
-85.0,,-335.0,-213.0,11.0,-882.0,-267.0,269.0,-732.0,-83.0
-76.0,,-319.0,-237.0,57.0,-831.0,-236.0,-64.0,-728.0,39.0
-114.0,,-348.0,-218.0,70.0,-844.0,-203.0,120.0,-701.0,149.0
-157.0,,-296.0,-150.0,20.0,-851.0,-174.0,97.0,-658.0,225.0
-167.0,,-299.0,-79.0,-76.0,-865.0,-170.0,-7.0,-591.0,249.0
-173.0,,-273.0,-37.0,-163.0,-871.0,-179.0,251.0,-525.0,224.0
-213.0,,-192.0,19.0,-190.0,-907.0,-178.0,-64.0,-453.0,143.0
-250.0,,-170.0,86.0,-151.0,-942.0,-145.0,256.0,-354.0,36.0
-250.0,,-82.0,130.0,-75.0,-947.0,-117.0,53.0,-265.0,-80.0
-239.0,,-48.0,141.0,-5.0,-924.0,-85.0,105.0,-182.0,-192.0
-253.0,,31.0,136.0,29.0,-902.0,-80.0,273.0,-116.0,-305.0
-272.0,,80.0,123.0,42.0,-874.0,-94.0,73.0,-64.0,-396.0
-253.0,,105.0,89.0,49.0,-865.0,-85.0,413.0,-17.0,-464.0
-218.0,,157.0,45.0,50.0,-897.0,-65.0,144.0,19.0,-532.0
-167.0,,148.0,-17.0,27.0,-888.0,-62.0,371.0,57.0,-558.0
-120.0,,171.0,-76.0,-18.0,-907.0,-59.0,266.0,96.0,-560.0
-82.0,,132.0,-131.0,-42.0,-927.0,-41.0,140.0,123.0,-546.0
-18.0,,125.0,-173.0,-21.0,-939.0,-64.0,400.0,148.0,-502.0
34.0,,86.0,-171.0,28.0,-956.0,-102.0,90.0,176.0,-467.0
68.0,,31.0,-167.0,81.0,-964.0,-98.0,373.0,193.0,-422.0
102.0,,3.0,-155.0,128.0,-989.0,-85.0,133.0,215.0,-381.0
127.0,,-66.0,-163.0,165.0,-995.0,-113.0,188.0,232.0,-363.0
140.0,,-101.0,-199.0,176.0,-996.0,-123.0,264.0,236.0,-312.0
142.0,,-171.0,-238.0,163.0,-1003.0,-113.0,81.0,258.0,-234.0
121.0,,-201.0,-297.0,114.0,-1018.0,-134.0,439.0,282.0,-134.0
104.0,,-241.0,-352.0,29.0,-967.0,-140.0,195.0,314.0,-33.0
72.0,,-282.0,-408.0,-71.0,-928.0,-160.0,432.0,360.0,48.0
10.0,,-289.0,-474.0,-170.0,-957.0,-194.0,317.0,409.0,139.0
-28.0,,-336.0,-532.0,-259.0,-989.0,-222.0,267.0,458.0,209.0
-55.0,,-334.0,-573.0,-327.0,-989.0,-228.0,432.0,502.0,280.0
-83.0,,-348.0,-586.0,-356.0,-941.0,-219.0,92.0,544.0,353.0
-125.0,,-356.0,-569.0,-336.0,-979.0,-238.0,367.0,569.0,383.0
-165.0,,-327.0,-520.0,-278.0,-1030.0,-242.0,107.0,585.0,404.0
-180.0,,-326.0,-422.0,-197.0,-1028.0,-221.0,243.0,582.0,426.0
-183.0,,-319.0,-298.0,-117.0,-995.0,-194.0,312.0,548.0,436.0
-206.0,,-273.0,-214.0,-58.0,-979.0,-171.0,120.0,484.0,431.0
-237.0,,-262.0,-181.0,-35.0,-1079.0,-136.0,400.0,403.0,418.0
-244.0,,-256.0,-162.0,-52.0,-1097.0,-109.0,88.0,303.0,427.0
-257.0,,-227.0,-172.0,-101.0,-1014.0,-123.0,345.0,191.0,446.0
-280.0,,-245.0,-204.0,-169.0,-1004.0,-114.0,229.0,86.0,434.0
-303.0,,-278.0,-199.0,-246.0,-1010.0,-76.0,206.0,-10.0,397.0
-317.0,,-271.0,-153.0,-306.0,-974.0,-60.0,376.0,-99.0,368.0
-288.0,,-283.0,-52.0,-319.0,-954.0,-48.0,66.0,-181.0,315.0
-246.0,,-333.0,90.0,-286.0,-922.0,-14.0,356.0,-245.0,244.0
-215.0,,-297.0,271.0,-215.0,-923.0,20.0,64.0,-297.0,179.0
-147.0,,-299.0,461.0,-106.0,-999.0,46.0,238.0,-341.0,111.0
-66.0,,-285.0,631.0,22.0,-951.0,65.0,303.0,-388.0,28.0
-13.0,,-243.0,761.0,151.0,-862.0,88.0,133.0,-436.0,-76.0
24.0,,-242.0,810.0,261.0,-877.0,141.0,376.0,-464.0,-162.0
75.0,,-169.0,806.0,337.0,-914.0,163.0,-25.0,-472.0,-223.0
133.0,,-167.0,737.0,385.0,-884.0,169.0,177.0,-455.0,-263.0
157.0,,-133.0,597.0,406.0,-801.0,215.0,-5.0,-424.0,-263.0
182.0,,-96.0,401.0,394.0,-811.0,237.0,-33.0,-366.0,-241.0
232.0,,-99.0,215.0,343.0,-809.0,251.0,133.0,-281.0,-192.0
284.0,,-55.0,64.0,258.0,-748.0,305.0,-59.0,-163.0,-126.0
330.0,,-89.0,-88.0,153.0,-696.0,356.0,351.0,-27.0,-59.0
358.0,,-109.0,-189.0,48.0,-715.0,372.0,118.0,109.0,14.0
383.0,,-123.0,-262.0,-25.0,-793.0,379.0,303.0,257.0,78.0
420.0,,-186.0,-306.0,-69.0,-751.0,406.0,273.0,399.0,137.0
450.0,,-222.0,-282.0,-101.0,-704.0,410.0,97.0,542.0,172.0
472.0,,-272.0,-233.0,-129.0,-722.0,411.0,295.0,660.0,191.0
499.0,,-349.0,-158.0,-142.0,-728.0,416.0,-64.0,760.0,217.0
521.0,,-431.0,-89.0,-132.0,-711.0,408.0,254.0,846.0,236.0
545.0,,-504.0,-50.0,-115.0,-676.0,407.0,64.0,875.0,234.0
557.0,,-595.0,10.0,-95.0,-646.0,395.0,81.0,869.0,234.0
551.0,,-669.0,111.0,-72.0,-641.0,436.0,179.0,828.0,265.0
564.0,,-697.0,230.0,-49.0,-646.0,497.0,-55.0,751.0,282.0
575.0,,-774.0,313.0,-28.0,-603.0,537.0,334.0,647.0,313.0
561.0,,-774.0,356.0,-19.0,-605.0,584.0,84.0,517.0,343.0
531.0,,-772.0,386.0,-34.0,-669.0,592.0,317.0,379.0,349.0
524.0,,-801.0,373.0,-57.0,-694.0,610.0,227.0,250.0,354.0
520.0,,-731.0,307.0,-80.0,-670.0,639.0,53.0,138.0,344.0
469.0,,-733.0,216.0,-103.0,-652.0,668.0,203.0,46.0,349.0
408.0,,-677.0,113.0,-112.0,-664.0,688.0,-160.0,-40.0,362.0
369.0,,-601.0,32.0,-105.0,-710.0,695.0,166.0,-126.0,407.0
329.0,,-593.0,-36.0,-91.0,-713.0,731.0,-11.0,-199.0,462.0
271.0,,-523.0,-117.0,-77.0,-662.0,754.0,166.0,-293.0,504.0
214.0,,-493.0,-155.0,-70.0,-655.0,779.0,297.0,-395.0,565.0
192.0,,-467.0,-168.0,-63.0,-600.0,832.0,35.0,-500.0,608.0
170.0,,-434.0,-159.0,-47.0,-574.0,871.0,275.0,-594.0,659.0
114.0,,-408.0,-95.0,-25.0,-623.0,894.0,-123.0,-644.0,694.0
57.0,,-402.0,-6.0,1.0,-660.0,931.0,116.0,-678.0,698.0
35.0,,-378.0,75.0,29.0,-664.0,981.0,84.0,-673.0,697.0
30.0,,-369.0,89.0,34.0,-617.0,1012.0,53.0,-629.0,709.0
26.0,,-372.0,24.0,11.0,-628.0,1017.0,284.0,-565.0,717.0
27.0,,-325.0,-65.0,-30.0,-688.0,1031.0,22.0,-479.0,716.0
40.0,,-351.0,-181.0,-68.0,-711.0,1053.0,330.0,-372.0,755.0
84.0,,-315.0,-344.0,-89.0,-635.0,1048.0,35.0,-262.0,788.0
121.0,,-284.0,-497.0,-106.0,-598.0,1034.0,123.0,-158.0,817.0
107.0,,-284.0,-615.0,-119.0,-639.0,1017.0,121.0,-47.0,826.0
80.0,,-203.0,-713.0,-148.0,-609.0,986.0,-123.0,38.0,820.0
73.0,,-199.0,-750.0,-198.0,-583.0,988.0,136.0,109.0,821.0
69.0,,-158.0,-748.0,-245.0,-540.0,979.0,-157.0,141.0,789.0
33.0,,-80.0,-727.0,-280.0,-555.0,956.0,105.0,131.0,757.0
-26.0,,-60.0,-696.0,-297.0,-594.0,963.0,-53.0,121.0,728.0
-74.0,,13.0,-668.0,-297.0,-526.0,955.0,-109.0,79.0,722.0
-108.0,,47.0,-640.0,-283.0,-522.0,964.0,-29.0,23.0,730.0
-155.0,,40.0,-634.0,-263.0,-568.0,943.0,-321.0,-19.0,764.0
-238.0,,73.0,-660.0,-239.0,-631.0,931.0,11.0,-66.0,804.0
-315.0,,69.0,-723.0,-196.0,-621.0,930.0,-260.0,-131.0,844.0
-349.0,,45.0,-765.0,-135.0,-490.0,909.0,-116.0,-201.0,879.0
-372.0,,12.0,-761.0,-61.0,-478.0,917.0,-169.0,-283.0,875.0
-425.0,,-6.0,-772.0,20.0,-545.0,881.0,-338.0,-386.0,870.0
-473.0,,-48.0,-806.0,85.0,-502.0,823.0,-90.0,-469.0,839.0
-481.0,,-86.0,-828.0,116.0,-420.0,794.0,-437.0,-541.0,789.0
-495.0,,-100.0,-814.0,119.0,-443.0,791.0,-223.0,-605.0,699.0
-527.0,,-140.0,-773.0,121.0,-496.0,784.0,-437.0,-633.0,591.0
-543.0,,-154.0,-729.0,130.0,-487.0,779.0,-439.0,-656.0,490.0
-548.0,,-160.0,-670.0,142.0,-431.0,776.0,-354.0,-655.0,363.0
-563.0,,-202.0,-578.0,151.0,-387.0,763.0,-611.0,-625.0,252.0
-580.0,,-233.0,-497.0,155.0,-449.0,743.0,-306.0,-582.0,132.0
-567.0,,-256.0,-436.0,151.0,-479.0,701.0,-607.0,-522.0,46.0
-545.0,,-300.0,-355.0,139.0,-429.0,682.0,-454.0,-459.0,3.0
-554.0,,-312.0,-274.0,131.0,-381.0,671.0,-546.0,-383.0,-43.0
-549.0,,-346.0,-197.0,122.0,-326.0,629.0,-631.0,-296.0,-95.0
-499.0,,-361.0,-128.0,104.0,-314.0,579.0,-371.0,-187.0,-163.0
-461.0,,-393.0,-63.0,77.0,-269.0,568.0,-715.0,-68.0,-213.0
-447.0,,-439.0,16.0,50.0,-202.0,565.0,-484.0,42.0,-269.0
-430.0,,-455.0,29.0,31.0,-212.0,550.0,-766.0,135.0,-351.0
-409.0,,-507.0,-13.0,15.0,-210.0,530.0,-735.0,193.0,-421.0
-378.0,,-532.0,-62.0,0.0,-147.0,513.0,-672.0,223.0,-471.0
-346.0,,-557.0,-99.0,-5.0,-106.0,521.0,-949.0,226.0,-515.0
-325.0,,-551.0,-82.0,7.0,-120.0,501.0,-716.0,229.0,-572.0
-293.0,,-553.0,-46.0,33.0,-114.0,497.0,-1043.0,222.0,-612.0
-232.0,,-531.0,24.0,67.0,-54.0,484.0,-811.0,210.0,-636.0
-197.0,,-492.0,116.0,96.0,-14.0,451.0,-870.0,193.0,-666.0
-181.0,,-481.0,156.0,112.0,-7.0,428.0,-890.0,169.0,-676.0
-144.0,,-402.0,155.0,114.0,65.0,394.0,-685.0,147.0,-680.0
-105.0,,-369.0,127.0,95.0,183.0,406.0,-1021.0,121.0,-671.0
-75.0,,-303.0,102.0,76.0,220.0,403.0,-768.0,86.0,-661.0
-77.0,,-226.0,61.0,64.0,205.0,385.0,-1040.0,29.0,-660.0
-52.0,,-166.0,13.0,62.0,196.0,383.0,-914.0,-20.0,-640.0
1.0,,-47.0,-11.0,83.0,239.0,356.0,-822.0,-76.0,-606.0
11.0,,3.0,-25.0,122.0,306.0,322.0,-981.0,-123.0,-534.0
-9.0,,77.0,6.0,168.0,317.0,301.0,-683.0,-152.0,-440.0
-8.0,,136.0,24.0,210.0,362.0,290.0,-970.0,-165.0,-324.0
26.0,,140.0,19.0,243.0,459.0,282.0,-722.0,-160.0,-164.0
31.0,,169.0,31.0,267.0,537.0,281.0,-877.0,-162.0,11.0
1.0,,160.0,25.0,282.0,527.0,248.0,-923.0,-162.0,198.0
-20.0,,159.0,-17.0,296.0,522.0,227.0,-742.0,-174.0,361.0
9.0,,139.0,-77.0,308.0,605.0,230.0,-1042.0,-194.0,522.0
23.0,,97.0,-114.0,301.0,632.0,212.0,-722.0,-212.0,660.0
-29.0,,85.0,-151.0,270.0,590.0,197.0,-888.0,-234.0,733.0
-47.0,,25.0,-175.0,220.0,584.0,197.0,-661.0,-244.0,755.0
-28.0,,15.0,-161.0,162.0,659.0,207.0,-602.0,-263.0,709.0
-22.0,,-6.0,-148.0,112.0,729.0,227.0,-748.0,-281.0,605.0
-44.0,,-57.0,-155.0,69.0,765.0,229.0,-498.0,-289.0,438.0
-87.0,,-18.0,-169.0,33.0,745.0,211.0,-818.0,-285.0,224.0
-106.0,,-51.0,-176.0,1.0,744.0,201.0,-521.0,-267.0,-11.0
-96.0,,-52.0,-208.0,-25.0,855.0,193.0,-716.0,-252.0,-218.0
-87.0,,0.0,-240.0,-48.0,875.0,177.0,-753.0,-235.0,-398.0
-88.0,,15.0,-249.0,-90.0,832.0,118.0,-641.0,-237.0,-578.0
-66.0,,60.0,-259.0,-157.0,865.0,66.0,-962.0,-247.0,-696.0
-14.0,,135.0,-245.0,-237.0,893.0,49.0,-659.0,-240.0,-757.0
25.0,,180.0,-220.0,-311.0,900.0,4.0,-923.0,-260.0,-761.0
37.0,,223.0,-200.0,-357.0,902.0,-39.0,-687.0,-289.0,-703.0
57.0,,300.0,-174.0,-373.0,893.0,-80.0,-705.0,-315.0,-597.0
81.0,,330.0,-137.0,-361.0,939.0,-108.0,-825.0,-351.0,-442.0
84.0,,363.0,-87.0,-324.0,966.0,-116.0,-545.0,-379.0,-264.0
65.0,,354.0,-55.0,-264.0,934.0,-119.0,-848.0,-392.0,-107.0
85.0,,344.0,-39.0,-192.0,969.0,-115.0,-522.0,-392.0,34.0
142.0,,304.0,-21.0,-118.0,995.0,-141.0,-705.0,-393.0,160.0
129.0,,245.0,-24.0,-55.0,955.0,-163.0,-639.0,-402.0,250.0
76.0,,215.0,-43.0,-15.0,921.0,-172.0,-565.0,-411.0,315.0
48.0,,128.0,-69.0,-3.0,891.0,-187.0,-820.0,-423.0,321.0
52.0,,62.0,-123.0,-20.0,882.0,-214.0,-546.0,-443.0,300.0
16.0,,-47.0,-183.0,-52.0,887.0,-246.0,-903.0,-443.0,265.0
-99.0,,-122.0,-225.0,-75.0,828.0,-246.0,-687.0,-441.0,195.0
-168.0,,-208.0,-266.0,-86.0,813.0,-253.0,-705.0,-446.0,124.0
-185.0,,-299.0,-297.0,-99.0,847.0,-272.0,-709.0,-434.0,51.0
-228.0,,-332.0,-324.0,-118.0,816.0,-291.0,-506.0,-436.0,-1.0
-315.0,,-381.0,-364.0,-136.0,816.0,-278.0,-790.0,-440.0,-29.0
-397.0,,-401.0,-396.0,-148.0,792.0,-269.0,-495.0,-439.0,-48.0
-429.0,,-429.0,-422.0,-165.0,755.0,-289.0,-759.0,-424.0,-37.0
-481.0,,-463.0,-457.0,-185.0,770.0,-273.0,-635.0,-387.0,12.0
-549.0,,-478.0,-500.0,-186.0,778.0,-277.0,-593.0,-346.0,74.0
-591.0,,-469.0,-555.0,-165.0,788.0,-281.0,-761.0,-277.0,156.0
-613.0,,-483.0,-587.0,-134.0,808.0,-302.0,-473.0,-196.0,271.0
-614.0,,-446.0,-598.0,-104.0,804.0,-341.0,-835.0,-119.0,392.0
-607.0,,-394.0,-589.0,-74.0,761.0,-333.0,-694.0,-55.0,516.0
-574.0,,-382.0,-545.0,-47.0,757.0,-324.0,-892.0,-2.0,640.0
-502.0,,-300.0,-455.0,-10.0,767.0,-303.0,-886.0,22.0,753.0
-413.0,,-255.0,-332.0,45.0,736.0,-299.0,-737.0,22.0,825.0
-325.0,,-188.0,-230.0,106.0,747.0,-317.0,-981.0,34.0,892.0
-246.0,,-112.0,-152.0,144.0,773.0,-336.0,-639.0,37.0,936.0
-159.0,,-89.0,-106.0,129.0,776.0,-342.0,-857.0,33.0,921.0
-60.0,,-28.0,-86.0,64.0,786.0,-345.0,-639.0,28.0,886.0
2.0,,9.0,-107.0,-32.0,759.0,-369.0,-681.0,20.0,817.0
46.0,,34.0,-150.0,-135.0,768.0,-378.0,-829.0,23.0,733.0
113.0,,59.0,-200.0,-204.0,787.0,-385.0,-580.0,22.0,625.0
150.0,,75.0,-280.0,-228.0,784.0,-416.0,-896.0,19.0,502.0
158.0,,77.0,-333.0,-222.0,781.0,-432.0,-607.0,22.0,406.0
145.0,,75.0,-367.0,-204.0,753.0,-458.0,-820.0,22.0,300.0
134.0,,42.0,-369.0,-180.0,796.0,-484.0,-807.0,29.0,221.0
117.0,,12.0,-324.0,-155.0,818.0,-489.0,-720.0,20.0,195.0
64.0,,22.0,-242.0,-135.0,799.0,-484.0,-949.0,-4.0,188.0
25.0,,-29.0,-131.0,-125.0,829.0,-466.0,-607.0,-18.0,198.0
-2.0,,-33.0,-25.0,-126.0,853.0,-473.0,-942.0,-21.0,226.0
-6.0,,-48.0,69.0,-127.0,897.0,-490.0,-790.0,-23.0,265.0
-18.0,,-84.0,143.0,-112.0,920.0,-507.0,-897.0,-21.0,322.0
-46.0,,-71.0,195.0,-69.0,889.0,-539.0,-973.0,-2.0,385.0
-35.0,,-94.0,238.0,7.0,887.0,-542.0,-689.0,21.0,434.0
-9.0,,-114.0,259.0,98.0,927.0,-495.0,-936.0,43.0,467.0
18.0,,-134.0,239.0,190.0,935.0,-448.0,-550.0,65.0,490.0
35.0,,-109.0,222.0,274.0,921.0,-417.0,-739.0,95.0,509.0
60.0,,-119.0,200.0,327.0,946.0,-382.0,-652.0,125.0,517.0
104.0,,-117.0,157.0,329.0,985.0,-350.0,-652.0,150.0,526.0
150.0,,-92.0,98.0,290.0,1006.0,-316.0,-901.0,181.0,527.0
188.0,,-94.0,20.0,233.0,992.0,-283.0,-585.0,198.0,512.0
218.0,,-55.0,-47.0,184.0,998.0,-247.0,-921.0,203.0,483.0
276.0,,-70.0,-136.0,157.0,1056.0,-232.0,-679.0,214.0,422.0
297.0,,-34.0,-209.0,151.0,1078.0,-235.0,-822.0,191.0,355.0
279.0,,4.0,-262.0,171.0,1060.0,-234.0,-890.0,150.0,276.0
280.0,,11.0,-341.0,208.0,1029.0,-233.0,-750.0,102.0,175.0
280.0,,62.0,-423.0,238.0,1053.0,-241.0,-1116.0,27.0,109.0
269.0,,78.0,-472.0,241.0,1118.0,-268.0,-812.0,-57.0,67.0
228.0,,109.0,-478.0,226.0,1133.0,-286.0,-1019.0,-139.0,34.0
200.0,,117.0,-487.0,206.0,1140.0,-310.0,-781.0,-216.0,30.0
174.0,,145.0,-497.0,183.0,1158.0,-353.0,-670.0,-292.0,56.0
132.0,,179.0,-494.0,163.0,1170.0,-365.0,-700.0,-373.0,99.0
109.0,,188.0,-493.0,136.0,1186.0,-340.0,-388.0,-449.0,160.0
94.0,,240.0,-477.0,102.0,1189.0,-325.0,-744.0,-511.0,241.0
99.0,,240.0,-413.0,69.0,1167.0,-320.0,-445.0,-569.0,318.0
100.0,,253.0,-339.0,43.0,1196.0,-313.0,-602.0,-623.0,403.0
109.0,,291.0,-282.0,29.0,1199.0,-304.0,-570.0,-664.0,469.0
125.0,,287.0,-241.0,15.0,1162.0,-333.0,-386.0,-695.0,495.0
135.0,,270.0,-232.0,5.0,1194.0,-373.0,-602.0,-717.0,505.0
156.0,,300.0,-228.0,-2.0,1190.0,-397.0,-312.0,-731.0,478.0
161.0,,314.0,-197.0,-6.0,1168.0,-429.0,-672.0,-726.0,420.0
172.0,,277.0,-150.0,6.0,1168.0,-460.0,-558.0,-701.0,333.0
214.0,,315.0,-112.0,32.0,1201.0,-497.0,-626.0,-669.0,228.0
252.0,,286.0,-111.0,60.0,1218.0,-504.0,-668.0,-618.0,110.0
263.0,,263.0,-112.0,91.0,1143.0,-485.0,-352.0,-544.0,-15.0
268.0,,276.0,-76.0,134.0,1127.0,-467.0,-594.0,-458.0,-138.0
291.0,,211.0,-48.0,184.0,1121.0,-465.0,-232.0,-362.0,-251.0
312.0,,227.0,-27.0,227.0,1083.0,-469.0,-412.0,-263.0,-328.0
297.0,,239.0,3.0,249.0,1089.0,-451.0,-295.0,-157.0,-378.0
272.0,,221.0,62.0,251.0,1094.0,-444.0,-147.0,-67.0,-393.0
269.0,,215.0,141.0,249.0,1087.0,-440.0,-371.0,2.0,-370.0
266.0,,187.0,167.0,241.0,1045.0,-428.0,-60.0,72.0,-306.0
239.0,,148.0,136.0,214.0,1010.0,-419.0,-356.0,122.0,-169.0
186.0,,149.0,55.0,160.0,999.0,-413.0,-182.0,160.0,10.0
146.0,,136.0,-69.0,89.0,1030.0,-426.0,-314.0,190.0,205.0
127.0,,112.0,-224.0,25.0,1085.0,-462.0,-410.0,196.0,409.0
92.0,,148.0,-387.0,-19.0,1019.0,-486.0,-284.0,172.0,598.0
45.0,,132.0,-512.0,-52.0,954.0,-486.0,-631.0,146.0,781.0
13.0,,142.0,-602.0,-91.0,930.0,-495.0,-310.0,100.0,932.0
29.0,,162.0,-655.0,-130.0,928.0,-545.0,-533.0,40.0,1029.0
72.0,,175.0,-648.0,-153.0,941.0,-592.0,-378.0,0.0,1105.0
91.0,,231.0,-591.0,-142.0,868.0,-617.0,-304.0,-45.0,1152.0
104.0,,255.0,-533.0,-97.0,861.0,-647.0,-478.0,-82.0,1159.0
144.0,,307.0,-455.0,-41.0,854.0,-648.0,-162.0,-112.0,1167.0
201.0,,342.0,-325.0,4.0,786.0,-617.0,-439.0,-145.0,1176.0
218.0,,377.0,-151.0,29.0,751.0,-571.0,-144.0,-177.0,1170.0
228.0,,420.0,27.0,26.0,780.0,-540.0,-266.0,-231.0,1170.0
271.0,,417.0,172.0,-2.0,801.0,-525.0,-253.0,-293.0,1154.0
290.0,,432.0,302.0,-48.0,767.0,-491.0,-79.0,-343.0,1108.0
274.0,,457.0,395.0,-95.0,776.0,-478.0,-406.0,-377.0,1030.0
260.0,,430.0,418.0,-122.0,788.0,-497.0,-164.0,-382.0,890.0
245.0,,421.0,404.0,-120.0,797.0,-499.0,-484.0,-379.0,708.0
193.0,,445.0,380.0,-95.0,721.0,-502.0,-303.0,-363.0,521.0
130.0,,418.0,313.0,-57.0,658.0,-504.0,-291.0,-314.0,299.0
84.0,,397.0,209.0,-4.0,663.0,-507.0,-426.0,-235.0,57.0
36.0,,390.0,128.0,62.0,632.0,-507.0,-177.0,-145.0,-167.0
-1.0,,345.0,77.0,133.0,600.0,-503.0,-541.0,-60.0,-385.0
-39.0,,323.0,27.0,199.0,504.0,-525.0,-279.0,26.0,-591.0
-77.0,,307.0,3.0,233.0,484.0,-554.0,-485.0,112.0,-763.0
-108.0,,258.0,36.0,227.0,536.0,-582.0,-443.0,183.0,-886.0
-123.0,,274.0,119.0,197.0,534.0,-589.0,-260.0,228.0,-978.0
-111.0,,260.0,200.0,170.0,529.0,-560.0,-461.0,260.0,-1037.0
-117.0,,223.0,238.0,148.0,523.0,-545.0,-125.0,282.0,-1042.0
-134.0,,235.0,266.0,117.0,545.0,-549.0,-458.0,269.0,-1001.0
-119.0,,226.0,269.0,79.0,555.0,-539.0,-321.0,240.0,-934.0
-89.0,,235.0,228.0,42.0,523.0,-521.0,-395.0,193.0,-856.0
-89.0,,217.0,165.0,25.0,503.0,-522.0,-489.0,125.0,-760.0
-112.0,,233.0,99.0,27.0,507.0,-537.0,-260.0,67.0,-653.0
-109.0,,265.0,48.0,34.0,473.0,-542.0,-563.0,-9.0,-555.0
-103.0,,223.0,3.0,30.0,452.0,-545.0,-280.0,-80.0,-452.0
-105.0,,246.0,5.0,9.0,465.0,-549.0,-513.0,-119.0,-329.0
-81.0,,239.0,44.0,-7.0,483.0,-525.0,-408.0,-134.0,-202.0
-36.0,,170.0,88.0,-20.0,505.0,-504.0,-351.0,-125.0,-86.0
-8.0,,154.0,155.0,-38.0,470.0,-487.0,-569.0,-93.0,22.0
2.0,,91.0,216.0,-57.0,452.0,-470.0,-173.0,-47.0,123.0
17.0,,28.0,257.0,-77.0,495.0,-483.0,-445.0,0.0,198.0
45.0,,33.0,287.0,-82.0,515.0,-514.0,-208.0,43.0,254.0
65.0,,-16.0,327.0,-64.0,486.0,-536.0,-291.0,79.0,267.0
74.0,,-40.0,365.0,-37.0,487.0,-545.0,-373.0,118.0,230.0
103.0,,-19.0,376.0,-2.0,508.0,-549.0,-173.0,121.0,176.0
156.0,,-30.0,384.0,40.0,491.0,-565.0,-476.0,104.0,93.0
224.0,,0.0,405.0,69.0,518.0,-604.0,-227.0,107.0,0.0
270.0,,35.0,425.0,73.0,563.0,-634.0,-502.0,79.0,-119.0
317.0,,56.0,423.0,48.0,553.0,-634.0,-349.0,48.0,-247.0
398.0,,107.0,430.0,10.0,515.0,-640.0,-293.0,37.0,-361.0
480.0,,146.0,429.0,-10.0,468.0,-645.0,-485.0,34.0,-480.0
554.0,,163.0,407.0,0.0,405.0,-631.0,-212.0,30.0,-564.0
644.0,,181.0,386.0,27.0,379.0,-627.0,-543.0,38.0,-605.0
751.0,,183.0,330.0,57.0,392.0,-620.0,-256.0,70.0,-602.0
828.0,,184.0,250.0,72.0,361.0,-607.0,-363.0,100.0,-537.0
896.0,,198.0,140.0,58.0,352.0,-585.0,-343.0,137.0,-423.0
955.0,,168.0,17.0,24.0,389.0,-585.0,-99.0,160.0,-280.0
991.0,,133.0,-59.0,-13.0,389.0,-621.0,-325.0,166.0,-102.0
1020.0,,108.0,-115.0,-61.0,340.0,-657.0,-20.0,169.0,101.0
1047.0,,66.0,-151.0,-120.0,292.0,-698.0,-295.0,150.0,292.0
1056.0,,62.0,-164.0,-163.0,344.0,-687.0,-114.0,119.0,471.0
1016.0,,37.0,-144.0,-168.0,354.0,-687.0,-112.0,70.0,622.0
978.0,,35.0,-83.0,-145.0,269.0,-702.0,-277.0,4.0,743.0
948.0,,79.0,-34.0,-105.0,233.0,-717.0,-79.0,-70.0,815.0
875.0,,88.0,10.0,-70.0,209.0,-761.0,-448.0,-156.0,847.0
780.0,,157.0,46.0,-54.0,217.0,-729.0,-188.0,-244.0,838.0
711.0,,211.0,48.0,-65.0,208.0,-718.0,-358.0,-320.0,788.0
645.0,,231.0,41.0,-106.0,204.0,-730.0,-245.0,-363.0,746.0
547.0,,288.0,21.0,-156.0,198.0,-744.0,-35.0,-391.0,709.0
458.0,,254.0,13.0,-190.0,193.0,-771.0,-254.0,-392.0,703.0
388.0,,237.0,4.0,-192.0,223.0,-737.0,46.0,-363.0,711.0
305.0,,227.0,-27.0,-158.0,143.0,-716.0,-243.0,-333.0,744.0
174.0,,158.0,-30.0,-110.0,91.0,-701.0,-14.0,-273.0,786.0
73.0,,150.0,-6.0,-57.0,125.0,-676.0,-33.0,-213.0,799.0
49.0,,108.0,-3.0,-8.0,112.0,-659.0,-107.0,-152.0,815.0
21.0,,79.0,-34.0,22.0,43.0,-660.0,136.0,-61.0,803.0
-25.0,,52.0,-48.0,37.0,53.0,-668.0,-120.0,28.0,744.0
-63.0,,21.0,-62.0,57.0,118.0,-673.0,242.0,133.0,669.0
-66.0,,18.0,-111.0,88.0,103.0,-694.0,11.0,253.0,562.0
-64.0,,-8.0,-106.0,127.0,88.0,-694.0,48.0,382.0,434.0
-76.0,,-4.0,-58.0,153.0,97.0,-690.0,142.0,496.0,307.0
-71.0,,-9.0,-15.0,153.0,128.0,-707.0,-33.0,580.0,168.0
-30.0,,22.0,37.0,142.0,95.0,-701.0,303.0,647.0,57.0
34.0,,56.0,55.0,130.0,22.0,-693.0,29.0,692.0,-36.0
68.0,,75.0,28.0,116.0,35.0,-728.0,325.0,725.0,-124.0
85.0,,143.0,-3.0,106.0,47.0,-716.0,279.0,735.0,-194.0
138.0,,189.0,-23.0,109.0,11.0,-663.0,218.0,706.0,-249.0
185.0,,244.0,-33.0,127.0,-34.0,-634.0,424.0,657.0,-293.0
205.0,,291.0,-24.0,157.0,-52.0,-595.0,123.0,588.0,-359.0
211.0,,344.0,-9.0,189.0,-1.0,-562.0,415.0,498.0,-422.0
233.0,,423.0,0.0,215.0,43.0,-537.0,166.0,403.0,-478.0
282.0,,457.0,32.0,226.0,16.0,-533.0,314.0,309.0,-515.0
286.0,,510.0,55.0,218.0,-17.0,-528.0,363.0,204.0,-524.0
267.0,,580.0,54.0,194.0,-63.0,-498.0,192.0,103.0,-534.0
269.0,,613.0,51.0,169.0,-68.0,-498.0,565.0,18.0,-537.0
301.0,,645.0,37.0,145.0,-41.0,-493.0,330.0,-55.0,-546.0
308.0,,662.0,26.0,119.0,-37.0,-479.0,648.0,-101.0,-580.0
288.0,,700.0,18.0,106.0,-44.0,-497.0,495.0,-131.0,-637.0
313.0,,717.0,-1.0,117.0,-75.0,-473.0,426.0,-161.0,-706.0
363.0,,710.0,-17.0,137.0,-104.0,-442.0,563.0,-181.0,-769.0
419.0,,742.0,-4.0,151.0,-124.0,-430.0,251.0,-198.0,-797.0
427.0,,721.0,33.0,150.0,-119.0,-392.0,604.0,-201.0,-794.0
446.0,,718.0,79.0,143.0,-95.0,-360.0,328.0,-187.0,-775.0
476.0,,717.0,142.0,140.0,-114.0,-348.0,404.0,-160.0,-692.0
486.0,,674.0,207.0,150.0,-178.0,-355.0,343.0,-107.0,-566.0
502.0,,693.0,256.0,164.0,-170.0,-346.0,175.0,-42.0,-438.0
520.0,,666.0,282.0,178.0,-141.0,-337.0,465.0,27.0,-277.0
563.0,,658.0,272.0,197.0,-189.0,-341.0,214.0,111.0,-129.0
590.0,,674.0,234.0,219.0,-218.0,-350.0,594.0,195.0,0.0
617.0,,635.0,177.0,236.0,-186.0,-339.0,461.0,278.0,116.0
663.0,,639.0,141.0,237.0,-214.0,-294.0,498.0,365.0,212.0
721.0,,643.0,127.0,212.0,-299.0,-257.0,644.0,440.0,303.0
767.0,,613.0,93.0,168.0,-281.0,-207.0,369.0,502.0,352.0
799.0,,609.0,68.0,115.0,-243.0,-159.0,685.0,555.0,374.0
860.0,,632.0,57.0,75.0,-252.0,-127.0,408.0,584.0,366.0
916.0,,589.0,7.0,62.0,-278.0,-124.0,642.0,606.0,347.0
951.0,,584.0,-46.0,67.0,-329.0,-137.0,696.0,634.0,324.0
975.0,,605.0,-76.0,78.0,-300.0,-109.0,650.0,648.0,287.0
993.0,,548.0,-98.0,92.0,-252.0,-97.0,892.0,654.0,273.0
1023.0,,539.0,-128.0,104.0,-268.0,-87.0,583.0,664.0,253.0
1014.0,,511.0,-156.0,96.0,-258.0,-54.0,890.0,661.0,244.0
971.0,,493.0,-132.0,67.0,-283.0,-17.0,646.0,647.0,254.0
945.0,,469.0,-109.0,39.0,-326.0,7.0,705.0,635.0,261.0
932.0,,423.0,-73.0,18.0,-296.0,18.0,774.0,596.0,262.0
928.0,,429.0,10.0,-4.0,-317.0,35.0,533.0,535.0,241.0
890.0,,378.0,98.0,-35.0,-340.0,40.0,855.0,450.0,217.0
841.0,,363.0,204.0,-68.0,-294.0,68.0,543.0,354.0,181.0
813.0,,367.0,299.0,-92.0,-294.0,116.0,788.0,252.0,108.0
777.0,,342.0,387.0,-102.0,-358.0,162.0,698.0,145.0,20.0
710.0,,332.0,467.0,-96.0,-354.0,196.0,630.0,52.0,-63.0
636.0,,349.0,518.0,-75.0,-275.0,204.0,790.0,-32.0,-153.0
598.0,,344.0,562.0,-40.0,-275.0,232.0,473.0,-88.0,-224.0
573.0,,373.0,550.0,0.0,-349.0,277.0,842.0,-113.0,-262.0
537.0,,419.0,506.0,31.0,-416.0,314.0,630.0,-111.0,-251.0
487.0,,400.0,434.0,51.0,-367.0,358.0,766.0,-89.0,-164.0
487.0,,491.0,299.0,53.0,-338.0,386.0,783.0,-49.0,-29.0
507.0,,499.0,149.0,33.0,-417.0,399.0,585.0,1.0,137.0
502.0,,500.0,-18.0,7.0,-431.0,404.0,883.0,61.0,321.0
504.0,,562.0,-200.0,-12.0,-442.0,394.0,554.0,135.0,498.0
503.0,,549.0,-377.0,-19.0,-475.0,408.0,790.0,206.0,667.0
496.0,,575.0,-530.0,-17.0,-507.0,400.0,618.0,294.0,796.0
492.0,,580.0,-621.0,-20.0,-549.0,347.0,569.0,386.0,861.0
491.0,,569.0,-658.0,-24.0,-599.0,292.0,718.0,477.0,860.0
504.0,,542.0,-676.0,-25.0,-633.0,236.0,521.0,556.0,793.0
550.0,,510.0,-647.0,-21.0,-615.0,216.0,901.0,614.0,699.0
594.0,,475.0,-546.0,-25.0,-617.0,210.0,689.0,656.0,579.0
632.0,,449.0,-425.0,-40.0,-680.0,190.0,905.0,674.0,410.0
667.0,,401.0,-278.0,-53.0,-678.0,221.0,816.0,668.0,234.0
698.0,,366.0,-124.0,-53.0,-614.0,292.0,650.0,644.0,63.0
738.0,,337.0,6.0,-26.0,-632.0,325.0,923.0,585.0,-94.0
768.0,,267.0,131.0,25.0,-692.0,334.0,620.0,485.0,-231.0
796.0,,267.0,208.0,81.0,-748.0,347.0,910.0,373.0,-341.0
843.0,,248.0,244.0,122.0,-751.0,353.0,696.0,256.0,-391.0
907.0,,229.0,271.0,137.0,-728.0,366.0,735.0,141.0,-411.0
924.0,,243.0,256.0,129.0,-768.0,389.0,759.0,28.0,-400.0
916.0,,232.0,186.0,113.0,-731.0,389.0,461.0,-68.0,-349.0
929.0,,236.0,68.0,95.0,-684.0,369.0,720.0,-140.0,-282.0
917.0,,232.0,-46.0,85.0,-715.0,346.0,360.0,-211.0,-194.0
891.0,,233.0,-123.0,82.0,-706.0,324.0,620.0,-273.0,-104.0
875.0,,252.0,-179.0,80.0,-659.0,325.0,563.0,-319.0,-14.0
872.0,,241.0,-190.0,83.0,-576.0,350.0,509.0,-360.0,91.0
879.0,,259.0,-189.0,84.0,-629.0,395.0,788.0,-393.0,183.0
870.0,,283.0,-183.0,70.0,-693.0,417.0,480.0,-402.0,250.0
857.0,,284.0,-155.0,42.0,-607.0,389.0,705.0,-406.0,307.0
828.0,,313.0,-147.0,7.0,-575.0,380.0,404.0,-407.0,331.0
782.0,,332.0,-135.0,-23.0,-613.0,369.0,506.0,-377.0,324.0
758.0,,350.0,-76.0,-41.0,-631.0,359.0,563.0,-348.0,284.0
741.0,,373.0,45.0,-46.0,-521.0,373.0,415.0,-318.0,235.0
715.0,,383.0,191.0,-45.0,-474.0,377.0,715.0,-264.0,196.0
690.0,,421.0,318.0,-50.0,-527.0,365.0,362.0,-199.0,127.0
675.0,,423.0,450.0,-67.0,-489.0,337.0,591.0,-123.0,77.0
646.0,,431.0,560.0,-93.0,-402.0,336.0,386.0,-44.0,37.0
602.0,,453.0,616.0,-122.0,-349.0,339.0,365.0,61.0,10.0
572.0,,432.0,652.0,-137.0,-387.0,320.0,594.0,174.0,-7.0
554.0,,448.0,644.0,-132.0,-381.0,337.0,343.0,293.0,-26.0
538.0,,426.0,614.0,-120.0,-319.0,353.0,670.0,437.0,-16.0
542.0,,438.0,568.0,-103.0,-239.0,365.0,388.0,570.0,-33.0
567.0,,451.0,463.0,-77.0,-163.0,369.0,500.0,695.0,-48.0
587.0,,438.0,349.0,-41.0,-158.0,335.0,445.0,807.0,-36.0
601.0,,491.0,256.0,-6.0,-178.0,317.0,297.0,896.0,-25.0
601.0,,490.0,173.0,9.0,-113.0,325.0,513.0,969.0,-7.0
593.0,,535.0,129.0,11.0,-34.0,299.0,188.0,1021.0,22.0
591.0,,571.0,128.0,15.0,-75.0,244.0,500.0,1049.0,45.0
579.0,,591.0,121.0,32.0,-20.0,255.0,310.0,1055.0,77.0
554.0,,656.0,119.0,70.0,56.0,259.0,406.0,1019.0,123.0
545.0,,639.0,130.0,116.0,85.0,227.0,563.0,957.0,173.0
547.0,,685.0,128.0,166.0,125.0,219.0,254.0,888.0,222.0
536.0,,725.0,142.0,207.0,113.0,211.0,478.0,808.0,261.0
525.0,,703.0,174.0,225.0,183.0,257.0,94.0,722.0,283.0
502.0,,751.0,222.0,216.0,235.0,269.0,229.0,634.0,305.0
493.0,,748.0,293.0,173.0,280.0,252.0,218.0,571.0,330.0
490.0,,725.0,373.0,102.0,323.0,284.0,188.0,514.0,322.0
459.0,,752.0,446.0,23.0,312.0,264.0,452.0,469.0,302.0
428.0,,723.0,501.0,-35.0,323.0,239.0,201.0,458.0,277.0
394.0,,722.0,539.0,-57.0,348.0,241.0,493.0,448.0,264.0
380.0,,753.0,553.0,-61.0,438.0,207.0,256.0,446.0,263.0
367.0,,744.0,557.0,-61.0,452.0,174.0,332.0,440.0,276.0
331.0,,754.0,560.0,-60.0,419.0,162.0,395.0,432.0,319.0
306.0,,757.0,575.0,-37.0,454.0,145.0,214.0,429.0,373.0
290.0,,774.0,599.0,2.0,484.0,117.0,498.0,407.0,448.0
287.0,,771.0,629.0,41.0,535.0,81.0,157.0,377.0,519.0
275.0,,768.0,664.0,83.0,569.0,57.0,408.0,357.0,572.0
261.0,,771.0,657.0,129.0,552.0,45.0,330.0,348.0,609.0
264.0,,731.0,605.0,173.0,561.0,22.0,327.0,342.0,605.0
262.0,,706.0,527.0,192.0,608.0,14.0,504.0,340.0,542.0
259.0,,676.0,419.0,173.0,588.0,31.0,203.0,353.0,474.0
256.0,,637.0,338.0,127.0,540.0,47.0,521.0,389.0,409.0
271.0,,591.0,316.0,68.0,564.0,52.0,208.0,429.0,313.0
315.0,,525.0,298.0,10.0,594.0,71.0,304.0,475.0,204.0
360.0,,436.0,273.0,-44.0,610.0,116.0,315.0,526.0,106.0
404.0,,370.0,245.0,-80.0,610.0,146.0,144.0,577.0,34.0
458.0,,300.0,192.0,-78.0,550.0,166.0,421.0,606.0,-19.0
520.0,,190.0,154.0,-37.0,536.0,191.0,96.0,605.0,-54.0
572.0,,105.0,143.0,30.0,590.0,205.0,343.0,605.0,-96.0
609.0,,39.0,148.0,111.0,628.0,198.0,234.0,605.0,-114.0
681.0,,-63.0,135.0,184.0,594.0,204.0,334.0,613.0,-117.0
754.0,,-134.0,119.0,221.0,536.0,213.0,524.0,627.0,-145.0
791.0,,-177.0,143.0,229.0,575.0,179.0,299.0,640.0,-185.0
822.0,,-247.0,141.0,212.0,534.0,152.0,585.0,662.0,-244.0
864.0,,-240.0,128.0,179.0,480.0,151.0,208.0,683.0,-302.0
892.0,,-236.0,169.0,138.0,500.0,152.0,328.0,701.0,-360.0
886.0,,-235.0,245.0,99.0,496.0,163.0,249.0,700.0,-413.0
866.0,,-212.0,316.0,70.0,517.0,180.0,48.0,680.0,-440.0
840.0,,-175.0,363.0,52.0,484.0,198.0,269.0,643.0,-450.0
826.0,,-119.0,415.0,37.0,487.0,201.0,-1.0,569.0,-451.0
802.0,,-84.0,463.0,11.0,530.0,191.0,327.0,491.0,-454.0
744.0,,-17.0,460.0,-26.0,574.0,189.0,186.0,401.0,-455.0
678.0,,40.0,412.0,-76.0,588.0,180.0,314.0,302.0,-447.0
634.0,,94.0,349.0,-127.0,587.0,174.0,439.0,218.0,-432.0
611.0,,145.0,271.0,-168.0,609.0,186.0,216.0,135.0,-422.0
588.0,,204.0,159.0,-196.0,544.0,184.0,533.0,59.0,-399.0
566.0,,215.0,19.0,-210.0,527.0,178.0,219.0,-6.0,-359.0
552.0,,270.0,-117.0,-214.0,527.0,188.0,448.0,-57.0,-330.0
526.0,,281.0,-253.0,-206.0,542.0,177.0,376.0,-110.0,-299.0
482.0,,241.0,-378.0,-191.0,603.0,144.0,284.0,-141.0,-254.0
453.0,,318.0,-460.0,-178.0,632.0,119.0,448.0,-162.0,-201.0
423.0,,295.0,-497.0,-166.0,601.0,118.0,-7.0,-204.0,-138.0
399.0,,321.0,-528.0,-142.0,552.0,109.0,175.0,-240.0,-82.0
380.0,,375.0,-546.0,-104.0,636.0,93.0,-72.0,-269.0,-44.0
385.0,,395.0,-556.0,-52.0,651.0,68.0,70.0,-285.0,-22.0
402.0,,427.0,-553.0,9.0,640.0,43.0,212.0,-317.0,-34.0
392.0,,475.0,-481.0,66.0,657.0,49.0,105.0,-348.0,-81.0
388.0,,525.0,-419.0,114.0,577.0,15.0,386.0,-365.0,-130.0
400.0,,523.0,-388.0,147.0,580.0,-21.0,-27.0,-376.0,-184.0
418.0,,591.0,-342.0,157.0,626.0,-9.0,158.0,-371.0,-235.0
407.0,,571.0,-301.0,148.0,641.0,-21.0,29.0,-363.0,-278.0
389.0,,597.0,-277.0,125.0,659.0,-70.0,40.0,-331.0,-302.0
413.0,,627.0,-283.0,94.0,657.0,-75.0,245.0,-297.0,-318.0
464.0,,584.0,-290.0,73.0,681.0,-47.0,-88.0,-256.0,-340.0
507.0,,633.0,-307.0,63.0,706.0,-49.0,142.0,-198.0,-349.0
518.0,,616.0,-332.0,46.0,691.0,-65.0,-212.0,-133.0,-370.0
542.0,,609.0,-335.0,14.0,706.0,-63.0,-158.0,-53.0,-378.0
583.0,,606.0,-335.0,-28.0,711.0,-60.0,-221.0,9.0,-372.0
584.0,,596.0,-302.0,-68.0,694.0,-65.0,-343.0,62.0,-392.0
557.0,,609.0,-244.0,-85.0,704.0,-70.0,-27.0,108.0,-411.0
552.0,,566.0,-219.0,-81.0,655.0,-77.0,-343.0,138.0,-413.0
550.0,,556.0,-217.0,-63.0,658.0,-52.0,11.0,167.0,-413.0
524.0,,540.0,-195.0,-33.0,703.0,-43.0,-120.0,174.0,-394.0
490.0,,482.0,-137.0,0.0,690.0,-70.0,-127.0,172.0,-355.0
461.0,,500.0,-71.0,28.0,715.0,-76.0,-40.0,181.0,-299.0
448.0,,500.0,-5.0,44.0,731.0,-90.0,-338.0,188.0,-230.0
424.0,,482.0,86.0,41.0,738.0,-99.0,-7.0,209.0,-157.0
390.0,,492.0,145.0,38.0,787.0,-102.0,-254.0,235.0,-65.0
378.0,,478.0,148.0,48.0,843.0,-127.0,-27.0,268.0,30.0
349.0,,492.0,139.0,74.0,897.0,-129.0,-116.0,321.0,117.0
330.0,,476.0,120.0,115.0,950.0,-89.0,-249.0,374.0,208.0
326.0,,482.0,74.0,162.0,991.0,-81.0,-20.0,439.0,282.0
306.0,,500.0,12.0,212.0,1005.0,-100.0,-349.0,510.0,357.0
302.0,,505.0,-23.0,253.0,1024.0,-118.0,-14.0,578.0,430.0
290.0,,544.0,-32.0,269.0,1045.0,-116.0,-212.0,639.0,475.0
249.0,,545.0,-51.0,256.0,1063.0,-102.0,-121.0,689.0,505.0
193.0,,572.0,-38.0,221.0,1078.0,-107.0,-57.0,733.0,516.0
166.0,,580.0,12.0,178.0,1101.0,-68.0,-284.0,766.0,509.0
149.0,,553.0,28.0,131.0,1148.0,-46.0,22.0,780.0,504.0
101.0,,556.0,43.0,71.0,1182.0,-60.0,-306.0,762.0,480.0
82.0,,535.0,102.0,4.0,1216.0,-68.0,-44.0,734.0,462.0
97.0,,492.0,182.0,-51.0,1264.0,-99.0,-182.0,686.0,468.0
114.0,,465.0,270.0,-88.0,1294.0,-126.0,-271.0,618.0,463.0
128.0,,433.0,338.0,-106.0,1268.0,-140.0,-92.0,517.0,483.0
146.0,,369.0,394.0,-115.0,1239.0,-145.0,-406.0,396.0,503.0
172.0,,343.0,432.0,-107.0,1275.0,-160.0,-5.0,289.0,527.0
200.0,,310.0,445.0,-83.0,1309.0,-151.0,-210.0,171.0,561.0
227.0,,237.0,467.0,-55.0,1278.0,-138.0,-48.0,57.0,551.0
281.0,,230.0,445.0,-27.0,1261.0,-135.0,20.0,-45.0,520.0
352.0,,220.0,408.0,-5.0,1320.0,-105.0,-120.0,-132.0,454.0
389.0,,174.0,405.0,9.0,1341.0,-90.0,175.0,-212.0,362.0
410.0,,172.0,423.0,16.0,1311.0,-81.0,-168.0,-279.0,234.0
423.0,,152.0,488.0,14.0,1293.0,-95.0,133.0,-319.0,92.0
444.0,,130.0,546.0,3.0,1300.0,-102.0,-22.0,-338.0,-45.0
473.0,,130.0,573.0,-24.0,1339.0,-101.0,-36.0,-328.0,-199.0
479.0,,116.0,592.0,-58.0,1309.0,-146.0,90.0,-293.0,-346.0
488.0,,108.0,600.0,-69.0,1210.0,-163.0,-173.0,-230.0,-489.0
506.0,,91.0,600.0,-49.0,1170.0,-137.0,188.0,-160.0,-594.0
531.0,,64.0,604.0,-10.0,1199.0,-125.0,-129.0,-83.0,-686.0
529.0,,28.0,626.0,31.0,1195.0,-137.0,-12.0,-6.0,-781.0
509.0,,16.0,622.0,54.0,1163.0,-155.0,-84.0,66.0,-875.0
515.0,,-10.0,608.0,38.0,1172.0,-176.0,-273.0,139.0,-969.0
509.0,,-41.0,565.0,-23.0,1190.0,-181.0,-86.0,196.0,-1074.0
476.0,,-46.0,460.0,-109.0,1176.0,-172.0,-382.0,219.0,-1168.0
444.0,,-67.0,369.0,-195.0,1103.0,-153.0,-7.0,234.0,-1221.0
445.0,,-57.0,307.0,-262.0,1070.0,-149.0,-169.0,246.0,-1268.0
430.0,,-86.0,262.0,-299.0,1056.0,-171.0,-107.0,230.0,-1277.0
366.0,,-86.0,200.0,-306.0,1032.0,-179.0,-16.0,216.0,-1275.0
295.0,,-78.0,110.0,-297.0,1037.0,-197.0,-269.0,192.0,-1236.0
264.0,,-122.0,37.0,-282.0,994.0,-197.0,27.0,161.0,-1169.0
250.0,,-103.0,-37.0,-259.0,983.0,-177.0,-303.0,123.0,-1107.0
204.0,,-117.0,-108.0,-240.0,995.0,-140.0,-101.0,72.0,-991.0
171.0,,-142.0,-160.0,-246.0,977.0,-101.0,-190.0,23.0,-867.0
151.0,,-92.0,-192.0,-270.0,962.0,-114.0,-315.0,-33.0,-744.0
144.0,,-94.0,-166.0,-286.0,971.0,-132.0,-144.0,-76.0,-588.0
123.0,,-85.0,-88.0,-272.0,985.0,-99.0,-461.0,-113.0,-450.0
73.0,,-26.0,9.0,-223.0,949.0,-70.0,-195.0,-133.0,-372.0
47.0,,-41.0,141.0,-155.0,937.0,-66.0,-495.0,-133.0,-298.0
28.0,,0.0,283.0,-91.0,945.0,-50.0,-419.0,-143.0,-259.0
-16.0,,36.0,395.0,-32.0,946.0,-47.0,-356.0,-154.0,-279.0
-80.0,,20.0,449.0,16.0,949.0,-37.0,-532.0,-161.0,-322.0
-120.0,,67.0,466.0,51.0,937.0,-33.0,-243.0,-155.0,-428.0
-143.0,,67.0,452.0,74.0,922.0,-51.0,-576.0,-142.0,-534.0
-182.0,,59.0,364.0,82.0,952.0,-61.0,-363.0,-124.0,-635.0
-235.0,,95.0,301.0,86.0,970.0,-67.0,-556.0,-86.0,-748.0
-266.0,,77.0,298.0,90.0,932.0,-90.0,-661.0,-40.0,-810.0
-297.0,,96.0,282.0,85.0,927.0,-110.0,-541.0,14.0,-831.0
-322.0,,120.0,270.0,71.0,918.0,-99.0,-822.0,76.0,-839.0
-327.0,,123.0,270.0,41.0,922.0,-99.0,-504.0,127.0,-839.0
-350.0,,167.0,314.0,0.0,928.0,-98.0,-798.0,189.0,-816.0
-379.0,,174.0,377.0,-28.0,916.0,-108.0,-689.0,267.0,-793.0
-404.0,,199.0,401.0,-32.0,949.0,-99.0,-790.0,325.0,-785.0
-428.0,,225.0,422.0,-30.0,993.0,-41.0,-1056.0,375.0,-780.0
-454.0,,262.0,410.0,-30.0,1005.0,-8.0,-842.0,422.0,-750.0
-474.0,,278.0,357.0,-30.0,980.0,12.0,-1188.0,442.0,-692.0
-479.0,,298.0,304.0,-34.0,980.0,-2.0,-897.0,444.0,-613.0
-459.0,,328.0,266.0,-46.0,1016.0,-19.0,-1088.0,434.0,-481.0
-428.0,,345.0,276.0,-71.0,1030.0,-10.0,-1066.0,396.0,-341.0
-399.0,,373.0,317.0,-105.0,982.0,-16.0,-897.0,331.0,-171.0
-349.0,,376.0,360.0,-140.0,952.0,-17.0,-1114.0,255.0,30.0
-287.0,,431.0,378.0,-163.0,967.0,-15.0,-820.0,186.0,196.0
-251.0,,423.0,349.0,-159.0,949.0,0.0,-1178.0,120.0,386.0
-235.0,,429.0,318.0,-129.0,943.0,-8.0,-1010.0,42.0,550.0
-203.0,,424.0,311.0,-83.0,928.0,-35.0,-1095.0,-21.0,667.0
-173.0,,381.0,325.0,-35.0,911.0,-52.0,-1201.0,-70.0,771.0
-153.0,,375.0,328.0,6.0,912.0,-57.0,-973.0,-120.0,835.0
-152.0,,337.0,335.0,44.0,882.0,-62.0,-1289.0,-166.0,882.0
-147.0,,274.0,346.0,84.0,878.0,-114.0,-1008.0,-198.0,899.0
-127.0,,220.0,315.0,115.0,911.0,-158.0,-1280.0,-217.0,883.0
-119.0,,193.0,260.0,119.0,899.0,-168.0,-1258.0,-229.0,849.0
-126.0,,107.0,207.0,101.0,830.0,-152.0,-1236.0,-221.0,800.0
-145.0,,93.0,176.0,64.0,788.0,-130.0,-1437.0,-201.0,736.0
-142.0,,43.0,167.0,8.0,767.0,-124.0,-1136.0,-167.0,652.0
-154.0,,15.0,173.0,-66.0,749.0,-117.0,-1428.0,-124.0,546.0
-189.0,,29.0,166.0,-145.0,734.0,-113.0,-1140.0,-103.0,434.0
-206.0,,-40.0,125.0,-205.0,728.0,-112.0,-1282.0,-84.0,321.0
-200.0,,-18.0,96.0,-228.0,742.0,-111.0,-1345.0,-68.0,203.0
-168.0,,-59.0,103.0,-204.0,726.0,-120.0,-1091.0,-64.0,113.0
-160.0,,-57.0,107.0,-141.0,648.0,-135.0,-1346.0,-67.0,27.0
-168.0,,-56.0,98.0,-65.0,603.0,-132.0,-1029.0,-76.0,-35.0
-142.0,,-104.0,116.0,10.0,588.0,-100.0,-1311.0,-77.0,-78.0
-100.0,,-58.0,135.0,89.0,517.0,-82.0,-1201.0,-82.0,-115.0
-83.0,,-82.0,124.0,171.0,516.0,-101.0,-1138.0,-82.0,-131.0
-98.0,,-129.0,121.0,245.0,514.0,-96.0,-1289.0,-90.0,-138.0
-88.0,,-111.0,128.0,303.0,446.0,-40.0,-992.0,-107.0,-120.0
-68.0,,-110.0,106.0,330.0,431.0,18.0,-1295.0,-124.0,-97.0
-93.0,,-151.0,82.0,318.0,450.0,40.0,-1036.0,-144.0,-55.0
-116.0,,-135.0,93.0,272.0,466.0,58.0,-1217.0,-159.0,-4.0
-135.0,,-143.0,127.0,209.0,435.0,68.0,-1225.0,-188.0,27.0
-138.0,,-159.0,171.0,150.0,409.0,71.0,-1060.0,-204.0,67.0
-143.0,,-132.0,225.0,108.0,377.0,83.0,-1376.0,-216.0,95.0
-181.0,,-158.0,266.0,88.0,365.0,68.0,-1043.0,-222.0,124.0
-194.0,,-108.0,334.0,77.0,386.0,43.0,-1260.0,-208.0,169.0
-206.0,,-78.0,419.0,62.0,328.0,0.0,-1093.0,-187.0,215.0
-214.0,,-86.0,488.0,28.0,292.0,-17.0,-1136.0,-159.0,266.0
-238.0,,-32.0,563.0,-15.0,329.0,-29.0,-1291.0,-134.0,332.0
-266.0,,-28.0,621.0,-44.0,298.0,-70.0,-1032.0,-88.0,404.0
-285.0,,6.0,641.0,-59.0,234.0,-90.0,-1378.0,-25.0,472.0
-317.0,,56.0,636.0,-61.0,207.0,-95.0,-1079.0,47.0,527.0
-333.0,,71.0,621.0,-54.0,182.0,-84.0,-1188.0,113.0,556.0
-371.0,,124.0,570.0,-43.0,200.0,-107.0,-1101.0,163.0,567.0
-398.0,,163.0,495.0,-36.0,183.0,-139.0,-936.0,211.0,583.0
-437.0,,182.0,433.0,-42.0,106.0,-132.0,-1228.0,238.0,594.0
-489.0,,218.0,358.0,-65.0,98.0,-127.0,-977.0,265.0,591.0
-532.0,,226.0,295.0,-95.0,157.0,-140.0,-1297.0,290.0,579.0
-573.0,,263.0,256.0,-129.0,147.0,-146.0,-1114.0,317.0,556.0
-589.0,,300.0,207.0,-164.0,38.0,-137.0,-1127.0,323.0,526.0
-613.0,,278.0,177.0,-180.0,-36.0,-150.0,-1186.0,311.0,476.0
-611.0,,301.0,187.0,-174.0,-28.0,-185.0,-901.0,302.0,418.0
-612.0,,312.0,217.0,-147.0,-27.0,-207.0,-1236.0,254.0,383.0
-613.0,,283.0,249.0,-109.0,-110.0,-175.0,-1032.0,198.0,353.0
-617.0,,290.0,285.0,-68.0,-143.0,-135.0,-1348.0,119.0,313.0
-638.0,,281.0,336.0,-39.0,-125.0,-145.0,-1346.0,22.0,283.0
-640.0,,255.0,394.0,-23.0,-136.0,-197.0,-1243.0,-51.0,260.0
-640.0,,274.0,421.0,-14.0,-89.0,-261.0,-1426.0,-114.0,240.0
-647.0,,267.0,387.0,-16.0,-82.0,-306.0,-1045.0,-163.0,228.0
-666.0,,268.0,365.0,-27.0,-113.0,-358.0,-1310.0,-194.0,232.0
-659.0,,301.0,373.0,-49.0,-116.0,-419.0,-1095.0,-184.0,246.0
-658.0,,305.0,359.0,-70.0,-160.0,-467.0,-1184.0,-162.0,258.0
-681.0,,340.0,314.0,-63.0,-217.0,-506.0,-1247.0,-110.0,253.0
-667.0,,366.0,255.0,-20.0,-222.0,-544.0,-1036.0,-29.0,224.0
-641.0,,382.0,200.0,48.0,-236.0,-571.0,-1339.0,61.0,201.0
-622.0,,408.0,154.0,119.0,-289.0,-579.0,-1036.0,164.0,178.0
-587.0,,402.0,144.0,176.0,-308.0,-582.0,-1287.0,259.0,152.0
-547.0,,428.0,150.0,214.0,-304.0,-556.0,-1154.0,357.0,107.0
-485.0,,429.0,152.0,223.0,-284.0,-521.0,-1099.0,438.0,56.0
-430.0,,407.0,140.0,212.0,-315.0,-518.0,-1282.0,508.0,18.0
-401.0,,437.0,122.0,202.0,-338.0,-487.0,-933.0,559.0,-53.0
-348.0,,411.0,111.0,182.0,-346.0,-466.0,-1256.0,589.0,-128.0
-279.0,,430.0,128.0,146.0,-366.0,-478.0,-1056.0,591.0,-194.0
-199.0,,482.0,206.0,105.0,-327.0,-479.0,-1236.0,564.0,-277.0
-170.0,,449.0,304.0,72.0,-353.0,-488.0,-1274.0,527.0,-358.0
-151.0,,488.0,407.0,59.0,-375.0,-497.0,-1080.0,471.0,-456.0
-97.0,,501.0,500.0,51.0,-340.0,-490.0,-1367.0,414.0,-559.0
-63.0,,485.0,573.0,40.0,-334.0,-484.0,-1010.0,343.0,-663.0
-62.0,,524.0,637.0,23.0,-356.0,-509.0,-1250.0,274.0,-764.0
-95.0,,497.0,672.0,-6.0,-348.0,-522.0,-1108.0,203.0,-859.0
-92.0,,487.0,717.0,-40.0,-308.0,-482.0,-1127.0,134.0,-956.0
-80.0,,489.0,775.0,-72.0,-319.0,-434.0,-1308.0,76.0,-1017.0
-84.0,,440.0,791.0,-100.0,-338.0,-424.0,-1043.0,3.0,-1048.0
-93.0,,411.0,773.0,-129.0,-342.0,-402.0,-1378.0,-61.0,-1058.0
-99.0,,365.0,751.0,-153.0,-329.0,-378.0,-1114.0,-121.0,-1027.0
-102.0,,295.0,696.0,-164.0,-309.0,-381.0,-1271.0,-169.0,-939.0
-125.0,,241.0,600.0,-146.0,-321.0,-361.0,-1197.0,-210.0,-811.0
-150.0,,174.0,508.0,-94.0,-320.0,-327.0,-1038.0,-231.0,-680.0
-164.0,,111.0,449.0,-36.0,-316.0,-295.0,-1265.0,-231.0,-530.0
-158.0,,40.0,404.0,1.0,-353.0,-317.0,-914.0,-206.0,-344.0
-161.0,,-18.0,369.0,2.0,-367.0,-339.0,-1225.0,-167.0,-157.0
-183.0,,-77.0,386.0,-25.0,-356.0,-308.0,-1005.0,-127.0,0.0
-193.0,,-124.0,402.0,-58.0,-362.0,-300.0,-1019.0,-75.0,120.0
-186.0,,-166.0,411.0,-79.0,-375.0,-305.0,-1154.0,-32.0,208.0
-178.0,,-191.0,442.0,-71.0,-423.0,-312.0,-894.0,4.0,253.0
-181.0,,-216.0,473.0,-38.0,-446.0,-319.0,-1261.0,29.0,259.0
-179.0,,-248.0,508.0,5.0,-431.0,-316.0,-1053.0,37.0,249.0
-158.0,,-199.0,527.0,39.0,-449.0,-338.0,-1265.0,51.0,235.0
-142.0,,-207.0,551.0,65.0,-492.0,-386.0,-1195.0,65.0,201.0
-136.0,,-174.0,574.0,103.0,-511.0,-388.0,-1086.0,60.0,129.0
-100.0,,-107.0,572.0,149.0,-521.0,-367.0,-1287.0,38.0,55.0
-44.0,,-98.0,568.0,188.0,-525.0,-372.0,-927.0,17.0,-31.0
-20.0,,-42.0,577.0,205.0,-534.0,-378.0,-1201.0,-16.0,-143.0
-10.0,,0.0,606.0,199.0,-577.0,-352.0,-947.0,-47.0,-261.0
39.0,,29.0,629.0,168.0,-623.0,-316.0,-1005.0,-73.0,-390.0
96.0,,40.0,604.0,118.0,-678.0,-325.0,-1112.0,-91.0,-509.0
136.0,,55.0,532.0,60.0,-730.0,-333.0,-873.0,-97.0,-619.0
174.0,,26.0,451.0,12.0,-743.0,-331.0,-1162.0,-103.0,-712.0
239.0,,29.0,363.0,-24.0,-752.0,-316.0,-851.0,-111.0,-791.0
320.0,,42.0,307.0,-66.0,-792.0,-280.0,-1060.0,-88.0,-851.0
369.0,,-2.0,283.0,-109.0,-836.0,-255.0,-951.0,-48.0,-863.0
413.0,,26.0,283.0,-127.0,-858.0,-231.0,-879.0,0.0,-860.0
448.0,,24.0,298.0,-117.0,-878.0,-215.0,-1084.0,87.0,-841.0
479.0,,23.0,266.0,-93.0,-906.0,-202.0,-798.0,201.0,-795.0
515.0,,45.0,241.0,-57.0,-930.0,-170.0,-1090.0,321.0,-722.0
515.0,,55.0,238.0,-4.0,-959.0,-153.0,-800.0,446.0,-638.0
482.0,,90.0,221.0,59.0,-966.0,-186.0,-881.0,572.0,-510.0
454.0,,109.0,199.0,113.0,-1003.0,-211.0,-881.0,685.0,-338.0
432.0,,172.0,175.0,138.0,-1065.0,-220.0,-709.0,772.0,-159.0
395.0,,222.0,154.0,143.0,-1094.0,-211.0,-1032.0,837.0,76.0
343.0,,250.0,128.0,125.0,-1123.0,-211.0,-724.0,890.0,325.0
290.0,,327.0,93.0,82.0,-1096.0,-233.0,-981.0,916.0,574.0
250.0,,401.0,98.0,17.0,-1106.0,-239.0,-816.0,916.0,835.0
209.0,,428.0,117.0,-59.0,-1149.0,-235.0,-752.0,904.0,1060.0
155.0,,498.0,134.0,-122.0,-1150.0,-228.0,-846.0,872.0,1246.0
89.0,,549.0,172.0,-158.0,-1170.0,-215.0,-567.0,844.0,1399.0
17.0,,530.0,179.0,-175.0,-1164.0,-158.0,-912.0,790.0,1487.0
-67.0,,597.0,219.0,-175.0,-1156.0,-121.0,-655.0,713.0,1520.0
-140.0,,591.0,301.0,-159.0,-1134.0,-102.0,-803.0,635.0,1510.0
-203.0,,562.0,330.0,-122.0,-1093.0,-46.0,-681.0,533.0,1432.0
-284.0,,587.0,327.0,-62.0,-1091.0,-10.0,-408.0,411.0,1359.0
-343.0,,545.0,308.0,0.0,-1097.0,4.0,-567.0,269.0,1268.0
-398.0,,543.0,275.0,41.0,-1053.0,18.0,-214.0,114.0,1158.0
-448.0,,523.0,259.0,65.0,-995.0,23.0,-504.0,-49.0,1083.0
-494.0,,473.0,256.0,88.0,-1003.0,9.0,-314.0,-204.0,1014.0
-513.0,,450.0,225.0,112.0,-999.0,3.0,-323.0,-345.0,963.0
-526.0,,390.0,173.0,123.0,-930.0,-6.0,-443.0,-485.0,904.0
-553.0,,362.0,111.0,121.0,-869.0,10.0,-254.0,-598.0,854.0
-541.0,,337.0,44.0,115.0,-840.0,44.0,-533.0,-706.0,826.0
-535.0,,264.0,12.0,102.0,-818.0,48.0,-142.0,-802.0,787.0
-541.0,,256.0,15.0,91.0,-785.0,68.0,-314.0,-858.0,733.0
-541.0,,223.0,21.0,109.0,-790.0,69.0,-269.0,-898.0,660.0
-516.0,,182.0,47.0,153.0,-778.0,73.0,-223.0,-892.0,612.0
-491.0,,208.0,109.0,213.0,-723.0,101.0,-489.0,-851.0,573.0
-500.0,,178.0,179.0,261.0,-703.0,95.0,-182.0,-778.0,522.0
-488.0,,189.0,269.0,271.0,-653.0,76.0,-437.0,-666.0,480.0
-449.0,,213.0,396.0,243.0,-655.0,83.0,-145.0,-537.0,471.0
-422.0,,214.0,512.0,181.0,-643.0,86.0,-162.0,-382.0,503.0
-394.0,,236.0,615.0,91.0,-536.0,85.0,-136.0,-221.0,547.0
-362.0,,249.0,678.0,-7.0,-514.0,90.0,125.0,-56.0,599.0
-315.0,,252.0,698.0,-81.0,-503.0,83.0,-134.0,108.0,662.0
-261.0,,237.0,744.0,-106.0,-466.0,69.0,188.0,253.0,732.0
-237.0,,243.0,814.0,-97.0,-426.0,57.0,-92.0,371.0,793.0
-207.0,,225.0,879.0,-84.0,-388.0,85.0,20.0,464.0,838.0
-160.0,,224.0,930.0,-49.0,-415.0,125.0,68.0,529.0,882.0
-100.0,,218.0,971.0,24.0,-413.0,137.0,-77.0,564.0,911.0
-53.0,,197.0,995.0,122.0,-388.0,115.0,266.0,576.0,905.0
-16.0,,208.0,1000.0,202.0,-379.0,120.0,-14.0,534.0,871.0
43.0,,188.0,986.0,231.0,-373.0,130.0,273.0,472.0,815.0
125.0,,214.0,946.0,204.0,-383.0,127.0,157.0,408.0,738.0
214.0,,212.0,884.0,143.0,-319.0,151.0,247.0,314.0,651.0
253.0,,221.0,781.0,78.0,-235.0,155.0,506.0,227.0,573.0
291.0,,248.0,668.0,25.0,-225.0,165.0,280.0,132.0,528.0
353.0,,217.0,566.0,-1.0,-235.0,168.0,628.0,38.0,497.0
397.0,,241.0,437.0,-1.0,-225.0,210.0,286.0,-35.0,460.0
442.0,,234.0,306.0,17.0,-202.0,235.0,445.0,-120.0,444.0
481.0,,211.0,225.0,40.0,-210.0,211.0,441.0,-181.0,440.0
520.0,,209.0,160.0,64.0,-237.0,241.0,315.0,-208.0,436.0
551.0,,177.0,89.0,96.0,-269.0,260.0,676.0,-220.0,439.0
537.0,,174.0,21.0,127.0,-291.0,264.0,352.0,-216.0,437.0
504.0,,166.0,-38.0,142.0,-281.0,256.0,630.0,-190.0,441.0
480.0,,128.0,-65.0,125.0,-285.0,249.0,471.0,-142.0,463.0
464.0,,116.0,-92.0,78.0,-275.0,275.0,528.0,-86.0,476.0
420.0,,114.0,-116.0,33.0,-224.0,310.0,676.0,-28.0,490.0
365.0,,78.0,-93.0,22.0,-183.0,349.0,412.0,42.0,500.0
340.0,,65.0,-36.0,54.0,-213.0,375.0,726.0,139.0,483.0
313.0,,70.0,-2.0,102.0,-305.0,389.0,430.0,238.0,488.0
259.0,,36.0,24.0,135.0,-339.0,411.0,667.0,323.0,475.0
171.0,,19.0,75.0,137.0,-335.0,421.0,646.0,393.0,441.0
92.0,,15.0,128.0,106.0,-356.0,414.0,528.0,450.0,445.0
38.0,,-32.0,168.0,60.0,-400.0,431.0,774.0,504.0,426.0
-27.0,,-42.0,168.0,14.0,-448.0,436.0,489.0,538.0,409.0
-88.0,,-47.0,162.0,-27.0,-492.0,433.0,816.0,570.0,430.0
-131.0,,-96.0,148.0,-64.0,-496.0,430.0,659.0,605.0,445.0
-160.0,,-112.0,110.0,-95.0,-475.0,407.0,768.0,619.0,471.0
-190.0,,-126.0,59.0,-121.0,-476.0,390.0,855.0,626.0,515.0
-207.0,,-134.0,-10.0,-139.0,-459.0,359.0,668.0,618.0,545.0
-191.0,,-155.0,-55.0,-141.0,-457.0,352.0,1029.0,579.0,563.0
-168.0,,-180.0,-100.0,-127.0,-465.0,378.0,777.0,527.0,575.0
-144.0,,-169.0,-157.0,-99.0,-488.0,400.0,1045.0,464.0,559.0
-110.0,,-202.0,-205.0,-69.0,-538.0,408.0,982.0,389.0,538.0
-70.0,,-194.0,-262.0,-42.0,-527.0,397.0,868.0,320.0,527.0
-11.0,,-171.0,-274.0,-22.0,-495.0,391.0,1005.0,260.0,505.0
31.0,,-158.0,-245.0,-27.0,-512.0,403.0,683.0,194.0,516.0
39.0,,-100.0,-203.0,-50.0,-535.0,411.0,975.0,160.0,552.0
72.0,,-97.0,-128.0,-73.0,-532.0,417.0,748.0,173.0,600.0
130.0,,-58.0,-57.0,-88.0,-522.0,434.0,894.0,194.0,694.0
162.0,,-16.0,0.0,-96.0,-480.0,431.0,997.0,232.0,781.0
161.0,,-8.0,49.0,-101.0,-444.0,419.0,873.0,302.0,840.0
169.0,,30.0,75.0,-91.0,-461.0,408.0,1245.0,380.0,881.0
180.0,,52.0,94.0,-57.0,-473.0,393.0,1008.0,469.0,890.0
158.0,,57.0,101.0,-12.0,-499.0,387.0,1285.0,560.0,864.0
127.0,,68.0,121.0,30.0,-507.0,372.0,1173.0,655.0,817.0
111.0,,64.0,148.0,64.0,-473.0,378.0,1143.0,757.0,767.0
100.0,,23.0,148.0,90.0,-442.0,394.0,1322.0,834.0,693.0
71.0,,30.0,171.0,92.0,-427.0,375.0,999.0,882.0,622.0
45.0,,12.0,219.0,60.0,-452.0,336.0,1252.0,902.0,569.0
34.0,,-16.0,262.0,17.0,-425.0,292.0,999.0,907.0,523.0
30.0,,-23.0,262.0,-4.0,-398.0,246.0,1202.0,906.0,508.0
5.0,,-79.0,196.0,2.0,-388.0,171.0,1256.0,878.0,490.0
-22.0,,-83.0,121.0,30.0,-300.0,106.0,1134.0,816.0,482.0
-38.0,,-112.0,51.0,66.0,-267.0,88.0,1461.0,740.0,480.0
-51.0,,-155.0,-45.0,101.0,-300.0,92.0,1162.0,654.0,446.0
-63.0,,-144.0,-134.0,130.0,-289.0,88.0,1467.0,545.0,392.0
-80.0,,-172.0,-170.0,152.0,-252.0,102.0,1328.0,439.0,320.0
-55.0,,-193.0,-162.0,170.0,-243.0,144.0,1339.0,324.0,235.0
-23.0,,-171.0,-151.0,183.0,-220.0,177.0,1476.0,225.0,138.0
-18.0,,-174.0,-131.0,187.0,-237.0,224.0,1173.0,152.0,72.0
-9.0,,-177.0,-86.0,176.0,-265.0,268.0,1444.0,82.0,15.0
0.0,,-134.0,-41.0,151.0,-223.0,295.0,1165.0,40.0,-19.0
34.0,,-148.0,11.0,121.0,-233.0,305.0,1369.0,7.0,-6.0
48.0,,-134.0,73.0,93.0,-220.0,274.0,1317.0,-15.0,15.0
63.0,,-112.0,132.0,68.0,-168.0,268.0,1195.0,-16.0,67.0
107.0,,-168.0,193.0,41.0,-152.0,268.0,1422.0,-44.0,119.0
161.0,,-173.0,277.0,16.0,-155.0,264.0,1106.0,-72.0,171.0
224.0,,-205.0,372.0,7.0,-181.0,292.0,1468.0,-89.0,230.0
230.0,,-236.0,470.0,8.0,-160.0,302.0,1237.0,-100.0,282.0
226.0,,-233.0,577.0,10.0,-91.0,293.0,1245.0,-99.0,348.0
238.0,,-262.0,664.0,22.0,-25.0,288.0,1365.0,-120.0,420.0
240.0,,-261.0,741.0,48.0,-47.0,300.0,1114.0,-126.0,513.0
224.0,,-261.0,796.0,80.0,-98.0,308.0,1446.0,-125.0,607.0
180.0,,-263.0,790.0,104.0,-74.0,304.0,1165.0,-133.0,684.0
156.0,,-274.0,736.0,115.0,-68.0,308.0,1367.0,-139.0,773.0
135.0,,-288.0,651.0,121.0,-89.0,294.0,1291.0,-159.0,860.0
104.0,,-294.0,567.0,124.0,-54.0,274.0,1160.0,-175.0,932.0
65.0,,-333.0,506.0,130.0,-17.0,255.0,1343.0,-169.0,991.0
30.0,,-315.0,463.0,135.0,-4.0,247.0,1038.0,-166.0,1027.0
-13.0,,-317.0,435.0,137.0,47.0,276.0,1326.0,-171.0,1044.0
-90.0,,-345.0,402.0,130.0,67.0,299.0,1036.0,-154.0,1061.0
-148.0,,-327.0,374.0,113.0,62.0,312.0,1127.0,-136.0,1064.0
-171.0,,-341.0,341.0,101.0,114.0,323.0,1225.0,-112.0,1078.0
-185.0,,-325.0,271.0,86.0,136.0,307.0,1058.0,-73.0,1104.0
-208.0,,-325.0,207.0,61.0,99.0,282.0,1376.0,-21.0,1116.0
-212.0,,-347.0,183.0,27.0,121.0,272.0,1012.0,55.0,1143.0
-187.0,,-333.0,173.0,-13.0,151.0,289.0,1230.0,108.0,1153.0
-159.0,,-365.0,169.0,-49.0,130.0,319.0,1103.0,153.0,1176.0
-149.0,,-348.0,195.0,-72.0,104.0,331.0,1034.0,193.0,1179.0
-155.0,,-346.0,233.0,-78.0,112.0,335.0,1219.0,202.0,1156.0
-131.0,,-347.0,256.0,-65.0,157.0,348.0,964.0,207.0,1162.0
-98.0,,-303.0,266.0,-43.0,173.0,362.0,1345.0,189.0,1140.0
-81.0,,-285.0,262.0,-31.0,182.0,373.0,1079.0,142.0,1125.0
-66.0,,-251.0,246.0,-40.0,204.0,376.0,1136.0,94.0,1114.0
-15.0,,-253.0,211.0,-52.0,248.0,388.0,1040.0,60.0,1106.0
58.0,,-219.0,181.0,-37.0,276.0,397.0,779.0,28.0,1120.0
93.0,,-209.0,186.0,-2.0,233.0,364.0,1036.0,-13.0,1123.0
121.0,,-201.0,188.0,36.0,246.0,318.0,731.0,-43.0,1139.0
164.0,,-195.0,164.0,77.0,302.0,291.0,1032.0,-58.0,1165.0
200.0,,-218.0,153.0,115.0,309.0,290.0,861.0,-58.0,1201.0
200.0,,-201.0,146.0,132.0,299.0,296.0,825.0,-37.0,1242.0
175.0,,-251.0,114.0,124.0,269.0,294.0,953.0,3.0,1270.0
162.0,,-285.0,96.0,98.0,300.0,292.0,711.0,54.0,1286.0
148.0,,-289.0,86.0,54.0,296.0,308.0,1040.0,82.0,1295.0
111.0,,-338.0,87.0,-16.0,223.0,338.0,739.0,100.0,1276.0
27.0,,-371.0,110.0,-105.0,313.0,359.0,861.0,113.0,1195.0
-41.0,,-360.0,132.0,-184.0,391.0,398.0,766.0,124.0,1084.0
-102.0,,-361.0,185.0,-227.0,347.0,428.0,642.0,148.0,984.0
-194.0,,-357.0,244.0,-227.0,291.0,440.0,857.0,162.0,883.0
-294.0,,-337.0,263.0,-200.0,291.0,458.0,532.0,181.0,783.0
-371.0,,-305.0,263.0,-166.0,369.0,453.0,776.0,204.0,703.0
-420.0,,-265.0,217.0,-119.0,367.0,442.0,487.0,219.0,657.0
-499.0,,-232.0,140.0,-47.0,315.0,444.0,543.0,227.0,653.0
-577.0,,-178.0,67.0,38.0,310.0,464.0,609.0,225.0,662.0
-613.0,,-131.0,-10.0,111.0,396.0,478.0,382.0,212.0,701.0
-608.0,,-55.0,-88.0,138.0,426.0,461.0,696.0,173.0,764.0
-609.0,,19.0,-178.0,124.0,383.0,458.0,352.0,114.0,836.0
-619.0,,95.0,-270.0,100.0,415.0,489.0,552.0,58.0,917.0
-597.0,,166.0,-356.0,90.0,447.0,528.0,454.0,18.0,1010.0
-573.0,,210.0,-434.0,107.0,506.0,559.0,375.0,-15.0,1101.0
-559.0,,286.0,-469.0,136.0,514.0,561.0,604.0,-36.0,1164.0
-564.0,,308.0,-475.0,153.0,507.0,557.0,303.0,-38.0,1228.0
-559.0,,345.0,-494.0,145.0,559.0,576.0,554.0,-24.0,1234.0
-528.0,,346.0,-522.0,119.0,540.0,615.0,240.0,0.0,1192.0
-498.0,,320.0,-523.0,98.0,522.0,652.0,317.0,34.0,1136.0
-500.0,,316.0,-483.0,98.0,571.0,668.0,408.0,90.0,1027.0
-496.0,,255.0,-432.0,109.0,635.0,705.0,280.0,168.0,905.0
-459.0,,236.0,-365.0,114.0,648.0,715.0,668.0,265.0,785.0
-424.0,,171.0,-265.0,116.0,621.0,710.0,388.0,362.0,672.0
-393.0,,129.0,-149.0,112.0,634.0,738.0,598.0,444.0,566.0
-367.0,,75.0,-59.0,93.0,667.0,735.0,400.0,528.0,504.0
-305.0,,-6.0,-2.0,54.0,670.0,738.0,275.0,585.0,486.0
-220.0,,-45.0,57.0,0.0,653.0,756.0,428.0,605.0,512.0
-176.0,,-120.0,117.0,-42.0,635.0,751.0,112.0,594.0,574.0
-158.0,,-172.0,166.0,-48.0,687.0,730.0,421.0,574.0,647.0
-109.0,,-267.0,185.0,-18.0,694.0,697.0,166.0,538.0,733.0
-45.0,,-299.0,190.0,20.0,623.0,683.0,319.0,481.0,806.0
-7.0,,-323.0,166.0,41.0,629.0,690.0,378.0,435.0,856.0
26.0,,-394.0,94.0,36.0,651.0,710.0,216.0,396.0,869.0
112.0,,-391.0,24.0,16.0,663.0,725.0,513.0,354.0,864.0
214.0,,-421.0,-42.0,5.0,638.0,703.0,238.0,301.0,796.0
256.0,,-419.0,-101.0,16.0,642.0,682.0,591.0,233.0,685.0
300.0,,-395.0,-145.0,53.0,708.0,691.0,539.0,148.0,550.0
375.0,,-432.0,-169.0,115.0,691.0,731.0,591.0,63.0,398.0
435.0,,-400.0,-155.0,191.0,667.0,758.0,698.0,-23.0,276.0
454.0,,-384.0,-132.0,259.0,661.0,730.0,375.0,-124.0,151.0
463.0,,-391.0,-88.0,305.0,642.0,707.0,665.0,-190.0,78.0
509.0,,-357.0,-13.0,327.0,639.0,708.0,341.0,-248.0,32.0
540.0,,-375.0,75.0,329.0,607.0,693.0,504.0,-295.0,12.0
526.0,,-361.0,170.0,310.0,550.0,677.0,430.0,-308.0,47.0
491.0,,-373.0,222.0,273.0,509.0,685.0,247.0,-319.0,101.0
509.0,,-401.0,217.0,235.0,509.0,696.0,471.0,-313.0,174.0
534.0,,-394.0,193.0,207.0,515.0,699.0,133.0,-313.0,264.0
511.0,,-402.0,164.0,177.0,490.0,683.0,458.0,-319.0,341.0
510.0,,-408.0,133.0,132.0,490.0,667.0,253.0,-322.0,392.0
505.0,,-436.0,119.0,68.0,519.0,689.0,271.0,-337.0,431.0
490.0,,-426.0,113.0,-2.0,520.0,701.0,371.0,-350.0,417.0
451.0,,-416.0,86.0,-61.0,507.0,702.0,155.0,-353.0,422.0
392.0,,-428.0,51.0,-106.0,505.0,708.0,530.0,-339.0,424.0
362.0,,-430.0,-4.0,-143.0,480.0,708.0,262.0,-311.0,381.0
336.0,,-450.0,-56.0,-175.0,433.0,712.0,461.0,-256.0,386.0
309.0,,-442.0,-81.0,-207.0,384.0,726.0,327.0,-181.0,408.0
281.0,,-447.0,-126.0,-225.0,378.0,727.0,186.0,-93.0,427.0
273.0,,-463.0,-142.0,-212.0,386.0,712.0,339.0,11.0,464.0
275.0,,-467.0,-76.0,-179.0,392.0,729.0,-51.0,119.0,508.0
260.0,,-469.0,12.0,-140.0,394.0,758.0,188.0,187.0,537.0
226.0,,-468.0,79.0,-93.0,374.0,776.0,-112.0,229.0,545.0
186.0,,-495.0,177.0,-35.0,417.0,799.0,-60.0,272.0,524.0
152.0,,-465.0,291.0,23.0,477.0,816.0,22.0,291.0,465.0
105.0,,-451.0,339.0,74.0,500.0,835.0,-142.0,281.0,411.0
60.0,,-450.0,324.0,114.0,469.0,860.0,192.0,258.0,355.0
19.0,,-442.0,260.0,135.0,451.0,886.0,-84.0,244.0,284.0
-3.0,,-463.0,182.0,137.0,488.0,930.0,151.0,227.0,232.0
-23.0,,-418.0,75.0,124.0,450.0,932.0,25.0,206.0,181.0
-52.0,,-415.0,-69.0,93.0,379.0,930.0,-3.0,193.0,121.0
-83.0,,-407.0,-197.0,54.0,379.0,958.0,133.0,167.0,95.0
-126.0,,-375.0,-268.0,22.0,429.0,941.0,-221.0,136.0,106.0
-161.0,,-376.0,-307.0,32.0,438.0,922.0,77.0,105.0,126.0
-208.0,,-370.0,-346.0,93.0,380.0,903.0,-206.0,73.0,178.0
-276.0,,-366.0,-343.0,179.0,383.0,872.0,-116.0,50.0,246.0
-332.0,,-376.0,-304.0,260.0,461.0,857.0,-103.0,50.0,307.0
-366.0,,-389.0,-260.0,308.0,515.0,824.0,-249.0,55.0,394.0
-424.0,,-379.0,-232.0,308.0,494.0,802.0,64.0,67.0,476.0
-496.0,,-431.0,-200.0,266.0,459.0,790.0,-194.0,94.0,544.0
-536.0,,-461.0,-152.0,199.0,505.0,763.0,136.0,125.0,606.0
-563.0,,-460.0,-114.0,133.0,514.0,743.0,12.0,163.0,655.0
-603.0,,-524.0,-52.0,89.0,469.0,718.0,22.0,197.0,679.0
-654.0,,-549.0,52.0,68.0,475.0,701.0,123.0,238.0,690.0
-675.0,,-535.0,158.0,59.0,498.0,688.0,-236.0,279.0,694.0
-681.0,,-555.0,233.0,65.0,512.0,645.0,16.0,299.0,658.0
-695.0,,-523.0,290.0,84.0,484.0,631.0,-343.0,302.0,619.0
-715.0,,-482.0,342.0,92.0,462.0,651.0,-229.0,299.0,560.0
-717.0,,-465.0,399.0,94.0,494.0,635.0,-232.0,289.0,479.0
-701.0,,-399.0,436.0,113.0,544.0,621.0,-284.0,264.0,410.0
-705.0,,-351.0,458.0,144.0,555.0,627.0,55.0,238.0,315.0
-714.0,,-309.0,484.0,172.0,516.0,628.0,-194.0,241.0,234.0
-728.0,,-237.0,485.0,180.0,508.0,637.0,92.0,262.0,173.0
-750.0,,-182.0,457.0,162.0,505.0,645.0,-181.0,278.0,114.0
-800.0,,-150.0,373.0,110.0,493.0,643.0,-134.0,285.0,78.0
-848.0,,-93.0,292.0,26.0,499.0,646.0,14.0,285.0,40.0
-859.0,,-50.0,244.0,-54.0,490.0,651.0,-243.0,275.0,-16.0
-869.0,,11.0,186.0,-94.0,497.0,637.0,51.0,242.0,-79.0
-885.0,,65.0,133.0,-85.0,532.0,605.0,-284.0,191.0,-157.0
-900.0,,90.0,102.0,-58.0,515.0,579.0,-138.0,132.0,-239.0
-887.0,,116.0,72.0,-40.0,500.0,551.0,-212.0,94.0,-309.0
-891.0,,101.0,25.0,-26.0,588.0,519.0,-301.0,59.0,-380.0
-898.0,,137.0,-2.0,0.0,644.0,481.0,-118.0,5.0,-413.0
-867.0,,113.0,-15.0,40.0,619.0,498.0,-417.0,-24.0,-414.0
-830.0,,89.0,-19.0,90.0,579.0,545.0,-83.0,-42.0,-405.0
-778.0,,127.0,24.0,138.0,550.0,540.0,-262.0,-67.0,-344.0
-728.0,,89.0,92.0,160.0,578.0,540.0,-40.0,-75.0,-271.0
-658.0,,63.0,132.0,147.0,581.0,575.0,96.0,-80.0,-187.0
-582.0,,65.0,162.0,119.0,561.0,648.0,-162.0,-92.0,-90.0
-516.0,,27.0,190.0,98.0,596.0,709.0,88.0,-94.0,-20.0
-435.0,,21.0,176.0,79.0,588.0,707.0,-269.0,-122.0,29.0
-367.0,,18.0,150.0,62.0,542.0,721.0,-53.0,-157.0,46.0
-314.0,,-18.0,129.0,38.0,502.0,744.0,-138.0,-182.0,25.0
-253.0,,20.0,94.0,-8.0,499.0,729.0,-195.0,-221.0,-41.0
-173.0,,22.0,26.0,-65.0,551.0,730.0,-49.0,-238.0,-151.0
-100.0,,43.0,-47.0,-129.0,519.0,740.0,-376.0,-229.0,-285.0
-51.0,,78.0,-82.0,-195.0,498.0,733.0,-86.0,-207.0,-426.0
-10.0,,122.0,-107.0,-238.0,518.0,726.0,-349.0,-169.0,-547.0
10.0,,201.0,-139.0,-246.0,478.0,718.0,-186.0,-117.0,-654.0
13.0,,214.0,-153.0,-229.0,477.0,733.0,-153.0,-49.0,-737.0
8.0,,303.0,-110.0,-203.0,468.0,746.0,-343.0,20.0,-789.0
-3.0,,322.0,-51.0,-173.0,450.0,752.0,-40.0,81.0,-822.0
14.0,,336.0,3.0,-141.0,437.0,775.0,-330.0,141.0,-823.0
16.0,,393.0,72.0,-101.0,396.0,785.0,-64.0,199.0,-809.0
-24.0,,397.0,128.0,-53.0,340.0,780.0,-249.0,255.0,-798.0
-56.0,,428.0,158.0,-4.0,319.0,790.0,-332.0,323.0,-756.0
-93.0,,431.0,190.0,45.0,378.0,808.0,-260.0,397.0,-716.0
-146.0,,443.0,256.0,109.0,353.0,832.0,-598.0,458.0,-687.0
-194.0,,411.0,299.0,176.0,294.0,846.0,-343.0,509.0,-634.0
-233.0,,400.0,326.0,211.0,293.0,828.0,-635.0,524.0,-578.0
-267.0,,375.0,335.0,206.0,299.0,855.0,-436.0,501.0,-533.0
-289.0,,299.0,282.0,171.0,283.0,880.0,-404.0,450.0,-482.0
-288.0,,281.0,238.0,128.0,238.0,830.0,-491.0,368.0,-443.0
-288.0,,238.0,194.0,86.0,253.0,777.0,-216.0,282.0,-431.0
-304.0,,204.0,131.0,42.0,254.0,747.0,-495.0,179.0,-422.0
-309.0,,175.0,70.0,-3.0,191.0,737.0,-181.0,81.0,-426.0
-299.0,,129.0,8.0,-47.0,107.0,727.0,-388.0,3.0,-444.0
-302.0,,136.0,-86.0,-74.0,6.0,715.0,-371.0,-64.0,-442.0
-318.0,,130.0,-240.0,-78.0,10.0,705.0,-282.0,-112.0,-436.0
-300.0,,106.0,-382.0,-69.0,69.0,674.0,-509.0,-145.0,-418.0
-261.0,,133.0,-511.0,-57.0,27.0,664.0,-188.0,-141.0,-366.0
-244.0,,133.0,-638.0,-53.0,14.0,659.0,-530.0,-115.0,-315.0
-209.0,,145.0,-731.0,-49.0,41.0,664.0,-315.0,-71.0,-246.0
-158.0,,161.0,-781.0,-44.0,25.0,717.0,-376.0,-14.0,-161.0
-122.0,,160.0,-782.0,-53.0,24.0,730.0,-497.0,31.0,-118.0
-104.0,,169.0,-764.0,-73.0,-31.0,731.0,-258.0,80.0,-95.0
-65.0,,153.0,-722.0,-85.0,-89.0,758.0,-522.0,114.0,-105.0
-10.0,,149.0,-643.0,-73.0,-82.0,787.0,-86.0,142.0,-144.0
12.0,,129.0,-533.0,-40.0,-100.0,794.0,-197.0,172.0,-179.0
26.0,,108.0,-386.0,6.0,-116.0,758.0,-57.0,194.0,-221.0
63.0,,86.0,-217.0,47.0,-99.0,715.0,36.0,211.0,-256.0
127.0,,41.0,-69.0,68.0,-99.0,696.0,-227.0,219.0,-285.0
158.0,,-14.0,62.0,68.0,-121.0,687.0,18.0,213.0,-314.0
137.0,,-44.0,204.0,51.0,-129.0,646.0,-336.0,167.0,-320.0
115.0,,-66.0,331.0,38.0,-123.0,643.0,-81.0,109.0,-325.0
131.0,,-118.0,448.0,44.0,-151.0,646.0,-208.0,55.0,-349.0
136.0,,-121.0,525.0,61.0,-205.0,635.0,-288.0,-6.0,-390.0
97.0,,-128.0,543.0,75.0,-234.0,589.0,-114.0,-63.0,-439.0
70.0,,-135.0,508.0,65.0,-241.0,542.0,-461.0,-122.0,-512.0
73.0,,-92.0,432.0,35.0,-269.0,566.0,-99.0,-166.0,-628.0
72.0,,-106.0,372.0,12.0,-381.0,548.0,-315.0,-214.0,-751.0
28.0,,-65.0,305.0,0.0,-459.0,504.0,-147.0,-265.0,-873.0
-27.0,,-6.0,262.0,-7.0,-437.0,453.0,-5.0,-306.0,-979.0
-59.0,,-3.0,271.0,-22.0,-458.0,438.0,-97.0,-367.0,-1070.0
-89.0,,81.0,281.0,-36.0,-503.0,447.0,223.0,-418.0,-1133.0
-139.0,,102.0,300.0,-33.0,-510.0,453.0,-144.0,-462.0,-1165.0
-201.0,,170.0,327.0,-20.0,-517.0,461.0,57.0,-506.0,-1200.0
-230.0,,244.0,401.0,-21.0,-529.0,442.0,-90.0,-530.0,-1204.0
-232.0,,246.0,517.0,-57.0,-572.0,420.0,-68.0,-537.0,-1187.0
-276.0,,311.0,626.0,-119.0,-615.0,389.0,175.0,-542.0,-1164.0
-315.0,,314.0,741.0,-172.0,-630.0,400.0,-36.0,-553.0,-1134.0
-288.0,,350.0,821.0,-188.0,-659.0,388.0,332.0,-536.0,-1085.0
-266.0,,373.0,844.0,-156.0,-678.0,364.0,88.0,-506.0,-1032.0
-288.0,,391.0,816.0,-85.0,-708.0,359.0,264.0,-458.0,-1014.0
-322.0,,427.0,751.0,20.0,-726.0,321.0,284.0,-414.0,-1007.0
-322.0,,439.0,686.0,139.0,-713.0,289.0,136.0,-380.0,-1027.0
-319.0,,443.0,616.0,237.0,-761.0,266.0,424.0,-329.0,-1082.0
-381.0,,406.0,541.0,300.0,-776.0,258.0,84.0,-292.0,-1175.0
-461.0,,433.0,463.0,335.0,-742.0,229.0,378.0,-246.0,-1286.0
-489.0,,372.0,380.0,339.0,-742.0,200.0,254.0,-203.0,-1380.0
-491.0,,330.0,324.0,310.0,-724.0,196.0,240.0,-180.0,-1458.0
-537.0,,328.0,288.0,258.0,-739.0,186.0,349.0,-164.0,-1519.0
-563.0,,226.0,287.0,200.0,-796.0,179.0,73.0,-146.0,-1548.0
-532.0,,237.0,304.0,153.0,-822.0,157.0,461.0,-127.0,-1505.0
-505.0,,171.0,301.0,116.0,-841.0,129.0,245.0,-119.0,-1431.0
-482.0,,96.0,301.0,87.0,-872.0,99.0,378.0,-96.0,-1320.0
-460.0,,96.0,292.0,53.0,-897.0,81.0,290.0,-83.0,-1194.0
-435.0,,0.0,267.0,-2.0,-891.0,62.0,138.0,-80.0,-1057.0
-411.0,,-5.0,242.0,-70.0,-915.0,26.0,439.0,-74.0,-893.0
-387.0,,-51.0,221.0,-135.0,-959.0,24.0,205.0,-78.0,-750.0
-358.0,,-93.0,205.0,-170.0,-922.0,-3.0,565.0,-72.0,-620.0
-336.0,,-93.0,180.0,-155.0,-856.0,-57.0,448.0,-55.0,-506.0
-315.0,,-143.0,148.0,-103.0,-853.0,-101.0,500.0,-36.0,-430.0
-306.0,,-122.0,114.0,-46.0,-877.0,-168.0,548.0,-1.0,-394.0
-309.0,,-133.0,35.0,-6.0,-875.0,-205.0,234.0,37.0,-399.0
-308.0,,-137.0,-79.0,11.0,-862.0,-210.0,497.0,79.0,-453.0
-298.0,,-128.0,-193.0,26.0,-869.0,-222.0,175.0,137.0,-529.0
-295.0,,-139.0,-302.0,48.0,-901.0,-239.0,389.0,196.0,-617.0
-315.0,,-144.0,-413.0,70.0,-878.0,-263.0,347.0,222.0,-711.0
-317.0,,-123.0,-531.0,84.0,-833.0,-293.0,279.0,247.0,-805.0
-293.0,,-100.0,-634.0,74.0,-836.0,-302.0,519.0,277.0,-897.0
-274.0,,-114.0,-719.0,36.0,-845.0,-291.0,147.0,294.0,-947.0
-286.0,,-72.0,-795.0,-26.0,-837.0,-313.0,378.0,308.0,-975.0
-282.0,,-78.0,-823.0,-91.0,-823.0,-340.0,142.0,296.0,-965.0
-235.0,,-62.0,-826.0,-128.0,-813.0,-350.0,277.0,268.0,-920.0
-187.0,,-40.0,-819.0,-130.0,-768.0,-331.0,439.0,233.0,-855.0
-148.0,,-59.0,-762.0,-98.0,-736.0,-300.0,321.0,182.0,-763.0
-116.0,,37.0,-696.0,-52.0,-751.0,-294.0,644.0,127.0,-681.0
-67.0,,17.0,-627.0,0.0,-782.0,-286.0,279.0,72.0,-591.0
-37.0,,24.0,-519.0,47.0,-760.0,-280.0,441.0,20.0,-491.0
-26.0,,108.0,-394.0,79.0,-749.0,-279.0,253.0,-23.0,-407.0
-5.0,,55.0,-286.0,96.0,-767.0,-266.0,208.0,-57.0,-316.0
33.0,,88.0,-187.0,94.0,-730.0,-250.0,412.0,-96.0,-235.0
81.0,,80.0,-96.0,74.0,-705.0,-199.0,96.0,-137.0,-167.0
89.0,,50.0,-26.0,35.0,-655.0,-152.0,412.0,-175.0,-91.0
76.0,,87.0,61.0,-27.0,-585.0,-135.0,162.0,-216.0,-53.0
59.0,,46.0,155.0,-112.0,-561.0,-113.0,325.0,-245.0,-36.0
43.0,,36.0,214.0,-179.0,-553.0,-109.0,356.0,-255.0,-28.0
-1.0,,40.0,268.0,-202.0,-532.0,-79.0,179.0,-246.0,-65.0
-75.0,,31.0,308.0,-198.0,-486.0,-63.0,513.0,-222.0,-108.0
-112.0,,13.0,326.0,-189.0,-438.0,-74.0,297.0,-188.0,-166.0
-140.0,,29.0,321.0,-187.0,-452.0,-59.0,617.0,-125.0,-228.0
-186.0,,18.0,318.0,-191.0,-485.0,-69.0,430.0,-58.0,-258.0
-242.0,,32.0,316.0,-204.0,-422.0,-63.0,389.0,0.0,-278.0
-283.0,,72.0,322.0,-235.0,-373.0,-53.0,508.0,80.0,-289.0
-300.0,,22.0,363.0,-257.0,-379.0,-57.0,240.0,168.0,-275.0
-332.0,,92.0,386.0,-247.0,-362.0,-57.0,576.0,246.0,-246.0
-374.0,,84.0,379.0,-207.0,-331.0,-68.0,310.0,302.0,-250.0
-399.0,,71.0,373.0,-153.0,-282.0,-74.0,454.0,335.0,-284.0
-401.0,,116.0,356.0,-97.0,-237.0,-95.0,319.0,354.0,-344.0
-385.0,,63.0,321.0,-52.0,-262.0,-84.0,134.0,365.0,-441.0
-369.0,,114.0,283.0,-30.0,-242.0,-65.0,424.0,364.0,-577.0
-337.0,,83.0,257.0,-27.0,-188.0,-95.0,190.0,346.0,-755.0
-283.0,,43.0,239.0,-41.0,-188.0,-124.0,569.0,332.0,-954.0
-245.0,,53.0,210.0,-48.0,-154.0,-127.0,426.0,309.0,-1143.0
-237.0,,-16.0,173.0,-33.0,-143.0,-140.0,519.0,290.0,-1294.0
-206.0,,-39.0,147.0,4.0,-106.0,-179.0,611.0,261.0,-1421.0
-142.0,,-81.0,144.0,62.0,-42.0,-201.0,388.0,229.0,-1492.0
-97.0,,-139.0,179.0,131.0,-85.0,-209.0,753.0,204.0,-1514.0
-91.0,,-137.0,241.0,204.0,-114.0,-222.0,450.0,140.0,-1497.0
-61.0,,-163.0,282.0,267.0,-80.0,-219.0,703.0,62.0,-1427.0
4.0,,-211.0,314.0,310.0,-110.0,-237.0,639.0,-22.0,-1320.0
59.0,,-198.0,359.0,329.0,-152.0,-263.0,515.0,-118.0,-1164.0
77.0,,-186.0,407.0,323.0,-92.0,-223.0,707.0,-203.0,-1014.0
87.0,,-212.0,448.0,304.0,-41.0,-202.0,327.0,-283.0,-856.0
102.0,,-193.0,462.0,272.0,-55.0,-243.0,600.0,-344.0,-682.0
103.0,,-174.0,452.0,224.0,-87.0,-255.0,382.0,-393.0,-531.0
102.0,,-180.0,410.0,169.0,-116.0,-246.0,522.0,-437.0,-389.0
109.0,,-116.0,323.0,123.0,-89.0,-250.0,679.0,-480.0,-257.0
114.0,,-112.0,205.0,91.0,-55.0,-266.0,532.0,-515.0,-136.0
116.0,,-87.0,63.0,72.0,-70.0,-283.0,870.0,-536.0,-14.0
112.0,,-16.0,-74.0,70.0,-82.0,-257.0,617.0,-546.0,115.0
104.0,,-36.0,-209.0,83.0,-60.0,-224.0,914.0,-549.0,207.0
106.0,,42.0,-306.0,98.0,-37.0,-225.0,814.0,-524.0,286.0
114.0,,73.0,-348.0,124.0,-62.0,-199.0,809.0,-473.0,352.0
138.0,,105.0,-374.0,168.0,-77.0,-174.0,1062.0,-419.0,393.0
180.0,,188.0,-364.0,199.0,-73.0,-173.0,805.0,-368.0,437.0
211.0,,148.0,-325.0,194.0,-91.0,-199.0,1077.0,-314.0,470.0
238.0,,210.0,-265.0,162.0,-135.0,-246.0,726.0,-257.0,514.0
260.0,,234.0,-155.0,125.0,-197.0,-272.0,812.0,-220.0,549.0
274.0,,231.0,-31.0,89.0,-194.0,-304.0,783.0,-198.0,579.0
262.0,,282.0,80.0,49.0,-181.0,-347.0,587.0,-185.0,594.0
251.0,,253.0,194.0,-4.0,-205.0,-397.0,868.0,-171.0,611.0
259.0,,290.0,307.0,-64.0,-242.0,-439.0,572.0,-161.0,646.0
266.0,,291.0,441.0,-112.0,-265.0,-465.0,897.0,-178.0,647.0
296.0,,281.0,569.0,-139.0,-243.0,-489.0,787.0,-196.0,661.0
313.0,,307.0,667.0,-140.0,-221.0,-497.0,812.0,-229.0,662.0
312.0,,309.0,708.0,-119.0,-231.0,-497.0,955.0,-267.0,639.0
301.0,,327.0,655.0,-86.0,-321.0,-509.0,703.0,-297.0,617.0
273.0,,337.0,565.0,-56.0,-351.0,-519.0,1062.0,-327.0,549.0
245.0,,362.0,449.0,-41.0,-289.0,-506.0,785.0,-339.0,465.0
204.0,,342.0,332.0,-41.0,-298.0,-512.0,936.0,-346.0,388.0
167.0,,350.0,252.0,-52.0,-294.0,-543.0,864.0,-362.0,301.0
127.0,,322.0,203.0,-77.0,-287.0,-565.0,698.0,-368.0,223.0
86.0,,274.0,173.0,-102.0,-269.0,-569.0,975.0,-374.0,127.0
58.0,,276.0,137.0,-112.0,-272.0,-575.0,737.0,-370.0,27.0
29.0,,185.0,117.0,-109.0,-339.0,-601.0,1112.0,-353.0,-46.0
-8.0,,181.0,112.0,-106.0,-334.0,-620.0,982.0,-332.0,-121.0
-36.0,,142.0,110.0,-118.0,-351.0,-607.0,1047.0,-312.0,-181.0
-40.0,,65.0,124.0,-129.0,-361.0,-584.0,1128.0,-295.0,-238.0
-47.0,,79.0,152.0,-141.0,-342.0,-571.0,859.0,-287.0,-269.0
-48.0,,-51.0,166.0,-168.0,-332.0,-560.0,1156.0,-284.0,-285.0
-24.0,,-94.0,136.0,-202.0,-333.0,-562.0,827.0,-272.0,-318.0
14.0,,-147.0,88.0,-241.0,-371.0,-556.0,1055.0,-265.0,-317.0
58.0,,-282.0,25.0,-271.0,-345.0,-559.0,1080.0,-262.0,-299.0
109.0,,-315.0,-72.0,-302.0,-333.0,-573.0,1077.0,-253.0,-285.0
158.0,,-427.0,-197.0,-344.0,-321.0,-573.0,1345.0,-229.0,-268.0
204.0,,-469.0,-329.0,-389.0,-319.0,-570.0,982.0,-186.0,-247.0
255.0,,-515.0,-427.0,-431.0,-375.0,-568.0,1300.0,-138.0,-230.0
295.0,,-568.0,-463.0,-448.0,-333.0,-562.0,1208.0,-75.0,-226.0
347.0,,-566.0,-448.0,-428.0,-268.0,-537.0,1393.0,-1.0,-248.0
404.0,,-607.0,-380.0,-372.0,-244.0,-532.0,1511.0,77.0,-319.0
446.0,,-582.0,-301.0,-289.0,-258.0,-540.0,1247.0,141.0,-407.0
449.0,,-601.0,-221.0,-197.0,-278.0,-532.0,1481.0,204.0,-519.0
432.0,,-607.0,-113.0,-115.0,-221.0,-518.0,1082.0,275.0,-648.0
457.0,,-587.0,-1.0,-51.0,-187.0,-506.0,1269.0,337.0,-755.0
467.0,,-576.0,102.0,-8.0,-171.0,-464.0,1212.0,392.0,-851.0
434.0,,-566.0,173.0,19.0,-141.0,-405.0,1156.0,430.0,-920.0
398.0,,-582.0,192.0,53.0,-129.0,-383.0,1311.0,473.0,-946.0
393.0,,-520.0,197.0,94.0,-99.0,-369.0,981.0,498.0,-953.0
361.0,,-542.0,185.0,134.0,-95.0,-350.0,1352.0,485.0,-929.0
297.0,,-539.0,155.0,147.0,-120.0,-299.0,1171.0,453.0,-875.0
235.0,,-501.0,120.0,120.0,-94.0,-231.0,1326.0,397.0,-827.0
182.0,,-544.0,109.0,70.0,-16.0,-176.0,1380.0,336.0,-768.0
150.0,,-493.0,147.0,10.0,17.0,-142.0,1158.0,283.0,-682.0
112.0,,-528.0,176.0,-46.0,32.0,-108.0,1520.0,238.0,-592.0
82.0,,-554.0,162.0,-89.0,54.0,-71.0,1302.0,186.0,-488.0
62.0,,-505.0,128.0,-113.0,87.0,-45.0,1540.0,150.0,-370.0
53.0,,-554.0,103.0,-116.0,135.0,-17.0,1356.0,124.0,-258.0
36.0,,-561.0,70.0,-110.0,128.0,-20.0,1269.0,92.0,-160.0
9.0,,-581.0,33.0,-96.0,86.0,-37.0,1352.0,83.0,-63.0
-8.0,,-598.0,20.0,-72.0,38.0,-20.0,1062.0,93.0,26.0
-44.0,,-589.0,18.0,-35.0,50.0,14.0,1428.0,97.0,103.0
-87.0,,-627.0,16.0,20.0,88.0,31.0,1188.0,87.0,173.0
-136.0,,-618.0,-4.0,82.0,118.0,70.0,1359.0,62.0,197.0
-185.0,,-624.0,-20.0,126.0,128.0,105.0,1324.0,15.0,198.0
-212.0,,-624.0,-41.0,140.0,81.0,116.0,1132.0,-45.0,168.0
-215.0,,-590.0,-81.0,125.0,83.0,127.0,1448.0,-104.0,106.0
-232.0,,-565.0,-113.0,79.0,79.0,131.0,1116.0,-170.0,7.0
-254.0,,-537.0,-149.0,14.0,52.0,158.0,1387.0,-227.0,-118.0
-232.0,,-473.0,-178.0,-32.0,25.0,185.0,1252.0,-267.0,-207.0
-200.0,,-406.0,-187.0,-36.0,-15.0,183.0,1232.0,-290.0,-282.0
-198.0,,-414.0,-188.0,-3.0,14.0,166.0,1322.0,-297.0,-340.0
-208.0,,-324.0,-169.0,43.0,37.0,156.0,1018.0,-285.0,-369.0
-201.0,,-289.0,-146.0,81.0,6.0,154.0,1341.0,-266.0,-381.0
-190.0,,-290.0,-145.0,90.0,-6.0,194.0,1049.0,-250.0,-394.0
-187.0,,-174.0,-156.0,63.0,-6.0,256.0,1206.0,-218.0,-411.0
-176.0,,-184.0,-179.0,14.0,13.0,290.0,1176.0,-174.0,-422.0
-158.0,,-114.0,-214.0,-42.0,-3.0,308.0,1008.0,-134.0,-420.0
-139.0,,-67.0,-239.0,-102.0,-47.0,325.0,1189.0,-99.0,-407.0
-133.0,,-74.0,-250.0,-149.0,-22.0,370.0,801.0,-64.0,-389.0
-138.0,,9.0,-254.0,-160.0,-4.0,384.0,1049.0,-27.0,-348.0
-142.0,,-13.0,-242.0,-130.0,-4.0,392.0,838.0,0.0,-293.0
-124.0,,15.0,-203.0,-79.0,-18.0,412.0,892.0,20.0,-231.0
-101.0,,27.0,-135.0,-26.0,-21.0,397.0,973.0,64.0,-149.0
-92.0,,17.0,-60.0,23.0,11.0,378.0,726.0,118.0,-47.0
-74.0,,33.0,-27.0,70.0,13.0,331.0,1045.0,160.0,43.0
-62.0,,15.0,-20.0,118.0,50.0,291.0,700.0,209.0,136.0
-69.0,,23.0,-17.0,157.0,79.0,274.0,886.0,251.0,237.0
-91.0,,43.0,-61.0,187.0,73.0,257.0,800.0,275.0,299.0
-134.0,,100.0,-138.0,207.0,98.0,256.0,720.0,262.0,340.0
-193.0,,98.0,-211.0,200.0,93.0,261.0,966.0,223.0,349.0
-245.0,,148.0,-251.0,167.0,90.0,272.0,583.0,186.0,320.0
-281.0,,174.0,-252.0,116.0,146.0,301.0,772.0,136.0,262.0
-311.0,,195.0,-266.0,67.0,178.0,334.0,509.0,85.0,171.0
-335.0,,243.0,-292.0,33.0,166.0,342.0,613.0,28.0,107.0
-332.0,,193.0,-311.0,17.0,161.0,352.0,668.0,-20.0,21.0
-308.0,,274.0,-341.0,18.0,158.0,392.0,447.0,-64.0,-92.0
-292.0,,269.0,-398.0,37.0,197.0,421.0,718.0,-109.0,-190.0
-257.0,,250.0,-422.0,83.0,245.0,457.0,341.0,-142.0,-293.0
-214.0,,291.0,-412.0,147.0,264.0,514.0,563.0,-161.0,-408.0
-173.0,,233.0,-399.0,224.0,262.0,539.0,437.0,-141.0,-532.0
-120.0,,246.0,-377.0,297.0,235.0,550.0,358.0,-100.0,-619.0
-52.0,,195.0,-369.0,325.0,250.0,573.0,569.0,-47.0,-703.0
15.0,,129.0,-353.0,308.0,283.0,571.0,304.0,3.0,-774.0
77.0,,99.0,-332.0,258.0,313.0,546.0,641.0,52.0,-764.0
155.0,,39.0,-304.0,185.0,341.0,551.0,356.0,104.0,-702.0
219.0,,-3.0,-287.0,103.0,323.0,563.0,408.0,135.0,-602.0
281.0,,-45.0,-287.0,15.0,305.0,545.0,341.0,161.0,-447.0
337.0,,-83.0,-302.0,-76.0,317.0,538.0,99.0,173.0,-271.0
373.0,,-113.0,-346.0,-161.0,350.0,540.0,400.0,163.0,-90.0
394.0,,-147.0,-364.0,-213.0,367.0,526.0,164.0,144.0,88.0
392.0,,-216.0,-339.0,-229.0,394.0,514.0,526.0,120.0,238.0
391.0,,-231.0,-261.0,-216.0,440.0,539.0,393.0,101.0,358.0
377.0,,-267.0,-147.0,-159.0,427.0,553.0,362.0,77.0,430.0
331.0,,-349.0,-50.0,-66.0,398.0,506.0,485.0,57.0,453.0
250.0,,-364.0,27.0,20.0,406.0,488.0,151.0,38.0,429.0
176.0,,-424.0,58.0,73.0,436.0,504.0,404.0,27.0,374.0
89.0,,-442.0,62.0,78.0,434.0,506.0,90.0,25.0,291.0
-28.0,,-400.0,91.0,35.0,375.0,505.0,264.0,10.0,201.0
-117.0,,-464.0,118.0,-31.0,331.0,488.0,206.0,16.0,151.0
-182.0,,-433.0,143.0,-88.0,361.0,476.0,81.0,27.0,99.0
-232.0,,-410.0,160.0,-113.0,394.0,481.0,371.0,41.0,70.0
-280.0,,-465.0,139.0,-111.0,369.0,489.0,33.0,54.0,96.0
-315.0,,-399.0,148.0,-102.0,351.0,462.0,376.0,43.0,128.0
-333.0,,-425.0,200.0,-110.0,327.0,408.0,234.0,45.0,175.0
-352.0,,-427.0,243.0,-140.0,311.0,402.0,253.0,34.0,231.0
-387.0,,-365.0,277.0,-188.0,318.0,414.0,345.0,2.0,260.0
-410.0,,-414.0,304.0,-233.0,315.0,407.0,81.0,-27.0,263.0
-389.0,,-359.0,330.0,-242.0,302.0,398.0,358.0,-59.0,265.0
-370.0,,-334.0,328.0,-211.0,292.0,383.0,38.0,-83.0,254.0
-343.0,,-348.0,299.0,-152.0,275.0,361.0,232.0,-103.0,203.0
-305.0,,-289.0,277.0,-91.0,227.0,353.0,120.0,-104.0,136.0
-268.0,,-288.0,279.0,-58.0,235.0,341.0,18.0,-89.0,91.0
-263.0,,-227.0,291.0,-64.0,252.0,346.0,264.0,-52.0,41.0
-258.0,,-180.0,286.0,-94.0,194.0,365.0,-44.0,9.0,-23.0
-238.0,,-178.0,293.0,-123.0,143.0,356.0,262.0,73.0,-105.0
-246.0,,-114.0,309.0,-130.0,110.0,386.0,-36.0,161.0,-192.0
-246.0,,-101.0,325.0,-110.0,83.0,438.0,9.0,263.0,-233.0
-241.0,,-123.0,347.0,-62.0,72.0,475.0,114.0,340.0,-257.0
-240.0,,-107.0,348.0,-18.0,14.0,507.0,-88.0,388.0,-263.0
-243.0,,-104.0,286.0,-9.0,-47.0,509.0,212.0,427.0,-235.0
-227.0,,-149.0,175.0,-30.0,-38.0,487.0,-97.0,445.0,-165.0
-228.0,,-120.0,62.0,-73.0,-35.0,476.0,157.0,429.0,-44.0
-272.0,,-154.0,-51.0,-119.0,-68.0,476.0,66.0,410.0,82.0
-270.0,,-205.0,-134.0,-160.0,-106.0,473.0,84.0,380.0,206.0
-273.0,,-140.0,-203.0,-182.0,-163.0,492.0,304.0,351.0,360.0
-313.0,,-198.0,-279.0,-178.0,-200.0,490.0,-25.0,308.0,528.0
-340.0,,-184.0,-314.0,-171.0,-235.0,465.0,273.0,241.0,671.0
-351.0,,-153.0,-317.0,-173.0,-250.0,445.0,-40.0,180.0,810.0
-352.0,,-194.0,-297.0,-193.0,-243.0,449.0,29.0,123.0,944.0
-351.0,,-130.0,-238.0,-222.0,-290.0,486.0,25.0,63.0,1029.0
-354.0,,-174.0,-136.0,-238.0,-331.0,514.0,-166.0,6.0,1082.0
-341.0,,-192.0,-34.0,-226.0,-306.0,555.0,114.0,-41.0,1087.0
-305.0,,-182.0,18.0,-186.0,-276.0,568.0,-142.0,-89.0,1052.0
-275.0,,-216.0,23.0,-134.0,-288.0,570.0,205.0,-128.0,1007.0
-264.0,,-206.0,0.0,-87.0,-299.0,582.0,86.0,-169.0,944.0
-247.0,,-239.0,-17.0,-56.0,-325.0,596.0,83.0,-211.0,840.0
-213.0,,-207.0,-31.0,-44.0,-349.0,628.0,199.0,-240.0,731.0
-196.0,,-203.0,-56.0,-26.0,-396.0,616.0,-57.0,-272.0,633.0
-191.0,,-207.0,-76.0,8.0,-468.0,580.0,295.0,-297.0,495.0
-179.0,,-171.0,-92.0,59.0,-433.0,558.0,55.0,-303.0,379.0
-146.0,,-156.0,-122.0,122.0,-396.0,559.0,262.0,-322.0,265.0
-105.0,,-124.0,-140.0,169.0,-419.0,547.0,205.0,-343.0,155.0
-85.0,,-116.0,-127.0,188.0,-450.0,535.0,18.0,-369.0,79.0
-69.0,,-72.0,-110.0,186.0,-516.0,547.0,205.0,-412.0,4.0
-39.0,,-56.0,-89.0,163.0,-479.0,553.0,-123.0,-457.0,-31.0
11.0,,-10.0,-54.0,130.0,-399.0,543.0,205.0,-516.0,-28.0
40.0,,11.0,-21.0,102.0,-419.0,511.0,5.0,-563.0,7.0
46.0,,-2.0,-12.0,64.0,-431.0,497.0,64.0,-603.0,40.0
47.0,,72.0,-21.0,9.0,-450.0,506.0,179.0,-629.0,96.0
39.0,,34.0,-27.0,-53.0,-441.0,539.0,-42.0,-640.0,163.0
39.0,,47.0,-44.0,-101.0,-465.0,584.0,273.0,-658.0,208.0
13.0,,65.0,-66.0,-141.0,-584.0,623.0,-94.0,-662.0,265.0
-26.0,,-14.0,-74.0,-181.0,-600.0,669.0,96.0,-654.0,281.0
-69.0,,11.0,-93.0,-212.0,-570.0,700.0,9.0,-611.0,278.0
-110.0,,-60.0,-115.0,-227.0,-564.0,729.0,-44.0,-554.0,267.0
-154.0,,-133.0,-137.0,-215.0,-560.0,755.0,262.0,-492.0,218.0
-196.0,,-145.0,-165.0,-177.0,-575.0,745.0,-49.0,-417.0,144.0
-219.0,,-209.0,-141.0,-130.0,-557.0,727.0,192.0,-361.0,57.0
-243.0,,-236.0,-69.0,-85.0,-510.0,723.0,-103.0,-300.0,-30.0
-285.0,,-299.0,-2.0,-42.0,-459.0,715.0,-9.0,-243.0,-115.0
-312.0,,-326.0,35.0,-15.0,-465.0,715.0,64.0,-193.0,-168.0
-298.0,,-371.0,51.0,-7.0,-565.0,678.0,-105.0,-156.0,-190.0
-302.0,,-446.0,59.0,-3.0,-636.0,633.0,258.0,-127.0,-182.0
-313.0,,-473.0,42.0,2.0,-622.0,639.0,-114.0,-89.0,-123.0
-295.0,,-518.0,26.0,29.0,-615.0,627.0,86.0,-48.0,-48.0
-273.0,,-554.0,10.0,82.0,-600.0,596.0,-31.0,10.0,26.0
-277.0,,-597.0,6.0,143.0,-576.0,548.0,-60.0,63.0,120.0
-273.0,,-632.0,46.0,195.0,-565.0,517.0,229.0,133.0,188.0
-249.0,,-692.0,81.0,227.0,-557.0,523.0,-3.0,190.0,242.0
-238.0,,-716.0,121.0,229.0,-542.0,513.0,266.0,229.0,299.0
-229.0,,-718.0,172.0,186.0,-532.0,527.0,-72.0,279.0,333.0
-223.0,,-778.0,181.0,101.0,-570.0,547.0,40.0,310.0,368.0
-200.0,,-709.0,163.0,-3.0,-584.0,548.0,92.0,330.0,385.0
-182.0,,-693.0,193.0,-100.0,-631.0,562.0,-59.0,328.0,382.0
-190.0,,-689.0,258.0,-172.0,-712.0,562.0,223.0,322.0,373.0
-206.0,,-565.0,300.0,-226.0,-688.0,537.0,-105.0,304.0,375.0
-237.0,,-565.0,325.0,-260.0,-626.0,542.0,201.0,280.0,392.0
-256.0,,-439.0,352.0,-265.0,-600.0,556.0,96.0,261.0,407.0
-272.0,,-353.0,394.0,-234.0,-634.0,526.0,112.0,221.0,431.0
-310.0,,-324.0,426.0,-163.0,-653.0,482.0,297.0,175.0,457.0
-335.0,,-163.0,456.0,-70.0,-651.0,422.0,11.0,121.0,510.0
-340.0,,-140.0,473.0,37.0,-673.0,387.0,258.0,74.0,564.0
-357.0,,-58.0,464.0,145.0,-674.0,392.0,-53.0,59.0,575.0
-397.0,,-1.0,470.0,227.0,-703.0,389.0,110.0,60.0,551.0
-427.0,,22.0,481.0,277.0,-742.0,393.0,57.0,80.0,489.0
-436.0,,63.0,488.0,308.0,-733.0,399.0,-83.0,117.0,377.0
-464.0,,19.0,503.0,318.0,-735.0,383.0,179.0,163.0,240.0
-490.0,,31.0,505.0,304.0,-735.0,334.0,-157.0,218.0,82.0
-485.0,,22.0,469.0,278.0,-681.0,291.0,145.0,266.0,-89.0
-460.0,,-9.0,421.0,228.0,-682.0,274.0,-31.0,325.0,-230.0
-429.0,,-32.0,386.0,148.0,-718.0,280.0,-22.0,371.0,-361.0
-389.0,,-19.0,339.0,61.0,-693.0,286.0,66.0,390.0,-450.0
-317.0,,-70.0,300.0,-19.0,-676.0,275.0,-164.0,380.0,-479.0
-264.0,,-79.0,289.0,-78.0,-647.0,286.0,177.0,341.0,-462.0
-220.0,,-27.0,319.0,-112.0,-597.0,306.0,-153.0,297.0,-400.0
-171.0,,-98.0,354.0,-133.0,-562.0,271.0,3.0,235.0,-311.0
-154.0,,-50.0,358.0,-135.0,-561.0,209.0,-86.0,158.0,-194.0
-143.0,,-23.0,385.0,-113.0,-569.0,186.0,-243.0,83.0,-63.0
-142.0,,-58.0,442.0,-75.0,-564.0,186.0,-62.0,13.0,74.0
-146.0,,43.0,489.0,-34.0,-547.0,193.0,-408.0,-86.0,206.0
-154.0,,19.0,522.0,0.0,-532.0,180.0,-144.0,-194.0,337.0
-176.0,,59.0,519.0,33.0,-545.0,165.0,-336.0,-283.0,442.0
-179.0,,135.0,474.0,64.0,-521.0,177.0,-201.0,-380.0,497.0
-188.0,,75.0,425.0,85.0,-511.0,185.0,-129.0,-464.0,514.0
-194.0,,174.0,403.0,81.0,-527.0,194.0,-367.0,-547.0,494.0
-201.0,,190.0,394.0,48.0,-510.0,198.0,-107.0,-605.0,461.0
-220.0,,163.0,371.0,-1.0,-476.0,197.0,-478.0,-610.0,420.0
-224.0,,207.0,325.0,-42.0,-450.0,167.0,-264.0,-597.0,364.0
-239.0,,175.0,238.0,-56.0,-449.0,117.0,-371.0,-558.0,306.0
-252.0,,210.0,110.0,-38.0,-422.0,74.0,-426.0,-504.0,283.0
-272.0,,188.0,-18.0,11.0,-423.0,59.0,-225.0,-469.0,276.0
-293.0,,174.0,-87.0,57.0,-439.0,85.0,-554.0,-456.0,261.0
-305.0,,213.0,-132.0,73.0,-450.0,59.0,-315.0,-456.0,252.0
-319.0,,189.0,-210.0,62.0,-505.0,-1.0,-600.0,-477.0,256.0
-320.0,,212.0,-296.0,31.0,-486.0,-4.0,-478.0,-504.0,275.0
-318.0,,245.0,-344.0,6.0,-483.0,3.0,-461.0,-526.0,286.0
-293.0,,251.0,-342.0,8.0,-493.0,19.0,-607.0,-544.0,281.0
-275.0,,271.0,-297.0,29.0,-474.0,31.0,-271.0,-544.0,253.0
-291.0,,298.0,-204.0,47.0,-477.0,18.0,-554.0,-544.0,243.0
-315.0,,272.0,-95.0,56.0,-473.0,10.0,-267.0,-556.0,242.0
-332.0,,254.0,26.0,50.0,-509.0,-7.0,-415.0,-578.0,222.0
-329.0,,256.0,150.0,28.0,-492.0,-17.0,-437.0,-605.0,218.0
-334.0,,176.0,282.0,-11.0,-465.0,13.0,-284.0,-625.0,192.0
-351.0,,180.0,425.0,-79.0,-403.0,39.0,-552.0,-633.0,149.0
-343.0,,126.0,545.0,-163.0,-393.0,34.0,-177.0,-635.0,109.0
-321.0,,77.0,635.0,-234.0,-469.0,58.0,-375.0,-625.0,55.0
-334.0,,100.0,657.0,-284.0,-463.0,88.0,-177.0,-611.0,-7.0
-387.0,,-28.0,609.0,-304.0,-521.0,87.0,-173.0,-587.0,-65.0
-424.0,,-1.0,489.0,-281.0,-525.0,113.0,-380.0,-553.0,-87.0
-417.0,,-16.0,356.0,-224.0,-493.0,135.0,-208.0,-522.0,-78.0
-391.0,,-108.0,286.0,-152.0,-484.0,149.0,-552.0,-488.0,-31.0
-386.0,,-74.0,210.0,-75.0,-461.0,168.0,-266.0,-445.0,32.0
-348.0,,-145.0,137.0,-3.0,-473.0,179.0,-432.0,-395.0,87.0
-285.0,,-179.0,100.0,59.0,-429.0,193.0,-386.0,-329.0,155.0
-254.0,,-200.0,103.0,97.0,-412.0,179.0,-242.0,-246.0,199.0
-227.0,,-243.0,131.0,85.0,-410.0,163.0,-484.0,-173.0,224.0
-188.0,,-248.0,158.0,22.0,-443.0,155.0,-145.0,-105.0,253.0
-139.0,,-249.0,179.0,-65.0,-469.0,162.0,-428.0,-59.0,251.0
-128.0,,-254.0,188.0,-145.0,-455.0,189.0,-221.0,-39.0,223.0
-117.0,,-252.0,183.0,-194.0,-469.0,182.0,-232.0,-31.0,194.0
-82.0,,-209.0,131.0,-215.0,-458.0,183.0,-310.0,-40.0,163.0
-80.0,,-199.0,42.0,-217.0,-460.0,172.0,-120.0,-46.0,120.0
-104.0,,-106.0,-68.0,-196.0,-463.0,144.0,-533.0,-49.0,72.0
-125.0,,-73.0,-186.0,-150.0,-496.0,109.0,-304.0,-51.0,19.0
-120.0,,-23.0,-267.0,-91.0,-507.0,77.0,-613.0,-45.0,-36.0
-105.0,,133.0,-299.0,-42.0,-458.0,81.0,-589.0,-49.0,-63.0
-95.0,,120.0,-298.0,-10.0,-463.0,77.0,-511.0,-52.0,-67.0
-77.0,,229.0,-306.0,16.0,-482.0,91.0,-716.0,-61.0,-59.0
-28.0,,302.0,-284.0,34.0,-476.0,91.0,-314.0,-96.0,-41.0
39.0,,311.0,-208.0,38.0,-500.0,87.0,-554.0,-124.0,-51.0
58.0,,414.0,-121.0,32.0,-509.0,116.0,-262.0,-136.0,-56.0
49.0,,380.0,-48.0,22.0,-513.0,118.0,-334.0,-138.0,-50.0
63.0,,421.0,4.0,23.0,-567.0,137.0,-439.0,-139.0,-65.0
86.0,,454.0,54.0,33.0,-555.0,190.0,-251.0,-141.0,-70.0
90.0,,411.0,90.0,58.0,-559.0,180.0,-548.0,-137.0,-69.0
75.0,,428.0,122.0,85.0,-585.0,171.0,-247.0,-138.0,-78.0
76.0,,380.0,109.0,88.0,-575.0,205.0,-532.0,-137.0,-106.0
84.0,,366.0,51.0,72.0,-618.0,191.0,-430.0,-142.0,-156.0
53.0,,352.0,12.0,42.0,-612.0,182.0,-380.0,-170.0,-246.0
-11.0,,263.0,-20.0,16.0,-561.0,212.0,-572.0,-189.0,-348.0
-68.0,,259.0,-48.0,11.0,-548.0,241.0,-312.0,-219.0,-439.0
-110.0,,224.0,-60.0,23.0,-548.0,215.0,-654.0,-258.0,-525.0
-180.0,,147.0,-48.0,37.0,-534.0,171.0,-399.0,-279.0,-581.0
-264.0,,142.0,-32.0,39.0,-523.0,165.0,-552.0,-303.0,-614.0
-311.0,,93.0,-26.0,42.0,-503.0,164.0,-543.0,-309.0,-594.0
-357.0,,19.0,-6.0,68.0,-460.0,138.0,-380.0,-311.0,-532.0
-411.0,,43.0,18.0,111.0,-429.0,99.0,-659.0,-320.0,-438.0
-444.0,,-4.0,26.0,164.0,-431.0,99.0,-279.0,-324.0,-296.0
-470.0,,-89.0,0.0,217.0,-467.0,65.0,-497.0,-340.0,-130.0
-467.0,,-29.0,-20.0,253.0,-460.0,12.0,-266.0,-355.0,45.0
-447.0,,-90.0,-10.0,251.0,-384.0,-8.0,-251.0,-374.0,209.0
-433.0,,-112.0,22.0,203.0,-307.0,-27.0,-443.0,-403.0,356.0
-412.0,,-50.0,63.0,128.0,-300.0,-62.0,-260.0,-439.0,463.0
-350.0,,-97.0,114.0,46.0,-319.0,-104.0,-617.0,-467.0,520.0
-283.0,,-12.0,177.0,-28.0,-302.0,-92.0,-293.0,-486.0,512.0
-257.0,,-19.0,237.0,-74.0,-256.0,-88.0,-437.0,-489.0,466.0
-228.0,,-21.0,285.0,-77.0,-205.0,-123.0,-389.0,-488.0,417.0
-178.0,,87.0,335.0,-27.0,-192.0,-164.0,-277.0,-487.0,335.0
-116.0,,75.0,401.0,60.0,-180.0,-193.0,-550.0,-463.0,242.0
-89.0,,156.0,464.0,144.0,-164.0,-219.0,-242.0,-444.0,128.0
-58.0,,188.0,498.0,200.0,-173.0,-257.0,-569.0,-426.0,15.0
0.0,,201.0,514.0,226.0,-189.0,-282.0,-365.0,-393.0,-76.0
37.0,,252.0,522.0,227.0,-189.0,-296.0,-410.0,-340.0,-183.0
71.0,,204.0,496.0,216.0,-147.0,-278.0,-511.0,-274.0,-292.0
110.0,,187.0,433.0,203.0,-125.0,-246.0,-218.0,-206.0,-389.0
152.0,,174.0,358.0,198.0,-148.0,-224.0,-509.0,-132.0,-498.0
170.0,,137.0,260.0,203.0,-167.0,-210.0,-227.0,-75.0,-614.0
177.0,,89.0,142.0,198.0,-137.0,-246.0,-515.0,-19.0,-725.0
207.0,,56.0,37.0,170.0,-70.0,-261.0,-485.0,38.0,-839.0
223.0,,-12.0,-54.0,115.0,-53.0,-233.0,-393.0,68.0,-946.0
220.0,,-42.0,-136.0,22.0,-10.0,-243.0,-594.0,90.0,-1018.0
209.0,,-72.0,-188.0,-78.0,29.0,-238.0,-236.0,109.0,-1037.0
209.0,,-193.0,-219.0,-154.0,0.0,-222.0,-541.0,97.0,-1021.0
225.0,,-170.0,-245.0,-197.0,-1.0,-240.0,-291.0,63.0,-948.0
247.0,,-240.0,-259.0,-199.0,-27.0,-264.0,-378.0,22.0,-843.0
268.0,,-319.0,-283.0,-164.0,-3.0,-277.0,-437.0,-32.0,-711.0
263.0,,-263.0,-328.0,-110.0,22.0,-308.0,-243.0,-89.0,-545.0
265.0,,-356.0,-411.0,-54.0,-32.0,-360.0,-606.0,-132.0,-386.0
265.0,,-307.0,-519.0,-2.0,-44.0,-417.0,-306.0,-179.0,-210.0
248.0,,-283.0,-607.0,46.0,-14.0,-465.0,-548.0,-214.0,-24.0
218.0,,-324.0,-667.0,111.0,47.0,-489.0,-465.0,-217.0,133.0
187.0,,-211.0,-685.0,195.0,30.0,-519.0,-463.0,-206.0,265.0
199.0,,-221.0,-647.0,272.0,-2.0,-576.0,-637.0,-182.0,370.0
220.0,,-153.0,-579.0,318.0,42.0,-623.0,-354.0,-146.0,413.0
242.0,,-64.0,-519.0,321.0,56.0,-637.0,-665.0,-95.0,417.0
272.0,,-60.0,-474.0,292.0,35.0,-644.0,-321.0,-30.0,374.0
304.0,,58.0,-434.0,239.0,-28.0,-657.0,-393.0,42.0,271.0
331.0,,85.0,-365.0,169.0,-18.0,-651.0,-399.0,115.0,132.0
354.0,,122.0,-278.0,97.0,73.0,-665.0,-245.0,165.0,-27.0
370.0,,232.0,-210.0,37.0,64.0,-712.0,-567.0,214.0,-178.0
369.0,,222.0,-138.0,1.0,29.0,-733.0,-247.0,270.0,-343.0
365.0,,229.0,-90.0,-19.0,42.0,-737.0,-482.0,308.0,-504.0
357.0,,277.0,-85.0,-44.0,56.0,-741.0,-315.0,336.0,-634.0
339.0,,225.0,-77.0,-81.0,78.0,-740.0,-315.0,350.0,-749.0
314.0,,218.0,-58.0,-116.0,54.0,-775.0,-528.0,353.0,-862.0
275.0,,237.0,-38.0,-147.0,-11.0,-826.0,-315.0,361.0,-960.0
235.0,,109.0,-14.0,-168.0,-56.0,-860.0,-668.0,361.0,-1040.0
191.0,,111.0,6.0,-170.0,-58.0,-911.0,-410.0,361.0,-1097.0
138.0,,64.0,24.0,-146.0,-4.0,-977.0,-533.0,367.0,-1104.0
71.0,,-80.0,16.0,-113.0,19.0,-1005.0,-458.0,360.0,-1077.0
1.0,,-80.0,-21.0,-99.0,20.0,-991.0,-291.0,349.0,-1009.0
-41.0,,-193.0,-65.0,-110.0,77.0,-969.0,-556.0,337.0,-898.0
-64.0,,-246.0,-133.0,-131.0,92.0,-948.0,-234.0,321.0,-746.0
-88.0,,-283.0,-235.0,-149.0,90.0,-927.0,-517.0,316.0,-579.0
-114.0,,-376.0,-375.0,-158.0,114.0,-891.0,-323.0,302.0,-416.0
-121.0,,-362.0,-518.0,-170.0,111.0,-838.0,-330.0,280.0,-246.0
-116.0,,-401.0,-644.0,-196.0,116.0,-789.0,-458.0,248.0,-93.0
-146.0,,-413.0,-763.0,-233.0,77.0,-769.0,-260.0,201.0,60.0
-182.0,,-381.0,-858.0,-274.0,75.0,-751.0,-604.0,149.0,201.0
-193.0,,-423.0,-930.0,-296.0,105.0,-715.0,-343.0,68.0,323.0
-200.0,,-366.0,-963.0,-288.0,67.0,-728.0,-580.0,-26.0,430.0
-201.0,,-311.0,-972.0,-253.0,62.0,-767.0,-537.0,-117.0,483.0
-194.0,,-329.0,-927.0,-198.0,103.0,-776.0,-456.0,-219.0,502.0
-195.0,,-225.0,-817.0,-157.0,131.0,-763.0,-676.0,-313.0,472.0
-223.0,,-198.0,-719.0,-134.0,85.0,-768.0,-367.0,-391.0,395.0
-240.0,,-167.0,-611.0,-103.0,68.0,-785.0,-646.0,-462.0,317.0
-241.0,,-79.0,-494.0,-55.0,116.0,-802.0,-419.0,-532.0,248.0
-263.0,,-91.0,-396.0,8.0,133.0,-833.0,-535.0,-607.0,185.0
-273.0,,-48.0,-287.0,83.0,152.0,-837.0,-572.0,-680.0,131.0
-272.0,,6.0,-190.0,160.0,138.0,-802.0,-284.0,-734.0,100.0
-272.0,,-44.0,-79.0,223.0,167.0,-752.0,-550.0,-781.0,67.0
-272.0,,-28.0,32.0,256.0,226.0,-704.0,-219.0,-820.0,20.0
-276.0,,-13.0,107.0,258.0,204.0,-662.0,-471.0,-848.0,-31.0
-270.0,,-91.0,169.0,236.0,200.0,-624.0,-395.0,-849.0,-103.0
-250.0,,-38.0,214.0,203.0,223.0,-617.0,-360.0,-830.0,-203.0
-212.0,,-68.0,251.0,173.0,239.0,-617.0,-572.0,-819.0,-329.0
-157.0,,-103.0,273.0,146.0,280.0,-559.0,-249.0,-786.0,-460.0
-115.0,,-34.0,263.0,129.0,311.0,-493.0,-519.0,-733.0,-583.0
-78.0,,-105.0,253.0,136.0,333.0,-461.0,-212.0,-657.0,-697.0
-31.0,,-98.0,257.0,160.0,365.0,-465.0,-279.0,-551.0,-752.0
9.0,,-79.0,256.0,185.0,390.0,-489.0,-269.0,-436.0,-749.0
43.0,,-129.0,246.0,179.0,399.0,-487.0,-129.0,-315.0,-737.0
69.0,,-105.0,217.0,141.0,443.0,-483.0,-524.0,-187.0,-691.0
113.0,,-94.0,197.0,94.0,490.0,-464.0,-269.0,-50.0,-624.0
145.0,,-49.0,206.0,56.0,482.0,-442.0,-556.0,62.0,-566.0
163.0,,26.0,198.0,42.0,478.0,-439.0,-330.0,157.0,-497.0
194.0,,61.0,190.0,54.0,509.0,-430.0,-232.0,233.0,-439.0
204.0,,129.0,200.0,73.0,565.0,-440.0,-325.0,281.0,-404.0
194.0,,235.0,251.0,87.0,582.0,-458.0,-18.0,306.0,-381.0
168.0,,274.0,287.0,109.0,573.0,-452.0,-373.0,324.0,-381.0
149.0,,329.0,280.0,141.0,579.0,-411.0,-83.0,326.0,-389.0
109.0,,409.0,254.0,174.0,598.0,-355.0,-286.0,306.0,-415.0
70.0,,393.0,190.0,188.0,629.0,-337.0,-271.0,291.0,-438.0
75.0,,443.0,134.0,173.0,580.0,-346.0,-114.0,283.0,-430.0
76.0,,431.0,108.0,137.0,567.0,-328.0,-410.0,287.0,-446.0
68.0,,391.0,107.0,76.0,630.0,-277.0,-112.0,288.0,-430.0
58.0,,423.0,128.0,3.0,600.0,-202.0,-443.0,288.0,-353.0
52.0,,316.0,161.0,-58.0,580.0,-158.0,-218.0,282.0,-272.0
55.0,,327.0,217.0,-106.0,574.0,-169.0,-219.0,271.0,-177.0
78.0,,283.0,262.0,-128.0,531.0,-210.0,-338.0,255.0,-71.0
97.0,,176.0,254.0,-127.0,550.0,-202.0,-96.0,221.0,60.0
115.0,,239.0,200.0,-112.0,554.0,-161.0,-424.0,181.0,168.0
171.0,,134.0,121.0,-90.0,501.0,-180.0,-136.0,141.0,272.0
235.0,,102.0,26.0,-70.0,517.0,-160.0,-367.0,100.0,400.0
275.0,,133.0,-103.0,-45.0,536.0,-139.0,-291.0,57.0,504.0
301.0,,54.0,-237.0,-18.0,550.0,-153.0,-208.0,28.0,611.0
346.0,,61.0,-297.0,16.0,589.0,-162.0,-487.0,4.0,690.0
392.0,,25.0,-318.0,46.0,553.0,-189.0,-195.0,-20.0,731.0
419.0,,-36.0,-312.0,57.0,536.0,-186.0,-493.0,-51.0,746.0
453.0,,-41.0,-292.0,55.0,517.0,-194.0,-240.0,-82.0,710.0
489.0,,-116.0,-280.0,48.0,469.0,-212.0,-271.0,-96.0,652.0
511.0,,-169.0,-256.0,51.0,469.0,-194.0,-295.0,-109.0,567.0
524.0,,-143.0,-273.0,57.0,488.0,-166.0,-68.0,-127.0,465.0
555.0,,-207.0,-323.0,72.0,506.0,-165.0,-339.0,-143.0,339.0
579.0,,-206.0,-404.0,104.0,485.0,-135.0,-20.0,-150.0,199.0
560.0,,-193.0,-494.0,146.0,448.0,-88.0,-264.0,-150.0,77.0
556.0,,-230.0,-572.0,167.0,434.0,-123.0,-157.0,-138.0,-51.0
580.0,,-174.0,-667.0,144.0,489.0,-160.0,-164.0,-112.0,-154.0
598.0,,-191.0,-738.0,90.0,507.0,-176.0,-410.0,-80.0,-244.0
589.0,,-214.0,-766.0,25.0,496.0,-166.0,-155.0,-55.0,-317.0
572.0,,-142.0,-761.0,-34.0,544.0,-132.0,-476.0,-39.0,-343.0
591.0,,-181.0,-757.0,-82.0,538.0,-127.0,-177.0,-24.0,-353.0
597.0,,-203.0,-725.0,-106.0,502.0,-102.0,-290.0,-6.0,-333.0
574.0,,-132.0,-625.0,-103.0,478.0,-113.0,-304.0,26.0,-280.0
538.0,,-196.0,-494.0,-81.0,477.0,-130.0,-144.0,55.0,-224.0
512.0,,-149.0,-357.0,-51.0,488.0,-113.0,-432.0,82.0,-176.0
519.0,,-135.0,-224.0,-27.0,488.0,-142.0,-157.0,117.0,-115.0
515.0,,-189.0,-123.0,-19.0,515.0,-193.0,-423.0,148.0,-52.0
520.0,,-119.0,-76.0,-22.0,548.0,-252.0,-155.0,190.0,-2.0
528.0,,-160.0,-74.0,-23.0,517.0,-259.0,-90.0,239.0,34.0
517.0,,-140.0,-120.0,-22.0,498.0,-224.0,-201.0,281.0,50.0
517.0,,-141.0,-193.0,-28.0,527.0,-196.0,73.0,309.0,63.0
516.0,,-136.0,-297.0,-65.0,551.0,-123.0,-275.0,307.0,52.0
490.0,,-97.0,-401.0,-123.0,564.0,-94.0,-35.0,281.0,-8.0
439.0,,-125.0,-452.0,-180.0,537.0,-125.0,-216.0,254.0,-72.0
410.0,,-98.0,-467.0,-209.0,525.0,-133.0,-160.0,213.0,-124.0
402.0,,-92.0,-449.0,-182.0,521.0,-117.0,35.0,159.0,-173.0
378.0,,-95.0,-416.0,-117.0,525.0,-95.0,-118.0,125.0,-223.0
357.0,,-100.0,-349.0,-44.0,546.0,-121.0,214.0,92.0,-292.0
354.0,,-70.0,-248.0,21.0,529.0,-170.0,-57.0,69.0,-342.0
354.0,,-104.0,-206.0,63.0,496.0,-196.0,133.0,57.0,-371.0
334.0,,-76.0,-214.0,74.0,491.0,-264.0,57.0,40.0,-422.0
309.0,,-35.0,-234.0,55.0,473.0,-353.0,-40.0,40.0,-446.0
306.0,,-96.0,-273.0,11.0,459.0,-415.0,175.0,28.0,-432.0
285.0,,-6.0,-316.0,-42.0,477.0,-447.0,-105.0,8.0,-395.0
234.0,,-45.0,-339.0,-96.0,457.0,-442.0,277.0,-17.0,-335.0
206.0,,-63.0,-339.0,-157.0,458.0,-436.0,125.0,-28.0,-292.0
217.0,,-5.0,-331.0,-219.0,459.0,-427.0,195.0,-12.0,-228.0
222.0,,-91.0,-319.0,-256.0,446.0,-423.0,277.0,19.0,-161.0
187.0,,-40.0,-287.0,-259.0,460.0,-412.0,90.0,56.0,-136.0
159.0,,-85.0,-228.0,-238.0,486.0,-436.0,448.0,84.0,-101.0
168.0,,-138.0,-186.0,-191.0,521.0,-478.0,205.0,121.0,-62.0
175.0,,-90.0,-181.0,-119.0,502.0,-465.0,482.0,150.0,-33.0
146.0,,-142.0,-166.0,-51.0,436.0,-455.0,448.0,171.0,-7.0
96.0,,-107.0,-133.0,-1.0,407.0,-447.0,430.0,196.0,41.0
88.0,,-100.0,-111.0,40.0,421.0,-428.0,628.0,216.0,82.0
97.0,,-84.0,-102.0,83.0,411.0,-406.0,271.0,239.0,132.0
81.0,,-19.0,-107.0,131.0,400.0,-372.0,556.0,256.0,203.0
61.0,,6.0,-128.0,169.0,377.0,-353.0,260.0,272.0,243.0
83.0,,71.0,-200.0,196.0,388.0,-328.0,284.0,279.0,277.0
128.0,,150.0,-307.0,212.0,380.0,-268.0,306.0,282.0,284.0
135.0,,243.0,-411.0,205.0,331.0,-219.0,79.0,281.0,261.0
153.0,,316.0,-491.0,180.0,357.0,-194.0,395.0,262.0,217.0
200.0,,431.0,-507.0,139.0,400.0,-162.0,136.0,242.0,152.0
235.0,,506.0,-501.0,96.0,429.0,-141.0,423.0,217.0,64.0
237.0,,577.0,-498.0,53.0,421.0,-123.0,317.0,210.0,-20.0
245.0,,681.0,-456.0,14.0,396.0,-94.0,282.0,221.0,-97.0
327.0,,653.0,-393.0,-15.0,405.0,-101.0,522.0,237.0,-172.0
392.0,,699.0,-330.0,-32.0,410.0,-116.0,323.0,256.0,-207.0
402.0,,682.0,-274.0,-32.0,347.0,-123.0,729.0,267.0,-213.0
414.0,,587.0,-231.0,-30.0,243.0,-140.0,485.0,261.0,-197.0
439.0,,586.0,-173.0,-20.0,224.0,-139.0,583.0,241.0,-160.0
439.0,,488.0,-128.0,2.0,205.0,-134.0,552.0,223.0,-88.0
389.0,,459.0,-121.0,34.0,127.0,-115.0,360.0,179.0,-13.0
370.0,,419.0,-89.0,74.0,64.0,-93.0,676.0,126.0,47.0
380.0,,293.0,-44.0,107.0,47.0,-74.0,382.0,81.0,97.0
372.0,,288.0,-31.0,137.0,114.0,-43.0,620.0,34.0,134.0
334.0,,240.0,-65.0,155.0,156.0,-4.0,376.0,-8.0,156.0
304.0,,158.0,-117.0,159.0,138.0,34.0,367.0,-42.0,163.0
322.0,,155.0,-183.0,150.0,154.0,63.0,556.0,-67.0,166.0
327.0,,99.0,-255.0,127.0,231.0,91.0,290.0,-88.0,143.0
303.0,,67.0,-276.0,114.0,316.0,121.0,578.0,-87.0,116.0
291.0,,66.0,-281.0,119.0,285.0,135.0,277.0,-68.0,52.0
301.0,,-10.0,-239.0,139.0,221.0,134.0,465.0,-41.0,-19.0
296.0,,-1.0,-158.0,173.0,235.0,157.0,485.0,-16.0,-83.0
263.0,,-23.0,-69.0,215.0,254.0,197.0,450.0,5.0,-156.0
228.0,,-67.0,23.0,253.0,204.0,225.0,772.0,29.0,-216.0
178.0,,-57.0,79.0,280.0,110.0,235.0,463.0,45.0,-266.0
127.0,,-114.0,133.0,283.0,47.0,231.0,642.0,46.0,-284.0
79.0,,-120.0,171.0,256.0,-9.0,223.0,280.0,34.0,-281.0
12.0,,-91.0,211.0,200.0,-72.0,211.0,212.0,9.0,-273.0
-47.0,,-154.0,228.0,126.0,-127.0,190.0,280.0,-25.0,-266.0
-103.0,,-174.0,190.0,41.0,-187.0,149.0,62.0,-64.0,-233.0
-155.0,,-146.0,159.0,-41.0,-217.0,122.0,382.0,-113.0,-200.0
-216.0,,-210.0,117.0,-114.0,-219.0,132.0,22.0,-164.0,-168.0
-288.0,,-184.0,58.0,-183.0,-196.0,143.0,134.0,-193.0,-147.0
-334.0,,-223.0,-27.0,-251.0,-174.0,165.0,66.0,-191.0,-152.0
-390.0,,-266.0,-129.0,-316.0,-143.0,190.0,-18.0,-183.0,-127.0
-457.0,,-217.0,-188.0,-374.0,-99.0,172.0,229.0,-172.0,-126.0
-504.0,,-323.0,-203.0,-420.0,-114.0,151.0,-11.0,-159.0,-141.0
-526.0,,-328.0,-197.0,-445.0,-83.0,151.0,236.0,-156.0,-131.0
-553.0,,-316.0,-178.0,-427.0,7.0,148.0,-110.0,-173.0,-124.0
-587.0,,-384.0,-142.0,-353.0,37.0,141.0,-99.0,-197.0,-119.0
-599.0,,-369.0,-121.0,-236.0,-16.0,125.0,-59.0,-234.0,-134.0
-585.0,,-372.0,-108.0,-97.0,-83.0,138.0,-279.0,-293.0,-138.0
-545.0,,-382.0,-93.0,25.0,-53.0,157.0,60.0,-330.0,-118.0
-511.0,,-339.0,-86.0,109.0,-39.0,169.0,-232.0,-358.0,-113.0
-459.0,,-358.0,-79.0,140.0,-114.0,233.0,-5.0,-376.0,-126.0
-375.0,,-326.0,-59.0,110.0,-150.0,276.0,-129.0,-404.0,-132.0
-305.0,,-241.0,-43.0,40.0,-131.0,253.0,-230.0,-423.0,-96.0
-242.0,,-277.0,-35.0,-45.0,-136.0,225.0,-33.0,-410.0,-59.0
-177.0,,-188.0,-14.0,-108.0,-181.0,212.0,-363.0,-399.0,-29.0
-109.0,,-136.0,6.0,-130.0,-231.0,190.0,-114.0,-352.0,17.0
-46.0,,-148.0,32.0,-119.0,-261.0,163.0,-397.0,-299.0,75.0
16.0,,-21.0,79.0,-88.0,-295.0,141.0,-269.0,-238.0,123.0
87.0,,-30.0,152.0,-57.0,-327.0,130.0,-205.0,-151.0,100.0
169.0,,12.0,217.0,-34.0,-354.0,109.0,-400.0,-62.0,73.0
240.0,,133.0,235.0,-19.0,-409.0,92.0,-84.0,20.0,49.0
288.0,,118.0,228.0,-6.0,-419.0,106.0,-450.0,92.0,-13.0
333.0,,189.0,229.0,6.0,-390.0,91.0,-258.0,151.0,-74.0
362.0,,237.0,231.0,19.0,-358.0,48.0,-391.0,188.0,-113.0
371.0,,254.0,242.0,26.0,-290.0,8.0,-428.0,208.0,-137.0
367.0,,328.0,279.0,20.0,-256.0,-10.0,-221.0,215.0,-139.0
346.0,,348.0,293.0,0.0,-271.0,-19.0,-515.0,233.0,-125.0
319.0,,368.0,274.0,-41.0,-258.0,-21.0,-195.0,258.0,-114.0
316.0,,407.0,269.0,-88.0,-202.0,-20.0,-447.0,275.0,-67.0
304.0,,387.0,281.0,-116.0,-157.0,-28.0,-319.0,280.0,-7.0
295.0,,369.0,321.0,-121.0,-192.0,-26.0,-306.0,275.0,29.0
329.0,,381.0,344.0,-113.0,-223.0,-36.0,-460.0,274.0,64.0
369.0,,339.0,329.0,-104.0,-223.0,-67.0,-182.0,260.0,89.0
394.0,,349.0,328.0,-103.0,-247.0,-82.0,-559.0,262.0,102.0
410.0,,318.0,318.0,-116.0,-295.0,-52.0,-317.0,277.0,73.0
435.0,,292.0,284.0,-147.0,-388.0,-30.0,-480.0,291.0,-7.0
472.0,,326.0,258.0,-191.0,-435.0,-12.0,-478.0,310.0,-107.0
494.0,,255.0,190.0,-240.0,-409.0,23.0,-280.0,340.0,-232.0
491.0,,233.0,58.0,-266.0,-411.0,42.0,-506.0,383.0,-390.0
498.0,,219.0,-83.0,-253.0,-441.0,34.0,-197.0,432.0,-556.0
502.0,,157.0,-195.0,-204.0,-441.0,-17.0,-458.0,496.0,-709.0
476.0,,166.0,-289.0,-128.0,-396.0,-56.0,-225.0,544.0,-832.0
442.0,,118.0,-354.0,-54.0,-350.0,-67.0,-245.0,590.0,-897.0
403.0,,25.0,-377.0,13.0,-341.0,-95.0,-369.0,635.0,-938.0
363.0,,23.0,-371.0,83.0,-325.0,-141.0,-99.0,649.0,-950.0
325.0,,-76.0,-342.0,144.0,-272.0,-169.0,-439.0,644.0,-911.0
285.0,,-149.0,-309.0,194.0,-207.0,-155.0,-147.0,618.0,-879.0
241.0,,-184.0,-295.0,237.0,-210.0,-126.0,-256.0,568.0,-855.0
214.0,,-304.0,-297.0,268.0,-276.0,-84.0,-118.0,493.0,-850.0
194.0,,-337.0,-269.0,294.0,-286.0,-51.0,-11.0,403.0,-852.0
161.0,,-414.0,-225.0,312.0,-280.0,-46.0,-314.0,300.0,-879.0
143.0,,-492.0,-222.0,305.0,-335.0,-57.0,-46.0,213.0,-939.0
135.0,,-519.0,-230.0,262.0,-417.0,-28.0,-365.0,139.0,-990.0
119.0,,-575.0,-242.0,188.0,-448.0,-17.0,-147.0,65.0,-1067.0
104.0,,-625.0,-245.0,97.0,-461.0,-39.0,-186.0,1.0,-1120.0
94.0,,-672.0,-218.0,0.0,-537.0,-16.0,-262.0,-43.0,-1163.0
100.0,,-721.0,-180.0,-95.0,-644.0,-9.0,9.0,-60.0,-1194.0
99.0,,-756.0,-145.0,-166.0,-701.0,-48.0,-280.0,-85.0,-1182.0
63.0,,-788.0,-129.0,-196.0,-663.0,-109.0,0.0,-78.0,-1171.0
30.0,,-829.0,-135.0,-194.0,-677.0,-137.0,-234.0,-50.0,-1142.0
4.0,,-805.0,-175.0,-180.0,-724.0,-163.0,-184.0,-27.0,-1108.0
-24.0,,-809.0,-232.0,-160.0,-685.0,-210.0,-114.0,-4.0,-1038.0
-76.0,,-800.0,-302.0,-133.0,-621.0,-175.0,-327.0,10.0,-957.0
-134.0,,-737.0,-391.0,-92.0,-560.0,-133.0,-20.0,33.0,-893.0
-166.0,,-734.0,-454.0,-43.0,-552.0,-135.0,-256.0,35.0,-784.0
-187.0,,-671.0,-479.0,0.0,-510.0,-141.0,11.0,38.0,-668.0
-209.0,,-601.0,-490.0,32.0,-417.0,-123.0,-99.0,28.0,-556.0
-265.0,,-600.0,-508.0,58.0,-395.0,-115.0,-175.0,12.0,-437.0
-310.0,,-517.0,-522.0,79.0,-428.0,-148.0,-83.0,13.0,-307.0
-333.0,,-439.0,-498.0,95.0,-459.0,-158.0,-463.0,-9.0,-168.0
-375.0,,-410.0,-453.0,106.0,-455.0,-190.0,-136.0,-31.0,-59.0
-421.0,,-305.0,-418.0,107.0,-438.0,-254.0,-327.0,-33.0,29.0
-440.0,,-260.0,-384.0,108.0,-421.0,-280.0,-105.0,-15.0,86.0
-426.0,,-179.0,-349.0,115.0,-446.0,-278.0,-14.0,20.0,136.0
-445.0,,-75.0,-325.0,124.0,-488.0,-288.0,-205.0,76.0,173.0
-490.0,,-47.0,-302.0,133.0,-481.0,-288.0,62.0,145.0,144.0
-494.0,,51.0,-290.0,126.0,-499.0,-274.0,-258.0,214.0,110.0
-467.0,,79.0,-277.0,103.0,-513.0,-270.0,14.0,285.0,74.0
-481.0,,124.0,-248.0,77.0,-470.0,-283.0,-133.0,358.0,20.0
-543.0,,195.0,-233.0,43.0,-446.0,-304.0,-86.0,414.0,-16.0
-562.0,,191.0,-244.0,-12.0,-385.0,-322.0,99.0,456.0,-49.0
-562.0,,253.0,-252.0,-83.0,-323.0,-354.0,-203.0,475.0,-58.0
-591.0,,277.0,-236.0,-157.0,-315.0,-416.0,84.0,452.0,-46.0
-614.0,,259.0,-201.0,-226.0,-305.0,-495.0,-288.0,393.0,-45.0
-630.0,,291.0,-146.0,-271.0,-279.0,-531.0,-216.0,293.0,-42.0
-620.0,,286.0,-104.0,-283.0,-236.0,-552.0,-258.0,179.0,-26.0
-633.0,,263.0,-72.0,-265.0,-235.0,-548.0,-321.0,59.0,-21.0
-670.0,,277.0,-34.0,-213.0,-237.0,-514.0,7.0,-60.0,2.0
-678.0,,229.0,-20.0,-142.0,-258.0,-527.0,-243.0,-150.0,40.0
-699.0,,218.0,-14.0,-65.0,-272.0,-533.0,118.0,-225.0,63.0
-715.0,,224.0,-38.0,20.0,-203.0,-512.0,-79.0,-279.0,80.0
-722.0,,124.0,-86.0,98.0,-149.0,-484.0,-24.0,-297.0,77.0
-699.0,,132.0,-134.0,146.0,-125.0,-488.0,88.0,-284.0,61.0
-655.0,,118.0,-211.0,150.0,-73.0,-532.0,-145.0,-273.0,25.0
-641.0,,52.0,-278.0,122.0,-16.0,-550.0,206.0,-246.0,-20.0
-615.0,,107.0,-327.0,81.0,40.0,-567.0,-73.0,-195.0,-63.0
-564.0,,63.0,-339.0,23.0,56.0,-580.0,210.0,-148.0,-108.0
-530.0,,71.0,-325.0,-41.0,39.0,-593.0,234.0,-104.0,-136.0
-513.0,,132.0,-306.0,-98.0,113.0,-623.0,155.0,-61.0,-152.0
-506.0,,98.0,-258.0,-133.0,133.0,-656.0,338.0,-24.0,-157.0
-487.0,,153.0,-191.0,-141.0,55.0,-708.0,-59.0,15.0,-154.0
-470.0,,198.0,-72.0,-112.0,-11.0,-706.0,149.0,57.0,-134.0
-456.0,,232.0,48.0,-58.0,-66.0,-651.0,-97.0,81.0,-97.0
-451.0,,267.0,134.0,-2.0,-71.0,-613.0,36.0,109.0,-72.0
-480.0,,290.0,219.0,39.0,-80.0,-626.0,184.0,129.0,-76.0
-500.0,,366.0,290.0,40.0,-141.0,-642.0,3.0,136.0,-76.0
-506.0,,394.0,346.0,2.0,-166.0,-629.0,325.0,138.0,-59.0
-526.0,,417.0,352.0,-55.0,-141.0,-621.0,-1.0,125.0,-48.0
-542.0,,466.0,332.0,-96.0,-156.0,-618.0,223.0,121.0,-14.0
-550.0,,497.0,306.0,-103.0,-139.0,-648.0,164.0,125.0,32.0
-580.0,,523.0,264.0,-79.0,-66.0,-660.0,75.0,123.0,95.0
-598.0,,568.0,220.0,-42.0,58.0,-681.0,275.0,130.0,157.0
-574.0,,604.0,148.0,-16.0,165.0,-694.0,-11.0,142.0,202.0
-527.0,,625.0,56.0,-14.0,214.0,-643.0,310.0,140.0,222.0
-481.0,,684.0,-24.0,-50.0,271.0,-615.0,57.0,150.0,217.0
-428.0,,661.0,-94.0,-105.0,332.0,-618.0,125.0,174.0,203.0
-352.0,,662.0,-145.0,-148.0,404.0,-628.0,144.0,192.0,141.0
-272.0,,708.0,-183.0,-168.0,387.0,-616.0,-81.0,215.0,63.0
-207.0,,677.0,-219.0,-172.0,378.0,-615.0,171.0,225.0,-30.0
-158.0,,713.0,-212.0,-178.0,386.0,-626.0,-242.0,232.0,-138.0
-88.0,,723.0,-180.0,-188.0,307.0,-640.0,-38.0,238.0,-237.0
-22.0,,726.0,-141.0,-193.0,212.0,-646.0,-177.0,221.0,-361.0
23.0,,793.0,-87.0,-184.0,121.0,-637.0,-236.0,186.0,-458.0
53.0,,798.0,-50.0,-158.0,113.0,-634.0,-42.0,146.0,-540.0
82.0,,815.0,-6.0,-123.0,116.0,-573.0,-327.0,100.0,-638.0
138.0,,854.0,33.0,-83.0,91.0,-523.0,7.0,45.0,-721.0
182.0,,864.0,59.0,-38.0,156.0,-519.0,-249.0,0.0,-799.0
204.0,,870.0,79.0,1.0,208.0,-521.0,-129.0,-39.0,-883.0
218.0,,848.0,86.0,30.0,243.0,-528.0,-107.0,-68.0,-961.0
235.0,,858.0,107.0,52.0,283.0,-524.0,-240.0,-92.0,-1044.0
265.0,,838.0,119.0,64.0,296.0,-503.0,73.0,-114.0,-1132.0
296.0,,751.0,74.0,71.0,376.0,-480.0,-234.0,-121.0,-1195.0
287.0,,739.0,-13.0,77.0,418.0,-497.0,-5.0,-116.0,-1245.0
272.0,,689.0,-93.0,84.0,429.0,-495.0,-206.0,-89.0,-1256.0
262.0,,581.0,-163.0,84.0,475.0,-483.0,-245.0,-68.0,-1237.0
245.0,,546.0,-249.0,73.0,514.0,-484.0,-133.0,-74.0,-1205.0
212.0,,449.0,-336.0,57.0,587.0,-474.0,-384.0,-76.0,-1128.0
153.0,,323.0,-397.0,40.0,642.0,-447.0,-62.0,-80.0,-1064.0
130.0,,299.0,-432.0,35.0,667.0,-401.0,-365.0,-96.0,-984.0
101.0,,185.0,-459.0,52.0,689.0,-389.0,-160.0,-96.0,-883.0
69.0,,73.0,-487.0,82.0,728.0,-386.0,-145.0,-79.0,-793.0
67.0,,43.0,-505.0,113.0,651.0,-372.0,-280.0,-65.0,-693.0
85.0,,-78.0,-512.0,133.0,569.0,-391.0,-51.0,-52.0,-590.0
120.0,,-136.0,-510.0,145.0,585.0,-420.0,-445.0,-16.0,-471.0
145.0,,-169.0,-494.0,157.0,523.0,-436.0,-158.0,6.0,-351.0
176.0,,-236.0,-446.0,168.0,496.0,-456.0,-295.0,23.0,-234.0
186.0,,-216.0,-389.0,176.0,500.0,-457.0,-210.0,60.0,-145.0
183.0,,-233.0,-318.0,187.0,549.0,-453.0,-53.0,70.0,-72.0
170.0,,-243.0,-254.0,206.0,660.0,-433.0,-288.0,64.0,-22.0
146.0,,-173.0,-230.0,232.0,711.0,-405.0,44.0,80.0,-6.0
138.0,,-186.0,-211.0,250.0,687.0,-402.0,-230.0,81.0,15.0
114.0,,-126.0,-214.0,246.0,642.0,-388.0,-25.0,73.0,13.0
93.0,,-84.0,-249.0,221.0,695.0,-370.0,-101.0,80.0,-1.0
81.0,,-98.0,-321.0,188.0,749.0,-335.0,-169.0,79.0,-13.0
78.0,,-21.0,-427.0,153.0,688.0,-302.0,114.0,52.0,-7.0
91.0,,-36.0,-541.0,114.0,680.0,-256.0,-149.0,19.0,5.0
59.0,,3.0,-624.0,64.0,735.0,-182.0,158.0,-20.0,29.0
23.0,,33.0,-685.0,9.0,744.0,-142.0,-107.0,-72.0,63.0
7.0,,6.0,-727.0,-27.0,767.0,-95.0,-79.0,-116.0,83.0
-3.0,,46.0,-692.0,-38.0,742.0,-56.0,-53.0,-155.0,139.0
-18.0,,61.0,-612.0,-30.0,783.0,-41.0,-236.0,-201.0,194.0
-54.0,,62.0,-499.0,-5.0,870.0,-18.0,168.0,-233.0,233.0
-56.0,,102.0,-396.0,20.0,826.0,-21.0,-44.0,-259.0,267.0
-59.0,,150.0,-294.0,25.0,824.0,-26.0,254.0,-284.0,269.0
-84.0,,116.0,-155.0,12.0,786.0,-45.0,236.0,-296.0,255.0
-105.0,,186.0,-49.0,-4.0,734.0,-84.0,258.0,-323.0,224.0
-119.0,,228.0,27.0,-21.0,732.0,-95.0,473.0,-354.0,165.0
-121.0,,234.0,57.0,-29.0,680.0,-93.0,136.0,-381.0,88.0
-150.0,,355.0,36.0,-12.0,640.0,-112.0,428.0,-419.0,28.0
-186.0,,364.0,-9.0,20.0,566.0,-139.0,179.0,-437.0,-41.0
-212.0,,415.0,-79.0,40.0,504.0,-131.0,236.0,-458.0,-97.0
-211.0,,492.0,-149.0,38.0,511.0,-108.0,219.0,-478.0,-115.0
-218.0,,475.0,-235.0,24.0,553.0,-101.0,9.0,-480.0,-110.0
-251.0,,537.0,-310.0,9.0,594.0,-97.0,299.0,-464.0,-48.0
-253.0,,565.0,-339.0,-5.0,615.0,-109.0,5.0,-434.0,41.0
-235.0,,537.0,-352.0,-22.0,682.0,-112.0,310.0,-412.0,128.0
-220.0,,551.0,-377.0,-46.0,772.0,-112.0,199.0,-391.0,232.0
-214.0,,538.0,-377.0,-86.0,811.0,-109.0,120.0,-373.0,328.0
-179.0,,508.0,-339.0,-135.0,780.0,-111.0,262.0,-358.0,386.0
-130.0,,475.0,-303.0,-189.0,733.0,-115.0,-57.0,-336.0,439.0
-100.0,,418.0,-259.0,-242.0,701.0,-117.0,262.0,-313.0,484.0
-77.0,,407.0,-222.0,-296.0,619.0,-154.0,62.0,-300.0,494.0
-69.0,,375.0,-197.0,-353.0,499.0,-168.0,258.0,-275.0,492.0
-46.0,,309.0,-179.0,-406.0,411.0,-163.0,286.0,-248.0,475.0
-31.0,,358.0,-166.0,-442.0,367.0,-147.0,107.0,-227.0,439.0
-39.0,,316.0,-117.0,-448.0,347.0,-96.0,375.0,-201.0,404.0
-28.0,,283.0,-53.0,-426.0,335.0,-66.0,31.0,-182.0,382.0
18.0,,362.0,-22.0,-379.0,350.0,-53.0,279.0,-165.0,357.0
87.0,,278.0,-6.0,-318.0,375.0,-45.0,90.0,-151.0,343.0
124.0,,311.0,27.0,-254.0,382.0,-14.0,97.0,-131.0,347.0
144.0,,345.0,40.0,-189.0,380.0,-7.0,306.0,-117.0,356.0
173.0,,242.0,3.0,-118.0,370.0,-31.0,94.0,-101.0,382.0
205.0,,285.0,-41.0,-33.0,361.0,-53.0,439.0,-95.0,402.0
221.0,,222.0,-82.0,54.0,363.0,-91.0,103.0,-100.0,418.0
203.0,,167.0,-128.0,120.0,350.0,-100.0,240.0,-83.0,422.0
193.0,,153.0,-154.0,154.0,296.0,-96.0,260.0,-66.0,394.0
183.0,,39.0,-152.0,153.0,271.0,-73.0,206.0,-40.0,361.0
164.0,,10.0,-136.0,144.0,283.0,-46.0,537.0,-20.0,303.0
164.0,,-52.0,-136.0,147.0,294.0,-33.0,227.0,-17.0,214.0
183.0,,-123.0,-144.0,162.0,288.0,0.0,471.0,-21.0,130.0
218.0,,-143.0,-117.0,184.0,312.0,17.0,230.0,-35.0,49.0
210.0,,-179.0,-79.0,201.0,364.0,0.0,251.0,-59.0,-24.0
191.0,,-151.0,-65.0,205.0,367.0,-48.0,378.0,-80.0,-74.0
209.0,,-138.0,-76.0,192.0,396.0,-95.0,158.0,-95.0,-127.0
217.0,,-142.0,-92.0,165.0,490.0,-127.0,432.0,-93.0,-164.0
198.0,,-73.0,-86.0,132.0,621.0,-158.0,97.0,-81.0,-178.0
159.0,,-51.0,-69.0,90.0,673.0,-163.0,334.0,-93.0,-204.0
157.0,,-46.0,-59.0,47.0,655.0,-184.0,336.0,-97.0,-243.0
170.0,,0.0,-76.0,8.0,642.0,-219.0,360.0,-107.0,-271.0
135.0,,-13.0,-128.0,-21.0,588.0,-210.0,692.0,-122.0,-292.0
83.0,,-11.0,-147.0,-40.0,518.0,-166.0,452.0,-120.0,-321.0
42.0,,21.0,-141.0,-56.0,432.0,-158.0,744.0,-95.0,-340.0
21.0,,-22.0,-149.0,-65.0,425.0,-186.0,450.0,-68.0,-361.0
-4.0,,-6.0,-169.0,-67.0,480.0,-192.0,556.0,-50.0,-382.0
-26.0,,20.0,-190.0,-57.0,474.0,-204.0,700.0,0.0,-398.0
-25.0,,-54.0,-209.0,-39.0,514.0,-261.0,506.0,46.0,-421.0
-30.0,,-46.0,-268.0,-32.0,588.0,-313.0,803.0,98.0,-429.0
-41.0,,-83.0,-323.0,-39.0,666.0,-318.0,471.0,161.0,-425.0
-60.0,,-135.0,-359.0,-51.0,808.0,-354.0,667.0,223.0,-421.0
-60.0,,-127.0,-376.0,-63.0,923.0,-395.0,519.0,280.0,-409.0
-47.0,,-201.0,-352.0,-72.0,967.0,-375.0,423.0,326.0,-387.0
-61.0,,-197.0,-327.0,-72.0,974.0,-368.0,593.0,367.0,-378.0
-69.0,,-193.0,-262.0,-53.0,952.0,-392.0,306.0,388.0,-351.0
-54.0,,-216.0,-184.0,-5.0,925.0,-394.0,652.0,380.0,-296.0
-38.0,,-176.0,-133.0,70.0,956.0,-369.0,421.0,352.0,-255.0
-60.0,,-148.0,-65.0,148.0,995.0,-372.0,589.0,320.0,-200.0
-95.0,,-98.0,-16.0,212.0,907.0,-386.0,607.0,266.0,-148.0
-105.0,,-27.0,-10.0,265.0,826.0,-388.0,362.0,212.0,-115.0
-136.0,,18.0,-18.0,305.0,869.0,-398.0,628.0,159.0,-88.0
-182.0,,113.0,-22.0,335.0,899.0,-393.0,312.0,85.0,-53.0
-228.0,,219.0,-28.0,353.0,891.0,-352.0,570.0,6.0,-10.0
-243.0,,236.0,-61.0,352.0,876.0,-318.0,406.0,-60.0,23.0
-236.0,,354.0,-93.0,334.0,922.0,-344.0,443.0,-109.0,57.0
-237.0,,424.0,-97.0,288.0,1004.0,-372.0,667.0,-148.0,108.0
-207.0,,427.0,-100.0,230.0,1008.0,-350.0,423.0,-156.0,180.0
-163.0,,547.0,-124.0,176.0,998.0,-321.0,668.0,-133.0,269.0
-115.0,,565.0,-138.0,132.0,1016.0,-325.0,271.0,-78.0,373.0
-65.0,,569.0,-141.0,106.0,1087.0,-297.0,430.0,-28.0,489.0
-13.0,,645.0,-195.0,95.0,1082.0,-245.0,471.0,13.0,623.0
57.0,,643.0,-260.0,96.0,1008.0,-235.0,404.0,61.0,754.0
142.0,,650.0,-297.0,97.0,1001.0,-245.0,716.0,97.0,877.0
219.0,,686.0,-346.0,88.0,995.0,-275.0,432.0,132.0,988.0
278.0,,682.0,-401.0,66.0,981.0,-314.0,689.0,160.0,1079.0
333.0,,710.0,-399.0,38.0,934.0,-332.0,463.0,163.0,1157.0
386.0,,675.0,-349.0,5.0,937.0,-332.0,528.0,157.0,1185.0
436.0,,668.0,-319.0,-37.0,953.0,-347.0,674.0,150.0,1200.0
473.0,,675.0,-314.0,-86.0,920.0,-359.0,469.0,132.0,1211.0
505.0,,599.0,-310.0,-131.0,913.0,-338.0,807.0,106.0,1199.0
524.0,,580.0,-291.0,-159.0,906.0,-297.0,478.0,59.0,1182.0
523.0,,547.0,-276.0,-181.0,938.0,-280.0,667.0,1.0,1137.0
507.0,,496.0,-275.0,-205.0,974.0,-288.0,600.0,-51.0,1087.0
480.0,,477.0,-276.0,-227.0,954.0,-274.0,456.0,-122.0,1011.0
469.0,,421.0,-274.0,-244.0,921.0,-255.0,663.0,-195.0,907.0
460.0,,349.0,-249.0,-240.0,852.0,-247.0,319.0,-271.0,796.0
472.0,,350.0,-217.0,-206.0,743.0,-260.0,642.0,-337.0,644.0
481.0,,281.0,-200.0,-151.0,676.0,-269.0,493.0,-389.0,500.0
474.0,,250.0,-169.0,-95.0,609.0,-256.0,618.0,-421.0,389.0
465.0,,259.0,-116.0,-52.0,521.0,-265.0,698.0,-421.0,291.0
427.0,,157.0,-73.0,-11.0,396.0,-246.0,441.0,-414.0,228.0
367.0,,165.0,-28.0,39.0,310.0,-186.0,726.0,-393.0,211.0
294.0,,152.0,24.0,94.0,306.0,-175.0,380.0,-367.0,201.0
237.0,,81.0,55.0,149.0,325.0,-170.0,589.0,-341.0,225.0
174.0,,101.0,72.0,191.0,366.0,-127.0,456.0,-302.0,290.0
105.0,,99.0,67.0,215.0,350.0,-118.0,341.0,-249.0,351.0
41.0,,64.0,51.0,223.0,361.0,-121.0,497.0,-200.0,407.0
-13.0,,83.0,32.0,219.0,371.0,-104.0,171.0,-161.0,454.0
-58.0,,98.0,-13.0,207.0,363.0,-102.0,493.0,-106.0,482.0
-108.0,,125.0,-46.0,193.0,338.0,-84.0,291.0,-51.0,495.0
-140.0,,184.0,-70.0,185.0,304.0,-77.0,441.0,-11.0,512.0
-171.0,,201.0,-124.0,174.0,331.0,-81.0,447.0,45.0,500.0
-172.0,,257.0,-179.0,160.0,284.0,-61.0,256.0,106.0,468.0
-153.0,,286.0,-219.0,144.0,189.0,-77.0,565.0,163.0,434.0
-127.0,,288.0,-269.0,121.0,93.0,-54.0,260.0,220.0,384.0
-75.0,,357.0,-362.0,97.0,5.0,-10.0,509.0,250.0,318.0
-13.0,,341.0,-445.0,86.0,-106.0,-23.0,327.0,274.0,240.0
59.0,,369.0,-482.0,83.0,-213.0,10.0,284.0,276.0,175.0
110.0,,427.0,-520.0,70.0,-267.0,61.0,393.0,255.0,106.0
166.0,,376.0,-543.0,46.0,-290.0,55.0,35.0,225.0,38.0
231.0,,429.0,-542.0,16.0,-313.0,29.0,306.0,176.0,-25.0
295.0,,434.0,-535.0,-5.0,-354.0,30.0,24.0,135.0,-82.0
363.0,,395.0,-527.0,-20.0,-337.0,20.0,197.0,80.0,-118.0
423.0,,433.0,-509.0,-32.0,-354.0,-7.0,203.0,9.0,-147.0
474.0,,375.0,-463.0,-40.0,-398.0,-15.0,112.0,-49.0,-144.0
520.0,,364.0,-406.0,-43.0,-431.0,-29.0,450.0,-86.0,-108.0
570.0,,395.0,-346.0,-51.0,-509.0,-29.0,166.0,-111.0,-66.0
602.0,,312.0,-297.0,-62.0,-555.0,-27.0,460.0,-127.0,-1.0
611.0,,330.0,-271.0,-62.0,-562.0,-23.0,284.0,-111.0,119.0
606.0,,348.0,-249.0,-48.0,-563.0,-5.0,317.0,-90.0,250.0
597.0,,289.0,-249.0,-21.0,-586.0,6.0,461.0,-78.0,364.0
584.0,,316.0,-263.0,8.0,-644.0,35.0,238.0,-59.0,506.0
538.0,,299.0,-248.0,35.0,-672.0,63.0,522.0,-50.0,618.0
482.0,,298.0,-211.0,51.0,-643.0,52.0,216.0,-38.0,690.0
461.0,,317.0,-169.0,54.0,-644.0,27.0,373.0,-7.0,750.0
446.0,,301.0,-148.0,40.0,-664.0,-2.0,218.0,34.0,771.0
425.0,,307.0,-149.0,9.0,-699.0,-28.0,97.0,86.0,767.0
405.0,,323.0,-142.0,-20.0,-742.0,-49.0,327.0,152.0,741.0
389.0,,315.0,-141.0,-54.0,-759.0,-60.0,-16.0,204.0,712.0
407.0,,304.0,-167.0,-94.0,-826.0,-52.0,277.0,238.0,698.0
388.0,,295.0,-188.0,-137.0,-825.0,-71.0,70.0,272.0,725.0
378.0,,257.0,-187.0,-165.0,-790.0,-75.0,164.0,296.0,766.0
414.0,,285.0,-183.0,-162.0,-838.0,-59.0,277.0,315.0,803.0
423.0,,243.0,-156.0,-135.0,-859.0,-67.0,101.0,334.0,846.0
417.0,,251.0,-134.0,-95.0,-894.0,-73.0,452.0,342.0,906.0
420.0,,268.0,-131.0,-70.0,-941.0,-76.0,214.0,334.0,970.0
446.0,,186.0,-156.0,-57.0,-948.0,-99.0,424.0,326.0,995.0
472.0,,232.0,-193.0,-51.0,-927.0,-143.0,240.0,302.0,1010.0
478.0,,144.0,-198.0,-59.0,-875.0,-155.0,169.0,266.0,987.0
475.0,,107.0,-214.0,-74.0,-843.0,-136.0,375.0,226.0,940.0
486.0,,158.0,-222.0,-83.0,-835.0,-115.0,101.0,180.0,881.0
507.0,,33.0,-231.0,-87.0,-818.0,-87.0,423.0,132.0,815.0
509.0,,28.0,-273.0,-97.0,-824.0,-82.0,182.0,76.0,777.0
483.0,,43.0,-285.0,-107.0,-855.0,-82.0,284.0,32.0,751.0
454.0,,-39.0,-270.0,-110.0,-839.0,-63.0,254.0,-11.0,789.0
431.0,,-33.0,-244.0,-103.0,-838.0,-32.0,62.0,-79.0,853.0
402.0,,-57.0,-176.0,-74.0,-878.0,-17.0,299.0,-138.0,924.0
371.0,,-86.0,-88.0,-25.0,-917.0,-65.0,9.0,-192.0,1034.0
322.0,,-50.0,-15.0,21.0,-999.0,-113.0,325.0,-251.0,1133.0
276.0,,-96.0,13.0,57.0,-1020.0,-134.0,205.0,-305.0,1199.0
230.0,,-94.0,-19.0,70.0,-989.0,-151.0,243.0,-365.0,1221.0
164.0,,-98.0,-27.0,63.0,-1014.0,-156.0,341.0,-414.0,1184.0
98.0,,-148.0,-25.0,43.0,-1047.0,-157.0,44.0,-456.0,1116.0
33.0,,-97.0,-61.0,9.0,-1075.0,-151.0,378.0,-505.0,1008.0
-41.0,,-130.0,-102.0,-20.0,-1108.0,-144.0,127.0,-537.0,865.0
-112.0,,-140.0,-149.0,-27.0,-1056.0,-119.0,328.0,-550.0,712.0
-180.0,,-73.0,-183.0,-3.0,-996.0,-107.0,271.0,-546.0,536.0
-234.0,,-103.0,-210.0,43.0,-992.0,-86.0,97.0,-511.0,379.0
-265.0,,-81.0,-205.0,100.0,-946.0,-35.0,317.0,-462.0,231.0
-293.0,,-56.0,-183.0,155.0,-959.0,0.0,-1.0,-398.0,104.0
-283.0,,-100.0,-190.0,188.0,-1034.0,-7.0,288.0,-306.0,15.0
-242.0,,-61.0,-194.0,200.0,-1099.0,-38.0,55.0,-212.0,-52.0
-178.0,,-36.0,-176.0,187.0,-1127.0,-48.0,72.0,-111.0,-74.0
-122.0,,-79.0,-142.0,146.0,-1094.0,-56.0,101.0,20.0,-70.0
-84.0,,-15.0,-117.0,81.0,-1096.0,-69.0,-157.0,155.0,-36.0
-16.0,,-15.0,-90.0,2.0,-1131.0,-81.0,205.0,285.0,17.0
49.0,,-50.0,-72.0,-68.0,-1143.0,-93.0,-44.0,424.0,70.0
98.0,,55.0,-49.0,-112.0,-1160.0,-99.0,227.0,554.0,117.0
132.0,,19.0,14.0,-121.0,-1226.0,-123.0,162.0,670.0,153.0
183.0,,39.0,66.0,-97.0,-1270.0,-134.0,103.0,759.0,190.0
244.0,,89.0,63.0,-52.0,-1259.0,-118.0,328.0,811.0,218.0
282.0,,13.0,16.0,0.0,-1273.0,-116.0,27.0,819.0,242.0
300.0,,73.0,-38.0,47.0,-1268.0,-117.0,354.0,789.0,267.0
310.0,,31.0,-83.0,75.0,-1243.0,-76.0,103.0,727.0,307.0
325.0,,-2.0,-148.0,75.0,-1234.0,-12.0,192.0,642.0,358.0
343.0,,41.0,-221.0,58.0,-1178.0,10.0,179.0,562.0,385.0
340.0,,-23.0,-302.0,44.0,-1118.0,29.0,-92.0,486.0,408.0
310.0,,-9.0,-398.0,49.0,-1129.0,47.0,182.0,411.0,406.0
295.0,,-10.0,-480.0,66.0,-1189.0,43.0,-125.0,335.0,381.0
300.0,,-64.0,-542.0,90.0,-1227.0,48.0,177.0,284.0,351.0
290.0,,-15.0,-581.0,117.0,-1264.0,40.0,88.0,267.0,306.0
257.0,,-34.0,-608.0,132.0,-1311.0,41.0,81.0,266.0,256.0
249.0,,-85.0,-624.0,139.0,-1338.0,48.0,264.0,284.0,209.0
269.0,,-14.0,-602.0,125.0,-1359.0,64.0,-9.0,318.0,188.0
267.0,,-88.0,-554.0,91.0,-1340.0,100.0,332.0,354.0,163.0
248.0,,-115.0,-494.0,43.0,-1319.0,101.0,66.0,373.0,139.0
231.0,,-85.0,-428.0,-11.0,-1279.0,114.0,223.0,385.0,124.0
257.0,,-193.0,-368.0,-57.0,-1211.0,148.0,214.0,383.0,110.0
273.0,,-159.0,-273.0,-85.0,-1168.0,176.0,33.0,370.0,126.0
251.0,,-169.0,-152.0,-91.0,-1154.0,192.0,291.0,341.0,134.0
238.0,,-229.0,-65.0,-78.0,-1174.0,222.0,-77.0,287.0,141.0
240.0,,-179.0,-4.0,-44.0,-1166.0,240.0,212.0,242.0,161.0
250.0,,-218.0,31.0,6.0,-1145.0,238.0,49.0,196.0,184.0
224.0,,-242.0,21.0,50.0,-1136.0,296.0,44.0,144.0,227.0
178.0,,-196.0,-38.0,63.0,-1181.0,342.0,188.0,90.0,290.0
165.0,,-230.0,-146.0,44.0,-1222.0,345.0,-84.0,36.0,379.0
177.0,,-187.0,-269.0,8.0,-1207.0,321.0,188.0,-8.0,477.0
142.0,,-156.0,-396.0,-24.0,-1245.0,288.0,-140.0,-41.0,579.0
88.0,,-175.0,-536.0,-42.0,-1260.0,289.0,90.0,-79.0,679.0
68.0,,-98.0,-663.0,-43.0,-1254.0,272.0,51.0,-124.0,762.0
63.0,,-110.0,-724.0,-16.0,-1268.0,268.0,-79.0,-169.0,827.0
32.0,,-85.0,-728.0,35.0,-1278.0,269.0,127.0,-214.0,851.0
-32.0,,-50.0,-714.0,109.0,-1287.0,250.0,-262.0,-255.0,840.0
-64.0,,-86.0,-673.0,186.0,-1293.0,249.0,46.0,-303.0,804.0
-80.0,,-36.0,-640.0,252.0,-1297.0,259.0,-153.0,-352.0,727.0
-119.0,,-61.0,-635.0,300.0,-1287.0,291.0,-97.0,-385.0,625.0
-167.0,,-95.0,-633.0,327.0,-1310.0,313.0,5.0,-433.0,509.0
-200.0,,-80.0,-626.0,330.0,-1287.0,340.0,-184.0,-491.0,410.0
-221.0,,-123.0,-592.0,304.0,-1276.0,328.0,129.0,-529.0,330.0
-244.0,,-151.0,-553.0,260.0,-1327.0,296.0,-206.0,-549.0,261.0
-293.0,,-153.0,-494.0,198.0,-1363.0,317.0,-11.0,-550.0,208.0
-338.0,,-178.0,-399.0,115.0,-1395.0,316.0,-144.0,-528.0,147.0
-351.0,,-187.0,-298.0,27.0,-1390.0,315.0,-247.0,-497.0,96.0
-378.0,,-150.0,-211.0,-42.0,-1418.0,324.0,-90.0,-464.0,60.0
-398.0,,-209.0,-142.0,-78.0,-1475.0,324.0,-441.0,-431.0,29.0
-411.0,,-183.0,-59.0,-87.0,-1457.0,342.0,-182.0,-400.0,0.0
-410.0,,-130.0,4.0,-84.0,-1394.0,355.0,-421.0,-392.0,-43.0
-399.0,,-197.0,54.0,-73.0,-1426.0,388.0,-284.0,-388.0,-87.0
-406.0,,-124.0,130.0,-58.0,-1492.0,391.0,-232.0,-377.0,-112.0
-391.0,,-148.0,182.0,-32.0,-1474.0,340.0,-376.0,-366.0,-124.0
-366.0,,-165.0,199.0,1.0,-1395.0,317.0,-66.0,-357.0,-130.0
-328.0,,-118.0,194.0,39.0,-1345.0,337.0,-375.0,-366.0,-116.0
-286.0,,-225.0,153.0,80.0,-1431.0,333.0,-114.0,-373.0,-75.0
-251.0,,-222.0,92.0,100.0,-1450.0,297.0,-279.0,-385.0,-32.0
-214.0,,-288.0,44.0,90.0,-1383.0,306.0,-338.0,-386.0,32.0
-181.0,,-394.0,-14.0,71.0,-1393.0,311.0,-238.0,-344.0,115.0
-153.0,,-431.0,-96.0,50.0,-1460.0,278.0,-587.0,-316.0,182.0
-123.0,,-547.0,-129.0,33.0,-1492.0,241.0,-332.0,-273.0,257.0
-79.0,,-601.0,-128.0,9.0,-1433.0,221.0,-683.0,-216.0,320.0
-35.0,,-654.0,-152.0,-38.0,-1417.0,255.0,-594.0,-172.0,366.0
11.0,,-725.0,-156.0,-104.0,-1416.0,294.0,-648.0,-137.0,389.0
47.0,,-723.0,-140.0,-172.0,-1410.0,289.0,-814.0,-118.0,368.0
75.0,,-715.0,-123.0,-217.0,-1368.0,274.0,-570.0,-93.0,327.0
103.0,,-711.0,-113.0,-223.0,-1324.0,265.0,-885.0,-59.0,277.0
112.0,,-618.0,-133.0,-185.0,-1318.0,258.0,-570.0,-12.0,208.0
129.0,,-602.0,-155.0,-118.0,-1280.0,243.0,-746.0,28.0,130.0
162.0,,-559.0,-172.0,-46.0,-1247.0,194.0,-691.0,70.0,47.0
177.0,,-420.0,-196.0,15.0,-1166.0,127.0,-554.0,122.0,-32.0
182.0,,-440.0,-229.0,45.0,-1162.0,102.0,-812.0,159.0,-72.0
203.0,,-337.0,-275.0,42.0,-1189.0,93.0,-482.0,200.0,-99.0
236.0,,-240.0,-318.0,16.0,-1153.0,90.0,-807.0,241.0,-95.0
271.0,,-230.0,-347.0,-9.0,-1142.0,118.0,-663.0,272.0,-65.0
291.0,,-135.0,-380.0,-13.0,-1095.0,160.0,-729.0,309.0,-19.0
314.0,,-137.0,-426.0,-10.0,-1057.0,207.0,-816.0,323.0,37.0
340.0,,-103.0,-476.0,-2.0,-979.0,218.0,-567.0,338.0,91.0
338.0,,-62.0,-531.0,9.0,-834.0,204.0,-859.0,375.0,158.0
321.0,,-94.0,-560.0,16.0,-777.0,197.0,-596.0,408.0,226.0
302.0,,-111.0,-547.0,22.0,-782.0,185.0,-896.0,443.0,290.0
296.0,,-177.0,-550.0,23.0,-726.0,186.0,-814.0,471.0,328.0
279.0,,-265.0,-563.0,19.0,-666.0,202.0,-744.0,485.0,331.0
257.0,,-316.0,-565.0,16.0,-663.0,190.0,-938.0,483.0,285.0
265.0,,-433.0,-557.0,12.0,-723.0,154.0,-548.0,453.0,209.0
272.0,,-520.0,-524.0,6.0,-734.0,155.0,-886.0,395.0,99.0
266.0,,-583.0,-491.0,-4.0,-698.0,208.0,-698.0,317.0,-9.0
249.0,,-720.0,-468.0,-14.0,-717.0,257.0,-776.0,251.0,-107.0
238.0,,-758.0,-461.0,-13.0,-721.0,288.0,-757.0,186.0,-213.0
220.0,,-813.0,-453.0,-10.0,-692.0,324.0,-511.0,124.0,-297.0
197.0,,-897.0,-445.0,-10.0,-604.0,325.0,-794.0,76.0,-394.0
182.0,,-922.0,-451.0,-17.0,-550.0,306.0,-521.0,38.0,-493.0
167.0,,-960.0,-433.0,-28.0,-585.0,300.0,-877.0,16.0,-602.0
152.0,,-967.0,-417.0,-35.0,-571.0,271.0,-777.0,-23.0,-734.0
145.0,,-932.0,-432.0,-39.0,-483.0,250.0,-740.0,-68.0,-858.0
139.0,,-907.0,-466.0,-33.0,-431.0,269.0,-861.0,-106.0,-962.0
132.0,,-857.0,-477.0,-10.0,-452.0,282.0,-509.0,-166.0,-1050.0
121.0,,-780.0,-470.0,24.0,-427.0,290.0,-800.0,-230.0,-1115.0
124.0,,-738.0,-500.0,62.0,-359.0,306.0,-500.0,-309.0,-1137.0
130.0,,-634.0,-519.0,89.0,-315.0,353.0,-633.0,-403.0,-1119.0
128.0,,-538.0,-489.0,94.0,-369.0,397.0,-580.0,-500.0,-1065.0
135.0,,-471.0,-456.0,88.0,-444.0,368.0,-412.0,-586.0,-969.0
151.0,,-331.0,-442.0,73.0,-396.0,336.0,-722.0,-650.0,-831.0
190.0,,-269.0,-419.0,51.0,-372.0,296.0,-432.0,-707.0,-676.0
209.0,,-216.0,-416.0,33.0,-434.0,247.0,-744.0,-734.0,-493.0
202.0,,-124.0,-469.0,28.0,-454.0,214.0,-526.0,-746.0,-340.0
189.0,,-95.0,-551.0,32.0,-445.0,177.0,-502.0,-728.0,-223.0
176.0,,-51.0,-644.0,33.0,-420.0,169.0,-630.0,-667.0,-130.0
190.0,,-41.0,-720.0,22.0,-431.0,148.0,-378.0,-599.0,-84.0
203.0,,-54.0,-779.0,9.0,-490.0,142.0,-746.0,-502.0,-86.0
214.0,,-19.0,-802.0,6.0,-455.0,145.0,-511.0,-410.0,-141.0
231.0,,-77.0,-794.0,22.0,-390.0,123.0,-676.0,-332.0,-226.0
243.0,,-122.0,-769.0,45.0,-371.0,151.0,-545.0,-266.0,-355.0
241.0,,-124.0,-733.0,66.0,-402.0,188.0,-402.0,-224.0,-468.0
236.0,,-243.0,-716.0,81.0,-416.0,181.0,-578.0,-183.0,-572.0
255.0,,-311.0,-667.0,82.0,-373.0,177.0,-230.0,-149.0,-650.0
277.0,,-354.0,-592.0,84.0,-384.0,172.0,-521.0,-111.0,-665.0
276.0,,-495.0,-513.0,93.0,-432.0,153.0,-245.0,-51.0,-644.0
266.0,,-518.0,-464.0,104.0,-471.0,137.0,-362.0,6.0,-576.0
283.0,,-582.0,-455.0,108.0,-472.0,124.0,-530.0,57.0,-491.0
283.0,,-719.0,-437.0,102.0,-459.0,132.0,-365.0,109.0,-370.0
246.0,,-699.0,-411.0,79.0,-476.0,147.0,-694.0,149.0,-266.0
219.0,,-794.0,-392.0,47.0,-469.0,150.0,-389.0,169.0,-196.0
207.0,,-838.0,-373.0,9.0,-419.0,154.0,-620.0,178.0,-114.0
200.0,,-799.0,-333.0,-33.0,-402.0,169.0,-532.0,168.0,-50.0
172.0,,-874.0,-311.0,-69.0,-425.0,175.0,-474.0,131.0,11.0
144.0,,-799.0,-314.0,-79.0,-393.0,168.0,-589.0,89.0,62.0
120.0,,-769.0,-355.0,-59.0,-364.0,144.0,-280.0,57.0,107.0
114.0,,-757.0,-430.0,-33.0,-361.0,112.0,-624.0,34.0,157.0
129.0,,-629.0,-488.0,-8.0,-310.0,85.0,-369.0,8.0,211.0
120.0,,-566.0,-546.0,15.0,-275.0,74.0,-515.0,-19.0,272.0
113.0,,-483.0,-584.0,37.0,-290.0,88.0,-539.0,-27.0,306.0
95.0,,-375.0,-598.0,54.0,-319.0,69.0,-315.0,-19.0,340.0
85.0,,-313.0,-596.0,50.0,-355.0,44.0,-533.0,-18.0,373.0
74.0,,-227.0,-577.0,30.0,-350.0,19.0,-168.0,-15.0,387.0
38.0,,-138.0,-558.0,8.0,-340.0,-2.0,-432.0,0.0,400.0
14.0,,-114.0,-536.0,1.0,-383.0,6.0,-330.0,4.0,411.0
-11.0,,-10.0,-520.0,-1.0,-390.0,22.0,-358.0,10.0,429.0
-44.0,,3.0,-511.0,-8.0,-358.0,31.0,-556.0,20.0,420.0
-68.0,,1.0,-506.0,-11.0,-322.0,7.0,-347.0,31.0,390.0
-78.0,,77.0,-502.0,-11.0,-305.0,7.0,-659.0,50.0,361.0
-101.0,,6.0,-523.0,-6.0,-315.0,-6.0,-334.0,56.0,316.0
-144.0,,35.0,-563.0,0.0,-244.0,-55.0,-469.0,67.0,250.0
-192.0,,46.0,-591.0,4.0,-173.0,-94.0,-417.0,82.0,152.0
-221.0,,-44.0,-589.0,2.0,-174.0,-118.0,-271.0,93.0,39.0
-260.0,,-19.0,-560.0,0.0,-194.0,-138.0,-589.0,121.0,-104.0
-300.0,,-22.0,-536.0,6.0,-165.0,-172.0,-325.0,154.0,-269.0
-318.0,,-102.0,-491.0,27.0,-113.0,-157.0,-635.0,182.0,-441.0
-341.0,,-102.0,-450.0,44.0,-134.0,-154.0,-443.0,208.0,-608.0
-327.0,,-121.0,-449.0,37.0,-170.0,-155.0,-389.0,232.0,-733.0
-324.0,,-191.0,-464.0,-2.0,-161.0,-123.0,-497.0,246.0,-808.0
-328.0,,-173.0,-468.0,-62.0,-130.0,-104.0,-341.0,256.0,-828.0
-304.0,,-235.0,-449.0,-125.0,-151.0,-57.0,-746.0,258.0,-811.0
-252.0,,-267.0,-439.0,-172.0,-149.0,-21.0,-545.0,242.0,-748.0
-219.0,,-280.0,-418.0,-185.0,-91.0,-33.0,-800.0,202.0,-629.0
-227.0,,-360.0,-380.0,-158.0,-52.0,-51.0,-700.0,137.0,-491.0
-177.0,,-349.0,-350.0,-106.0,-37.0,-59.0,-511.0,61.0,-329.0
-122.0,,-403.0,-349.0,-58.0,-60.0,-51.0,-715.0,-27.0,-138.0
-112.0,,-433.0,-380.0,-31.0,-14.0,-33.0,-375.0,-122.0,20.0
-106.0,,-417.0,-401.0,-6.0,39.0,-52.0,-663.0,-220.0,130.0
-49.0,,-480.0,-387.0,33.0,64.0,-60.0,-424.0,-310.0,191.0
20.0,,-466.0,-369.0,86.0,66.0,-24.0,-441.0,-383.0,199.0
20.0,,-459.0,-350.0,154.0,16.0,2.0,-522.0,-460.0,159.0
28.0,,-514.0,-318.0,241.0,74.0,24.0,-290.0,-516.0,44.0
83.0,,-465.0,-267.0,328.0,146.0,31.0,-596.0,-572.0,-97.0
132.0,,-438.0,-217.0,383.0,115.0,32.0,-299.0,-614.0,-246.0
133.0,,-441.0,-206.0,384.0,98.0,29.0,-533.0,-637.0,-405.0
139.0,,-330.0,-206.0,328.0,145.0,21.0,-448.0,-654.0,-551.0
182.0,,-316.0,-198.0,236.0,190.0,29.0,-393.0,-647.0,-685.0
206.0,,-268.0,-207.0,150.0,196.0,29.0,-687.0,-645.0,-788.0
226.0,,-157.0,-238.0,85.0,192.0,30.0,-436.0,-641.0,-868.0
249.0,,-175.0,-265.0,30.0,236.0,64.0,-770.0,-627.0,-915.0
274.0,,-95.0,-319.0,-23.0,328.0,99.0,-519.0,-605.0,-946.0
291.0,,-54.0,-412.0,-72.0,315.0,104.0,-509.0,-577.0,-953.0
282.0,,-28.0,-523.0,-106.0,270.0,119.0,-484.0,-557.0,-935.0
284.0,,21.0,-656.0,-127.0,315.0,163.0,-266.0,-518.0,-916.0
292.0,,-25.0,-778.0,-142.0,350.0,232.0,-545.0,-472.0,-872.0
288.0,,-5.0,-908.0,-146.0,387.0,277.0,-238.0,-442.0,-815.0
264.0,,-43.0,-1024.0,-150.0,431.0,276.0,-558.0,-424.0,-781.0
232.0,,-80.0,-1098.0,-158.0,482.0,266.0,-509.0,-413.0,-769.0
228.0,,-119.0,-1124.0,-151.0,514.0,245.0,-491.0,-415.0,-760.0
211.0,,-189.0,-1115.0,-122.0,488.0,225.0,-713.0,-421.0,-744.0
183.0,,-213.0,-1089.0,-74.0,495.0,227.0,-378.0,-443.0,-723.0
190.0,,-255.0,-1006.0,-18.0,554.0,223.0,-630.0,-486.0,-688.0
214.0,,-305.0,-882.0,32.0,590.0,203.0,-373.0,-503.0,-628.0
231.0,,-349.0,-763.0,77.0,604.0,206.0,-509.0,-515.0,-582.0
227.0,,-368.0,-664.0,115.0,648.0,238.0,-565.0,-521.0,-526.0
226.0,,-428.0,-592.0,146.0,663.0,291.0,-441.0,-506.0,-464.0
244.0,,-419.0,-558.0,166.0,639.0,311.0,-746.0,-466.0,-408.0
277.0,,-420.0,-571.0,168.0,557.0,297.0,-424.0,-394.0,-331.0
320.0,,-424.0,-618.0,157.0,511.0,267.0,-661.0,-315.0,-251.0
357.0,,-348.0,-677.0,140.0,588.0,230.0,-454.0,-219.0,-161.0
399.0,,-349.0,-723.0,116.0,626.0,218.0,-432.0,-108.0,-57.0
440.0,,-302.0,-755.0,73.0,568.0,207.0,-541.0,8.0,74.0
461.0,,-212.0,-788.0,16.0,474.0,171.0,-230.0,119.0,221.0
458.0,,-195.0,-816.0,-34.0,515.0,111.0,-558.0,187.0,381.0
460.0,,-128.0,-822.0,-68.0,629.0,84.0,-238.0,229.0,533.0
466.0,,-57.0,-823.0,-85.0,664.0,80.0,-380.0,239.0,655.0
425.0,,-13.0,-826.0,-83.0,655.0,95.0,-378.0,225.0,778.0
365.0,,84.0,-818.0,-71.0,685.0,143.0,-306.0,201.0,873.0
334.0,,113.0,-764.0,-59.0,762.0,179.0,-570.0,160.0,917.0
326.0,,174.0,-678.0,-58.0,744.0,193.0,-247.0,134.0,942.0
292.0,,269.0,-597.0,-65.0,697.0,167.0,-522.0,102.0,946.0
213.0,,280.0,-475.0,-66.0,725.0,125.0,-295.0,81.0,922.0
144.0,,341.0,-319.0,-43.0,803.0,118.0,-336.0,81.0,901.0
97.0,,366.0,-201.0,17.0,806.0,125.0,-354.0,78.0,860.0
44.0,,391.0,-132.0,100.0,761.0,70.0,-53.0,92.0,801.0
-17.0,,437.0,-58.0,191.0,776.0,3.0,-339.0,116.0,748.0
-63.0,,413.0,24.0,266.0,780.0,-26.0,9.0,141.0,663.0
-67.0,,430.0,70.0,292.0,760.0,-41.0,-208.0,164.0,565.0
-57.0,,423.0,89.0,265.0,776.0,-45.0,-223.0,174.0,492.0
-79.0,,365.0,81.0,205.0,831.0,-70.0,-269.0,166.0,430.0
-93.0,,337.0,27.0,147.0,845.0,-84.0,-582.0,132.0,360.0
-81.0,,278.0,-64.0,96.0,813.0,-82.0,-345.0,60.0,298.0
-55.0,,192.0,-183.0,60.0,770.0,-70.0,-622.0,-4.0,240.0
-39.0,,173.0,-319.0,52.0,816.0,-53.0,-249.0,-72.0,159.0
-18.0,,144.0,-432.0,59.0,858.0,-51.0,-230.0,-135.0,103.0
53.0,,39.0,-480.0,72.0,803.0,-65.0,-223.0,-160.0,59.0
120.0,,68.0,-466.0,81.0,801.0,-110.0,-18.0,-182.0,29.0
139.0,,71.0,-401.0,84.0,824.0,-145.0,-382.0,-201.0,74.0
152.0,,11.0,-325.0,80.0,864.0,-155.0,-114.0,-215.0,141.0
185.0,,77.0,-268.0,61.0,877.0,-166.0,-319.0,-221.0,207.0
217.0,,46.0,-216.0,38.0,892.0,-161.0,-127.0,-225.0,273.0
219.0,,61.0,-158.0,21.0,979.0,-137.0,-83.0,-232.0,339.0
231.0,,92.0,-102.0,15.0,1020.0,-151.0,-304.0,-215.0,389.0
265.0,,51.0,-76.0,6.0,958.0,-185.0,-97.0,-199.0,410.0
301.0,,80.0,-90.0,-30.0,840.0,-221.0,-474.0,-190.0,426.0
308.0,,46.0,-103.0,-100.0,828.0,-249.0,-216.0,-192.0,417.0
283.0,,33.0,-114.0,-173.0,894.0,-262.0,-400.0,-202.0,400.0
271.0,,22.0,-141.0,-225.0,916.0,-301.0,-424.0,-227.0,359.0
271.0,,-12.0,-171.0,-239.0,877.0,-347.0,-243.0,-262.0,302.0
271.0,,-5.0,-193.0,-214.0,810.0,-358.0,-511.0,-306.0,261.0
279.0,,-39.0,-201.0,-166.0,852.0,-352.0,-110.0,-359.0,218.0
261.0,,-82.0,-193.0,-102.0,911.0,-330.0,-297.0,-381.0,149.0
245.0,,-79.0,-141.0,-26.0,874.0,-294.0,-101.0,-379.0,71.0
222.0,,-128.0,-84.0,40.0,852.0,-310.0,-110.0,-353.0,-10.0
183.0,,-172.0,-62.0,81.0,864.0,-329.0,-264.0,-293.0,-127.0
156.0,,-143.0,-64.0,87.0,819.0,-319.0,5.0,-219.0,-259.0
139.0,,-205.0,-86.0,57.0,726.0,-331.0,-258.0,-129.0,-422.0
139.0,,-178.0,-121.0,21.0,671.0,-344.0,109.0,-27.0,-587.0
95.0,,-160.0,-171.0,17.0,680.0,-361.0,-116.0,65.0,-729.0
44.0,,-202.0,-236.0,62.0,694.0,-394.0,-162.0,147.0,-850.0
29.0,,-115.0,-283.0,138.0,669.0,-429.0,-1.0,199.0,-927.0
7.0,,-97.0,-276.0,205.0,615.0,-440.0,-214.0,215.0,-952.0
-23.0,,-78.0,-250.0,234.0,566.0,-450.0,136.0,205.0,-927.0
-71.0,,-2.0,-237.0,213.0,584.0,-462.0,-116.0,189.0,-867.0
-90.0,,42.0,-203.0,153.0,592.0,-470.0,79.0,152.0,-750.0
-88.0,,99.0,-170.0,67.0,561.0,-460.0,-14.0,102.0,-614.0
-108.0,,177.0,-162.0,-31.0,542.0,-431.0,-120.0,61.0,-471.0
-118.0,,216.0,-149.0,-125.0,560.0,-439.0,133.0,30.0,-310.0
-103.0,,267.0,-139.0,-189.0,577.0,-426.0,-153.0,16.0,-161.0
-95.0,,337.0,-157.0,-216.0,456.0,-412.0,197.0,-6.0,-1.0
-103.0,,356.0,-199.0,-210.0,361.0,-445.0,-49.0,-14.0,143.0
-117.0,,371.0,-266.0,-159.0,400.0,-461.0,-29.0,-13.0,269.0
-125.0,,387.0,-356.0,-67.0,441.0,-433.0,38.0,-22.0,377.0
-114.0,,432.0,-438.0,24.0,419.0,-406.0,-173.0,-24.0,468.0
-105.0,,440.0,-506.0,74.0,418.0,-441.0,120.0,-27.0,541.0
-113.0,,456.0,-590.0,71.0,440.0,-461.0,-164.0,-30.0,581.0
-118.0,,490.0,-658.0,27.0,396.0,-420.0,129.0,-22.0,613.0
-110.0,,495.0,-678.0,-23.0,394.0,-393.0,49.0,2.0,620.0
-103.0,,510.0,-662.0,-66.0,429.0,-408.0,36.0,35.0,598.0
-100.0,,529.0,-607.0,-100.0,477.0,-410.0,227.0,83.0,557.0
-104.0,,533.0,-533.0,-107.0,462.0,-380.0,-72.0,132.0,491.0
-102.0,,543.0,-468.0,-82.0,365.0,-350.0,243.0,175.0,387.0
-82.0,,593.0,-391.0,-29.0,360.0,-328.0,-33.0,226.0,267.0
-76.0,,557.0,-309.0,44.0,385.0,-373.0,121.0,276.0,151.0
-83.0,,570.0,-242.0,107.0,393.0,-435.0,125.0,334.0,22.0
-96.0,,597.0,-172.0,123.0,409.0,-484.0,-75.0,390.0,-75.0
-114.0,,546.0,-126.0,91.0,448.0,-537.0,177.0,459.0,-151.0
-130.0,,558.0,-124.0,29.0,531.0,-589.0,-171.0,531.0,-200.0
-146.0,,525.0,-135.0,-46.0,503.0,-624.0,118.0,584.0,-192.0
-156.0,,497.0,-182.0,-128.0,372.0,-607.0,12.0,608.0,-147.0
-162.0,,479.0,-250.0,-204.0,352.0,-613.0,118.0,605.0,-67.0
-179.0,,421.0,-318.0,-260.0,440.0,-616.0,332.0,584.0,24.0
-189.0,,399.0,-369.0,-270.0,477.0,-606.0,110.0,534.0,102.0
-181.0,,382.0,-392.0,-231.0,427.0,-592.0,436.0,480.0,176.0
-179.0,,337.0,-454.0,-163.0,408.0,-541.0,114.0,415.0,235.0
-164.0,,307.0,-545.0,-91.0,473.0,-506.0,242.0,332.0,277.0
-141.0,,287.0,-599.0,-35.0,541.0,-497.0,129.0,242.0,313.0
-102.0,,250.0,-636.0,3.0,559.0,-511.0,-44.0,141.0,355.0
-56.0,,255.0,-664.0,20.0,544.0,-532.0,118.0,37.0,409.0
-46.0,,217.0,-678.0,10.0,555.0,-513.0,-203.0,-60.0,427.0
-37.0,,209.0,-679.0,-13.0,564.0,-466.0,169.0,-139.0,445.0
-6.0,,226.0,-653.0,-31.0,512.0,-481.0,44.0,-230.0,458.0
28.0,,194.0,-631.0,-20.0,497.0,-511.0,184.0,-305.0,449.0
53.0,,207.0,-606.0,11.0,525.0,-498.0,304.0,-359.0,450.0
86.0,,174.0,-570.0,38.0,536.0,-476.0,99.0,-422.0,436.0
152.0,,170.0,-503.0,36.0,514.0,-443.0,347.0,-468.0,420.0
189.0,,197.0,-414.0,15.0,437.0,-443.0,-48.0,-507.0,407.0
205.0,,162.0,-349.0,-7.0,431.0,-439.0,107.0,-535.0,404.0
237.0,,171.0,-280.0,-27.0,475.0,-431.0,-79.0,-556.0,411.0
258.0,,221.0,-214.0,-34.0,467.0,-448.0,-205.0,-546.0,430.0
245.0,,216.0,-161.0,-22.0,463.0,-470.0,-25.0,-515.0,462.0
204.0,,243.0,-114.0,3.0,502.0,-502.0,-291.0,-472.0,519.0
177.0,,299.0,-87.0,42.0,549.0,-477.0,12.0,-380.0,584.0
153.0,,309.0,-71.0,102.0,546.0,-431.0,-282.0,-274.0,638.0
123.0,,351.0,-87.0,173.0,527.0,-372.0,-160.0,-165.0,708.0
83.0,,353.0,-126.0,220.0,573.0,-303.0,-140.0,-62.0,768.0
51.0,,354.0,-171.0,228.0,648.0,-244.0,-306.0,17.0,838.0
39.0,,387.0,-243.0,216.0,648.0,-150.0,25.0,95.0,915.0
16.0,,365.0,-328.0,195.0,582.0,-98.0,-332.0,159.0,981.0
-9.0,,390.0,-423.0,161.0,538.0,-88.0,-84.0,209.0,1060.0
-42.0,,421.0,-505.0,113.0,549.0,-95.0,-214.0,256.0,1141.0
-49.0,,390.0,-522.0,46.0,529.0,-94.0,-267.0,290.0,1213.0
-25.0,,417.0,-497.0,-49.0,525.0,-69.0,-96.0,315.0,1283.0
-32.0,,388.0,-453.0,-164.0,565.0,-65.0,-349.0,320.0,1347.0
-34.0,,356.0,-394.0,-264.0,611.0,-61.0,-103.0,301.0,1395.0
-6.0,,427.0,-328.0,-317.0,659.0,-35.0,-452.0,262.0,1458.0
24.0,,392.0,-255.0,-300.0,613.0,29.0,-315.0,206.0,1497.0
48.0,,425.0,-163.0,-236.0,571.0,55.0,-369.0,149.0,1491.0
64.0,,455.0,-69.0,-165.0,621.0,71.0,-539.0,83.0,1454.0
99.0,,416.0,1.0,-113.0,695.0,120.0,-286.0,31.0,1370.0
136.0,,479.0,38.0,-83.0,691.0,135.0,-631.0,-23.0,1264.0
155.0,,465.0,14.0,-58.0,601.0,153.0,-365.0,-104.0,1132.0
177.0,,444.0,-14.0,-51.0,575.0,148.0,-545.0,-183.0,955.0
212.0,,485.0,-17.0,-70.0,578.0,134.0,-522.0,-251.0,787.0
270.0,,454.0,-13.0,-100.0,561.0,145.0,-426.0,-300.0,611.0
330.0,,441.0,-8.0,-134.0,588.0,135.0,-668.0,-349.0,399.0
368.0,,465.0,-10.0,-162.0,624.0,125.0,-343.0,-361.0,226.0
391.0,,407.0,-8.0,-185.0,596.0,140.0,-618.0,-350.0,67.0
422.0,,418.0,-19.0,-196.0,527.0,153.0,-445.0,-337.0,-88.0
447.0,,395.0,-44.0,-170.0,493.0,147.0,-594.0,-296.0,-199.0
426.0,,300.0,-46.0,-121.0,517.0,137.0,-750.0,-254.0,-299.0
390.0,,324.0,-23.0,-52.0,538.0,123.0,-580.0,-205.0,-373.0
365.0,,270.0,-41.0,18.0,490.0,124.0,-979.0,-145.0,-401.0
344.0,,219.0,-114.0,63.0,425.0,153.0,-685.0,-62.0,-403.0
304.0,,224.0,-176.0,74.0,419.0,192.0,-864.0,26.0,-365.0
242.0,,166.0,-231.0,47.0,453.0,202.0,-772.0,114.0,-294.0
196.0,,167.0,-281.0,3.0,389.0,196.0,-678.0,211.0,-218.0
153.0,,136.0,-307.0,-48.0,319.0,197.0,-877.0,304.0,-132.0
110.0,,105.0,-332.0,-93.0,372.0,180.0,-576.0,390.0,-55.0
62.0,,125.0,-337.0,-106.0,375.0,155.0,-883.0,464.0,-10.0
36.0,,82.0,-318.0,-80.0,345.0,128.0,-679.0,528.0,48.0
46.0,,69.0,-277.0,-25.0,322.0,100.0,-820.0,581.0,87.0
30.0,,57.0,-220.0,42.0,287.0,87.0,-846.0,617.0,93.0
13.0,,14.0,-175.0,104.0,292.0,79.0,-667.0,626.0,119.0
30.0,,11.0,-151.0,142.0,255.0,68.0,-1064.0,626.0,125.0
66.0,,-17.0,-161.0,142.0,194.0,77.0,-859.0,624.0,123.0
96.0,,-77.0,-197.0,93.0,185.0,82.0,-1202.0,629.0,121.0
120.0,,-103.0,-221.0,5.0,180.0,85.0,-1106.0,653.0,102.0
175.0,,-138.0,-271.0,-80.0,160.0,83.0,-1003.0,663.0,76.0
241.0,,-185.0,-333.0,-120.0,174.0,60.0,-1056.0,682.0,47.0
256.0,,-190.0,-334.0,-100.0,200.0,62.0,-674.0,683.0,7.0
248.0,,-210.0,-314.0,-36.0,187.0,73.0,-938.0,654.0,-50.0
276.0,,-218.0,-297.0,43.0,162.0,118.0,-696.0,621.0,-105.0
292.0,,-198.0,-270.0,109.0,143.0,130.0,-907.0,552.0,-165.0
298.0,,-207.0,-221.0,142.0,87.0,94.0,-947.0,459.0,-217.0
304.0,,-186.0,-162.0,139.0,49.0,93.0,-801.0,343.0,-282.0
295.0,,-148.0,-133.0,115.0,52.0,56.0,-1141.0,212.0,-351.0
289.0,,-131.0,-74.0,93.0,54.0,23.0,-933.0,85.0,-398.0
253.0,,-90.0,-8.0,80.0,81.0,7.0,-1321.0,-25.0,-430.0
213.0,,-58.0,6.0,76.0,94.0,-17.0,-1202.0,-120.0,-441.0
183.0,,-4.0,-4.0,77.0,95.0,0.0,-1149.0,-195.0,-455.0
155.0,,36.0,-22.0,86.0,87.0,32.0,-1193.0,-227.0,-461.0
121.0,,40.0,-36.0,106.0,68.0,48.0,-853.0,-237.0,-455.0
76.0,,111.0,-43.0,133.0,74.0,47.0,-1130.0,-225.0,-449.0
35.0,,131.0,-61.0,140.0,82.0,58.0,-805.0,-170.0,-470.0
-27.0,,132.0,-108.0,113.0,105.0,77.0,-949.0,-99.0,-511.0
-103.0,,183.0,-163.0,58.0,142.0,66.0,-840.0,-24.0,-558.0
-169.0,,165.0,-189.0,-10.0,163.0,63.0,-639.0,62.0,-606.0
-213.0,,165.0,-190.0,-70.0,142.0,98.0,-883.0,162.0,-625.0
-255.0,,183.0,-190.0,-103.0,128.0,111.0,-563.0,260.0,-640.0
-283.0,,146.0,-178.0,-99.0,160.0,108.0,-881.0,328.0,-634.0
-285.0,,181.0,-132.0,-72.0,217.0,94.0,-694.0,371.0,-571.0
-295.0,,204.0,-64.0,-54.0,251.0,60.0,-774.0,400.0,-473.0
-318.0,,187.0,-12.0,-49.0,210.0,33.0,-942.0,409.0,-355.0
-351.0,,226.0,42.0,-55.0,213.0,10.0,-753.0,401.0,-200.0
-378.0,,249.0,106.0,-66.0,262.0,27.0,-1042.0,372.0,-26.0
-416.0,,275.0,141.0,-77.0,308.0,76.0,-674.0,318.0,141.0
-455.0,,339.0,152.0,-99.0,348.0,105.0,-870.0,253.0,290.0
-472.0,,371.0,161.0,-134.0,351.0,110.0,-733.0,181.0,422.0
-498.0,,381.0,162.0,-187.0,371.0,133.0,-641.0,101.0,547.0
-527.0,,438.0,123.0,-249.0,382.0,154.0,-885.0,16.0,628.0
-535.0,,431.0,48.0,-301.0,391.0,139.0,-500.0,-78.0,640.0
-547.0,,437.0,-42.0,-327.0,381.0,148.0,-739.0,-154.0,629.0
-560.0,,464.0,-133.0,-328.0,368.0,151.0,-419.0,-231.0,595.0
-546.0,,460.0,-210.0,-317.0,385.0,150.0,-423.0,-295.0,514.0
-518.0,,454.0,-252.0,-288.0,382.0,138.0,-434.0,-338.0,406.0
-483.0,,412.0,-253.0,-226.0,387.0,115.0,-208.0,-370.0,262.0
-442.0,,426.0,-252.0,-138.0,382.0,151.0,-517.0,-372.0,120.0
-402.0,,384.0,-265.0,-55.0,381.0,169.0,-297.0,-358.0,-24.0
-358.0,,333.0,-273.0,2.0,392.0,174.0,-681.0,-352.0,-164.0
-312.0,,311.0,-272.0,47.0,399.0,196.0,-620.0,-344.0,-267.0
-284.0,,228.0,-274.0,87.0,418.0,194.0,-615.0,-321.0,-376.0
-273.0,,156.0,-276.0,113.0,437.0,182.0,-779.0,-289.0,-470.0
-245.0,,138.0,-252.0,122.0,430.0,180.0,-417.0,-243.0,-565.0
-200.0,,73.0,-225.0,121.0,404.0,224.0,-678.0,-185.0,-646.0
-169.0,,18.0,-210.0,120.0,420.0,266.0,-373.0,-125.0,-727.0
-151.0,,26.0,-163.0,113.0,450.0,278.0,-461.0,-73.0,-812.0
-112.0,,-53.0,-120.0,103.0,440.0,305.0,-391.0,-35.0,-877.0
-61.0,,-61.0,-98.0,104.0,438.0,321.0,-177.0,2.0,-968.0
-31.0,,-68.0,-76.0,128.0,440.0,349.0,-408.0,37.0,-1030.0
-21.0,,-108.0,-72.0,178.0,423.0,402.0,-99.0,70.0,-1071.0
10.0,,-83.0,-83.0,243.0,390.0,438.0,-412.0,109.0,-1073.0
65.0,,-109.0,-99.0,305.0,356.0,471.0,-225.0,138.0,-1024.0
81.0,,-113.0,-116.0,344.0,333.0,478.0,-238.0,168.0,-942.0
59.0,,-113.0,-139.0,346.0,286.0,470.0,-365.0,205.0,-799.0
47.0,,-124.0,-202.0,313.0,292.0,489.0,-129.0,224.0,-647.0
72.0,,-125.0,-291.0,265.0,277.0,510.0,-474.0,231.0,-464.0
101.0,,-127.0,-370.0,210.0,214.0,501.0,-190.0,225.0,-269.0
111.0,,-136.0,-427.0,144.0,220.0,472.0,-397.0,200.0,-80.0
120.0,,-116.0,-479.0,79.0,231.0,475.0,-332.0,155.0,99.0
139.0,,-110.0,-526.0,24.0,235.0,460.0,-216.0,112.0,233.0
154.0,,-114.0,-547.0,-30.0,166.0,432.0,-389.0,76.0,335.0
132.0,,-39.0,-578.0,-91.0,72.0,437.0,48.0,39.0,377.0
113.0,,-22.0,-618.0,-152.0,73.0,444.0,-112.0,14.0,377.0
102.0,,16.0,-607.0,-194.0,100.0,467.0,225.0,15.0,354.0
84.0,,96.0,-539.0,-212.0,125.0,493.0,114.0,54.0,319.0
66.0,,103.0,-434.0,-223.0,82.0,499.0,-62.0,108.0,293.0
39.0,,158.0,-304.0,-224.0,0.0,513.0,84.0,167.0,267.0
35.0,,168.0,-178.0,-212.0,-32.0,531.0,-247.0,242.0,258.0
27.0,,170.0,-71.0,-187.0,-37.0,545.0,129.0,332.0,233.0
8.0,,218.0,4.0,-141.0,-31.0,584.0,-11.0,435.0,209.0
19.0,,178.0,30.0,-79.0,-28.0,608.0,103.0,537.0,187.0
44.0,,183.0,48.0,-6.0,-37.0,617.0,94.0,617.0,114.0
59.0,,177.0,70.0,41.0,-45.0,645.0,-158.0,664.0,14.0
45.0,,117.0,61.0,42.0,-14.0,654.0,66.0,696.0,-102.0
60.0,,107.0,29.0,15.0,-33.0,663.0,-214.0,706.0,-247.0
113.0,,45.0,-6.0,-7.0,-128.0,658.0,210.0,679.0,-401.0
133.0,,-14.0,-28.0,-18.0,-190.0,633.0,236.0,642.0,-562.0
123.0,,-39.0,-38.0,-24.0,-212.0,603.0,312.0,598.0,-696.0
129.0,,-92.0,-48.0,-38.0,-223.0,562.0,476.0,527.0,-791.0
144.0,,-128.0,-34.0,-52.0,-285.0,526.0,121.0,433.0,-868.0
134.0,,-165.0,-22.0,-59.0,-346.0,499.0,437.0,337.0,-906.0
117.0,,-186.0,-35.0,-61.0,-329.0,507.0,157.0,244.0,-909.0
88.0,,-192.0,-44.0,-64.0,-334.0,515.0,245.0,146.0,-894.0
72.0,,-209.0,-41.0,-68.0,-425.0,520.0,182.0,52.0,-868.0
56.0,,-201.0,-37.0,-73.0,-507.0,539.0,-18.0,-17.0,-808.0
-18.0,,-198.0,-85.0,-82.0,-527.0,541.0,279.0,-68.0,-716.0
-84.0,,-199.0,-155.0,-97.0,-521.0,584.0,7.0,-98.0,-616.0
-117.0,,-182.0,-195.0,-109.0,-486.0,604.0,345.0,-97.0,-497.0
-163.0,,-165.0,-231.0,-102.0,-509.0,585.0,225.0,-77.0,-381.0
-247.0,,-164.0,-228.0,-64.0,-525.0,590.0,197.0,-46.0,-257.0
-347.0,,-116.0,-173.0,-23.0,-494.0,601.0,275.0,-8.0,-127.0
-415.0,,-76.0,-94.0,-3.0,-565.0,601.0,-16.0,38.0,-23.0
-465.0,,-79.0,-10.0,-12.0,-614.0,600.0,330.0,90.0,39.0
-539.0,,-5.0,56.0,-47.0,-625.0,629.0,105.0,143.0,77.0
-633.0,,8.0,85.0,-107.0,-709.0,635.0,264.0,207.0,89.0
-667.0,,8.0,71.0,-177.0,-760.0,599.0,201.0,270.0,44.0
-666.0,,36.0,57.0,-227.0,-809.0,554.0,105.0,332.0,-9.0
-704.0,,13.0,55.0,-250.0,-854.0,497.0,343.0,387.0,-76.0
-743.0,,22.0,52.0,-249.0,-847.0,446.0,42.0,423.0,-172.0
-758.0,,-6.0,24.0,-220.0,-929.0,446.0,356.0,458.0,-243.0
-766.0,,-52.0,-13.0,-168.0,-978.0,450.0,188.0,484.0,-296.0
-790.0,,-73.0,0.0,-108.0,-888.0,412.0,319.0,504.0,-358.0
-794.0,,-133.0,10.0,-49.0,-884.0,396.0,423.0,527.0,-390.0
-777.0,,-191.0,8.0,10.0,-986.0,403.0,171.0,543.0,-362.0
-749.0,,-223.0,24.0,77.0,-1068.0,447.0,474.0,579.0,-336.0
-722.0,,-268.0,18.0,146.0,-1101.0,506.0,184.0,635.0,-281.0
-719.0,,-292.0,11.0,209.0,-1148.0,519.0,432.0,667.0,-192.0
-688.0,,-315.0,6.0,257.0,-1201.0,520.0,347.0,682.0,-138.0
-640.0,,-354.0,-24.0,282.0,-1208.0,537.0,264.0,676.0,-104.0
-608.0,,-333.0,-54.0,280.0,-1185.0,550.0,426.0,634.0,-95.0
-588.0,,-331.0,-69.0,268.0,-1151.0,529.0,116.0,575.0,-101.0
-550.0,,-344.0,-93.0,268.0,-1171.0,470.0,463.0,495.0,-148.0
-465.0,,-282.0,-153.0,294.0,-1199.0,405.0,280.0,414.0,-228.0
-398.0,,-261.0,-214.0,340.0,-1177.0,385.0,471.0,330.0,-293.0
-385.0,,-211.0,-274.0,374.0,-1176.0,391.0,541.0,247.0,-373.0
-360.0,,-125.0,-363.0,374.0,-1196.0,364.0,354.0,171.0,-440.0
-285.0,,-100.0,-493.0,330.0,-1217.0,323.0,644.0,71.0,-466.0
-234.0,,-24.0,-653.0,256.0,-1224.0,319.0,365.0,-13.0,-471.0
-236.0,,58.0,-789.0,166.0,-1233.0,359.0,681.0,-79.0,-463.0
-232.0,,93.0,-915.0,68.0,-1249.0,372.0,556.0,-138.0,-475.0
-200.0,,162.0,-1010.0,-25.0,-1243.0,377.0,530.0,-176.0,-485.0
-189.0,,213.0,-1027.0,-124.0,-1249.0,413.0,633.0,-182.0,-452.0
-229.0,,234.0,-1034.0,-227.0,-1220.0,402.0,314.0,-149.0,-421.0
-253.0,,284.0,-1007.0,-327.0,-1212.0,377.0,672.0,-106.0,-393.0
-236.0,,281.0,-913.0,-394.0,-1243.0,377.0,467.0,-70.0,-340.0
-232.0,,273.0,-817.0,-409.0,-1252.0,369.0,722.0,-35.0,-284.0
-268.0,,299.0,-740.0,-362.0,-1260.0,373.0,759.0,6.0,-237.0
-301.0,,271.0,-660.0,-254.0,-1220.0,390.0,596.0,42.0,-173.0
-285.0,,251.0,-592.0,-130.0,-1224.0,375.0,914.0,74.0,-106.0
-265.0,,231.0,-556.0,-17.0,-1217.0,325.0,672.0,101.0,-31.0
-290.0,,214.0,-537.0,60.0,-1147.0,307.0,984.0,120.0,49.0
-315.0,,189.0,-558.0,90.0,-1102.0,311.0,840.0,124.0,135.0
-281.0,,135.0,-577.0,90.0,-1041.0,333.0,879.0,101.0,265.0
-239.0,,131.0,-619.0,91.0,-1013.0,347.0,1012.0,78.0,377.0
-241.0,,89.0,-719.0,122.0,-1009.0,352.0,787.0,47.0,436.0
-208.0,,44.0,-781.0,177.0,-999.0,386.0,1156.0,15.0,483.0
-126.0,,35.0,-810.0,222.0,-978.0,409.0,905.0,-9.0,542.0
-75.0,,-26.0,-840.0,230.0,-961.0,436.0,1090.0,-45.0,583.0
-56.0,,-25.0,-871.0,208.0,-928.0,489.0,1027.0,-65.0,598.0
-59.0,,-26.0,-876.0,184.0,-844.0,503.0,918.0,-68.0,617.0
-46.0,,-73.0,-849.0,169.0,-777.0,510.0,1201.0,-83.0,570.0
-18.0,,-47.0,-817.0,152.0,-742.0,565.0,962.0,-111.0,500.0
-40.0,,-17.0,-761.0,118.0,-734.0,594.0,1321.0,-141.0,400.0
-75.0,,-7.0,-701.0,66.0,-665.0,601.0,1130.0,-179.0,227.0
-94.0,,31.0,-647.0,-1.0,-563.0,603.0,1226.0,-220.0,78.0
-97.0,,82.0,-606.0,-66.0,-569.0,601.0,1378.0,-252.0,-90.0
-115.0,,113.0,-584.0,-101.0,-595.0,606.0,1189.0,-250.0,-276.0
-141.0,,124.0,-543.0,-94.0,-546.0,609.0,1518.0,-230.0,-404.0
-146.0,,151.0,-473.0,-53.0,-501.0,636.0,1182.0,-204.0,-519.0
-146.0,,156.0,-400.0,5.0,-486.0,652.0,1365.0,-153.0,-635.0
-157.0,,134.0,-343.0,50.0,-467.0,655.0,1269.0,-106.0,-692.0
-194.0,,126.0,-299.0,50.0,-413.0,671.0,1204.0,-71.0,-709.0
-212.0,,82.0,-261.0,19.0,-315.0,670.0,1435.0,-50.0,-711.0
-206.0,,26.0,-215.0,-16.0,-276.0,666.0,1095.0,-51.0,-667.0
-228.0,,8.0,-165.0,-33.0,-300.0,696.0,1407.0,-55.0,-618.0
-276.0,,-27.0,-117.0,-16.0,-298.0,721.0,1234.0,-52.0,-569.0
-312.0,,-77.0,-68.0,29.0,-279.0,718.0,1400.0,-37.0,-478.0
-331.0,,-81.0,-7.0,84.0,-243.0,691.0,1496.0,-12.0,-383.0
-362.0,,-84.0,27.0,128.0,-212.0,691.0,1306.0,18.0,-313.0
-406.0,,-116.0,6.0,166.0,-239.0,726.0,1620.0,39.0,-228.0
-450.0,,-89.0,-17.0,200.0,-259.0,704.0,1313.0,53.0,-134.0
-463.0,,-83.0,-48.0,228.0,-232.0,680.0,1557.0,59.0,-54.0
-492.0,,-78.0,-103.0,255.0,-183.0,673.0,1424.0,72.0,9.0
-529.0,,-24.0,-170.0,276.0,-102.0,665.0,1356.0,99.0,43.0
-548.0,,-26.0,-237.0,272.0,-89.0,650.0,1492.0,103.0,38.0
-575.0,,20.0,-288.0,227.0,-143.0,609.0,1116.0,102.0,9.0
-572.0,,63.0,-324.0,139.0,-146.0,617.0,1369.0,104.0,-34.0
-575.0,,58.0,-318.0,38.0,-154.0,651.0,1047.0,116.0,-105.0
-587.0,,93.0,-293.0,-40.0,-177.0,654.0,1186.0,142.0,-189.0
-578.0,,102.0,-225.0,-81.0,-147.0,636.0,1284.0,150.0,-261.0
-549.0,,113.0,-125.0,-69.0,-133.0,624.0,1182.0,152.0,-323.0
-507.0,,124.0,-48.0,-17.0,-109.0,616.0,1494.0,160.0,-348.0
-480.0,,113.0,0.0,46.0,-69.0,610.0,1149.0,138.0,-319.0
-424.0,,111.0,0.0,99.0,-84.0,599.0,1393.0,105.0,-260.0
-346.0,,96.0,5.0,130.0,-108.0,579.0,1239.0,80.0,-155.0
-293.0,,94.0,5.0,153.0,-75.0,581.0,1269.0,46.0,-15.0
-260.0,,101.0,-32.0,181.0,-25.0,556.0,1426.0,-4.0,136.0
-223.0,,101.0,-103.0,213.0,-31.0,483.0,1119.0,-64.0,298.0
-172.0,,123.0,-211.0,228.0,-51.0,424.0,1387.0,-120.0,451.0
-150.0,,131.0,-304.0,213.0,-68.0,392.0,1027.0,-171.0,585.0
-154.0,,156.0,-395.0,172.0,-62.0,365.0,1134.0,-209.0,699.0
-164.0,,192.0,-491.0,115.0,-29.0,331.0,1077.0,-241.0,806.0
-152.0,,215.0,-541.0,56.0,-34.0,310.0,944.0,-250.0,861.0
-142.0,,238.0,-580.0,3.0,-64.0,303.0,1232.0,-235.0,872.0
-177.0,,263.0,-612.0,-39.0,-63.0,302.0,942.0,-217.0,904.0
-198.0,,283.0,-637.0,-69.0,2.0,311.0,1256.0,-185.0,917.0
-208.0,,297.0,-628.0,-79.0,41.0,321.0,1043.0,-149.0,918.0
-236.0,,337.0,-590.0,-61.0,23.0,324.0,1019.0,-111.0,940.0
-282.0,,351.0,-562.0,-31.0,-4.0,303.0,1128.0,-62.0,940.0
-312.0,,358.0,-563.0,-19.0,18.0,288.0,909.0,-22.0,946.0
-301.0,,376.0,-617.0,-40.0,127.0,277.0,1204.0,6.0,960.0
-293.0,,367.0,-683.0,-84.0,138.0,276.0,883.0,28.0,931.0
-326.0,,347.0,-719.0,-135.0,104.0,281.0,1055.0,40.0,893.0
-356.0,,333.0,-712.0,-175.0,159.0,256.0,968.0,50.0,842.0
-330.0,,319.0,-698.0,-184.0,187.0,232.0,868.0,35.0,746.0
-313.0,,345.0,-668.0,-174.0,182.0,218.0,1051.0,9.0,618.0
-340.0,,373.0,-604.0,-165.0,155.0,247.0,687.0,-18.0,475.0
-373.0,,366.0,-519.0,-155.0,116.0,256.0,940.0,-48.0,292.0
-347.0,,417.0,-442.0,-131.0,171.0,205.0,681.0,-60.0,119.0
-286.0,,432.0,-392.0,-109.0,246.0,159.0,812.0,-77.0,-19.0
-315.0,,414.0,-330.0,-98.0,271.0,124.0,962.0,-94.0,-144.0
-378.0,,432.0,-287.0,-98.0,286.0,102.0,772.0,-107.0,-221.0
-366.0,,431.0,-261.0,-108.0,258.0,101.0,1069.0,-121.0,-276.0
-352.0,,436.0,-236.0,-113.0,244.0,101.0,753.0,-147.0,-278.0
-364.0,,435.0,-246.0,-102.0,259.0,48.0,1010.0,-178.0,-246.0
-362.0,,426.0,-325.0,-73.0,359.0,10.0,973.0,-201.0,-207.0
-316.0,,436.0,-431.0,-34.0,423.0,17.0,977.0,-238.0,-151.0
-246.0,,423.0,-463.0,12.0,334.0,48.0,1152.0,-258.0,-89.0
-210.0,,425.0,-457.0,52.0,321.0,57.0,776.0,-249.0,-7.0
-171.0,,441.0,-456.0,61.0,365.0,10.0,1025.0,-230.0,56.0
-103.0,,393.0,-450.0,39.0,421.0,5.0,766.0,-204.0,135.0
-24.0,,412.0,-409.0,8.0,444.0,-20.0,957.0,-169.0,205.0
43.0,,397.0,-344.0,6.0,417.0,-42.0,1079.0,-116.0,250.0
90.0,,337.0,-276.0,42.0,430.0,-45.0,925.0,-69.0,321.0
151.0,,349.0,-188.0,83.0,475.0,-61.0,1173.0,-35.0,375.0
224.0,,295.0,-110.0,117.0,542.0,-65.0,761.0,-5.0,422.0
287.0,,256.0,-41.0,142.0,553.0,-93.0,979.0,29.0,465.0
317.0,,224.0,6.0,147.0,514.0,-87.0,868.0,61.0,504.0
344.0,,170.0,11.0,131.0,458.0,-105.0,873.0,90.0,525.0
402.0,,134.0,-13.0,91.0,421.0,-134.0,1038.0,116.0,533.0
474.0,,107.0,-64.0,36.0,475.0,-118.0,750.0,140.0,529.0
517.0,,61.0,-172.0,-4.0,517.0,-132.0,1071.0,182.0,505.0
534.0,,31.0,-332.0,-3.0,499.0,-161.0,726.0,236.0,471.0
592.0,,34.0,-495.0,34.0,515.0,-172.0,798.0,291.0,424.0
628.0,,18.0,-661.0,70.0,534.0,-156.0,809.0,346.0,382.0
603.0,,30.0,-793.0,76.0,569.0,-172.0,744.0,410.0,358.0
559.0,,39.0,-864.0,52.0,632.0,-205.0,1151.0,473.0,346.0
537.0,,71.0,-907.0,12.0,626.0,-205.0,873.0,511.0,344.0
529.0,,78.0,-927.0,-26.0,588.0,-194.0,1093.0,546.0,351.0
447.0,,75.0,-914.0,-55.0,613.0,-174.0,861.0,566.0,366.0
338.0,,138.0,-879.0,-72.0,647.0,-143.0,853.0,555.0,403.0
279.0,,146.0,-820.0,-85.0,586.0,-113.0,970.0,530.0,427.0
235.0,,148.0,-728.0,-97.0,502.0,-137.0,679.0,499.0,450.0
143.0,,177.0,-655.0,-97.0,480.0,-202.0,949.0,445.0,488.0
37.0,,142.0,-604.0,-81.0,533.0,-219.0,602.0,369.0,538.0
3.0,,127.0,-552.0,-58.0,571.0,-231.0,787.0,290.0,585.0
-19.0,,100.0,-514.0,-18.0,567.0,-255.0,770.0,220.0,614.0
-80.0,,28.0,-449.0,31.0,578.0,-242.0,655.0,156.0,666.0
-139.0,,-20.0,-359.0,63.0,591.0,-249.0,885.0,92.0,705.0
-148.0,,-103.0,-302.0,68.0,651.0,-267.0,545.0,40.0,743.0
-112.0,,-166.0,-262.0,52.0,664.0,-249.0,811.0,9.0,783.0
-111.0,,-234.0,-217.0,27.0,599.0,-237.0,624.0,4.0,806.0
-124.0,,-300.0,-186.0,6.0,609.0,-225.0,761.0,31.0,829.0
-100.0,,-362.0,-178.0,-6.0,644.0,-203.0,883.0,73.0,822.0
-58.0,,-423.0,-167.0,-12.0,611.0,-183.0,637.0,111.0,790.0
-37.0,,-431.0,-162.0,-14.0,611.0,-168.0,838.0,139.0,748.0
-32.0,,-462.0,-186.0,-10.0,646.0,-162.0,395.0,152.0,693.0
1.0,,-442.0,-210.0,0.0,653.0,-161.0,509.0,150.0,631.0
32.0,,-428.0,-235.0,9.0,709.0,-197.0,343.0,137.0,570.0
31.0,,-414.0,-294.0,18.0,761.0,-266.0,253.0,103.0,512.0
26.0,,-362.0,-342.0,53.0,732.0,-303.0,439.0,66.0,454.0
23.0,,-337.0,-396.0,110.0,719.0,-320.0,199.0,24.0,402.0
22.0,,-277.0,-463.0,167.0,718.0,-349.0,591.0,-27.0,356.0
-3.0,,-232.0,-505.0,205.0,746.0,-367.0,408.0,-69.0,318.0
-57.0,,-166.0,-532.0,206.0,821.0,-358.0,576.0,-110.0,295.0
-108.0,,-104.0,-522.0,170.0,786.0,-336.0,598.0,-144.0,291.0
-169.0,,-60.0,-463.0,116.0,716.0,-328.0,365.0,-159.0,299.0
-218.0,,20.0,-390.0,70.0,703.0,-336.0,539.0,-158.0,310.0
-279.0,,20.0,-318.0,54.0,728.0,-322.0,129.0,-139.0,351.0
-360.0,,58.0,-217.0,76.0,780.0,-339.0,345.0,-109.0,418.0
-410.0,,116.0,-135.0,118.0,755.0,-386.0,173.0,-67.0,490.0
-453.0,,93.0,-93.0,155.0,691.0,-377.0,157.0,-23.0,584.0
-508.0,,128.0,-53.0,175.0,669.0,-381.0,328.0,17.0,682.0
-530.0,,136.0,-32.0,174.0,703.0,-389.0,60.0,34.0,772.0
-502.0,,116.0,-12.0,149.0,699.0,-331.0,375.0,22.0,841.0
-476.0,,124.0,-3.0,107.0,680.0,-267.0,145.0,4.0,887.0
-460.0,,101.0,-6.0,48.0,718.0,-279.0,336.0,-19.0,907.0
-403.0,,86.0,-34.0,-10.0,730.0,-322.0,319.0,-52.0,923.0
-315.0,,88.0,-104.0,-61.0,713.0,-320.0,192.0,-122.0,926.0
-246.0,,74.0,-176.0,-109.0,674.0,-327.0,493.0,-199.0,903.0
-197.0,,48.0,-259.0,-153.0,684.0,-330.0,182.0,-234.0,870.0
-142.0,,36.0,-329.0,-189.0,657.0,-317.0,384.0,-248.0,792.0
-74.0,,0.0,-379.0,-208.0,594.0,-332.0,88.0,-242.0,699.0
-4.0,,-21.0,-418.0,-205.0,608.0,-327.0,-11.0,-198.0,604.0
54.0,,-39.0,-418.0,-178.0,590.0,-299.0,-14.0,-137.0,524.0
118.0,,-71.0,-381.0,-137.0,630.0,-290.0,-334.0,-61.0,435.0
156.0,,-67.0,-322.0,-85.0,647.0,-314.0,-5.0,22.0,353.0
186.0,,-101.0,-273.0,-35.0,608.0,-323.0,-192.0,100.0,282.0
212.0,,-112.0,-241.0,4.0,627.0,-278.0,94.0,175.0,192.0
193.0,,-95.0,-226.0,32.0,615.0,-245.0,35.0,231.0,161.0
192.0,,-107.0,-245.0,42.0,593.0,-257.0,-99.0,262.0,133.0
207.0,,-87.0,-279.0,40.0,541.0,-269.0,136.0,259.0,134.0
213.0,,-58.0,-310.0,32.0,534.0,-273.0,-175.0,268.0,175.0
213.0,,-43.0,-335.0,13.0,583.0,-300.0,138.0,273.0,211.0
204.0,,7.0,-365.0,-10.0,621.0,-327.0,-53.0,254.0,272.0
215.0,,21.0,-446.0,-38.0,643.0,-324.0,36.0,233.0,330.0
227.0,,32.0,-551.0,-65.0,648.0,-341.0,145.0,191.0,408.0
219.0,,75.0,-654.0,-90.0,658.0,-372.0,-97.0,139.0,486.0
201.0,,48.0,-732.0,-103.0,646.0,-399.0,168.0,69.0,573.0
202.0,,47.0,-763.0,-98.0,648.0,-450.0,-166.0,24.0,662.0
212.0,,48.0,-789.0,-85.0,607.0,-492.0,16.0,-12.0,740.0
210.0,,12.0,-813.0,-67.0,603.0,-457.0,-134.0,-41.0,803.0
202.0,,-18.0,-834.0,-56.0,670.0,-380.0,-212.0,-47.0,810.0
184.0,,-50.0,-847.0,-61.0,663.0,-313.0,53.0,-77.0,804.0
162.0,,-94.0,-839.0,-67.0,642.0,-260.0,-162.0,-90.0,766.0
118.0,,-134.0,-828.0,-83.0,617.0,-225.0,188.0,-90.0,694.0
54.0,,-175.0,-821.0,-123.0,584.0,-193.0,-116.0,-102.0,604.0
7.0,,-235.0,-823.0,-192.0,594.0,-201.0,-84.0,-116.0,487.0
-23.0,,-291.0,-828.0,-275.0,570.0,-232.0,-81.0,-121.0,358.0
-59.0,,-338.0,-816.0,-337.0,521.0,-238.0,-266.0,-138.0,233.0
-87.0,,-355.0,-781.0,-348.0,520.0,-258.0,79.0,-153.0,123.0
-88.0,,-384.0,-747.0,-301.0,503.0,-299.0,-201.0,-161.0,16.0
-96.0,,-384.0,-705.0,-208.0,484.0,-314.0,55.0,-190.0,-48.0
-106.0,,-384.0,-665.0,-81.0,484.0,-291.0,-121.0,-191.0,-100.0
-93.0,,-415.0,-650.0,64.0,471.0,-262.0,-214.0,-190.0,-111.0
-69.0,,-396.0,-636.0,198.0,455.0,-230.0,-88.0,-198.0,-74.0
-37.0,,-398.0,-625.0,287.0,406.0,-210.0,-395.0,-199.0,-9.0
-27.0,,-420.0,-636.0,326.0,363.0,-221.0,-96.0,-198.0,107.0
-37.0,,-395.0,-692.0,322.0,395.0,-258.0,-410.0,-186.0,231.0
-14.0,,-424.0,-757.0,285.0,418.0,-271.0,-264.0,-192.0,372.0
20.0,,-446.0,-766.0,222.0,392.0,-243.0,-238.0,-196.0,519.0
50.0,,-430.0,-753.0,151.0,386.0,-225.0,-380.0,-187.0,667.0
60.0,,-468.0,-723.0,95.0,365.0,-236.0,-40.0,-173.0,791.0
83.0,,-458.0,-653.0,66.0,350.0,-240.0,-319.0,-157.0,890.0
123.0,,-473.0,-584.0,67.0,340.0,-229.0,-27.0,-147.0,964.0
124.0,,-489.0,-491.0,92.0,288.0,-250.0,-240.0,-147.0,992.0
102.0,,-466.0,-367.0,121.0,328.0,-274.0,-314.0,-159.0,997.0
84.0,,-458.0,-245.0,144.0,409.0,-290.0,-188.0,-167.0,959.0
90.0,,-423.0,-174.0,154.0,426.0,-313.0,-437.0,-184.0,893.0
98.0,,-414.0,-140.0,139.0,488.0,-325.0,-66.0,-201.0,791.0
81.0,,-362.0,-101.0,90.0,514.0,-330.0,-319.0,-195.0,675.0
52.0,,-329.0,-68.0,19.0,493.0,-320.0,-134.0,-188.0,554.0
28.0,,-293.0,-17.0,-54.0,488.0,-333.0,-186.0,-180.0,422.0
4.0,,-231.0,-8.0,-104.0,440.0,-360.0,-406.0,-148.0,305.0
-44.0,,-192.0,-35.0,-113.0,483.0,-370.0,-182.0,-100.0,192.0
-86.0,,-114.0,-84.0,-81.0,477.0,-367.0,-469.0,-59.0,84.0
-92.0,,-83.0,-152.0,-22.0,399.0,-350.0,-184.0,-7.0,0.0
-75.0,,-40.0,-189.0,35.0,447.0,-314.0,-362.0,56.0,-73.0
-62.0,,6.0,-221.0,69.0,505.0,-269.0,-301.0,135.0,-154.0
-56.0,,34.0,-234.0,68.0,530.0,-232.0,-219.0,221.0,-233.0
-25.0,,76.0,-260.0,34.0,498.0,-204.0,-471.0,288.0,-300.0
2.0,,75.0,-292.0,-11.0,461.0,-209.0,-169.0,362.0,-365.0
30.0,,114.0,-308.0,-42.0,421.0,-232.0,-469.0,440.0,-412.0
45.0,,122.0,-342.0,-41.0,385.0,-225.0,-230.0,498.0,-445.0
75.0,,85.0,-360.0,-3.0,352.0,-203.0,-295.0,532.0,-487.0
149.0,,93.0,-374.0,48.0,299.0,-197.0,-399.0,544.0,-541.0
201.0,,45.0,-395.0,88.0,311.0,-210.0,-151.0,544.0,-605.0
217.0,,-2.0,-403.0,112.0,315.0,-206.0,-447.0,519.0,-658.0
218.0,,-37.0,-380.0,126.0,298.0,-188.0,-151.0,468.0,-705.0
240.0,,-109.0,-334.0,142.0,305.0,-183.0,-408.0,403.0,-727.0
255.0,,-121.0,-282.0,163.0,394.0,-184.0,-360.0,308.0,-720.0
238.0,,-171.0,-204.0,185.0,460.0,-174.0,-269.0,201.0,-687.0
223.0,,-208.0,-100.0,194.0,423.0,-163.0,-424.0,93.0,-618.0
217.0,,-220.0,-44.0,174.0,417.0,-163.0,-81.0,-20.0,-539.0
196.0,,-232.0,-31.0,121.0,434.0,-132.0,-380.0,-113.0,-434.0
136.0,,-208.0,-37.0,36.0,387.0,-94.0,-125.0,-197.0,-329.0
84.0,,-197.0,-72.0,-67.0,325.0,-85.0,-254.0,-266.0,-219.0
35.0,,-158.0,-140.0,-159.0,301.0,-67.0,-360.0,-306.0,-92.0
-39.0,,-123.0,-251.0,-219.0,217.0,-74.0,-195.0,-328.0,9.0
-108.0,,-95.0,-347.0,-250.0,193.0,-107.0,-509.0,-329.0,113.0
-160.0,,-90.0,-423.0,-253.0,148.0,-88.0,-177.0,-322.0,217.0
-185.0,,-38.0,-493.0,-232.0,43.0,-62.0,-419.0,-295.0,285.0
-207.0,,-20.0,-546.0,-193.0,41.0,-64.0,-299.0,-256.0,330.0
-254.0,,-14.0,-581.0,-166.0,-21.0,-73.0,-288.0,-221.0,359.0
-296.0,,42.0,-600.0,-165.0,-102.0,-82.0,-509.0,-178.0,374.0
-316.0,,5.0,-635.0,-187.0,-148.0,-91.0,-236.0,-140.0,404.0
-308.0,,33.0,-675.0,-225.0,-152.0,-151.0,-561.0,-86.0,437.0
-317.0,,24.0,-680.0,-259.0,-91.0,-187.0,-262.0,-39.0,460.0
-348.0,,-33.0,-637.0,-274.0,-106.0,-175.0,-400.0,-13.0,485.0
-350.0,,-41.0,-573.0,-254.0,-132.0,-220.0,-415.0,8.0,497.0
-348.0,,-110.0,-505.0,-178.0,-145.0,-247.0,-194.0,47.0,475.0
-359.0,,-167.0,-470.0,-64.0,-143.0,-198.0,-434.0,98.0,403.0
-379.0,,-217.0,-466.0,50.0,-125.0,-166.0,-109.0,143.0,285.0
-386.0,,-315.0,-485.0,130.0,-182.0,-196.0,-445.0,200.0,124.0
-371.0,,-387.0,-499.0,158.0,-241.0,-188.0,-310.0,235.0,-79.0
-340.0,,-460.0,-520.0,151.0,-218.0,-134.0,-308.0,256.0,-311.0
-293.0,,-560.0,-566.0,134.0,-157.0,-98.0,-452.0,262.0,-562.0
-248.0,,-618.0,-600.0,131.0,-162.0,-91.0,-162.0,249.0,-804.0
-216.0,,-666.0,-643.0,150.0,-221.0,-101.0,-458.0,228.0,-1029.0
-197.0,,-718.0,-681.0,182.0,-246.0,-83.0,-140.0,189.0,-1225.0
-181.0,,-761.0,-712.0,198.0,-269.0,-63.0,-299.0,148.0,-1373.0
-174.0,,-798.0,-736.0,167.0,-312.0,-34.0,-262.0,95.0,-1455.0
-172.0,,-798.0,-778.0,94.0,-377.0,-18.0,-171.0,40.0,-1457.0
-162.0,,-767.0,-812.0,-6.0,-384.0,-42.0,-439.0,-26.0,-1395.0
-159.0,,-763.0,-781.0,-120.0,-375.0,-63.0,-110.0,-98.0,-1272.0
-149.0,,-716.0,-772.0,-219.0,-471.0,-77.0,-378.0,-163.0,-1098.0
-148.0,,-675.0,-775.0,-281.0,-497.0,-95.0,-121.0,-233.0,-897.0
-147.0,,-660.0,-754.0,-306.0,-496.0,-101.0,-155.0,-288.0,-688.0
-143.0,,-594.0,-733.0,-302.0,-567.0,-69.0,-254.0,-352.0,-468.0
-139.0,,-576.0,-708.0,-267.0,-592.0,-68.0,9.0,-419.0,-265.0
-123.0,,-517.0,-636.0,-211.0,-631.0,-119.0,-299.0,-491.0,-74.0
-105.0,,-456.0,-536.0,-139.0,-649.0,-154.0,16.0,-555.0,113.0
-79.0,,-455.0,-464.0,-79.0,-623.0,-159.0,-164.0,-594.0,265.0
-53.0,,-392.0,-394.0,-57.0,-606.0,-168.0,-131.0,-623.0,415.0
-14.0,,-336.0,-343.0,-68.0,-594.0,-185.0,-99.0,-629.0,528.0
4.0,,-294.0,-320.0,-102.0,-623.0,-159.0,-330.0,-619.0,574.0
20.0,,-227.0,-301.0,-139.0,-633.0,-115.0,5.0,-585.0,577.0
57.0,,-183.0,-296.0,-163.0,-613.0,-89.0,-295.0,-530.0,519.0
73.0,,-144.0,-297.0,-165.0,-586.0,-66.0,-83.0,-465.0,418.0
72.0,,-100.0,-311.0,-148.0,-574.0,-49.0,-182.0,-369.0,291.0
54.0,,-61.0,-327.0,-125.0,-598.0,-60.0,-247.0,-250.0,141.0
44.0,,-51.0,-334.0,-93.0,-607.0,-69.0,0.0,-133.0,-34.0
52.0,,-41.0,-346.0,-27.0,-619.0,-57.0,-332.0,-17.0,-236.0
38.0,,-38.0,-363.0,72.0,-628.0,-76.0,-18.0,74.0,-452.0
-10.0,,-60.0,-359.0,174.0,-680.0,-102.0,-234.0,157.0,-683.0
-40.0,,-66.0,-335.0,236.0,-749.0,-101.0,-158.0,233.0,-915.0
-51.0,,-99.0,-326.0,251.0,-741.0,-114.0,-103.0,294.0,-1116.0
-86.0,,-110.0,-301.0,240.0,-759.0,-154.0,-286.0,348.0,-1289.0
-140.0,,-128.0,-247.0,199.0,-849.0,-180.0,42.0,397.0,-1412.0
-194.0,,-153.0,-190.0,116.0,-922.0,-204.0,-273.0,433.0,-1481.0
-218.0,,-148.0,-115.0,10.0,-888.0,-239.0,-79.0,440.0,-1506.0
-248.0,,-170.0,-20.0,-87.0,-856.0,-249.0,-218.0,436.0,-1490.0
-288.0,,-152.0,83.0,-145.0,-925.0,-245.0,-212.0,429.0,-1452.0
-324.0,,-157.0,154.0,-156.0,-975.0,-233.0,14.0,415.0,-1371.0
-357.0,,-159.0,201.0,-126.0,-904.0,-229.0,-284.0,392.0,-1256.0
-371.0,,-114.0,217.0,-67.0,-809.0,-232.0,-14.0,389.0,-1145.0
-401.0,,-139.0,197.0,11.0,-807.0,-210.0,-290.0,396.0,-1037.0
-443.0,,-129.0,169.0,100.0,-765.0,-204.0,-125.0,394.0,-932.0
-451.0,,-88.0,104.0,185.0,-718.0,-210.0,-53.0,422.0,-856.0
-449.0,,-136.0,8.0,253.0,-755.0,-224.0,-121.0,446.0,-820.0
-477.0,,-135.0,-121.0,273.0,-824.0,-263.0,221.0,464.0,-800.0
-506.0,,-135.0,-256.0,228.0,-902.0,-271.0,-116.0,473.0,-804.0
-514.0,,-168.0,-409.0,137.0,-902.0,-247.0,86.0,466.0,-833.0
-496.0,,-163.0,-579.0,48.0,-911.0,-225.0,-136.0,453.0,-855.0
-498.0,,-182.0,-687.0,15.0,-996.0,-235.0,-90.0,435.0,-877.0
-515.0,,-196.0,-777.0,41.0,-1025.0,-264.0,129.0,419.0,-872.0
-497.0,,-219.0,-853.0,108.0,-1003.0,-248.0,-155.0,372.0,-837.0
-466.0,,-236.0,-895.0,191.0,-993.0,-216.0,140.0,318.0,-804.0
-468.0,,-239.0,-896.0,267.0,-1001.0,-228.0,-162.0,242.0,-755.0
-501.0,,-258.0,-851.0,323.0,-1005.0,-265.0,18.0,139.0,-701.0
-490.0,,-269.0,-799.0,352.0,-982.0,-303.0,29.0,42.0,-626.0
-444.0,,-246.0,-746.0,359.0,-982.0,-338.0,-116.0,-67.0,-550.0
-426.0,,-260.0,-671.0,337.0,-1004.0,-361.0,107.0,-169.0,-493.0
-435.0,,-266.0,-584.0,295.0,-968.0,-373.0,-271.0,-264.0,-435.0
-412.0,,-197.0,-520.0,246.0,-979.0,-395.0,5.0,-355.0,-389.0
-367.0,,-212.0,-482.0,206.0,-1037.0,-413.0,-101.0,-427.0,-365.0
-344.0,,-167.0,-465.0,191.0,-1012.0,-389.0,7.0,-490.0,-366.0
-351.0,,-109.0,-461.0,189.0,-1007.0,-348.0,169.0,-543.0,-384.0
-375.0,,-164.0,-478.0,184.0,-1043.0,-313.0,-66.0,-576.0,-417.0
-385.0,,-103.0,-498.0,180.0,-1047.0,-310.0,223.0,-587.0,-479.0
-425.0,,-101.0,-518.0,178.0,-1025.0,-294.0,-97.0,-591.0,-568.0
-478.0,,-160.0,-552.0,167.0,-1008.0,-229.0,81.0,-580.0,-650.0
-508.0,,-131.0,-573.0,131.0,-1012.0,-193.0,18.0,-552.0,-728.0
-549.0,,-201.0,-570.0,63.0,-1028.0,-174.0,-86.0,-517.0,-815.0
-584.0,,-230.0,-527.0,-23.0,-1087.0,-170.0,121.0,-471.0,-880.0
-613.0,,-258.0,-479.0,-104.0,-1162.0,-167.0,-249.0,-408.0,-913.0
-638.0,,-312.0,-463.0,-173.0,-1171.0,-140.0,9.0,-331.0,-918.0
-643.0,,-291.0,-456.0,-207.0,-1166.0,-148.0,-240.0,-241.0,-904.0
-634.0,,-324.0,-404.0,-194.0,-1200.0,-178.0,-182.0,-135.0,-881.0
-628.0,,-317.0,-313.0,-145.0,-1220.0,-194.0,-53.0,-31.0,-855.0
-594.0,,-320.0,-250.0,-70.0,-1289.0,-184.0,-199.0,54.0,-815.0
-536.0,,-308.0,-193.0,6.0,-1290.0,-162.0,205.0,110.0,-775.0
-490.0,,-289.0,-116.0,74.0,-1213.0,-172.0,-20.0,146.0,-782.0
-451.0,,-294.0,-46.0,100.0,-1181.0,-155.0,236.0,166.0,-801.0
-405.0,,-259.0,-6.0,56.0,-1158.0,-97.0,136.0,176.0,-795.0
-336.0,,-243.0,6.0,-54.0,-1139.0,-81.0,-16.0,185.0,-800.0
-271.0,,-221.0,-7.0,-214.0,-1051.0,-48.0,116.0,193.0,-808.0
-235.0,,-233.0,-39.0,-377.0,-1010.0,-18.0,-227.0,197.0,-808.0
-203.0,,-202.0,-96.0,-500.0,-1051.0,-17.0,35.0,191.0,-797.0
-138.0,,-221.0,-180.0,-565.0,-1066.0,14.0,-243.0,163.0,-750.0
-60.0,,-261.0,-279.0,-558.0,-1061.0,51.0,-182.0,138.0,-704.0
-33.0,,-220.0,-384.0,-473.0,-1048.0,82.0,-112.0,120.0,-656.0
-21.0,,-299.0,-467.0,-344.0,-1079.0,66.0,-319.0,82.0,-585.0
-8.0,,-309.0,-498.0,-224.0,-1123.0,68.0,-16.0,39.0,-514.0
-7.0,,-323.0,-499.0,-140.0,-1130.0,113.0,-291.0,-13.0,-461.0
-17.0,,-418.0,-511.0,-113.0,-1144.0,115.0,-70.0,-75.0,-434.0
-46.0,,-385.0,-521.0,-135.0,-1134.0,99.0,-173.0,-124.0,-400.0
-61.0,,-422.0,-570.0,-184.0,-1105.0,71.0,-232.0,-160.0,-374.0
-80.0,,-423.0,-667.0,-233.0,-1110.0,59.0,-16.0,-183.0,-390.0
-117.0,,-377.0,-737.0,-257.0,-1118.0,49.0,-221.0,-185.0,-420.0
-150.0,,-409.0,-764.0,-257.0,-1164.0,30.0,166.0,-177.0,-474.0
-179.0,,-359.0,-761.0,-235.0,-1190.0,39.0,-12.0,-148.0,-542.0
-203.0,,-374.0,-726.0,-192.0,-1148.0,31.0,134.0,-100.0,-619.0
-214.0,,-380.0,-697.0,-124.0,-1126.0,40.0,125.0,-49.0,-718.0
-228.0,,-367.0,-686.0,-39.0,-1039.0,76.0,-145.0,10.0,-802.0
-263.0,,-400.0,-638.0,43.0,-946.0,98.0,79.0,73.0,-870.0
-300.0,,-402.0,-550.0,118.0,-882.0,121.0,-260.0,148.0,-936.0
-334.0,,-446.0,-458.0,161.0,-795.0,143.0,12.0,230.0,-990.0
-374.0,,-456.0,-397.0,158.0,-768.0,162.0,-131.0,299.0,-1024.0
-409.0,,-488.0,-377.0,130.0,-733.0,196.0,-173.0,353.0,-1041.0
-424.0,,-520.0,-399.0,119.0,-712.0,247.0,22.0,397.0,-1036.0
-436.0,,-546.0,-439.0,128.0,-724.0,253.0,-253.0,416.0,-1000.0
-453.0,,-569.0,-480.0,131.0,-763.0,253.0,109.0,413.0,-938.0
-461.0,,-579.0,-516.0,118.0,-819.0,250.0,-112.0,412.0,-832.0
-443.0,,-621.0,-522.0,82.0,-786.0,232.0,133.0,375.0,-707.0
-428.0,,-583.0,-525.0,33.0,-744.0,225.0,238.0,318.0,-600.0
-437.0,,-607.0,-534.0,-19.0,-678.0,179.0,51.0,248.0,-496.0
-430.0,,-606.0,-525.0,-78.0,-615.0,161.0,295.0,150.0,-417.0
-395.0,,-574.0,-471.0,-131.0,-548.0,174.0,-48.0,43.0,-372.0
-358.0,,-637.0,-405.0,-162.0,-425.0,143.0,251.0,-68.0,-351.0
-331.0,,-610.0,-377.0,-160.0,-372.0,83.0,97.0,-168.0,-354.0
-315.0,,-626.0,-352.0,-112.0,-308.0,70.0,70.0,-262.0,-373.0
-286.0,,-662.0,-334.0,-19.0,-263.0,114.0,216.0,-339.0,-420.0
-247.0,,-620.0,-347.0,88.0,-257.0,118.0,-51.0,-370.0,-488.0
-266.0,,-617.0,-387.0,181.0,-237.0,116.0,266.0,-350.0,-582.0
-295.0,,-579.0,-402.0,260.0,-250.0,124.0,-7.0,-291.0,-682.0
-307.0,,-522.0,-394.0,339.0,-258.0,137.0,218.0,-207.0,-794.0
-330.0,,-475.0,-413.0,414.0,-296.0,173.0,247.0,-109.0,-944.0
-358.0,,-407.0,-428.0,454.0,-304.0,204.0,118.0,-10.0,-1049.0
-413.0,,-357.0,-435.0,432.0,-285.0,223.0,384.0,82.0,-1114.0
-465.0,,-300.0,-478.0,353.0,-273.0,205.0,96.0,161.0,-1159.0
-499.0,,-281.0,-519.0,226.0,-241.0,188.0,402.0,223.0,-1171.0
-529.0,,-274.0,-524.0,79.0,-204.0,177.0,201.0,280.0,-1139.0
-556.0,,-245.0,-542.0,-51.0,-125.0,169.0,210.0,302.0,-1045.0
-571.0,,-262.0,-546.0,-160.0,-26.0,189.0,323.0,288.0,-935.0
-561.0,,-260.0,-520.0,-249.0,51.0,195.0,73.0,239.0,-789.0
-510.0,,-259.0,-497.0,-306.0,43.0,196.0,395.0,144.0,-598.0
-476.0,,-269.0,-469.0,-309.0,-6.0,194.0,88.0,37.0,-377.0
-465.0,,-280.0,-440.0,-258.0,-50.0,176.0,227.0,-84.0,-131.0
-425.0,,-260.0,-413.0,-178.0,-100.0,155.0,136.0,-224.0,75.0
-379.0,,-270.0,-391.0,-95.0,-123.0,134.0,38.0,-346.0,242.0
-344.0,,-312.0,-382.0,-26.0,-117.0,130.0,334.0,-454.0,359.0
-326.0,,-251.0,-379.0,20.0,-100.0,151.0,84.0,-547.0,415.0
-275.0,,-298.0,-378.0,39.0,-100.0,141.0,437.0,-615.0,419.0
-229.0,,-293.0,-374.0,55.0,-68.0,121.0,240.0,-645.0,375.0
-213.0,,-250.0,-346.0,91.0,0.0,158.0,256.0,-638.0,313.0
-196.0,,-311.0,-318.0,162.0,9.0,196.0,304.0,-609.0,228.0
-201.0,,-272.0,-310.0,269.0,29.0,204.0,55.0,-549.0,111.0
-208.0,,-295.0,-285.0,350.0,113.0,212.0,362.0,-465.0,-13.0
-222.0,,-297.0,-260.0,366.0,123.0,252.0,83.0,-387.0,-138.0
-244.0,,-280.0,-248.0,314.0,81.0,294.0,356.0,-310.0,-288.0
-282.0,,-291.0,-261.0,210.0,85.0,287.0,312.0,-235.0,-452.0
-314.0,,-280.0,-304.0,94.0,73.0,290.0,201.0,-166.0,-585.0
-360.0,,-294.0,-336.0,-3.0,39.0,330.0,360.0,-99.0,-682.0
-422.0,,-259.0,-362.0,-80.0,39.0,361.0,-24.0,-40.0,-741.0
-470.0,,-270.0,-380.0,-151.0,62.0,387.0,206.0,11.0,-767.0
-496.0,,-244.0,-399.0,-228.0,116.0,405.0,-35.0,64.0,-763.0
-497.0,,-217.0,-418.0,-296.0,128.0,408.0,64.0,101.0,-705.0
-537.0,,-196.0,-433.0,-331.0,100.0,435.0,158.0,92.0,-600.0
-562.0,,-153.0,-445.0,-310.0,181.0,454.0,-25.0,65.0,-468.0
-561.0,,-149.0,-463.0,-236.0,257.0,456.0,304.0,44.0,-315.0
-592.0,,-86.0,-485.0,-138.0,215.0,492.0,27.0,10.0,-157.0
-631.0,,-99.0,-476.0,-45.0,143.0,517.0,260.0,-27.0,1.0
-657.0,,-64.0,-468.0,29.0,125.0,506.0,192.0,-60.0,148.0
-663.0,,-11.0,-476.0,74.0,156.0,495.0,179.0,-92.0,253.0
-666.0,,-50.0,-428.0,71.0,73.0,501.0,393.0,-121.0,340.0
-667.0,,18.0,-363.0,30.0,14.0,505.0,107.0,-150.0,388.0
-666.0,,-1.0,-349.0,-14.0,94.0,518.0,400.0,-180.0,374.0
-641.0,,-19.0,-370.0,-46.0,81.0,547.0,160.0,-206.0,337.0
-616.0,,47.0,-394.0,-57.0,48.0,578.0,290.0,-231.0,295.0
-607.0,,1.0,-408.0,-46.0,84.0,631.0,325.0,-262.0,265.0
-590.0,,2.0,-434.0,-29.0,112.0,674.0,169.0,-305.0,222.0
-557.0,,4.0,-464.0,-20.0,122.0,680.0,474.0,-357.0,203.0
-488.0,,-44.0,-464.0,-21.0,87.0,661.0,195.0,-399.0,219.0
-448.0,,-58.0,-435.0,-40.0,100.0,670.0,508.0,-446.0,269.0
-433.0,,-88.0,-397.0,-76.0,184.0,709.0,375.0,-501.0,354.0
-375.0,,-116.0,-368.0,-120.0,221.0,701.0,358.0,-531.0,413.0
-324.0,,-127.0,-304.0,-165.0,162.0,661.0,524.0,-560.0,468.0
-329.0,,-144.0,-220.0,-195.0,87.0,652.0,214.0,-584.0,500.0
-346.0,,-152.0,-158.0,-184.0,145.0,668.0,506.0,-583.0,485.0
-315.0,,-149.0,-90.0,-120.0,221.0,674.0,243.0,-578.0,436.0
-259.0,,-136.0,-21.0,-17.0,233.0,700.0,412.0,-571.0,342.0
-254.0,,-121.0,55.0,77.0,227.0,744.0,391.0,-562.0,224.0
-277.0,,-105.0,117.0,118.0,221.0,781.0,208.0,-545.0,87.0
-249.0,,-75.0,138.0,91.0,305.0,788.0,421.0,-515.0,-68.0
-188.0,,-48.0,134.0,14.0,372.0,757.0,55.0,-464.0,-220.0
-162.0,,-30.0,103.0,-88.0,348.0,756.0,345.0,-432.0,-369.0
-165.0,,-7.0,41.0,-187.0,315.0,793.0,208.0,-421.0,-498.0
-136.0,,27.0,-75.0,-253.0,329.0,807.0,295.0,-402.0,-585.0
-45.0,,7.0,-224.0,-276.0,354.0,803.0,493.0,-408.0,-628.0
30.0,,34.0,-377.0,-261.0,371.0,801.0,260.0,-411.0,-588.0
40.0,,41.0,-543.0,-219.0,369.0,790.0,620.0,-405.0,-499.0
62.0,,-4.0,-684.0,-156.0,361.0,779.0,362.0,-402.0,-423.0
116.0,,40.0,-783.0,-66.0,413.0,759.0,521.0,-388.0,-341.0
143.0,,12.0,-826.0,46.0,455.0,735.0,421.0,-363.0,-268.0
136.0,,-6.0,-836.0,165.0,474.0,736.0,236.0,-324.0,-209.0
143.0,,15.0,-840.0,265.0,511.0,744.0,467.0,-289.0,-154.0
187.0,,0.0,-788.0,314.0,614.0,748.0,149.0,-254.0,-107.0
221.0,,10.0,-685.0,283.0,670.0,746.0,428.0,-228.0,-37.0
217.0,,21.0,-587.0,158.0,650.0,744.0,210.0,-219.0,30.0
237.0,,22.0,-489.0,-46.0,659.0,732.0,218.0,-215.0,75.0
281.0,,4.0,-373.0,-290.0,632.0,699.0,256.0,-216.0,112.0
293.0,,-4.0,-253.0,-514.0,583.0,669.0,-51.0,-218.0,153.0
290.0,,-4.0,-182.0,-670.0,540.0,639.0,236.0,-220.0,197.0
281.0,,-33.0,-188.0,-737.0,563.0,600.0,-36.0,-207.0,259.0
309.0,,-53.0,-241.0,-726.0,567.0,587.0,195.0,-190.0,344.0
346.0,,-61.0,-307.0,-673.0,557.0,602.0,138.0,-179.0,439.0
348.0,,-69.0,-360.0,-596.0,605.0,595.0,72.0,-160.0,540.0
381.0,,-105.0,-392.0,-501.0,628.0,577.0,349.0,-130.0,615.0
435.0,,-111.0,-404.0,-377.0,683.0,565.0,70.0,-116.0,672.0
475.0,,-110.0,-377.0,-211.0,694.0,546.0,395.0,-98.0,678.0
482.0,,-160.0,-321.0,-8.0,657.0,538.0,182.0,-92.0,684.0
493.0,,-134.0,-281.0,206.0,656.0,515.0,245.0,-104.0,699.0
533.0,,-160.0,-274.0,404.0,672.0,472.0,253.0,-101.0,665.0
550.0,,-169.0,-280.0,548.0,656.0,459.0,-22.0,-108.0,648.0
534.0,,-116.0,-265.0,602.0,643.0,490.0,262.0,-119.0,620.0
505.0,,-159.0,-256.0,565.0,671.0,542.0,-44.0,-124.0,592.0
514.0,,-131.0,-262.0,474.0,634.0,563.0,192.0,-123.0,558.0
495.0,,-111.0,-256.0,378.0,591.0,567.0,62.0,-118.0,520.0
418.0,,-136.0,-245.0,282.0,596.0,554.0,-22.0,-114.0,513.0
337.0,,-86.0,-229.0,178.0,610.0,516.0,194.0,-110.0,519.0
279.0,,-83.0,-238.0,73.0,670.0,473.0,-81.0,-107.0,533.0
238.0,,-104.0,-294.0,-11.0,665.0,442.0,208.0,-95.0,535.0
153.0,,-86.0,-363.0,-41.0,580.0,442.0,5.0,-97.0,527.0
69.0,,-114.0,-447.0,-30.0,576.0,448.0,184.0,-103.0,501.0
24.0,,-132.0,-544.0,-6.0,568.0,442.0,199.0,-118.0,467.0
-7.0,,-166.0,-648.0,20.0,498.0,453.0,-68.0,-151.0,415.0
-79.0,,-207.0,-752.0,30.0,467.0,480.0,160.0,-185.0,349.0
-164.0,,-239.0,-812.0,1.0,465.0,476.0,-110.0,-237.0,274.0
-205.0,,-305.0,-850.0,-59.0,492.0,452.0,199.0,-288.0,191.0
-248.0,,-329.0,-886.0,-124.0,490.0,437.0,123.0,-346.0,139.0
-301.0,,-391.0,-876.0,-179.0,427.0,421.0,118.0,-408.0,110.0
-343.0,,-463.0,-826.0,-224.0,423.0,392.0,275.0,-470.0,108.0
-356.0,,-503.0,-780.0,-250.0,475.0,369.0,22.0,-530.0,124.0
-362.0,,-550.0,-752.0,-260.0,528.0,372.0,308.0,-582.0,175.0
-384.0,,-609.0,-709.0,-262.0,527.0,346.0,20.0,-640.0,269.0
-392.0,,-617.0,-670.0,-253.0,511.0,313.0,166.0,-663.0,370.0
-378.0,,-612.0,-650.0,-215.0,537.0,333.0,147.0,-665.0,473.0
-352.0,,-648.0,-590.0,-140.0,540.0,330.0,31.0,-658.0,551.0
-335.0,,-578.0,-514.0,-48.0,533.0,299.0,343.0,-632.0,602.0
-330.0,,-575.0,-455.0,35.0,511.0,293.0,68.0,-592.0,627.0
-307.0,,-527.0,-436.0,102.0,509.0,262.0,319.0,-526.0,589.0
-265.0,,-413.0,-450.0,140.0,518.0,222.0,75.0,-464.0,517.0
-255.0,,-420.0,-446.0,146.0,515.0,206.0,81.0,-381.0,440.0
-270.0,,-343.0,-432.0,119.0,510.0,202.0,223.0,-275.0,358.0
-267.0,,-292.0,-425.0,68.0,472.0,202.0,-24.0,-178.0,277.0
-230.0,,-280.0,-411.0,23.0,502.0,179.0,242.0,-74.0,205.0
-223.0,,-220.0,-402.0,1.0,549.0,139.0,-140.0,26.0,144.0
-239.0,,-194.0,-420.0,6.0,544.0,92.0,5.0,109.0,92.0
-227.0,,-180.0,-433.0,25.0,566.0,67.0,-1.0,172.0,57.0
-190.0,,-170.0,-443.0,40.0,617.0,73.0,-42.0,214.0,31.0
-131.0,,-158.0,-506.0,48.0,648.0,99.0,240.0,231.0,36.0
-119.0,,-173.0,-614.0,65.0,651.0,123.0,-72.0,215.0,95.0
-126.0,,-173.0,-712.0,111.0,672.0,99.0,230.0,187.0,180.0
-109.0,,-155.0,-745.0,152.0,682.0,97.0,62.0,150.0,263.0
-67.0,,-155.0,-726.0,159.0,644.0,134.0,151.0,94.0,360.0
-21.0,,-146.0,-698.0,140.0,607.0,130.0,260.0,38.0,457.0
-21.0,,-127.0,-667.0,118.0,615.0,100.0,7.0,-1.0,490.0
2.0,,-105.0,-619.0,100.0,638.0,70.0,282.0,-27.0,467.0
57.0,,-107.0,-550.0,82.0,623.0,38.0,-112.0,-45.0,413.0
88.0,,-101.0,-504.0,68.0,612.0,28.0,59.0,-60.0,303.0
92.0,,-65.0,-489.0,53.0,672.0,43.0,27.0,-56.0,143.0
111.0,,-98.0,-497.0,14.0,724.0,57.0,-84.0,-40.0,-43.0
165.0,,-65.0,-545.0,-52.0,724.0,87.0,101.0,-17.0,-216.0
207.0,,-56.0,-612.0,-121.0,683.0,117.0,-234.0,15.0,-328.0
253.0,,-119.0,-680.0,-176.0,661.0,136.0,64.0,39.0,-411.0
302.0,,-62.0,-702.0,-210.0,636.0,126.0,-138.0,63.0,-461.0
372.0,,-103.0,-666.0,-206.0,555.0,95.0,-18.0,101.0,-460.0
418.0,,-133.0,-624.0,-152.0,572.0,94.0,81.0,118.0,-426.0
428.0,,-107.0,-575.0,-67.0,619.0,96.0,-145.0,121.0,-347.0
468.0,,-135.0,-534.0,10.0,643.0,102.0,179.0,114.0,-265.0
510.0,,-129.0,-480.0,62.0,651.0,88.0,-109.0,81.0,-160.0
545.0,,-145.0,-427.0,92.0,585.0,54.0,168.0,52.0,-14.0
568.0,,-128.0,-370.0,111.0,614.0,35.0,88.0,15.0,119.0
586.0,,-150.0,-268.0,111.0,682.0,24.0,0.0,-34.0,243.0
627.0,,-170.0,-186.0,89.0,648.0,6.0,206.0,-91.0,341.0
678.0,,-163.0,-153.0,40.0,584.0,-23.0,-123.0,-147.0,412.0
674.0,,-185.0,-155.0,-16.0,563.0,-16.0,144.0,-191.0,455.0
644.0,,-175.0,-173.0,-60.0,610.0,-9.0,-155.0,-218.0,472.0
660.0,,-179.0,-235.0,-89.0,669.0,-14.0,-96.0,-222.0,493.0
683.0,,-185.0,-314.0,-110.0,664.0,-24.0,-81.0,-209.0,512.0
648.0,,-175.0,-381.0,-121.0,646.0,-49.0,-277.0,-172.0,508.0
593.0,,-125.0,-492.0,-125.0,693.0,-82.0,31.0,-133.0,483.0
599.0,,-97.0,-590.0,-113.0,720.0,-120.0,-262.0,-104.0,445.0
601.0,,-60.0,-653.0,-59.0,685.0,-127.0,42.0,-88.0,382.0
552.0,,20.0,-731.0,17.0,655.0,-147.0,-79.0,-56.0,298.0
495.0,,5.0,-790.0,69.0,664.0,-165.0,-90.0,-13.0,194.0
480.0,,81.0,-795.0,64.0,688.0,-189.0,94.0,31.0,92.0
474.0,,145.0,-775.0,11.0,651.0,-224.0,-210.0,86.0,-18.0
418.0,,99.0,-754.0,-60.0,634.0,-233.0,64.0,122.0,-134.0
371.0,,175.0,-726.0,-139.0,663.0,-218.0,-275.0,155.0,-240.0
345.0,,139.0,-702.0,-199.0,645.0,-179.0,-153.0,173.0,-344.0
321.0,,103.0,-687.0,-221.0,680.0,-171.0,-192.0,170.0,-434.0
267.0,,127.0,-664.0,-192.0,751.0,-198.0,-397.0,154.0,-509.0
194.0,,55.0,-661.0,-121.0,770.0,-211.0,-179.0,124.0,-593.0
189.0,,81.0,-698.0,-48.0,768.0,-198.0,-504.0,73.0,-685.0
192.0,,79.0,-761.0,-3.0,754.0,-193.0,-179.0,14.0,-758.0
156.0,,48.0,-824.0,1.0,803.0,-204.0,-304.0,-36.0,-808.0
122.0,,51.0,-870.0,-34.0,903.0,-192.0,-206.0,-101.0,-866.0
95.0,,22.0,-890.0,-95.0,920.0,-166.0,-24.0,-164.0,-911.0
110.0,,6.0,-882.0,-160.0,876.0,-139.0,-273.0,-237.0,-911.0
121.0,,0.0,-857.0,-219.0,882.0,-128.0,-11.0,-316.0,-882.0
120.0,,0.0,-809.0,-267.0,923.0,-136.0,-378.0,-375.0,-814.0
144.0,,-1.0,-754.0,-295.0,976.0,-152.0,-216.0,-433.0,-709.0
208.0,,-1.0,-698.0,-304.0,1014.0,-157.0,-279.0,-486.0,-583.0
265.0,,-29.0,-619.0,-293.0,965.0,-166.0,-450.0,-519.0,-462.0
236.0,,0.0,-539.0,-262.0,910.0,-191.0,-303.0,-549.0,-361.0
222.0,,15.0,-490.0,-219.0,895.0,-198.0,-654.0,-582.0,-278.0
254.0,,0.0,-458.0,-178.0,881.0,-194.0,-338.0,-601.0,-230.0
264.0,,65.0,-416.0,-131.0,857.0,-202.0,-548.0,-611.0,-187.0
245.0,,61.0,-370.0,-79.0,824.0,-213.0,-482.0,-609.0,-142.0
248.0,,101.0,-335.0,-42.0,870.0,-224.0,-402.0,-596.0,-78.0
273.0,,178.0,-327.0,-26.0,909.0,-253.0,-689.0,-576.0,6.0
266.0,,139.0,-359.0,-29.0,842.0,-281.0,-437.0,-552.0,112.0
248.0,,203.0,-402.0,-42.0,804.0,-292.0,-779.0,-512.0,204.0
237.0,,264.0,-432.0,-76.0,809.0,-261.0,-580.0,-461.0,245.0
230.0,,226.0,-474.0,-126.0,815.0,-249.0,-642.0,-397.0,271.0
222.0,,301.0,-550.0,-168.0,801.0,-300.0,-676.0,-307.0,228.0
215.0,,306.0,-641.0,-180.0,728.0,-331.0,-498.0,-201.0,132.0
207.0,,303.0,-741.0,-149.0,744.0,-353.0,-855.0,-73.0,35.0
195.0,,351.0,-822.0,-81.0,821.0,-339.0,-561.0,48.0,-86.0
173.0,,320.0,-846.0,0.0,815.0,-323.0,-857.0,176.0,-206.0
143.0,,361.0,-817.0,67.0,822.0,-296.0,-759.0,301.0,-294.0
104.0,,359.0,-772.0,117.0,804.0,-268.0,-659.0,393.0,-353.0
92.0,,362.0,-731.0,162.0,714.0,-302.0,-849.0,476.0,-384.0
113.0,,378.0,-681.0,221.0,669.0,-299.0,-524.0,548.0,-384.0
110.0,,355.0,-638.0,298.0,655.0,-320.0,-829.0,596.0,-358.0
103.0,,358.0,-633.0,367.0,659.0,-339.0,-606.0,632.0,-303.0
117.0,,328.0,-624.0,389.0,657.0,-341.0,-796.0,670.0,-235.0
141.0,,293.0,-597.0,336.0,638.0,-361.0,-877.0,685.0,-178.0
131.0,,242.0,-579.0,215.0,678.0,-344.0,-687.0,669.0,-140.0
108.0,,194.0,-588.0,58.0,699.0,-352.0,-957.0,641.0,-132.0
105.0,,88.0,-616.0,-119.0,690.0,-342.0,-561.0,594.0,-154.0
101.0,,31.0,-644.0,-301.0,662.0,-311.0,-803.0,542.0,-183.0
105.0,,-27.0,-671.0,-435.0,595.0,-297.0,-687.0,500.0,-200.0
82.0,,-134.0,-676.0,-496.0,588.0,-269.0,-672.0,436.0,-264.0
67.0,,-98.0,-667.0,-481.0,597.0,-238.0,-833.0,362.0,-362.0
58.0,,-147.0,-672.0,-411.0,532.0,-205.0,-487.0,292.0,-429.0
39.0,,-143.0,-700.0,-302.0,449.0,-193.0,-764.0,190.0,-516.0
30.0,,-54.0,-755.0,-157.0,399.0,-197.0,-469.0,92.0,-588.0
13.0,,-87.0,-832.0,-6.0,388.0,-194.0,-633.0,-4.0,-626.0
8.0,,-12.0,-907.0,135.0,390.0,-200.0,-624.0,-100.0,-648.0
-25.0,,25.0,-948.0,245.0,364.0,-171.0,-424.0,-170.0,-624.0
-55.0,,37.0,-972.0,306.0,347.0,-132.0,-681.0,-232.0,-581.0
-58.0,,114.0,-988.0,318.0,378.0,-113.0,-367.0,-270.0,-524.0
-58.0,,106.0,-945.0,286.0,375.0,-96.0,-667.0,-289.0,-503.0
-70.0,,147.0,-846.0,222.0,335.0,-112.0,-484.0,-291.0,-490.0
-116.0,,154.0,-764.0,154.0,323.0,-143.0,-506.0,-265.0,-482.0
-123.0,,154.0,-683.0,103.0,296.0,-149.0,-633.0,-213.0,-498.0
-115.0,,158.0,-570.0,45.0,275.0,-129.0,-332.0,-149.0,-480.0
-126.0,,123.0,-487.0,-33.0,256.0,-103.0,-639.0,-67.0,-476.0
-190.0,,109.0,-427.0,-108.0,214.0,-68.0,-358.0,26.0,-504.0
-246.0,,29.0,-371.0,-155.0,224.0,-59.0,-546.0,90.0,-534.0
-230.0,,-10.0,-340.0,-159.0,216.0,-82.0,-467.0,141.0,-573.0
-243.0,,-78.0,-332.0,-132.0,179.0,-103.0,-367.0,169.0,-617.0
-260.0,,-126.0,-308.0,-90.0,200.0,-117.0,-626.0,161.0,-662.0
-268.0,,-179.0,-254.0,-19.0,238.0,-136.0,-290.0,142.0,-699.0
-253.0,,-261.0,-215.0,88.0,196.0,-165.0,-583.0,100.0,-706.0
-228.0,,-273.0,-170.0,203.0,104.0,-152.0,-391.0,58.0,-706.0
-225.0,,-362.0,-134.0,279.0,45.0,-134.0,-517.0,34.0,-704.0
-196.0,,-361.0,-131.0,302.0,47.0,-132.0,-642.0,26.0,-698.0
-154.0,,-375.0,-152.0,295.0,79.0,-107.0,-461.0,33.0,-703.0
-95.0,,-417.0,-212.0,258.0,51.0,-59.0,-801.0,64.0,-692.0
-48.0,,-350.0,-252.0,201.0,42.0,-42.0,-478.0,95.0,-719.0
6.0,,-399.0,-260.0,136.0,41.0,-20.0,-692.0,99.0,-777.0
91.0,,-359.0,-276.0,50.0,22.0,35.0,-569.0,95.0,-832.0
155.0,,-300.0,-304.0,-57.0,16.0,52.0,-478.0,72.0,-920.0
187.0,,-289.0,-320.0,-171.0,22.0,93.0,-685.0,47.0,-1000.0
195.0,,-204.0,-294.0,-261.0,56.0,143.0,-417.0,4.0,-1078.0
219.0,,-156.0,-271.0,-320.0,6.0,166.0,-759.0,-61.0,-1153.0
242.0,,-70.0,-252.0,-372.0,-69.0,146.0,-569.0,-109.0,-1185.0
234.0,,-22.0,-231.0,-417.0,-83.0,85.0,-796.0,-162.0,-1214.0
195.0,,43.0,-212.0,-399.0,-54.0,62.0,-885.0,-189.0,-1212.0
160.0,,83.0,-197.0,-301.0,-33.0,31.0,-674.0,-173.0,-1172.0
143.0,,107.0,-227.0,-184.0,-90.0,-8.0,-901.0,-153.0,-1120.0
105.0,,158.0,-283.0,-109.0,-129.0,-22.0,-539.0,-125.0,-1041.0
32.0,,143.0,-316.0,-81.0,-102.0,-26.0,-774.0,-103.0,-965.0
-32.0,,171.0,-335.0,-65.0,-102.0,8.0,-609.0,-91.0,-871.0
-59.0,,155.0,-387.0,-43.0,-148.0,19.0,-572.0,-83.0,-755.0
-107.0,,156.0,-477.0,-28.0,-207.0,-2.0,-635.0,-84.0,-667.0
-162.0,,143.0,-574.0,-29.0,-239.0,9.0,-297.0,-100.0,-594.0
-212.0,,116.0,-668.0,-42.0,-261.0,35.0,-659.0,-133.0,-546.0
-251.0,,149.0,-746.0,-73.0,-312.0,59.0,-473.0,-183.0,-542.0
-275.0,,105.0,-782.0,-113.0,-348.0,72.0,-716.0,-248.0,-557.0
-309.0,,135.0,-763.0,-140.0,-328.0,81.0,-713.0,-314.0,-580.0
-324.0,,167.0,-725.0,-134.0,-266.0,65.0,-543.0,-370.0,-595.0
-322.0,,136.0,-695.0,-97.0,-324.0,49.0,-770.0,-413.0,-618.0
-315.0,,209.0,-680.0,-72.0,-434.0,47.0,-419.0,-447.0,-639.0
-324.0,,200.0,-664.0,-79.0,-442.0,43.0,-718.0,-475.0,-640.0
-340.0,,202.0,-654.0,-101.0,-442.0,33.0,-541.0,-498.0,-665.0
-331.0,,261.0,-695.0,-115.0,-447.0,11.0,-530.0,-494.0,-694.0
-282.0,,234.0,-757.0,-94.0,-506.0,6.0,-574.0,-471.0,-699.0
-242.0,,273.0,-813.0,-29.0,-542.0,-26.0,-221.0,-428.0,-683.0
-227.0,,294.0,-885.0,47.0,-511.0,-73.0,-450.0,-356.0,-665.0
-189.0,,278.0,-963.0,105.0,-533.0,-117.0,-138.0,-271.0,-654.0
-141.0,,278.0,-1047.0,135.0,-611.0,-133.0,-365.0,-160.0,-637.0
-106.0,,271.0,-1129.0,119.0,-646.0,-139.0,-351.0,-30.0,-640.0
-90.0,,275.0,-1174.0,49.0,-644.0,-177.0,-290.0,103.0,-653.0
-42.0,,261.0,-1188.0,-41.0,-670.0,-182.0,-545.0,244.0,-651.0
16.0,,278.0,-1150.0,-101.0,-709.0,-177.0,-262.0,383.0,-662.0
71.0,,298.0,-1065.0,-105.0,-778.0,-169.0,-558.0,526.0,-687.0
100.0,,303.0,-956.0,-93.0,-778.0,-182.0,-319.0,669.0,-744.0
109.0,,285.0,-804.0,-85.0,-704.0,-210.0,-386.0,781.0,-827.0
134.0,,291.0,-668.0,-32.0,-710.0,-196.0,-436.0,868.0,-914.0
113.0,,286.0,-566.0,92.0,-757.0,-165.0,-206.0,915.0,-1019.0
57.0,,214.0,-452.0,232.0,-774.0,-155.0,-495.0,900.0,-1093.0
1.0,,199.0,-373.0,331.0,-781.0,-155.0,-164.0,857.0,-1116.0
-23.0,,116.0,-328.0,393.0,-830.0,-147.0,-382.0,759.0,-1096.0
-76.0,,45.0,-304.0,419.0,-896.0,-137.0,-267.0,639.0,-1059.0
-141.0,,10.0,-339.0,396.0,-921.0,-116.0,-195.0,509.0,-992.0
-143.0,,-102.0,-404.0,319.0,-897.0,-115.0,-432.0,353.0,-894.0
-138.0,,-110.0,-481.0,213.0,-924.0,-129.0,-199.0,201.0,-815.0
-148.0,,-172.0,-549.0,111.0,-1006.0,-143.0,-543.0,54.0,-744.0
-163.0,,-250.0,-565.0,17.0,-1014.0,-180.0,-306.0,-87.0,-707.0
-152.0,,-237.0,-555.0,-72.0,-1012.0,-215.0,-445.0,-218.0,-704.0
-119.0,,-284.0,-522.0,-167.0,-989.0,-239.0,-471.0,-349.0,-739.0
-65.0,,-299.0,-474.0,-266.0,-957.0,-245.0,-238.0,-479.0,-809.0
0.0,,-298.0,-406.0,-339.0,-1017.0,-230.0,-460.0,-568.0,-891.0
76.0,,-325.0,-328.0,-347.0,-1066.0,-214.0,-118.0,-636.0,-980.0
168.0,,-309.0,-247.0,-280.0,-1091.0,-188.0,-439.0,-689.0,-1056.0
243.0,,-313.0,-133.0,-182.0,-1139.0,-171.0,-336.0,-731.0,-1129.0
303.0,,-313.0,-23.0,-84.0,-1171.0,-164.0,-380.0,-790.0,-1164.0
337.0,,-289.0,55.0,30.0,-1194.0,-155.0,-591.0,-847.0,-1159.0
380.0,,-313.0,74.0,165.0,-1211.0,-139.0,-304.0,-907.0,-1133.0
431.0,,-291.0,86.0,298.0,-1250.0,-113.0,-567.0,-959.0,-1047.0
454.0,,-285.0,114.0,396.0,-1294.0,-97.0,-277.0,-995.0,-932.0
473.0,,-302.0,85.0,419.0,-1291.0,-78.0,-509.0,-1022.0,-798.0
516.0,,-286.0,35.0,342.0,-1311.0,-95.0,-517.0,-1023.0,-621.0
553.0,,-285.0,-8.0,186.0,-1354.0,-129.0,-408.0,-998.0,-433.0
545.0,,-310.0,-75.0,22.0,-1352.0,-154.0,-655.0,-956.0,-247.0
527.0,,-292.0,-182.0,-95.0,-1360.0,-201.0,-306.0,-906.0,-80.0
520.0,,-279.0,-289.0,-162.0,-1399.0,-238.0,-596.0,-847.0,54.0
542.0,,-319.0,-380.0,-161.0,-1420.0,-259.0,-389.0,-784.0,162.0
554.0,,-271.0,-454.0,-87.0,-1441.0,-264.0,-413.0,-719.0,250.0
522.0,,-320.0,-456.0,23.0,-1472.0,-282.0,-521.0,-651.0,315.0
531.0,,-321.0,-453.0,132.0,-1458.0,-272.0,-295.0,-573.0,354.0
543.0,,-261.0,-460.0,249.0,-1430.0,-226.0,-620.0,-491.0,377.0
506.0,,-329.0,-427.0,366.0,-1439.0,-208.0,-321.0,-415.0,356.0
458.0,,-263.0,-398.0,440.0,-1446.0,-241.0,-524.0,-331.0,318.0
423.0,,-229.0,-390.0,444.0,-1419.0,-285.0,-465.0,-247.0,251.0
423.0,,-226.0,-377.0,391.0,-1437.0,-285.0,-397.0,-165.0,157.0
408.0,,-132.0,-354.0,305.0,-1473.0,-275.0,-628.0,-63.0,77.0
352.0,,-108.0,-309.0,186.0,-1437.0,-252.0,-291.0,43.0,-14.0
296.0,,-83.0,-237.0,60.0,-1442.0,-254.0,-537.0,149.0,-97.0
282.0,,-34.0,-164.0,-79.0,-1482.0,-250.0,-240.0,233.0,-170.0
262.0,,-17.0,-93.0,-259.0,-1499.0,-228.0,-264.0,298.0,-258.0
190.0,,-4.0,-38.0,-437.0,-1508.0,-212.0,-315.0,349.0,-334.0
126.0,,15.0,-3.0,-579.0,-1499.0,-183.0,-107.0,353.0,-405.0
91.0,,16.0,10.0,-655.0,-1535.0,-194.0,-386.0,331.0,-461.0
70.0,,7.0,8.0,-622.0,-1550.0,-172.0,-86.0,293.0,-486.0
-7.0,,-12.0,-10.0,-497.0,-1518.0,-156.0,-363.0,235.0,-494.0
-90.0,,-31.0,-61.0,-335.0,-1488.0,-172.0,-334.0,170.0,-474.0
-98.0,,-20.0,-72.0,-176.0,-1498.0,-169.0,-404.0,122.0,-426.0
-117.0,,-67.0,-62.0,-42.0,-1573.0,-146.0,-650.0,83.0,-361.0
-153.0,,-92.0,-69.0,30.0,-1546.0,-85.0,-321.0,29.0,-288.0
-191.0,,-82.0,-25.0,20.0,-1477.0,-42.0,-565.0,-19.0,-231.0
-190.0,,-147.0,67.0,-19.0,-1494.0,0.0,-254.0,-65.0,-185.0
-170.0,,-134.0,174.0,-37.0,-1552.0,37.0,-341.0,-111.0,-164.0
-188.0,,-145.0,259.0,-16.0,-1589.0,79.0,-308.0,-154.0,-172.0
-194.0,,-203.0,301.0,27.0,-1533.0,114.0,-44.0,-183.0,-199.0
-144.0,,-147.0,302.0,64.0,-1568.0,139.0,-249.0,-187.0,-231.0
-72.0,,-193.0,246.0,90.0,-1646.0,174.0,84.0,-156.0,-267.0
-72.0,,-186.0,140.0,120.0,-1611.0,185.0,-169.0,-97.0,-306.0
-78.0,,-134.0,4.0,124.0,-1583.0,208.0,-18.0,-24.0,-296.0
-34.0,,-160.0,-169.0,82.0,-1569.0,213.0,-84.0,68.0,-272.0
6.0,,-60.0,-370.0,29.0,-1578.0,216.0,-290.0,153.0,-204.0
-8.0,,-34.0,-563.0,3.0,-1621.0,196.0,-38.0,230.0,-111.0
-79.0,,11.0,-739.0,12.0,-1619.0,168.0,-397.0,324.0,-37.0
-89.0,,64.0,-888.0,56.0,-1564.0,210.0,-129.0,412.0,58.0
-69.0,,65.0,-996.0,127.0,-1596.0,231.0,-279.0,472.0,123.0
-86.0,,92.0,-1065.0,191.0,-1654.0,251.0,-245.0,506.0,169.0
-125.0,,40.0,-1097.0,232.0,-1621.0,236.0,-114.0,515.0,193.0
-156.0,,29.0,-1100.0,263.0,-1613.0,201.0,-327.0,474.0,172.0
-143.0,,-8.0,-1075.0,287.0,-1623.0,238.0,97.0,379.0,151.0
-129.0,,-85.0,-1038.0,281.0,-1633.0,258.0,-96.0,260.0,123.0
-165.0,,-144.0,-1010.0,221.0,-1575.0,270.0,131.0,113.0,80.0
-199.0,,-180.0,-960.0,117.0,-1498.0,295.0,40.0,-38.0,44.0
-166.0,,-243.0,-875.0,-6.0,-1542.0,308.0,-199.0,-164.0,20.0
-128.0,,-296.0,-769.0,-137.0,-1600.0,307.0,-88.0,-289.0,-2.0
-124.0,,-283.0,-659.0,-256.0,-1618.0,322.0,-495.0,-403.0,-12.0
-108.0,,-341.0,-563.0,-347.0,-1599.0,335.0,-194.0,-501.0,-14.0
-63.0,,-327.0,-449.0,-439.0,-1608.0,322.0,-328.0,-573.0,-20.0
-26.0,,-325.0,-354.0,-530.0,-1661.0,320.0,-221.0,-632.0,18.0
-21.0,,-370.0,-336.0,-565.0,-1638.0,310.0,-125.0,-665.0,72.0
-15.0,,-294.0,-348.0,-520.0,-1611.0,309.0,-408.0,-646.0,97.0
2.0,,-339.0,-369.0,-418.0,-1647.0,281.0,-127.0,-620.0,124.0
2.0,,-354.0,-407.0,-272.0,-1688.0,239.0,-386.0,-553.0,138.0
-33.0,,-348.0,-449.0,-105.0,-1623.0,239.0,-96.0,-464.0,124.0
-60.0,,-430.0,-478.0,43.0,-1517.0,227.0,-142.0,-374.0,78.0
-39.0,,-440.0,-499.0,157.0,-1521.0,181.0,-242.0,-272.0,14.0
20.0,,-523.0,-522.0,238.0,-1544.0,127.0,-84.0,-180.0,-32.0
45.0,,-555.0,-540.0,276.0,-1526.0,97.0,-432.0,-89.0,-60.0
54.0,,-593.0,-577.0,273.0,-1485.0,51.0,-105.0,-20.0,-71.0
118.0,,-637.0,-605.0,241.0,-1434.0,4.0,-319.0,42.0,-83.0
178.0,,-627.0,-633.0,196.0,-1442.0,-23.0,-251.0,103.0,-86.0
198.0,,-686.0,-664.0,163.0,-1446.0,-48.0,-245.0,161.0,-93.0
196.0,,-631.0,-645.0,144.0,-1385.0,-76.0,-465.0,221.0,-102.0
257.0,,-611.0,-577.0,126.0,-1394.0,-113.0,-166.0,274.0,-104.0
331.0,,-621.0,-466.0,83.0,-1439.0,-139.0,-448.0,326.0,-112.0
336.0,,-555.0,-350.0,25.0,-1400.0,-155.0,-164.0,363.0,-99.0
328.0,,-537.0,-232.0,-34.0,-1330.0,-138.0,-242.0,410.0,-68.0
348.0,,-502.0,-119.0,-91.0,-1305.0,-160.0,-210.0,478.0,-29.0
378.0,,-493.0,-34.0,-132.0,-1364.0,-238.0,12.0,532.0,23.0
349.0,,-449.0,32.0,-151.0,-1360.0,-295.0,-271.0,563.0,94.0
295.0,,-425.0,78.0,-144.0,-1275.0,-331.0,5.0,572.0,187.0
267.0,,-436.0,98.0,-122.0,-1208.0,-347.0,-290.0,554.0,266.0
293.0,,-360.0,79.0,-96.0,-1149.0,-362.0,-190.0,515.0,312.0
294.0,,-394.0,61.0,-66.0,-1135.0,-369.0,-203.0,476.0,306.0
236.0,,-373.0,40.0,-46.0,-1101.0,-374.0,-369.0,433.0,258.0
227.0,,-337.0,-28.0,-50.0,-1066.0,-380.0,-79.0,400.0,189.0
245.0,,-392.0,-117.0,-60.0,-1089.0,-358.0,-375.0,384.0,108.0
241.0,,-349.0,-212.0,-63.0,-1079.0,-343.0,-99.0,376.0,49.0
188.0,,-371.0,-331.0,-55.0,-978.0,-350.0,-219.0,358.0,6.0
151.0,,-361.0,-463.0,-18.0,-921.0,-374.0,-140.0,323.0,0.0
143.0,,-349.0,-594.0,32.0,-938.0,-384.0,110.0,271.0,24.0
113.0,,-367.0,-719.0,78.0,-889.0,-420.0,-105.0,188.0,69.0
67.0,,-332.0,-806.0,102.0,-857.0,-501.0,275.0,100.0,172.0
32.0,,-369.0,-859.0,101.0,-874.0,-528.0,-14.0,17.0,291.0
64.0,,-325.0,-896.0,98.0,-872.0,-514.0,49.0,-49.0,418.0
68.0,,-305.0,-907.0,127.0,-827.0,-515.0,-40.0,-101.0,548.0
18.0,,-319.0,-884.0,200.0,-778.0,-545.0,-273.0,-138.0,634.0
7.0,,-275.0,-856.0,264.0,-798.0,-539.0,-14.0,-152.0,700.0
30.0,,-272.0,-844.0,279.0,-844.0,-518.0,-301.0,-158.0,739.0
33.0,,-256.0,-824.0,243.0,-792.0,-526.0,-7.0,-186.0,755.0
3.0,,-236.0,-763.0,185.0,-692.0,-503.0,-171.0,-235.0,758.0
0.0,,-184.0,-662.0,148.0,-698.0,-491.0,-133.0,-280.0,738.0
42.0,,-198.0,-555.0,149.0,-719.0,-479.0,22.0,-325.0,715.0
75.0,,-177.0,-442.0,169.0,-678.0,-481.0,-210.0,-354.0,667.0
85.0,,-140.0,-336.0,192.0,-582.0,-507.0,123.0,-363.0,614.0
94.0,,-165.0,-280.0,225.0,-519.0,-525.0,-212.0,-348.0,549.0
100.0,,-82.0,-266.0,266.0,-549.0,-543.0,-42.0,-324.0,458.0
81.0,,-89.0,-272.0,282.0,-536.0,-534.0,-73.0,-331.0,366.0
52.0,,-46.0,-312.0,249.0,-502.0,-528.0,-206.0,-334.0,288.0
44.0,,30.0,-381.0,198.0,-509.0,-529.0,29.0,-344.0,233.0
61.0,,-1.0,-462.0,157.0,-532.0,-562.0,-325.0,-365.0,190.0
69.0,,67.0,-512.0,126.0,-550.0,-581.0,-147.0,-391.0,188.0
36.0,,91.0,-537.0,114.0,-495.0,-548.0,-493.0,-437.0,241.0
24.0,,154.0,-550.0,120.0,-418.0,-518.0,-432.0,-461.0,341.0
63.0,,212.0,-522.0,126.0,-390.0,-488.0,-301.0,-484.0,466.0
57.0,,223.0,-488.0,118.0,-374.0,-487.0,-500.0,-500.0,599.0
15.0,,329.0,-444.0,99.0,-348.0,-501.0,-153.0,-487.0,752.0
26.0,,333.0,-412.0,71.0,-348.0,-503.0,-456.0,-477.0,887.0
65.0,,385.0,-402.0,41.0,-367.0,-484.0,-197.0,-456.0,978.0
79.0,,445.0,-383.0,19.0,-341.0,-483.0,-212.0,-429.0,1039.0
56.0,,421.0,-369.0,14.0,-332.0,-511.0,-160.0,-391.0,1055.0
23.0,,452.0,-344.0,29.0,-312.0,-489.0,127.0,-324.0,1032.0
21.0,,410.0,-347.0,76.0,-320.0,-470.0,-164.0,-243.0,986.0
-7.0,,358.0,-415.0,175.0,-360.0,-437.0,138.0,-170.0,938.0
-67.0,,307.0,-486.0,293.0,-308.0,-383.0,-171.0,-104.0,911.0
-115.0,,257.0,-542.0,373.0,-269.0,-353.0,-109.0,-41.0,893.0
-139.0,,189.0,-608.0,384.0,-229.0,-310.0,-94.0,-5.0,904.0
-137.0,,86.0,-681.0,344.0,-218.0,-297.0,-308.0,9.0,932.0
-175.0,,56.0,-712.0,277.0,-203.0,-311.0,-48.0,10.0,981.0
-229.0,,-13.0,-671.0,203.0,-161.0,-325.0,-397.0,-5.0,1024.0
-245.0,,-46.0,-610.0,123.0,-173.0,-345.0,-109.0,-35.0,1049.0
-245.0,,-63.0,-550.0,39.0,-222.0,-358.0,-225.0,-79.0,1101.0
-256.0,,-84.0,-467.0,-48.0,-231.0,-400.0,-260.0,-135.0,1133.0
-255.0,,-47.0,-360.0,-160.0,-171.0,-418.0,-107.0,-201.0,1144.0
-229.0,,-110.0,-268.0,-268.0,-183.0,-403.0,-363.0,-285.0,1128.0
-187.0,,-120.0,-221.0,-346.0,-175.0,-391.0,-20.0,-384.0,1069.0
-127.0,,-121.0,-218.0,-399.0,-173.0,-380.0,-277.0,-465.0,1005.0
-85.0,,-167.0,-252.0,-427.0,-208.0,-382.0,-90.0,-523.0,925.0
-64.0,,-173.0,-306.0,-421.0,-186.0,-390.0,-112.0,-556.0,840.0
-16.0,,-217.0,-373.0,-373.0,-204.0,-420.0,-273.0,-571.0,773.0
41.0,,-226.0,-425.0,-295.0,-172.0,-437.0,-38.0,-582.0,707.0
72.0,,-274.0,-425.0,-210.0,-135.0,-428.0,-400.0,-584.0,665.0
101.0,,-280.0,-388.0,-142.0,-151.0,-437.0,-155.0,-582.0,652.0
173.0,,-285.0,-332.0,-101.0,-131.0,-444.0,-358.0,-570.0,681.0
227.0,,-335.0,-257.0,-86.0,-151.0,-440.0,-354.0,-563.0,753.0
247.0,,-266.0,-170.0,-84.0,-148.0,-450.0,-223.0,-545.0,803.0
289.0,,-271.0,-88.0,-95.0,-130.0,-455.0,-424.0,-504.0,836.0
318.0,,-228.0,-50.0,-122.0,-159.0,-445.0,-107.0,-453.0,840.0
325.0,,-165.0,-55.0,-141.0,-129.0,-425.0,-362.0,-375.0,810.0
331.0,,-107.0,-87.0,-148.0,-108.0,-399.0,-169.0,-268.0,731.0
340.0,,-20.0,-178.0,-123.0,-114.0,-373.0,-253.0,-136.0,598.0
332.0,,14.0,-303.0,-63.0,-138.0,-356.0,-363.0,-10.0,443.0
305.0,,153.0,-441.0,22.0,-185.0,-350.0,-142.0,97.0,256.0
275.0,,184.0,-596.0,119.0,-210.0,-336.0,-436.0,179.0,101.0
248.0,,271.0,-754.0,188.0,-225.0,-323.0,-138.0,226.0,-30.0
231.0,,351.0,-894.0,225.0,-214.0,-333.0,-339.0,257.0,-115.0
192.0,,327.0,-990.0,256.0,-231.0,-359.0,-275.0,277.0,-127.0
126.0,,430.0,-1054.0,304.0,-233.0,-397.0,-138.0,265.0,-93.0
99.0,,421.0,-1070.0,387.0,-235.0,-420.0,-310.0,216.0,8.0
132.0,,412.0,-1018.0,484.0,-272.0,-418.0,-12.0,152.0,164.0
148.0,,432.0,-906.0,536.0,-290.0,-444.0,-297.0,75.0,344.0
166.0,,401.0,-783.0,496.0,-325.0,-439.0,-99.0,0.0,526.0
217.0,,378.0,-724.0,372.0,-304.0,-407.0,-179.0,-51.0,703.0
264.0,,310.0,-685.0,197.0,-331.0,-414.0,-238.0,-74.0,836.0
303.0,,279.0,-647.0,-2.0,-407.0,-405.0,-62.0,-94.0,955.0
326.0,,229.0,-611.0,-206.0,-375.0,-409.0,-426.0,-106.0,1040.0
341.0,,159.0,-562.0,-373.0,-340.0,-421.0,-164.0,-100.0,1045.0
349.0,,128.0,-531.0,-456.0,-300.0,-446.0,-373.0,-105.0,1013.0
385.0,,75.0,-522.0,-438.0,-294.0,-497.0,-238.0,-106.0,946.0
425.0,,49.0,-550.0,-335.0,-340.0,-542.0,-166.0,-124.0,869.0
443.0,,29.0,-573.0,-182.0,-372.0,-582.0,-391.0,-146.0,777.0
489.0,,-24.0,-562.0,-19.0,-405.0,-571.0,-140.0,-161.0,666.0
546.0,,-48.0,-541.0,118.0,-399.0,-554.0,-482.0,-186.0,552.0
573.0,,-64.0,-539.0,196.0,-411.0,-541.0,-264.0,-185.0,458.0
594.0,,-86.0,-547.0,219.0,-463.0,-538.0,-391.0,-162.0,385.0
630.0,,-127.0,-555.0,245.0,-520.0,-562.0,-393.0,-138.0,304.0
650.0,,-136.0,-584.0,282.0,-473.0,-585.0,-177.0,-119.0,267.0
665.0,,-153.0,-615.0,281.0,-377.0,-611.0,-461.0,-106.0,254.0
674.0,,-186.0,-664.0,208.0,-398.0,-636.0,-129.0,-87.0,265.0
701.0,,-155.0,-713.0,91.0,-422.0,-646.0,-365.0,-60.0,315.0
724.0,,-196.0,-737.0,-3.0,-419.0,-638.0,-247.0,-49.0,386.0
736.0,,-186.0,-747.0,-67.0,-383.0,-633.0,-277.0,-49.0,490.0
720.0,,-164.0,-709.0,-110.0,-401.0,-642.0,-443.0,-63.0,565.0
650.0,,-191.0,-613.0,-131.0,-467.0,-679.0,-184.0,-93.0,616.0
616.0,,-140.0,-456.0,-102.0,-481.0,-713.0,-541.0,-137.0,684.0
569.0,,-108.0,-298.0,-22.0,-466.0,-708.0,-286.0,-209.0,725.0
477.0,,-55.0,-209.0,42.0,-440.0,-684.0,-487.0,-289.0,759.0
360.0,,-4.0,-117.0,36.0,-492.0,-663.0,-485.0,-355.0,793.0
292.0,,35.0,5.0,-45.0,-493.0,-642.0,-347.0,-414.0,802.0
253.0,,80.0,114.0,-163.0,-433.0,-626.0,-637.0,-477.0,829.0
143.0,,109.0,172.0,-288.0,-400.0,-627.0,-293.0,-524.0,857.0
50.0,,129.0,159.0,-371.0,-373.0,-627.0,-541.0,-546.0,884.0
-18.0,,134.0,98.0,-368.0,-319.0,-644.0,-299.0,-561.0,930.0
-68.0,,172.0,11.0,-268.0,-267.0,-668.0,-286.0,-564.0,979.0
-98.0,,185.0,-72.0,-80.0,-309.0,-661.0,-404.0,-553.0,1030.0
-123.0,,177.0,-118.0,128.0,-308.0,-631.0,-179.0,-541.0,1064.0
-96.0,,170.0,-173.0,290.0,-297.0,-606.0,-552.0,-525.0,1079.0
-55.0,,212.0,-265.0,348.0,-302.0,-598.0,-310.0,-499.0,1092.0
-31.0,,245.0,-337.0,266.0,-277.0,-605.0,-546.0,-464.0,1116.0
-27.0,,219.0,-373.0,87.0,-269.0,-616.0,-467.0,-413.0,1121.0
0.0,,275.0,-387.0,-109.0,-227.0,-620.0,-327.0,-362.0,1115.0
64.0,,298.0,-409.0,-276.0,-187.0,-616.0,-546.0,-320.0,1146.0
95.0,,306.0,-419.0,-402.0,-168.0,-615.0,-243.0,-274.0,1182.0
107.0,,376.0,-418.0,-456.0,-173.0,-609.0,-580.0,-246.0,1232.0
114.0,,356.0,-461.0,-401.0,-178.0,-581.0,-376.0,-239.0,1290.0
131.0,,394.0,-492.0,-229.0,-152.0,-567.0,-430.0,-236.0,1355.0
141.0,,450.0,-513.0,-22.0,-127.0,-560.0,-417.0,-226.0,1423.0
140.0,,398.0,-579.0,118.0,-114.0,-571.0,-114.0,-206.0,1446.0
160.0,,422.0,-642.0,181.0,-108.0,-606.0,-397.0,-178.0,1433.0
185.0,,432.0,-742.0,184.0,-64.0,-614.0,-125.0,-149.0,1380.0
229.0,,395.0,-896.0,172.0,-56.0,-609.0,-437.0,-131.0,1297.0
237.0,,411.0,-1044.0,163.0,-77.0,-607.0,-388.0,-108.0,1189.0
209.0,,387.0,-1175.0,139.0,-14.0,-627.0,-362.0,-81.0,1060.0
208.0,,358.0,-1249.0,120.0,30.0,-652.0,-556.0,-50.0,928.0
188.0,,335.0,-1276.0,149.0,11.0,-648.0,-230.0,-2.0,800.0
129.0,,291.0,-1243.0,203.0,2.0,-648.0,-513.0,35.0,696.0
94.0,,284.0,-1152.0,219.0,44.0,-682.0,-247.0,56.0,599.0
92.0,,262.0,-1044.0,184.0,83.0,-726.0,-363.0,69.0,525.0
76.0,,252.0,-896.0,119.0,116.0,-749.0,-369.0,73.0,483.0
42.0,,264.0,-730.0,86.0,116.0,-756.0,-142.0,43.0,463.0
19.0,,255.0,-574.0,129.0,104.0,-743.0,-373.0,6.0,495.0
-5.0,,260.0,-439.0,207.0,161.0,-751.0,-57.0,-57.0,577.0
-55.0,,286.0,-321.0,248.0,141.0,-773.0,-325.0,-142.0,702.0
-121.0,,282.0,-234.0,231.0,152.0,-785.0,-205.0,-215.0,813.0
-163.0,,253.0,-171.0,180.0,201.0,-805.0,-223.0,-305.0,890.0
-171.0,,273.0,-115.0,103.0,197.0,-827.0,-349.0,-379.0,944.0
-201.0,,226.0,-77.0,22.0,258.0,-865.0,-72.0,-445.0,955.0
-244.0,,208.0,-47.0,-50.0,265.0,-875.0,-391.0,-503.0,915.0
-266.0,,185.0,-41.0,-111.0,258.0,-874.0,-103.0,-526.0,800.0
-234.0,,141.0,-40.0,-169.0,244.0,-875.0,-251.0,-545.0,658.0
-193.0,,179.0,-47.0,-216.0,237.0,-869.0,-210.0,-545.0,492.0
-206.0,,84.0,-69.0,-220.0,319.0,-875.0,-59.0,-528.0,307.0
-176.0,,69.0,-106.0,-166.0,330.0,-879.0,-327.0,-515.0,145.0
-100.0,,52.0,-175.0,-72.0,338.0,-895.0,-31.0,-500.0,-18.0
-65.0,,-13.0,-241.0,21.0,345.0,-860.0,-336.0,-487.0,-150.0
-56.0,,-12.0,-296.0,100.0,334.0,-820.0,-92.0,-471.0,-248.0
-5.0,,-78.0,-349.0,150.0,371.0,-786.0,-20.0,-428.0,-314.0
66.0,,-96.0,-432.0,156.0,400.0,-746.0,-79.0,-393.0,-329.0
131.0,,-142.0,-538.0,86.0,404.0,-702.0,179.0,-354.0,-323.0
207.0,,-182.0,-608.0,-76.0,371.0,-651.0,-199.0,-305.0,-305.0
261.0,,-224.0,-647.0,-227.0,383.0,-647.0,55.0,-276.0,-254.0
309.0,,-261.0,-671.0,-222.0,428.0,-616.0,-116.0,-243.0,-198.0
349.0,,-291.0,-691.0,-44.0,433.0,-587.0,-5.0,-197.0,-136.0
349.0,,-337.0,-709.0,177.0,407.0,-584.0,116.0,-140.0,-27.0
339.0,,-350.0,-731.0,317.0,410.0,-576.0,-140.0,-74.0,68.0
343.0,,-397.0,-736.0,336.0,450.0,-556.0,97.0,0.0,160.0
343.0,,-364.0,-683.0,276.0,470.0,-542.0,-275.0,80.0,238.0
297.0,,-387.0,-589.0,174.0,498.0,-555.0,27.0,148.0,269.0
245.0,,-425.0,-510.0,-11.0,449.0,-544.0,81.0,210.0,306.0
223.0,,-360.0,-446.0,-259.0,433.0,-545.0,48.0,263.0,315.0
177.0,,-398.0,-387.0,-464.0,475.0,-580.0,238.0,293.0,277.0
96.0,,-376.0,-321.0,-508.0,456.0,-604.0,-79.0,309.0,243.0
9.0,,-364.0,-252.0,-389.0,474.0,-602.0,266.0,317.0,195.0
-66.0,,-411.0,-200.0,-232.0,469.0,-621.0,134.0,329.0,145.0
-141.0,,-356.0,-138.0,-82.0,428.0,-637.0,373.0,342.0,122.0
-232.0,,-366.0,-76.0,87.0,433.0,-631.0,471.0,337.0,148.0
-322.0,,-361.0,-24.0,271.0,456.0,-635.0,315.0,342.0,212.0
-368.0,,-304.0,31.0,421.0,467.0,-643.0,589.0,333.0,262.0
-371.0,,-277.0,72.0,476.0,467.0,-657.0,201.0,310.0,306.0
-391.0,,-197.0,105.0,408.0,468.0,-663.0,376.0,289.0,320.0
-392.0,,-148.0,114.0,267.0,481.0,-652.0,133.0,273.0,291.0
-327.0,,-107.0,72.0,162.0,464.0,-647.0,12.0,278.0,213.0
-252.0,,-25.0,10.0,145.0,448.0,-653.0,138.0,302.0,107.0
-214.0,,19.0,-56.0,133.0,482.0,-635.0,-84.0,329.0,20.0
-170.0,,57.0,-161.0,41.0,450.0,-645.0,310.0,366.0,-70.0
-83.0,,118.0,-316.0,-89.0,417.0,-671.0,55.0,396.0,-156.0
-5.0,,179.0,-492.0,-180.0,491.0,-676.0,229.0,411.0,-212.0
44.0,,222.0,-645.0,-201.0,549.0,-707.0,247.0,416.0,-242.0
83.0,,257.0,-735.0,-166.0,558.0,-705.0,116.0,395.0,-257.0
132.0,,269.0,-793.0,-90.0,578.0,-678.0,443.0,352.0,-263.0
166.0,,336.0,-832.0,51.0,605.0,-678.0,205.0,294.0,-258.0
155.0,,353.0,-828.0,253.0,641.0,-708.0,561.0,230.0,-216.0
124.0,,304.0,-806.0,432.0,703.0,-715.0,399.0,176.0,-171.0
116.0,,371.0,-749.0,522.0,726.0,-696.0,358.0,144.0,-124.0
112.0,,347.0,-673.0,491.0,678.0,-695.0,399.0,137.0,-48.0
44.0,,329.0,-584.0,336.0,657.0,-685.0,96.0,155.0,23.0
0.0,,366.0,-450.0,90.0,667.0,-669.0,375.0,189.0,81.0
-7.0,,312.0,-317.0,-153.0,677.0,-663.0,72.0,208.0,104.0
-24.0,,341.0,-209.0,-316.0,658.0,-676.0,328.0,220.0,107.0
-42.0,,326.0,-166.0,-397.0,668.0,-709.0,338.0,228.0,78.0
-92.0,,270.0,-192.0,-447.0,750.0,-761.0,267.0,239.0,36.0
-130.0,,264.0,-242.0,-486.0,772.0,-806.0,530.0,243.0,-4.0
-133.0,,232.0,-316.0,-477.0,778.0,-838.0,236.0,247.0,-35.0
-108.0,,239.0,-407.0,-429.0,798.0,-850.0,508.0,262.0,4.0
-105.0,,191.0,-502.0,-359.0,785.0,-848.0,275.0,284.0,90.0
-116.0,,161.0,-595.0,-278.0,778.0,-863.0,400.0,325.0,207.0
-104.0,,173.0,-646.0,-177.0,791.0,-855.0,489.0,376.0,341.0
-82.0,,108.0,-628.0,-39.0,827.0,-866.0,262.0,418.0,472.0
-62.0,,77.0,-577.0,119.0,845.0,-891.0,526.0,445.0,574.0
-65.0,,47.0,-519.0,250.0,795.0,-902.0,192.0,461.0,624.0
-62.0,,33.0,-446.0,286.0,761.0,-920.0,423.0,464.0,616.0
-50.0,,50.0,-384.0,223.0,811.0,-939.0,280.0,444.0,583.0
-23.0,,36.0,-349.0,99.0,824.0,-957.0,247.0,402.0,549.0
0.0,,31.0,-347.0,-62.0,793.0,-912.0,450.0,341.0,493.0
8.0,,57.0,-404.0,-235.0,795.0,-867.0,118.0,263.0,456.0
38.0,,82.0,-513.0,-385.0,813.0,-849.0,397.0,173.0,408.0
46.0,,45.0,-664.0,-461.0,837.0,-802.0,81.0,59.0,339.0
21.0,,93.0,-834.0,-434.0,842.0,-772.0,168.0,-53.0,272.0
7.0,,107.0,-979.0,-315.0,851.0,-791.0,190.0,-168.0,179.0
-5.0,,78.0,-1062.0,-137.0,857.0,-848.0,-11.0,-271.0,74.0
-56.0,,149.0,-1082.0,23.0,824.0,-860.0,308.0,-332.0,-15.0
-113.0,,102.0,-1045.0,108.0,792.0,-855.0,79.0,-373.0,-77.0
-116.0,,127.0,-943.0,141.0,810.0,-888.0,376.0,-390.0,-99.0
-115.0,,149.0,-766.0,184.0,835.0,-875.0,212.0,-393.0,-98.0
-134.0,,83.0,-570.0,255.0,810.0,-843.0,123.0,-372.0,-66.0
-131.0,,116.0,-416.0,294.0,796.0,-820.0,208.0,-339.0,-10.0
-110.0,,92.0,-264.0,284.0,789.0,-801.0,-38.0,-302.0,52.0
-112.0,,102.0,-102.0,273.0,746.0,-781.0,380.0,-254.0,108.0
-139.0,,131.0,42.0,255.0,667.0,-762.0,232.0,-207.0,147.0
-127.0,,126.0,161.0,186.0,577.0,-749.0,399.0,-154.0,201.0
-90.0,,152.0,224.0,51.0,555.0,-733.0,245.0,-95.0,231.0
-70.0,,179.0,221.0,-97.0,584.0,-717.0,-18.0,-29.0,232.0
-52.0,,174.0,149.0,-196.0,609.0,-682.0,168.0,12.0,219.0
-21.0,,172.0,33.0,-239.0,596.0,-665.0,-121.0,43.0,174.0
16.0,,208.0,-93.0,-226.0,567.0,-657.0,245.0,75.0,126.0
61.0,,198.0,-224.0,-187.0,571.0,-664.0,144.0,102.0,52.0
93.0,,213.0,-338.0,-149.0,599.0,-694.0,238.0,149.0,-43.0
99.0,,201.0,-425.0,-120.0,598.0,-688.0,310.0,213.0,-134.0
120.0,,198.0,-496.0,-79.0,599.0,-680.0,53.0,298.0,-229.0
165.0,,249.0,-519.0,23.0,607.0,-700.0,354.0,395.0,-351.0
192.0,,187.0,-498.0,146.0,573.0,-701.0,42.0,525.0,-463.0
205.0,,176.0,-476.0,215.0,561.0,-687.0,291.0,653.0,-553.0
217.0,,150.0,-409.0,219.0,550.0,-669.0,242.0,754.0,-650.0
229.0,,33.0,-325.0,200.0,590.0,-638.0,192.0,841.0,-736.0
224.0,,2.0,-264.0,178.0,626.0,-620.0,461.0,890.0,-794.0
177.0,,-124.0,-202.0,107.0,588.0,-604.0,221.0,916.0,-785.0
119.0,,-247.0,-161.0,-13.0,554.0,-584.0,515.0,897.0,-726.0
56.0,,-283.0,-116.0,-127.0,515.0,-563.0,149.0,856.0,-625.0
4.0,,-424.0,-60.0,-204.0,522.0,-532.0,192.0,809.0,-491.0
-38.0,,-501.0,-6.0,-235.0,554.0,-527.0,230.0,732.0,-333.0
-103.0,,-538.0,38.0,-221.0,564.0,-517.0,42.0,663.0,-160.0
-137.0,,-615.0,41.0,-172.0,578.0,-487.0,376.0,598.0,-23.0
-158.0,,-621.0,-25.0,-110.0,588.0,-483.0,55.0,505.0,100.0
-189.0,,-636.0,-153.0,-40.0,588.0,-500.0,312.0,410.0,186.0
-245.0,,-624.0,-303.0,30.0,632.0,-493.0,206.0,302.0,226.0
-323.0,,-589.0,-457.0,53.0,660.0,-482.0,212.0,193.0,239.0
-331.0,,-567.0,-605.0,23.0,660.0,-475.0,393.0,112.0,221.0
-306.0,,-541.0,-757.0,-9.0,654.0,-447.0,134.0,69.0,204.0
-300.0,,-508.0,-872.0,25.0,605.0,-429.0,471.0,74.0,166.0
-313.0,,-461.0,-927.0,162.0,605.0,-412.0,212.0,112.0,119.0
-293.0,,-444.0,-934.0,340.0,644.0,-372.0,395.0,197.0,59.0
-232.0,,-407.0,-921.0,445.0,660.0,-336.0,386.0,306.0,-2.0
-211.0,,-368.0,-926.0,378.0,640.0,-305.0,266.0,424.0,-56.0
-194.0,,-291.0,-928.0,128.0,638.0,-284.0,502.0,539.0,-128.0
-150.0,,-226.0,-919.0,-167.0,686.0,-257.0,112.0,633.0,-200.0
-93.0,,-178.0,-909.0,-340.0,744.0,-209.0,397.0,719.0,-268.0
-48.0,,-89.0,-892.0,-324.0,750.0,-182.0,175.0,780.0,-320.0
-39.0,,-93.0,-875.0,-214.0,724.0,-138.0,142.0,827.0,-410.0
-22.0,,-17.0,-843.0,-102.0,757.0,-87.0,203.0,854.0,-516.0
0.0,,22.0,-747.0,28.0,757.0,-76.0,-70.0,869.0,-613.0
14.0,,-32.0,-605.0,176.0,732.0,-79.0,282.0,882.0,-721.0
1.0,,72.0,-477.0,272.0,715.0,-51.0,11.0,890.0,-804.0
-2.0,,70.0,-378.0,241.0,690.0,-14.0,304.0,916.0,-867.0
40.0,,63.0,-314.0,111.0,715.0,-17.0,286.0,928.0,-902.0
67.0,,144.0,-286.0,-16.0,734.0,-13.0,195.0,922.0,-959.0
46.0,,149.0,-294.0,-84.0,732.0,14.0,482.0,894.0,-1024.0
30.0,,201.0,-330.0,-86.0,722.0,35.0,175.0,853.0,-1084.0
61.0,,219.0,-369.0,-65.0,659.0,35.0,578.0,790.0,-1148.0
69.0,,232.0,-411.0,-47.0,632.0,43.0,454.0,707.0,-1164.0
37.0,,251.0,-453.0,-37.0,642.0,24.0,576.0,626.0,-1160.0
33.0,,258.0,-499.0,-33.0,606.0,-23.0,617.0,542.0,-1142.0
48.0,,261.0,-532.0,-58.0,591.0,-34.0,282.0,475.0,-1093.0
64.0,,229.0,-539.0,-145.0,561.0,-54.0,471.0,403.0,-1027.0
53.0,,236.0,-515.0,-263.0,534.0,-84.0,112.0,312.0,-950.0
45.0,,212.0,-470.0,-331.0,526.0,-88.0,375.0,202.0,-857.0
46.0,,181.0,-439.0,-248.0,494.0,-82.0,238.0,69.0,-778.0
48.0,,151.0,-430.0,-36.0,452.0,-80.0,205.0,-80.0,-685.0
68.0,,154.0,-466.0,156.0,438.0,-92.0,445.0,-243.0,-589.0
79.0,,166.0,-553.0,219.0,475.0,-104.0,162.0,-366.0,-536.0
116.0,,132.0,-643.0,160.0,435.0,-79.0,463.0,-442.0,-499.0
165.0,,213.0,-710.0,72.0,386.0,-42.0,134.0,-485.0,-501.0
177.0,,219.0,-750.0,10.0,412.0,-26.0,251.0,-496.0,-536.0
194.0,,231.0,-733.0,-18.0,419.0,-5.0,314.0,-473.0,-576.0
233.0,,323.0,-663.0,-40.0,384.0,8.0,212.0,-442.0,-601.0
268.0,,290.0,-550.0,-22.0,310.0,0.0,532.0,-403.0,-604.0
280.0,,359.0,-412.0,116.0,271.0,14.0,205.0,-347.0,-596.0
276.0,,386.0,-292.0,324.0,251.0,53.0,460.0,-282.0,-575.0
286.0,,334.0,-183.0,447.0,204.0,89.0,253.0,-187.0,-558.0
301.0,,352.0,-72.0,389.0,133.0,94.0,205.0,-85.0,-543.0
294.0,,285.0,13.0,184.0,113.0,100.0,317.0,12.0,-518.0
246.0,,272.0,58.0,-27.0,173.0,124.0,60.0,114.0,-508.0
216.0,,216.0,86.0,-142.0,196.0,112.0,408.0,211.0,-523.0
219.0,,144.0,83.0,-179.0,181.0,119.0,164.0,293.0,-539.0
194.0,,149.0,54.0,-177.0,184.0,162.0,352.0,355.0,-579.0
156.0,,83.0,13.0,-178.0,198.0,189.0,286.0,401.0,-631.0
132.0,,64.0,-61.0,-229.0,194.0,191.0,129.0,423.0,-678.0
142.0,,11.0,-173.0,-304.0,172.0,180.0,338.0,421.0,-710.0
129.0,,-6.0,-313.0,-362.0,166.0,176.0,55.0,415.0,-685.0
99.0,,-29.0,-422.0,-385.0,164.0,144.0,384.0,413.0,-642.0
94.0,,-103.0,-475.0,-375.0,186.0,140.0,182.0,393.0,-586.0
75.0,,-110.0,-477.0,-321.0,171.0,180.0,280.0,346.0,-500.0
53.0,,-167.0,-455.0,-203.0,151.0,185.0,430.0,273.0,-409.0
6.0,,-185.0,-442.0,-51.0,234.0,177.0,236.0,171.0,-319.0
-30.0,,-229.0,-408.0,71.0,273.0,190.0,482.0,59.0,-233.0
-57.0,,-240.0,-368.0,151.0,271.0,196.0,86.0,-50.0,-154.0
-73.0,,-220.0,-349.0,208.0,313.0,176.0,286.0,-132.0,-85.0
-70.0,,-247.0,-363.0,240.0,376.0,154.0,232.0,-178.0,-22.0
-57.0,,-169.0,-404.0,239.0,403.0,148.0,133.0,-199.0,19.0
12.0,,-181.0,-439.0,221.0,329.0,153.0,221.0,-204.0,39.0
56.0,,-176.0,-451.0,213.0,319.0,155.0,-116.0,-206.0,49.0
88.0,,-109.0,-439.0,225.0,369.0,165.0,253.0,-216.0,41.0
133.0,,-172.0,-415.0,243.0,386.0,181.0,-12.0,-220.0,22.0
176.0,,-142.0,-381.0,248.0,371.0,175.0,-14.0,-219.0,2.0
211.0,,-100.0,-337.0,221.0,350.0,170.0,33.0,-232.0,-15.0
180.0,,-123.0,-281.0,168.0,413.0,179.0,-77.0,-250.0,-33.0
175.0,,-73.0,-216.0,125.0,500.0,188.0,227.0,-276.0,-72.0
214.0,,-71.0,-172.0,110.0,531.0,182.0,-131.0,-304.0,-115.0
230.0,,-59.0,-136.0,116.0,536.0,178.0,48.0,-302.0,-166.0
220.0,,-18.0,-93.0,112.0,547.0,202.0,-92.0,-284.0,-224.0
220.0,,-27.0,-80.0,79.0,563.0,224.0,-88.0,-242.0,-276.0
215.0,,-10.0,-104.0,25.0,567.0,235.0,79.0,-161.0,-342.0
199.0,,25.0,-138.0,-41.0,515.0,260.0,-171.0,-71.0,-419.0
155.0,,43.0,-121.0,-72.0,479.0,280.0,101.0,37.0,-497.0
56.0,,59.0,-48.0,-52.0,485.0,255.0,-282.0,149.0,-565.0
-21.0,,65.0,-1.0,0.0,465.0,195.0,-169.0,234.0,-611.0
-86.0,,49.0,2.0,76.0,490.0,157.0,-160.0,288.0,-620.0
-153.0,,52.0,-6.0,190.0,515.0,152.0,-266.0,299.0,-612.0
-191.0,,-18.0,-8.0,347.0,507.0,154.0,70.0,285.0,-594.0
-205.0,,-72.0,18.0,507.0,525.0,168.0,-218.0,263.0,-574.0
-206.0,,-91.0,79.0,590.0,538.0,163.0,114.0,229.0,-580.0
-195.0,,-183.0,145.0,525.0,568.0,149.0,-27.0,197.0,-613.0
-186.0,,-179.0,152.0,331.0,577.0,134.0,-116.0,162.0,-663.0
-200.0,,-209.0,76.0,95.0,536.0,96.0,-79.0,130.0,-726.0
-189.0,,-263.0,-46.0,-96.0,512.0,81.0,-216.0,87.0,-816.0
-154.0,,-193.0,-184.0,-179.0,513.0,64.0,190.0,19.0,-903.0
-110.0,,-215.0,-301.0,-167.0,527.0,49.0,-129.0,-64.0,-983.0
-74.0,,-221.0,-396.0,-110.0,500.0,38.0,29.0,-176.0,-1075.0
-35.0,,-136.0,-498.0,-61.0,471.0,7.0,-84.0,-297.0,-1139.0
34.0,,-116.0,-610.0,-48.0,477.0,-5.0,-229.0,-392.0,-1177.0
114.0,,-45.0,-705.0,-46.0,479.0,0.0,-55.0,-466.0,-1193.0
194.0,,20.0,-756.0,-18.0,457.0,27.0,-404.0,-491.0,-1187.0
255.0,,60.0,-753.0,47.0,381.0,70.0,-75.0,-463.0,-1156.0
327.0,,144.0,-708.0,132.0,358.0,91.0,-262.0,-423.0,-1093.0
407.0,,174.0,-653.0,223.0,370.0,108.0,-162.0,-385.0,-1022.0
446.0,,189.0,-600.0,305.0,342.0,151.0,-99.0,-349.0,-951.0
461.0,,213.0,-541.0,352.0,320.0,183.0,-304.0,-317.0,-872.0
480.0,,211.0,-491.0,345.0,287.0,188.0,-73.0,-289.0,-791.0
488.0,,208.0,-434.0,259.0,265.0,153.0,-426.0,-261.0,-711.0
456.0,,198.0,-335.0,115.0,248.0,128.0,-145.0,-223.0,-626.0
425.0,,146.0,-236.0,-22.0,228.0,128.0,-223.0,-166.0,-562.0
399.0,,166.0,-162.0,-111.0,196.0,110.0,-190.0,-127.0,-521.0
351.0,,158.0,-87.0,-121.0,145.0,96.0,-36.0,-94.0,-481.0
289.0,,84.0,-8.0,-70.0,139.0,93.0,-415.0,-49.0,-442.0
232.0,,103.0,55.0,-3.0,125.0,119.0,-155.0,-26.0,-388.0
211.0,,57.0,98.0,35.0,98.0,132.0,-421.0,-13.0,-294.0
198.0,,29.0,113.0,29.0,112.0,110.0,-199.0,-3.0,-213.0
198.0,,55.0,83.0,-10.0,120.0,117.0,-136.0,9.0,-192.0
210.0,,38.0,29.0,-81.0,74.0,143.0,-323.0,32.0,-211.0
189.0,,112.0,-44.0,-141.0,40.0,147.0,-81.0,65.0,-273.0
164.0,,161.0,-157.0,-158.0,66.0,153.0,-388.0,100.0,-366.0
131.0,,181.0,-283.0,-123.0,27.0,196.0,-136.0,123.0,-467.0
82.0,,245.0,-388.0,-47.0,0.0,256.0,-356.0,144.0,-561.0
66.0,,283.0,-485.0,-5.0,29.0,328.0,-360.0,172.0,-635.0
52.0,,343.0,-592.0,-70.0,31.0,394.0,-188.0,214.0,-685.0
35.0,,362.0,-685.0,-258.0,40.0,406.0,-389.0,239.0,-738.0
26.0,,418.0,-768.0,-520.0,33.0,407.0,-62.0,277.0,-771.0
40.0,,495.0,-843.0,-757.0,74.0,423.0,-369.0,308.0,-732.0
51.0,,514.0,-870.0,-887.0,135.0,424.0,-212.0,296.0,-661.0
12.0,,570.0,-864.0,-888.0,153.0,419.0,-286.0,264.0,-560.0
2.0,,594.0,-857.0,-766.0,147.0,404.0,-447.0,198.0,-427.0
15.0,,642.0,-835.0,-580.0,143.0,403.0,-225.0,113.0,-282.0
37.0,,663.0,-787.0,-402.0,168.0,401.0,-559.0,20.0,-136.0
50.0,,676.0,-718.0,-259.0,175.0,400.0,-254.0,-52.0,-5.0
57.0,,700.0,-648.0,-150.0,152.0,407.0,-460.0,-104.0,81.0
79.0,,719.0,-591.0,-77.0,148.0,401.0,-485.0,-138.0,85.0
82.0,,774.0,-555.0,-30.0,190.0,384.0,-406.0,-146.0,45.0
94.0,,739.0,-532.0,23.0,219.0,352.0,-637.0,-144.0,-47.0
74.0,,765.0,-501.0,122.0,262.0,359.0,-282.0,-125.0,-174.0
48.0,,754.0,-476.0,290.0,290.0,347.0,-476.0,-123.0,-299.0
55.0,,716.0,-456.0,476.0,340.0,320.0,-240.0,-136.0,-416.0
41.0,,737.0,-442.0,599.0,393.0,297.0,-339.0,-165.0,-515.0
14.0,,647.0,-453.0,607.0,326.0,285.0,-452.0,-201.0,-612.0
1.0,,654.0,-487.0,486.0,312.0,338.0,-249.0,-220.0,-673.0
18.0,,621.0,-519.0,281.0,373.0,363.0,-572.0,-233.0,-700.0
39.0,,527.0,-528.0,44.0,404.0,370.0,-280.0,-216.0,-678.0
30.0,,552.0,-546.0,-175.0,431.0,371.0,-497.0,-186.0,-623.0
27.0,,497.0,-553.0,-311.0,450.0,377.0,-373.0,-151.0,-518.0
37.0,,491.0,-523.0,-318.0,448.0,377.0,-365.0,-126.0,-366.0
53.0,,473.0,-493.0,-220.0,487.0,335.0,-606.0,-117.0,-231.0
75.0,,412.0,-486.0,-87.0,519.0,311.0,-325.0,-111.0,-95.0
88.0,,407.0,-468.0,17.0,538.0,304.0,-670.0,-118.0,14.0
127.0,,339.0,-431.0,80.0,566.0,332.0,-308.0,-101.0,96.0
187.0,,300.0,-403.0,92.0,561.0,329.0,-343.0,-81.0,145.0
265.0,,223.0,-379.0,83.0,616.0,335.0,-404.0,-59.0,173.0
342.0,,171.0,-359.0,93.0,655.0,373.0,-256.0,-18.0,191.0
392.0,,135.0,-346.0,107.0,632.0,375.0,-569.0,5.0,193.0
441.0,,114.0,-329.0,120.0,628.0,410.0,-297.0,23.0,191.0
505.0,,130.0,-320.0,162.0,631.0,432.0,-546.0,26.0,153.0
553.0,,104.0,-307.0,229.0,619.0,444.0,-328.0,3.0,97.0
566.0,,185.0,-298.0,278.0,611.0,466.0,-327.0,-40.0,8.0
604.0,,173.0,-260.0,260.0,624.0,469.0,-443.0,-105.0,-92.0
642.0,,166.0,-183.0,175.0,621.0,448.0,-229.0,-185.0,-186.0
630.0,,224.0,-103.0,68.0,601.0,412.0,-635.0,-284.0,-276.0
593.0,,167.0,-28.0,-8.0,581.0,389.0,-271.0,-380.0,-310.0
595.0,,202.0,25.0,-29.0,595.0,369.0,-391.0,-474.0,-318.0
609.0,,178.0,78.0,7.0,614.0,337.0,-363.0,-566.0,-294.0
564.0,,148.0,85.0,76.0,603.0,296.0,-260.0,-614.0,-250.0
536.0,,188.0,8.0,149.0,605.0,271.0,-515.0,-615.0,-215.0
566.0,,126.0,-103.0,237.0,625.0,246.0,-182.0,-579.0,-194.0
577.0,,125.0,-218.0,321.0,636.0,236.0,-497.0,-508.0,-217.0
514.0,,129.0,-290.0,373.0,640.0,239.0,-293.0,-445.0,-231.0
457.0,,105.0,-325.0,403.0,605.0,213.0,-367.0,-395.0,-226.0
440.0,,100.0,-342.0,402.0,583.0,177.0,-474.0,-363.0,-213.0
409.0,,88.0,-322.0,382.0,580.0,158.0,-229.0,-351.0,-190.0
354.0,,87.0,-294.0,368.0,509.0,168.0,-548.0,-353.0,-168.0
331.0,,97.0,-294.0,353.0,471.0,168.0,-210.0,-390.0,-159.0
361.0,,121.0,-320.0,324.0,469.0,158.0,-408.0,-407.0,-173.0
400.0,,113.0,-349.0,272.0,496.0,142.0,-358.0,-414.0,-202.0
427.0,,151.0,-388.0,194.0,532.0,138.0,-314.0,-424.0,-214.0
440.0,,172.0,-446.0,92.0,513.0,160.0,-558.0,-418.0,-209.0
486.0,,169.0,-530.0,-38.0,486.0,183.0,-266.0,-413.0,-191.0
549.0,,228.0,-638.0,-195.0,467.0,216.0,-626.0,-394.0,-143.0
572.0,,258.0,-731.0,-339.0,494.0,244.0,-448.0,-363.0,-108.0
591.0,,334.0,-771.0,-424.0,520.0,243.0,-583.0,-331.0,-74.0
650.0,,371.0,-749.0,-444.0,500.0,236.0,-696.0,-285.0,-23.0
688.0,,407.0,-700.0,-418.0,438.0,230.0,-526.0,-234.0,10.0
668.0,,474.0,-660.0,-347.0,423.0,194.0,-849.0,-178.0,46.0
670.0,,455.0,-613.0,-222.0,465.0,144.0,-509.0,-120.0,88.0
697.0,,490.0,-537.0,-61.0,461.0,118.0,-698.0,-82.0,148.0
712.0,,456.0,-435.0,112.0,471.0,116.0,-585.0,-69.0,216.0
706.0,,404.0,-329.0,241.0,451.0,144.0,-524.0,-68.0,294.0
705.0,,421.0,-200.0,291.0,429.0,191.0,-631.0,-65.0,402.0
718.0,,346.0,-56.0,274.0,446.0,204.0,-332.0,-50.0,496.0
706.0,,315.0,42.0,207.0,429.0,182.0,-702.0,-22.0,572.0
668.0,,300.0,72.0,144.0,387.0,178.0,-474.0,22.0,628.0
605.0,,279.0,40.0,101.0,335.0,158.0,-620.0,72.0,659.0
548.0,,315.0,-17.0,64.0,313.0,130.0,-681.0,127.0,698.0
494.0,,331.0,-103.0,20.0,317.0,139.0,-561.0,177.0,691.0
416.0,,376.0,-210.0,-20.0,321.0,190.0,-818.0,222.0,649.0
349.0,,429.0,-295.0,-52.0,302.0,213.0,-478.0,250.0,614.0
292.0,,488.0,-369.0,-105.0,292.0,186.0,-692.0,264.0,533.0
234.0,,530.0,-449.0,-186.0,306.0,187.0,-498.0,293.0,387.0
153.0,,567.0,-514.0,-297.0,265.0,207.0,-559.0,308.0,208.0
74.0,,638.0,-546.0,-412.0,233.0,198.0,-692.0,321.0,4.0
0.0,,612.0,-559.0,-473.0,207.0,169.0,-402.0,325.0,-228.0
-65.0,,616.0,-561.0,-428.0,154.0,151.0,-757.0,339.0,-471.0
-81.0,,607.0,-564.0,-262.0,121.0,134.0,-539.0,357.0,-727.0
-80.0,,589.0,-549.0,-47.0,102.0,104.0,-787.0,364.0,-978.0
-49.0,,594.0,-496.0,111.0,107.0,67.0,-770.0,360.0,-1171.0
0.0,,505.0,-434.0,162.0,74.0,71.0,-705.0,327.0,-1300.0
52.0,,517.0,-366.0,115.0,49.0,100.0,-1018.0,279.0,-1347.0
113.0,,433.0,-295.0,-2.0,63.0,117.0,-737.0,203.0,-1294.0
162.0,,350.0,-251.0,-133.0,71.0,160.0,-1008.0,118.0,-1171.0
222.0,,342.0,-237.0,-219.0,39.0,189.0,-692.0,16.0,-1001.0
281.0,,206.0,-228.0,-236.0,25.0,204.0,-646.0,-72.0,-800.0
305.0,,208.0,-198.0,-213.0,60.0,221.0,-622.0,-125.0,-638.0
308.0,,166.0,-124.0,-213.0,43.0,196.0,-376.0,-175.0,-517.0
330.0,,81.0,-23.0,-261.0,39.0,157.0,-731.0,-196.0,-421.0
335.0,,71.0,52.0,-316.0,25.0,146.0,-410.0,-191.0,-392.0
290.0,,-15.0,103.0,-319.0,14.0,119.0,-618.0,-167.0,-374.0
219.0,,-47.0,130.0,-225.0,6.0,76.0,-506.0,-136.0,-318.0
161.0,,-117.0,126.0,-32.0,-33.0,69.0,-413.0,-95.0,-199.0
126.0,,-179.0,95.0,206.0,-20.0,74.0,-626.0,-49.0,-13.0
81.0,,-177.0,28.0,392.0,-45.0,75.0,-389.0,-23.0,193.0
43.0,,-213.0,-34.0,478.0,-74.0,57.0,-726.0,-7.0,402.0
53.0,,-165.0,-70.0,489.0,-64.0,49.0,-460.0,8.0,604.0
82.0,,-152.0,-96.0,424.0,-91.0,50.0,-587.0,34.0,754.0
84.0,,-102.0,-103.0,292.0,-102.0,7.0,-646.0,60.0,829.0
86.0,,-25.0,-117.0,118.0,-86.0,-40.0,-484.0,76.0,865.0
129.0,,-10.0,-158.0,-42.0,-80.0,-68.0,-715.0,80.0,869.0
178.0,,53.0,-205.0,-149.0,-94.0,-98.0,-234.0,62.0,796.0
200.0,,77.0,-209.0,-209.0,-145.0,-127.0,-386.0,21.0,649.0
238.0,,110.0,-141.0,-232.0,-181.0,-111.0,-232.0,-41.0,442.0
276.0,,79.0,-18.0,-235.0,-171.0,-104.0,-201.0,-109.0,187.0
303.0,,89.0,117.0,-215.0,-189.0,-118.0,-356.0,-143.0,-55.0
326.0,,113.0,222.0,-169.0,-252.0,-102.0,-25.0,-141.0,-251.0
314.0,,77.0,288.0,-102.0,-258.0,-113.0,-301.0,-95.0,-378.0
323.0,,166.0,325.0,-24.0,-267.0,-162.0,-77.0,-6.0,-424.0
330.0,,158.0,354.0,65.0,-244.0,-205.0,-295.0,96.0,-387.0
316.0,,208.0,362.0,169.0,-205.0,-227.0,-277.0,194.0,-303.0
291.0,,293.0,321.0,267.0,-258.0,-260.0,-103.0,266.0,-202.0
259.0,,270.0,260.0,341.0,-267.0,-291.0,-373.0,294.0,-109.0
264.0,,345.0,202.0,370.0,-273.0,-319.0,-44.0,292.0,-53.0
215.0,,349.0,176.0,357.0,-283.0,-339.0,-339.0,257.0,-22.0
157.0,,357.0,193.0,294.0,-241.0,-349.0,-225.0,199.0,-15.0
130.0,,367.0,214.0,204.0,-198.0,-382.0,-327.0,154.0,15.0
78.0,,334.0,215.0,122.0,-144.0,-387.0,-465.0,99.0,72.0
26.0,,374.0,202.0,69.0,-109.0,-382.0,-195.0,30.0,126.0
-34.0,,349.0,176.0,63.0,-122.0,-401.0,-487.0,-47.0,198.0
-102.0,,354.0,114.0,66.0,-139.0,-404.0,-149.0,-141.0,300.0
-148.0,,354.0,18.0,78.0,-183.0,-402.0,-280.0,-226.0,429.0
-150.0,,317.0,-84.0,108.0,-242.0,-414.0,-162.0,-287.0,559.0
-153.0,,314.0,-179.0,133.0,-181.0,-408.0,-73.0,-323.0,693.0
-164.0,,261.0,-265.0,147.0,-146.0,-397.0,-330.0,-314.0,823.0
-138.0,,236.0,-349.0,163.0,-160.0,-386.0,-22.0,-245.0,923.0
-102.0,,219.0,-398.0,179.0,-133.0,-352.0,-295.0,-134.0,982.0
-102.0,,207.0,-422.0,147.0,-126.0,-301.0,-46.0,0.0,999.0
-108.0,,182.0,-450.0,30.0,-76.0,-238.0,-134.0,127.0,1002.0
-98.0,,168.0,-455.0,-144.0,-38.0,-236.0,-194.0,229.0,1003.0
-96.0,,180.0,-396.0,-326.0,-27.0,-241.0,40.0,302.0,995.0
-74.0,,107.0,-281.0,-486.0,2.0,-217.0,-258.0,343.0,983.0
-24.0,,103.0,-169.0,-565.0,6.0,-196.0,46.0,356.0,1014.0
48.0,,38.0,-77.0,-517.0,-2.0,-161.0,-169.0,342.0,1062.0
119.0,,-84.0,6.0,-376.0,31.0,-154.0,1.0,320.0,1086.0
175.0,,-85.0,78.0,-214.0,66.0,-171.0,123.0,287.0,1066.0
240.0,,-226.0,141.0,-105.0,104.0,-191.0,-64.0,248.0,977.0
337.0,,-291.0,225.0,-80.0,140.0,-171.0,258.0,204.0,858.0
443.0,,-277.0,313.0,-122.0,105.0,-155.0,-25.0,142.0,658.0
502.0,,-333.0,363.0,-196.0,110.0,-199.0,164.0,70.0,395.0
531.0,,-293.0,360.0,-257.0,133.0,-269.0,11.0,15.0,134.0
564.0,,-307.0,344.0,-280.0,119.0,-296.0,-42.0,-1.0,-98.0
580.0,,-326.0,349.0,-266.0,135.0,-277.0,173.0,10.0,-235.0
534.0,,-338.0,341.0,-232.0,159.0,-305.0,-31.0,60.0,-312.0
472.0,,-384.0,324.0,-184.0,149.0,-344.0,277.0,137.0,-300.0
426.0,,-427.0,306.0,-133.0,153.0,-362.0,5.0,195.0,-179.0
375.0,,-434.0,307.0,-92.0,139.0,-355.0,101.0,228.0,10.0
312.0,,-420.0,340.0,-59.0,126.0,-329.0,44.0,239.0,238.0
240.0,,-439.0,367.0,-37.0,184.0,-310.0,-155.0,219.0,471.0
184.0,,-396.0,382.0,-8.0,183.0,-282.0,149.0,181.0,692.0
148.0,,-385.0,403.0,36.0,197.0,-257.0,-114.0,128.0,853.0
134.0,,-377.0,442.0,82.0,238.0,-250.0,208.0,64.0,954.0
97.0,,-364.0,488.0,110.0,177.0,-248.0,96.0,-2.0,978.0
86.0,,-371.0,512.0,101.0,150.0,-253.0,101.0,-65.0,941.0
106.0,,-339.0,514.0,57.0,166.0,-284.0,277.0,-115.0,889.0
69.0,,-346.0,515.0,-29.0,153.0,-291.0,9.0,-155.0,819.0
37.0,,-300.0,444.0,-140.0,158.0,-280.0,336.0,-164.0,773.0
53.0,,-264.0,297.0,-217.0,135.0,-291.0,60.0,-141.0,776.0
90.0,,-261.0,145.0,-233.0,87.0,-303.0,251.0,-88.0,819.0
85.0,,-175.0,10.0,-175.0,114.0,-292.0,284.0,-3.0,888.0
77.0,,-154.0,-86.0,-62.0,119.0,-257.0,120.0,95.0,952.0
133.0,,-126.0,-156.0,80.0,121.0,-221.0,363.0,212.0,977.0
200.0,,-38.0,-155.0,215.0,158.0,-202.0,24.0,324.0,955.0
224.0,,-4.0,-97.0,284.0,151.0,-212.0,247.0,408.0,907.0
226.0,,52.0,-43.0,252.0,226.0,-206.0,57.0,470.0,826.0
278.0,,92.0,45.0,126.0,271.0,-164.0,153.0,521.0,725.0
334.0,,110.0,166.0,-19.0,243.0,-142.0,339.0,560.0,666.0
344.0,,133.0,289.0,-117.0,239.0,-157.0,151.0,591.0,600.0
321.0,,110.0,378.0,-140.0,177.0,-127.0,535.0,622.0,529.0
337.0,,105.0,405.0,-100.0,166.0,-67.0,251.0,637.0,486.0
390.0,,89.0,398.0,-38.0,183.0,-57.0,460.0,624.0,450.0
377.0,,51.0,376.0,8.0,125.0,-54.0,439.0,578.0,430.0
348.0,,5.0,327.0,54.0,130.0,-25.0,319.0,519.0,394.0
341.0,,-25.0,252.0,117.0,174.0,1.0,528.0,451.0,358.0
323.0,,-58.0,173.0,180.0,196.0,-3.0,121.0,393.0,322.0
252.0,,-64.0,98.0,222.0,244.0,-24.0,345.0,360.0,303.0
157.0,,-35.0,48.0,216.0,275.0,-49.0,116.0,341.0,304.0
109.0,,-35.0,41.0,165.0,279.0,-87.0,181.0,347.0,311.0
39.0,,0.0,51.0,67.0,284.0,-99.0,360.0,374.0,361.0
-50.0,,47.0,75.0,-81.0,283.0,-93.0,192.0,403.0,433.0
-135.0,,74.0,139.0,-247.0,253.0,-107.0,583.0,438.0,542.0
-201.0,,114.0,228.0,-378.0,219.0,-140.0,336.0,456.0,692.0
-241.0,,90.0,289.0,-448.0,189.0,-132.0,485.0,473.0,873.0
-301.0,,104.0,287.0,-467.0,191.0,-86.0,417.0,508.0,1060.0
-374.0,,135.0,189.0,-431.0,229.0,-64.0,410.0,530.0,1182.0
-443.0,,97.0,43.0,-336.0,237.0,-41.0,668.0,539.0,1234.0
-493.0,,148.0,-123.0,-214.0,275.0,1.0,382.0,532.0,1174.0
-534.0,,183.0,-313.0,-85.0,279.0,15.0,726.0,488.0,985.0
-575.0,,220.0,-498.0,41.0,299.0,11.0,467.0,399.0,707.0
-592.0,,308.0,-674.0,152.0,356.0,31.0,500.0,293.0,382.0
-584.0,,348.0,-794.0,259.0,368.0,46.0,593.0,179.0,89.0
-573.0,,425.0,-833.0,362.0,379.0,57.0,393.0,49.0,-138.0
-555.0,,465.0,-773.0,445.0,365.0,82.0,737.0,-51.0,-273.0
-534.0,,469.0,-632.0,501.0,365.0,123.0,508.0,-130.0,-283.0
-511.0,,494.0,-425.0,509.0,342.0,149.0,770.0,-172.0,-202.0
-501.0,,510.0,-167.0,456.0,283.0,152.0,674.0,-175.0,-81.0
-491.0,,526.0,103.0,348.0,246.0,165.0,611.0,-151.0,24.0
-460.0,,553.0,395.0,243.0,269.0,190.0,763.0,-101.0,82.0
-427.0,,588.0,685.0,204.0,284.0,221.0,463.0,-38.0,82.0
-376.0,,646.0,980.0,213.0,268.0,216.0,837.0,47.0,37.0
-329.0,,691.0,1255.0,226.0,235.0,202.0,602.0,120.0,-23.0
-278.0,,694.0,1452.0,229.0,215.0,189.0,718.0,193.0,-94.0
-219.0,,708.0,1549.0,230.0,270.0,167.0,766.0,266.0,-159.0
-205.0,,667.0,1507.0,210.0,222.0,158.0,574.0,323.0,-220.0
-194.0,,625.0,1352.0,131.0,158.0,141.0,872.0,350.0,-286.0
-185.0,,602.0,1131.0,11.0,157.0,125.0,558.0,337.0,-323.0
-210.0,,505.0,882.0,-119.0,166.0,136.0,831.0,310.0,-307.0
-236.0,,492.0,611.0,-233.0,195.0,160.0,707.0,282.0,-219.0
-247.0,,454.0,334.0,-300.0,210.0,99.0,713.0,258.0,-86.0
-242.0,,368.0,103.0,-326.0,197.0,25.0,933.0,238.0,73.0
-235.0,,374.0,-83.0,-311.0,125.0,26.0,617.0,255.0,270.0
-217.0,,334.0,-204.0,-284.0,135.0,-3.0,870.0,269.0,470.0
-178.0,,328.0,-255.0,-270.0,163.0,-65.0,521.0,268.0,636.0
-132.0,,311.0,-276.0,-261.0,132.0,-107.0,600.0,257.0,752.0
-46.0,,291.0,-242.0,-265.0,67.0,-133.0,646.0,236.0,853.0
36.0,,311.0,-157.0,-249.0,4.0,-176.0,582.0,213.0,921.0
119.0,,293.0,-27.0,-205.0,37.0,-193.0,916.0,163.0,936.0
237.0,,291.0,131.0,-144.0,15.0,-177.0,624.0,109.0,907.0
303.0,,268.0,278.0,-62.0,-6.0,-176.0,877.0,53.0,821.0
335.0,,278.0,427.0,7.0,33.0,-165.0,670.0,14.0,708.0
341.0,,235.0,532.0,57.0,57.0,-130.0,654.0,1.0,550.0
349.0,,191.0,591.0,62.0,103.0,-93.0,805.0,0.0,378.0
378.0,,154.0,616.0,10.0,125.0,-79.0,546.0,15.0,209.0
381.0,,78.0,568.0,-48.0,112.0,-51.0,866.0,60.0,59.0
413.0,,59.0,480.0,-69.0,116.0,-17.0,541.0,132.0,-22.0
441.0,,-56.0,390.0,-45.0,165.0,-10.0,622.0,219.0,-80.0
470.0,,-103.0,318.0,-21.0,214.0,4.0,554.0,308.0,-82.0
482.0,,-112.0,244.0,-19.0,181.0,45.0,412.0,382.0,-38.0
457.0,,-185.0,172.0,-4.0,120.0,76.0,694.0,453.0,10.0
439.0,,-136.0,127.0,42.0,143.0,99.0,375.0,518.0,60.0
402.0,,-153.0,93.0,101.0,203.0,134.0,633.0,567.0,108.0
383.0,,-199.0,79.0,141.0,196.0,125.0,408.0,608.0,179.0
335.0,,-173.0,69.0,133.0,192.0,109.0,423.0,650.0,245.0
263.0,,-256.0,47.0,81.0,235.0,164.0,582.0,690.0,288.0
218.0,,-296.0,61.0,2.0,285.0,227.0,369.0,718.0,315.0
165.0,,-305.0,118.0,-99.0,319.0,253.0,761.0,730.0,327.0
81.0,,-368.0,193.0,-223.0,289.0,256.0,515.0,722.0,308.0
-4.0,,-346.0,272.0,-331.0,288.0,285.0,788.0,678.0,260.0
-35.0,,-343.0,339.0,-392.0,296.0,346.0,772.0,588.0,194.0
-47.0,,-305.0,390.0,-393.0,279.0,373.0,563.0,485.0,126.0
-82.0,,-261.0,422.0,-342.0,326.0,389.0,801.0,348.0,49.0
-121.0,,-218.0,415.0,-252.0,308.0,420.0,447.0,199.0,-18.0
-156.0,,-161.0,373.0,-126.0,284.0,445.0,668.0,64.0,-86.0
-187.0,,-145.0,289.0,1.0,310.0,445.0,424.0,-63.0,-165.0
-238.0,,-91.0,159.0,111.0,322.0,442.0,421.0,-155.0,-228.0
-320.0,,-97.0,79.0,173.0,343.0,440.0,530.0,-235.0,-309.0
-367.0,,-81.0,46.0,183.0,354.0,420.0,312.0,-290.0,-401.0
-378.0,,-75.0,4.0,173.0,366.0,427.0,630.0,-320.0,-497.0
-403.0,,-66.0,-5.0,164.0,373.0,448.0,334.0,-338.0,-580.0
-420.0,,-82.0,13.0,152.0,411.0,465.0,528.0,-342.0,-626.0
-428.0,,-104.0,62.0,104.0,448.0,465.0,447.0,-313.0,-665.0
-429.0,,-56.0,146.0,27.0,454.0,459.0,389.0,-263.0,-692.0
-409.0,,-119.0,231.0,-35.0,405.0,471.0,600.0,-194.0,-699.0
-370.0,,-49.0,300.0,-44.0,352.0,462.0,375.0,-84.0,-669.0
-373.0,,-45.0,351.0,-1.0,371.0,476.0,774.0,31.0,-625.0
-408.0,,-92.0,380.0,62.0,400.0,504.0,336.0,170.0,-570.0
-422.0,,0.0,400.0,135.0,400.0,514.0,388.0,317.0,-454.0
-414.0,,-37.0,411.0,190.0,360.0,528.0,508.0,451.0,-295.0
-400.0,,12.0,373.0,227.0,375.0,526.0,315.0,585.0,-123.0
-398.0,,78.0,300.0,267.0,411.0,548.0,814.0,713.0,52.0
-394.0,,90.0,207.0,280.0,417.0,579.0,559.0,844.0,214.0
-392.0,,129.0,75.0,236.0,421.0,590.0,816.0,965.0,350.0
-380.0,,163.0,-27.0,155.0,482.0,613.0,681.0,1060.0,417.0
-376.0,,199.0,-82.0,80.0,564.0,638.0,631.0,1141.0,445.0
-376.0,,179.0,-118.0,23.0,539.0,631.0,803.0,1197.0,463.0
-361.0,,213.0,-121.0,1.0,544.0,618.0,482.0,1203.0,491.0
-331.0,,190.0,-98.0,42.0,548.0,625.0,868.0,1190.0,546.0
-279.0,,174.0,-93.0,125.0,546.0,637.0,600.0,1145.0,593.0
-239.0,,208.0,-79.0,232.0,555.0,619.0,755.0,1063.0,641.0
-187.0,,144.0,23.0,332.0,530.0,592.0,766.0,954.0,645.0
-125.0,,152.0,162.0,382.0,534.0,582.0,583.0,807.0,611.0
-66.0,,112.0,268.0,345.0,591.0,547.0,796.0,659.0,537.0
-15.0,,90.0,362.0,235.0,665.0,514.0,408.0,509.0,445.0
14.0,,108.0,447.0,116.0,686.0,499.0,729.0,368.0,375.0
76.0,,25.0,514.0,19.0,692.0,459.0,607.0,244.0,300.0
147.0,,44.0,547.0,-54.0,671.0,453.0,578.0,149.0,242.0
217.0,,-9.0,522.0,-101.0,677.0,503.0,715.0,100.0,161.0
236.0,,-35.0,434.0,-113.0,671.0,538.0,480.0,83.0,82.0
215.0,,-40.0,333.0,-75.0,657.0,575.0,593.0,93.0,23.0
229.0,,-99.0,222.0,6.0,711.0,612.0,236.0,105.0,-33.0
218.0,,-47.0,95.0,105.0,713.0,606.0,511.0,136.0,-57.0
191.0,,-77.0,-3.0,190.0,717.0,590.0,469.0,181.0,-51.0
154.0,,-82.0,-56.0,230.0,736.0,581.0,402.0,220.0,-12.0
128.0,,-45.0,-40.0,237.0,798.0,571.0,685.0,268.0,25.0
144.0,,-41.0,-13.0,219.0,837.0,541.0,293.0,324.0,83.0
165.0,,-18.0,17.0,151.0,801.0,513.0,602.0,390.0,186.0
162.0,,15.0,115.0,44.0,783.0,471.0,458.0,434.0,312.0
113.0,,21.0,220.0,-64.0,799.0,427.0,397.0,464.0,456.0
95.0,,39.0,282.0,-144.0,812.0,407.0,572.0,489.0,617.0
81.0,,73.0,291.0,-168.0,773.0,354.0,399.0,477.0,764.0
30.0,,52.0,239.0,-136.0,788.0,309.0,641.0,443.0,849.0
-7.0,,93.0,121.0,-75.0,806.0,282.0,299.0,381.0,883.0
-13.0,,106.0,-51.0,-17.0,801.0,291.0,524.0,302.0,854.0
-7.0,,95.0,-217.0,31.0,809.0,299.0,570.0,204.0,770.0
-29.0,,144.0,-361.0,53.0,764.0,262.0,491.0,72.0,658.0
-31.0,,120.0,-498.0,17.0,747.0,261.0,757.0,-59.0,494.0
-22.0,,132.0,-588.0,-46.0,764.0,284.0,410.0,-192.0,334.0
-42.0,,163.0,-625.0,-116.0,774.0,277.0,668.0,-322.0,204.0
-68.0,,83.0,-605.0,-157.0,823.0,269.0,487.0,-443.0,66.0
-115.0,,112.0,-516.0,-134.0,888.0,299.0,513.0,-552.0,-58.0
-177.0,,75.0,-390.0,-46.0,873.0,325.0,532.0,-640.0,-173.0
-227.0,,-5.0,-257.0,78.0,780.0,313.0,406.0,-694.0,-286.0
-284.0,,45.0,-163.0,185.0,761.0,272.0,672.0,-707.0,-383.0
-337.0,,-54.0,-134.0,249.0,820.0,261.0,182.0,-689.0,-473.0
-376.0,,-47.0,-141.0,260.0,813.0,268.0,580.0,-629.0,-567.0
-400.0,,-12.0,-159.0,211.0,707.0,234.0,404.0,-564.0,-645.0
-429.0,,-113.0,-178.0,139.0,604.0,222.0,260.0,-517.0,-697.0
-450.0,,-75.0,-211.0,82.0,647.0,249.0,548.0,-472.0,-739.0
-433.0,,-91.0,-277.0,72.0,704.0,261.0,103.0,-444.0,-752.0
-432.0,,-121.0,-342.0,101.0,671.0,249.0,467.0,-438.0,-733.0
-444.0,,-92.0,-357.0,123.0,623.0,270.0,216.0,-411.0,-719.0
-421.0,,-83.0,-304.0,117.0,581.0,303.0,345.0,-365.0,-712.0
-366.0,,-62.0,-216.0,80.0,657.0,280.0,338.0,-322.0,-740.0
-306.0,,-25.0,-124.0,34.0,755.0,257.0,109.0,-249.0,-812.0
-267.0,,42.0,-33.0,-13.0,715.0,274.0,445.0,-165.0,-893.0
-256.0,,60.0,17.0,-66.0,594.0,281.0,1.0,-89.0,-975.0
-223.0,,155.0,2.0,-72.0,569.0,253.0,293.0,-6.0,-1039.0
-182.0,,195.0,-21.0,-16.0,601.0,219.0,264.0,76.0,-1063.0
-190.0,,191.0,-19.0,55.0,486.0,225.0,266.0,173.0,-1032.0
-225.0,,243.0,-30.0,91.0,445.0,254.0,375.0,277.0,-957.0
-246.0,,170.0,-70.0,99.0,485.0,244.0,153.0,391.0,-834.0
-241.0,,167.0,-103.0,114.0,484.0,252.0,487.0,496.0,-682.0
-265.0,,83.0,-102.0,95.0,589.0,274.0,245.0,548.0,-504.0
-291.0,,8.0,-88.0,28.0,613.0,277.0,522.0,583.0,-313.0
-294.0,,-39.0,-86.0,-18.0,515.0,282.0,461.0,603.0,-161.0
-310.0,,-165.0,-50.0,5.0,487.0,268.0,240.0,592.0,-47.0
-352.0,,-178.0,4.0,71.0,511.0,270.0,384.0,596.0,14.0
-402.0,,-285.0,18.0,116.0,553.0,275.0,38.0,605.0,32.0
-429.0,,-326.0,1.0,117.0,473.0,232.0,301.0,617.0,-2.0
-446.0,,-327.0,-13.0,74.0,283.0,171.0,127.0,654.0,-64.0
-423.0,,-403.0,-37.0,0.0,333.0,131.0,197.0,675.0,-114.0
-390.0,,-359.0,-72.0,-80.0,441.0,102.0,205.0,674.0,-168.0
-352.0,,-339.0,-79.0,-154.0,379.0,65.0,-138.0,665.0,-192.0
-265.0,,-292.0,-75.0,-199.0,346.0,26.0,99.0,625.0,-173.0
-193.0,,-209.0,-61.0,-191.0,287.0,21.0,-177.0,554.0,-87.0
-152.0,,-160.0,-32.0,-144.0,279.0,28.0,83.0,486.0,71.0
-88.0,,-68.0,12.0,-71.0,420.0,22.0,-3.0,430.0,263.0
-11.0,,-20.0,105.0,39.0,449.0,45.0,-171.0,392.0,471.0
42.0,,35.0,191.0,167.0,323.0,81.0,24.0,376.0,668.0
98.0,,51.0,245.0,229.0,199.0,93.0,-363.0,393.0,834.0
155.0,,83.0,341.0,196.0,173.0,109.0,-105.0,439.0,937.0
224.0,,139.0,443.0,134.0,241.0,162.0,-277.0,487.0,976.0
274.0,,128.0,490.0,128.0,235.0,187.0,-251.0,541.0,960.0
249.0,,183.0,508.0,180.0,139.0,168.0,-101.0,572.0,900.0
203.0,,161.0,481.0,209.0,44.0,169.0,-291.0,588.0,814.0
162.0,,198.0,415.0,169.0,20.0,183.0,-86.0,582.0,681.0
110.0,,189.0,366.0,68.0,50.0,156.0,-315.0,550.0,545.0
14.0,,133.0,314.0,-46.0,56.0,121.0,-60.0,486.0,431.0
-98.0,,216.0,217.0,-140.0,14.0,117.0,-120.0,387.0,373.0
-166.0,,129.0,124.0,-180.0,-55.0,83.0,-153.0,286.0,388.0
-233.0,,161.0,81.0,-129.0,30.0,38.0,-46.0,166.0,471.0
-313.0,,191.0,42.0,-22.0,141.0,20.0,-323.0,55.0,628.0
-367.0,,124.0,-11.0,64.0,133.0,7.0,3.0,-40.0,797.0
-402.0,,214.0,-69.0,79.0,60.0,-28.0,-240.0,-121.0,950.0
-443.0,,132.0,-151.0,59.0,-20.0,-28.0,-153.0,-180.0,1061.0
-501.0,,89.0,-200.0,28.0,31.0,9.0,-232.0,-229.0,1104.0
-556.0,,64.0,-191.0,-25.0,43.0,1.0,-522.0,-245.0,1090.0
-590.0,,-63.0,-198.0,-91.0,1.0,-1.0,-382.0,-250.0,1028.0
-593.0,,-127.0,-222.0,-197.0,-78.0,21.0,-733.0,-249.0,927.0
-579.0,,-261.0,-225.0,-323.0,-196.0,46.0,-358.0,-235.0,816.0
-567.0,,-367.0,-224.0,-439.0,-132.0,24.0,-419.0,-228.0,719.0
-522.0,,-455.0,-242.0,-510.0,-43.0,-16.0,-386.0,-214.0,618.0
-469.0,,-532.0,-263.0,-504.0,-52.0,-17.0,-295.0,-209.0,536.0
-465.0,,-591.0,-261.0,-463.0,-100.0,-35.0,-602.0,-217.0,497.0
-474.0,,-603.0,-259.0,-407.0,-167.0,-42.0,-123.0,-217.0,474.0
-464.0,,-576.0,-270.0,-327.0,-101.0,-39.0,-400.0,-211.0,463.0
-451.0,,-585.0,-308.0,-202.0,-2.0,-52.0,-284.0,-187.0,459.0
-453.0,,-510.0,-375.0,-54.0,-98.0,-72.0,-332.0,-162.0,426.0
-430.0,,-453.0,-417.0,62.0,-235.0,-98.0,-559.0,-133.0,356.0
-412.0,,-382.0,-411.0,147.0,-251.0,-140.0,-295.0,-86.0,246.0
-410.0,,-271.0,-363.0,192.0,-185.0,-210.0,-635.0,-40.0,97.0
-403.0,,-212.0,-256.0,230.0,-152.0,-249.0,-363.0,8.0,-72.0
-428.0,,-86.0,-85.0,294.0,-173.0,-257.0,-554.0,49.0,-252.0
-444.0,,-12.0,108.0,354.0,-206.0,-311.0,-474.0,118.0,-420.0
-450.0,,58.0,323.0,396.0,-179.0,-363.0,-378.0,203.0,-545.0
-450.0,,144.0,557.0,408.0,-92.0,-364.0,-681.0,283.0,-589.0
-450.0,,114.0,740.0,387.0,-103.0,-368.0,-312.0,371.0,-553.0
-431.0,,175.0,833.0,365.0,-137.0,-365.0,-574.0,449.0,-475.0
-391.0,,142.0,820.0,368.0,-196.0,-350.0,-360.0,521.0,-363.0
-395.0,,50.0,688.0,400.0,-256.0,-334.0,-463.0,573.0,-239.0
-380.0,,63.0,483.0,415.0,-202.0,-330.0,-622.0,599.0,-142.0
-342.0,,-48.0,244.0,347.0,-179.0,-328.0,-456.0,593.0,-91.0
-325.0,,-72.0,-42.0,207.0,-169.0,-321.0,-779.0,551.0,-71.0
-322.0,,-71.0,-342.0,46.0,-229.0,-325.0,-521.0,459.0,-50.0
-298.0,,-100.0,-590.0,-115.0,-273.0,-361.0,-783.0,320.0,-39.0
-250.0,,-64.0,-753.0,-250.0,-150.0,-394.0,-670.0,159.0,0.0
-259.0,,-71.0,-830.0,-322.0,-93.0,-389.0,-598.0,-21.0,57.0
-269.0,,-66.0,-857.0,-326.0,-158.0,-417.0,-748.0,-206.0,101.0
-244.0,,-58.0,-812.0,-293.0,-215.0,-461.0,-473.0,-396.0,167.0
-256.0,,-20.0,-678.0,-231.0,-178.0,-471.0,-787.0,-570.0,210.0
-243.0,,-31.0,-532.0,-133.0,-123.0,-479.0,-532.0,-707.0,235.0
-188.0,,-20.0,-415.0,-30.0,-169.0,-517.0,-654.0,-832.0,279.0
-130.0,,14.0,-300.0,32.0,-246.0,-549.0,-654.0,-912.0,321.0
-63.0,,15.0,-183.0,29.0,-245.0,-576.0,-480.0,-937.0,368.0
-20.0,,48.0,-120.0,-13.0,-247.0,-613.0,-716.0,-917.0,462.0
15.0,,22.0,-96.0,-71.0,-263.0,-640.0,-452.0,-847.0,573.0
27.0,,63.0,-55.0,-125.0,-268.0,-613.0,-779.0,-734.0,660.0
47.0,,86.0,-24.0,-159.0,-316.0,-553.0,-637.0,-590.0,724.0
80.0,,98.0,-3.0,-177.0,-340.0,-535.0,-646.0,-420.0,706.0
81.0,,197.0,10.0,-184.0,-358.0,-478.0,-790.0,-211.0,635.0
107.0,,198.0,16.0,-179.0,-340.0,-418.0,-506.0,-6.0,526.0
106.0,,309.0,8.0,-122.0,-304.0,-419.0,-740.0,185.0,369.0
56.0,,404.0,-18.0,-47.0,-342.0,-421.0,-395.0,372.0,230.0
-8.0,,412.0,-16.0,-29.0,-346.0,-397.0,-532.0,529.0,117.0
-62.0,,559.0,-6.0,-40.0,-293.0,-388.0,-489.0,672.0,26.0
-134.0,,604.0,-35.0,-21.0,-267.0,-421.0,-336.0,796.0,-31.0
-224.0,,669.0,-109.0,24.0,-296.0,-403.0,-558.0,900.0,-63.0
-272.0,,771.0,-155.0,26.0,-344.0,-377.0,-227.0,970.0,-82.0
-297.0,,782.0,-174.0,-25.0,-380.0,-389.0,-482.0,1008.0,-87.0
-303.0,,837.0,-189.0,-91.0,-369.0,-404.0,-269.0,1015.0,-92.0
-297.0,,838.0,-191.0,-142.0,-352.0,-436.0,-308.0,991.0,-101.0
-279.0,,788.0,-223.0,-150.0,-406.0,-439.0,-430.0,937.0,-119.0
-244.0,,735.0,-249.0,-122.0,-447.0,-399.0,-236.0,850.0,-134.0
-201.0,,677.0,-258.0,-61.0,-414.0,-366.0,-637.0,741.0,-158.0
-183.0,,581.0,-285.0,38.0,-356.0,-340.0,-432.0,605.0,-187.0
-175.0,,503.0,-344.0,144.0,-363.0,-334.0,-672.0,463.0,-197.0
-148.0,,406.0,-390.0,191.0,-409.0,-310.0,-567.0,313.0,-181.0
-135.0,,291.0,-410.0,154.0,-398.0,-268.0,-362.0,170.0,-113.0
-169.0,,235.0,-387.0,55.0,-418.0,-265.0,-465.0,23.0,-13.0
-202.0,,82.0,-349.0,-23.0,-479.0,-243.0,-168.0,-141.0,104.0
-180.0,,-3.0,-335.0,-20.0,-499.0,-239.0,-570.0,-290.0,219.0
-199.0,,-89.0,-259.0,37.0,-496.0,-249.0,-426.0,-429.0,307.0
-223.0,,-228.0,-160.0,117.0,-507.0,-247.0,-565.0,-544.0,379.0
-190.0,,-244.0,-88.0,178.0,-518.0,-237.0,-620.0,-634.0,435.0
-156.0,,-343.0,-29.0,170.0,-468.0,-219.0,-389.0,-679.0,481.0
-120.0,,-415.0,25.0,114.0,-422.0,-276.0,-665.0,-660.0,531.0
-74.0,,-435.0,75.0,70.0,-388.0,-303.0,-323.0,-609.0,577.0
-31.0,,-573.0,108.0,67.0,-406.0,-309.0,-576.0,-517.0,573.0
-8.0,,-588.0,180.0,82.0,-442.0,-328.0,-471.0,-396.0,570.0
23.0,,-592.0,303.0,81.0,-367.0,-341.0,-415.0,-283.0,531.0
51.0,,-657.0,422.0,51.0,-334.0,-369.0,-583.0,-167.0,440.0
68.0,,-631.0,518.0,8.0,-342.0,-389.0,-236.0,-59.0,330.0
114.0,,-670.0,594.0,-41.0,-352.0,-417.0,-502.0,19.0,190.0
162.0,,-661.0,643.0,-89.0,-376.0,-372.0,-273.0,76.0,48.0
200.0,,-664.0,688.0,-86.0,-366.0,-323.0,-467.0,125.0,-82.0
244.0,,-676.0,696.0,-21.0,-379.0,-318.0,-504.0,156.0,-147.0
275.0,,-653.0,689.0,66.0,-387.0,-311.0,-378.0,161.0,-169.0
280.0,,-658.0,716.0,116.0,-409.0,-311.0,-731.0,187.0,-140.0
282.0,,-609.0,741.0,120.0,-400.0,-307.0,-493.0,233.0,-53.0
317.0,,-589.0,741.0,109.0,-338.0,-305.0,-805.0,272.0,33.0
365.0,,-515.0,735.0,91.0,-343.0,-294.0,-593.0,305.0,137.0
400.0,,-472.0,733.0,76.0,-348.0,-289.0,-583.0,335.0,195.0
451.0,,-380.0,702.0,61.0,-317.0,-269.0,-774.0,365.0,185.0
475.0,,-299.0,640.0,67.0,-302.0,-256.0,-471.0,393.0,128.0
483.0,,-291.0,548.0,108.0,-306.0,-252.0,-740.0,410.0,30.0
486.0,,-185.0,421.0,151.0,-333.0,-217.0,-541.0,423.0,-54.0
456.0,,-235.0,268.0,142.0,-371.0,-196.0,-840.0,436.0,-138.0
405.0,,-208.0,69.0,66.0,-419.0,-172.0,-770.0,432.0,-193.0
365.0,,-210.0,-134.0,-29.0,-461.0,-136.0,-535.0,407.0,-159.0
333.0,,-292.0,-306.0,-110.0,-446.0,-99.0,-742.0,347.0,-87.0
270.0,,-190.0,-425.0,-148.0,-401.0,-56.0,-428.0,255.0,38.0
227.0,,-265.0,-496.0,-132.0,-451.0,-46.0,-726.0,142.0,224.0
202.0,,-242.0,-570.0,-62.0,-493.0,-40.0,-456.0,15.0,411.0
140.0,,-175.0,-606.0,47.0,-457.0,6.0,-445.0,-103.0,606.0
48.0,,-202.0,-604.0,138.0,-404.0,51.0,-552.0,-207.0,755.0
-23.0,,-111.0,-588.0,159.0,-367.0,85.0,-391.0,-280.0,849.0
-100.0,,-106.0,-580.0,122.0,-383.0,112.0,-726.0,-336.0,918.0
-190.0,,-63.0,-553.0,98.0,-392.0,106.0,-351.0,-368.0,950.0
-244.0,,-4.0,-468.0,120.0,-414.0,118.0,-570.0,-369.0,959.0
-294.0,,25.0,-401.0,152.0,-420.0,121.0,-454.0,-368.0,928.0
-302.0,,50.0,-329.0,145.0,-442.0,97.0,-286.0,-354.0,858.0
-269.0,,118.0,-240.0,82.0,-465.0,121.0,-495.0,-346.0,785.0
-223.0,,199.0,-161.0,-13.0,-447.0,138.0,-201.0,-343.0,716.0
-192.0,,229.0,-88.0,-113.0,-465.0,128.0,-465.0,-345.0,656.0
-154.0,,340.0,-87.0,-208.0,-463.0,116.0,-258.0,-344.0,640.0
-85.0,,402.0,-137.0,-273.0,-453.0,99.0,-447.0,-313.0,682.0
-42.0,,471.0,-180.0,-285.0,-405.0,93.0,-476.0,-256.0,785.0
5.0,,534.0,-215.0,-255.0,-342.0,92.0,-284.0,-168.0,906.0
48.0,,531.0,-239.0,-213.0,-346.0,113.0,-485.0,-80.0,989.0
105.0,,609.0,-246.0,-158.0,-327.0,141.0,-60.0,2.0,1047.0
189.0,,592.0,-225.0,-77.0,-319.0,134.0,-310.0,86.0,1003.0
213.0,,593.0,-207.0,1.0,-387.0,135.0,-195.0,154.0,812.0
214.0,,657.0,-202.0,54.0,-410.0,155.0,-230.0,200.0,538.0
239.0,,593.0,-174.0,101.0,-371.0,151.0,-365.0,210.0,168.0
255.0,,682.0,-145.0,147.0,-329.0,155.0,-33.0,181.0,-223.0
216.0,,682.0,-153.0,163.0,-262.0,183.0,-321.0,114.0,-596.0
150.0,,639.0,-193.0,117.0,-263.0,188.0,-55.0,31.0,-924.0
129.0,,739.0,-261.0,8.0,-302.0,130.0,-238.0,-57.0,-1127.0
71.0,,719.0,-329.0,-101.0,-268.0,75.0,-260.0,-146.0,-1219.0
-30.0,,792.0,-360.0,-171.0,-221.0,60.0,-101.0,-204.0,-1185.0
-90.0,,800.0,-351.0,-175.0,-223.0,31.0,-288.0,-254.0,-1051.0
-116.0,,830.0,-345.0,-99.0,-251.0,9.0,88.0,-287.0,-815.0
-134.0,,895.0,-336.0,-16.0,-252.0,3.0,-149.0,-291.0,-493.0
-168.0,,894.0,-269.0,11.0,-216.0,-14.0,27.0,-288.0,-135.0
-172.0,,957.0,-163.0,-14.0,-227.0,-47.0,59.0,-270.0,222.0
-194.0,,950.0,-35.0,-75.0,-296.0,-74.0,-18.0,-230.0,527.0
-272.0,,985.0,93.0,-162.0,-321.0,-96.0,282.0,-177.0,797.0
-326.0,,968.0,190.0,-271.0,-285.0,-114.0,-25.0,-138.0,966.0
-370.0,,945.0,266.0,-388.0,-206.0,-101.0,195.0,-93.0,1007.0
-411.0,,909.0,314.0,-465.0,-176.0,-57.0,18.0,-34.0,969.0
-443.0,,837.0,307.0,-473.0,-208.0,3.0,120.0,20.0,876.0
-477.0,,797.0,260.0,-438.0,-204.0,43.0,332.0,92.0,773.0
-487.0,,657.0,202.0,-396.0,-204.0,93.0,127.0,156.0,704.0
-477.0,,580.0,148.0,-351.0,-226.0,131.0,406.0,220.0,667.0
-516.0,,467.0,136.0,-315.0,-260.0,102.0,46.0,284.0,649.0
-528.0,,302.0,140.0,-336.0,-299.0,91.0,251.0,359.0,632.0
-475.0,,222.0,110.0,-391.0,-315.0,112.0,194.0,444.0,583.0
-410.0,,50.0,76.0,-385.0,-302.0,110.0,94.0,500.0,497.0
-336.0,,-56.0,57.0,-268.0,-335.0,93.0,341.0,532.0,416.0
-279.0,,-128.0,67.0,-89.0,-349.0,82.0,-7.0,529.0,336.0
-229.0,,-302.0,104.0,64.0,-321.0,68.0,293.0,525.0,238.0
-210.0,,-307.0,146.0,175.0,-324.0,57.0,49.0,497.0,142.0
-203.0,,-382.0,173.0,234.0,-258.0,91.0,103.0,446.0,71.0
-225.0,,-439.0,192.0,233.0,-282.0,155.0,179.0,407.0,32.0
-272.0,,-408.0,204.0,202.0,-410.0,168.0,20.0,346.0,-18.0
-271.0,,-444.0,210.0,163.0,-438.0,149.0,334.0,273.0,-47.0
-237.0,,-361.0,211.0,132.0,-411.0,186.0,33.0,186.0,-51.0
-228.0,,-349.0,177.0,146.0,-376.0,230.0,378.0,108.0,-48.0
-248.0,,-286.0,149.0,216.0,-398.0,217.0,323.0,32.0,-43.0
-235.0,,-208.0,136.0,338.0,-445.0,196.0,362.0,-36.0,-60.0
-204.0,,-135.0,123.0,471.0,-440.0,197.0,606.0,-73.0,-39.0
-190.0,,-58.0,136.0,484.0,-386.0,218.0,243.0,-103.0,0.0
-189.0,,-13.0,152.0,327.0,-384.0,251.0,489.0,-127.0,89.0
-174.0,,95.0,177.0,120.0,-432.0,279.0,158.0,-158.0,233.0
-168.0,,134.0,178.0,-7.0,-381.0,271.0,243.0,-192.0,426.0
-180.0,,255.0,137.0,-13.0,-340.0,246.0,249.0,-231.0,673.0
-220.0,,288.0,103.0,28.0,-323.0,285.0,90.0,-266.0,926.0
-282.0,,323.0,98.0,34.0,-318.0,324.0,404.0,-302.0,1177.0
-302.0,,400.0,117.0,-22.0,-321.0,311.0,136.0,-332.0,1380.0
-315.0,,345.0,118.0,-122.0,-264.0,306.0,474.0,-313.0,1561.0
-322.0,,413.0,96.0,-219.0,-275.0,317.0,382.0,-278.0,1661.0
-299.0,,366.0,63.0,-287.0,-304.0,345.0,467.0,-226.0,1639.0
-245.0,,310.0,-4.0,-281.0,-278.0,352.0,628.0,-158.0,1553.0
-217.0,,332.0,-99.0,-197.0,-279.0,359.0,338.0,-92.0,1396.0
-196.0,,162.0,-198.0,-53.0,-237.0,378.0,665.0,-39.0,1224.0
-144.0,,143.0,-301.0,93.0,-123.0,375.0,419.0,0.0,1051.0
-107.0,,86.0,-384.0,166.0,-9.0,351.0,652.0,47.0,913.0
-35.0,,-49.0,-458.0,176.0,24.0,330.0,652.0,97.0,853.0
45.0,,-54.0,-522.0,130.0,-61.0,321.0,548.0,143.0,872.0
117.0,,-173.0,-539.0,59.0,-53.0,305.0,737.0,162.0,954.0
185.0,,-198.0,-517.0,10.0,53.0,330.0,360.0,165.0,1056.0
265.0,,-253.0,-456.0,-23.0,98.0,309.0,606.0,162.0,1197.0
345.0,,-322.0,-357.0,-44.0,90.0,217.0,430.0,137.0,1349.0
373.0,,-333.0,-237.0,-30.0,8.0,189.0,622.0,115.0,1480.0
423.0,,-353.0,-124.0,39.0,12.0,179.0,770.0,82.0,1579.0
490.0,,-301.0,-52.0,152.0,139.0,179.0,497.0,66.0,1609.0
523.0,,-328.0,-5.0,244.0,143.0,204.0,687.0,57.0,1549.0
512.0,,-268.0,11.0,259.0,28.0,224.0,334.0,30.0,1397.0
487.0,,-233.0,-26.0,197.0,81.0,225.0,539.0,6.0,1144.0
451.0,,-195.0,-86.0,79.0,191.0,236.0,408.0,-24.0,826.0
380.0,,-130.0,-119.0,-13.0,179.0,296.0,338.0,-64.0,482.0
317.0,,-119.0,-128.0,0.0,129.0,310.0,565.0,-115.0,127.0
252.0,,-37.0,-152.0,109.0,56.0,300.0,339.0,-169.0,-174.0
200.0,,-69.0,-179.0,214.0,114.0,347.0,711.0,-219.0,-392.0
156.0,,-60.0,-148.0,229.0,187.0,393.0,489.0,-262.0,-502.0
114.0,,-69.0,-34.0,150.0,171.0,391.0,583.0,-300.0,-497.0
122.0,,-140.0,89.0,10.0,158.0,361.0,563.0,-329.0,-398.0
145.0,,-100.0,189.0,-112.0,131.0,380.0,332.0,-344.0,-224.0
130.0,,-180.0,284.0,-146.0,121.0,396.0,659.0,-347.0,24.0
119.0,,-232.0,334.0,-87.0,150.0,376.0,413.0,-344.0,310.0
187.0,,-236.0,317.0,15.0,148.0,392.0,696.0,-347.0,559.0
267.0,,-335.0,268.0,111.0,73.0,408.0,606.0,-338.0,777.0
301.0,,-341.0,189.0,182.0,114.0,406.0,602.0,-311.0,919.0
342.0,,-401.0,42.0,185.0,191.0,422.0,766.0,-278.0,977.0
440.0,,-471.0,-131.0,110.0,174.0,448.0,535.0,-210.0,957.0
553.0,,-500.0,-259.0,41.0,137.0,456.0,861.0,-126.0,867.0
640.0,,-552.0,-380.0,30.0,98.0,461.0,583.0,-22.0,744.0
722.0,,-604.0,-476.0,39.0,149.0,470.0,779.0,116.0,587.0
782.0,,-601.0,-511.0,26.0,225.0,472.0,801.0,234.0,423.0
835.0,,-573.0,-536.0,6.0,198.0,455.0,674.0,318.0,302.0
878.0,,-613.0,-512.0,-29.0,125.0,439.0,953.0,378.0,251.0
891.0,,-543.0,-429.0,-72.0,95.0,433.0,665.0,410.0,266.0
842.0,,-514.0,-339.0,-99.0,135.0,419.0,995.0,424.0,361.0
765.0,,-465.0,-231.0,-153.0,187.0,402.0,837.0,423.0,504.0
697.0,,-387.0,-76.0,-242.0,152.0,391.0,886.0,391.0,690.0
577.0,,-344.0,112.0,-310.0,85.0,367.0,1021.0,320.0,920.0
461.0,,-225.0,273.0,-318.0,56.0,339.0,779.0,234.0,1123.0
401.0,,-176.0,408.0,-270.0,141.0,356.0,1104.0,136.0,1307.0
355.0,,-93.0,536.0,-202.0,233.0,358.0,783.0,33.0,1445.0
290.0,,5.0,605.0,-145.0,154.0,353.0,990.0,-65.0,1492.0
246.0,,32.0,607.0,-113.0,166.0,365.0,929.0,-144.0,1442.0
218.0,,95.0,594.0,-91.0,235.0,361.0,742.0,-190.0,1290.0
166.0,,139.0,561.0,-64.0,164.0,387.0,866.0,-213.0,1049.0
111.0,,91.0,487.0,-32.0,95.0,421.0,493.0,-211.0,727.0
55.0,,113.0,417.0,-18.0,118.0,442.0,825.0,-192.0,355.0
36.0,,94.0,370.0,-25.0,215.0,458.0,678.0,-168.0,-41.0
23.0,,93.0,328.0,-23.0,260.0,463.0,811.0,-139.0,-404.0
-13.0,,127.0,260.0,-30.0,160.0,460.0,944.0,-138.0,-694.0
-65.0,,124.0,166.0,-54.0,60.0,459.0,846.0,-175.0,-897.0
-79.0,,201.0,86.0,-38.0,93.0,436.0,1193.0,-207.0,-970.0
-55.0,,209.0,54.0,44.0,112.0,393.0,837.0,-225.0,-906.0
-94.0,,242.0,54.0,128.0,92.0,394.0,1040.0,-238.0,-729.0
-145.0,,244.0,53.0,140.0,66.0,418.0,877.0,-239.0,-492.0
-149.0,,257.0,62.0,93.0,53.0,417.0,848.0,-223.0,-185.0
-137.0,,247.0,76.0,68.0,119.0,436.0,1067.0,-184.0,141.0
-148.0,,212.0,76.0,107.0,129.0,483.0,753.0,-120.0,421.0
-172.0,,214.0,43.0,154.0,29.0,483.0,1036.0,-46.0,637.0
-183.0,,139.0,-18.0,151.0,-8.0,459.0,770.0,41.0,730.0
-175.0,,122.0,-83.0,101.0,76.0,465.0,883.0,132.0,753.0
-162.0,,18.0,-162.0,59.0,159.0,460.0,851.0,203.0,704.0
-176.0,,-57.0,-268.0,82.0,160.0,458.0,768.0,246.0,581.0
-214.0,,-129.0,-355.0,93.0,48.0,490.0,1136.0,231.0,417.0
-235.0,,-234.0,-387.0,24.0,2.0,488.0,864.0,182.0,249.0
-268.0,,-270.0,-350.0,-35.0,64.0,473.0,1180.0,112.0,144.0
-348.0,,-384.0,-262.0,-5.0,106.0,486.0,1008.0,30.0,66.0
-391.0,,-381.0,-186.0,60.0,85.0,512.0,981.0,-45.0,9.0
-436.0,,-421.0,-104.0,73.0,-41.0,522.0,1034.0,-105.0,-11.0
-511.0,,-524.0,1.0,29.0,-54.0,493.0,687.0,-124.0,6.0
-540.0,,-493.0,82.0,-23.0,50.0,496.0,934.0,-110.0,19.0
-571.0,,-523.0,145.0,-44.0,80.0,506.0,639.0,-65.0,23.0
-627.0,,-523.0,218.0,-30.0,49.0,464.0,857.0,-17.0,27.0
-670.0,,-515.0,277.0,-2.0,-31.0,435.0,827.0,5.0,0.0
-696.0,,-545.0,295.0,61.0,-68.0,459.0,663.0,4.0,-13.0
-738.0,,-488.0,291.0,176.0,9.0,503.0,805.0,-27.0,-22.0
-758.0,,-485.0,280.0,259.0,56.0,497.0,410.0,-86.0,-21.0
-740.0,,-449.0,250.0,215.0,-58.0,497.0,633.0,-139.0,24.0
-722.0,,-413.0,212.0,107.0,-188.0,546.0,454.0,-180.0,106.0
-692.0,,-359.0,183.0,71.0,-136.0,565.0,635.0,-219.0,190.0
-658.0,,-291.0,182.0,143.0,-18.0,568.0,846.0,-260.0,251.0
-625.0,,-278.0,177.0,229.0,-28.0,590.0,700.0,-306.0,310.0
-571.0,,-193.0,122.0,255.0,-100.0,602.0,994.0,-338.0,324.0
-498.0,,-170.0,49.0,189.0,-120.0,581.0,596.0,-370.0,267.0
-424.0,,-99.0,-31.0,56.0,-58.0,587.0,689.0,-395.0,178.0
-359.0,,-89.0,-139.0,-69.0,8.0,656.0,532.0,-376.0,83.0
-250.0,,-49.0,-221.0,-166.0,7.0,704.0,473.0,-337.0,-36.0
-120.0,,40.0,-274.0,-238.0,-48.0,731.0,642.0,-277.0,-163.0
-24.0,,23.0,-325.0,-300.0,-107.0,755.0,356.0,-193.0,-257.0
64.0,,131.0,-355.0,-319.0,-70.0,745.0,727.0,-108.0,-335.0
145.0,,149.0,-360.0,-271.0,7.0,728.0,448.0,-22.0,-388.0
224.0,,185.0,-329.0,-212.0,-2.0,721.0,532.0,69.0,-404.0
299.0,,319.0,-287.0,-147.0,-92.0,704.0,569.0,141.0,-412.0
369.0,,341.0,-220.0,-56.0,-133.0,680.0,415.0,177.0,-410.0
390.0,,391.0,-117.0,42.0,8.0,687.0,764.0,194.0,-411.0
379.0,,480.0,-38.0,125.0,167.0,713.0,434.0,200.0,-430.0
395.0,,458.0,-2.0,188.0,167.0,710.0,663.0,183.0,-438.0
359.0,,445.0,28.0,244.0,146.0,704.0,497.0,147.0,-455.0
285.0,,453.0,69.0,277.0,66.0,717.0,484.0,97.0,-486.0
243.0,,371.0,79.0,280.0,56.0,744.0,624.0,24.0,-538.0
214.0,,329.0,84.0,267.0,210.0,752.0,328.0,-54.0,-631.0
168.0,,269.0,106.0,251.0,287.0,729.0,657.0,-115.0,-739.0
125.0,,159.0,114.0,257.0,227.0,713.0,362.0,-154.0,-858.0
115.0,,102.0,95.0,270.0,144.0,708.0,563.0,-161.0,-954.0
127.0,,36.0,62.0,258.0,256.0,715.0,582.0,-137.0,-1018.0
157.0,,-90.0,30.0,224.0,411.0,703.0,530.0,-80.0,-1055.0
204.0,,-171.0,-6.0,146.0,363.0,684.0,897.0,17.0,-1059.0
250.0,,-244.0,-41.0,30.0,244.0,684.0,630.0,140.0,-1040.0
311.0,,-322.0,-90.0,-47.0,250.0,681.0,994.0,274.0,-995.0
381.0,,-365.0,-134.0,-47.0,320.0,687.0,798.0,402.0,-945.0
383.0,,-402.0,-156.0,-12.0,321.0,684.0,814.0,509.0,-908.0
342.0,,-383.0,-157.0,-11.0,343.0,674.0,896.0,607.0,-872.0
338.0,,-409.0,-96.0,-42.0,360.0,681.0,622.0,675.0,-864.0
341.0,,-387.0,-41.0,-59.0,400.0,684.0,960.0,713.0,-861.0
335.0,,-366.0,-20.0,-66.0,467.0,682.0,733.0,723.0,-860.0
346.0,,-399.0,2.0,-112.0,482.0,680.0,1032.0,692.0,-896.0
372.0,,-329.0,7.0,-218.0,440.0,684.0,995.0,630.0,-937.0
388.0,,-382.0,8.0,-340.0,339.0,671.0,855.0,521.0,-993.0
372.0,,-395.0,-4.0,-417.0,337.0,646.0,975.0,394.0,-1056.0
335.0,,-353.0,-24.0,-391.0,394.0,640.0,667.0,259.0,-1092.0
299.0,,-418.0,-34.0,-255.0,442.0,634.0,960.0,121.0,-1111.0
256.0,,-374.0,-58.0,-87.0,470.0,664.0,783.0,13.0,-1115.0
186.0,,-392.0,-85.0,42.0,446.0,713.0,981.0,-69.0,-1131.0
109.0,,-379.0,-86.0,115.0,430.0,729.0,1012.0,-125.0,-1158.0
69.0,,-353.0,-70.0,174.0,461.0,727.0,805.0,-181.0,-1183.0
19.0,,-391.0,-21.0,248.0,614.0,715.0,1082.0,-234.0,-1227.0
-80.0,,-387.0,105.0,295.0,642.0,681.0,796.0,-262.0,-1285.0
-176.0,,-404.0,288.0,278.0,417.0,639.0,1027.0,-273.0,-1347.0
-211.0,,-350.0,474.0,189.0,375.0,645.0,798.0,-264.0,-1372.0
-240.0,,-351.0,591.0,89.0,554.0,642.0,785.0,-221.0,-1360.0
-328.0,,-325.0,613.0,45.0,625.0,620.0,975.0,-154.0,-1328.0
-381.0,,-267.0,591.0,50.0,582.0,639.0,711.0,-97.0,-1255.0
-386.0,,-225.0,523.0,62.0,559.0,667.0,1038.0,-46.0,-1175.0
-413.0,,-169.0,406.0,69.0,565.0,663.0,628.0,-16.0,-1055.0
-425.0,,-142.0,267.0,84.0,609.0,670.0,631.0,-13.0,-875.0
-424.0,,-51.0,148.0,96.0,742.0,676.0,589.0,-6.0,-650.0
-393.0,,-44.0,31.0,117.0,726.0,617.0,456.0,4.0,-404.0
-334.0,,20.0,-107.0,172.0,596.0,531.0,831.0,3.0,-176.0
-301.0,,104.0,-187.0,236.0,646.0,451.0,696.0,-9.0,-28.0
-277.0,,66.0,-213.0,226.0,743.0,414.0,1067.0,-23.0,5.0
-236.0,,183.0,-206.0,104.0,774.0,397.0,864.0,-44.0,-59.0
-162.0,,166.0,-170.0,-66.0,711.0,384.0,785.0,-73.0,-231.0
-131.0,,127.0,-130.0,-214.0,650.0,391.0,837.0,-88.0,-475.0
-134.0,,226.0,-73.0,-295.0,676.0,366.0,630.0,-82.0,-773.0
-88.0,,183.0,-41.0,-298.0,722.0,313.0,955.0,-71.0,-1070.0
-72.0,,208.0,-27.0,-234.0,801.0,278.0,659.0,-74.0,-1320.0
-80.0,,216.0,13.0,-138.0,789.0,288.0,794.0,-71.0,-1516.0
-72.0,,194.0,85.0,-61.0,686.0,296.0,698.0,-77.0,-1641.0
-51.0,,163.0,166.0,-14.0,750.0,288.0,585.0,-113.0,-1720.0
-52.0,,131.0,215.0,4.0,984.0,278.0,720.0,-156.0,-1742.0
-98.0,,89.0,255.0,-5.0,998.0,283.0,397.0,-218.0,-1699.0
-138.0,,8.0,296.0,-30.0,783.0,288.0,739.0,-282.0,-1600.0
-197.0,,10.0,318.0,-24.0,760.0,263.0,563.0,-362.0,-1459.0
-251.0,,-100.0,321.0,21.0,896.0,236.0,606.0,-432.0,-1281.0
-280.0,,-128.0,309.0,72.0,944.0,242.0,543.0,-480.0,-1089.0
-301.0,,-130.0,289.0,111.0,833.0,282.0,315.0,-524.0,-923.0
-286.0,,-194.0,254.0,111.0,714.0,310.0,654.0,-561.0,-736.0
-242.0,,-162.0,200.0,74.0,727.0,289.0,238.0,-603.0,-516.0
-214.0,,-206.0,136.0,78.0,769.0,258.0,471.0,-653.0,-278.0
-202.0,,-151.0,96.0,181.0,803.0,244.0,373.0,-722.0,-15.0
-175.0,,-128.0,100.0,355.0,787.0,237.0,140.0,-775.0,218.0
-152.0,,-135.0,102.0,521.0,738.0,262.0,347.0,-807.0,410.0
-128.0,,-15.0,86.0,614.0,763.0,291.0,90.0,-805.0,551.0
-101.0,,-48.0,58.0,602.0,824.0,322.0,371.0,-757.0,621.0
-84.0,,47.0,34.0,479.0,755.0,326.0,197.0,-678.0,633.0
-68.0,,128.0,33.0,298.0,622.0,303.0,375.0,-562.0,593.0
-41.0,,97.0,44.0,110.0,628.0,297.0,412.0,-439.0,535.0
-64.0,,229.0,79.0,-48.0,635.0,211.0,216.0,-324.0,419.0
-98.0,,228.0,138.0,-149.0,600.0,142.0,565.0,-243.0,248.0
-42.0,,254.0,188.0,-212.0,619.0,141.0,369.0,-201.0,56.0
5.0,,304.0,228.0,-287.0,639.0,175.0,482.0,-181.0,-150.0
10.0,,292.0,283.0,-374.0,584.0,207.0,223.0,-164.0,-337.0
53.0,,321.0,353.0,-454.0,484.0,168.0,310.0,-157.0,-552.0
159.0,,307.0,422.0,-523.0,496.0,155.0,386.0,-161.0,-772.0
243.0,,327.0,458.0,-545.0,589.0,157.0,112.0,-181.0,-994.0
251.0,,305.0,490.0,-484.0,600.0,125.0,408.0,-216.0,-1268.0
276.0,,315.0,493.0,-347.0,523.0,71.0,-60.0,-256.0,-1563.0
329.0,,279.0,435.0,-161.0,473.0,40.0,92.0,-297.0,-1840.0
358.0,,224.0,366.0,26.0,509.0,31.0,40.0,-325.0,-2075.0
346.0,,208.0,323.0,123.0,549.0,35.0,-142.0,-345.0,-2267.0
314.0,,128.0,318.0,104.0,477.0,77.0,291.0,-342.0,-2382.0
276.0,,138.0,303.0,72.0,413.0,82.0,55.0,-321.0,-2419.0
263.0,,47.0,283.0,120.0,471.0,60.0,384.0,-285.0,-2355.0
234.0,,7.0,278.0,234.0,509.0,76.0,218.0,-219.0,-2186.0
163.0,,28.0,287.0,326.0,461.0,107.0,140.0,-133.0,-1986.0
170.0,,-55.0,332.0,375.0,398.0,95.0,247.0,-33.0,-1733.0
211.0,,-5.0,388.0,412.0,421.0,64.0,-107.0,74.0,-1453.0
199.0,,-102.0,439.0,417.0,500.0,53.0,208.0,182.0,-1171.0
194.0,,-112.0,489.0,364.0,534.0,59.0,-22.0,262.0,-900.0
236.0,,-69.0,519.0,258.0,539.0,62.0,72.0,330.0,-695.0
289.0,,-212.0,518.0,127.0,545.0,68.0,22.0,396.0,-515.0
314.0,,-178.0,518.0,33.0,523.0,73.0,-114.0,432.0,-372.0
330.0,,-220.0,493.0,5.0,486.0,71.0,18.0,454.0,-301.0
340.0,,-294.0,416.0,18.0,461.0,91.0,-391.0,463.0,-269.0
361.0,,-297.0,310.0,37.0,465.0,80.0,-55.0,461.0,-267.0
383.0,,-327.0,182.0,31.0,461.0,43.0,-206.0,443.0,-276.0
369.0,,-331.0,61.0,-22.0,418.0,17.0,-101.0,423.0,-281.0
358.0,,-317.0,-5.0,-103.0,433.0,15.0,73.0,406.0,-295.0
366.0,,-292.0,-3.0,-150.0,475.0,32.0,-192.0,380.0,-315.0
373.0,,-306.0,48.0,-118.0,457.0,26.0,142.0,350.0,-340.0
351.0,,-236.0,110.0,-44.0,413.0,26.0,-151.0,308.0,-441.0
343.0,,-210.0,173.0,-19.0,404.0,43.0,-66.0,257.0,-603.0
347.0,,-212.0,262.0,-67.0,419.0,60.0,-166.0,184.0,-790.0
304.0,,-150.0,380.0,-126.0,400.0,62.0,-166.0,99.0,-998.0
258.0,,-148.0,512.0,-140.0,354.0,70.0,97.0,0.0,-1177.0
249.0,,-96.0,586.0,-106.0,318.0,78.0,-203.0,-91.0,-1336.0
236.0,,-82.0,563.0,-33.0,338.0,51.0,25.0,-184.0,-1431.0
196.0,,-79.0,471.0,41.0,387.0,48.0,-181.0,-291.0,-1432.0
192.0,,-9.0,356.0,63.0,362.0,63.0,-75.0,-373.0,-1367.0
197.0,,-40.0,244.0,59.0,316.0,42.0,-90.0,-443.0,-1247.0
178.0,,26.0,122.0,87.0,325.0,42.0,-321.0,-479.0,-1098.0
157.0,,78.0,24.0,141.0,388.0,81.0,-77.0,-482.0,-922.0
122.0,,92.0,-20.0,170.0,369.0,123.0,-290.0,-450.0,-759.0
107.0,,238.0,0.0,166.0,229.0,139.0,66.0,-379.0,-619.0
110.0,,212.0,86.0,181.0,136.0,121.0,-40.0,-285.0,-502.0
95.0,,298.0,214.0,214.0,122.0,118.0,-29.0,-157.0,-381.0
68.0,,420.0,399.0,216.0,179.0,158.0,179.0,-39.0,-213.0
51.0,,401.0,633.0,165.0,198.0,182.0,-140.0,60.0,-37.0
38.0,,521.0,849.0,39.0,132.0,196.0,120.0,160.0,136.0
17.0,,548.0,1003.0,-140.0,116.0,220.0,-208.0,246.0,320.0
13.0,,560.0,1105.0,-265.0,166.0,204.0,-49.0,312.0,498.0
24.0,,578.0,1151.0,-282.0,163.0,229.0,5.0,394.0,648.0
44.0,,556.0,1160.0,-238.0,127.0,250.0,-219.0,481.0,756.0
67.0,,550.0,1131.0,-210.0,125.0,200.0,57.0,560.0,834.0
86.0,,519.0,1017.0,-227.0,116.0,178.0,-249.0,633.0,873.0
106.0,,502.0,826.0,-250.0,137.0,169.0,29.0,663.0,879.0
148.0,,435.0,575.0,-237.0,102.0,168.0,-188.0,660.0,853.0
204.0,,407.0,312.0,-175.0,61.0,157.0,-304.0,628.0,807.0
241.0,,349.0,92.0,-87.0,85.0,145.0,-171.0,592.0,753.0
247.0,,319.0,-95.0,-9.0,80.0,161.0,-454.0,554.0,687.0
276.0,,279.0,-271.0,14.0,49.0,163.0,-136.0,530.0,624.0
311.0,,153.0,-432.0,0.0,8.0,156.0,-339.0,524.0,560.0
273.0,,193.0,-506.0,-18.0,-20.0,156.0,-60.0,509.0,467.0
226.0,,118.0,-558.0,-56.0,-64.0,180.0,-49.0,488.0,335.0
206.0,,97.0,-609.0,-103.0,-100.0,183.0,-232.0,433.0,184.0
185.0,,123.0,-573.0,-140.0,-150.0,194.0,-81.0,365.0,36.0
165.0,,2.0,-494.0,-162.0,-173.0,216.0,-437.0,291.0,-104.0
150.0,,94.0,-388.0,-164.0,-166.0,211.0,-105.0,219.0,-234.0
94.0,,27.0,-240.0,-159.0,-217.0,253.0,-260.0,144.0,-366.0
5.0,,-11.0,-60.0,-145.0,-221.0,316.0,-190.0,52.0,-489.0
-53.0,,94.0,126.0,-114.0,-189.0,365.0,-40.0,-44.0,-584.0
-110.0,,32.0,277.0,-74.0,-229.0,406.0,-247.0,-146.0,-637.0
-188.0,,79.0,385.0,-42.0,-309.0,412.0,-9.0,-226.0,-642.0
-252.0,,91.0,474.0,-10.0,-284.0,398.0,-360.0,-280.0,-598.0
-268.0,,105.0,546.0,44.0,-244.0,377.0,-142.0,-302.0,-489.0
-276.0,,143.0,554.0,103.0,-327.0,371.0,-168.0,-289.0,-354.0
-290.0,,152.0,524.0,119.0,-381.0,414.0,-221.0,-272.0,-186.0
-284.0,,195.0,487.0,69.0,-354.0,429.0,-49.0,-263.0,-3.0
-250.0,,193.0,422.0,1.0,-348.0,397.0,-338.0,-265.0,162.0
-217.0,,289.0,332.0,-23.0,-404.0,361.0,1.0,-282.0,327.0
-188.0,,286.0,225.0,-22.0,-423.0,321.0,-242.0,-309.0,436.0
-132.0,,274.0,138.0,-22.0,-430.0,311.0,-186.0,-344.0,471.0
-77.0,,311.0,118.0,4.0,-469.0,337.0,-120.0,-391.0,484.0
-36.0,,269.0,138.0,40.0,-504.0,364.0,-304.0,-450.0,490.0
13.0,,298.0,204.0,35.0,-560.0,358.0,-3.0,-513.0,467.0
90.0,,260.0,342.0,2.0,-534.0,315.0,-321.0,-570.0,425.0
176.0,,281.0,511.0,-3.0,-532.0,312.0,-70.0,-609.0,361.0
231.0,,253.0,657.0,29.0,-624.0,349.0,-142.0,-624.0,306.0
255.0,,181.0,761.0,59.0,-701.0,359.0,-240.0,-626.0,288.0
287.0,,202.0,823.0,47.0,-746.0,352.0,-123.0,-593.0,288.0
293.0,,58.0,823.0,-2.0,-694.0,378.0,-485.0,-535.0,314.0
265.0,,50.0,750.0,-32.0,-678.0,421.0,-177.0,-462.0,332.0
242.0,,10.0,654.0,14.0,-747.0,431.0,-327.0,-385.0,325.0
247.0,,-119.0,522.0,136.0,-767.0,435.0,-158.0,-316.0,307.0
256.0,,-83.0,352.0,265.0,-782.0,420.0,-79.0,-227.0,248.0
239.0,,-169.0,204.0,344.0,-801.0,380.0,-182.0,-145.0,185.0
249.0,,-197.0,101.0,358.0,-798.0,343.0,94.0,-55.0,161.0
260.0,,-202.0,71.0,314.0,-809.0,286.0,-275.0,38.0,144.0
290.0,,-261.0,78.0,222.0,-824.0,285.0,-62.0,125.0,158.0
306.0,,-264.0,103.0,116.0,-813.0,335.0,-218.0,201.0,179.0
307.0,,-287.0,176.0,25.0,-825.0,386.0,-216.0,260.0,181.0
355.0,,-285.0,254.0,-54.0,-922.0,418.0,-18.0,293.0,169.0
382.0,,-335.0,353.0,-131.0,-962.0,424.0,-216.0,301.0,114.0
380.0,,-291.0,491.0,-196.0,-941.0,455.0,136.0,315.0,29.0
370.0,,-273.0,591.0,-221.0,-938.0,441.0,-133.0,281.0,-80.0
392.0,,-295.0,643.0,-221.0,-959.0,422.0,7.0,224.0,-194.0
395.0,,-223.0,714.0,-218.0,-987.0,425.0,-68.0,165.0,-286.0
377.0,,-199.0,802.0,-218.0,-972.0,428.0,-245.0,101.0,-326.0
396.0,,-121.0,877.0,-252.0,-1037.0,455.0,5.0,61.0,-309.0
428.0,,-99.0,958.0,-320.0,-1095.0,456.0,-243.0,19.0,-220.0
473.0,,-14.0,1038.0,-370.0,-1124.0,458.0,134.0,1.0,-65.0
480.0,,66.0,1077.0,-384.0,-1163.0,472.0,-38.0,18.0,103.0
474.0,,74.0,1073.0,-403.0,-1149.0,495.0,3.0,48.0,319.0
461.0,,204.0,1064.0,-442.0,-1166.0,529.0,134.0,94.0,532.0
425.0,,200.0,1038.0,-486.0,-1193.0,553.0,-155.0,126.0,689.0
385.0,,271.0,991.0,-504.0,-1169.0,542.0,116.0,162.0,806.0
315.0,,371.0,917.0,-470.0,-1141.0,515.0,-210.0,200.0,845.0
264.0,,283.0,804.0,-380.0,-1210.0,511.0,18.0,217.0,814.0
232.0,,345.0,673.0,-229.0,-1293.0,490.0,7.0,229.0,728.0
172.0,,331.0,517.0,-30.0,-1295.0,497.0,-84.0,217.0,591.0
100.0,,243.0,366.0,163.0,-1249.0,538.0,94.0,193.0,427.0
53.0,,279.0,211.0,305.0,-1241.0,568.0,-279.0,153.0,278.0
36.0,,207.0,33.0,379.0,-1285.0,600.0,68.0,100.0,136.0
9.0,,156.0,-107.0,368.0,-1293.0,589.0,-149.0,57.0,35.0
-23.0,,176.0,-207.0,290.0,-1275.0,543.0,-55.0,6.0,9.0
-51.0,,141.0,-273.0,212.0,-1260.0,487.0,105.0,-39.0,0.0
-71.0,,95.0,-286.0,149.0,-1289.0,448.0,-53.0,-76.0,-8.0
-86.0,,151.0,-224.0,46.0,-1310.0,432.0,258.0,-100.0,-18.0
-117.0,,147.0,-92.0,-79.0,-1244.0,405.0,-86.0,-115.0,-46.0
-146.0,,99.0,73.0,-145.0,-1180.0,381.0,145.0,-111.0,-86.0
-178.0,,188.0,269.0,-127.0,-1218.0,362.0,5.0,-79.0,-103.0
-218.0,,183.0,486.0,-86.0,-1234.0,369.0,-57.0,-32.0,-94.0
-243.0,,221.0,700.0,-72.0,-1196.0,361.0,129.0,29.0,-32.0
-267.0,,233.0,890.0,-63.0,-1193.0,336.0,-216.0,101.0,71.0
-284.0,,188.0,1011.0,-41.0,-1162.0,316.0,36.0,169.0,199.0
-280.0,,211.0,1062.0,-6.0,-1135.0,270.0,-297.0,207.0,365.0
-266.0,,104.0,1045.0,8.0,-1158.0,231.0,-203.0,232.0,523.0
-251.0,,80.0,958.0,-42.0,-1145.0,199.0,-169.0,230.0,662.0
-230.0,,14.0,829.0,-118.0,-1125.0,216.0,-336.0,182.0,759.0
-200.0,,-93.0,689.0,-126.0,-1141.0,278.0,-97.0,116.0,808.0
-168.0,,-93.0,564.0,-63.0,-1116.0,316.0,-445.0,35.0,798.0
-117.0,,-212.0,453.0,-20.0,-1114.0,330.0,-136.0,-63.0,726.0
-62.0,,-255.0,324.0,-56.0,-1091.0,325.0,-214.0,-180.0,632.0
-6.0,,-240.0,227.0,-148.0,-1037.0,313.0,-177.0,-290.0,521.0
90.0,,-332.0,209.0,-275.0,-1020.0,300.0,5.0,-389.0,432.0
177.0,,-301.0,211.0,-391.0,-978.0,288.0,-249.0,-489.0,364.0
222.0,,-278.0,257.0,-394.0,-1007.0,276.0,12.0,-571.0,301.0
252.0,,-302.0,359.0,-292.0,-1060.0,279.0,-328.0,-638.0,240.0
266.0,,-232.0,474.0,-175.0,-1023.0,269.0,-221.0,-682.0,196.0
293.0,,-225.0,619.0,-72.0,-1029.0,252.0,-323.0,-694.0,179.0
308.0,,-220.0,742.0,12.0,-1077.0,283.0,-506.0,-686.0,160.0
310.0,,-175.0,817.0,47.0,-1064.0,333.0,-214.0,-635.0,138.0
339.0,,-174.0,875.0,26.0,-1026.0,345.0,-454.0,-527.0,114.0
392.0,,-210.0,878.0,-22.0,-987.0,319.0,-107.0,-389.0,92.0
419.0,,-200.0,822.0,-75.0,-968.0,316.0,-258.0,-259.0,73.0
401.0,,-209.0,721.0,-75.0,-937.0,327.0,-219.0,-121.0,83.0
398.0,,-216.0,608.0,25.0,-893.0,321.0,-164.0,1.0,139.0
398.0,,-198.0,502.0,191.0,-929.0,301.0,-386.0,82.0,245.0
411.0,,-228.0,396.0,304.0,-962.0,311.0,14.0,143.0,416.0
415.0,,-157.0,296.0,278.0,-939.0,358.0,-225.0,169.0,606.0
404.0,,-168.0,236.0,159.0,-930.0,368.0,12.0,174.0,791.0
407.0,,-147.0,271.0,49.0,-955.0,405.0,-107.0,181.0,965.0
406.0,,-56.0,365.0,3.0,-959.0,415.0,-253.0,189.0,1055.0
417.0,,-124.0,498.0,9.0,-922.0,391.0,-55.0,190.0,1044.0
378.0,,-43.0,647.0,43.0,-854.0,429.0,-393.0,182.0,956.0
326.0,,-15.0,762.0,90.0,-812.0,437.0,-110.0,161.0,771.0
315.0,,-69.0,878.0,121.0,-838.0,434.0,-327.0,129.0,526.0
322.0,,4.0,939.0,144.0,-840.0,433.0,-168.0,103.0,249.0
325.0,,-31.0,913.0,151.0,-835.0,433.0,-103.0,93.0,-62.0
335.0,,-39.0,854.0,81.0,-863.0,451.0,-336.0,113.0,-348.0
385.0,,-53.0,782.0,-48.0,-845.0,452.0,-36.0,137.0,-583.0
400.0,,-98.0,691.0,-125.0,-797.0,464.0,-369.0,174.0,-708.0
415.0,,-135.0,564.0,-61.0,-771.0,463.0,-169.0,222.0,-737.0
452.0,,-173.0,447.0,128.0,-725.0,446.0,-295.0,254.0,-677.0
469.0,,-221.0,356.0,342.0,-716.0,463.0,-238.0,271.0,-526.0
474.0,,-295.0,304.0,464.0,-772.0,490.0,90.0,279.0,-358.0
479.0,,-264.0,303.0,487.0,-784.0,492.0,-147.0,295.0,-152.0
484.0,,-330.0,337.0,481.0,-769.0,506.0,112.0,282.0,77.0
464.0,,-319.0,431.0,468.0,-763.0,564.0,-182.0,269.0,321.0
441.0,,-261.0,538.0,399.0,-749.0,631.0,-81.0,252.0,547.0
440.0,,-251.0,622.0,249.0,-759.0,656.0,-144.0,228.0,735.0
461.0,,-158.0,703.0,84.0,-761.0,668.0,-362.0,230.0,896.0
476.0,,-140.0,764.0,-52.0,-749.0,680.0,-38.0,202.0,1026.0
471.0,,-16.0,802.0,-198.0,-738.0,688.0,-279.0,185.0,1118.0
477.0,,41.0,823.0,-377.0,-686.0,684.0,-31.0,173.0,1157.0
508.0,,78.0,837.0,-545.0,-682.0,643.0,-212.0,150.0,1155.0
545.0,,222.0,845.0,-645.0,-683.0,610.0,-168.0,129.0,1103.0
551.0,,200.0,828.0,-638.0,-669.0,617.0,3.0,78.0,1023.0
546.0,,297.0,806.0,-490.0,-701.0,643.0,-232.0,28.0,923.0
541.0,,320.0,785.0,-251.0,-713.0,671.0,121.0,-12.0,810.0
546.0,,241.0,713.0,-18.0,-743.0,668.0,-147.0,-37.0,703.0
550.0,,289.0,619.0,153.0,-738.0,654.0,38.0,-38.0,626.0
522.0,,194.0,573.0,264.0,-661.0,644.0,1.0,-28.0,594.0
505.0,,147.0,548.0,328.0,-607.0,605.0,-142.0,-21.0,582.0
517.0,,88.0,501.0,317.0,-594.0,565.0,121.0,-42.0,594.0
514.0,,0.0,449.0,228.0,-578.0,523.0,-160.0,-77.0,620.0
447.0,,-67.0,409.0,95.0,-535.0,473.0,157.0,-124.0,658.0
387.0,,-152.0,378.0,-33.0,-509.0,435.0,-112.0,-174.0,692.0
369.0,,-203.0,378.0,-64.0,-521.0,388.0,-173.0,-221.0,709.0
307.0,,-256.0,392.0,43.0,-553.0,364.0,-116.0,-281.0,737.0
221.0,,-218.0,408.0,222.0,-578.0,320.0,-352.0,-327.0,765.0
144.0,,-244.0,438.0,388.0,-538.0,251.0,27.0,-379.0,777.0
99.0,,-217.0,458.0,485.0,-483.0,233.0,-177.0,-441.0,760.0
40.0,,-192.0,462.0,516.0,-515.0,219.0,72.0,-488.0,710.0
-34.0,,-170.0,475.0,498.0,-558.0,187.0,-24.0,-532.0,615.0
-79.0,,-46.0,536.0,421.0,-477.0,175.0,-133.0,-546.0,484.0
-136.0,,-63.0,604.0,268.0,-421.0,174.0,70.0,-528.0,361.0
-163.0,,11.0,605.0,87.0,-490.0,164.0,-295.0,-499.0,266.0
-188.0,,100.0,550.0,-54.0,-476.0,159.0,-57.0,-451.0,203.0
-222.0,,79.0,477.0,-156.0,-445.0,139.0,-290.0,-402.0,166.0
-248.0,,192.0,405.0,-239.0,-489.0,112.0,-197.0,-365.0,124.0
-270.0,,174.0,346.0,-347.0,-484.0,133.0,-169.0,-342.0,96.0
-273.0,,164.0,330.0,-491.0,-456.0,143.0,-432.0,-346.0,98.0
-303.0,,284.0,302.0,-583.0,-418.0,132.0,-173.0,-371.0,108.0
-330.0,,186.0,209.0,-558.0,-408.0,76.0,-485.0,-401.0,142.0
-359.0,,181.0,148.0,-432.0,-459.0,-7.0,-166.0,-442.0,170.0
-391.0,,216.0,164.0,-279.0,-454.0,-8.0,-173.0,-484.0,224.0
-411.0,,127.0,202.0,-205.0,-402.0,11.0,-133.0,-508.0,295.0
-430.0,,140.0,252.0,-316.0,-426.0,21.0,175.0,-518.0,363.0
-415.0,,109.0,289.0,-565.0,-447.0,60.0,-66.0,-510.0,445.0
-394.0,,50.0,321.0,-714.0,-366.0,92.0,212.0,-489.0,523.0
-382.0,,36.0,347.0,-623.0,-325.0,96.0,-110.0,-477.0,654.0
-328.0,,12.0,338.0,-386.0,-402.0,77.0,-57.0,-453.0,783.0
-238.0,,-40.0,328.0,-139.0,-426.0,51.0,-84.0,-392.0,908.0
-167.0,,-26.0,318.0,69.0,-376.0,54.0,-297.0,-317.0,1028.0
-149.0,,-25.0,332.0,265.0,-343.0,77.0,22.0,-228.0,1102.0
-121.0,,-80.0,401.0,458.0,-366.0,101.0,-279.0,-132.0,1137.0
-46.0,,-28.0,467.0,606.0,-397.0,101.0,-75.0,-47.0,1125.0
-3.0,,-23.0,512.0,669.0,-387.0,76.0,-280.0,20.0,1047.0
-21.0,,3.0,550.0,630.0,-413.0,49.0,-282.0,65.0,891.0
-39.0,,40.0,588.0,535.0,-421.0,-17.0,-90.0,100.0,707.0
-8.0,,26.0,608.0,454.0,-421.0,-101.0,-319.0,108.0,459.0
18.0,,103.0,574.0,401.0,-399.0,-173.0,62.0,96.0,193.0
5.0,,67.0,485.0,366.0,-360.0,-205.0,-192.0,80.0,-53.0
-24.0,,124.0,343.0,396.0,-406.0,-195.0,-16.0,34.0,-267.0
-49.0,,192.0,183.0,512.0,-448.0,-168.0,-31.0,-20.0,-392.0
-57.0,,176.0,45.0,626.0,-426.0,-117.0,-158.0,-71.0,-467.0
-69.0,,335.0,-107.0,658.0,-337.0,-88.0,129.0,-121.0,-467.0
-98.0,,317.0,-246.0,584.0,-338.0,-72.0,-145.0,-171.0,-459.0
-131.0,,372.0,-370.0,392.0,-450.0,-22.0,173.0,-198.0,-454.0
-160.0,,481.0,-483.0,111.0,-454.0,14.0,-51.0,-210.0,-422.0
-181.0,,439.0,-555.0,-143.0,-372.0,4.0,-29.0,-204.0,-403.0
-178.0,,503.0,-567.0,-286.0,-348.0,-38.0,55.0,-165.0,-367.0
-159.0,,495.0,-505.0,-351.0,-398.0,-91.0,-216.0,-127.0,-331.0
-131.0,,501.0,-400.0,-374.0,-427.0,-148.0,96.0,-86.0,-284.0
-64.0,,499.0,-254.0,-366.0,-369.0,-201.0,-219.0,-62.0,-251.0
38.0,,473.0,-122.0,-348.0,-302.0,-204.0,49.0,-37.0,-232.0
121.0,,439.0,-37.0,-359.0,-308.0,-188.0,9.0,2.0,-176.0
201.0,,380.0,41.0,-396.0,-334.0,-140.0,-145.0,35.0,-97.0
297.0,,371.0,124.0,-412.0,-378.0,-106.0,48.0,78.0,9.0
380.0,,291.0,180.0,-359.0,-371.0,-112.0,-223.0,118.0,123.0
446.0,,234.0,194.0,-170.0,-296.0,-64.0,144.0,141.0,269.0
485.0,,178.0,200.0,159.0,-349.0,-65.0,-27.0,165.0,456.0
522.0,,121.0,193.0,495.0,-427.0,-60.0,101.0,188.0,598.0
550.0,,58.0,142.0,668.0,-391.0,-4.0,105.0,187.0,689.0
566.0,,-37.0,56.0,676.0,-331.0,0.0,-190.0,170.0,708.0
580.0,,-68.0,-4.0,607.0,-310.0,-8.0,66.0,137.0,656.0
595.0,,-194.0,-23.0,478.0,-298.0,-12.0,-280.0,95.0,552.0
599.0,,-272.0,-14.0,300.0,-273.0,-2.0,-25.0,61.0,381.0
582.0,,-285.0,-43.0,93.0,-291.0,26.0,-83.0,43.0,202.0
569.0,,-420.0,-109.0,-122.0,-258.0,54.0,-97.0,29.0,11.0
544.0,,-390.0,-160.0,-287.0,-177.0,67.0,75.0,-14.0,-175.0
527.0,,-422.0,-226.0,-369.0,-152.0,87.0,-238.0,-68.0,-300.0
491.0,,-495.0,-287.0,-399.0,-129.0,102.0,57.0,-120.0,-374.0
443.0,,-429.0,-300.0,-380.0,-114.0,98.0,-267.0,-182.0,-405.0
409.0,,-491.0,-277.0,-308.0,-123.0,82.0,-164.0,-223.0,-396.0
367.0,,-476.0,-236.0,-228.0,-83.0,59.0,-70.0,-237.0,-373.0
344.0,,-454.0,-164.0,-195.0,-13.0,40.0,-210.0,-229.0,-383.0
331.0,,-444.0,-53.0,-208.0,-43.0,29.0,73.0,-206.0,-414.0
320.0,,-435.0,54.0,-233.0,-98.0,15.0,-275.0,-188.0,-495.0
306.0,,-419.0,157.0,-239.0,-49.0,-4.0,-53.0,-157.0,-636.0
277.0,,-379.0,287.0,-204.0,16.0,-25.0,-210.0,-109.0,-770.0
243.0,,-409.0,373.0,-173.0,-4.0,-62.0,-227.0,-65.0,-913.0
223.0,,-322.0,387.0,-201.0,-115.0,-102.0,-55.0,-11.0,-1046.0
211.0,,-344.0,377.0,-265.0,-79.0,-102.0,-286.0,55.0,-1127.0
170.0,,-337.0,385.0,-325.0,53.0,-78.0,75.0,114.0,-1191.0
108.0,,-235.0,462.0,-340.0,8.0,-77.0,-208.0,173.0,-1207.0
51.0,,-235.0,516.0,-315.0,-54.0,-73.0,-60.0,234.0,-1153.0
22.0,,-172.0,543.0,-287.0,-36.0,-116.0,-60.0,270.0,-1085.0
-31.0,,-151.0,595.0,-243.0,22.0,-169.0,-258.0,286.0,-986.0
-137.0,,-88.0,627.0,-157.0,65.0,-186.0,-11.0,281.0,-831.0
-203.0,,-58.0,628.0,-49.0,-6.0,-243.0,-288.0,254.0,-656.0
-225.0,,-35.0,588.0,46.0,-16.0,-252.0,72.0,221.0,-467.0
-255.0,,70.0,545.0,161.0,59.0,-233.0,25.0,177.0,-234.0
-277.0,,21.0,490.0,336.0,66.0,-233.0,77.0,142.0,-1.0
-272.0,,93.0,397.0,541.0,63.0,-227.0,142.0,124.0,176.0
-221.0,,151.0,302.0,727.0,77.0,-217.0,-203.0,113.0,309.0
-162.0,,86.0,192.0,850.0,113.0,-219.0,120.0,121.0,376.0
-148.0,,175.0,64.0,854.0,141.0,-223.0,-101.0,113.0,414.0
-130.0,,155.0,-44.0,731.0,87.0,-214.0,127.0,82.0,436.0
-91.0,,150.0,-121.0,509.0,80.0,-249.0,105.0,37.0,372.0
-61.0,,170.0,-181.0,224.0,113.0,-242.0,-79.0,-49.0,272.0
-16.0,,182.0,-200.0,-42.0,106.0,-212.0,123.0,-143.0,173.0
23.0,,229.0,-153.0,-197.0,127.0,-230.0,-245.0,-241.0,65.0
37.0,,224.0,-72.0,-207.0,162.0,-211.0,57.0,-314.0,-50.0
58.0,,286.0,26.0,-124.0,181.0,-169.0,-55.0,-354.0,-170.0
51.0,,271.0,96.0,-13.0,155.0,-171.0,48.0,-384.0,-260.0
1.0,,353.0,128.0,70.0,154.0,-232.0,232.0,-376.0,-344.0
-28.0,,410.0,159.0,84.0,218.0,-275.0,-3.0,-361.0,-397.0
-53.0,,429.0,180.0,36.0,262.0,-286.0,286.0,-363.0,-419.0
-100.0,,523.0,199.0,-39.0,259.0,-274.0,7.0,-369.0,-427.0
-166.0,,522.0,225.0,-85.0,229.0,-271.0,225.0,-366.0,-402.0
-231.0,,582.0,235.0,-68.0,239.0,-281.0,158.0,-374.0,-381.0
-279.0,,581.0,235.0,-5.0,274.0,-259.0,36.0,-378.0,-370.0
-352.0,,559.0,276.0,66.0,239.0,-311.0,229.0,-346.0,-366.0
-417.0,,528.0,379.0,120.0,177.0,-362.0,-212.0,-308.0,-399.0
-472.0,,442.0,484.0,154.0,231.0,-366.0,5.0,-239.0,-453.0
-537.0,,443.0,536.0,141.0,291.0,-386.0,-197.0,-160.0,-522.0
-574.0,,349.0,537.0,82.0,308.0,-380.0,-107.0,-100.0,-597.0
-596.0,,284.0,491.0,34.0,352.0,-412.0,77.0,-57.0,-650.0
-601.0,,327.0,382.0,22.0,342.0,-451.0,-64.0,-71.0,-685.0
-612.0,,238.0,226.0,45.0,363.0,-461.0,277.0,-132.0,-694.0
-630.0,,249.0,59.0,90.0,410.0,-445.0,-49.0,-246.0,-678.0
-628.0,,288.0,-77.0,129.0,432.0,-427.0,138.0,-383.0,-629.0
-590.0,,247.0,-161.0,126.0,444.0,-438.0,59.0,-509.0,-582.0
-539.0,,311.0,-157.0,63.0,438.0,-451.0,29.0,-655.0,-542.0
-514.0,,302.0,-51.0,-57.0,474.0,-487.0,336.0,-791.0,-459.0
-470.0,,322.0,112.0,-200.0,486.0,-503.0,42.0,-894.0,-398.0
-411.0,,351.0,259.0,-283.0,520.0,-506.0,347.0,-961.0,-330.0
-375.0,,334.0,393.0,-239.0,558.0,-525.0,60.0,-993.0,-213.0
-392.0,,320.0,561.0,-63.0,555.0,-553.0,66.0,-1004.0,-98.0
-404.0,,265.0,716.0,140.0,610.0,-569.0,49.0,-999.0,54.0
-359.0,,241.0,806.0,274.0,648.0,-539.0,-242.0,-977.0,223.0
-315.0,,169.0,814.0,308.0,638.0,-515.0,81.0,-917.0,368.0
-287.0,,104.0,756.0,264.0,623.0,-499.0,-169.0,-809.0,499.0
-254.0,,41.0,668.0,236.0,656.0,-458.0,134.0,-614.0,579.0
-183.0,,-31.0,560.0,272.0,692.0,-433.0,42.0,-347.0,647.0
-99.0,,-138.0,431.0,339.0,668.0,-452.0,-35.0,-57.0,673.0
-31.0,,-237.0,325.0,365.0,677.0,-481.0,136.0,228.0,623.0
38.0,,-285.0,276.0,306.0,685.0,-497.0,-190.0,484.0,542.0
145.0,,-386.0,250.0,172.0,644.0,-494.0,145.0,693.0,413.0
277.0,,-382.0,266.0,-7.0,638.0,-483.0,-68.0,815.0,260.0
383.0,,-397.0,340.0,-191.0,627.0,-466.0,57.0,893.0,103.0
474.0,,-422.0,436.0,-364.0,594.0,-446.0,92.0,923.0,-49.0
563.0,,-319.0,530.0,-494.0,589.0,-440.0,-107.0,897.0,-164.0
651.0,,-316.0,615.0,-527.0,607.0,-425.0,169.0,839.0,-271.0
714.0,,-276.0,678.0,-445.0,642.0,-403.0,-182.0,746.0,-369.0
746.0,,-143.0,689.0,-285.0,622.0,-389.0,48.0,647.0,-467.0
761.0,,-99.0,670.0,-145.0,605.0,-402.0,-64.0,543.0,-585.0
749.0,,-28.0,635.0,-74.0,640.0,-419.0,-77.0,423.0,-664.0
714.0,,51.0,560.0,-34.0,661.0,-415.0,96.0,280.0,-709.0
642.0,,95.0,484.0,17.0,630.0,-407.0,-195.0,140.0,-723.0
567.0,,136.0,446.0,99.0,615.0,-376.0,109.0,23.0,-710.0
517.0,,161.0,431.0,216.0,642.0,-358.0,-144.0,-81.0,-707.0
461.0,,163.0,452.0,345.0,676.0,-361.0,33.0,-166.0,-681.0
394.0,,137.0,494.0,434.0,709.0,-360.0,64.0,-221.0,-643.0
333.0,,169.0,535.0,447.0,660.0,-364.0,-125.0,-234.0,-608.0
294.0,,139.0,540.0,401.0,613.0,-364.0,123.0,-212.0,-561.0
224.0,,103.0,518.0,356.0,604.0,-366.0,-216.0,-167.0,-529.0
109.0,,94.0,501.0,346.0,644.0,-378.0,55.0,-87.0,-472.0
46.0,,69.0,487.0,357.0,700.0,-389.0,-64.0,5.0,-403.0
26.0,,71.0,490.0,375.0,657.0,-371.0,-22.0,75.0,-326.0
17.0,,21.0,457.0,402.0,628.0,-337.0,133.0,122.0,-241.0
18.0,,79.0,414.0,454.0,639.0,-303.0,-175.0,147.0,-178.0
35.0,,80.0,399.0,532.0,644.0,-266.0,88.0,161.0,-130.0
83.0,,85.0,380.0,617.0,644.0,-275.0,-179.0,182.0,-115.0
108.0,,184.0,361.0,670.0,630.0,-275.0,11.0,196.0,-115.0
112.0,,129.0,303.0,648.0,589.0,-219.0,-27.0,218.0,-121.0
124.0,,174.0,241.0,504.0,586.0,-172.0,-127.0,245.0,-123.0
163.0,,184.0,211.0,236.0,630.0,-136.0,175.0,268.0,-111.0
208.0,,113.0,169.0,-94.0,680.0,-124.0,-81.0,291.0,-107.0
229.0,,141.0,107.0,-420.0,679.0,-122.0,210.0,298.0,-84.0
267.0,,92.0,54.0,-665.0,628.0,-63.0,9.0,292.0,-42.0
323.0,,51.0,9.0,-776.0,659.0,-4.0,64.0,268.0,15.0
380.0,,46.0,-70.0,-752.0,720.0,-3.0,131.0,222.0,82.0
388.0,,18.0,-124.0,-630.0,775.0,-3.0,-162.0,147.0,137.0
351.0,,18.0,-121.0,-498.0,813.0,-19.0,105.0,65.0,179.0
341.0,,18.0,-98.0,-441.0,807.0,-59.0,-210.0,-16.0,209.0
348.0,,0.0,-7.0,-475.0,866.0,-87.0,-3.0,-111.0,208.0
348.0,,-26.0,156.0,-562.0,959.0,-122.0,-83.0,-185.0,131.0
326.0,,7.0,363.0,-632.0,950.0,-137.0,-223.0,-242.0,10.0
297.0,,-14.0,566.0,-622.0,912.0,-141.0,-9.0,-262.0,-135.0
277.0,,-32.0,747.0,-510.0,911.0,-123.0,-277.0,-271.0,-299.0
215.0,,16.0,899.0,-327.0,931.0,-107.0,53.0,-273.0,-430.0
130.0,,17.0,968.0,-166.0,932.0,-119.0,-149.0,-225.0,-546.0
56.0,,88.0,997.0,-102.0,925.0,-98.0,-38.0,-166.0,-618.0
-3.0,,110.0,985.0,-117.0,955.0,-79.0,25.0,-90.0,-651.0
-78.0,,168.0,922.0,-147.0,998.0,-91.0,-251.0,0.0,-661.0
-168.0,,256.0,851.0,-145.0,1049.0,-117.0,16.0,81.0,-632.0
-253.0,,272.0,723.0,-118.0,1036.0,-127.0,-304.0,154.0,-576.0
-338.0,,397.0,543.0,-91.0,1049.0,-134.0,-110.0,180.0,-468.0
-398.0,,420.0,374.0,-76.0,1087.0,-168.0,-256.0,170.0,-345.0
-454.0,,481.0,222.0,-31.0,1122.0,-189.0,-314.0,125.0,-197.0
-515.0,,576.0,68.0,76.0,1166.0,-192.0,-118.0,49.0,-39.0
-572.0,,526.0,-74.0,196.0,1118.0,-178.0,-338.0,-40.0,103.0
-601.0,,558.0,-185.0,283.0,1152.0,-168.0,60.0,-136.0,232.0
-620.0,,573.0,-250.0,356.0,1183.0,-165.0,-194.0,-227.0,313.0
-639.0,,534.0,-261.0,437.0,1147.0,-135.0,-38.0,-299.0,353.0
-644.0,,541.0,-234.0,521.0,1148.0,-97.0,-1.0,-362.0,344.0
-641.0,,563.0,-193.0,588.0,1111.0,-76.0,-203.0,-435.0,290.0
-603.0,,532.0,-132.0,599.0,1076.0,-73.0,112.0,-481.0,199.0
-563.0,,539.0,-44.0,513.0,1068.0,-75.0,-162.0,-489.0,101.0
-537.0,,558.0,73.0,349.0,1075.0,-105.0,147.0,-490.0,-25.0
-506.0,,524.0,181.0,185.0,1049.0,-146.0,18.0,-471.0,-168.0
-481.0,,559.0,248.0,59.0,1056.0,-167.0,-14.0,-427.0,-261.0
-472.0,,542.0,300.0,-24.0,1088.0,-182.0,110.0,-365.0,-321.0
-438.0,,521.0,349.0,-100.0,1036.0,-186.0,-179.0,-282.0,-309.0
-351.0,,548.0,364.0,-185.0,1032.0,-207.0,94.0,-177.0,-196.0
-272.0,,504.0,305.0,-257.0,1060.0,-263.0,-232.0,-47.0,-2.0
-226.0,,494.0,233.0,-308.0,978.0,-289.0,-36.0,113.0,254.0
-164.0,,473.0,192.0,-358.0,901.0,-269.0,16.0,282.0,532.0
-74.0,,428.0,183.0,-434.0,904.0,-253.0,-60.0,437.0,792.0
-39.0,,415.0,197.0,-493.0,945.0,-251.0,238.0,567.0,1031.0
-31.0,,346.0,195.0,-476.0,955.0,-278.0,-66.0,650.0,1224.0
12.0,,339.0,211.0,-386.0,865.0,-288.0,166.0,683.0,1324.0
57.0,,300.0,249.0,-268.0,800.0,-254.0,-73.0,665.0,1330.0
55.0,,256.0,304.0,-171.0,791.0,-231.0,-66.0,614.0,1232.0
31.0,,291.0,392.0,-99.0,816.0,-241.0,64.0,544.0,1061.0
24.0,,200.0,469.0,-44.0,788.0,-280.0,-86.0,468.0,850.0
12.0,,181.0,567.0,-9.0,718.0,-304.0,288.0,419.0,639.0
-20.0,,167.0,726.0,15.0,731.0,-314.0,-48.0,386.0,465.0
-55.0,,95.0,870.0,42.0,661.0,-306.0,81.0,381.0,339.0
-65.0,,109.0,975.0,94.0,598.0,-294.0,-20.0,399.0,289.0
-75.0,,87.0,1031.0,173.0,579.0,-308.0,-134.0,407.0,273.0
-91.0,,108.0,1013.0,260.0,580.0,-324.0,127.0,413.0,306.0
-107.0,,117.0,933.0,322.0,613.0,-325.0,-166.0,417.0,352.0
-88.0,,132.0,839.0,336.0,538.0,-320.0,127.0,403.0,380.0
-47.0,,176.0,762.0,306.0,482.0,-352.0,-79.0,365.0,403.0
-7.0,,193.0,725.0,272.0,431.0,-363.0,-49.0,316.0,388.0
29.0,,273.0,747.0,263.0,395.0,-342.0,-27.0,278.0,358.0
85.0,,283.0,785.0,265.0,448.0,-341.0,-214.0,247.0,276.0
199.0,,305.0,803.0,252.0,465.0,-322.0,68.0,213.0,149.0
271.0,,345.0,796.0,196.0,365.0,-311.0,-288.0,185.0,-37.0
303.0,,338.0,814.0,112.0,260.0,-312.0,-77.0,165.0,-279.0
349.0,,345.0,884.0,4.0,242.0,-313.0,-229.0,145.0,-514.0
406.0,,324.0,952.0,-124.0,229.0,-323.0,-269.0,111.0,-743.0
432.0,,377.0,979.0,-240.0,254.0,-341.0,-60.0,87.0,-892.0
407.0,,360.0,956.0,-325.0,219.0,-372.0,-352.0,93.0,-954.0
394.0,,393.0,898.0,-354.0,131.0,-373.0,-31.0,107.0,-944.0
394.0,,445.0,810.0,-322.0,148.0,-338.0,-315.0,117.0,-850.0
394.0,,355.0,700.0,-221.0,160.0,-321.0,-227.0,128.0,-702.0
367.0,,427.0,570.0,-45.0,143.0,-333.0,-234.0,146.0,-542.0
326.0,,397.0,487.0,184.0,140.0,-349.0,-371.0,184.0,-384.0
299.0,,297.0,461.0,424.0,116.0,-330.0,-72.0,245.0,-231.0
271.0,,337.0,454.0,627.0,129.0,-313.0,-423.0,315.0,-82.0
230.0,,272.0,500.0,753.0,94.0,-335.0,-164.0,395.0,85.0
203.0,,219.0,562.0,778.0,16.0,-342.0,-339.0,474.0,258.0
208.0,,194.0,586.0,736.0,14.0,-379.0,-402.0,544.0,441.0
212.0,,170.0,571.0,660.0,2.0,-422.0,-312.0,573.0,619.0
222.0,,110.0,559.0,575.0,-13.0,-407.0,-611.0,563.0,780.0
199.0,,73.0,581.0,503.0,-36.0,-381.0,-314.0,544.0,903.0
167.0,,22.0,588.0,431.0,-68.0,-345.0,-591.0,508.0,990.0
154.0,,-89.0,555.0,367.0,-90.0,-305.0,-439.0,475.0,1090.0
139.0,,-89.0,522.0,299.0,-125.0,-283.0,-480.0,457.0,1189.0
144.0,,-184.0,464.0,227.0,-143.0,-274.0,-582.0,445.0,1302.0
162.0,,-188.0,394.0,167.0,-169.0,-266.0,-365.0,423.0,1444.0
207.0,,-129.0,330.0,94.0,-172.0,-249.0,-718.0,366.0,1585.0
264.0,,-116.0,269.0,-1.0,-147.0,-249.0,-445.0,273.0,1694.0
291.0,,5.0,269.0,-132.0,-162.0,-272.0,-676.0,152.0,1762.0
282.0,,31.0,317.0,-295.0,-208.0,-273.0,-607.0,-8.0,1762.0
294.0,,144.0,403.0,-442.0,-251.0,-258.0,-443.0,-194.0,1690.0
299.0,,230.0,515.0,-530.0,-221.0,-274.0,-628.0,-357.0,1575.0
274.0,,249.0,650.0,-533.0,-187.0,-291.0,-262.0,-498.0,1392.0
244.0,,396.0,806.0,-458.0,-239.0,-284.0,-565.0,-617.0,1163.0
174.0,,415.0,948.0,-363.0,-300.0,-270.0,-408.0,-723.0,894.0
135.0,,486.0,1083.0,-310.0,-294.0,-289.0,-497.0,-819.0,602.0
88.0,,571.0,1159.0,-320.0,-230.0,-299.0,-546.0,-888.0,340.0
13.0,,552.0,1133.0,-364.0,-238.0,-286.0,-293.0,-917.0,119.0
-6.0,,647.0,1044.0,-381.0,-294.0,-286.0,-569.0,-915.0,-27.0
0.0,,667.0,940.0,-326.0,-283.0,-280.0,-190.0,-867.0,-89.0
-12.0,,687.0,864.0,-204.0,-206.0,-258.0,-413.0,-766.0,-89.0
-29.0,,723.0,827.0,-50.0,-166.0,-224.0,-362.0,-640.0,-30.0
-17.0,,704.0,777.0,85.0,-195.0,-210.0,-345.0,-479.0,71.0
-39.0,,738.0,723.0,173.0,-211.0,-170.0,-655.0,-304.0,201.0
-98.0,,709.0,701.0,195.0,-224.0,-121.0,-376.0,-124.0,359.0
-154.0,,711.0,688.0,160.0,-219.0,-131.0,-637.0,47.0,528.0
-169.0,,698.0,695.0,79.0,-243.0,-163.0,-341.0,194.0,728.0
-162.0,,699.0,710.0,-19.0,-298.0,-180.0,-391.0,316.0,945.0
-181.0,,699.0,754.0,-102.0,-300.0,-178.0,-393.0,414.0,1167.0
-183.0,,643.0,814.0,-165.0,-283.0,-170.0,-253.0,510.0,1382.0
-156.0,,669.0,899.0,-179.0,-277.0,-138.0,-631.0,570.0,1539.0
-102.0,,615.0,1038.0,-131.0,-304.0,-105.0,-330.0,606.0,1634.0
-74.0,,570.0,1139.0,-19.0,-325.0,-92.0,-556.0,612.0,1670.0
-77.0,,525.0,1204.0,156.0,-312.0,-79.0,-343.0,577.0,1674.0
-64.0,,438.0,1245.0,360.0,-281.0,-83.0,-293.0,517.0,1613.0
-48.0,,362.0,1210.0,510.0,-256.0,-99.0,-513.0,429.0,1502.0
-48.0,,232.0,1114.0,511.0,-288.0,-137.0,-277.0,352.0,1345.0
-73.0,,177.0,1009.0,325.0,-365.0,-148.0,-572.0,279.0,1152.0
-57.0,,14.0,889.0,9.0,-405.0,-123.0,-269.0,223.0,959.0
-29.0,,-106.0,757.0,-315.0,-365.0,-116.0,-402.0,182.0,749.0
-24.0,,-154.0,646.0,-564.0,-319.0,-104.0,-338.0,162.0,572.0
-16.0,,-378.0,553.0,-686.0,-368.0,-68.0,-166.0,185.0,389.0
2.0,,-421.0,484.0,-669.0,-415.0,-9.0,-426.0,227.0,181.0
54.0,,-484.0,421.0,-570.0,-373.0,41.0,-109.0,320.0,-40.0
75.0,,-587.0,379.0,-456.0,-342.0,93.0,-393.0,442.0,-308.0
60.0,,-534.0,400.0,-355.0,-340.0,125.0,-179.0,563.0,-595.0
54.0,,-540.0,460.0,-279.0,-333.0,138.0,-230.0,681.0,-871.0
54.0,,-470.0,498.0,-244.0,-326.0,162.0,-388.0,778.0,-1100.0
43.0,,-391.0,526.0,-247.0,-293.0,183.0,-107.0,854.0,-1301.0
17.0,,-291.0,573.0,-274.0,-305.0,208.0,-369.0,909.0,-1451.0
6.0,,-193.0,605.0,-310.0,-354.0,202.0,-11.0,965.0,-1539.0
-19.0,,-97.0,616.0,-361.0,-392.0,194.0,-175.0,986.0,-1593.0
-89.0,,18.0,612.0,-434.0,-393.0,183.0,-114.0,989.0,-1585.0
-166.0,,45.0,591.0,-499.0,-360.0,172.0,-55.0,990.0,-1503.0
-245.0,,141.0,574.0,-516.0,-410.0,146.0,-304.0,962.0,-1348.0
-310.0,,156.0,574.0,-445.0,-438.0,135.0,20.0,934.0,-1130.0
-345.0,,165.0,581.0,-290.0,-392.0,172.0,-299.0,886.0,-858.0
-377.0,,180.0,591.0,-95.0,-414.0,182.0,-49.0,802.0,-572.0
-363.0,,96.0,636.0,104.0,-473.0,208.0,-121.0,683.0,-288.0
-309.0,,75.0,697.0,282.0,-475.0,222.0,-177.0,526.0,-52.0
-256.0,,-31.0,767.0,409.0,-424.0,230.0,42.0,363.0,127.0
-203.0,,-107.0,853.0,479.0,-398.0,225.0,-249.0,196.0,295.0
-139.0,,-167.0,930.0,514.0,-458.0,177.0,97.0,48.0,404.0
-55.0,,-289.0,986.0,550.0,-498.0,146.0,-168.0,-63.0,476.0
-15.0,,-304.0,1029.0,597.0,-457.0,141.0,-59.0,-140.0,531.0
-21.0,,-418.0,1060.0,646.0,-457.0,161.0,-20.0,-187.0,565.0
-21.0,,-460.0,1066.0,681.0,-488.0,178.0,-194.0,-214.0,609.0
-10.0,,-419.0,1082.0,669.0,-535.0,196.0,99.0,-237.0,665.0
-1.0,,-479.0,1124.0,593.0,-505.0,210.0,-182.0,-260.0,745.0
-22.0,,-437.0,1189.0,450.0,-476.0,225.0,210.0,-262.0,818.0
-42.0,,-429.0,1224.0,278.0,-527.0,231.0,112.0,-267.0,865.0
-23.0,,-385.0,1212.0,129.0,-535.0,204.0,94.0,-247.0,866.0
-7.0,,-325.0,1166.0,8.0,-602.0,176.0,203.0,-192.0,790.0
-9.0,,-260.0,1045.0,-86.0,-626.0,149.0,-169.0,-125.0,638.0
-21.0,,-144.0,880.0,-141.0,-618.0,103.0,118.0,-53.0,423.0
-16.0,,-90.0,730.0,-154.0,-632.0,50.0,-134.0,8.0,179.0
-3.0,,14.0,642.0,-148.0,-576.0,32.0,92.0,70.0,-50.0
-20.0,,55.0,594.0,-144.0,-578.0,15.0,112.0,125.0,-251.0
-46.0,,115.0,553.0,-158.0,-641.0,0.0,-20.0,185.0,-400.0
-55.0,,130.0,538.0,-186.0,-647.0,0.0,192.0,234.0,-484.0
-55.0,,105.0,532.0,-209.0,-590.0,25.0,-194.0,286.0,-521.0
-69.0,,133.0,545.0,-230.0,-585.0,70.0,109.0,342.0,-523.0
-95.0,,64.0,565.0,-250.0,-637.0,100.0,-40.0,359.0,-506.0
-92.0,,46.0,598.0,-280.0,-629.0,124.0,16.0,358.0,-481.0
-63.0,,8.0,678.0,-320.0,-558.0,126.0,160.0,336.0,-439.0
-48.0,,-34.0,772.0,-344.0,-545.0,110.0,-77.0,296.0,-356.0
-23.0,,-45.0,857.0,-342.0,-590.0,73.0,181.0,219.0,-246.0
18.0,,-127.0,940.0,-321.0,-632.0,23.0,-136.0,104.0,-127.0
70.0,,-124.0,1014.0,-282.0,-636.0,-3.0,99.0,-25.0,-18.0
85.0,,-144.0,1070.0,-224.0,-588.0,-12.0,31.0,-169.0,60.0
62.0,,-186.0,1124.0,-144.0,-571.0,-27.0,-44.0,-314.0,105.0
62.0,,-104.0,1170.0,-47.0,-635.0,-59.0,216.0,-458.0,104.0
49.0,,-75.0,1184.0,50.0,-669.0,-76.0,-112.0,-564.0,93.0
23.0,,-9.0,1169.0,153.0,-586.0,-77.0,175.0,-625.0,59.0
5.0,,123.0,1129.0,266.0,-571.0,-95.0,-29.0,-642.0,-16.0
-19.0,,228.0,1096.0,353.0,-613.0,-101.0,38.0,-604.0,-113.0
-40.0,,348.0,1086.0,392.0,-567.0,-101.0,79.0,-532.0,-218.0
-63.0,,458.0,1057.0,392.0,-486.0,-99.0,-151.0,-432.0,-341.0
-110.0,,564.0,1040.0,371.0,-486.0,-88.0,110.0,-302.0,-486.0
-177.0,,608.0,1052.0,352.0,-563.0,-117.0,-179.0,-159.0,-617.0
-229.0,,668.0,1027.0,328.0,-534.0,-160.0,64.0,-6.0,-711.0
-285.0,,686.0,985.0,283.0,-477.0,-209.0,-114.0,173.0,-779.0
-364.0,,659.0,960.0,204.0,-517.0,-229.0,-230.0,370.0,-811.0
-434.0,,693.0,927.0,91.0,-600.0,-236.0,-77.0,554.0,-814.0
-472.0,,651.0,885.0,-22.0,-618.0,-283.0,-367.0,732.0,-795.0
-511.0,,661.0,860.0,-86.0,-544.0,-287.0,9.0,885.0,-775.0
-573.0,,649.0,849.0,-88.0,-487.0,-256.0,-160.0,966.0,-774.0
-595.0,,616.0,844.0,-37.0,-490.0,-224.0,48.0,983.0,-754.0
-568.0,,626.0,837.0,50.0,-516.0,-202.0,120.0,930.0,-742.0
-521.0,,538.0,825.0,134.0,-484.0,-224.0,-60.0,835.0,-726.0
-502.0,,539.0,824.0,181.0,-421.0,-245.0,271.0,710.0,-699.0
-494.0,,481.0,803.0,176.0,-379.0,-266.0,33.0,570.0,-687.0
-407.0,,416.0,761.0,126.0,-367.0,-291.0,315.0,435.0,-661.0
-323.0,,414.0,740.0,42.0,-371.0,-289.0,173.0,305.0,-620.0
-311.0,,300.0,701.0,-38.0,-387.0,-310.0,190.0,222.0,-573.0
-310.0,,294.0,615.0,-90.0,-393.0,-309.0,323.0,165.0,-506.0
-261.0,,256.0,494.0,-118.0,-375.0,-293.0,49.0,133.0,-445.0
-211.0,,169.0,401.0,-118.0,-323.0,-327.0,369.0,125.0,-405.0
-189.0,,136.0,359.0,-100.0,-327.0,-355.0,-3.0,144.0,-356.0
-162.0,,63.0,385.0,-72.0,-423.0,-376.0,101.0,194.0,-331.0
-117.0,,-23.0,473.0,-46.0,-338.0,-366.0,70.0,231.0,-343.0
-34.0,,-81.0,556.0,-25.0,-200.0,-340.0,-40.0,280.0,-355.0
4.0,,-117.0,623.0,-10.0,-250.0,-330.0,208.0,310.0,-352.0
-7.0,,-187.0,678.0,-13.0,-310.0,-314.0,-133.0,308.0,-352.0
-5.0,,-175.0,698.0,-22.0,-275.0,-303.0,168.0,291.0,-355.0
-6.0,,-198.0,644.0,-16.0,-166.0,-283.0,-55.0,264.0,-372.0
-44.0,,-253.0,574.0,17.0,-108.0,-267.0,7.0,233.0,-418.0
-96.0,,-250.0,561.0,65.0,-104.0,-271.0,162.0,198.0,-470.0
-101.0,,-293.0,544.0,89.0,-98.0,-296.0,0.0,176.0,-548.0
-91.0,,-311.0,494.0,64.0,-37.0,-317.0,378.0,175.0,-607.0
-132.0,,-350.0,432.0,4.0,64.0,-289.0,79.0,192.0,-653.0
-198.0,,-376.0,381.0,-61.0,57.0,-265.0,267.0,199.0,-676.0
-247.0,,-378.0,343.0,-113.0,45.0,-276.0,88.0,201.0,-658.0
-280.0,,-386.0,307.0,-130.0,83.0,-294.0,-36.0,173.0,-622.0
-324.0,,-346.0,273.0,-116.0,131.0,-289.0,223.0,113.0,-554.0
-376.0,,-331.0,257.0,-93.0,147.0,-309.0,-38.0,55.0,-483.0
-402.0,,-315.0,300.0,-83.0,71.0,-353.0,321.0,-23.0,-392.0
-393.0,,-275.0,380.0,-85.0,79.0,-354.0,151.0,-93.0,-297.0
-378.0,,-263.0,468.0,-91.0,158.0,-356.0,323.0,-130.0,-189.0
-395.0,,-263.0,575.0,-83.0,177.0,-358.0,380.0,-146.0,-78.0
-396.0,,-234.0,676.0,-62.0,141.0,-341.0,120.0,-140.0,-14.0
-381.0,,-224.0,747.0,-54.0,127.0,-317.0,391.0,-108.0,28.0
-387.0,,-200.0,821.0,-62.0,154.0,-312.0,129.0,-70.0,62.0
-408.0,,-123.0,916.0,-99.0,183.0,-309.0,474.0,-16.0,111.0
-419.0,,-76.0,989.0,-154.0,229.0,-279.0,443.0,45.0,178.0
-375.0,,-58.0,1031.0,-197.0,217.0,-241.0,362.0,102.0,265.0
-348.0,,-6.0,1074.0,-233.0,227.0,-225.0,382.0,195.0,362.0
-319.0,,2.0,1095.0,-264.0,270.0,-249.0,59.0,291.0,451.0
-259.0,,-18.0,1082.0,-292.0,261.0,-261.0,389.0,375.0,523.0
-170.0,,4.0,999.0,-297.0,266.0,-284.0,31.0,454.0,568.0
-93.0,,-65.0,903.0,-253.0,309.0,-327.0,25.0,525.0,586.0
-83.0,,-90.0,844.0,-175.0,350.0,-325.0,-3.0,594.0,583.0
-47.0,,-74.0,712.0,-88.0,322.0,-310.0,7.0,635.0,574.0
-1.0,,-114.0,557.0,-15.0,335.0,-336.0,437.0,648.0,555.0
20.0,,-79.0,464.0,18.0,421.0,-358.0,73.0,635.0,550.0
-3.0,,-93.0,422.0,4.0,457.0,-318.0,264.0,601.0,575.0
-7.0,,-56.0,391.0,-42.0,436.0,-295.0,101.0,551.0,625.0
53.0,,-51.0,349.0,-93.0,406.0,-291.0,136.0,483.0,708.0
88.0,,-67.0,361.0,-128.0,460.0,-282.0,284.0,406.0,790.0
114.0,,-50.0,442.0,-118.0,540.0,-268.0,-1.0,337.0,812.0
121.0,,-113.0,570.0,-48.0,500.0,-259.0,254.0,284.0,758.0
135.0,,-60.0,727.0,65.0,423.0,-280.0,-162.0,251.0,598.0
129.0,,-97.0,909.0,193.0,441.0,-280.0,-62.0,235.0,347.0
73.0,,-115.0,1090.0,297.0,465.0,-275.0,-72.0,228.0,74.0
1.0,,-32.0,1250.0,357.0,454.0,-290.0,-190.0,202.0,-230.0
-75.0,,-52.0,1375.0,347.0,489.0,-296.0,96.0,128.0,-509.0
-120.0,,-10.0,1431.0,254.0,510.0,-281.0,-227.0,5.0,-699.0
-170.0,,29.0,1452.0,113.0,535.0,-281.0,62.0,-153.0,-822.0
-197.0,,42.0,1433.0,-24.0,559.0,-287.0,-60.0,-342.0,-843.0
-193.0,,26.0,1356.0,-118.0,516.0,-288.0,35.0,-514.0,-749.0
-167.0,,24.0,1253.0,-150.0,546.0,-288.0,205.0,-641.0,-587.0
-103.0,,25.0,1130.0,-153.0,579.0,-272.0,-29.0,-734.0,-382.0
-73.0,,-7.0,972.0,-155.0,525.0,-262.0,216.0,-773.0,-165.0
-80.0,,50.0,811.0,-144.0,548.0,-261.0,-133.0,-784.0,16.0
-87.0,,66.0,692.0,-129.0,571.0,-277.0,38.0,-776.0,157.0
-88.0,,113.0,626.0,-121.0,536.0,-266.0,-68.0,-756.0,251.0
-87.0,,236.0,616.0,-136.0,553.0,-242.0,-221.0,-773.0,298.0
-106.0,,308.0,626.0,-164.0,603.0,-232.0,-7.0,-790.0,344.0
-100.0,,405.0,671.0,-184.0,657.0,-183.0,-225.0,-808.0,415.0
-44.0,,451.0,743.0,-176.0,678.0,-119.0,216.0,-823.0,499.0
2.0,,457.0,794.0,-107.0,686.0,-98.0,3.0,-799.0,602.0
18.0,,433.0,829.0,-4.0,688.0,-102.0,-75.0,-743.0,726.0
19.0,,382.0,830.0,100.0,676.0,-112.0,-42.0,-664.0,824.0
30.0,,318.0,830.0,170.0,744.0,-127.0,-227.0,-584.0,866.0
14.0,,203.0,815.0,184.0,788.0,-141.0,33.0,-486.0,849.0
-40.0,,161.0,743.0,162.0,745.0,-144.0,-299.0,-394.0,785.0
-100.0,,59.0,633.0,116.0,742.0,-133.0,-29.0,-309.0,683.0
-166.0,,-49.0,539.0,74.0,800.0,-126.0,-12.0,-219.0,568.0
-234.0,,-95.0,463.0,57.0,816.0,-114.0,-48.0,-151.0,452.0
-281.0,,-172.0,384.0,50.0,753.0,-110.0,62.0,-90.0,350.0
-310.0,,-236.0,325.0,35.0,778.0,-123.0,-312.0,-52.0,290.0
-369.0,,-289.0,294.0,22.0,918.0,-157.0,0.0,-24.0,227.0
-420.0,,-293.0,269.0,15.0,943.0,-171.0,-190.0,0.0,175.0
-439.0,,-349.0,250.0,22.0,858.0,-136.0,-53.0,1.0,145.0
-449.0,,-362.0,283.0,39.0,855.0,-123.0,20.0,-10.0,110.0
-475.0,,-320.0,332.0,41.0,918.0,-92.0,-144.0,-39.0,101.0
-515.0,,-307.0,380.0,20.0,933.0,-34.0,120.0,-66.0,90.0
-514.0,,-236.0,446.0,-16.0,902.0,21.0,-240.0,-83.0,82.0
-477.0,,-169.0,491.0,-44.0,893.0,70.0,-22.0,-81.0,113.0
-442.0,,-131.0,539.0,-64.0,883.0,90.0,-157.0,-66.0,166.0
-419.0,,-58.0,591.0,-87.0,875.0,112.0,-134.0,-30.0,236.0
-388.0,,-5.0,618.0,-111.0,900.0,112.0,125.0,5.0,322.0
-337.0,,4.0,633.0,-134.0,884.0,134.0,-73.0,20.0,419.0
-292.0,,8.0,676.0,-167.0,873.0,131.0,247.0,15.0,516.0
-306.0,,26.0,705.0,-221.0,887.0,71.0,-35.0,-21.0,602.0
-329.0,,21.0,681.0,-274.0,840.0,69.0,118.0,-65.0,673.0
-316.0,,-12.0,660.0,-304.0,832.0,65.0,75.0,-132.0,752.0
-330.0,,10.0,615.0,-287.0,868.0,31.0,-145.0,-210.0,806.0
-362.0,,-42.0,536.0,-222.0,878.0,-9.0,157.0,-275.0,816.0
-369.0,,-53.0,453.0,-127.0,868.0,-48.0,-88.0,-324.0,808.0
-367.0,,-83.0,367.0,9.0,811.0,-51.0,186.0,-339.0,753.0
-387.0,,-215.0,322.0,176.0,830.0,-74.0,-64.0,-316.0,659.0
-408.0,,-252.0,290.0,333.0,870.0,-125.0,-64.0,-259.0,550.0
-402.0,,-390.0,238.0,419.0,838.0,-134.0,175.0,-173.0,441.0
-395.0,,-516.0,208.0,420.0,845.0,-121.0,-46.0,-84.0,346.0
-413.0,,-611.0,242.0,373.0,834.0,-130.0,253.0,13.0,283.0
-391.0,,-737.0,317.0,309.0,805.0,-106.0,-94.0,108.0,237.0
-315.0,,-810.0,388.0,263.0,786.0,-75.0,81.0,181.0,221.0
-258.0,,-886.0,457.0,241.0,759.0,-62.0,112.0,254.0,234.0
-210.0,,-895.0,511.0,219.0,750.0,-7.0,18.0,313.0,229.0
-147.0,,-893.0,548.0,193.0,721.0,26.0,269.0,401.0,219.0
-87.0,,-856.0,580.0,178.0,659.0,6.0,-96.0,509.0,161.0
-21.0,,-780.0,609.0,164.0,651.0,-18.0,179.0,613.0,42.0
50.0,,-727.0,641.0,126.0,667.0,-34.0,18.0,735.0,-131.0
82.0,,-640.0,652.0,57.0,627.0,-59.0,181.0,829.0,-370.0
101.0,,-560.0,641.0,-41.0,589.0,-109.0,332.0,870.0,-641.0
153.0,,-497.0,628.0,-160.0,544.0,-117.0,-7.0,853.0,-915.0
184.0,,-460.0,597.0,-267.0,561.0,-90.0,280.0,783.0,-1160.0
150.0,,-412.0,524.0,-332.0,613.0,-104.0,-5.0,670.0,-1364.0
84.0,,-402.0,419.0,-357.0,577.0,-100.0,145.0,562.0,-1494.0
42.0,,-432.0,321.0,-333.0,508.0,-80.0,11.0,471.0,-1544.0
5.0,,-415.0,235.0,-259.0,515.0,-83.0,-107.0,413.0,-1541.0
-71.0,,-457.0,150.0,-168.0,571.0,-93.0,121.0,403.0,-1490.0
-174.0,,-508.0,80.0,-88.0,569.0,-91.0,-181.0,412.0,-1398.0
-264.0,,-474.0,43.0,-32.0,572.0,-70.0,92.0,426.0,-1278.0
-323.0,,-508.0,52.0,20.0,586.0,-59.0,-171.0,446.0,-1133.0
-385.0,,-533.0,93.0,79.0,619.0,-49.0,-31.0,467.0,-975.0
-464.0,,-485.0,158.0,159.0,622.0,-17.0,157.0,472.0,-793.0
-518.0,,-502.0,243.0,249.0,556.0,42.0,1.0,483.0,-582.0
-540.0,,-487.0,310.0,315.0,532.0,109.0,323.0,496.0,-366.0
-568.0,,-478.0,366.0,348.0,559.0,152.0,-11.0,502.0,-134.0
-614.0,,-506.0,400.0,336.0,592.0,199.0,160.0,514.0,70.0
-631.0,,-527.0,415.0,279.0,569.0,238.0,12.0,517.0,219.0
-630.0,,-545.0,387.0,198.0,523.0,266.0,-55.0,493.0,330.0
-644.0,,-544.0,309.0,149.0,513.0,305.0,92.0,471.0,403.0
-669.0,,-556.0,229.0,178.0,529.0,308.0,-160.0,450.0,458.0
-698.0,,-532.0,106.0,280.0,505.0,306.0,251.0,407.0,528.0
-671.0,,-552.0,-24.0,408.0,480.0,324.0,12.0,360.0,570.0
-612.0,,-549.0,-136.0,479.0,505.0,336.0,142.0,301.0,558.0
-566.0,,-550.0,-256.0,461.0,542.0,327.0,103.0,233.0,531.0
-516.0,,-592.0,-362.0,369.0,534.0,306.0,-157.0,157.0,449.0
-461.0,,-599.0,-425.0,241.0,473.0,291.0,97.0,74.0,312.0
-413.0,,-646.0,-432.0,125.0,525.0,260.0,-188.0,3.0,155.0
-411.0,,-675.0,-404.0,44.0,566.0,222.0,145.0,-74.0,-27.0
-451.0,,-675.0,-325.0,11.0,529.0,232.0,53.0,-149.0,-228.0
-476.0,,-669.0,-230.0,12.0,501.0,255.0,86.0,-207.0,-430.0
-501.0,,-639.0,-152.0,-7.0,475.0,239.0,214.0,-264.0,-625.0
-556.0,,-582.0,-63.0,-74.0,504.0,236.0,-79.0,-305.0,-803.0
-606.0,,-513.0,51.0,-188.0,496.0,254.0,179.0,-345.0,-949.0
-630.0,,-435.0,169.0,-319.0,465.0,255.0,-149.0,-387.0,-1064.0
-630.0,,-351.0,289.0,-416.0,451.0,225.0,29.0,-406.0,-1131.0
-633.0,,-265.0,434.0,-443.0,446.0,225.0,25.0,-415.0,-1102.0
-658.0,,-169.0,559.0,-392.0,482.0,224.0,-20.0,-392.0,-982.0
-644.0,,-97.0,637.0,-284.0,446.0,171.0,291.0,-361.0,-793.0
-604.0,,-37.0,653.0,-168.0,419.0,129.0,-88.0,-324.0,-534.0
-614.0,,33.0,636.0,-87.0,406.0,92.0,92.0,-268.0,-262.0
-658.0,,70.0,624.0,-61.0,329.0,87.0,-140.0,-220.0,-10.0
-688.0,,94.0,608.0,-80.0,338.0,86.0,-44.0,-183.0,205.0
-714.0,,120.0,564.0,-126.0,362.0,83.0,105.0,-170.0,332.0
-758.0,,108.0,511.0,-200.0,334.0,85.0,-169.0,-163.0,371.0
-796.0,,116.0,502.0,-278.0,281.0,82.0,147.0,-175.0,333.0
-803.0,,98.0,514.0,-320.0,235.0,71.0,-81.0,-208.0,244.0
-807.0,,41.0,542.0,-338.0,308.0,43.0,205.0,-240.0,130.0
-829.0,,63.0,581.0,-348.0,357.0,25.0,197.0,-276.0,30.0
-841.0,,27.0,636.0,-344.0,281.0,-20.0,142.0,-322.0,-54.0
-814.0,,-24.0,679.0,-333.0,215.0,-36.0,410.0,-361.0,-128.0
-816.0,,14.0,692.0,-320.0,234.0,-23.0,60.0,-384.0,-161.0
-863.0,,-15.0,731.0,-316.0,246.0,0.0,304.0,-403.0,-182.0
-896.0,,-19.0,779.0,-330.0,196.0,40.0,83.0,-418.0,-171.0
-938.0,,31.0,828.0,-349.0,139.0,67.0,149.0,-417.0,-142.0
-973.0,,28.0,860.0,-350.0,131.0,109.0,234.0,-384.0,-127.0
-986.0,,53.0,834.0,-318.0,184.0,141.0,66.0,-327.0,-104.0
-1015.0,,88.0,763.0,-236.0,169.0,177.0,360.0,-273.0,-97.0
-1008.0,,61.0,683.0,-115.0,117.0,206.0,-14.0,-214.0,-94.0
-978.0,,37.0,592.0,22.0,65.0,220.0,218.0,-149.0,-112.0
-971.0,,20.0,478.0,153.0,79.0,227.0,160.0,-88.0,-145.0
-938.0,,-53.0,367.0,258.0,138.0,214.0,133.0,-23.0,-170.0
-898.0,,-117.0,276.0,328.0,55.0,185.0,356.0,28.0,-196.0
-859.0,,-173.0,214.0,352.0,34.0,133.0,55.0,84.0,-248.0
-809.0,,-255.0,171.0,362.0,76.0,98.0,406.0,137.0,-310.0
-763.0,,-292.0,159.0,366.0,73.0,80.0,194.0,159.0,-349.0
-729.0,,-326.0,170.0,350.0,79.0,54.0,323.0,169.0,-378.0
-680.0,,-359.0,162.0,294.0,65.0,28.0,352.0,157.0,-334.0
-624.0,,-342.0,163.0,184.0,85.0,31.0,118.0,118.0,-205.0
-587.0,,-343.0,218.0,42.0,110.0,37.0,347.0,61.0,-5.0
-554.0,,-307.0,288.0,-110.0,66.0,30.0,9.0,-1.0,286.0
-518.0,,-288.0,349.0,-248.0,46.0,35.0,367.0,-60.0,609.0
-470.0,,-280.0,403.0,-361.0,100.0,40.0,301.0,-97.0,938.0
-441.0,,-254.0,413.0,-432.0,101.0,68.0,290.0,-97.0,1220.0
-407.0,,-277.0,406.0,-456.0,88.0,88.0,502.0,-62.0,1406.0
-359.0,,-282.0,394.0,-444.0,71.0,93.0,179.0,9.0,1470.0
-343.0,,-294.0,355.0,-395.0,48.0,85.0,426.0,105.0,1385.0
-346.0,,-305.0,307.0,-339.0,81.0,65.0,155.0,204.0,1209.0
-332.0,,-319.0,287.0,-281.0,91.0,66.0,317.0,291.0,956.0
-300.0,,-290.0,328.0,-223.0,118.0,77.0,321.0,337.0,662.0
-297.0,,-283.0,414.0,-166.0,154.0,65.0,188.0,355.0,398.0
-290.0,,-255.0,505.0,-99.0,169.0,51.0,478.0,345.0,179.0
-270.0,,-183.0,595.0,-24.0,123.0,62.0,142.0,295.0,58.0
-242.0,,-181.0,677.0,56.0,67.0,38.0,376.0,227.0,27.0
-215.0,,-97.0,788.0,120.0,160.0,0.0,147.0,135.0,50.0
-210.0,,-53.0,913.0,156.0,212.0,-20.0,188.0,40.0,159.0
-184.0,,0.0,965.0,186.0,181.0,-39.0,426.0,-65.0,330.0
-151.0,,61.0,984.0,226.0,184.0,-48.0,197.0,-171.0,507.0
-121.0,,72.0,948.0,277.0,196.0,-44.0,515.0,-242.0,650.0
-104.0,,125.0,824.0,319.0,236.0,-23.0,256.0,-288.0,727.0
-78.0,,120.0,660.0,335.0,242.0,-31.0,430.0,-282.0,717.0
-9.0,,117.0,474.0,326.0,222.0,-31.0,308.0,-235.0,610.0
47.0,,102.0,328.0,278.0,247.0,0.0,116.0,-149.0,416.0
100.0,,57.0,214.0,172.0,271.0,4.0,367.0,-43.0,124.0
169.0,,1.0,96.0,22.0,215.0,8.0,134.0,63.0,-198.0
243.0,,-104.0,-33.0,-122.0,164.0,-1.0,485.0,169.0,-499.0
301.0,,-196.0,-127.0,-224.0,262.0,-11.0,282.0,252.0,-763.0
336.0,,-289.0,-137.0,-260.0,333.0,-10.0,375.0,317.0,-934.0
375.0,,-388.0,-83.0,-237.0,315.0,-38.0,441.0,371.0,-1012.0
429.0,,-420.0,-33.0,-196.0,356.0,-69.0,160.0,412.0,-999.0
476.0,,-497.0,-3.0,-162.0,394.0,-85.0,511.0,423.0,-927.0
472.0,,-551.0,38.0,-149.0,422.0,-90.0,284.0,416.0,-815.0
470.0,,-574.0,73.0,-142.0,429.0,-92.0,559.0,370.0,-689.0
504.0,,-623.0,116.0,-111.0,401.0,-100.0,436.0,284.0,-558.0
512.0,,-617.0,155.0,-65.0,424.0,-121.0,314.0,188.0,-441.0
479.0,,-649.0,177.0,2.0,435.0,-141.0,497.0,83.0,-355.0
454.0,,-633.0,180.0,83.0,374.0,-151.0,168.0,-9.0,-236.0
429.0,,-650.0,161.0,160.0,321.0,-158.0,458.0,-93.0,-149.0
370.0,,-657.0,159.0,227.0,382.0,-138.0,175.0,-163.0,-86.0
276.0,,-607.0,173.0,266.0,455.0,-118.0,295.0,-213.0,-26.0
194.0,,-601.0,216.0,262.0,421.0,-146.0,349.0,-260.0,-9.0
127.0,,-527.0,254.0,203.0,330.0,-191.0,121.0,-300.0,-1.0
38.0,,-454.0,290.0,111.0,309.0,-221.0,386.0,-296.0,-13.0
-21.0,,-326.0,357.0,19.0,354.0,-235.0,81.0,-262.0,-27.0
-66.0,,-199.0,397.0,-61.0,334.0,-252.0,410.0,-244.0,-54.0
-111.0,,-100.0,390.0,-122.0,315.0,-261.0,273.0,-211.0,-93.0
-159.0,,57.0,359.0,-138.0,290.0,-244.0,201.0,-184.0,-142.0
-224.0,,158.0,320.0,-106.0,286.0,-237.0,341.0,-174.0,-241.0
-257.0,,263.0,271.0,-55.0,268.0,-227.0,59.0,-140.0,-382.0
-277.0,,378.0,234.0,-7.0,187.0,-210.0,393.0,-107.0,-549.0
-308.0,,421.0,199.0,34.0,202.0,-204.0,84.0,-67.0,-721.0
-301.0,,488.0,134.0,64.0,233.0,-192.0,186.0,-21.0,-866.0
-270.0,,523.0,51.0,80.0,196.0,-224.0,142.0,28.0,-955.0
-272.0,,500.0,-48.0,93.0,128.0,-235.0,-9.0,96.0,-992.0
-272.0,,487.0,-109.0,98.0,83.0,-202.0,264.0,146.0,-968.0
-253.0,,442.0,-83.0,101.0,84.0,-200.0,-68.0,183.0,-899.0
-256.0,,385.0,9.0,99.0,55.0,-209.0,221.0,209.0,-797.0
-272.0,,331.0,168.0,71.0,-15.0,-222.0,24.0,234.0,-674.0
-261.0,,283.0,393.0,31.0,-22.0,-221.0,33.0,228.0,-548.0
-192.0,,245.0,629.0,-20.0,-6.0,-235.0,214.0,197.0,-432.0
-115.0,,236.0,860.0,-86.0,-59.0,-266.0,-9.0,146.0,-350.0
-32.0,,226.0,1069.0,-139.0,-100.0,-290.0,297.0,63.0,-296.0
91.0,,226.0,1233.0,-158.0,-117.0,-294.0,-25.0,-24.0,-273.0
220.0,,272.0,1376.0,-141.0,-131.0,-270.0,168.0,-114.0,-236.0
315.0,,285.0,1467.0,-90.0,-165.0,-282.0,127.0,-176.0,-179.0
371.0,,324.0,1504.0,-18.0,-251.0,-295.0,3.0,-219.0,-135.0
418.0,,377.0,1485.0,42.0,-316.0,-252.0,271.0,-247.0,-66.0
469.0,,403.0,1389.0,101.0,-311.0,-216.0,-18.0,-252.0,13.0
529.0,,444.0,1231.0,176.0,-259.0,-208.0,384.0,-251.0,87.0
555.0,,488.0,1032.0,258.0,-277.0,-180.0,216.0,-244.0,179.0
535.0,,511.0,851.0,341.0,-329.0,-130.0,219.0,-240.0,239.0
568.0,,504.0,711.0,409.0,-300.0,-127.0,301.0,-237.0,230.0
586.0,,521.0,588.0,450.0,-298.0,-151.0,90.0,-242.0,171.0
563.0,,504.0,470.0,460.0,-347.0,-169.0,502.0,-252.0,57.0
545.0,,453.0,396.0,445.0,-387.0,-181.0,277.0,-262.0,-111.0
512.0,,413.0,447.0,418.0,-352.0,-183.0,572.0,-269.0,-293.0
497.0,,346.0,590.0,367.0,-365.0,-202.0,548.0,-280.0,-455.0
450.0,,262.0,740.0,304.0,-430.0,-207.0,489.0,-286.0,-568.0
380.0,,186.0,896.0,255.0,-418.0,-223.0,718.0,-283.0,-612.0
342.0,,122.0,1052.0,213.0,-442.0,-243.0,376.0,-287.0,-616.0
327.0,,62.0,1192.0,178.0,-477.0,-212.0,598.0,-284.0,-595.0
337.0,,35.0,1262.0,138.0,-573.0,-193.0,256.0,-300.0,-550.0
363.0,,-3.0,1276.0,83.0,-617.0,-222.0,310.0,-340.0,-484.0
419.0,,-37.0,1293.0,18.0,-538.0,-270.0,317.0,-396.0,-420.0
483.0,,-36.0,1255.0,-47.0,-502.0,-275.0,131.0,-489.0,-327.0
516.0,,-73.0,1183.0,-125.0,-551.0,-272.0,437.0,-599.0,-177.0
511.0,,-64.0,1133.0,-232.0,-607.0,-300.0,94.0,-718.0,9.0
522.0,,-66.0,1048.0,-365.0,-553.0,-329.0,384.0,-813.0,222.0
547.0,,-97.0,931.0,-488.0,-532.0,-341.0,273.0,-855.0,415.0
525.0,,-58.0,848.0,-540.0,-559.0,-366.0,249.0,-872.0,562.0
522.0,,-84.0,795.0,-521.0,-588.0,-399.0,410.0,-844.0,633.0
567.0,,-71.0,758.0,-457.0,-563.0,-392.0,175.0,-779.0,631.0
598.0,,-51.0,725.0,-365.0,-511.0,-393.0,604.0,-695.0,533.0
608.0,,-99.0,686.0,-282.0,-585.0,-374.0,380.0,-600.0,380.0
605.0,,-95.0,656.0,-206.0,-664.0,-346.0,576.0,-514.0,220.0
582.0,,-151.0,622.0,-147.0,-696.0,-324.0,545.0,-423.0,23.0
558.0,,-235.0,588.0,-117.0,-696.0,-271.0,319.0,-330.0,-158.0
510.0,,-303.0,587.0,-103.0,-710.0,-227.0,591.0,-240.0,-325.0
454.0,,-376.0,612.0,-90.0,-742.0,-189.0,271.0,-141.0,-506.0
445.0,,-445.0,662.0,-70.0,-776.0,-160.0,569.0,-33.0,-683.0
452.0,,-488.0,755.0,-46.0,-767.0,-139.0,415.0,87.0,-861.0
442.0,,-519.0,854.0,-13.0,-747.0,-137.0,367.0,207.0,-1011.0
421.0,,-533.0,955.0,15.0,-780.0,-171.0,476.0,319.0,-1070.0
419.0,,-533.0,1093.0,29.0,-745.0,-222.0,260.0,430.0,-1056.0
453.0,,-549.0,1233.0,30.0,-720.0,-246.0,657.0,528.0,-1013.0
454.0,,-559.0,1322.0,54.0,-753.0,-254.0,504.0,624.0,-908.0
418.0,,-581.0,1385.0,102.0,-769.0,-293.0,764.0,706.0,-757.0
426.0,,-615.0,1423.0,153.0,-751.0,-314.0,735.0,771.0,-628.0
436.0,,-651.0,1413.0,192.0,-731.0,-312.0,578.0,831.0,-545.0
415.0,,-656.0,1390.0,196.0,-762.0,-309.0,792.0,859.0,-499.0
389.0,,-676.0,1344.0,157.0,-783.0,-321.0,450.0,860.0,-495.0
398.0,,-647.0,1280.0,81.0,-774.0,-326.0,711.0,828.0,-527.0
429.0,,-598.0,1210.0,0.0,-738.0,-324.0,460.0,751.0,-572.0
443.0,,-534.0,1117.0,-72.0,-747.0,-335.0,460.0,625.0,-599.0
450.0,,-417.0,1025.0,-140.0,-802.0,-336.0,567.0,464.0,-584.0
463.0,,-349.0,951.0,-197.0,-780.0,-374.0,336.0,300.0,-499.0
482.0,,-230.0,889.0,-232.0,-717.0,-419.0,670.0,136.0,-356.0
458.0,,-141.0,810.0,-233.0,-734.0,-426.0,352.0,-8.0,-193.0
390.0,,-37.0,694.0,-236.0,-788.0,-419.0,561.0,-121.0,-7.0
311.0,,76.0,599.0,-245.0,-772.0,-433.0,535.0,-174.0,164.0
241.0,,146.0,534.0,-242.0,-739.0,-457.0,489.0,-181.0,281.0
145.0,,287.0,437.0,-215.0,-755.0,-451.0,755.0,-143.0,317.0
9.0,,354.0,326.0,-155.0,-804.0,-447.0,408.0,-53.0,283.0
-89.0,,437.0,215.0,-77.0,-807.0,-467.0,670.0,61.0,194.0
-144.0,,544.0,100.0,-4.0,-776.0,-501.0,421.0,168.0,59.0
-171.0,,552.0,-5.0,42.0,-799.0,-507.0,487.0,244.0,-82.0
-188.0,,575.0,-93.0,63.0,-854.0,-481.0,522.0,292.0,-187.0
-182.0,,561.0,-153.0,63.0,-909.0,-458.0,277.0,284.0,-243.0
-135.0,,491.0,-190.0,40.0,-869.0,-430.0,611.0,226.0,-264.0
-63.0,,426.0,-194.0,13.0,-809.0,-391.0,315.0,133.0,-229.0
18.0,,336.0,-148.0,14.0,-824.0,-360.0,539.0,7.0,-168.0
104.0,,246.0,-69.0,39.0,-845.0,-352.0,413.0,-109.0,-115.0
217.0,,175.0,0.0,67.0,-845.0,-342.0,391.0,-198.0,-67.0
316.0,,87.0,79.0,78.0,-828.0,-306.0,678.0,-223.0,-33.0
398.0,,-7.0,195.0,84.0,-828.0,-300.0,436.0,-198.0,-41.0
489.0,,-65.0,297.0,97.0,-800.0,-304.0,716.0,-135.0,-88.0
582.0,,-113.0,366.0,99.0,-747.0,-235.0,356.0,-55.0,-162.0
652.0,,-178.0,398.0,89.0,-771.0,-165.0,406.0,14.0,-284.0
690.0,,-208.0,415.0,70.0,-885.0,-154.0,426.0,88.0,-420.0
716.0,,-219.0,461.0,60.0,-914.0,-160.0,242.0,168.0,-576.0
758.0,,-229.0,493.0,49.0,-845.0,-155.0,498.0,242.0,-736.0
817.0,,-236.0,505.0,41.0,-851.0,-144.0,147.0,309.0,-865.0
844.0,,-202.0,547.0,73.0,-924.0,-162.0,369.0,372.0,-960.0
850.0,,-147.0,577.0,124.0,-957.0,-201.0,221.0,430.0,-988.0
854.0,,-140.0,619.0,148.0,-854.0,-202.0,280.0,469.0,-976.0
849.0,,-106.0,694.0,130.0,-775.0,-194.0,458.0,466.0,-918.0
806.0,,-65.0,735.0,92.0,-845.0,-223.0,127.0,419.0,-826.0
725.0,,-66.0,740.0,57.0,-876.0,-243.0,402.0,332.0,-727.0
670.0,,-32.0,699.0,47.0,-778.0,-232.0,109.0,230.0,-629.0
623.0,,-6.0,629.0,58.0,-698.0,-202.0,256.0,114.0,-542.0
555.0,,-2.0,547.0,83.0,-727.0,-170.0,279.0,-28.0,-483.0
482.0,,35.0,413.0,112.0,-751.0,-144.0,118.0,-161.0,-475.0
423.0,,50.0,250.0,120.0,-679.0,-96.0,328.0,-275.0,-486.0
357.0,,52.0,153.0,93.0,-590.0,-30.0,-9.0,-400.0,-508.0
279.0,,117.0,123.0,38.0,-638.0,-34.0,236.0,-527.0,-514.0
225.0,,119.0,115.0,-10.0,-729.0,-99.0,16.0,-631.0,-468.0
201.0,,122.0,173.0,-44.0,-686.0,-124.0,79.0,-708.0,-372.0
216.0,,147.0,323.0,-75.0,-625.0,-133.0,301.0,-768.0,-231.0
239.0,,105.0,520.0,-109.0,-625.0,-141.0,94.0,-813.0,-88.0
285.0,,109.0,714.0,-145.0,-630.0,-151.0,399.0,-813.0,64.0
357.0,,65.0,909.0,-174.0,-613.0,-160.0,46.0,-777.0,213.0
425.0,,12.0,1114.0,-185.0,-588.0,-158.0,199.0,-724.0,323.0
482.0,,-45.0,1300.0,-185.0,-611.0,-179.0,123.0,-628.0,394.0
513.0,,-118.0,1455.0,-191.0,-613.0,-186.0,33.0,-516.0,459.0
559.0,,-181.0,1563.0,-192.0,-527.0,-174.0,306.0,-389.0,514.0
592.0,,-278.0,1586.0,-178.0,-501.0,-176.0,-22.0,-257.0,541.0
587.0,,-360.0,1552.0,-132.0,-584.0,-170.0,288.0,-151.0,590.0
600.0,,-455.0,1516.0,-43.0,-638.0,-172.0,35.0,-70.0,630.0
620.0,,-530.0,1425.0,64.0,-616.0,-177.0,109.0,-14.0,656.0
621.0,,-581.0,1294.0,161.0,-567.0,-157.0,245.0,21.0,688.0
605.0,,-635.0,1137.0,233.0,-596.0,-133.0,29.0,42.0,684.0
573.0,,-676.0,917.0,274.0,-674.0,-102.0,327.0,60.0,666.0
499.0,,-661.0,728.0,283.0,-681.0,-73.0,0.0,85.0,636.0
410.0,,-661.0,615.0,274.0,-634.0,-50.0,275.0,120.0,587.0
328.0,,-640.0,543.0,263.0,-628.0,-31.0,205.0,158.0,529.0
217.0,,-582.0,508.0,265.0,-701.0,-1.0,151.0,202.0,484.0
129.0,,-523.0,564.0,294.0,-720.0,51.0,384.0,244.0,441.0
104.0,,-433.0,679.0,339.0,-646.0,67.0,86.0,259.0,383.0
123.0,,-354.0,788.0,368.0,-584.0,70.0,382.0,281.0,303.0
174.0,,-234.0,903.0,365.0,-631.0,85.0,90.0,298.0,189.0
234.0,,-111.0,966.0,327.0,-693.0,83.0,186.0,314.0,50.0
297.0,,4.0,1019.0,252.0,-627.0,109.0,192.0,349.0,-123.0
388.0,,108.0,1079.0,158.0,-585.0,144.0,-35.0,357.0,-284.0
479.0,,212.0,1113.0,47.0,-628.0,185.0,245.0,370.0,-419.0
522.0,,308.0,1150.0,-61.0,-694.0,210.0,-81.0,385.0,-553.0
548.0,,355.0,1150.0,-132.0,-669.0,211.0,175.0,386.0,-621.0
582.0,,416.0,1127.0,-153.0,-615.0,217.0,49.0,374.0,-612.0
637.0,,418.0,1100.0,-117.0,-690.0,194.0,31.0,335.0,-545.0
648.0,,398.0,1055.0,-44.0,-733.0,167.0,140.0,282.0,-410.0
625.0,,394.0,986.0,33.0,-678.0,148.0,-238.0,218.0,-235.0
647.0,,323.0,897.0,110.0,-641.0,138.0,-12.0,150.0,-36.0
655.0,,304.0,836.0,170.0,-681.0,125.0,-303.0,92.0,166.0
645.0,,261.0,806.0,221.0,-703.0,120.0,-81.0,72.0,350.0
624.0,,174.0,823.0,255.0,-659.0,158.0,-11.0,68.0,483.0
612.0,,163.0,851.0,232.0,-660.0,186.0,-101.0,60.0,545.0
627.0,,115.0,831.0,168.0,-734.0,196.0,210.0,67.0,550.0
609.0,,103.0,772.0,85.0,-788.0,183.0,-110.0,92.0,499.0
560.0,,114.0,698.0,-4.0,-784.0,186.0,151.0,132.0,416.0
530.0,,102.0,629.0,-68.0,-776.0,236.0,-11.0,156.0,337.0
533.0,,93.0,540.0,-96.0,-801.0,263.0,-7.0,162.0,244.0
513.0,,92.0,427.0,-98.0,-843.0,268.0,46.0,160.0,145.0
471.0,,104.0,350.0,-100.0,-784.0,288.0,-275.0,138.0,76.0
446.0,,40.0,290.0,-115.0,-709.0,311.0,-36.0,86.0,41.0
462.0,,32.0,208.0,-129.0,-720.0,342.0,-382.0,18.0,37.0
466.0,,18.0,155.0,-131.0,-674.0,376.0,-203.0,-60.0,71.0
443.0,,-45.0,142.0,-122.0,-644.0,399.0,-269.0,-144.0,155.0
476.0,,-54.0,174.0,-91.0,-689.0,416.0,-347.0,-226.0,276.0
527.0,,-106.0,217.0,-38.0,-707.0,442.0,-84.0,-291.0,441.0
560.0,,-131.0,243.0,20.0,-696.0,484.0,-402.0,-337.0,595.0
573.0,,-140.0,280.0,68.0,-675.0,502.0,-105.0,-383.0,721.0
624.0,,-167.0,315.0,83.0,-692.0,523.0,-356.0,-403.0,822.0
714.0,,-175.0,377.0,63.0,-805.0,557.0,-327.0,-431.0,851.0
752.0,,-175.0,473.0,32.0,-874.0,580.0,-282.0,-479.0,842.0
725.0,,-165.0,574.0,15.0,-787.0,587.0,-487.0,-527.0,782.0
682.0,,-179.0,609.0,9.0,-715.0,564.0,-107.0,-611.0,673.0
665.0,,-155.0,557.0,17.0,-822.0,553.0,-347.0,-691.0,527.0
629.0,,-144.0,470.0,56.0,-945.0,550.0,-107.0,-761.0,335.0
551.0,,-126.0,372.0,107.0,-876.0,534.0,-279.0,-831.0,139.0
481.0,,-86.0,273.0,167.0,-781.0,530.0,-404.0,-878.0,-66.0
445.0,,-72.0,145.0,211.0,-843.0,537.0,-234.0,-916.0,-252.0
406.0,,-11.0,65.0,252.0,-990.0,529.0,-594.0,-929.0,-418.0
354.0,,38.0,63.0,293.0,-995.0,547.0,-319.0,-907.0,-546.0
311.0,,53.0,103.0,298.0,-857.0,588.0,-530.0,-881.0,-617.0
284.0,,69.0,183.0,268.0,-863.0,590.0,-419.0,-860.0,-644.0
264.0,,128.0,307.0,214.0,-984.0,615.0,-408.0,-812.0,-588.0
185.0,,147.0,501.0,163.0,-1028.0,665.0,-572.0,-737.0,-480.0
137.0,,136.0,684.0,138.0,-974.0,690.0,-315.0,-647.0,-329.0
178.0,,184.0,837.0,132.0,-924.0,714.0,-626.0,-540.0,-131.0
213.0,,198.0,941.0,122.0,-977.0,734.0,-349.0,-415.0,68.0
209.0,,210.0,967.0,93.0,-989.0,751.0,-522.0,-279.0,260.0
193.0,,240.0,979.0,55.0,-957.0,751.0,-537.0,-153.0,415.0
228.0,,262.0,931.0,-5.0,-987.0,723.0,-419.0,-31.0,557.0
229.0,,277.0,816.0,-76.0,-971.0,724.0,-748.0,92.0,692.0
156.0,,297.0,669.0,-141.0,-889.0,718.0,-469.0,207.0,796.0
115.0,,288.0,534.0,-192.0,-823.0,689.0,-757.0,339.0,881.0
118.0,,264.0,424.0,-198.0,-868.0,696.0,-602.0,472.0,939.0
115.0,,288.0,356.0,-172.0,-929.0,701.0,-687.0,585.0,966.0
86.0,,276.0,375.0,-133.0,-890.0,670.0,-835.0,700.0,971.0
90.0,,267.0,422.0,-84.0,-886.0,628.0,-618.0,803.0,957.0
134.0,,294.0,454.0,-64.0,-957.0,621.0,-970.0,869.0,927.0
192.0,,334.0,455.0,-76.0,-989.0,615.0,-670.0,926.0,873.0
203.0,,380.0,455.0,-95.0,-924.0,591.0,-907.0,976.0,807.0
167.0,,416.0,457.0,-132.0,-857.0,576.0,-857.0,1009.0,708.0
173.0,,459.0,420.0,-193.0,-868.0,562.0,-787.0,1033.0,561.0
187.0,,488.0,350.0,-257.0,-1003.0,589.0,-1027.0,1043.0,386.0
167.0,,535.0,311.0,-303.0,-1084.0,610.0,-652.0,1021.0,193.0
130.0,,518.0,332.0,-314.0,-941.0,620.0,-912.0,971.0,13.0
116.0,,517.0,355.0,-278.0,-858.0,638.0,-626.0,897.0,-157.0
110.0,,537.0,347.0,-224.0,-930.0,628.0,-691.0,807.0,-317.0
86.0,,468.0,338.0,-181.0,-970.0,603.0,-792.0,723.0,-436.0
81.0,,439.0,370.0,-131.0,-926.0,570.0,-652.0,625.0,-527.0
89.0,,359.0,411.0,-65.0,-914.0,556.0,-1032.0,523.0,-571.0
88.0,,284.0,441.0,-8.0,-939.0,527.0,-764.0,419.0,-572.0
65.0,,194.0,469.0,35.0,-936.0,502.0,-1029.0,310.0,-545.0
0.0,,60.0,516.0,66.0,-913.0,462.0,-927.0,208.0,-490.0
-55.0,,-58.0,564.0,90.0,-868.0,400.0,-916.0,114.0,-432.0
-85.0,,-202.0,574.0,117.0,-906.0,382.0,-1138.0,43.0,-371.0
-138.0,,-287.0,590.0,145.0,-965.0,342.0,-842.0,-4.0,-333.0
-189.0,,-376.0,616.0,181.0,-954.0,322.0,-1116.0,-35.0,-321.0
-191.0,,-412.0,631.0,213.0,-959.0,333.0,-837.0,-58.0,-351.0
-176.0,,-424.0,619.0,236.0,-1004.0,338.0,-977.0,-90.0,-440.0
-201.0,,-410.0,592.0,227.0,-1003.0,316.0,-955.0,-121.0,-557.0
-222.0,,-358.0,591.0,186.0,-981.0,281.0,-702.0,-160.0,-708.0
-207.0,,-341.0,610.0,148.0,-1036.0,274.0,-923.0,-231.0,-869.0
-181.0,,-280.0,618.0,100.0,-1050.0,278.0,-554.0,-322.0,-992.0
-167.0,,-233.0,602.0,42.0,-1017.0,253.0,-827.0,-414.0,-1082.0
-167.0,,-192.0,575.0,-25.0,-929.0,191.0,-726.0,-514.0,-1083.0
-151.0,,-165.0,487.0,-96.0,-893.0,190.0,-763.0,-623.0,-970.0
-127.0,,-177.0,351.0,-148.0,-987.0,201.0,-970.0,-737.0,-802.0
-131.0,,-169.0,231.0,-182.0,-949.0,167.0,-674.0,-833.0,-593.0
-167.0,,-191.0,122.0,-199.0,-843.0,164.0,-975.0,-903.0,-352.0
-188.0,,-260.0,48.0,-186.0,-804.0,170.0,-742.0,-952.0,-105.0
-175.0,,-287.0,15.0,-128.0,-827.0,182.0,-942.0,-974.0,113.0
-179.0,,-313.0,24.0,-46.0,-852.0,204.0,-936.0,-967.0,301.0
-203.0,,-365.0,103.0,25.0,-821.0,180.0,-692.0,-938.0,479.0
-193.0,,-369.0,213.0,64.0,-798.0,128.0,-820.0,-892.0,628.0
-162.0,,-354.0,325.0,64.0,-797.0,109.0,-402.0,-827.0,777.0
-169.0,,-330.0,449.0,41.0,-813.0,116.0,-655.0,-742.0,915.0
-171.0,,-274.0,524.0,-11.0,-756.0,134.0,-485.0,-635.0,1025.0
-149.0,,-220.0,532.0,-78.0,-648.0,137.0,-543.0,-527.0,1115.0
-111.0,,-164.0,519.0,-129.0,-696.0,137.0,-718.0,-433.0,1137.0
-53.0,,-86.0,482.0,-153.0,-781.0,163.0,-458.0,-352.0,1129.0
-24.0,,-35.0,439.0,-135.0,-705.0,191.0,-759.0,-276.0,1115.0
12.0,,-13.0,377.0,-69.0,-642.0,232.0,-432.0,-196.0,1079.0
63.0,,36.0,280.0,9.0,-669.0,271.0,-615.0,-138.0,1050.0
100.0,,66.0,205.0,85.0,-686.0,263.0,-598.0,-101.0,996.0
130.0,,48.0,138.0,148.0,-655.0,287.0,-458.0,-74.0,937.0
161.0,,50.0,44.0,197.0,-597.0,336.0,-606.0,-74.0,892.0
201.0,,19.0,-58.0,251.0,-523.0,334.0,-247.0,-100.0,823.0
220.0,,-22.0,-113.0,306.0,-466.0,311.0,-558.0,-114.0,758.0
216.0,,-58.0,-109.0,319.0,-461.0,291.0,-295.0,-106.0,685.0
212.0,,-121.0,-71.0,261.0,-394.0,281.0,-347.0,-75.0,612.0
229.0,,-172.0,13.0,164.0,-320.0,246.0,-474.0,-27.0,544.0
216.0,,-238.0,104.0,70.0,-317.0,203.0,-260.0,19.0,487.0
166.0,,-276.0,217.0,7.0,-317.0,204.0,-624.0,76.0,453.0
119.0,,-357.0,317.0,-22.0,-310.0,232.0,-352.0,110.0,427.0
66.0,,-429.0,327.0,-34.0,-313.0,271.0,-556.0,116.0,429.0
26.0,,-445.0,314.0,-35.0,-321.0,317.0,-445.0,100.0,439.0
-64.0,,-522.0,289.0,-25.0,-277.0,365.0,-351.0,80.0,455.0
-196.0,,-547.0,228.0,-5.0,-186.0,381.0,-613.0,48.0,451.0
-281.0,,-578.0,171.0,19.0,-160.0,383.0,-352.0,0.0,444.0
-361.0,,-638.0,138.0,45.0,-193.0,386.0,-676.0,-36.0,444.0
-479.0,,-658.0,131.0,55.0,-185.0,397.0,-441.0,-66.0,424.0
-584.0,,-660.0,144.0,55.0,-118.0,386.0,-493.0,-82.0,411.0
-629.0,,-668.0,138.0,38.0,-77.0,387.0,-517.0,-84.0,382.0
-664.0,,-661.0,163.0,-11.0,-137.0,475.0,-303.0,-85.0,355.0
-708.0,,-590.0,193.0,-80.0,-116.0,508.0,-641.0,-80.0,325.0
-741.0,,-581.0,185.0,-137.0,3.0,537.0,-421.0,-62.0,297.0
-742.0,,-538.0,228.0,-142.0,-2.0,608.0,-759.0,-24.0,281.0
-722.0,,-439.0,270.0,-94.0,-123.0,646.0,-694.0,12.0,248.0
-722.0,,-416.0,278.0,-11.0,-124.0,668.0,-633.0,60.0,201.0
-710.0,,-347.0,297.0,82.0,-7.0,640.0,-763.0,128.0,149.0
-693.0,,-272.0,281.0,155.0,0.0,617.0,-373.0,217.0,106.0
-670.0,,-232.0,235.0,199.0,-31.0,595.0,-604.0,327.0,53.0
-627.0,,-158.0,199.0,211.0,-50.0,571.0,-301.0,454.0,-9.0
-617.0,,-103.0,177.0,200.0,-41.0,550.0,-436.0,577.0,-68.0
-627.0,,-66.0,154.0,190.0,-52.0,517.0,-521.0,691.0,-124.0
-595.0,,-5.0,139.0,189.0,-92.0,492.0,-399.0,784.0,-159.0
-531.0,,57.0,170.0,188.0,-31.0,490.0,-715.0,850.0,-172.0
-489.0,,114.0,215.0,188.0,4.0,505.0,-349.0,900.0,-151.0
-474.0,,190.0,273.0,189.0,0.0,504.0,-543.0,907.0,-89.0
-450.0,,253.0,312.0,184.0,-25.0,522.0,-334.0,892.0,-11.0
-401.0,,315.0,279.0,177.0,-75.0,529.0,-279.0,850.0,91.0
-353.0,,372.0,243.0,145.0,-69.0,514.0,-419.0,791.0,190.0
-354.0,,404.0,242.0,90.0,-70.0,497.0,-112.0,720.0,276.0
-357.0,,470.0,251.0,18.0,-100.0,489.0,-419.0,611.0,362.0
-309.0,,505.0,266.0,-77.0,-93.0,492.0,-120.0,491.0,399.0
-262.0,,546.0,294.0,-156.0,-54.0,461.0,-291.0,347.0,417.0
-268.0,,575.0,373.0,-220.0,-54.0,433.0,-315.0,183.0,440.0
-282.0,,566.0,462.0,-273.0,-95.0,428.0,-138.0,0.0,456.0
-240.0,,597.0,495.0,-296.0,-54.0,395.0,-423.0,-198.0,496.0
-201.0,,565.0,503.0,-298.0,62.0,373.0,-101.0,-381.0,570.0
-202.0,,538.0,496.0,-276.0,77.0,381.0,-341.0,-538.0,678.0
-191.0,,543.0,466.0,-233.0,27.0,372.0,-101.0,-658.0,825.0
-153.0,,535.0,422.0,-178.0,27.0,356.0,42.0,-750.0,980.0
-98.0,,529.0,335.0,-130.0,70.0,347.0,-1.0,-808.0,1135.0
-93.0,,522.0,193.0,-89.0,41.0,344.0,271.0,-856.0,1284.0
-106.0,,524.0,17.0,-46.0,-60.0,306.0,-42.0,-909.0,1385.0
-80.0,,511.0,-156.0,4.0,-68.0,268.0,253.0,-931.0,1430.0
-88.0,,514.0,-295.0,50.0,32.0,275.0,59.0,-938.0,1420.0
-133.0,,505.0,-412.0,70.0,72.0,274.0,7.0,-941.0,1343.0
-177.0,,492.0,-471.0,80.0,45.0,248.0,77.0,-919.0,1193.0
-177.0,,504.0,-446.0,68.0,87.0,210.0,-219.0,-865.0,985.0
-185.0,,499.0,-408.0,29.0,139.0,152.0,59.0,-796.0,751.0
-248.0,,497.0,-332.0,-33.0,171.0,73.0,-282.0,-717.0,521.0
-279.0,,513.0,-169.0,-105.0,180.0,15.0,-164.0,-620.0,310.0
-282.0,,526.0,44.0,-160.0,166.0,-15.0,-175.0,-531.0,104.0
-313.0,,528.0,251.0,-195.0,161.0,-43.0,-199.0,-439.0,-63.0
-370.0,,562.0,436.0,-197.0,182.0,-63.0,107.0,-360.0,-193.0
-421.0,,595.0,621.0,-173.0,174.0,-59.0,-169.0,-294.0,-294.0
-443.0,,590.0,746.0,-137.0,106.0,-65.0,133.0,-236.0,-344.0
-453.0,,647.0,772.0,-105.0,127.0,-76.0,-60.0,-185.0,-336.0
-470.0,,666.0,803.0,-86.0,173.0,-54.0,7.0,-127.0,-288.0
-514.0,,674.0,820.0,-43.0,173.0,-55.0,138.0,-93.0,-201.0
-538.0,,729.0,750.0,16.0,184.0,-63.0,-48.0,-57.0,-87.0
-518.0,,727.0,640.0,70.0,246.0,-87.0,306.0,-29.0,9.0
-538.0,,733.0,494.0,110.0,268.0,-94.0,-1.0,-26.0,70.0
-576.0,,721.0,344.0,133.0,183.0,-96.0,173.0,-45.0,71.0
-563.0,,679.0,219.0,128.0,154.0,-138.0,81.0,-107.0,7.0
-529.0,,606.0,112.0,72.0,211.0,-138.0,-9.0,-189.0,-109.0
-529.0,,538.0,18.0,-25.0,260.0,-129.0,258.0,-294.0,-280.0
-558.0,,451.0,-92.0,-133.0,181.0,-122.0,48.0,-405.0,-449.0
-560.0,,336.0,-169.0,-217.0,97.0,-125.0,485.0,-492.0,-590.0
-533.0,,265.0,-206.0,-244.0,152.0,-123.0,369.0,-562.0,-717.0
-546.0,,126.0,-254.0,-225.0,174.0,-116.0,569.0,-609.0,-772.0
-595.0,,29.0,-331.0,-175.0,149.0,-149.0,689.0,-616.0,-747.0
-598.0,,-29.0,-376.0,-116.0,131.0,-143.0,456.0,-594.0,-677.0
-570.0,,-138.0,-344.0,-52.0,77.0,-129.0,750.0,-554.0,-537.0
-569.0,,-185.0,-265.0,23.0,52.0,-160.0,454.0,-505.0,-352.0
-616.0,,-231.0,-142.0,83.0,27.0,-172.0,720.0,-452.0,-156.0
-636.0,,-262.0,8.0,120.0,3.0,-155.0,613.0,-399.0,44.0
-567.0,,-262.0,154.0,129.0,12.0,-163.0,545.0,-352.0,207.0
-518.0,,-246.0,288.0,124.0,-3.0,-175.0,670.0,-311.0,331.0
-503.0,,-217.0,394.0,109.0,28.0,-151.0,356.0,-287.0,421.0
-453.0,,-174.0,463.0,86.0,32.0,-129.0,650.0,-251.0,486.0
-364.0,,-107.0,500.0,72.0,-35.0,-109.0,371.0,-201.0,527.0
-311.0,,-44.0,452.0,78.0,-128.0,-74.0,611.0,-132.0,539.0
-302.0,,7.0,371.0,112.0,-157.0,-31.0,722.0,-50.0,568.0
-273.0,,58.0,315.0,151.0,-129.0,-38.0,593.0,20.0,594.0
-239.0,,121.0,229.0,183.0,-166.0,-98.0,901.0,89.0,606.0
-200.0,,146.0,138.0,210.0,-169.0,-89.0,624.0,126.0,603.0
-196.0,,163.0,68.0,251.0,-233.0,-58.0,957.0,144.0,572.0
-200.0,,182.0,24.0,289.0,-296.0,-81.0,827.0,148.0,535.0
-168.0,,156.0,13.0,293.0,-311.0,-92.0,897.0,140.0,475.0
-167.0,,148.0,52.0,255.0,-369.0,-67.0,1077.0,139.0,417.0
-217.0,,148.0,144.0,162.0,-402.0,-32.0,763.0,121.0,381.0
-271.0,,87.0,217.0,42.0,-452.0,-42.0,1019.0,96.0,359.0
-252.0,,71.0,225.0,-73.0,-498.0,-51.0,620.0,51.0,360.0
-232.0,,51.0,224.0,-149.0,-533.0,-31.0,742.0,-25.0,366.0
-286.0,,-7.0,240.0,-177.0,-536.0,-58.0,733.0,-100.0,372.0
-316.0,,-8.0,234.0,-181.0,-584.0,-96.0,641.0,-170.0,372.0
-290.0,,-48.0,213.0,-177.0,-617.0,-103.0,982.0,-237.0,345.0
-265.0,,-84.0,186.0,-176.0,-598.0,-98.0,735.0,-276.0,282.0
-255.0,,-81.0,139.0,-188.0,-629.0,-123.0,1049.0,-282.0,189.0
-225.0,,-78.0,48.0,-212.0,-649.0,-124.0,866.0,-279.0,78.0
-154.0,,-85.0,-55.0,-235.0,-708.0,-111.0,931.0,-251.0,-14.0
-77.0,,-79.0,-102.0,-247.0,-674.0,-161.0,1019.0,-210.0,-111.0
-29.0,,-63.0,-110.0,-232.0,-590.0,-185.0,716.0,-174.0,-214.0
20.0,,-52.0,-89.0,-184.0,-638.0,-177.0,981.0,-141.0,-306.0
128.0,,-21.0,-3.0,-108.0,-699.0,-185.0,642.0,-113.0,-407.0
225.0,,-5.0,118.0,-38.0,-748.0,-211.0,862.0,-67.0,-511.0
226.0,,21.0,249.0,12.0,-695.0,-230.0,809.0,-38.0,-606.0
210.0,,27.0,378.0,65.0,-639.0,-223.0,687.0,-13.0,-657.0
244.0,,33.0,525.0,97.0,-711.0,-221.0,923.0,27.0,-651.0
272.0,,13.0,660.0,112.0,-721.0,-227.0,644.0,58.0,-578.0
212.0,,2.0,744.0,127.0,-710.0,-227.0,1014.0,100.0,-448.0
124.0,,28.0,816.0,130.0,-727.0,-227.0,870.0,141.0,-284.0
69.0,,0.0,861.0,123.0,-788.0,-237.0,1003.0,168.0,-104.0
16.0,,-15.0,894.0,100.0,-843.0,-239.0,1079.0,201.0,52.0
-58.0,,-27.0,913.0,63.0,-794.0,-255.0,862.0,241.0,179.0
-166.0,,-47.0,927.0,-11.0,-776.0,-254.0,1191.0,279.0,276.0
-251.0,,-68.0,931.0,-110.0,-778.0,-238.0,888.0,303.0,333.0
-304.0,,-60.0,861.0,-178.0,-814.0,-252.0,1165.0,332.0,344.0
-354.0,,-73.0,788.0,-188.0,-831.0,-268.0,1066.0,337.0,310.0
-413.0,,-83.0,725.0,-146.0,-788.0,-271.0,992.0,308.0,225.0
-441.0,,-26.0,638.0,-93.0,-732.0,-280.0,1175.0,270.0,112.0
-430.0,,-48.0,555.0,-51.0,-696.0,-319.0,818.0,203.0,-3.0
-443.0,,8.0,490.0,-20.0,-763.0,-330.0,1114.0,119.0,-147.0
-461.0,,63.0,470.0,-15.0,-792.0,-342.0,905.0,10.0,-276.0
-431.0,,88.0,484.0,-40.0,-796.0,-369.0,1130.0,-130.0,-358.0
-393.0,,171.0,484.0,-87.0,-774.0,-373.0,1225.0,-283.0,-436.0
-384.0,,198.0,469.0,-142.0,-699.0,-378.0,1051.0,-454.0,-512.0
-339.0,,271.0,447.0,-175.0,-630.0,-387.0,1328.0,-646.0,-561.0
-271.0,,277.0,413.0,-160.0,-561.0,-414.0,995.0,-827.0,-603.0
-231.0,,304.0,377.0,-115.0,-569.0,-416.0,1250.0,-968.0,-636.0
-190.0,,306.0,325.0,-84.0,-571.0,-441.0,1075.0,-1059.0,-624.0
-140.0,,262.0,261.0,-67.0,-570.0,-483.0,1075.0,-1094.0,-600.0
-108.0,,271.0,195.0,-59.0,-584.0,-483.0,1241.0,-1059.0,-542.0
-88.0,,190.0,121.0,-59.0,-573.0,-504.0,927.0,-944.0,-471.0
-58.0,,165.0,70.0,-42.0,-555.0,-520.0,1202.0,-789.0,-426.0
-58.0,,116.0,68.0,-9.0,-515.0,-520.0,920.0,-616.0,-372.0
-56.0,,65.0,65.0,24.0,-476.0,-521.0,1084.0,-419.0,-333.0
-31.0,,26.0,49.0,43.0,-457.0,-544.0,1056.0,-239.0,-283.0
-16.0,,-16.0,58.0,34.0,-394.0,-612.0,1003.0,-74.0,-241.0
-9.0,,-2.0,55.0,18.0,-299.0,-663.0,1343.0,77.0,-183.0
0.0,,-35.0,25.0,12.0,-294.0,-645.0,1073.0,196.0,-77.0
17.0,,-14.0,27.0,0.0,-256.0,-611.0,1383.0,278.0,52.0
13.0,,-4.0,65.0,-17.0,-232.0,-645.0,1154.0,331.0,231.0
12.0,,-6.0,87.0,-12.0,-274.0,-679.0,1156.0,346.0,420.0
8.0,,25.0,77.0,3.0,-279.0,-683.0,1228.0,318.0,649.0
8.0,,31.0,58.0,39.0,-315.0,-694.0,955.0,287.0,885.0
16.0,,38.0,40.0,90.0,-329.0,-698.0,1234.0,244.0,1061.0
4.0,,44.0,38.0,132.0,-313.0,-668.0,901.0,186.0,1174.0
6.0,,51.0,33.0,158.0,-279.0,-648.0,1073.0,138.0,1219.0
1.0,,39.0,0.0,162.0,-266.0,-659.0,958.0,73.0,1198.0
-13.0,,26.0,-55.0,162.0,-233.0,-639.0,883.0,-11.0,1094.0
-33.0,,20.0,-94.0,165.0,-143.0,-628.0,1160.0,-101.0,958.0
-60.0,,1.0,-100.0,153.0,-96.0,-627.0,883.0,-185.0,797.0
-87.0,,-22.0,-81.0,115.0,-128.0,-587.0,1197.0,-272.0,618.0
-125.0,,-42.0,-10.0,50.0,-198.0,-567.0,951.0,-338.0,448.0
-177.0,,-64.0,98.0,-42.0,-182.0,-579.0,1060.0,-369.0,291.0
-216.0,,-82.0,243.0,-151.0,-132.0,-612.0,1202.0,-384.0,168.0
-266.0,,-106.0,427.0,-238.0,-96.0,-637.0,1032.0,-374.0,78.0
-302.0,,-117.0,601.0,-269.0,-46.0,-634.0,1319.0,-364.0,15.0
-304.0,,-120.0,716.0,-248.0,-40.0,-651.0,958.0,-341.0,-28.0
-329.0,,-112.0,775.0,-180.0,-67.0,-658.0,1116.0,-295.0,-40.0
-324.0,,-78.0,809.0,-67.0,-53.0,-663.0,890.0,-242.0,-46.0
-306.0,,-73.0,811.0,36.0,10.0,-666.0,803.0,-176.0,-52.0
-284.0,,-24.0,793.0,104.0,89.0,-649.0,990.0,-106.0,-42.0
-283.0,,38.0,743.0,129.0,139.0,-646.0,700.0,-36.0,-35.0
-292.0,,55.0,659.0,109.0,178.0,-615.0,1060.0,25.0,-41.0
-265.0,,112.0,564.0,65.0,220.0,-615.0,783.0,75.0,-73.0
-277.0,,139.0,417.0,21.0,156.0,-638.0,866.0,97.0,-122.0
-289.0,,178.0,242.0,18.0,77.0,-625.0,868.0,103.0,-179.0
-304.0,,208.0,104.0,38.0,100.0,-619.0,724.0,96.0,-245.0
-318.0,,177.0,-7.0,64.0,217.0,-601.0,1084.0,78.0,-329.0
-307.0,,219.0,-83.0,92.0,298.0,-590.0,833.0,74.0,-428.0
-263.0,,219.0,-103.0,117.0,218.0,-584.0,1134.0,49.0,-503.0
-201.0,,200.0,-100.0,147.0,158.0,-601.0,933.0,25.0,-558.0
-164.0,,228.0,-48.0,152.0,193.0,-615.0,853.0,-11.0,-634.0
-98.0,,226.0,68.0,136.0,243.0,-556.0,953.0,-69.0,-706.0
-34.0,,248.0,219.0,127.0,236.0,-507.0,644.0,-128.0,-789.0
-4.0,,268.0,376.0,125.0,186.0,-477.0,949.0,-198.0,-867.0
-7.0,,280.0,511.0,123.0,212.0,-431.0,633.0,-239.0,-920.0
-31.0,,294.0,638.0,123.0,243.0,-381.0,794.0,-279.0,-994.0
-33.0,,335.0,740.0,148.0,172.0,-348.0,798.0,-330.0,-1031.0
-23.0,,360.0,818.0,196.0,128.0,-321.0,652.0,-364.0,-1024.0
-29.0,,362.0,882.0,240.0,143.0,-259.0,936.0,-390.0,-1012.0
-50.0,,400.0,934.0,252.0,118.0,-235.0,604.0,-398.0,-997.0
-50.0,,379.0,986.0,239.0,153.0,-261.0,825.0,-383.0,-962.0
-43.0,,353.0,1009.0,205.0,203.0,-233.0,583.0,-373.0,-911.0
-63.0,,340.0,1014.0,160.0,217.0,-199.0,572.0,-370.0,-849.0
-93.0,,307.0,987.0,125.0,164.0,-203.0,678.0,-352.0,-754.0
-93.0,,296.0,930.0,110.0,22.0,-180.0,448.0,-339.0,-666.0
-95.0,,280.0,882.0,110.0,60.0,-144.0,759.0,-322.0,-546.0
-117.0,,270.0,872.0,106.0,135.0,-118.0,369.0,-286.0,-384.0
-84.0,,245.0,901.0,92.0,133.0,-134.0,491.0,-230.0,-233.0
-24.0,,229.0,920.0,66.0,114.0,-154.0,404.0,-173.0,-89.0
2.0,,209.0,920.0,33.0,-20.0,-152.0,297.0,-128.0,32.0
18.0,,145.0,912.0,-9.0,-43.0,-185.0,539.0,-78.0,119.0
56.0,,110.0,876.0,-41.0,-6.0,-203.0,245.0,-43.0,141.0
77.0,,83.0,804.0,-66.0,-7.0,-197.0,521.0,-24.0,97.0
42.0,,-3.0,706.0,-117.0,-39.0,-212.0,245.0,-11.0,14.0
6.0,,-37.0,576.0,-185.0,-125.0,-245.0,304.0,-18.0,-98.0
-7.0,,-96.0,422.0,-277.0,-99.0,-263.0,336.0,-29.0,-215.0
-16.0,,-174.0,286.0,-362.0,0.0,-284.0,116.0,-33.0,-319.0
-66.0,,-184.0,175.0,-377.0,53.0,-312.0,408.0,-51.0,-379.0
-132.0,,-234.0,87.0,-344.0,-22.0,-340.0,118.0,-72.0,-405.0
-155.0,,-244.0,27.0,-308.0,-133.0,-345.0,393.0,-77.0,-420.0
-176.0,,-258.0,-9.0,-271.0,-158.0,-313.0,232.0,-95.0,-421.0
-206.0,,-249.0,-22.0,-245.0,-127.0,-312.0,136.0,-121.0,-412.0
-240.0,,-269.0,-2.0,-232.0,-115.0,-300.0,288.0,-153.0,-383.0
-237.0,,-287.0,54.0,-217.0,-152.0,-266.0,33.0,-206.0,-339.0
-220.0,,-250.0,110.0,-193.0,-191.0,-236.0,399.0,-252.0,-296.0
-234.0,,-299.0,196.0,-171.0,-259.0,-192.0,186.0,-296.0,-241.0
-224.0,,-255.0,320.0,-150.0,-210.0,-147.0,358.0,-346.0,-175.0
-181.0,,-274.0,442.0,-110.0,-106.0,-115.0,290.0,-383.0,-123.0
-135.0,,-313.0,557.0,-54.0,-81.0,-84.0,77.0,-388.0,-78.0
-98.0,,-298.0,674.0,-3.0,-116.0,-62.0,362.0,-360.0,-50.0
-36.0,,-395.0,799.0,28.0,-264.0,-59.0,59.0,-310.0,-38.0
43.0,,-424.0,903.0,40.0,-249.0,-46.0,384.0,-229.0,-9.0
123.0,,-479.0,975.0,48.0,-82.0,-34.0,219.0,-120.0,-7.0
211.0,,-565.0,1017.0,49.0,-57.0,-44.0,203.0,6.0,-28.0
285.0,,-614.0,1042.0,39.0,-144.0,-70.0,282.0,146.0,-59.0
365.0,,-692.0,1054.0,40.0,-169.0,-81.0,-68.0,306.0,-136.0
456.0,,-738.0,1051.0,54.0,-61.0,-49.0,194.0,453.0,-233.0
523.0,,-791.0,1062.0,75.0,-19.0,-10.0,-86.0,559.0,-318.0
579.0,,-819.0,1044.0,89.0,-48.0,-9.0,142.0,673.0,-371.0
648.0,,-806.0,989.0,81.0,-75.0,-15.0,94.0,783.0,-401.0
714.0,,-802.0,895.0,67.0,-82.0,-19.0,-11.0,867.0,-394.0
765.0,,-738.0,776.0,63.0,10.0,-17.0,219.0,965.0,-333.0
783.0,,-663.0,647.0,51.0,43.0,-9.0,-162.0,1049.0,-238.0
797.0,,-631.0,488.0,26.0,10.0,-34.0,107.0,1088.0,-97.0
832.0,,-525.0,333.0,-7.0,58.0,-36.0,-120.0,1105.0,32.0
831.0,,-442.0,167.0,-50.0,104.0,-3.0,-38.0,1082.0,134.0
797.0,,-377.0,-8.0,-87.0,119.0,42.0,99.0,1006.0,235.0
774.0,,-248.0,-150.0,-111.0,195.0,80.0,-60.0,915.0,297.0
742.0,,-180.0,-246.0,-112.0,300.0,90.0,279.0,813.0,332.0
672.0,,-101.0,-307.0,-93.0,275.0,112.0,-36.0,694.0,332.0
574.0,,-18.0,-330.0,-83.0,200.0,143.0,166.0,573.0,289.0
456.0,,15.0,-318.0,-84.0,233.0,154.0,22.0,453.0,220.0
339.0,,48.0,-294.0,-80.0,333.0,157.0,-38.0,342.0,134.0
195.0,,59.0,-243.0,-60.0,434.0,171.0,184.0,245.0,36.0
43.0,,62.0,-155.0,-31.0,434.0,154.0,-103.0,156.0,-52.0
-60.0,,25.0,-37.0,-6.0,387.0,121.0,267.0,79.0,-129.0
-158.0,,-11.0,81.0,5.0,433.0,114.0,70.0,24.0,-201.0
-238.0,,-41.0,187.0,5.0,512.0,134.0,206.0,-32.0,-233.0
-308.0,,-93.0,256.0,30.0,550.0,159.0,219.0,-100.0,-252.0
-377.0,,-157.0,288.0,75.0,547.0,151.0,-9.0,-164.0,-233.0
-430.0,,-201.0,329.0,99.0,531.0,176.0,286.0,-256.0,-166.0
-471.0,,-244.0,369.0,93.0,553.0,212.0,31.0,-363.0,-98.0
-483.0,,-285.0,382.0,48.0,567.0,227.0,332.0,-454.0,-11.0
-496.0,,-295.0,394.0,-15.0,566.0,222.0,214.0,-536.0,87.0
-498.0,,-319.0,439.0,-72.0,649.0,227.0,225.0,-598.0,168.0
-453.0,,-323.0,457.0,-104.0,659.0,270.0,373.0,-621.0,211.0
-411.0,,-328.0,425.0,-105.0,602.0,263.0,25.0,-612.0,199.0
-378.0,,-348.0,370.0,-78.0,623.0,261.0,295.0,-580.0,130.0
-324.0,,-343.0,305.0,-25.0,630.0,296.0,57.0,-527.0,26.0
-244.0,,-344.0,256.0,38.0,636.0,311.0,280.0,-461.0,-82.0
-182.0,,-349.0,225.0,99.0,632.0,286.0,319.0,-381.0,-202.0
-107.0,,-339.0,239.0,155.0,628.0,255.0,162.0,-291.0,-305.0
3.0,,-346.0,285.0,186.0,674.0,257.0,376.0,-195.0,-336.0
90.0,,-342.0,318.0,187.0,741.0,247.0,29.0,-102.0,-340.0
156.0,,-329.0,345.0,182.0,758.0,225.0,258.0,-24.0,-329.0
208.0,,-344.0,373.0,175.0,703.0,190.0,27.0,60.0,-278.0
254.0,,-348.0,370.0,166.0,708.0,176.0,68.0,139.0,-207.0
273.0,,-336.0,325.0,154.0,749.0,166.0,225.0,178.0,-112.0
284.0,,-349.0,245.0,142.0,745.0,146.0,12.0,202.0,-57.0
291.0,,-362.0,158.0,123.0,701.0,155.0,358.0,213.0,-34.0
287.0,,-372.0,74.0,83.0,686.0,161.0,53.0,187.0,-22.0
292.0,,-404.0,-6.0,35.0,699.0,190.0,214.0,147.0,-33.0
273.0,,-406.0,-38.0,-8.0,659.0,233.0,96.0,102.0,-55.0
242.0,,-432.0,-48.0,-41.0,661.0,246.0,-59.0,43.0,-78.0
175.0,,-438.0,-30.0,-52.0,651.0,270.0,144.0,-33.0,-77.0
102.0,,-417.0,31.0,-43.0,603.0,287.0,-123.0,-127.0,-49.0
24.0,,-418.0,107.0,-31.0,602.0,250.0,214.0,-210.0,8.0
-60.0,,-385.0,202.0,-24.0,606.0,204.0,-11.0,-286.0,101.0
-133.0,,-381.0,276.0,-18.0,619.0,172.0,103.0,-355.0,239.0
-235.0,,-340.0,319.0,-30.0,549.0,140.0,145.0,-393.0,402.0
-318.0,,-294.0,352.0,-66.0,460.0,117.0,-81.0,-404.0,568.0
-376.0,,-289.0,377.0,-129.0,442.0,138.0,205.0,-391.0,721.0
-416.0,,-241.0,376.0,-199.0,422.0,163.0,-121.0,-349.0,838.0
-462.0,,-230.0,373.0,-228.0,411.0,176.0,118.0,-288.0,924.0
-504.0,,-201.0,359.0,-227.0,439.0,218.0,-53.0,-221.0,943.0
-524.0,,-168.0,332.0,-208.0,435.0,238.0,-120.0,-138.0,867.0
-527.0,,-147.0,301.0,-161.0,358.0,199.0,51.0,-61.0,728.0
-502.0,,-112.0,246.0,-90.0,338.0,121.0,-229.0,7.0,555.0
-494.0,,-101.0,184.0,-14.0,328.0,57.0,84.0,65.0,340.0
-473.0,,-58.0,129.0,35.0,329.0,39.0,-221.0,98.0,93.0
-426.0,,-8.0,96.0,49.0,315.0,15.0,-77.0,108.0,-142.0
-363.0,,29.0,76.0,26.0,284.0,21.0,-33.0,70.0,-349.0
-298.0,,74.0,79.0,-27.0,269.0,44.0,-188.0,26.0,-535.0
-250.0,,118.0,100.0,-87.0,183.0,44.0,112.0,-26.0,-665.0
-180.0,,150.0,136.0,-102.0,191.0,72.0,-155.0,-90.0,-712.0
-117.0,,214.0,173.0,-71.0,240.0,71.0,103.0,-137.0,-697.0
-75.0,,268.0,139.0,-43.0,227.0,57.0,-88.0,-186.0,-625.0
-42.0,,279.0,51.0,-15.0,212.0,100.0,-131.0,-223.0,-505.0
-15.0,,336.0,-44.0,-3.0,200.0,130.0,-92.0,-250.0,-343.0
0.0,,360.0,-109.0,-13.0,178.0,110.0,-448.0,-265.0,-148.0
-3.0,,372.0,-162.0,-43.0,151.0,96.0,-221.0,-266.0,29.0
-9.0,,401.0,-199.0,-84.0,111.0,118.0,-532.0,-254.0,181.0
-8.0,,379.0,-216.0,-111.0,47.0,142.0,-306.0,-219.0,321.0
-17.0,,323.0,-213.0,-97.0,102.0,155.0,-293.0,-181.0,385.0
-30.0,,320.0,-161.0,-51.0,168.0,182.0,-443.0,-132.0,384.0
-7.0,,292.0,-97.0,-9.0,128.0,208.0,-242.0,-73.0,309.0
35.0,,243.0,-21.0,12.0,98.0,221.0,-609.0,-8.0,146.0
41.0,,281.0,48.0,18.0,141.0,203.0,-382.0,72.0,-17.0
43.0,,264.0,115.0,6.0,211.0,166.0,-576.0,140.0,-202.0
73.0,,302.0,196.0,-19.0,182.0,181.0,-509.0,197.0,-370.0
95.0,,355.0,249.0,-46.0,175.0,194.0,-397.0,249.0,-498.0
93.0,,372.0,252.0,-73.0,249.0,202.0,-622.0,284.0,-588.0
96.0,,439.0,229.0,-82.0,281.0,233.0,-319.0,306.0,-627.0
148.0,,447.0,205.0,-104.0,248.0,253.0,-665.0,342.0,-622.0
230.0,,461.0,197.0,-165.0,211.0,266.0,-489.0,378.0,-577.0
298.0,,443.0,233.0,-226.0,248.0,264.0,-554.0,395.0,-512.0
338.0,,408.0,239.0,-274.0,284.0,287.0,-654.0,392.0,-419.0
370.0,,382.0,209.0,-285.0,275.0,319.0,-345.0,369.0,-322.0
415.0,,316.0,204.0,-259.0,223.0,324.0,-559.0,332.0,-246.0
422.0,,258.0,200.0,-206.0,204.0,331.0,-256.0,262.0,-173.0
366.0,,178.0,247.0,-155.0,289.0,370.0,-484.0,192.0,-98.0
307.0,,94.0,311.0,-134.0,301.0,405.0,-465.0,117.0,-55.0
280.0,,1.0,338.0,-123.0,281.0,392.0,-434.0,44.0,-47.0
234.0,,-89.0,368.0,-125.0,309.0,361.0,-670.0,13.0,-83.0
139.0,,-196.0,400.0,-109.0,329.0,314.0,-402.0,-8.0,-144.0
93.0,,-290.0,435.0,-57.0,340.0,294.0,-639.0,0.0,-194.0
75.0,,-370.0,500.0,1.0,298.0,302.0,-317.0,39.0,-290.0
47.0,,-500.0,588.0,66.0,255.0,288.0,-349.0,103.0,-404.0
32.0,,-560.0,646.0,126.0,295.0,261.0,-349.0,174.0,-502.0
22.0,,-593.0,688.0,172.0,344.0,249.0,-121.0,232.0,-599.0
53.0,,-681.0,758.0,210.0,356.0,280.0,-388.0,297.0,-679.0
70.0,,-683.0,794.0,227.0,383.0,304.0,-70.0,330.0,-725.0
57.0,,-642.0,760.0,215.0,400.0,300.0,-325.0,323.0,-749.0
62.0,,-630.0,698.0,189.0,377.0,333.0,-236.0,282.0,-774.0
109.0,,-535.0,635.0,166.0,335.0,378.0,-242.0,210.0,-790.0
139.0,,-456.0,570.0,156.0,344.0,392.0,-388.0,120.0,-806.0
99.0,,-395.0,508.0,159.0,358.0,383.0,-25.0,11.0,-836.0
84.0,,-292.0,422.0,177.0,330.0,397.0,-308.0,-93.0,-855.0
91.0,,-242.0,321.0,202.0,297.0,444.0,-57.0,-171.0,-874.0
72.0,,-158.0,279.0,199.0,285.0,465.0,-256.0,-229.0,-891.0
11.0,,-100.0,295.0,164.0,352.0,455.0,-310.0,-285.0,-880.0
-57.0,,-52.0,325.0,105.0,383.0,455.0,-140.0,-331.0,-873.0
-93.0,,27.0,369.0,16.0,350.0,444.0,-378.0,-358.0,-864.0
-129.0,,35.0,432.0,-86.0,344.0,417.0,-14.0,-373.0,-831.0
-175.0,,78.0,477.0,-155.0,370.0,399.0,-273.0,-385.0,-772.0
-232.0,,91.0,501.0,-178.0,372.0,388.0,-125.0,-394.0,-692.0
-254.0,,65.0,525.0,-173.0,316.0,403.0,-149.0,-395.0,-592.0
-258.0,,68.0,539.0,-138.0,230.0,429.0,-225.0,-386.0,-497.0
-282.0,,-2.0,505.0,-116.0,191.0,415.0,92.0,-362.0,-427.0
-313.0,,-60.0,394.0,-113.0,202.0,340.0,-234.0,-316.0,-368.0
-325.0,,-111.0,240.0,-128.0,171.0,282.0,18.0,-242.0,-356.0
-330.0,,-202.0,63.0,-163.0,169.0,266.0,-229.0,-145.0,-361.0
-356.0,,-274.0,-111.0,-196.0,178.0,244.0,-184.0,-51.0,-373.0
-369.0,,-340.0,-235.0,-230.0,183.0,230.0,-55.0,47.0,-396.0
-373.0,,-397.0,-322.0,-244.0,240.0,185.0,-301.0,161.0,-428.0
-379.0,,-444.0,-392.0,-223.0,274.0,174.0,5.0,262.0,-476.0
-394.0,,-453.0,-411.0,-174.0,283.0,174.0,-336.0,356.0,-523.0
-419.0,,-455.0,-374.0,-117.0,267.0,138.0,-147.0,440.0,-596.0
-425.0,,-458.0,-318.0,-76.0,269.0,168.0,-303.0,509.0,-639.0
-409.0,,-444.0,-226.0,-53.0,294.0,223.0,-408.0,567.0,-680.0
-415.0,,-412.0,-107.0,-35.0,265.0,257.0,-114.0,598.0,-741.0
-457.0,,-388.0,-24.0,-5.0,247.0,239.0,-356.0,591.0,-743.0
-462.0,,-344.0,5.0,28.0,226.0,233.0,3.0,556.0,-679.0
-422.0,,-267.0,-12.0,53.0,196.0,249.0,-286.0,480.0,-573.0
-406.0,,-239.0,-60.0,74.0,202.0,230.0,-216.0,353.0,-413.0
-435.0,,-142.0,-121.0,92.0,160.0,236.0,-142.0,210.0,-204.0
-422.0,,-70.0,-189.0,78.0,120.0,243.0,-328.0,48.0,0.0
-355.0,,-44.0,-224.0,19.0,141.0,242.0,60.0,-106.0,180.0
-314.0,,31.0,-235.0,-72.0,154.0,241.0,-155.0,-270.0,318.0
-315.0,,47.0,-244.0,-155.0,148.0,271.0,153.0,-445.0,402.0
-302.0,,46.0,-184.0,-199.0,116.0,306.0,62.0,-592.0,412.0
-228.0,,57.0,-53.0,-196.0,96.0,319.0,-1.0,-723.0,377.0
-196.0,,30.0,95.0,-143.0,126.0,327.0,134.0,-828.0,301.0
-229.0,,0.0,260.0,-93.0,127.0,324.0,-225.0,-906.0,190.0
-227.0,,3.0,415.0,-55.0,109.0,369.0,33.0,-941.0,81.0
-169.0,,-43.0,539.0,-33.0,110.0,366.0,-186.0,-951.0,-37.0
-147.0,,-63.0,631.0,-22.0,138.0,331.0,36.0,-940.0,-138.0
-189.0,,-77.0,688.0,11.0,156.0,354.0,160.0,-896.0,-209.0
-215.0,,-100.0,707.0,41.0,131.0,341.0,44.0,-837.0,-226.0
-187.0,,-98.0,686.0,59.0,136.0,309.0,319.0,-749.0,-194.0
-157.0,,-110.0,636.0,62.0,124.0,293.0,31.0,-642.0,-106.0
-167.0,,-91.0,558.0,67.0,98.0,309.0,249.0,-533.0,23.0
-166.0,,-113.0,463.0,79.0,25.0,309.0,16.0,-425.0,167.0
-136.0,,-88.0,342.0,50.0,-34.0,288.0,31.0,-309.0,305.0
-100.0,,-97.0,179.0,-14.0,-18.0,298.0,179.0,-181.0,401.0
-103.0,,-128.0,1.0,-81.0,-44.0,281.0,-94.0,-45.0,479.0
-104.0,,-107.0,-148.0,-105.0,-39.0,285.0,195.0,83.0,484.0
-73.0,,-157.0,-250.0,-73.0,-46.0,304.0,-160.0,192.0,432.0
-61.0,,-190.0,-306.0,-24.0,-76.0,308.0,-40.0,295.0,350.0
-84.0,,-221.0,-354.0,12.0,-116.0,367.0,-62.0,363.0,209.0
-116.0,,-237.0,-418.0,29.0,-185.0,386.0,-182.0,395.0,46.0
-114.0,,-257.0,-492.0,45.0,-183.0,360.0,73.0,435.0,-149.0
-151.0,,-268.0,-553.0,60.0,-145.0,357.0,-212.0,455.0,-350.0
-225.0,,-237.0,-575.0,54.0,-111.0,350.0,84.0,443.0,-556.0
-280.0,,-249.0,-544.0,66.0,-93.0,366.0,-105.0,428.0,-757.0
-315.0,,-224.0,-463.0,94.0,-112.0,381.0,-79.0,401.0,-920.0
-346.0,,-185.0,-369.0,123.0,-152.0,380.0,16.0,340.0,-1040.0
-388.0,,-189.0,-276.0,137.0,-133.0,374.0,-197.0,268.0,-1102.0
-399.0,,-138.0,-183.0,116.0,-116.0,321.0,107.0,199.0,-1113.0
-398.0,,-94.0,-99.0,64.0,-173.0,269.0,-179.0,122.0,-1073.0
-370.0,,-94.0,-17.0,4.0,-180.0,264.0,36.0,46.0,-992.0
-343.0,,-40.0,71.0,-16.0,-149.0,230.0,-42.0,-19.0,-876.0
-318.0,,-7.0,181.0,-1.0,-165.0,202.0,-151.0,-77.0,-727.0
-244.0,,-7.0,266.0,22.0,-179.0,180.0,44.0,-134.0,-575.0
-157.0,,40.0,271.0,30.0,-147.0,118.0,-216.0,-198.0,-433.0
-75.0,,42.0,224.0,13.0,-114.0,85.0,129.0,-254.0,-300.0
-35.0,,44.0,124.0,-9.0,-150.0,60.0,-73.0,-306.0,-174.0
-4.0,,103.0,-6.0,-32.0,-236.0,48.0,53.0,-356.0,-78.0
36.0,,79.0,-127.0,-45.0,-273.0,55.0,103.0,-380.0,-17.0
54.0,,95.0,-245.0,-57.0,-237.0,35.0,-79.0,-387.0,25.0
63.0,,110.0,-363.0,-45.0,-219.0,22.0,229.0,-377.0,54.0
57.0,,65.0,-474.0,3.0,-268.0,20.0,-105.0,-354.0,68.0
70.0,,66.0,-542.0,54.0,-258.0,10.0,120.0,-328.0,83.0
86.0,,21.0,-576.0,84.0,-219.0,0.0,-79.0,-284.0,112.0
80.0,,-2.0,-587.0,64.0,-237.0,-33.0,-206.0,-232.0,155.0
56.0,,-46.0,-570.0,10.0,-248.0,-40.0,-97.0,-181.0,199.0
43.0,,-115.0,-570.0,-24.0,-224.0,-18.0,-424.0,-116.0,223.0
77.0,,-132.0,-602.0,-45.0,-192.0,-38.0,-79.0,-35.0,240.0
76.0,,-193.0,-640.0,-67.0,-167.0,-50.0,-295.0,26.0,248.0
80.0,,-232.0,-653.0,-78.0,-145.0,-59.0,-118.0,82.0,241.0
93.0,,-240.0,-647.0,-74.0,-160.0,-85.0,-92.0,165.0,227.0
72.0,,-309.0,-631.0,-54.0,-160.0,-105.0,-279.0,241.0,186.0
38.0,,-322.0,-583.0,-37.0,-164.0,-134.0,-62.0,297.0,135.0
-9.0,,-327.0,-470.0,-46.0,-201.0,-150.0,-495.0,346.0,82.0
-76.0,,-363.0,-339.0,-65.0,-190.0,-147.0,-310.0,391.0,13.0
-155.0,,-326.0,-242.0,-96.0,-137.0,-158.0,-482.0,419.0,-62.0
-204.0,,-349.0,-124.0,-123.0,-162.0,-172.0,-489.0,432.0,-148.0
-255.0,,-358.0,-6.0,-107.0,-258.0,-148.0,-328.0,444.0,-215.0
-278.0,,-322.0,78.0,-59.0,-233.0,-110.0,-565.0,442.0,-284.0
-279.0,,-346.0,135.0,-9.0,-127.0,-118.0,-238.0,419.0,-363.0
-305.0,,-332.0,155.0,13.0,-66.0,-145.0,-465.0,399.0,-434.0
-339.0,,-307.0,155.0,-2.0,-88.0,-133.0,-243.0,385.0,-506.0
-365.0,,-305.0,117.0,-24.0,-135.0,-151.0,-312.0,360.0,-549.0
-400.0,,-280.0,89.0,-46.0,-115.0,-184.0,-485.0,333.0,-612.0
-456.0,,-234.0,82.0,-60.0,-24.0,-193.0,-206.0,306.0,-686.0
-504.0,,-194.0,66.0,-64.0,29.0,-204.0,-476.0,272.0,-748.0
-551.0,,-156.0,53.0,-81.0,-16.0,-187.0,-86.0,212.0,-806.0
-588.0,,-110.0,72.0,-104.0,4.0,-180.0,-227.0,140.0,-864.0
-613.0,,-35.0,124.0,-126.0,48.0,-198.0,-293.0,60.0,-931.0
-615.0,,0.0,173.0,-162.0,38.0,-215.0,-317.0,-53.0,-937.0
-616.0,,17.0,216.0,-200.0,14.0,-231.0,-646.0,-140.0,-943.0
-601.0,,91.0,237.0,-228.0,11.0,-273.0,-365.0,-216.0,-943.0
-571.0,,97.0,281.0,-216.0,92.0,-300.0,-576.0,-282.0,-884.0
-545.0,,105.0,360.0,-151.0,140.0,-292.0,-245.0,-322.0,-813.0
-514.0,,150.0,417.0,-76.0,108.0,-288.0,-280.0,-356.0,-718.0
-470.0,,136.0,425.0,-22.0,84.0,-289.0,-408.0,-356.0,-602.0
-409.0,,135.0,396.0,7.0,127.0,-321.0,-279.0,-361.0,-476.0
-393.0,,159.0,362.0,46.0,171.0,-333.0,-679.0,-369.0,-336.0
-359.0,,140.0,327.0,96.0,162.0,-337.0,-417.0,-378.0,-208.0
-324.0,,124.0,293.0,131.0,178.0,-333.0,-698.0,-401.0,-110.0
-314.0,,132.0,253.0,152.0,209.0,-305.0,-639.0,-422.0,-25.0
-288.0,,62.0,202.0,152.0,200.0,-305.0,-513.0,-447.0,33.0
-268.0,,23.0,153.0,150.0,139.0,-315.0,-654.0,-466.0,80.0
-245.0,,3.0,117.0,132.0,152.0,-336.0,-373.0,-491.0,100.0
-217.0,,-58.0,132.0,75.0,208.0,-339.0,-750.0,-513.0,107.0
-178.0,,-95.0,204.0,6.0,191.0,-337.0,-563.0,-515.0,125.0
-189.0,,-163.0,283.0,-54.0,148.0,-286.0,-685.0,-509.0,123.0
-193.0,,-213.0,338.0,-42.0,127.0,-225.0,-735.0,-484.0,122.0
-162.0,,-256.0,401.0,36.0,113.0,-228.0,-548.0,-437.0,103.0
-148.0,,-303.0,497.0,100.0,110.0,-209.0,-807.0,-383.0,110.0
-170.0,,-322.0,575.0,118.0,140.0,-186.0,-467.0,-315.0,146.0
-199.0,,-331.0,596.0,85.0,123.0,-190.0,-713.0,-230.0,198.0
-182.0,,-326.0,551.0,47.0,133.0,-244.0,-572.0,-139.0,278.0
-171.0,,-302.0,470.0,26.0,131.0,-294.0,-567.0,-35.0,339.0
-182.0,,-284.0,354.0,12.0,76.0,-282.0,-755.0,59.0,403.0
-204.0,,-229.0,217.0,-5.0,71.0,-270.0,-509.0,148.0,425.0
-207.0,,-161.0,93.0,-39.0,72.0,-266.0,-848.0,247.0,391.0
-186.0,,-124.0,-6.0,-57.0,87.0,-270.0,-558.0,342.0,327.0
-175.0,,-43.0,-75.0,-57.0,68.0,-265.0,-711.0,421.0,219.0
-169.0,,23.0,-135.0,-50.0,71.0,-234.0,-694.0,474.0,90.0
-140.0,,52.0,-164.0,-22.0,101.0,-174.0,-546.0,502.0,-48.0
-87.0,,94.0,-150.0,39.0,71.0,-116.0,-812.0,491.0,-172.0
-71.0,,113.0,-147.0,102.0,30.0,-109.0,-498.0,442.0,-271.0
-90.0,,80.0,-152.0,114.0,33.0,-103.0,-818.0,382.0,-330.0
-72.0,,94.0,-138.0,87.0,120.0,-95.0,-683.0,304.0,-362.0
-43.0,,63.0,-123.0,58.0,169.0,-134.0,-768.0,204.0,-366.0
-62.0,,12.0,-126.0,26.0,112.0,-173.0,-944.0,99.0,-340.0
-99.0,,28.0,-128.0,6.0,41.0,-182.0,-744.0,-3.0,-321.0
-128.0,,-24.0,-134.0,-4.0,81.0,-188.0,-1058.0,-96.0,-293.0
-140.0,,-31.0,-143.0,-16.0,141.0,-211.0,-733.0,-176.0,-281.0
-190.0,,-59.0,-119.0,-1.0,77.0,-252.0,-947.0,-229.0,-292.0
-270.0,,-81.0,-44.0,47.0,52.0,-258.0,-936.0,-278.0,-305.0
-313.0,,-58.0,43.0,111.0,112.0,-257.0,-897.0,-316.0,-304.0
-312.0,,-108.0,110.0,186.0,128.0,-272.0,-1152.0,-354.0,-278.0
-320.0,,-81.0,158.0,257.0,77.0,-252.0,-788.0,-416.0,-231.0
-351.0,,-79.0,207.0,298.0,29.0,-266.0,-1010.0,-449.0,-126.0
-337.0,,-94.0,232.0,297.0,50.0,-276.0,-692.0,-467.0,2.0
-304.0,,-69.0,215.0,246.0,87.0,-233.0,-676.0,-480.0,163.0
-273.0,,-113.0,190.0,173.0,123.0,-220.0,-757.0,-461.0,359.0
-254.0,,-95.0,134.0,119.0,172.0,-236.0,-618.0,-436.0,532.0
-230.0,,-85.0,82.0,75.0,179.0,-196.0,-997.0,-388.0,674.0
-192.0,,-127.0,76.0,44.0,177.0,-107.0,-772.0,-309.0,770.0
-175.0,,-106.0,82.0,42.0,164.0,-71.0,-1016.0,-222.0,803.0
-170.0,,-119.0,81.0,75.0,183.0,-61.0,-835.0,-116.0,782.0
-178.0,,-161.0,67.0,97.0,258.0,-95.0,-696.0,13.0,724.0
-150.0,,-150.0,59.0,90.0,312.0,-119.0,-825.0,156.0,628.0
-132.0,,-159.0,56.0,78.0,347.0,-113.0,-511.0,295.0,516.0
-168.0,,-186.0,53.0,72.0,328.0,-112.0,-825.0,424.0,418.0
-192.0,,-162.0,43.0,79.0,394.0,-75.0,-589.0,555.0,345.0
-189.0,,-160.0,33.0,105.0,494.0,-81.0,-720.0,642.0,304.0
-195.0,,-150.0,21.0,153.0,450.0,-80.0,-691.0,686.0,292.0
-216.0,,-120.0,8.0,179.0,398.0,-82.0,-389.0,695.0,322.0
-207.0,,-138.0,23.0,171.0,352.0,-123.0,-509.0,665.0,389.0
-191.0,,-108.0,44.0,127.0,348.0,-135.0,-110.0,606.0,486.0
-182.0,,-112.0,42.0,61.0,390.0,-154.0,-400.0,515.0,581.0
-159.0,,-136.0,-3.0,28.0,409.0,-147.0,-269.0,413.0,646.0
-150.0,,-114.0,-31.0,5.0,439.0,-130.0,-266.0,317.0,688.0
-132.0,,-123.0,-5.0,-12.0,467.0,-116.0,-380.0,215.0,682.0
-98.0,,-125.0,10.0,-13.0,476.0,-104.0,-40.0,129.0,624.0
-58.0,,-117.0,17.0,-31.0,482.0,-127.0,-354.0,71.0,541.0
-14.0,,-109.0,27.0,-70.0,554.0,-165.0,-94.0,19.0,453.0
40.0,,-86.0,46.0,-69.0,643.0,-201.0,-288.0,-29.0,353.0
107.0,,-63.0,74.0,-16.0,665.0,-206.0,-262.0,-88.0,213.0
148.0,,-63.0,116.0,29.0,693.0,-231.0,-94.0,-157.0,48.0
196.0,,-27.0,190.0,36.0,700.0,-265.0,-291.0,-225.0,-93.0
248.0,,9.0,276.0,3.0,652.0,-251.0,77.0,-282.0,-206.0
283.0,,3.0,347.0,-33.0,656.0,-250.0,-169.0,-342.0,-309.0
308.0,,72.0,391.0,-39.0,741.0,-294.0,105.0,-405.0,-371.0
349.0,,88.0,406.0,-2.0,829.0,-327.0,105.0,-436.0,-401.0
402.0,,100.0,385.0,83.0,878.0,-280.0,31.0,-465.0,-403.0
406.0,,159.0,335.0,145.0,882.0,-270.0,267.0,-467.0,-351.0
392.0,,140.0,273.0,143.0,897.0,-308.0,-125.0,-456.0,-276.0
388.0,,167.0,217.0,135.0,968.0,-311.0,79.0,-449.0,-177.0
393.0,,178.0,152.0,103.0,1025.0,-350.0,-206.0,-423.0,-76.0
382.0,,142.0,99.0,38.0,994.0,-406.0,-129.0,-422.0,0.0
366.0,,168.0,79.0,-13.0,910.0,-439.0,-5.0,-415.0,46.0
356.0,,169.0,80.0,-24.0,905.0,-447.0,-245.0,-400.0,58.0
353.0,,130.0,131.0,7.0,944.0,-480.0,-24.0,-387.0,52.0
361.0,,126.0,193.0,22.0,945.0,-540.0,-358.0,-345.0,33.0
328.0,,99.0,252.0,-12.0,957.0,-566.0,-66.0,-275.0,4.0
269.0,,69.0,334.0,-66.0,1014.0,-544.0,-90.0,-196.0,-44.0
227.0,,60.0,398.0,-138.0,1064.0,-528.0,-86.0,-118.0,-109.0
218.0,,8.0,444.0,-236.0,1044.0,-524.0,131.0,-53.0,-187.0
200.0,,5.0,483.0,-304.0,1010.0,-525.0,-219.0,-9.0,-275.0
147.0,,-30.0,527.0,-305.0,1013.0,-551.0,46.0,27.0,-376.0
85.0,,-73.0,571.0,-267.0,1053.0,-531.0,-199.0,41.0,-503.0
59.0,,-87.0,566.0,-207.0,1080.0,-509.0,-86.0,26.0,-618.0
51.0,,-159.0,539.0,-161.0,1069.0,-512.0,-86.0,5.0,-702.0
-17.0,,-173.0,536.0,-153.0,1066.0,-498.0,-362.0,-10.0,-750.0
-95.0,,-200.0,529.0,-180.0,1093.0,-478.0,-169.0,-35.0,-770.0
-124.0,,-250.0,506.0,-179.0,1117.0,-466.0,-546.0,-60.0,-747.0
-120.0,,-230.0,480.0,-161.0,1102.0,-452.0,-306.0,-83.0,-683.0
-147.0,,-221.0,442.0,-182.0,1110.0,-426.0,-458.0,-107.0,-603.0
-171.0,,-232.0,386.0,-211.0,1172.0,-417.0,-491.0,-121.0,-520.0
-131.0,,-190.0,307.0,-223.0,1184.0,-414.0,-260.0,-139.0,-456.0
-86.0,,-175.0,183.0,-201.0,1119.0,-396.0,-465.0,-150.0,-401.0
-80.0,,-141.0,69.0,-163.0,1074.0,-344.0,-103.0,-167.0,-371.0
-82.0,,-63.0,2.0,-105.0,1089.0,-298.0,-352.0,-208.0,-368.0
-47.0,,-20.0,-79.0,0.0,1117.0,-251.0,-192.0,-248.0,-379.0
-28.0,,58.0,-161.0,115.0,1110.0,-228.0,-192.0,-282.0,-402.0
-23.0,,125.0,-204.0,207.0,1100.0,-238.0,-363.0,-322.0,-429.0
-19.0,,168.0,-190.0,277.0,1108.0,-221.0,-94.0,-355.0,-469.0
-6.0,,232.0,-128.0,340.0,1104.0,-185.0,-397.0,-365.0,-544.0
34.0,,274.0,-45.0,347.0,1126.0,-141.0,-70.0,-365.0,-629.0
68.0,,301.0,42.0,290.0,1147.0,-163.0,-267.0,-354.0,-712.0
101.0,,362.0,130.0,208.0,1195.0,-201.0,-360.0,-320.0,-800.0
142.0,,375.0,218.0,117.0,1208.0,-205.0,-266.0,-262.0,-859.0
216.0,,382.0,300.0,47.0,1096.0,-189.0,-552.0,-191.0,-895.0
261.0,,426.0,374.0,9.0,1110.0,-162.0,-216.0,-120.0,-885.0
269.0,,411.0,427.0,30.0,1225.0,-129.0,-430.0,-60.0,-817.0
307.0,,413.0,430.0,81.0,1250.0,-82.0,-147.0,8.0,-729.0
351.0,,411.0,398.0,90.0,1176.0,-88.0,-83.0,103.0,-600.0
377.0,,393.0,392.0,27.0,1059.0,-97.0,-155.0,235.0,-454.0
350.0,,384.0,418.0,-91.0,1070.0,-75.0,59.0,374.0,-321.0
326.0,,346.0,432.0,-196.0,1124.0,-50.0,-308.0,491.0,-188.0
326.0,,313.0,428.0,-263.0,1122.0,-26.0,-5.0,574.0,-58.0
299.0,,293.0,430.0,-269.0,1138.0,4.0,-184.0,612.0,37.0
233.0,,257.0,456.0,-209.0,1135.0,3.0,-84.0,614.0,112.0
164.0,,234.0,488.0,-123.0,1112.0,-18.0,31.0,572.0,155.0
145.0,,223.0,525.0,-37.0,1102.0,-30.0,-212.0,499.0,145.0
113.0,,177.0,589.0,19.0,1097.0,-76.0,75.0,403.0,122.0
52.0,,140.0,657.0,60.0,1138.0,-74.0,-229.0,291.0,61.0
8.0,,127.0,698.0,86.0,1159.0,-69.0,42.0,180.0,-11.0
-8.0,,92.0,695.0,105.0,1080.0,-70.0,35.0,71.0,-44.0
-7.0,,81.0,633.0,137.0,1064.0,-38.0,12.0,-36.0,-46.0
-23.0,,89.0,532.0,171.0,1113.0,-13.0,158.0,-129.0,-2.0
-28.0,,80.0,422.0,181.0,1110.0,14.0,-214.0,-199.0,61.0
2.0,,98.0,332.0,176.0,1084.0,23.0,48.0,-265.0,138.0
48.0,,100.0,259.0,175.0,1016.0,36.0,-236.0,-341.0,241.0
78.0,,114.0,194.0,139.0,990.0,20.0,-110.0,-422.0,379.0
109.0,,112.0,162.0,59.0,1057.0,10.0,-70.0,-500.0,503.0
179.0,,108.0,176.0,-20.0,1074.0,15.0,-247.0,-575.0,591.0
254.0,,105.0,217.0,-45.0,1052.0,6.0,31.0,-630.0,662.0
302.0,,59.0,261.0,-48.0,1030.0,22.0,-315.0,-680.0,650.0
334.0,,26.0,307.0,-72.0,1021.0,52.0,-84.0,-714.0,580.0
374.0,,-55.0,376.0,-109.0,1020.0,79.0,-256.0,-724.0,486.0
404.0,,-124.0,462.0,-157.0,978.0,58.0,-282.0,-731.0,381.0
392.0,,-211.0,542.0,-169.0,1016.0,58.0,-145.0,-734.0,295.0
355.0,,-340.0,612.0,-145.0,1037.0,81.0,-408.0,-735.0,206.0
344.0,,-437.0,642.0,-102.0,936.0,88.0,-83.0,-714.0,119.0
345.0,,-558.0,650.0,-43.0,865.0,115.0,-378.0,-687.0,34.0
317.0,,-655.0,658.0,-5.0,866.0,129.0,-269.0,-656.0,-44.0
282.0,,-731.0,626.0,-13.0,868.0,131.0,-393.0,-635.0,-134.0
268.0,,-800.0,561.0,-33.0,795.0,166.0,-567.0,-617.0,-220.0
269.0,,-834.0,489.0,-18.0,758.0,211.0,-284.0,-556.0,-261.0
250.0,,-843.0,420.0,0.0,790.0,203.0,-558.0,-503.0,-278.0
205.0,,-822.0,361.0,25.0,803.0,169.0,-264.0,-439.0,-303.0
183.0,,-789.0,323.0,75.0,794.0,154.0,-495.0,-354.0,-326.0
182.0,,-746.0,338.0,116.0,731.0,150.0,-500.0,-276.0,-364.0
163.0,,-693.0,370.0,121.0,684.0,121.0,-463.0,-210.0,-412.0
117.0,,-634.0,392.0,81.0,690.0,98.0,-724.0,-167.0,-436.0
98.0,,-545.0,428.0,40.0,649.0,102.0,-376.0,-144.0,-462.0
127.0,,-463.0,476.0,-10.0,596.0,57.0,-594.0,-133.0,-467.0
125.0,,-391.0,536.0,-65.0,619.0,10.0,-341.0,-103.0,-457.0
99.0,,-319.0,571.0,-77.0,636.0,-3.0,-469.0,-75.0,-487.0
115.0,,-262.0,560.0,-45.0,569.0,9.0,-604.0,-42.0,-489.0
141.0,,-201.0,520.0,27.0,480.0,-11.0,-469.0,-3.0,-486.0
128.0,,-144.0,462.0,98.0,505.0,-60.0,-862.0,-20.0,-491.0
126.0,,-72.0,387.0,141.0,605.0,-23.0,-589.0,-57.0,-458.0
191.0,,-25.0,271.0,181.0,582.0,3.0,-835.0,-90.0,-427.0
272.0,,11.0,143.0,228.0,490.0,-28.0,-702.0,-136.0,-392.0
315.0,,82.0,29.0,265.0,460.0,-47.0,-648.0,-158.0,-360.0
346.0,,116.0,-62.0,274.0,512.0,-40.0,-862.0,-161.0,-322.0
381.0,,156.0,-124.0,264.0,517.0,-28.0,-561.0,-163.0,-304.0
414.0,,199.0,-154.0,241.0,406.0,-40.0,-921.0,-159.0,-290.0
415.0,,204.0,-141.0,180.0,336.0,-51.0,-715.0,-170.0,-257.0
385.0,,232.0,-98.0,90.0,350.0,-68.0,-870.0,-210.0,-244.0
363.0,,242.0,-27.0,18.0,367.0,-115.0,-885.0,-259.0,-246.0
344.0,,226.0,72.0,-33.0,290.0,-160.0,-692.0,-294.0,-287.0
315.0,,221.0,155.0,-97.0,227.0,-229.0,-923.0,-298.0,-344.0
258.0,,219.0,190.0,-186.0,245.0,-291.0,-545.0,-293.0,-427.0
189.0,,201.0,213.0,-251.0,269.0,-280.0,-827.0,-286.0,-540.0
133.0,,187.0,276.0,-261.0,227.0,-272.0,-667.0,-282.0,-640.0
94.0,,178.0,343.0,-247.0,125.0,-279.0,-679.0,-272.0,-699.0
54.0,,144.0,363.0,-213.0,171.0,-294.0,-777.0,-228.0,-721.0
8.0,,139.0,371.0,-152.0,188.0,-344.0,-378.0,-184.0,-746.0
-15.0,,144.0,380.0,-108.0,92.0,-381.0,-609.0,-121.0,-740.0
-28.0,,146.0,401.0,-96.0,37.0,-398.0,-297.0,-54.0,-683.0
-48.0,,152.0,406.0,-64.0,16.0,-425.0,-497.0,-17.0,-579.0
-80.0,,176.0,379.0,-13.0,18.0,-482.0,-461.0,18.0,-449.0
-85.0,,205.0,335.0,49.0,-22.0,-523.0,-354.0,30.0,-314.0
-65.0,,212.0,269.0,97.0,-16.0,-526.0,-630.0,37.0,-193.0
-62.0,,257.0,183.0,88.0,9.0,-526.0,-290.0,48.0,-107.0
-17.0,,265.0,87.0,50.0,-7.0,-530.0,-548.0,44.0,-84.0
28.0,,264.0,15.0,46.0,-44.0,-555.0,-299.0,28.0,-118.0
39.0,,283.0,-69.0,68.0,-104.0,-568.0,-338.0,3.0,-199.0
71.0,,266.0,-148.0,66.0,-154.0,-563.0,-436.0,-30.0,-310.0
118.0,,240.0,-197.0,44.0,-194.0,-603.0,-192.0,-79.0,-415.0
148.0,,241.0,-260.0,5.0,-212.0,-651.0,-498.0,-133.0,-520.0
129.0,,238.0,-303.0,-59.0,-263.0,-686.0,-192.0,-201.0,-597.0
122.0,,216.0,-362.0,-130.0,-279.0,-741.0,-421.0,-262.0,-653.0
139.0,,223.0,-408.0,-168.0,-274.0,-781.0,-358.0,-311.0,-725.0
138.0,,216.0,-370.0,-171.0,-339.0,-761.0,-267.0,-341.0,-797.0
140.0,,213.0,-308.0,-193.0,-365.0,-704.0,-456.0,-351.0,-859.0
133.0,,202.0,-273.0,-198.0,-310.0,-677.0,-120.0,-355.0,-901.0
140.0,,176.0,-254.0,-150.0,-257.0,-638.0,-393.0,-305.0,-918.0
153.0,,170.0,-224.0,-81.0,-298.0,-569.0,-203.0,-246.0,-907.0
164.0,,156.0,-193.0,-5.0,-395.0,-560.0,-376.0,-190.0,-853.0
189.0,,147.0,-175.0,90.0,-425.0,-584.0,-476.0,-118.0,-767.0
206.0,,130.0,-152.0,207.0,-407.0,-559.0,-339.0,-74.0,-647.0
205.0,,119.0,-128.0,278.0,-413.0,-525.0,-626.0,-54.0,-489.0
204.0,,122.0,-114.0,266.0,-463.0,-542.0,-267.0,-56.0,-314.0
206.0,,121.0,-55.0,202.0,-495.0,-571.0,-476.0,-67.0,-132.0
191.0,,144.0,56.0,136.0,-445.0,-587.0,-299.0,-99.0,39.0
169.0,,166.0,148.0,89.0,-421.0,-601.0,-264.0,-144.0,211.0
174.0,,187.0,225.0,62.0,-425.0,-598.0,-461.0,-178.0,346.0
189.0,,228.0,302.0,16.0,-388.0,-588.0,-177.0,-207.0,385.0
188.0,,232.0,399.0,-57.0,-364.0,-579.0,-471.0,-226.0,354.0
185.0,,247.0,522.0,-73.0,-368.0,-575.0,-238.0,-242.0,243.0
192.0,,272.0,652.0,-35.0,-421.0,-585.0,-441.0,-252.0,63.0
212.0,,288.0,744.0,9.0,-440.0,-596.0,-426.0,-262.0,-137.0
206.0,,299.0,770.0,16.0,-386.0,-610.0,-236.0,-277.0,-324.0
185.0,,291.0,777.0,-17.0,-403.0,-669.0,-485.0,-285.0,-486.0
188.0,,284.0,754.0,-47.0,-421.0,-721.0,-179.0,-280.0,-600.0
214.0,,235.0,678.0,-87.0,-396.0,-723.0,-515.0,-280.0,-655.0
241.0,,174.0,577.0,-110.0,-390.0,-718.0,-380.0,-289.0,-651.0
218.0,,122.0,470.0,-113.0,-362.0,-721.0,-426.0,-302.0,-583.0
176.0,,58.0,380.0,-128.0,-381.0,-752.0,-569.0,-322.0,-443.0
156.0,,-11.0,321.0,-127.0,-411.0,-747.0,-306.0,-344.0,-252.0
135.0,,-83.0,265.0,-93.0,-381.0,-725.0,-613.0,-368.0,-39.0
86.0,,-158.0,216.0,-44.0,-358.0,-741.0,-269.0,-377.0,163.0
16.0,,-208.0,214.0,-41.0,-423.0,-751.0,-421.0,-392.0,314.0
-21.0,,-236.0,210.0,-88.0,-517.0,-776.0,-375.0,-399.0,407.0
-42.0,,-261.0,215.0,-118.0,-473.0,-802.0,-303.0,-384.0,444.0
-42.0,,-255.0,241.0,-110.0,-475.0,-811.0,-618.0,-383.0,403.0
-25.0,,-234.0,230.0,-92.0,-521.0,-794.0,-393.0,-380.0,277.0
-11.0,,-212.0,221.0,-86.0,-517.0,-771.0,-746.0,-379.0,111.0
39.0,,-191.0,249.0,-80.0,-527.0,-749.0,-526.0,-363.0,-64.0
69.0,,-142.0,259.0,-63.0,-519.0,-748.0,-567.0,-322.0,-254.0
66.0,,-109.0,265.0,-24.0,-581.0,-747.0,-628.0,-256.0,-448.0
57.0,,-91.0,312.0,22.0,-578.0,-728.0,-461.0,-160.0,-655.0
52.0,,-64.0,384.0,46.0,-506.0,-754.0,-848.0,-48.0,-835.0
58.0,,-47.0,457.0,46.0,-561.0,-727.0,-611.0,73.0,-970.0
44.0,,-34.0,485.0,66.0,-661.0,-687.0,-920.0,203.0,-1084.0
43.0,,-25.0,446.0,107.0,-682.0,-675.0,-820.0,327.0,-1175.0
99.0,,-11.0,376.0,113.0,-653.0,-646.0,-716.0,434.0,-1231.0
175.0,,-14.0,328.0,91.0,-685.0,-642.0,-859.0,507.0,-1253.0
229.0,,6.0,297.0,60.0,-776.0,-595.0,-506.0,556.0,-1256.0
285.0,,2.0,266.0,40.0,-868.0,-539.0,-809.0,600.0,-1218.0
363.0,,-14.0,224.0,43.0,-905.0,-543.0,-556.0,616.0,-1137.0
451.0,,1.0,155.0,56.0,-898.0,-548.0,-661.0,614.0,-1032.0
506.0,,-14.0,100.0,70.0,-930.0,-531.0,-707.0,598.0,-899.0
516.0,,-12.0,72.0,114.0,-968.0,-497.0,-545.0,564.0,-753.0
518.0,,-1.0,49.0,155.0,-996.0,-444.0,-855.0,520.0,-607.0
520.0,,-29.0,6.0,134.0,-1022.0,-423.0,-578.0,464.0,-469.0
500.0,,-22.0,-64.0,73.0,-1019.0,-400.0,-896.0,402.0,-365.0
482.0,,-21.0,-107.0,14.0,-1014.0,-342.0,-827.0,315.0,-266.0
480.0,,-70.0,-89.0,6.0,-984.0,-274.0,-894.0,221.0,-177.0
456.0,,-95.0,-34.0,34.0,-1011.0,-188.0,-1099.0,130.0,-83.0
408.0,,-96.0,-3.0,38.0,-1119.0,-151.0,-816.0,20.0,18.0
328.0,,-159.0,-4.0,-28.0,-1166.0,-141.0,-1119.0,-94.0,89.0
271.0,,-214.0,-40.0,-147.0,-1168.0,-110.0,-805.0,-201.0,143.0
221.0,,-226.0,-96.0,-239.0,-1151.0,-102.0,-914.0,-312.0,180.0
115.0,,-307.0,-145.0,-287.0,-1194.0,-96.0,-812.0,-421.0,203.0
40.0,,-340.0,-238.0,-298.0,-1265.0,-82.0,-613.0,-512.0,193.0
32.0,,-369.0,-354.0,-274.0,-1222.0,-92.0,-927.0,-585.0,178.0
28.0,,-404.0,-455.0,-228.0,-1195.0,-104.0,-700.0,-633.0,143.0
-4.0,,-379.0,-491.0,-159.0,-1220.0,-79.0,-1034.0,-626.0,35.0
-60.0,,-382.0,-452.0,-51.0,-1210.0,-41.0,-829.0,-574.0,-93.0
-77.0,,-314.0,-442.0,89.0,-1170.0,-67.0,-825.0,-504.0,-239.0
-51.0,,-273.0,-454.0,214.0,-1138.0,-113.0,-916.0,-418.0,-355.0
-61.0,,-209.0,-442.0,263.0,-1199.0,-69.0,-674.0,-331.0,-435.0
-73.0,,-92.0,-411.0,245.0,-1277.0,-8.0,-1032.0,-233.0,-490.0
-36.0,,-54.0,-335.0,197.0,-1232.0,-10.0,-770.0,-121.0,-490.0
3.0,,47.0,-221.0,121.0,-1142.0,-29.0,-964.0,-11.0,-441.0
17.0,,139.0,-125.0,71.0,-1131.0,10.0,-866.0,107.0,-354.0
49.0,,193.0,-47.0,69.0,-1162.0,54.0,-726.0,218.0,-258.0
94.0,,286.0,25.0,104.0,-1143.0,76.0,-934.0,319.0,-140.0
117.0,,326.0,66.0,154.0,-1044.0,129.0,-631.0,408.0,-57.0
135.0,,382.0,69.0,156.0,-914.0,168.0,-892.0,477.0,-4.0
133.0,,465.0,28.0,111.0,-895.0,178.0,-609.0,533.0,63.0
145.0,,487.0,-28.0,61.0,-954.0,196.0,-691.0,569.0,101.0
175.0,,537.0,-86.0,12.0,-899.0,218.0,-781.0,595.0,118.0
157.0,,565.0,-125.0,-25.0,-800.0,208.0,-559.0,592.0,116.0
120.0,,562.0,-111.0,-34.0,-775.0,190.0,-853.0,550.0,94.0
106.0,,580.0,-78.0,-39.0,-799.0,193.0,-504.0,462.0,55.0
102.0,,545.0,-44.0,-51.0,-780.0,207.0,-646.0,341.0,-15.0
70.0,,506.0,-49.0,-48.0,-669.0,246.0,-460.0,220.0,-118.0
7.0,,454.0,-102.0,-18.0,-644.0,272.0,-362.0,90.0,-245.0
-5.0,,389.0,-145.0,26.0,-717.0,272.0,-550.0,-22.0,-385.0
-14.0,,315.0,-234.0,62.0,-735.0,256.0,-306.0,-147.0,-511.0
-84.0,,252.0,-335.0,99.0,-687.0,234.0,-626.0,-294.0,-629.0
-146.0,,200.0,-382.0,116.0,-612.0,244.0,-349.0,-444.0,-731.0
-182.0,,169.0,-390.0,94.0,-578.0,265.0,-498.0,-592.0,-797.0
-176.0,,130.0,-384.0,37.0,-548.0,263.0,-502.0,-706.0,-872.0
-192.0,,69.0,-397.0,-38.0,-485.0,271.0,-312.0,-777.0,-903.0
-236.0,,63.0,-398.0,-100.0,-474.0,291.0,-594.0,-786.0,-867.0
-228.0,,24.0,-380.0,-120.0,-493.0,297.0,-218.0,-761.0,-818.0
-198.0,,9.0,-332.0,-84.0,-467.0,316.0,-434.0,-707.0,-729.0
-183.0,,18.0,-290.0,-51.0,-406.0,298.0,-271.0,-619.0,-607.0
-222.0,,18.0,-312.0,-6.0,-338.0,250.0,-338.0,-533.0,-456.0
-225.0,,34.0,-382.0,53.0,-352.0,235.0,-528.0,-428.0,-293.0
-165.0,,44.0,-404.0,73.0,-401.0,204.0,-236.0,-300.0,-159.0
-139.0,,68.0,-356.0,77.0,-337.0,177.0,-533.0,-158.0,-51.0
-143.0,,73.0,-332.0,60.0,-294.0,178.0,-182.0,-16.0,38.0
-135.0,,88.0,-299.0,22.0,-284.0,171.0,-343.0,120.0,109.0
-76.0,,86.0,-255.0,-15.0,-216.0,158.0,-347.0,253.0,153.0
-33.0,,97.0,-238.0,-67.0,-161.0,155.0,-260.0,365.0,191.0
-31.0,,101.0,-197.0,-149.0,-131.0,137.0,-546.0,454.0,247.0
-18.0,,100.0,-126.0,-239.0,-122.0,132.0,-212.0,523.0,344.0
10.0,,93.0,-66.0,-297.0,-140.0,144.0,-452.0,560.0,463.0
80.0,,97.0,-30.0,-321.0,-111.0,127.0,-179.0,554.0,576.0
101.0,,146.0,24.0,-299.0,-64.0,129.0,-169.0,536.0,703.0
62.0,,119.0,100.0,-227.0,-114.0,164.0,-266.0,502.0,815.0
56.0,,148.0,154.0,-116.0,-94.0,192.0,-12.0,429.0,902.0
68.0,,171.0,202.0,0.0,-22.0,186.0,-304.0,353.0,967.0
34.0,,161.0,266.0,68.0,-73.0,169.0,-66.0,242.0,1009.0
-27.0,,208.0,335.0,94.0,-129.0,158.0,-345.0,89.0,1004.0
-39.0,,222.0,397.0,91.0,-125.0,140.0,-290.0,-74.0,915.0
-40.0,,254.0,464.0,71.0,-92.0,180.0,-201.0,-242.0,786.0
-94.0,,298.0,520.0,52.0,-94.0,205.0,-373.0,-406.0,602.0
-169.0,,327.0,546.0,27.0,-124.0,155.0,27.0,-569.0,374.0
-209.0,,359.0,572.0,5.0,-129.0,155.0,-190.0,-710.0,145.0
-227.0,,406.0,549.0,7.0,-112.0,215.0,14.0,-831.0,-94.0
-269.0,,408.0,458.0,25.0,-89.0,257.0,-171.0,-927.0,-312.0
-327.0,,428.0,390.0,32.0,-72.0,257.0,-310.0,-995.0,-473.0
-378.0,,462.0,346.0,34.0,-56.0,247.0,-127.0,-1033.0,-589.0
-394.0,,452.0,313.0,34.0,-98.0,253.0,-360.0,-1042.0,-628.0
-416.0,,494.0,290.0,15.0,-175.0,213.0,-12.0,-1029.0,-570.0
-438.0,,511.0,280.0,-20.0,-223.0,177.0,-267.0,-992.0,-463.0
-438.0,,507.0,316.0,-68.0,-226.0,201.0,-155.0,-923.0,-276.0
-420.0,,534.0,400.0,-116.0,-187.0,198.0,-107.0,-805.0,-38.0
-382.0,,552.0,500.0,-166.0,-190.0,184.0,-266.0,-664.0,200.0
-334.0,,556.0,557.0,-208.0,-207.0,177.0,44.0,-522.0,464.0
-269.0,,542.0,553.0,-204.0,-210.0,147.0,-258.0,-400.0,685.0
-197.0,,541.0,562.0,-157.0,-225.0,109.0,14.0,-297.0,869.0
-121.0,,500.0,640.0,-95.0,-231.0,90.0,-142.0,-210.0,999.0
-68.0,,455.0,757.0,-31.0,-302.0,123.0,-171.0,-126.0,1022.0
-9.0,,426.0,867.0,13.0,-346.0,124.0,33.0,-1.0,973.0
75.0,,357.0,951.0,30.0,-294.0,81.0,-247.0,108.0,898.0
139.0,,312.0,991.0,56.0,-350.0,88.0,35.0,186.0,823.0
159.0,,276.0,965.0,98.0,-451.0,110.0,-330.0,234.0,709.0
146.0,,214.0,904.0,128.0,-390.0,109.0,-291.0,223.0,564.0
170.0,,182.0,816.0,127.0,-269.0,126.0,-334.0,180.0,410.0
197.0,,144.0,662.0,108.0,-263.0,129.0,-485.0,121.0,244.0
173.0,,104.0,467.0,114.0,-358.0,76.0,-173.0,71.0,96.0
134.0,,71.0,279.0,160.0,-381.0,20.0,-467.0,25.0,-31.0
114.0,,32.0,162.0,215.0,-269.0,29.0,-205.0,-27.0,-127.0
106.0,,8.0,140.0,256.0,-231.0,45.0,-384.0,-94.0,-180.0
79.0,,-35.0,168.0,267.0,-288.0,16.0,-400.0,-156.0,-201.0
59.0,,-66.0,183.0,248.0,-297.0,17.0,-288.0,-190.0,-226.0
60.0,,-104.0,154.0,201.0,-308.0,17.0,-552.0,-227.0,-234.0
41.0,,-137.0,137.0,121.0,-328.0,10.0,-258.0,-272.0,-228.0
-8.0,,-161.0,157.0,68.0,-335.0,27.0,-559.0,-320.0,-224.0
-50.0,,-203.0,158.0,59.0,-336.0,32.0,-395.0,-358.0,-193.0
-60.0,,-218.0,105.0,44.0,-298.0,62.0,-485.0,-374.0,-161.0
-54.0,,-245.0,41.0,22.0,-225.0,95.0,-694.0,-350.0,-100.0
-72.0,,-272.0,3.0,-7.0,-239.0,118.0,-497.0,-268.0,-3.0
-110.0,,-283.0,-28.0,-85.0,-296.0,179.0,-864.0,-158.0,100.0
-83.0,,-266.0,-52.0,-210.0,-274.0,227.0,-613.0,-62.0,213.0
-22.0,,-240.0,-75.0,-337.0,-252.0,248.0,-766.0,0.0,326.0
-16.0,,-223.0,-94.0,-408.0,-244.0,300.0,-635.0,53.0,463.0
-19.0,,-205.0,-115.0,-401.0,-303.0,355.0,-426.0,112.0,602.0
12.0,,-196.0,-137.0,-371.0,-342.0,371.0,-591.0,194.0,726.0
63.0,,-193.0,-148.0,-361.0,-299.0,391.0,-225.0,302.0,862.0
98.0,,-197.0,-150.0,-340.0,-315.0,425.0,-476.0,413.0,999.0
116.0,,-190.0,-107.0,-293.0,-347.0,398.0,-242.0,517.0,1129.0
156.0,,-205.0,-27.0,-248.0,-335.0,361.0,-304.0,589.0,1258.0
220.0,,-199.0,62.0,-226.0,-279.0,361.0,-432.0,614.0,1369.0
277.0,,-194.0,148.0,-228.0,-267.0,337.0,-201.0,605.0,1432.0
306.0,,-221.0,205.0,-218.0,-290.0,314.0,-539.0,560.0,1455.0
342.0,,-227.0,252.0,-163.0,-273.0,283.0,-242.0,504.0,1422.0
385.0,,-243.0,290.0,-70.0,-217.0,252.0,-432.0,470.0,1338.0
408.0,,-267.0,291.0,24.0,-196.0,247.0,-386.0,423.0,1255.0
414.0,,-274.0,234.0,102.0,-283.0,231.0,-299.0,361.0,1174.0
416.0,,-267.0,143.0,186.0,-347.0,244.0,-550.0,286.0,1106.0
432.0,,-277.0,81.0,267.0,-311.0,258.0,-223.0,195.0,1048.0
406.0,,-274.0,60.0,330.0,-182.0,222.0,-478.0,119.0,1010.0
349.0,,-287.0,48.0,348.0,-109.0,205.0,-169.0,61.0,1009.0
304.0,,-307.0,23.0,309.0,-148.0,201.0,-158.0,16.0,1021.0
243.0,,-290.0,18.0,251.0,-129.0,179.0,-236.0,-21.0,1035.0
170.0,,-318.0,55.0,182.0,-59.0,188.0,20.0,-34.0,1051.0
81.0,,-324.0,114.0,110.0,-20.0,209.0,-338.0,-25.0,1062.0
-12.0,,-343.0,139.0,23.0,-34.0,208.0,-49.0,-7.0,1052.0
-92.0,,-367.0,124.0,-85.0,-50.0,202.0,-280.0,14.0,1021.0
-177.0,,-362.0,121.0,-169.0,-5.0,197.0,-280.0,37.0,996.0
-285.0,,-397.0,105.0,-204.0,41.0,207.0,-195.0,63.0,991.0
-381.0,,-369.0,65.0,-203.0,31.0,201.0,-421.0,93.0,1022.0
-412.0,,-373.0,13.0,-190.0,22.0,192.0,-81.0,138.0,1073.0
-402.0,,-369.0,-66.0,-197.0,49.0,221.0,-354.0,190.0,1102.0
-420.0,,-326.0,-155.0,-220.0,60.0,246.0,-166.0,226.0,1129.0
-446.0,,-338.0,-245.0,-223.0,98.0,270.0,-288.0,214.0,1119.0
-426.0,,-297.0,-307.0,-180.0,106.0,308.0,-369.0,175.0,1066.0
-369.0,,-257.0,-341.0,-101.0,31.0,310.0,-60.0,125.0,993.0
-324.0,,-225.0,-402.0,-19.0,29.0,303.0,-288.0,87.0,873.0
-286.0,,-198.0,-484.0,52.0,101.0,303.0,79.0,99.0,744.0
-216.0,,-178.0,-576.0,99.0,156.0,283.0,-92.0,129.0,602.0
-140.0,,-149.0,-623.0,106.0,148.0,250.0,-38.0,163.0,464.0
-80.0,,-174.0,-604.0,68.0,129.0,228.0,-40.0,186.0,346.0
-30.0,,-140.0,-550.0,-7.0,179.0,247.0,-334.0,196.0,255.0
14.0,,-125.0,-453.0,-75.0,248.0,208.0,-72.0,198.0,211.0
65.0,,-136.0,-331.0,-112.0,280.0,140.0,-388.0,194.0,183.0
113.0,,-118.0,-191.0,-100.0,288.0,116.0,-169.0,191.0,215.0
132.0,,-145.0,-30.0,-34.0,321.0,116.0,-286.0,173.0,283.0
134.0,,-136.0,145.0,25.0,352.0,151.0,-399.0,133.0,360.0
120.0,,-145.0,281.0,22.0,371.0,160.0,-199.0,66.0,450.0
71.0,,-159.0,381.0,-18.0,380.0,200.0,-515.0,8.0,486.0
29.0,,-182.0,446.0,-14.0,423.0,239.0,-184.0,-56.0,505.0
-13.0,,-226.0,462.0,26.0,454.0,264.0,-339.0,-120.0,478.0
-61.0,,-240.0,473.0,56.0,450.0,291.0,-158.0,-146.0,406.0
-99.0,,-288.0,461.0,70.0,466.0,282.0,31.0,-163.0,318.0
-165.0,,-311.0,443.0,91.0,434.0,263.0,-68.0,-184.0,199.0
-222.0,,-312.0,406.0,127.0,463.0,236.0,258.0,-221.0,88.0
-249.0,,-326.0,325.0,139.0,534.0,240.0,-86.0,-270.0,-35.0
-281.0,,-296.0,221.0,101.0,555.0,233.0,96.0,-316.0,-160.0
-329.0,,-274.0,107.0,11.0,555.0,226.0,-31.0,-322.0,-267.0
-364.0,,-283.0,17.0,-80.0,523.0,252.0,-118.0,-298.0,-360.0
-378.0,,-232.0,-26.0,-129.0,561.0,255.0,88.0,-270.0,-453.0
-415.0,,-193.0,-19.0,-124.0,617.0,268.0,-208.0,-222.0,-524.0
-442.0,,-174.0,-16.0,-95.0,621.0,293.0,44.0,-162.0,-559.0
-425.0,,-95.0,-10.0,-108.0,600.0,280.0,-247.0,-88.0,-583.0
-402.0,,-43.0,44.0,-110.0,546.0,266.0,-245.0,-20.0,-583.0
-386.0,,15.0,140.0,-58.0,547.0,263.0,-312.0,48.0,-563.0
-334.0,,86.0,238.0,41.0,570.0,252.0,-558.0,126.0,-477.0
-250.0,,130.0,319.0,152.0,571.0,255.0,-260.0,202.0,-352.0
-161.0,,195.0,415.0,194.0,575.0,219.0,-508.0,287.0,-211.0
-60.0,,247.0,493.0,184.0,592.0,192.0,-208.0,365.0,-22.0
40.0,,273.0,529.0,163.0,619.0,225.0,-271.0,440.0,168.0
140.0,,288.0,522.0,151.0,555.0,256.0,-314.0,482.0,356.0
220.0,,275.0,487.0,152.0,455.0,278.0,-173.0,497.0,543.0
292.0,,268.0,427.0,140.0,415.0,286.0,-450.0,511.0,707.0
368.0,,262.0,375.0,118.0,448.0,296.0,-129.0,521.0,831.0
420.0,,233.0,373.0,93.0,498.0,302.0,-369.0,531.0,924.0
477.0,,234.0,371.0,48.0,464.0,288.0,-232.0,543.0,1000.0
514.0,,228.0,335.0,-18.0,411.0,278.0,-210.0,549.0,1033.0
489.0,,201.0,278.0,-92.0,424.0,267.0,-417.0,525.0,1026.0
430.0,,170.0,266.0,-144.0,448.0,255.0,-175.0,475.0,1001.0
370.0,,132.0,273.0,-127.0,446.0,244.0,-502.0,417.0,936.0
326.0,,100.0,263.0,-43.0,457.0,224.0,-221.0,348.0,830.0
252.0,,35.0,286.0,40.0,433.0,211.0,-282.0,279.0,709.0
146.0,,-25.0,315.0,77.0,428.0,239.0,-199.0,230.0,586.0
81.0,,-85.0,313.0,51.0,446.0,275.0,18.0,202.0,498.0
26.0,,-150.0,243.0,-30.0,422.0,261.0,-264.0,183.0,494.0
-42.0,,-213.0,146.0,-97.0,419.0,274.0,51.0,187.0,516.0
-110.0,,-252.0,77.0,-128.0,424.0,326.0,-160.0,201.0,542.0
-131.0,,-282.0,34.0,-122.0,438.0,341.0,24.0,222.0,601.0
-101.0,,-314.0,11.0,-64.0,427.0,329.0,36.0,276.0,639.0
-92.0,,-330.0,-19.0,-10.0,367.0,321.0,-70.0,349.0,694.0
-71.0,,-370.0,-6.0,-12.0,296.0,321.0,199.0,428.0,750.0
-24.0,,-367.0,45.0,-51.0,275.0,309.0,-173.0,503.0,793.0
15.0,,-378.0,96.0,-87.0,298.0,311.0,49.0,553.0,838.0
59.0,,-398.0,159.0,-75.0,341.0,302.0,-169.0,566.0,843.0
94.0,,-400.0,225.0,13.0,365.0,271.0,-136.0,560.0,830.0
123.0,,-400.0,287.0,116.0,327.0,275.0,68.0,552.0,808.0
138.0,,-342.0,323.0,185.0,350.0,302.0,-157.0,534.0,783.0
137.0,,-308.0,350.0,223.0,394.0,303.0,192.0,493.0,766.0
136.0,,-248.0,396.0,231.0,460.0,277.0,-112.0,441.0,743.0
158.0,,-190.0,438.0,230.0,498.0,278.0,22.0,381.0,686.0
173.0,,-130.0,488.0,229.0,484.0,285.0,-16.0,306.0,591.0
124.0,,-47.0,565.0,263.0,457.0,281.0,-129.0,216.0,471.0
48.0,,5.0,672.0,303.0,394.0,257.0,134.0,114.0,301.0
28.0,,84.0,763.0,298.0,418.0,247.0,-179.0,19.0,93.0
47.0,,147.0,794.0,252.0,443.0,243.0,140.0,-58.0,-90.0
14.0,,200.0,793.0,191.0,458.0,215.0,-92.0,-109.0,-275.0
-10.0,,240.0,757.0,161.0,474.0,236.0,-103.0,-152.0,-445.0
21.0,,291.0,675.0,143.0,447.0,283.0,-35.0,-206.0,-572.0
54.0,,323.0,567.0,103.0,422.0,267.0,-304.0,-271.0,-691.0
33.0,,309.0,454.0,58.0,390.0,211.0,60.0,-332.0,-747.0
-4.0,,335.0,356.0,5.0,390.0,207.0,-182.0,-370.0,-755.0
23.0,,320.0,263.0,-86.0,448.0,215.0,86.0,-397.0,-722.0
76.0,,315.0,162.0,-173.0,479.0,231.0,59.0,-395.0,-647.0
106.0,,324.0,62.0,-212.0,423.0,232.0,-29.0,-384.0,-544.0
132.0,,295.0,-5.0,-222.0,387.0,184.0,179.0,-373.0,-421.0
164.0,,310.0,-20.0,-206.0,406.0,141.0,-175.0,-348.0,-318.0
209.0,,286.0,-6.0,-183.0,456.0,94.0,145.0,-333.0,-231.0
240.0,,254.0,-8.0,-157.0,457.0,37.0,-44.0,-302.0,-176.0
263.0,,221.0,-24.0,-132.0,462.0,-57.0,127.0,-265.0,-141.0
296.0,,167.0,-33.0,-140.0,525.0,-157.0,271.0,-231.0,-142.0
315.0,,138.0,-50.0,-195.0,556.0,-219.0,62.0,-183.0,-169.0
309.0,,64.0,-79.0,-239.0,550.0,-264.0,299.0,-136.0,-200.0
275.0,,-9.0,-73.0,-242.0,486.0,-287.0,-90.0,-83.0,-251.0
250.0,,-69.0,-53.0,-215.0,501.0,-327.0,162.0,-22.0,-285.0
238.0,,-140.0,-44.0,-143.0,572.0,-350.0,84.0,24.0,-306.0
212.0,,-204.0,-28.0,-51.0,556.0,-329.0,109.0,64.0,-291.0
169.0,,-255.0,-34.0,41.0,526.0,-310.0,349.0,123.0,-231.0
142.0,,-298.0,-55.0,109.0,471.0,-306.0,49.0,185.0,-157.0
149.0,,-322.0,-80.0,148.0,396.0,-330.0,317.0,263.0,-59.0
141.0,,-337.0,-118.0,186.0,367.0,-341.0,-16.0,348.0,38.0
102.0,,-343.0,-144.0,251.0,375.0,-329.0,112.0,410.0,121.0
82.0,,-324.0,-166.0,322.0,381.0,-338.0,127.0,439.0,168.0
107.0,,-316.0,-196.0,363.0,308.0,-368.0,-60.0,441.0,194.0
103.0,,-291.0,-197.0,377.0,204.0,-414.0,242.0,436.0,218.0
35.0,,-255.0,-136.0,338.0,203.0,-450.0,-59.0,438.0,202.0
-31.0,,-198.0,-72.0,254.0,232.0,-495.0,205.0,464.0,158.0
-49.0,,-165.0,-33.0,151.0,242.0,-511.0,79.0,509.0,89.0
-65.0,,-132.0,24.0,30.0,233.0,-479.0,162.0,573.0,-18.0
-97.0,,-95.0,117.0,-101.0,227.0,-482.0,367.0,630.0,-144.0
-104.0,,-101.0,238.0,-229.0,258.0,-503.0,175.0,667.0,-262.0
-99.0,,-65.0,363.0,-289.0,229.0,-509.0,515.0,690.0,-358.0
-69.0,,-73.0,464.0,-238.0,141.0,-509.0,136.0,688.0,-425.0
-49.0,,-99.0,515.0,-147.0,129.0,-542.0,247.0,692.0,-481.0
-64.0,,-83.0,501.0,-102.0,219.0,-627.0,205.0,705.0,-561.0
-85.0,,-100.0,472.0,-109.0,221.0,-698.0,84.0,724.0,-641.0
-98.0,,-137.0,462.0,-144.0,116.0,-733.0,400.0,726.0,-743.0
-105.0,,-137.0,443.0,-153.0,-7.0,-763.0,149.0,685.0,-881.0
-114.0,,-176.0,399.0,-118.0,-54.0,-821.0,423.0,625.0,-1014.0
-106.0,,-202.0,342.0,-94.0,-8.0,-886.0,195.0,555.0,-1127.0
-93.0,,-181.0,290.0,-95.0,-10.0,-929.0,230.0,497.0,-1211.0
-90.0,,-227.0,252.0,-116.0,-32.0,-952.0,291.0,462.0,-1251.0
-89.0,,-202.0,208.0,-142.0,-131.0,-972.0,94.0,444.0,-1254.0
-81.0,,-188.0,174.0,-190.0,-206.0,-993.0,471.0,435.0,-1253.0
-57.0,,-193.0,179.0,-250.0,-246.0,-995.0,188.0,416.0,-1193.0
-26.0,,-160.0,204.0,-267.0,-332.0,-1003.0,474.0,379.0,-1084.0
-9.0,,-147.0,206.0,-243.0,-373.0,-990.0,437.0,309.0,-945.0
0.0,,-90.0,193.0,-169.0,-444.0,-973.0,327.0,233.0,-776.0
-16.0,,-76.0,211.0,-42.0,-465.0,-969.0,434.0,163.0,-638.0
-62.0,,-62.0,204.0,75.0,-496.0,-945.0,38.0,100.0,-494.0
-91.0,,-14.0,137.0,150.0,-573.0,-907.0,406.0,48.0,-365.0
-127.0,,-26.0,55.0,217.0,-626.0,-841.0,275.0,-2.0,-278.0
-163.0,,-18.0,-31.0,254.0,-600.0,-783.0,524.0,-43.0,-190.0
-176.0,,-15.0,-67.0,214.0,-485.0,-765.0,648.0,-87.0,-117.0
-188.0,,-16.0,-69.0,114.0,-437.0,-770.0,443.0,-125.0,-57.0
-211.0,,16.0,-71.0,11.0,-465.0,-754.0,678.0,-151.0,2.0
-213.0,,25.0,-42.0,-46.0,-557.0,-737.0,256.0,-142.0,68.0
-186.0,,64.0,13.0,-71.0,-600.0,-741.0,498.0,-97.0,147.0
-178.0,,80.0,68.0,-102.0,-626.0,-760.0,386.0,-54.0,240.0
-162.0,,104.0,96.0,-139.0,-646.0,-807.0,437.0,-4.0,334.0
-130.0,,138.0,122.0,-130.0,-648.0,-847.0,687.0,58.0,401.0
-79.0,,132.0,152.0,-77.0,-770.0,-865.0,473.0,102.0,436.0
-7.0,,151.0,162.0,-38.0,-856.0,-884.0,814.0,137.0,456.0
31.0,,154.0,149.0,-26.0,-847.0,-891.0,473.0,172.0,457.0
64.0,,141.0,146.0,-11.0,-861.0,-853.0,563.0,207.0,430.0
90.0,,121.0,153.0,13.0,-909.0,-780.0,537.0,253.0,392.0
113.0,,136.0,165.0,51.0,-907.0,-713.0,445.0,270.0,325.0
153.0,,142.0,185.0,115.0,-880.0,-692.0,750.0,251.0,222.0
172.0,,142.0,194.0,191.0,-884.0,-696.0,478.0,210.0,77.0
190.0,,198.0,215.0,223.0,-959.0,-694.0,838.0,161.0,-121.0
222.0,,209.0,251.0,213.0,-1055.0,-670.0,703.0,143.0,-319.0
220.0,,225.0,309.0,201.0,-996.0,-601.0,742.0,146.0,-511.0
205.0,,253.0,385.0,163.0,-947.0,-578.0,840.0,160.0,-701.0
193.0,,231.0,451.0,119.0,-928.0,-560.0,559.0,152.0,-855.0
155.0,,247.0,481.0,118.0,-884.0,-523.0,851.0,129.0,-961.0
96.0,,246.0,453.0,110.0,-914.0,-529.0,524.0,83.0,-1018.0
44.0,,216.0,400.0,38.0,-874.0,-509.0,705.0,-1.0,-1026.0
7.0,,232.0,349.0,-73.0,-748.0,-455.0,679.0,-66.0,-972.0
-50.0,,193.0,309.0,-187.0,-660.0,-436.0,569.0,-131.0,-893.0
-125.0,,161.0,260.0,-279.0,-686.0,-460.0,777.0,-178.0,-785.0
-188.0,,137.0,219.0,-336.0,-774.0,-471.0,463.0,-221.0,-658.0
-229.0,,63.0,210.0,-350.0,-824.0,-451.0,785.0,-282.0,-559.0
-260.0,,28.0,174.0,-292.0,-857.0,-422.0,576.0,-323.0,-455.0
-299.0,,-16.0,163.0,-180.0,-886.0,-412.0,661.0,-360.0,-369.0
-319.0,,-63.0,200.0,-39.0,-947.0,-386.0,818.0,-383.0,-285.0
-326.0,,-81.0,235.0,74.0,-991.0,-350.0,604.0,-389.0,-204.0
-309.0,,-103.0,263.0,139.0,-974.0,-350.0,851.0,-363.0,-156.0
-255.0,,-93.0,280.0,165.0,-991.0,-317.0,535.0,-313.0,-96.0
-213.0,,-69.0,290.0,160.0,-991.0,-266.0,779.0,-265.0,-64.0
-186.0,,-49.0,293.0,170.0,-993.0,-239.0,735.0,-193.0,-74.0
-140.0,,-13.0,258.0,172.0,-1012.0,-214.0,753.0,-113.0,-88.0
-81.0,,36.0,200.0,161.0,-901.0,-177.0,970.0,-39.0,-112.0
-34.0,,87.0,201.0,159.0,-815.0,-157.0,622.0,26.0,-164.0
12.0,,145.0,221.0,163.0,-854.0,-143.0,921.0,82.0,-231.0
60.0,,214.0,214.0,166.0,-912.0,-144.0,705.0,146.0,-282.0
118.0,,272.0,214.0,145.0,-914.0,-159.0,868.0,202.0,-331.0
181.0,,329.0,265.0,91.0,-887.0,-162.0,962.0,241.0,-374.0
212.0,,359.0,349.0,-1.0,-907.0,-199.0,755.0,262.0,-424.0
234.0,,399.0,390.0,-88.0,-928.0,-226.0,992.0,261.0,-475.0
239.0,,441.0,425.0,-123.0,-990.0,-252.0,678.0,251.0,-513.0
231.0,,443.0,484.0,-100.0,-972.0,-287.0,944.0,250.0,-550.0
230.0,,477.0,574.0,-16.0,-864.0,-300.0,801.0,247.0,-575.0
205.0,,481.0,659.0,103.0,-818.0,-281.0,794.0,253.0,-592.0
163.0,,472.0,698.0,210.0,-789.0,-237.0,986.0,259.0,-589.0
139.0,,470.0,715.0,268.0,-751.0,-259.0,685.0,231.0,-583.0
141.0,,445.0,702.0,269.0,-705.0,-268.0,975.0,176.0,-596.0
119.0,,440.0,650.0,209.0,-702.0,-237.0,674.0,104.0,-586.0
52.0,,404.0,560.0,104.0,-703.0,-237.0,807.0,42.0,-544.0
0.0,,367.0,448.0,-3.0,-682.0,-247.0,822.0,-1.0,-499.0
-29.0,,338.0,332.0,-59.0,-634.0,-258.0,657.0,-33.0,-448.0
-50.0,,293.0,204.0,-62.0,-609.0,-250.0,931.0,-49.0,-368.0
-90.0,,242.0,53.0,-62.0,-626.0,-260.0,620.0,-67.0,-257.0
-112.0,,186.0,-74.0,-62.0,-598.0,-286.0,903.0,-88.0,-131.0
-75.0,,130.0,-164.0,-83.0,-618.0,-330.0,726.0,-120.0,-6.0
-57.0,,79.0,-221.0,-103.0,-631.0,-394.0,705.0,-140.0,117.0
-61.0,,40.0,-273.0,-77.0,-544.0,-438.0,824.0,-139.0,238.0
-55.0,,-9.0,-349.0,-48.0,-483.0,-477.0,495.0,-128.0,294.0
-16.0,,-28.0,-404.0,4.0,-435.0,-507.0,777.0,-104.0,310.0
56.0,,-47.0,-425.0,91.0,-393.0,-527.0,495.0,-68.0,332.0
97.0,,-41.0,-404.0,179.0,-473.0,-535.0,685.0,-23.0,316.0
108.0,,-23.0,-364.0,233.0,-516.0,-553.0,716.0,29.0,300.0
108.0,,-21.0,-332.0,202.0,-505.0,-567.0,552.0,73.0,303.0
116.0,,15.0,-318.0,99.0,-579.0,-539.0,733.0,112.0,299.0
94.0,,54.0,-292.0,-34.0,-620.0,-519.0,336.0,143.0,304.0
52.0,,93.0,-222.0,-135.0,-640.0,-528.0,582.0,153.0,331.0
43.0,,125.0,-151.0,-201.0,-636.0,-517.0,391.0,137.0,344.0
57.0,,167.0,-58.0,-252.0,-577.0,-483.0,432.0,75.0,329.0
66.0,,179.0,33.0,-251.0,-562.0,-464.0,563.0,-8.0,312.0
37.0,,192.0,103.0,-234.0,-614.0,-458.0,279.0,-80.0,295.0
28.0,,203.0,163.0,-215.0,-536.0,-424.0,602.0,-148.0,235.0
27.0,,189.0,180.0,-165.0,-417.0,-370.0,291.0,-219.0,136.0
7.0,,203.0,162.0,-54.0,-479.0,-335.0,493.0,-266.0,19.0
2.0,,186.0,123.0,73.0,-534.0,-318.0,493.0,-304.0,-112.0
-3.0,,179.0,66.0,127.0,-490.0,-322.0,412.0,-332.0,-214.0
0.0,,187.0,-13.0,119.0,-390.0,-319.0,642.0,-328.0,-322.0
-12.0,,185.0,-98.0,45.0,-423.0,-306.0,301.0,-300.0,-429.0
-37.0,,208.0,-149.0,-48.0,-471.0,-306.0,582.0,-223.0,-510.0
-42.0,,218.0,-186.0,-85.0,-414.0,-327.0,319.0,-141.0,-586.0
-51.0,,235.0,-235.0,-99.0,-384.0,-339.0,380.0,-48.0,-613.0
-63.0,,265.0,-262.0,-91.0,-300.0,-284.0,461.0,44.0,-630.0
-100.0,,274.0,-274.0,-51.0,-269.0,-236.0,260.0,127.0,-638.0
-134.0,,306.0,-297.0,-9.0,-203.0,-266.0,600.0,211.0,-614.0
-143.0,,317.0,-309.0,8.0,-98.0,-291.0,279.0,273.0,-557.0
-164.0,,320.0,-300.0,-21.0,-66.0,-281.0,515.0,345.0,-470.0
-183.0,,352.0,-284.0,-82.0,-41.0,-313.0,419.0,417.0,-378.0
-195.0,,339.0,-290.0,-114.0,-64.0,-354.0,327.0,486.0,-255.0
-186.0,,314.0,-283.0,-60.0,-101.0,-361.0,491.0,548.0,-162.0
-179.0,,296.0,-249.0,72.0,-127.0,-374.0,160.0,594.0,-129.0
-198.0,,262.0,-218.0,200.0,-123.0,-409.0,430.0,618.0,-104.0
-204.0,,199.0,-203.0,240.0,-138.0,-457.0,145.0,602.0,-141.0
-186.0,,149.0,-186.0,201.0,-139.0,-456.0,256.0,564.0,-238.0
-178.0,,88.0,-133.0,143.0,-107.0,-448.0,280.0,489.0,-343.0
-180.0,,0.0,-51.0,86.0,-84.0,-435.0,129.0,381.0,-465.0
-155.0,,-44.0,44.0,36.0,-40.0,-401.0,461.0,266.0,-597.0
-133.0,,-105.0,132.0,-24.0,-24.0,-380.0,142.0,145.0,-743.0
-140.0,,-150.0,204.0,-119.0,-4.0,-358.0,365.0,11.0,-884.0
-162.0,,-179.0,280.0,-208.0,12.0,-364.0,182.0,-122.0,-994.0
-190.0,,-195.0,335.0,-251.0,0.0,-344.0,197.0,-261.0,-1066.0
-204.0,,-203.0,338.0,-261.0,4.0,-327.0,448.0,-392.0,-1103.0
-229.0,,-222.0,313.0,-242.0,21.0,-330.0,258.0,-472.0,-1119.0
-266.0,,-191.0,285.0,-182.0,25.0,-299.0,576.0,-498.0,-1113.0
-282.0,,-182.0,222.0,-104.0,49.0,-279.0,240.0,-490.0,-1083.0
-290.0,,-162.0,109.0,-48.0,58.0,-278.0,334.0,-464.0,-1023.0
-288.0,,-120.0,-50.0,-56.0,64.0,-263.0,245.0,-420.0,-963.0
-284.0,,-81.0,-199.0,-61.0,83.0,-230.0,72.0,-352.0,-919.0
-267.0,,-34.0,-291.0,12.0,100.0,-236.0,314.0,-256.0,-854.0
-221.0,,19.0,-344.0,111.0,222.0,-219.0,-7.0,-140.0,-774.0
-174.0,,98.0,-382.0,201.0,296.0,-211.0,282.0,-12.0,-698.0
-125.0,,162.0,-422.0,305.0,224.0,-274.0,79.0,127.0,-602.0
-76.0,,251.0,-464.0,367.0,142.0,-269.0,66.0,259.0,-508.0
0.0,,330.0,-523.0,313.0,121.0,-235.0,144.0,363.0,-418.0
106.0,,403.0,-577.0,207.0,171.0,-205.0,-153.0,443.0,-323.0
187.0,,501.0,-619.0,122.0,217.0,-197.0,75.0,508.0,-228.0
242.0,,576.0,-618.0,54.0,205.0,-229.0,-221.0,550.0,-103.0
295.0,,647.0,-566.0,5.0,140.0,-207.0,27.0,577.0,15.0
370.0,,695.0,-527.0,-36.0,134.0,-169.0,-25.0,593.0,125.0
416.0,,720.0,-454.0,-76.0,188.0,-141.0,-123.0,590.0,245.0
419.0,,726.0,-359.0,-97.0,238.0,-118.0,99.0,565.0,367.0
429.0,,722.0,-299.0,-77.0,254.0,-126.0,-247.0,538.0,486.0
457.0,,706.0,-234.0,-21.0,249.0,-126.0,18.0,503.0,594.0
478.0,,661.0,-157.0,22.0,285.0,-118.0,-249.0,443.0,706.0
469.0,,622.0,-105.0,52.0,282.0,-132.0,-182.0,377.0,804.0
464.0,,567.0,-111.0,87.0,242.0,-139.0,-38.0,295.0,862.0
458.0,,493.0,-144.0,115.0,211.0,-157.0,-243.0,197.0,879.0
425.0,,433.0,-189.0,139.0,236.0,-171.0,33.0,101.0,884.0
381.0,,339.0,-263.0,103.0,304.0,-157.0,-349.0,8.0,865.0
325.0,,244.0,-333.0,26.0,321.0,-188.0,-188.0,-86.0,823.0
261.0,,159.0,-342.0,-13.0,263.0,-233.0,-295.0,-178.0,767.0
216.0,,44.0,-304.0,-9.0,203.0,-218.0,-334.0,-260.0,678.0
183.0,,-9.0,-257.0,27.0,248.0,-197.0,-25.0,-350.0,572.0
136.0,,-82.0,-200.0,16.0,281.0,-158.0,-284.0,-431.0,455.0
88.0,,-150.0,-114.0,-37.0,270.0,-102.0,24.0,-482.0,316.0
63.0,,-161.0,-7.0,-108.0,235.0,-68.0,-238.0,-512.0,182.0
45.0,,-210.0,108.0,-154.0,200.0,-43.0,-179.0,-536.0,57.0
1.0,,-207.0,203.0,-112.0,219.0,-26.0,-138.0,-536.0,-88.0
-50.0,,-197.0,249.0,-25.0,227.0,2.0,-325.0,-522.0,-222.0
-68.0,,-214.0,283.0,65.0,239.0,31.0,-24.0,-501.0,-321.0
-96.0,,-167.0,285.0,108.0,244.0,67.0,-338.0,-442.0,-372.0
-163.0,,-154.0,244.0,137.0,274.0,90.0,-75.0,-383.0,-368.0
-214.0,,-128.0,224.0,154.0,302.0,102.0,-218.0,-305.0,-327.0
-238.0,,-37.0,229.0,99.0,282.0,123.0,-256.0,-228.0,-205.0
-258.0,,19.0,207.0,10.0,275.0,124.0,-40.0,-177.0,-27.0
-295.0,,85.0,125.0,-45.0,288.0,129.0,-297.0,-123.0,160.0
-333.0,,158.0,21.0,-20.0,315.0,115.0,60.0,-92.0,340.0
-343.0,,202.0,-63.0,54.0,270.0,115.0,-195.0,-54.0,478.0
-343.0,,241.0,-170.0,114.0,187.0,135.0,-73.0,-40.0,598.0
-375.0,,270.0,-290.0,126.0,150.0,161.0,-92.0,-45.0,684.0
-390.0,,285.0,-364.0,144.0,130.0,171.0,-277.0,-41.0,730.0
-362.0,,283.0,-417.0,176.0,105.0,153.0,-18.0,-41.0,752.0
-348.0,,289.0,-460.0,181.0,57.0,151.0,-339.0,-34.0,758.0
-340.0,,276.0,-509.0,122.0,16.0,140.0,-35.0,-20.0,735.0
-340.0,,275.0,-572.0,19.0,2.0,136.0,-179.0,-3.0,665.0
-354.0,,261.0,-622.0,-61.0,-18.0,125.0,-169.0,6.0,587.0
-352.0,,256.0,-663.0,-156.0,-33.0,86.0,-59.0,10.0,480.0
-329.0,,275.0,-684.0,-230.0,-75.0,79.0,-380.0,2.0,364.0
-300.0,,239.0,-699.0,-218.0,-148.0,89.0,-77.0,-17.0,247.0
-267.0,,252.0,-680.0,-104.0,-165.0,93.0,-363.0,-36.0,96.0
-220.0,,237.0,-612.0,20.0,-135.0,111.0,-179.0,-58.0,-46.0
-160.0,,190.0,-538.0,37.0,-70.0,130.0,-210.0,-95.0,-206.0
-105.0,,168.0,-449.0,-2.0,-38.0,135.0,-356.0,-132.0,-372.0
-54.0,,113.0,-317.0,-12.0,-67.0,130.0,-142.0,-162.0,-500.0
7.0,,75.0,-176.0,49.0,-70.0,95.0,-500.0,-203.0,-609.0
48.0,,35.0,-70.0,155.0,-6.0,60.0,-242.0,-213.0,-701.0
74.0,,-9.0,57.0,216.0,70.0,47.0,-473.0,-181.0,-758.0
127.0,,-35.0,141.0,161.0,83.0,29.0,-375.0,-105.0,-792.0
175.0,,-77.0,170.0,26.0,67.0,27.0,-157.0,-1.0,-806.0
184.0,,-135.0,203.0,-85.0,116.0,28.0,-282.0,84.0,-789.0
179.0,,-166.0,207.0,-146.0,191.0,14.0,79.0,177.0,-776.0
196.0,,-195.0,219.0,-186.0,168.0,45.0,-229.0,267.0,-765.0
205.0,,-205.0,224.0,-232.0,155.0,93.0,-36.0,340.0,-736.0
181.0,,-209.0,204.0,-246.0,210.0,112.0,-181.0,410.0,-679.0
149.0,,-196.0,146.0,-224.0,243.0,118.0,-295.0,471.0,-607.0
134.0,,-157.0,74.0,-215.0,250.0,114.0,-94.0,513.0,-535.0
138.0,,-146.0,31.0,-256.0,243.0,120.0,-395.0,557.0,-432.0
130.0,,-79.0,-13.0,-284.0,259.0,85.0,-57.0,604.0,-320.0
102.0,,-11.0,-50.0,-205.0,336.0,50.0,-290.0,648.0,-223.0
98.0,,51.0,-51.0,-99.0,411.0,57.0,-136.0,691.0,-122.0
128.0,,137.0,-42.0,-67.0,409.0,29.0,-96.0,717.0,-21.0
155.0,,226.0,-33.0,-112.0,422.0,23.0,-304.0,710.0,87.0
180.0,,326.0,-14.0,-202.0,414.0,58.0,24.0,672.0,193.0
209.0,,427.0,0.0,-295.0,400.0,80.0,-299.0,608.0,252.0
226.0,,536.0,11.0,-349.0,409.0,91.0,-31.0,520.0,297.0
240.0,,608.0,20.0,-357.0,389.0,95.0,-160.0,435.0,353.0
258.0,,683.0,8.0,-332.0,473.0,77.0,-216.0,366.0,386.0
276.0,,729.0,-1.0,-282.0,517.0,58.0,-90.0,310.0,395.0
282.0,,752.0,0.0,-190.0,501.0,56.0,-356.0,264.0,378.0
281.0,,778.0,-9.0,-50.0,557.0,64.0,12.0,199.0,321.0
300.0,,751.0,8.0,31.0,641.0,54.0,-242.0,127.0,252.0
298.0,,718.0,34.0,3.0,736.0,26.0,-88.0,68.0,187.0
272.0,,695.0,27.0,-11.0,726.0,32.0,-140.0,16.0,130.0
256.0,,636.0,26.0,64.0,687.0,59.0,-295.0,-20.0,108.0
242.0,,578.0,10.0,175.0,696.0,42.0,40.0,-40.0,88.0
228.0,,524.0,-8.0,246.0,670.0,16.0,-206.0,-40.0,58.0
216.0,,422.0,-23.0,267.0,615.0,21.0,105.0,-58.0,22.0
226.0,,328.0,-55.0,260.0,584.0,31.0,-116.0,-80.0,-24.0
232.0,,226.0,-93.0,239.0,637.0,19.0,-171.0,-89.0,-63.0
235.0,,125.0,-131.0,234.0,728.0,7.0,-84.0,-89.0,-81.0
233.0,,72.0,-166.0,210.0,747.0,24.0,-304.0,-65.0,-92.0
206.0,,17.0,-220.0,123.0,692.0,51.0,72.0,-53.0,-104.0
174.0,,-36.0,-269.0,12.0,703.0,55.0,-197.0,-40.0,-73.0
134.0,,-27.0,-283.0,-67.0,818.0,7.0,-22.0,-8.0,-35.0
89.0,,-23.0,-276.0,-114.0,869.0,-10.0,-110.0,4.0,7.0
52.0,,-31.0,-247.0,-197.0,826.0,21.0,-256.0,7.0,61.0
44.0,,28.0,-197.0,-283.0,811.0,45.0,-29.0,0.0,122.0
56.0,,43.0,-127.0,-328.0,861.0,67.0,-352.0,-14.0,184.0
77.0,,72.0,-28.0,-335.0,922.0,62.0,-62.0,-13.0,215.0
96.0,,122.0,79.0,-293.0,928.0,71.0,-230.0,-33.0,260.0
114.0,,139.0,178.0,-251.0,927.0,81.0,-112.0,-64.0,287.0
150.0,,191.0,285.0,-222.0,943.0,85.0,-1.0,-75.0,300.0
208.0,,206.0,402.0,-185.0,910.0,96.0,-194.0,-71.0,299.0
260.0,,235.0,490.0,-107.0,844.0,86.0,97.0,-46.0,280.0
295.0,,278.0,543.0,10.0,809.0,87.0,-266.0,-23.0,266.0
355.0,,291.0,595.0,108.0,823.0,71.0,-66.0,15.0,212.0
419.0,,344.0,627.0,171.0,870.0,54.0,-164.0,77.0,138.0
471.0,,383.0,622.0,162.0,934.0,45.0,-181.0,138.0,82.0
519.0,,392.0,613.0,109.0,935.0,29.0,116.0,200.0,19.0
565.0,,459.0,605.0,67.0,972.0,-12.0,-123.0,264.0,-78.0
611.0,,491.0,571.0,54.0,1039.0,-49.0,199.0,326.0,-173.0
644.0,,524.0,529.0,91.0,1024.0,-33.0,-105.0,370.0,-261.0
662.0,,584.0,546.0,151.0,1037.0,-16.0,-86.0,412.0,-342.0
672.0,,569.0,585.0,191.0,1064.0,6.0,-145.0,460.0,-401.0
677.0,,582.0,601.0,213.0,1119.0,30.0,-393.0,502.0,-443.0
653.0,,552.0,598.0,256.0,1128.0,42.0,-129.0,541.0,-442.0
614.0,,486.0,599.0,342.0,1028.0,23.0,-406.0,589.0,-409.0
558.0,,411.0,601.0,482.0,1013.0,2.0,-73.0,631.0,-332.0
498.0,,323.0,570.0,585.0,1099.0,18.0,-214.0,657.0,-231.0
446.0,,233.0,507.0,588.0,1139.0,21.0,-258.0,658.0,-124.0
376.0,,110.0,425.0,541.0,1117.0,11.0,-158.0,627.0,-16.0
315.0,,39.0,355.0,472.0,1139.0,0.0,-478.0,583.0,89.0
251.0,,-71.0,276.0,397.0,1227.0,23.0,-208.0,519.0,178.0
180.0,,-165.0,165.0,295.0,1281.0,59.0,-476.0,464.0,231.0
122.0,,-232.0,37.0,171.0,1251.0,101.0,-243.0,408.0,253.0
77.0,,-304.0,-69.0,96.0,1245.0,159.0,-260.0,354.0,229.0
65.0,,-346.0,-169.0,61.0,1315.0,193.0,-406.0,322.0,175.0
45.0,,-386.0,-286.0,-18.0,1365.0,221.0,-129.0,286.0,100.0
3.0,,-403.0,-352.0,-123.0,1335.0,252.0,-380.0,246.0,33.0
-20.0,,-426.0,-356.0,-196.0,1300.0,268.0,-27.0,197.0,-11.0
-59.0,,-414.0,-295.0,-208.0,1335.0,280.0,-192.0,124.0,-34.0
-123.0,,-415.0,-162.0,-155.0,1354.0,303.0,-190.0,35.0,-49.0
-177.0,,-412.0,-13.0,-101.0,1313.0,309.0,-142.0,-48.0,-52.0
-210.0,,-378.0,159.0,-54.0,1282.0,339.0,-386.0,-120.0,-18.0
-237.0,,-362.0,339.0,-24.0,1323.0,383.0,-81.0,-160.0,18.0
-261.0,,-346.0,469.0,-3.0,1402.0,415.0,-382.0,-154.0,88.0
-262.0,,-329.0,560.0,33.0,1431.0,451.0,-142.0,-123.0,190.0
-253.0,,-296.0,615.0,67.0,1419.0,431.0,-190.0,-58.0,291.0
-237.0,,-282.0,592.0,64.0,1384.0,424.0,-260.0,23.0,393.0
-234.0,,-272.0,495.0,24.0,1400.0,431.0,-44.0,109.0,482.0
-231.0,,-246.0,391.0,6.0,1406.0,425.0,-408.0,189.0,557.0
-201.0,,-225.0,268.0,24.0,1348.0,417.0,-127.0,256.0,591.0
-180.0,,-190.0,131.0,40.0,1290.0,385.0,-397.0,308.0,611.0
-161.0,,-145.0,6.0,21.0,1189.0,384.0,-290.0,346.0,652.0
-127.0,,-103.0,-124.0,5.0,1169.0,377.0,-109.0,386.0,674.0
-69.0,,-58.0,-196.0,1.0,1155.0,381.0,-269.0,403.0,716.0
-28.0,,12.0,-206.0,1.0,1131.0,362.0,62.0,403.0,791.0
-6.0,,76.0,-225.0,45.0,1154.0,325.0,-279.0,392.0,881.0
47.0,,144.0,-259.0,109.0,1102.0,336.0,-83.0,352.0,977.0
101.0,,234.0,-262.0,140.0,1075.0,334.0,-188.0,299.0,1040.0
140.0,,273.0,-243.0,121.0,1085.0,313.0,-238.0,239.0,1080.0
162.0,,330.0,-258.0,98.0,1122.0,263.0,-11.0,174.0,1093.0
190.0,,390.0,-288.0,120.0,1110.0,231.0,-286.0,116.0,1069.0
218.0,,373.0,-283.0,157.0,1003.0,211.0,46.0,70.0,1002.0
228.0,,401.0,-266.0,157.0,978.0,179.0,-251.0,15.0,911.0
246.0,,414.0,-248.0,85.0,1041.0,151.0,-208.0,-23.0,807.0
257.0,,378.0,-205.0,-44.0,1058.0,119.0,-269.0,-38.0,702.0
286.0,,371.0,-140.0,-179.0,966.0,105.0,-515.0,-45.0,607.0
321.0,,364.0,-45.0,-292.0,911.0,78.0,-147.0,-37.0,516.0
365.0,,336.0,31.0,-354.0,951.0,65.0,-347.0,-15.0,438.0
418.0,,325.0,62.0,-352.0,946.0,57.0,14.0,3.0,373.0
443.0,,333.0,67.0,-297.0,916.0,37.0,-48.0,3.0,331.0
485.0,,316.0,56.0,-253.0,886.0,42.0,-68.0,0.0,310.0
554.0,,333.0,30.0,-240.0,866.0,55.0,27.0,-21.0,293.0
624.0,,320.0,12.0,-230.0,857.0,65.0,-273.0,-42.0,295.0
681.0,,337.0,31.0,-227.0,810.0,61.0,97.0,-37.0,310.0
705.0,,385.0,67.0,-170.0,784.0,21.0,-127.0,-13.0,306.0
717.0,,387.0,126.0,-88.0,776.0,-35.0,48.0,33.0,294.0
750.0,,459.0,188.0,-30.0,718.0,-68.0,22.0,81.0,280.0
755.0,,476.0,235.0,38.0,674.0,-109.0,-195.0,125.0,217.0
709.0,,479.0,255.0,95.0,688.0,-140.0,3.0,168.0,126.0
676.0,,512.0,261.0,127.0,738.0,-137.0,-345.0,202.0,22.0
684.0,,503.0,271.0,108.0,728.0,-148.0,-96.0,244.0,-94.0
688.0,,504.0,267.0,75.0,648.0,-149.0,-301.0,300.0,-191.0
638.0,,479.0,273.0,79.0,657.0,-121.0,-260.0,342.0,-238.0
583.0,,455.0,265.0,96.0,726.0,-93.0,-120.0,382.0,-238.0
577.0,,426.0,245.0,117.0,761.0,-113.0,-339.0,413.0,-177.0
552.0,,392.0,259.0,128.0,745.0,-160.0,29.0,423.0,-45.0
473.0,,353.0,294.0,119.0,692.0,-200.0,-293.0,417.0,131.0
401.0,,328.0,332.0,124.0,677.0,-226.0,-131.0,359.0,328.0
379.0,,298.0,371.0,168.0,638.0,-224.0,-182.0,293.0,518.0
365.0,,236.0,411.0,207.0,587.0,-233.0,-293.0,216.0,693.0
291.0,,222.0,466.0,207.0,555.0,-224.0,-22.0,121.0,840.0
210.0,,194.0,518.0,153.0,571.0,-194.0,-269.0,45.0,946.0
166.0,,179.0,539.0,59.0,594.0,-178.0,77.0,-30.0,1004.0
131.0,,213.0,559.0,-12.0,584.0,-174.0,-162.0,-78.0,1007.0
71.0,,220.0,567.0,-54.0,604.0,-207.0,-121.0,-112.0,939.0
-20.0,,242.0,583.0,-71.0,579.0,-215.0,-46.0,-145.0,803.0
-57.0,,283.0,584.0,-82.0,580.0,-201.0,-262.0,-168.0,628.0
-55.0,,305.0,545.0,-86.0,618.0,-207.0,38.0,-185.0,416.0
-106.0,,338.0,510.0,-67.0,636.0,-241.0,-284.0,-183.0,204.0
-181.0,,388.0,468.0,-39.0,657.0,-273.0,-70.0,-162.0,18.0
-207.0,,407.0,420.0,-11.0,599.0,-277.0,-190.0,-130.0,-142.0
-191.0,,399.0,359.0,6.0,525.0,-293.0,-247.0,-91.0,-259.0
-199.0,,422.0,302.0,14.0,544.0,-310.0,-14.0,-28.0,-317.0
-221.0,,405.0,286.0,1.0,562.0,-339.0,-264.0,39.0,-341.0
-188.0,,384.0,275.0,-27.0,566.0,-358.0,86.0,117.0,-333.0
-98.0,,371.0,253.0,-69.0,586.0,-358.0,-145.0,201.0,-268.0
-11.0,,322.0,231.0,-94.0,579.0,-349.0,-49.0,297.0,-170.0
56.0,,294.0,217.0,-62.0,540.0,-334.0,-38.0,418.0,-72.0
133.0,,250.0,198.0,-6.0,493.0,-333.0,-208.0,517.0,11.0
225.0,,223.0,145.0,42.0,506.0,-291.0,107.0,601.0,73.0
307.0,,181.0,82.0,45.0,556.0,-239.0,-208.0,681.0,129.0
368.0,,151.0,34.0,43.0,598.0,-229.0,40.0,741.0,162.0
423.0,,140.0,3.0,99.0,555.0,-249.0,-94.0,772.0,182.0
470.0,,109.0,10.0,158.0,428.0,-272.0,-96.0,783.0,200.0
491.0,,86.0,5.0,167.0,342.0,-254.0,116.0,771.0,190.0
464.0,,63.0,5.0,134.0,311.0,-210.0,-175.0,745.0,164.0
446.0,,62.0,58.0,104.0,278.0,-205.0,107.0,697.0,135.0
454.0,,39.0,125.0,79.0,184.0,-204.0,-147.0,628.0,106.0
444.0,,47.0,182.0,67.0,146.0,-196.0,64.0,553.0,86.0
432.0,,67.0,218.0,60.0,136.0,-207.0,129.0,463.0,64.0
409.0,,28.0,271.0,39.0,75.0,-182.0,0.0,380.0,36.0
404.0,,56.0,335.0,15.0,81.0,-126.0,288.0,298.0,7.0
431.0,,66.0,376.0,-3.0,148.0,-99.0,-107.0,203.0,-38.0
461.0,,57.0,410.0,-43.0,198.0,-108.0,103.0,107.0,-95.0
484.0,,109.0,447.0,-98.0,154.0,-87.0,-59.0,28.0,-162.0
532.0,,107.0,477.0,-78.0,95.0,-34.0,-42.0,-47.0,-206.0
594.0,,120.0,490.0,10.0,74.0,-34.0,136.0,-128.0,-209.0
627.0,,138.0,497.0,71.0,81.0,-52.0,-129.0,-195.0,-211.0
647.0,,125.0,503.0,49.0,95.0,-65.0,175.0,-269.0,-193.0
655.0,,109.0,505.0,-17.0,77.0,-52.0,-129.0,-343.0,-154.0
659.0,,80.0,492.0,-74.0,75.0,-7.0,12.0,-409.0,-116.0
650.0,,54.0,449.0,-148.0,58.0,-4.0,-27.0,-460.0,-65.0
645.0,,10.0,397.0,-215.0,73.0,-17.0,-125.0,-473.0,-23.0
643.0,,-11.0,346.0,-197.0,75.0,-5.0,195.0,-454.0,25.0
639.0,,-42.0,256.0,-109.0,24.0,2.0,-44.0,-409.0,97.0
630.0,,-26.0,162.0,-35.0,13.0,-23.0,343.0,-333.0,148.0
596.0,,-42.0,114.0,-7.0,74.0,-49.0,175.0,-230.0,212.0
564.0,,-56.0,67.0,-29.0,137.0,-84.0,199.0,-121.0,277.0
523.0,,-15.0,14.0,-91.0,75.0,-121.0,269.0,-10.0,343.0
484.0,,-34.0,-25.0,-164.0,-34.0,-140.0,-72.0,95.0,444.0
440.0,,-6.0,-61.0,-186.0,-50.0,-154.0,175.0,201.0,563.0
398.0,,32.0,-121.0,-160.0,-18.0,-116.0,-107.0,302.0,693.0
363.0,,22.0,-228.0,-119.0,-35.0,-97.0,147.0,399.0,792.0
332.0,,53.0,-361.0,-70.0,-56.0,-82.0,120.0,504.0,856.0
322.0,,93.0,-489.0,-11.0,-123.0,-37.0,79.0,584.0,886.0
309.0,,98.0,-574.0,85.0,-181.0,-44.0,291.0,646.0,872.0
309.0,,116.0,-593.0,161.0,-153.0,-49.0,-57.0,714.0,834.0
337.0,,133.0,-552.0,169.0,-148.0,-41.0,254.0,748.0,758.0
378.0,,120.0,-456.0,148.0,-204.0,-32.0,27.0,751.0,666.0
397.0,,105.0,-319.0,145.0,-311.0,-21.0,123.0,748.0,563.0
419.0,,72.0,-158.0,172.0,-313.0,-6.0,199.0,722.0,434.0
463.0,,30.0,1.0,188.0,-297.0,0.0,-29.0,685.0,263.0
489.0,,0.0,144.0,147.0,-336.0,-14.0,266.0,644.0,74.0
502.0,,-52.0,288.0,87.0,-356.0,-36.0,-40.0,590.0,-96.0
510.0,,-71.0,402.0,69.0,-399.0,-46.0,199.0,538.0,-250.0
493.0,,-83.0,480.0,112.0,-442.0,-49.0,134.0,490.0,-380.0
472.0,,-96.0,561.0,200.0,-457.0,-64.0,127.0,439.0,-465.0
450.0,,-59.0,619.0,242.0,-396.0,-59.0,317.0,398.0,-504.0
418.0,,-74.0,618.0,221.0,-377.0,-67.0,-12.0,366.0,-511.0
404.0,,-86.0,569.0,142.0,-410.0,-95.0,297.0,335.0,-459.0
374.0,,-71.0,513.0,26.0,-407.0,-90.0,81.0,310.0,-377.0
355.0,,-96.0,439.0,-97.0,-376.0,-61.0,275.0,284.0,-281.0
338.0,,-131.0,327.0,-192.0,-342.0,-45.0,413.0,276.0,-147.0
317.0,,-151.0,200.0,-220.0,-381.0,-65.0,284.0,287.0,-42.0
281.0,,-184.0,55.0,-207.0,-418.0,-88.0,556.0,295.0,47.0
190.0,,-208.0,-94.0,-111.0,-413.0,-85.0,195.0,331.0,140.0
106.0,,-220.0,-237.0,8.0,-414.0,-57.0,419.0,378.0,231.0
45.0,,-239.0,-356.0,74.0,-415.0,-45.0,284.0,412.0,330.0
-3.0,,-246.0,-439.0,83.0,-429.0,-73.0,328.0,456.0,421.0
-57.0,,-269.0,-491.0,41.0,-472.0,-85.0,469.0,487.0,526.0
-91.0,,-279.0,-530.0,55.0,-490.0,-79.0,99.0,515.0,638.0
-107.0,,-280.0,-563.0,120.0,-463.0,-89.0,367.0,545.0,729.0
-121.0,,-249.0,-564.0,166.0,-440.0,-129.0,70.0,564.0,780.0
-128.0,,-210.0,-512.0,165.0,-421.0,-177.0,256.0,568.0,805.0
-145.0,,-182.0,-408.0,111.0,-422.0,-205.0,271.0,539.0,828.0
-153.0,,-112.0,-312.0,74.0,-415.0,-186.0,125.0,471.0,821.0
-145.0,,-45.0,-218.0,89.0,-406.0,-157.0,417.0,360.0,785.0
-129.0,,10.0,-91.0,146.0,-443.0,-155.0,149.0,221.0,733.0
-140.0,,84.0,62.0,203.0,-458.0,-131.0,504.0,86.0,671.0
-135.0,,139.0,256.0,242.0,-449.0,-93.0,389.0,-49.0,605.0
-97.0,,194.0,425.0,259.0,-438.0,-68.0,447.0,-183.0,539.0
-63.0,,273.0,555.0,249.0,-408.0,-45.0,526.0,-315.0,490.0
-34.0,,293.0,669.0,242.0,-442.0,-29.0,168.0,-423.0,447.0
-7.0,,331.0,761.0,235.0,-527.0,-44.0,421.0,-495.0,407.0
21.0,,369.0,835.0,194.0,-584.0,-42.0,79.0,-534.0,364.0
24.0,,346.0,858.0,113.0,-630.0,-17.0,284.0,-539.0,314.0
35.0,,370.0,843.0,27.0,-621.0,1.0,301.0,-518.0,266.0
54.0,,365.0,808.0,-35.0,-608.0,-1.0,208.0,-452.0,216.0
57.0,,332.0,769.0,-75.0,-691.0,-19.0,437.0,-363.0,166.0
53.0,,320.0,728.0,-81.0,-753.0,-12.0,64.0,-252.0,112.0
38.0,,274.0,644.0,-62.0,-723.0,10.0,301.0,-117.0,70.0
43.0,,232.0,554.0,-37.0,-717.0,60.0,75.0,33.0,51.0
56.0,,209.0,510.0,-18.0,-740.0,106.0,199.0,197.0,17.0
41.0,,174.0,484.0,-7.0,-762.0,138.0,323.0,341.0,-25.0
-7.0,,140.0,431.0,12.0,-770.0,166.0,101.0,469.0,-65.0
-51.0,,113.0,373.0,66.0,-692.0,191.0,456.0,564.0,-91.0
-80.0,,86.0,328.0,149.0,-694.0,187.0,131.0,612.0,-96.0
-139.0,,68.0,276.0,190.0,-766.0,132.0,330.0,617.0,-114.0
-207.0,,61.0,231.0,140.0,-736.0,110.0,184.0,578.0,-124.0
-279.0,,40.0,214.0,63.0,-693.0,90.0,11.0,502.0,-122.0
-333.0,,23.0,205.0,20.0,-701.0,45.0,221.0,396.0,-144.0
-348.0,,13.0,165.0,-5.0,-751.0,14.0,-27.0,298.0,-165.0
-390.0,,-7.0,128.0,-1.0,-765.0,-4.0,301.0,193.0,-162.0
-448.0,,1.0,97.0,32.0,-723.0,-18.0,16.0,101.0,-138.0
-458.0,,20.0,62.0,78.0,-709.0,-39.0,68.0,49.0,-100.0
-444.0,,49.0,60.0,120.0,-727.0,-53.0,40.0,9.0,-41.0
-433.0,,80.0,73.0,139.0,-801.0,-49.0,-223.0,-5.0,38.0
-415.0,,116.0,80.0,158.0,-816.0,-33.0,90.0,0.0,135.0
-356.0,,200.0,102.0,128.0,-732.0,-43.0,-164.0,-9.0,245.0
-265.0,,280.0,167.0,55.0,-767.0,-60.0,160.0,-31.0,369.0
-203.0,,347.0,241.0,25.0,-859.0,-67.0,75.0,-54.0,502.0
-138.0,,449.0,307.0,46.0,-869.0,-105.0,-9.0,-82.0,639.0
-41.0,,523.0,373.0,71.0,-827.0,-161.0,90.0,-110.0,752.0
32.0,,612.0,404.0,55.0,-833.0,-206.0,-249.0,-143.0,830.0
86.0,,686.0,408.0,4.0,-898.0,-222.0,-9.0,-164.0,879.0
134.0,,698.0,427.0,-44.0,-907.0,-221.0,-304.0,-165.0,856.0
197.0,,756.0,474.0,-56.0,-882.0,-222.0,-151.0,-159.0,784.0
268.0,,757.0,498.0,-17.0,-889.0,-225.0,-195.0,-141.0,669.0
321.0,,751.0,474.0,64.0,-933.0,-214.0,-404.0,-123.0,501.0
370.0,,765.0,424.0,116.0,-922.0,-180.0,-83.0,-96.0,336.0
416.0,,733.0,371.0,105.0,-862.0,-149.0,-297.0,-55.0,190.0
458.0,,722.0,335.0,48.0,-861.0,-124.0,68.0,-20.0,39.0
477.0,,691.0,320.0,-8.0,-904.0,-128.0,-60.0,-13.0,-82.0
496.0,,646.0,323.0,12.0,-899.0,-181.0,-94.0,-40.0,-152.0
528.0,,614.0,324.0,32.0,-866.0,-230.0,44.0,-70.0,-227.0
526.0,,564.0,316.0,-7.0,-922.0,-249.0,-197.0,-102.0,-291.0
492.0,,511.0,331.0,-84.0,-1013.0,-230.0,131.0,-131.0,-323.0
456.0,,441.0,370.0,-147.0,-1020.0,-205.0,-147.0,-153.0,-333.0
446.0,,342.0,397.0,-138.0,-955.0,-169.0,-35.0,-187.0,-314.0
427.0,,268.0,399.0,-79.0,-967.0,-100.0,-114.0,-222.0,-272.0
375.0,,169.0,369.0,-49.0,-1019.0,-42.0,-253.0,-236.0,-200.0
361.0,,68.0,290.0,-110.0,-1010.0,18.0,18.0,-237.0,-128.0
388.0,,-17.0,179.0,-165.0,-977.0,66.0,-290.0,-221.0,-59.0
408.0,,-116.0,46.0,-130.0,-949.0,74.0,-25.0,-199.0,7.0
391.0,,-197.0,-79.0,-56.0,-959.0,79.0,-218.0,-180.0,93.0
362.0,,-300.0,-155.0,-18.0,-940.0,78.0,-138.0,-141.0,149.0
372.0,,-363.0,-214.0,-15.0,-931.0,82.0,38.0,-94.0,140.0
375.0,,-421.0,-263.0,29.0,-926.0,106.0,-136.0,-57.0,119.0
343.0,,-486.0,-283.0,81.0,-886.0,97.0,232.0,-37.0,56.0
320.0,,-495.0,-283.0,80.0,-896.0,60.0,-55.0,-47.0,-30.0
330.0,,-508.0,-283.0,43.0,-893.0,21.0,88.0,-81.0,-99.0
346.0,,-500.0,-287.0,-13.0,-886.0,2.0,-24.0,-112.0,-161.0
330.0,,-468.0,-256.0,-62.0,-868.0,16.0,-112.0,-147.0,-188.0
309.0,,-456.0,-184.0,-74.0,-818.0,36.0,114.0,-182.0,-174.0
311.0,,-398.0,-116.0,-70.0,-806.0,62.0,-168.0,-212.0,-135.0
320.0,,-339.0,-60.0,-97.0,-843.0,81.0,169.0,-243.0,-78.0
321.0,,-287.0,-6.0,-173.0,-891.0,121.0,-62.0,-251.0,-1.0
332.0,,-195.0,35.0,-259.0,-885.0,167.0,1.0,-257.0,83.0
366.0,,-121.0,58.0,-294.0,-837.0,183.0,-12.0,-253.0,170.0
389.0,,-46.0,109.0,-235.0,-840.0,199.0,-254.0,-221.0,261.0
413.0,,45.0,157.0,-107.0,-870.0,250.0,116.0,-176.0,330.0
420.0,,116.0,163.0,50.0,-800.0,335.0,-107.0,-114.0,377.0
417.0,,177.0,146.0,178.0,-702.0,372.0,216.0,-55.0,361.0
436.0,,241.0,107.0,211.0,-707.0,372.0,96.0,0.0,280.0
455.0,,299.0,68.0,177.0,-761.0,363.0,-25.0,32.0,192.0
462.0,,332.0,43.0,106.0,-764.0,345.0,75.0,59.0,84.0
459.0,,338.0,35.0,8.0,-713.0,347.0,-299.0,86.0,-23.0
455.0,,334.0,34.0,-72.0,-727.0,349.0,24.0,113.0,-100.0
431.0,,306.0,26.0,-114.0,-761.0,355.0,-121.0,151.0,-140.0
405.0,,247.0,0.0,-102.0,-730.0,336.0,107.0,181.0,-177.0
371.0,,172.0,-33.0,-19.0,-693.0,302.0,186.0,233.0,-199.0
296.0,,107.0,-53.0,93.0,-694.0,299.0,68.0,301.0,-204.0
208.0,,12.0,-83.0,157.0,-730.0,279.0,369.0,370.0,-221.0
124.0,,-74.0,-107.0,170.0,-728.0,279.0,77.0,418.0,-217.0
40.0,,-121.0,-114.0,187.0,-718.0,303.0,351.0,451.0,-223.0
-65.0,,-195.0,-124.0,212.0,-674.0,308.0,166.0,508.0,-220.0
-173.0,,-235.0,-179.0,201.0,-611.0,326.0,144.0,564.0,-219.0
-262.0,,-270.0,-257.0,135.0,-606.0,330.0,269.0,628.0,-231.0
-338.0,,-313.0,-319.0,67.0,-572.0,318.0,-18.0,672.0,-234.0
-390.0,,-334.0,-366.0,43.0,-563.0,298.0,297.0,705.0,-263.0
-439.0,,-343.0,-387.0,68.0,-575.0,273.0,3.0,741.0,-284.0
-469.0,,-346.0,-408.0,84.0,-578.0,294.0,144.0,741.0,-272.0
-468.0,,-323.0,-428.0,69.0,-579.0,314.0,129.0,749.0,-246.0
-475.0,,-299.0,-421.0,66.0,-503.0,286.0,62.0,757.0,-199.0
-486.0,,-292.0,-372.0,65.0,-450.0,260.0,402.0,744.0,-133.0
-487.0,,-267.0,-284.0,65.0,-493.0,232.0,125.0,728.0,-67.0
-481.0,,-261.0,-193.0,82.0,-531.0,206.0,415.0,686.0,-1.0
-472.0,,-236.0,-74.0,118.0,-533.0,211.0,253.0,625.0,71.0
-476.0,,-198.0,58.0,173.0,-523.0,223.0,321.0,566.0,147.0
-486.0,,-175.0,190.0,207.0,-491.0,236.0,428.0,501.0,222.0
-466.0,,-138.0,302.0,200.0,-447.0,258.0,194.0,434.0,281.0
-429.0,,-117.0,356.0,171.0,-429.0,260.0,500.0,363.0,316.0
-405.0,,-77.0,370.0,126.0,-432.0,222.0,140.0,292.0,321.0
-360.0,,-43.0,330.0,55.0,-404.0,202.0,290.0,231.0,295.0
-292.0,,-10.0,261.0,-35.0,-367.0,201.0,219.0,160.0,239.0
-248.0,,38.0,203.0,-104.0,-341.0,195.0,140.0,74.0,167.0
-241.0,,71.0,138.0,-103.0,-294.0,204.0,404.0,4.0,89.0
-222.0,,130.0,79.0,-13.0,-231.0,205.0,116.0,-62.0,23.0
-200.0,,157.0,43.0,129.0,-200.0,199.0,413.0,-114.0,-24.0
-184.0,,215.0,13.0,257.0,-189.0,195.0,208.0,-141.0,-51.0
-170.0,,249.0,-10.0,337.0,-156.0,197.0,301.0,-182.0,-45.0
-158.0,,259.0,-16.0,322.0,-133.0,201.0,365.0,-201.0,10.0
-117.0,,300.0,-12.0,232.0,-102.0,213.0,144.0,-220.0,104.0
-98.0,,283.0,-1.0,123.0,-76.0,214.0,511.0,-242.0,234.0
-97.0,,308.0,11.0,60.0,-93.0,205.0,286.0,-234.0,405.0
-75.0,,276.0,25.0,71.0,-145.0,219.0,600.0,-229.0,569.0
-44.0,,258.0,20.0,82.0,-174.0,215.0,558.0,-181.0,763.0
-38.0,,250.0,10.0,67.0,-168.0,205.0,441.0,-123.0,950.0
-42.0,,194.0,37.0,46.0,-204.0,194.0,554.0,-68.0,1089.0
-19.0,,192.0,58.0,43.0,-260.0,173.0,158.0,12.0,1217.0
27.0,,127.0,48.0,36.0,-265.0,169.0,426.0,78.0,1281.0
57.0,,96.0,18.0,16.0,-219.0,157.0,260.0,137.0,1290.0
46.0,,78.0,-10.0,-14.0,-190.0,160.0,537.0,193.0,1254.0
89.0,,27.0,-25.0,-48.0,-181.0,160.0,676.0,242.0,1133.0
137.0,,7.0,-7.0,-57.0,-185.0,135.0,491.0,272.0,982.0
123.0,,-4.0,17.0,-89.0,-153.0,136.0,776.0,278.0,829.0
107.0,,-28.0,9.0,-161.0,-100.0,138.0,412.0,264.0,651.0
123.0,,-61.0,-1.0,-244.0,-173.0,153.0,637.0,230.0,471.0
157.0,,-69.0,-7.0,-297.0,-190.0,157.0,519.0,204.0,303.0
147.0,,-92.0,9.0,-281.0,-86.0,128.0,532.0,178.0,163.0
131.0,,-117.0,45.0,-214.0,-22.0,113.0,716.0,165.0,18.0
158.0,,-137.0,68.0,-122.0,-22.0,86.0,430.0,146.0,-105.0
196.0,,-155.0,86.0,-47.0,-69.0,107.0,735.0,119.0,-197.0
185.0,,-172.0,89.0,1.0,-70.0,152.0,410.0,87.0,-291.0
140.0,,-189.0,78.0,18.0,-34.0,150.0,550.0,23.0,-370.0
143.0,,-192.0,65.0,18.0,-36.0,174.0,558.0,-33.0,-429.0
172.0,,-192.0,52.0,34.0,-85.0,212.0,441.0,-103.0,-445.0
158.0,,-174.0,8.0,58.0,-79.0,250.0,785.0,-177.0,-431.0
121.0,,-169.0,-51.0,78.0,-37.0,291.0,543.0,-238.0,-405.0
135.0,,-141.0,-57.0,67.0,-58.0,289.0,921.0,-285.0,-362.0
176.0,,-88.0,-63.0,57.0,-87.0,294.0,788.0,-305.0,-288.0
176.0,,-36.0,-85.0,65.0,-102.0,310.0,800.0,-310.0,-196.0
139.0,,22.0,-72.0,58.0,-38.0,296.0,897.0,-278.0,-91.0
121.0,,75.0,-27.0,34.0,37.0,298.0,604.0,-232.0,56.0
122.0,,119.0,42.0,-20.0,58.0,265.0,912.0,-180.0,224.0
72.0,,117.0,114.0,-91.0,93.0,213.0,596.0,-125.0,393.0
2.0,,159.0,200.0,-152.0,137.0,227.0,727.0,-68.0,545.0
-34.0,,157.0,294.0,-207.0,222.0,239.0,583.0,3.0,682.0
-34.0,,139.0,387.0,-216.0,270.0,249.0,391.0,79.0,826.0
-37.0,,186.0,501.0,-163.0,252.0,269.0,663.0,151.0,936.0
-92.0,,163.0,608.0,-86.0,235.0,274.0,412.0,224.0,983.0
-138.0,,178.0,690.0,-48.0,204.0,293.0,731.0,311.0,980.0
-147.0,,204.0,709.0,-88.0,217.0,306.0,545.0,383.0,952.0
-168.0,,227.0,647.0,-150.0,227.0,330.0,607.0,428.0,898.0
-234.0,,257.0,564.0,-192.0,187.0,367.0,718.0,441.0,804.0
-273.0,,254.0,478.0,-188.0,171.0,384.0,535.0,419.0,680.0
-263.0,,259.0,383.0,-146.0,173.0,414.0,814.0,395.0,531.0
-285.0,,249.0,306.0,-106.0,168.0,449.0,489.0,337.0,370.0
-311.0,,266.0,247.0,-41.0,162.0,445.0,746.0,261.0,188.0
-332.0,,256.0,225.0,43.0,162.0,429.0,652.0,187.0,16.0
-361.0,,273.0,211.0,126.0,159.0,413.0,567.0,99.0,-138.0
-372.0,,305.0,165.0,226.0,187.0,379.0,761.0,26.0,-265.0
-379.0,,309.0,133.0,321.0,221.0,367.0,410.0,-37.0,-356.0
-417.0,,343.0,108.0,384.0,171.0,367.0,672.0,-97.0,-430.0
-458.0,,340.0,62.0,403.0,105.0,353.0,421.0,-135.0,-458.0
-455.0,,333.0,25.0,388.0,156.0,322.0,533.0,-162.0,-483.0
-471.0,,311.0,24.0,350.0,237.0,313.0,604.0,-169.0,-496.0
-512.0,,265.0,1.0,276.0,223.0,367.0,404.0,-151.0,-498.0
-521.0,,250.0,-62.0,188.0,207.0,406.0,655.0,-121.0,-511.0
-506.0,,202.0,-120.0,86.0,269.0,434.0,360.0,-75.0,-495.0
-511.0,,174.0,-152.0,-8.0,398.0,481.0,655.0,-25.0,-483.0
-524.0,,161.0,-173.0,-68.0,511.0,509.0,545.0,28.0,-448.0
-514.0,,108.0,-201.0,-115.0,505.0,516.0,556.0,86.0,-391.0
-507.0,,107.0,-253.0,-144.0,455.0,528.0,764.0,126.0,-314.0
-516.0,,83.0,-308.0,-163.0,471.0,544.0,500.0,149.0,-188.0
-519.0,,72.0,-307.0,-178.0,518.0,543.0,798.0,177.0,-62.0
-497.0,,95.0,-254.0,-169.0,524.0,561.0,489.0,185.0,64.0
-479.0,,101.0,-204.0,-158.0,462.0,567.0,609.0,164.0,169.0
-470.0,,135.0,-169.0,-151.0,496.0,543.0,639.0,146.0,241.0
-441.0,,167.0,-126.0,-133.0,623.0,529.0,541.0,129.0,297.0
-417.0,,208.0,-58.0,-102.0,642.0,512.0,809.0,106.0,326.0
-430.0,,246.0,19.0,-71.0,611.0,491.0,437.0,74.0,341.0
-427.0,,294.0,100.0,-64.0,622.0,441.0,709.0,29.0,312.0
-423.0,,329.0,190.0,-62.0,693.0,391.0,570.0,-20.0,264.0
-431.0,,343.0,265.0,-71.0,756.0,364.0,637.0,-71.0,214.0
-422.0,,362.0,290.0,-58.0,744.0,320.0,827.0,-121.0,165.0
-413.0,,369.0,300.0,-1.0,724.0,304.0,556.0,-163.0,138.0
-361.0,,372.0,308.0,39.0,736.0,327.0,931.0,-175.0,111.0
-306.0,,330.0,276.0,90.0,809.0,341.0,711.0,-179.0,110.0
-249.0,,310.0,244.0,138.0,881.0,360.0,859.0,-174.0,122.0
-179.0,,291.0,218.0,173.0,891.0,383.0,781.0,-165.0,158.0
-112.0,,236.0,166.0,207.0,896.0,412.0,572.0,-165.0,227.0
-61.0,,219.0,87.0,233.0,949.0,430.0,726.0,-156.0,292.0
-20.0,,175.0,0.0,252.0,987.0,451.0,412.0,-138.0,344.0
24.0,,131.0,-48.0,222.0,995.0,481.0,763.0,-102.0,393.0
23.0,,127.0,-77.0,158.0,1074.0,492.0,663.0,-47.0,423.0
8.0,,77.0,-97.0,114.0,1144.0,481.0,814.0,16.0,390.0
0.0,,63.0,-131.0,106.0,1126.0,457.0,933.0,70.0,317.0
-8.0,,77.0,-161.0,92.0,1080.0,470.0,674.0,127.0,199.0
-38.0,,63.0,-144.0,18.0,1114.0,476.0,971.0,189.0,58.0
-87.0,,82.0,-166.0,-105.0,1184.0,467.0,676.0,232.0,-93.0
-108.0,,99.0,-226.0,-184.0,1151.0,486.0,953.0,256.0,-270.0
-123.0,,115.0,-276.0,-187.0,1142.0,481.0,964.0,261.0,-438.0
-146.0,,138.0,-304.0,-168.0,1209.0,477.0,883.0,259.0,-574.0
-172.0,,127.0,-297.0,-120.0,1254.0,485.0,1038.0,252.0,-688.0
-186.0,,104.0,-297.0,-28.0,1250.0,450.0,644.0,250.0,-774.0
-200.0,,86.0,-312.0,65.0,1224.0,415.0,918.0,237.0,-819.0
-196.0,,58.0,-319.0,116.0,1241.0,415.0,692.0,210.0,-852.0
-172.0,,16.0,-304.0,81.0,1277.0,425.0,790.0,189.0,-860.0
-147.0,,-27.0,-290.0,-38.0,1276.0,400.0,855.0,168.0,-825.0
-99.0,,-69.0,-276.0,-146.0,1237.0,341.0,533.0,155.0,-757.0
-36.0,,-104.0,-232.0,-171.0,1243.0,309.0,783.0,142.0,-658.0
19.0,,-152.0,-195.0,-154.0,1293.0,283.0,491.0,125.0,-530.0
66.0,,-214.0,-179.0,-129.0,1306.0,237.0,766.0,87.0,-410.0
121.0,,-239.0,-168.0,-110.0,1304.0,204.0,718.0,34.0,-309.0
163.0,,-268.0,-162.0,-131.0,1318.0,175.0,650.0,-9.0,-230.0
178.0,,-275.0,-159.0,-172.0,1329.0,115.0,873.0,-52.0,-200.0
197.0,,-263.0,-151.0,-161.0,1302.0,69.0,604.0,-87.0,-203.0
235.0,,-283.0,-141.0,-100.0,1247.0,76.0,905.0,-124.0,-225.0
273.0,,-230.0,-139.0,-38.0,1243.0,87.0,615.0,-171.0,-243.0
287.0,,-227.0,-114.0,9.0,1229.0,77.0,630.0,-205.0,-248.0
272.0,,-219.0,-56.0,74.0,1202.0,52.0,589.0,-227.0,-254.0
240.0,,-153.0,4.0,163.0,1196.0,75.0,362.0,-249.0,-232.0
216.0,,-164.0,86.0,211.0,1151.0,93.0,696.0,-265.0,-165.0
187.0,,-116.0,173.0,210.0,1153.0,78.0,448.0,-256.0,-74.0
134.0,,-99.0,207.0,205.0,1135.0,70.0,679.0,-239.0,34.0
87.0,,-107.0,208.0,227.0,1109.0,38.0,467.0,-221.0,156.0
55.0,,-53.0,197.0,266.0,1118.0,17.0,360.0,-179.0,287.0
0.0,,-44.0,159.0,257.0,1070.0,28.0,489.0,-142.0,408.0
-57.0,,-11.0,114.0,154.0,1051.0,48.0,295.0,-107.0,520.0
-93.0,,40.0,72.0,-18.0,1020.0,16.0,774.0,-68.0,636.0
-121.0,,58.0,27.0,-212.0,1002.0,-38.0,635.0,-45.0,721.0
-191.0,,84.0,-37.0,-357.0,982.0,-74.0,840.0,-28.0,792.0
-264.0,,96.0,-101.0,-428.0,919.0,-119.0,777.0,-20.0,854.0
-276.0,,64.0,-140.0,-448.0,886.0,-162.0,543.0,-2.0,895.0
-274.0,,38.0,-130.0,-382.0,838.0,-195.0,783.0,23.0,912.0
-311.0,,19.0,-75.0,-270.0,837.0,-224.0,509.0,44.0,905.0
-361.0,,-27.0,-12.0,-153.0,850.0,-260.0,835.0,70.0,906.0
-338.0,,-58.0,67.0,-44.0,851.0,-269.0,692.0,93.0,909.0
-293.0,,-95.0,164.0,27.0,855.0,-249.0,715.0,110.0,902.0
-296.0,,-131.0,249.0,69.0,786.0,-250.0,772.0,124.0,883.0
-312.0,,-158.0,266.0,49.0,738.0,-291.0,441.0,132.0,843.0
-281.0,,-196.0,251.0,26.0,701.0,-321.0,661.0,133.0,812.0
-207.0,,-207.0,227.0,34.0,646.0,-321.0,343.0,110.0,761.0
-176.0,,-229.0,146.0,-11.0,657.0,-334.0,578.0,80.0,663.0
-159.0,,-247.0,62.0,-125.0,669.0,-351.0,602.0,53.0,536.0
-103.0,,-223.0,-31.0,-261.0,630.0,-357.0,561.0,18.0,372.0
-49.0,,-216.0,-134.0,-355.0,586.0,-378.0,857.0,-7.0,209.0
-31.0,,-209.0,-232.0,-369.0,552.0,-414.0,528.0,-31.0,71.0
-45.0,,-151.0,-334.0,-291.0,534.0,-452.0,678.0,-55.0,-62.0
-39.0,,-129.0,-429.0,-171.0,528.0,-507.0,341.0,-90.0,-178.0
-9.0,,-99.0,-503.0,-76.0,503.0,-563.0,327.0,-140.0,-260.0
-20.0,,-44.0,-506.0,-2.0,489.0,-607.0,428.0,-180.0,-292.0
-70.0,,-21.0,-460.0,11.0,503.0,-645.0,310.0,-218.0,-263.0
-98.0,,40.0,-414.0,-23.0,505.0,-665.0,679.0,-247.0,-198.0
-58.0,,90.0,-352.0,-60.0,536.0,-677.0,328.0,-274.0,-96.0
-19.0,,138.0,-290.0,-104.0,585.0,-677.0,509.0,-294.0,28.0
-32.0,,207.0,-243.0,-114.0,571.0,-674.0,415.0,-296.0,134.0
4.0,,269.0,-175.0,-101.0,566.0,-629.0,369.0,-291.0,227.0
92.0,,344.0,-103.0,-99.0,569.0,-560.0,659.0,-289.0,305.0
124.0,,418.0,-69.0,-88.0,539.0,-542.0,400.0,-294.0,361.0
117.0,,461.0,-48.0,-54.0,526.0,-550.0,702.0,-291.0,374.0
141.0,,489.0,-24.0,17.0,502.0,-562.0,347.0,-296.0,350.0
173.0,,503.0,-23.0,88.0,461.0,-559.0,391.0,-308.0,301.0
169.0,,457.0,-65.0,120.0,513.0,-560.0,443.0,-312.0,233.0
156.0,,436.0,-134.0,114.0,580.0,-548.0,184.0,-304.0,156.0
163.0,,375.0,-203.0,96.0,475.0,-520.0,399.0,-282.0,66.0
183.0,,280.0,-269.0,98.0,388.0,-526.0,16.0,-243.0,-16.0
167.0,,220.0,-312.0,130.0,423.0,-542.0,266.0,-201.0,-97.0
119.0,,101.0,-329.0,176.0,411.0,-544.0,121.0,-173.0,-163.0
91.0,,15.0,-319.0,233.0,363.0,-553.0,84.0,-160.0,-207.0
47.0,,-55.0,-283.0,290.0,325.0,-585.0,323.0,-168.0,-239.0
-11.0,,-151.0,-237.0,307.0,279.0,-592.0,75.0,-193.0,-265.0
-77.0,,-204.0,-196.0,278.0,231.0,-573.0,376.0,-231.0,-295.0
-139.0,,-271.0,-166.0,166.0,227.0,-570.0,72.0,-277.0,-310.0
-159.0,,-334.0,-143.0,16.0,259.0,-556.0,145.0,-320.0,-309.0
-189.0,,-366.0,-145.0,-97.0,232.0,-540.0,92.0,-358.0,-310.0
-225.0,,-397.0,-196.0,-172.0,183.0,-543.0,-90.0,-373.0,-330.0
-237.0,,-399.0,-283.0,-182.0,236.0,-551.0,194.0,-379.0,-358.0
-228.0,,-367.0,-394.0,-142.0,254.0,-550.0,-84.0,-378.0,-422.0
-213.0,,-338.0,-535.0,-88.0,212.0,-557.0,229.0,-353.0,-509.0
-205.0,,-283.0,-678.0,-39.0,202.0,-604.0,110.0,-311.0,-603.0
-186.0,,-206.0,-783.0,52.0,150.0,-654.0,134.0,-268.0,-707.0
-136.0,,-158.0,-838.0,150.0,166.0,-636.0,245.0,-229.0,-779.0
-89.0,,-96.0,-875.0,167.0,223.0,-607.0,-86.0,-201.0,-824.0
-105.0,,-40.0,-881.0,113.0,203.0,-607.0,208.0,-186.0,-837.0
-103.0,,-13.0,-825.0,65.0,139.0,-596.0,-38.0,-163.0,-842.0
-54.0,,21.0,-730.0,89.0,70.0,-546.0,192.0,-137.0,-831.0
-31.0,,20.0,-623.0,120.0,58.0,-501.0,199.0,-116.0,-782.0
-9.0,,11.0,-515.0,86.0,69.0,-487.0,53.0,-93.0,-734.0
16.0,,-10.0,-394.0,-39.0,9.0,-455.0,253.0,-75.0,-674.0
70.0,,-52.0,-261.0,-156.0,-84.0,-453.0,-140.0,-57.0,-625.0
111.0,,-84.0,-124.0,-216.0,-95.0,-473.0,118.0,-35.0,-598.0
100.0,,-131.0,-1.0,-272.0,-65.0,-431.0,-77.0,-9.0,-566.0
88.0,,-154.0,88.0,-286.0,-93.0,-369.0,3.0,31.0,-547.0
69.0,,-178.0,142.0,-280.0,-129.0,-370.0,155.0,86.0,-531.0
41.0,,-221.0,171.0,-247.0,-156.0,-400.0,-60.0,166.0,-531.0
-13.0,,-239.0,158.0,-148.0,-229.0,-372.0,251.0,268.0,-546.0
-108.0,,-249.0,107.0,5.0,-248.0,-317.0,-60.0,382.0,-574.0
-200.0,,-261.0,48.0,150.0,-233.0,-300.0,103.0,514.0,-630.0
-286.0,,-252.0,7.0,250.0,-259.0,-294.0,-29.0,626.0,-687.0
-383.0,,-242.0,-37.0,306.0,-292.0,-268.0,-96.0,726.0,-765.0
-483.0,,-232.0,-100.0,285.0,-390.0,-272.0,171.0,810.0,-837.0
-562.0,,-185.0,-124.0,211.0,-423.0,-246.0,-59.0,867.0,-922.0
-636.0,,-155.0,-100.0,96.0,-423.0,-193.0,275.0,917.0,-1025.0
-711.0,,-133.0,-66.0,-21.0,-488.0,-181.0,14.0,925.0,-1098.0
-740.0,,-93.0,-37.0,-81.0,-507.0,-127.0,70.0,929.0,-1153.0
-745.0,,-99.0,-17.0,-124.0,-576.0,-67.0,160.0,925.0,-1168.0
-767.0,,-87.0,-17.0,-189.0,-616.0,-30.0,14.0,903.0,-1141.0
-778.0,,-81.0,-31.0,-277.0,-610.0,-9.0,317.0,890.0,-1040.0
-752.0,,-139.0,-68.0,-345.0,-638.0,-7.0,35.0,848.0,-883.0
-715.0,,-136.0,-119.0,-339.0,-640.0,17.0,275.0,795.0,-676.0
-694.0,,-186.0,-161.0,-293.0,-669.0,21.0,151.0,715.0,-446.0
-661.0,,-253.0,-221.0,-271.0,-673.0,18.0,109.0,610.0,-260.0
-606.0,,-292.0,-269.0,-266.0,-643.0,26.0,266.0,475.0,-67.0
-558.0,,-355.0,-306.0,-224.0,-641.0,17.0,-38.0,325.0,104.0
-496.0,,-383.0,-353.0,-156.0,-624.0,12.0,279.0,188.0,243.0
-450.0,,-455.0,-379.0,-77.0,-594.0,16.0,-11.0,54.0,356.0
-411.0,,-469.0,-408.0,-24.0,-649.0,-14.0,110.0,-51.0,430.0
-346.0,,-502.0,-404.0,-23.0,-726.0,-92.0,184.0,-149.0,482.0
-296.0,,-525.0,-356.0,-48.0,-736.0,-135.0,25.0,-223.0,491.0
-245.0,,-510.0,-321.0,-64.0,-770.0,-129.0,321.0,-271.0,456.0
-186.0,,-541.0,-276.0,-79.0,-788.0,-123.0,12.0,-306.0,384.0
-115.0,,-503.0,-242.0,-133.0,-778.0,-114.0,308.0,-329.0,284.0
-62.0,,-493.0,-228.0,-185.0,-769.0,-69.0,171.0,-355.0,170.0
-16.0,,-472.0,-195.0,-214.0,-786.0,10.0,147.0,-367.0,63.0
41.0,,-429.0,-166.0,-209.0,-830.0,74.0,273.0,-377.0,-23.0
83.0,,-392.0,-136.0,-166.0,-814.0,133.0,-29.0,-379.0,-90.0
79.0,,-332.0,-123.0,-106.0,-788.0,163.0,275.0,-370.0,-146.0
54.0,,-327.0,-138.0,-21.0,-741.0,137.0,-42.0,-342.0,-182.0
61.0,,-312.0,-140.0,65.0,-710.0,160.0,125.0,-290.0,-207.0
46.0,,-290.0,-159.0,129.0,-730.0,207.0,160.0,-251.0,-261.0
0.0,,-294.0,-210.0,145.0,-688.0,213.0,77.0,-202.0,-290.0
-59.0,,-289.0,-275.0,103.0,-642.0,225.0,338.0,-143.0,-310.0
-99.0,,-288.0,-328.0,70.0,-654.0,222.0,-7.0,-82.0,-341.0
-126.0,,-297.0,-352.0,76.0,-680.0,229.0,266.0,-10.0,-363.0
-208.0,,-320.0,-363.0,100.0,-668.0,224.0,99.0,35.0,-383.0
-286.0,,-337.0,-356.0,129.0,-665.0,213.0,147.0,71.0,-391.0
-323.0,,-341.0,-338.0,125.0,-680.0,218.0,254.0,103.0,-395.0
-372.0,,-369.0,-335.0,90.0,-688.0,173.0,25.0,118.0,-371.0
-422.0,,-362.0,-365.0,37.0,-659.0,146.0,290.0,116.0,-315.0
-420.0,,-349.0,-373.0,-17.0,-592.0,153.0,-83.0,72.0,-220.0
-385.0,,-372.0,-329.0,-56.0,-621.0,177.0,22.0,11.0,-91.0
-385.0,,-371.0,-271.0,-98.0,-639.0,189.0,-112.0,-54.0,67.0
-409.0,,-357.0,-229.0,-150.0,-612.0,178.0,-225.0,-138.0,239.0
-386.0,,-397.0,-217.0,-176.0,-613.0,195.0,-3.0,-201.0,401.0
-349.0,,-420.0,-218.0,-165.0,-646.0,172.0,-299.0,-249.0,558.0
-353.0,,-410.0,-238.0,-152.0,-752.0,111.0,-57.0,-307.0,676.0
-379.0,,-447.0,-273.0,-105.0,-754.0,95.0,-349.0,-369.0,776.0
-390.0,,-441.0,-265.0,-40.0,-679.0,84.0,-288.0,-427.0,859.0
-362.0,,-452.0,-234.0,24.0,-693.0,22.0,-199.0,-474.0,912.0
-335.0,,-454.0,-217.0,97.0,-747.0,-32.0,-334.0,-515.0,961.0
-340.0,,-427.0,-189.0,148.0,-826.0,-53.0,42.0,-534.0,967.0
-355.0,,-461.0,-139.0,183.0,-795.0,-75.0,-280.0,-523.0,932.0
-326.0,,-458.0,-73.0,215.0,-740.0,-119.0,-66.0,-499.0,852.0
-300.0,,-487.0,2.0,272.0,-793.0,-160.0,-147.0,-481.0,695.0
-322.0,,-530.0,41.0,311.0,-799.0,-189.0,-206.0,-443.0,517.0
-335.0,,-525.0,-7.0,302.0,-810.0,-247.0,-31.0,-380.0,310.0
-313.0,,-560.0,-121.0,265.0,-769.0,-302.0,-380.0,-316.0,85.0
-274.0,,-589.0,-256.0,210.0,-720.0,-323.0,-149.0,-250.0,-86.0
-268.0,,-584.0,-380.0,171.0,-744.0,-329.0,-437.0,-182.0,-193.0
-275.0,,-622.0,-475.0,135.0,-793.0,-314.0,-293.0,-111.0,-255.0
-239.0,,-622.0,-553.0,84.0,-897.0,-300.0,-197.0,-44.0,-280.0
-189.0,,-607.0,-600.0,1.0,-861.0,-292.0,-332.0,22.0,-262.0
-178.0,,-601.0,-610.0,-72.0,-834.0,-291.0,-20.0,65.0,-225.0
-204.0,,-548.0,-581.0,-97.0,-840.0,-299.0,-397.0,82.0,-155.0
-201.0,,-544.0,-504.0,-80.0,-784.0,-304.0,-221.0,99.0,-63.0
-169.0,,-501.0,-410.0,-27.0,-809.0,-338.0,-356.0,82.0,11.0
-175.0,,-456.0,-321.0,8.0,-749.0,-373.0,-354.0,55.0,68.0
-209.0,,-435.0,-258.0,10.0,-733.0,-385.0,-121.0,36.0,108.0
-200.0,,-375.0,-211.0,3.0,-779.0,-385.0,-360.0,30.0,112.0
-173.0,,-342.0,-152.0,-8.0,-757.0,-377.0,-86.0,22.0,86.0
-184.0,,-278.0,-100.0,-34.0,-859.0,-366.0,-376.0,3.0,33.0
-212.0,,-238.0,-50.0,-88.0,-947.0,-354.0,-249.0,1.0,-71.0
-209.0,,-219.0,-31.0,-150.0,-945.0,-382.0,-230.0,-8.0,-187.0
-200.0,,-190.0,-38.0,-173.0,-949.0,-431.0,-330.0,-13.0,-340.0
-238.0,,-164.0,-50.0,-193.0,-951.0,-458.0,-53.0,-5.0,-500.0
-284.0,,-139.0,-50.0,-214.0,-998.0,-484.0,-384.0,9.0,-626.0
-294.0,,-138.0,-44.0,-214.0,-1082.0,-506.0,-110.0,28.0,-782.0
-315.0,,-116.0,-75.0,-194.0,-1143.0,-508.0,-291.0,43.0,-916.0
-348.0,,-140.0,-110.0,-124.0,-1118.0,-520.0,-279.0,70.0,-978.0
-405.0,,-143.0,-157.0,-53.0,-1095.0,-532.0,-116.0,95.0,-978.0
-477.0,,-127.0,-203.0,-3.0,-1166.0,-513.0,-388.0,128.0,-934.0
-492.0,,-151.0,-225.0,47.0,-1238.0,-496.0,-90.0,137.0,-835.0
-523.0,,-150.0,-245.0,88.0,-1241.0,-477.0,-332.0,121.0,-680.0
-563.0,,-158.0,-197.0,126.0,-1191.0,-459.0,-55.0,91.0,-512.0
-568.0,,-180.0,-123.0,169.0,-1216.0,-437.0,-9.0,29.0,-312.0
-538.0,,-193.0,-66.0,213.0,-1265.0,-394.0,-55.0,-35.0,-131.0
-501.0,,-159.0,4.0,234.0,-1230.0,-377.0,218.0,-99.0,9.0
-498.0,,-131.0,84.0,196.0,-1174.0,-372.0,-162.0,-158.0,111.0
-453.0,,-107.0,157.0,143.0,-1152.0,-367.0,107.0,-193.0,152.0
-378.0,,-60.0,186.0,112.0,-1201.0,-364.0,-88.0,-213.0,178.0
-331.0,,-22.0,182.0,108.0,-1275.0,-332.0,5.0,-236.0,180.0
-324.0,,20.0,150.0,129.0,-1268.0,-297.0,158.0,-240.0,182.0
-298.0,,49.0,93.0,129.0,-1172.0,-276.0,-49.0,-234.0,201.0
-226.0,,72.0,-10.0,108.0,-1189.0,-243.0,293.0,-226.0,209.0
-167.0,,78.0,-134.0,85.0,-1306.0,-198.0,-12.0,-212.0,231.0
-165.0,,97.0,-217.0,46.0,-1306.0,-141.0,216.0,-198.0,269.0
-171.0,,99.0,-282.0,-11.0,-1228.0,-133.0,134.0,-175.0,299.0
-110.0,,87.0,-325.0,-81.0,-1193.0,-134.0,35.0,-155.0,328.0
-59.0,,120.0,-340.0,-162.0,-1216.0,-93.0,277.0,-140.0,372.0
-39.0,,118.0,-329.0,-240.0,-1201.0,-96.0,-1.0,-137.0,423.0
-12.0,,109.0,-286.0,-286.0,-1180.0,-72.0,349.0,-131.0,456.0
54.0,,114.0,-228.0,-305.0,-1254.0,-27.0,149.0,-121.0,450.0
109.0,,104.0,-168.0,-285.0,-1268.0,-29.0,234.0,-112.0,384.0
133.0,,71.0,-128.0,-239.0,-1202.0,-60.0,295.0,-95.0,272.0
164.0,,29.0,-86.0,-217.0,-1204.0,-43.0,49.0,-88.0,119.0
192.0,,-13.0,-39.0,-217.0,-1208.0,-12.0,334.0,-78.0,-54.0
234.0,,-90.0,-23.0,-227.0,-1220.0,-49.0,29.0,-68.0,-183.0
241.0,,-156.0,-5.0,-188.0,-1209.0,-31.0,234.0,-62.0,-297.0
223.0,,-225.0,3.0,-104.0,-1179.0,4.0,114.0,-51.0,-369.0
221.0,,-284.0,0.0,-43.0,-1270.0,13.0,46.0,-38.0,-367.0
215.0,,-318.0,6.0,-8.0,-1372.0,9.0,260.0,-19.0,-328.0
210.0,,-335.0,-3.0,-1.0,-1370.0,17.0,-1.0,0.0,-211.0
203.0,,-338.0,-18.0,-2.0,-1361.0,67.0,336.0,38.0,-59.0
202.0,,-359.0,-51.0,-15.0,-1396.0,74.0,90.0,98.0,111.0
208.0,,-336.0,-106.0,-23.0,-1460.0,114.0,192.0,125.0,288.0
198.0,,-336.0,-181.0,-15.0,-1500.0,178.0,208.0,132.0,428.0
183.0,,-323.0,-289.0,-8.0,-1473.0,207.0,-53.0,130.0,537.0
177.0,,-297.0,-380.0,40.0,-1489.0,248.0,242.0,91.0,598.0
183.0,,-324.0,-453.0,131.0,-1525.0,311.0,-18.0,34.0,598.0
174.0,,-317.0,-516.0,240.0,-1533.0,386.0,245.0,-26.0,546.0
132.0,,-322.0,-565.0,331.0,-1592.0,425.0,92.0,-87.0,458.0
127.0,,-325.0,-604.0,370.0,-1597.0,454.0,46.0,-137.0,318.0
139.0,,-332.0,-597.0,356.0,-1584.0,507.0,210.0,-174.0,133.0
107.0,,-341.0,-567.0,279.0,-1594.0,568.0,-88.0,-190.0,-67.0
57.0,,-332.0,-550.0,170.0,-1558.0,619.0,205.0,-183.0,-266.0
13.0,,-335.0,-538.0,80.0,-1546.0,671.0,-109.0,-165.0,-445.0
-9.0,,-332.0,-540.0,26.0,-1528.0,703.0,-20.0,-153.0,-581.0
-66.0,,-326.0,-533.0,-15.0,-1528.0,684.0,-46.0,-150.0,-643.0
-131.0,,-306.0,-497.0,-57.0,-1540.0,676.0,-173.0,-146.0,-637.0
-175.0,,-280.0,-469.0,-81.0,-1546.0,690.0,131.0,-161.0,-563.0
-215.0,,-266.0,-429.0,-93.0,-1594.0,685.0,-138.0,-183.0,-436.0
-243.0,,-244.0,-377.0,-91.0,-1597.0,671.0,155.0,-205.0,-274.0
-269.0,,-218.0,-321.0,-80.0,-1554.0,655.0,-72.0,-228.0,-72.0
-274.0,,-226.0,-259.0,-63.0,-1552.0,630.0,-88.0,-228.0,147.0
-280.0,,-203.0,-218.0,-43.0,-1601.0,606.0,51.0,-210.0,383.0
-262.0,,-197.0,-176.0,-55.0,-1607.0,595.0,-247.0,-192.0,609.0
-231.0,,-205.0,-131.0,-85.0,-1583.0,578.0,29.0,-193.0,788.0
-215.0,,-183.0,-117.0,-109.0,-1584.0,562.0,-279.0,-184.0,923.0
-192.0,,-204.0,-148.0,-121.0,-1633.0,545.0,-123.0,-177.0,984.0
-181.0,,-203.0,-170.0,-104.0,-1692.0,496.0,-173.0,-178.0,978.0
-155.0,,-214.0,-178.0,-71.0,-1642.0,445.0,-321.0,-160.0,966.0
-137.0,,-238.0,-203.0,-22.0,-1629.0,407.0,-46.0,-135.0,931.0
-132.0,,-254.0,-252.0,46.0,-1702.0,384.0,-306.0,-84.0,880.0
-115.0,,-291.0,-312.0,94.0,-1752.0,377.0,46.0,-28.0,829.0
-108.0,,-319.0,-347.0,104.0,-1702.0,368.0,-133.0,16.0,770.0
-106.0,,-338.0,-366.0,93.0,-1643.0,369.0,-99.0,40.0,726.0
-89.0,,-361.0,-362.0,91.0,-1682.0,365.0,-18.0,60.0,664.0
-82.0,,-375.0,-347.0,131.0,-1654.0,365.0,-297.0,82.0,591.0
-103.0,,-397.0,-344.0,175.0,-1596.0,391.0,72.0,93.0,535.0
-124.0,,-415.0,-364.0,208.0,-1585.0,416.0,-186.0,86.0,495.0
-109.0,,-417.0,-389.0,233.0,-1633.0,414.0,27.0,54.0,456.0
-67.0,,-447.0,-395.0,221.0,-1730.0,409.0,-49.0,21.0,441.0
-55.0,,-430.0,-411.0,197.0,-1709.0,429.0,-166.0,-27.0,435.0
-65.0,,-446.0,-415.0,160.0,-1604.0,440.0,68.0,-97.0,423.0
-34.0,,-463.0,-428.0,109.0,-1632.0,466.0,-210.0,-182.0,420.0
16.0,,-466.0,-453.0,73.0,-1684.0,473.0,101.0,-282.0,407.0
10.0,,-511.0,-456.0,62.0,-1653.0,476.0,-155.0,-383.0,401.0
-7.0,,-508.0,-456.0,81.0,-1612.0,507.0,-20.0,-484.0,390.0
11.0,,-537.0,-453.0,84.0,-1527.0,500.0,81.0,-557.0,350.0
41.0,,-531.0,-460.0,57.0,-1523.0,512.0,-127.0,-622.0,261.0
29.0,,-533.0,-428.0,7.0,-1540.0,522.0,182.0,-661.0,164.0
-5.0,,-533.0,-346.0,-64.0,-1515.0,523.0,-173.0,-666.0,73.0
10.0,,-489.0,-279.0,-116.0,-1540.0,522.0,46.0,-663.0,-27.0
15.0,,-470.0,-238.0,-138.0,-1529.0,504.0,-46.0,-639.0,-124.0
-12.0,,-413.0,-221.0,-133.0,-1502.0,515.0,-35.0,-601.0,-223.0
-64.0,,-378.0,-215.0,-106.0,-1444.0,518.0,205.0,-565.0,-274.0
-127.0,,-345.0,-206.0,-78.0,-1391.0,548.0,-72.0,-552.0,-277.0
-150.0,,-312.0,-166.0,-54.0,-1408.0,548.0,275.0,-544.0,-241.0
-195.0,,-283.0,-110.0,-50.0,-1385.0,518.0,16.0,-531.0,-153.0
-252.0,,-259.0,-76.0,-35.0,-1315.0,527.0,179.0,-527.0,-74.0
-281.0,,-253.0,-60.0,0.0,-1272.0,520.0,210.0,-512.0,-4.0
-296.0,,-240.0,-65.0,26.0,-1257.0,506.0,-9.0,-492.0,71.0
-308.0,,-234.0,-76.0,61.0,-1231.0,506.0,273.0,-465.0,116.0
-336.0,,-235.0,-58.0,99.0,-1158.0,532.0,-86.0,-423.0,135.0
-342.0,,-229.0,-17.0,127.0,-1096.0,562.0,155.0,-400.0,127.0
-304.0,,-208.0,21.0,137.0,-1107.0,576.0,0.0,-398.0,85.0
-284.0,,-218.0,70.0,146.0,-1080.0,587.0,-40.0,-392.0,37.0
-292.0,,-194.0,118.0,174.0,-955.0,607.0,129.0,-376.0,17.0
-270.0,,-178.0,149.0,185.0,-849.0,615.0,-131.0,-367.0,2.0
-223.0,,-151.0,181.0,153.0,-871.0,599.0,232.0,-354.0,-3.0
-182.0,,-103.0,204.0,94.0,-884.0,606.0,-5.0,-336.0,10.0
-149.0,,-92.0,215.0,29.0,-772.0,641.0,140.0,-316.0,41.0
-84.0,,-35.0,206.0,-36.0,-668.0,671.0,149.0,-293.0,107.0
14.0,,-19.0,152.0,-75.0,-673.0,682.0,-7.0,-271.0,167.0
102.0,,0.0,57.0,-64.0,-680.0,705.0,277.0,-243.0,210.0
170.0,,8.0,-47.0,-8.0,-667.0,733.0,-33.0,-216.0,253.0
247.0,,-9.0,-115.0,57.0,-713.0,738.0,238.0,-181.0,269.0
314.0,,-4.0,-158.0,78.0,-716.0,754.0,81.0,-149.0,257.0
358.0,,-28.0,-226.0,44.0,-600.0,768.0,27.0,-120.0,232.0
396.0,,-15.0,-296.0,-43.0,-499.0,776.0,109.0,-93.0,208.0
413.0,,-19.0,-324.0,-154.0,-519.0,807.0,-195.0,-62.0,178.0
433.0,,-1.0,-318.0,-256.0,-515.0,811.0,142.0,-30.0,156.0
457.0,,37.0,-318.0,-299.0,-437.0,805.0,-48.0,-14.0,123.0
460.0,,51.0,-327.0,-268.0,-388.0,818.0,225.0,10.0,63.0
427.0,,97.0,-318.0,-205.0,-402.0,836.0,273.0,23.0,14.0
406.0,,105.0,-328.0,-125.0,-452.0,839.0,134.0,20.0,-36.0
418.0,,102.0,-361.0,-44.0,-440.0,833.0,421.0,9.0,-85.0
401.0,,81.0,-402.0,45.0,-354.0,869.0,142.0,-8.0,-110.0
363.0,,56.0,-441.0,121.0,-272.0,888.0,469.0,-20.0,-123.0
338.0,,48.0,-516.0,168.0,-289.0,857.0,332.0,-38.0,-118.0
312.0,,32.0,-633.0,206.0,-259.0,830.0,332.0,-44.0,-98.0
259.0,,46.0,-741.0,218.0,-118.0,824.0,402.0,-34.0,-65.0
187.0,,46.0,-851.0,219.0,-85.0,799.0,107.0,-20.0,8.0
142.0,,60.0,-916.0,233.0,-102.0,782.0,367.0,-17.0,145.0
158.0,,80.0,-927.0,249.0,-77.0,776.0,88.0,-12.0,286.0
139.0,,96.0,-896.0,270.0,16.0,763.0,345.0,-10.0,435.0
98.0,,109.0,-822.0,275.0,89.0,761.0,321.0,-17.0,602.0
125.0,,105.0,-771.0,221.0,87.0,749.0,249.0,-20.0,739.0
179.0,,114.0,-732.0,116.0,87.0,754.0,539.0,-38.0,862.0
215.0,,87.0,-716.0,-22.0,57.0,764.0,251.0,-70.0,958.0
212.0,,46.0,-730.0,-144.0,106.0,771.0,569.0,-112.0,1020.0
227.0,,25.0,-750.0,-180.0,148.0,778.0,338.0,-154.0,1061.0
296.0,,-16.0,-783.0,-149.0,157.0,769.0,345.0,-194.0,1044.0
345.0,,-91.0,-813.0,-70.0,200.0,758.0,408.0,-233.0,980.0
352.0,,-153.0,-862.0,7.0,170.0,750.0,206.0,-257.0,908.0
366.0,,-216.0,-895.0,23.0,102.0,746.0,565.0,-272.0,800.0
398.0,,-276.0,-895.0,0.0,77.0,741.0,306.0,-280.0,668.0
419.0,,-331.0,-885.0,-38.0,121.0,764.0,528.0,-274.0,563.0
408.0,,-399.0,-840.0,-68.0,162.0,788.0,363.0,-259.0,457.0
383.0,,-451.0,-759.0,-77.0,181.0,808.0,242.0,-270.0,381.0
401.0,,-505.0,-665.0,-65.0,123.0,855.0,467.0,-284.0,351.0
431.0,,-536.0,-584.0,-40.0,35.0,920.0,210.0,-282.0,317.0
390.0,,-560.0,-491.0,-32.0,20.0,968.0,587.0,-295.0,265.0
351.0,,-572.0,-387.0,-42.0,66.0,966.0,334.0,-302.0,202.0
352.0,,-541.0,-316.0,-43.0,98.0,981.0,382.0,-309.0,122.0
314.0,,-527.0,-267.0,-51.0,60.0,1021.0,424.0,-335.0,-2.0
220.0,,-503.0,-229.0,-57.0,57.0,1025.0,214.0,-356.0,-136.0
157.0,,-484.0,-211.0,-42.0,20.0,997.0,509.0,-365.0,-269.0
166.0,,-466.0,-215.0,-44.0,-12.0,964.0,232.0,-362.0,-393.0
131.0,,-453.0,-249.0,-49.0,-12.0,944.0,582.0,-345.0,-475.0
59.0,,-447.0,-296.0,-30.0,-22.0,935.0,467.0,-331.0,-525.0
57.0,,-432.0,-348.0,20.0,-23.0,936.0,382.0,-319.0,-517.0
79.0,,-425.0,-418.0,93.0,-70.0,925.0,537.0,-323.0,-476.0
34.0,,-413.0,-491.0,168.0,-69.0,891.0,127.0,-322.0,-406.0
-23.0,,-416.0,-557.0,236.0,-72.0,881.0,367.0,-307.0,-298.0
-26.0,,-403.0,-570.0,274.0,-27.0,913.0,55.0,-309.0,-201.0
-20.0,,-416.0,-523.0,295.0,-29.0,918.0,158.0,-313.0,-99.0
-26.0,,-412.0,-484.0,287.0,-96.0,898.0,177.0,-328.0,21.0
-31.0,,-382.0,-436.0,237.0,-104.0,928.0,44.0,-350.0,141.0
-21.0,,-378.0,-385.0,150.0,-106.0,975.0,389.0,-370.0,252.0
14.0,,-336.0,-324.0,38.0,-66.0,962.0,53.0,-389.0,344.0
63.0,,-293.0,-279.0,-53.0,-98.0,943.0,323.0,-399.0,422.0
67.0,,-248.0,-295.0,-110.0,-112.0,954.0,158.0,-399.0,490.0
35.0,,-203.0,-331.0,-117.0,-116.0,938.0,155.0,-399.0,539.0
30.0,,-164.0,-373.0,-104.0,-129.0,903.0,349.0,-392.0,562.0
29.0,,-115.0,-411.0,-80.0,-88.0,918.0,0.0,-383.0,566.0
13.0,,-79.0,-434.0,-34.0,-55.0,960.0,271.0,-372.0,573.0
-10.0,,-51.0,-465.0,-12.0,14.0,974.0,-11.0,-349.0,573.0
-29.0,,-33.0,-500.0,-16.0,17.0,973.0,116.0,-340.0,565.0
-48.0,,-31.0,-521.0,-46.0,-12.0,973.0,64.0,-320.0,559.0
-91.0,,-7.0,-545.0,-88.0,16.0,961.0,-136.0,-294.0,574.0
-132.0,,-8.0,-575.0,-132.0,36.0,933.0,109.0,-285.0,606.0
-141.0,,-39.0,-599.0,-176.0,22.0,918.0,-199.0,-261.0,631.0
-131.0,,-44.0,-624.0,-204.0,33.0,878.0,109.0,-222.0,651.0
-131.0,,-90.0,-655.0,-209.0,35.0,810.0,-64.0,-164.0,664.0
-155.0,,-127.0,-714.0,-185.0,37.0,777.0,-3.0,-89.0,670.0
-156.0,,-157.0,-778.0,-160.0,68.0,775.0,164.0,3.0,626.0
-136.0,,-209.0,-829.0,-142.0,68.0,763.0,-97.0,111.0,557.0
-137.0,,-231.0,-888.0,-122.0,60.0,735.0,242.0,219.0,489.0
-157.0,,-247.0,-923.0,-92.0,61.0,753.0,-18.0,319.0,393.0
-157.0,,-258.0,-931.0,-13.0,54.0,751.0,205.0,395.0,318.0
-113.0,,-278.0,-934.0,85.0,22.0,709.0,169.0,443.0,240.0
-81.0,,-264.0,-910.0,161.0,52.0,712.0,3.0,450.0,148.0
-71.0,,-255.0,-865.0,209.0,104.0,696.0,177.0,438.0,97.0
-31.0,,-257.0,-824.0,210.0,87.0,651.0,-131.0,414.0,47.0
35.0,,-206.0,-806.0,181.0,29.0,624.0,179.0,377.0,0.0
84.0,,-190.0,-793.0,124.0,-41.0,629.0,-72.0,330.0,-2.0
103.0,,-167.0,-788.0,60.0,-21.0,623.0,-35.0,271.0,6.0
113.0,,-147.0,-782.0,21.0,-4.0,596.0,60.0,209.0,37.0
136.0,,-136.0,-743.0,-18.0,12.0,572.0,-133.0,135.0,85.0
178.0,,-101.0,-705.0,-47.0,73.0,556.0,260.0,55.0,121.0
175.0,,-102.0,-664.0,-48.0,85.0,536.0,60.0,-37.0,197.0
139.0,,-68.0,-598.0,-22.0,134.0,515.0,299.0,-156.0,266.0
115.0,,-69.0,-524.0,2.0,183.0,562.0,184.0,-281.0,314.0
94.0,,-77.0,-471.0,7.0,200.0,613.0,136.0,-390.0,386.0
68.0,,-58.0,-427.0,9.0,245.0,613.0,328.0,-489.0,469.0
37.0,,-82.0,-394.0,8.0,286.0,603.0,36.0,-553.0,571.0
2.0,,-81.0,-400.0,36.0,297.0,601.0,371.0,-584.0,655.0
-40.0,,-117.0,-432.0,92.0,277.0,584.0,83.0,-600.0,722.0
-103.0,,-134.0,-470.0,173.0,276.0,566.0,168.0,-607.0,786.0
-162.0,,-139.0,-519.0,238.0,307.0,568.0,179.0,-625.0,810.0
-195.0,,-176.0,-567.0,240.0,357.0,535.0,-48.0,-623.0,815.0
-241.0,,-157.0,-594.0,191.0,438.0,479.0,236.0,-615.0,821.0
-308.0,,-167.0,-610.0,94.0,513.0,459.0,-86.0,-593.0,830.0
-364.0,,-174.0,-626.0,-12.0,582.0,440.0,214.0,-547.0,843.0
-390.0,,-168.0,-620.0,-128.0,669.0,398.0,160.0,-488.0,857.0
-391.0,,-183.0,-565.0,-249.0,732.0,397.0,212.0,-406.0,855.0
-389.0,,-161.0,-489.0,-340.0,786.0,440.0,413.0,-309.0,828.0
-370.0,,-170.0,-456.0,-365.0,822.0,463.0,125.0,-178.0,779.0
-325.0,,-170.0,-471.0,-297.0,822.0,454.0,448.0,-66.0,699.0
-267.0,,-168.0,-494.0,-165.0,807.0,437.0,153.0,24.0,624.0
-223.0,,-201.0,-497.0,-12.0,761.0,414.0,299.0,116.0,548.0
-188.0,,-195.0,-508.0,109.0,774.0,375.0,293.0,175.0,456.0
-140.0,,-215.0,-562.0,201.0,820.0,346.0,79.0,216.0,377.0
-64.0,,-232.0,-615.0,260.0,834.0,308.0,306.0,254.0,319.0
18.0,,-253.0,-635.0,276.0,883.0,235.0,-42.0,273.0,261.0
74.0,,-296.0,-665.0,274.0,928.0,183.0,273.0,272.0,208.0
134.0,,-313.0,-688.0,257.0,987.0,170.0,181.0,255.0,166.0
227.0,,-366.0,-690.0,236.0,1056.0,162.0,214.0,190.0,118.0
315.0,,-391.0,-682.0,234.0,1074.0,151.0,358.0,108.0,67.0
359.0,,-412.0,-660.0,249.0,1091.0,156.0,123.0,23.0,-20.0
401.0,,-449.0,-635.0,254.0,1093.0,183.0,450.0,-87.0,-145.0
444.0,,-427.0,-608.0,230.0,1025.0,177.0,179.0,-201.0,-269.0
449.0,,-432.0,-567.0,189.0,945.0,160.0,412.0,-314.0,-388.0
448.0,,-400.0,-534.0,128.0,926.0,178.0,415.0,-425.0,-477.0
439.0,,-316.0,-522.0,12.0,963.0,187.0,301.0,-533.0,-517.0
423.0,,-272.0,-501.0,-114.0,968.0,166.0,554.0,-638.0,-493.0
409.0,,-180.0,-482.0,-196.0,943.0,165.0,192.0,-727.0,-423.0
389.0,,-112.0,-464.0,-230.0,992.0,143.0,432.0,-789.0,-325.0
391.0,,-56.0,-477.0,-221.0,978.0,73.0,184.0,-833.0,-219.0
393.0,,34.0,-493.0,-170.0,958.0,45.0,160.0,-867.0,-145.0
369.0,,84.0,-463.0,-100.0,1026.0,46.0,291.0,-868.0,-99.0
339.0,,156.0,-425.0,-44.0,978.0,29.0,120.0,-838.0,-123.0
301.0,,196.0,-384.0,1.0,920.0,-17.0,443.0,-786.0,-202.0
262.0,,243.0,-342.0,37.0,908.0,-18.0,157.0,-716.0,-309.0
227.0,,286.0,-315.0,58.0,864.0,20.0,354.0,-630.0,-473.0
181.0,,287.0,-318.0,74.0,857.0,14.0,277.0,-539.0,-660.0
142.0,,305.0,-347.0,71.0,831.0,21.0,201.0,-441.0,-862.0
148.0,,280.0,-380.0,77.0,786.0,49.0,432.0,-349.0,-1066.0
185.0,,235.0,-420.0,108.0,797.0,67.0,140.0,-270.0,-1241.0
218.0,,192.0,-473.0,128.0,791.0,56.0,471.0,-195.0,-1387.0
248.0,,141.0,-530.0,111.0,721.0,59.0,267.0,-129.0,-1501.0
275.0,,74.0,-581.0,49.0,646.0,65.0,351.0,-73.0,-1549.0
288.0,,2.0,-620.0,-13.0,600.0,44.0,423.0,-28.0,-1551.0
268.0,,-57.0,-633.0,-57.0,544.0,45.0,197.0,12.0,-1524.0
203.0,,-139.0,-614.0,-104.0,470.0,41.0,471.0,52.0,-1453.0
175.0,,-187.0,-577.0,-136.0,388.0,35.0,155.0,97.0,-1354.0
176.0,,-232.0,-532.0,-170.0,304.0,45.0,400.0,137.0,-1249.0
123.0,,-285.0,-481.0,-218.0,311.0,77.0,327.0,169.0,-1120.0
51.0,,-301.0,-449.0,-267.0,337.0,116.0,306.0,208.0,-954.0
27.0,,-341.0,-440.0,-295.0,294.0,124.0,526.0,224.0,-777.0
49.0,,-340.0,-447.0,-268.0,230.0,152.0,212.0,222.0,-600.0
46.0,,-320.0,-472.0,-217.0,185.0,194.0,465.0,205.0,-450.0
12.0,,-306.0,-508.0,-177.0,200.0,171.0,155.0,181.0,-308.0
22.0,,-240.0,-539.0,-144.0,212.0,145.0,240.0,151.0,-182.0
62.0,,-187.0,-538.0,-125.0,209.0,152.0,310.0,105.0,-88.0
71.0,,-121.0,-532.0,-98.0,202.0,126.0,223.0,53.0,-29.0
41.0,,-57.0,-558.0,-59.0,160.0,99.0,511.0,-15.0,-19.0
24.0,,-11.0,-619.0,-36.0,193.0,85.0,171.0,-86.0,-26.0
42.0,,30.0,-680.0,-23.0,201.0,73.0,458.0,-165.0,-76.0
31.0,,26.0,-740.0,-8.0,179.0,49.0,349.0,-245.0,-182.0
-9.0,,12.0,-802.0,5.0,209.0,23.0,395.0,-319.0,-340.0
-14.0,,-17.0,-857.0,16.0,200.0,31.0,548.0,-390.0,-522.0
28.0,,-72.0,-913.0,26.0,181.0,35.0,245.0,-464.0,-693.0
55.0,,-107.0,-949.0,24.0,213.0,36.0,524.0,-530.0,-854.0
50.0,,-127.0,-953.0,-3.0,287.0,57.0,236.0,-579.0,-979.0
85.0,,-146.0,-930.0,-44.0,274.0,48.0,424.0,-627.0,-1051.0
146.0,,-156.0,-885.0,-82.0,276.0,-7.0,432.0,-661.0,-1079.0
166.0,,-135.0,-781.0,-122.0,252.0,-29.0,332.0,-686.0,-1051.0
171.0,,-102.0,-653.0,-166.0,185.0,-18.0,576.0,-701.0,-979.0
203.0,,-69.0,-555.0,-190.0,141.0,-52.0,232.0,-696.0,-861.0
260.0,,-22.0,-470.0,-173.0,37.0,-100.0,465.0,-717.0,-723.0
297.0,,20.0,-422.0,-110.0,32.0,-83.0,216.0,-745.0,-594.0
281.0,,86.0,-392.0,-36.0,62.0,-35.0,229.0,-747.0,-439.0
265.0,,130.0,-380.0,10.0,70.0,-48.0,328.0,-741.0,-295.0
270.0,,170.0,-406.0,5.0,14.0,-75.0,103.0,-734.0,-168.0
239.0,,232.0,-436.0,-58.0,-18.0,-60.0,443.0,-725.0,-59.0
170.0,,264.0,-474.0,-124.0,107.0,-77.0,173.0,-705.0,22.0
136.0,,290.0,-538.0,-171.0,209.0,-107.0,360.0,-664.0,89.0
140.0,,314.0,-595.0,-195.0,232.0,-88.0,249.0,-607.0,144.0
139.0,,328.0,-608.0,-185.0,236.0,-67.0,103.0,-561.0,188.0
123.0,,329.0,-589.0,-139.0,287.0,-73.0,266.0,-512.0,181.0
122.0,,326.0,-543.0,-77.0,305.0,-71.0,-62.0,-467.0,155.0
151.0,,307.0,-464.0,-10.0,308.0,-74.0,286.0,-434.0,97.0
178.0,,292.0,-349.0,49.0,321.0,-115.0,105.0,-403.0,5.0
178.0,,279.0,-211.0,78.0,226.0,-160.0,216.0,-386.0,-80.0
161.0,,266.0,-83.0,80.0,125.0,-166.0,290.0,-381.0,-151.0
208.0,,262.0,17.0,51.0,95.0,-159.0,-3.0,-385.0,-196.0
276.0,,235.0,89.0,0.0,118.0,-174.0,253.0,-399.0,-219.0
289.0,,235.0,145.0,-52.0,180.0,-179.0,-53.0,-405.0,-187.0
300.0,,214.0,187.0,-97.0,208.0,-184.0,149.0,-403.0,-123.0
352.0,,180.0,204.0,-135.0,221.0,-209.0,42.0,-386.0,-25.0
399.0,,178.0,187.0,-158.0,296.0,-239.0,16.0,-344.0,71.0
377.0,,151.0,143.0,-141.0,422.0,-271.0,195.0,-294.0,130.0
361.0,,141.0,67.0,-92.0,492.0,-290.0,-134.0,-234.0,164.0
359.0,,125.0,-29.0,-36.0,501.0,-313.0,179.0,-158.0,135.0
342.0,,85.0,-145.0,24.0,480.0,-321.0,-72.0,-90.0,47.0
298.0,,95.0,-273.0,97.0,411.0,-332.0,94.0,-32.0,-74.0
240.0,,79.0,-375.0,146.0,388.0,-359.0,229.0,18.0,-189.0
200.0,,73.0,-450.0,156.0,398.0,-361.0,83.0,47.0,-264.0
150.0,,112.0,-515.0,163.0,364.0,-356.0,382.0,66.0,-292.0
96.0,,110.0,-553.0,154.0,324.0,-391.0,38.0,85.0,-275.0
41.0,,146.0,-557.0,138.0,324.0,-456.0,184.0,110.0,-213.0
21.0,,185.0,-513.0,105.0,305.0,-493.0,-5.0,141.0,-124.0
13.0,,208.0,-408.0,58.0,307.0,-540.0,-35.0,172.0,-45.0
-21.0,,232.0,-289.0,28.0,383.0,-566.0,131.0,191.0,29.0
-43.0,,234.0,-160.0,2.0,457.0,-567.0,-171.0,175.0,82.0
-43.0,,254.0,-37.0,-20.0,507.0,-567.0,133.0,139.0,109.0
-34.0,,256.0,44.0,-59.0,533.0,-565.0,-140.0,84.0,118.0
-32.0,,233.0,75.0,-105.0,565.0,-593.0,-44.0,10.0,88.0
-54.0,,232.0,53.0,-133.0,509.0,-601.0,-90.0,-52.0,49.0
-66.0,,215.0,-13.0,-122.0,469.0,-626.0,-325.0,-113.0,6.0
-62.0,,177.0,-107.0,-66.0,486.0,-658.0,-73.0,-167.0,-64.0
-79.0,,192.0,-231.0,2.0,459.0,-661.0,-352.0,-182.0,-146.0
-127.0,,200.0,-373.0,85.0,417.0,-637.0,-29.0,-177.0,-264.0
-168.0,,200.0,-480.0,131.0,346.0,-623.0,-177.0,-152.0,-419.0
-177.0,,230.0,-553.0,111.0,352.0,-637.0,-227.0,-90.0,-596.0
-209.0,,239.0,-607.0,85.0,389.0,-618.0,-155.0,0.0,-786.0
-263.0,,256.0,-650.0,71.0,417.0,-613.0,-463.0,98.0,-966.0
-267.0,,289.0,-693.0,53.0,427.0,-617.0,-155.0,202.0,-1128.0
-237.0,,285.0,-730.0,48.0,502.0,-607.0,-441.0,308.0,-1261.0
-217.0,,309.0,-719.0,69.0,536.0,-610.0,-245.0,398.0,-1341.0
-197.0,,348.0,-657.0,85.0,436.0,-654.0,-275.0,476.0,-1358.0
-146.0,,365.0,-599.0,88.0,413.0,-658.0,-426.0,527.0,-1325.0
-67.0,,430.0,-544.0,86.0,382.0,-626.0,-214.0,551.0,-1273.0
1.0,,461.0,-481.0,70.0,381.0,-640.0,-580.0,549.0,-1204.0
27.0,,499.0,-407.0,30.0,372.0,-640.0,-328.0,520.0,-1137.0
71.0,,540.0,-314.0,-13.0,426.0,-651.0,-530.0,477.0,-1090.0
152.0,,545.0,-241.0,-55.0,515.0,-643.0,-476.0,419.0,-1058.0
188.0,,573.0,-183.0,-89.0,507.0,-607.0,-448.0,363.0,-1051.0
172.0,,543.0,-88.0,-127.0,484.0,-611.0,-726.0,324.0,-1057.0
170.0,,514.0,-18.0,-161.0,419.0,-627.0,-415.0,286.0,-1039.0
236.0,,476.0,-25.0,-160.0,456.0,-657.0,-727.0,250.0,-982.0
277.0,,427.0,-55.0,-161.0,446.0,-680.0,-495.0,213.0,-881.0
265.0,,385.0,-72.0,-134.0,364.0,-664.0,-546.0,172.0,-732.0
280.0,,312.0,-98.0,-82.0,365.0,-641.0,-630.0,141.0,-538.0
314.0,,267.0,-154.0,-39.0,379.0,-638.0,-393.0,88.0,-328.0
331.0,,207.0,-181.0,6.0,389.0,-656.0,-670.0,17.0,-132.0
307.0,,154.0,-188.0,25.0,377.0,-653.0,-402.0,-54.0,43.0
282.0,,113.0,-207.0,15.0,426.0,-656.0,-655.0,-138.0,197.0
280.0,,98.0,-224.0,-9.0,477.0,-657.0,-528.0,-220.0,319.0
283.0,,100.0,-238.0,-18.0,510.0,-611.0,-478.0,-281.0,375.0
268.0,,99.0,-254.0,-26.0,521.0,-610.0,-696.0,-342.0,385.0
239.0,,153.0,-293.0,-21.0,490.0,-618.0,-384.0,-381.0,357.0
220.0,,181.0,-329.0,9.0,513.0,-584.0,-702.0,-392.0,286.0
199.0,,225.0,-346.0,28.0,502.0,-534.0,-445.0,-418.0,204.0
185.0,,290.0,-350.0,33.0,442.0,-492.0,-594.0,-434.0,101.0
148.0,,342.0,-346.0,26.0,360.0,-458.0,-676.0,-442.0,7.0
113.0,,407.0,-354.0,0.0,306.0,-385.0,-467.0,-460.0,-70.0
117.0,,450.0,-330.0,-48.0,286.0,-347.0,-766.0,-472.0,-149.0
125.0,,477.0,-272.0,-89.0,295.0,-340.0,-428.0,-481.0,-200.0
131.0,,499.0,-258.0,-107.0,377.0,-352.0,-655.0,-489.0,-240.0
118.0,,503.0,-275.0,-95.0,380.0,-353.0,-569.0,-504.0,-279.0
102.0,,478.0,-298.0,-68.0,402.0,-335.0,-600.0,-497.0,-329.0
121.0,,466.0,-301.0,-63.0,441.0,-359.0,-805.0,-475.0,-389.0
147.0,,427.0,-280.0,-76.0,420.0,-350.0,-539.0,-442.0,-456.0
166.0,,377.0,-279.0,-117.0,407.0,-314.0,-796.0,-394.0,-543.0
208.0,,349.0,-259.0,-164.0,306.0,-310.0,-424.0,-355.0,-642.0
257.0,,324.0,-220.0,-196.0,245.0,-304.0,-550.0,-308.0,-782.0
297.0,,323.0,-201.0,-200.0,308.0,-285.0,-648.0,-245.0,-932.0
330.0,,297.0,-192.0,-175.0,290.0,-294.0,-591.0,-179.0,-1082.0
374.0,,301.0,-172.0,-118.0,211.0,-280.0,-977.0,-116.0,-1247.0
408.0,,312.0,-162.0,-35.0,232.0,-241.0,-733.0,-59.0,-1385.0
409.0,,300.0,-197.0,28.0,309.0,-236.0,-990.0,-24.0,-1491.0
414.0,,322.0,-266.0,72.0,363.0,-242.0,-820.0,6.0,-1546.0
418.0,,334.0,-337.0,86.0,344.0,-236.0,-785.0,26.0,-1526.0
426.0,,322.0,-405.0,61.0,336.0,-223.0,-873.0,29.0,-1430.0
394.0,,340.0,-460.0,8.0,371.0,-229.0,-593.0,43.0,-1277.0
333.0,,333.0,-498.0,-52.0,390.0,-204.0,-927.0,35.0,-1081.0
266.0,,316.0,-546.0,-78.0,354.0,-186.0,-672.0,20.0,-866.0
188.0,,349.0,-593.0,-82.0,336.0,-208.0,-883.0,8.0,-660.0
113.0,,323.0,-627.0,-73.0,398.0,-221.0,-938.0,-20.0,-484.0
15.0,,318.0,-665.0,-55.0,429.0,-232.0,-788.0,-41.0,-344.0
-44.0,,347.0,-692.0,-38.0,417.0,-254.0,-960.0,-80.0,-234.0
-59.0,,326.0,-680.0,-39.0,383.0,-296.0,-641.0,-123.0,-177.0
-77.0,,341.0,-629.0,-68.0,457.0,-317.0,-992.0,-149.0,-154.0
-112.0,,369.0,-562.0,-88.0,511.0,-307.0,-938.0,-172.0,-146.0
-114.0,,378.0,-474.0,-72.0,496.0,-282.0,-1112.0,-195.0,-159.0
-123.0,,407.0,-364.0,-59.0,553.0,-247.0,-1256.0,-214.0,-188.0
-159.0,,439.0,-252.0,-50.0,563.0,-214.0,-984.0,-231.0,-215.0
-171.0,,445.0,-140.0,-29.0,546.0,-183.0,-1234.0,-236.0,-239.0
-176.0,,444.0,-35.0,-21.0,517.0,-168.0,-916.0,-250.0,-229.0
-134.0,,446.0,74.0,-6.0,526.0,-141.0,-1140.0,-277.0,-179.0
-121.0,,442.0,143.0,11.0,572.0,-92.0,-1101.0,-290.0,-106.0
-149.0,,430.0,151.0,60.0,612.0,-95.0,-1005.0,-314.0,20.0
-148.0,,424.0,178.0,116.0,655.0,-109.0,-1206.0,-326.0,155.0
-106.0,,436.0,214.0,130.0,699.0,-84.0,-873.0,-340.0,282.0
-81.0,,437.0,224.0,159.0,728.0,-95.0,-1143.0,-343.0,395.0
-104.0,,437.0,235.0,155.0,744.0,-132.0,-920.0,-315.0,465.0
-91.0,,468.0,295.0,92.0,753.0,-140.0,-997.0,-297.0,480.0
-60.0,,465.0,385.0,27.0,707.0,-135.0,-1099.0,-262.0,434.0
-38.0,,446.0,438.0,7.0,723.0,-154.0,-936.0,-217.0,334.0
-43.0,,455.0,468.0,11.0,757.0,-171.0,-1267.0,-171.0,187.0
-21.0,,432.0,500.0,41.0,730.0,-169.0,-962.0,-107.0,18.0
37.0,,422.0,505.0,116.0,714.0,-165.0,-1149.0,-42.0,-168.0
71.0,,416.0,475.0,167.0,678.0,-160.0,-1019.0,20.0,-335.0
92.0,,388.0,417.0,165.0,665.0,-157.0,-944.0,90.0,-458.0
109.0,,383.0,325.0,154.0,692.0,-165.0,-1110.0,156.0,-526.0
166.0,,375.0,245.0,183.0,653.0,-173.0,-800.0,224.0,-550.0
225.0,,358.0,187.0,216.0,625.0,-143.0,-1128.0,298.0,-552.0
211.0,,352.0,119.0,225.0,605.0,-121.0,-933.0,363.0,-523.0
187.0,,342.0,56.0,232.0,563.0,-130.0,-1075.0,413.0,-505.0
234.0,,294.0,14.0,217.0,585.0,-136.0,-1073.0,454.0,-497.0
281.0,,267.0,-8.0,185.0,596.0,-168.0,-861.0,494.0,-520.0
258.0,,213.0,-61.0,151.0,590.0,-185.0,-1147.0,510.0,-551.0
202.0,,128.0,-157.0,95.0,557.0,-196.0,-827.0,518.0,-586.0
181.0,,94.0,-234.0,30.0,512.0,-223.0,-1106.0,506.0,-644.0
141.0,,20.0,-297.0,-16.0,494.0,-222.0,-984.0,470.0,-672.0
32.0,,-51.0,-352.0,-17.0,486.0,-255.0,-968.0,418.0,-691.0
-56.0,,-110.0,-372.0,-15.0,533.0,-312.0,-1123.0,352.0,-699.0
-112.0,,-176.0,-352.0,-53.0,546.0,-344.0,-837.0,275.0,-694.0
-157.0,,-220.0,-327.0,-82.0,550.0,-339.0,-1171.0,176.0,-675.0
-219.0,,-274.0,-292.0,-118.0,581.0,-313.0,-927.0,88.0,-655.0
-274.0,,-302.0,-216.0,-156.0,563.0,-322.0,-1134.0,2.0,-626.0
-269.0,,-328.0,-119.0,-154.0,542.0,-319.0,-1117.0,-79.0,-567.0
-251.0,,-323.0,-30.0,-118.0,488.0,-289.0,-886.0,-149.0,-517.0
-265.0,,-307.0,3.0,-66.0,485.0,-257.0,-1071.0,-204.0,-443.0
-282.0,,-307.0,-9.0,-24.0,522.0,-194.0,-685.0,-244.0,-354.0
-237.0,,-247.0,-31.0,18.0,478.0,-151.0,-992.0,-281.0,-282.0
-186.0,,-231.0,-53.0,40.0,429.0,-158.0,-859.0,-297.0,-225.0
-181.0,,-214.0,-70.0,14.0,422.0,-174.0,-896.0,-298.0,-168.0
-149.0,,-135.0,-96.0,-27.0,454.0,-193.0,-1036.0,-289.0,-109.0
-75.0,,-102.0,-121.0,-60.0,414.0,-215.0,-753.0,-276.0,-90.0
0.0,,-49.0,-162.0,-68.0,363.0,-241.0,-1055.0,-246.0,-67.0
18.0,,24.0,-234.0,-53.0,385.0,-265.0,-781.0,-217.0,-35.0
25.0,,57.0,-322.0,-17.0,405.0,-276.0,-1038.0,-203.0,-1.0
76.0,,104.0,-401.0,15.0,405.0,-295.0,-1069.0,-191.0,24.0
100.0,,137.0,-458.0,27.0,372.0,-289.0,-986.0,-187.0,46.0
78.0,,148.0,-497.0,40.0,359.0,-258.0,-1191.0,-175.0,90.0
30.0,,174.0,-489.0,79.0,363.0,-251.0,-818.0,-161.0,149.0
-2.0,,194.0,-436.0,142.0,346.0,-261.0,-1079.0,-120.0,217.0
-26.0,,201.0,-400.0,192.0,299.0,-235.0,-833.0,-47.0,264.0
-68.0,,202.0,-376.0,223.0,298.0,-203.0,-879.0,31.0,313.0
-122.0,,210.0,-337.0,252.0,310.0,-194.0,-977.0,131.0,335.0
-190.0,,185.0,-326.0,254.0,298.0,-170.0,-757.0,233.0,304.0
-252.0,,140.0,-363.0,233.0,279.0,-163.0,-1103.0,332.0,243.0
-318.0,,90.0,-429.0,189.0,225.0,-185.0,-859.0,431.0,145.0
-375.0,,31.0,-487.0,107.0,210.0,-201.0,-1077.0,508.0,36.0
-422.0,,-39.0,-545.0,7.0,146.0,-202.0,-931.0,552.0,-63.0
-472.0,,-124.0,-626.0,-79.0,110.0,-191.0,-844.0,558.0,-158.0
-483.0,,-185.0,-686.0,-107.0,152.0,-182.0,-1116.0,525.0,-233.0
-448.0,,-258.0,-699.0,-108.0,203.0,-180.0,-923.0,467.0,-259.0
-410.0,,-299.0,-645.0,-88.0,246.0,-178.0,-1350.0,399.0,-248.0
-358.0,,-322.0,-574.0,-43.0,230.0,-197.0,-1167.0,303.0,-223.0
-309.0,,-337.0,-517.0,-27.0,228.0,-212.0,-1215.0,193.0,-170.0
-289.0,,-324.0,-432.0,-26.0,220.0,-157.0,-1143.0,88.0,-90.0
-226.0,,-323.0,-320.0,-50.0,173.0,-137.0,-846.0,-3.0,-13.0
-147.0,,-289.0,-213.0,-101.0,124.0,-166.0,-1121.0,-75.0,47.0
-100.0,,-232.0,-120.0,-140.0,114.0,-150.0,-814.0,-143.0,86.0
-61.0,,-185.0,-23.0,-139.0,115.0,-117.0,-1090.0,-201.0,116.0
-7.0,,-116.0,57.0,-100.0,106.0,-94.0,-1003.0,-222.0,144.0
63.0,,-36.0,130.0,-45.0,107.0,-112.0,-962.0,-241.0,151.0
76.0,,0.0,200.0,14.0,107.0,-126.0,-1123.0,-234.0,172.0
33.0,,58.0,232.0,43.0,119.0,-113.0,-801.0,-172.0,179.0
1.0,,123.0,220.0,24.0,140.0,-91.0,-1099.0,-96.0,175.0
-24.0,,151.0,165.0,-11.0,158.0,-46.0,-853.0,1.0,195.0
-55.0,,204.0,94.0,-35.0,151.0,-46.0,-1053.0,109.0,214.0
-83.0,,203.0,28.0,-52.0,166.0,-67.0,-1147.0,194.0,233.0
-116.0,,200.0,-44.0,-71.0,171.0,-48.0,-1034.0,257.0,246.0
-154.0,,218.0,-130.0,-96.0,128.0,-40.0,-1369.0,298.0,226.0
-185.0,,180.0,-208.0,-115.0,114.0,-51.0,-1053.0,322.0,184.0
-224.0,,187.0,-263.0,-155.0,133.0,-51.0,-1243.0,330.0,157.0
-256.0,,172.0,-305.0,-206.0,88.0,-56.0,-947.0,327.0,131.0
-276.0,,163.0,-351.0,-223.0,25.0,-73.0,-837.0,307.0,110.0
-288.0,,190.0,-386.0,-247.0,68.0,-101.0,-944.0,276.0,103.0
-311.0,,206.0,-385.0,-270.0,143.0,-91.0,-678.0,233.0,112.0
-300.0,,244.0,-374.0,-244.0,148.0,-48.0,-1067.0,174.0,134.0
-233.0,,293.0,-381.0,-149.0,100.0,-52.0,-842.0,113.0,117.0
-179.0,,347.0,-377.0,-33.0,66.0,-64.0,-1029.0,55.0,70.0
-110.0,,385.0,-360.0,72.0,35.0,-44.0,-988.0,-4.0,28.0
-69.0,,445.0,-351.0,149.0,36.0,-44.0,-792.0,-69.0,8.0
-29.0,,461.0,-349.0,159.0,15.0,-40.0,-1005.0,-124.0,-12.0
25.0,,467.0,-325.0,123.0,12.0,-4.0,-676.0,-188.0,-47.0
15.0,,471.0,-271.0,73.0,64.0,20.0,-955.0,-238.0,-55.0
8.0,,408.0,-228.0,52.0,54.0,0.0,-713.0,-261.0,-65.0
25.0,,373.0,-187.0,63.0,14.0,-17.0,-727.0,-275.0,-92.0
64.0,,297.0,-151.0,110.0,-3.0,-19.0,-820.0,-267.0,-117.0
57.0,,188.0,-138.0,213.0,32.0,-35.0,-526.0,-250.0,-139.0
31.0,,122.0,-145.0,313.0,68.0,-36.0,-861.0,-220.0,-145.0
63.0,,16.0,-176.0,330.0,72.0,-56.0,-556.0,-185.0,-145.0
82.0,,-75.0,-214.0,287.0,44.0,-68.0,-692.0,-152.0,-142.0
92.0,,-157.0,-249.0,215.0,25.0,-66.0,-611.0,-105.0,-111.0
90.0,,-256.0,-266.0,92.0,2.0,-88.0,-539.0,-48.0,-71.0
88.0,,-297.0,-269.0,-18.0,46.0,-90.0,-820.0,1.0,-21.0
80.0,,-346.0,-261.0,-67.0,137.0,-112.0,-589.0,34.0,28.0
77.0,,-361.0,-254.0,-91.0,129.0,-120.0,-921.0,56.0,60.0
83.0,,-337.0,-279.0,-137.0,137.0,-81.0,-659.0,60.0,94.0
59.0,,-306.0,-306.0,-136.0,118.0,-57.0,-702.0,44.0,117.0
33.0,,-254.0,-319.0,-92.0,151.0,-51.0,-744.0,27.0,112.0
27.0,,-172.0,-317.0,-98.0,211.0,-82.0,-502.0,26.0,96.0
16.0,,-78.0,-308.0,-85.0,191.0,-114.0,-877.0,35.0,89.0
-22.0,,-1.0,-307.0,-58.0,195.0,-114.0,-613.0,60.0,90.0
-28.0,,77.0,-276.0,-69.0,198.0,-113.0,-873.0,83.0,95.0
-19.0,,138.0,-228.0,-82.0,239.0,-115.0,-807.0,84.0,123.0
-24.0,,210.0,-229.0,-66.0,273.0,-119.0,-713.0,64.0,169.0
-20.0,,240.0,-259.0,-17.0,262.0,-121.0,-947.0,45.0,216.0
-11.0,,286.0,-283.0,5.0,271.0,-121.0,-622.0,30.0,261.0
-7.0,,353.0,-298.0,36.0,327.0,-135.0,-905.0,4.0,292.0
-5.0,,364.0,-294.0,87.0,378.0,-155.0,-639.0,-6.0,314.0
0.0,,407.0,-283.0,98.0,356.0,-133.0,-687.0,-20.0,314.0
-11.0,,440.0,-244.0,109.0,338.0,-116.0,-742.0,-27.0,283.0
-6.0,,449.0,-221.0,121.0,398.0,-121.0,-576.0,-21.0,254.0
8.0,,482.0,-231.0,139.0,426.0,-115.0,-918.0,-9.0,221.0
-5.0,,490.0,-226.0,159.0,418.0,-95.0,-613.0,20.0,163.0
-30.0,,483.0,-239.0,175.0,457.0,-60.0,-920.0,49.0,109.0
-22.0,,471.0,-267.0,233.0,509.0,-73.0,-825.0,84.0,58.0
-18.0,,429.0,-298.0,286.0,586.0,-79.0,-720.0,115.0,4.0
-55.0,,420.0,-359.0,288.0,607.0,-62.0,-914.0,148.0,-21.0
-81.0,,394.0,-432.0,297.0,619.0,-62.0,-635.0,186.0,-58.0
-86.0,,355.0,-474.0,322.0,628.0,-94.0,-984.0,214.0,-95.0
-111.0,,337.0,-503.0,294.0,615.0,-130.0,-776.0,236.0,-114.0
-142.0,,289.0,-543.0,229.0,591.0,-131.0,-907.0,235.0,-139.0
-153.0,,239.0,-564.0,185.0,575.0,-139.0,-861.0,214.0,-138.0
-147.0,,184.0,-564.0,153.0,596.0,-117.0,-556.0,198.0,-114.0
-134.0,,129.0,-557.0,80.0,557.0,-105.0,-753.0,180.0,-89.0
-149.0,,73.0,-556.0,-7.0,573.0,-129.0,-419.0,160.0,-57.0
-182.0,,52.0,-520.0,-57.0,590.0,-135.0,-696.0,146.0,-29.0
-200.0,,6.0,-463.0,-119.0,644.0,-122.0,-569.0,129.0,-44.0
-186.0,,-20.0,-433.0,-177.0,707.0,-102.0,-570.0,94.0,-45.0
-193.0,,0.0,-409.0,-172.0,680.0,-119.0,-685.0,46.0,-28.0
-231.0,,-28.0,-386.0,-142.0,621.0,-152.0,-352.0,-1.0,-37.0
-208.0,,-22.0,-331.0,-115.0,567.0,-150.0,-604.0,-51.0,-17.0
-187.0,,-39.0,-292.0,-93.0,640.0,-139.0,-271.0,-97.0,-3.0
-228.0,,-44.0,-317.0,-71.0,659.0,-159.0,-419.0,-133.0,0.0
-276.0,,-28.0,-349.0,-64.0,638.0,-165.0,-395.0,-167.0,24.0
-292.0,,-79.0,-396.0,-60.0,633.0,-138.0,-286.0,-189.0,20.0
-290.0,,-76.0,-454.0,-19.0,574.0,-129.0,-559.0,-199.0,7.0
-313.0,,-111.0,-508.0,16.0,547.0,-144.0,-260.0,-201.0,-25.0
-324.0,,-158.0,-563.0,-1.0,522.0,-163.0,-582.0,-181.0,-72.0
-293.0,,-156.0,-608.0,-40.0,477.0,-191.0,-404.0,-151.0,-105.0
-270.0,,-195.0,-670.0,-50.0,477.0,-225.0,-461.0,-106.0,-120.0
-278.0,,-210.0,-751.0,-58.0,527.0,-216.0,-567.0,-55.0,-125.0
-287.0,,-226.0,-784.0,-82.0,534.0,-211.0,-284.0,-12.0,-138.0
-317.0,,-245.0,-781.0,-109.0,492.0,-219.0,-543.0,26.0,-128.0
-341.0,,-264.0,-742.0,-139.0,477.0,-170.0,-205.0,43.0,-126.0
-345.0,,-305.0,-657.0,-153.0,488.0,-119.0,-410.0,38.0,-104.0
-362.0,,-317.0,-580.0,-141.0,496.0,-79.0,-328.0,20.0,-67.0
-338.0,,-339.0,-488.0,-104.0,527.0,-47.0,-179.0,0.0,-48.0
-277.0,,-354.0,-391.0,-64.0,480.0,-42.0,-327.0,-21.0,-15.0
-231.0,,-345.0,-320.0,-17.0,431.0,-21.0,68.0,-41.0,10.0
-206.0,,-337.0,-254.0,23.0,424.0,-17.0,-173.0,-53.0,34.0
-172.0,,-325.0,-187.0,26.0,395.0,-36.0,81.0,-74.0,71.0
-107.0,,-319.0,-167.0,-10.0,434.0,-42.0,-46.0,-68.0,127.0
-81.0,,-290.0,-211.0,-112.0,386.0,-26.0,-240.0,-53.0,176.0
-101.0,,-290.0,-267.0,-229.0,291.0,-1.0,-120.0,-40.0,205.0
-107.0,,-277.0,-307.0,-314.0,298.0,29.0,-441.0,-7.0,248.0
-86.0,,-228.0,-336.0,-348.0,344.0,43.0,-105.0,7.0,297.0
-62.0,,-225.0,-370.0,-307.0,358.0,35.0,-308.0,8.0,324.0
-55.0,,-179.0,-366.0,-225.0,338.0,40.0,-171.0,8.0,329.0
-6.0,,-142.0,-310.0,-142.0,339.0,27.0,-121.0,18.0,290.0
87.0,,-107.0,-283.0,-59.0,376.0,-2.0,-352.0,49.0,234.0
146.0,,-32.0,-287.0,24.0,349.0,-33.0,-33.0,102.0,184.0
156.0,,16.0,-289.0,50.0,234.0,-40.0,-304.0,160.0,135.0
181.0,,75.0,-231.0,17.0,200.0,-26.0,-35.0,222.0,97.0
242.0,,101.0,-122.0,-3.0,300.0,-22.0,-133.0,285.0,64.0
287.0,,150.0,-67.0,-13.0,354.0,2.0,-184.0,310.0,65.0
288.0,,180.0,-44.0,-33.0,272.0,18.0,-14.0,330.0,66.0
302.0,,160.0,-28.0,-51.0,210.0,39.0,-279.0,349.0,53.0
339.0,,177.0,-44.0,-61.0,204.0,48.0,72.0,354.0,41.0
380.0,,161.0,-70.0,-58.0,227.0,38.0,-179.0,362.0,30.0
410.0,,115.0,-90.0,-66.0,161.0,71.0,-60.0,376.0,33.0
390.0,,94.0,-89.0,-55.0,91.0,99.0,-44.0,402.0,48.0
376.0,,51.0,-107.0,-24.0,190.0,82.0,-221.0,415.0,77.0
366.0,,6.0,-149.0,-39.0,210.0,51.0,140.0,435.0,110.0
351.0,,-17.0,-173.0,-73.0,134.0,42.0,-62.0,470.0,123.0
322.0,,-70.0,-208.0,-95.0,120.0,45.0,264.0,498.0,109.0
271.0,,-98.0,-249.0,-117.0,155.0,74.0,168.0,521.0,86.0
284.0,,-110.0,-251.0,-168.0,189.0,93.0,103.0,549.0,39.0
297.0,,-122.0,-253.0,-209.0,182.0,73.0,171.0,566.0,-18.0
270.0,,-109.0,-269.0,-212.0,127.0,65.0,-112.0,564.0,-93.0
224.0,,-92.0,-278.0,-221.0,146.0,65.0,210.0,550.0,-148.0
201.0,,-92.0,-293.0,-230.0,138.0,63.0,3.0,522.0,-175.0
209.0,,-62.0,-280.0,-210.0,62.0,54.0,212.0,497.0,-208.0
148.0,,-6.0,-223.0,-153.0,99.0,55.0,164.0,456.0,-191.0
93.0,,0.0,-131.0,-106.0,132.0,45.0,-16.0,423.0,-154.0
105.0,,44.0,-23.0,-50.0,116.0,6.0,273.0,387.0,-108.0
119.0,,55.0,86.0,28.0,58.0,-10.0,38.0,344.0,-59.0
81.0,,41.0,134.0,77.0,45.0,-30.0,373.0,332.0,-24.0
49.0,,77.0,104.0,92.0,106.0,-56.0,238.0,322.0,12.0
63.0,,50.0,51.0,88.0,113.0,-97.0,290.0,306.0,40.0
43.0,,29.0,-13.0,61.0,56.0,-109.0,402.0,283.0,63.0
6.0,,30.0,-67.0,11.0,0.0,-92.0,194.0,262.0,88.0
-16.0,,-3.0,-122.0,-31.0,31.0,-107.0,574.0,232.0,106.0
-11.0,,-16.0,-202.0,-58.0,49.0,-99.0,304.0,181.0,110.0
3.0,,-34.0,-264.0,-84.0,8.0,-86.0,493.0,113.0,105.0
5.0,,-63.0,-293.0,-118.0,-47.0,-68.0,373.0,35.0,104.0
20.0,,-67.0,-315.0,-128.0,-88.0,-76.0,223.0,-44.0,105.0
33.0,,-87.0,-348.0,-96.0,-95.0,-111.0,493.0,-123.0,106.0
34.0,,-81.0,-355.0,-67.0,-104.0,-130.0,227.0,-197.0,117.0
19.0,,-65.0,-321.0,-46.0,-80.0,-147.0,587.0,-274.0,131.0
1.0,,-77.0,-288.0,-22.0,-50.0,-149.0,397.0,-319.0,152.0
9.0,,-57.0,-266.0,15.0,-41.0,-163.0,454.0,-328.0,168.0
31.0,,-58.0,-238.0,48.0,-41.0,-180.0,500.0,-311.0,163.0
27.0,,-60.0,-192.0,63.0,-60.0,-169.0,253.0,-263.0,179.0
-5.0,,-48.0,-138.0,73.0,-13.0,-183.0,574.0,-218.0,208.0
-17.0,,-65.0,-115.0,84.0,13.0,-248.0,327.0,-155.0,248.0
-27.0,,-70.0,-141.0,82.0,-29.0,-277.0,565.0,-87.0,308.0
-58.0,,-96.0,-172.0,65.0,0.0,-287.0,406.0,-31.0,340.0
-111.0,,-129.0,-195.0,42.0,34.0,-314.0,365.0,13.0,384.0
-155.0,,-163.0,-247.0,-9.0,47.0,-319.0,580.0,44.0,415.0
-170.0,,-217.0,-288.0,-88.0,19.0,-312.0,306.0,74.0,405.0
-198.0,,-247.0,-301.0,-138.0,-35.0,-324.0,670.0,99.0,400.0
-239.0,,-284.0,-324.0,-142.0,-25.0,-333.0,382.0,116.0,357.0
-283.0,,-341.0,-356.0,-129.0,0.0,-314.0,465.0,133.0,289.0
-300.0,,-352.0,-365.0,-117.0,-22.0,-286.0,469.0,161.0,200.0
-329.0,,-363.0,-360.0,-96.0,-62.0,-233.0,343.0,178.0,89.0
-382.0,,-365.0,-367.0,-50.0,-5.0,-222.0,707.0,185.0,1.0
-427.0,,-320.0,-342.0,0.0,50.0,-215.0,399.0,207.0,-68.0
-458.0,,-299.0,-318.0,46.0,56.0,-187.0,676.0,219.0,-128.0
-472.0,,-263.0,-281.0,82.0,-4.0,-191.0,441.0,211.0,-166.0
-521.0,,-226.0,-175.0,91.0,-74.0,-193.0,380.0,185.0,-193.0
-595.0,,-208.0,-62.0,95.0,-28.0,-210.0,548.0,151.0,-195.0
-660.0,,-166.0,41.0,74.0,-14.0,-219.0,347.0,130.0,-174.0
-684.0,,-137.0,117.0,35.0,-79.0,-209.0,729.0,119.0,-171.0
-703.0,,-112.0,167.0,1.0,-156.0,-207.0,439.0,126.0,-176.0
-774.0,,-78.0,183.0,-44.0,-121.0,-241.0,626.0,142.0,-166.0
-822.0,,-86.0,172.0,-70.0,-85.0,-277.0,570.0,155.0,-148.0
-818.0,,-70.0,192.0,-94.0,-127.0,-287.0,434.0,175.0,-134.0
-842.0,,-44.0,173.0,-134.0,-170.0,-300.0,665.0,199.0,-123.0
-895.0,,-54.0,146.0,-155.0,-204.0,-322.0,339.0,222.0,-140.0
-923.0,,-44.0,149.0,-149.0,-158.0,-347.0,668.0,241.0,-162.0
-929.0,,-19.0,60.0,-125.0,-166.0,-345.0,474.0,252.0,-156.0
-939.0,,-25.0,-17.0,-92.0,-184.0,-337.0,587.0,255.0,-149.0
-952.0,,-10.0,-55.0,-47.0,-187.0,-350.0,755.0,247.0,-114.0
-940.0,,27.0,-159.0,-10.0,-235.0,-375.0,511.0,220.0,-53.0
-888.0,,20.0,-238.0,-19.0,-227.0,-344.0,811.0,182.0,-3.0
-826.0,,36.0,-307.0,-61.0,-243.0,-311.0,524.0,147.0,60.0
-803.0,,33.0,-374.0,-92.0,-285.0,-325.0,746.0,101.0,117.0
-769.0,,15.0,-342.0,-132.0,-300.0,-314.0,679.0,51.0,153.0
-686.0,,17.0,-292.0,-215.0,-319.0,-320.0,657.0,6.0,179.0
-631.0,,-11.0,-280.0,-290.0,-283.0,-352.0,925.0,-41.0,186.0
-616.0,,-1.0,-240.0,-334.0,-237.0,-378.0,657.0,-67.0,179.0
-569.0,,-16.0,-185.0,-382.0,-237.0,-359.0,979.0,-71.0,175.0
-474.0,,-29.0,-166.0,-420.0,-262.0,-342.0,737.0,-87.0,195.0
-436.0,,-5.0,-130.0,-412.0,-341.0,-354.0,875.0,-68.0,216.0
-441.0,,-9.0,-81.0,-343.0,-350.0,-372.0,946.0,-13.0,228.0
-396.0,,-7.0,-76.0,-225.0,-326.0,-417.0,759.0,38.0,241.0
-333.0,,-10.0,-29.0,-97.0,-372.0,-442.0,1077.0,96.0,245.0
-306.0,,0.0,59.0,12.0,-421.0,-460.0,796.0,152.0,243.0
-308.0,,20.0,81.0,85.0,-430.0,-456.0,1055.0,198.0,233.0
-300.0,,31.0,76.0,113.0,-453.0,-431.0,903.0,247.0,212.0
-251.0,,48.0,59.0,134.0,-484.0,-411.0,921.0,292.0,157.0
-186.0,,70.0,-6.0,141.0,-477.0,-394.0,1095.0,348.0,66.0
-197.0,,79.0,-86.0,109.0,-510.0,-381.0,783.0,414.0,-61.0
-222.0,,80.0,-147.0,69.0,-507.0,-380.0,1045.0,461.0,-218.0
-174.0,,106.0,-221.0,35.0,-501.0,-394.0,665.0,510.0,-394.0
-145.0,,105.0,-319.0,-8.0,-508.0,-373.0,752.0,536.0,-604.0
-174.0,,97.0,-364.0,-71.0,-506.0,-359.0,729.0,535.0,-833.0
-189.0,,103.0,-375.0,-119.0,-500.0,-353.0,583.0,524.0,-1049.0
-145.0,,92.0,-370.0,-127.0,-474.0,-349.0,881.0,503.0,-1230.0
-110.0,,92.0,-335.0,-160.0,-469.0,-347.0,582.0,464.0,-1369.0
-146.0,,79.0,-301.0,-224.0,-430.0,-357.0,855.0,407.0,-1444.0
-194.0,,72.0,-247.0,-252.0,-452.0,-397.0,681.0,345.0,-1440.0
-172.0,,101.0,-214.0,-240.0,-516.0,-421.0,733.0,285.0,-1350.0
-163.0,,83.0,-228.0,-206.0,-505.0,-434.0,892.0,252.0,-1182.0
-198.0,,114.0,-238.0,-151.0,-407.0,-427.0,683.0,214.0,-966.0
-221.0,,160.0,-278.0,-87.0,-299.0,-440.0,1003.0,187.0,-735.0
-219.0,,120.0,-367.0,-38.0,-288.0,-434.0,631.0,181.0,-535.0
-182.0,,148.0,-441.0,-2.0,-329.0,-443.0,781.0,182.0,-359.0
-205.0,,144.0,-493.0,32.0,-306.0,-480.0,687.0,202.0,-218.0
-240.0,,115.0,-542.0,66.0,-231.0,-483.0,513.0,222.0,-118.0
-213.0,,138.0,-572.0,95.0,-231.0,-459.0,735.0,246.0,-41.0
-186.0,,115.0,-575.0,117.0,-268.0,-398.0,424.0,266.0,-18.0
-188.0,,102.0,-517.0,109.0,-273.0,-409.0,768.0,283.0,1.0
-213.0,,99.0,-410.0,62.0,-259.0,-449.0,624.0,287.0,35.0
-194.0,,51.0,-293.0,4.0,-246.0,-445.0,713.0,273.0,61.0
-161.0,,19.0,-173.0,-47.0,-251.0,-414.0,759.0,241.0,108.0
-161.0,,-23.0,-86.0,-81.0,-244.0,-386.0,485.0,201.0,149.0
-164.0,,-77.0,-24.0,-76.0,-149.0,-399.0,735.0,146.0,199.0
-156.0,,-116.0,-10.0,-30.0,-100.0,-377.0,404.0,71.0,236.0
-150.0,,-200.0,-42.0,26.0,-158.0,-335.0,687.0,5.0,240.0
-162.0,,-248.0,-55.0,71.0,-130.0,-304.0,646.0,-83.0,205.0
-190.0,,-313.0,-39.0,98.0,-77.0,-300.0,618.0,-165.0,144.0
-211.0,,-395.0,-8.0,117.0,-66.0,-311.0,824.0,-235.0,64.0
-194.0,,-446.0,24.0,159.0,-81.0,-311.0,458.0,-308.0,-63.0
-210.0,,-501.0,110.0,195.0,-131.0,-290.0,668.0,-355.0,-190.0
-248.0,,-527.0,232.0,181.0,-150.0,-223.0,354.0,-376.0,-335.0
-263.0,,-561.0,335.0,143.0,-141.0,-196.0,458.0,-369.0,-479.0
-257.0,,-566.0,384.0,137.0,-127.0,-216.0,561.0,-359.0,-599.0
-277.0,,-547.0,398.0,149.0,-102.0,-199.0,489.0,-353.0,-725.0
-353.0,,-510.0,418.0,109.0,-57.0,-157.0,837.0,-360.0,-815.0
-369.0,,-477.0,390.0,72.0,-39.0,-160.0,522.0,-372.0,-881.0
-353.0,,-413.0,314.0,53.0,-41.0,-222.0,752.0,-375.0,-939.0
-359.0,,-340.0,221.0,23.0,-8.0,-271.0,602.0,-358.0,-973.0
-364.0,,-281.0,146.0,8.0,-22.0,-279.0,626.0,-322.0,-982.0
-348.0,,-175.0,85.0,-7.0,-17.0,-285.0,812.0,-266.0,-963.0
-318.0,,-128.0,24.0,-3.0,-12.0,-327.0,535.0,-196.0,-909.0
-323.0,,-78.0,-38.0,-5.0,-32.0,-373.0,890.0,-132.0,-815.0
-319.0,,-21.0,-87.0,-18.0,31.0,-395.0,622.0,-55.0,-690.0
-311.0,,-2.0,-121.0,-40.0,13.0,-384.0,698.0,28.0,-528.0
-315.0,,0.0,-157.0,-72.0,-44.0,-365.0,624.0,101.0,-333.0
-331.0,,13.0,-145.0,-88.0,-50.0,-361.0,430.0,199.0,-132.0
-372.0,,14.0,-114.0,-135.0,-35.0,-367.0,637.0,308.0,85.0
-403.0,,-13.0,-81.0,-203.0,14.0,-376.0,277.0,436.0,310.0
-419.0,,-25.0,-45.0,-245.0,12.0,-353.0,580.0,563.0,493.0
-449.0,,-51.0,-30.0,-218.0,-20.0,-361.0,456.0,668.0,643.0
-493.0,,-55.0,-34.0,-124.0,-10.0,-386.0,526.0,773.0,755.0
-503.0,,-78.0,-68.0,-5.0,37.0,-405.0,692.0,839.0,792.0
-519.0,,-73.0,-92.0,92.0,24.0,-435.0,419.0,891.0,796.0
-551.0,,-75.0,-81.0,150.0,26.0,-439.0,731.0,923.0,758.0
-559.0,,-123.0,-77.0,183.0,70.0,-426.0,460.0,946.0,666.0
-586.0,,-131.0,-94.0,178.0,89.0,-420.0,624.0,974.0,586.0
-591.0,,-154.0,-120.0,157.0,91.0,-436.0,554.0,951.0,490.0
-579.0,,-167.0,-135.0,111.0,48.0,-443.0,397.0,908.0,389.0
-576.0,,-174.0,-117.0,46.0,82.0,-408.0,598.0,825.0,309.0
-560.0,,-166.0,-99.0,-8.0,145.0,-380.0,277.0,714.0,244.0
-525.0,,-140.0,-116.0,-26.0,151.0,-394.0,618.0,593.0,196.0
-485.0,,-94.0,-175.0,-11.0,121.0,-409.0,474.0,459.0,149.0
-463.0,,-53.0,-251.0,-9.0,140.0,-422.0,541.0,355.0,95.0
-430.0,,-4.0,-312.0,-39.0,210.0,-443.0,620.0,246.0,13.0
-417.0,,51.0,-349.0,-109.0,204.0,-468.0,352.0,145.0,-56.0
-397.0,,58.0,-360.0,-170.0,153.0,-503.0,607.0,63.0,-136.0
-353.0,,105.0,-349.0,-198.0,172.0,-512.0,284.0,-2.0,-210.0
-318.0,,96.0,-287.0,-185.0,256.0,-504.0,491.0,-44.0,-250.0
-275.0,,100.0,-200.0,-179.0,225.0,-502.0,406.0,-67.0,-305.0
-288.0,,137.0,-139.0,-189.0,206.0,-525.0,317.0,-77.0,-326.0
-319.0,,90.0,-77.0,-194.0,236.0,-572.0,474.0,-75.0,-350.0
-319.0,,82.0,-24.0,-216.0,230.0,-599.0,157.0,-45.0,-369.0
-336.0,,38.0,6.0,-206.0,270.0,-570.0,495.0,-16.0,-360.0
-380.0,,-14.0,48.0,-162.0,262.0,-495.0,277.0,18.0,-344.0
-447.0,,-54.0,96.0,-101.0,258.0,-442.0,415.0,58.0,-310.0
-481.0,,-117.0,130.0,-64.0,327.0,-428.0,458.0,75.0,-278.0
-480.0,,-161.0,148.0,-36.0,338.0,-425.0,192.0,66.0,-213.0
-506.0,,-187.0,107.0,-9.0,284.0,-430.0,428.0,36.0,-158.0
-509.0,,-191.0,41.0,4.0,286.0,-445.0,51.0,-5.0,-89.0
-477.0,,-199.0,4.0,26.0,292.0,-448.0,243.0,-54.0,0.0
-452.0,,-166.0,-79.0,21.0,282.0,-457.0,86.0,-112.0,75.0
-461.0,,-131.0,-164.0,15.0,244.0,-466.0,77.0,-167.0,179.0
-457.0,,-86.0,-224.0,18.0,204.0,-457.0,299.0,-207.0,278.0
-423.0,,-44.0,-283.0,40.0,228.0,-449.0,75.0,-236.0,378.0
-401.0,,-25.0,-290.0,70.0,216.0,-445.0,454.0,-259.0,470.0
-381.0,,13.0,-273.0,65.0,237.0,-444.0,212.0,-269.0,519.0
-370.0,,5.0,-224.0,38.0,271.0,-403.0,373.0,-268.0,529.0
-352.0,,10.0,-139.0,-20.0,237.0,-372.0,339.0,-255.0,531.0
-364.0,,15.0,-65.0,-80.0,233.0,-359.0,112.0,-227.0,530.0
-377.0,,-10.0,-10.0,-117.0,233.0,-378.0,338.0,-192.0,492.0
-360.0,,-26.0,51.0,-136.0,196.0,-405.0,-11.0,-159.0,436.0
-365.0,,-71.0,124.0,-143.0,217.0,-355.0,230.0,-122.0,375.0
-387.0,,-106.0,152.0,-148.0,202.0,-314.0,40.0,-96.0,325.0
-400.0,,-131.0,155.0,-175.0,153.0,-294.0,73.0,-80.0,270.0
-369.0,,-175.0,155.0,-223.0,166.0,-299.0,197.0,-53.0,207.0
-367.0,,-214.0,131.0,-242.0,128.0,-283.0,-90.0,-27.0,126.0
-379.0,,-267.0,103.0,-234.0,118.0,-229.0,216.0,7.0,18.0
-365.0,,-300.0,50.0,-211.0,92.0,-185.0,-84.0,60.0,-83.0
-348.0,,-351.0,3.0,-171.0,43.0,-167.0,103.0,112.0,-194.0
-308.0,,-385.0,-51.0,-138.0,90.0,-192.0,60.0,164.0,-295.0
-308.0,,-404.0,-131.0,-130.0,128.0,-158.0,-94.0,218.0,-383.0
-342.0,,-451.0,-188.0,-108.0,99.0,-112.0,162.0,260.0,-461.0
-349.0,,-432.0,-233.0,-54.0,37.0,-124.0,-164.0,291.0,-495.0
-334.0,,-454.0,-311.0,-5.0,20.0,-148.0,94.0,324.0,-511.0
-350.0,,-456.0,-370.0,49.0,78.0,-143.0,-136.0,358.0,-516.0
-392.0,,-438.0,-395.0,118.0,71.0,-90.0,-153.0,400.0,-483.0
-411.0,,-465.0,-446.0,184.0,6.0,-80.0,-101.0,430.0,-453.0
-410.0,,-422.0,-470.0,226.0,8.0,-93.0,-356.0,456.0,-439.0
-433.0,,-422.0,-494.0,254.0,12.0,-51.0,-5.0,466.0,-431.0
-510.0,,-420.0,-510.0,272.0,3.0,-12.0,-267.0,444.0,-452.0
-549.0,,-392.0,-476.0,272.0,-53.0,40.0,-35.0,395.0,-510.0
-564.0,,-400.0,-433.0,259.0,-98.0,93.0,-116.0,308.0,-593.0
-612.0,,-373.0,-373.0,212.0,-75.0,102.0,-282.0,218.0,-663.0
-626.0,,-381.0,-305.0,123.0,-40.0,115.0,-86.0,114.0,-749.0
-614.0,,-371.0,-254.0,-1.0,-19.0,158.0,-417.0,18.0,-856.0
-581.0,,-349.0,-235.0,-120.0,-68.0,196.0,-121.0,-47.0,-955.0
-537.0,,-353.0,-207.0,-183.0,-115.0,186.0,-323.0,-110.0,-1077.0
-511.0,,-332.0,-184.0,-187.0,-143.0,182.0,-253.0,-168.0,-1202.0
-476.0,,-328.0,-197.0,-153.0,-124.0,202.0,-205.0,-226.0,-1319.0
-419.0,,-307.0,-194.0,-100.0,-108.0,220.0,-482.0,-285.0,-1444.0
-378.0,,-256.0,-160.0,-39.0,-168.0,246.0,-225.0,-341.0,-1546.0
-365.0,,-240.0,-124.0,4.0,-195.0,255.0,-524.0,-378.0,-1627.0
-353.0,,-233.0,-136.0,32.0,-175.0,257.0,-306.0,-398.0,-1683.0
-323.0,,-203.0,-167.0,84.0,-137.0,282.0,-437.0,-389.0,-1702.0
-275.0,,-204.0,-176.0,145.0,-103.0,338.0,-502.0,-353.0,-1667.0
-241.0,,-200.0,-202.0,190.0,-114.0,389.0,-242.0,-280.0,-1564.0
-240.0,,-202.0,-272.0,207.0,-173.0,400.0,-458.0,-191.0,-1414.0
-223.0,,-200.0,-312.0,187.0,-158.0,383.0,-96.0,-99.0,-1214.0
-168.0,,-187.0,-323.0,148.0,-107.0,378.0,-319.0,9.0,-986.0
-169.0,,-189.0,-330.0,93.0,-109.0,406.0,-221.0,100.0,-739.0
-206.0,,-153.0,-304.0,32.0,-115.0,442.0,-236.0,172.0,-480.0
-222.0,,-152.0,-276.0,-11.0,-75.0,453.0,-447.0,212.0,-223.0
-243.0,,-124.0,-266.0,-39.0,-13.0,463.0,-149.0,242.0,42.0
-269.0,,-103.0,-242.0,-57.0,-22.0,495.0,-415.0,243.0,269.0
-321.0,,-98.0,-202.0,-67.0,-24.0,512.0,-131.0,227.0,462.0
-368.0,,-63.0,-189.0,-58.0,26.0,531.0,-339.0,210.0,626.0
-413.0,,-42.0,-193.0,-16.0,39.0,540.0,-400.0,166.0,727.0
-440.0,,-15.0,-214.0,39.0,73.0,542.0,-284.0,131.0,793.0
-434.0,,-20.0,-239.0,85.0,98.0,577.0,-600.0,98.0,833.0
-405.0,,0.0,-231.0,115.0,68.0,596.0,-304.0,78.0,821.0
-385.0,,0.0,-213.0,125.0,112.0,593.0,-567.0,64.0,777.0
-379.0,,-7.0,-191.0,109.0,186.0,571.0,-308.0,51.0,723.0
-347.0,,7.0,-178.0,82.0,200.0,543.0,-269.0,43.0,648.0
-330.0,,5.0,-145.0,88.0,181.0,529.0,-339.0,30.0,575.0
-267.0,,-11.0,-109.0,123.0,200.0,492.0,-38.0,22.0,479.0
-216.0,,-25.0,-118.0,162.0,272.0,453.0,-365.0,-2.0,376.0
-181.0,,-31.0,-88.0,186.0,268.0,403.0,-77.0,-35.0,302.0
-123.0,,-42.0,-14.0,176.0,248.0,386.0,-299.0,-69.0,219.0
-67.0,,-44.0,55.0,160.0,294.0,422.0,-315.0,-87.0,169.0
-3.0,,-51.0,123.0,155.0,333.0,433.0,-245.0,-81.0,139.0
-13.0,,-46.0,157.0,146.0,352.0,457.0,-504.0,-93.0,140.0
10.0,,-58.0,165.0,108.0,349.0,483.0,-181.0,-81.0,180.0
45.0,,-58.0,197.0,71.0,369.0,481.0,-439.0,-72.0,229.0
60.0,,-59.0,252.0,70.0,401.0,504.0,-216.0,-82.0,314.0
102.0,,-74.0,256.0,91.0,379.0,495.0,-291.0,-73.0,407.0
118.0,,-65.0,238.0,118.0,396.0,450.0,-393.0,-83.0,505.0
159.0,,-94.0,222.0,139.0,457.0,436.0,-133.0,-87.0,581.0
193.0,,-118.0,158.0,173.0,430.0,477.0,-408.0,-76.0,628.0
196.0,,-145.0,51.0,211.0,392.0,532.0,-49.0,-75.0,657.0
166.0,,-194.0,-59.0,237.0,402.0,537.0,-188.0,-60.0,651.0
116.0,,-221.0,-169.0,237.0,413.0,492.0,-90.0,-57.0,610.0
86.0,,-256.0,-278.0,200.0,459.0,442.0,3.0,-73.0,531.0
60.0,,-290.0,-363.0,126.0,486.0,431.0,-254.0,-85.0,441.0
16.0,,-293.0,-410.0,14.0,486.0,405.0,-9.0,-87.0,336.0
-37.0,,-291.0,-410.0,-108.0,522.0,353.0,-356.0,-77.0,234.0
-62.0,,-289.0,-393.0,-205.0,580.0,352.0,-205.0,-55.0,141.0
-75.0,,-271.0,-343.0,-229.0,599.0,383.0,-290.0,-38.0,44.0
-95.0,,-252.0,-252.0,-208.0,578.0,419.0,-284.0,-20.0,-26.0
-119.0,,-244.0,-162.0,-172.0,548.0,415.0,-51.0,19.0,-82.0
-143.0,,-179.0,-80.0,-127.0,538.0,373.0,-328.0,54.0,-133.0
-178.0,,-140.0,16.0,-92.0,538.0,361.0,-25.0,94.0,-166.0
-219.0,,-115.0,72.0,-56.0,546.0,395.0,-271.0,150.0,-194.0
-218.0,,-43.0,32.0,-56.0,574.0,431.0,-149.0,207.0,-216.0
-229.0,,9.0,2.0,-102.0,586.0,384.0,-96.0,270.0,-243.0
-273.0,,80.0,-37.0,-175.0,613.0,316.0,-238.0,346.0,-279.0
-280.0,,127.0,-137.0,-248.0,633.0,289.0,90.0,417.0,-318.0
-284.0,,177.0,-256.0,-297.0,652.0,280.0,-195.0,473.0,-362.0
-302.0,,210.0,-376.0,-295.0,656.0,253.0,22.0,505.0,-385.0
-301.0,,200.0,-447.0,-229.0,631.0,235.0,-182.0,507.0,-391.0
-283.0,,221.0,-537.0,-136.0,626.0,275.0,-208.0,479.0,-378.0
-269.0,,201.0,-615.0,-4.0,587.0,293.0,-36.0,417.0,-361.0
-265.0,,174.0,-610.0,153.0,600.0,296.0,-282.0,335.0,-340.0
-228.0,,165.0,-584.0,285.0,613.0,313.0,77.0,230.0,-320.0
-201.0,,126.0,-535.0,349.0,563.0,299.0,-151.0,118.0,-314.0
-208.0,,115.0,-464.0,324.0,548.0,275.0,60.0,0.0,-316.0
-203.0,,107.0,-356.0,240.0,551.0,276.0,62.0,-129.0,-356.0
-197.0,,88.0,-266.0,100.0,550.0,269.0,-96.0,-253.0,-401.0
-199.0,,66.0,-272.0,-65.0,536.0,255.0,116.0,-377.0,-448.0
-188.0,,21.0,-309.0,-191.0,588.0,225.0,-279.0,-474.0,-489.0
-155.0,,3.0,-350.0,-259.0,640.0,208.0,-25.0,-525.0,-523.0
-119.0,,-8.0,-424.0,-257.0,621.0,241.0,-171.0,-559.0,-557.0
-113.0,,-29.0,-485.0,-198.0,587.0,256.0,-40.0,-566.0,-576.0
-92.0,,-54.0,-525.0,-123.0,559.0,272.0,177.0,-538.0,-599.0
-54.0,,-75.0,-574.0,-57.0,565.0,297.0,-70.0,-506.0,-607.0
-56.0,,-72.0,-607.0,-19.0,551.0,350.0,192.0,-465.0,-609.0
-64.0,,-88.0,-647.0,17.0,509.0,418.0,-133.0,-416.0,-585.0
-59.0,,-106.0,-717.0,76.0,446.0,434.0,59.0,-370.0,-532.0
-43.0,,-114.0,-750.0,150.0,418.0,406.0,1.0,-304.0,-479.0
-51.0,,-106.0,-724.0,217.0,412.0,423.0,-107.0,-244.0,-404.0
-62.0,,-127.0,-690.0,243.0,409.0,504.0,134.0,-185.0,-319.0
-49.0,,-123.0,-673.0,254.0,388.0,542.0,-151.0,-113.0,-230.0
-57.0,,-101.0,-643.0,238.0,322.0,518.0,147.0,-52.0,-164.0
-53.0,,-113.0,-584.0,201.0,342.0,458.0,-57.0,3.0,-106.0
-89.0,,-72.0,-526.0,164.0,334.0,422.0,46.0,56.0,-50.0
-125.0,,-56.0,-483.0,99.0,265.0,384.0,83.0,92.0,-11.0
-122.0,,-31.0,-429.0,50.0,284.0,356.0,-182.0,119.0,36.0
-157.0,,26.0,-345.0,29.0,294.0,369.0,112.0,137.0,62.0
-178.0,,58.0,-274.0,-3.0,248.0,336.0,-199.0,135.0,78.0
-222.0,,102.0,-221.0,-48.0,204.0,297.0,18.0,136.0,108.0
-250.0,,142.0,-151.0,-72.0,186.0,281.0,-84.0,141.0,130.0
-238.0,,149.0,-95.0,-48.0,246.0,269.0,-136.0,141.0,127.0
-256.0,,153.0,-70.0,11.0,265.0,230.0,48.0,151.0,121.0
-243.0,,160.0,-34.0,92.0,205.0,199.0,-240.0,134.0,122.0
-209.0,,136.0,-4.0,155.0,222.0,242.0,51.0,80.0,127.0
-177.0,,120.0,-7.0,200.0,225.0,280.0,-206.0,10.0,120.0
-141.0,,65.0,-4.0,268.0,147.0,261.0,-36.0,-66.0,114.0
-114.0,,-2.0,4.0,337.0,83.0,232.0,-16.0,-146.0,123.0
-70.0,,-57.0,10.0,374.0,73.0,208.0,-144.0,-238.0,130.0
0.0,,-145.0,21.0,367.0,80.0,225.0,208.0,-332.0,155.0
89.0,,-202.0,47.0,328.0,50.0,282.0,-123.0,-422.0,167.0
166.0,,-257.0,99.0,269.0,-13.0,310.0,101.0,-506.0,196.0
249.0,,-324.0,149.0,167.0,-24.0,309.0,-136.0,-581.0,243.0
340.0,,-338.0,160.0,19.0,8.0,271.0,-166.0,-658.0,260.0
412.0,,-358.0,141.0,-128.0,22.0,232.0,12.0,-726.0,267.0
468.0,,-400.0,125.0,-237.0,50.0,229.0,-225.0,-752.0,246.0
500.0,,-362.0,99.0,-300.0,43.0,196.0,121.0,-759.0,224.0
542.0,,-345.0,69.0,-310.0,66.0,168.0,-169.0,-745.0,227.0
578.0,,-330.0,34.0,-265.0,100.0,205.0,55.0,-695.0,229.0
594.0,,-264.0,-27.0,-168.0,53.0,258.0,81.0,-629.0,251.0
622.0,,-234.0,-80.0,-64.0,40.0,261.0,-36.0,-534.0,293.0
661.0,,-175.0,-83.0,6.0,54.0,216.0,247.0,-421.0,329.0
680.0,,-129.0,-81.0,23.0,36.0,213.0,-110.0,-302.0,370.0
690.0,,-125.0,-90.0,6.0,23.0,235.0,123.0,-176.0,386.0
708.0,,-74.0,-101.0,-15.0,55.0,274.0,-121.0,-55.0,387.0
700.0,,-53.0,-153.0,-44.0,76.0,303.0,-105.0,78.0,370.0
698.0,,-43.0,-227.0,-60.0,54.0,290.0,31.0,211.0,337.0
701.0,,-18.0,-275.0,-70.0,20.0,291.0,-212.0,326.0,318.0
717.0,,-33.0,-295.0,-50.0,26.0,264.0,48.0,422.0,300.0
760.0,,-46.0,-318.0,-4.0,98.0,263.0,-330.0,498.0,277.0
749.0,,-84.0,-335.0,45.0,114.0,265.0,-142.0,558.0,225.0
714.0,,-128.0,-394.0,90.0,93.0,244.0,-210.0,577.0,176.0
684.0,,-172.0,-440.0,112.0,119.0,272.0,-280.0,584.0,130.0
631.0,,-224.0,-440.0,138.0,125.0,311.0,9.0,576.0,59.0
577.0,,-268.0,-494.0,157.0,93.0,325.0,-295.0,529.0,-13.0
491.0,,-321.0,-515.0,190.0,60.0,283.0,11.0,456.0,-108.0
413.0,,-358.0,-532.0,241.0,71.0,251.0,-214.0,353.0,-205.0
356.0,,-391.0,-562.0,256.0,127.0,263.0,-129.0,240.0,-288.0
267.0,,-413.0,-593.0,240.0,137.0,287.0,-24.0,121.0,-373.0
164.0,,-430.0,-640.0,187.0,73.0,297.0,-262.0,-8.0,-458.0
66.0,,-438.0,-610.0,113.0,78.0,243.0,1.0,-130.0,-531.0
41.0,,-443.0,-558.0,60.0,164.0,182.0,-277.0,-232.0,-556.0
2.0,,-441.0,-487.0,17.0,174.0,185.0,-7.0,-320.0,-551.0
-104.0,,-430.0,-389.0,-33.0,128.0,180.0,-88.0,-383.0,-516.0
-165.0,,-437.0,-295.0,-91.0,122.0,128.0,-105.0,-434.0,-463.0
-180.0,,-426.0,-225.0,-156.0,160.0,73.0,35.0,-478.0,-401.0
-162.0,,-418.0,-164.0,-227.0,179.0,74.0,-354.0,-502.0,-310.0
-194.0,,-433.0,-88.0,-289.0,169.0,130.0,-55.0,-533.0,-232.0
-231.0,,-454.0,-43.0,-319.0,123.0,105.0,-303.0,-547.0,-125.0
-191.0,,-468.0,-10.0,-316.0,102.0,54.0,-144.0,-544.0,-21.0
-154.0,,-502.0,-36.0,-288.0,137.0,24.0,-46.0,-523.0,54.0
-106.0,,-527.0,-116.0,-241.0,93.0,9.0,-136.0,-469.0,127.0
-85.0,,-549.0,-250.0,-175.0,52.0,43.0,195.0,-406.0,163.0
-56.0,,-578.0,-409.0,-93.0,98.0,55.0,-123.0,-312.0,181.0
4.0,,-563.0,-564.0,-26.0,141.0,56.0,129.0,-196.0,179.0
42.0,,-581.0,-711.0,17.0,146.0,24.0,-75.0,-84.0,177.0
76.0,,-583.0,-765.0,36.0,178.0,1.0,-73.0,23.0,170.0
111.0,,-568.0,-982.0,9.0,185.0,15.0,105.0,136.0,164.0
163.0,,-567.0,-1021.0,-33.0,152.0,4.0,-168.0,237.0,167.0
191.0,,-556.0,-832.0,-59.0,150.0,8.0,212.0,330.0,164.0
176.0,,-537.0,-951.0,-79.0,143.0,21.0,-14.0,435.0,164.0
187.0,,-513.0,-852.0,-77.0,158.0,34.0,177.0,535.0,161.0
228.0,,-502.0,-648.0,-48.0,141.0,14.0,140.0,606.0,184.0
231.0,,-463.0,-650.0,-19.0,102.0,-42.0,9.0,648.0,206.0
189.0,,-455.0,-446.0,-9.0,92.0,-73.0,245.0,659.0,253.0
161.0,,-419.0,-295.0,-10.0,174.0,-87.0,-110.0,635.0,339.0
163.0,,-380.0,-311.0,-23.0,245.0,-67.0,218.0,591.0,415.0
153.0,,-346.0,-179.0,-35.0,204.0,-57.0,24.0,517.0,495.0
131.0,,-295.0,-77.0,-40.0,207.0,-75.0,53.0,421.0,554.0
119.0,,-268.0,-155.0,-61.0,234.0,-93.0,168.0,300.0,568.0
125.0,,-184.0,-165.0,-96.0,300.0,-96.0,-64.0,173.0,547.0
121.0,,-172.0,-195.0,-120.0,285.0,-66.0,315.0,64.0,489.0
90.0,,-135.0,-333.0,-108.0,239.0,-84.0,88.0,-43.0,374.0
71.0,,-75.0,-359.0,-61.0,298.0,-124.0,312.0,-133.0,229.0
31.0,,-64.0,-385.0,30.0,313.0,-126.0,216.0,-198.0,64.0
-13.0,,-29.0,-469.0,130.0,277.0,-101.0,140.0,-232.0,-134.0
-29.0,,-13.0,-415.0,189.0,239.0,-130.0,406.0,-231.0,-351.0
-87.0,,-2.0,-315.0,210.0,287.0,-205.0,173.0,-208.0,-561.0
-152.0,,8.0,-242.0,215.0,383.0,-224.0,528.0,-166.0,-735.0
-188.0,,0.0,-148.0,227.0,427.0,-226.0,249.0,-121.0,-887.0
-206.0,,-20.0,-114.0,223.0,432.0,-213.0,315.0,-69.0,-986.0
-232.0,,-8.0,-117.0,190.0,441.0,-213.0,375.0,-17.0,-1039.0
-229.0,,-53.0,-142.0,135.0,469.0,-233.0,169.0,19.0,-1044.0
-184.0,,-81.0,-132.0,74.0,471.0,-253.0,519.0,70.0,-990.0
-147.0,,-103.0,-149.0,17.0,444.0,-263.0,227.0,137.0,-926.0
-105.0,,-169.0,-262.0,-31.0,432.0,-258.0,434.0,198.0,-815.0
-45.0,,-187.0,-267.0,-77.0,449.0,-271.0,299.0,261.0,-686.0
70.0,,-230.0,-235.0,-111.0,470.0,-265.0,293.0,301.0,-576.0
140.0,,-278.0,-301.0,-73.0,457.0,-261.0,487.0,331.0,-456.0
177.0,,-325.0,-313.0,31.0,425.0,-274.0,192.0,357.0,-355.0
291.0,,-362.0,-285.0,132.0,473.0,-311.0,537.0,343.0,-263.0
382.0,,-386.0,-290.0,198.0,482.0,-341.0,286.0,318.0,-167.0
436.0,,-401.0,-237.0,201.0,444.0,-344.0,412.0,287.0,-83.0
493.0,,-408.0,-190.0,147.0,451.0,-358.0,452.0,248.0,-15.0
547.0,,-374.0,-231.0,73.0,498.0,-359.0,293.0,197.0,53.0
577.0,,-363.0,-249.0,15.0,528.0,-361.0,559.0,134.0,121.0
583.0,,-339.0,-273.0,-15.0,469.0,-376.0,201.0,56.0,175.0
570.0,,-249.0,-334.0,-34.0,475.0,-400.0,389.0,-38.0,217.0
554.0,,-237.0,-377.0,-41.0,522.0,-417.0,195.0,-140.0,246.0
563.0,,-185.0,-441.0,-23.0,542.0,-465.0,201.0,-225.0,255.0
527.0,,-131.0,-448.0,23.0,510.0,-522.0,402.0,-289.0,232.0
472.0,,-129.0,-401.0,62.0,488.0,-517.0,243.0,-334.0,186.0
458.0,,-101.0,-373.0,65.0,512.0,-512.0,679.0,-343.0,92.0
464.0,,-95.0,-330.0,23.0,496.0,-532.0,467.0,-317.0,-52.0
455.0,,-129.0,-311.0,-28.0,500.0,-557.0,637.0,-277.0,-205.0
422.0,,-172.0,-302.0,-66.0,513.0,-560.0,567.0,-239.0,-382.0
385.0,,-201.0,-288.0,-112.0,557.0,-560.0,351.0,-197.0,-566.0
365.0,,-258.0,-284.0,-141.0,553.0,-571.0,558.0,-155.0,-739.0
367.0,,-313.0,-288.0,-120.0,509.0,-583.0,230.0,-123.0,-892.0
318.0,,-336.0,-287.0,-27.0,478.0,-614.0,522.0,-98.0,-1007.0
269.0,,-355.0,-287.0,99.0,468.0,-671.0,332.0,-89.0,-1077.0
269.0,,-374.0,-307.0,194.0,469.0,-704.0,327.0,-65.0,-1054.0
267.0,,-383.0,-314.0,248.0,409.0,-701.0,367.0,-40.0,-951.0
217.0,,-390.0,-294.0,261.0,391.0,-730.0,60.0,-21.0,-796.0
163.0,,-382.0,-283.0,269.0,396.0,-777.0,363.0,0.0,-571.0
178.0,,-383.0,-334.0,299.0,400.0,-808.0,101.0,4.0,-316.0
170.0,,-381.0,-348.0,327.0,403.0,-803.0,304.0,0.0,-45.0
143.0,,-363.0,-342.0,319.0,385.0,-787.0,210.0,-18.0,214.0
129.0,,-372.0,-408.0,269.0,371.0,-813.0,136.0,-49.0,453.0
151.0,,-371.0,-418.0,181.0,371.0,-844.0,328.0,-90.0,677.0
218.0,,-369.0,-356.0,71.0,388.0,-863.0,-3.0,-131.0,864.0
244.0,,-377.0,-314.0,-50.0,377.0,-855.0,266.0,-190.0,1003.0
281.0,,-352.0,-303.0,-182.0,363.0,-817.0,-46.0,-282.0,1093.0
320.0,,-351.0,-259.0,-296.0,356.0,-802.0,27.0,-373.0,1133.0
368.0,,-350.0,-198.0,-345.0,338.0,-825.0,84.0,-481.0,1112.0
411.0,,-323.0,-172.0,-322.0,335.0,-856.0,-75.0,-592.0,1062.0
388.0,,-328.0,-150.0,-254.0,341.0,-853.0,225.0,-686.0,1003.0
408.0,,-306.0,-134.0,-158.0,301.0,-839.0,-123.0,-764.0,931.0
450.0,,-312.0,-123.0,-52.0,290.0,-832.0,127.0,-825.0,849.0
470.0,,-315.0,-107.0,35.0,331.0,-799.0,-9.0,-870.0,749.0
473.0,,-290.0,-92.0,76.0,384.0,-771.0,-11.0,-896.0,655.0
476.0,,-297.0,-88.0,66.0,388.0,-752.0,192.0,-907.0,584.0
530.0,,-274.0,-70.0,39.0,340.0,-729.0,-77.0,-881.0,520.0
540.0,,-250.0,-23.0,37.0,336.0,-696.0,258.0,-824.0,469.0
508.0,,-223.0,-12.0,53.0,323.0,-693.0,53.0,-734.0,448.0
512.0,,-213.0,-50.0,46.0,326.0,-688.0,286.0,-601.0,430.0
523.0,,-181.0,-103.0,10.0,262.0,-679.0,317.0,-461.0,407.0
501.0,,-135.0,-189.0,-49.0,208.0,-719.0,145.0,-309.0,407.0
446.0,,-116.0,-253.0,-100.0,269.0,-754.0,297.0,-168.0,391.0
416.0,,-61.0,-280.0,-127.0,265.0,-774.0,-118.0,-66.0,358.0
382.0,,-7.0,-320.0,-144.0,189.0,-752.0,149.0,12.0,331.0
348.0,,49.0,-346.0,-147.0,129.0,-706.0,-53.0,45.0,265.0
326.0,,95.0,-345.0,-127.0,141.0,-681.0,-22.0,56.0,171.0
290.0,,139.0,-292.0,-72.0,152.0,-639.0,177.0,51.0,51.0
313.0,,171.0,-207.0,7.0,157.0,-607.0,-3.0,13.0,-84.0
351.0,,203.0,-160.0,83.0,85.0,-591.0,312.0,-37.0,-220.0
361.0,,215.0,-124.0,125.0,2.0,-571.0,42.0,-107.0,-321.0
376.0,,191.0,-87.0,113.0,43.0,-591.0,286.0,-198.0,-377.0
411.0,,178.0,-73.0,81.0,9.0,-617.0,201.0,-293.0,-377.0
432.0,,141.0,-86.0,62.0,-43.0,-579.0,120.0,-385.0,-275.0
399.0,,113.0,-107.0,49.0,-37.0,-540.0,354.0,-475.0,-148.0
400.0,,72.0,-147.0,42.0,-1.0,-545.0,33.0,-530.0,29.0
422.0,,23.0,-185.0,21.0,49.0,-545.0,382.0,-548.0,236.0
396.0,,-11.0,-181.0,-28.0,-4.0,-510.0,169.0,-543.0,397.0
352.0,,-27.0,-155.0,-100.0,-77.0,-503.0,230.0,-499.0,529.0
304.0,,-49.0,-101.0,-199.0,-53.0,-498.0,232.0,-420.0,622.0
282.0,,-78.0,-43.0,-299.0,-57.0,-462.0,-70.0,-335.0,682.0
260.0,,-85.0,-7.0,-379.0,-99.0,-414.0,164.0,-263.0,686.0
194.0,,-100.0,25.0,-446.0,-130.0,-395.0,-184.0,-201.0,634.0
149.0,,-106.0,44.0,-496.0,-169.0,-421.0,96.0,-161.0,565.0
133.0,,-96.0,71.0,-516.0,-165.0,-398.0,22.0,-125.0,463.0
123.0,,-75.0,107.0,-477.0,-165.0,-398.0,-5.0,-98.0,322.0
105.0,,-66.0,98.0,-386.0,-171.0,-402.0,179.0,-105.0,160.0
58.0,,-53.0,96.0,-268.0,-152.0,-363.0,-184.0,-126.0,14.0
57.0,,-28.0,136.0,-145.0,-163.0,-342.0,144.0,-145.0,-99.0
90.0,,-22.0,141.0,-34.0,-223.0,-337.0,-72.0,-156.0,-183.0
95.0,,-10.0,105.0,73.0,-256.0,-326.0,101.0,-145.0,-202.0
96.0,,2.0,96.0,158.0,-240.0,-277.0,181.0,-126.0,-174.0
113.0,,0.0,79.0,206.0,-221.0,-274.0,-3.0,-119.0,-111.0
175.0,,2.0,-1.0,224.0,-267.0,-302.0,264.0,-110.0,-22.0
189.0,,7.0,-85.0,216.0,-367.0,-296.0,-73.0,-88.0,34.0
191.0,,0.0,-169.0,201.0,-347.0,-272.0,184.0,-84.0,101.0
223.0,,0.0,-235.0,182.0,-309.0,-274.0,42.0,-75.0,140.0
222.0,,0.0,-263.0,155.0,-374.0,-308.0,18.0,-60.0,125.0
211.0,,-14.0,-303.0,100.0,-447.0,-296.0,118.0,-57.0,99.0
189.0,,-27.0,-311.0,14.0,-445.0,-309.0,-164.0,-49.0,18.0
226.0,,-42.0,-299.0,-60.0,-373.0,-334.0,177.0,-43.0,-106.0
234.0,,-93.0,-295.0,-106.0,-365.0,-311.0,-79.0,-14.0,-269.0
186.0,,-122.0,-275.0,-133.0,-442.0,-315.0,169.0,31.0,-444.0
169.0,,-167.0,-268.0,-169.0,-456.0,-339.0,218.0,78.0,-599.0
146.0,,-234.0,-296.0,-225.0,-409.0,-356.0,121.0,137.0,-729.0
143.0,,-252.0,-297.0,-247.0,-406.0,-363.0,352.0,207.0,-803.0
103.0,,-295.0,-299.0,-215.0,-427.0,-361.0,-7.0,250.0,-825.0
35.0,,-323.0,-344.0,-139.0,-465.0,-335.0,277.0,278.0,-776.0
19.0,,-349.0,-362.0,-51.0,-469.0,-319.0,79.0,284.0,-685.0
26.0,,-378.0,-392.0,17.0,-495.0,-322.0,166.0,256.0,-580.0
-3.0,,-382.0,-428.0,61.0,-558.0,-355.0,299.0,225.0,-457.0
-41.0,,-398.0,-471.0,67.0,-541.0,-406.0,57.0,199.0,-312.0
-36.0,,-384.0,-528.0,61.0,-477.0,-418.0,352.0,181.0,-138.0
-22.0,,-394.0,-548.0,51.0,-475.0,-439.0,1.0,169.0,22.0
-19.0,,-372.0,-613.0,61.0,-533.0,-450.0,186.0,166.0,160.0
-48.0,,-324.0,-685.0,111.0,-502.0,-469.0,48.0,157.0,285.0
-37.0,,-288.0,-723.0,168.0,-481.0,-503.0,-77.0,148.0,387.0
-6.0,,-229.0,-776.0,210.0,-468.0,-497.0,157.0,140.0,408.0
2.0,,-154.0,-788.0,242.0,-465.0,-469.0,-92.0,130.0,374.0
1.0,,-67.0,-732.0,272.0,-466.0,-457.0,286.0,121.0,306.0
-22.0,,-21.0,-637.0,288.0,-450.0,-476.0,96.0,101.0,187.0
0.0,,70.0,-532.0,272.0,-542.0,-479.0,227.0,100.0,64.0
15.0,,144.0,-390.0,258.0,-580.0,-486.0,262.0,98.0,-65.0
-14.0,,220.0,-231.0,251.0,-592.0,-526.0,31.0,85.0,-183.0
-15.0,,291.0,-111.0,243.0,-560.0,-561.0,328.0,70.0,-280.0
-22.0,,318.0,13.0,270.0,-497.0,-560.0,44.0,63.0,-365.0
-22.0,,369.0,142.0,321.0,-547.0,-551.0,321.0,71.0,-415.0
9.0,,371.0,280.0,350.0,-560.0,-565.0,164.0,60.0,-418.0
12.0,,383.0,377.0,330.0,-507.0,-550.0,92.0,45.0,-392.0
30.0,,366.0,385.0,279.0,-477.0,-518.0,286.0,31.0,-372.0
58.0,,367.0,350.0,219.0,-508.0,-515.0,-22.0,13.0,-326.0
101.0,,356.0,290.0,149.0,-504.0,-522.0,279.0,0.0,-257.0
114.0,,326.0,204.0,72.0,-488.0,-506.0,60.0,11.0,-204.0
92.0,,327.0,23.0,-2.0,-514.0,-522.0,243.0,32.0,-166.0
122.0,,307.0,-147.0,-73.0,-490.0,-556.0,323.0,55.0,-138.0
135.0,,329.0,-264.0,-134.0,-437.0,-554.0,227.0,105.0,-122.0
144.0,,333.0,-422.0,-176.0,-386.0,-579.0,570.0,165.0,-91.0
119.0,,380.0,-563.0,-208.0,-389.0,-603.0,266.0,222.0,-68.0
134.0,,416.0,-667.0,-231.0,-465.0,-597.0,539.0,280.0,-68.0
160.0,,480.0,-719.0,-249.0,-502.0,-609.0,424.0,336.0,-44.0
124.0,,588.0,-712.0,-241.0,-495.0,-634.0,408.0,373.0,-13.0
131.0,,631.0,-662.0,-195.0,-485.0,-640.0,578.0,397.0,41.0
93.0,,707.0,-591.0,-138.0,-527.0,-592.0,328.0,412.0,100.0
78.0,,742.0,-480.0,-78.0,-546.0,-554.0,659.0,421.0,145.0
98.0,,753.0,-350.0,-33.0,-454.0,-555.0,432.0,425.0,187.0
75.0,,748.0,-271.0,-8.0,-439.0,-548.0,594.0,407.0,209.0
63.0,,697.0,-155.0,-14.0,-483.0,-533.0,552.0,350.0,224.0
67.0,,640.0,-41.0,-52.0,-528.0,-536.0,365.0,263.0,215.0
69.0,,551.0,40.0,-71.0,-533.0,-537.0,602.0,170.0,194.0
45.0,,495.0,125.0,-72.0,-481.0,-512.0,232.0,69.0,176.0
19.0,,416.0,168.0,-54.0,-521.0,-486.0,502.0,-20.0,148.0
-33.0,,320.0,204.0,-8.0,-628.0,-473.0,424.0,-89.0,117.0
-102.0,,239.0,224.0,38.0,-655.0,-465.0,519.0,-149.0,118.0
-160.0,,144.0,197.0,52.0,-540.0,-449.0,679.0,-178.0,152.0
-209.0,,43.0,179.0,21.0,-509.0,-432.0,369.0,-181.0,201.0
-232.0,,-35.0,164.0,-29.0,-550.0,-414.0,628.0,-181.0,266.0
-237.0,,-116.0,130.0,-98.0,-532.0,-384.0,336.0,-182.0,318.0
-256.0,,-202.0,115.0,-183.0,-534.0,-395.0,530.0,-171.0,379.0
-279.0,,-238.0,114.0,-260.0,-542.0,-440.0,500.0,-150.0,460.0
-277.0,,-292.0,142.0,-310.0,-588.0,-465.0,358.0,-141.0,539.0
-311.0,,-293.0,168.0,-320.0,-621.0,-483.0,600.0,-129.0,622.0
-342.0,,-284.0,159.0,-281.0,-617.0,-528.0,251.0,-121.0,699.0
-344.0,,-257.0,192.0,-220.0,-630.0,-576.0,502.0,-106.0,767.0
-336.0,,-196.0,200.0,-160.0,-648.0,-597.0,291.0,-70.0,808.0
-328.0,,-160.0,159.0,-102.0,-637.0,-637.0,323.0,-47.0,819.0
-359.0,,-77.0,134.0,-39.0,-584.0,-643.0,447.0,-20.0,810.0
-362.0,,-28.0,133.0,19.0,-582.0,-604.0,232.0,11.0,715.0
-358.0,,33.0,143.0,46.0,-615.0,-606.0,550.0,41.0,531.0
-342.0,,100.0,156.0,75.0,-612.0,-617.0,254.0,93.0,311.0
-312.0,,139.0,185.0,107.0,-569.0,-619.0,448.0,145.0,40.0
-310.0,,177.0,186.0,113.0,-550.0,-602.0,334.0,205.0,-269.0
-269.0,,185.0,155.0,104.0,-591.0,-589.0,182.0,278.0,-587.0
-231.0,,189.0,102.0,90.0,-575.0,-606.0,384.0,343.0,-870.0
-158.0,,151.0,41.0,34.0,-559.0,-588.0,94.0,405.0,-1080.0
-78.0,,143.0,11.0,-56.0,-610.0,-538.0,461.0,458.0,-1207.0
-29.0,,144.0,-17.0,-128.0,-640.0,-483.0,321.0,493.0,-1264.0
59.0,,118.0,-65.0,-180.0,-620.0,-418.0,448.0,504.0,-1272.0
122.0,,113.0,-161.0,-194.0,-546.0,-364.0,515.0,504.0,-1203.0
154.0,,106.0,-257.0,-155.0,-594.0,-347.0,232.0,500.0,-1107.0
177.0,,101.0,-291.0,-89.0,-636.0,-338.0,471.0,478.0,-1016.0
236.0,,77.0,-301.0,-29.0,-577.0,-296.0,160.0,443.0,-920.0
315.0,,78.0,-304.0,-6.0,-638.0,-272.0,417.0,389.0,-835.0
351.0,,52.0,-283.0,-27.0,-619.0,-292.0,330.0,320.0,-741.0
391.0,,29.0,-258.0,-80.0,-623.0,-276.0,312.0,242.0,-671.0
418.0,,33.0,-264.0,-131.0,-657.0,-245.0,521.0,166.0,-592.0
445.0,,7.0,-282.0,-160.0,-606.0,-235.0,179.0,96.0,-491.0
432.0,,-1.0,-277.0,-170.0,-621.0,-216.0,456.0,38.0,-388.0
369.0,,-28.0,-277.0,-155.0,-636.0,-166.0,181.0,-10.0,-270.0
337.0,,-26.0,-326.0,-122.0,-700.0,-106.0,284.0,-58.0,-173.0
314.0,,-47.0,-373.0,-84.0,-695.0,-79.0,299.0,-83.0,-75.0
255.0,,-53.0,-419.0,-30.0,-709.0,-21.0,125.0,-115.0,15.0
177.0,,-30.0,-460.0,39.0,-738.0,28.0,426.0,-146.0,88.0
148.0,,-46.0,-452.0,120.0,-694.0,6.0,105.0,-164.0,152.0
139.0,,-23.0,-431.0,183.0,-680.0,-8.0,397.0,-190.0,194.0
101.0,,-14.0,-392.0,225.0,-657.0,4.0,275.0,-192.0,223.0
42.0,,-20.0,-348.0,273.0,-686.0,-3.0,275.0,-165.0,232.0
11.0,,-24.0,-301.0,312.0,-661.0,-14.0,434.0,-123.0,231.0
10.0,,-27.0,-220.0,325.0,-646.0,9.0,105.0,-66.0,216.0
-37.0,,-37.0,-129.0,294.0,-666.0,1.0,343.0,0.0,188.0
-75.0,,-45.0,-81.0,213.0,-688.0,-25.0,29.0,64.0,134.0
-59.0,,-53.0,-103.0,124.0,-709.0,-7.0,195.0,107.0,26.0
-39.0,,-60.0,-149.0,49.0,-661.0,24.0,197.0,131.0,-106.0
-46.0,,-58.0,-165.0,-15.0,-638.0,12.0,73.0,141.0,-264.0
-50.0,,-64.0,-174.0,-52.0,-680.0,3.0,345.0,131.0,-437.0
-27.0,,-58.0,-170.0,-50.0,-713.0,38.0,35.0,127.0,-584.0
0.0,,-56.0,-141.0,-33.0,-648.0,52.0,293.0,139.0,-681.0
11.0,,-36.0,-149.0,-20.0,-615.0,37.0,105.0,157.0,-756.0
-4.0,,-6.0,-162.0,-5.0,-609.0,1.0,203.0,175.0,-816.0
-3.0,,23.0,-148.0,16.0,-633.0,-6.0,321.0,174.0,-800.0
53.0,,85.0,-145.0,43.0,-658.0,-29.0,53.0,176.0,-741.0
81.0,,137.0,-143.0,71.0,-617.0,-35.0,380.0,171.0,-658.0
49.0,,200.0,-155.0,76.0,-571.0,33.0,48.0,166.0,-528.0
51.0,,302.0,-181.0,64.0,-537.0,52.0,208.0,187.0,-394.0
79.0,,375.0,-185.0,46.0,-575.0,70.0,97.0,193.0,-278.0
86.0,,466.0,-195.0,31.0,-630.0,98.0,-72.0,214.0,-161.0
58.0,,572.0,-203.0,39.0,-672.0,125.0,144.0,245.0,-52.0
28.0,,637.0,-192.0,43.0,-654.0,170.0,-131.0,279.0,47.0
62.0,,716.0,-192.0,48.0,-600.0,176.0,288.0,307.0,123.0
71.0,,778.0,-173.0,71.0,-559.0,175.0,166.0,312.0,165.0
37.0,,797.0,-108.0,92.0,-576.0,183.0,267.0,319.0,210.0
40.0,,803.0,-45.0,117.0,-638.0,211.0,293.0,301.0,224.0
81.0,,811.0,-24.0,169.0,-650.0,236.0,-48.0,266.0,221.0
119.0,,780.0,-4.0,226.0,-615.0,232.0,210.0,217.0,210.0
122.0,,750.0,-7.0,256.0,-612.0,213.0,-136.0,154.0,177.0
98.0,,727.0,-70.0,244.0,-698.0,212.0,77.0,94.0,155.0
98.0,,691.0,-179.0,175.0,-689.0,238.0,20.0,31.0,148.0
110.0,,693.0,-286.0,60.0,-655.0,253.0,-18.0,-11.0,156.0
100.0,,689.0,-355.0,-63.0,-674.0,260.0,210.0,-61.0,177.0
97.0,,677.0,-394.0,-149.0,-712.0,272.0,-121.0,-121.0,227.0
132.0,,680.0,-383.0,-185.0,-707.0,260.0,84.0,-172.0,290.0
194.0,,652.0,-353.0,-182.0,-665.0,225.0,-267.0,-228.0,379.0
211.0,,633.0,-317.0,-153.0,-724.0,235.0,-160.0,-283.0,516.0
212.0,,620.0,-237.0,-126.0,-744.0,248.0,-16.0,-321.0,660.0
243.0,,585.0,-133.0,-104.0,-751.0,227.0,-66.0,-354.0,789.0
310.0,,557.0,-17.0,-108.0,-703.0,233.0,284.0,-382.0,883.0
359.0,,512.0,101.0,-136.0,-682.0,269.0,-75.0,-387.0,954.0
370.0,,478.0,214.0,-174.0,-763.0,261.0,92.0,-381.0,990.0
444.0,,408.0,310.0,-201.0,-710.0,217.0,-125.0,-360.0,961.0
511.0,,326.0,380.0,-213.0,-611.0,235.0,-201.0,-329.0,886.0
551.0,,271.0,441.0,-214.0,-562.0,249.0,-36.0,-277.0,771.0
593.0,,195.0,469.0,-201.0,-578.0,232.0,-303.0,-221.0,621.0
613.0,,141.0,449.0,-213.0,-610.0,233.0,-18.0,-181.0,482.0
654.0,,101.0,416.0,-226.0,-598.0,264.0,-314.0,-143.0,360.0
680.0,,78.0,408.0,-204.0,-619.0,308.0,-107.0,-122.0,222.0
672.0,,42.0,363.0,-163.0,-678.0,304.0,-5.0,-119.0,89.0
662.0,,37.0,242.0,-134.0,-727.0,322.0,-73.0,-111.0,-36.0
669.0,,40.0,130.0,-108.0,-726.0,366.0,225.0,-93.0,-165.0
647.0,,41.0,15.0,-75.0,-710.0,373.0,-164.0,-72.0,-283.0
573.0,,67.0,-105.0,-16.0,-713.0,400.0,51.0,-46.0,-377.0
561.0,,63.0,-191.0,91.0,-695.0,419.0,-94.0,-30.0,-450.0
571.0,,106.0,-213.0,205.0,-651.0,408.0,-48.0,-16.0,-511.0
493.0,,135.0,-193.0,304.0,-598.0,426.0,97.0,8.0,-545.0
402.0,,164.0,-161.0,363.0,-611.0,443.0,-181.0,27.0,-564.0
361.0,,203.0,-107.0,358.0,-635.0,430.0,62.0,48.0,-565.0
325.0,,222.0,-73.0,295.0,-609.0,398.0,-325.0,65.0,-552.0
271.0,,258.0,-47.0,213.0,-614.0,392.0,-118.0,72.0,-507.0
222.0,,277.0,-69.0,162.0,-591.0,391.0,-66.0,73.0,-416.0
193.0,,310.0,-158.0,105.0,-595.0,338.0,-112.0,60.0,-304.0
194.0,,313.0,-266.0,41.0,-569.0,321.0,197.0,41.0,-177.0
202.0,,333.0,-366.0,-12.0,-540.0,345.0,-75.0,28.0,-83.0
146.0,,334.0,-436.0,-52.0,-605.0,343.0,254.0,13.0,-7.0
92.0,,305.0,-509.0,-77.0,-613.0,335.0,25.0,-8.0,37.0
109.0,,304.0,-537.0,-114.0,-582.0,369.0,-27.0,-14.0,30.0
130.0,,241.0,-509.0,-145.0,-498.0,415.0,-27.0,-2.0,8.0
87.0,,233.0,-473.0,-173.0,-488.0,399.0,-299.0,23.0,-33.0
18.0,,227.0,-443.0,-208.0,-537.0,389.0,-49.0,77.0,-97.0
40.0,,187.0,-422.0,-228.0,-525.0,388.0,-391.0,129.0,-172.0
60.0,,201.0,-369.0,-227.0,-461.0,368.0,-164.0,157.0,-225.0
-6.0,,187.0,-328.0,-221.0,-347.0,342.0,-243.0,180.0,-243.0
-37.0,,176.0,-306.0,-205.0,-392.0,310.0,-325.0,190.0,-238.0
-16.0,,182.0,-260.0,-148.0,-436.0,304.0,-88.0,198.0,-234.0
-1.0,,160.0,-225.0,-66.0,-374.0,285.0,-428.0,204.0,-238.0
0.0,,129.0,-247.0,13.0,-355.0,264.0,-158.0,201.0,-236.0
-5.0,,115.0,-314.0,73.0,-333.0,239.0,-373.0,225.0,-241.0
33.0,,90.0,-352.0,108.0,-369.0,207.0,-240.0,264.0,-233.0
100.0,,56.0,-358.0,135.0,-371.0,195.0,-75.0,294.0,-212.0
112.0,,53.0,-365.0,177.0,-390.0,180.0,-192.0,316.0,-196.0
99.0,,38.0,-341.0,212.0,-484.0,168.0,134.0,324.0,-172.0
143.0,,-7.0,-258.0,220.0,-441.0,135.0,-225.0,312.0,-142.0
229.0,,-23.0,-155.0,233.0,-400.0,116.0,-70.0,288.0,-97.0
254.0,,-49.0,-48.0,263.0,-438.0,123.0,-297.0,248.0,-56.0
252.0,,-84.0,103.0,313.0,-467.0,104.0,-410.0,178.0,-48.0
320.0,,-89.0,245.0,337.0,-469.0,79.0,-162.0,106.0,-42.0
397.0,,-114.0,336.0,335.0,-411.0,82.0,-443.0,38.0,-37.0
419.0,,-161.0,408.0,348.0,-412.0,73.0,-107.0,-20.0,-24.0
414.0,,-161.0,418.0,354.0,-479.0,62.0,-314.0,-60.0,-36.0
435.0,,-169.0,358.0,342.0,-531.0,75.0,-162.0,-95.0,-74.0
484.0,,-190.0,245.0,323.0,-511.0,72.0,-92.0,-114.0,-93.0
516.0,,-143.0,107.0,278.0,-488.0,87.0,-256.0,-118.0,-131.0
523.0,,-120.0,-75.0,216.0,-562.0,95.0,40.0,-106.0,-171.0
533.0,,-95.0,-280.0,159.0,-619.0,120.0,-245.0,-83.0,-200.0
562.0,,-24.0,-436.0,118.0,-623.0,153.0,62.0,-38.0,-232.0
565.0,,11.0,-565.0,73.0,-605.0,160.0,-44.0,29.0,-232.0
532.0,,97.0,-667.0,0.0,-631.0,197.0,-68.0,96.0,-211.0
519.0,,192.0,-692.0,-59.0,-680.0,211.0,59.0,172.0,-166.0
561.0,,242.0,-662.0,-96.0,-651.0,210.0,-280.0,245.0,-122.0
585.0,,333.0,-617.0,-117.0,-580.0,204.0,7.0,306.0,-108.0
549.0,,397.0,-569.0,-136.0,-548.0,200.0,-230.0,363.0,-74.0
528.0,,438.0,-510.0,-167.0,-582.0,198.0,-66.0,403.0,-31.0
563.0,,482.0,-434.0,-177.0,-582.0,174.0,-46.0,421.0,-16.0
582.0,,499.0,-373.0,-185.0,-566.0,175.0,-179.0,423.0,0.0
527.0,,518.0,-341.0,-160.0,-610.0,162.0,84.0,426.0,37.0
471.0,,511.0,-290.0,-100.0,-651.0,133.0,-188.0,415.0,92.0
491.0,,480.0,-250.0,-35.0,-617.0,126.0,129.0,379.0,183.0
545.0,,454.0,-270.0,21.0,-574.0,123.0,-64.0,332.0,285.0
526.0,,419.0,-297.0,51.0,-572.0,80.0,-86.0,268.0,380.0
514.0,,386.0,-310.0,56.0,-565.0,63.0,24.0,190.0,498.0
567.0,,341.0,-317.0,10.0,-546.0,81.0,-238.0,115.0,593.0
630.0,,306.0,-291.0,-42.0,-494.0,71.0,120.0,30.0,649.0
646.0,,297.0,-277.0,-71.0,-491.0,85.0,-149.0,-65.0,677.0
629.0,,263.0,-297.0,-76.0,-541.0,112.0,59.0,-146.0,652.0
676.0,,251.0,-269.0,-36.0,-510.0,140.0,7.0,-224.0,598.0
722.0,,239.0,-215.0,48.0,-430.0,140.0,-186.0,-306.0,526.0
717.0,,215.0,-196.0,149.0,-431.0,110.0,-22.0,-380.0,456.0
679.0,,214.0,-140.0,211.0,-434.0,98.0,-426.0,-434.0,403.0
672.0,,192.0,-83.0,241.0,-443.0,59.0,-142.0,-461.0,382.0
704.0,,198.0,-62.0,227.0,-456.0,-15.0,-341.0,-462.0,351.0
688.0,,194.0,-23.0,142.0,-414.0,-62.0,-247.0,-429.0,321.0
635.0,,207.0,-6.0,48.0,-444.0,-74.0,-96.0,-379.0,313.0
576.0,,218.0,0.0,-13.0,-452.0,-112.0,-328.0,-304.0,291.0
567.0,,197.0,-6.0,-49.0,-452.0,-129.0,-33.0,-194.0,266.0
549.0,,220.0,-31.0,-52.0,-479.0,-84.0,-376.0,-77.0,209.0
472.0,,214.0,-48.0,-59.0,-477.0,-62.0,-173.0,38.0,141.0
411.0,,218.0,-89.0,-67.0,-500.0,-68.0,-279.0,153.0,74.0
365.0,,236.0,-148.0,-57.0,-534.0,-37.0,-315.0,259.0,-17.0
298.0,,249.0,-186.0,-50.0,-542.0,-4.0,-33.0,361.0,-111.0
194.0,,266.0,-192.0,-31.0,-550.0,4.0,-303.0,447.0,-214.0
141.0,,277.0,-205.0,-36.0,-550.0,3.0,60.0,509.0,-320.0
127.0,,285.0,-205.0,-78.0,-448.0,45.0,-158.0,574.0,-403.0
88.0,,278.0,-180.0,-118.0,-383.0,56.0,-96.0,629.0,-437.0
55.0,,283.0,-143.0,-140.0,-413.0,11.0,-97.0,676.0,-413.0
84.0,,260.0,-108.0,-144.0,-464.0,-18.0,-349.0,726.0,-322.0
148.0,,230.0,-102.0,-128.0,-501.0,-82.0,-103.0,757.0,-154.0
161.0,,199.0,-103.0,-86.0,-516.0,-124.0,-408.0,756.0,57.0
162.0,,154.0,-112.0,-39.0,-557.0,-127.0,-134.0,721.0,300.0
166.0,,107.0,-129.0,6.0,-580.0,-124.0,-229.0,659.0,567.0
180.0,,49.0,-187.0,50.0,-610.0,-129.0,-221.0,561.0,809.0
181.0,,2.0,-281.0,61.0,-634.0,-135.0,-3.0,430.0,1002.0
130.0,,-34.0,-392.0,35.0,-638.0,-115.0,-249.0,283.0,1128.0
87.0,,-65.0,-484.0,-2.0,-646.0,-116.0,66.0,132.0,1169.0
95.0,,-99.0,-551.0,-37.0,-623.0,-138.0,-242.0,-19.0,1156.0
115.0,,-136.0,-593.0,-27.0,-610.0,-131.0,-118.0,-169.0,1091.0
83.0,,-174.0,-605.0,22.0,-641.0,-125.0,-86.0,-319.0,985.0
71.0,,-207.0,-642.0,64.0,-602.0,-169.0,-242.0,-473.0,859.0
139.0,,-230.0,-664.0,71.0,-524.0,-215.0,101.0,-618.0,728.0
217.0,,-245.0,-638.0,49.0,-549.0,-222.0,-240.0,-755.0,599.0
275.0,,-222.0,-574.0,21.0,-598.0,-245.0,-51.0,-867.0,459.0
341.0,,-205.0,-484.0,0.0,-580.0,-295.0,-247.0,-942.0,315.0
431.0,,-183.0,-387.0,-7.0,-517.0,-285.0,-291.0,-977.0,160.0
525.0,,-125.0,-303.0,2.0,-548.0,-268.0,-131.0,-944.0,17.0
595.0,,-83.0,-204.0,14.0,-642.0,-306.0,-345.0,-863.0,-119.0
645.0,,-29.0,-125.0,1.0,-687.0,-308.0,9.0,-747.0,-238.0
714.0,,20.0,-96.0,-32.0,-659.0,-284.0,-264.0,-599.0,-318.0
800.0,,40.0,-31.0,-84.0,-637.0,-286.0,-60.0,-429.0,-402.0
850.0,,83.0,8.0,-156.0,-693.0,-291.0,-127.0,-255.0,-456.0
848.0,,122.0,-6.0,-248.0,-660.0,-268.0,-347.0,-94.0,-463.0
877.0,,132.0,-31.0,-318.0,-570.0,-283.0,-97.0,50.0,-445.0
934.0,,158.0,-65.0,-311.0,-516.0,-321.0,-415.0,169.0,-411.0
922.0,,165.0,-107.0,-224.0,-502.0,-311.0,-96.0,270.0,-355.0
882.0,,144.0,-191.0,-98.0,-501.0,-310.0,-203.0,342.0,-277.0
898.0,,132.0,-302.0,16.0,-486.0,-340.0,-81.0,397.0,-175.0
919.0,,101.0,-401.0,93.0,-519.0,-388.0,49.0,434.0,-80.0
907.0,,59.0,-462.0,108.0,-523.0,-386.0,-195.0,462.0,-6.0
894.0,,33.0,-525.0,107.0,-483.0,-364.0,92.0,496.0,51.0
881.0,,12.0,-572.0,106.0,-470.0,-375.0,-251.0,511.0,89.0
901.0,,-11.0,-570.0,75.0,-492.0,-362.0,-22.0,524.0,131.0
872.0,,-12.0,-570.0,53.0,-511.0,-344.0,-29.0,550.0,147.0
768.0,,-9.0,-542.0,48.0,-549.0,-346.0,-103.0,588.0,162.0
727.0,,-12.0,-509.0,48.0,-582.0,-345.0,133.0,635.0,166.0
723.0,,-14.0,-486.0,41.0,-509.0,-317.0,-164.0,677.0,146.0
685.0,,-41.0,-470.0,24.0,-437.0,-316.0,127.0,701.0,165.0
614.0,,-58.0,-488.0,0.0,-418.0,-370.0,-112.0,701.0,205.0
562.0,,-91.0,-525.0,-17.0,-400.0,-383.0,-36.0,672.0,252.0
555.0,,-116.0,-553.0,-15.0,-413.0,-365.0,66.0,619.0,296.0
531.0,,-134.0,-554.0,4.0,-434.0,-391.0,-109.0,542.0,318.0
468.0,,-150.0,-587.0,36.0,-488.0,-431.0,227.0,448.0,324.0
415.0,,-139.0,-657.0,69.0,-484.0,-437.0,-40.0,365.0,311.0
397.0,,-142.0,-696.0,102.0,-406.0,-455.0,184.0,288.0,285.0
373.0,,-123.0,-698.0,118.0,-425.0,-478.0,29.0,222.0,246.0
320.0,,-112.0,-682.0,114.0,-477.0,-486.0,-103.0,169.0,187.0
222.0,,-94.0,-679.0,99.0,-559.0,-502.0,59.0,108.0,108.0
181.0,,-62.0,-635.0,63.0,-638.0,-509.0,-253.0,53.0,7.0
191.0,,-48.0,-521.0,28.0,-628.0,-491.0,42.0,-13.0,-108.0
138.0,,-27.0,-446.0,-15.0,-598.0,-462.0,-230.0,-87.0,-222.0
109.0,,4.0,-383.0,-48.0,-586.0,-472.0,-155.0,-148.0,-344.0
145.0,,40.0,-347.0,-61.0,-578.0,-462.0,-133.0,-196.0,-468.0
183.0,,58.0,-361.0,-84.0,-581.0,-422.0,-351.0,-225.0,-543.0
160.0,,83.0,-363.0,-81.0,-666.0,-405.0,-60.0,-232.0,-571.0
171.0,,95.0,-400.0,-49.0,-671.0,-405.0,-356.0,-207.0,-567.0
248.0,,108.0,-458.0,-27.0,-650.0,-412.0,-99.0,-168.0,-524.0
294.0,,141.0,-501.0,-13.0,-646.0,-391.0,-256.0,-135.0,-449.0
321.0,,153.0,-508.0,13.0,-601.0,-384.0,-295.0,-114.0,-337.0
329.0,,187.0,-536.0,30.0,-665.0,-378.0,-97.0,-107.0,-207.0
343.0,,231.0,-605.0,43.0,-644.0,-336.0,-399.0,-106.0,-91.0
370.0,,247.0,-665.0,72.0,-622.0,-318.0,-88.0,-100.0,12.0
360.0,,275.0,-728.0,109.0,-681.0,-344.0,-382.0,-99.0,108.0
301.0,,316.0,-801.0,147.0,-699.0,-353.0,-277.0,-115.0,181.0
261.0,,358.0,-874.0,160.0,-715.0,-342.0,-304.0,-105.0,240.0
295.0,,415.0,-903.0,160.0,-711.0,-369.0,-532.0,-72.0,304.0
280.0,,468.0,-889.0,167.0,-722.0,-380.0,-251.0,-36.0,347.0
220.0,,521.0,-841.0,179.0,-750.0,-347.0,-556.0,20.0,369.0
223.0,,570.0,-736.0,170.0,-790.0,-355.0,-232.0,76.0,392.0
252.0,,588.0,-606.0,154.0,-802.0,-347.0,-352.0,128.0,399.0
252.0,,637.0,-468.0,151.0,-811.0,-275.0,-382.0,162.0,382.0
212.0,,659.0,-307.0,140.0,-836.0,-230.0,-267.0,184.0,328.0
178.0,,648.0,-165.0,120.0,-858.0,-204.0,-615.0,203.0,217.0
134.0,,666.0,-53.0,96.0,-857.0,-173.0,-323.0,187.0,79.0
103.0,,622.0,75.0,84.0,-792.0,-143.0,-569.0,148.0,-76.0
75.0,,580.0,173.0,69.0,-760.0,-140.0,-343.0,89.0,-228.0
15.0,,553.0,202.0,41.0,-792.0,-146.0,-330.0,25.0,-350.0
51.0,,463.0,176.0,-10.0,-778.0,-135.0,-504.0,-39.0,-429.0
101.0,,405.0,112.0,-70.0,-720.0,-159.0,-260.0,-107.0,-450.0
75.0,,361.0,49.0,-109.0,-770.0,-180.0,-598.0,-178.0,-435.0
62.0,,262.0,-39.0,-120.0,-836.0,-188.0,-323.0,-242.0,-391.0
70.0,,223.0,-138.0,-96.0,-825.0,-171.0,-550.0,-285.0,-330.0
58.0,,189.0,-254.0,-84.0,-794.0,-143.0,-567.0,-294.0,-246.0
33.0,,124.0,-370.0,-83.0,-759.0,-132.0,-400.0,-273.0,-162.0
24.0,,112.0,-412.0,-85.0,-755.0,-83.0,-594.0,-238.0,-107.0
5.0,,88.0,-449.0,-74.0,-724.0,-55.0,-157.0,-181.0,-64.0
-10.0,,74.0,-451.0,-35.0,-651.0,-54.0,-371.0,-104.0,-32.0
-23.0,,61.0,-408.0,4.0,-576.0,-12.0,-256.0,-12.0,-14.0
-62.0,,60.0,-355.0,49.0,-561.0,3.0,-393.0,62.0,-33.0
-101.0,,70.0,-263.0,106.0,-511.0,-35.0,-594.0,124.0,-59.0
-119.0,,63.0,-179.0,182.0,-433.0,-69.0,-397.0,173.0,-77.0
-134.0,,94.0,-77.0,246.0,-505.0,-95.0,-685.0,185.0,-116.0
-150.0,,124.0,61.0,283.0,-523.0,-146.0,-306.0,181.0,-136.0
-142.0,,168.0,198.0,295.0,-494.0,-202.0,-443.0,154.0,-133.0
-93.0,,210.0,302.0,253.0,-514.0,-219.0,-408.0,108.0,-108.0
-91.0,,247.0,352.0,182.0,-496.0,-214.0,-306.0,57.0,-44.0
-81.0,,317.0,388.0,132.0,-452.0,-211.0,-550.0,-3.0,3.0
-13.0,,350.0,380.0,93.0,-321.0,-202.0,-249.0,-70.0,75.0
-5.0,,379.0,292.0,48.0,-244.0,-173.0,-524.0,-120.0,163.0
9.0,,406.0,178.0,16.0,-234.0,-160.0,-269.0,-153.0,205.0
42.0,,420.0,50.0,-13.0,-206.0,-141.0,-277.0,-188.0,231.0
51.0,,438.0,-65.0,-53.0,-146.0,-118.0,-315.0,-187.0,206.0
72.0,,424.0,-162.0,-105.0,-45.0,-119.0,-75.0,-171.0,160.0
156.0,,415.0,-253.0,-170.0,-70.0,-134.0,-417.0,-153.0,115.0
248.0,,400.0,-311.0,-225.0,-61.0,-179.0,-145.0,-107.0,31.0
269.0,,364.0,-337.0,-259.0,9.0,-190.0,-388.0,-47.0,-37.0
326.0,,349.0,-311.0,-253.0,-25.0,-195.0,-323.0,42.0,-108.0
391.0,,306.0,-270.0,-225.0,-65.0,-221.0,-247.0,145.0,-174.0
409.0,,246.0,-282.0,-181.0,-118.0,-224.0,-450.0,248.0,-188.0
430.0,,195.0,-283.0,-135.0,-64.0,-239.0,-142.0,344.0,-164.0
473.0,,132.0,-278.0,-108.0,39.0,-239.0,-437.0,418.0,-101.0
491.0,,83.0,-325.0,-66.0,20.0,-215.0,-179.0,484.0,-25.0
514.0,,29.0,-377.0,-25.0,94.0,-194.0,-210.0,532.0,35.0
547.0,,-31.0,-459.0,17.0,204.0,-216.0,-229.0,543.0,100.0
515.0,,-98.0,-570.0,61.0,225.0,-250.0,-83.0,540.0,172.0
526.0,,-147.0,-643.0,56.0,188.0,-242.0,-415.0,511.0,221.0
562.0,,-202.0,-661.0,33.0,151.0,-212.0,-90.0,436.0,273.0
576.0,,-263.0,-636.0,34.0,204.0,-202.0,-308.0,345.0,344.0
618.0,,-303.0,-591.0,43.0,279.0,-204.0,-158.0,240.0,422.0
667.0,,-369.0,-508.0,58.0,304.0,-179.0,-129.0,128.0,520.0
687.0,,-382.0,-387.0,116.0,290.0,-199.0,-356.0,11.0,625.0
684.0,,-400.0,-264.0,205.0,342.0,-239.0,-64.0,-104.0,743.0
666.0,,-411.0,-200.0,279.0,380.0,-239.0,-384.0,-182.0,867.0
603.0,,-390.0,-189.0,322.0,396.0,-263.0,-138.0,-223.0,974.0
545.0,,-404.0,-172.0,317.0,413.0,-299.0,-273.0,-241.0,1053.0
494.0,,-387.0,-182.0,260.0,434.0,-300.0,-267.0,-231.0,1078.0
444.0,,-347.0,-175.0,186.0,510.0,-289.0,-57.0,-220.0,1055.0
398.0,,-331.0,-180.0,141.0,459.0,-303.0,-328.0,-208.0,999.0
343.0,,-307.0,-216.0,143.0,448.0,-309.0,-35.0,-189.0,899.0
287.0,,-252.0,-219.0,161.0,536.0,-273.0,-375.0,-178.0,771.0
217.0,,-228.0,-263.0,156.0,588.0,-232.0,-256.0,-140.0,624.0
180.0,,-182.0,-328.0,131.0,580.0,-205.0,-295.0,-81.0,475.0
150.0,,-146.0,-389.0,105.0,493.0,-172.0,-436.0,-14.0,332.0
68.0,,-137.0,-463.0,93.0,509.0,-130.0,-51.0,66.0,215.0
-13.0,,-108.0,-519.0,81.0,598.0,-107.0,-293.0,152.0,155.0
-42.0,,-109.0,-570.0,53.0,613.0,-93.0,49.0,238.0,119.0
-77.0,,-99.0,-609.0,0.0,565.0,-77.0,-92.0,301.0,101.0
-150.0,,-53.0,-614.0,-59.0,557.0,-77.0,-73.0,339.0,104.0
-193.0,,-44.0,-609.0,-82.0,598.0,-102.0,72.0,344.0,122.0
-188.0,,-34.0,-612.0,-80.0,586.0,-106.0,-212.0,333.0,166.0
-170.0,,16.0,-576.0,-87.0,514.0,-108.0,83.0,311.0,193.0
-175.0,,0.0,-514.0,-97.0,438.0,-132.0,-192.0,286.0,222.0
-177.0,,22.0,-487.0,-89.0,409.0,-132.0,59.0,259.0,259.0
-141.0,,58.0,-453.0,-59.0,422.0,-123.0,109.0,231.0,269.0
-91.0,,39.0,-397.0,-18.0,402.0,-102.0,57.0,223.0,262.0
-75.0,,61.0,-338.0,9.0,417.0,-95.0,334.0,202.0,221.0
-91.0,,78.0,-284.0,10.0,452.0,-95.0,-14.0,181.0,168.0
-85.0,,77.0,-237.0,-13.0,436.0,-57.0,219.0,169.0,109.0
-61.0,,86.0,-173.0,-7.0,436.0,-27.0,-44.0,149.0,55.0
-106.0,,132.0,-131.0,54.0,415.0,-7.0,5.0,157.0,37.0
-173.0,,161.0,-86.0,88.0,415.0,9.0,151.0,169.0,49.0
-177.0,,183.0,-38.0,95.0,415.0,-4.0,-75.0,170.0,100.0
-179.0,,227.0,-28.0,95.0,390.0,-28.0,306.0,195.0,160.0
-212.0,,257.0,-16.0,55.0,377.0,-24.0,24.0,232.0,225.0
-225.0,,283.0,-62.0,12.0,427.0,-43.0,181.0,277.0,278.0
-203.0,,314.0,-152.0,-25.0,446.0,-96.0,88.0,341.0,309.0
-214.0,,335.0,-203.0,-62.0,389.0,-109.0,-38.0,407.0,339.0
-197.0,,341.0,-243.0,-92.0,400.0,-119.0,262.0,460.0,337.0
-143.0,,349.0,-249.0,-103.0,387.0,-147.0,7.0,496.0,318.0
-133.0,,332.0,-236.0,-89.0,404.0,-162.0,299.0,504.0,293.0
-87.0,,331.0,-239.0,-92.0,355.0,-162.0,86.0,467.0,265.0
-63.0,,329.0,-210.0,-102.0,306.0,-171.0,121.0,402.0,263.0
-88.0,,296.0,-141.0,-90.0,377.0,-218.0,175.0,317.0,268.0
-68.0,,275.0,-53.0,-60.0,359.0,-233.0,-62.0,241.0,299.0
-60.0,,271.0,38.0,-22.0,311.0,-222.0,236.0,181.0,375.0
-82.0,,248.0,106.0,45.0,273.0,-222.0,-70.0,137.0,461.0
-93.0,,225.0,135.0,145.0,334.0,-185.0,175.0,117.0,542.0
-103.0,,235.0,179.0,205.0,370.0,-138.0,118.0,95.0,634.0
-130.0,,226.0,234.0,231.0,349.0,-129.0,64.0,86.0,686.0
-140.0,,261.0,253.0,223.0,326.0,-135.0,317.0,96.0,691.0
-148.0,,293.0,237.0,155.0,306.0,-116.0,-31.0,98.0,696.0
-151.0,,302.0,201.0,68.0,427.0,-81.0,194.0,85.0,666.0
-116.0,,372.0,194.0,-15.0,446.0,-55.0,-60.0,83.0,626.0
-86.0,,396.0,175.0,-82.0,367.0,-37.0,75.0,74.0,597.0
-84.0,,422.0,145.0,-145.0,352.0,-14.0,238.0,46.0,586.0
-98.0,,462.0,112.0,-182.0,356.0,-20.0,105.0,19.0,625.0
-73.0,,476.0,20.0,-175.0,376.0,-53.0,417.0,-25.0,699.0
-52.0,,489.0,-69.0,-156.0,379.0,-28.0,88.0,-72.0,787.0
-100.0,,485.0,-132.0,-107.0,403.0,-14.0,308.0,-122.0,856.0
-144.0,,478.0,-183.0,-40.0,424.0,-38.0,225.0,-171.0,905.0
-131.0,,460.0,-204.0,11.0,448.0,-26.0,201.0,-210.0,923.0
-131.0,,454.0,-210.0,71.0,504.0,0.0,386.0,-232.0,897.0
-171.0,,445.0,-189.0,135.0,442.0,15.0,112.0,-252.0,812.0
-190.0,,427.0,-131.0,189.0,394.0,17.0,426.0,-273.0,695.0
-189.0,,400.0,-72.0,229.0,436.0,28.0,144.0,-282.0,582.0
-185.0,,392.0,-7.0,265.0,377.0,31.0,223.0,-301.0,475.0
-174.0,,357.0,34.0,304.0,344.0,24.0,182.0,-311.0,409.0
-162.0,,323.0,41.0,286.0,338.0,42.0,9.0,-316.0,385.0
-143.0,,302.0,48.0,216.0,331.0,62.0,304.0,-291.0,390.0
-106.0,,247.0,0.0,141.0,306.0,52.0,-7.0,-235.0,424.0
-64.0,,227.0,-38.0,78.0,292.0,27.0,271.0,-163.0,511.0
-49.0,,186.0,-44.0,47.0,360.0,37.0,127.0,-74.0,637.0
-2.0,,158.0,-76.0,26.0,351.0,68.0,160.0,2.0,752.0
75.0,,149.0,-74.0,23.0,356.0,82.0,334.0,57.0,846.0
106.0,,113.0,-96.0,31.0,359.0,112.0,112.0,87.0,900.0
128.0,,85.0,-140.0,38.0,404.0,145.0,448.0,112.0,916.0
179.0,,48.0,-127.0,44.0,473.0,152.0,153.0,104.0,932.0
227.0,,23.0,-146.0,48.0,467.0,168.0,310.0,67.0,941.0
228.0,,-2.0,-204.0,72.0,481.0,172.0,184.0,21.0,943.0
252.0,,-40.0,-217.0,98.0,497.0,138.0,0.0,-41.0,954.0
320.0,,-54.0,-211.0,136.0,586.0,118.0,260.0,-111.0,960.0
345.0,,-61.0,-210.0,194.0,578.0,122.0,-24.0,-184.0,980.0
353.0,,-77.0,-186.0,265.0,519.0,102.0,303.0,-238.0,1017.0
353.0,,-82.0,-197.0,333.0,552.0,65.0,88.0,-282.0,1045.0
366.0,,-77.0,-232.0,378.0,581.0,59.0,133.0,-301.0,1069.0
397.0,,-97.0,-217.0,387.0,607.0,83.0,253.0,-267.0,1073.0
421.0,,-87.0,-186.0,346.0,589.0,121.0,33.0,-219.0,1074.0
440.0,,-100.0,-144.0,278.0,605.0,157.0,362.0,-153.0,1078.0
480.0,,-117.0,-100.0,196.0,636.0,218.0,53.0,-75.0,1078.0
525.0,,-78.0,-72.0,104.0,636.0,259.0,275.0,2.0,1092.0
523.0,,-90.0,-48.0,22.0,677.0,250.0,253.0,73.0,1098.0
522.0,,-46.0,-65.0,-9.0,714.0,285.0,216.0,123.0,1098.0
563.0,,4.0,-110.0,-8.0,695.0,324.0,447.0,178.0,1081.0
600.0,,35.0,-146.0,-22.0,633.0,331.0,101.0,236.0,1052.0
591.0,,113.0,-172.0,-43.0,550.0,321.0,375.0,278.0,1012.0
566.0,,166.0,-200.0,-81.0,550.0,306.0,107.0,314.0,937.0
544.0,,251.0,-207.0,-97.0,598.0,316.0,186.0,336.0,864.0
530.0,,329.0,-190.0,-63.0,535.0,313.0,332.0,329.0,779.0
500.0,,394.0,-185.0,13.0,511.0,310.0,153.0,321.0,698.0
437.0,,426.0,-176.0,118.0,601.0,322.0,419.0,295.0,621.0
379.0,,457.0,-146.0,224.0,653.0,341.0,64.0,248.0,509.0
351.0,,495.0,-116.0,336.0,655.0,394.0,240.0,207.0,418.0
314.0,,499.0,-95.0,391.0,646.0,478.0,103.0,141.0,335.0
187.0,,517.0,-81.0,392.0,684.0,511.0,60.0,62.0,270.0
101.0,,503.0,-89.0,388.0,762.0,507.0,299.0,0.0,268.0
113.0,,493.0,-117.0,361.0,711.0,546.0,81.0,-52.0,283.0
69.0,,451.0,-155.0,317.0,619.0,561.0,463.0,-77.0,346.0
6.0,,407.0,-185.0,264.0,640.0,501.0,229.0,-67.0,462.0
-16.0,,351.0,-224.0,207.0,644.0,477.0,343.0,-20.0,587.0
3.0,,286.0,-302.0,141.0,582.0,503.0,369.0,38.0,723.0
39.0,,236.0,-374.0,57.0,509.0,459.0,151.0,107.0,821.0
43.0,,139.0,-390.0,-21.0,486.0,416.0,404.0,198.0,892.0
59.0,,114.0,-425.0,-80.0,513.0,394.0,86.0,300.0,944.0
97.0,,74.0,-500.0,-130.0,523.0,389.0,358.0,385.0,935.0
152.0,,58.0,-529.0,-141.0,513.0,367.0,223.0,458.0,878.0
148.0,,99.0,-506.0,-138.0,541.0,321.0,219.0,528.0,814.0
99.0,,108.0,-429.0,-157.0,617.0,330.0,317.0,558.0,767.0
80.0,,161.0,-347.0,-198.0,634.0,308.0,-24.0,573.0,724.0
42.0,,215.0,-271.0,-250.0,581.0,303.0,319.0,594.0,682.0
-14.0,,278.0,-159.0,-301.0,581.0,329.0,70.0,605.0,646.0
-88.0,,330.0,-46.0,-325.0,625.0,349.0,253.0,611.0,630.0
-116.0,,389.0,51.0,-289.0,580.0,363.0,288.0,618.0,632.0
-141.0,,442.0,109.0,-227.0,538.0,370.0,175.0,625.0,650.0
-220.0,,466.0,148.0,-130.0,563.0,391.0,421.0,614.0,679.0
-269.0,,484.0,166.0,-13.0,575.0,364.0,110.0,594.0,717.0
-281.0,,487.0,149.0,78.0,600.0,340.0,393.0,543.0,765.0
-287.0,,484.0,114.0,131.0,620.0,342.0,151.0,463.0,784.0
-316.0,,434.0,58.0,130.0,615.0,328.0,149.0,375.0,808.0
-315.0,,401.0,4.0,122.0,629.0,299.0,225.0,281.0,838.0
-268.0,,364.0,-69.0,131.0,667.0,281.0,-44.0,208.0,828.0
-220.0,,334.0,-141.0,145.0,642.0,263.0,271.0,155.0,806.0
-195.0,,304.0,-193.0,161.0,625.0,203.0,-18.0,109.0,764.0
-197.0,,275.0,-243.0,173.0,664.0,162.0,186.0,81.0,705.0
-136.0,,287.0,-269.0,180.0,596.0,172.0,125.0,49.0,623.0
-49.0,,268.0,-316.0,168.0,485.0,184.0,31.0,15.0,565.0
-13.0,,289.0,-380.0,112.0,475.0,153.0,286.0,-15.0,550.0
-10.0,,291.0,-380.0,27.0,498.0,129.0,57.0,-46.0,560.0
41.0,,292.0,-371.0,-81.0,523.0,139.0,360.0,-66.0,624.0
138.0,,303.0,-379.0,-174.0,540.0,141.0,81.0,-80.0,715.0
169.0,,291.0,-340.0,-211.0,525.0,137.0,138.0,-82.0,834.0
170.0,,298.0,-283.0,-189.0,585.0,152.0,168.0,-85.0,974.0
149.0,,283.0,-242.0,-118.0,615.0,172.0,-79.0,-92.0,1091.0
165.0,,273.0,-192.0,-55.0,563.0,160.0,153.0,-102.0,1174.0
201.0,,237.0,-140.0,-27.0,533.0,179.0,-234.0,-133.0,1225.0
127.0,,210.0,-103.0,-26.0,523.0,208.0,-14.0,-181.0,1247.0
78.0,,149.0,-99.0,-30.0,521.0,212.0,-142.0,-241.0,1242.0
110.0,,94.0,-120.0,-45.0,467.0,224.0,-206.0,-292.0,1199.0
143.0,,45.0,-141.0,-60.0,473.0,194.0,3.0,-320.0,1144.0
141.0,,-33.0,-158.0,-55.0,486.0,158.0,-275.0,-327.0,1105.0
122.0,,-77.0,-168.0,-31.0,413.0,154.0,59.0,-338.0,1037.0
155.0,,-119.0,-175.0,31.0,347.0,143.0,-171.0,-336.0,938.0
191.0,,-128.0,-168.0,124.0,298.0,123.0,1.0,-311.0,811.0
196.0,,-146.0,-162.0,235.0,333.0,99.0,101.0,-285.0,648.0
186.0,,-118.0,-187.0,326.0,346.0,70.0,-29.0,-256.0,453.0
195.0,,-97.0,-224.0,378.0,290.0,45.0,227.0,-214.0,238.0
229.0,,-76.0,-251.0,370.0,314.0,35.0,-147.0,-169.0,36.0
242.0,,-11.0,-266.0,319.0,398.0,37.0,125.0,-135.0,-153.0
240.0,,22.0,-304.0,249.0,438.0,67.0,-18.0,-110.0,-310.0
244.0,,61.0,-339.0,165.0,389.0,82.0,-27.0,-109.0,-429.0
291.0,,87.0,-330.0,95.0,377.0,78.0,136.0,-156.0,-506.0
313.0,,144.0,-341.0,48.0,414.0,111.0,-177.0,-235.0,-517.0
263.0,,149.0,-397.0,44.0,427.0,144.0,92.0,-323.0,-463.0
287.0,,150.0,-452.0,79.0,404.0,172.0,-210.0,-405.0,-358.0
352.0,,174.0,-465.0,149.0,349.0,183.0,-24.0,-464.0,-205.0
356.0,,130.0,-442.0,203.0,398.0,197.0,-35.0,-485.0,2.0
344.0,,126.0,-410.0,212.0,442.0,190.0,-195.0,-462.0,211.0
355.0,,104.0,-376.0,211.0,418.0,150.0,97.0,-413.0,400.0
371.0,,62.0,-337.0,196.0,486.0,147.0,-125.0,-336.0,563.0
359.0,,50.0,-283.0,193.0,536.0,121.0,245.0,-238.0,651.0
320.0,,10.0,-224.0,234.0,523.0,96.0,123.0,-125.0,682.0
285.0,,-2.0,-200.0,326.0,496.0,107.0,166.0,-3.0,649.0
296.0,,-13.0,-192.0,423.0,511.0,132.0,225.0,112.0,559.0
291.0,,-48.0,-160.0,473.0,557.0,132.0,-42.0,230.0,451.0
204.0,,-43.0,-138.0,453.0,526.0,98.0,242.0,338.0,331.0
172.0,,-49.0,-117.0,369.0,498.0,118.0,-77.0,421.0,218.0
236.0,,-69.0,-51.0,263.0,494.0,126.0,109.0,473.0,139.0
224.0,,-65.0,3.0,141.0,551.0,87.0,-11.0,506.0,119.0
126.0,,-70.0,13.0,31.0,594.0,48.0,-125.0,529.0,146.0
99.0,,-83.0,-2.0,-36.0,582.0,4.0,103.0,538.0,216.0
138.0,,-80.0,-46.0,-50.0,650.0,-29.0,-164.0,558.0,318.0
143.0,,-75.0,-93.0,-17.0,727.0,-74.0,192.0,585.0,414.0
97.0,,-92.0,-159.0,24.0,751.0,-87.0,-18.0,614.0,484.0
101.0,,-97.0,-234.0,44.0,706.0,-76.0,57.0,635.0,546.0
172.0,,-113.0,-292.0,39.0,711.0,-74.0,90.0,633.0,576.0
238.0,,-139.0,-363.0,14.0,819.0,-36.0,-171.0,636.0,555.0
251.0,,-155.0,-432.0,-26.0,855.0,18.0,48.0,616.0,503.0
240.0,,-175.0,-454.0,-65.0,816.0,46.0,-275.0,578.0,405.0
311.0,,-168.0,-425.0,-110.0,767.0,46.0,-5.0,530.0,280.0
397.0,,-182.0,-380.0,-153.0,779.0,71.0,-145.0,468.0,131.0
400.0,,-186.0,-290.0,-194.0,812.0,58.0,-203.0,410.0,-25.0
383.0,,-163.0,-166.0,-241.0,780.0,0.0,-9.0,335.0,-165.0
453.0,,-159.0,-53.0,-289.0,838.0,-29.0,-290.0,267.0,-287.0
506.0,,-129.0,79.0,-330.0,931.0,-40.0,48.0,221.0,-388.0
467.0,,-87.0,223.0,-323.0,930.0,-65.0,-186.0,189.0,-434.0
433.0,,-44.0,307.0,-279.0,905.0,-111.0,-60.0,179.0,-422.0
425.0,,3.0,335.0,-205.0,826.0,-99.0,-83.0,174.0,-410.0
434.0,,54.0,352.0,-113.0,803.0,-83.0,-242.0,202.0,-370.0
361.0,,90.0,316.0,-30.0,830.0,-119.0,36.0,257.0,-325.0
257.0,,115.0,224.0,42.0,797.0,-123.0,-282.0,313.0,-278.0
237.0,,168.0,110.0,94.0,742.0,-104.0,3.0,368.0,-224.0
241.0,,186.0,5.0,134.0,727.0,-126.0,-230.0,418.0,-213.0
212.0,,195.0,-60.0,165.0,756.0,-140.0,-277.0,455.0,-205.0
110.0,,245.0,-106.0,145.0,737.0,-130.0,-123.0,464.0,-216.0
68.0,,234.0,-140.0,100.0,709.0,-151.0,-399.0,464.0,-259.0
91.0,,238.0,-151.0,80.0,703.0,-183.0,-123.0,442.0,-332.0
41.0,,257.0,-128.0,59.0,801.0,-171.0,-445.0,401.0,-392.0
-22.0,,252.0,-79.0,31.0,858.0,-144.0,-277.0,350.0,-420.0
-25.0,,279.0,-11.0,-13.0,800.0,-175.0,-315.0,276.0,-439.0
0.0,,292.0,56.0,-70.0,823.0,-169.0,-419.0,209.0,-397.0
-13.0,,317.0,127.0,-127.0,891.0,-128.0,-153.0,137.0,-303.0
-52.0,,329.0,183.0,-171.0,922.0,-113.0,-445.0,59.0,-215.0
-49.0,,365.0,198.0,-195.0,887.0,-109.0,-142.0,-19.0,-107.0
-19.0,,413.0,199.0,-219.0,891.0,-95.0,-356.0,-94.0,50.0
-15.0,,431.0,197.0,-197.0,916.0,-45.0,-275.0,-141.0,177.0
-63.0,,489.0,193.0,-123.0,922.0,-51.0,-177.0,-193.0,274.0
-79.0,,514.0,153.0,-21.0,886.0,-63.0,-436.0,-231.0,355.0
-48.0,,525.0,94.0,66.0,848.0,-44.0,-149.0,-236.0,390.0
-43.0,,529.0,38.0,126.0,845.0,-46.0,-473.0,-236.0,393.0
-100.0,,508.0,-57.0,174.0,804.0,-38.0,-245.0,-230.0,358.0
-129.0,,494.0,-160.0,191.0,757.0,-49.0,-317.0,-224.0,293.0
-49.0,,418.0,-225.0,180.0,681.0,-82.0,-430.0,-209.0,194.0
-47.0,,372.0,-305.0,159.0,728.0,-113.0,-269.0,-185.0,87.0
-113.0,,316.0,-404.0,127.0,782.0,-120.0,-596.0,-149.0,-4.0
-105.0,,231.0,-439.0,57.0,723.0,-79.0,-273.0,-120.0,-59.0
-83.0,,179.0,-445.0,-38.0,680.0,-57.0,-491.0,-86.0,-101.0
-100.0,,87.0,-465.0,-140.0,682.0,-48.0,-380.0,-50.0,-129.0
-189.0,,9.0,-456.0,-230.0,698.0,-12.0,-312.0,-33.0,-84.0
-247.0,,-64.0,-398.0,-282.0,635.0,21.0,-508.0,-25.0,-8.0
-228.0,,-136.0,-334.0,-293.0,586.0,43.0,-210.0,-19.0,73.0
-217.0,,-171.0,-256.0,-274.0,613.0,42.0,-497.0,-1.0,204.0
-269.0,,-215.0,-152.0,-221.0,697.0,48.0,-229.0,16.0,374.0
-330.0,,-227.0,-80.0,-132.0,644.0,30.0,-373.0,45.0,522.0
-322.0,,-201.0,-43.0,-47.0,551.0,29.0,-471.0,91.0,643.0
-276.0,,-193.0,-38.0,32.0,598.0,47.0,-389.0,136.0,722.0
-289.0,,-154.0,-69.0,94.0,620.0,29.0,-779.0,187.0,741.0
-343.0,,-96.0,-109.0,114.0,597.0,21.0,-485.0,237.0,726.0
-303.0,,-61.0,-141.0,121.0,546.0,40.0,-692.0,270.0,653.0
-236.0,,-18.0,-175.0,121.0,584.0,68.0,-476.0,283.0,515.0
-229.0,,16.0,-217.0,126.0,635.0,55.0,-408.0,288.0,348.0
-260.0,,34.0,-263.0,160.0,567.0,54.0,-532.0,272.0,150.0
-241.0,,39.0,-301.0,235.0,472.0,74.0,-249.0,233.0,-68.0
-184.0,,46.0,-329.0,312.0,437.0,93.0,-613.0,185.0,-240.0
-202.0,,27.0,-362.0,356.0,467.0,102.0,-397.0,121.0,-385.0
-258.0,,8.0,-371.0,361.0,457.0,108.0,-594.0,25.0,-530.0
-285.0,,13.0,-380.0,318.0,393.0,146.0,-589.0,-80.0,-605.0
-229.0,,-11.0,-388.0,232.0,378.0,152.0,-417.0,-199.0,-639.0
-225.0,,-20.0,-362.0,137.0,469.0,171.0,-646.0,-324.0,-654.0
-266.0,,-8.0,-314.0,54.0,518.0,183.0,-288.0,-450.0,-596.0
-249.0,,-14.0,-219.0,-4.0,500.0,177.0,-543.0,-580.0,-509.0
-231.0,,-16.0,-96.0,-33.0,522.0,177.0,-378.0,-683.0,-430.0
-217.0,,-8.0,25.0,-54.0,570.0,176.0,-434.0,-770.0,-321.0
-250.0,,-4.0,162.0,-84.0,621.0,171.0,-570.0,-814.0,-231.0
-262.0,,2.0,266.0,-111.0,585.0,137.0,-275.0,-802.0,-175.0
-219.0,,15.0,335.0,-114.0,549.0,157.0,-530.0,-754.0,-136.0
-202.0,,19.0,412.0,-92.0,615.0,180.0,-230.0,-653.0,-147.0
-199.0,,35.0,456.0,-65.0,602.0,153.0,-452.0,-522.0,-155.0
-169.0,,38.0,411.0,-24.0,514.0,112.0,-461.0,-370.0,-142.0
-108.0,,24.0,315.0,33.0,504.0,82.0,-371.0,-206.0,-142.0
-63.0,,22.0,214.0,74.0,542.0,77.0,-583.0,-60.0,-138.0
-65.0,,32.0,103.0,92.0,571.0,67.0,-253.0,64.0,-107.0
-61.0,,60.0,6.0,92.0,529.0,74.0,-502.0,161.0,-78.0
-7.0,,67.0,-65.0,60.0,476.0,81.0,-218.0,216.0,-62.0
15.0,,85.0,-109.0,3.0,562.0,85.0,-301.0,231.0,-20.0
-14.0,,113.0,-137.0,-46.0,600.0,111.0,-450.0,215.0,-13.0
-46.0,,123.0,-147.0,-74.0,570.0,145.0,-253.0,163.0,-12.0
1.0,,156.0,-133.0,-84.0,588.0,145.0,-563.0,88.0,18.0
62.0,,155.0,-93.0,-84.0,584.0,119.0,-221.0,24.0,28.0
25.0,,148.0,-38.0,-87.0,592.0,113.0,-413.0,-40.0,37.0
3.0,,144.0,56.0,-101.0,573.0,97.0,-339.0,-116.0,44.0
20.0,,116.0,160.0,-108.0,561.0,87.0,-363.0,-181.0,31.0
65.0,,109.0,225.0,-98.0,634.0,77.0,-620.0,-218.0,-2.0
78.0,,101.0,305.0,-71.0,675.0,52.0,-315.0,-237.0,-45.0
41.0,,71.0,351.0,-48.0,624.0,45.0,-587.0,-251.0,-117.0
48.0,,58.0,385.0,-41.0,664.0,21.0,-243.0,-243.0,-220.0
103.0,,22.0,432.0,-43.0,774.0,-2.0,-253.0,-230.0,-314.0
142.0,,19.0,436.0,-70.0,738.0,0.0,-232.0,-193.0,-369.0
109.0,,30.0,404.0,-118.0,665.0,-9.0,-40.0,-140.0,-412.0
111.0,,1.0,346.0,-142.0,659.0,-6.0,-327.0,-100.0,-495.0
139.0,,29.0,316.0,-126.0,726.0,-4.0,16.0,-42.0,-595.0
158.0,,48.0,298.0,-77.0,777.0,-20.0,-197.0,32.0,-706.0
119.0,,60.0,267.0,-32.0,746.0,14.0,-48.0,118.0,-806.0
62.0,,75.0,232.0,-27.0,694.0,55.0,-11.0,207.0,-906.0
96.0,,88.0,173.0,-40.0,657.0,49.0,-140.0,293.0,-1003.0
79.0,,101.0,82.0,-42.0,678.0,26.0,147.0,386.0,-1069.0
-1.0,,97.0,-26.0,-3.0,663.0,2.0,-181.0,465.0,-1126.0
-52.0,,97.0,-117.0,51.0,638.0,-14.0,64.0,530.0,-1172.0
-32.0,,72.0,-198.0,92.0,692.0,-37.0,-105.0,597.0,-1212.0
-19.0,,58.0,-253.0,110.0,701.0,-35.0,-77.0,645.0,-1226.0
-87.0,,34.0,-273.0,68.0,628.0,-12.0,179.0,665.0,-1202.0
-126.0,,14.0,-246.0,-20.0,611.0,-13.0,-1.0,683.0,-1138.0
-84.0,,-3.0,-193.0,-102.0,640.0,-15.0,363.0,687.0,-1032.0
-56.0,,-36.0,-166.0,-149.0,648.0,11.0,84.0,674.0,-867.0
-87.0,,-47.0,-111.0,-169.0,670.0,39.0,181.0,660.0,-687.0
-86.0,,-81.0,-85.0,-173.0,680.0,35.0,109.0,634.0,-532.0
-66.0,,-113.0,-69.0,-170.0,721.0,63.0,-24.0,595.0,-365.0
-85.0,,-127.0,-17.0,-184.0,766.0,96.0,328.0,556.0,-202.0
-129.0,,-130.0,-6.0,-216.0,778.0,101.0,118.0,512.0,-40.0
-142.0,,-140.0,-13.0,-261.0,728.0,113.0,460.0,440.0,103.0
-130.0,,-181.0,-40.0,-294.0,712.0,137.0,295.0,363.0,215.0
-151.0,,-194.0,-31.0,-266.0,796.0,169.0,345.0,284.0,291.0
-196.0,,-204.0,-19.0,-190.0,774.0,152.0,476.0,192.0,338.0
-246.0,,-232.0,-41.0,-97.0,732.0,145.0,188.0,104.0,394.0
-259.0,,-241.0,-30.0,-15.0,709.0,180.0,474.0,0.0,411.0
-260.0,,-245.0,-13.0,8.0,717.0,167.0,203.0,-108.0,389.0
-344.0,,-242.0,41.0,14.0,724.0,154.0,408.0,-207.0,365.0
-449.0,,-239.0,117.0,37.0,631.0,161.0,336.0,-298.0,330.0
-466.0,,-232.0,212.0,69.0,728.0,129.0,230.0,-356.0,289.0
-478.0,,-226.0,298.0,105.0,788.0,88.0,482.0,-397.0,246.0
-571.0,,-220.0,310.0,123.0,674.0,101.0,169.0,-404.0,205.0
-643.0,,-212.0,298.0,121.0,735.0,128.0,452.0,-393.0,148.0
-629.0,,-224.0,261.0,122.0,773.0,119.0,208.0,-381.0,94.0
-587.0,,-231.0,216.0,146.0,785.0,81.0,297.0,-339.0,45.0
-593.0,,-240.0,193.0,169.0,859.0,64.0,437.0,-307.0,-43.0
-635.0,,-275.0,134.0,176.0,766.0,75.0,199.0,-278.0,-140.0
-603.0,,-316.0,62.0,181.0,790.0,40.0,476.0,-241.0,-250.0
-547.0,,-349.0,24.0,181.0,903.0,32.0,127.0,-225.0,-390.0
-555.0,,-389.0,-27.0,179.0,765.0,30.0,310.0,-210.0,-509.0
-565.0,,-416.0,-91.0,175.0,724.0,7.0,227.0,-194.0,-602.0
-520.0,,-437.0,-143.0,169.0,799.0,22.0,166.0,-181.0,-671.0
-448.0,,-457.0,-220.0,162.0,828.0,31.0,375.0,-161.0,-700.0
-438.0,,-442.0,-315.0,155.0,907.0,15.0,64.0,-141.0,-684.0
-450.0,,-442.0,-393.0,134.0,776.0,-11.0,363.0,-121.0,-625.0
-416.0,,-438.0,-446.0,96.0,646.0,7.0,79.0,-98.0,-555.0
-385.0,,-415.0,-465.0,48.0,814.0,6.0,208.0,-72.0,-462.0
-387.0,,-395.0,-449.0,17.0,837.0,-21.0,286.0,-26.0,-351.0
-356.0,,-349.0,-394.0,22.0,717.0,-38.0,24.0,21.0,-246.0
-324.0,,-307.0,-301.0,65.0,805.0,-47.0,327.0,47.0,-122.0
-301.0,,-259.0,-231.0,133.0,826.0,-14.0,16.0,80.0,-2.0
-260.0,,-228.0,-156.0,170.0,675.0,-18.0,218.0,113.0,84.0
-251.0,,-181.0,-58.0,168.0,717.0,-12.0,101.0,132.0,138.0
-246.0,,-167.0,0.0,160.0,829.0,9.0,86.0,144.0,160.0
-250.0,,-187.0,65.0,154.0,741.0,-8.0,256.0,144.0,171.0
-259.0,,-151.0,124.0,142.0,640.0,-10.0,-7.0,133.0,175.0
-264.0,,-176.0,163.0,110.0,602.0,1.0,304.0,125.0,157.0
-224.0,,-218.0,235.0,84.0,518.0,-13.0,16.0,121.0,138.0
-165.0,,-238.0,282.0,72.0,521.0,-42.0,195.0,114.0,94.0
-152.0,,-263.0,265.0,48.0,578.0,-37.0,227.0,117.0,33.0
-131.0,,-299.0,229.0,-12.0,481.0,-33.0,123.0,130.0,-7.0
-55.0,,-343.0,201.0,-113.0,484.0,-47.0,489.0,156.0,-35.0
19.0,,-353.0,154.0,-238.0,594.0,-62.0,242.0,169.0,-40.0
22.0,,-382.0,69.0,-380.0,508.0,-59.0,569.0,174.0,-58.0
40.0,,-382.0,-60.0,-499.0,463.0,-77.0,395.0,164.0,-42.0
82.0,,-387.0,-200.0,-575.0,539.0,-122.0,376.0,132.0,-3.0
127.0,,-375.0,-285.0,-612.0,546.0,-118.0,445.0,106.0,38.0
161.0,,-349.0,-337.0,-616.0,492.0,-116.0,131.0,72.0,90.0
165.0,,-348.0,-370.0,-578.0,450.0,-135.0,460.0,47.0,137.0
199.0,,-336.0,-382.0,-489.0,471.0,-144.0,214.0,24.0,194.0
244.0,,-340.0,-319.0,-365.0,447.0,-152.0,485.0,-6.0,217.0
244.0,,-349.0,-200.0,-209.0,446.0,-162.0,469.0,-27.0,234.0
187.0,,-366.0,-122.0,-54.0,444.0,-172.0,323.0,-64.0,236.0
157.0,,-370.0,-4.0,81.0,336.0,-175.0,550.0,-116.0,236.0
186.0,,-394.0,98.0,214.0,396.0,-174.0,162.0,-182.0,228.0
176.0,,-389.0,138.0,315.0,477.0,-196.0,413.0,-268.0,201.0
136.0,,-371.0,179.0,355.0,286.0,-208.0,269.0,-345.0,186.0
140.0,,-382.0,211.0,322.0,250.0,-188.0,471.0,-422.0,158.0
146.0,,-363.0,266.0,253.0,390.0,-172.0,657.0,-506.0,151.0
128.0,,-346.0,294.0,185.0,296.0,-150.0,461.0,-579.0,145.0
95.0,,-337.0,324.0,119.0,239.0,-129.0,761.0,-627.0,130.0
43.0,,-354.0,415.0,65.0,297.0,-116.0,382.0,-661.0,119.0
-2.0,,-349.0,498.0,-5.0,282.0,-99.0,594.0,-688.0,97.0
-10.0,,-356.0,581.0,-105.0,353.0,-71.0,550.0,-670.0,38.0
-35.0,,-399.0,628.0,-205.0,406.0,-48.0,500.0,-614.0,-34.0
-107.0,,-405.0,622.0,-294.0,360.0,-51.0,788.0,-556.0,-106.0
-137.0,,-434.0,613.0,-344.0,327.0,-43.0,559.0,-474.0,-176.0
-158.0,,-474.0,614.0,-348.0,386.0,-37.0,879.0,-387.0,-229.0
-205.0,,-478.0,577.0,-313.0,429.0,-52.0,604.0,-309.0,-306.0
-256.0,,-493.0,506.0,-238.0,300.0,-75.0,657.0,-225.0,-366.0
-316.0,,-516.0,439.0,-139.0,316.0,-90.0,715.0,-152.0,-388.0
-368.0,,-525.0,316.0,-64.0,411.0,-115.0,530.0,-83.0,-394.0
-394.0,,-504.0,130.0,-57.0,366.0,-168.0,851.0,-25.0,-360.0
-407.0,,-496.0,-21.0,-105.0,391.0,-189.0,561.0,3.0,-282.0
-473.0,,-503.0,-152.0,-171.0,345.0,-192.0,857.0,17.0,-174.0
-525.0,,-440.0,-284.0,-231.0,248.0,-208.0,774.0,35.0,-48.0
-516.0,,-422.0,-402.0,-270.0,284.0,-210.0,668.0,52.0,83.0
-531.0,,-389.0,-511.0,-272.0,301.0,-212.0,792.0,51.0,174.0
-538.0,,-334.0,-591.0,-234.0,325.0,-216.0,436.0,32.0,245.0
-528.0,,-323.0,-702.0,-183.0,416.0,-225.0,727.0,15.0,285.0
-526.0,,-278.0,-793.0,-139.0,367.0,-192.0,522.0,4.0,263.0
-517.0,,-269.0,-801.0,-105.0,317.0,-129.0,720.0,-13.0,239.0
-512.0,,-267.0,-751.0,-82.0,411.0,-118.0,809.0,-17.0,201.0
-499.0,,-255.0,-659.0,-67.0,377.0,-82.0,652.0,-13.0,133.0
-493.0,,-251.0,-552.0,-55.0,400.0,-70.0,925.0,-3.0,66.0
-472.0,,-261.0,-446.0,-48.0,471.0,-101.0,563.0,18.0,13.0
-444.0,,-270.0,-401.0,-31.0,371.0,-112.0,801.0,32.0,-37.0
-421.0,,-265.0,-366.0,8.0,446.0,-126.0,665.0,53.0,-85.0
-375.0,,-291.0,-290.0,65.0,473.0,-105.0,648.0,70.0,-137.0
-344.0,,-295.0,-217.0,129.0,383.0,-119.0,801.0,79.0,-170.0
-354.0,,-295.0,-142.0,179.0,557.0,-135.0,515.0,82.0,-162.0
-357.0,,-306.0,-59.0,228.0,632.0,-118.0,787.0,88.0,-175.0
-318.0,,-288.0,31.0,268.0,519.0,-118.0,489.0,98.0,-188.0
-318.0,,-292.0,146.0,260.0,493.0,-124.0,617.0,109.0,-183.0
-381.0,,-288.0,283.0,230.0,494.0,-148.0,530.0,144.0,-158.0
-382.0,,-260.0,390.0,217.0,553.0,-127.0,373.0,187.0,-114.0
-337.0,,-265.0,453.0,205.0,577.0,-119.0,620.0,229.0,-86.0
-352.0,,-267.0,460.0,165.0,455.0,-105.0,352.0,267.0,-63.0
-366.0,,-258.0,370.0,117.0,536.0,-71.0,783.0,289.0,-34.0
-348.0,,-266.0,221.0,78.0,703.0,-67.0,691.0,292.0,-6.0
-343.0,,-280.0,91.0,46.0,607.0,-46.0,766.0,288.0,15.0
-341.0,,-290.0,-11.0,28.0,578.0,-13.0,848.0,266.0,56.0
-334.0,,-284.0,-93.0,35.0,674.0,24.0,537.0,243.0,112.0
-337.0,,-263.0,-158.0,62.0,700.0,27.0,790.0,243.0,154.0
-355.0,,-272.0,-235.0,90.0,801.0,78.0,467.0,240.0,187.0
-335.0,,-230.0,-280.0,100.0,912.0,121.0,696.0,248.0,226.0
-340.0,,-202.0,-310.0,90.0,818.0,107.0,652.0,254.0,251.0
-354.0,,-194.0,-317.0,58.0,769.0,158.0,630.0,252.0,264.0
-301.0,,-116.0,-304.0,16.0,929.0,200.0,870.0,232.0,284.0
-287.0,,-117.0,-309.0,-15.0,968.0,223.0,509.0,216.0,317.0
-297.0,,-91.0,-294.0,-43.0,882.0,210.0,809.0,218.0,373.0
-267.0,,-47.0,-309.0,-61.0,884.0,197.0,550.0,207.0,441.0
-232.0,,-43.0,-341.0,-78.0,874.0,213.0,622.0,227.0,521.0
-243.0,,-17.0,-360.0,-99.0,882.0,199.0,722.0,247.0,602.0
-273.0,,-10.0,-374.0,-104.0,939.0,183.0,509.0,277.0,669.0
-250.0,,-8.0,-397.0,-81.0,848.0,185.0,807.0,322.0,713.0
-244.0,,4.0,-408.0,-20.0,770.0,174.0,504.0,365.0,710.0
-262.0,,8.0,-364.0,46.0,836.0,122.0,731.0,411.0,679.0
-257.0,,-23.0,-335.0,118.0,835.0,109.0,617.0,443.0,609.0
-285.0,,-25.0,-276.0,145.0,738.0,110.0,583.0,485.0,483.0
-312.0,,-59.0,-179.0,87.0,769.0,96.0,790.0,508.0,336.0
-271.0,,-116.0,-88.0,6.0,863.0,87.0,487.0,515.0,185.0
-248.0,,-157.0,-3.0,-87.0,774.0,98.0,829.0,521.0,34.0
-291.0,,-220.0,65.0,-162.0,730.0,116.0,613.0,509.0,-94.0
-281.0,,-242.0,109.0,-184.0,832.0,74.0,761.0,491.0,-190.0
-219.0,,-294.0,116.0,-157.0,755.0,77.0,833.0,466.0,-241.0
-243.0,,-345.0,132.0,-102.0,621.0,105.0,667.0,439.0,-260.0
-304.0,,-355.0,131.0,-44.0,651.0,102.0,977.0,383.0,-260.0
-284.0,,-406.0,134.0,9.0,590.0,123.0,652.0,322.0,-231.0
-256.0,,-437.0,127.0,51.0,584.0,161.0,822.0,252.0,-213.0
-277.0,,-464.0,60.0,89.0,684.0,204.0,609.0,161.0,-181.0
-314.0,,-503.0,-15.0,99.0,536.0,239.0,569.0,60.0,-137.0
-318.0,,-535.0,-105.0,61.0,484.0,288.0,735.0,-40.0,-106.0
-252.0,,-563.0,-195.0,-18.0,611.0,343.0,491.0,-130.0,-59.0
-202.0,,-582.0,-295.0,-116.0,545.0,359.0,801.0,-208.0,-3.0
-210.0,,-592.0,-386.0,-173.0,473.0,382.0,471.0,-265.0,76.0
-201.0,,-580.0,-481.0,-174.0,541.0,426.0,567.0,-315.0,160.0
-129.0,,-567.0,-584.0,-122.0,576.0,446.0,515.0,-350.0,242.0
-66.0,,-562.0,-617.0,-47.0,531.0,482.0,380.0,-376.0,314.0
-92.0,,-572.0,-627.0,2.0,517.0,533.0,703.0,-415.0,358.0
-107.0,,-556.0,-602.0,14.0,484.0,554.0,436.0,-454.0,372.0
-54.0,,-532.0,-517.0,1.0,396.0,560.0,740.0,-493.0,360.0
-10.0,,-522.0,-452.0,-41.0,430.0,574.0,519.0,-523.0,340.0
-6.0,,-471.0,-414.0,-102.0,488.0,621.0,474.0,-534.0,272.0
-36.0,,-437.0,-390.0,-150.0,481.0,638.0,587.0,-502.0,190.0
-27.0,,-396.0,-378.0,-182.0,501.0,620.0,325.0,-441.0,98.0
-4.0,,-325.0,-363.0,-196.0,513.0,629.0,646.0,-366.0,-11.0
-85.0,,-295.0,-340.0,-183.0,449.0,620.0,402.0,-277.0,-99.0
-207.0,,-257.0,-312.0,-152.0,434.0,618.0,613.0,-201.0,-194.0
-282.0,,-217.0,-279.0,-124.0,505.0,627.0,580.0,-129.0,-283.0
-297.0,,-222.0,-204.0,-105.0,451.0,606.0,467.0,-63.0,-327.0
-359.0,,-214.0,-145.0,-82.0,420.0,604.0,694.0,-20.0,-350.0
-464.0,,-203.0,-97.0,-82.0,454.0,615.0,334.0,10.0,-366.0
-482.0,,-210.0,-3.0,-111.0,436.0,636.0,558.0,29.0,-351.0
-484.0,,-192.0,109.0,-124.0,435.0,637.0,363.0,15.0,-313.0
-513.0,,-207.0,224.0,-99.0,395.0,615.0,487.0,-16.0,-245.0
-553.0,,-213.0,288.0,-47.0,394.0,626.0,654.0,-37.0,-131.0
-552.0,,-183.0,328.0,38.0,498.0,607.0,484.0,-75.0,-4.0
-500.0,,-215.0,350.0,128.0,479.0,558.0,801.0,-130.0,127.0
-470.0,,-189.0,347.0,196.0,315.0,539.0,456.0,-178.0,280.0
-470.0,,-176.0,367.0,228.0,362.0,556.0,602.0,-221.0,417.0
-425.0,,-183.0,329.0,198.0,506.0,559.0,485.0,-257.0,534.0
-345.0,,-116.0,267.0,127.0,435.0,539.0,432.0,-270.0,616.0
-321.0,,-82.0,200.0,42.0,270.0,551.0,650.0,-261.0,625.0
-335.0,,-5.0,109.0,-50.0,269.0,523.0,334.0,-198.0,606.0
-311.0,,66.0,0.0,-118.0,365.0,463.0,642.0,-105.0,533.0
-250.0,,126.0,-137.0,-139.0,310.0,463.0,389.0,-12.0,387.0
-263.0,,206.0,-224.0,-132.0,285.0,457.0,498.0,94.0,200.0
-292.0,,260.0,-286.0,-122.0,305.0,442.0,559.0,209.0,-22.0
-252.0,,303.0,-314.0,-110.0,312.0,459.0,382.0,306.0,-269.0
-209.0,,338.0,-317.0,-108.0,348.0,456.0,709.0,375.0,-531.0
-242.0,,349.0,-319.0,-118.0,352.0,464.0,410.0,438.0,-752.0
-298.0,,329.0,-281.0,-125.0,361.0,489.0,668.0,460.0,-931.0
-274.0,,316.0,-266.0,-117.0,352.0,520.0,528.0,457.0,-1065.0
-277.0,,257.0,-254.0,-97.0,408.0,531.0,480.0,447.0,-1126.0
-304.0,,216.0,-218.0,-74.0,407.0,523.0,637.0,408.0,-1116.0
-363.0,,146.0,-167.0,-15.0,335.0,539.0,330.0,381.0,-1023.0
-436.0,,47.0,-103.0,82.0,392.0,536.0,613.0,359.0,-867.0
-417.0,,-11.0,-77.0,192.0,399.0,516.0,293.0,328.0,-662.0
-414.0,,-121.0,-32.0,297.0,380.0,501.0,432.0,314.0,-458.0
-483.0,,-182.0,24.0,353.0,463.0,505.0,471.0,320.0,-255.0
-527.0,,-240.0,58.0,365.0,467.0,518.0,339.0,341.0,-47.0
-437.0,,-284.0,120.0,344.0,414.0,531.0,642.0,374.0,121.0
-361.0,,-297.0,171.0,313.0,431.0,541.0,321.0,418.0,276.0
-365.0,,-331.0,211.0,295.0,470.0,551.0,604.0,476.0,391.0
-316.0,,-312.0,256.0,277.0,465.0,541.0,447.0,553.0,455.0
-203.0,,-307.0,269.0,261.0,466.0,517.0,408.0,622.0,477.0
-119.0,,-295.0,252.0,217.0,468.0,532.0,498.0,665.0,462.0
-82.0,,-282.0,207.0,140.0,444.0,525.0,230.0,699.0,410.0
-25.0,,-283.0,184.0,70.0,504.0,499.0,570.0,697.0,295.0
30.0,,-283.0,190.0,18.0,516.0,488.0,328.0,672.0,143.0
87.0,,-280.0,166.0,-28.0,435.0,493.0,589.0,631.0,-46.0
116.0,,-280.0,145.0,-81.0,386.0,482.0,541.0,568.0,-226.0
130.0,,-282.0,136.0,-125.0,390.0,440.0,341.0,488.0,-389.0
168.0,,-243.0,76.0,-140.0,446.0,451.0,535.0,386.0,-517.0
226.0,,-229.0,-20.0,-134.0,379.0,481.0,160.0,308.0,-566.0
249.0,,-194.0,-93.0,-122.0,305.0,506.0,456.0,237.0,-577.0
243.0,,-146.0,-146.0,-138.0,371.0,544.0,275.0,156.0,-533.0
292.0,,-96.0,-200.0,-181.0,368.0,592.0,345.0,104.0,-441.0
361.0,,-28.0,-263.0,-213.0,332.0,615.0,460.0,76.0,-326.0
408.0,,20.0,-340.0,-217.0,290.0,612.0,218.0,63.0,-179.0
438.0,,74.0,-433.0,-178.0,248.0,649.0,508.0,55.0,-24.0
487.0,,121.0,-500.0,-115.0,288.0,677.0,145.0,45.0,114.0
538.0,,164.0,-528.0,-44.0,285.0,671.0,310.0,35.0,221.0
578.0,,183.0,-532.0,28.0,240.0,685.0,238.0,10.0,285.0
615.0,,242.0,-488.0,99.0,228.0,703.0,199.0,-25.0,333.0
650.0,,285.0,-432.0,169.0,265.0,694.0,493.0,-71.0,341.0
736.0,,298.0,-371.0,217.0,302.0,691.0,227.0,-145.0,278.0
780.0,,325.0,-295.0,244.0,275.0,707.0,489.0,-225.0,198.0
744.0,,296.0,-195.0,269.0,279.0,702.0,149.0,-297.0,100.0
781.0,,289.0,-93.0,291.0,325.0,697.0,101.0,-383.0,-22.0
836.0,,267.0,-21.0,311.0,304.0,710.0,75.0,-451.0,-149.0
790.0,,232.0,23.0,309.0,233.0,697.0,-90.0,-497.0,-243.0
717.0,,188.0,17.0,279.0,256.0,676.0,269.0,-527.0,-345.0
660.0,,144.0,-34.0,222.0,318.0,685.0,5.0,-553.0,-465.0
624.0,,120.0,-138.0,125.0,282.0,691.0,304.0,-586.0,-527.0
556.0,,79.0,-242.0,-2.0,272.0,684.0,194.0,-613.0,-566.0
448.0,,63.0,-329.0,-132.0,277.0,670.0,160.0,-617.0,-629.0
365.0,,58.0,-412.0,-215.0,282.0,675.0,271.0,-604.0,-652.0
339.0,,71.0,-453.0,-232.0,290.0,685.0,-81.0,-562.0,-576.0
320.0,,64.0,-504.0,-224.0,223.0,670.0,230.0,-510.0,-515.0
220.0,,76.0,-555.0,-205.0,252.0,639.0,-35.0,-470.0,-515.0
150.0,,115.0,-588.0,-197.0,265.0,625.0,147.0,-421.0,-462.0
165.0,,118.0,-639.0,-193.0,230.0,624.0,145.0,-383.0,-407.0
156.0,,167.0,-651.0,-173.0,254.0,604.0,-3.0,-368.0,-449.0
72.0,,184.0,-652.0,-148.0,182.0,592.0,225.0,-375.0,-458.0
24.0,,216.0,-722.0,-123.0,206.0,572.0,-120.0,-400.0,-457.0
42.0,,250.0,-799.0,-123.0,303.0,555.0,145.0,-430.0,-565.0
3.0,,224.0,-851.0,-153.0,315.0,550.0,-103.0,-469.0,-647.0
-43.0,,249.0,-893.0,-177.0,306.0,520.0,-107.0,-501.0,-652.0
-73.0,,242.0,-917.0,-156.0,252.0,483.0,-24.0,-518.0,-688.0
-54.0,,200.0,-934.0,-96.0,214.0,448.0,-275.0,-511.0,-731.0
-18.0,,191.0,-934.0,-41.0,239.0,456.0,36.0,-473.0,-666.0
-26.0,,158.0,-907.0,-19.0,258.0,455.0,-264.0,-398.0,-585.0
-47.0,,96.0,-882.0,-45.0,211.0,440.0,-88.0,-300.0,-563.0
-68.0,,45.0,-866.0,-99.0,247.0,448.0,-179.0,-188.0,-497.0
-42.0,,10.0,-844.0,-146.0,292.0,428.0,-271.0,-60.0,-395.0
-68.0,,-29.0,-835.0,-167.0,248.0,417.0,-38.0,60.0,-313.0
-156.0,,-37.0,-832.0,-148.0,193.0,398.0,-282.0,161.0,-286.0
-183.0,,-34.0,-844.0,-102.0,156.0,381.0,77.0,246.0,-251.0
-185.0,,-44.0,-868.0,-33.0,169.0,353.0,-110.0,327.0,-209.0
-234.0,,-36.0,-858.0,36.0,129.0,327.0,-24.0,387.0,-192.0
-288.0,,-17.0,-813.0,89.0,122.0,337.0,33.0,429.0,-155.0
-317.0,,10.0,-727.0,132.0,141.0,346.0,-236.0,457.0,-153.0
-359.0,,41.0,-593.0,141.0,114.0,330.0,-27.0,455.0,-129.0
-382.0,,64.0,-395.0,118.0,92.0,313.0,-376.0,436.0,-87.0
-420.0,,108.0,-193.0,81.0,78.0,331.0,-142.0,386.0,-96.0
-497.0,,143.0,-66.0,41.0,108.0,330.0,-162.0,322.0,-96.0
-526.0,,173.0,47.0,26.0,63.0,328.0,-103.0,265.0,-71.0
-554.0,,228.0,186.0,42.0,-22.0,334.0,142.0,218.0,-55.0
-609.0,,255.0,283.0,52.0,-73.0,349.0,-127.0,173.0,-59.0
-623.0,,282.0,351.0,39.0,-98.0,352.0,144.0,128.0,-45.0
-601.0,,291.0,455.0,0.0,-82.0,348.0,-179.0,107.0,17.0
-612.0,,289.0,529.0,-65.0,-132.0,388.0,-40.0,107.0,84.0
-640.0,,306.0,570.0,-140.0,-197.0,388.0,7.0,114.0,87.0
-607.0,,282.0,643.0,-178.0,-162.0,400.0,-155.0,110.0,106.0
-550.0,,272.0,672.0,-142.0,-164.0,452.0,194.0,107.0,129.0
-545.0,,256.0,622.0,-64.0,-250.0,492.0,-90.0,113.0,83.0
-534.0,,221.0,557.0,27.0,-285.0,506.0,129.0,115.0,14.0
-461.0,,209.0,485.0,106.0,-247.0,525.0,-72.0,109.0,-51.0
-356.0,,170.0,388.0,147.0,-251.0,542.0,-125.0,88.0,-101.0
-259.0,,132.0,271.0,144.0,-309.0,509.0,-5.0,53.0,-160.0
-206.0,,111.0,158.0,110.0,-348.0,514.0,-230.0,16.0,-195.0
-139.0,,73.0,81.0,67.0,-380.0,556.0,118.0,-6.0,-265.0
-31.0,,35.0,24.0,30.0,-396.0,561.0,-195.0,-28.0,-337.0
58.0,,-20.0,1.0,-13.0,-429.0,537.0,0.0,-32.0,-324.0
57.0,,-67.0,-16.0,-54.0,-442.0,532.0,27.0,3.0,-302.0
64.0,,-96.0,-70.0,-77.0,-397.0,542.0,-134.0,45.0,-273.0
168.0,,-139.0,-106.0,-95.0,-375.0,540.0,51.0,86.0,-224.0
207.0,,-159.0,-144.0,-102.0,-394.0,514.0,-373.0,130.0,-165.0
191.0,,-177.0,-180.0,-87.0,-391.0,469.0,-153.0,180.0,-112.0
229.0,,-192.0,-222.0,-42.0,-315.0,456.0,-327.0,236.0,-72.0
306.0,,-191.0,-285.0,26.0,-279.0,481.0,-291.0,286.0,-35.0
341.0,,-211.0,-298.0,104.0,-319.0,489.0,-175.0,325.0,-32.0
343.0,,-188.0,-289.0,179.0,-344.0,476.0,-465.0,344.0,-47.0
381.0,,-181.0,-248.0,210.0,-315.0,456.0,-260.0,343.0,-45.0
392.0,,-172.0,-167.0,213.0,-244.0,460.0,-606.0,325.0,-41.0
397.0,,-119.0,-130.0,219.0,-234.0,489.0,-423.0,282.0,-69.0
385.0,,-109.0,-135.0,235.0,-260.0,497.0,-487.0,211.0,-74.0
316.0,,-78.0,-155.0,265.0,-191.0,484.0,-556.0,132.0,-31.0
263.0,,-64.0,-199.0,270.0,-135.0,481.0,-260.0,45.0,-3.0
227.0,,-62.0,-251.0,225.0,-152.0,517.0,-545.0,-30.0,19.0
171.0,,-42.0,-300.0,173.0,-181.0,518.0,-291.0,-71.0,68.0
102.0,,-73.0,-331.0,132.0,-220.0,495.0,-556.0,-108.0,116.0
53.0,,-96.0,-353.0,118.0,-166.0,513.0,-484.0,-147.0,117.0
36.0,,-107.0,-379.0,131.0,-151.0,493.0,-384.0,-161.0,77.0
11.0,,-162.0,-446.0,127.0,-194.0,473.0,-606.0,-171.0,56.0
-24.0,,-208.0,-543.0,94.0,-208.0,486.0,-315.0,-179.0,43.0
-49.0,,-245.0,-593.0,11.0,-267.0,470.0,-609.0,-181.0,7.0
-81.0,,-315.0,-615.0,-91.0,-200.0,427.0,-378.0,-177.0,3.0
-111.0,,-384.0,-610.0,-164.0,-138.0,400.0,-502.0,-161.0,32.0
-124.0,,-447.0,-566.0,-194.0,-197.0,414.0,-548.0,-143.0,41.0
-126.0,,-514.0,-498.0,-179.0,-143.0,417.0,-356.0,-126.0,62.0
-108.0,,-573.0,-408.0,-151.0,-109.0,400.0,-672.0,-112.0,111.0
-118.0,,-594.0,-334.0,-136.0,-177.0,447.0,-345.0,-96.0,154.0
-110.0,,-626.0,-324.0,-162.0,-107.0,511.0,-565.0,-83.0,173.0
-58.0,,-646.0,-338.0,-203.0,-58.0,533.0,-410.0,-84.0,172.0
-35.0,,-616.0,-328.0,-229.0,-97.0,535.0,-389.0,-70.0,136.0
-41.0,,-599.0,-361.0,-254.0,-77.0,540.0,-596.0,-45.0,63.0
-52.0,,-539.0,-447.0,-248.0,-102.0,559.0,-351.0,-23.0,-14.0
-9.0,,-484.0,-528.0,-201.0,-113.0,575.0,-681.0,-13.0,-110.0
17.0,,-438.0,-598.0,-146.0,-84.0,585.0,-421.0,-10.0,-227.0
-19.0,,-345.0,-642.0,-108.0,-56.0,593.0,-606.0,-29.0,-324.0
-48.0,,-278.0,-648.0,-117.0,-43.0,589.0,-591.0,-77.0,-416.0
-43.0,,-187.0,-611.0,-151.0,-45.0,584.0,-380.0,-121.0,-523.0
-51.0,,-114.0,-522.0,-177.0,-37.0,592.0,-635.0,-177.0,-642.0
-71.0,,-66.0,-432.0,-171.0,-92.0,584.0,-308.0,-240.0,-763.0
-83.0,,18.0,-328.0,-111.0,-166.0,549.0,-567.0,-295.0,-832.0
-96.0,,68.0,-192.0,-41.0,-143.0,543.0,-419.0,-337.0,-868.0
-63.0,,99.0,-86.0,-1.0,-66.0,551.0,-495.0,-362.0,-916.0
-22.0,,144.0,-62.0,25.0,-82.0,515.0,-668.0,-385.0,-934.0
-47.0,,155.0,-107.0,48.0,-169.0,471.0,-376.0,-385.0,-943.0
-82.0,,155.0,-167.0,89.0,-187.0,458.0,-655.0,-359.0,-954.0
-53.0,,174.0,-253.0,123.0,-150.0,472.0,-339.0,-316.0,-983.0
-52.0,,164.0,-344.0,111.0,-91.0,479.0,-550.0,-255.0,-1017.0
-80.0,,180.0,-435.0,65.0,-116.0,470.0,-576.0,-185.0,-1036.0
-72.0,,189.0,-570.0,9.0,-142.0,449.0,-487.0,-111.0,-1033.0
-68.0,,164.0,-703.0,-26.0,-54.0,433.0,-776.0,-32.0,-1017.0
-51.0,,187.0,-823.0,-32.0,-72.0,457.0,-456.0,38.0,-1023.0
-14.0,,184.0,-910.0,3.0,-85.0,497.0,-722.0,89.0,-989.0
-9.0,,170.0,-934.0,58.0,-63.0,517.0,-502.0,117.0,-948.0
-41.0,,189.0,-918.0,76.0,-94.0,519.0,-567.0,125.0,-939.0
-20.0,,185.0,-870.0,63.0,-20.0,513.0,-648.0,141.0,-907.0
14.0,,197.0,-809.0,20.0,-41.0,504.0,-371.0,155.0,-812.0
6.0,,203.0,-737.0,-59.0,-152.0,489.0,-683.0,148.0,-687.0
34.0,,201.0,-658.0,-165.0,-138.0,464.0,-358.0,126.0,-566.0
107.0,,245.0,-584.0,-253.0,-147.0,436.0,-583.0,100.0,-411.0
139.0,,248.0,-514.0,-262.0,-211.0,424.0,-502.0,55.0,-234.0
140.0,,241.0,-442.0,-186.0,-229.0,429.0,-388.0,0.0,-65.0
187.0,,269.0,-347.0,-75.0,-219.0,428.0,-644.0,-39.0,39.0
234.0,,252.0,-255.0,10.0,-227.0,405.0,-347.0,-68.0,92.0
233.0,,224.0,-191.0,53.0,-312.0,390.0,-657.0,-61.0,103.0
217.0,,187.0,-124.0,78.0,-333.0,386.0,-478.0,-25.0,45.0
242.0,,152.0,-58.0,88.0,-303.0,395.0,-576.0,38.0,-69.0
270.0,,109.0,-39.0,64.0,-360.0,408.0,-591.0,114.0,-203.0
283.0,,36.0,-35.0,45.0,-356.0,419.0,-352.0,192.0,-335.0
273.0,,-6.0,-36.0,48.0,-304.0,452.0,-657.0,268.0,-461.0
217.0,,-68.0,-78.0,59.0,-273.0,465.0,-338.0,331.0,-532.0
194.0,,-123.0,-145.0,69.0,-300.0,464.0,-587.0,399.0,-546.0
152.0,,-167.0,-209.0,90.0,-387.0,456.0,-463.0,447.0,-513.0
43.0,,-225.0,-244.0,136.0,-411.0,423.0,-376.0,468.0,-430.0
-44.0,,-271.0,-269.0,162.0,-370.0,408.0,-559.0,469.0,-332.0
-137.0,,-313.0,-314.0,141.0,-398.0,411.0,-264.0,445.0,-250.0
-266.0,,-338.0,-346.0,89.0,-461.0,404.0,-600.0,388.0,-165.0
-390.0,,-388.0,-363.0,40.0,-471.0,377.0,-375.0,311.0,-71.0
-487.0,,-405.0,-408.0,0.0,-519.0,355.0,-473.0,231.0,5.0
-601.0,,-435.0,-462.0,-48.0,-511.0,357.0,-437.0,143.0,100.0
-727.0,,-452.0,-492.0,-103.0,-575.0,344.0,-260.0,62.0,175.0
-819.0,,-439.0,-512.0,-189.0,-756.0,325.0,-524.0,-19.0,225.0
-891.0,,-480.0,-550.0,-288.0,-699.0,318.0,-194.0,-85.0,281.0
-947.0,,-461.0,-592.0,-349.0,-659.0,302.0,-491.0,-132.0,308.0
-990.0,,-484.0,-606.0,-355.0,-739.0,271.0,-375.0,-178.0,281.0
-998.0,,-504.0,-600.0,-305.0,-751.0,239.0,-423.0,-206.0,216.0
-1000.0,,-481.0,-592.0,-219.0,-788.0,214.0,-569.0,-226.0,140.0
-960.0,,-534.0,-555.0,-142.0,-771.0,194.0,-258.0,-242.0,22.0
-883.0,,-540.0,-479.0,-89.0,-776.0,160.0,-524.0,-242.0,-78.0
-847.0,,-563.0,-384.0,-18.0,-836.0,136.0,-192.0,-221.0,-155.0
-793.0,,-623.0,-274.0,115.0,-849.0,148.0,-314.0,-169.0,-238.0
-723.0,,-662.0,-148.0,284.0,-826.0,135.0,-286.0,-112.0,-259.0
-656.0,,-728.0,-12.0,410.0,-840.0,154.0,-169.0,-47.0,-237.0
-608.0,,-756.0,117.0,461.0,-927.0,196.0,-437.0,13.0,-172.0
-565.0,,-797.0,211.0,438.0,-914.0,201.0,-164.0,40.0,-57.0
-522.0,,-843.0,252.0,374.0,-845.0,212.0,-439.0,47.0,90.0
-478.0,,-877.0,247.0,323.0,-891.0,182.0,-194.0,28.0,262.0
-413.0,,-907.0,221.0,297.0,-995.0,155.0,-162.0,0.0,437.0
-371.0,,-912.0,159.0,263.0,-979.0,137.0,-201.0,-33.0,603.0
-335.0,,-951.0,55.0,212.0,-930.0,130.0,70.0,-80.0,733.0
-256.0,,-930.0,-59.0,146.0,-999.0,131.0,-260.0,-122.0,824.0
-186.0,,-923.0,-154.0,48.0,-1093.0,105.0,-22.0,-152.0,896.0
-170.0,,-889.0,-205.0,-51.0,-1072.0,94.0,-256.0,-182.0,930.0
-133.0,,-830.0,-254.0,-118.0,-1039.0,87.0,-149.0,-210.0,915.0
-96.0,,-799.0,-311.0,-134.0,-1128.0,82.0,3.0,-228.0,856.0
-80.0,,-700.0,-361.0,-114.0,-1180.0,52.0,-175.0,-233.0,768.0
-65.0,,-647.0,-410.0,-101.0,-1198.0,59.0,125.0,-236.0,673.0
-60.0,,-570.0,-447.0,-95.0,-1149.0,79.0,-234.0,-254.0,574.0
-55.0,,-479.0,-436.0,-95.0,-1173.0,77.0,-29.0,-266.0,457.0
-29.0,,-414.0,-376.0,-98.0,-1326.0,51.0,-129.0,-264.0,312.0
0.0,,-344.0,-320.0,-103.0,-1234.0,15.0,-199.0,-263.0,176.0
-6.0,,-254.0,-240.0,-128.0,-1088.0,15.0,1.0,-266.0,57.0
-7.0,,-177.0,-131.0,-149.0,-1150.0,-22.0,-280.0,-240.0,-57.0
-11.0,,-127.0,-53.0,-155.0,-1248.0,-20.0,107.0,-180.0,-160.0
-26.0,,-24.0,-21.0,-154.0,-1225.0,15.0,-86.0,-106.0,-241.0
-39.0,,38.0,-19.0,-158.0,-1100.0,3.0,96.0,-32.0,-289.0
-48.0,,93.0,-37.0,-189.0,-1061.0,-17.0,149.0,41.0,-334.0
-62.0,,146.0,-93.0,-222.0,-1135.0,-40.0,-38.0,108.0,-374.0
-96.0,,156.0,-177.0,-257.0,-1147.0,-57.0,279.0,138.0,-426.0
-89.0,,184.0,-265.0,-313.0,-1075.0,-92.0,-66.0,136.0,-478.0
-71.0,,193.0,-342.0,-367.0,-986.0,-136.0,242.0,102.0,-509.0
-107.0,,174.0,-407.0,-394.0,-1058.0,-161.0,129.0,44.0,-547.0
-162.0,,182.0,-491.0,-389.0,-1197.0,-171.0,70.0,-20.0,-580.0
-157.0,,140.0,-528.0,-363.0,-1089.0,-158.0,223.0,-80.0,-602.0
-139.0,,112.0,-478.0,-309.0,-1025.0,-120.0,-84.0,-119.0,-590.0
-130.0,,94.0,-435.0,-230.0,-1106.0,-92.0,266.0,-159.0,-550.0
-103.0,,24.0,-399.0,-146.0,-1116.0,-76.0,9.0,-195.0,-495.0
-77.0,,20.0,-332.0,-54.0,-1102.0,-35.0,144.0,-233.0,-415.0
-33.0,,-55.0,-287.0,28.0,-1051.0,-11.0,155.0,-268.0,-343.0
-3.0,,-107.0,-239.0,82.0,-1000.0,-34.0,16.0,-280.0,-248.0
8.0,,-122.0,-171.0,94.0,-1030.0,-37.0,334.0,-283.0,-115.0
24.0,,-220.0,-144.0,55.0,-1133.0,-4.0,38.0,-289.0,-3.0
68.0,,-264.0,-157.0,4.0,-1121.0,13.0,338.0,-282.0,104.0
115.0,,-311.0,-174.0,5.0,-1042.0,17.0,194.0,-270.0,226.0
87.0,,-373.0,-211.0,54.0,-1110.0,12.0,168.0,-278.0,349.0
28.0,,-407.0,-236.0,101.0,-1108.0,-7.0,264.0,-278.0,472.0
-5.0,,-442.0,-238.0,116.0,-1050.0,-3.0,-35.0,-259.0,573.0
-67.0,,-483.0,-266.0,109.0,-1097.0,10.0,279.0,-234.0,626.0
-134.0,,-454.0,-279.0,93.0,-1060.0,19.0,51.0,-204.0,651.0
-196.0,,-435.0,-266.0,82.0,-1008.0,29.0,269.0,-151.0,656.0
-268.0,,-436.0,-262.0,57.0,-1068.0,28.0,247.0,-75.0,617.0
-285.0,,-378.0,-235.0,10.0,-1101.0,35.0,134.0,4.0,545.0
-306.0,,-340.0,-183.0,-34.0,-1082.0,20.0,362.0,85.0,430.0
-356.0,,-275.0,-145.0,-94.0,-1110.0,7.0,16.0,142.0,298.0
-391.0,,-200.0,-126.0,-149.0,-1146.0,11.0,321.0,177.0,147.0
-393.0,,-159.0,-112.0,-175.0,-1103.0,-1.0,190.0,179.0,-29.0
-388.0,,-74.0,-152.0,-196.0,-1084.0,-20.0,332.0,160.0,-190.0
-406.0,,-17.0,-211.0,-206.0,-1096.0,-49.0,509.0,126.0,-366.0
-390.0,,31.0,-214.0,-201.0,-1142.0,-72.0,297.0,58.0,-499.0
-366.0,,95.0,-193.0,-167.0,-1204.0,-77.0,593.0,-13.0,-578.0
-353.0,,110.0,-160.0,-122.0,-1185.0,-93.0,284.0,-85.0,-630.0
-328.0,,141.0,-82.0,-118.0,-1215.0,-116.0,441.0,-160.0,-634.0
-309.0,,135.0,30.0,-153.0,-1298.0,-118.0,293.0,-237.0,-578.0
-248.0,,122.0,137.0,-201.0,-1323.0,-123.0,199.0,-320.0,-456.0
-151.0,,99.0,233.0,-243.0,-1316.0,-131.0,467.0,-397.0,-333.0
-87.0,,16.0,299.0,-284.0,-1307.0,-94.0,242.0,-467.0,-198.0
-36.0,,-30.0,316.0,-339.0,-1329.0,-70.0,591.0,-505.0,-48.0
34.0,,-95.0,276.0,-404.0,-1374.0,-76.0,338.0,-523.0,112.0
91.0,,-188.0,200.0,-445.0,-1390.0,-77.0,399.0,-512.0,260.0
98.0,,-227.0,90.0,-414.0,-1408.0,-94.0,452.0,-465.0,379.0
98.0,,-267.0,-51.0,-309.0,-1453.0,-114.0,227.0,-418.0,512.0
115.0,,-339.0,-174.0,-170.0,-1452.0,-138.0,561.0,-364.0,616.0
102.0,,-336.0,-302.0,-20.0,-1464.0,-165.0,308.0,-310.0,682.0
97.0,,-351.0,-377.0,128.0,-1489.0,-207.0,558.0,-248.0,707.0
97.0,,-378.0,-375.0,262.0,-1476.0,-213.0,441.0,-191.0,679.0
81.0,,-368.0,-373.0,351.0,-1492.0,-182.0,391.0,-152.0,628.0
77.0,,-419.0,-338.0,385.0,-1452.0,-162.0,591.0,-100.0,537.0
39.0,,-438.0,-276.0,371.0,-1379.0,-154.0,290.0,-27.0,404.0
5.0,,-444.0,-173.0,330.0,-1387.0,-179.0,609.0,65.0,243.0
-19.0,,-505.0,-79.0,301.0,-1445.0,-183.0,352.0,163.0,64.0
-44.0,,-543.0,-39.0,301.0,-1446.0,-164.0,495.0,270.0,-145.0
-45.0,,-588.0,-31.0,320.0,-1407.0,-162.0,569.0,366.0,-391.0
-49.0,,-631.0,-28.0,317.0,-1396.0,-180.0,413.0,446.0,-637.0
-8.0,,-640.0,0.0,274.0,-1402.0,-163.0,735.0,495.0,-888.0
39.0,,-706.0,-20.0,186.0,-1453.0,-146.0,428.0,494.0,-1115.0
27.0,,-717.0,-69.0,75.0,-1430.0,-183.0,652.0,467.0,-1273.0
8.0,,-722.0,-128.0,-54.0,-1427.0,-181.0,432.0,403.0,-1369.0
37.0,,-778.0,-225.0,-185.0,-1469.0,-198.0,375.0,316.0,-1392.0
100.0,,-772.0,-305.0,-267.0,-1429.0,-234.0,517.0,214.0,-1377.0
116.0,,-817.0,-400.0,-306.0,-1427.0,-227.0,242.0,104.0,-1313.0
97.0,,-808.0,-468.0,-284.0,-1451.0,-216.0,637.0,0.0,-1174.0
123.0,,-795.0,-463.0,-217.0,-1500.0,-225.0,437.0,-92.0,-999.0
159.0,,-787.0,-454.0,-145.0,-1535.0,-236.0,646.0,-172.0,-812.0
165.0,,-706.0,-425.0,-56.0,-1467.0,-222.0,679.0,-258.0,-638.0
132.0,,-720.0,-387.0,71.0,-1460.0,-219.0,528.0,-322.0,-473.0
86.0,,-687.0,-324.0,218.0,-1537.0,-220.0,770.0,-383.0,-325.0
83.0,,-636.0,-214.0,326.0,-1522.0,-225.0,399.0,-411.0,-185.0
85.0,,-616.0,-100.0,353.0,-1479.0,-216.0,596.0,-410.0,-57.0
41.0,,-565.0,27.0,296.0,-1488.0,-205.0,378.0,-403.0,44.0
-26.0,,-519.0,117.0,193.0,-1446.0,-191.0,460.0,-365.0,143.0
-61.0,,-489.0,143.0,83.0,-1440.0,-177.0,672.0,-304.0,208.0
-79.0,,-422.0,154.0,-19.0,-1414.0,-182.0,386.0,-215.0,242.0
-115.0,,-335.0,193.0,-109.0,-1321.0,-164.0,654.0,-121.0,254.0
-144.0,,-308.0,228.0,-173.0,-1345.0,-160.0,297.0,4.0,218.0
-135.0,,-222.0,176.0,-198.0,-1369.0,-162.0,447.0,138.0,152.0
-123.0,,-174.0,67.0,-182.0,-1376.0,-158.0,485.0,248.0,96.0
-118.0,,-135.0,-47.0,-146.0,-1381.0,-169.0,465.0,350.0,54.0
-84.0,,-93.0,-136.0,-131.0,-1327.0,-166.0,868.0,426.0,17.0
-63.0,,-108.0,-215.0,-117.0,-1329.0,-159.0,659.0,508.0,-9.0
-60.0,,-83.0,-297.0,-68.0,-1316.0,-146.0,949.0,581.0,-32.0
-75.0,,-116.0,-335.0,5.0,-1323.0,-104.0,681.0,635.0,-56.0
-106.0,,-117.0,-359.0,80.0,-1333.0,-74.0,635.0,665.0,-101.0
-116.0,,-104.0,-374.0,82.0,-1262.0,-74.0,698.0,662.0,-133.0
-123.0,,-98.0,-352.0,2.0,-1230.0,-62.0,445.0,630.0,-162.0
-145.0,,-77.0,-329.0,-102.0,-1198.0,-60.0,800.0,565.0,-199.0
-183.0,,-69.0,-318.0,-176.0,-1153.0,-57.0,539.0,475.0,-220.0
-170.0,,-45.0,-306.0,-194.0,-1140.0,-49.0,753.0,364.0,-263.0
-143.0,,-46.0,-273.0,-190.0,-1118.0,-27.0,659.0,264.0,-308.0
-128.0,,-8.0,-192.0,-168.0,-1097.0,-17.0,498.0,184.0,-330.0
-116.0,,5.0,-79.0,-132.0,-1084.0,-40.0,716.0,114.0,-347.0
-141.0,,10.0,40.0,-95.0,-1093.0,-48.0,410.0,70.0,-349.0
-135.0,,15.0,131.0,-42.0,-1068.0,-38.0,729.0,36.0,-348.0
-104.0,,5.0,217.0,28.0,-995.0,-36.0,563.0,14.0,-324.0
-84.0,,32.0,314.0,113.0,-939.0,-53.0,716.0,7.0,-269.0
-72.0,,16.0,380.0,173.0,-936.0,-81.0,892.0,-6.0,-220.0
-46.0,,11.0,422.0,179.0,-976.0,-135.0,670.0,-17.0,-149.0
-25.0,,22.0,423.0,150.0,-935.0,-177.0,921.0,-13.0,-105.0
-67.0,,18.0,401.0,123.0,-901.0,-171.0,558.0,8.0,-77.0
-103.0,,21.0,349.0,129.0,-909.0,-166.0,739.0,40.0,-48.0
-100.0,,31.0,245.0,162.0,-899.0,-190.0,652.0,86.0,-62.0
-134.0,,23.0,176.0,187.0,-909.0,-190.0,541.0,124.0,-79.0
-185.0,,58.0,135.0,185.0,-842.0,-165.0,700.0,154.0,-130.0
-228.0,,120.0,76.0,171.0,-779.0,-154.0,404.0,183.0,-160.0
-247.0,,116.0,17.0,167.0,-778.0,-139.0,685.0,201.0,-144.0
-252.0,,186.0,-41.0,181.0,-730.0,-122.0,448.0,210.0,-121.0
-312.0,,226.0,-83.0,187.0,-633.0,-84.0,593.0,211.0,-59.0
-373.0,,236.0,-60.0,175.0,-590.0,-49.0,659.0,201.0,32.0
-410.0,,306.0,-1.0,149.0,-567.0,-26.0,493.0,177.0,153.0
-412.0,,321.0,56.0,118.0,-517.0,-3.0,764.0,151.0,295.0
-428.0,,342.0,145.0,109.0,-512.0,17.0,430.0,116.0,442.0
-485.0,,360.0,192.0,120.0,-513.0,31.0,737.0,69.0,581.0
-461.0,,372.0,169.0,125.0,-501.0,42.0,635.0,11.0,696.0
-398.0,,368.0,119.0,85.0,-492.0,63.0,550.0,-52.0,775.0
-405.0,,357.0,57.0,9.0,-532.0,68.0,737.0,-105.0,797.0
-423.0,,351.0,6.0,-75.0,-542.0,102.0,480.0,-161.0,777.0
-397.0,,322.0,-62.0,-180.0,-496.0,163.0,796.0,-218.0,728.0
-364.0,,281.0,-124.0,-278.0,-452.0,188.0,567.0,-282.0,619.0
-354.0,,201.0,-172.0,-357.0,-382.0,185.0,709.0,-339.0,490.0
-373.0,,134.0,-218.0,-418.0,-354.0,208.0,689.0,-397.0,368.0
-369.0,,44.0,-222.0,-462.0,-372.0,243.0,517.0,-445.0,237.0
-333.0,,-32.0,-212.0,-478.0,-386.0,233.0,805.0,-453.0,119.0
-294.0,,-65.0,-229.0,-416.0,-359.0,230.0,452.0,-445.0,35.0
-291.0,,-117.0,-265.0,-269.0,-306.0,258.0,687.0,-422.0,11.0
-319.0,,-110.0,-270.0,-89.0,-281.0,261.0,491.0,-368.0,16.0
-315.0,,-124.0,-223.0,54.0,-271.0,247.0,417.0,-286.0,40.0
-304.0,,-115.0,-150.0,144.0,-246.0,261.0,558.0,-215.0,104.0
-290.0,,-76.0,-65.0,204.0,-233.0,299.0,334.0,-140.0,206.0
-261.0,,-55.0,10.0,240.0,-244.0,333.0,700.0,-76.0,327.0
-207.0,,5.0,87.0,253.0,-191.0,333.0,478.0,-46.0,438.0
-145.0,,34.0,161.0,235.0,-110.0,288.0,700.0,-26.0,572.0
-116.0,,83.0,156.0,201.0,-106.0,261.0,670.0,-20.0,706.0
-71.0,,129.0,106.0,164.0,-142.0,252.0,493.0,-6.0,805.0
-16.0,,143.0,72.0,119.0,-189.0,249.0,655.0,1.0,875.0
34.0,,155.0,28.0,101.0,-256.0,261.0,251.0,0.0,919.0
111.0,,160.0,-17.0,97.0,-293.0,219.0,589.0,-3.0,940.0
161.0,,117.0,-109.0,100.0,-326.0,176.0,461.0,-31.0,924.0
219.0,,86.0,-225.0,121.0,-352.0,162.0,504.0,-80.0,878.0
274.0,,40.0,-306.0,149.0,-359.0,114.0,602.0,-123.0,792.0
261.0,,-45.0,-399.0,189.0,-391.0,85.0,365.0,-148.0,689.0
259.0,,-78.0,-456.0,196.0,-398.0,81.0,698.0,-159.0,584.0
275.0,,-165.0,-484.0,144.0,-399.0,76.0,360.0,-143.0,472.0
305.0,,-219.0,-499.0,58.0,-396.0,95.0,524.0,-110.0,392.0
311.0,,-243.0,-477.0,-53.0,-405.0,151.0,397.0,-75.0,314.0
303.0,,-298.0,-461.0,-177.0,-411.0,176.0,293.0,-47.0,234.0
345.0,,-307.0,-408.0,-271.0,-395.0,171.0,604.0,-38.0,188.0
369.0,,-298.0,-323.0,-322.0,-448.0,180.0,328.0,-42.0,143.0
358.0,,-317.0,-242.0,-336.0,-501.0,191.0,609.0,-53.0,127.0
331.0,,-309.0,-160.0,-299.0,-514.0,186.0,321.0,-61.0,133.0
326.0,,-283.0,-132.0,-239.0,-498.0,156.0,325.0,-58.0,120.0
342.0,,-280.0,-148.0,-165.0,-487.0,142.0,380.0,-46.0,115.0
330.0,,-218.0,-153.0,-88.0,-529.0,131.0,242.0,-42.0,107.0
283.0,,-195.0,-160.0,-28.0,-573.0,121.0,602.0,-42.0,85.0
282.0,,-154.0,-168.0,16.0,-558.0,113.0,254.0,-46.0,45.0
336.0,,-102.0,-197.0,15.0,-473.0,116.0,467.0,-41.0,-2.0
328.0,,-106.0,-250.0,-10.0,-404.0,157.0,327.0,-15.0,-44.0
288.0,,-53.0,-274.0,-36.0,-397.0,190.0,247.0,24.0,-93.0
296.0,,-56.0,-307.0,-44.0,-431.0,231.0,491.0,82.0,-134.0
337.0,,-74.0,-384.0,-4.0,-488.0,242.0,188.0,155.0,-131.0
353.0,,-49.0,-470.0,56.0,-471.0,223.0,521.0,233.0,-104.0
334.0,,-84.0,-557.0,113.0,-422.0,233.0,338.0,305.0,-86.0
350.0,,-109.0,-636.0,138.0,-424.0,237.0,484.0,369.0,-47.0
399.0,,-109.0,-708.0,130.0,-414.0,237.0,521.0,439.0,7.0
407.0,,-143.0,-743.0,107.0,-415.0,209.0,330.0,489.0,74.0
390.0,,-144.0,-753.0,95.0,-399.0,155.0,559.0,527.0,146.0
399.0,,-152.0,-749.0,120.0,-369.0,119.0,184.0,553.0,160.0
412.0,,-176.0,-683.0,171.0,-347.0,105.0,436.0,543.0,147.0
427.0,,-164.0,-584.0,235.0,-333.0,110.0,271.0,509.0,121.0
451.0,,-162.0,-501.0,294.0,-287.0,98.0,267.0,442.0,91.0
498.0,,-167.0,-412.0,303.0,-238.0,70.0,439.0,332.0,93.0
535.0,,-144.0,-298.0,241.0,-291.0,85.0,94.0,214.0,91.0
521.0,,-144.0,-166.0,142.0,-302.0,111.0,328.0,88.0,102.0
518.0,,-140.0,-83.0,57.0,-273.0,121.0,25.0,-53.0,102.0
501.0,,-119.0,-32.0,42.0,-298.0,128.0,195.0,-185.0,108.0
472.0,,-123.0,22.0,87.0,-353.0,141.0,208.0,-295.0,130.0
459.0,,-94.0,48.0,138.0,-362.0,165.0,129.0,-378.0,148.0
415.0,,-87.0,131.0,150.0,-315.0,166.0,408.0,-431.0,180.0
387.0,,-48.0,221.0,74.0,-361.0,187.0,70.0,-450.0,209.0
371.0,,8.0,221.0,-55.0,-415.0,200.0,317.0,-442.0,261.0
333.0,,21.0,183.0,-178.0,-381.0,186.0,75.0,-424.0,321.0
270.0,,107.0,137.0,-226.0,-346.0,179.0,79.0,-385.0,380.0
213.0,,177.0,103.0,-200.0,-315.0,180.0,153.0,-334.0,430.0
194.0,,232.0,38.0,-155.0,-325.0,217.0,-201.0,-265.0,445.0
166.0,,330.0,-46.0,-101.0,-402.0,232.0,16.0,-181.0,438.0
122.0,,394.0,-134.0,-49.0,-471.0,232.0,-327.0,-97.0,417.0
52.0,,464.0,-257.0,-7.0,-504.0,236.0,-166.0,-14.0,378.0
22.0,,557.0,-362.0,15.0,-482.0,251.0,-216.0,49.0,334.0
12.0,,611.0,-449.0,35.0,-477.0,282.0,-291.0,102.0,300.0
-45.0,,682.0,-514.0,52.0,-512.0,320.0,-12.0,119.0,259.0
-76.0,,733.0,-515.0,57.0,-506.0,377.0,-288.0,98.0,202.0
-94.0,,743.0,-504.0,70.0,-513.0,391.0,14.0,74.0,165.0
-116.0,,766.0,-519.0,70.0,-586.0,423.0,-238.0,22.0,196.0
-166.0,,736.0,-497.0,43.0,-529.0,467.0,-203.0,-39.0,278.0
-217.0,,700.0,-462.0,-1.0,-383.0,456.0,-131.0,-100.0,373.0
-208.0,,651.0,-456.0,-41.0,-444.0,443.0,-410.0,-171.0,482.0
-207.0,,562.0,-407.0,-52.0,-516.0,475.0,-107.0,-231.0,627.0
-264.0,,495.0,-345.0,-37.0,-519.0,507.0,-389.0,-268.0,774.0
-342.0,,412.0,-311.0,11.0,-564.0,459.0,-144.0,-298.0,909.0
-368.0,,323.0,-297.0,84.0,-573.0,420.0,-242.0,-308.0,1005.0
-389.0,,242.0,-325.0,161.0,-628.0,407.0,-325.0,-309.0,1043.0
-457.0,,158.0,-386.0,248.0,-734.0,391.0,-160.0,-302.0,1083.0
-516.0,,69.0,-449.0,323.0,-753.0,378.0,-548.0,-285.0,1095.0
-547.0,,-17.0,-497.0,366.0,-707.0,358.0,-236.0,-275.0,1069.0
-559.0,,-88.0,-514.0,384.0,-755.0,359.0,-463.0,-272.0,1015.0
-601.0,,-152.0,-525.0,365.0,-804.0,345.0,-328.0,-257.0,944.0
-667.0,,-192.0,-540.0,308.0,-779.0,366.0,-299.0,-221.0,864.0
-705.0,,-248.0,-567.0,236.0,-718.0,405.0,-583.0,-179.0,761.0
-712.0,,-287.0,-586.0,181.0,-707.0,420.0,-363.0,-124.0,645.0
-706.0,,-293.0,-570.0,146.0,-769.0,442.0,-678.0,-67.0,514.0
-708.0,,-322.0,-519.0,112.0,-760.0,465.0,-349.0,-11.0,373.0
-699.0,,-311.0,-474.0,84.0,-757.0,500.0,-410.0,53.0,235.0
-655.0,,-329.0,-467.0,45.0,-750.0,525.0,-378.0,116.0,94.0
-593.0,,-337.0,-467.0,-17.0,-736.0,557.0,-203.0,167.0,-40.0
-573.0,,-321.0,-478.0,-76.0,-771.0,620.0,-515.0,199.0,-161.0
-572.0,,-375.0,-486.0,-126.0,-756.0,655.0,-225.0,221.0,-274.0
-508.0,,-387.0,-484.0,-175.0,-673.0,657.0,-530.0,244.0,-326.0
-430.0,,-391.0,-529.0,-213.0,-611.0,656.0,-399.0,263.0,-324.0
-367.0,,-415.0,-570.0,-249.0,-561.0,643.0,-437.0,264.0,-262.0
-292.0,,-415.0,-575.0,-261.0,-482.0,623.0,-633.0,266.0,-123.0
-199.0,,-416.0,-615.0,-232.0,-485.0,606.0,-371.0,246.0,38.0
-82.0,,-384.0,-678.0,-159.0,-459.0,568.0,-687.0,189.0,227.0
17.0,,-352.0,-710.0,-68.0,-394.0,540.0,-404.0,138.0,412.0
81.0,,-314.0,-712.0,0.0,-390.0,576.0,-578.0,71.0,591.0
158.0,,-245.0,-660.0,60.0,-381.0,604.0,-589.0,-9.0,767.0
239.0,,-189.0,-584.0,95.0,-360.0,594.0,-491.0,-84.0,901.0
288.0,,-135.0,-505.0,86.0,-324.0,608.0,-711.0,-142.0,1004.0
335.0,,-79.0,-410.0,56.0,-300.0,623.0,-345.0,-190.0,1064.0
366.0,,-21.0,-337.0,15.0,-299.0,626.0,-644.0,-226.0,1089.0
404.0,,29.0,-276.0,-8.0,-326.0,626.0,-439.0,-228.0,1079.0
449.0,,73.0,-244.0,0.0,-310.0,610.0,-480.0,-209.0,1013.0
447.0,,99.0,-241.0,27.0,-298.0,600.0,-703.0,-156.0,910.0
430.0,,104.0,-239.0,78.0,-298.0,610.0,-578.0,-87.0,771.0
410.0,,115.0,-231.0,98.0,-330.0,616.0,-958.0,0.0,619.0
370.0,,90.0,-204.0,55.0,-354.0,601.0,-689.0,93.0,487.0
322.0,,84.0,-172.0,-32.0,-248.0,562.0,-870.0,171.0,331.0
264.0,,51.0,-152.0,-115.0,-244.0,546.0,-787.0,256.0,151.0
210.0,,-8.0,-107.0,-111.0,-271.0,539.0,-628.0,304.0,-48.0
154.0,,-33.0,-57.0,-43.0,-258.0,507.0,-790.0,328.0,-277.0
73.0,,-88.0,-17.0,66.0,-279.0,484.0,-485.0,334.0,-500.0
19.0,,-121.0,30.0,189.0,-254.0,458.0,-807.0,322.0,-716.0
-8.0,,-151.0,47.0,281.0,-261.0,437.0,-583.0,300.0,-906.0
-18.0,,-185.0,28.0,341.0,-225.0,428.0,-665.0,252.0,-1036.0
-19.0,,-209.0,-12.0,337.0,-151.0,429.0,-768.0,209.0,-1100.0
-5.0,,-213.0,-96.0,281.0,-121.0,459.0,-589.0,148.0,-1122.0
39.0,,-228.0,-220.0,202.0,-64.0,445.0,-916.0,68.0,-1093.0
47.0,,-205.0,-326.0,138.0,15.0,405.0,-563.0,-30.0,-1001.0
35.0,,-195.0,-437.0,115.0,22.0,409.0,-768.0,-135.0,-912.0
23.0,,-221.0,-553.0,93.0,-24.0,408.0,-678.0,-236.0,-786.0
42.0,,-188.0,-639.0,45.0,-13.0,371.0,-624.0,-342.0,-640.0
70.0,,-218.0,-714.0,-22.0,13.0,340.0,-851.0,-417.0,-529.0
63.0,,-218.0,-723.0,-83.0,29.0,351.0,-570.0,-471.0,-385.0
81.0,,-200.0,-738.0,-124.0,44.0,343.0,-955.0,-526.0,-246.0
148.0,,-226.0,-699.0,-156.0,-6.0,320.0,-729.0,-573.0,-147.0
203.0,,-237.0,-585.0,-181.0,-56.0,344.0,-809.0,-608.0,-59.0
192.0,,-255.0,-523.0,-208.0,-58.0,358.0,-798.0,-633.0,12.0
185.0,,-275.0,-407.0,-229.0,-52.0,358.0,-545.0,-644.0,83.0
206.0,,-285.0,-294.0,-210.0,-45.0,391.0,-866.0,-645.0,155.0
199.0,,-293.0,-220.0,-157.0,-120.0,398.0,-622.0,-641.0,217.0
148.0,,-295.0,-124.0,-103.0,-175.0,355.0,-957.0,-629.0,260.0
110.0,,-243.0,-57.0,-66.0,-171.0,344.0,-849.0,-624.0,277.0
109.0,,-210.0,-14.0,-41.0,-196.0,341.0,-820.0,-626.0,289.0
113.0,,-154.0,3.0,-21.0,-225.0,317.0,-949.0,-619.0,289.0
108.0,,-82.0,6.0,-14.0,-260.0,296.0,-628.0,-619.0,272.0
101.0,,-19.0,21.0,-21.0,-208.0,268.0,-973.0,-614.0,209.0
101.0,,65.0,35.0,-39.0,-163.0,260.0,-726.0,-597.0,130.0
104.0,,156.0,12.0,-57.0,-192.0,274.0,-920.0,-576.0,54.0
105.0,,257.0,-28.0,-68.0,-205.0,303.0,-923.0,-512.0,-71.0
86.0,,325.0,-63.0,-72.0,-234.0,298.0,-715.0,-424.0,-220.0
91.0,,411.0,-62.0,-37.0,-253.0,274.0,-940.0,-332.0,-403.0
114.0,,459.0,-27.0,17.0,-237.0,277.0,-539.0,-228.0,-611.0
124.0,,499.0,-36.0,51.0,-207.0,274.0,-759.0,-126.0,-810.0
112.0,,539.0,-96.0,69.0,-242.0,252.0,-574.0,-36.0,-994.0
66.0,,527.0,-161.0,85.0,-281.0,254.0,-618.0,45.0,-1151.0
44.0,,539.0,-206.0,114.0,-272.0,275.0,-816.0,120.0,-1268.0
18.0,,486.0,-256.0,144.0,-229.0,232.0,-570.0,163.0,-1298.0
2.0,,477.0,-346.0,135.0,-144.0,186.0,-888.0,173.0,-1273.0
-3.0,,474.0,-453.0,103.0,-135.0,189.0,-561.0,140.0,-1188.0
-3.0,,400.0,-536.0,60.0,-164.0,203.0,-672.0,76.0,-1073.0
11.0,,422.0,-584.0,5.0,-191.0,197.0,-583.0,2.0,-975.0
-31.0,,375.0,-614.0,-20.0,-229.0,160.0,-432.0,-88.0,-855.0
-60.0,,323.0,-608.0,-29.0,-229.0,174.0,-727.0,-179.0,-760.0
-76.0,,304.0,-601.0,-26.0,-209.0,185.0,-463.0,-262.0,-691.0
-86.0,,231.0,-586.0,4.0,-236.0,165.0,-759.0,-312.0,-648.0
-104.0,,211.0,-519.0,64.0,-300.0,151.0,-517.0,-329.0,-627.0
-162.0,,165.0,-463.0,150.0,-306.0,140.0,-537.0,-323.0,-604.0
-147.0,,136.0,-378.0,223.0,-325.0,118.0,-606.0,-300.0,-619.0
-131.0,,146.0,-295.0,260.0,-350.0,64.0,-303.0,-264.0,-654.0
-166.0,,150.0,-272.0,252.0,-367.0,70.0,-631.0,-212.0,-673.0
-198.0,,159.0,-238.0,208.0,-389.0,87.0,-362.0,-174.0,-678.0
-189.0,,171.0,-228.0,152.0,-411.0,48.0,-624.0,-141.0,-693.0
-160.0,,179.0,-272.0,67.0,-450.0,35.0,-609.0,-107.0,-714.0
-205.0,,198.0,-314.0,-43.0,-436.0,65.0,-550.0,-69.0,-715.0
-259.0,,220.0,-331.0,-141.0,-437.0,87.0,-755.0,-14.0,-724.0
-272.0,,228.0,-348.0,-216.0,-461.0,83.0,-375.0,43.0,-753.0
-271.0,,246.0,-349.0,-272.0,-441.0,90.0,-613.0,116.0,-813.0
-281.0,,213.0,-356.0,-302.0,-410.0,131.0,-338.0,195.0,-902.0
-304.0,,181.0,-376.0,-327.0,-432.0,143.0,-452.0,269.0,-1002.0
-284.0,,154.0,-391.0,-346.0,-473.0,119.0,-537.0,334.0,-1104.0
-224.0,,98.0,-416.0,-348.0,-445.0,123.0,-358.0,366.0,-1195.0
-203.0,,39.0,-439.0,-340.0,-343.0,133.0,-663.0,351.0,-1229.0
-229.0,,-9.0,-486.0,-314.0,-292.0,137.0,-310.0,322.0,-1221.0
-194.0,,-87.0,-515.0,-247.0,-353.0,127.0,-554.0,274.0,-1214.0
-102.0,,-164.0,-533.0,-152.0,-383.0,125.0,-419.0,180.0,-1187.0
-65.0,,-220.0,-555.0,-71.0,-377.0,138.0,-352.0,84.0,-1152.0
-64.0,,-302.0,-569.0,-26.0,-341.0,174.0,-541.0,-10.0,-1101.0
-30.0,,-301.0,-591.0,-2.0,-331.0,224.0,-238.0,-108.0,-1043.0
59.0,,-348.0,-588.0,35.0,-398.0,234.0,-526.0,-207.0,-983.0
119.0,,-368.0,-574.0,89.0,-390.0,237.0,-297.0,-306.0,-907.0
113.0,,-346.0,-560.0,131.0,-355.0,243.0,-484.0,-377.0,-842.0
137.0,,-373.0,-570.0,135.0,-417.0,254.0,-519.0,-425.0,-785.0
186.0,,-329.0,-606.0,101.0,-460.0,264.0,-343.0,-447.0,-770.0
219.0,,-355.0,-619.0,75.0,-444.0,271.0,-580.0,-450.0,-758.0
185.0,,-337.0,-557.0,61.0,-453.0,261.0,-195.0,-449.0,-747.0
117.0,,-306.0,-515.0,55.0,-465.0,236.0,-441.0,-418.0,-760.0
127.0,,-334.0,-538.0,71.0,-521.0,226.0,-266.0,-358.0,-742.0
151.0,,-311.0,-475.0,67.0,-559.0,222.0,-273.0,-280.0,-711.0
139.0,,-319.0,-379.0,2.0,-523.0,218.0,-482.0,-179.0,-641.0
140.0,,-349.0,-283.0,-84.0,-520.0,211.0,-242.0,-61.0,-566.0
128.0,,-387.0,-176.0,-140.0,-532.0,207.0,-600.0,43.0,-522.0
155.0,,-436.0,-131.0,-151.0,-499.0,196.0,-358.0,142.0,-463.0
159.0,,-492.0,-62.0,-108.0,-472.0,165.0,-550.0,217.0,-392.0
146.0,,-528.0,37.0,-31.0,-494.0,136.0,-517.0,255.0,-350.0
201.0,,-587.0,78.0,42.0,-517.0,112.0,-373.0,271.0,-326.0
202.0,,-613.0,78.0,103.0,-519.0,68.0,-663.0,246.0,-315.0
211.0,,-640.0,54.0,147.0,-471.0,43.0,-349.0,206.0,-341.0
232.0,,-675.0,9.0,162.0,-441.0,58.0,-631.0,148.0,-376.0
235.0,,-661.0,-41.0,154.0,-451.0,26.0,-388.0,57.0,-434.0
233.0,,-639.0,-105.0,153.0,-431.0,-17.0,-356.0,-42.0,-502.0
218.0,,-580.0,-158.0,173.0,-383.0,-9.0,-436.0,-173.0,-591.0
249.0,,-534.0,-188.0,214.0,-391.0,28.0,-127.0,-315.0,-733.0
233.0,,-458.0,-215.0,251.0,-456.0,45.0,-388.0,-417.0,-897.0
224.0,,-392.0,-208.0,254.0,-412.0,36.0,-66.0,-486.0,-1086.0
190.0,,-318.0,-179.0,208.0,-376.0,46.0,-293.0,-512.0,-1273.0
143.0,,-227.0,-173.0,116.0,-401.0,32.0,-258.0,-484.0,-1427.0
156.0,,-159.0,-138.0,-11.0,-355.0,-7.0,-114.0,-420.0,-1538.0
141.0,,-70.0,-83.0,-169.0,-330.0,-32.0,-282.0,-326.0,-1567.0
120.0,,-6.0,-27.0,-316.0,-377.0,-49.0,90.0,-221.0,-1513.0
60.0,,67.0,55.0,-413.0,-432.0,-105.0,-192.0,-118.0,-1395.0
57.0,,124.0,97.0,-470.0,-386.0,-151.0,16.0,-20.0,-1215.0
98.0,,169.0,99.0,-491.0,-310.0,-129.0,-77.0,61.0,-994.0
68.0,,212.0,81.0,-463.0,-287.0,-123.0,-247.0,136.0,-756.0
28.0,,244.0,-2.0,-396.0,-279.0,-149.0,-64.0,205.0,-525.0
25.0,,240.0,-98.0,-313.0,-292.0,-156.0,-354.0,251.0,-333.0
62.0,,230.0,-193.0,-222.0,-223.0,-141.0,-16.0,287.0,-205.0
49.0,,213.0,-283.0,-120.0,-221.0,-143.0,-199.0,305.0,-146.0
-20.0,,177.0,-325.0,-8.0,-310.0,-145.0,-75.0,286.0,-148.0
-50.0,,165.0,-360.0,96.0,-284.0,-137.0,53.0,242.0,-203.0
-30.0,,90.0,-365.0,160.0,-275.0,-143.0,-149.0,144.0,-299.0
-45.0,,63.0,-304.0,191.0,-304.0,-151.0,121.0,25.0,-402.0
-128.0,,15.0,-190.0,210.0,-292.0,-152.0,-205.0,-85.0,-497.0
-160.0,,-58.0,-86.0,232.0,-275.0,-141.0,49.0,-206.0,-568.0
-118.0,,-74.0,-7.0,260.0,-279.0,-135.0,-29.0,-298.0,-622.0
-131.0,,-170.0,84.0,288.0,-225.0,-129.0,-107.0,-364.0,-656.0
-192.0,,-200.0,146.0,315.0,-158.0,-127.0,110.0,-418.0,-655.0
-226.0,,-231.0,174.0,348.0,-189.0,-148.0,-155.0,-448.0,-624.0
-218.0,,-271.0,202.0,372.0,-206.0,-177.0,212.0,-469.0,-544.0
-198.0,,-271.0,268.0,356.0,-186.0,-197.0,11.0,-491.0,-438.0
-233.0,,-288.0,332.0,299.0,-175.0,-201.0,83.0,-515.0,-290.0
-293.0,,-265.0,355.0,172.0,-187.0,-193.0,62.0,-526.0,-124.0
-298.0,,-291.0,361.0,-5.0,-218.0,-210.0,-147.0,-501.0,33.0
-290.0,,-268.0,314.0,-159.0,-224.0,-251.0,136.0,-469.0,164.0
-347.0,,-237.0,241.0,-252.0,-198.0,-271.0,-157.0,-445.0,244.0
-432.0,,-232.0,128.0,-254.0,-222.0,-274.0,184.0,-377.0,309.0
-484.0,,-203.0,-10.0,-192.0,-241.0,-260.0,73.0,-307.0,310.0
-514.0,,-196.0,-145.0,-109.0,-130.0,-267.0,70.0,-259.0,264.0
-605.0,,-165.0,-317.0,-24.0,-50.0,-297.0,291.0,-201.0,187.0
-714.0,,-147.0,-470.0,55.0,-135.0,-296.0,29.0,-159.0,68.0
-715.0,,-130.0,-592.0,125.0,-248.0,-309.0,367.0,-147.0,-58.0
-712.0,,-97.0,-701.0,133.0,-266.0,-345.0,105.0,-154.0,-180.0
-769.0,,-67.0,-799.0,82.0,-177.0,-364.0,303.0,-189.0,-276.0
-793.0,,-61.0,-872.0,24.0,-94.0,-394.0,338.0,-242.0,-355.0
-771.0,,-34.0,-868.0,-14.0,-183.0,-416.0,253.0,-290.0,-391.0
-731.0,,-5.0,-828.0,-25.0,-219.0,-434.0,585.0,-363.0,-407.0
-710.0,,5.0,-778.0,-16.0,-182.0,-450.0,264.0,-420.0,-411.0
-701.0,,10.0,-691.0,16.0,-257.0,-462.0,515.0,-458.0,-404.0
-650.0,,8.0,-567.0,64.0,-267.0,-504.0,290.0,-500.0,-435.0
-590.0,,6.0,-432.0,112.0,-255.0,-503.0,319.0,-525.0,-482.0
-561.0,,-22.0,-328.0,145.0,-269.0,-499.0,461.0,-552.0,-547.0
-549.0,,-27.0,-212.0,125.0,-285.0,-517.0,253.0,-600.0,-625.0
-511.0,,-58.0,-129.0,53.0,-268.0,-517.0,598.0,-645.0,-693.0
-461.0,,-90.0,-132.0,-34.0,-245.0,-525.0,304.0,-678.0,-757.0
-456.0,,-131.0,-122.0,-102.0,-316.0,-545.0,541.0,-726.0,-805.0
-424.0,,-182.0,-92.0,-121.0,-330.0,-571.0,497.0,-764.0,-825.0
-373.0,,-221.0,-61.0,-91.0,-290.0,-582.0,412.0,-798.0,-837.0
-341.0,,-285.0,-35.0,-32.0,-283.0,-617.0,705.0,-823.0,-871.0
-304.0,,-313.0,-11.0,27.0,-295.0,-632.0,434.0,-825.0,-906.0
-295.0,,-347.0,-3.0,67.0,-298.0,-634.0,798.0,-827.0,-929.0
-248.0,,-377.0,-27.0,101.0,-361.0,-631.0,622.0,-807.0,-958.0
-212.0,,-370.0,-33.0,133.0,-417.0,-621.0,661.0,-789.0,-957.0
-232.0,,-364.0,-69.0,163.0,-375.0,-631.0,705.0,-765.0,-913.0
-222.0,,-383.0,-130.0,178.0,-372.0,-594.0,434.0,-726.0,-823.0
-192.0,,-359.0,-135.0,150.0,-423.0,-599.0,683.0,-698.0,-695.0
-150.0,,-317.0,-150.0,89.0,-469.0,-637.0,388.0,-636.0,-558.0
-118.0,,-304.0,-190.0,7.0,-392.0,-629.0,657.0,-554.0,-406.0
-97.0,,-270.0,-244.0,-64.0,-306.0,-648.0,578.0,-472.0,-266.0
-38.0,,-230.0,-284.0,-98.0,-383.0,-693.0,572.0,-379.0,-153.0
31.0,,-192.0,-279.0,-110.0,-409.0,-698.0,838.0,-266.0,-55.0
104.0,,-186.0,-287.0,-113.0,-365.0,-680.0,506.0,-159.0,35.0
127.0,,-175.0,-288.0,-112.0,-317.0,-673.0,788.0,-71.0,123.0
110.0,,-172.0,-272.0,-99.0,-290.0,-662.0,558.0,-3.0,170.0
173.0,,-179.0,-254.0,-80.0,-304.0,-638.0,720.0,54.0,217.0
182.0,,-182.0,-272.0,-70.0,-271.0,-597.0,837.0,113.0,284.0
139.0,,-203.0,-307.0,-57.0,-227.0,-580.0,703.0,141.0,338.0
98.0,,-216.0,-257.0,-38.0,-242.0,-546.0,1034.0,158.0,387.0
78.0,,-212.0,-178.0,-6.0,-294.0,-505.0,711.0,155.0,415.0
121.0,,-210.0,-69.0,22.0,-265.0,-522.0,1001.0,144.0,404.0
96.0,,-210.0,46.0,44.0,-196.0,-545.0,851.0,137.0,340.0
80.0,,-215.0,92.0,62.0,-131.0,-526.0,776.0,105.0,238.0
72.0,,-227.0,138.0,71.0,-80.0,-481.0,927.0,87.0,95.0
94.0,,-223.0,184.0,102.0,-95.0,-464.0,615.0,64.0,-73.0
122.0,,-235.0,191.0,146.0,-104.0,-442.0,984.0,41.0,-227.0
102.0,,-225.0,200.0,197.0,-121.0,-416.0,752.0,26.0,-358.0
117.0,,-205.0,174.0,249.0,-64.0,-398.0,923.0,10.0,-423.0
99.0,,-199.0,97.0,289.0,25.0,-418.0,894.0,-1.0,-453.0
144.0,,-170.0,46.0,293.0,-14.0,-430.0,654.0,3.0,-437.0
176.0,,-138.0,4.0,249.0,-101.0,-412.0,936.0,31.0,-372.0
158.0,,-99.0,-24.0,181.0,-86.0,-444.0,617.0,60.0,-311.0
201.0,,-44.0,-65.0,80.0,29.0,-462.0,886.0,101.0,-236.0
183.0,,3.0,-141.0,-49.0,61.0,-479.0,726.0,143.0,-179.0
147.0,,41.0,-184.0,-153.0,38.0,-476.0,737.0,183.0,-144.0
100.0,,90.0,-221.0,-188.0,39.0,-455.0,892.0,200.0,-144.0
46.0,,98.0,-287.0,-168.0,55.0,-466.0,613.0,199.0,-149.0
30.0,,82.0,-383.0,-148.0,95.0,-475.0,890.0,200.0,-191.0
-25.0,,79.0,-447.0,-141.0,101.0,-478.0,611.0,192.0,-249.0
-79.0,,54.0,-474.0,-112.0,87.0,-439.0,838.0,186.0,-269.0
-83.0,,4.0,-540.0,-28.0,82.0,-411.0,866.0,178.0,-362.0
-97.0,,-19.0,-577.0,78.0,114.0,-386.0,805.0,171.0,-381.0
-152.0,,-44.0,-577.0,155.0,141.0,-359.0,1062.0,155.0,-398.0
-181.0,,-84.0,-612.0,175.0,147.0,-344.0,735.0,123.0,-410.0
-193.0,,-91.0,-631.0,135.0,181.0,-318.0,975.0,80.0,-304.0
-210.0,,-116.0,-595.0,73.0,108.0,-346.0,703.0,18.0,-257.0
-206.0,,-108.0,-525.0,26.0,45.0,-355.0,718.0,-57.0,-123.0
-196.0,,-134.0,-425.0,5.0,143.0,-331.0,744.0,-142.0,41.0
-222.0,,-165.0,-325.0,-8.0,169.0,-336.0,491.0,-238.0,146.0
-246.0,,-173.0,-232.0,-32.0,160.0,-317.0,849.0,-338.0,285.0
-236.0,,-241.0,-86.0,-46.0,187.0,-324.0,537.0,-443.0,328.0
-254.0,,-272.0,62.0,-46.0,162.0,-369.0,713.0,-555.0,336.0
-222.0,,-326.0,174.0,-35.0,158.0,-382.0,622.0,-663.0,308.0
-194.0,,-400.0,227.0,-8.0,179.0,-389.0,528.0,-747.0,200.0
-221.0,,-460.0,251.0,29.0,210.0,-406.0,720.0,-815.0,126.0
-200.0,,-512.0,259.0,57.0,209.0,-442.0,445.0,-837.0,32.0
-191.0,,-564.0,200.0,58.0,210.0,-465.0,759.0,-817.0,-71.0
-191.0,,-607.0,115.0,42.0,279.0,-488.0,515.0,-783.0,-148.0
-213.0,,-625.0,29.0,11.0,292.0,-498.0,668.0,-737.0,-226.0
-234.0,,-650.0,-15.0,-36.0,237.0,-488.0,735.0,-687.0,-256.0
-186.0,,-613.0,-35.0,-74.0,252.0,-521.0,526.0,-637.0,-267.0
-171.0,,-586.0,-72.0,-106.0,315.0,-542.0,846.0,-605.0,-266.0
-174.0,,-549.0,-93.0,-146.0,278.0,-547.0,528.0,-564.0,-231.0
-157.0,,-471.0,-136.0,-196.0,279.0,-539.0,729.0,-515.0,-190.0
-113.0,,-440.0,-166.0,-253.0,400.0,-551.0,521.0,-476.0,-138.0
-49.0,,-364.0,-152.0,-301.0,503.0,-598.0,413.0,-453.0,-84.0
-61.0,,-303.0,-144.0,-347.0,490.0,-607.0,535.0,-438.0,8.0
-110.0,,-273.0,-117.0,-367.0,465.0,-585.0,192.0,-414.0,153.0
-151.0,,-209.0,-51.0,-341.0,527.0,-590.0,493.0,-421.0,314.0
-165.0,,-192.0,17.0,-252.0,522.0,-620.0,232.0,-426.0,516.0
-179.0,,-163.0,70.0,-124.0,539.0,-603.0,397.0,-444.0,713.0
-255.0,,-135.0,79.0,-22.0,533.0,-621.0,402.0,-481.0,887.0
-277.0,,-138.0,113.0,37.0,490.0,-683.0,205.0,-491.0,1032.0
-275.0,,-117.0,177.0,40.0,498.0,-722.0,511.0,-508.0,1091.0
-294.0,,-136.0,207.0,13.0,582.0,-743.0,227.0,-523.0,1099.0
-328.0,,-146.0,254.0,-34.0,676.0,-754.0,572.0,-519.0,1035.0
-400.0,,-138.0,294.0,-104.0,588.0,-754.0,454.0,-508.0,912.0
-403.0,,-160.0,345.0,-174.0,580.0,-716.0,365.0,-510.0,780.0
-412.0,,-153.0,426.0,-231.0,648.0,-692.0,437.0,-516.0,613.0
-432.0,,-158.0,460.0,-248.0,644.0,-696.0,79.0,-521.0,477.0
-451.0,,-161.0,468.0,-227.0,634.0,-688.0,299.0,-528.0,403.0
-440.0,,-156.0,447.0,-152.0,628.0,-663.0,7.0,-536.0,355.0
-403.0,,-159.0,369.0,-52.0,601.0,-645.0,179.0,-542.0,398.0
-425.0,,-150.0,290.0,30.0,542.0,-640.0,164.0,-525.0,520.0
-387.0,,-138.0,190.0,65.0,546.0,-646.0,38.0,-504.0,682.0
-359.0,,-140.0,75.0,43.0,603.0,-657.0,295.0,-472.0,911.0
-332.0,,-159.0,-6.0,12.0,622.0,-683.0,-1.0,-403.0,1128.0
-307.0,,-162.0,-103.0,-17.0,553.0,-707.0,280.0,-320.0,1285.0
-281.0,,-213.0,-205.0,-45.0,570.0,-707.0,127.0,-244.0,1410.0
-200.0,,-239.0,-259.0,-56.0,631.0,-726.0,194.0,-176.0,1481.0
-189.0,,-257.0,-259.0,-47.0,598.0,-734.0,317.0,-114.0,1489.0
-224.0,,-319.0,-255.0,-19.0,597.0,-730.0,64.0,-67.0,1448.0
-242.0,,-327.0,-240.0,3.0,605.0,-720.0,315.0,-36.0,1384.0
-225.0,,-384.0,-200.0,5.0,507.0,-718.0,1.0,-16.0,1297.0
-219.0,,-415.0,-151.0,-2.0,488.0,-718.0,208.0,13.0,1202.0
-243.0,,-427.0,-149.0,-33.0,622.0,-691.0,149.0,47.0,1116.0
-233.0,,-473.0,-236.0,-73.0,548.0,-680.0,-1.0,90.0,1027.0
-168.0,,-465.0,-335.0,-88.0,487.0,-657.0,221.0,148.0,944.0
-133.0,,-490.0,-428.0,-80.0,575.0,-629.0,-55.0,208.0,874.0
-145.0,,-492.0,-539.0,-46.0,537.0,-630.0,256.0,273.0,798.0
-109.0,,-468.0,-634.0,-17.0,559.0,-629.0,96.0,311.0,706.0
-68.0,,-476.0,-685.0,-23.0,597.0,-620.0,144.0,329.0,618.0
-91.0,,-444.0,-659.0,-54.0,567.0,-584.0,227.0,343.0,501.0
-135.0,,-407.0,-627.0,-75.0,571.0,-558.0,27.0,326.0,347.0
-141.0,,-413.0,-622.0,-68.0,488.0,-559.0,328.0,306.0,202.0
-120.0,,-399.0,-581.0,-27.0,525.0,-531.0,97.0,292.0,71.0
-59.0,,-390.0,-505.0,42.0,692.0,-509.0,384.0,257.0,-15.0
-20.0,,-426.0,-413.0,100.0,697.0,-484.0,314.0,228.0,-65.0
-50.0,,-439.0,-339.0,128.0,688.0,-428.0,179.0,199.0,-78.0
0.0,,-475.0,-257.0,106.0,617.0,-411.0,338.0,152.0,-33.0
46.0,,-512.0,-183.0,46.0,614.0,-386.0,27.0,97.0,58.0
58.0,,-533.0,-135.0,9.0,675.0,-378.0,349.0,11.0,187.0
125.0,,-599.0,-101.0,29.0,532.0,-388.0,138.0,-85.0,352.0
184.0,,-613.0,-77.0,78.0,593.0,-377.0,182.0,-177.0,577.0
249.0,,-618.0,-27.0,114.0,744.0,-358.0,229.0,-252.0,800.0
278.0,,-640.0,-1.0,124.0,669.0,-331.0,59.0,-319.0,985.0
278.0,,-630.0,38.0,126.0,614.0,-356.0,369.0,-374.0,1149.0
303.0,,-618.0,126.0,133.0,580.0,-362.0,127.0,-399.0,1229.0
308.0,,-599.0,209.0,131.0,597.0,-328.0,437.0,-399.0,1255.0
280.0,,-552.0,259.0,90.0,657.0,-306.0,345.0,-386.0,1228.0
245.0,,-486.0,248.0,15.0,594.0,-277.0,330.0,-374.0,1107.0
247.0,,-412.0,211.0,-40.0,603.0,-246.0,521.0,-339.0,942.0
240.0,,-294.0,173.0,-41.0,667.0,-230.0,166.0,-294.0,718.0
198.0,,-219.0,129.0,-8.0,635.0,-246.0,415.0,-254.0,445.0
153.0,,-152.0,42.0,1.0,717.0,-244.0,110.0,-198.0,183.0
138.0,,-85.0,-62.0,-34.0,744.0,-231.0,168.0,-123.0,-63.0
125.0,,-76.0,-138.0,-108.0,701.0,-229.0,138.0,-38.0,-287.0
50.0,,-61.0,-242.0,-202.0,791.0,-206.0,-46.0,44.0,-468.0
-38.0,,-107.0,-357.0,-293.0,860.0,-171.0,205.0,114.0,-572.0
-69.0,,-143.0,-457.0,-363.0,869.0,-144.0,-188.0,148.0,-613.0
-105.0,,-178.0,-522.0,-407.0,846.0,-140.0,18.0,158.0,-584.0
-206.0,,-270.0,-540.0,-435.0,902.0,-156.0,-157.0,141.0,-492.0
-306.0,,-325.0,-536.0,-453.0,924.0,-146.0,-73.0,118.0,-339.0
-335.0,,-395.0,-498.0,-452.0,828.0,-129.0,253.0,83.0,-123.0
-347.0,,-458.0,-396.0,-407.0,836.0,-147.0,79.0,14.0,98.0
-408.0,,-488.0,-238.0,-305.0,903.0,-168.0,471.0,-72.0,329.0
-475.0,,-550.0,-89.0,-161.0,924.0,-188.0,177.0,-165.0,512.0
-496.0,,-550.0,76.0,-8.0,867.0,-202.0,299.0,-246.0,639.0
-462.0,,-527.0,235.0,125.0,839.0,-216.0,273.0,-312.0,725.0
-474.0,,-501.0,323.0,237.0,876.0,-255.0,64.0,-378.0,726.0
-534.0,,-430.0,402.0,331.0,884.0,-293.0,279.0,-443.0,697.0
-548.0,,-360.0,441.0,419.0,911.0,-292.0,-114.0,-498.0,659.0
-553.0,,-267.0,415.0,478.0,893.0,-274.0,97.0,-523.0,613.0
-590.0,,-185.0,368.0,484.0,830.0,-274.0,-116.0,-525.0,589.0
-667.0,,-70.0,301.0,447.0,787.0,-241.0,-88.0,-501.0,602.0
-714.0,,22.0,252.0,372.0,852.0,-197.0,57.0,-435.0,646.0
-692.0,,107.0,204.0,263.0,941.0,-195.0,-223.0,-350.0,725.0
-687.0,,208.0,124.0,140.0,857.0,-193.0,90.0,-254.0,800.0
-709.0,,276.0,50.0,38.0,778.0,-172.0,-171.0,-141.0,856.0
-721.0,,341.0,-32.0,-36.0,784.0,-155.0,59.0,-22.0,923.0
-695.0,,358.0,-133.0,-68.0,878.0,-138.0,72.0,94.0,943.0
-649.0,,381.0,-177.0,-56.0,888.0,-120.0,-24.0,208.0,907.0
-644.0,,343.0,-187.0,-30.0,690.0,-122.0,157.0,313.0,835.0
-649.0,,263.0,-212.0,-17.0,654.0,-127.0,-240.0,384.0,725.0
-610.0,,229.0,-189.0,-33.0,774.0,-128.0,0.0,432.0,607.0
-537.0,,138.0,-137.0,-61.0,803.0,-113.0,-266.0,455.0,502.0
-531.0,,57.0,-105.0,-59.0,797.0,-98.0,-205.0,454.0,407.0
-537.0,,7.0,-64.0,-32.0,774.0,-118.0,-35.0,439.0,326.0
-476.0,,-57.0,-2.0,-34.0,708.0,-135.0,-230.0,393.0,299.0
-431.0,,-100.0,55.0,-71.0,694.0,-143.0,59.0,357.0,285.0
-391.0,,-137.0,110.0,-119.0,738.0,-148.0,-334.0,336.0,296.0
-358.0,,-158.0,166.0,-158.0,791.0,-137.0,-194.0,312.0,346.0
-327.0,,-167.0,173.0,-185.0,753.0,-119.0,-271.0,296.0,393.0
-290.0,,-174.0,152.0,-184.0,696.0,-108.0,-321.0,292.0,465.0
-274.0,,-151.0,95.0,-169.0,740.0,-116.0,-31.0,297.0,527.0
-244.0,,-137.0,12.0,-170.0,690.0,-118.0,-317.0,295.0,583.0
-208.0,,-111.0,-13.0,-180.0,620.0,-107.0,-36.0,304.0,643.0
-178.0,,-87.0,-58.0,-204.0,645.0,-124.0,-288.0,326.0,706.0
-186.0,,-81.0,-121.0,-255.0,618.0,-123.0,-249.0,350.0,770.0
-213.0,,-76.0,-127.0,-318.0,622.0,-87.0,-225.0,375.0,814.0
-176.0,,-88.0,-131.0,-346.0,658.0,-68.0,-485.0,401.0,874.0
-140.0,,-98.0,-145.0,-343.0,638.0,-79.0,-232.0,422.0,923.0
-136.0,,-153.0,-152.0,-310.0,674.0,-76.0,-574.0,449.0,942.0
-100.0,,-191.0,-98.0,-247.0,663.0,-73.0,-354.0,483.0,918.0
-25.0,,-230.0,-18.0,-195.0,662.0,-119.0,-447.0,478.0,871.0
47.0,,-307.0,4.0,-144.0,748.0,-146.0,-506.0,457.0,800.0
72.0,,-331.0,-3.0,-62.0,702.0,-141.0,-380.0,423.0,675.0
88.0,,-401.0,5.0,42.0,663.0,-199.0,-774.0,379.0,564.0
111.0,,-453.0,17.0,118.0,744.0,-263.0,-530.0,340.0,431.0
104.0,,-482.0,-1.0,135.0,756.0,-288.0,-779.0,292.0,288.0
60.0,,-584.0,-10.0,110.0,665.0,-313.0,-569.0,264.0,167.0
29.0,,-615.0,17.0,35.0,705.0,-296.0,-463.0,248.0,34.0
26.0,,-658.0,19.0,-67.0,756.0,-282.0,-631.0,236.0,-60.0
-7.0,,-719.0,-34.0,-160.0,715.0,-285.0,-336.0,236.0,-139.0
-45.0,,-721.0,-95.0,-216.0,762.0,-266.0,-670.0,251.0,-216.0
-104.0,,-766.0,-134.0,-196.0,747.0,-246.0,-432.0,242.0,-271.0
-160.0,,-746.0,-168.0,-116.0,790.0,-201.0,-620.0,201.0,-286.0
-208.0,,-731.0,-203.0,-42.0,847.0,-180.0,-727.0,173.0,-293.0
-276.0,,-747.0,-207.0,5.0,779.0,-190.0,-663.0,130.0,-283.0
-329.0,,-731.0,-181.0,19.0,706.0,-198.0,-988.0,80.0,-251.0
-416.0,,-761.0,-126.0,8.0,627.0,-179.0,-670.0,38.0,-257.0
-474.0,,-742.0,-27.0,0.0,628.0,-127.0,-916.0,1.0,-235.0
-492.0,,-766.0,99.0,0.0,645.0,-122.0,-705.0,-15.0,-212.0
-535.0,,-787.0,245.0,-4.0,608.0,-113.0,-727.0,-17.0,-205.0
-574.0,,-785.0,394.0,-7.0,598.0,-100.0,-940.0,-23.0,-193.0
-580.0,,-808.0,544.0,10.0,652.0,-111.0,-678.0,-47.0,-208.0
-541.0,,-788.0,609.0,41.0,607.0,-102.0,-944.0,-57.0,-224.0
-537.0,,-796.0,574.0,43.0,562.0,-91.0,-589.0,-53.0,-257.0
-531.0,,-766.0,513.0,18.0,622.0,-90.0,-716.0,-39.0,-310.0
-476.0,,-742.0,391.0,-34.0,621.0,-132.0,-624.0,-13.0,-363.0
-431.0,,-682.0,226.0,-88.0,583.0,-155.0,-456.0,30.0,-414.0
-374.0,,-626.0,69.0,-121.0,525.0,-171.0,-735.0,85.0,-460.0
-309.0,,-556.0,-79.0,-146.0,533.0,-232.0,-471.0,131.0,-497.0
-255.0,,-426.0,-218.0,-179.0,583.0,-249.0,-844.0,176.0,-512.0
-189.0,,-339.0,-289.0,-229.0,591.0,-233.0,-691.0,210.0,-499.0
-173.0,,-198.0,-326.0,-262.0,578.0,-229.0,-792.0,228.0,-474.0
-138.0,,-88.0,-374.0,-246.0,525.0,-238.0,-938.0,219.0,-433.0
-79.0,,22.0,-370.0,-169.0,446.0,-239.0,-672.0,181.0,-368.0
-95.0,,129.0,-317.0,-58.0,364.0,-222.0,-947.0,148.0,-319.0
-82.0,,195.0,-239.0,42.0,352.0,-228.0,-609.0,119.0,-269.0
-123.0,,265.0,-138.0,137.0,407.0,-248.0,-853.0,105.0,-212.0
-168.0,,293.0,-34.0,219.0,453.0,-244.0,-820.0,97.0,-187.0
-206.0,,325.0,59.0,257.0,435.0,-218.0,-748.0,83.0,-173.0
-296.0,,322.0,125.0,223.0,331.0,-213.0,-962.0,74.0,-157.0
-325.0,,319.0,183.0,125.0,302.0,-211.0,-594.0,60.0,-168.0
-402.0,,319.0,240.0,20.0,338.0,-202.0,-835.0,48.0,-194.0
-421.0,,298.0,270.0,-55.0,283.0,-227.0,-552.0,28.0,-217.0
-432.0,,279.0,276.0,-91.0,209.0,-243.0,-670.0,6.0,-220.0
-474.0,,272.0,249.0,-98.0,171.0,-244.0,-772.0,-3.0,-169.0
-432.0,,259.0,211.0,-108.0,146.0,-278.0,-609.0,-5.0,-75.0
-402.0,,233.0,178.0,-149.0,119.0,-296.0,-970.0,1.0,15.0
-325.0,,243.0,126.0,-228.0,119.0,-285.0,-650.0,6.0,110.0
-282.0,,232.0,76.0,-299.0,116.0,-305.0,-903.0,9.0,191.0
-255.0,,225.0,38.0,-326.0,89.0,-310.0,-800.0,10.0,211.0
-181.0,,221.0,-19.0,-301.0,66.0,-285.0,-750.0,8.0,218.0
-150.0,,210.0,-89.0,-213.0,33.0,-280.0,-896.0,9.0,194.0
-133.0,,220.0,-142.0,-92.0,7.0,-268.0,-578.0,5.0,147.0
-130.0,,233.0,-186.0,18.0,-65.0,-241.0,-892.0,2.0,138.0
-106.0,,237.0,-243.0,75.0,-60.0,-191.0,-657.0,2.0,118.0
-89.0,,217.0,-301.0,66.0,40.0,-123.0,-831.0,0.0,126.0
-87.0,,210.0,-357.0,3.0,-35.0,-93.0,-785.0,-1.0,155.0
-78.0,,174.0,-414.0,-64.0,-128.0,-90.0,-532.0,-12.0,154.0
-108.0,,154.0,-437.0,-57.0,-168.0,-97.0,-746.0,-18.0,157.0
-155.0,,144.0,-451.0,17.0,-213.0,-115.0,-412.0,-16.0,139.0
-234.0,,83.0,-450.0,118.0,-123.0,-132.0,-727.0,-10.0,90.0
-301.0,,82.0,-422.0,216.0,-124.0,-141.0,-642.0,-7.0,19.0
-343.0,,58.0,-396.0,277.0,-171.0,-163.0,-720.0,-18.0,-92.0
-412.0,,-2.0,-364.0,296.0,-189.0,-211.0,-890.0,-24.0,-214.0
-456.0,,-32.0,-371.0,264.0,-241.0,-221.0,-641.0,-34.0,-303.0
-489.0,,-88.0,-413.0,186.0,-231.0,-202.0,-909.0,-71.0,-377.0
-501.0,,-113.0,-453.0,97.0,-298.0,-216.0,-593.0,-132.0,-407.0
-471.0,,-145.0,-490.0,26.0,-324.0,-218.0,-794.0,-186.0,-387.0
-460.0,,-195.0,-522.0,-35.0,-302.0,-198.0,-759.0,-239.0,-358.0
-463.0,,-193.0,-553.0,-75.0,-322.0,-204.0,-622.0,-282.0,-329.0
-473.0,,-203.0,-573.0,-72.0,-302.0,-182.0,-849.0,-323.0,-314.0
-460.0,,-231.0,-572.0,-49.0,-338.0,-130.0,-521.0,-343.0,-333.0
-414.0,,-232.0,-553.0,-23.0,-380.0,-104.0,-774.0,-316.0,-389.0
-417.0,,-244.0,-526.0,0.0,-321.0,-77.0,-537.0,-282.0,-485.0
-388.0,,-255.0,-477.0,12.0,-316.0,-59.0,-587.0,-214.0,-599.0
-301.0,,-269.0,-429.0,20.0,-357.0,-67.0,-694.0,-119.0,-695.0
-255.0,,-312.0,-411.0,46.0,-318.0,-84.0,-511.0,-15.0,-801.0
-228.0,,-318.0,-438.0,82.0,-371.0,-81.0,-838.0,82.0,-884.0
-209.0,,-347.0,-461.0,119.0,-387.0,-52.0,-558.0,159.0,-937.0
-131.0,,-373.0,-444.0,162.0,-343.0,-1.0,-866.0,244.0,-988.0
-38.0,,-349.0,-430.0,204.0,-409.0,38.0,-818.0,307.0,-1003.0
-19.0,,-361.0,-418.0,230.0,-447.0,53.0,-755.0,363.0,-1006.0
2.0,,-338.0,-386.0,234.0,-481.0,80.0,-1010.0,411.0,-1021.0
31.0,,-320.0,-332.0,215.0,-422.0,102.0,-702.0,436.0,-1036.0
72.0,,-327.0,-258.0,174.0,-329.0,101.0,-977.0,455.0,-1061.0
88.0,,-294.0,-182.0,115.0,-361.0,72.0,-711.0,459.0,-1105.0
58.0,,-301.0,-143.0,33.0,-352.0,40.0,-796.0,440.0,-1159.0
65.0,,-316.0,-107.0,-54.0,-294.0,20.0,-840.0,395.0,-1252.0
81.0,,-323.0,-57.0,-129.0,-291.0,21.0,-652.0,357.0,-1323.0
74.0,,-336.0,-43.0,-180.0,-332.0,34.0,-957.0,316.0,-1371.0
51.0,,-344.0,-44.0,-214.0,-392.0,26.0,-659.0,265.0,-1444.0
29.0,,-344.0,-27.0,-239.0,-411.0,56.0,-927.0,199.0,-1493.0
61.0,,-346.0,-29.0,-225.0,-421.0,112.0,-788.0,110.0,-1524.0
104.0,,-359.0,-21.0,-169.0,-490.0,146.0,-744.0,27.0,-1540.0
116.0,,-331.0,0.0,-112.0,-479.0,137.0,-949.0,-61.0,-1511.0
131.0,,-347.0,-10.0,-64.0,-459.0,124.0,-724.0,-159.0,-1439.0
157.0,,-353.0,-36.0,-31.0,-516.0,107.0,-1108.0,-232.0,-1343.0
173.0,,-330.0,-90.0,-24.0,-500.0,75.0,-873.0,-280.0,-1192.0
176.0,,-337.0,-102.0,-26.0,-485.0,81.0,-968.0,-313.0,-991.0
169.0,,-302.0,-94.0,-4.0,-563.0,46.0,-886.0,-334.0,-791.0
160.0,,-323.0,-131.0,57.0,-631.0,9.0,-650.0,-335.0,-585.0
125.0,,-316.0,-152.0,118.0,-626.0,12.0,-877.0,-323.0,-399.0
81.0,,-285.0,-174.0,158.0,-606.0,9.0,-519.0,-302.0,-243.0
59.0,,-286.0,-148.0,174.0,-622.0,29.0,-846.0,-268.0,-132.0
19.0,,-265.0,-97.0,152.0,-714.0,24.0,-742.0,-240.0,-98.0
-15.0,,-275.0,-93.0,89.0,-801.0,3.0,-750.0,-215.0,-98.0
-53.0,,-257.0,-75.0,-22.0,-801.0,9.0,-903.0,-198.0,-152.0
-94.0,,-240.0,-38.0,-160.0,-857.0,-4.0,-593.0,-179.0,-252.0
-144.0,,-240.0,-74.0,-273.0,-949.0,-23.0,-886.0,-157.0,-370.0
-200.0,,-232.0,-121.0,-302.0,-945.0,-37.0,-622.0,-141.0,-531.0
-239.0,,-185.0,-111.0,-240.0,-970.0,-59.0,-838.0,-128.0,-651.0
-300.0,,-154.0,-108.0,-148.0,-1016.0,-54.0,-822.0,-126.0,-724.0
-342.0,,-148.0,-114.0,-70.0,-1026.0,-67.0,-670.0,-124.0,-776.0
-367.0,,-108.0,-135.0,-50.0,-1058.0,-101.0,-879.0,-146.0,-755.0
-427.0,,-83.0,-190.0,-90.0,-1040.0,-101.0,-508.0,-185.0,-671.0
-483.0,,-29.0,-244.0,-144.0,-1059.0,-91.0,-798.0,-208.0,-560.0
-483.0,,16.0,-272.0,-164.0,-1126.0,-39.0,-572.0,-238.0,-392.0
-456.0,,50.0,-294.0,-118.0,-1132.0,0.0,-600.0,-284.0,-184.0
-471.0,,115.0,-269.0,-29.0,-1191.0,12.0,-729.0,-331.0,44.0
-493.0,,149.0,-208.0,73.0,-1228.0,42.0,-469.0,-387.0,275.0
-455.0,,210.0,-224.0,166.0,-1179.0,25.0,-752.0,-443.0,471.0
-422.0,,292.0,-276.0,213.0,-1199.0,48.0,-428.0,-487.0,632.0
-452.0,,341.0,-336.0,206.0,-1212.0,101.0,-641.0,-541.0,749.0
-487.0,,426.0,-392.0,146.0,-1219.0,121.0,-572.0,-585.0,813.0
-509.0,,494.0,-429.0,69.0,-1258.0,102.0,-461.0,-623.0,808.0
-503.0,,537.0,-466.0,11.0,-1214.0,90.0,-685.0,-651.0,752.0
-510.0,,623.0,-483.0,-17.0,-1210.0,129.0,-365.0,-661.0,632.0
-567.0,,670.0,-494.0,-27.0,-1245.0,112.0,-661.0,-684.0,469.0
-575.0,,689.0,-474.0,-11.0,-1258.0,112.0,-437.0,-697.0,311.0
-547.0,,734.0,-424.0,42.0,-1335.0,151.0,-533.0,-699.0,129.0
-559.0,,729.0,-352.0,94.0,-1362.0,163.0,-642.0,-695.0,-32.0
-580.0,,719.0,-256.0,115.0,-1358.0,155.0,-458.0,-680.0,-160.0
-579.0,,746.0,-198.0,110.0,-1360.0,137.0,-788.0,-654.0,-273.0
-557.0,,708.0,-159.0,69.0,-1265.0,134.0,-491.0,-589.0,-333.0
-527.0,,684.0,-139.0,23.0,-1233.0,98.0,-696.0,-510.0,-353.0
-525.0,,656.0,-118.0,-6.0,-1291.0,76.0,-545.0,-436.0,-358.0
-532.0,,589.0,-76.0,-5.0,-1319.0,63.0,-436.0,-350.0,-351.0
-522.0,,557.0,-72.0,54.0,-1310.0,21.0,-593.0,-262.0,-336.0
-533.0,,512.0,-48.0,143.0,-1223.0,-31.0,-306.0,-195.0,-311.0
-556.0,,451.0,-18.0,208.0,-1233.0,-49.0,-639.0,-176.0,-275.0
-539.0,,403.0,0.0,231.0,-1323.0,-39.0,-384.0,-175.0,-234.0
-512.0,,339.0,20.0,248.0,-1271.0,-73.0,-533.0,-183.0,-208.0
-496.0,,276.0,-29.0,291.0,-1233.0,-96.0,-613.0,-199.0,-197.0
-475.0,,215.0,-97.0,329.0,-1256.0,-102.0,-436.0,-210.0,-206.0
-442.0,,125.0,-172.0,337.0,-1217.0,-93.0,-705.0,-219.0,-243.0
-380.0,,61.0,-282.0,291.0,-1192.0,-90.0,-389.0,-206.0,-290.0
-350.0,,-13.0,-396.0,189.0,-1182.0,-100.0,-641.0,-174.0,-356.0
-343.0,,-81.0,-495.0,69.0,-1166.0,-108.0,-491.0,-121.0,-440.0
-304.0,,-110.0,-589.0,-44.0,-1167.0,-119.0,-526.0,-65.0,-533.0
-223.0,,-162.0,-640.0,-111.0,-1156.0,-123.0,-711.0,-22.0,-639.0
-195.0,,-184.0,-612.0,-129.0,-1111.0,-165.0,-382.0,-10.0,-752.0
-215.0,,-167.0,-557.0,-138.0,-1077.0,-176.0,-659.0,-23.0,-902.0
-144.0,,-169.0,-468.0,-164.0,-1133.0,-160.0,-371.0,-63.0,-1052.0
-64.0,,-166.0,-349.0,-209.0,-1108.0,-194.0,-539.0,-114.0,-1163.0
-14.0,,-132.0,-258.0,-275.0,-1014.0,-221.0,-543.0,-158.0,-1233.0
34.0,,-99.0,-173.0,-364.0,-1035.0,-218.0,-384.0,-188.0,-1247.0
88.0,,-56.0,-86.0,-462.0,-1063.0,-219.0,-655.0,-173.0,-1217.0
151.0,,-32.0,-34.0,-525.0,-1037.0,-235.0,-345.0,-141.0,-1137.0
164.0,,2.0,10.0,-505.0,-946.0,-250.0,-631.0,-87.0,-1018.0
148.0,,44.0,81.0,-397.0,-940.0,-264.0,-465.0,-20.0,-889.0
161.0,,34.0,148.0,-225.0,-1023.0,-283.0,-484.0,27.0,-758.0
205.0,,29.0,177.0,-63.0,-964.0,-306.0,-582.0,79.0,-608.0
229.0,,2.0,170.0,24.0,-836.0,-334.0,-317.0,108.0,-489.0
223.0,,-24.0,149.0,34.0,-868.0,-347.0,-694.0,87.0,-421.0
223.0,,-22.0,110.0,-10.0,-974.0,-336.0,-495.0,44.0,-340.0
271.0,,-57.0,36.0,-43.0,-967.0,-348.0,-779.0,0.0,-302.0
310.0,,-69.0,-44.0,-27.0,-934.0,-386.0,-776.0,-44.0,-297.0
283.0,,-58.0,-90.0,28.0,-920.0,-402.0,-611.0,-69.0,-339.0
287.0,,-41.0,-152.0,91.0,-957.0,-417.0,-785.0,-65.0,-458.0
328.0,,-10.0,-247.0,136.0,-1011.0,-430.0,-424.0,-51.0,-599.0
348.0,,8.0,-340.0,134.0,-980.0,-406.0,-641.0,-29.0,-788.0
346.0,,54.0,-395.0,64.0,-903.0,-369.0,-388.0,-7.0,-1012.0
336.0,,86.0,-421.0,-28.0,-893.0,-338.0,-428.0,-2.0,-1245.0
326.0,,112.0,-456.0,-117.0,-941.0,-353.0,-412.0,-8.0,-1475.0
327.0,,144.0,-474.0,-214.0,-898.0,-374.0,-118.0,-13.0,-1680.0
333.0,,166.0,-485.0,-294.0,-829.0,-349.0,-423.0,-10.0,-1844.0
302.0,,183.0,-500.0,-316.0,-802.0,-348.0,-151.0,-22.0,-1954.0
257.0,,204.0,-468.0,-282.0,-822.0,-355.0,-447.0,-44.0,-1989.0
225.0,,211.0,-377.0,-220.0,-801.0,-350.0,-402.0,-56.0,-1963.0
194.0,,224.0,-283.0,-150.0,-765.0,-356.0,-352.0,-87.0,-1899.0
171.0,,265.0,-204.0,-70.0,-801.0,-353.0,-576.0,-138.0,-1777.0
114.0,,272.0,-155.0,11.0,-803.0,-359.0,-327.0,-193.0,-1608.0
59.0,,337.0,-131.0,95.0,-728.0,-377.0,-694.0,-258.0,-1422.0
22.0,,389.0,-104.0,166.0,-655.0,-391.0,-474.0,-328.0,-1204.0
-13.0,,413.0,-103.0,207.0,-674.0,-419.0,-563.0,-390.0,-972.0
-27.0,,471.0,-64.0,214.0,-676.0,-456.0,-513.0,-422.0,-745.0
-30.0,,472.0,36.0,184.0,-589.0,-451.0,-232.0,-421.0,-526.0
-12.0,,490.0,107.0,143.0,-511.0,-441.0,-473.0,-397.0,-346.0
4.0,,520.0,125.0,112.0,-554.0,-429.0,-138.0,-354.0,-225.0
11.0,,527.0,138.0,99.0,-543.0,-424.0,-369.0,-297.0,-164.0
8.0,,510.0,146.0,89.0,-418.0,-451.0,-184.0,-236.0,-171.0
1.0,,521.0,121.0,81.0,-379.0,-412.0,-144.0,-173.0,-237.0
-10.0,,512.0,92.0,94.0,-352.0,-362.0,-334.0,-132.0,-356.0
-63.0,,465.0,58.0,138.0,-327.0,-367.0,-151.0,-103.0,-516.0
-80.0,,465.0,-20.0,202.0,-300.0,-380.0,-517.0,-90.0,-668.0
-93.0,,406.0,-119.0,252.0,-284.0,-380.0,-282.0,-104.0,-785.0
-169.0,,352.0,-219.0,256.0,-315.0,-395.0,-489.0,-138.0,-868.0
-206.0,,299.0,-328.0,192.0,-301.0,-413.0,-467.0,-208.0,-886.0
-215.0,,223.0,-415.0,65.0,-276.0,-410.0,-325.0,-273.0,-843.0
-252.0,,196.0,-476.0,-83.0,-276.0,-416.0,-545.0,-326.0,-740.0
-297.0,,132.0,-519.0,-198.0,-239.0,-409.0,-173.0,-394.0,-607.0
-321.0,,84.0,-569.0,-250.0,-195.0,-395.0,-410.0,-438.0,-461.0
-289.0,,72.0,-567.0,-229.0,-238.0,-377.0,-205.0,-471.0,-306.0
-261.0,,27.0,-472.0,-145.0,-250.0,-366.0,-256.0,-516.0,-192.0
-241.0,,23.0,-399.0,-66.0,-237.0,-371.0,-399.0,-565.0,-122.0
-184.0,,2.0,-316.0,-33.0,-294.0,-366.0,-195.0,-608.0,-87.0
-87.0,,-24.0,-197.0,-39.0,-321.0,-333.0,-476.0,-644.0,-79.0
26.0,,-11.0,-99.0,-66.0,-292.0,-319.0,-147.0,-666.0,-80.0
105.0,,-47.0,-24.0,-107.0,-277.0,-326.0,-347.0,-684.0,-77.0
179.0,,-67.0,44.0,-150.0,-298.0,-301.0,-279.0,-690.0,-89.0
238.0,,-92.0,148.0,-184.0,-303.0,-292.0,-203.0,-665.0,-122.0
291.0,,-132.0,265.0,-196.0,-332.0,-312.0,-480.0,-622.0,-139.0
324.0,,-159.0,373.0,-181.0,-360.0,-339.0,-230.0,-580.0,-160.0
353.0,,-200.0,455.0,-150.0,-381.0,-347.0,-543.0,-551.0,-170.0
415.0,,-249.0,473.0,-97.0,-434.0,-360.0,-297.0,-535.0,-163.0
449.0,,-287.0,419.0,-16.0,-434.0,-360.0,-351.0,-519.0,-150.0
489.0,,-331.0,307.0,72.0,-463.0,-355.0,-395.0,-500.0,-123.0
519.0,,-366.0,195.0,143.0,-534.0,-391.0,-168.0,-479.0,-90.0
515.0,,-373.0,79.0,196.0,-579.0,-377.0,-410.0,-440.0,-58.0
505.0,,-412.0,-62.0,232.0,-561.0,-334.0,-11.0,-402.0,-47.0
475.0,,-435.0,-156.0,232.0,-465.0,-296.0,-181.0,-372.0,-26.0
427.0,,-441.0,-235.0,196.0,-442.0,-296.0,-12.0,-322.0,9.0
397.0,,-433.0,-302.0,139.0,-501.0,-314.0,48.0,-261.0,78.0
401.0,,-407.0,-294.0,78.0,-503.0,-315.0,-133.0,-195.0,178.0
382.0,,-397.0,-278.0,43.0,-421.0,-346.0,120.0,-135.0,296.0
351.0,,-375.0,-269.0,63.0,-354.0,-330.0,-284.0,-73.0,440.0
357.0,,-343.0,-240.0,129.0,-332.0,-310.0,-49.0,-2.0,582.0
376.0,,-347.0,-212.0,201.0,-369.0,-328.0,-225.0,53.0,714.0
393.0,,-331.0,-185.0,242.0,-427.0,-327.0,-271.0,110.0,826.0
397.0,,-295.0,-159.0,249.0,-401.0,-323.0,-94.0,152.0,915.0
391.0,,-313.0,-149.0,228.0,-387.0,-302.0,-375.0,188.0,965.0
398.0,,-282.0,-157.0,179.0,-398.0,-293.0,-84.0,215.0,974.0
449.0,,-274.0,-146.0,116.0,-379.0,-292.0,-375.0,221.0,929.0
478.0,,-283.0,-113.0,49.0,-365.0,-268.0,-173.0,215.0,854.0
443.0,,-272.0,-98.0,-12.0,-371.0,-249.0,-169.0,181.0,776.0
428.0,,-280.0,-93.0,-58.0,-319.0,-260.0,-254.0,138.0,668.0
399.0,,-269.0,-99.0,-82.0,-242.0,-274.0,68.0,81.0,575.0
342.0,,-281.0,-103.0,-82.0,-267.0,-260.0,-243.0,14.0,520.0
281.0,,-283.0,-92.0,-78.0,-303.0,-266.0,55.0,-69.0,493.0
230.0,,-297.0,-114.0,-81.0,-291.0,-280.0,-164.0,-148.0,486.0
210.0,,-314.0,-110.0,-84.0,-264.0,-277.0,-158.0,-221.0,497.0
144.0,,-326.0,-121.0,-73.0,-255.0,-266.0,-36.0,-320.0,503.0
84.0,,-359.0,-138.0,-40.0,-225.0,-275.0,-262.0,-401.0,474.0
46.0,,-374.0,-76.0,16.0,-162.0,-332.0,42.0,-453.0,418.0
23.0,,-365.0,-29.0,95.0,-129.0,-359.0,-332.0,-489.0,350.0
0.0,,-356.0,13.0,161.0,-95.0,-359.0,-186.0,-509.0,272.0
-84.0,,-356.0,65.0,194.0,-85.0,-336.0,-269.0,-502.0,183.0
-105.0,,-313.0,60.0,197.0,-48.0,-321.0,-363.0,-463.0,103.0
-120.0,,-271.0,8.0,184.0,17.0,-351.0,-109.0,-423.0,24.0
-167.0,,-238.0,0.0,192.0,-24.0,-345.0,-354.0,-390.0,-37.0
-199.0,,-139.0,32.0,201.0,-22.0,-321.0,16.0,-374.0,-67.0
-248.0,,-78.0,27.0,191.0,49.0,-314.0,-184.0,-369.0,-93.0
-240.0,,-10.0,-7.0,172.0,7.0,-313.0,-75.0,-349.0,-130.0
-234.0,,81.0,-19.0,149.0,-9.0,-299.0,42.0,-312.0,-179.0
-191.0,,132.0,30.0,123.0,0.0,-252.0,-131.0,-274.0,-234.0
-126.0,,195.0,62.0,95.0,28.0,-210.0,203.0,-234.0,-293.0
-111.0,,225.0,51.0,79.0,145.0,-205.0,-97.0,-208.0,-355.0
-49.0,,259.0,53.0,59.0,142.0,-184.0,129.0,-199.0,-435.0
29.0,,265.0,13.0,22.0,76.0,-133.0,-27.0,-213.0,-515.0
100.0,,256.0,-64.0,-47.0,60.0,-130.0,-164.0,-220.0,-588.0
121.0,,245.0,-117.0,-165.0,84.0,-151.0,-27.0,-231.0,-658.0
159.0,,230.0,-145.0,-296.0,129.0,-158.0,-299.0,-252.0,-697.0
285.0,,216.0,-166.0,-389.0,74.0,-182.0,49.0,-243.0,-716.0
340.0,,179.0,-204.0,-424.0,51.0,-192.0,-227.0,-228.0,-720.0
376.0,,171.0,-249.0,-416.0,116.0,-169.0,-118.0,-187.0,-690.0
455.0,,133.0,-313.0,-377.0,118.0,-141.0,-66.0,-144.0,-659.0
540.0,,120.0,-361.0,-312.0,112.0,-108.0,-182.0,-85.0,-624.0
654.0,,104.0,-379.0,-241.0,156.0,-82.0,127.0,1.0,-592.0
743.0,,85.0,-405.0,-184.0,243.0,-29.0,-179.0,84.0,-600.0
817.0,,92.0,-369.0,-138.0,289.0,51.0,66.0,185.0,-612.0
882.0,,85.0,-280.0,-125.0,248.0,72.0,-75.0,269.0,-637.0
933.0,,109.0,-211.0,-156.0,271.0,57.0,-48.0,349.0,-684.0
997.0,,128.0,-137.0,-203.0,325.0,40.0,40.0,419.0,-706.0
1016.0,,156.0,13.0,-238.0,321.0,21.0,-238.0,451.0,-725.0
1018.0,,200.0,176.0,-238.0,319.0,6.0,29.0,464.0,-714.0
1053.0,,224.0,246.0,-207.0,375.0,-18.0,-303.0,452.0,-652.0
1048.0,,225.0,259.0,-156.0,444.0,-32.0,-149.0,414.0,-577.0
1008.0,,246.0,228.0,-95.0,430.0,-38.0,-256.0,343.0,-457.0
979.0,,237.0,179.0,-39.0,413.0,-37.0,-386.0,261.0,-311.0
941.0,,231.0,123.0,-3.0,450.0,-49.0,-140.0,163.0,-160.0
884.0,,250.0,36.0,2.0,486.0,-60.0,-413.0,68.0,3.0
798.0,,231.0,-34.0,-10.0,492.0,-36.0,-94.0,-24.0,142.0
768.0,,232.0,-86.0,-47.0,488.0,-21.0,-325.0,-118.0,251.0
766.0,,229.0,-154.0,-100.0,526.0,-34.0,-251.0,-171.0,326.0
726.0,,212.0,-222.0,-158.0,554.0,-52.0,-177.0,-203.0,343.0
751.0,,188.0,-265.0,-226.0,573.0,-67.0,-406.0,-226.0,303.0
760.0,,171.0,-271.0,-292.0,608.0,-78.0,-88.0,-228.0,235.0
770.0,,135.0,-303.0,-330.0,630.0,-86.0,-417.0,-199.0,133.0
771.0,,83.0,-328.0,-313.0,655.0,-111.0,-236.0,-144.0,0.0
757.0,,58.0,-371.0,-248.0,608.0,-138.0,-408.0,-90.0,-139.0
805.0,,11.0,-439.0,-141.0,562.0,-144.0,-539.0,-7.0,-276.0
805.0,,-18.0,-434.0,-1.0,551.0,-144.0,-375.0,72.0,-392.0
809.0,,-43.0,-440.0,150.0,547.0,-132.0,-696.0,141.0,-470.0
788.0,,-63.0,-468.0,303.0,651.0,-119.0,-402.0,227.0,-501.0
775.0,,-103.0,-502.0,438.0,678.0,-95.0,-694.0,290.0,-497.0
780.0,,-148.0,-522.0,527.0,609.0,-41.0,-587.0,354.0,-440.0
701.0,,-160.0,-494.0,560.0,607.0,-13.0,-570.0,423.0,-335.0
667.0,,-207.0,-465.0,542.0,626.0,-15.0,-768.0,478.0,-220.0
638.0,,-226.0,-438.0,460.0,694.0,-9.0,-388.0,521.0,-112.0
590.0,,-234.0,-425.0,331.0,734.0,-4.0,-620.0,558.0,-41.0
586.0,,-270.0,-387.0,190.0,736.0,-17.0,-317.0,564.0,7.0
569.0,,-274.0,-325.0,51.0,771.0,-35.0,-452.0,561.0,63.0
564.0,,-282.0,-327.0,-83.0,758.0,-35.0,-489.0,563.0,95.0
595.0,,-302.0,-389.0,-202.0,761.0,-43.0,-330.0,525.0,110.0
618.0,,-301.0,-430.0,-292.0,716.0,-88.0,-631.0,476.0,115.0
624.0,,-320.0,-424.0,-334.0,677.0,-115.0,-328.0,421.0,90.0
616.0,,-384.0,-402.0,-314.0,758.0,-100.0,-598.0,336.0,63.0
638.0,,-429.0,-410.0,-246.0,805.0,-87.0,-436.0,237.0,38.0
625.0,,-490.0,-454.0,-169.0,862.0,-68.0,-445.0,133.0,19.0
602.0,,-558.0,-504.0,-133.0,906.0,-46.0,-626.0,32.0,6.0
616.0,,-597.0,-540.0,-146.0,920.0,-24.0,-354.0,-37.0,6.0
544.0,,-634.0,-561.0,-194.0,907.0,-16.0,-617.0,-74.0,24.0
458.0,,-649.0,-609.0,-245.0,872.0,-15.0,-319.0,-80.0,31.0
408.0,,-669.0,-663.0,-260.0,894.0,-4.0,-471.0,-60.0,28.0
370.0,,-659.0,-660.0,-219.0,891.0,-9.0,-417.0,-42.0,28.0
342.0,,-646.0,-650.0,-127.0,903.0,-4.0,-279.0,-10.0,10.0
325.0,,-635.0,-649.0,-18.0,865.0,-6.0,-482.0,6.0,-7.0
337.0,,-592.0,-635.0,92.0,777.0,-15.0,-123.0,-14.0,-15.0
363.0,,-573.0,-605.0,183.0,763.0,-6.0,-393.0,-38.0,-24.0
403.0,,-520.0,-516.0,218.0,777.0,8.0,-227.0,-64.0,0.0
458.0,,-473.0,-415.0,179.0,770.0,62.0,-338.0,-90.0,53.0
500.0,,-462.0,-364.0,92.0,723.0,96.0,-450.0,-121.0,137.0
527.0,,-409.0,-322.0,-3.0,734.0,102.0,-182.0,-141.0,239.0
578.0,,-370.0,-251.0,-65.0,725.0,137.0,-419.0,-159.0,351.0
551.0,,-351.0,-148.0,-78.0,719.0,144.0,-112.0,-194.0,463.0
480.0,,-304.0,-38.0,-57.0,787.0,142.0,-354.0,-230.0,550.0
452.0,,-291.0,41.0,-18.0,739.0,158.0,-218.0,-263.0,636.0
429.0,,-276.0,67.0,12.0,688.0,149.0,-99.0,-291.0,670.0
414.0,,-238.0,81.0,19.0,680.0,143.0,-249.0,-295.0,668.0
379.0,,-241.0,97.0,14.0,667.0,129.0,77.0,-264.0,648.0
385.0,,-232.0,86.0,10.0,723.0,134.0,-273.0,-231.0,602.0
401.0,,-227.0,72.0,3.0,756.0,162.0,-44.0,-190.0,563.0
382.0,,-228.0,74.0,-20.0,768.0,158.0,-182.0,-114.0,536.0
344.0,,-208.0,93.0,-55.0,755.0,148.0,-223.0,-40.0,542.0
259.0,,-214.0,122.0,-86.0,712.0,125.0,22.0,27.0,542.0
221.0,,-181.0,139.0,-96.0,725.0,103.0,-218.0,90.0,534.0
159.0,,-136.0,166.0,-73.0,751.0,83.0,121.0,144.0,518.0
62.0,,-127.0,186.0,-53.0,764.0,82.0,-194.0,197.0,479.0
14.0,,-63.0,186.0,-64.0,753.0,92.0,-140.0,232.0,436.0
2.0,,-29.0,191.0,-106.0,696.0,79.0,-138.0,261.0,367.0
30.0,,7.0,156.0,-171.0,706.0,79.0,-271.0,294.0,333.0
24.0,,57.0,111.0,-237.0,747.0,90.0,12.0,316.0,315.0
16.0,,53.0,73.0,-286.0,719.0,107.0,-345.0,312.0,320.0
25.0,,110.0,25.0,-310.0,678.0,136.0,-97.0,310.0,404.0
83.0,,119.0,-37.0,-301.0,608.0,146.0,-291.0,300.0,514.0
134.0,,125.0,-136.0,-253.0,568.0,129.0,-303.0,292.0,642.0
101.0,,163.0,-230.0,-181.0,592.0,141.0,-84.0,293.0,772.0
106.0,,138.0,-297.0,-95.0,565.0,147.0,-299.0,291.0,907.0
151.0,,147.0,-351.0,7.0,563.0,118.0,24.0,308.0,1006.0
158.0,,150.0,-425.0,129.0,576.0,104.0,-284.0,301.0,1067.0
102.0,,136.0,-494.0,260.0,551.0,86.0,-136.0,277.0,1107.0
52.0,,122.0,-516.0,377.0,553.0,71.0,-149.0,251.0,1081.0
4.0,,117.0,-549.0,464.0,528.0,59.0,-297.0,198.0,1013.0
-64.0,,96.0,-587.0,506.0,512.0,49.0,-101.0,141.0,910.0
-101.0,,75.0,-580.0,493.0,569.0,46.0,-476.0,78.0,775.0
-112.0,,52.0,-526.0,422.0,614.0,44.0,-201.0,-5.0,621.0
-140.0,,-4.0,-465.0,283.0,604.0,49.0,-358.0,-82.0,463.0
-159.0,,-19.0,-422.0,113.0,596.0,59.0,-288.0,-148.0,308.0
-136.0,,-46.0,-406.0,-59.0,574.0,77.0,-107.0,-218.0,202.0
-101.0,,-64.0,-377.0,-215.0,575.0,99.0,-328.0,-274.0,141.0
-74.0,,-58.0,-276.0,-317.0,581.0,121.0,-66.0,-298.0,93.0
-41.0,,-73.0,-177.0,-363.0,509.0,124.0,-408.0,-304.0,64.0
39.0,,-121.0,-160.0,-352.0,457.0,107.0,-243.0,-295.0,16.0
128.0,,-118.0,-172.0,-307.0,440.0,112.0,-293.0,-270.0,-45.0
197.0,,-148.0,-182.0,-270.0,530.0,128.0,-363.0,-243.0,-115.0
217.0,,-193.0,-213.0,-241.0,612.0,126.0,-145.0,-221.0,-188.0
250.0,,-155.0,-243.0,-180.0,541.0,118.0,-532.0,-210.0,-261.0
319.0,,-193.0,-303.0,-51.0,529.0,140.0,-282.0,-193.0,-343.0
339.0,,-185.0,-398.0,119.0,551.0,165.0,-558.0,-182.0,-423.0
338.0,,-147.0,-441.0,279.0,521.0,135.0,-543.0,-168.0,-481.0
304.0,,-114.0,-426.0,405.0,505.0,110.0,-448.0,-134.0,-520.0
295.0,,-69.0,-423.0,502.0,502.0,85.0,-663.0,-113.0,-578.0
303.0,,-10.0,-434.0,572.0,506.0,54.0,-367.0,-85.0,-626.0
267.0,,61.0,-370.0,591.0,506.0,63.0,-707.0,-47.0,-648.0
227.0,,92.0,-271.0,536.0,481.0,70.0,-480.0,-30.0,-652.0
188.0,,165.0,-229.0,398.0,493.0,67.0,-541.0,-26.0,-626.0
191.0,,208.0,-204.0,216.0,559.0,37.0,-545.0,-21.0,-559.0
198.0,,274.0,-210.0,44.0,507.0,23.0,-301.0,-26.0,-456.0
190.0,,309.0,-254.0,-72.0,394.0,35.0,-609.0,-37.0,-336.0
190.0,,335.0,-289.0,-130.0,394.0,23.0,-286.0,-72.0,-189.0
201.0,,383.0,-339.0,-160.0,375.0,-6.0,-521.0,-119.0,-49.0
236.0,,349.0,-387.0,-176.0,325.0,-44.0,-388.0,-157.0,59.0
240.0,,357.0,-423.0,-169.0,294.0,-65.0,-369.0,-188.0,155.0
229.0,,341.0,-453.0,-134.0,239.0,-58.0,-587.0,-180.0,217.0
244.0,,302.0,-412.0,-90.0,226.0,-57.0,-325.0,-147.0,231.0
274.0,,281.0,-353.0,-47.0,204.0,-77.0,-667.0,-116.0,206.0
314.0,,226.0,-321.0,-20.0,246.0,-81.0,-423.0,-91.0,161.0
322.0,,171.0,-278.0,-14.0,287.0,-53.0,-550.0,-67.0,91.0
312.0,,122.0,-228.0,-19.0,214.0,-43.0,-511.0,-57.0,-19.0
319.0,,78.0,-193.0,-59.0,239.0,-77.0,-338.0,-57.0,-175.0
294.0,,29.0,-223.0,-133.0,279.0,-102.0,-572.0,-74.0,-366.0
207.0,,-3.0,-274.0,-190.0,286.0,-111.0,-164.0,-105.0,-567.0
153.0,,-8.0,-249.0,-188.0,303.0,-118.0,-376.0,-123.0,-767.0
152.0,,5.0,-203.0,-108.0,258.0,-137.0,-205.0,-138.0,-945.0
123.0,,5.0,-164.0,47.0,262.0,-175.0,-236.0,-124.0,-1065.0
66.0,,42.0,-97.0,216.0,299.0,-215.0,-393.0,-97.0,-1127.0
66.0,,61.0,-18.0,322.0,282.0,-247.0,-131.0,-65.0,-1132.0
110.0,,74.0,58.0,352.0,233.0,-265.0,-452.0,-9.0,-1081.0
119.0,,129.0,152.0,329.0,184.0,-304.0,-188.0,44.0,-981.0
88.0,,161.0,223.0,280.0,157.0,-347.0,-354.0,85.0,-816.0
94.0,,221.0,217.0,215.0,115.0,-359.0,-310.0,124.0,-608.0
156.0,,260.0,189.0,139.0,69.0,-338.0,-223.0,173.0,-394.0
197.0,,293.0,132.0,79.0,84.0,-324.0,-548.0,229.0,-195.0
210.0,,321.0,58.0,63.0,134.0,-310.0,-306.0,285.0,-51.0
237.0,,322.0,-12.0,72.0,131.0,-266.0,-598.0,331.0,29.0
269.0,,314.0,-81.0,87.0,87.0,-238.0,-332.0,368.0,38.0
283.0,,276.0,-88.0,122.0,56.0,-235.0,-299.0,380.0,-21.0
324.0,,232.0,-76.0,168.0,70.0,-228.0,-325.0,366.0,-130.0
326.0,,195.0,-64.0,203.0,150.0,-212.0,-25.0,338.0,-248.0
331.0,,170.0,-48.0,206.0,150.0,-184.0,-314.0,282.0,-355.0
391.0,,135.0,-31.0,165.0,73.0,-178.0,-40.0,226.0,-451.0
388.0,,126.0,-9.0,89.0,95.0,-207.0,-327.0,179.0,-513.0
353.0,,137.0,-20.0,-17.0,123.0,-213.0,-286.0,129.0,-568.0
315.0,,123.0,-65.0,-145.0,148.0,-211.0,-212.0,71.0,-603.0
308.0,,149.0,-155.0,-267.0,196.0,-183.0,-426.0,15.0,-616.0
286.0,,192.0,-273.0,-337.0,218.0,-166.0,-86.0,-23.0,-614.0
250.0,,188.0,-386.0,-318.0,263.0,-175.0,-417.0,-61.0,-585.0
216.0,,220.0,-478.0,-230.0,240.0,-155.0,-197.0,-88.0,-531.0
174.0,,231.0,-553.0,-124.0,183.0,-120.0,-343.0,-93.0,-467.0
152.0,,225.0,-608.0,-32.0,201.0,-90.0,-430.0,-88.0,-394.0
100.0,,231.0,-567.0,21.0,241.0,-84.0,-134.0,-62.0,-319.0
84.0,,195.0,-450.0,30.0,207.0,-71.0,-362.0,-29.0,-269.0
43.0,,174.0,-332.0,-4.0,134.0,-81.0,-22.0,-5.0,-226.0
-33.0,,157.0,-201.0,-74.0,136.0,-65.0,-269.0,18.0,-193.0
-40.0,,127.0,-49.0,-142.0,154.0,-21.0,-140.0,8.0,-169.0
-55.0,,108.0,117.0,-193.0,149.0,7.0,-60.0,-9.0,-168.0
-98.0,,106.0,244.0,-218.0,129.0,20.0,-238.0,-42.0,-163.0
-136.0,,87.0,305.0,-218.0,155.0,49.0,25.0,-92.0,-147.0
-160.0,,102.0,339.0,-209.0,229.0,119.0,-269.0,-129.0,-135.0
-178.0,,130.0,327.0,-197.0,227.0,149.0,53.0,-170.0,-88.0
-176.0,,168.0,285.0,-191.0,166.0,167.0,-55.0,-201.0,-11.0
-195.0,,239.0,220.0,-192.0,146.0,179.0,-99.0,-224.0,81.0
-266.0,,265.0,131.0,-194.0,156.0,216.0,5.0,-227.0,184.0
-249.0,,298.0,61.0,-194.0,136.0,241.0,-299.0,-217.0,283.0
-228.0,,306.0,-21.0,-189.0,112.0,243.0,7.0,-188.0,340.0
-247.0,,289.0,-101.0,-167.0,100.0,276.0,-223.0,-143.0,369.0
-197.0,,289.0,-198.0,-141.0,131.0,299.0,36.0,-127.0,371.0
-156.0,,250.0,-327.0,-129.0,146.0,323.0,97.0,-108.0,321.0
-73.0,,229.0,-405.0,-134.0,127.0,308.0,7.0,-106.0,265.0
2.0,,206.0,-463.0,-163.0,127.0,302.0,334.0,-141.0,192.0
20.0,,175.0,-501.0,-193.0,98.0,293.0,90.0,-187.0,87.0
82.0,,180.0,-497.0,-190.0,125.0,297.0,439.0,-243.0,4.0
142.0,,151.0,-469.0,-150.0,170.0,328.0,230.0,-293.0,-65.0
207.0,,118.0,-415.0,-109.0,117.0,357.0,157.0,-330.0,-97.0
263.0,,113.0,-320.0,-91.0,58.0,401.0,232.0,-367.0,-97.0
286.0,,94.0,-208.0,-96.0,42.0,418.0,-27.0,-403.0,-114.0
339.0,,81.0,-117.0,-119.0,24.0,451.0,275.0,-441.0,-121.0
375.0,,96.0,-34.0,-128.0,9.0,451.0,-3.0,-484.0,-145.0
368.0,,88.0,28.0,-91.0,1.0,448.0,214.0,-505.0,-208.0
356.0,,79.0,69.0,13.0,15.0,429.0,205.0,-510.0,-295.0
372.0,,90.0,84.0,183.0,-2.0,400.0,158.0,-492.0,-419.0
389.0,,67.0,58.0,383.0,-69.0,431.0,430.0,-443.0,-528.0
359.0,,73.0,27.0,574.0,-66.0,427.0,142.0,-371.0,-604.0
328.0,,66.0,5.0,739.0,-68.0,425.0,450.0,-275.0,-666.0
281.0,,39.0,-56.0,842.0,-108.0,412.0,256.0,-153.0,-681.0
238.0,,69.0,-118.0,829.0,-97.0,415.0,334.0,-29.0,-651.0
164.0,,86.0,-115.0,709.0,-104.0,440.0,430.0,100.0,-587.0
-7.0,,117.0,-103.0,520.0,-126.0,435.0,221.0,247.0,-484.0
-139.0,,164.0,-130.0,293.0,-146.0,469.0,439.0,386.0,-376.0
-250.0,,191.0,-169.0,70.0,-160.0,494.0,105.0,537.0,-272.0
-404.0,,254.0,-139.0,-92.0,-148.0,500.0,338.0,679.0,-176.0
-523.0,,281.0,-89.0,-164.0,-138.0,503.0,190.0,786.0,-114.0
-591.0,,311.0,-67.0,-160.0,-127.0,474.0,142.0,883.0,-82.0
-638.0,,370.0,-58.0,-116.0,-149.0,464.0,354.0,956.0,-65.0
-678.0,,389.0,-67.0,-76.0,-164.0,490.0,99.0,987.0,-55.0
-689.0,,422.0,-72.0,-66.0,-174.0,489.0,460.0,967.0,-17.0
-693.0,,429.0,-90.0,-92.0,-190.0,470.0,230.0,933.0,74.0
-677.0,,419.0,-52.0,-131.0,-218.0,448.0,380.0,894.0,199.0
-603.0,,429.0,19.0,-170.0,-295.0,415.0,402.0,844.0,400.0
-567.0,,449.0,20.0,-196.0,-311.0,403.0,199.0,796.0,650.0
-545.0,,471.0,5.0,-169.0,-331.0,386.0,465.0,732.0,874.0
-490.0,,469.0,50.0,-83.0,-329.0,348.0,199.0,653.0,1106.0
-472.0,,511.0,139.0,33.0,-285.0,321.0,526.0,561.0,1271.0
-452.0,,565.0,165.0,146.0,-282.0,293.0,408.0,462.0,1355.0
-438.0,,584.0,181.0,206.0,-284.0,243.0,426.0,363.0,1362.0
-399.0,,626.0,234.0,200.0,-343.0,206.0,543.0,269.0,1274.0
-338.0,,658.0,268.0,171.0,-365.0,173.0,253.0,197.0,1162.0
-329.0,,663.0,302.0,151.0,-335.0,140.0,565.0,124.0,1005.0
-259.0,,683.0,313.0,156.0,-333.0,126.0,297.0,44.0,821.0
-157.0,,698.0,318.0,197.0,-328.0,112.0,506.0,-42.0,648.0
-103.0,,695.0,328.0,251.0,-325.0,127.0,473.0,-151.0,520.0
-64.0,,721.0,321.0,287.0,-310.0,130.0,317.0,-249.0,424.0
-44.0,,731.0,295.0,272.0,-269.0,112.0,535.0,-330.0,371.0
10.0,,725.0,278.0,198.0,-253.0,113.0,208.0,-393.0,379.0
50.0,,753.0,280.0,78.0,-235.0,109.0,521.0,-426.0,435.0
23.0,,767.0,254.0,-57.0,-187.0,101.0,338.0,-443.0,552.0
-1.0,,785.0,229.0,-181.0,-208.0,90.0,452.0,-415.0,641.0
-5.0,,795.0,205.0,-261.0,-218.0,74.0,604.0,-367.0,697.0
-12.0,,794.0,162.0,-292.0,-216.0,35.0,388.0,-318.0,726.0
-32.0,,806.0,117.0,-287.0,-239.0,-8.0,761.0,-245.0,704.0
-33.0,,793.0,76.0,-268.0,-237.0,-7.0,485.0,-153.0,649.0
3.0,,762.0,60.0,-244.0,-283.0,-14.0,716.0,-62.0,544.0
66.0,,756.0,69.0,-193.0,-265.0,-21.0,631.0,10.0,415.0
136.0,,720.0,78.0,-128.0,-227.0,-8.0,513.0,97.0,284.0
192.0,,676.0,92.0,-67.0,-215.0,-22.0,733.0,180.0,142.0
273.0,,662.0,135.0,-6.0,-204.0,-62.0,473.0,252.0,-14.0
380.0,,596.0,164.0,56.0,-212.0,-102.0,835.0,305.0,-146.0
435.0,,571.0,170.0,109.0,-188.0,-118.0,594.0,335.0,-217.0
470.0,,558.0,183.0,124.0,-216.0,-143.0,655.0,352.0,-238.0
527.0,,505.0,177.0,95.0,-206.0,-148.0,661.0,339.0,-200.0
599.0,,498.0,163.0,29.0,-208.0,-143.0,458.0,310.0,-99.0
637.0,,459.0,122.0,-52.0,-259.0,-183.0,844.0,262.0,56.0
669.0,,428.0,62.0,-114.0,-271.0,-239.0,639.0,220.0,261.0
755.0,,420.0,46.0,-121.0,-267.0,-283.0,958.0,186.0,475.0
802.0,,387.0,39.0,-65.0,-265.0,-308.0,838.0,159.0,677.0
812.0,,376.0,40.0,15.0,-306.0,-333.0,785.0,165.0,865.0
807.0,,354.0,0.0,71.0,-309.0,-335.0,962.0,215.0,999.0
817.0,,343.0,-51.0,76.0,-283.0,-330.0,654.0,274.0,1062.0
850.0,,338.0,-70.0,52.0,-220.0,-321.0,929.0,324.0,1043.0
818.0,,341.0,-96.0,19.0,-142.0,-283.0,642.0,367.0,945.0
775.0,,359.0,-128.0,-19.0,-75.0,-241.0,792.0,395.0,811.0
776.0,,371.0,-179.0,-57.0,-38.0,-234.0,837.0,433.0,635.0
812.0,,409.0,-178.0,-84.0,-31.0,-235.0,713.0,451.0,448.0
827.0,,419.0,-157.0,-102.0,-3.0,-221.0,1051.0,440.0,276.0
777.0,,463.0,-177.0,-114.0,-64.0,-248.0,785.0,409.0,118.0
785.0,,518.0,-176.0,-113.0,-123.0,-271.0,1042.0,353.0,18.0
842.0,,517.0,-183.0,-108.0,-163.0,-282.0,885.0,284.0,-29.0
810.0,,583.0,-199.0,-101.0,-160.0,-297.0,910.0,188.0,-17.0
723.0,,619.0,-174.0,-75.0,-108.0,-305.0,1077.0,70.0,67.0
679.0,,628.0,-146.0,-11.0,-141.0,-333.0,838.0,-70.0,204.0
663.0,,668.0,-136.0,72.0,-104.0,-362.0,1138.0,-199.0,370.0
577.0,,672.0,-137.0,135.0,-9.0,-423.0,848.0,-298.0,544.0
461.0,,709.0,-171.0,152.0,23.0,-469.0,1008.0,-368.0,703.0
372.0,,710.0,-259.0,125.0,7.0,-486.0,949.0,-384.0,815.0
291.0,,693.0,-349.0,72.0,-20.0,-526.0,801.0,-355.0,891.0
201.0,,731.0,-387.0,5.0,-12.0,-536.0,1047.0,-325.0,940.0
80.0,,714.0,-428.0,-55.0,-64.0,-536.0,779.0,-305.0,940.0
15.0,,708.0,-499.0,-102.0,-66.0,-556.0,1140.0,-268.0,908.0
18.0,,719.0,-567.0,-131.0,-4.0,-557.0,1005.0,-243.0,852.0
-11.0,,703.0,-568.0,-130.0,3.0,-529.0,1101.0,-234.0,807.0
-59.0,,694.0,-590.0,-102.0,6.0,-489.0,1178.0,-207.0,774.0
-62.0,,664.0,-619.0,-48.0,-39.0,-460.0,883.0,-184.0,729.0
-41.0,,634.0,-577.0,35.0,-10.0,-469.0,1152.0,-172.0,703.0
-35.0,,607.0,-556.0,132.0,40.0,-459.0,846.0,-145.0,694.0
-45.0,,596.0,-514.0,231.0,27.0,-418.0,1097.0,-114.0,713.0
-57.0,,603.0,-467.0,312.0,26.0,-410.0,984.0,-83.0,751.0
-47.0,,628.0,-434.0,344.0,108.0,-424.0,888.0,-35.0,788.0
-40.0,,661.0,-387.0,318.0,244.0,-470.0,1138.0,35.0,834.0
-47.0,,720.0,-354.0,259.0,252.0,-512.0,848.0,133.0,865.0
-79.0,,782.0,-275.0,211.0,187.0,-529.0,1158.0,225.0,868.0
-112.0,,825.0,-178.0,206.0,136.0,-554.0,890.0,298.0,864.0
-145.0,,898.0,-83.0,266.0,204.0,-560.0,975.0,359.0,861.0
-232.0,,939.0,8.0,361.0,208.0,-564.0,1005.0,389.0,882.0
-280.0,,954.0,79.0,435.0,124.0,-587.0,831.0,395.0,948.0
-278.0,,982.0,161.0,465.0,88.0,-624.0,1152.0,373.0,1040.0
-287.0,,972.0,242.0,453.0,75.0,-651.0,805.0,341.0,1153.0
-297.0,,945.0,347.0,428.0,132.0,-671.0,1040.0,305.0,1274.0
-299.0,,924.0,430.0,401.0,125.0,-677.0,866.0,271.0,1382.0
-240.0,,888.0,441.0,371.0,116.0,-660.0,787.0,250.0,1468.0
-162.0,,845.0,454.0,332.0,137.0,-664.0,909.0,227.0,1524.0
-138.0,,792.0,388.0,267.0,209.0,-666.0,582.0,200.0,1556.0
-124.0,,738.0,299.0,190.0,223.0,-648.0,905.0,184.0,1544.0
-97.0,,698.0,264.0,116.0,185.0,-637.0,628.0,201.0,1470.0
-82.0,,649.0,204.0,38.0,208.0,-643.0,814.0,242.0,1361.0
-106.0,,626.0,138.0,-41.0,189.0,-640.0,855.0,286.0,1244.0
-140.0,,594.0,84.0,-119.0,178.0,-657.0,694.0,339.0,1118.0
-165.0,,591.0,72.0,-173.0,129.0,-695.0,973.0,392.0,998.0
-188.0,,621.0,40.0,-203.0,168.0,-732.0,617.0,429.0,909.0
-171.0,,617.0,13.0,-221.0,238.0,-784.0,862.0,462.0,821.0
-173.0,,658.0,47.0,-226.0,252.0,-821.0,685.0,472.0,764.0
-161.0,,670.0,112.0,-231.0,286.0,-866.0,755.0,460.0,724.0
-69.0,,692.0,193.0,-228.0,325.0,-900.0,936.0,443.0,651.0
-29.0,,706.0,224.0,-215.0,364.0,-918.0,615.0,400.0,579.0
0.0,,673.0,234.0,-199.0,319.0,-933.0,877.0,346.0,519.0
5.0,,658.0,222.0,-182.0,281.0,-917.0,524.0,309.0,460.0
-14.0,,610.0,189.0,-174.0,262.0,-918.0,661.0,282.0,420.0
16.0,,539.0,143.0,-177.0,295.0,-920.0,585.0,268.0,381.0
-19.0,,465.0,74.0,-171.0,329.0,-898.0,439.0,267.0,328.0
-64.0,,408.0,30.0,-138.0,271.0,-877.0,692.0,267.0,270.0
-82.0,,321.0,27.0,-78.0,298.0,-874.0,362.0,257.0,188.0
-72.0,,243.0,48.0,10.0,438.0,-874.0,687.0,242.0,91.0
-22.0,,170.0,80.0,118.0,524.0,-842.0,524.0,206.0,-19.0
32.0,,93.0,143.0,231.0,494.0,-821.0,615.0,152.0,-129.0
97.0,,29.0,191.0,344.0,489.0,-852.0,740.0,75.0,-227.0
148.0,,-37.0,201.0,417.0,555.0,-890.0,498.0,-33.0,-295.0
246.0,,-66.0,211.0,429.0,621.0,-911.0,833.0,-150.0,-314.0
335.0,,-111.0,228.0,402.0,674.0,-922.0,559.0,-270.0,-315.0
390.0,,-125.0,237.0,370.0,679.0,-915.0,718.0,-361.0,-276.0
491.0,,-134.0,179.0,336.0,708.0,-910.0,545.0,-423.0,-238.0
569.0,,-130.0,101.0,293.0,726.0,-881.0,399.0,-454.0,-196.0
654.0,,-124.0,69.0,236.0,680.0,-859.0,591.0,-416.0,-128.0
726.0,,-116.0,45.0,163.0,685.0,-868.0,279.0,-351.0,-66.0
714.0,,-69.0,21.0,91.0,744.0,-839.0,567.0,-263.0,10.0
744.0,,-65.0,23.0,11.0,822.0,-825.0,314.0,-136.0,61.0
804.0,,-35.0,34.0,-67.0,836.0,-834.0,386.0,4.0,84.0
864.0,,-15.0,51.0,-124.0,808.0,-816.0,456.0,152.0,104.0
927.0,,4.0,44.0,-161.0,876.0,-812.0,286.0,275.0,112.0
994.0,,58.0,14.0,-172.0,978.0,-817.0,607.0,380.0,112.0
1076.0,,81.0,5.0,-160.0,1005.0,-799.0,284.0,480.0,119.0
1104.0,,129.0,-37.0,-122.0,984.0,-785.0,484.0,558.0,153.0
1106.0,,167.0,-107.0,-69.0,956.0,-781.0,386.0,613.0,189.0
1107.0,,182.0,-159.0,-18.0,920.0,-783.0,386.0,653.0,226.0
1083.0,,198.0,-164.0,1.0,943.0,-761.0,561.0,684.0,254.0
1055.0,,218.0,-210.0,-11.0,950.0,-744.0,249.0,688.0,244.0
991.0,,221.0,-315.0,-27.0,951.0,-770.0,522.0,655.0,205.0
873.0,,229.0,-347.0,-31.0,979.0,-771.0,194.0,580.0,128.0
777.0,,257.0,-373.0,-8.0,959.0,-738.0,301.0,485.0,40.0
669.0,,281.0,-444.0,15.0,991.0,-724.0,319.0,378.0,-9.0
531.0,,320.0,-484.0,12.0,1012.0,-751.0,140.0,234.0,-27.0
413.0,,351.0,-485.0,-31.0,989.0,-731.0,443.0,67.0,8.0
310.0,,403.0,-480.0,-109.0,1005.0,-663.0,140.0,-86.0,93.0
219.0,,433.0,-494.0,-198.0,1021.0,-648.0,397.0,-223.0,196.0
162.0,,452.0,-510.0,-288.0,1049.0,-627.0,212.0,-366.0,288.0
147.0,,492.0,-531.0,-382.0,1047.0,-599.0,168.0,-473.0,363.0
185.0,,497.0,-546.0,-473.0,1044.0,-595.0,286.0,-542.0,440.0
228.0,,528.0,-570.0,-515.0,1090.0,-596.0,1.0,-574.0,493.0
265.0,,552.0,-651.0,-487.0,1093.0,-635.0,341.0,-551.0,524.0
362.0,,567.0,-712.0,-387.0,1042.0,-674.0,81.0,-519.0,584.0
454.0,,614.0,-737.0,-243.0,978.0,-707.0,240.0,-483.0,658.0
488.0,,623.0,-782.0,-98.0,980.0,-735.0,181.0,-418.0,713.0
506.0,,634.0,-840.0,32.0,1073.0,-740.0,-51.0,-308.0,772.0
516.0,,658.0,-848.0,120.0,1108.0,-769.0,140.0,-181.0,805.0
551.0,,640.0,-785.0,149.0,1041.0,-803.0,-223.0,-39.0,803.0
574.0,,638.0,-692.0,127.0,962.0,-808.0,68.0,126.0,806.0
521.0,,635.0,-551.0,81.0,951.0,-810.0,-46.0,284.0,801.0
524.0,,588.0,-396.0,51.0,926.0,-802.0,16.0,414.0,808.0
566.0,,558.0,-183.0,58.0,868.0,-766.0,138.0,497.0,845.0
539.0,,496.0,48.0,80.0,878.0,-721.0,-184.0,525.0,915.0
518.0,,429.0,223.0,101.0,853.0,-696.0,84.0,498.0,1019.0
487.0,,396.0,385.0,122.0,766.0,-688.0,-179.0,435.0,1144.0
451.0,,353.0,498.0,151.0,691.0,-656.0,49.0,347.0,1264.0
425.0,,344.0,559.0,195.0,669.0,-643.0,20.0,252.0,1362.0
396.0,,326.0,568.0,254.0,730.0,-659.0,-151.0,165.0,1433.0
396.0,,315.0,491.0,321.0,760.0,-665.0,25.0,100.0,1439.0
406.0,,342.0,369.0,382.0,733.0,-680.0,-312.0,58.0,1407.0
435.0,,321.0,250.0,439.0,678.0,-683.0,-36.0,40.0,1338.0
442.0,,312.0,90.0,478.0,646.0,-694.0,-262.0,47.0,1222.0
462.0,,334.0,-87.0,485.0,676.0,-693.0,-212.0,54.0,1088.0
490.0,,316.0,-216.0,458.0,678.0,-715.0,-129.0,71.0,937.0
476.0,,315.0,-327.0,395.0,659.0,-738.0,-393.0,93.0,820.0
447.0,,331.0,-457.0,306.0,586.0,-716.0,-51.0,110.0,712.0
423.0,,310.0,-532.0,209.0,542.0,-733.0,-339.0,121.0,617.0
411.0,,333.0,-475.0,108.0,565.0,-751.0,-169.0,133.0,540.0
365.0,,358.0,-374.0,13.0,559.0,-737.0,-310.0,143.0,467.0
316.0,,358.0,-255.0,-53.0,553.0,-700.0,-493.0,143.0,416.0
243.0,,417.0,-65.0,-91.0,534.0,-741.0,-279.0,122.0,371.0
166.0,,434.0,143.0,-108.0,500.0,-780.0,-532.0,76.0,369.0
154.0,,461.0,287.0,-105.0,418.0,-712.0,-186.0,23.0,392.0
164.0,,498.0,412.0,-62.0,396.0,-662.0,-421.0,-31.0,456.0
156.0,,481.0,567.0,20.0,444.0,-653.0,-404.0,-77.0,557.0
142.0,,474.0,685.0,107.0,443.0,-660.0,-375.0,-100.0,681.0
160.0,,441.0,723.0,186.0,457.0,-621.0,-609.0,-82.0,832.0
191.0,,394.0,723.0,259.0,484.0,-558.0,-279.0,-32.0,987.0
218.0,,312.0,682.0,335.0,463.0,-538.0,-545.0,33.0,1144.0
244.0,,232.0,567.0,395.0,442.0,-547.0,-299.0,129.0,1275.0
279.0,,134.0,446.0,414.0,457.0,-544.0,-443.0,237.0,1386.0
336.0,,35.0,320.0,394.0,461.0,-512.0,-561.0,337.0,1450.0
443.0,,-30.0,170.0,350.0,478.0,-490.0,-349.0,413.0,1448.0
519.0,,-115.0,3.0,284.0,488.0,-499.0,-622.0,451.0,1383.0
594.0,,-158.0,-161.0,193.0,527.0,-510.0,-273.0,463.0,1264.0
697.0,,-204.0,-287.0,91.0,571.0,-526.0,-426.0,445.0,1109.0
777.0,,-246.0,-373.0,-6.0,553.0,-520.0,-266.0,407.0,922.0
831.0,,-266.0,-404.0,-87.0,555.0,-502.0,-218.0,368.0,725.0
835.0,,-283.0,-410.0,-148.0,511.0,-511.0,-382.0,337.0,509.0
859.0,,-286.0,-408.0,-192.0,481.0,-491.0,-131.0,328.0,316.0
842.0,,-298.0,-402.0,-226.0,484.0,-485.0,-509.0,331.0,120.0
800.0,,-275.0,-381.0,-243.0,494.0,-479.0,-242.0,335.0,-81.0
763.0,,-271.0,-373.0,-241.0,484.0,-492.0,-339.0,356.0,-243.0
729.0,,-262.0,-368.0,-237.0,436.0,-509.0,-376.0,380.0,-396.0
706.0,,-213.0,-344.0,-238.0,499.0,-475.0,-188.0,396.0,-549.0
671.0,,-199.0,-342.0,-260.0,536.0,-483.0,-476.0,383.0,-708.0
631.0,,-169.0,-335.0,-305.0,532.0,-476.0,-164.0,361.0,-824.0
538.0,,-118.0,-306.0,-357.0,566.0,-472.0,-358.0,357.0,-885.0
464.0,,-108.0,-232.0,-382.0,578.0,-467.0,-173.0,346.0,-920.0
387.0,,-70.0,-137.0,-366.0,569.0,-487.0,-145.0,343.0,-895.0
281.0,,-38.0,-63.0,-320.0,508.0,-535.0,-284.0,360.0,-825.0
215.0,,-44.0,-19.0,-260.0,478.0,-523.0,16.0,370.0,-737.0
189.0,,-17.0,0.0,-185.0,500.0,-531.0,-273.0,364.0,-624.0
181.0,,-25.0,26.0,-77.0,532.0,-550.0,12.0,343.0,-486.0
185.0,,-22.0,15.0,39.0,534.0,-545.0,-195.0,326.0,-340.0
180.0,,-23.0,-64.0,138.0,546.0,-523.0,-249.0,308.0,-170.0
168.0,,-69.0,-159.0,197.0,598.0,-531.0,-101.0,300.0,14.0
188.0,,-57.0,-259.0,205.0,605.0,-552.0,-402.0,302.0,198.0
212.0,,-89.0,-364.0,175.0,617.0,-532.0,-121.0,298.0,404.0
234.0,,-133.0,-446.0,125.0,586.0,-513.0,-421.0,292.0,594.0
218.0,,-140.0,-537.0,95.0,524.0,-486.0,-223.0,277.0,770.0
186.0,,-187.0,-643.0,107.0,556.0,-472.0,-197.0,262.0,916.0
160.0,,-231.0,-726.0,170.0,565.0,-501.0,-266.0,247.0,1039.0
106.0,,-259.0,-785.0,277.0,553.0,-522.0,73.0,218.0,1152.0
73.0,,-300.0,-854.0,398.0,565.0,-498.0,-267.0,201.0,1199.0
42.0,,-329.0,-937.0,497.0,584.0,-485.0,12.0,221.0,1209.0
-1.0,,-332.0,-979.0,529.0,586.0,-484.0,-166.0,279.0,1159.0
-12.0,,-349.0,-952.0,478.0,556.0,-440.0,-144.0,375.0,1032.0
6.0,,-322.0,-882.0,355.0,587.0,-416.0,-14.0,498.0,838.0
1.0,,-286.0,-805.0,207.0,600.0,-430.0,-262.0,644.0,584.0
0.0,,-252.0,-715.0,99.0,591.0,-441.0,75.0,791.0,310.0
44.0,,-162.0,-618.0,56.0,626.0,-437.0,-269.0,911.0,17.0
61.0,,-111.0,-519.0,64.0,645.0,-428.0,-160.0,1009.0,-266.0
63.0,,-58.0,-404.0,84.0,623.0,-417.0,-266.0,1055.0,-515.0
95.0,,0.0,-324.0,87.0,645.0,-386.0,-397.0,1041.0,-704.0
133.0,,23.0,-278.0,58.0,736.0,-349.0,-157.0,976.0,-856.0
179.0,,61.0,-199.0,-5.0,778.0,-297.0,-491.0,859.0,-951.0
219.0,,95.0,-100.0,-88.0,772.0,-237.0,-179.0,728.0,-977.0
266.0,,93.0,-19.0,-156.0,728.0,-208.0,-323.0,595.0,-958.0
281.0,,120.0,41.0,-159.0,684.0,-194.0,-173.0,470.0,-874.0
318.0,,145.0,89.0,-91.0,645.0,-172.0,-36.0,377.0,-751.0
366.0,,139.0,186.0,20.0,575.0,-137.0,-352.0,306.0,-592.0
314.0,,222.0,280.0,137.0,557.0,-111.0,-169.0,254.0,-421.0
289.0,,259.0,329.0,244.0,574.0,-117.0,-591.0,220.0,-234.0
285.0,,330.0,370.0,334.0,581.0,-113.0,-369.0,177.0,-43.0
243.0,,458.0,404.0,391.0,607.0,-57.0,-334.0,131.0,114.0
162.0,,493.0,412.0,384.0,632.0,-9.0,-339.0,115.0,231.0
64.0,,609.0,389.0,287.0,630.0,1.0,-105.0,111.0,277.0
-15.0,,672.0,355.0,132.0,586.0,3.0,-552.0,123.0,282.0
-117.0,,711.0,292.0,-17.0,532.0,33.0,-399.0,173.0,244.0
-183.0,,777.0,210.0,-108.0,511.0,79.0,-698.0,235.0,182.0
-271.0,,749.0,129.0,-148.0,464.0,105.0,-604.0,303.0,119.0
-354.0,,754.0,65.0,-162.0,429.0,149.0,-448.0,379.0,42.0
-375.0,,730.0,-38.0,-163.0,409.0,172.0,-589.0,429.0,-41.0
-397.0,,677.0,-159.0,-164.0,403.0,169.0,-221.0,453.0,-128.0
-426.0,,667.0,-232.0,-179.0,400.0,186.0,-502.0,448.0,-202.0
-472.0,,622.0,-318.0,-210.0,348.0,181.0,-271.0,397.0,-276.0
-468.0,,573.0,-419.0,-229.0,335.0,146.0,-419.0,321.0,-334.0
-462.0,,532.0,-493.0,-223.0,335.0,113.0,-504.0,223.0,-366.0
-465.0,,478.0,-502.0,-193.0,359.0,93.0,-330.0,119.0,-377.0
-410.0,,419.0,-498.0,-138.0,409.0,96.0,-650.0,21.0,-364.0
-373.0,,337.0,-500.0,-73.0,386.0,130.0,-319.0,-73.0,-366.0
-357.0,,294.0,-482.0,-20.0,328.0,170.0,-563.0,-140.0,-389.0
-316.0,,217.0,-463.0,28.0,315.0,164.0,-413.0,-181.0,-416.0
-281.0,,138.0,-393.0,78.0,290.0,157.0,-345.0,-184.0,-444.0
-240.0,,86.0,-277.0,130.0,240.0,210.0,-539.0,-141.0,-462.0
-191.0,,24.0,-157.0,199.0,214.0,238.0,-327.0,-78.0,-473.0
-177.0,,1.0,18.0,277.0,177.0,239.0,-703.0,0.0,-475.0
-144.0,,-68.0,216.0,333.0,137.0,298.0,-487.0,82.0,-480.0
-100.0,,-82.0,370.0,360.0,108.0,363.0,-650.0,168.0,-478.0
-77.0,,-112.0,500.0,390.0,112.0,377.0,-578.0,244.0,-471.0
-92.0,,-158.0,601.0,448.0,95.0,380.0,-362.0,303.0,-477.0
-96.0,,-137.0,647.0,505.0,63.0,405.0,-663.0,329.0,-475.0
-52.0,,-170.0,631.0,532.0,30.0,411.0,-371.0,334.0,-459.0
-40.0,,-174.0,572.0,518.0,-19.0,372.0,-679.0,325.0,-426.0
-40.0,,-162.0,450.0,459.0,-32.0,334.0,-515.0,300.0,-391.0
-54.0,,-180.0,280.0,362.0,-95.0,337.0,-478.0,269.0,-354.0
-60.0,,-163.0,104.0,250.0,-159.0,329.0,-613.0,223.0,-315.0
-13.0,,-159.0,-85.0,138.0,-134.0,287.0,-345.0,172.0,-300.0
7.0,,-158.0,-235.0,14.0,-128.0,274.0,-691.0,123.0,-306.0
11.0,,-142.0,-332.0,-136.0,-119.0,280.0,-452.0,84.0,-310.0
52.0,,-170.0,-386.0,-290.0,-78.0,281.0,-657.0,46.0,-323.0
84.0,,-143.0,-389.0,-400.0,-104.0,290.0,-646.0,29.0,-364.0
84.0,,-151.0,-325.0,-448.0,-121.0,327.0,-493.0,29.0,-400.0
60.0,,-161.0,-211.0,-450.0,-107.0,328.0,-740.0,26.0,-420.0
37.0,,-122.0,-126.0,-431.0,-106.0,281.0,-399.0,36.0,-437.0
12.0,,-135.0,-87.0,-411.0,-89.0,275.0,-654.0,52.0,-442.0
-54.0,,-81.0,-62.0,-395.0,-126.0,271.0,-428.0,80.0,-433.0
-59.0,,-60.0,-65.0,-391.0,-183.0,244.0,-473.0,116.0,-420.0
-64.0,,-28.0,-151.0,-396.0,-200.0,219.0,-650.0,173.0,-391.0
-118.0,,38.0,-262.0,-383.0,-202.0,193.0,-441.0,253.0,-360.0
-119.0,,59.0,-349.0,-330.0,-181.0,179.0,-812.0,336.0,-343.0
-92.0,,123.0,-414.0,-250.0,-179.0,144.0,-585.0,434.0,-322.0
-43.0,,171.0,-426.0,-156.0,-212.0,104.0,-837.0,520.0,-294.0
-15.0,,202.0,-422.0,-66.0,-200.0,69.0,-833.0,577.0,-258.0
23.0,,220.0,-400.0,2.0,-150.0,35.0,-700.0,611.0,-227.0
79.0,,237.0,-321.0,42.0,-89.0,40.0,-879.0,619.0,-182.0
93.0,,250.0,-198.0,45.0,-73.0,51.0,-519.0,606.0,-153.0
97.0,,250.0,-48.0,26.0,-98.0,62.0,-777.0,580.0,-132.0
72.0,,277.0,111.0,-13.0,-60.0,65.0,-570.0,545.0,-83.0
46.0,,276.0,248.0,-59.0,-48.0,65.0,-646.0,497.0,-27.0
23.0,,291.0,355.0,-61.0,-82.0,79.0,-757.0,438.0,74.0
-38.0,,309.0,405.0,-16.0,-54.0,105.0,-487.0,385.0,183.0
-127.0,,322.0,356.0,47.0,39.0,92.0,-698.0,338.0,273.0
-158.0,,367.0,273.0,118.0,64.0,48.0,-280.0,282.0,346.0
-160.0,,370.0,193.0,184.0,22.0,29.0,-389.0,212.0,354.0
-233.0,,413.0,82.0,220.0,47.0,-12.0,-264.0,143.0,328.0
-305.0,,476.0,-35.0,215.0,102.0,-37.0,-236.0,57.0,265.0
-334.0,,483.0,-98.0,182.0,148.0,-57.0,-585.0,-25.0,164.0
-388.0,,516.0,-134.0,134.0,143.0,-75.0,-319.0,-87.0,11.0
-405.0,,553.0,-221.0,89.0,130.0,-62.0,-604.0,-136.0,-173.0
-378.0,,558.0,-249.0,49.0,146.0,-43.0,-282.0,-138.0,-326.0
-400.0,,554.0,-179.0,-7.0,162.0,-38.0,-254.0,-112.0,-461.0
-394.0,,547.0,-176.0,-88.0,185.0,-72.0,-273.0,-76.0,-561.0
-333.0,,525.0,-142.0,-202.0,213.0,-77.0,-38.0,0.0,-600.0
-315.0,,504.0,-58.0,-335.0,302.0,-77.0,-395.0,101.0,-591.0
-337.0,,473.0,-25.0,-447.0,327.0,-84.0,-90.0,210.0,-553.0
-345.0,,446.0,28.0,-506.0,229.0,-49.0,-306.0,323.0,-496.0
-336.0,,435.0,67.0,-488.0,216.0,-29.0,-175.0,430.0,-435.0
-324.0,,390.0,105.0,-396.0,296.0,-29.0,-51.0,520.0,-370.0
-344.0,,382.0,155.0,-254.0,345.0,-17.0,-260.0,587.0,-297.0
-394.0,,397.0,182.0,-101.0,314.0,14.0,44.0,626.0,-212.0
-417.0,,360.0,179.0,24.0,330.0,53.0,-275.0,641.0,-130.0
-426.0,,400.0,165.0,91.0,461.0,74.0,-66.0,647.0,-52.0
-467.0,,396.0,210.0,94.0,502.0,105.0,-206.0,645.0,26.0
-550.0,,373.0,276.0,60.0,463.0,143.0,-277.0,630.0,63.0
-554.0,,392.0,379.0,15.0,462.0,141.0,-103.0,615.0,63.0
-500.0,,337.0,479.0,-14.0,511.0,144.0,-378.0,595.0,45.0
-532.0,,319.0,550.0,-13.0,584.0,143.0,-29.0,579.0,1.0
-590.0,,253.0,618.0,9.0,527.0,151.0,-254.0,569.0,-76.0
-637.0,,173.0,614.0,32.0,480.0,168.0,-116.0,572.0,-189.0
-680.0,,116.0,550.0,29.0,527.0,148.0,-114.0,569.0,-340.0
-720.0,,31.0,476.0,-1.0,503.0,144.0,-273.0,556.0,-494.0
-741.0,,-27.0,383.0,-41.0,502.0,157.0,46.0,558.0,-637.0
-751.0,,-77.0,235.0,-85.0,475.0,182.0,-254.0,549.0,-761.0
-751.0,,-118.0,38.0,-150.0,461.0,205.0,0.0,525.0,-828.0
-699.0,,-166.0,-155.0,-234.0,571.0,218.0,-166.0,495.0,-880.0
-674.0,,-182.0,-297.0,-277.0,563.0,225.0,-210.0,465.0,-862.0
-695.0,,-200.0,-411.0,-242.0,496.0,232.0,-112.0,436.0,-778.0
-685.0,,-186.0,-498.0,-158.0,453.0,247.0,-423.0,406.0,-658.0
-644.0,,-156.0,-529.0,-49.0,413.0,210.0,-157.0,375.0,-485.0
-615.0,,-140.0,-512.0,65.0,427.0,168.0,-485.0,330.0,-302.0
-582.0,,-44.0,-484.0,184.0,445.0,174.0,-380.0,295.0,-102.0
-558.0,,19.0,-480.0,297.0,485.0,177.0,-436.0,242.0,83.0
-561.0,,97.0,-412.0,366.0,449.0,169.0,-569.0,188.0,227.0
-567.0,,218.0,-319.0,385.0,388.0,163.0,-297.0,141.0,322.0
-539.0,,286.0,-246.0,372.0,411.0,163.0,-591.0,100.0,363.0
-520.0,,373.0,-142.0,347.0,390.0,178.0,-258.0,68.0,352.0
-505.0,,448.0,-39.0,333.0,301.0,205.0,-402.0,49.0,335.0
-470.0,,488.0,27.0,345.0,204.0,197.0,-341.0,58.0,332.0
-461.0,,557.0,63.0,356.0,110.0,168.0,-225.0,73.0,315.0
-404.0,,590.0,141.0,321.0,123.0,184.0,-476.0,117.0,315.0
-351.0,,601.0,245.0,244.0,171.0,224.0,-134.0,170.0,318.0
-333.0,,638.0,314.0,181.0,48.0,241.0,-389.0,212.0,318.0
-301.0,,622.0,374.0,152.0,16.0,240.0,-166.0,242.0,339.0
-300.0,,606.0,417.0,113.0,54.0,264.0,-243.0,251.0,357.0
-272.0,,594.0,452.0,39.0,12.0,279.0,-315.0,234.0,356.0
-280.0,,528.0,477.0,-36.0,83.0,294.0,-73.0,188.0,336.0
-284.0,,486.0,458.0,-88.0,56.0,316.0,-452.0,143.0,282.0
-206.0,,421.0,407.0,-125.0,8.0,321.0,-218.0,95.0,227.0
-164.0,,321.0,309.0,-162.0,73.0,336.0,-474.0,40.0,189.0
-131.0,,261.0,185.0,-190.0,52.0,347.0,-395.0,-21.0,152.0
-102.0,,197.0,3.0,-192.0,37.0,383.0,-317.0,-73.0,138.0
-45.0,,131.0,-252.0,-170.0,-18.0,428.0,-500.0,-112.0,163.0
1.0,,108.0,-462.0,-133.0,-73.0,473.0,-157.0,-173.0,243.0
30.0,,104.0,-618.0,-80.0,-35.0,509.0,-428.0,-241.0,355.0
89.0,,125.0,-725.0,-1.0,-83.0,513.0,-155.0,-309.0,462.0
116.0,,173.0,-788.0,106.0,-104.0,495.0,-271.0,-366.0,557.0
181.0,,209.0,-795.0,237.0,-47.0,488.0,-352.0,-415.0,615.0
261.0,,263.0,-719.0,334.0,-63.0,494.0,-171.0,-454.0,647.0
285.0,,316.0,-595.0,337.0,-37.0,478.0,-447.0,-459.0,644.0
295.0,,344.0,-368.0,261.0,-58.0,482.0,-79.0,-423.0,599.0
289.0,,410.0,-116.0,163.0,-101.0,514.0,-328.0,-353.0,546.0
245.0,,404.0,117.0,92.0,-39.0,524.0,-242.0,-241.0,471.0
226.0,,391.0,342.0,54.0,-75.0,519.0,-251.0,-98.0,373.0
146.0,,405.0,522.0,26.0,-114.0,534.0,-519.0,51.0,245.0
63.0,,334.0,709.0,-19.0,-106.0,568.0,-245.0,219.0,93.0
60.0,,327.0,813.0,-66.0,-131.0,561.0,-530.0,371.0,-70.0
39.0,,280.0,826.0,-68.0,-125.0,514.0,-195.0,496.0,-249.0
48.0,,216.0,822.0,-16.0,-128.0,509.0,-232.0,588.0,-404.0
10.0,,180.0,804.0,40.0,-107.0,484.0,-225.0,623.0,-513.0
10.0,,106.0,776.0,63.0,-77.0,433.0,-48.0,634.0,-546.0
21.0,,90.0,700.0,62.0,-100.0,436.0,-382.0,615.0,-518.0
7.0,,86.0,622.0,50.0,-100.0,462.0,-79.0,582.0,-444.0
35.0,,85.0,557.0,31.0,-94.0,479.0,-295.0,557.0,-334.0
-4.0,,130.0,460.0,10.0,-100.0,486.0,-121.0,528.0,-226.0
1.0,,209.0,346.0,-13.0,-72.0,489.0,-73.0,510.0,-131.0
21.0,,265.0,218.0,-7.0,-45.0,475.0,-214.0,480.0,-64.0
50.0,,323.0,43.0,50.0,-31.0,489.0,81.0,425.0,-33.0
31.0,,367.0,-129.0,120.0,-25.0,517.0,-223.0,359.0,-26.0
-41.0,,393.0,-258.0,161.0,-29.0,517.0,66.0,271.0,-27.0
-51.0,,421.0,-377.0,135.0,-25.0,503.0,-77.0,175.0,-53.0
-127.0,,410.0,-452.0,47.0,25.0,494.0,-92.0,80.0,-107.0
-167.0,,439.0,-485.0,-74.0,75.0,492.0,62.0,-29.0,-175.0
-215.0,,462.0,-478.0,-204.0,60.0,453.0,-188.0,-152.0,-213.0
-300.0,,479.0,-467.0,-289.0,63.0,410.0,133.0,-280.0,-243.0
-302.0,,534.0,-422.0,-326.0,112.0,409.0,-144.0,-415.0,-261.0
-361.0,,562.0,-295.0,-337.0,160.0,419.0,20.0,-552.0,-231.0
-449.0,,619.0,-166.0,-306.0,194.0,402.0,-35.0,-664.0,-186.0
-479.0,,664.0,-43.0,-226.0,202.0,391.0,-186.0,-735.0,-108.0
-456.0,,697.0,39.0,-137.0,209.0,383.0,55.0,-758.0,-18.0
-481.0,,742.0,68.0,-67.0,221.0,373.0,-280.0,-708.0,77.0
-559.0,,760.0,121.0,-10.0,202.0,398.0,-7.0,-595.0,145.0
-581.0,,784.0,173.0,41.0,204.0,417.0,-232.0,-448.0,191.0
-574.0,,772.0,178.0,93.0,219.0,419.0,-216.0,-291.0,275.0
-570.0,,750.0,154.0,144.0,221.0,445.0,-68.0,-135.0,360.0
-600.0,,707.0,166.0,178.0,227.0,469.0,-218.0,-9.0,450.0
-616.0,,641.0,215.0,196.0,200.0,458.0,173.0,81.0,538.0
-614.0,,536.0,267.0,207.0,208.0,450.0,-105.0,152.0,613.0
-624.0,,439.0,318.0,203.0,282.0,467.0,88.0,204.0,673.0
-618.0,,353.0,396.0,182.0,304.0,495.0,-5.0,259.0,685.0
-618.0,,259.0,513.0,137.0,290.0,481.0,-123.0,300.0,632.0
-585.0,,223.0,574.0,77.0,317.0,436.0,162.0,312.0,539.0
-547.0,,164.0,600.0,24.0,272.0,446.0,-73.0,297.0,402.0
-508.0,,165.0,605.0,-33.0,216.0,473.0,236.0,263.0,240.0
-451.0,,175.0,574.0,-94.0,242.0,455.0,-5.0,190.0,81.0
-421.0,,200.0,543.0,-131.0,252.0,445.0,60.0,71.0,-71.0
-391.0,,282.0,464.0,-143.0,308.0,447.0,96.0,-51.0,-201.0
-395.0,,295.0,373.0,-160.0,338.0,422.0,-175.0,-174.0,-311.0
-378.0,,375.0,311.0,-205.0,309.0,409.0,118.0,-285.0,-418.0
-355.0,,444.0,285.0,-273.0,367.0,431.0,-192.0,-388.0,-518.0
-345.0,,481.0,290.0,-317.0,390.0,467.0,59.0,-460.0,-570.0
-305.0,,549.0,347.0,-294.0,314.0,486.0,-27.0,-496.0,-599.0
-240.0,,586.0,418.0,-212.0,293.0,523.0,-46.0,-521.0,-605.0
-124.0,,652.0,422.0,-117.0,240.0,572.0,203.0,-525.0,-590.0
-90.0,,680.0,422.0,-56.0,228.0,571.0,-96.0,-504.0,-571.0
-58.0,,702.0,413.0,-44.0,311.0,551.0,205.0,-447.0,-522.0
-28.0,,710.0,364.0,-53.0,203.0,553.0,-75.0,-363.0,-510.0
-20.0,,685.0,313.0,-69.0,191.0,529.0,59.0,-240.0,-524.0
28.0,,682.0,280.0,-93.0,293.0,466.0,142.0,-97.0,-538.0
42.0,,624.0,266.0,-118.0,246.0,436.0,-27.0,55.0,-556.0
54.0,,588.0,269.0,-168.0,262.0,394.0,297.0,222.0,-557.0
31.0,,556.0,263.0,-241.0,222.0,357.0,-27.0,383.0,-513.0
17.0,,506.0,242.0,-307.0,223.0,361.0,162.0,546.0,-419.0
1.0,,475.0,252.0,-348.0,329.0,352.0,-55.0,696.0,-301.0
-53.0,,405.0,264.0,-335.0,300.0,335.0,-121.0,813.0,-127.0
-83.0,,356.0,242.0,-232.0,279.0,303.0,94.0,897.0,59.0
-109.0,,281.0,183.0,-38.0,267.0,293.0,-125.0,930.0,249.0
-173.0,,190.0,86.0,177.0,229.0,316.0,194.0,920.0,436.0
-236.0,,147.0,3.0,328.0,235.0,321.0,-97.0,864.0,599.0
-277.0,,57.0,-48.0,388.0,156.0,303.0,35.0,795.0,749.0
-285.0,,-21.0,-90.0,383.0,159.0,311.0,-20.0,724.0,849.0
-245.0,,-70.0,-124.0,343.0,255.0,341.0,-242.0,625.0,927.0
-222.0,,-160.0,-97.0,291.0,158.0,337.0,72.0,541.0,954.0
-225.0,,-199.0,-55.0,245.0,132.0,311.0,-158.0,459.0,898.0
-205.0,,-225.0,-72.0,220.0,198.0,314.0,197.0,362.0,779.0
-95.0,,-261.0,-102.0,227.0,154.0,315.0,66.0,272.0,590.0
-40.0,,-250.0,-145.0,239.0,123.0,292.0,16.0,178.0,363.0
-36.0,,-235.0,-166.0,213.0,119.0,296.0,114.0,82.0,148.0
28.0,,-202.0,-156.0,145.0,122.0,283.0,-190.0,9.0,-45.0
78.0,,-171.0,-189.0,59.0,208.0,235.0,107.0,-49.0,-213.0
127.0,,-145.0,-189.0,-2.0,177.0,205.0,-157.0,-95.0,-343.0
136.0,,-116.0,-174.0,-15.0,73.0,203.0,33.0,-146.0,-440.0
168.0,,-116.0,-173.0,17.0,139.0,186.0,12.0,-226.0,-490.0
186.0,,-134.0,-106.0,64.0,124.0,152.0,-120.0,-286.0,-523.0
175.0,,-141.0,5.0,104.0,98.0,131.0,153.0,-315.0,-519.0
217.0,,-158.0,106.0,151.0,32.0,124.0,-219.0,-340.0,-463.0
221.0,,-207.0,167.0,202.0,-32.0,130.0,25.0,-336.0,-392.0
215.0,,-230.0,200.0,255.0,43.0,143.0,-158.0,-317.0,-281.0
214.0,,-273.0,204.0,276.0,63.0,164.0,-112.0,-271.0,-135.0
182.0,,-305.0,207.0,215.0,101.0,214.0,-25.0,-212.0,22.0
174.0,,-302.0,220.0,94.0,50.0,252.0,-328.0,-164.0,180.0
197.0,,-329.0,197.0,-35.0,-58.0,262.0,-24.0,-121.0,341.0
163.0,,-340.0,151.0,-130.0,-110.0,293.0,-365.0,-100.0,515.0
91.0,,-317.0,129.0,-175.0,-82.0,316.0,-138.0,-77.0,682.0
69.0,,-308.0,131.0,-177.0,-83.0,329.0,-166.0,-45.0,822.0
77.0,,-286.0,155.0,-143.0,-112.0,318.0,-254.0,-16.0,931.0
40.0,,-239.0,219.0,-90.0,-85.0,306.0,-27.0,13.0,1024.0
10.0,,-193.0,310.0,-37.0,-156.0,341.0,-389.0,46.0,1094.0
46.0,,-125.0,418.0,20.0,-150.0,344.0,-84.0,69.0,1180.0
57.0,,-88.0,545.0,99.0,-129.0,322.0,-312.0,62.0,1288.0
63.0,,-41.0,696.0,180.0,-81.0,326.0,-229.0,40.0,1361.0
79.0,,17.0,804.0,218.0,-39.0,335.0,-133.0,-9.0,1422.0
84.0,,40.0,853.0,189.0,-107.0,346.0,-306.0,-84.0,1454.0
104.0,,70.0,885.0,103.0,-86.0,381.0,29.0,-172.0,1417.0
141.0,,94.0,868.0,-12.0,-114.0,405.0,-282.0,-274.0,1338.0
158.0,,74.0,805.0,-143.0,-98.0,419.0,-86.0,-382.0,1224.0
181.0,,50.0,675.0,-282.0,-26.0,422.0,-258.0,-483.0,1067.0
257.0,,29.0,545.0,-394.0,-6.0,423.0,-347.0,-564.0,871.0
304.0,,-17.0,449.0,-433.0,65.0,432.0,-112.0,-611.0,673.0
297.0,,-35.0,333.0,-386.0,98.0,421.0,-306.0,-624.0,488.0
317.0,,-67.0,219.0,-268.0,60.0,431.0,79.0,-594.0,330.0
362.0,,-75.0,114.0,-122.0,66.0,437.0,-181.0,-516.0,239.0
343.0,,-81.0,53.0,-16.0,152.0,423.0,-125.0,-423.0,206.0
289.0,,-109.0,65.0,-14.0,134.0,396.0,-186.0,-322.0,246.0
243.0,,-78.0,135.0,-99.0,83.0,372.0,-448.0,-187.0,353.0
179.0,,-95.0,202.0,-212.0,104.0,371.0,-201.0,-51.0,490.0
121.0,,-112.0,290.0,-303.0,83.0,353.0,-460.0,77.0,639.0
98.0,,-102.0,387.0,-358.0,179.0,341.0,-75.0,212.0,774.0
85.0,,-107.0,460.0,-382.0,220.0,322.0,-179.0,325.0,854.0
100.0,,-89.0,595.0,-346.0,206.0,299.0,-229.0,410.0,858.0
143.0,,-60.0,681.0,-220.0,376.0,338.0,-145.0,474.0,790.0
157.0,,-62.0,738.0,-32.0,310.0,372.0,-498.0,490.0,680.0
182.0,,-48.0,807.0,141.0,187.0,364.0,-194.0,464.0,566.0
227.0,,-60.0,806.0,262.0,254.0,373.0,-432.0,413.0,459.0
262.0,,-92.0,788.0,342.0,268.0,427.0,-168.0,332.0,398.0
261.0,,-96.0,766.0,369.0,359.0,457.0,-96.0,241.0,383.0
273.0,,-148.0,745.0,302.0,284.0,439.0,-203.0,145.0,400.0
317.0,,-169.0,714.0,152.0,250.0,441.0,55.0,39.0,452.0
318.0,,-214.0,667.0,-28.0,420.0,439.0,-306.0,-56.0,486.0
311.0,,-246.0,589.0,-200.0,388.0,459.0,-44.0,-135.0,501.0
301.0,,-250.0,452.0,-349.0,416.0,480.0,-208.0,-202.0,481.0
233.0,,-295.0,309.0,-455.0,402.0,474.0,-120.0,-248.0,437.0
146.0,,-293.0,208.0,-506.0,281.0,474.0,70.0,-286.0,344.0
101.0,,-290.0,137.0,-522.0,342.0,483.0,-164.0,-324.0,200.0
24.0,,-250.0,57.0,-537.0,345.0,504.0,105.0,-344.0,37.0
-54.0,,-218.0,-33.0,-556.0,291.0,505.0,-269.0,-343.0,-170.0
-53.0,,-175.0,-110.0,-556.0,367.0,519.0,-123.0,-314.0,-332.0
-98.0,,-113.0,-186.0,-511.0,426.0,532.0,-131.0,-281.0,-436.0
-173.0,,-73.0,-255.0,-394.0,412.0,540.0,-186.0,-237.0,-473.0
-192.0,,-37.0,-293.0,-213.0,430.0,531.0,77.0,-183.0,-430.0
-221.0,,-17.0,-306.0,-7.0,417.0,525.0,-203.0,-143.0,-327.0
-252.0,,24.0,-307.0,166.0,443.0,553.0,145.0,-82.0,-132.0
-206.0,,0.0,-322.0,276.0,494.0,535.0,-57.0,-21.0,106.0
-136.0,,-14.0,-298.0,324.0,423.0,521.0,-12.0,28.0,392.0
-128.0,,-54.0,-292.0,301.0,419.0,522.0,72.0,74.0,682.0
-39.0,,-155.0,-287.0,226.0,425.0,521.0,-203.0,102.0,965.0
94.0,,-199.0,-193.0,145.0,438.0,536.0,105.0,133.0,1219.0
134.0,,-300.0,-99.0,103.0,532.0,522.0,-194.0,149.0,1399.0
143.0,,-412.0,-16.0,134.0,419.0,520.0,11.0,168.0,1526.0
173.0,,-472.0,58.0,222.0,368.0,557.0,-84.0,202.0,1558.0
243.0,,-549.0,137.0,317.0,438.0,608.0,-192.0,244.0,1527.0
269.0,,-622.0,238.0,361.0,390.0,616.0,36.0,284.0,1418.0
292.0,,-643.0,252.0,335.0,420.0,619.0,-282.0,283.0,1246.0
319.0,,-707.0,209.0,278.0,377.0,660.0,1.0,270.0,1061.0
328.0,,-746.0,173.0,234.0,336.0,664.0,-232.0,232.0,841.0
360.0,,-734.0,86.0,245.0,366.0,642.0,-153.0,173.0,624.0
323.0,,-780.0,-12.0,331.0,321.0,623.0,-110.0,118.0,423.0
293.0,,-746.0,-121.0,458.0,317.0,602.0,-343.0,68.0,278.0
291.0,,-722.0,-237.0,536.0,240.0,578.0,-99.0,56.0,179.0
257.0,,-724.0,-278.0,512.0,215.0,546.0,-439.0,76.0,133.0
139.0,,-680.0,-307.0,390.0,254.0,504.0,-153.0,137.0,153.0
15.0,,-642.0,-344.0,191.0,189.0,448.0,-173.0,221.0,212.0
-8.0,,-590.0,-311.0,-37.0,227.0,426.0,-123.0,303.0,325.0
-77.0,,-536.0,-262.0,-254.0,267.0,440.0,68.0,377.0,411.0
-169.0,,-464.0,-204.0,-406.0,215.0,467.0,-242.0,430.0,471.0
-189.0,,-403.0,-112.0,-454.0,195.0,483.0,35.0,462.0,478.0
-229.0,,-346.0,-48.0,-401.0,102.0,491.0,-279.0,470.0,421.0
-267.0,,-267.0,20.0,-279.0,33.0,509.0,-173.0,467.0,363.0
-248.0,,-180.0,120.0,-166.0,58.0,492.0,-192.0,453.0,273.0
-295.0,,-116.0,210.0,-108.0,55.0,499.0,-388.0,436.0,231.0
-319.0,,-43.0,290.0,-52.0,64.0,519.0,-109.0,432.0,224.0
-268.0,,32.0,386.0,67.0,46.0,498.0,-458.0,438.0,246.0
-271.0,,67.0,480.0,243.0,3.0,504.0,-240.0,457.0,315.0
-222.0,,118.0,545.0,415.0,-6.0,515.0,-430.0,478.0,394.0
-131.0,,169.0,562.0,513.0,-21.0,528.0,-415.0,490.0,475.0
-99.0,,190.0,506.0,540.0,-52.0,553.0,-210.0,498.0,531.0
-90.0,,192.0,435.0,535.0,-27.0,546.0,-424.0,505.0,573.0
-6.0,,183.0,352.0,492.0,-56.0,552.0,-38.0,521.0,584.0
79.0,,122.0,248.0,381.0,-168.0,558.0,-264.0,535.0,602.0
83.0,,83.0,118.0,194.0,-210.0,531.0,-79.0,557.0,595.0
101.0,,30.0,-30.0,-24.0,-262.0,488.0,-160.0,584.0,563.0
93.0,,-74.0,-163.0,-216.0,-232.0,440.0,-308.0,590.0,548.0
126.0,,-156.0,-242.0,-337.0,-230.0,420.0,-9.0,582.0,495.0
134.0,,-286.0,-259.0,-371.0,-286.0,390.0,-291.0,560.0,426.0
101.0,,-376.0,-246.0,-345.0,-294.0,357.0,20.0,531.0,318.0
112.0,,-481.0,-152.0,-308.0,-368.0,381.0,-194.0,496.0,205.0
100.0,,-556.0,-1.0,-284.0,-316.0,433.0,-166.0,463.0,140.0
115.0,,-567.0,165.0,-238.0,-248.0,445.0,-60.0,428.0,112.0
59.0,,-640.0,360.0,-152.0,-272.0,441.0,-295.0,364.0,110.0
-8.0,,-620.0,557.0,-79.0,-320.0,496.0,-16.0,301.0,127.0
-22.0,,-612.0,735.0,-76.0,-353.0,529.0,-334.0,250.0,165.0
-40.0,,-602.0,887.0,-129.0,-338.0,532.0,-68.0,221.0,194.0
-75.0,,-515.0,1041.0,-145.0,-358.0,537.0,-79.0,225.0,215.0
-108.0,,-461.0,1112.0,-82.0,-265.0,543.0,-134.0,236.0,212.0
-49.0,,-383.0,1099.0,20.0,-205.0,575.0,105.0,252.0,191.0
-30.0,,-303.0,1088.0,95.0,-218.0,570.0,-206.0,278.0,154.0
-66.0,,-252.0,1044.0,124.0,-251.0,550.0,73.0,293.0,78.0
-79.0,,-197.0,975.0,163.0,-313.0,527.0,-134.0,271.0,-17.0
-81.0,,-134.0,896.0,256.0,-246.0,510.0,22.0,223.0,-114.0
-7.0,,-110.0,781.0,376.0,-335.0,536.0,160.0,148.0,-165.0
59.0,,-76.0,629.0,451.0,-425.0,520.0,-81.0,52.0,-132.0
37.0,,-70.0,476.0,445.0,-425.0,470.0,199.0,-37.0,-38.0
59.0,,-108.0,310.0,369.0,-477.0,462.0,-99.0,-115.0,66.0
134.0,,-116.0,159.0,254.0,-508.0,495.0,105.0,-178.0,182.0
152.0,,-184.0,91.0,114.0,-582.0,523.0,-46.0,-231.0,285.0
126.0,,-246.0,54.0,-46.0,-534.0,487.0,-182.0,-276.0,337.0
93.0,,-290.0,38.0,-216.0,-548.0,458.0,29.0,-298.0,354.0
43.0,,-375.0,57.0,-367.0,-590.0,463.0,-271.0,-292.0,364.0
-24.0,,-427.0,94.0,-472.0,-633.0,480.0,24.0,-254.0,400.0
-76.0,,-474.0,147.0,-513.0,-757.0,501.0,-179.0,-167.0,486.0
-126.0,,-518.0,214.0,-478.0,-669.0,509.0,-42.0,-54.0,615.0
-158.0,,-541.0,259.0,-401.0,-674.0,501.0,59.0,74.0,770.0
-130.0,,-549.0,318.0,-348.0,-792.0,487.0,-92.0,211.0,939.0
-109.0,,-568.0,413.0,-361.0,-761.0,522.0,175.0,321.0,1082.0
-106.0,,-559.0,478.0,-410.0,-740.0,515.0,-153.0,399.0,1216.0
-97.0,,-539.0,524.0,-384.0,-763.0,487.0,92.0,443.0,1351.0
-59.0,,-523.0,574.0,-212.0,-807.0,497.0,-42.0,448.0,1460.0
7.0,,-473.0,578.0,52.0,-849.0,477.0,-55.0,430.0,1504.0
48.0,,-481.0,501.0,255.0,-767.0,455.0,121.0,402.0,1456.0
113.0,,-421.0,429.0,284.0,-724.0,402.0,-168.0,364.0,1337.0
174.0,,-396.0,378.0,173.0,-825.0,343.0,133.0,339.0,1115.0
187.0,,-414.0,330.0,21.0,-898.0,304.0,-173.0,307.0,823.0
232.0,,-338.0,250.0,-131.0,-895.0,261.0,-90.0,260.0,484.0
187.0,,-350.0,152.0,-284.0,-841.0,266.0,-109.0,219.0,105.0
109.0,,-343.0,67.0,-395.0,-911.0,280.0,-242.0,158.0,-272.0
121.0,,-315.0,-75.0,-408.0,-988.0,244.0,64.0,96.0,-663.0
107.0,,-343.0,-205.0,-334.0,-964.0,219.0,-205.0,66.0,-1001.0
74.0,,-337.0,-270.0,-235.0,-967.0,246.0,105.0,76.0,-1227.0
55.0,,-382.0,-294.0,-161.0,-964.0,289.0,1.0,116.0,-1336.0
126.0,,-418.0,-268.0,-115.0,-998.0,293.0,83.0,162.0,-1344.0
163.0,,-436.0,-228.0,-58.0,-987.0,297.0,271.0,236.0,-1295.0
159.0,,-496.0,-190.0,53.0,-945.0,325.0,38.0,310.0,-1218.0
268.0,,-499.0,-129.0,210.0,-992.0,314.0,367.0,384.0,-1135.0
279.0,,-513.0,-103.0,351.0,-1047.0,285.0,86.0,470.0,-1032.0
262.0,,-557.0,-122.0,394.0,-1023.0,277.0,249.0,527.0,-927.0
301.0,,-526.0,-134.0,283.0,-1041.0,272.0,269.0,574.0,-822.0
329.0,,-523.0,-139.0,67.0,-1105.0,266.0,168.0,597.0,-699.0
362.0,,-507.0,-124.0,-146.0,-1085.0,271.0,400.0,580.0,-556.0
361.0,,-440.0,-138.0,-258.0,-1121.0,285.0,66.0,537.0,-401.0
367.0,,-422.0,-132.0,-207.0,-1108.0,305.0,277.0,466.0,-258.0
352.0,,-368.0,-79.0,-22.0,-1060.0,337.0,81.0,382.0,-116.0
355.0,,-322.0,-20.0,176.0,-1143.0,341.0,218.0,279.0,-11.0
333.0,,-304.0,64.0,268.0,-1056.0,302.0,410.0,177.0,64.0
257.0,,-238.0,141.0,216.0,-984.0,309.0,230.0,104.0,131.0
240.0,,-222.0,200.0,77.0,-1117.0,336.0,556.0,89.0,186.0
240.0,,-208.0,262.0,-34.0,-1089.0,316.0,271.0,137.0,219.0
244.0,,-179.0,347.0,-12.0,-1046.0,313.0,513.0,227.0,230.0
227.0,,-191.0,394.0,122.0,-1114.0,324.0,452.0,332.0,220.0
238.0,,-184.0,401.0,253.0,-1108.0,332.0,369.0,439.0,147.0
308.0,,-184.0,429.0,285.0,-1101.0,340.0,578.0,548.0,22.0
330.0,,-172.0,413.0,212.0,-1070.0,353.0,245.0,637.0,-166.0
393.0,,-164.0,323.0,116.0,-957.0,383.0,558.0,715.0,-406.0
402.0,,-149.0,212.0,62.0,-1012.0,385.0,330.0,764.0,-638.0
384.0,,-116.0,89.0,52.0,-1089.0,347.0,452.0,779.0,-825.0
448.0,,-112.0,-16.0,65.0,-955.0,313.0,533.0,767.0,-932.0
452.0,,-91.0,-51.0,49.0,-900.0,295.0,258.0,720.0,-946.0
428.0,,-87.0,-76.0,-24.0,-930.0,280.0,546.0,662.0,-893.0
435.0,,-76.0,-102.0,-114.0,-959.0,269.0,293.0,595.0,-794.0
454.0,,-90.0,-131.0,-128.0,-980.0,260.0,667.0,524.0,-646.0
394.0,,-132.0,-99.0,-15.0,-951.0,247.0,676.0,436.0,-435.0
351.0,,-166.0,-5.0,189.0,-971.0,264.0,626.0,356.0,-182.0
367.0,,-243.0,31.0,408.0,-914.0,299.0,768.0,299.0,59.0
321.0,,-301.0,114.0,540.0,-802.0,301.0,410.0,248.0,265.0
269.0,,-352.0,242.0,492.0,-824.0,324.0,722.0,223.0,408.0
233.0,,-405.0,316.0,286.0,-844.0,356.0,471.0,210.0,503.0
183.0,,-429.0,389.0,82.0,-851.0,370.0,594.0,200.0,573.0
160.0,,-443.0,504.0,23.0,-830.0,419.0,641.0,193.0,613.0
155.0,,-439.0,607.0,127.0,-701.0,459.0,436.0,185.0,647.0
113.0,,-431.0,711.0,321.0,-683.0,442.0,739.0,170.0,664.0
114.0,,-397.0,825.0,506.0,-759.0,423.0,423.0,139.0,626.0
152.0,,-344.0,898.0,586.0,-740.0,430.0,685.0,87.0,521.0
158.0,,-286.0,972.0,502.0,-646.0,409.0,567.0,31.0,365.0
183.0,,-215.0,1077.0,295.0,-596.0,361.0,578.0,-20.0,170.0
247.0,,-147.0,1197.0,110.0,-573.0,341.0,763.0,-60.0,-85.0
332.0,,-90.0,1245.0,52.0,-520.0,330.0,506.0,-68.0,-337.0
368.0,,-29.0,1219.0,81.0,-540.0,310.0,881.0,-58.0,-537.0
376.0,,5.0,1193.0,68.0,-554.0,302.0,607.0,-26.0,-713.0
415.0,,27.0,1126.0,-54.0,-515.0,322.0,766.0,39.0,-877.0
364.0,,44.0,1034.0,-235.0,-487.0,329.0,742.0,111.0,-1021.0
274.0,,33.0,916.0,-374.0,-432.0,300.0,574.0,179.0,-1099.0
213.0,,24.0,767.0,-410.0,-426.0,312.0,903.0,231.0,-1105.0
124.0,,11.0,611.0,-356.0,-493.0,363.0,617.0,242.0,-1043.0
44.0,,-9.0,425.0,-305.0,-517.0,378.0,896.0,215.0,-940.0
-58.0,,-16.0,287.0,-353.0,-423.0,348.0,705.0,146.0,-816.0
-189.0,,-15.0,173.0,-492.0,-397.0,355.0,720.0,53.0,-659.0
-316.0,,-40.0,35.0,-594.0,-431.0,388.0,833.0,-36.0,-483.0
-389.0,,-44.0,-56.0,-547.0,-357.0,388.0,582.0,-107.0,-300.0
-516.0,,-38.0,-114.0,-391.0,-370.0,383.0,925.0,-122.0,-153.0
-685.0,,-58.0,-131.0,-256.0,-388.0,364.0,631.0,-100.0,-78.0
-735.0,,-24.0,-122.0,-216.0,-295.0,344.0,844.0,-90.0,-53.0
-817.0,,-16.0,-99.0,-242.0,-208.0,318.0,787.0,-99.0,-86.0
-888.0,,-22.0,-6.0,-274.0,-164.0,301.0,672.0,-119.0,-181.0
-904.0,,20.0,113.0,-281.0,-160.0,283.0,971.0,-152.0,-308.0
-918.0,,39.0,241.0,-249.0,-154.0,233.0,707.0,-193.0,-446.0
-869.0,,75.0,338.0,-187.0,-119.0,211.0,1053.0,-220.0,-554.0
-828.0,,119.0,366.0,-105.0,-89.0,169.0,844.0,-221.0,-605.0
-769.0,,160.0,403.0,-13.0,-144.0,121.0,912.0,-189.0,-574.0
-700.0,,191.0,377.0,60.0,-105.0,114.0,1006.0,-141.0,-478.0
-668.0,,206.0,251.0,91.0,-25.0,112.0,759.0,-103.0,-352.0
-636.0,,222.0,138.0,59.0,-38.0,113.0,1128.0,-81.0,-194.0
-603.0,,206.0,41.0,-5.0,10.0,72.0,888.0,-70.0,17.0
-553.0,,205.0,-82.0,-46.0,27.0,45.0,1140.0,-49.0,291.0
-514.0,,173.0,-189.0,-14.0,46.0,109.0,1055.0,0.0,588.0
-478.0,,185.0,-250.0,97.0,166.0,151.0,951.0,92.0,865.0
-451.0,,204.0,-296.0,235.0,158.0,143.0,1152.0,216.0,1061.0
-427.0,,201.0,-328.0,321.0,65.0,150.0,868.0,343.0,1155.0
-410.0,,260.0,-312.0,304.0,95.0,177.0,1210.0,439.0,1122.0
-448.0,,236.0,-262.0,211.0,169.0,186.0,1005.0,487.0,1009.0
-460.0,,252.0,-208.0,118.0,214.0,176.0,1130.0,478.0,860.0
-428.0,,252.0,-143.0,48.0,191.0,190.0,1191.0,403.0,668.0
-413.0,,237.0,-80.0,-33.0,178.0,202.0,981.0,304.0,467.0
-408.0,,292.0,20.0,-157.0,204.0,205.0,1263.0,181.0,253.0
-386.0,,307.0,114.0,-301.0,221.0,219.0,946.0,60.0,22.0
-348.0,,339.0,155.0,-400.0,223.0,223.0,1178.0,-21.0,-241.0
-301.0,,360.0,193.0,-399.0,277.0,218.0,1056.0,-61.0,-510.0
-199.0,,377.0,178.0,-324.0,359.0,212.0,1021.0,-45.0,-758.0
-92.0,,373.0,117.0,-246.0,332.0,205.0,1247.0,-4.0,-956.0
2.0,,365.0,51.0,-184.0,342.0,195.0,1040.0,25.0,-1093.0
100.0,,346.0,-22.0,-99.0,370.0,177.0,1402.0,30.0,-1212.0
170.0,,294.0,-79.0,31.0,356.0,161.0,1191.0,19.0,-1278.0
216.0,,236.0,-135.0,181.0,291.0,153.0,1324.0,-5.0,-1312.0
229.0,,152.0,-171.0,263.0,239.0,153.0,1284.0,-33.0,-1332.0
266.0,,66.0,-159.0,213.0,298.0,170.0,1069.0,-25.0,-1326.0
303.0,,-37.0,-121.0,65.0,372.0,193.0,1361.0,32.0,-1310.0
330.0,,-121.0,-74.0,-94.0,392.0,213.0,1073.0,136.0,-1298.0
360.0,,-205.0,-4.0,-186.0,349.0,225.0,1348.0,259.0,-1325.0
367.0,,-293.0,88.0,-203.0,364.0,243.0,1182.0,374.0,-1361.0
390.0,,-343.0,168.0,-173.0,421.0,232.0,1141.0,475.0,-1417.0
396.0,,-409.0,219.0,-128.0,455.0,188.0,1278.0,555.0,-1463.0
392.0,,-467.0,189.0,-94.0,389.0,177.0,970.0,581.0,-1472.0
353.0,,-487.0,88.0,-104.0,340.0,174.0,1300.0,556.0,-1475.0
359.0,,-505.0,-11.0,-169.0,406.0,159.0,1097.0,485.0,-1434.0
396.0,,-493.0,-81.0,-244.0,414.0,143.0,1339.0,376.0,-1366.0
354.0,,-436.0,-133.0,-262.0,351.0,144.0,1378.0,252.0,-1285.0
318.0,,-379.0,-220.0,-166.0,319.0,155.0,1252.0,137.0,-1209.0
285.0,,-300.0,-340.0,8.0,375.0,143.0,1540.0,67.0,-1110.0
241.0,,-206.0,-460.0,163.0,411.0,135.0,1206.0,28.0,-1031.0
213.0,,-135.0,-573.0,209.0,406.0,137.0,1422.0,36.0,-960.0
172.0,,-31.0,-650.0,134.0,370.0,157.0,1156.0,57.0,-816.0
133.0,,35.0,-681.0,15.0,325.0,209.0,1086.0,30.0,-699.0
162.0,,98.0,-693.0,-63.0,270.0,255.0,1210.0,-10.0,-569.0
180.0,,194.0,-680.0,-61.0,215.0,267.0,1019.0,-51.0,-434.0
144.0,,221.0,-640.0,5.0,199.0,306.0,1396.0,-68.0,-336.0
129.0,,270.0,-563.0,125.0,211.0,359.0,1119.0,-49.0,-248.0
161.0,,319.0,-388.0,290.0,275.0,361.0,1239.0,-23.0,-199.0
202.0,,317.0,-168.0,460.0,280.0,381.0,1143.0,5.0,-202.0
185.0,,338.0,7.0,551.0,301.0,416.0,1019.0,32.0,-241.0
204.0,,354.0,185.0,519.0,306.0,436.0,1291.0,34.0,-293.0
234.0,,349.0,376.0,394.0,224.0,458.0,1019.0,1.0,-366.0
230.0,,383.0,522.0,231.0,235.0,449.0,1354.0,-46.0,-419.0
225.0,,423.0,623.0,88.0,290.0,466.0,1204.0,-91.0,-475.0
215.0,,441.0,664.0,1.0,291.0,478.0,1291.0,-123.0,-602.0
231.0,,491.0,702.0,-16.0,217.0,457.0,1439.0,-141.0,-767.0
240.0,,516.0,747.0,12.0,79.0,479.0,1193.0,-158.0,-900.0
256.0,,547.0,729.0,43.0,81.0,484.0,1444.0,-190.0,-1019.0
221.0,,592.0,671.0,39.0,200.0,485.0,1132.0,-247.0,-1137.0
148.0,,602.0,560.0,-27.0,204.0,499.0,1287.0,-330.0,-1254.0
80.0,,642.0,438.0,-137.0,133.0,504.0,1189.0,-444.0,-1391.0
-8.0,,662.0,316.0,-236.0,33.0,496.0,1101.0,-574.0,-1501.0
-81.0,,694.0,153.0,-277.0,85.0,485.0,1328.0,-691.0,-1544.0
-156.0,,734.0,-14.0,-236.0,177.0,514.0,1064.0,-807.0,-1482.0
-259.0,,729.0,-187.0,-103.0,67.0,503.0,1359.0,-912.0,-1329.0
-408.0,,744.0,-346.0,78.0,65.0,462.0,1093.0,-982.0,-1141.0
-507.0,,750.0,-428.0,192.0,181.0,467.0,1145.0,-1025.0,-971.0
-568.0,,732.0,-435.0,162.0,245.0,467.0,1241.0,-1032.0,-855.0
-638.0,,735.0,-406.0,17.0,179.0,450.0,1038.0,-987.0,-763.0
-719.0,,728.0,-359.0,-162.0,100.0,473.0,1339.0,-887.0,-692.0
-795.0,,695.0,-318.0,-313.0,156.0,523.0,1062.0,-723.0,-584.0
-759.0,,686.0,-274.0,-406.0,196.0,540.0,1302.0,-545.0,-388.0
-703.0,,662.0,-192.0,-411.0,202.0,546.0,1193.0,-403.0,-158.0
-648.0,,613.0,-93.0,-333.0,148.0,542.0,1099.0,-316.0,36.0
-630.0,,580.0,13.0,-228.0,170.0,537.0,1260.0,-273.0,143.0
-597.0,,534.0,127.0,-145.0,254.0,519.0,899.0,-237.0,189.0
-506.0,,478.0,227.0,-94.0,202.0,475.0,1140.0,-196.0,188.0
-502.0,,422.0,338.0,-65.0,133.0,476.0,825.0,-141.0,157.0
-464.0,,379.0,419.0,-37.0,146.0,472.0,896.0,-73.0,146.0
-394.0,,333.0,452.0,16.0,230.0,439.0,920.0,-18.0,73.0
-327.0,,301.0,448.0,94.0,245.0,407.0,676.0,2.0,-65.0
-318.0,,262.0,422.0,180.0,220.0,381.0,968.0,-5.0,-241.0
-374.0,,202.0,414.0,270.0,256.0,387.0,689.0,-38.0,-406.0
-382.0,,183.0,381.0,357.0,283.0,395.0,981.0,-73.0,-501.0
-382.0,,138.0,312.0,386.0,265.0,403.0,861.0,-82.0,-555.0
-327.0,,97.0,221.0,304.0,242.0,400.0,798.0,-79.0,-572.0
-310.0,,107.0,121.0,121.0,281.0,402.0,975.0,-69.0,-589.0
-314.0,,125.0,79.0,-93.0,331.0,427.0,683.0,-40.0,-608.0
-160.0,,119.0,39.0,-259.0,347.0,438.0,1071.0,-4.0,-641.0
-67.0,,154.0,-36.0,-332.0,280.0,447.0,825.0,22.0,-635.0
-38.0,,215.0,-93.0,-320.0,262.0,454.0,859.0,61.0,-531.0
42.0,,216.0,-121.0,-256.0,345.0,435.0,820.0,100.0,-338.0
98.0,,269.0,-117.0,-156.0,308.0,409.0,570.0,119.0,-85.0
217.0,,285.0,-104.0,-46.0,263.0,386.0,820.0,122.0,152.0
273.0,,306.0,-90.0,21.0,239.0,355.0,506.0,106.0,333.0
352.0,,329.0,-44.0,45.0,206.0,307.0,811.0,97.0,392.0
466.0,,298.0,24.0,67.0,252.0,242.0,720.0,86.0,308.0
456.0,,343.0,92.0,104.0,272.0,185.0,663.0,68.0,59.0
481.0,,340.0,145.0,142.0,229.0,143.0,801.0,76.0,-270.0
450.0,,328.0,189.0,171.0,181.0,115.0,465.0,78.0,-593.0
426.0,,330.0,213.0,191.0,199.0,90.0,746.0,94.0,-865.0
367.0,,310.0,268.0,203.0,215.0,77.0,458.0,123.0,-1075.0
267.0,,272.0,314.0,188.0,194.0,65.0,576.0,150.0,-1325.0
212.0,,249.0,275.0,138.0,165.0,45.0,644.0,199.0,-1597.0
115.0,,192.0,208.0,50.0,148.0,48.0,491.0,255.0,-1854.0
36.0,,97.0,137.0,-52.0,131.0,65.0,757.0,295.0,-2044.0
-94.0,,52.0,61.0,-133.0,61.0,84.0,428.0,304.0,-2080.0
-141.0,,-44.0,-54.0,-178.0,41.0,93.0,659.0,306.0,-1958.0
-163.0,,-78.0,-149.0,-179.0,85.0,89.0,437.0,284.0,-1754.0
-253.0,,-115.0,-188.0,-151.0,181.0,58.0,351.0,233.0,-1556.0
-304.0,,-144.0,-227.0,-104.0,143.0,17.0,489.0,172.0,-1388.0
-347.0,,-101.0,-229.0,-25.0,10.0,27.0,214.0,94.0,-1253.0
-315.0,,-103.0,-223.0,76.0,42.0,50.0,569.0,10.0,-1131.0
-341.0,,-35.0,-236.0,163.0,43.0,66.0,293.0,-83.0,-1009.0
-384.0,,21.0,-244.0,193.0,-3.0,72.0,362.0,-186.0,-900.0
-334.0,,78.0,-204.0,173.0,-4.0,72.0,280.0,-287.0,-822.0
-315.0,,159.0,-152.0,153.0,39.0,95.0,66.0,-399.0,-790.0
-301.0,,198.0,-162.0,161.0,99.0,99.0,341.0,-519.0,-823.0
-323.0,,245.0,-176.0,184.0,64.0,77.0,112.0,-635.0,-900.0
-321.0,,290.0,-139.0,197.0,21.0,57.0,428.0,-726.0,-968.0
-244.0,,321.0,-72.0,152.0,18.0,28.0,284.0,-772.0,-975.0
-221.0,,320.0,-21.0,33.0,6.0,-12.0,286.0,-773.0,-916.0
-266.0,,341.0,-7.0,-105.0,-27.0,-48.0,349.0,-736.0,-835.0
-286.0,,293.0,8.0,-211.0,-54.0,-98.0,0.0,-666.0,-742.0
-222.0,,263.0,14.0,-259.0,-81.0,-169.0,267.0,-579.0,-652.0
-183.0,,252.0,-18.0,-250.0,-90.0,-196.0,-68.0,-482.0,-541.0
-211.0,,176.0,-71.0,-190.0,-100.0,-177.0,75.0,-412.0,-402.0
-176.0,,154.0,-161.0,-105.0,-152.0,-207.0,99.0,-384.0,-261.0
-127.0,,78.0,-209.0,-29.0,-91.0,-235.0,-36.0,-355.0,-133.0
-141.0,,14.0,-269.0,5.0,0.0,-201.0,218.0,-341.0,-74.0
-173.0,,-44.0,-411.0,2.0,-60.0,-191.0,-97.0,-350.0,-93.0
-179.0,,-154.0,-545.0,-17.0,-164.0,-182.0,145.0,-349.0,-158.0
-164.0,,-222.0,-661.0,-59.0,-232.0,-172.0,-51.0,-348.0,-222.0
-154.0,,-266.0,-707.0,-117.0,-225.0,-203.0,1.0,-346.0,-244.0
-169.0,,-335.0,-678.0,-157.0,-110.0,-239.0,177.0,-344.0,-264.0
-206.0,,-354.0,-603.0,-129.0,-128.0,-266.0,-18.0,-360.0,-302.0
-178.0,,-373.0,-538.0,-23.0,-255.0,-277.0,327.0,-375.0,-344.0
-125.0,,-437.0,-460.0,94.0,-238.0,-312.0,7.0,-406.0,-399.0
-150.0,,-427.0,-349.0,135.0,-175.0,-360.0,164.0,-490.0,-422.0
-132.0,,-464.0,-265.0,62.0,-168.0,-399.0,57.0,-588.0,-393.0
-70.0,,-438.0,-162.0,-85.0,-252.0,-412.0,-110.0,-697.0,-366.0
-48.0,,-372.0,-109.0,-222.0,-234.0,-432.0,147.0,-796.0,-348.0
-35.0,,-346.0,-93.0,-294.0,-186.0,-456.0,-142.0,-859.0,-345.0
-17.0,,-235.0,-52.0,-305.0,-293.0,-464.0,99.0,-894.0,-346.0
52.0,,-156.0,-36.0,-288.0,-271.0,-504.0,-171.0,-874.0,-353.0
116.0,,-87.0,-65.0,-263.0,-189.0,-533.0,-103.0,-827.0,-349.0
161.0,,26.0,-73.0,-232.0,-160.0,-554.0,55.0,-766.0,-335.0
196.0,,104.0,-17.0,-201.0,-172.0,-560.0,-88.0,-688.0,-337.0
206.0,,174.0,39.0,-179.0,-227.0,-573.0,242.0,-616.0,-326.0
210.0,,278.0,48.0,-167.0,-245.0,-592.0,-109.0,-563.0,-299.0
193.0,,316.0,14.0,-160.0,-304.0,-564.0,94.0,-533.0,-242.0
153.0,,407.0,-15.0,-139.0,-280.0,-556.0,20.0,-520.0,-160.0
106.0,,491.0,-10.0,-87.0,-222.0,-541.0,-70.0,-505.0,-35.0
96.0,,488.0,31.0,-15.0,-245.0,-530.0,164.0,-466.0,116.0
42.0,,542.0,51.0,60.0,-265.0,-518.0,-134.0,-392.0,274.0
14.0,,542.0,9.0,123.0,-271.0,-492.0,179.0,-274.0,420.0
-7.0,,529.0,-27.0,167.0,-249.0,-495.0,-79.0,-103.0,447.0
-115.0,,507.0,-52.0,164.0,-279.0,-495.0,-27.0,67.0,370.0
-205.0,,453.0,-76.0,82.0,-242.0,-512.0,31.0,160.0,216.0
-295.0,,432.0,-103.0,-46.0,-223.0,-524.0,-238.0,185.0,1.0
-297.0,,369.0,-143.0,-149.0,-235.0,-540.0,59.0,164.0,-220.0
-285.0,,295.0,-148.0,-177.0,-273.0,-568.0,-225.0,107.0,-390.0
-225.0,,231.0,-128.0,-145.0,-421.0,-551.0,36.0,48.0,-500.0
-129.0,,126.0,-129.0,-92.0,-370.0,-509.0,0.0,5.0,-590.0
-87.0,,27.0,-152.0,-41.0,-267.0,-480.0,-38.0,-15.0,-618.0
10.0,,-66.0,-158.0,-1.0,-202.0,-484.0,142.0,-46.0,-603.0
49.0,,-171.0,-141.0,30.0,-207.0,-482.0,-242.0,-101.0,-587.0
61.0,,-216.0,-116.0,66.0,-262.0,-475.0,-22.0,-200.0,-566.0
56.0,,-270.0,-75.0,123.0,-230.0,-490.0,-269.0,-316.0,-550.0
86.0,,-280.0,-72.0,184.0,-219.0,-521.0,-105.0,-417.0,-528.0
112.0,,-238.0,-104.0,205.0,-111.0,-565.0,22.0,-510.0,-472.0
118.0,,-218.0,-120.0,153.0,-230.0,-585.0,-169.0,-563.0,-440.0
176.0,,-146.0,-121.0,40.0,-318.0,-599.0,9.0,-549.0,-446.0
152.0,,-86.0,-131.0,-55.0,-148.0,-617.0,-491.0,-491.0,-445.0
180.0,,-43.0,-196.0,-95.0,-233.0,-624.0,-386.0,-431.0,-473.0
181.0,,-13.0,-219.0,-81.0,-253.0,-642.0,-511.0,-384.0,-477.0
184.0,,-7.0,-190.0,-32.0,-287.0,-651.0,-467.0,-364.0,-437.0
205.0,,-8.0,-203.0,-5.0,-248.0,-629.0,-190.0,-360.0,-346.0
198.0,,0.0,-169.0,-33.0,-187.0,-627.0,-474.0,-370.0,-192.0
275.0,,2.0,-70.0,-90.0,-388.0,-663.0,-216.0,-365.0,-3.0
295.0,,0.0,-9.0,-122.0,-303.0,-639.0,-522.0,-309.0,239.0
380.0,,40.0,27.0,-79.0,-331.0,-619.0,-448.0,-242.0,494.0
451.0,,35.0,76.0,38.0,-326.0,-619.0,-465.0,-171.0,714.0
461.0,,52.0,120.0,191.0,-121.0,-574.0,-659.0,-137.0,876.0
508.0,,80.0,184.0,308.0,-137.0,-566.0,-347.0,-131.0,969.0
515.0,,46.0,264.0,338.0,-161.0,-560.0,-604.0,-102.0,982.0
538.0,,76.0,283.0,290.0,-168.0,-558.0,-284.0,-66.0,938.0
533.0,,82.0,283.0,207.0,-179.0,-572.0,-441.0,-26.0,885.0
539.0,,38.0,330.0,138.0,-327.0,-576.0,-515.0,23.0,814.0
531.0,,65.0,364.0,98.0,-152.0,-565.0,-382.0,67.0,724.0
548.0,,42.0,389.0,96.0,5.0,-518.0,-678.0,85.0,617.0
592.0,,8.0,439.0,124.0,-181.0,-507.0,-304.0,76.0,512.0
521.0,,0.0,492.0,170.0,-169.0,-516.0,-471.0,28.0,418.0
495.0,,-72.0,573.0,226.0,-194.0,-497.0,-267.0,-41.0,352.0
483.0,,-113.0,619.0,267.0,-66.0,-490.0,-256.0,-105.0,348.0
462.0,,-146.0,569.0,252.0,-91.0,-495.0,-443.0,-133.0,401.0
434.0,,-211.0,497.0,166.0,-206.0,-497.0,-216.0,-101.0,467.0
411.0,,-253.0,430.0,39.0,-77.0,-517.0,-561.0,-20.0,490.0
421.0,,-318.0,335.0,-103.0,-119.0,-549.0,-308.0,80.0,452.0
353.0,,-402.0,236.0,-245.0,-95.0,-569.0,-447.0,161.0,341.0
301.0,,-462.0,149.0,-356.0,-174.0,-584.0,-428.0,189.0,144.0
278.0,,-547.0,77.0,-396.0,-198.0,-614.0,-284.0,157.0,-86.0
267.0,,-620.0,41.0,-331.0,-8.0,-679.0,-583.0,73.0,-270.0
277.0,,-662.0,31.0,-175.0,-32.0,-726.0,-310.0,-51.0,-405.0
356.0,,-704.0,32.0,7.0,-139.0,-737.0,-521.0,-176.0,-476.0
397.0,,-721.0,53.0,150.0,-197.0,-782.0,-262.0,-277.0,-478.0
398.0,,-736.0,82.0,246.0,-140.0,-820.0,-243.0,-359.0,-445.0
505.0,,-719.0,101.0,315.0,-62.0,-824.0,-365.0,-443.0,-420.0
554.0,,-693.0,84.0,370.0,-52.0,-850.0,-118.0,-535.0,-403.0
570.0,,-659.0,56.0,425.0,-45.0,-866.0,-497.0,-631.0,-381.0
528.0,,-587.0,74.0,473.0,-91.0,-869.0,-264.0,-748.0,-352.0
489.0,,-509.0,89.0,493.0,-168.0,-886.0,-434.0,-869.0,-280.0
494.0,,-462.0,48.0,470.0,-104.0,-874.0,-406.0,-971.0,-204.0
461.0,,-394.0,20.0,405.0,-5.0,-826.0,-234.0,-1039.0,-157.0
424.0,,-339.0,0.0,305.0,-22.0,-800.0,-480.0,-1055.0,-141.0
334.0,,-343.0,-10.0,193.0,-61.0,-774.0,-221.0,-1007.0,-166.0
305.0,,-291.0,40.0,112.0,-93.0,-756.0,-565.0,-903.0,-220.0
232.0,,-309.0,44.0,79.0,-64.0,-732.0,-406.0,-756.0,-269.0
169.0,,-311.0,31.0,82.0,-52.0,-692.0,-417.0,-564.0,-278.0
215.0,,-257.0,65.0,93.0,-45.0,-685.0,-508.0,-363.0,-233.0
214.0,,-273.0,82.0,88.0,-51.0,-672.0,-212.0,-162.0,-70.0
209.0,,-229.0,75.0,74.0,-85.0,-666.0,-476.0,34.0,174.0
158.0,,-195.0,51.0,86.0,-71.0,-671.0,-168.0,238.0,465.0
151.0,,-192.0,48.0,132.0,-72.0,-657.0,-388.0,424.0,769.0
148.0,,-141.0,3.0,189.0,-108.0,-626.0,-373.0,563.0,999.0
58.0,,-86.0,-41.0,235.0,-98.0,-630.0,-288.0,665.0,1141.0
24.0,,-49.0,-45.0,231.0,-10.0,-651.0,-543.0,727.0,1170.0
51.0,,13.0,-34.0,170.0,-41.0,-627.0,-168.0,759.0,1123.0
71.0,,76.0,61.0,79.0,-11.0,-622.0,-380.0,760.0,980.0
26.0,,149.0,176.0,-18.0,102.0,-618.0,-123.0,723.0,804.0
28.0,,232.0,290.0,-118.0,106.0,-617.0,-197.0,649.0,651.0
63.0,,261.0,357.0,-226.0,120.0,-612.0,-358.0,539.0,526.0
36.0,,343.0,339.0,-331.0,121.0,-594.0,-232.0,396.0,480.0
11.0,,408.0,307.0,-434.0,139.0,-598.0,-633.0,225.0,431.0
-27.0,,423.0,240.0,-537.0,166.0,-590.0,-290.0,55.0,408.0
5.0,,518.0,113.0,-605.0,143.0,-553.0,-406.0,-110.0,384.0
42.0,,545.0,-41.0,-575.0,70.0,-531.0,-266.0,-283.0,347.0
-53.0,,548.0,-215.0,-434.0,79.0,-566.0,-173.0,-415.0,349.0
-111.0,,592.0,-399.0,-212.0,114.0,-595.0,-426.0,-493.0,385.0
-126.0,,539.0,-497.0,25.0,40.0,-595.0,-216.0,-538.0,509.0
-181.0,,520.0,-532.0,222.0,28.0,-585.0,-574.0,-555.0,635.0
-251.0,,488.0,-500.0,357.0,38.0,-593.0,-295.0,-555.0,724.0
-295.0,,419.0,-401.0,404.0,46.0,-605.0,-371.0,-566.0,771.0
-237.0,,387.0,-305.0,366.0,-21.0,-590.0,-389.0,-605.0,737.0
-165.0,,301.0,-201.0,277.0,-91.0,-577.0,-164.0,-650.0,646.0
-214.0,,215.0,-107.0,174.0,56.0,-574.0,-471.0,-692.0,505.0
-244.0,,120.0,-10.0,73.0,66.0,-590.0,-145.0,-706.0,389.0
-252.0,,14.0,54.0,-10.0,-95.0,-584.0,-426.0,-672.0,333.0
-248.0,,-67.0,82.0,-53.0,-159.0,-556.0,-317.0,-605.0,293.0
-213.0,,-137.0,87.0,-74.0,-118.0,-552.0,-218.0,-498.0,265.0
-273.0,,-222.0,37.0,-100.0,25.0,-550.0,-365.0,-380.0,250.0
-211.0,,-291.0,-20.0,-119.0,6.0,-534.0,-68.0,-285.0,275.0
-157.0,,-347.0,-84.0,-95.0,-150.0,-540.0,-386.0,-218.0,340.0
-210.0,,-416.0,-154.0,-26.0,-197.0,-536.0,-218.0,-209.0,406.0
-217.0,,-450.0,-221.0,50.0,-133.0,-497.0,-419.0,-243.0,470.0
-261.0,,-511.0,-312.0,69.0,-77.0,-453.0,-400.0,-299.0,538.0
-256.0,,-533.0,-405.0,-7.0,-256.0,-411.0,-184.0,-374.0,632.0
-314.0,,-525.0,-475.0,-139.0,-348.0,-387.0,-413.0,-434.0,759.0
-339.0,,-549.0,-549.0,-270.0,-246.0,-373.0,-75.0,-497.0,909.0
-322.0,,-490.0,-632.0,-368.0,-227.0,-355.0,-391.0,-568.0,1047.0
-422.0,,-470.0,-678.0,-424.0,-344.0,-308.0,-297.0,-635.0,1111.0
-432.0,,-448.0,-652.0,-449.0,-486.0,-263.0,-308.0,-683.0,1091.0
-442.0,,-354.0,-578.0,-440.0,-392.0,-222.0,-469.0,-675.0,1002.0
-454.0,,-336.0,-499.0,-380.0,-350.0,-182.0,-133.0,-622.0,885.0
-425.0,,-272.0,-375.0,-269.0,-482.0,-144.0,-376.0,-515.0,758.0
-436.0,,-202.0,-171.0,-134.0,-517.0,-85.0,-151.0,-375.0,611.0
-362.0,,-179.0,72.0,0.0,-507.0,-23.0,-421.0,-234.0,503.0
-288.0,,-117.0,325.0,127.0,-538.0,54.0,-533.0,-113.0,475.0
-238.0,,-77.0,560.0,253.0,-541.0,95.0,-441.0,-42.0,501.0
-222.0,,-50.0,753.0,356.0,-496.0,111.0,-683.0,1.0,605.0
-223.0,,-28.0,915.0,405.0,-436.0,132.0,-312.0,47.0,766.0
-93.0,,-32.0,1024.0,394.0,-390.0,153.0,-513.0,126.0,960.0
-11.0,,-49.0,1078.0,338.0,-510.0,170.0,-301.0,233.0,1174.0
-8.0,,-67.0,1059.0,264.0,-522.0,149.0,-286.0,364.0,1364.0
63.0,,-113.0,976.0,205.0,-397.0,101.0,-434.0,496.0,1500.0
132.0,,-164.0,916.0,172.0,-444.0,38.0,-225.0,587.0,1549.0
151.0,,-219.0,840.0,153.0,-522.0,14.0,-545.0,645.0,1546.0
134.0,,-290.0,709.0,113.0,-516.0,-15.0,-254.0,675.0,1519.0
132.0,,-332.0,561.0,40.0,-508.0,-37.0,-400.0,682.0,1507.0
170.0,,-397.0,445.0,-44.0,-508.0,-1.0,-306.0,658.0,1544.0
175.0,,-451.0,420.0,-97.0,-454.0,41.0,-157.0,618.0,1586.0
189.0,,-489.0,435.0,-98.0,-385.0,85.0,-458.0,552.0,1574.0
207.0,,-572.0,443.0,-66.0,-396.0,124.0,-286.0,461.0,1468.0
237.0,,-576.0,479.0,-37.0,-542.0,186.0,-663.0,366.0,1263.0
341.0,,-582.0,579.0,-31.0,-502.0,241.0,-426.0,247.0,999.0
292.0,,-601.0,671.0,-38.0,-465.0,261.0,-341.0,123.0,733.0
255.0,,-540.0,698.0,-33.0,-647.0,296.0,-315.0,18.0,532.0
315.0,,-531.0,715.0,-4.0,-570.0,336.0,-55.0,-67.0,403.0
329.0,,-481.0,726.0,38.0,-536.0,339.0,-358.0,-128.0,283.0
386.0,,-409.0,743.0,86.0,-628.0,321.0,-62.0,-151.0,165.0
393.0,,-389.0,750.0,139.0,-542.0,336.0,-301.0,-126.0,20.0
496.0,,-308.0,705.0,175.0,-351.0,361.0,-223.0,-51.0,-129.0
541.0,,-256.0,660.0,178.0,-246.0,368.0,-125.0,47.0,-218.0
520.0,,-240.0,653.0,162.0,-383.0,388.0,-327.0,158.0,-230.0
564.0,,-193.0,602.0,139.0,-400.0,409.0,16.0,275.0,-157.0
554.0,,-157.0,521.0,109.0,-228.0,398.0,-258.0,373.0,-71.0
639.0,,-143.0,458.0,76.0,-232.0,401.0,20.0,473.0,-18.0
661.0,,-74.0,375.0,51.0,-483.0,427.0,-64.0,566.0,-22.0
654.0,,-66.0,289.0,33.0,-513.0,451.0,-175.0,637.0,-49.0
689.0,,-66.0,202.0,22.0,-302.0,434.0,38.0,709.0,-35.0
678.0,,-13.0,102.0,3.0,-258.0,428.0,-234.0,769.0,90.0
657.0,,-60.0,24.0,-30.0,-329.0,473.0,127.0,809.0,315.0
603.0,,1.0,-38.0,-78.0,-436.0,470.0,-51.0,818.0,578.0
592.0,,36.0,-98.0,-130.0,-238.0,467.0,112.0,794.0,864.0
566.0,,13.0,-157.0,-167.0,11.0,505.0,201.0,739.0,1089.0
506.0,,88.0,-222.0,-173.0,-152.0,546.0,16.0,647.0,1227.0
469.0,,60.0,-258.0,-163.0,-250.0,559.0,343.0,551.0,1300.0
417.0,,53.0,-263.0,-168.0,-150.0,579.0,5.0,464.0,1331.0
362.0,,58.0,-296.0,-200.0,-116.0,608.0,251.0,375.0,1332.0
283.0,,0.0,-345.0,-243.0,-136.0,604.0,169.0,270.0,1327.0
187.0,,-9.0,-414.0,-259.0,-240.0,610.0,140.0,172.0,1300.0
122.0,,-34.0,-537.0,-226.0,-345.0,599.0,336.0,84.0,1231.0
31.0,,-71.0,-604.0,-152.0,-270.0,606.0,16.0,-5.0,1143.0
-62.0,,-54.0,-622.0,-63.0,-183.0,610.0,306.0,-52.0,992.0
-121.0,,-59.0,-670.0,15.0,-239.0,598.0,44.0,-45.0,815.0
-175.0,,-56.0,-676.0,54.0,-309.0,618.0,181.0,14.0,659.0
-222.0,,-23.0,-648.0,57.0,-239.0,593.0,221.0,98.0,522.0
-259.0,,-37.0,-563.0,53.0,-214.0,559.0,99.0,168.0,436.0
-288.0,,-23.0,-442.0,64.0,-277.0,582.0,460.0,230.0,417.0
-343.0,,-10.0,-312.0,105.0,-239.0,606.0,169.0,253.0,411.0
-447.0,,-37.0,-162.0,161.0,-279.0,617.0,454.0,230.0,399.0
-564.0,,-8.0,-21.0,219.0,-367.0,644.0,306.0,175.0,355.0
-627.0,,14.0,114.0,268.0,-365.0,672.0,293.0,114.0,261.0
-660.0,,-1.0,218.0,290.0,-386.0,689.0,482.0,64.0,138.0
-709.0,,51.0,322.0,278.0,-486.0,705.0,240.0,28.0,-26.0
-747.0,,85.0,406.0,242.0,-519.0,747.0,530.0,6.0,-184.0
-739.0,,106.0,464.0,198.0,-527.0,769.0,219.0,-18.0,-328.0
-664.0,,195.0,541.0,149.0,-556.0,755.0,380.0,-47.0,-429.0
-625.0,,218.0,602.0,110.0,-494.0,753.0,291.0,-95.0,-475.0
-606.0,,291.0,655.0,95.0,-504.0,761.0,140.0,-179.0,-512.0
-554.0,,386.0,650.0,98.0,-474.0,754.0,441.0,-297.0,-510.0
-459.0,,411.0,602.0,112.0,-435.0,718.0,120.0,-424.0,-469.0
-368.0,,511.0,605.0,119.0,-549.0,691.0,465.0,-544.0,-389.0
-384.0,,555.0,558.0,110.0,-628.0,660.0,334.0,-656.0,-307.0
-366.0,,580.0,440.0,94.0,-663.0,612.0,382.0,-756.0,-231.0
-289.0,,626.0,304.0,74.0,-615.0,582.0,524.0,-807.0,-138.0
-261.0,,623.0,176.0,44.0,-629.0,551.0,297.0,-812.0,-28.0
-328.0,,655.0,100.0,-1.0,-822.0,523.0,620.0,-790.0,122.0
-413.0,,659.0,-23.0,-55.0,-830.0,487.0,323.0,-707.0,320.0
-439.0,,645.0,-121.0,-97.0,-684.0,461.0,519.0,-567.0,581.0
-550.0,,672.0,-111.0,-106.0,-674.0,475.0,419.0,-388.0,855.0
-649.0,,641.0,-67.0,-85.0,-818.0,495.0,317.0,-187.0,1116.0
-711.0,,618.0,29.0,-38.0,-942.0,503.0,567.0,30.0,1351.0
-800.0,,645.0,147.0,18.0,-899.0,508.0,256.0,240.0,1520.0
-832.0,,593.0,242.0,60.0,-828.0,517.0,630.0,441.0,1634.0
-874.0,,575.0,346.0,68.0,-850.0,540.0,467.0,604.0,1685.0
-941.0,,554.0,491.0,46.0,-910.0,554.0,583.0,694.0,1706.0
-965.0,,467.0,603.0,15.0,-906.0,543.0,696.0,734.0,1677.0
-965.0,,420.0,648.0,-17.0,-940.0,540.0,504.0,715.0,1610.0
-999.0,,349.0,643.0,-57.0,-951.0,523.0,835.0,664.0,1529.0
-977.0,,235.0,600.0,-92.0,-945.0,506.0,535.0,574.0,1411.0
-937.0,,141.0,507.0,-92.0,-1047.0,516.0,790.0,457.0,1287.0
-983.0,,21.0,339.0,-45.0,-1006.0,537.0,698.0,333.0,1160.0
-965.0,,-114.0,168.0,43.0,-924.0,533.0,691.0,195.0,1064.0
-887.0,,-195.0,-16.0,134.0,-914.0,539.0,918.0,69.0,1025.0
-829.0,,-342.0,-200.0,185.0,-985.0,592.0,589.0,-40.0,1049.0
-773.0,,-407.0,-340.0,194.0,-1135.0,635.0,896.0,-110.0,1122.0
-722.0,,-461.0,-444.0,172.0,-1140.0,648.0,600.0,-156.0,1202.0
-646.0,,-559.0,-480.0,139.0,-1017.0,647.0,672.0,-197.0,1256.0
-524.0,,-539.0,-439.0,89.0,-974.0,671.0,678.0,-221.0,1255.0
-480.0,,-598.0,-348.0,10.0,-1107.0,678.0,509.0,-240.0,1197.0
-490.0,,-621.0,-216.0,-71.0,-1073.0,679.0,840.0,-237.0,1123.0
-387.0,,-612.0,-69.0,-130.0,-951.0,713.0,556.0,-227.0,1025.0
-312.0,,-636.0,100.0,-135.0,-993.0,746.0,849.0,-218.0,909.0
-271.0,,-612.0,301.0,-95.0,-1012.0,768.0,709.0,-220.0,808.0
-260.0,,-567.0,456.0,-34.0,-992.0,803.0,753.0,-223.0,676.0
-284.0,,-569.0,602.0,15.0,-907.0,833.0,962.0,-199.0,557.0
-236.0,,-545.0,753.0,11.0,-932.0,841.0,685.0,-177.0,481.0
-244.0,,-487.0,859.0,-44.0,-1042.0,910.0,1008.0,-147.0,458.0
-279.0,,-518.0,980.0,-114.0,-980.0,958.0,698.0,-97.0,511.0
-297.0,,-472.0,1067.0,-156.0,-899.0,951.0,816.0,-50.0,597.0
-254.0,,-467.0,1115.0,-161.0,-950.0,966.0,777.0,-6.0,667.0
-214.0,,-459.0,1171.0,-145.0,-1010.0,964.0,607.0,45.0,693.0
-263.0,,-401.0,1175.0,-117.0,-948.0,978.0,873.0,94.0,684.0
-292.0,,-424.0,1162.0,-82.0,-920.0,1002.0,580.0,121.0,646.0
-326.0,,-383.0,1130.0,-45.0,-936.0,1030.0,872.0,125.0,602.0
-313.0,,-374.0,1026.0,-15.0,-966.0,1039.0,720.0,92.0,564.0
-343.0,,-371.0,858.0,13.0,-947.0,1050.0,848.0,-6.0,541.0
-367.0,,-330.0,673.0,48.0,-872.0,1090.0,1084.0,-145.0,535.0
-257.0,,-321.0,478.0,79.0,-935.0,1104.0,853.0,-292.0,519.0
-215.0,,-270.0,210.0,96.0,-1005.0,1131.0,1191.0,-433.0,474.0
-200.0,,-238.0,-62.0,84.0,-924.0,1112.0,912.0,-541.0,399.0
-173.0,,-204.0,-313.0,37.0,-796.0,1066.0,1045.0,-617.0,306.0
-140.0,,-149.0,-542.0,-26.0,-859.0,1038.0,971.0,-663.0,183.0
-84.0,,-123.0,-686.0,-76.0,-936.0,998.0,844.0,-671.0,55.0
12.0,,-100.0,-740.0,-87.0,-878.0,984.0,1027.0,-645.0,-67.0
96.0,,-90.0,-705.0,-64.0,-901.0,952.0,657.0,-581.0,-204.0
91.0,,-63.0,-605.0,-46.0,-940.0,908.0,909.0,-502.0,-333.0
171.0,,-17.0,-435.0,-69.0,-987.0,901.0,665.0,-401.0,-456.0
251.0,,5.0,-259.0,-141.0,-939.0,918.0,744.0,-283.0,-550.0
280.0,,27.0,-130.0,-242.0,-880.0,931.0,864.0,-147.0,-569.0
330.0,,48.0,30.0,-354.0,-949.0,920.0,661.0,13.0,-513.0
338.0,,20.0,190.0,-467.0,-917.0,911.0,999.0,158.0,-394.0
353.0,,0.0,290.0,-547.0,-848.0,920.0,718.0,290.0,-235.0
310.0,,-11.0,366.0,-585.0,-880.0,909.0,1012.0,391.0,-71.0
221.0,,-37.0,435.0,-572.0,-933.0,904.0,946.0,432.0,43.0
114.0,,-34.0,487.0,-486.0,-874.0,917.0,803.0,443.0,107.0
-21.0,,-42.0,468.0,-334.0,-830.0,888.0,929.0,432.0,135.0
-83.0,,-50.0,412.0,-145.0,-899.0,883.0,598.0,407.0,134.0
-210.0,,-40.0,356.0,36.0,-982.0,885.0,899.0,371.0,128.0
-370.0,,-16.0,290.0,177.0,-991.0,851.0,631.0,346.0,86.0
-456.0,,-11.0,266.0,264.0,-860.0,843.0,731.0,316.0,14.0
-535.0,,31.0,242.0,296.0,-763.0,842.0,692.0,242.0,-80.0
-547.0,,83.0,245.0,291.0,-834.0,887.0,424.0,154.0,-169.0
-583.0,,107.0,296.0,262.0,-946.0,924.0,707.0,60.0,-243.0
-590.0,,212.0,331.0,219.0,-909.0,897.0,404.0,-14.0,-317.0
-528.0,,264.0,349.0,176.0,-744.0,886.0,696.0,-54.0,-340.0
-466.0,,306.0,359.0,138.0,-718.0,874.0,583.0,-53.0,-358.0
-419.0,,402.0,371.0,103.0,-889.0,828.0,556.0,-2.0,-401.0
-445.0,,421.0,344.0,76.0,-953.0,805.0,755.0,68.0,-487.0
-398.0,,487.0,288.0,48.0,-868.0,776.0,539.0,148.0,-603.0
-382.0,,544.0,211.0,10.0,-816.0,699.0,848.0,209.0,-699.0
-402.0,,552.0,100.0,-10.0,-801.0,668.0,550.0,249.0,-775.0
-377.0,,597.0,0.0,3.0,-921.0,697.0,683.0,284.0,-767.0
-403.0,,587.0,-76.0,57.0,-977.0,717.0,646.0,310.0,-657.0
-408.0,,600.0,-135.0,128.0,-828.0,671.0,478.0,314.0,-495.0
-423.0,,601.0,-167.0,184.0,-765.0,629.0,750.0,302.0,-292.0
-433.0,,570.0,-152.0,198.0,-770.0,656.0,456.0,263.0,-102.0
-457.0,,577.0,-107.0,169.0,-878.0,664.0,726.0,216.0,40.0
-449.0,,530.0,-65.0,124.0,-940.0,638.0,517.0,191.0,188.0
-416.0,,494.0,6.0,72.0,-746.0,598.0,500.0,165.0,304.0
-455.0,,458.0,77.0,38.0,-600.0,573.0,635.0,161.0,368.0
-459.0,,386.0,89.0,41.0,-667.0,529.0,417.0,165.0,444.0
-501.0,,326.0,85.0,59.0,-825.0,472.0,737.0,170.0,479.0
-599.0,,253.0,60.0,70.0,-728.0,426.0,461.0,183.0,478.0
-672.0,,194.0,-13.0,54.0,-554.0,388.0,670.0,197.0,469.0
-710.0,,178.0,-59.0,6.0,-655.0,342.0,585.0,204.0,439.0
-799.0,,141.0,-44.0,-55.0,-853.0,289.0,467.0,190.0,436.0
-894.0,,112.0,-13.0,-119.0,-847.0,287.0,724.0,180.0,434.0
-859.0,,130.0,-5.0,-169.0,-646.0,252.0,402.0,171.0,429.0
-834.0,,101.0,7.0,-180.0,-571.0,203.0,737.0,181.0,439.0
-848.0,,86.0,85.0,-136.0,-615.0,199.0,508.0,201.0,420.0
-890.0,,112.0,207.0,-43.0,-724.0,197.0,521.0,214.0,344.0
-888.0,,96.0,314.0,74.0,-678.0,152.0,550.0,222.0,194.0
-837.0,,104.0,404.0,182.0,-511.0,93.0,269.0,200.0,35.0
-888.0,,122.0,489.0,255.0,-515.0,87.0,600.0,153.0,-89.0
-866.0,,128.0,545.0,267.0,-615.0,82.0,280.0,92.0,-150.0
-815.0,,142.0,586.0,206.0,-631.0,46.0,489.0,39.0,-150.0
-803.0,,125.0,620.0,102.0,-533.0,3.0,362.0,-17.0,-122.0
-751.0,,133.0,584.0,4.0,-571.0,-11.0,271.0,-70.0,-85.0
-752.0,,105.0,504.0,-54.0,-674.0,-4.0,498.0,-119.0,-104.0
-755.0,,62.0,415.0,-63.0,-648.0,-30.0,190.0,-175.0,-187.0
-727.0,,68.0,301.0,-32.0,-582.0,-72.0,515.0,-217.0,-303.0
-687.0,,48.0,151.0,1.0,-617.0,-112.0,238.0,-263.0,-415.0
-698.0,,58.0,27.0,6.0,-603.0,-134.0,321.0,-310.0,-519.0
-607.0,,83.0,-59.0,-13.0,-564.0,-149.0,356.0,-339.0,-587.0
-460.0,,82.0,-103.0,-46.0,-620.0,-193.0,142.0,-374.0,-593.0
-466.0,,93.0,-61.0,-69.0,-567.0,-209.0,447.0,-422.0,-595.0
-392.0,,111.0,4.0,-61.0,-554.0,-193.0,149.0,-451.0,-556.0
-315.0,,86.0,100.0,-16.0,-584.0,-205.0,460.0,-480.0,-501.0
-284.0,,68.0,200.0,48.0,-512.0,-229.0,371.0,-524.0,-470.0
-207.0,,66.0,314.0,116.0,-444.0,-232.0,330.0,-552.0,-418.0
-193.0,,56.0,439.0,192.0,-495.0,-213.0,491.0,-564.0,-370.0
-128.0,,90.0,518.0,259.0,-553.0,-235.0,219.0,-550.0,-358.0
-33.0,,116.0,592.0,295.0,-483.0,-279.0,576.0,-533.0,-347.0
36.0,,138.0,638.0,290.0,-479.0,-268.0,369.0,-516.0,-318.0
37.0,,165.0,650.0,233.0,-569.0,-278.0,476.0,-467.0,-288.0
74.0,,160.0,655.0,140.0,-510.0,-336.0,345.0,-407.0,-246.0
160.0,,139.0,667.0,33.0,-405.0,-361.0,107.0,-310.0,-162.0
93.0,,119.0,649.0,-68.0,-425.0,-364.0,336.0,-155.0,-27.0
68.0,,73.0,567.0,-135.0,-454.0,-384.0,12.0,24.0,122.0
71.0,,0.0,457.0,-149.0,-516.0,-428.0,275.0,235.0,261.0
76.0,,-50.0,342.0,-117.0,-484.0,-446.0,70.0,475.0,344.0
47.0,,-125.0,211.0,-64.0,-369.0,-444.0,59.0,702.0,371.0
-75.0,,-192.0,93.0,-27.0,-386.0,-452.0,129.0,887.0,319.0
-116.0,,-231.0,42.0,-27.0,-409.0,-451.0,-188.0,1034.0,165.0
-132.0,,-265.0,61.0,-49.0,-363.0,-468.0,72.0,1138.0,1.0
-218.0,,-271.0,93.0,-78.0,-341.0,-465.0,-234.0,1186.0,-174.0
-336.0,,-270.0,74.0,-114.0,-355.0,-451.0,-20.0,1153.0,-341.0
-362.0,,-256.0,58.0,-154.0,-375.0,-437.0,-57.0,1051.0,-485.0
-352.0,,-269.0,87.0,-206.0,-327.0,-439.0,-147.0,892.0,-608.0
-310.0,,-259.0,108.0,-264.0,-239.0,-456.0,83.0,680.0,-687.0
-244.0,,-248.0,146.0,-301.0,-270.0,-442.0,-267.0,462.0,-710.0
-233.0,,-261.0,205.0,-293.0,-258.0,-430.0,3.0,261.0,-690.0
-130.0,,-243.0,269.0,-244.0,-121.0,-403.0,-238.0,91.0,-654.0
-25.0,,-232.0,347.0,-190.0,-138.0,-373.0,-173.0,-37.0,-601.0
28.0,,-227.0,426.0,-150.0,-212.0,-359.0,-125.0,-105.0,-556.0
125.0,,-219.0,541.0,-119.0,-116.0,-331.0,-399.0,-157.0,-493.0
217.0,,-197.0,648.0,-97.0,-169.0,-318.0,-96.0,-222.0,-406.0
298.0,,-188.0,702.0,-90.0,-237.0,-334.0,-424.0,-282.0,-280.0
357.0,,-151.0,755.0,-108.0,-140.0,-311.0,-229.0,-365.0,-101.0
363.0,,-114.0,795.0,-145.0,-234.0,-288.0,-310.0,-447.0,93.0
358.0,,-65.0,786.0,-187.0,-223.0,-294.0,-352.0,-514.0,269.0
370.0,,13.0,702.0,-220.0,-62.0,-291.0,-121.0,-557.0,393.0
374.0,,78.0,582.0,-237.0,-114.0,-321.0,-362.0,-568.0,427.0
373.0,,203.0,467.0,-233.0,-158.0,-317.0,-36.0,-544.0,369.0
366.0,,285.0,331.0,-202.0,-86.0,-307.0,-275.0,-470.0,259.0
380.0,,379.0,165.0,-148.0,-6.0,-338.0,-123.0,-366.0,127.0
388.0,,475.0,-37.0,-93.0,57.0,-345.0,-131.0,-251.0,29.0
380.0,,523.0,-197.0,-67.0,-47.0,-352.0,-417.0,-145.0,-16.0
391.0,,597.0,-258.0,-74.0,-112.0,-359.0,-199.0,-53.0,3.0
379.0,,645.0,-246.0,-104.0,19.0,-359.0,-563.0,0.0,72.0
340.0,,711.0,-215.0,-142.0,-8.0,-340.0,-321.0,16.0,131.0
323.0,,748.0,-176.0,-186.0,-41.0,-350.0,-445.0,-1.0,208.0
313.0,,810.0,-103.0,-222.0,14.0,-397.0,-443.0,-46.0,269.0
294.0,,840.0,-6.0,-230.0,-18.0,-410.0,-242.0,-79.0,317.0
276.0,,869.0,117.0,-213.0,32.0,-412.0,-471.0,-97.0,415.0
220.0,,915.0,209.0,-175.0,127.0,-433.0,-136.0,-74.0,532.0
214.0,,853.0,267.0,-111.0,79.0,-456.0,-402.0,-27.0,651.0
236.0,,871.0,321.0,-35.0,60.0,-441.0,-279.0,47.0,774.0
207.0,,826.0,360.0,25.0,104.0,-406.0,-378.0,131.0,863.0
196.0,,729.0,422.0,84.0,48.0,-389.0,-630.0,187.0,894.0
182.0,,708.0,491.0,150.0,88.0,-372.0,-423.0,229.0,881.0
158.0,,612.0,558.0,219.0,127.0,-354.0,-753.0,224.0,810.0
122.0,,542.0,643.0,284.0,39.0,-321.0,-484.0,175.0,711.0
127.0,,488.0,740.0,323.0,27.0,-316.0,-694.0,115.0,579.0
175.0,,391.0,848.0,339.0,93.0,-339.0,-722.0,40.0,397.0
212.0,,332.0,912.0,327.0,179.0,-340.0,-609.0,-37.0,215.0
252.0,,245.0,889.0,283.0,123.0,-341.0,-822.0,-115.0,32.0
230.0,,172.0,815.0,211.0,22.0,-317.0,-454.0,-187.0,-140.0
201.0,,133.0,738.0,117.0,160.0,-314.0,-729.0,-243.0,-286.0
192.0,,79.0,688.0,29.0,258.0,-315.0,-530.0,-270.0,-413.0
173.0,,68.0,628.0,-10.0,166.0,-284.0,-519.0,-264.0,-534.0
191.0,,76.0,530.0,-1.0,142.0,-255.0,-606.0,-236.0,-657.0
213.0,,81.0,406.0,17.0,104.0,-225.0,-345.0,-165.0,-754.0
265.0,,94.0,259.0,1.0,77.0,-236.0,-692.0,-99.0,-851.0
345.0,,124.0,152.0,-67.0,129.0,-266.0,-485.0,-39.0,-942.0
406.0,,138.0,103.0,-177.0,24.0,-285.0,-727.0,16.0,-1004.0
458.0,,150.0,79.0,-281.0,-36.0,-312.0,-670.0,20.0,-1077.0
504.0,,138.0,64.0,-325.0,104.0,-370.0,-530.0,7.0,-1128.0
535.0,,101.0,53.0,-311.0,74.0,-419.0,-740.0,-21.0,-1118.0
588.0,,74.0,37.0,-257.0,-56.0,-464.0,-497.0,-87.0,-1060.0
656.0,,0.0,34.0,-168.0,20.0,-530.0,-899.0,-172.0,-906.0
675.0,,-38.0,48.0,-66.0,118.0,-536.0,-702.0,-257.0,-691.0
670.0,,-93.0,27.0,20.0,124.0,-539.0,-685.0,-332.0,-484.0
689.0,,-153.0,6.0,74.0,110.0,-537.0,-665.0,-377.0,-265.0
675.0,,-174.0,38.0,106.0,139.0,-496.0,-386.0,-376.0,-107.0
625.0,,-223.0,94.0,140.0,169.0,-484.0,-631.0,-324.0,-33.0
551.0,,-250.0,137.0,179.0,65.0,-483.0,-277.0,-222.0,5.0
415.0,,-275.0,217.0,208.0,-11.0,-488.0,-452.0,-102.0,29.0
328.0,,-296.0,357.0,205.0,99.0,-485.0,-314.0,35.0,33.0
281.0,,-313.0,479.0,167.0,195.0,-476.0,-254.0,172.0,23.0
198.0,,-308.0,609.0,111.0,94.0,-515.0,-439.0,295.0,25.0
120.0,,-295.0,741.0,68.0,32.0,-552.0,-144.0,403.0,-11.0
33.0,,-293.0,809.0,63.0,96.0,-554.0,-469.0,475.0,-35.0
-37.0,,-287.0,868.0,103.0,133.0,-585.0,-219.0,528.0,-89.0
-113.0,,-305.0,943.0,179.0,186.0,-601.0,-341.0,572.0,-180.0
-178.0,,-298.0,992.0,246.0,133.0,-574.0,-369.0,614.0,-269.0
-229.0,,-291.0,1004.0,264.0,73.0,-561.0,-120.0,655.0,-415.0
-316.0,,-280.0,958.0,251.0,190.0,-542.0,-367.0,693.0,-566.0
-379.0,,-245.0,850.0,259.0,183.0,-520.0,-48.0,714.0,-713.0
-410.0,,-230.0,685.0,314.0,121.0,-472.0,-319.0,691.0,-818.0
-449.0,,-174.0,476.0,396.0,171.0,-406.0,-238.0,622.0,-839.0
-472.0,,-119.0,255.0,456.0,225.0,-383.0,-238.0,517.0,-777.0
-435.0,,-60.0,-9.0,461.0,285.0,-373.0,-356.0,391.0,-629.0
-374.0,,31.0,-302.0,417.0,233.0,-346.0,-20.0,254.0,-426.0
-321.0,,79.0,-502.0,340.0,199.0,-314.0,-304.0,107.0,-191.0
-240.0,,129.0,-561.0,250.0,322.0,-319.0,-24.0,-29.0,5.0
-144.0,,192.0,-549.0,175.0,303.0,-322.0,-164.0,-142.0,122.0
-32.0,,197.0,-455.0,117.0,233.0,-341.0,-138.0,-219.0,154.0
-2.0,,195.0,-239.0,57.0,323.0,-382.0,-9.0,-261.0,92.0
0.0,,196.0,75.0,-28.0,303.0,-391.0,-349.0,-300.0,-98.0
56.0,,154.0,442.0,-152.0,256.0,-406.0,-147.0,-345.0,-371.0
57.0,,132.0,785.0,-293.0,281.0,-415.0,-504.0,-418.0,-677.0
44.0,,93.0,1068.0,-409.0,327.0,-437.0,-327.0,-510.0,-998.0
7.0,,44.0,1296.0,-454.0,436.0,-456.0,-351.0,-599.0,-1270.0
17.0,,28.0,1469.0,-419.0,429.0,-459.0,-489.0,-659.0,-1473.0
75.0,,-26.0,1518.0,-325.0,360.0,-468.0,-291.0,-662.0,-1582.0
79.0,,-62.0,1497.0,-190.0,325.0,-470.0,-670.0,-621.0,-1589.0
79.0,,-87.0,1435.0,-38.0,410.0,-479.0,-367.0,-540.0,-1489.0
100.0,,-129.0,1264.0,88.0,506.0,-481.0,-504.0,-424.0,-1302.0
122.0,,-169.0,1067.0,139.0,412.0,-456.0,-336.0,-292.0,-1037.0
134.0,,-166.0,878.0,121.0,331.0,-418.0,-88.0,-155.0,-678.0
154.0,,-171.0,708.0,77.0,390.0,-424.0,-271.0,-17.0,-288.0
126.0,,-195.0,525.0,34.0,513.0,-455.0,20.0,101.0,69.0
93.0,,-172.0,352.0,-17.0,482.0,-463.0,-371.0,194.0,351.0
55.0,,-187.0,266.0,-96.0,444.0,-467.0,-238.0,262.0,538.0
-35.0,,-186.0,247.0,-181.0,555.0,-472.0,-315.0,309.0,640.0
-116.0,,-206.0,290.0,-257.0,598.0,-483.0,-388.0,348.0,665.0
-202.0,,-239.0,348.0,-338.0,598.0,-489.0,-125.0,358.0,610.0
-266.0,,-227.0,424.0,-417.0,557.0,-489.0,-402.0,334.0,512.0
-323.0,,-235.0,504.0,-456.0,518.0,-494.0,-121.0,270.0,427.0
-359.0,,-199.0,503.0,-438.0,550.0,-483.0,-395.0,161.0,344.0
-359.0,,-200.0,454.0,-372.0,551.0,-464.0,-282.0,28.0,289.0
-362.0,,-167.0,418.0,-286.0,497.0,-463.0,-136.0,-128.0,274.0
-341.0,,-126.0,378.0,-190.0,496.0,-462.0,-332.0,-295.0,274.0
-319.0,,-135.0,344.0,-67.0,533.0,-460.0,-35.0,-460.0,272.0
-247.0,,-85.0,317.0,93.0,482.0,-455.0,-336.0,-619.0,255.0
-135.0,,-57.0,280.0,291.0,494.0,-451.0,-96.0,-731.0,202.0
-63.0,,-26.0,266.0,495.0,605.0,-430.0,-171.0,-778.0,114.0
-17.0,,0.0,261.0,660.0,634.0,-383.0,-199.0,-743.0,0.0
56.0,,25.0,269.0,757.0,558.0,-366.0,-9.0,-626.0,-158.0
145.0,,23.0,281.0,768.0,486.0,-368.0,-367.0,-465.0,-333.0
149.0,,14.0,298.0,687.0,511.0,-355.0,-83.0,-285.0,-492.0
152.0,,11.0,340.0,537.0,574.0,-345.0,-327.0,-123.0,-631.0
208.0,,-21.0,354.0,339.0,549.0,-328.0,-234.0,4.0,-722.0
255.0,,-55.0,391.0,118.0,469.0,-289.0,-186.0,91.0,-767.0
273.0,,-106.0,471.0,-75.0,513.0,-250.0,-393.0,145.0,-797.0
269.0,,-116.0,525.0,-204.0,538.0,-243.0,-129.0,176.0,-782.0
319.0,,-150.0,575.0,-256.0,475.0,-214.0,-426.0,177.0,-721.0
366.0,,-188.0,623.0,-262.0,465.0,-160.0,-147.0,165.0,-638.0
382.0,,-184.0,660.0,-274.0,448.0,-148.0,-219.0,136.0,-535.0
416.0,,-229.0,666.0,-302.0,492.0,-131.0,-203.0,85.0,-426.0
436.0,,-228.0,608.0,-330.0,525.0,-112.0,-25.0,35.0,-335.0
443.0,,-223.0,563.0,-341.0,430.0,-99.0,-291.0,-9.0,-256.0
450.0,,-271.0,553.0,-310.0,444.0,-84.0,57.0,-36.0,-166.0
431.0,,-240.0,511.0,-229.0,548.0,-66.0,-190.0,-33.0,-90.0
351.0,,-239.0,453.0,-134.0,520.0,-29.0,-75.0,-3.0,-38.0
308.0,,-266.0,429.0,-64.0,429.0,-30.0,-105.0,42.0,0.0
299.0,,-233.0,402.0,-44.0,390.0,-24.0,-310.0,98.0,25.0
243.0,,-212.0,346.0,-80.0,455.0,7.0,-96.0,136.0,56.0
210.0,,-184.0,311.0,-151.0,513.0,20.0,-415.0,141.0,74.0
207.0,,-151.0,258.0,-225.0,464.0,37.0,-116.0,113.0,89.0
206.0,,-126.0,133.0,-266.0,442.0,54.0,-245.0,45.0,123.0
210.0,,-120.0,22.0,-254.0,494.0,92.0,-177.0,-54.0,157.0
213.0,,-105.0,-55.0,-194.0,511.0,123.0,-16.0,-192.0,187.0
211.0,,-105.0,-117.0,-96.0,459.0,137.0,-221.0,-372.0,203.0
229.0,,-114.0,-129.0,10.0,479.0,162.0,155.0,-547.0,183.0
278.0,,-108.0,-116.0,92.0,511.0,180.0,-134.0,-683.0,157.0
302.0,,-120.0,-80.0,156.0,459.0,222.0,53.0,-772.0,147.0
350.0,,-112.0,-43.0,207.0,396.0,240.0,20.0,-793.0,136.0
400.0,,-134.0,-63.0,248.0,436.0,245.0,-72.0,-743.0,183.0
407.0,,-152.0,-78.0,281.0,615.0,266.0,201.0,-649.0,314.0
446.0,,-172.0,-43.0,303.0,637.0,270.0,-145.0,-524.0,467.0
488.0,,-221.0,-24.0,301.0,493.0,301.0,42.0,-384.0,636.0
519.0,,-249.0,-10.0,257.0,519.0,317.0,-275.0,-230.0,804.0
513.0,,-288.0,8.0,164.0,621.0,319.0,-238.0,-58.0,942.0
491.0,,-303.0,-1.0,32.0,612.0,362.0,-140.0,112.0,1066.0
515.0,,-349.0,-36.0,-102.0,627.0,411.0,-330.0,242.0,1144.0
534.0,,-380.0,-86.0,-185.0,619.0,433.0,33.0,330.0,1168.0
534.0,,-402.0,-137.0,-196.0,612.0,458.0,-240.0,394.0,1155.0
525.0,,-427.0,-192.0,-150.0,686.0,474.0,40.0,417.0,1061.0
523.0,,-418.0,-217.0,-65.0,675.0,475.0,5.0,418.0,891.0
555.0,,-443.0,-180.0,32.0,656.0,472.0,-36.0,402.0,649.0
568.0,,-420.0,-120.0,110.0,638.0,459.0,197.0,346.0,347.0
532.0,,-415.0,-4.0,124.0,607.0,469.0,-86.0,278.0,64.0
509.0,,-385.0,164.0,53.0,578.0,456.0,242.0,191.0,-183.0
522.0,,-355.0,355.0,-85.0,530.0,444.0,53.0,88.0,-385.0
473.0,,-341.0,576.0,-234.0,505.0,464.0,210.0,-11.0,-524.0
416.0,,-264.0,800.0,-329.0,509.0,466.0,221.0,-102.0,-594.0
444.0,,-236.0,1026.0,-340.0,542.0,459.0,-27.0,-179.0,-594.0
443.0,,-178.0,1217.0,-261.0,561.0,445.0,206.0,-251.0,-542.0
401.0,,-115.0,1302.0,-106.0,622.0,449.0,-153.0,-308.0,-427.0
339.0,,-79.0,1286.0,86.0,605.0,458.0,125.0,-343.0,-274.0
330.0,,-17.0,1250.0,268.0,530.0,472.0,42.0,-374.0,-103.0
341.0,,5.0,1186.0,386.0,498.0,503.0,46.0,-386.0,59.0
279.0,,24.0,1055.0,409.0,489.0,495.0,251.0,-388.0,222.0
271.0,,67.0,913.0,340.0,526.0,484.0,1.0,-366.0,379.0
277.0,,63.0,760.0,205.0,525.0,501.0,382.0,-316.0,463.0
251.0,,80.0,596.0,31.0,406.0,529.0,182.0,-262.0,481.0
243.0,,107.0,460.0,-151.0,360.0,532.0,356.0,-189.0,457.0
217.0,,109.0,382.0,-305.0,430.0,528.0,336.0,-121.0,347.0
183.0,,146.0,347.0,-415.0,500.0,531.0,158.0,-55.0,170.0
149.0,,142.0,314.0,-483.0,528.0,486.0,448.0,3.0,-26.0
117.0,,126.0,320.0,-514.0,358.0,446.0,129.0,27.0,-231.0
99.0,,145.0,335.0,-510.0,349.0,437.0,386.0,48.0,-392.0
90.0,,101.0,370.0,-464.0,494.0,409.0,201.0,57.0,-483.0
88.0,,33.0,422.0,-360.0,424.0,383.0,160.0,57.0,-524.0
86.0,,14.0,455.0,-206.0,319.0,370.0,240.0,74.0,-524.0
61.0,,-77.0,494.0,-43.0,373.0,370.0,-11.0,113.0,-471.0
-10.0,,-140.0,505.0,93.0,402.0,363.0,299.0,150.0,-441.0
-89.0,,-162.0,515.0,185.0,284.0,329.0,29.0,177.0,-417.0
-152.0,,-259.0,491.0,241.0,235.0,335.0,262.0,196.0,-392.0
-199.0,,-270.0,433.0,272.0,267.0,345.0,205.0,194.0,-433.0
-245.0,,-317.0,379.0,295.0,246.0,322.0,101.0,182.0,-487.0
-280.0,,-372.0,318.0,318.0,202.0,304.0,395.0,146.0,-605.0
-280.0,,-315.0,295.0,324.0,198.0,296.0,96.0,112.0,-767.0
-348.0,,-330.0,304.0,307.0,169.0,292.0,360.0,66.0,-938.0
-435.0,,-295.0,342.0,252.0,169.0,290.0,105.0,2.0,-1147.0
-457.0,,-232.0,344.0,152.0,102.0,328.0,77.0,-62.0,-1358.0
-440.0,,-232.0,287.0,45.0,124.0,351.0,109.0,-171.0,-1521.0
-445.0,,-159.0,228.0,-42.0,173.0,352.0,-131.0,-273.0,-1620.0
-445.0,,-140.0,169.0,-86.0,47.0,375.0,166.0,-363.0,-1654.0
-364.0,,-164.0,134.0,-85.0,-48.0,403.0,-120.0,-435.0,-1601.0
-312.0,,-131.0,128.0,-52.0,-121.0,421.0,75.0,-458.0,-1484.0
-297.0,,-151.0,148.0,16.0,-66.0,414.0,-66.0,-449.0,-1297.0
-315.0,,-166.0,175.0,84.0,-60.0,427.0,-168.0,-403.0,-1076.0
-304.0,,-162.0,166.0,117.0,-166.0,431.0,96.0,-336.0,-885.0
-235.0,,-185.0,155.0,115.0,-252.0,428.0,-97.0,-253.0,-719.0
-225.0,,-192.0,189.0,107.0,-217.0,447.0,323.0,-173.0,-569.0
-248.0,,-206.0,241.0,108.0,-144.0,454.0,145.0,-114.0,-446.0
-293.0,,-220.0,285.0,98.0,-231.0,434.0,194.0,-76.0,-354.0
-291.0,,-201.0,297.0,68.0,-307.0,420.0,164.0,-58.0,-273.0
-301.0,,-182.0,266.0,16.0,-357.0,466.0,-129.0,-34.0,-204.0
-430.0,,-168.0,197.0,-29.0,-352.0,495.0,55.0,-6.0,-139.0
-482.0,,-129.0,87.0,-51.0,-338.0,493.0,-286.0,23.0,-115.0
-487.0,,-119.0,-22.0,-64.0,-454.0,542.0,-11.0,51.0,-112.0
-551.0,,-101.0,-128.0,-71.0,-517.0,586.0,-62.0,53.0,-110.0
-565.0,,-56.0,-249.0,-72.0,-517.0,590.0,25.0,34.0,-118.0
-532.0,,-43.0,-368.0,-63.0,-500.0,596.0,254.0,-1.0,-99.0
-467.0,,-1.0,-480.0,-49.0,-486.0,604.0,-9.0,-32.0,-59.0
-440.0,,46.0,-546.0,-42.0,-545.0,583.0,321.0,-34.0,-3.0
-394.0,,51.0,-572.0,-48.0,-519.0,556.0,33.0,-21.0,64.0
-343.0,,60.0,-558.0,-57.0,-534.0,560.0,160.0,-14.0,145.0
-300.0,,63.0,-507.0,-79.0,-574.0,571.0,171.0,-20.0,221.0
-205.0,,45.0,-474.0,-113.0,-555.0,562.0,1.0,-34.0,286.0
-190.0,,19.0,-472.0,-132.0,-541.0,534.0,280.0,-77.0,338.0
-152.0,,-34.0,-511.0,-124.0,-531.0,528.0,3.0,-157.0,370.0
-107.0,,-90.0,-554.0,-68.0,-605.0,541.0,212.0,-238.0,359.0
-116.0,,-171.0,-571.0,35.0,-639.0,526.0,-92.0,-320.0,331.0
-153.0,,-245.0,-570.0,161.0,-594.0,518.0,-190.0,-401.0,285.0
-155.0,,-300.0,-583.0,287.0,-529.0,551.0,-79.0,-452.0,212.0
-132.0,,-398.0,-619.0,387.0,-586.0,585.0,-269.0,-474.0,145.0
-184.0,,-443.0,-620.0,445.0,-638.0,587.0,186.0,-484.0,61.0
-137.0,,-496.0,-623.0,450.0,-541.0,599.0,9.0,-484.0,-16.0
-61.0,,-572.0,-608.0,411.0,-521.0,601.0,216.0,-466.0,-99.0
-35.0,,-582.0,-573.0,345.0,-605.0,600.0,182.0,-448.0,-174.0
-26.0,,-627.0,-523.0,253.0,-621.0,613.0,0.0,-411.0,-221.0
-46.0,,-626.0,-380.0,142.0,-550.0,595.0,210.0,-352.0,-287.0
-26.0,,-585.0,-210.0,43.0,-563.0,597.0,-75.0,-297.0,-351.0
-49.0,,-579.0,-58.0,-10.0,-617.0,607.0,288.0,-235.0,-407.0
-40.0,,-499.0,74.0,-25.0,-638.0,629.0,136.0,-170.0,-429.0
-47.0,,-406.0,155.0,-28.0,-600.0,649.0,171.0,-109.0,-426.0
-117.0,,-325.0,195.0,-22.0,-586.0,637.0,258.0,-71.0,-402.0
-75.0,,-204.0,217.0,0.0,-636.0,680.0,-18.0,-52.0,-348.0
-73.0,,-101.0,227.0,23.0,-621.0,677.0,258.0,-33.0,-271.0
-132.0,,-20.0,199.0,16.0,-583.0,635.0,-120.0,-21.0,-194.0
-150.0,,77.0,143.0,-15.0,-597.0,612.0,40.0,-11.0,-189.0
-140.0,,124.0,83.0,-51.0,-648.0,589.0,-24.0,-10.0,-205.0
-85.0,,176.0,48.0,-89.0,-654.0,578.0,-129.0,-22.0,-246.0
-104.0,,237.0,34.0,-141.0,-654.0,543.0,116.0,-52.0,-337.0
-113.0,,252.0,-11.0,-209.0,-636.0,535.0,-194.0,-86.0,-423.0
-83.0,,275.0,-30.0,-275.0,-624.0,507.0,123.0,-132.0,-507.0
-75.0,,268.0,-10.0,-297.0,-671.0,470.0,-72.0,-164.0,-587.0
-71.0,,251.0,10.0,-268.0,-633.0,469.0,18.0,-163.0,-650.0
-145.0,,233.0,70.0,-224.0,-553.0,451.0,120.0,-135.0,-687.0
-113.0,,218.0,133.0,-171.0,-568.0,425.0,-109.0,-78.0,-707.0
-10.0,,214.0,233.0,-104.0,-645.0,412.0,164.0,-17.0,-701.0
47.0,,195.0,360.0,-37.0,-621.0,412.0,-175.0,24.0,-699.0
136.0,,177.0,475.0,16.0,-543.0,387.0,36.0,40.0,-733.0
201.0,,186.0,573.0,37.0,-593.0,342.0,-75.0,50.0,-757.0
334.0,,195.0,640.0,21.0,-613.0,321.0,-177.0,39.0,-770.0
412.0,,202.0,714.0,-17.0,-552.0,338.0,-18.0,-2.0,-767.0
403.0,,242.0,715.0,-56.0,-556.0,354.0,-352.0,-43.0,-708.0
417.0,,263.0,650.0,-67.0,-542.0,360.0,-46.0,-91.0,-594.0
374.0,,279.0,592.0,-56.0,-532.0,369.0,-238.0,-143.0,-433.0
414.0,,326.0,529.0,-44.0,-528.0,347.0,-49.0,-181.0,-259.0
355.0,,341.0,445.0,-62.0,-503.0,332.0,62.0,-205.0,-106.0
197.0,,350.0,304.0,-122.0,-542.0,334.0,-68.0,-248.0,-6.0
163.0,,398.0,164.0,-210.0,-526.0,289.0,225.0,-295.0,34.0
80.0,,391.0,66.0,-294.0,-508.0,255.0,-133.0,-360.0,16.0
-54.0,,394.0,-34.0,-340.0,-514.0,252.0,49.0,-442.0,-38.0
-238.0,,391.0,-151.0,-329.0,-463.0,233.0,-164.0,-498.0,-129.0
-348.0,,327.0,-253.0,-253.0,-418.0,206.0,-230.0,-537.0,-288.0
-396.0,,311.0,-302.0,-143.0,-404.0,165.0,-27.0,-548.0,-439.0
-528.0,,245.0,-272.0,-64.0,-451.0,168.0,-238.0,-521.0,-584.0
-549.0,,180.0,-229.0,-47.0,-481.0,157.0,123.0,-463.0,-740.0
-564.0,,140.0,-214.0,-54.0,-479.0,82.0,-133.0,-386.0,-848.0
-614.0,,40.0,-192.0,-40.0,-431.0,39.0,-46.0,-318.0,-905.0
-628.0,,14.0,-149.0,-2.0,-392.0,-4.0,-181.0,-268.0,-909.0
-674.0,,-34.0,-61.0,39.0,-451.0,-61.0,-448.0,-264.0,-877.0
-683.0,,-99.0,45.0,67.0,-462.0,-93.0,-210.0,-277.0,-813.0
-665.0,,-105.0,117.0,80.0,-411.0,-99.0,-485.0,-275.0,-733.0
-617.0,,-144.0,131.0,83.0,-342.0,-124.0,-158.0,-282.0,-658.0
-636.0,,-148.0,99.0,68.0,-273.0,-172.0,-286.0,-295.0,-597.0
-655.0,,-125.0,62.0,44.0,-326.0,-174.0,-223.0,-329.0,-543.0
-585.0,,-108.0,17.0,11.0,-365.0,-128.0,-64.0,-383.0,-491.0
-619.0,,-63.0,-53.0,-38.0,-304.0,-105.0,-304.0,-439.0,-449.0
-666.0,,-45.0,-124.0,-88.0,-265.0,-124.0,-24.0,-481.0,-393.0
-654.0,,-32.0,-182.0,-129.0,-274.0,-144.0,-351.0,-486.0,-330.0
-638.0,,10.0,-228.0,-145.0,-287.0,-150.0,-147.0,-467.0,-256.0
-627.0,,26.0,-292.0,-145.0,-223.0,-155.0,-184.0,-432.0,-153.0
-598.0,,36.0,-351.0,-160.0,-215.0,-182.0,-284.0,-399.0,-38.0
-540.0,,83.0,-356.0,-184.0,-255.0,-197.0,-79.0,-384.0,103.0
-466.0,,118.0,-321.0,-205.0,-245.0,-213.0,-450.0,-371.0,277.0
-387.0,,157.0,-287.0,-205.0,-229.0,-236.0,-158.0,-355.0,443.0
-403.0,,217.0,-246.0,-182.0,-169.0,-247.0,-362.0,-329.0,575.0
-374.0,,234.0,-159.0,-163.0,-137.0,-269.0,-256.0,-292.0,665.0
-280.0,,276.0,-37.0,-138.0,-123.0,-295.0,-144.0,-239.0,718.0
-234.0,,316.0,107.0,-77.0,-75.0,-303.0,-317.0,-171.0,729.0
-188.0,,301.0,246.0,29.0,-39.0,-278.0,51.0,-106.0,693.0
-146.0,,324.0,356.0,161.0,-75.0,-308.0,-247.0,-40.0,587.0
-21.0,,315.0,456.0,284.0,-114.0,-339.0,-29.0,39.0,441.0
48.0,,282.0,523.0,365.0,-112.0,-321.0,-181.0,148.0,297.0
54.0,,285.0,513.0,374.0,-100.0,-365.0,-319.0,266.0,143.0
100.0,,276.0,400.0,309.0,-99.0,-426.0,-155.0,381.0,46.0
105.0,,260.0,214.0,201.0,-131.0,-472.0,-447.0,512.0,26.0
132.0,,251.0,-9.0,62.0,-104.0,-518.0,-101.0,645.0,89.0
87.0,,250.0,-222.0,-99.0,-77.0,-586.0,-293.0,752.0,219.0
13.0,,260.0,-411.0,-261.0,-73.0,-665.0,-101.0,832.0,368.0
-10.0,,255.0,-561.0,-403.0,-43.0,-725.0,-14.0,866.0,500.0
-30.0,,241.0,-635.0,-511.0,-55.0,-808.0,-203.0,851.0,578.0
-56.0,,256.0,-636.0,-565.0,-56.0,-871.0,70.0,809.0,565.0
-161.0,,258.0,-564.0,-541.0,-24.0,-883.0,-249.0,733.0,434.0
-137.0,,260.0,-467.0,-428.0,-52.0,-902.0,-9.0,638.0,232.0
-73.0,,268.0,-377.0,-248.0,-71.0,-906.0,-179.0,519.0,-39.0
-124.0,,261.0,-273.0,-56.0,-11.0,-885.0,-164.0,388.0,-332.0
-103.0,,251.0,-180.0,93.0,-14.0,-841.0,38.0,248.0,-616.0
-67.0,,254.0,-91.0,188.0,-22.0,-798.0,-282.0,97.0,-885.0
-22.0,,237.0,-76.0,245.0,10.0,-797.0,-14.0,-40.0,-1092.0
0.0,,204.0,-128.0,288.0,28.0,-765.0,-330.0,-161.0,-1250.0
-17.0,,180.0,-162.0,323.0,22.0,-724.0,-219.0,-262.0,-1362.0
6.0,,140.0,-227.0,331.0,-27.0,-702.0,-260.0,-357.0,-1373.0
9.0,,93.0,-318.0,302.0,3.0,-712.0,-430.0,-408.0,-1281.0
27.0,,42.0,-432.0,233.0,61.0,-738.0,-120.0,-428.0,-1145.0
-5.0,,7.0,-546.0,126.0,29.0,-721.0,-365.0,-434.0,-966.0
-64.0,,-74.0,-616.0,-1.0,-16.0,-694.0,-31.0,-416.0,-782.0
-45.0,,-158.0,-675.0,-113.0,-43.0,-636.0,-160.0,-397.0,-639.0
-76.0,,-239.0,-712.0,-186.0,-68.0,-610.0,-97.0,-349.0,-562.0
-144.0,,-344.0,-698.0,-232.0,-58.0,-618.0,20.0,-295.0,-584.0
-178.0,,-388.0,-626.0,-271.0,-8.0,-593.0,-284.0,-213.0,-695.0
-199.0,,-473.0,-520.0,-305.0,10.0,-584.0,-14.0,-116.0,-835.0
-238.0,,-526.0,-392.0,-313.0,-26.0,-558.0,-312.0,-51.0,-961.0
-343.0,,-557.0,-235.0,-269.0,-93.0,-532.0,-92.0,-6.0,-1025.0
-371.0,,-603.0,-65.0,-154.0,-72.0,-534.0,-138.0,-20.0,-985.0
-370.0,,-592.0,93.0,34.0,18.0,-539.0,-303.0,-57.0,-862.0
-426.0,,-561.0,238.0,262.0,75.0,-548.0,-107.0,-98.0,-661.0
-428.0,,-521.0,359.0,472.0,49.0,-540.0,-467.0,-152.0,-418.0
-498.0,,-465.0,405.0,599.0,-62.0,-532.0,-249.0,-194.0,-173.0
-543.0,,-356.0,394.0,617.0,-38.0,-518.0,-506.0,-224.0,73.0
-538.0,,-278.0,339.0,552.0,27.0,-495.0,-424.0,-248.0,295.0
-598.0,,-192.0,237.0,454.0,-13.0,-484.0,-273.0,-270.0,482.0
-653.0,,-56.0,105.0,367.0,-43.0,-487.0,-465.0,-265.0,636.0
-679.0,,23.0,-61.0,311.0,-65.0,-522.0,-127.0,-245.0,753.0
-680.0,,106.0,-212.0,278.0,-27.0,-536.0,-439.0,-217.0,836.0
-725.0,,195.0,-334.0,245.0,-37.0,-526.0,-280.0,-174.0,909.0
-717.0,,215.0,-464.0,199.0,-110.0,-546.0,-375.0,-138.0,986.0
-672.0,,247.0,-559.0,124.0,-56.0,-576.0,-436.0,-101.0,1080.0
-647.0,,254.0,-577.0,36.0,55.0,-595.0,-205.0,-71.0,1195.0
-594.0,,201.0,-538.0,-40.0,86.0,-586.0,-460.0,-31.0,1307.0
-569.0,,203.0,-487.0,-92.0,-4.0,-554.0,-116.0,-11.0,1388.0
-504.0,,155.0,-434.0,-129.0,-52.0,-543.0,-380.0,-22.0,1446.0
-416.0,,116.0,-364.0,-167.0,-2.0,-515.0,-345.0,-38.0,1452.0
-365.0,,115.0,-266.0,-225.0,32.0,-476.0,-376.0,-84.0,1362.0
-302.0,,78.0,-117.0,-316.0,-1.0,-440.0,-668.0,-166.0,1207.0
-257.0,,80.0,19.0,-422.0,-59.0,-417.0,-421.0,-247.0,998.0
-196.0,,59.0,113.0,-508.0,-21.0,-426.0,-757.0,-307.0,778.0
-140.0,,46.0,205.0,-546.0,-28.0,-389.0,-493.0,-373.0,577.0
-208.0,,30.0,308.0,-529.0,-81.0,-373.0,-570.0,-418.0,391.0
-257.0,,2.0,427.0,-477.0,-49.0,-397.0,-572.0,-426.0,263.0
-193.0,,-21.0,500.0,-405.0,22.0,-386.0,-360.0,-428.0,190.0
-225.0,,-59.0,519.0,-327.0,54.0,-364.0,-622.0,-407.0,172.0
-264.0,,-85.0,516.0,-249.0,-31.0,-335.0,-310.0,-374.0,195.0
-250.0,,-98.0,489.0,-161.0,-95.0,-316.0,-620.0,-335.0,291.0
-261.0,,-115.0,462.0,-49.0,-39.0,-286.0,-463.0,-311.0,429.0
-234.0,,-120.0,426.0,91.0,28.0,-252.0,-406.0,-317.0,573.0
-224.0,,-83.0,409.0,233.0,-4.0,-202.0,-576.0,-336.0,743.0
-245.0,,-91.0,429.0,354.0,-63.0,-174.0,-251.0,-371.0,877.0
-249.0,,-71.0,430.0,438.0,-6.0,-168.0,-539.0,-423.0,1016.0
-185.0,,-9.0,460.0,455.0,40.0,-154.0,-282.0,-485.0,1139.0
-152.0,,0.0,525.0,390.0,-14.0,-150.0,-465.0,-526.0,1214.0
-110.0,,59.0,582.0,278.0,-70.0,-129.0,-526.0,-531.0,1254.0
-66.0,,109.0,628.0,166.0,-39.0,-151.0,-439.0,-467.0,1234.0
-87.0,,141.0,687.0,76.0,20.0,-183.0,-752.0,-342.0,1158.0
-93.0,,221.0,750.0,9.0,39.0,-177.0,-399.0,-176.0,1023.0
-159.0,,281.0,771.0,-43.0,44.0,-160.0,-606.0,11.0,848.0
-284.0,,365.0,799.0,-101.0,43.0,-158.0,-363.0,185.0,627.0
-417.0,,437.0,809.0,-165.0,46.0,-191.0,-301.0,372.0,410.0
-499.0,,489.0,785.0,-246.0,37.0,-179.0,-393.0,558.0,222.0
-598.0,,559.0,749.0,-346.0,14.0,-153.0,-136.0,739.0,31.0
-691.0,,573.0,702.0,-436.0,5.0,-138.0,-498.0,900.0,-123.0
-691.0,,609.0,655.0,-497.0,21.0,-123.0,-203.0,1014.0,-229.0
-686.0,,641.0,607.0,-506.0,16.0,-140.0,-334.0,1096.0,-278.0
-714.0,,620.0,605.0,-460.0,-47.0,-145.0,-269.0,1120.0,-255.0
-706.0,,631.0,587.0,-387.0,-70.0,-171.0,-140.0,1079.0,-180.0
-679.0,,617.0,571.0,-303.0,12.0,-203.0,-380.0,968.0,-46.0
-724.0,,567.0,591.0,-212.0,32.0,-213.0,-73.0,767.0,172.0
-682.0,,529.0,603.0,-114.0,-73.0,-225.0,-408.0,511.0,429.0
-617.0,,472.0,651.0,-23.0,-66.0,-215.0,-234.0,219.0,699.0
-612.0,,403.0,693.0,42.0,9.0,-209.0,-308.0,-94.0,946.0
-557.0,,364.0,722.0,67.0,9.0,-212.0,-417.0,-383.0,1130.0
-522.0,,333.0,740.0,57.0,-3.0,-204.0,-199.0,-614.0,1215.0
-489.0,,318.0,744.0,39.0,-30.0,-189.0,-489.0,-780.0,1155.0
-399.0,,328.0,754.0,24.0,-62.0,-202.0,-116.0,-884.0,992.0
-339.0,,313.0,737.0,26.0,-56.0,-221.0,-303.0,-920.0,742.0
-320.0,,331.0,677.0,49.0,-47.0,-221.0,-238.0,-897.0,384.0
-213.0,,336.0,608.0,84.0,-45.0,-247.0,-171.0,-827.0,-31.0
-95.0,,319.0,578.0,126.0,0.0,-255.0,-432.0,-720.0,-445.0
-23.0,,349.0,563.0,177.0,7.0,-269.0,-160.0,-572.0,-866.0
21.0,,339.0,544.0,238.0,-38.0,-274.0,-489.0,-405.0,-1253.0
20.0,,347.0,508.0,317.0,-43.0,-263.0,-327.0,-239.0,-1560.0
111.0,,348.0,473.0,410.0,-14.0,-290.0,-467.0,-66.0,-1777.0
221.0,,308.0,460.0,489.0,11.0,-306.0,-548.0,77.0,-1896.0
216.0,,300.0,392.0,541.0,-16.0,-305.0,-376.0,202.0,-1919.0
240.0,,225.0,311.0,554.0,-39.0,-315.0,-711.0,311.0,-1830.0
327.0,,150.0,260.0,517.0,-10.0,-334.0,-454.0,364.0,-1648.0
408.0,,95.0,207.0,432.0,2.0,-352.0,-748.0,382.0,-1391.0
489.0,,-9.0,162.0,305.0,-41.0,-367.0,-630.0,359.0,-1080.0
431.0,,-78.0,138.0,157.0,-47.0,-368.0,-558.0,291.0,-753.0
365.0,,-148.0,167.0,15.0,35.0,-370.0,-718.0,205.0,-459.0
401.0,,-245.0,250.0,-97.0,57.0,-380.0,-417.0,106.0,-212.0
340.0,,-297.0,359.0,-173.0,24.0,-392.0,-722.0,15.0,-29.0
236.0,,-372.0,473.0,-237.0,20.0,-413.0,-454.0,-42.0,44.0
181.0,,-429.0,560.0,-302.0,69.0,-402.0,-641.0,-85.0,52.0
156.0,,-425.0,615.0,-362.0,104.0,-372.0,-711.0,-122.0,-8.0
123.0,,-434.0,629.0,-419.0,57.0,-357.0,-615.0,-164.0,-147.0
159.0,,-410.0,599.0,-459.0,57.0,-356.0,-910.0,-212.0,-347.0
163.0,,-384.0,532.0,-452.0,88.0,-330.0,-561.0,-264.0,-591.0
146.0,,-352.0,420.0,-377.0,104.0,-296.0,-849.0,-312.0,-821.0
192.0,,-308.0,301.0,-245.0,91.0,-289.0,-705.0,-341.0,-1034.0
215.0,,-253.0,187.0,-113.0,98.0,-242.0,-776.0,-371.0,-1197.0
332.0,,-192.0,67.0,-32.0,162.0,-185.0,-964.0,-371.0,-1272.0
405.0,,-111.0,-27.0,-9.0,196.0,-172.0,-665.0,-347.0,-1276.0
457.0,,-40.0,-77.0,-25.0,164.0,-160.0,-927.0,-319.0,-1211.0
527.0,,16.0,-63.0,-73.0,124.0,-127.0,-570.0,-267.0,-1089.0
542.0,,93.0,-2.0,-145.0,177.0,-109.0,-694.0,-202.0,-945.0
597.0,,103.0,100.0,-229.0,212.0,-106.0,-646.0,-140.0,-800.0
532.0,,127.0,220.0,-304.0,199.0,-66.0,-493.0,-79.0,-695.0
448.0,,124.0,344.0,-346.0,198.0,-26.0,-733.0,-7.0,-627.0
465.0,,60.0,469.0,-347.0,194.0,-5.0,-426.0,43.0,-556.0
476.0,,12.0,551.0,-322.0,213.0,37.0,-740.0,82.0,-498.0
378.0,,-48.0,604.0,-275.0,202.0,79.0,-607.0,124.0,-414.0
301.0,,-130.0,594.0,-197.0,175.0,118.0,-689.0,156.0,-307.0
309.0,,-174.0,564.0,-113.0,217.0,168.0,-788.0,200.0,-228.0
305.0,,-208.0,522.0,-58.0,244.0,221.0,-548.0,240.0,-162.0
316.0,,-256.0,453.0,-42.0,233.0,280.0,-885.0,256.0,-127.0
211.0,,-235.0,422.0,-50.0,249.0,324.0,-593.0,242.0,-97.0
230.0,,-245.0,394.0,-64.0,260.0,392.0,-807.0,213.0,-75.0
312.0,,-221.0,442.0,-82.0,304.0,493.0,-698.0,187.0,-59.0
255.0,,-173.0,525.0,-105.0,317.0,567.0,-526.0,166.0,-22.0
234.0,,-155.0,572.0,-117.0,331.0,632.0,-746.0,159.0,9.0
178.0,,-82.0,665.0,-109.0,383.0,674.0,-421.0,160.0,32.0
255.0,,-42.0,753.0,-71.0,399.0,693.0,-670.0,167.0,19.0
259.0,,0.0,819.0,-10.0,394.0,725.0,-367.0,176.0,-12.0
163.0,,52.0,888.0,42.0,349.0,721.0,-406.0,200.0,-82.0
181.0,,58.0,974.0,50.0,374.0,709.0,-495.0,232.0,-188.0
149.0,,74.0,1034.0,-3.0,421.0,698.0,-286.0,272.0,-259.0
146.0,,68.0,1031.0,-92.0,374.0,659.0,-578.0,324.0,-301.0
120.0,,20.0,1034.0,-185.0,342.0,637.0,-210.0,382.0,-315.0
38.0,,-7.0,1046.0,-245.0,343.0,623.0,-437.0,450.0,-280.0
-19.0,,-65.0,1028.0,-258.0,367.0,618.0,-386.0,527.0,-187.0
-72.0,,-126.0,991.0,-239.0,398.0,621.0,-408.0,609.0,-60.0
-199.0,,-130.0,941.0,-182.0,363.0,606.0,-715.0,680.0,92.0
-319.0,,-156.0,886.0,-110.0,348.0,612.0,-423.0,721.0,246.0
-339.0,,-145.0,836.0,-51.0,440.0,626.0,-641.0,718.0,381.0
-446.0,,-104.0,757.0,2.0,500.0,635.0,-308.0,682.0,520.0
-564.0,,-90.0,659.0,59.0,438.0,648.0,-443.0,617.0,620.0
-562.0,,-38.0,548.0,119.0,371.0,649.0,-530.0,540.0,667.0
-582.0,,0.0,419.0,179.0,377.0,646.0,-358.0,462.0,658.0
-643.0,,2.0,287.0,227.0,400.0,637.0,-667.0,371.0,616.0
-664.0,,-2.0,152.0,261.0,349.0,605.0,-380.0,295.0,546.0
-651.0,,-20.0,69.0,272.0,285.0,573.0,-631.0,227.0,438.0
-623.0,,-56.0,49.0,269.0,324.0,574.0,-445.0,188.0,309.0
-626.0,,-111.0,14.0,273.0,333.0,592.0,-436.0,169.0,166.0
-611.0,,-156.0,10.0,283.0,279.0,595.0,-691.0,137.0,49.0
-549.0,,-198.0,93.0,282.0,288.0,568.0,-502.0,96.0,-59.0
-531.0,,-249.0,229.0,267.0,294.0,555.0,-835.0,46.0,-154.0
-485.0,,-310.0,390.0,252.0,251.0,565.0,-539.0,-2.0,-231.0
-428.0,,-368.0,511.0,244.0,215.0,534.0,-652.0,-71.0,-282.0
-368.0,,-423.0,602.0,251.0,200.0,516.0,-611.0,-126.0,-341.0
-189.0,,-465.0,683.0,251.0,226.0,551.0,-474.0,-164.0,-429.0
-32.0,,-512.0,760.0,224.0,262.0,563.0,-731.0,-190.0,-490.0
-3.0,,-538.0,846.0,194.0,239.0,553.0,-412.0,-221.0,-539.0
98.0,,-577.0,902.0,181.0,216.0,550.0,-694.0,-262.0,-561.0
260.0,,-633.0,965.0,186.0,210.0,562.0,-500.0,-297.0,-589.0
320.0,,-650.0,1031.0,187.0,177.0,546.0,-506.0,-363.0,-641.0
383.0,,-685.0,1074.0,175.0,131.0,525.0,-594.0,-423.0,-701.0
443.0,,-721.0,1111.0,166.0,162.0,534.0,-341.0,-478.0,-786.0
472.0,,-737.0,1099.0,159.0,201.0,507.0,-655.0,-536.0,-867.0
517.0,,-759.0,1021.0,148.0,138.0,467.0,-365.0,-577.0,-948.0
499.0,,-792.0,944.0,138.0,111.0,431.0,-582.0,-605.0,-964.0
461.0,,-780.0,899.0,126.0,134.0,392.0,-493.0,-605.0,-932.0
461.0,,-777.0,843.0,90.0,177.0,362.0,-351.0,-584.0,-879.0
461.0,,-773.0,798.0,35.0,154.0,336.0,-559.0,-534.0,-761.0
460.0,,-721.0,761.0,-11.0,70.0,306.0,-240.0,-458.0,-617.0
468.0,,-705.0,724.0,-35.0,95.0,277.0,-598.0,-354.0,-440.0
494.0,,-666.0,749.0,-40.0,155.0,257.0,-423.0,-225.0,-254.0
542.0,,-623.0,787.0,-34.0,209.0,225.0,-506.0,-108.0,-44.0
579.0,,-599.0,799.0,-21.0,191.0,221.0,-578.0,-1.0,181.0
603.0,,-546.0,837.0,1.0,142.0,193.0,-336.0,89.0,381.0
658.0,,-512.0,844.0,30.0,184.0,151.0,-607.0,153.0,569.0
675.0,,-465.0,815.0,47.0,207.0,138.0,-236.0,192.0,737.0
633.0,,-386.0,795.0,43.0,202.0,111.0,-415.0,197.0,881.0
654.0,,-317.0,723.0,39.0,198.0,83.0,-327.0,178.0,965.0
699.0,,-250.0,628.0,61.0,281.0,84.0,-332.0,147.0,1009.0
701.0,,-164.0,556.0,100.0,389.0,116.0,-607.0,109.0,1009.0
685.0,,-114.0,476.0,120.0,392.0,116.0,-334.0,89.0,972.0
673.0,,-62.0,397.0,106.0,369.0,116.0,-635.0,68.0,896.0
676.0,,-5.0,315.0,66.0,359.0,153.0,-343.0,44.0,762.0
683.0,,-2.0,212.0,30.0,392.0,166.0,-432.0,26.0,625.0
637.0,,46.0,137.0,21.0,411.0,187.0,-474.0,0.0,470.0
552.0,,81.0,118.0,36.0,406.0,230.0,-238.0,-27.0,299.0
612.0,,80.0,138.0,55.0,420.0,255.0,-467.0,-45.0,115.0
642.0,,133.0,177.0,73.0,459.0,278.0,-75.0,-78.0,-40.0
540.0,,153.0,262.0,87.0,488.0,299.0,-284.0,-97.0,-164.0
543.0,,142.0,395.0,93.0,475.0,325.0,-184.0,-97.0,-273.0
546.0,,174.0,502.0,104.0,472.0,366.0,-232.0,-89.0,-314.0
558.0,,149.0,566.0,124.0,470.0,393.0,-460.0,-40.0,-310.0
550.0,,118.0,595.0,154.0,457.0,440.0,-194.0,14.0,-240.0
485.0,,129.0,608.0,184.0,415.0,459.0,-561.0,70.0,-107.0
458.0,,109.0,603.0,204.0,436.0,453.0,-325.0,134.0,70.0
428.0,,152.0,560.0,197.0,494.0,471.0,-478.0,199.0,258.0
426.0,,174.0,517.0,145.0,515.0,470.0,-476.0,246.0,442.0
330.0,,216.0,477.0,55.0,502.0,456.0,-245.0,270.0,616.0
219.0,,284.0,434.0,-36.0,473.0,421.0,-443.0,297.0,732.0
160.0,,291.0,411.0,-123.0,482.0,414.0,-133.0,310.0,752.0
80.0,,349.0,414.0,-203.0,430.0,414.0,-432.0,321.0,681.0
24.0,,369.0,480.0,-240.0,401.0,394.0,-290.0,339.0,555.0
-42.0,,351.0,608.0,-223.0,401.0,375.0,-343.0,341.0,374.0
-50.0,,333.0,709.0,-170.0,421.0,344.0,-473.0,316.0,167.0
-78.0,,285.0,781.0,-102.0,498.0,336.0,-219.0,284.0,-17.0
-95.0,,252.0,833.0,-42.0,479.0,314.0,-582.0,242.0,-164.0
-54.0,,222.0,877.0,-1.0,425.0,289.0,-336.0,177.0,-306.0
-89.0,,166.0,939.0,41.0,428.0,299.0,-522.0,102.0,-434.0
-83.0,,125.0,981.0,81.0,446.0,308.0,-456.0,7.0,-531.0
-54.0,,79.0,1004.0,97.0,423.0,280.0,-297.0,-91.0,-621.0
-86.0,,-3.0,1013.0,82.0,419.0,251.0,-487.0,-177.0,-682.0
-98.0,,-28.0,1021.0,35.0,425.0,259.0,-169.0,-265.0,-719.0
-104.0,,-66.0,1029.0,-33.0,437.0,277.0,-465.0,-322.0,-741.0
-116.0,,-113.0,1013.0,-94.0,474.0,260.0,-299.0,-334.0,-748.0
-129.0,,-110.0,1010.0,-133.0,440.0,212.0,-399.0,-321.0,-740.0
-112.0,,-126.0,1008.0,-155.0,401.0,173.0,-476.0,-272.0,-740.0
-116.0,,-124.0,1002.0,-154.0,375.0,124.0,-242.0,-191.0,-749.0
-228.0,,-127.0,973.0,-128.0,383.0,101.0,-454.0,-81.0,-744.0
-181.0,,-116.0,940.0,-97.0,388.0,73.0,-70.0,25.0,-744.0
-63.0,,-123.0,934.0,-87.0,379.0,38.0,-284.0,102.0,-718.0
-55.0,,-126.0,948.0,-84.0,418.0,35.0,-164.0,162.0,-665.0
-61.0,,-101.0,943.0,-53.0,354.0,3.0,-112.0,193.0,-618.0
-18.0,,-96.0,838.0,13.0,279.0,-6.0,-325.0,179.0,-561.0
134.0,,-86.0,653.0,97.0,318.0,0.0,-44.0,119.0,-478.0
198.0,,-98.0,441.0,160.0,338.0,-12.0,-371.0,21.0,-383.0
237.0,,-66.0,244.0,184.0,316.0,-9.0,-84.0,-93.0,-328.0
223.0,,-81.0,65.0,175.0,321.0,7.0,-201.0,-218.0,-311.0
272.0,,-83.0,-102.0,132.0,353.0,12.0,-238.0,-333.0,-312.0
464.0,,-64.0,-217.0,63.0,419.0,7.0,-84.0,-442.0,-361.0
450.0,,-105.0,-263.0,-25.0,464.0,37.0,-388.0,-530.0,-441.0
352.0,,-98.0,-272.0,-118.0,494.0,55.0,-33.0,-590.0,-557.0
389.0,,-132.0,-249.0,-191.0,571.0,33.0,-253.0,-637.0,-688.0
464.0,,-160.0,-177.0,-220.0,583.0,40.0,-42.0,-665.0,-775.0
390.0,,-170.0,-107.0,-210.0,546.0,65.0,18.0,-666.0,-830.0
296.0,,-197.0,-78.0,-179.0,534.0,50.0,-118.0,-643.0,-833.0
256.0,,-237.0,-78.0,-125.0,546.0,7.0,94.0,-608.0,-774.0
196.0,,-261.0,-83.0,-59.0,548.0,-18.0,-264.0,-568.0,-674.0
159.0,,-299.0,-89.0,10.0,526.0,-39.0,12.0,-517.0,-545.0
119.0,,-352.0,-103.0,68.0,503.0,-94.0,-173.0,-476.0,-405.0
-4.0,,-362.0,-143.0,92.0,544.0,-161.0,-116.0,-432.0,-272.0
-85.0,,-416.0,-213.0,105.0,657.0,-197.0,44.0,-385.0,-170.0
-15.0,,-444.0,-258.0,136.0,676.0,-233.0,-188.0,-347.0,-96.0
-58.0,,-482.0,-291.0,189.0,642.0,-292.0,114.0,-310.0,-66.0
-158.0,,-501.0,-322.0,238.0,653.0,-314.0,-208.0,-270.0,-90.0
-179.0,,-490.0,-321.0,261.0,694.0,-317.0,-5.0,-224.0,-135.0
-149.0,,-509.0,-280.0,275.0,724.0,-343.0,-29.0,-165.0,-205.0
-162.0,,-483.0,-223.0,281.0,661.0,-341.0,-83.0,-104.0,-286.0
-222.0,,-486.0,-158.0,261.0,611.0,-328.0,203.0,-62.0,-344.0
-234.0,,-503.0,-76.0,226.0,578.0,-358.0,-51.0,-29.0,-384.0
-317.0,,-491.0,-4.0,203.0,499.0,-377.0,303.0,4.0,-400.0
-270.0,,-501.0,18.0,222.0,500.0,-375.0,107.0,29.0,-388.0
-243.0,,-512.0,-13.0,288.0,523.0,-406.0,171.0,49.0,-368.0
-375.0,,-497.0,-41.0,350.0,502.0,-440.0,210.0,62.0,-336.0
-334.0,,-529.0,-60.0,364.0,515.0,-440.0,-42.0,80.0,-306.0
-267.0,,-540.0,-64.0,319.0,521.0,-437.0,280.0,111.0,-280.0
-238.0,,-528.0,-11.0,221.0,524.0,-447.0,25.0,135.0,-275.0
-198.0,,-570.0,71.0,97.0,531.0,-464.0,312.0,159.0,-287.0
-144.0,,-561.0,153.0,-33.0,453.0,-486.0,225.0,180.0,-277.0
-88.0,,-564.0,219.0,-152.0,367.0,-483.0,147.0,181.0,-247.0
-30.0,,-587.0,282.0,-258.0,382.0,-473.0,352.0,155.0,-172.0
103.0,,-581.0,341.0,-365.0,366.0,-445.0,99.0,100.0,-59.0
199.0,,-582.0,387.0,-453.0,324.0,-400.0,458.0,41.0,68.0
219.0,,-563.0,400.0,-494.0,349.0,-380.0,269.0,-29.0,203.0
282.0,,-512.0,373.0,-485.0,304.0,-363.0,447.0,-104.0,333.0
398.0,,-470.0,325.0,-435.0,213.0,-365.0,485.0,-169.0,478.0
417.0,,-401.0,242.0,-347.0,149.0,-370.0,279.0,-210.0,617.0
416.0,,-312.0,148.0,-209.0,141.0,-364.0,528.0,-208.0,758.0
418.0,,-249.0,68.0,-41.0,154.0,-384.0,182.0,-202.0,901.0
363.0,,-166.0,-6.0,108.0,125.0,-383.0,376.0,-195.0,1024.0
407.0,,-135.0,-67.0,219.0,77.0,-380.0,123.0,-192.0,1134.0
399.0,,-97.0,-71.0,289.0,16.0,-408.0,27.0,-184.0,1208.0
313.0,,-48.0,-55.0,326.0,75.0,-436.0,140.0,-171.0,1247.0
296.0,,-70.0,-43.0,354.0,108.0,-461.0,-147.0,-153.0,1261.0
381.0,,-58.0,-6.0,391.0,-42.0,-463.0,192.0,-121.0,1237.0
445.0,,-54.0,28.0,444.0,-126.0,-442.0,-27.0,-93.0,1175.0
390.0,,-60.0,87.0,515.0,-93.0,-449.0,214.0,-70.0,1115.0
422.0,,-5.0,169.0,575.0,-118.0,-451.0,282.0,-81.0,1069.0
506.0,,15.0,240.0,596.0,-226.0,-421.0,214.0,-115.0,988.0
566.0,,63.0,262.0,558.0,-236.0,-428.0,498.0,-160.0,900.0
588.0,,141.0,257.0,473.0,-191.0,-432.0,157.0,-231.0,796.0
554.0,,185.0,283.0,376.0,-256.0,-400.0,436.0,-302.0,700.0
526.0,,260.0,288.0,282.0,-290.0,-368.0,279.0,-359.0,639.0
560.0,,298.0,252.0,174.0,-303.0,-349.0,367.0,-407.0,565.0
557.0,,341.0,224.0,41.0,-381.0,-346.0,498.0,-434.0,497.0
404.0,,407.0,200.0,-106.0,-405.0,-334.0,234.0,-450.0,426.0
360.0,,444.0,168.0,-258.0,-341.0,-311.0,461.0,-459.0,349.0
438.0,,485.0,117.0,-397.0,-315.0,-296.0,109.0,-446.0,232.0
404.0,,512.0,69.0,-508.0,-372.0,-275.0,345.0,-422.0,104.0
327.0,,505.0,55.0,-575.0,-369.0,-242.0,258.0,-382.0,2.0
324.0,,523.0,52.0,-597.0,-313.0,-213.0,223.0,-331.0,-98.0
318.0,,534.0,70.0,-572.0,-339.0,-188.0,521.0,-264.0,-145.0
297.0,,522.0,106.0,-500.0,-388.0,-177.0,310.0,-199.0,-153.0
289.0,,547.0,134.0,-410.0,-379.0,-167.0,668.0,-150.0,-100.0
239.0,,544.0,161.0,-341.0,-376.0,-156.0,378.0,-91.0,-7.0
174.0,,550.0,189.0,-319.0,-367.0,-174.0,439.0,-43.0,108.0
166.0,,555.0,229.0,-342.0,-372.0,-170.0,452.0,0.0,277.0
130.0,,549.0,236.0,-392.0,-418.0,-138.0,280.0,36.0,452.0
38.0,,564.0,205.0,-434.0,-402.0,-115.0,607.0,45.0,644.0
13.0,,526.0,151.0,-456.0,-379.0,-106.0,358.0,38.0,832.0
-30.0,,510.0,69.0,-452.0,-377.0,-105.0,674.0,12.0,1010.0
-139.0,,496.0,-61.0,-404.0,-349.0,-107.0,471.0,-25.0,1170.0
-197.0,,479.0,-214.0,-316.0,-313.0,-112.0,358.0,-72.0,1290.0
-195.0,,447.0,-291.0,-204.0,-275.0,-113.0,454.0,-124.0,1368.0
-276.0,,407.0,-289.0,-88.0,-261.0,-139.0,92.0,-182.0,1389.0
-407.0,,393.0,-236.0,13.0,-212.0,-191.0,356.0,-229.0,1373.0
-373.0,,355.0,-173.0,75.0,-205.0,-217.0,125.0,-267.0,1326.0
-388.0,,351.0,-127.0,91.0,-197.0,-246.0,371.0,-287.0,1256.0
-471.0,,323.0,-58.0,86.0,-91.0,-301.0,421.0,-294.0,1123.0
-461.0,,320.0,34.0,84.0,-57.0,-355.0,315.0,-302.0,961.0
-469.0,,333.0,122.0,109.0,-108.0,-388.0,606.0,-302.0,819.0
-431.0,,294.0,199.0,160.0,-75.0,-398.0,271.0,-328.0,643.0
-389.0,,310.0,256.0,220.0,9.0,-417.0,541.0,-366.0,467.0
-381.0,,309.0,281.0,269.0,-4.0,-393.0,319.0,-383.0,309.0
-375.0,,283.0,308.0,304.0,7.0,-353.0,299.0,-385.0,156.0
-284.0,,290.0,323.0,332.0,15.0,-341.0,441.0,-352.0,40.0
-144.0,,286.0,302.0,365.0,104.0,-310.0,190.0,-286.0,-60.0
-166.0,,277.0,283.0,402.0,224.0,-264.0,482.0,-189.0,-152.0
-165.0,,295.0,288.0,422.0,160.0,-230.0,145.0,-56.0,-209.0
-37.0,,290.0,260.0,417.0,198.0,-234.0,282.0,97.0,-224.0
3.0,,278.0,186.0,400.0,263.0,-242.0,201.0,251.0,-208.0
-39.0,,291.0,107.0,376.0,306.0,-244.0,110.0,387.0,-170.0
-17.0,,275.0,20.0,340.0,319.0,-256.0,382.0,505.0,-85.0
-3.0,,287.0,-43.0,286.0,251.0,-251.0,109.0,590.0,38.0
-24.0,,300.0,-70.0,221.0,283.0,-252.0,476.0,637.0,229.0
-30.0,,308.0,-92.0,142.0,307.0,-276.0,279.0,667.0,438.0
-87.0,,330.0,-128.0,41.0,283.0,-291.0,341.0,667.0,628.0
-61.0,,322.0,-195.0,-63.0,280.0,-299.0,443.0,629.0,821.0
15.0,,332.0,-238.0,-157.0,312.0,-290.0,219.0,572.0,944.0
7.0,,302.0,-254.0,-221.0,331.0,-261.0,522.0,496.0,1004.0
2.0,,286.0,-317.0,-243.0,303.0,-247.0,197.0,395.0,1019.0
87.0,,275.0,-380.0,-223.0,303.0,-213.0,408.0,274.0,973.0
202.0,,215.0,-377.0,-164.0,454.0,-158.0,332.0,141.0,863.0
222.0,,173.0,-320.0,-95.0,578.0,-120.0,301.0,-10.0,712.0
275.0,,132.0,-253.0,-54.0,424.0,-113.0,476.0,-192.0,556.0
336.0,,81.0,-217.0,-47.0,319.0,-90.0,158.0,-366.0,402.0
373.0,,57.0,-199.0,-50.0,454.0,-78.0,511.0,-541.0,265.0
422.0,,44.0,-154.0,-62.0,523.0,-102.0,260.0,-711.0,150.0
396.0,,-1.0,-100.0,-109.0,397.0,-95.0,376.0,-856.0,63.0
399.0,,-15.0,-60.0,-195.0,380.0,-102.0,413.0,-979.0,-27.0
392.0,,-46.0,16.0,-290.0,495.0,-110.0,181.0,-1045.0,-142.0
353.0,,-69.0,129.0,-360.0,391.0,-104.0,485.0,-1075.0,-276.0
338.0,,-78.0,240.0,-392.0,314.0,-95.0,192.0,-1057.0,-427.0
311.0,,-134.0,348.0,-387.0,458.0,-64.0,473.0,-990.0,-593.0
320.0,,-159.0,468.0,-347.0,519.0,-33.0,419.0,-905.0,-733.0
330.0,,-205.0,556.0,-280.0,466.0,-1.0,408.0,-795.0,-841.0
276.0,,-259.0,567.0,-220.0,491.0,19.0,497.0,-697.0,-913.0
345.0,,-308.0,524.0,-190.0,547.0,39.0,149.0,-606.0,-919.0
448.0,,-392.0,432.0,-169.0,442.0,67.0,437.0,-498.0,-918.0
354.0,,-450.0,338.0,-132.0,395.0,86.0,149.0,-385.0,-891.0
312.0,,-502.0,273.0,-77.0,482.0,87.0,256.0,-268.0,-862.0
369.0,,-556.0,198.0,-19.0,497.0,110.0,206.0,-141.0,-834.0
325.0,,-580.0,117.0,34.0,456.0,127.0,44.0,-8.0,-815.0
222.0,,-578.0,27.0,64.0,415.0,114.0,314.0,114.0,-826.0
170.0,,-558.0,-93.0,46.0,406.0,103.0,-1.0,234.0,-830.0
99.0,,-489.0,-229.0,-26.0,418.0,95.0,258.0,355.0,-845.0
27.0,,-404.0,-344.0,-127.0,472.0,101.0,112.0,460.0,-848.0
5.0,,-330.0,-425.0,-205.0,431.0,95.0,216.0,551.0,-853.0
-83.0,,-201.0,-479.0,-234.0,356.0,118.0,391.0,605.0,-855.0
-126.0,,-85.0,-474.0,-219.0,417.0,169.0,166.0,619.0,-848.0
-71.0,,9.0,-410.0,-165.0,409.0,182.0,467.0,603.0,-842.0
-74.0,,125.0,-342.0,-90.0,329.0,211.0,133.0,570.0,-819.0
-126.0,,221.0,-304.0,-18.0,318.0,265.0,312.0,522.0,-800.0
-98.0,,301.0,-269.0,13.0,349.0,299.0,253.0,457.0,-750.0
-54.0,,392.0,-182.0,-1.0,343.0,315.0,114.0,402.0,-695.0
-68.0,,494.0,-88.0,-37.0,321.0,325.0,351.0,340.0,-624.0
-73.0,,558.0,-28.0,-75.0,318.0,327.0,62.0,275.0,-512.0
-49.0,,611.0,-14.0,-115.0,290.0,337.0,400.0,207.0,-393.0
-29.0,,658.0,-54.0,-178.0,281.0,324.0,203.0,141.0,-274.0
-35.0,,683.0,-101.0,-255.0,322.0,288.0,205.0,92.0,-183.0
16.0,,657.0,-166.0,-329.0,336.0,269.0,229.0,71.0,-125.0
56.0,,597.0,-245.0,-378.0,316.0,236.0,29.0,69.0,-89.0
57.0,,551.0,-309.0,-372.0,297.0,213.0,352.0,89.0,-78.0
145.0,,453.0,-343.0,-306.0,268.0,190.0,55.0,147.0,-102.0
227.0,,382.0,-321.0,-194.0,266.0,132.0,321.0,201.0,-133.0
304.0,,303.0,-289.0,-77.0,248.0,97.0,208.0,261.0,-127.0
403.0,,217.0,-258.0,19.0,197.0,54.0,140.0,322.0,-93.0
459.0,,162.0,-198.0,93.0,159.0,-21.0,376.0,363.0,-18.0
513.0,,58.0,-102.0,159.0,89.0,-72.0,86.0,383.0,107.0
585.0,,5.0,28.0,217.0,95.0,-119.0,399.0,380.0,281.0
589.0,,-46.0,177.0,264.0,115.0,-148.0,121.0,350.0,476.0
477.0,,-93.0,356.0,291.0,90.0,-160.0,184.0,299.0,651.0
396.0,,-91.0,525.0,300.0,143.0,-166.0,175.0,261.0,785.0
410.0,,-86.0,653.0,302.0,158.0,-141.0,-25.0,215.0,851.0
312.0,,-62.0,768.0,265.0,139.0,-146.0,240.0,163.0,857.0
98.0,,-10.0,821.0,184.0,122.0,-181.0,-116.0,125.0,802.0
-17.0,,66.0,782.0,74.0,75.0,-200.0,151.0,101.0,693.0
-76.0,,127.0,675.0,-39.0,20.0,-225.0,31.0,97.0,578.0
-179.0,,200.0,536.0,-141.0,-43.0,-279.0,16.0,102.0,472.0
-279.0,,246.0,408.0,-207.0,-86.0,-331.0,179.0,127.0,361.0
-396.0,,274.0,276.0,-218.0,-123.0,-364.0,-97.0,151.0,270.0
-454.0,,294.0,142.0,-188.0,-112.0,-372.0,181.0,172.0,190.0
-422.0,,263.0,41.0,-120.0,-108.0,-389.0,-116.0,184.0,134.0
-476.0,,238.0,-6.0,-44.0,-114.0,-418.0,68.0,161.0,143.0
-554.0,,193.0,20.0,9.0,-114.0,-401.0,24.0,119.0,170.0
-535.0,,137.0,73.0,34.0,-135.0,-394.0,-127.0,64.0,226.0
-470.0,,97.0,157.0,32.0,-92.0,-395.0,121.0,6.0,319.0
-473.0,,39.0,273.0,6.0,-130.0,-377.0,-266.0,-41.0,395.0
-479.0,,34.0,371.0,-33.0,-175.0,-376.0,35.0,-69.0,465.0
-449.0,,39.0,471.0,-67.0,-162.0,-370.0,-105.0,-81.0,542.0
-435.0,,22.0,588.0,-83.0,-179.0,-365.0,-18.0,-73.0,617.0
-379.0,,77.0,693.0,-66.0,-170.0,-370.0,144.0,-66.0,668.0
-316.0,,95.0,748.0,0.0,-173.0,-383.0,-125.0,-61.0,699.0
-311.0,,145.0,765.0,103.0,-174.0,-418.0,131.0,-32.0,692.0
-374.0,,230.0,750.0,216.0,-196.0,-461.0,-171.0,-30.0,645.0
-364.0,,248.0,705.0,332.0,-235.0,-526.0,33.0,-33.0,573.0
-375.0,,358.0,633.0,452.0,-232.0,-592.0,-73.0,-25.0,442.0
-438.0,,429.0,523.0,552.0,-219.0,-638.0,-182.0,-20.0,260.0
-434.0,,476.0,444.0,602.0,-226.0,-688.0,35.0,0.0,87.0
-515.0,,573.0,388.0,593.0,-193.0,-727.0,-247.0,5.0,-91.0
-548.0,,618.0,332.0,523.0,-158.0,-759.0,107.0,-20.0,-265.0
-520.0,,675.0,271.0,394.0,-154.0,-776.0,-84.0,-40.0,-368.0
-582.0,,716.0,202.0,227.0,-146.0,-754.0,5.0,-77.0,-417.0
-677.0,,723.0,186.0,53.0,-160.0,-752.0,49.0,-143.0,-400.0
-631.0,,720.0,191.0,-87.0,-163.0,-764.0,-208.0,-200.0,-307.0
-513.0,,693.0,186.0,-183.0,-169.0,-748.0,83.0,-262.0,-167.0
-567.0,,634.0,216.0,-259.0,-167.0,-744.0,-162.0,-306.0,-3.0
-590.0,,580.0,265.0,-341.0,-207.0,-744.0,84.0,-310.0,175.0
-480.0,,489.0,287.0,-435.0,-224.0,-751.0,-44.0,-293.0,322.0
-389.0,,409.0,299.0,-519.0,-200.0,-754.0,-118.0,-254.0,419.0
-377.0,,361.0,346.0,-570.0,-206.0,-750.0,51.0,-211.0,476.0
-383.0,,264.0,371.0,-592.0,-178.0,-779.0,-251.0,-165.0,453.0
-327.0,,224.0,356.0,-594.0,-181.0,-809.0,24.0,-95.0,352.0
-283.0,,189.0,321.0,-574.0,-131.0,-827.0,-256.0,-8.0,171.0
-221.0,,117.0,267.0,-528.0,-85.0,-810.0,-110.0,74.0,-54.0
-218.0,,107.0,222.0,-452.0,-125.0,-793.0,-40.0,143.0,-291.0
-248.0,,81.0,188.0,-363.0,-139.0,-819.0,-219.0,196.0,-527.0
-157.0,,34.0,157.0,-275.0,-135.0,-830.0,48.0,236.0,-723.0
-78.0,,52.0,104.0,-187.0,-85.0,-809.0,-267.0,246.0,-872.0
-35.0,,18.0,68.0,-71.0,-68.0,-795.0,-16.0,239.0,-942.0
9.0,,-17.0,81.0,74.0,-62.0,-766.0,-186.0,227.0,-991.0
59.0,,11.0,96.0,219.0,-35.0,-735.0,-173.0,181.0,-1043.0
134.0,,-32.0,106.0,332.0,-77.0,-715.0,-3.0,120.0,-1051.0
190.0,,-45.0,118.0,406.0,-81.0,-695.0,-295.0,48.0,-1063.0
232.0,,-37.0,141.0,452.0,-58.0,-679.0,1.0,-35.0,-1082.0
229.0,,-74.0,147.0,458.0,10.0,-651.0,-352.0,-117.0,-1099.0
224.0,,-59.0,110.0,419.0,106.0,-631.0,-223.0,-220.0,-1131.0
289.0,,-68.0,44.0,351.0,95.0,-590.0,-230.0,-325.0,-1153.0
272.0,,-83.0,-6.0,258.0,85.0,-578.0,-369.0,-422.0,-1163.0
253.0,,-77.0,-50.0,134.0,143.0,-585.0,-94.0,-503.0,-1160.0
261.0,,-109.0,-121.0,-9.0,206.0,-551.0,-430.0,-566.0,-1128.0
184.0,,-125.0,-173.0,-163.0,172.0,-526.0,-123.0,-601.0,-1043.0
251.0,,-139.0,-216.0,-317.0,116.0,-517.0,-254.0,-605.0,-924.0
328.0,,-165.0,-236.0,-447.0,148.0,-556.0,-158.0,-595.0,-809.0
284.0,,-180.0,-200.0,-514.0,160.0,-592.0,12.0,-560.0,-692.0
263.0,,-197.0,-155.0,-503.0,169.0,-587.0,-199.0,-523.0,-601.0
366.0,,-219.0,-90.0,-436.0,152.0,-599.0,147.0,-474.0,-572.0
516.0,,-236.0,2.0,-350.0,99.0,-599.0,-169.0,-404.0,-598.0
472.0,,-237.0,120.0,-269.0,87.0,-596.0,-11.0,-333.0,-695.0
476.0,,-264.0,217.0,-187.0,64.0,-610.0,-72.0,-242.0,-846.0
586.0,,-256.0,266.0,-113.0,46.0,-599.0,-157.0,-137.0,-1021.0
634.0,,-258.0,325.0,-68.0,31.0,-583.0,72.0,-24.0,-1234.0
618.0,,-271.0,374.0,-63.0,8.0,-575.0,-234.0,95.0,-1442.0
547.0,,-239.0,424.0,-85.0,25.0,-581.0,99.0,206.0,-1600.0
548.0,,-248.0,449.0,-101.0,2.0,-590.0,-97.0,311.0,-1725.0
585.0,,-203.0,441.0,-89.0,-47.0,-591.0,-7.0,400.0,-1791.0
599.0,,-172.0,429.0,-39.0,-69.0,-598.0,62.0,463.0,-1796.0
559.0,,-165.0,353.0,44.0,-116.0,-582.0,-216.0,495.0,-1761.0
532.0,,-95.0,300.0,125.0,-123.0,-560.0,22.0,510.0,-1690.0
618.0,,-64.0,304.0,163.0,-79.0,-573.0,-295.0,518.0,-1576.0
660.0,,-33.0,314.0,125.0,-87.0,-562.0,-48.0,510.0,-1433.0
604.0,,13.0,336.0,10.0,-148.0,-508.0,-107.0,469.0,-1278.0
611.0,,22.0,350.0,-141.0,-200.0,-479.0,-160.0,387.0,-1100.0
678.0,,17.0,358.0,-272.0,-219.0,-461.0,31.0,276.0,-917.0
608.0,,24.0,351.0,-343.0,-283.0,-420.0,-260.0,141.0,-762.0
546.0,,-19.0,348.0,-336.0,-368.0,-383.0,40.0,-6.0,-624.0
595.0,,-47.0,351.0,-256.0,-402.0,-356.0,-197.0,-161.0,-497.0
511.0,,-73.0,323.0,-132.0,-429.0,-352.0,-101.0,-302.0,-394.0
444.0,,-111.0,294.0,1.0,-412.0,-327.0,-103.0,-427.0,-290.0
439.0,,-101.0,290.0,115.0,-394.0,-277.0,-338.0,-518.0,-215.0
354.0,,-141.0,279.0,204.0,-392.0,-281.0,-96.0,-556.0,-168.0
281.0,,-114.0,259.0,284.0,-422.0,-272.0,-439.0,-550.0,-140.0
206.0,,-103.0,257.0,350.0,-452.0,-253.0,-194.0,-489.0,-153.0
141.0,,-119.0,236.0,371.0,-372.0,-278.0,-349.0,-409.0,-182.0
63.0,,-93.0,195.0,346.0,-375.0,-292.0,-400.0,-300.0,-247.0
-6.0,,-120.0,172.0,297.0,-469.0,-308.0,-214.0,-201.0,-341.0
-72.0,,-107.0,185.0,232.0,-535.0,-330.0,-458.0,-121.0,-437.0
-147.0,,-104.0,190.0,176.0,-577.0,-346.0,-138.0,-13.0,-562.0
-147.0,,-108.0,162.0,146.0,-558.0,-350.0,-408.0,91.0,-712.0
-168.0,,-61.0,141.0,161.0,-567.0,-347.0,-238.0,208.0,-849.0
-211.0,,-35.0,109.0,228.0,-546.0,-340.0,-225.0,336.0,-972.0
-209.0,,-9.0,74.0,312.0,-539.0,-334.0,-338.0,447.0,-1071.0
-148.0,,45.0,35.0,364.0,-578.0,-328.0,-55.0,555.0,-1116.0
-94.0,,73.0,2.0,339.0,-512.0,-331.0,-375.0,658.0,-1115.0
-143.0,,121.0,-3.0,228.0,-463.0,-352.0,-73.0,726.0,-1064.0
-116.0,,174.0,7.0,66.0,-439.0,-340.0,-299.0,751.0,-977.0
-80.0,,184.0,34.0,-102.0,-426.0,-342.0,-345.0,747.0,-865.0
-102.0,,236.0,76.0,-219.0,-511.0,-366.0,-256.0,694.0,-733.0
-59.0,,254.0,145.0,-252.0,-550.0,-406.0,-537.0,597.0,-610.0
-132.0,,269.0,203.0,-223.0,-498.0,-441.0,-247.0,469.0,-512.0
-182.0,,291.0,273.0,-145.0,-530.0,-436.0,-574.0,314.0,-424.0
-173.0,,292.0,366.0,-46.0,-607.0,-440.0,-363.0,173.0,-332.0
-276.0,,311.0,459.0,39.0,-561.0,-433.0,-373.0,64.0,-250.0
-382.0,,299.0,548.0,92.0,-467.0,-440.0,-436.0,-43.0,-189.0
-477.0,,297.0,596.0,98.0,-457.0,-465.0,-153.0,-145.0,-157.0
-516.0,,297.0,596.0,69.0,-549.0,-448.0,-463.0,-237.0,-136.0
-588.0,,292.0,558.0,30.0,-525.0,-441.0,-162.0,-309.0,-109.0
-663.0,,263.0,492.0,-10.0,-427.0,-476.0,-384.0,-380.0,-102.0
-670.0,,240.0,404.0,-43.0,-474.0,-493.0,-279.0,-441.0,-102.0
-697.0,,232.0,327.0,-44.0,-454.0,-517.0,-129.0,-473.0,-71.0
-653.0,,197.0,259.0,-4.0,-388.0,-567.0,-303.0,-502.0,-19.0
-591.0,,189.0,191.0,57.0,-411.0,-593.0,1.0,-504.0,48.0
-553.0,,129.0,176.0,116.0,-415.0,-606.0,-312.0,-486.0,118.0
-474.0,,66.0,238.0,153.0,-401.0,-620.0,-35.0,-445.0,173.0
-375.0,,23.0,338.0,162.0,-402.0,-615.0,-70.0,-381.0,205.0
-307.0,,-55.0,425.0,152.0,-343.0,-582.0,-24.0,-313.0,207.0
-255.0,,-102.0,523.0,153.0,-287.0,-570.0,219.0,-235.0,177.0
-162.0,,-167.0,651.0,175.0,-304.0,-557.0,-125.0,-157.0,118.0
-65.0,,-207.0,792.0,191.0,-283.0,-512.0,164.0,-87.0,66.0
36.0,,-238.0,909.0,181.0,-290.0,-487.0,-84.0,-20.0,0.0
151.0,,-274.0,958.0,156.0,-252.0,-486.0,99.0,46.0,-72.0
263.0,,-277.0,944.0,137.0,-281.0,-510.0,210.0,104.0,-160.0
319.0,,-278.0,872.0,126.0,-425.0,-534.0,62.0,143.0,-268.0
373.0,,-271.0,760.0,104.0,-290.0,-560.0,362.0,140.0,-357.0
470.0,,-243.0,600.0,75.0,-221.0,-595.0,31.0,103.0,-446.0
516.0,,-195.0,397.0,55.0,-416.0,-628.0,284.0,60.0,-523.0
500.0,,-175.0,234.0,45.0,-438.0,-650.0,97.0,-6.0,-577.0
477.0,,-131.0,129.0,25.0,-327.0,-656.0,70.0,-93.0,-590.0
508.0,,-109.0,71.0,-22.0,-292.0,-696.0,264.0,-192.0,-580.0
508.0,,-116.0,70.0,-80.0,-350.0,-701.0,20.0,-282.0,-576.0
433.0,,-79.0,96.0,-137.0,-404.0,-707.0,380.0,-340.0,-567.0
363.0,,-102.0,166.0,-190.0,-348.0,-756.0,92.0,-373.0,-538.0
340.0,,-90.0,266.0,-215.0,-300.0,-747.0,225.0,-378.0,-493.0
374.0,,-75.0,363.0,-214.0,-276.0,-715.0,199.0,-358.0,-450.0
304.0,,-114.0,453.0,-210.0,-191.0,-696.0,51.0,-324.0,-391.0
227.0,,-86.0,525.0,-216.0,-173.0,-685.0,356.0,-286.0,-307.0
249.0,,-98.0,608.0,-233.0,-203.0,-656.0,81.0,-254.0,-203.0
248.0,,-102.0,653.0,-258.0,-127.0,-625.0,380.0,-200.0,-115.0
270.0,,-76.0,649.0,-285.0,-39.0,-610.0,171.0,-141.0,-4.0
252.0,,-92.0,622.0,-313.0,-76.0,-590.0,216.0,-98.0,92.0
225.0,,-94.0,579.0,-331.0,-89.0,-578.0,388.0,-48.0,163.0
225.0,,-94.0,536.0,-316.0,-22.0,-571.0,140.0,-9.0,238.0
208.0,,-96.0,467.0,-255.0,-4.0,-565.0,445.0,27.0,275.0
149.0,,-107.0,375.0,-159.0,-58.0,-538.0,127.0,66.0,287.0
121.0,,-124.0,271.0,-50.0,-60.0,-545.0,291.0,84.0,264.0
147.0,,-133.0,179.0,79.0,-26.0,-564.0,230.0,96.0,212.0
128.0,,-117.0,145.0,214.0,-67.0,-541.0,75.0,97.0,129.0
167.0,,-109.0,142.0,323.0,-31.0,-536.0,242.0,90.0,22.0
158.0,,-76.0,132.0,388.0,24.0,-537.0,-101.0,80.0,-111.0
148.0,,-16.0,155.0,414.0,-18.0,-546.0,186.0,87.0,-282.0
194.0,,31.0,198.0,417.0,69.0,-540.0,-38.0,124.0,-466.0
190.0,,132.0,225.0,412.0,202.0,-514.0,-1.0,164.0,-636.0
218.0,,237.0,238.0,407.0,179.0,-506.0,96.0,218.0,-784.0
242.0,,334.0,223.0,367.0,188.0,-496.0,-149.0,282.0,-925.0
236.0,,426.0,204.0,280.0,261.0,-479.0,96.0,332.0,-1022.0
246.0,,510.0,153.0,184.0,265.0,-453.0,-203.0,380.0,-1071.0
312.0,,572.0,83.0,116.0,308.0,-425.0,55.0,388.0,-1089.0
320.0,,622.0,37.0,89.0,418.0,-416.0,49.0,342.0,-1070.0
296.0,,642.0,-2.0,95.0,383.0,-431.0,35.0,271.0,-1013.0
346.0,,625.0,-18.0,128.0,292.0,-431.0,221.0,164.0,-906.0
367.0,,616.0,-24.0,166.0,372.0,-406.0,-120.0,45.0,-742.0
402.0,,545.0,-3.0,177.0,485.0,-397.0,110.0,-78.0,-561.0
419.0,,507.0,54.0,161.0,482.0,-392.0,-205.0,-200.0,-372.0
378.0,,456.0,114.0,129.0,396.0,-399.0,-131.0,-300.0,-160.0
437.0,,377.0,206.0,91.0,346.0,-409.0,-73.0,-387.0,25.0
458.0,,346.0,331.0,49.0,352.0,-408.0,-284.0,-458.0,177.0
370.0,,280.0,417.0,13.0,330.0,-412.0,-9.0,-533.0,299.0
354.0,,244.0,431.0,-26.0,319.0,-420.0,-345.0,-602.0,396.0
366.0,,219.0,401.0,-70.0,342.0,-420.0,-101.0,-661.0,480.0
353.0,,153.0,313.0,-99.0,348.0,-406.0,-171.0,-707.0,536.0
265.0,,116.0,186.0,-107.0,326.0,-398.0,-184.0,-727.0,571.0
177.0,,86.0,68.0,-83.0,366.0,-411.0,-5.0,-739.0,615.0
228.0,,35.0,-30.0,-27.0,402.0,-405.0,-267.0,-721.0,632.0
236.0,,42.0,-107.0,52.0,362.0,-386.0,72.0,-687.0,616.0
196.0,,24.0,-105.0,141.0,393.0,-408.0,-192.0,-640.0,576.0
217.0,,10.0,-20.0,211.0,505.0,-434.0,-68.0,-552.0,482.0
245.0,,48.0,69.0,217.0,582.0,-460.0,-101.0,-443.0,359.0
283.0,,40.0,183.0,159.0,530.0,-486.0,-275.0,-321.0,221.0
303.0,,68.0,354.0,76.0,393.0,-515.0,49.0,-184.0,49.0
339.0,,96.0,557.0,-13.0,345.0,-561.0,-254.0,-44.0,-142.0
361.0,,99.0,740.0,-84.0,383.0,-589.0,18.0,83.0,-303.0
342.0,,101.0,841.0,-129.0,446.0,-615.0,-201.0,197.0,-450.0
330.0,,90.0,900.0,-148.0,467.0,-626.0,-275.0,287.0,-604.0
268.0,,74.0,909.0,-137.0,377.0,-629.0,-169.0,366.0,-709.0
291.0,,74.0,820.0,-101.0,337.0,-630.0,-406.0,413.0,-754.0
284.0,,61.0,702.0,-56.0,429.0,-626.0,-49.0,405.0,-761.0
212.0,,42.0,586.0,-7.0,413.0,-636.0,-303.0,390.0,-760.0
254.0,,43.0,432.0,40.0,286.0,-633.0,-33.0,338.0,-738.0
266.0,,24.0,235.0,83.0,329.0,-628.0,-18.0,241.0,-688.0
278.0,,-1.0,20.0,119.0,442.0,-610.0,-70.0,136.0,-648.0
279.0,,-45.0,-138.0,122.0,426.0,-556.0,223.0,21.0,-612.0
231.0,,-53.0,-242.0,81.0,356.0,-523.0,-110.0,-91.0,-564.0
272.0,,-67.0,-329.0,7.0,342.0,-542.0,208.0,-181.0,-504.0
275.0,,-91.0,-401.0,-72.0,376.0,-569.0,-5.0,-250.0,-401.0
197.0,,-100.0,-449.0,-133.0,373.0,-587.0,14.0,-300.0,-271.0
194.0,,-120.0,-459.0,-180.0,341.0,-601.0,116.0,-312.0,-102.0
232.0,,-139.0,-467.0,-217.0,248.0,-622.0,-53.0,-308.0,116.0
276.0,,-178.0,-417.0,-244.0,197.0,-623.0,330.0,-275.0,334.0
276.0,,-177.0,-305.0,-252.0,312.0,-619.0,62.0,-221.0,549.0
261.0,,-186.0,-193.0,-226.0,393.0,-671.0,312.0,-153.0,740.0
376.0,,-192.0,-82.0,-164.0,362.0,-691.0,275.0,-49.0,910.0
478.0,,-196.0,7.0,-80.0,311.0,-665.0,290.0,51.0,1054.0
468.0,,-197.0,79.0,30.0,327.0,-652.0,587.0,158.0,1138.0
487.0,,-196.0,84.0,176.0,415.0,-654.0,306.0,273.0,1180.0
573.0,,-211.0,62.0,344.0,409.0,-642.0,578.0,363.0,1196.0
635.0,,-202.0,71.0,492.0,277.0,-623.0,293.0,430.0,1184.0
661.0,,-216.0,54.0,580.0,286.0,-642.0,399.0,489.0,1133.0
717.0,,-213.0,-18.0,590.0,441.0,-645.0,456.0,524.0,1077.0
734.0,,-208.0,-107.0,529.0,451.0,-632.0,236.0,526.0,1051.0
734.0,,-246.0,-174.0,429.0,304.0,-604.0,469.0,493.0,1060.0
763.0,,-284.0,-231.0,309.0,206.0,-554.0,105.0,447.0,1082.0
749.0,,-288.0,-249.0,193.0,285.0,-527.0,365.0,386.0,1127.0
745.0,,-318.0,-212.0,111.0,323.0,-492.0,256.0,290.0,1213.0
733.0,,-344.0,-131.0,82.0,275.0,-431.0,275.0,207.0,1302.0
650.0,,-337.0,-31.0,104.0,284.0,-362.0,500.0,134.0,1398.0
618.0,,-364.0,58.0,138.0,238.0,-310.0,225.0,87.0,1494.0
591.0,,-343.0,174.0,141.0,187.0,-286.0,533.0,83.0,1568.0
502.0,,-331.0,297.0,103.0,238.0,-261.0,240.0,100.0,1636.0
409.0,,-337.0,398.0,30.0,275.0,-222.0,382.0,142.0,1664.0
304.0,,-287.0,450.0,-49.0,273.0,-202.0,399.0,200.0,1672.0
274.0,,-264.0,467.0,-117.0,327.0,-191.0,266.0,253.0,1651.0
206.0,,-202.0,509.0,-199.0,311.0,-197.0,543.0,296.0,1579.0
112.0,,-131.0,515.0,-308.0,258.0,-224.0,205.0,318.0,1459.0
87.0,,-56.0,515.0,-428.0,314.0,-227.0,443.0,306.0,1268.0
32.0,,56.0,534.0,-532.0,428.0,-238.0,216.0,279.0,1036.0
32.0,,117.0,527.0,-592.0,486.0,-239.0,243.0,242.0,763.0
-20.0,,220.0,522.0,-602.0,391.0,-243.0,373.0,181.0,455.0
-71.0,,296.0,487.0,-586.0,361.0,-264.0,60.0,127.0,160.0
-56.0,,336.0,420.0,-552.0,457.0,-234.0,358.0,88.0,-86.0
-112.0,,388.0,376.0,-474.0,454.0,-210.0,60.0,64.0,-274.0
-183.0,,410.0,342.0,-333.0,362.0,-216.0,243.0,71.0,-399.0
-190.0,,437.0,303.0,-145.0,350.0,-197.0,169.0,76.0,-450.0
-95.0,,438.0,259.0,43.0,412.0,-168.0,57.0,106.0,-443.0
-85.0,,441.0,181.0,186.0,432.0,-164.0,242.0,154.0,-360.0
-82.0,,418.0,76.0,284.0,459.0,-160.0,-145.0,197.0,-218.0
-35.0,,420.0,-27.0,353.0,486.0,-129.0,155.0,268.0,-58.0
-12.0,,425.0,-117.0,394.0,430.0,-130.0,-88.0,339.0,104.0
65.0,,384.0,-155.0,417.0,381.0,-126.0,20.0,410.0,237.0
52.0,,362.0,-141.0,416.0,461.0,-90.0,177.0,459.0,318.0
68.0,,330.0,-103.0,391.0,523.0,-81.0,-49.0,478.0,344.0
109.0,,291.0,-44.0,363.0,532.0,-56.0,251.0,467.0,321.0
111.0,,242.0,43.0,329.0,585.0,-42.0,-101.0,433.0,256.0
123.0,,211.0,151.0,275.0,589.0,-31.0,55.0,377.0,149.0
96.0,,207.0,253.0,208.0,593.0,6.0,-121.0,286.0,38.0
109.0,,188.0,370.0,150.0,575.0,6.0,-225.0,219.0,-80.0
57.0,,176.0,474.0,110.0,586.0,8.0,-1.0,146.0,-188.0
97.0,,195.0,550.0,85.0,668.0,39.0,-293.0,60.0,-251.0
162.0,,192.0,620.0,58.0,660.0,68.0,38.0,-12.0,-281.0
152.0,,214.0,619.0,16.0,740.0,114.0,-186.0,-82.0,-259.0
179.0,,254.0,586.0,-33.0,775.0,135.0,-70.0,-158.0,-207.0
161.0,,273.0,577.0,-58.0,710.0,156.0,-36.0,-219.0,-101.0
232.0,,343.0,532.0,-37.0,763.0,218.0,-275.0,-257.0,36.0
269.0,,401.0,493.0,15.0,767.0,256.0,-31.0,-289.0,161.0
297.0,,456.0,488.0,74.0,732.0,276.0,-376.0,-292.0,300.0
378.0,,548.0,464.0,126.0,684.0,280.0,-120.0,-283.0,436.0
433.0,,610.0,456.0,169.0,698.0,297.0,-221.0,-290.0,543.0
518.0,,687.0,469.0,202.0,746.0,310.0,-219.0,-293.0,599.0
547.0,,793.0,484.0,194.0,749.0,311.0,-36.0,-285.0,623.0
571.0,,828.0,515.0,152.0,807.0,328.0,-347.0,-296.0,594.0
599.0,,897.0,514.0,96.0,803.0,339.0,-31.0,-318.0,524.0
631.0,,949.0,446.0,32.0,749.0,362.0,-277.0,-334.0,468.0
629.0,,902.0,366.0,-13.0,756.0,358.0,-120.0,-350.0,405.0
579.0,,915.0,305.0,-34.0,832.0,356.0,-77.0,-359.0,358.0
564.0,,858.0,246.0,-40.0,812.0,369.0,-205.0,-369.0,353.0
490.0,,763.0,230.0,-45.0,733.0,366.0,57.0,-357.0,398.0
416.0,,698.0,219.0,-62.0,766.0,389.0,-308.0,-342.0,494.0
333.0,,578.0,213.0,-84.0,819.0,392.0,-116.0,-319.0,613.0
212.0,,484.0,271.0,-116.0,818.0,372.0,-352.0,-269.0,774.0
139.0,,395.0,328.0,-151.0,678.0,387.0,-369.0,-228.0,956.0
61.0,,306.0,396.0,-192.0,561.0,420.0,-236.0,-183.0,1146.0
-44.0,,233.0,494.0,-224.0,687.0,450.0,-478.0,-141.0,1329.0
-130.0,,179.0,588.0,-210.0,838.0,473.0,-86.0,-117.0,1471.0
-172.0,,140.0,670.0,-173.0,728.0,479.0,-254.0,-98.0,1578.0
-189.0,,133.0,676.0,-129.0,550.0,513.0,36.0,-67.0,1642.0
-187.0,,147.0,657.0,-78.0,561.0,579.0,57.0,-39.0,1654.0
-174.0,,168.0,667.0,-12.0,641.0,612.0,-88.0,3.0,1623.0
-175.0,,211.0,640.0,60.0,727.0,636.0,120.0,51.0,1570.0
-162.0,,258.0,598.0,101.0,652.0,668.0,-243.0,100.0,1486.0
-71.0,,313.0,570.0,102.0,559.0,667.0,-5.0,163.0,1386.0
15.0,,353.0,534.0,61.0,656.0,654.0,-236.0,201.0,1267.0
28.0,,417.0,512.0,-1.0,695.0,646.0,-197.0,223.0,1132.0
53.0,,478.0,511.0,-50.0,657.0,635.0,-125.0,224.0,1018.0
100.0,,509.0,505.0,-69.0,530.0,618.0,-362.0,218.0,914.0
157.0,,551.0,468.0,-42.0,553.0,585.0,-18.0,223.0,824.0
192.0,,573.0,439.0,30.0,625.0,543.0,-338.0,250.0,748.0
179.0,,567.0,457.0,131.0,563.0,512.0,-121.0,306.0,723.0
201.0,,585.0,491.0,236.0,589.0,511.0,-166.0,363.0,715.0
223.0,,571.0,519.0,322.0,590.0,504.0,-227.0,430.0,703.0
242.0,,558.0,525.0,367.0,697.0,474.0,25.0,496.0,708.0
272.0,,551.0,513.0,350.0,752.0,445.0,-184.0,567.0,665.0
223.0,,498.0,476.0,267.0,654.0,430.0,210.0,617.0,579.0
191.0,,459.0,422.0,132.0,566.0,430.0,-16.0,645.0,426.0
200.0,,407.0,404.0,-18.0,605.0,419.0,84.0,664.0,192.0
160.0,,354.0,428.0,-154.0,786.0,411.0,142.0,649.0,-96.0
136.0,,265.0,465.0,-276.0,704.0,404.0,-40.0,599.0,-419.0
113.0,,206.0,464.0,-367.0,562.0,395.0,279.0,509.0,-757.0
56.0,,136.0,442.0,-414.0,619.0,391.0,-49.0,407.0,-1069.0
33.0,,58.0,470.0,-415.0,803.0,376.0,190.0,275.0,-1300.0
-8.0,,34.0,519.0,-369.0,846.0,361.0,49.0,141.0,-1451.0
-42.0,,-33.0,550.0,-277.0,632.0,349.0,9.0,28.0,-1500.0
-20.0,,-30.0,577.0,-156.0,712.0,355.0,221.0,-61.0,-1450.0
-18.0,,-38.0,594.0,-32.0,851.0,365.0,-66.0,-116.0,-1318.0
-21.0,,-45.0,578.0,78.0,686.0,347.0,219.0,-144.0,-1108.0
-2.0,,-27.0,556.0,153.0,733.0,320.0,-70.0,-134.0,-846.0
6.0,,-64.0,533.0,172.0,816.0,313.0,84.0,-115.0,-572.0
-7.0,,-87.0,524.0,130.0,713.0,322.0,118.0,-92.0,-304.0
0.0,,-146.0,539.0,51.0,767.0,313.0,-11.0,-54.0,-72.0
-3.0,,-213.0,539.0,-34.0,731.0,289.0,291.0,-32.0,106.0
-35.0,,-270.0,499.0,-113.0,643.0,272.0,-84.0,-13.0,237.0
-81.0,,-373.0,456.0,-162.0,750.0,297.0,157.0,11.0,316.0
-113.0,,-455.0,404.0,-162.0,813.0,318.0,-53.0,11.0,373.0
-99.0,,-535.0,325.0,-129.0,780.0,309.0,-99.0,10.0,390.0
-132.0,,-639.0,259.0,-85.0,674.0,331.0,38.0,12.0,410.0
-168.0,,-677.0,187.0,-40.0,642.0,335.0,-253.0,-9.0,456.0
-133.0,,-720.0,140.0,0.0,780.0,333.0,101.0,-31.0,526.0
-84.0,,-727.0,159.0,35.0,783.0,324.0,-162.0,-46.0,647.0
-80.0,,-679.0,228.0,44.0,668.0,298.0,-20.0,-74.0,804.0
-100.0,,-653.0,357.0,31.0,651.0,322.0,-123.0,-113.0,999.0
-87.0,,-587.0,488.0,33.0,646.0,338.0,-351.0,-143.0,1179.0
-35.0,,-495.0,611.0,56.0,669.0,347.0,-123.0,-158.0,1365.0
0.0,,-399.0,731.0,84.0,637.0,375.0,-421.0,-182.0,1544.0
-33.0,,-293.0,827.0,95.0,555.0,408.0,-77.0,-201.0,1665.0
-98.0,,-178.0,878.0,73.0,599.0,435.0,-264.0,-197.0,1740.0
-95.0,,-75.0,855.0,34.0,618.0,433.0,-288.0,-212.0,1738.0
-73.0,,25.0,817.0,-4.0,561.0,442.0,-229.0,-225.0,1670.0
-144.0,,137.0,754.0,-29.0,527.0,474.0,-554.0,-217.0,1527.0
-192.0,,191.0,674.0,-18.0,553.0,500.0,-319.0,-191.0,1322.0
-175.0,,267.0,598.0,21.0,529.0,499.0,-654.0,-124.0,1068.0
-157.0,,317.0,556.0,57.0,453.0,517.0,-395.0,-38.0,793.0
-172.0,,315.0,580.0,69.0,419.0,540.0,-363.0,64.0,536.0
-197.0,,351.0,602.0,67.0,391.0,518.0,-460.0,174.0,281.0
-207.0,,348.0,657.0,60.0,377.0,504.0,-245.0,290.0,68.0
-212.0,,357.0,725.0,40.0,298.0,487.0,-596.0,411.0,-93.0
-194.0,,360.0,772.0,-4.0,251.0,458.0,-304.0,530.0,-182.0
-193.0,,343.0,823.0,-58.0,289.0,439.0,-491.0,647.0,-227.0
-170.0,,350.0,834.0,-101.0,251.0,434.0,-402.0,732.0,-233.0
-143.0,,312.0,866.0,-127.0,234.0,402.0,-260.0,821.0,-199.0
-176.0,,300.0,882.0,-125.0,195.0,368.0,-445.0,911.0,-172.0
-197.0,,299.0,844.0,-97.0,131.0,389.0,-127.0,968.0,-104.0
-177.0,,259.0,797.0,-52.0,162.0,392.0,-439.0,1001.0,-56.0
-175.0,,252.0,757.0,-4.0,133.0,377.0,-234.0,1024.0,-15.0
-228.0,,250.0,731.0,42.0,108.0,360.0,-354.0,1029.0,36.0
-234.0,,231.0,660.0,86.0,89.0,355.0,-471.0,1024.0,67.0
-212.0,,251.0,586.0,116.0,-21.0,334.0,-266.0,1032.0,130.0
-255.0,,285.0,535.0,108.0,-89.0,272.0,-543.0,1037.0,192.0
-312.0,,297.0,456.0,60.0,-51.0,258.0,-214.0,1012.0,281.0
-324.0,,334.0,397.0,3.0,33.0,247.0,-498.0,968.0,408.0
-337.0,,362.0,377.0,-41.0,11.0,222.0,-469.0,899.0,547.0
-383.0,,383.0,436.0,-54.0,-79.0,222.0,-456.0,798.0,688.0
-448.0,,411.0,529.0,-47.0,-135.0,243.0,-637.0,679.0,831.0
-512.0,,408.0,557.0,-20.0,-102.0,270.0,-253.0,544.0,984.0
-525.0,,416.0,565.0,30.0,-50.0,289.0,-480.0,404.0,1093.0
-519.0,,423.0,544.0,69.0,-121.0,317.0,-195.0,285.0,1171.0
-553.0,,407.0,516.0,73.0,-194.0,316.0,-310.0,173.0,1237.0
-591.0,,418.0,480.0,20.0,-202.0,297.0,-362.0,73.0,1288.0
-524.0,,400.0,413.0,-79.0,-211.0,288.0,-216.0,-6.0,1344.0
-447.0,,380.0,331.0,-209.0,-246.0,286.0,-524.0,-64.0,1390.0
-470.0,,377.0,242.0,-355.0,-271.0,272.0,-155.0,-77.0,1433.0
-465.0,,332.0,186.0,-466.0,-265.0,249.0,-349.0,-55.0,1485.0
-419.0,,317.0,156.0,-470.0,-260.0,219.0,-216.0,-20.0,1532.0
-403.0,,296.0,141.0,-355.0,-298.0,166.0,-230.0,39.0,1568.0
-381.0,,248.0,144.0,-179.0,-358.0,127.0,-439.0,125.0,1556.0
-329.0,,237.0,173.0,-1.0,-368.0,93.0,-153.0,217.0,1492.0
-313.0,,230.0,207.0,124.0,-373.0,49.0,-426.0,320.0,1384.0
-293.0,,217.0,270.0,182.0,-405.0,-7.0,-157.0,417.0,1201.0
-227.0,,258.0,365.0,177.0,-383.0,-63.0,-310.0,493.0,960.0
-157.0,,305.0,418.0,149.0,-331.0,-80.0,-310.0,564.0,686.0
-70.0,,352.0,425.0,147.0,-322.0,-69.0,-151.0,610.0,383.0
29.0,,437.0,425.0,168.0,-322.0,-64.0,-437.0,618.0,43.0
97.0,,469.0,416.0,207.0,-285.0,-63.0,-157.0,570.0,-266.0
165.0,,530.0,373.0,245.0,-262.0,-72.0,-397.0,483.0,-520.0
271.0,,578.0,323.0,268.0,-349.0,-78.0,-160.0,363.0,-741.0
343.0,,572.0,294.0,249.0,-369.0,-105.0,-121.0,217.0,-884.0
358.0,,593.0,262.0,196.0,-283.0,-169.0,-234.0,87.0,-954.0
395.0,,558.0,209.0,134.0,-285.0,-179.0,-27.0,-20.0,-928.0
491.0,,526.0,173.0,65.0,-388.0,-185.0,-413.0,-96.0,-813.0
549.0,,501.0,138.0,17.0,-466.0,-235.0,-168.0,-120.0,-658.0
529.0,,452.0,89.0,-1.0,-371.0,-282.0,-382.0,-91.0,-450.0
546.0,,424.0,51.0,-6.0,-250.0,-314.0,-360.0,-37.0,-205.0
597.0,,387.0,29.0,-9.0,-240.0,-323.0,-260.0,55.0,33.0
588.0,,338.0,30.0,-39.0,-276.0,-338.0,-521.0,164.0,222.0
524.0,,298.0,68.0,-100.0,-247.0,-334.0,-173.0,261.0,353.0
462.0,,256.0,124.0,-165.0,-212.0,-317.0,-441.0,368.0,400.0
419.0,,213.0,187.0,-207.0,-229.0,-319.0,-230.0,473.0,377.0
329.0,,178.0,325.0,-207.0,-260.0,-320.0,-291.0,585.0,301.0
178.0,,142.0,499.0,-160.0,-314.0,-306.0,-397.0,693.0,184.0
47.0,,113.0,654.0,-95.0,-231.0,-323.0,-107.0,810.0,73.0
-50.0,,75.0,787.0,-46.0,-190.0,-339.0,-397.0,936.0,-10.0
-135.0,,45.0,870.0,-17.0,-228.0,-326.0,-97.0,1027.0,-55.0
-277.0,,23.0,944.0,12.0,-216.0,-311.0,-349.0,1102.0,-77.0
-411.0,,1.0,1027.0,65.0,-260.0,-313.0,-363.0,1132.0,-21.0
-465.0,,7.0,1079.0,142.0,-207.0,-356.0,-323.0,1126.0,72.0
-525.0,,11.0,1090.0,213.0,-212.0,-360.0,-543.0,1083.0,177.0
-564.0,,14.0,1115.0,250.0,-324.0,-335.0,-157.0,982.0,287.0
-581.0,,57.0,1178.0,234.0,-317.0,-341.0,-417.0,859.0,385.0
-588.0,,119.0,1221.0,157.0,-306.0,-367.0,-190.0,708.0,494.0
-607.0,,172.0,1198.0,37.0,-271.0,-363.0,-240.0,530.0,570.0
-605.0,,259.0,1136.0,-101.0,-279.0,-326.0,-284.0,335.0,658.0
-575.0,,346.0,1074.0,-232.0,-381.0,-304.0,-29.0,124.0,729.0
-575.0,,423.0,993.0,-328.0,-342.0,-280.0,-323.0,-70.0,788.0
-527.0,,516.0,892.0,-365.0,-287.0,-258.0,-25.0,-239.0,871.0
-501.0,,568.0,792.0,-339.0,-335.0,-255.0,-251.0,-365.0,939.0
-476.0,,598.0,690.0,-282.0,-359.0,-257.0,-197.0,-463.0,1017.0
-394.0,,631.0,611.0,-211.0,-354.0,-234.0,-210.0,-514.0,1074.0
-378.0,,636.0,539.0,-126.0,-376.0,-232.0,-426.0,-505.0,1094.0
-400.0,,615.0,491.0,-49.0,-444.0,-274.0,-94.0,-484.0,1054.0
-395.0,,602.0,498.0,-4.0,-425.0,-261.0,-415.0,-424.0,972.0
-356.0,,578.0,531.0,1.0,-388.0,-202.0,-164.0,-332.0,851.0
-340.0,,544.0,587.0,-26.0,-456.0,-194.0,-240.0,-230.0,679.0
-370.0,,499.0,643.0,-62.0,-537.0,-215.0,-262.0,-118.0,507.0
-364.0,,451.0,686.0,-71.0,-553.0,-225.0,0.0,-11.0,320.0
-355.0,,422.0,747.0,-28.0,-487.0,-213.0,-267.0,92.0,152.0
-377.0,,385.0,816.0,59.0,-534.0,-184.0,11.0,182.0,7.0
-399.0,,359.0,876.0,152.0,-605.0,-184.0,-243.0,269.0,-127.0
-411.0,,341.0,899.0,218.0,-567.0,-191.0,-109.0,328.0,-227.0
-423.0,,311.0,894.0,242.0,-581.0,-204.0,-77.0,360.0,-280.0
-442.0,,284.0,885.0,209.0,-590.0,-233.0,-214.0,371.0,-277.0
-464.0,,249.0,841.0,125.0,-594.0,-229.0,55.0,339.0,-254.0
-504.0,,209.0,757.0,35.0,-583.0,-209.0,-345.0,273.0,-208.0
-502.0,,186.0,664.0,-7.0,-529.0,-209.0,-123.0,187.0,-131.0
-506.0,,136.0,591.0,-6.0,-540.0,-198.0,-317.0,89.0,-48.0
-528.0,,112.0,545.0,17.0,-630.0,-185.0,-356.0,-16.0,50.0
-509.0,,102.0,515.0,34.0,-622.0,-173.0,-197.0,-112.0,168.0
-503.0,,64.0,517.0,31.0,-510.0,-146.0,-467.0,-179.0,300.0
-510.0,,88.0,530.0,7.0,-572.0,-112.0,-138.0,-239.0,446.0
-542.0,,103.0,514.0,-23.0,-644.0,-82.0,-382.0,-284.0,580.0
-540.0,,151.0,533.0,-40.0,-626.0,-95.0,-194.0,-298.0,705.0
-524.0,,219.0,588.0,-48.0,-646.0,-94.0,-240.0,-296.0,805.0
-497.0,,272.0,638.0,-47.0,-601.0,-73.0,-402.0,-273.0,866.0
-450.0,,328.0,709.0,-22.0,-569.0,-56.0,-147.0,-225.0,898.0
-408.0,,348.0,772.0,0.0,-582.0,-12.0,-454.0,-141.0,865.0
-351.0,,366.0,808.0,4.0,-575.0,-12.0,-145.0,-24.0,800.0
-342.0,,333.0,797.0,-8.0,-556.0,-18.0,-341.0,107.0,720.0
-297.0,,320.0,762.0,-33.0,-492.0,12.0,-317.0,242.0,601.0
-255.0,,267.0,722.0,-44.0,-484.0,58.0,-190.0,356.0,494.0
-191.0,,185.0,632.0,-29.0,-546.0,99.0,-478.0,452.0,390.0
-99.0,,128.0,567.0,7.0,-564.0,138.0,-223.0,498.0,296.0
-70.0,,47.0,564.0,36.0,-495.0,171.0,-539.0,482.0,224.0
2.0,,-3.0,572.0,30.0,-446.0,205.0,-295.0,435.0,138.0
93.0,,-61.0,565.0,-14.0,-490.0,253.0,-277.0,350.0,70.0
160.0,,-61.0,536.0,-92.0,-480.0,237.0,-349.0,240.0,-18.0
175.0,,-82.0,545.0,-171.0,-464.0,225.0,-138.0,137.0,-130.0
225.0,,-95.0,581.0,-218.0,-358.0,239.0,-517.0,42.0,-230.0
277.0,,-27.0,595.0,-215.0,-254.0,243.0,-205.0,-42.0,-362.0
283.0,,13.0,584.0,-174.0,-330.0,233.0,-382.0,-113.0,-502.0
306.0,,63.0,533.0,-119.0,-321.0,216.0,-328.0,-152.0,-647.0
279.0,,120.0,469.0,-66.0,-321.0,211.0,-264.0,-152.0,-815.0
288.0,,153.0,401.0,-23.0,-335.0,194.0,-543.0,-127.0,-992.0
296.0,,212.0,329.0,10.0,-262.0,178.0,-288.0,-73.0,-1137.0
276.0,,247.0,280.0,45.0,-249.0,154.0,-637.0,0.0,-1254.0
266.0,,259.0,235.0,92.0,-258.0,152.0,-408.0,80.0,-1346.0
259.0,,305.0,200.0,145.0,-212.0,127.0,-478.0,150.0,-1373.0
273.0,,301.0,204.0,191.0,-129.0,123.0,-565.0,210.0,-1369.0
248.0,,304.0,224.0,201.0,-29.0,171.0,-351.0,265.0,-1311.0
220.0,,322.0,243.0,169.0,39.0,163.0,-674.0,308.0,-1204.0
228.0,,321.0,238.0,108.0,23.0,145.0,-323.0,340.0,-1081.0
228.0,,324.0,215.0,38.0,20.0,141.0,-487.0,347.0,-933.0
172.0,,311.0,203.0,-27.0,45.0,122.0,-378.0,361.0,-788.0
96.0,,306.0,179.0,-68.0,56.0,103.0,-323.0,380.0,-647.0
9.0,,286.0,150.0,-61.0,123.0,112.0,-594.0,392.0,-504.0
-69.0,,239.0,117.0,-33.0,156.0,95.0,-358.0,410.0,-370.0
-123.0,,213.0,53.0,3.0,93.0,52.0,-672.0,428.0,-243.0
-211.0,,174.0,-26.0,55.0,146.0,58.0,-434.0,460.0,-119.0
-294.0,,102.0,-87.0,120.0,249.0,67.0,-548.0,493.0,-31.0
-325.0,,75.0,-111.0,201.0,232.0,57.0,-609.0,527.0,47.0
-326.0,,41.0,-141.0,281.0,235.0,84.0,-400.0,568.0,105.0
-362.0,,-9.0,-189.0,346.0,213.0,135.0,-639.0,613.0,105.0
-412.0,,5.0,-190.0,378.0,212.0,151.0,-271.0,653.0,67.0
-438.0,,16.0,-138.0,363.0,277.0,152.0,-484.0,665.0,-11.0
-453.0,,18.0,-52.0,298.0,206.0,177.0,-356.0,654.0,-110.0
-421.0,,70.0,85.0,195.0,171.0,186.0,-306.0,623.0,-215.0
-367.0,,57.0,244.0,92.0,246.0,183.0,-452.0,579.0,-318.0
-357.0,,52.0,404.0,24.0,349.0,206.0,-144.0,524.0,-395.0
-361.0,,80.0,573.0,-1.0,415.0,245.0,-389.0,439.0,-429.0
-308.0,,7.0,736.0,7.0,308.0,253.0,-109.0,340.0,-436.0
-226.0,,-7.0,888.0,35.0,267.0,235.0,-256.0,218.0,-412.0
-193.0,,-46.0,1001.0,54.0,386.0,241.0,-262.0,100.0,-358.0
-169.0,,-115.0,1048.0,54.0,507.0,262.0,-123.0,15.0,-295.0
-114.0,,-127.0,1036.0,45.0,428.0,257.0,-389.0,-67.0,-210.0
-84.0,,-175.0,981.0,36.0,232.0,241.0,-59.0,-127.0,-135.0
-55.0,,-192.0,903.0,16.0,284.0,244.0,-317.0,-164.0,-74.0
-24.0,,-186.0,774.0,-36.0,451.0,218.0,-142.0,-183.0,-35.0
