sensor_1,sensor_2,sensor_3,sensor_4,sensor_5,sensor_6,sensor_7,sensor_8,sensor_9,sensor_10
-203.0,-426.0,156.0,-159.0,-125.0,142.0,68.0,-410.0,59.0,-725.0
-201.0,-390.0,192.0,-149.0,-130.0,62.0,-3.0,-168.0,62.0,-752.0
-215.0,-282.0,200.0,-170.0,-118.0,59.0,-21.0,155.0,76.0,-775.0
-215.0,-188.0,234.0,-190.0,-80.0,99.0,73.0,197.0,110.0,-786.0
-218.0,-143.0,282.0,-213.0,-24.0,96.0,79.0,-116.0,133.0,-747.0
-221.0,-54.0,265.0,-238.0,32.0,114.0,62.0,-423.0,146.0,-717.0
-227.0,38.0,281.0,-271.0,75.0,234.0,109.0,-173.0,161.0,-705.0
-223.0,91.0,273.0,-301.0,105.0,242.0,84.0,59.0,179.0,-673.0
-204.0,184.0,214.0,-297.0,131.0,132.0,-8.0,157.0,197.0,-636.0
-186.0,291.0,206.0,-300.0,140.0,64.0,-60.0,99.0,211.0,-615.0
-152.0,305.0,167.0,-318.0,133.0,80.0,-22.0,-144.0,221.0,-617.0
-133.0,257.0,131.0,-324.0,118.0,141.0,44.0,-72.0,218.0,-586.0
-99.0,296.0,94.0,-307.0,106.0,215.0,15.0,112.0,250.0,-568.0
-89.0,420.0,27.0,-269.0,93.0,294.0,-194.0,133.0,252.0,-587.0
-79.0,414.0,-14.0,-227.0,73.0,290.0,-315.0,55.0,217.0,-572.0
-73.0,175.0,-68.0,-179.0,53.0,210.0,-201.0,-3.0,204.0,-524.0
-59.0,-104.0,-107.0,-121.0,40.0,167.0,-121.0,-166.0,195.0,-478.0
-31.0,-252.0,-146.0,-29.0,37.0,136.0,-156.0,-144.0,182.0,-449.0
-1.0,-367.0,-167.0,55.0,42.0,121.0,-199.0,133.0,143.0,-375.0
48.0,-487.0,-175.0,127.0,56.0,143.0,-250.0,75.0,121.0,-258.0
86.0,-535.0,-194.0,208.0,74.0,167.0,-294.0,16.0,116.0,-151.0
154.0,-505.0,-162.0,244.0,85.0,147.0,-283.0,-99.0,94.0,-14.0
205.0,-413.0,-142.0,269.0,78.0,31.0,-294.0,-232.0,87.0,159.0
264.0,-346.0,-105.0,278.0,62.0,-57.0,-358.0,-225.0,114.0,332.0
315.0,-384.0,-61.0,253.0,53.0,-14.0,-370.0,-158.0,150.0,482.0
366.0,-384.0,-45.0,238.0,52.0,78.0,-269.0,131.0,165.0,615.0
432.0,-191.0,9.0,208.0,61.0,208.0,-225.0,131.0,160.0,747.0
475.0,117.0,11.0,155.0,82.0,354.0,-240.0,107.0,162.0,829.0
522.0,357.0,26.0,86.0,110.0,325.0,-165.0,-16.0,172.0,866.0
557.0,492.0,65.0,36.0,131.0,69.0,-208.0,-162.0,158.0,897.0
623.0,724.0,51.0,-59.0,130.0,-137.0,-327.0,127.0,141.0,910.0
666.0,1096.0,48.0,-163.0,118.0,26.0,-167.0,334.0,106.0,888.0
708.0,1250.0,60.0,-207.0,112.0,371.0,-16.0,399.0,54.0,823.0
750.0,974.0,72.0,-261.0,120.0,466.0,-124.0,88.0,32.0,776.0
779.0,570.0,48.0,-322.0,123.0,313.0,-98.0,-175.0,30.0,732.0
793.0,388.0,65.0,-381.0,105.0,309.0,15.0,-188.0,28.0,632.0
782.0,486.0,70.0,-394.0,63.0,406.0,-59.0,-166.0,3.0,539.0
772.0,722.0,53.0,-386.0,6.0,457.0,-166.0,168.0,-40.0,453.0
746.0,910.0,87.0,-377.0,-46.0,525.0,-145.0,236.0,-67.0,339.0
732.0,917.0,77.0,-370.0,-88.0,582.0,-59.0,157.0,-100.0,215.0
700.0,719.0,88.0,-369.0,-117.0,594.0,67.0,-57.0,-148.0,115.0
672.0,466.0,102.0,-390.0,-123.0,490.0,141.0,-437.0,-177.0,32.0
632.0,206.0,116.0,-421.0,-111.0,484.0,88.0,-513.0,-186.0,-82.0
576.0,-85.0,142.0,-436.0,-87.0,465.0,71.0,-290.0,-178.0,-175.0
509.0,-334.0,136.0,-467.0,-66.0,350.0,101.0,308.0,-163.0,-231.0
424.0,-566.0,156.0,-470.0,-65.0,354.0,165.0,570.0,-141.0,-274.0
343.0,-830.0,145.0,-468.0,-76.0,463.0,175.0,493.0,-128.0,-317.0
242.0,-1089.0,137.0,-458.0,-89.0,588.0,99.0,410.0,-129.0,-347.0
163.0,-1205.0,162.0,-461.0,-100.0,518.0,156.0,182.0,-132.0,-314.0
81.0,-1171.0,152.0,-467.0,-106.0,325.0,250.0,275.0,-141.0,-299.0
6.0,-1171.0,166.0,-431.0,-105.0,261.0,201.0,478.0,-135.0,-309.0
-66.0,-1193.0,196.0,-394.0,-94.0,347.0,182.0,694.0,-124.0,-279.0
-127.0,-1117.0,193.0,-386.0,-79.0,439.0,190.0,807.0,-115.0,-244.0
-177.0,-938.0,201.0,-401.0,-67.0,492.0,114.0,696.0,-100.0,-243.0
-237.0,-666.0,208.0,-369.0,-54.0,569.0,180.0,563.0,-81.0,-261.0
-266.0,-353.0,199.0,-337.0,-37.0,505.0,238.0,282.0,-53.0,-251.0
-303.0,-132.0,198.0,-302.0,-24.0,363.0,259.0,312.0,-15.0,-240.0
-315.0,-25.0,154.0,-238.0,-17.0,348.0,391.0,375.0,29.0,-248.0
-339.0,18.0,114.0,-192.0,-17.0,411.0,339.0,399.0,55.0,-246.0
-369.0,46.0,100.0,-113.0,-8.0,522.0,277.0,642.0,56.0,-211.0
-377.0,128.0,53.0,-51.0,11.0,542.0,420.0,598.0,55.0,-192.0
-399.0,281.0,14.0,-29.0,31.0,603.0,478.0,502.0,60.0,-220.0
-410.0,427.0,-17.0,9.0,53.0,623.0,374.0,376.0,98.0,-217.0
-422.0,457.0,-60.0,50.0,80.0,460.0,332.0,345.0,148.0,-201.0
-427.0,438.0,-107.0,80.0,109.0,342.0,331.0,473.0,186.0,-215.0
-441.0,483.0,-132.0,108.0,136.0,317.0,336.0,513.0,190.0,-224.0
-441.0,532.0,-124.0,166.0,152.0,419.0,414.0,554.0,161.0,-189.0
-429.0,517.0,-133.0,214.0,144.0,498.0,408.0,522.0,133.0,-156.0
-425.0,508.0,-118.0,227.0,118.0,528.0,351.0,561.0,96.0,-166.0
-417.0,531.0,-77.0,261.0,95.0,519.0,327.0,502.0,58.0,-123.0
-407.0,528.0,-35.0,286.0,90.0,423.0,299.0,389.0,-3.0,-41.0
-400.0,447.0,-2.0,314.0,88.0,287.0,245.0,243.0,-63.0,3.0
-397.0,279.0,75.0,327.0,62.0,209.0,192.0,138.0,-81.0,59.0
-365.0,197.0,150.0,284.0,18.0,337.0,253.0,288.0,-80.0,141.0
-335.0,286.0,186.0,242.0,-23.0,439.0,372.0,319.0,-72.0,208.0
-302.0,340.0,271.0,218.0,-42.0,436.0,327.0,454.0,-76.0,228.0
-250.0,288.0,326.0,208.0,-45.0,437.0,174.0,480.0,-80.0,250.0
-208.0,279.0,389.0,176.0,-48.0,431.0,171.0,299.0,-84.0,292.0
-165.0,324.0,430.0,148.0,-55.0,427.0,250.0,279.0,-60.0,293.0
-118.0,350.0,497.0,151.0,-61.0,394.0,262.0,238.0,21.0,276.0
-52.0,312.0,518.0,159.0,-58.0,389.0,244.0,339.0,114.0,271.0
-1.0,177.0,526.0,207.0,-46.0,386.0,250.0,330.0,182.0,260.0
37.0,67.0,578.0,255.0,-32.0,357.0,300.0,218.0,249.0,230.0
78.0,90.0,545.0,277.0,-14.0,358.0,303.0,79.0,323.0,195.0
100.0,76.0,557.0,321.0,5.0,375.0,266.0,109.0,400.0,188.0
125.0,-91.0,544.0,359.0,27.0,365.0,226.0,399.0,489.0,160.0
133.0,-220.0,544.0,381.0,56.0,327.0,134.0,336.0,548.0,119.0
132.0,-165.0,478.0,381.0,84.0,335.0,125.0,308.0,585.0,113.0
120.0,44.0,433.0,351.0,112.0,403.0,147.0,247.0,614.0,115.0
116.0,265.0,425.0,321.0,144.0,358.0,42.0,175.0,655.0,98.0
134.0,256.0,324.0,273.0,173.0,198.0,7.0,327.0,710.0,80.0
138.0,46.0,280.0,227.0,189.0,204.0,80.0,448.0,736.0,97.0
146.0,-71.0,247.0,209.0,191.0,239.0,51.0,672.0,746.0,125.0
147.0,28.0,205.0,186.0,192.0,79.0,-68.0,650.0,724.0,142.0
126.0,213.0,128.0,128.0,185.0,43.0,-89.0,600.0,693.0,165.0
96.0,390.0,123.0,68.0,162.0,177.0,27.0,541.0,663.0,212.0
64.0,569.0,87.0,34.0,122.0,192.0,65.0,395.0,629.0,239.0
46.0,667.0,10.0,-19.0,78.0,158.0,21.0,454.0,607.0,252.0
32.0,692.0,11.0,-78.0,48.0,139.0,-32.0,530.0,550.0,283.0
21.0,646.0,-10.0,-98.0,33.0,299.0,-58.0,630.0,472.0,317.0
45.0,460.0,-9.0,-87.0,27.0,333.0,14.0,448.0,381.0,343.0
69.0,302.0,-21.0,-59.0,20.0,63.0,33.0,206.0,286.0,351.0
94.0,326.0,-7.0,-33.0,25.0,102.0,13.0,14.0,225.0,369.0
107.0,473.0,27.0,-14.0,42.0,189.0,69.0,-127.0,174.0,365.0
95.0,535.0,1.0,-20.0,58.0,187.0,79.0,97.0,121.0,336.0
78.0,452.0,59.0,-55.0,71.0,231.0,43.0,336.0,66.0,300.0
56.0,312.0,100.0,-65.0,74.0,194.0,91.0,509.0,18.0,268.0
70.0,103.0,122.0,-62.0,67.0,277.0,62.0,338.0,1.0,235.0
84.0,-107.0,222.0,-58.0,50.0,289.0,-138.0,158.0,-23.0,176.0
99.0,-204.0,210.0,-70.0,28.0,175.0,-179.0,413.0,-74.0,131.0
110.0,-215.0,250.0,-110.0,12.0,148.0,-19.0,622.0,-132.0,95.0
119.0,-251.0,299.0,-101.0,4.0,202.0,-17.0,783.0,-191.0,56.0
152.0,-362.0,273.0,-64.0,-6.0,283.0,-108.0,742.0,-224.0,4.0
169.0,-535.0,314.0,-46.0,-26.0,187.0,-77.0,713.0,-219.0,-20.0
190.0,-669.0,327.0,-14.0,-46.0,88.0,-76.0,654.0,-194.0,-10.0
240.0,-605.0,315.0,33.0,-57.0,118.0,-179.0,334.0,-193.0,-22.0
282.0,-448.0,333.0,52.0,-56.0,-5.0,-215.0,269.0,-200.0,-24.0
327.0,-315.0,345.0,67.0,-45.0,-35.0,-104.0,262.0,-185.0,7.0
371.0,-98.0,327.0,108.0,-29.0,56.0,-30.0,363.0,-184.0,35.0
382.0,202.0,322.0,116.0,-12.0,31.0,-55.0,323.0,-170.0,50.0
402.0,430.0,334.0,124.0,0.0,98.0,-101.0,136.0,-153.0,96.0
386.0,513.0,320.0,137.0,-8.0,154.0,-189.0,288.0,-159.0,156.0
375.0,512.0,291.0,126.0,-20.0,62.0,-247.0,266.0,-158.0,205.0
366.0,472.0,301.0,137.0,-16.0,0.0,-213.0,419.0,-165.0,246.0
354.0,409.0,296.0,155.0,-2.0,22.0,-219.0,609.0,-165.0,287.0
355.0,387.0,284.0,166.0,3.0,66.0,-283.0,631.0,-158.0,320.0
315.0,407.0,281.0,177.0,-8.0,110.0,-219.0,711.0,-133.0,305.0
302.0,310.0,258.0,169.0,-15.0,58.0,-155.0,545.0,-121.0,255.0
270.0,51.0,265.0,162.0,-5.0,-35.0,-184.0,517.0,-134.0,218.0
238.0,-187.0,231.0,189.0,7.0,35.0,-171.0,458.0,-124.0,185.0
199.0,-314.0,204.0,194.0,13.0,37.0,-117.0,402.0,-138.0,110.0
136.0,-433.0,198.0,191.0,9.0,-98.0,-23.0,463.0,-149.0,53.0
107.0,-489.0,143.0,188.0,5.0,-2.0,44.0,389.0,-166.0,32.0
64.0,-355.0,122.0,192.0,-7.0,194.0,45.0,406.0,-201.0,-29.0
35.0,-193.0,109.0,205.0,-16.0,146.0,-21.0,365.0,-221.0,-102.0
-1.0,-106.0,64.0,194.0,-10.0,70.0,-66.0,319.0,-229.0,-137.0
-20.0,21.0,64.0,214.0,6.0,136.0,-8.0,229.0,-210.0,-171.0
-37.0,147.0,62.0,201.0,26.0,98.0,32.0,234.0,-178.0,-235.0
-83.0,145.0,42.0,195.0,36.0,-60.0,-22.0,314.0,-174.0,-280.0
-102.0,67.0,58.0,185.0,38.0,-62.0,-46.0,245.0,-179.0,-299.0
-125.0,38.0,46.0,145.0,33.0,77.0,111.0,279.0,-156.0,-312.0
-139.0,66.0,50.0,149.0,19.0,165.0,211.0,315.0,-142.0,-340.0
-142.0,149.0,69.0,139.0,-3.0,202.0,70.0,519.0,-121.0,-347.0
-144.0,213.0,81.0,144.0,-29.0,230.0,5.0,591.0,-85.0,-328.0
-126.0,76.0,114.0,131.0,-50.0,286.0,177.0,500.0,-41.0,-341.0
-93.0,-152.0,121.0,81.0,-63.0,366.0,306.0,587.0,43.0,-330.0
-54.0,-282.0,159.0,51.0,-78.0,363.0,271.0,448.0,142.0,-308.0
-23.0,-343.0,187.0,24.0,-93.0,414.0,236.0,284.0,241.0,-286.0
0.0,-349.0,198.0,3.0,-89.0,442.0,239.0,219.0,325.0,-279.0
37.0,-253.0,227.0,2.0,-66.0,237.0,284.0,325.0,393.0,-282.0
76.0,5.0,248.0,-4.0,-38.0,164.0,380.0,521.0,435.0,-253.0
93.0,308.0,262.0,-14.0,-20.0,233.0,332.0,570.0,455.0,-243.0
136.0,413.0,264.0,-7.0,-7.0,283.0,134.0,694.0,489.0,-232.0
179.0,298.0,267.0,36.0,0.0,345.0,177.0,744.0,527.0,-194.0
187.0,74.0,249.0,83.0,-12.0,358.0,349.0,750.0,547.0,-141.0
184.0,-165.0,237.0,77.0,-42.0,373.0,236.0,737.0,569.0,-107.0
170.0,-359.0,218.0,96.0,-81.0,265.0,105.0,703.0,586.0,-60.0
169.0,-406.0,166.0,124.0,-106.0,142.0,138.0,582.0,602.0,9.0
144.0,-263.0,136.0,138.0,-111.0,201.0,119.0,242.0,613.0,56.0
121.0,-50.0,107.0,183.0,-99.0,264.0,149.0,160.0,600.0,104.0
91.0,253.0,54.0,196.0,-80.0,168.0,325.0,166.0,569.0,153.0
53.0,564.0,27.0,204.0,-62.0,51.0,356.0,223.0,529.0,225.0
20.0,559.0,-4.0,249.0,-35.0,52.0,263.0,432.0,484.0,296.0
-33.0,326.0,-26.0,280.0,-7.0,200.0,275.0,456.0,427.0,341.0
-68.0,129.0,-51.0,283.0,14.0,315.0,252.0,408.0,376.0,396.0
-109.0,-79.0,-67.0,266.0,26.0,212.0,222.0,199.0,313.0,442.0
-127.0,-351.0,-60.0,256.0,39.0,102.0,260.0,72.0,222.0,454.0
-161.0,-535.0,-74.0,269.0,62.0,10.0,361.0,48.0,123.0,454.0
-184.0,-556.0,-39.0,281.0,99.0,-29.0,437.0,79.0,26.0,451.0
-204.0,-531.0,-29.0,280.0,145.0,7.0,265.0,254.0,-38.0,412.0
-236.0,-545.0,-1.0,286.0,188.0,-18.0,66.0,319.0,-80.0,351.0
-237.0,-588.0,23.0,294.0,225.0,-95.0,132.0,406.0,-114.0,299.0
-284.0,-543.0,28.0,288.0,243.0,-110.0,269.0,369.0,-139.0,264.0
-296.0,-374.0,69.0,309.0,243.0,-48.0,224.0,325.0,-157.0,215.0
-334.0,-189.0,57.0,342.0,227.0,24.0,140.0,225.0,-151.0,178.0
-360.0,32.0,72.0,328.0,196.0,-8.0,167.0,133.0,-115.0,175.0
-368.0,243.0,82.0,277.0,155.0,-181.0,149.0,303.0,-78.0,174.0
-386.0,333.0,63.0,225.0,115.0,-199.0,41.0,240.0,-34.0,176.0
-373.0,377.0,59.0,196.0,80.0,-160.0,57.0,201.0,0.0,173.0
-381.0,395.0,68.0,152.0,41.0,-117.0,174.0,245.0,17.0,185.0
-349.0,327.0,45.0,117.0,3.0,-34.0,159.0,249.0,52.0,182.0
-336.0,312.0,30.0,110.0,-22.0,-52.0,143.0,291.0,83.0,168.0
-332.0,459.0,33.0,62.0,-25.0,-83.0,157.0,240.0,109.0,161.0
-319.0,605.0,-4.0,30.0,-10.0,-105.0,-5.0,290.0,116.0,143.0
-287.0,628.0,13.0,34.0,11.0,-58.0,-109.0,145.0,100.0,136.0
-250.0,670.0,-3.0,24.0,32.0,-62.0,31.0,177.0,92.0,112.0
-203.0,766.0,6.0,27.0,38.0,-216.0,46.0,380.0,82.0,104.0
-140.0,705.0,47.0,42.0,26.0,-290.0,-134.0,376.0,73.0,131.0
-84.0,469.0,45.0,69.0,0.0,-181.0,-119.0,517.0,77.0,155.0
-8.0,193.0,76.0,84.0,-20.0,-120.0,68.0,487.0,70.0,184.0
43.0,-11.0,72.0,107.0,-31.0,-139.0,71.0,509.0,41.0,232.0
111.0,-30.0,113.0,162.0,-47.0,-87.0,-56.0,480.0,21.0,278.0
144.0,125.0,126.0,207.0,-68.0,-69.0,-70.0,293.0,29.0,297.0
181.0,258.0,143.0,270.0,-93.0,-86.0,-49.0,282.0,50.0,315.0
211.0,170.0,184.0,348.0,-114.0,-109.0,-36.0,339.0,77.0,320.0
223.0,-87.0,162.0,394.0,-128.0,-164.0,51.0,583.0,107.0,323.0
245.0,-393.0,167.0,423.0,-131.0,-156.0,98.0,639.0,132.0,329.0
254.0,-606.0,144.0,422.0,-126.0,-191.0,-29.0,637.0,176.0,335.0
275.0,-566.0,120.0,407.0,-121.0,-276.0,-151.0,633.0,237.0,369.0
257.0,-354.0,93.0,381.0,-122.0,-179.0,-80.0,522.0,305.0,386.0
248.0,-193.0,55.0,344.0,-126.0,-32.0,-16.0,517.0,363.0,389.0
216.0,-146.0,19.0,342.0,-127.0,-12.0,-45.0,524.0,383.0,407.0
193.0,-136.0,-41.0,346.0,-125.0,-53.0,7.0,631.0,415.0,414.0
148.0,-56.0,-64.0,337.0,-113.0,-63.0,97.0,491.0,452.0,402.0
96.0,146.0,-112.0,323.0,-83.0,-81.0,32.0,352.0,479.0,393.0
60.0,280.0,-146.0,291.0,-38.0,-164.0,-92.0,367.0,490.0,393.0
26.0,218.0,-152.0,269.0,10.0,-152.0,-52.0,290.0,478.0,388.0
17.0,131.0,-178.0,262.0,47.0,-35.0,0.0,413.0,444.0,394.0
-24.0,40.0,-198.0,273.0,68.0,-29.0,-42.0,373.0,392.0,405.0
-33.0,-175.0,-207.0,284.0,73.0,-135.0,-82.0,266.0,358.0,419.0
-65.0,-355.0,-209.0,286.0,66.0,-158.0,-150.0,280.0,312.0,401.0
-88.0,-354.0,-224.0,281.0,55.0,-80.0,-149.0,240.0,254.0,362.0
-118.0,-356.0,-203.0,290.0,43.0,-54.0,-58.0,240.0,185.0,338.0
-146.0,-417.0,-194.0,302.0,28.0,-54.0,-60.0,203.0,124.0,279.0
-150.0,-414.0,-194.0,265.0,16.0,20.0,-152.0,312.0,100.0,208.0
-170.0,-397.0,-164.0,211.0,-2.0,41.0,-107.0,404.0,82.0,171.0
-148.0,-347.0,-139.0,148.0,-19.0,-74.0,30.0,485.0,71.0,139.0
-154.0,-120.0,-98.0,116.0,-32.0,-198.0,33.0,650.0,24.0,75.0
-142.0,165.0,-86.0,92.0,-51.0,-219.0,-70.0,668.0,-34.0,7.0
-120.0,340.0,-33.0,31.0,-65.0,-183.0,-89.0,655.0,-85.0,-44.0
-91.0,453.0,17.0,2.0,-69.0,-204.0,35.0,593.0,-140.0,-113.0
-53.0,519.0,13.0,-8.0,-62.0,-183.0,84.0,497.0,-185.0,-221.0
0.0,532.0,75.0,-13.0,-53.0,-29.0,-10.0,362.0,-246.0,-318.0
59.0,512.0,110.0,1.0,-49.0,103.0,-62.0,314.0,-298.0,-390.0
101.0,425.0,127.0,7.0,-46.0,86.0,-43.0,282.0,-338.0,-479.0
158.0,310.0,180.0,37.0,-35.0,45.0,-9.0,160.0,-340.0,-544.0
190.0,216.0,222.0,60.0,-11.0,7.0,20.0,243.0,-298.0,-564.0
239.0,146.0,268.0,67.0,17.0,-116.0,-9.0,271.0,-263.0,-579.0
268.0,193.0,305.0,97.0,46.0,-156.0,-63.0,336.0,-233.0,-608.0
278.0,384.0,330.0,127.0,71.0,-43.0,-7.0,426.0,-203.0,-628.0
287.0,534.0,358.0,170.0,93.0,96.0,55.0,465.0,-178.0,-629.0
308.0,519.0,377.0,193.0,114.0,115.0,-6.0,748.0,-116.0,-639.0
337.0,522.0,366.0,197.0,130.0,-9.0,-48.0,873.0,-28.0,-662.0
342.0,679.0,381.0,217.0,136.0,-18.0,43.0,1010.0,35.0,-651.0
348.0,786.0,383.0,225.0,126.0,85.0,162.0,1021.0,74.0,-599.0
346.0,628.0,348.0,211.0,114.0,66.0,152.0,752.0,99.0,-567.0
333.0,238.0,336.0,227.0,98.0,15.0,101.0,556.0,145.0,-541.0
296.0,-141.0,299.0,284.0,69.0,-29.0,46.0,182.0,204.0,-484.0
257.0,-287.0,238.0,336.0,33.0,-94.0,-15.0,35.0,247.0,-445.0
215.0,-230.0,194.0,387.0,5.0,-39.0,29.0,31.0,283.0,-449.0
193.0,-82.0,130.0,452.0,-8.0,6.0,119.0,190.0,285.0,-440.0
171.0,83.0,67.0,511.0,-20.0,-73.0,179.0,489.0,272.0,-414.0
161.0,196.0,43.0,553.0,-41.0,-156.0,191.0,349.0,280.0,-417.0
149.0,246.0,-20.0,586.0,-71.0,-168.0,192.0,275.0,284.0,-449.0
118.0,233.0,-56.0,581.0,-96.0,-82.0,185.0,131.0,272.0,-450.0
118.0,187.0,-75.0,582.0,-103.0,-51.0,143.0,116.0,259.0,-436.0
89.0,158.0,-131.0,598.0,-94.0,-116.0,140.0,323.0,232.0,-461.0
78.0,75.0,-146.0,615.0,-86.0,-97.0,203.0,393.0,196.0,-487.0
35.0,-137.0,-170.0,640.0,-93.0,-36.0,253.0,576.0,163.0,-474.0
-5.0,-383.0,-196.0,646.0,-102.0,-6.0,239.0,485.0,144.0,-455.0
-26.0,-548.0,-214.0,657.0,-88.0,-29.0,250.0,339.0,140.0,-445.0
-83.0,-613.0,-208.0,645.0,-50.0,-56.0,285.0,190.0,110.0,-415.0
-113.0,-602.0,-208.0,596.0,-5.0,-90.0,280.0,120.0,66.0,-355.0
-158.0,-557.0,-215.0,536.0,41.0,-242.0,239.0,197.0,43.0,-299.0
-200.0,-495.0,-184.0,491.0,91.0,-306.0,247.0,33.0,49.0,-264.0
-261.0,-395.0,-171.0,441.0,140.0,-182.0,319.0,-36.0,63.0,-198.0
-299.0,-342.0,-158.0,380.0,172.0,-150.0,316.0,-70.0,80.0,-114.0
-319.0,-406.0,-126.0,314.0,173.0,-261.0,268.0,-14.0,84.0,-49.0
-342.0,-427.0,-111.0,246.0,144.0,-275.0,211.0,48.0,82.0,31.0
-355.0,-269.0,-104.0,212.0,97.0,-169.0,149.0,36.0,91.0,135.0
-361.0,105.0,-85.0,187.0,45.0,-154.0,139.0,121.0,96.0,221.0
-341.0,553.0,-68.0,179.0,-1.0,-262.0,233.0,210.0,100.0,269.0
-334.0,757.0,-56.0,179.0,-28.0,-342.0,321.0,460.0,78.0,315.0
-288.0,761.0,-13.0,172.0,-19.0,-309.0,232.0,559.0,56.0,373.0
-254.0,759.0,30.0,155.0,20.0,-240.0,144.0,576.0,52.0,400.0
-204.0,688.0,55.0,160.0,65.0,-279.0,152.0,476.0,42.0,400.0
-147.0,488.0,96.0,184.0,88.0,-387.0,183.0,210.0,31.0,423.0
-102.0,369.0,132.0,173.0,83.0,-423.0,195.0,238.0,15.0,456.0
-21.0,463.0,180.0,176.0,62.0,-371.0,178.0,155.0,6.0,456.0
20.0,570.0,215.0,153.0,39.0,-250.0,208.0,97.0,-8.0,454.0
59.0,551.0,241.0,143.0,17.0,-154.0,250.0,177.0,-23.0,473.0
92.0,442.0,285.0,143.0,-3.0,-213.0,252.0,140.0,-22.0,474.0
96.0,370.0,299.0,123.0,-14.0,-352.0,164.0,134.0,-8.0,447.0
118.0,372.0,321.0,148.0,-15.0,-448.0,65.0,40.0,-6.0,413.0
113.0,357.0,329.0,146.0,-21.0,-389.0,125.0,70.0,-10.0,413.0
84.0,290.0,327.0,151.0,-39.0,-226.0,234.0,160.0,16.0,407.0
70.0,163.0,313.0,162.0,-52.0,-198.0,208.0,321.0,41.0,359.0
18.0,68.0,296.0,162.0,-47.0,-297.0,119.0,437.0,64.0,351.0
4.0,75.0,278.0,154.0,-30.0,-360.0,143.0,402.0,96.0,370.0
-26.0,133.0,261.0,149.0,-15.0,-349.0,211.0,487.0,141.0,367.0
-71.0,172.0,249.0,170.0,-9.0,-306.0,196.0,430.0,188.0,348.0
-86.0,87.0,230.0,163.0,-4.0,-231.0,161.0,500.0,219.0,357.0
-140.0,-68.0,225.0,148.0,-1.0,-198.0,115.0,509.0,276.0,355.0
-165.0,-181.0,203.0,177.0,-6.0,-248.0,57.0,389.0,337.0,303.0
-185.0,-229.0,176.0,211.0,-22.0,-246.0,36.0,412.0,347.0,261.0
-187.0,-115.0,157.0,232.0,-45.0,-210.0,0.0,369.0,339.0,237.0
-198.0,82.0,137.0,262.0,-60.0,-290.0,-76.0,519.0,329.0,192.0
-210.0,159.0,88.0,293.0,-62.0,-383.0,-117.0,565.0,317.0,114.0
-215.0,158.0,87.0,273.0,-47.0,-313.0,-40.0,539.0,307.0,76.0
-220.0,176.0,69.0,211.0,-22.0,-242.0,9.0,343.0,300.0,64.0
-224.0,202.0,26.0,158.0,20.0,-281.0,-51.0,49.0,263.0,29.0
-234.0,239.0,24.0,105.0,69.0,-329.0,-67.0,83.0,201.0,7.0
-210.0,307.0,-6.0,48.0,102.0,-282.0,-34.0,164.0,145.0,31.0
-213.0,360.0,-3.0,8.0,118.0,-144.0,-25.0,526.0,93.0,56.0
-208.0,405.0,-18.0,-17.0,125.0,-119.0,-29.0,698.0,37.0,40.0
-209.0,488.0,-2.0,-38.0,125.0,-150.0,1.0,681.0,-50.0,43.0
-170.0,502.0,7.0,-55.0,116.0,-153.0,23.0,761.0,-130.0,59.0
-112.0,325.0,4.0,-50.0,101.0,-265.0,-10.0,618.0,-197.0,55.0
-55.0,10.0,33.0,-36.0,86.0,-289.0,-34.0,650.0,-253.0,19.0
8.0,-302.0,35.0,-36.0,64.0,-217.0,-79.0,546.0,-267.0,11.0
66.0,-481.0,59.0,-52.0,36.0,-256.0,-136.0,543.0,-275.0,27.0
159.0,-439.0,38.0,-67.0,16.0,-332.0,-132.0,661.0,-255.0,3.0
206.0,-273.0,63.0,-58.0,9.0,-370.0,-88.0,513.0,-240.0,-14.0
274.0,-146.0,79.0,-26.0,8.0,-321.0,-79.0,506.0,-227.0,-9.0
328.0,-165.0,66.0,-9.0,0.0,-306.0,-81.0,448.0,-201.0,-6.0
389.0,-395.0,99.0,11.0,-21.0,-383.0,-55.0,532.0,-198.0,-29.0
434.0,-701.0,87.0,41.0,-34.0,-415.0,-62.0,495.0,-179.0,-30.0
464.0,-890.0,100.0,31.0,-44.0,-344.0,-112.0,517.0,-154.0,-11.0
510.0,-946.0,85.0,52.0,-64.0,-291.0,-124.0,752.0,-134.0,-28.0
519.0,-942.0,51.0,92.0,-82.0,-375.0,-85.0,539.0,-95.0,-59.0
534.0,-854.0,43.0,113.0,-88.0,-411.0,-56.0,582.0,-59.0,-76.0
529.0,-758.0,12.0,148.0,-77.0,-327.0,-9.0,689.0,-40.0,-70.0
550.0,-718.0,-36.0,187.0,-51.0,-322.0,-4.0,548.0,-10.0,-97.0
535.0,-582.0,-59.0,245.0,-15.0,-442.0,-79.0,465.0,13.0,-122.0
532.0,-390.0,-84.0,294.0,21.0,-438.0,-121.0,319.0,9.0,-106.0
528.0,-303.0,-119.0,351.0,40.0,-323.0,-80.0,147.0,2.0,-117.0
512.0,-251.0,-123.0,391.0,35.0,-335.0,0.0,121.0,12.0,-171.0
522.0,-152.0,-167.0,378.0,19.0,-379.0,32.0,402.0,22.0,-213.0
505.0,-117.0,-179.0,374.0,5.0,-363.0,65.0,436.0,19.0,-229.0
517.0,-144.0,-193.0,337.0,-5.0,-329.0,74.0,384.0,16.0,-280.0
497.0,-71.0,-236.0,314.0,-8.0,-340.0,7.0,410.0,6.0,-348.0
480.0,100.0,-240.0,303.0,-4.0,-306.0,-40.0,136.0,0.0,-368.0
456.0,186.0,-259.0,270.0,-2.0,-254.0,-20.0,5.0,3.0,-366.0
411.0,147.0,-262.0,276.0,-3.0,-352.0,37.0,127.0,-9.0,-389.0
366.0,124.0,-263.0,265.0,-9.0,-465.0,67.0,334.0,-49.0,-385.0
316.0,87.0,-259.0,274.0,-23.0,-425.0,49.0,589.0,-82.0,-343.0
282.0,-51.0,-233.0,266.0,-43.0,-292.0,-9.0,648.0,-104.0,-310.0
239.0,-216.0,-239.0,255.0,-64.0,-297.0,-43.0,395.0,-120.0,-286.0
193.0,-355.0,-213.0,279.0,-76.0,-477.0,-2.0,99.0,-110.0,-265.0
138.0,-465.0,-177.0,293.0,-85.0,-639.0,60.0,-84.0,-78.0,-210.0
95.0,-479.0,-157.0,333.0,-88.0,-617.0,89.0,-192.0,-33.0,-177.0
39.0,-382.0,-119.0,353.0,-78.0,-501.0,93.0,-36.0,15.0,-184.0
-18.0,-191.0,-39.0,366.0,-71.0,-424.0,102.0,171.0,78.0,-150.0
-81.0,50.0,-1.0,377.0,-74.0,-358.0,20.0,166.0,163.0,-131.0
-144.0,283.0,6.0,339.0,-76.0,-472.0,-74.0,199.0,264.0,-149.0
-208.0,528.0,139.0,271.0,-70.0,-619.0,-40.0,277.0,364.0,-183.0
-248.0,607.0,118.0,197.0,-51.0,-576.0,12.0,369.0,463.0,-201.0
-281.0,476.0,149.0,122.0,-14.0,-461.0,42.0,240.0,549.0,-214.0
-326.0,458.0,269.0,34.0,29.0,-328.0,78.0,-99.0,609.0,-255.0
-350.0,614.0,177.0,-47.0,64.0,-323.0,77.0,-208.0,671.0,-264.0
-378.0,832.0,268.0,-111.0,83.0,-383.0,53.0,-158.0,720.0,-253.0
-385.0,1057.0,293.0,-160.0,97.0,-415.0,70.0,48.0,735.0,-246.0
-398.0,1142.0,241.0,-220.0,107.0,-473.0,138.0,182.0,720.0,-251.0
-390.0,1059.0,303.0,-289.0,111.0,-441.0,180.0,212.0,670.0,-225.0
-386.0,906.0,274.0,-297.0,112.0,-352.0,156.0,92.0,582.0,-193.0
-371.0,689.0,277.0,-307.0,109.0,-390.0,146.0,-166.0,451.0,-209.0
-340.0,410.0,265.0,-317.0,96.0,-536.0,123.0,-138.0,313.0,-194.0
-327.0,65.0,267.0,-266.0,77.0,-568.0,77.0,-181.0,159.0,-151.0
-284.0,-333.0,261.0,-191.0,60.0,-461.0,81.0,-64.0,-2.0,-136.0
-254.0,-599.0,269.0,-136.0,54.0,-415.0,126.0,140.0,-132.0,-130.0
-221.0,-655.0,295.0,-102.0,61.0,-499.0,193.0,153.0,-241.0,-86.0
-192.0,-726.0,286.0,-5.0,74.0,-544.0,252.0,219.0,-323.0,-25.0
-178.0,-897.0,320.0,71.0,91.0,-457.0,271.0,38.0,-399.0,-11.0
-179.0,-995.0,303.0,131.0,105.0,-396.0,221.0,-96.0,-476.0,0.0
-154.0,-863.0,294.0,207.0,102.0,-411.0,141.0,-157.0,-560.0,57.0
-114.0,-597.0,272.0,218.0,80.0,-391.0,78.0,-44.0,-630.0,111.0
-76.0,-431.0,239.0,238.0,54.0,-370.0,12.0,168.0,-668.0,151.0
-23.0,-359.0,232.0,287.0,34.0,-452.0,-17.0,109.0,-691.0,224.0
21.0,-299.0,190.0,301.0,12.0,-466.0,26.0,147.0,-684.0,332.0
72.0,-290.0,184.0,314.0,-7.0,-300.0,65.0,116.0,-661.0,402.0
105.0,-392.0,147.0,334.0,-11.0,-187.0,69.0,38.0,-627.0,451.0
130.0,-520.0,115.0,318.0,1.0,-276.0,52.0,-195.0,-577.0,529.0
147.0,-517.0,79.0,337.0,11.0,-399.0,9.0,-391.0,-513.0,592.0
186.0,-494.0,37.0,373.0,5.0,-387.0,-46.0,-192.0,-443.0,620.0
213.0,-519.0,-7.0,394.0,-12.0,-259.0,-123.0,-25.0,-366.0,630.0
232.0,-478.0,-58.0,407.0,-31.0,-223.0,-168.0,236.0,-291.0,662.0
260.0,-457.0,-78.0,420.0,-48.0,-347.0,-193.0,371.0,-216.0,674.0
281.0,-509.0,-137.0,453.0,-69.0,-478.0,-197.0,332.0,-140.0,633.0
296.0,-449.0,-144.0,452.0,-89.0,-602.0,-145.0,131.0,-67.0,603.0
289.0,-276.0,-174.0,428.0,-109.0,-569.0,-103.0,-129.0,18.0,590.0
286.0,-112.0,-205.0,411.0,-125.0,-374.0,-90.0,-1.0,81.0,522.0
270.0,89.0,-198.0,386.0,-127.0,-292.0,-64.0,42.0,113.0,422.0
264.0,225.0,-254.0,332.0,-112.0,-363.0,18.0,49.0,135.0,340.0
231.0,236.0,-244.0,298.0,-80.0,-461.0,38.0,-33.0,124.0,243.0
212.0,300.0,-243.0,231.0,-47.0,-461.0,-29.0,-133.0,97.0,127.0
201.0,435.0,-265.0,193.0,-25.0,-413.0,-68.0,3.0,51.0,20.0
190.0,536.0,-240.0,184.0,-16.0,-422.0,-98.0,88.0,-14.0,-36.0
200.0,530.0,-239.0,158.0,-15.0,-435.0,-100.0,138.0,-72.0,-133.0
188.0,395.0,-223.0,165.0,-17.0,-425.0,-115.0,20.0,-120.0,-263.0
201.0,211.0,-193.0,142.0,-26.0,-408.0,-193.0,-46.0,-150.0,-344.0
212.0,-6.0,-173.0,150.0,-42.0,-363.0,-252.0,-11.0,-159.0,-419.0
234.0,-221.0,-160.0,108.0,-65.0,-296.0,-289.0,-70.0,-158.0,-492.0
240.0,-182.0,-116.0,29.0,-85.0,-260.0,-285.0,-127.0,-151.0,-553.0
248.0,165.0,-96.0,-8.0,-97.0,-363.0,-248.0,-236.0,-138.0,-559.0
260.0,430.0,-57.0,-78.0,-97.0,-421.0,-267.0,-81.0,-116.0,-557.0
262.0,365.0,11.0,-162.0,-96.0,-317.0,-313.0,145.0,-78.0,-566.0
264.0,234.0,28.0,-242.0,-89.0,-274.0,-338.0,149.0,-36.0,-537.0
243.0,214.0,104.0,-302.0,-74.0,-319.0,-325.0,134.0,4.0,-487.0
242.0,159.0,153.0,-346.0,-66.0,-332.0,-255.0,149.0,50.0,-442.0
233.0,85.0,173.0,-407.0,-59.0,-217.0,-177.0,162.0,85.0,-410.0
228.0,73.0,204.0,-468.0,-46.0,-174.0,-136.0,-190.0,100.0,-359.0
191.0,104.0,226.0,-508.0,-30.0,-175.0,-72.0,-441.0,119.0,-306.0
157.0,87.0,228.0,-517.0,-25.0,-16.0,-42.0,-304.0,134.0,-274.0
137.0,-19.0,201.0,-445.0,-28.0,111.0,-109.0,-131.0,135.0,-238.0
97.0,-64.0,209.0,-363.0,-35.0,106.0,-152.0,25.0,141.0,-199.0
65.0,-11.0,177.0,-299.0,-41.0,23.0,-182.0,-107.0,135.0,-183.0
31.0,52.0,133.0,-241.0,-43.0,31.0,-204.0,-97.0,115.0,-217.0
0.0,69.0,105.0,-181.0,-44.0,101.0,-169.0,-153.0,97.0,-269.0
-40.0,35.0,55.0,-142.0,-45.0,129.0,-154.0,-269.0,60.0,-301.0
-59.0,34.0,-1.0,-119.0,-44.0,125.0,-176.0,-116.0,11.0,-344.0
-88.0,69.0,-47.0,-96.0,-42.0,56.0,-195.0,-1.0,-30.0,-388.0
-115.0,62.0,-86.0,-102.0,-38.0,25.0,-183.0,188.0,-58.0,-374.0
-120.0,-19.0,-125.0,-107.0,-30.0,65.0,-140.0,29.0,-79.0,-347.0
-133.0,-129.0,-154.0,-121.0,-22.0,164.0,-98.0,-140.0,-100.0,-324.0
-135.0,-179.0,-169.0,-108.0,-18.0,221.0,-85.0,-184.0,-114.0,-279.0
-130.0,-161.0,-185.0,-92.0,-19.0,95.0,-88.0,-402.0,-113.0,-215.0
-116.0,-137.0,-168.0,-86.0,-15.0,0.0,-127.0,-504.0,-106.0,-155.0
-95.0,-98.0,-159.0,-69.0,-4.0,104.0,-196.0,-609.0,-95.0,-127.0
-79.0,-31.0,-194.0,-48.0,0.0,215.0,-196.0,-511.0,-59.0,-109.0
-63.0,-28.0,-159.0,-9.0,4.0,129.0,-149.0,-421.0,-22.0,-97.0
-35.0,-27.0,-172.0,28.0,-1.0,-24.0,-117.0,-388.0,12.0,-106.0
-21.0,101.0,-182.0,39.0,-18.0,73.0,-88.0,-339.0,49.0,-128.0
-7.0,233.0,-155.0,19.0,-27.0,317.0,-84.0,-441.0,80.0,-122.0
-8.0,227.0,-152.0,28.0,-19.0,356.0,-110.0,-389.0,109.0,-88.0
-16.0,71.0,-125.0,26.0,-4.0,290.0,-124.0,-319.0,127.0,-68.0
-22.0,-124.0,-139.0,22.0,-2.0,328.0,-113.0,-136.0,157.0,-42.0
-27.0,-183.0,-91.0,48.0,-5.0,383.0,-113.0,-99.0,193.0,3.0
-33.0,-120.0,-116.0,69.0,-2.0,317.0,-134.0,-304.0,229.0,44.0
-52.0,-100.0,-124.0,68.0,5.0,284.0,-124.0,-354.0,245.0,73.0
-53.0,-130.0,-88.0,17.0,9.0,424.0,-102.0,-384.0,254.0,92.0
-66.0,-122.0,-152.0,-51.0,10.0,478.0,-93.0,-280.0,278.0,116.0
-75.0,-94.0,-92.0,-90.0,20.0,348.0,-81.0,-332.0,286.0,138.0
-101.0,-137.0,-115.0,-103.0,46.0,277.0,-34.0,-349.0,305.0,132.0
-102.0,-246.0,-117.0,-127.0,82.0,301.0,0.0,-258.0,333.0,122.0
-103.0,-278.0,-37.0,-153.0,110.0,325.0,14.0,-417.0,360.0,115.0
-128.0,-170.0,-68.0,-170.0,127.0,327.0,87.0,-517.0,384.0,84.0
-134.0,-21.0,-19.0,-193.0,132.0,290.0,147.0,-679.0,404.0,44.0
-157.0,15.0,18.0,-208.0,131.0,239.0,135.0,-718.0,411.0,24.0
-136.0,-58.0,38.0,-197.0,126.0,165.0,104.0,-687.0,402.0,14.0
-143.0,-42.0,94.0,-176.0,113.0,150.0,100.0,-655.0,391.0,5.0
-117.0,106.0,124.0,-127.0,101.0,212.0,127.0,-474.0,375.0,14.0
-77.0,199.0,161.0,-66.0,94.0,166.0,157.0,-413.0,370.0,61.0
-62.0,172.0,198.0,-24.0,89.0,35.0,188.0,-304.0,359.0,123.0
0.0,133.0,201.0,25.0,82.0,10.0,174.0,-375.0,351.0,168.0
17.0,108.0,223.0,74.0,76.0,104.0,122.0,-456.0,338.0,220.0
55.0,106.0,262.0,150.0,80.0,114.0,141.0,-271.0,303.0,259.0
70.0,120.0,238.0,235.0,93.0,-18.0,212.0,-66.0,260.0,254.0
58.0,-23.0,265.0,310.0,101.0,-105.0,250.0,153.0,196.0,230.0
85.0,-289.0,245.0,358.0,98.0,-87.0,281.0,205.0,141.0,195.0
99.0,-319.0,219.0,378.0,90.0,-45.0,308.0,20.0,67.0,156.0
120.0,-60.0,217.0,425.0,86.0,48.0,271.0,-362.0,-21.0,93.0
146.0,190.0,140.0,443.0,92.0,84.0,199.0,-528.0,-104.0,31.0
153.0,318.0,135.0,439.0,107.0,-60.0,183.0,-463.0,-193.0,5.0
177.0,389.0,95.0,452.0,127.0,-214.0,176.0,-491.0,-274.0,-40.0
166.0,466.0,37.0,427.0,134.0,-232.0,150.0,-393.0,-355.0,-99.0
139.0,585.0,24.0,368.0,121.0,-231.0,151.0,-432.0,-430.0,-143.0
152.0,708.0,-15.0,285.0,97.0,-340.0,155.0,-563.0,-514.0,-191.0
128.0,744.0,-46.0,207.0,66.0,-398.0,137.0,-648.0,-614.0,-251.0
119.0,695.0,-69.0,142.0,32.0,-316.0,110.0,-676.0,-702.0,-292.0
100.0,609.0,-110.0,50.0,-12.0,-306.0,137.0,-565.0,-763.0,-328.0
96.0,492.0,-138.0,-12.0,-54.0,-409.0,153.0,-539.0,-800.0,-357.0
89.0,442.0,-153.0,-57.0,-75.0,-493.0,130.0,-341.0,-827.0,-376.0
52.0,496.0,-184.0,-117.0,-82.0,-479.0,130.0,-280.0,-828.0,-411.0
42.0,456.0,-196.0,-151.0,-95.0,-405.0,102.0,-181.0,-806.0,-432.0
21.0,287.0,-185.0,-190.0,-131.0,-363.0,59.0,-203.0,-769.0,-453.0
13.0,207.0,-187.0,-197.0,-174.0,-292.0,71.0,-766.0,-715.0,-469.0
-15.0,210.0,-180.0,-166.0,-209.0,-222.0,120.0,-1031.0,-649.0,-460.0
-33.0,156.0,-131.0,-147.0,-228.0,-324.0,112.0,-1005.0,-595.0,-440.0
-74.0,108.0,-135.0,-122.0,-231.0,-508.0,93.0,-716.0,-515.0,-423.0
-123.0,110.0,-108.0,-125.0,-215.0,-442.0,112.0,-506.0,-409.0,-404.0
-166.0,78.0,-53.0,-127.0,-185.0,-211.0,65.0,-362.0,-309.0,-371.0
-214.0,-66.0,-52.0,-110.0,-141.0,-168.0,-11.0,57.0,-199.0,-349.0
-230.0,-193.0,3.0,-129.0,-84.0,-249.0,-32.0,168.0,-100.0,-326.0
-258.0,-196.0,35.0,-145.0,-34.0,-255.0,-54.0,35.0,-14.0,-314.0
-262.0,-215.0,52.0,-152.0,-4.0,-219.0,-109.0,-223.0,80.0,-310.0
-294.0,-298.0,90.0,-155.0,11.0,-223.0,-141.0,-218.0,178.0,-307.0
-310.0,-391.0,87.0,-183.0,26.0,-156.0,-125.0,-90.0,261.0,-320.0
-316.0,-476.0,108.0,-217.0,53.0,-23.0,-108.0,-295.0,345.0,-323.0
-346.0,-517.0,120.0,-230.0,76.0,-33.0,-89.0,-474.0,410.0,-317.0
-347.0,-544.0,119.0,-259.0,75.0,-140.0,-57.0,-691.0,424.0,-327.0
-349.0,-636.0,142.0,-274.0,55.0,-118.0,-76.0,-689.0,431.0,-342.0
-325.0,-812.0,133.0,-266.0,41.0,-75.0,-122.0,-683.0,434.0,-337.0
-280.0,-928.0,148.0,-237.0,49.0,-131.0,-116.0,-650.0,423.0,-340.0
-229.0,-695.0,133.0,-235.0,65.0,-141.0,-104.0,-147.0,398.0,-344.0
-172.0,-132.0,118.0,-257.0,77.0,-73.0,-147.0,24.0,356.0,-314.0
-124.0,317.0,126.0,-270.0,89.0,-8.0,-188.0,70.0,307.0,-276.0
-73.0,345.0,78.0,-261.0,97.0,-126.0,-233.0,242.0,258.0,-233.0
-14.0,62.0,55.0,-211.0,92.0,-204.0,-268.0,358.0,210.0,-180.0
24.0,-226.0,68.0,-177.0,69.0,17.0,-248.0,399.0,143.0,-119.0
92.0,-367.0,112.0,-155.0,49.0,206.0,-244.0,49.0,62.0,-63.0
168.0,-372.0,113.0,-128.0,43.0,173.0,-252.0,-271.0,-21.0,-39.0
236.0,-288.0,94.0,-83.0,39.0,35.0,-268.0,-450.0,-92.0,-26.0
296.0,-240.0,79.0,-59.0,26.0,58.0,-238.0,-388.0,-150.0,-22.0
329.0,-334.0,49.0,-56.0,16.0,252.0,-215.0,-216.0,-201.0,-45.0
363.0,-449.0,8.0,-31.0,5.0,313.0,-243.0,-160.0,-232.0,-86.0
356.0,-451.0,-12.0,-20.0,-8.0,268.0,-248.0,20.0,-252.0,-101.0
354.0,-358.0,15.0,19.0,-8.0,269.0,-256.0,49.0,-272.0,-96.0
347.0,-201.0,7.0,91.0,7.0,260.0,-250.0,20.0,-280.0,-119.0
337.0,15.0,-16.0,128.0,23.0,312.0,-249.0,-84.0,-287.0,-150.0
339.0,270.0,-37.0,155.0,29.0,397.0,-228.0,-127.0,-296.0,-150.0
312.0,441.0,-40.0,188.0,25.0,371.0,-224.0,22.0,-312.0,-148.0
289.0,411.0,-64.0,231.0,13.0,324.0,-282.0,-3.0,-324.0,-161.0
243.0,235.0,-110.0,284.0,-2.0,349.0,-313.0,129.0,-325.0,-130.0
175.0,-3.0,-79.0,338.0,-22.0,479.0,-305.0,11.0,-313.0,-64.0
124.0,-192.0,-92.0,369.0,-43.0,464.0,-264.0,-221.0,-271.0,27.0
72.0,-164.0,-111.0,349.0,-61.0,282.0,-225.0,-205.0,-243.0,109.0
22.0,30.0,-92.0,321.0,-80.0,233.0,-182.0,-236.0,-229.0,206.0
-3.0,235.0,-111.0,274.0,-100.0,315.0,-190.0,11.0,-204.0,325.0
-24.0,373.0,-126.0,203.0,-120.0,327.0,-225.0,-112.0,-181.0,380.0
-30.0,405.0,-139.0,120.0,-141.0,253.0,-182.0,-412.0,-155.0,447.0
-45.0,356.0,-155.0,33.0,-158.0,222.0,-154.0,-633.0,-112.0,515.0
-59.0,267.0,-159.0,-38.0,-163.0,171.0,-150.0,-620.0,-35.0,545.0
-68.0,205.0,-152.0,-107.0,-155.0,169.0,-96.0,-97.0,21.0,557.0
-90.0,147.0,-157.0,-163.0,-141.0,196.0,-34.0,25.0,76.0,555.0
-83.0,38.0,-161.0,-250.0,-134.0,275.0,-12.0,59.0,136.0,559.0
-90.0,-70.0,-207.0,-341.0,-123.0,336.0,12.0,-184.0,179.0,529.0
-79.0,-222.0,-231.0,-405.0,-108.0,225.0,58.0,-545.0,226.0,481.0
-50.0,-505.0,-254.0,-449.0,-97.0,160.0,81.0,-691.0,245.0,452.0
-30.0,-789.0,-259.0,-462.0,-97.0,189.0,121.0,-798.0,234.0,430.0
-13.0,-846.0,-236.0,-492.0,-113.0,219.0,213.0,-456.0,207.0,393.0
-10.0,-667.0,-271.0,-542.0,-140.0,156.0,280.0,-373.0,174.0,364.0
-17.0,-404.0,-236.0,-576.0,-158.0,125.0,250.0,-445.0,133.0,361.0
-35.0,-200.0,-245.0,-601.0,-157.0,146.0,173.0,-508.0,98.0,340.0
-47.0,-110.0,-248.0,-591.0,-139.0,125.0,141.0,-667.0,57.0,282.0
-75.0,-85.0,-238.0,-584.0,-109.0,52.0,119.0,-626.0,21.0,240.0
-102.0,-20.0,-222.0,-600.0,-81.0,-22.0,124.0,-517.0,7.0,209.0
-130.0,31.0,-195.0,-577.0,-57.0,62.0,194.0,-251.0,-20.0,151.0
-147.0,-65.0,-236.0,-528.0,-30.0,79.0,204.0,-138.0,-53.0,98.0
-170.0,-205.0,-216.0,-450.0,0.0,41.0,192.0,-151.0,-84.0,73.0
-203.0,-285.0,-232.0,-352.0,23.0,88.0,234.0,-384.0,-105.0,48.0
-224.0,-237.0,-235.0,-249.0,24.0,65.0,234.0,-873.0,-122.0,-11.0
-250.0,-30.0,-251.0,-141.0,11.0,-74.0,178.0,-984.0,-135.0,-78.0
-262.0,179.0,-232.0,-56.0,-1.0,-206.0,110.0,-668.0,-133.0,-146.0
-295.0,283.0,-210.0,17.0,-2.0,-194.0,93.0,-147.0,-123.0,-227.0
-315.0,255.0,-227.0,88.0,5.0,-215.0,85.0,-5.0,-104.0,-313.0
-317.0,106.0,-187.0,155.0,3.0,-324.0,83.0,-199.0,-69.0,-380.0
-321.0,-91.0,-209.0,204.0,0.0,-342.0,123.0,-498.0,-28.0,-411.0
-326.0,-194.0,-199.0,283.0,2.0,-250.0,106.0,-776.0,-2.0,-434.0
-341.0,-177.0,-209.0,373.0,14.0,-172.0,58.0,-755.0,36.0,-437.0
-327.0,-180.0,-201.0,426.0,37.0,-100.0,52.0,-742.0,58.0,-403.0
-328.0,-171.0,-162.0,474.0,61.0,-41.0,57.0,-279.0,44.0,-349.0
-335.0,-64.0,-160.0,487.0,76.0,-143.0,9.0,35.0,20.0,-313.0
-327.0,54.0,-126.0,489.0,72.0,-312.0,-34.0,-303.0,-12.0,-264.0
-318.0,100.0,-91.0,446.0,53.0,-405.0,-57.0,-659.0,-30.0,-216.0
-314.0,132.0,-82.0,388.0,38.0,-361.0,-129.0,-1215.0,-48.0,-206.0
-322.0,250.0,-49.0,347.0,34.0,-304.0,-169.0,-1175.0,-88.0,-208.0
-323.0,431.0,-40.0,270.0,30.0,-321.0,-149.0,-436.0,-147.0,-215.0
-311.0,513.0,-48.0,226.0,28.0,-228.0,-141.0,254.0,-226.0,-225.0
-316.0,451.0,3.0,163.0,36.0,-103.0,-143.0,611.0,-301.0,-265.0
-314.0,360.0,-17.0,70.0,55.0,-64.0,-133.0,221.0,-353.0,-299.0
-301.0,199.0,6.0,-13.0,72.0,-60.0,-104.0,-386.0,-403.0,-314.0
-288.0,-44.0,36.0,-93.0,77.0,-55.0,-105.0,-737.0,-448.0,-321.0
-247.0,-227.0,37.0,-148.0,73.0,-80.0,-146.0,-672.0,-480.0,-323.0
-217.0,-307.0,63.0,-214.0,68.0,-162.0,-178.0,-260.0,-506.0,-318.0
-163.0,-382.0,69.0,-269.0,58.0,-151.0,-219.0,86.0,-524.0,-270.0
-120.0,-550.0,108.0,-299.0,44.0,-41.0,-219.0,238.0,-537.0,-232.0
-83.0,-667.0,111.0,-293.0,29.0,10.0,-176.0,-181.0,-532.0,-210.0
-38.0,-533.0,150.0,-290.0,19.0,14.0,-171.0,-678.0,-529.0,-169.0
-17.0,-361.0,165.0,-314.0,26.0,129.0,-238.0,-801.0,-530.0,-131.0
10.0,-315.0,181.0,-307.0,49.0,291.0,-309.0,-722.0,-520.0,-112.0
37.0,-148.0,201.0,-315.0,78.0,276.0,-314.0,-328.0,-509.0,-99.0
92.0,103.0,208.0,-321.0,94.0,106.0,-322.0,27.0,-490.0,-86.0
143.0,208.0,231.0,-303.0,81.0,-69.0,-293.0,266.0,-469.0,-83.0
204.0,253.0,199.0,-296.0,48.0,-75.0,-263.0,83.0,-445.0,-89.0
248.0,350.0,243.0,-295.0,16.0,29.0,-299.0,-506.0,-413.0,-85.0
270.0,457.0,204.0,-273.0,-8.0,106.0,-328.0,-861.0,-403.0,-56.0
299.0,567.0,178.0,-239.0,-24.0,167.0,-318.0,-812.0,-414.0,-33.0
295.0,712.0,202.0,-221.0,-31.0,206.0,-294.0,-404.0,-426.0,-19.0
299.0,786.0,119.0,-203.0,-25.0,148.0,-300.0,0.0,-444.0,14.0
277.0,693.0,116.0,-177.0,-21.0,138.0,-313.0,145.0,-455.0,44.0
238.0,550.0,73.0,-140.0,-35.0,361.0,-320.0,-27.0,-453.0,51.0
212.0,387.0,8.0,-141.0,-50.0,469.0,-342.0,-182.0,-435.0,78.0
190.0,40.0,-27.0,-134.0,-56.0,377.0,-363.0,-452.0,-419.0,112.0
144.0,-479.0,-126.0,-97.0,-53.0,353.0,-333.0,-822.0,-417.0,130.0
94.0,-928.0,-189.0,-76.0,-47.0,356.0,-316.0,-818.0,-412.0,132.0
45.0,-1154.0,-252.0,-44.0,-49.0,259.0,-318.0,-504.0,-410.0,121.0
-12.0,-1228.0,-333.0,-14.0,-49.0,127.0,-272.0,118.0,-417.0,123.0
-57.0,-1265.0,-379.0,32.0,-44.0,150.0,-255.0,306.0,-418.0,106.0
-102.0,-1183.0,-426.0,65.0,-45.0,187.0,-255.0,-84.0,-389.0,70.0
-147.0,-877.0,-493.0,87.0,-64.0,196.0,-252.0,-570.0,-349.0,59.0
-175.0,-410.0,-518.0,107.0,-102.0,251.0,-238.0,-737.0,-300.0,62.0
-207.0,63.0,-560.0,105.0,-143.0,313.0,-196.0,-380.0,-242.0,43.0
-247.0,396.0,-608.0,117.0,-165.0,381.0,-194.0,-188.0,-195.0,30.0
-261.0,588.0,-578.0,118.0,-161.0,260.0,-208.0,48.0,-139.0,37.0
-307.0,664.0,-601.0,106.0,-150.0,125.0,-261.0,79.0,-66.0,18.0
-315.0,585.0,-619.0,72.0,-138.0,204.0,-319.0,-312.0,-5.0,-11.0
-336.0,446.0,-602.0,38.0,-130.0,247.0,-303.0,-587.0,28.0,-26.0
-366.0,416.0,-626.0,23.0,-132.0,227.0,-279.0,-812.0,62.0,-16.0
-343.0,545.0,-625.0,-21.0,-141.0,265.0,-258.0,-727.0,98.0,-18.0
-353.0,732.0,-626.0,-79.0,-136.0,386.0,-239.0,-570.0,137.0,-25.0
-342.0,812.0,-632.0,-140.0,-108.0,456.0,-230.0,-450.0,187.0,5.0
-329.0,746.0,-607.0,-200.0,-76.0,420.0,-227.0,-271.0,224.0,39.0
-302.0,595.0,-605.0,-290.0,-52.0,450.0,-206.0,-192.0,240.0,66.0
-294.0,355.0,-619.0,-375.0,-38.0,475.0,-176.0,-51.0,249.0,100.0
-267.0,84.0,-586.0,-435.0,-26.0,457.0,-171.0,-169.0,256.0,144.0
-247.0,-185.0,-598.0,-525.0,2.0,420.0,-161.0,-314.0,251.0,175.0
-231.0,-545.0,-592.0,-557.0,46.0,428.0,-161.0,-293.0,248.0,190.0
-197.0,-849.0,-554.0,-529.0,83.0,498.0,-148.0,-328.0,238.0,229.0
-213.0,-848.0,-563.0,-506.0,101.0,440.0,-126.0,-327.0,217.0,282.0
-198.0,-655.0,-524.0,-463.0,109.0,315.0,-128.0,-412.0,194.0,329.0
-189.0,-503.0,-523.0,-408.0,107.0,235.0,-135.0,-210.0,182.0,371.0
-176.0,-359.0,-485.0,-348.0,94.0,262.0,-191.0,-105.0,179.0,418.0
-175.0,-173.0,-418.0,-284.0,71.0,313.0,-227.0,-234.0,163.0,450.0
-148.0,-98.0,-380.0,-258.0,40.0,369.0,-199.0,-51.0,143.0,440.0
-104.0,-171.0,-316.0,-208.0,1.0,428.0,-200.0,-208.0,93.0,440.0
-83.0,-269.0,-284.0,-174.0,-44.0,390.0,-223.0,-393.0,29.0,447.0
-80.0,-317.0,-206.0,-195.0,-75.0,415.0,-237.0,-465.0,-20.0,435.0
-74.0,-302.0,-147.0,-162.0,-74.0,399.0,-227.0,-545.0,-70.0,419.0
-53.0,-269.0,-85.0,-128.0,-48.0,298.0,-216.0,-301.0,-104.0,406.0
-82.0,-283.0,-39.0,-107.0,-6.0,202.0,-219.0,-86.0,-125.0,403.0
-86.0,-329.0,-30.0,-63.0,36.0,121.0,-204.0,40.0,-155.0,370.0
-104.0,-377.0,16.0,-18.0,74.0,171.0,-195.0,-171.0,-169.0,327.0
-94.0,-404.0,28.0,6.0,97.0,183.0,-197.0,-415.0,-160.0,304.0
-83.0,-407.0,76.0,24.0,102.0,164.0,-204.0,-558.0,-147.0,262.0
-70.0,-391.0,107.0,48.0,98.0,141.0,-236.0,-596.0,-124.0,193.0
-55.0,-338.0,119.0,68.0,90.0,124.0,-257.0,-210.0,-96.0,130.0
-72.0,-257.0,109.0,76.0,78.0,137.0,-210.0,118.0,-79.0,70.0
-56.0,-177.0,87.0,61.0,76.0,150.0,-140.0,234.0,-66.0,-7.0
-67.0,-169.0,91.0,52.0,98.0,219.0,-103.0,1.0,-55.0,-86.0
-57.0,-276.0,51.0,39.0,114.0,179.0,-70.0,-306.0,-54.0,-164.0
-69.0,-369.0,58.0,11.0,112.0,121.0,-46.0,-424.0,-57.0,-242.0
-60.0,-306.0,50.0,-10.0,102.0,66.0,-69.0,-487.0,-71.0,-324.0
-55.0,-88.0,27.0,-6.0,83.0,73.0,-97.0,-388.0,-101.0,-400.0
-70.0,142.0,12.0,-24.0,55.0,129.0,-108.0,-195.0,-124.0,-436.0
-75.0,290.0,-8.0,-41.0,24.0,-4.0,-155.0,68.0,-134.0,-473.0
-101.0,355.0,-8.0,-50.0,9.0,-56.0,-178.0,55.0,-137.0,-520.0
-99.0,325.0,-28.0,-118.0,11.0,-47.0,-153.0,-336.0,-136.0,-539.0
-128.0,323.0,-36.0,-179.0,17.0,-67.0,-151.0,-848.0,-151.0,-570.0
-148.0,480.0,-35.0,-230.0,17.0,-79.0,-157.0,-982.0,-171.0,-628.0
-171.0,708.0,-46.0,-256.0,12.0,-30.0,-160.0,-497.0,-184.0,-700.0
-188.0,838.0,-38.0,-287.0,11.0,85.0,-125.0,179.0,-209.0,-764.0
-209.0,800.0,-26.0,-332.0,11.0,65.0,-123.0,722.0,-237.0,-821.0
-233.0,689.0,-43.0,-349.0,-1.0,53.0,-137.0,317.0,-258.0,-889.0
-237.0,589.0,-50.0,-373.0,-22.0,41.0,-110.0,-620.0,-287.0,-931.0
-259.0,463.0,-67.0,-365.0,-25.0,-75.0,-119.0,-1060.0,-312.0,-958.0
-284.0,337.0,-67.0,-347.0,-9.0,-213.0,-119.0,-1125.0,-319.0,-985.0
-316.0,264.0,-62.0,-310.0,4.0,-189.0,-78.0,-691.0,-310.0,-1009.0
-323.0,188.0,-57.0,-267.0,9.0,-10.0,-40.0,-240.0,-282.0,-1014.0
-329.0,69.0,-51.0,-235.0,13.0,45.0,-71.0,-125.0,-253.0,-990.0
-332.0,-37.0,-77.0,-168.0,21.0,-25.0,-85.0,-384.0,-231.0,-989.0
-334.0,-83.0,-76.0,-107.0,21.0,-86.0,-46.0,-748.0,-194.0,-970.0
-325.0,-149.0,-90.0,-32.0,15.0,0.0,-46.0,-633.0,-154.0,-887.0
-306.0,-337.0,-99.0,22.0,9.0,108.0,-54.0,-471.0,-108.0,-799.0
-307.0,-577.0,-84.0,52.0,-1.0,112.0,-53.0,-103.0,-52.0,-696.0
-324.0,-714.0,-92.0,58.0,-13.0,126.0,-54.0,59.0,-15.0,-558.0
-346.0,-733.0,-94.0,41.0,-23.0,54.0,-74.0,-234.0,27.0,-409.0
-337.0,-758.0,-80.0,55.0,-31.0,-73.0,-42.0,-271.0,82.0,-274.0
-338.0,-765.0,-74.0,58.0,-36.0,-184.0,0.0,-454.0,141.0,-140.0
-334.0,-677.0,-61.0,51.0,-34.0,-205.0,4.0,-478.0,184.0,19.0
-323.0,-548.0,-55.0,47.0,-40.0,-83.0,63.0,-312.0,202.0,173.0
-296.0,-414.0,-58.0,59.0,-50.0,-9.0,101.0,-371.0,214.0,297.0
-265.0,-292.0,-42.0,82.0,-54.0,46.0,72.0,-463.0,216.0,416.0
-264.0,-221.0,-27.0,110.0,-51.0,92.0,49.0,-417.0,223.0,533.0
-244.0,-194.0,-27.0,154.0,-56.0,19.0,112.0,-22.0,237.0,604.0
-222.0,-136.0,-17.0,181.0,-78.0,-29.0,186.0,153.0,263.0,644.0
-201.0,-14.0,-2.0,177.0,-107.0,-16.0,194.0,35.0,294.0,692.0
-164.0,158.0,-18.0,142.0,-135.0,-33.0,228.0,-171.0,321.0,704.0
-125.0,370.0,-1.0,115.0,-156.0,-45.0,258.0,-443.0,358.0,670.0
-90.0,551.0,2.0,95.0,-177.0,-16.0,233.0,-489.0,366.0,629.0
-40.0,604.0,-7.0,47.0,-204.0,8.0,219.0,-467.0,360.0,594.0
0.0,498.0,17.0,4.0,-221.0,22.0,224.0,-456.0,352.0,533.0
27.0,407.0,15.0,-16.0,-216.0,17.0,191.0,-426.0,323.0,450.0
48.0,556.0,25.0,-80.0,-192.0,0.0,199.0,-242.0,283.0,368.0
58.0,869.0,15.0,-143.0,-155.0,-20.0,296.0,-182.0,240.0,269.0
74.0,1073.0,13.0,-169.0,-119.0,-93.0,319.0,-339.0,201.0,146.0
87.0,1028.0,11.0,-210.0,-92.0,-82.0,285.0,-277.0,151.0,29.0
96.0,765.0,-26.0,-256.0,-72.0,-1.0,302.0,-199.0,74.0,-65.0
108.0,417.0,-33.0,-313.0,-53.0,-49.0,343.0,-25.0,4.0,-145.0
113.0,45.0,-71.0,-327.0,-30.0,-197.0,359.0,153.0,-66.0,-208.0
104.0,-332.0,-114.0,-335.0,-8.0,-276.0,352.0,205.0,-135.0,-270.0
98.0,-543.0,-115.0,-372.0,12.0,-160.0,333.0,334.0,-181.0,-319.0
96.0,-500.0,-133.0,-416.0,32.0,-100.0,258.0,339.0,-221.0,-364.0
97.0,-374.0,-157.0,-471.0,40.0,-178.0,201.0,450.0,-257.0,-410.0
82.0,-295.0,-182.0,-505.0,34.0,-172.0,217.0,254.0,-299.0,-428.0
76.0,-202.0,-206.0,-547.0,6.0,-128.0,194.0,-243.0,-327.0,-422.0
72.0,-130.0,-219.0,-568.0,-24.0,-156.0,121.0,-642.0,-330.0,-398.0
35.0,-245.0,-252.0,-543.0,-32.0,-220.0,85.0,-953.0,-309.0,-375.0
14.0,-492.0,-262.0,-504.0,-6.0,-153.0,65.0,-493.0,-272.0,-318.0
-6.0,-695.0,-251.0,-476.0,56.0,39.0,44.0,-133.0,-235.0,-267.0
-32.0,-843.0,-245.0,-421.0,126.0,145.0,85.0,-195.0,-205.0,-254.0
-67.0,-952.0,-225.0,-347.0,177.0,78.0,119.0,-236.0,-173.0,-229.0
-99.0,-987.0,-200.0,-325.0,194.0,22.0,98.0,-428.0,-137.0,-209.0
-111.0,-935.0,-163.0,-268.0,193.0,22.0,96.0,-277.0,-107.0,-176.0
-137.0,-816.0,-142.0,-192.0,191.0,-13.0,132.0,55.0,-75.0,-149.0
-142.0,-687.0,-129.0,-128.0,187.0,20.0,155.0,563.0,-59.0,-128.0
-144.0,-555.0,-98.0,-71.0,164.0,79.0,127.0,722.0,-45.0,-82.0
-129.0,-364.0,-85.0,-56.0,121.0,47.0,126.0,247.0,-37.0,-37.0
-108.0,-143.0,-64.0,-33.0,87.0,-43.0,109.0,-282.0,-24.0,-22.0
-93.0,-8.0,-35.0,-10.0,72.0,-85.0,24.0,-692.0,-15.0,3.0
-68.0,38.0,-12.0,2.0,72.0,-49.0,-18.0,-504.0,-13.0,54.0
-72.0,81.0,14.0,3.0,75.0,-41.0,-18.0,-145.0,-3.0,75.0
-65.0,84.0,29.0,-10.0,84.0,-110.0,-31.0,-35.0,-1.0,104.0
-65.0,45.0,62.0,-24.0,95.0,-91.0,-43.0,-16.0,0.0,149.0
-60.0,46.0,96.0,-31.0,97.0,43.0,-21.0,-40.0,3.0,175.0
-51.0,109.0,91.0,-27.0,93.0,-10.0,-48.0,125.0,7.0,193.0
-46.0,203.0,104.0,-55.0,86.0,-149.0,-90.0,393.0,0.0,211.0
-42.0,232.0,118.0,-58.0,75.0,-84.0,-40.0,580.0,-27.0,222.0
-40.0,166.0,109.0,-11.0,55.0,134.0,-15.0,271.0,-49.0,209.0
-25.0,89.0,116.0,13.0,27.0,197.0,-57.0,-315.0,-58.0,203.0
-34.0,50.0,132.0,44.0,-7.0,83.0,-67.0,-613.0,-58.0,201.0
-53.0,39.0,130.0,73.0,-35.0,79.0,-65.0,-388.0,-42.0,190.0
-77.0,43.0,114.0,97.0,-57.0,113.0,-104.0,188.0,-13.0,155.0
-77.0,29.0,147.0,138.0,-73.0,110.0,-129.0,432.0,25.0,98.0
-73.0,25.0,145.0,175.0,-78.0,79.0,-136.0,382.0,72.0,56.0
-82.0,108.0,131.0,201.0,-79.0,81.0,-160.0,-70.0,119.0,11.0
-87.0,250.0,175.0,192.0,-89.0,105.0,-157.0,-546.0,161.0,-54.0
-85.0,356.0,147.0,155.0,-116.0,92.0,-105.0,-552.0,192.0,-101.0
-84.0,355.0,153.0,131.0,-141.0,137.0,-72.0,-310.0,228.0,-117.0
-88.0,289.0,156.0,68.0,-134.0,158.0,-103.0,35.0,263.0,-134.0
-74.0,234.0,108.0,-20.0,-97.0,103.0,-120.0,-105.0,298.0,-144.0
-76.0,259.0,106.0,-64.0,-50.0,58.0,-107.0,-354.0,340.0,-141.0
-69.0,402.0,59.0,-87.0,-8.0,81.0,-144.0,-567.0,377.0,-125.0
-59.0,583.0,33.0,-98.0,11.0,128.0,-177.0,-678.0,396.0,-115.0
-25.0,662.0,-3.0,-99.0,12.0,106.0,-154.0,-260.0,399.0,-101.0
-4.0,578.0,-36.0,-86.0,-1.0,48.0,-215.0,127.0,391.0,-66.0
18.0,400.0,-46.0,-77.0,-24.0,58.0,-294.0,352.0,363.0,-58.0
45.0,262.0,-78.0,-57.0,-54.0,162.0,-268.0,173.0,317.0,-59.0
41.0,197.0,-88.0,-30.0,-88.0,265.0,-218.0,-83.0,250.0,-50.0
64.0,140.0,-100.0,-30.0,-102.0,329.0,-202.0,-123.0,178.0,-26.0
65.0,11.0,-89.0,-14.0,-97.0,310.0,-172.0,-317.0,102.0,-2.0
74.0,-252.0,-110.0,-5.0,-82.0,185.0,-143.0,-253.0,22.0,32.0
74.0,-551.0,-103.0,-3.0,-75.0,170.0,-199.0,-336.0,-42.0,105.0
95.0,-702.0,-83.0,-5.0,-84.0,221.0,-228.0,-498.0,-108.0,180.0
120.0,-666.0,-105.0,-14.0,-89.0,183.0,-186.0,-242.0,-162.0,246.0
124.0,-572.0,-76.0,-7.0,-73.0,118.0,-182.0,138.0,-201.0,317.0
140.0,-534.0,-52.0,13.0,-38.0,77.0,-180.0,513.0,-243.0,388.0
138.0,-475.0,-11.0,3.0,4.0,108.0,-150.0,415.0,-266.0,442.0
156.0,-276.0,15.0,-31.0,40.0,80.0,-127.0,-14.0,-269.0,483.0
144.0,-17.0,16.0,-77.0,53.0,-50.0,-131.0,-402.0,-271.0,539.0
130.0,94.0,65.0,-155.0,39.0,-46.0,-98.0,-602.0,-262.0,586.0
126.0,44.0,45.0,-236.0,9.0,63.0,-49.0,-473.0,-250.0,622.0
118.0,13.0,48.0,-320.0,-23.0,45.0,-46.0,-332.0,-242.0,640.0
101.0,121.0,98.0,-370.0,-50.0,-89.0,-26.0,-384.0,-231.0,644.0
90.0,348.0,68.0,-429.0,-65.0,-109.0,23.0,-476.0,-208.0,652.0
83.0,548.0,74.0,-497.0,-74.0,-58.0,11.0,-243.0,-186.0,620.0
71.0,572.0,78.0,-510.0,-85.0,-65.0,-60.0,-24.0,-178.0,593.0
67.0,423.0,77.0,-498.0,-90.0,0.0,-71.0,90.0,-156.0,592.0
38.0,167.0,86.0,-439.0,-79.0,92.0,-12.0,238.0,-116.0,567.0
32.0,-161.0,65.0,-370.0,-59.0,99.0,32.0,12.0,-80.0,530.0
12.0,-418.0,75.0,-320.0,-40.0,-17.0,46.0,-269.0,-45.0,510.0
-9.0,-447.0,67.0,-296.0,-10.0,-70.0,33.0,-471.0,-4.0,486.0
-35.0,-342.0,48.0,-288.0,35.0,54.0,-26.0,-426.0,27.0,440.0
-63.0,-293.0,65.0,-248.0,82.0,91.0,-65.0,-51.0,55.0,396.0
-74.0,-326.0,91.0,-195.0,118.0,89.0,-19.0,160.0,63.0,362.0
-101.0,-362.0,88.0,-131.0,144.0,146.0,39.0,256.0,58.0,350.0
-113.0,-313.0,94.0,-74.0,165.0,211.0,49.0,232.0,42.0,327.0
-148.0,-136.0,116.0,-40.0,175.0,213.0,52.0,251.0,23.0,310.0
-169.0,105.0,131.0,-45.0,164.0,243.0,76.0,267.0,1.0,324.0
-192.0,315.0,164.0,-41.0,136.0,327.0,98.0,158.0,-12.0,323.0
-221.0,413.0,190.0,-3.0,98.0,291.0,159.0,-101.0,-18.0,321.0
-230.0,408.0,205.0,-8.0,65.0,199.0,249.0,-552.0,-25.0,334.0
-242.0,336.0,231.0,0.0,41.0,171.0,265.0,-585.0,-35.0,359.0
-223.0,128.0,227.0,48.0,19.0,251.0,234.0,-303.0,-52.0,387.0
-203.0,-242.0,243.0,93.0,-8.0,251.0,243.0,81.0,-75.0,406.0
-181.0,-597.0,232.0,176.0,-46.0,175.0,275.0,327.0,-92.0,430.0
-156.0,-769.0,218.0,248.0,-85.0,166.0,289.0,279.0,-94.0,457.0
-135.0,-778.0,259.0,314.0,-101.0,292.0,303.0,389.0,-79.0,457.0
-115.0,-712.0,212.0,376.0,-86.0,304.0,298.0,415.0,-71.0,454.0
-91.0,-638.0,219.0,400.0,-44.0,201.0,308.0,402.0,-59.0,465.0
-51.0,-584.0,243.0,424.0,11.0,262.0,356.0,319.0,-29.0,467.0
-13.0,-525.0,214.0,411.0,75.0,303.0,363.0,452.0,-13.0,460.0
25.0,-416.0,228.0,401.0,136.0,329.0,327.0,572.0,14.0,428.0
69.0,-273.0,221.0,411.0,168.0,257.0,287.0,105.0,49.0,385.0
109.0,-168.0,193.0,367.0,154.0,288.0,264.0,-35.0,64.0,339.0
124.0,-158.0,160.0,311.0,104.0,356.0,279.0,-77.0,70.0,261.0
128.0,-249.0,135.0,248.0,40.0,384.0,289.0,79.0,76.0,187.0
123.0,-352.0,86.0,189.0,-6.0,367.0,279.0,437.0,90.0,124.0
123.0,-436.0,57.0,148.0,-13.0,287.0,278.0,332.0,125.0,54.0
126.0,-488.0,31.0,114.0,11.0,362.0,313.0,343.0,172.0,5.0
141.0,-448.0,1.0,121.0,54.0,235.0,350.0,169.0,215.0,-15.0
155.0,-306.0,-7.0,105.0,87.0,340.0,323.0,9.0,242.0,-22.0
156.0,-111.0,-40.0,63.0,86.0,418.0,297.0,293.0,257.0,-33.0
160.0,79.0,-42.0,48.0,65.0,287.0,255.0,644.0,276.0,-38.0
141.0,232.0,-67.0,66.0,46.0,311.0,194.0,742.0,306.0,-44.0
119.0,332.0,-82.0,94.0,39.0,248.0,167.0,295.0,356.0,-81.0
93.0,322.0,-82.0,131.0,42.0,379.0,171.0,-84.0,406.0,-130.0
66.0,212.0,-110.0,187.0,50.0,326.0,205.0,-81.0,437.0,-173.0
33.0,151.0,-134.0,186.0,60.0,287.0,185.0,173.0,466.0,-219.0
19.0,297.0,-145.0,169.0,66.0,368.0,152.0,321.0,462.0,-263.0
36.0,634.0,-176.0,149.0,57.0,295.0,99.0,31.0,422.0,-296.0
59.0,970.0,-222.0,101.0,36.0,398.0,-9.0,-218.0,380.0,-321.0
87.0,1168.0,-218.0,89.0,14.0,352.0,-52.0,-356.0,337.0,-333.0
98.0,1229.0,-239.0,60.0,-2.0,374.0,-32.0,-317.0,305.0,-351.0
108.0,1195.0,-264.0,-19.0,-5.0,367.0,-18.0,-131.0,282.0,-368.0
100.0,1087.0,-234.0,-77.0,-6.0,178.0,-32.0,73.0,273.0,-363.0
72.0,937.0,-210.0,-100.0,-12.0,377.0,-18.0,103.0,278.0,-343.0
46.0,803.0,-210.0,-165.0,-21.0,405.0,-16.0,-142.0,266.0,-306.0
35.0,679.0,-175.0,-248.0,-32.0,172.0,-75.0,-31.0,245.0,-258.0
31.0,566.0,-126.0,-320.0,-42.0,144.0,-121.0,-1.0,225.0,-198.0
27.0,520.0,-99.0,-394.0,-47.0,160.0,-127.0,-60.0,201.0,-155.0
31.0,536.0,-43.0,-456.0,-40.0,262.0,-151.0,-16.0,175.0,-109.0
26.0,508.0,9.0,-510.0,-10.0,227.0,-165.0,-145.0,161.0,-60.0
26.0,374.0,43.0,-556.0,40.0,25.0,-140.0,-123.0,127.0,-43.0
15.0,157.0,66.0,-591.0,91.0,0.0,-168.0,-345.0,78.0,-20.0
19.0,-64.0,78.0,-602.0,125.0,56.0,-201.0,-521.0,39.0,-5.0
38.0,-168.0,88.0,-600.0,133.0,6.0,-173.0,-539.0,-5.0,16.0
34.0,-128.0,85.0,-589.0,121.0,-60.0,-112.0,-497.0,-52.0,48.0
54.0,-61.0,59.0,-560.0,93.0,27.0,-77.0,-271.0,-94.0,50.0
60.0,-108.0,43.0,-512.0,60.0,43.0,-78.0,-336.0,-132.0,58.0
47.0,-279.0,40.0,-453.0,40.0,-4.0,-85.0,-219.0,-163.0,74.0
54.0,-455.0,33.0,-389.0,37.0,92.0,-141.0,57.0,-188.0,60.0
47.0,-514.0,16.0,-337.0,32.0,93.0,-179.0,260.0,-219.0,20.0
53.0,-446.0,16.0,-309.0,14.0,47.0,-168.0,360.0,-258.0,-18.0
52.0,-326.0,24.0,-256.0,-10.0,47.0,-176.0,173.0,-291.0,-63.0
48.0,-196.0,10.0,-207.0,-36.0,34.0,-189.0,11.0,-308.0,-117.0
80.0,-114.0,16.0,-167.0,-58.0,20.0,-148.0,-199.0,-310.0,-149.0
84.0,-93.0,24.0,-115.0,-77.0,-50.0,-116.0,-271.0,-313.0,-165.0
107.0,-84.0,27.0,-79.0,-93.0,-33.0,-144.0,-238.0,-309.0,-172.0
120.0,-84.0,28.0,-45.0,-105.0,85.0,-150.0,-96.0,-300.0,-167.0
117.0,-51.0,19.0,-13.0,-117.0,110.0,-109.0,129.0,-271.0,-153.0
133.0,20.0,19.0,16.0,-135.0,-5.0,-87.0,-25.0,-236.0,-117.0
112.0,30.0,8.0,36.0,-161.0,-77.0,-102.0,-60.0,-206.0,-70.0
99.0,-19.0,6.0,67.0,-184.0,-62.0,-78.0,33.0,-168.0,-3.0
87.0,-41.0,-12.0,86.0,-201.0,-42.0,-62.0,225.0,-116.0,89.0
77.0,-29.0,-28.0,91.0,-215.0,-4.0,-73.0,375.0,-51.0,204.0
65.0,16.0,-27.0,137.0,-219.0,62.0,-38.0,279.0,-2.0,333.0
59.0,92.0,-58.0,191.0,-201.0,47.0,34.0,332.0,61.0,441.0
62.0,146.0,-63.0,235.0,-174.0,-93.0,65.0,173.0,149.0,544.0
50.0,142.0,-69.0,269.0,-152.0,-132.0,62.0,173.0,229.0,622.0
43.0,133.0,-83.0,313.0,-137.0,-65.0,110.0,216.0,315.0,664.0
45.0,145.0,-67.0,323.0,-134.0,7.0,151.0,72.0,403.0,684.0
32.0,152.0,-66.0,304.0,-139.0,16.0,152.0,-12.0,484.0,670.0
6.0,166.0,-42.0,306.0,-146.0,54.0,170.0,-240.0,540.0,644.0
7.0,179.0,6.0,297.0,-138.0,162.0,224.0,-109.0,581.0,591.0
6.0,215.0,30.0,289.0,-103.0,100.0,231.0,83.0,599.0,516.0
-4.0,329.0,81.0,262.0,-46.0,28.0,227.0,328.0,589.0,430.0
-9.0,500.0,130.0,230.0,14.0,175.0,278.0,469.0,572.0,333.0
-2.0,555.0,151.0,200.0,75.0,388.0,277.0,328.0,539.0,251.0
2.0,336.0,212.0,183.0,136.0,404.0,253.0,570.0,515.0,176.0
1.0,-57.0,237.0,181.0,194.0,342.0,268.0,739.0,503.0,126.0
6.0,-393.0,237.0,164.0,231.0,433.0,293.0,872.0,498.0,116.0
8.0,-504.0,256.0,160.0,239.0,529.0,285.0,960.0,499.0,134.0
25.0,-506.0,255.0,159.0,230.0,519.0,277.0,644.0,504.0,163.0
25.0,-562.0,248.0,141.0,208.0,452.0,299.0,295.0,528.0,204.0
23.0,-598.0,241.0,116.0,182.0,472.0,296.0,136.0,526.0,261.0
44.0,-539.0,230.0,90.0,156.0,558.0,339.0,160.0,522.0,304.0
65.0,-388.0,195.0,63.0,134.0,519.0,422.0,219.0,499.0,335.0
97.0,-169.0,162.0,6.0,117.0,510.0,475.0,373.0,443.0,352.0
118.0,71.0,121.0,-17.0,107.0,489.0,486.0,533.0,387.0,350.0
125.0,263.0,95.0,-1.0,100.0,401.0,467.0,611.0,325.0,354.0
136.0,329.0,58.0,-20.0,93.0,424.0,446.0,554.0,258.0,323.0
135.0,205.0,29.0,-17.0,86.0,500.0,402.0,397.0,196.0,277.0
125.0,-52.0,22.0,-17.0,82.0,586.0,391.0,561.0,154.0,249.0
115.0,-247.0,-4.0,-39.0,81.0,443.0,431.0,613.0,105.0,192.0
114.0,-299.0,11.0,-37.0,72.0,267.0,425.0,450.0,50.0,135.0
145.0,-245.0,2.0,-12.0,52.0,356.0,384.0,395.0,-14.0,66.0
155.0,-92.0,1.0,38.0,21.0,399.0,373.0,304.0,-83.0,11.0
155.0,121.0,20.0,72.0,-16.0,275.0,378.0,413.0,-148.0,-20.0
166.0,349.0,28.0,107.0,-49.0,112.0,364.0,493.0,-218.0,-62.0
159.0,580.0,58.0,127.0,-71.0,147.0,354.0,687.0,-265.0,-66.0
148.0,734.0,93.0,107.0,-81.0,230.0,377.0,905.0,-319.0,-76.0
134.0,709.0,144.0,86.0,-76.0,206.0,398.0,807.0,-358.0,-76.0
119.0,523.0,182.0,70.0,-60.0,196.0,383.0,545.0,-380.0,-74.0
110.0,289.0,233.0,44.0,-40.0,171.0,366.0,31.0,-392.0,-81.0
104.0,118.0,263.0,31.0,-28.0,127.0,342.0,-46.0,-383.0,-71.0
85.0,56.0,304.0,28.0,-27.0,39.0,314.0,97.0,-374.0,-81.0
82.0,-2.0,345.0,39.0,-38.0,36.0,316.0,266.0,-331.0,-79.0
77.0,-85.0,360.0,62.0,-55.0,59.0,319.0,526.0,-272.0,-54.0
68.0,-47.0,409.0,96.0,-63.0,9.0,288.0,338.0,-201.0,-35.0
63.0,54.0,426.0,169.0,-53.0,54.0,243.0,251.0,-92.0,-28.0
30.0,55.0,451.0,237.0,-25.0,-6.0,261.0,293.0,7.0,-5.0
31.0,-15.0,465.0,293.0,3.0,-70.0,269.0,419.0,95.0,27.0
22.0,-95.0,476.0,346.0,22.0,-1.0,217.0,537.0,169.0,47.0
18.0,-178.0,465.0,390.0,32.0,-17.0,200.0,415.0,221.0,66.0
24.0,-237.0,445.0,416.0,31.0,22.0,216.0,463.0,272.0,108.0
12.0,-232.0,462.0,386.0,23.0,-116.0,191.0,467.0,305.0,134.0
20.0,-126.0,421.0,373.0,8.0,-194.0,151.0,395.0,326.0,135.0
-7.0,99.0,395.0,357.0,-8.0,47.0,145.0,118.0,344.0,133.0
-29.0,339.0,382.0,303.0,-27.0,130.0,111.0,-181.0,340.0,114.0
-36.0,451.0,333.0,279.0,-32.0,208.0,105.0,-14.0,330.0,79.0
-32.0,495.0,301.0,247.0,-13.0,175.0,158.0,155.0,303.0,0.0
-24.0,580.0,259.0,177.0,16.0,105.0,171.0,393.0,263.0,-60.0
-18.0,705.0,211.0,92.0,42.0,127.0,148.0,500.0,222.0,-120.0
23.0,803.0,161.0,37.0,55.0,-8.0,130.0,323.0,178.0,-188.0
48.0,805.0,116.0,27.0,64.0,27.0,144.0,197.0,133.0,-225.0
65.0,715.0,83.0,18.0,66.0,127.0,168.0,194.0,79.0,-241.0
77.0,584.0,47.0,3.0,64.0,93.0,144.0,506.0,37.0,-224.0
97.0,485.0,28.0,-3.0,63.0,124.0,108.0,748.0,2.0,-220.0
122.0,395.0,-4.0,-12.0,61.0,183.0,69.0,833.0,-38.0,-184.0
126.0,173.0,-25.0,-28.0,53.0,230.0,26.0,674.0,-80.0,-130.0
151.0,-172.0,-20.0,-17.0,36.0,286.0,65.0,345.0,-107.0,-104.0
191.0,-450.0,-63.0,3.0,9.0,292.0,110.0,-55.0,-122.0,-63.0
217.0,-555.0,-67.0,24.0,-30.0,269.0,69.0,-445.0,-153.0,-13.0
255.0,-552.0,-60.0,27.0,-75.0,188.0,3.0,-208.0,-198.0,6.0
271.0,-472.0,-90.0,3.0,-112.0,65.0,-24.0,286.0,-255.0,27.0
286.0,-297.0,-100.0,13.0,-122.0,29.0,-47.0,654.0,-328.0,71.0
314.0,-112.0,-118.0,32.0,-106.0,74.0,-101.0,508.0,-397.0,112.0
290.0,27.0,-115.0,55.0,-84.0,125.0,-111.0,42.0,-443.0,173.0
274.0,167.0,-144.0,72.0,-63.0,4.0,-90.0,-155.0,-474.0,208.0
251.0,246.0,-152.0,88.0,-50.0,-65.0,-93.0,-249.0,-489.0,257.0
232.0,184.0,-129.0,131.0,-41.0,32.0,-83.0,-83.0,-484.0,311.0
199.0,36.0,-137.0,134.0,-40.0,-46.0,-25.0,262.0,-452.0,326.0
158.0,-52.0,-122.0,144.0,-46.0,-182.0,-14.0,582.0,-413.0,350.0
150.0,-22.0,-95.0,174.0,-57.0,-162.0,-51.0,550.0,-378.0,371.0
112.0,-5.0,-62.0,190.0,-69.0,-36.0,-67.0,266.0,-351.0,368.0
78.0,-110.0,-58.0,179.0,-80.0,76.0,-87.0,77.0,-330.0,337.0
41.0,-270.0,-30.0,180.0,-92.0,102.0,-82.0,-1.0,-313.0,310.0
14.0,-380.0,-1.0,216.0,-101.0,87.0,-76.0,218.0,-279.0,291.0
-22.0,-373.0,13.0,204.0,-105.0,68.0,-54.0,304.0,-220.0,264.0
-50.0,-214.0,64.0,173.0,-100.0,-2.0,-64.0,195.0,-141.0,250.0
-63.0,19.0,89.0,140.0,-81.0,-38.0,-94.0,162.0,-52.0,262.0
-84.0,208.0,122.0,125.0,-43.0,32.0,-50.0,64.0,19.0,291.0
-82.0,297.0,165.0,133.0,8.0,115.0,-28.0,86.0,75.0,305.0
-90.0,253.0,167.0,100.0,60.0,124.0,-36.0,11.0,108.0,315.0
-75.0,145.0,207.0,41.0,103.0,-4.0,-66.0,35.0,132.0,337.0
-56.0,101.0,224.0,14.0,135.0,2.0,-109.0,399.0,151.0,322.0
-42.0,128.0,212.0,6.0,167.0,100.0,-137.0,617.0,187.0,273.0
-43.0,118.0,207.0,-13.0,200.0,113.0,-122.0,886.0,219.0,205.0
-25.0,8.0,156.0,10.0,230.0,220.0,-33.0,1006.0,225.0,135.0
-12.0,-158.0,148.0,48.0,256.0,186.0,31.0,770.0,261.0,62.0
-10.0,-307.0,95.0,89.0,274.0,35.0,44.0,338.0,282.0,-14.0
5.0,-343.0,37.0,157.0,283.0,-26.0,84.0,57.0,283.0,-50.0
20.0,-262.0,25.0,208.0,287.0,-18.0,115.0,262.0,275.0,-87.0
62.0,-162.0,-32.0,256.0,276.0,112.0,96.0,303.0,239.0,-112.0
51.0,-83.0,-86.0,296.0,242.0,166.0,87.0,369.0,199.0,-124.0
68.0,-7.0,-129.0,321.0,204.0,140.0,104.0,497.0,167.0,-115.0
70.0,105.0,-163.0,357.0,182.0,155.0,113.0,580.0,134.0,-85.0
60.0,217.0,-189.0,380.0,177.0,105.0,119.0,711.0,102.0,-69.0
73.0,285.0,-203.0,370.0,172.0,106.0,118.0,583.0,83.0,-24.0
66.0,342.0,-232.0,341.0,167.0,180.0,77.0,737.0,77.0,24.0
91.0,384.0,-214.0,329.0,167.0,248.0,26.0,816.0,89.0,59.0
104.0,403.0,-193.0,310.0,163.0,251.0,32.0,687.0,99.0,94.0
139.0,455.0,-194.0,284.0,148.0,116.0,57.0,556.0,94.0,143.0
165.0,532.0,-138.0,294.0,123.0,76.0,64.0,219.0,77.0,171.0
193.0,564.0,-106.0,290.0,94.0,161.0,62.0,110.0,69.0,165.0
204.0,532.0,-80.0,283.0,64.0,198.0,67.0,138.0,74.0,161.0
220.0,484.0,-30.0,286.0,42.0,255.0,88.0,284.0,57.0,145.0
244.0,450.0,26.0,293.0,26.0,302.0,76.0,400.0,49.0,124.0
255.0,394.0,70.0,277.0,12.0,253.0,62.0,358.0,35.0,88.0
282.0,347.0,109.0,260.0,-5.0,265.0,93.0,188.0,2.0,63.0
305.0,334.0,143.0,249.0,-25.0,363.0,123.0,133.0,-27.0,37.0
356.0,297.0,164.0,215.0,-51.0,395.0,115.0,378.0,-57.0,-9.0
362.0,238.0,184.0,210.0,-72.0,354.0,99.0,421.0,-80.0,-43.0
385.0,200.0,181.0,207.0,-72.0,219.0,72.0,648.0,-113.0,-70.0
394.0,181.0,181.0,206.0,-58.0,220.0,19.0,818.0,-140.0,-82.0
401.0,165.0,162.0,228.0,-34.0,371.0,7.0,689.0,-163.0,-90.0
425.0,128.0,140.0,244.0,-16.0,319.0,7.0,548.0,-183.0,-89.0
429.0,20.0,106.0,231.0,-19.0,315.0,-52.0,144.0,-193.0,-80.0
435.0,-181.0,51.0,200.0,-37.0,352.0,-93.0,-29.0,-193.0,-78.0
421.0,-448.0,26.0,160.0,-61.0,255.0,-93.0,-1.0,-171.0,-84.0
427.0,-756.0,-32.0,120.0,-77.0,247.0,-137.0,190.0,-156.0,-74.0
398.0,-1029.0,-77.0,117.0,-91.0,172.0,-186.0,393.0,-149.0,-61.0
383.0,-1188.0,-101.0,152.0,-109.0,167.0,-179.0,327.0,-129.0,-70.0
346.0,-1216.0,-145.0,195.0,-131.0,156.0,-134.0,253.0,-110.0,-62.0
311.0,-1148.0,-186.0,253.0,-146.0,29.0,-110.0,99.0,-87.0,-63.0
283.0,-1057.0,-205.0,326.0,-157.0,182.0,-88.0,253.0,-74.0,-60.0
248.0,-938.0,-227.0,423.0,-168.0,221.0,-87.0,502.0,-66.0,-56.0
238.0,-690.0,-264.0,558.0,-174.0,136.0,-141.0,615.0,-62.0,-76.0
222.0,-309.0,-271.0,673.0,-170.0,123.0,-152.0,652.0,-81.0,-94.0
211.0,22.0,-273.0,760.0,-146.0,25.0,-121.0,432.0,-97.0,-142.0
170.0,180.0,-286.0,846.0,-111.0,95.0,-151.0,358.0,-127.0,-203.0
132.0,193.0,-283.0,897.0,-74.0,84.0,-207.0,245.0,-166.0,-251.0
76.0,163.0,-266.0,911.0,-50.0,-32.0,-190.0,110.0,-203.0,-295.0
44.0,202.0,-250.0,900.0,-41.0,-3.0,-173.0,64.0,-241.0,-347.0
-6.0,290.0,-223.0,847.0,-46.0,-79.0,-219.0,-3.0,-271.0,-376.0
-53.0,353.0,-196.0,787.0,-60.0,-158.0,-262.0,151.0,-300.0,-384.0
-60.0,407.0,-162.0,671.0,-78.0,-95.0,-267.0,317.0,-298.0,-394.0
-87.0,473.0,-126.0,511.0,-106.0,-43.0,-283.0,474.0,-281.0,-407.0
-94.0,469.0,-96.0,379.0,-138.0,39.0,-355.0,578.0,-257.0,-413.0
-116.0,337.0,-55.0,244.0,-164.0,-20.0,-389.0,478.0,-216.0,-386.0
-113.0,203.0,-24.0,150.0,-179.0,-184.0,-395.0,351.0,-156.0,-379.0
-124.0,188.0,0.0,80.0,-190.0,-114.0,-420.0,358.0,-92.0,-345.0
-132.0,251.0,31.0,29.0,-201.0,-129.0,-380.0,460.0,-43.0,-291.0
-122.0,353.0,62.0,-1.0,-204.0,-128.0,-300.0,485.0,1.0,-232.0
-123.0,523.0,69.0,-29.0,-191.0,-59.0,-278.0,572.0,52.0,-148.0
-80.0,732.0,111.0,-37.0,-161.0,-204.0,-282.0,508.0,90.0,-89.0
-52.0,873.0,130.0,-21.0,-122.0,-244.0,-262.0,238.0,121.0,-8.0
-29.0,891.0,151.0,13.0,-81.0,-327.0,-275.0,77.0,161.0,40.0
5.0,836.0,178.0,17.0,-53.0,-378.0,-309.0,53.0,191.0,55.0
18.0,768.0,189.0,20.0,-41.0,-320.0,-292.0,312.0,210.0,71.0
34.0,745.0,232.0,40.0,-29.0,-467.0,-283.0,399.0,213.0,59.0
54.0,819.0,233.0,33.0,-15.0,-418.0,-351.0,192.0,206.0,43.0
66.0,936.0,257.0,24.0,-4.0,-242.0,-415.0,-70.0,212.0,7.0
94.0,963.0,264.0,20.0,-1.0,-253.0,-395.0,-205.0,202.0,-16.0
127.0,850.0,246.0,26.0,-7.0,-213.0,-359.0,96.0,195.0,-27.0
155.0,670.0,249.0,30.0,-12.0,-197.0,-323.0,103.0,192.0,-46.0
178.0,510.0,229.0,10.0,-11.0,-226.0,-254.0,-20.0,185.0,-59.0
201.0,345.0,217.0,4.0,4.0,-204.0,-260.0,11.0,186.0,-54.0
217.0,93.0,195.0,-15.0,34.0,-329.0,-328.0,18.0,184.0,-52.0
214.0,-216.0,174.0,-46.0,68.0,-371.0,-362.0,157.0,188.0,-80.0
218.0,-487.0,147.0,-61.0,99.0,-345.0,-330.0,-25.0,197.0,-116.0
225.0,-683.0,104.0,-44.0,116.0,-421.0,-268.0,-129.0,207.0,-152.0
228.0,-853.0,74.0,-11.0,111.0,-266.0,-203.0,-64.0,221.0,-197.0
231.0,-999.0,51.0,5.0,88.0,-164.0,-85.0,40.0,234.0,-274.0
245.0,-1031.0,17.0,48.0,68.0,-169.0,-35.0,251.0,259.0,-333.0
246.0,-950.0,12.0,81.0,69.0,-121.0,-80.0,199.0,289.0,-389.0
228.0,-936.0,12.0,89.0,91.0,-155.0,-121.0,169.0,306.0,-485.0
219.0,-1064.0,1.0,93.0,121.0,-72.0,-154.0,103.0,320.0,-568.0
202.0,-1158.0,-4.0,79.0,144.0,-137.0,-218.0,53.0,334.0,-646.0
184.0,-1070.0,0.0,54.0,155.0,-224.0,-262.0,25.0,344.0,-710.0
157.0,-879.0,18.0,24.0,160.0,-81.0,-185.0,25.0,348.0,-771.0
135.0,-781.0,1.0,-17.0,159.0,-181.0,-138.0,186.0,341.0,-816.0
120.0,-815.0,31.0,-46.0,146.0,-262.0,-146.0,73.0,315.0,-834.0
96.0,-856.0,59.0,-59.0,137.0,-90.0,-117.0,166.0,287.0,-850.0
74.0,-844.0,60.0,-57.0,149.0,28.0,-59.0,341.0,259.0,-846.0
33.0,-807.0,92.0,-34.0,175.0,108.0,15.0,279.0,229.0,-816.0
-8.0,-756.0,92.0,-15.0,197.0,54.0,81.0,286.0,213.0,-763.0
-41.0,-632.0,114.0,-4.0,203.0,-50.0,118.0,258.0,195.0,-703.0
-71.0,-334.0,117.0,0.0,197.0,83.0,50.0,458.0,152.0,-618.0
-107.0,52.0,111.0,3.0,186.0,129.0,-31.0,600.0,102.0,-502.0
-126.0,295.0,117.0,-26.0,169.0,48.0,-38.0,624.0,58.0,-386.0
-141.0,358.0,104.0,-88.0,146.0,95.0,-38.0,589.0,11.0,-254.0
-143.0,340.0,87.0,-111.0,128.0,108.0,-62.0,487.0,-37.0,-104.0
-141.0,321.0,61.0,-102.0,115.0,79.0,-43.0,448.0,-92.0,33.0
-158.0,376.0,52.0,-122.0,105.0,-31.0,71.0,133.0,-126.0,128.0
-148.0,521.0,16.0,-121.0,90.0,-69.0,122.0,40.0,-158.0,209.0
-159.0,694.0,2.0,-109.0,69.0,2.0,120.0,116.0,-202.0,283.0
-170.0,847.0,-6.0,-77.0,48.0,-95.0,178.0,97.0,-226.0,318.0
-184.0,951.0,-56.0,-12.0,25.0,-112.0,192.0,9.0,-246.0,331.0
-194.0,967.0,-63.0,38.0,10.0,-79.0,154.0,-249.0,-270.0,342.0
-189.0,932.0,-93.0,119.0,6.0,-130.0,148.0,-177.0,-286.0,374.0
-196.0,896.0,-118.0,174.0,14.0,-92.0,150.0,25.0,-287.0,402.0
-177.0,869.0,-103.0,249.0,31.0,-86.0,117.0,208.0,-273.0,411.0
-176.0,850.0,-113.0,334.0,46.0,-65.0,143.0,269.0,-245.0,436.0
-158.0,829.0,-105.0,395.0,56.0,-102.0,231.0,286.0,-212.0,469.0
-145.0,759.0,-89.0,496.0,59.0,-333.0,242.0,450.0,-176.0,471.0
-119.0,578.0,-94.0,563.0,55.0,-398.0,183.0,491.0,-138.0,455.0
-67.0,349.0,-82.0,595.0,38.0,-336.0,168.0,541.0,-98.0,455.0
-21.0,226.0,-65.0,631.0,7.0,-332.0,163.0,369.0,-48.0,432.0
32.0,238.0,-53.0,654.0,-32.0,-262.0,113.0,201.0,-11.0,371.0
83.0,275.0,-42.0,630.0,-70.0,-225.0,114.0,118.0,8.0,324.0
130.0,262.0,-38.0,598.0,-98.0,-212.0,151.0,-153.0,9.0,307.0
165.0,226.0,-30.0,603.0,-122.0,-248.0,129.0,-284.0,0.0,269.0
202.0,201.0,-11.0,604.0,-146.0,-327.0,49.0,-301.0,-17.0,220.0
213.0,155.0,-14.0,589.0,-161.0,-317.0,32.0,84.0,-37.0,213.0
244.0,85.0,-12.0,557.0,-169.0,-368.0,63.0,456.0,-48.0,195.0
267.0,28.0,-2.0,508.0,-173.0,-461.0,71.0,330.0,-60.0,156.0
278.0,-53.0,-22.0,424.0,-171.0,-465.0,105.0,64.0,-60.0,113.0
282.0,-183.0,-18.0,341.0,-171.0,-417.0,101.0,-230.0,-66.0,79.0
292.0,-300.0,-33.0,295.0,-168.0,-377.0,31.0,-227.0,-61.0,28.0
313.0,-391.0,-44.0,246.0,-160.0,-351.0,-10.0,-97.0,-41.0,-71.0
311.0,-492.0,-39.0,173.0,-144.0,-303.0,17.0,264.0,-43.0,-146.0
338.0,-614.0,-63.0,100.0,-121.0,-321.0,26.0,652.0,-46.0,-188.0
345.0,-692.0,-53.0,52.0,-101.0,-418.0,17.0,519.0,-49.0,-257.0
337.0,-587.0,-61.0,28.0,-88.0,-546.0,88.0,454.0,-45.0,-334.0
319.0,-283.0,-73.0,36.0,-82.0,-650.0,135.0,282.0,-21.0,-366.0
312.0,24.0,-55.0,47.0,-77.0,-664.0,101.0,101.0,3.0,-404.0
281.0,209.0,-59.0,69.0,-69.0,-607.0,98.0,66.0,36.0,-475.0
253.0,313.0,-54.0,103.0,-56.0,-515.0,99.0,-16.0,62.0,-528.0
238.0,338.0,-43.0,108.0,-51.0,-502.0,38.0,97.0,85.0,-559.0
206.0,256.0,-28.0,121.0,-56.0,-558.0,-34.0,162.0,110.0,-588.0
195.0,58.0,-1.0,155.0,-59.0,-580.0,-44.0,153.0,127.0,-626.0
162.0,-208.0,6.0,177.0,-55.0,-542.0,-34.0,-35.0,139.0,-625.0
144.0,-384.0,35.0,170.0,-50.0,-472.0,-71.0,-84.0,141.0,-581.0
108.0,-364.0,74.0,131.0,-44.0,-476.0,-126.0,-35.0,135.0,-552.0
90.0,-172.0,84.0,118.0,-25.0,-512.0,-151.0,-77.0,115.0,-507.0
75.0,99.0,108.0,110.0,-2.0,-512.0,-100.0,171.0,99.0,-422.0
66.0,338.0,125.0,101.0,16.0,-500.0,-77.0,328.0,94.0,-344.0
41.0,501.0,125.0,114.0,26.0,-470.0,-124.0,476.0,99.0,-279.0
5.0,592.0,133.0,123.0,34.0,-435.0,-194.0,402.0,105.0,-203.0
10.0,595.0,144.0,148.0,53.0,-419.0,-283.0,206.0,114.0,-117.0
-18.0,536.0,160.0,191.0,73.0,-492.0,-266.0,253.0,116.0,-52.0
-16.0,498.0,169.0,245.0,88.0,-551.0,-183.0,27.0,100.0,-10.0
-28.0,492.0,176.0,282.0,93.0,-479.0,-154.0,-223.0,84.0,33.0
-10.0,434.0,173.0,334.0,92.0,-417.0,-124.0,-395.0,82.0,72.0
7.0,341.0,180.0,379.0,93.0,-460.0,-43.0,-308.0,89.0,86.0
7.0,326.0,184.0,376.0,97.0,-525.0,6.0,97.0,88.0,94.0
36.0,372.0,173.0,377.0,101.0,-534.0,-12.0,413.0,101.0,121.0
46.0,326.0,176.0,359.0,103.0,-487.0,-4.0,485.0,125.0,122.0
69.0,178.0,166.0,289.0,99.0,-493.0,-35.0,157.0,142.0,100.0
76.0,127.0,157.0,209.0,86.0,-553.0,-108.0,-121.0,168.0,81.0
109.0,189.0,154.0,129.0,75.0,-525.0,-121.0,-312.0,190.0,63.0
123.0,198.0,160.0,56.0,74.0,-444.0,-120.0,-282.0,208.0,37.0
141.0,140.0,175.0,17.0,83.0,-409.0,-116.0,208.0,213.0,5.0
143.0,27.0,185.0,9.0,99.0,-471.0,-92.0,533.0,215.0,7.0
148.0,-101.0,200.0,12.0,121.0,-486.0,-26.0,554.0,212.0,3.0
156.0,-165.0,240.0,17.0,144.0,-453.0,31.0,125.0,195.0,-10.0
131.0,-206.0,256.0,37.0,162.0,-473.0,6.0,-280.0,176.0,-30.0
132.0,-259.0,252.0,49.0,171.0,-403.0,-26.0,-192.0,163.0,-31.0
101.0,-290.0,282.0,41.0,175.0,-406.0,-34.0,-68.0,162.0,-27.0
88.0,-309.0,277.0,44.0,181.0,-410.0,-49.0,42.0,170.0,-57.0
64.0,-310.0,269.0,56.0,186.0,-333.0,-49.0,-18.0,181.0,-64.0
36.0,-291.0,263.0,53.0,177.0,-352.0,-60.0,-192.0,177.0,-68.0
4.0,-330.0,254.0,44.0,154.0,-309.0,-57.0,-288.0,164.0,-78.0
-38.0,-463.0,252.0,38.0,126.0,-290.0,2.0,-157.0,138.0,-104.0
-73.0,-615.0,224.0,20.0,108.0,-274.0,66.0,149.0,96.0,-101.0
-101.0,-671.0,223.0,-7.0,103.0,-223.0,51.0,203.0,48.0,-80.0
-146.0,-575.0,210.0,-28.0,97.0,-305.0,-20.0,49.0,-14.0,-82.0
-217.0,-412.0,177.0,-38.0,71.0,-390.0,-3.0,-297.0,-66.0,-74.0
-245.0,-270.0,165.0,-18.0,35.0,-405.0,72.0,-419.0,-121.0,-74.0
-294.0,-157.0,156.0,6.0,2.0,-381.0,114.0,-375.0,-184.0,-57.0
-314.0,-111.0,130.0,20.0,-23.0,-431.0,128.0,-441.0,-235.0,-96.0
-346.0,-108.0,125.0,45.0,-54.0,-523.0,76.0,-243.0,-282.0,-129.0
-372.0,-61.0,117.0,67.0,-93.0,-463.0,-19.0,-240.0,-316.0,-111.0
-359.0,38.0,95.0,84.0,-127.0,-358.0,-65.0,-293.0,-338.0,-118.0
-375.0,208.0,106.0,119.0,-156.0,-373.0,-37.0,-242.0,-349.0,-114.0
-350.0,432.0,87.0,189.0,-176.0,-363.0,0.0,-273.0,-361.0,-86.0
-345.0,564.0,84.0,248.0,-178.0,-242.0,45.0,-81.0,-372.0,-14.0
-317.0,572.0,116.0,277.0,-156.0,-166.0,86.0,3.0,-370.0,19.0
-279.0,563.0,104.0,282.0,-121.0,-127.0,77.0,-84.0,-377.0,53.0
-262.0,572.0,116.0,268.0,-91.0,-173.0,34.0,-221.0,-355.0,124.0
-219.0,496.0,145.0,254.0,-76.0,-233.0,9.0,-267.0,-306.0,155.0
-182.0,280.0,151.0,231.0,-66.0,-244.0,44.0,-295.0,-263.0,163.0
-130.0,21.0,167.0,214.0,-44.0,-262.0,104.0,-399.0,-212.0,155.0
-78.0,-199.0,174.0,193.0,0.0,-181.0,137.0,-452.0,-151.0,142.0
-39.0,-377.0,180.0,162.0,68.0,-146.0,135.0,-437.0,-93.0,92.0
-3.0,-475.0,192.0,152.0,137.0,-178.0,93.0,-48.0,-50.0,21.0
45.0,-413.0,199.0,140.0,181.0,-102.0,31.0,168.0,-13.0,-18.0
81.0,-219.0,197.0,123.0,194.0,-18.0,20.0,190.0,12.0,-60.0
74.0,37.0,195.0,138.0,180.0,-98.0,63.0,240.0,14.0,-118.0
102.0,257.0,179.0,105.0,153.0,-247.0,90.0,-105.0,-5.0,-160.0
119.0,358.0,162.0,71.0,114.0,-255.0,95.0,-230.0,-36.0,-170.0
114.0,350.0,149.0,85.0,78.0,-103.0,124.0,-59.0,-69.0,-181.0
131.0,209.0,127.0,76.0,47.0,-56.0,164.0,230.0,-105.0,-205.0
110.0,-82.0,109.0,88.0,23.0,-164.0,128.0,432.0,-128.0,-184.0
114.0,-443.0,89.0,83.0,5.0,-134.0,49.0,149.0,-159.0,-126.0
114.0,-690.0,95.0,65.0,-10.0,-116.0,42.0,-101.0,-190.0,-83.0
107.0,-709.0,99.0,49.0,-24.0,-247.0,112.0,-164.0,-215.0,-34.0
108.0,-533.0,82.0,15.0,-48.0,-350.0,167.0,-103.0,-223.0,47.0
101.0,-265.0,90.0,-15.0,-79.0,-309.0,181.0,-121.0,-214.0,108.0
122.0,-55.0,88.0,-68.0,-109.0,-187.0,172.0,-181.0,-209.0,142.0
104.0,42.0,56.0,-76.0,-122.0,-294.0,144.0,-72.0,-191.0,177.0
93.0,87.0,41.0,-93.0,-118.0,-458.0,102.0,53.0,-165.0,206.0
79.0,93.0,8.0,-151.0,-99.0,-448.0,20.0,188.0,-128.0,234.0
72.0,35.0,-21.0,-171.0,-70.0,-422.0,-60.0,73.0,-76.0,239.0
65.0,-49.0,-56.0,-169.0,-42.0,-371.0,-60.0,29.0,0.0,236.0
51.0,-69.0,-116.0,-163.0,-24.0,-387.0,17.0,40.0,73.0,246.0
69.0,45.0,-124.0,-155.0,-30.0,-366.0,62.0,9.0,136.0,231.0
82.0,292.0,-181.0,-120.0,-41.0,-264.0,40.0,81.0,208.0,192.0
110.0,594.0,-249.0,-72.0,-55.0,-296.0,41.0,-77.0,265.0,172.0
120.0,813.0,-283.0,-48.0,-72.0,-313.0,68.0,-145.0,323.0,151.0
130.0,822.0,-342.0,-17.0,-101.0,-330.0,82.0,-251.0,373.0,121.0
144.0,634.0,-377.0,26.0,-143.0,-331.0,55.0,-258.0,403.0,103.0
135.0,394.0,-407.0,31.0,-179.0,-242.0,0.0,-177.0,423.0,87.0
111.0,218.0,-427.0,36.0,-201.0,-252.0,17.0,-273.0,426.0,82.0
100.0,138.0,-458.0,39.0,-207.0,-229.0,135.0,-149.0,430.0,74.0
95.0,177.0,-479.0,45.0,-203.0,-164.0,238.0,-114.0,420.0,67.0
86.0,274.0,-492.0,58.0,-183.0,-206.0,199.0,9.0,400.0,84.0
86.0,347.0,-526.0,51.0,-155.0,-216.0,74.0,216.0,366.0,107.0
77.0,401.0,-543.0,46.0,-130.0,-267.0,88.0,190.0,328.0,98.0
70.0,427.0,-552.0,38.0,-111.0,-333.0,184.0,3.0,288.0,93.0
68.0,444.0,-563.0,45.0,-91.0,-297.0,180.0,-352.0,239.0,102.0
68.0,382.0,-566.0,51.0,-68.0,-283.0,158.0,-419.0,187.0,97.0
64.0,149.0,-552.0,49.0,-48.0,-260.0,166.0,-295.0,119.0,105.0
70.0,-118.0,-535.0,62.0,-29.0,-287.0,211.0,-88.0,39.0,106.0
80.0,-348.0,-520.0,70.0,-18.0,-283.0,258.0,53.0,-36.0,119.0
90.0,-589.0,-494.0,80.0,-2.0,-215.0,227.0,-90.0,-109.0,121.0
75.0,-808.0,-458.0,99.0,24.0,-277.0,174.0,-179.0,-166.0,111.0
67.0,-989.0,-426.0,121.0,54.0,-317.0,143.0,-295.0,-228.0,111.0
70.0,-1186.0,-375.0,159.0,76.0,-326.0,172.0,-81.0,-292.0,91.0
56.0,-1296.0,-338.0,169.0,88.0,-329.0,140.0,147.0,-322.0,63.0
57.0,-1194.0,-289.0,162.0,102.0,-221.0,38.0,55.0,-358.0,35.0
35.0,-972.0,-228.0,157.0,103.0,-109.0,32.0,7.0,-381.0,19.0
46.0,-683.0,-198.0,129.0,91.0,-74.0,57.0,-330.0,-375.0,-9.0
33.0,-351.0,-134.0,96.0,81.0,-113.0,58.0,-424.0,-365.0,-56.0
-2.0,-52.0,-89.0,62.0,90.0,-166.0,-6.0,-197.0,-336.0,-79.0
-15.0,160.0,-47.0,51.0,110.0,-36.0,-15.0,-9.0,-288.0,-105.0
-39.0,259.0,3.0,27.0,128.0,91.0,120.0,9.0,-229.0,-154.0
-69.0,332.0,33.0,0.0,142.0,-33.0,190.0,-356.0,-169.0,-186.0
-113.0,424.0,58.0,-13.0,155.0,-70.0,154.0,-519.0,-105.0,-201.0
-134.0,461.0,107.0,-69.0,170.0,61.0,106.0,-421.0,-46.0,-212.0
-169.0,396.0,136.0,-111.0,174.0,149.0,75.0,-160.0,20.0,-227.0
-199.0,288.0,151.0,-128.0,169.0,182.0,42.0,42.0,85.0,-239.0
-243.0,209.0,211.0,-141.0,159.0,121.0,32.0,5.0,135.0,-230.0
-277.0,181.0,243.0,-169.0,144.0,141.0,-4.0,-145.0,193.0,-249.0
-295.0,174.0,276.0,-194.0,123.0,120.0,-57.0,-365.0,249.0,-269.0
-328.0,134.0,344.0,-187.0,94.0,-58.0,17.0,-227.0,300.0,-269.0
-344.0,26.0,362.0,-194.0,65.0,21.0,63.0,-35.0,336.0,-272.0
-375.0,-97.0,386.0,-166.0,32.0,62.0,-56.0,-29.0,358.0,-272.0
-380.0,-102.0,419.0,-128.0,-2.0,-7.0,-146.0,-269.0,376.0,-259.0
-391.0,6.0,397.0,-107.0,-36.0,-13.0,-76.0,-578.0,397.0,-234.0
-413.0,111.0,449.0,-76.0,-58.0,-51.0,112.0,-362.0,409.0,-217.0
-422.0,171.0,414.0,-49.0,-69.0,110.0,280.0,-14.0,420.0,-206.0
-428.0,211.0,397.0,-42.0,-72.0,73.0,286.0,375.0,430.0,-195.0
-422.0,230.0,439.0,-35.0,-62.0,-7.0,210.0,473.0,438.0,-179.0
-414.0,228.0,352.0,-34.0,-44.0,135.0,118.0,127.0,448.0,-177.0
-387.0,206.0,388.0,-70.0,-28.0,106.0,22.0,-162.0,447.0,-164.0
-359.0,155.0,341.0,-100.0,-18.0,102.0,-15.0,-352.0,438.0,-142.0
-337.0,97.0,297.0,-107.0,-15.0,91.0,-20.0,-158.0,403.0,-109.0
-306.0,9.0,304.0,-108.0,-16.0,133.0,-24.0,-136.0,355.0,-71.0
-273.0,-138.0,228.0,-145.0,-24.0,271.0,-20.0,-360.0,296.0,-16.0
-251.0,-290.0,226.0,-141.0,-42.0,156.0,-28.0,-493.0,226.0,67.0
-210.0,-339.0,171.0,-127.0,-60.0,77.0,-62.0,-722.0,148.0,129.0
-165.0,-284.0,130.0,-119.0,-66.0,139.0,-26.0,-489.0,59.0,209.0
-133.0,-232.0,113.0,-79.0,-50.0,148.0,52.0,-133.0,-17.0,301.0
-110.0,-208.0,85.0,-83.0,-16.0,190.0,74.0,-24.0,-91.0,386.0
-88.0,-172.0,37.0,-91.0,19.0,152.0,-3.0,-20.0,-140.0,454.0
-52.0,-87.0,26.0,-100.0,48.0,166.0,-135.0,-138.0,-184.0,513.0
-37.0,-29.0,11.0,-84.0,67.0,209.0,-153.0,-83.0,-234.0,574.0
-22.0,-74.0,-32.0,-77.0,85.0,148.0,-98.0,179.0,-272.0,593.0
-14.0,-213.0,-14.0,-65.0,100.0,158.0,-54.0,561.0,-319.0,605.0
-4.0,-373.0,-73.0,-18.0,106.0,133.0,-38.0,611.0,-341.0,613.0
3.0,-471.0,-78.0,-17.0,104.0,197.0,-45.0,469.0,-335.0,613.0
1.0,-527.0,-88.0,-31.0,92.0,333.0,-17.0,210.0,-319.0,589.0
4.0,-521.0,-128.0,-20.0,68.0,344.0,17.0,-338.0,-282.0,583.0
11.0,-426.0,-117.0,-37.0,34.0,314.0,-1.0,-558.0,-221.0,598.0
17.0,-282.0,-155.0,-83.0,-3.0,221.0,-99.0,-515.0,-173.0,574.0
12.0,-127.0,-144.0,-121.0,-27.0,205.0,-201.0,-153.0,-122.0,558.0
7.0,-17.0,-164.0,-143.0,-32.0,298.0,-272.0,253.0,-60.0,535.0
0.0,-19.0,-183.0,-153.0,-33.0,295.0,-283.0,273.0,-17.0,516.0
-3.0,-125.0,-177.0,-146.0,-36.0,299.0,-202.0,208.0,16.0,491.0
-9.0,-230.0,-198.0,-102.0,-42.0,330.0,-99.0,73.0,40.0,443.0
-13.0,-276.0,-199.0,-90.0,-54.0,285.0,-90.0,147.0,46.0,423.0
-10.0,-275.0,-196.0,-85.0,-67.0,227.0,-181.0,412.0,28.0,391.0
-20.0,-269.0,-177.0,-93.0,-81.0,151.0,-201.0,755.0,20.0,345.0
-20.0,-260.0,-186.0,-103.0,-92.0,173.0,-137.0,787.0,25.0,321.0
-43.0,-153.0,-153.0,-114.0,-106.0,248.0,-107.0,312.0,19.0,304.0
-76.0,31.0,-114.0,-139.0,-126.0,253.0,-97.0,-31.0,18.0,260.0
-108.0,172.0,-120.0,-132.0,-135.0,309.0,-82.0,-186.0,0.0,209.0
-144.0,252.0,-89.0,-143.0,-129.0,273.0,-82.0,33.0,-32.0,178.0
-163.0,300.0,-80.0,-132.0,-114.0,135.0,-94.0,452.0,-62.0,141.0
-184.0,379.0,-90.0,-183.0,-110.0,98.0,-41.0,559.0,-90.0,93.0
-193.0,479.0,-74.0,-252.0,-121.0,146.0,8.0,262.0,-107.0,56.0
-203.0,510.0,-85.0,-277.0,-138.0,191.0,-48.0,-86.0,-121.0,28.0
-205.0,480.0,-84.0,-302.0,-153.0,92.0,-104.0,-105.0,-134.0,-19.0
-216.0,443.0,-51.0,-289.0,-160.0,-20.0,-134.0,-81.0,-148.0,-67.0
-220.0,454.0,-82.0,-316.0,-162.0,63.0,-162.0,205.0,-159.0,-123.0
-207.0,514.0,-79.0,-340.0,-159.0,90.0,-124.0,327.0,-156.0,-181.0
-209.0,536.0,-43.0,-356.0,-157.0,54.0,-33.0,18.0,-141.0,-224.0
-206.0,482.0,-77.0,-329.0,-148.0,81.0,65.0,-151.0,-122.0,-286.0
-207.0,356.0,-60.0,-269.0,-130.0,66.0,128.0,-380.0,-101.0,-310.0
-201.0,171.0,-74.0,-255.0,-108.0,18.0,99.0,-273.0,-91.0,-311.0
-206.0,-65.0,-87.0,-224.0,-83.0,-173.0,14.0,-73.0,-91.0,-306.0
-208.0,-312.0,-84.0,-167.0,-55.0,-152.0,-67.0,-131.0,-95.0,-269.0
-208.0,-467.0,-120.0,-128.0,-23.0,110.0,-107.0,-218.0,-110.0,-246.0
-210.0,-530.0,-112.0,-95.0,7.0,101.0,-78.0,-363.0,-127.0,-234.0
-200.0,-537.0,-142.0,-51.0,42.0,115.0,-82.0,-84.0,-143.0,-251.0
-193.0,-469.0,-137.0,-59.0,79.0,161.0,-142.0,173.0,-158.0,-287.0
-190.0,-329.0,-157.0,-40.0,105.0,147.0,-151.0,97.0,-168.0,-315.0
-197.0,-154.0,-173.0,-31.0,114.0,93.0,-102.0,-101.0,-178.0,-353.0
-204.0,-46.0,-181.0,-33.0,112.0,-83.0,-42.0,-454.0,-186.0,-385.0
-218.0,-60.0,-224.0,-13.0,107.0,15.0,-14.0,-484.0,-176.0,-391.0
-229.0,-127.0,-214.0,-62.0,94.0,171.0,17.0,-182.0,-127.0,-396.0
-246.0,-161.0,-241.0,-55.0,73.0,108.0,44.0,81.0,-77.0,-411.0
-252.0,-190.0,-213.0,-76.0,54.0,108.0,19.0,83.0,-32.0,-415.0
-271.0,-288.0,-225.0,-74.0,47.0,150.0,28.0,-127.0,17.0,-421.0
-293.0,-425.0,-208.0,-31.0,39.0,173.0,74.0,-454.0,69.0,-434.0
-304.0,-502.0,-161.0,-28.0,19.0,178.0,96.0,-679.0,130.0,-446.0
-341.0,-509.0,-175.0,20.0,-10.0,118.0,116.0,-576.0,206.0,-447.0
-352.0,-514.0,-98.0,44.0,-41.0,131.0,132.0,-408.0,285.0,-430.0
-361.0,-491.0,-69.0,79.0,-66.0,173.0,160.0,-155.0,345.0,-404.0
-363.0,-358.0,-42.0,79.0,-83.0,146.0,180.0,-79.0,411.0,-371.0
-359.0,-125.0,20.0,103.0,-86.0,212.0,130.0,-94.0,456.0,-312.0
-351.0,146.0,42.0,155.0,-77.0,189.0,56.0,68.0,484.0,-239.0
-321.0,429.0,74.0,176.0,-61.0,140.0,15.0,86.0,506.0,-201.0
-289.0,672.0,131.0,188.0,-48.0,183.0,71.0,133.0,511.0,-174.0
-248.0,803.0,126.0,158.0,-48.0,52.0,179.0,-90.0,504.0,-150.0
-204.0,788.0,180.0,149.0,-49.0,70.0,173.0,-389.0,471.0,-157.0
-149.0,662.0,209.0,113.0,-47.0,156.0,52.0,-400.0,425.0,-184.0
-114.0,513.0,175.0,88.0,-46.0,87.0,1.0,-354.0,370.0,-201.0
-71.0,399.0,270.0,81.0,-49.0,105.0,40.0,-62.0,312.0,-194.0
-28.0,316.0,238.0,57.0,-55.0,-34.0,32.0,-72.0,265.0,-206.0
3.0,224.0,264.0,17.0,-56.0,-135.0,28.0,-260.0,224.0,-229.0
48.0,82.0,282.0,-31.0,-53.0,-44.0,18.0,-367.0,188.0,-228.0
83.0,-72.0,212.0,-83.0,-49.0,-64.0,-12.0,-517.0,150.0,-225.0
109.0,-185.0,272.0,-151.0,-43.0,6.0,29.0,-432.0,118.0,-233.0
139.0,-260.0,189.0,-177.0,-36.0,32.0,62.0,-360.0,84.0,-213.0
155.0,-327.0,170.0,-211.0,-19.0,12.0,37.0,0.0,42.0,-157.0
163.0,-357.0,159.0,-232.0,9.0,48.0,53.0,299.0,-18.0,-119.0
178.0,-321.0,77.0,-248.0,50.0,-150.0,106.0,256.0,-79.0,-76.0
166.0,-233.0,77.0,-231.0,96.0,-50.0,129.0,103.0,-134.0,3.0
164.0,-104.0,15.0,-182.0,131.0,169.0,85.0,-218.0,-202.0,78.0
160.0,16.0,-1.0,-178.0,159.0,47.0,18.0,-218.0,-267.0,143.0
145.0,61.0,-58.0,-154.0,187.0,43.0,17.0,-118.0,-321.0,229.0
119.0,34.0,-80.0,-146.0,210.0,-39.0,0.0,36.0,-361.0,348.0
86.0,-38.0,-93.0,-138.0,225.0,60.0,-37.0,9.0,-393.0,449.0
75.0,-134.0,-150.0,-121.0,222.0,178.0,0.0,-182.0,-397.0,512.0
40.0,-241.0,-129.0,-124.0,195.0,15.0,51.0,-195.0,-385.0,598.0
14.0,-367.0,-181.0,-106.0,155.0,166.0,104.0,-360.0,-380.0,683.0
-11.0,-485.0,-206.0,-104.0,112.0,146.0,137.0,-275.0,-343.0,718.0
-31.0,-576.0,-231.0,-91.0,70.0,7.0,90.0,-190.0,-291.0,732.0
-40.0,-626.0,-261.0,-75.0,35.0,-18.0,7.0,-258.0,-253.0,748.0
-52.0,-634.0,-271.0,-58.0,6.0,-38.0,-3.0,-332.0,-214.0,722.0
-46.0,-564.0,-292.0,-39.0,-6.0,187.0,41.0,-513.0,-172.0,643.0
-57.0,-402.0,-301.0,3.0,-3.0,188.0,37.0,-485.0,-141.0,565.0
-67.0,-227.0,-329.0,66.0,6.0,146.0,26.0,-473.0,-109.0,497.0
-68.0,-43.0,-318.0,105.0,13.0,206.0,46.0,-371.0,-78.0,426.0
-71.0,198.0,-339.0,128.0,6.0,180.0,102.0,-393.0,-58.0,351.0
-96.0,452.0,-343.0,121.0,-8.0,298.0,128.0,-609.0,-40.0,320.0
-120.0,596.0,-366.0,90.0,-40.0,346.0,151.0,-670.0,-26.0,314.0
-148.0,596.0,-362.0,31.0,-81.0,354.0,201.0,-679.0,-7.0,280.0
-180.0,537.0,-348.0,-17.0,-105.0,255.0,147.0,-375.0,-13.0,276.0
-203.0,523.0,-363.0,-107.0,-104.0,96.0,53.0,-134.0,-31.0,278.0
-243.0,640.0,-307.0,-232.0,-83.0,244.0,2.0,3.0,-34.0,260.0
-270.0,823.0,-302.0,-335.0,-54.0,434.0,34.0,-57.0,-50.0,243.0
-295.0,861.0,-261.0,-420.0,-25.0,490.0,144.0,-450.0,-70.0,216.0
-305.0,688.0,-235.0,-494.0,-11.0,418.0,223.0,-395.0,-100.0,202.0
-315.0,463.0,-220.0,-577.0,-11.0,302.0,211.0,-206.0,-133.0,175.0
-318.0,257.0,-147.0,-619.0,-15.0,339.0,135.0,-84.0,-158.0,116.0
-301.0,15.0,-149.0,-674.0,-15.0,405.0,110.0,-175.0,-181.0,97.0
-310.0,-207.0,-84.0,-711.0,-10.0,421.0,152.0,-356.0,-205.0,69.0
-285.0,-355.0,-31.0,-719.0,-3.0,393.0,212.0,-345.0,-227.0,7.0
-248.0,-474.0,-36.0,-692.0,4.0,273.0,272.0,-388.0,-246.0,-30.0
-212.0,-532.0,37.0,-617.0,11.0,187.0,274.0,-210.0,-269.0,-55.0
-164.0,-423.0,46.0,-574.0,17.0,104.0,196.0,-221.0,-277.0,-94.0
-123.0,-194.0,67.0,-515.0,19.0,-5.0,126.0,-264.0,-294.0,-154.0
-68.0,-17.0,102.0,-474.0,19.0,0.0,126.0,-208.0,-322.0,-190.0
-25.0,59.0,72.0,-454.0,16.0,-18.0,169.0,-219.0,-329.0,-213.0
11.0,104.0,114.0,-420.0,7.0,-17.0,160.0,29.0,-322.0,-252.0
46.0,155.0,96.0,-385.0,-5.0,-43.0,112.0,99.0,-308.0,-301.0
75.0,192.0,87.0,-319.0,-28.0,-133.0,111.0,116.0,-302.0,-323.0
99.0,213.0,86.0,-248.0,-53.0,-45.0,101.0,31.0,-293.0,-352.0
121.0,219.0,39.0,-166.0,-73.0,-70.0,78.0,-77.0,-264.0,-430.0
144.0,152.0,45.0,-76.0,-88.0,-185.0,90.0,-77.0,-219.0,-495.0
168.0,46.0,-4.0,-48.0,-99.0,-211.0,126.0,-229.0,-177.0,-554.0
166.0,-68.0,-4.0,31.0,-113.0,-256.0,136.0,-129.0,-134.0,-605.0
154.0,-220.0,-27.0,122.0,-126.0,-135.0,109.0,-33.0,-92.0,-654.0
161.0,-365.0,-72.0,148.0,-135.0,-78.0,115.0,94.0,-68.0,-676.0
154.0,-458.0,-58.0,198.0,-132.0,-169.0,172.0,186.0,-45.0,-642.0
138.0,-544.0,-111.0,251.0,-110.0,-153.0,193.0,29.0,-38.0,-626.0
111.0,-632.0,-112.0,287.0,-82.0,-196.0,116.0,-114.0,-30.0,-606.0
89.0,-634.0,-142.0,339.0,-53.0,-256.0,-21.0,-412.0,-34.0,-541.0
71.0,-549.0,-173.0,415.0,-22.0,-265.0,-105.0,-404.0,-63.0,-458.0
57.0,-450.0,-194.0,437.0,0.0,-338.0,-37.0,-192.0,-86.0,-402.0
53.0,-392.0,-246.0,440.0,1.0,-345.0,68.0,5.0,-121.0,-350.0
54.0,-419.0,-232.0,425.0,-12.0,-355.0,81.0,59.0,-169.0,-284.0
65.0,-490.0,-274.0,397.0,-25.0,-340.0,17.0,-362.0,-208.0,-243.0
65.0,-523.0,-271.0,367.0,-30.0,-262.0,23.0,-600.0,-241.0,-230.0
76.0,-471.0,-267.0,296.0,-36.0,-329.0,62.0,-582.0,-278.0,-224.0
81.0,-387.0,-300.0,267.0,-52.0,-331.0,29.0,-391.0,-304.0,-202.0
68.0,-344.0,-294.0,219.0,-72.0,-356.0,-2.0,-145.0,-311.0,-192.0
63.0,-335.0,-313.0,152.0,-83.0,-398.0,-23.0,-121.0,-299.0,-180.0
37.0,-316.0,-320.0,104.0,-71.0,-343.0,-42.0,-273.0,-259.0,-119.0
4.0,-273.0,-317.0,62.0,-48.0,-472.0,-60.0,-548.0,-219.0,-52.0
-27.0,-216.0,-316.0,25.0,-24.0,-452.0,-49.0,-500.0,-179.0,-14.0
-79.0,-134.0,-320.0,-2.0,-8.0,-394.0,-68.0,-465.0,-112.0,24.0
-128.0,-69.0,-307.0,-28.0,-6.0,-486.0,-95.0,-485.0,-48.0,73.0
-181.0,-29.0,-300.0,-88.0,-6.0,-393.0,-82.0,-356.0,26.0,110.0
-221.0,65.0,-273.0,-135.0,-17.0,-319.0,-96.0,-417.0,115.0,117.0
-255.0,230.0,-243.0,-155.0,-42.0,-279.0,-91.0,-495.0,189.0,138.0
-288.0,377.0,-236.0,-196.0,-62.0,-250.0,-84.0,-729.0,258.0,201.0
-309.0,411.0,-183.0,-217.0,-76.0,-227.0,-37.0,-763.0,334.0,245.0
-312.0,360.0,-188.0,-215.0,-79.0,-112.0,10.0,-424.0,401.0,293.0
-311.0,267.0,-177.0,-248.0,-67.0,-167.0,47.0,-36.0,459.0,385.0
-315.0,115.0,-143.0,-285.0,-43.0,-278.0,101.0,295.0,522.0,471.0
-309.0,-46.0,-154.0,-296.0,-10.0,-217.0,74.0,164.0,560.0,540.0
-305.0,-128.0,-129.0,-299.0,21.0,-81.0,28.0,-208.0,580.0,596.0
-286.0,-96.0,-149.0,-298.0,44.0,10.0,-18.0,-678.0,573.0,652.0
-282.0,1.0,-129.0,-279.0,67.0,-68.0,-24.0,-796.0,528.0,679.0
-264.0,124.0,-112.0,-245.0,93.0,-56.0,1.0,-480.0,464.0,651.0
-238.0,215.0,-127.0,-204.0,123.0,36.0,9.0,-243.0,391.0,637.0
-220.0,208.0,-97.0,-168.0,146.0,-30.0,24.0,-101.0,317.0,602.0
-190.0,153.0,-86.0,-120.0,159.0,-30.0,-43.0,-404.0,235.0,538.0
-170.0,99.0,-61.0,-96.0,167.0,-38.0,-166.0,-676.0,144.0,466.0
-134.0,-7.0,-60.0,-101.0,166.0,-36.0,-216.0,-757.0,63.0,402.0
-115.0,-221.0,-35.0,-112.0,161.0,52.0,-153.0,-642.0,-2.0,354.0
-82.0,-524.0,-19.0,-146.0,149.0,43.0,-98.0,-127.0,-59.0,275.0
-50.0,-853.0,-23.0,-195.0,135.0,105.0,-85.0,40.0,-102.0,222.0
-37.0,-1107.0,-2.0,-246.0,125.0,64.0,-55.0,-44.0,-138.0,201.0
-20.0,-1230.0,-10.0,-254.0,117.0,-9.0,-110.0,-240.0,-166.0,148.0
2.0,-1200.0,4.0,-254.0,115.0,141.0,-214.0,-373.0,-181.0,78.0
29.0,-1001.0,-6.0,-248.0,113.0,158.0,-236.0,-351.0,-184.0,48.0
38.0,-668.0,-6.0,-220.0,102.0,149.0,-174.0,-404.0,-187.0,22.0
52.0,-225.0,-10.0,-189.0,76.0,94.0,-133.0,-419.0,-181.0,-31.0
69.0,222.0,-20.0,-170.0,35.0,16.0,-164.0,-624.0,-182.0,-56.0
95.0,537.0,-20.0,-148.0,-6.0,168.0,-192.0,-667.0,-202.0,-76.0
103.0,723.0,-31.0,-138.0,-28.0,148.0,-238.0,-593.0,-237.0,-112.0
121.0,841.0,-7.0,-162.0,-37.0,95.0,-302.0,-465.0,-266.0,-181.0
131.0,882.0,-18.0,-166.0,-39.0,68.0,-303.0,-190.0,-297.0,-249.0
154.0,857.0,-3.0,-175.0,-29.0,-54.0,-262.0,-299.0,-346.0,-316.0
177.0,807.0,-6.0,-197.0,-15.0,45.0,-208.0,-476.0,-390.0,-428.0
162.0,731.0,-8.0,-211.0,-4.0,83.0,-126.0,-742.0,-440.0,-515.0
174.0,661.0,1.0,-207.0,-17.0,102.0,-74.0,-995.0,-488.0,-568.0
150.0,604.0,-13.0,-183.0,-45.0,136.0,-152.0,-896.0,-519.0,-602.0
146.0,467.0,16.0,-179.0,-75.0,47.0,-245.0,-498.0,-549.0,-621.0
125.0,245.0,8.0,-178.0,-110.0,101.0,-280.0,190.0,-590.0,-606.0
86.0,67.0,35.0,-164.0,-150.0,76.0,-321.0,491.0,-624.0,-548.0
87.0,-11.0,57.0,-159.0,-192.0,10.0,-284.0,323.0,-652.0,-515.0
58.0,-18.0,62.0,-138.0,-217.0,31.0,-258.0,-20.0,-686.0,-479.0
67.0,44.0,91.0,-109.0,-227.0,9.0,-281.0,-253.0,-688.0,-430.0
60.0,160.0,77.0,-79.0,-225.0,37.0,-363.0,-301.0,-664.0,-388.0
39.0,349.0,99.0,-36.0,-208.0,-52.0,-462.0,-458.0,-619.0,-381.0
33.0,557.0,99.0,-3.0,-179.0,-114.0,-441.0,-458.0,-568.0,-397.0
13.0,631.0,97.0,-3.0,-145.0,-27.0,-410.0,-583.0,-524.0,-383.0
1.0,517.0,103.0,-3.0,-110.0,-54.0,-342.0,-729.0,-472.0,-387.0
-24.0,287.0,81.0,8.0,-69.0,13.0,-254.0,-670.0,-427.0,-395.0
-32.0,54.0,70.0,12.0,-28.0,83.0,-243.0,-578.0,-375.0,-389.0
-46.0,-128.0,32.0,44.0,-2.0,11.0,-330.0,-177.0,-307.0,-359.0
-68.0,-293.0,5.0,104.0,6.0,-70.0,-412.0,0.0,-238.0,-334.0
-64.0,-524.0,5.0,124.0,-3.0,-171.0,-385.0,-116.0,-178.0,-337.0
-79.0,-854.0,-30.0,128.0,-19.0,-142.0,-325.0,-306.0,-116.0,-316.0
-86.0,-1256.0,-62.0,134.0,-30.0,-178.0,-235.0,-447.0,-59.0,-283.0
-80.0,-1647.0,-81.0,93.0,-40.0,-220.0,-192.0,-169.0,-21.0,-263.0
-85.0,-1902.0,-115.0,61.0,-46.0,-107.0,-260.0,-55.0,21.0,-235.0
-87.0,-1989.0,-148.0,67.0,-40.0,-66.0,-324.0,-166.0,59.0,-174.0
-66.0,-1912.0,-152.0,81.0,-28.0,-54.0,-264.0,-195.0,78.0,-110.0
-34.0,-1623.0,-159.0,94.0,-16.0,-155.0,-134.0,-151.0,117.0,-71.0
-40.0,-1170.0,-176.0,100.0,-7.0,-196.0,-52.0,-110.0,172.0,-34.0
-14.0,-701.0,-156.0,77.0,-7.0,-94.0,-45.0,-125.0,229.0,26.0
27.0,-347.0,-173.0,37.0,-16.0,-90.0,-124.0,-112.0,291.0,55.0
31.0,-180.0,-173.0,30.0,-30.0,-76.0,-290.0,-186.0,354.0,48.0
50.0,-108.0,-160.0,45.0,-46.0,-156.0,-403.0,-31.0,413.0,72.0
83.0,20.0,-179.0,48.0,-60.0,-205.0,-374.0,84.0,468.0,90.0
100.0,246.0,-173.0,44.0,-77.0,-151.0,-301.0,-90.0,512.0,83.0
88.0,514.0,-161.0,59.0,-98.0,-150.0,-222.0,-362.0,527.0,62.0
111.0,676.0,-161.0,45.0,-120.0,-41.0,-190.0,-663.0,534.0,48.0
128.0,652.0,-149.0,3.0,-139.0,-44.0,-219.0,-487.0,522.0,34.0
117.0,540.0,-96.0,-4.0,-151.0,-185.0,-267.0,-151.0,500.0,-3.0
140.0,444.0,-108.0,-13.0,-158.0,-179.0,-291.0,70.0,465.0,-41.0
134.0,400.0,-94.0,-30.0,-159.0,-98.0,-275.0,123.0,408.0,-52.0
114.0,388.0,-74.0,-51.0,-159.0,-58.0,-216.0,-27.0,364.0,-62.0
113.0,380.0,-97.0,-99.0,-167.0,-106.0,-110.0,7.0,304.0,-93.0
98.0,366.0,-72.0,-145.0,-177.0,-112.0,-48.0,140.0,250.0,-104.0
68.0,355.0,-100.0,-173.0,-179.0,-6.0,-40.0,441.0,210.0,-110.0
44.0,385.0,-113.0,-174.0,-178.0,-14.0,-72.0,539.0,163.0,-151.0
34.0,492.0,-103.0,-176.0,-177.0,-11.0,-179.0,406.0,122.0,-183.0
12.0,700.0,-127.0,-190.0,-174.0,47.0,-257.0,267.0,83.0,-174.0
8.0,938.0,-132.0,-183.0,-169.0,-13.0,-244.0,48.0,61.0,-147.0
14.0,1090.0,-108.0,-171.0,-159.0,-79.0,-225.0,5.0,49.0,-129.0
14.0,1128.0,-114.0,-166.0,-146.0,-158.0,-180.0,-210.0,24.0,-82.0
41.0,1078.0,-95.0,-173.0,-131.0,-143.0,-105.0,-195.0,-9.0,12.0
59.0,928.0,-58.0,-176.0,-109.0,-111.0,-124.0,-77.0,-39.0,82.0
63.0,630.0,-41.0,-191.0,-72.0,-143.0,-205.0,-275.0,-79.0,149.0
70.0,188.0,-15.0,-170.0,-21.0,-108.0,-266.0,-352.0,-123.0,257.0
105.0,-309.0,-12.0,-132.0,30.0,-122.0,-277.0,-434.0,-156.0,341.0
144.0,-708.0,47.0,-145.0,73.0,-112.0,-244.0,-380.0,-197.0,389.0
144.0,-960.0,58.0,-130.0,102.0,-78.0,-258.0,-537.0,-241.0,449.0
165.0,-1142.0,73.0,-113.0,126.0,-64.0,-257.0,-637.0,-283.0,508.0
189.0,-1254.0,143.0,-117.0,159.0,7.0,-190.0,-480.0,-326.0,528.0
216.0,-1267.0,137.0,-114.0,194.0,43.0,-129.0,-545.0,-359.0,522.0
224.0,-1232.0,180.0,-115.0,226.0,56.0,-67.0,-473.0,-370.0,517.0
223.0,-1163.0,216.0,-83.0,254.0,71.0,-69.0,-415.0,-368.0,512.0
262.0,-1020.0,229.0,-46.0,274.0,54.0,-176.0,-195.0,-350.0,466.0
273.0,-855.0,270.0,-27.0,280.0,84.0,-222.0,79.0,-318.0,424.0
284.0,-716.0,272.0,10.0,267.0,84.0,-224.0,42.0,-285.0,430.0
301.0,-502.0,272.0,19.0,243.0,91.0,-268.0,-53.0,-234.0,431.0
326.0,-118.0,284.0,12.0,224.0,24.0,-263.0,-195.0,-178.0,422.0
357.0,336.0,287.0,23.0,204.0,-58.0,-211.0,-199.0,-112.0,418.0
361.0,708.0,271.0,31.0,171.0,112.0,-110.0,-312.0,-41.0,443.0
366.0,949.0,259.0,31.0,131.0,194.0,-9.0,-558.0,14.0,449.0
373.0,1049.0,249.0,0.0,101.0,208.0,2.0,-844.0,70.0,421.0
384.0,1039.0,218.0,-15.0,89.0,181.0,-73.0,-1116.0,125.0,419.0
381.0,997.0,198.0,3.0,90.0,123.0,-228.0,-877.0,172.0,406.0
355.0,946.0,189.0,29.0,98.0,177.0,-324.0,-491.0,201.0,369.0
324.0,868.0,166.0,48.0,112.0,17.0,-269.0,-203.0,234.0,328.0
324.0,769.0,155.0,62.0,128.0,22.0,-143.0,-116.0,262.0,307.0
305.0,657.0,119.0,72.0,142.0,143.0,-57.0,-291.0,284.0,284.0
241.0,589.0,95.0,31.0,148.0,104.0,-24.0,-417.0,309.0,222.0
197.0,609.0,78.0,-20.0,142.0,72.0,-79.0,-445.0,328.0,170.0
179.0,644.0,23.0,-51.0,128.0,-31.0,-214.0,-312.0,332.0,131.0
152.0,625.0,-1.0,-41.0,105.0,97.0,-293.0,-352.0,327.0,63.0
80.0,536.0,-42.0,-24.0,80.0,173.0,-254.0,-351.0,329.0,-31.0
26.0,374.0,-93.0,-20.0,60.0,72.0,-135.0,-363.0,306.0,-112.0
0.0,200.0,-131.0,-27.0,48.0,56.0,-39.0,-646.0,273.0,-178.0
-40.0,23.0,-169.0,-57.0,44.0,-7.0,-13.0,-757.0,228.0,-256.0
-122.0,-176.0,-205.0,-74.0,49.0,82.0,4.0,-846.0,168.0,-324.0
-189.0,-360.0,-234.0,-117.0,62.0,132.0,71.0,-484.0,113.0,-359.0
-207.0,-493.0,-257.0,-159.0,75.0,171.0,108.0,-25.0,58.0,-392.0
-258.0,-583.0,-272.0,-181.0,81.0,277.0,137.0,107.0,14.0,-447.0
-291.0,-621.0,-288.0,-197.0,79.0,210.0,161.0,325.0,-24.0,-474.0
-300.0,-576.0,-297.0,-185.0,76.0,205.0,115.0,240.0,-55.0,-467.0
-290.0,-544.0,-276.0,-178.0,68.0,211.0,109.0,86.0,-82.0,-489.0
-265.0,-590.0,-263.0,-176.0,53.0,264.0,104.0,-238.0,-111.0,-521.0
-264.0,-650.0,-233.0,-160.0,39.0,264.0,102.0,-437.0,-137.0,-517.0
-246.0,-709.0,-210.0,-155.0,32.0,157.0,154.0,-197.0,-153.0,-504.0
-204.0,-739.0,-180.0,-128.0,32.0,173.0,189.0,-97.0,-153.0,-529.0
-149.0,-651.0,-154.0,-74.0,29.0,70.0,196.0,12.0,-155.0,-542.0
-115.0,-474.0,-133.0,-64.0,12.0,45.0,203.0,33.0,-153.0,-517.0
-65.0,-350.0,-101.0,-46.0,-17.0,119.0,209.0,0.0,-143.0,-503.0
6.0,-300.0,-86.0,-44.0,-45.0,144.0,166.0,-109.0,-152.0,-513.0
58.0,-218.0,-55.0,-73.0,-66.0,160.0,102.0,-90.0,-161.0,-496.0
104.0,-56.0,-38.0,-76.0,-91.0,79.0,76.0,20.0,-171.0,-446.0
165.0,153.0,-29.0,-110.0,-116.0,152.0,110.0,-77.0,-188.0,-436.0
194.0,376.0,-18.0,-140.0,-139.0,153.0,128.0,-70.0,-187.0,-446.0
231.0,575.0,-20.0,-163.0,-155.0,103.0,120.0,-134.0,-180.0,-418.0
297.0,713.0,-35.0,-194.0,-160.0,177.0,99.0,73.0,-179.0,-389.0
307.0,779.0,-39.0,-196.0,-162.0,173.0,45.0,397.0,-181.0,-402.0
321.0,789.0,-30.0,-213.0,-160.0,227.0,12.0,628.0,-176.0,-401.0
363.0,763.0,-53.0,-211.0,-156.0,261.0,-18.0,814.0,-161.0,-365.0
386.0,716.0,-51.0,-191.0,-142.0,260.0,-5.0,421.0,-155.0,-343.0
378.0,649.0,-24.0,-184.0,-114.0,226.0,29.0,3.0,-134.0,-332.0
391.0,547.0,-26.0,-125.0,-75.0,128.0,24.0,-142.0,-92.0,-291.0
421.0,460.0,-7.0,-62.0,-32.0,167.0,11.0,75.0,-58.0,-216.0
420.0,467.0,15.0,-23.0,2.0,292.0,-18.0,349.0,-13.0,-159.0
416.0,522.0,41.0,13.0,20.0,322.0,-51.0,181.0,36.0,-107.0
409.0,475.0,100.0,41.0,22.0,218.0,-37.0,-101.0,70.0,-26.0
410.0,303.0,119.0,66.0,18.0,107.0,11.0,-454.0,102.0,57.0
415.0,90.0,178.0,85.0,12.0,190.0,37.0,-323.0,130.0,101.0
403.0,-112.0,231.0,106.0,3.0,258.0,11.0,84.0,151.0,138.0
373.0,-266.0,242.0,132.0,-6.0,189.0,-45.0,221.0,165.0,196.0
383.0,-342.0,303.0,162.0,-25.0,183.0,-56.0,474.0,166.0,211.0
389.0,-329.0,315.0,188.0,-53.0,173.0,-8.0,497.0,156.0,192.0
335.0,-216.0,339.0,194.0,-83.0,174.0,60.0,454.0,149.0,193.0
303.0,-37.0,351.0,209.0,-111.0,147.0,88.0,502.0,137.0,203.0
304.0,84.0,360.0,228.0,-135.0,191.0,62.0,465.0,131.0,183.0
260.0,75.0,388.0,237.0,-151.0,181.0,83.0,519.0,120.0,167.0
180.0,7.0,362.0,252.0,-155.0,66.0,180.0,404.0,101.0,215.0
153.0,-68.0,368.0,259.0,-149.0,168.0,185.0,332.0,100.0,274.0
124.0,-155.0,352.0,265.0,-144.0,220.0,42.0,303.0,89.0,296.0
74.0,-247.0,329.0,256.0,-144.0,290.0,-81.0,277.0,89.0,358.0
2.0,-304.0,311.0,214.0,-140.0,156.0,-127.0,208.0,88.0,445.0
-53.0,-314.0,276.0,184.0,-131.0,-40.0,-44.0,125.0,72.0,505.0
-72.0,-381.0,257.0,205.0,-118.0,58.0,141.0,319.0,59.0,559.0
-118.0,-498.0,213.0,201.0,-94.0,-56.0,199.0,341.0,35.0,611.0
-168.0,-530.0,180.0,181.0,-64.0,-56.0,48.0,230.0,9.0,654.0
-191.0,-430.0,155.0,168.0,-37.0,16.0,-135.0,46.0,-31.0,654.0
-152.0,-212.0,115.0,132.0,-18.0,89.0,-227.0,-88.0,-70.0,664.0
-153.0,61.0,75.0,130.0,-10.0,124.0,-112.0,-11.0,-105.0,689.0
-176.0,266.0,46.0,116.0,-4.0,-150.0,88.0,77.0,-148.0,685.0
-132.0,330.0,24.0,103.0,-4.0,-114.0,62.0,338.0,-169.0,678.0
-106.0,329.0,8.0,124.0,-11.0,54.0,-97.0,349.0,-182.0,678.0
-104.0,319.0,-12.0,178.0,-14.0,177.0,-218.0,266.0,-187.0,694.0
-97.0,236.0,-32.0,204.0,5.0,202.0,-225.0,277.0,-171.0,671.0
-73.0,89.0,-33.0,179.0,40.0,64.0,-62.0,188.0,-153.0,647.0
-56.0,-17.0,-46.0,209.0,74.0,89.0,162.0,184.0,-137.0,644.0
-44.0,-36.0,-43.0,223.0,100.0,-17.0,150.0,121.0,-114.0,608.0
-14.0,-29.0,-35.0,242.0,115.0,60.0,-185.0,188.0,-100.0,558.0
6.0,-142.0,-41.0,303.0,113.0,279.0,-439.0,136.0,-90.0,496.0
15.0,-438.0,-26.0,324.0,91.0,280.0,-278.0,51.0,-60.0,449.0
40.0,-787.0,-22.0,332.0,64.0,250.0,98.0,219.0,-33.0,379.0
65.0,-1010.0,-11.0,354.0,52.0,107.0,231.0,227.0,-13.0,297.0
58.0,-1039.0,11.0,377.0,58.0,102.0,55.0,188.0,8.0,245.0
60.0,-937.0,6.0,401.0,69.0,131.0,-183.0,-123.0,12.0,194.0
71.0,-749.0,36.0,423.0,70.0,231.0,-228.0,-473.0,3.0,157.0
79.0,-484.0,59.0,438.0,63.0,375.0,-44.0,-430.0,-6.0,123.0
83.0,-224.0,72.0,430.0,55.0,260.0,148.0,-219.0,-25.0,104.0
81.0,-61.0,112.0,381.0,48.0,196.0,193.0,59.0,-50.0,79.0
107.0,-61.0,126.0,325.0,36.0,180.0,-72.0,105.0,-73.0,26.0
137.0,-176.0,167.0,276.0,24.0,273.0,-402.0,-38.0,-94.0,-25.0
145.0,-304.0,191.0,226.0,21.0,327.0,-345.0,-168.0,-90.0,-55.0
159.0,-423.0,216.0,182.0,32.0,211.0,104.0,-133.0,-85.0,-108.0
178.0,-475.0,268.0,136.0,49.0,249.0,481.0,-181.0,-81.0,-193.0
203.0,-366.0,287.0,82.0,65.0,254.0,263.0,-214.0,-68.0,-255.0
208.0,-134.0,307.0,16.0,70.0,210.0,-216.0,203.0,-60.0,-332.0
196.0,112.0,327.0,-48.0,59.0,206.0,-394.0,408.0,-39.0,-417.0
206.0,342.0,330.0,-128.0,40.0,319.0,-227.0,493.0,-16.0,-515.0
208.0,532.0,323.0,-202.0,27.0,519.0,105.0,558.0,30.0,-591.0
204.0,726.0,315.0,-262.0,30.0,490.0,325.0,509.0,97.0,-655.0
188.0,1000.0,306.0,-326.0,33.0,343.0,191.0,692.0,150.0,-728.0
177.0,1259.0,291.0,-354.0,29.0,212.0,-144.0,604.0,198.0,-758.0
173.0,1441.0,273.0,-374.0,16.0,260.0,-349.0,238.0,241.0,-768.0
144.0,1583.0,232.0,-400.0,0.0,404.0,-299.0,-171.0,274.0,-747.0
132.0,1626.0,195.0,-383.0,-11.0,496.0,-46.0,-291.0,289.0,-715.0
112.0,1508.0,161.0,-339.0,-13.0,566.0,6.0,-120.0,290.0,-656.0
94.0,1296.0,140.0,-297.0,-5.0,375.0,-279.0,51.0,273.0,-576.0
75.0,1058.0,117.0,-262.0,0.0,323.0,-488.0,349.0,244.0,-502.0
44.0,808.0,88.0,-232.0,-6.0,449.0,-324.0,279.0,208.0,-411.0
31.0,542.0,70.0,-211.0,-12.0,513.0,42.0,133.0,169.0,-311.0
3.0,253.0,59.0,-207.0,-16.0,586.0,134.0,134.0,146.0,-222.0
-9.0,7.0,62.0,-190.0,-16.0,534.0,-122.0,110.0,126.0,-164.0
-13.0,-122.0,47.0,-176.0,-11.0,613.0,-414.0,236.0,107.0,-105.0
-17.0,-168.0,57.0,-158.0,-6.0,587.0,-577.0,275.0,94.0,-53.0
-26.0,-146.0,53.0,-80.0,-3.0,473.0,-486.0,465.0,76.0,-23.0
-23.0,-14.0,41.0,-43.0,-6.0,565.0,-99.0,637.0,48.0,-13.0
-9.0,141.0,47.0,-20.0,-13.0,687.0,105.0,698.0,27.0,5.0
-8.0,184.0,33.0,35.0,-13.0,727.0,-113.0,594.0,-2.0,35.0
21.0,125.0,27.0,53.0,-11.0,534.0,-459.0,306.0,-51.0,48.0
48.0,-5.0,24.0,90.0,-18.0,517.0,-657.0,134.0,-91.0,52.0
54.0,-186.0,19.0,119.0,-30.0,682.0,-483.0,-86.0,-146.0,63.0
51.0,-315.0,0.0,144.0,-27.0,755.0,-52.0,59.0,-201.0,77.0
61.0,-300.0,7.0,142.0,1.0,748.0,163.0,214.0,-255.0,73.0
65.0,-183.0,-13.0,132.0,42.0,682.0,-96.0,275.0,-320.0,83.0
54.0,-60.0,-45.0,158.0,74.0,727.0,-565.0,522.0,-372.0,105.0
41.0,-1.0,-31.0,156.0,103.0,665.0,-722.0,339.0,-433.0,121.0
41.0,-97.0,-44.0,187.0,130.0,590.0,-367.0,48.0,-472.0,120.0
51.0,-318.0,-45.0,225.0,141.0,702.0,49.0,-116.0,-504.0,115.0
43.0,-424.0,-38.0,214.0,132.0,810.0,39.0,40.0,-524.0,138.0
56.0,-274.0,-27.0,176.0,114.0,765.0,-336.0,395.0,-532.0,134.0
66.0,-55.0,-19.0,166.0,102.0,595.0,-584.0,572.0,-554.0,128.0
81.0,46.0,-8.0,169.0,97.0,580.0,-385.0,744.0,-554.0,153.0
76.0,80.0,0.0,167.0,96.0,692.0,-80.0,652.0,-552.0,191.0
65.0,135.0,20.0,206.0,87.0,722.0,-70.0,452.0,-539.0,224.0
89.0,203.0,39.0,238.0,62.0,771.0,-278.0,352.0,-504.0,240.0
85.0,247.0,43.0,235.0,30.0,651.0,-313.0,428.0,-451.0,273.0
68.0,290.0,87.0,227.0,-2.0,392.0,-43.0,574.0,-380.0,300.0
56.0,312.0,87.0,228.0,-31.0,402.0,224.0,393.0,-294.0,310.0
61.0,259.0,104.0,231.0,-47.0,571.0,177.0,160.0,-196.0,333.0
56.0,180.0,130.0,216.0,-51.0,752.0,-129.0,29.0,-97.0,374.0
50.0,150.0,122.0,197.0,-42.0,684.0,-346.0,142.0,18.0,406.0
39.0,194.0,143.0,184.0,-21.0,549.0,-279.0,489.0,119.0,440.0
46.0,336.0,123.0,142.0,0.0,554.0,-23.0,722.0,207.0,492.0
54.0,490.0,124.0,69.0,12.0,489.0,105.0,792.0,278.0,537.0
44.0,473.0,126.0,4.0,12.0,552.0,-25.0,672.0,326.0,547.0
49.0,268.0,92.0,-41.0,7.0,493.0,-223.0,646.0,399.0,564.0
55.0,7.0,95.0,-97.0,6.0,418.0,-235.0,642.0,450.0,598.0
81.0,-218.0,83.0,-134.0,13.0,452.0,-67.0,543.0,495.0,587.0
89.0,-367.0,61.0,-152.0,32.0,479.0,49.0,526.0,545.0,583.0
108.0,-435.0,44.0,-164.0,61.0,574.0,23.0,437.0,583.0,604.0
155.0,-471.0,23.0,-159.0,93.0,427.0,-96.0,412.0,610.0,605.0
178.0,-440.0,12.0,-148.0,115.0,252.0,-130.0,229.0,612.0,587.0
210.0,-248.0,-9.0,-89.0,126.0,210.0,-34.0,-12.0,613.0,579.0
249.0,65.0,-27.0,-70.0,129.0,320.0,54.0,-12.0,595.0,579.0
276.0,337.0,-52.0,-85.0,134.0,390.0,30.0,123.0,574.0,546.0
295.0,418.0,-74.0,-79.0,139.0,242.0,-73.0,378.0,567.0,500.0
319.0,303.0,-74.0,-74.0,133.0,244.0,-176.0,330.0,549.0,469.0
328.0,80.0,-96.0,-31.0,122.0,244.0,-246.0,319.0,520.0,443.0
318.0,-165.0,-95.0,0.0,113.0,177.0,-129.0,369.0,474.0,411.0
330.0,-413.0,-112.0,37.0,115.0,110.0,109.0,365.0,436.0,385.0
339.0,-618.0,-138.0,105.0,124.0,260.0,165.0,637.0,406.0,362.0
329.0,-638.0,-139.0,164.0,124.0,498.0,-76.0,737.0,386.0,327.0
315.0,-436.0,-151.0,229.0,116.0,321.0,-426.0,705.0,377.0,289.0
307.0,-104.0,-147.0,289.0,93.0,185.0,-526.0,406.0,369.0,260.0
275.0,226.0,-149.0,349.0,60.0,257.0,-186.0,-16.0,356.0,245.0
216.0,463.0,-150.0,387.0,25.0,345.0,294.0,-125.0,348.0,231.0
180.0,586.0,-137.0,413.0,-12.0,252.0,262.0,-36.0,333.0,198.0
129.0,544.0,-127.0,453.0,-60.0,85.0,-282.0,347.0,312.0,173.0
85.0,345.0,-132.0,474.0,-100.0,238.0,-646.0,648.0,316.0,148.0
43.0,103.0,-112.0,469.0,-123.0,317.0,-441.0,652.0,305.0,105.0
-12.0,-113.0,-93.0,446.0,-136.0,147.0,77.0,291.0,305.0,63.0
-54.0,-260.0,-106.0,429.0,-135.0,15.0,253.0,-114.0,322.0,30.0
-103.0,-239.0,-81.0,422.0,-128.0,102.0,-168.0,-123.0,324.0,0.0
-138.0,-85.0,-72.0,423.0,-129.0,324.0,-643.0,-62.0,325.0,-60.0
-187.0,15.0,-83.0,425.0,-140.0,411.0,-595.0,35.0,302.0,-110.0
-206.0,-12.0,-72.0,435.0,-147.0,390.0,-52.0,140.0,282.0,-145.0
-221.0,-118.0,-76.0,462.0,-138.0,346.0,413.0,378.0,246.0,-193.0
-263.0,-251.0,-80.0,488.0,-109.0,366.0,288.0,580.0,184.0,-234.0
-277.0,-352.0,-86.0,485.0,-76.0,450.0,-226.0,611.0,110.0,-259.0
-295.0,-369.0,-101.0,419.0,-57.0,446.0,-560.0,779.0,19.0,-266.0
-307.0,-330.0,-106.0,347.0,-49.0,400.0,-458.0,792.0,-65.0,-296.0
-332.0,-255.0,-121.0,281.0,-41.0,284.0,-123.0,670.0,-151.0,-341.0
-332.0,-121.0,-124.0,213.0,-26.0,270.0,112.0,240.0,-224.0,-359.0
-325.0,34.0,-135.0,169.0,-17.0,407.0,104.0,-253.0,-273.0,-388.0
-344.0,174.0,-123.0,130.0,-11.0,371.0,-123.0,-430.0,-319.0,-462.0
-342.0,308.0,-105.0,103.0,-9.0,302.0,-358.0,-519.0,-355.0,-517.0
-329.0,437.0,-110.0,76.0,-21.0,348.0,-411.0,-134.0,-384.0,-544.0
-310.0,557.0,-78.0,12.0,-34.0,486.0,-270.0,306.0,-414.0,-585.0
-314.0,645.0,-58.0,-49.0,-33.0,473.0,-115.0,532.0,-456.0,-616.0
-311.0,638.0,-21.0,-65.0,-27.0,364.0,-89.0,591.0,-505.0,-617.0
-295.0,522.0,-7.0,-100.0,-24.0,482.0,-120.0,218.0,-546.0,-598.0
-283.0,359.0,38.0,-145.0,-19.0,597.0,-189.0,-40.0,-582.0,-607.0
-286.0,188.0,105.0,-154.0,-1.0,684.0,-179.0,5.0,-617.0,-628.0
-276.0,22.0,93.0,-164.0,22.0,588.0,-42.0,417.0,-635.0,-603.0
-237.0,-133.0,166.0,-149.0,30.0,469.0,12.0,770.0,-632.0,-598.0
-220.0,-227.0,201.0,-143.0,23.0,468.0,-23.0,722.0,-608.0,-605.0
-188.0,-150.0,203.0,-145.0,23.0,403.0,-76.0,618.0,-554.0,-592.0
-169.0,90.0,255.0,-146.0,34.0,500.0,-162.0,367.0,-507.0,-573.0
-146.0,331.0,240.0,-149.0,44.0,548.0,-172.0,297.0,-454.0,-539.0
-125.0,434.0,269.0,-141.0,46.0,580.0,4.0,282.0,-399.0,-525.0
-114.0,379.0,313.0,-136.0,41.0,526.0,207.0,145.0,-363.0,-463.0
-79.0,239.0,324.0,-105.0,35.0,467.0,183.0,49.0,-323.0,-394.0
-54.0,120.0,359.0,-82.0,28.0,426.0,15.0,-107.0,-283.0,-360.0
-6.0,54.0,377.0,-82.0,12.0,283.0,-54.0,-25.0,-233.0,-305.0
9.0,40.0,401.0,-79.0,0.0,403.0,-23.0,216.0,-175.0,-241.0
25.0,112.0,412.0,-62.0,-4.0,399.0,40.0,515.0,-90.0,-173.0
46.0,265.0,419.0,-48.0,-4.0,400.0,168.0,667.0,14.0,-137.0
24.0,453.0,434.0,-31.0,-4.0,356.0,294.0,489.0,126.0,-84.0
12.0,641.0,425.0,-14.0,-1.0,302.0,272.0,166.0,242.0,-26.0
4.0,802.0,405.0,23.0,7.0,431.0,121.0,-138.0,344.0,-11.0
9.0,874.0,377.0,78.0,14.0,271.0,50.0,-136.0,442.0,14.0
0.0,817.0,360.0,110.0,15.0,182.0,144.0,-121.0,512.0,47.0
-1.0,697.0,324.0,138.0,11.0,177.0,277.0,-5.0,572.0,71.0
-10.0,550.0,299.0,151.0,7.0,298.0,302.0,293.0,609.0,74.0
-39.0,315.0,282.0,138.0,12.0,317.0,196.0,480.0,651.0,64.0
-50.0,-37.0,234.0,113.0,29.0,139.0,56.0,589.0,708.0,63.0
-69.0,-393.0,220.0,57.0,59.0,239.0,-34.0,465.0,746.0,50.0
-82.0,-597.0,202.0,7.0,89.0,323.0,-5.0,415.0,777.0,8.0
-80.0,-645.0,181.0,1.0,101.0,331.0,127.0,251.0,794.0,-11.0
-79.0,-629.0,159.0,-7.0,90.0,215.0,230.0,92.0,800.0,-21.0
-94.0,-594.0,139.0,-3.0,64.0,214.0,208.0,260.0,781.0,-45.0
-94.0,-520.0,132.0,-3.0,42.0,245.0,61.0,448.0,743.0,-54.0
-89.0,-395.0,113.0,-5.0,34.0,77.0,-45.0,631.0,692.0,-35.0
-105.0,-293.0,111.0,-6.0,38.0,116.0,27.0,229.0,639.0,-10.0
-103.0,-287.0,104.0,-12.0,56.0,176.0,99.0,-90.0,575.0,-8.0
-88.0,-413.0,106.0,13.0,74.0,225.0,35.0,99.0,495.0,14.0
-88.0,-627.0,109.0,41.0,79.0,179.0,-75.0,279.0,426.0,58.0
-93.0,-745.0,116.0,86.0,75.0,68.0,-82.0,569.0,343.0,89.0
-80.0,-659.0,121.0,128.0,61.0,83.0,31.0,448.0,257.0,125.0
-87.0,-450.0,120.0,169.0,41.0,-10.0,118.0,243.0,172.0,186.0
-105.0,-208.0,164.0,224.0,15.0,-61.0,127.0,105.0,89.0,273.0
-100.0,11.0,150.0,237.0,-8.0,-55.0,81.0,-29.0,23.0,360.0
-98.0,88.0,172.0,238.0,-14.0,-56.0,62.0,151.0,-31.0,435.0
-109.0,25.0,206.0,247.0,-1.0,-146.0,52.0,236.0,-76.0,510.0
-108.0,-3.0,174.0,240.0,28.0,-259.0,9.0,218.0,-114.0,570.0
-96.0,111.0,231.0,239.0,67.0,-150.0,-43.0,18.0,-144.0,599.0
-93.0,360.0,230.0,254.0,97.0,-124.0,-41.0,-155.0,-167.0,618.0
-68.0,610.0,229.0,290.0,106.0,-189.0,112.0,-55.0,-187.0,610.0
-54.0,681.0,270.0,323.0,111.0,-196.0,224.0,164.0,-203.0,578.0
-54.0,531.0,247.0,355.0,118.0,-172.0,149.0,347.0,-204.0,523.0
-36.0,326.0,267.0,409.0,121.0,-143.0,0.0,218.0,-198.0,457.0
-20.0,230.0,261.0,448.0,123.0,-137.0,-94.0,-12.0,-185.0,402.0
-9.0,191.0,236.0,470.0,128.0,-85.0,-22.0,-319.0,-154.0,312.0
-9.0,117.0,248.0,496.0,135.0,-137.0,171.0,-502.0,-117.0,215.0
0.0,54.0,249.0,494.0,139.0,-225.0,261.0,-356.0,-94.0,130.0
20.0,62.0,252.0,477.0,145.0,-197.0,128.0,-238.0,-87.0,25.0
48.0,49.0,267.0,472.0,158.0,-118.0,-83.0,-182.0,-85.0,-67.0
43.0,-68.0,284.0,442.0,166.0,-145.0,-103.0,-238.0,-84.0,-147.0
30.0,-234.0,293.0,403.0,149.0,-237.0,68.0,-134.0,-81.0,-226.0
23.0,-305.0,309.0,342.0,110.0,-181.0,123.0,158.0,-72.0,-289.0
14.0,-251.0,319.0,291.0,62.0,-154.0,-16.0,432.0,-47.0,-343.0
-11.0,-182.0,313.0,256.0,22.0,-193.0,-136.0,633.0,-7.0,-384.0
-51.0,-91.0,291.0,199.0,-4.0,-235.0,-110.0,574.0,27.0,-400.0
-37.0,96.0,284.0,179.0,-23.0,-200.0,49.0,502.0,57.0,-410.0
-35.0,337.0,260.0,176.0,-39.0,-139.0,236.0,125.0,79.0,-405.0
-58.0,486.0,224.0,183.0,-54.0,-173.0,320.0,-73.0,80.0,-385.0
-80.0,478.0,213.0,176.0,-66.0,-120.0,307.0,140.0,66.0,-366.0
-69.0,387.0,161.0,156.0,-72.0,-78.0,191.0,155.0,66.0,-366.0
-85.0,313.0,131.0,180.0,-76.0,-73.0,57.0,391.0,70.0,-357.0
-136.0,328.0,94.0,225.0,-79.0,-224.0,41.0,360.0,45.0,-351.0
-155.0,422.0,39.0,233.0,-76.0,-313.0,122.0,88.0,22.0,-370.0
-161.0,472.0,20.0,216.0,-64.0,-146.0,285.0,-62.0,14.0,-360.0
-174.0,407.0,-30.0,256.0,-40.0,-123.0,387.0,-181.0,8.0,-340.0
-220.0,282.0,-71.0,278.0,-6.0,-171.0,345.0,-3.0,3.0,-328.0
-224.0,161.0,-103.0,252.0,19.0,-203.0,217.0,129.0,2.0,-324.0
-223.0,79.0,-140.0,243.0,31.0,-96.0,160.0,301.0,19.0,-322.0
-237.0,92.0,-169.0,214.0,28.0,-81.0,326.0,282.0,54.0,-303.0
-260.0,243.0,-181.0,222.0,18.0,-141.0,528.0,48.0,99.0,-293.0
-252.0,423.0,-195.0,214.0,6.0,-33.0,570.0,-36.0,143.0,-288.0
-222.0,484.0,-210.0,145.0,-2.0,-77.0,410.0,-49.0,201.0,-267.0
-229.0,410.0,-205.0,146.0,-6.0,-57.0,259.0,109.0,258.0,-199.0
-196.0,272.0,-221.0,133.0,-11.0,-64.0,347.0,279.0,299.0,-123.0
-170.0,124.0,-217.0,114.0,-20.0,-92.0,574.0,428.0,327.0,-63.0
-138.0,-15.0,-246.0,132.0,-40.0,-41.0,721.0,279.0,330.0,11.0
-120.0,-118.0,-269.0,130.0,-70.0,-80.0,642.0,11.0,325.0,72.0
-87.0,-179.0,-272.0,158.0,-95.0,-8.0,400.0,12.0,329.0,106.0
-35.0,-203.0,-304.0,224.0,-104.0,33.0,204.0,-55.0,343.0,120.0
-2.0,-215.0,-306.0,299.0,-95.0,-21.0,236.0,-20.0,349.0,141.0
49.0,-235.0,-329.0,349.0,-78.0,-132.0,459.0,-36.0,324.0,144.0
77.0,-305.0,-335.0,384.0,-72.0,-116.0,632.0,-149.0,292.0,127.0
110.0,-484.0,-337.0,391.0,-84.0,-27.0,574.0,-173.0,242.0,134.0
128.0,-680.0,-346.0,370.0,-106.0,-123.0,339.0,-192.0,163.0,140.0
132.0,-793.0,-331.0,338.0,-127.0,-143.0,186.0,27.0,100.0,133.0
156.0,-845.0,-320.0,273.0,-137.0,-123.0,234.0,145.0,37.0,129.0
170.0,-809.0,-310.0,237.0,-134.0,-101.0,395.0,75.0,-25.0,146.0
169.0,-605.0,-275.0,187.0,-135.0,-162.0,514.0,-90.0,-79.0,141.0
183.0,-299.0,-237.0,120.0,-140.0,-299.0,457.0,-236.0,-125.0,115.0
193.0,-80.0,-183.0,88.0,-138.0,-286.0,307.0,-99.0,-173.0,101.0
169.0,46.0,-112.0,41.0,-125.0,-340.0,213.0,-16.0,-234.0,95.0
162.0,159.0,-83.0,0.0,-102.0,-306.0,197.0,94.0,-264.0,67.0
192.0,200.0,-9.0,-41.0,-78.0,-191.0,246.0,42.0,-296.0,5.0
172.0,167.0,43.0,-93.0,-62.0,-193.0,320.0,-92.0,-331.0,-16.0
140.0,177.0,94.0,-143.0,-55.0,-286.0,339.0,-88.0,-348.0,-37.0
155.0,252.0,163.0,-186.0,-54.0,-418.0,263.0,-310.0,-375.0,-84.0
147.0,287.0,211.0,-232.0,-57.0,-337.0,168.0,-356.0,-382.0,-100.0
142.0,275.0,262.0,-266.0,-52.0,-340.0,211.0,-260.0,-383.0,-93.0
103.0,234.0,286.0,-280.0,-32.0,-386.0,370.0,-134.0,-384.0,-101.0
86.0,97.0,346.0,-287.0,-10.0,-395.0,390.0,-57.0,-371.0,-127.0
100.0,-79.0,353.0,-284.0,8.0,-398.0,206.0,-168.0,-343.0,-142.0
67.0,-168.0,378.0,-303.0,17.0,-356.0,9.0,-158.0,-300.0,-175.0
28.0,-174.0,409.0,-317.0,29.0,-498.0,37.0,-110.0,-253.0,-224.0
-2.0,-153.0,407.0,-306.0,54.0,-496.0,263.0,116.0,-201.0,-274.0
-2.0,-102.0,440.0,-280.0,86.0,-468.0,455.0,162.0,-158.0,-307.0
-55.0,-28.0,411.0,-250.0,111.0,-440.0,442.0,-5.0,-126.0,-321.0
-125.0,12.0,401.0,-213.0,119.0,-376.0,240.0,-142.0,-98.0,-356.0
-146.0,19.0,391.0,-200.0,108.0,-337.0,137.0,-424.0,-84.0,-375.0
-161.0,39.0,345.0,-197.0,92.0,-251.0,201.0,-182.0,-80.0,-347.0
-217.0,38.0,312.0,-182.0,93.0,-375.0,246.0,164.0,-64.0,-321.0
-270.0,-21.0,276.0,-177.0,104.0,-344.0,233.0,284.0,-39.0,-291.0
-292.0,-67.0,251.0,-117.0,114.0,-236.0,229.0,260.0,-15.0,-234.0
-309.0,-98.0,209.0,-41.0,112.0,-218.0,262.0,-49.0,9.0,-159.0
-315.0,-189.0,170.0,0.0,103.0,-214.0,302.0,-195.0,40.0,-90.0
-367.0,-315.0,159.0,72.0,99.0,-233.0,324.0,-460.0,82.0,-35.0
-373.0,-387.0,112.0,169.0,92.0,-164.0,317.0,-561.0,126.0,36.0
-339.0,-354.0,68.0,266.0,88.0,-200.0,299.0,-399.0,171.0,88.0
-342.0,-209.0,44.0,346.0,91.0,-217.0,265.0,-232.0,212.0,121.0
-348.0,36.0,9.0,379.0,101.0,-208.0,193.0,-38.0,242.0,149.0
-317.0,295.0,-6.0,429.0,107.0,-178.0,165.0,-38.0,282.0,179.0
-253.0,463.0,-40.0,456.0,99.0,-159.0,250.0,-140.0,304.0,218.0
-231.0,584.0,-57.0,442.0,86.0,-221.0,314.0,-306.0,311.0,250.0
-198.0,716.0,-80.0,465.0,78.0,-177.0,292.0,-216.0,324.0,289.0
-145.0,878.0,-90.0,478.0,75.0,-174.0,311.0,-118.0,319.0,344.0
-109.0,1069.0,-113.0,480.0,71.0,-225.0,335.0,-57.0,305.0,404.0
-56.0,1177.0,-136.0,449.0,59.0,-212.0,290.0,25.0,288.0,428.0
-18.0,1126.0,-132.0,412.0,38.0,-107.0,246.0,-280.0,274.0,462.0
0.0,958.0,-173.0,384.0,9.0,-91.0,204.0,-450.0,262.0,478.0
34.0,727.0,-174.0,346.0,-18.0,-278.0,115.0,-363.0,243.0,453.0
69.0,466.0,-180.0,316.0,-41.0,-281.0,76.0,-49.0,236.0,448.0
70.0,201.0,-183.0,310.0,-58.0,-146.0,208.0,242.0,239.0,424.0
64.0,-3.0,-177.0,316.0,-76.0,-98.0,360.0,133.0,242.0,380.0
63.0,-123.0,-181.0,313.0,-97.0,-65.0,359.0,33.0,242.0,306.0
65.0,-244.0,-165.0,305.0,-115.0,-113.0,239.0,-157.0,241.0,229.0
67.0,-460.0,-178.0,286.0,-127.0,-168.0,130.0,-314.0,223.0,175.0
55.0,-714.0,-193.0,272.0,-127.0,-186.0,133.0,-229.0,191.0,103.0
40.0,-852.0,-201.0,224.0,-120.0,-194.0,155.0,-151.0,171.0,27.0
25.0,-839.0,-208.0,193.0,-107.0,-189.0,133.0,-66.0,146.0,-33.0
11.0,-694.0,-220.0,174.0,-85.0,-154.0,105.0,-144.0,128.0,-97.0
-20.0,-458.0,-222.0,143.0,-64.0,-110.0,95.0,-341.0,115.0,-170.0
-65.0,-227.0,-229.0,148.0,-43.0,-124.0,116.0,-491.0,98.0,-226.0
-76.0,-41.0,-232.0,138.0,-14.0,-100.0,142.0,-460.0,81.0,-262.0
-96.0,77.0,-235.0,137.0,20.0,-152.0,142.0,-291.0,53.0,-280.0
-146.0,99.0,-236.0,140.0,50.0,-212.0,182.0,-175.0,27.0,-288.0
-182.0,-11.0,-224.0,152.0,76.0,-310.0,259.0,-49.0,-5.0,-298.0
-208.0,-201.0,-246.0,181.0,94.0,-425.0,257.0,-5.0,-48.0,-295.0
-231.0,-352.0,-219.0,218.0,99.0,-396.0,162.0,166.0,-90.0,-300.0
-266.0,-418.0,-206.0,265.0,91.0,-402.0,75.0,208.0,-142.0,-332.0
-287.0,-417.0,-235.0,295.0,73.0,-331.0,40.0,136.0,-192.0,-343.0
-290.0,-340.0,-213.0,305.0,50.0,-421.0,-3.0,230.0,-238.0,-347.0
-299.0,-231.0,-228.0,328.0,20.0,-490.0,-33.0,-49.0,-279.0,-370.0
-306.0,-191.0,-225.0,370.0,-10.0,-342.0,29.0,-227.0,-307.0,-375.0
-314.0,-191.0,-221.0,367.0,-18.0,-334.0,145.0,-232.0,-315.0,-369.0
-320.0,-145.0,-237.0,319.0,3.0,-392.0,216.0,-269.0,-302.0,-366.0
-320.0,-3.0,-228.0,270.0,32.0,-480.0,225.0,-55.0,-269.0,-376.0
-311.0,202.0,-236.0,205.0,41.0,-414.0,190.0,20.0,-250.0,-376.0
-298.0,370.0,-240.0,114.0,23.0,-371.0,93.0,0.0,-234.0,-363.0
-315.0,433.0,-270.0,29.0,-7.0,-367.0,9.0,-160.0,-197.0,-373.0
-306.0,404.0,-255.0,-36.0,-39.0,-317.0,9.0,-315.0,-161.0,-381.0
-278.0,359.0,-261.0,-96.0,-73.0,-319.0,84.0,-347.0,-117.0,-366.0
-289.0,319.0,-282.0,-172.0,-102.0,-221.0,165.0,-258.0,-62.0,-361.0
-271.0,290.0,-243.0,-242.0,-113.0,-220.0,174.0,11.0,-5.0,-365.0
-247.0,299.0,-250.0,-290.0,-103.0,-221.0,90.0,164.0,56.0,-359.0
-210.0,309.0,-234.0,-349.0,-83.0,-244.0,-10.0,118.0,114.0,-332.0
-198.0,266.0,-207.0,-397.0,-65.0,-240.0,2.0,-271.0,164.0,-304.0
-170.0,210.0,-189.0,-388.0,-51.0,-181.0,146.0,-526.0,198.0,-274.0
-124.0,212.0,-158.0,-344.0,-38.0,-279.0,296.0,-515.0,210.0,-231.0
-109.0,280.0,-139.0,-304.0,-30.0,-200.0,287.0,-304.0,197.0,-211.0
-76.0,338.0,-105.0,-276.0,-33.0,-156.0,93.0,186.0,173.0,-200.0
-71.0,295.0,-76.0,-265.0,-42.0,-148.0,-82.0,212.0,155.0,-197.0
-41.0,191.0,-53.0,-207.0,-40.0,-86.0,4.0,14.0,130.0,-194.0
-23.0,121.0,-43.0,-146.0,-22.0,-177.0,267.0,-160.0,105.0,-202.0
-23.0,50.0,-16.0,-120.0,2.0,-231.0,344.0,-267.0,87.0,-240.0
-15.0,-91.0,-7.0,-55.0,28.0,-342.0,155.0,-46.0,72.0,-274.0
4.0,-259.0,-19.0,-11.0,46.0,-377.0,-24.0,157.0,49.0,-302.0
23.0,-433.0,8.0,5.0,40.0,-384.0,-4.0,362.0,18.0,-343.0
27.0,-642.0,12.0,25.0,11.0,-383.0,138.0,229.0,-10.0,-389.0
39.0,-831.0,29.0,78.0,-11.0,-440.0,240.0,-7.0,-44.0,-422.0
23.0,-912.0,33.0,118.0,-12.0,-555.0,219.0,-44.0,-76.0,-439.0
29.0,-865.0,50.0,117.0,7.0,-417.0,90.0,-107.0,-95.0,-448.0
-9.0,-717.0,89.0,127.0,32.0,-390.0,-51.0,5.0,-114.0,-438.0
-14.0,-534.0,80.0,141.0,44.0,-371.0,-75.0,-96.0,-110.0,-409.0
4.0,-394.0,115.0,161.0,43.0,-450.0,65.0,-149.0,-82.0,-374.0
-6.0,-315.0,126.0,133.0,27.0,-608.0,227.0,-177.0,-48.0,-328.0
7.0,-214.0,130.0,129.0,-1.0,-614.0,308.0,-303.0,-14.0,-267.0
0.0,-40.0,150.0,128.0,-29.0,-659.0,269.0,-216.0,1.0,-181.0
20.0,139.0,143.0,100.0,-52.0,-542.0,127.0,-214.0,0.0,-91.0
9.0,276.0,170.0,92.0,-69.0,-534.0,96.0,-142.0,-30.0,-12.0
-7.0,392.0,175.0,80.0,-77.0,-519.0,210.0,-197.0,-48.0,94.0
-8.0,520.0,174.0,67.0,-75.0,-440.0,227.0,-267.0,-68.0,195.0
0.0,651.0,191.0,31.0,-67.0,-415.0,25.0,-310.0,-82.0,279.0
32.0,709.0,209.0,3.0,-62.0,-455.0,-213.0,-356.0,-58.0,352.0
56.0,650.0,208.0,-29.0,-51.0,-639.0,-152.0,-195.0,-92.0,411.0
64.0,492.0,220.0,-65.0,-35.0,-568.0,209.0,-243.0,-160.0,457.0
56.0,243.0,244.0,-76.0,-15.0,-489.0,504.0,-84.0,-165.0,457.0
79.0,-41.0,232.0,-97.0,6.0,-410.0,460.0,35.0,-113.0,440.0
97.0,-271.0,257.0,-141.0,24.0,-375.0,188.0,-12.0,-99.0,414.0
114.0,-434.0,269.0,-166.0,35.0,-443.0,7.0,16.0,-111.0,378.0
118.0,-492.0,255.0,-200.0,38.0,-366.0,58.0,-210.0,-44.0,377.0
127.0,-352.0,248.0,-208.0,35.0,-396.0,222.0,-155.0,-4.0,417.0
139.0,-79.0,232.0,-185.0,33.0,-296.0,285.0,-9.0,-8.0,460.0
134.0,184.0,237.0,-187.0,35.0,-212.0,191.0,0.0,28.0,493.0
150.0,397.0,219.0,-137.0,37.0,-323.0,123.0,-140.0,16.0,518.0
159.0,550.0,207.0,-149.0,34.0,-454.0,176.0,-443.0,3.0,534.0
196.0,599.0,191.0,-169.0,31.0,-541.0,255.0,-528.0,91.0,531.0
208.0,523.0,155.0,-117.0,29.0,-429.0,247.0,-528.0,170.0,521.0
213.0,337.0,132.0,-118.0,19.0,-450.0,118.0,-347.0,141.0,534.0
258.0,139.0,71.0,-109.0,-15.0,-461.0,10.0,-227.0,69.0,561.0
294.0,69.0,25.0,-100.0,-67.0,-390.0,62.0,-184.0,60.0,563.0
303.0,96.0,-16.0,-78.0,-122.0,-361.0,235.0,-184.0,40.0,554.0
249.0,93.0,-79.0,-21.0,-179.0,-361.0,328.0,-249.0,14.0,560.0
258.0,59.0,-123.0,4.0,-236.0,-460.0,263.0,-84.0,17.0,550.0
274.0,64.0,-186.0,30.0,-274.0,-401.0,224.0,-114.0,4.0,524.0
212.0,61.0,-207.0,93.0,-271.0,-433.0,274.0,-38.0,-14.0,493.0
196.0,-31.0,-259.0,132.0,-232.0,-440.0,336.0,68.0,-85.0,471.0
184.0,-211.0,-324.0,176.0,-182.0,-432.0,402.0,-88.0,-159.0,447.0
160.0,-406.0,-350.0,277.0,-144.0,-518.0,390.0,-164.0,-210.0,415.0
114.0,-475.0,-432.0,334.0,-116.0,-405.0,255.0,-360.0,-239.0,416.0
89.0,-369.0,-485.0,392.0,-84.0,-405.0,136.0,-362.0,-197.0,418.0
100.0,-203.0,-541.0,460.0,-54.0,-422.0,163.0,-264.0,-149.0,392.0
79.0,-100.0,-591.0,467.0,-32.0,-473.0,335.0,-197.0,-152.0,364.0
26.0,-73.0,-624.0,498.0,-19.0,-501.0,439.0,-133.0,-185.0,356.0
-38.0,-76.0,-677.0,510.0,-4.0,-408.0,369.0,-164.0,-202.0,328.0
-78.0,-98.0,-701.0,469.0,13.0,-363.0,208.0,25.0,-220.0,248.0
-132.0,-93.0,-735.0,461.0,18.0,-301.0,84.0,-16.0,-218.0,182.0
-177.0,-32.0,-761.0,449.0,15.0,-454.0,118.0,-81.0,-163.0,98.0
-226.0,84.0,-791.0,397.0,9.0,-456.0,266.0,-53.0,-97.0,-14.0
-227.0,195.0,-802.0,360.0,3.0,-342.0,402.0,-42.0,-24.0,-93.0
-217.0,199.0,-800.0,315.0,3.0,-365.0,344.0,184.0,-10.0,-140.0
-250.0,113.0,-799.0,269.0,9.0,-357.0,138.0,181.0,-54.0,-175.0
-237.0,23.0,-762.0,219.0,25.0,-417.0,30.0,192.0,-51.0,-219.0
-226.0,-29.0,-726.0,146.0,41.0,-233.0,103.0,127.0,-47.0,-236.0
-209.0,-41.0,-680.0,92.0,45.0,-133.0,236.0,-18.0,-38.0,-224.0
-215.0,-11.0,-627.0,22.0,34.0,-194.0,223.0,46.0,25.0,-247.0
-189.0,49.0,-575.0,-42.0,12.0,-162.0,66.0,36.0,75.0,-267.0
-172.0,102.0,-492.0,-66.0,0.0,-250.0,-52.0,73.0,98.0,-254.0
-172.0,109.0,-430.0,-86.0,3.0,-255.0,3.0,12.0,123.0,-259.0
-166.0,45.0,-376.0,-120.0,9.0,-326.0,192.0,-22.0,139.0,-301.0
-193.0,-80.0,-295.0,-139.0,13.0,-398.0,257.0,35.0,149.0,-330.0
-178.0,-200.0,-223.0,-136.0,21.0,-452.0,91.0,18.0,155.0,-340.0
-196.0,-240.0,-166.0,-166.0,22.0,-462.0,-104.0,-60.0,158.0,-371.0
-163.0,-186.0,-117.0,-209.0,16.0,-267.0,-149.0,-225.0,184.0,-418.0
-116.0,-45.0,-47.0,-213.0,8.0,-210.0,43.0,-223.0,161.0,-445.0
-82.0,119.0,-7.0,-214.0,5.0,-214.0,311.0,-245.0,69.0,-451.0
-31.0,233.0,26.0,-193.0,5.0,-338.0,278.0,-221.0,-11.0,-451.0
-24.0,232.0,74.0,-141.0,1.0,-324.0,43.0,-134.0,-85.0,-430.0
-15.0,87.0,94.0,-121.0,-5.0,-176.0,-43.0,-140.0,-138.0,-374.0
-10.0,-156.0,118.0,-101.0,-16.0,-291.0,70.0,-24.0,-141.0,-325.0
27.0,-400.0,117.0,-86.0,-30.0,-311.0,219.0,-27.0,-162.0,-279.0
65.0,-485.0,135.0,-95.0,-49.0,-398.0,224.0,-134.0,-213.0,-205.0
120.0,-419.0,136.0,-124.0,-65.0,-379.0,131.0,-338.0,-228.0,-150.0
148.0,-322.0,118.0,-131.0,-76.0,-315.0,32.0,-406.0,-235.0,-123.0
131.0,-225.0,127.0,-110.0,-81.0,-407.0,14.0,-269.0,-293.0,-92.0
142.0,-119.0,116.0,-117.0,-87.0,-273.0,138.0,-242.0,-355.0,-64.0
157.0,0.0,105.0,-110.0,-104.0,-271.0,199.0,-51.0,-335.0,-45.0
158.0,96.0,91.0,-83.0,-119.0,-216.0,127.0,51.0,-268.0,-41.0
148.0,96.0,88.0,-86.0,-123.0,-175.0,48.0,127.0,-232.0,-46.0
131.0,-54.0,88.0,-137.0,-117.0,-164.0,-45.0,114.0,-203.0,-26.0
124.0,-269.0,73.0,-154.0,-112.0,-79.0,-135.0,-94.0,-154.0,5.0
156.0,-448.0,60.0,-121.0,-113.0,-252.0,-89.0,-116.0,-116.0,7.0
165.0,-618.0,47.0,-138.0,-106.0,-156.0,74.0,-190.0,-114.0,-18.0
155.0,-773.0,22.0,-181.0,-93.0,-180.0,131.0,-84.0,-130.0,-23.0
104.0,-838.0,5.0,-198.0,-70.0,-304.0,26.0,-31.0,-170.0,-32.0
57.0,-822.0,-5.0,-204.0,-32.0,-295.0,-103.0,-77.0,-199.0,-71.0
39.0,-758.0,-28.0,-193.0,11.0,-292.0,-128.0,36.0,-212.0,-63.0
19.0,-625.0,-33.0,-227.0,41.0,-100.0,-11.0,-101.0,-242.0,-39.0
82.0,-459.0,-56.0,-290.0,44.0,-227.0,121.0,-219.0,-250.0,-52.0
116.0,-281.0,-60.0,-325.0,20.0,-269.0,138.0,-339.0,-281.0,-58.0
121.0,-45.0,-40.0,-410.0,-18.0,-326.0,79.0,-295.0,-317.0,-44.0
96.0,234.0,-82.0,-480.0,-44.0,-384.0,102.0,-25.0,-262.0,-56.0
31.0,474.0,-80.0,-512.0,-36.0,-227.0,191.0,267.0,-214.0,-97.0
28.0,622.0,-78.0,-536.0,-4.0,-306.0,164.0,583.0,-225.0,-74.0
54.0,696.0,-104.0,-517.0,31.0,-239.0,21.0,471.0,-199.0,-5.0
59.0,746.0,-97.0,-500.0,51.0,-356.0,-53.0,243.0,-138.0,46.0
19.0,776.0,-120.0,-474.0,48.0,-365.0,-43.0,-79.0,-115.0,80.0
0.0,728.0,-101.0,-434.0,36.0,-254.0,14.0,-236.0,-118.0,122.0
-8.0,620.0,-103.0,-404.0,27.0,-344.0,108.0,11.0,-81.0,169.0
-14.0,500.0,-106.0,-364.0,23.0,-334.0,116.0,107.0,-22.0,191.0
-37.0,326.0,-81.0,-349.0,23.0,-472.0,90.0,166.0,42.0,228.0
-101.0,75.0,-110.0,-366.0,24.0,-334.0,104.0,20.0,103.0,285.0
-127.0,-211.0,-114.0,-343.0,21.0,-314.0,74.0,-208.0,128.0,311.0
-124.0,-484.0,-110.0,-287.0,6.0,-398.0,-14.0,-347.0,136.0,293.0
-77.0,-670.0,-103.0,-221.0,-13.0,-314.0,-24.0,-395.0,89.0,301.0
-33.0,-701.0,-88.0,-156.0,-26.0,-315.0,112.0,-121.0,50.0,299.0
-41.0,-586.0,-69.0,-107.0,-24.0,-206.0,213.0,68.0,64.0,224.0
-41.0,-375.0,-43.0,-86.0,-6.0,-313.0,121.0,92.0,63.0,182.0
-18.0,-84.0,-13.0,-42.0,13.0,-227.0,-26.0,-3.0,99.0,144.0
12.0,242.0,11.0,39.0,27.0,-212.0,-34.0,68.0,113.0,52.0
55.0,513.0,4.0,84.0,37.0,-276.0,28.0,376.0,63.0,-41.0
110.0,615.0,3.0,116.0,46.0,-68.0,1.0,567.0,29.0,-100.0
166.0,509.0,12.0,131.0,51.0,-60.0,-118.0,665.0,30.0,-130.0
204.0,330.0,15.0,122.0,44.0,-33.0,-219.0,443.0,45.0,-190.0
211.0,194.0,19.0,90.0,31.0,-276.0,-169.0,225.0,32.0,-232.0
254.0,75.0,47.0,41.0,25.0,-290.0,-21.0,134.0,-4.0,-229.0
316.0,-78.0,46.0,-14.0,24.0,-103.0,37.0,105.0,-58.0,-259.0
352.0,-257.0,35.0,-10.0,25.0,-189.0,-77.0,369.0,-53.0,-282.0
373.0,-447.0,38.0,40.0,29.0,-185.0,-171.0,428.0,-20.0,-235.0
351.0,-589.0,16.0,14.0,36.0,-356.0,-79.0,404.0,-62.0,-188.0
337.0,-612.0,6.0,-10.0,42.0,-269.0,18.0,365.0,-107.0,-216.0
317.0,-584.0,-44.0,-11.0,43.0,-216.0,-14.0,175.0,-146.0,-277.0
285.0,-551.0,-79.0,10.0,44.0,-239.0,-88.0,0.0,-164.0,-284.0
253.0,-515.0,-92.0,76.0,47.0,-116.0,-135.0,-184.0,-146.0,-248.0
203.0,-564.0,-126.0,132.0,43.0,-136.0,-158.0,-29.0,-158.0,-227.0
157.0,-710.0,-145.0,198.0,31.0,-61.0,-144.0,168.0,-190.0,-167.0
97.0,-809.0,-190.0,231.0,24.0,-244.0,-105.0,267.0,-242.0,-63.0
66.0,-774.0,-218.0,207.0,37.0,-191.0,-114.0,395.0,-274.0,26.0
45.0,-684.0,-228.0,180.0,60.0,-155.0,-173.0,434.0,-269.0,82.0
15.0,-624.0,-243.0,134.0,68.0,-325.0,-237.0,439.0,-237.0,144.0
-32.0,-539.0,-265.0,105.0,54.0,-186.0,-258.0,319.0,-243.0,222.0
-110.0,-328.0,-278.0,69.0,26.0,-148.0,-170.0,155.0,-287.0,256.0
-167.0,19.0,-288.0,29.0,3.0,8.0,-86.0,-164.0,-270.0,297.0
-171.0,434.0,-312.0,23.0,-5.0,-27.0,-90.0,-179.0,-222.0,341.0
-137.0,831.0,-320.0,-28.0,-7.0,12.0,-187.0,90.0,-134.0,325.0
-120.0,1164.0,-336.0,-72.0,-9.0,98.0,-333.0,236.0,-48.0,241.0
-120.0,1448.0,-358.0,-87.0,-13.0,-37.0,-351.0,365.0,-13.0,188.0
-160.0,1674.0,-367.0,-125.0,-14.0,176.0,-259.0,40.0,51.0,182.0
-185.0,1813.0,-377.0,-166.0,-10.0,133.0,-141.0,-251.0,98.0,129.0
-165.0,1861.0,-387.0,-190.0,-14.0,89.0,-115.0,-304.0,119.0,52.0
-142.0,1804.0,-381.0,-205.0,-37.0,80.0,-210.0,-245.0,150.0,-22.0
-115.0,1582.0,-374.0,-202.0,-78.0,44.0,-267.0,-70.0,174.0,-75.0
-89.0,1184.0,-361.0,-175.0,-118.0,154.0,-244.0,-123.0,235.0,-143.0
-104.0,749.0,-382.0,-162.0,-142.0,32.0,-205.0,9.0,288.0,-169.0
-131.0,407.0,-394.0,-173.0,-147.0,112.0,-224.0,99.0,283.0,-135.0
-101.0,164.0,-393.0,-168.0,-136.0,61.0,-258.0,194.0,250.0,-126.0
-61.0,-44.0,-426.0,-163.0,-116.0,78.0,-258.0,299.0,184.0,-94.0
-12.0,-204.0,-404.0,-183.0,-84.0,160.0,-222.0,212.0,93.0,-44.0
15.0,-269.0,-404.0,-180.0,-46.0,113.0,-182.0,249.0,47.0,23.0
36.0,-252.0,-404.0,-161.0,-6.0,299.0,-213.0,1.0,52.0,57.0
13.0,-190.0,-357.0,-148.0,27.0,131.0,-266.0,-118.0,1.0,59.0
-33.0,-165.0,-334.0,-124.0,52.0,45.0,-271.0,-42.0,-38.0,87.0
-44.0,-183.0,-305.0,-95.0,79.0,46.0,-242.0,44.0,-33.0,111.0
-51.0,-160.0,-278.0,-71.0,103.0,107.0,-235.0,338.0,-71.0,108.0
-12.0,-71.0,-257.0,-55.0,115.0,208.0,-262.0,434.0,-103.0,87.0
28.0,-37.0,-248.0,-53.0,116.0,-72.0,-283.0,473.0,-99.0,97.0
54.0,-180.0,-207.0,-57.0,121.0,56.0,-302.0,262.0,-71.0,93.0
44.0,-510.0,-180.0,-80.0,129.0,121.0,-332.0,7.0,-36.0,82.0
11.0,-947.0,-160.0,-116.0,122.0,59.0,-371.0,-49.0,-4.0,78.0
-9.0,-1319.0,-108.0,-112.0,90.0,30.0,-384.0,-1.0,41.0,60.0
-27.0,-1478.0,-88.0,-118.0,41.0,-120.0,-354.0,330.0,58.0,44.0
-23.0,-1395.0,-50.0,-131.0,-6.0,92.0,-325.0,469.0,22.0,32.0
-26.0,-1144.0,-14.0,-111.0,-36.0,-31.0,-323.0,495.0,27.0,43.0
-33.0,-840.0,6.0,-131.0,-52.0,-151.0,-306.0,262.0,61.0,5.0
-30.0,-577.0,25.0,-139.0,-66.0,-73.0,-254.0,-184.0,57.0,-67.0
-9.0,-343.0,36.0,-127.0,-79.0,-57.0,-227.0,-256.0,67.0,-97.0
0.0,-88.0,46.0,-155.0,-90.0,70.0,-244.0,-225.0,88.0,-110.0
-2.0,150.0,36.0,-172.0,-108.0,-22.0,-344.0,-40.0,60.0,-159.0
14.0,330.0,42.0,-152.0,-143.0,63.0,-514.0,164.0,39.0,-228.0
37.0,403.0,30.0,-114.0,-178.0,-79.0,-598.0,229.0,0.0,-276.0
78.0,347.0,10.0,-77.0,-198.0,-238.0,-533.0,208.0,-48.0,-315.0
169.0,277.0,-3.0,-66.0,-204.0,-83.0,-384.0,75.0,-60.0,-363.0
204.0,287.0,-5.0,-67.0,-194.0,-125.0,-287.0,114.0,-80.0,-422.0
169.0,317.0,-8.0,-87.0,-168.0,-12.0,-313.0,208.0,-88.0,-479.0
108.0,278.0,-33.0,-104.0,-131.0,-148.0,-414.0,260.0,-94.0,-546.0
37.0,186.0,-11.0,-117.0,-95.0,-171.0,-482.0,14.0,-116.0,-588.0
51.0,129.0,0.0,-152.0,-62.0,-73.0,-479.0,-238.0,-128.0,-609.0
116.0,107.0,2.0,-167.0,-27.0,-242.0,-407.0,-168.0,-116.0,-621.0
196.0,12.0,34.0,-182.0,4.0,-172.0,-250.0,-94.0,-110.0,-613.0
218.0,-226.0,38.0,-176.0,25.0,-280.0,-194.0,153.0,-111.0,-591.0
185.0,-533.0,53.0,-150.0,29.0,-207.0,-253.0,112.0,-49.0,-517.0
137.0,-782.0,69.0,-134.0,27.0,-163.0,-256.0,-42.0,-20.0,-434.0
68.0,-886.0,56.0,-107.0,24.0,-221.0,-202.0,-155.0,-77.0,-359.0
37.0,-839.0,71.0,-107.0,24.0,4.0,-155.0,-434.0,-116.0,-274.0
51.0,-809.0,78.0,-138.0,23.0,-146.0,-216.0,-243.0,-100.0,-207.0
98.0,-881.0,90.0,-169.0,9.0,-136.0,-321.0,53.0,-40.0,-158.0
103.0,-997.0,118.0,-189.0,-12.0,-155.0,-304.0,234.0,-3.0,-124.0
69.0,-1124.0,136.0,-200.0,-33.0,-321.0,-170.0,105.0,-3.0,-93.0
8.0,-1159.0,165.0,-219.0,-48.0,-277.0,-73.0,-201.0,41.0,-65.0
-48.0,-994.0,154.0,-260.0,-56.0,-354.0,-96.0,-249.0,88.0,-48.0
-77.0,-733.0,168.0,-298.0,-56.0,-185.0,-130.0,-142.0,94.0,-21.0
-92.0,-571.0,193.0,-325.0,-44.0,-206.0,-109.0,303.0,81.0,-9.0
-51.0,-510.0,204.0,-335.0,-21.0,-331.0,-102.0,497.0,76.0,-30.0
7.0,-452.0,232.0,-341.0,0.0,-252.0,-164.0,415.0,94.0,-48.0
34.0,-381.0,256.0,-349.0,15.0,-284.0,-219.0,279.0,80.0,-30.0
12.0,-333.0,273.0,-314.0,21.0,-151.0,-194.0,83.0,65.0,0.0
1.0,-296.0,283.0,-300.0,24.0,-256.0,-140.0,110.0,60.0,33.0
-1.0,-244.0,297.0,-242.0,21.0,-289.0,-119.0,155.0,53.0,101.0
-9.0,-302.0,291.0,-152.0,17.0,-127.0,-118.0,266.0,42.0,165.0
1.0,-536.0,334.0,-75.0,20.0,-283.0,-87.0,123.0,23.0,204.0
19.0,-770.0,346.0,2.0,30.0,-234.0,-32.0,-162.0,10.0,232.0
33.0,-848.0,348.0,55.0,50.0,-242.0,-31.0,-199.0,-44.0,235.0
23.0,-744.0,372.0,106.0,80.0,-250.0,-101.0,-121.0,-68.0,215.0
40.0,-435.0,351.0,131.0,108.0,-197.0,-121.0,131.0,-40.0,199.0
60.0,22.0,340.0,166.0,133.0,-344.0,-47.0,125.0,30.0,212.0
67.0,455.0,290.0,200.0,151.0,-137.0,31.0,-99.0,106.0,243.0
34.0,775.0,256.0,242.0,150.0,-56.0,17.0,-188.0,140.0,266.0
-26.0,988.0,214.0,278.0,119.0,-110.0,-62.0,-92.0,196.0,238.0
-35.0,1097.0,145.0,294.0,63.0,-135.0,-77.0,216.0,221.0,202.0
6.0,1107.0,108.0,297.0,1.0,-250.0,-28.0,391.0,220.0,179.0
82.0,1021.0,40.0,283.0,-51.0,-47.0,92.0,471.0,220.0,125.0
130.0,853.0,-25.0,248.0,-89.0,-72.0,221.0,332.0,234.0,70.0
149.0,653.0,-76.0,231.0,-104.0,-30.0,196.0,157.0,262.0,23.0
146.0,471.0,-151.0,215.0,-104.0,133.0,70.0,194.0,266.0,-42.0
134.0,305.0,-210.0,176.0,-101.0,-34.0,4.0,129.0,298.0,-87.0
148.0,151.0,-268.0,204.0,-92.0,62.0,75.0,262.0,315.0,-80.0
175.0,68.0,-329.0,167.0,-80.0,101.0,160.0,330.0,334.0,-57.0
202.0,128.0,-353.0,122.0,-62.0,97.0,116.0,363.0,316.0,-40.0
224.0,298.0,-388.0,91.0,-44.0,141.0,-28.0,327.0,206.0,-22.0
258.0,451.0,-420.0,23.0,-28.0,-41.0,-193.0,1.0,129.0,26.0
306.0,481.0,-414.0,18.0,-12.0,97.0,-230.0,27.0,66.0,95.0
328.0,392.0,-413.0,17.0,10.0,219.0,-136.0,214.0,-6.0,132.0
326.0,274.0,-408.0,29.0,43.0,112.0,-57.0,395.0,-37.0,157.0
297.0,184.0,-372.0,38.0,67.0,139.0,-67.0,304.0,-109.0,172.0
236.0,153.0,-357.0,66.0,71.0,132.0,-119.0,-94.0,-212.0,146.0
201.0,196.0,-348.0,114.0,58.0,148.0,-124.0,-371.0,-269.0,121.0
195.0,206.0,-324.0,145.0,38.0,138.0,-69.0,-448.0,-308.0,93.0
241.0,86.0,-302.0,166.0,19.0,69.0,3.0,-179.0,-295.0,74.0
294.0,-80.0,-262.0,168.0,-2.0,72.0,14.0,70.0,-234.0,82.0
297.0,-171.0,-229.0,191.0,-28.0,66.0,-3.0,234.0,-161.0,81.0
267.0,-155.0,-169.0,191.0,-53.0,78.0,15.0,277.0,-85.0,69.0
220.0,-66.0,-105.0,158.0,-67.0,152.0,15.0,238.0,-2.0,20.0
174.0,6.0,-69.0,136.0,-58.0,162.0,-38.0,264.0,58.0,-39.0
111.0,54.0,-29.0,87.0,-37.0,82.0,-114.0,169.0,103.0,-114.0
95.0,138.0,16.0,22.0,-27.0,-31.0,-139.0,158.0,202.0,-204.0
102.0,232.0,61.0,-1.0,-35.0,-98.0,-112.0,221.0,335.0,-274.0
108.0,292.0,114.0,-25.0,-43.0,-51.0,-64.0,402.0,441.0,-330.0
125.0,363.0,157.0,-65.0,-34.0,-150.0,-6.0,412.0,484.0,-376.0
126.0,502.0,175.0,-93.0,-3.0,-317.0,15.0,144.0,484.0,-415.0
116.0,685.0,223.0,-113.0,39.0,-290.0,-42.0,48.0,475.0,-428.0
97.0,846.0,258.0,-114.0,73.0,-346.0,-160.0,84.0,452.0,-419.0
73.0,927.0,256.0,-116.0,89.0,-392.0,-208.0,421.0,434.0,-413.0
34.0,925.0,267.0,-58.0,89.0,-287.0,-122.0,554.0,429.0,-405.0
22.0,883.0,265.0,-2.0,92.0,-274.0,-85.0,219.0,394.0,-384.0
5.0,803.0,272.0,27.0,109.0,-219.0,-143.0,-49.0,354.0,-370.0
-39.0,702.0,272.0,110.0,124.0,-177.0,-251.0,-179.0,316.0,-360.0
-95.0,605.0,257.0,179.0,115.0,-294.0,-356.0,44.0,230.0,-304.0
-146.0,435.0,259.0,210.0,79.0,-356.0,-331.0,157.0,165.0,-202.0
-188.0,143.0,232.0,198.0,40.0,-408.0,-289.0,11.0,121.0,-114.0
-220.0,-188.0,210.0,193.0,10.0,-277.0,-300.0,-136.0,23.0,-59.0
-205.0,-410.0,192.0,190.0,-15.0,-84.0,-315.0,-31.0,-60.0,0.0
-191.0,-436.0,139.0,178.0,-39.0,-232.0,-329.0,526.0,-115.0,77.0
-202.0,-327.0,117.0,173.0,-55.0,-347.0,-324.0,607.0,-208.0,122.0
-233.0,-279.0,84.0,147.0,-59.0,-266.0,-307.0,391.0,-282.0,155.0
-256.0,-378.0,60.0,127.0,-60.0,-166.0,-286.0,77.0,-342.0,209.0
-291.0,-497.0,60.0,115.0,-55.0,-125.0,-255.0,-136.0,-418.0,240.0
-327.0,-561.0,40.0,131.0,-43.0,-208.0,-232.0,107.0,-481.0,230.0
-338.0,-604.0,71.0,173.0,-28.0,-309.0,-254.0,-1.0,-512.0,196.0
-332.0,-625.0,72.0,193.0,-20.0,-226.0,-293.0,-242.0,-485.0,170.0
-287.0,-570.0,85.0,189.0,-22.0,-68.0,-299.0,-565.0,-500.0,122.0
-255.0,-436.0,110.0,193.0,-16.0,-111.0,-303.0,-735.0,-506.0,93.0
-246.0,-282.0,108.0,189.0,7.0,-173.0,-335.0,-362.0,-466.0,131.0
-273.0,-151.0,142.0,214.0,41.0,-170.0,-370.0,-105.0,-455.0,161.0
-310.0,-70.0,138.0,245.0,70.0,-75.0,-378.0,29.0,-433.0,163.0
-323.0,-87.0,136.0,238.0,88.0,120.0,-351.0,46.0,-399.0,154.0
-303.0,-225.0,136.0,223.0,93.0,89.0,-282.0,142.0,-342.0,157.0
-270.0,-455.0,138.0,205.0,94.0,-83.0,-243.0,254.0,-300.0,167.0
-250.0,-708.0,151.0,196.0,100.0,-44.0,-321.0,149.0,-256.0,173.0
-226.0,-919.0,164.0,167.0,112.0,133.0,-412.0,70.0,-141.0,213.0
-225.0,-1015.0,202.0,142.0,130.0,242.0,-416.0,-70.0,-54.0,260.0
-222.0,-952.0,231.0,97.0,141.0,305.0,-352.0,-46.0,-32.0,278.0
-193.0,-807.0,255.0,33.0,136.0,248.0,-283.0,18.0,31.0,290.0
-158.0,-652.0,307.0,-34.0,115.0,247.0,-275.0,25.0,139.0,319.0
-141.0,-525.0,337.0,-109.0,100.0,298.0,-305.0,70.0,217.0,362.0
-121.0,-402.0,363.0,-179.0,100.0,146.0,-352.0,59.0,260.0,389.0
-91.0,-225.0,435.0,-263.0,100.0,105.0,-345.0,168.0,285.0,410.0
-24.0,-58.0,457.0,-322.0,88.0,219.0,-284.0,210.0,309.0,420.0
34.0,13.0,513.0,-364.0,66.0,227.0,-221.0,232.0,310.0,387.0
38.0,0.0,559.0,-372.0,42.0,148.0,-143.0,164.0,290.0,346.0
46.0,-33.0,554.0,-347.0,24.0,102.0,-131.0,107.0,283.0,351.0
83.0,-87.0,587.0,-325.0,13.0,145.0,-211.0,158.0,250.0,391.0
156.0,-157.0,560.0,-249.0,6.0,269.0,-294.0,36.0,217.0,417.0
167.0,-186.0,552.0,-137.0,13.0,281.0,-291.0,-112.0,243.0,449.0
139.0,-248.0,546.0,-80.0,37.0,156.0,-246.0,-375.0,274.0,514.0
108.0,-434.0,531.0,-29.0,65.0,134.0,-244.0,-273.0,276.0,554.0
98.0,-678.0,524.0,21.0,90.0,169.0,-263.0,24.0,260.0,527.0
128.0,-860.0,490.0,27.0,100.0,200.0,-236.0,57.0,231.0,491.0
180.0,-910.0,474.0,49.0,89.0,150.0,-194.0,84.0,251.0,472.0
269.0,-839.0,420.0,74.0,61.0,91.0,-163.0,-22.0,319.0,387.0
284.0,-652.0,383.0,107.0,37.0,169.0,-141.0,179.0,371.0,287.0
238.0,-321.0,335.0,116.0,35.0,313.0,-164.0,458.0,413.0,224.0
162.0,118.0,264.0,83.0,50.0,393.0,-185.0,558.0,432.0,150.0
113.0,562.0,203.0,89.0,63.0,254.0,-231.0,630.0,447.0,67.0
101.0,957.0,115.0,95.0,57.0,111.0,-274.0,321.0,461.0,-21.0
114.0,1305.0,47.0,90.0,39.0,135.0,-239.0,-53.0,433.0,-80.0
147.0,1521.0,-15.0,123.0,19.0,201.0,-158.0,-330.0,404.0,-133.0
153.0,1561.0,-96.0,142.0,7.0,231.0,-88.0,-147.0,374.0,-178.0
157.0,1545.0,-165.0,166.0,9.0,219.0,-88.0,297.0,355.0,-172.0
120.0,1556.0,-243.0,202.0,20.0,286.0,-109.0,443.0,340.0,-150.0
81.0,1512.0,-313.0,207.0,35.0,342.0,-128.0,393.0,285.0,-138.0
60.0,1333.0,-364.0,226.0,45.0,247.0,-140.0,5.0,221.0,-123.0
96.0,1066.0,-411.0,275.0,58.0,182.0,-136.0,-133.0,162.0,-78.0
129.0,778.0,-416.0,326.0,84.0,217.0,-115.0,-1.0,153.0,-35.0
109.0,502.0,-416.0,364.0,125.0,208.0,-97.0,110.0,161.0,32.0
72.0,346.0,-408.0,382.0,165.0,170.0,-128.0,273.0,158.0,145.0
21.0,386.0,-389.0,398.0,190.0,123.0,-135.0,232.0,139.0,236.0
1.0,597.0,-369.0,395.0,199.0,61.0,-118.0,243.0,100.0,248.0
-28.0,907.0,-346.0,382.0,193.0,87.0,-183.0,90.0,116.0,209.0
-17.0,1150.0,-320.0,386.0,181.0,123.0,-268.0,-121.0,141.0,179.0
3.0,1186.0,-291.0,346.0,167.0,126.0,-255.0,-116.0,130.0,130.0
8.0,1006.0,-271.0,283.0,146.0,98.0,-181.0,18.0,143.0,79.0
-5.0,737.0,-237.0,227.0,121.0,16.0,-163.0,332.0,123.0,66.0
-49.0,476.0,-223.0,144.0,92.0,81.0,-201.0,473.0,88.0,78.0
-65.0,193.0,-187.0,71.0,63.0,203.0,-197.0,500.0,72.0,52.0
-59.0,-145.0,-176.0,21.0,29.0,217.0,-180.0,280.0,21.0,6.0
-4.0,-545.0,-159.0,14.0,-17.0,75.0,-201.0,12.0,9.0,9.0
47.0,-924.0,-116.0,14.0,-64.0,-123.0,-255.0,36.0,17.0,-10.0
58.0,-1178.0,-119.0,25.0,-105.0,17.0,-283.0,79.0,-13.0,-77.0
32.0,-1261.0,-59.0,41.0,-142.0,300.0,-239.0,199.0,-69.0,-157.0
27.0,-1167.0,-30.0,63.0,-174.0,323.0,-253.0,72.0,-123.0,-229.0
38.0,-895.0,13.0,89.0,-200.0,124.0,-353.0,-27.0,-128.0,-293.0
50.0,-494.0,84.0,94.0,-224.0,-89.0,-363.0,-31.0,-168.0,-361.0
57.0,-134.0,125.0,142.0,-238.0,-14.0,-306.0,-253.0,-232.0,-389.0
45.0,88.0,224.0,193.0,-233.0,200.0,-257.0,-413.0,-234.0,-378.0
59.0,175.0,271.0,249.0,-218.0,273.0,-244.0,-635.0,-202.0,-389.0
74.0,160.0,342.0,306.0,-202.0,156.0,-281.0,-521.0,-213.0,-407.0
92.0,128.0,406.0,343.0,-182.0,-3.0,-252.0,-227.0,-254.0,-401.0
80.0,212.0,425.0,359.0,-149.0,52.0,-179.0,22.0,-275.0,-389.0
74.0,411.0,476.0,376.0,-103.0,211.0,-146.0,328.0,-286.0,-407.0
84.0,520.0,470.0,360.0,-68.0,223.0,-177.0,291.0,-248.0,-426.0
120.0,424.0,483.0,318.0,-63.0,98.0,-231.0,123.0,-207.0,-369.0
198.0,270.0,505.0,276.0,-86.0,50.0,-261.0,-271.0,-190.0,-287.0
267.0,252.0,502.0,200.0,-105.0,105.0,-267.0,-635.0,-154.0,-231.0
329.0,330.0,503.0,159.0,-97.0,175.0,-253.0,-554.0,-110.0,-158.0
347.0,372.0,483.0,121.0,-72.0,187.0,-262.0,-112.0,-82.0,-78.0
334.0,412.0,432.0,95.0,-42.0,146.0,-274.0,397.0,-97.0,-7.0
305.0,517.0,370.0,60.0,-9.0,78.0,-288.0,395.0,-112.0,73.0
330.0,659.0,315.0,4.0,22.0,-41.0,-325.0,-73.0,-106.0,184.0
398.0,750.0,248.0,-51.0,57.0,39.0,-355.0,-663.0,-76.0,295.0
439.0,676.0,202.0,-113.0,90.0,261.0,-313.0,-763.0,-65.0,360.0
449.0,397.0,128.0,-172.0,110.0,302.0,-216.0,-421.0,-84.0,394.0
424.0,45.0,60.0,-235.0,115.0,152.0,-152.0,-97.0,-90.0,407.0
410.0,-211.0,18.0,-279.0,115.0,54.0,-147.0,-20.0,-113.0,405.0
384.0,-308.0,-61.0,-320.0,122.0,260.0,-185.0,-434.0,-125.0,392.0
351.0,-260.0,-92.0,-342.0,142.0,454.0,-229.0,-703.0,-147.0,407.0
312.0,-158.0,-125.0,-376.0,165.0,303.0,-258.0,-665.0,-189.0,460.0
279.0,-159.0,-162.0,-375.0,180.0,85.0,-272.0,-221.0,-193.0,489.0
271.0,-309.0,-134.0,-356.0,176.0,85.0,-294.0,541.0,-178.0,506.0
248.0,-543.0,-132.0,-350.0,164.0,237.0,-322.0,798.0,-197.0,537.0
208.0,-807.0,-94.0,-313.0,152.0,384.0,-335.0,654.0,-244.0,567.0
177.0,-996.0,-57.0,-314.0,141.0,359.0,-292.0,166.0,-266.0,585.0
139.0,-993.0,-25.0,-358.0,125.0,212.0,-219.0,-234.0,-256.0,589.0
66.0,-892.0,37.0,-354.0,98.0,254.0,-169.0,-258.0,-247.0,603.0
-19.0,-865.0,47.0,-319.0,71.0,480.0,-157.0,-197.0,-223.0,596.0
-71.0,-876.0,95.0,-301.0,56.0,604.0,-197.0,-5.0,-161.0,559.0
-87.0,-827.0,130.0,-256.0,56.0,549.0,-192.0,-109.0,-127.0,539.0
-100.0,-720.0,166.0,-220.0,65.0,415.0,-151.0,-206.0,-132.0,526.0
-115.0,-612.0,234.0,-190.0,63.0,374.0,-157.0,-232.0,-100.0,478.0
-142.0,-592.0,254.0,-175.0,51.0,432.0,-216.0,-570.0,-33.0,411.0
-185.0,-684.0,283.0,-124.0,36.0,424.0,-276.0,-859.0,26.0,383.0
-236.0,-772.0,291.0,-65.0,20.0,399.0,-257.0,-814.0,102.0,383.0
-277.0,-741.0,309.0,-26.0,12.0,358.0,-183.0,-502.0,199.0,375.0
-288.0,-556.0,329.0,54.0,4.0,328.0,-111.0,-415.0,246.0,368.0
-284.0,-204.0,336.0,112.0,-12.0,395.0,-104.0,-369.0,282.0,385.0
-278.0,255.0,349.0,176.0,-39.0,482.0,-111.0,-301.0,325.0,404.0
-264.0,672.0,390.0,234.0,-68.0,545.0,-91.0,-221.0,342.0,392.0
-241.0,952.0,429.0,263.0,-88.0,424.0,-105.0,127.0,319.0,404.0
-237.0,1096.0,421.0,294.0,-94.0,254.0,-67.0,258.0,283.0,449.0
-249.0,1175.0,454.0,339.0,-87.0,284.0,-2.0,321.0,259.0,468.0
-253.0,1208.0,446.0,372.0,-66.0,422.0,-6.0,286.0,260.0,453.0
-224.0,1129.0,448.0,374.0,-33.0,575.0,-55.0,1.0,280.0,441.0
-194.0,923.0,468.0,357.0,3.0,538.0,-115.0,-251.0,254.0,434.0
-187.0,693.0,438.0,305.0,47.0,415.0,-144.0,-417.0,228.0,405.0
-192.0,540.0,448.0,287.0,95.0,439.0,-141.0,-421.0,234.0,382.0
-180.0,456.0,437.0,287.0,141.0,473.0,-135.0,-598.0,265.0,365.0
-124.0,369.0,417.0,304.0,166.0,515.0,-129.0,-500.0,262.0,312.0
-72.0,192.0,402.0,363.0,172.0,514.0,-103.0,-242.0,228.0,249.0
-38.0,-81.0,348.0,431.0,168.0,396.0,-95.0,-345.0,250.0,219.0
-29.0,-367.0,320.0,507.0,167.0,287.0,-96.0,-225.0,221.0,178.0
-46.0,-601.0,292.0,570.0,180.0,388.0,-83.0,-166.0,180.0,108.0
-61.0,-750.0,251.0,606.0,200.0,691.0,-101.0,-181.0,162.0,28.0
-39.0,-761.0,225.0,595.0,225.0,803.0,-119.0,-79.0,129.0,-15.0
17.0,-635.0,192.0,553.0,242.0,586.0,-119.0,-40.0,111.0,-23.0
83.0,-453.0,166.0,511.0,248.0,329.0,-86.0,-144.0,96.0,-56.0
121.0,-258.0,126.0,425.0,244.0,319.0,-27.0,-280.0,88.0,-92.0
122.0,-72.0,100.0,312.0,227.0,386.0,1.0,-158.0,83.0,-137.0
128.0,50.0,90.0,207.0,199.0,383.0,-37.0,-195.0,63.0,-170.0
126.0,66.0,67.0,119.0,160.0,455.0,-98.0,-109.0,21.0,-161.0
151.0,-24.0,35.0,40.0,114.0,449.0,-88.0,-107.0,-11.0,-104.0
192.0,-209.0,5.0,-57.0,75.0,298.0,-25.0,-314.0,-40.0,-14.0
231.0,-466.0,-13.0,-103.0,49.0,202.0,56.0,-55.0,-61.0,47.0
280.0,-661.0,-80.0,-114.0,29.0,350.0,71.0,35.0,-52.0,84.0
299.0,-640.0,-84.0,-107.0,0.0,665.0,43.0,36.0,-45.0,109.0
329.0,-441.0,-64.0,-102.0,-44.0,584.0,77.0,-83.0,-73.0,104.0
346.0,-197.0,-100.0,-105.0,-92.0,180.0,129.0,-430.0,-94.0,62.0
325.0,79.0,-61.0,-90.0,-131.0,134.0,159.0,-441.0,-89.0,29.0
303.0,379.0,-64.0,-117.0,-158.0,375.0,183.0,-450.0,-130.0,1.0
305.0,623.0,-101.0,-155.0,-171.0,613.0,239.0,-291.0,-194.0,-35.0
310.0,800.0,-101.0,-179.0,-173.0,660.0,280.0,-77.0,-216.0,-89.0
285.0,937.0,-126.0,-190.0,-172.0,477.0,238.0,112.0,-219.0,-159.0
221.0,973.0,-145.0,-195.0,-173.0,404.0,155.0,282.0,-216.0,-228.0
145.0,840.0,-139.0,-197.0,-176.0,491.0,103.0,3.0,-187.0,-325.0
99.0,649.0,-106.0,-189.0,-174.0,573.0,104.0,-234.0,-155.0,-413.0
52.0,538.0,-84.0,-174.0,-165.0,558.0,104.0,-376.0,-122.0,-471.0
23.0,460.0,-55.0,-184.0,-153.0,461.0,77.0,-371.0,-65.0,-516.0
7.0,294.0,-27.0,-199.0,-145.0,348.0,89.0,-280.0,-24.0,-531.0
-3.0,-15.0,-31.0,-179.0,-138.0,293.0,169.0,-249.0,13.0,-521.0
-15.0,-406.0,-21.0,-162.0,-126.0,373.0,216.0,-197.0,62.0,-493.0
-27.0,-719.0,9.0,-141.0,-111.0,463.0,159.0,-345.0,95.0,-464.0
-40.0,-846.0,38.0,-107.0,-103.0,505.0,98.0,-467.0,136.0,-449.0
-45.0,-874.0,71.0,-81.0,-100.0,469.0,105.0,-598.0,161.0,-441.0
-34.0,-906.0,116.0,-69.0,-96.0,344.0,124.0,-395.0,146.0,-456.0
-52.0,-828.0,133.0,-104.0,-95.0,285.0,137.0,-42.0,131.0,-456.0
-58.0,-554.0,160.0,-141.0,-109.0,390.0,96.0,48.0,134.0,-433.0
-54.0,-122.0,180.0,-151.0,-143.0,553.0,17.0,-11.0,126.0,-399.0
-33.0,354.0,184.0,-173.0,-181.0,453.0,-18.0,-352.0,113.0,-335.0
1.0,689.0,200.0,-188.0,-207.0,186.0,-18.0,-439.0,105.0,-295.0
53.0,876.0,218.0,-207.0,-219.0,156.0,53.0,-543.0,103.0,-250.0
92.0,1070.0,230.0,-242.0,-222.0,363.0,165.0,-709.0,70.0,-179.0
99.0,1317.0,241.0,-239.0,-213.0,520.0,239.0,-648.0,20.0,-119.0
108.0,1538.0,264.0,-214.0,-191.0,437.0,229.0,-593.0,15.0,-51.0
88.0,1674.0,272.0,-195.0,-163.0,292.0,140.0,-430.0,-2.0,22.0
76.0,1672.0,278.0,-134.0,-125.0,253.0,122.0,-404.0,-62.0,107.0
56.0,1598.0,290.0,-73.0,-77.0,304.0,185.0,-304.0,-93.0,183.0
60.0,1518.0,308.0,-44.0,-25.0,397.0,216.0,-70.0,-83.0,255.0
80.0,1285.0,349.0,11.0,23.0,410.0,147.0,205.0,-118.0,318.0
100.0,912.0,397.0,100.0,50.0,262.0,23.0,301.0,-161.0,358.0
112.0,594.0,440.0,136.0,56.0,144.0,-24.0,-105.0,-184.0,395.0
107.0,333.0,487.0,153.0,61.0,310.0,-24.0,-290.0,-209.0,429.0
125.0,53.0,515.0,205.0,67.0,452.0,1.0,-395.0,-232.0,471.0
125.0,-208.0,531.0,183.0,71.0,386.0,97.0,-408.0,-282.0,471.0
98.0,-431.0,544.0,165.0,77.0,304.0,180.0,-221.0,-322.0,448.0
33.0,-601.0,547.0,174.0,83.0,298.0,208.0,-216.0,-323.0,404.0
13.0,-711.0,525.0,169.0,89.0,330.0,222.0,-40.0,-297.0,363.0
9.0,-849.0,485.0,170.0,93.0,225.0,221.0,-94.0,-283.0,327.0
11.0,-1012.0,467.0,176.0,92.0,234.0,152.0,-149.0,-294.0,244.0
15.0,-1130.0,424.0,183.0,83.0,409.0,67.0,5.0,-357.0,202.0
3.0,-1191.0,374.0,170.0,74.0,453.0,88.0,25.0,-483.0,177.0
26.0,-1164.0,320.0,141.0,64.0,357.0,154.0,46.0,-597.0,183.0
22.0,-990.0,241.0,83.0,47.0,296.0,178.0,-175.0,-688.0,228.0
4.0,-720.0,198.0,52.0,18.0,440.0,171.0,-436.0,-685.0,271.0
-41.0,-461.0,160.0,54.0,-23.0,573.0,175.0,-637.0,-636.0,336.0
-60.0,-200.0,99.0,44.0,-73.0,524.0,235.0,-583.0,-636.0,362.0
-57.0,57.0,24.0,51.0,-114.0,438.0,288.0,-336.0,-624.0,400.0
-38.0,234.0,-50.0,89.0,-125.0,411.0,322.0,-245.0,-590.0,419.0
-1.0,367.0,-118.0,96.0,-107.0,449.0,372.0,-127.0,-504.0,360.0
-2.0,516.0,-202.0,86.0,-70.0,583.0,357.0,-236.0,-367.0,301.0
-20.0,647.0,-246.0,93.0,-22.0,645.0,275.0,-376.0,-247.0,235.0
-64.0,746.0,-294.0,93.0,26.0,577.0,137.0,-404.0,-194.0,153.0
-63.0,806.0,-359.0,109.0,76.0,557.0,12.0,-347.0,-236.0,33.0
-50.0,805.0,-374.0,116.0,129.0,600.0,14.0,-160.0,-286.0,-70.0
-28.0,754.0,-418.0,133.0,181.0,676.0,63.0,-208.0,-269.0,-136.0
-16.0,690.0,-437.0,146.0,229.0,596.0,87.0,-243.0,-211.0,-207.0
-19.0,627.0,-468.0,138.0,273.0,434.0,71.0,-312.0,-161.0,-239.0
-3.0,553.0,-479.0,117.0,315.0,466.0,39.0,-365.0,-135.0,-217.0
-2.0,456.0,-483.0,51.0,354.0,598.0,75.0,-236.0,-99.0,-158.0
13.0,266.0,-514.0,-11.0,377.0,687.0,157.0,-112.0,26.0,-129.0
3.0,-11.0,-473.0,-75.0,380.0,719.0,191.0,97.0,215.0,-107.0
-27.0,-279.0,-510.0,-150.0,363.0,621.0,140.0,-20.0,328.0,-54.0
-76.0,-534.0,-489.0,-233.0,333.0,538.0,71.0,-230.0,398.0,-20.0
-146.0,-791.0,-463.0,-325.0,297.0,543.0,66.0,-273.0,397.0,20.0
-188.0,-983.0,-446.0,-389.0,251.0,530.0,98.0,-338.0,321.0,99.0
-193.0,-1033.0,-396.0,-442.0,198.0,463.0,36.0,-262.0,368.0,180.0
-157.0,-903.0,-400.0,-491.0,150.0,409.0,-66.0,-267.0,448.0,208.0
-97.0,-649.0,-340.0,-532.0,127.0,545.0,-67.0,-219.0,398.0,209.0
-54.0,-446.0,-309.0,-584.0,128.0,642.0,-18.0,-323.0,281.0,203.0
-46.0,-438.0,-269.0,-619.0,124.0,649.0,31.0,-594.0,205.0,178.0
-71.0,-586.0,-209.0,-611.0,101.0,581.0,58.0,-615.0,177.0,128.0
-89.0,-820.0,-185.0,-598.0,69.0,450.0,75.0,-484.0,102.0,71.0
-97.0,-1097.0,-146.0,-575.0,34.0,400.0,111.0,-147.0,-13.0,33.0
-110.0,-1327.0,-95.0,-509.0,0.0,414.0,98.0,0.0,-74.0,-27.0
-95.0,-1478.0,-84.0,-442.0,-31.0,561.0,50.0,0.0,-102.0,-83.0
-67.0,-1589.0,-49.0,-355.0,-50.0,656.0,46.0,5.0,-164.0,-111.0
-38.0,-1695.0,10.0,-245.0,-62.0,678.0,81.0,-51.0,-204.0,-138.0
-40.0,-1801.0,10.0,-131.0,-84.0,545.0,102.0,-90.0,-237.0,-182.0
-37.0,-1851.0,28.0,-10.0,-119.0,386.0,84.0,-343.0,-233.0,-246.0
-31.0,-1814.0,62.0,84.0,-146.0,517.0,63.0,-384.0,-178.0,-280.0
-72.0,-1667.0,73.0,183.0,-154.0,721.0,63.0,-378.0,-153.0,-335.0
-87.0,-1333.0,76.0,266.0,-148.0,605.0,69.0,-334.0,-138.0,-418.0
-72.0,-813.0,101.0,281.0,-138.0,263.0,62.0,-133.0,-127.0,-480.0
-18.0,-203.0,90.0,269.0,-123.0,269.0,21.0,-155.0,-113.0,-531.0
40.0,391.0,108.0,232.0,-110.0,526.0,15.0,-62.0,-18.0,-570.0
97.0,934.0,153.0,181.0,-107.0,588.0,68.0,-77.0,119.0,-589.0
124.0,1392.0,162.0,132.0,-118.0,402.0,112.0,-7.0,199.0,-568.0
122.0,1696.0,196.0,91.0,-144.0,330.0,137.0,134.0,234.0,-529.0
153.0,1849.0,205.0,82.0,-178.0,457.0,111.0,29.0,228.0,-504.0
185.0,1872.0,195.0,96.0,-216.0,442.0,65.0,-86.0,235.0,-483.0
216.0,1775.0,175.0,131.0,-257.0,303.0,59.0,-325.0,263.0,-458.0
220.0,1527.0,181.0,186.0,-290.0,219.0,106.0,-304.0,248.0,-461.0
212.0,1176.0,174.0,231.0,-308.0,236.0,144.0,-177.0,163.0,-481.0
206.0,899.0,135.0,211.0,-309.0,300.0,102.0,1.0,67.0,-481.0
213.0,723.0,116.0,183.0,-296.0,390.0,69.0,219.0,40.0,-473.0
228.0,617.0,105.0,173.0,-287.0,360.0,57.0,123.0,9.0,-484.0
225.0,619.0,106.0,121.0,-282.0,238.0,-21.0,125.0,-28.0,-503.0
225.0,729.0,76.0,94.0,-268.0,235.0,-96.0,112.0,-84.0,-505.0
222.0,870.0,51.0,48.0,-238.0,379.0,-76.0,114.0,-181.0,-502.0
222.0,953.0,45.0,-46.0,-194.0,476.0,-30.0,-11.0,-194.0,-477.0
218.0,980.0,23.0,-98.0,-151.0,420.0,-32.0,-323.0,-120.0,-412.0
237.0,999.0,12.0,-114.0,-120.0,444.0,-35.0,-430.0,-89.0,-321.0
253.0,1056.0,9.0,-150.0,-105.0,510.0,30.0,-594.0,-161.0,-236.0
236.0,1142.0,-17.0,-159.0,-103.0,402.0,116.0,-570.0,-287.0,-169.0
214.0,1173.0,-28.0,-139.0,-101.0,210.0,169.0,-424.0,-340.0,-85.0
192.0,1023.0,-51.0,-137.0,-87.0,242.0,185.0,-388.0,-274.0,-7.0
163.0,689.0,-76.0,-83.0,-57.0,480.0,165.0,-315.0,-173.0,49.0
122.0,293.0,-91.0,-26.0,-17.0,609.0,143.0,-253.0,-162.0,115.0
95.0,-78.0,-97.0,0.0,20.0,464.0,146.0,-68.0,-266.0,198.0
56.0,-361.0,-96.0,56.0,51.0,300.0,135.0,169.0,-273.0,279.0
21.0,-529.0,-102.0,100.0,83.0,388.0,115.0,443.0,-125.0,335.0
-9.0,-562.0,-90.0,111.0,119.0,446.0,166.0,310.0,-8.0,390.0
-44.0,-397.0,-99.0,108.0,153.0,380.0,226.0,-70.0,32.0,448.0
-66.0,-86.0,-56.0,71.0,176.0,364.0,254.0,-229.0,57.0,487.0
-92.0,146.0,-42.0,21.0,194.0,420.0,282.0,-417.0,78.0,553.0
-111.0,202.0,-41.0,-2.0,212.0,527.0,296.0,-341.0,91.0,619.0
-131.0,188.0,8.0,-1.0,223.0,639.0,261.0,-301.0,73.0,658.0
-133.0,195.0,25.0,3.0,228.0,610.0,164.0,-336.0,38.0,678.0
-131.0,229.0,25.0,0.0,226.0,442.0,130.0,-293.0,19.0,693.0
-139.0,230.0,2.0,-10.0,212.0,437.0,200.0,-245.0,6.0,721.0
-145.0,179.0,12.0,-38.0,181.0,654.0,275.0,7.0,-15.0,707.0
-171.0,137.0,14.0,-83.0,133.0,676.0,266.0,-66.0,-77.0,675.0
-209.0,159.0,13.0,-121.0,83.0,430.0,136.0,-116.0,-144.0,654.0
-235.0,240.0,23.0,-107.0,38.0,376.0,10.0,-97.0,-205.0,640.0
-246.0,301.0,27.0,-87.0,9.0,527.0,10.0,-284.0,-224.0,626.0
-247.0,303.0,36.0,-81.0,1.0,596.0,81.0,-225.0,-157.0,601.0
-258.0,276.0,52.0,-45.0,8.0,440.0,79.0,-84.0,-76.0,595.0
-272.0,261.0,56.0,-18.0,15.0,372.0,16.0,131.0,-29.0,563.0
-278.0,305.0,54.0,14.0,20.0,589.0,39.0,151.0,-54.0,481.0
-299.0,379.0,81.0,38.0,17.0,667.0,60.0,-31.0,-147.0,403.0
-293.0,391.0,67.0,24.0,4.0,513.0,6.0,-182.0,-229.0,314.0
-284.0,293.0,74.0,13.0,-10.0,321.0,15.0,-145.0,-248.0,206.0
-276.0,170.0,74.0,35.0,-10.0,317.0,97.0,145.0,-254.0,130.0
-268.0,98.0,53.0,95.0,10.0,477.0,188.0,190.0,-263.0,97.0
-266.0,41.0,49.0,102.0,45.0,484.0,175.0,129.0,-249.0,70.0
-259.0,-9.0,15.0,77.0,74.0,367.0,34.0,-59.0,-223.0,26.0
-272.0,3.0,-3.0,53.0,79.0,283.0,-77.0,-142.0,-151.0,-3.0
-274.0,90.0,-1.0,13.0,64.0,273.0,-85.0,105.0,-54.0,-21.0
-295.0,176.0,-20.0,-24.0,34.0,265.0,-21.0,286.0,0.0,-56.0
-328.0,273.0,-34.0,-68.0,0.0,229.0,55.0,386.0,17.0,-109.0
-362.0,506.0,-27.0,-117.0,-30.0,210.0,119.0,267.0,-3.0,-178.0
-394.0,839.0,-76.0,-157.0,-46.0,162.0,167.0,264.0,-62.0,-260.0
-392.0,1061.0,-80.0,-199.0,-36.0,169.0,162.0,291.0,-142.0,-387.0
-363.0,1026.0,-77.0,-273.0,-17.0,223.0,115.0,149.0,-219.0,-531.0
-315.0,725.0,-115.0,-310.0,-2.0,199.0,116.0,162.0,-282.0,-663.0
-266.0,241.0,-97.0,-280.0,4.0,137.0,173.0,-35.0,-301.0,-808.0
-230.0,-287.0,-127.0,-249.0,2.0,113.0,213.0,-208.0,-297.0,-924.0
-211.0,-704.0,-150.0,-242.0,-8.0,78.0,227.0,-118.0,-302.0,-986.0
-186.0,-956.0,-172.0,-295.0,-28.0,-75.0,239.0,31.0,-299.0,-1009.0
-176.0,-1120.0,-225.0,-370.0,-48.0,-158.0,241.0,227.0,-303.0,-1015.0
-183.0,-1225.0,-232.0,-381.0,-49.0,-122.0,236.0,314.0,-261.0,-1012.0
-181.0,-1326.0,-264.0,-371.0,-33.0,-75.0,253.0,279.0,-181.0,-969.0
-145.0,-1508.0,-342.0,-346.0,-14.0,7.0,278.0,49.0,-165.0,-903.0
-79.0,-1739.0,-348.0,-315.0,-11.0,28.0,314.0,-42.0,-221.0,-858.0
-66.0,-1939.0,-388.0,-304.0,-43.0,-10.0,356.0,3.0,-280.0,-777.0
-65.0,-2066.0,-481.0,-256.0,-103.0,-149.0,346.0,53.0,-262.0,-662.0
-50.0,-2096.0,-514.0,-219.0,-166.0,-204.0,264.0,96.0,-198.0,-579.0
-21.0,-2003.0,-579.0,-165.0,-216.0,-135.0,183.0,-147.0,-184.0,-500.0
37.0,-1814.0,-609.0,-103.0,-259.0,-182.0,159.0,-315.0,-199.0,-428.0
101.0,-1584.0,-638.0,-64.0,-298.0,-256.0,140.0,-419.0,-138.0,-391.0
165.0,-1396.0,-666.0,-11.0,-312.0,-239.0,137.0,-402.0,-29.0,-428.0
196.0,-1282.0,-661.0,23.0,-286.0,-134.0,154.0,-197.0,39.0,-493.0
203.0,-1164.0,-669.0,90.0,-235.0,-162.0,167.0,31.0,116.0,-521.0
190.0,-986.0,-677.0,161.0,-195.0,-240.0,215.0,203.0,224.0,-529.0
175.0,-708.0,-677.0,195.0,-179.0,-207.0,242.0,25.0,282.0,-534.0
188.0,-359.0,-635.0,245.0,-165.0,-192.0,189.0,-22.0,309.0,-505.0
213.0,-70.0,-588.0,294.0,-144.0,-199.0,131.0,35.0,359.0,-418.0
255.0,151.0,-534.0,324.0,-126.0,-269.0,161.0,138.0,419.0,-331.0
285.0,387.0,-490.0,337.0,-119.0,-242.0,254.0,386.0,464.0,-249.0
303.0,646.0,-430.0,348.0,-121.0,-154.0,326.0,267.0,472.0,-130.0
291.0,878.0,-388.0,354.0,-126.0,-148.0,291.0,153.0,453.0,16.0
247.0,1080.0,-349.0,334.0,-122.0,-191.0,163.0,60.0,397.0,121.0
222.0,1273.0,-269.0,280.0,-102.0,-242.0,108.0,35.0,305.0,196.0
203.0,1433.0,-244.0,235.0,-70.0,-188.0,141.0,118.0,211.0,270.0
215.0,1541.0,-208.0,240.0,-37.0,-206.0,115.0,-46.0,169.0,306.0
239.0,1558.0,-159.0,276.0,-8.0,-223.0,72.0,12.0,169.0,307.0
242.0,1422.0,-158.0,297.0,6.0,-146.0,121.0,38.0,146.0,306.0
227.0,1157.0,-158.0,298.0,14.0,-138.0,138.0,44.0,120.0,340.0
183.0,858.0,-130.0,308.0,24.0,-102.0,94.0,162.0,76.0,364.0
152.0,562.0,-132.0,319.0,41.0,-56.0,39.0,197.0,26.0,391.0
145.0,292.0,-161.0,309.0,59.0,18.0,49.0,399.0,-14.0,468.0
133.0,102.0,-174.0,263.0,60.0,40.0,203.0,497.0,-77.0,548.0
115.0,17.0,-193.0,223.0,47.0,-151.0,320.0,524.0,-105.0,598.0
102.0,31.0,-185.0,210.0,19.0,-149.0,265.0,428.0,-137.0,613.0
107.0,109.0,-175.0,173.0,-20.0,43.0,74.0,404.0,-182.0,593.0
129.0,244.0,-165.0,128.0,-57.0,34.0,-37.0,417.0,-176.0,507.0
142.0,468.0,-172.0,89.0,-82.0,-53.0,34.0,206.0,-138.0,382.0
160.0,748.0,-179.0,37.0,-87.0,-34.0,176.0,131.0,-112.0,273.0
170.0,971.0,-157.0,-11.0,-76.0,57.0,310.0,20.0,-90.0,195.0
149.0,1068.0,-163.0,-58.0,-58.0,12.0,311.0,133.0,-34.0,135.0
96.0,1020.0,-141.0,-98.0,-39.0,-38.0,152.0,175.0,-15.0,69.0
14.0,776.0,-126.0,-112.0,-15.0,27.0,56.0,99.0,-91.0,55.0
-45.0,357.0,-123.0,-125.0,21.0,31.0,196.0,133.0,-201.0,55.0
-79.0,-121.0,-94.0,-126.0,59.0,68.0,380.0,-3.0,-263.0,33.0
-100.0,-545.0,-97.0,-113.0,87.0,56.0,403.0,116.0,-266.0,12.0
-114.0,-824.0,-118.0,-109.0,104.0,18.0,195.0,155.0,-239.0,-20.0
-149.0,-980.0,-114.0,-106.0,122.0,66.0,5.0,173.0,-200.0,-61.0
-192.0,-1104.0,-114.0,-108.0,137.0,70.0,144.0,269.0,-161.0,-126.0
-238.0,-1190.0,-116.0,-97.0,140.0,83.0,310.0,169.0,-163.0,-168.0
-279.0,-1165.0,-87.0,-84.0,129.0,72.0,261.0,103.0,-241.0,-198.0
-293.0,-1006.0,-76.0,-57.0,104.0,68.0,42.0,-60.0,-242.0,-257.0
-282.0,-777.0,-63.0,6.0,78.0,71.0,-197.0,-107.0,-136.0,-313.0
-270.0,-526.0,-48.0,83.0,56.0,54.0,-219.0,-262.0,-89.0,-364.0
-289.0,-195.0,-14.0,160.0,43.0,36.0,-12.0,-439.0,-129.0,-414.0
-349.0,195.0,33.0,207.0,34.0,30.0,196.0,-301.0,-192.0,-480.0
-415.0,511.0,58.0,218.0,26.0,150.0,190.0,-321.0,-216.0,-541.0
-447.0,650.0,94.0,245.0,18.0,121.0,122.0,-243.0,-175.0,-585.0
-440.0,635.0,108.0,265.0,10.0,21.0,53.0,-36.0,-130.0,-626.0
-416.0,570.0,114.0,242.0,10.0,2.0,9.0,157.0,-135.0,-659.0
-386.0,520.0,121.0,214.0,17.0,-118.0,76.0,264.0,-141.0,-662.0
-380.0,515.0,114.0,181.0,34.0,-177.0,46.0,227.0,-127.0,-645.0
-428.0,526.0,136.0,127.0,63.0,-238.0,-5.0,339.0,-75.0,-649.0
-501.0,518.0,146.0,86.0,95.0,-275.0,88.0,162.0,30.0,-666.0
-555.0,533.0,138.0,56.0,125.0,-188.0,222.0,-48.0,103.0,-692.0
-574.0,593.0,141.0,13.0,140.0,-223.0,230.0,-114.0,116.0,-714.0
-570.0,610.0,95.0,-1.0,145.0,-392.0,173.0,-190.0,135.0,-752.0
-543.0,496.0,54.0,-13.0,144.0,-452.0,101.0,-133.0,191.0,-765.0
-510.0,287.0,15.0,-63.0,138.0,-404.0,-81.0,-131.0,231.0,-707.0
-502.0,50.0,-34.0,-105.0,128.0,-475.0,-175.0,179.0,187.0,-632.0
-501.0,-196.0,-56.0,-128.0,114.0,-628.0,-40.0,467.0,111.0,-531.0
-488.0,-444.0,-103.0,-141.0,104.0,-628.0,162.0,546.0,95.0,-413.0
-469.0,-673.0,-146.0,-145.0,108.0,-580.0,196.0,452.0,111.0,-286.0
-427.0,-837.0,-183.0,-159.0,129.0,-667.0,119.0,197.0,95.0,-166.0
-342.0,-896.0,-256.0,-171.0,156.0,-668.0,132.0,214.0,42.0,-61.0
-235.0,-910.0,-292.0,-150.0,174.0,-517.0,97.0,168.0,-43.0,34.0
-154.0,-936.0,-351.0,-138.0,184.0,-488.0,-146.0,195.0,-83.0,123.0
-110.0,-976.0,-405.0,-131.0,184.0,-582.0,-261.0,218.0,-34.0,183.0
-99.0,-1020.0,-430.0,-108.0,179.0,-581.0,-26.0,169.0,-42.0,193.0
-103.0,-1014.0,-506.0,-102.0,162.0,-488.0,193.0,275.0,-98.0,199.0
-97.0,-894.0,-518.0,-100.0,133.0,-482.0,182.0,240.0,-76.0,192.0
-106.0,-617.0,-530.0,-83.0,105.0,-536.0,26.0,219.0,2.0,190.0
-111.0,-261.0,-536.0,-63.0,85.0,-583.0,-177.0,166.0,36.0,231.0
-103.0,-25.0,-533.0,-38.0,64.0,-611.0,-262.0,173.0,-28.0,294.0
-100.0,26.0,-563.0,0.0,42.0,-584.0,-96.0,225.0,-116.0,348.0
-64.0,43.0,-577.0,16.0,29.0,-579.0,71.0,280.0,-147.0,374.0
3.0,142.0,-607.0,30.0,25.0,-466.0,-35.0,519.0,-135.0,380.0
52.0,247.0,-580.0,74.0,25.0,-393.0,-218.0,478.0,-88.0,350.0
48.0,257.0,-571.0,129.0,22.0,-542.0,-189.0,343.0,-17.0,270.0
9.0,215.0,-559.0,197.0,21.0,-644.0,74.0,253.0,31.0,179.0
0.0,215.0,-522.0,251.0,25.0,-597.0,313.0,168.0,57.0,90.0
30.0,284.0,-522.0,236.0,26.0,-400.0,239.0,210.0,70.0,-6.0
80.0,391.0,-494.0,186.0,16.0,-404.0,-60.0,267.0,72.0,-108.0
142.0,443.0,-482.0,139.0,-7.0,-573.0,-137.0,491.0,84.0,-189.0
198.0,412.0,-464.0,134.0,-40.0,-569.0,135.0,428.0,100.0,-231.0
239.0,357.0,-433.0,159.0,-74.0,-573.0,367.0,295.0,52.0,-258.0
251.0,286.0,-412.0,142.0,-99.0,-509.0,255.0,253.0,-56.0,-261.0
251.0,188.0,-379.0,121.0,-113.0,-396.0,-87.0,92.0,-119.0,-239.0
257.0,111.0,-336.0,56.0,-119.0,-378.0,-202.0,223.0,-148.0,-230.0
279.0,108.0,-281.0,-57.0,-120.0,-375.0,14.0,258.0,-159.0,-213.0
295.0,117.0,-236.0,-116.0,-122.0,-406.0,162.0,267.0,-161.0,-179.0
296.0,31.0,-213.0,-158.0,-124.0,-327.0,89.0,162.0,-173.0,-161.0
297.0,-155.0,-190.0,-164.0,-129.0,-258.0,95.0,1.0,-161.0,-168.0
251.0,-359.0,-217.0,-130.0,-136.0,-377.0,269.0,64.0,-167.0,-194.0
174.0,-499.0,-226.0,-108.0,-150.0,-396.0,345.0,-51.0,-204.0,-216.0
72.0,-570.0,-215.0,-76.0,-169.0,-402.0,249.0,22.0,-232.0,-237.0
-19.0,-604.0,-232.0,-49.0,-187.0,-490.0,114.0,131.0,-233.0,-272.0
-50.0,-676.0,-227.0,-21.0,-201.0,-571.0,206.0,64.0,-202.0,-314.0
-44.0,-797.0,-242.0,-1.0,-215.0,-565.0,532.0,11.0,-173.0,-353.0
-23.0,-822.0,-225.0,5.0,-236.0,-445.0,671.0,9.0,-160.0,-398.0
-19.0,-700.0,-199.0,17.0,-267.0,-479.0,335.0,64.0,-113.0,-470.0
-36.0,-572.0,-194.0,1.0,-299.0,-505.0,-115.0,7.0,-27.0,-525.0
-118.0,-480.0,-156.0,-33.0,-322.0,-461.0,-45.0,29.0,59.0,-558.0
-215.0,-295.0,-141.0,-46.0,-331.0,-461.0,344.0,-77.0,100.0,-594.0
-296.0,17.0,-133.0,-84.0,-330.0,-456.0,404.0,-51.0,127.0,-585.0
-367.0,333.0,-140.0,-133.0,-327.0,-522.0,179.0,114.0,223.0,-523.0
-410.0,564.0,-172.0,-149.0,-329.0,-473.0,100.0,138.0,306.0,-451.0
-444.0,738.0,-179.0,-180.0,-328.0,-483.0,132.0,336.0,362.0,-381.0
-441.0,922.0,-199.0,-186.0,-317.0,-557.0,101.0,419.0,435.0,-318.0
-441.0,1082.0,-230.0,-152.0,-297.0,-493.0,99.0,469.0,492.0,-243.0
-451.0,1133.0,-237.0,-96.0,-277.0,-543.0,177.0,382.0,524.0,-175.0
-491.0,1035.0,-245.0,-21.0,-255.0,-640.0,277.0,205.0,493.0,-130.0
-541.0,814.0,-269.0,50.0,-226.0,-701.0,264.0,107.0,439.0,-60.0
-578.0,546.0,-281.0,145.0,-197.0,-639.0,149.0,-147.0,388.0,26.0
-603.0,266.0,-274.0,238.0,-179.0,-586.0,41.0,-129.0,317.0,105.0
-610.0,-56.0,-295.0,295.0,-178.0,-692.0,55.0,-25.0,286.0,156.0
-631.0,-391.0,-274.0,311.0,-181.0,-688.0,289.0,164.0,289.0,193.0
-624.0,-637.0,-267.0,287.0,-177.0,-625.0,499.0,341.0,228.0,186.0
-601.0,-731.0,-304.0,276.0,-152.0,-538.0,355.0,253.0,114.0,97.0
-572.0,-685.0,-291.0,293.0,-109.0,-573.0,119.0,201.0,76.0,-17.0
-542.0,-550.0,-350.0,301.0,-59.0,-734.0,51.0,-27.0,74.0,-111.0
-510.0,-352.0,-391.0,311.0,-13.0,-630.0,34.0,-101.0,74.0,-200.0
-494.0,-98.0,-399.0,352.0,19.0,-454.0,118.0,-48.0,76.0,-285.0
-467.0,192.0,-460.0,385.0,39.0,-489.0,193.0,-25.0,35.0,-330.0
-407.0,480.0,-447.0,380.0,58.0,-592.0,48.0,22.0,25.0,-351.0
-340.0,684.0,-428.0,372.0,84.0,-542.0,-88.0,-131.0,53.0,-378.0
-234.0,749.0,-423.0,378.0,115.0,-425.0,-3.0,-138.0,64.0,-412.0
-149.0,744.0,-362.0,380.0,138.0,-443.0,22.0,-125.0,20.0,-401.0
-84.0,684.0,-326.0,374.0,148.0,-496.0,-96.0,-53.0,-54.0,-367.0
-62.0,534.0,-310.0,377.0,155.0,-563.0,-14.0,-36.0,-110.0,-385.0
-50.0,363.0,-278.0,353.0,164.0,-536.0,268.0,-62.0,-112.0,-402.0
-13.0,239.0,-258.0,321.0,176.0,-451.0,373.0,112.0,-39.0,-404.0
18.0,116.0,-258.0,320.0,181.0,-445.0,116.0,55.0,31.0,-435.0
87.0,-90.0,-227.0,332.0,174.0,-434.0,-135.0,142.0,46.0,-490.0
147.0,-281.0,-206.0,347.0,170.0,-520.0,31.0,236.0,27.0,-508.0
188.0,-373.0,-187.0,365.0,170.0,-550.0,363.0,286.0,-5.0,-512.0
200.0,-452.0,-135.0,397.0,161.0,-496.0,396.0,535.0,-17.0,-510.0
196.0,-525.0,-90.0,416.0,136.0,-484.0,178.0,563.0,12.0,-472.0
189.0,-545.0,-50.0,408.0,107.0,-478.0,12.0,578.0,36.0,-410.0
178.0,-544.0,-26.0,384.0,85.0,-530.0,76.0,500.0,49.0,-318.0
175.0,-579.0,8.0,343.0,59.0,-509.0,161.0,347.0,47.0,-259.0
188.0,-598.0,41.0,321.0,32.0,-571.0,53.0,171.0,13.0,-208.0
190.0,-512.0,64.0,303.0,16.0,-657.0,73.0,-20.0,-27.0,-148.0
166.0,-328.0,99.0,280.0,21.0,-592.0,225.0,-59.0,-42.0,-125.0
138.0,-75.0,124.0,253.0,50.0,-524.0,109.0,-105.0,-35.0,-115.0
90.0,173.0,137.0,203.0,89.0,-425.0,-169.0,-9.0,-20.0,-112.0
62.0,335.0,167.0,153.0,133.0,-464.0,-211.0,42.0,6.0,-119.0
28.0,475.0,164.0,119.0,184.0,-519.0,49.0,114.0,25.0,-151.0
3.0,632.0,170.0,72.0,235.0,-510.0,322.0,336.0,38.0,-188.0
-14.0,659.0,189.0,-10.0,270.0,-497.0,263.0,303.0,49.0,-208.0
-53.0,521.0,145.0,-107.0,280.0,-465.0,-39.0,160.0,98.0,-227.0
-97.0,350.0,150.0,-199.0,275.0,-489.0,-183.0,55.0,143.0,-240.0
-150.0,199.0,145.0,-279.0,260.0,-490.0,-22.0,53.0,100.0,-217.0
-185.0,-19.0,108.0,-357.0,238.0,-502.0,204.0,48.0,30.0,-158.0
-227.0,-354.0,123.0,-420.0,215.0,-376.0,176.0,5.0,8.0,-103.0
-258.0,-729.0,120.0,-449.0,201.0,-310.0,-34.0,24.0,56.0,-44.0
-297.0,-1085.0,121.0,-467.0,186.0,-386.0,-76.0,-84.0,91.0,38.0
-340.0,-1338.0,127.0,-453.0,150.0,-470.0,132.0,-60.0,85.0,132.0
-354.0,-1419.0,122.0,-454.0,99.0,-524.0,356.0,-68.0,90.0,193.0
-357.0,-1415.0,128.0,-452.0,44.0,-394.0,355.0,-22.0,88.0,249.0
-341.0,-1431.0,131.0,-408.0,-8.0,-350.0,54.0,229.0,46.0,311.0
-330.0,-1419.0,128.0,-382.0,-62.0,-379.0,-231.0,303.0,-50.0,370.0
-323.0,-1339.0,101.0,-347.0,-110.0,-406.0,-141.0,354.0,-125.0,410.0
-329.0,-1198.0,65.0,-302.0,-142.0,-429.0,102.0,271.0,-149.0,430.0
-315.0,-929.0,19.0,-280.0,-164.0,-467.0,199.0,349.0,-158.0,454.0
-285.0,-502.0,-27.0,-249.0,-180.0,-462.0,152.0,448.0,-175.0,433.0
-262.0,-29.0,-72.0,-197.0,-187.0,-438.0,28.0,417.0,-190.0,421.0
-230.0,343.0,-101.0,-135.0,-179.0,-563.0,-57.0,545.0,-184.0,429.0
-191.0,569.0,-83.0,-89.0,-166.0,-640.0,-26.0,367.0,-186.0,431.0
-139.0,658.0,-116.0,-33.0,-171.0,-667.0,90.0,247.0,-171.0,434.0
-102.0,689.0,-132.0,6.0,-186.0,-588.0,223.0,129.0,-147.0,421.0
-51.0,766.0,-121.0,-6.0,-202.0,-524.0,224.0,12.0,-134.0,435.0
-6.0,930.0,-146.0,-7.0,-216.0,-556.0,43.0,114.0,-105.0,430.0
30.0,1180.0,-130.0,-6.0,-227.0,-558.0,-88.0,27.0,-79.0,403.0
48.0,1422.0,-118.0,26.0,-229.0,-586.0,31.0,18.0,-79.0,381.0
46.0,1573.0,-120.0,72.0,-217.0,-600.0,265.0,-33.0,-99.0,371.0
50.0,1600.0,-120.0,113.0,-184.0,-605.0,269.0,-70.0,-82.0,355.0
33.0,1485.0,-107.0,163.0,-137.0,-535.0,-68.0,-68.0,3.0,282.0
-3.0,1284.0,-96.0,166.0,-94.0,-497.0,-333.0,-105.0,116.0,217.0
-70.0,1013.0,-121.0,180.0,-60.0,-575.0,-135.0,-14.0,181.0,159.0
-116.0,603.0,-116.0,182.0,-33.0,-626.0,340.0,-20.0,185.0,78.0
-138.0,57.0,-91.0,179.0,-14.0,-606.0,514.0,118.0,140.0,4.0
-121.0,-531.0,-111.0,223.0,-8.0,-558.0,180.0,229.0,104.0,-20.0
-97.0,-1102.0,-122.0,243.0,-13.0,-536.0,-141.0,230.0,128.0,-41.0
-74.0,-1600.0,-111.0,222.0,-30.0,-566.0,-88.0,232.0,142.0,-113.0
-52.0,-1963.0,-137.0,183.0,-61.0,-692.0,179.0,110.0,145.0,-166.0
-48.0,-2103.0,-148.0,162.0,-103.0,-809.0,327.0,99.0,164.0,-216.0
-18.0,-1868.0,-148.0,169.0,-139.0,-783.0,256.0,57.0,200.0,-275.0
-8.0,-1367.0,-172.0,192.0,-160.0,-695.0,193.0,94.0,254.0,-326.0
-6.0,-880.0,-170.0,221.0,-165.0,-646.0,188.0,103.0,302.0,-340.0
-28.0,-431.0,-175.0,262.0,-156.0,-701.0,136.0,81.0,318.0,-325.0
-45.0,31.0,-195.0,288.0,-128.0,-686.0,168.0,144.0,319.0,-363.0
-26.0,441.0,-195.0,297.0,-88.0,-582.0,255.0,-92.0,326.0,-406.0
-25.0,705.0,-186.0,318.0,-53.0,-588.0,155.0,-144.0,347.0,-415.0
-34.0,736.0,-175.0,324.0,-28.0,-632.0,18.0,3.0,369.0,-437.0
-54.0,524.0,-141.0,312.0,-12.0,-651.0,32.0,232.0,367.0,-473.0
-47.0,221.0,-89.0,294.0,-4.0,-622.0,109.0,517.0,320.0,-453.0
-34.0,-37.0,-70.0,243.0,-2.0,-636.0,177.0,456.0,245.0,-400.0
-27.0,-311.0,-23.0,204.0,-1.0,-700.0,72.0,240.0,207.0,-366.0
-18.0,-619.0,18.0,188.0,7.0,-665.0,-211.0,-84.0,198.0,-325.0
-9.0,-815.0,32.0,163.0,23.0,-496.0,-215.0,-197.0,193.0,-254.0
-3.0,-785.0,64.0,125.0,38.0,-403.0,189.0,-240.0,213.0,-176.0
10.0,-576.0,58.0,110.0,40.0,-473.0,446.0,-284.0,234.0,-138.0
43.0,-273.0,74.0,135.0,26.0,-473.0,232.0,-79.0,228.0,-92.0
77.0,144.0,72.0,155.0,2.0,-486.0,-152.0,-83.0,233.0,-45.0
117.0,605.0,64.0,187.0,-17.0,-515.0,-240.0,-9.0,261.0,-41.0
126.0,980.0,77.0,239.0,-18.0,-511.0,-62.0,138.0,283.0,-71.0
124.0,1276.0,43.0,279.0,-4.0,-482.0,17.0,260.0,289.0,-117.0
141.0,1484.0,35.0,289.0,20.0,-453.0,-21.0,378.0,276.0,-149.0
155.0,1594.0,22.0,297.0,52.0,-534.0,-75.0,295.0,227.0,-185.0
156.0,1612.0,5.0,305.0,91.0,-550.0,-116.0,229.0,126.0,-226.0
144.0,1590.0,5.0,261.0,136.0,-514.0,-104.0,27.0,18.0,-233.0
141.0,1523.0,14.0,199.0,172.0,-493.0,-42.0,7.0,-66.0,-216.0
126.0,1305.0,34.0,129.0,194.0,-459.0,12.0,-20.0,-124.0,-240.0
121.0,955.0,47.0,58.0,198.0,-427.0,15.0,-157.0,-159.0,-287.0
126.0,477.0,80.0,-20.0,182.0,-431.0,9.0,11.0,-185.0,-293.0
111.0,-68.0,109.0,-105.0,152.0,-490.0,14.0,75.0,-206.0,-288.0
77.0,-546.0,144.0,-134.0,118.0,-418.0,-14.0,168.0,-191.0,-266.0
15.0,-885.0,200.0,-147.0,77.0,-367.0,-71.0,60.0,-116.0,-190.0
-36.0,-1088.0,239.0,-159.0,37.0,-477.0,-148.0,-144.0,-57.0,-76.0
-79.0,-1175.0,275.0,-141.0,17.0,-559.0,-210.0,-73.0,-26.0,39.0
-131.0,-1111.0,288.0,-107.0,25.0,-555.0,-235.0,188.0,24.0,132.0
-173.0,-957.0,287.0,-85.0,43.0,-434.0,-247.0,611.0,90.0,247.0
-206.0,-888.0,297.0,-91.0,46.0,-471.0,-197.0,498.0,149.0,376.0
-224.0,-979.0,276.0,-128.0,38.0,-646.0,-116.0,293.0,176.0,475.0
-218.0,-1111.0,253.0,-195.0,43.0,-650.0,-102.0,175.0,194.0,578.0
-207.0,-1209.0,233.0,-224.0,72.0,-592.0,-205.0,3.0,237.0,685.0
-187.0,-1227.0,213.0,-189.0,107.0,-596.0,-356.0,140.0,275.0,759.0
-164.0,-1060.0,219.0,-141.0,136.0,-664.0,-405.0,157.0,272.0,798.0
-142.0,-787.0,198.0,-76.0,164.0,-618.0,-321.0,123.0,244.0,818.0
-126.0,-500.0,205.0,-9.0,182.0,-557.0,-180.0,55.0,188.0,838.0
-134.0,-166.0,219.0,-3.0,184.0,-606.0,-199.0,68.0,123.0,839.0
-155.0,153.0,232.0,-13.0,166.0,-542.0,-291.0,83.0,90.0,826.0
-167.0,369.0,270.0,21.0,140.0,-394.0,-194.0,16.0,62.0,815.0
-153.0,529.0,282.0,79.0,114.0,-305.0,-87.0,59.0,-2.0,787.0
-127.0,702.0,296.0,164.0,86.0,-412.0,-179.0,-64.0,-103.0,714.0
-81.0,853.0,297.0,264.0,56.0,-535.0,-294.0,-116.0,-180.0,614.0
-6.0,966.0,292.0,346.0,33.0,-394.0,-156.0,-229.0,-225.0,520.0
73.0,1094.0,292.0,390.0,12.0,-333.0,54.0,-330.0,-260.0,409.0
140.0,1244.0,278.0,433.0,-22.0,-477.0,61.0,-168.0,-274.0,306.0
193.0,1302.0,253.0,468.0,-65.0,-486.0,-21.0,31.0,-286.0,246.0
235.0,1211.0,219.0,461.0,-98.0,-422.0,-18.0,162.0,-285.0,205.0
274.0,1028.0,204.0,435.0,-119.0,-434.0,36.0,70.0,-277.0,154.0
311.0,859.0,168.0,368.0,-132.0,-434.0,34.0,24.0,-281.0,114.0
337.0,808.0,151.0,259.0,-132.0,-447.0,-46.0,-51.0,-288.0,112.0
354.0,826.0,126.0,159.0,-129.0,-501.0,-194.0,-60.0,-302.0,93.0
375.0,738.0,61.0,67.0,-127.0,-467.0,-222.0,86.0,-289.0,52.0
398.0,458.0,32.0,-27.0,-123.0,-367.0,24.0,114.0,-243.0,41.0
420.0,126.0,-31.0,-92.0,-114.0,-333.0,260.0,295.0,-181.0,48.0
443.0,-124.0,-61.0,-101.0,-96.0,-388.0,153.0,328.0,-108.0,43.0
443.0,-305.0,-68.0,-111.0,-71.0,-442.0,-152.0,304.0,-55.0,11.0
429.0,-434.0,-114.0,-155.0,-44.0,-422.0,-308.0,325.0,-33.0,15.0
385.0,-503.0,-106.0,-175.0,-12.0,-434.0,-174.0,112.0,-34.0,42.0
337.0,-534.0,-110.0,-166.0,29.0,-484.0,180.0,-96.0,-22.0,35.0
290.0,-575.0,-132.0,-172.0,73.0,-428.0,414.0,-471.0,26.0,19.0
246.0,-633.0,-131.0,-201.0,110.0,-348.0,245.0,-537.0,80.0,23.0
227.0,-684.0,-131.0,-198.0,143.0,-386.0,-45.0,-253.0,122.0,9.0
210.0,-679.0,-124.0,-178.0,174.0,-538.0,-158.0,-27.0,136.0,-47.0
184.0,-612.0,-123.0,-167.0,210.0,-566.0,-125.0,277.0,105.0,-80.0
138.0,-550.0,-108.0,-151.0,236.0,-344.0,40.0,375.0,52.0,-112.0
90.0,-503.0,-92.0,-185.0,241.0,-244.0,236.0,467.0,-3.0,-170.0
41.0,-433.0,-70.0,-255.0,237.0,-315.0,225.0,539.0,-36.0,-235.0
18.0,-339.0,-26.0,-316.0,225.0,-329.0,16.0,439.0,-36.0,-272.0
20.0,-222.0,-6.0,-379.0,191.0,-262.0,-127.0,251.0,-14.0,-283.0
24.0,-60.0,36.0,-429.0,140.0,-248.0,-48.0,-131.0,17.0,-298.0
30.0,158.0,63.0,-486.0,81.0,-327.0,162.0,-319.0,43.0,-272.0
31.0,392.0,79.0,-540.0,19.0,-219.0,244.0,-271.0,46.0,-198.0
36.0,608.0,96.0,-560.0,-36.0,-114.0,91.0,-72.0,50.0,-129.0
21.0,754.0,108.0,-582.0,-83.0,-118.0,-76.0,110.0,68.0,-83.0
17.0,684.0,131.0,-593.0,-120.0,-89.0,-79.0,68.0,95.0,-14.0
24.0,398.0,144.0,-597.0,-154.0,-92.0,6.0,36.0,123.0,56.0
32.0,104.0,189.0,-578.0,-187.0,-106.0,48.0,-94.0,125.0,102.0
68.0,-148.0,211.0,-548.0,-215.0,-89.0,4.0,-109.0,121.0,142.0
95.0,-422.0,238.0,-520.0,-234.0,6.0,-47.0,-55.0,141.0,209.0
106.0,-673.0,272.0,-467.0,-248.0,105.0,52.0,-99.0,203.0,308.0
109.0,-853.0,267.0,-456.0,-256.0,91.0,178.0,-107.0,289.0,374.0
108.0,-980.0,295.0,-440.0,-250.0,-24.0,182.0,-101.0,355.0,429.0
124.0,-1084.0,298.0,-429.0,-225.0,-25.0,129.0,109.0,374.0,519.0
118.0,-1130.0,283.0,-419.0,-188.0,27.0,-43.0,84.0,407.0,580.0
113.0,-1120.0,303.0,-331.0,-147.0,-56.0,-218.0,68.0,479.0,586.0
117.0,-1121.0,295.0,-228.0,-107.0,-105.0,-246.0,199.0,536.0,606.0
101.0,-1105.0,291.0,-89.0,-68.0,3.0,-154.0,97.0,602.0,627.0
90.0,-987.0,327.0,69.0,-30.0,107.0,0.0,12.0,650.0,618.0
69.0,-728.0,343.0,200.0,8.0,116.0,77.0,-147.0,682.0,619.0
63.0,-386.0,370.0,311.0,44.0,145.0,-35.0,-157.0,700.0,654.0
68.0,-81.0,407.0,398.0,69.0,205.0,-192.0,11.0,700.0,710.0
80.0,166.0,437.0,435.0,87.0,219.0,-204.0,223.0,693.0,736.0
95.0,425.0,496.0,452.0,101.0,83.0,-116.0,201.0,660.0,734.0
108.0,688.0,516.0,465.0,107.0,2.0,56.0,-157.0,638.0,749.0
106.0,860.0,543.0,451.0,94.0,62.0,168.0,-338.0,642.0,736.0
99.0,965.0,571.0,453.0,70.0,79.0,76.0,-288.0,651.0,678.0
124.0,1073.0,539.0,455.0,47.0,60.0,-29.0,49.0,639.0,621.0
164.0,1143.0,546.0,459.0,36.0,75.0,0.0,218.0,612.0,553.0
206.0,1199.0,527.0,419.0,45.0,143.0,65.0,81.0,593.0,458.0
208.0,1221.0,481.0,376.0,71.0,141.0,20.0,59.0,583.0,338.0
196.0,1080.0,432.0,358.0,96.0,127.0,-92.0,77.0,574.0,234.0
185.0,768.0,371.0,336.0,113.0,196.0,-119.0,253.0,538.0,152.0
167.0,391.0,317.0,356.0,113.0,237.0,6.0,279.0,471.0,82.0
159.0,3.0,261.0,370.0,100.0,179.0,132.0,103.0,398.0,50.0
162.0,-386.0,222.0,362.0,79.0,43.0,118.0,-86.0,338.0,63.0
178.0,-674.0,145.0,364.0,55.0,-43.0,34.0,-247.0,272.0,102.0
183.0,-782.0,90.0,377.0,35.0,-35.0,-39.0,-36.0,229.0,126.0
171.0,-732.0,12.0,373.0,17.0,-26.0,-48.0,70.0,206.0,167.0
162.0,-549.0,-90.0,375.0,8.0,-22.0,24.0,-20.0,191.0,234.0
166.0,-283.0,-178.0,365.0,1.0,-37.0,105.0,-109.0,181.0,295.0
175.0,-9.0,-286.0,322.0,-10.0,-28.0,141.0,-149.0,165.0,349.0
182.0,254.0,-343.0,262.0,-21.0,69.0,80.0,20.0,163.0,424.0
167.0,511.0,-409.0,180.0,-35.0,150.0,-68.0,253.0,120.0,519.0
173.0,736.0,-437.0,115.0,-51.0,51.0,-125.0,559.0,55.0,592.0
182.0,920.0,-444.0,85.0,-62.0,-106.0,26.0,550.0,6.0,658.0
185.0,967.0,-461.0,75.0,-66.0,-112.0,254.0,502.0,-14.0,724.0
187.0,849.0,-452.0,51.0,-59.0,-74.0,344.0,487.0,7.0,789.0
186.0,663.0,-474.0,34.0,-39.0,-77.0,206.0,131.0,25.0,805.0
198.0,492.0,-463.0,54.0,-6.0,-66.0,-29.0,-160.0,42.0,797.0
207.0,383.0,-457.0,86.0,25.0,0.0,-190.0,-310.0,66.0,824.0
234.0,294.0,-448.0,100.0,51.0,0.0,-163.0,-121.0,69.0,801.0
262.0,200.0,-420.0,128.0,76.0,6.0,35.0,105.0,60.0,733.0
307.0,160.0,-408.0,165.0,101.0,134.0,158.0,194.0,76.0,667.0
343.0,186.0,-382.0,196.0,117.0,206.0,74.0,123.0,73.0,605.0
371.0,227.0,-359.0,252.0,130.0,204.0,-57.0,-86.0,44.0,519.0
394.0,268.0,-315.0,298.0,149.0,106.0,-95.0,64.0,6.0,418.0
396.0,275.0,-291.0,330.0,161.0,49.0,-3.0,-48.0,-38.0,352.0
407.0,248.0,-272.0,345.0,151.0,169.0,171.0,-262.0,-84.0,280.0
404.0,221.0,-196.0,360.0,122.0,233.0,243.0,-254.0,-139.0,175.0
395.0,231.0,-134.0,376.0,91.0,183.0,164.0,-330.0,-141.0,77.0
368.0,278.0,-60.0,386.0,72.0,135.0,44.0,-118.0,-129.0,7.0
341.0,194.0,25.0,397.0,71.0,242.0,-54.0,109.0,-131.0,-82.0
320.0,-22.0,89.0,343.0,78.0,338.0,-34.0,232.0,-141.0,-161.0
282.0,-233.0,152.0,254.0,78.0,279.0,-4.0,290.0,-191.0,-194.0
256.0,-429.0,188.0,171.0,71.0,304.0,-48.0,295.0,-214.0,-207.0
249.0,-539.0,240.0,97.0,62.0,265.0,-67.0,351.0,-237.0,-228.0
230.0,-502.0,267.0,58.0,48.0,165.0,51.0,306.0,-278.0,-240.0
217.0,-392.0,306.0,24.0,28.0,160.0,318.0,299.0,-301.0,-220.0
200.0,-276.0,359.0,-32.0,13.0,173.0,423.0,88.0,-315.0,-203.0
171.0,-166.0,368.0,-66.0,15.0,146.0,193.0,-136.0,-302.0,-187.0
141.0,-68.0,404.0,-62.0,31.0,50.0,-120.0,-116.0,-270.0,-165.0
81.0,65.0,413.0,-68.0,52.0,41.0,-191.0,-38.0,-256.0,-139.0
33.0,257.0,416.0,-75.0,82.0,89.0,23.0,72.0,-241.0,-162.0
-8.0,405.0,433.0,-88.0,124.0,104.0,332.0,60.0,-200.0,-216.0
-34.0,333.0,455.0,-114.0,159.0,184.0,391.0,73.0,-155.0,-239.0
-36.0,15.0,481.0,-168.0,170.0,280.0,123.0,-33.0,-115.0,-294.0
-48.0,-372.0,493.0,-243.0,169.0,205.0,-71.0,-11.0,-96.0,-382.0
-55.0,-714.0,534.0,-297.0,177.0,62.0,-10.0,70.0,-75.0,-440.0
-51.0,-1018.0,547.0,-349.0,198.0,43.0,117.0,-48.0,-72.0,-472.0
-24.0,-1346.0,557.0,-392.0,212.0,159.0,141.0,142.0,-81.0,-512.0
6.0,-1724.0,577.0,-454.0,210.0,305.0,38.0,203.0,-73.0,-546.0
42.0,-2043.0,571.0,-523.0,186.0,247.0,-109.0,323.0,-109.0,-560.0
69.0,-2150.0,593.0,-565.0,135.0,200.0,-157.0,489.0,-151.0,-550.0
104.0,-2011.0,584.0,-594.0,74.0,332.0,3.0,389.0,-179.0,-557.0
133.0,-1698.0,591.0,-574.0,20.0,425.0,204.0,360.0,-198.0,-564.0
145.0,-1348.0,592.0,-535.0,-10.0,439.0,116.0,79.0,-228.0,-527.0
160.0,-1056.0,557.0,-474.0,-14.0,379.0,-208.0,-177.0,-282.0,-496.0
173.0,-727.0,559.0,-396.0,-6.0,365.0,-367.0,-378.0,-322.0,-472.0
202.0,-305.0,517.0,-328.0,0.0,383.0,-169.0,-363.0,-350.0,-434.0
219.0,127.0,479.0,-266.0,-1.0,312.0,93.0,68.0,-366.0,-364.0
228.0,507.0,465.0,-221.0,-4.0,242.0,96.0,338.0,-366.0,-306.0
225.0,808.0,436.0,-206.0,-2.0,191.0,-102.0,482.0,-354.0,-246.0
231.0,1039.0,413.0,-228.0,3.0,218.0,-262.0,412.0,-348.0,-142.0
254.0,1126.0,400.0,-277.0,1.0,335.0,-199.0,266.0,-331.0,-56.0
263.0,959.0,383.0,-333.0,-15.0,390.0,24.0,96.0,-309.0,21.0
269.0,587.0,366.0,-382.0,-43.0,384.0,144.0,-177.0,-314.0,139.0
267.0,235.0,358.0,-425.0,-66.0,388.0,34.0,-273.0,-361.0,281.0
252.0,96.0,326.0,-457.0,-74.0,355.0,-174.0,-301.0,-420.0,406.0
236.0,136.0,296.0,-449.0,-59.0,267.0,-332.0,-38.0,-420.0,547.0
229.0,173.0,253.0,-393.0,-31.0,154.0,-360.0,254.0,-389.0,695.0
230.0,129.0,200.0,-328.0,-3.0,66.0,-207.0,487.0,-368.0,801.0
247.0,108.0,168.0,-219.0,10.0,89.0,-20.0,727.0,-342.0,873.0
252.0,214.0,128.0,-68.0,-5.0,91.0,-27.0,644.0,-293.0,914.0
248.0,400.0,96.0,69.0,-46.0,52.0,-183.0,574.0,-227.0,942.0
238.0,590.0,72.0,170.0,-89.0,95.0,-286.0,286.0,-191.0,934.0
216.0,766.0,52.0,238.0,-114.0,111.0,-263.0,18.0,-171.0,895.0
200.0,932.0,33.0,302.0,-128.0,68.0,-166.0,-51.0,-128.0,855.0
195.0,1059.0,20.0,332.0,-143.0,60.0,-140.0,-144.0,-93.0,808.0
222.0,1030.0,20.0,349.0,-164.0,114.0,-216.0,27.0,-67.0,747.0
268.0,748.0,21.0,372.0,-189.0,132.0,-237.0,68.0,-48.0,677.0
310.0,295.0,28.0,364.0,-210.0,87.0,-130.0,77.0,-29.0,638.0
319.0,-139.0,41.0,356.0,-227.0,54.0,-21.0,192.0,10.0,605.0
316.0,-463.0,61.0,335.0,-230.0,114.0,-44.0,317.0,46.0,581.0
323.0,-706.0,98.0,308.0,-208.0,179.0,-180.0,461.0,92.0,590.0
322.0,-833.0,129.0,290.0,-172.0,80.0,-294.0,430.0,159.0,624.0
313.0,-766.0,174.0,290.0,-139.0,78.0,-261.0,380.0,220.0,687.0
301.0,-591.0,222.0,323.0,-123.0,195.0,-186.0,269.0,268.0,723.0
289.0,-443.0,245.0,373.0,-126.0,164.0,-191.0,171.0,289.0,759.0
267.0,-310.0,286.0,445.0,-138.0,43.0,-247.0,-9.0,283.0,790.0
232.0,-158.0,321.0,507.0,-146.0,47.0,-246.0,-234.0,269.0,769.0
169.0,-12.0,348.0,553.0,-140.0,210.0,-84.0,-284.0,246.0,736.0
104.0,106.0,391.0,592.0,-111.0,280.0,129.0,-308.0,242.0,687.0
67.0,234.0,431.0,631.0,-70.0,183.0,131.0,-131.0,265.0,629.0
40.0,479.0,474.0,652.0,-27.0,152.0,-74.0,-25.0,279.0,591.0
21.0,790.0,486.0,626.0,16.0,294.0,-196.0,73.0,285.0,555.0
19.0,963.0,498.0,584.0,55.0,351.0,-203.0,229.0,299.0,543.0
25.0,967.0,513.0,524.0,89.0,251.0,-247.0,243.0,322.0,542.0
19.0,879.0,495.0,482.0,117.0,219.0,-334.0,260.0,337.0,525.0
7.0,723.0,497.0,477.0,150.0,249.0,-342.0,-7.0,327.0,508.0
15.0,532.0,489.0,481.0,197.0,311.0,-231.0,-92.0,301.0,483.0
36.0,389.0,464.0,490.0,245.0,390.0,-102.0,-101.0,274.0,445.0
61.0,354.0,439.0,478.0,278.0,374.0,-98.0,-138.0,242.0,396.0
98.0,374.0,406.0,436.0,283.0,373.0,-283.0,-105.0,196.0,353.0
153.0,356.0,348.0,384.0,265.0,386.0,-421.0,-321.0,145.0,304.0
222.0,336.0,301.0,337.0,228.0,422.0,-361.0,-84.0,56.0,242.0
285.0,394.0,264.0,301.0,185.0,505.0,-220.0,36.0,-34.0,174.0
325.0,456.0,162.0,262.0,133.0,460.0,-199.0,-158.0,-69.0,100.0
371.0,416.0,98.0,194.0,80.0,404.0,-334.0,-267.0,-89.0,5.0
421.0,360.0,42.0,137.0,38.0,369.0,-394.0,-458.0,-110.0,-105.0
455.0,349.0,-55.0,109.0,8.0,338.0,-349.0,-306.0,-97.0,-190.0
493.0,256.0,-105.0,114.0,-7.0,292.0,-232.0,-173.0,-43.0,-262.0
524.0,17.0,-164.0,109.0,-13.0,251.0,-127.0,-173.0,7.0,-336.0
573.0,-221.0,-229.0,83.0,-10.0,329.0,-224.0,-171.0,33.0,-375.0
630.0,-286.0,-269.0,30.0,12.0,413.0,-437.0,-171.0,26.0,-379.0
667.0,-186.0,-317.0,-53.0,47.0,444.0,-476.0,-96.0,-2.0,-379.0
691.0,2.0,-366.0,-100.0,89.0,362.0,-284.0,-194.0,-52.0,-374.0
696.0,207.0,-405.0,-132.0,132.0,209.0,-99.0,-232.0,-102.0,-358.0
703.0,354.0,-441.0,-136.0,167.0,196.0,-32.0,-192.0,-127.0,-324.0
698.0,394.0,-460.0,-89.0,196.0,241.0,-100.0,-131.0,-144.0,-295.0
704.0,387.0,-471.0,-58.0,220.0,233.0,-225.0,25.0,-170.0,-289.0
711.0,515.0,-491.0,-19.0,235.0,231.0,-216.0,157.0,-217.0,-261.0
705.0,742.0,-472.0,37.0,242.0,146.0,-91.0,227.0,-263.0,-229.0
682.0,881.0,-456.0,55.0,239.0,141.0,-7.0,12.0,-289.0,-199.0
611.0,900.0,-446.0,57.0,237.0,269.0,-65.0,-199.0,-277.0,-154.0
541.0,817.0,-412.0,55.0,236.0,324.0,-260.0,-421.0,-217.0,-95.0
484.0,692.0,-424.0,28.0,222.0,240.0,-391.0,-618.0,-117.0,-44.0
438.0,624.0,-419.0,-21.0,192.0,104.0,-257.0,-362.0,-12.0,-20.0
398.0,589.0,-418.0,-73.0,145.0,127.0,-19.0,-131.0,41.0,19.0
367.0,479.0,-437.0,-119.0,100.0,196.0,24.0,75.0,61.0,75.0
345.0,247.0,-427.0,-138.0,69.0,271.0,-97.0,201.0,89.0,109.0
318.0,-39.0,-435.0,-166.0,38.0,269.0,-163.0,138.0,134.0,137.0
284.0,-296.0,-413.0,-231.0,-5.0,213.0,-93.0,5.0,196.0,174.0
263.0,-517.0,-416.0,-283.0,-58.0,199.0,84.0,-88.0,224.0,199.0
245.0,-725.0,-431.0,-311.0,-101.0,171.0,224.0,-64.0,234.0,188.0
201.0,-947.0,-418.0,-349.0,-134.0,219.0,144.0,-227.0,201.0,167.0
177.0,-1181.0,-415.0,-402.0,-166.0,305.0,-34.0,-101.0,104.0,161.0
149.0,-1377.0,-402.0,-403.0,-199.0,341.0,-37.0,-123.0,38.0,125.0
122.0,-1474.0,-367.0,-378.0,-224.0,227.0,48.0,-256.0,0.0,70.0
103.0,-1455.0,-350.0,-370.0,-231.0,190.0,82.0,-27.0,-60.0,47.0
85.0,-1403.0,-340.0,-361.0,-224.0,300.0,67.0,-27.0,-133.0,35.0
77.0,-1369.0,-305.0,-358.0,-209.0,322.0,-119.0,31.0,-172.0,7.0
53.0,-1288.0,-283.0,-364.0,-197.0,253.0,-305.0,90.0,-187.0,-1.0
43.0,-1090.0,-243.0,-372.0,-186.0,302.0,-244.0,110.0,-208.0,19.0
40.0,-833.0,-225.0,-361.0,-167.0,444.0,-40.0,-12.0,-234.0,31.0
40.0,-570.0,-181.0,-348.0,-136.0,433.0,91.0,-234.0,-257.0,31.0
52.0,-308.0,-125.0,-301.0,-97.0,502.0,1.0,-206.0,-258.0,34.0
57.0,-91.0,-91.0,-234.0,-69.0,562.0,-166.0,-266.0,-244.0,51.0
45.0,3.0,-12.0,-155.0,-54.0,496.0,-154.0,-62.0,-213.0,46.0
13.0,-35.0,61.0,-38.0,-48.0,448.0,-71.0,195.0,-173.0,12.0
-17.0,-90.0,150.0,76.0,-58.0,438.0,-90.0,291.0,-143.0,-3.0
-40.0,-154.0,208.0,159.0,-78.0,550.0,-91.0,432.0,-143.0,-20.0
-66.0,-229.0,271.0,211.0,-91.0,492.0,-98.0,408.0,-171.0,-43.0
-82.0,-214.0,333.0,242.0,-74.0,315.0,-90.0,280.0,-167.0,-48.0
-117.0,-129.0,348.0,273.0,-31.0,318.0,29.0,-79.0,-99.0,-26.0
-168.0,21.0,410.0,303.0,12.0,487.0,48.0,-304.0,-28.0,12.0
-179.0,284.0,430.0,297.0,48.0,629.0,-40.0,-389.0,8.0,36.0
-191.0,599.0,462.0,269.0,78.0,523.0,-112.0,-498.0,41.0,75.0
-195.0,888.0,490.0,256.0,101.0,429.0,-183.0,-376.0,83.0,149.0
-201.0,1150.0,467.0,232.0,117.0,487.0,-189.0,-229.0,116.0,187.0
-237.0,1367.0,480.0,199.0,126.0,563.0,-87.0,105.0,121.0,227.0
-276.0,1423.0,417.0,150.0,135.0,569.0,115.0,291.0,109.0,307.0
-328.0,1304.0,374.0,102.0,157.0,534.0,260.0,186.0,62.0,378.0
-371.0,1063.0,336.0,59.0,187.0,577.0,188.0,-25.0,6.0,433.0
-398.0,702.0,262.0,24.0,212.0,622.0,9.0,-369.0,-20.0,474.0
-390.0,274.0,263.0,11.0,225.0,664.0,-91.0,-436.0,-58.0,527.0
-363.0,-103.0,220.0,-21.0,218.0,652.0,-68.0,-439.0,-100.0,552.0
-327.0,-323.0,202.0,-50.0,197.0,502.0,-49.0,-262.0,-130.0,536.0
-272.0,-364.0,201.0,-72.0,166.0,396.0,-85.0,-66.0,-149.0,518.0
-233.0,-214.0,175.0,-98.0,123.0,519.0,-140.0,-120.0,-143.0,520.0
-205.0,60.0,172.0,-83.0,71.0,611.0,-176.0,-162.0,-142.0,508.0
-185.0,240.0,133.0,-44.0,19.0,535.0,-129.0,-393.0,-155.0,487.0
-148.0,203.0,125.0,2.0,-31.0,479.0,-47.0,-388.0,-141.0,532.0
-128.0,90.0,97.0,36.0,-79.0,474.0,51.0,-291.0,-87.0,582.0
-114.0,48.0,56.0,62.0,-111.0,588.0,124.0,-295.0,0.0,611.0
-96.0,77.0,43.0,92.0,-132.0,570.0,90.0,-290.0,87.0,660.0
-78.0,212.0,-9.0,117.0,-152.0,442.0,-28.0,-389.0,156.0,733.0
-53.0,425.0,-49.0,137.0,-171.0,436.0,-105.0,-254.0,192.0,779.0
-67.0,618.0,-80.0,148.0,-181.0,499.0,-62.0,-291.0,236.0,793.0
-78.0,819.0,-112.0,162.0,-172.0,688.0,-4.0,-489.0,321.0,824.0
-90.0,1134.0,-134.0,169.0,-148.0,836.0,21.0,-622.0,401.0,853.0
-77.0,1537.0,-157.0,152.0,-118.0,752.0,12.0,-709.0,476.0,845.0
-70.0,1902.0,-166.0,126.0,-85.0,454.0,3.0,-598.0,526.0,832.0
-58.0,2157.0,-190.0,116.0,-45.0,386.0,37.0,-511.0,517.0,842.0
-10.0,2264.0,-210.0,88.0,-6.0,637.0,64.0,-351.0,484.0,833.0
25.0,2246.0,-210.0,24.0,26.0,765.0,41.0,-208.0,457.0,796.0
67.0,2053.0,-232.0,-24.0,59.0,695.0,-85.0,-162.0,402.0,752.0
92.0,1603.0,-260.0,-48.0,94.0,515.0,-218.0,-155.0,322.0,729.0
111.0,1016.0,-264.0,-92.0,125.0,461.0,-188.0,-201.0,263.0,700.0
109.0,452.0,-263.0,-97.0,152.0,471.0,-35.0,-199.0,217.0,645.0
128.0,-73.0,-236.0,-62.0,178.0,404.0,61.0,-271.0,170.0,623.0
147.0,-583.0,-210.0,-38.0,197.0,427.0,50.0,-245.0,118.0,602.0
173.0,-1019.0,-224.0,-14.0,195.0,535.0,-82.0,-214.0,60.0,550.0
213.0,-1256.0,-186.0,3.0,173.0,590.0,-235.0,-230.0,16.0,498.0
220.0,-1318.0,-191.0,11.0,144.0,516.0,-176.0,-153.0,4.0,471.0
235.0,-1291.0,-222.0,0.0,117.0,480.0,-8.0,-203.0,20.0,425.0
234.0,-1157.0,-202.0,0.0,88.0,525.0,8.0,-57.0,38.0,333.0
245.0,-995.0,-230.0,17.0,57.0,496.0,-147.0,36.0,59.0,258.0
246.0,-913.0,-235.0,18.0,26.0,469.0,-258.0,-46.0,82.0,197.0
252.0,-874.0,-224.0,41.0,-1.0,430.0,-211.0,-25.0,101.0,93.0
266.0,-789.0,-206.0,64.0,-22.0,338.0,-95.0,-190.0,112.0,-42.0
268.0,-642.0,-181.0,100.0,-34.0,342.0,31.0,-168.0,115.0,-147.0
271.0,-498.0,-135.0,171.0,-34.0,441.0,42.0,-70.0,135.0,-264.0
249.0,-475.0,-77.0,207.0,-22.0,490.0,-111.0,-118.0,164.0,-422.0
235.0,-559.0,-48.0,215.0,-9.0,467.0,-201.0,-291.0,160.0,-577.0
213.0,-654.0,3.0,193.0,-4.0,421.0,-139.0,-548.0,135.0,-718.0
204.0,-730.0,35.0,159.0,-4.0,525.0,-121.0,-613.0,96.0,-876.0
192.0,-684.0,91.0,123.0,-4.0,726.0,-124.0,-611.0,10.0,-1080.0
175.0,-448.0,148.0,48.0,-1.0,583.0,-45.0,-267.0,-109.0,-1244.0
164.0,-117.0,182.0,3.0,5.0,358.0,29.0,112.0,-225.0,-1382.0
119.0,176.0,242.0,-40.0,17.0,425.0,12.0,277.0,-331.0,-1544.0
69.0,363.0,267.0,-73.0,33.0,518.0,-107.0,271.0,-436.0,-1675.0
29.0,430.0,288.0,-80.0,48.0,580.0,-224.0,55.0,-508.0,-1763.0
-1.0,403.0,324.0,-107.0,43.0,562.0,-216.0,38.0,-571.0,-1827.0
-54.0,310.0,336.0,-104.0,20.0,514.0,-135.0,-86.0,-648.0,-1897.0
-103.0,161.0,354.0,-98.0,-11.0,476.0,-116.0,-218.0,-704.0,-1934.0
-141.0,-30.0,390.0,-102.0,-45.0,419.0,-188.0,-332.0,-722.0,-1934.0
-179.0,-238.0,404.0,-81.0,-76.0,436.0,-225.0,-515.0,-712.0,-1940.0
-221.0,-349.0,411.0,-56.0,-107.0,468.0,-119.0,-491.0,-675.0,-1950.0
-280.0,-311.0,437.0,-15.0,-136.0,517.0,1.0,-513.0,-602.0,-1930.0
-320.0,-173.0,447.0,13.0,-149.0,418.0,-17.0,-456.0,-506.0,-1882.0
-353.0,-13.0,433.0,-12.0,-135.0,373.0,-134.0,-489.0,-410.0,-1851.0
-376.0,83.0,434.0,-23.0,-96.0,445.0,-154.0,-434.0,-329.0,-1785.0
-397.0,101.0,420.0,-3.0,-45.0,431.0,-105.0,-290.0,-245.0,-1675.0
-415.0,113.0,399.0,16.0,-2.0,523.0,-103.0,-345.0,-145.0,-1549.0
-411.0,176.0,401.0,23.0,32.0,553.0,-73.0,-197.0,-47.0,-1429.0
-413.0,270.0,415.0,-1.0,64.0,530.0,-95.0,-201.0,40.0,-1290.0
-428.0,317.0,419.0,-34.0,93.0,390.0,-203.0,-338.0,127.0,-1110.0
-447.0,265.0,426.0,-76.0,115.0,289.0,-339.0,-363.0,217.0,-972.0
-449.0,161.0,443.0,-104.0,118.0,371.0,-387.0,-216.0,262.0,-849.0
-460.0,8.0,436.0,-109.0,109.0,316.0,-275.0,38.0,278.0,-684.0
-461.0,-156.0,419.0,-131.0,93.0,330.0,-148.0,184.0,277.0,-522.0
-433.0,-159.0,382.0,-171.0,66.0,318.0,-59.0,315.0,225.0,-386.0
-415.0,54.0,358.0,-217.0,28.0,313.0,-41.0,175.0,142.0,-254.0
-370.0,327.0,336.0,-228.0,-14.0,353.0,-68.0,208.0,43.0,-141.0
-321.0,530.0,304.0,-212.0,-48.0,380.0,-48.0,179.0,-46.0,-66.0
-282.0,616.0,311.0,-186.0,-68.0,556.0,-93.0,-116.0,-156.0,-21.0
-247.0,567.0,307.0,-146.0,-79.0,431.0,-321.0,-158.0,-296.0,7.0
-200.0,457.0,304.0,-106.0,-77.0,208.0,-519.0,-533.0,-420.0,39.0
-139.0,343.0,307.0,-70.0,-61.0,256.0,-465.0,-740.0,-527.0,50.0
-85.0,196.0,306.0,-80.0,-30.0,365.0,-244.0,-509.0,-605.0,51.0
-34.0,38.0,289.0,-105.0,11.0,459.0,-81.0,-299.0,-647.0,48.0
-5.0,-74.0,284.0,-91.0,62.0,274.0,-152.0,-1.0,-647.0,55.0
14.0,-175.0,277.0,-72.0,112.0,152.0,-442.0,1.0,-623.0,65.0
13.0,-293.0,267.0,-58.0,148.0,344.0,-654.0,-73.0,-588.0,71.0
21.0,-347.0,282.0,-41.0,156.0,437.0,-548.0,-138.0,-508.0,126.0
21.0,-325.0,274.0,-20.0,140.0,509.0,-220.0,-201.0,-441.0,183.0
12.0,-288.0,282.0,3.0,120.0,503.0,67.0,-24.0,-372.0,220.0
22.0,-263.0,272.0,38.0,109.0,419.0,60.0,64.0,-282.0,283.0
3.0,-343.0,244.0,76.0,109.0,319.0,-140.0,131.0,-181.0,386.0
-26.0,-587.0,194.0,119.0,113.0,263.0,-313.0,129.0,-50.0,473.0
-83.0,-886.0,132.0,144.0,116.0,334.0,-393.0,33.0,61.0,552.0
-130.0,-1135.0,87.0,109.0,116.0,245.0,-359.0,-129.0,173.0,680.0
-189.0,-1286.0,25.0,80.0,109.0,164.0,-303.0,-279.0,291.0,801.0
-234.0,-1294.0,-21.0,35.0,98.0,186.0,-247.0,-144.0,395.0,890.0
-244.0,-1108.0,-84.0,-4.0,92.0,313.0,-171.0,-62.0,464.0,964.0
-272.0,-734.0,-140.0,-16.0,82.0,471.0,-120.0,92.0,505.0,1043.0
-272.0,-288.0,-189.0,-61.0,55.0,473.0,-179.0,101.0,528.0,1090.0
-288.0,81.0,-251.0,-100.0,7.0,470.0,-269.0,-109.0,510.0,1092.0
-302.0,303.0,-287.0,-124.0,-44.0,369.0,-233.0,-175.0,484.0,1087.0
-305.0,366.0,-319.0,-126.0,-82.0,317.0,-217.0,-380.0,446.0,1070.0
-308.0,328.0,-349.0,-121.0,-104.0,419.0,-339.0,-339.0,389.0,1044.0
-292.0,356.0,-357.0,-75.0,-117.0,486.0,-451.0,-208.0,327.0,977.0
-269.0,476.0,-380.0,-18.0,-127.0,505.0,-436.0,-199.0,250.0,919.0
-237.0,511.0,-410.0,13.0,-140.0,338.0,-335.0,-199.0,171.0,871.0
-224.0,432.0,-433.0,55.0,-154.0,146.0,-277.0,-306.0,103.0,785.0
-214.0,396.0,-445.0,71.0,-159.0,181.0,-274.0,-332.0,47.0,717.0
-197.0,480.0,-462.0,77.0,-158.0,219.0,-185.0,-336.0,-15.0,674.0
-164.0,560.0,-486.0,69.0,-167.0,196.0,-35.0,-103.0,-88.0,648.0
-137.0,546.0,-484.0,58.0,-184.0,190.0,-23.0,9.0,-163.0,617.0
-111.0,491.0,-484.0,53.0,-201.0,151.0,-192.0,-24.0,-207.0,599.0
-77.0,435.0,-477.0,39.0,-212.0,74.0,-400.0,12.0,-222.0,606.0
-45.0,354.0,-465.0,27.0,-209.0,98.0,-469.0,-164.0,-236.0,584.0
-6.0,224.0,-439.0,38.0,-191.0,283.0,-334.0,-308.0,-242.0,514.0
37.0,178.0,-394.0,71.0,-160.0,283.0,-222.0,-386.0,-252.0,449.0
94.0,286.0,-363.0,100.0,-133.0,104.0,-263.0,-299.0,-276.0,368.0
150.0,406.0,-318.0,115.0,-123.0,99.0,-313.0,-223.0,-291.0,238.0
209.0,461.0,-260.0,108.0,-126.0,153.0,-301.0,-97.0,-302.0,115.0
251.0,459.0,-200.0,120.0,-125.0,103.0,-250.0,-5.0,-324.0,15.0
287.0,446.0,-152.0,128.0,-111.0,106.0,-224.0,-227.0,-326.0,-69.0
314.0,447.0,-93.0,141.0,-93.0,267.0,-179.0,-256.0,-296.0,-167.0
330.0,422.0,-11.0,158.0,-80.0,357.0,-141.0,-436.0,-262.0,-239.0
338.0,282.0,38.0,148.0,-78.0,182.0,-196.0,-450.0,-241.0,-270.0
332.0,0.0,113.0,138.0,-85.0,64.0,-280.0,-144.0,-215.0,-316.0
332.0,-265.0,175.0,90.0,-88.0,211.0,-339.0,-86.0,-168.0,-359.0
329.0,-412.0,204.0,25.0,-85.0,270.0,-276.0,60.0,-103.0,-386.0
327.0,-496.0,253.0,-27.0,-78.0,190.0,-102.0,-9.0,-39.0,-418.0
304.0,-589.0,260.0,-119.0,-70.0,212.0,-16.0,-70.0,3.0,-460.0
292.0,-753.0,274.0,-233.0,-59.0,285.0,-161.0,-55.0,41.0,-514.0
283.0,-981.0,282.0,-319.0,-43.0,258.0,-402.0,-147.0,83.0,-565.0
281.0,-1113.0,267.0,-405.0,-35.0,223.0,-483.0,-125.0,101.0,-616.0
289.0,-1043.0,291.0,-453.0,-45.0,269.0,-362.0,-347.0,103.0,-693.0
284.0,-884.0,285.0,-449.0,-69.0,310.0,-194.0,-432.0,91.0,-750.0
273.0,-722.0,282.0,-443.0,-92.0,293.0,-114.0,-391.0,56.0,-795.0
244.0,-576.0,266.0,-395.0,-107.0,223.0,-129.0,-343.0,23.0,-857.0
220.0,-545.0,239.0,-321.0,-124.0,185.0,-211.0,-253.0,3.0,-915.0
192.0,-692.0,241.0,-250.0,-134.0,129.0,-255.0,-188.0,-12.0,-954.0
190.0,-872.0,207.0,-186.0,-133.0,-29.0,-180.0,18.0,-29.0,-968.0
212.0,-853.0,181.0,-122.0,-125.0,-95.0,-84.0,70.0,-62.0,-1000.0
229.0,-582.0,167.0,-72.0,-118.0,93.0,26.0,84.0,-102.0,-1020.0
240.0,-259.0,135.0,-46.0,-107.0,229.0,116.0,-68.0,-85.0,-995.0
235.0,-63.0,92.0,-36.0,-86.0,158.0,-19.0,-219.0,-32.0,-968.0
233.0,118.0,67.0,-76.0,-53.0,76.0,-311.0,-227.0,-18.0,-935.0
216.0,373.0,44.0,-128.0,-18.0,41.0,-498.0,-332.0,-23.0,-901.0
193.0,553.0,5.0,-188.0,0.0,73.0,-457.0,-253.0,-27.0,-877.0
159.0,572.0,-4.0,-235.0,8.0,118.0,-260.0,-166.0,-9.0,-882.0
122.0,540.0,-30.0,-240.0,19.0,168.0,-117.0,-99.0,4.0,-919.0
81.0,510.0,-41.0,-228.0,40.0,27.0,-95.0,-110.0,-23.0,-946.0
30.0,437.0,-59.0,-190.0,63.0,-171.0,-124.0,-153.0,-59.0,-997.0
-24.0,357.0,-91.0,-142.0,82.0,-152.0,-201.0,-195.0,-91.0,-1071.0
-78.0,336.0,-122.0,-101.0,101.0,80.0,-283.0,-360.0,-109.0,-1141.0
-124.0,431.0,-143.0,-86.0,125.0,361.0,-322.0,-230.0,-122.0,-1198.0
-171.0,597.0,-142.0,-45.0,155.0,225.0,-319.0,-179.0,-136.0,-1238.0
-234.0,667.0,-182.0,-8.0,193.0,-61.0,-216.0,-210.0,-130.0,-1277.0
-303.0,584.0,-172.0,11.0,234.0,-77.0,-48.0,-225.0,-104.0,-1264.0
-344.0,506.0,-163.0,32.0,261.0,106.0,-1.0,-371.0,-74.0,-1226.0
-389.0,520.0,-175.0,38.0,279.0,133.0,-121.0,-306.0,-62.0,-1207.0
-425.0,498.0,-151.0,42.0,298.0,-46.0,-233.0,-356.0,-34.0,-1168.0
-423.0,361.0,-141.0,31.0,311.0,-8.0,-219.0,-216.0,12.0,-1115.0
-414.0,151.0,-119.0,41.0,312.0,102.0,-113.0,-22.0,53.0,-1050.0
-407.0,31.0,-107.0,48.0,298.0,310.0,-21.0,-147.0,96.0,-992.0
-399.0,80.0,-99.0,58.0,272.0,415.0,-28.0,-238.0,141.0,-923.0
-400.0,156.0,-97.0,41.0,238.0,212.0,-164.0,-393.0,185.0,-826.0
-409.0,210.0,-109.0,7.0,203.0,43.0,-333.0,-330.0,210.0,-758.0
-413.0,308.0,-104.0,-7.0,171.0,14.0,-375.0,-269.0,242.0,-698.0
-430.0,392.0,-100.0,-63.0,144.0,236.0,-296.0,-195.0,292.0,-637.0
-449.0,344.0,-92.0,-128.0,128.0,278.0,-174.0,-55.0,343.0,-602.0
-469.0,158.0,-72.0,-156.0,121.0,46.0,-89.0,-123.0,398.0,-596.0
-483.0,-74.0,-40.0,-159.0,110.0,-35.0,-69.0,-12.0,458.0,-610.0
-505.0,-243.0,-18.0,-173.0,92.0,35.0,-71.0,11.0,503.0,-606.0
-545.0,-323.0,-7.0,-159.0,65.0,121.0,-9.0,-36.0,518.0,-613.0
-573.0,-413.0,10.0,-116.0,39.0,99.0,127.0,-59.0,518.0,-614.0
-614.0,-555.0,30.0,-93.0,23.0,54.0,190.0,-136.0,483.0,-589.0
-655.0,-687.0,20.0,-76.0,14.0,-2.0,91.0,-229.0,434.0,-538.0
-699.0,-751.0,4.0,-47.0,0.0,-45.0,-43.0,-408.0,373.0,-488.0
-720.0,-758.0,-26.0,-34.0,-22.0,-43.0,-76.0,-264.0,286.0,-466.0
-729.0,-672.0,-94.0,-56.0,-45.0,50.0,-127.0,-179.0,193.0,-405.0
-734.0,-467.0,-149.0,-58.0,-69.0,115.0,-241.0,-121.0,84.0,-327.0
-705.0,-257.0,-225.0,-66.0,-91.0,112.0,-283.0,114.0,-17.0,-267.0
-681.0,-61.0,-294.0,-82.0,-109.0,152.0,-196.0,282.0,-96.0,-198.0
-623.0,154.0,-343.0,-86.0,-121.0,33.0,3.0,485.0,-159.0,-100.0
-559.0,305.0,-385.0,-133.0,-124.0,-108.0,174.0,367.0,-220.0,2.0
-495.0,306.0,-405.0,-206.0,-127.0,-87.0,195.0,291.0,-281.0,81.0
-415.0,158.0,-413.0,-280.0,-138.0,232.0,101.0,225.0,-324.0,170.0
-338.0,9.0,-406.0,-342.0,-167.0,499.0,36.0,83.0,-354.0,267.0
-266.0,-27.0,-402.0,-372.0,-206.0,299.0,88.0,112.0,-362.0,342.0
-204.0,-19.0,-353.0,-367.0,-248.0,85.0,125.0,68.0,-346.0,434.0
-137.0,21.0,-314.0,-356.0,-286.0,119.0,61.0,210.0,-322.0,559.0
-85.0,131.0,-276.0,-287.0,-309.0,301.0,-75.0,86.0,-311.0,671.0
-27.0,195.0,-190.0,-192.0,-322.0,300.0,-205.0,-116.0,-316.0,770.0
21.0,137.0,-158.0,-128.0,-323.0,77.0,-192.0,-181.0,-314.0,884.0
72.0,110.0,-116.0,-48.0,-313.0,-17.0,-82.0,-295.0,-309.0,986.0
122.0,166.0,-55.0,7.0,-302.0,169.0,18.0,16.0,-298.0,1036.0
162.0,145.0,-17.0,65.0,-289.0,409.0,113.0,147.0,-269.0,1064.0
205.0,-5.0,14.0,89.0,-266.0,348.0,246.0,127.0,-239.0,1087.0
252.0,-198.0,61.0,87.0,-239.0,104.0,331.0,70.0,-196.0,1100.0
312.0,-347.0,101.0,76.0,-222.0,-51.0,230.0,-304.0,-133.0,1092.0
341.0,-325.0,124.0,70.0,-222.0,82.0,29.0,-511.0,-68.0,1083.0
350.0,-73.0,173.0,129.0,-227.0,289.0,-125.0,-574.0,-4.0,1088.0
347.0,132.0,184.0,222.0,-221.0,263.0,-154.0,-349.0,56.0,1071.0
334.0,74.0,200.0,359.0,-210.0,118.0,-84.0,53.0,101.0,1053.0
293.0,-42.0,211.0,484.0,-190.0,85.0,-7.0,314.0,142.0,1035.0
232.0,-102.0,182.0,588.0,-160.0,233.0,20.0,404.0,160.0,991.0
166.0,-235.0,180.0,675.0,-133.0,319.0,-63.0,197.0,161.0,928.0
74.0,-397.0,154.0,719.0,-113.0,271.0,-162.0,-60.0,139.0,853.0
-9.0,-480.0,115.0,755.0,-105.0,196.0,-155.0,-282.0,75.0,752.0
-89.0,-497.0,96.0,768.0,-96.0,108.0,-77.0,-351.0,0.0,621.0
-166.0,-522.0,41.0,761.0,-77.0,68.0,20.0,-386.0,-84.0,441.0
-245.0,-668.0,7.0,743.0,-54.0,114.0,87.0,-419.0,-157.0,241.0
-315.0,-864.0,-20.0,709.0,-36.0,195.0,90.0,-288.0,-215.0,43.0
-396.0,-951.0,-72.0,663.0,-26.0,191.0,-28.0,-219.0,-279.0,-182.0
-472.0,-942.0,-94.0,618.0,-19.0,73.0,-150.0,-49.0,-357.0,-373.0
-535.0,-858.0,-116.0,558.0,-12.0,-8.0,-118.0,197.0,-432.0,-538.0
-600.0,-619.0,-143.0,484.0,-3.0,51.0,-81.0,426.0,-480.0,-682.0
-651.0,-217.0,-174.0,409.0,2.0,100.0,-79.0,363.0,-517.0,-789.0
-700.0,228.0,-191.0,300.0,5.0,5.0,-40.0,160.0,-528.0,-886.0
-737.0,491.0,-207.0,190.0,17.0,-71.0,-34.0,133.0,-494.0,-936.0
-765.0,464.0,-241.0,60.0,32.0,-52.0,-126.0,-12.0,-415.0,-970.0
-771.0,376.0,-249.0,-122.0,43.0,-81.0,-289.0,24.0,-324.0,-1003.0
-783.0,407.0,-246.0,-281.0,42.0,-136.0,-369.0,-1.0,-219.0,-1017.0
-766.0,429.0,-274.0,-403.0,31.0,-214.0,-257.0,24.0,-102.0,-1011.0
-735.0,381.0,-296.0,-475.0,24.0,-258.0,0.0,232.0,-5.0,-999.0
-701.0,421.0,-300.0,-504.0,30.0,-226.0,157.0,299.0,79.0,-983.0
-645.0,580.0,-323.0,-530.0,52.0,-214.0,-2.0,434.0,158.0,-954.0
-607.0,699.0,-327.0,-508.0,80.0,-173.0,-331.0,232.0,240.0,-920.0
-549.0,738.0,-332.0,-438.0,110.0,-179.0,-466.0,110.0,304.0,-872.0
-497.0,786.0,-324.0,-396.0,139.0,-225.0,-291.0,210.0,374.0,-832.0
-445.0,886.0,-315.0,-297.0,156.0,-219.0,-100.0,236.0,464.0,-788.0
-389.0,996.0,-343.0,-192.0,165.0,-212.0,-89.0,406.0,537.0,-754.0
-332.0,1000.0,-342.0,-119.0,178.0,-288.0,-220.0,388.0,614.0,-718.0
-272.0,817.0,-356.0,-20.0,196.0,-365.0,-358.0,367.0,706.0,-686.0
-226.0,514.0,-378.0,50.0,213.0,-265.0,-325.0,201.0,790.0,-686.0
-174.0,193.0,-400.0,138.0,218.0,-123.0,-168.0,-1.0,847.0,-652.0
-131.0,-124.0,-413.0,175.0,210.0,-170.0,-56.0,129.0,881.0,-620.0
-90.0,-413.0,-420.0,210.0,196.0,-385.0,25.0,262.0,902.0,-583.0
-46.0,-622.0,-442.0,199.0,178.0,-433.0,140.0,327.0,890.0,-518.0
-15.0,-768.0,-432.0,141.0,152.0,-323.0,199.0,134.0,852.0,-459.0
7.0,-836.0,-422.0,72.0,109.0,-308.0,124.0,-53.0,797.0,-403.0
24.0,-725.0,-396.0,-60.0,56.0,-335.0,-42.0,-212.0,722.0,-355.0
34.0,-475.0,-377.0,-213.0,1.0,-369.0,-190.0,-338.0,655.0,-326.0
32.0,-203.0,-359.0,-417.0,-37.0,-312.0,-200.0,-123.0,585.0,-321.0
22.0,109.0,-329.0,-509.0,-56.0,-187.0,-48.0,38.0,512.0,-319.0
22.0,394.0,-330.0,-608.0,-65.0,-162.0,158.0,334.0,443.0,-310.0
33.0,474.0,-300.0,-692.0,-65.0,-229.0,245.0,539.0,359.0,-293.0
51.0,366.0,-303.0,-699.0,-61.0,-325.0,189.0,508.0,272.0,-279.0
76.0,175.0,-311.0,-700.0,-68.0,-331.0,111.0,543.0,180.0,-263.0
108.0,-48.0,-311.0,-638.0,-77.0,-164.0,55.0,354.0,80.0,-259.0
135.0,-295.0,-349.0,-553.0,-74.0,-24.0,35.0,295.0,-4.0,-289.0
167.0,-554.0,-336.0,-455.0,-53.0,-42.0,91.0,303.0,-65.0,-325.0
211.0,-731.0,-342.0,-442.0,-11.0,-123.0,152.0,247.0,-121.0,-368.0
263.0,-733.0,-359.0,-384.0,49.0,-172.0,84.0,88.0,-175.0,-397.0
306.0,-614.0,-352.0,-281.0,111.0,-115.0,4.0,-134.0,-230.0,-407.0
327.0,-484.0,-340.0,-190.0,158.0,-127.0,65.0,-101.0,-298.0,-397.0
338.0,-392.0,-324.0,-65.0,183.0,-332.0,217.0,-195.0,-371.0,-339.0
330.0,-352.0,-308.0,35.0,181.0,-538.0,256.0,-79.0,-461.0,-264.0
322.0,-367.0,-269.0,118.0,158.0,-542.0,41.0,151.0,-552.0,-169.0
295.0,-480.0,-247.0,197.0,132.0,-423.0,-119.0,256.0,-621.0,-50.0
278.0,-655.0,-191.0,276.0,112.0,-329.0,15.0,439.0,-673.0,67.0
264.0,-640.0,-144.0,321.0,101.0,-276.0,264.0,321.0,-716.0,194.0
245.0,-344.0,-130.0,361.0,95.0,-324.0,358.0,295.0,-734.0,323.0
224.0,11.0,-69.0,388.0,90.0,-481.0,199.0,436.0,-734.0,448.0
155.0,337.0,-52.0,343.0,74.0,-617.0,-20.0,532.0,-710.0,545.0
101.0,654.0,-49.0,273.0,37.0,-519.0,-20.0,559.0,-663.0,625.0
32.0,915.0,-8.0,227.0,-18.0,-388.0,190.0,528.0,-619.0,690.0
-21.0,1066.0,-8.0,162.0,-77.0,-428.0,312.0,569.0,-578.0,718.0
-59.0,1074.0,-10.0,134.0,-125.0,-495.0,280.0,413.0,-536.0,729.0
-75.0,949.0,8.0,132.0,-167.0,-487.0,208.0,201.0,-498.0,717.0
-74.0,784.0,18.0,107.0,-207.0,-373.0,189.0,-5.0,-452.0,693.0
-99.0,697.0,33.0,82.0,-239.0,-312.0,233.0,18.0,-425.0,660.0
-105.0,666.0,40.0,60.0,-262.0,-309.0,246.0,232.0,-417.0,619.0
-131.0,621.0,47.0,49.0,-270.0,-415.0,247.0,240.0,-397.0,570.0
-140.0,591.0,59.0,17.0,-261.0,-546.0,280.0,247.0,-366.0,507.0
-157.0,564.0,39.0,-6.0,-240.0,-431.0,255.0,153.0,-338.0,439.0
-164.0,475.0,40.0,-34.0,-218.0,-315.0,162.0,256.0,-306.0,366.0
-160.0,326.0,50.0,-51.0,-203.0,-354.0,151.0,461.0,-262.0,314.0
-192.0,118.0,15.0,-47.0,-194.0,-446.0,172.0,522.0,-220.0,270.0
-204.0,-92.0,12.0,-43.0,-196.0,-585.0,63.0,663.0,-192.0,239.0
-227.0,-280.0,-7.0,-12.0,-209.0,-618.0,-68.0,471.0,-184.0,244.0
-250.0,-527.0,-59.0,26.0,-223.0,-494.0,-79.0,251.0,-188.0,259.0
-284.0,-773.0,-95.0,38.0,-232.0,-431.0,63.0,81.0,-190.0,276.0
-314.0,-957.0,-135.0,35.0,-229.0,-482.0,241.0,36.0,-185.0,291.0
-344.0,-1121.0,-165.0,47.0,-221.0,-603.0,286.0,223.0,-173.0,319.0
-387.0,-1253.0,-193.0,60.0,-219.0,-646.0,223.0,97.0,-166.0,333.0
-417.0,-1337.0,-192.0,97.0,-210.0,-484.0,194.0,114.0,-156.0,320.0
-475.0,-1367.0,-200.0,121.0,-187.0,-317.0,290.0,147.0,-140.0,306.0
-512.0,-1297.0,-200.0,110.0,-163.0,-354.0,390.0,158.0,-112.0,276.0
-538.0,-1069.0,-181.0,102.0,-148.0,-473.0,375.0,308.0,-85.0,236.0
-564.0,-775.0,-191.0,70.0,-137.0,-368.0,292.0,290.0,-62.0,190.0
-586.0,-505.0,-169.0,56.0,-114.0,-161.0,204.0,347.0,-21.0,143.0
-597.0,-250.0,-156.0,67.0,-72.0,-221.0,192.0,297.0,3.0,106.0
-575.0,-53.0,-138.0,72.0,-18.0,-445.0,278.0,317.0,-8.0,69.0
-573.0,127.0,-109.0,105.0,30.0,-494.0,370.0,201.0,-16.0,22.0
-557.0,359.0,-99.0,153.0,67.0,-452.0,360.0,-5.0,1.0,-14.0
-530.0,521.0,-77.0,188.0,90.0,-514.0,241.0,121.0,25.0,-29.0
-499.0,466.0,-58.0,221.0,103.0,-606.0,152.0,62.0,59.0,-63.0
-451.0,265.0,-58.0,231.0,111.0,-663.0,212.0,60.0,103.0,-92.0
-412.0,-17.0,-58.0,222.0,126.0,-655.0,352.0,-72.0,156.0,-125.0
-371.0,-406.0,-64.0,237.0,143.0,-603.0,411.0,-247.0,227.0,-179.0
-322.0,-788.0,-93.0,225.0,144.0,-527.0,299.0,-147.0,292.0,-229.0
-269.0,-978.0,-117.0,208.0,122.0,-411.0,89.0,-136.0,349.0,-300.0
-221.0,-909.0,-141.0,194.0,89.0,-385.0,-6.0,5.0,401.0,-365.0
-136.0,-641.0,-167.0,183.0,65.0,-414.0,123.0,171.0,439.0,-426.0
-60.0,-277.0,-200.0,187.0,54.0,-319.0,347.0,349.0,490.0,-482.0
-5.0,22.0,-228.0,143.0,66.0,-290.0,455.0,304.0,524.0,-506.0
65.0,165.0,-238.0,108.0,92.0,-469.0,388.0,181.0,535.0,-527.0
112.0,124.0,-264.0,101.0,115.0,-638.0,252.0,145.0,531.0,-520.0
152.0,17.0,-280.0,76.0,124.0,-557.0,184.0,-134.0,519.0,-491.0
187.0,37.0,-260.0,48.0,116.0,-288.0,232.0,-149.0,494.0,-459.0
220.0,166.0,-267.0,31.0,91.0,-99.0,313.0,-144.0,447.0,-399.0
243.0,327.0,-267.0,12.0,66.0,-140.0,288.0,-123.0,423.0,-336.0
268.0,494.0,-223.0,-1.0,54.0,-321.0,172.0,14.0,391.0,-246.0
270.0,633.0,-223.0,-1.0,47.0,-365.0,82.0,-33.0,348.0,-151.0
246.0,630.0,-179.0,-12.0,48.0,-242.0,95.0,81.0,320.0,-72.0
218.0,445.0,-137.0,6.0,64.0,-205.0,142.0,219.0,290.0,-4.0
183.0,193.0,-124.0,48.0,88.0,-308.0,134.0,369.0,254.0,56.0
149.0,-9.0,-86.0,63.0,112.0,-390.0,226.0,417.0,206.0,112.0
111.0,0.0,-60.0,110.0,124.0,-320.0,411.0,397.0,174.0,129.0
96.0,281.0,-32.0,146.0,127.0,-118.0,494.0,408.0,140.0,155.0
65.0,666.0,-46.0,155.0,136.0,-62.0,445.0,312.0,100.0,172.0
25.0,930.0,-44.0,159.0,154.0,-190.0,369.0,332.0,51.0,194.0
-7.0,1016.0,-83.0,149.0,182.0,-323.0,312.0,192.0,-9.0,225.0
-55.0,999.0,-117.0,111.0,210.0,-348.0,229.0,-14.0,-47.0,241.0
-88.0,950.0,-135.0,38.0,235.0,-230.0,190.0,-277.0,-80.0,273.0
-105.0,862.0,-230.0,10.0,252.0,-176.0,182.0,-406.0,-120.0,284.0
-120.0,669.0,-283.0,-29.0,246.0,-201.0,168.0,-83.0,-155.0,289.0
-145.0,411.0,-368.0,-81.0,221.0,-235.0,113.0,116.0,-172.0,282.0
-155.0,180.0,-455.0,-73.0,187.0,-314.0,118.0,282.0,-181.0,280.0
-164.0,-30.0,-525.0,-66.0,148.0,-387.0,361.0,328.0,-172.0,260.0
-177.0,-287.0,-614.0,-91.0,105.0,-350.0,632.0,308.0,-143.0,209.0
-203.0,-565.0,-668.0,-110.0,48.0,-277.0,626.0,439.0,-117.0,193.0
-237.0,-836.0,-734.0,-97.0,-16.0,-331.0,382.0,465.0,-73.0,155.0
-259.0,-1073.0,-756.0,-74.0,-72.0,-346.0,205.0,618.0,-26.0,120.0
-278.0,-1182.0,-769.0,-48.0,-118.0,-220.0,200.0,578.0,15.0,110.0
-285.0,-1155.0,-757.0,28.0,-163.0,-122.0,260.0,373.0,54.0,99.0
-281.0,-1070.0,-722.0,89.0,-205.0,-161.0,283.0,131.0,84.0,105.0
-248.0,-993.0,-693.0,103.0,-232.0,-223.0,208.0,-123.0,97.0,98.0
-209.0,-923.0,-626.0,123.0,-236.0,-158.0,172.0,-49.0,99.0,110.0
-180.0,-821.0,-568.0,124.0,-231.0,-100.0,351.0,-101.0,96.0,136.0
-156.0,-646.0,-483.0,130.0,-217.0,-158.0,617.0,-72.0,80.0,142.0
-140.0,-437.0,-420.0,121.0,-187.0,-154.0,700.0,14.0,68.0,154.0
-116.0,-294.0,-348.0,131.0,-147.0,-106.0,541.0,-94.0,63.0,138.0
-95.0,-212.0,-260.0,131.0,-109.0,-190.0,296.0,-118.0,63.0,114.0
-67.0,-163.0,-200.0,105.0,-86.0,-277.0,217.0,-133.0,41.0,93.0
-36.0,-169.0,-109.0,110.0,-74.0,-273.0,297.0,88.0,8.0,63.0
-16.0,-185.0,-43.0,119.0,-66.0,-237.0,362.0,267.0,-15.0,53.0
13.0,-96.0,28.0,148.0,-59.0,-247.0,359.0,380.0,-36.0,58.0
47.0,151.0,94.0,182.0,-51.0,-373.0,307.0,384.0,-44.0,86.0
73.0,441.0,146.0,227.0,-43.0,-437.0,285.0,182.0,-54.0,125.0
77.0,708.0,191.0,229.0,-31.0,-378.0,307.0,24.0,-45.0,180.0
87.0,1006.0,218.0,205.0,-19.0,-399.0,370.0,-214.0,-45.0,223.0
92.0,1247.0,254.0,176.0,-20.0,-450.0,441.0,36.0,-76.0,250.0
72.0,1241.0,258.0,135.0,-32.0,-437.0,453.0,330.0,-111.0,279.0
55.0,987.0,243.0,100.0,-47.0,-441.0,380.0,245.0,-164.0,275.0
41.0,640.0,234.0,30.0,-64.0,-489.0,228.0,60.0,-202.0,246.0
31.0,314.0,202.0,7.0,-86.0,-422.0,76.0,-240.0,-245.0,210.0
4.0,115.0,183.0,24.0,-107.0,-258.0,-4.0,-271.0,-290.0,171.0
-18.0,154.0,174.0,68.0,-115.0,-299.0,49.0,-266.0,-309.0,128.0
-53.0,331.0,156.0,148.0,-113.0,-425.0,208.0,-79.0,-340.0,84.0
-92.0,400.0,169.0,193.0,-114.0,-377.0,303.0,140.0,-354.0,42.0
-120.0,295.0,148.0,247.0,-114.0,-267.0,296.0,197.0,-372.0,37.0
-169.0,85.0,143.0,332.0,-109.0,-228.0,289.0,282.0,-402.0,51.0
-225.0,-187.0,129.0,389.0,-108.0,-292.0,297.0,177.0,-415.0,72.0
-271.0,-466.0,96.0,442.0,-101.0,-358.0,250.0,251.0,-432.0,129.0
-300.0,-647.0,91.0,479.0,-78.0,-380.0,165.0,179.0,-445.0,193.0
-321.0,-682.0,48.0,452.0,-43.0,-383.0,169.0,-1.0,-453.0,255.0
-321.0,-665.0,53.0,378.0,-7.0,-367.0,188.0,-24.0,-454.0,335.0
-310.0,-689.0,58.0,300.0,22.0,-375.0,59.0,-199.0,-443.0,432.0
-290.0,-681.0,51.0,245.0,49.0,-378.0,-112.0,-229.0,-422.0,512.0
-268.0,-599.0,70.0,176.0,72.0,-319.0,-93.0,-354.0,-383.0,587.0
-256.0,-532.0,65.0,124.0,84.0,-180.0,214.0,-491.0,-344.0,655.0
-244.0,-488.0,74.0,51.0,80.0,-184.0,589.0,-339.0,-307.0,729.0
-234.0,-401.0,65.0,0.0,64.0,-325.0,635.0,-83.0,-263.0,786.0
-218.0,-267.0,49.0,-13.0,42.0,-287.0,336.0,1.0,-228.0,785.0
-195.0,-80.0,56.0,-53.0,19.0,-202.0,53.0,-103.0,-200.0,788.0
-166.0,173.0,44.0,-75.0,-12.0,-227.0,-20.0,-14.0,-163.0,775.0
-146.0,400.0,30.0,-87.0,-53.0,-233.0,49.0,7.0,-135.0,740.0
-132.0,504.0,38.0,-86.0,-86.0,-177.0,176.0,112.0,-107.0,678.0
-124.0,547.0,31.0,-104.0,-106.0,-160.0,216.0,273.0,-52.0,603.0
-126.0,602.0,3.0,-80.0,-115.0,-241.0,86.0,192.0,17.0,538.0
-134.0,559.0,-1.0,-44.0,-109.0,-277.0,22.0,88.0,83.0,443.0
-147.0,314.0,-27.0,-32.0,-91.0,-223.0,104.0,-127.0,153.0,337.0
-138.0,-52.0,-60.0,6.0,-68.0,-229.0,148.0,-328.0,232.0,236.0
-122.0,-367.0,-92.0,75.0,-45.0,-271.0,154.0,-609.0,305.0,112.0
-94.0,-507.0,-136.0,127.0,-26.0,-202.0,174.0,-615.0,365.0,-45.0
-55.0,-477.0,-152.0,129.0,-13.0,-114.0,218.0,-371.0,442.0,-162.0
-27.0,-362.0,-199.0,141.0,-6.0,-196.0,195.0,-325.0,503.0,-265.0
-10.0,-212.0,-251.0,104.0,2.0,-318.0,113.0,-145.0,557.0,-387.0
5.0,-41.0,-279.0,47.0,24.0,-240.0,45.0,-118.0,631.0,-466.0
19.0,140.0,-323.0,-4.0,52.0,-118.0,-46.0,-59.0,703.0,-512.0
27.0,283.0,-376.0,-42.0,85.0,-183.0,-147.0,-66.0,766.0,-532.0
57.0,342.0,-408.0,-86.0,116.0,-307.0,-187.0,-243.0,814.0,-570.0
96.0,310.0,-441.0,-124.0,130.0,-273.0,-51.0,-114.0,856.0,-589.0
132.0,167.0,-491.0,-100.0,131.0,-149.0,120.0,60.0,869.0,-578.0
156.0,-89.0,-532.0,-54.0,113.0,-156.0,135.0,325.0,861.0,-607.0
194.0,-427.0,-577.0,8.0,80.0,-254.0,92.0,345.0,831.0,-658.0
228.0,-722.0,-620.0,60.0,48.0,-319.0,94.0,206.0,786.0,-704.0
239.0,-866.0,-675.0,93.0,18.0,-298.0,119.0,149.0,734.0,-744.0
262.0,-910.0,-722.0,109.0,-10.0,-214.0,115.0,-114.0,663.0,-806.0
270.0,-912.0,-747.0,167.0,-45.0,-87.0,102.0,-92.0,617.0,-867.0
294.0,-849.0,-761.0,228.0,-82.0,25.0,76.0,20.0,591.0,-876.0
302.0,-687.0,-751.0,254.0,-107.0,-33.0,52.0,72.0,571.0,-859.0
310.0,-444.0,-748.0,256.0,-112.0,-155.0,71.0,205.0,546.0,-846.0
335.0,-177.0,-714.0,207.0,-92.0,-161.0,89.0,225.0,517.0,-790.0
348.0,108.0,-662.0,170.0,-65.0,-81.0,129.0,304.0,507.0,-700.0
356.0,439.0,-632.0,147.0,-47.0,-92.0,204.0,328.0,494.0,-633.0
344.0,725.0,-578.0,110.0,-21.0,-223.0,311.0,402.0,486.0,-559.0
331.0,825.0,-523.0,14.0,17.0,-233.0,342.0,437.0,485.0,-469.0
302.0,661.0,-469.0,-100.0,50.0,-145.0,176.0,413.0,452.0,-386.0
292.0,307.0,-408.0,-113.0,71.0,-152.0,19.0,482.0,389.0,-320.0
265.0,-46.0,-359.0,-91.0,88.0,-218.0,10.0,314.0,318.0,-261.0
228.0,-259.0,-304.0,-97.0,100.0,-302.0,139.0,109.0,240.0,-187.0
218.0,-346.0,-257.0,-80.0,109.0,-392.0,301.0,-59.0,148.0,-128.0
189.0,-419.0,-223.0,-68.0,116.0,-397.0,308.0,22.0,59.0,-98.0
170.0,-484.0,-169.0,-70.0,116.0,-290.0,221.0,155.0,2.0,-41.0
142.0,-481.0,-116.0,-53.0,114.0,-210.0,174.0,121.0,-57.0,36.0
105.0,-404.0,-97.0,-37.0,108.0,-288.0,217.0,145.0,-136.0,84.0
58.0,-270.0,-64.0,-74.0,99.0,-386.0,370.0,-14.0,-212.0,156.0
33.0,-68.0,-25.0,-162.0,79.0,-361.0,479.0,145.0,-284.0,264.0
13.0,176.0,1.0,-242.0,56.0,-331.0,316.0,332.0,-352.0,358.0
-7.0,372.0,41.0,-283.0,38.0,-403.0,0.0,376.0,-411.0,446.0
-11.0,469.0,96.0,-307.0,22.0,-402.0,-135.0,467.0,-455.0,541.0
-11.0,468.0,153.0,-368.0,7.0,-354.0,-15.0,269.0,-501.0,640.0
-11.0,403.0,175.0,-436.0,-7.0,-461.0,123.0,199.0,-546.0,716.0
-42.0,297.0,222.0,-495.0,-24.0,-559.0,220.0,55.0,-575.0,763.0
-64.0,165.0,268.0,-529.0,-39.0,-512.0,424.0,-24.0,-595.0,809.0
-76.0,-4.0,287.0,-501.0,-52.0,-439.0,608.0,-77.0,-615.0,834.0
-79.0,-242.0,336.0,-471.0,-65.0,-523.0,612.0,-168.0,-637.0,813.0
-86.0,-507.0,378.0,-424.0,-83.0,-597.0,487.0,24.0,-645.0,783.0
-88.0,-743.0,425.0,-357.0,-102.0,-489.0,302.0,57.0,-620.0,744.0
-87.0,-843.0,469.0,-276.0,-119.0,-455.0,84.0,72.0,-585.0,669.0
-99.0,-783.0,519.0,-144.0,-134.0,-546.0,-74.0,140.0,-564.0,587.0
-100.0,-691.0,565.0,3.0,-149.0,-531.0,-80.0,291.0,-552.0,516.0
-110.0,-586.0,597.0,126.0,-164.0,-323.0,55.0,330.0,-535.0,470.0
-108.0,-421.0,627.0,205.0,-171.0,-181.0,205.0,73.0,-506.0,415.0
-108.0,-211.0,624.0,273.0,-167.0,-217.0,246.0,-81.0,-453.0,376.0
-123.0,-4.0,648.0,313.0,-158.0,-247.0,176.0,-208.0,-390.0,382.0
-149.0,165.0,657.0,365.0,-146.0,-198.0,24.0,-121.0,-326.0,387.0
-170.0,290.0,657.0,410.0,-118.0,-157.0,-54.0,-1.0,-277.0,409.0
-192.0,374.0,676.0,418.0,-65.0,-217.0,40.0,38.0,-255.0,434.0
-221.0,418.0,666.0,455.0,-2.0,-251.0,139.0,144.0,-212.0,452.0
-249.0,387.0,656.0,470.0,50.0,-196.0,85.0,-81.0,-155.0,449.0
-267.0,242.0,639.0,483.0,90.0,-154.0,-82.0,-194.0,-114.0,402.0
-276.0,66.0,636.0,518.0,121.0,-130.0,-202.0,-234.0,-72.0,354.0
-296.0,15.0,624.0,554.0,136.0,-24.0,-179.0,-297.0,-16.0,290.0
-328.0,135.0,595.0,577.0,132.0,123.0,-52.0,-5.0,58.0,210.0
-346.0,373.0,573.0,583.0,120.0,123.0,99.0,227.0,127.0,124.0
-341.0,665.0,542.0,574.0,105.0,56.0,83.0,308.0,180.0,53.0
-344.0,956.0,509.0,563.0,89.0,99.0,-139.0,140.0,232.0,0.0
-327.0,1211.0,492.0,564.0,64.0,112.0,-258.0,-44.0,300.0,-57.0
-300.0,1402.0,463.0,554.0,30.0,14.0,-145.0,-195.0,352.0,-83.0
-262.0,1509.0,429.0,522.0,1.0,-36.0,19.0,-319.0,378.0,-78.0
-214.0,1446.0,415.0,428.0,-29.0,35.0,44.0,-133.0,374.0,-60.0
-165.0,1094.0,373.0,356.0,-69.0,142.0,-77.0,-75.0,350.0,-59.0
-131.0,507.0,346.0,301.0,-95.0,121.0,-246.0,36.0,323.0,-37.0
-105.0,-57.0,318.0,240.0,-97.0,77.0,-342.0,72.0,279.0,1.0
-45.0,-420.0,293.0,182.0,-76.0,94.0,-246.0,-29.0,215.0,11.0
0.0,-673.0,278.0,86.0,-44.0,43.0,-140.0,-48.0,124.0,13.0
58.0,-919.0,247.0,34.0,-8.0,-6.0,-199.0,-24.0,30.0,39.0
136.0,-1106.0,215.0,-20.0,32.0,-9.0,-311.0,166.0,-44.0,71.0
201.0,-1104.0,166.0,-118.0,73.0,-60.0,-337.0,299.0,-132.0,66.0
258.0,-823.0,132.0,-189.0,114.0,-180.0,-189.0,497.0,-201.0,51.0
319.0,-379.0,94.0,-246.0,150.0,-175.0,51.0,467.0,-231.0,46.0
356.0,4.0,72.0,-265.0,173.0,-109.0,134.0,310.0,-251.0,18.0
380.0,186.0,28.0,-219.0,175.0,-124.0,-68.0,194.0,-275.0,-30.0
414.0,197.0,0.0,-173.0,158.0,-143.0,-348.0,-46.0,-282.0,-79.0
430.0,227.0,-22.0,-162.0,127.0,-131.0,-411.0,38.0,-259.0,-91.0
458.0,370.0,-81.0,-174.0,81.0,-78.0,-275.0,46.0,-243.0,-108.0
480.0,508.0,-98.0,-212.0,29.0,-91.0,-166.0,53.0,-229.0,-150.0
498.0,531.0,-147.0,-212.0,-18.0,-118.0,-118.0,254.0,-221.0,-136.0
496.0,411.0,-184.0,-191.0,-58.0,-84.0,-87.0,293.0,-214.0,-123.0
499.0,176.0,-206.0,-217.0,-93.0,-98.0,-73.0,360.0,-190.0,-116.0
487.0,-41.0,-224.0,-228.0,-123.0,-173.0,11.0,306.0,-153.0,-78.0
466.0,-98.0,-229.0,-218.0,-136.0,-175.0,101.0,260.0,-109.0,-32.0
463.0,18.0,-245.0,-212.0,-127.0,-144.0,15.0,145.0,-75.0,38.0
463.0,207.0,-258.0,-179.0,-107.0,-187.0,-119.0,-110.0,-47.0,90.0
459.0,379.0,-278.0,-128.0,-91.0,-200.0,-96.0,-208.0,-28.0,154.0
417.0,525.0,-293.0,-103.0,-82.0,-171.0,-10.0,-301.0,3.0,227.0
395.0,671.0,-323.0,-109.0,-80.0,-275.0,-31.0,-173.0,40.0,265.0
365.0,825.0,-350.0,-103.0,-75.0,-462.0,-116.0,112.0,74.0,280.0
344.0,967.0,-382.0,-55.0,-54.0,-537.0,-130.0,343.0,127.0,295.0
328.0,1067.0,-396.0,-6.0,-19.0,-450.0,-85.0,395.0,175.0,303.0
322.0,1077.0,-429.0,37.0,17.0,-304.0,-53.0,290.0,202.0,285.0
336.0,1021.0,-449.0,96.0,38.0,-262.0,-14.0,223.0,212.0,266.0
323.0,933.0,-457.0,121.0,44.0,-297.0,65.0,9.0,221.0,252.0
315.0,733.0,-470.0,165.0,52.0,-335.0,78.0,-60.0,223.0,237.0
313.0,324.0,-432.0,199.0,69.0,-364.0,-59.0,-46.0,207.0,205.0
309.0,-158.0,-433.0,200.0,89.0,-392.0,-207.0,-55.0,174.0,185.0
295.0,-447.0,-395.0,203.0,100.0,-348.0,-234.0,-3.0,139.0,201.0
295.0,-505.0,-352.0,190.0,107.0,-234.0,-78.0,-86.0,114.0,181.0
286.0,-471.0,-316.0,185.0,122.0,-200.0,207.0,-48.0,89.0,162.0
277.0,-463.0,-235.0,158.0,149.0,-200.0,344.0,-166.0,50.0,190.0
269.0,-484.0,-215.0,126.0,180.0,-128.0,173.0,-206.0,4.0,209.0
259.0,-450.0,-148.0,111.0,203.0,-43.0,-111.0,-73.0,-10.0,228.0
249.0,-362.0,-93.0,86.0,209.0,-60.0,-259.0,-49.0,0.0,272.0
233.0,-309.0,-70.0,78.0,189.0,-161.0,-151.0,249.0,-7.0,329.0
223.0,-321.0,0.0,67.0,157.0,-181.0,121.0,397.0,-25.0,390.0
198.0,-347.0,41.0,48.0,126.0,-77.0,275.0,445.0,-44.0,428.0
178.0,-341.0,86.0,48.0,99.0,-35.0,243.0,376.0,-90.0,468.0
168.0,-282.0,139.0,60.0,85.0,-39.0,194.0,164.0,-138.0,506.0
170.0,-188.0,175.0,79.0,76.0,-64.0,153.0,136.0,-181.0,491.0
177.0,-76.0,224.0,76.0,73.0,-106.0,52.0,129.0,-230.0,451.0
207.0,78.0,270.0,41.0,82.0,-100.0,-48.0,362.0,-282.0,407.0
243.0,256.0,292.0,15.0,91.0,-51.0,-1.0,497.0,-336.0,335.0
295.0,357.0,344.0,-13.0,89.0,25.0,168.0,436.0,-380.0,235.0
342.0,337.0,378.0,-41.0,67.0,-29.0,311.0,325.0,-426.0,122.0
372.0,322.0,392.0,-83.0,26.0,-115.0,360.0,144.0,-472.0,19.0
409.0,377.0,420.0,-104.0,-23.0,-126.0,253.0,60.0,-514.0,-90.0
422.0,416.0,426.0,-96.0,-69.0,-65.0,33.0,-64.0,-544.0,-220.0
440.0,373.0,444.0,-115.0,-103.0,-27.0,-74.0,-66.0,-535.0,-319.0
444.0,295.0,454.0,-129.0,-131.0,-72.0,49.0,-101.0,-499.0,-401.0
462.0,300.0,450.0,-156.0,-147.0,-41.0,281.0,-131.0,-441.0,-493.0
476.0,419.0,455.0,-176.0,-141.0,2.0,336.0,75.0,-375.0,-562.0
487.0,535.0,432.0,-180.0,-123.0,20.0,80.0,323.0,-303.0,-606.0
493.0,563.0,395.0,-199.0,-103.0,0.0,-189.0,678.0,-235.0,-630.0
475.0,545.0,373.0,-197.0,-83.0,-31.0,-159.0,807.0,-173.0,-643.0
470.0,541.0,330.0,-195.0,-56.0,-43.0,135.0,705.0,-90.0,-624.0
459.0,534.0,278.0,-207.0,-15.0,-58.0,449.0,450.0,2.0,-564.0
460.0,468.0,244.0,-198.0,31.0,10.0,478.0,68.0,100.0,-486.0
475.0,314.0,180.0,-193.0,86.0,4.0,205.0,-64.0,217.0,-411.0
502.0,106.0,146.0,-211.0,141.0,-106.0,-129.0,-160.0,335.0,-340.0
528.0,-86.0,90.0,-231.0,182.0,-104.0,-312.0,-134.0,444.0,-258.0
558.0,-219.0,15.0,-229.0,206.0,0.0,-212.0,-192.0,537.0,-199.0
579.0,-300.0,0.0,-214.0,216.0,67.0,15.0,-291.0,594.0,-152.0
612.0,-326.0,-49.0,-227.0,218.0,24.0,61.0,-75.0,629.0,-87.0
656.0,-272.0,-78.0,-207.0,217.0,-90.0,-52.0,5.0,645.0,-12.0
692.0,-134.0,-108.0,-176.0,215.0,-180.0,-45.0,68.0,642.0,64.0
707.0,121.0,-129.0,-191.0,213.0,-194.0,95.0,68.0,625.0,135.0
707.0,440.0,-140.0,-209.0,208.0,-146.0,113.0,66.0,577.0,217.0
696.0,574.0,-190.0,-220.0,192.0,-54.0,-103.0,194.0,516.0,286.0
660.0,387.0,-201.0,-225.0,163.0,-18.0,-308.0,116.0,454.0,342.0
631.0,49.0,-234.0,-245.0,128.0,-29.0,-262.0,3.0,388.0,405.0
578.0,-249.0,-245.0,-251.0,102.0,-14.0,-78.0,-57.0,307.0,475.0
528.0,-488.0,-256.0,-242.0,86.0,12.0,39.0,-7.0,235.0,529.0
459.0,-654.0,-280.0,-228.0,77.0,28.0,-63.0,-81.0,183.0,570.0
386.0,-675.0,-263.0,-192.0,65.0,-61.0,-366.0,-216.0,163.0,628.0
319.0,-518.0,-270.0,-151.0,35.0,-187.0,-551.0,-223.0,196.0,658.0
235.0,-250.0,-268.0,-82.0,-16.0,-175.0,-300.0,-242.0,227.0,663.0
170.0,-38.0,-264.0,-21.0,-77.0,-96.0,116.0,24.0,261.0,666.0
97.0,-16.0,-258.0,34.0,-128.0,-143.0,185.0,168.0,305.0,652.0
25.0,-186.0,-256.0,110.0,-158.0,-192.0,-40.0,123.0,366.0,636.0
-55.0,-466.0,-224.0,148.0,-169.0,-153.0,-266.0,-62.0,448.0,594.0
-127.0,-763.0,-193.0,172.0,-167.0,-132.0,-302.0,-297.0,515.0,555.0
-205.0,-998.0,-184.0,195.0,-157.0,-192.0,-115.0,-131.0,572.0,523.0
-267.0,-1085.0,-121.0,217.0,-145.0,-262.0,35.0,-24.0,610.0,473.0
-321.0,-940.0,-89.0,196.0,-133.0,-247.0,-101.0,49.0,639.0,438.0
-382.0,-565.0,-36.0,142.0,-124.0,-242.0,-406.0,-7.0,652.0,410.0
-419.0,-73.0,31.0,109.0,-111.0,-200.0,-515.0,-38.0,652.0,397.0
-462.0,391.0,75.0,70.0,-89.0,-135.0,-293.0,79.0,623.0,384.0
-485.0,738.0,141.0,56.0,-50.0,-183.0,-68.0,11.0,574.0,374.0
-519.0,943.0,177.0,83.0,9.0,-313.0,-103.0,57.0,524.0,369.0
-542.0,1027.0,202.0,127.0,73.0,-232.0,-258.0,-36.0,449.0,337.0
-559.0,1002.0,247.0,169.0,121.0,30.0,-328.0,-79.0,364.0,289.0
-553.0,866.0,275.0,190.0,141.0,41.0,-248.0,-101.0,249.0,212.0
-532.0,679.0,299.0,213.0,136.0,-128.0,-124.0,-208.0,151.0,109.0
-518.0,544.0,333.0,232.0,121.0,-150.0,-155.0,-92.0,64.0,-16.0
-500.0,480.0,314.0,218.0,104.0,-44.0,-381.0,-94.0,-20.0,-138.0
-485.0,416.0,300.0,214.0,97.0,-54.0,-555.0,-107.0,-64.0,-247.0
-449.0,285.0,284.0,226.0,92.0,-202.0,-453.0,-267.0,-121.0,-363.0
-426.0,51.0,246.0,214.0,84.0,-189.0,-135.0,-424.0,-168.0,-471.0
-386.0,-218.0,193.0,211.0,64.0,-9.0,25.0,-432.0,-199.0,-562.0
-348.0,-453.0,158.0,231.0,28.0,110.0,-149.0,-423.0,-220.0,-635.0
-308.0,-687.0,128.0,228.0,-13.0,138.0,-391.0,-138.0,-220.0,-704.0
-279.0,-975.0,62.0,234.0,-57.0,69.0,-443.0,-36.0,-210.0,-753.0
-262.0,-1282.0,53.0,249.0,-100.0,27.0,-204.0,11.0,-197.0,-756.0
-246.0,-1462.0,3.0,230.0,-124.0,50.0,48.0,138.0,-181.0,-741.0
-237.0,-1408.0,-31.0,235.0,-109.0,146.0,-10.0,157.0,-163.0,-716.0
-215.0,-1225.0,-32.0,237.0,-62.0,227.0,-264.0,188.0,-140.0,-658.0
-216.0,-1081.0,-70.0,225.0,-1.0,188.0,-443.0,162.0,-97.0,-593.0
-189.0,-969.0,-63.0,213.0,53.0,204.0,-357.0,336.0,-75.0,-541.0
-159.0,-849.0,-63.0,204.0,95.0,267.0,-104.0,400.0,-51.0,-480.0
-119.0,-719.0,-55.0,199.0,123.0,308.0,-42.0,345.0,-26.0,-393.0
-85.0,-555.0,-18.0,195.0,130.0,204.0,-292.0,304.0,-17.0,-306.0
-35.0,-327.0,3.0,211.0,121.0,62.0,-523.0,97.0,0.0,-228.0
29.0,-53.0,50.0,204.0,109.0,64.0,-461.0,121.0,19.0,-147.0
89.0,247.0,112.0,208.0,109.0,153.0,-225.0,153.0,34.0,-79.0
176.0,588.0,150.0,208.0,122.0,208.0,-84.0,188.0,30.0,-26.0
233.0,920.0,206.0,189.0,137.0,165.0,-150.0,245.0,18.0,0.0
300.0,1211.0,251.0,200.0,147.0,142.0,-308.0,212.0,-1.0,36.0
370.0,1427.0,278.0,196.0,148.0,114.0,-388.0,314.0,-30.0,71.0
428.0,1496.0,305.0,169.0,134.0,105.0,-273.0,247.0,-40.0,80.0
477.0,1380.0,303.0,134.0,97.0,132.0,-46.0,40.0,-40.0,103.0
520.0,1091.0,325.0,86.0,33.0,77.0,5.0,-160.0,-46.0,112.0
565.0,717.0,317.0,31.0,-41.0,-22.0,-148.0,-49.0,-68.0,116.0
595.0,309.0,283.0,6.0,-109.0,-33.0,-194.0,229.0,-100.0,107.0
612.0,-125.0,283.0,-6.0,-165.0,18.0,-23.0,332.0,-127.0,114.0
617.0,-548.0,254.0,-34.0,-200.0,60.0,148.0,524.0,-142.0,161.0
622.0,-859.0,206.0,-65.0,-222.0,-31.0,132.0,393.0,-173.0,220.0
617.0,-979.0,190.0,-74.0,-233.0,-139.0,-65.0,140.0,-208.0,281.0
611.0,-963.0,174.0,-89.0,-243.0,-35.0,-303.0,-25.0,-237.0,333.0
595.0,-863.0,121.0,-124.0,-252.0,52.0,-400.0,-171.0,-288.0,380.0
587.0,-685.0,112.0,-165.0,-245.0,21.0,-333.0,-38.0,-322.0,385.0
589.0,-462.0,94.0,-217.0,-223.0,19.0,-230.0,3.0,-333.0,343.0
573.0,-234.0,72.0,-260.0,-200.0,130.0,-154.0,-12.0,-338.0,290.0
545.0,-31.0,93.0,-315.0,-190.0,162.0,-109.0,-51.0,-330.0,221.0
523.0,93.0,79.0,-376.0,-192.0,67.0,-1.0,-49.0,-320.0,119.0
491.0,142.0,87.0,-422.0,-190.0,97.0,182.0,24.0,-301.0,18.0
453.0,242.0,109.0,-463.0,-181.0,126.0,263.0,151.0,-287.0,-73.0
427.0,433.0,110.0,-465.0,-172.0,66.0,141.0,354.0,-263.0,-156.0
401.0,605.0,114.0,-435.0,-174.0,65.0,-76.0,140.0,-236.0,-219.0
388.0,664.0,137.0,-390.0,-181.0,142.0,-237.0,40.0,-203.0,-251.0
371.0,610.0,138.0,-330.0,-180.0,231.0,-274.0,157.0,-149.0,-238.0
346.0,509.0,125.0,-265.0,-162.0,206.0,-176.0,297.0,-84.0,-199.0
313.0,466.0,116.0,-203.0,-129.0,117.0,-27.0,576.0,-28.0,-153.0
291.0,509.0,93.0,-136.0,-98.0,137.0,4.0,548.0,13.0,-108.0
265.0,558.0,86.0,-68.0,-78.0,140.0,-99.0,513.0,45.0,-61.0
229.0,516.0,41.0,-8.0,-66.0,110.0,-119.0,306.0,64.0,-51.0
221.0,363.0,35.0,44.0,-56.0,128.0,-34.0,99.0,92.0,-59.0
212.0,175.0,-4.0,78.0,-43.0,153.0,-129.0,229.0,104.0,-54.0
192.0,63.0,-70.0,113.0,-26.0,112.0,-401.0,295.0,101.0,-67.0
173.0,68.0,-90.0,119.0,1.0,37.0,-413.0,312.0,93.0,-88.0
148.0,181.0,-161.0,93.0,32.0,45.0,-79.0,68.0,65.0,-119.0
108.0,327.0,-176.0,78.0,61.0,118.0,154.0,-127.0,68.0,-134.0
68.0,396.0,-205.0,13.0,91.0,229.0,63.0,-177.0,91.0,-173.0
25.0,400.0,-221.0,-27.0,124.0,209.0,-196.0,-35.0,129.0,-244.0
-9.0,396.0,-191.0,-29.0,159.0,116.0,-317.0,262.0,206.0,-293.0
-28.0,391.0,-187.0,-68.0,194.0,113.0,-142.0,325.0,281.0,-341.0
-48.0,351.0,-151.0,-85.0,218.0,131.0,161.0,412.0,342.0,-397.0
-81.0,264.0,-105.0,-90.0,229.0,121.0,257.0,229.0,402.0,-463.0
-110.0,199.0,-47.0,-110.0,233.0,143.0,32.0,1.0,464.0,-496.0
-132.0,156.0,4.0,-114.0,241.0,205.0,-227.0,-92.0,529.0,-513.0
-159.0,44.0,84.0,-105.0,255.0,156.0,-201.0,-218.0,587.0,-550.0
-167.0,-155.0,162.0,-104.0,266.0,150.0,34.0,-197.0,625.0,-571.0
-169.0,-338.0,220.0,-93.0,255.0,282.0,141.0,-304.0,626.0,-568.0
-160.0,-459.0,306.0,-55.0,215.0,335.0,125.0,-291.0,593.0,-556.0
-149.0,-573.0,350.0,-12.0,160.0,250.0,101.0,-249.0,531.0,-538.0
-149.0,-692.0,403.0,11.0,112.0,199.0,26.0,-212.0,476.0,-479.0
-143.0,-815.0,456.0,36.0,85.0,233.0,-100.0,-105.0,415.0,-389.0
-143.0,-892.0,455.0,62.0,72.0,252.0,-160.0,-168.0,330.0,-299.0
-136.0,-858.0,489.0,91.0,69.0,235.0,-18.0,-134.0,248.0,-207.0
-122.0,-702.0,512.0,135.0,65.0,160.0,198.0,-114.0,165.0,-96.0
-90.0,-457.0,534.0,148.0,61.0,83.0,253.0,55.0,104.0,6.0
-50.0,-130.0,580.0,168.0,61.0,50.0,76.0,245.0,41.0,95.0
-9.0,316.0,582.0,200.0,66.0,73.0,-98.0,155.0,-16.0,177.0
49.0,849.0,621.0,187.0,71.0,179.0,-3.0,94.0,-32.0,253.0
113.0,1313.0,648.0,141.0,78.0,203.0,260.0,-92.0,-44.0,314.0
182.0,1547.0,654.0,130.0,93.0,127.0,448.0,-216.0,-32.0,358.0
251.0,1533.0,684.0,161.0,118.0,166.0,410.0,-295.0,3.0,415.0
314.0,1316.0,702.0,172.0,144.0,256.0,198.0,-371.0,41.0,452.0
373.0,974.0,715.0,216.0,158.0,214.0,16.0,-258.0,67.0,473.0
428.0,644.0,704.0,260.0,166.0,185.0,40.0,-140.0,74.0,480.0
467.0,421.0,726.0,277.0,168.0,283.0,260.0,125.0,101.0,484.0
490.0,310.0,712.0,297.0,162.0,315.0,400.0,253.0,126.0,488.0
507.0,298.0,688.0,285.0,148.0,189.0,439.0,214.0,134.0,454.0
495.0,395.0,701.0,245.0,107.0,114.0,450.0,144.0,143.0,430.0
471.0,545.0,663.0,192.0,49.0,272.0,345.0,29.0,145.0,403.0
444.0,616.0,648.0,142.0,-18.0,387.0,253.0,9.0,164.0,353.0
419.0,507.0,603.0,79.0,-89.0,329.0,264.0,-120.0,188.0,294.0
393.0,236.0,574.0,18.0,-149.0,260.0,302.0,36.0,211.0,260.0
356.0,-147.0,572.0,-24.0,-192.0,172.0,328.0,286.0,232.0,245.0
336.0,-602.0,510.0,-71.0,-202.0,49.0,401.0,386.0,239.0,212.0
303.0,-1046.0,488.0,-99.0,-190.0,40.0,543.0,376.0,260.0,204.0
281.0,-1415.0,456.0,-112.0,-176.0,164.0,574.0,75.0,262.0,202.0
273.0,-1646.0,425.0,-128.0,-175.0,123.0,361.0,-12.0,240.0,202.0
251.0,-1729.0,396.0,-124.0,-186.0,25.0,85.0,-227.0,221.0,202.0
239.0,-1698.0,355.0,-79.0,-199.0,0.0,3.0,-395.0,178.0,202.0
218.0,-1588.0,297.0,-19.0,-206.0,36.0,243.0,-293.0,110.0,234.0
193.0,-1370.0,209.0,53.0,-199.0,125.0,614.0,-295.0,28.0,249.0
168.0,-1018.0,135.0,141.0,-177.0,121.0,719.0,-94.0,-65.0,259.0
136.0,-666.0,45.0,205.0,-144.0,4.0,569.0,7.0,-179.0,286.0
115.0,-415.0,-39.0,249.0,-103.0,-32.0,458.0,181.0,-320.0,307.0
100.0,-230.0,-137.0,267.0,-65.0,79.0,451.0,373.0,-466.0,298.0
94.0,-3.0,-216.0,284.0,-40.0,-18.0,420.0,227.0,-598.0,271.0
89.0,311.0,-316.0,304.0,-27.0,-91.0,344.0,-92.0,-734.0,268.0
69.0,660.0,-419.0,313.0,-23.0,-37.0,314.0,-559.0,-865.0,256.0
68.0,996.0,-482.0,312.0,-22.0,8.0,289.0,-722.0,-957.0,227.0
67.0,1289.0,-547.0,282.0,-21.0,-41.0,169.0,-552.0,-1014.0,209.0
54.0,1518.0,-599.0,262.0,-13.0,-192.0,137.0,-120.0,-1046.0,201.0
40.0,1623.0,-643.0,227.0,3.0,-103.0,347.0,271.0,-1058.0,180.0
10.0,1515.0,-666.0,188.0,19.0,-11.0,496.0,341.0,-1029.0,135.0
-15.0,1189.0,-701.0,167.0,30.0,66.0,425.0,51.0,-967.0,117.0
-45.0,759.0,-704.0,162.0,34.0,63.0,216.0,-580.0,-907.0,123.0
-83.0,354.0,-728.0,179.0,42.0,-10.0,9.0,-846.0,-837.0,113.0
-122.0,32.0,-733.0,207.0,52.0,10.0,50.0,-870.0,-757.0,128.0
-150.0,-165.0,-730.0,291.0,60.0,67.0,282.0,-565.0,-693.0,171.0
-189.0,-199.0,-761.0,393.0,52.0,169.0,411.0,38.0,-635.0,202.0
-232.0,-91.0,-724.0,486.0,28.0,149.0,294.0,428.0,-569.0,229.0
-263.0,41.0,-735.0,567.0,1.0,56.0,99.0,800.0,-522.0,275.0
-293.0,105.0,-716.0,587.0,-24.0,1.0,87.0,709.0,-469.0,338.0
-303.0,111.0,-680.0,577.0,-45.0,17.0,162.0,380.0,-421.0,370.0
-324.0,88.0,-668.0,531.0,-49.0,22.0,147.0,16.0,-388.0,375.0
-328.0,25.0,-611.0,435.0,-30.0,206.0,69.0,-515.0,-340.0,391.0
-330.0,-119.0,-568.0,335.0,15.0,316.0,-20.0,-818.0,-286.0,389.0
-334.0,-385.0,-510.0,214.0,81.0,104.0,-80.0,-794.0,-225.0,356.0
-319.0,-679.0,-451.0,55.0,143.0,-25.0,-38.0,-136.0,-172.0,315.0
-307.0,-831.0,-372.0,-86.0,186.0,33.0,69.0,615.0,-110.0,276.0
-282.0,-776.0,-281.0,-192.0,212.0,195.0,121.0,975.0,-34.0,215.0
-246.0,-528.0,-191.0,-288.0,227.0,124.0,107.0,761.0,67.0,133.0
-207.0,-161.0,-100.0,-376.0,232.0,-7.0,90.0,-49.0,205.0,62.0
-173.0,189.0,-3.0,-453.0,243.0,-13.0,54.0,-602.0,333.0,-8.0
-150.0,436.0,102.0,-506.0,260.0,30.0,-45.0,-776.0,470.0,-105.0
-138.0,587.0,199.0,-521.0,273.0,103.0,-9.0,-450.0,622.0,-201.0
-110.0,664.0,322.0,-505.0,274.0,156.0,107.0,107.0,761.0,-272.0
-106.0,712.0,419.0,-474.0,261.0,210.0,38.0,500.0,882.0,-323.0
-121.0,778.0,504.0,-413.0,238.0,173.0,-79.0,848.0,984.0,-368.0
-140.0,861.0,596.0,-322.0,202.0,126.0,-207.0,805.0,1066.0,-375.0
-149.0,957.0,642.0,-249.0,156.0,84.0,-300.0,495.0,1115.0,-321.0
-145.0,1004.0,689.0,-221.0,116.0,75.0,-253.0,3.0,1151.0,-269.0
-153.0,965.0,710.0,-212.0,90.0,12.0,-285.0,-365.0,1168.0,-223.0
-142.0,861.0,716.0,-202.0,65.0,9.0,-356.0,-558.0,1154.0,-142.0
-138.0,674.0,752.0,-193.0,38.0,121.0,-221.0,-624.0,1116.0,-70.0
-129.0,409.0,738.0,-193.0,9.0,181.0,0.0,-206.0,1076.0,-30.0
-136.0,172.0,736.0,-161.0,-24.0,214.0,37.0,155.0,1040.0,22.0
-143.0,46.0,752.0,-139.0,-57.0,132.0,-173.0,384.0,978.0,77.0
-141.0,-52.0,720.0,-144.0,-93.0,90.0,-406.0,395.0,912.0,123.0
-130.0,-210.0,713.0,-97.0,-123.0,96.0,-378.0,134.0,853.0,166.0
-110.0,-386.0,706.0,-55.0,-125.0,148.0,-148.0,-97.0,784.0,192.0
-114.0,-504.0,705.0,-24.0,-92.0,204.0,-59.0,-397.0,721.0,226.0
-93.0,-578.0,715.0,5.0,-37.0,232.0,-194.0,-426.0,679.0,241.0
-81.0,-646.0,722.0,40.0,21.0,248.0,-298.0,-290.0,654.0,238.0
-72.0,-670.0,741.0,71.0,72.0,158.0,-141.0,-27.0,626.0,246.0
-58.0,-627.0,748.0,104.0,105.0,175.0,20.0,225.0,592.0,232.0
-44.0,-515.0,756.0,180.0,117.0,206.0,-221.0,315.0,557.0,196.0
-32.0,-363.0,755.0,221.0,116.0,202.0,-539.0,419.0,511.0,147.0
-22.0,-243.0,756.0,227.0,105.0,162.0,-534.0,301.0,450.0,94.0
-20.0,-186.0,741.0,231.0,81.0,310.0,-344.0,219.0,397.0,34.0
-28.0,-132.0,716.0,223.0,56.0,525.0,-162.0,35.0,335.0,-22.0
-20.0,-34.0,706.0,203.0,41.0,404.0,-40.0,-153.0,259.0,-65.0
-11.0,55.0,658.0,179.0,36.0,304.0,-26.0,-175.0,194.0,-94.0
-3.0,93.0,619.0,139.0,34.0,306.0,-157.0,-273.0,121.0,-103.0
-8.0,149.0,580.0,97.0,22.0,418.0,-267.0,9.0,80.0,-111.0
4.0,268.0,523.0,92.0,-3.0,361.0,-278.0,158.0,59.0,-109.0
10.0,318.0,467.0,84.0,-36.0,289.0,-204.0,25.0,18.0,-105.0
14.0,172.0,418.0,79.0,-63.0,379.0,17.0,-171.0,-9.0,-113.0
35.0,-62.0,355.0,56.0,-74.0,312.0,150.0,-530.0,-39.0,-122.0
61.0,-164.0,276.0,35.0,-79.0,356.0,-4.0,-498.0,-75.0,-123.0
101.0,-90.0,227.0,41.0,-76.0,404.0,-208.0,-308.0,-112.0,-116.0
128.0,31.0,139.0,31.0,-62.0,423.0,-225.0,-77.0,-154.0,-126.0
158.0,58.0,66.0,41.0,-40.0,316.0,-178.0,1.0,-192.0,-127.0
177.0,-47.0,13.0,62.0,-17.0,242.0,-229.0,-136.0,-233.0,-115.0
183.0,-148.0,-58.0,58.0,-1.0,340.0,-220.0,-295.0,-262.0,-109.0
212.0,-161.0,-116.0,68.0,9.0,303.0,-65.0,-532.0,-296.0,-114.0
242.0,-149.0,-174.0,105.0,12.0,198.0,81.0,-382.0,-338.0,-120.0
276.0,-142.0,-224.0,102.0,5.0,166.0,57.0,-186.0,-358.0,-111.0
303.0,-95.0,-271.0,89.0,-10.0,306.0,-74.0,-60.0,-366.0,-109.0
319.0,-8.0,-295.0,102.0,-35.0,281.0,-76.0,-118.0,-382.0,-109.0
326.0,49.0,-339.0,97.0,-75.0,284.0,99.0,-389.0,-409.0,-111.0
307.0,110.0,-373.0,100.0,-130.0,316.0,272.0,-380.0,-426.0,-123.0
296.0,262.0,-381.0,121.0,-183.0,172.0,178.0,-473.0,-422.0,-131.0
253.0,509.0,-418.0,166.0,-220.0,113.0,-42.0,-262.0,-427.0,-132.0
206.0,780.0,-443.0,173.0,-236.0,133.0,-118.0,57.0,-423.0,-119.0
170.0,953.0,-452.0,164.0,-238.0,273.0,-73.0,-14.0,-407.0,-94.0
120.0,943.0,-467.0,180.0,-222.0,231.0,3.0,-96.0,-387.0,-73.0
83.0,738.0,-470.0,174.0,-189.0,158.0,0.0,-247.0,-364.0,-52.0
28.0,440.0,-465.0,150.0,-143.0,185.0,-85.0,-210.0,-352.0,-13.0
-22.0,124.0,-465.0,90.0,-87.0,276.0,-95.0,-218.0,-341.0,27.0
-77.0,-196.0,-446.0,20.0,-42.0,346.0,70.0,-216.0,-340.0,68.0
-127.0,-417.0,-421.0,-39.0,-12.0,285.0,141.0,-133.0,-342.0,135.0
-179.0,-461.0,-399.0,-93.0,5.0,411.0,-24.0,-199.0,-333.0,200.0
-227.0,-398.0,-368.0,-131.0,16.0,507.0,-105.0,-179.0,-332.0,247.0
-274.0,-372.0,-326.0,-151.0,21.0,530.0,23.0,-260.0,-355.0,288.0
-301.0,-420.0,-291.0,-179.0,19.0,356.0,109.0,-205.0,-373.0,325.0
-308.0,-487.0,-250.0,-226.0,16.0,276.0,51.0,-136.0,-381.0,359.0
-324.0,-562.0,-195.0,-272.0,19.0,435.0,-33.0,-138.0,-377.0,375.0
-324.0,-639.0,-125.0,-314.0,27.0,406.0,-121.0,-168.0,-359.0,400.0
-342.0,-716.0,-51.0,-349.0,31.0,358.0,-151.0,-249.0,-326.0,407.0
-342.0,-766.0,1.0,-390.0,23.0,310.0,-59.0,22.0,-280.0,380.0
-350.0,-749.0,82.0,-395.0,13.0,425.0,61.0,210.0,-223.0,343.0
-358.0,-660.0,141.0,-394.0,6.0,427.0,107.0,395.0,-152.0,276.0
-361.0,-511.0,193.0,-380.0,0.0,361.0,87.0,358.0,-95.0,182.0
-360.0,-362.0,254.0,-383.0,-9.0,441.0,-65.0,-131.0,-33.0,67.0
-337.0,-233.0,289.0,-370.0,-13.0,459.0,-391.0,-430.0,24.0,-61.0
-335.0,-112.0,326.0,-328.0,-15.0,457.0,-631.0,-598.0,81.0,-178.0
-319.0,1.0,354.0,-351.0,-15.0,315.0,-543.0,-378.0,133.0,-289.0
-323.0,109.0,388.0,-321.0,-3.0,325.0,-237.0,-55.0,131.0,-388.0
-313.0,179.0,409.0,-304.0,11.0,307.0,-10.0,134.0,116.0,-422.0
-311.0,210.0,433.0,-280.0,17.0,203.0,-80.0,240.0,91.0,-430.0
-315.0,170.0,455.0,-203.0,16.0,235.0,-417.0,-66.0,72.0,-422.0
-295.0,10.0,466.0,-164.0,29.0,298.0,-713.0,-230.0,60.0,-390.0
-284.0,-228.0,468.0,-76.0,64.0,438.0,-611.0,-334.0,45.0,-354.0
-259.0,-428.0,470.0,6.0,101.0,456.0,-165.0,-369.0,62.0,-305.0
-245.0,-532.0,470.0,72.0,122.0,502.0,92.0,-164.0,92.0,-283.0
-216.0,-589.0,465.0,162.0,119.0,464.0,22.0,-14.0,125.0,-264.0
-199.0,-609.0,463.0,245.0,112.0,392.0,-94.0,182.0,168.0,-237.0
-181.0,-566.0,453.0,342.0,117.0,475.0,-166.0,273.0,225.0,-229.0
-154.0,-464.0,474.0,399.0,125.0,467.0,-129.0,315.0,288.0,-217.0
-137.0,-318.0,487.0,491.0,128.0,444.0,-68.0,182.0,358.0,-199.0
-111.0,-158.0,480.0,577.0,129.0,432.0,-277.0,-81.0,442.0,-182.0
-103.0,15.0,484.0,596.0,121.0,623.0,-570.0,-254.0,519.0,-186.0
-88.0,229.0,491.0,671.0,88.0,728.0,-408.0,-441.0,592.0,-179.0
-96.0,448.0,489.0,718.0,33.0,642.0,-81.0,-391.0,662.0,-145.0
-107.0,620.0,472.0,761.0,-18.0,645.0,-284.0,-223.0,697.0,-119.0
-123.0,758.0,480.0,815.0,-56.0,630.0,-702.0,103.0,682.0,-79.0
-149.0,866.0,478.0,825.0,-86.0,618.0,-600.0,358.0,645.0,-15.0
-163.0,919.0,466.0,862.0,-111.0,517.0,-225.0,345.0,583.0,51.0
-187.0,925.0,467.0,872.0,-121.0,646.0,-119.0,306.0,498.0,99.0
-208.0,901.0,465.0,871.0,-105.0,771.0,-146.0,0.0,416.0,147.0
-223.0,870.0,449.0,861.0,-79.0,709.0,-171.0,-188.0,301.0,193.0
-231.0,863.0,441.0,791.0,-63.0,676.0,-227.0,-225.0,178.0,205.0
-227.0,821.0,421.0,702.0,-57.0,630.0,-244.0,-229.0,75.0,209.0
-224.0,692.0,415.0,619.0,-57.0,828.0,-272.0,-20.0,-13.0,217.0
-213.0,470.0,426.0,521.0,-58.0,946.0,-341.0,88.0,-77.0,238.0
-186.0,158.0,385.0,408.0,-53.0,946.0,-325.0,83.0,-137.0,260.0
-183.0,-102.0,403.0,288.0,-34.0,918.0,-230.0,-155.0,-181.0,266.0
-184.0,-246.0,414.0,172.0,1.0,864.0,-263.0,-299.0,-200.0,289.0
-184.0,-377.0,382.0,66.0,46.0,853.0,-493.0,-321.0,-185.0,321.0
-185.0,-565.0,402.0,-21.0,76.0,823.0,-763.0,-323.0,-141.0,340.0
-178.0,-791.0,388.0,-103.0,78.0,909.0,-803.0,-99.0,-110.0,361.0
-195.0,-1018.0,357.0,-167.0,66.0,907.0,-529.0,-75.0,-80.0,393.0
-200.0,-1204.0,329.0,-244.0,56.0,836.0,-153.0,62.0,-50.0,394.0
-203.0,-1260.0,283.0,-309.0,41.0,784.0,69.0,188.0,-13.0,372.0
-197.0,-1157.0,226.0,-332.0,12.0,930.0,-37.0,118.0,35.0,351.0
-204.0,-930.0,170.0,-384.0,-13.0,1062.0,-335.0,24.0,81.0,312.0
-218.0,-623.0,104.0,-379.0,-13.0,884.0,-433.0,-186.0,140.0,266.0
-213.0,-339.0,32.0,-375.0,16.0,840.0,-323.0,-184.0,207.0,236.0
-216.0,-110.0,-15.0,-402.0,57.0,872.0,-349.0,-186.0,274.0,249.0
-205.0,97.0,-93.0,-413.0,101.0,907.0,-456.0,-171.0,330.0,284.0
-194.0,263.0,-171.0,-449.0,134.0,878.0,-373.0,-166.0,397.0,320.0
-166.0,370.0,-227.0,-449.0,134.0,878.0,-229.0,-179.0,449.0,374.0
-141.0,428.0,-305.0,-439.0,100.0,936.0,-297.0,-144.0,466.0,419.0
-111.0,464.0,-379.0,-449.0,50.0,812.0,-551.0,-216.0,479.0,453.0
-86.0,494.0,-416.0,-474.0,4.0,779.0,-545.0,-140.0,466.0,481.0
-70.0,470.0,-462.0,-498.0,-36.0,758.0,-244.0,-44.0,444.0,481.0
-41.0,330.0,-520.0,-480.0,-79.0,703.0,-190.0,129.0,429.0,471.0
-26.0,99.0,-527.0,-453.0,-122.0,585.0,-428.0,70.0,408.0,438.0
-8.0,-103.0,-534.0,-400.0,-164.0,507.0,-500.0,-142.0,370.0,373.0
1.0,-228.0,-548.0,-291.0,-210.0,584.0,-151.0,3.0,310.0,323.0
19.0,-270.0,-517.0,-176.0,-260.0,545.0,215.0,68.0,232.0,266.0
26.0,-235.0,-497.0,-58.0,-294.0,497.0,102.0,208.0,146.0,199.0
38.0,-195.0,-452.0,55.0,-300.0,410.0,-314.0,269.0,74.0,132.0
47.0,-171.0,-378.0,155.0,-288.0,473.0,-518.0,181.0,-3.0,78.0
49.0,-163.0,-349.0,214.0,-265.0,546.0,-356.0,147.0,-81.0,26.0
48.0,-192.0,-277.0,255.0,-242.0,451.0,-335.0,-112.0,-148.0,-40.0
30.0,-246.0,-195.0,284.0,-220.0,446.0,-687.0,-223.0,-207.0,-78.0
20.0,-274.0,-161.0,252.0,-187.0,337.0,-737.0,-201.0,-258.0,-124.0
10.0,-255.0,-84.0,213.0,-133.0,363.0,-167.0,-48.0,-319.0,-168.0
10.0,-236.0,-22.0,166.0,-74.0,403.0,262.0,123.0,-396.0,-208.0
2.0,-245.0,3.0,113.0,-23.0,293.0,14.0,24.0,-469.0,-239.0
17.0,-295.0,43.0,44.0,24.0,298.0,-467.0,-27.0,-516.0,-248.0
36.0,-342.0,63.0,-29.0,70.0,329.0,-584.0,-169.0,-550.0,-297.0
44.0,-336.0,94.0,-68.0,110.0,406.0,-336.0,-181.0,-569.0,-341.0
31.0,-287.0,89.0,-98.0,132.0,320.0,-158.0,-59.0,-573.0,-366.0
3.0,-182.0,76.0,-121.0,141.0,299.0,-274.0,-112.0,-587.0,-398.0
-15.0,8.0,94.0,-107.0,146.0,469.0,-437.0,-177.0,-615.0,-430.0
-44.0,276.0,76.0,-93.0,144.0,500.0,-359.0,-363.0,-657.0,-443.0
-64.0,544.0,77.0,-109.0,146.0,492.0,-186.0,-500.0,-710.0,-434.0
-93.0,666.0,66.0,-115.0,158.0,423.0,-169.0,-465.0,-782.0,-429.0
-110.0,585.0,57.0,-154.0,182.0,442.0,-241.0,-356.0,-863.0,-401.0
-136.0,397.0,65.0,-172.0,213.0,450.0,-261.0,-212.0,-915.0,-341.0
-164.0,250.0,49.0,-187.0,232.0,371.0,-256.0,-116.0,-949.0,-293.0
-195.0,176.0,64.0,-244.0,240.0,371.0,-288.0,-107.0,-960.0,-272.0
-214.0,109.0,71.0,-306.0,242.0,373.0,-247.0,-190.0,-948.0,-260.0
-212.0,20.0,86.0,-384.0,237.0,417.0,18.0,-214.0,-926.0,-267.0
-214.0,-129.0,91.0,-451.0,219.0,255.0,217.0,-293.0,-869.0,-308.0
-203.0,-322.0,84.0,-522.0,190.0,159.0,13.0,-182.0,-793.0,-391.0
-188.0,-463.0,107.0,-554.0,153.0,285.0,-236.0,-64.0,-708.0,-469.0
-154.0,-467.0,78.0,-577.0,112.0,279.0,-132.0,-229.0,-601.0,-542.0
-123.0,-288.0,74.0,-599.0,67.0,199.0,107.0,-210.0,-477.0,-633.0
-79.0,16.0,72.0,-584.0,18.0,171.0,109.0,-321.0,-366.0,-697.0
-35.0,324.0,61.0,-525.0,-26.0,313.0,56.0,-341.0,-272.0,-732.0
9.0,574.0,65.0,-432.0,-62.0,331.0,208.0,-169.0,-183.0,-765.0
65.0,783.0,53.0,-341.0,-83.0,135.0,323.0,-188.0,-103.0,-814.0
114.0,963.0,58.0,-221.0,-102.0,105.0,214.0,-208.0,-22.0,-842.0
177.0,1071.0,54.0,-134.0,-130.0,232.0,-25.0,-358.0,51.0,-845.0
220.0,1013.0,45.0,-46.0,-169.0,264.0,-149.0,-347.0,116.0,-884.0
265.0,771.0,43.0,58.0,-210.0,177.0,71.0,-303.0,160.0,-930.0
292.0,428.0,64.0,145.0,-235.0,162.0,501.0,-315.0,195.0,-942.0
297.0,85.0,59.0,230.0,-236.0,200.0,581.0,-275.0,201.0,-969.0
291.0,-171.0,73.0,292.0,-222.0,127.0,114.0,-424.0,175.0,-997.0
265.0,-309.0,114.0,379.0,-215.0,51.0,-181.0,-474.0,155.0,-989.0
232.0,-361.0,109.0,434.0,-227.0,130.0,124.0,-587.0,121.0,-946.0
176.0,-389.0,133.0,453.0,-240.0,208.0,413.0,-622.0,72.0,-887.0
123.0,-420.0,153.0,452.0,-246.0,265.0,292.0,-552.0,31.0,-830.0
66.0,-460.0,153.0,437.0,-242.0,299.0,85.0,-535.0,9.0,-730.0
-1.0,-479.0,167.0,429.0,-227.0,325.0,65.0,-391.0,-2.0,-635.0
-67.0,-413.0,180.0,404.0,-204.0,429.0,189.0,-439.0,19.0,-573.0
-136.0,-272.0,194.0,400.0,-174.0,340.0,232.0,-400.0,60.0,-495.0
-194.0,-118.0,222.0,399.0,-150.0,254.0,110.0,-327.0,99.0,-413.0
-242.0,8.0,234.0,384.0,-133.0,321.0,-21.0,-199.0,167.0,-339.0
-281.0,84.0,250.0,375.0,-124.0,246.0,57.0,53.0,225.0,-287.0
-325.0,82.0,264.0,400.0,-124.0,200.0,205.0,86.0,289.0,-235.0
-375.0,34.0,241.0,435.0,-134.0,213.0,116.0,195.0,349.0,-168.0
-406.0,3.0,236.0,452.0,-143.0,165.0,-18.0,173.0,380.0,-138.0
-435.0,-14.0,208.0,457.0,-138.0,164.0,43.0,251.0,432.0,-125.0
-451.0,-70.0,198.0,429.0,-128.0,171.0,130.0,312.0,466.0,-82.0
-453.0,-185.0,182.0,395.0,-111.0,114.0,43.0,29.0,491.0,-41.0
-459.0,-342.0,127.0,364.0,-85.0,149.0,-18.0,-177.0,495.0,-22.0
-469.0,-466.0,106.0,325.0,-48.0,166.0,35.0,-358.0,483.0,-13.0
-465.0,-491.0,64.0,292.0,-13.0,78.0,16.0,-282.0,489.0,3.0
-445.0,-462.0,0.0,259.0,7.0,120.0,-38.0,-129.0,464.0,-3.0
-441.0,-472.0,-60.0,224.0,19.0,98.0,-8.0,53.0,461.0,-26.0
-424.0,-520.0,-121.0,162.0,28.0,20.0,59.0,195.0,440.0,-8.0
-398.0,-523.0,-210.0,111.0,49.0,60.0,31.0,105.0,385.0,43.0
-377.0,-485.0,-270.0,121.0,78.0,30.0,-6.0,94.0,376.0,91.0
-363.0,-458.0,-319.0,117.0,101.0,14.0,40.0,-83.0,351.0,155.0
-353.0,-400.0,-398.0,94.0,109.0,111.0,140.0,-123.0,301.0,265.0
-332.0,-277.0,-433.0,128.0,108.0,226.0,191.0,-79.0,238.0,371.0
-317.0,-126.0,-489.0,151.0,110.0,194.0,136.0,-190.0,167.0,444.0
-315.0,0.0,-545.0,138.0,109.0,-27.0,29.0,-151.0,97.0,533.0
-332.0,102.0,-549.0,145.0,99.0,-128.0,-135.0,-116.0,19.0,641.0
-334.0,161.0,-588.0,138.0,79.0,-37.0,-224.0,81.0,-50.0,722.0
-321.0,142.0,-613.0,102.0,53.0,-9.0,-199.0,229.0,-106.0,806.0
-316.0,88.0,-602.0,55.0,29.0,-95.0,-124.0,181.0,-153.0,921.0
-308.0,73.0,-627.0,10.0,0.0,-111.0,-67.0,88.0,-182.0,1032.0
-299.0,152.0,-628.0,-48.0,-33.0,-64.0,-198.0,7.0,-199.0,1113.0
-274.0,284.0,-608.0,-79.0,-54.0,-129.0,-442.0,81.0,-206.0,1184.0
-250.0,359.0,-617.0,-93.0,-50.0,-253.0,-503.0,-66.0,-207.0,1257.0
-232.0,336.0,-612.0,-141.0,-25.0,-310.0,-244.0,-59.0,-218.0,1283.0
-195.0,271.0,-593.0,-184.0,5.0,-332.0,48.0,73.0,-201.0,1259.0
-149.0,238.0,-581.0,-227.0,32.0,-422.0,67.0,51.0,-172.0,1223.0
-100.0,191.0,-561.0,-262.0,48.0,-409.0,-121.0,88.0,-152.0,1192.0
-66.0,58.0,-534.0,-252.0,55.0,-268.0,-184.0,-114.0,-114.0,1119.0
-28.0,-130.0,-518.0,-214.0,64.0,-304.0,-37.0,-177.0,-67.0,1017.0
16.0,-332.0,-505.0,-159.0,79.0,-426.0,7.0,-166.0,-11.0,944.0
36.0,-513.0,-484.0,-94.0,97.0,-409.0,-124.0,-164.0,44.0,864.0
62.0,-587.0,-461.0,-7.0,110.0,-334.0,-266.0,-140.0,94.0,772.0
71.0,-475.0,-432.0,76.0,106.0,-348.0,-266.0,-249.0,131.0,707.0
71.0,-225.0,-417.0,121.0,79.0,-322.0,-161.0,-149.0,151.0,677.0
88.0,12.0,-399.0,154.0,45.0,-216.0,-199.0,-12.0,168.0,651.0
84.0,163.0,-362.0,161.0,17.0,-202.0,-339.0,297.0,174.0,614.0
73.0,253.0,-335.0,199.0,5.0,-244.0,-378.0,327.0,168.0,595.0
44.0,333.0,-286.0,234.0,13.0,-237.0,-325.0,127.0,146.0,580.0
23.0,403.0,-242.0,193.0,24.0,-138.0,-179.0,133.0,93.0,524.0
3.0,448.0,-211.0,154.0,30.0,-105.0,91.0,16.0,18.0,448.0
-32.0,459.0,-145.0,100.0,33.0,-123.0,285.0,121.0,-71.0,380.0
-65.0,394.0,-87.0,33.0,41.0,-29.0,190.0,-29.0,-162.0,302.0
-109.0,283.0,-50.0,-6.0,56.0,27.0,-72.0,-267.0,-246.0,175.0
-135.0,164.0,25.0,-32.0,75.0,-5.0,-242.0,-243.0,-328.0,44.0
-154.0,50.0,90.0,-45.0,101.0,-97.0,-177.0,-262.0,-392.0,-88.0
-172.0,-5.0,126.0,-42.0,129.0,-105.0,67.0,-125.0,-441.0,-289.0
-188.0,6.0,206.0,-18.0,147.0,-30.0,190.0,-118.0,-471.0,-491.0
-197.0,-2.0,257.0,-13.0,145.0,-85.0,52.0,-29.0,-506.0,-659.0
-187.0,-100.0,292.0,-20.0,121.0,-47.0,-91.0,33.0,-547.0,-820.0
-180.0,-240.0,330.0,-27.0,75.0,84.0,-137.0,-25.0,-576.0,-975.0
-153.0,-347.0,351.0,-53.0,28.0,149.0,-100.0,7.0,-611.0,-1092.0
-95.0,-392.0,366.0,-51.0,-6.0,82.0,52.0,12.0,-638.0,-1171.0
-28.0,-379.0,349.0,-64.0,-32.0,-83.0,166.0,145.0,-676.0,-1232.0
49.0,-340.0,359.0,-72.0,-58.0,-29.0,48.0,101.0,-706.0,-1277.0
136.0,-317.0,319.0,-96.0,-85.0,31.0,-107.0,-36.0,-718.0,-1294.0
219.0,-323.0,265.0,-143.0,-107.0,-68.0,-34.0,-192.0,-743.0,-1246.0
308.0,-344.0,248.0,-154.0,-128.0,-171.0,28.0,-339.0,-765.0,-1200.0
374.0,-380.0,177.0,-198.0,-160.0,-230.0,-121.0,-247.0,-768.0,-1144.0
432.0,-468.0,137.0,-206.0,-207.0,-250.0,-301.0,-142.0,-746.0,-1055.0
497.0,-614.0,102.0,-196.0,-250.0,-235.0,-344.0,68.0,-714.0,-1000.0
544.0,-739.0,46.0,-183.0,-276.0,-141.0,-299.0,29.0,-662.0,-969.0
580.0,-736.0,3.0,-130.0,-288.0,-173.0,-221.0,-267.0,-589.0,-959.0
581.0,-580.0,-40.0,-94.0,-290.0,-247.0,-78.0,-408.0,-504.0,-927.0
564.0,-319.0,-98.0,-60.0,-287.0,-216.0,20.0,-498.0,-418.0,-889.0
526.0,-4.0,-152.0,-54.0,-285.0,-198.0,17.0,-363.0,-339.0,-875.0
485.0,310.0,-194.0,-59.0,-282.0,-251.0,22.0,-182.0,-250.0,-831.0
440.0,613.0,-248.0,-53.0,-274.0,-404.0,12.0,-29.0,-150.0,-768.0
379.0,925.0,-291.0,-54.0,-251.0,-422.0,-94.0,25.0,-49.0,-722.0
313.0,1214.0,-357.0,-52.0,-210.0,-323.0,-211.0,-83.0,40.0,-684.0
234.0,1445.0,-396.0,-43.0,-159.0,-317.0,-232.0,-38.0,108.0,-632.0
168.0,1616.0,-433.0,-32.0,-109.0,-295.0,-185.0,-162.0,158.0,-563.0
80.0,1719.0,-505.0,-40.0,-68.0,-160.0,-202.0,-238.0,188.0,-512.0
-6.0,1709.0,-550.0,-34.0,-39.0,-85.0,-268.0,-216.0,190.0,-465.0
-81.0,1540.0,-600.0,-36.0,-17.0,-236.0,-200.0,-179.0,185.0,-392.0
-142.0,1223.0,-639.0,-71.0,0.0,-286.0,-34.0,-55.0,171.0,-339.0
-203.0,864.0,-687.0,-127.0,6.0,-152.0,75.0,-142.0,142.0,-312.0
-266.0,543.0,-708.0,-188.0,4.0,-167.0,61.0,-20.0,96.0,-271.0
-301.0,248.0,-715.0,-253.0,-10.0,-233.0,-14.0,59.0,27.0,-215.0
-345.0,-60.0,-734.0,-303.0,-21.0,-197.0,9.0,75.0,-39.0,-181.0
-389.0,-386.0,-745.0,-335.0,-22.0,-160.0,89.0,66.0,-107.0,-171.0
-433.0,-681.0,-748.0,-377.0,-14.0,-206.0,87.0,-214.0,-163.0,-134.0
-465.0,-898.0,-738.0,-381.0,8.0,-305.0,57.0,-336.0,-194.0,-93.0
-501.0,-1020.0,-745.0,-402.0,41.0,-252.0,-5.0,-447.0,-213.0,-72.0
-535.0,-1101.0,-722.0,-399.0,71.0,-142.0,-39.0,-312.0,-222.0,-33.0
-567.0,-1208.0,-705.0,-377.0,90.0,-170.0,-18.0,-195.0,-207.0,26.0
-610.0,-1303.0,-663.0,-399.0,101.0,-160.0,-135.0,-230.0,-180.0,90.0
-642.0,-1311.0,-616.0,-366.0,112.0,-100.0,-211.0,-147.0,-138.0,146.0
-660.0,-1256.0,-584.0,-318.0,129.0,-147.0,-31.0,-243.0,-96.0,213.0
-669.0,-1217.0,-507.0,-283.0,144.0,-283.0,101.0,-192.0,-78.0,290.0
-682.0,-1203.0,-471.0,-242.0,150.0,-338.0,68.0,-149.0,-43.0,341.0
-663.0,-1178.0,-411.0,-235.0,153.0,-352.0,68.0,-70.0,-6.0,398.0
-637.0,-1141.0,-362.0,-248.0,158.0,-396.0,93.0,70.0,20.0,463.0
-601.0,-1101.0,-313.0,-249.0,159.0,-402.0,195.0,81.0,51.0,520.0
-553.0,-1017.0,-261.0,-261.0,150.0,-385.0,331.0,234.0,87.0,557.0
-494.0,-837.0,-237.0,-233.0,140.0,-383.0,229.0,334.0,137.0,583.0
-394.0,-595.0,-173.0,-213.0,136.0,-458.0,-48.0,545.0,198.0,636.0
-298.0,-357.0,-148.0,-220.0,138.0,-493.0,-174.0,613.0,256.0,657.0
-210.0,-134.0,-126.0,-181.0,142.0,-425.0,-88.0,526.0,296.0,670.0
-133.0,57.0,-116.0,-136.0,150.0,-306.0,-37.0,402.0,336.0,718.0
-54.0,219.0,-110.0,-50.0,163.0,-358.0,12.0,9.0,374.0,752.0
10.0,342.0,-107.0,32.0,175.0,-567.0,72.0,-127.0,399.0,766.0
64.0,386.0,-113.0,113.0,185.0,-619.0,-23.0,-256.0,401.0,787.0
123.0,383.0,-109.0,200.0,191.0,-584.0,-165.0,-195.0,386.0,818.0
165.0,421.0,-129.0,278.0,187.0,-517.0,-225.0,83.0,361.0,823.0
210.0,493.0,-143.0,347.0,172.0,-490.0,-135.0,162.0,315.0,811.0
237.0,495.0,-159.0,377.0,148.0,-461.0,-4.0,356.0,259.0,802.0
239.0,389.0,-164.0,425.0,116.0,-447.0,29.0,306.0,195.0,788.0
234.0,232.0,-192.0,481.0,78.0,-538.0,14.0,266.0,128.0,756.0
225.0,111.0,-187.0,523.0,34.0,-607.0,-29.0,315.0,40.0,695.0
216.0,108.0,-188.0,532.0,-3.0,-679.0,-104.0,430.0,-50.0,636.0
200.0,256.0,-207.0,502.0,-30.0,-739.0,-184.0,661.0,-134.0,572.0
179.0,486.0,-198.0,442.0,-42.0,-715.0,-177.0,617.0,-217.0,482.0
170.0,718.0,-233.0,376.0,-46.0,-637.0,-124.0,497.0,-290.0,392.0
164.0,912.0,-225.0,342.0,-56.0,-694.0,-95.0,131.0,-370.0,316.0
142.0,1032.0,-241.0,304.0,-79.0,-799.0,-90.0,-88.0,-451.0,252.0
120.0,1073.0,-284.0,269.0,-115.0,-771.0,-105.0,-160.0,-537.0,187.0
105.0,1013.0,-283.0,248.0,-146.0,-721.0,-39.0,-279.0,-600.0,139.0
94.0,861.0,-308.0,197.0,-163.0,-759.0,32.0,-219.0,-636.0,126.0
75.0,650.0,-323.0,152.0,-170.0,-880.0,43.0,-347.0,-666.0,93.0
50.0,414.0,-318.0,98.0,-166.0,-830.0,69.0,-354.0,-677.0,61.0
23.0,174.0,-327.0,48.0,-148.0,-676.0,54.0,-386.0,-685.0,25.0
-1.0,-89.0,-327.0,20.0,-117.0,-632.0,13.0,-482.0,-680.0,-18.0
-26.0,-355.0,-319.0,-34.0,-79.0,-676.0,76.0,-413.0,-668.0,-70.0
-54.0,-581.0,-291.0,-84.0,-37.0,-760.0,140.0,-314.0,-669.0,-150.0
-85.0,-762.0,-269.0,-118.0,0.0,-853.0,17.0,-140.0,-664.0,-212.0
-114.0,-892.0,-244.0,-152.0,22.0,-986.0,-99.0,-199.0,-663.0,-300.0
-129.0,-970.0,-190.0,-212.0,33.0,-1035.0,-17.0,-221.0,-658.0,-409.0
-154.0,-993.0,-194.0,-266.0,40.0,-1055.0,132.0,-264.0,-640.0,-492.0
-167.0,-959.0,-163.0,-311.0,45.0,-1036.0,142.0,-382.0,-618.0,-566.0
-170.0,-908.0,-132.0,-364.0,44.0,-982.0,49.0,-295.0,-572.0,-629.0
-175.0,-881.0,-142.0,-381.0,35.0,-1072.0,-43.0,-399.0,-521.0,-686.0
-163.0,-838.0,-124.0,-394.0,13.0,-1133.0,-160.0,-378.0,-465.0,-714.0
-144.0,-750.0,-120.0,-406.0,-15.0,-1087.0,-122.0,-367.0,-405.0,-715.0
-116.0,-633.0,-114.0,-432.0,-39.0,-942.0,-12.0,-419.0,-341.0,-718.0
-87.0,-470.0,-142.0,-447.0,-55.0,-806.0,-67.0,-288.0,-274.0,-709.0
-58.0,-268.0,-150.0,-422.0,-64.0,-818.0,-81.0,-184.0,-205.0,-663.0
-42.0,-35.0,-173.0,-395.0,-77.0,-861.0,70.0,25.0,-110.0,-624.0
-29.0,260.0,-202.0,-339.0,-91.0,-814.0,91.0,-25.0,-36.0,-599.0
-6.0,637.0,-220.0,-285.0,-100.0,-786.0,-53.0,-105.0,8.0,-563.0
11.0,1035.0,-264.0,-266.0,-101.0,-874.0,-134.0,-195.0,41.0,-524.0
21.0,1274.0,-273.0,-230.0,-97.0,-961.0,-192.0,-351.0,70.0,-495.0
13.0,1256.0,-318.0,-220.0,-100.0,-972.0,-158.0,-347.0,87.0,-475.0
6.0,1057.0,-336.0,-211.0,-117.0,-854.0,-77.0,-458.0,90.0,-441.0
-10.0,766.0,-351.0,-192.0,-142.0,-848.0,-91.0,-280.0,113.0,-404.0
-53.0,426.0,-379.0,-238.0,-172.0,-1001.0,-78.0,-173.0,116.0,-386.0
-97.0,99.0,-398.0,-294.0,-201.0,-1066.0,-37.0,-157.0,122.0,-381.0
-137.0,-192.0,-437.0,-318.0,-222.0,-999.0,-21.0,-44.0,147.0,-383.0
-167.0,-418.0,-461.0,-311.0,-226.0,-891.0,-52.0,-140.0,139.0,-416.0
-186.0,-503.0,-495.0,-284.0,-211.0,-863.0,-42.0,-75.0,103.0,-471.0
-209.0,-478.0,-510.0,-236.0,-190.0,-796.0,122.0,-214.0,53.0,-514.0
-237.0,-376.0,-537.0,-193.0,-165.0,-716.0,330.0,-443.0,-4.0,-568.0
-266.0,-203.0,-541.0,-158.0,-133.0,-756.0,363.0,-439.0,-55.0,-624.0
-287.0,-60.0,-552.0,-95.0,-91.0,-828.0,219.0,-380.0,-84.0,-660.0
-303.0,-51.0,-547.0,-37.0,-55.0,-765.0,91.0,-234.0,-109.0,-689.0
-330.0,-141.0,-523.0,33.0,-34.0,-645.0,17.0,-221.0,-134.0,-703.0
-347.0,-248.0,-520.0,131.0,-7.0,-661.0,-49.0,-169.0,-165.0,-726.0
-351.0,-340.0,-464.0,213.0,41.0,-742.0,-145.0,-112.0,-189.0,-746.0
-353.0,-416.0,-437.0,252.0,103.0,-782.0,-197.0,-42.0,-201.0,-731.0
-342.0,-470.0,-379.0,294.0,148.0,-733.0,-95.0,42.0,-232.0,-714.0
-334.0,-442.0,-327.0,321.0,166.0,-661.0,-39.0,53.0,-266.0,-693.0
-319.0,-331.0,-282.0,318.0,163.0,-682.0,-108.0,133.0,-288.0,-639.0
-289.0,-209.0,-195.0,311.0,145.0,-689.0,-98.0,55.0,-315.0,-571.0
-262.0,-118.0,-146.0,254.0,114.0,-525.0,-76.0,81.0,-358.0,-500.0
-235.0,-72.0,-85.0,157.0,69.0,-367.0,-121.0,18.0,-388.0,-404.0
-215.0,-64.0,-53.0,86.0,22.0,-302.0,-36.0,-131.0,-400.0,-291.0
-192.0,-59.0,-18.0,54.0,-16.0,-355.0,179.0,-60.0,-398.0,-167.0
-162.0,-31.0,0.0,38.0,-40.0,-502.0,172.0,-129.0,-382.0,-36.0
-136.0,11.0,-3.0,53.0,-49.0,-452.0,-58.0,1.0,-349.0,108.0
-126.0,48.0,10.0,80.0,-55.0,-314.0,-130.0,151.0,-303.0,268.0
-114.0,66.0,-33.0,75.0,-56.0,-357.0,-24.0,245.0,-257.0,405.0
-92.0,44.0,-59.0,53.0,-53.0,-489.0,52.0,404.0,-189.0,516.0
-88.0,-61.0,-82.0,58.0,-46.0,-490.0,38.0,367.0,-105.0,596.0
-73.0,-151.0,-141.0,36.0,-34.0,-451.0,-8.0,443.0,-20.0,666.0
-57.0,-44.0,-167.0,-14.0,-11.0,-444.0,-23.0,365.0,64.0,708.0
-38.0,158.0,-206.0,-55.0,26.0,-467.0,32.0,243.0,151.0,712.0
-18.0,299.0,-255.0,-107.0,67.0,-540.0,76.0,101.0,215.0,732.0
-9.0,387.0,-280.0,-134.0,96.0,-596.0,-20.0,-46.0,268.0,724.0
4.0,426.0,-292.0,-156.0,107.0,-652.0,-54.0,64.0,309.0,665.0
20.0,410.0,-285.0,-180.0,105.0,-602.0,151.0,38.0,326.0,609.0
49.0,416.0,-271.0,-240.0,100.0,-582.0,359.0,120.0,350.0,538.0
64.0,511.0,-253.0,-293.0,92.0,-633.0,328.0,53.0,339.0,425.0
79.0,707.0,-223.0,-309.0,77.0,-617.0,126.0,-29.0,316.0,300.0
111.0,947.0,-207.0,-328.0,64.0,-621.0,28.0,179.0,285.0,157.0
126.0,1051.0,-193.0,-321.0,61.0,-570.0,192.0,149.0,225.0,22.0
150.0,925.0,-171.0,-310.0,63.0,-506.0,337.0,120.0,171.0,-109.0
180.0,618.0,-167.0,-294.0,62.0,-504.0,308.0,24.0,100.0,-258.0
195.0,235.0,-180.0,-303.0,50.0,-445.0,321.0,-62.0,30.0,-361.0
219.0,-59.0,-189.0,-299.0,38.0,-434.0,372.0,-64.0,-33.0,-459.0
231.0,-227.0,-213.0,-291.0,29.0,-587.0,272.0,-66.0,-100.0,-559.0
235.0,-362.0,-269.0,-282.0,17.0,-693.0,86.0,18.0,-154.0,-623.0
256.0,-454.0,-305.0,-245.0,6.0,-594.0,113.0,38.0,-179.0,-653.0
269.0,-414.0,-361.0,-195.0,-5.0,-475.0,233.0,120.0,-181.0,-669.0
281.0,-348.0,-420.0,-119.0,-22.0,-570.0,145.0,118.0,-164.0,-691.0
287.0,-400.0,-453.0,-55.0,-49.0,-706.0,28.0,127.0,-139.0,-663.0
285.0,-511.0,-512.0,20.0,-80.0,-646.0,109.0,29.0,-99.0,-602.0
293.0,-616.0,-537.0,79.0,-99.0,-569.0,220.0,-127.0,-40.0,-538.0
296.0,-738.0,-571.0,152.0,-97.0,-595.0,172.0,62.0,31.0,-454.0
291.0,-844.0,-597.0,220.0,-85.0,-597.0,49.0,271.0,121.0,-345.0
286.0,-862.0,-576.0,241.0,-73.0,-548.0,-49.0,471.0,201.0,-213.0
305.0,-868.0,-571.0,263.0,-67.0,-459.0,-56.0,328.0,286.0,-89.0
316.0,-914.0,-540.0,279.0,-71.0,-426.0,52.0,-73.0,381.0,33.0
315.0,-915.0,-490.0,339.0,-69.0,-411.0,149.0,-382.0,447.0,155.0
312.0,-921.0,-454.0,418.0,-64.0,-340.0,141.0,-604.0,484.0,250.0
299.0,-952.0,-406.0,482.0,-64.0,-446.0,70.0,-249.0,482.0,318.0
293.0,-920.0,-365.0,546.0,-64.0,-542.0,31.0,114.0,461.0,382.0
283.0,-867.0,-339.0,598.0,-58.0,-532.0,64.0,260.0,401.0,424.0
280.0,-819.0,-292.0,621.0,-43.0,-580.0,102.0,304.0,300.0,408.0
271.0,-700.0,-271.0,644.0,-30.0,-488.0,88.0,73.0,206.0,377.0
263.0,-456.0,-237.0,671.0,-22.0,-438.0,151.0,-12.0,114.0,329.0
262.0,-99.0,-201.0,676.0,-10.0,-500.0,325.0,-109.0,21.0,261.0
242.0,229.0,-214.0,654.0,4.0,-498.0,363.0,-7.0,-59.0,187.0
220.0,375.0,-187.0,607.0,10.0,-488.0,225.0,230.0,-145.0,110.0
183.0,430.0,-185.0,538.0,5.0,-375.0,175.0,369.0,-227.0,74.0
142.0,507.0,-210.0,427.0,-1.0,-270.0,294.0,384.0,-277.0,26.0
111.0,489.0,-208.0,321.0,-6.0,-304.0,364.0,59.0,-308.0,-44.0
78.0,319.0,-224.0,182.0,-11.0,-331.0,274.0,-64.0,-327.0,-72.0
38.0,101.0,-235.0,37.0,-31.0,-270.0,252.0,-31.0,-319.0,-105.0
10.0,-138.0,-271.0,-87.0,-74.0,-219.0,455.0,116.0,-305.0,-154.0
-6.0,-350.0,-292.0,-239.0,-125.0,-292.0,699.0,157.0,-290.0,-185.0
-12.0,-391.0,-303.0,-343.0,-165.0,-302.0,666.0,-182.0,-277.0,-197.0
-17.0,-226.0,-323.0,-436.0,-192.0,-202.0,405.0,-310.0,-274.0,-209.0
-31.0,67.0,-337.0,-525.0,-213.0,-250.0,246.0,-232.0,-275.0,-241.0
-30.0,370.0,-356.0,-580.0,-231.0,-388.0,286.0,70.0,-290.0,-261.0
-17.0,585.0,-364.0,-622.0,-242.0,-370.0,395.0,273.0,-303.0,-262.0
2.0,728.0,-388.0,-650.0,-250.0,-286.0,540.0,218.0,-314.0,-271.0
22.0,883.0,-384.0,-653.0,-246.0,-313.0,677.0,105.0,-351.0,-260.0
35.0,1034.0,-373.0,-637.0,-225.0,-288.0,583.0,-173.0,-387.0,-221.0
51.0,1111.0,-392.0,-614.0,-189.0,-187.0,351.0,-72.0,-422.0,-177.0
73.0,1138.0,-377.0,-602.0,-144.0,-164.0,244.0,258.0,-473.0,-142.0
69.0,1121.0,-357.0,-617.0,-91.0,-222.0,289.0,480.0,-509.0,-97.0
62.0,1067.0,-345.0,-629.0,-28.0,-262.0,352.0,384.0,-532.0,-21.0
48.0,981.0,-328.0,-628.0,45.0,-190.0,359.0,-73.0,-557.0,48.0
26.0,855.0,-308.0,-631.0,131.0,-186.0,355.0,-321.0,-557.0,120.0
14.0,795.0,-289.0,-640.0,209.0,-229.0,285.0,-297.0,-561.0,191.0
-17.0,842.0,-248.0,-657.0,261.0,-163.0,317.0,158.0,-570.0,249.0
-51.0,904.0,-193.0,-680.0,283.0,-96.0,507.0,624.0,-570.0,289.0
-92.0,930.0,-157.0,-687.0,278.0,-179.0,537.0,681.0,-549.0,284.0
-121.0,936.0,-84.0,-675.0,256.0,-255.0,271.0,395.0,-488.0,286.0
-159.0,944.0,-5.0,-663.0,236.0,-137.0,54.0,-206.0,-402.0,286.0
-203.0,954.0,46.0,-673.0,237.0,-100.0,218.0,-463.0,-297.0,261.0
-236.0,906.0,142.0,-695.0,262.0,-248.0,433.0,-406.0,-179.0,251.0
-272.0,760.0,213.0,-727.0,298.0,-321.0,422.0,42.0,-46.0,268.0
-294.0,570.0,280.0,-721.0,322.0,-133.0,334.0,473.0,82.0,285.0
-329.0,307.0,355.0,-678.0,321.0,13.0,342.0,293.0,182.0,292.0
-345.0,-26.0,413.0,-637.0,292.0,-113.0,355.0,77.0,283.0,335.0
-369.0,-249.0,501.0,-581.0,233.0,-172.0,280.0,-194.0,368.0,393.0
-394.0,-332.0,540.0,-491.0,154.0,-57.0,314.0,-158.0,432.0,435.0
-407.0,-405.0,576.0,-362.0,73.0,-7.0,453.0,140.0,494.0,452.0
-419.0,-568.0,605.0,-227.0,13.0,-112.0,470.0,367.0,548.0,468.0
-415.0,-793.0,604.0,-73.0,-20.0,-198.0,337.0,532.0,564.0,478.0
-412.0,-931.0,606.0,77.0,-33.0,-171.0,275.0,279.0,552.0,452.0
-397.0,-968.0,570.0,237.0,-34.0,-151.0,377.0,153.0,549.0,436.0
-377.0,-953.0,547.0,378.0,-40.0,-189.0,489.0,279.0,529.0,431.0
-343.0,-865.0,518.0,538.0,-56.0,-208.0,456.0,424.0,526.0,417.0
-300.0,-749.0,449.0,691.0,-85.0,-305.0,267.0,386.0,508.0,393.0
-244.0,-651.0,411.0,772.0,-123.0,-421.0,128.0,96.0,461.0,376.0
-176.0,-504.0,354.0,869.0,-168.0,-367.0,200.0,27.0,421.0,366.0
-92.0,-228.0,274.0,920.0,-208.0,-258.0,370.0,101.0,376.0,338.0
-7.0,182.0,221.0,934.0,-237.0,-205.0,442.0,64.0,347.0,308.0
76.0,612.0,153.0,944.0,-268.0,-256.0,292.0,-182.0,326.0,277.0
163.0,882.0,103.0,931.0,-307.0,-230.0,170.0,-212.0,310.0,224.0
231.0,957.0,52.0,854.0,-344.0,-133.0,339.0,-90.0,284.0,136.0
300.0,902.0,2.0,761.0,-363.0,-231.0,435.0,-62.0,251.0,20.0
363.0,743.0,-16.0,671.0,-366.0,-300.0,294.0,112.0,217.0,-96.0
423.0,523.0,-59.0,541.0,-346.0,-177.0,186.0,92.0,165.0,-234.0
462.0,309.0,-87.0,397.0,-290.0,-124.0,260.0,206.0,124.0,-390.0
497.0,118.0,-111.0,332.0,-194.0,-166.0,264.0,192.0,89.0,-527.0
525.0,-69.0,-132.0,318.0,-77.0,-93.0,119.0,-110.0,59.0,-643.0
535.0,-192.0,-145.0,290.0,24.0,31.0,188.0,7.0,48.0,-752.0
548.0,-180.0,-174.0,352.0,97.0,68.0,462.0,138.0,55.0,-854.0
540.0,-126.0,-174.0,410.0,142.0,91.0,625.0,330.0,86.0,-897.0
523.0,-146.0,-181.0,480.0,172.0,174.0,418.0,397.0,127.0,-903.0
504.0,-231.0,-181.0,578.0,202.0,160.0,149.0,306.0,173.0,-897.0
473.0,-365.0,-185.0,633.0,238.0,50.0,185.0,397.0,210.0,-849.0
435.0,-471.0,-186.0,666.0,279.0,26.0,316.0,195.0,233.0,-777.0
399.0,-475.0,-161.0,675.0,325.0,29.0,356.0,-214.0,264.0,-687.0
371.0,-498.0,-173.0,690.0,372.0,47.0,419.0,-421.0,316.0,-607.0
346.0,-574.0,-159.0,674.0,404.0,102.0,544.0,-144.0,385.0,-508.0
315.0,-614.0,-160.0,626.0,418.0,77.0,435.0,190.0,428.0,-383.0
286.0,-605.0,-178.0,541.0,419.0,92.0,141.0,362.0,452.0,-290.0
247.0,-518.0,-175.0,449.0,414.0,175.0,136.0,428.0,455.0,-187.0
204.0,-294.0,-196.0,319.0,398.0,116.0,448.0,369.0,423.0,-73.0
175.0,32.0,-205.0,211.0,363.0,17.0,572.0,482.0,385.0,6.0
147.0,315.0,-206.0,134.0,309.0,-4.0,494.0,382.0,310.0,62.0
112.0,427.0,-218.0,19.0,245.0,34.0,498.0,439.0,204.0,119.0
76.0,432.0,-218.0,-80.0,188.0,71.0,461.0,609.0,66.0,196.0
69.0,488.0,-205.0,-204.0,144.0,82.0,409.0,461.0,-86.0,248.0
60.0,572.0,-201.0,-307.0,110.0,98.0,522.0,419.0,-223.0,267.0
46.0,524.0,-182.0,-407.0,81.0,96.0,564.0,194.0,-364.0,323.0
54.0,326.0,-152.0,-496.0,51.0,127.0,321.0,155.0,-494.0,373.0
71.0,72.0,-136.0,-558.0,2.0,116.0,161.0,280.0,-617.0,373.0
106.0,-138.0,-125.0,-594.0,-78.0,55.0,258.0,212.0,-712.0,391.0
137.0,-223.0,-95.0,-612.0,-168.0,41.0,301.0,197.0,-778.0,422.0
165.0,-232.0,-70.0,-606.0,-240.0,89.0,183.0,144.0,-815.0,424.0
195.0,-240.0,-77.0,-531.0,-280.0,127.0,183.0,319.0,-803.0,428.0
225.0,-229.0,-60.0,-466.0,-299.0,92.0,376.0,439.0,-761.0,440.0
254.0,-221.0,-52.0,-361.0,-300.0,60.0,495.0,378.0,-706.0,450.0
264.0,-247.0,-77.0,-280.0,-264.0,70.0,369.0,260.0,-612.0,451.0
277.0,-259.0,-74.0,-237.0,-195.0,114.0,68.0,116.0,-487.0,432.0
298.0,-217.0,-74.0,-157.0,-123.0,120.0,-117.0,64.0,-352.0,419.0
295.0,-136.0,-99.0,-120.0,-71.0,111.0,-12.0,-84.0,-201.0,419.0
280.0,-97.0,-109.0,-92.0,-42.0,81.0,250.0,-9.0,-52.0,413.0
259.0,-188.0,-112.0,-73.0,-29.0,-25.0,381.0,173.0,81.0,399.0
225.0,-353.0,-122.0,-65.0,-24.0,-21.0,342.0,253.0,209.0,407.0
198.0,-458.0,-139.0,-52.0,-19.0,60.0,126.0,131.0,367.0,417.0
171.0,-451.0,-142.0,-35.0,-4.0,29.0,-183.0,-51.0,493.0,405.0
148.0,-305.0,-140.0,-24.0,17.0,-10.0,-139.0,88.0,603.0,401.0
133.0,-12.0,-155.0,-51.0,51.0,-21.0,174.0,79.0,693.0,397.0
132.0,315.0,-152.0,-88.0,108.0,-33.0,322.0,188.0,727.0,392.0
122.0,546.0,-145.0,-121.0,174.0,8.0,179.0,413.0,772.0,377.0
114.0,681.0,-143.0,-160.0,236.0,-15.0,48.0,474.0,794.0,378.0
115.0,773.0,-132.0,-207.0,290.0,-75.0,153.0,670.0,822.0,400.0
106.0,825.0,-131.0,-235.0,308.0,18.0,232.0,515.0,826.0,398.0
115.0,777.0,-129.0,-247.0,285.0,116.0,185.0,341.0,825.0,390.0
128.0,550.0,-98.0,-234.0,232.0,73.0,62.0,395.0,799.0,386.0
136.0,192.0,-78.0,-195.0,165.0,35.0,23.0,458.0,752.0,362.0
149.0,-101.0,-51.0,-155.0,101.0,35.0,150.0,465.0,735.0,293.0
186.0,-249.0,-2.0,-96.0,39.0,30.0,230.0,194.0,636.0,218.0
211.0,-345.0,40.0,-13.0,-7.0,39.0,140.0,83.0,560.0,141.0
226.0,-435.0,97.0,61.0,-30.0,-5.0,-1.0,-9.0,468.0,38.0
260.0,-470.0,140.0,128.0,-34.0,-41.0,-43.0,-38.0,334.0,-46.0
303.0,-438.0,210.0,198.0,-27.0,-14.0,-104.0,46.0,217.0,-104.0
344.0,-404.0,275.0,269.0,-13.0,-46.0,-185.0,9.0,69.0,-131.0
369.0,-418.0,331.0,334.0,7.0,-60.0,-138.0,14.0,-34.0,-164.0
406.0,-478.0,411.0,391.0,29.0,-24.0,-4.0,31.0,-140.0,-171.0
429.0,-512.0,449.0,430.0,39.0,-18.0,130.0,351.0,-227.0,-140.0
446.0,-456.0,514.0,430.0,40.0,-20.0,134.0,524.0,-262.0,-115.0
452.0,-332.0,565.0,396.0,45.0,0.0,-32.0,493.0,-262.0,-84.0
445.0,-151.0,561.0,332.0,58.0,57.0,-124.0,508.0,-209.0,-48.0
467.0,75.0,587.0,264.0,79.0,120.0,14.0,376.0,-138.0,30.0
482.0,275.0,572.0,199.0,87.0,172.0,158.0,441.0,-57.0,97.0
483.0,434.0,544.0,137.0,69.0,166.0,90.0,388.0,49.0,164.0
479.0,604.0,525.0,83.0,28.0,123.0,-104.0,345.0,170.0,271.0
481.0,769.0,472.0,37.0,-26.0,112.0,-176.0,432.0,270.0,370.0
462.0,909.0,451.0,0.0,-92.0,179.0,-132.0,447.0,371.0,481.0
446.0,1012.0,407.0,-40.0,-156.0,279.0,-137.0,559.0,434.0,579.0
425.0,1044.0,355.0,-89.0,-202.0,376.0,-93.0,583.0,464.0,678.0
393.0,995.0,313.0,-128.0,-239.0,501.0,-15.0,635.0,493.0,754.0
362.0,868.0,255.0,-162.0,-278.0,494.0,-37.0,611.0,492.0,770.0
312.0,688.0,210.0,-199.0,-326.0,343.0,-18.0,591.0,491.0,769.0
255.0,499.0,180.0,-242.0,-373.0,206.0,172.0,476.0,470.0,743.0
185.0,400.0,142.0,-296.0,-406.0,230.0,323.0,232.0,428.0,693.0
122.0,428.0,80.0,-345.0,-413.0,382.0,233.0,271.0,378.0,638.0
45.0,529.0,59.0,-394.0,-393.0,461.0,47.0,389.0,314.0,599.0
-21.0,622.0,18.0,-427.0,-355.0,442.0,-36.0,702.0,252.0,551.0
-91.0,627.0,-27.0,-444.0,-304.0,409.0,23.0,849.0,203.0,502.0
-158.0,605.0,-33.0,-448.0,-241.0,420.0,101.0,670.0,128.0,471.0
-203.0,581.0,-50.0,-422.0,-161.0,413.0,143.0,460.0,38.0,424.0
-250.0,459.0,-59.0,-366.0,-76.0,344.0,222.0,162.0,-27.0,383.0
-282.0,230.0,-51.0,-315.0,0.0,371.0,272.0,282.0,-84.0,342.0
-311.0,-39.0,-42.0,-245.0,57.0,503.0,243.0,515.0,-97.0,300.0
-324.0,-341.0,-31.0,-156.0,101.0,536.0,182.0,705.0,-107.0,262.0
-336.0,-660.0,0.0,-79.0,139.0,540.0,143.0,864.0,-97.0,207.0
-323.0,-913.0,43.0,31.0,172.0,527.0,115.0,591.0,-92.0,148.0
-307.0,-1074.0,98.0,123.0,200.0,397.0,150.0,384.0,-118.0,78.0
-282.0,-1088.0,133.0,221.0,226.0,339.0,322.0,147.0,-98.0,-15.0
-239.0,-928.0,195.0,346.0,241.0,368.0,437.0,44.0,-106.0,-135.0
-201.0,-706.0,252.0,452.0,244.0,386.0,311.0,144.0,-81.0,-248.0
-153.0,-477.0,288.0,569.0,234.0,380.0,118.0,35.0,-9.0,-366.0
-109.0,-207.0,332.0,700.0,211.0,333.0,220.0,60.0,52.0,-497.0
-61.0,131.0,352.0,807.0,174.0,312.0,462.0,-12.0,137.0,-601.0
-25.0,470.0,385.0,886.0,118.0,335.0,374.0,-68.0,199.0,-666.0
27.0,752.0,390.0,949.0,46.0,330.0,49.0,14.0,243.0,-707.0
68.0,988.0,396.0,1005.0,-19.0,259.0,10.0,62.0,287.0,-714.0
117.0,1103.0,401.0,1069.0,-52.0,164.0,352.0,70.0,328.0,-676.0
174.0,1020.0,397.0,1106.0,-44.0,121.0,503.0,-96.0,363.0,-603.0
211.0,796.0,407.0,1112.0,-7.0,185.0,296.0,-208.0,416.0,-526.0
259.0,576.0,401.0,1063.0,44.0,235.0,135.0,-216.0,478.0,-442.0
297.0,433.0,408.0,1008.0,104.0,194.0,148.0,75.0,523.0,-322.0
362.0,294.0,409.0,982.0,167.0,88.0,127.0,245.0,575.0,-198.0
423.0,120.0,418.0,916.0,220.0,47.0,82.0,245.0,629.0,-79.0
480.0,39.0,425.0,840.0,258.0,84.0,214.0,336.0,699.0,59.0
533.0,166.0,434.0,742.0,272.0,6.0,342.0,125.0,763.0,214.0
581.0,401.0,441.0,616.0,261.0,-16.0,276.0,44.0,821.0,360.0
625.0,576.0,447.0,503.0,227.0,108.0,124.0,-5.0,883.0,499.0
637.0,610.0,466.0,397.0,169.0,218.0,67.0,24.0,901.0,636.0
646.0,511.0,455.0,314.0,102.0,277.0,145.0,179.0,887.0,755.0
647.0,405.0,458.0,256.0,44.0,230.0,205.0,109.0,839.0,834.0
639.0,358.0,434.0,183.0,-1.0,150.0,135.0,186.0,790.0,873.0
605.0,277.0,396.0,131.0,-44.0,205.0,-38.0,199.0,744.0,885.0
577.0,114.0,375.0,91.0,-79.0,281.0,-101.0,262.0,691.0,854.0
536.0,-58.0,331.0,38.0,-96.0,198.0,197.0,349.0,646.0,778.0
479.0,-172.0,291.0,1.0,-98.0,133.0,603.0,304.0,587.0,676.0
420.0,-241.0,262.0,-66.0,-96.0,201.0,623.0,304.0,531.0,573.0
347.0,-301.0,218.0,-120.0,-101.0,214.0,271.0,116.0,475.0,448.0
275.0,-339.0,157.0,-145.0,-107.0,136.0,-19.0,92.0,418.0,321.0
204.0,-311.0,119.0,-186.0,-106.0,81.0,43.0,22.0,349.0,226.0
152.0,-272.0,71.0,-228.0,-91.0,134.0,219.0,-7.0,279.0,149.0
90.0,-307.0,21.0,-277.0,-57.0,218.0,152.0,160.0,217.0,86.0
36.0,-408.0,-21.0,-311.0,-9.0,209.0,-39.0,164.0,162.0,9.0
-4.0,-532.0,-66.0,-318.0,47.0,181.0,-132.0,301.0,139.0,-42.0
-41.0,-657.0,-103.0,-319.0,98.0,179.0,-190.0,214.0,105.0,-88.0
-71.0,-738.0,-150.0,-350.0,145.0,178.0,-266.0,219.0,73.0,-157.0
-100.0,-740.0,-179.0,-397.0,180.0,173.0,-223.0,240.0,60.0,-197.0
-132.0,-725.0,-194.0,-442.0,197.0,144.0,-67.0,11.0,55.0,-201.0
-170.0,-705.0,-184.0,-487.0,199.0,171.0,52.0,42.0,62.0,-181.0
-193.0,-642.0,-163.0,-512.0,183.0,223.0,128.0,-53.0,57.0,-138.0
-220.0,-602.0,-146.0,-512.0,159.0,215.0,177.0,-70.0,61.0,-50.0
-238.0,-673.0,-99.0,-475.0,127.0,238.0,104.0,-96.0,78.0,50.0
-254.0,-837.0,-48.0,-412.0,95.0,270.0,-177.0,-149.0,87.0,145.0
-261.0,-1008.0,0.0,-346.0,65.0,289.0,-441.0,35.0,106.0,245.0
-270.0,-1078.0,76.0,-276.0,39.0,289.0,-542.0,136.0,115.0,346.0
-284.0,-997.0,155.0,-210.0,17.0,286.0,-586.0,245.0,128.0,438.0
-289.0,-818.0,231.0,-97.0,-5.0,321.0,-493.0,197.0,142.0,499.0
-299.0,-620.0,318.0,33.0,-38.0,293.0,-237.0,57.0,149.0,547.0
-287.0,-416.0,411.0,148.0,-83.0,306.0,-71.0,-12.0,154.0,581.0
-276.0,-162.0,483.0,287.0,-121.0,340.0,-239.0,36.0,165.0,576.0
-254.0,173.0,551.0,420.0,-148.0,285.0,-554.0,123.0,199.0,544.0
-235.0,517.0,635.0,545.0,-166.0,310.0,-641.0,99.0,228.0,496.0
-225.0,735.0,697.0,630.0,-182.0,339.0,-450.0,136.0,259.0,425.0
-194.0,792.0,756.0,659.0,-202.0,283.0,-249.0,60.0,280.0,347.0
-178.0,746.0,810.0,663.0,-222.0,305.0,-289.0,51.0,297.0,268.0
-172.0,644.0,825.0,639.0,-251.0,360.0,-455.0,99.0,300.0,194.0
-157.0,500.0,837.0,617.0,-289.0,319.0,-501.0,83.0,258.0,125.0
-135.0,300.0,845.0,584.0,-318.0,243.0,-391.0,232.0,184.0,59.0
-117.0,76.0,842.0,537.0,-323.0,221.0,-347.0,145.0,104.0,9.0
-114.0,-108.0,828.0,489.0,-305.0,283.0,-553.0,35.0,39.0,-34.0
-104.0,-220.0,813.0,407.0,-269.0,415.0,-699.0,49.0,-17.0,-72.0
-106.0,-253.0,781.0,288.0,-221.0,485.0,-569.0,-9.0,-80.0,-117.0
-122.0,-225.0,741.0,185.0,-174.0,440.0,-319.0,105.0,-155.0,-145.0
-125.0,-195.0,750.0,99.0,-136.0,447.0,-56.0,218.0,-227.0,-134.0
-122.0,-243.0,720.0,34.0,-110.0,413.0,-23.0,424.0,-316.0,-119.0
-106.0,-387.0,705.0,-3.0,-85.0,300.0,-224.0,521.0,-402.0,-74.0
-99.0,-522.0,732.0,-28.0,-54.0,319.0,-352.0,443.0,-482.0,10.0
-84.0,-518.0,695.0,-39.0,-17.0,369.0,-375.0,382.0,-572.0,101.0
-58.0,-372.0,703.0,-23.0,17.0,431.0,-309.0,293.0,-631.0,183.0
-28.0,-131.0,691.0,3.0,49.0,451.0,-174.0,406.0,-680.0,254.0
9.0,189.0,649.0,31.0,87.0,440.0,-82.0,315.0,-714.0,303.0
43.0,546.0,630.0,70.0,128.0,481.0,14.0,203.0,-722.0,311.0
93.0,888.0,580.0,83.0,163.0,484.0,51.0,206.0,-706.0,310.0
132.0,1150.0,538.0,87.0,181.0,574.0,29.0,229.0,-659.0,306.0
172.0,1211.0,481.0,96.0,184.0,628.0,154.0,358.0,-586.0,264.0
206.0,1050.0,420.0,124.0,177.0,494.0,207.0,373.0,-477.0,214.0
234.0,811.0,370.0,155.0,168.0,287.0,22.0,572.0,-353.0,169.0
252.0,634.0,314.0,179.0,168.0,253.0,-197.0,659.0,-212.0,112.0
236.0,543.0,247.0,197.0,179.0,384.0,-272.0,578.0,-59.0,63.0
228.0,538.0,210.0,174.0,199.0,379.0,-149.0,426.0,76.0,4.0
208.0,636.0,194.0,122.0,218.0,369.0,51.0,242.0,188.0,-50.0
184.0,788.0,182.0,42.0,230.0,469.0,166.0,214.0,278.0,-87.0
154.0,930.0,185.0,-44.0,245.0,502.0,127.0,77.0,365.0,-109.0
131.0,1061.0,188.0,-131.0,262.0,437.0,179.0,169.0,436.0,-110.0
123.0,1190.0,234.0,-201.0,273.0,436.0,272.0,238.0,495.0,-93.0
108.0,1285.0,257.0,-278.0,282.0,480.0,104.0,192.0,525.0,-61.0
103.0,1311.0,287.0,-368.0,287.0,461.0,-154.0,325.0,519.0,-50.0
100.0,1276.0,345.0,-421.0,287.0,402.0,-262.0,354.0,508.0,-33.0
105.0,1161.0,361.0,-442.0,276.0,396.0,-250.0,413.0,479.0,-3.0
108.0,898.0,407.0,-417.0,249.0,444.0,-116.0,399.0,460.0,26.0
107.0,526.0,428.0,-355.0,204.0,409.0,123.0,299.0,439.0,71.0
99.0,175.0,420.0,-287.0,149.0,306.0,72.0,169.0,408.0,106.0
87.0,-83.0,419.0,-209.0,96.0,223.0,-336.0,75.0,367.0,143.0
79.0,-252.0,401.0,-124.0,50.0,242.0,-501.0,9.0,339.0,181.0
84.0,-352.0,368.0,-54.0,10.0,290.0,-175.0,-129.0,338.0,212.0
102.0,-376.0,338.0,32.0,-14.0,248.0,160.0,40.0,325.0,250.0
118.0,-370.0,295.0,116.0,-15.0,295.0,310.0,181.0,338.0,294.0
138.0,-394.0,242.0,193.0,-4.0,484.0,434.0,245.0,339.0,327.0
149.0,-469.0,195.0,273.0,12.0,486.0,219.0,293.0,329.0,377.0
157.0,-597.0,130.0,335.0,25.0,300.0,-294.0,153.0,330.0,429.0
168.0,-728.0,88.0,413.0,30.0,246.0,-419.0,262.0,323.0,468.0
180.0,-839.0,40.0,453.0,25.0,313.0,-33.0,219.0,332.0,533.0
195.0,-955.0,-4.0,470.0,14.0,253.0,154.0,229.0,352.0,583.0
227.0,-1064.0,-27.0,522.0,8.0,134.0,-100.0,336.0,371.0,632.0
264.0,-1137.0,-69.0,570.0,17.0,260.0,-349.0,221.0,363.0,677.0
285.0,-1160.0,-107.0,582.0,45.0,476.0,-470.0,258.0,359.0,684.0
305.0,-1101.0,-120.0,605.0,78.0,502.0,-431.0,97.0,316.0,687.0
317.0,-990.0,-161.0,622.0,109.0,402.0,-26.0,-9.0,271.0,668.0
320.0,-909.0,-186.0,607.0,138.0,409.0,687.0,-38.0,240.0,633.0
333.0,-812.0,-169.0,613.0,164.0,445.0,1008.0,-36.0,192.0,588.0
342.0,-661.0,-204.0,598.0,185.0,361.0,286.0,22.0,191.0,534.0
343.0,-572.0,-210.0,612.0,201.0,413.0,-779.0,-120.0,153.0,486.0
333.0,-593.0,-198.0,617.0,219.0,548.0,-944.0,-60.0,165.0,422.0
300.0,-615.0,-206.0,578.0,239.0,467.0,-349.0,-16.0,189.0,339.0
278.0,-585.0,-174.0,558.0,260.0,327.0,20.0,72.0,166.0,249.0
232.0,-496.0,-163.0,525.0,270.0,394.0,-170.0,110.0,197.0,148.0
165.0,-262.0,-140.0,523.0,262.0,477.0,-660.0,35.0,179.0,30.0
112.0,108.0,-82.0,536.0,238.0,446.0,-744.0,22.0,190.0,-72.0
58.0,467.0,-43.0,537.0,202.0,410.0,34.0,-75.0,216.0,-164.0
12.0,678.0,5.0,526.0,159.0,367.0,856.0,44.0,249.0,-251.0
-48.0,682.0,61.0,492.0,109.0,369.0,428.0,14.0,288.0,-308.0
-103.0,547.0,111.0,457.0,56.0,410.0,-959.0,-144.0,281.0,-336.0
-145.0,403.0,180.0,415.0,1.0,549.0,-1490.0,-327.0,295.0,-315.0
-188.0,323.0,221.0,363.0,-64.0,664.0,-488.0,-742.0,282.0,-259.0
-211.0,328.0,286.0,291.0,-139.0,515.0,677.0,-877.0,277.0,-199.0
-226.0,398.0,362.0,175.0,-212.0,302.0,681.0,-787.0,260.0,-134.0
-237.0,404.0,389.0,72.0,-263.0,284.0,-248.0,-558.0,236.0,-77.0
-241.0,271.0,458.0,-12.0,-289.0,492.0,-1183.0,-399.0,239.0,-39.0
-243.0,57.0,510.0,-113.0,-288.0,573.0,-1233.0,-417.0,222.0,-28.0
-235.0,-198.0,529.0,-190.0,-258.0,483.0,-122.0,-347.0,220.0,-37.0
-237.0,-460.0,570.0,-265.0,-212.0,490.0,783.0,-321.0,200.0,-63.0
-226.0,-643.0,594.0,-328.0,-158.0,445.0,349.0,-205.0,184.0,-108.0
-215.0,-676.0,598.0,-354.0,-115.0,260.0,-649.0,-314.0,180.0,-140.0
-212.0,-590.0,596.0,-339.0,-89.0,156.0,-1076.0,-365.0,175.0,-166.0
-187.0,-461.0,614.0,-307.0,-78.0,282.0,-685.0,-129.0,161.0,-181.0
-177.0,-345.0,583.0,-285.0,-70.0,350.0,-222.0,-177.0,138.0,-167.0
-156.0,-251.0,565.0,-230.0,-62.0,186.0,-270.0,-194.0,134.0,-148.0
-133.0,-102.0,551.0,-178.0,-60.0,54.0,-414.0,-288.0,96.0,-117.0
-109.0,113.0,493.0,-142.0,-62.0,86.0,-241.0,-358.0,53.0,-86.0
-77.0,334.0,509.0,-98.0,-68.0,111.0,92.0,-406.0,-17.0,-59.0
-55.0,506.0,504.0,-69.0,-76.0,68.0,207.0,-561.0,-126.0,-42.0
-37.0,614.0,515.0,-54.0,-77.0,19.0,43.0,-524.0,-209.0,-41.0
-36.0,697.0,570.0,-35.0,-69.0,-98.0,-43.0,-474.0,-290.0,-45.0
-32.0,748.0,563.0,3.0,-53.0,-179.0,75.0,-277.0,-368.0,-33.0
-36.0,722.0,580.0,48.0,-36.0,-106.0,-90.0,-219.0,-451.0,-14.0
-45.0,614.0,616.0,74.0,-22.0,51.0,-677.0,-288.0,-525.0,-11.0
-56.0,508.0,628.0,62.0,-6.0,174.0,-871.0,-345.0,-597.0,7.0
-77.0,487.0,633.0,32.0,10.0,126.0,-215.0,-478.0,-666.0,28.0
-100.0,592.0,656.0,48.0,26.0,27.0,578.0,-467.0,-717.0,40.0
-125.0,816.0,682.0,62.0,40.0,35.0,562.0,-417.0,-763.0,49.0
-152.0,1042.0,650.0,20.0,51.0,0.0,-130.0,-138.0,-783.0,67.0
-197.0,1156.0,639.0,-10.0,68.0,-163.0,-583.0,-16.0,-803.0,84.0
-238.0,1098.0,655.0,-6.0,91.0,-260.0,-40.0,-118.0,-792.0,102.0
-272.0,808.0,610.0,-1.0,102.0,-233.0,1072.0,-236.0,-736.0,122.0
-307.0,310.0,578.0,0.0,80.0,-139.0,998.0,-362.0,-676.0,134.0
-334.0,-248.0,574.0,-1.0,24.0,-32.0,-601.0,-169.0,-612.0,160.0
-347.0,-727.0,533.0,16.0,-42.0,-12.0,-1733.0,-186.0,-542.0,167.0
-366.0,-986.0,496.0,53.0,-108.0,8.0,-1098.0,-177.0,-448.0,158.0
-370.0,-987.0,497.0,81.0,-162.0,79.0,344.0,12.0,-343.0,128.0
-360.0,-811.0,488.0,101.0,-198.0,150.0,929.0,1.0,-221.0,79.0
-348.0,-597.0,467.0,99.0,-218.0,188.0,238.0,36.0,-89.0,27.0
-328.0,-469.0,455.0,93.0,-223.0,64.0,-442.0,-68.0,26.0,-40.0
-310.0,-397.0,448.0,78.0,-221.0,-140.0,148.0,-125.0,124.0,-93.0
-257.0,-310.0,448.0,60.0,-222.0,-225.0,1214.0,-140.0,208.0,-140.0
-194.0,-110.0,445.0,50.0,-234.0,-196.0,953.0,-90.0,275.0,-174.0
-121.0,202.0,442.0,-15.0,-259.0,-146.0,-412.0,3.0,329.0,-194.0
-58.0,473.0,427.0,-100.0,-294.0,-102.0,-1009.0,-55.0,354.0,-200.0
-2.0,604.0,407.0,-145.0,-324.0,-60.0,-366.0,164.0,352.0,-194.0
69.0,621.0,368.0,-183.0,-339.0,12.0,231.0,363.0,360.0,-192.0
131.0,572.0,332.0,-203.0,-329.0,69.0,-149.0,482.0,344.0,-181.0
201.0,517.0,269.0,-206.0,-306.0,23.0,-743.0,463.0,319.0,-179.0
268.0,578.0,185.0,-212.0,-287.0,10.0,-346.0,323.0,291.0,-163.0
347.0,741.0,128.0,-190.0,-270.0,40.0,834.0,319.0,248.0,-169.0
428.0,878.0,37.0,-155.0,-255.0,-28.0,1371.0,94.0,223.0,-170.0
479.0,885.0,-53.0,-107.0,-240.0,-118.0,459.0,-27.0,201.0,-141.0
514.0,696.0,-138.0,-41.0,-220.0,-64.0,-821.0,-62.0,181.0,-140.0
536.0,327.0,-207.0,28.0,-190.0,8.0,-875.0,29.0,153.0,-142.0
517.0,-116.0,-282.0,107.0,-146.0,-49.0,335.0,297.0,123.0,-157.0
476.0,-457.0,-353.0,206.0,-98.0,24.0,896.0,242.0,95.0,-188.0
438.0,-628.0,-415.0,298.0,-55.0,205.0,-373.0,181.0,56.0,-225.0
374.0,-673.0,-486.0,404.0,-16.0,234.0,-1679.0,59.0,29.0,-265.0
297.0,-616.0,-527.0,478.0,21.0,154.0,-1061.0,-103.0,-8.0,-303.0
209.0,-460.0,-574.0,513.0,60.0,93.0,857.0,-258.0,-36.0,-324.0
121.0,-195.0,-575.0,556.0,103.0,130.0,2043.0,-351.0,-51.0,-323.0
30.0,177.0,-576.0,527.0,147.0,190.0,1112.0,-171.0,-73.0,-330.0
-68.0,599.0,-590.0,492.0,191.0,162.0,-1012.0,-158.0,-111.0,-331.0
-156.0,972.0,-562.0,453.0,229.0,62.0,-1922.0,-60.0,-156.0,-298.0
-247.0,1279.0,-537.0,371.0,262.0,14.0,-729.0,-14.0,-191.0,-273.0
-327.0,1466.0,-508.0,290.0,296.0,53.0,1007.0,-55.0,-228.0,-264.0
-393.0,1390.0,-475.0,208.0,331.0,100.0,1011.0,44.0,-249.0,-233.0
-454.0,1027.0,-429.0,121.0,362.0,100.0,-752.0,0.0,-265.0,-213.0
-504.0,446.0,-394.0,41.0,384.0,31.0,-1674.0,94.0,-271.0,-210.0
-537.0,-238.0,-366.0,-18.0,391.0,-43.0,-350.0,173.0,-262.0,-214.0
-556.0,-827.0,-335.0,-79.0,392.0,48.0,1345.0,249.0,-244.0,-203.0
-561.0,-1198.0,-342.0,-94.0,390.0,162.0,989.0,284.0,-206.0,-180.0
-552.0,-1345.0,-298.0,-110.0,382.0,34.0,-1070.0,160.0,-166.0,-168.0
-535.0,-1270.0,-277.0,-126.0,368.0,-16.0,-1986.0,-86.0,-118.0,-154.0
-514.0,-1070.0,-264.0,-131.0,350.0,98.0,-439.0,-415.0,-76.0,-139.0
-477.0,-908.0,-180.0,-124.0,331.0,71.0,1384.0,-526.0,-35.0,-153.0
-428.0,-804.0,-149.0,-93.0,307.0,11.0,930.0,-655.0,27.0,-209.0
-366.0,-677.0,-86.0,-66.0,285.0,94.0,-1310.0,-524.0,81.0,-257.0
-301.0,-512.0,-11.0,-48.0,262.0,167.0,-2215.0,-349.0,120.0,-302.0
-237.0,-348.0,51.0,-62.0,238.0,189.0,-434.0,-310.0,153.0,-359.0
-163.0,-202.0,117.0,-78.0,211.0,231.0,1513.0,-88.0,164.0,-398.0
-84.0,-128.0,170.0,-114.0,183.0,263.0,1035.0,-160.0,161.0,-390.0
-8.0,-96.0,240.0,-138.0,160.0,363.0,-1126.0,-199.0,160.0,-358.0
46.0,10.0,265.0,-155.0,142.0,354.0,-2008.0,-182.0,128.0,-328.0
99.0,184.0,294.0,-164.0,129.0,200.0,-384.0,-201.0,86.0,-266.0
147.0,402.0,359.0,-156.0,117.0,173.0,1177.0,-121.0,45.0,-177.0
187.0,652.0,400.0,-166.0,101.0,137.0,49.0,-262.0,-9.0,-109.0
210.0,828.0,421.0,-154.0,74.0,133.0,-2024.0,-208.0,-44.0,-77.0
204.0,830.0,470.0,-127.0,33.0,243.0,-1794.0,-144.0,-61.0,-28.0
200.0,766.0,472.0,-68.0,-13.0,204.0,353.0,-223.0,-57.0,15.0
186.0,812.0,478.0,-5.0,-58.0,91.0,1464.0,-229.0,-48.0,16.0
173.0,906.0,497.0,60.0,-97.0,47.0,152.0,-369.0,-54.0,11.0
158.0,947.0,479.0,126.0,-126.0,45.0,-1642.0,-461.0,-55.0,29.0
124.0,819.0,483.0,190.0,-145.0,104.0,-1465.0,-567.0,-69.0,50.0
99.0,456.0,445.0,266.0,-144.0,124.0,95.0,-554.0,-82.0,49.0
52.0,41.0,411.0,362.0,-129.0,16.0,833.0,-417.0,-115.0,60.0
-14.0,-225.0,394.0,443.0,-106.0,-61.0,-81.0,-393.0,-189.0,92.0
-72.0,-327.0,328.0,484.0,-77.0,6.0,-1117.0,-332.0,-281.0,102.0
-141.0,-336.0,285.0,539.0,-60.0,16.0,-756.0,-386.0,-381.0,96.0
-197.0,-298.0,252.0,540.0,-57.0,75.0,-9.0,-397.0,-476.0,118.0
-253.0,-211.0,187.0,539.0,-66.0,212.0,-129.0,-317.0,-565.0,135.0
-316.0,-69.0,157.0,529.0,-88.0,139.0,-705.0,-275.0,-654.0,127.0
-363.0,39.0,113.0,498.0,-115.0,-19.0,-680.0,-210.0,-729.0,123.0
-401.0,42.0,83.0,451.0,-128.0,-120.0,169.0,-277.0,-793.0,144.0
-432.0,-15.0,58.0,346.0,-108.0,-36.0,780.0,-437.0,-844.0,176.0
-468.0,-69.0,-6.0,271.0,-54.0,105.0,274.0,-582.0,-851.0,198.0
-488.0,-130.0,-36.0,182.0,7.0,166.0,-887.0,-537.0,-836.0,235.0
-496.0,-255.0,-82.0,97.0,46.0,238.0,-1243.0,-463.0,-799.0,277.0
-494.0,-472.0,-110.0,42.0,59.0,171.0,-285.0,-417.0,-748.0,290.0
-480.0,-740.0,-121.0,-38.0,53.0,-58.0,560.0,-360.0,-690.0,280.0
-470.0,-911.0,-152.0,-114.0,36.0,-159.0,232.0,-487.0,-597.0,261.0
-456.0,-950.0,-169.0,-166.0,6.0,7.0,-483.0,-515.0,-489.0,238.0
-434.0,-957.0,-167.0,-206.0,-29.0,128.0,-747.0,-582.0,-370.0,198.0
-415.0,-928.0,-171.0,-238.0,-55.0,173.0,-907.0,-570.0,-248.0,153.0
-416.0,-811.0,-172.0,-283.0,-62.0,189.0,-869.0,-482.0,-128.0,130.0
-416.0,-629.0,-140.0,-352.0,-58.0,37.0,-221.0,-500.0,0.0,99.0
-420.0,-424.0,-130.0,-427.0,-66.0,-148.0,12.0,-410.0,125.0,64.0
-422.0,-282.0,-120.0,-476.0,-94.0,-242.0,-406.0,-504.0,259.0,27.0
-413.0,-263.0,-70.0,-537.0,-146.0,-185.0,-59.0,-378.0,378.0,-6.0
-419.0,-272.0,-37.0,-588.0,-220.0,-168.0,591.0,-199.0,490.0,-6.0
-416.0,-246.0,-18.0,-592.0,-301.0,-287.0,-233.0,-194.0,594.0,-29.0
-408.0,-157.0,37.0,-629.0,-367.0,-280.0,-1571.0,-138.0,680.0,-48.0
-407.0,4.0,68.0,-616.0,-407.0,-193.0,-926.0,-334.0,745.0,-36.0
-409.0,165.0,104.0,-574.0,-426.0,-152.0,529.0,-373.0,800.0,-65.0
-405.0,320.0,141.0,-551.0,-420.0,-182.0,10.0,-423.0,833.0,-112.0
-393.0,491.0,176.0,-511.0,-392.0,-403.0,-1402.0,-487.0,810.0,-163.0
-370.0,661.0,220.0,-436.0,-349.0,-538.0,-1200.0,-395.0,769.0,-219.0
-350.0,767.0,227.0,-339.0,-304.0,-462.0,-55.0,-373.0,734.0,-283.0
-329.0,722.0,231.0,-231.0,-262.0,-489.0,-59.0,-243.0,692.0,-346.0
-289.0,560.0,217.0,-92.0,-220.0,-492.0,-635.0,-242.0,664.0,-380.0
-271.0,407.0,197.0,22.0,-176.0,-368.0,-472.0,-127.0,631.0,-415.0
-242.0,235.0,164.0,128.0,-127.0,-303.0,18.0,35.0,578.0,-445.0
-199.0,-92.0,136.0,222.0,-69.0,-227.0,191.0,110.0,508.0,-471.0
-166.0,-541.0,102.0,287.0,-5.0,-252.0,4.0,229.0,411.0,-520.0
-138.0,-850.0,36.0,320.0,47.0,-339.0,-246.0,90.0,316.0,-579.0
-135.0,-830.0,-28.0,339.0,76.0,-377.0,-500.0,46.0,223.0,-658.0
-132.0,-600.0,-104.0,349.0,84.0,-479.0,-386.0,0.0,138.0,-748.0
-136.0,-336.0,-185.0,319.0,82.0,-314.0,-26.0,-49.0,79.0,-830.0
-155.0,-20.0,-264.0,274.0,83.0,-173.0,-132.0,-25.0,21.0,-903.0
-190.0,397.0,-337.0,250.0,95.0,-196.0,-382.0,-70.0,-28.0,-959.0
-199.0,790.0,-400.0,216.0,121.0,-37.0,12.0,18.0,-85.0,-995.0
-199.0,1014.0,-464.0,192.0,163.0,5.0,994.0,1.0,-129.0,-1025.0
-201.0,1051.0,-516.0,183.0,212.0,64.0,1165.0,68.0,-152.0,-1051.0
-189.0,931.0,-542.0,128.0,263.0,15.0,-112.0,88.0,-161.0,-1057.0
-176.0,675.0,-587.0,92.0,307.0,-144.0,-1527.0,77.0,-147.0,-1074.0
-148.0,299.0,-594.0,86.0,332.0,-66.0,-1234.0,166.0,-156.0,-1098.0
-130.0,-94.0,-597.0,71.0,342.0,-28.0,595.0,18.0,-162.0,-1096.0
-110.0,-430.0,-604.0,64.0,344.0,11.0,1368.0,-35.0,-156.0,-1079.0
-77.0,-755.0,-588.0,57.0,344.0,28.0,487.0,-142.0,-186.0,-1047.0
-32.0,-1087.0,-594.0,27.0,341.0,-33.0,-437.0,-121.0,-221.0,-998.0
3.0,-1448.0,-561.0,-29.0,327.0,146.0,-870.0,-59.0,-247.0,-947.0
34.0,-1853.0,-553.0,-101.0,315.0,323.0,-852.0,-118.0,-285.0,-890.0
60.0,-2159.0,-543.0,-172.0,307.0,346.0,-218.0,-55.0,-313.0,-822.0
68.0,-2230.0,-516.0,-249.0,293.0,426.0,857.0,-216.0,-332.0,-780.0
57.0,-2066.0,-518.0,-351.0,280.0,395.0,1346.0,-171.0,-334.0,-728.0
42.0,-1680.0,-500.0,-428.0,280.0,375.0,787.0,-269.0,-313.0,-666.0
30.0,-1081.0,-505.0,-460.0,303.0,466.0,186.0,-419.0,-302.0,-632.0
8.0,-352.0,-500.0,-480.0,339.0,499.0,-182.0,-291.0,-266.0,-583.0
-10.0,324.0,-476.0,-493.0,357.0,501.0,-316.0,-325.0,-219.0,-526.0
-42.0,779.0,-478.0,-487.0,346.0,484.0,-51.0,-145.0,-185.0,-464.0
-64.0,977.0,-451.0,-449.0,305.0,680.0,144.0,-144.0,-150.0,-412.0
-83.0,1073.0,-426.0,-383.0,242.0,710.0,32.0,-240.0,-120.0,-355.0
-86.0,1198.0,-419.0,-286.0,172.0,386.0,-129.0,-264.0,-99.0,-272.0
-86.0,1322.0,-393.0,-192.0,99.0,243.0,384.0,-400.0,-97.0,-206.0
-82.0,1418.0,-372.0,-134.0,36.0,273.0,848.0,-456.0,-94.0,-142.0
-44.0,1480.0,-355.0,-34.0,-12.0,473.0,208.0,-508.0,-107.0,-48.0
-12.0,1451.0,-334.0,75.0,-54.0,570.0,-780.0,-375.0,-138.0,33.0
23.0,1306.0,-305.0,173.0,-96.0,404.0,-598.0,-389.0,-173.0,91.0
45.0,1081.0,-286.0,307.0,-144.0,327.0,642.0,-417.0,-210.0,145.0
85.0,739.0,-281.0,397.0,-205.0,377.0,1193.0,-339.0,-254.0,209.0
123.0,335.0,-263.0,446.0,-273.0,616.0,1030.0,-389.0,-303.0,255.0
143.0,90.0,-245.0,470.0,-342.0,705.0,168.0,-225.0,-367.0,253.0
161.0,15.0,-273.0,508.0,-399.0,464.0,-916.0,-166.0,-426.0,263.0
180.0,-48.0,-291.0,537.0,-422.0,229.0,-920.0,-158.0,-450.0,262.0
199.0,-93.0,-302.0,491.0,-407.0,96.0,-191.0,-169.0,-484.0,233.0
185.0,-94.0,-335.0,458.0,-362.0,175.0,213.0,-448.0,-515.0,202.0
187.0,-142.0,-371.0,442.0,-304.0,206.0,-15.0,-639.0,-531.0,171.0
183.0,-278.0,-392.0,387.0,-238.0,189.0,186.0,-812.0,-543.0,152.0
174.0,-477.0,-391.0,320.0,-178.0,281.0,631.0,-866.0,-550.0,129.0
145.0,-673.0,-432.0,268.0,-140.0,390.0,565.0,-807.0,-567.0,115.0
93.0,-860.0,-428.0,162.0,-126.0,488.0,-229.0,-672.0,-581.0,120.0
58.0,-1133.0,-426.0,38.0,-126.0,315.0,-1334.0,-454.0,-599.0,147.0
13.0,-1557.0,-440.0,-44.0,-118.0,282.0,-1153.0,-352.0,-618.0,171.0
-38.0,-2031.0,-392.0,-176.0,-96.0,221.0,132.0,-101.0,-634.0,214.0
-90.0,-2376.0,-360.0,-299.0,-71.0,-2.0,964.0,-11.0,-641.0,277.0
-134.0,-2574.0,-316.0,-346.0,-49.0,62.0,362.0,-70.0,-636.0,307.0
-163.0,-2607.0,-251.0,-401.0,-37.0,33.0,-1208.0,-86.0,-622.0,318.0
-178.0,-2434.0,-173.0,-439.0,-32.0,41.0,-1817.0,-138.0,-610.0,321.0
-213.0,-2048.0,-116.0,-461.0,-35.0,35.0,-655.0,-147.0,-587.0,294.0
-249.0,-1505.0,-61.0,-467.0,-51.0,44.0,730.0,-269.0,-546.0,224.0
-288.0,-956.0,23.0,-488.0,-77.0,81.0,759.0,-203.0,-508.0,156.0
-341.0,-480.0,85.0,-503.0,-120.0,-89.0,-475.0,-208.0,-464.0,90.0
-404.0,-89.0,175.0,-478.0,-181.0,-91.0,-1224.0,-247.0,-419.0,16.0
-470.0,214.0,249.0,-496.0,-239.0,-96.0,-559.0,-145.0,-375.0,-44.0
-510.0,324.0,314.0,-473.0,-278.0,-73.0,-154.0,-203.0,-321.0,-77.0
-549.0,189.0,384.0,-418.0,-294.0,-88.0,-671.0,-118.0,-259.0,-93.0
-581.0,49.0,411.0,-366.0,-296.0,-176.0,-680.0,-201.0,-192.0,-102.0
-607.0,176.0,448.0,-334.0,-305.0,-200.0,218.0,-310.0,-97.0,-98.0
-628.0,604.0,462.0,-282.0,-325.0,-301.0,381.0,-280.0,1.0,-98.0
-637.0,1102.0,453.0,-199.0,-358.0,-249.0,-723.0,-314.0,91.0,-95.0
-635.0,1508.0,438.0,-151.0,-392.0,-213.0,-1220.0,-199.0,167.0,-115.0
-623.0,1810.0,404.0,-44.0,-426.0,-236.0,-343.0,-230.0,228.0,-148.0
-610.0,1992.0,358.0,50.0,-458.0,-394.0,530.0,-184.0,308.0,-187.0
-575.0,2076.0,302.0,93.0,-458.0,-444.0,303.0,-173.0,359.0,-238.0
-531.0,2090.0,232.0,128.0,-417.0,-222.0,-509.0,-321.0,398.0,-284.0
-479.0,1989.0,135.0,176.0,-352.0,-135.0,-964.0,-317.0,454.0,-326.0
-424.0,1684.0,46.0,176.0,-277.0,-127.0,-606.0,-306.0,506.0,-352.0
-367.0,1211.0,-53.0,138.0,-194.0,-290.0,17.0,-230.0,550.0,-376.0
-291.0,711.0,-170.0,125.0,-115.0,-244.0,26.0,-256.0,579.0,-370.0
-204.0,263.0,-253.0,72.0,-45.0,-123.0,-286.0,-234.0,600.0,-315.0
-107.0,-88.0,-329.0,34.0,11.0,-201.0,-530.0,-230.0,588.0,-241.0
2.0,-308.0,-412.0,6.0,62.0,-182.0,-341.0,-295.0,553.0,-149.0
99.0,-441.0,-485.0,11.0,104.0,-184.0,411.0,-336.0,505.0,-51.0
183.0,-529.0,-538.0,6.0,124.0,-169.0,525.0,-454.0,424.0,41.0
269.0,-540.0,-584.0,-27.0,122.0,-133.0,-376.0,-273.0,321.0,126.0
352.0,-436.0,-637.0,-20.0,117.0,-57.0,-987.0,-208.0,217.0,170.0
419.0,-246.0,-643.0,-10.0,125.0,-100.0,-565.0,-273.0,101.0,187.0
471.0,-57.0,-624.0,39.0,146.0,-206.0,190.0,-380.0,-7.0,174.0
514.0,78.0,-622.0,98.0,175.0,-292.0,427.0,-606.0,-111.0,138.0
542.0,179.0,-587.0,166.0,212.0,-333.0,215.0,-506.0,-213.0,107.0
559.0,339.0,-541.0,238.0,241.0,-217.0,-124.0,-369.0,-279.0,79.0
543.0,544.0,-514.0,261.0,248.0,-147.0,-385.0,-151.0,-342.0,72.0
516.0,604.0,-467.0,314.0,229.0,-35.0,81.0,16.0,-374.0,68.0
474.0,460.0,-423.0,373.0,198.0,21.0,716.0,-107.0,-363.0,77.0
420.0,254.0,-394.0,397.0,171.0,-71.0,121.0,-295.0,-326.0,76.0
354.0,151.0,-362.0,456.0,168.0,-210.0,-372.0,-550.0,-265.0,72.0
272.0,170.0,-323.0,505.0,190.0,-262.0,436.0,-532.0,-196.0,75.0
200.0,226.0,-282.0,511.0,223.0,-151.0,872.0,-308.0,-123.0,67.0
100.0,291.0,-248.0,504.0,252.0,-98.0,126.0,-29.0,-55.0,89.0
0.0,355.0,-207.0,471.0,267.0,-202.0,-571.0,131.0,20.0,104.0
-105.0,367.0,-184.0,418.0,271.0,-356.0,-202.0,9.0,73.0,110.0
-203.0,216.0,-150.0,342.0,269.0,-419.0,660.0,-195.0,121.0,124.0
-280.0,-116.0,-131.0,254.0,261.0,-429.0,885.0,-554.0,148.0,108.0
-354.0,-460.0,-119.0,162.0,239.0,-361.0,229.0,-659.0,168.0,79.0
-393.0,-735.0,-84.0,65.0,212.0,-221.0,-331.0,-548.0,193.0,35.0
-419.0,-1020.0,-78.0,26.0,199.0,-126.0,-45.0,-308.0,194.0,-17.0
-422.0,-1274.0,-50.0,-19.0,207.0,-123.0,587.0,-94.0,204.0,-60.0
-420.0,-1311.0,-46.0,-72.0,224.0,-147.0,708.0,-345.0,185.0,-93.0
-402.0,-1053.0,-39.0,-99.0,220.0,-123.0,54.0,-543.0,152.0,-80.0
-353.0,-632.0,-34.0,-169.0,195.0,-150.0,-342.0,-648.0,112.0,-44.0
-299.0,-246.0,-85.0,-238.0,163.0,-135.0,131.0,-485.0,57.0,0.0
-232.0,17.0,-90.0,-298.0,136.0,-79.0,622.0,-125.0,0.0,84.0
-168.0,222.0,-128.0,-359.0,110.0,-114.0,491.0,-40.0,-76.0,173.0
-97.0,399.0,-191.0,-436.0,70.0,-202.0,49.0,68.0,-152.0,253.0
-26.0,503.0,-229.0,-500.0,20.0,-185.0,-191.0,-83.0,-230.0,302.0
24.0,544.0,-289.0,-552.0,-39.0,-112.0,80.0,-279.0,-315.0,336.0
67.0,589.0,-332.0,-625.0,-104.0,-194.0,541.0,-253.0,-404.0,357.0
109.0,663.0,-364.0,-667.0,-157.0,-264.0,367.0,-288.0,-489.0,334.0
145.0,668.0,-391.0,-693.0,-179.0,-225.0,-105.0,-251.0,-570.0,303.0
168.0,525.0,-410.0,-719.0,-168.0,-179.0,-137.0,-343.0,-660.0,258.0
176.0,324.0,-444.0,-738.0,-141.0,-284.0,131.0,-391.0,-745.0,209.0
175.0,149.0,-461.0,-738.0,-112.0,-407.0,344.0,-421.0,-824.0,172.0
162.0,-70.0,-506.0,-688.0,-89.0,-264.0,140.0,-461.0,-891.0,147.0
145.0,-366.0,-537.0,-660.0,-80.0,-107.0,-380.0,-376.0,-938.0,145.0
111.0,-626.0,-513.0,-621.0,-91.0,-179.0,-582.0,-295.0,-969.0,165.0
71.0,-764.0,-557.0,-532.0,-119.0,-390.0,-287.0,-123.0,-977.0,207.0
44.0,-802.0,-537.0,-474.0,-152.0,-426.0,258.0,-184.0,-948.0,245.0
12.0,-788.0,-519.0,-370.0,-177.0,-285.0,642.0,-210.0,-903.0,270.0
-6.0,-740.0,-572.0,-265.0,-188.0,-195.0,363.0,-138.0,-839.0,276.0
-41.0,-648.0,-536.0,-151.0,-192.0,-152.0,-212.0,-7.0,-767.0,276.0
-64.0,-517.0,-526.0,-16.0,-187.0,-218.0,-369.0,110.0,-694.0,281.0
-76.0,-409.0,-504.0,93.0,-182.0,-390.0,-48.0,-68.0,-610.0,255.0
-98.0,-334.0,-473.0,213.0,-177.0,-446.0,216.0,-131.0,-528.0,233.0
-110.0,-245.0,-489.0,288.0,-165.0,-295.0,-142.0,-282.0,-430.0,210.0
-129.0,-139.0,-488.0,349.0,-143.0,-192.0,-563.0,-275.0,-346.0,160.0
-134.0,-81.0,-499.0,394.0,-105.0,-202.0,-274.0,-238.0,-281.0,124.0
-138.0,-145.0,-535.0,432.0,-55.0,-221.0,190.0,-341.0,-207.0,69.0
-151.0,-324.0,-554.0,429.0,3.0,-202.0,264.0,-273.0,-160.0,31.0
-167.0,-519.0,-564.0,394.0,46.0,-198.0,-107.0,-504.0,-121.0,-3.0
-167.0,-655.0,-624.0,373.0,52.0,-395.0,-631.0,-541.0,-99.0,-59.0
-160.0,-782.0,-616.0,328.0,27.0,-486.0,-684.0,-345.0,-99.0,-101.0
-151.0,-943.0,-602.0,287.0,1.0,-376.0,-296.0,-210.0,-99.0,-163.0
-130.0,-1104.0,-613.0,220.0,-18.0,-343.0,62.0,-46.0,-122.0,-214.0
-112.0,-1241.0,-590.0,167.0,-44.0,-369.0,68.0,-60.0,-152.0,-247.0
-80.0,-1280.0,-567.0,152.0,-79.0,-389.0,-184.0,-136.0,-173.0,-269.0
-52.0,-1161.0,-525.0,117.0,-115.0,-346.0,-579.0,-297.0,-183.0,-274.0
-6.0,-917.0,-521.0,70.0,-134.0,-392.0,-868.0,-315.0,-186.0,-264.0
28.0,-574.0,-474.0,46.0,-142.0,-496.0,-572.0,-321.0,-179.0,-243.0
70.0,-117.0,-412.0,-6.0,-155.0,-623.0,-98.0,-323.0,-151.0,-225.0
124.0,419.0,-380.0,-37.0,-172.0,-854.0,136.0,-216.0,-128.0,-188.0
163.0,981.0,-340.0,-31.0,-186.0,-981.0,-7.0,-236.0,-90.0,-143.0
218.0,1451.0,-288.0,-84.0,-175.0,-798.0,-458.0,-140.0,-31.0,-81.0
254.0,1675.0,-223.0,-159.0,-135.0,-481.0,-553.0,-249.0,29.0,-14.0
293.0,1685.0,-185.0,-253.0,-71.0,-383.0,-261.0,-362.0,102.0,41.0
328.0,1569.0,-116.0,-339.0,9.0,-524.0,-80.0,-266.0,192.0,87.0
359.0,1392.0,-66.0,-432.0,80.0,-699.0,-210.0,-310.0,285.0,107.0
397.0,1237.0,-38.0,-518.0,111.0,-734.0,-380.0,-208.0,365.0,111.0
430.0,1127.0,-9.0,-564.0,86.0,-755.0,-326.0,-97.0,453.0,101.0
454.0,1033.0,-13.0,-591.0,24.0,-803.0,-179.0,12.0,540.0,91.0
452.0,901.0,7.0,-559.0,-45.0,-684.0,-113.0,42.0,601.0,76.0
445.0,729.0,12.0,-530.0,-87.0,-498.0,11.0,51.0,630.0,33.0
420.0,585.0,-3.0,-460.0,-79.0,-425.0,-59.0,166.0,648.0,0.0
410.0,534.0,-17.0,-361.0,-24.0,-435.0,-476.0,42.0,656.0,-29.0
397.0,530.0,-19.0,-274.0,55.0,-467.0,-526.0,-5.0,626.0,-83.0
365.0,537.0,-28.0,-151.0,129.0,-444.0,-257.0,-81.0,591.0,-122.0
338.0,618.0,-52.0,-54.0,176.0,-419.0,-70.0,-81.0,544.0,-161.0
306.0,751.0,-40.0,30.0,187.0,-442.0,-79.0,157.0,471.0,-188.0
278.0,836.0,-46.0,112.0,159.0,-442.0,-112.0,79.0,394.0,-218.0
233.0,834.0,-64.0,177.0,108.0,-538.0,65.0,-86.0,306.0,-247.0
187.0,738.0,-68.0,237.0,58.0,-621.0,26.0,-90.0,231.0,-246.0
141.0,518.0,-83.0,283.0,22.0,-523.0,-402.0,44.0,169.0,-258.0
100.0,243.0,-88.0,287.0,18.0,-346.0,-811.0,116.0,123.0,-271.0
52.0,8.0,-105.0,259.0,41.0,-298.0,-792.0,168.0,107.0,-263.0
8.0,-202.0,-125.0,219.0,67.0,-353.0,-244.0,336.0,98.0,-240.0
-21.0,-423.0,-134.0,158.0,84.0,-325.0,470.0,321.0,80.0,-231.0
-51.0,-661.0,-160.0,116.0,90.0,-316.0,352.0,327.0,52.0,-202.0
-74.0,-885.0,-174.0,58.0,96.0,-347.0,-495.0,218.0,37.0,-157.0
-75.0,-1076.0,-174.0,-12.0,108.0,-349.0,-722.0,179.0,15.0,-132.0
-45.0,-1282.0,-186.0,-63.0,130.0,-279.0,-265.0,336.0,-2.0,-117.0
-12.0,-1546.0,-196.0,-86.0,161.0,-235.0,-4.0,254.0,-17.0,-116.0
36.0,-1803.0,-196.0,-53.0,181.0,-237.0,-225.0,157.0,-54.0,-101.0
86.0,-1971.0,-196.0,-6.0,173.0,-208.0,-172.0,24.0,-70.0,-106.0
143.0,-2006.0,-195.0,72.0,123.0,-235.0,451.0,22.0,-82.0,-101.0
191.0,-1904.0,-177.0,148.0,37.0,-261.0,596.0,-5.0,-113.0,-84.0
232.0,-1748.0,-174.0,188.0,-60.0,-210.0,-114.0,-175.0,-157.0,-76.0
276.0,-1551.0,-161.0,223.0,-156.0,-88.0,-967.0,-234.0,-209.0,-71.0
306.0,-1201.0,-133.0,231.0,-247.0,-19.0,-1261.0,-321.0,-269.0,-72.0
341.0,-684.0,-121.0,242.0,-304.0,-82.0,-467.0,-199.0,-338.0,-21.0
350.0,-182.0,-96.0,204.0,-309.0,-115.0,660.0,-153.0,-403.0,24.0
355.0,114.0,-69.0,125.0,-278.0,-58.0,772.0,-81.0,-486.0,76.0
343.0,202.0,-45.0,52.0,-228.0,-74.0,229.0,44.0,-559.0,166.0
325.0,288.0,-48.0,-66.0,-176.0,-227.0,-158.0,-66.0,-629.0,247.0
306.0,583.0,-49.0,-203.0,-128.0,-365.0,-258.0,-29.0,-706.0,291.0
262.0,977.0,-43.0,-337.0,-91.0,-350.0,-273.0,-53.0,-762.0,298.0
208.0,1273.0,-86.0,-456.0,-73.0,-335.0,-233.0,107.0,-806.0,301.0
133.0,1496.0,-106.0,-543.0,-71.0,-431.0,89.0,299.0,-827.0,265.0
65.0,1735.0,-112.0,-600.0,-82.0,-409.0,419.0,236.0,-814.0,192.0
-8.0,1978.0,-159.0,-637.0,-90.0,-238.0,470.0,275.0,-758.0,134.0
-89.0,2141.0,-181.0,-674.0,-106.0,-156.0,35.0,208.0,-678.0,86.0
-177.0,2203.0,-185.0,-709.0,-141.0,-181.0,-520.0,133.0,-587.0,26.0
-242.0,2238.0,-198.0,-714.0,-190.0,-162.0,-612.0,-84.0,-484.0,-29.0
-302.0,2271.0,-208.0,-690.0,-225.0,-88.0,-531.0,-232.0,-395.0,-57.0
-361.0,2182.0,-231.0,-673.0,-215.0,-76.0,-260.0,-212.0,-320.0,-78.0
-396.0,1855.0,-234.0,-626.0,-153.0,-180.0,338.0,-330.0,-256.0,-119.0
-428.0,1307.0,-244.0,-528.0,-58.0,-242.0,709.0,-328.0,-201.0,-135.0
-453.0,663.0,-273.0,-410.0,33.0,-254.0,289.0,-373.0,-144.0,-107.0
-470.0,76.0,-237.0,-267.0,99.0,-318.0,-518.0,-327.0,-79.0,-80.0
-455.0,-410.0,-218.0,-155.0,141.0,-298.0,-517.0,-116.0,-34.0,-49.0
-430.0,-873.0,-201.0,-60.0,166.0,-234.0,149.0,166.0,9.0,7.0
-391.0,-1326.0,-132.0,45.0,171.0,-274.0,231.0,430.0,60.0,81.0
-338.0,-1677.0,-96.0,96.0,166.0,-299.0,-281.0,408.0,84.0,115.0
-289.0,-1897.0,-55.0,139.0,173.0,-217.0,-602.0,363.0,111.0,138.0
-231.0,-2049.0,-4.0,149.0,218.0,-216.0,-102.0,264.0,142.0,179.0
-167.0,-2134.0,47.0,124.0,280.0,-324.0,539.0,232.0,162.0,186.0
-112.0,-2042.0,65.0,93.0,318.0,-407.0,-24.0,205.0,170.0,173.0
-59.0,-1744.0,94.0,39.0,314.0,-399.0,-1036.0,97.0,172.0,173.0
0.0,-1419.0,140.0,1.0,267.0,-283.0,-1170.0,140.0,177.0,194.0
55.0,-1225.0,116.0,-41.0,197.0,-252.0,-406.0,-9.0,181.0,206.0
119.0,-1116.0,132.0,-38.0,120.0,-325.0,341.0,-125.0,166.0,221.0
159.0,-1041.0,141.0,-48.0,42.0,-354.0,271.0,-243.0,161.0,247.0
209.0,-1009.0,90.0,-117.0,-16.0,-404.0,-102.0,-513.0,173.0,252.0
265.0,-951.0,66.0,-190.0,-37.0,-430.0,-40.0,-711.0,170.0,224.0
291.0,-775.0,58.0,-258.0,-10.0,-386.0,16.0,-851.0,184.0,159.0
318.0,-485.0,46.0,-280.0,48.0,-313.0,-581.0,-537.0,205.0,90.0
347.0,-133.0,17.0,-290.0,95.0,-281.0,-1153.0,-70.0,228.0,-7.0
371.0,204.0,17.0,-290.0,106.0,-340.0,-597.0,240.0,247.0,-124.0
392.0,430.0,27.0,-273.0,74.0,-306.0,536.0,338.0,250.0,-212.0
414.0,580.0,18.0,-215.0,22.0,-289.0,401.0,153.0,241.0,-265.0
421.0,723.0,31.0,-131.0,-20.0,-434.0,-452.0,140.0,207.0,-295.0
422.0,812.0,37.0,-49.0,-47.0,-536.0,-291.0,29.0,183.0,-323.0
432.0,779.0,31.0,36.0,-76.0,-502.0,58.0,-88.0,167.0,-306.0
415.0,582.0,35.0,115.0,-120.0,-442.0,-42.0,14.0,166.0,-273.0
392.0,295.0,27.0,183.0,-172.0,-510.0,-182.0,173.0,167.0,-260.0
378.0,74.0,21.0,217.0,-220.0,-578.0,-242.0,321.0,174.0,-227.0
367.0,23.0,27.0,236.0,-259.0,-509.0,16.0,195.0,175.0,-183.0
359.0,171.0,2.0,221.0,-272.0,-449.0,377.0,99.0,140.0,-149.0
350.0,466.0,-5.0,200.0,-247.0,-479.0,160.0,-7.0,95.0,-131.0
375.0,727.0,-5.0,200.0,-193.0,-486.0,-693.0,-35.0,45.0,-93.0
395.0,718.0,-42.0,170.0,-124.0,-435.0,-845.0,-31.0,-7.0,-47.0
411.0,426.0,-61.0,117.0,-63.0,-371.0,185.0,-151.0,-49.0,-32.0
448.0,107.0,-110.0,70.0,-16.0,-315.0,737.0,-38.0,-83.0,-22.0
469.0,-24.0,-157.0,0.0,24.0,-260.0,123.0,-77.0,-123.0,-5.0
498.0,-11.0,-181.0,-55.0,49.0,-225.0,-140.0,-81.0,-123.0,2.0
533.0,10.0,-220.0,-81.0,53.0,-333.0,543.0,59.0,-96.0,-23.0
553.0,29.0,-258.0,-95.0,46.0,-386.0,746.0,334.0,-71.0,-19.0
552.0,127.0,-291.0,-51.0,43.0,-315.0,14.0,681.0,-32.0,25.0
530.0,295.0,-315.0,-5.0,48.0,-269.0,-881.0,694.0,-3.0,47.0
506.0,458.0,-350.0,50.0,62.0,-229.0,-735.0,755.0,21.0,64.0
479.0,623.0,-373.0,105.0,76.0,-202.0,657.0,652.0,39.0,102.0
428.0,775.0,-386.0,147.0,79.0,-148.0,1375.0,558.0,36.0,150.0
383.0,834.0,-417.0,194.0,68.0,-171.0,820.0,611.0,15.0,165.0
336.0,854.0,-430.0,228.0,59.0,-202.0,-137.0,471.0,-26.0,183.0
283.0,970.0,-446.0,237.0,82.0,-158.0,-609.0,412.0,-66.0,231.0
222.0,1114.0,-467.0,221.0,143.0,-65.0,-190.0,206.0,-87.0,273.0
148.0,1027.0,-479.0,186.0,219.0,-98.0,422.0,110.0,-105.0,298.0
94.0,683.0,-496.0,145.0,271.0,-275.0,575.0,149.0,-116.0,316.0
35.0,302.0,-499.0,113.0,280.0,-233.0,226.0,158.0,-92.0,342.0
-21.0,-4.0,-507.0,69.0,247.0,-210.0,153.0,334.0,-29.0,335.0
-76.0,-257.0,-520.0,28.0,187.0,-254.0,182.0,436.0,53.0,302.0
-115.0,-439.0,-491.0,2.0,114.0,-175.0,-48.0,561.0,158.0,288.0
-148.0,-540.0,-476.0,-39.0,44.0,8.0,66.0,458.0,278.0,284.0
-189.0,-679.0,-468.0,-88.0,-12.0,113.0,58.0,306.0,384.0,270.0
-209.0,-911.0,-422.0,-93.0,-57.0,-16.0,-93.0,256.0,489.0,268.0
-220.0,-1099.0,-393.0,-113.0,-86.0,23.0,425.0,142.0,598.0,303.0
-220.0,-1157.0,-370.0,-114.0,-102.0,104.0,1063.0,267.0,691.0,355.0
-223.0,-1077.0,-344.0,-99.0,-103.0,125.0,837.0,391.0,748.0,417.0
-205.0,-850.0,-300.0,-124.0,-101.0,98.0,98.0,563.0,791.0,494.0
-180.0,-549.0,-263.0,-141.0,-103.0,41.0,-503.0,600.0,828.0,594.0
-156.0,-289.0,-262.0,-173.0,-106.0,174.0,-559.0,404.0,816.0,683.0
-131.0,-139.0,-231.0,-207.0,-124.0,238.0,133.0,315.0,768.0,729.0
-109.0,-115.0,-201.0,-230.0,-153.0,258.0,712.0,253.0,691.0,793.0
-56.0,-80.0,-199.0,-267.0,-181.0,234.0,719.0,243.0,557.0,851.0
-15.0,159.0,-172.0,-291.0,-200.0,233.0,544.0,136.0,416.0,868.0
19.0,533.0,-146.0,-290.0,-214.0,292.0,445.0,112.0,279.0,870.0
39.0,705.0,-137.0,-284.0,-216.0,284.0,622.0,206.0,111.0,879.0
55.0,497.0,-114.0,-246.0,-195.0,311.0,490.0,360.0,-50.0,871.0
60.0,54.0,-93.0,-209.0,-157.0,256.0,19.0,589.0,-207.0,819.0
60.0,-363.0,-79.0,-147.0,-133.0,186.0,204.0,582.0,-360.0,777.0
78.0,-638.0,-47.0,-63.0,-144.0,219.0,664.0,587.0,-504.0,754.0
74.0,-870.0,-13.0,6.0,-163.0,262.0,583.0,524.0,-631.0,720.0
90.0,-1148.0,15.0,106.0,-168.0,195.0,19.0,432.0,-716.0,689.0
97.0,-1314.0,41.0,204.0,-163.0,118.0,-370.0,391.0,-768.0,688.0
100.0,-1110.0,67.0,287.0,-152.0,182.0,-111.0,251.0,-786.0,696.0
117.0,-671.0,98.0,347.0,-119.0,228.0,203.0,229.0,-782.0,684.0
127.0,-414.0,125.0,379.0,-50.0,172.0,529.0,42.0,-772.0,671.0
148.0,-383.0,163.0,370.0,32.0,122.0,973.0,-206.0,-748.0,654.0
169.0,-346.0,200.0,326.0,81.0,166.0,712.0,-339.0,-713.0,624.0
194.0,-300.0,227.0,284.0,80.0,237.0,200.0,-301.0,-660.0,550.0
189.0,-387.0,251.0,225.0,48.0,254.0,6.0,-35.0,-591.0,469.0
191.0,-551.0,289.0,144.0,10.0,285.0,-183.0,186.0,-504.0,394.0
196.0,-601.0,312.0,79.0,-13.0,356.0,-94.0,448.0,-407.0,253.0
186.0,-531.0,317.0,12.0,-29.0,325.0,377.0,465.0,-310.0,108.0
188.0,-463.0,326.0,-44.0,-27.0,274.0,753.0,460.0,-206.0,-37.0
176.0,-396.0,327.0,-82.0,0.0,358.0,511.0,570.0,-138.0,-227.0
163.0,-295.0,330.0,-142.0,25.0,398.0,288.0,487.0,-84.0,-432.0
143.0,-196.0,332.0,-191.0,35.0,398.0,324.0,521.0,-16.0,-632.0
126.0,-52.0,329.0,-235.0,38.0,452.0,123.0,336.0,12.0,-779.0
98.0,202.0,314.0,-294.0,33.0,459.0,255.0,123.0,6.0,-914.0
58.0,464.0,307.0,-298.0,36.0,454.0,687.0,44.0,-10.0,-1039.0
23.0,618.0,307.0,-283.0,66.0,400.0,553.0,-94.0,-22.0,-1096.0
-13.0,646.0,278.0,-276.0,118.0,319.0,-136.0,-97.0,-20.0,-1130.0
-55.0,540.0,262.0,-235.0,158.0,345.0,18.0,-153.0,-45.0,-1166.0
-96.0,414.0,257.0,-227.0,150.0,433.0,579.0,-46.0,-76.0,-1193.0
-126.0,470.0,243.0,-226.0,99.0,350.0,15.0,-16.0,-75.0,-1199.0
-167.0,614.0,259.0,-246.0,28.0,212.0,-296.0,-84.0,-62.0,-1202.0
-204.0,585.0,274.0,-266.0,-39.0,248.0,376.0,-59.0,-33.0,-1232.0
-223.0,462.0,284.0,-304.0,-89.0,169.0,825.0,-77.0,24.0,-1226.0
-218.0,515.0,327.0,-380.0,-121.0,176.0,612.0,88.0,78.0,-1194.0
-185.0,743.0,375.0,-421.0,-139.0,152.0,87.0,40.0,127.0,-1177.0
-147.0,898.0,396.0,-464.0,-155.0,39.0,-194.0,-29.0,180.0,-1154.0
-96.0,852.0,445.0,-497.0,-179.0,60.0,107.0,16.0,220.0,-1099.0
-45.0,696.0,488.0,-510.0,-194.0,6.0,490.0,14.0,253.0,-1024.0
-14.0,548.0,502.0,-489.0,-181.0,185.0,168.0,145.0,274.0,-973.0
12.0,467.0,523.0,-470.0,-149.0,144.0,-249.0,114.0,288.0,-932.0
24.0,442.0,537.0,-430.0,-109.0,-38.0,138.0,149.0,293.0,-882.0
36.0,427.0,549.0,-341.0,-68.0,35.0,731.0,147.0,289.0,-863.0
56.0,371.0,543.0,-245.0,-30.0,32.0,386.0,94.0,288.0,-887.0
69.0,269.0,544.0,-169.0,-3.0,22.0,-345.0,216.0,295.0,-914.0
98.0,208.0,519.0,-96.0,2.0,-85.0,-211.0,225.0,302.0,-942.0
124.0,235.0,461.0,-21.0,-5.0,-79.0,438.0,312.0,302.0,-1000.0
147.0,153.0,416.0,1.0,-17.0,45.0,776.0,301.0,326.0,-1048.0
159.0,-252.0,360.0,18.0,-32.0,106.0,434.0,319.0,364.0,-1046.0
151.0,-780.0,291.0,25.0,-44.0,133.0,-180.0,406.0,393.0,-1036.0
159.0,-1049.0,208.0,31.0,-37.0,216.0,-224.0,380.0,424.0,-1027.0
162.0,-1086.0,116.0,48.0,-12.0,279.0,316.0,491.0,443.0,-986.0
161.0,-1164.0,48.0,53.0,1.0,246.0,820.0,417.0,445.0,-917.0
165.0,-1189.0,-46.0,43.0,1.0,279.0,768.0,397.0,455.0,-825.0
169.0,-880.0,-152.0,26.0,16.0,287.0,48.0,362.0,475.0,-733.0
179.0,-360.0,-191.0,30.0,55.0,290.0,-107.0,254.0,493.0,-595.0
186.0,-14.0,-239.0,44.0,102.0,217.0,592.0,363.0,501.0,-428.0
208.0,128.0,-277.0,81.0,145.0,236.0,692.0,423.0,505.0,-289.0
225.0,358.0,-281.0,126.0,182.0,368.0,317.0,526.0,515.0,-140.0
238.0,651.0,-265.0,138.0,199.0,356.0,141.0,508.0,498.0,21.0
255.0,632.0,-242.0,161.0,195.0,245.0,428.0,498.0,471.0,163.0
251.0,171.0,-230.0,183.0,195.0,304.0,634.0,439.0,450.0,281.0
250.0,-344.0,-182.0,206.0,214.0,454.0,286.0,290.0,422.0,411.0
225.0,-528.0,-162.0,252.0,230.0,281.0,145.0,339.0,386.0,538.0
209.0,-433.0,-153.0,304.0,219.0,185.0,133.0,266.0,315.0,636.0
200.0,-289.0,-146.0,370.0,186.0,219.0,212.0,319.0,240.0,716.0
182.0,-259.0,-149.0,438.0,143.0,276.0,740.0,336.0,181.0,798.0
197.0,-411.0,-164.0,491.0,109.0,337.0,852.0,271.0,131.0,870.0
191.0,-639.0,-184.0,532.0,84.0,234.0,165.0,288.0,88.0,905.0
202.0,-798.0,-182.0,576.0,60.0,298.0,-132.0,227.0,49.0,935.0
211.0,-862.0,-183.0,598.0,32.0,283.0,294.0,373.0,2.0,954.0
207.0,-851.0,-201.0,587.0,11.0,192.0,755.0,295.0,-74.0,946.0
211.0,-805.0,-216.0,561.0,18.0,232.0,871.0,192.0,-137.0,919.0
201.0,-758.0,-210.0,504.0,54.0,187.0,718.0,301.0,-188.0,891.0
206.0,-588.0,-218.0,425.0,82.0,250.0,481.0,491.0,-240.0,844.0
202.0,-177.0,-213.0,332.0,90.0,304.0,289.0,763.0,-267.0,781.0
208.0,291.0,-174.0,204.0,97.0,285.0,373.0,700.0,-282.0,728.0
195.0,590.0,-142.0,68.0,103.0,307.0,491.0,783.0,-284.0,680.0
173.0,647.0,-105.0,-34.0,86.0,222.0,347.0,824.0,-276.0,628.0
171.0,522.0,-61.0,-152.0,44.0,216.0,363.0,788.0,-270.0,557.0
152.0,347.0,-16.0,-259.0,4.0,275.0,706.0,892.0,-262.0,511.0
131.0,93.0,40.0,-319.0,-29.0,262.0,654.0,654.0,-250.0,479.0
116.0,-254.0,89.0,-380.0,-67.0,221.0,355.0,447.0,-237.0,454.0
104.0,-447.0,149.0,-408.0,-93.0,165.0,455.0,49.0,-221.0,447.0
75.0,-332.0,186.0,-370.0,-70.0,207.0,624.0,-303.0,-224.0,455.0
48.0,-33.0,214.0,-292.0,-9.0,261.0,570.0,-319.0,-232.0,467.0
8.0,339.0,245.0,-204.0,41.0,198.0,524.0,-232.0,-242.0,444.0
-15.0,853.0,265.0,-85.0,51.0,198.0,553.0,138.0,-255.0,417.0
-33.0,1469.0,291.0,59.0,43.0,244.0,481.0,286.0,-247.0,411.0
-64.0,1967.0,303.0,194.0,58.0,208.0,369.0,461.0,-221.0,389.0
-78.0,2187.0,323.0,335.0,85.0,265.0,271.0,582.0,-171.0,350.0
-84.0,2157.0,319.0,480.0,98.0,383.0,282.0,376.0,-121.0,344.0
-72.0,2133.0,338.0,604.0,86.0,418.0,374.0,339.0,-69.0,349.0
-72.0,2266.0,358.0,704.0,57.0,393.0,603.0,382.0,-33.0,337.0
-80.0,2284.0,374.0,766.0,25.0,423.0,787.0,434.0,-5.0,311.0
-93.0,1963.0,409.0,752.0,-8.0,483.0,490.0,443.0,26.0,307.0
-93.0,1529.0,419.0,692.0,-45.0,463.0,371.0,417.0,58.0,310.0
-88.0,1138.0,444.0,607.0,-66.0,427.0,550.0,230.0,106.0,280.0
-106.0,619.0,450.0,502.0,-64.0,431.0,466.0,144.0,152.0,264.0
-115.0,0.0,465.0,410.0,-62.0,434.0,427.0,212.0,201.0,254.0
-124.0,-565.0,482.0,331.0,-80.0,410.0,457.0,188.0,221.0,237.0
-121.0,-1123.0,487.0,267.0,-108.0,433.0,400.0,347.0,223.0,199.0
-121.0,-1635.0,507.0,207.0,-129.0,447.0,403.0,310.0,218.0,164.0
-103.0,-1801.0,529.0,150.0,-142.0,469.0,405.0,249.0,201.0,153.0
-90.0,-1531.0,538.0,108.0,-145.0,513.0,412.0,303.0,182.0,139.0
-88.0,-1176.0,536.0,92.0,-126.0,527.0,320.0,182.0,149.0,136.0
-66.0,-918.0,566.0,71.0,-96.0,518.0,274.0,218.0,132.0,148.0
-62.0,-632.0,553.0,31.0,-72.0,484.0,369.0,173.0,97.0,192.0
-43.0,-298.0,557.0,2.0,-52.0,486.0,390.0,118.0,73.0,226.0
-32.0,-75.0,560.0,-14.0,-11.0,486.0,362.0,181.0,72.0,258.0
-23.0,-49.0,546.0,-3.0,62.0,539.0,269.0,160.0,75.0,309.0
-14.0,-49.0,562.0,16.0,146.0,546.0,247.0,136.0,117.0,325.0
-8.0,-15.0,530.0,37.0,204.0,436.0,219.0,-5.0,162.0,325.0
-1.0,-33.0,511.0,57.0,233.0,402.0,259.0,-24.0,219.0,314.0
-17.0,-79.0,493.0,72.0,257.0,425.0,370.0,0.0,272.0,286.0
-26.0,-31.0,456.0,89.0,280.0,427.0,299.0,94.0,322.0,228.0
-48.0,163.0,414.0,89.0,269.0,403.0,146.0,280.0,373.0,157.0
-71.0,429.0,379.0,83.0,215.0,383.0,91.0,273.0,391.0,88.0
-102.0,732.0,337.0,69.0,162.0,345.0,361.0,404.0,403.0,-4.0
-136.0,952.0,270.0,29.0,138.0,282.0,687.0,314.0,418.0,-103.0
-176.0,1043.0,224.0,-8.0,111.0,279.0,550.0,206.0,424.0,-196.0
-229.0,1197.0,154.0,-41.0,44.0,309.0,53.0,269.0,423.0,-252.0
-277.0,1465.0,76.0,-68.0,-42.0,334.0,60.0,240.0,406.0,-301.0
-330.0,1650.0,6.0,-90.0,-113.0,394.0,478.0,408.0,372.0,-337.0
-373.0,1615.0,-50.0,-116.0,-154.0,391.0,542.0,334.0,343.0,-326.0
-404.0,1317.0,-122.0,-105.0,-152.0,367.0,305.0,341.0,301.0,-319.0
-431.0,745.0,-194.0,-59.0,-106.0,411.0,68.0,432.0,250.0,-322.0
-452.0,167.0,-229.0,-6.0,-48.0,398.0,157.0,434.0,198.0,-305.0
-464.0,-157.0,-287.0,62.0,-1.0,392.0,484.0,528.0,121.0,-266.0
-463.0,-391.0,-311.0,152.0,41.0,391.0,637.0,473.0,59.0,-261.0
-444.0,-622.0,-327.0,200.0,95.0,338.0,205.0,535.0,-8.0,-277.0
-428.0,-593.0,-344.0,234.0,144.0,268.0,-136.0,467.0,-83.0,-285.0
-413.0,-317.0,-336.0,278.0,165.0,222.0,393.0,461.0,-135.0,-297.0
-376.0,-66.0,-345.0,304.0,173.0,256.0,777.0,633.0,-183.0,-312.0
-342.0,177.0,-321.0,313.0,196.0,263.0,469.0,678.0,-228.0,-317.0
-294.0,435.0,-301.0,294.0,224.0,233.0,297.0,524.0,-253.0,-292.0
-239.0,620.0,-294.0,262.0,230.0,206.0,357.0,173.0,-258.0,-255.0
-177.0,776.0,-247.0,199.0,204.0,72.0,120.0,109.0,-269.0,-205.0
-110.0,992.0,-226.0,159.0,159.0,-35.0,72.0,70.0,-265.0,-127.0
-43.0,1155.0,-220.0,121.0,103.0,51.0,488.0,75.0,-255.0,-49.0
34.0,1034.0,-182.0,78.0,39.0,66.0,613.0,109.0,-248.0,13.0
113.0,700.0,-160.0,69.0,-10.0,-22.0,409.0,68.0,-207.0,73.0
205.0,410.0,-124.0,61.0,-28.0,1.0,338.0,206.0,-145.0,145.0
272.0,277.0,-83.0,59.0,-27.0,65.0,168.0,109.0,-61.0,206.0
332.0,174.0,-63.0,66.0,-30.0,60.0,70.0,144.0,31.0,249.0
381.0,-8.0,-30.0,84.0,-39.0,-34.0,275.0,295.0,135.0,306.0
397.0,-203.0,1.0,103.0,-55.0,-11.0,334.0,343.0,242.0,370.0
419.0,-374.0,21.0,119.0,-93.0,69.0,306.0,487.0,339.0,413.0
432.0,-583.0,56.0,96.0,-151.0,23.0,293.0,393.0,438.0,449.0
443.0,-863.0,76.0,72.0,-190.0,-33.0,169.0,354.0,533.0,478.0
461.0,-1179.0,77.0,86.0,-168.0,-37.0,87.0,291.0,623.0,504.0
487.0,-1504.0,77.0,94.0,-111.0,7.0,369.0,190.0,738.0,525.0
480.0,-1618.0,66.0,97.0,-79.0,7.0,503.0,212.0,848.0,547.0
477.0,-1329.0,45.0,124.0,-80.0,0.0,176.0,236.0,925.0,568.0
476.0,-914.0,34.0,153.0,-70.0,1.0,92.0,408.0,997.0,573.0
467.0,-680.0,38.0,200.0,-28.0,10.0,148.0,443.0,1045.0,557.0
454.0,-611.0,11.0,289.0,28.0,69.0,306.0,552.0,1072.0,533.0
419.0,-591.0,23.0,337.0,73.0,154.0,370.0,731.0,1076.0,523.0
411.0,-561.0,26.0,389.0,89.0,271.0,179.0,866.0,1043.0,490.0
379.0,-480.0,0.0,446.0,75.0,279.0,130.0,960.0,995.0,442.0
347.0,-370.0,19.0,494.0,51.0,236.0,149.0,820.0,924.0,410.0
304.0,-260.0,-12.0,577.0,37.0,229.0,211.0,702.0,825.0,366.0
254.0,-182.0,-33.0,631.0,46.0,128.0,-26.0,546.0,706.0,305.0
219.0,-108.0,-25.0,649.0,68.0,52.0,-78.0,530.0,583.0,244.0
188.0,-37.0,-44.0,649.0,79.0,14.0,535.0,382.0,444.0,187.0
164.0,-2.0,-42.0,664.0,74.0,48.0,665.0,158.0,301.0,134.0
124.0,245.0,-53.0,637.0,46.0,187.0,153.0,258.0,172.0,95.0
112.0,650.0,-34.0,616.0,-4.0,141.0,150.0,214.0,43.0,82.0
89.0,917.0,-20.0,617.0,-35.0,112.0,437.0,219.0,-78.0,106.0
61.0,978.0,-8.0,533.0,-15.0,146.0,149.0,199.0,-168.0,138.0
33.0,863.0,35.0,470.0,43.0,25.0,218.0,230.0,-246.0,183.0
0.0,762.0,58.0,412.0,90.0,6.0,424.0,317.0,-326.0,274.0
-19.0,683.0,105.0,339.0,106.0,-4.0,24.0,151.0,-407.0,365.0
-33.0,515.0,156.0,261.0,115.0,-39.0,45.0,205.0,-494.0,454.0
-24.0,280.0,187.0,173.0,115.0,-28.0,478.0,218.0,-573.0,542.0
-1.0,67.0,220.0,110.0,81.0,-21.0,472.0,225.0,-643.0,627.0
14.0,47.0,270.0,13.0,22.0,27.0,51.0,428.0,-687.0,701.0
26.0,344.0,309.0,-66.0,-38.0,-47.0,218.0,417.0,-695.0,731.0
48.0,592.0,336.0,-121.0,-102.0,-95.0,533.0,389.0,-682.0,752.0
51.0,374.0,401.0,-165.0,-164.0,2.0,53.0,312.0,-668.0,748.0
41.0,-155.0,436.0,-138.0,-195.0,129.0,-317.0,236.0,-650.0,695.0
30.0,-753.0,485.0,-86.0,-184.0,231.0,59.0,212.0,-625.0,599.0
23.0,-1309.0,541.0,-54.0,-173.0,164.0,462.0,140.0,-614.0,472.0
4.0,-1707.0,550.0,14.0,-178.0,114.0,259.0,107.0,-595.0,331.0
-16.0,-1769.0,595.0,86.0,-175.0,112.0,-283.0,59.0,-582.0,159.0
-32.0,-1551.0,628.0,134.0,-127.0,24.0,-665.0,101.0,-570.0,-8.0
-60.0,-1150.0,644.0,201.0,-46.0,-37.0,-293.0,18.0,-548.0,-176.0
-97.0,-556.0,694.0,266.0,23.0,-123.0,280.0,-62.0,-531.0,-316.0
-142.0,45.0,703.0,315.0,82.0,-167.0,334.0,-121.0,-505.0,-434.0
-189.0,545.0,714.0,349.0,145.0,-194.0,135.0,-251.0,-487.0,-550.0
-247.0,831.0,718.0,370.0,198.0,-123.0,-77.0,-144.0,-464.0,-602.0
-298.0,838.0,686.0,367.0,218.0,31.0,-320.0,-72.0,-436.0,-641.0
-347.0,678.0,674.0,366.0,221.0,-117.0,-262.0,131.0,-399.0,-672.0
-386.0,481.0,640.0,357.0,223.0,-279.0,107.0,352.0,-362.0,-675.0
-428.0,333.0,598.0,367.0,210.0,-280.0,-59.0,528.0,-324.0,-660.0
-475.0,323.0,565.0,384.0,185.0,-210.0,-187.0,676.0,-267.0,-639.0
-515.0,394.0,504.0,408.0,173.0,-123.0,-112.0,519.0,-219.0,-647.0
-554.0,257.0,447.0,460.0,187.0,-268.0,-350.0,428.0,-172.0,-638.0
-586.0,-90.0,392.0,451.0,184.0,-342.0,-455.0,192.0,-118.0,-631.0
-618.0,-355.0,320.0,447.0,141.0,-290.0,-143.0,75.0,-66.0,-642.0
-634.0,-421.0,250.0,439.0,78.0,-322.0,122.0,51.0,-27.0,-647.0
-641.0,-521.0,200.0,412.0,21.0,-364.0,-209.0,-101.0,21.0,-631.0
-630.0,-709.0,139.0,404.0,-13.0,-319.0,-527.0,-36.0,95.0,-581.0
-624.0,-746.0,85.0,378.0,-12.0,-203.0,-341.0,-158.0,185.0,-542.0
-616.0,-728.0,58.0,349.0,39.0,-166.0,142.0,-260.0,291.0,-477.0
-606.0,-751.0,22.0,287.0,114.0,-81.0,98.0,-371.0,399.0,-379.0
-587.0,-583.0,2.0,213.0,156.0,-14.0,-366.0,-447.0,501.0,-313.0
-567.0,-155.0,-27.0,142.0,143.0,-54.0,-421.0,-221.0,601.0,-265.0
-549.0,249.0,-44.0,68.0,117.0,-102.0,-171.0,-103.0,701.0,-231.0
-525.0,439.0,-51.0,-4.0,112.0,-149.0,115.0,38.0,796.0,-216.0
-516.0,509.0,-95.0,-87.0,106.0,-73.0,10.0,120.0,888.0,-235.0
-484.0,599.0,-95.0,-165.0,85.0,-30.0,-238.0,164.0,966.0,-280.0
-453.0,833.0,-114.0,-217.0,69.0,-116.0,-269.0,134.0,1009.0,-307.0
-418.0,1129.0,-139.0,-243.0,64.0,-110.0,-172.0,42.0,1029.0,-325.0
-392.0,1181.0,-122.0,-243.0,45.0,-21.0,33.0,227.0,1029.0,-355.0
-354.0,910.0,-130.0,-242.0,6.0,6.0,-60.0,284.0,988.0,-338.0
-312.0,586.0,-126.0,-242.0,-35.0,12.0,-474.0,321.0,928.0,-281.0
-287.0,443.0,-106.0,-251.0,-63.0,26.0,-500.0,312.0,859.0,-240.0
-265.0,424.0,-103.0,-294.0,-69.0,-1.0,-131.0,109.0,761.0,-171.0
-257.0,205.0,-66.0,-335.0,-51.0,-5.0,71.0,-70.0,668.0,-90.0
-221.0,-313.0,-20.0,-383.0,-28.0,-66.0,266.0,-182.0,566.0,-11.0
-199.0,-710.0,-5.0,-418.0,-27.0,-108.0,357.0,-48.0,466.0,67.0
-153.0,-845.0,59.0,-411.0,-43.0,-85.0,-430.0,66.0,372.0,132.0
-102.0,-1075.0,82.0,-401.0,-54.0,-147.0,-1237.0,118.0,267.0,194.0
-65.0,-1488.0,74.0,-373.0,-44.0,-95.0,-701.0,11.0,181.0,229.0
-35.0,-1819.0,94.0,-321.0,-10.0,-28.0,325.0,-97.0,104.0,259.0
-1.0,-1927.0,66.0,-236.0,35.0,-59.0,637.0,-33.0,39.0,299.0
29.0,-1805.0,49.0,-124.0,82.0,-83.0,-40.0,-97.0,-17.0,349.0
28.0,-1425.0,0.0,-16.0,120.0,-98.0,-821.0,-53.0,-63.0,411.0
74.0,-904.0,-65.0,67.0,135.0,-70.0,-752.0,-112.0,-97.0,494.0
113.0,-318.0,-110.0,128.0,110.0,-125.0,-152.0,-73.0,-140.0,597.0
147.0,357.0,-163.0,188.0,50.0,-152.0,360.0,1.0,-165.0,707.0
166.0,1131.0,-209.0,266.0,-12.0,-103.0,-137.0,-72.0,-175.0,814.0
194.0,1906.0,-232.0,345.0,-61.0,-97.0,-934.0,138.0,-189.0,899.0
218.0,2524.0,-260.0,375.0,-96.0,-135.0,-317.0,169.0,-184.0,962.0
207.0,2989.0,-262.0,384.0,-116.0,-169.0,523.0,116.0,-172.0,987.0
209.0,3278.0,-228.0,368.0,-126.0,-152.0,31.0,73.0,-157.0,999.0
188.0,3215.0,-237.0,357.0,-135.0,-180.0,-723.0,-90.0,-144.0,992.0
178.0,2680.0,-197.0,336.0,-155.0,-150.0,-587.0,-151.0,-134.0,967.0
167.0,1853.0,-153.0,301.0,-194.0,-154.0,-90.0,-121.0,-119.0,917.0
157.0,1140.0,-153.0,235.0,-244.0,-233.0,98.0,35.0,-100.0,831.0
118.0,760.0,-88.0,120.0,-283.0,-219.0,-90.0,94.0,-73.0,737.0
105.0,603.0,-42.0,13.0,-292.0,-213.0,-542.0,238.0,-36.0,636.0
104.0,480.0,-9.0,-104.0,-276.0,-149.0,-685.0,469.0,9.0,539.0
67.0,229.0,64.0,-190.0,-248.0,-103.0,-228.0,550.0,57.0,445.0
59.0,-179.0,111.0,-271.0,-210.0,-219.0,13.0,654.0,119.0,388.0
71.0,-474.0,135.0,-332.0,-150.0,-205.0,-361.0,497.0,175.0,356.0
101.0,-532.0,171.0,-339.0,-64.0,-95.0,-353.0,358.0,202.0,359.0
127.0,-505.0,168.0,-352.0,24.0,-155.0,229.0,290.0,206.0,398.0
176.0,-429.0,166.0,-304.0,93.0,-272.0,243.0,107.0,197.0,421.0
224.0,-283.0,174.0,-224.0,136.0,-264.0,-450.0,162.0,189.0,452.0
282.0,-178.0,145.0,-168.0,150.0,-156.0,-772.0,240.0,177.0,450.0
334.0,-246.0,143.0,-87.0,141.0,-171.0,-396.0,367.0,156.0,441.0
379.0,-491.0,119.0,2.0,138.0,-248.0,84.0,376.0,126.0,424.0
447.0,-868.0,85.0,45.0,152.0,-151.0,244.0,297.0,80.0,351.0
489.0,-1184.0,80.0,95.0,156.0,-40.0,-300.0,256.0,29.0,265.0
523.0,-1166.0,50.0,148.0,133.0,-125.0,-822.0,179.0,-32.0,167.0
534.0,-973.0,27.0,194.0,93.0,-220.0,-547.0,216.0,-103.0,48.0
537.0,-980.0,8.0,223.0,64.0,-106.0,-130.0,116.0,-159.0,-99.0
519.0,-1141.0,-27.0,271.0,51.0,3.0,-33.0,151.0,-219.0,-237.0
519.0,-1162.0,-57.0,339.0,37.0,-23.0,-461.0,103.0,-275.0,-345.0
510.0,-973.0,-76.0,332.0,11.0,0.0,-709.0,-55.0,-315.0,-443.0
462.0,-731.0,-116.0,374.0,-14.0,68.0,-226.0,12.0,-362.0,-523.0
428.0,-536.0,-117.0,402.0,-17.0,62.0,194.0,51.0,-388.0,-578.0
365.0,-279.0,-110.0,371.0,-11.0,23.0,148.0,197.0,-407.0,-612.0
293.0,123.0,-125.0,371.0,-28.0,17.0,-291.0,195.0,-411.0,-651.0
196.0,547.0,-102.0,404.0,-61.0,39.0,-563.0,110.0,-383.0,-661.0
118.0,854.0,-94.0,442.0,-92.0,22.0,-317.0,79.0,-320.0,-636.0
62.0,896.0,-87.0,452.0,-122.0,-55.0,61.0,22.0,-220.0,-614.0
-1.0,610.0,-55.0,525.0,-162.0,-62.0,151.0,44.0,-93.0,-606.0
-41.0,171.0,-26.0,578.0,-210.0,-41.0,12.0,-9.0,52.0,-617.0
-88.0,-201.0,2.0,613.0,-257.0,-75.0,-208.0,83.0,199.0,-636.0
-147.0,-324.0,51.0,652.0,-299.0,-82.0,-415.0,99.0,314.0,-694.0
-214.0,-249.0,105.0,663.0,-340.0,-22.0,-321.0,27.0,387.0,-760.0
-256.0,-140.0,166.0,625.0,-373.0,-18.0,-57.0,-36.0,429.0,-822.0
-292.0,-48.0,217.0,522.0,-375.0,-117.0,194.0,-240.0,454.0,-910.0
-318.0,-67.0,256.0,457.0,-336.0,-134.0,226.0,-315.0,462.0,-1004.0
-340.0,-197.0,315.0,346.0,-266.0,-60.0,-126.0,-508.0,462.0,-1102.0
-357.0,-340.0,340.0,225.0,-188.0,-66.0,-641.0,-423.0,481.0,-1193.0
-383.0,-458.0,366.0,156.0,-111.0,-116.0,-473.0,-158.0,494.0,-1296.0
-428.0,-556.0,392.0,62.0,-37.0,-48.0,296.0,-112.0,505.0,-1379.0
-428.0,-530.0,389.0,-17.0,6.0,69.0,414.0,-16.0,504.0,-1423.0
-440.0,-272.0,396.0,-109.0,21.0,74.0,-95.0,-238.0,478.0,-1451.0
-450.0,108.0,388.0,-219.0,33.0,20.0,-534.0,-369.0,457.0,-1456.0
-436.0,474.0,400.0,-351.0,56.0,10.0,-197.0,-341.0,423.0,-1424.0
-405.0,774.0,401.0,-467.0,96.0,20.0,505.0,-258.0,396.0,-1369.0
-353.0,934.0,393.0,-535.0,159.0,8.0,372.0,-133.0,382.0,-1324.0
-301.0,801.0,407.0,-591.0,242.0,-30.0,-250.0,-254.0,365.0,-1276.0
-235.0,441.0,424.0,-600.0,317.0,-56.0,-566.0,-203.0,341.0,-1231.0
-195.0,175.0,456.0,-571.0,362.0,-52.0,-267.0,-171.0,304.0,-1169.0
-149.0,66.0,489.0,-539.0,377.0,-41.0,387.0,-168.0,263.0,-1132.0
-122.0,-58.0,529.0,-499.0,381.0,-30.0,461.0,-212.0,216.0,-1122.0
-124.0,-266.0,571.0,-415.0,388.0,-55.0,-126.0,-242.0,167.0,-1084.0
-123.0,-484.0,624.0,-339.0,383.0,-116.0,-303.0,-94.0,112.0,-1036.0
-128.0,-489.0,650.0,-260.0,343.0,-167.0,34.0,-123.0,53.0,-969.0
-128.0,-168.0,694.0,-176.0,267.0,-150.0,269.0,-94.0,-12.0,-877.0
-142.0,298.0,722.0,-147.0,200.0,-85.0,107.0,-147.0,-67.0,-743.0
-151.0,716.0,686.0,-123.0,162.0,-135.0,-275.0,-145.0,-115.0,-594.0
-151.0,937.0,672.0,-128.0,132.0,-191.0,-253.0,-83.0,-172.0,-441.0
-163.0,898.0,636.0,-115.0,99.0,-118.0,1.0,-216.0,-225.0,-276.0
-175.0,799.0,588.0,-92.0,71.0,-89.0,61.0,-181.0,-267.0,-115.0
-173.0,752.0,512.0,-24.0,54.0,-158.0,-40.0,-195.0,-284.0,5.0
-170.0,614.0,445.0,56.0,30.0,-231.0,-26.0,-199.0,-297.0,90.0
-166.0,353.0,408.0,102.0,-8.0,-231.0,-12.0,-253.0,-315.0,175.0
-154.0,74.0,325.0,177.0,-50.0,-231.0,-91.0,-243.0,-310.0,202.0
-134.0,-219.0,260.0,200.0,-82.0,-258.0,79.0,-42.0,-311.0,197.0
-117.0,-598.0,229.0,230.0,-99.0,-177.0,89.0,-195.0,-323.0,194.0
-84.0,-1000.0,177.0,250.0,-99.0,-83.0,-176.0,-197.0,-324.0,205.0
-51.0,-1238.0,133.0,303.0,-86.0,-65.0,-144.0,-44.0,-324.0,246.0
-13.0,-1255.0,138.0,354.0,-76.0,-76.0,104.0,35.0,-320.0,291.0
41.0,-1149.0,100.0,378.0,-76.0,-82.0,109.0,181.0,-331.0,367.0
81.0,-998.0,83.0,427.0,-74.0,-66.0,71.0,266.0,-313.0,465.0
136.0,-821.0,74.0,455.0,-66.0,-109.0,-75.0,463.0,-277.0,547.0
187.0,-608.0,36.0,521.0,-67.0,-159.0,-283.0,498.0,-236.0,629.0
227.0,-356.0,42.0,509.0,-79.0,-67.0,29.0,550.0,-160.0,749.0
269.0,-88.0,11.0,507.0,-86.0,20.0,404.0,452.0,-100.0,866.0
311.0,287.0,-6.0,469.0,-86.0,35.0,323.0,195.0,-40.0,949.0
368.0,823.0,-7.0,375.0,-88.0,50.0,-147.0,83.0,33.0,1032.0
415.0,1332.0,-16.0,304.0,-85.0,-5.0,-420.0,-195.0,110.0,1112.0
460.0,1637.0,-34.0,237.0,-69.0,-83.0,-113.0,-171.0,210.0,1175.0
516.0,1728.0,-38.0,211.0,-53.0,-94.0,348.0,-155.0,322.0,1200.0
563.0,1681.0,-21.0,145.0,-47.0,-70.0,367.0,-149.0,420.0,1220.0
597.0,1466.0,-19.0,150.0,-25.0,-75.0,-154.0,44.0,504.0,1253.0
616.0,1096.0,3.0,138.0,38.0,-116.0,-342.0,125.0,549.0,1263.0
612.0,754.0,23.0,110.0,130.0,-97.0,13.0,325.0,539.0,1281.0
597.0,557.0,43.0,122.0,222.0,-16.0,359.0,267.0,524.0,1339.0
581.0,449.0,64.0,107.0,302.0,-77.0,143.0,199.0,479.0,1405.0
577.0,312.0,64.0,88.0,368.0,-159.0,-320.0,243.0,417.0,1474.0
576.0,169.0,79.0,48.0,415.0,-111.0,-8.0,123.0,346.0,1564.0
565.0,80.0,85.0,30.0,424.0,-6.0,402.0,-60.0,262.0,1626.0
550.0,70.0,90.0,20.0,398.0,54.0,46.0,-280.0,184.0,1649.0
534.0,114.0,113.0,56.0,362.0,-32.0,-242.0,-251.0,81.0,1657.0
518.0,106.0,125.0,96.0,326.0,-78.0,-183.0,-230.0,-23.0,1650.0
489.0,40.0,150.0,126.0,270.0,-56.0,-227.0,-151.0,-137.0,1631.0
453.0,42.0,152.0,169.0,197.0,-33.0,-155.0,25.0,-255.0,1587.0
403.0,124.0,159.0,186.0,117.0,41.0,-98.0,53.0,-384.0,1530.0
359.0,138.0,187.0,205.0,40.0,156.0,-44.0,147.0,-504.0,1459.0
308.0,24.0,180.0,236.0,-26.0,154.0,100.0,29.0,-601.0,1362.0
261.0,-66.0,185.0,289.0,-80.0,42.0,78.0,-86.0,-688.0,1232.0
246.0,144.0,185.0,340.0,-113.0,116.0,-69.0,-33.0,-728.0,1092.0
232.0,729.0,172.0,363.0,-131.0,170.0,-431.0,-83.0,-757.0,970.0
208.0,1327.0,140.0,384.0,-138.0,60.0,-453.0,-127.0,-756.0,834.0
182.0,1500.0,116.0,388.0,-119.0,-96.0,54.0,-171.0,-730.0,700.0
155.0,1204.0,94.0,406.0,-68.0,-120.0,271.0,-86.0,-685.0,565.0
110.0,734.0,64.0,430.0,-11.0,-8.0,3.0,-18.0,-619.0,393.0
74.0,249.0,53.0,444.0,14.0,18.0,-336.0,73.0,-564.0,217.0
37.0,-339.0,37.0,449.0,3.0,87.0,-246.0,136.0,-508.0,52.0
0.0,-1050.0,47.0,415.0,-27.0,107.0,30.0,164.0,-460.0,-115.0
-25.0,-1608.0,36.0,370.0,-63.0,44.0,-60.0,443.0,-392.0,-274.0
-66.0,-1737.0,38.0,332.0,-103.0,-57.0,-222.0,456.0,-338.0,-400.0
-96.0,-1547.0,57.0,280.0,-130.0,-109.0,-179.0,363.0,-290.0,-518.0
-103.0,-1365.0,58.0,210.0,-135.0,14.0,-139.0,301.0,-229.0,-634.0
-117.0,-1423.0,80.0,175.0,-137.0,79.0,-272.0,147.0,-168.0,-738.0
-129.0,-1573.0,71.0,120.0,-139.0,76.0,-417.0,129.0,-106.0,-863.0
-140.0,-1478.0,90.0,74.0,-134.0,73.0,-164.0,-36.0,-68.0,-1002.0
-157.0,-1149.0,105.0,53.0,-127.0,73.0,44.0,-110.0,-23.0,-1132.0
-162.0,-791.0,85.0,41.0,-112.0,49.0,-428.0,-109.0,14.0,-1246.0
-182.0,-483.0,113.0,70.0,-82.0,-14.0,-658.0,-73.0,58.0,-1346.0
-189.0,-139.0,122.0,81.0,-34.0,-35.0,-153.0,-62.0,138.0,-1437.0
-186.0,360.0,126.0,111.0,20.0,-40.0,118.0,-210.0,231.0,-1528.0
-211.0,973.0,142.0,110.0,66.0,-47.0,-170.0,-190.0,326.0,-1599.0
-246.0,1539.0,145.0,91.0,92.0,-15.0,-561.0,-297.0,399.0,-1668.0
-301.0,1909.0,157.0,43.0,80.0,113.0,-615.0,-282.0,458.0,-1742.0
-358.0,2069.0,158.0,-54.0,40.0,92.0,-328.0,-197.0,513.0,-1792.0
-409.0,2011.0,152.0,-159.0,7.0,-106.0,-160.0,-218.0,555.0,-1845.0
-450.0,1721.0,161.0,-304.0,1.0,-114.0,-238.0,-97.0,591.0,-1904.0
-479.0,1295.0,165.0,-407.0,17.0,-96.0,-377.0,-162.0,611.0,-1979.0
-487.0,759.0,161.0,-493.0,39.0,-181.0,-577.0,-121.0,618.0,-2024.0
-476.0,198.0,129.0,-577.0,53.0,-183.0,-481.0,-140.0,602.0,-2033.0
-465.0,-192.0,93.0,-590.0,54.0,-94.0,-141.0,-249.0,561.0,-2031.0
-455.0,-364.0,74.0,-589.0,38.0,26.0,-108.0,-195.0,504.0,-1979.0
-449.0,-521.0,29.0,-557.0,10.0,68.0,-377.0,-48.0,421.0,-1904.0
-456.0,-858.0,-7.0,-463.0,-28.0,-20.0,-646.0,155.0,337.0,-1793.0
-459.0,-1294.0,-19.0,-390.0,-72.0,-65.0,-431.0,35.0,265.0,-1671.0
-448.0,-1606.0,-45.0,-327.0,-98.0,68.0,-75.0,-173.0,209.0,-1549.0
-420.0,-1659.0,-81.0,-283.0,-90.0,217.0,-300.0,-408.0,187.0,-1371.0
-365.0,-1480.0,-91.0,-265.0,-64.0,232.0,-507.0,-609.0,191.0,-1169.0
-303.0,-1202.0,-97.0,-224.0,-40.0,164.0,-269.0,-691.0,194.0,-987.0
-237.0,-1009.0,-132.0,-200.0,-32.0,118.0,-285.0,-691.0,186.0,-820.0
-183.0,-1016.0,-133.0,-179.0,-38.0,96.0,-537.0,-419.0,176.0,-664.0
-135.0,-1168.0,-131.0,-191.0,-52.0,151.0,-497.0,-328.0,159.0,-547.0
-89.0,-1360.0,-139.0,-228.0,-72.0,152.0,-191.0,-286.0,139.0,-445.0
-48.0,-1439.0,-142.0,-244.0,-77.0,27.0,-134.0,-308.0,127.0,-344.0
0.0,-1299.0,-129.0,-301.0,-46.0,83.0,-287.0,-441.0,119.0,-222.0
53.0,-1033.0,-120.0,-377.0,6.0,276.0,-127.0,-345.0,92.0,-98.0
101.0,-786.0,-136.0,-423.0,53.0,313.0,-222.0,-393.0,52.0,23.0
140.0,-591.0,-122.0,-459.0,82.0,123.0,-345.0,-317.0,-3.0,196.0
181.0,-343.0,-128.0,-470.0,87.0,35.0,-10.0,-171.0,-57.0,359.0
206.0,43.0,-116.0,-473.0,60.0,181.0,1.0,-114.0,-111.0,510.0
240.0,443.0,-95.0,-477.0,8.0,294.0,-464.0,57.0,-170.0,665.0
265.0,641.0,-105.0,-448.0,-47.0,268.0,-656.0,105.0,-190.0,802.0
295.0,608.0,-72.0,-405.0,-88.0,195.0,-288.0,242.0,-196.0,925.0
344.0,482.0,-89.0,-329.0,-116.0,254.0,-101.0,293.0,-173.0,1005.0
398.0,300.0,-129.0,-254.0,-135.0,250.0,-148.0,293.0,-118.0,1074.0
458.0,72.0,-128.0,-214.0,-148.0,127.0,-54.0,277.0,-71.0,1119.0
503.0,-43.0,-168.0,-164.0,-157.0,101.0,-63.0,27.0,-38.0,1112.0
539.0,91.0,-236.0,-151.0,-165.0,123.0,-382.0,-123.0,-20.0,1102.0
551.0,406.0,-267.0,-165.0,-164.0,154.0,-458.0,-369.0,-22.0,1088.0
553.0,671.0,-297.0,-179.0,-143.0,125.0,-42.0,-521.0,-46.0,1081.0
538.0,730.0,-355.0,-196.0,-112.0,24.0,-197.0,-458.0,-72.0,1065.0
528.0,583.0,-339.0,-200.0,-83.0,43.0,-622.0,-410.0,-99.0,1020.0
503.0,335.0,-354.0,-183.0,-53.0,165.0,-324.0,-293.0,-124.0,984.0
457.0,177.0,-403.0,-134.0,-28.0,271.0,98.0,-197.0,-138.0,921.0
432.0,226.0,-388.0,-79.0,-21.0,325.0,-115.0,-38.0,-153.0,815.0
369.0,455.0,-440.0,-3.0,-42.0,228.0,-388.0,55.0,-158.0,703.0
306.0,716.0,-474.0,72.0,-73.0,130.0,-322.0,181.0,-148.0,557.0
250.0,848.0,-443.0,126.0,-90.0,231.0,-448.0,260.0,-156.0,404.0
197.0,812.0,-391.0,177.0,-89.0,346.0,-323.0,216.0,-190.0,260.0
148.0,613.0,-344.0,224.0,-93.0,358.0,-25.0,262.0,-225.0,149.0
108.0,260.0,-297.0,249.0,-117.0,317.0,-174.0,168.0,-254.0,71.0
91.0,-213.0,-220.0,287.0,-134.0,231.0,-596.0,158.0,-280.0,-22.0
66.0,-825.0,-179.0,356.0,-119.0,177.0,-727.0,7.0,-299.0,-104.0
38.0,-1497.0,-131.0,390.0,-84.0,129.0,-411.0,-234.0,-324.0,-194.0
7.0,-1944.0,-32.0,421.0,-57.0,179.0,-375.0,-260.0,-364.0,-306.0
-20.0,-2022.0,18.0,452.0,-34.0,302.0,-469.0,-319.0,-402.0,-435.0
-51.0,-1867.0,57.0,429.0,8.0,298.0,-361.0,-166.0,-423.0,-563.0
-85.0,-1635.0,134.0,385.0,64.0,284.0,-307.0,-105.0,-436.0,-655.0
-138.0,-1382.0,149.0,335.0,106.0,198.0,-481.0,-162.0,-447.0,-740.0
-200.0,-1119.0,186.0,272.0,110.0,93.0,-504.0,-299.0,-484.0,-808.0
-253.0,-845.0,227.0,210.0,82.0,81.0,-258.0,-500.0,-548.0,-848.0
-291.0,-480.0,212.0,151.0,44.0,143.0,-280.0,-412.0,-606.0,-871.0
-321.0,29.0,232.0,111.0,9.0,287.0,-314.0,-393.0,-674.0,-887.0
-345.0,572.0,225.0,89.0,-23.0,255.0,-356.0,-365.0,-731.0,-871.0
-350.0,884.0,226.0,100.0,-56.0,48.0,-506.0,-500.0,-750.0,-791.0
-372.0,868.0,245.0,114.0,-70.0,-74.0,-504.0,-698.0,-753.0,-682.0
-399.0,742.0,233.0,72.0,-42.0,39.0,-495.0,-548.0,-723.0,-564.0
-411.0,738.0,210.0,44.0,18.0,110.0,-536.0,-386.0,-659.0,-408.0
-407.0,906.0,200.0,-3.0,83.0,-12.0,-509.0,-153.0,-583.0,-255.0
-407.0,1149.0,201.0,-75.0,109.0,-152.0,-495.0,-123.0,-504.0,-149.0
-411.0,1262.0,184.0,-109.0,88.0,-194.0,-525.0,-238.0,-436.0,-74.0
-417.0,1039.0,218.0,-112.0,50.0,-68.0,-556.0,-280.0,-387.0,-42.0
-431.0,609.0,249.0,-108.0,22.0,-52.0,-759.0,-256.0,-339.0,-28.0
-438.0,333.0,243.0,-117.0,21.0,-62.0,-851.0,-94.0,-296.0,-53.0
-436.0,256.0,262.0,-67.0,33.0,-53.0,-585.0,-175.0,-255.0,-88.0
-427.0,160.0,246.0,-5.0,34.0,-98.0,-373.0,-134.0,-199.0,-79.0
-401.0,-58.0,234.0,31.0,27.0,-58.0,-486.0,-131.0,-168.0,-47.0
-364.0,-365.0,237.0,101.0,24.0,-122.0,-715.0,-247.0,-150.0,-2.0
-331.0,-649.0,213.0,138.0,23.0,-131.0,-696.0,-188.0,-142.0,66.0
-281.0,-798.0,195.0,152.0,12.0,-181.0,-559.0,-314.0,-154.0,187.0
-218.0,-923.0,167.0,156.0,-7.0,-231.0,-639.0,-223.0,-174.0,299.0
-123.0,-1271.0,130.0,157.0,-18.0,-104.0,-675.0,-84.0,-214.0,393.0
-33.0,-1703.0,111.0,183.0,-21.0,-145.0,-510.0,-88.0,-241.0,508.0
42.0,-1769.0,76.0,194.0,-38.0,-188.0,-388.0,-83.0,-261.0,615.0
99.0,-1429.0,42.0,186.0,-68.0,-233.0,-440.0,-194.0,-270.0,684.0
138.0,-1010.0,4.0,177.0,-97.0,-150.0,-615.0,-162.0,-261.0,729.0
192.0,-658.0,-49.0,202.0,-125.0,4.0,-768.0,-210.0,-251.0,788.0
211.0,-360.0,-67.0,219.0,-146.0,-62.0,-730.0,-323.0,-237.0,820.0
237.0,-143.0,-84.0,183.0,-165.0,-64.0,-425.0,-439.0,-211.0,833.0
252.0,38.0,-104.0,148.0,-172.0,-52.0,-241.0,-607.0,-193.0,868.0
283.0,291.0,-89.0,93.0,-157.0,-2.0,-360.0,-801.0,-161.0,906.0
309.0,536.0,-99.0,29.0,-125.0,33.0,-526.0,-946.0,-125.0,903.0
310.0,671.0,-124.0,-40.0,-90.0,-17.0,-566.0,-822.0,-101.0,858.0
308.0,705.0,-139.0,-131.0,-80.0,-71.0,-428.0,-702.0,-41.0,788.0
259.0,631.0,-152.0,-183.0,-99.0,-197.0,-328.0,-554.0,9.0,692.0
200.0,468.0,-160.0,-249.0,-123.0,-181.0,-398.0,-445.0,57.0,574.0
115.0,351.0,-180.0,-256.0,-130.0,-123.0,-440.0,-339.0,88.0,456.0
42.0,456.0,-189.0,-245.0,-111.0,-150.0,-377.0,-247.0,111.0,379.0
-28.0,739.0,-178.0,-276.0,-70.0,-173.0,-311.0,-358.0,163.0,291.0
-91.0,988.0,-187.0,-280.0,-14.0,-192.0,-190.0,-393.0,220.0,166.0
-151.0,1111.0,-179.0,-302.0,47.0,-64.0,-74.0,-456.0,291.0,55.0
-217.0,1060.0,-171.0,-314.0,101.0,-70.0,-107.0,-369.0,356.0,-50.0
-263.0,799.0,-174.0,-287.0,138.0,-227.0,-276.0,-321.0,409.0,-183.0
-306.0,407.0,-181.0,-235.0,146.0,-212.0,-394.0,-388.0,467.0,-320.0
-326.0,34.0,-219.0,-190.0,134.0,-227.0,-291.0,-341.0,507.0,-442.0
-334.0,-197.0,-226.0,-138.0,119.0,-198.0,-166.0,-587.0,525.0,-582.0
-306.0,-302.0,-247.0,-59.0,119.0,-163.0,-123.0,-794.0,542.0,-720.0
-263.0,-347.0,-307.0,1.0,120.0,-89.0,-104.0,-944.0,562.0,-815.0
-234.0,-414.0,-341.0,58.0,96.0,63.0,-137.0,-953.0,563.0,-857.0
-213.0,-577.0,-381.0,127.0,42.0,-31.0,-96.0,-685.0,534.0,-876.0
-194.0,-801.0,-440.0,143.0,-40.0,-41.0,-20.0,-535.0,483.0,-886.0
-187.0,-966.0,-477.0,146.0,-122.0,12.0,48.0,-293.0,403.0,-873.0
-191.0,-989.0,-514.0,183.0,-186.0,-11.0,202.0,-345.0,309.0,-849.0
-200.0,-856.0,-561.0,192.0,-234.0,-28.0,154.0,-509.0,216.0,-844.0
-204.0,-497.0,-594.0,201.0,-263.0,-42.0,-41.0,-458.0,141.0,-875.0
-217.0,-18.0,-651.0,172.0,-266.0,108.0,-15.0,-450.0,91.0,-879.0
-242.0,200.0,-689.0,183.0,-239.0,77.0,91.0,-221.0,40.0,-893.0
-256.0,47.0,-712.0,220.0,-192.0,-121.0,180.0,-123.0,-4.0,-949.0
-281.0,-178.0,-726.0,226.0,-139.0,-216.0,199.0,-38.0,-55.0,-976.0
-288.0,-265.0,-732.0,245.0,-96.0,-198.0,24.0,-1.0,-105.0,-989.0
-315.0,-271.0,-751.0,190.0,-69.0,-41.0,-53.0,-136.0,-144.0,-995.0
-317.0,-326.0,-708.0,140.0,-42.0,56.0,4.0,-262.0,-198.0,-977.0
-305.0,-508.0,-717.0,62.0,2.0,47.0,-20.0,-587.0,-249.0,-905.0
-313.0,-692.0,-704.0,-59.0,56.0,-39.0,154.0,-746.0,-294.0,-793.0
-305.0,-538.0,-635.0,-148.0,100.0,-148.0,313.0,-796.0,-336.0,-696.0
-308.0,1.0,-628.0,-272.0,144.0,-93.0,63.0,-739.0,-367.0,-599.0
-299.0,458.0,-575.0,-398.0,191.0,34.0,-62.0,-681.0,-403.0,-486.0
-304.0,484.0,-512.0,-487.0,226.0,-11.0,9.0,-631.0,-465.0,-380.0
-295.0,266.0,-487.0,-536.0,237.0,-85.0,106.0,-423.0,-542.0,-311.0
-276.0,198.0,-420.0,-550.0,234.0,-56.0,258.0,-373.0,-629.0,-251.0
-244.0,358.0,-345.0,-555.0,236.0,46.0,183.0,-262.0,-699.0,-207.0
-201.0,523.0,-286.0,-520.0,235.0,39.0,46.0,-343.0,-735.0,-211.0
-154.0,548.0,-202.0,-435.0,195.0,-44.0,3.0,-502.0,-755.0,-243.0
-94.0,395.0,-170.0,-352.0,110.0,37.0,23.0,-419.0,-756.0,-265.0
-59.0,146.0,-125.0,-289.0,3.0,20.0,191.0,-430.0,-748.0,-265.0
-27.0,-21.0,-104.0,-258.0,-89.0,8.0,316.0,-408.0,-737.0,-280.0
0.0,10.0,-106.0,-266.0,-143.0,13.0,160.0,-347.0,-722.0,-284.0
39.0,217.0,-48.0,-302.0,-164.0,63.0,90.0,-225.0,-697.0,-253.0
88.0,416.0,-19.0,-387.0,-172.0,144.0,253.0,-282.0,-673.0,-226.0
141.0,478.0,31.0,-456.0,-171.0,2.0,305.0,-461.0,-620.0,-236.0
177.0,416.0,4.0,-483.0,-157.0,-41.0,260.0,-448.0,-530.0,-250.0
191.0,374.0,25.0,-522.0,-136.0,-64.0,25.0,-589.0,-427.0,-231.0
189.0,378.0,56.0,-566.0,-127.0,-82.0,-109.0,-628.0,-297.0,-244.0
172.0,240.0,20.0,-581.0,-129.0,-47.0,31.0,-570.0,-165.0,-269.0
159.0,-129.0,76.0,-562.0,-119.0,-7.0,235.0,-441.0,-39.0,-256.0
124.0,-607.0,85.0,-557.0,-81.0,27.0,498.0,-242.0,78.0,-230.0
98.0,-930.0,75.0,-558.0,-32.0,20.0,403.0,-201.0,181.0,-201.0
82.0,-966.0,57.0,-515.0,1.0,19.0,12.0,-29.0,284.0,-145.0
62.0,-836.0,79.0,-471.0,26.0,-84.0,-129.0,-72.0,365.0,-58.0
32.0,-712.0,65.0,-456.0,49.0,-29.0,57.0,-31.0,433.0,34.0
-12.0,-672.0,37.0,-414.0,66.0,87.0,323.0,-20.0,481.0,108.0
-42.0,-680.0,70.0,-366.0,64.0,88.0,380.0,-282.0,507.0,173.0
-42.0,-694.0,43.0,-327.0,47.0,51.0,200.0,-175.0,501.0,250.0
-32.0,-688.0,-3.0,-269.0,36.0,-27.0,98.0,-153.0,445.0,298.0
-26.0,-500.0,-40.0,-184.0,37.0,-54.0,131.0,-256.0,366.0,333.0
-10.0,-55.0,-67.0,-60.0,54.0,-69.0,211.0,-424.0,252.0,381.0
9.0,348.0,-139.0,60.0,95.0,-98.0,354.0,-578.0,116.0,427.0
17.0,419.0,-187.0,179.0,149.0,-164.0,313.0,-545.0,-7.0,467.0
27.0,259.0,-253.0,317.0,200.0,-181.0,150.0,-607.0,-126.0,488.0
52.0,123.0,-345.0,438.0,227.0,-144.0,170.0,-596.0,-242.0,514.0
58.0,58.0,-400.0,512.0,226.0,-133.0,369.0,-524.0,-355.0,535.0
68.0,10.0,-488.0,546.0,211.0,-179.0,445.0,-386.0,-470.0,540.0
80.0,15.0,-547.0,536.0,189.0,-148.0,353.0,-243.0,-573.0,550.0
84.0,153.0,-610.0,505.0,175.0,-10.0,250.0,-116.0,-660.0,587.0
94.0,431.0,-687.0,470.0,185.0,-58.0,190.0,-75.0,-699.0,625.0
103.0,725.0,-738.0,407.0,204.0,-164.0,208.0,-245.0,-694.0,647.0
119.0,909.0,-768.0,345.0,192.0,-194.0,127.0,-210.0,-647.0,681.0
101.0,919.0,-790.0,249.0,142.0,-121.0,-85.0,-194.0,-547.0,695.0
74.0,747.0,-783.0,127.0,71.0,-81.0,-77.0,-260.0,-435.0,669.0
43.0,396.0,-772.0,38.0,-8.0,-224.0,201.0,-251.0,-308.0,629.0
20.0,-32.0,-796.0,-54.0,-86.0,-198.0,285.0,-332.0,-168.0,601.0
26.0,-338.0,-790.0,-127.0,-158.0,-220.0,199.0,-293.0,-32.0,573.0
21.0,-500.0,-785.0,-173.0,-224.0,-310.0,40.0,-397.0,109.0,524.0
18.0,-609.0,-783.0,-193.0,-276.0,-308.0,-15.0,-530.0,246.0,466.0
11.0,-682.0,-789.0,-171.0,-314.0,-442.0,229.0,-489.0,354.0,392.0
-21.0,-668.0,-776.0,-117.0,-342.0,-401.0,321.0,-489.0,464.0,317.0
-87.0,-498.0,-732.0,-24.0,-362.0,-328.0,269.0,-358.0,555.0,246.0
-148.0,-253.0,-708.0,65.0,-368.0,-296.0,330.0,-441.0,585.0,156.0
-204.0,-81.0,-656.0,143.0,-349.0,-332.0,252.0,-618.0,557.0,74.0
-256.0,92.0,-587.0,208.0,-293.0,-523.0,-26.0,-755.0,454.0,9.0
-281.0,399.0,-540.0,217.0,-214.0,-484.0,-54.0,-790.0,328.0,-63.0
-309.0,727.0,-479.0,185.0,-140.0,-440.0,159.0,-622.0,219.0,-108.0
-339.0,955.0,-405.0,168.0,-82.0,-479.0,366.0,-521.0,129.0,-111.0
-391.0,1167.0,-370.0,138.0,-46.0,-580.0,370.0,-223.0,50.0,-107.0
-446.0,1378.0,-321.0,55.0,-38.0,-575.0,156.0,-199.0,-39.0,-112.0
-500.0,1426.0,-250.0,-28.0,-43.0,-350.0,-35.0,-256.0,-146.0,-109.0
-569.0,1234.0,-204.0,-130.0,-46.0,-332.0,34.0,-101.0,-275.0,-93.0
-608.0,821.0,-152.0,-260.0,-29.0,-358.0,383.0,-120.0,-394.0,-90.0
-622.0,236.0,-114.0,-365.0,-9.0,-358.0,353.0,-77.0,-516.0,-92.0
-625.0,-289.0,-65.0,-443.0,-5.0,-414.0,94.0,-151.0,-605.0,-67.0
-621.0,-481.0,-20.0,-498.0,-7.0,-461.0,6.0,-192.0,-637.0,-18.0
-616.0,-410.0,-1.0,-528.0,4.0,-507.0,82.0,-293.0,-634.0,27.0
-634.0,-346.0,8.0,-517.0,33.0,-397.0,250.0,-345.0,-601.0,82.0
-650.0,-365.0,38.0,-474.0,57.0,-306.0,146.0,-190.0,-558.0,147.0
-654.0,-449.0,94.0,-390.0,58.0,-264.0,29.0,-247.0,-524.0,201.0
-649.0,-640.0,119.0,-271.0,44.0,-273.0,24.0,-260.0,-489.0,231.0
-614.0,-870.0,154.0,-166.0,34.0,-386.0,-160.0,-308.0,-439.0,239.0
-580.0,-949.0,226.0,-104.0,27.0,-317.0,-60.0,-423.0,-394.0,228.0
-540.0,-811.0,251.0,-51.0,11.0,-317.0,402.0,-639.0,-319.0,175.0
-502.0,-586.0,281.0,3.0,-22.0,-375.0,297.0,-861.0,-215.0,101.0
-462.0,-371.0,358.0,-3.0,-61.0,-361.0,99.0,-787.0,-112.0,26.0
-419.0,-124.0,390.0,-17.0,-73.0,-486.0,185.0,-709.0,-20.0,-55.0
-376.0,211.0,432.0,-18.0,-54.0,-497.0,79.0,-563.0,45.0,-116.0
-298.0,581.0,484.0,-72.0,-19.0,-404.0,87.0,-513.0,95.0,-134.0
-220.0,818.0,493.0,-124.0,12.0,-245.0,91.0,-559.0,135.0,-109.0
-140.0,845.0,476.0,-155.0,19.0,-166.0,77.0,-543.0,187.0,-59.0
-67.0,785.0,453.0,-193.0,0.0,-333.0,262.0,-561.0,270.0,12.0
-22.0,791.0,446.0,-235.0,-27.0,-344.0,456.0,-424.0,356.0,98.0
13.0,843.0,387.0,-259.0,-26.0,-365.0,262.0,-408.0,419.0,182.0
56.0,806.0,348.0,-211.0,7.0,-473.0,-42.0,-404.0,480.0,254.0
99.0,555.0,310.0,-121.0,41.0,-411.0,-21.0,-373.0,500.0,321.0
144.0,147.0,230.0,-19.0,62.0,-377.0,-41.0,-402.0,474.0,367.0
214.0,-215.0,167.0,103.0,75.0,-327.0,-70.0,-328.0,416.0,352.0
270.0,-409.0,84.0,195.0,84.0,-334.0,2.0,-376.0,312.0,313.0
292.0,-374.0,4.0,275.0,67.0,-402.0,-14.0,-345.0,188.0,268.0
288.0,-142.0,-62.0,332.0,21.0,-250.0,17.0,-362.0,57.0,189.0
279.0,81.0,-124.0,359.0,-37.0,-154.0,57.0,-354.0,-41.0,118.0
269.0,88.0,-180.0,392.0,-100.0,-172.0,35.0,-282.0,-127.0,52.0
265.0,-101.0,-239.0,394.0,-141.0,-182.0,29.0,-388.0,-230.0,-10.0
290.0,-309.0,-280.0,408.0,-153.0,-239.0,-168.0,-349.0,-360.0,-50.0
326.0,-401.0,-305.0,390.0,-143.0,-217.0,-68.0,-406.0,-528.0,-94.0
375.0,-360.0,-334.0,326.0,-119.0,-105.0,280.0,-461.0,-711.0,-109.0
408.0,-255.0,-347.0,227.0,-70.0,37.0,214.0,-428.0,-892.0,-112.0
413.0,-122.0,-346.0,84.0,0.0,47.0,-30.0,-421.0,-1029.0,-155.0
393.0,79.0,-391.0,-49.0,58.0,-66.0,-46.0,-360.0,-1119.0,-167.0
366.0,343.0,-392.0,-208.0,79.0,-56.0,115.0,-487.0,-1176.0,-166.0
317.0,505.0,-404.0,-331.0,69.0,27.0,-40.0,-558.0,-1192.0,-192.0
255.0,350.0,-496.0,-461.0,58.0,-31.0,9.0,-615.0,-1188.0,-221.0
235.0,-197.0,-490.0,-570.0,60.0,-160.0,252.0,-497.0,-1150.0,-246.0
222.0,-948.0,-489.0,-605.0,74.0,-115.0,137.0,-258.0,-1104.0,-239.0
217.0,-1518.0,-528.0,-628.0,91.0,20.0,-15.0,-127.0,-1044.0,-243.0
200.0,-1738.0,-513.0,-626.0,105.0,58.0,-19.0,168.0,-939.0,-243.0
166.0,-1784.0,-520.0,-594.0,116.0,-26.0,67.0,134.0,-788.0,-224.0
106.0,-1828.0,-523.0,-471.0,121.0,-147.0,144.0,166.0,-578.0,-220.0
26.0,-1894.0,-508.0,-352.0,121.0,-212.0,268.0,149.0,-360.0,-212.0
-24.0,-1931.0,-491.0,-235.0,105.0,-276.0,81.0,-70.0,-172.0,-197.0
-74.0,-1821.0,-463.0,-138.0,67.0,-297.0,68.0,-42.0,-33.0,-150.0
-109.0,-1458.0,-412.0,-92.0,10.0,-157.0,190.0,-351.0,66.0,-115.0
-145.0,-926.0,-380.0,-29.0,-44.0,-58.0,73.0,-469.0,133.0,-89.0
-159.0,-454.0,-354.0,10.0,-68.0,-118.0,375.0,-299.0,186.0,-36.0
-179.0,-225.0,-294.0,58.0,-69.0,-201.0,456.0,11.0,247.0,3.0
-214.0,-275.0,-270.0,96.0,-56.0,-314.0,91.0,290.0,309.0,23.0
-225.0,-405.0,-243.0,97.0,-26.0,-258.0,38.0,234.0,383.0,50.0
-254.0,-335.0,-204.0,111.0,10.0,-120.0,239.0,251.0,421.0,90.0
-282.0,-7.0,-191.0,144.0,28.0,-108.0,235.0,72.0,416.0,131.0
-313.0,373.0,-197.0,154.0,14.0,-31.0,296.0,-72.0,380.0,168.0
-324.0,623.0,-200.0,162.0,-24.0,-110.0,307.0,-88.0,333.0,215.0
-327.0,862.0,-230.0,146.0,-65.0,-164.0,45.0,-81.0,297.0,273.0
-352.0,1235.0,-310.0,92.0,-83.0,-11.0,199.0,-16.0,252.0,328.0
-374.0,1570.0,-361.0,44.0,-76.0,20.0,408.0,-112.0,242.0,379.0
-392.0,1596.0,-421.0,-6.0,-45.0,18.0,382.0,-169.0,259.0,437.0
-387.0,1283.0,-481.0,-41.0,-8.0,-64.0,360.0,-208.0,290.0,512.0
-384.0,809.0,-519.0,-82.0,9.0,-140.0,367.0,-181.0,317.0,521.0
-364.0,407.0,-564.0,-115.0,12.0,-133.0,300.0,-273.0,305.0,511.0
-323.0,269.0,-589.0,-124.0,13.0,-151.0,77.0,-476.0,283.0,508.0
-298.0,422.0,-606.0,-154.0,12.0,-63.0,175.0,-495.0,264.0,437.0
-256.0,637.0,-614.0,-138.0,0.0,-47.0,467.0,-561.0,291.0,390.0
-212.0,585.0,-626.0,-95.0,-16.0,-197.0,495.0,-495.0,337.0,340.0
-181.0,245.0,-610.0,-72.0,-14.0,-289.0,24.0,-397.0,378.0,319.0
-153.0,-91.0,-596.0,-34.0,7.0,-265.0,-76.0,-262.0,411.0,367.0
-105.0,-205.0,-582.0,-32.0,36.0,-193.0,350.0,-79.0,399.0,400.0
-29.0,-175.0,-542.0,-55.0,58.0,-118.0,311.0,-101.0,373.0,455.0
21.0,-188.0,-511.0,-87.0,67.0,-142.0,219.0,109.0,330.0,541.0
69.0,-209.0,-459.0,-113.0,58.0,-250.0,136.0,59.0,313.0,614.0
102.0,-139.0,-428.0,-138.0,40.0,-338.0,10.0,-125.0,330.0,641.0
110.0,-9.0,-394.0,-169.0,15.0,-331.0,146.0,-110.0,377.0,636.0
114.0,156.0,-335.0,-148.0,-18.0,-241.0,318.0,-218.0,460.0,675.0
96.0,356.0,-302.0,-150.0,-43.0,-206.0,319.0,-127.0,536.0,674.0
98.0,483.0,-253.0,-156.0,-53.0,-247.0,271.0,-166.0,594.0,580.0
118.0,411.0,-203.0,-159.0,-55.0,-242.0,174.0,-96.0,591.0,525.0
121.0,157.0,-183.0,-178.0,-57.0,-102.0,310.0,60.0,532.0,478.0
119.0,-111.0,-171.0,-235.0,-68.0,-43.0,659.0,138.0,442.0,340.0
109.0,-249.0,-129.0,-320.0,-84.0,-141.0,405.0,203.0,337.0,164.0
99.0,-329.0,-96.0,-353.0,-99.0,-190.0,-28.0,59.0,234.0,67.0
83.0,-470.0,-99.0,-406.0,-111.0,-164.0,136.0,107.0,142.0,-32.0
50.0,-655.0,-81.0,-418.0,-127.0,-160.0,472.0,-49.0,63.0,-168.0
51.0,-742.0,-34.0,-401.0,-150.0,-182.0,287.0,-169.0,-46.0,-201.0
79.0,-652.0,-25.0,-406.0,-170.0,-106.0,96.0,-136.0,-168.0,-152.0
109.0,-408.0,-54.0,-398.0,-168.0,-52.0,35.0,-199.0,-300.0,-132.0
138.0,-82.0,-33.0,-386.0,-134.0,-130.0,-52.0,-175.0,-429.0,-134.0
165.0,114.0,-17.0,-363.0,-88.0,-115.0,166.0,-288.0,-521.0,-48.0
178.0,78.0,-34.0,-352.0,-63.0,19.0,138.0,-219.0,-571.0,55.0
150.0,-32.0,-5.0,-316.0,-77.0,98.0,-43.0,-295.0,-591.0,92.0
105.0,-85.0,12.0,-297.0,-110.0,93.0,42.0,-391.0,-613.0,143.0
55.0,-79.0,10.0,-321.0,-144.0,-25.0,130.0,-339.0,-628.0,239.0
39.0,-11.0,26.0,-305.0,-171.0,-64.0,188.0,-373.0,-642.0,291.0
13.0,136.0,25.0,-278.0,-187.0,-48.0,280.0,-214.0,-666.0,274.0
-14.0,310.0,26.0,-260.0,-205.0,-172.0,32.0,-144.0,-691.0,312.0
-30.0,444.0,16.0,-201.0,-230.0,-191.0,-361.0,3.0,-706.0,385.0
-75.0,530.0,-5.0,-146.0,-248.0,-59.0,-216.0,49.0,-703.0,420.0
-121.0,550.0,0.0,-88.0,-236.0,16.0,29.0,-70.0,-679.0,467.0
-193.0,427.0,-24.0,-11.0,-190.0,10.0,-39.0,-218.0,-616.0,580.0
-248.0,141.0,-32.0,43.0,-140.0,4.0,-136.0,-471.0,-542.0,693.0
-285.0,-191.0,-32.0,99.0,-109.0,-25.0,-271.0,-330.0,-488.0,738.0
-326.0,-464.0,-67.0,165.0,-98.0,-11.0,-238.0,-208.0,-454.0,786.0
-356.0,-654.0,-79.0,228.0,-91.0,-37.0,-54.0,-310.0,-458.0,847.0
-371.0,-695.0,-126.0,280.0,-69.0,-66.0,-113.0,-508.0,-445.0,832.0
-364.0,-608.0,-145.0,345.0,-38.0,-27.0,-163.0,-873.0,-394.0,766.0
-355.0,-473.0,-138.0,390.0,-7.0,-38.0,-134.0,-881.0,-310.0,718.0
-361.0,-285.0,-175.0,412.0,22.0,-28.0,-106.0,-716.0,-181.0,662.0
-363.0,-48.0,-186.0,436.0,47.0,-38.0,-190.0,-338.0,-43.0,538.0
-344.0,172.0,-193.0,445.0,68.0,-104.0,-216.0,57.0,95.0,389.0
-324.0,322.0,-226.0,434.0,88.0,-160.0,-30.0,129.0,230.0,296.0
-292.0,495.0,-265.0,377.0,105.0,-64.0,-19.0,317.0,351.0,185.0
-265.0,803.0,-294.0,297.0,114.0,60.0,4.0,184.0,454.0,36.0
-226.0,1101.0,-312.0,214.0,109.0,66.0,188.0,-9.0,528.0,-58.0
-205.0,1174.0,-349.0,134.0,114.0,87.0,400.0,-84.0,590.0,-112.0
-207.0,1005.0,-361.0,41.0,144.0,244.0,409.0,-158.0,635.0,-192.0
-199.0,712.0,-375.0,-53.0,195.0,396.0,418.0,-66.0,670.0,-294.0
-187.0,390.0,-394.0,-125.0,250.0,338.0,561.0,-195.0,686.0,-340.0
-153.0,48.0,-391.0,-170.0,288.0,234.0,391.0,-206.0,669.0,-370.0
-97.0,-303.0,-395.0,-197.0,287.0,198.0,210.0,-164.0,648.0,-431.0
-19.0,-636.0,-381.0,-215.0,257.0,180.0,366.0,-77.0,616.0,-478.0
37.0,-935.0,-359.0,-170.0,223.0,102.0,538.0,212.0,595.0,-481.0
86.0,-1172.0,-323.0,-93.0,192.0,98.0,535.0,504.0,596.0,-484.0
101.0,-1288.0,-268.0,-25.0,162.0,182.0,480.0,724.0,596.0,-553.0
109.0,-1213.0,-212.0,48.0,127.0,221.0,395.0,674.0,618.0,-599.0
135.0,-1054.0,-160.0,114.0,99.0,208.0,446.0,733.0,642.0,-630.0
163.0,-1029.0,-114.0,145.0,96.0,206.0,597.0,805.0,647.0,-711.0
229.0,-1173.0,-64.0,179.0,113.0,197.0,651.0,818.0,623.0,-820.0
292.0,-1281.0,-40.0,235.0,147.0,158.0,564.0,731.0,570.0,-926.0
354.0,-1135.0,-18.0,266.0,177.0,142.0,491.0,325.0,501.0,-1038.0
390.0,-747.0,-7.0,270.0,189.0,175.0,570.0,155.0,424.0,-1205.0
404.0,-266.0,-18.0,242.0,189.0,230.0,543.0,136.0,364.0,-1364.0
398.0,256.0,-18.0,231.0,188.0,93.0,477.0,210.0,315.0,-1459.0
374.0,814.0,-22.0,219.0,194.0,30.0,384.0,349.0,286.0,-1534.0
351.0,1245.0,-34.0,197.0,194.0,189.0,331.0,406.0,272.0,-1616.0
326.0,1433.0,-40.0,184.0,174.0,298.0,395.0,473.0,270.0,-1627.0
301.0,1474.0,-37.0,159.0,142.0,260.0,435.0,515.0,260.0,-1599.0
262.0,1452.0,-32.0,141.0,111.0,209.0,499.0,737.0,257.0,-1594.0
224.0,1421.0,-21.0,135.0,83.0,237.0,534.0,796.0,277.0,-1545.0
152.0,1423.0,-11.0,145.0,45.0,126.0,511.0,788.0,315.0,-1427.0
80.0,1441.0,16.0,128.0,7.0,50.0,436.0,713.0,401.0,-1250.0
1.0,1400.0,52.0,96.0,0.0,128.0,484.0,417.0,477.0,-1075.0
-54.0,1236.0,89.0,70.0,30.0,183.0,529.0,330.0,541.0,-855.0
-82.0,961.0,132.0,30.0,74.0,182.0,388.0,171.0,581.0,-593.0
-108.0,683.0,155.0,-12.0,118.0,146.0,303.0,157.0,585.0,-357.0
-94.0,518.0,198.0,-78.0,158.0,223.0,458.0,291.0,579.0,-131.0
-88.0,427.0,226.0,-119.0,191.0,287.0,622.0,376.0,515.0,64.0
-63.0,262.0,247.0,-98.0,208.0,221.0,447.0,613.0,430.0,262.0
-54.0,-35.0,283.0,-83.0,195.0,212.0,332.0,659.0,348.0,424.0
-49.0,-423.0,297.0,-61.0,171.0,198.0,373.0,698.0,254.0,549.0
-38.0,-818.0,358.0,-42.0,131.0,160.0,361.0,667.0,148.0,704.0
-43.0,-1082.0,404.0,-69.0,61.0,178.0,373.0,515.0,20.0,859.0
-51.0,-1151.0,442.0,-144.0,-28.0,209.0,403.0,402.0,-127.0,997.0
-72.0,-1126.0,507.0,-224.0,-92.0,238.0,438.0,192.0,-288.0,1138.0
-69.0,-1061.0,526.0,-298.0,-98.0,150.0,336.0,105.0,-436.0,1284.0
-86.0,-899.0,570.0,-386.0,-63.0,114.0,289.0,-55.0,-554.0,1399.0
-92.0,-631.0,632.0,-443.0,-26.0,254.0,313.0,-46.0,-606.0,1466.0
-101.0,-385.0,666.0,-477.0,-14.0,264.0,311.0,81.0,-600.0,1521.0
-116.0,-289.0,715.0,-510.0,-29.0,311.0,288.0,-44.0,-574.0,1538.0
-125.0,-349.0,757.0,-531.0,-62.0,384.0,206.0,-60.0,-524.0,1485.0
-142.0,-481.0,756.0,-526.0,-97.0,314.0,196.0,-79.0,-472.0,1412.0
-133.0,-479.0,737.0,-487.0,-122.0,327.0,206.0,-83.0,-446.0,1353.0
-107.0,-197.0,722.0,-439.0,-132.0,267.0,165.0,-107.0,-421.0,1301.0
-48.0,268.0,704.0,-378.0,-135.0,260.0,118.0,-86.0,-379.0,1257.0
4.0,732.0,671.0,-296.0,-140.0,342.0,85.0,84.0,-322.0,1250.0
49.0,1101.0,643.0,-188.0,-130.0,237.0,19.0,219.0,-237.0,1269.0
92.0,1271.0,604.0,-102.0,-107.0,254.0,79.0,262.0,-141.0,1283.0
131.0,1107.0,550.0,-29.0,-98.0,459.0,131.0,24.0,-59.0,1289.0
157.0,668.0,496.0,34.0,-126.0,490.0,49.0,-155.0,4.0,1299.0
182.0,209.0,415.0,44.0,-190.0,374.0,-25.0,-247.0,30.0,1311.0
233.0,-54.0,351.0,51.0,-257.0,349.0,-82.0,-229.0,31.0,1273.0
261.0,-123.0,268.0,54.0,-302.0,342.0,-6.0,-105.0,43.0,1234.0
270.0,-107.0,195.0,57.0,-325.0,294.0,47.0,-140.0,66.0,1203.0
251.0,-85.0,131.0,91.0,-334.0,134.0,157.0,48.0,104.0,1135.0
232.0,-44.0,48.0,166.0,-327.0,44.0,292.0,123.0,159.0,1055.0
227.0,110.0,-12.0,247.0,-291.0,150.0,196.0,201.0,203.0,959.0
233.0,408.0,-80.0,302.0,-237.0,160.0,-13.0,327.0,229.0,857.0
234.0,818.0,-137.0,363.0,-182.0,196.0,-110.0,266.0,228.0,743.0
224.0,1203.0,-200.0,426.0,-138.0,240.0,40.0,424.0,199.0,611.0
220.0,1408.0,-249.0,480.0,-107.0,256.0,146.0,415.0,138.0,490.0
201.0,1405.0,-286.0,535.0,-83.0,206.0,145.0,352.0,92.0,363.0
186.0,1223.0,-330.0,581.0,-51.0,59.0,160.0,221.0,55.0,207.0
182.0,878.0,-365.0,619.0,-3.0,22.0,170.0,20.0,11.0,76.0
190.0,431.0,-396.0,695.0,43.0,0.0,260.0,70.0,-42.0,-18.0
194.0,71.0,-415.0,758.0,74.0,46.0,319.0,175.0,-157.0,-103.0
205.0,-75.0,-427.0,785.0,90.0,114.0,338.0,458.0,-293.0,-165.0
222.0,-67.0,-421.0,765.0,96.0,136.0,330.0,532.0,-447.0,-179.0
227.0,-53.0,-416.0,657.0,105.0,98.0,230.0,423.0,-604.0,-144.0
221.0,-176.0,-407.0,563.0,121.0,51.0,183.0,295.0,-721.0,-118.0
200.0,-470.0,-385.0,463.0,141.0,160.0,191.0,83.0,-808.0,-76.0
169.0,-848.0,-347.0,363.0,174.0,260.0,158.0,59.0,-872.0,-7.0
130.0,-1116.0,-288.0,305.0,222.0,223.0,124.0,25.0,-918.0,27.0
97.0,-1166.0,-221.0,263.0,273.0,157.0,88.0,94.0,-938.0,21.0
67.0,-1028.0,-160.0,253.0,305.0,157.0,160.0,125.0,-951.0,-7.0
38.0,-738.0,-77.0,254.0,312.0,111.0,244.0,210.0,-941.0,-69.0
18.0,-309.0,15.0,276.0,312.0,20.0,182.0,367.0,-892.0,-172.0
3.0,241.0,71.0,301.0,310.0,-8.0,250.0,321.0,-807.0,-286.0
-15.0,828.0,143.0,357.0,289.0,60.0,364.0,367.0,-691.0,-379.0
-44.0,1313.0,199.0,392.0,248.0,179.0,344.0,227.0,-570.0,-455.0
-94.0,1592.0,239.0,379.0,200.0,231.0,302.0,153.0,-449.0,-524.0
-129.0,1667.0,268.0,405.0,153.0,177.0,237.0,123.0,-326.0,-573.0
-133.0,1531.0,286.0,394.0,103.0,146.0,158.0,-60.0,-225.0,-582.0
-119.0,1121.0,318.0,346.0,46.0,70.0,126.0,49.0,-145.0,-557.0
-72.0,527.0,325.0,320.0,-9.0,33.0,133.0,168.0,-52.0,-553.0
-26.0,14.0,342.0,241.0,-58.0,153.0,75.0,303.0,36.0,-532.0
9.0,-257.0,347.0,145.0,-98.0,136.0,14.0,391.0,141.0,-449.0
18.0,-324.0,355.0,90.0,-129.0,45.0,134.0,508.0,268.0,-360.0
18.0,-302.0,355.0,52.0,-154.0,-5.0,222.0,607.0,402.0,-264.0
34.0,-276.0,366.0,-11.0,-162.0,53.0,193.0,587.0,525.0,-170.0
63.0,-228.0,403.0,-102.0,-140.0,180.0,203.0,674.0,621.0,-65.0
102.0,-235.0,413.0,-138.0,-78.0,246.0,76.0,574.0,698.0,40.0
151.0,-424.0,457.0,-197.0,19.0,283.0,68.0,563.0,743.0,104.0
212.0,-686.0,475.0,-276.0,121.0,381.0,249.0,450.0,784.0,175.0
252.0,-846.0,501.0,-345.0,207.0,458.0,278.0,314.0,828.0,248.0
279.0,-885.0,522.0,-422.0,269.0,455.0,105.0,413.0,865.0,292.0
296.0,-812.0,514.0,-448.0,294.0,522.0,-81.0,362.0,892.0,332.0
284.0,-562.0,535.0,-462.0,295.0,494.0,23.0,497.0,917.0,384.0
262.0,-156.0,541.0,-430.0,286.0,418.0,147.0,463.0,913.0,420.0
249.0,264.0,566.0,-394.0,281.0,386.0,209.0,314.0,876.0,411.0
227.0,529.0,582.0,-363.0,288.0,382.0,249.0,386.0,835.0,399.0
229.0,582.0,587.0,-325.0,297.0,429.0,195.0,404.0,763.0,379.0
239.0,591.0,593.0,-262.0,300.0,354.0,277.0,587.0,694.0,346.0
238.0,675.0,560.0,-165.0,297.0,332.0,287.0,705.0,650.0,323.0
225.0,727.0,512.0,-72.0,284.0,439.0,139.0,740.0,614.0,298.0
185.0,652.0,444.0,62.0,266.0,352.0,132.0,667.0,588.0,288.0
141.0,512.0,345.0,182.0,246.0,225.0,193.0,432.0,562.0,272.0
86.0,408.0,215.0,301.0,221.0,252.0,132.0,325.0,540.0,248.0
60.0,426.0,109.0,404.0,202.0,335.0,111.0,266.0,499.0,258.0
47.0,533.0,18.0,444.0,182.0,340.0,181.0,460.0,445.0,288.0
54.0,594.0,-84.0,416.0,165.0,294.0,71.0,642.0,403.0,324.0
79.0,556.0,-134.0,354.0,141.0,339.0,21.0,631.0,357.0,365.0
110.0,426.0,-177.0,273.0,98.0,295.0,219.0,631.0,304.0,410.0
150.0,203.0,-239.0,179.0,53.0,281.0,85.0,587.0,243.0,434.0
174.0,-54.0,-253.0,87.0,33.0,235.0,-73.0,652.0,179.0,415.0
224.0,-256.0,-248.0,2.0,44.0,211.0,155.0,691.0,93.0,392.0
269.0,-407.0,-223.0,-23.0,55.0,273.0,112.0,763.0,-3.0,373.0
327.0,-593.0,-169.0,-54.0,35.0,210.0,20.0,726.0,-102.0,333.0
389.0,-812.0,-110.0,-45.0,-23.0,261.0,61.0,607.0,-205.0,291.0
466.0,-922.0,-40.0,-2.0,-98.0,198.0,20.0,604.0,-290.0,286.0
534.0,-869.0,44.0,48.0,-159.0,70.0,166.0,487.0,-345.0,281.0
573.0,-771.0,137.0,129.0,-201.0,68.0,168.0,561.0,-361.0,274.0
617.0,-642.0,212.0,179.0,-236.0,93.0,21.0,582.0,-342.0,299.0
623.0,-440.0,304.0,266.0,-265.0,162.0,23.0,556.0,-302.0,340.0
633.0,-256.0,395.0,343.0,-271.0,103.0,31.0,620.0,-268.0,380.0
626.0,-125.0,452.0,394.0,-252.0,93.0,-6.0,567.0,-213.0,410.0
630.0,106.0,538.0,461.0,-214.0,206.0,54.0,644.0,-141.0,454.0
633.0,477.0,603.0,490.0,-178.0,262.0,169.0,569.0,-62.0,488.0
627.0,821.0,635.0,481.0,-166.0,245.0,102.0,556.0,33.0,488.0
626.0,979.0,671.0,453.0,-174.0,125.0,7.0,606.0,114.0,461.0
616.0,877.0,691.0,469.0,-181.0,45.0,-74.0,550.0,189.0,409.0
624.0,573.0,679.0,453.0,-160.0,30.0,-130.0,598.0,253.0,351.0
606.0,268.0,657.0,427.0,-113.0,-50.0,-193.0,498.0,300.0,261.0
578.0,98.0,634.0,446.0,-69.0,-71.0,-249.0,436.0,301.0,177.0
559.0,-12.0,594.0,432.0,-49.0,-109.0,-32.0,232.0,252.0,86.0
554.0,-186.0,558.0,436.0,-44.0,-154.0,57.0,57.0,169.0,-29.0
536.0,-386.0,513.0,441.0,-40.0,-63.0,-172.0,48.0,58.0,-127.0
500.0,-450.0,469.0,435.0,-35.0,-32.0,-306.0,-25.0,-53.0,-225.0
451.0,-413.0,421.0,436.0,-47.0,-25.0,-200.0,125.0,-161.0,-319.0
393.0,-456.0,379.0,429.0,-98.0,-64.0,-110.0,269.0,-244.0,-413.0
339.0,-586.0,338.0,397.0,-171.0,-100.0,-188.0,454.0,-325.0,-495.0
274.0,-714.0,287.0,385.0,-223.0,27.0,-87.0,491.0,-410.0,-566.0
227.0,-796.0,248.0,367.0,-222.0,62.0,44.0,447.0,-494.0,-636.0
201.0,-776.0,180.0,302.0,-172.0,48.0,-124.0,576.0,-587.0,-684.0
167.0,-604.0,123.0,238.0,-98.0,9.0,-223.0,493.0,-668.0,-714.0
108.0,-363.0,86.0,164.0,-16.0,-85.0,-200.0,522.0,-730.0,-721.0
54.0,-98.0,45.0,113.0,56.0,-129.0,-116.0,504.0,-787.0,-702.0
12.0,126.0,14.0,25.0,104.0,-170.0,75.0,426.0,-846.0,-649.0
-26.0,255.0,4.0,-58.0,133.0,-45.0,42.0,480.0,-911.0,-563.0
-63.0,381.0,-2.0,-107.0,153.0,44.0,-54.0,391.0,-970.0,-460.0
-108.0,528.0,-8.0,-186.0,168.0,17.0,127.0,423.0,-1008.0,-368.0
-137.0,723.0,-3.0,-257.0,184.0,27.0,394.0,419.0,-1017.0,-304.0
-138.0,940.0,10.0,-342.0,201.0,4.0,351.0,358.0,-968.0,-279.0
-148.0,1078.0,18.0,-398.0,223.0,12.0,151.0,319.0,-873.0,-290.0
-172.0,1164.0,10.0,-422.0,233.0,-77.0,216.0,328.0,-713.0,-342.0
-192.0,1191.0,28.0,-416.0,206.0,1.0,183.0,373.0,-519.0,-445.0
-214.0,1052.0,13.0,-366.0,149.0,256.0,126.0,260.0,-319.0,-577.0
-236.0,831.0,5.0,-307.0,74.0,252.0,314.0,327.0,-118.0,-711.0
-257.0,629.0,-1.0,-260.0,-2.0,262.0,273.0,321.0,64.0,-821.0
-267.0,370.0,-7.0,-269.0,-53.0,263.0,-4.0,310.0,218.0,-900.0
-302.0,102.0,-4.0,-289.0,-66.0,143.0,-79.0,412.0,332.0,-912.0
-324.0,-124.0,-16.0,-306.0,-49.0,-27.0,160.0,522.0,440.0,-877.0
-333.0,-387.0,14.0,-328.0,-16.0,-173.0,312.0,807.0,536.0,-813.0
-364.0,-704.0,4.0,-317.0,24.0,-27.0,172.0,844.0,605.0,-722.0
-379.0,-968.0,8.0,-280.0,81.0,129.0,51.0,768.0,644.0,-634.0
-368.0,-1041.0,13.0,-207.0,145.0,250.0,223.0,576.0,675.0,-531.0
-340.0,-839.0,-14.0,-126.0,186.0,253.0,275.0,408.0,671.0,-422.0
-328.0,-443.0,-14.0,-71.0,201.0,121.0,-66.0,388.0,657.0,-296.0
-309.0,-23.0,-45.0,0.0,193.0,76.0,-23.0,319.0,654.0,-166.0
-274.0,336.0,-56.0,69.0,167.0,-82.0,204.0,489.0,650.0,-27.0
-242.0,578.0,-59.0,114.0,129.0,7.0,-25.0,594.0,662.0,101.0
-212.0,610.0,-79.0,131.0,92.0,204.0,-178.0,811.0,666.0,204.0
-184.0,390.0,-91.0,130.0,69.0,250.0,10.0,1075.0,715.0,302.0
-135.0,71.0,-109.0,107.0,47.0,242.0,271.0,1097.0,769.0,365.0
-73.0,-162.0,-124.0,66.0,13.0,189.0,327.0,1060.0,814.0,446.0
-5.0,-172.0,-152.0,31.0,-22.0,303.0,127.0,776.0,868.0,516.0
57.0,-28.0,-172.0,11.0,-42.0,267.0,-124.0,602.0,900.0,561.0
99.0,59.0,-189.0,11.0,-50.0,247.0,-78.0,408.0,935.0,595.0
119.0,116.0,-212.0,23.0,-58.0,285.0,238.0,166.0,984.0,593.0
135.0,149.0,-217.0,54.0,-73.0,226.0,366.0,208.0,1026.0,583.0
138.0,74.0,-215.0,73.0,-99.0,175.0,172.0,327.0,1057.0,553.0
148.0,-80.0,-242.0,89.0,-142.0,39.0,-3.0,493.0,1082.0,561.0
180.0,-105.0,-247.0,87.0,-191.0,-66.0,38.0,426.0,1075.0,578.0
236.0,72.0,-253.0,93.0,-221.0,-118.0,-10.0,395.0,1053.0,587.0
299.0,281.0,-272.0,121.0,-221.0,20.0,48.0,426.0,1024.0,626.0
361.0,381.0,-261.0,136.0,-198.0,158.0,277.0,487.0,988.0,650.0
417.0,294.0,-277.0,158.0,-162.0,100.0,165.0,796.0,962.0,674.0
466.0,73.0,-266.0,184.0,-123.0,97.0,-128.0,903.0,934.0,706.0
504.0,-150.0,-240.0,215.0,-81.0,126.0,-79.0,1019.0,912.0,747.0
514.0,-255.0,-225.0,201.0,-48.0,162.0,209.0,953.0,872.0,797.0
543.0,-263.0,-180.0,204.0,-30.0,138.0,216.0,761.0,821.0,849.0
562.0,-241.0,-124.0,193.0,-20.0,12.0,76.0,635.0,774.0,909.0
567.0,-232.0,-73.0,137.0,-13.0,-10.0,86.0,343.0,713.0,965.0
580.0,-280.0,-32.0,84.0,-8.0,8.0,68.0,341.0,643.0,1009.0
582.0,-186.0,28.0,25.0,-3.0,47.0,-114.0,360.0,571.0,1031.0
575.0,121.0,85.0,3.0,7.0,66.0,-115.0,541.0,502.0,1032.0
558.0,471.0,137.0,-34.0,27.0,29.0,105.0,842.0,430.0,997.0
531.0,751.0,207.0,-49.0,49.0,82.0,56.0,774.0,359.0,937.0
495.0,876.0,278.0,-48.0,59.0,109.0,-153.0,720.0,295.0,835.0
472.0,872.0,343.0,-51.0,55.0,148.0,-256.0,572.0,207.0,715.0
463.0,816.0,408.0,-1.0,31.0,126.0,-346.0,484.0,79.0,604.0
456.0,702.0,481.0,67.0,-8.0,46.0,-400.0,389.0,-59.0,456.0
463.0,500.0,543.0,134.0,-50.0,-41.0,-285.0,184.0,-213.0,295.0
479.0,226.0,594.0,230.0,-86.0,-92.0,-302.0,145.0,-349.0,127.0
490.0,-186.0,650.0,328.0,-104.0,-4.0,-416.0,145.0,-453.0,-40.0
498.0,-705.0,685.0,408.0,-98.0,-64.0,-344.0,306.0,-544.0,-221.0
482.0,-1042.0,753.0,501.0,-66.0,-74.0,-331.0,421.0,-598.0,-425.0
447.0,-1035.0,807.0,609.0,-22.0,102.0,-498.0,532.0,-608.0,-595.0
405.0,-791.0,800.0,688.0,3.0,329.0,-739.0,713.0,-580.0,-766.0
382.0,-530.0,829.0,712.0,-2.0,351.0,-846.0,785.0,-512.0,-926.0
354.0,-414.0,829.0,762.0,-30.0,142.0,-765.0,805.0,-420.0,-1049.0
299.0,-410.0,807.0,775.0,-66.0,42.0,-602.0,672.0,-324.0,-1158.0
244.0,-320.0,789.0,754.0,-97.0,-62.0,-451.0,469.0,-224.0,-1251.0
177.0,-108.0,766.0,750.0,-117.0,-87.0,-386.0,153.0,-131.0,-1324.0
101.0,105.0,742.0,700.0,-113.0,-77.0,-604.0,48.0,-53.0,-1355.0
0.0,283.0,717.0,633.0,-93.0,-22.0,-853.0,120.0,18.0,-1369.0
-101.0,360.0,688.0,553.0,-68.0,-8.0,-820.0,157.0,76.0,-1388.0
-181.0,287.0,648.0,483.0,-38.0,-93.0,-768.0,443.0,131.0,-1412.0
-243.0,181.0,637.0,436.0,0.0,-88.0,-729.0,591.0,172.0,-1435.0
-292.0,136.0,606.0,416.0,46.0,-107.0,-713.0,685.0,200.0,-1455.0
-345.0,132.0,584.0,417.0,100.0,-10.0,-629.0,733.0,230.0,-1499.0
-379.0,182.0,574.0,403.0,146.0,104.0,-599.0,620.0,268.0,-1538.0
-393.0,238.0,545.0,424.0,163.0,132.0,-719.0,508.0,286.0,-1565.0
-395.0,229.0,546.0,472.0,154.0,18.0,-770.0,338.0,282.0,-1614.0
-381.0,224.0,534.0,480.0,133.0,-31.0,-684.0,336.0,245.0,-1666.0
-355.0,266.0,522.0,532.0,109.0,93.0,-454.0,264.0,172.0,-1670.0
-309.0,296.0,523.0,612.0,84.0,106.0,-356.0,234.0,100.0,-1654.0
-257.0,323.0,508.0,643.0,46.0,106.0,-529.0,251.0,16.0,-1637.0
-215.0,380.0,489.0,636.0,0.0,-59.0,-668.0,271.0,-63.0,-1599.0
-165.0,449.0,488.0,558.0,-41.0,-126.0,-573.0,458.0,-130.0,-1527.0
-119.0,547.0,463.0,472.0,-74.0,103.0,-490.0,395.0,-180.0,-1416.0
-47.0,641.0,427.0,346.0,-91.0,189.0,-537.0,522.0,-200.0,-1294.0
27.0,655.0,418.0,202.0,-109.0,162.0,-623.0,763.0,-202.0,-1142.0
81.0,603.0,391.0,102.0,-124.0,164.0,-728.0,790.0,-192.0,-973.0
133.0,520.0,348.0,-13.0,-129.0,208.0,-700.0,768.0,-169.0,-814.0
173.0,445.0,315.0,-79.0,-125.0,146.0,-427.0,583.0,-112.0,-656.0
209.0,394.0,301.0,-129.0,-107.0,111.0,-278.0,474.0,-37.0,-487.0
207.0,326.0,275.0,-159.0,-78.0,200.0,-325.0,280.0,50.0,-327.0
215.0,163.0,254.0,-167.0,-33.0,186.0,-244.0,109.0,151.0,-185.0
247.0,-51.0,250.0,-179.0,15.0,114.0,-177.0,123.0,241.0,-42.0
288.0,-113.0,227.0,-159.0,55.0,27.0,-222.0,188.0,321.0,90.0
326.0,54.0,210.0,-148.0,81.0,42.0,-248.0,360.0,396.0,228.0
374.0,285.0,173.0,-148.0,95.0,49.0,-182.0,378.0,450.0,356.0
430.0,371.0,173.0,-162.0,109.0,-29.0,-40.0,421.0,500.0,467.0
442.0,322.0,145.0,-177.0,124.0,22.0,-81.0,485.0,542.0,558.0
464.0,273.0,124.0,-237.0,126.0,76.0,-385.0,609.0,565.0,613.0
450.0,194.0,145.0,-310.0,108.0,11.0,-462.0,759.0,585.0,628.0
434.0,15.0,105.0,-352.0,77.0,-110.0,-321.0,600.0,582.0,604.0
458.0,-178.0,125.0,-424.0,55.0,-169.0,-124.0,495.0,573.0,566.0
490.0,-294.0,124.0,-470.0,61.0,-194.0,65.0,280.0,554.0,496.0
542.0,-277.0,130.0,-532.0,88.0,-249.0,-174.0,107.0,523.0,415.0
575.0,-45.0,155.0,-581.0,129.0,-248.0,-319.0,72.0,491.0,321.0
584.0,356.0,143.0,-602.0,169.0,-65.0,-229.0,-9.0,447.0,215.0
568.0,690.0,161.0,-615.0,199.0,150.0,-179.0,103.0,400.0,125.0
551.0,821.0,157.0,-543.0,223.0,126.0,-67.0,70.0,349.0,34.0
510.0,789.0,168.0,-483.0,252.0,8.0,-177.0,114.0,320.0,-30.0
460.0,597.0,186.0,-443.0,279.0,-73.0,-262.0,123.0,295.0,-56.0
453.0,310.0,219.0,-370.0,287.0,-102.0,-247.0,127.0,282.0,-42.0
439.0,17.0,219.0,-288.0,280.0,-164.0,-222.0,293.0,277.0,-8.0
408.0,-250.0,231.0,-217.0,266.0,-131.0,-46.0,271.0,278.0,41.0
367.0,-481.0,253.0,-157.0,240.0,6.0,68.0,371.0,317.0,76.0
322.0,-646.0,233.0,-77.0,190.0,22.0,53.0,347.0,351.0,91.0
256.0,-691.0,246.0,-10.0,119.0,-36.0,-156.0,208.0,379.0,93.0
182.0,-626.0,245.0,65.0,46.0,-66.0,-362.0,64.0,386.0,57.0
116.0,-512.0,231.0,152.0,-15.0,-5.0,-164.0,-36.0,369.0,27.0
69.0,-484.0,212.0,206.0,-63.0,-16.0,129.0,-18.0,341.0,24.0
43.0,-600.0,183.0,263.0,-95.0,-50.0,197.0,-75.0,306.0,14.0
33.0,-716.0,159.0,318.0,-116.0,-135.0,88.0,97.0,280.0,19.0
44.0,-738.0,115.0,359.0,-136.0,-307.0,-115.0,212.0,230.0,63.0
30.0,-699.0,78.0,411.0,-160.0,-390.0,-109.0,343.0,176.0,132.0
12.0,-604.0,55.0,474.0,-173.0,-327.0,25.0,530.0,121.0,206.0
-27.0,-392.0,20.0,536.0,-157.0,-175.0,111.0,602.0,49.0,278.0
-75.0,-73.0,5.0,589.0,-117.0,-101.0,121.0,718.0,-39.0,370.0
-104.0,205.0,-4.0,645.0,-76.0,0.0,-4.0,569.0,-147.0,455.0
-133.0,283.0,-16.0,671.0,-44.0,95.0,-31.0,452.0,-241.0,515.0
-144.0,206.0,-17.0,632.0,-22.0,-35.0,57.0,258.0,-308.0,592.0
-158.0,125.0,-2.0,580.0,-9.0,-251.0,139.0,-24.0,-362.0,665.0
-157.0,71.0,6.0,508.0,-6.0,-260.0,15.0,-60.0,-387.0,697.0
-158.0,49.0,18.0,436.0,-6.0,-95.0,-202.0,-7.0,-396.0,714.0
-136.0,136.0,65.0,392.0,-6.0,69.0,-217.0,303.0,-397.0,699.0
-110.0,357.0,101.0,342.0,-2.0,43.0,-168.0,543.0,-395.0,660.0
-92.0,653.0,164.0,298.0,11.0,-78.0,-104.0,642.0,-376.0,601.0
-65.0,950.0,220.0,270.0,38.0,-56.0,-109.0,556.0,-361.0,515.0
-26.0,1106.0,270.0,262.0,75.0,43.0,-71.0,290.0,-363.0,441.0
12.0,999.0,322.0,269.0,105.0,226.0,20.0,225.0,-350.0,355.0
43.0,720.0,349.0,293.0,117.0,287.0,-141.0,88.0,-338.0,233.0
95.0,420.0,401.0,345.0,114.0,161.0,-238.0,94.0,-336.0,119.0
145.0,209.0,426.0,387.0,103.0,37.0,74.0,105.0,-329.0,12.0
214.0,143.0,466.0,394.0,86.0,-71.0,275.0,177.0,-308.0,-105.0
247.0,143.0,485.0,410.0,70.0,-98.0,20.0,406.0,-282.0,-177.0
288.0,96.0,488.0,399.0,61.0,-141.0,-116.0,343.0,-252.0,-214.0
340.0,4.0,503.0,326.0,49.0,-205.0,-53.0,502.0,-221.0,-256.0
380.0,-74.0,476.0,245.0,18.0,-124.0,-95.0,500.0,-190.0,-307.0
411.0,-154.0,455.0,155.0,-40.0,-16.0,57.0,332.0,-141.0,-374.0
413.0,-309.0,437.0,53.0,-119.0,-26.0,277.0,391.0,-90.0,-448.0
457.0,-545.0,412.0,-29.0,-196.0,-70.0,211.0,253.0,-30.0,-549.0
472.0,-753.0,376.0,-82.0,-253.0,-83.0,48.0,240.0,18.0,-634.0
471.0,-837.0,357.0,-127.0,-273.0,-96.0,-121.0,247.0,40.0,-669.0
473.0,-806.0,312.0,-171.0,-247.0,-106.0,-213.0,181.0,74.0,-681.0
468.0,-714.0,256.0,-228.0,-182.0,-165.0,7.0,186.0,80.0,-663.0
450.0,-635.0,204.0,-262.0,-87.0,-308.0,278.0,219.0,99.0,-622.0
417.0,-650.0,122.0,-281.0,11.0,-472.0,327.0,363.0,147.0,-586.0
357.0,-771.0,57.0,-224.0,87.0,-419.0,327.0,467.0,182.0,-568.0
283.0,-849.0,-13.0,-111.0,132.0,-129.0,207.0,506.0,228.0,-595.0
225.0,-766.0,-93.0,-27.0,144.0,-14.0,40.0,397.0,260.0,-635.0
151.0,-589.0,-140.0,109.0,125.0,-184.0,186.0,341.0,257.0,-654.0
110.0,-478.0,-187.0,184.0,88.0,-332.0,356.0,332.0,228.0,-702.0
58.0,-535.0,-251.0,249.0,36.0,-214.0,201.0,212.0,181.0,-764.0
32.0,-671.0,-262.0,290.0,-22.0,-34.0,-13.0,206.0,117.0,-797.0
26.0,-736.0,-287.0,235.0,-76.0,-66.0,119.0,223.0,27.0,-843.0
6.0,-710.0,-317.0,202.0,-126.0,-102.0,464.0,354.0,-67.0,-881.0
0.0,-606.0,-322.0,117.0,-172.0,-100.0,436.0,358.0,-152.0,-867.0
-12.0,-360.0,-349.0,34.0,-204.0,-171.0,146.0,197.0,-217.0,-808.0
-3.0,29.0,-374.0,-21.0,-217.0,-200.0,-51.0,35.0,-256.0,-715.0
-6.0,406.0,-386.0,-42.0,-214.0,-85.0,77.0,-236.0,-280.0,-608.0
0.0,618.0,-386.0,-55.0,-211.0,-28.0,338.0,-240.0,-288.0,-461.0
17.0,680.0,-394.0,-78.0,-214.0,-142.0,238.0,-290.0,-272.0,-297.0
33.0,706.0,-388.0,-31.0,-211.0,-199.0,190.0,-195.0,-243.0,-173.0
28.0,721.0,-372.0,10.0,-204.0,-182.0,197.0,25.0,-192.0,-71.0
-5.0,639.0,-366.0,66.0,-191.0,-252.0,94.0,-129.0,-122.0,8.0
-35.0,421.0,-354.0,144.0,-179.0,-504.0,43.0,-157.0,-35.0,69.0
-80.0,118.0,-339.0,241.0,-158.0,-479.0,-69.0,-304.0,66.0,126.0
-115.0,-159.0,-336.0,284.0,-123.0,-211.0,-4.0,-424.0,161.0,195.0
-147.0,-281.0,-327.0,304.0,-83.0,-209.0,216.0,-389.0,246.0,265.0
-160.0,-234.0,-301.0,356.0,-41.0,-273.0,236.0,-404.0,297.0,317.0
-164.0,-94.0,-292.0,332.0,3.0,-198.0,3.0,-280.0,337.0,345.0
-175.0,60.0,-272.0,297.0,47.0,54.0,-128.0,-273.0,371.0,361.0
-175.0,162.0,-243.0,241.0,77.0,212.0,-27.0,-182.0,394.0,366.0
-190.0,154.0,-232.0,211.0,93.0,169.0,60.0,-199.0,406.0,349.0
-209.0,24.0,-203.0,207.0,98.0,30.0,-1.0,-273.0,407.0,352.0
-208.0,-132.0,-175.0,190.0,96.0,-161.0,-127.0,-227.0,405.0,383.0
-189.0,-213.0,-157.0,201.0,93.0,-274.0,67.0,-249.0,389.0,412.0
-180.0,-192.0,-114.0,211.0,98.0,-279.0,266.0,-134.0,392.0,435.0
-172.0,-111.0,-82.0,242.0,113.0,-209.0,180.0,-195.0,386.0,444.0
-144.0,40.0,-35.0,279.0,130.0,-187.0,229.0,-256.0,371.0,450.0
-116.0,299.0,9.0,283.0,141.0,-110.0,138.0,-330.0,369.0,453.0
-100.0,548.0,52.0,249.0,139.0,-5.0,-60.0,-504.0,340.0,434.0
-69.0,668.0,111.0,233.0,115.0,61.0,113.0,-546.0,305.0,434.0
-27.0,612.0,155.0,208.0,80.0,65.0,319.0,-618.0,268.0,437.0
8.0,380.0,225.0,186.0,47.0,-27.0,229.0,-563.0,206.0,412.0
41.0,53.0,283.0,186.0,26.0,-21.0,91.0,-533.0,130.0,377.0
56.0,-220.0,328.0,175.0,15.0,38.0,141.0,-415.0,51.0,353.0
79.0,-310.0,381.0,156.0,13.0,14.0,169.0,-360.0,-34.0,315.0
75.0,-208.0,430.0,118.0,24.0,-58.0,59.0,-371.0,-129.0,243.0
57.0,-61.0,458.0,104.0,58.0,-8.0,140.0,-164.0,-209.0,174.0
37.0,-23.0,490.0,102.0,107.0,39.0,218.0,-121.0,-302.0,94.0
15.0,-19.0,502.0,116.0,148.0,-44.0,-56.0,-44.0,-387.0,18.0
20.0,108.0,469.0,133.0,163.0,-81.0,-253.0,-134.0,-479.0,-66.0
30.0,278.0,453.0,117.0,154.0,-135.0,-212.0,-325.0,-575.0,-145.0
46.0,302.0,394.0,76.0,130.0,-158.0,-90.0,-397.0,-621.0,-213.0
26.0,193.0,320.0,79.0,88.0,-112.0,208.0,-541.0,-653.0,-292.0
11.0,96.0,256.0,135.0,28.0,25.0,250.0,-421.0,-672.0,-349.0
10.0,19.0,194.0,174.0,-32.0,211.0,-194.0,-456.0,-677.0,-405.0
-4.0,-71.0,148.0,215.0,-74.0,247.0,-340.0,-580.0,-679.0,-439.0
-18.0,-57.0,107.0,242.0,-89.0,265.0,95.0,-596.0,-664.0,-478.0
-29.0,166.0,88.0,229.0,-82.0,302.0,241.0,-694.0,-630.0,-490.0
-19.0,481.0,60.0,185.0,-66.0,301.0,-132.0,-648.0,-574.0,-452.0
-9.0,722.0,29.0,149.0,-47.0,227.0,-265.0,-635.0,-502.0,-424.0
-10.0,829.0,8.0,95.0,-28.0,127.0,-147.0,-412.0,-413.0,-401.0
-26.0,833.0,-8.0,26.0,-22.0,87.0,-82.0,-147.0,-324.0,-388.0
-60.0,798.0,-31.0,0.0,-40.0,0.0,65.0,-96.0,-247.0,-397.0
-100.0,691.0,-32.0,-19.0,-84.0,-8.0,23.0,-142.0,-182.0,-457.0
-142.0,511.0,-36.0,-31.0,-129.0,187.0,-164.0,-423.0,-148.0,-509.0
-195.0,343.0,-50.0,-24.0,-156.0,324.0,-143.0,-672.0,-120.0,-538.0
-243.0,209.0,-33.0,13.0,-161.0,277.0,-183.0,-940.0,-93.0,-572.0
-270.0,49.0,-50.0,83.0,-133.0,279.0,-297.0,-849.0,-92.0,-589.0
-302.0,-181.0,-58.0,167.0,-69.0,297.0,-264.0,-489.0,-99.0,-606.0
-343.0,-467.0,-30.0,210.0,12.0,196.0,-76.0,-219.0,-109.0,-605.0
-405.0,-801.0,-36.0,211.0,80.0,64.0,-49.0,83.0,-121.0,-612.0
-478.0,-1132.0,-31.0,190.0,115.0,50.0,-351.0,83.0,-133.0,-625.0
-550.0,-1356.0,-18.0,134.0,129.0,273.0,-361.0,70.0,-150.0,-591.0
-605.0,-1443.0,-40.0,82.0,135.0,419.0,-32.0,-110.0,-179.0,-546.0
-641.0,-1434.0,-41.0,36.0,126.0,272.0,-35.0,-419.0,-217.0,-504.0
-674.0,-1344.0,-65.0,-6.0,103.0,116.0,-232.0,-541.0,-227.0,-443.0
-685.0,-1161.0,-87.0,-43.0,74.0,81.0,-227.0,-602.0,-219.0,-362.0
-707.0,-924.0,-90.0,-105.0,61.0,62.0,-324.0,-415.0,-188.0,-273.0
-723.0,-718.0,-131.0,-183.0,74.0,66.0,-324.0,-363.0,-146.0,-190.0
-730.0,-627.0,-136.0,-234.0,91.0,80.0,7.0,-258.0,-117.0,-89.0
-735.0,-598.0,-164.0,-276.0,88.0,34.0,-78.0,-96.0,-87.0,18.0
-725.0,-515.0,-201.0,-313.0,60.0,91.0,-476.0,-147.0,-81.0,91.0
-716.0,-393.0,-216.0,-336.0,14.0,100.0,-317.0,-203.0,-97.0,149.0
-685.0,-370.0,-246.0,-347.0,-46.0,37.0,32.0,-343.0,-111.0,226.0
-643.0,-503.0,-248.0,-368.0,-103.0,17.0,-177.0,-279.0,-117.0,302.0
-587.0,-621.0,-261.0,-367.0,-146.0,4.0,-455.0,-254.0,-120.0,358.0
-516.0,-547.0,-283.0,-363.0,-174.0,85.0,-328.0,-264.0,-119.0,408.0
-451.0,-325.0,-298.0,-364.0,-187.0,2.0,-174.0,-153.0,-106.0,453.0
-388.0,-141.0,-316.0,-332.0,-191.0,-71.0,-212.0,-169.0,-73.0,444.0
-315.0,-51.0,-334.0,-320.0,-188.0,-66.0,-270.0,-101.0,-39.0,381.0
-260.0,-11.0,-349.0,-292.0,-195.0,-53.0,-56.0,-66.0,-31.0,316.0
-220.0,-2.0,-356.0,-266.0,-210.0,-101.0,52.0,-7.0,-6.0,227.0
-176.0,18.0,-365.0,-204.0,-237.0,-272.0,-149.0,-151.0,28.0,119.0
-156.0,69.0,-387.0,-154.0,-268.0,-230.0,-99.0,-254.0,68.0,38.0
-121.0,158.0,-378.0,-127.0,-288.0,-187.0,219.0,-225.0,99.0,-41.0
-77.0,319.0,-365.0,-92.0,-299.0,-189.0,322.0,-583.0,98.0,-102.0
-30.0,604.0,-370.0,-111.0,-303.0,-210.0,45.0,-685.0,97.0,-140.0
21.0,932.0,-342.0,-137.0,-294.0,-198.0,-31.0,-724.0,68.0,-165.0
87.0,1187.0,-338.0,-194.0,-251.0,-153.0,56.0,-807.0,30.0,-151.0
165.0,1382.0,-315.0,-220.0,-180.0,-148.0,-34.0,-626.0,-10.0,-127.0
224.0,1438.0,-290.0,-297.0,-101.0,-93.0,96.0,-517.0,-60.0,-98.0
269.0,1270.0,-270.0,-351.0,-21.0,-167.0,303.0,-349.0,-95.0,-41.0
284.0,960.0,-243.0,-413.0,47.0,-179.0,179.0,-243.0,-121.0,3.0
302.0,639.0,-217.0,-497.0,101.0,-237.0,-111.0,-194.0,-134.0,17.0
307.0,331.0,-191.0,-503.0,135.0,-363.0,-119.0,-345.0,-160.0,57.0
302.0,70.0,-194.0,-533.0,156.0,-375.0,-176.0,-495.0,-186.0,128.0
305.0,-70.0,-176.0,-446.0,169.0,-342.0,-311.0,-408.0,-204.0,198.0
309.0,-191.0,-201.0,-392.0,183.0,-229.0,-98.0,-474.0,-225.0,275.0
319.0,-397.0,-240.0,-306.0,208.0,-184.0,37.0,-382.0,-229.0,372.0
316.0,-619.0,-261.0,-189.0,230.0,-70.0,-58.0,-430.0,-210.0,453.0
308.0,-717.0,-301.0,-97.0,239.0,-39.0,-165.0,-633.0,-170.0,496.0
283.0,-642.0,-334.0,17.0,226.0,-114.0,-95.0,-733.0,-128.0,512.0
247.0,-410.0,-348.0,92.0,189.0,-60.0,24.0,-977.0,-100.0,528.0
208.0,-84.0,-348.0,209.0,137.0,-18.0,23.0,-1058.0,-98.0,536.0
156.0,200.0,-348.0,228.0,86.0,18.0,-38.0,-1117.0,-113.0,514.0
122.0,343.0,-329.0,297.0,48.0,-35.0,-124.0,-1060.0,-165.0,511.0
116.0,333.0,-310.0,361.0,26.0,35.0,-156.0,-958.0,-222.0,510.0
117.0,217.0,-298.0,343.0,21.0,139.0,-202.0,-873.0,-245.0,489.0
108.0,54.0,-284.0,356.0,30.0,68.0,-229.0,-729.0,-255.0,455.0
96.0,-85.0,-270.0,311.0,49.0,26.0,-56.0,-755.0,-246.0,446.0
82.0,-161.0,-278.0,251.0,65.0,25.0,-83.0,-694.0,-232.0,443.0
63.0,-184.0,-248.0,167.0,62.0,82.0,-481.0,-770.0,-225.0,407.0
21.0,-203.0,-226.0,87.0,30.0,-25.0,-444.0,-800.0,-206.0,398.0
-20.0,-241.0,-226.0,14.0,-11.0,-86.0,-112.0,-726.0,-193.0,414.0
-41.0,-257.0,-172.0,-78.0,-46.0,-57.0,-123.0,-702.0,-176.0,444.0
-67.0,-264.0,-150.0,-150.0,-71.0,-85.0,-314.0,-491.0,-153.0,477.0
-96.0,-279.0,-118.0,-194.0,-82.0,-39.0,-314.0,-428.0,-149.0,525.0
-142.0,-259.0,-46.0,-220.0,-79.0,70.0,-168.0,-184.0,-120.0,568.0
-199.0,-209.0,-13.0,-231.0,-59.0,331.0,-168.0,38.0,-76.0,559.0
-265.0,-135.0,27.0,-242.0,-33.0,298.0,-161.0,-35.0,-9.0,504.0
-332.0,18.0,55.0,-224.0,-12.0,120.0,-255.0,-59.0,62.0,425.0
-398.0,206.0,47.0,-147.0,-7.0,135.0,-396.0,-373.0,121.0,320.0
-455.0,333.0,64.0,-67.0,-10.0,212.0,-444.0,-617.0,181.0,183.0
-514.0,398.0,55.0,-9.0,-16.0,253.0,-286.0,-835.0,202.0,47.0
-574.0,387.0,51.0,67.0,-22.0,169.0,-29.0,-1029.0,208.0,-69.0
-625.0,333.0,44.0,126.0,-21.0,218.0,-287.0,-905.0,192.0,-172.0
-689.0,295.0,4.0,138.0,-3.0,168.0,-489.0,-892.0,157.0,-280.0
-729.0,214.0,-19.0,134.0,32.0,68.0,-135.0,-752.0,100.0,-347.0
-752.0,55.0,-50.0,115.0,64.0,24.0,152.0,-711.0,41.0,-383.0
-763.0,-74.0,-59.0,71.0,82.0,-30.0,-129.0,-759.0,-16.0,-439.0
-768.0,-21.0,-88.0,13.0,93.0,55.0,-386.0,-722.0,-98.0,-484.0
-758.0,234.0,-93.0,-35.0,106.0,110.0,-129.0,-859.0,-158.0,-516.0
-746.0,531.0,-76.0,-67.0,113.0,275.0,-144.0,-1012.0,-201.0,-538.0
-750.0,716.0,-69.0,-66.0,102.0,228.0,-337.0,-1103.0,-220.0,-578.0
-747.0,747.0,-31.0,-60.0,80.0,13.0,-230.0,-912.0,-226.0,-612.0
-750.0,702.0,18.0,-33.0,60.0,41.0,-52.0,-779.0,-233.0,-624.0
-713.0,624.0,74.0,1.0,51.0,137.0,-144.0,-755.0,-227.0,-650.0
-670.0,439.0,123.0,49.0,31.0,230.0,-349.0,-855.0,-235.0,-687.0
-627.0,143.0,200.0,152.0,-9.0,118.0,-349.0,-942.0,-256.0,-709.0
-581.0,-248.0,256.0,222.0,-70.0,102.0,-431.0,-628.0,-302.0,-704.0
-532.0,-720.0,313.0,259.0,-134.0,145.0,-218.0,-533.0,-355.0,-718.0
-474.0,-1210.0,383.0,276.0,-192.0,15.0,220.0,-473.0,-397.0,-743.0
-440.0,-1587.0,410.0,262.0,-229.0,-65.0,-48.0,-528.0,-433.0,-750.0
-391.0,-1742.0,466.0,252.0,-237.0,-114.0,-670.0,-679.0,-443.0,-756.0
-342.0,-1667.0,491.0,228.0,-213.0,-45.0,-552.0,-585.0,-418.0,-774.0
-287.0,-1390.0,483.0,150.0,-162.0,-112.0,48.0,-657.0,-380.0,-773.0
-213.0,-1066.0,482.0,34.0,-119.0,-196.0,51.0,-598.0,-331.0,-750.0
-153.0,-831.0,453.0,-70.0,-92.0,-150.0,-199.0,-655.0,-280.0,-737.0
-99.0,-647.0,405.0,-216.0,-84.0,-194.0,-57.0,-761.0,-251.0,-725.0
-47.0,-435.0,333.0,-364.0,-89.0,-203.0,68.0,-752.0,-226.0,-699.0
-11.0,-160.0,258.0,-484.0,-99.0,-208.0,-136.0,-846.0,-214.0,-660.0
7.0,144.0,157.0,-605.0,-103.0,-112.0,-224.0,-726.0,-201.0,-633.0
15.0,467.0,56.0,-702.0,-83.0,-77.0,-68.0,-744.0,-181.0,-572.0
26.0,745.0,-44.0,-749.0,-48.0,-169.0,-87.0,-763.0,-183.0,-459.0
35.0,893.0,-163.0,-731.0,-10.0,-218.0,-228.0,-703.0,-175.0,-346.0
24.0,1002.0,-264.0,-755.0,20.0,-410.0,-213.0,-654.0,-158.0,-234.0
21.0,1181.0,-381.0,-707.0,42.0,-488.0,-126.0,-552.0,-144.0,-105.0
26.0,1343.0,-462.0,-654.0,51.0,-383.0,-267.0,-572.0,-122.0,27.0
15.0,1307.0,-551.0,-593.0,47.0,-318.0,-222.0,-456.0,-86.0,127.0
3.0,1080.0,-626.0,-478.0,45.0,-342.0,207.0,-545.0,-50.0,224.0
-12.0,779.0,-644.0,-394.0,61.0,-375.0,74.0,-672.0,-16.0,356.0
-34.0,403.0,-682.0,-187.0,102.0,-262.0,-402.0,-746.0,24.0,483.0
-47.0,-72.0,-668.0,-101.0,155.0,-259.0,-5.0,-912.0,59.0,579.0
-69.0,-620.0,-646.0,-3.0,192.0,-342.0,475.0,-764.0,96.0,657.0
-75.0,-1113.0,-631.0,80.0,203.0,-418.0,-37.0,-548.0,127.0,746.0
-84.0,-1401.0,-588.0,92.0,204.0,-383.0,-440.0,-282.0,155.0,805.0
-102.0,-1448.0,-572.0,161.0,205.0,-222.0,-233.0,-188.0,179.0,818.0
-122.0,-1275.0,-560.0,80.0,195.0,-300.0,-127.0,-254.0,177.0,817.0
-160.0,-956.0,-539.0,34.0,171.0,-435.0,4.0,-192.0,164.0,805.0
-193.0,-565.0,-544.0,-40.0,147.0,-470.0,297.0,-155.0,138.0,789.0
-221.0,-155.0,-558.0,-93.0,140.0,-403.0,226.0,-48.0,107.0,763.0
-229.0,166.0,-546.0,-131.0,161.0,-384.0,-221.0,-84.0,56.0,746.0
-241.0,381.0,-560.0,-187.0,199.0,-462.0,-285.0,-181.0,-30.0,722.0
-240.0,535.0,-567.0,-223.0,231.0,-440.0,70.0,-195.0,-119.0,686.0
-217.0,638.0,-587.0,-308.0,245.0,-459.0,-41.0,-267.0,-200.0,649.0
-217.0,622.0,-610.0,-314.0,229.0,-368.0,-358.0,-360.0,-273.0,600.0
-232.0,434.0,-607.0,-351.0,190.0,-315.0,-190.0,-419.0,-339.0,556.0
-249.0,130.0,-635.0,-338.0,145.0,-340.0,76.0,-417.0,-402.0,525.0
-261.0,-218.0,-644.0,-262.0,95.0,-272.0,-1.0,-598.0,-466.0,513.0
-269.0,-521.0,-661.0,-204.0,42.0,-345.0,-180.0,-683.0,-534.0,517.0
-264.0,-707.0,-661.0,-89.0,-19.0,-351.0,-82.0,-648.0,-593.0,554.0
-273.0,-795.0,-668.0,41.0,-88.0,-318.0,-61.0,-657.0,-626.0,602.0
-293.0,-821.0,-665.0,190.0,-149.0,-323.0,-238.0,-439.0,-637.0,646.0
-315.0,-778.0,-623.0,321.0,-200.0,-232.0,-204.0,-345.0,-614.0,691.0
-348.0,-654.0,-591.0,449.0,-250.0,-100.0,-12.0,-221.0,-545.0,715.0
-390.0,-459.0,-531.0,543.0,-306.0,-92.0,-64.0,-110.0,-474.0,733.0
-429.0,-189.0,-468.0,557.0,-358.0,-344.0,-250.0,-188.0,-400.0,714.0
-458.0,141.0,-393.0,557.0,-395.0,-466.0,-180.0,-155.0,-323.0,678.0
-487.0,551.0,-309.0,521.0,-413.0,-394.0,-95.0,-269.0,-263.0,606.0
-517.0,992.0,-219.0,461.0,-417.0,-333.0,-158.0,-358.0,-202.0,501.0
-539.0,1248.0,-116.0,418.0,-416.0,-351.0,-164.0,-489.0,-142.0,417.0
-526.0,1153.0,7.0,377.0,-414.0,-401.0,-15.0,-679.0,-103.0,306.0
-514.0,796.0,102.0,346.0,-408.0,-275.0,14.0,-702.0,-95.0,201.0
-509.0,323.0,201.0,323.0,-387.0,-254.0,-115.0,-652.0,-102.0,94.0
-501.0,-185.0,315.0,291.0,-341.0,-390.0,18.0,-443.0,-129.0,-28.0
-486.0,-573.0,356.0,280.0,-278.0,-406.0,66.0,-441.0,-159.0,-140.0
-467.0,-713.0,433.0,277.0,-207.0,-367.0,-221.0,-463.0,-179.0,-258.0
-459.0,-618.0,460.0,259.0,-133.0,-365.0,-147.0,-528.0,-193.0,-355.0
-445.0,-395.0,457.0,239.0,-64.0,-396.0,186.0,-630.0,-218.0,-423.0
-441.0,-194.0,480.0,219.0,-7.0,-425.0,177.0,-439.0,-258.0,-477.0
-442.0,-138.0,450.0,169.0,39.0,-438.0,-18.0,-413.0,-317.0,-512.0
-455.0,-185.0,443.0,69.0,83.0,-333.0,-134.0,-458.0,-396.0,-511.0
-449.0,-232.0,409.0,-14.0,121.0,-133.0,-112.0,-556.0,-450.0,-505.0
-431.0,-304.0,348.0,-107.0,141.0,-183.0,-12.0,-678.0,-508.0,-502.0
-420.0,-367.0,285.0,-221.0,139.0,-288.0,59.0,-753.0,-563.0,-494.0
-391.0,-385.0,181.0,-319.0,122.0,-297.0,-3.0,-831.0,-588.0,-471.0
-342.0,-399.0,75.0,-394.0,88.0,-407.0,-130.0,-755.0,-616.0,-446.0
-299.0,-391.0,-31.0,-439.0,35.0,-427.0,-119.0,-781.0,-636.0,-430.0
-254.0,-315.0,-161.0,-499.0,-33.0,-494.0,-130.0,-624.0,-638.0,-377.0
-193.0,-155.0,-242.0,-527.0,-114.0,-464.0,-236.0,-410.0,-625.0,-298.0
-147.0,28.0,-328.0,-550.0,-182.0,-283.0,-292.0,-315.0,-592.0,-214.0
-93.0,136.0,-409.0,-605.0,-224.0,-298.0,-313.0,-194.0,-528.0,-112.0
-61.0,143.0,-425.0,-625.0,-225.0,-363.0,-286.0,-349.0,-464.0,18.0
-28.0,80.0,-482.0,-677.0,-192.0,-413.0,-196.0,-412.0,-409.0,142.0
-6.0,-64.0,-502.0,-711.0,-142.0,-399.0,-180.0,-417.0,-366.0,251.0
13.0,-310.0,-513.0,-691.0,-80.0,-443.0,-294.0,-548.0,-325.0,371.0
55.0,-574.0,-525.0,-678.0,-24.0,-517.0,-353.0,-617.0,-291.0,485.0
81.0,-721.0,-485.0,-641.0,18.0,-484.0,-278.0,-607.0,-268.0,586.0
118.0,-698.0,-490.0,-584.0,52.0,-464.0,-264.0,-480.0,-240.0,662.0
131.0,-585.0,-445.0,-517.0,94.0,-459.0,-360.0,-500.0,-227.0,706.0
142.0,-519.0,-397.0,-455.0,136.0,-516.0,-402.0,-450.0,-200.0,720.0
152.0,-534.0,-381.0,-384.0,156.0,-429.0,-434.0,-509.0,-141.0,693.0
155.0,-555.0,-329.0,-315.0,149.0,-353.0,-450.0,-650.0,-64.0,658.0
142.0,-505.0,-292.0,-266.0,122.0,-419.0,-336.0,-506.0,33.0,624.0
129.0,-376.0,-260.0,-214.0,95.0,-388.0,-196.0,-561.0,129.0,573.0
110.0,-242.0,-241.0,-136.0,72.0,-421.0,-194.0,-498.0,205.0,513.0
68.0,-157.0,-208.0,-100.0,59.0,-482.0,-366.0,-491.0,277.0,453.0
41.0,-120.0,-189.0,-62.0,63.0,-572.0,-481.0,-679.0,316.0,385.0
6.0,-94.0,-170.0,10.0,72.0,-643.0,-382.0,-652.0,315.0,283.0
-8.0,-18.0,-130.0,20.0,75.0,-663.0,-287.0,-657.0,297.0,180.0
-23.0,100.0,-105.0,20.0,74.0,-672.0,-293.0,-580.0,255.0,96.0
-31.0,232.0,-52.0,-24.0,63.0,-510.0,-307.0,-526.0,215.0,24.0
-32.0,409.0,-18.0,-41.0,52.0,-352.0,-322.0,-441.0,168.0,-26.0
-32.0,699.0,10.0,-60.0,58.0,-310.0,-278.0,-388.0,109.0,-53.0
-20.0,1054.0,43.0,-118.0,85.0,-417.0,-297.0,-452.0,50.0,-63.0
-33.0,1316.0,60.0,-145.0,128.0,-510.0,-430.0,-533.0,-20.0,-69.0
-43.0,1401.0,68.0,-195.0,172.0,-462.0,-439.0,-740.0,-94.0,-62.0
-65.0,1331.0,77.0,-215.0,215.0,-457.0,-268.0,-798.0,-164.0,-56.0
-111.0,1135.0,71.0,-277.0,240.0,-420.0,-77.0,-822.0,-241.0,-67.0
-164.0,804.0,58.0,-329.0,240.0,-368.0,-86.0,-727.0,-310.0,-111.0
-233.0,416.0,27.0,-390.0,227.0,-380.0,-187.0,-585.0,-356.0,-157.0
-310.0,104.0,-13.0,-470.0,213.0,-349.0,-168.0,-445.0,-376.0,-178.0
-406.0,-90.0,-37.0,-457.0,202.0,-233.0,-34.0,-238.0,-374.0,-206.0
-502.0,-196.0,-88.0,-452.0,200.0,-135.0,-69.0,-262.0,-378.0,-231.0
-596.0,-249.0,-108.0,-444.0,206.0,-221.0,-280.0,-206.0,-359.0,-219.0
-689.0,-262.0,-139.0,-425.0,205.0,-349.0,-199.0,-378.0,-335.0,-173.0
-747.0,-275.0,-171.0,-423.0,193.0,-308.0,40.0,-617.0,-304.0,-130.0
-789.0,-291.0,-171.0,-442.0,158.0,-256.0,117.0,-596.0,-244.0,-67.0
-818.0,-261.0,-195.0,-471.0,94.0,-268.0,6.0,-770.0,-204.0,33.0
-848.0,-226.0,-176.0,-512.0,11.0,-350.0,-151.0,-681.0,-157.0,135.0
-855.0,-298.0,-172.0,-571.0,-70.0,-390.0,-187.0,-624.0,-114.0,230.0
-845.0,-454.0,-169.0,-629.0,-128.0,-317.0,-107.0,-613.0,-81.0,317.0
-830.0,-567.0,-131.0,-678.0,-159.0,-298.0,-18.0,-424.0,-46.0,391.0
-797.0,-588.0,-124.0,-696.0,-171.0,-274.0,-18.0,-447.0,-22.0,433.0
-751.0,-485.0,-95.0,-703.0,-178.0,-271.0,26.0,-328.0,28.0,445.0
-677.0,-259.0,-62.0,-667.0,-189.0,-287.0,-1.0,-290.0,77.0,445.0
-618.0,-18.0,-32.0,-595.0,-198.0,-227.0,-122.0,-282.0,121.0,411.0
-547.0,147.0,12.0,-524.0,-201.0,-220.0,18.0,-271.0,202.0,372.0
-484.0,220.0,31.0,-459.0,-191.0,-201.0,189.0,-412.0,294.0,347.0
-422.0,208.0,59.0,-359.0,-153.0,-152.0,101.0,-406.0,398.0,303.0
-376.0,129.0,65.0,-187.0,-96.0,-199.0,68.0,-386.0,506.0,246.0
-327.0,-14.0,73.0,-10.0,-51.0,-210.0,184.0,-295.0,605.0,189.0
-245.0,-252.0,69.0,169.0,-32.0,-222.0,250.0,-315.0,715.0,116.0
-177.0,-510.0,31.0,327.0,-35.0,-238.0,186.0,-277.0,808.0,48.0
-93.0,-666.0,19.0,448.0,-56.0,-220.0,-29.0,-199.0,877.0,-6.0
-20.0,-718.0,-29.0,550.0,-92.0,-178.0,-189.0,-258.0,928.0,-53.0
74.0,-740.0,-66.0,582.0,-140.0,-43.0,-132.0,-229.0,951.0,-75.0
161.0,-721.0,-89.0,598.0,-183.0,-62.0,-43.0,-389.0,940.0,-79.0
241.0,-636.0,-148.0,608.0,-212.0,-136.0,20.0,-352.0,912.0,-75.0
320.0,-552.0,-186.0,553.0,-235.0,-79.0,79.0,-301.0,887.0,-64.0
380.0,-528.0,-234.0,508.0,-258.0,-1.0,18.0,-465.0,837.0,-41.0
448.0,-571.0,-291.0,468.0,-293.0,30.0,-40.0,-539.0,786.0,-4.0
495.0,-616.0,-344.0,418.0,-341.0,-62.0,-20.0,-598.0,746.0,-8.0
558.0,-592.0,-419.0,406.0,-377.0,-81.0,-68.0,-362.0,689.0,-13.0
615.0,-501.0,-469.0,373.0,-389.0,-75.0,-57.0,-157.0,615.0,-14.0
670.0,-369.0,-519.0,325.0,-383.0,-98.0,31.0,59.0,535.0,-58.0
718.0,-204.0,-571.0,269.0,-369.0,13.0,110.0,206.0,431.0,-94.0
743.0,36.0,-600.0,186.0,-349.0,31.0,277.0,36.0,306.0,-117.0
759.0,370.0,-637.0,76.0,-320.0,-101.0,272.0,29.0,177.0,-117.0
758.0,735.0,-643.0,-30.0,-279.0,-219.0,43.0,-73.0,47.0,-97.0
749.0,1028.0,-643.0,-119.0,-220.0,-233.0,-34.0,-179.0,-60.0,-70.0
746.0,1184.0,-626.0,-210.0,-152.0,-280.0,46.0,-221.0,-162.0,-31.0
722.0,1203.0,-591.0,-269.0,-86.0,-350.0,132.0,-312.0,-243.0,-5.0
674.0,1111.0,-563.0,-332.0,-20.0,-249.0,227.0,-389.0,-299.0,-8.0
620.0,930.0,-517.0,-379.0,48.0,-253.0,316.0,-524.0,-342.0,-11.0
543.0,716.0,-470.0,-429.0,131.0,-269.0,335.0,-522.0,-363.0,2.0
469.0,519.0,-427.0,-492.0,206.0,-239.0,283.0,-698.0,-366.0,-31.0
367.0,315.0,-386.0,-520.0,249.0,-291.0,185.0,-811.0,-356.0,-61.0
272.0,79.0,-326.0,-573.0,265.0,-154.0,193.0,-703.0,-338.0,-67.0
179.0,-169.0,-283.0,-622.0,261.0,-93.0,290.0,-578.0,-319.0,-72.0
79.0,-337.0,-236.0,-691.0,241.0,-215.0,297.0,-242.0,-286.0,-78.0
-7.0,-367.0,-178.0,-759.0,213.0,-391.0,293.0,49.0,-242.0,-76.0
-102.0,-319.0,-167.0,-780.0,184.0,-594.0,378.0,273.0,-208.0,-22.0
-188.0,-268.0,-115.0,-787.0,149.0,-618.0,461.0,291.0,-199.0,20.0
-293.0,-256.0,-71.0,-717.0,105.0,-544.0,423.0,-24.0,-223.0,44.0
-386.0,-296.0,-66.0,-629.0,59.0,-345.0,378.0,-378.0,-265.0,64.0
-467.0,-353.0,-11.0,-544.0,28.0,-201.0,325.0,-591.0,-300.0,90.0
-517.0,-374.0,33.0,-470.0,20.0,-234.0,226.0,-556.0,-328.0,116.0
-557.0,-368.0,53.0,-399.0,26.0,-173.0,247.0,-445.0,-359.0,137.0
-582.0,-327.0,99.0,-307.0,34.0,-225.0,342.0,-236.0,-393.0,196.0
-580.0,-229.0,125.0,-275.0,46.0,-304.0,378.0,-92.0,-430.0,273.0
-584.0,-77.0,130.0,-208.0,70.0,-276.0,306.0,-192.0,-471.0,341.0
-562.0,109.0,145.0,-142.0,89.0,-258.0,324.0,-251.0,-525.0,382.0
-541.0,309.0,136.0,-114.0,94.0,-166.0,403.0,-254.0,-584.0,415.0
-510.0,485.0,128.0,-83.0,81.0,-209.0,331.0,-158.0,-610.0,410.0
-471.0,564.0,122.0,-22.0,62.0,-219.0,323.0,-238.0,-615.0,346.0
-430.0,495.0,87.0,92.0,54.0,-92.0,353.0,-417.0,-607.0,288.0
-380.0,324.0,73.0,137.0,58.0,-21.0,319.0,-447.0,-571.0,242.0
-331.0,189.0,42.0,172.0,57.0,74.0,365.0,-400.0,-509.0,181.0
-287.0,161.0,-19.0,193.0,38.0,39.0,405.0,-96.0,-412.0,102.0
-236.0,200.0,-67.0,184.0,6.0,-8.0,228.0,3.0,-288.0,45.0
-182.0,238.0,-131.0,184.0,-26.0,62.0,89.0,46.0,-162.0,-37.0
-152.0,255.0,-194.0,176.0,-47.0,66.0,247.0,121.0,-23.0,-179.0
-136.0,276.0,-245.0,191.0,-45.0,143.0,289.0,-49.0,94.0,-319.0
-129.0,271.0,-288.0,229.0,-36.0,211.0,206.0,-123.0,198.0,-446.0
-128.0,218.0,-285.0,262.0,-26.0,130.0,278.0,-216.0,297.0,-575.0
-142.0,168.0,-279.0,292.0,-11.0,81.0,280.0,-282.0,369.0,-707.0
-158.0,122.0,-280.0,321.0,7.0,72.0,210.0,-266.0,432.0,-793.0
-179.0,13.0,-237.0,309.0,24.0,97.0,275.0,-232.0,484.0,-839.0
-188.0,-158.0,-218.0,297.0,34.0,165.0,331.0,-197.0,533.0,-870.0
-184.0,-345.0,-201.0,268.0,49.0,195.0,201.0,-53.0,566.0,-865.0
-192.0,-542.0,-154.0,245.0,70.0,166.0,90.0,121.0,583.0,-815.0
-197.0,-744.0,-141.0,239.0,87.0,273.0,143.0,107.0,599.0,-730.0
-203.0,-930.0,-110.0,253.0,102.0,254.0,199.0,280.0,617.0,-634.0
-202.0,-1070.0,-82.0,303.0,117.0,17.0,148.0,303.0,642.0,-515.0
-208.0,-1175.0,-58.0,331.0,138.0,159.0,119.0,245.0,675.0,-368.0
-214.0,-1266.0,-13.0,399.0,171.0,342.0,163.0,358.0,722.0,-214.0
-217.0,-1313.0,-2.0,480.0,213.0,257.0,130.0,323.0,767.0,-74.0
-215.0,-1301.0,19.0,567.0,259.0,175.0,113.0,593.0,803.0,48.0
-217.0,-1244.0,31.0,650.0,296.0,104.0,110.0,731.0,833.0,167.0
-215.0,-1128.0,51.0,682.0,314.0,154.0,39.0,650.0,851.0,259.0
-206.0,-915.0,72.0,702.0,311.0,232.0,68.0,687.0,859.0,317.0
-196.0,-584.0,86.0,673.0,289.0,260.0,144.0,572.0,847.0,383.0
-186.0,-168.0,114.0,619.0,255.0,274.0,84.0,561.0,807.0,436.0
-197.0,218.0,145.0,541.0,207.0,85.0,-45.0,423.0,754.0,454.0
-222.0,528.0,172.0,407.0,154.0,-46.0,-107.0,267.0,699.0,472.0
-245.0,834.0,208.0,277.0,93.0,230.0,-88.0,260.0,649.0,482.0
-252.0,1126.0,272.0,172.0,19.0,342.0,18.0,251.0,609.0,473.0
-258.0,1324.0,295.0,66.0,-53.0,49.0,154.0,323.0,576.0,440.0
-241.0,1429.0,343.0,-47.0,-119.0,-69.0,147.0,362.0,536.0,409.0
-204.0,1468.0,369.0,-129.0,-166.0,54.0,-29.0,456.0,495.0,372.0
-164.0,1415.0,384.0,-195.0,-193.0,75.0,-109.0,448.0,443.0,307.0
-101.0,1267.0,409.0,-235.0,-207.0,31.0,17.0,471.0,378.0,241.0
-52.0,1091.0,388.0,-269.0,-224.0,15.0,91.0,489.0,308.0,184.0
5.0,944.0,397.0,-320.0,-252.0,-47.0,34.0,515.0,211.0,139.0
71.0,811.0,358.0,-345.0,-288.0,-45.0,32.0,654.0,87.0,87.0
139.0,616.0,330.0,-326.0,-319.0,63.0,138.0,572.0,-29.0,68.0
196.0,370.0,305.0,-269.0,-321.0,221.0,181.0,585.0,-148.0,78.0
246.0,144.0,255.0,-248.0,-282.0,200.0,118.0,598.0,-262.0,80.0
296.0,-57.0,236.0,-239.0,-210.0,6.0,-74.0,661.0,-357.0,95.0
332.0,-197.0,179.0,-238.0,-132.0,-29.0,-275.0,764.0,-422.0,109.0
351.0,-253.0,148.0,-306.0,-54.0,-20.0,-207.0,554.0,-454.0,137.0
354.0,-319.0,114.0,-392.0,9.0,-81.0,-12.0,552.0,-467.0,156.0
364.0,-419.0,55.0,-425.0,43.0,64.0,90.0,528.0,-438.0,167.0
362.0,-445.0,38.0,-479.0,48.0,275.0,62.0,583.0,-396.0,187.0
382.0,-396.0,24.0,-555.0,37.0,173.0,28.0,837.0,-347.0,197.0
395.0,-377.0,3.0,-599.0,20.0,-41.0,37.0,805.0,-319.0,184.0
386.0,-397.0,20.0,-650.0,-3.0,-110.0,-59.0,842.0,-328.0,180.0
387.0,-437.0,44.0,-668.0,-20.0,10.0,-148.0,763.0,-338.0,196.0
387.0,-452.0,52.0,-682.0,-33.0,135.0,-95.0,694.0,-376.0,183.0
390.0,-372.0,84.0,-684.0,-45.0,109.0,-105.0,691.0,-426.0,161.0
385.0,-219.0,111.0,-671.0,-54.0,43.0,-122.0,556.0,-486.0,156.0
390.0,-46.0,113.0,-634.0,-55.0,22.0,35.0,513.0,-557.0,164.0
404.0,115.0,122.0,-555.0,-40.0,50.0,36.0,386.0,-606.0,178.0
427.0,279.0,122.0,-493.0,-10.0,61.0,-140.0,402.0,-626.0,190.0
450.0,529.0,91.0,-400.0,37.0,137.0,-81.0,391.0,-635.0,231.0
469.0,822.0,76.0,-304.0,86.0,269.0,148.0,356.0,-625.0,266.0
487.0,934.0,36.0,-245.0,120.0,285.0,129.0,373.0,-589.0,256.0
502.0,820.0,-20.0,-180.0,133.0,212.0,-51.0,391.0,-556.0,249.0
513.0,637.0,-50.0,-96.0,122.0,302.0,-46.0,517.0,-489.0,247.0
511.0,385.0,-119.0,-38.0,91.0,490.0,-52.0,314.0,-415.0,208.0
516.0,47.0,-183.0,0.0,44.0,442.0,-221.0,229.0,-356.0,139.0
520.0,-233.0,-237.0,35.0,22.0,241.0,-207.0,288.0,-275.0,75.0
530.0,-344.0,-299.0,21.0,36.0,198.0,-104.0,380.0,-176.0,-12.0
539.0,-292.0,-362.0,-5.0,67.0,323.0,-271.0,615.0,-67.0,-139.0
540.0,-189.0,-410.0,-6.0,94.0,340.0,-283.0,563.0,48.0,-273.0
526.0,-203.0,-454.0,-9.0,102.0,276.0,-106.0,593.0,183.0,-400.0
507.0,-318.0,-509.0,8.0,105.0,276.0,-210.0,611.0,331.0,-526.0
493.0,-356.0,-538.0,54.0,103.0,279.0,-190.0,487.0,462.0,-641.0
456.0,-286.0,-550.0,116.0,95.0,258.0,64.0,388.0,581.0,-713.0
424.0,-199.0,-543.0,190.0,87.0,357.0,-85.0,367.0,684.0,-747.0
388.0,-76.0,-527.0,276.0,81.0,513.0,-270.0,465.0,754.0,-774.0
339.0,148.0,-469.0,421.0,79.0,434.0,-26.0,424.0,797.0,-789.0
292.0,388.0,-410.0,579.0,66.0,385.0,-67.0,554.0,816.0,-766.0
251.0,534.0,-345.0,713.0,37.0,416.0,-367.0,576.0,806.0,-717.0
216.0,569.0,-239.0,849.0,3.0,255.0,-210.0,569.0,766.0,-664.0
179.0,543.0,-165.0,963.0,-30.0,233.0,101.0,727.0,702.0,-583.0
157.0,544.0,-58.0,1055.0,-68.0,408.0,57.0,683.0,625.0,-467.0
139.0,560.0,34.0,1092.0,-106.0,453.0,6.0,774.0,539.0,-349.0
122.0,499.0,115.0,1076.0,-147.0,398.0,52.0,709.0,444.0,-228.0
99.0,353.0,205.0,1058.0,-179.0,245.0,-121.0,722.0,328.0,-68.0
68.0,188.0,242.0,998.0,-191.0,151.0,-185.0,903.0,183.0,99.0
36.0,10.0,292.0,924.0,-192.0,374.0,-6.0,881.0,22.0,247.0
6.0,-180.0,327.0,861.0,-191.0,550.0,-52.0,800.0,-148.0,399.0
-20.0,-333.0,322.0,753.0,-197.0,449.0,-290.0,515.0,-290.0,555.0
-40.0,-384.0,346.0,698.0,-202.0,294.0,-261.0,408.0,-407.0,723.0
-46.0,-311.0,355.0,664.0,-190.0,113.0,-67.0,303.0,-498.0,875.0
-56.0,-246.0,330.0,604.0,-154.0,58.0,-21.0,247.0,-561.0,992.0
-66.0,-302.0,332.0,571.0,-117.0,315.0,40.0,380.0,-605.0,1094.0
-74.0,-458.0,313.0,519.0,-98.0,461.0,24.0,363.0,-624.0,1134.0
-56.0,-674.0,290.0,444.0,-98.0,292.0,-124.0,541.0,-649.0,1097.0
-24.0,-842.0,299.0,370.0,-111.0,294.0,-102.0,631.0,-655.0,1034.0
12.0,-868.0,282.0,325.0,-123.0,486.0,-88.0,620.0,-648.0,963.0
61.0,-792.0,285.0,306.0,-127.0,503.0,-105.0,626.0,-639.0,865.0
89.0,-678.0,280.0,266.0,-113.0,335.0,-26.0,504.0,-610.0,763.0
112.0,-559.0,267.0,202.0,-78.0,231.0,0.0,567.0,-570.0,684.0
115.0,-428.0,267.0,152.0,-46.0,398.0,-69.0,609.0,-509.0,607.0
109.0,-228.0,265.0,104.0,-29.0,590.0,34.0,585.0,-456.0,520.0
119.0,32.0,267.0,62.0,-20.0,466.0,217.0,498.0,-399.0,435.0
108.0,352.0,248.0,6.0,-16.0,385.0,82.0,424.0,-356.0,370.0
93.0,741.0,267.0,-79.0,-14.0,584.0,22.0,508.0,-334.0,315.0
81.0,1040.0,240.0,-169.0,-3.0,779.0,60.0,587.0,-310.0,240.0
56.0,1097.0,204.0,-289.0,6.0,775.0,151.0,655.0,-295.0,186.0
23.0,995.0,212.0,-378.0,17.0,475.0,274.0,500.0,-279.0,137.0
-14.0,873.0,176.0,-442.0,41.0,297.0,71.0,491.0,-274.0,39.0
-48.0,736.0,163.0,-514.0,70.0,428.0,161.0,606.0,-251.0,-71.0
-90.0,578.0,156.0,-584.0,89.0,630.0,439.0,604.0,-207.0,-173.0
-147.0,420.0,138.0,-669.0,84.0,761.0,249.0,779.0,-141.0,-282.0
-207.0,278.0,119.0,-715.0,76.0,767.0,-77.0,838.0,-50.0,-408.0
-263.0,206.0,126.0,-731.0,78.0,789.0,-14.0,892.0,24.0,-507.0
-300.0,215.0,125.0,-748.0,92.0,768.0,255.0,807.0,92.0,-558.0
-318.0,269.0,115.0,-733.0,122.0,759.0,168.0,642.0,140.0,-620.0
-316.0,323.0,144.0,-698.0,165.0,694.0,193.0,661.0,191.0,-662.0
-290.0,385.0,129.0,-640.0,215.0,601.0,398.0,648.0,243.0,-662.0
-251.0,504.0,178.0,-543.0,252.0,657.0,315.0,779.0,270.0,-652.0
-208.0,632.0,209.0,-435.0,262.0,691.0,132.0,742.0,301.0,-624.0
-153.0,654.0,190.0,-328.0,234.0,523.0,134.0,731.0,312.0,-585.0
-102.0,534.0,225.0,-239.0,185.0,348.0,438.0,798.0,302.0,-502.0
-40.0,333.0,200.0,-166.0,142.0,448.0,487.0,731.0,292.0,-391.0
22.0,120.0,187.0,-80.0,113.0,523.0,299.0,807.0,259.0,-289.0
79.0,-42.0,146.0,27.0,96.0,510.0,338.0,729.0,220.0,-153.0
133.0,-158.0,75.0,137.0,89.0,429.0,432.0,602.0,183.0,-3.0
179.0,-227.0,13.0,241.0,94.0,379.0,607.0,509.0,140.0,129.0
229.0,-191.0,-87.0,293.0,95.0,455.0,624.0,574.0,110.0,249.0
277.0,-120.0,-177.0,301.0,97.0,491.0,560.0,822.0,98.0,372.0
336.0,-137.0,-270.0,326.0,101.0,569.0,780.0,949.0,90.0,477.0
387.0,-250.0,-371.0,291.0,111.0,559.0,755.0,1045.0,78.0,543.0
440.0,-384.0,-464.0,267.0,120.0,321.0,514.0,982.0,64.0,602.0
485.0,-449.0,-540.0,221.0,111.0,93.0,557.0,944.0,66.0,635.0
520.0,-388.0,-613.0,167.0,93.0,229.0,593.0,774.0,73.0,646.0
539.0,-253.0,-661.0,159.0,76.0,473.0,490.0,515.0,77.0,612.0
547.0,-153.0,-678.0,106.0,58.0,481.0,491.0,546.0,87.0,578.0
569.0,-110.0,-683.0,79.0,40.0,371.0,634.0,569.0,91.0,557.0
560.0,-111.0,-647.0,59.0,37.0,319.0,636.0,672.0,98.0,481.0
544.0,-153.0,-612.0,71.0,47.0,331.0,424.0,668.0,116.0,422.0
517.0,-215.0,-544.0,113.0,62.0,303.0,261.0,644.0,142.0,398.0
485.0,-255.0,-457.0,134.0,76.0,377.0,302.0,759.0,182.0,389.0
444.0,-229.0,-379.0,171.0,78.0,378.0,436.0,731.0,218.0,365.0
408.0,-164.0,-268.0,204.0,58.0,248.0,389.0,750.0,247.0,352.0
364.0,-143.0,-190.0,251.0,17.0,248.0,376.0,672.0,264.0,367.0
315.0,-220.0,-81.0,283.0,-26.0,341.0,366.0,812.0,272.0,332.0
277.0,-341.0,18.0,299.0,-69.0,515.0,215.0,1005.0,271.0,275.0
213.0,-410.0,85.0,331.0,-112.0,713.0,264.0,903.0,242.0,212.0
173.0,-366.0,213.0,329.0,-144.0,700.0,312.0,822.0,189.0,127.0
124.0,-213.0,269.0,304.0,-156.0,471.0,227.0,554.0,107.0,14.0
91.0,16.0,345.0,272.0,-142.0,322.0,211.0,476.0,25.0,-104.0
73.0,300.0,431.0,238.0,-114.0,361.0,199.0,541.0,-26.0,-187.0
61.0,607.0,443.0,212.0,-94.0,555.0,194.0,561.0,-71.0,-293.0
60.0,901.0,505.0,131.0,-98.0,645.0,137.0,635.0,-95.0,-422.0
54.0,1141.0,515.0,82.0,-127.0,433.0,-7.0,650.0,-119.0,-534.0
60.0,1285.0,516.0,53.0,-167.0,306.0,15.0,753.0,-143.0,-626.0
53.0,1365.0,552.0,1.0,-210.0,453.0,91.0,659.0,-145.0,-717.0
66.0,1452.0,501.0,-33.0,-242.0,614.0,3.0,548.0,-136.0,-807.0
74.0,1482.0,495.0,-43.0,-263.0,540.0,-23.0,412.0,-106.0,-856.0
87.0,1344.0,503.0,4.0,-277.0,283.0,17.0,304.0,-66.0,-885.0
108.0,1080.0,447.0,27.0,-285.0,271.0,-92.0,461.0,-31.0,-933.0
125.0,766.0,432.0,65.0,-286.0,434.0,-167.0,450.0,-7.0,-994.0
140.0,468.0,407.0,132.0,-267.0,371.0,-52.0,423.0,19.0,-1042.0
129.0,230.0,364.0,190.0,-238.0,277.0,50.0,402.0,40.0,-1096.0
132.0,0.0,335.0,245.0,-220.0,375.0,87.0,448.0,55.0,-1150.0
150.0,-281.0,305.0,242.0,-216.0,553.0,-126.0,615.0,59.0,-1170.0
177.0,-541.0,267.0,238.0,-205.0,571.0,-215.0,609.0,46.0,-1164.0
209.0,-718.0,218.0,218.0,-175.0,358.0,57.0,545.0,64.0,-1134.0
252.0,-826.0,195.0,193.0,-142.0,290.0,26.0,388.0,102.0,-1092.0
310.0,-839.0,161.0,188.0,-128.0,393.0,-60.0,312.0,157.0,-1011.0
350.0,-799.0,119.0,136.0,-122.0,503.0,84.0,375.0,226.0,-896.0
380.0,-817.0,93.0,51.0,-106.0,542.0,-2.0,467.0,284.0,-775.0
402.0,-873.0,62.0,-3.0,-85.0,366.0,-238.0,448.0,359.0,-627.0
432.0,-899.0,39.0,-39.0,-52.0,231.0,-156.0,286.0,435.0,-451.0
452.0,-908.0,32.0,-48.0,-11.0,276.0,28.0,373.0,503.0,-285.0
452.0,-946.0,15.0,-28.0,35.0,501.0,112.0,389.0,575.0,-155.0
450.0,-1034.0,-5.0,-14.0,89.0,636.0,166.0,334.0,632.0,-47.0
436.0,-1170.0,-11.0,-20.0,138.0,557.0,130.0,314.0,664.0,38.0
423.0,-1280.0,-31.0,-47.0,170.0,465.0,205.0,251.0,679.0,72.0
400.0,-1283.0,-43.0,-67.0,175.0,297.0,183.0,406.0,690.0,71.0
375.0,-1197.0,-52.0,-82.0,174.0,236.0,13.0,445.0,688.0,57.0
353.0,-1082.0,-78.0,-88.0,186.0,256.0,55.0,587.0,665.0,41.0
332.0,-969.0,-113.0,-107.0,198.0,331.0,157.0,635.0,618.0,1.0
324.0,-861.0,-143.0,-94.0,201.0,398.0,183.0,517.0,548.0,-48.0
311.0,-700.0,-184.0,-64.0,194.0,285.0,237.0,587.0,482.0,-74.0
295.0,-381.0,-221.0,-56.0,179.0,189.0,228.0,460.0,396.0,-102.0
273.0,75.0,-255.0,-48.0,147.0,308.0,213.0,511.0,300.0,-142.0
258.0,547.0,-302.0,-60.0,96.0,509.0,271.0,511.0,207.0,-159.0
241.0,964.0,-317.0,-5.0,44.0,411.0,248.0,386.0,95.0,-151.0
233.0,1316.0,-354.0,4.0,11.0,224.0,253.0,458.0,-20.0,-149.0
235.0,1580.0,-371.0,-13.0,4.0,227.0,381.0,412.0,-140.0,-140.0
230.0,1718.0,-357.0,-7.0,13.0,308.0,436.0,397.0,-244.0,-115.0
219.0,1675.0,-348.0,-68.0,35.0,340.0,394.0,506.0,-326.0,-83.0
200.0,1454.0,-319.0,-111.0,66.0,320.0,514.0,654.0,-397.0,-74.0
173.0,1157.0,-279.0,-134.0,89.0,267.0,626.0,515.0,-434.0,-78.0
147.0,872.0,-232.0,-108.0,88.0,226.0,511.0,369.0,-442.0,-61.0
129.0,639.0,-182.0,-85.0,68.0,223.0,416.0,426.0,-436.0,-71.0
123.0,465.0,-113.0,-39.0,44.0,230.0,357.0,460.0,-400.0,-95.0
123.0,333.0,-57.0,48.0,31.0,267.0,322.0,626.0,-352.0,-104.0
117.0,181.0,15.0,116.0,36.0,227.0,448.0,628.0,-307.0,-101.0
113.0,-47.0,88.0,197.0,52.0,233.0,575.0,561.0,-264.0,-107.0
92.0,-261.0,146.0,284.0,72.0,271.0,433.0,463.0,-233.0,-114.0
70.0,-354.0,231.0,359.0,91.0,185.0,234.0,286.0,-201.0,-102.0
42.0,-370.0,296.0,385.0,101.0,87.0,293.0,273.0,-186.0,-97.0
10.0,-398.0,363.0,389.0,92.0,94.0,375.0,260.0,-190.0,-91.0
-16.0,-469.0,435.0,346.0,68.0,164.0,284.0,286.0,-211.0,-85.0
-44.0,-536.0,497.0,264.0,32.0,134.0,268.0,201.0,-247.0,-41.0
-69.0,-501.0,557.0,211.0,-2.0,-9.0,403.0,206.0,-280.0,15.0
-90.0,-360.0,602.0,190.0,-13.0,-34.0,420.0,288.0,-306.0,39.0
-85.0,-261.0,644.0,185.0,2.0,142.0,358.0,218.0,-322.0,70.0
-94.0,-272.0,665.0,170.0,38.0,269.0,423.0,347.0,-334.0,91.0
-82.0,-314.0,680.0,186.0,76.0,326.0,440.0,360.0,-357.0,88.0
-68.0,-336.0,692.0,237.0,113.0,313.0,257.0,532.0,-385.0,68.0
-60.0,-300.0,686.0,259.0,135.0,212.0,135.0,687.0,-407.0,63.0
-42.0,-191.0,655.0,287.0,130.0,169.0,191.0,430.0,-412.0,84.0
-29.0,-66.0,623.0,315.0,109.0,210.0,221.0,273.0,-402.0,101.0
9.0,30.0,607.0,310.0,76.0,177.0,153.0,35.0,-383.0,132.0
27.0,80.0,540.0,332.0,48.0,24.0,24.0,90.0,-351.0,168.0
51.0,64.0,503.0,335.0,22.0,-29.0,-57.0,188.0,-307.0,196.0
61.0,16.0,496.0,303.0,0.0,47.0,-23.0,92.0,-236.0,200.0
65.0,-4.0,468.0,278.0,-19.0,91.0,48.0,234.0,-135.0,194.0
77.0,1.0,475.0,227.0,-44.0,65.0,59.0,134.0,-13.0,191.0
70.0,-14.0,473.0,173.0,-68.0,133.0,84.0,101.0,106.0,169.0
84.0,-91.0,477.0,163.0,-81.0,222.0,135.0,118.0,218.0,116.0
94.0,-231.0,492.0,137.0,-77.0,191.0,102.0,107.0,334.0,60.0
111.0,-359.0,509.0,116.0,-63.0,59.0,85.0,286.0,463.0,11.0
126.0,-409.0,517.0,115.0,-57.0,-63.0,60.0,408.0,593.0,-46.0
140.0,-384.0,508.0,114.0,-66.0,-2.0,-20.0,587.0,687.0,-77.0
150.0,-245.0,530.0,145.0,-82.0,141.0,-67.0,576.0,768.0,-82.0
131.0,55.0,528.0,170.0,-97.0,132.0,-77.0,541.0,827.0,-76.0
126.0,432.0,517.0,192.0,-110.0,83.0,-11.0,356.0,855.0,-68.0
138.0,772.0,534.0,204.0,-126.0,65.0,0.0,158.0,880.0,-63.0
160.0,1046.0,521.0,237.0,-143.0,-93.0,-198.0,212.0,880.0,-78.0
185.0,1188.0,502.0,241.0,-143.0,-78.0,-266.0,105.0,859.0,-132.0
218.0,1162.0,497.0,217.0,-137.0,48.0,-153.0,212.0,826.0,-199.0
252.0,1087.0,469.0,186.0,-141.0,0.0,-205.0,254.0,790.0,-267.0
264.0,1023.0,432.0,153.0,-159.0,-45.0,-254.0,223.0,756.0,-313.0
268.0,919.0,388.0,129.0,-185.0,-108.0,-178.0,273.0,727.0,-360.0
251.0,783.0,321.0,85.0,-203.0,-73.0,-104.0,210.0,698.0,-374.0
231.0,666.0,270.0,86.0,-206.0,50.0,-66.0,173.0,658.0,-357.0
221.0,554.0,207.0,24.0,-190.0,-18.0,-171.0,99.0,603.0,-366.0
214.0,395.0,102.0,-35.0,-155.0,-171.0,-388.0,92.0,522.0,-351.0
216.0,215.0,45.0,-34.0,-110.0,-187.0,-445.0,-49.0,440.0,-345.0
214.0,104.0,0.0,-14.0,-57.0,-147.0,-347.0,-40.0,364.0,-347.0
220.0,89.0,-70.0,44.0,-4.0,-162.0,-329.0,88.0,299.0,-340.0
232.0,130.0,-85.0,70.0,36.0,-102.0,-338.0,140.0,237.0,-342.0
259.0,197.0,-116.0,88.0,66.0,0.0,-268.0,441.0,178.0,-321.0
268.0,291.0,-151.0,86.0,90.0,-23.0,-248.0,485.0,139.0,-316.0
278.0,401.0,-125.0,62.0,113.0,-135.0,-355.0,362.0,115.0,-318.0
299.0,453.0,-125.0,62.0,131.0,-210.0,-439.0,216.0,106.0,-285.0
306.0,409.0,-116.0,62.0,144.0,-221.0,-461.0,1.0,119.0,-254.0
336.0,289.0,-92.0,70.0,154.0,-248.0,-462.0,-14.0,119.0,-245.0
360.0,99.0,-81.0,76.0,172.0,-200.0,-416.0,20.0,118.0,-259.0
391.0,-60.0,-49.0,34.0,208.0,-54.0,-321.0,254.0,141.0,-272.0
413.0,-122.0,-39.0,-2.0,239.0,-54.0,-176.0,332.0,156.0,-284.0
432.0,-178.0,-18.0,-23.0,236.0,-226.0,-103.0,341.0,161.0,-316.0
462.0,-279.0,0.0,-28.0,199.0,-165.0,-119.0,373.0,145.0,-336.0
465.0,-434.0,0.0,-27.0,140.0,163.0,-192.0,181.0,85.0,-313.0
472.0,-667.0,13.0,-35.0,77.0,187.0,-326.0,236.0,6.0,-261.0
464.0,-881.0,0.0,-27.0,18.0,-35.0,-430.0,173.0,-89.0,-202.0
453.0,-955.0,-3.0,-31.0,-36.0,-74.0,-410.0,103.0,-207.0,-97.0
443.0,-940.0,-8.0,-47.0,-80.0,50.0,-278.0,109.0,-323.0,24.0
424.0,-932.0,-19.0,-48.0,-119.0,155.0,-201.0,11.0,-440.0,121.0
392.0,-956.0,-13.0,-54.0,-154.0,108.0,-236.0,24.0,-550.0,214.0
350.0,-1020.0,-20.0,-62.0,-180.0,-26.0,-367.0,-31.0,-643.0,286.0
315.0,-1074.0,-11.0,-62.0,-193.0,-81.0,-528.0,-86.0,-702.0,342.0
271.0,-1085.0,21.0,-53.0,-186.0,-75.0,-561.0,-308.0,-728.0,354.0
243.0,-1085.0,39.0,-44.0,-175.0,-51.0,-428.0,-415.0,-726.0,350.0
205.0,-1064.0,52.0,-17.0,-165.0,12.0,-225.0,-295.0,-690.0,351.0
170.0,-944.0,96.0,-15.0,-147.0,-47.0,-84.0,-308.0,-649.0,307.0
138.0,-723.0,112.0,-50.0,-120.0,-227.0,-48.0,-323.0,-581.0,249.0
94.0,-471.0,138.0,-60.0,-93.0,-249.0,9.0,-424.0,-504.0,198.0
78.0,-202.0,212.0,-103.0,-71.0,-139.0,-6.0,-452.0,-435.0,139.0
60.0,62.0,240.0,-159.0,-48.0,-225.0,-202.0,-376.0,-365.0,63.0
48.0,280.0,286.0,-228.0,-18.0,-392.0,-252.0,-214.0,-325.0,-15.0
36.0,460.0,354.0,-296.0,17.0,-325.0,-91.0,-11.0,-278.0,-77.0
34.0,619.0,365.0,-325.0,69.0,-171.0,68.0,0.0,-221.0,-143.0
33.0,760.0,400.0,-316.0,120.0,-146.0,116.0,42.0,-160.0,-250.0
15.0,875.0,440.0,-295.0,151.0,-183.0,31.0,-20.0,-87.0,-357.0
28.0,939.0,445.0,-273.0,165.0,-150.0,-37.0,72.0,-31.0,-453.0
51.0,978.0,482.0,-219.0,156.0,-87.0,-1.0,164.0,1.0,-558.0
79.0,1052.0,486.0,-165.0,135.0,-216.0,60.0,-40.0,16.0,-658.0
119.0,1107.0,485.0,-60.0,119.0,-403.0,21.0,46.0,52.0,-737.0
171.0,1063.0,501.0,23.0,124.0,-284.0,-115.0,35.0,92.0,-787.0
229.0,944.0,495.0,100.0,157.0,-163.0,-202.0,66.0,121.0,-842.0
273.0,706.0,508.0,174.0,195.0,-210.0,-180.0,151.0,162.0,-891.0
297.0,315.0,513.0,238.0,212.0,-122.0,-146.0,-16.0,206.0,-894.0
312.0,-75.0,525.0,304.0,204.0,-92.0,34.0,36.0,256.0,-887.0
340.0,-323.0,518.0,328.0,181.0,-257.0,190.0,105.0,315.0,-890.0
343.0,-416.0,506.0,373.0,170.0,-337.0,-33.0,171.0,395.0,-860.0
350.0,-362.0,505.0,370.0,179.0,-403.0,-236.0,144.0,473.0,-804.0
382.0,-182.0,460.0,356.0,192.0,-409.0,-124.0,81.0,536.0,-739.0
398.0,15.0,442.0,342.0,199.0,-230.0,106.0,116.0,588.0,-669.0
401.0,99.0,415.0,324.0,196.0,-267.0,235.0,66.0,636.0,-577.0
401.0,57.0,378.0,308.0,197.0,-466.0,169.0,72.0,697.0,-441.0
393.0,-6.0,362.0,276.0,202.0,-434.0,7.0,-7.0,748.0,-306.0
370.0,-41.0,344.0,256.0,197.0,-196.0,-72.0,-9.0,778.0,-187.0
338.0,-149.0,326.0,231.0,174.0,-16.0,42.0,14.0,790.0,-59.0
303.0,-365.0,302.0,252.0,126.0,-11.0,125.0,-25.0,794.0,68.0
267.0,-543.0,312.0,264.0,59.0,-223.0,8.0,-57.0,805.0,153.0
232.0,-561.0,288.0,269.0,-6.0,-436.0,-82.0,-186.0,835.0,193.0
192.0,-446.0,269.0,299.0,-58.0,-280.0,-7.0,-221.0,870.0,234.0
155.0,-257.0,285.0,304.0,-91.0,-39.0,60.0,-332.0,892.0,233.0
125.0,-8.0,253.0,290.0,-106.0,9.0,24.0,-297.0,901.0,175.0
96.0,220.0,216.0,274.0,-114.0,-182.0,-20.0,-269.0,904.0,110.0
66.0,335.0,216.0,262.0,-132.0,-379.0,-132.0,-408.0,903.0,47.0
51.0,380.0,205.0,234.0,-158.0,-275.0,-346.0,-242.0,897.0,-26.0
51.0,388.0,175.0,225.0,-184.0,-153.0,-372.0,-232.0,887.0,-86.0
54.0,327.0,182.0,215.0,-203.0,-166.0,-126.0,-242.0,838.0,-91.0
57.0,210.0,175.0,186.0,-211.0,-235.0,105.0,-243.0,768.0,-51.0
69.0,73.0,168.0,173.0,-214.0,-293.0,148.0,-371.0,682.0,1.0
93.0,-56.0,147.0,162.0,-208.0,-314.0,-25.0,-347.0,568.0,76.0
112.0,-170.0,116.0,155.0,-194.0,-301.0,-173.0,-447.0,465.0,194.0
142.0,-301.0,112.0,147.0,-175.0,-155.0,-110.0,-456.0,352.0,303.0
166.0,-435.0,101.0,157.0,-169.0,-2.0,-58.0,-448.0,245.0,377.0
181.0,-502.0,88.0,131.0,-180.0,84.0,-121.0,-362.0,145.0,458.0
188.0,-516.0,76.0,87.0,-199.0,81.0,-215.0,-260.0,26.0,552.0
187.0,-540.0,58.0,71.0,-210.0,-217.0,-263.0,-323.0,-77.0,604.0
197.0,-544.0,8.0,31.0,-201.0,-388.0,-249.0,-242.0,-182.0,618.0
199.0,-448.0,-40.0,2.0,-176.0,-227.0,-275.0,-306.0,-292.0,655.0
196.0,-232.0,-81.0,-4.0,-129.0,-77.0,-298.0,-286.0,-386.0,656.0
195.0,37.0,-133.0,47.0,-72.0,35.0,-193.0,-327.0,-464.0,597.0
208.0,282.0,-205.0,96.0,-22.0,-122.0,-12.0,-445.0,-521.0,519.0
221.0,485.0,-246.0,152.0,23.0,-258.0,42.0,-354.0,-562.0,436.0
241.0,666.0,-295.0,253.0,64.0,96.0,-121.0,-382.0,-591.0,310.0
262.0,802.0,-374.0,302.0,107.0,343.0,-250.0,-223.0,-637.0,132.0
294.0,869.0,-408.0,349.0,155.0,70.0,-210.0,-120.0,-689.0,-7.0
308.0,856.0,-443.0,366.0,192.0,-143.0,-190.0,-90.0,-729.0,-123.0
296.0,754.0,-438.0,337.0,215.0,-54.0,-205.0,-88.0,-756.0,-258.0
289.0,607.0,-438.0,305.0,227.0,-37.0,-157.0,-194.0,-764.0,-356.0
248.0,451.0,-403.0,266.0,218.0,59.0,-161.0,-131.0,-758.0,-399.0
215.0,265.0,-349.0,203.0,194.0,95.0,-222.0,-245.0,-731.0,-402.0
170.0,29.0,-337.0,121.0,159.0,-87.0,-127.0,-188.0,-678.0,-409.0
131.0,-217.0,-261.0,38.0,116.0,-78.0,99.0,-177.0,-593.0,-400.0
91.0,-427.0,-207.0,-62.0,77.0,-16.0,233.0,-338.0,-473.0,-333.0
32.0,-555.0,-141.0,-153.0,42.0,12.0,124.0,-240.0,-326.0,-308.0
-3.0,-533.0,-76.0,-218.0,24.0,10.0,-146.0,-279.0,-168.0,-322.0
-70.0,-307.0,-42.0,-231.0,27.0,-131.0,-257.0,-290.0,-28.0,-331.0
-139.0,65.0,16.0,-227.0,46.0,-169.0,-95.0,-321.0,104.0,-360.0
-207.0,430.0,3.0,-243.0,65.0,64.0,122.0,-319.0,219.0,-415.0
-274.0,685.0,32.0,-256.0,69.0,236.0,193.0,-286.0,303.0,-469.0
-325.0,797.0,60.0,-252.0,57.0,189.0,135.0,-245.0,390.0,-467.0
-366.0,799.0,42.0,-235.0,37.0,164.0,96.0,-79.0,434.0,-451.0
-402.0,706.0,39.0,-204.0,19.0,70.0,53.0,-205.0,453.0,-425.0
-446.0,516.0,14.0,-142.0,13.0,2.0,41.0,-260.0,453.0,-343.0
-491.0,275.0,-23.0,-90.0,28.0,17.0,196.0,-382.0,421.0,-226.0
-518.0,-4.0,-66.0,-6.0,62.0,-76.0,322.0,-517.0,388.0,-106.0
-546.0,-290.0,-76.0,68.0,94.0,-113.0,155.0,-465.0,328.0,16.0
-573.0,-488.0,-124.0,110.0,108.0,10.0,-110.0,-589.0,242.0,170.0
-576.0,-544.0,-111.0,159.0,98.0,76.0,-74.0,-509.0,147.0,322.0
-567.0,-485.0,-82.0,144.0,81.0,70.0,255.0,-406.0,56.0,419.0
-532.0,-391.0,-91.0,140.0,73.0,109.0,339.0,-406.0,-20.0,500.0
-481.0,-336.0,-28.0,159.0,80.0,46.0,-60.0,-436.0,-84.0,581.0
-406.0,-307.0,8.0,146.0,93.0,79.0,-363.0,-493.0,-126.0,597.0
-326.0,-237.0,48.0,160.0,104.0,187.0,-83.0,-493.0,-160.0,558.0
-233.0,-63.0,98.0,163.0,104.0,72.0,424.0,-559.0,-158.0,501.0
-137.0,208.0,168.0,152.0,91.0,25.0,475.0,-482.0,-108.0,415.0
-42.0,473.0,223.0,166.0,71.0,144.0,132.0,-384.0,-22.0,290.0
45.0,631.0,266.0,163.0,50.0,123.0,-86.0,-299.0,86.0,147.0
109.0,604.0,339.0,160.0,25.0,-24.0,-159.0,-275.0,218.0,62.0
190.0,408.0,380.0,164.0,4.0,-58.0,-186.0,-223.0,362.0,14.0
227.0,170.0,411.0,159.0,-5.0,-108.0,-85.0,-92.0,486.0,-44.0
266.0,-19.0,445.0,150.0,-5.0,-86.0,130.0,-225.0,608.0,-65.0
308.0,-199.0,465.0,138.0,-5.0,115.0,137.0,-203.0,730.0,-48.0
327.0,-418.0,479.0,115.0,-9.0,131.0,-105.0,-181.0,835.0,-59.0
344.0,-595.0,513.0,104.0,-21.0,-47.0,-159.0,-347.0,913.0,-100.0
334.0,-686.0,511.0,115.0,-38.0,-285.0,169.0,-436.0,951.0,-127.0
352.0,-707.0,525.0,93.0,-41.0,-440.0,481.0,-574.0,973.0,-149.0
361.0,-598.0,523.0,96.0,-24.0,-332.0,267.0,-569.0,968.0,-206.0
361.0,-363.0,515.0,89.0,4.0,-177.0,-251.0,-654.0,929.0,-276.0
354.0,-143.0,548.0,72.0,32.0,-205.0,-536.0,-757.0,883.0,-306.0
357.0,61.0,519.0,69.0,46.0,-253.0,-403.0,-689.0,829.0,-334.0
363.0,363.0,544.0,57.0,47.0,-276.0,-152.0,-642.0,764.0,-369.0
345.0,627.0,561.0,94.0,41.0,-285.0,-96.0,-410.0,694.0,-375.0
337.0,679.0,533.0,105.0,46.0,-231.0,-211.0,-205.0,611.0,-347.0
329.0,567.0,532.0,106.0,61.0,-201.0,-344.0,-90.0,515.0,-328.0
329.0,387.0,533.0,159.0,74.0,-157.0,-342.0,-133.0,401.0,-317.0
302.0,189.0,521.0,200.0,81.0,-164.0,-297.0,-315.0,262.0,-274.0
277.0,7.0,491.0,224.0,89.0,-217.0,-203.0,-308.0,123.0,-221.0
282.0,-134.0,475.0,258.0,92.0,-177.0,-100.0,-328.0,-2.0,-202.0
278.0,-250.0,417.0,271.0,77.0,-31.0,-82.0,-229.0,-119.0,-189.0
274.0,-299.0,351.0,226.0,44.0,5.0,-32.0,-221.0,-228.0,-157.0
274.0,-243.0,288.0,209.0,8.0,-121.0,-1.0,-367.0,-326.0,-164.0
273.0,-119.0,205.0,194.0,-21.0,-269.0,-101.0,-358.0,-397.0,-187.0
258.0,39.0,118.0,145.0,-55.0,-348.0,-275.0,-378.0,-440.0,-175.0
231.0,198.0,36.0,114.0,-92.0,-234.0,-311.0,-315.0,-456.0,-150.0
212.0,377.0,-36.0,48.0,-122.0,-85.0,-69.0,-362.0,-470.0,-124.0
193.0,588.0,-124.0,20.0,-152.0,-23.0,319.0,-380.0,-488.0,-102.0
155.0,754.0,-223.0,10.0,-191.0,-108.0,551.0,-434.0,-501.0,-67.0
130.0,833.0,-288.0,-10.0,-233.0,-163.0,467.0,-561.0,-520.0,-26.0
117.0,888.0,-347.0,-15.0,-258.0,-40.0,312.0,-428.0,-507.0,-13.0
92.0,945.0,-401.0,-41.0,-248.0,125.0,252.0,-450.0,-465.0,-16.0
68.0,942.0,-410.0,-69.0,-207.0,232.0,143.0,-439.0,-418.0,-1.0
50.0,833.0,-418.0,-99.0,-157.0,201.0,21.0,-439.0,-364.0,3.0
33.0,606.0,-398.0,-130.0,-113.0,252.0,-54.0,-528.0,-323.0,1.0
0.0,295.0,-396.0,-183.0,-76.0,199.0,-36.0,-508.0,-305.0,21.0
-29.0,-39.0,-371.0,-188.0,-34.0,40.0,123.0,-535.0,-330.0,59.0
-71.0,-360.0,-329.0,-167.0,10.0,123.0,280.0,-502.0,-348.0,101.0
-102.0,-635.0,-327.0,-163.0,50.0,213.0,398.0,-541.0,-361.0,138.0
-123.0,-836.0,-276.0,-133.0,87.0,172.0,395.0,-489.0,-394.0,198.0
-141.0,-903.0,-234.0,-69.0,125.0,149.0,151.0,-434.0,-403.0,265.0
-138.0,-835.0,-219.0,-2.0,167.0,248.0,-111.0,-489.0,-423.0,313.0
-149.0,-717.0,-182.0,69.0,194.0,342.0,-82.0,-526.0,-425.0,357.0
-146.0,-568.0,-157.0,191.0,190.0,327.0,115.0,-537.0,-384.0,392.0
-168.0,-340.0,-165.0,304.0,172.0,258.0,245.0,-491.0,-329.0,400.0
-196.0,-85.0,-162.0,386.0,143.0,223.0,303.0,-761.0,-260.0,372.0
-217.0,109.0,-175.0,438.0,103.0,327.0,246.0,-812.0,-181.0,327.0
-249.0,240.0,-187.0,513.0,68.0,383.0,29.0,-556.0,-87.0,279.0
-263.0,270.0,-186.0,563.0,50.0,325.0,-185.0,-439.0,11.0,208.0
-290.0,156.0,-194.0,588.0,44.0,272.0,-162.0,-216.0,145.0,130.0
-305.0,-58.0,-173.0,636.0,39.0,206.0,63.0,-142.0,294.0,86.0
-309.0,-273.0,-188.0,622.0,31.0,194.0,249.0,-94.0,433.0,40.0
-286.0,-403.0,-172.0,606.0,23.0,280.0,367.0,-171.0,572.0,3.0
-277.0,-417.0,-154.0,596.0,22.0,354.0,439.0,-454.0,673.0,-4.0
-277.0,-339.0,-161.0,591.0,41.0,316.0,343.0,-550.0,749.0,3.0
-262.0,-213.0,-101.0,563.0,78.0,277.0,185.0,-559.0,769.0,43.0
-238.0,-47.0,-83.0,482.0,122.0,302.0,129.0,-378.0,738.0,63.0
-211.0,129.0,-65.0,391.0,156.0,325.0,107.0,-251.0,689.0,107.0
-209.0,220.0,4.0,324.0,161.0,301.0,180.0,-184.0,605.0,191.0
-187.0,180.0,21.0,259.0,140.0,199.0,407.0,-40.0,496.0,260.0
-173.0,75.0,81.0,179.0,104.0,181.0,592.0,49.0,383.0,316.0
-165.0,0.0,134.0,123.0,57.0,257.0,598.0,-12.0,267.0,367.0
-168.0,-34.0,136.0,56.0,15.0,290.0,368.0,-314.0,148.0,411.0
-168.0,-41.0,192.0,24.0,-8.0,289.0,59.0,-375.0,33.0,415.0
-158.0,-15.0,192.0,-20.0,-7.0,227.0,-12.0,-441.0,-98.0,404.0
-161.0,58.0,210.0,-70.0,6.0,74.0,256.0,-356.0,-207.0,402.0
-152.0,178.0,222.0,-86.0,10.0,-76.0,718.0,-105.0,-281.0,394.0
-164.0,281.0,224.0,-121.0,-5.0,-87.0,874.0,-112.0,-357.0,361.0
-154.0,343.0,246.0,-123.0,-31.0,66.0,587.0,101.0,-423.0,339.0
-118.0,433.0,249.0,-130.0,-50.0,152.0,241.0,109.0,-489.0,347.0
-94.0,591.0,267.0,-141.0,-47.0,94.0,87.0,92.0,-526.0,347.0
-65.0,704.0,251.0,-155.0,-22.0,-33.0,142.0,123.0,-524.0,351.0
-23.0,721.0,305.0,-160.0,24.0,-209.0,318.0,-81.0,-491.0,372.0
13.0,712.0,292.0,-135.0,84.0,-259.0,506.0,-109.0,-464.0,413.0
49.0,692.0,276.0,-128.0,137.0,-185.0,556.0,-282.0,-471.0,449.0
70.0,638.0,309.0,-121.0,174.0,-10.0,416.0,-347.0,-500.0,493.0
90.0,573.0,264.0,-121.0,189.0,31.0,188.0,-428.0,-549.0,572.0
126.0,515.0,290.0,-125.0,184.0,-131.0,54.0,-484.0,-593.0,637.0
145.0,405.0,309.0,-114.0,165.0,-170.0,38.0,-223.0,-648.0,707.0
161.0,207.0,323.0,-76.0,133.0,-118.0,-18.0,-194.0,-675.0,795.0
179.0,-39.0,390.0,-38.0,108.0,-39.0,-48.0,-92.0,-646.0,874.0
220.0,-290.0,407.0,1.0,86.0,-39.0,132.0,-155.0,-599.0,942.0
237.0,-504.0,457.0,61.0,53.0,-58.0,406.0,-266.0,-510.0,982.0
239.0,-612.0,525.0,129.0,12.0,-37.0,473.0,-199.0,-390.0,1024.0
247.0,-630.0,551.0,179.0,-31.0,-45.0,275.0,-264.0,-266.0,1042.0
238.0,-628.0,592.0,228.0,-70.0,10.0,-43.0,-138.0,-161.0,1010.0
230.0,-602.0,606.0,290.0,-99.0,113.0,-257.0,-38.0,-46.0,971.0
204.0,-586.0,614.0,307.0,-126.0,130.0,-146.0,94.0,65.0,924.0
186.0,-621.0,614.0,325.0,-147.0,-60.0,226.0,116.0,150.0,862.0
153.0,-639.0,584.0,361.0,-157.0,-166.0,531.0,77.0,234.0,779.0
96.0,-554.0,549.0,347.0,-152.0,-76.0,496.0,59.0,307.0,698.0
41.0,-402.0,469.0,290.0,-138.0,13.0,200.0,-181.0,374.0,641.0
0.0,-285.0,385.0,238.0,-118.0,64.0,-37.0,-125.0,431.0,570.0
-53.0,-171.0,281.0,191.0,-91.0,41.0,-94.0,-131.0,464.0,494.0
-121.0,0.0,158.0,159.0,-65.0,67.0,-32.0,-197.0,498.0,437.0
-175.0,153.0,18.0,136.0,-43.0,73.0,173.0,-114.0,507.0,380.0
-221.0,235.0,-125.0,125.0,-28.0,55.0,388.0,-168.0,490.0,304.0
-269.0,279.0,-256.0,141.0,-22.0,104.0,358.0,-212.0,447.0,218.0
-327.0,286.0,-434.0,141.0,-24.0,75.0,237.0,-330.0,377.0,135.0
-360.0,252.0,-561.0,137.0,-30.0,47.0,308.0,-402.0,311.0,38.0
-374.0,242.0,-679.0,118.0,-31.0,65.0,478.0,-345.0,221.0,-93.0
-387.0,265.0,-833.0,93.0,-16.0,173.0,389.0,-169.0,119.0,-212.0
-424.0,265.0,-899.0,58.0,4.0,220.0,-13.0,-127.0,15.0,-305.0
-441.0,287.0,-970.0,41.0,10.0,81.0,-322.0,-125.0,-99.0,-401.0
-419.0,414.0,-1028.0,38.0,-2.0,93.0,-200.0,-20.0,-188.0,-481.0
-424.0,571.0,-1007.0,-7.0,-24.0,205.0,165.0,-223.0,-259.0,-520.0
-438.0,627.0,-985.0,-20.0,-36.0,248.0,320.0,-295.0,-350.0,-524.0
-430.0,600.0,-949.0,-23.0,-39.0,188.0,260.0,-280.0,-426.0,-526.0
-403.0,558.0,-885.0,-11.0,-44.0,137.0,162.0,-282.0,-476.0,-501.0
-365.0,501.0,-800.0,15.0,-39.0,236.0,9.0,-195.0,-534.0,-446.0
-342.0,428.0,-712.0,33.0,-20.0,254.0,-82.0,-393.0,-573.0,-406.0
-326.0,341.0,-607.0,34.0,15.0,267.0,-19.0,-424.0,-585.0,-388.0
-299.0,199.0,-475.0,13.0,65.0,331.0,84.0,-389.0,-587.0,-366.0
-275.0,-45.0,-367.0,27.0,107.0,290.0,57.0,-349.0,-586.0,-325.0
-248.0,-343.0,-243.0,15.0,134.0,238.0,-73.0,-262.0,-569.0,-316.0
-226.0,-618.0,-128.0,9.0,142.0,270.0,-75.0,-471.0,-531.0,-313.0
-199.0,-850.0,-51.0,24.0,131.0,366.0,153.0,-539.0,-492.0,-278.0
-161.0,-1012.0,44.0,21.0,109.0,239.0,311.0,-635.0,-461.0,-250.0
-123.0,-1060.0,91.0,63.0,77.0,41.0,95.0,-681.0,-426.0,-254.0
-90.0,-1003.0,113.0,111.0,44.0,161.0,-329.0,-543.0,-415.0,-256.0
-73.0,-941.0,135.0,171.0,19.0,316.0,-635.0,-423.0,-415.0,-234.0
-47.0,-862.0,99.0,221.0,6.0,331.0,-565.0,-116.0,-414.0,-245.0
-24.0,-691.0,75.0,235.0,7.0,212.0,-270.0,62.0,-403.0,-261.0
-5.0,-419.0,25.0,263.0,19.0,213.0,-67.0,221.0,-350.0,-234.0
12.0,-78.0,-68.0,264.0,39.0,258.0,-19.0,280.0,-309.0,-190.0
17.0,227.0,-147.0,245.0,53.0,143.0,-159.0,243.0,-277.0,-130.0
18.0,423.0,-232.0,212.0,50.0,189.0,-408.0,262.0,-235.0,-64.0
24.0,510.0,-329.0,138.0,33.0,276.0,-515.0,205.0,-180.0,54.0
12.0,506.0,-387.0,64.0,13.0,350.0,-464.0,153.0,-95.0,195.0
-7.0,378.0,-442.0,-26.0,-7.0,279.0,-417.0,-44.0,-20.0,314.0
-23.0,168.0,-506.0,-111.0,-32.0,64.0,-289.0,7.0,39.0,450.0
-44.0,15.0,-519.0,-189.0,-56.0,-39.0,-268.0,1.0,77.0,568.0
-40.0,-72.0,-545.0,-269.0,-75.0,-66.0,-429.0,-131.0,100.0,636.0
-43.0,-129.0,-555.0,-327.0,-82.0,45.0,-439.0,-121.0,120.0,668.0
-68.0,-156.0,-557.0,-365.0,-77.0,99.0,-325.0,-242.0,138.0,679.0
-88.0,-109.0,-541.0,-362.0,-69.0,72.0,-278.0,-53.0,159.0,666.0
-105.0,49.0,-513.0,-370.0,-67.0,-56.0,-381.0,103.0,172.0,620.0
-134.0,278.0,-512.0,-366.0,-78.0,-235.0,-520.0,179.0,175.0,579.0
-194.0,493.0,-457.0,-353.0,-96.0,-153.0,-521.0,238.0,162.0,556.0
-256.0,604.0,-423.0,-335.0,-103.0,-74.0,-352.0,131.0,131.0,515.0
-301.0,577.0,-384.0,-266.0,-95.0,-86.0,-98.0,234.0,81.0,472.0
-339.0,438.0,-341.0,-221.0,-69.0,-83.0,-17.0,192.0,24.0,443.0
-383.0,251.0,-326.0,-152.0,-36.0,-29.0,-232.0,72.0,-48.0,424.0
-417.0,52.0,-283.0,-86.0,-7.0,120.0,-489.0,-12.0,-135.0,411.0
-418.0,-139.0,-247.0,-34.0,14.0,79.0,-673.0,-59.0,-214.0,393.0
-418.0,-269.0,-203.0,50.0,32.0,-62.0,-785.0,3.0,-275.0,417.0
-426.0,-321.0,-170.0,112.0,50.0,-183.0,-693.0,18.0,-319.0,440.0
-414.0,-307.0,-141.0,169.0,62.0,-262.0,-543.0,84.0,-338.0,441.0
-397.0,-258.0,-126.0,185.0,58.0,-131.0,-380.0,35.0,-347.0,471.0
-377.0,-220.0,-116.0,200.0,36.0,-97.0,-241.0,84.0,-342.0,489.0
-356.0,-232.0,-75.0,231.0,3.0,-102.0,-349.0,168.0,-307.0,500.0
-331.0,-336.0,-84.0,248.0,-29.0,-135.0,-531.0,279.0,-263.0,512.0
-303.0,-466.0,-68.0,246.0,-54.0,-182.0,-616.0,519.0,-202.0,563.0
-280.0,-534.0,-35.0,242.0,-70.0,-52.0,-668.0,469.0,-147.0,650.0
-260.0,-582.0,-42.0,242.0,-75.0,-125.0,-724.0,415.0,-119.0,707.0
-256.0,-647.0,-18.0,218.0,-63.0,-237.0,-683.0,312.0,-89.0,789.0
-246.0,-690.0,-10.0,209.0,-39.0,-247.0,-512.0,238.0,-50.0,875.0
-233.0,-659.0,-4.0,176.0,-14.0,-161.0,-353.0,264.0,-5.0,916.0
-229.0,-503.0,5.0,139.0,7.0,-90.0,-311.0,77.0,26.0,928.0
-217.0,-221.0,10.0,77.0,23.0,-240.0,-417.0,20.0,45.0,918.0
-198.0,138.0,23.0,-6.0,30.0,-241.0,-581.0,-99.0,68.0,877.0
-182.0,478.0,18.0,-57.0,33.0,-304.0,-697.0,-158.0,78.0,771.0
-169.0,728.0,24.0,-124.0,37.0,-432.0,-630.0,-120.0,93.0,645.0
-164.0,852.0,18.0,-169.0,43.0,-392.0,-510.0,-101.0,118.0,530.0
-169.0,875.0,14.0,-211.0,41.0,-409.0,-592.0,190.0,133.0,404.0
-162.0,824.0,22.0,-265.0,21.0,-314.0,-642.0,304.0,147.0,279.0
-158.0,678.0,0.0,-286.0,-12.0,-289.0,-558.0,360.0,135.0,174.0
-141.0,473.0,-24.0,-287.0,-42.0,-327.0,-507.0,362.0,109.0,96.0
-136.0,197.0,-52.0,-281.0,-63.0,-232.0,-419.0,295.0,66.0,22.0
-139.0,-115.0,-86.0,-256.0,-76.0,-361.0,-283.0,277.0,0.0,-53.0
-102.0,-348.0,-111.0,-181.0,-87.0,-556.0,-327.0,-20.0,-46.0,-98.0
-86.0,-444.0,-164.0,-87.0,-92.0,-605.0,-554.0,-162.0,-102.0,-113.0
-91.0,-428.0,-203.0,3.0,-90.0,-494.0,-612.0,-199.0,-167.0,-142.0
-86.0,-363.0,-258.0,103.0,-89.0,-338.0,-386.0,-186.0,-215.0,-160.0
-69.0,-282.0,-338.0,186.0,-91.0,-321.0,-179.0,-103.0,-265.0,-153.0
-67.0,-195.0,-369.0,255.0,-98.0,-198.0,-246.0,-114.0,-296.0,-162.0
-84.0,-88.0,-436.0,321.0,-105.0,-175.0,-439.0,-55.0,-310.0,-190.0
-86.0,-15.0,-500.0,363.0,-105.0,-301.0,-557.0,-118.0,-318.0,-216.0
-75.0,-35.0,-529.0,368.0,-100.0,-349.0,-641.0,-42.0,-317.0,-228.0
-75.0,-54.0,-576.0,388.0,-95.0,-356.0,-698.0,-3.0,-317.0,-269.0
-96.0,-14.0,-584.0,365.0,-85.0,-255.0,-634.0,-51.0,-317.0,-316.0
-106.0,-5.0,-603.0,313.0,-69.0,-306.0,-414.0,-46.0,-330.0,-349.0
-106.0,-44.0,-629.0,256.0,-59.0,-319.0,-224.0,-181.0,-331.0,-380.0
-129.0,-61.0,-612.0,137.0,-61.0,-123.0,-217.0,-194.0,-318.0,-413.0
-166.0,-97.0,-616.0,13.0,-73.0,-150.0,-264.0,-356.0,-284.0,-452.0
-177.0,-165.0,-600.0,-108.0,-77.0,-160.0,-408.0,-310.0,-253.0,-440.0
-162.0,-195.0,-549.0,-220.0,-69.0,7.0,-662.0,-90.0,-262.0,-430.0
-157.0,-191.0,-517.0,-303.0,-52.0,62.0,-747.0,-51.0,-280.0,-421.0
-168.0,-149.0,-477.0,-389.0,-34.0,-31.0,-679.0,81.0,-316.0,-376.0
-157.0,-53.0,-429.0,-453.0,-24.0,-152.0,-433.0,40.0,-364.0,-321.0
-140.0,7.0,-376.0,-463.0,-27.0,-14.0,7.0,5.0,-434.0,-255.0
-149.0,-15.0,-318.0,-457.0,-50.0,123.0,272.0,-125.0,-544.0,-182.0
-156.0,-60.0,-257.0,-463.0,-80.0,-74.0,157.0,-179.0,-640.0,-98.0
-177.0,-77.0,-188.0,-474.0,-103.0,-175.0,-195.0,-194.0,-715.0,-12.0
-201.0,-13.0,-142.0,-491.0,-110.0,-123.0,-529.0,-362.0,-763.0,67.0
-218.0,101.0,-84.0,-480.0,-97.0,-39.0,-691.0,-253.0,-785.0,130.0
-240.0,161.0,-8.0,-453.0,-71.0,6.0,-646.0,-258.0,-787.0,204.0
-237.0,154.0,16.0,-436.0,-35.0,-121.0,-450.0,-223.0,-761.0,248.0
-235.0,133.0,63.0,-413.0,5.0,-187.0,-261.0,-234.0,-719.0,270.0
-238.0,105.0,118.0,-384.0,39.0,-218.0,-184.0,-365.0,-649.0,310.0
-238.0,48.0,157.0,-370.0,56.0,-242.0,-194.0,-266.0,-554.0,323.0
-244.0,-50.0,209.0,-401.0,50.0,-206.0,-271.0,-242.0,-443.0,336.0
-256.0,-216.0,239.0,-427.0,38.0,-232.0,-454.0,-206.0,-332.0,340.0
-277.0,-442.0,270.0,-443.0,24.0,-179.0,-621.0,-273.0,-209.0,351.0
-304.0,-626.0,296.0,-481.0,8.0,-150.0,-579.0,-325.0,-79.0,369.0
-334.0,-687.0,294.0,-476.0,5.0,-181.0,-276.0,-351.0,25.0,355.0
-350.0,-649.0,298.0,-428.0,17.0,-168.0,67.0,-482.0,138.0,325.0
-369.0,-538.0,318.0,-366.0,29.0,-183.0,151.0,-436.0,241.0,307.0
-378.0,-416.0,303.0,-300.0,40.0,-60.0,-24.0,-528.0,316.0,280.0
-398.0,-392.0,313.0,-242.0,52.0,25.0,-305.0,-465.0,360.0,234.0
-419.0,-448.0,318.0,-200.0,60.0,-37.0,-490.0,-214.0,377.0,190.0
-416.0,-538.0,283.0,-172.0,64.0,-60.0,-504.0,-144.0,383.0,138.0
-438.0,-686.0,272.0,-135.0,58.0,-66.0,-434.0,-3.0,388.0,78.0
-458.0,-828.0,222.0,-104.0,49.0,16.0,-338.0,-46.0,403.0,-6.0
-478.0,-927.0,140.0,-93.0,43.0,19.0,-308.0,-96.0,409.0,-88.0
-485.0,-1022.0,83.0,-86.0,24.0,-53.0,-277.0,-51.0,410.0,-154.0
-482.0,-1002.0,-1.0,-49.0,-2.0,-20.0,-121.0,-112.0,374.0,-239.0
-486.0,-801.0,-73.0,-33.0,-30.0,-103.0,-7.0,-230.0,313.0,-316.0
-484.0,-547.0,-135.0,-13.0,-42.0,-181.0,-158.0,-412.0,242.0,-366.0
-483.0,-268.0,-209.0,-10.0,-34.0,-202.0,-448.0,-428.0,155.0,-406.0
-483.0,38.0,-253.0,-72.0,-13.0,-229.0,-526.0,-315.0,70.0,-447.0
-492.0,265.0,-297.0,-122.0,24.0,-171.0,-245.0,-66.0,-19.0,-471.0
-492.0,427.0,-337.0,-182.0,64.0,-273.0,172.0,36.0,-101.0,-469.0
-482.0,567.0,-365.0,-219.0,96.0,-287.0,338.0,59.0,-183.0,-463.0
-473.0,621.0,-373.0,-221.0,119.0,-160.0,67.0,168.0,-256.0,-464.0
-466.0,582.0,-404.0,-238.0,127.0,-109.0,-282.0,-5.0,-300.0,-437.0
-455.0,558.0,-418.0,-240.0,117.0,-19.0,-338.0,-195.0,-343.0,-388.0
-435.0,591.0,-433.0,-230.0,97.0,-122.0,-234.0,-363.0,-371.0,-356.0
-419.0,685.0,-465.0,-210.0,73.0,-282.0,-176.0,-338.0,-391.0,-299.0
-414.0,845.0,-464.0,-173.0,42.0,-249.0,-253.0,-177.0,-406.0,-227.0
-406.0,987.0,-483.0,-125.0,2.0,-169.0,-362.0,-147.0,-388.0,-172.0
-382.0,1062.0,-480.0,-65.0,-33.0,-63.0,-392.0,27.0,-344.0,-107.0
-361.0,1035.0,-502.0,0.0,-56.0,-107.0,-359.0,62.0,-280.0,-29.0
-342.0,856.0,-505.0,58.0,-74.0,-251.0,-250.0,27.0,-216.0,43.0
-318.0,555.0,-488.0,108.0,-84.0,-222.0,-195.0,-83.0,-162.0,109.0
-290.0,240.0,-509.0,167.0,-74.0,-238.0,-165.0,-210.0,-103.0,179.0
-249.0,-67.0,-484.0,226.0,-50.0,-249.0,11.0,-186.0,-51.0,251.0
-211.0,-428.0,-483.0,291.0,-25.0,-256.0,161.0,-258.0,10.0,329.0
-174.0,-741.0,-473.0,373.0,-15.0,-300.0,77.0,-232.0,96.0,394.0
-132.0,-844.0,-433.0,418.0,-23.0,-279.0,-138.0,-238.0,187.0,475.0
-83.0,-769.0,-404.0,442.0,-35.0,-341.0,-168.0,-123.0,277.0,544.0
-33.0,-664.0,-356.0,468.0,-48.0,-196.0,73.0,-9.0,353.0,575.0
0.0,-520.0,-292.0,470.0,-56.0,-27.0,272.0,-97.0,392.0,607.0
29.0,-350.0,-237.0,455.0,-57.0,-181.0,265.0,-83.0,416.0,623.0
69.0,-246.0,-178.0,407.0,-50.0,-381.0,98.0,-134.0,442.0,648.0
99.0,-135.0,-107.0,345.0,-35.0,-444.0,29.0,-38.0,446.0,663.0
114.0,54.0,-60.0,275.0,-27.0,-386.0,154.0,-7.0,438.0,676.0
137.0,279.0,0.0,209.0,-28.0,-399.0,186.0,14.0,403.0,705.0
155.0,484.0,51.0,135.0,-36.0,-641.0,152.0,181.0,329.0,718.0
156.0,700.0,78.0,69.0,-59.0,-751.0,292.0,53.0,231.0,702.0
132.0,975.0,104.0,31.0,-92.0,-532.0,567.0,51.0,110.0,663.0
115.0,1244.0,113.0,-17.0,-122.0,-434.0,620.0,44.0,-24.0,620.0
80.0,1416.0,118.0,-47.0,-150.0,-459.0,297.0,77.0,-164.0,521.0
39.0,1469.0,96.0,-76.0,-172.0,-536.0,-13.0,168.0,-300.0,400.0
9.0,1405.0,84.0,-133.0,-195.0,-513.0,1.0,5.0,-423.0,285.0
-36.0,1180.0,56.0,-181.0,-214.0,-497.0,234.0,9.0,-532.0,158.0
-47.0,799.0,-3.0,-207.0,-219.0,-545.0,479.0,-36.0,-645.0,33.0
-80.0,392.0,-37.0,-238.0,-203.0,-433.0,512.0,35.0,-750.0,-68.0
-97.0,59.0,-94.0,-294.0,-167.0,-486.0,243.0,59.0,-820.0,-137.0
-98.0,-208.0,-150.0,-361.0,-124.0,-426.0,-87.0,-20.0,-866.0,-184.0
-115.0,-429.0,-185.0,-404.0,-85.0,-419.0,-169.0,162.0,-853.0,-213.0
-115.0,-571.0,-230.0,-451.0,-46.0,-628.0,-3.0,127.0,-790.0,-227.0
-133.0,-665.0,-258.0,-539.0,-6.0,-665.0,193.0,173.0,-739.0,-204.0
-134.0,-771.0,-265.0,-619.0,35.0,-580.0,369.0,206.0,-651.0,-196.0
-150.0,-868.0,-265.0,-695.0,75.0,-397.0,465.0,254.0,-542.0,-189.0
-157.0,-999.0,-234.0,-786.0,105.0,-375.0,347.0,356.0,-426.0,-162.0
-171.0,-1176.0,-195.0,-831.0,121.0,-435.0,140.0,201.0,-282.0,-186.0
-185.0,-1305.0,-148.0,-854.0,125.0,-461.0,87.0,242.0,-166.0,-223.0
-193.0,-1339.0,-91.0,-829.0,123.0,-561.0,102.0,195.0,-68.0,-267.0
-226.0,-1301.0,-31.0,-746.0,112.0,-664.0,67.0,118.0,20.0,-330.0
-250.0,-1196.0,19.0,-683.0,89.0,-642.0,92.0,88.0,90.0,-385.0
-280.0,-970.0,53.0,-603.0,61.0,-599.0,210.0,-94.0,164.0,-428.0
-291.0,-645.0,88.0,-528.0,38.0,-492.0,391.0,-125.0,213.0,-451.0
-308.0,-344.0,88.0,-467.0,25.0,-344.0,384.0,-110.0,250.0,-458.0
-308.0,-106.0,97.0,-422.0,21.0,-348.0,96.0,-57.0,274.0,-465.0
-309.0,87.0,71.0,-376.0,17.0,-233.0,-104.0,-73.0,268.0,-461.0
-319.0,215.0,43.0,-317.0,10.0,-335.0,-31.0,-22.0,259.0,-450.0
-301.0,264.0,34.0,-294.0,1.0,-521.0,131.0,27.0,242.0,-455.0
-274.0,267.0,-15.0,-255.0,-15.0,-507.0,152.0,-25.0,219.0,-467.0
-226.0,242.0,-16.0,-202.0,-37.0,-419.0,112.0,70.0,181.0,-466.0
-193.0,222.0,-51.0,-140.0,-56.0,-243.0,48.0,59.0,124.0,-459.0
-147.0,299.0,-73.0,-73.0,-70.0,-340.0,3.0,144.0,60.0,-452.0
-83.0,403.0,-73.0,-4.0,-66.0,-296.0,25.0,197.0,-3.0,-432.0
-30.0,415.0,-110.0,60.0,-56.0,-146.0,35.0,175.0,-42.0,-408.0
16.0,411.0,-117.0,71.0,-52.0,-165.0,101.0,125.0,-72.0,-368.0
46.0,406.0,-139.0,80.0,-55.0,-194.0,28.0,-70.0,-111.0,-347.0
96.0,394.0,-160.0,96.0,-62.0,-237.0,-119.0,-112.0,-150.0,-337.0
135.0,377.0,-183.0,112.0,-75.0,-104.0,-11.0,-277.0,-159.0,-304.0
160.0,242.0,-220.0,145.0,-89.0,-67.0,99.0,-260.0,-137.0,-289.0
192.0,-21.0,-239.0,162.0,-93.0,-142.0,-53.0,-66.0,-97.0,-279.0
212.0,-333.0,-259.0,162.0,-85.0,-149.0,-260.0,-18.0,-59.0,-267.0
220.0,-659.0,-301.0,148.0,-64.0,-100.0,-216.0,-68.0,-60.0,-260.0
207.0,-913.0,-332.0,135.0,-35.0,-116.0,-37.0,-155.0,-73.0,-269.0
181.0,-1028.0,-372.0,147.0,0.0,-165.0,3.0,90.0,-85.0,-275.0
150.0,-1049.0,-418.0,114.0,39.0,-171.0,-35.0,99.0,-110.0,-255.0
108.0,-948.0,-457.0,40.0,71.0,-37.0,43.0,44.0,-127.0,-227.0
63.0,-727.0,-511.0,-6.0,86.0,70.0,174.0,221.0,-141.0,-210.0
12.0,-555.0,-529.0,-46.0,88.0,-169.0,93.0,262.0,-143.0,-208.0
-41.0,-439.0,-559.0,-108.0,89.0,-256.0,-38.0,456.0,-139.0,-202.0
-90.0,-273.0,-584.0,-169.0,88.0,-370.0,4.0,452.0,-91.0,-223.0
-149.0,-152.0,-582.0,-207.0,82.0,-296.0,73.0,325.0,-7.0,-278.0
-213.0,-127.0,-575.0,-242.0,70.0,-14.0,43.0,192.0,86.0,-339.0
-271.0,-140.0,-551.0,-276.0,60.0,-24.0,-165.0,77.0,189.0,-402.0
-312.0,-241.0,-501.0,-295.0,51.0,-62.0,-367.0,157.0,264.0,-475.0
-354.0,-447.0,-434.0,-307.0,37.0,-281.0,-253.0,133.0,307.0,-551.0
-411.0,-631.0,-369.0,-284.0,27.0,-162.0,62.0,323.0,357.0,-579.0
-455.0,-689.0,-281.0,-233.0,21.0,-58.0,213.0,441.0,433.0,-583.0
-499.0,-578.0,-188.0,-183.0,11.0,-154.0,34.0,360.0,496.0,-598.0
-551.0,-268.0,-97.0,-116.0,-9.0,-177.0,-210.0,275.0,548.0,-590.0
-611.0,172.0,-24.0,-65.0,-32.0,-363.0,-186.0,168.0,569.0,-576.0
-662.0,635.0,46.0,-65.0,-49.0,-248.0,-18.0,223.0,564.0,-546.0
-707.0,1012.0,119.0,-83.0,-59.0,-296.0,-90.0,114.0,580.0,-502.0
-755.0,1191.0,169.0,-126.0,-71.0,-246.0,-317.0,103.0,593.0,-451.0
-789.0,1197.0,206.0,-168.0,-87.0,-138.0,-377.0,162.0,602.0,-366.0
-795.0,1089.0,224.0,-194.0,-103.0,-281.0,-308.0,129.0,595.0,-276.0
-780.0,863.0,231.0,-223.0,-115.0,-206.0,-183.0,169.0,573.0,-184.0
-750.0,576.0,205.0,-230.0,-118.0,-188.0,-42.0,107.0,534.0,-71.0
-719.0,323.0,166.0,-230.0,-117.0,-48.0,-73.0,291.0,472.0,50.0
-683.0,179.0,125.0,-223.0,-115.0,-112.0,-217.0,450.0,398.0,160.0
-621.0,124.0,62.0,-204.0,-103.0,-290.0,-208.0,295.0,310.0,261.0
-572.0,58.0,0.0,-177.0,-83.0,-110.0,-84.0,140.0,225.0,370.0
-523.0,-14.0,-66.0,-140.0,-63.0,44.0,-29.0,31.0,136.0,457.0
-473.0,-63.0,-116.0,-57.0,-47.0,180.0,-81.0,79.0,57.0,523.0
-419.0,-136.0,-146.0,56.0,-32.0,142.0,-187.0,40.0,-28.0,582.0
-339.0,-212.0,-186.0,162.0,-25.0,33.0,-230.0,64.0,-109.0,626.0
-275.0,-267.0,-188.0,283.0,-27.0,54.0,-140.0,218.0,-181.0,658.0
-206.0,-285.0,-172.0,402.0,-35.0,-11.0,-56.0,243.0,-255.0,666.0
-129.0,-191.0,-165.0,508.0,-44.0,-49.0,-67.0,227.0,-315.0,658.0
-56.0,3.0,-117.0,594.0,-48.0,-67.0,-49.0,57.0,-370.0,638.0
-15.0,225.0,-59.0,662.0,-51.0,-70.0,-29.0,-38.0,-412.0,601.0
18.0,438.0,-22.0,687.0,-56.0,45.0,-87.0,-164.0,-447.0,561.0
69.0,590.0,41.0,689.0,-58.0,206.0,-141.0,-282.0,-466.0,514.0
106.0,618.0,116.0,658.0,-61.0,237.0,-127.0,-245.0,-465.0,476.0
143.0,551.0,138.0,584.0,-73.0,-52.0,-97.0,-179.0,-443.0,444.0
171.0,429.0,192.0,519.0,-83.0,-332.0,-117.0,62.0,-397.0,419.0
209.0,284.0,213.0,415.0,-91.0,-313.0,-123.0,208.0,-337.0,405.0
245.0,204.0,184.0,350.0,-101.0,-179.0,-171.0,321.0,-261.0,384.0
273.0,190.0,225.0,288.0,-111.0,-54.0,-270.0,328.0,-206.0,365.0
298.0,228.0,212.0,179.0,-116.0,8.0,-154.0,351.0,-147.0,357.0
307.0,295.0,189.0,90.0,-116.0,-6.0,45.0,445.0,-80.0,347.0
310.0,339.0,194.0,-49.0,-114.0,0.0,24.0,367.0,-35.0,319.0
294.0,330.0,162.0,-201.0,-113.0,58.0,-154.0,487.0,-14.0,282.0
281.0,224.0,134.0,-339.0,-110.0,68.0,-362.0,395.0,-20.0,255.0
253.0,91.0,110.0,-491.0,-97.0,-36.0,-475.0,251.0,-32.0,221.0
211.0,-20.0,63.0,-589.0,-66.0,-150.0,-389.0,317.0,-31.0,154.0
166.0,-131.0,33.0,-646.0,-28.0,-73.0,-218.0,301.0,3.0,77.0
100.0,-233.0,16.0,-676.0,0.0,42.0,-150.0,476.0,56.0,-2.0
42.0,-429.0,-19.0,-675.0,19.0,41.0,-183.0,556.0,116.0,-97.0
-17.0,-743.0,-32.0,-658.0,34.0,-39.0,-219.0,502.0,181.0,-204.0
-77.0,-982.0,-51.0,-634.0,53.0,-46.0,-207.0,334.0,252.0,-306.0
-132.0,-1031.0,-68.0,-622.0,73.0,17.0,-227.0,107.0,322.0,-377.0
-202.0,-941.0,-72.0,-599.0,80.0,-108.0,-272.0,49.0,378.0,-453.0
-259.0,-779.0,-82.0,-566.0,68.0,-212.0,-262.0,11.0,417.0,-508.0
-292.0,-635.0,-82.0,-556.0,48.0,-175.0,-245.0,94.0,418.0,-531.0
-313.0,-609.0,-79.0,-540.0,16.0,0.0,-136.0,59.0,399.0,-563.0
-325.0,-678.0,-52.0,-522.0,-22.0,128.0,-6.0,-1.0,349.0,-575.0
-322.0,-788.0,-38.0,-530.0,-60.0,-6.0,-35.0,-42.0,282.0,-565.0
-301.0,-878.0,-43.0,-515.0,-89.0,-41.0,-238.0,-177.0,231.0,-527.0
-273.0,-852.0,-12.0,-501.0,-105.0,-76.0,-409.0,-107.0,181.0,-486.0
-250.0,-696.0,0.0,-498.0,-107.0,-177.0,-301.0,-36.0,145.0,-458.0
-216.0,-463.0,0.0,-495.0,-91.0,-70.0,-126.0,160.0,110.0,-410.0
-172.0,-199.0,33.0,-513.0,-70.0,18.0,-35.0,275.0,64.0,-373.0
-146.0,43.0,35.0,-524.0,-52.0,50.0,-47.0,182.0,18.0,-365.0
-112.0,228.0,43.0,-529.0,-35.0,17.0,-174.0,155.0,-15.0,-360.0
-70.0,373.0,71.0,-557.0,-16.0,-144.0,-250.0,-57.0,-47.0,-370.0
-35.0,499.0,66.0,-594.0,4.0,-153.0,-246.0,-72.0,-78.0,-378.0
1.0,618.0,78.0,-607.0,21.0,-223.0,-229.0,-62.0,-69.0,-406.0
32.0,689.0,93.0,-621.0,40.0,-223.0,-223.0,-99.0,-41.0,-430.0
66.0,641.0,92.0,-619.0,58.0,27.0,-158.0,22.0,24.0,-426.0
89.0,488.0,120.0,-580.0,74.0,-10.0,-91.0,-22.0,100.0,-463.0
102.0,309.0,124.0,-551.0,95.0,-144.0,-141.0,25.0,146.0,-491.0
131.0,156.0,114.0,-519.0,119.0,-189.0,-191.0,20.0,190.0,-499.0
151.0,17.0,113.0,-441.0,142.0,-57.0,-218.0,-24.0,219.0,-520.0
167.0,-126.0,71.0,-386.0,152.0,77.0,-327.0,-103.0,231.0,-546.0
180.0,-248.0,42.0,-318.0,146.0,-93.0,-447.0,-232.0,226.0,-587.0
189.0,-307.0,5.0,-207.0,131.0,-64.0,-342.0,-173.0,187.0,-610.0
189.0,-318.0,-25.0,-164.0,107.0,4.0,-36.0,-157.0,114.0,-631.0
156.0,-327.0,-70.0,-114.0,67.0,93.0,129.0,-9.0,26.0,-673.0
116.0,-381.0,-116.0,-60.0,20.0,302.0,53.0,140.0,-75.0,-702.0
70.0,-501.0,-134.0,-38.0,-21.0,346.0,-88.0,157.0,-177.0,-712.0
25.0,-630.0,-188.0,0.0,-56.0,461.0,-165.0,44.0,-258.0,-740.0
-13.0,-731.0,-207.0,28.0,-80.0,407.0,-107.0,20.0,-339.0,-771.0
-56.0,-778.0,-228.0,44.0,-93.0,316.0,46.0,194.0,-405.0,-775.0
-106.0,-734.0,-250.0,38.0,-95.0,338.0,75.0,121.0,-445.0,-769.0
-160.0,-605.0,-232.0,31.0,-89.0,254.0,-24.0,206.0,-471.0,-780.0
-211.0,-363.0,-220.0,45.0,-66.0,363.0,-101.0,194.0,-466.0,-771.0
-260.0,-42.0,-194.0,79.0,-27.0,521.0,-124.0,123.0,-435.0,-728.0
-297.0,279.0,-141.0,130.0,28.0,611.0,-76.0,269.0,-382.0,-684.0
-336.0,604.0,-93.0,182.0,97.0,492.0,9.0,114.0,-319.0,-629.0
-362.0,930.0,-48.0,249.0,167.0,235.0,118.0,46.0,-272.0,-557.0
-378.0,1220.0,33.0,294.0,234.0,332.0,169.0,-131.0,-208.0,-457.0
-392.0,1438.0,91.0,335.0,286.0,517.0,146.0,-225.0,-129.0,-379.0
-388.0,1539.0,153.0,407.0,320.0,545.0,158.0,-46.0,-55.0,-289.0
-369.0,1510.0,227.0,425.0,334.0,410.0,202.0,-14.0,17.0,-172.0
-321.0,1385.0,298.0,428.0,320.0,325.0,257.0,197.0,69.0,-79.0
-271.0,1192.0,369.0,435.0,292.0,416.0,328.0,277.0,116.0,34.0
-207.0,957.0,415.0,365.0,259.0,258.0,330.0,279.0,143.0,148.0
-101.0,729.0,468.0,262.0,221.0,177.0,176.0,288.0,152.0,267.0
7.0,552.0,512.0,161.0,179.0,350.0,42.0,306.0,175.0,396.0
115.0,450.0,531.0,43.0,139.0,390.0,130.0,352.0,197.0,524.0
217.0,415.0,541.0,-70.0,107.0,444.0,386.0,68.0,221.0,669.0
311.0,353.0,546.0,-186.0,78.0,505.0,554.0,-75.0,265.0,813.0
390.0,209.0,509.0,-289.0,49.0,589.0,496.0,-123.0,305.0,953.0
460.0,38.0,461.0,-363.0,16.0,558.0,361.0,99.0,336.0,1092.0
521.0,-64.0,406.0,-404.0,-26.0,414.0,264.0,450.0,351.0,1227.0
579.0,-4.0,320.0,-388.0,-83.0,478.0,227.0,443.0,361.0,1315.0
632.0,217.0,251.0,-343.0,-155.0,429.0,280.0,467.0,377.0,1362.0
656.0,492.0,161.0,-296.0,-232.0,325.0,381.0,271.0,385.0,1367.0
680.0,715.0,52.0,-247.0,-297.0,381.0,373.0,27.0,379.0,1330.0
688.0,841.0,-45.0,-171.0,-339.0,425.0,294.0,-175.0,367.0,1242.0
692.0,813.0,-132.0,-92.0,-356.0,446.0,309.0,-225.0,354.0,1093.0
679.0,696.0,-210.0,-25.0,-346.0,395.0,382.0,33.0,319.0,938.0
654.0,627.0,-258.0,74.0,-314.0,325.0,514.0,101.0,282.0,744.0
635.0,561.0,-274.0,173.0,-274.0,234.0,664.0,90.0,236.0,527.0
585.0,421.0,-304.0,227.0,-243.0,121.0,646.0,-55.0,180.0,318.0
544.0,179.0,-308.0,263.0,-218.0,83.0,476.0,-72.0,141.0,102.0
467.0,-142.0,-273.0,306.0,-201.0,93.0,305.0,-11.0,124.0,-99.0
392.0,-469.0,-259.0,310.0,-187.0,160.0,202.0,-97.0,121.0,-291.0
328.0,-757.0,-224.0,280.0,-170.0,198.0,157.0,11.0,125.0,-441.0
252.0,-1001.0,-149.0,244.0,-145.0,210.0,194.0,3.0,134.0,-567.0
182.0,-1207.0,-80.0,184.0,-120.0,148.0,355.0,-42.0,137.0,-675.0
101.0,-1311.0,0.0,140.0,-101.0,20.0,467.0,-136.0,138.0,-722.0
41.0,-1245.0,99.0,96.0,-88.0,115.0,440.0,-214.0,131.0,-743.0
-24.0,-1023.0,185.0,17.0,-87.0,194.0,444.0,-142.0,121.0,-744.0
-73.0,-724.0,277.0,-6.0,-96.0,185.0,501.0,-116.0,111.0,-738.0
-127.0,-484.0,357.0,-4.0,-101.0,219.0,549.0,-11.0,121.0,-714.0
-163.0,-360.0,431.0,0.0,-82.0,234.0,534.0,-157.0,159.0,-672.0
-174.0,-270.0,493.0,22.0,-38.0,185.0,481.0,-325.0,187.0,-662.0
-187.0,-142.0,543.0,27.0,3.0,73.0,512.0,-530.0,220.0,-651.0
-186.0,-12.0,578.0,40.0,35.0,44.0,497.0,-574.0,262.0,-641.0
-184.0,25.0,600.0,60.0,61.0,0.0,303.0,-230.0,301.0,-659.0
-166.0,-44.0,621.0,81.0,77.0,-11.0,112.0,-210.0,340.0,-710.0
-159.0,-109.0,622.0,128.0,69.0,-33.0,109.0,62.0,368.0,-778.0
-140.0,-81.0,619.0,183.0,37.0,32.0,271.0,234.0,390.0,-846.0
-118.0,1.0,613.0,222.0,0.0,218.0,377.0,96.0,405.0,-931.0
-99.0,94.0,614.0,239.0,-26.0,282.0,313.0,206.0,420.0,-1015.0
-73.0,182.0,594.0,257.0,-42.0,357.0,197.0,164.0,442.0,-1049.0
-60.0,267.0,569.0,290.0,-53.0,289.0,149.0,269.0,456.0,-1044.0
-40.0,374.0,546.0,310.0,-61.0,127.0,246.0,328.0,453.0,-1026.0
-16.0,460.0,499.0,307.0,-57.0,37.0,365.0,288.0,437.0,-935.0
18.0,446.0,461.0,272.0,-44.0,3.0,372.0,304.0,403.0,-798.0
59.0,378.0,414.0,238.0,-27.0,11.0,419.0,310.0,343.0,-660.0
101.0,309.0,352.0,228.0,-9.0,25.0,560.0,310.0,281.0,-497.0
161.0,208.0,293.0,208.0,12.0,102.0,550.0,114.0,196.0,-326.0
223.0,45.0,219.0,230.0,32.0,116.0,342.0,35.0,104.0,-158.0
282.0,-213.0,143.0,273.0,40.0,78.0,223.0,-107.0,30.0,-26.0
349.0,-556.0,74.0,268.0,43.0,62.0,283.0,-123.0,-63.0,74.0
408.0,-844.0,-6.0,255.0,48.0,39.0,307.0,66.0,-134.0,171.0
463.0,-940.0,-62.0,253.0,53.0,-34.0,221.0,101.0,-191.0,245.0
495.0,-845.0,-144.0,237.0,66.0,-54.0,193.0,153.0,-244.0,279.0
522.0,-694.0,-211.0,200.0,96.0,127.0,258.0,103.0,-282.0,300.0
539.0,-605.0,-264.0,141.0,134.0,331.0,325.0,171.0,-322.0,322.0
535.0,-554.0,-334.0,80.0,171.0,258.0,325.0,262.0,-338.0,326.0
529.0,-437.0,-372.0,27.0,194.0,100.0,304.0,369.0,-347.0,316.0
506.0,-222.0,-407.0,-11.0,203.0,132.0,404.0,539.0,-377.0,307.0
485.0,14.0,-417.0,-16.0,206.0,6.0,571.0,397.0,-385.0,312.0
437.0,168.0,-420.0,-35.0,200.0,-121.0,606.0,273.0,-371.0,295.0
389.0,214.0,-390.0,-55.0,187.0,-25.0,436.0,129.0,-366.0,262.0
329.0,257.0,-355.0,-44.0,166.0,162.0,255.0,116.0,-365.0,247.0
260.0,393.0,-322.0,-50.0,146.0,281.0,250.0,245.0,-341.0,209.0
194.0,600.0,-250.0,-58.0,133.0,177.0,338.0,197.0,-305.0,164.0
130.0,793.0,-207.0,-59.0,128.0,175.0,469.0,208.0,-262.0,118.0
73.0,924.0,-160.0,-62.0,136.0,117.0,641.0,99.0,-196.0,78.0
17.0,1063.0,-115.0,-75.0,164.0,114.0,707.0,27.0,-137.0,30.0
0.0,1295.0,-72.0,-83.0,200.0,262.0,590.0,-66.0,-93.0,-19.0
-41.0,1546.0,-43.0,-107.0,227.0,229.0,373.0,-138.0,-36.0,-37.0
-69.0,1647.0,-48.0,-160.0,242.0,139.0,301.0,1.0,7.0,-60.0
-109.0,1478.0,-24.0,-197.0,241.0,68.0,503.0,97.0,42.0,-76.0
-152.0,1025.0,-20.0,-247.0,213.0,167.0,716.0,301.0,86.0,-95.0
-183.0,452.0,-26.0,-328.0,161.0,262.0,631.0,363.0,128.0,-89.0
-227.0,5.0,-7.0,-395.0,103.0,268.0,339.0,315.0,184.0,-73.0
-246.0,-229.0,-2.0,-442.0,58.0,279.0,155.0,144.0,248.0,-79.0
-264.0,-320.0,9.0,-495.0,32.0,379.0,138.0,-35.0,313.0,-67.0
-261.0,-327.0,42.0,-515.0,21.0,473.0,186.0,-18.0,370.0,-64.0
-248.0,-305.0,86.0,-512.0,24.0,341.0,271.0,-53.0,412.0,-65.0
-211.0,-346.0,110.0,-502.0,35.0,298.0,438.0,173.0,443.0,-78.0
-166.0,-459.0,147.0,-484.0,43.0,240.0,591.0,312.0,451.0,-92.0
-108.0,-599.0,199.0,-445.0,41.0,-74.0,581.0,360.0,459.0,-86.0
-36.0,-702.0,236.0,-393.0,24.0,-315.0,495.0,393.0,458.0,-71.0
41.0,-727.0,272.0,-363.0,5.0,-221.0,479.0,110.0,443.0,-50.0
147.0,-720.0,282.0,-312.0,-6.0,-112.0,540.0,35.0,425.0,-6.0
259.0,-659.0,282.0,-250.0,-12.0,-106.0,601.0,18.0,393.0,58.0
374.0,-494.0,302.0,-203.0,-21.0,-61.0,584.0,-20.0,363.0,98.0
487.0,-287.0,272.0,-177.0,-38.0,12.0,489.0,27.0,335.0,153.0
592.0,-82.0,283.0,-145.0,-59.0,-14.0,444.0,-53.0,308.0,208.0
666.0,157.0,305.0,-107.0,-90.0,-236.0,549.0,-42.0,292.0,220.0
726.0,380.0,313.0,-74.0,-128.0,-322.0,640.0,83.0,266.0,226.0
760.0,518.0,369.0,-10.0,-152.0,-281.0,555.0,299.0,249.0,217.0
790.0,657.0,316.0,44.0,-152.0,-133.0,435.0,388.0,226.0,186.0
803.0,808.0,284.0,89.0,-138.0,14.0,415.0,450.0,195.0,145.0
810.0,818.0,244.0,112.0,-130.0,103.0,483.0,456.0,167.0,78.0
815.0,660.0,145.0,128.0,-131.0,172.0,520.0,212.0,136.0,22.0
801.0,413.0,115.0,143.0,-141.0,-56.0,492.0,90.0,115.0,-18.0
795.0,168.0,112.0,148.0,-151.0,-332.0,539.0,-173.0,93.0,-91.0
756.0,25.0,62.0,198.0,-154.0,-407.0,663.0,-201.0,80.0,-150.0
734.0,13.0,33.0,240.0,-149.0,-331.0,734.0,-77.0,79.0,-193.0
695.0,65.0,50.0,290.0,-143.0,-238.0,635.0,-157.0,71.0,-231.0
663.0,79.0,-7.0,349.0,-142.0,-230.0,408.0,40.0,55.0,-272.0
632.0,16.0,-34.0,384.0,-140.0,-285.0,234.0,-38.0,31.0,-299.0
597.0,-104.0,-14.0,446.0,-130.0,-324.0,234.0,-136.0,25.0,-308.0
590.0,-216.0,-13.0,494.0,-105.0,-262.0,306.0,-90.0,33.0,-342.0
567.0,-270.0,-15.0,536.0,-76.0,-140.0,243.0,-62.0,48.0,-369.0
556.0,-275.0,-11.0,564.0,-58.0,-95.0,124.0,103.0,73.0,-385.0
531.0,-286.0,-4.0,584.0,-52.0,-150.0,142.0,107.0,104.0,-403.0
518.0,-284.0,-3.0,638.0,-51.0,-247.0,268.0,234.0,131.0,-424.0
485.0,-191.0,10.0,691.0,-49.0,-335.0,292.0,238.0,146.0,-427.0
458.0,-25.0,55.0,724.0,-52.0,-165.0,126.0,251.0,161.0,-400.0
422.0,146.0,97.0,756.0,-57.0,11.0,-42.0,258.0,172.0,-377.0
381.0,262.0,113.0,783.0,-64.0,-42.0,-12.0,84.0,171.0,-358.0
351.0,333.0,181.0,790.0,-71.0,-120.0,198.0,109.0,146.0,-329.0
304.0,412.0,208.0,762.0,-69.0,-110.0,355.0,-27.0,123.0,-283.0
263.0,499.0,222.0,736.0,-51.0,-186.0,269.0,-57.0,79.0,-250.0
176.0,540.0,249.0,700.0,-24.0,-190.0,87.0,-86.0,28.0,-235.0
118.0,441.0,229.0,623.0,-2.0,98.0,37.0,-160.0,-5.0,-205.0
66.0,194.0,280.0,539.0,12.0,86.0,37.0,-125.0,-34.0,-172.0
6.0,4.0,272.0,421.0,11.0,-129.0,-56.0,-181.0,-48.0,-145.0
-45.0,47.0,257.0,318.0,-1.0,-228.0,-129.0,-81.0,-56.0,-107.0
-83.0,128.0,332.0,234.0,-3.0,-210.0,-34.0,-86.0,-43.0,-44.0
-108.0,121.0,284.0,155.0,14.0,-178.0,119.0,66.0,-22.0,21.0
-142.0,77.0,274.0,86.0,51.0,-242.0,124.0,249.0,-2.0,90.0
-151.0,-18.0,332.0,4.0,97.0,-234.0,-4.0,321.0,16.0,176.0
-159.0,-137.0,265.0,-17.0,134.0,-106.0,-170.0,419.0,39.0,283.0
-136.0,-196.0,241.0,7.0,155.0,63.0,-208.0,280.0,54.0,371.0
-113.0,-171.0,267.0,54.0,155.0,-29.0,-12.0,375.0,58.0,451.0
-61.0,-113.0,203.0,62.0,142.0,-145.0,115.0,393.0,47.0,559.0
-8.0,-2.0,184.0,86.0,121.0,-194.0,-71.0,312.0,18.0,638.0
41.0,155.0,199.0,140.0,103.0,-211.0,-407.0,310.0,-7.0,684.0
105.0,307.0,180.0,133.0,101.0,-220.0,-513.0,225.0,-42.0,723.0
135.0,400.0,206.0,154.0,107.0,-217.0,-354.0,295.0,-55.0,741.0
172.0,389.0,264.0,186.0,118.0,-93.0,-158.0,260.0,-61.0,724.0
179.0,352.0,281.0,203.0,132.0,-169.0,45.0,169.0,-78.0,669.0
202.0,379.0,287.0,241.0,145.0,-51.0,83.0,3.0,-99.0,605.0
230.0,438.0,313.0,266.0,151.0,82.0,-170.0,-151.0,-136.0,525.0
239.0,471.0,297.0,283.0,154.0,-61.0,-414.0,-199.0,-149.0,430.0
244.0,467.0,311.0,294.0,163.0,-226.0,-409.0,-260.0,-151.0,340.0
246.0,466.0,314.0,284.0,181.0,-354.0,-201.0,-129.0,-141.0,286.0
249.0,587.0,304.0,276.0,191.0,-406.0,62.0,-112.0,-130.0,232.0
234.0,773.0,324.0,249.0,182.0,-519.0,172.0,-33.0,-120.0,168.0
197.0,846.0,315.0,222.0,168.0,-392.0,24.0,123.0,-102.0,153.0
149.0,769.0,342.0,232.0,162.0,-294.0,-247.0,134.0,-82.0,150.0
113.0,572.0,345.0,235.0,164.0,-244.0,-420.0,254.0,-24.0,141.0
66.0,305.0,363.0,243.0,158.0,-235.0,-433.0,160.0,46.0,134.0
31.0,5.0,392.0,263.0,136.0,-337.0,-317.0,-9.0,123.0,148.0
-7.0,-270.0,401.0,265.0,101.0,-221.0,-84.0,-230.0,206.0,184.0
-49.0,-484.0,422.0,252.0,65.0,-233.0,59.0,-410.0,262.0,181.0
-66.0,-620.0,415.0,215.0,38.0,-166.0,-61.0,-297.0,300.0,172.0
-67.0,-634.0,394.0,145.0,26.0,-47.0,-288.0,-188.0,315.0,176.0
-66.0,-519.0,365.0,69.0,18.0,50.0,-307.0,46.0,312.0,157.0
-72.0,-387.0,347.0,-9.0,-1.0,15.0,-63.0,145.0,305.0,109.0
-62.0,-317.0,325.0,-86.0,-24.0,-152.0,207.0,188.0,290.0,62.0
-41.0,-253.0,313.0,-149.0,-34.0,-16.0,263.0,205.0,281.0,19.0
-2.0,-277.0,293.0,-175.0,-23.0,19.0,56.0,131.0,285.0,-33.0
26.0,-490.0,287.0,-182.0,0.0,-93.0,-138.0,206.0,276.0,-82.0
74.0,-792.0,269.0,-193.0,25.0,-129.0,-90.0,60.0,254.0,-106.0
139.0,-1042.0,210.0,-159.0,55.0,24.0,79.0,-11.0,250.0,-108.0
204.0,-1203.0,188.0,-118.0,81.0,111.0,205.0,-35.0,234.0,-120.0
257.0,-1293.0,154.0,-82.0,101.0,105.0,325.0,-79.0,217.0,-121.0
293.0,-1226.0,103.0,-21.0,116.0,210.0,410.0,-51.0,211.0,-106.0
332.0,-924.0,72.0,38.0,128.0,294.0,363.0,-221.0,185.0,-106.0
352.0,-461.0,21.0,71.0,137.0,377.0,202.0,-216.0,147.0,-138.0
368.0,-18.0,-33.0,110.0,135.0,317.0,61.0,-227.0,91.0,-173.0
364.0,258.0,-65.0,163.0,112.0,308.0,99.0,-210.0,32.0,-204.0
361.0,325.0,-115.0,190.0,79.0,258.0,252.0,-149.0,-7.0,-261.0
359.0,226.0,-144.0,231.0,44.0,111.0,416.0,-182.0,-39.0,-313.0
353.0,141.0,-133.0,282.0,6.0,116.0,493.0,-16.0,-69.0,-352.0
352.0,218.0,-154.0,311.0,-23.0,191.0,380.0,-16.0,-97.0,-363.0
355.0,357.0,-150.0,296.0,-45.0,206.0,167.0,-3.0,-140.0,-372.0
364.0,468.0,-137.0,246.0,-54.0,198.0,21.0,-83.0,-179.0,-377.0
359.0,573.0,-140.0,212.0,-51.0,467.0,23.0,-177.0,-179.0,-361.0
356.0,568.0,-137.0,210.0,-47.0,574.0,162.0,-42.0,-163.0,-376.0
361.0,427.0,-151.0,203.0,-48.0,421.0,417.0,-120.0,-135.0,-405.0
387.0,266.0,-149.0,182.0,-69.0,263.0,613.0,-64.0,-100.0,-437.0
416.0,213.0,-156.0,169.0,-105.0,201.0,516.0,-44.0,-77.0,-460.0
454.0,308.0,-143.0,152.0,-142.0,402.0,230.0,-12.0,-55.0,-500.0
490.0,520.0,-128.0,169.0,-157.0,396.0,101.0,-9.0,-20.0,-527.0
531.0,772.0,-135.0,205.0,-143.0,348.0,206.0,-153.0,22.0,-496.0
557.0,793.0,-119.0,228.0,-118.0,301.0,345.0,-84.0,60.0,-478.0
580.0,513.0,-127.0,256.0,-101.0,371.0,345.0,-118.0,100.0,-451.0
597.0,126.0,-121.0,280.0,-101.0,556.0,194.0,-73.0,146.0,-407.0
594.0,-161.0,-106.0,277.0,-116.0,447.0,52.0,-144.0,189.0,-347.0
616.0,-240.0,-95.0,262.0,-143.0,509.0,47.0,-186.0,225.0,-296.0
616.0,-202.0,-67.0,290.0,-175.0,462.0,180.0,-133.0,243.0,-251.0
630.0,-25.0,-57.0,355.0,-192.0,325.0,283.0,-279.0,252.0,-175.0
629.0,328.0,-46.0,405.0,-180.0,431.0,277.0,-158.0,265.0,-105.0
629.0,778.0,-46.0,431.0,-147.0,531.0,235.0,-206.0,273.0,-38.0
631.0,1167.0,-52.0,432.0,-118.0,572.0,160.0,-186.0,265.0,30.0
606.0,1306.0,-56.0,439.0,-105.0,470.0,144.0,-72.0,249.0,115.0
579.0,1131.0,-60.0,433.0,-103.0,467.0,182.0,-181.0,231.0,178.0
544.0,825.0,-52.0,416.0,-103.0,427.0,246.0,-42.0,205.0,227.0
503.0,670.0,-65.0,390.0,-108.0,354.0,352.0,0.0,176.0,292.0
453.0,645.0,-67.0,321.0,-119.0,386.0,316.0,22.0,146.0,342.0
434.0,463.0,-58.0,252.0,-126.0,364.0,108.0,14.0,115.0,378.0
407.0,-38.0,-57.0,183.0,-121.0,331.0,-14.0,-42.0,94.0,402.0
398.0,-652.0,-42.0,93.0,-104.0,147.0,56.0,-29.0,63.0,422.0
383.0,-1043.0,-12.0,25.0,-94.0,86.0,251.0,-24.0,28.0,424.0
363.0,-1062.0,-1.0,-19.0,-101.0,157.0,450.0,131.0,-2.0,402.0
358.0,-831.0,8.0,-58.0,-114.0,100.0,431.0,12.0,-43.0,366.0
338.0,-574.0,38.0,-59.0,-123.0,25.0,189.0,-125.0,-72.0,323.0
330.0,-392.0,24.0,-36.0,-126.0,-17.0,-6.0,-260.0,-100.0,262.0
319.0,-320.0,36.0,-21.0,-138.0,87.0,-90.0,-375.0,-123.0,193.0
345.0,-400.0,39.0,21.0,-148.0,48.0,-88.0,-171.0,-134.0,150.0
368.0,-613.0,50.0,100.0,-143.0,-193.0,28.0,-94.0,-152.0,119.0
377.0,-808.0,66.0,191.0,-126.0,-129.0,173.0,103.0,-154.0,96.0
378.0,-856.0,51.0,281.0,-96.0,-18.0,170.0,201.0,-143.0,93.0
394.0,-766.0,67.0,357.0,-43.0,-72.0,-24.0,153.0,-120.0,115.0
388.0,-655.0,55.0,441.0,25.0,12.0,-97.0,97.0,-81.0,138.0
367.0,-606.0,46.0,506.0,102.0,131.0,94.0,-97.0,-29.0,153.0
363.0,-582.0,47.0,536.0,180.0,203.0,324.0,-86.0,40.0,183.0
331.0,-573.0,37.0,552.0,249.0,210.0,362.0,-134.0,122.0,237.0
299.0,-563.0,25.0,564.0,298.0,177.0,98.0,5.0,209.0,280.0
253.0,-527.0,17.0,578.0,326.0,76.0,-184.0,201.0,293.0,303.0
225.0,-389.0,33.0,576.0,344.0,-110.0,-235.0,290.0,388.0,348.0
171.0,-32.0,17.0,562.0,363.0,-240.0,-42.0,375.0,478.0,380.0
128.0,541.0,13.0,528.0,373.0,-267.0,280.0,109.0,572.0,377.0
98.0,1173.0,16.0,484.0,358.0,-114.0,400.0,36.0,664.0,365.0
68.0,1565.0,-2.0,471.0,329.0,-36.0,247.0,-40.0,727.0,353.0
49.0,1567.0,12.0,470.0,298.0,-6.0,-42.0,-20.0,789.0,331.0
8.0,1342.0,38.0,473.0,272.0,93.0,-330.0,203.0,827.0,291.0
-6.0,1100.0,75.0,472.0,245.0,81.0,-348.0,97.0,838.0,265.0
-62.0,966.0,122.0,435.0,218.0,0.0,-54.0,116.0,845.0,247.0
-88.0,917.0,170.0,388.0,200.0,-72.0,142.0,83.0,825.0,210.0
-98.0,811.0,234.0,347.0,200.0,73.0,-17.0,62.0,783.0,157.0
-115.0,599.0,272.0,262.0,213.0,151.0,-256.0,99.0,722.0,115.0
-118.0,349.0,311.0,158.0,209.0,-95.0,-253.0,-14.0,633.0,82.0
-133.0,100.0,366.0,67.0,175.0,-239.0,-90.0,36.0,516.0,32.0
-130.0,-159.0,390.0,-17.0,127.0,-131.0,-54.0,79.0,381.0,-7.0
-131.0,-405.0,428.0,-66.0,91.0,93.0,-129.0,35.0,249.0,-22.0
-129.0,-563.0,460.0,-101.0,70.0,284.0,-166.0,-192.0,107.0,-37.0
-127.0,-650.0,441.0,-91.0,56.0,319.0,-190.0,-254.0,-39.0,-58.0
-113.0,-697.0,452.0,-71.0,38.0,252.0,-278.0,-151.0,-174.0,-74.0
-108.0,-704.0,462.0,-66.0,18.0,205.0,-373.0,-105.0,-299.0,-89.0
-115.0,-761.0,455.0,-11.0,1.0,172.0,-334.0,-33.0,-407.0,-129.0
-115.0,-947.0,473.0,45.0,-11.0,195.0,-241.0,-153.0,-502.0,-190.0
-113.0,-1190.0,452.0,109.0,-23.0,194.0,-236.0,-225.0,-565.0,-253.0
-111.0,-1300.0,444.0,177.0,-41.0,90.0,-391.0,-362.0,-622.0,-314.0
-101.0,-1161.0,424.0,247.0,-67.0,161.0,-587.0,-445.0,-678.0,-384.0
-75.0,-792.0,371.0,335.0,-82.0,375.0,-564.0,-397.0,-706.0,-455.0
-64.0,-343.0,332.0,384.0,-67.0,461.0,-314.0,-445.0,-715.0,-499.0
-48.0,-79.0,254.0,411.0,-26.0,559.0,-202.0,-363.0,-713.0,-522.0
-29.0,-79.0,204.0,437.0,16.0,686.0,-369.0,-319.0,-686.0,-543.0
-29.0,-139.0,142.0,456.0,31.0,661.0,-503.0,-227.0,-648.0,-543.0
-43.0,-104.0,81.0,469.0,21.0,620.0,-451.0,-114.0,-608.0,-504.0
-49.0,26.0,44.0,455.0,0.0,521.0,-305.0,-88.0,-554.0,-486.0
-52.0,232.0,-17.0,432.0,-16.0,501.0,-273.0,-70.0,-495.0,-472.0
-64.0,425.0,-52.0,394.0,-27.0,569.0,-250.0,-221.0,-432.0,-415.0
-79.0,508.0,-92.0,326.0,-43.0,300.0,-126.0,-343.0,-373.0,-361.0
-103.0,471.0,-136.0,238.0,-58.0,96.0,-183.0,-441.0,-319.0,-331.0
-121.0,307.0,-177.0,142.0,-61.0,204.0,-434.0,-489.0,-262.0,-283.0
-163.0,90.0,-185.0,57.0,-54.0,503.0,-602.0,-404.0,-203.0,-203.0
-204.0,-4.0,-200.0,-10.0,-55.0,855.0,-464.0,-349.0,-138.0,-112.0
-219.0,187.0,-216.0,-55.0,-67.0,794.0,-156.0,-373.0,-86.0,-8.0
-244.0,600.0,-206.0,-104.0,-80.0,472.0,-79.0,-533.0,-27.0,105.0
-258.0,956.0,-220.0,-164.0,-91.0,229.0,-337.0,-448.0,39.0,238.0
-265.0,1019.0,-198.0,-210.0,-92.0,215.0,-540.0,-376.0,108.0,354.0
-273.0,723.0,-191.0,-231.0,-80.0,321.0,-402.0,-397.0,168.0,445.0
-267.0,257.0,-156.0,-237.0,-65.0,182.0,-113.0,-291.0,219.0,552.0
-256.0,-185.0,-119.0,-210.0,-60.0,54.0,24.0,-413.0,272.0,632.0
-238.0,-454.0,-117.0,-169.0,-65.0,160.0,-109.0,-362.0,302.0,688.0
-204.0,-439.0,-59.0,-139.0,-76.0,346.0,-299.0,-413.0,345.0,724.0
-173.0,-285.0,-51.0,-83.0,-84.0,670.0,-356.0,-349.0,392.0,757.0
-151.0,-107.0,-30.0,-24.0,-85.0,882.0,-316.0,-22.0,425.0,786.0
-109.0,69.0,4.0,38.0,-82.0,908.0,-267.0,-75.0,470.0,784.0
-66.0,138.0,33.0,84.0,-82.0,819.0,-223.0,-9.0,487.0,799.0
-20.0,10.0,67.0,86.0,-92.0,456.0,-124.0,-131.0,496.0,830.0
30.0,-165.0,69.0,79.0,-111.0,225.0,-155.0,-386.0,497.0,835.0
84.0,-195.0,93.0,86.0,-125.0,158.0,-343.0,-417.0,461.0,815.0
150.0,-55.0,78.0,110.0,-119.0,33.0,-418.0,-417.0,421.0,816.0
206.0,184.0,63.0,135.0,-103.0,26.0,-253.0,-291.0,379.0,801.0
271.0,440.0,73.0,141.0,-97.0,172.0,20.0,-199.0,329.0,732.0
320.0,655.0,63.0,133.0,-106.0,538.0,86.0,-25.0,279.0,670.0
364.0,661.0,55.0,149.0,-116.0,820.0,-124.0,33.0,220.0,617.0
410.0,362.0,34.0,179.0,-120.0,714.0,-342.0,24.0,156.0,546.0
474.0,-49.0,26.0,220.0,-113.0,569.0,-334.0,-70.0,83.0,447.0
514.0,-375.0,0.0,276.0,-92.0,426.0,-128.0,-325.0,36.0,362.0
530.0,-559.0,-23.0,356.0,-57.0,239.0,63.0,-397.0,-19.0,290.0
564.0,-573.0,-18.0,451.0,-20.0,166.0,113.0,-397.0,-84.0,198.0
572.0,-414.0,-54.0,534.0,12.0,135.0,38.0,-197.0,-134.0,104.0
589.0,-198.0,-64.0,610.0,46.0,300.0,-14.0,-16.0,-198.0,35.0
586.0,-65.0,-76.0,658.0,75.0,440.0,80.0,127.0,-262.0,-32.0
584.0,-55.0,-116.0,687.0,93.0,325.0,152.0,286.0,-339.0,-123.0
574.0,-107.0,-114.0,707.0,104.0,169.0,56.0,145.0,-419.0,-188.0
570.0,-168.0,-143.0,726.0,108.0,190.0,-59.0,-42.0,-463.0,-228.0
564.0,-202.0,-162.0,740.0,105.0,427.0,-82.0,-264.0,-488.0,-285.0
538.0,-181.0,-125.0,725.0,102.0,543.0,-100.0,-279.0,-483.0,-362.0
527.0,-72.0,-109.0,701.0,106.0,443.0,-124.0,-120.0,-449.0,-414.0
478.0,84.0,-82.0,658.0,126.0,146.0,-43.0,-51.0,-402.0,-443.0
456.0,186.0,-49.0,591.0,159.0,-117.0,75.0,110.0,-341.0,-486.0
411.0,203.0,-8.0,524.0,172.0,-77.0,157.0,194.0,-274.0,-509.0
378.0,130.0,33.0,468.0,151.0,123.0,177.0,290.0,-203.0,-500.0
344.0,-3.0,70.0,415.0,107.0,56.0,73.0,230.0,-127.0,-484.0
293.0,-141.0,153.0,356.0,62.0,-60.0,-22.0,66.0,-47.0,-465.0
290.0,-271.0,182.0,314.0,35.0,193.0,109.0,49.0,31.0,-411.0
258.0,-389.0,230.0,260.0,27.0,433.0,386.0,-114.0,117.0,-327.0
247.0,-439.0,282.0,204.0,29.0,554.0,473.0,-205.0,226.0,-247.0
231.0,-357.0,320.0,174.0,33.0,501.0,264.0,-269.0,328.0,-169.0
227.0,-154.0,383.0,137.0,30.0,444.0,38.0,-151.0,393.0,-75.0
218.0,76.0,405.0,89.0,16.0,480.0,105.0,90.0,440.0,22.0
190.0,168.0,464.0,48.0,6.0,340.0,308.0,127.0,467.0,81.0
182.0,103.0,491.0,26.0,9.0,164.0,271.0,195.0,496.0,116.0
154.0,62.0,532.0,3.0,29.0,158.0,35.0,31.0,522.0,153.0
130.0,131.0,541.0,-26.0,57.0,224.0,-76.0,-101.0,528.0,145.0
105.0,250.0,514.0,-62.0,84.0,193.0,36.0,-190.0,544.0,100.0
81.0,389.0,516.0,-98.0,105.0,297.0,144.0,-334.0,550.0,52.0
59.0,573.0,457.0,-112.0,118.0,396.0,149.0,-260.0,556.0,21.0
46.0,747.0,426.0,-162.0,114.0,338.0,126.0,-184.0,555.0,-4.0
7.0,801.0,374.0,-209.0,85.0,296.0,123.0,20.0,550.0,-54.0
-38.0,707.0,324.0,-242.0,50.0,214.0,144.0,88.0,548.0,-48.0
-88.0,516.0,285.0,-277.0,26.0,182.0,54.0,42.0,524.0,-26.0
-147.0,307.0,211.0,-262.0,19.0,306.0,-97.0,18.0,510.0,-26.0
-217.0,156.0,163.0,-252.0,18.0,405.0,-101.0,-160.0,467.0,1.0
-283.0,47.0,117.0,-245.0,0.0,275.0,-4.0,-184.0,414.0,58.0
-311.0,-76.0,54.0,-212.0,-30.0,163.0,76.0,-138.0,351.0,139.0
-343.0,-198.0,9.0,-173.0,-57.0,204.0,-21.0,-66.0,242.0,198.0
-358.0,-245.0,-18.0,-138.0,-56.0,272.0,-343.0,-27.0,121.0,273.0
-366.0,-210.0,-62.0,-107.0,-18.0,359.0,-504.0,-24.0,-28.0,368.0
-351.0,-140.0,-70.0,-90.0,42.0,461.0,-353.0,-42.0,-175.0,435.0
-321.0,-44.0,-98.0,-77.0,99.0,456.0,-185.0,-48.0,-286.0,485.0
-294.0,40.0,-104.0,-45.0,125.0,483.0,-146.0,72.0,-378.0,565.0
-250.0,78.0,-116.0,13.0,118.0,504.0,-213.0,-14.0,-474.0,628.0
-188.0,70.0,-169.0,101.0,98.0,381.0,-311.0,-12.0,-584.0,642.0
-110.0,39.0,-163.0,185.0,78.0,371.0,-331.0,62.0,-691.0,677.0
-42.0,45.0,-200.0,240.0,64.0,286.0,-290.0,-27.0,-812.0,719.0
31.0,102.0,-216.0,264.0,62.0,221.0,-276.0,-136.0,-907.0,756.0
110.0,166.0,-201.0,295.0,68.0,235.0,-297.0,-269.0,-965.0,764.0
188.0,186.0,-213.0,314.0,74.0,321.0,-342.0,-140.0,-1005.0,762.0
229.0,53.0,-208.0,283.0,71.0,528.0,-378.0,-9.0,-1026.0,752.0
242.0,-282.0,-205.0,234.0,50.0,519.0,-328.0,99.0,-1034.0,668.0
236.0,-621.0,-171.0,160.0,14.0,501.0,-279.0,205.0,-1026.0,545.0
229.0,-705.0,-160.0,48.0,-24.0,422.0,-255.0,116.0,-990.0,413.0
222.0,-573.0,-129.0,-56.0,-51.0,367.0,-194.0,171.0,-922.0,259.0
212.0,-382.0,-100.0,-169.0,-57.0,371.0,-159.0,70.0,-827.0,83.0
208.0,-171.0,-85.0,-280.0,-38.0,242.0,-265.0,-112.0,-722.0,-63.0
171.0,-26.0,-37.0,-359.0,-8.0,310.0,-493.0,-230.0,-614.0,-164.0
123.0,-62.0,-31.0,-425.0,10.0,430.0,-570.0,-312.0,-504.0,-251.0
70.0,-304.0,-9.0,-453.0,14.0,432.0,-436.0,-208.0,-383.0,-311.0
13.0,-657.0,5.0,-439.0,2.0,383.0,-331.0,-205.0,-245.0,-300.0
-43.0,-884.0,17.0,-384.0,-21.0,270.0,-392.0,-20.0,-77.0,-210.0
-81.0,-813.0,42.0,-330.0,-59.0,122.0,-519.0,53.0,97.0,-117.0
-99.0,-482.0,64.0,-247.0,-110.0,29.0,-602.0,-48.0,255.0,-14.0
-110.0,-77.0,91.0,-132.0,-152.0,128.0,-623.0,11.0,402.0,122.0
-120.0,202.0,83.0,-24.0,-174.0,297.0,-591.0,38.0,525.0,213.0
-134.0,255.0,78.0,86.0,-190.0,268.0,-590.0,203.0,623.0,260.0
-156.0,155.0,66.0,185.0,-216.0,119.0,-637.0,251.0,691.0,308.0
-182.0,67.0,58.0,285.0,-256.0,47.0,-655.0,201.0,705.0,350.0
-206.0,-1.0,40.0,379.0,-293.0,143.0,-623.0,118.0,688.0,354.0
-226.0,-79.0,46.0,446.0,-308.0,267.0,-621.0,107.0,650.0,306.0
-216.0,-112.0,38.0,494.0,-301.0,253.0,-637.0,197.0,568.0,265.0
-204.0,-77.0,-11.0,519.0,-279.0,400.0,-621.0,101.0,457.0,224.0
-187.0,28.0,-4.0,500.0,-248.0,515.0,-578.0,129.0,344.0,156.0
-178.0,198.0,-48.0,470.0,-210.0,388.0,-531.0,90.0,242.0,121.0
-150.0,379.0,-105.0,408.0,-159.0,323.0,-550.0,164.0,140.0,132.0
-125.0,514.0,-125.0,312.0,-98.0,256.0,-626.0,306.0,53.0,157.0
-122.0,664.0,-182.0,225.0,-39.0,193.0,-699.0,114.0,-10.0,182.0
-91.0,826.0,-241.0,128.0,12.0,135.0,-636.0,33.0,-67.0,247.0
-89.0,817.0,-283.0,13.0,52.0,61.0,-456.0,-20.0,-89.0,318.0
-91.0,578.0,-354.0,-62.0,84.0,106.0,-333.0,16.0,-93.0,355.0
-121.0,296.0,-418.0,-124.0,121.0,206.0,-364.0,59.0,-98.0,361.0
-135.0,145.0,-465.0,-178.0,159.0,348.0,-481.0,-27.0,-91.0,370.0
-143.0,89.0,-539.0,-180.0,184.0,372.0,-465.0,-14.0,-104.0,386.0
-161.0,-18.0,-556.0,-193.0,189.0,146.0,-342.0,-64.0,-123.0,341.0
-157.0,-249.0,-618.0,-141.0,178.0,41.0,-243.0,55.0,-141.0,284.0
-177.0,-486.0,-649.0,-40.0,164.0,265.0,-221.0,147.0,-178.0,246.0
-189.0,-537.0,-655.0,60.0,155.0,444.0,-305.0,107.0,-221.0,194.0
-225.0,-444.0,-696.0,186.0,152.0,286.0,-405.0,112.0,-253.0,142.0
-259.0,-424.0,-682.0,286.0,150.0,76.0,-454.0,57.0,-280.0,113.0
-299.0,-528.0,-714.0,353.0,137.0,27.0,-398.0,88.0,-320.0,110.0
-331.0,-656.0,-678.0,383.0,111.0,87.0,-333.0,-29.0,-349.0,76.0
-357.0,-741.0,-672.0,370.0,90.0,76.0,-339.0,-107.0,-354.0,46.0
-380.0,-731.0,-649.0,334.0,75.0,65.0,-351.0,-48.0,-327.0,44.0
-393.0,-624.0,-562.0,286.0,60.0,300.0,-351.0,-38.0,-287.0,28.0
-405.0,-519.0,-525.0,204.0,36.0,328.0,-309.0,-22.0,-235.0,-3.0
-415.0,-426.0,-417.0,112.0,14.0,107.0,-264.0,-86.0,-172.0,-19.0
-450.0,-279.0,-346.0,0.0,10.0,54.0,-236.0,-38.0,-97.0,-21.0
-467.0,-64.0,-254.0,-143.0,20.0,117.0,-222.0,-94.0,4.0,-40.0
-496.0,215.0,-140.0,-269.0,35.0,181.0,-181.0,-94.0,121.0,-56.0
-506.0,524.0,-75.0,-389.0,52.0,25.0,-118.0,75.0,238.0,-37.0
-509.0,759.0,31.0,-506.0,62.0,-198.0,-105.0,151.0,349.0,-14.0
-512.0,885.0,121.0,-598.0,65.0,-292.0,-127.0,195.0,448.0,-27.0
-529.0,964.0,197.0,-674.0,59.0,-356.0,-193.0,-14.0,530.0,-23.0
-542.0,1006.0,284.0,-748.0,50.0,-222.0,-211.0,-90.0,583.0,5.0
-545.0,917.0,345.0,-751.0,45.0,2.0,-141.0,-18.0,586.0,14.0
-558.0,667.0,381.0,-702.0,35.0,30.0,-60.0,62.0,567.0,10.0
-542.0,353.0,407.0,-674.0,14.0,-201.0,-23.0,223.0,552.0,14.0
-549.0,35.0,419.0,-658.0,-3.0,-488.0,-87.0,142.0,542.0,22.0
-530.0,-289.0,430.0,-621.0,-1.0,-529.0,-169.0,160.0,512.0,14.0
-503.0,-570.0,427.0,-561.0,25.0,-517.0,-188.0,40.0,452.0,1.0
-443.0,-696.0,406.0,-495.0,56.0,-578.0,-154.0,-112.0,378.0,-9.0
-385.0,-624.0,384.0,-406.0,74.0,-517.0,-68.0,-18.0,297.0,-7.0
-316.0,-464.0,326.0,-316.0,85.0,-440.0,10.0,-66.0,243.0,3.0
-225.0,-355.0,266.0,-233.0,97.0,-436.0,17.0,22.0,192.0,34.0
-170.0,-306.0,198.0,-164.0,113.0,-417.0,-37.0,68.0,128.0,99.0
-95.0,-216.0,112.0,-131.0,129.0,-365.0,-111.0,68.0,56.0,170.0
-40.0,-9.0,36.0,-114.0,131.0,-295.0,-141.0,90.0,-27.0,241.0
26.0,288.0,-27.0,-69.0,120.0,-245.0,-75.0,84.0,-111.0,320.0
80.0,505.0,-97.0,-22.0,94.0,-267.0,45.0,242.0,-207.0,421.0
156.0,556.0,-160.0,33.0,52.0,-267.0,123.0,275.0,-295.0,511.0
211.0,623.0,-175.0,82.0,9.0,-150.0,49.0,315.0,-367.0,575.0
236.0,833.0,-226.0,60.0,-32.0,-63.0,-77.0,227.0,-433.0,649.0
281.0,1023.0,-248.0,21.0,-60.0,-48.0,-56.0,86.0,-497.0,699.0
278.0,989.0,-261.0,-27.0,-72.0,-124.0,45.0,24.0,-562.0,690.0
275.0,688.0,-317.0,-56.0,-83.0,-268.0,85.0,-105.0,-641.0,666.0
244.0,265.0,-318.0,-66.0,-106.0,-242.0,-3.0,-97.0,-711.0,659.0
212.0,-35.0,-363.0,-79.0,-153.0,-7.0,-116.0,-123.0,-762.0,648.0
179.0,-78.0,-396.0,-56.0,-205.0,161.0,-98.0,38.0,-802.0,617.0
167.0,81.0,-392.0,-41.0,-235.0,20.0,-65.0,203.0,-818.0,623.0
148.0,317.0,-420.0,-24.0,-234.0,-123.0,-86.0,121.0,-837.0,651.0
116.0,500.0,-408.0,-19.0,-203.0,-100.0,-57.0,-40.0,-829.0,652.0
100.0,526.0,-413.0,-15.0,-156.0,-147.0,33.0,-291.0,-789.0,651.0
72.0,387.0,-407.0,-9.0,-102.0,-308.0,26.0,-293.0,-727.0,664.0
56.0,113.0,-407.0,-20.0,-53.0,-314.0,-72.0,-260.0,-624.0,666.0
7.0,-214.0,-407.0,-10.0,-23.0,-142.0,-133.0,-127.0,-504.0,621.0
-17.0,-450.0,-387.0,-2.0,-21.0,-269.0,-130.0,53.0,-382.0,565.0
-60.0,-582.0,-405.0,-3.0,-41.0,-452.0,-118.0,35.0,-267.0,512.0
-95.0,-698.0,-384.0,-9.0,-58.0,-302.0,-169.0,171.0,-174.0,427.0
-128.0,-793.0,-381.0,-32.0,-46.0,-52.0,-238.0,208.0,-103.0,306.0
-188.0,-852.0,-378.0,-76.0,0.0,21.0,-313.0,212.0,-48.0,193.0
-235.0,-910.0,-357.0,-123.0,39.0,-62.0,-299.0,136.0,-4.0,105.0
-305.0,-934.0,-346.0,-169.0,44.0,-189.0,-186.0,-22.0,23.0,-11.0
-364.0,-883.0,-301.0,-213.0,24.0,-399.0,-180.0,-66.0,27.0,-124.0
-439.0,-826.0,-276.0,-261.0,-5.0,-488.0,-268.0,-280.0,9.0,-217.0
-492.0,-796.0,-210.0,-302.0,-34.0,-317.0,-316.0,-345.0,-20.0,-326.0
-535.0,-744.0,-159.0,-339.0,-63.0,10.0,-250.0,-408.0,-86.0,-450.0
-562.0,-658.0,-122.0,-363.0,-78.0,135.0,-194.0,-343.0,-179.0,-565.0
-595.0,-507.0,-66.0,-340.0,-64.0,-125.0,-233.0,-129.0,-257.0,-660.0
-630.0,-235.0,-46.0,-317.0,-28.0,-277.0,-229.0,-125.0,-337.0,-763.0
-659.0,131.0,17.0,-262.0,2.0,-127.0,-174.0,-77.0,-395.0,-855.0
-682.0,511.0,30.0,-215.0,8.0,-84.0,-202.0,-158.0,-440.0,-894.0
-675.0,830.0,49.0,-201.0,-3.0,-185.0,-341.0,-96.0,-498.0,-906.0
-672.0,1038.0,112.0,-169.0,-10.0,-173.0,-390.0,-12.0,-522.0,-937.0
-628.0,1154.0,90.0,-160.0,-9.0,-51.0,-232.0,-12.0,-530.0,-968.0
-597.0,1208.0,108.0,-138.0,-12.0,38.0,-21.0,70.0,-538.0,-959.0
-537.0,1218.0,108.0,-107.0,-19.0,-99.0,30.0,7.0,-538.0,-959.0
-492.0,1207.0,76.0,-95.0,-27.0,-225.0,-121.0,33.0,-518.0,-983.0
-455.0,1117.0,74.0,-114.0,-36.0,-92.0,-262.0,-29.0,-463.0,-962.0
-407.0,868.0,52.0,-170.0,-48.0,37.0,-271.0,11.0,-406.0,-922.0
-393.0,512.0,43.0,-214.0,-63.0,-2.0,-193.0,31.0,-348.0,-892.0
-372.0,163.0,30.0,-270.0,-70.0,-131.0,-122.0,-101.0,-288.0,-848.0
-373.0,-173.0,29.0,-321.0,-63.0,-224.0,-113.0,35.0,-216.0,-772.0
-340.0,-540.0,22.0,-358.0,-45.0,-294.0,-123.0,103.0,-110.0,-669.0
-311.0,-855.0,22.0,-387.0,-7.0,-286.0,-153.0,203.0,34.0,-575.0
-249.0,-1051.0,9.0,-377.0,43.0,-219.0,-193.0,310.0,201.0,-472.0
-212.0,-1161.0,-6.0,-372.0,100.0,-210.0,-217.0,362.0,378.0,-350.0
-189.0,-1154.0,15.0,-349.0,155.0,-171.0,-118.0,369.0,564.0,-241.0
-167.0,-1010.0,-6.0,-283.0,194.0,-171.0,51.0,279.0,716.0,-174.0
-164.0,-839.0,12.0,-219.0,220.0,-296.0,79.0,260.0,793.0,-97.0
-143.0,-749.0,38.0,-136.0,244.0,-427.0,-28.0,57.0,803.0,-11.0
-156.0,-677.0,4.0,-16.0,260.0,-492.0,-206.0,16.0,777.0,53.0
-141.0,-487.0,24.0,70.0,261.0,-411.0,-299.0,16.0,745.0,137.0
-137.0,-172.0,4.0,121.0,247.0,-277.0,-228.0,-83.0,709.0,245.0
-120.0,136.0,-20.0,162.0,222.0,-242.0,-162.0,64.0,675.0,360.0
-101.0,309.0,-8.0,146.0,193.0,-248.0,-155.0,123.0,645.0,454.0
-94.0,306.0,-43.0,83.0,151.0,-279.0,-119.0,197.0,604.0,534.0
-76.0,153.0,-38.0,33.0,102.0,-333.0,-69.0,138.0,550.0,624.0
-68.0,-22.0,-59.0,-6.0,55.0,-389.0,-57.0,9.0,477.0,688.0
-73.0,-96.0,-123.0,-69.0,5.0,-477.0,-113.0,57.0,396.0,701.0
-110.0,-53.0,-128.0,-115.0,-51.0,-538.0,-170.0,73.0,327.0,714.0
-135.0,64.0,-193.0,-160.0,-107.0,-545.0,-124.0,114.0,269.0,735.0
-136.0,197.0,-257.0,-193.0,-138.0,-489.0,-38.0,53.0,228.0,711.0
-123.0,313.0,-246.0,-207.0,-133.0,-416.0,4.0,59.0,184.0,688.0
-128.0,419.0,-320.0,-211.0,-111.0,-450.0,-25.0,35.0,148.0,687.0
-132.0,520.0,-373.0,-171.0,-97.0,-536.0,-93.0,20.0,115.0,681.0
-137.0,605.0,-348.0,-121.0,-102.0,-521.0,-82.0,59.0,62.0,663.0
-138.0,553.0,-422.0,-54.0,-110.0,-406.0,7.0,-68.0,-2.0,664.0
-143.0,196.0,-480.0,9.0,-107.0,-319.0,26.0,46.0,-83.0,696.0
-149.0,-360.0,-467.0,34.0,-99.0,-390.0,-26.0,195.0,-163.0,709.0
-158.0,-704.0,-510.0,45.0,-90.0,-497.0,-22.0,260.0,-238.0,719.0
-168.0,-587.0,-520.0,39.0,-84.0,-512.0,14.0,290.0,-290.0,733.0
-179.0,-189.0,-494.0,22.0,-83.0,-616.0,-15.0,267.0,-342.0,734.0
-201.0,203.0,-498.0,5.0,-83.0,-717.0,-84.0,301.0,-419.0,723.0
-210.0,431.0,-486.0,-8.0,-66.0,-648.0,-79.0,177.0,-523.0,693.0
-225.0,452.0,-475.0,-18.0,-39.0,-532.0,-23.0,149.0,-644.0,666.0
-227.0,352.0,-467.0,-19.0,-10.0,-402.0,35.0,147.0,-726.0,627.0
-250.0,311.0,-474.0,3.0,9.0,-398.0,54.0,188.0,-779.0,549.0
-286.0,338.0,-456.0,44.0,17.0,-463.0,4.0,308.0,-804.0,471.0
-340.0,283.0,-433.0,71.0,20.0,-388.0,-14.0,280.0,-814.0,400.0
-392.0,158.0,-428.0,88.0,10.0,-261.0,20.0,203.0,-809.0,331.0
-432.0,68.0,-378.0,96.0,-4.0,-206.0,0.0,-149.0,-788.0,277.0
-485.0,-12.0,-359.0,64.0,-10.0,-351.0,-52.0,-365.0,-775.0,242.0
-520.0,-161.0,-329.0,13.0,-10.0,-615.0,7.0,-330.0,-759.0,227.0
-556.0,-352.0,-266.0,-38.0,-15.0,-761.0,105.0,-290.0,-750.0,201.0
-577.0,-483.0,-243.0,-100.0,-34.0,-646.0,155.0,-92.0,-730.0,174.0
-612.0,-464.0,-228.0,-157.0,-68.0,-501.0,152.0,-103.0,-699.0,157.0
-636.0,-268.0,-175.0,-191.0,-103.0,-461.0,26.0,-125.0,-647.0,144.0
-687.0,64.0,-166.0,-205.0,-129.0,-287.0,-11.0,-51.0,-580.0,140.0
-733.0,390.0,-174.0,-246.0,-140.0,-62.0,104.0,5.0,-525.0,130.0
-764.0,519.0,-134.0,-287.0,-124.0,-50.0,153.0,9.0,-497.0,132.0
-790.0,399.0,-142.0,-311.0,-74.0,-388.0,132.0,-123.0,-512.0,105.0
-790.0,153.0,-163.0,-318.0,-14.0,-603.0,125.0,-1.0,-521.0,53.0
-808.0,-22.0,-167.0,-302.0,21.0,-461.0,126.0,136.0,-495.0,18.0
-797.0,-32.0,-203.0,-305.0,23.0,-482.0,97.0,177.0,-473.0,-22.0
-793.0,70.0,-237.0,-294.0,10.0,-589.0,70.0,123.0,-434.0,-57.0
-754.0,177.0,-248.0,-253.0,5.0,-461.0,45.0,29.0,-382.0,-94.0
-720.0,191.0,-280.0,-202.0,18.0,-241.0,72.0,116.0,-329.0,-133.0
-687.0,67.0,-294.0,-169.0,33.0,-208.0,166.0,-1.0,-251.0,-190.0
-618.0,-140.0,-308.0,-167.0,33.0,-402.0,176.0,-144.0,-170.0,-262.0
-546.0,-350.0,-321.0,-152.0,11.0,-484.0,89.0,-221.0,-88.0,-337.0
-447.0,-514.0,-304.0,-124.0,-19.0,-359.0,20.0,-131.0,0.0,-422.0
-359.0,-593.0,-303.0,-110.0,-44.0,-371.0,-12.0,133.0,86.0,-507.0
-270.0,-567.0,-280.0,-102.0,-63.0,-539.0,-68.0,190.0,147.0,-594.0
-197.0,-421.0,-253.0,-88.0,-71.0,-571.0,-59.0,286.0,195.0,-663.0
-123.0,-248.0,-233.0,-85.0,-69.0,-483.0,15.0,221.0,252.0,-737.0
-67.0,-143.0,-200.0,-83.0,-55.0,-447.0,54.0,280.0,318.0,-836.0
-12.0,-68.0,-182.0,-72.0,-32.0,-525.0,102.0,583.0,391.0,-933.0
64.0,69.0,-164.0,-72.0,-15.0,-603.0,137.0,702.0,414.0,-999.0
114.0,262.0,-149.0,-45.0,-19.0,-538.0,141.0,689.0,408.0,-1049.0
171.0,414.0,-124.0,-56.0,-35.0,-401.0,146.0,380.0,375.0,-1087.0
210.0,530.0,-103.0,-109.0,-35.0,-232.0,183.0,147.0,320.0,-1080.0
243.0,580.0,-89.0,-163.0,-10.0,-246.0,161.0,96.0,284.0,-1065.0
248.0,454.0,-36.0,-256.0,10.0,-504.0,23.0,304.0,253.0,-1077.0
225.0,160.0,-22.0,-348.0,3.0,-630.0,-56.0,487.0,221.0,-1067.0
206.0,-213.0,-21.0,-443.0,-25.0,-586.0,-18.0,262.0,175.0,-1029.0
174.0,-591.0,-17.0,-526.0,-53.0,-476.0,48.0,158.0,124.0,-972.0
158.0,-835.0,-32.0,-613.0,-61.0,-473.0,45.0,-1.0,67.0,-914.0
125.0,-823.0,-50.0,-683.0,-54.0,-486.0,-27.0,-77.0,-4.0,-834.0
98.0,-638.0,-65.0,-708.0,-51.0,-326.0,-82.0,-40.0,-82.0,-713.0
65.0,-426.0,-69.0,-750.0,-58.0,-283.0,-79.0,11.0,-146.0,-637.0
8.0,-230.0,-103.0,-754.0,-70.0,-323.0,-53.0,184.0,-203.0,-589.0
-35.0,-102.0,-109.0,-720.0,-73.0,-287.0,-27.0,243.0,-262.0,-530.0
-96.0,-77.0,-144.0,-689.0,-59.0,-202.0,18.0,367.0,-309.0,-492.0
-129.0,-122.0,-169.0,-650.0,-32.0,-203.0,38.0,284.0,-363.0,-486.0
-160.0,-143.0,-187.0,-639.0,-8.0,-409.0,76.0,223.0,-403.0,-482.0
-187.0,-39.0,-227.0,-608.0,7.0,-630.0,88.0,262.0,-431.0,-437.0
-221.0,192.0,-221.0,-565.0,27.0,-667.0,16.0,208.0,-459.0,-396.0
-263.0,395.0,-244.0,-543.0,58.0,-502.0,-11.0,321.0,-474.0,-371.0
-292.0,406.0,-252.0,-504.0,93.0,-279.0,42.0,221.0,-490.0,-312.0
-330.0,255.0,-256.0,-473.0,112.0,-98.0,39.0,136.0,-473.0,-227.0
-342.0,69.0,-264.0,-454.0,117.0,-139.0,-118.0,92.0,-412.0,-159.0
-355.0,-61.0,-260.0,-425.0,125.0,-388.0,-208.0,127.0,-345.0,-89.0
-337.0,-109.0,-242.0,-375.0,147.0,-482.0,-160.0,286.0,-291.0,22.0
-324.0,-101.0,-239.0,-349.0,165.0,-408.0,-104.0,177.0,-271.0,145.0
-315.0,-35.0,-231.0,-366.0,162.0,-383.0,-65.0,251.0,-258.0,238.0
-315.0,118.0,-188.0,-375.0,149.0,-469.0,-27.0,195.0,-222.0,316.0
-336.0,314.0,-166.0,-363.0,136.0,-420.0,65.0,116.0,-168.0,416.0
-350.0,423.0,-121.0,-356.0,126.0,-253.0,121.0,243.0,-104.0,485.0
-373.0,370.0,-114.0,-321.0,118.0,-371.0,63.0,354.0,-40.0,496.0
-381.0,204.0,-84.0,-256.0,113.0,-439.0,1.0,556.0,8.0,529.0
-397.0,7.0,-68.0,-199.0,106.0,-358.0,67.0,389.0,51.0,582.0
-398.0,-103.0,-56.0,-150.0,94.0,-338.0,162.0,258.0,94.0,604.0
-403.0,-32.0,-31.0,-147.0,77.0,-279.0,115.0,151.0,107.0,608.0
-414.0,203.0,-35.0,-140.0,60.0,-262.0,40.0,-3.0,120.0,623.0
-427.0,536.0,-21.0,-87.0,48.0,-235.0,49.0,118.0,156.0,625.0
-431.0,830.0,-43.0,0.0,25.0,-280.0,74.0,31.0,218.0,582.0
-432.0,896.0,-19.0,102.0,-10.0,-380.0,35.0,-1.0,265.0,511.0
-440.0,749.0,-37.0,200.0,-58.0,-482.0,32.0,-25.0,264.0,446.0
-440.0,536.0,-43.0,306.0,-103.0,-554.0,85.0,-57.0,270.0,358.0
-455.0,258.0,-43.0,383.0,-125.0,-509.0,111.0,-9.0,281.0,226.0
-468.0,-96.0,-76.0,439.0,-125.0,-414.0,118.0,-114.0,287.0,127.0
-497.0,-412.0,-73.0,477.0,-122.0,-279.0,63.0,-88.0,293.0,51.0
-496.0,-602.0,-100.0,480.0,-129.0,-269.0,21.0,7.0,271.0,-67.0
-498.0,-662.0,-116.0,470.0,-130.0,-408.0,81.0,107.0,249.0,-195.0
-493.0,-629.0,-133.0,436.0,-110.0,-440.0,191.0,25.0,238.0,-287.0
-479.0,-579.0,-154.0,359.0,-74.0,-338.0,249.0,35.0,229.0,-339.0
-471.0,-515.0,-182.0,250.0,-39.0,-379.0,213.0,205.0,217.0,-389.0
-442.0,-359.0,-170.0,146.0,-6.0,-453.0,143.0,62.0,184.0,-403.0
-408.0,-133.0,-171.0,39.0,24.0,-377.0,115.0,-79.0,139.0,-338.0
-357.0,55.0,-163.0,-43.0,55.0,-268.0,96.0,-249.0,104.0,-276.0
-304.0,128.0,-134.0,-91.0,78.0,-198.0,-34.0,-277.0,79.0,-241.0
-252.0,103.0,-147.0,-152.0,78.0,-213.0,-137.0,-181.0,27.0,-160.0
-233.0,68.0,-138.0,-204.0,56.0,-234.0,-91.0,-127.0,-34.0,-53.0
-198.0,19.0,-169.0,-219.0,26.0,-287.0,-17.0,64.0,-82.0,18.0
-173.0,-128.0,-186.0,-228.0,-10.0,-402.0,-16.0,112.0,-127.0,54.0
-143.0,-323.0,-194.0,-262.0,-56.0,-487.0,-76.0,214.0,-155.0,98.0
-97.0,-449.0,-223.0,-290.0,-98.0,-532.0,-138.0,232.0,-174.0,123.0
-72.0,-509.0,-224.0,-292.0,-115.0,-458.0,-141.0,192.0,-187.0,81.0
-41.0,-562.0,-247.0,-264.0,-104.0,-289.0,-30.0,190.0,-181.0,54.0
-34.0,-633.0,-263.0,-248.0,-86.0,-260.0,32.0,70.0,-152.0,47.0
-13.0,-699.0,-269.0,-250.0,-77.0,-302.0,-48.0,155.0,-114.0,14.0
-2.0,-734.0,-302.0,-248.0,-85.0,-340.0,-148.0,162.0,-52.0,-35.0
0.0,-702.0,-306.0,-247.0,-102.0,-390.0,-130.0,232.0,22.0,-82.0
4.0,-572.0,-305.0,-250.0,-108.0,-306.0,-65.0,188.0,95.0,-138.0
22.0,-384.0,-323.0,-265.0,-92.0,-235.0,-124.0,-83.0,170.0,-247.0
32.0,-172.0,-316.0,-283.0,-69.0,-278.0,-223.0,-84.0,194.0,-374.0
20.0,64.0,-317.0,-307.0,-57.0,-319.0,-236.0,-195.0,176.0,-466.0
9.0,277.0,-325.0,-321.0,-64.0,-174.0,-228.0,-214.0,123.0,-557.0
-29.0,431.0,-315.0,-306.0,-88.0,34.0,-233.0,-275.0,50.0,-653.0
-73.0,554.0,-320.0,-256.0,-114.0,-45.0,-243.0,-356.0,-16.0,-706.0
-123.0,621.0,-314.0,-170.0,-127.0,-201.0,-277.0,-99.0,-85.0,-749.0
-165.0,575.0,-292.0,-92.0,-126.0,-190.0,-325.0,116.0,-148.0,-804.0
-203.0,470.0,-296.0,-27.0,-116.0,-154.0,-429.0,312.0,-241.0,-872.0
-226.0,411.0,-272.0,13.0,-110.0,-195.0,-488.0,232.0,-363.0,-909.0
-247.0,387.0,-235.0,20.0,-122.0,-231.0,-386.0,27.0,-511.0,-904.0
-273.0,348.0,-226.0,38.0,-141.0,-189.0,-297.0,-208.0,-656.0,-939.0
-292.0,305.0,-186.0,38.0,-149.0,-196.0,-309.0,-400.0,-744.0,-946.0
-312.0,196.0,-148.0,24.0,-142.0,-243.0,-337.0,-424.0,-794.0,-914.0
-327.0,-16.0,-114.0,22.0,-129.0,-225.0,-309.0,-484.0,-812.0,-896.0
-347.0,-162.0,-69.0,-15.0,-105.0,-246.0,-261.0,-328.0,-826.0,-875.0
-351.0,-112.0,-24.0,-67.0,-68.0,-342.0,-281.0,-321.0,-835.0,-819.0
-340.0,-15.0,25.0,-101.0,-35.0,-419.0,-289.0,-275.0,-814.0,-735.0
-316.0,-52.0,61.0,-128.0,-19.0,-438.0,-273.0,-118.0,-766.0,-679.0
-291.0,-173.0,104.0,-159.0,-18.0,-379.0,-296.0,-218.0,-686.0,-617.0
-268.0,-271.0,160.0,-167.0,-13.0,-257.0,-296.0,-206.0,-584.0,-532.0
-251.0,-347.0,210.0,-169.0,8.0,-181.0,-286.0,-297.0,-448.0,-462.0
-241.0,-414.0,254.0,-185.0,30.0,-191.0,-292.0,-317.0,-304.0,-426.0
-238.0,-427.0,317.0,-193.0,25.0,-300.0,-212.0,-279.0,-199.0,-405.0
-234.0,-356.0,348.0,-245.0,-22.0,-448.0,-70.0,-415.0,-112.0,-374.0
-217.0,-293.0,385.0,-315.0,-87.0,-386.0,2.0,-362.0,-49.0,-371.0
-181.0,-344.0,379.0,-363.0,-134.0,-216.0,-21.0,-216.0,25.0,-385.0
-130.0,-455.0,364.0,-401.0,-150.0,-187.0,-71.0,-7.0,120.0,-377.0
-93.0,-477.0,386.0,-422.0,-138.0,-259.0,-30.0,-86.0,199.0,-369.0
-43.0,-382.0,347.0,-400.0,-108.0,-246.0,13.0,-347.0,276.0,-388.0
-6.0,-266.0,359.0,-346.0,-74.0,-127.0,-17.0,-389.0,363.0,-407.0
26.0,-172.0,349.0,-303.0,-48.0,-63.0,-45.0,-341.0,460.0,-387.0
56.0,-60.0,354.0,-260.0,-26.0,-122.0,-88.0,-138.0,547.0,-350.0
72.0,148.0,364.0,-222.0,-4.0,-171.0,-66.0,-223.0,633.0,-316.0
116.0,464.0,353.0,-200.0,24.0,-86.0,18.0,-428.0,706.0,-254.0
164.0,771.0,380.0,-178.0,53.0,-137.0,27.0,-443.0,750.0,-164.0
214.0,976.0,352.0,-149.0,67.0,-185.0,39.0,-297.0,771.0,-86.0
248.0,1101.0,367.0,-104.0,79.0,-39.0,151.0,-40.0,752.0,-17.0
275.0,1169.0,350.0,-56.0,113.0,22.0,265.0,-73.0,726.0,78.0
301.0,1143.0,336.0,-26.0,176.0,-14.0,294.0,-236.0,714.0,180.0
313.0,1056.0,326.0,-24.0,248.0,-121.0,263.0,-413.0,692.0,246.0
320.0,966.0,285.0,-51.0,301.0,-150.0,200.0,-297.0,647.0,310.0
322.0,848.0,253.0,-93.0,336.0,-61.0,148.0,-133.0,568.0,369.0
323.0,661.0,198.0,-143.0,365.0,16.0,155.0,-109.0,463.0,386.0
302.0,429.0,164.0,-208.0,387.0,23.0,217.0,-1.0,347.0,383.0
275.0,212.0,102.0,-269.0,398.0,-35.0,266.0,-225.0,233.0,385.0
250.0,48.0,30.0,-293.0,395.0,-84.0,237.0,-310.0,131.0,416.0
218.0,-97.0,-34.0,-290.0,374.0,-118.0,158.0,-339.0,31.0,431.0
193.0,-317.0,-86.0,-265.0,335.0,-77.0,164.0,-319.0,-63.0,433.0
170.0,-637.0,-173.0,-211.0,283.0,-52.0,283.0,-53.0,-141.0,463.0
171.0,-983.0,-228.0,-143.0,226.0,-134.0,343.0,25.0,-229.0,480.0
175.0,-1204.0,-263.0,-68.0,165.0,-177.0,297.0,194.0,-316.0,488.0
179.0,-1194.0,-335.0,-25.0,98.0,-117.0,313.0,72.0,-363.0,501.0
181.0,-994.0,-351.0,0.0,36.0,-133.0,361.0,-223.0,-397.0,539.0
190.0,-699.0,-399.0,52.0,-8.0,-227.0,352.0,-345.0,-426.0,553.0
206.0,-407.0,-422.0,114.0,-38.0,-163.0,337.0,-373.0,-421.0,539.0
208.0,-169.0,-422.0,203.0,-59.0,-41.0,346.0,-144.0,-375.0,527.0
210.0,41.0,-426.0,259.0,-75.0,-18.0,355.0,-48.0,-284.0,496.0
203.0,241.0,-412.0,287.0,-89.0,6.0,309.0,11.0,-188.0,430.0
201.0,382.0,-402.0,316.0,-106.0,35.0,263.0,-179.0,-122.0,323.0
179.0,439.0,-371.0,302.0,-133.0,23.0,253.0,-456.0,-59.0,249.0
156.0,432.0,-367.0,279.0,-169.0,-50.0,235.0,-371.0,24.0,182.0
138.0,395.0,-349.0,254.0,-202.0,-66.0,259.0,-367.0,132.0,108.0
103.0,370.0,-339.0,230.0,-213.0,75.0,252.0,-402.0,249.0,39.0
77.0,381.0,-338.0,218.0,-190.0,137.0,90.0,-484.0,348.0,-17.0
48.0,409.0,-317.0,220.0,-149.0,94.0,-63.0,-332.0,398.0,-52.0
25.0,373.0,-292.0,227.0,-109.0,94.0,-62.0,136.0,405.0,-133.0
-8.0,206.0,-288.0,217.0,-80.0,140.0,45.0,439.0,389.0,-203.0
-45.0,-78.0,-272.0,199.0,-74.0,149.0,173.0,415.0,350.0,-242.0
-72.0,-430.0,-214.0,197.0,-76.0,58.0,203.0,20.0,310.0,-283.0
-112.0,-798.0,-203.0,190.0,-68.0,101.0,143.0,-184.0,291.0,-321.0
-153.0,-1079.0,-150.0,181.0,-53.0,286.0,46.0,-129.0,267.0,-324.0
-197.0,-1118.0,-69.0,169.0,-49.0,346.0,-48.0,29.0,208.0,-284.0
-224.0,-929.0,-47.0,132.0,-61.0,250.0,-25.0,271.0,141.0,-240.0
-225.0,-756.0,23.0,95.0,-77.0,184.0,78.0,262.0,79.0,-200.0
-227.0,-730.0,76.0,38.0,-79.0,152.0,142.0,284.0,34.0,-137.0
-225.0,-702.0,122.0,-36.0,-60.0,83.0,106.0,75.0,33.0,-63.0
-220.0,-469.0,189.0,-124.0,-36.0,167.0,39.0,-221.0,34.0,-48.0
-213.0,-23.0,218.0,-211.0,-19.0,298.0,93.0,-155.0,24.0,-41.0
-222.0,426.0,275.0,-294.0,-11.0,188.0,205.0,-11.0,8.0,-16.0
-232.0,667.0,294.0,-340.0,-10.0,32.0,243.0,197.0,-18.0,-25.0
-220.0,645.0,288.0,-343.0,-13.0,-4.0,239.0,197.0,-19.0,-61.0
-194.0,451.0,299.0,-340.0,-11.0,29.0,188.0,194.0,-18.0,-72.0
-149.0,187.0,264.0,-309.0,4.0,138.0,50.0,133.0,-8.0,-74.0
-121.0,-83.0,237.0,-287.0,30.0,158.0,-65.0,160.0,22.0,-119.0
-74.0,-307.0,214.0,-272.0,49.0,156.0,-67.0,437.0,32.0,-168.0
-22.0,-450.0,174.0,-235.0,40.0,155.0,-42.0,424.0,41.0,-190.0
7.0,-449.0,136.0,-199.0,14.0,95.0,-15.0,412.0,41.0,-210.0
32.0,-239.0,87.0,-164.0,-3.0,103.0,63.0,256.0,37.0,-247.0
53.0,110.0,58.0,-137.0,-5.0,143.0,98.0,60.0,48.0,-259.0
103.0,398.0,23.0,-110.0,3.0,211.0,77.0,-60.0,42.0,-239.0
148.0,542.0,21.0,-83.0,11.0,137.0,82.0,-166.0,23.0,-257.0
198.0,621.0,19.0,-49.0,24.0,95.0,127.0,-118.0,-22.0,-307.0
244.0,626.0,-2.0,-31.0,43.0,153.0,204.0,-290.0,-94.0,-335.0
273.0,544.0,26.0,-42.0,48.0,148.0,226.0,-299.0,-156.0,-354.0
271.0,460.0,12.0,-47.0,31.0,285.0,170.0,-208.0,-223.0,-404.0
265.0,393.0,0.0,-48.0,-7.0,333.0,135.0,-83.0,-304.0,-448.0
267.0,251.0,9.0,-21.0,-62.0,240.0,134.0,107.0,-361.0,-464.0
246.0,2.0,-1.0,17.0,-129.0,151.0,140.0,20.0,-394.0,-505.0
243.0,-223.0,5.0,46.0,-192.0,169.0,167.0,-75.0,-428.0,-580.0
220.0,-303.0,-9.0,67.0,-240.0,283.0,197.0,-290.0,-443.0,-622.0
208.0,-244.0,-17.0,48.0,-272.0,306.0,191.0,-356.0,-471.0,-635.0
175.0,-125.0,-9.0,43.0,-285.0,338.0,197.0,-339.0,-506.0,-671.0
148.0,-52.0,-19.0,72.0,-280.0,298.0,224.0,-412.0,-498.0,-701.0
132.0,-79.0,-10.0,85.0,-252.0,210.0,196.0,-242.0,-476.0,-668.0
91.0,-162.0,-11.0,91.0,-214.0,118.0,192.0,-293.0,-437.0,-597.0
84.0,-234.0,-4.0,118.0,-172.0,104.0,244.0,-415.0,-378.0,-555.0
68.0,-319.0,0.0,168.0,-135.0,191.0,288.0,-434.0,-325.0,-505.0
71.0,-435.0,4.0,202.0,-108.0,135.0,289.0,-413.0,-262.0,-413.0
76.0,-500.0,17.0,210.0,-99.0,98.0,246.0,-423.0,-191.0,-355.0
74.0,-491.0,3.0,194.0,-119.0,95.0,201.0,-678.0,-121.0,-338.0
99.0,-470.0,32.0,128.0,-149.0,53.0,202.0,-772.0,-44.0,-315.0
106.0,-486.0,38.0,47.0,-159.0,-2.0,243.0,-626.0,39.0,-288.0
113.0,-528.0,57.0,-40.0,-142.0,20.0,192.0,-168.0,136.0,-286.0
109.0,-591.0,91.0,-121.0,-120.0,219.0,95.0,133.0,226.0,-288.0
75.0,-678.0,89.0,-162.0,-105.0,296.0,68.0,-12.0,317.0,-253.0
67.0,-750.0,147.0,-211.0,-84.0,256.0,98.0,-260.0,405.0,-234.0
77.0,-778.0,157.0,-243.0,-45.0,177.0,125.0,-618.0,469.0,-245.0
87.0,-772.0,187.0,-220.0,1.0,215.0,115.0,-450.0,536.0,-231.0
95.0,-727.0,252.0,-183.0,46.0,390.0,81.0,-49.0,583.0,-196.0
93.0,-632.0,275.0,-131.0,89.0,362.0,59.0,127.0,598.0,-160.0
93.0,-520.0,333.0,-59.0,123.0,265.0,102.0,153.0,592.0,-144.0
80.0,-398.0,368.0,13.0,139.0,146.0,91.0,-166.0,560.0,-110.0
60.0,-263.0,398.0,103.0,130.0,66.0,54.0,-415.0,523.0,-65.0
51.0,-146.0,418.0,221.0,113.0,23.0,110.0,-508.0,485.0,-62.0
66.0,-53.0,425.0,352.0,95.0,47.0,180.0,-345.0,434.0,-69.0
75.0,68.0,432.0,470.0,79.0,218.0,179.0,-70.0,355.0,-62.0
90.0,230.0,420.0,564.0,68.0,185.0,79.0,136.0,271.0,-74.0
107.0,393.0,402.0,651.0,55.0,47.0,-15.0,363.0,199.0,-122.0
108.0,507.0,362.0,695.0,36.0,18.0,-34.0,315.0,130.0,-156.0
105.0,533.0,327.0,706.0,14.0,122.0,18.0,169.0,58.0,-142.0
94.0,501.0,260.0,703.0,-3.0,176.0,60.0,-57.0,-22.0,-123.0
95.0,424.0,228.0,658.0,-4.0,106.0,14.0,-66.0,-100.0,-101.0
71.0,313.0,195.0,571.0,14.0,167.0,-45.0,208.0,-180.0,-39.0
62.0,242.0,133.0,464.0,48.0,245.0,-29.0,308.0,-233.0,49.0
69.0,250.0,116.0,330.0,90.0,300.0,11.0,330.0,-253.0,129.0
66.0,354.0,72.0,181.0,132.0,365.0,65.0,77.0,-255.0,210.0
77.0,543.0,38.0,75.0,168.0,373.0,155.0,-116.0,-223.0,329.0
88.0,730.0,6.0,-14.0,184.0,394.0,188.0,-125.0,-192.0,434.0
79.0,783.0,-21.0,-92.0,185.0,433.0,141.0,-206.0,-152.0,495.0
55.0,651.0,-32.0,-152.0,188.0,419.0,23.0,-179.0,-103.0,567.0
35.0,461.0,-57.0,-206.0,191.0,463.0,-78.0,-240.0,-61.0,630.0
10.0,383.0,-70.0,-247.0,191.0,502.0,19.0,-173.0,-8.0,662.0
-1.0,401.0,-94.0,-307.0,191.0,523.0,237.0,-110.0,47.0,670.0
-9.0,370.0,-118.0,-345.0,187.0,606.0,333.0,-118.0,126.0,683.0
-10.0,277.0,-120.0,-368.0,185.0,546.0,243.0,-127.0,209.0,713.0
0.0,213.0,-120.0,-399.0,176.0,496.0,68.0,-286.0,260.0,682.0
8.0,206.0,-128.0,-387.0,148.0,481.0,-28.0,-234.0,306.0,616.0
2.0,226.0,-128.0,-390.0,106.0,588.0,7.0,-79.0,343.0,576.0
-20.0,241.0,-142.0,-422.0,53.0,573.0,70.0,256.0,366.0,510.0
-39.0,214.0,-142.0,-444.0,-3.0,387.0,81.0,543.0,380.0,411.0
-50.0,175.0,-137.0,-440.0,-58.0,467.0,56.0,419.0,355.0,344.0
-49.0,175.0,-132.0,-410.0,-110.0,463.0,12.0,133.0,318.0,291.0
-33.0,219.0,-125.0,-378.0,-146.0,337.0,-57.0,25.0,282.0,211.0
-4.0,282.0,-124.0,-316.0,-155.0,183.0,-76.0,389.0,234.0,107.0
34.0,347.0,-119.0,-262.0,-148.0,197.0,-33.0,517.0,178.0,20.0
83.0,421.0,-132.0,-206.0,-137.0,348.0,34.0,399.0,138.0,-33.0
131.0,438.0,-144.0,-133.0,-134.0,364.0,87.0,308.0,124.0,-116.0
179.0,331.0,-161.0,-56.0,-135.0,351.0,37.0,175.0,112.0,-165.0
241.0,89.0,-170.0,25.0,-139.0,258.0,-24.0,164.0,96.0,-139.0
316.0,-259.0,-171.0,81.0,-144.0,196.0,-24.0,-195.0,69.0,-106.0
384.0,-611.0,-166.0,141.0,-134.0,194.0,-9.0,-408.0,45.0,-76.0
430.0,-859.0,-159.0,186.0,-105.0,292.0,-17.0,-277.0,23.0,-14.0
492.0,-1014.0,-170.0,233.0,-64.0,325.0,-13.0,-62.0,19.0,56.0
559.0,-1110.0,-163.0,277.0,-25.0,236.0,65.0,323.0,33.0,83.0
595.0,-1102.0,-132.0,325.0,-10.0,199.0,139.0,397.0,29.0,103.0
632.0,-991.0,-158.0,389.0,-33.0,227.0,115.0,319.0,39.0,132.0
669.0,-855.0,-173.0,449.0,-75.0,304.0,-9.0,105.0,46.0,151.0
694.0,-752.0,-141.0,529.0,-109.0,279.0,-148.0,-144.0,40.0,116.0
720.0,-647.0,-155.0,559.0,-122.0,252.0,-171.0,-301.0,21.0,52.0
733.0,-471.0,-123.0,543.0,-110.0,217.0,-113.0,-330.0,-1.0,8.0
749.0,-236.0,-89.0,535.0,-84.0,205.0,-90.0,-179.0,-26.0,-63.0
754.0,-4.0,-35.0,539.0,-58.0,233.0,-95.0,-347.0,-61.0,-159.0
757.0,212.0,42.0,542.0,-34.0,256.0,-95.0,-430.0,-82.0,-210.0
743.0,398.0,49.0,543.0,-24.0,313.0,-81.0,-558.0,-114.0,-228.0
724.0,527.0,133.0,542.0,-43.0,306.0,-65.0,-703.0,-141.0,-273.0
696.0,628.0,212.0,517.0,-87.0,298.0,-57.0,-607.0,-161.0,-294.0
651.0,751.0,220.0,480.0,-132.0,252.0,-10.0,-533.0,-202.0,-276.0
614.0,860.0,273.0,442.0,-152.0,164.0,63.0,-190.0,-237.0,-240.0
551.0,892.0,315.0,388.0,-142.0,128.0,121.0,-177.0,-267.0,-223.0
496.0,870.0,300.0,332.0,-131.0,171.0,79.0,-254.0,-282.0,-200.0
431.0,825.0,292.0,297.0,-130.0,244.0,-34.0,-103.0,-262.0,-124.0
386.0,743.0,334.0,236.0,-120.0,243.0,-42.0,-219.0,-234.0,-105.0
332.0,625.0,362.0,155.0,-88.0,176.0,89.0,-269.0,-190.0,-102.0
266.0,508.0,383.0,84.0,-46.0,166.0,229.0,-363.0,-138.0,-73.0
229.0,431.0,413.0,11.0,-17.0,248.0,227.0,-439.0,-83.0,-46.0
178.0,341.0,434.0,-65.0,1.0,196.0,196.0,-345.0,-2.0,-37.0
140.0,161.0,427.0,-142.0,7.0,56.0,213.0,-79.0,103.0,-37.0
86.0,-75.0,463.0,-203.0,7.0,-12.0,254.0,234.0,233.0,15.0
49.0,-285.0,532.0,-269.0,11.0,-42.0,314.0,219.0,350.0,50.0
14.0,-387.0,545.0,-306.0,28.0,-20.0,292.0,195.0,428.0,48.0
-9.0,-314.0,562.0,-320.0,57.0,50.0,259.0,179.0,471.0,73.0
-1.0,-95.0,593.0,-352.0,88.0,175.0,280.0,192.0,484.0,108.0
6.0,113.0,595.0,-346.0,122.0,219.0,331.0,210.0,488.0,99.0
23.0,208.0,586.0,-318.0,154.0,131.0,409.0,75.0,484.0,68.0
34.0,200.0,615.0,-277.0,182.0,42.0,477.0,59.0,454.0,55.0
55.0,134.0,603.0,-236.0,193.0,37.0,501.0,25.0,402.0,28.0
67.0,86.0,581.0,-193.0,180.0,127.0,534.0,129.0,344.0,-33.0
81.0,104.0,546.0,-156.0,153.0,165.0,587.0,206.0,258.0,-95.0
101.0,135.0,484.0,-128.0,126.0,131.0,593.0,227.0,167.0,-99.0
136.0,138.0,455.0,-100.0,103.0,162.0,602.0,336.0,86.0,-116.0
163.0,141.0,372.0,-97.0,84.0,173.0,590.0,227.0,-9.0,-161.0
175.0,133.0,301.0,-71.0,68.0,208.0,536.0,260.0,-89.0,-171.0
199.0,43.0,238.0,-35.0,57.0,363.0,490.0,114.0,-169.0,-177.0
208.0,-144.0,152.0,-21.0,45.0,461.0,450.0,-149.0,-246.0,-190.0
208.0,-344.0,58.0,1.0,31.0,450.0,417.0,-303.0,-285.0,-217.0
201.0,-440.0,5.0,42.0,15.0,313.0,456.0,-428.0,-309.0,-193.0
202.0,-401.0,-10.0,92.0,-5.0,217.0,558.0,-288.0,-311.0,-129.0
209.0,-348.0,-59.0,159.0,-30.0,294.0,574.0,-201.0,-262.0,-95.0
194.0,-435.0,-73.0,259.0,-50.0,327.0,482.0,68.0,-190.0,-48.0
178.0,-623.0,-95.0,350.0,-68.0,267.0,424.0,118.0,-100.0,18.0
163.0,-784.0,-107.0,416.0,-88.0,269.0,434.0,-86.0,-3.0,52.0
140.0,-856.0,-104.0,470.0,-101.0,372.0,462.0,-16.0,87.0,52.0
114.0,-773.0,-78.0,512.0,-99.0,409.0,520.0,38.0,190.0,82.0
81.0,-524.0,-53.0,548.0,-92.0,455.0,596.0,166.0,272.0,149.0
52.0,-168.0,-60.0,579.0,-89.0,503.0,616.0,59.0,343.0,212.0
27.0,239.0,-32.0,584.0,-84.0,369.0,581.0,-105.0,405.0,276.0
22.0,695.0,-28.0,547.0,-76.0,250.0,540.0,-182.0,440.0,366.0
10.0,1161.0,9.0,522.0,-66.0,253.0,500.0,-351.0,463.0,461.0
-6.0,1462.0,66.0,485.0,-50.0,321.0,434.0,-323.0,466.0,526.0
-14.0,1498.0,60.0,404.0,-32.0,399.0,338.0,-182.0,447.0,596.0
-25.0,1337.0,102.0,344.0,-21.0,364.0,276.0,138.0,412.0,669.0
-30.0,1104.0,129.0,328.0,-8.0,423.0,303.0,338.0,368.0,705.0
-37.0,882.0,97.0,325.0,20.0,567.0,346.0,369.0,327.0,703.0
-19.0,638.0,131.0,325.0,59.0,473.0,326.0,288.0,272.0,699.0
-8.0,384.0,174.0,347.0,91.0,450.0,264.0,-20.0,207.0,687.0
20.0,247.0,165.0,389.0,120.0,597.0,201.0,-157.0,169.0,630.0
60.0,322.0,199.0,426.0,144.0,633.0,162.0,-293.0,146.0,550.0
91.0,500.0,215.0,433.0,155.0,573.0,162.0,-273.0,136.0,512.0
138.0,553.0,206.0,443.0,159.0,474.0,186.0,-269.0,135.0,483.0
172.0,407.0,218.0,427.0,170.0,431.0,174.0,-330.0,141.0,415.0
233.0,167.0,223.0,373.0,192.0,379.0,107.0,16.0,155.0,358.0
293.0,-32.0,232.0,335.0,226.0,390.0,35.0,295.0,166.0,321.0
382.0,-146.0,228.0,276.0,253.0,334.0,-10.0,561.0,192.0,259.0
455.0,-149.0,232.0,204.0,252.0,221.0,-12.0,572.0,219.0,177.0
518.0,-48.0,260.0,131.0,227.0,294.0,-1.0,336.0,241.0,132.0
582.0,15.0,266.0,48.0,183.0,395.0,43.0,267.0,255.0,121.0
609.0,-79.0,287.0,-40.0,136.0,568.0,38.0,205.0,242.0,98.0
643.0,-310.0,329.0,-134.0,96.0,445.0,-45.0,133.0,222.0,82.0
668.0,-560.0,352.0,-172.0,72.0,236.0,-68.0,-140.0,206.0,118.0
707.0,-766.0,410.0,-208.0,68.0,370.0,-99.0,-179.0,200.0,145.0
706.0,-921.0,420.0,-242.0,75.0,424.0,-186.0,-11.0,206.0,131.0
703.0,-980.0,423.0,-221.0,89.0,326.0,-211.0,129.0,220.0,126.0
700.0,-877.0,471.0,-214.0,96.0,185.0,-116.0,314.0,232.0,128.0
678.0,-632.0,439.0,-173.0,74.0,200.0,43.0,225.0,233.0,81.0
661.0,-430.0,433.0,-86.0,25.0,198.0,130.0,190.0,236.0,-7.0
639.0,-327.0,424.0,-29.0,-30.0,96.0,79.0,158.0,228.0,-68.0
642.0,-224.0,354.0,18.0,-74.0,157.0,42.0,11.0,214.0,-138.0
629.0,-107.0,319.0,85.0,-101.0,281.0,113.0,-138.0,215.0,-231.0
610.0,18.0,283.0,138.0,-119.0,225.0,166.0,-199.0,229.0,-306.0
582.0,189.0,223.0,166.0,-135.0,122.0,140.0,-133.0,239.0,-337.0
581.0,366.0,169.0,198.0,-155.0,242.0,115.0,-258.0,228.0,-351.0
572.0,452.0,120.0,205.0,-172.0,310.0,157.0,-267.0,207.0,-371.0
547.0,461.0,69.0,178.0,-181.0,285.0,189.0,-266.0,193.0,-350.0
542.0,446.0,38.0,166.0,-181.0,275.0,101.0,-242.0,180.0,-300.0
520.0,416.0,16.0,176.0,-183.0,241.0,-25.0,-11.0,153.0,-260.0
483.0,388.0,-10.0,181.0,-186.0,219.0,-68.0,136.0,131.0,-214.0
433.0,359.0,-17.0,179.0,-183.0,116.0,-15.0,304.0,98.0,-149.0
395.0,282.0,-19.0,188.0,-177.0,116.0,138.0,145.0,46.0,-98.0
346.0,153.0,-23.0,205.0,-170.0,375.0,230.0,-179.0,-1.0,-51.0
291.0,20.0,-32.0,236.0,-159.0,462.0,149.0,-485.0,-47.0,3.0
237.0,-69.0,-27.0,279.0,-140.0,322.0,96.0,-702.0,-83.0,66.0
198.0,-88.0,-10.0,314.0,-111.0,265.0,158.0,-570.0,-115.0,125.0
169.0,-74.0,-21.0,340.0,-77.0,303.0,210.0,-448.0,-137.0,166.0
132.0,-53.0,-7.0,352.0,-37.0,409.0,200.0,-256.0,-164.0,223.0
95.0,-20.0,-14.0,362.0,9.0,331.0,144.0,-203.0,-190.0,279.0
59.0,-3.0,-44.0,379.0,60.0,242.0,146.0,-145.0,-209.0,310.0
30.0,-76.0,-19.0,356.0,112.0,244.0,264.0,46.0,-198.0,321.0
-4.0,-221.0,-29.0,330.0,161.0,116.0,347.0,97.0,-131.0,337.0
-29.0,-321.0,-28.0,284.0,211.0,94.0,340.0,264.0,-64.0,315.0
-54.0,-334.0,-3.0,224.0,259.0,135.0,338.0,243.0,-8.0,240.0
-63.0,-255.0,5.0,210.0,284.0,116.0,361.0,173.0,43.0,189.0
-71.0,-116.0,29.0,188.0,285.0,54.0,362.0,277.0,86.0,136.0
-77.0,6.0,37.0,228.0,276.0,33.0,336.0,439.0,117.0,52.0
-72.0,63.0,64.0,291.0,256.0,131.0,289.0,585.0,145.0,-29.0
-69.0,49.0,68.0,322.0,224.0,159.0,249.0,609.0,177.0,-80.0
-48.0,-33.0,74.0,376.0,194.0,20.0,265.0,764.0,200.0,-111.0
-38.0,-135.0,88.0,408.0,169.0,-79.0,315.0,711.0,217.0,-160.0
-5.0,-184.0,90.0,452.0,145.0,-79.0,370.0,600.0,205.0,-177.0
31.0,-202.0,93.0,504.0,119.0,-129.0,441.0,583.0,192.0,-132.0
58.0,-193.0,81.0,520.0,88.0,-18.0,495.0,336.0,172.0,-91.0
64.0,-88.0,102.0,507.0,52.0,273.0,445.0,236.0,150.0,-63.0
82.0,159.0,67.0,472.0,21.0,344.0,415.0,127.0,142.0,-12.0
114.0,436.0,72.0,437.0,-1.0,161.0,487.0,188.0,124.0,50.0
117.0,553.0,80.0,411.0,-21.0,102.0,491.0,376.0,121.0,71.0
138.0,506.0,27.0,387.0,-38.0,212.0,406.0,476.0,128.0,73.0
157.0,379.0,53.0,366.0,-51.0,233.0,342.0,618.0,145.0,91.0
196.0,193.0,37.0,331.0,-61.0,156.0,310.0,391.0,157.0,73.0
219.0,-9.0,17.0,280.0,-76.0,167.0,284.0,230.0,171.0,41.0
253.0,-133.0,36.0,213.0,-91.0,252.0,233.0,103.0,197.0,-3.0
293.0,-158.0,53.0,136.0,-85.0,160.0,151.0,25.0,217.0,-45.0
327.0,-133.0,73.0,96.0,-62.0,-41.0,115.0,271.0,252.0,-89.0
375.0,-106.0,86.0,79.0,-39.0,-71.0,126.0,290.0,277.0,-147.0
386.0,-99.0,111.0,58.0,-28.0,15.0,123.0,147.0,304.0,-177.0
402.0,-85.0,124.0,56.0,-30.0,61.0,83.0,-186.0,352.0,-187.0
376.0,-55.0,157.0,66.0,-35.0,141.0,59.0,-384.0,395.0,-188.0
354.0,-62.0,174.0,96.0,-35.0,143.0,72.0,-345.0,424.0,-193.0
322.0,-136.0,201.0,134.0,-25.0,46.0,68.0,-242.0,442.0,-171.0
292.0,-210.0,226.0,183.0,-7.0,-14.0,49.0,-33.0,448.0,-149.0
277.0,-202.0,231.0,242.0,0.0,-33.0,-37.0,-147.0,446.0,-139.0
261.0,-98.0,222.0,276.0,-19.0,31.0,-154.0,-208.0,444.0,-99.0
274.0,25.0,191.0,273.0,-50.0,-72.0,-164.0,-227.0,428.0,-26.0
257.0,32.0,166.0,268.0,-69.0,-174.0,-105.0,-254.0,393.0,43.0
253.0,-65.0,102.0,260.0,-62.0,-17.0,-90.0,-16.0,353.0,83.0
226.0,-122.0,65.0,227.0,-33.0,33.0,-144.0,118.0,313.0,154.0
205.0,-81.0,29.0,175.0,-4.0,-29.0,-186.0,59.0,266.0,233.0
194.0,2.0,-21.0,140.0,23.0,-78.0,-139.0,-195.0,210.0,280.0
182.0,29.0,-41.0,113.0,52.0,3.0,-36.0,-138.0,151.0,316.0
163.0,-4.0,-65.0,62.0,72.0,148.0,57.0,96.0,89.0,396.0
124.0,-22.0,-57.0,8.0,79.0,75.0,58.0,188.0,14.0,505.0
105.0,35.0,-43.0,-41.0,82.0,-26.0,15.0,225.0,-60.0,583.0
64.0,128.0,-40.0,-82.0,93.0,-14.0,-23.0,-16.0,-114.0,692.0
47.0,129.0,5.0,-98.0,99.0,156.0,-95.0,-92.0,-168.0,813.0
25.0,28.0,45.0,-78.0,90.0,333.0,-99.0,-136.0,-206.0,895.0
26.0,-26.0,86.0,-38.0,76.0,313.0,-32.0,-40.0,-225.0,943.0
48.0,54.0,168.0,-1.0,55.0,257.0,44.0,127.0,-252.0,972.0
55.0,213.0,222.0,46.0,26.0,201.0,56.0,77.0,-280.0,995.0
60.0,353.0,286.0,115.0,-5.0,267.0,-21.0,321.0,-298.0,970.0
39.0,408.0,363.0,193.0,-25.0,411.0,-79.0,332.0,-314.0,913.0
22.0,359.0,407.0,284.0,-29.0,340.0,-110.0,158.0,-321.0,858.0
18.0,266.0,446.0,365.0,-43.0,115.0,-138.0,0.0,-309.0,761.0
19.0,225.0,486.0,424.0,-71.0,60.0,-115.0,-203.0,-311.0,630.0
25.0,236.0,510.0,475.0,-100.0,245.0,-76.0,-229.0,-302.0,499.0
47.0,219.0,503.0,505.0,-122.0,257.0,-89.0,-286.0,-288.0,391.0
76.0,127.0,508.0,501.0,-147.0,96.0,-124.0,-125.0,-292.0,316.0
101.0,-13.0,477.0,475.0,-181.0,39.0,-182.0,-53.0,-283.0,242.0
120.0,-128.0,449.0,453.0,-217.0,77.0,-230.0,-90.0,-263.0,216.0
144.0,-175.0,423.0,392.0,-239.0,149.0,-238.0,-92.0,-236.0,195.0
172.0,-178.0,346.0,333.0,-249.0,50.0,-255.0,-136.0,-201.0,143.0
214.0,-209.0,304.0,284.0,-255.0,-58.0,-247.0,109.0,-149.0,122.0
223.0,-288.0,242.0,207.0,-257.0,-47.0,-230.0,151.0,-104.0,90.0
233.0,-374.0,171.0,180.0,-251.0,6.0,-219.0,38.0,-58.0,44.0
250.0,-393.0,115.0,171.0,-236.0,129.0,-184.0,-49.0,-27.0,-33.0
250.0,-293.0,62.0,129.0,-199.0,118.0,-153.0,-208.0,-17.0,-123.0
256.0,-147.0,0.0,100.0,-137.0,35.0,-194.0,-216.0,3.0,-204.0
248.0,-54.0,-61.0,114.0,-60.0,-68.0,-293.0,-169.0,20.0,-328.0
269.0,18.0,-83.0,162.0,22.0,-112.0,-324.0,-70.0,43.0,-451.0
260.0,161.0,-126.0,208.0,94.0,57.0,-276.0,-218.0,50.0,-535.0
265.0,382.0,-136.0,280.0,143.0,239.0,-198.0,-352.0,33.0,-606.0
262.0,618.0,-134.0,361.0,183.0,219.0,-160.0,-338.0,-9.0,-680.0
251.0,764.0,-142.0,411.0,215.0,85.0,-153.0,-286.0,-58.0,-703.0
259.0,730.0,-133.0,481.0,229.0,47.0,-119.0,-22.0,-105.0,-666.0
238.0,541.0,-102.0,566.0,229.0,4.0,-113.0,-57.0,-158.0,-625.0
229.0,287.0,-69.0,649.0,228.0,1.0,-130.0,-116.0,-211.0,-572.0
192.0,-5.0,-52.0,719.0,235.0,110.0,-166.0,-201.0,-289.0,-493.0
175.0,-267.0,-11.0,761.0,257.0,207.0,-169.0,-373.0,-351.0,-411.0
143.0,-416.0,4.0,771.0,292.0,124.0,-116.0,-266.0,-391.0,-367.0
123.0,-473.0,16.0,728.0,320.0,-17.0,-94.0,-125.0,-424.0,-340.0
118.0,-385.0,25.0,689.0,330.0,17.0,-137.0,164.0,-436.0,-276.0
123.0,-105.0,15.0,663.0,321.0,77.0,-206.0,236.0,-435.0,-202.0
115.0,199.0,9.0,613.0,306.0,56.0,-209.0,162.0,-419.0,-159.0
92.0,352.0,-14.0,564.0,301.0,-79.0,-179.0,227.0,-392.0,-96.0
88.0,429.0,-44.0,507.0,312.0,-202.0,-160.0,282.0,-362.0,6.0
53.0,530.0,-65.0,432.0,317.0,-377.0,-125.0,347.0,-345.0,74.0
64.0,596.0,-109.0,345.0,299.0,-439.0,-69.0,171.0,-322.0,120.0
82.0,586.0,-158.0,237.0,256.0,-208.0,-26.0,-31.0,-292.0,183.0
116.0,545.0,-197.0,135.0,197.0,-66.0,-66.0,-221.0,-267.0,230.0
128.0,531.0,-266.0,62.0,135.0,-191.0,-132.0,-232.0,-247.0,245.0
145.0,525.0,-324.0,-25.0,81.0,-536.0,-119.0,-97.0,-230.0,231.0
157.0,498.0,-370.0,-87.0,40.0,-638.0,-95.0,-90.0,-206.0,209.0
133.0,439.0,-408.0,-118.0,5.0,-426.0,-103.0,48.0,-192.0,169.0
122.0,405.0,-427.0,-156.0,-33.0,-305.0,-123.0,123.0,-167.0,76.0
96.0,437.0,-428.0,-186.0,-82.0,-282.0,-129.0,234.0,-136.0,-25.0
101.0,430.0,-406.0,-204.0,-132.0,-308.0,-105.0,260.0,-111.0,-106.0
75.0,288.0,-389.0,-213.0,-158.0,-327.0,-158.0,114.0,-94.0,-208.0
49.0,28.0,-343.0,-228.0,-164.0,-319.0,-229.0,136.0,-63.0,-309.0
8.0,-240.0,-306.0,-235.0,-168.0,-198.0,-193.0,97.0,-11.0,-364.0
-15.0,-403.0,-242.0,-240.0,-174.0,1.0,-158.0,145.0,36.0,-392.0
-41.0,-482.0,-167.0,-240.0,-165.0,-28.0,-123.0,151.0,99.0,-399.0
-89.0,-547.0,-122.0,-215.0,-137.0,-173.0,-127.0,70.0,166.0,-371.0
-105.0,-580.0,-58.0,-193.0,-119.0,-293.0,-191.0,136.0,220.0,-281.0
-133.0,-516.0,-20.0,-148.0,-123.0,-257.0,-177.0,64.0,277.0,-159.0
-129.0,-411.0,31.0,-114.0,-138.0,-145.0,-81.0,72.0,325.0,-32.0
-138.0,-398.0,71.0,-83.0,-144.0,-210.0,-6.0,38.0,379.0,118.0
-138.0,-462.0,101.0,-10.0,-131.0,-156.0,-54.0,-22.0,437.0,294.0
-136.0,-472.0,121.0,50.0,-102.0,-207.0,-148.0,70.0,475.0,462.0
-126.0,-387.0,126.0,79.0,-73.0,-367.0,-197.0,36.0,502.0,582.0
-86.0,-254.0,122.0,110.0,-59.0,-259.0,-210.0,-5.0,525.0,686.0
-66.0,-119.0,94.0,135.0,-62.0,-22.0,-171.0,-157.0,526.0,767.0
-35.0,-69.0,82.0,134.0,-71.0,6.0,-130.0,-251.0,504.0,787.0
-6.0,-136.0,60.0,144.0,-66.0,-256.0,-118.0,-262.0,491.0,743.0
14.0,-180.0,43.0,155.0,-38.0,-350.0,-134.0,-238.0,480.0,692.0
22.0,-93.0,10.0,159.0,-1.0,-160.0,-165.0,-173.0,466.0,627.0
16.0,6.0,-15.0,143.0,21.0,16.0,-222.0,-199.0,451.0,514.0
7.0,6.0,-35.0,141.0,10.0,-29.0,-268.0,-53.0,417.0,427.0
-5.0,24.0,-61.0,155.0,-26.0,-208.0,-224.0,-123.0,379.0,394.0
-17.0,192.0,-35.0,155.0,-64.0,-403.0,-155.0,-197.0,337.0,376.0
-35.0,434.0,-23.0,186.0,-79.0,-431.0,-151.0,-221.0,297.0,352.0
-48.0,588.0,-23.0,186.0,-63.0,-165.0,-129.0,-511.0,252.0,358.0
-38.0,572.0,0.0,163.0,-34.0,37.0,-101.0,-667.0,186.0,383.0
-32.0,375.0,13.0,130.0,4.0,-149.0,-112.0,-731.0,108.0,378.0
-30.0,43.0,34.0,95.0,46.0,-369.0,-99.0,-593.0,17.0,352.0
-25.0,-272.0,65.0,105.0,70.0,-221.0,-129.0,-415.0,-74.0,319.0
-14.0,-436.0,96.0,89.0,71.0,45.0,-186.0,-303.0,-155.0,258.0
0.0,-477.0,131.0,69.0,55.0,177.0,-237.0,-218.0,-245.0,163.0
13.0,-454.0,149.0,15.0,29.0,16.0,-252.0,-256.0,-331.0,61.0
33.0,-374.0,162.0,-83.0,0.0,-107.0,-257.0,-262.0,-395.0,-26.0
58.0,-264.0,176.0,-147.0,-16.0,-31.0,-282.0,-358.0,-442.0,-121.0
112.0,-123.0,175.0,-198.0,-12.0,-85.0,-271.0,-312.0,-456.0,-222.0
146.0,79.0,167.0,-218.0,2.0,-85.0,-253.0,-256.0,-449.0,-281.0
176.0,325.0,153.0,-206.0,7.0,-211.0,-215.0,-349.0,-439.0,-313.0
196.0,563.0,105.0,-170.0,-8.0,-394.0,-227.0,-473.0,-432.0,-344.0
202.0,776.0,45.0,-117.0,-20.0,-358.0,-275.0,-670.0,-418.0,-368.0
213.0,924.0,15.0,-68.0,-7.0,-252.0,-270.0,-497.0,-403.0,-362.0
205.0,969.0,-39.0,0.0,34.0,-28.0,-258.0,-201.0,-397.0,-363.0
199.0,943.0,-77.0,51.0,101.0,18.0,-271.0,-33.0,-383.0,-392.0
185.0,829.0,-100.0,86.0,174.0,-99.0,-304.0,27.0,-377.0,-405.0
185.0,561.0,-162.0,118.0,230.0,-158.0,-311.0,-97.0,-365.0,-420.0
148.0,182.0,-226.0,110.0,258.0,-250.0,-275.0,-168.0,-341.0,-441.0
118.0,-139.0,-287.0,90.0,257.0,-379.0,-234.0,-389.0,-303.0,-465.0
87.0,-274.0,-354.0,88.0,245.0,-470.0,-252.0,-482.0,-252.0,-463.0
38.0,-231.0,-427.0,79.0,238.0,-378.0,-277.0,-297.0,-195.0,-435.0
2.0,-169.0,-484.0,80.0,243.0,-224.0,-287.0,-133.0,-143.0,-445.0
-51.0,-217.0,-556.0,75.0,252.0,-16.0,-318.0,-12.0,-111.0,-433.0
-87.0,-341.0,-605.0,47.0,249.0,118.0,-364.0,-120.0,-106.0,-381.0
-145.0,-437.0,-630.0,20.0,222.0,-6.0,-412.0,-90.0,-121.0,-341.0
-180.0,-479.0,-655.0,10.0,178.0,-164.0,-394.0,-18.0,-133.0,-296.0
-221.0,-581.0,-652.0,-1.0,132.0,-288.0,-365.0,-20.0,-142.0,-244.0
-246.0,-796.0,-641.0,4.0,87.0,-285.0,-377.0,-9.0,-125.0,-205.0
-263.0,-1028.0,-614.0,61.0,44.0,-208.0,-420.0,-236.0,-75.0,-199.0
-289.0,-1124.0,-593.0,114.0,-6.0,-162.0,-414.0,-338.0,-12.0,-218.0
-281.0,-963.0,-569.0,159.0,-57.0,28.0,-337.0,-334.0,62.0,-232.0
-319.0,-560.0,-548.0,187.0,-97.0,320.0,-269.0,-131.0,131.0,-243.0
-327.0,-22.0,-508.0,192.0,-120.0,416.0,-222.0,90.0,181.0,-251.0
-354.0,487.0,-451.0,171.0,-123.0,150.0,-244.0,64.0,226.0,-228.0
-368.0,832.0,-424.0,124.0,-118.0,-166.0,-264.0,140.0,257.0,-194.0
-382.0,1010.0,-369.0,97.0,-119.0,-135.0,-230.0,160.0,259.0,-164.0
-408.0,1030.0,-320.0,62.0,-126.0,104.0,-211.0,123.0,242.0,-145.0
-396.0,905.0,-270.0,38.0,-131.0,85.0,-226.0,-145.0,203.0,-107.0
-417.0,728.0,-225.0,29.0,-130.0,-82.0,-216.0,-332.0,153.0,-50.0
-411.0,548.0,-178.0,10.0,-133.0,-40.0,-162.0,-332.0,97.0,-21.0
-433.0,315.0,-139.0,14.0,-140.0,181.0,-126.0,-345.0,50.0,22.0
-438.0,11.0,-124.0,33.0,-146.0,381.0,-105.0,-221.0,28.0,79.0
-435.0,-248.0,-74.0,25.0,-143.0,354.0,-115.0,-419.0,11.0,139.0
-444.0,-362.0,-59.0,-11.0,-129.0,162.0,-122.0,-382.0,-5.0,201.0
-456.0,-355.0,-38.0,-69.0,-107.0,-135.0,-139.0,-73.0,-13.0,255.0
-476.0,-307.0,0.0,-142.0,-95.0,-251.0,-207.0,145.0,-27.0,316.0
-463.0,-322.0,-3.0,-222.0,-96.0,-4.0,-215.0,439.0,-40.0,340.0
-467.0,-432.0,16.0,-285.0,-96.0,166.0,-160.0,321.0,-35.0,344.0
-444.0,-554.0,10.0,-304.0,-86.0,89.0,-99.0,73.0,-24.0,351.0
-433.0,-580.0,-2.0,-335.0,-67.0,-57.0,-94.0,-144.0,-5.0,326.0
-410.0,-485.0,25.0,-348.0,-44.0,-64.0,-181.0,-169.0,38.0,269.0
-391.0,-336.0,0.0,-330.0,-19.0,62.0,-286.0,-66.0,105.0,210.0
-384.0,-189.0,-6.0,-325.0,14.0,121.0,-366.0,-131.0,192.0,174.0
-352.0,-99.0,22.0,-286.0,62.0,73.0,-364.0,36.0,266.0,115.0
-320.0,-92.0,19.0,-226.0,108.0,25.0,-321.0,62.0,319.0,56.0
-273.0,-134.0,49.0,-167.0,138.0,12.0,-319.0,-79.0,360.0,27.0
-251.0,-187.0,79.0,-130.0,149.0,100.0,-321.0,-208.0,370.0,-4.0
-219.0,-263.0,95.0,-121.0,146.0,206.0,-355.0,-199.0,352.0,-20.0
-215.0,-401.0,132.0,-118.0,138.0,-2.0,-403.0,42.0,313.0,-30.0
-210.0,-539.0,183.0,-117.0,120.0,-269.0,-426.0,123.0,253.0,-3.0
-208.0,-566.0,208.0,-117.0,94.0,-125.0,-419.0,171.0,183.0,41.0
-227.0,-428.0,243.0,-128.0,61.0,275.0,-365.0,48.0,101.0,73.0
-231.0,-129.0,261.0,-138.0,17.0,424.0,-332.0,-38.0,20.0,114.0
-242.0,178.0,246.0,-103.0,-31.0,166.0,-341.0,64.0,-64.0,152.0
-228.0,292.0,242.0,-69.0,-72.0,-102.0,-340.0,120.0,-155.0,181.0
-225.0,212.0,196.0,-68.0,-101.0,-181.0,-278.0,66.0,-231.0,176.0
-232.0,110.0,171.0,-48.0,-118.0,-140.0,-168.0,-205.0,-320.0,179.0
-243.0,142.0,130.0,-34.0,-126.0,-11.0,-87.0,-166.0,-403.0,181.0
-258.0,336.0,53.0,-48.0,-121.0,60.0,-80.0,145.0,-460.0,157.0
-288.0,620.0,16.0,-62.0,-96.0,-98.0,-121.0,484.0,-510.0,113.0
-320.0,921.0,-40.0,-83.0,-43.0,-271.0,-125.0,548.0,-543.0,67.0
-351.0,1136.0,-101.0,-135.0,22.0,-196.0,-96.0,129.0,-540.0,38.0
-389.0,1141.0,-137.0,-164.0,72.0,-104.0,-90.0,-169.0,-516.0,-19.0
-387.0,920.0,-190.0,-179.0,90.0,-242.0,-71.0,-343.0,-473.0,-63.0
-392.0,620.0,-252.0,-202.0,78.0,-450.0,-64.0,-260.0,-408.0,-96.0
-372.0,417.0,-283.0,-224.0,39.0,-426.0,-80.0,-105.0,-330.0,-130.0
-356.0,369.0,-321.0,-254.0,-13.0,-260.0,-80.0,-35.0,-244.0,-176.0
-334.0,426.0,-359.0,-263.0,-54.0,-158.0,-78.0,177.0,-152.0,-214.0
-289.0,483.0,-364.0,-258.0,-72.0,-128.0,-86.0,162.0,-65.0,-204.0
-261.0,459.0,-390.0,-221.0,-64.0,-189.0,-113.0,234.0,5.0,-203.0
-242.0,359.0,-396.0,-190.0,-51.0,-265.0,-131.0,242.0,74.0,-205.0
-224.0,179.0,-388.0,-157.0,-48.0,-242.0,-119.0,97.0,124.0,-179.0
-193.0,-125.0,-382.0,-129.0,-51.0,-139.0,-101.0,46.0,139.0,-129.0
-185.0,-471.0,-350.0,-108.0,-49.0,-61.0,-137.0,-36.0,124.0,-106.0
-161.0,-679.0,-341.0,-81.0,-30.0,-97.0,-202.0,79.0,70.0,-70.0
-149.0,-656.0,-308.0,-74.0,6.0,-228.0,-216.0,-9.0,0.0,-7.0
-131.0,-481.0,-295.0,-33.0,52.0,-165.0,-229.0,-182.0,-82.0,33.0
-127.0,-313.0,-279.0,-1.0,92.0,-8.0,-277.0,-314.0,-197.0,81.0
-148.0,-248.0,-231.0,16.0,115.0,-112.0,-303.0,-447.0,-312.0,132.0
-141.0,-321.0,-241.0,13.0,115.0,-192.0,-308.0,-286.0,-433.0,209.0
-166.0,-462.0,-220.0,8.0,98.0,-141.0,-319.0,-79.0,-560.0,267.0
-171.0,-536.0,-194.0,32.0,75.0,-121.0,-268.0,279.0,-665.0,295.0
-195.0,-520.0,-187.0,11.0,51.0,-106.0,-222.0,508.0,-750.0,324.0
-226.0,-443.0,-138.0,-1.0,32.0,-110.0,-276.0,474.0,-786.0,327.0
-260.0,-270.0,-109.0,-23.0,25.0,-81.0,-358.0,247.0,-769.0,297.0
-302.0,-62.0,-88.0,-64.0,39.0,-106.0,-350.0,-62.0,-746.0,233.0
-337.0,41.0,-41.0,-61.0,56.0,-152.0,-257.0,-121.0,-727.0,180.0
-399.0,11.0,-6.0,-41.0,50.0,-102.0,-182.0,-291.0,-698.0,114.0
-426.0,-136.0,9.0,-45.0,16.0,-183.0,-120.0,-295.0,-657.0,9.0
-461.0,-338.0,50.0,-48.0,-32.0,-308.0,-81.0,-223.0,-624.0,-69.0
-497.0,-444.0,71.0,-42.0,-76.0,-256.0,-46.0,-144.0,-570.0,-123.0
-524.0,-389.0,92.0,-76.0,-95.0,-101.0,-16.0,136.0,-513.0,-182.0
-546.0,-265.0,128.0,-132.0,-65.0,20.0,-35.0,175.0,-443.0,-241.0
-548.0,-173.0,145.0,-158.0,0.0,-98.0,-93.0,256.0,-350.0,-269.0
-535.0,-118.0,171.0,-129.0,70.0,-258.0,-161.0,182.0,-252.0,-272.0
-538.0,-146.0,193.0,-91.0,116.0,-158.0,-165.0,83.0,-155.0,-298.0
-545.0,-305.0,197.0,-71.0,128.0,-87.0,-102.0,247.0,-83.0,-328.0
-537.0,-529.0,198.0,-33.0,116.0,-135.0,-90.0,351.0,11.0,-336.0
-545.0,-664.0,197.0,-16.0,85.0,-116.0,-168.0,339.0,86.0,-348.0
-558.0,-566.0,207.0,-32.0,45.0,-75.0,-224.0,75.0,143.0,-358.0
-557.0,-279.0,194.0,-53.0,7.0,41.0,-228.0,-7.0,201.0,-340.0
-548.0,11.0,170.0,-92.0,-16.0,64.0,-168.0,-46.0,224.0,-300.0
-537.0,194.0,164.0,-131.0,-27.0,-38.0,-103.0,-25.0,253.0,-269.0
-493.0,290.0,128.0,-157.0,-34.0,-5.0,-98.0,242.0,263.0,-245.0
-461.0,371.0,97.0,-179.0,-47.0,10.0,-87.0,230.0,266.0,-213.0
-434.0,453.0,80.0,-193.0,-67.0,-58.0,-68.0,280.0,276.0,-202.0
-396.0,498.0,52.0,-217.0,-86.0,-85.0,-63.0,269.0,284.0,-196.0
-364.0,476.0,35.0,-234.0,-92.0,-122.0,-126.0,240.0,296.0,-186.0
-314.0,425.0,13.0,-233.0,-87.0,-220.0,-169.0,395.0,297.0,-168.0
-270.0,398.0,-5.0,-248.0,-86.0,-225.0,-134.0,404.0,274.0,-135.0
-204.0,356.0,-20.0,-270.0,-88.0,-138.0,-138.0,279.0,222.0,-95.0
-149.0,291.0,-55.0,-280.0,-89.0,-97.0,-194.0,-59.0,187.0,-25.0
-89.0,281.0,-99.0,-292.0,-83.0,-243.0,-252.0,-134.0,158.0,84.0
-31.0,369.0,-122.0,-289.0,-65.0,-466.0,-246.0,-3.0,131.0,195.0
0.0,538.0,-181.0,-282.0,-42.0,-365.0,-204.0,206.0,121.0,288.0
28.0,719.0,-232.0,-305.0,-22.0,-94.0,-156.0,465.0,140.0,392.0
17.0,788.0,-260.0,-336.0,-14.0,49.0,-105.0,308.0,181.0,481.0
14.0,659.0,-335.0,-366.0,-13.0,-24.0,-88.0,181.0,222.0,529.0
0.0,392.0,-372.0,-380.0,-13.0,-171.0,-119.0,20.0,279.0,555.0
-8.0,148.0,-396.0,-373.0,-19.0,-201.0,-205.0,12.0,324.0,577.0
-22.0,14.0,-433.0,-372.0,-35.0,-263.0,-263.0,271.0,365.0,573.0
-71.0,-74.0,-449.0,-367.0,-55.0,-297.0,-253.0,312.0,413.0,538.0
-111.0,-203.0,-463.0,-377.0,-65.0,-194.0,-196.0,343.0,450.0,504.0
-164.0,-347.0,-480.0,-385.0,-63.0,-31.0,-97.0,301.0,467.0,464.0
-209.0,-482.0,-463.0,-380.0,-60.0,50.0,-18.0,256.0,461.0,422.0
-261.0,-587.0,-447.0,-394.0,-65.0,-66.0,0.0,197.0,458.0,377.0
-301.0,-601.0,-445.0,-408.0,-78.0,-172.0,-12.0,218.0,433.0,378.0
-347.0,-558.0,-406.0,-439.0,-95.0,-89.0,-33.0,238.0,386.0,419.0
-401.0,-529.0,-381.0,-467.0,-100.0,61.0,-67.0,206.0,337.0,458.0
-434.0,-520.0,-352.0,-491.0,-82.0,232.0,-71.0,465.0,242.0,505.0
-474.0,-488.0,-333.0,-489.0,-38.0,233.0,-38.0,439.0,158.0,554.0
-494.0,-412.0,-289.0,-449.0,26.0,-18.0,-52.0,310.0,120.0,576.0
-530.0,-326.0,-246.0,-402.0,87.0,-78.0,-95.0,280.0,61.0,544.0
-542.0,-248.0,-234.0,-301.0,132.0,104.0,-119.0,186.0,10.0,510.0
-552.0,-202.0,-184.0,-185.0,154.0,175.0,-77.0,251.0,-11.0,466.0
-574.0,-172.0,-162.0,-60.0,147.0,147.0,3.0,142.0,-69.0,370.0
-576.0,-107.0,-152.0,79.0,120.0,125.0,43.0,90.0,-109.0,269.0
-572.0,-44.0,-120.0,200.0,96.0,112.0,81.0,147.0,-93.0,204.0
-521.0,-35.0,-105.0,297.0,89.0,78.0,113.0,206.0,-118.0,119.0
-480.0,-27.0,-96.0,344.0,94.0,-25.0,169.0,314.0,-182.0,-7.0
-431.0,38.0,-76.0,365.0,95.0,-75.0,187.0,240.0,-221.0,-104.0
-406.0,107.0,-71.0,401.0,80.0,-35.0,154.0,127.0,-269.0,-157.0
-409.0,95.0,-50.0,405.0,56.0,-31.0,203.0,-120.0,-345.0,-219.0
-387.0,-1.0,-49.0,393.0,32.0,-87.0,264.0,-216.0,-376.0,-298.0
-363.0,-65.0,-58.0,389.0,13.0,-104.0,261.0,-199.0,-375.0,-330.0
-326.0,2.0,-45.0,373.0,7.0,-56.0,225.0,-133.0,-374.0,-350.0
-299.0,188.0,-53.0,346.0,7.0,-56.0,221.0,166.0,-336.0,-401.0
-273.0,407.0,-41.0,294.0,2.0,-128.0,282.0,262.0,-295.0,-432.0
-276.0,578.0,-45.0,266.0,-7.0,-205.0,334.0,391.0,-275.0,-422.0
-281.0,646.0,-33.0,246.0,-12.0,-294.0,296.0,325.0,-331.0,-402.0
-276.0,557.0,-33.0,211.0,-11.0,-361.0,275.0,164.0,-356.0,-379.0
-270.0,303.0,-48.0,167.0,2.0,-240.0,312.0,267.0,-304.0,-300.0
-244.0,-25.0,-36.0,108.0,28.0,-41.0,328.0,315.0,-301.0,-202.0
-222.0,-248.0,-31.0,67.0,60.0,37.0,353.0,487.0,-266.0,-120.0
-180.0,-245.0,-13.0,48.0,98.0,-37.0,336.0,561.0,-253.0,-47.0
-154.0,-85.0,-18.0,13.0,140.0,-192.0,294.0,596.0,-253.0,35.0
-140.0,93.0,13.0,-48.0,180.0,-247.0,253.0,526.0,-214.0,108.0
-137.0,181.0,20.0,-83.0,205.0,-238.0,227.0,303.0,-193.0,128.0
-142.0,155.0,23.0,-102.0,206.0,-165.0,168.0,127.0,-122.0,149.0
-145.0,124.0,51.0,-128.0,186.0,-45.0,86.0,-51.0,-56.0,188.0
-159.0,167.0,41.0,-165.0,161.0,-71.0,113.0,96.0,-20.0,221.0
-142.0,255.0,55.0,-197.0,140.0,-139.0,151.0,179.0,41.0,238.0
-132.0,357.0,64.0,-221.0,127.0,-47.0,115.0,227.0,76.0,261.0
-132.0,409.0,77.0,-300.0,114.0,34.0,60.0,336.0,44.0,291.0
-145.0,322.0,65.0,-393.0,98.0,-87.0,95.0,260.0,-7.0,272.0
-144.0,70.0,54.0,-470.0,66.0,-161.0,179.0,321.0,-7.0,231.0
-130.0,-263.0,15.0,-573.0,17.0,-68.0,174.0,256.0,18.0,188.0
-133.0,-542.0,-25.0,-662.0,-31.0,-30.0,144.0,129.0,19.0,127.0
-116.0,-707.0,-54.0,-750.0,-69.0,-136.0,165.0,109.0,20.0,46.0
-103.0,-786.0,-99.0,-850.0,-97.0,-260.0,222.0,81.0,25.0,-37.0
-75.0,-817.0,-109.0,-920.0,-118.0,-264.0,247.0,44.0,17.0,-84.0
-68.0,-788.0,-177.0,-964.0,-129.0,-163.0,198.0,-12.0,-14.0,-120.0
-53.0,-710.0,-223.0,-953.0,-139.0,-32.0,158.0,83.0,-26.0,-157.0
-24.0,-617.0,-254.0,-890.0,-154.0,-35.0,172.0,42.0,-20.0,-163.0
-7.0,-496.0,-299.0,-813.0,-166.0,-225.0,194.0,1.0,-51.0,-169.0
15.0,-322.0,-329.0,-722.0,-175.0,-390.0,195.0,48.0,-62.0,-197.0
15.0,-88.0,-348.0,-650.0,-175.0,-342.0,142.0,42.0,-49.0,-239.0
38.0,184.0,-354.0,-555.0,-168.0,-88.0,98.0,160.0,-76.0,-285.0
37.0,498.0,-373.0,-437.0,-156.0,4.0,110.0,127.0,-121.0,-338.0
35.0,768.0,-338.0,-340.0,-138.0,-257.0,106.0,290.0,-117.0,-399.0
48.0,850.0,-351.0,-250.0,-109.0,-444.0,73.0,474.0,-74.0,-452.0
57.0,771.0,-333.0,-174.0,-76.0,-402.0,52.0,319.0,-65.0,-489.0
65.0,649.0,-287.0,-103.0,-44.0,-310.0,104.0,169.0,-68.0,-533.0
44.0,565.0,-279.0,-21.0,-14.0,-248.0,201.0,-53.0,-30.0,-590.0
28.0,514.0,-226.0,43.0,-1.0,-313.0,295.0,-20.0,45.0,-632.0
-5.0,441.0,-211.0,75.0,-15.0,-330.0,353.0,60.0,95.0,-660.0
-41.0,340.0,-196.0,106.0,-49.0,-223.0,360.0,110.0,123.0,-680.0
-91.0,220.0,-162.0,149.0,-85.0,-197.0,380.0,182.0,199.0,-685.0
-141.0,113.0,-154.0,165.0,-111.0,-199.0,380.0,90.0,280.0,-676.0
-186.0,91.0,-131.0,154.0,-131.0,-158.0,335.0,118.0,354.0,-669.0
-237.0,161.0,-117.0,124.0,-146.0,-177.0,300.0,57.0,435.0,-684.0
-266.0,228.0,-122.0,94.0,-155.0,-199.0,312.0,188.0,487.0,-669.0
-302.0,201.0,-131.0,55.0,-155.0,-239.0,304.0,365.0,506.0,-639.0
-329.0,56.0,-154.0,-24.0,-147.0,-353.0,238.0,386.0,552.0,-613.0
-349.0,-173.0,-169.0,-100.0,-135.0,-379.0,148.0,502.0,612.0,-555.0
-355.0,-408.0,-167.0,-129.0,-112.0,-277.0,37.0,456.0,589.0,-459.0
-344.0,-559.0,-182.0,-146.0,-75.0,-85.0,14.0,437.0,538.0,-345.0
-318.0,-644.0,-185.0,-179.0,-31.0,-12.0,84.0,349.0,524.0,-241.0
-299.0,-779.0,-188.0,-186.0,11.0,-121.0,126.0,227.0,481.0,-124.0
-283.0,-997.0,-203.0,-186.0,51.0,-156.0,137.0,164.0,436.0,22.0
-271.0,-1171.0,-194.0,-174.0,77.0,-112.0,157.0,57.0,421.0,149.0
-243.0,-1163.0,-210.0,-158.0,83.0,-101.0,213.0,-49.0,363.0,255.0
-206.0,-994.0,-204.0,-164.0,80.0,-106.0,235.0,-188.0,259.0,385.0
-189.0,-800.0,-202.0,-163.0,75.0,55.0,140.0,-9.0,189.0,533.0
-158.0,-674.0,-190.0,-169.0,73.0,119.0,54.0,138.0,133.0,658.0
-134.0,-605.0,-159.0,-161.0,69.0,-33.0,141.0,188.0,55.0,781.0
-108.0,-551.0,-137.0,-163.0,62.0,-53.0,306.0,273.0,-3.0,920.0
-125.0,-503.0,-78.0,-185.0,64.0,67.0,339.0,314.0,-50.0,1024.0
-125.0,-412.0,-50.0,-200.0,80.0,241.0,221.0,630.0,-72.0,1097.0
-118.0,-275.0,2.0,-183.0,104.0,299.0,151.0,650.0,-92.0,1148.0
-131.0,-159.0,64.0,-148.0,128.0,279.0,179.0,567.0,-137.0,1209.0
-135.0,-56.0,113.0,-140.0,143.0,246.0,198.0,528.0,-167.0,1230.0
-150.0,83.0,185.0,-121.0,148.0,169.0,115.0,295.0,-166.0,1166.0
-126.0,281.0,261.0,-100.0,148.0,89.0,-8.0,288.0,-177.0,1131.0
-120.0,497.0,343.0,-60.0,151.0,15.0,-18.0,201.0,-218.0,1086.0
-111.0,688.0,419.0,3.0,148.0,19.0,5.0,133.0,-221.0,994.0
-111.0,812.0,505.0,88.0,126.0,36.0,-42.0,53.0,-220.0,896.0
-124.0,829.0,567.0,142.0,81.0,95.0,-113.0,-20.0,-275.0,804.0
-148.0,743.0,615.0,143.0,27.0,154.0,-102.0,-49.0,-322.0,694.0
-173.0,605.0,640.0,198.0,-13.0,87.0,-21.0,-242.0,-309.0,550.0
-171.0,514.0,657.0,202.0,-34.0,-60.0,3.0,-151.0,-304.0,425.0
-179.0,537.0,666.0,194.0,-37.0,-148.0,-48.0,-133.0,-296.0,320.0
-178.0,646.0,635.0,215.0,-40.0,-95.0,-115.0,-73.0,-251.0,206.0
-170.0,729.0,612.0,162.0,-53.0,-8.0,-115.0,101.0,-250.0,78.0
-166.0,739.0,565.0,153.0,-66.0,34.0,-36.0,5.0,-266.0,-18.0
-177.0,681.0,494.0,117.0,-67.0,-68.0,38.0,48.0,-255.0,-93.0
-180.0,531.0,449.0,48.0,-57.0,-195.0,24.0,70.0,-216.0,-200.0
-181.0,322.0,379.0,41.0,-52.0,-175.0,-37.0,31.0,-200.0,-291.0
-182.0,111.0,316.0,-25.0,-56.0,-129.0,-110.0,9.0,-245.0,-316.0
-185.0,-89.0,270.0,-41.0,-58.0,-63.0,-152.0,75.0,-257.0,-333.0
-180.0,-259.0,199.0,17.0,-45.0,11.0,-149.0,197.0,-256.0,-363.0
-169.0,-305.0,147.0,-6.0,-22.0,-10.0,-106.0,206.0,-251.0,-346.0
-167.0,-243.0,85.0,17.0,0.0,-73.0,-41.0,242.0,-219.0,-290.0
-150.0,-148.0,36.0,55.0,22.0,-162.0,-49.0,73.0,-200.0,-243.0
-133.0,-75.0,12.0,82.0,47.0,-233.0,-63.0,3.0,-181.0,-192.0
-95.0,-76.0,-16.0,186.0,68.0,-177.0,-33.0,-20.0,-177.0,-107.0
-65.0,-133.0,-32.0,217.0,85.0,-55.0,13.0,-92.0,-141.0,-24.0
-38.0,-172.0,-53.0,272.0,91.0,31.0,42.0,57.0,-98.0,11.0
-22.0,-102.0,-58.0,335.0,79.0,50.0,-18.0,142.0,-87.0,49.0
13.0,39.0,-69.0,338.0,45.0,63.0,-80.0,338.0,-67.0,127.0
48.0,165.0,-63.0,387.0,3.0,59.0,-42.0,402.0,-46.0,176.0
81.0,260.0,-50.0,358.0,-27.0,-102.0,69.0,336.0,-1.0,212.0
142.0,318.0,-47.0,279.0,-49.0,-290.0,88.0,304.0,48.0,269.0
156.0,357.0,-13.0,221.0,-62.0,-148.0,-6.0,212.0,80.0,310.0
204.0,404.0,-9.0,183.0,-70.0,169.0,-59.0,199.0,106.0,337.0
221.0,450.0,26.0,133.0,-85.0,203.0,-36.0,-40.0,131.0,328.0
234.0,423.0,51.0,74.0,-110.0,-48.0,73.0,-151.0,154.0,331.0
259.0,307.0,49.0,-18.0,-155.0,-237.0,145.0,-221.0,159.0,345.0
265.0,165.0,92.0,-154.0,-202.0,-117.0,91.0,-280.0,141.0,313.0
294.0,50.0,77.0,-244.0,-240.0,41.0,-15.0,-168.0,110.0,271.0
306.0,-41.0,78.0,-351.0,-269.0,47.0,-108.0,-240.0,105.0,217.0
335.0,-134.0,81.0,-392.0,-286.0,31.0,-87.0,-181.0,110.0,123.0
339.0,-186.0,33.0,-404.0,-292.0,90.0,16.0,-186.0,98.0,-23.0
343.0,-170.0,32.0,-467.0,-284.0,175.0,146.0,-24.0,87.0,-149.0
330.0,-121.0,0.0,-456.0,-271.0,170.0,202.0,258.0,68.0,-228.0
326.0,-7.0,-56.0,-430.0,-255.0,87.0,116.0,275.0,82.0,-317.0
325.0,170.0,-80.0,-352.0,-235.0,10.0,-27.0,312.0,122.0,-396.0
311.0,290.0,-135.0,-252.0,-212.0,89.0,-117.0,181.0,161.0,-434.0
303.0,260.0,-184.0,-238.0,-179.0,184.0,-12.0,214.0,237.0,-439.0
279.0,156.0,-192.0,-204.0,-144.0,137.0,145.0,212.0,334.0,-461.0
275.0,81.0,-225.0,-190.0,-116.0,-62.0,180.0,-1.0,447.0,-489.0
248.0,19.0,-255.0,-169.0,-92.0,-194.0,97.0,-190.0,542.0,-491.0
246.0,2.0,-266.0,-60.0,-62.0,41.0,-22.0,-386.0,603.0,-478.0
226.0,57.0,-322.0,-61.0,-19.0,277.0,10.0,-284.0,660.0,-466.0
185.0,75.0,-340.0,-89.0,33.0,194.0,155.0,-175.0,701.0,-440.0
146.0,16.0,-371.0,-48.0,80.0,81.0,292.0,14.0,713.0,-388.0
94.0,-8.0,-396.0,-58.0,113.0,111.0,353.0,118.0,718.0,-368.0
59.0,105.0,-383.0,-41.0,135.0,115.0,339.0,-16.0,706.0,-366.0
10.0,343.0,-390.0,-33.0,145.0,7.0,357.0,-46.0,629.0,-323.0
-23.0,615.0,-350.0,-52.0,141.0,-139.0,412.0,-112.0,537.0,-290.0
-53.0,867.0,-337.0,-57.0,122.0,-137.0,439.0,84.0,422.0,-304.0
-52.0,1097.0,-312.0,-73.0,102.0,-6.0,399.0,199.0,267.0,-320.0
-58.0,1238.0,-280.0,-44.0,97.0,150.0,369.0,192.0,170.0,-295.0
-70.0,1177.0,-250.0,-31.0,117.0,254.0,364.0,273.0,75.0,-266.0
-80.0,869.0,-223.0,-11.0,156.0,119.0,285.0,136.0,-45.0,-261.0
-105.0,365.0,-199.0,48.0,202.0,-43.0,240.0,112.0,-141.0,-226.0
-110.0,-200.0,-158.0,55.0,235.0,15.0,311.0,-9.0,-262.0,-145.0
-106.0,-703.0,-140.0,55.0,241.0,185.0,345.0,-66.0,-388.0,-81.0
-82.0,-1127.0,-106.0,55.0,216.0,271.0,256.0,75.0,-505.0,-25.0
-48.0,-1485.0,-70.0,12.0,181.0,182.0,166.0,134.0,-597.0,56.0
2.0,-1714.0,-42.0,-48.0,154.0,116.0,227.0,306.0,-656.0,152.0
37.0,-1810.0,-36.0,-91.0,135.0,207.0,345.0,328.0,-717.0,214.0
56.0,-1849.0,-7.0,-136.0,126.0,306.0,353.0,243.0,-744.0,250.0
62.0,-1869.0,3.0,-179.0,127.0,420.0,292.0,-1.0,-730.0,321.0
80.0,-1865.0,5.0,-206.0,130.0,475.0,218.0,-304.0,-739.0,366.0
150.0,-1742.0,57.0,-211.0,122.0,348.0,239.0,-338.0,-786.0,367.0
209.0,-1421.0,62.0,-163.0,94.0,63.0,395.0,-295.0,-819.0,412.0
271.0,-969.0,87.0,-114.0,49.0,-102.0,465.0,-131.0,-809.0,490.0
325.0,-513.0,106.0,-46.0,-2.0,169.0,366.0,-25.0,-752.0,539.0
367.0,-118.0,114.0,18.0,-46.0,406.0,263.0,129.0,-715.0,557.0
398.0,194.0,134.0,83.0,-73.0,251.0,282.0,182.0,-705.0,567.0
414.0,458.0,132.0,189.0,-91.0,85.0,263.0,68.0,-665.0,543.0
441.0,705.0,139.0,267.0,-103.0,246.0,174.0,94.0,-582.0,470.0
429.0,873.0,134.0,330.0,-114.0,463.0,170.0,68.0,-486.0,367.0
398.0,930.0,138.0,359.0,-128.0,314.0,154.0,142.0,-420.0,277.0
375.0,902.0,140.0,360.0,-144.0,108.0,81.0,-33.0,-344.0,177.0
338.0,820.0,133.0,356.0,-155.0,249.0,35.0,-208.0,-246.0,66.0
309.0,706.0,139.0,325.0,-160.0,462.0,50.0,-121.0,-102.0,6.0
283.0,645.0,120.0,293.0,-158.0,352.0,37.0,-210.0,26.0,-25.0
245.0,718.0,101.0,244.0,-146.0,166.0,-20.0,-107.0,114.0,-75.0
187.0,828.0,98.0,222.0,-124.0,155.0,-14.0,-57.0,217.0,-139.0
131.0,841.0,81.0,238.0,-91.0,289.0,-17.0,3.0,330.0,-155.0
101.0,705.0,73.0,229.0,-58.0,346.0,-76.0,162.0,440.0,-142.0
79.0,514.0,77.0,201.0,-36.0,105.0,-120.0,168.0,495.0,-152.0
91.0,367.0,85.0,190.0,-28.0,-70.0,-117.0,120.0,539.0,-122.0
122.0,235.0,78.0,188.0,-29.0,5.0,-115.0,-68.0,587.0,-46.0
159.0,103.0,66.0,188.0,-28.0,260.0,-65.0,-57.0,596.0,15.0
201.0,-2.0,77.0,187.0,-25.0,361.0,23.0,-88.0,585.0,51.0
226.0,-73.0,66.0,174.0,-9.0,98.0,19.0,-136.0,578.0,110.0
266.0,-149.0,47.0,154.0,21.0,28.0,-34.0,-77.0,595.0,180.0
301.0,-246.0,40.0,131.0,54.0,233.0,-93.0,-90.0,605.0,217.0
348.0,-368.0,19.0,100.0,87.0,323.0,-146.0,129.0,585.0,264.0
400.0,-475.0,16.0,63.0,115.0,120.0,-137.0,218.0,579.0,332.0
463.0,-516.0,19.0,56.0,146.0,-102.0,22.0,282.0,603.0,361.0
527.0,-565.0,10.0,56.0,183.0,-18.0,174.0,249.0,588.0,354.0
569.0,-722.0,8.0,11.0,218.0,119.0,98.0,129.0,536.0,360.0
627.0,-957.0,14.0,-31.0,237.0,89.0,-44.0,171.0,498.0,356.0
630.0,-1136.0,26.0,-58.0,237.0,27.0,-95.0,90.0,458.0,311.0
626.0,-1173.0,37.0,-99.0,228.0,201.0,-24.0,210.0,407.0,239.0
616.0,-1027.0,62.0,-108.0,209.0,346.0,42.0,227.0,335.0,164.0
590.0,-735.0,100.0,-100.0,177.0,185.0,22.0,247.0,238.0,88.0
577.0,-409.0,113.0,-88.0,139.0,47.0,52.0,297.0,143.0,-35.0
550.0,-84.0,147.0,-27.0,104.0,33.0,67.0,212.0,66.0,-149.0
531.0,275.0,187.0,16.0,65.0,130.0,27.0,304.0,15.0,-235.0
489.0,691.0,197.0,44.0,15.0,197.0,84.0,101.0,-30.0,-329.0
450.0,1125.0,215.0,55.0,-39.0,116.0,246.0,11.0,-89.0,-424.0
400.0,1560.0,215.0,41.0,-90.0,14.0,352.0,-22.0,-141.0,-501.0
338.0,1971.0,221.0,47.0,-132.0,-95.0,235.0,-38.0,-179.0,-542.0
302.0,2247.0,226.0,72.0,-169.0,-114.0,-33.0,199.0,-210.0,-588.0
261.0,2345.0,236.0,116.0,-207.0,-2.0,-165.0,153.0,-221.0,-606.0
225.0,2300.0,239.0,118.0,-246.0,-2.0,-93.0,157.0,-236.0,-584.0
178.0,2109.0,231.0,100.0,-284.0,-56.0,43.0,88.0,-266.0,-546.0
118.0,1799.0,207.0,119.0,-313.0,63.0,157.0,84.0,-285.0,-507.0
72.0,1418.0,151.0,136.0,-333.0,194.0,151.0,194.0,-257.0,-465.0
46.0,946.0,114.0,120.0,-333.0,85.0,0.0,199.0,-193.0,-414.0
29.0,397.0,58.0,69.0,-312.0,-103.0,-154.0,358.0,-161.0,-388.0
17.0,-162.0,17.0,-2.0,-280.0,17.0,-218.0,236.0,-145.0,-364.0
-7.0,-678.0,-40.0,-43.0,-242.0,236.0,-145.0,48.0,-126.0,-332.0
-24.0,-1113.0,-98.0,-89.0,-197.0,244.0,126.0,-112.0,-137.0,-291.0
-48.0,-1446.0,-148.0,-120.0,-145.0,201.0,343.0,-195.0,-150.0,-272.0
-79.0,-1719.0,-194.0,-110.0,-100.0,167.0,179.0,-92.0,-173.0,-273.0
-80.0,-1972.0,-226.0,-129.0,-69.0,118.0,-163.0,-68.0,-179.0,-257.0
-102.0,-2152.0,-264.0,-124.0,-48.0,48.0,-205.0,68.0,-152.0,-261.0
-107.0,-2138.0,-265.0,-118.0,-20.0,80.0,127.0,103.0,-133.0,-304.0
-98.0,-1868.0,-278.0,-88.0,19.0,192.0,399.0,206.0,-121.0,-351.0
-101.0,-1426.0,-256.0,-41.0,52.0,183.0,329.0,358.0,-107.0,-354.0
-98.0,-899.0,-235.0,-31.0,76.0,129.0,31.0,338.0,-100.0,-372.0
-99.0,-340.0,-194.0,8.0,100.0,209.0,-162.0,314.0,-98.0,-407.0
-78.0,161.0,-133.0,65.0,129.0,223.0,-63.0,218.0,-84.0,-414.0
-59.0,550.0,-92.0,100.0,166.0,52.0,135.0,227.0,-80.0,-419.0
-51.0,792.0,-1.0,131.0,201.0,51.0,181.0,127.0,-70.0,-414.0
-43.0,871.0,54.0,160.0,224.0,274.0,56.0,86.0,-42.0,-402.0
-36.0,831.0,126.0,196.0,225.0,356.0,-144.0,166.0,-55.0,-355.0
-32.0,755.0,181.0,247.0,208.0,158.0,-365.0,105.0,-83.0,-291.0
-46.0,678.0,216.0,260.0,175.0,-14.0,-336.0,155.0,-86.0,-246.0
-33.0,588.0,255.0,279.0,138.0,47.0,-27.0,79.0,-43.0,-179.0
-10.0,506.0,239.0,265.0,111.0,227.0,108.0,83.0,-3.0,-101.0
23.0,446.0,246.0,235.0,95.0,277.0,-74.0,20.0,-12.0,-41.0
53.0,379.0,218.0,257.0,88.0,131.0,-328.0,-234.0,-22.0,3.0
51.0,238.0,191.0,258.0,79.0,67.0,-389.0,-182.0,-19.0,43.0
58.0,18.0,176.0,292.0,69.0,135.0,-170.0,-79.0,6.0,74.0
71.0,-197.0,141.0,331.0,67.0,175.0,23.0,142.0,37.0,60.0
91.0,-342.0,130.0,322.0,70.0,154.0,-116.0,168.0,44.0,27.0
96.0,-379.0,102.0,308.0,70.0,156.0,-366.0,-96.0,53.0,7.0
127.0,-355.0,89.0,306.0,65.0,230.0,-390.0,-286.0,100.0,-23.0
172.0,-319.0,60.0,300.0,56.0,246.0,-260.0,-498.0,156.0,-61.0
202.0,-220.0,34.0,257.0,44.0,179.0,-184.0,-395.0,171.0,-95.0
214.0,-17.0,20.0,205.0,26.0,198.0,-208.0,-258.0,164.0,-120.0
203.0,219.0,3.0,153.0,3.0,358.0,-364.0,-79.0,162.0,-157.0
207.0,421.0,-2.0,99.0,-18.0,448.0,-525.0,123.0,167.0,-194.0
201.0,624.0,-12.0,74.0,-34.0,366.0,-441.0,105.0,199.0,-190.0
218.0,793.0,-1.0,47.0,-45.0,243.0,-218.0,171.0,236.0,-183.0
227.0,827.0,10.0,-26.0,-57.0,317.0,-148.0,42.0,239.0,-194.0
229.0,746.0,28.0,-120.0,-71.0,542.0,-254.0,-44.0,242.0,-189.0
240.0,625.0,45.0,-197.0,-91.0,554.0,-381.0,-131.0,271.0,-157.0
237.0,428.0,81.0,-233.0,-107.0,380.0,-424.0,-227.0,303.0,-135.0
232.0,139.0,101.0,-270.0,-99.0,300.0,-343.0,-90.0,313.0,-135.0
219.0,-139.0,119.0,-294.0,-64.0,417.0,-180.0,-57.0,271.0,-100.0
244.0,-300.0,151.0,-284.0,-19.0,532.0,-99.0,5.0,181.0,-61.0
273.0,-318.0,146.0,-302.0,26.0,503.0,-200.0,25.0,98.0,-63.0
293.0,-297.0,188.0,-318.0,65.0,493.0,-342.0,127.0,41.0,-68.0
304.0,-302.0,217.0,-296.0,84.0,429.0,-381.0,118.0,-13.0,-61.0
311.0,-265.0,212.0,-268.0,79.0,355.0,-339.0,12.0,-78.0,-80.0
322.0,-176.0,258.0,-246.0,54.0,321.0,-217.0,77.0,-120.0,-121.0
307.0,-101.0,261.0,-224.0,19.0,344.0,-68.0,20.0,-127.0,-123.0
267.0,-27.0,254.0,-187.0,-6.0,521.0,-42.0,96.0,-151.0,-90.0
230.0,61.0,264.0,-147.0,-12.0,552.0,-171.0,49.0,-147.0,-43.0
225.0,87.0,245.0,-142.0,-8.0,472.0,-319.0,-86.0,-113.0,-2.0
212.0,30.0,245.0,-149.0,-2.0,519.0,-355.0,-14.0,-98.0,28.0
194.0,40.0,228.0,-141.0,-3.0,599.0,-291.0,-7.0,-88.0,60.0
188.0,182.0,206.0,-160.0,-21.0,583.0,-191.0,57.0,-82.0,67.0
165.0,311.0,185.0,-189.0,-49.0,540.0,-130.0,24.0,-67.0,48.0
130.0,330.0,161.0,-210.0,-75.0,569.0,-140.0,-20.0,-47.0,43.0
70.0,251.0,140.0,-221.0,-90.0,559.0,-143.0,20.0,-47.0,22.0
29.0,102.0,119.0,-216.0,-94.0,449.0,-105.0,68.0,-66.0,-36.0
14.0,-83.0,83.0,-222.0,-91.0,364.0,-68.0,162.0,-65.0,-63.0
12.0,-253.0,57.0,-217.0,-76.0,558.0,-66.0,116.0,-68.0,-80.0
38.0,-341.0,42.0,-177.0,-52.0,758.0,-59.0,49.0,-88.0,-118.0
69.0,-322.0,-3.0,-127.0,-21.0,579.0,-17.0,-96.0,-111.0,-158.0
109.0,-203.0,-5.0,-72.0,11.0,331.0,-56.0,-92.0,-157.0,-148.0
141.0,-39.0,-23.0,-24.0,53.0,260.0,-125.0,-3.0,-205.0,-119.0
170.0,78.0,-37.0,20.0,103.0,352.0,-119.0,-83.0,-261.0,-122.0
199.0,95.0,-36.0,60.0,144.0,453.0,-23.0,27.0,-295.0,-95.0
226.0,29.0,-68.0,95.0,163.0,375.0,91.0,3.0,-329.0,-55.0
251.0,-47.0,-80.0,104.0,159.0,164.0,56.0,27.0,-382.0,-17.0
270.0,-92.0,-96.0,123.0,138.0,70.0,-114.0,25.0,-408.0,6.0
307.0,-123.0,-94.0,186.0,102.0,284.0,-259.0,-129.0,-433.0,39.0
340.0,-132.0,-101.0,252.0,53.0,461.0,-245.0,-158.0,-451.0,69.0
365.0,-95.0,-110.0,332.0,0.0,337.0,-111.0,-332.0,-449.0,52.0
371.0,-94.0,-113.0,411.0,-50.0,135.0,37.0,-256.0,-439.0,30.0
388.0,-204.0,-111.0,455.0,-92.0,37.0,82.0,-251.0,-430.0,14.0
414.0,-333.0,-116.0,477.0,-135.0,89.0,1.0,-323.0,-426.0,-6.0
416.0,-387.0,-134.0,493.0,-183.0,32.0,-141.0,-308.0,-410.0,-37.0
422.0,-407.0,-133.0,522.0,-229.0,-122.0,-238.0,-432.0,-382.0,-44.0
429.0,-401.0,-118.0,528.0,-251.0,-59.0,-128.0,-304.0,-344.0,-18.0
420.0,-339.0,-110.0,506.0,-244.0,22.0,64.0,-352.0,-302.0,4.0
406.0,-242.0,-91.0,478.0,-209.0,-94.0,124.0,-308.0,-255.0,24.0
384.0,-173.0,-36.0,439.0,-158.0,-152.0,-42.0,-168.0,-180.0,71.0
359.0,-131.0,-10.0,404.0,-106.0,-43.0,-264.0,-171.0,-79.0,133.0
373.0,-92.0,37.0,352.0,-57.0,63.0,-252.0,-68.0,-7.0,168.0
387.0,-48.0,96.0,289.0,-29.0,98.0,1.0,-118.0,46.0,195.0
385.0,31.0,144.0,238.0,-31.0,-82.0,255.0,-18.0,118.0,224.0
366.0,141.0,222.0,197.0,-50.0,-333.0,253.0,84.0,197.0,244.0
337.0,237.0,281.0,169.0,-67.0,-352.0,54.0,164.0,271.0,222.0
322.0,296.0,327.0,106.0,-70.0,-167.0,-110.0,179.0,322.0,207.0
305.0,340.0,382.0,28.0,-58.0,-4.0,-76.0,29.0,360.0,213.0
276.0,349.0,445.0,3.0,-35.0,-89.0,93.0,101.0,409.0,160.0
226.0,287.0,487.0,-20.0,-2.0,-329.0,201.0,103.0,477.0,96.0
177.0,177.0,535.0,-61.0,23.0,-368.0,177.0,153.0,547.0,49.0
115.0,28.0,563.0,-95.0,27.0,-99.0,120.0,171.0,603.0,13.0
67.0,-179.0,570.0,-117.0,18.0,50.0,103.0,153.0,628.0,-28.0
35.0,-412.0,602.0,-114.0,14.0,-118.0,130.0,341.0,646.0,-80.0
2.0,-526.0,595.0,-103.0,27.0,-275.0,188.0,380.0,671.0,-89.0
-29.0,-464.0,579.0,-76.0,57.0,-209.0,152.0,436.0,695.0,-108.0
-66.0,-364.0,570.0,-48.0,85.0,-119.0,67.0,430.0,693.0,-154.0
-92.0,-340.0,540.0,-23.0,100.0,-164.0,40.0,386.0,653.0,-178.0
-137.0,-355.0,499.0,8.0,99.0,-112.0,29.0,247.0,609.0,-176.0
-171.0,-373.0,455.0,-12.0,88.0,21.0,52.0,40.0,555.0,-177.0
-201.0,-388.0,407.0,-57.0,77.0,19.0,138.0,51.0,462.0,-163.0
-224.0,-359.0,354.0,-89.0,60.0,-24.0,168.0,-105.0,356.0,-119.0
-223.0,-257.0,312.0,-120.0,33.0,2.0,91.0,-195.0,275.0,-73.0
-235.0,-83.0,270.0,-123.0,1.0,113.0,93.0,-269.0,198.0,-42.0
-245.0,142.0,214.0,-114.0,-23.0,198.0,168.0,-179.0,110.0,-25.0
-248.0,309.0,174.0,-114.0,-25.0,236.0,162.0,133.0,13.0,12.0
-235.0,231.0,142.0,-108.0,-21.0,187.0,63.0,49.0,-83.0,30.0
-220.0,-119.0,104.0,-96.0,-21.0,114.0,-22.0,-46.0,-166.0,22.0
-215.0,-527.0,84.0,-82.0,-25.0,217.0,40.0,-182.0,-242.0,43.0
-208.0,-802.0,41.0,-76.0,-21.0,315.0,166.0,-288.0,-298.0,76.0
-210.0,-925.0,21.0,-63.0,0.0,319.0,185.0,-216.0,-332.0,82.0
-198.0,-900.0,-8.0,-12.0,31.0,165.0,79.0,-284.0,-337.0,86.0
-182.0,-708.0,-43.0,40.0,62.0,125.0,-24.0,-351.0,-342.0,119.0
-140.0,-379.0,-40.0,76.0,83.0,242.0,0.0,-393.0,-340.0,142.0
-93.0,37.0,-88.0,113.0,92.0,200.0,96.0,-306.0,-332.0,145.0
-48.0,456.0,-98.0,136.0,93.0,185.0,133.0,-293.0,-345.0,143.0
11.0,774.0,-131.0,144.0,87.0,177.0,61.0,-258.0,-365.0,147.0
59.0,960.0,-184.0,166.0,68.0,243.0,-37.0,-75.0,-377.0,131.0
114.0,1033.0,-196.0,191.0,38.0,314.0,-60.0,-138.0,-367.0,76.0
158.0,1031.0,-249.0,186.0,4.0,234.0,-12.0,-210.0,-383.0,40.0
209.0,973.0,-264.0,173.0,-26.0,162.0,97.0,-336.0,-386.0,28.0
246.0,860.0,-266.0,160.0,-47.0,102.0,238.0,-341.0,-353.0,10.0
269.0,687.0,-264.0,117.0,-54.0,164.0,328.0,-275.0,-320.0,-5.0
303.0,463.0,-263.0,87.0,-48.0,341.0,257.0,-419.0,-300.0,-3.0
314.0,202.0,-256.0,120.0,-28.0,273.0,123.0,-452.0,-295.0,-13.0
307.0,-129.0,-234.0,157.0,-9.0,116.0,106.0,-593.0,-275.0,-56.0
305.0,-502.0,-233.0,222.0,1.0,68.0,158.0,-617.0,-269.0,-98.0
315.0,-847.0,-203.0,305.0,1.0,0.0,194.0,-493.0,-258.0,-130.0
318.0,-1122.0,-187.0,349.0,-2.0,81.0,121.0,-277.0,-231.0,-157.0
320.0,-1263.0,-148.0,413.0,5.0,100.0,14.0,90.0,-212.0,-197.0
293.0,-1231.0,-111.0,457.0,19.0,20.0,34.0,181.0,-174.0,-221.0
257.0,-1069.0,-91.0,460.0,24.0,18.0,159.0,131.0,-132.0,-239.0
210.0,-855.0,-43.0,436.0,19.0,14.0,268.0,-94.0,-117.0,-282.0
144.0,-616.0,-18.0,368.0,16.0,6.0,258.0,-173.0,-110.0,-317.0
94.0,-340.0,3.0,279.0,24.0,-150.0,170.0,-157.0,-85.0,-333.0
29.0,-24.0,23.0,190.0,37.0,-219.0,100.0,-242.0,-62.0,-337.0
-26.0,280.0,64.0,103.0,36.0,-57.0,81.0,-177.0,-39.0,-347.0
-94.0,525.0,92.0,19.0,26.0,-9.0,68.0,-203.0,6.0,-355.0
-140.0,751.0,100.0,-62.0,17.0,-71.0,96.0,1.0,35.0,-361.0
-171.0,980.0,116.0,-130.0,13.0,-228.0,179.0,197.0,23.0,-389.0
-198.0,1142.0,115.0,-180.0,21.0,-375.0,273.0,219.0,5.0,-420.0
-213.0,1195.0,104.0,-214.0,44.0,-393.0,329.0,236.0,-5.0,-437.0
-269.0,1184.0,114.0,-206.0,74.0,-373.0,305.0,201.0,-6.0,-437.0
-329.0,1159.0,114.0,-197.0,96.0,-277.0,269.0,402.0,-2.0,-428.0
-376.0,1113.0,97.0,-190.0,100.0,-383.0,213.0,443.0,-5.0,-408.0
-386.0,964.0,110.0,-182.0,94.0,-586.0,178.0,412.0,-29.0,-386.0
-381.0,726.0,114.0,-189.0,85.0,-516.0,244.0,412.0,-52.0,-385.0
-358.0,508.0,129.0,-191.0,73.0,-285.0,307.0,358.0,-58.0,-381.0
-331.0,355.0,154.0,-196.0,56.0,-196.0,262.0,286.0,-67.0,-366.0
-315.0,272.0,152.0,-193.0,36.0,-363.0,153.0,-12.0,-91.0,-351.0
-306.0,212.0,158.0,-206.0,11.0,-444.0,70.0,-81.0,-115.0,-340.0
-281.0,101.0,174.0,-204.0,-19.0,-422.0,52.0,-121.0,-117.0,-351.0
-248.0,-104.0,168.0,-189.0,-50.0,-459.0,149.0,-105.0,-81.0,-344.0
-230.0,-396.0,170.0,-175.0,-73.0,-490.0,314.0,-9.0,-11.0,-333.0
-201.0,-696.0,172.0,-145.0,-86.0,-451.0,387.0,-227.0,65.0,-361.0
-184.0,-887.0,159.0,-129.0,-93.0,-415.0,343.0,-273.0,139.0,-399.0
-142.0,-909.0,153.0,-110.0,-94.0,-401.0,244.0,-408.0,209.0,-415.0
-119.0,-875.0,131.0,-77.0,-88.0,-377.0,163.0,-541.0,263.0,-428.0
-93.0,-876.0,113.0,-6.0,-74.0,-427.0,215.0,-484.0,307.0,-463.0
-70.0,-835.0,77.0,84.0,-56.0,-534.0,351.0,-439.0,330.0,-478.0
-47.0,-718.0,33.0,183.0,-37.0,-665.0,394.0,-325.0,338.0,-469.0
-13.0,-582.0,0.0,273.0,-8.0,-710.0,275.0,-336.0,337.0,-452.0
-23.0,-428.0,-41.0,332.0,28.0,-640.0,124.0,-249.0,353.0,-429.0
-22.0,-213.0,-66.0,372.0,69.0,-548.0,124.0,-282.0,368.0,-376.0
-29.0,19.0,-113.0,400.0,97.0,-460.0,219.0,-258.0,343.0,-301.0
-36.0,221.0,-130.0,408.0,95.0,-370.0,247.0,-166.0,298.0,-263.0
-60.0,355.0,-130.0,373.0,59.0,-381.0,193.0,-351.0,244.0,-200.0
-63.0,363.0,-156.0,335.0,1.0,-507.0,110.0,-297.0,213.0,-119.0
-40.0,290.0,-161.0,304.0,-55.0,-482.0,48.0,-290.0,184.0,-62.0
-31.0,252.0,-174.0,281.0,-97.0,-361.0,29.0,-186.0,133.0,0.0
-31.0,246.0,-156.0,274.0,-117.0,-390.0,43.0,-16.0,111.0,63.0
-51.0,242.0,-146.0,234.0,-125.0,-438.0,50.0,-120.0,111.0,144.0
-39.0,293.0,-129.0,189.0,-137.0,-327.0,50.0,-96.0,111.0,218.0
-40.0,428.0,-56.0,158.0,-153.0,-285.0,42.0,-83.0,115.0,276.0
-22.0,586.0,-41.0,125.0,-157.0,-452.0,23.0,-22.0,126.0,353.0
27.0,663.0,2.0,106.0,-146.0,-565.0,-8.0,-1.0,141.0,405.0
78.0,583.0,69.0,93.0,-132.0,-396.0,-35.0,18.0,168.0,415.0
120.0,357.0,99.0,121.0,-113.0,-187.0,-21.0,118.0,201.0,425.0
144.0,114.0,136.0,180.0,-88.0,-261.0,26.0,138.0,236.0,427.0
161.0,-41.0,157.0,241.0,-50.0,-496.0,99.0,277.0,276.0,400.0
166.0,-146.0,192.0,294.0,-4.0,-549.0,92.0,242.0,322.0,374.0
188.0,-297.0,190.0,341.0,41.0,-434.0,10.0,254.0,366.0,364.0
225.0,-513.0,181.0,387.0,81.0,-435.0,-74.0,260.0,372.0,370.0
268.0,-667.0,203.0,394.0,109.0,-436.0,-186.0,27.0,365.0,376.0
296.0,-689.0,188.0,384.0,116.0,-417.0,-227.0,-24.0,357.0,383.0
321.0,-608.0,176.0,356.0,104.0,-361.0,-173.0,9.0,357.0,400.0
343.0,-448.0,156.0,313.0,81.0,-273.0,-140.0,138.0,380.0,415.0
344.0,-273.0,133.0,282.0,53.0,-353.0,-164.0,208.0,407.0,436.0
349.0,-125.0,112.0,249.0,27.0,-375.0,-210.0,269.0,386.0,453.0
338.0,-29.0,75.0,225.0,6.0,-265.0,-195.0,312.0,317.0,501.0
323.0,-13.0,75.0,194.0,-5.0,-199.0,-110.0,210.0,267.0,557.0
306.0,-65.0,74.0,139.0,-19.0,-313.0,-37.0,175.0,214.0,594.0
263.0,-118.0,74.0,103.0,-41.0,-459.0,-43.0,-18.0,152.0,669.0
231.0,-90.0,98.0,79.0,-55.0,-430.0,-152.0,-125.0,74.0,748.0
208.0,34.0,97.0,61.0,-52.0,-343.0,-258.0,-203.0,-10.0,808.0
167.0,205.0,114.0,56.0,-35.0,-239.0,-230.0,-301.0,-84.0,857.0
133.0,360.0,143.0,26.0,-16.0,-276.0,-130.0,-273.0,-149.0,901.0
117.0,499.0,141.0,6.0,0.0,-388.0,-110.0,-352.0,-201.0,942.0
81.0,566.0,146.0,18.0,16.0,-324.0,-140.0,-236.0,-261.0,954.0
38.0,445.0,162.0,16.0,32.0,-329.0,-171.0,-201.0,-294.0,933.0
-21.0,203.0,176.0,27.0,41.0,-423.0,-258.0,-192.0,-277.0,894.0
-88.0,-34.0,174.0,48.0,47.0,-375.0,-332.0,-109.0,-232.0,834.0
-153.0,-214.0,177.0,56.0,60.0,-272.0,-331.0,-218.0,-204.0,757.0
-227.0,-286.0,187.0,76.0,75.0,-293.0,-281.0,-206.0,-184.0,677.0
-281.0,-251.0,164.0,122.0,81.0,-469.0,-277.0,-225.0,-161.0,581.0
-339.0,-154.0,151.0,176.0,70.0,-622.0,-312.0,-169.0,-135.0,476.0
-376.0,-4.0,135.0,231.0,48.0,-559.0,-260.0,-158.0,-103.0,355.0
-405.0,150.0,133.0,298.0,22.0,-421.0,-266.0,-157.0,-112.0,222.0
-424.0,184.0,139.0,336.0,-2.0,-421.0,-294.0,-131.0,-104.0,79.0
-434.0,96.0,141.0,363.0,-25.0,-435.0,-196.0,-476.0,-66.0,-76.0
-472.0,65.0,165.0,377.0,-48.0,-419.0,-139.0,-624.0,-30.0,-224.0
-476.0,171.0,178.0,357.0,-54.0,-477.0,-156.0,-617.0,14.0,-342.0
-493.0,262.0,209.0,344.0,-45.0,-557.0,-200.0,-620.0,46.0,-437.0
-488.0,153.0,216.0,309.0,-39.0,-498.0,-237.0,-437.0,40.0,-537.0
-445.0,-87.0,229.0,262.0,-45.0,-388.0,-238.0,-280.0,21.0,-620.0
-404.0,-218.0,231.0,204.0,-56.0,-404.0,-180.0,-227.0,18.0,-678.0
-361.0,-178.0,212.0,166.0,-56.0,-425.0,-91.0,-360.0,10.0,-721.0
-335.0,-55.0,214.0,152.0,-52.0,-443.0,-107.0,-463.0,-27.0,-753.0
-294.0,45.0,204.0,120.0,-46.0,-448.0,-197.0,-635.0,-80.0,-783.0
-286.0,13.0,206.0,71.0,-37.0,-423.0,-261.0,-759.0,-134.0,-804.0
-298.0,-125.0,212.0,-5.0,-20.0,-396.0,-241.0,-702.0,-204.0,-843.0
-299.0,-228.0,232.0,-72.0,6.0,-361.0,-182.0,-740.0,-250.0,-865.0
-277.0,-266.0,233.0,-113.0,35.0,-399.0,-142.0,-558.0,-245.0,-866.0
-248.0,-305.0,229.0,-121.0,60.0,-438.0,-90.0,-424.0,-200.0,-864.0
-261.0,-301.0,233.0,-117.0,68.0,-405.0,-52.0,-304.0,-142.0,-846.0
-280.0,-231.0,211.0,-126.0,54.0,-334.0,-37.0,-131.0,-119.0,-809.0
-286.0,-139.0,199.0,-94.0,27.0,-376.0,-48.0,-206.0,-106.0,-752.0
-311.0,17.0,186.0,-56.0,-4.0,-398.0,-50.0,-177.0,-93.0,-700.0
-338.0,295.0,160.0,-29.0,-28.0,-246.0,-74.0,-145.0,-77.0,-657.0
-334.0,628.0,136.0,6.0,-50.0,-216.0,-130.0,12.0,-29.0,-603.0
-325.0,824.0,133.0,31.0,-76.0,-332.0,-154.0,166.0,36.0,-531.0
-341.0,840.0,109.0,81.0,-110.0,-402.0,-154.0,308.0,68.0,-467.0
-374.0,808.0,87.0,151.0,-147.0,-384.0,-143.0,430.0,40.0,-402.0
-384.0,793.0,90.0,197.0,-171.0,-346.0,-119.0,230.0,5.0,-322.0
-389.0,773.0,69.0,224.0,-175.0,-354.0,-85.0,86.0,50.0,-260.0
-375.0,704.0,64.0,263.0,-153.0,-373.0,-62.0,-168.0,161.0,-203.0
-322.0,564.0,56.0,328.0,-106.0,-340.0,-73.0,-264.0,248.0,-152.0
-262.0,343.0,89.0,363.0,-47.0,-328.0,-110.0,-264.0,288.0,-93.0
-228.0,49.0,98.0,342.0,8.0,-325.0,-148.0,-415.0,322.0,-44.0
-203.0,-265.0,90.0,310.0,52.0,-282.0,-180.0,-371.0,368.0,-13.0
-162.0,-523.0,129.0,277.0,80.0,-321.0,-207.0,-341.0,404.0,32.0
-120.0,-698.0,115.0,223.0,93.0,-302.0,-191.0,-188.0,398.0,61.0
-55.0,-846.0,138.0,178.0,99.0,-241.0,-130.0,-83.0,335.0,62.0
13.0,-958.0,141.0,151.0,98.0,-265.0,-82.0,-27.0,282.0,52.0
94.0,-948.0,127.0,93.0,93.0,-335.0,-48.0,-49.0,277.0,34.0
167.0,-779.0,141.0,20.0,89.0,-417.0,-48.0,-280.0,292.0,14.0
232.0,-499.0,135.0,-53.0,84.0,-313.0,-95.0,-351.0,316.0,0.0
294.0,-179.0,124.0,-100.0,74.0,-218.0,-146.0,-532.0,326.0,3.0
355.0,166.0,104.0,-130.0,58.0,-334.0,-166.0,-598.0,329.0,37.0
411.0,498.0,107.0,-131.0,44.0,-457.0,-132.0,-609.0,364.0,74.0
435.0,722.0,79.0,-91.0,33.0,-411.0,-101.0,-709.0,417.0,123.0
476.0,815.0,66.0,-68.0,22.0,-225.0,-141.0,-582.0,439.0,196.0
500.0,814.0,66.0,-41.0,7.0,-181.0,-224.0,-576.0,436.0,274.0
512.0,688.0,54.0,-40.0,-12.0,-336.0,-239.0,-489.0,442.0,323.0
502.0,480.0,25.0,-25.0,-26.0,-402.0,-151.0,-508.0,464.0,362.0
465.0,333.0,12.0,21.0,-31.0,-350.0,-42.0,-661.0,479.0,422.0
432.0,278.0,-19.0,80.0,-30.0,-352.0,-35.0,-611.0,466.0,457.0
398.0,241.0,-60.0,206.0,-16.0,-338.0,-182.0,-644.0,432.0,473.0
352.0,171.0,-79.0,311.0,6.0,-279.0,-356.0,-591.0,363.0,494.0
302.0,52.0,-132.0,377.0,26.0,-221.0,-405.0,-509.0,262.0,518.0
260.0,-135.0,-145.0,440.0,34.0,-182.0,-311.0,-384.0,154.0,540.0
218.0,-323.0,-181.0,488.0,29.0,-120.0,-171.0,-275.0,49.0,549.0
169.0,-439.0,-212.0,543.0,19.0,-46.0,-88.0,-260.0,-59.0,554.0
108.0,-539.0,-245.0,612.0,16.0,-47.0,-83.0,-168.0,-147.0,532.0
48.0,-682.0,-272.0,647.0,21.0,-78.0,-117.0,-127.0,-201.0,486.0
-16.0,-774.0,-268.0,647.0,27.0,-80.0,-145.0,-3.0,-282.0,438.0
-74.0,-686.0,-286.0,630.0,23.0,57.0,-198.0,1.0,-374.0,373.0
-131.0,-493.0,-274.0,608.0,6.0,203.0,-263.0,7.0,-457.0,284.0
-159.0,-342.0,-264.0,597.0,-17.0,160.0,-214.0,27.0,-552.0,190.0
-173.0,-260.0,-260.0,550.0,-46.0,58.0,-76.0,-75.0,-653.0,111.0
-188.0,-202.0,-267.0,508.0,-71.0,22.0,72.0,44.0,-717.0,56.0
-205.0,-162.0,-252.0,467.0,-88.0,100.0,139.0,42.0,-698.0,13.0
-223.0,-192.0,-240.0,439.0,-96.0,226.0,45.0,107.0,-660.0,-15.0
-229.0,-277.0,-222.0,423.0,-93.0,333.0,-47.0,203.0,-632.0,-7.0
-243.0,-327.0,-177.0,413.0,-75.0,380.0,-45.0,160.0,-598.0,0.0
-238.0,-288.0,-152.0,408.0,-46.0,307.0,49.0,177.0,-555.0,-12.0
-239.0,-208.0,-119.0,376.0,-16.0,254.0,108.0,16.0,-492.0,-7.0
-229.0,-98.0,-85.0,349.0,1.0,224.0,7.0,70.0,-422.0,-20.0
-203.0,102.0,-62.0,328.0,1.0,100.0,-98.0,70.0,-351.0,-57.0
-194.0,364.0,-44.0,328.0,-2.0,37.0,-117.0,36.0,-271.0,-103.0
-204.0,611.0,-5.0,319.0,-6.0,56.0,-15.0,123.0,-163.0,-153.0
-191.0,765.0,17.0,282.0,0.0,27.0,118.0,9.0,-69.0,-187.0
-157.0,765.0,32.0,204.0,12.0,-84.0,165.0,18.0,-14.0,-219.0
-134.0,665.0,65.0,156.0,26.0,-137.0,99.0,-66.0,68.0,-226.0
-105.0,584.0,86.0,148.0,43.0,13.0,-31.0,-57.0,181.0,-194.0
-80.0,532.0,95.0,150.0,50.0,84.0,-91.0,3.0,283.0,-145.0
-59.0,446.0,105.0,173.0,52.0,-24.0,-98.0,-127.0,360.0,-84.0
-51.0,270.0,124.0,117.0,55.0,-46.0,-93.0,-230.0,416.0,-14.0
-46.0,-56.0,127.0,73.0,63.0,-53.0,-107.0,-391.0,475.0,53.0
-56.0,-452.0,128.0,44.0,66.0,-135.0,-129.0,-336.0,548.0,108.0
-50.0,-729.0,167.0,24.0,57.0,-171.0,-152.0,-341.0,578.0,160.0
-38.0,-824.0,184.0,25.0,42.0,-66.0,-208.0,-406.0,591.0,214.0
-25.0,-832.0,183.0,-16.0,29.0,56.0,-264.0,-347.0,618.0,273.0
-1.0,-858.0,230.0,-51.0,30.0,52.0,-263.0,-256.0,617.0,321.0
1.0,-875.0,254.0,-83.0,47.0,69.0,-215.0,-35.0,587.0,361.0
9.0,-823.0,255.0,-62.0,72.0,116.0,-140.0,-64.0,514.0,404.0
-7.0,-722.0,300.0,-56.0,99.0,81.0,-95.0,-66.0,458.0,441.0
-13.0,-608.0,312.0,-105.0,125.0,-52.0,-135.0,-182.0,432.0,436.0
-25.0,-482.0,337.0,-126.0,140.0,-89.0,-170.0,-400.0,383.0,410.0
-35.0,-373.0,349.0,-121.0,135.0,20.0,-147.0,-393.0,323.0,410.0
-19.0,-325.0,343.0,-80.0,110.0,-28.0,-73.0,-473.0,250.0,391.0
-3.0,-317.0,364.0,-59.0,75.0,-160.0,-45.0,-332.0,189.0,376.0
39.0,-323.0,329.0,-31.0,45.0,-165.0,-87.0,-214.0,153.0,378.0
61.0,-353.0,349.0,42.0,14.0,-36.0,-155.0,-129.0,115.0,366.0
105.0,-392.0,337.0,131.0,-13.0,25.0,-197.0,-114.0,75.0,370.0
141.0,-335.0,293.0,232.0,-28.0,22.0,-133.0,-286.0,33.0,374.0
146.0,-189.0,281.0,308.0,-37.0,99.0,-16.0,-284.0,-14.0,382.0
140.0,-109.0,237.0,356.0,-46.0,108.0,104.0,-371.0,-87.0,411.0
119.0,-114.0,226.0,417.0,-62.0,123.0,103.0,-299.0,-176.0,422.0
128.0,-153.0,186.0,484.0,-69.0,80.0,17.0,-195.0,-244.0,399.0
116.0,-181.0,179.0,492.0,-58.0,-74.0,-46.0,-179.0,-288.0,358.0
104.0,-171.0,164.0,459.0,-37.0,-125.0,-86.0,-66.0,-307.0,314.0
88.0,-115.0,125.0,449.0,-16.0,-14.0,-100.0,-68.0,-301.0,243.0
84.0,-25.0,112.0,453.0,0.0,178.0,-130.0,-5.0,-241.0,173.0
75.0,37.0,59.0,413.0,20.0,222.0,-168.0,12.0,-154.0,129.0
45.0,70.0,32.0,343.0,40.0,95.0,-207.0,73.0,-98.0,56.0
24.0,35.0,-18.0,291.0,45.0,6.0,-187.0,175.0,-58.0,-14.0
-7.0,-87.0,-46.0,235.0,29.0,102.0,-90.0,116.0,4.0,-79.0
-38.0,-190.0,-59.0,209.0,-8.0,227.0,-42.0,44.0,105.0,-154.0
-93.0,-165.0,-116.0,179.0,-57.0,178.0,-113.0,-103.0,205.0,-218.0
-160.0,60.0,-128.0,160.0,-108.0,134.0,-220.0,-171.0,265.0,-272.0
-217.0,447.0,-163.0,169.0,-149.0,193.0,-296.0,-153.0,300.0,-275.0
-252.0,805.0,-199.0,128.0,-181.0,283.0,-279.0,-94.0,364.0,-251.0
-296.0,992.0,-214.0,103.0,-205.0,344.0,-185.0,31.0,458.0,-224.0
-335.0,1063.0,-228.0,108.0,-228.0,394.0,-137.0,35.0,514.0,-181.0
-357.0,1106.0,-247.0,112.0,-236.0,451.0,-110.0,114.0,507.0,-149.0
-372.0,1068.0,-255.0,117.0,-215.0,471.0,-108.0,121.0,487.0,-143.0
-371.0,889.0,-265.0,134.0,-169.0,452.0,-211.0,109.0,465.0,-160.0
-361.0,576.0,-277.0,152.0,-111.0,301.0,-318.0,44.0,411.0,-182.0
-340.0,168.0,-289.0,145.0,-57.0,62.0,-274.0,-105.0,342.0,-222.0
-337.0,-200.0,-326.0,117.0,-10.0,21.0,-194.0,-38.0,262.0,-289.0
-323.0,-373.0,-352.0,39.0,31.0,237.0,-189.0,-105.0,161.0,-362.0
-319.0,-340.0,-407.0,-6.0,64.0,454.0,-210.0,-59.0,24.0,-416.0
-303.0,-152.0,-418.0,-3.0,96.0,436.0,-224.0,-77.0,-97.0,-479.0
-270.0,86.0,-461.0,0.0,118.0,183.0,-193.0,-256.0,-193.0,-559.0
-230.0,228.0,-499.0,-4.0,131.0,-35.0,-140.0,-229.0,-265.0,-601.0
-195.0,280.0,-507.0,-49.0,142.0,-9.0,-115.0,-284.0,-307.0,-627.0
-176.0,378.0,-535.0,-56.0,138.0,170.0,-92.0,-181.0,-369.0,-654.0
-150.0,585.0,-515.0,-51.0,111.0,257.0,-51.0,-123.0,-412.0,-681.0
-152.0,763.0,-507.0,-82.0,71.0,232.0,-26.0,-72.0,-428.0,-693.0
-125.0,792.0,-483.0,-55.0,36.0,227.0,-1.0,129.0,-457.0,-703.0
-88.0,708.0,-465.0,-41.0,20.0,218.0,62.0,251.0,-494.0,-736.0
-21.0,629.0,-423.0,-62.0,19.0,266.0,139.0,280.0,-525.0,-734.0
66.0,619.0,-391.0,-49.0,20.0,338.0,132.0,68.0,-522.0,-721.0
129.0,611.0,-343.0,-41.0,16.0,336.0,51.0,18.0,-504.0,-710.0
180.0,474.0,-265.0,-45.0,15.0,334.0,-12.0,1.0,-464.0,-665.0
211.0,169.0,-207.0,-25.0,14.0,333.0,-85.0,-3.0,-410.0,-585.0
244.0,-150.0,-124.0,31.0,5.0,292.0,-153.0,107.0,-363.0,-484.0
261.0,-353.0,-57.0,78.0,-12.0,271.0,-165.0,114.0,-310.0,-381.0
280.0,-450.0,26.0,92.0,-32.0,303.0,-109.0,221.0,-265.0,-249.0
287.0,-465.0,91.0,69.0,-38.0,410.0,-23.0,136.0,-216.0,-91.0
303.0,-358.0,178.0,34.0,-27.0,506.0,-28.0,44.0,-149.0,67.0
316.0,-124.0,264.0,34.0,-12.0,429.0,-88.0,0.0,-88.0,225.0
313.0,90.0,320.0,29.0,-6.0,345.0,-116.0,-55.0,-42.0,381.0
317.0,153.0,383.0,10.0,-7.0,350.0,-86.0,151.0,2.0,531.0
298.0,70.0,432.0,-20.0,-11.0,319.0,-28.0,254.0,32.0,659.0
284.0,-61.0,487.0,-73.0,-20.0,282.0,-63.0,362.0,30.0,774.0
269.0,-147.0,523.0,-109.0,-39.0,304.0,-135.0,306.0,0.0,865.0
236.0,-90.0,571.0,-108.0,-57.0,262.0,-126.0,190.0,-53.0,911.0
171.0,114.0,575.0,-69.0,-54.0,143.0,-56.0,236.0,-64.0,938.0
106.0,321.0,590.0,-8.0,-41.0,114.0,21.0,181.0,-22.0,954.0
54.0,403.0,595.0,15.0,-34.0,242.0,42.0,271.0,24.0,950.0
9.0,299.0,564.0,6.0,-40.0,380.0,-21.0,280.0,65.0,921.0
-15.0,42.0,570.0,20.0,-53.0,190.0,-102.0,293.0,104.0,876.0
-23.0,-296.0,543.0,78.0,-62.0,-123.0,-101.0,338.0,167.0,836.0
-12.0,-642.0,533.0,148.0,-70.0,-98.0,-42.0,240.0,256.0,774.0
-22.0,-882.0,507.0,218.0,-85.0,160.0,6.0,94.0,347.0,657.0
-34.0,-966.0,473.0,255.0,-101.0,237.0,-4.0,-229.0,405.0,538.0
-66.0,-954.0,444.0,263.0,-110.0,137.0,-25.0,-310.0,452.0,422.0
-106.0,-855.0,410.0,304.0,-107.0,214.0,-56.0,-240.0,518.0,302.0
-109.0,-577.0,379.0,321.0,-93.0,265.0,-57.0,-84.0,566.0,185.0
-89.0,-152.0,320.0,327.0,-68.0,141.0,11.0,51.0,600.0,102.0
-40.0,223.0,285.0,316.0,-29.0,75.0,10.0,-53.0,612.0,41.0
-1.0,387.0,214.0,245.0,15.0,95.0,-7.0,-114.0,599.0,-48.0
0.0,370.0,151.0,158.0,43.0,116.0,24.0,-306.0,568.0,-108.0
-5.0,303.0,95.0,103.0,60.0,55.0,40.0,-262.0,535.0,-133.0
-18.0,201.0,40.0,80.0,73.0,52.0,3.0,-125.0,507.0,-158.0
-21.0,37.0,3.0,36.0,89.0,169.0,-53.0,-75.0,428.0,-187.0
-12.0,-174.0,-57.0,-37.0,104.0,313.0,-60.0,73.0,301.0,-217.0
4.0,-440.0,-102.0,-109.0,109.0,406.0,-29.0,96.0,172.0,-242.0
39.0,-706.0,-135.0,-150.0,105.0,354.0,-20.0,238.0,54.0,-269.0
48.0,-836.0,-174.0,-148.0,100.0,210.0,-60.0,168.0,-50.0,-288.0
57.0,-804.0,-216.0,-159.0,107.0,80.0,-53.0,9.0,-142.0,-271.0
34.0,-719.0,-235.0,-164.0,129.0,103.0,-24.0,-83.0,-231.0,-224.0
12.0,-662.0,-260.0,-220.0,163.0,232.0,-69.0,-210.0,-322.0,-173.0
9.0,-667.0,-306.0,-287.0,201.0,305.0,-142.0,-216.0,-396.0,-99.0
-31.0,-691.0,-340.0,-247.0,234.0,363.0,-194.0,-397.0,-458.0,-7.0
-61.0,-578.0,-373.0,-255.0,254.0,354.0,-203.0,-408.0,-505.0,78.0
-80.0,-235.0,-407.0,-192.0,244.0,277.0,-224.0,-389.0,-532.0,144.0
-95.0,212.0,-435.0,-141.0,210.0,177.0,-239.0,-417.0,-523.0,206.0
-121.0,528.0,-440.0,-196.0,173.0,148.0,-170.0,-210.0,-490.0,269.0
-157.0,635.0,-454.0,-242.0,135.0,314.0,-116.0,-153.0,-472.0,310.0
-194.0,650.0,-455.0,-266.0,98.0,375.0,-130.0,-44.0,-443.0,367.0
-222.0,691.0,-430.0,-171.0,63.0,127.0,-161.0,-25.0,-399.0,404.0
-248.0,737.0,-442.0,-93.0,33.0,-12.0,-191.0,-92.0,-332.0,438.0
-276.0,751.0,-423.0,-44.0,7.0,128.0,-211.0,-77.0,-238.0,466.0
-287.0,765.0,-411.0,-41.0,-21.0,265.0,-185.0,-90.0,-133.0,473.0
-288.0,753.0,-412.0,-90.0,-43.0,262.0,-124.0,103.0,-55.0,502.0
-276.0,649.0,-392.0,-103.0,-46.0,173.0,-100.0,138.0,-16.0,500.0
-272.0,426.0,-372.0,-41.0,-34.0,98.0,-58.0,144.0,-3.0,491.0
-269.0,162.0,-357.0,29.0,-27.0,17.0,-37.0,127.0,-2.0,479.0
-273.0,-4.0,-355.0,-4.0,-33.0,77.0,-93.0,44.0,3.0,452.0
-264.0,-38.0,-336.0,-141.0,-44.0,240.0,-123.0,3.0,3.0,418.0
-242.0,11.0,-353.0,-234.0,-57.0,177.0,-107.0,-330.0,-7.0,370.0
-219.0,76.0,-374.0,-205.0,-59.0,-16.0,-87.0,-439.0,-33.0,337.0
-187.0,85.0,-371.0,-198.0,-47.0,-39.0,-112.0,-273.0,-69.0,284.0
-148.0,12.0,-391.0,-235.0,-29.0,37.0,-204.0,-31.0,-121.0,235.0
-101.0,-44.0,-399.0,-391.0,-11.0,63.0,-264.0,120.0,-172.0,178.0
-59.0,-9.0,-403.0,-494.0,4.0,8.0,-192.0,88.0,-183.0,99.0
-6.0,63.0,-406.0,-507.0,22.0,-108.0,-60.0,145.0,-173.0,18.0
39.0,85.0,-383.0,-568.0,36.0,-41.0,20.0,109.0,-173.0,-86.0
84.0,17.0,-382.0,-524.0,42.0,-2.0,16.0,153.0,-191.0,-195.0
122.0,-60.0,-372.0,-482.0,46.0,-109.0,6.0,158.0,-202.0,-293.0
149.0,-24.0,-329.0,-522.0,49.0,-156.0,18.0,151.0,-208.0,-398.0
178.0,122.0,-293.0,-517.0,59.0,-135.0,34.0,273.0,-189.0,-487.0
210.0,247.0,-226.0,-416.0,75.0,-14.0,71.0,275.0,-143.0,-534.0
250.0,265.0,-187.0,-356.0,99.0,-37.0,91.0,314.0,-128.0,-557.0
273.0,213.0,-129.0,-347.0,131.0,-150.0,130.0,245.0,-115.0,-561.0
279.0,166.0,-73.0,-299.0,163.0,-100.0,184.0,232.0,-105.0,-544.0
263.0,186.0,-62.0,-204.0,187.0,-21.0,168.0,269.0,-128.0,-509.0
238.0,279.0,-21.0,-152.0,198.0,-19.0,103.0,251.0,-160.0,-475.0
218.0,414.0,-8.0,-149.0,194.0,56.0,76.0,336.0,-181.0,-435.0
178.0,574.0,6.0,-87.0,177.0,118.0,93.0,275.0,-165.0,-382.0
141.0,712.0,41.0,-132.0,148.0,53.0,135.0,245.0,-136.0,-323.0
115.0,761.0,95.0,-115.0,111.0,102.0,202.0,94.0,-108.0,-262.0
98.0,734.0,153.0,-77.0,72.0,228.0,247.0,-14.0,-70.0,-194.0
74.0,679.0,214.0,-110.0,37.0,237.0,284.0,33.0,-42.0,-115.0
18.0,586.0,240.0,-41.0,10.0,139.0,301.0,-14.0,-45.0,-35.0
-40.0,430.0,267.0,-37.0,-14.0,119.0,261.0,195.0,-65.0,44.0
-95.0,248.0,319.0,-13.0,-40.0,210.0,235.0,288.0,-99.0,134.0
-130.0,175.0,334.0,-6.0,-56.0,267.0,245.0,378.0,-146.0,242.0
-160.0,322.0,387.0,-29.0,-61.0,333.0,239.0,373.0,-180.0,321.0
-165.0,584.0,416.0,27.0,-64.0,446.0,213.0,179.0,-230.0,382.0
-157.0,745.0,442.0,93.0,-80.0,484.0,203.0,201.0,-309.0,435.0
-160.0,666.0,471.0,72.0,-109.0,335.0,233.0,94.0,-384.0,462.0
-149.0,398.0,483.0,45.0,-139.0,196.0,295.0,166.0,-425.0,485.0
-151.0,59.0,513.0,100.0,-173.0,225.0,351.0,199.0,-420.0,493.0
-141.0,-256.0,523.0,128.0,-199.0,281.0,354.0,145.0,-420.0,516.0
-123.0,-467.0,546.0,178.0,-208.0,333.0,341.0,133.0,-455.0,512.0
-99.0,-580.0,529.0,204.0,-204.0,365.0,336.0,0.0,-484.0,475.0
-86.0,-655.0,495.0,199.0,-188.0,335.0,319.0,48.0,-472.0,452.0
-73.0,-751.0,462.0,248.0,-164.0,284.0,386.0,35.0,-436.0,417.0
-34.0,-835.0,383.0,273.0,-144.0,306.0,464.0,99.0,-373.0,372.0
2.0,-838.0,298.0,241.0,-135.0,362.0,450.0,86.0,-282.0,325.0
40.0,-745.0,233.0,216.0,-138.0,400.0,408.0,-11.0,-209.0,299.0
68.0,-567.0,140.0,208.0,-144.0,419.0,346.0,73.0,-154.0,262.0
117.0,-382.0,45.0,176.0,-149.0,417.0,297.0,1.0,-69.0,209.0
174.0,-223.0,-10.0,109.0,-138.0,479.0,281.0,48.0,8.0,155.0
238.0,-37.0,-112.0,76.0,-105.0,471.0,292.0,136.0,49.0,100.0
288.0,207.0,-174.0,58.0,-52.0,411.0,295.0,166.0,62.0,55.0
310.0,446.0,-212.0,10.0,12.0,457.0,276.0,236.0,66.0,-2.0
323.0,589.0,-282.0,-13.0,71.0,413.0,297.0,162.0,98.0,-55.0
331.0,630.0,-304.0,-62.0,105.0,232.0,300.0,123.0,127.0,-119.0
357.0,636.0,-332.0,-96.0,114.0,191.0,254.0,81.0,139.0,-197.0
363.0,630.0,-361.0,-111.0,118.0,394.0,249.0,84.0,137.0,-261.0
346.0,522.0,-382.0,-156.0,133.0,474.0,283.0,136.0,112.0,-325.0
336.0,277.0,-382.0,-163.0,151.0,334.0,269.0,240.0,84.0,-393.0
326.0,11.0,-384.0,-192.0,164.0,250.0,224.0,347.0,45.0,-458.0
304.0,-186.0,-392.0,-204.0,165.0,325.0,205.0,271.0,-16.0,-499.0
270.0,-357.0,-375.0,-202.0,155.0,400.0,208.0,290.0,-81.0,-514.0
238.0,-517.0,-360.0,-259.0,138.0,348.0,235.0,201.0,-140.0,-523.0
192.0,-614.0,-352.0,-255.0,116.0,369.0,237.0,75.0,-171.0,-520.0
134.0,-741.0,-322.0,-250.0,85.0,438.0,176.0,-51.0,-184.0,-485.0
73.0,-1003.0,-270.0,-293.0,51.0,355.0,103.0,-245.0,-203.0,-425.0
2.0,-1276.0,-241.0,-349.0,14.0,333.0,71.0,-129.0,-219.0,-355.0
-56.0,-1389.0,-203.0,-384.0,-13.0,510.0,63.0,27.0,-221.0,-261.0
-104.0,-1264.0,-176.0,-406.0,-22.0,540.0,34.0,251.0,-204.0,-143.0
-135.0,-906.0,-137.0,-442.0,-12.0,356.0,-27.0,369.0,-184.0,-32.0
-162.0,-444.0,-117.0,-449.0,16.0,260.0,-86.0,327.0,-168.0,74.0
-189.0,-71.0,-92.0,-464.0,48.0,330.0,-73.0,310.0,-140.0,183.0
-211.0,153.0,-30.0,-458.0,78.0,373.0,-60.0,153.0,-112.0,261.0
-237.0,239.0,-48.0,-415.0,98.0,257.0,-102.0,171.0,-84.0,321.0
-262.0,214.0,-44.0,-330.0,106.0,221.0,-117.0,208.0,-74.0,389.0
-257.0,150.0,-59.0,-231.0,104.0,365.0,-91.0,295.0,-116.0,436.0
-222.0,94.0,-105.0,-199.0,104.0,464.0,-81.0,410.0,-150.0,469.0
-188.0,89.0,-123.0,-149.0,110.0,285.0,-121.0,397.0,-141.0,481.0
-131.0,205.0,-182.0,-79.0,119.0,41.0,-182.0,363.0,-124.0,475.0
-71.0,416.0,-215.0,-55.0,125.0,70.0,-213.0,77.0,-127.0,467.0
-5.0,555.0,-275.0,-72.0,125.0,206.0,-220.0,42.0,-160.0,430.0
24.0,551.0,-352.0,-84.0,124.0,189.0,-211.0,125.0,-172.0,391.0
41.0,499.0,-396.0,-89.0,118.0,69.0,-173.0,134.0,-179.0,341.0
70.0,474.0,-460.0,-96.0,103.0,-3.0,-149.0,234.0,-191.0,284.0
67.0,461.0,-506.0,-89.0,83.0,-18.0,-187.0,140.0,-190.0,222.0
70.0,386.0,-543.0,-106.0,64.0,52.0,-225.0,138.0,-211.0,164.0
58.0,280.0,-573.0,-117.0,52.0,151.0,-224.0,48.0,-218.0,138.0
61.0,243.0,-605.0,-97.0,44.0,108.0,-207.0,-16.0,-207.0,97.0
60.0,274.0,-633.0,-96.0,39.0,2.0,-189.0,-35.0,-196.0,44.0
45.0,330.0,-614.0,-159.0,30.0,-9.0,-170.0,-101.0,-156.0,0.0
23.0,405.0,-606.0,-222.0,18.0,18.0,-162.0,25.0,-118.0,-40.0
0.0,475.0,-584.0,-284.0,0.0,-12.0,-157.0,5.0,-96.0,-118.0
9.0,461.0,-546.0,-374.0,-19.0,-120.0,-125.0,194.0,-93.0,-203.0
19.0,399.0,-537.0,-462.0,-30.0,-88.0,-124.0,352.0,-107.0,-268.0
8.0,447.0,-506.0,-523.0,-37.0,51.0,-173.0,317.0,-98.0,-332.0
-34.0,625.0,-463.0,-592.0,-51.0,16.0,-200.0,332.0,-93.0,-392.0
-84.0,749.0,-446.0,-681.0,-76.0,-38.0,-173.0,157.0,-132.0,-439.0
-131.0,634.0,-414.0,-712.0,-112.0,-5.0,-122.0,197.0,-162.0,-441.0
-176.0,238.0,-380.0,-722.0,-149.0,-84.0,-129.0,192.0,-169.0,-435.0
-228.0,-271.0,-355.0,-710.0,-170.0,-149.0,-155.0,164.0,-176.0,-435.0
-257.0,-587.0,-345.0,-744.0,-170.0,41.0,-122.0,345.0,-189.0,-402.0
-264.0,-614.0,-315.0,-742.0,-152.0,166.0,-70.0,463.0,-202.0,-349.0
-278.0,-484.0,-289.0,-692.0,-125.0,12.0,-19.0,600.0,-221.0,-307.0
-294.0,-309.0,-279.0,-723.0,-99.0,-133.0,-23.0,545.0,-244.0,-271.0
-326.0,-212.0,-226.0,-709.0,-78.0,-68.0,-60.0,395.0,-260.0,-212.0
-352.0,-268.0,-215.0,-651.0,-68.0,0.0,-82.0,216.0,-279.0,-132.0
-380.0,-416.0,-194.0,-538.0,-65.0,-129.0,-144.0,129.0,-290.0,-68.0
-401.0,-569.0,-139.0,-473.0,-68.0,-226.0,-176.0,72.0,-321.0,3.0
-401.0,-724.0,-132.0,-470.0,-78.0,-208.0,-146.0,-105.0,-353.0,101.0
-368.0,-852.0,-92.0,-428.0,-89.0,-217.0,-90.0,-24.0,-362.0,180.0
-313.0,-901.0,-55.0,-408.0,-93.0,-244.0,-2.0,77.0,-378.0,251.0
-263.0,-874.0,-18.0,-321.0,-80.0,-128.0,63.0,273.0,-365.0,322.0
-192.0,-801.0,-8.0,-282.0,-55.0,39.0,88.0,386.0,-338.0,386.0
-133.0,-752.0,-2.0,-301.0,-33.0,-52.0,70.0,319.0,-306.0,411.0
-70.0,-748.0,56.0,-267.0,-28.0,-244.0,22.0,504.0,-246.0,430.0
-8.0,-731.0,45.0,-259.0,-46.0,-265.0,-20.0,593.0,-192.0,473.0
40.0,-649.0,80.0,-231.0,-78.0,-171.0,-23.0,637.0,-146.0,486.0
95.0,-506.0,116.0,-190.0,-107.0,-141.0,-9.0,511.0,-94.0,486.0
138.0,-345.0,74.0,-160.0,-111.0,-252.0,-19.0,330.0,-32.0,487.0
200.0,-138.0,125.0,-125.0,-85.0,-303.0,-77.0,279.0,45.0,500.0
232.0,177.0,137.0,-69.0,-39.0,-237.0,-116.0,160.0,128.0,516.0
280.0,515.0,148.0,7.0,6.0,-242.0,-63.0,210.0,199.0,543.0
325.0,718.0,203.0,18.0,46.0,-296.0,-25.0,144.0,245.0,591.0
326.0,748.0,217.0,0.0,76.0,-296.0,-31.0,83.0,295.0,633.0
316.0,647.0,258.0,10.0,90.0,-269.0,-62.0,-25.0,380.0,681.0
281.0,521.0,257.0,-19.0,96.0,-308.0,-108.0,-140.0,464.0,721.0
242.0,387.0,285.0,-16.0,92.0,-394.0,-111.0,79.0,522.0,760.0
186.0,235.0,285.0,9.0,80.0,-346.0,-59.0,279.0,564.0,780.0
153.0,177.0,255.0,-86.0,50.0,-210.0,4.0,576.0,561.0,756.0
119.0,262.0,257.0,-145.0,6.0,-169.0,6.0,628.0,536.0,734.0
98.0,472.0,200.0,-118.0,-24.0,-89.0,-26.0,441.0,507.0,701.0
94.0,732.0,163.0,-136.0,-33.0,65.0,-34.0,327.0,449.0,640.0
56.0,928.0,105.0,-70.0,-23.0,72.0,-3.0,158.0,393.0,580.0
35.0,1002.0,43.0,-31.0,-1.0,-12.0,19.0,212.0,330.0,512.0
2.0,999.0,6.0,-119.0,16.0,-45.0,37.0,210.0,265.0,452.0
-37.0,975.0,-23.0,-107.0,19.0,-112.0,104.0,303.0,211.0,398.0
-61.0,897.0,-63.0,-114.0,11.0,-208.0,143.0,375.0,151.0,354.0
-73.0,742.0,-100.0,-176.0,-5.0,-165.0,115.0,251.0,90.0,339.0
-77.0,514.0,-125.0,-188.0,-16.0,-52.0,71.0,229.0,20.0,321.0
-89.0,255.0,-187.0,-232.0,0.0,-114.0,91.0,110.0,-59.0,286.0
-108.0,21.0,-217.0,-282.0,43.0,-225.0,158.0,142.0,-126.0,236.0
-119.0,-107.0,-251.0,-298.0,93.0,-98.0,207.0,94.0,-174.0,184.0
-130.0,-28.0,-301.0,-340.0,139.0,7.0,205.0,7.0,-220.0,125.0
-137.0,245.0,-330.0,-395.0,180.0,-200.0,178.0,53.0,-243.0,60.0
-148.0,580.0,-329.0,-400.0,208.0,-344.0,167.0,105.0,-227.0,7.0
-139.0,748.0,-341.0,-402.0,215.0,-208.0,153.0,227.0,-210.0,-34.0
-110.0,552.0,-328.0,-381.0,201.0,-108.0,185.0,118.0,-246.0,-74.0
-96.0,39.0,-295.0,-346.0,178.0,-110.0,222.0,96.0,-305.0,-123.0
-94.0,-555.0,-321.0,-301.0,155.0,-60.0,219.0,-11.0,-351.0,-157.0
-102.0,-1062.0,-285.0,-226.0,135.0,-22.0,190.0,-145.0,-391.0,-208.0
-78.0,-1362.0,-270.0,-126.0,128.0,-119.0,191.0,-18.0,-405.0,-249.0
-72.0,-1287.0,-280.0,-41.0,133.0,-215.0,202.0,59.0,-385.0,-252.0
-70.0,-881.0,-247.0,7.0,142.0,-160.0,158.0,288.0,-336.0,-252.0
-49.0,-406.0,-245.0,71.0,141.0,29.0,119.0,264.0,-273.0,-230.0
-14.0,-26.0,-244.0,94.0,134.0,117.0,71.0,79.0,-210.0,-221.0
13.0,171.0,-237.0,106.0,134.0,43.0,57.0,-27.0,-146.0,-205.0
14.0,202.0,-223.0,86.0,143.0,-24.0,54.0,-166.0,-96.0,-176.0
29.0,213.0,-216.0,72.0,144.0,-121.0,-5.0,-53.0,-49.0,-173.0
3.0,290.0,-196.0,83.0,121.0,-178.0,-48.0,83.0,-4.0,-174.0
3.0,400.0,-138.0,34.0,80.0,-204.0,-31.0,251.0,37.0,-191.0
0.0,545.0,-111.0,67.0,35.0,-104.0,64.0,264.0,77.0,-223.0
-15.0,738.0,-81.0,96.0,0.0,55.0,160.0,194.0,111.0,-260.0
-1.0,848.0,-12.0,80.0,-14.0,14.0,213.0,144.0,132.0,-294.0
-27.0,762.0,-21.0,124.0,-6.0,-42.0,185.0,114.0,133.0,-350.0
-53.0,548.0,23.0,146.0,15.0,-68.0,81.0,260.0,137.0,-428.0
-71.0,356.0,95.0,169.0,36.0,-45.0,55.0,131.0,138.0,-505.0
-54.0,240.0,99.0,154.0,34.0,62.0,86.0,118.0,100.0,-577.0
-54.0,136.0,165.0,106.0,6.0,116.0,95.0,123.0,50.0,-642.0
-67.0,-6.0,208.0,76.0,-31.0,-10.0,85.0,-3.0,9.0,-718.0
-52.0,-245.0,254.0,21.0,-58.0,-149.0,45.0,-1.0,-53.0,-767.0
-47.0,-570.0,288.0,-69.0,-67.0,-9.0,9.0,-157.0,-126.0,-786.0
-31.0,-871.0,309.0,-177.0,-66.0,105.0,20.0,-36.0,-198.0,-805.0
-24.0,-1060.0,321.0,-261.0,-62.0,-11.0,62.0,88.0,-275.0,-789.0
-16.0,-1094.0,295.0,-319.0,-63.0,-73.0,53.0,3.0,-340.0,-758.0
-16.0,-984.0,294.0,-377.0,-70.0,73.0,-58.0,-70.0,-373.0,-724.0
-12.0,-836.0,279.0,-417.0,-88.0,212.0,-158.0,-249.0,-378.0,-682.0
2.0,-735.0,230.0,-439.0,-121.0,84.0,-166.0,-253.0,-363.0,-651.0
-4.0,-691.0,202.0,-500.0,-169.0,-166.0,-146.0,-203.0,-305.0,-593.0
-31.0,-689.0,178.0,-529.0,-215.0,-179.0,-128.0,-112.0,-223.0,-527.0
-64.0,-645.0,85.0,-520.0,-241.0,-21.0,-104.0,-51.0,-125.0,-478.0
-84.0,-437.0,43.0,-533.0,-242.0,-66.0,-48.0,-46.0,-19.0,-432.0
-126.0,-49.0,3.0,-529.0,-222.0,-164.0,7.0,5.0,78.0,-380.0
-191.0,405.0,-80.0,-489.0,-187.0,-76.0,73.0,-64.0,164.0,-321.0
-252.0,781.0,-122.0,-437.0,-144.0,-13.0,111.0,-29.0,234.0,-290.0
-301.0,908.0,-161.0,-409.0,-112.0,-138.0,42.0,-131.0,320.0,-231.0
-330.0,726.0,-225.0,-363.0,-103.0,-175.0,-25.0,-212.0,418.0,-156.0
-350.0,374.0,-273.0,-333.0,-115.0,10.0,-52.0,-162.0,507.0,-94.0
-357.0,48.0,-293.0,-321.0,-137.0,96.0,-56.0,-282.0,584.0,-3.0
-344.0,-155.0,-355.0,-314.0,-164.0,-47.0,-63.0,-131.0,644.0,83.0
-328.0,-239.0,-377.0,-317.0,-190.0,-183.0,-97.0,44.0,680.0,142.0
-332.0,-243.0,-387.0,-285.0,-205.0,-64.0,-141.0,173.0,690.0,175.0
-326.0,-214.0,-386.0,-279.0,-207.0,-4.0,-212.0,236.0,700.0,193.0
-315.0,-155.0,-346.0,-250.0,-202.0,-171.0,-256.0,99.0,679.0,215.0
-258.0,-78.0,-354.0,-229.0,-194.0,-203.0,-274.0,40.0,605.0,224.0
-165.0,-35.0,-307.0,-256.0,-187.0,-102.0,-248.0,-11.0,513.0,214.0
-86.0,-31.0,-249.0,-272.0,-180.0,-59.0,-176.0,36.0,428.0,199.0
-4.0,-10.0,-262.0,-334.0,-181.0,-80.0,-99.0,-22.0,342.0,179.0
66.0,-16.0,-231.0,-344.0,-192.0,0.0,-4.0,-24.0,243.0,142.0
131.0,-124.0,-190.0,-318.0,-199.0,85.0,49.0,64.0,160.0,62.0
182.0,-265.0,-198.0,-325.0,-192.0,-59.0,42.0,40.0,89.0,-11.0
217.0,-425.0,-170.0,-270.0,-177.0,-270.0,24.0,225.0,14.0,-80.0
257.0,-607.0,-126.0,-209.0,-143.0,-283.0,24.0,247.0,-64.0,-179.0
300.0,-728.0,-138.0,-152.0,-93.0,-162.0,59.0,349.0,-153.0,-231.0
315.0,-681.0,-133.0,-74.0,-33.0,-65.0,81.0,550.0,-238.0,-254.0
327.0,-391.0,-98.0,17.0,23.0,-106.0,74.0,528.0,-310.0,-271.0
350.0,84.0,-101.0,153.0,66.0,-290.0,68.0,583.0,-355.0,-259.0
370.0,593.0,-113.0,303.0,100.0,-413.0,93.0,473.0,-371.0,-229.0
383.0,946.0,-78.0,397.0,124.0,-441.0,129.0,474.0,-387.0,-182.0
383.0,1056.0,-66.0,437.0,137.0,-381.0,98.0,456.0,-386.0,-157.0
392.0,953.0,-58.0,446.0,131.0,-271.0,74.0,408.0,-373.0,-134.0
371.0,662.0,-10.0,387.0,116.0,-236.0,85.0,447.0,-367.0,-91.0
330.0,292.0,8.0,326.0,101.0,-242.0,88.0,254.0,-354.0,-34.0
297.0,-16.0,18.0,272.0,93.0,-267.0,131.0,251.0,-324.0,28.0
269.0,-160.0,54.0,191.0,105.0,-292.0,169.0,109.0,-289.0,101.0
242.0,-124.0,79.0,137.0,130.0,-260.0,202.0,86.0,-273.0,219.0
213.0,-55.0,59.0,72.0,156.0,-227.0,222.0,169.0,-263.0,315.0
195.0,-42.0,88.0,-5.0,180.0,-273.0,242.0,94.0,-253.0,373.0
171.0,-91.0,99.0,-36.0,207.0,-302.0,278.0,144.0,-238.0,438.0
164.0,-187.0,77.0,-61.0,229.0,-323.0,291.0,-7.0,-230.0,467.0
146.0,-295.0,116.0,-117.0,233.0,-417.0,273.0,94.0,-248.0,449.0
120.0,-354.0,133.0,-159.0,226.0,-425.0,235.0,205.0,-256.0,392.0
109.0,-323.0,137.0,-180.0,220.0,-340.0,215.0,212.0,-255.0,327.0
89.0,-237.0,162.0,-172.0,227.0,-244.0,214.0,275.0,-242.0,253.0
75.0,-153.0,219.0,-153.0,233.0,-141.0,247.0,203.0,-188.0,147.0
42.0,-91.0,260.0,-159.0,235.0,-166.0,243.0,273.0,-113.0,69.0
29.0,-19.0,298.0,-168.0,236.0,-332.0,163.0,216.0,-42.0,11.0
22.0,-41.0,353.0,-181.0,223.0,-390.0,82.0,230.0,27.0,-38.0
-1.0,-238.0,401.0,-192.0,197.0,-297.0,59.0,186.0,76.0,-94.0
16.0,-454.0,441.0,-208.0,165.0,-262.0,109.0,83.0,100.0,-144.0
43.0,-570.0,480.0,-214.0,146.0,-256.0,157.0,88.0,128.0,-172.0
58.0,-535.0,518.0,-192.0,150.0,-239.0,193.0,-86.0,175.0,-203.0
72.0,-333.0,521.0,-211.0,169.0,-283.0,252.0,-121.0,234.0,-221.0
91.0,-134.0,551.0,-245.0,180.0,-279.0,293.0,-164.0,261.0,-229.0
106.0,-77.0,533.0,-240.0,175.0,-237.0,269.0,-144.0,262.0,-204.0
105.0,-81.0,497.0,-204.0,140.0,-204.0,208.0,9.0,265.0,-188.0
106.0,-103.0,490.0,-122.0,75.0,-151.0,168.0,105.0,276.0,-190.0
112.0,-114.0,413.0,-10.0,-3.0,-150.0,123.0,177.0,312.0,-151.0
97.0,-57.0,358.0,100.0,-83.0,-116.0,24.0,77.0,374.0,-135.0
99.0,-4.0,316.0,195.0,-135.0,-37.0,-51.0,169.0,414.0,-117.0
114.0,32.0,244.0,310.0,-138.0,-111.0,-35.0,175.0,423.0,-81.0
101.0,134.0,197.0,422.0,-101.0,-200.0,20.0,12.0,407.0,-33.0
112.0,277.0,152.0,503.0,-61.0,-148.0,56.0,-44.0,369.0,45.0
97.0,406.0,123.0,584.0,-40.0,-46.0,70.0,-186.0,353.0,120.0
64.0,500.0,92.0,628.0,-36.0,-52.0,132.0,-46.0,359.0,210.0
19.0,507.0,66.0,618.0,-44.0,-212.0,201.0,88.0,343.0,295.0
-25.0,387.0,70.0,572.0,-48.0,-297.0,200.0,203.0,279.0,348.0
-49.0,156.0,34.0,503.0,-36.0,-242.0,145.0,249.0,212.0,370.0
-65.0,-99.0,6.0,439.0,-13.0,-164.0,104.0,20.0,168.0,351.0
-72.0,-256.0,-6.0,351.0,4.0,-129.0,115.0,-18.0,123.0,287.0
-113.0,-246.0,-18.0,231.0,4.0,-143.0,119.0,-3.0,100.0,176.0
-133.0,-52.0,-26.0,131.0,-12.0,-304.0,106.0,109.0,100.0,44.0
-162.0,187.0,-12.0,59.0,-39.0,-535.0,35.0,77.0,94.0,-105.0
-210.0,272.0,2.0,-2.0,-62.0,-509.0,-73.0,-24.0,71.0,-248.0
-241.0,244.0,-16.0,-58.0,-75.0,-374.0,-105.0,53.0,52.0,-364.0
-251.0,322.0,6.0,-86.0,-82.0,-323.0,-74.0,33.0,25.0,-448.0
-242.0,486.0,5.0,-107.0,-85.0,-303.0,-34.0,114.0,-22.0,-501.0
-240.0,503.0,2.0,-118.0,-91.0,-226.0,-11.0,145.0,-74.0,-528.0
-234.0,296.0,35.0,-111.0,-99.0,-139.0,26.0,177.0,-94.0,-524.0
-241.0,-51.0,39.0,-95.0,-101.0,-262.0,77.0,214.0,-85.0,-500.0
-238.0,-396.0,46.0,-62.0,-100.0,-369.0,109.0,112.0,-80.0,-467.0
-234.0,-627.0,56.0,-37.0,-106.0,-298.0,106.0,35.0,-71.0,-428.0
-228.0,-738.0,72.0,-17.0,-109.0,-213.0,79.0,-140.0,-53.0,-371.0
-219.0,-669.0,75.0,-22.0,-106.0,-191.0,60.0,-205.0,-29.0,-309.0
-202.0,-360.0,72.0,-20.0,-104.0,-279.0,32.0,-221.0,1.0,-273.0
-182.0,82.0,98.0,14.0,-113.0,-298.0,12.0,-227.0,40.0,-257.0
-156.0,487.0,95.0,29.0,-133.0,-189.0,-24.0,-118.0,73.0,-234.0
-128.0,787.0,103.0,28.0,-157.0,-140.0,-71.0,-136.0,92.0,-240.0
-101.0,965.0,124.0,37.0,-169.0,-127.0,-59.0,7.0,88.0,-274.0
-52.0,1026.0,157.0,51.0,-154.0,-93.0,-67.0,138.0,38.0,-291.0
-22.0,1046.0,180.0,38.0,-118.0,-158.0,-103.0,101.0,-23.0,-330.0
21.0,1026.0,214.0,20.0,-82.0,-231.0,-128.0,27.0,-83.0,-389.0
68.0,933.0,283.0,26.0,-70.0,-187.0,-144.0,-121.0,-134.0,-429.0
111.0,793.0,291.0,23.0,-93.0,-175.0,-119.0,-177.0,-159.0,-451.0
150.0,624.0,343.0,34.0,-143.0,-184.0,-84.0,-271.0,-174.0,-449.0
179.0,437.0,392.0,62.0,-197.0,-185.0,-108.0,-194.0,-180.0,-434.0
219.0,235.0,410.0,94.0,-235.0,-216.0,-174.0,-73.0,-186.0,-388.0
245.0,51.0,420.0,113.0,-243.0,-204.0,-176.0,9.0,-180.0,-313.0
262.0,-61.0,403.0,94.0,-211.0,-197.0,-104.0,109.0,-167.0,-222.0
271.0,-115.0,399.0,65.0,-155.0,-173.0,-80.0,-73.0,-157.0,-121.0
266.0,-189.0,366.0,27.0,-90.0,-84.0,-62.0,-142.0,-125.0,-2.0
263.0,-323.0,353.0,19.0,-35.0,-47.0,15.0,-160.0,-107.0,148.0
284.0,-541.0,325.0,44.0,-5.0,-114.0,55.0,-149.0,-105.0,295.0
283.0,-818.0,306.0,50.0,3.0,-279.0,37.0,-40.0,-109.0,437.0
280.0,-1041.0,280.0,44.0,2.0,-344.0,-17.0,29.0,-123.0,589.0
283.0,-1150.0,231.0,56.0,10.0,-197.0,-67.0,129.0,-134.0,734.0
276.0,-1177.0,208.0,58.0,36.0,-95.0,-34.0,194.0,-135.0,832.0
264.0,-1170.0,156.0,35.0,66.0,-91.0,32.0,332.0,-123.0,908.0
237.0,-1072.0,120.0,18.0,94.0,-229.0,18.0,234.0,-110.0,982.0
227.0,-783.0,93.0,29.0,121.0,-352.0,-71.0,88.0,-93.0,1018.0
204.0,-369.0,41.0,79.0,145.0,-172.0,-89.0,138.0,-91.0,1034.0
178.0,-35.0,24.0,162.0,169.0,-24.0,-9.0,149.0,-93.0,1051.0
144.0,101.0,18.0,249.0,188.0,-81.0,48.0,195.0,-83.0,1057.0
107.0,64.0,1.0,325.0,194.0,-225.0,36.0,77.0,-80.0,1030.0
71.0,-88.0,-3.0,386.0,189.0,-252.0,18.0,-9.0,-58.0,995.0
30.0,-301.0,-9.0,432.0,185.0,-132.0,35.0,25.0,-37.0,965.0
-19.0,-480.0,-4.0,460.0,191.0,-231.0,62.0,48.0,-50.0,913.0
-90.0,-525.0,22.0,512.0,188.0,-359.0,81.0,16.0,-60.0,821.0
-125.0,-424.0,69.0,563.0,166.0,-200.0,62.0,-131.0,-59.0,723.0
-148.0,-246.0,110.0,568.0,138.0,44.0,100.0,-96.0,-32.0,633.0
-163.0,-62.0,160.0,563.0,106.0,121.0,218.0,-138.0,16.0,506.0
-171.0,110.0,203.0,536.0,69.0,-64.0,246.0,-114.0,65.0,371.0
-183.0,236.0,235.0,484.0,24.0,-164.0,149.0,12.0,128.0,250.0
-180.0,276.0,286.0,449.0,-26.0,-2.0,43.0,-46.0,182.0,129.0
-173.0,256.0,301.0,418.0,-77.0,67.0,14.0,42.0,225.0,-1.0
-166.0,265.0,315.0,383.0,-123.0,27.0,18.0,57.0,286.0,-134.0
-164.0,369.0,363.0,333.0,-157.0,-31.0,5.0,107.0,349.0,-256.0
-128.0,516.0,356.0,266.0,-166.0,-101.0,19.0,83.0,425.0,-376.0
-79.0,654.0,359.0,190.0,-156.0,-166.0,91.0,-197.0,500.0,-497.0
-44.0,741.0,387.0,103.0,-134.0,-237.0,185.0,-345.0,548.0,-603.0
-17.0,719.0,351.0,25.0,-111.0,-209.0,194.0,-424.0,602.0,-666.0
1.0,610.0,357.0,-37.0,-102.0,-174.0,142.0,-301.0,653.0,-716.0
15.0,520.0,337.0,-83.0,-103.0,-118.0,164.0,-129.0,686.0,-768.0
5.0,556.0,300.0,-131.0,-105.0,50.0,228.0,3.0,698.0,-780.0
-12.0,683.0,308.0,-179.0,-99.0,126.0,250.0,118.0,713.0,-776.0
-12.0,753.0,254.0,-206.0,-88.0,16.0,216.0,214.0,723.0,-784.0
-6.0,681.0,230.0,-240.0,-67.0,-158.0,170.0,386.0,709.0,-777.0
1.0,527.0,225.0,-278.0,-37.0,-180.0,197.0,330.0,654.0,-753.0
18.0,324.0,166.0,-315.0,-5.0,-50.0,194.0,249.0,548.0,-722.0
24.0,56.0,141.0,-332.0,18.0,-74.0,117.0,169.0,454.0,-692.0
29.0,-235.0,104.0,-297.0,23.0,-118.0,90.0,36.0,364.0,-653.0
35.0,-487.0,53.0,-241.0,6.0,-19.0,121.0,24.0,276.0,-582.0
44.0,-616.0,25.0,-182.0,-17.0,51.0,137.0,-46.0,189.0,-519.0
45.0,-565.0,-44.0,-107.0,-22.0,77.0,104.0,-36.0,110.0,-457.0
63.0,-383.0,-72.0,-28.0,0.0,25.0,98.0,84.0,74.0,-337.0
110.0,-182.0,-130.0,58.0,33.0,3.0,123.0,197.0,40.0,-217.0
140.0,-19.0,-178.0,146.0,52.0,-4.0,146.0,203.0,13.0,-130.0
179.0,59.0,-200.0,214.0,50.0,-67.0,179.0,131.0,-15.0,-43.0
223.0,34.0,-253.0,265.0,37.0,-51.0,180.0,144.0,-69.0,38.0
262.0,-34.0,-239.0,314.0,27.0,-75.0,185.0,129.0,-141.0,85.0
305.0,-115.0,-291.0,356.0,25.0,-83.0,180.0,223.0,-230.0,80.0
347.0,-218.0,-281.0,379.0,32.0,-29.0,140.0,240.0,-318.0,67.0
378.0,-372.0,-256.0,383.0,51.0,-42.0,121.0,201.0,-401.0,47.0
414.0,-561.0,-267.0,363.0,81.0,-130.0,134.0,271.0,-462.0,2.0
440.0,-756.0,-189.0,328.0,115.0,-206.0,143.0,179.0,-487.0,-44.0
438.0,-895.0,-175.0,287.0,142.0,-87.0,104.0,114.0,-511.0,-64.0
445.0,-907.0,-103.0,259.0,149.0,94.0,68.0,-3.0,-529.0,-64.0
433.0,-853.0,-44.0,233.0,140.0,57.0,64.0,-33.0,-526.0,-93.0
424.0,-821.0,-26.0,217.0,125.0,-99.0,46.0,-25.0,-498.0,-111.0
402.0,-801.0,58.0,233.0,108.0,-49.0,32.0,-123.0,-447.0,-117.0
372.0,-722.0,75.0,224.0,91.0,98.0,65.0,-138.0,-383.0,-149.0
358.0,-556.0,119.0,211.0,68.0,73.0,136.0,-251.0,-307.0,-161.0
327.0,-347.0,189.0,229.0,35.0,47.0,157.0,-197.0,-230.0,-157.0
290.0,-156.0,247.0,252.0,-3.0,96.0,119.0,-232.0,-146.0,-139.0
244.0,-9.0,305.0,259.0,-42.0,174.0,73.0,-125.0,-53.0,-113.0
216.0,161.0,347.0,262.0,-66.0,239.0,51.0,206.0,55.0,-66.0
186.0,430.0,414.0,255.0,-74.0,227.0,65.0,245.0,149.0,14.0
174.0,806.0,450.0,225.0,-77.0,231.0,90.0,369.0,239.0,79.0
155.0,1233.0,509.0,202.0,-77.0,191.0,135.0,199.0,322.0,140.0
116.0,1565.0,552.0,191.0,-81.0,143.0,179.0,-14.0,379.0,198.0
90.0,1699.0,579.0,180.0,-93.0,111.0,196.0,-14.0,420.0,260.0
44.0,1685.0,620.0,180.0,-111.0,91.0,173.0,-133.0,443.0,306.0
-2.0,1559.0,623.0,179.0,-129.0,166.0,129.0,-66.0,483.0,312.0
-42.0,1259.0,661.0,162.0,-139.0,120.0,132.0,-96.0,515.0,336.0
-63.0,836.0,655.0,168.0,-144.0,38.0,188.0,-72.0,533.0,344.0
-88.0,433.0,657.0,183.0,-145.0,102.0,232.0,0.0,526.0,314.0
-97.0,94.0,670.0,167.0,-142.0,224.0,219.0,3.0,501.0,287.0
-97.0,-157.0,625.0,145.0,-139.0,315.0,221.0,105.0,492.0,265.0
-100.0,-305.0,622.0,121.0,-126.0,222.0,275.0,18.0,469.0,233.0
-101.0,-404.0,587.0,96.0,-92.0,68.0,353.0,12.0,449.0,166.0
-97.0,-472.0,554.0,76.0,-42.0,49.0,370.0,-27.0,422.0,119.0
-80.0,-479.0,554.0,62.0,9.0,104.0,255.0,-86.0,363.0,113.0
-66.0,-437.0,483.0,52.0,53.0,94.0,131.0,-35.0,270.0,106.0
-31.0,-350.0,451.0,51.0,92.0,-15.0,79.0,-53.0,178.0,121.0
-3.0,-200.0,389.0,80.0,127.0,-42.0,82.0,24.0,94.0,179.0
35.0,-31.0,300.0,106.0,150.0,56.0,72.0,-22.0,-8.0,253.0
62.0,115.0,276.0,103.0,151.0,94.0,15.0,96.0,-100.0,298.0
101.0,223.0,200.0,85.0,129.0,39.0,8.0,186.0,-177.0,339.0
128.0,292.0,186.0,53.0,98.0,-16.0,0.0,160.0,-259.0,387.0
118.0,383.0,178.0,31.0,74.0,35.0,-42.0,247.0,-346.0,392.0
108.0,514.0,161.0,27.0,67.0,137.0,-52.0,166.0,-427.0,374.0
98.0,571.0,198.0,37.0,79.0,148.0,-23.0,199.0,-502.0,376.0
100.0,465.0,210.0,32.0,98.0,108.0,-26.0,127.0,-578.0,385.0
48.0,257.0,237.0,44.0,120.0,87.0,-91.0,94.0,-616.0,359.0
22.0,45.0,253.0,76.0,133.0,95.0,-88.0,162.0,-602.0,323.0
0.0,-114.0,298.0,79.0,134.0,188.0,-23.0,181.0,-557.0,295.0
-31.0,-198.0,320.0,90.0,130.0,344.0,26.0,188.0,-505.0,240.0
-69.0,-227.0,338.0,99.0,117.0,306.0,27.0,-72.0,-472.0,145.0
-128.0,-200.0,409.0,96.0,92.0,129.0,-44.0,-179.0,-418.0,31.0
-144.0,-154.0,427.0,99.0,56.0,92.0,-110.0,-269.0,-349.0,-86.0
-170.0,-166.0,468.0,97.0,22.0,217.0,-138.0,-249.0,-293.0,-234.0
-180.0,-275.0,493.0,98.0,-2.0,290.0,-155.0,-33.0,-213.0,-392.0
-180.0,-488.0,501.0,114.0,-23.0,154.0,-146.0,-33.0,-115.0,-521.0
-149.0,-755.0,504.0,154.0,-48.0,137.0,-121.0,40.0,-3.0,-641.0
-122.0,-969.0,473.0,218.0,-79.0,282.0,-105.0,38.0,100.0,-767.0
-103.0,-994.0,488.0,292.0,-116.0,318.0,-108.0,48.0,211.0,-880.0
-67.0,-803.0,480.0,359.0,-151.0,203.0,-148.0,44.0,318.0,-960.0
-44.0,-511.0,478.0,422.0,-175.0,152.0,-157.0,-55.0,378.0,-1015.0
2.0,-198.0,479.0,469.0,-194.0,292.0,-118.0,-9.0,429.0,-1058.0
25.0,81.0,470.0,510.0,-205.0,288.0,-84.0,-51.0,460.0,-1046.0
83.0,288.0,460.0,551.0,-206.0,171.0,-64.0,72.0,497.0,-974.0
131.0,471.0,420.0,579.0,-196.0,208.0,-63.0,31.0,540.0,-904.0
155.0,686.0,416.0,580.0,-174.0,323.0,-115.0,-227.0,555.0,-800.0
194.0,860.0,372.0,554.0,-146.0,390.0,-166.0,-389.0,573.0,-659.0
200.0,873.0,314.0,523.0,-121.0,376.0,-180.0,-469.0,571.0,-520.0
212.0,658.0,264.0,500.0,-101.0,399.0,-200.0,-157.0,550.0,-379.0
208.0,241.0,174.0,488.0,-79.0,509.0,-236.0,11.0,508.0,-240.0
232.0,-244.0,102.0,463.0,-50.0,415.0,-274.0,153.0,433.0,-87.0
235.0,-630.0,38.0,467.0,-20.0,210.0,-219.0,314.0,358.0,49.0
218.0,-792.0,-29.0,486.0,14.0,239.0,-130.0,308.0,284.0,142.0
206.0,-731.0,-83.0,508.0,62.0,391.0,-96.0,352.0,224.0,231.0
177.0,-567.0,-134.0,542.0,112.0,495.0,-89.0,199.0,179.0,286.0
153.0,-406.0,-195.0,538.0,153.0,398.0,-92.0,194.0,147.0,288.0
124.0,-235.0,-217.0,546.0,172.0,278.0,-39.0,136.0,119.0,270.0
117.0,-13.0,-253.0,533.0,167.0,289.0,38.0,-46.0,71.0,265.0
92.0,177.0,-290.0,516.0,136.0,329.0,49.0,-151.0,20.0,270.0
75.0,249.0,-278.0,501.0,89.0,315.0,-7.0,-254.0,-39.0,297.0
55.0,258.0,-319.0,463.0,36.0,183.0,-74.0,-38.0,-115.0,364.0
31.0,283.0,-335.0,411.0,-12.0,56.0,-120.0,94.0,-163.0,441.0
19.0,335.0,-352.0,381.0,-40.0,44.0,-144.0,97.0,-186.0,531.0
4.0,404.0,-399.0,357.0,-36.0,123.0,-151.0,149.0,-200.0,596.0
2.0,492.0,-412.0,307.0,-4.0,104.0,-190.0,136.0,-175.0,616.0
6.0,548.0,-430.0,276.0,35.0,77.0,-238.0,35.0,-163.0,600.0
33.0,516.0,-416.0,234.0,67.0,70.0,-252.0,-153.0,-193.0,533.0
26.0,434.0,-429.0,203.0,79.0,31.0,-233.0,-40.0,-202.0,447.0
30.0,274.0,-407.0,162.0,75.0,-65.0,-175.0,73.0,-155.0,349.0
43.0,-31.0,-348.0,141.0,58.0,-121.0,-123.0,83.0,-92.0,234.0
58.0,-427.0,-337.0,152.0,32.0,25.0,-41.0,-33.0,-49.0,113.0
73.0,-738.0,-263.0,147.0,5.0,105.0,37.0,-238.0,38.0,14.0
33.0,-846.0,-200.0,132.0,-20.0,87.0,48.0,-96.0,132.0,-53.0
10.0,-816.0,-151.0,99.0,-34.0,153.0,34.0,-77.0,180.0,-102.0
8.0,-720.0,-68.0,55.0,-37.0,271.0,42.0,-149.0,218.0,-134.0
27.0,-561.0,0.0,15.0,-35.0,283.0,46.0,-380.0,225.0,-123.0
38.0,-369.0,65.0,0.0,-33.0,237.0,26.0,-583.0,202.0,-75.0
52.0,-222.0,118.0,-6.0,-48.0,174.0,35.0,-358.0,228.0,-25.0
64.0,-127.0,205.0,-1.0,-73.0,175.0,32.0,-360.0,272.0,39.0
61.0,-54.0,287.0,-3.0,-99.0,143.0,13.0,-400.0,254.0,129.0
58.0,-7.0,343.0,-13.0,-105.0,73.0,-20.0,-439.0,169.0,232.0
40.0,85.0,407.0,-19.0,-80.0,176.0,-73.0,-452.0,105.0,300.0
55.0,279.0,453.0,-34.0,-29.0,183.0,-63.0,-262.0,104.0,326.0
66.0,537.0,461.0,-51.0,31.0,130.0,6.0,-103.0,67.0,352.0
86.0,788.0,448.0,-78.0,78.0,95.0,59.0,64.0,31.0,367.0
114.0,918.0,434.0,-103.0,96.0,132.0,51.0,114.0,16.0,361.0
134.0,845.0,376.0,-116.0,81.0,160.0,23.0,208.0,-25.0,354.0
167.0,588.0,350.0,-129.0,44.0,15.0,36.0,114.0,-94.0,343.0
196.0,270.0,343.0,-173.0,-3.0,-29.0,85.0,-44.0,-163.0,303.0
213.0,7.0,278.0,-214.0,-40.0,106.0,68.0,-53.0,-196.0,250.0
217.0,-187.0,264.0,-242.0,-50.0,208.0,-20.0,-225.0,-229.0,216.0
245.0,-336.0,215.0,-256.0,-36.0,100.0,-71.0,-330.0,-220.0,163.0
277.0,-401.0,136.0,-237.0,-19.0,-12.0,-29.0,-574.0,-182.0,93.0
317.0,-387.0,122.0,-221.0,-14.0,14.0,47.0,-622.0,-166.0,53.0
325.0,-392.0,97.0,-199.0,-25.0,103.0,26.0,-611.0,-186.0,22.0
323.0,-401.0,116.0,-147.0,-53.0,59.0,-57.0,-785.0,-259.0,-16.0
342.0,-342.0,119.0,-96.0,-85.0,-59.0,-118.0,-574.0,-320.0,-56.0
324.0,-266.0,154.0,-35.0,-108.0,-108.0,-191.0,-480.0,-364.0,-89.0
339.0,-277.0,200.0,3.0,-115.0,-108.0,-272.0,-325.0,-385.0,-97.0
350.0,-391.0,188.0,10.0,-100.0,35.0,-327.0,-112.0,-400.0,-117.0
346.0,-500.0,267.0,37.0,-72.0,60.0,-334.0,-90.0,-419.0,-117.0
326.0,-494.0,284.0,39.0,-45.0,-100.0,-297.0,-60.0,-446.0,-73.0
293.0,-386.0,312.0,54.0,-20.0,-221.0,-282.0,-201.0,-487.0,-45.0
280.0,-273.0,386.0,85.0,-2.0,-235.0,-311.0,-168.0,-479.0,-55.0
233.0,-177.0,400.0,121.0,6.0,-226.0,-298.0,-256.0,-458.0,-66.0
194.0,-37.0,441.0,192.0,5.0,-305.0,-244.0,-417.0,-425.0,-64.0
167.0,174.0,453.0,238.0,-2.0,-379.0,-227.0,-482.0,-338.0,-91.0
138.0,389.0,488.0,297.0,-13.0,-271.0,-250.0,-657.0,-221.0,-111.0
115.0,526.0,504.0,364.0,-24.0,-89.0,-266.0,-711.0,-120.0,-97.0
60.0,588.0,491.0,399.0,-27.0,-148.0,-236.0,-777.0,-39.0,-94.0
-9.0,593.0,510.0,432.0,-23.0,-214.0,-202.0,-650.0,27.0,-124.0
-77.0,533.0,494.0,462.0,-20.0,-91.0,-207.0,-471.0,72.0,-159.0
-144.0,415.0,484.0,484.0,-25.0,11.0,-240.0,-234.0,74.0,-172.0
-202.0,315.0,471.0,497.0,-38.0,7.0,-262.0,-1.0,38.0,-205.0
-255.0,286.0,423.0,487.0,-52.0,-98.0,-231.0,-92.0,64.0,-237.0
-285.0,292.0,382.0,445.0,-52.0,-75.0,-216.0,-123.0,96.0,-234.0
-299.0,280.0,323.0,388.0,-28.0,104.0,-269.0,-219.0,71.0,-214.0
-325.0,271.0,284.0,315.0,12.0,133.0,-339.0,-234.0,59.0,-194.0
-364.0,266.0,283.0,235.0,56.0,-34.0,-327.0,-312.0,21.0,-175.0
-413.0,203.0,229.0,152.0,85.0,-150.0,-249.0,-609.0,-8.0,-129.0
-431.0,104.0,218.0,79.0,85.0,-34.0,-220.0,-700.0,10.0,-86.0
-435.0,0.0,175.0,-1.0,63.0,148.0,-219.0,-713.0,25.0,-66.0
-436.0,-121.0,124.0,-83.0,30.0,171.0,-198.0,-554.0,2.0,-23.0
-408.0,-251.0,125.0,-107.0,0.0,58.0,-135.0,-356.0,5.0,34.0
-402.0,-393.0,71.0,-90.0,-24.0,50.0,-64.0,-136.0,31.0,56.0
-389.0,-525.0,45.0,-20.0,-45.0,250.0,-24.0,3.0,25.0,69.0
-380.0,-587.0,9.0,43.0,-67.0,423.0,-51.0,-157.0,6.0,109.0
-365.0,-571.0,-24.0,117.0,-90.0,321.0,-81.0,-216.0,-45.0,138.0
-328.0,-552.0,-57.0,221.0,-105.0,123.0,-29.0,-205.0,-82.0,138.0
-298.0,-560.0,-93.0,266.0,-108.0,277.0,9.0,-75.0,-66.0,148.0
-262.0,-540.0,-135.0,341.0,-99.0,501.0,-35.0,-55.0,-62.0,176.0
-233.0,-490.0,-170.0,446.0,-82.0,363.0,-110.0,-184.0,-67.0,191.0
-172.0,-444.0,-180.0,512.0,-55.0,190.0,-83.0,-216.0,-85.0,194.0
-110.0,-377.0,-235.0,563.0,-28.0,343.0,-59.0,-243.0,-123.0,209.0
-77.0,-281.0,-249.0,595.0,-15.0,635.0,-111.0,-18.0,-158.0,229.0
-65.0,-169.0,-281.0,579.0,-14.0,539.0,-155.0,-66.0,-178.0,254.0
-44.0,-51.0,-318.0,543.0,-15.0,230.0,-158.0,-321.0,-157.0,280.0
3.0,34.0,-330.0,509.0,0.0,208.0,-54.0,-399.0,-98.0,294.0
42.0,57.0,-347.0,403.0,31.0,408.0,-1.0,-602.0,-37.0,315.0
102.0,15.0,-351.0,287.0,64.0,491.0,-68.0,-559.0,55.0,293.0
169.0,-27.0,-355.0,222.0,84.0,362.0,-122.0,-423.0,161.0,240.0
223.0,28.0,-329.0,173.0,90.0,357.0,-74.0,-286.0,242.0,176.0
248.0,195.0,-315.0,150.0,85.0,413.0,9.0,-103.0,322.0,74.0
252.0,418.0,-294.0,126.0,74.0,354.0,-8.0,-90.0,421.0,-12.0
268.0,620.0,-258.0,103.0,65.0,211.0,-68.0,3.0,508.0,-79.0
292.0,747.0,-195.0,70.0,65.0,129.0,-81.0,107.0,568.0,-120.0
321.0,791.0,-152.0,44.0,71.0,198.0,-69.0,288.0,655.0,-169.0
335.0,755.0,-88.0,54.0,71.0,294.0,-78.0,391.0,719.0,-224.0
332.0,623.0,-37.0,58.0,64.0,438.0,-102.0,341.0,701.0,-254.0
343.0,369.0,0.0,91.0,45.0,406.0,-141.0,157.0,681.0,-291.0
349.0,92.0,77.0,137.0,17.0,297.0,-144.0,-251.0,665.0,-310.0
311.0,-49.0,63.0,179.0,-3.0,287.0,-77.0,-321.0,609.0,-314.0
261.0,-39.0,105.0,211.0,-12.0,358.0,-12.0,-288.0,548.0,-276.0
221.0,27.0,114.0,220.0,-9.0,375.0,60.0,-206.0,469.0,-217.0
185.0,94.0,71.0,224.0,5.0,158.0,137.0,-131.0,318.0,-154.0
150.0,164.0,122.0,182.0,28.0,104.0,148.0,-218.0,165.0,-74.0
116.0,194.0,86.0,138.0,57.0,205.0,88.0,-144.0,57.0,15.0
67.0,171.0,70.0,76.0,76.0,310.0,23.0,-66.0,-47.0,99.0
7.0,91.0,91.0,-30.0,78.0,256.0,61.0,155.0,-161.0,158.0
-14.0,-66.0,32.0,-136.0,68.0,101.0,136.0,134.0,-256.0,217.0
-22.0,-243.0,34.0,-211.0,58.0,50.0,108.0,-48.0,-315.0,210.0
-32.0,-359.0,-17.0,-241.0,56.0,-4.0,59.0,-112.0,-396.0,158.0
-32.0,-392.0,-63.0,-274.0,58.0,100.0,35.0,-221.0,-509.0,118.0
-17.0,-364.0,-99.0,-269.0,56.0,123.0,41.0,-164.0,-607.0,84.0
-7.0,-256.0,-164.0,-255.0,46.0,127.0,92.0,-341.0,-656.0,49.0
-9.0,-91.0,-168.0,-266.0,38.0,187.0,47.0,-450.0,-682.0,-4.0
-11.0,84.0,-208.0,-290.0,36.0,176.0,-70.0,-412.0,-690.0,-60.0
-8.0,264.0,-201.0,-331.0,42.0,233.0,-124.0,-460.0,-686.0,-125.0
15.0,443.0,-218.0,-347.0,50.0,116.0,-90.0,-376.0,-673.0,-210.0
39.0,618.0,-200.0,-343.0,57.0,-16.0,5.0,-399.0,-592.0,-299.0
49.0,739.0,-166.0,-321.0,63.0,-73.0,-7.0,-369.0,-505.0,-349.0
55.0,719.0,-142.0,-309.0,57.0,-98.0,-144.0,-384.0,-471.0,-400.0
75.0,545.0,-80.0,-292.0,36.0,-114.0,-213.0,-421.0,-416.0,-478.0
74.0,319.0,-51.0,-251.0,12.0,-130.0,-204.0,-426.0,-355.0,-529.0
37.0,166.0,-5.0,-242.0,0.0,-2.0,-218.0,-327.0,-309.0,-546.0
20.0,148.0,8.0,-220.0,1.0,-23.0,-221.0,-40.0,-242.0,-568.0
43.0,224.0,60.0,-186.0,5.0,-208.0,-203.0,-9.0,-179.0,-617.0
68.0,254.0,57.0,-169.0,10.0,-275.0,-194.0,-79.0,-128.0,-651.0
103.0,138.0,74.0,-143.0,14.0,-92.0,-177.0,-402.0,-60.0,-650.0
143.0,-84.0,96.0,-114.0,18.0,-39.0,-208.0,-594.0,8.0,-637.0
151.0,-312.0,69.0,-80.0,20.0,-219.0,-256.0,-458.0,80.0,-619.0
161.0,-506.0,110.0,-19.0,18.0,-258.0,-292.0,-513.0,156.0,-591.0
148.0,-669.0,84.0,38.0,17.0,-236.0,-293.0,-437.0,204.0,-546.0
138.0,-796.0,101.0,70.0,11.0,-198.0,-255.0,-485.0,237.0,-501.0
123.0,-851.0,111.0,130.0,2.0,-277.0,-250.0,-570.0,299.0,-463.0
111.0,-764.0,96.0,180.0,-10.0,-277.0,-253.0,-587.0,350.0,-394.0
112.0,-524.0,112.0,211.0,-27.0,-187.0,-297.0,-698.0,368.0,-328.0
85.0,-193.0,80.0,258.0,-49.0,-323.0,-361.0,-569.0,366.0,-276.0
49.0,142.0,80.0,283.0,-75.0,-457.0,-394.0,-426.0,328.0,-202.0
-23.0,376.0,81.0,274.0,-95.0,-402.0,-398.0,-280.0,286.0,-123.0
-64.0,470.0,55.0,245.0,-113.0,-207.0,-369.0,-277.0,221.0,-75.0
-103.0,468.0,66.0,207.0,-127.0,-132.0,-364.0,-356.0,180.0,-60.0
-158.0,400.0,75.0,150.0,-133.0,-112.0,-359.0,-327.0,163.0,-62.0
-251.0,235.0,49.0,123.0,-134.0,-83.0,-305.0,-423.0,125.0,-89.0
-360.0,-27.0,56.0,114.0,-130.0,-135.0,-243.0,-521.0,128.0,-86.0
-429.0,-314.0,35.0,100.0,-121.0,-152.0,-225.0,-665.0,126.0,-43.0
-537.0,-494.0,6.0,128.0,-110.0,-137.0,-229.0,-600.0,82.0,8.0
-576.0,-452.0,22.0,152.0,-103.0,-74.0,-232.0,-500.0,40.0,97.0
-589.0,-220.0,0.0,153.0,-99.0,-92.0,-188.0,-546.0,-39.0,181.0
-601.0,70.0,1.0,178.0,-91.0,-75.0,-96.0,-434.0,-124.0,272.0
-612.0,295.0,-2.0,179.0,-71.0,-29.0,-83.0,-493.0,-136.0,359.0
-643.0,352.0,-16.0,135.0,-36.0,-48.0,-122.0,-521.0,-145.0,417.0
-654.0,232.0,-28.0,89.0,14.0,-37.0,-76.0,-500.0,-188.0,485.0
-669.0,29.0,-74.0,29.0,60.0,-35.0,12.0,-400.0,-223.0,536.0
-616.0,-152.0,-99.0,-35.0,85.0,115.0,6.0,-253.0,-254.0,585.0
-565.0,-284.0,-149.0,-73.0,84.0,166.0,-65.0,-232.0,-260.0,605.0
-508.0,-389.0,-181.0,-113.0,62.0,54.0,-88.0,-138.0,-266.0,583.0
-474.0,-480.0,-215.0,-152.0,39.0,100.0,-78.0,-258.0,-300.0,561.0
-464.0,-562.0,-240.0,-178.0,24.0,237.0,-36.0,-271.0,-330.0,529.0
-442.0,-629.0,-260.0,-197.0,16.0,250.0,20.0,-304.0,-316.0,510.0
-456.0,-659.0,-282.0,-152.0,8.0,148.0,12.0,-352.0,-287.0,493.0
-438.0,-629.0,-285.0,-90.0,-7.0,79.0,-19.0,-242.0,-273.0,487.0
-429.0,-534.0,-316.0,-17.0,-25.0,29.0,-4.0,-343.0,-264.0,520.0
-415.0,-364.0,-298.0,95.0,-33.0,16.0,52.0,-225.0,-261.0,550.0
-390.0,-114.0,-295.0,207.0,-24.0,-76.0,74.0,-223.0,-237.0,569.0
-382.0,135.0,-273.0,296.0,-1.0,-150.0,15.0,-308.0,-190.0,556.0
-358.0,265.0,-269.0,349.0,19.0,-141.0,-34.0,-243.0,-150.0,540.0
-330.0,213.0,-258.0,390.0,35.0,-106.0,-56.0,-389.0,-132.0,534.0
-318.0,42.0,-220.0,361.0,47.0,-25.0,-47.0,-389.0,-115.0,524.0
-318.0,-80.0,-236.0,329.0,55.0,-8.0,-24.0,-332.0,-80.0,519.0
-277.0,-83.0,-190.0,348.0,58.0,-65.0,-6.0,-212.0,-50.0,471.0
-192.0,-10.0,-174.0,356.0,50.0,-218.0,-3.0,-75.0,-58.0,404.0
-119.0,87.0,-154.0,384.0,26.0,-240.0,-69.0,22.0,-45.0,345.0
-42.0,150.0,-118.0,422.0,-14.0,-87.0,-119.0,138.0,-22.0,296.0
33.0,172.0,-116.0,423.0,-61.0,24.0,-115.0,-68.0,-23.0,247.0
53.0,216.0,-95.0,379.0,-91.0,18.0,-65.0,-169.0,-22.0,210.0
84.0,346.0,-72.0,333.0,-95.0,-20.0,-1.0,-279.0,-24.0,209.0
150.0,527.0,-56.0,272.0,-73.0,-6.0,23.0,-426.0,-27.0,193.0
226.0,658.0,-30.0,208.0,-33.0,-93.0,-13.0,-308.0,-35.0,163.0
264.0,710.0,-17.0,156.0,16.0,-235.0,-18.0,-256.0,-6.0,139.0
262.0,657.0,-7.0,106.0,57.0,-335.0,83.0,-206.0,21.0,89.0
231.0,470.0,18.0,58.0,85.0,-322.0,54.0,-253.0,64.0,8.0
166.0,199.0,5.0,-3.0,103.0,-291.0,-108.0,-173.0,154.0,-84.0
124.0,-32.0,-1.0,-64.0,110.0,-342.0,-212.0,-86.0,200.0,-194.0
106.0,-171.0,-29.0,-162.0,113.0,-381.0,-210.0,-160.0,232.0,-319.0
134.0,-279.0,-31.0,-269.0,107.0,-430.0,-135.0,-194.0,285.0,-468.0
145.0,-410.0,-48.0,-373.0,100.0,-375.0,-104.0,-369.0,314.0,-608.0
155.0,-568.0,-65.0,-446.0,94.0,-336.0,-121.0,-323.0,355.0,-711.0
148.0,-738.0,-70.0,-479.0,80.0,-333.0,-132.0,-367.0,400.0,-815.0
125.0,-889.0,-122.0,-509.0,62.0,-350.0,-100.0,-509.0,373.0,-894.0
93.0,-938.0,-148.0,-527.0,40.0,-415.0,-70.0,-408.0,319.0,-927.0
47.0,-854.0,-211.0,-517.0,15.0,-395.0,-98.0,-376.0,272.0,-966.0
61.0,-715.0,-250.0,-458.0,-17.0,-434.0,-153.0,-295.0,228.0,-1054.0
71.0,-575.0,-322.0,-394.0,-52.0,-490.0,-145.0,-251.0,190.0,-1163.0
109.0,-412.0,-368.0,-363.0,-72.0,-484.0,-65.0,-116.0,138.0,-1232.0
124.0,-208.0,-411.0,-339.0,-77.0,-303.0,-56.0,3.0,56.0,-1287.0
136.0,24.0,-472.0,-311.0,-74.0,-196.0,-116.0,-29.0,-44.0,-1328.0
116.0,246.0,-481.0,-307.0,-76.0,-220.0,-148.0,-75.0,-129.0,-1318.0
55.0,386.0,-553.0,-294.0,-83.0,-170.0,-137.0,-232.0,-229.0,-1265.0
39.0,469.0,-548.0,-280.0,-83.0,-204.0,-94.0,-254.0,-343.0,-1185.0
17.0,541.0,-545.0,-319.0,-69.0,-188.0,-79.0,-389.0,-463.0,-1113.0
32.0,575.0,-542.0,-359.0,-40.0,-289.0,-152.0,-521.0,-562.0,-1008.0
33.0,539.0,-517.0,-448.0,-7.0,-317.0,-238.0,-478.0,-583.0,-877.0
40.0,449.0,-488.0,-561.0,19.0,-231.0,-233.0,-485.0,-598.0,-767.0
26.0,377.0,-461.0,-608.0,37.0,-269.0,-198.0,-332.0,-586.0,-643.0
8.0,335.0,-441.0,-626.0,54.0,-226.0,-209.0,-280.0,-517.0,-512.0
-11.0,259.0,-371.0,-605.0,74.0,-162.0,-212.0,-271.0,-445.0,-402.0
-54.0,106.0,-366.0,-553.0,96.0,-85.0,-227.0,-240.0,-374.0,-344.0
-90.0,-56.0,-303.0,-484.0,109.0,-76.0,-271.0,-212.0,-293.0,-282.0
-90.0,-136.0,-285.0,-359.0,112.0,-93.0,-263.0,-120.0,-177.0,-217.0
-39.0,-112.0,-287.0,-207.0,106.0,-139.0,-227.0,-60.0,-75.0,-200.0
-41.0,32.0,-222.0,-79.0,83.0,-259.0,-177.0,97.0,-10.0,-192.0
-16.0,280.0,-254.0,43.0,45.0,-331.0,-85.0,20.0,70.0,-161.0
-15.0,551.0,-215.0,155.0,0.0,-259.0,-29.0,-84.0,141.0,-123.0
-29.0,671.0,-208.0,244.0,-46.0,-249.0,-66.0,-247.0,169.0,-117.0
-50.0,497.0,-241.0,362.0,-95.0,-411.0,-140.0,-452.0,202.0,-79.0
-89.0,102.0,-201.0,423.0,-149.0,-410.0,-177.0,-412.0,256.0,-35.0
-101.0,-311.0,-271.0,425.0,-193.0,-277.0,-152.0,-535.0,266.0,-3.0
-151.0,-600.0,-281.0,422.0,-219.0,-190.0,-117.0,-432.0,230.0,36.0
-186.0,-733.0,-229.0,359.0,-221.0,-345.0,-130.0,-389.0,228.0,65.0
-211.0,-722.0,-294.0,290.0,-201.0,-494.0,-168.0,-554.0,206.0,100.0
-205.0,-608.0,-222.0,207.0,-165.0,-381.0,-152.0,-580.0,150.0,115.0
-212.0,-466.0,-195.0,118.0,-119.0,-311.0,-59.0,-661.0,126.0,127.0
-247.0,-400.0,-198.0,58.0,-68.0,-398.0,-1.0,-509.0,141.0,143.0
-315.0,-423.0,-86.0,2.0,-15.0,-476.0,-15.0,-343.0,199.0,155.0
-368.0,-415.0,-125.0,-35.0,34.0,-423.0,-57.0,-277.0,240.0,183.0
-379.0,-359.0,-65.0,-79.0,77.0,-379.0,-54.0,-197.0,261.0,233.0
-342.0,-334.0,-58.0,-134.0,102.0,-420.0,46.0,-158.0,279.0,288.0
-253.0,-337.0,-92.0,-159.0,107.0,-525.0,142.0,-134.0,284.0,320.0
-209.0,-322.0,-40.0,-152.0,96.0,-507.0,118.0,-173.0,267.0,368.0
-156.0,-284.0,-97.0,-129.0,80.0,-346.0,104.0,-168.0,218.0,441.0
-152.0,-218.0,-59.0,-47.0,66.0,-277.0,191.0,-186.0,149.0,497.0
-124.0,-135.0,-82.0,17.0,49.0,-347.0,219.0,-201.0,56.0,533.0
-60.0,-82.0,-109.0,62.0,23.0,-404.0,196.0,-314.0,-40.0,549.0
-20.0,-89.0,-121.0,126.0,-7.0,-494.0,253.0,-410.0,-151.0,603.0
51.0,-138.0,-184.0,157.0,-27.0,-623.0,345.0,-277.0,-298.0,652.0
90.0,-153.0,-162.0,204.0,-31.0,-615.0,391.0,-227.0,-417.0,669.0
142.0,-72.0,-195.0,221.0,-20.0,-642.0,422.0,-121.0,-470.0,713.0
148.0,86.0,-177.0,197.0,-4.0,-626.0,457.0,-107.0,-517.0,748.0
142.0,246.0,-159.0,156.0,14.0,-503.0,452.0,-253.0,-595.0,766.0
136.0,311.0,-171.0,89.0,25.0,-434.0,457.0,-249.0,-653.0,755.0
95.0,274.0,-151.0,34.0,17.0,-455.0,492.0,-286.0,-668.0,778.0
78.0,236.0,-162.0,-2.0,-4.0,-539.0,503.0,-219.0,-664.0,836.0
64.0,253.0,-139.0,-19.0,-33.0,-516.0,465.0,-121.0,-611.0,863.0
60.0,300.0,-149.0,-65.0,-48.0,-462.0,436.0,14.0,-532.0,891.0
-8.0,329.0,-127.0,-117.0,-51.0,-550.0,485.0,138.0,-457.0,890.0
-84.0,290.0,-103.0,-146.0,-44.0,-596.0,554.0,112.0,-360.0,854.0
-152.0,182.0,-112.0,-171.0,-22.0,-498.0,598.0,177.0,-253.0,799.0
-185.0,38.0,-69.0,-183.0,0.0,-422.0,594.0,18.0,-145.0,749.0
-170.0,-86.0,-84.0,-155.0,19.0,-462.0,590.0,-20.0,-52.0,710.0
-133.0,-105.0,-115.0,-94.0,26.0,-576.0,628.0,-1.0,13.0,634.0
-77.0,30.0,-126.0,-27.0,20.0,-632.0,641.0,-266.0,56.0,553.0
-79.0,267.0,-134.0,48.0,11.0,-653.0,566.0,-323.0,91.0,463.0
-80.0,517.0,-152.0,93.0,-4.0,-635.0,438.0,-351.0,121.0,351.0
-107.0,757.0,-182.0,103.0,-11.0,-603.0,400.0,-304.0,118.0,254.0
-132.0,932.0,-194.0,114.0,-7.0,-632.0,448.0,-223.0,112.0,184.0
-153.0,1016.0,-242.0,113.0,-4.0,-682.0,453.0,-155.0,144.0,175.0
-167.0,1035.0,-255.0,111.0,0.0,-633.0,411.0,-77.0,192.0,176.0
-163.0,926.0,-237.0,103.0,10.0,-502.0,411.0,-49.0,227.0,168.0
-165.0,623.0,-241.0,61.0,33.0,-548.0,448.0,18.0,264.0,172.0
-201.0,161.0,-219.0,26.0,62.0,-700.0,466.0,-44.0,308.0,157.0
-292.0,-298.0,-211.0,-21.0,82.0,-717.0,444.0,36.0,352.0,150.0
-326.0,-569.0,-188.0,-76.0,87.0,-455.0,410.0,59.0,399.0,177.0
-354.0,-597.0,-161.0,-100.0,87.0,-331.0,405.0,22.0,417.0,260.0
-362.0,-474.0,-149.0,-131.0,79.0,-535.0,352.0,96.0,403.0,301.0
-362.0,-364.0,-113.0,-176.0,58.0,-664.0,288.0,-3.0,383.0,290.0
-356.0,-294.0,-65.0,-188.0,20.0,-613.0,285.0,0.0,363.0,314.0
-391.0,-195.0,-55.0,-196.0,-17.0,-418.0,316.0,-57.0,302.0,336.0
-449.0,-51.0,-24.0,-196.0,-42.0,-450.0,336.0,40.0,208.0,299.0
-439.0,82.0,15.0,-153.0,-53.0,-561.0,328.0,240.0,142.0,228.0
-421.0,146.0,-16.0,-142.0,-53.0,-490.0,353.0,179.0,100.0,179.0
-358.0,95.0,-20.0,-159.0,-54.0,-405.0,403.0,166.0,20.0,109.0
-311.0,-63.0,-32.0,-156.0,-53.0,-352.0,426.0,-42.0,-68.0,3.0
-262.0,-241.0,-63.0,-152.0,-53.0,-352.0,378.0,-238.0,-105.0,-112.0
-253.0,-377.0,-94.0,-162.0,-50.0,-354.0,320.0,-306.0,-159.0,-216.0
-252.0,-474.0,-136.0,-160.0,-44.0,-409.0,335.0,-279.0,-216.0,-342.0
-221.0,-522.0,-148.0,-156.0,-37.0,-438.0,375.0,-53.0,-231.0,-488.0
-191.0,-464.0,-192.0,-161.0,-26.0,-415.0,364.0,18.0,-229.0,-610.0
-122.0,-224.0,-233.0,-166.0,-17.0,-492.0,317.0,55.0,-206.0,-733.0
-69.0,151.0,-278.0,-186.0,-13.0,-566.0,333.0,131.0,-219.0,-862.0
-61.0,534.0,-320.0,-194.0,-17.0,-527.0,367.0,375.0,-241.0,-973.0
-107.0,857.0,-349.0,-212.0,-21.0,-535.0,363.0,469.0,-262.0,-1034.0
-95.0,1107.0,-397.0,-245.0,-19.0,-583.0,339.0,321.0,-308.0,-1065.0
-86.0,1294.0,-407.0,-276.0,-16.0,-528.0,319.0,240.0,-325.0,-1096.0
-87.0,1415.0,-402.0,-311.0,-7.0,-362.0,335.0,0.0,-296.0,-1113.0
-87.0,1430.0,-397.0,-335.0,4.0,-266.0,362.0,-27.0,-221.0,-1093.0
-84.0,1322.0,-357.0,-366.0,15.0,-367.0,375.0,-12.0,-154.0,-1068.0
-36.0,1118.0,-338.0,-380.0,10.0,-463.0,342.0,-35.0,-114.0,-1054.0
-37.0,815.0,-296.0,-354.0,-7.0,-384.0,302.0,24.0,-74.0,-1025.0
-39.0,398.0,-242.0,-349.0,-24.0,-262.0,305.0,-109.0,-43.0,-998.0
-81.0,0.0,-221.0,-346.0,-39.0,-304.0,295.0,-14.0,29.0,-950.0
-114.0,-231.0,-148.0,-308.0,-50.0,-349.0,271.0,94.0,128.0,-873.0
-152.0,-345.0,-129.0,-276.0,-56.0,-309.0,246.0,164.0,211.0,-765.0
-166.0,-457.0,-94.0,-258.0,-50.0,-338.0,191.0,221.0,319.0,-617.0
-139.0,-618.0,-28.0,-229.0,-34.0,-384.0,144.0,116.0,366.0,-485.0
-110.0,-799.0,-27.0,-201.0,-21.0,-385.0,149.0,199.0,379.0,-370.0
-83.0,-918.0,20.0,-195.0,-15.0,-416.0,113.0,288.0,383.0,-247.0
-144.0,-933.0,29.0,-188.0,-21.0,-406.0,33.0,360.0,338.0,-157.0
-192.0,-863.0,1.0,-163.0,-43.0,-281.0,0.0,369.0,319.0,-89.0
-248.0,-710.0,-2.0,-176.0,-74.0,-189.0,0.0,290.0,301.0,-26.0
-239.0,-514.0,-37.0,-193.0,-106.0,-223.0,20.0,144.0,274.0,14.0
-200.0,-346.0,-91.0,-196.0,-126.0,-310.0,50.0,12.0,218.0,37.0
-178.0,-178.0,-102.0,-209.0,-128.0,-343.0,77.0,48.0,106.0,38.0
-157.0,9.0,-129.0,-212.0,-107.0,-358.0,87.0,-27.0,-12.0,37.0
-184.0,182.0,-184.0,-211.0,-62.0,-404.0,98.0,101.0,-121.0,57.0
-170.0,272.0,-189.0,-209.0,-6.0,-428.0,137.0,142.0,-197.0,119.0
-214.0,209.0,-212.0,-240.0,49.0,-327.0,131.0,64.0,-262.0,192.0
-200.0,58.0,-231.0,-273.0,105.0,-193.0,82.0,164.0,-325.0,270.0
-146.0,-59.0,-232.0,-321.0,153.0,-283.0,38.0,9.0,-353.0,345.0
-91.0,-151.0,-237.0,-373.0,188.0,-452.0,23.0,70.0,-368.0,401.0
-28.0,-293.0,-212.0,-357.0,205.0,-359.0,9.0,22.0,-409.0,442.0
-34.0,-475.0,-202.0,-341.0,206.0,-139.0,0.0,-68.0,-463.0,457.0
-30.0,-631.0,-199.0,-359.0,193.0,-198.0,49.0,83.0,-463.0,484.0
-64.0,-777.0,-202.0,-358.0,167.0,-327.0,123.0,-22.0,-400.0,521.0
-54.0,-922.0,-225.0,-335.0,128.0,-192.0,146.0,-3.0,-325.0,562.0
-3.0,-1013.0,-216.0,-319.0,82.0,-29.0,132.0,59.0,-257.0,582.0
65.0,-1011.0,-222.0,-265.0,45.0,-77.0,124.0,256.0,-181.0,578.0
116.0,-870.0,-218.0,-192.0,21.0,-321.0,150.0,413.0,-89.0,607.0
111.0,-567.0,-182.0,-149.0,15.0,-348.0,232.0,356.0,-43.0,628.0
96.0,-182.0,-169.0,-113.0,22.0,-120.0,220.0,254.0,-40.0,592.0
54.0,162.0,-131.0,-62.0,35.0,-35.0,156.0,60.0,-3.0,547.0
18.0,443.0,-56.0,3.0,39.0,-74.0,181.0,258.0,41.0,531.0
15.0,669.0,-17.0,63.0,38.0,-191.0,174.0,443.0,50.0,514.0
68.0,772.0,21.0,118.0,40.0,-266.0,135.0,471.0,60.0,474.0
101.0,773.0,97.0,154.0,41.0,-227.0,115.0,500.0,88.0,425.0
106.0,732.0,104.0,206.0,37.0,-212.0,91.0,373.0,100.0,389.0
83.0,620.0,128.0,272.0,19.0,-273.0,90.0,303.0,97.0,367.0
59.0,446.0,168.0,304.0,-7.0,-344.0,111.0,225.0,105.0,359.0
8.0,290.0,133.0,347.0,-44.0,-247.0,87.0,238.0,153.0,371.0
-72.0,215.0,137.0,410.0,-88.0,-74.0,39.0,210.0,187.0,377.0
-106.0,166.0,134.0,456.0,-122.0,-83.0,7.0,221.0,215.0,368.0
-103.0,103.0,114.0,456.0,-135.0,-204.0,15.0,286.0,279.0,365.0
-55.0,47.0,112.0,451.0,-126.0,-237.0,29.0,212.0,303.0,389.0
-18.0,-33.0,73.0,415.0,-100.0,-183.0,-45.0,284.0,302.0,392.0
14.0,-156.0,41.0,337.0,-67.0,-134.0,-123.0,323.0,283.0,347.0
-2.0,-290.0,-4.0,254.0,-35.0,-173.0,-109.0,485.0,267.0,307.0
-53.0,-339.0,-41.0,159.0,-7.0,-189.0,-13.0,598.0,287.0,303.0
-92.0,-296.0,-59.0,84.0,15.0,-143.0,42.0,550.0,311.0,298.0
-84.0,-263.0,-112.0,0.0,30.0,-163.0,15.0,735.0,338.0,289.0
-8.0,-276.0,-128.0,-104.0,38.0,-137.0,6.0,668.0,343.0,326.0
61.0,-312.0,-138.0,-178.0,38.0,13.0,52.0,561.0,327.0,349.0
94.0,-296.0,-153.0,-187.0,40.0,89.0,93.0,485.0,296.0,313.0
75.0,-171.0,-144.0,-198.0,44.0,14.0,52.0,400.0,221.0,264.0
61.0,6.0,-148.0,-219.0,47.0,-20.0,-23.0,412.0,146.0,205.0
9.0,132.0,-131.0,-183.0,45.0,44.0,-14.0,232.0,82.0,150.0
-37.0,180.0,-100.0,-157.0,36.0,128.0,36.0,166.0,4.0,100.0
-101.0,181.0,-80.0,-167.0,36.0,94.0,21.0,86.0,-74.0,57.0
-126.0,112.0,-74.0,-169.0,49.0,-10.0,-54.0,184.0,-137.0,35.0
-94.0,-60.0,-88.0,-168.0,74.0,-16.0,-126.0,310.0,-186.0,-18.0
-71.0,-316.0,-86.0,-151.0,102.0,0.0,-95.0,328.0,-257.0,-131.0
-37.0,-555.0,-112.0,-134.0,120.0,11.0,-31.0,500.0,-312.0,-265.0
-71.0,-667.0,-151.0,-117.0,135.0,29.0,10.0,362.0,-319.0,-396.0
-110.0,-592.0,-172.0,-97.0,147.0,-69.0,72.0,288.0,-302.0,-507.0
-182.0,-368.0,-222.0,-117.0,147.0,-218.0,129.0,319.0,-259.0,-576.0
-244.0,-38.0,-272.0,-166.0,130.0,-90.0,183.0,375.0,-218.0,-611.0
-275.0,347.0,-303.0,-216.0,105.0,111.0,200.0,554.0,-176.0,-636.0
-275.0,711.0,-338.0,-254.0,75.0,82.0,197.0,524.0,-124.0,-660.0
-249.0,1027.0,-344.0,-323.0,42.0,30.0,225.0,439.0,-80.0,-650.0
-252.0,1238.0,-336.0,-368.0,11.0,75.0,250.0,330.0,-33.0,-589.0
-244.0,1271.0,-344.0,-384.0,-15.0,176.0,172.0,393.0,39.0,-514.0
-262.0,1173.0,-329.0,-429.0,-39.0,171.0,28.0,406.0,131.0,-444.0
-252.0,1071.0,-317.0,-465.0,-69.0,31.0,-60.0,297.0,211.0,-345.0
-241.0,1005.0,-292.0,-470.0,-96.0,-12.0,-61.0,362.0,256.0,-251.0
-231.0,932.0,-250.0,-459.0,-117.0,102.0,-29.0,243.0,263.0,-194.0
-226.0,852.0,-202.0,-450.0,-133.0,206.0,-47.0,206.0,218.0,-140.0
-215.0,752.0,-131.0,-437.0,-143.0,227.0,-44.0,240.0,149.0,-91.0
-193.0,621.0,-93.0,-419.0,-148.0,225.0,29.0,249.0,129.0,-61.0
-176.0,500.0,-45.0,-401.0,-153.0,154.0,114.0,306.0,81.0,-59.0
-146.0,405.0,4.0,-377.0,-166.0,14.0,135.0,240.0,14.0,-61.0
-142.0,328.0,13.0,-335.0,-197.0,-36.0,111.0,354.0,-93.0,-39.0
-112.0,279.0,69.0,-279.0,-228.0,124.0,100.0,343.0,-241.0,-37.0
-66.0,289.0,73.0,-260.0,-232.0,326.0,115.0,400.0,-292.0,-34.0
0.0,318.0,75.0,-284.0,-203.0,348.0,142.0,502.0,-306.0,33.0
60.0,311.0,122.0,-335.0,-146.0,284.0,132.0,319.0,-343.0,152.0
123.0,213.0,97.0,-380.0,-79.0,302.0,123.0,321.0,-379.0,267.0
167.0,6.0,140.0,-397.0,-22.0,457.0,140.0,303.0,-344.0,401.0
199.0,-264.0,149.0,-394.0,18.0,488.0,123.0,303.0,-289.0,569.0
268.0,-543.0,152.0,-351.0,47.0,314.0,96.0,251.0,-277.0,739.0
311.0,-776.0,217.0,-306.0,68.0,237.0,95.0,112.0,-208.0,897.0
325.0,-969.0,229.0,-266.0,86.0,341.0,100.0,81.0,-149.0,1028.0
306.0,-1113.0,285.0,-194.0,104.0,500.0,121.0,160.0,-149.0,1139.0
315.0,-1188.0,307.0,-141.0,121.0,496.0,139.0,352.0,-116.0,1204.0
329.0,-1187.0,350.0,-77.0,129.0,296.0,127.0,354.0,-3.0,1223.0
363.0,-1075.0,398.0,1.0,137.0,110.0,110.0,367.0,145.0,1237.0
414.0,-839.0,410.0,68.0,147.0,146.0,82.0,260.0,226.0,1239.0
419.0,-580.0,458.0,138.0,156.0,300.0,35.0,251.0,258.0,1207.0
380.0,-425.0,444.0,187.0,165.0,306.0,-1.0,454.0,304.0,1139.0
316.0,-298.0,469.0,208.0,168.0,190.0,-32.0,375.0,325.0,1060.0
326.0,-108.0,464.0,205.0,164.0,207.0,-68.0,406.0,342.0,982.0
356.0,114.0,442.0,219.0,165.0,345.0,-91.0,327.0,340.0,909.0
355.0,372.0,460.0,236.0,174.0,302.0,-85.0,236.0,299.0,816.0
305.0,684.0,407.0,244.0,187.0,179.0,-45.0,279.0,277.0,687.0
255.0,967.0,413.0,228.0,192.0,254.0,-43.0,212.0,279.0,546.0
245.0,1074.0,399.0,167.0,186.0,339.0,-64.0,338.0,270.0,385.0
238.0,1014.0,369.0,117.0,175.0,199.0,-4.0,234.0,207.0,230.0
222.0,870.0,353.0,51.0,160.0,71.0,57.0,162.0,146.0,98.0
178.0,674.0,291.0,-38.0,146.0,171.0,59.0,203.0,119.0,-51.0
140.0,462.0,252.0,-117.0,133.0,337.0,58.0,20.0,92.0,-173.0
99.0,283.0,196.0,-198.0,118.0,310.0,46.0,-35.0,70.0,-257.0
63.0,186.0,144.0,-257.0,102.0,148.0,24.0,-25.0,14.0,-326.0
-6.0,171.0,84.0,-282.0,88.0,77.0,73.0,127.0,-64.0,-395.0
-60.0,201.0,49.0,-259.0,91.0,59.0,158.0,325.0,-148.0,-461.0
-113.0,250.0,37.0,-158.0,107.0,96.0,157.0,572.0,-235.0,-474.0
-198.0,247.0,-22.0,-58.0,122.0,99.0,127.0,630.0,-271.0,-472.0
-234.0,143.0,-46.0,32.0,130.0,-89.0,118.0,502.0,-270.0,-457.0
-266.0,3.0,-50.0,155.0,125.0,-239.0,127.0,644.0,-283.0,-418.0
-282.0,-92.0,-102.0,242.0,112.0,-112.0,202.0,589.0,-289.0,-376.0
-312.0,-145.0,-112.0,280.0,93.0,122.0,268.0,604.0,-260.0,-331.0
-308.0,-228.0,-104.0,324.0,72.0,184.0,272.0,563.0,-226.0,-300.0
-319.0,-372.0,-115.0,357.0,53.0,196.0,264.0,317.0,-189.0,-244.0
-321.0,-521.0,-90.0,360.0,38.0,392.0,296.0,315.0,-120.0,-205.0
-282.0,-625.0,-70.0,357.0,33.0,502.0,363.0,184.0,-26.0,-211.0
-263.0,-649.0,-52.0,345.0,32.0,329.0,401.0,133.0,56.0,-217.0
-243.0,-587.0,-37.0,328.0,24.0,143.0,394.0,144.0,107.0,-212.0
-232.0,-482.0,-25.0,311.0,0.0,175.0,363.0,221.0,155.0,-201.0
-156.0,-353.0,-7.0,294.0,-35.0,368.0,319.0,282.0,213.0,-208.0
-101.0,-260.0,-9.0,251.0,-77.0,476.0,328.0,299.0,263.0,-190.0
-32.0,-279.0,7.0,186.0,-112.0,426.0,376.0,447.0,286.0,-149.0
24.0,-362.0,29.0,108.0,-130.0,413.0,398.0,424.0,267.0,-127.0
115.0,-400.0,32.0,29.0,-134.0,508.0,416.0,485.0,234.0,-138.0
222.0,-369.0,60.0,-3.0,-133.0,624.0,384.0,362.0,192.0,-161.0
257.0,-337.0,66.0,-28.0,-134.0,714.0,331.0,223.0,100.0,-186.0
299.0,-382.0,45.0,-55.0,-135.0,649.0,349.0,234.0,1.0,-254.0
295.0,-562.0,51.0,-72.0,-140.0,461.0,403.0,186.0,-84.0,-311.0
319.0,-813.0,47.0,-84.0,-141.0,407.0,423.0,354.0,-180.0,-357.0
313.0,-982.0,6.0,-100.0,-139.0,561.0,405.0,380.0,-242.0,-424.0
324.0,-965.0,13.0,-97.0,-143.0,712.0,405.0,388.0,-265.0,-500.0
337.0,-739.0,37.0,-67.0,-161.0,713.0,408.0,345.0,-281.0,-564.0
306.0,-407.0,21.0,-86.0,-191.0,717.0,395.0,290.0,-278.0,-583.0
265.0,-105.0,52.0,-95.0,-215.0,755.0,350.0,301.0,-245.0,-605.0
213.0,122.0,41.0,-83.0,-219.0,735.0,277.0,171.0,-207.0,-603.0
192.0,300.0,36.0,-79.0,-193.0,628.0,213.0,314.0,-161.0,-566.0
162.0,408.0,38.0,-57.0,-143.0,539.0,218.0,365.0,-130.0,-534.0
152.0,384.0,41.0,-71.0,-86.0,555.0,286.0,406.0,-120.0,-502.0
96.0,278.0,44.0,-96.0,-38.0,608.0,304.0,532.0,-52.0,-467.0
52.0,179.0,37.0,-92.0,-16.0,624.0,296.0,476.0,53.0,-409.0
6.0,109.0,62.0,-79.0,-19.0,502.0,316.0,587.0,119.0,-362.0
-3.0,32.0,12.0,-83.0,-36.0,472.0,280.0,389.0,117.0,-296.0
8.0,-58.0,33.0,-86.0,-55.0,516.0,208.0,186.0,24.0,-217.0
20.0,-79.0,34.0,-55.0,-72.0,490.0,168.0,175.0,-101.0,-122.0
58.0,11.0,12.0,9.0,-83.0,539.0,137.0,-36.0,-145.0,-5.0
46.0,141.0,37.0,69.0,-83.0,550.0,149.0,9.0,-132.0,99.0
77.0,243.0,39.0,116.0,-73.0,536.0,179.0,59.0,-121.0,213.0
66.0,350.0,66.0,130.0,-56.0,404.0,174.0,120.0,-112.0,305.0
122.0,489.0,59.0,106.0,-42.0,289.0,146.0,168.0,-115.0,399.0
209.0,613.0,67.0,98.0,-25.0,375.0,136.0,110.0,-93.0,496.0
260.0,671.0,38.0,72.0,-5.0,432.0,174.0,258.0,-13.0,547.0
310.0,654.0,7.0,12.0,13.0,549.0,190.0,349.0,103.0,565.0
290.0,581.0,10.0,-69.0,28.0,655.0,180.0,380.0,201.0,549.0
304.0,479.0,1.0,-147.0,33.0,614.0,143.0,303.0,258.0,542.0
298.0,382.0,-21.0,-216.0,30.0,451.0,119.0,339.0,277.0,541.0
300.0,295.0,-49.0,-283.0,19.0,337.0,129.0,380.0,282.0,515.0
275.0,222.0,-40.0,-307.0,3.0,429.0,103.0,306.0,250.0,496.0
286.0,209.0,-58.0,-332.0,-8.0,482.0,89.0,352.0,194.0,489.0
338.0,285.0,-77.0,-375.0,-17.0,365.0,82.0,293.0,176.0,487.0
363.0,386.0,-83.0,-389.0,-30.0,281.0,78.0,395.0,121.0,473.0
399.0,419.0,-110.0,-359.0,-52.0,377.0,60.0,284.0,51.0,434.0
383.0,362.0,-120.0,-326.0,-80.0,426.0,2.0,-3.0,36.0,374.0
341.0,247.0,-117.0,-285.0,-105.0,450.0,-59.0,-55.0,38.0,271.0
275.0,99.0,-121.0,-217.0,-129.0,433.0,-85.0,-68.0,40.0,153.0
236.0,-63.0,-104.0,-143.0,-143.0,257.0,-42.0,121.0,39.0,53.0
202.0,-256.0,-71.0,-60.0,-127.0,213.0,-33.0,303.0,11.0,-34.0
208.0,-485.0,-14.0,12.0,-80.0,276.0,-52.0,436.0,-27.0,-90.0
257.0,-663.0,40.0,62.0,-12.0,455.0,-42.0,437.0,-24.0,-78.0
273.0,-726.0,49.0,107.0,56.0,622.0,-37.0,461.0,28.0,-46.0
272.0,-694.0,103.0,151.0,116.0,562.0,-7.0,574.0,90.0,-15.0
248.0,-620.0,135.0,152.0,166.0,544.0,-1.0,504.0,101.0,1.0
208.0,-466.0,140.0,144.0,196.0,522.0,-39.0,497.0,67.0,-1.0
158.0,-188.0,190.0,160.0,208.0,402.0,-64.0,408.0,59.0,17.0
156.0,147.0,188.0,163.0,211.0,297.0,-41.0,448.0,85.0,6.0
154.0,450.0,176.0,146.0,209.0,336.0,-22.0,698.0,80.0,-6.0
173.0,660.0,154.0,116.0,217.0,527.0,-43.0,731.0,81.0,11.0
191.0,741.0,135.0,99.0,233.0,584.0,-17.0,567.0,120.0,4.0
167.0,654.0,116.0,99.0,241.0,589.0,34.0,325.0,124.0,-3.0
137.0,437.0,89.0,138.0,237.0,686.0,42.0,227.0,124.0,7.0
83.0,193.0,95.0,191.0,210.0,686.0,3.0,295.0,117.0,35.0
76.0,-81.0,102.0,233.0,167.0,600.0,-28.0,500.0,114.0,62.0
58.0,-439.0,133.0,252.0,119.0,626.0,-52.0,744.0,169.0,104.0
61.0,-762.0,144.0,241.0,74.0,749.0,-56.0,718.0,224.0,169.0
73.0,-920.0,171.0,264.0,45.0,730.0,15.0,504.0,234.0,242.0
59.0,-955.0,206.0,285.0,35.0,621.0,54.0,432.0,230.0,285.0
53.0,-891.0,223.0,294.0,46.0,493.0,-14.0,522.0,258.0,290.0
4.0,-673.0,267.0,299.0,73.0,434.0,-68.0,532.0,309.0,282.0
-33.0,-327.0,309.0,265.0,106.0,543.0,-7.0,637.0,374.0,250.0
-90.0,12.0,323.0,212.0,137.0,613.0,42.0,855.0,448.0,227.0
-128.0,220.0,342.0,164.0,154.0,600.0,11.0,676.0,501.0,224.0
-139.0,295.0,357.0,146.0,155.0,457.0,-12.0,293.0,548.0,213.0
-124.0,365.0,367.0,114.0,148.0,317.0,-31.0,38.0,571.0,174.0
-118.0,510.0,393.0,51.0,132.0,381.0,-29.0,125.0,534.0,127.0
-136.0,714.0,384.0,-20.0,101.0,429.0,-32.0,406.0,464.0,104.0
-112.0,953.0,402.0,-121.0,58.0,347.0,-103.0,463.0,365.0,78.0
-107.0,1168.0,403.0,-200.0,14.0,201.0,-158.0,576.0,265.0,20.0
-82.0,1333.0,413.0,-231.0,-13.0,246.0,-157.0,654.0,152.0,-33.0
-68.0,1445.0,446.0,-252.0,-29.0,411.0,-169.0,657.0,20.0,-63.0
-35.0,1432.0,434.0,-260.0,-45.0,423.0,-193.0,552.0,-55.0,-127.0
-3.0,1221.0,456.0,-250.0,-71.0,356.0,-207.0,273.0,-129.0,-209.0
-2.0,878.0,432.0,-260.0,-104.0,262.0,-208.0,310.0,-254.0,-256.0
8.0,557.0,419.0,-262.0,-131.0,283.0,-193.0,310.0,-354.0,-274.0
8.0,301.0,423.0,-224.0,-149.0,333.0,-177.0,123.0,-383.0,-300.0
66.0,64.0,382.0,-146.0,-161.0,376.0,-168.0,116.0,-356.0,-307.0
111.0,-152.0,360.0,-72.0,-171.0,423.0,-173.0,114.0,-373.0,-283.0
115.0,-316.0,322.0,-2.0,-174.0,334.0,-227.0,-25.0,-454.0,-256.0
116.0,-464.0,274.0,76.0,-173.0,260.0,-267.0,-197.0,-515.0,-240.0
110.0,-600.0,234.0,154.0,-169.0,236.0,-217.0,-55.0,-530.0,-219.0
134.0,-658.0,189.0,222.0,-164.0,282.0,-163.0,186.0,-488.0,-143.0
193.0,-687.0,160.0,252.0,-156.0,344.0,-154.0,290.0,-447.0,-84.0
255.0,-719.0,116.0,266.0,-141.0,371.0,-181.0,406.0,-441.0,-41.0
308.0,-725.0,67.0,276.0,-126.0,406.0,-180.0,460.0,-415.0,14.0
335.0,-742.0,54.0,287.0,-112.0,282.0,-121.0,482.0,-327.0,26.0
344.0,-791.0,45.0,287.0,-100.0,104.0,-84.0,347.0,-200.0,0.0
346.0,-796.0,52.0,286.0,-85.0,86.0,-74.0,328.0,-112.0,-67.0
345.0,-714.0,45.0,231.0,-60.0,206.0,-116.0,406.0,-33.0,-109.0
379.0,-612.0,45.0,173.0,-26.0,338.0,-162.0,375.0,45.0,-126.0
404.0,-506.0,35.0,125.0,13.0,260.0,-152.0,437.0,81.0,-162.0
434.0,-330.0,40.0,52.0,49.0,87.0,-130.0,378.0,127.0,-196.0
481.0,-76.0,51.0,3.0,80.0,100.0,-155.0,395.0,175.0,-222.0
520.0,184.0,47.0,-88.0,104.0,129.0,-185.0,282.0,239.0,-217.0
555.0,367.0,69.0,-113.0,113.0,-13.0,-171.0,205.0,324.0,-216.0
527.0,488.0,73.0,-108.0,103.0,-222.0,-197.0,410.0,363.0,-181.0
474.0,593.0,89.0,-140.0,79.0,-185.0,-227.0,367.0,374.0,-127.0
441.0,646.0,63.0,-166.0,56.0,37.0,-248.0,399.0,357.0,-70.0
434.0,641.0,60.0,-197.0,40.0,64.0,-268.0,369.0,353.0,18.0
426.0,627.0,31.0,-193.0,30.0,-29.0,-240.0,363.0,375.0,83.0
406.0,628.0,-9.0,-167.0,23.0,-120.0,-205.0,417.0,358.0,156.0
386.0,611.0,9.0,-81.0,12.0,-148.0,-200.0,360.0,331.0,194.0
331.0,551.0,4.0,4.0,-6.0,-116.0,-201.0,382.0,285.0,207.0
261.0,460.0,39.0,69.0,-25.0,-88.0,-201.0,177.0,223.0,218.0
218.0,356.0,54.0,129.0,-41.0,-67.0,-234.0,181.0,143.0,216.0
218.0,238.0,92.0,135.0,-41.0,-119.0,-220.0,181.0,40.0,204.0
227.0,96.0,140.0,159.0,-15.0,-81.0,-184.0,112.0,-47.0,157.0
224.0,-54.0,140.0,171.0,31.0,20.0,-186.0,114.0,-130.0,129.0
229.0,-156.0,151.0,195.0,82.0,116.0,-192.0,-62.0,-182.0,93.0
265.0,-181.0,178.0,225.0,114.0,251.0,-179.0,123.0,-206.0,35.0
260.0,-190.0,188.0,206.0,130.0,301.0,-138.0,227.0,-216.0,-4.0
215.0,-235.0,190.0,229.0,137.0,247.0,-105.0,247.0,-183.0,-38.0
218.0,-254.0,197.0,214.0,129.0,34.0,-78.0,330.0,-133.0,-114.0
230.0,-179.0,161.0,221.0,97.0,-70.0,-85.0,230.0,-66.0,-194.0
239.0,-51.0,130.0,275.0,54.0,183.0,-75.0,206.0,0.0,-239.0
243.0,78.0,90.0,301.0,15.0,404.0,-28.0,210.0,40.0,-300.0
260.0,189.0,49.0,335.0,-8.0,358.0,29.0,197.0,80.0,-332.0
251.0,251.0,0.0,332.0,-9.0,258.0,60.0,-3.0,96.0,-325.0
238.0,248.0,-46.0,354.0,-3.0,356.0,3.0,3.0,117.0,-294.0
231.0,200.0,-61.0,364.0,5.0,495.0,-75.0,77.0,152.0,-269.0
190.0,87.0,-95.0,355.0,13.0,461.0,-109.0,-62.0,173.0,-258.0
167.0,-103.0,-119.0,393.0,18.0,459.0,-81.0,-105.0,185.0,-217.0
123.0,-304.0,-150.0,418.0,15.0,486.0,-110.0,-190.0,172.0,-178.0
63.0,-485.0,-157.0,406.0,3.0,436.0,-198.0,-18.0,188.0,-142.0
5.0,-674.0,-157.0,363.0,-5.0,340.0,-197.0,153.0,221.0,-119.0
-18.0,-846.0,-146.0,339.0,-19.0,323.0,-118.0,190.0,263.0,-102.0
-43.0,-916.0,-105.0,304.0,-36.0,474.0,-54.0,315.0,316.0,-108.0
-70.0,-803.0,-69.0,214.0,-54.0,489.0,-81.0,334.0,291.0,-183.0
-72.0,-482.0,-23.0,126.0,-65.0,335.0,-108.0,400.0,241.0,-219.0
-82.0,-37.0,21.0,58.0,-64.0,331.0,-77.0,238.0,196.0,-199.0
-109.0,401.0,73.0,11.0,-46.0,427.0,-13.0,40.0,137.0,-157.0
-150.0,734.0,106.0,-2.0,-9.0,423.0,15.0,-55.0,114.0,-59.0
-155.0,920.0,156.0,-27.0,34.0,302.0,-30.0,-251.0,63.0,65.0
-156.0,975.0,208.0,-96.0,77.0,173.0,-70.0,-177.0,-33.0,202.0
-137.0,846.0,254.0,-152.0,111.0,165.0,-65.0,-169.0,-47.0,290.0
-167.0,520.0,292.0,-169.0,133.0,252.0,-40.0,-212.0,16.0,302.0
-203.0,123.0,309.0,-168.0,135.0,286.0,-33.0,-184.0,59.0,287.0
-213.0,-195.0,349.0,-140.0,126.0,257.0,-44.0,-62.0,40.0,249.0
-208.0,-411.0,336.0,-135.0,116.0,268.0,-74.0,260.0,-7.0,203.0
-172.0,-592.0,342.0,-131.0,106.0,289.0,-95.0,399.0,-45.0,174.0
-190.0,-736.0,364.0,-93.0,98.0,267.0,-113.0,474.0,-82.0,162.0
-145.0,-827.0,363.0,-57.0,92.0,257.0,-163.0,441.0,-121.0,152.0
-114.0,-852.0,388.0,-3.0,89.0,229.0,-194.0,421.0,-162.0,134.0
-68.0,-774.0,396.0,36.0,84.0,208.0,-186.0,356.0,-251.0,132.0
-4.0,-592.0,426.0,50.0,69.0,146.0,-164.0,273.0,-355.0,128.0
61.0,-294.0,423.0,74.0,56.0,58.0,-143.0,393.0,-408.0,134.0
145.0,111.0,446.0,114.0,45.0,87.0,-135.0,210.0,-403.0,134.0
164.0,516.0,475.0,130.0,28.0,183.0,-116.0,90.0,-370.0,110.0
221.0,799.0,467.0,115.0,9.0,284.0,-68.0,-14.0,-358.0,88.0
242.0,936.0,514.0,101.0,-6.0,211.0,-25.0,-83.0,-357.0,41.0
269.0,1013.0,506.0,96.0,-17.0,64.0,-4.0,-24.0,-363.0,8.0
295.0,1081.0,505.0,136.0,-20.0,126.0,-3.0,-188.0,-378.0,7.0
324.0,1138.0,508.0,190.0,-26.0,208.0,0.0,-68.0,-392.0,35.0
375.0,1156.0,492.0,228.0,-32.0,77.0,1.0,53.0,-388.0,85.0
407.0,1086.0,513.0,263.0,-33.0,-78.0,-82.0,142.0,-342.0,140.0
450.0,947.0,476.0,277.0,-31.0,-59.0,-184.0,286.0,-270.0,195.0
451.0,798.0,437.0,282.0,-25.0,-12.0,-149.0,277.0,-164.0,213.0
470.0,640.0,381.0,259.0,-20.0,-47.0,-37.0,243.0,-31.0,218.0
487.0,452.0,333.0,220.0,-15.0,-118.0,7.0,144.0,91.0,206.0
477.0,285.0,268.0,202.0,-6.0,-74.0,-32.0,205.0,166.0,198.0
451.0,153.0,188.0,187.0,3.0,-89.0,-49.0,181.0,275.0,200.0
458.0,68.0,147.0,158.0,19.0,-304.0,-35.0,114.0,420.0,193.0
475.0,91.0,58.0,101.0,31.0,-393.0,-40.0,84.0,514.0,194.0
472.0,162.0,43.0,48.0,25.0,-299.0,-43.0,-1.0,595.0,194.0
473.0,115.0,-17.0,13.0,4.0,-175.0,-48.0,136.0,647.0,208.0
463.0,-75.0,-75.0,-27.0,-18.0,-260.0,-33.0,258.0,663.0,228.0
423.0,-279.0,-98.0,-18.0,-40.0,-453.0,-27.0,389.0,626.0,251.0
353.0,-427.0,-174.0,30.0,-62.0,-355.0,-40.0,304.0,518.0,273.0
279.0,-581.0,-171.0,48.0,-81.0,-141.0,-46.0,3.0,430.0,281.0
204.0,-790.0,-208.0,70.0,-98.0,-86.0,-51.0,-46.0,383.0,270.0
168.0,-1016.0,-214.0,94.0,-103.0,-135.0,-67.0,-11.0,297.0,234.0
120.0,-1185.0,-228.0,89.0,-87.0,-189.0,-104.0,192.0,227.0,207.0
69.0,-1242.0,-226.0,78.0,-60.0,-184.0,-121.0,214.0,235.0,209.0
16.0,-1180.0,-196.0,71.0,-41.0,-206.0,-137.0,7.0,217.0,206.0
0.0,-1044.0,-180.0,84.0,-39.0,-241.0,-156.0,-94.0,199.0,215.0
35.0,-905.0,-127.0,109.0,-51.0,-194.0,-166.0,-216.0,213.0,218.0
62.0,-824.0,-117.0,137.0,-72.0,-181.0,-163.0,-136.0,234.0,183.0
67.0,-776.0,-54.0,171.0,-88.0,-179.0,-160.0,-70.0,304.0,123.0
61.0,-686.0,-43.0,208.0,-94.0,-204.0,-195.0,22.0,324.0,14.0
75.0,-525.0,-36.0,273.0,-93.0,-326.0,-202.0,173.0,239.0,-82.0
93.0,-332.0,-5.0,310.0,-91.0,-320.0,-176.0,242.0,137.0,-165.0
119.0,-188.0,-21.0,300.0,-93.0,-165.0,-177.0,349.0,56.0,-276.0
127.0,-151.0,-14.0,310.0,-107.0,-114.0,-201.0,249.0,-33.0,-371.0
163.0,-189.0,-10.0,335.0,-140.0,-231.0,-204.0,229.0,-124.0,-450.0
184.0,-176.0,0.0,348.0,-184.0,-265.0,-168.0,142.0,-208.0,-513.0
195.0,-6.0,-9.0,333.0,-227.0,-147.0,-143.0,-88.0,-312.0,-582.0
194.0,302.0,4.0,313.0,-249.0,-106.0,-143.0,-162.0,-383.0,-620.0
154.0,632.0,-3.0,279.0,-238.0,-119.0,-152.0,-133.0,-392.0,-636.0
161.0,859.0,-6.0,200.0,-199.0,-88.0,-167.0,136.0,-383.0,-677.0
155.0,937.0,4.0,100.0,-134.0,-77.0,-185.0,166.0,-381.0,-722.0
140.0,913.0,16.0,6.0,-49.0,-137.0,-208.0,62.0,-372.0,-778.0
117.0,821.0,55.0,-20.0,43.0,-130.0,-241.0,-27.0,-346.0,-838.0
91.0,677.0,58.0,-33.0,129.0,-22.0,-261.0,-182.0,-314.0,-898.0
57.0,556.0,87.0,-38.0,195.0,-14.0,-263.0,-186.0,-306.0,-939.0
18.0,517.0,108.0,1.0,232.0,-97.0,-246.0,-319.0,-324.0,-936.0
-2.0,515.0,128.0,31.0,242.0,-107.0,-266.0,-352.0,-314.0,-908.0
-32.0,498.0,126.0,65.0,229.0,-37.0,-364.0,-323.0,-269.0,-873.0
-44.0,460.0,129.0,86.0,200.0,0.0,-445.0,-210.0,-197.0,-802.0
-91.0,412.0,164.0,92.0,171.0,8.0,-455.0,-27.0,-126.0,-712.0
-132.0,361.0,141.0,62.0,147.0,-25.0,-432.0,-35.0,-86.0,-633.0
-165.0,244.0,135.0,15.0,123.0,-16.0,-433.0,70.0,-74.0,-567.0
-192.0,37.0,126.0,-2.0,97.0,54.0,-436.0,64.0,-98.0,-520.0
-206.0,-161.0,126.0,-19.0,70.0,62.0,-378.0,-16.0,-136.0,-490.0
-225.0,-303.0,158.0,-11.0,49.0,47.0,-294.0,-110.0,-187.0,-469.0
-194.0,-388.0,161.0,0.0,21.0,-61.0,-268.0,-208.0,-210.0,-422.0
-189.0,-410.0,173.0,-27.0,-16.0,-181.0,-296.0,-149.0,-221.0,-361.0
-180.0,-430.0,195.0,-38.0,-49.0,-129.0,-361.0,-240.0,-283.0,-286.0
-204.0,-541.0,196.0,-14.0,-63.0,35.0,-412.0,-254.0,-345.0,-210.0
-237.0,-697.0,222.0,-11.0,-61.0,96.0,-444.0,-182.0,-362.0,-139.0
-190.0,-752.0,252.0,-13.0,-49.0,-26.0,-508.0,-12.0,-309.0,-47.0
-148.0,-704.0,237.0,-28.0,-34.0,-70.0,-521.0,157.0,-232.0,35.0
-103.0,-651.0,251.0,-62.0,-20.0,-100.0,-465.0,57.0,-134.0,112.0
-89.0,-577.0,266.0,-102.0,-5.0,-105.0,-439.0,53.0,10.0,186.0
-84.0,-380.0,228.0,-138.0,14.0,-14.0,-428.0,-94.0,122.0,251.0
-82.0,-137.0,228.0,-147.0,38.0,-2.0,-383.0,-290.0,217.0,285.0
-85.0,55.0,224.0,-133.0,57.0,-123.0,-352.0,-399.0,295.0,291.0
-63.0,242.0,143.0,-108.0,71.0,-302.0,-378.0,-473.0,334.0,286.0
-48.0,405.0,98.0,-85.0,81.0,-278.0,-392.0,-358.0,373.0,246.0
-36.0,468.0,53.0,-58.0,85.0,-225.0,-365.0,-219.0,427.0,176.0
-53.0,394.0,-4.0,-41.0,75.0,-260.0,-354.0,5.0,490.0,133.0
-68.0,200.0,-44.0,-15.0,56.0,-318.0,-367.0,-70.0,494.0,127.0
-56.0,-54.0,-70.0,33.0,37.0,-330.0,-390.0,-205.0,424.0,113.0
-23.0,-289.0,-85.0,100.0,20.0,-253.0,-381.0,-240.0,346.0,96.0
27.0,-504.0,-111.0,163.0,3.0,-318.0,-384.0,-327.0,332.0,78.0
70.0,-704.0,-99.0,225.0,-9.0,-377.0,-416.0,-169.0,375.0,72.0
109.0,-792.0,-125.0,296.0,-13.0,-407.0,-396.0,-203.0,409.0,21.0
112.0,-763.0,-134.0,346.0,-17.0,-310.0,-393.0,-105.0,438.0,-39.0
80.0,-703.0,-113.0,404.0,-23.0,-208.0,-402.0,-27.0,420.0,-83.0
52.0,-635.0,-119.0,438.0,-36.0,-364.0,-365.0,-160.0,339.0,-138.0
29.0,-509.0,-87.0,461.0,-58.0,-490.0,-302.0,-25.0,236.0,-158.0
23.0,-262.0,-75.0,477.0,-85.0,-471.0,-249.0,-16.0,153.0,-155.0
38.0,92.0,-84.0,450.0,-114.0,-377.0,-278.0,59.0,114.0,-111.0
88.0,440.0,-107.0,415.0,-134.0,-351.0,-349.0,155.0,63.0,-77.0
115.0,679.0,-95.0,368.0,-142.0,-290.0,-384.0,225.0,-7.0,-63.0
87.0,820.0,-90.0,317.0,-145.0,-200.0,-395.0,186.0,-55.0,-31.0
40.0,873.0,-119.0,249.0,-153.0,-218.0,-428.0,-16.0,-20.0,-21.0
-24.0,821.0,-101.0,180.0,-165.0,-270.0,-418.0,55.0,32.0,-11.0
-80.0,650.0,-130.0,120.0,-169.0,-304.0,-328.0,18.0,2.0,-3.0
-135.0,411.0,-150.0,66.0,-162.0,-329.0,-239.0,44.0,-38.0,6.0
-155.0,170.0,-161.0,49.0,-149.0,-406.0,-197.0,3.0,-60.0,13.0
-156.0,-55.0,-196.0,36.0,-128.0,-375.0,-241.0,-169.0,-68.0,-26.0
-158.0,-289.0,-191.0,33.0,-103.0,-324.0,-303.0,-96.0,-54.0,-75.0
-120.0,-524.0,-183.0,34.0,-82.0,-368.0,-341.0,-212.0,-30.0,-140.0
-97.0,-608.0,-166.0,20.0,-68.0,-383.0,-378.0,-234.0,0.0,-227.0
-89.0,-439.0,-138.0,20.0,-51.0,-348.0,-391.0,-169.0,18.0,-302.0
-83.0,-145.0,-115.0,28.0,-28.0,-186.0,-391.0,-90.0,19.0,-340.0
-68.0,89.0,-89.0,13.0,-3.0,-128.0,-391.0,-33.0,23.0,-352.0
-56.0,201.0,-43.0,-19.0,10.0,-258.0,-401.0,-62.0,45.0,-350.0
-67.0,221.0,-11.0,-51.0,10.0,-249.0,-378.0,44.0,73.0,-310.0
-37.0,201.0,44.0,-78.0,6.0,-225.0,-320.0,-84.0,111.0,-275.0
-11.0,119.0,75.0,-74.0,2.0,-214.0,-273.0,-195.0,170.0,-226.0
-8.0,-72.0,85.0,-50.0,-13.0,-75.0,-235.0,-288.0,215.0,-166.0
0.0,-254.0,141.0,-32.0,-36.0,-39.0,-271.0,-424.0,203.0,-120.0
0.0,-323.0,137.0,-2.0,-55.0,-133.0,-335.0,-543.0,170.0,-60.0
44.0,-346.0,166.0,-23.0,-67.0,-277.0,-367.0,-517.0,157.0,-1.0
98.0,-387.0,183.0,-89.0,-78.0,-309.0,-389.0,-129.0,133.0,55.0
144.0,-406.0,175.0,-117.0,-84.0,-83.0,-422.0,-114.0,72.0,104.0
202.0,-340.0,203.0,-126.0,-82.0,-4.0,-425.0,-153.0,0.0,118.0
232.0,-194.0,207.0,-114.0,-70.0,-187.0,-376.0,-138.0,-71.0,73.0
250.0,-1.0,221.0,-73.0,-53.0,-271.0,-359.0,-256.0,-140.0,4.0
238.0,166.0,227.0,-28.0,-31.0,-216.0,-292.0,-234.0,-182.0,-69.0
244.0,240.0,223.0,0.0,-10.0,-170.0,-209.0,-319.0,-222.0,-159.0
281.0,181.0,229.0,22.0,-3.0,-221.0,-191.0,-182.0,-253.0,-235.0
276.0,10.0,233.0,71.0,-17.0,-245.0,-176.0,-175.0,-274.0,-295.0
301.0,-170.0,195.0,103.0,-47.0,-251.0,-193.0,-356.0,-318.0,-356.0
307.0,-280.0,169.0,120.0,-74.0,-248.0,-237.0,-315.0,-350.0,-433.0
308.0,-328.0,149.0,138.0,-96.0,-143.0,-292.0,-284.0,-356.0,-483.0
319.0,-380.0,86.0,131.0,-114.0,-160.0,-310.0,-94.0,-358.0,-478.0
327.0,-436.0,58.0,130.0,-130.0,-227.0,-271.0,-36.0,-385.0,-467.0
371.0,-465.0,34.0,127.0,-144.0,-227.0,-210.0,-14.0,-394.0,-440.0
361.0,-454.0,8.0,120.0,-148.0,-132.0,-175.0,40.0,-369.0,-336.0
348.0,-361.0,-2.0,122.0,-141.0,-54.0,-209.0,-90.0,-355.0,-226.0
315.0,-219.0,-13.0,141.0,-126.0,-265.0,-226.0,-75.0,-323.0,-165.0
271.0,-91.0,-11.0,180.0,-107.0,-423.0,-197.0,-147.0,-262.0,-137.0
225.0,73.0,-15.0,207.0,-84.0,-312.0,-196.0,-269.0,-193.0,-123.0
176.0,269.0,-17.0,235.0,-58.0,-234.0,-220.0,-280.0,-159.0,-117.0
148.0,423.0,-4.0,252.0,-30.0,-325.0,-199.0,-201.0,-126.0,-121.0
72.0,478.0,-2.0,244.0,1.0,-354.0,-118.0,-120.0,-72.0,-93.0
-7.0,332.0,11.0,237.0,28.0,-245.0,-65.0,-118.0,-14.0,-56.0
-85.0,-40.0,52.0,219.0,44.0,-234.0,-107.0,-99.0,57.0,-27.0
-113.0,-499.0,67.0,192.0,56.0,-290.0,-153.0,-212.0,71.0,5.0
-151.0,-903.0,114.0,171.0,71.0,-252.0,-176.0,-138.0,53.0,61.0
-198.0,-1253.0,157.0,167.0,85.0,-200.0,-200.0,-18.0,51.0,111.0
-221.0,-1529.0,191.0,190.0,94.0,-287.0,-204.0,-3.0,77.0,95.0
-273.0,-1589.0,236.0,199.0,99.0,-473.0,-220.0,92.0,149.0,93.0
-302.0,-1383.0,255.0,160.0,97.0,-479.0,-204.0,7.0,187.0,113.0
-350.0,-1018.0,325.0,55.0,86.0,-260.0,-143.0,-92.0,192.0,112.0
-381.0,-619.0,362.0,-62.0,61.0,-308.0,-68.0,-253.0,196.0,94.0
-385.0,-240.0,381.0,-141.0,25.0,-533.0,-24.0,-308.0,183.0,85.0
-392.0,180.0,442.0,-205.0,-2.0,-535.0,-80.0,-221.0,202.0,78.0
-386.0,700.0,449.0,-235.0,-9.0,-444.0,-168.0,-290.0,239.0,30.0
-380.0,1185.0,437.0,-252.0,1.0,-369.0,-218.0,-269.0,243.0,-19.0
-364.0,1443.0,443.0,-256.0,16.0,-375.0,-250.0,-232.0,225.0,-53.0
-365.0,1494.0,445.0,-197.0,30.0,-440.0,-321.0,-96.0,212.0,-101.0
-370.0,1465.0,411.0,-124.0,48.0,-467.0,-367.0,-134.0,207.0,-158.0
-368.0,1375.0,415.0,-70.0,70.0,-457.0,-302.0,-321.0,187.0,-192.0
-392.0,1187.0,418.0,-22.0,89.0,-464.0,-163.0,-225.0,116.0,-188.0
-393.0,941.0,368.0,41.0,89.0,-480.0,-62.0,-138.0,30.0,-179.0
-379.0,773.0,359.0,103.0,69.0,-524.0,-70.0,131.0,0.0,-190.0
-378.0,703.0,326.0,121.0,47.0,-496.0,-77.0,262.0,10.0,-196.0
-381.0,566.0,278.0,133.0,41.0,-325.0,-25.0,210.0,58.0,-191.0
-403.0,270.0,257.0,141.0,46.0,-327.0,-10.0,158.0,109.0,-213.0
-402.0,-44.0,223.0,127.0,49.0,-465.0,-11.0,-158.0,81.0,-241.0
-409.0,-253.0,161.0,106.0,43.0,-473.0,-30.0,-317.0,44.0,-232.0
-404.0,-359.0,101.0,101.0,32.0,-405.0,-56.0,-495.0,49.0,-204.0
-364.0,-394.0,7.0,110.0,14.0,-351.0,-33.0,-465.0,47.0,-202.0
-283.0,-387.0,-112.0,163.0,-3.0,-292.0,3.0,-258.0,16.0,-188.0
-194.0,-305.0,-196.0,253.0,-12.0,-238.0,37.0,-206.0,-16.0,-142.0
-170.0,-116.0,-285.0,319.0,-7.0,-251.0,49.0,-112.0,-30.0,-104.0
-166.0,83.0,-348.0,373.0,8.0,-385.0,73.0,-253.0,-26.0,-64.0
-149.0,192.0,-413.0,453.0,23.0,-522.0,156.0,-266.0,-13.0,-3.0
-133.0,271.0,-474.0,543.0,33.0,-484.0,222.0,-280.0,-14.0,83.0
-124.0,358.0,-506.0,577.0,36.0,-344.0,243.0,-343.0,-2.0,126.0
-104.0,420.0,-549.0,598.0,32.0,-340.0,250.0,-306.0,33.0,139.0
-97.0,490.0,-550.0,610.0,16.0,-438.0,252.0,-365.0,86.0,193.0
-91.0,568.0,-537.0,594.0,-13.0,-405.0,259.0,-229.0,114.0,228.0
-86.0,596.0,-530.0,552.0,-51.0,-441.0,274.0,-243.0,108.0,235.0
-93.0,486.0,-476.0,444.0,-84.0,-584.0,304.0,-275.0,126.0,276.0
-115.0,245.0,-412.0,325.0,-102.0,-540.0,357.0,-238.0,167.0,353.0
-127.0,64.0,-381.0,180.0,-112.0,-460.0,416.0,-293.0,220.0,408.0
-127.0,17.0,-308.0,34.0,-109.0,-532.0,440.0,-221.0,243.0,447.0
-118.0,5.0,-233.0,-71.0,-95.0,-595.0,423.0,-336.0,235.0,506.0
-75.0,50.0,-206.0,-173.0,-78.0,-523.0,423.0,-382.0,233.0,562.0
-63.0,210.0,-135.0,-230.0,-63.0,-427.0,422.0,-406.0,228.0,559.0
-73.0,434.0,-60.0,-238.0,-58.0,-375.0,394.0,-443.0,254.0,505.0
-80.0,676.0,-9.0,-238.0,-59.0,-382.0,344.0,-330.0,284.0,448.0
-65.0,860.0,64.0,-193.0,-66.0,-423.0,295.0,-330.0,293.0,348.0
-56.0,910.0,125.0,-117.0,-82.0,-490.0,328.0,-232.0,326.0,191.0
-26.0,909.0,171.0,-55.0,-108.0,-507.0,351.0,-223.0,384.0,39.0
7.0,900.0,229.0,24.0,-126.0,-381.0,344.0,-107.0,427.0,-50.0
-15.0,788.0,282.0,99.0,-122.0,-293.0,386.0,-36.0,426.0,-129.0
-26.0,592.0,319.0,141.0,-107.0,-257.0,405.0,-251.0,392.0,-211.0
-28.0,427.0,363.0,173.0,-90.0,-262.0,369.0,-336.0,370.0,-242.0
-39.0,283.0,380.0,193.0,-80.0,-327.0,305.0,-506.0,364.0,-258.0
-85.0,51.0,359.0,184.0,-77.0,-409.0,259.0,-469.0,336.0,-299.0
-123.0,-252.0,359.0,179.0,-78.0,-476.0,272.0,-454.0,301.0,-333.0
-155.0,-521.0,319.0,185.0,-74.0,-472.0,320.0,-533.0,248.0,-331.0
-168.0,-716.0,282.0,155.0,-50.0,-480.0,293.0,-388.0,166.0,-325.0
-166.0,-820.0,246.0,152.0,-5.0,-449.0,191.0,-352.0,99.0,-328.0
-144.0,-892.0,169.0,137.0,53.0,-393.0,149.0,-301.0,59.0,-311.0
-113.0,-993.0,108.0,99.0,111.0,-300.0,150.0,-297.0,24.0,-289.0
-130.0,-1079.0,14.0,96.0,147.0,-213.0,131.0,-290.0,4.0,-288.0
-132.0,-1176.0,-73.0,58.0,157.0,-257.0,124.0,-277.0,-28.0,-284.0
-138.0,-1369.0,-157.0,77.0,150.0,-279.0,163.0,-314.0,-102.0,-267.0
-115.0,-1545.0,-260.0,153.0,136.0,-265.0,186.0,-327.0,-203.0,-222.0
-95.0,-1531.0,-325.0,226.0,119.0,-240.0,173.0,-373.0,-354.0,-147.0
-55.0,-1293.0,-385.0,297.0,91.0,-283.0,172.0,-247.0,-480.0,-76.0
-4.0,-897.0,-479.0,328.0,55.0,-343.0,162.0,-125.0,-525.0,8.0
16.0,-489.0,-546.0,359.0,17.0,-280.0,141.0,-12.0,-533.0,68.0
26.0,-173.0,-590.0,373.0,-18.0,-212.0,134.0,0.0,-516.0,86.0
10.0,91.0,-643.0,371.0,-49.0,-210.0,129.0,-210.0,-497.0,119.0
4.0,403.0,-675.0,319.0,-83.0,-244.0,85.0,-216.0,-494.0,161.0
-45.0,717.0,-672.0,239.0,-121.0,-220.0,28.0,-238.0,-475.0,178.0
-32.0,945.0,-648.0,134.0,-155.0,-196.0,34.0,-173.0,-387.0,181.0
-4.0,1087.0,-638.0,24.0,-172.0,-212.0,91.0,-16.0,-286.0,177.0
15.0,1115.0,-594.0,-56.0,-164.0,-164.0,161.0,-12.0,-216.0,140.0
32.0,1038.0,-573.0,-163.0,-146.0,-86.0,222.0,-25.0,-175.0,79.0
-33.0,867.0,-554.0,-234.0,-132.0,-129.0,271.0,-310.0,-142.0,24.0
-76.0,582.0,-480.0,-311.0,-119.0,-265.0,319.0,-395.0,-101.0,8.0
-110.0,160.0,-432.0,-371.0,-95.0,-265.0,352.0,-373.0,-77.0,2.0
-114.0,-356.0,-351.0,-396.0,-60.0,-242.0,362.0,-393.0,-44.0,28.0
-110.0,-817.0,-280.0,-411.0,-19.0,-285.0,304.0,-249.0,-20.0,104.0
-98.0,-1111.0,-241.0,-416.0,26.0,-350.0,165.0,-221.0,-28.0,200.0
-93.0,-1228.0,-190.0,-435.0,63.0,-377.0,56.0,-157.0,-3.0,295.0
-114.0,-1194.0,-154.0,-452.0,86.0,-309.0,68.0,-402.0,6.0,366.0
-146.0,-1026.0,-91.0,-468.0,98.0,-317.0,115.0,-548.0,-25.0,451.0
-200.0,-780.0,-32.0,-427.0,108.0,-279.0,122.0,-556.0,-20.0,503.0
-234.0,-522.0,12.0,-401.0,119.0,-228.0,112.0,-589.0,0.0,537.0
-262.0,-244.0,72.0,-380.0,130.0,-309.0,129.0,-618.0,-6.0,569.0
-274.0,76.0,113.0,-300.0,138.0,-423.0,134.0,-805.0,-34.0,588.0
-281.0,417.0,187.0,-214.0,131.0,-419.0,87.0,-637.0,-95.0,591.0
-270.0,701.0,230.0,-103.0,109.0,-298.0,56.0,-694.0,-153.0,556.0
-263.0,855.0,265.0,40.0,78.0,-335.0,75.0,-602.0,-155.0,540.0
-300.0,821.0,324.0,159.0,41.0,-417.0,152.0,-458.0,-119.0,501.0
-340.0,617.0,318.0,231.0,-1.0,-429.0,222.0,-606.0,-78.0,443.0
-382.0,377.0,356.0,273.0,-41.0,-416.0,260.0,-352.0,-59.0,376.0
-388.0,208.0,357.0,310.0,-66.0,-440.0,289.0,-230.0,-48.0,306.0
-370.0,27.0,314.0,335.0,-73.0,-550.0,325.0,-166.0,-35.0,255.0
-347.0,-176.0,302.0,306.0,-64.0,-593.0,383.0,-234.0,-12.0,175.0
-333.0,-260.0,284.0,322.0,-48.0,-600.0,376.0,-225.0,21.0,132.0
-331.0,-289.0,267.0,371.0,-28.0,-617.0,362.0,-77.0,17.0,109.0
-284.0,-366.0,239.0,368.0,-13.0,-562.0,384.0,-88.0,0.0,93.0
-285.0,-426.0,242.0,385.0,-7.0,-442.0,429.0,-118.0,-20.0,93.0
-303.0,-453.0,238.0,411.0,-8.0,-436.0,425.0,-269.0,-30.0,97.0
-301.0,-524.0,234.0,407.0,-3.0,-443.0,360.0,-134.0,-76.0,124.0
-309.0,-572.0,250.0,410.0,9.0,-370.0,378.0,-214.0,-164.0,130.0
-311.0,-423.0,268.0,407.0,14.0,-380.0,397.0,-308.0,-238.0,154.0
-354.0,-159.0,270.0,401.0,1.0,-420.0,357.0,-190.0,-343.0,189.0
-337.0,17.0,283.0,415.0,-23.0,-389.0,296.0,-267.0,-401.0,187.0
-325.0,20.0,306.0,377.0,-41.0,-267.0,272.0,-166.0,-376.0,159.0
-288.0,-168.0,285.0,380.0,-53.0,-205.0,297.0,-175.0,-333.0,105.0
-250.0,-409.0,302.0,394.0,-68.0,-265.0,276.0,-157.0,-313.0,59.0
-263.0,-498.0,311.0,392.0,-82.0,-248.0,271.0,-230.0,-297.0,-4.0
-287.0,-450.0,291.0,412.0,-84.0,-235.0,310.0,-339.0,-247.0,-73.0
-361.0,-393.0,293.0,356.0,-76.0,-371.0,349.0,-214.0,-202.0,-115.0
-391.0,-322.0,277.0,336.0,-62.0,-530.0,356.0,-225.0,-143.0,-157.0
-440.0,-227.0,249.0,281.0,-38.0,-513.0,324.0,-166.0,-93.0,-198.0
-407.0,-157.0,216.0,221.0,-6.0,-330.0,263.0,-254.0,-51.0,-231.0
-352.0,-86.0,164.0,214.0,34.0,-278.0,215.0,-408.0,8.0,-221.0
-343.0,32.0,129.0,195.0,73.0,-313.0,222.0,-476.0,62.0,-187.0
-353.0,218.0,90.0,178.0,99.0,-258.0,243.0,-594.0,113.0,-153.0
-415.0,499.0,21.0,145.0,114.0,-258.0,243.0,-509.0,108.0,-90.0
-426.0,781.0,-20.0,139.0,127.0,-349.0,217.0,-524.0,70.0,-32.0
-442.0,937.0,-77.0,93.0,140.0,-380.0,165.0,-630.0,49.0,-9.0
-390.0,989.0,-127.0,61.0,133.0,-265.0,151.0,-655.0,60.0,-22.0
-369.0,1000.0,-133.0,34.0,102.0,-145.0,169.0,-667.0,86.0,-56.0
-320.0,989.0,-164.0,-27.0,64.0,-141.0,115.0,-543.0,96.0,-74.0
-234.0,931.0,-204.0,-110.0,33.0,-165.0,40.0,-491.0,123.0,-98.0
-214.0,826.0,-225.0,-221.0,5.0,-176.0,27.0,-495.0,156.0,-104.0
-183.0,719.0,-257.0,-292.0,-21.0,-236.0,49.0,-491.0,179.0,-80.0
-162.0,634.0,-271.0,-381.0,-43.0,-312.0,93.0,-524.0,199.0,-74.0
-107.0,563.0,-280.0,-449.0,-67.0,-360.0,124.0,-441.0,198.0,-89.0
-89.0,484.0,-291.0,-478.0,-88.0,-329.0,137.0,-395.0,186.0,-106.0
-63.0,328.0,-270.0,-510.0,-109.0,-279.0,144.0,-376.0,212.0,-115.0
-44.0,29.0,-265.0,-485.0,-126.0,-256.0,118.0,-389.0,247.0,-135.0
-41.0,-333.0,-257.0,-435.0,-133.0,-223.0,71.0,-415.0,261.0,-154.0
-34.0,-586.0,-242.0,-387.0,-131.0,-235.0,32.0,-502.0,270.0,-160.0
-40.0,-654.0,-225.0,-284.0,-122.0,-178.0,8.0,-713.0,262.0,-163.0
-45.0,-595.0,-195.0,-195.0,-121.0,-108.0,26.0,-533.0,221.0,-170.0
-64.0,-470.0,-189.0,-124.0,-127.0,-103.0,15.0,-260.0,134.0,-185.0
-57.0,-324.0,-168.0,-41.0,-132.0,-131.0,-68.0,-66.0,50.0,-181.0
-70.0,-202.0,-162.0,-7.0,-126.0,-158.0,-123.0,42.0,-13.0,-186.0
-98.0,-154.0,-185.0,-13.0,-108.0,-127.0,-92.0,5.0,-68.0,-184.0
-162.0,-212.0,-180.0,-43.0,-85.0,-157.0,-10.0,197.0,-91.0,-148.0
-197.0,-322.0,-203.0,-71.0,-67.0,-191.0,64.0,238.0,-104.0,-115.0
-217.0,-451.0,-224.0,-110.0,-58.0,-156.0,95.0,168.0,-112.0,-74.0
-244.0,-604.0,-228.0,-134.0,-57.0,-52.0,89.0,-40.0,-121.0,-21.0
-249.0,-709.0,-258.0,-132.0,-53.0,20.0,87.0,-247.0,-162.0,52.0
-244.0,-720.0,-256.0,-155.0,-35.0,-22.0,67.0,-203.0,-186.0,117.0
-226.0,-669.0,-278.0,-179.0,-11.0,-16.0,1.0,-129.0,-168.0,151.0
-244.0,-513.0,-287.0,-193.0,5.0,34.0,-22.0,7.0,-173.0,187.0
-232.0,-206.0,-269.0,-204.0,1.0,34.0,42.0,-127.0,-195.0,219.0
-201.0,116.0,-264.0,-213.0,-19.0,-1.0,98.0,-145.0,-196.0,234.0
-150.0,327.0,-234.0,-213.0,-37.0,0.0,110.0,-84.0,-193.0,220.0
-111.0,417.0,-225.0,-222.0,-43.0,45.0,116.0,-129.0,-195.0,190.0
-88.0,412.0,-211.0,-210.0,-31.0,-35.0,139.0,-57.0,-169.0,153.0
-46.0,392.0,-194.0,-201.0,-18.0,-93.0,136.0,-166.0,-145.0,97.0
-32.0,387.0,-175.0,-186.0,-4.0,14.0,93.0,-121.0,-147.0,37.0
-25.0,343.0,-169.0,-139.0,11.0,64.0,51.0,-120.0,-123.0,3.0
-13.0,209.0,-141.0,-131.0,21.0,77.0,23.0,-188.0,-94.0,-7.0
12.0,-25.0,-149.0,-100.0,26.0,22.0,31.0,-192.0,-81.0,0.0
19.0,-266.0,-170.0,-69.0,32.0,-18.0,58.0,-181.0,-69.0,29.0
45.0,-412.0,-152.0,-43.0,56.0,12.0,87.0,-75.0,-68.0,83.0
88.0,-468.0,-200.0,13.0,100.0,-37.0,116.0,-184.0,-83.0,155.0
78.0,-491.0,-183.0,58.0,146.0,16.0,167.0,-138.0,-105.0,208.0
39.0,-501.0,-214.0,100.0,181.0,45.0,214.0,-242.0,-93.0,249.0
-7.0,-461.0,-271.0,137.0,205.0,-23.0,211.0,-428.0,-43.0,301.0
-52.0,-349.0,-263.0,184.0,217.0,-75.0,171.0,-487.0,-12.0,325.0
-98.0,-173.0,-319.0,193.0,209.0,-132.0,131.0,-735.0,-28.0,317.0
-127.0,33.0,-304.0,154.0,182.0,-144.0,158.0,-668.0,-58.0,316.0
-128.0,303.0,-308.0,112.0,144.0,-177.0,217.0,-570.0,-73.0,311.0
-137.0,685.0,-329.0,57.0,116.0,-169.0,234.0,-393.0,-50.0,281.0
-165.0,1019.0,-266.0,-1.0,96.0,-75.0,233.0,-334.0,-13.0,239.0
-216.0,1096.0,-254.0,-65.0,73.0,-29.0,194.0,-474.0,-28.0,226.0
-245.0,947.0,-247.0,-145.0,45.0,-90.0,181.0,-360.0,-50.0,232.0
-282.0,679.0,-185.0,-216.0,11.0,-171.0,252.0,-373.0,-41.0,243.0
-342.0,424.0,-159.0,-261.0,-20.0,-121.0,279.0,-266.0,-65.0,274.0
-400.0,317.0,-131.0,-290.0,-51.0,-19.0,274.0,-236.0,-90.0,314.0
-451.0,292.0,-65.0,-260.0,-76.0,9.0,287.0,-230.0,-93.0,344.0
-463.0,207.0,-24.0,-200.0,-94.0,-29.0,292.0,-175.0,-86.0,333.0
-495.0,94.0,7.0,-124.0,-100.0,-100.0,275.0,-303.0,-39.0,327.0
-510.0,55.0,46.0,-14.0,-98.0,-162.0,242.0,-271.0,20.0,325.0
-536.0,51.0,58.0,71.0,-102.0,-149.0,233.0,-351.0,63.0,280.0
-574.0,-51.0,49.0,160.0,-116.0,-33.0,215.0,-227.0,73.0,219.0
-582.0,-241.0,59.0,227.0,-132.0,-60.0,196.0,-73.0,73.0,146.0
-588.0,-363.0,44.0,231.0,-145.0,-176.0,224.0,-25.0,93.0,65.0
-540.0,-362.0,45.0,211.0,-154.0,-163.0,248.0,188.0,90.0,-27.0
-483.0,-292.0,57.0,190.0,-160.0,-137.0,254.0,110.0,58.0,-109.0
-400.0,-230.0,16.0,164.0,-162.0,-128.0,242.0,62.0,25.0,-164.0
-337.0,-272.0,27.0,146.0,-156.0,-127.0,215.0,-11.0,4.0,-219.0
-308.0,-365.0,-13.0,160.0,-137.0,-89.0,204.0,-109.0,-17.0,-276.0
-240.0,-409.0,-63.0,148.0,-103.0,-4.0,208.0,-201.0,-13.0,-307.0
-184.0,-422.0,-58.0,92.0,-57.0,8.0,235.0,-341.0,0.0,-325.0
-120.0,-369.0,-88.0,24.0,-18.0,-43.0,239.0,-288.0,-18.0,-351.0
-68.0,-179.0,-53.0,-36.0,10.0,12.0,221.0,-378.0,-20.0,-361.0
-1.0,85.0,6.0,-118.0,34.0,80.0,205.0,-225.0,-13.0,-335.0
61.0,398.0,54.0,-193.0,55.0,-18.0,190.0,-46.0,15.0,-291.0
104.0,770.0,114.0,-252.0,77.0,-47.0,213.0,-96.0,50.0,-271.0
133.0,1047.0,173.0,-316.0,91.0,39.0,265.0,-9.0,48.0,-239.0
109.0,1131.0,215.0,-363.0,99.0,79.0,324.0,-59.0,53.0,-205.0
111.0,1071.0,230.0,-399.0,102.0,-6.0,333.0,-27.0,69.0,-191.0
79.0,899.0,282.0,-415.0,106.0,-91.0,296.0,-64.0,84.0,-169.0
42.0,638.0,281.0,-437.0,110.0,-88.0,255.0,-192.0,67.0,-150.0
13.0,362.0,271.0,-433.0,105.0,-116.0,200.0,-229.0,54.0,-104.0
-3.0,210.0,270.0,-378.0,88.0,-106.0,163.0,-349.0,81.0,-75.0
-20.0,183.0,215.0,-300.0,60.0,-21.0,146.0,-341.0,117.0,-49.0
-92.0,99.0,186.0,-231.0,32.0,52.0,124.0,-399.0,138.0,-1.0
-118.0,-172.0,114.0,-193.0,-6.0,-27.0,109.0,-533.0,144.0,3.0
-159.0,-567.0,46.0,-150.0,-57.0,-125.0,91.0,-694.0,153.0,-3.0
-169.0,-859.0,15.0,-154.0,-109.0,-105.0,76.0,-774.0,141.0,-3.0
-182.0,-954.0,-43.0,-166.0,-150.0,-91.0,114.0,-600.0,123.0,-6.0
-202.0,-1007.0,-73.0,-180.0,-175.0,-158.0,162.0,-607.0,99.0,-36.0
-202.0,-1055.0,-102.0,-215.0,-198.0,-221.0,207.0,-506.0,59.0,-88.0
-234.0,-883.0,-151.0,-209.0,-213.0,-162.0,268.0,-245.0,13.0,-138.0
-210.0,-440.0,-185.0,-205.0,-211.0,-144.0,269.0,-186.0,-42.0,-181.0
-223.0,51.0,-208.0,-200.0,-187.0,-196.0,221.0,-216.0,-107.0,-222.0
-215.0,429.0,-230.0,-177.0,-140.0,-208.0,186.0,-400.0,-193.0,-271.0
-186.0,630.0,-263.0,-144.0,-87.0,-170.0,149.0,-397.0,-255.0,-278.0
-187.0,675.0,-290.0,-98.0,-41.0,-173.0,95.0,-264.0,-277.0,-281.0
-162.0,680.0,-316.0,-52.0,-5.0,-206.0,90.0,-264.0,-271.0,-283.0
-148.0,692.0,-371.0,-10.0,22.0,-187.0,101.0,-388.0,-230.0,-253.0
-106.0,598.0,-395.0,5.0,43.0,-164.0,82.0,-559.0,-168.0,-217.0
-68.0,314.0,-414.0,-14.0,52.0,-137.0,71.0,-550.0,-109.0,-179.0
-40.0,46.0,-437.0,7.0,54.0,-165.0,48.0,-593.0,-50.0,-127.0
6.0,-5.0,-415.0,44.0,54.0,-114.0,56.0,-574.0,4.0,-61.0
22.0,42.0,-430.0,31.0,56.0,-4.0,54.0,-613.0,35.0,-9.0
53.0,54.0,-426.0,11.0,53.0,-25.0,2.0,-591.0,68.0,24.0
86.0,48.0,-390.0,-22.0,48.0,-46.0,-48.0,-375.0,127.0,38.0
102.0,-25.0,-368.0,-54.0,52.0,55.0,-46.0,-267.0,163.0,47.0
121.0,-251.0,-337.0,-97.0,63.0,128.0,12.0,-57.0,152.0,34.0
110.0,-491.0,-294.0,-134.0,67.0,116.0,54.0,-134.0,145.0,0.0
128.0,-539.0,-266.0,-152.0,63.0,158.0,65.0,-195.0,159.0,-29.0
138.0,-416.0,-243.0,-199.0,66.0,166.0,43.0,-114.0,193.0,-70.0
145.0,-304.0,-203.0,-261.0,87.0,115.0,21.0,-66.0,220.0,-123.0
146.0,-293.0,-180.0,-306.0,122.0,62.0,10.0,188.0,226.0,-183.0
149.0,-270.0,-141.0,-343.0,162.0,70.0,-36.0,201.0,244.0,-228.0
142.0,-118.0,-114.0,-399.0,203.0,56.0,-61.0,192.0,243.0,-280.0
86.0,62.0,-94.0,-416.0,240.0,-106.0,-70.0,110.0,200.0,-323.0
29.0,96.0,-87.0,-382.0,266.0,-187.0,-62.0,27.0,139.0,-344.0
-33.0,60.0,-97.0,-354.0,284.0,-108.0,-3.0,29.0,82.0,-374.0
-56.0,94.0,-85.0,-318.0,301.0,2.0,49.0,-49.0,21.0,-386.0
-98.0,156.0,-112.0,-265.0,319.0,32.0,94.0,86.0,-23.0,-400.0
-151.0,159.0,-118.0,-227.0,327.0,87.0,87.0,25.0,-36.0,-400.0
-187.0,15.0,-121.0,-208.0,314.0,242.0,21.0,121.0,-50.0,-386.0
-211.0,-264.0,-152.0,-169.0,279.0,324.0,-31.0,323.0,-79.0,-359.0
-224.0,-459.0,-158.0,-155.0,232.0,318.0,-40.0,236.0,-106.0,-310.0
-252.0,-424.0,-170.0,-160.0,184.0,314.0,-26.0,234.0,-94.0,-271.0
-259.0,-292.0,-194.0,-129.0,136.0,327.0,-59.0,88.0,-21.0,-225.0
-268.0,-229.0,-201.0,-99.0,98.0,225.0,-130.0,-110.0,43.0,-191.0
-280.0,-208.0,-184.0,-41.0,71.0,41.0,-193.0,-297.0,51.0,-147.0
-315.0,-131.0,-189.0,13.0,58.0,27.0,-218.0,-334.0,47.0,-93.0
-319.0,-46.0,-179.0,79.0,56.0,63.0,-233.0,-227.0,43.0,-29.0
-325.0,-30.0,-138.0,143.0,56.0,31.0,-260.0,-168.0,37.0,42.0
-313.0,-57.0,-128.0,173.0,45.0,77.0,-219.0,-38.0,25.0,96.0
-281.0,-111.0,-97.0,206.0,15.0,111.0,-130.0,-109.0,-12.0,158.0
-264.0,-196.0,-51.0,197.0,-19.0,129.0,-98.0,-240.0,-49.0,195.0
-239.0,-289.0,-43.0,189.0,-51.0,154.0,-88.0,-447.0,-93.0,204.0
-250.0,-287.0,-12.0,162.0,-72.0,149.0,-89.0,-594.0,-141.0,233.0
-237.0,-72.0,22.0,116.0,-94.0,189.0,-132.0,-412.0,-178.0,268.0
-236.0,322.0,51.0,95.0,-124.0,160.0,-186.0,-120.0,-221.0,290.0
-236.0,708.0,82.0,75.0,-140.0,140.0,-249.0,301.0,-267.0,309.0
-220.0,898.0,115.0,77.0,-130.0,154.0,-306.0,402.0,-286.0,339.0
-184.0,844.0,122.0,78.0,-100.0,87.0,-309.0,267.0,-287.0,366.0
-136.0,743.0,116.0,58.0,-76.0,0.0,-261.0,186.0,-300.0,392.0
-112.0,734.0,103.0,22.0,-66.0,-48.0,-190.0,59.0,-308.0,426.0
-93.0,652.0,52.0,9.0,-74.0,68.0,-130.0,-35.0,-319.0,452.0
-72.0,379.0,17.0,13.0,-95.0,116.0,-135.0,-118.0,-321.0,461.0
-23.0,35.0,-40.0,9.0,-118.0,10.0,-163.0,36.0,-272.0,460.0
19.0,-210.0,-80.0,-19.0,-133.0,-45.0,-135.0,149.0,-190.0,463.0
82.0,-267.0,-123.0,-65.0,-135.0,-98.0,-85.0,262.0,-144.0,462.0
149.0,-144.0,-138.0,-109.0,-135.0,-181.0,-71.0,245.0,-139.0,420.0
224.0,7.0,-134.0,-161.0,-135.0,-206.0,-57.0,-40.0,-148.0,394.0
269.0,71.0,-161.0,-204.0,-133.0,-91.0,-26.0,-14.0,-178.0,393.0
287.0,106.0,-139.0,-259.0,-128.0,-37.0,-24.0,-166.0,-200.0,383.0
330.0,144.0,-139.0,-269.0,-127.0,-32.0,-68.0,-288.0,-243.0,382.0
354.0,124.0,-116.0,-294.0,-141.0,55.0,-124.0,-251.0,-332.0,390.0
386.0,66.0,-105.0,-338.0,-162.0,103.0,-134.0,-308.0,-403.0,400.0
384.0,104.0,-63.0,-316.0,-178.0,14.0,-108.0,-116.0,-482.0,384.0
404.0,259.0,-26.0,-278.0,-175.0,-81.0,-62.0,-83.0,-564.0,374.0
428.0,396.0,-14.0,-208.0,-159.0,-41.0,-2.0,11.0,-605.0,390.0
391.0,440.0,22.0,-155.0,-120.0,58.0,84.0,48.0,-612.0,373.0
344.0,430.0,-5.0,-144.0,-68.0,126.0,201.0,-121.0,-564.0,334.0
304.0,329.0,-12.0,-156.0,-25.0,100.0,257.0,-275.0,-494.0,305.0
306.0,8.0,-43.0,-208.0,-8.0,133.0,282.0,-509.0,-426.0,244.0
290.0,-488.0,-60.0,-256.0,-16.0,183.0,299.0,-310.0,-363.0,163.0
279.0,-909.0,-68.0,-290.0,-32.0,180.0,308.0,-120.0,-307.0,86.0
296.0,-1060.0,-66.0,-321.0,-47.0,189.0,329.0,94.0,-263.0,13.0
279.0,-927.0,-46.0,-330.0,-58.0,191.0,315.0,410.0,-208.0,-62.0
251.0,-622.0,-79.0,-316.0,-66.0,246.0,306.0,284.0,-124.0,-137.0
223.0,-352.0,-56.0,-252.0,-65.0,243.0,282.0,155.0,-31.0,-188.0
206.0,-222.0,-71.0,-185.0,-54.0,227.0,218.0,-169.0,52.0,-230.0
211.0,-119.0,-74.0,-127.0,-45.0,294.0,159.0,-504.0,88.0,-273.0
225.0,54.0,-36.0,-44.0,-47.0,338.0,140.0,-556.0,82.0,-321.0
242.0,228.0,-24.0,0.0,-54.0,271.0,184.0,-452.0,73.0,-318.0
223.0,267.0,9.0,72.0,-56.0,193.0,261.0,-203.0,94.0,-314.0
192.0,185.0,44.0,111.0,-50.0,123.0,327.0,3.0,143.0,-356.0
151.0,161.0,58.0,72.0,-36.0,60.0,327.0,251.0,194.0,-384.0
87.0,248.0,78.0,25.0,-12.0,83.0,294.0,206.0,225.0,-419.0
34.0,314.0,112.0,-71.0,27.0,102.0,267.0,0.0,241.0,-451.0
-3.0,214.0,77.0,-190.0,73.0,91.0,252.0,-171.0,275.0,-478.0
-20.0,-7.0,122.0,-300.0,103.0,18.0,249.0,-291.0,280.0,-488.0
-55.0,-139.0,116.0,-387.0,104.0,84.0,198.0,-151.0,280.0,-473.0
-83.0,-138.0,91.0,-476.0,73.0,218.0,138.0,-38.0,316.0,-462.0
-125.0,-105.0,123.0,-536.0,27.0,187.0,105.0,90.0,354.0,-433.0
-175.0,-88.0,69.0,-535.0,-24.0,131.0,95.0,160.0,394.0,-389.0
-194.0,-115.0,58.0,-509.0,-74.0,201.0,109.0,262.0,413.0,-345.0
-221.0,-175.0,37.0,-440.0,-100.0,385.0,121.0,347.0,407.0,-296.0
-222.0,-141.0,20.0,-369.0,-101.0,408.0,132.0,173.0,383.0,-233.0
-210.0,-9.0,-4.0,-294.0,-89.0,298.0,134.0,81.0,338.0,-175.0
-184.0,96.0,-17.0,-198.0,-84.0,269.0,141.0,20.0,288.0,-131.0
-184.0,180.0,-49.0,-117.0,-83.0,334.0,123.0,55.0,260.0,-112.0
-179.0,268.0,-75.0,-32.0,-67.0,379.0,48.0,179.0,225.0,-109.0
-156.0,335.0,-81.0,20.0,-29.0,385.0,-32.0,397.0,165.0,-138.0
-160.0,369.0,-119.0,34.0,30.0,402.0,-82.0,561.0,129.0,-203.0
-150.0,379.0,-96.0,27.0,110.0,389.0,-65.0,432.0,126.0,-265.0
-129.0,390.0,-112.0,-19.0,211.0,361.0,-20.0,473.0,152.0,-333.0
-75.0,434.0,-117.0,-37.0,315.0,302.0,6.0,406.0,180.0,-379.0
-46.0,467.0,-101.0,-39.0,387.0,257.0,2.0,266.0,204.0,-414.0
-24.0,374.0,-105.0,-43.0,405.0,239.0,-11.0,206.0,263.0,-432.0
4.0,169.0,-113.0,-3.0,390.0,219.0,-21.0,36.0,332.0,-420.0
0.0,-54.0,-97.0,44.0,366.0,265.0,-37.0,142.0,366.0,-401.0
30.0,-261.0,-73.0,118.0,339.0,334.0,-9.0,242.0,376.0,-365.0
92.0,-396.0,-64.0,196.0,302.0,336.0,7.0,332.0,343.0,-323.0
146.0,-419.0,-52.0,289.0,253.0,373.0,-7.0,360.0,269.0,-260.0
178.0,-388.0,-56.0,365.0,204.0,464.0,-45.0,223.0,223.0,-200.0
212.0,-381.0,-59.0,358.0,154.0,427.0,-114.0,286.0,177.0,-126.0
275.0,-386.0,-67.0,384.0,103.0,300.0,-118.0,299.0,100.0,-30.0
313.0,-411.0,-92.0,394.0,60.0,277.0,-89.0,349.0,74.0,38.0
328.0,-532.0,-114.0,369.0,32.0,324.0,-98.0,341.0,139.0,93.0
362.0,-611.0,-119.0,339.0,22.0,346.0,-116.0,297.0,179.0,150.0
393.0,-430.0,-144.0,267.0,23.0,313.0,-107.0,384.0,145.0,224.0
439.0,-17.0,-131.0,198.0,24.0,295.0,-122.0,400.0,169.0,273.0
487.0,464.0,-142.0,107.0,17.0,375.0,-149.0,541.0,204.0,318.0
504.0,868.0,-146.0,41.0,4.0,394.0,-141.0,539.0,146.0,393.0
508.0,1101.0,-131.0,-27.0,-12.0,307.0,-105.0,476.0,124.0,454.0
529.0,1107.0,-157.0,-100.0,-29.0,284.0,-67.0,458.0,130.0,511.0
556.0,993.0,-156.0,-129.0,-39.0,265.0,-70.0,242.0,28.0,582.0
565.0,937.0,-174.0,-188.0,-35.0,174.0,-67.0,147.0,11.0,644.0
554.0,969.0,-162.0,-208.0,-8.0,103.0,-68.0,157.0,-33.0,706.0
517.0,1040.0,-190.0,-211.0,32.0,177.0,-26.0,262.0,-272.0,761.0
492.0,1092.0,-220.0,-228.0,79.0,259.0,17.0,315.0,-285.0,811.0
492.0,1080.0,-233.0,-256.0,114.0,202.0,6.0,351.0,-143.0,850.0
526.0,957.0,-308.0,-304.0,120.0,198.0,3.0,413.0,-196.0,832.0
554.0,727.0,-355.0,-321.0,104.0,230.0,-38.0,400.0,-231.0,777.0
531.0,454.0,-382.0,-349.0,89.0,231.0,-107.0,530.0,-217.0,725.0
501.0,154.0,-413.0,-363.0,79.0,214.0,-214.0,485.0,-302.0,673.0
474.0,-150.0,-442.0,-340.0,57.0,255.0,-292.0,517.0,-345.0,615.0
468.0,-479.0,-424.0,-290.0,14.0,329.0,-328.0,572.0,-329.0,548.0
488.0,-832.0,-447.0,-233.0,-48.0,275.0,-366.0,521.0,-347.0,478.0
529.0,-1081.0,-460.0,-203.0,-120.0,211.0,-386.0,637.0,-344.0,390.0
542.0,-1190.0,-417.0,-207.0,-195.0,210.0,-410.0,546.0,-273.0,290.0
481.0,-1298.0,-421.0,-224.0,-260.0,251.0,-365.0,497.0,-113.0,220.0
429.0,-1438.0,-393.0,-248.0,-299.0,254.0,-277.0,461.0,-103.0,156.0
379.0,-1486.0,-340.0,-280.0,-310.0,251.0,-225.0,436.0,-271.0,121.0
335.0,-1407.0,-297.0,-285.0,-305.0,312.0,-208.0,454.0,-192.0,129.0
319.0,-1285.0,-239.0,-300.0,-293.0,315.0,-198.0,315.0,-75.0,144.0
295.0,-1175.0,-198.0,-291.0,-272.0,304.0,-175.0,234.0,-26.0,153.0
276.0,-1103.0,-146.0,-305.0,-232.0,306.0,-152.0,114.0,123.0,127.0
225.0,-1076.0,-82.0,-304.0,-167.0,242.0,-163.0,168.0,85.0,92.0
184.0,-988.0,-29.0,-237.0,-96.0,127.0,-171.0,253.0,10.0,37.0
120.0,-691.0,29.0,-192.0,-41.0,64.0,-140.0,363.0,79.0,-38.0
19.0,-218.0,77.0,-102.0,-4.0,94.0,-148.0,606.0,67.0,-121.0
-43.0,236.0,113.0,-6.0,17.0,121.0,-204.0,578.0,57.0,-184.0
-117.0,541.0,173.0,59.0,36.0,139.0,-233.0,672.0,175.0,-223.0
-155.0,713.0,238.0,141.0,47.0,179.0,-213.0,676.0,256.0,-263.0
-179.0,819.0,251.0,201.0,43.0,254.0,-153.0,593.0,335.0,-284.0
-173.0,860.0,326.0,233.0,24.0,259.0,-87.0,702.0,403.0,-287.0
-174.0,758.0,397.0,255.0,-6.0,193.0,-29.0,594.0,221.0,-261.0
-186.0,464.0,415.0,281.0,-35.0,229.0,17.0,574.0,60.0,-242.0
-159.0,65.0,483.0,311.0,-55.0,321.0,-4.0,495.0,92.0,-225.0
-184.0,-233.0,483.0,335.0,-57.0,386.0,-26.0,332.0,134.0,-217.0
-166.0,-321.0,497.0,352.0,-40.0,380.0,10.0,293.0,173.0,-252.0
-156.0,-282.0,520.0,355.0,-12.0,417.0,66.0,363.0,212.0,-281.0
-140.0,-184.0,522.0,343.0,14.0,487.0,132.0,565.0,218.0,-280.0
-130.0,12.0,532.0,311.0,30.0,487.0,146.0,569.0,154.0,-250.0
-145.0,289.0,479.0,234.0,51.0,502.0,82.0,694.0,97.0,-204.0
-109.0,500.0,493.0,199.0,77.0,490.0,-25.0,737.0,80.0,-125.0
-103.0,555.0,449.0,183.0,92.0,452.0,-73.0,639.0,73.0,-23.0
-41.0,513.0,405.0,104.0,96.0,439.0,-50.0,626.0,118.0,70.0
-17.0,451.0,418.0,56.0,96.0,469.0,-33.0,441.0,261.0,155.0
27.0,413.0,349.0,28.0,95.0,555.0,-28.0,541.0,410.0,217.0
88.0,456.0,365.0,33.0,93.0,585.0,-43.0,670.0,405.0,244.0
101.0,562.0,354.0,78.0,89.0,576.0,-28.0,679.0,355.0,221.0
148.0,615.0,333.0,89.0,72.0,602.0,9.0,753.0,401.0,175.0
151.0,581.0,343.0,138.0,37.0,519.0,23.0,783.0,492.0,142.0
186.0,489.0,313.0,198.0,11.0,310.0,-12.0,798.0,567.0,125.0
211.0,334.0,288.0,221.0,5.0,202.0,-69.0,735.0,636.0,83.0
253.0,70.0,245.0,235.0,3.0,239.0,-82.0,875.0,691.0,27.0
300.0,-263.0,196.0,232.0,-1.0,295.0,-45.0,846.0,749.0,-18.0
354.0,-522.0,148.0,195.0,-15.0,332.0,16.0,777.0,725.0,-53.0
422.0,-674.0,97.0,140.0,-30.0,415.0,62.0,757.0,654.0,-54.0
436.0,-758.0,16.0,107.0,-29.0,518.0,91.0,642.0,644.0,-26.0
462.0,-700.0,-15.0,95.0,-13.0,488.0,40.0,861.0,630.0,23.0
464.0,-436.0,-78.0,79.0,8.0,398.0,-32.0,855.0,700.0,63.0
490.0,-74.0,-141.0,63.0,31.0,452.0,-41.0,861.0,724.0,103.0
501.0,214.0,-145.0,63.0,53.0,578.0,-17.0,909.0,618.0,146.0
520.0,393.0,-175.0,54.0,67.0,577.0,35.0,672.0,501.0,148.0
571.0,554.0,-191.0,43.0,69.0,505.0,63.0,572.0,432.0,126.0
621.0,758.0,-169.0,10.0,71.0,422.0,69.0,526.0,383.0,79.0
686.0,955.0,-185.0,-35.0,82.0,373.0,69.0,650.0,216.0,40.0
709.0,1035.0,-223.0,-69.0,104.0,422.0,67.0,707.0,101.0,23.0
732.0,978.0,-180.0,-92.0,123.0,461.0,60.0,718.0,49.0,-27.0
735.0,893.0,-203.0,-107.0,127.0,528.0,32.0,729.0,-136.0,-64.0
731.0,828.0,-176.0,-108.0,115.0,508.0,-28.0,637.0,-227.0,-100.0
756.0,758.0,-187.0,-74.0,98.0,467.0,-115.0,667.0,-242.0,-155.0
779.0,684.0,-226.0,-19.0,89.0,527.0,-132.0,567.0,-461.0,-203.0
793.0,570.0,-204.0,64.0,81.0,509.0,-105.0,622.0,-618.0,-239.0
767.0,356.0,-236.0,117.0,79.0,501.0,-88.0,670.0,-558.0,-226.0
734.0,8.0,-172.0,141.0,86.0,497.0,-98.0,689.0,-531.0,-201.0
720.0,-413.0,-196.0,180.0,90.0,568.0,-141.0,905.0,-497.0,-168.0
678.0,-698.0,-122.0,206.0,87.0,613.0,-139.0,881.0,-366.0,-151.0
615.0,-721.0,-96.0,199.0,64.0,475.0,-141.0,958.0,-304.0,-186.0
531.0,-591.0,-108.0,169.0,29.0,373.0,-177.0,949.0,-221.0,-232.0
472.0,-408.0,-2.0,142.0,-13.0,320.0,-172.0,827.0,-39.0,-268.0
405.0,-213.0,-23.0,124.0,-60.0,342.0,-130.0,794.0,23.0,-281.0
347.0,-99.0,59.0,100.0,-99.0,340.0,-115.0,748.0,83.0,-273.0
340.0,-93.0,70.0,46.0,-116.0,294.0,-143.0,888.0,242.0,-228.0
309.0,-112.0,113.0,-16.0,-101.0,362.0,-144.0,835.0,322.0,-150.0
328.0,-65.0,136.0,-21.0,-62.0,400.0,-148.0,720.0,358.0,-65.0
319.0,79.0,166.0,17.0,-12.0,378.0,-180.0,618.0,472.0,-18.0
295.0,255.0,233.0,51.0,24.0,309.0,-194.0,572.0,469.0,11.0
248.0,332.0,197.0,86.0,28.0,282.0,-187.0,663.0,305.0,66.0
216.0,256.0,274.0,125.0,-7.0,283.0,-173.0,602.0,267.0,115.0
267.0,97.0,238.0,165.0,-59.0,229.0,-169.0,702.0,298.0,145.0
297.0,-24.0,250.0,212.0,-99.0,244.0,-171.0,770.0,242.0,175.0
321.0,-44.0,271.0,256.0,-118.0,219.0,-210.0,803.0,195.0,211.0
323.0,-52.0,234.0,308.0,-115.0,193.0,-299.0,748.0,147.0,241.0
365.0,-185.0,293.0,349.0,-105.0,197.0,-395.0,589.0,-16.0,290.0
371.0,-396.0,283.0,416.0,-104.0,252.0,-437.0,654.0,-180.0,342.0
368.0,-590.0,321.0,478.0,-110.0,363.0,-441.0,550.0,-244.0,385.0
390.0,-773.0,379.0,462.0,-107.0,375.0,-432.0,509.0,-255.0,383.0
397.0,-899.0,406.0,475.0,-95.0,399.0,-408.0,515.0,-271.0,361.0
420.0,-899.0,429.0,476.0,-80.0,423.0,-369.0,528.0,-329.0,368.0
430.0,-861.0,428.0,417.0,-62.0,407.0,-324.0,663.0,-346.0,336.0
413.0,-869.0,432.0,362.0,-40.0,324.0,-282.0,567.0,-311.0,263.0
346.0,-866.0,423.0,261.0,-20.0,270.0,-268.0,554.0,-286.0,155.0
334.0,-811.0,442.0,150.0,-4.0,313.0,-346.0,543.0,-276.0,57.0
324.0,-687.0,453.0,51.0,10.0,297.0,-446.0,506.0,-246.0,-13.0
331.0,-498.0,461.0,-24.0,16.0,323.0,-467.0,408.0,-262.0,-87.0
327.0,-282.0,461.0,-121.0,20.0,417.0,-433.0,325.0,-285.0,-152.0
280.0,-42.0,444.0,-224.0,38.0,480.0,-386.0,448.0,-182.0,-200.0
216.0,167.0,457.0,-242.0,64.0,415.0,-339.0,367.0,-43.0,-194.0
102.0,272.0,442.0,-242.0,84.0,335.0,-272.0,434.0,25.0,-128.0
6.0,309.0,421.0,-245.0,100.0,334.0,-215.0,471.0,9.0,-53.0
-84.0,288.0,421.0,-230.0,127.0,327.0,-186.0,478.0,8.0,-15.0
-127.0,205.0,423.0,-181.0,151.0,340.0,-212.0,646.0,33.0,38.0
-142.0,186.0,388.0,-119.0,154.0,273.0,-233.0,513.0,18.0,93.0
-184.0,305.0,371.0,-55.0,147.0,279.0,-225.0,563.0,-3.0,105.0
-253.0,471.0,373.0,-37.0,151.0,331.0,-231.0,618.0,11.0,74.0
-311.0,570.0,341.0,-50.0,167.0,241.0,-183.0,589.0,67.0,-13.0
-377.0,638.0,349.0,-86.0,180.0,243.0,-124.0,628.0,68.0,-93.0
-429.0,705.0,365.0,-110.0,181.0,240.0,-84.0,546.0,61.0,-166.0
-405.0,694.0,382.0,-75.0,171.0,154.0,-68.0,617.0,48.0,-227.0
-345.0,596.0,383.0,-83.0,165.0,107.0,-82.0,495.0,49.0,-279.0
-284.0,414.0,386.0,-109.0,161.0,98.0,-84.0,399.0,140.0,-351.0
-248.0,217.0,372.0,-117.0,156.0,139.0,-50.0,341.0,183.0,-403.0
-185.0,127.0,330.0,-127.0,156.0,89.0,24.0,147.0,182.0,-402.0
-156.0,189.0,335.0,-118.0,162.0,98.0,75.0,155.0,161.0,-359.0
-146.0,290.0,297.0,-83.0,173.0,136.0,81.0,142.0,87.0,-333.0
-105.0,282.0,263.0,-38.0,182.0,39.0,44.0,245.0,-54.0,-280.0
-53.0,164.0,209.0,32.0,181.0,47.0,11.0,343.0,-197.0,-170.0
0.0,-12.0,163.0,124.0,166.0,154.0,10.0,393.0,-235.0,-49.0
81.0,-168.0,121.0,206.0,151.0,191.0,-6.0,450.0,-180.0,59.0
200.0,-246.0,77.0,296.0,154.0,64.0,-10.0,497.0,-55.0,143.0
305.0,-262.0,114.0,408.0,156.0,43.0,5.0,729.0,24.0,183.0
379.0,-266.0,56.0,466.0,146.0,116.0,5.0,759.0,17.0,175.0
415.0,-330.0,30.0,484.0,131.0,87.0,-24.0,700.0,-51.0,174.0
440.0,-447.0,7.0,503.0,122.0,40.0,-41.0,548.0,-73.0,193.0
473.0,-516.0,-60.0,489.0,113.0,-25.0,-12.0,487.0,-33.0,202.0
542.0,-474.0,-77.0,445.0,86.0,48.0,23.0,589.0,-57.0,200.0
601.0,-365.0,-63.0,395.0,43.0,62.0,10.0,458.0,-20.0,222.0
645.0,-267.0,-42.0,372.0,-2.0,-73.0,-38.0,454.0,34.0,269.0
680.0,-174.0,-42.0,367.0,-44.0,-73.0,-82.0,400.0,-8.0,279.0
720.0,-47.0,-10.0,386.0,-85.0,-34.0,-112.0,410.0,-56.0,239.0
767.0,44.0,-30.0,387.0,-131.0,-51.0,-110.0,528.0,-157.0,203.0
735.0,27.0,-31.0,429.0,-173.0,-84.0,-82.0,535.0,-267.0,187.0
690.0,-59.0,-19.0,457.0,-201.0,-73.0,-48.0,554.0,-259.0,157.0
642.0,-131.0,4.0,453.0,-206.0,8.0,-49.0,469.0,-214.0,97.0
650.0,-134.0,20.0,497.0,-188.0,-23.0,-61.0,489.0,-235.0,11.0
678.0,-66.0,31.0,522.0,-161.0,-81.0,-52.0,502.0,-285.0,-64.0
686.0,108.0,64.0,577.0,-134.0,-32.0,-42.0,624.0,-325.0,-110.0
684.0,456.0,33.0,648.0,-112.0,-47.0,-17.0,707.0,-356.0,-119.0
623.0,859.0,91.0,709.0,-100.0,-66.0,24.0,565.0,-363.0,-96.0
535.0,1127.0,107.0,738.0,-101.0,-39.0,69.0,545.0,-342.0,-23.0
419.0,1287.0,119.0,754.0,-106.0,12.0,63.0,369.0,-271.0,103.0
331.0,1385.0,174.0,781.0,-104.0,2.0,45.0,254.0,-168.0,254.0
309.0,1376.0,188.0,799.0,-94.0,-70.0,110.0,205.0,-68.0,402.0
342.0,1274.0,241.0,806.0,-80.0,-68.0,210.0,81.0,2.0,460.0
362.0,1127.0,241.0,723.0,-60.0,-61.0,282.0,72.0,37.0,451.0
337.0,927.0,270.0,602.0,-40.0,-62.0,322.0,59.0,94.0,502.0
277.0,641.0,289.0,467.0,-26.0,-33.0,331.0,266.0,191.0,597.0
198.0,290.0,313.0,287.0,-25.0,73.0,324.0,369.0,301.0,684.0
163.0,-34.0,347.0,109.0,-33.0,85.0,316.0,339.0,401.0,755.0
195.0,-267.0,352.0,-48.0,-44.0,-23.0,253.0,356.0,403.0,802.0
291.0,-394.0,361.0,-176.0,-53.0,-35.0,157.0,168.0,272.0,834.0
353.0,-397.0,324.0,-224.0,-64.0,-34.0,85.0,140.0,153.0,840.0
356.0,-381.0,324.0,-228.0,-78.0,-25.0,3.0,84.0,103.0,829.0
317.0,-533.0,316.0,-233.0,-92.0,-14.0,-35.0,9.0,58.0,815.0
283.0,-828.0,275.0,-207.0,-99.0,73.0,-40.0,83.0,-46.0,789.0
283.0,-1075.0,283.0,-159.0,-101.0,200.0,-32.0,59.0,-189.0,764.0
305.0,-1191.0,296.0,-81.0,-90.0,183.0,21.0,147.0,-200.0,760.0
346.0,-1210.0,282.0,-5.0,-58.0,189.0,57.0,136.0,-187.0,759.0
390.0,-1099.0,293.0,88.0,-13.0,275.0,74.0,149.0,-302.0,718.0
395.0,-860.0,291.0,169.0,30.0,291.0,74.0,327.0,-389.0,681.0
310.0,-577.0,253.0,190.0,61.0,199.0,70.0,480.0,-416.0,709.0
201.0,-351.0,223.0,206.0,77.0,206.0,68.0,650.0,-369.0,734.0
137.0,-215.0,224.0,211.0,88.0,292.0,60.0,744.0,-314.0,680.0
126.0,-79.0,195.0,203.0,100.0,270.0,30.0,873.0,-328.0,608.0
118.0,23.0,187.0,155.0,98.0,182.0,12.0,868.0,-314.0,547.0
106.0,-4.0,197.0,76.0,77.0,202.0,29.0,811.0,-282.0,455.0
103.0,-107.0,140.0,-6.0,44.0,336.0,17.0,672.0,-195.0,333.0
56.0,-158.0,131.0,-71.0,6.0,261.0,8.0,460.0,-78.0,179.0
-27.0,-141.0,70.0,-111.0,-31.0,149.0,28.0,434.0,13.0,55.0
-141.0,-162.0,-3.0,-164.0,-78.0,191.0,59.0,267.0,109.0,-40.0
-233.0,-226.0,-71.0,-215.0,-121.0,301.0,74.0,208.0,144.0,-143.0
-277.0,-253.0,-164.0,-270.0,-137.0,374.0,67.0,203.0,177.0,-226.0
-317.0,-205.0,-235.0,-303.0,-122.0,260.0,76.0,247.0,254.0,-316.0
-333.0,-91.0,-333.0,-307.0,-89.0,281.0,71.0,386.0,320.0,-405.0
-314.0,49.0,-392.0,-302.0,-49.0,319.0,70.0,314.0,331.0,-476.0
-272.0,243.0,-453.0,-283.0,-8.0,181.0,72.0,395.0,362.0,-527.0
-250.0,444.0,-506.0,-262.0,28.0,146.0,60.0,402.0,433.0,-587.0
-275.0,560.0,-545.0,-227.0,49.0,196.0,39.0,393.0,413.0,-651.0
-317.0,640.0,-522.0,-202.0,58.0,252.0,-6.0,391.0,336.0,-670.0
-315.0,758.0,-486.0,-200.0,69.0,212.0,-65.0,267.0,243.0,-658.0
-249.0,895.0,-443.0,-137.0,78.0,141.0,-104.0,328.0,153.0,-629.0
-217.0,993.0,-368.0,-76.0,75.0,130.0,-128.0,328.0,120.0,-595.0
-216.0,995.0,-341.0,-55.0,61.0,133.0,-137.0,378.0,108.0,-546.0
-204.0,826.0,-283.0,-13.0,53.0,157.0,-100.0,334.0,67.0,-523.0
-166.0,554.0,-274.0,-2.0,50.0,28.0,-83.0,236.0,24.0,-538.0
-107.0,297.0,-240.0,-34.0,47.0,-118.0,-84.0,267.0,-24.0,-548.0
-63.0,45.0,-193.0,-55.0,50.0,-70.0,-88.0,186.0,-92.0,-540.0
3.0,-223.0,-154.0,-32.0,55.0,76.0,-94.0,151.0,-133.0,-516.0
65.0,-464.0,-76.0,16.0,64.0,160.0,-18.0,73.0,-149.0,-498.0
74.0,-587.0,-50.0,92.0,64.0,22.0,71.0,86.0,-149.0,-435.0
42.0,-540.0,30.0,120.0,42.0,-45.0,91.0,77.0,-231.0,-331.0
15.0,-373.0,75.0,110.0,7.0,84.0,49.0,68.0,-316.0,-264.0
55.0,-229.0,109.0,150.0,-16.0,155.0,-6.0,171.0,-307.0,-221.0
115.0,-204.0,138.0,190.0,-16.0,95.0,-42.0,1.0,-279.0,-157.0
141.0,-279.0,116.0,180.0,-3.0,-64.0,-79.0,-40.0,-246.0,-95.0
153.0,-345.0,136.0,145.0,15.0,-158.0,-126.0,-157.0,-259.0,-70.0
153.0,-295.0,150.0,149.0,42.0,-213.0,-169.0,-284.0,-242.0,-44.0
138.0,-228.0,209.0,177.0,73.0,-289.0,-206.0,-242.0,-260.0,-29.0
114.0,-314.0,223.0,204.0,97.0,-231.0,-239.0,-373.0,-296.0,-35.0
85.0,-509.0,219.0,230.0,102.0,-132.0,-261.0,-325.0,-227.0,-28.0
74.0,-634.0,221.0,262.0,77.0,-171.0,-269.0,-406.0,-128.0,10.0
93.0,-631.0,176.0,306.0,30.0,-264.0,-255.0,-410.0,-54.0,67.0
122.0,-605.0,183.0,365.0,-23.0,-239.0,-266.0,-330.0,-84.0,110.0
110.0,-643.0,152.0,412.0,-78.0,-164.0,-274.0,-332.0,-114.0,167.0
52.0,-738.0,111.0,432.0,-121.0,-198.0,-280.0,-44.0,-67.0,272.0
8.0,-814.0,62.0,429.0,-141.0,-299.0,-326.0,-20.0,-32.0,365.0
3.0,-767.0,42.0,380.0,-135.0,-338.0,-383.0,3.0,-22.0,346.0
0.0,-538.0,26.0,339.0,-108.0,-390.0,-437.0,46.0,-42.0,262.0
1.0,-194.0,-20.0,310.0,-74.0,-467.0,-429.0,-68.0,-92.0,225.0
7.0,91.0,-19.0,266.0,-42.0,-489.0,-356.0,-51.0,-100.0,205.0
25.0,263.0,-82.0,227.0,-24.0,-331.0,-292.0,-109.0,-76.0,172.0
28.0,390.0,-99.0,204.0,-19.0,-54.0,-297.0,-195.0,-124.0,156.0
-11.0,502.0,-121.0,206.0,-19.0,9.0,-330.0,-388.0,-193.0,173.0
-40.0,587.0,-135.0,203.0,-8.0,-52.0,-343.0,-443.0,-247.0,192.0
-36.0,607.0,-114.0,170.0,21.0,-106.0,-339.0,-437.0,-221.0,208.0
-6.0,530.0,-134.0,117.0,57.0,-172.0,-296.0,-484.0,-161.0,232.0
22.0,431.0,-90.0,58.0,82.0,-198.0,-275.0,-319.0,-180.0,239.0
63.0,426.0,-88.0,-11.0,79.0,-153.0,-271.0,-219.0,-230.0,222.0
90.0,508.0,-55.0,-96.0,45.0,-152.0,-236.0,-88.0,-296.0,220.0
96.0,531.0,-15.0,-164.0,-4.0,-290.0,-221.0,-92.0,-291.0,236.0
73.0,355.0,11.0,-225.0,-49.0,-278.0,-192.0,-123.0,-234.0,239.0
42.0,-3.0,46.0,-280.0,-72.0,-79.0,-157.0,-75.0,-166.0,231.0
39.0,-407.0,64.0,-294.0,-73.0,-35.0,-152.0,-194.0,-101.0,257.0
35.0,-671.0,109.0,-306.0,-56.0,-172.0,-155.0,-206.0,-110.0,329.0
70.0,-674.0,88.0,-309.0,-29.0,-210.0,-160.0,-371.0,-92.0,375.0
71.0,-518.0,115.0,-272.0,0.0,-74.0,-169.0,-419.0,-36.0,386.0
28.0,-411.0,112.0,-230.0,20.0,18.0,-176.0,-419.0,30.0,404.0
-53.0,-408.0,66.0,-212.0,23.0,-66.0,-166.0,-543.0,118.0,419.0
-139.0,-367.0,49.0,-213.0,7.0,-82.0,-139.0,-498.0,165.0,437.0
-166.0,-198.0,-14.0,-167.0,-14.0,-3.0,-122.0,-558.0,247.0,480.0
-185.0,54.0,-53.0,-114.0,-34.0,-18.0,-130.0,-493.0,382.0,557.0
-179.0,370.0,-78.0,-91.0,-43.0,93.0,-165.0,-473.0,481.0,631.0
-184.0,763.0,-122.0,-100.0,-42.0,209.0,-204.0,-413.0,500.0,651.0
-165.0,1191.0,-131.0,-152.0,-42.0,191.0,-199.0,-343.0,456.0,654.0
-158.0,1555.0,-131.0,-169.0,-51.0,202.0,-154.0,-380.0,423.0,658.0
-164.0,1776.0,-162.0,-159.0,-62.0,152.0,-100.0,-199.0,422.0,639.0
-178.0,1780.0,-159.0,-167.0,-64.0,60.0,-31.0,-201.0,437.0,618.0
-224.0,1646.0,-163.0,-186.0,-52.0,-52.0,7.0,-229.0,427.0,591.0
-244.0,1568.0,-192.0,-217.0,-27.0,-117.0,23.0,-367.0,390.0,534.0
-233.0,1599.0,-168.0,-228.0,-7.0,62.0,36.0,-500.0,364.0,432.0
-145.0,1661.0,-163.0,-198.0,-4.0,202.0,36.0,-456.0,328.0,316.0
-74.0,1624.0,-162.0,-128.0,-7.0,117.0,52.0,-607.0,224.0,213.0
-58.0,1467.0,-114.0,-49.0,-12.0,52.0,17.0,-537.0,106.0,107.0
-93.0,1260.0,-104.0,28.0,-17.0,58.0,-41.0,-452.0,82.0,58.0
-121.0,975.0,-66.0,114.0,-30.0,71.0,-73.0,-369.0,53.0,59.0
-93.0,539.0,-30.0,179.0,-55.0,-64.0,-70.0,-199.0,-92.0,48.0
-58.0,17.0,-7.0,228.0,-80.0,-190.0,6.0,-206.0,-181.0,13.0
-5.0,-440.0,63.0,270.0,-94.0,-144.0,70.0,-243.0,-150.0,-60.0
17.0,-732.0,96.0,280.0,-95.0,-134.0,98.0,-408.0,-175.0,-143.0
30.0,-849.0,142.0,299.0,-86.0,-229.0,114.0,-386.0,-240.0,-209.0
19.0,-918.0,194.0,290.0,-73.0,-331.0,119.0,-317.0,-283.0,-257.0
23.0,-1063.0,191.0,235.0,-65.0,-281.0,101.0,-308.0,-301.0,-306.0
11.0,-1272.0,204.0,189.0,-47.0,-254.0,99.0,-319.0,-292.0,-366.0
-41.0,-1441.0,230.0,148.0,4.0,-275.0,149.0,-445.0,-272.0,-384.0
-92.0,-1444.0,179.0,111.0,80.0,-200.0,201.0,-402.0,-223.0,-373.0
-147.0,-1247.0,188.0,58.0,146.0,-260.0,208.0,-441.0,-229.0,-361.0
-146.0,-914.0,198.0,33.0,177.0,-492.0,186.0,-314.0,-262.0,-305.0
-141.0,-531.0,128.0,64.0,181.0,-624.0,195.0,-218.0,-189.0,-247.0
-117.0,-158.0,163.0,91.0,187.0,-483.0,203.0,-234.0,-91.0,-213.0
-66.0,104.0,126.0,131.0,201.0,-281.0,176.0,-123.0,-79.0,-185.0
-54.0,157.0,106.0,186.0,223.0,-317.0,120.0,-240.0,-62.0,-160.0
-77.0,101.0,128.0,216.0,243.0,-554.0,49.0,-129.0,44.0,-140.0
-152.0,85.0,71.0,238.0,254.0,-706.0,13.0,-94.0,167.0,-138.0
-238.0,96.0,73.0,239.0,257.0,-711.0,27.0,-264.0,270.0,-127.0
-324.0,95.0,47.0,204.0,241.0,-665.0,32.0,-306.0,342.0,-108.0
-404.0,112.0,19.0,157.0,210.0,-557.0,21.0,-400.0,376.0,-97.0
-449.0,121.0,33.0,134.0,180.0,-492.0,35.0,-393.0,428.0,-137.0
-457.0,95.0,29.0,166.0,144.0,-571.0,112.0,-426.0,478.0,-199.0
-449.0,8.0,13.0,200.0,101.0,-713.0,216.0,-393.0,501.0,-233.0
-476.0,-149.0,10.0,177.0,67.0,-655.0,254.0,-367.0,467.0,-284.0
-499.0,-268.0,7.0,127.0,62.0,-481.0,250.0,-382.0,341.0,-365.0
-467.0,-277.0,-2.0,73.0,83.0,-492.0,231.0,-304.0,312.0,-459.0
-445.0,-200.0,-11.0,27.0,105.0,-607.0,219.0,-582.0,371.0,-535.0
-477.0,-80.0,-47.0,-41.0,95.0,-615.0,220.0,-668.0,324.0,-599.0
-524.0,-6.0,-73.0,-188.0,48.0,-526.0,188.0,-480.0,257.0,-639.0
-562.0,-43.0,-96.0,-331.0,-12.0,-513.0,130.0,-515.0,202.0,-666.0
-563.0,-130.0,-108.0,-423.0,-58.0,-530.0,81.0,-600.0,190.0,-695.0
-516.0,-121.0,-136.0,-480.0,-73.0,-454.0,71.0,-703.0,235.0,-731.0
-438.0,70.0,-167.0,-502.0,-69.0,-335.0,70.0,-567.0,191.0,-800.0
-389.0,409.0,-189.0,-531.0,-65.0,-337.0,68.0,-548.0,84.0,-838.0
-394.0,751.0,-222.0,-490.0,-67.0,-473.0,63.0,-724.0,-3.0,-855.0
-409.0,919.0,-187.0,-417.0,-78.0,-502.0,54.0,-890.0,-97.0,-877.0
-392.0,845.0,-176.0,-358.0,-76.0,-351.0,52.0,-984.0,-160.0,-845.0
-349.0,599.0,-174.0,-288.0,-42.0,-240.0,63.0,-833.0,-181.0,-781.0
-262.0,362.0,-151.0,-252.0,14.0,-341.0,99.0,-774.0,-281.0,-737.0
-167.0,232.0,-147.0,-232.0,59.0,-463.0,105.0,-707.0,-426.0,-714.0
-122.0,111.0,-129.0,-212.0,72.0,-431.0,68.0,-642.0,-455.0,-674.0
-103.0,-93.0,-127.0,-176.0,64.0,-328.0,0.0,-445.0,-412.0,-611.0
-150.0,-409.0,-102.0,-154.0,65.0,-242.0,-96.0,-402.0,-378.0,-561.0
-165.0,-744.0,-98.0,-129.0,84.0,-243.0,-160.0,-533.0,-386.0,-527.0
-157.0,-936.0,-95.0,-100.0,92.0,-248.0,-168.0,-410.0,-490.0,-473.0
-123.0,-992.0,-82.0,-79.0,67.0,-131.0,-116.0,-537.0,-565.0,-425.0
-100.0,-1026.0,-118.0,-31.0,17.0,-95.0,-45.0,-672.0,-506.0,-424.0
-128.0,-1116.0,-105.0,-3.0,-33.0,-308.0,53.0,-870.0,-402.0,-403.0
-87.0,-1267.0,-117.0,-13.0,-74.0,-557.0,172.0,-1066.0,-298.0,-322.0
-87.0,-1392.0,-144.0,-58.0,-103.0,-492.0,241.0,-1108.0,-200.0,-241.0
-66.0,-1349.0,-103.0,-115.0,-125.0,-203.0,276.0,-1169.0,-119.0,-166.0
-51.0,-1144.0,-132.0,-184.0,-145.0,-112.0,261.0,-857.0,-70.0,-54.0
-59.0,-912.0,-127.0,-246.0,-161.0,-175.0,229.0,-807.0,0.0,105.0
-45.0,-702.0,-100.0,-284.0,-174.0,-233.0,188.0,-711.0,91.0,284.0
-50.0,-560.0,-133.0,-348.0,-179.0,-250.0,139.0,-356.0,142.0,451.0
-47.0,-524.0,-108.0,-418.0,-171.0,-216.0,125.0,-408.0,216.0,600.0
-73.0,-513.0,-116.0,-460.0,-162.0,-235.0,101.0,-295.0,276.0,707.0
-80.0,-444.0,-89.0,-484.0,-165.0,-321.0,113.0,-210.0,292.0,778.0
-120.0,-318.0,-36.0,-470.0,-186.0,-421.0,125.0,-338.0,341.0,846.0
-151.0,-185.0,-19.0,-420.0,-218.0,-405.0,109.0,-495.0,352.0,931.0
-141.0,-98.0,1.0,-365.0,-246.0,-269.0,126.0,-576.0,288.0,1022.0
-108.0,-40.0,-22.0,-294.0,-257.0,-154.0,160.0,-469.0,234.0,1100.0
-76.0,36.0,-21.0,-198.0,-238.0,-185.0,210.0,-594.0,221.0,1193.0
-69.0,93.0,-43.0,-86.0,-188.0,-319.0,251.0,-606.0,175.0,1268.0
-38.0,88.0,-37.0,4.0,-135.0,-345.0,280.0,-485.0,62.0,1279.0
-41.0,40.0,-10.0,84.0,-106.0,-333.0,277.0,-434.0,-20.0,1287.0
-54.0,-25.0,-32.0,159.0,-100.0,-406.0,255.0,-275.0,-53.0,1289.0
-110.0,-78.0,27.0,201.0,-104.0,-394.0,237.0,-147.0,-104.0,1264.0
-158.0,-89.0,50.0,239.0,-106.0,-304.0,226.0,-72.0,-158.0,1197.0
-187.0,-106.0,47.0,267.0,-106.0,-389.0,272.0,-186.0,-233.0,1070.0
-223.0,-185.0,88.0,252.0,-109.0,-494.0,312.0,-328.0,-383.0,956.0
-232.0,-279.0,58.0,196.0,-109.0,-361.0,342.0,-500.0,-538.0,863.0
-250.0,-320.0,111.0,93.0,-111.0,-143.0,358.0,-580.0,-612.0,768.0
-239.0,-265.0,140.0,-38.0,-110.0,-87.0,350.0,-467.0,-651.0,687.0
-208.0,-71.0,130.0,-158.0,-101.0,-246.0,372.0,-439.0,-665.0,590.0
-150.0,237.0,174.0,-246.0,-98.0,-390.0,336.0,-378.0,-602.0,445.0
-111.0,530.0,119.0,-287.0,-103.0,-429.0,299.0,-533.0,-545.0,271.0
-69.0,643.0,122.0,-292.0,-105.0,-471.0,295.0,-641.0,-554.0,101.0
-30.0,503.0,95.0,-208.0,-97.0,-452.0,304.0,-485.0,-578.0,-70.0
-24.0,189.0,45.0,-93.0,-86.0,-351.0,360.0,-465.0,-557.0,-232.0
-22.0,-141.0,74.0,4.0,-76.0,-275.0,390.0,-402.0,-469.0,-361.0
-58.0,-360.0,43.0,107.0,-66.0,-283.0,379.0,-354.0,-399.0,-464.0
-87.0,-492.0,45.0,190.0,-64.0,-329.0,340.0,-399.0,-351.0,-535.0
-133.0,-627.0,30.0,296.0,-79.0,-329.0,328.0,-532.0,-265.0,-598.0
-127.0,-707.0,13.0,366.0,-102.0,-326.0,349.0,-604.0,-181.0,-650.0
-102.0,-645.0,18.0,390.0,-123.0,-406.0,380.0,-589.0,-130.0,-680.0
-92.0,-521.0,-9.0,390.0,-134.0,-499.0,411.0,-733.0,-106.0,-730.0
-82.0,-420.0,-1.0,381.0,-130.0,-566.0,410.0,-727.0,-18.0,-797.0
-127.0,-281.0,-5.0,346.0,-119.0,-663.0,415.0,-777.0,141.0,-857.0
-137.0,-49.0,-23.0,265.0,-104.0,-660.0,419.0,-833.0,249.0,-892.0
-138.0,228.0,-61.0,221.0,-79.0,-518.0,442.0,-724.0,270.0,-951.0
-118.0,430.0,-103.0,159.0,-52.0,-419.0,468.0,-731.0,244.0,-1003.0
-155.0,427.0,-123.0,76.0,-47.0,-384.0,446.0,-657.0,234.0,-1011.0
-264.0,216.0,-190.0,-5.0,-70.0,-395.0,406.0,-694.0,226.0,-1028.0
-351.0,-90.0,-200.0,-79.0,-96.0,-482.0,331.0,-639.0,236.0,-1023.0
-373.0,-391.0,-214.0,-117.0,-103.0,-587.0,271.0,-441.0,251.0,-1000.0
-301.0,-591.0,-263.0,-152.0,-100.0,-590.0,258.0,-280.0,213.0,-971.0
-256.0,-629.0,-245.0,-143.0,-99.0,-428.0,237.0,-81.0,158.0,-934.0
-255.0,-528.0,-256.0,-117.0,-96.0,-256.0,263.0,-121.0,126.0,-887.0
-283.0,-343.0,-282.0,-109.0,-89.0,-204.0,280.0,-175.0,128.0,-806.0
-276.0,-168.0,-331.0,-97.0,-88.0,-252.0,245.0,-378.0,136.0,-722.0
-268.0,-151.0,-372.0,-103.0,-96.0,-315.0,258.0,-517.0,143.0,-655.0
-268.0,-298.0,-389.0,-100.0,-99.0,-308.0,301.0,-434.0,127.0,-570.0
-255.0,-377.0,-395.0,-69.0,-98.0,-269.0,333.0,-517.0,154.0,-447.0
-266.0,-243.0,-358.0,-25.0,-105.0,-147.0,346.0,-469.0,305.0,-324.0
-260.0,-6.0,-347.0,0.0,-115.0,37.0,307.0,-489.0,420.0,-239.0
-295.0,256.0,-288.0,21.0,-117.0,33.0,239.0,-582.0,425.0,-213.0
-325.0,518.0,-231.0,41.0,-104.0,-148.0,183.0,-607.0,449.0,-217.0
-328.0,732.0,-177.0,38.0,-85.0,-239.0,170.0,-532.0,487.0,-211.0
-295.0,838.0,-108.0,26.0,-62.0,-154.0,184.0,-371.0,483.0,-167.0
-242.0,801.0,-68.0,-4.0,-31.0,-108.0,208.0,-336.0,433.0,-99.0
-218.0,667.0,16.0,-12.0,10.0,-239.0,248.0,-225.0,375.0,-49.0
-240.0,473.0,91.0,-22.0,64.0,-301.0,252.0,-214.0,315.0,-12.0
-263.0,208.0,171.0,-76.0,116.0,-143.0,243.0,-166.0,210.0,-1.0
-264.0,-149.0,221.0,-145.0,154.0,43.0,225.0,-134.0,123.0,-12.0
-282.0,-490.0,217.0,-218.0,178.0,52.0,206.0,-256.0,74.0,-44.0
-289.0,-649.0,237.0,-264.0,189.0,-80.0,211.0,-273.0,-1.0,-56.0
-253.0,-576.0,214.0,-283.0,187.0,-247.0,225.0,-460.0,-86.0,-27.0
-167.0,-277.0,215.0,-320.0,172.0,-361.0,277.0,-582.0,-130.0,-17.0
-136.0,175.0,188.0,-347.0,147.0,-243.0,296.0,-617.0,-153.0,-13.0
-139.0,607.0,157.0,-325.0,131.0,-68.0,287.0,-718.0,-196.0,-9.0
-154.0,862.0,122.0,-253.0,130.0,-52.0,275.0,-737.0,-244.0,16.0
-164.0,980.0,42.0,-132.0,129.0,-90.0,261.0,-881.0,-256.0,46.0
-192.0,1083.0,-1.0,-36.0,119.0,-65.0,265.0,-907.0,-234.0,66.0
-242.0,1100.0,-65.0,32.0,107.0,0.0,211.0,-729.0,-233.0,96.0
-260.0,916.0,-71.0,63.0,106.0,-93.0,115.0,-524.0,-293.0,100.0
-237.0,581.0,-68.0,38.0,111.0,-270.0,12.0,-327.0,-386.0,101.0
-184.0,210.0,-67.0,-24.0,112.0,-337.0,-68.0,-162.0,-444.0,132.0
-236.0,-81.0,-38.0,-111.0,107.0,-259.0,-97.0,-42.0,-458.0,169.0
-321.0,-214.0,-12.0,-192.0,88.0,-221.0,-96.0,-177.0,-475.0,183.0
-386.0,-229.0,-13.0,-295.0,66.0,-294.0,-82.0,-269.0,-473.0,155.0
-402.0,-186.0,-8.0,-390.0,59.0,-297.0,-45.0,-402.0,-409.0,88.0
-411.0,-155.0,31.0,-456.0,63.0,-196.0,-1.0,-635.0,-367.0,37.0
-426.0,-194.0,24.0,-463.0,79.0,-72.0,1.0,-726.0,-387.0,18.0
-430.0,-307.0,60.0,-453.0,98.0,-145.0,-37.0,-837.0,-405.0,44.0
-461.0,-454.0,92.0,-448.0,117.0,-387.0,-103.0,-735.0,-443.0,112.0
-460.0,-560.0,92.0,-427.0,127.0,-517.0,-170.0,-720.0,-473.0,155.0
-473.0,-565.0,88.0,-405.0,122.0,-367.0,-189.0,-646.0,-407.0,179.0
-450.0,-454.0,54.0,-348.0,111.0,-125.0,-177.0,-389.0,-302.0,190.0
-437.0,-330.0,28.0,-291.0,91.0,-139.0,-191.0,-245.0,-221.0,172.0
-420.0,-309.0,4.0,-197.0,61.0,-418.0,-213.0,-110.0,-122.0,115.0
-418.0,-397.0,45.0,-86.0,36.0,-579.0,-196.0,-155.0,-65.0,36.0
-425.0,-503.0,69.0,8.0,14.0,-363.0,-144.0,-12.0,-113.0,-16.0
-393.0,-493.0,36.0,99.0,-12.0,-163.0,-90.0,79.0,-196.0,-48.0
-398.0,-357.0,0.0,162.0,-54.0,-193.0,-54.0,48.0,-191.0,-80.0
-336.0,-199.0,-43.0,217.0,-106.0,-257.0,-35.0,81.0,-84.0,-155.0
-279.0,-22.0,-67.0,221.0,-148.0,-231.0,-31.0,-86.0,-33.0,-225.0
-237.0,225.0,-80.0,185.0,-165.0,-119.0,-45.0,-225.0,4.0,-256.0
-217.0,507.0,-55.0,135.0,-167.0,-143.0,-82.0,-522.0,101.0,-288.0
-210.0,727.0,-29.0,85.0,-162.0,-267.0,-133.0,-681.0,163.0,-286.0
-178.0,769.0,-18.0,22.0,-150.0,-323.0,-160.0,-674.0,201.0,-270.0
-182.0,674.0,11.0,-27.0,-135.0,-268.0,-152.0,-691.0,194.0,-228.0
-142.0,615.0,9.0,-51.0,-133.0,-135.0,-127.0,-489.0,167.0,-151.0
-113.0,650.0,18.0,-87.0,-137.0,-43.0,-107.0,-484.0,160.0,-67.0
-109.0,706.0,19.0,-111.0,-130.0,-36.0,-92.0,-460.0,104.0,26.0
-104.0,711.0,24.0,-141.0,-111.0,-152.0,-76.0,-419.0,84.0,67.0
-83.0,648.0,35.0,-166.0,-82.0,-201.0,-43.0,-373.0,96.0,71.0
-44.0,522.0,7.0,-158.0,-60.0,-39.0,-40.0,-107.0,71.0,70.0
-59.0,304.0,0.0,-121.0,-58.0,141.0,-77.0,-11.0,76.0,72.0
-63.0,23.0,-25.0,-44.0,-64.0,154.0,-80.0,57.0,121.0,59.0
-72.0,-145.0,-76.0,41.0,-75.0,27.0,-60.0,-7.0,223.0,36.0
-68.0,-157.0,-127.0,112.0,-94.0,-63.0,-41.0,-173.0,369.0,63.0
-2.0,-122.0,-182.0,201.0,-115.0,-64.0,-28.0,-341.0,484.0,88.0
75.0,-35.0,-237.0,249.0,-130.0,-20.0,-61.0,-463.0,488.0,88.0
156.0,147.0,-266.0,246.0,-151.0,68.0,-94.0,-332.0,420.0,71.0
178.0,381.0,-296.0,269.0,-189.0,295.0,-85.0,-356.0,444.0,21.0
185.0,549.0,-340.0,269.0,-222.0,402.0,-52.0,-375.0,559.0,-12.0
187.0,580.0,-338.0,233.0,-228.0,175.0,-9.0,-408.0,657.0,-34.0
170.0,448.0,-367.0,193.0,-202.0,-173.0,34.0,-421.0,642.0,-43.0
149.0,125.0,-409.0,128.0,-152.0,-384.0,85.0,-240.0,526.0,-28.0
118.0,-293.0,-423.0,69.0,-96.0,-258.0,88.0,-138.0,392.0,-56.0
97.0,-637.0,-445.0,13.0,-42.0,0.0,35.0,-48.0,187.0,-128.0
59.0,-859.0,-457.0,-35.0,-6.0,98.0,-28.0,-175.0,28.0,-218.0
45.0,-987.0,-474.0,-63.0,1.0,8.0,-68.0,-321.0,59.0,-321.0
3.0,-975.0,-472.0,-115.0,-4.0,-92.0,-103.0,-519.0,165.0,-398.0
-67.0,-851.0,-462.0,-159.0,-14.0,-106.0,-149.0,-615.0,209.0,-447.0
-108.0,-752.0,-458.0,-192.0,-24.0,-181.0,-139.0,-304.0,181.0,-477.0
-158.0,-733.0,-442.0,-207.0,-28.0,-316.0,-87.0,-223.0,161.0,-502.0
-154.0,-716.0,-450.0,-192.0,-21.0,-315.0,-31.0,-227.0,203.0,-523.0
-142.0,-613.0,-448.0,-164.0,-2.0,-35.0,9.0,-306.0,246.0,-530.0
-128.0,-400.0,-407.0,-128.0,16.0,191.0,73.0,-426.0,308.0,-512.0
-133.0,-116.0,-345.0,-96.0,28.0,83.0,141.0,-412.0,441.0,-456.0
-188.0,147.0,-250.0,-43.0,35.0,-148.0,174.0,-375.0,433.0,-404.0
-192.0,326.0,-174.0,3.0,42.0,-256.0,192.0,-188.0,180.0,-372.0
-224.0,449.0,-120.0,6.0,52.0,-188.0,180.0,-317.0,-77.0,-343.0
-237.0,611.0,-45.0,-2.0,63.0,-50.0,160.0,-580.0,-68.0,-310.0
-229.0,758.0,29.0,11.0,59.0,87.0,154.0,-790.0,118.0,-295.0
-242.0,731.0,70.0,5.0,39.0,141.0,167.0,-857.0,181.0,-298.0
-267.0,483.0,121.0,-4.0,16.0,56.0,155.0,-589.0,121.0,-296.0
-351.0,65.0,156.0,-11.0,-10.0,-126.0,116.0,-412.0,57.0,-315.0
-388.0,-332.0,160.0,-50.0,-40.0,-292.0,49.0,-103.0,77.0,-328.0
-380.0,-554.0,180.0,-102.0,-63.0,-278.0,-17.0,-14.0,170.0,-336.0
-312.0,-555.0,165.0,-204.0,-56.0,-157.0,-32.0,-112.0,158.0,-330.0
-245.0,-372.0,156.0,-290.0,-6.0,-26.0,-31.0,-258.0,-54.0,-295.0
-243.0,-163.0,126.0,-276.0,65.0,131.0,-30.0,-498.0,-229.0,-259.0
-264.0,-52.0,88.0,-226.0,119.0,94.0,-36.0,-323.0,-178.0,-205.0
-322.0,-4.0,89.0,-191.0,153.0,-162.0,-39.0,-375.0,-111.0,-142.0
-315.0,75.0,75.0,-163.0,185.0,-310.0,-43.0,-351.0,-151.0,-91.0
-270.0,190.0,81.0,-161.0,214.0,-244.0,-22.0,-279.0,-253.0,-75.0
-209.0,306.0,69.0,-117.0,228.0,-118.0,38.0,-345.0,-256.0,-45.0
-141.0,404.0,58.0,-17.0,223.0,-60.0,76.0,-96.0,-120.0,13.0
-99.0,450.0,44.0,66.0,208.0,-86.0,76.0,-40.0,-97.0,86.0
-75.0,438.0,44.0,143.0,185.0,-166.0,84.0,81.0,-223.0,184.0
-109.0,390.0,68.0,182.0,153.0,-234.0,116.0,49.0,-284.0,267.0
-116.0,344.0,73.0,219.0,121.0,-201.0,118.0,-57.0,-106.0,319.0
-130.0,312.0,107.0,226.0,99.0,-121.0,79.0,-48.0,124.0,312.0
-138.0,290.0,104.0,191.0,94.0,-148.0,18.0,-83.0,163.0,266.0
-131.0,285.0,112.0,179.0,95.0,-256.0,-45.0,88.0,122.0,212.0
-117.0,321.0,129.0,156.0,90.0,-254.0,-129.0,29.0,189.0,144.0
-70.0,395.0,93.0,117.0,84.0,-200.0,-180.0,-7.0,322.0,94.0
-115.0,457.0,106.0,26.0,83.0,-259.0,-167.0,-18.0,311.0,90.0
-142.0,547.0,104.0,-103.0,77.0,-260.0,-158.0,-42.0,121.0,119.0
-158.0,712.0,80.0,-194.0,73.0,-145.0,-122.0,35.0,-47.0,125.0
-106.0,869.0,111.0,-242.0,74.0,-82.0,-80.0,-12.0,-34.0,119.0
-32.0,960.0,131.0,-257.0,73.0,-194.0,-41.0,-12.0,81.0,110.0
-37.0,1051.0,176.0,-300.0,73.0,-352.0,-4.0,-123.0,157.0,80.0
-22.0,1151.0,226.0,-389.0,83.0,-353.0,-4.0,-188.0,152.0,48.0
-64.0,1114.0,277.0,-462.0,95.0,-327.0,0.0,-238.0,179.0,33.0
-73.0,798.0,336.0,-501.0,94.0,-323.0,-17.0,-164.0,303.0,20.0
-114.0,244.0,334.0,-508.0,80.0,-255.0,-57.0,101.0,245.0,-14.0
-83.0,-340.0,353.0,-505.0,58.0,-163.0,-104.0,147.0,-48.0,-55.0
-15.0,-738.0,351.0,-505.0,35.0,-152.0,-164.0,277.0,-205.0,-82.0
-11.0,-858.0,333.0,-445.0,8.0,-139.0,-170.0,181.0,-95.0,-76.0
14.0,-762.0,347.0,-360.0,-31.0,65.0,-116.0,7.0,36.0,-81.0
-15.0,-578.0,356.0,-321.0,-85.0,196.0,-88.0,96.0,64.0,-78.0
-18.0,-399.0,398.0,-276.0,-147.0,-10.0,-69.0,48.0,62.0,-27.0
-67.0,-243.0,422.0,-176.0,-207.0,-204.0,-64.0,68.0,-22.0,34.0
-71.0,-108.0,396.0,-66.0,-247.0,-110.0,-88.0,20.0,-127.0,97.0
-37.0,-16.0,346.0,31.0,-250.0,33.0,-123.0,84.0,-65.0,153.0
-6.0,-2.0,261.0,117.0,-218.0,-78.0,-162.0,114.0,58.0,219.0
26.0,-48.0,174.0,202.0,-164.0,-206.0,-158.0,-64.0,55.0,254.0
-26.0,-120.0,111.0,282.0,-118.0,-54.0,-140.0,-77.0,-97.0,280.0
-23.0,-263.0,63.0,320.0,-86.0,201.0,-81.0,-238.0,-214.0,329.0
-31.0,-535.0,39.0,342.0,-65.0,318.0,-12.0,-201.0,-202.0,340.0
-24.0,-915.0,18.0,354.0,-55.0,160.0,17.0,-157.0,-270.0,322.0
32.0,-1263.0,-19.0,360.0,-55.0,-8.0,42.0,-182.0,-367.0,294.0
85.0,-1408.0,-79.0,364.0,-67.0,-5.0,34.0,-55.0,-343.0,289.0
152.0,-1361.0,-118.0,425.0,-89.0,60.0,-20.0,-140.0,-303.0,275.0
180.0,-1272.0,-167.0,525.0,-104.0,106.0,-95.0,-94.0,-248.0,221.0
183.0,-1180.0,-215.0,552.0,-104.0,8.0,-147.0,-107.0,-168.0,157.0
163.0,-1028.0,-193.0,563.0,-105.0,-65.0,-183.0,-92.0,-112.0,76.0
156.0,-844.0,-192.0,539.0,-122.0,17.0,-238.0,16.0,-110.0,-6.0
204.0,-662.0,-205.0,505.0,-138.0,176.0,-285.0,-11.0,-161.0,-110.0
227.0,-459.0,-223.0,553.0,-143.0,265.0,-297.0,60.0,-101.0,-210.0
253.0,-202.0,-261.0,582.0,-146.0,194.0,-308.0,14.0,26.0,-293.0
263.0,126.0,-252.0,550.0,-153.0,90.0,-314.0,64.0,32.0,-403.0
252.0,505.0,-245.0,503.0,-159.0,88.0,-286.0,136.0,-55.0,-491.0
245.0,899.0,-231.0,453.0,-161.0,58.0,-249.0,168.0,-143.0,-580.0
178.0,1285.0,-184.0,367.0,-161.0,-77.0,-199.0,214.0,-191.0,-691.0
118.0,1600.0,-191.0,215.0,-162.0,-114.0,-160.0,64.0,-153.0,-811.0
39.0,1775.0,-203.0,98.0,-158.0,-73.0,-112.0,25.0,-105.0,-940.0
-9.0,1845.0,-150.0,22.0,-141.0,2.0,-66.0,5.0,-113.0,-1027.0
-76.0,1839.0,-143.0,-48.0,-123.0,37.0,-89.0,55.0,-60.0,-1107.0
-149.0,1732.0,-118.0,-59.0,-101.0,79.0,-112.0,77.0,-8.0,-1163.0
-129.0,1527.0,-73.0,-43.0,-65.0,101.0,-124.0,-16.0,3.0,-1155.0
-137.0,1203.0,-131.0,-11.0,-22.0,-70.0,-148.0,-3.0,67.0,-1107.0
-161.0,774.0,-118.0,50.0,22.0,-200.0,-166.0,-79.0,39.0,-1045.0
-223.0,357.0,-135.0,68.0,60.0,-223.0,-202.0,-105.0,-128.0,-976.0
-241.0,9.0,-151.0,18.0,90.0,-183.0,-252.0,-205.0,-243.0,-883.0
-226.0,-297.0,-92.0,-35.0,99.0,-107.0,-321.0,-291.0,-270.0,-814.0
-200.0,-568.0,-110.0,-34.0,90.0,44.0,-398.0,-169.0,-341.0,-784.0
-178.0,-793.0,-69.0,-6.0,87.0,168.0,-445.0,-145.0,-463.0,-758.0
-198.0,-972.0,-100.0,-28.0,105.0,57.0,-447.0,14.0,-601.0,-710.0
-183.0,-1120.0,-133.0,-34.0,141.0,-89.0,-417.0,109.0,-641.0,-654.0
-227.0,-1215.0,-100.0,-22.0,178.0,-152.0,-389.0,194.0,-498.0,-586.0
-247.0,-1224.0,-117.0,-20.0,214.0,-175.0,-355.0,295.0,-333.0,-492.0
-236.0,-1143.0,-74.0,11.0,243.0,-214.0,-327.0,177.0,-229.0,-420.0
-194.0,-996.0,-59.0,-29.0,257.0,-148.0,-299.0,199.0,-120.0,-364.0
-120.0,-751.0,-31.0,-111.0,260.0,51.0,-262.0,157.0,-21.0,-320.0
-91.0,-352.0,16.0,-141.0,259.0,144.0,-241.0,138.0,33.0,-246.0
-35.0,101.0,30.0,-121.0,254.0,113.0,-207.0,24.0,57.0,-138.0
-5.0,458.0,48.0,-74.0,237.0,27.0,-170.0,-164.0,-55.0,-34.0
43.0,632.0,63.0,-30.0,214.0,-6.0,-165.0,-177.0,-215.0,100.0
81.0,590.0,80.0,10.0,195.0,-14.0,-211.0,-182.0,-212.0,245.0
87.0,379.0,58.0,15.0,179.0,-127.0,-290.0,-9.0,-124.0,370.0
104.0,84.0,66.0,7.0,152.0,-138.0,-375.0,22.0,-41.0,466.0
106.0,-147.0,73.0,-3.0,115.0,-82.0,-422.0,70.0,-43.0,561.0
147.0,-181.0,71.0,-13.0,83.0,-112.0,-420.0,157.0,-94.0,650.0
158.0,-8.0,104.0,-5.0,50.0,-97.0,-414.0,227.0,-48.0,707.0
166.0,237.0,50.0,10.0,21.0,-74.0,-386.0,423.0,38.0,739.0
163.0,416.0,6.0,10.0,-5.0,-66.0,-375.0,317.0,86.0,744.0
125.0,468.0,14.0,6.0,-27.0,-125.0,-353.0,328.0,101.0,708.0
101.0,372.0,-30.0,9.0,-53.0,-164.0,-310.0,253.0,40.0,618.0
92.0,223.0,-13.0,6.0,-86.0,-77.0,-313.0,53.0,-63.0,525.0
157.0,129.0,1.0,9.0,-108.0,-3.0,-317.0,-11.0,-82.0,444.0
230.0,90.0,-23.0,-9.0,-122.0,102.0,-319.0,-240.0,-51.0,395.0
239.0,109.0,-32.0,-6.0,-134.0,225.0,-370.0,-216.0,20.0,359.0
233.0,152.0,-38.0,21.0,-144.0,261.0,-397.0,-184.0,128.0,362.0
214.0,128.0,-28.0,52.0,-136.0,251.0,-353.0,-199.0,220.0,407.0
210.0,0.0,-21.0,86.0,-111.0,283.0,-291.0,-216.0,304.0,440.0
212.0,-148.0,3.0,95.0,-87.0,228.0,-246.0,-192.0,312.0,521.0
202.0,-206.0,-6.0,73.0,-75.0,18.0,-239.0,73.0,247.0,613.0
202.0,-195.0,-9.0,51.0,-66.0,-89.0,-259.0,160.0,201.0,661.0
184.0,-164.0,-30.0,87.0,-32.0,56.0,-293.0,336.0,192.0,662.0
154.0,-96.0,-53.0,153.0,24.0,284.0,-313.0,388.0,164.0,635.0
88.0,-6.0,-15.0,182.0,95.0,220.0,-324.0,223.0,142.0,596.0
52.0,61.0,-33.0,197.0,156.0,-4.0,-359.0,168.0,186.0,504.0
66.0,80.0,-16.0,256.0,188.0,20.0,-375.0,177.0,221.0,382.0
52.0,50.0,-34.0,296.0,174.0,133.0,-370.0,314.0,201.0,257.0
4.0,-1.0,-63.0,287.0,124.0,112.0,-353.0,310.0,160.0,139.0
-57.0,-27.0,-54.0,225.0,72.0,-22.0,-315.0,299.0,176.0,22.0
-72.0,-28.0,-120.0,137.0,34.0,-71.0,-272.0,203.0,290.0,-112.0
-85.0,-39.0,-134.0,105.0,8.0,75.0,-244.0,151.0,426.0,-224.0
-81.0,-99.0,-150.0,49.0,-21.0,135.0,-227.0,264.0,450.0,-319.0
-61.0,-232.0,-203.0,-7.0,-54.0,-32.0,-202.0,171.0,390.0,-418.0
-53.0,-370.0,-224.0,-24.0,-89.0,-171.0,-183.0,245.0,438.0,-485.0
-52.0,-380.0,-236.0,-54.0,-125.0,-132.0,-169.0,303.0,531.0,-531.0
-64.0,-189.0,-231.0,-69.0,-154.0,-28.0,-155.0,286.0,478.0,-557.0
-91.0,99.0,-178.0,-82.0,-169.0,41.0,-164.0,332.0,358.0,-564.0
-151.0,264.0,-126.0,-42.0,-170.0,47.0,-210.0,314.0,307.0,-570.0
-199.0,194.0,-116.0,48.0,-168.0,-8.0,-270.0,509.0,245.0,-556.0
-252.0,-37.0,-86.0,101.0,-158.0,-70.0,-304.0,545.0,85.0,-526.0
-258.0,-277.0,-57.0,129.0,-132.0,-36.0,-323.0,375.0,-102.0,-502.0
-237.0,-416.0,-13.0,142.0,-109.0,20.0,-324.0,155.0,-215.0,-465.0
-202.0,-409.0,21.0,154.0,-115.0,-89.0,-296.0,-51.0,-215.0,-448.0
-178.0,-290.0,40.0,176.0,-144.0,-259.0,-243.0,-77.0,-188.0,-445.0
-209.0,-121.0,52.0,190.0,-169.0,-252.0,-141.0,-112.0,-200.0,-430.0
-257.0,77.0,33.0,168.0,-181.0,-106.0,-44.0,36.0,-277.0,-416.0
-277.0,230.0,43.0,135.0,-185.0,-12.0,1.0,188.0,-396.0,-389.0
-242.0,280.0,25.0,79.0,-195.0,3.0,-9.0,301.0,-509.0,-349.0
-187.0,234.0,0.0,18.0,-205.0,1.0,-46.0,349.0,-637.0,-297.0
-72.0,144.0,-15.0,-18.0,-206.0,14.0,-28.0,295.0,-755.0,-217.0
24.0,67.0,-45.0,-30.0,-197.0,12.0,2.0,293.0,-821.0,-109.0
96.0,-41.0,-80.0,-3.0,-174.0,-36.0,17.0,140.0,-827.0,0.0
95.0,-235.0,-130.0,25.0,-142.0,-98.0,56.0,151.0,-802.0,87.0
73.0,-457.0,-156.0,81.0,-98.0,-171.0,88.0,75.0,-747.0,142.0
108.0,-566.0,-177.0,140.0,-57.0,-172.0,79.0,-12.0,-691.0,152.0
146.0,-482.0,-168.0,186.0,-36.0,-47.0,50.0,53.0,-662.0,132.0
250.0,-313.0,-141.0,194.0,-42.0,-31.0,44.0,68.0,-653.0,74.0
325.0,-195.0,-109.0,158.0,-63.0,-194.0,40.0,354.0,-626.0,-33.0
397.0,-145.0,-113.0,117.0,-79.0,-214.0,54.0,441.0,-570.0,-172.0
441.0,-111.0,-88.0,60.0,-69.0,15.0,81.0,450.0,-513.0,-303.0
458.0,-65.0,-40.0,34.0,-33.0,259.0,84.0,474.0,-452.0,-415.0
481.0,-52.0,-81.0,-8.0,7.0,276.0,102.0,399.0,-415.0,-490.0
474.0,-69.0,-57.0,-68.0,44.0,153.0,115.0,546.0,-382.0,-512.0
487.0,11.0,-68.0,-131.0,72.0,101.0,147.0,545.0,-300.0,-487.0
483.0,263.0,-126.0,-183.0,84.0,81.0,192.0,663.0,-131.0,-448.0
504.0,566.0,-96.0,-138.0,84.0,33.0,232.0,683.0,49.0,-426.0
522.0,752.0,-141.0,-69.0,82.0,-18.0,277.0,500.0,183.0,-388.0
525.0,778.0,-198.0,-2.0,85.0,-12.0,283.0,543.0,320.0,-363.0
523.0,716.0,-184.0,85.0,89.0,59.0,265.0,445.0,400.0,-347.0
507.0,647.0,-200.0,151.0,94.0,139.0,203.0,476.0,453.0,-316.0
480.0,619.0,-173.0,218.0,107.0,178.0,130.0,452.0,537.0,-309.0
408.0,579.0,-124.0,284.0,122.0,107.0,121.0,445.0,600.0,-305.0
353.0,363.0,-108.0,295.0,130.0,-41.0,172.0,546.0,606.0,-330.0
290.0,-81.0,-54.0,300.0,127.0,-45.0,256.0,290.0,576.0,-358.0
217.0,-609.0,-30.0,321.0,119.0,52.0,314.0,188.0,568.0,-349.0
130.0,-1071.0,-26.0,331.0,111.0,95.0,320.0,195.0,605.0,-338.0
42.0,-1383.0,20.0,310.0,114.0,191.0,250.0,221.0,612.0,-318.0
11.0,-1509.0,40.0,207.0,129.0,287.0,176.0,184.0,523.0,-296.0
-1.0,-1528.0,75.0,82.0,151.0,268.0,155.0,177.0,406.0,-284.0
-13.0,-1509.0,116.0,3.0,167.0,133.0,151.0,275.0,364.0,-296.0
-51.0,-1380.0,116.0,-5.0,173.0,68.0,166.0,181.0,356.0,-325.0
-97.0,-1141.0,116.0,79.0,170.0,201.0,192.0,221.0,301.0,-344.0
-160.0,-920.0,104.0,158.0,163.0,275.0,214.0,97.0,219.0,-357.0
-216.0,-780.0,94.0,238.0,147.0,204.0,236.0,12.0,145.0,-383.0
-257.0,-719.0,83.0,320.0,129.0,150.0,262.0,57.0,118.0,-396.0
-283.0,-684.0,91.0,328.0,111.0,156.0,262.0,25.0,172.0,-381.0
-249.0,-581.0,94.0,329.0,76.0,156.0,275.0,195.0,282.0,-379.0
-198.0,-368.0,99.0,320.0,25.0,91.0,289.0,194.0,383.0,-375.0
-111.0,-65.0,102.0,303.0,-19.0,30.0,258.0,201.0,429.0,-358.0
-51.0,307.0,84.0,276.0,-44.0,78.0,203.0,223.0,360.0,-332.0
-26.0,736.0,63.0,230.0,-47.0,158.0,130.0,345.0,233.0,-314.0
-45.0,1168.0,23.0,220.0,-41.0,139.0,99.0,558.0,208.0,-299.0
-89.0,1500.0,21.0,238.0,-34.0,110.0,83.0,426.0,294.0,-284.0
-86.0,1670.0,22.0,256.0,-26.0,154.0,44.0,395.0,373.0,-293.0
-43.0,1741.0,61.0,243.0,-29.0,119.0,37.0,430.0,417.0,-313.0
24.0,1795.0,76.0,195.0,-46.0,34.0,45.0,495.0,484.0,-347.0
66.0,1724.0,24.0,129.0,-75.0,78.0,55.0,443.0,517.0,-366.0
90.0,1413.0,10.0,66.0,-103.0,117.0,90.0,242.0,491.0,-399.0
88.0,1014.0,-59.0,18.0,-116.0,61.0,100.0,186.0,365.0,-455.0
97.0,714.0,-96.0,12.0,-116.0,41.0,109.0,-90.0,141.0,-496.0
70.0,545.0,-95.0,1.0,-104.0,95.0,150.0,-190.0,-26.0,-552.0
-5.0,486.0,-124.0,-23.0,-84.0,111.0,196.0,-144.0,-125.0,-620.0
-53.0,518.0,-105.0,-47.0,-67.0,85.0,236.0,-168.0,-156.0,-688.0
-33.0,614.0,-100.0,-67.0,-57.0,149.0,228.0,60.0,-152.0,-729.0
50.0,719.0,-112.0,-34.0,-51.0,168.0,171.0,282.0,-133.0,-746.0
121.0,784.0,-127.0,-6.0,-39.0,72.0,90.0,408.0,-48.0,-737.0
144.0,799.0,-137.0,-13.0,-9.0,1.0,26.0,343.0,63.0,-687.0
92.0,754.0,-128.0,-20.0,38.0,-58.0,1.0,306.0,144.0,-609.0
27.0,649.0,-104.0,-10.0,91.0,-57.0,12.0,273.0,176.0,-509.0
-13.0,512.0,-58.0,-8.0,134.0,-23.0,23.0,192.0,197.0,-415.0
3.0,320.0,-25.0,19.0,166.0,-52.0,4.0,109.0,202.0,-339.0
56.0,50.0,-15.0,6.0,197.0,-28.0,7.0,-97.0,179.0,-270.0
104.0,-243.0,10.0,-90.0,228.0,7.0,32.0,-88.0,92.0,-190.0
152.0,-562.0,63.0,-176.0,248.0,-73.0,96.0,-97.0,-16.0,-109.0
165.0,-958.0,118.0,-273.0,246.0,-163.0,169.0,-75.0,-39.0,-12.0
172.0,-1396.0,222.0,-322.0,218.0,-159.0,197.0,-158.0,6.0,90.0
131.0,-1752.0,297.0,-301.0,174.0,-114.0,241.0,-273.0,35.0,168.0
62.0,-1945.0,351.0,-266.0,117.0,-90.0,239.0,-51.0,8.0,268.0
-26.0,-1935.0,366.0,-245.0,59.0,-72.0,176.0,-49.0,-64.0,387.0
-91.0,-1674.0,312.0,-256.0,25.0,-78.0,155.0,46.0,-111.0,458.0
-118.0,-1233.0,298.0,-283.0,16.0,-190.0,147.0,123.0,-71.0,493.0
-150.0,-788.0,239.0,-318.0,14.0,-202.0,154.0,120.0,-59.0,519.0
-158.0,-418.0,207.0,-352.0,-4.0,-22.0,149.0,352.0,-118.0,568.0
-171.0,-52.0,254.0,-380.0,-38.0,40.0,115.0,303.0,-179.0,645.0
-178.0,330.0,273.0,-338.0,-69.0,-8.0,101.0,223.0,-180.0,737.0
-170.0,644.0,299.0,-260.0,-93.0,-55.0,99.0,147.0,-76.0,879.0
-163.0,841.0,346.0,-211.0,-111.0,-33.0,98.0,177.0,13.0,1021.0
-149.0,957.0,366.0,-173.0,-123.0,-2.0,118.0,436.0,30.0,1153.0
-128.0,996.0,416.0,-138.0,-119.0,-55.0,126.0,572.0,-46.0,1264.0
-91.0,956.0,503.0,-58.0,-95.0,22.0,91.0,764.0,-208.0,1320.0
-42.0,906.0,594.0,-17.0,-69.0,169.0,89.0,742.0,-298.0,1345.0
23.0,871.0,697.0,-24.0,-44.0,115.0,119.0,580.0,-262.0,1303.0
70.0,856.0,735.0,-20.0,-26.0,-24.0,165.0,426.0,-138.0,1230.0
36.0,881.0,741.0,2.0,-23.0,100.0,252.0,284.0,-20.0,1117.0
-1.0,877.0,743.0,61.0,-38.0,333.0,343.0,317.0,20.0,915.0
-28.0,762.0,728.0,96.0,-59.0,383.0,406.0,341.0,-38.0,703.0
-30.0,561.0,678.0,112.0,-73.0,323.0,394.0,498.0,-175.0,488.0
4.0,394.0,630.0,110.0,-82.0,269.0,330.0,546.0,-247.0,261.0
37.0,326.0,604.0,76.0,-86.0,294.0,306.0,485.0,-202.0,55.0
91.0,315.0,577.0,62.0,-85.0,298.0,316.0,430.0,-74.0,-93.0
116.0,314.0,580.0,74.0,-92.0,261.0,341.0,373.0,60.0,-203.0
130.0,324.0,551.0,102.0,-114.0,259.0,386.0,454.0,124.0,-287.0
132.0,339.0,504.0,155.0,-135.0,308.0,426.0,402.0,164.0,-310.0
159.0,333.0,424.0,227.0,-141.0,363.0,437.0,491.0,166.0,-284.0
214.0,287.0,337.0,294.0,-135.0,433.0,397.0,582.0,74.0,-212.0
263.0,217.0,267.0,377.0,-127.0,451.0,335.0,628.0,-28.0,-131.0
347.0,142.0,178.0,484.0,-120.0,296.0,298.0,737.0,-44.0,-58.0
388.0,71.0,132.0,543.0,-102.0,233.0,312.0,530.0,-6.0,6.0
400.0,-6.0,94.0,580.0,-60.0,317.0,341.0,428.0,-28.0,48.0
373.0,-142.0,52.0,584.0,2.0,377.0,356.0,339.0,-129.0,76.0
337.0,-323.0,-18.0,582.0,72.0,320.0,364.0,269.0,-254.0,111.0
331.0,-483.0,-96.0,618.0,134.0,220.0,359.0,389.0,-404.0,164.0
338.0,-672.0,-160.0,615.0,172.0,298.0,355.0,495.0,-495.0,209.0
389.0,-940.0,-201.0,622.0,176.0,377.0,338.0,611.0,-482.0,262.0
393.0,-1191.0,-205.0,586.0,150.0,424.0,335.0,476.0,-381.0,320.0
386.0,-1336.0,-231.0,470.0,120.0,483.0,356.0,469.0,-216.0,348.0
355.0,-1411.0,-213.0,346.0,101.0,459.0,380.0,567.0,-111.0,342.0
317.0,-1417.0,-199.0,177.0,105.0,438.0,390.0,567.0,-56.0,306.0
301.0,-1328.0,-155.0,21.0,124.0,459.0,369.0,702.0,7.0,240.0
250.0,-1243.0,-94.0,-51.0,141.0,508.0,350.0,694.0,78.0,133.0
232.0,-1215.0,-114.0,-101.0,152.0,411.0,342.0,731.0,188.0,18.0
196.0,-1144.0,-96.0,-145.0,142.0,160.0,352.0,796.0,290.0,-74.0
187.0,-942.0,-98.0,-127.0,112.0,91.0,368.0,825.0,322.0,-152.0
170.0,-695.0,-96.0,-91.0,71.0,312.0,359.0,842.0,294.0,-204.0
156.0,-511.0,-57.0,-76.0,31.0,469.0,330.0,761.0,222.0,-208.0
203.0,-304.0,-59.0,-98.0,8.0,388.0,301.0,702.0,162.0,-157.0
221.0,21.0,-42.0,-138.0,1.0,315.0,263.0,511.0,142.0,-75.0
253.0,455.0,-39.0,-159.0,-2.0,306.0,210.0,415.0,122.0,4.0
259.0,925.0,-71.0,-180.0,-1.0,277.0,201.0,306.0,122.0,96.0
306.0,1286.0,-73.0,-197.0,0.0,177.0,238.0,273.0,157.0,185.0
347.0,1438.0,-90.0,-221.0,-7.0,121.0,260.0,363.0,147.0,225.0
342.0,1407.0,-99.0,-250.0,-14.0,148.0,254.0,304.0,72.0,240.0
337.0,1235.0,-64.0,-290.0,-11.0,69.0,239.0,493.0,-20.0,270.0
290.0,1016.0,-47.0,-283.0,10.0,-22.0,244.0,582.0,-112.0,300.0
266.0,902.0,-31.0,-213.0,50.0,18.0,244.0,556.0,-174.0,296.0
239.0,922.0,-7.0,-137.0,97.0,54.0,233.0,504.0,-200.0,287.0
260.0,962.0,-17.0,-59.0,139.0,-1.0,247.0,421.0,-225.0,293.0
270.0,952.0,-30.0,-27.0,157.0,8.0,272.0,541.0,-248.0,265.0
264.0,874.0,-33.0,-1.0,151.0,169.0,317.0,480.0,-264.0,210.0
259.0,652.0,-64.0,54.0,131.0,254.0,340.0,430.0,-255.0,170.0
210.0,262.0,-54.0,83.0,92.0,191.0,313.0,388.0,-208.0,134.0
165.0,-248.0,-62.0,73.0,41.0,152.0,292.0,428.0,-122.0,92.0
81.0,-788.0,-75.0,57.0,-6.0,143.0,267.0,563.0,-15.0,56.0
8.0,-1200.0,-55.0,60.0,-28.0,177.0,261.0,602.0,93.0,26.0
-57.0,-1361.0,-92.0,40.0,-14.0,243.0,271.0,757.0,221.0,-4.0
-90.0,-1264.0,-91.0,14.0,25.0,235.0,270.0,661.0,328.0,-16.0
-76.0,-1013.0,-94.0,28.0,75.0,149.0,293.0,519.0,392.0,5.0
-74.0,-795.0,-102.0,51.0,118.0,68.0,315.0,310.0,437.0,44.0
-78.0,-729.0,-71.0,55.0,152.0,125.0,317.0,29.0,484.0,79.0
-74.0,-732.0,-90.0,42.0,179.0,200.0,330.0,33.0,492.0,124.0
-56.0,-711.0,-97.0,17.0,193.0,86.0,345.0,-18.0,420.0,175.0
-64.0,-728.0,-96.0,-57.0,179.0,-69.0,327.0,182.0,328.0,233.0
-78.0,-782.0,-108.0,-148.0,151.0,-66.0,290.0,367.0,240.0,282.0
-90.0,-835.0,-79.0,-227.0,126.0,96.0,259.0,423.0,177.0,315.0
-85.0,-942.0,-44.0,-282.0,100.0,245.0,227.0,594.0,151.0,345.0
-45.0,-1077.0,-8.0,-296.0,65.0,331.0,190.0,589.0,126.0,322.0
0.0,-1100.0,75.0,-343.0,16.0,442.0,170.0,639.0,60.0,253.0
57.0,-970.0,133.0,-375.0,-37.0,477.0,189.0,493.0,-69.0,162.0
115.0,-728.0,166.0,-370.0,-80.0,344.0,197.0,434.0,-214.0,47.0
173.0,-364.0,218.0,-378.0,-110.0,252.0,163.0,419.0,-316.0,-89.0
236.0,74.0,212.0,-339.0,-121.0,404.0,113.0,277.0,-346.0,-241.0
263.0,511.0,223.0,-273.0,-123.0,518.0,36.0,352.0,-325.0,-384.0
280.0,884.0,238.0,-213.0,-136.0,394.0,-32.0,275.0,-301.0,-520.0
305.0,1095.0,236.0,-200.0,-168.0,257.0,-48.0,242.0,-262.0,-639.0
330.0,1159.0,238.0,-208.0,-206.0,304.0,-31.0,112.0,-173.0,-737.0
360.0,1186.0,190.0,-200.0,-219.0,401.0,-14.0,53.0,-65.0,-799.0
412.0,1238.0,160.0,-140.0,-204.0,274.0,-7.0,131.0,25.0,-822.0
507.0,1292.0,108.0,-44.0,-184.0,99.0,3.0,57.0,95.0,-776.0
527.0,1276.0,62.0,14.0,-176.0,199.0,3.0,57.0,175.0,-639.0
509.0,1172.0,36.0,69.0,-184.0,418.0,-13.0,-101.0,249.0,-480.0
509.0,959.0,17.0,133.0,-205.0,486.0,-35.0,-64.0,247.0,-325.0
493.0,560.0,38.0,220.0,-232.0,429.0,-65.0,-5.0,195.0,-153.0
495.0,-4.0,51.0,303.0,-255.0,302.0,-88.0,59.0,135.0,0.0
486.0,-644.0,89.0,348.0,-262.0,202.0,-127.0,351.0,109.0,128.0
465.0,-1258.0,82.0,350.0,-244.0,323.0,-181.0,473.0,122.0,231.0
428.0,-1699.0,66.0,328.0,-220.0,523.0,-233.0,628.0,80.0,305.0
370.0,-1854.0,50.0,314.0,-212.0,527.0,-275.0,580.0,-56.0,374.0
268.0,-1754.0,6.0,269.0,-209.0,388.0,-267.0,543.0,-221.0,405.0
144.0,-1523.0,11.0,208.0,-185.0,302.0,-216.0,554.0,-314.0,410.0
72.0,-1199.0,-34.0,134.0,-143.0,356.0,-172.0,375.0,-304.0,410.0
46.0,-799.0,-18.0,31.0,-100.0,423.0,-143.0,378.0,-242.0,396.0
29.0,-370.0,0.0,-71.0,-60.0,457.0,-119.0,321.0,-186.0,386.0
3.0,38.0,-19.0,-130.0,-7.0,433.0,-119.0,369.0,-162.0,374.0
-2.0,396.0,19.0,-124.0,62.0,248.0,-141.0,351.0,-178.0,375.0
-47.0,681.0,-28.0,-87.0,137.0,90.0,-162.0,173.0,-242.0,369.0
-133.0,860.0,-21.0,-48.0,202.0,114.0,-164.0,195.0,-285.0,339.0
-209.0,860.0,22.0,5.0,244.0,229.0,-137.0,158.0,-302.0,309.0
-258.0,616.0,30.0,86.0,263.0,273.0,-99.0,247.0,-354.0,297.0
-283.0,171.0,78.0,166.0,265.0,251.0,-57.0,290.0,-384.0,295.0
-310.0,-312.0,81.0,207.0,246.0,402.0,0.0,432.0,-361.0,299.0
-286.0,-603.0,58.0,224.0,207.0,569.0,67.0,635.0,-311.0,347.0
-252.0,-614.0,52.0,180.0,163.0,538.0,99.0,585.0,-263.0,392.0
-250.0,-517.0,42.0,77.0,132.0,435.0,52.0,633.0,-240.0,419.0
-268.0,-486.0,11.0,10.0,107.0,395.0,-9.0,559.0,-243.0,445.0
-285.0,-477.0,-40.0,-61.0,80.0,395.0,-57.0,602.0,-265.0,484.0
-276.0,-363.0,-54.0,-159.0,40.0,311.0,-99.0,596.0,-248.0,542.0
-266.0,-153.0,-70.0,-234.0,-12.0,268.0,-90.0,480.0,-212.0,599.0
-247.0,58.0,-135.0,-303.0,-61.0,348.0,-52.0,530.0,-148.0,703.0
-243.0,202.0,-150.0,-373.0,-90.0,411.0,-1.0,463.0,-48.0,821.0
-214.0,326.0,-180.0,-418.0,-82.0,357.0,45.0,436.0,39.0,946.0
-141.0,543.0,-227.0,-419.0,-43.0,306.0,67.0,258.0,108.0,1077.0
-64.0,838.0,-219.0,-419.0,4.0,374.0,86.0,157.0,143.0,1169.0
8.0,1071.0,-222.0,-394.0,39.0,422.0,123.0,101.0,168.0,1278.0
51.0,1133.0,-218.0,-304.0,51.0,444.0,198.0,72.0,181.0,1341.0
87.0,1069.0,-164.0,-252.0,43.0,420.0,243.0,275.0,179.0,1361.0
97.0,986.0,-118.0,-218.0,15.0,392.0,229.0,254.0,178.0,1362.0
81.0,936.0,-85.0,-145.0,-24.0,474.0,195.0,338.0,129.0,1296.0
55.0,872.0,-45.0,-119.0,-61.0,538.0,166.0,410.0,71.0,1202.0
29.0,713.0,-32.0,-96.0,-84.0,491.0,166.0,352.0,74.0,1086.0
-5.0,503.0,-9.0,-65.0,-87.0,306.0,157.0,349.0,120.0,955.0
-62.0,338.0,24.0,-75.0,-73.0,165.0,155.0,328.0,121.0,808.0
-72.0,236.0,54.0,-73.0,-54.0,179.0,181.0,441.0,32.0,688.0
-47.0,133.0,68.0,-70.0,-37.0,228.0,211.0,306.0,-98.0,591.0
1.0,5.0,99.0,-42.0,-24.0,216.0,218.0,230.0,-211.0,501.0
44.0,-124.0,129.0,13.0,-14.0,176.0,246.0,230.0,-262.0,447.0
73.0,-279.0,122.0,74.0,2.0,258.0,293.0,66.0,-226.0,411.0
73.0,-493.0,128.0,121.0,28.0,359.0,307.0,25.0,-118.0,401.0
27.0,-736.0,82.0,118.0,66.0,362.0,331.0,-144.0,-6.0,382.0
-6.0,-895.0,28.0,84.0,104.0,385.0,342.0,-20.0,51.0,353.0
-40.0,-890.0,-16.0,83.0,132.0,523.0,354.0,105.0,75.0,325.0
-47.0,-779.0,-100.0,100.0,164.0,573.0,374.0,62.0,92.0,268.0
-27.0,-627.0,-116.0,148.0,211.0,388.0,394.0,304.0,100.0,205.0
18.0,-446.0,-165.0,213.0,257.0,292.0,394.0,410.0,136.0,142.0
84.0,-254.0,-192.0,194.0,283.0,363.0,372.0,478.0,224.0,78.0
124.0,-68.0,-187.0,175.0,278.0,360.0,363.0,417.0,339.0,53.0
149.0,66.0,-197.0,176.0,245.0,258.0,303.0,303.0,461.0,56.0
120.0,106.0,-158.0,176.0,196.0,158.0,255.0,186.0,537.0,59.0
108.0,141.0,-137.0,191.0,128.0,170.0,204.0,118.0,553.0,62.0
109.0,336.0,-66.0,195.0,41.0,228.0,154.0,175.0,525.0,41.0
108.0,662.0,-3.0,179.0,-63.0,192.0,157.0,97.0,485.0,7.0
168.0,921.0,54.0,159.0,-172.0,206.0,180.0,192.0,443.0,-32.0
214.0,1008.0,118.0,149.0,-266.0,282.0,225.0,194.0,346.0,-78.0
271.0,949.0,177.0,120.0,-332.0,263.0,258.0,277.0,255.0,-106.0
316.0,806.0,261.0,88.0,-370.0,226.0,306.0,356.0,191.0,-106.0
361.0,668.0,290.0,92.0,-397.0,249.0,331.0,245.0,127.0,-104.0
413.0,540.0,326.0,86.0,-401.0,291.0,322.0,304.0,46.0,-122.0
421.0,394.0,344.0,90.0,-379.0,346.0,266.0,101.0,-41.0,-153.0
435.0,195.0,327.0,133.0,-335.0,390.0,173.0,73.0,-89.0,-197.0
428.0,-138.0,303.0,141.0,-268.0,409.0,131.0,230.0,-129.0,-243.0
433.0,-522.0,251.0,108.0,-186.0,448.0,99.0,221.0,-186.0,-288.0
432.0,-759.0,174.0,75.0,-95.0,420.0,89.0,238.0,-229.0,-308.0
440.0,-764.0,93.0,39.0,-11.0,421.0,130.0,120.0,-232.0,-316.0
468.0,-631.0,5.0,18.0,52.0,391.0,183.0,48.0,-192.0,-329.0
477.0,-502.0,-52.0,8.0,100.0,198.0,190.0,-144.0,-130.0,-321.0
481.0,-439.0,-110.0,-15.0,134.0,104.0,161.0,-286.0,-63.0,-307.0
449.0,-391.0,-144.0,-55.0,147.0,159.0,133.0,-223.0,35.0,-284.0
416.0,-225.0,-138.0,-93.0,136.0,272.0,110.0,-223.0,157.0,-264.0
337.0,25.0,-174.0,-125.0,112.0,310.0,118.0,-127.0,243.0,-261.0
240.0,263.0,-188.0,-118.0,90.0,214.0,134.0,-79.0,286.0,-272.0
187.0,438.0,-218.0,-103.0,80.0,146.0,142.0,24.0,290.0,-332.0
146.0,494.0,-232.0,-76.0,80.0,151.0,140.0,110.0,291.0,-397.0
110.0,469.0,-247.0,-27.0,77.0,191.0,146.0,151.0,321.0,-442.0
67.0,488.0,-264.0,-17.0,53.0,260.0,135.0,254.0,360.0,-486.0
17.0,658.0,-267.0,-10.0,4.0,251.0,98.0,229.0,379.0,-499.0
-39.0,918.0,-285.0,-11.0,-46.0,183.0,57.0,404.0,354.0,-481.0
-95.0,1089.0,-275.0,3.0,-70.0,271.0,10.0,452.0,271.0,-429.0
-147.0,1078.0,-261.0,62.0,-50.0,460.0,-15.0,351.0,167.0,-383.0
-189.0,921.0,-227.0,87.0,0.0,515.0,-73.0,256.0,89.0,-361.0
-224.0,668.0,-221.0,71.0,53.0,376.0,-106.0,-12.0,48.0,-345.0
-224.0,327.0,-202.0,26.0,93.0,311.0,-70.0,-147.0,45.0,-339.0
-222.0,-89.0,-181.0,-24.0,114.0,411.0,-19.0,-264.0,63.0,-322.0
-228.0,-503.0,-190.0,-53.0,123.0,388.0,40.0,-269.0,104.0,-316.0
-242.0,-769.0,-174.0,-82.0,122.0,236.0,54.0,-341.0,160.0,-309.0
-280.0,-852.0,-159.0,-118.0,115.0,181.0,46.0,-454.0,184.0,-302.0
-249.0,-842.0,-144.0,-154.0,115.0,296.0,17.0,-389.0,196.0,-318.0
-192.0,-811.0,-107.0,-179.0,123.0,347.0,-20.0,-384.0,230.0,-337.0
-105.0,-787.0,-73.0,-217.0,131.0,248.0,-20.0,-216.0,262.0,-332.0
-20.0,-799.0,-54.0,-234.0,146.0,227.0,-33.0,-96.0,251.0,-308.0
21.0,-798.0,-26.0,-252.0,170.0,358.0,-36.0,29.0,224.0,-269.0
37.0,-681.0,-22.0,-304.0,188.0,479.0,-3.0,218.0,226.0,-169.0
2.0,-489.0,-2.0,-361.0,192.0,467.0,18.0,256.0,209.0,-51.0
-10.0,-342.0,31.0,-422.0,193.0,414.0,30.0,282.0,178.0,89.0
-31.0,-256.0,22.0,-503.0,196.0,406.0,60.0,144.0,135.0,250.0
-35.0,-128.0,12.0,-574.0,192.0,468.0,102.0,38.0,63.0,421.0
-7.0,140.0,0.0,-566.0,166.0,530.0,150.0,-72.0,2.0,617.0
20.0,580.0,-14.0,-539.0,113.0,500.0,182.0,-72.0,-45.0,778.0
85.0,1085.0,-12.0,-516.0,55.0,421.0,191.0,-38.0,-63.0,930.0
125.0,1452.0,10.0,-442.0,22.0,342.0,197.0,-214.0,-56.0,1077.0
135.0,1653.0,58.0,-352.0,23.0,302.0,203.0,-175.0,-39.0,1204.0
140.0,1721.0,113.0,-272.0,40.0,349.0,196.0,-277.0,3.0,1301.0
141.0,1648.0,153.0,-139.0,58.0,365.0,174.0,-258.0,29.0,1377.0
153.0,1506.0,171.0,8.0,77.0,250.0,173.0,-142.0,32.0,1444.0
144.0,1393.0,184.0,121.0,95.0,69.0,172.0,-264.0,25.0,1455.0
126.0,1271.0,177.0,241.0,109.0,28.0,167.0,-140.0,0.0,1419.0
106.0,1047.0,160.0,373.0,108.0,214.0,169.0,-109.0,-19.0,1343.0
73.0,719.0,182.0,484.0,93.0,318.0,195.0,-96.0,-8.0,1241.0
34.0,321.0,194.0,579.0,67.0,301.0,252.0,-84.0,12.0,1126.0
-12.0,-49.0,193.0,671.0,20.0,235.0,286.0,-145.0,22.0,1013.0
-18.0,-333.0,206.0,682.0,-44.0,132.0,303.0,-216.0,31.0,921.0
-22.0,-569.0,211.0,636.0,-111.0,148.0,274.0,-428.0,39.0,864.0
-24.0,-802.0,224.0,595.0,-164.0,192.0,218.0,-506.0,72.0,831.0
0.0,-1038.0,240.0,538.0,-194.0,141.0,182.0,-550.0,109.0,811.0
-9.0,-1187.0,260.0,487.0,-205.0,26.0,141.0,-502.0,104.0,822.0
-23.0,-1175.0,260.0,444.0,-210.0,-43.0,132.0,-484.0,33.0,847.0
-46.0,-1127.0,232.0,400.0,-212.0,-83.0,148.0,-463.0,-74.0,883.0
-21.0,-1216.0,219.0,326.0,-201.0,-200.0,159.0,-236.0,-158.0,941.0
7.0,-1373.0,212.0,244.0,-166.0,-260.0,163.0,-90.0,-242.0,1024.0
29.0,-1436.0,188.0,175.0,-106.0,-152.0,158.0,44.0,-281.0,1113.0
54.0,-1361.0,183.0,89.0,-39.0,3.0,141.0,29.0,-291.0,1190.0
55.0,-1151.0,187.0,21.0,31.0,131.0,109.0,3.0,-295.0,1278.0
40.0,-809.0,182.0,-41.0,101.0,215.0,45.0,-40.0,-259.0,1360.0
7.0,-380.0,191.0,-103.0,163.0,242.0,-20.0,-216.0,-189.0,1409.0
16.0,77.0,203.0,-152.0,214.0,114.0,-45.0,-169.0,-91.0,1411.0
18.0,486.0,223.0,-190.0,250.0,-97.0,-71.0,-214.0,-34.0,1400.0
48.0,753.0,250.0,-190.0,270.0,-116.0,-82.0,-208.0,-10.0,1358.0
71.0,863.0,271.0,-213.0,273.0,-16.0,-71.0,-230.0,-2.0,1241.0
93.0,897.0,265.0,-246.0,259.0,-104.0,-54.0,-447.0,-22.0,1114.0
118.0,917.0,264.0,-259.0,242.0,-330.0,-4.0,-526.0,-36.0,976.0
102.0,914.0,237.0,-253.0,228.0,-326.0,52.0,-500.0,-45.0,823.0
122.0,851.0,191.0,-220.0,208.0,-231.0,90.0,-219.0,-55.0,681.0
167.0,784.0,146.0,-170.0,175.0,-293.0,105.0,-55.0,-54.0,574.0
236.0,782.0,65.0,-103.0,129.0,-350.0,132.0,-59.0,-34.0,502.0
255.0,796.0,18.0,-50.0,65.0,-321.0,182.0,-140.0,-40.0,439.0
277.0,723.0,-34.0,11.0,-13.0,-262.0,200.0,-236.0,-51.0,401.0
294.0,570.0,-116.0,91.0,-96.0,-242.0,176.0,-205.0,-31.0,401.0
291.0,411.0,-154.0,135.0,-162.0,-168.0,124.0,-288.0,-38.0,421.0
287.0,259.0,-206.0,191.0,-198.0,-133.0,68.0,-44.0,-42.0,427.0
267.0,166.0,-273.0,255.0,-208.0,-211.0,39.0,96.0,-52.0,424.0
285.0,183.0,-300.0,307.0,-197.0,-266.0,28.0,-49.0,-78.0,418.0
283.0,261.0,-370.0,362.0,-181.0,-251.0,4.0,-147.0,-100.0,384.0
302.0,338.0,-407.0,375.0,-168.0,-197.0,-42.0,-399.0,-132.0,317.0
311.0,403.0,-394.0,370.0,-157.0,-242.0,-77.0,-395.0,-140.0,237.0
309.0,435.0,-411.0,322.0,-153.0,-267.0,-98.0,-484.0,-137.0,142.0
296.0,353.0,-375.0,246.0,-152.0,-262.0,-123.0,-578.0,-146.0,26.0
252.0,146.0,-366.0,176.0,-152.0,-304.0,-108.0,-452.0,-171.0,-101.0
220.0,-106.0,-362.0,112.0,-143.0,-312.0,-88.0,-484.0,-226.0,-234.0
195.0,-344.0,-347.0,76.0,-112.0,-350.0,-92.0,-463.0,-281.0,-356.0
174.0,-521.0,-362.0,56.0,-61.0,-310.0,-84.0,-504.0,-298.0,-500.0
151.0,-643.0,-368.0,98.0,-9.0,-210.0,-76.0,-388.0,-282.0,-632.0
139.0,-739.0,-377.0,170.0,27.0,-146.0,-75.0,-195.0,-273.0,-741.0
89.0,-751.0,-379.0,273.0,33.0,-29.0,-101.0,-162.0,-265.0,-846.0
40.0,-631.0,-383.0,417.0,6.0,61.0,-136.0,-127.0,-248.0,-931.0
-1.0,-408.0,-358.0,537.0,-47.0,58.0,-147.0,-210.0,-225.0,-1023.0
-29.0,-186.0,-341.0,637.0,-110.0,-20.0,-146.0,-177.0,-174.0,-1091.0
-31.0,-82.0,-303.0,695.0,-158.0,-108.0,-112.0,-158.0,-118.0,-1154.0
-34.0,-71.0,-259.0,690.0,-176.0,-119.0,-79.0,-129.0,-88.0,-1207.0
-8.0,-48.0,-233.0,616.0,-170.0,-101.0,-35.0,-70.0,-76.0,-1221.0
-7.0,-29.0,-181.0,494.0,-153.0,-67.0,17.0,-73.0,-86.0,-1225.0
-14.0,-158.0,-172.0,364.0,-132.0,-18.0,36.0,-92.0,-109.0,-1223.0
0.0,-424.0,-158.0,223.0,-107.0,-43.0,77.0,-330.0,-107.0,-1209.0
-6.0,-658.0,-110.0,107.0,-67.0,-87.0,128.0,-367.0,-78.0,-1170.0
-6.0,-806.0,-85.0,31.0,-15.0,-63.0,151.0,-341.0,-57.0,-1109.0
-2.0,-914.0,-61.0,-38.0,38.0,2.0,167.0,-317.0,-55.0,-1022.0
-27.0,-971.0,-14.0,-87.0,89.0,-22.0,163.0,-203.0,-62.0,-925.0
-29.0,-979.0,7.0,-138.0,145.0,-109.0,163.0,-312.0,-78.0,-830.0
-21.0,-994.0,27.0,-204.0,212.0,-141.0,176.0,-341.0,-59.0,-734.0
-15.0,-1036.0,57.0,-219.0,287.0,-179.0,158.0,-408.0,-1.0,-656.0
-12.0,-1013.0,65.0,-210.0,353.0,-133.0,124.0,-412.0,56.0,-570.0
3.0,-832.0,70.0,-182.0,395.0,39.0,102.0,-430.0,133.0,-460.0
16.0,-551.0,49.0,-120.0,410.0,164.0,115.0,-511.0,240.0,-348.0
10.0,-226.0,35.0,-95.0,404.0,66.0,152.0,-413.0,343.0,-224.0
11.0,195.0,28.0,-121.0,382.0,-187.0,167.0,-417.0,425.0,-97.0
-10.0,694.0,4.0,-166.0,350.0,-282.0,168.0,-201.0,470.0,30.0
3.0,1171.0,-6.0,-224.0,312.0,-160.0,191.0,-60.0,479.0,143.0
23.0,1531.0,-18.0,-260.0,268.0,-34.0,201.0,-66.0,466.0,232.0
40.0,1648.0,-33.0,-252.0,223.0,-16.0,201.0,40.0,414.0,355.0
58.0,1437.0,-17.0,-260.0,194.0,-38.0,215.0,-62.0,342.0,481.0
60.0,965.0,16.0,-248.0,180.0,-69.0,221.0,-55.0,317.0,598.0
70.0,394.0,30.0,-191.0,164.0,-164.0,241.0,-121.0,297.0,728.0
62.0,-79.0,41.0,-109.0,132.0,-212.0,243.0,-206.0,233.0,845.0
83.0,-330.0,25.0,9.0,91.0,-145.0,253.0,-168.0,145.0,950.0
120.0,-348.0,9.0,126.0,50.0,-70.0,282.0,-182.0,46.0,1031.0
159.0,-204.0,4.0,231.0,13.0,-103.0,276.0,-188.0,-27.0,1114.0
189.0,-29.0,3.0,287.0,-19.0,-168.0,264.0,-336.0,-102.0,1212.0
197.0,45.0,20.0,309.0,-54.0,-142.0,247.0,-378.0,-192.0,1288.0
204.0,-11.0,22.0,304.0,-94.0,-189.0,249.0,-400.0,-244.0,1378.0
206.0,-146.0,20.0,290.0,-129.0,-319.0,236.0,-312.0,-259.0,1465.0
216.0,-313.0,24.0,281.0,-155.0,-298.0,168.0,-151.0,-271.0,1524.0
226.0,-458.0,28.0,262.0,-183.0,-133.0,95.0,-134.0,-286.0,1563.0
236.0,-494.0,17.0,273.0,-214.0,-135.0,4.0,-25.0,-285.0,1565.0
261.0,-354.0,18.0,256.0,-237.0,-250.0,-93.0,-99.0,-276.0,1554.0
283.0,-93.0,4.0,196.0,-247.0,-258.0,-177.0,-157.0,-267.0,1495.0
312.0,156.0,-38.0,131.0,-250.0,-270.0,-244.0,-225.0,-289.0,1412.0
326.0,324.0,-30.0,75.0,-245.0,-288.0,-275.0,-386.0,-326.0,1333.0
322.0,387.0,-33.0,22.0,-222.0,-282.0,-285.0,-391.0,-344.0,1214.0
301.0,323.0,-48.0,-17.0,-171.0,-208.0,-272.0,-458.0,-367.0,1077.0
253.0,153.0,-32.0,-48.0,-107.0,-223.0,-231.0,-480.0,-358.0,920.0
201.0,11.0,-15.0,-99.0,-55.0,-379.0,-193.0,-613.0,-351.0,769.0
146.0,21.0,5.0,-136.0,-19.0,-413.0,-205.0,-722.0,-359.0,616.0
122.0,155.0,8.0,-162.0,7.0,-351.0,-235.0,-731.0,-340.0,470.0
96.0,318.0,39.0,-201.0,30.0,-347.0,-262.0,-757.0,-302.0,356.0
61.0,497.0,52.0,-267.0,51.0,-422.0,-258.0,-587.0,-246.0,255.0
5.0,757.0,48.0,-309.0,67.0,-475.0,-210.0,-578.0,-198.0,152.0
-46.0,1065.0,50.0,-349.0,83.0,-457.0,-171.0,-454.0,-164.0,33.0
-90.0,1248.0,26.0,-361.0,101.0,-371.0,-165.0,-242.0,-163.0,-70.0
-155.0,1188.0,9.0,-328.0,112.0,-330.0,-183.0,-199.0,-167.0,-165.0
-199.0,936.0,-19.0,-305.0,103.0,-288.0,-219.0,-55.0,-163.0,-250.0
-244.0,597.0,-30.0,-281.0,81.0,-192.0,-239.0,-147.0,-174.0,-314.0
-274.0,220.0,-71.0,-290.0,64.0,-208.0,-222.0,-317.0,-185.0,-370.0
-323.0,-116.0,-98.0,-271.0,62.0,-246.0,-208.0,-508.0,-191.0,-393.0
-377.0,-309.0,-129.0,-224.0,59.0,-336.0,-191.0,-702.0,-162.0,-418.0
-411.0,-353.0,-176.0,-166.0,45.0,-451.0,-213.0,-766.0,-122.0,-428.0
-430.0,-326.0,-168.0,-50.0,22.0,-369.0,-226.0,-822.0,-66.0,-413.0
-400.0,-267.0,-206.0,39.0,-14.0,-222.0,-180.0,-703.0,7.0,-405.0
-378.0,-193.0,-198.0,110.0,-66.0,-199.0,-152.0,-626.0,69.0,-382.0
-336.0,-129.0,-185.0,183.0,-136.0,-313.0,-146.0,-436.0,149.0,-357.0
-287.0,-56.0,-200.0,204.0,-215.0,-373.0,-169.0,-254.0,206.0,-309.0
-228.0,26.0,-175.0,178.0,-281.0,-322.0,-191.0,-242.0,201.0,-231.0
-164.0,69.0,-180.0,159.0,-328.0,-313.0,-181.0,-116.0,151.0,-141.0
-124.0,82.0,-170.0,147.0,-357.0,-332.0,-146.0,-134.0,133.0,-9.0
-66.0,106.0,-171.0,108.0,-371.0,-268.0,-124.0,-125.0,152.0,134.0
-14.0,92.0,-191.0,89.0,-368.0,-210.0,-143.0,-210.0,148.0,272.0
36.0,-15.0,-193.0,107.0,-344.0,-225.0,-210.0,-310.0,144.0,384.0
58.0,-148.0,-215.0,123.0,-302.0,-211.0,-303.0,-363.0,143.0,473.0
70.0,-175.0,-241.0,145.0,-246.0,-212.0,-411.0,-541.0,147.0,544.0
72.0,-64.0,-262.0,179.0,-179.0,-149.0,-495.0,-474.0,154.0,585.0
55.0,69.0,-286.0,211.0,-113.0,-151.0,-529.0,-517.0,134.0,597.0
66.0,148.0,-289.0,252.0,-64.0,-208.0,-511.0,-443.0,69.0,568.0
66.0,180.0,-268.0,296.0,-30.0,-131.0,-430.0,-258.0,0.0,511.0
61.0,195.0,-265.0,291.0,-3.0,-179.0,-411.0,-230.0,-24.0,407.0
17.0,246.0,-284.0,285.0,27.0,-253.0,-434.0,-99.0,-5.0,269.0
-51.0,335.0,-253.0,286.0,58.0,-245.0,-455.0,-188.0,33.0,123.0
-110.0,417.0,-227.0,256.0,78.0,-200.0,-476.0,-219.0,84.0,-49.0
-174.0,446.0,-193.0,266.0,91.0,-203.0,-463.0,-169.0,151.0,-227.0
-202.0,396.0,-109.0,302.0,97.0,-308.0,-439.0,-155.0,194.0,-399.0
-211.0,253.0,-87.0,331.0,92.0,-297.0,-403.0,-7.0,223.0,-572.0
-225.0,21.0,-72.0,360.0,74.0,-258.0,-398.0,68.0,238.0,-720.0
-255.0,-255.0,-50.0,370.0,52.0,-343.0,-384.0,134.0,221.0,-826.0
-302.0,-510.0,-59.0,345.0,49.0,-454.0,-369.0,57.0,209.0,-894.0
-349.0,-671.0,-63.0,300.0,73.0,-356.0,-373.0,-16.0,217.0,-919.0
-395.0,-755.0,-80.0,265.0,102.0,-203.0,-349.0,-118.0,251.0,-929.0
-426.0,-836.0,-106.0,228.0,120.0,-267.0,-352.0,-242.0,282.0,-931.0
-441.0,-923.0,-123.0,195.0,124.0,-357.0,-367.0,-321.0,284.0,-940.0
-462.0,-912.0,-143.0,167.0,113.0,-335.0,-366.0,-515.0,297.0,-960.0
-480.0,-770.0,-175.0,109.0,90.0,-285.0,-349.0,-406.0,311.0,-985.0
-505.0,-623.0,-162.0,3.0,55.0,-304.0,-304.0,-338.0,304.0,-994.0
-527.0,-535.0,-175.0,-114.0,16.0,-281.0,-258.0,-218.0,287.0,-960.0
-525.0,-413.0,-191.0,-250.0,-16.0,-241.0,-201.0,-1.0,258.0,-914.0
-520.0,-160.0,-162.0,-397.0,-40.0,-350.0,-156.0,9.0,224.0,-846.0
-491.0,130.0,-175.0,-512.0,-56.0,-510.0,-153.0,194.0,182.0,-768.0
-464.0,263.0,-144.0,-572.0,-69.0,-511.0,-145.0,49.0,140.0,-701.0
-432.0,156.0,-98.0,-578.0,-73.0,-357.0,-129.0,-145.0,117.0,-639.0
-395.0,-89.0,-80.0,-542.0,-67.0,-259.0,-147.0,-190.0,120.0,-593.0
-366.0,-326.0,-27.0,-474.0,-55.0,-287.0,-142.0,-339.0,143.0,-574.0
-330.0,-473.0,18.0,-407.0,-43.0,-347.0,-119.0,-293.0,176.0,-561.0
-297.0,-496.0,19.0,-325.0,-34.0,-342.0,-137.0,-290.0,231.0,-542.0
-244.0,-446.0,24.0,-239.0,-35.0,-351.0,-187.0,-242.0,315.0,-545.0
-198.0,-427.0,18.0,-168.0,-41.0,-349.0,-267.0,-223.0,411.0,-553.0
-147.0,-444.0,-4.0,-112.0,-45.0,-248.0,-331.0,-160.0,492.0,-549.0
-93.0,-377.0,-16.0,-86.0,-47.0,-265.0,-344.0,-116.0,526.0,-543.0
-43.0,-170.0,-38.0,-76.0,-39.0,-334.0,-321.0,-247.0,524.0,-541.0
13.0,164.0,-60.0,-78.0,-22.0,-333.0,-312.0,-229.0,511.0,-524.0
57.0,570.0,-85.0,-79.0,0.0,-280.0,-322.0,-332.0,469.0,-480.0
93.0,879.0,-94.0,-83.0,23.0,-218.0,-328.0,-371.0,413.0,-438.0
122.0,915.0,-114.0,-77.0,39.0,-298.0,-339.0,-388.0,363.0,-405.0
137.0,741.0,-115.0,-47.0,61.0,-411.0,-357.0,-489.0,293.0,-375.0
139.0,580.0,-117.0,-12.0,93.0,-472.0,-355.0,-384.0,205.0,-361.0
147.0,539.0,-149.0,44.0,130.0,-459.0,-304.0,-314.0,112.0,-334.0
156.0,665.0,-147.0,132.0,161.0,-308.0,-250.0,-197.0,26.0,-300.0
172.0,931.0,-147.0,249.0,170.0,-121.0,-241.0,-136.0,-43.0,-268.0
156.0,1216.0,-134.0,360.0,156.0,-158.0,-259.0,-36.0,-72.0,-222.0
145.0,1465.0,-125.0,460.0,125.0,-298.0,-275.0,60.0,-52.0,-212.0
134.0,1652.0,-112.0,525.0,81.0,-224.0,-312.0,22.0,-44.0,-217.0
95.0,1682.0,-105.0,546.0,35.0,-156.0,-379.0,44.0,-42.0,-216.0
61.0,1448.0,-109.0,505.0,-2.0,-252.0,-459.0,-84.0,-35.0,-217.0
1.0,994.0,-91.0,389.0,-34.0,-359.0,-507.0,-179.0,-3.0,-207.0
-23.0,499.0,-103.0,249.0,-53.0,-269.0,-483.0,-288.0,80.0,-184.0
-60.0,131.0,-93.0,114.0,-46.0,-175.0,-409.0,-293.0,155.0,-146.0
-66.0,-83.0,-63.0,-8.0,-14.0,-260.0,-316.0,-299.0,175.0,-120.0
-74.0,-278.0,-52.0,-103.0,37.0,-282.0,-253.0,-469.0,150.0,-98.0
-109.0,-582.0,-8.0,-156.0,99.0,-221.0,-204.0,-515.0,120.0,-71.0
-120.0,-991.0,22.0,-180.0,162.0,-139.0,-197.0,-654.0,100.0,-31.0
-164.0,-1397.0,67.0,-155.0,221.0,-144.0,-229.0,-556.0,55.0,29.0
-174.0,-1651.0,128.0,-98.0,269.0,-200.0,-239.0,-367.0,-23.0,101.0
-198.0,-1694.0,164.0,-57.0,296.0,-231.0,-238.0,-169.0,-117.0,183.0
-183.0,-1576.0,206.0,-16.0,296.0,-241.0,-223.0,25.0,-201.0,246.0
-175.0,-1335.0,222.0,-2.0,280.0,-210.0,-246.0,-22.0,-242.0,278.0
-168.0,-1025.0,239.0,-34.0,255.0,-160.0,-267.0,97.0,-242.0,272.0
-123.0,-745.0,276.0,-93.0,217.0,-43.0,-249.0,16.0,-250.0,222.0
-115.0,-551.0,292.0,-166.0,166.0,-26.0,-221.0,-55.0,-299.0,144.0
-106.0,-379.0,310.0,-245.0,109.0,-92.0,-168.0,-25.0,-355.0,59.0
-152.0,-155.0,349.0,-311.0,64.0,-137.0,-136.0,-164.0,-362.0,-17.0
-171.0,58.0,348.0,-372.0,35.0,-118.0,-146.0,-120.0,-312.0,-101.0
-189.0,195.0,350.0,-418.0,19.0,-16.0,-194.0,-251.0,-262.0,-189.0
-197.0,216.0,345.0,-403.0,4.0,0.0,-252.0,-323.0,-214.0,-245.0
-186.0,127.0,303.0,-327.0,-19.0,-20.0,-314.0,-365.0,-156.0,-278.0
-206.0,13.0,298.0,-240.0,-46.0,-118.0,-370.0,-558.0,-103.0,-296.0
-190.0,-30.0,272.0,-142.0,-69.0,-255.0,-388.0,-591.0,-49.0,-289.0
-194.0,64.0,276.0,-50.0,-75.0,-261.0,-389.0,-716.0,-15.0,-284.0
-207.0,287.0,274.0,27.0,-71.0,-257.0,-340.0,-630.0,17.0,-275.0
-234.0,518.0,272.0,108.0,-79.0,-312.0,-266.0,-424.0,55.0,-277.0
-234.0,608.0,288.0,148.0,-99.0,-402.0,-227.0,-230.0,54.0,-279.0
-208.0,558.0,261.0,165.0,-127.0,-346.0,-228.0,-18.0,21.0,-266.0
-207.0,527.0,227.0,173.0,-157.0,-197.0,-259.0,48.0,-46.0,-271.0
-185.0,595.0,195.0,107.0,-179.0,-164.0,-289.0,162.0,-140.0,-291.0
-152.0,669.0,154.0,13.0,-181.0,-256.0,-314.0,121.0,-256.0,-322.0
-119.0,695.0,99.0,-62.0,-167.0,-404.0,-307.0,81.0,-387.0,-346.0
-112.0,706.0,72.0,-133.0,-147.0,-396.0,-284.0,27.0,-482.0,-360.0
-116.0,709.0,45.0,-153.0,-127.0,-291.0,-257.0,-16.0,-532.0,-367.0
-108.0,741.0,17.0,-153.0,-108.0,-194.0,-226.0,-84.0,-529.0,-373.0
-99.0,773.0,3.0,-142.0,-92.0,-239.0,-229.0,-295.0,-484.0,-379.0
-94.0,720.0,20.0,-131.0,-78.0,-373.0,-219.0,-253.0,-424.0,-393.0
-101.0,596.0,9.0,-133.0,-70.0,-370.0,-205.0,-301.0,-368.0,-445.0
-135.0,505.0,14.0,-132.0,-70.0,-344.0,-204.0,-280.0,-332.0,-511.0
-194.0,483.0,31.0,-127.0,-80.0,-354.0,-238.0,-210.0,-313.0,-603.0
-234.0,422.0,6.0,-75.0,-93.0,-427.0,-290.0,-186.0,-302.0,-711.0
-237.0,242.0,5.0,-42.0,-111.0,-484.0,-286.0,27.0,-275.0,-790.0
-269.0,-1.0,-37.0,-17.0,-127.0,-543.0,-230.0,-7.0,-233.0,-866.0
-292.0,-229.0,-37.0,6.0,-142.0,-628.0,-154.0,40.0,-170.0,-914.0
-278.0,-434.0,-34.0,10.0,-159.0,-674.0,-113.0,5.0,-92.0,-941.0
-259.0,-629.0,-38.0,31.0,-173.0,-659.0,-96.0,-110.0,-22.0,-943.0
-236.0,-765.0,-13.0,-4.0,-182.0,-646.0,-88.0,-101.0,48.0,-921.0
-225.0,-793.0,-8.0,-66.0,-180.0,-671.0,-98.0,-179.0,100.0,-893.0
-163.0,-732.0,3.0,-120.0,-169.0,-618.0,-93.0,31.0,114.0,-856.0
-122.0,-666.0,5.0,-183.0,-149.0,-568.0,-63.0,94.0,145.0,-823.0
-64.0,-736.0,35.0,-251.0,-113.0,-458.0,-32.0,110.0,181.0,-782.0
-20.0,-980.0,13.0,-318.0,-61.0,-335.0,-14.0,206.0,192.0,-752.0
-13.0,-1173.0,28.0,-377.0,-2.0,-280.0,27.0,175.0,205.0,-711.0
-1.0,-1106.0,52.0,-435.0,51.0,-221.0,77.0,219.0,181.0,-663.0
-31.0,-876.0,37.0,-484.0,101.0,-285.0,112.0,151.0,129.0,-627.0
-45.0,-677.0,70.0,-530.0,147.0,-438.0,125.0,173.0,80.0,-582.0
-104.0,-558.0,57.0,-525.0,174.0,-482.0,108.0,109.0,43.0,-550.0
-87.0,-448.0,70.0,-480.0,173.0,-340.0,84.0,53.0,38.0,-528.0
-102.0,-320.0,84.0,-417.0,142.0,-249.0,46.0,44.0,70.0,-501.0
-145.0,-216.0,68.0,-339.0,102.0,-361.0,-1.0,-59.0,130.0,-467.0
-161.0,-157.0,65.0,-269.0,61.0,-444.0,-31.0,57.0,190.0,-413.0
-244.0,-88.0,55.0,-185.0,18.0,-420.0,-43.0,48.0,248.0,-339.0
-260.0,52.0,72.0,-94.0,-25.0,-295.0,-34.0,123.0,286.0,-271.0
-316.0,205.0,82.0,-2.0,-68.0,-160.0,33.0,160.0,301.0,-203.0
-336.0,308.0,106.0,63.0,-98.0,-331.0,130.0,42.0,309.0,-98.0
-354.0,424.0,121.0,96.0,-124.0,-584.0,200.0,7.0,300.0,18.0
-354.0,648.0,116.0,146.0,-147.0,-618.0,242.0,-262.0,287.0,115.0
-340.0,959.0,132.0,157.0,-167.0,-418.0,254.0,-400.0,240.0,228.0
-386.0,1181.0,104.0,159.0,-181.0,-189.0,240.0,-463.0,148.0,331.0
-385.0,1181.0,95.0,197.0,-182.0,-292.0,228.0,-473.0,65.0,412.0
-416.0,1030.0,69.0,216.0,-170.0,-532.0,213.0,-354.0,-29.0,447.0
-405.0,894.0,20.0,262.0,-142.0,-515.0,162.0,-286.0,-141.0,430.0
-392.0,765.0,27.0,329.0,-105.0,-250.0,116.0,-112.0,-237.0,409.0
-371.0,538.0,-8.0,351.0,-66.0,-146.0,75.0,-118.0,-305.0,343.0
-347.0,230.0,-30.0,357.0,-44.0,-222.0,60.0,-49.0,-356.0,276.0
-319.0,-79.0,-34.0,373.0,-46.0,-300.0,116.0,38.0,-378.0,222.0
-289.0,-385.0,-45.0,404.0,-72.0,-358.0,185.0,-40.0,-383.0,149.0
-306.0,-709.0,-58.0,442.0,-105.0,-286.0,243.0,38.0,-377.0,75.0
-279.0,-1017.0,-60.0,446.0,-125.0,-175.0,241.0,68.0,-340.0,0.0
-259.0,-1258.0,-61.0,442.0,-119.0,-185.0,172.0,179.0,-300.0,-55.0
-227.0,-1369.0,-73.0,455.0,-91.0,-392.0,101.0,171.0,-282.0,-100.0
-202.0,-1337.0,-85.0,429.0,-53.0,-444.0,46.0,14.0,-262.0,-130.0
-177.0,-1202.0,-103.0,403.0,-10.0,-150.0,8.0,-12.0,-223.0,-127.0
-165.0,-989.0,-85.0,364.0,31.0,87.0,-29.0,-18.0,-199.0,-116.0
-127.0,-702.0,-84.0,311.0,62.0,-69.0,-94.0,96.0,-210.0,-99.0
-79.0,-385.0,-63.0,280.0,83.0,-316.0,-155.0,125.0,-215.0,-89.0
-90.0,-98.0,-51.0,245.0,103.0,-233.0,-177.0,186.0,-211.0,-98.0
-36.0,146.0,-7.0,242.0,123.0,-106.0,-182.0,142.0,-242.0,-90.0
-1.0,362.0,1.0,265.0,140.0,-162.0,-176.0,49.0,-304.0,-88.0
19.0,564.0,21.0,274.0,152.0,-169.0,-169.0,73.0,-344.0,-94.0
26.0,697.0,82.0,281.0,155.0,-129.0,-182.0,-64.0,-383.0,-92.0
36.0,729.0,76.0,298.0,146.0,-268.0,-197.0,0.0,-425.0,-108.0
61.0,697.0,116.0,328.0,125.0,-271.0,-183.0,1.0,-462.0,-131.0
39.0,637.0,98.0,334.0,87.0,25.0,-199.0,12.0,-502.0,-187.0
42.0,580.0,126.0,307.0,38.0,78.0,-216.0,97.0,-498.0,-285.0
30.0,453.0,133.0,272.0,-7.0,-88.0,-215.0,-68.0,-486.0,-391.0
46.0,195.0,95.0,238.0,-38.0,-64.0,-217.0,0.0,-451.0,-523.0
57.0,-145.0,132.0,204.0,-62.0,29.0,-193.0,48.0,-370.0,-658.0
66.0,-416.0,117.0,133.0,-86.0,-11.0,-183.0,12.0,-285.0,-773.0
102.0,-505.0,123.0,27.0,-112.0,-53.0,-181.0,99.0,-184.0,-878.0
108.0,-454.0,135.0,-75.0,-141.0,1.0,-177.0,194.0,-117.0,-959.0
141.0,-307.0,147.0,-199.0,-162.0,-116.0,-163.0,221.0,-80.0,-1036.0
156.0,-116.0,144.0,-307.0,-170.0,-127.0,-142.0,184.0,-61.0,-1102.0
169.0,5.0,149.0,-398.0,-159.0,212.0,-136.0,291.0,-51.0,-1169.0
184.0,-15.0,162.0,-491.0,-129.0,276.0,-135.0,232.0,-12.0,-1229.0
196.0,-90.0,119.0,-517.0,-94.0,31.0,-119.0,229.0,38.0,-1268.0
214.0,-115.0,81.0,-525.0,-62.0,-53.0,-95.0,293.0,65.0,-1325.0
211.0,-136.0,28.0,-519.0,-38.0,-6.0,-67.0,260.0,61.0,-1376.0
213.0,-252.0,-38.0,-484.0,-33.0,-104.0,-22.0,375.0,34.0,-1414.0
185.0,-436.0,-95.0,-439.0,-44.0,-195.0,6.0,295.0,7.0,-1444.0
125.0,-552.0,-156.0,-374.0,-50.0,-151.0,1.0,234.0,20.0,-1445.0
61.0,-544.0,-212.0,-310.0,-45.0,-197.0,-29.0,190.0,18.0,-1392.0
6.0,-439.0,-256.0,-240.0,-31.0,-190.0,-63.0,68.0,-28.0,-1298.0
-26.0,-284.0,-276.0,-162.0,-7.0,-12.0,-101.0,55.0,-131.0,-1194.0
-32.0,-122.0,-302.0,-115.0,20.0,12.0,-115.0,24.0,-236.0,-1057.0
-7.0,26.0,-321.0,-82.0,43.0,-148.0,-99.0,157.0,-301.0,-896.0
17.0,175.0,-288.0,-91.0,54.0,-35.0,-100.0,173.0,-383.0,-731.0
26.0,304.0,-293.0,-128.0,51.0,196.0,-114.0,184.0,-458.0,-615.0
42.0,277.0,-304.0,-136.0,39.0,50.0,-153.0,199.0,-506.0,-506.0
74.0,11.0,-265.0,-180.0,25.0,-187.0,-179.0,31.0,-503.0,-399.0
92.0,-348.0,-241.0,-184.0,18.0,-121.0,-191.0,155.0,-459.0,-342.0
99.0,-590.0,-198.0,-130.0,28.0,-2.0,-199.0,279.0,-392.0,-281.0
102.0,-716.0,-115.0,-72.0,51.0,-9.0,-206.0,334.0,-309.0,-233.0
99.0,-770.0,-49.0,17.0,83.0,50.0,-222.0,341.0,-251.0,-194.0
88.0,-702.0,14.0,110.0,119.0,103.0,-213.0,216.0,-219.0,-165.0
64.0,-557.0,101.0,214.0,148.0,-20.0,-196.0,197.0,-212.0,-137.0
59.0,-382.0,156.0,271.0,162.0,-145.0,-166.0,201.0,-190.0,-91.0
38.0,-153.0,204.0,279.0,147.0,-104.0,-155.0,243.0,-140.0,-73.0
4.0,120.0,242.0,276.0,102.0,-58.0,-150.0,234.0,-67.0,-61.0
-44.0,403.0,264.0,249.0,38.0,-102.0,-175.0,380.0,32.0,-37.0
-115.0,640.0,288.0,193.0,-22.0,-96.0,-244.0,480.0,148.0,-13.0
-170.0,751.0,301.0,108.0,-66.0,-46.0,-285.0,437.0,242.0,-12.0
-213.0,706.0,293.0,14.0,-87.0,-37.0,-311.0,482.0,305.0,-19.0
-234.0,568.0,248.0,-77.0,-91.0,15.0,-298.0,260.0,357.0,-29.0
-256.0,429.0,220.0,-147.0,-86.0,106.0,-282.0,151.0,403.0,-78.0
-259.0,372.0,166.0,-193.0,-75.0,72.0,-292.0,-14.0,451.0,-156.0
-268.0,389.0,78.0,-218.0,-66.0,-46.0,-316.0,-223.0,485.0,-217.0
-297.0,351.0,5.0,-242.0,-63.0,-106.0,-362.0,-116.0,523.0,-263.0
-341.0,191.0,-77.0,-282.0,-63.0,-58.0,-356.0,-68.0,565.0,-318.0
-381.0,-7.0,-152.0,-286.0,-63.0,12.0,-306.0,101.0,613.0,-344.0
-418.0,-131.0,-231.0,-294.0,-56.0,-25.0,-285.0,138.0,625.0,-329.0
-457.0,-137.0,-275.0,-304.0,-43.0,-84.0,-283.0,166.0,583.0,-298.0
-452.0,-65.0,-305.0,-285.0,-39.0,-93.0,-303.0,242.0,541.0,-261.0
-477.0,15.0,-365.0,-312.0,-46.0,-54.0,-336.0,245.0,505.0,-179.0
-491.0,28.0,-375.0,-338.0,-58.0,0.0,-317.0,404.0,484.0,-80.0
-498.0,-30.0,-395.0,-350.0,-74.0,95.0,-266.0,308.0,455.0,1.0
-509.0,-118.0,-424.0,-410.0,-88.0,252.0,-186.0,341.0,394.0,82.0
-503.0,-190.0,-415.0,-463.0,-99.0,244.0,-94.0,360.0,312.0,152.0
-494.0,-191.0,-406.0,-506.0,-112.0,129.0,-49.0,242.0,179.0,176.0
-478.0,-142.0,-403.0,-536.0,-126.0,70.0,-33.0,293.0,56.0,150.0
-469.0,-65.0,-393.0,-500.0,-140.0,68.0,-37.0,279.0,-40.0,137.0
-442.0,7.0,-373.0,-471.0,-151.0,45.0,-42.0,428.0,-141.0,112.0
-403.0,9.0,-358.0,-441.0,-165.0,19.0,-12.0,506.0,-220.0,82.0
-361.0,-76.0,-319.0,-381.0,-189.0,64.0,31.0,513.0,-262.0,74.0
-322.0,-217.0,-312.0,-338.0,-210.0,44.0,67.0,478.0,-268.0,79.0
-266.0,-311.0,-255.0,-282.0,-216.0,73.0,78.0,509.0,-243.0,114.0
-249.0,-286.0,-228.0,-241.0,-203.0,220.0,70.0,554.0,-199.0,127.0
-233.0,-215.0,-224.0,-227.0,-167.0,358.0,46.0,328.0,-156.0,144.0
-224.0,-191.0,-138.0,-230.0,-96.0,294.0,37.0,319.0,-94.0,167.0
-217.0,-188.0,-119.0,-235.0,0.0,159.0,56.0,240.0,-35.0,149.0
-188.0,-183.0,-44.0,-229.0,90.0,212.0,63.0,236.0,22.0,128.0
-192.0,-177.0,16.0,-204.0,149.0,298.0,41.0,173.0,118.0,101.0
-156.0,-102.0,60.0,-179.0,179.0,285.0,9.0,-60.0,218.0,59.0
-131.0,122.0,116.0,-181.0,193.0,198.0,-41.0,97.0,302.0,-15.0
-85.0,470.0,150.0,-186.0,192.0,189.0,-98.0,35.0,361.0,-115.0
-56.0,765.0,179.0,-176.0,176.0,240.0,-121.0,22.0,384.0,-198.0
-28.0,820.0,175.0,-134.0,149.0,369.0,-133.0,31.0,399.0,-288.0
31.0,686.0,232.0,-100.0,115.0,483.0,-132.0,-51.0,418.0,-365.0
34.0,584.0,232.0,-37.0,74.0,393.0,-127.0,114.0,416.0,-407.0
66.0,569.0,245.0,57.0,24.0,180.0,-128.0,92.0,401.0,-435.0
83.0,532.0,273.0,122.0,-26.0,1.0,-136.0,203.0,359.0,-436.0
110.0,420.0,268.0,184.0,-67.0,73.0,-152.0,295.0,292.0,-427.0
129.0,317.0,288.0,224.0,-91.0,167.0,-155.0,358.0,223.0,-404.0
133.0,310.0,294.0,248.0,-97.0,114.0,-165.0,473.0,142.0,-379.0
162.0,393.0,311.0,228.0,-93.0,44.0,-161.0,436.0,66.0,-378.0
168.0,436.0,310.0,191.0,-87.0,77.0,-155.0,460.0,-3.0,-372.0
210.0,322.0,310.0,189.0,-83.0,263.0,-174.0,354.0,-86.0,-386.0
226.0,146.0,292.0,183.0,-82.0,344.0,-201.0,280.0,-177.0,-409.0
247.0,26.0,304.0,205.0,-81.0,300.0,-216.0,64.0,-260.0,-449.0
292.0,-37.0,325.0,236.0,-76.0,282.0,-208.0,-195.0,-327.0,-527.0
303.0,-109.0,348.0,249.0,-62.0,267.0,-185.0,-312.0,-395.0,-612.0
296.0,-267.0,376.0,283.0,-38.0,231.0,-167.0,-548.0,-471.0,-729.0
275.0,-513.0,373.0,335.0,-14.0,292.0,-176.0,-532.0,-552.0,-848.0
263.0,-764.0,363.0,384.0,-1.0,342.0,-180.0,-415.0,-629.0,-946.0
234.0,-983.0,339.0,452.0,-1.0,139.0,-186.0,-166.0,-651.0,-1040.0
221.0,-1178.0,322.0,522.0,-15.0,16.0,-188.0,118.0,-622.0,-1096.0
220.0,-1271.0,279.0,570.0,-35.0,154.0,-210.0,177.0,-580.0,-1116.0
236.0,-1275.0,243.0,623.0,-47.0,292.0,-250.0,229.0,-531.0,-1115.0
229.0,-1229.0,213.0,622.0,-55.0,289.0,-253.0,127.0,-513.0,-1093.0
199.0,-1096.0,174.0,583.0,-68.0,210.0,-269.0,97.0,-490.0,-1057.0
188.0,-909.0,142.0,525.0,-89.0,181.0,-282.0,-33.0,-439.0,-1026.0
153.0,-750.0,106.0,446.0,-102.0,91.0,-280.0,-125.0,-365.0,-983.0
136.0,-584.0,51.0,370.0,-99.0,121.0,-294.0,-27.0,-270.0,-937.0
135.0,-346.0,0.0,264.0,-88.0,321.0,-291.0,-144.0,-180.0,-894.0
154.0,-84.0,-7.0,195.0,-71.0,331.0,-256.0,-90.0,-102.0,-844.0
163.0,150.0,-62.0,173.0,-55.0,147.0,-215.0,-142.0,-43.0,-799.0
143.0,316.0,-82.0,116.0,-32.0,52.0,-205.0,-221.0,14.0,-746.0
123.0,401.0,-60.0,67.0,-1.0,230.0,-220.0,-83.0,61.0,-695.0
89.0,488.0,-81.0,47.0,30.0,409.0,-223.0,-1.0,100.0,-628.0
47.0,642.0,-63.0,22.0,54.0,345.0,-201.0,149.0,161.0,-531.0
23.0,735.0,-26.0,9.0,65.0,169.0,-172.0,116.0,222.0,-426.0
16.0,647.0,-21.0,35.0,74.0,112.0,-163.0,173.0,246.0,-298.0
11.0,460.0,-22.0,72.0,91.0,210.0,-192.0,271.0,256.0,-178.0
-7.0,264.0,-8.0,91.0,116.0,302.0,-263.0,242.0,283.0,-80.0
-42.0,72.0,-19.0,133.0,149.0,341.0,-344.0,291.0,323.0,-15.0
-83.0,-122.0,-5.0,152.0,179.0,331.0,-398.0,201.0,364.0,15.0
-139.0,-314.0,6.0,128.0,199.0,261.0,-426.0,216.0,381.0,27.0
-155.0,-494.0,0.0,83.0,206.0,192.0,-406.0,182.0,383.0,24.0
-179.0,-610.0,0.0,-38.0,200.0,282.0,-334.0,140.0,374.0,28.0
-186.0,-587.0,-32.0,-204.0,174.0,421.0,-271.0,218.0,354.0,41.0
-170.0,-401.0,-23.0,-373.0,125.0,411.0,-235.0,354.0,322.0,57.0
-130.0,-110.0,-75.0,-532.0,61.0,367.0,-199.0,561.0,267.0,59.0
-95.0,162.0,-117.0,-639.0,0.0,435.0,-157.0,441.0,202.0,71.0
-99.0,352.0,-108.0,-690.0,-40.0,485.0,-112.0,319.0,146.0,82.0
-39.0,414.0,-162.0,-690.0,-53.0,436.0,-74.0,227.0,114.0,78.0
-36.0,319.0,-162.0,-616.0,-42.0,438.0,-56.0,253.0,99.0,88.0
-26.0,134.0,-179.0,-519.0,-19.0,388.0,-35.0,384.0,96.0,112.0
-22.0,-32.0,-219.0,-450.0,2.0,252.0,-22.0,240.0,81.0,155.0
-46.0,-124.0,-215.0,-383.0,18.0,171.0,-23.0,153.0,56.0,207.0
-59.0,-127.0,-217.0,-340.0,23.0,251.0,-4.0,-14.0,60.0,286.0
-117.0,-45.0,-231.0,-335.0,27.0,421.0,10.0,-53.0,86.0,369.0
-120.0,35.0,-228.0,-332.0,33.0,418.0,24.0,-16.0,93.0,437.0
-149.0,45.0,-210.0,-316.0,41.0,375.0,35.0,-64.0,95.0,509.0
-155.0,-14.0,-219.0,-285.0,60.0,342.0,41.0,31.0,85.0,560.0
-150.0,-124.0,-202.0,-248.0,82.0,292.0,47.0,-31.0,69.0,612.0
-117.0,-209.0,-182.0,-168.0,93.0,310.0,24.0,18.0,59.0,674.0
-79.0,-176.0,-164.0,-78.0,94.0,300.0,7.0,-9.0,49.0,738.0
-69.0,-19.0,-154.0,-19.0,86.0,385.0,-12.0,-44.0,56.0,816.0
-26.0,158.0,-96.0,62.0,69.0,464.0,-34.0,53.0,53.0,889.0
-25.0,212.0,-28.0,150.0,36.0,368.0,-32.0,-49.0,80.0,954.0
-18.0,118.0,-4.0,203.0,-18.0,356.0,-24.0,33.0,149.0,1006.0
-67.0,40.0,78.0,249.0,-81.0,428.0,3.0,97.0,203.0,1044.0
-96.0,111.0,118.0,307.0,-136.0,428.0,24.0,120.0,258.0,1048.0
-113.0,293.0,139.0,341.0,-182.0,396.0,51.0,147.0,298.0,1027.0
-144.0,532.0,205.0,356.0,-218.0,382.0,72.0,131.0,322.0,1001.0
-159.0,795.0,235.0,360.0,-242.0,379.0,61.0,129.0,374.0,952.0
-194.0,941.0,251.0,354.0,-254.0,349.0,86.0,-66.0,434.0,890.0
-183.0,813.0,293.0,366.0,-260.0,329.0,116.0,-62.0,444.0,812.0
-184.0,442.0,302.0,362.0,-258.0,352.0,144.0,-75.0,425.0,740.0
-182.0,34.0,293.0,345.0,-249.0,333.0,155.0,-145.0,414.0,651.0
-187.0,-209.0,298.0,339.0,-236.0,256.0,130.0,-44.0,411.0,555.0
-187.0,-246.0,277.0,297.0,-213.0,287.0,102.0,24.0,392.0,489.0
-212.0,-146.0,260.0,268.0,-169.0,437.0,72.0,242.0,329.0,414.0
-239.0,-64.0,222.0,258.0,-111.0,519.0,89.0,288.0,262.0,355.0
-226.0,-118.0,191.0,241.0,-47.0,457.0,104.0,242.0,190.0,297.0
-194.0,-240.0,163.0,249.0,11.0,339.0,116.0,277.0,116.0,258.0
-138.0,-311.0,145.0,252.0,58.0,252.0,153.0,279.0,51.0,242.0
-85.0,-329.0,153.0,229.0,91.0,229.0,155.0,323.0,-30.0,211.0
15.0,-329.0,121.0,210.0,110.0,329.0,176.0,245.0,-119.0,220.0
111.0,-273.0,118.0,208.0,111.0,362.0,205.0,256.0,-213.0,228.0
184.0,-192.0,121.0,149.0,88.0,197.0,218.0,175.0,-296.0,221.0
266.0,-153.0,125.0,76.0,52.0,139.0,249.0,168.0,-345.0,221.0
360.0,-135.0,111.0,33.0,15.0,250.0,262.0,264.0,-358.0,217.0
434.0,-95.0,99.0,-38.0,-18.0,225.0,284.0,210.0,-386.0,200.0
505.0,8.0,110.0,-99.0,-39.0,219.0,344.0,260.0,-422.0,154.0
598.0,160.0,58.0,-115.0,-50.0,319.0,418.0,84.0,-433.0,109.0
680.0,323.0,54.0,-143.0,-62.0,247.0,477.0,51.0,-446.0,57.0
765.0,470.0,7.0,-171.0,-73.0,250.0,496.0,77.0,-454.0,-8.0
817.0,556.0,-35.0,-166.0,-84.0,252.0,489.0,-70.0,-468.0,-66.0
859.0,535.0,-45.0,-146.0,-94.0,66.0,453.0,-94.0,-482.0,-93.0
877.0,411.0,-109.0,-128.0,-102.0,69.0,414.0,-254.0,-488.0,-81.0
890.0,225.0,-114.0,-119.0,-118.0,304.0,384.0,-266.0,-466.0,-75.0
901.0,15.0,-151.0,-76.0,-137.0,379.0,350.0,-247.0,-413.0,-61.0
891.0,-172.0,-170.0,-76.0,-143.0,250.0,303.0,-182.0,-370.0,-11.0
873.0,-269.0,-171.0,-93.0,-135.0,370.0,271.0,-72.0,-340.0,36.0
841.0,-241.0,-158.0,-44.0,-113.0,456.0,300.0,-88.0,-324.0,80.0
790.0,-129.0,-135.0,-10.0,-91.0,315.0,334.0,38.0,-272.0,149.0
731.0,-18.0,-154.0,38.0,-76.0,364.0,362.0,-36.0,-199.0,226.0
682.0,25.0,-116.0,89.0,-59.0,523.0,367.0,-46.0,-149.0,281.0
610.0,43.0,-108.0,125.0,-36.0,411.0,361.0,-18.0,-108.0,336.0
535.0,141.0,-82.0,183.0,-2.0,146.0,359.0,-131.0,-56.0,394.0
452.0,313.0,-30.0,245.0,33.0,255.0,325.0,-118.0,21.0,414.0
378.0,466.0,5.0,301.0,61.0,406.0,303.0,-232.0,69.0,403.0
301.0,617.0,42.0,335.0,79.0,374.0,289.0,-221.0,91.0,393.0
233.0,801.0,83.0,375.0,89.0,454.0,229.0,-171.0,120.0,376.0
189.0,937.0,133.0,432.0,80.0,530.0,152.0,-70.0,158.0,324.0
141.0,937.0,148.0,468.0,52.0,487.0,141.0,60.0,206.0,261.0
108.0,809.0,174.0,482.0,22.0,490.0,140.0,77.0,257.0,203.0
68.0,649.0,172.0,522.0,10.0,607.0,153.0,206.0,301.0,135.0
40.0,551.0,166.0,525.0,23.0,603.0,193.0,155.0,317.0,74.0
-9.0,492.0,135.0,472.0,47.0,502.0,204.0,206.0,311.0,22.0
-63.0,365.0,92.0,394.0,75.0,436.0,204.0,205.0,267.0,1.0
-96.0,165.0,56.0,252.0,107.0,505.0,134.0,59.0,201.0,-6.0
-140.0,-7.0,-28.0,134.0,141.0,486.0,92.0,94.0,134.0,-38.0
-166.0,-99.0,-74.0,27.0,164.0,374.0,119.0,24.0,57.0,-55.0
-186.0,-96.0,-138.0,-67.0,170.0,431.0,129.0,92.0,5.0,-39.0
-187.0,-81.0,-196.0,-129.0,167.0,433.0,126.0,147.0,-19.0,-20.0
-211.0,-178.0,-228.0,-172.0,167.0,392.0,97.0,147.0,-24.0,26.0
-248.0,-360.0,-261.0,-147.0,172.0,385.0,87.0,96.0,-27.0,106.0
-266.0,-532.0,-271.0,-106.0,181.0,423.0,102.0,-55.0,-42.0,180.0
-300.0,-683.0,-251.0,-32.0,189.0,430.0,129.0,7.0,-47.0,250.0
-289.0,-790.0,-229.0,36.0,195.0,365.0,177.0,120.0,-22.0,305.0
-267.0,-818.0,-225.0,86.0,195.0,349.0,219.0,303.0,-9.0,337.0
-239.0,-827.0,-191.0,162.0,180.0,402.0,221.0,330.0,15.0,337.0
-228.0,-834.0,-172.0,226.0,154.0,447.0,192.0,339.0,71.0,298.0
-237.0,-782.0,-150.0,305.0,122.0,302.0,193.0,330.0,100.0,274.0
-225.0,-704.0,-128.0,362.0,79.0,139.0,237.0,101.0,110.0,247.0
-254.0,-726.0,-116.0,362.0,34.0,162.0,277.0,136.0,116.0,200.0
-256.0,-869.0,-94.0,322.0,-7.0,269.0,282.0,14.0,137.0,176.0
-283.0,-996.0,-85.0,289.0,-39.0,248.0,257.0,-81.0,164.0,193.0
-316.0,-958.0,-88.0,307.0,-58.0,162.0,220.0,-81.0,159.0,247.0
-357.0,-660.0,-80.0,356.0,-64.0,228.0,196.0,-218.0,132.0,306.0
-422.0,-169.0,-66.0,387.0,-60.0,246.0,208.0,-86.0,94.0,404.0
-443.0,307.0,-93.0,424.0,-53.0,150.0,250.0,-83.0,43.0,543.0
-485.0,661.0,-63.0,472.0,-41.0,80.0,276.0,48.0,-16.0,647.0
-456.0,915.0,-30.0,491.0,-23.0,131.0,318.0,210.0,-65.0,724.0
-430.0,1111.0,-39.0,504.0,1.0,188.0,359.0,195.0,-92.0,787.0
-406.0,1249.0,-23.0,504.0,30.0,109.0,370.0,243.0,-115.0,824.0
-353.0,1283.0,-14.0,480.0,55.0,85.0,370.0,72.0,-157.0,824.0
-354.0,1192.0,-14.0,445.0,75.0,150.0,379.0,-29.0,-211.0,806.0
-326.0,960.0,-21.0,397.0,92.0,130.0,403.0,-70.0,-262.0,793.0
-297.0,615.0,-25.0,313.0,102.0,54.0,394.0,-73.0,-291.0,758.0
-224.0,255.0,-68.0,223.0,101.0,25.0,344.0,38.0,-294.0,707.0
-116.0,-7.0,-109.0,124.0,94.0,6.0,286.0,184.0,-272.0,688.0
-18.0,-63.0,-148.0,10.0,88.0,-10.0,255.0,376.0,-224.0,676.0
87.0,54.0,-199.0,-97.0,86.0,-51.0,251.0,343.0,-162.0,651.0
171.0,179.0,-216.0,-213.0,80.0,0.0,260.0,249.0,-90.0,635.0
268.0,272.0,-252.0,-335.0,56.0,105.0,294.0,103.0,-19.0,649.0
375.0,406.0,-286.0,-413.0,14.0,33.0,334.0,20.0,49.0,661.0
456.0,544.0,-298.0,-421.0,-27.0,-32.0,365.0,92.0,102.0,640.0
537.0,574.0,-310.0,-427.0,-54.0,-57.0,357.0,55.0,136.0,630.0
599.0,479.0,-318.0,-373.0,-57.0,12.0,316.0,107.0,156.0,642.0
642.0,288.0,-300.0,-304.0,-41.0,154.0,289.0,-9.0,164.0,642.0
637.0,38.0,-317.0,-267.0,-19.0,118.0,311.0,-149.0,162.0,627.0
578.0,-197.0,-322.0,-218.0,0.0,-1.0,314.0,-147.0,189.0,636.0
524.0,-389.0,-301.0,-214.0,17.0,-112.0,271.0,-166.0,248.0,646.0
433.0,-564.0,-344.0,-168.0,41.0,-99.0,223.0,38.0,292.0,631.0
379.0,-734.0,-310.0,-112.0,73.0,42.0,175.0,40.0,318.0,620.0
336.0,-893.0,-299.0,-65.0,98.0,128.0,146.0,46.0,315.0,611.0
272.0,-1014.0,-310.0,6.0,99.0,-21.0,115.0,125.0,304.0,596.0
234.0,-1072.0,-251.0,58.0,79.0,-208.0,99.0,112.0,298.0,561.0
190.0,-1105.0,-236.0,116.0,49.0,-107.0,115.0,208.0,305.0,520.0
142.0,-1162.0,-195.0,168.0,17.0,-21.0,126.0,234.0,320.0,475.0
70.0,-1270.0,-161.0,214.0,-13.0,-85.0,138.0,382.0,303.0,409.0
44.0,-1409.0,-123.0,211.0,-48.0,-147.0,127.0,548.0,260.0,344.0
39.0,-1475.0,-66.0,164.0,-84.0,-140.0,92.0,700.0,202.0,288.0
25.0,-1375.0,-44.0,146.0,-107.0,-79.0,104.0,648.0,161.0,227.0
19.0,-1133.0,22.0,145.0,-115.0,-58.0,124.0,436.0,156.0,149.0
13.0,-828.0,61.0,170.0,-103.0,16.0,112.0,352.0,189.0,65.0
3.0,-503.0,85.0,202.0,-84.0,66.0,127.0,88.0,243.0,-17.0
-28.0,-224.0,112.0,200.0,-75.0,64.0,124.0,-48.0,293.0,-125.0
-79.0,-34.0,108.0,199.0,-77.0,156.0,107.0,-155.0,307.0,-250.0
-144.0,64.0,96.0,197.0,-87.0,191.0,76.0,-144.0,282.0,-355.0
-195.0,53.0,74.0,165.0,-95.0,101.0,32.0,53.0,232.0,-450.0
-233.0,-46.0,63.0,122.0,-88.0,21.0,14.0,60.0,187.0,-539.0
-245.0,-99.0,23.0,56.0,-67.0,109.0,-24.0,157.0,130.0,-611.0
-263.0,56.0,4.0,16.0,-51.0,204.0,-71.0,118.0,30.0,-636.0
-246.0,402.0,-10.0,-16.0,-51.0,58.0,-110.0,107.0,-45.0,-617.0
-244.0,823.0,-21.0,-90.0,-63.0,-86.0,-114.0,123.0,-100.0,-594.0
-267.0,1192.0,-38.0,-142.0,-79.0,25.0,-116.0,-29.0,-158.0,-530.0
-268.0,1402.0,-47.0,-156.0,-89.0,258.0,-115.0,-48.0,-212.0,-438.0
-287.0,1430.0,-44.0,-165.0,-90.0,263.0,-74.0,-107.0,-259.0,-339.0
-263.0,1324.0,-68.0,-152.0,-76.0,82.0,-22.0,-11.0,-267.0,-220.0
-255.0,1150.0,-48.0,-105.0,-51.0,14.0,24.0,33.0,-245.0,-95.0
-218.0,963.0,-76.0,-76.0,-28.0,46.0,44.0,31.0,-233.0,22.0
-185.0,815.0,-77.0,-38.0,-28.0,120.0,59.0,53.0,-222.0,109.0
-146.0,664.0,-67.0,4.0,-47.0,109.0,68.0,-127.0,-205.0,175.0
-102.0,410.0,-87.0,34.0,-66.0,-5.0,82.0,-62.0,-201.0,216.0
-103.0,39.0,-61.0,38.0,-74.0,-47.0,112.0,14.0,-220.0,233.0
-80.0,-285.0,-76.0,1.0,-73.0,43.0,146.0,162.0,-246.0,228.0
-62.0,-372.0,-60.0,0.0,-63.0,183.0,158.0,271.0,-234.0,194.0
-21.0,-226.0,-66.0,-20.0,-35.0,159.0,141.0,164.0,-200.0,155.0
0.0,-49.0,-62.0,-71.0,15.0,5.0,118.0,125.0,-191.0,109.0
38.0,-44.0,-50.0,-108.0,70.0,-56.0,96.0,-35.0,-222.0,51.0
57.0,-258.0,-79.0,-146.0,115.0,36.0,92.0,-25.0,-274.0,0.0
79.0,-592.0,-38.0,-190.0,150.0,156.0,88.0,-7.0,-294.0,-35.0
114.0,-872.0,-40.0,-220.0,181.0,134.0,89.0,25.0,-275.0,-82.0
128.0,-969.0,-28.0,-237.0,204.0,108.0,82.0,103.0,-223.0,-134.0
164.0,-861.0,20.0,-262.0,221.0,145.0,79.0,36.0,-162.0,-173.0
163.0,-631.0,26.0,-257.0,237.0,19.0,105.0,153.0,-111.0,-202.0
234.0,-309.0,71.0,-242.0,251.0,-52.0,128.0,97.0,-46.0,-228.0
264.0,118.0,118.0,-227.0,264.0,80.0,130.0,138.0,49.0,-236.0
310.0,466.0,163.0,-192.0,267.0,139.0,115.0,308.0,154.0,-227.0
370.0,557.0,209.0,-134.0,248.0,52.0,103.0,277.0,276.0,-225.0
392.0,475.0,256.0,-49.0,197.0,-91.0,88.0,375.0,411.0,-225.0
468.0,423.0,307.0,52.0,120.0,-169.0,81.0,397.0,497.0,-220.0
487.0,480.0,318.0,178.0,38.0,-233.0,79.0,441.0,527.0,-183.0
530.0,564.0,349.0,297.0,-33.0,-272.0,93.0,399.0,531.0,-136.0
559.0,631.0,379.0,408.0,-92.0,-228.0,95.0,277.0,526.0,-71.0
590.0,686.0,391.0,499.0,-139.0,-256.0,94.0,227.0,527.0,36.0
621.0,750.0,400.0,529.0,-167.0,-315.0,134.0,84.0,512.0,136.0
597.0,804.0,396.0,512.0,-171.0,-305.0,169.0,70.0,467.0,212.0
599.0,809.0,412.0,460.0,-159.0,-232.0,194.0,-90.0,400.0,289.0
579.0,769.0,383.0,367.0,-142.0,-136.0,202.0,-116.0,317.0,360.0
554.0,631.0,370.0,245.0,-121.0,-148.0,194.0,-40.0,209.0,407.0
531.0,316.0,391.0,141.0,-94.0,-252.0,181.0,-60.0,107.0,450.0
482.0,-154.0,345.0,39.0,-61.0,-274.0,195.0,0.0,27.0,482.0
447.0,-651.0,345.0,-52.0,-25.0,-236.0,230.0,-48.0,-43.0,512.0
412.0,-1006.0,335.0,-90.0,7.0,-241.0,268.0,153.0,-54.0,538.0
349.0,-1104.0,271.0,-120.0,32.0,-302.0,294.0,232.0,-38.0,551.0
298.0,-936.0,252.0,-134.0,49.0,-357.0,275.0,297.0,-63.0,584.0
232.0,-644.0,223.0,-120.0,51.0,-360.0,275.0,439.0,-80.0,616.0
202.0,-371.0,174.0,-145.0,42.0,-284.0,278.0,351.0,-50.0,644.0
180.0,-100.0,134.0,-153.0,41.0,-173.0,265.0,334.0,-10.0,677.0
160.0,144.0,80.0,-126.0,63.0,-154.0,228.0,147.0,32.0,714.0
151.0,272.0,36.0,-109.0,102.0,-207.0,194.0,70.0,81.0,746.0
101.0,321.0,-14.0,-75.0,132.0,-275.0,190.0,51.0,119.0,762.0
80.0,404.0,-85.0,-32.0,145.0,-242.0,163.0,1.0,141.0,771.0
24.0,549.0,-128.0,25.0,148.0,-180.0,165.0,-14.0,145.0,767.0
-38.0,697.0,-175.0,107.0,146.0,-238.0,188.0,-145.0,123.0,742.0
-81.0,798.0,-215.0,183.0,147.0,-273.0,201.0,-96.0,78.0,719.0
-86.0,885.0,-221.0,252.0,148.0,-142.0,227.0,-149.0,18.0,710.0
-75.0,1025.0,-249.0,286.0,147.0,-13.0,258.0,-110.0,-48.0,707.0
-102.0,1139.0,-255.0,294.0,141.0,-68.0,267.0,-38.0,-113.0,719.0
-123.0,1044.0,-255.0,339.0,128.0,-146.0,261.0,-149.0,-174.0,714.0
-149.0,706.0,-264.0,356.0,120.0,-175.0,249.0,-81.0,-231.0,687.0
-177.0,337.0,-242.0,328.0,124.0,-85.0,216.0,-14.0,-242.0,651.0
-235.0,146.0,-226.0,314.0,129.0,75.0,174.0,142.0,-214.0,595.0
-266.0,59.0,-197.0,326.0,116.0,91.0,159.0,194.0,-201.0,522.0
-291.0,-109.0,-173.0,328.0,74.0,-14.0,191.0,84.0,-218.0,444.0
-322.0,-394.0,-158.0,318.0,13.0,-129.0,204.0,55.0,-265.0,352.0
-337.0,-723.0,-128.0,365.0,-48.0,-106.0,207.0,-96.0,-290.0,247.0
-378.0,-1010.0,-112.0,372.0,-99.0,26.0,208.0,-140.0,-258.0,159.0
-390.0,-1155.0,-74.0,371.0,-136.0,81.0,203.0,-133.0,-187.0,72.0
-405.0,-1107.0,-43.0,412.0,-164.0,-20.0,226.0,-99.0,-98.0,-12.0
-409.0,-921.0,-13.0,397.0,-183.0,-123.0,210.0,-40.0,-3.0,-98.0
-403.0,-698.0,20.0,373.0,-186.0,-102.0,177.0,-109.0,116.0,-176.0
-382.0,-527.0,17.0,363.0,-174.0,-73.0,176.0,-103.0,229.0,-234.0
-331.0,-401.0,23.0,349.0,-155.0,-146.0,150.0,-96.0,334.0,-295.0
-305.0,-238.0,40.0,335.0,-133.0,-230.0,108.0,24.0,418.0,-335.0
-267.0,-66.0,47.0,332.0,-110.0,-116.0,60.0,12.0,446.0,-365.0
-236.0,-36.0,50.0,310.0,-91.0,31.0,4.0,-57.0,464.0,-374.0
-207.0,-215.0,69.0,262.0,-74.0,-50.0,-38.0,40.0,470.0,-373.0
-187.0,-482.0,63.0,224.0,-60.0,-116.0,-73.0,-11.0,447.0,-365.0
-160.0,-668.0,56.0,197.0,-59.0,-45.0,-82.0,64.0,379.0,-352.0
-105.0,-725.0,80.0,180.0,-83.0,-56.0,-70.0,79.0,277.0,-345.0
-46.0,-740.0,90.0,155.0,-118.0,-119.0,-71.0,97.0,203.0,-315.0
14.0,-733.0,99.0,126.0,-136.0,-125.0,-62.0,147.0,151.0,-295.0
68.0,-593.0,114.0,65.0,-126.0,-200.0,-38.0,118.0,116.0,-273.0
135.0,-309.0,119.0,20.0,-96.0,-246.0,-24.0,212.0,100.0,-242.0
170.0,-6.0,133.0,44.0,-61.0,-146.0,32.0,171.0,73.0,-212.0
194.0,253.0,147.0,53.0,-23.0,-131.0,97.0,314.0,11.0,-166.0
189.0,487.0,138.0,53.0,24.0,-241.0,112.0,336.0,-60.0,-93.0
165.0,703.0,133.0,44.0,78.0,-272.0,105.0,210.0,-136.0,-27.0
150.0,915.0,123.0,9.0,134.0,-158.0,88.0,158.0,-225.0,31.0
106.0,1093.0,108.0,-10.0,177.0,-92.0,109.0,24.0,-273.0,111.0
86.0,1134.0,78.0,-24.0,199.0,-141.0,117.0,258.0,-287.0,174.0
35.0,1007.0,50.0,-65.0,197.0,-175.0,113.0,354.0,-290.0,231.0
-8.0,819.0,29.0,-108.0,171.0,-112.0,142.0,308.0,-284.0,280.0
-33.0,582.0,-1.0,-110.0,134.0,-85.0,159.0,338.0,-265.0,324.0
-68.0,150.0,-15.0,-121.0,96.0,-159.0,169.0,282.0,-243.0,340.0
-73.0,-488.0,-22.0,-125.0,60.0,-210.0,163.0,297.0,-237.0,318.0
-83.0,-1111.0,-27.0,-92.0,31.0,-200.0,134.0,177.0,-216.0,301.0
-91.0,-1412.0,-14.0,-56.0,12.0,-136.0,105.0,101.0,-214.0,257.0
-89.0,-1289.0,6.0,-21.0,15.0,-118.0,91.0,-5.0,-199.0,194.0
-62.0,-895.0,16.0,31.0,43.0,-53.0,75.0,-64.0,-165.0,141.0
-26.0,-401.0,36.0,80.0,72.0,-66.0,73.0,-64.0,-159.0,105.0
2.0,109.0,53.0,87.0,75.0,-83.0,81.0,-123.0,-161.0,79.0
59.0,568.0,57.0,76.0,47.0,79.0,81.0,9.0,-152.0,54.0
103.0,871.0,47.0,31.0,2.0,89.0,82.0,173.0,-91.0,77.0
141.0,883.0,31.0,-31.0,-45.0,10.0,74.0,376.0,-12.0,99.0
170.0,481.0,13.0,-74.0,-85.0,-43.0,95.0,430.0,61.0,101.0
173.0,-196.0,-2.0,-127.0,-101.0,0.0,137.0,349.0,109.0,110.0
175.0,-767.0,0.0,-179.0,-86.0,98.0,164.0,223.0,138.0,117.0
139.0,-1067.0,-14.0,-237.0,-56.0,113.0,162.0,-27.0,181.0,125.0
123.0,-1178.0,-5.0,-316.0,-37.0,125.0,134.0,-31.0,207.0,134.0
126.0,-1116.0,0.0,-364.0,-27.0,81.0,117.0,11.0,201.0,148.0
122.0,-876.0,-22.0,-371.0,-23.0,93.0,126.0,42.0,166.0,157.0
141.0,-604.0,-31.0,-387.0,-24.0,114.0,148.0,48.0,131.0,157.0
151.0,-460.0,-36.0,-382.0,-26.0,68.0,191.0,16.0,97.0,137.0
156.0,-430.0,-54.0,-349.0,-25.0,1.0,235.0,120.0,54.0,129.0
146.0,-344.0,-60.0,-332.0,-7.0,-11.0,249.0,12.0,28.0,117.0
146.0,-114.0,-51.0,-317.0,35.0,21.0,226.0,-29.0,21.0,87.0
154.0,200.0,-63.0,-279.0,91.0,9.0,218.0,-5.0,26.0,88.0
169.0,559.0,-61.0,-228.0,134.0,50.0,240.0,-62.0,37.0,133.0
185.0,942.0,-46.0,-169.0,149.0,0.0,254.0,36.0,32.0,187.0
187.0,1267.0,-26.0,-108.0,149.0,-89.0,229.0,88.0,29.0,261.0
219.0,1453.0,-18.0,-68.0,152.0,-113.0,179.0,188.0,50.0,375.0
253.0,1493.0,-5.0,-52.0,159.0,-101.0,178.0,249.0,84.0,454.0
293.0,1447.0,32.0,-48.0,155.0,-36.0,208.0,267.0,108.0,504.0
339.0,1426.0,28.0,-42.0,124.0,-83.0,216.0,242.0,84.0,541.0
391.0,1350.0,24.0,-30.0,73.0,-146.0,199.0,201.0,45.0,561.0
428.0,1003.0,33.0,-33.0,19.0,-119.0,191.0,314.0,39.0,551.0
455.0,440.0,28.0,-31.0,-17.0,-83.0,204.0,254.0,71.0,524.0
475.0,-71.0,27.0,-5.0,-31.0,-57.0,243.0,339.0,130.0,528.0
478.0,-466.0,33.0,9.0,-19.0,18.0,277.0,432.0,154.0,531.0
502.0,-794.0,48.0,54.0,13.0,51.0,266.0,290.0,114.0,520.0
508.0,-979.0,53.0,129.0,50.0,17.0,267.0,301.0,40.0,511.0
549.0,-983.0,57.0,228.0,74.0,17.0,254.0,208.0,-15.0,510.0
591.0,-814.0,71.0,322.0,81.0,-21.0,222.0,64.0,-29.0,499.0
603.0,-558.0,81.0,392.0,87.0,-98.0,201.0,14.0,-35.0,465.0
612.0,-349.0,95.0,439.0,99.0,-101.0,182.0,9.0,-37.0,429.0
581.0,-147.0,123.0,470.0,104.0,7.0,193.0,-73.0,-48.0,404.0
574.0,162.0,142.0,491.0,95.0,59.0,210.0,-112.0,-77.0,358.0
548.0,577.0,184.0,458.0,78.0,-66.0,235.0,7.0,-126.0,291.0
527.0,945.0,216.0,448.0,58.0,-162.0,273.0,96.0,-196.0,231.0
493.0,1089.0,232.0,412.0,48.0,-34.0,295.0,290.0,-256.0,151.0
454.0,1037.0,261.0,299.0,52.0,18.0,308.0,269.0,-302.0,61.0
413.0,982.0,273.0,131.0,68.0,-62.0,301.0,166.0,-329.0,-37.0
324.0,968.0,285.0,-50.0,86.0,-27.0,270.0,48.0,-363.0,-126.0
253.0,922.0,275.0,-176.0,99.0,6.0,250.0,-269.0,-409.0,-193.0
177.0,798.0,290.0,-269.0,100.0,-21.0,236.0,-238.0,-437.0,-265.0
102.0,545.0,287.0,-326.0,94.0,-49.0,210.0,-153.0,-440.0,-307.0
23.0,148.0,273.0,-365.0,75.0,-37.0,195.0,-24.0,-403.0,-320.0
-20.0,-298.0,282.0,-352.0,34.0,-29.0,180.0,240.0,-344.0,-354.0
-58.0,-679.0,238.0,-363.0,-29.0,-127.0,146.0,273.0,-262.0,-396.0
-101.0,-945.0,199.0,-408.0,-110.0,-239.0,107.0,328.0,-164.0,-401.0
-137.0,-1013.0,149.0,-390.0,-196.0,-143.0,95.0,195.0,-69.0,-410.0
-193.0,-793.0,107.0,-369.0,-267.0,34.0,94.0,99.0,14.0,-419.0
-258.0,-357.0,82.0,-299.0,-298.0,-9.0,101.0,92.0,45.0,-389.0
-336.0,88.0,52.0,-186.0,-287.0,-127.0,93.0,99.0,78.0,-352.0
-385.0,408.0,44.0,-70.0,-255.0,-62.0,54.0,369.0,127.0,-332.0
-422.0,572.0,27.0,79.0,-222.0,39.0,29.0,426.0,200.0,-332.0
-432.0,610.0,28.0,218.0,-202.0,0.0,-17.0,513.0,282.0,-348.0
-435.0,633.0,49.0,304.0,-191.0,15.0,-34.0,452.0,337.0,-392.0
-435.0,680.0,57.0,342.0,-183.0,83.0,-9.0,238.0,376.0,-462.0
-446.0,641.0,69.0,380.0,-173.0,-20.0,-7.0,184.0,369.0,-520.0
-471.0,467.0,100.0,431.0,-163.0,-141.0,15.0,44.0,361.0,-556.0
-493.0,222.0,117.0,447.0,-166.0,-80.0,21.0,116.0,354.0,-567.0
-516.0,-36.0,124.0,463.0,-161.0,8.0,16.0,53.0,330.0,-570.0
-509.0,-317.0,165.0,460.0,-125.0,-53.0,0.0,-25.0,315.0,-527.0
-496.0,-672.0,180.0,446.0,-65.0,-103.0,-34.0,66.0,304.0,-435.0
-456.0,-1050.0,172.0,434.0,6.0,-15.0,-69.0,147.0,317.0,-344.0
-415.0,-1294.0,185.0,403.0,84.0,135.0,-93.0,273.0,298.0,-228.0
-370.0,-1329.0,164.0,404.0,157.0,185.0,-84.0,251.0,257.0,-84.0
-327.0,-1265.0,137.0,393.0,214.0,84.0,-106.0,304.0,208.0,79.0
-272.0,-1189.0,97.0,357.0,243.0,-50.0,-122.0,293.0,132.0,228.0
-211.0,-964.0,53.0,297.0,249.0,-156.0,-113.0,282.0,55.0,361.0
-165.0,-561.0,24.0,215.0,239.0,-79.0,-118.0,203.0,-29.0,490.0
-122.0,-165.0,-29.0,117.0,214.0,31.0,-124.0,-55.0,-131.0,583.0
-83.0,145.0,-74.0,3.0,178.0,-4.0,-132.0,-173.0,-242.0,664.0
-31.0,408.0,-122.0,-74.0,133.0,-95.0,-128.0,-264.0,-327.0,744.0
-12.0,636.0,-169.0,-166.0,74.0,-204.0,-142.0,-151.0,-397.0,811.0
13.0,830.0,-201.0,-217.0,13.0,-123.0,-161.0,-105.0,-438.0,852.0
36.0,990.0,-222.0,-207.0,-35.0,31.0,-170.0,-157.0,-436.0,905.0
75.0,1059.0,-247.0,-217.0,-59.0,6.0,-172.0,-110.0,-411.0,946.0
113.0,1028.0,-260.0,-254.0,-63.0,-95.0,-160.0,-88.0,-358.0,969.0
132.0,991.0,-265.0,-282.0,-57.0,-39.0,-146.0,118.0,-252.0,986.0
156.0,973.0,-261.0,-316.0,-45.0,75.0,-112.0,133.0,-108.0,992.0
181.0,898.0,-235.0,-359.0,-30.0,32.0,-45.0,134.0,14.0,1015.0
237.0,724.0,-240.0,-390.0,-16.0,-87.0,-27.0,236.0,107.0,999.0
248.0,513.0,-212.0,-444.0,-2.0,-223.0,-69.0,218.0,180.0,973.0
283.0,322.0,-209.0,-491.0,19.0,-246.0,-107.0,273.0,272.0,957.0
315.0,113.0,-209.0,-502.0,62.0,-181.0,-144.0,177.0,363.0,891.0
313.0,-58.0,-174.0,-462.0,117.0,-132.0,-130.0,149.0,419.0,789.0
326.0,-45.0,-164.0,-443.0,164.0,-158.0,-105.0,51.0,444.0,675.0
311.0,115.0,-132.0,-435.0,188.0,-254.0,-102.0,33.0,446.0,558.0
294.0,262.0,-112.0,-387.0,188.0,-283.0,-105.0,195.0,479.0,413.0
264.0,293.0,-52.0,-372.0,172.0,-148.0,-132.0,109.0,502.0,281.0
237.0,234.0,-11.0,-350.0,148.0,-24.0,-157.0,177.0,496.0,197.0
221.0,119.0,13.0,-334.0,118.0,-171.0,-166.0,70.0,455.0,144.0
198.0,-35.0,55.0,-318.0,84.0,-365.0,-132.0,-81.0,383.0,112.0
208.0,-164.0,35.0,-321.0,56.0,-296.0,-103.0,-49.0,291.0,116.0
181.0,-208.0,41.0,-349.0,34.0,-91.0,-98.0,-51.0,181.0,172.0
148.0,-154.0,25.0,-311.0,17.0,-115.0,-111.0,131.0,95.0,224.0
127.0,-69.0,-14.0,-295.0,4.0,-245.0,-148.0,188.0,44.0,277.0
91.0,-42.0,-32.0,-308.0,-8.0,-249.0,-168.0,251.0,17.0,333.0
96.0,-142.0,-72.0,-313.0,-18.0,-259.0,-187.0,230.0,-2.0,376.0
67.0,-371.0,-107.0,-293.0,-6.0,-276.0,-218.0,166.0,-7.0,383.0
74.0,-582.0,-142.0,-293.0,26.0,-240.0,-246.0,138.0,0.0,349.0
57.0,-659.0,-169.0,-291.0,60.0,-250.0,-279.0,20.0,26.0,312.0
34.0,-597.0,-183.0,-193.0,80.0,-411.0,-288.0,240.0,34.0,251.0
16.0,-464.0,-209.0,-131.0,79.0,-465.0,-261.0,247.0,9.0,196.0
-40.0,-315.0,-202.0,-69.0,68.0,-333.0,-237.0,66.0,-17.0,167.0
-32.0,-168.0,-196.0,7.0,52.0,-239.0,-216.0,-29.0,-39.0,152.0
-82.0,-7.0,-181.0,35.0,31.0,-313.0,-208.0,-179.0,-10.0,165.0
-79.0,143.0,-138.0,61.0,23.0,-429.0,-194.0,-145.0,25.0,191.0
-77.0,165.0,-129.0,131.0,35.0,-361.0,-190.0,-205.0,63.0,242.0
-99.0,45.0,-104.0,155.0,70.0,-294.0,-182.0,-110.0,83.0,290.0
-120.0,-61.0,-102.0,180.0,110.0,-285.0,-168.0,-5.0,54.0,303.0
-160.0,28.0,-116.0,249.0,133.0,-301.0,-203.0,-62.0,20.0,307.0
-137.0,313.0,-94.0,228.0,128.0,-403.0,-227.0,-109.0,-3.0,282.0
-150.0,577.0,-103.0,235.0,95.0,-406.0,-233.0,-205.0,0.0,210.0
-138.0,668.0,-91.0,237.0,47.0,-250.0,-231.0,-123.0,37.0,129.0
-117.0,594.0,-88.0,236.0,3.0,-93.0,-231.0,-282.0,79.0,56.0
-90.0,418.0,-104.0,255.0,-27.0,-106.0,-215.0,-330.0,102.0,-18.0
-72.0,175.0,-99.0,325.0,-43.0,-206.0,-188.0,-186.0,116.0,-101.0
-68.0,-87.0,-110.0,383.0,-48.0,-202.0,-180.0,-219.0,129.0,-186.0
-54.0,-274.0,-122.0,414.0,-55.0,-111.0,-135.0,-184.0,152.0,-248.0
-36.0,-311.0,-135.0,539.0,-54.0,-31.0,-125.0,-230.0,166.0,-295.0
-21.0,-202.0,-131.0,621.0,-42.0,-75.0,-130.0,-81.0,174.0,-329.0
18.0,-20.0,-119.0,723.0,-25.0,-137.0,-88.0,24.0,181.0,-364.0
51.0,107.0,-85.0,802.0,-14.0,-48.0,-50.0,14.0,174.0,-376.0
64.0,86.0,-51.0,863.0,-18.0,-1.0,-26.0,107.0,169.0,-371.0
105.0,-29.0,-20.0,823.0,-30.0,-41.0,0.0,97.0,145.0,-375.0
103.0,-125.0,5.0,678.0,-39.0,-74.0,35.0,110.0,81.0,-340.0
154.0,-160.0,17.0,619.0,-52.0,-50.0,40.0,-86.0,-8.0,-304.0
174.0,-165.0,42.0,539.0,-79.0,31.0,18.0,-262.0,-89.0,-260.0
216.0,-126.0,40.0,469.0,-116.0,9.0,-2.0,-291.0,-164.0,-194.0
260.0,15.0,50.0,398.0,-145.0,-10.0,-17.0,-408.0,-227.0,-134.0
276.0,270.0,67.0,279.0,-161.0,14.0,-13.0,-480.0,-238.0,-70.0
324.0,558.0,60.0,155.0,-168.0,-83.0,14.0,-554.0,-239.0,-16.0
294.0,702.0,81.0,89.0,-169.0,-133.0,46.0,-509.0,-240.0,49.0
323.0,617.0,87.0,48.0,-159.0,5.0,56.0,-558.0,-250.0,111.0
318.0,416.0,78.0,43.0,-134.0,53.0,57.0,-609.0,-250.0,149.0
309.0,286.0,107.0,62.0,-106.0,-89.0,35.0,-508.0,-215.0,167.0
298.0,280.0,111.0,24.0,-89.0,-90.0,-4.0,-528.0,-172.0,165.0
280.0,291.0,122.0,-10.0,-80.0,50.0,-20.0,-395.0,-119.0,152.0
295.0,263.0,120.0,-83.0,-79.0,148.0,-19.0,-319.0,-64.0,117.0
255.0,224.0,113.0,-193.0,-83.0,90.0,-17.0,-251.0,-3.0,82.0
262.0,172.0,123.0,-296.0,-90.0,-24.0,-25.0,-90.0,28.0,52.0
282.0,94.0,111.0,-411.0,-94.0,43.0,-48.0,-144.0,27.0,15.0
277.0,10.0,133.0,-515.0,-92.0,114.0,-104.0,-206.0,31.0,-45.0
254.0,-34.0,124.0,-588.0,-92.0,123.0,-151.0,-341.0,28.0,-122.0
237.0,-19.0,117.0,-614.0,-94.0,107.0,-180.0,-358.0,39.0,-196.0
207.0,44.0,106.0,-613.0,-88.0,-53.0,-221.0,-388.0,67.0,-291.0
202.0,183.0,73.0,-622.0,-60.0,-200.0,-206.0,-526.0,117.0,-398.0
187.0,390.0,53.0,-555.0,-9.0,-140.0,-201.0,-509.0,184.0,-494.0
173.0,630.0,16.0,-467.0,49.0,-3.0,-244.0,-570.0,235.0,-574.0
176.0,903.0,12.0,-433.0,100.0,4.0,-287.0,-550.0,226.0,-651.0
151.0,1142.0,-30.0,-333.0,139.0,-118.0,-309.0,-615.0,170.0,-707.0
110.0,1232.0,-35.0,-286.0,176.0,-181.0,-278.0,-639.0,122.0,-719.0
31.0,1095.0,-67.0,-256.0,209.0,-105.0,-231.0,-580.0,103.0,-724.0
2.0,741.0,-136.0,-191.0,223.0,5.0,-189.0,-537.0,93.0,-722.0
-45.0,226.0,-162.0,-206.0,208.0,62.0,-172.0,-363.0,75.0,-690.0
-81.0,-354.0,-231.0,-141.0,172.0,-22.0,-183.0,-388.0,50.0,-632.0
-126.0,-894.0,-263.0,-27.0,127.0,-129.0,-180.0,-339.0,3.0,-539.0
-138.0,-1314.0,-298.0,77.0,85.0,-112.0,-168.0,-332.0,-24.0,-432.0
-121.0,-1491.0,-332.0,173.0,46.0,-22.0,-159.0,-275.0,-25.0,-295.0
-169.0,-1358.0,-369.0,262.0,22.0,21.0,-169.0,-134.0,-29.0,-126.0
-176.0,-963.0,-420.0,387.0,23.0,-109.0,-209.0,-192.0,-37.0,9.0
-219.0,-463.0,-461.0,445.0,41.0,-227.0,-235.0,-48.0,-51.0,138.0
-235.0,-89.0,-536.0,442.0,59.0,-75.0,-231.0,-62.0,-60.0,305.0
-262.0,4.0,-583.0,392.0,58.0,139.0,-230.0,-221.0,-51.0,450.0
-284.0,-195.0,-640.0,323.0,40.0,91.0,-217.0,-452.0,-23.0,561.0
-296.0,-498.0,-691.0,265.0,22.0,-134.0,-189.0,-646.0,-12.0,665.0
-307.0,-649.0,-718.0,201.0,22.0,-249.0,-172.0,-552.0,-20.0,751.0
-292.0,-558.0,-727.0,79.0,39.0,-133.0,-174.0,-511.0,-58.0,771.0
-303.0,-268.0,-704.0,-62.0,73.0,11.0,-199.0,-352.0,-111.0,739.0
-292.0,144.0,-670.0,-136.0,108.0,39.0,-227.0,-260.0,-165.0,720.0
-316.0,528.0,-601.0,-218.0,126.0,-43.0,-254.0,-229.0,-223.0,688.0
-310.0,684.0,-559.0,-272.0,126.0,-157.0,-262.0,-232.0,-265.0,632.0
-297.0,543.0,-504.0,-328.0,115.0,-71.0,-247.0,-295.0,-290.0,572.0
-261.0,158.0,-430.0,-428.0,111.0,164.0,-209.0,-136.0,-293.0,525.0
-204.0,-342.0,-354.0,-470.0,128.0,290.0,-136.0,-125.0,-300.0,481.0
-159.0,-737.0,-257.0,-491.0,163.0,181.0,-81.0,-46.0,-303.0,411.0
-113.0,-843.0,-155.0,-474.0,207.0,-8.0,-18.0,14.0,-288.0,351.0
-118.0,-666.0,-42.0,-425.0,243.0,8.0,21.0,-44.0,-269.0,308.0
-121.0,-339.0,56.0,-380.0,259.0,195.0,36.0,42.0,-216.0,255.0
-120.0,41.0,158.0,-339.0,250.0,209.0,48.0,-97.0,-143.0,189.0
-82.0,400.0,233.0,-347.0,215.0,4.0,29.0,-190.0,-64.0,137.0
-44.0,647.0,317.0,-370.0,160.0,43.0,18.0,-277.0,34.0,74.0
8.0,797.0,389.0,-371.0,94.0,361.0,-18.0,-297.0,112.0,-35.0
49.0,928.0,455.0,-363.0,25.0,396.0,-76.0,-147.0,180.0,-142.0
72.0,1013.0,525.0,-387.0,-32.0,160.0,-146.0,-136.0,238.0,-256.0
85.0,1000.0,544.0,-424.0,-70.0,43.0,-201.0,-109.0,270.0,-387.0
64.0,845.0,588.0,-457.0,-90.0,202.0,-196.0,-375.0,266.0,-502.0
59.0,463.0,618.0,-467.0,-94.0,458.0,-166.0,-622.0,235.0,-609.0
47.0,-120.0,603.0,-453.0,-93.0,330.0,-113.0,-720.0,189.0,-697.0
31.0,-724.0,600.0,-433.0,-97.0,84.0,-82.0,-750.0,135.0,-793.0
8.0,-1098.0,581.0,-367.0,-107.0,134.0,-83.0,-526.0,94.0,-881.0
0.0,-1067.0,553.0,-321.0,-123.0,215.0,-96.0,-465.0,32.0,-928.0
2.0,-679.0,550.0,-277.0,-143.0,217.0,-135.0,-306.0,-32.0,-972.0
28.0,-192.0,535.0,-204.0,-173.0,211.0,-179.0,-279.0,-74.0,-999.0
51.0,145.0,529.0,-105.0,-211.0,98.0,-234.0,-434.0,-126.0,-999.0
82.0,292.0,519.0,8.0,-248.0,-50.0,-276.0,-478.0,-174.0,-961.0
116.0,334.0,502.0,100.0,-281.0,32.0,-278.0,-594.0,-201.0,-896.0
146.0,363.0,503.0,158.0,-302.0,114.0,-269.0,-545.0,-193.0,-822.0
161.0,432.0,477.0,201.0,-316.0,-41.0,-254.0,-545.0,-139.0,-705.0
146.0,484.0,446.0,264.0,-323.0,-75.0,-258.0,-521.0,-77.0,-545.0
171.0,439.0,422.0,278.0,-314.0,100.0,-260.0,-485.0,-39.0,-371.0
164.0,338.0,376.0,301.0,-291.0,128.0,-252.0,-511.0,-17.0,-206.0
174.0,264.0,319.0,329.0,-262.0,-11.0,-238.0,-389.0,11.0,-33.0
196.0,234.0,309.0,331.0,-231.0,-58.0,-200.0,-393.0,39.0,119.0
211.0,287.0,239.0,329.0,-200.0,-47.0,-184.0,-461.0,55.0,213.0
203.0,472.0,162.0,304.0,-170.0,-89.0,-193.0,-598.0,80.0,276.0
154.0,788.0,104.0,318.0,-139.0,-122.0,-222.0,-607.0,88.0,322.0
91.0,1148.0,-17.0,362.0,-101.0,-67.0,-266.0,-546.0,64.0,328.0
14.0,1351.0,-91.0,418.0,-52.0,54.0,-308.0,-591.0,-5.0,293.0
-33.0,1264.0,-174.0,437.0,-3.0,44.0,-359.0,-535.0,-80.0,238.0
-86.0,876.0,-246.0,419.0,26.0,-89.0,-395.0,-665.0,-70.0,179.0
-94.0,237.0,-293.0,392.0,26.0,-133.0,-423.0,-716.0,0.0,106.0
-93.0,-485.0,-354.0,324.0,1.0,-162.0,-447.0,-691.0,58.0,0.0
-80.0,-1092.0,-393.0,272.0,-33.0,-68.0,-467.0,-703.0,61.0,-67.0
-70.0,-1457.0,-418.0,218.0,-58.0,83.0,-477.0,-589.0,56.0,-104.0
-46.0,-1569.0,-451.0,190.0,-67.0,21.0,-464.0,-530.0,60.0,-162.0
-8.0,-1433.0,-459.0,202.0,-62.0,-57.0,-464.0,-395.0,72.0,-223.0
11.0,-1089.0,-457.0,176.0,-36.0,-111.0,-479.0,-277.0,92.0,-265.0
42.0,-752.0,-493.0,171.0,9.0,-54.0,-504.0,-177.0,74.0,-282.0
64.0,-602.0,-465.0,197.0,64.0,55.0,-501.0,-232.0,18.0,-314.0
97.0,-613.0,-482.0,221.0,114.0,-28.0,-459.0,-354.0,-60.0,-335.0
69.0,-653.0,-497.0,242.0,147.0,-114.0,-405.0,-327.0,-123.0,-358.0
66.0,-648.0,-454.0,214.0,159.0,18.0,-349.0,-428.0,-143.0,-406.0
73.0,-590.0,-477.0,189.0,146.0,191.0,-308.0,-410.0,-154.0,-486.0
95.0,-461.0,-455.0,218.0,118.0,89.0,-272.0,-478.0,-169.0,-599.0
121.0,-249.0,-432.0,215.0,86.0,131.0,-241.0,-594.0,-187.0,-707.0
130.0,-8.0,-447.0,204.0,57.0,417.0,-227.0,-556.0,-197.0,-822.0
151.0,159.0,-417.0,190.0,31.0,423.0,-213.0,-617.0,-161.0,-943.0
117.0,233.0,-376.0,142.0,9.0,235.0,-167.0,-482.0,-106.0,-1025.0
70.0,257.0,-362.0,83.0,3.0,192.0,-113.0,-400.0,-61.0,-1068.0
-5.0,308.0,-311.0,-23.0,16.0,327.0,-103.0,-345.0,-10.0,-1101.0
-55.0,409.0,-267.0,-121.0,49.0,354.0,-123.0,-245.0,43.0,-1098.0
-117.0,407.0,-252.0,-179.0,91.0,343.0,-160.0,-354.0,94.0,-1058.0
-146.0,204.0,-183.0,-247.0,132.0,404.0,-190.0,-388.0,149.0,-1002.0
-167.0,-65.0,-152.0,-316.0,161.0,452.0,-201.0,-465.0,173.0,-937.0
-201.0,-276.0,-116.0,-393.0,162.0,468.0,-242.0,-487.0,157.0,-860.0
-217.0,-448.0,-73.0,-480.0,138.0,366.0,-285.0,-363.0,148.0,-772.0
-244.0,-552.0,-58.0,-519.0,94.0,311.0,-297.0,-247.0,131.0,-678.0
-237.0,-522.0,-20.0,-502.0,37.0,340.0,-290.0,-157.0,95.0,-586.0
-252.0,-433.0,-2.0,-467.0,-18.0,397.0,-255.0,-192.0,43.0,-493.0
-240.0,-398.0,20.0,-425.0,-64.0,436.0,-217.0,-218.0,-32.0,-412.0
-234.0,-413.0,61.0,-373.0,-95.0,386.0,-166.0,-358.0,-122.0,-370.0
-185.0,-452.0,69.0,-340.0,-118.0,344.0,-137.0,-471.0,-225.0,-341.0
-162.0,-495.0,92.0,-329.0,-133.0,411.0,-178.0,-497.0,-370.0,-336.0
-157.0,-479.0,163.0,-270.0,-141.0,531.0,-192.0,-441.0,-520.0,-348.0
-119.0,-382.0,161.0,-188.0,-146.0,519.0,-213.0,-197.0,-602.0,-373.0
-95.0,-256.0,226.0,-138.0,-141.0,401.0,-269.0,-158.0,-593.0,-401.0
-77.0,-184.0,272.0,-127.0,-125.0,342.0,-300.0,-96.0,-516.0,-397.0
-115.0,-168.0,293.0,-132.0,-98.0,434.0,-316.0,-138.0,-426.0,-413.0
-101.0,-124.0,378.0,-124.0,-56.0,521.0,-289.0,-240.0,-343.0,-422.0
-110.0,0.0,393.0,-114.0,-3.0,457.0,-287.0,-116.0,-245.0,-414.0
-111.0,180.0,461.0,-76.0,54.0,392.0,-313.0,-166.0,-133.0,-414.0
-147.0,337.0,488.0,-56.0,106.0,468.0,-299.0,-101.0,-32.0,-404.0
-173.0,451.0,516.0,-55.0,143.0,555.0,-283.0,-66.0,47.0,-390.0
-152.0,567.0,552.0,-23.0,155.0,458.0,-285.0,-75.0,80.0,-366.0
-202.0,705.0,560.0,-2.0,141.0,289.0,-299.0,-118.0,76.0,-348.0
-210.0,795.0,557.0,44.0,112.0,222.0,-317.0,-254.0,64.0,-324.0
-226.0,664.0,522.0,93.0,78.0,356.0,-343.0,-112.0,37.0,-256.0
-219.0,245.0,500.0,123.0,42.0,534.0,-342.0,-11.0,40.0,-168.0
-226.0,-283.0,421.0,135.0,0.0,529.0,-316.0,153.0,69.0,-79.0
-245.0,-709.0,393.0,93.0,-40.0,461.0,-315.0,177.0,85.0,16.0
-245.0,-967.0,314.0,41.0,-78.0,373.0,-344.0,53.0,87.0,96.0
-217.0,-968.0,216.0,6.0,-114.0,344.0,-363.0,81.0,71.0,148.0
-171.0,-682.0,156.0,-50.0,-148.0,432.0,-384.0,7.0,62.0,144.0
-148.0,-275.0,33.0,-109.0,-174.0,449.0,-406.0,46.0,50.0,103.0
-112.0,112.0,-53.0,-132.0,-173.0,413.0,-430.0,31.0,38.0,46.0
-83.0,445.0,-147.0,-132.0,-149.0,404.0,-455.0,66.0,25.0,-48.0
-48.0,728.0,-236.0,-114.0,-115.0,429.0,-458.0,127.0,0.0,-152.0
-47.0,955.0,-302.0,-106.0,-82.0,419.0,-465.0,-16.0,-24.0,-240.0
-21.0,1047.0,-364.0,-94.0,-59.0,369.0,-484.0,-157.0,-66.0,-297.0
-9.0,899.0,-404.0,-86.0,-51.0,414.0,-494.0,-393.0,-118.0,-332.0
20.0,561.0,-415.0,-55.0,-67.0,455.0,-451.0,-421.0,-173.0,-340.0
47.0,191.0,-417.0,-27.0,-109.0,444.0,-397.0,-402.0,-230.0,-313.0
89.0,-94.0,-410.0,-41.0,-164.0,417.0,-367.0,-317.0,-266.0,-302.0
140.0,-193.0,-366.0,-55.0,-210.0,365.0,-335.0,-59.0,-302.0,-301.0
117.0,-69.0,-325.0,-86.0,-237.0,372.0,-300.0,-96.0,-345.0,-313.0
146.0,187.0,-251.0,-124.0,-233.0,399.0,-266.0,-147.0,-380.0,-334.0
137.0,412.0,-149.0,-124.0,-202.0,369.0,-250.0,-212.0,-391.0,-361.0
173.0,541.0,-67.0,-107.0,-155.0,315.0,-235.0,-264.0,-372.0,-418.0
189.0,606.0,17.0,-79.0,-96.0,343.0,-258.0,-325.0,-307.0,-469.0
182.0,600.0,89.0,-43.0,-35.0,377.0,-314.0,-419.0,-197.0,-505.0
225.0,514.0,144.0,-19.0,20.0,310.0,-343.0,-338.0,-72.0,-553.0
208.0,390.0,189.0,36.0,59.0,260.0,-352.0,-290.0,52.0,-582.0
220.0,326.0,214.0,107.0,80.0,260.0,-338.0,-97.0,153.0,-580.0
210.0,348.0,223.0,167.0,85.0,382.0,-317.0,-60.0,240.0,-569.0
230.0,363.0,220.0,210.0,70.0,423.0,-292.0,-109.0,340.0,-550.0
254.0,351.0,193.0,193.0,30.0,181.0,-272.0,-14.0,429.0,-524.0
244.0,356.0,162.0,151.0,-18.0,-41.0,-253.0,-60.0,488.0,-487.0
248.0,333.0,96.0,103.0,-50.0,-43.0,-246.0,24.0,510.0,-469.0
234.0,224.0,12.0,77.0,-64.0,213.0,-246.0,14.0,511.0,-481.0
232.0,122.0,-51.0,88.0,-63.0,313.0,-211.0,66.0,506.0,-480.0
189.0,146.0,-133.0,109.0,-52.0,129.0,-191.0,131.0,481.0,-488.0
119.0,260.0,-185.0,133.0,-30.0,121.0,-193.0,14.0,449.0,-524.0
62.0,366.0,-237.0,117.0,2.0,261.0,-177.0,-42.0,414.0,-559.0
10.0,386.0,-295.0,71.0,39.0,262.0,-158.0,-301.0,343.0,-582.0
-23.0,265.0,-322.0,31.0,68.0,52.0,-152.0,-345.0,267.0,-581.0
-45.0,68.0,-357.0,-6.0,82.0,-74.0,-168.0,-284.0,187.0,-578.0
-70.0,-114.0,-376.0,-3.0,76.0,25.0,-166.0,-310.0,131.0,-556.0
-86.0,-265.0,-378.0,-18.0,57.0,200.0,-130.0,-243.0,85.0,-505.0
-104.0,-367.0,-384.0,-66.0,47.0,271.0,-102.0,-208.0,25.0,-474.0
-132.0,-406.0,-379.0,-83.0,57.0,145.0,-113.0,-73.0,-25.0,-444.0
-136.0,-381.0,-384.0,-103.0,86.0,-1.0,-154.0,-72.0,-84.0,-385.0
-135.0,-268.0,-380.0,-79.0,130.0,-33.0,-156.0,-5.0,-113.0,-320.0
-114.0,-76.0,-361.0,-35.0,170.0,96.0,-110.0,125.0,-136.0,-248.0
-95.0,88.0,-363.0,-26.0,196.0,144.0,-68.0,227.0,-163.0,-156.0
-90.0,132.0,-321.0,-13.0,197.0,43.0,-30.0,234.0,-183.0,-57.0
-79.0,19.0,-276.0,-38.0,171.0,5.0,-23.0,107.0,-214.0,38.0
-65.0,-215.0,-237.0,-74.0,135.0,79.0,-15.0,129.0,-221.0,102.0
-46.0,-472.0,-153.0,-117.0,102.0,252.0,-15.0,-48.0,-215.0,157.0
-39.0,-699.0,-99.0,-186.0,75.0,278.0,-54.0,-134.0,-213.0,202.0
4.0,-879.0,-36.0,-281.0,49.0,210.0,-59.0,-190.0,-230.0,218.0
43.0,-956.0,34.0,-394.0,25.0,237.0,-67.0,-306.0,-235.0,227.0
79.0,-888.0,58.0,-446.0,2.0,247.0,-101.0,-195.0,-210.0,226.0
112.0,-711.0,98.0,-462.0,-24.0,181.0,-133.0,-206.0,-149.0,220.0
129.0,-473.0,117.0,-453.0,-52.0,121.0,-171.0,-99.0,-72.0,208.0
168.0,-166.0,122.0,-401.0,-71.0,180.0,-174.0,-22.0,13.0,202.0
172.0,113.0,140.0,-332.0,-76.0,328.0,-180.0,-40.0,99.0,188.0
172.0,229.0,115.0,-268.0,-69.0,339.0,-201.0,-36.0,153.0,129.0
190.0,159.0,101.0,-215.0,-61.0,175.0,-180.0,-129.0,218.0,62.0
224.0,-28.0,81.0,-173.0,-49.0,187.0,-140.0,-77.0,281.0,18.0
218.0,-208.0,53.0,-145.0,-32.0,271.0,-101.0,-147.0,325.0,-37.0
194.0,-305.0,49.0,-124.0,-27.0,277.0,-66.0,-195.0,354.0,-79.0
160.0,-322.0,28.0,-125.0,-35.0,332.0,-40.0,-160.0,370.0,-106.0
128.0,-328.0,51.0,-137.0,-53.0,240.0,-6.0,-188.0,358.0,-128.0
105.0,-368.0,71.0,-127.0,-70.0,121.0,51.0,-35.0,330.0,-134.0
52.0,-384.0,58.0,-64.0,-76.0,149.0,115.0,48.0,304.0,-164.0
39.0,-342.0,78.0,-19.0,-78.0,339.0,177.0,125.0,240.0,-187.0
3.0,-282.0,107.0,-5.0,-85.0,470.0,210.0,112.0,154.0,-196.0
-19.0,-224.0,115.0,-6.0,-94.0,284.0,208.0,110.0,65.0,-217.0
-103.0,-131.0,121.0,-28.0,-98.0,146.0,194.0,219.0,20.0,-245.0
-203.0,-9.0,151.0,-55.0,-95.0,178.0,159.0,175.0,27.0,-274.0
-290.0,83.0,145.0,-103.0,-95.0,279.0,138.0,210.0,20.0,-317.0
-400.0,135.0,153.0,-118.0,-102.0,397.0,120.0,105.0,-15.0,-404.0
-467.0,136.0,181.0,-144.0,-116.0,415.0,133.0,72.0,-39.0,-493.0
-554.0,94.0,172.0,-133.0,-136.0,446.0,185.0,40.0,-24.0,-574.0
-568.0,61.0,186.0,-67.0,-151.0,411.0,244.0,-123.0,6.0,-666.0
-617.0,35.0,170.0,-10.0,-149.0,286.0,305.0,-72.0,32.0,-759.0
-647.0,3.0,141.0,98.0,-133.0,308.0,318.0,-136.0,43.0,-847.0
-648.0,0.0,139.0,214.0,-113.0,309.0,337.0,-94.0,40.0,-896.0
-643.0,38.0,109.0,314.0,-99.0,215.0,364.0,-57.0,-3.0,-934.0
-620.0,73.0,91.0,377.0,-96.0,277.0,353.0,-38.0,-97.0,-957.0
-664.0,60.0,54.0,388.0,-97.0,383.0,321.0,136.0,-204.0,-930.0
-653.0,71.0,4.0,358.0,-100.0,376.0,287.0,256.0,-307.0,-883.0
-647.0,141.0,-1.0,289.0,-110.0,256.0,282.0,517.0,-403.0,-824.0
-605.0,220.0,-58.0,239.0,-126.0,98.0,283.0,570.0,-475.0,-744.0
-572.0,296.0,-83.0,243.0,-141.0,72.0,288.0,521.0,-507.0,-639.0
-539.0,376.0,-56.0,262.0,-143.0,193.0,296.0,397.0,-503.0,-554.0
-480.0,445.0,-94.0,244.0,-130.0,300.0,295.0,133.0,-499.0,-498.0
-459.0,426.0,-68.0,232.0,-117.0,250.0,288.0,149.0,-480.0,-427.0
-406.0,262.0,-33.0,242.0,-114.0,100.0,264.0,62.0,-443.0,-366.0
-391.0,49.0,-26.0,248.0,-122.0,54.0,243.0,27.0,-398.0,-335.0
-368.0,-118.0,31.0,258.0,-139.0,171.0,243.0,25.0,-327.0,-312.0
-319.0,-258.0,74.0,258.0,-153.0,215.0,244.0,-12.0,-267.0,-285.0
-262.0,-383.0,114.0,259.0,-159.0,12.0,222.0,96.0,-204.0,-266.0
-225.0,-467.0,166.0,241.0,-154.0,-193.0,203.0,81.0,-139.0,-275.0
-187.0,-480.0,202.0,209.0,-131.0,-181.0,197.0,210.0,-90.0,-302.0
-142.0,-414.0,215.0,145.0,-81.0,-63.0,183.0,151.0,-71.0,-316.0
-101.0,-272.0,258.0,24.0,-7.0,-51.0,201.0,11.0,-65.0,-351.0
-71.0,-96.0,272.0,-72.0,75.0,-175.0,252.0,35.0,-41.0,-419.0
-53.0,-13.0,266.0,-131.0,149.0,-164.0,282.0,49.0,-14.0,-450.0
5.0,-115.0,282.0,-149.0,194.0,-48.0,282.0,253.0,-2.0,-479.0
49.0,-336.0,261.0,-157.0,201.0,-15.0,268.0,284.0,-13.0,-542.0
115.0,-512.0,247.0,-154.0,177.0,-2.0,264.0,242.0,-42.0,-602.0
146.0,-511.0,206.0,-183.0,132.0,-42.0,298.0,249.0,-85.0,-649.0
203.0,-294.0,181.0,-226.0,74.0,-128.0,328.0,280.0,-110.0,-675.0
255.0,21.0,159.0,-220.0,26.0,-248.0,286.0,334.0,-124.0,-703.0
297.0,242.0,107.0,-254.0,-8.0,-306.0,219.0,345.0,-139.0,-687.0
374.0,298.0,84.0,-284.0,-26.0,-301.0,188.0,367.0,-115.0,-618.0
407.0,262.0,33.0,-328.0,-20.0,-337.0,193.0,214.0,-73.0,-545.0
474.0,159.0,-15.0,-379.0,4.0,-273.0,213.0,158.0,-64.0,-453.0
462.0,-94.0,-49.0,-380.0,39.0,-147.0,211.0,97.0,-78.0,-365.0
437.0,-552.0,-98.0,-329.0,69.0,-160.0,166.0,77.0,-117.0,-283.0
387.0,-1080.0,-107.0,-200.0,90.0,-340.0,157.0,236.0,-153.0,-228.0
326.0,-1432.0,-114.0,-38.0,94.0,-473.0,186.0,184.0,-126.0,-199.0
290.0,-1525.0,-142.0,110.0,81.0,-400.0,171.0,256.0,-63.0,-170.0
204.0,-1466.0,-127.0,199.0,59.0,-249.0,180.0,251.0,-16.0,-144.0
186.0,-1322.0,-136.0,278.0,39.0,-181.0,189.0,116.0,-16.0,-128.0
164.0,-1108.0,-144.0,353.0,30.0,-230.0,140.0,133.0,-37.0,-114.0
136.0,-833.0,-119.0,372.0,29.0,-357.0,111.0,131.0,-30.0,-83.0
94.0,-453.0,-132.0,341.0,34.0,-409.0,99.0,317.0,2.0,-84.0
82.0,-2.0,-155.0,254.0,37.0,-255.0,101.0,365.0,55.0,-84.0
66.0,402.0,-181.0,110.0,40.0,-142.0,57.0,336.0,105.0,-71.0
7.0,669.0,-211.0,-27.0,39.0,-284.0,-10.0,282.0,126.0,-67.0
-21.0,748.0,-251.0,-167.0,27.0,-451.0,0.0,166.0,126.0,-50.0
-28.0,672.0,-285.0,-318.0,0.0,-421.0,11.0,227.0,125.0,-46.0
-12.0,522.0,-332.0,-394.0,-48.0,-237.0,1.0,120.0,127.0,-5.0
2.0,372.0,-388.0,-439.0,-111.0,-134.0,18.0,116.0,161.0,36.0
49.0,268.0,-427.0,-447.0,-175.0,-222.0,53.0,166.0,218.0,45.0
73.0,265.0,-481.0,-414.0,-224.0,-251.0,53.0,158.0,270.0,61.0
97.0,366.0,-500.0,-379.0,-249.0,-242.0,4.0,240.0,318.0,70.0
103.0,549.0,-506.0,-332.0,-240.0,-408.0,-48.0,282.0,359.0,78.0
102.0,793.0,-506.0,-295.0,-192.0,-530.0,-65.0,395.0,385.0,58.0
114.0,971.0,-495.0,-261.0,-113.0,-332.0,-43.0,388.0,393.0,56.0
141.0,939.0,-478.0,-225.0,-22.0,-75.0,-32.0,437.0,392.0,96.0
161.0,729.0,-446.0,-193.0,60.0,-114.0,-26.0,461.0,362.0,115.0
142.0,460.0,-405.0,-176.0,121.0,-300.0,-12.0,382.0,303.0,135.0
146.0,114.0,-343.0,-117.0,154.0,-357.0,-47.0,362.0,212.0,204.0
111.0,-339.0,-294.0,-10.0,160.0,-248.0,-99.0,160.0,100.0,289.0
63.0,-756.0,-234.0,74.0,145.0,-250.0,-124.0,110.0,7.0,346.0
-5.0,-944.0,-154.0,134.0,118.0,-329.0,-130.0,31.0,-57.0,403.0
-41.0,-904.0,-102.0,194.0,80.0,-350.0,-115.0,-5.0,-90.0,459.0
-71.0,-754.0,-44.0,239.0,32.0,-382.0,-86.0,110.0,-126.0,496.0
-99.0,-557.0,45.0,256.0,-13.0,-299.0,-40.0,123.0,-174.0,523.0
-92.0,-385.0,100.0,266.0,-47.0,-260.0,-1.0,334.0,-221.0,558.0
-125.0,-306.0,153.0,240.0,-54.0,-324.0,-2.0,380.0,-257.0,603.0
-139.0,-258.0,221.0,238.0,-30.0,-417.0,-17.0,376.0,-254.0,619.0
-180.0,-136.0,273.0,234.0,9.0,-391.0,5.0,388.0,-265.0,626.0
-193.0,21.0,333.0,210.0,40.0,-169.0,32.0,382.0,-294.0,656.0
-210.0,151.0,379.0,228.0,45.0,-25.0,22.0,489.0,-330.0,662.0
-212.0,292.0,422.0,202.0,22.0,-58.0,-16.0,519.0,-401.0,635.0
-202.0,421.0,441.0,165.0,-18.0,-235.0,-56.0,626.0,-453.0,632.0
-207.0,404.0,459.0,135.0,-72.0,-237.0,-46.0,463.0,-490.0,632.0
-175.0,225.0,475.0,94.0,-128.0,-87.0,-32.0,314.0,-534.0,607.0
-173.0,60.0,452.0,72.0,-176.0,-131.0,-15.0,339.0,-563.0,565.0
-156.0,-4.0,448.0,61.0,-207.0,-292.0,28.0,315.0,-568.0,540.0
-174.0,-105.0,419.0,36.0,-219.0,-273.0,56.0,303.0,-540.0,516.0
-173.0,-308.0,400.0,21.0,-210.0,-41.0,66.0,129.0,-508.0,424.0
-179.0,-495.0,384.0,37.0,-178.0,42.0,35.0,68.0,-451.0,327.0
-200.0,-540.0,356.0,81.0,-143.0,3.0,0.0,-40.0,-372.0,234.0
-209.0,-434.0,340.0,157.0,-129.0,-102.0,3.0,-168.0,-307.0,108.0
-250.0,-237.0,291.0,214.0,-133.0,-214.0,42.0,-164.0,-219.0,-27.0
-274.0,11.0,260.0,249.0,-144.0,-158.0,76.0,-157.0,-130.0,-142.0
-300.0,300.0,232.0,270.0,-153.0,-101.0,73.0,83.0,-40.0,-213.0
-307.0,659.0,216.0,257.0,-149.0,-160.0,75.0,201.0,64.0,-291.0
-315.0,1040.0,202.0,239.0,-139.0,-347.0,93.0,327.0,140.0,-351.0
-305.0,1270.0,174.0,231.0,-125.0,-365.0,93.0,535.0,177.0,-355.0
-304.0,1242.0,161.0,218.0,-95.0,-145.0,96.0,480.0,215.0,-321.0
-305.0,1084.0,131.0,203.0,-44.0,-52.0,126.0,360.0,248.0,-295.0
-319.0,952.0,121.0,206.0,22.0,-181.0,114.0,133.0,252.0,-250.0
-374.0,812.0,98.0,209.0,96.0,-323.0,96.0,49.0,259.0,-123.0
-405.0,652.0,61.0,204.0,164.0,-261.0,106.0,-7.0,288.0,-1.0
-450.0,512.0,42.0,194.0,218.0,-139.0,100.0,-33.0,330.0,100.0
-457.0,329.0,0.0,199.0,251.0,-77.0,140.0,11.0,347.0,230.0
-436.0,-35.0,-40.0,216.0,247.0,-131.0,182.0,-105.0,346.0,355.0
-404.0,-592.0,-88.0,189.0,207.0,-213.0,148.0,18.0,356.0,423.0
-337.0,-1153.0,-131.0,147.0,154.0,-214.0,102.0,60.0,388.0,446.0
-301.0,-1550.0,-166.0,100.0,104.0,-240.0,98.0,181.0,434.0,485.0
-274.0,-1728.0,-204.0,45.0,65.0,-246.0,138.0,267.0,453.0,486.0
-247.0,-1719.0,-222.0,25.0,37.0,-321.0,170.0,219.0,456.0,425.0
-206.0,-1579.0,-242.0,27.0,34.0,-465.0,192.0,404.0,447.0,370.0
-180.0,-1378.0,-245.0,14.0,61.0,-511.0,209.0,315.0,459.0,307.0
-183.0,-1169.0,-243.0,-12.0,87.0,-386.0,205.0,303.0,505.0,213.0
-161.0,-945.0,-250.0,-14.0,91.0,-250.0,226.0,282.0,549.0,95.0
-125.0,-731.0,-232.0,27.0,76.0,-315.0,205.0,194.0,581.0,9.0
-85.0,-560.0,-217.0,80.0,55.0,-385.0,120.0,175.0,598.0,-43.0
-61.0,-399.0,-207.0,134.0,30.0,-335.0,54.0,110.0,609.0,-117.0
-50.0,-203.0,-203.0,195.0,-15.0,-287.0,8.0,279.0,591.0,-178.0
-15.0,-2.0,-222.0,242.0,-64.0,-371.0,-19.0,328.0,544.0,-190.0
24.0,166.0,-242.0,310.0,-93.0,-448.0,-29.0,428.0,478.0,-184.0
57.0,277.0,-265.0,355.0,-104.0,-413.0,-3.0,532.0,413.0,-201.0
77.0,314.0,-284.0,364.0,-102.0,-340.0,51.0,600.0,366.0,-204.0
126.0,332.0,-301.0,356.0,-89.0,-233.0,115.0,716.0,297.0,-200.0
184.0,367.0,-321.0,267.0,-63.0,-221.0,184.0,641.0,213.0,-238.0
212.0,407.0,-309.0,152.0,-22.0,-251.0,209.0,602.0,121.0,-302.0
233.0,418.0,-316.0,66.0,21.0,-325.0,189.0,428.0,13.0,-344.0
241.0,390.0,-323.0,-12.0,56.0,-363.0,170.0,358.0,-80.0,-362.0
259.0,383.0,-322.0,-96.0,84.0,-225.0,180.0,290.0,-152.0,-425.0
251.0,417.0,-339.0,-137.0,116.0,-173.0,193.0,105.0,-226.0,-470.0
241.0,427.0,-337.0,-154.0,157.0,-254.0,189.0,230.0,-306.0,-472.0
239.0,372.0,-349.0,-159.0,194.0,-346.0,174.0,336.0,-372.0,-482.0
221.0,325.0,-348.0,-114.0,222.0,-350.0,163.0,465.0,-422.0,-482.0
206.0,354.0,-337.0,-64.0,225.0,-301.0,171.0,504.0,-461.0,-472.0
172.0,395.0,-340.0,-21.0,198.0,-242.0,199.0,432.0,-487.0,-441.0
161.0,360.0,-334.0,18.0,161.0,-178.0,238.0,339.0,-511.0,-434.0
138.0,249.0,-326.0,51.0,124.0,-211.0,261.0,68.0,-548.0,-447.0
91.0,133.0,-323.0,96.0,83.0,-306.0,284.0,53.0,-589.0,-434.0
43.0,56.0,-319.0,131.0,39.0,-338.0,310.0,101.0,-624.0,-439.0
1.0,12.0,-306.0,121.0,4.0,-256.0,314.0,192.0,-665.0,-463.0
-27.0,-59.0,-298.0,58.0,-21.0,-210.0,284.0,293.0,-676.0,-468.0
-64.0,-285.0,-297.0,-16.0,-43.0,-229.0,254.0,212.0,-641.0,-435.0
-68.0,-605.0,-287.0,-49.0,-63.0,-174.0,264.0,253.0,-572.0,-392.0
-70.0,-873.0,-284.0,-58.0,-65.0,-58.0,270.0,164.0,-481.0,-325.0
-72.0,-1151.0,-286.0,-42.0,-49.0,-102.0,243.0,120.0,-414.0,-218.0
-70.0,-1466.0,-263.0,-24.0,-32.0,-237.0,183.0,114.0,-375.0,-102.0
-82.0,-1646.0,-270.0,3.0,-17.0,-179.0,121.0,144.0,-363.0,-15.0
-89.0,-1599.0,-266.0,31.0,-10.0,-73.0,84.0,266.0,-353.0,58.0
-123.0,-1435.0,-248.0,41.0,-10.0,-73.0,64.0,199.0,-322.0,142.0
-170.0,-1223.0,-263.0,87.0,-6.0,-101.0,75.0,347.0,-288.0,200.0
-205.0,-954.0,-246.0,91.0,11.0,-67.0,99.0,356.0,-247.0,246.0
-220.0,-632.0,-263.0,77.0,44.0,-72.0,109.0,223.0,-190.0,305.0
-250.0,-235.0,-279.0,56.0,67.0,-152.0,132.0,125.0,-100.0,384.0
-267.0,208.0,-283.0,13.0,62.0,-169.0,147.0,-42.0,0.0,453.0
-262.0,628.0,-331.0,-37.0,40.0,-142.0,130.0,31.0,97.0,512.0
-264.0,937.0,-341.0,-131.0,1.0,-123.0,109.0,12.0,211.0,580.0
-252.0,1051.0,-354.0,-183.0,-47.0,-118.0,110.0,57.0,322.0,649.0
-277.0,1003.0,-402.0,-244.0,-81.0,-54.0,149.0,55.0,402.0,688.0
-255.0,933.0,-423.0,-267.0,-98.0,7.0,185.0,18.0,450.0,710.0
-243.0,959.0,-420.0,-208.0,-100.0,-77.0,236.0,269.0,484.0,766.0
-235.0,1098.0,-414.0,-153.0,-96.0,-114.0,310.0,352.0,515.0,808.0
-214.0,1310.0,-362.0,-64.0,-88.0,50.0,364.0,473.0,553.0,804.0
-215.0,1503.0,-311.0,10.0,-74.0,143.0,406.0,515.0,585.0,793.0
-174.0,1602.0,-258.0,48.0,-66.0,35.0,414.0,397.0,588.0,789.0
-170.0,1621.0,-186.0,51.0,-62.0,-75.0,368.0,369.0,551.0,752.0
-154.0,1557.0,-160.0,22.0,-67.0,-70.0,294.0,351.0,479.0,697.0
-160.0,1399.0,-90.0,41.0,-76.0,10.0,262.0,230.0,382.0,675.0
-149.0,1170.0,-38.0,87.0,-80.0,75.0,261.0,-109.0,259.0,657.0
-131.0,885.0,20.0,147.0,-81.0,54.0,274.0,-160.0,142.0,633.0
-124.0,538.0,108.0,208.0,-83.0,-59.0,288.0,-177.0,64.0,628.0
-92.0,157.0,163.0,255.0,-95.0,-89.0,281.0,-279.0,30.0,666.0
-78.0,-229.0,248.0,268.0,-110.0,-41.0,285.0,-86.0,18.0,720.0
-7.0,-651.0,310.0,245.0,-114.0,24.0,296.0,168.0,-4.0,767.0
14.0,-1057.0,356.0,242.0,-101.0,8.0,311.0,441.0,-29.0,841.0
36.0,-1305.0,399.0,192.0,-77.0,-158.0,285.0,395.0,-29.0,935.0
76.0,-1333.0,406.0,107.0,-52.0,-179.0,249.0,301.0,-20.0,989.0
115.0,-1174.0,398.0,25.0,-46.0,-37.0,250.0,208.0,-35.0,996.0
159.0,-927.0,391.0,-50.0,-65.0,19.0,239.0,-11.0,-74.0,1005.0
171.0,-753.0,362.0,-85.0,-99.0,-71.0,227.0,-38.0,-124.0,1009.0
209.0,-720.0,341.0,-117.0,-131.0,-108.0,220.0,-60.0,-181.0,987.0
219.0,-689.0,319.0,-127.0,-139.0,-98.0,237.0,112.0,-214.0,959.0
245.0,-596.0,286.0,-121.0,-119.0,-166.0,261.0,201.0,-231.0,970.0
256.0,-548.0,283.0,-101.0,-87.0,-137.0,286.0,182.0,-247.0,947.0
238.0,-497.0,275.0,-46.0,-59.0,12.0,313.0,203.0,-243.0,873.0
261.0,-283.0,246.0,-3.0,-36.0,32.0,319.0,116.0,-214.0,813.0
265.0,127.0,264.0,37.0,-6.0,-141.0,313.0,144.0,-154.0,744.0
275.0,589.0,280.0,51.0,30.0,-207.0,283.0,-35.0,-74.0,654.0
260.0,893.0,270.0,48.0,52.0,-151.0,247.0,-173.0,23.0,560.0
216.0,1008.0,294.0,85.0,52.0,-141.0,217.0,-181.0,106.0,498.0
192.0,1015.0,284.0,139.0,43.0,-201.0,186.0,-175.0,161.0,440.0
153.0,892.0,301.0,174.0,36.0,-195.0,179.0,48.0,205.0,355.0
122.0,620.0,325.0,200.0,29.0,-111.0,196.0,127.0,213.0,299.0
68.0,300.0,347.0,249.0,8.0,-84.0,235.0,118.0,182.0,269.0
36.0,115.0,406.0,273.0,-31.0,16.0,291.0,99.0,116.0,231.0
-2.0,153.0,441.0,282.0,-80.0,77.0,331.0,169.0,36.0,182.0
-52.0,291.0,477.0,306.0,-128.0,-22.0,342.0,144.0,-33.0,152.0
-81.0,351.0,488.0,270.0,-169.0,-266.0,351.0,35.0,-96.0,130.0
-143.0,307.0,497.0,191.0,-202.0,-469.0,358.0,157.0,-156.0,81.0
-161.0,279.0,467.0,117.0,-222.0,-335.0,356.0,145.0,-214.0,16.0
-207.0,320.0,453.0,51.0,-231.0,-196.0,353.0,116.0,-241.0,-40.0
-225.0,336.0,412.0,-8.0,-233.0,-298.0,353.0,-86.0,-237.0,-112.0
-227.0,252.0,349.0,-68.0,-219.0,-387.0,352.0,-184.0,-190.0,-210.0
-241.0,167.0,335.0,-109.0,-175.0,-356.0,346.0,-33.0,-130.0,-286.0
-251.0,184.0,257.0,-107.0,-103.0,-351.0,329.0,-25.0,-90.0,-337.0
-286.0,211.0,219.0,-95.0,-28.0,-398.0,310.0,123.0,-33.0,-383.0
-296.0,97.0,185.0,-66.0,12.0,-413.0,319.0,24.0,31.0,-422.0
-362.0,-187.0,120.0,-4.0,18.0,-446.0,349.0,-64.0,95.0,-390.0
-422.0,-494.0,80.0,69.0,11.0,-463.0,380.0,-53.0,155.0,-279.0
-491.0,-640.0,15.0,169.0,7.0,-378.0,384.0,-212.0,210.0,-172.0
-519.0,-595.0,-30.0,245.0,11.0,-208.0,381.0,-286.0,266.0,-36.0
-540.0,-457.0,-39.0,343.0,25.0,-128.0,403.0,-552.0,300.0,160.0
-556.0,-207.0,-42.0,417.0,55.0,-237.0,422.0,-561.0,322.0,345.0
-538.0,229.0,-50.0,401.0,102.0,-383.0,417.0,-476.0,336.0,505.0
-528.0,697.0,-43.0,360.0,164.0,-400.0,389.0,-413.0,314.0,685.0
-479.0,967.0,-54.0,262.0,228.0,-208.0,345.0,-107.0,284.0,866.0
-467.0,935.0,-76.0,209.0,279.0,-10.0,282.0,-75.0,233.0,980.0
-416.0,647.0,-70.0,176.0,305.0,108.0,235.0,16.0,147.0,1031.0
-383.0,199.0,-68.0,157.0,296.0,70.0,244.0,-49.0,43.0,1070.0
-344.0,-323.0,-69.0,158.0,263.0,-197.0,264.0,-264.0,-74.0,1073.0
-306.0,-798.0,-40.0,138.0,218.0,-297.0,259.0,-267.0,-182.0,987.0
-271.0,-1085.0,-41.0,159.0,178.0,-158.0,276.0,-315.0,-268.0,842.0
-205.0,-1099.0,-27.0,141.0,143.0,-97.0,307.0,-184.0,-326.0,717.0
-156.0,-932.0,12.0,96.0,108.0,-183.0,313.0,-229.0,-368.0,568.0
-81.0,-715.0,1.0,33.0,95.0,-250.0,316.0,-254.0,-388.0,384.0
-39.0,-505.0,25.0,-2.0,104.0,-114.0,294.0,-181.0,-382.0,254.0
12.0,-333.0,1.0,-44.0,126.0,48.0,280.0,-288.0,-373.0,174.0
50.0,-208.0,-27.0,-110.0,155.0,-39.0,288.0,-253.0,-342.0,123.0
99.0,-88.0,-28.0,-115.0,184.0,-167.0,288.0,-208.0,-288.0,93.0
121.0,90.0,-92.0,-98.0,209.0,-153.0,301.0,-33.0,-223.0,134.0
127.0,326.0,-115.0,-58.0,221.0,-79.0,291.0,92.0,-155.0,206.0
133.0,674.0,-163.0,-52.0,229.0,8.0,289.0,121.0,-87.0,250.0
137.0,1142.0,-215.0,-24.0,244.0,40.0,350.0,86.0,-9.0,309.0
168.0,1570.0,-238.0,-3.0,253.0,-11.0,423.0,33.0,41.0,366.0
176.0,1795.0,-279.0,-41.0,252.0,-202.0,465.0,118.0,75.0,385.0
204.0,1733.0,-300.0,-41.0,249.0,-394.0,487.0,-29.0,114.0,352.0
206.0,1366.0,-307.0,-17.0,247.0,-358.0,489.0,-88.0,154.0,317.0
227.0,810.0,-308.0,15.0,243.0,-148.0,456.0,-112.0,193.0,301.0
228.0,303.0,-305.0,43.0,242.0,-71.0,418.0,-123.0,217.0,269.0
196.0,-69.0,-282.0,86.0,246.0,-112.0,392.0,-57.0,208.0,229.0
153.0,-357.0,-273.0,113.0,251.0,-67.0,375.0,-151.0,198.0,217.0
117.0,-527.0,-268.0,120.0,238.0,-22.0,363.0,1.0,203.0,220.0
85.0,-537.0,-268.0,128.0,199.0,-2.0,356.0,83.0,218.0,195.0
40.0,-419.0,-288.0,149.0,149.0,-19.0,347.0,88.0,253.0,170.0
30.0,-279.0,-296.0,194.0,99.0,-15.0,324.0,109.0,264.0,182.0
7.0,-281.0,-319.0,232.0,62.0,-108.0,318.0,73.0,242.0,209.0
0.0,-528.0,-323.0,301.0,43.0,-233.0,320.0,229.0,214.0,223.0
-18.0,-912.0,-314.0,325.0,41.0,-115.0,321.0,175.0,194.0,270.0
-25.0,-1227.0,-339.0,298.0,46.0,8.0,321.0,184.0,178.0,345.0
-18.0,-1316.0,-341.0,281.0,47.0,23.0,285.0,182.0,161.0,388.0
2.0,-1111.0,-349.0,245.0,35.0,17.0,252.0,118.0,115.0,430.0
26.0,-685.0,-377.0,211.0,2.0,66.0,215.0,219.0,39.0,523.0
54.0,-147.0,-381.0,169.0,-49.0,153.0,188.0,190.0,-14.0,628.0
85.0,427.0,-388.0,130.0,-105.0,110.0,164.0,304.0,-60.0,708.0
118.0,941.0,-401.0,104.0,-153.0,89.0,140.0,286.0,-86.0,812.0
148.0,1310.0,-409.0,93.0,-184.0,152.0,137.0,144.0,-114.0,936.0
148.0,1485.0,-409.0,66.0,-193.0,77.0,97.0,-35.0,-140.0,1023.0
201.0,1425.0,-396.0,2.0,-173.0,-10.0,56.0,-212.0,-127.0,1064.0
238.0,1158.0,-359.0,1.0,-119.0,43.0,30.0,-144.0,-77.0,1110.0
293.0,838.0,-313.0,0.0,-48.0,151.0,42.0,-109.0,-11.0,1130.0
321.0,611.0,-247.0,-31.0,12.0,175.0,91.0,114.0,51.0,1079.0
329.0,448.0,-183.0,-51.0,38.0,191.0,122.0,253.0,131.0,1017.0
342.0,228.0,-94.0,-83.0,35.0,217.0,138.0,376.0,212.0,957.0
317.0,-85.0,39.0,-51.0,22.0,87.0,103.0,408.0,289.0,882.0
308.0,-388.0,131.0,-10.0,18.0,43.0,65.0,94.0,329.0,799.0
274.0,-565.0,231.0,34.0,10.0,191.0,51.0,59.0,331.0,749.0
285.0,-660.0,347.0,83.0,-20.0,293.0,32.0,0.0,308.0,718.0
276.0,-788.0,427.0,112.0,-67.0,175.0,4.0,25.0,269.0,672.0
251.0,-923.0,495.0,145.0,-105.0,27.0,-45.0,151.0,215.0,616.0
252.0,-955.0,560.0,151.0,-125.0,88.0,-87.0,70.0,143.0,590.0
222.0,-849.0,585.0,168.0,-132.0,175.0,-90.0,12.0,82.0,576.0
193.0,-585.0,635.0,172.0,-133.0,135.0,-57.0,-51.0,3.0,508.0
173.0,-175.0,688.0,148.0,-135.0,87.0,-34.0,116.0,-77.0,445.0
138.0,221.0,675.0,103.0,-140.0,210.0,-17.0,275.0,-156.0,374.0
99.0,477.0,710.0,71.0,-143.0,265.0,-16.0,439.0,-240.0,261.0
89.0,596.0,694.0,58.0,-144.0,196.0,-57.0,519.0,-300.0,115.0
85.0,601.0,636.0,59.0,-146.0,185.0,-113.0,203.0,-336.0,-27.0
77.0,528.0,612.0,83.0,-149.0,229.0,-180.0,48.0,-322.0,-121.0
61.0,437.0,535.0,106.0,-151.0,285.0,-208.0,-160.0,-280.0,-234.0
64.0,386.0,470.0,119.0,-146.0,228.0,-225.0,-203.0,-245.0,-293.0
56.0,427.0,393.0,104.0,-125.0,175.0,-228.0,1.0,-207.0,-269.0
46.0,610.0,310.0,117.0,-85.0,201.0,-197.0,60.0,-172.0,-227.0
26.0,913.0,243.0,103.0,-39.0,211.0,-158.0,160.0,-136.0,-178.0
7.0,1219.0,175.0,48.0,-13.0,218.0,-108.0,107.0,-88.0,-117.0
-6.0,1423.0,116.0,6.0,-6.0,319.0,-90.0,123.0,-30.0,5.0
-11.0,1463.0,57.0,-47.0,7.0,406.0,-105.0,42.0,21.0,109.0
19.0,1305.0,5.0,-82.0,39.0,326.0,-139.0,-48.0,51.0,188.0
24.0,992.0,-37.0,-97.0,80.0,202.0,-173.0,46.0,83.0,312.0
25.0,607.0,-80.0,-87.0,103.0,110.0,-212.0,33.0,92.0,437.0
-2.0,254.0,-113.0,-52.0,100.0,60.0,-263.0,97.0,63.0,535.0
-27.0,58.0,-129.0,-25.0,72.0,-57.0,-302.0,-59.0,26.0,607.0
-105.0,58.0,-163.0,6.0,19.0,-71.0,-288.0,-121.0,-34.0,696.0
-193.0,171.0,-174.0,13.0,-39.0,35.0,-222.0,-64.0,-80.0,739.0
-232.0,282.0,-197.0,6.0,-79.0,16.0,-171.0,-140.0,-102.0,712.0
-253.0,236.0,-220.0,61.0,-85.0,42.0,-141.0,-90.0,-126.0,688.0
-271.0,2.0,-225.0,102.0,-66.0,38.0,-101.0,-147.0,-124.0,670.0
-315.0,-287.0,-247.0,102.0,-27.0,18.0,-16.0,-22.0,-113.0,634.0
-318.0,-490.0,-251.0,87.0,27.0,30.0,62.0,101.0,-109.0,562.0
-354.0,-544.0,-246.0,29.0,88.0,71.0,91.0,105.0,-85.0,501.0
-375.0,-564.0,-246.0,-50.0,132.0,201.0,106.0,112.0,-68.0,444.0
-413.0,-747.0,-266.0,-148.0,131.0,112.0,107.0,64.0,-58.0,367.0
-423.0,-1113.0,-271.0,-226.0,86.0,64.0,67.0,162.0,-39.0,264.0
-401.0,-1494.0,-291.0,-283.0,17.0,188.0,7.0,173.0,-15.0,182.0
-393.0,-1727.0,-316.0,-328.0,-52.0,133.0,-31.0,256.0,44.0,102.0
-363.0,-1714.0,-295.0,-351.0,-95.0,35.0,-59.0,266.0,141.0,-40.0
-357.0,-1463.0,-288.0,-326.0,-111.0,111.0,-82.0,169.0,249.0,-166.0
-307.0,-1076.0,-254.0,-288.0,-105.0,340.0,-97.0,181.0,356.0,-254.0
-283.0,-596.0,-214.0,-231.0,-85.0,471.0,-88.0,179.0,447.0,-353.0
-258.0,-88.0,-195.0,-162.0,-60.0,382.0,-78.0,402.0,510.0,-460.0
-241.0,340.0,-154.0,-121.0,-38.0,279.0,-70.0,445.0,571.0,-491.0
-200.0,664.0,-94.0,-57.0,-26.0,309.0,-90.0,448.0,634.0,-469.0
-166.0,875.0,-55.0,-31.0,-24.0,343.0,-135.0,554.0,685.0,-446.0
-146.0,925.0,-14.0,3.0,-27.0,287.0,-155.0,498.0,746.0,-396.0
-109.0,832.0,47.0,12.0,-19.0,226.0,-153.0,570.0,792.0,-290.0
-103.0,633.0,61.0,-8.0,5.0,161.0,-140.0,384.0,797.0,-171.0
-71.0,323.0,107.0,-25.0,54.0,166.0,-143.0,145.0,771.0,-95.0
-74.0,5.0,149.0,-62.0,123.0,207.0,-174.0,73.0,706.0,8.0
-49.0,-166.0,166.0,-68.0,188.0,185.0,-202.0,20.0,614.0,127.0
-24.0,-119.0,219.0,-118.0,228.0,156.0,-208.0,86.0,513.0,189.0
0.0,146.0,242.0,-152.0,244.0,141.0,-221.0,57.0,384.0,215.0
21.0,551.0,290.0,-166.0,251.0,139.0,-211.0,142.0,226.0,253.0
64.0,962.0,316.0,-165.0,255.0,162.0,-188.0,214.0,44.0,288.0
121.0,1142.0,312.0,-126.0,256.0,129.0,-163.0,229.0,-148.0,271.0
142.0,906.0,318.0,-71.0,256.0,25.0,-133.0,140.0,-332.0,239.0
179.0,357.0,274.0,26.0,254.0,-5.0,-118.0,-27.0,-489.0,241.0
233.0,-200.0,244.0,116.0,255.0,56.0,-102.0,-42.0,-624.0,230.0
281.0,-478.0,205.0,205.0,260.0,116.0,-95.0,-88.0,-732.0,179.0
262.0,-367.0,124.0,302.0,266.0,118.0,-91.0,40.0,-795.0,161.0
249.0,14.0,72.0,385.0,269.0,105.0,-124.0,127.0,-822.0,184.0
231.0,453.0,29.0,475.0,252.0,108.0,-162.0,258.0,-813.0,183.0
213.0,773.0,-34.0,548.0,227.0,62.0,-172.0,454.0,-764.0,168.0
171.0,895.0,-80.0,573.0,193.0,56.0,-175.0,463.0,-669.0,186.0
137.0,842.0,-102.0,619.0,149.0,201.0,-158.0,465.0,-554.0,197.0
129.0,698.0,-157.0,640.0,103.0,306.0,-161.0,225.0,-411.0,134.0
120.0,541.0,-144.0,617.0,69.0,173.0,-164.0,177.0,-241.0,49.0
110.0,383.0,-125.0,586.0,61.0,-35.0,-165.0,254.0,-79.0,-18.0
83.0,257.0,-131.0,525.0,72.0,-22.0,-156.0,304.0,77.0,-115.0
75.0,199.0,-69.0,470.0,91.0,79.0,-152.0,467.0,196.0,-226.0
58.0,165.0,-35.0,374.0,107.0,35.0,-181.0,339.0,280.0,-291.0
70.0,136.0,27.0,274.0,115.0,-8.0,-203.0,212.0,324.0,-323.0
39.0,92.0,77.0,183.0,106.0,-14.0,-219.0,-14.0,325.0,-352.0
44.0,-12.0,131.0,50.0,82.0,68.0,-243.0,-267.0,292.0,-397.0
54.0,-124.0,198.0,-53.0,43.0,157.0,-299.0,-327.0,217.0,-406.0
60.0,-164.0,219.0,-125.0,-8.0,22.0,-338.0,-295.0,152.0,-409.0
69.0,-195.0,247.0,-179.0,-52.0,-98.0,-325.0,-83.0,98.0,-473.0
66.0,-273.0,258.0,-208.0,-80.0,-93.0,-307.0,-35.0,24.0,-544.0
123.0,-287.0,249.0,-189.0,-92.0,29.0,-300.0,14.0,-40.0,-602.0
156.0,-156.0,203.0,-148.0,-99.0,130.0,-328.0,73.0,-98.0,-669.0
221.0,36.0,174.0,-128.0,-105.0,-39.0,-326.0,131.0,-146.0,-756.0
227.0,205.0,108.0,-100.0,-107.0,-196.0,-286.0,269.0,-168.0,-806.0
256.0,344.0,17.0,-51.0,-110.0,-129.0,-249.0,203.0,-181.0,-797.0
276.0,440.0,-35.0,-6.0,-100.0,22.0,-198.0,145.0,-166.0,-799.0
291.0,463.0,-144.0,26.0,-78.0,30.0,-200.0,-35.0,-123.0,-805.0
305.0,359.0,-228.0,34.0,-62.0,-50.0,-224.0,-186.0,-84.0,-763.0
280.0,54.0,-288.0,20.0,-59.0,-3.0,-255.0,-247.0,-60.0,-692.0
318.0,-388.0,-376.0,13.0,-60.0,35.0,-310.0,-358.0,-56.0,-621.0
305.0,-758.0,-408.0,3.0,-56.0,6.0,-339.0,-266.0,-42.0,-539.0
315.0,-954.0,-442.0,17.0,-51.0,1.0,-336.0,-254.0,-28.0,-418.0
303.0,-1029.0,-473.0,3.0,-52.0,-35.0,-314.0,-188.0,-16.0,-293.0
311.0,-1031.0,-446.0,-53.0,-55.0,-138.0,-306.0,-147.0,7.0,-210.0
330.0,-975.0,-446.0,-80.0,-43.0,-149.0,-317.0,-186.0,35.0,-119.0
331.0,-830.0,-405.0,-103.0,-16.0,-10.0,-335.0,-127.0,44.0,-34.0
343.0,-590.0,-349.0,-145.0,2.0,60.0,-306.0,-229.0,39.0,-2.0
324.0,-337.0,-320.0,-166.0,8.0,13.0,-269.0,-173.0,27.0,15.0
324.0,-201.0,-268.0,-174.0,13.0,-56.0,-265.0,-151.0,10.0,54.0
281.0,-233.0,-232.0,-217.0,21.0,-101.0,-270.0,-182.0,-7.0,87.0
250.0,-350.0,-184.0,-206.0,17.0,-59.0,-310.0,-144.0,-17.0,81.0
210.0,-420.0,-146.0,-170.0,-11.0,-22.0,-354.0,-101.0,-2.0,73.0
177.0,-292.0,-105.0,-172.0,-55.0,8.0,-349.0,121.0,15.0,89.0
142.0,70.0,-70.0,-155.0,-100.0,27.0,-338.0,64.0,21.0,102.0
113.0,514.0,-44.0,-163.0,-135.0,-102.0,-360.0,-1.0,28.0,81.0
108.0,843.0,-33.0,-158.0,-149.0,-192.0,-393.0,-83.0,46.0,85.0
83.0,992.0,-41.0,-143.0,-137.0,-59.0,-444.0,-240.0,76.0,139.0
82.0,993.0,-28.0,-124.0,-102.0,153.0,-470.0,-190.0,99.0,181.0
31.0,852.0,-47.0,-87.0,-62.0,183.0,-454.0,-243.0,111.0,212.0
0.0,605.0,-51.0,-96.0,-26.0,87.0,-397.0,-153.0,124.0,254.0
-46.0,306.0,-30.0,-107.0,4.0,107.0,-314.0,-192.0,126.0,282.0
-95.0,-1.0,-43.0,-83.0,18.0,111.0,-255.0,-219.0,130.0,229.0
-134.0,-307.0,-34.0,-69.0,8.0,-1.0,-194.0,-136.0,146.0,144.0
-202.0,-588.0,-9.0,-97.0,-12.0,-87.0,-129.0,-192.0,142.0,81.0
-214.0,-762.0,-21.0,-97.0,-32.0,-58.0,-80.0,-94.0,132.0,-19.0
-289.0,-714.0,23.0,-130.0,-42.0,18.0,-59.0,-199.0,97.0,-135.0
-326.0,-447.0,52.0,-208.0,-52.0,17.0,-54.0,-181.0,33.0,-212.0
-367.0,-119.0,51.0,-234.0,-67.0,-10.0,-68.0,-96.0,-32.0,-234.0
-410.0,111.0,110.0,-298.0,-84.0,4.0,-98.0,-118.0,-96.0,-257.0
-427.0,198.0,123.0,-365.0,-99.0,12.0,-141.0,64.0,-138.0,-279.0
-483.0,227.0,161.0,-407.0,-111.0,59.0,-194.0,94.0,-165.0,-242.0
-470.0,277.0,190.0,-417.0,-122.0,73.0,-216.0,118.0,-167.0,-199.0
-505.0,263.0,192.0,-405.0,-123.0,20.0,-209.0,-27.0,-144.0,-171.0
-500.0,97.0,227.0,-393.0,-114.0,-8.0,-173.0,-138.0,-114.0,-134.0
-499.0,-135.0,204.0,-309.0,-99.0,21.0,-138.0,-109.0,-82.0,-72.0
-482.0,-259.0,198.0,-226.0,-73.0,70.0,-134.0,-160.0,-75.0,-24.0
-442.0,-190.0,177.0,-130.0,-39.0,-28.0,-124.0,-101.0,-84.0,-17.0
-433.0,35.0,123.0,-5.0,-12.0,-112.0,-102.0,-186.0,-118.0,27.0
-372.0,259.0,109.0,104.0,6.0,-100.0,-96.0,-131.0,-171.0,86.0
-348.0,302.0,90.0,190.0,23.0,-85.0,-108.0,-48.0,-226.0,113.0
-270.0,191.0,79.0,245.0,44.0,6.0,-128.0,-9.0,-289.0,157.0
-210.0,114.0,93.0,303.0,65.0,39.0,-141.0,84.0,-334.0,228.0
-134.0,130.0,100.0,339.0,73.0,-14.0,-131.0,18.0,-358.0,302.0
-36.0,62.0,103.0,350.0,69.0,-113.0,-96.0,57.0,-379.0,334.0
52.0,-180.0,113.0,337.0,65.0,-161.0,-67.0,22.0,-387.0,358.0
131.0,-406.0,100.0,285.0,62.0,-54.0,-36.0,36.0,-377.0,421.0
165.0,-408.0,96.0,179.0,53.0,-43.0,-22.0,33.0,-339.0,437.0
228.0,-170.0,88.0,58.0,35.0,-88.0,-33.0,-86.0,-282.0,411.0
240.0,192.0,77.0,-37.0,14.0,-75.0,-35.0,-101.0,-196.0,408.0
259.0,550.0,77.0,-147.0,4.0,-118.0,-64.0,-149.0,-103.0,386.0
289.0,793.0,74.0,-209.0,22.0,-113.0,-116.0,-9.0,-36.0,326.0
345.0,837.0,75.0,-221.0,74.0,-113.0,-138.0,59.0,17.0,258.0
387.0,726.0,79.0,-217.0,139.0,-99.0,-140.0,92.0,21.0,213.0
407.0,676.0,87.0,-191.0,194.0,-15.0,-163.0,127.0,0.0,151.0
439.0,793.0,111.0,-158.0,229.0,46.0,-166.0,-81.0,-49.0,72.0
429.0,944.0,139.0,-122.0,231.0,92.0,-138.0,-60.0,-106.0,19.0
428.0,979.0,157.0,-111.0,195.0,58.0,-95.0,-35.0,-136.0,-10.0
404.0,840.0,196.0,-75.0,136.0,98.0,-38.0,35.0,-163.0,-46.0
378.0,531.0,217.0,-48.0,73.0,160.0,-19.0,46.0,-192.0,-104.0
365.0,111.0,252.0,-66.0,22.0,23.0,-38.0,-118.0,-234.0,-131.0
358.0,-249.0,294.0,-59.0,-11.0,-96.0,-82.0,53.0,-251.0,-166.0
339.0,-429.0,316.0,-51.0,-16.0,-47.0,-130.0,151.0,-251.0,-247.0
290.0,-539.0,335.0,-62.0,8.0,70.0,-149.0,175.0,-237.0,-340.0
247.0,-726.0,343.0,-73.0,41.0,52.0,-137.0,110.0,-221.0,-429.0
205.0,-974.0,360.0,-84.0,63.0,-29.0,-116.0,35.0,-228.0,-509.0
138.0,-1204.0,323.0,-85.0,64.0,-51.0,-112.0,11.0,-239.0,-588.0
82.0,-1401.0,326.0,-74.0,46.0,-81.0,-120.0,-297.0,-271.0,-613.0
39.0,-1508.0,302.0,-62.0,9.0,-24.0,-114.0,-443.0,-297.0,-587.0
4.0,-1333.0,244.0,-69.0,-41.0,68.0,-91.0,-543.0,-320.0,-565.0
-20.0,-775.0,228.0,-79.0,-90.0,69.0,-79.0,-532.0,-319.0,-543.0
-75.0,-51.0,156.0,-65.0,-115.0,-110.0,-62.0,-402.0,-273.0,-508.0
-107.0,522.0,109.0,-43.0,-116.0,-253.0,-81.0,-415.0,-214.0,-482.0
-114.0,805.0,47.0,-8.0,-113.0,-36.0,-123.0,-389.0,-133.0,-491.0
-109.0,789.0,-28.0,39.0,-125.0,250.0,-148.0,-410.0,-57.0,-515.0
-119.0,603.0,-92.0,103.0,-149.0,175.0,-181.0,-352.0,23.0,-520.0
-115.0,389.0,-178.0,201.0,-164.0,-102.0,-200.0,-373.0,109.0,-551.0
-95.0,148.0,-243.0,308.0,-148.0,-121.0,-217.0,-356.0,205.0,-628.0
-101.0,-139.0,-301.0,407.0,-103.0,64.0,-228.0,-286.0,321.0,-671.0
-107.0,-424.0,-354.0,498.0,-49.0,55.0,-243.0,-262.0,413.0,-688.0
-115.0,-656.0,-407.0,537.0,0.0,-139.0,-268.0,-136.0,479.0,-734.0
-95.0,-808.0,-439.0,523.0,36.0,-210.0,-274.0,-280.0,488.0,-785.0
-74.0,-743.0,-451.0,519.0,55.0,-191.0,-267.0,-249.0,454.0,-800.0
-46.0,-355.0,-481.0,475.0,68.0,-151.0,-237.0,-140.0,389.0,-809.0
-14.0,266.0,-503.0,421.0,83.0,-27.0,-193.0,-227.0,311.0,-833.0
26.0,881.0,-502.0,359.0,106.0,26.0,-166.0,-177.0,241.0,-841.0
71.0,1251.0,-515.0,287.0,126.0,-99.0,-161.0,-162.0,171.0,-815.0
99.0,1285.0,-519.0,207.0,121.0,-206.0,-154.0,-12.0,127.0,-778.0
134.0,1062.0,-494.0,149.0,91.0,-94.0,-137.0,-134.0,88.0,-759.0
171.0,825.0,-461.0,110.0,45.0,36.0,-112.0,-356.0,51.0,-700.0
225.0,712.0,-429.0,-19.0,-17.0,-32.0,-78.0,-323.0,15.0,-624.0
285.0,690.0,-384.0,-86.0,-85.0,-175.0,-47.0,-358.0,-21.0,-581.0
338.0,749.0,-317.0,-198.0,-145.0,-113.0,-38.0,-216.0,-35.0,-546.0
383.0,854.0,-281.0,-298.0,-181.0,10.0,-37.0,-158.0,-46.0,-498.0
422.0,867.0,-244.0,-294.0,-200.0,-14.0,-49.0,-33.0,-42.0,-449.0
445.0,689.0,-205.0,-325.0,-222.0,-31.0,-54.0,186.0,-30.0,-416.0
455.0,429.0,-200.0,-321.0,-248.0,-68.0,-21.0,184.0,-13.0,-356.0
446.0,234.0,-194.0,-384.0,-256.0,-152.0,1.0,168.0,29.0,-266.0
428.0,83.0,-203.0,-454.0,-230.0,-215.0,34.0,25.0,74.0,-178.0
415.0,-79.0,-229.0,-496.0,-174.0,-189.0,57.0,-25.0,92.0,-130.0
365.0,-165.0,-235.0,-493.0,-96.0,-126.0,51.0,-84.0,80.0,-86.0
318.0,-117.0,-250.0,-491.0,-11.0,-141.0,32.0,-227.0,55.0,-35.0
266.0,-12.0,-253.0,-484.0,70.0,-196.0,15.0,-242.0,22.0,-39.0
201.0,52.0,-239.0,-429.0,135.0,-233.0,31.0,-247.0,-7.0,-38.0
131.0,74.0,-233.0,-407.0,165.0,-242.0,27.0,-229.0,-22.0,-38.0
51.0,144.0,-225.0,-318.0,154.0,-214.0,25.0,-334.0,-14.0,-37.0
10.0,251.0,-214.0,-231.0,114.0,-147.0,19.0,-325.0,6.0,-44.0
-27.0,266.0,-202.0,-184.0,60.0,-105.0,0.0,-317.0,29.0,-44.0
-53.0,90.0,-203.0,-147.0,-3.0,-176.0,14.0,-393.0,46.0,6.0
-61.0,-245.0,-205.0,-129.0,-56.0,-219.0,52.0,-334.0,43.0,37.0
-68.0,-591.0,-225.0,-100.0,-81.0,-37.0,77.0,-388.0,44.0,90.0
-65.0,-747.0,-238.0,-100.0,-85.0,50.0,84.0,-319.0,31.0,168.0
-72.0,-678.0,-244.0,-76.0,-73.0,-122.0,99.0,-279.0,11.0,250.0
-57.0,-575.0,-259.0,-55.0,-45.0,-180.0,105.0,-182.0,19.0,305.0
-57.0,-591.0,-254.0,-68.0,-8.0,-33.0,94.0,-46.0,35.0,323.0
-36.0,-835.0,-257.0,-42.0,25.0,47.0,90.0,-158.0,63.0,369.0
12.0,-1327.0,-257.0,-48.0,49.0,-59.0,95.0,-271.0,94.0,374.0
40.0,-1853.0,-260.0,-48.0,69.0,-177.0,119.0,-582.0,118.0,323.0
93.0,-2087.0,-231.0,-27.0,91.0,-150.0,143.0,-552.0,144.0,277.0
136.0,-1886.0,-208.0,-44.0,110.0,-58.0,110.0,-297.0,154.0,238.0
169.0,-1417.0,-189.0,-18.0,120.0,-17.0,54.0,-208.0,161.0,169.0
173.0,-924.0,-160.0,32.0,124.0,0.0,48.0,57.0,175.0,65.0
192.0,-486.0,-174.0,93.0,125.0,10.0,44.0,36.0,190.0,-7.0
226.0,-76.0,-160.0,140.0,122.0,-2.0,34.0,16.0,209.0,-58.0
211.0,225.0,-174.0,152.0,116.0,19.0,63.0,53.0,221.0,-122.0
235.0,298.0,-176.0,167.0,123.0,106.0,79.0,12.0,242.0,-154.0
229.0,190.0,-151.0,141.0,147.0,156.0,74.0,94.0,252.0,-149.0
206.0,41.0,-156.0,86.0,186.0,121.0,71.0,46.0,256.0,-138.0
172.0,-115.0,-137.0,35.0,222.0,70.0,41.0,27.0,251.0,-147.0
121.0,-317.0,-132.0,-7.0,238.0,118.0,-15.0,-109.0,242.0,-138.0
108.0,-539.0,-157.0,-61.0,224.0,191.0,-76.0,-238.0,244.0,-85.0
89.0,-615.0,-171.0,-108.0,187.0,35.0,-101.0,-291.0,232.0,-58.0
100.0,-338.0,-188.0,-108.0,140.0,-35.0,-76.0,-199.0,215.0,-33.0
119.0,182.0,-199.0,-124.0,105.0,136.0,-48.0,-42.0,183.0,31.0
159.0,614.0,-192.0,-159.0,91.0,178.0,-73.0,-227.0,146.0,100.0
172.0,804.0,-170.0,-193.0,91.0,75.0,-130.0,-227.0,95.0,134.0
175.0,753.0,-128.0,-200.0,108.0,-2.0,-169.0,-280.0,20.0,174.0
175.0,460.0,-85.0,-222.0,137.0,53.0,-174.0,-336.0,-45.0,254.0
156.0,-17.0,-36.0,-267.0,162.0,152.0,-185.0,-332.0,-99.0,308.0
176.0,-494.0,20.0,-273.0,167.0,100.0,-200.0,-447.0,-114.0,321.0
161.0,-724.0,95.0,-279.0,149.0,43.0,-211.0,-291.0,-87.0,339.0
164.0,-531.0,163.0,-298.0,108.0,85.0,-280.0,-253.0,-47.0,335.0
152.0,-34.0,225.0,-328.0,52.0,86.0,-362.0,-173.0,-6.0,283.0
147.0,426.0,276.0,-356.0,-6.0,60.0,-391.0,-138.0,36.0,220.0
143.0,608.0,292.0,-349.0,-69.0,88.0,-395.0,-101.0,88.0,172.0
119.0,502.0,325.0,-345.0,-136.0,121.0,-370.0,46.0,155.0,134.0
105.0,263.0,348.0,-347.0,-206.0,58.0,-352.0,-3.0,215.0,71.0
92.0,60.0,349.0,-321.0,-269.0,33.0,-375.0,118.0,252.0,22.0
100.0,-25.0,358.0,-243.0,-313.0,91.0,-374.0,96.0,270.0,42.0
71.0,-10.0,353.0,-131.0,-335.0,47.0,-392.0,55.0,247.0,52.0
61.0,80.0,353.0,-29.0,-336.0,-32.0,-422.0,107.0,187.0,48.0
37.0,163.0,367.0,55.0,-324.0,34.0,-417.0,22.0,116.0,89.0
10.0,179.0,369.0,139.0,-302.0,127.0,-397.0,68.0,45.0,128.0
-6.0,228.0,361.0,200.0,-268.0,16.0,-360.0,7.0,-24.0,131.0
-42.0,354.0,336.0,222.0,-220.0,-8.0,-339.0,-72.0,-91.0,126.0
-68.0,447.0,317.0,215.0,-161.0,126.0,-322.0,-62.0,-142.0,144.0
-89.0,424.0,302.0,159.0,-96.0,129.0,-319.0,-68.0,-186.0,139.0
-98.0,296.0,273.0,93.0,-35.0,66.0,-325.0,-46.0,-221.0,79.0
-90.0,86.0,262.0,45.0,16.0,31.0,-331.0,-103.0,-240.0,30.0
-57.0,-176.0,234.0,3.0,54.0,47.0,-342.0,-177.0,-233.0,-20.0
-45.0,-391.0,212.0,-24.0,71.0,66.0,-313.0,-251.0,-221.0,-117.0
-25.0,-380.0,204.0,-50.0,62.0,75.0,-272.0,-332.0,-203.0,-254.0
9.0,-57.0,194.0,-74.0,18.0,69.0,-230.0,-450.0,-168.0,-387.0
53.0,454.0,195.0,-86.0,-47.0,22.0,-207.0,-495.0,-117.0,-518.0
85.0,914.0,201.0,-89.0,-113.0,-4.0,-215.0,-317.0,-36.0,-681.0
121.0,1081.0,202.0,-69.0,-157.0,40.0,-219.0,-310.0,44.0,-841.0
177.0,920.0,192.0,-18.0,-182.0,121.0,-227.0,-242.0,121.0,-942.0
242.0,618.0,204.0,41.0,-201.0,127.0,-232.0,-49.0,192.0,-1008.0
294.0,413.0,176.0,116.0,-213.0,104.0,-257.0,-40.0,240.0,-1076.0
305.0,501.0,149.0,162.0,-213.0,146.0,-282.0,-66.0,282.0,-1071.0
312.0,808.0,161.0,181.0,-196.0,208.0,-297.0,-267.0,328.0,-1020.0
286.0,1084.0,116.0,200.0,-165.0,222.0,-300.0,-437.0,351.0,-975.0
246.0,1242.0,96.0,197.0,-122.0,251.0,-263.0,-532.0,332.0,-924.0
215.0,1316.0,114.0,200.0,-77.0,238.0,-232.0,-448.0,297.0,-853.0
189.0,1368.0,59.0,238.0,-33.0,175.0,-225.0,-321.0,243.0,-753.0
149.0,1422.0,50.0,289.0,15.0,183.0,-227.0,-308.0,188.0,-703.0
94.0,1437.0,41.0,301.0,74.0,207.0,-246.0,-136.0,128.0,-679.0
55.0,1318.0,-23.0,280.0,138.0,272.0,-267.0,-181.0,41.0,-639.0
11.0,1002.0,-32.0,263.0,192.0,270.0,-248.0,-169.0,-17.0,-632.0
-48.0,553.0,-91.0,276.0,216.0,176.0,-227.0,-160.0,-57.0,-659.0
-114.0,68.0,-156.0,310.0,186.0,141.0,-225.0,-290.0,-95.0,-662.0
-156.0,-365.0,-197.0,338.0,115.0,194.0,-216.0,-362.0,-121.0,-642.0
-191.0,-590.0,-277.0,377.0,29.0,202.0,-180.0,-578.0,-161.0,-661.0
-242.0,-475.0,-321.0,433.0,-43.0,93.0,-132.0,-485.0,-219.0,-678.0
-304.0,-71.0,-365.0,500.0,-87.0,121.0,-110.0,-327.0,-290.0,-654.0
-334.0,409.0,-410.0,550.0,-99.0,250.0,-77.0,-175.0,-353.0,-620.0
-349.0,765.0,-445.0,574.0,-87.0,298.0,-45.0,64.0,-387.0,-631.0
-382.0,888.0,-486.0,566.0,-67.0,181.0,-14.0,73.0,-410.0,-643.0
-391.0,743.0,-534.0,503.0,-52.0,56.0,1.0,99.0,-403.0,-621.0
-369.0,399.0,-577.0,404.0,-55.0,99.0,-45.0,-60.0,-334.0,-628.0
-335.0,-10.0,-605.0,299.0,-77.0,121.0,-90.0,-243.0,-221.0,-645.0
-319.0,-360.0,-589.0,153.0,-107.0,125.0,-115.0,-328.0,-100.0,-627.0
-304.0,-615.0,-552.0,-15.0,-139.0,138.0,-109.0,-384.0,6.0,-592.0
-297.0,-846.0,-517.0,-150.0,-171.0,123.0,-81.0,-286.0,90.0,-558.0
-298.0,-1075.0,-413.0,-263.0,-188.0,79.0,-54.0,-358.0,168.0,-494.0
-284.0,-1306.0,-327.0,-331.0,-171.0,135.0,-49.0,-295.0,220.0,-380.0
-289.0,-1621.0,-240.0,-360.0,-115.0,269.0,-40.0,-147.0,249.0,-247.0
-269.0,-2110.0,-129.0,-384.0,-39.0,239.0,4.0,-155.0,256.0,-134.0
-235.0,-2649.0,-60.0,-385.0,27.0,79.0,49.0,-218.0,230.0,-6.0
-209.0,-2991.0,20.0,-393.0,68.0,35.0,74.0,-347.0,208.0,138.0
-205.0,-3013.0,89.0,-410.0,83.0,239.0,82.0,-330.0,156.0,241.0
-178.0,-2654.0,165.0,-449.0,81.0,332.0,105.0,-338.0,91.0,286.0
-138.0,-2024.0,236.0,-532.0,73.0,215.0,158.0,-266.0,22.0,314.0
-121.0,-1405.0,262.0,-551.0,68.0,208.0,216.0,-264.0,-57.0,336.0
-67.0,-1007.0,298.0,-557.0,70.0,242.0,238.0,-347.0,-122.0,302.0
-38.0,-849.0,293.0,-567.0,84.0,225.0,253.0,-336.0,-181.0,259.0
0.0,-770.0,257.0,-534.0,112.0,248.0,271.0,-467.0,-239.0,247.0
32.0,-532.0,234.0,-519.0,147.0,231.0,275.0,-458.0,-310.0,223.0
49.0,-33.0,178.0,-487.0,173.0,130.0,302.0,-526.0,-367.0,176.0
76.0,447.0,103.0,-449.0,173.0,121.0,308.0,-517.0,-410.0,147.0
79.0,635.0,55.0,-420.0,159.0,200.0,301.0,-393.0,-426.0,157.0
76.0,674.0,-8.0,-386.0,149.0,236.0,312.0,-437.0,-423.0,154.0
76.0,747.0,-65.0,-324.0,155.0,164.0,338.0,-269.0,-416.0,152.0
95.0,749.0,-80.0,-269.0,176.0,116.0,337.0,-184.0,-387.0,204.0
102.0,538.0,-122.0,-201.0,211.0,232.0,327.0,-223.0,-348.0,280.0
107.0,235.0,-104.0,-93.0,256.0,274.0,363.0,-310.0,-285.0,314.0
132.0,120.0,-82.0,13.0,296.0,176.0,400.0,-358.0,-199.0,342.0
134.0,364.0,-51.0,128.0,309.0,175.0,432.0,-247.0,-111.0,404.0
157.0,805.0,42.0,198.0,287.0,300.0,456.0,-297.0,-25.0,430.0
205.0,1096.0,85.0,231.0,242.0,377.0,455.0,-304.0,61.0,440.0
224.0,1021.0,174.0,272.0,190.0,419.0,422.0,-352.0,152.0,469.0
274.0,612.0,255.0,273.0,128.0,405.0,404.0,-456.0,240.0,507.0
302.0,156.0,309.0,256.0,50.0,248.0,400.0,-500.0,335.0,536.0
343.0,-100.0,377.0,251.0,-22.0,110.0,380.0,-532.0,415.0,531.0
365.0,-196.0,425.0,194.0,-74.0,72.0,381.0,-384.0,462.0,565.0
372.0,-281.0,468.0,137.0,-102.0,143.0,390.0,-306.0,498.0,613.0
401.0,-419.0,485.0,81.0,-117.0,97.0,411.0,-295.0,501.0,594.0
388.0,-569.0,509.0,12.0,-130.0,-37.0,403.0,-415.0,464.0,585.0
403.0,-628.0,509.0,-40.0,-133.0,-8.0,387.0,-657.0,384.0,591.0
376.0,-572.0,476.0,-84.0,-132.0,55.0,432.0,-722.0,286.0,539.0
383.0,-453.0,446.0,-81.0,-144.0,32.0,468.0,-779.0,198.0,422.0
385.0,-296.0,390.0,-45.0,-171.0,-25.0,446.0,-626.0,93.0,303.0
382.0,-241.0,320.0,10.0,-194.0,43.0,371.0,-389.0,2.0,199.0
394.0,-400.0,264.0,51.0,-197.0,11.0,313.0,-81.0,-69.0,45.0
416.0,-612.0,192.0,102.0,-189.0,-59.0,296.0,242.0,-125.0,-92.0
472.0,-644.0,128.0,157.0,-176.0,12.0,303.0,169.0,-161.0,-157.0
475.0,-409.0,86.0,185.0,-158.0,69.0,339.0,55.0,-203.0,-200.0
483.0,41.0,50.0,222.0,-136.0,131.0,354.0,-223.0,-228.0,-264.0
475.0,599.0,29.0,175.0,-109.0,85.0,348.0,-410.0,-240.0,-307.0
476.0,1146.0,31.0,64.0,-93.0,31.0,348.0,-589.0,-239.0,-285.0
471.0,1571.0,59.0,-20.0,-94.0,12.0,340.0,-901.0,-227.0,-263.0
474.0,1792.0,78.0,-131.0,-105.0,104.0,326.0,-873.0,-210.0,-248.0
471.0,1773.0,117.0,-231.0,-109.0,234.0,323.0,-814.0,-195.0,-194.0
484.0,1502.0,141.0,-314.0,-104.0,160.0,330.0,-539.0,-159.0,-115.0
482.0,1054.0,147.0,-394.0,-89.0,148.0,362.0,-295.0,-110.0,-64.0
462.0,552.0,183.0,-402.0,-67.0,214.0,386.0,-125.0,-61.0,-28.0
453.0,95.0,176.0,-346.0,-33.0,250.0,386.0,59.0,39.0,52.0
406.0,-157.0,157.0,-273.0,25.0,272.0,367.0,36.0,151.0,120.0
366.0,-99.0,152.0,-193.0,104.0,249.0,302.0,92.0,241.0,142.0
330.0,136.0,109.0,-79.0,177.0,177.0,246.0,-90.0,322.0,150.0
340.0,327.0,54.0,33.0,216.0,208.0,211.0,-260.0,379.0,173.0
316.0,372.0,6.0,117.0,210.0,368.0,187.0,-321.0,416.0,168.0
315.0,293.0,-64.0,230.0,162.0,413.0,187.0,-352.0,459.0,100.0
300.0,167.0,-120.0,301.0,97.0,342.0,194.0,-151.0,483.0,52.0
286.0,73.0,-171.0,344.0,42.0,292.0,202.0,20.0,487.0,19.0
273.0,24.0,-236.0,411.0,11.0,386.0,212.0,223.0,498.0,-67.0
226.0,-44.0,-262.0,472.0,-1.0,525.0,235.0,160.0,480.0,-166.0
212.0,-146.0,-304.0,512.0,-18.0,465.0,243.0,-53.0,443.0,-235.0
187.0,-176.0,-331.0,543.0,-46.0,373.0,254.0,-140.0,405.0,-293.0
208.0,-94.0,-358.0,569.0,-77.0,340.0,276.0,-327.0,350.0,-380.0
168.0,41.0,-391.0,562.0,-111.0,294.0,266.0,-450.0,281.0,-436.0
138.0,189.0,-376.0,568.0,-146.0,352.0,251.0,-585.0,199.0,-428.0
79.0,240.0,-388.0,544.0,-178.0,432.0,227.0,-554.0,103.0,-440.0
-6.0,16.0,-349.0,532.0,-196.0,467.0,205.0,-315.0,-5.0,-461.0
-80.0,-440.0,-334.0,521.0,-188.0,415.0,199.0,-81.0,-89.0,-452.0
-190.0,-887.0,-287.0,447.0,-167.0,414.0,180.0,114.0,-135.0,-456.0
-258.0,-1117.0,-235.0,380.0,-149.0,521.0,190.0,114.0,-149.0,-504.0
-328.0,-1064.0,-229.0,294.0,-131.0,479.0,194.0,133.0,-131.0,-563.0
-386.0,-818.0,-144.0,182.0,-98.0,455.0,191.0,48.0,-103.0,-587.0
-461.0,-485.0,-131.0,107.0,-51.0,510.0,192.0,38.0,-60.0,-601.0
-500.0,-218.0,-78.0,76.0,-13.0,496.0,139.0,109.0,17.0,-633.0
-529.0,-201.0,-29.0,31.0,-1.0,350.0,84.0,7.0,127.0,-632.0
-576.0,-402.0,-18.0,6.0,-10.0,281.0,42.0,103.0,248.0,-595.0
-587.0,-567.0,19.0,22.0,-28.0,367.0,18.0,151.0,347.0,-562.0
-607.0,-429.0,24.0,35.0,-45.0,413.0,-9.0,190.0,430.0,-524.0
-609.0,34.0,45.0,62.0,-56.0,472.0,-45.0,134.0,511.0,-443.0
-591.0,580.0,40.0,100.0,-59.0,468.0,-57.0,59.0,572.0,-322.0
-571.0,939.0,68.0,116.0,-50.0,431.0,-86.0,240.0,598.0,-213.0
-544.0,939.0,61.0,113.0,-43.0,335.0,-63.0,236.0,569.0,-84.0
-502.0,543.0,65.0,117.0,-49.0,266.0,1.0,345.0,492.0,96.0
-437.0,-65.0,56.0,145.0,-66.0,259.0,71.0,347.0,386.0,244.0
-372.0,-602.0,24.0,152.0,-84.0,218.0,124.0,205.0,275.0,332.0
-313.0,-984.0,41.0,169.0,-99.0,280.0,138.0,240.0,170.0,420.0
-243.0,-1195.0,4.0,254.0,-116.0,296.0,160.0,151.0,68.0,521.0
-183.0,-1110.0,11.0,333.0,-141.0,251.0,168.0,205.0,-15.0,566.0
-112.0,-810.0,-5.0,408.0,-169.0,237.0,172.0,131.0,-80.0,581.0
-53.0,-592.0,-13.0,452.0,-191.0,208.0,169.0,-1.0,-131.0,624.0
-31.0,-663.0,-7.0,446.0,-210.0,84.0,137.0,1.0,-163.0,654.0
-29.0,-989.0,-3.0,431.0,-219.0,-22.0,84.0,-153.0,-173.0,645.0
-28.0,-1278.0,11.0,384.0,-211.0,37.0,45.0,-42.0,-149.0,599.0
-47.0,-1254.0,3.0,297.0,-176.0,70.0,36.0,179.0,-118.0,590.0
-97.0,-844.0,31.0,160.0,-124.0,52.0,7.0,319.0,-92.0,553.0
-112.0,-166.0,24.0,5.0,-66.0,18.0,-13.0,388.0,-61.0,454.0
-125.0,548.0,71.0,-127.0,-7.0,-35.0,6.0,327.0,-29.0,402.0
-128.0,1109.0,94.0,-244.0,58.0,-84.0,101.0,290.0,4.0,359.0
-112.0,1443.0,103.0,-329.0,137.0,-112.0,176.0,171.0,55.0,295.0
-93.0,1593.0,127.0,-366.0,222.0,-29.0,157.0,162.0,101.0,228.0
-78.0,1662.0,108.0,-387.0,286.0,-27.0,104.0,144.0,116.0,198.0
-78.0,1673.0,105.0,-382.0,309.0,-175.0,45.0,109.0,106.0,175.0
-62.0,1499.0,45.0,-382.0,299.0,-169.0,42.0,206.0,56.0,110.0
-59.0,1082.0,52.0,-398.0,280.0,18.0,56.0,169.0,-37.0,57.0
-24.0,524.0,3.0,-398.0,265.0,133.0,59.0,195.0,-143.0,23.0
27.0,-75.0,-25.0,-404.0,258.0,60.0,44.0,151.0,-245.0,-43.0
53.0,-572.0,-11.0,-375.0,258.0,-10.0,-2.0,57.0,-318.0,-146.0
82.0,-816.0,-62.0,-325.0,254.0,8.0,-34.0,35.0,-363.0,-220.0
87.0,-888.0,-53.0,-262.0,236.0,-20.0,-35.0,-36.0,-403.0,-273.0
106.0,-1009.0,-91.0,-190.0,207.0,-88.0,7.0,-9.0,-431.0,-340.0
118.0,-1308.0,-94.0,-125.0,162.0,-107.0,10.0,-1.0,-445.0,-400.0
117.0,-1696.0,-139.0,-49.0,100.0,-72.0,-40.0,186.0,-456.0,-432.0
125.0,-1973.0,-156.0,8.0,32.0,8.0,-43.0,304.0,-446.0,-455.0
130.0,-2018.0,-191.0,41.0,-26.0,97.0,3.0,279.0,-410.0,-512.0
147.0,-1825.0,-231.0,85.0,-58.0,82.0,45.0,378.0,-362.0,-546.0
110.0,-1327.0,-228.0,162.0,-61.0,16.0,54.0,375.0,-296.0,-548.0
77.0,-400.0,-279.0,227.0,-42.0,35.0,35.0,395.0,-207.0,-562.0
45.0,728.0,-224.0,270.0,-19.0,117.0,-16.0,277.0,-123.0,-550.0
7.0,1543.0,-234.0,287.0,-8.0,127.0,-85.0,208.0,-40.0,-508.0
-31.0,1726.0,-155.0,302.0,-3.0,65.0,-126.0,182.0,29.0,-445.0
-101.0,1386.0,-122.0,249.0,1.0,63.0,-113.0,0.0,89.0,-388.0
-137.0,846.0,-78.0,140.0,5.0,61.0,-85.0,-20.0,143.0,-328.0
-187.0,355.0,-33.0,73.0,11.0,-84.0,-88.0,-25.0,174.0,-246.0
-192.0,49.0,-48.0,-27.0,20.0,-267.0,-60.0,0.0,193.0,-184.0
-200.0,-92.0,35.0,-84.0,32.0,-229.0,-13.0,29.0,184.0,-138.0
-192.0,-134.0,18.0,-100.0,34.0,-39.0,1.0,166.0,147.0,-90.0
-158.0,-62.0,112.0,-135.0,17.0,10.0,-3.0,338.0,107.0,-49.0
-145.0,35.0,102.0,-130.0,-21.0,-186.0,-47.0,382.0,61.0,-41.0
-108.0,22.0,137.0,-97.0,-77.0,-311.0,-97.0,498.0,20.0,-51.0
-112.0,-65.0,157.0,-63.0,-142.0,-198.0,-112.0,384.0,-10.0,-49.0
-97.0,-67.0,129.0,-40.0,-207.0,-127.0,-84.0,249.0,-32.0,-47.0
-108.0,15.0,176.0,-39.0,-254.0,-146.0,-45.0,145.0,-57.0,-80.0
-102.0,-23.0,124.0,-33.0,-273.0,-213.0,-1.0,27.0,-83.0,-119.0
-107.0,-234.0,168.0,-12.0,-268.0,-234.0,31.0,182.0,-108.0,-123.0
-118.0,-420.0,143.0,-5.0,-247.0,-83.0,43.0,293.0,-131.0,-172.0
-103.0,-380.0,146.0,0.0,-226.0,37.0,56.0,441.0,-128.0,-239.0
-116.0,-25.0,142.0,-15.0,-214.0,-23.0,40.0,437.0,-89.0,-271.0
-98.0,466.0,148.0,1.0,-211.0,-187.0,50.0,225.0,-30.0,-275.0
-93.0,818.0,155.0,31.0,-209.0,-287.0,72.0,105.0,60.0,-267.0
-75.0,1018.0,167.0,23.0,-202.0,-160.0,68.0,-75.0,172.0,-253.0
-80.0,1127.0,208.0,23.0,-199.0,28.0,68.0,-70.0,277.0,-179.0
-82.0,1051.0,195.0,-12.0,-201.0,-19.0,60.0,68.0,400.0,-90.0
-107.0,687.0,232.0,-58.0,-201.0,-235.0,69.0,253.0,529.0,5.0
-149.0,124.0,199.0,-79.0,-210.0,-311.0,90.0,380.0,622.0,125.0
-159.0,-383.0,215.0,-81.0,-239.0,-246.0,111.0,388.0,697.0,288.0
-180.0,-602.0,175.0,-68.0,-280.0,-191.0,119.0,421.0,739.0,461.0
-173.0,-507.0,121.0,-38.0,-313.0,-196.0,106.0,186.0,744.0,603.0
-182.0,-353.0,110.0,10.0,-321.0,-295.0,83.0,9.0,744.0,759.0
-182.0,-348.0,46.0,59.0,-297.0,-393.0,43.0,-20.0,744.0,898.0
-194.0,-430.0,18.0,106.0,-247.0,-381.0,-17.0,96.0,743.0,987.0
-191.0,-492.0,-44.0,160.0,-172.0,-175.0,-79.0,352.0,730.0,1029.0
-192.0,-496.0,-53.0,213.0,-91.0,-57.0,-91.0,319.0,691.0,1064.0
-211.0,-410.0,-67.0,249.0,-15.0,-244.0,-82.0,301.0,637.0,1064.0
-215.0,-223.0,-110.0,264.0,46.0,-386.0,-88.0,247.0,572.0,980.0
-218.0,73.0,-106.0,238.0,84.0,-350.0,-93.0,275.0,502.0,870.0
-216.0,427.0,-132.0,190.0,103.0,-245.0,-88.0,402.0,438.0,755.0
-242.0,687.0,-189.0,145.0,101.0,-219.0,-74.0,395.0,358.0,609.0
-269.0,806.0,-179.0,90.0,85.0,-277.0,-64.0,535.0,276.0,440.0
-301.0,884.0,-190.0,30.0,67.0,-300.0,-56.0,609.0,199.0,307.0
-304.0,1075.0,-206.0,-16.0,53.0,-277.0,-63.0,668.0,110.0,201.0
-315.0,1476.0,-172.0,-17.0,51.0,-171.0,-61.0,646.0,20.0,83.0
-315.0,2038.0,-196.0,6.0,61.0,-116.0,-58.0,576.0,-85.0,-18.0
-290.0,2554.0,-178.0,17.0,72.0,-161.0,-71.0,624.0,-183.0,-63.0
-269.0,2763.0,-164.0,5.0,76.0,-265.0,-79.0,576.0,-292.0,-74.0
-233.0,2582.0,-177.0,21.0,72.0,-379.0,-91.0,639.0,-402.0,-98.0
-243.0,2082.0,-125.0,69.0,67.0,-294.0,-70.0,657.0,-478.0,-121.0
-243.0,1360.0,-101.0,96.0,68.0,-191.0,-71.0,593.0,-560.0,-108.0
-261.0,557.0,-93.0,113.0,76.0,-246.0,-112.0,448.0,-629.0,-123.0
-281.0,-146.0,8.0,90.0,98.0,-321.0,-138.0,118.0,-675.0,-197.0
-293.0,-608.0,48.0,66.0,128.0,-273.0,-148.0,-112.0,-716.0,-244.0
-304.0,-912.0,84.0,46.0,159.0,-143.0,-113.0,-258.0,-735.0,-277.0
-281.0,-1195.0,168.0,3.0,192.0,-123.0,-90.0,-182.0,-712.0,-329.0
-273.0,-1383.0,184.0,-3.0,219.0,-87.0,-76.0,60.0,-662.0,-384.0
-227.0,-1409.0,251.0,10.0,226.0,-72.0,-81.0,301.0,-591.0,-396.0
-197.0,-1271.0,281.0,25.0,204.0,-151.0,-143.0,480.0,-487.0,-383.0
-165.0,-962.0,321.0,67.0,165.0,-179.0,-177.0,589.0,-360.0,-400.0
-137.0,-602.0,351.0,130.0,135.0,-117.0,-155.0,718.0,-205.0,-392.0
-131.0,-315.0,334.0,193.0,126.0,12.0,-88.0,513.0,-60.0,-348.0
-95.0,-130.0,341.0,221.0,139.0,25.0,-26.0,404.0,67.0,-324.0
-78.0,-53.0,325.0,222.0,166.0,-95.0,6.0,450.0,189.0,-334.0
-48.0,-27.0,291.0,233.0,201.0,-152.0,30.0,400.0,277.0,-321.0
-24.0,54.0,249.0,276.0,248.0,-118.0,29.0,415.0,357.0,-286.0
12.0,276.0,208.0,300.0,291.0,-142.0,51.0,158.0,409.0,-287.0
67.0,608.0,145.0,280.0,303.0,-171.0,85.0,109.0,409.0,-273.0
91.0,890.0,116.0,245.0,283.0,-91.0,73.0,151.0,371.0,-202.0
109.0,933.0,71.0,202.0,239.0,-123.0,24.0,109.0,319.0,-130.0
115.0,671.0,29.0,161.0,181.0,-278.0,-46.0,238.0,275.0,-73.0
125.0,134.0,39.0,148.0,120.0,-298.0,-79.0,275.0,215.0,11.0
130.0,-614.0,25.0,163.0,66.0,-237.0,-81.0,393.0,148.0,116.0
108.0,-1449.0,33.0,147.0,38.0,-251.0,-68.0,325.0,69.0,187.0
85.0,-2232.0,68.0,118.0,22.0,-267.0,-59.0,199.0,31.0,221.0
75.0,-2803.0,97.0,68.0,10.0,-192.0,-75.0,162.0,-13.0,272.0
56.0,-3029.0,144.0,-12.0,4.0,-198.0,-91.0,127.0,-141.0,328.0
26.0,-2929.0,173.0,-89.0,-4.0,-272.0,-115.0,304.0,-245.0,338.0
-1.0,-2632.0,197.0,-169.0,-21.0,-232.0,-116.0,290.0,-331.0,335.0
-31.0,-2274.0,215.0,-262.0,-40.0,-185.0,-101.0,352.0,-426.0,361.0
-60.0,-1929.0,232.0,-310.0,-56.0,-187.0,-75.0,447.0,-472.0,371.0
-80.0,-1597.0,256.0,-311.0,-65.0,-269.0,-48.0,378.0,-516.0,366.0
-57.0,-1285.0,258.0,-312.0,-58.0,-283.0,-38.0,452.0,-591.0,366.0
-55.0,-1004.0,261.0,-252.0,-39.0,-214.0,-25.0,299.0,-582.0,370.0
-78.0,-808.0,213.0,-197.0,-20.0,-225.0,-25.0,144.0,-572.0,349.0
-97.0,-704.0,192.0,-159.0,-16.0,-246.0,-3.0,-33.0,-662.0,281.0
-137.0,-636.0,170.0,-110.0,-28.0,-313.0,39.0,-230.0,-624.0,213.0
-140.0,-560.0,145.0,-69.0,-49.0,-411.0,43.0,-182.0,-474.0,127.0
-148.0,-416.0,116.0,-38.0,-64.0,-427.0,34.0,-9.0,-414.0,0.0
-167.0,-120.0,79.0,-10.0,-59.0,-317.0,14.0,303.0,-394.0,-134.0
-173.0,376.0,74.0,62.0,-42.0,-285.0,-2.0,345.0,-317.0,-221.0
-179.0,939.0,54.0,130.0,-26.0,-390.0,-15.0,373.0,-220.0,-268.0
-196.0,1416.0,61.0,137.0,-16.0,-467.0,-34.0,321.0,-142.0,-310.0
-192.0,1697.0,57.0,120.0,-3.0,-386.0,-6.0,131.0,-20.0,-274.0
-148.0,1659.0,74.0,128.0,23.0,-186.0,20.0,127.0,119.0,-172.0
-135.0,1294.0,75.0,109.0,68.0,-189.0,24.0,75.0,191.0,-82.0
-145.0,711.0,67.0,98.0,118.0,-309.0,44.0,182.0,286.0,20.0
-176.0,164.0,59.0,78.0,154.0,-356.0,53.0,303.0,438.0,126.0
-209.0,-175.0,71.0,34.0,158.0,-253.0,58.0,391.0,419.0,218.0
-253.0,-326.0,86.0,-4.0,125.0,-102.0,80.0,358.0,284.0,281.0
-297.0,-332.0,70.0,-68.0,70.0,-205.0,84.0,280.0,307.0,316.0
-301.0,-269.0,117.0,-71.0,10.0,-352.0,58.0,362.0,341.0,342.0
-309.0,-236.0,96.0,-93.0,-39.0,-305.0,49.0,293.0,279.0,329.0
-325.0,-154.0,111.0,-131.0,-72.0,-177.0,51.0,380.0,249.0,258.0
-303.0,246.0,146.0,-138.0,-89.0,-60.0,25.0,386.0,196.0,183.0
-237.0,883.0,121.0,-155.0,-98.0,28.0,1.0,408.0,116.0,135.0
-174.0,1428.0,163.0,-129.0,-110.0,-43.0,29.0,661.0,48.0,61.0
-142.0,1741.0,121.0,-72.0,-141.0,-209.0,107.0,611.0,-19.0,10.0
-96.0,1863.0,105.0,-1.0,-185.0,-172.0,207.0,576.0,-66.0,19.0
-39.0,1870.0,126.0,66.0,-211.0,24.0,271.0,556.0,-146.0,41.0
-20.0,1742.0,59.0,128.0,-200.0,85.0,283.0,535.0,-189.0,63.0
18.0,1576.0,83.0,193.0,-154.0,-175.0,281.0,606.0,-106.0,100.0
59.0,1455.0,78.0,228.0,-100.0,-364.0,273.0,543.0,-83.0,185.0
92.0,1246.0,73.0,253.0,-65.0,-170.0,241.0,519.0,-143.0,277.0
134.0,914.0,107.0,297.0,-43.0,42.0,216.0,450.0,-104.0,375.0
131.0,619.0,89.0,352.0,-17.0,0.0,216.0,476.0,3.0,509.0
128.0,431.0,127.0,422.0,4.0,-123.0,184.0,463.0,51.0,646.0
135.0,368.0,123.0,477.0,11.0,-135.0,138.0,378.0,58.0,735.0
152.0,463.0,114.0,534.0,-1.0,-129.0,127.0,352.0,115.0,813.0
132.0,567.0,122.0,606.0,-33.0,-64.0,152.0,181.0,107.0,910.0
86.0,568.0,102.0,633.0,-71.0,37.0,162.0,230.0,-20.0,961.0
67.0,438.0,62.0,613.0,-97.0,-41.0,144.0,153.0,-93.0,984.0
7.0,213.0,53.0,594.0,-104.0,-160.0,126.0,-9.0,-143.0,973.0
0.0,-67.0,50.0,594.0,-89.0,-153.0,119.0,-24.0,-261.0,916.0
-11.0,-551.0,-9.0,600.0,-50.0,-120.0,126.0,-138.0,-311.0,802.0
-27.0,-1161.0,-23.0,627.0,2.0,-106.0,105.0,-16.0,-243.0,622.0
-15.0,-1620.0,-68.0,647.0,57.0,-153.0,72.0,51.0,-238.0,421.0
-35.0,-1801.0,-112.0,635.0,107.0,-160.0,35.0,153.0,-336.0,217.0
-41.0,-1745.0,-119.0,630.0,144.0,-79.0,24.0,238.0,-364.0,30.0
-61.0,-1533.0,-155.0,599.0,162.0,-105.0,41.0,120.0,-298.0,-133.0
-17.0,-1185.0,-184.0,549.0,158.0,-125.0,23.0,138.0,-232.0,-230.0
23.0,-749.0,-200.0,501.0,136.0,-59.0,-14.0,72.0,-185.0,-278.0
73.0,-249.0,-220.0,409.0,108.0,-33.0,-88.0,49.0,-109.0,-331.0
124.0,295.0,-241.0,342.0,84.0,-95.0,-139.0,-11.0,17.0,-340.0
175.0,879.0,-221.0,280.0,66.0,-108.0,-105.0,-105.0,139.0,-307.0
221.0,1494.0,-239.0,185.0,59.0,-48.0,-54.0,-99.0,176.0,-300.0
240.0,2078.0,-229.0,132.0,59.0,-137.0,9.0,-206.0,161.0,-299.0
289.0,2540.0,-232.0,103.0,72.0,-235.0,41.0,-157.0,155.0,-283.0
321.0,2697.0,-259.0,86.0,103.0,-201.0,18.0,-99.0,140.0,-279.0
369.0,2532.0,-270.0,75.0,147.0,-197.0,-31.0,-46.0,185.0,-302.0
325.0,2134.0,-332.0,64.0,191.0,-264.0,-68.0,16.0,239.0,-342.0
300.0,1610.0,-334.0,76.0,219.0,-154.0,-83.0,-27.0,161.0,-365.0
238.0,1108.0,-392.0,87.0,220.0,-14.0,-123.0,-18.0,106.0,-374.0
173.0,565.0,-422.0,34.0,192.0,-127.0,-164.0,-123.0,181.0,-375.0
129.0,-41.0,-446.0,-30.0,151.0,-193.0,-170.0,-158.0,185.0,-337.0
59.0,-650.0,-515.0,-83.0,106.0,-55.0,-132.0,-177.0,85.0,-273.0
57.0,-1267.0,-514.0,-169.0,58.0,75.0,-114.0,-121.0,24.0,-233.0
-35.0,-1835.0,-535.0,-262.0,11.0,2.0,-144.0,-36.0,-19.0,-197.0
-89.0,-2261.0,-533.0,-347.0,-32.0,-70.0,-204.0,-66.0,-73.0,-139.0
-167.0,-2460.0,-519.0,-397.0,-79.0,0.0,-275.0,16.0,-67.0,-77.0
-209.0,-2398.0,-507.0,-408.0,-131.0,69.0,-319.0,-84.0,-47.0,-23.0
-223.0,-2083.0,-511.0,-417.0,-179.0,51.0,-347.0,-88.0,-184.0,7.0
-260.0,-1589.0,-465.0,-458.0,-218.0,-68.0,-324.0,-86.0,-319.0,33.0
-242.0,-1128.0,-401.0,-505.0,-242.0,-22.0,-290.0,-184.0,-281.0,45.0
-278.0,-829.0,-350.0,-522.0,-265.0,72.0,-287.0,-147.0,-299.0,26.0
-270.0,-621.0,-269.0,-491.0,-292.0,25.0,-281.0,-221.0,-363.0,30.0
-280.0,-460.0,-220.0,-438.0,-320.0,16.0,-253.0,-48.0,-338.0,57.0
-247.0,-279.0,-162.0,-362.0,-342.0,12.0,-208.0,40.0,-382.0,75.0
-229.0,16.0,-104.0,-314.0,-359.0,-45.0,-188.0,68.0,-486.0,57.0
-241.0,301.0,-34.0,-305.0,-380.0,-26.0,-186.0,315.0,-530.0,1.0
-217.0,387.0,9.0,-215.0,-396.0,85.0,-203.0,336.0,-600.0,-51.0
-192.0,224.0,43.0,-140.0,-402.0,57.0,-197.0,367.0,-662.0,-103.0
-143.0,-227.0,68.0,-80.0,-404.0,2.0,-194.0,303.0,-671.0,-162.0
-118.0,-884.0,117.0,3.0,-400.0,-14.0,-199.0,260.0,-674.0,-198.0
-96.0,-1428.0,162.0,72.0,-383.0,27.0,-177.0,267.0,-640.0,-192.0
-98.0,-1718.0,174.0,144.0,-338.0,123.0,-169.0,129.0,-560.0,-174.0
-97.0,-1790.0,209.0,190.0,-267.0,62.0,-147.0,84.0,-499.0,-153.0
-123.0,-1603.0,162.0,254.0,-183.0,14.0,-103.0,-46.0,-479.0,-112.0
-133.0,-1300.0,141.0,278.0,-101.0,37.0,-43.0,-24.0,-396.0,-88.0
-117.0,-1040.0,109.0,260.0,-33.0,163.0,3.0,5.0,-256.0,-83.0
-115.0,-710.0,84.0,261.0,17.0,202.0,38.0,5.0,-147.0,-72.0
-122.0,-248.0,73.0,269.0,61.0,95.0,57.0,103.0,-49.0,-63.0
-139.0,152.0,10.0,274.0,91.0,66.0,18.0,-49.0,40.0,-69.0
-151.0,418.0,23.0,280.0,101.0,32.0,-18.0,-86.0,71.0,-89.0
-205.0,643.0,-23.0,306.0,97.0,95.0,-46.0,-145.0,94.0,-105.0
-243.0,809.0,-23.0,307.0,92.0,146.0,-77.0,-162.0,187.0,-141.0
-282.0,925.0,0.0,320.0,92.0,20.0,-109.0,-14.0,256.0,-189.0
-284.0,897.0,-2.0,365.0,90.0,-138.0,-131.0,35.0,226.0,-211.0
-279.0,579.0,46.0,405.0,83.0,-87.0,-115.0,162.0,216.0,-211.0
-282.0,116.0,58.0,433.0,62.0,77.0,-71.0,97.0,249.0,-187.0
-293.0,-277.0,115.0,467.0,26.0,127.0,-28.0,84.0,270.0,-119.0
-336.0,-564.0,126.0,478.0,-16.0,12.0,-7.0,62.0,260.0,-29.0
-344.0,-716.0,168.0,439.0,-60.0,-153.0,29.0,-9.0,237.0,49.0
-352.0,-635.0,205.0,380.0,-95.0,-45.0,86.0,208.0,202.0,124.0
-302.0,-421.0,201.0,304.0,-113.0,109.0,116.0,280.0,115.0,198.0
-244.0,-177.0,255.0,254.0,-116.0,163.0,110.0,315.0,31.0,271.0
-207.0,223.0,238.0,201.0,-99.0,167.0,112.0,221.0,9.0,331.0
-170.0,706.0,245.0,132.0,-59.0,52.0,144.0,86.0,-2.0,380.0
-149.0,1046.0,262.0,75.0,-5.0,-1.0,152.0,120.0,-32.0,434.0
-113.0,1132.0,241.0,26.0,49.0,64.0,154.0,1.0,-29.0,475.0
-103.0,908.0,229.0,-38.0,88.0,129.0,145.0,14.0,38.0,498.0
-89.0,544.0,220.0,-94.0,108.0,16.0,131.0,29.0,100.0,520.0
-54.0,296.0,204.0,-96.0,124.0,-108.0,142.0,114.0,116.0,533.0
-7.0,188.0,190.0,-84.0,149.0,-43.0,141.0,219.0,133.0,522.0
-2.0,150.0,185.0,-40.0,188.0,61.0,154.0,147.0,230.0,499.0
-40.0,149.0,145.0,2.0,230.0,18.0,166.0,173.0,377.0,489.0
-62.0,137.0,121.0,48.0,255.0,-83.0,164.0,173.0,451.0,475.0
-81.0,48.0,116.0,89.0,256.0,-74.0,166.0,295.0,460.0,424.0
-102.0,-146.0,101.0,101.0,235.0,-55.0,165.0,410.0,457.0,357.0
-102.0,-413.0,102.0,110.0,208.0,-48.0,156.0,473.0,464.0,292.0
-83.0,-665.0,111.0,56.0,187.0,-73.0,171.0,511.0,484.0,236.0
-60.0,-785.0,91.0,40.0,185.0,-52.0,189.0,458.0,475.0,163.0
-40.0,-735.0,91.0,27.0,199.0,-53.0,157.0,447.0,403.0,94.0
-60.0,-528.0,91.0,-18.0,222.0,-116.0,120.0,310.0,304.0,62.0
-63.0,-122.0,75.0,-55.0,250.0,-62.0,97.0,356.0,182.0,43.0
-63.0,414.0,87.0,-149.0,267.0,-44.0,97.0,393.0,27.0,46.0
-71.0,956.0,87.0,-226.0,262.0,2.0,97.0,341.0,-71.0,74.0
-43.0,1473.0,95.0,-282.0,239.0,88.0,79.0,339.0,-95.0,132.0
-8.0,1900.0,98.0,-319.0,217.0,4.0,74.0,227.0,-86.0,191.0
67.0,2182.0,106.0,-308.0,205.0,-169.0,69.0,293.0,-32.0,252.0
81.0,2372.0,105.0,-300.0,204.0,-252.0,61.0,125.0,49.0,324.0
49.0,2427.0,119.0,-269.0,200.0,-125.0,29.0,-118.0,92.0,364.0
9.0,2182.0,114.0,-189.0,180.0,39.0,-38.0,-157.0,101.0,381.0
-20.0,1687.0,89.0,-122.0,153.0,14.0,-90.0,-195.0,119.0,362.0
4.0,1111.0,90.0,-41.0,126.0,-123.0,-108.0,-16.0,92.0,333.0
-2.0,504.0,81.0,69.0,107.0,-133.0,-96.0,-3.0,48.0,291.0
31.0,-47.0,94.0,173.0,102.0,-13.0,-78.0,55.0,27.0,239.0
2.0,-493.0,73.0,274.0,111.0,41.0,-63.0,214.0,-22.0,194.0
-22.0,-926.0,58.0,328.0,131.0,-20.0,-63.0,229.0,-93.0,130.0
-27.0,-1221.0,32.0,384.0,147.0,-82.0,-87.0,321.0,-168.0,52.0
-35.0,-1255.0,26.0,428.0,139.0,-27.0,-93.0,182.0,-240.0,-22.0
49.0,-1166.0,30.0,437.0,93.0,64.0,-85.0,66.0,-263.0,-60.0
54.0,-1023.0,10.0,467.0,19.0,85.0,-63.0,-12.0,-242.0,-66.0
101.0,-874.0,-3.0,442.0,-60.0,66.0,-70.0,-46.0,-212.0,-55.0
101.0,-765.0,-63.0,347.0,-129.0,13.0,-112.0,33.0,-155.0,-22.0
105.0,-563.0,-78.0,241.0,-172.0,-28.0,-162.0,-36.0,-78.0,5.0
143.0,-172.0,-144.0,147.0,-191.0,6.0,-215.0,38.0,-6.0,5.0
152.0,255.0,-179.0,93.0,-202.0,54.0,-227.0,-1.0,48.0,5.0
246.0,569.0,-189.0,57.0,-220.0,60.0,-196.0,14.0,88.0,10.0
296.0,799.0,-241.0,34.0,-257.0,-41.0,-146.0,11.0,157.0,8.0
388.0,936.0,-234.0,32.0,-298.0,-99.0,-126.0,-138.0,201.0,5.0
372.0,916.0,-262.0,45.0,-329.0,-69.0,-133.0,49.0,178.0,-11.0
323.0,773.0,-272.0,115.0,-343.0,-97.0,-180.0,90.0,165.0,-11.0
307.0,547.0,-291.0,192.0,-337.0,-81.0,-212.0,57.0,191.0,-22.0
301.0,222.0,-338.0,276.0,-314.0,-95.0,-157.0,88.0,168.0,-47.0
377.0,24.0,-398.0,379.0,-258.0,-214.0,-114.0,118.0,78.0,-61.0
384.0,44.0,-445.0,440.0,-185.0,-338.0,-85.0,195.0,36.0,-92.0
439.0,29.0,-461.0,499.0,-113.0,-284.0,-57.0,203.0,18.0,-123.0
460.0,-46.0,-497.0,536.0,-43.0,-129.0,-42.0,242.0,-20.0,-158.0
438.0,-250.0,-481.0,539.0,21.0,-174.0,-8.0,160.0,-57.0,-184.0
417.0,-618.0,-511.0,501.0,73.0,-337.0,-4.0,110.0,-62.0,-206.0
356.0,-988.0,-542.0,381.0,103.0,-376.0,-18.0,-57.0,-20.0,-234.0
370.0,-1435.0,-536.0,236.0,124.0,-180.0,-43.0,-221.0,-20.0,-246.0
359.0,-1867.0,-571.0,65.0,162.0,21.0,-71.0,-84.0,-35.0,-221.0
343.0,-1981.0,-573.0,-133.0,226.0,-11.0,-37.0,-36.0,-52.0,-162.0
363.0,-1810.0,-581.0,-321.0,296.0,-190.0,17.0,97.0,-104.0,-102.0
343.0,-1488.0,-557.0,-469.0,348.0,-231.0,69.0,1.0,-105.0,-27.0
362.0,-952.0,-522.0,-550.0,375.0,-93.0,91.0,-164.0,-77.0,35.0
322.0,-200.0,-513.0,-588.0,379.0,-135.0,46.0,-70.0,-100.0,87.0
263.0,603.0,-486.0,-595.0,371.0,-301.0,-27.0,-92.0,-140.0,101.0
212.0,1389.0,-479.0,-564.0,358.0,-333.0,-72.0,12.0,-139.0,67.0
141.0,2131.0,-457.0,-512.0,349.0,-313.0,-76.0,35.0,-104.0,44.0
105.0,2587.0,-408.0,-460.0,346.0,-308.0,-41.0,29.0,-98.0,10.0
14.0,2704.0,-367.0,-401.0,347.0,-266.0,13.0,-9.0,-131.0,-1.0
-17.0,2597.0,-313.0,-384.0,366.0,-325.0,4.0,-205.0,-119.0,15.0
-93.0,2209.0,-232.0,-418.0,398.0,-371.0,-20.0,-247.0,-103.0,44.0
-159.0,1696.0,-168.0,-456.0,419.0,-279.0,-34.0,-319.0,-169.0,82.0
-227.0,1180.0,-82.0,-460.0,413.0,-200.0,-41.0,-286.0,-234.0,119.0
-329.0,577.0,6.0,-446.0,381.0,-142.0,-26.0,-321.0,-303.0,193.0
-380.0,31.0,71.0,-418.0,346.0,-245.0,-5.0,-290.0,-419.0,285.0
-471.0,-411.0,154.0,-369.0,329.0,-313.0,28.0,-49.0,-531.0,373.0
-493.0,-837.0,200.0,-329.0,334.0,-203.0,27.0,7.0,-574.0,490.0
-520.0,-1107.0,261.0,-285.0,347.0,-170.0,16.0,94.0,-560.0,649.0
-528.0,-1064.0,304.0,-256.0,342.0,-225.0,20.0,81.0,-537.0,793.0
-524.0,-782.0,321.0,-214.0,303.0,-303.0,3.0,162.0,-525.0,890.0
-482.0,-351.0,363.0,-152.0,238.0,-352.0,-6.0,245.0,-546.0,977.0
-425.0,140.0,385.0,-123.0,168.0,-335.0,11.0,155.0,-498.0,1028.0
-385.0,482.0,411.0,-144.0,105.0,-277.0,35.0,109.0,-391.0,1020.0
-329.0,578.0,409.0,-173.0,45.0,-296.0,58.0,-42.0,-294.0,985.0
-289.0,536.0,412.0,-186.0,-5.0,-350.0,78.0,-9.0,-213.0,934.0
-221.0,435.0,422.0,-211.0,-42.0,-359.0,70.0,-36.0,-166.0,873.0
-174.0,169.0,408.0,-257.0,-79.0,-317.0,43.0,-48.0,-101.0,788.0
-96.0,-225.0,428.0,-339.0,-124.0,-257.0,-4.0,48.0,-42.0,707.0
-31.0,-635.0,442.0,-404.0,-165.0,-250.0,-48.0,-105.0,16.0,628.0
27.0,-968.0,451.0,-451.0,-195.0,-284.0,-56.0,-162.0,98.0,530.0
38.0,-1089.0,475.0,-478.0,-212.0,-387.0,-47.0,-169.0,203.0,445.0
52.0,-1140.0,483.0,-478.0,-235.0,-410.0,-17.0,-24.0,267.0,382.0
110.0,-1271.0,460.0,-447.0,-279.0,-270.0,31.0,86.0,245.0,338.0
130.0,-1376.0,444.0,-406.0,-330.0,-132.0,71.0,-27.0,231.0,282.0
181.0,-1355.0,444.0,-353.0,-379.0,-115.0,73.0,-11.0,179.0,226.0
215.0,-1162.0,433.0,-233.0,-423.0,-182.0,54.0,-64.0,77.0,173.0
243.0,-739.0,418.0,-98.0,-456.0,-217.0,10.0,1.0,-14.0,129.0
263.0,-169.0,414.0,32.0,-485.0,-145.0,-37.0,-18.0,-73.0,98.0
279.0,353.0,418.0,133.0,-510.0,9.0,-65.0,-155.0,-61.0,59.0
288.0,739.0,403.0,207.0,-529.0,-29.0,-92.0,-105.0,-53.0,33.0
304.0,925.0,394.0,283.0,-537.0,-217.0,-98.0,-110.0,-68.0,-8.0
312.0,898.0,381.0,362.0,-519.0,-206.0,-112.0,-18.0,-83.0,-74.0
289.0,799.0,372.0,414.0,-482.0,-17.0,-137.0,-79.0,-112.0,-133.0
261.0,672.0,397.0,398.0,-430.0,126.0,-148.0,-90.0,-90.0,-179.0
207.0,434.0,397.0,381.0,-358.0,18.0,-155.0,-83.0,-42.0,-246.0
167.0,132.0,375.0,369.0,-271.0,-137.0,-143.0,-182.0,0.0,-306.0
161.0,-109.0,361.0,358.0,-177.0,-100.0,-138.0,-116.0,80.0,-343.0
161.0,-229.0,305.0,381.0,-84.0,-2.0,-149.0,-262.0,185.0,-359.0
172.0,-200.0,242.0,440.0,10.0,98.0,-137.0,-188.0,300.0,-322.0
183.0,-83.0,187.0,509.0,108.0,146.0,-101.0,-60.0,394.0,-292.0
184.0,7.0,113.0,552.0,188.0,80.0,-59.0,-31.0,446.0,-252.0
201.0,151.0,57.0,626.0,238.0,-17.0,-4.0,70.0,475.0,-174.0
213.0,400.0,-13.0,674.0,257.0,36.0,38.0,-24.0,514.0,-108.0
220.0,584.0,-58.0,669.0,250.0,158.0,4.0,-38.0,503.0,-55.0
235.0,682.0,-119.0,664.0,230.0,159.0,-78.0,-145.0,441.0,-11.0
242.0,816.0,-175.0,588.0,189.0,189.0,-136.0,-210.0,387.0,1.0
239.0,941.0,-200.0,459.0,114.0,179.0,-162.0,-214.0,258.0,11.0
217.0,1026.0,-245.0,339.0,6.0,54.0,-165.0,-266.0,93.0,18.0
210.0,1182.0,-266.0,229.0,-108.0,-22.0,-141.0,-168.0,-15.0,-28.0
235.0,1412.0,-306.0,154.0,-206.0,4.0,-127.0,-147.0,-84.0,-116.0
273.0,1684.0,-318.0,93.0,-273.0,29.0,-123.0,-64.0,-134.0,-235.0
298.0,1938.0,-321.0,-3.0,-310.0,-149.0,-113.0,-84.0,-204.0,-358.0
270.0,2055.0,-320.0,-95.0,-331.0,-283.0,-115.0,-151.0,-254.0,-476.0
252.0,2039.0,-297.0,-172.0,-345.0,-209.0,-101.0,-96.0,-236.0,-590.0
233.0,1841.0,-270.0,-224.0,-343.0,-177.0,-98.0,-164.0,-205.0,-684.0
199.0,1349.0,-242.0,-266.0,-311.0,-213.0,-86.0,-96.0,-220.0,-748.0
177.0,649.0,-279.0,-343.0,-250.0,-285.0,-57.0,-92.0,-263.0,-794.0
167.0,-32.0,-283.0,-414.0,-181.0,-296.0,-54.0,-138.0,-299.0,-784.0
144.0,-515.0,-299.0,-503.0,-121.0,-219.0,-64.0,-169.0,-309.0,-698.0
86.0,-725.0,-345.0,-559.0,-74.0,-85.0,-115.0,-338.0,-289.0,-585.0
37.0,-791.0,-342.0,-589.0,-37.0,7.0,-163.0,-476.0,-312.0,-451.0
-27.0,-913.0,-395.0,-650.0,-10.0,-110.0,-211.0,-622.0,-381.0,-317.0
-66.0,-1124.0,-417.0,-687.0,12.0,-343.0,-249.0,-461.0,-406.0,-183.0
-108.0,-1345.0,-455.0,-701.0,50.0,-403.0,-277.0,-327.0,-400.0,-97.0
-147.0,-1562.0,-511.0,-697.0,115.0,-219.0,-326.0,-297.0,-342.0,-52.0
-195.0,-1720.0,-519.0,-690.0,199.0,-123.0,-381.0,-145.0,-205.0,-7.0
-243.0,-1712.0,-572.0,-650.0,288.0,-190.0,-433.0,-232.0,-100.0,21.0
-251.0,-1565.0,-565.0,-590.0,372.0,-121.0,-437.0,-188.0,-88.0,58.0
-296.0,-1269.0,-562.0,-539.0,447.0,94.0,-428.0,-125.0,-75.0,95.0
-295.0,-825.0,-546.0,-480.0,505.0,138.0,-383.0,-118.0,-21.0,146.0
-290.0,-360.0,-496.0,-420.0,544.0,30.0,-317.0,-53.0,2.0,181.0
-276.0,12.0,-463.0,-380.0,556.0,16.0,-275.0,-227.0,-45.0,169.0
-276.0,171.0,-382.0,-357.0,538.0,61.0,-240.0,-323.0,-115.0,153.0
-252.0,95.0,-338.0,-349.0,494.0,104.0,-250.0,-376.0,-154.0,138.0
-199.0,-74.0,-291.0,-346.0,438.0,93.0,-277.0,-436.0,-195.0,104.0
-193.0,-206.0,-233.0,-289.0,395.0,100.0,-290.0,-467.0,-228.0,72.0
-135.0,-222.0,-171.0,-225.0,380.0,143.0,-271.0,-473.0,-200.0,53.0
-56.0,-43.0,-107.0,-177.0,388.0,89.0,-246.0,-341.0,-150.0,25.0
-20.0,307.0,-37.0,-143.0,403.0,37.0,-221.0,-266.0,-139.0,-38.0
-38.0,651.0,17.0,-127.0,420.0,118.0,-221.0,-107.0,-126.0,-105.0
-12.0,868.0,89.0,-128.0,427.0,268.0,-246.0,-7.0,-106.0,-122.0
-26.0,966.0,152.0,-166.0,410.0,300.0,-255.0,73.0,-44.0,-109.0
-61.0,933.0,157.0,-216.0,378.0,212.0,-268.0,96.0,49.0,-87.0
-52.0,786.0,210.0,-295.0,345.0,194.0,-247.0,-66.0,99.0,-42.0
-16.0,621.0,216.0,-341.0,314.0,230.0,-215.0,42.0,145.0,26.0
32.0,485.0,219.0,-328.0,288.0,179.0,-181.0,147.0,214.0,82.0
19.0,354.0,244.0,-273.0,271.0,77.0,-143.0,164.0,276.0,122.0
5.0,208.0,239.0,-202.0,256.0,11.0,-117.0,27.0,336.0,177.0
-14.0,62.0,257.0,-159.0,227.0,18.0,-79.0,-249.0,375.0,229.0
-16.0,-75.0,245.0,-123.0,181.0,112.0,-52.0,-332.0,403.0,244.0
-24.0,-219.0,217.0,-89.0,135.0,180.0,-45.0,-412.0,459.0,252.0
-43.0,-395.0,174.0,-64.0,110.0,170.0,-61.0,-321.0,525.0,274.0
-55.0,-578.0,148.0,-43.0,94.0,189.0,-112.0,-301.0,523.0,257.0
-76.0,-715.0,124.0,-51.0,83.0,191.0,-188.0,-286.0,449.0,208.0
-56.0,-786.0,127.0,-94.0,77.0,202.0,-234.0,-53.0,360.0,173.0
-23.0,-781.0,134.0,-126.0,65.0,252.0,-221.0,-70.0,289.0,173.0
-4.0,-721.0,104.0,-133.0,45.0,169.0,-173.0,-38.0,256.0,147.0
-10.0,-673.0,115.0,-117.0,13.0,114.0,-139.0,-35.0,200.0,106.0
-45.0,-652.0,86.0,-99.0,-23.0,178.0,-148.0,27.0,145.0,112.0
-56.0,-577.0,57.0,-58.0,-65.0,179.0,-172.0,210.0,121.0,104.0
-30.0,-416.0,58.0,3.0,-115.0,187.0,-193.0,142.0,56.0,79.0
-33.0,-265.0,57.0,65.0,-165.0,239.0,-188.0,214.0,-13.0,71.0
-70.0,-152.0,63.0,104.0,-209.0,200.0,-174.0,194.0,-54.0,120.0
-102.0,-68.0,87.0,124.0,-251.0,63.0,-130.0,103.0,-92.0,166.0
-138.0,-93.0,91.0,128.0,-291.0,-43.0,-62.0,31.0,-113.0,150.0
-170.0,-280.0,80.0,86.0,-331.0,-32.0,-33.0,-62.0,-119.0,188.0
-172.0,-561.0,82.0,29.0,-370.0,9.0,-32.0,0.0,-146.0,239.0
-172.0,-764.0,77.0,-61.0,-401.0,-108.0,-67.0,-60.0,-213.0,220.0
-134.0,-729.0,117.0,-149.0,-424.0,-196.0,-91.0,0.0,-276.0,178.0
-132.0,-470.0,96.0,-221.0,-442.0,-138.0,-122.0,88.0,-305.0,177.0
-135.0,-118.0,87.0,-254.0,-460.0,-106.0,-155.0,75.0,-302.0,179.0
-115.0,210.0,75.0,-228.0,-478.0,-127.0,-146.0,-59.0,-284.0,135.0
-87.0,426.0,14.0,-193.0,-484.0,-161.0,-137.0,-262.0,-246.0,122.0
-56.0,441.0,-7.0,-129.0,-466.0,-164.0,-122.0,-282.0,-190.0,137.0
-23.0,227.0,-46.0,-74.0,-422.0,-225.0,-110.0,-376.0,-185.0,113.0
91.0,-135.0,-68.0,-55.0,-358.0,-225.0,-118.0,-260.0,-177.0,61.0
129.0,-465.0,-117.0,-15.0,-280.0,-61.0,-145.0,-118.0,-109.0,62.0
171.0,-545.0,-136.0,21.0,-204.0,-35.0,-175.0,-40.0,-23.0,110.0
195.0,-398.0,-197.0,28.0,-138.0,-265.0,-206.0,153.0,75.0,125.0
207.0,-136.0,-233.0,54.0,-92.0,-406.0,-227.0,83.0,162.0,145.0
230.0,199.0,-232.0,89.0,-72.0,-327.0,-188.0,22.0,224.0,218.0
255.0,524.0,-290.0,114.0,-78.0,-247.0,-133.0,-123.0,265.0,260.0
359.0,807.0,-261.0,117.0,-106.0,-164.0,-94.0,-186.0,284.0,244.0
372.0,1045.0,-268.0,135.0,-151.0,-141.0,-95.0,-118.0,299.0,251.0
374.0,1214.0,-266.0,146.0,-198.0,-85.0,-134.0,-182.0,298.0,265.0
368.0,1338.0,-231.0,127.0,-226.0,4.0,-176.0,-149.0,262.0,226.0
374.0,1431.0,-230.0,100.0,-230.0,-22.0,-219.0,-291.0,210.0,147.0
351.0,1392.0,-195.0,0.0,-222.0,-35.0,-211.0,-227.0,181.0,100.0
304.0,1177.0,-159.0,-103.0,-211.0,-83.0,-158.0,-136.0,132.0,56.0
295.0,850.0,-126.0,-193.0,-194.0,-150.0,-126.0,-157.0,88.0,-50.0
285.0,440.0,-94.0,-266.0,-168.0,-100.0,-122.0,46.0,80.0,-160.0
285.0,0.0,-65.0,-353.0,-141.0,20.0,-157.0,33.0,60.0,-233.0
262.0,-350.0,-28.0,-453.0,-123.0,-6.0,-169.0,18.0,39.0,-321.0
283.0,-544.0,-12.0,-503.0,-121.0,-135.0,-152.0,-120.0,35.0,-440.0
294.0,-652.0,8.0,-543.0,-138.0,-77.0,-151.0,-194.0,67.0,-499.0
320.0,-680.0,39.0,-524.0,-171.0,114.0,-149.0,-51.0,131.0,-502.0
328.0,-620.0,43.0,-449.0,-191.0,217.0,-156.0,-57.0,181.0,-510.0
299.0,-565.0,66.0,-354.0,-182.0,176.0,-162.0,5.0,215.0,-479.0
266.0,-447.0,78.0,-258.0,-154.0,178.0,-170.0,-29.0,257.0,-399.0
249.0,-164.0,80.0,-131.0,-119.0,220.0,-154.0,46.0,304.0,-353.0
226.0,129.0,98.0,12.0,-89.0,178.0,-139.0,79.0,343.0,-359.0
130.0,322.0,107.0,115.0,-62.0,78.0,-157.0,-75.0,354.0,-347.0
59.0,442.0,85.0,224.0,-21.0,-12.0,-169.0,-120.0,313.0,-293.0
-18.0,505.0,73.0,332.0,38.0,-20.0,-177.0,-299.0,277.0,-253.0
-63.0,543.0,45.0,422.0,118.0,8.0,-124.0,-332.0,262.0,-219.0
-86.0,589.0,21.0,464.0,207.0,56.0,-63.0,-347.0,221.0,-117.0
-120.0,658.0,11.0,460.0,284.0,60.0,-44.0,-347.0,175.0,9.0
-145.0,743.0,-25.0,446.0,336.0,10.0,-45.0,-127.0,118.0,99.0
-192.0,749.0,-33.0,411.0,348.0,-14.0,-71.0,-11.0,56.0,205.0
-211.0,513.0,-62.0,348.0,321.0,37.0,-67.0,0.0,-8.0,323.0
-252.0,10.0,-96.0,276.0,280.0,106.0,-25.0,-175.0,-90.0,385.0
-240.0,-634.0,-118.0,189.0,244.0,85.0,1.0,-256.0,-181.0,393.0
-223.0,-1328.0,-110.0,79.0,214.0,76.0,11.0,-236.0,-256.0,386.0
-218.0,-1994.0,-122.0,-31.0,186.0,99.0,-12.0,-260.0,-308.0,371.0
-186.0,-2466.0,-117.0,-117.0,167.0,120.0,-78.0,-219.0,-327.0,283.0
-214.0,-2614.0,-69.0,-164.0,159.0,81.0,-132.0,-267.0,-281.0,167.0
-201.0,-2455.0,-75.0,-192.0,153.0,67.0,-167.0,-205.0,-264.0,82.0
-197.0,-2096.0,-22.0,-209.0,151.0,192.0,-161.0,-256.0,-286.0,-16.0
-156.0,-1723.0,-5.0,-207.0,154.0,208.0,-130.0,-338.0,-252.0,-121.0
-100.0,-1358.0,26.0,-176.0,162.0,100.0,-125.0,-277.0,-200.0,-215.0
-58.0,-868.0,83.0,-127.0,175.0,85.0,-108.0,-262.0,-160.0,-273.0
3.0,-247.0,104.0,-100.0,199.0,177.0,-87.0,-166.0,-103.0,-350.0
-26.0,399.0,168.0,-51.0,235.0,211.0,-81.0,-251.0,-23.0,-464.0
-24.0,987.0,211.0,14.0,275.0,128.0,-83.0,-225.0,59.0,-565.0
-1.0,1454.0,262.0,36.0,308.0,83.0,-114.0,-179.0,122.0,-665.0
6.0,1788.0,296.0,57.0,326.0,122.0,-137.0,-325.0,168.0,-803.0
37.0,2049.0,332.0,13.0,324.0,109.0,-110.0,-336.0,208.0,-943.0
81.0,2261.0,351.0,-72.0,305.0,141.0,-73.0,-338.0,233.0,-1032.0
132.0,2367.0,346.0,-161.0,271.0,284.0,-43.0,-169.0,242.0,-1118.0
152.0,2273.0,341.0,-282.0,214.0,292.0,-32.0,-60.0,273.0,-1231.0
162.0,1962.0,331.0,-377.0,144.0,205.0,-55.0,-42.0,292.0,-1328.0
194.0,1526.0,303.0,-431.0,71.0,143.0,-76.0,-27.0,251.0,-1395.0
208.0,1090.0,264.0,-408.0,1.0,181.0,-56.0,-164.0,198.0,-1458.0
190.0,732.0,274.0,-400.0,-62.0,262.0,-9.0,-208.0,158.0,-1526.0
169.0,431.0,252.0,-367.0,-116.0,226.0,45.0,-195.0,107.0,-1544.0
164.0,78.0,255.0,-293.0,-150.0,191.0,122.0,-77.0,69.0,-1512.0
158.0,-356.0,253.0,-225.0,-171.0,212.0,181.0,-96.0,25.0,-1490.0
121.0,-797.0,238.0,-136.0,-182.0,256.0,219.0,-118.0,-43.0,-1449.0
123.0,-1104.0,237.0,-107.0,-169.0,308.0,227.0,-20.0,-97.0,-1380.0
99.0,-1164.0,202.0,-55.0,-127.0,367.0,201.0,-149.0,-152.0,-1338.0
107.0,-1066.0,193.0,-36.0,-76.0,356.0,164.0,-129.0,-221.0,-1322.0
84.0,-848.0,142.0,-40.0,-49.0,273.0,141.0,-110.0,-292.0,-1271.0
30.0,-436.0,128.0,-16.0,-56.0,292.0,163.0,-62.0,-337.0,-1169.0
10.0,94.0,89.0,-41.0,-87.0,417.0,183.0,151.0,-372.0,-1071.0
-39.0,551.0,35.0,-64.0,-133.0,426.0,174.0,173.0,-408.0,-993.0
-51.0,758.0,51.0,-84.0,-183.0,275.0,137.0,230.0,-419.0,-892.0
-104.0,603.0,-8.0,-81.0,-218.0,244.0,87.0,216.0,-424.0,-773.0
-92.0,209.0,-33.0,-87.0,-227.0,372.0,62.0,232.0,-413.0,-694.0
-75.0,-143.0,-54.0,-103.0,-214.0,369.0,76.0,275.0,-411.0,-612.0
-94.0,-279.0,-72.0,-126.0,-190.0,198.0,91.0,192.0,-412.0,-498.0
-74.0,-193.0,-47.0,-178.0,-159.0,129.0,81.0,194.0,-379.0,-406.0
-67.0,-19.0,-54.0,-234.0,-123.0,202.0,63.0,105.0,-342.0,-328.0
-58.0,152.0,-41.0,-281.0,-91.0,285.0,63.0,24.0,-313.0,-231.0
-40.0,329.0,-44.0,-264.0,-68.0,306.0,137.0,-179.0,-305.0,-124.0
-2.0,452.0,-44.0,-228.0,-49.0,217.0,225.0,-303.0,-262.0,-42.0
32.0,438.0,-38.0,-210.0,-30.0,73.0,279.0,-279.0,-220.0,31.0
61.0,317.0,-18.0,-173.0,-4.0,4.0,306.0,-341.0,-186.0,144.0
97.0,102.0,17.0,-148.0,28.0,93.0,260.0,-229.0,-124.0,290.0
143.0,-213.0,38.0,-134.0,65.0,174.0,196.0,-145.0,-115.0,425.0
122.0,-553.0,87.0,-103.0,104.0,77.0,148.0,25.0,-105.0,580.0
172.0,-849.0,102.0,-112.0,136.0,6.0,157.0,44.0,-64.0,761.0
204.0,-1023.0,123.0,-142.0,164.0,72.0,223.0,-181.0,-23.0,901.0
186.0,-1084.0,151.0,-161.0,188.0,145.0,288.0,-234.0,30.0,997.0
198.0,-1100.0,163.0,-211.0,207.0,143.0,325.0,-339.0,78.0,1070.0
176.0,-1027.0,176.0,-258.0,213.0,64.0,278.0,-282.0,158.0,1116.0
188.0,-834.0,146.0,-285.0,189.0,75.0,237.0,-149.0,257.0,1102.0
176.0,-584.0,112.0,-281.0,138.0,175.0,219.0,27.0,332.0,1081.0
196.0,-400.0,72.0,-283.0,70.0,152.0,177.0,208.0,370.0,1097.0
202.0,-306.0,41.0,-321.0,-2.0,60.0,147.0,94.0,363.0,1092.0
198.0,-308.0,24.0,-324.0,-73.0,-20.0,126.0,-5.0,362.0,1068.0
201.0,-434.0,34.0,-314.0,-141.0,-121.0,127.0,-260.0,388.0,1059.0
170.0,-547.0,55.0,-305.0,-210.0,-151.0,135.0,-532.0,434.0,1074.0
140.0,-565.0,88.0,-305.0,-277.0,-87.0,155.0,-670.0,479.0,1067.0
128.0,-581.0,106.0,-309.0,-326.0,-65.0,174.0,-739.0,522.0,1030.0
100.0,-621.0,94.0,-279.0,-345.0,-95.0,152.0,-522.0,568.0,1023.0
66.0,-599.0,142.0,-239.0,-329.0,-95.0,96.0,-432.0,584.0,1008.0
54.0,-538.0,144.0,-175.0,-284.0,-47.0,41.0,-371.0,553.0,954.0
35.0,-463.0,172.0,-84.0,-218.0,-20.0,14.0,-247.0,487.0,930.0
24.0,-283.0,217.0,-8.0,-146.0,-82.0,-11.0,-147.0,367.0,936.0
-17.0,-50.0,190.0,44.0,-77.0,-75.0,-40.0,-92.0,204.0,927.0
-30.0,125.0,199.0,129.0,-17.0,18.0,-72.0,-280.0,68.0,899.0
-99.0,329.0,191.0,256.0,33.0,-31.0,-107.0,-419.0,-29.0,908.0
-167.0,552.0,157.0,377.0,82.0,-139.0,-165.0,-522.0,-120.0,942.0
-216.0,702.0,128.0,497.0,121.0,-103.0,-235.0,-448.0,-201.0,920.0
-270.0,913.0,90.0,623.0,151.0,-33.0,-240.0,-314.0,-269.0,887.0
-266.0,1176.0,38.0,718.0,170.0,-41.0,-201.0,-240.0,-271.0,879.0
-268.0,1311.0,5.0,770.0,167.0,-36.0,-154.0,-48.0,-211.0,841.0
-218.0,1308.0,-54.0,774.0,150.0,-9.0,-125.0,-144.0,-126.0,750.0
-204.0,1253.0,-103.0,740.0,123.0,-41.0,-144.0,-221.0,-21.0,651.0
-163.0,1239.0,-163.0,696.0,96.0,-100.0,-150.0,-282.0,60.0,566.0
-104.0,1235.0,-222.0,641.0,78.0,-68.0,-156.0,-282.0,131.0,438.0
-44.0,1116.0,-258.0,598.0,68.0,8.0,-182.0,-96.0,209.0,314.0
33.0,881.0,-289.0,570.0,54.0,-1.0,-186.0,-133.0,300.0,220.0
88.0,741.0,-291.0,552.0,35.0,-6.0,-191.0,-75.0,372.0,159.0
162.0,708.0,-330.0,521.0,12.0,37.0,-192.0,-109.0,433.0,92.0
218.0,560.0,-341.0,482.0,-19.0,37.0,-217.0,-240.0,501.0,-12.0
311.0,423.0,-387.0,460.0,-43.0,-65.0,-261.0,-343.0,510.0,-92.0
384.0,456.0,-379.0,418.0,-42.0,-148.0,-289.0,-421.0,488.0,-206.0
418.0,566.0,-383.0,341.0,-26.0,-38.0,-313.0,-254.0,440.0,-344.0
438.0,779.0,-415.0,262.0,-8.0,121.0,-294.0,-242.0,360.0,-483.0
409.0,1055.0,-376.0,192.0,5.0,158.0,-288.0,-184.0,281.0,-630.0
336.0,1109.0,-389.0,133.0,15.0,100.0,-305.0,-136.0,234.0,-792.0
264.0,880.0,-356.0,91.0,17.0,54.0,-303.0,-120.0,239.0,-971.0
205.0,555.0,-318.0,43.0,6.0,47.0,-327.0,-75.0,226.0,-1088.0
159.0,118.0,-253.0,3.0,-12.0,81.0,-341.0,-266.0,203.0,-1156.0
116.0,-467.0,-192.0,-20.0,-27.0,159.0,-321.0,-125.0,170.0,-1212.0
91.0,-1027.0,-150.0,-54.0,-36.0,219.0,-296.0,-9.0,75.0,-1253.0
64.0,-1424.0,-99.0,-65.0,-49.0,277.0,-280.0,27.0,-63.0,-1251.0
7.0,-1634.0,-79.0,-65.0,-67.0,337.0,-261.0,133.0,-152.0,-1234.0
-31.0,-1619.0,-34.0,-69.0,-83.0,334.0,-222.0,25.0,-168.0,-1209.0
-48.0,-1423.0,-5.0,-58.0,-93.0,290.0,-207.0,110.0,-199.0,-1144.0
-31.0,-1115.0,23.0,-61.0,-105.0,265.0,-213.0,-3.0,-252.0,-1052.0
-39.0,-654.0,40.0,-61.0,-107.0,319.0,-202.0,-158.0,-314.0,-978.0
-16.0,-135.0,31.0,-70.0,-95.0,456.0,-174.0,-192.0,-398.0,-922.0
33.0,304.0,30.0,-78.0,-71.0,554.0,-133.0,-371.0,-475.0,-844.0
62.0,672.0,3.0,-55.0,-38.0,469.0,-121.0,-369.0,-466.0,-788.0
77.0,883.0,-35.0,-36.0,-2.0,354.0,-134.0,-332.0,-366.0,-760.0
54.0,843.0,-65.0,24.0,36.0,402.0,-140.0,-249.0,-265.0,-744.0
31.0,596.0,-99.0,77.0,79.0,440.0,-169.0,-125.0,-224.0,-718.0
5.0,253.0,-119.0,82.0,125.0,451.0,-217.0,3.0,-225.0,-699.0
-8.0,16.0,-135.0,86.0,168.0,474.0,-276.0,42.0,-228.0,-716.0
-3.0,-119.0,-152.0,92.0,203.0,504.0,-318.0,-24.0,-239.0,-720.0
42.0,-337.0,-149.0,89.0,232.0,584.0,-317.0,-29.0,-236.0,-721.0
86.0,-520.0,-123.0,52.0,254.0,553.0,-300.0,-171.0,-226.0,-718.0
104.0,-495.0,-95.0,10.0,268.0,500.0,-282.0,-99.0,-244.0,-711.0
92.0,-336.0,-69.0,-51.0,270.0,548.0,-291.0,25.0,-293.0,-688.0
73.0,-169.0,-54.0,-162.0,264.0,540.0,-317.0,70.0,-315.0,-648.0
68.0,-32.0,-30.0,-266.0,256.0,498.0,-338.0,225.0,-318.0,-600.0
103.0,71.0,42.0,-338.0,239.0,545.0,-342.0,123.0,-375.0,-520.0
129.0,117.0,104.0,-411.0,212.0,509.0,-301.0,-3.0,-410.0,-416.0
149.0,150.0,143.0,-481.0,188.0,395.0,-250.0,-171.0,-377.0,-289.0
175.0,201.0,196.0,-548.0,166.0,431.0,-247.0,-314.0,-298.0,-164.0
137.0,234.0,224.0,-606.0,142.0,419.0,-270.0,-301.0,-221.0,-41.0
86.0,267.0,226.0,-632.0,115.0,300.0,-289.0,-304.0,-220.0,81.0
31.0,287.0,239.0,-655.0,92.0,240.0,-266.0,-245.0,-227.0,160.0
12.0,222.0,229.0,-636.0,77.0,288.0,-179.0,-362.0,-158.0,217.0
-23.0,41.0,190.0,-551.0,66.0,319.0,-113.0,-269.0,-79.0,281.0
-57.0,-216.0,175.0,-442.0,56.0,228.0,-72.0,-72.0,1.0,324.0
-133.0,-460.0,156.0,-339.0,39.0,227.0,-65.0,-79.0,133.0,354.0
-238.0,-703.0,152.0,-219.0,7.0,274.0,-84.0,-35.0,225.0,384.0
-316.0,-1002.0,156.0,-127.0,-35.0,243.0,-82.0,-72.0,251.0,410.0
-406.0,-1299.0,136.0,-26.0,-93.0,183.0,-88.0,7.0,262.0,434.0
-453.0,-1538.0,153.0,152.0,-153.0,193.0,-81.0,96.0,262.0,417.0
-519.0,-1692.0,134.0,280.0,-194.0,287.0,-51.0,158.0,258.0,411.0
-542.0,-1762.0,131.0,311.0,-219.0,277.0,-37.0,175.0,225.0,431.0
-565.0,-1784.0,181.0,324.0,-238.0,243.0,-79.0,158.0,128.0,426.0
-607.0,-1695.0,203.0,322.0,-252.0,306.0,-117.0,297.0,45.0,439.0
-642.0,-1448.0,265.0,294.0,-262.0,401.0,-109.0,179.0,39.0,472.0
-649.0,-1156.0,270.0,285.0,-270.0,350.0,-96.0,123.0,53.0,490.0
-630.0,-952.0,251.0,271.0,-284.0,271.0,-87.0,195.0,55.0,489.0
-603.0,-904.0,273.0,264.0,-311.0,355.0,-60.0,83.0,36.0,488.0
-579.0,-925.0,257.0,272.0,-338.0,419.0,18.0,-90.0,45.0,501.0
-584.0,-900.0,264.0,243.0,-362.0,407.0,124.0,-286.0,19.0,481.0
-526.0,-925.0,274.0,196.0,-389.0,353.0,194.0,-234.0,-59.0,445.0
-483.0,-951.0,271.0,154.0,-408.0,362.0,219.0,-182.0,-85.0,421.0
-432.0,-781.0,277.0,120.0,-402.0,373.0,209.0,-138.0,-58.0,389.0
-408.0,-534.0,285.0,95.0,-369.0,352.0,129.0,-79.0,8.0,334.0
-391.0,-367.0,314.0,75.0,-306.0,389.0,32.0,-92.0,64.0,231.0
-368.0,-182.0,359.0,63.0,-232.0,398.0,-29.0,131.0,90.0,144.0
-353.0,106.0,390.0,37.0,-169.0,338.0,-75.0,288.0,147.0,72.0
-305.0,428.0,400.0,1.0,-127.0,228.0,-76.0,412.0,260.0,1.0
-287.0,667.0,386.0,-4.0,-106.0,230.0,-49.0,388.0,346.0,-37.0
-230.0,766.0,332.0,-34.0,-96.0,323.0,-4.0,223.0,335.0,-71.0
-175.0,769.0,259.0,-56.0,-89.0,337.0,73.0,188.0,282.0,-97.0
-97.0,762.0,196.0,-60.0,-85.0,217.0,124.0,51.0,259.0,-120.0
-22.0,756.0,128.0,-58.0,-83.0,139.0,143.0,134.0,266.0,-116.0
60.0,752.0,57.0,-33.0,-79.0,194.0,174.0,92.0,291.0,-95.0
127.0,822.0,9.0,8.0,-63.0,298.0,213.0,-73.0,269.0,-98.0
134.0,982.0,-44.0,80.0,-38.0,407.0,282.0,-72.0,196.0,-92.0
161.0,1138.0,-64.0,152.0,-13.0,331.0,335.0,-208.0,145.0,-51.0
191.0,1243.0,-81.0,248.0,14.0,237.0,331.0,-271.0,97.0,-3.0
242.0,1283.0,-133.0,365.0,36.0,260.0,294.0,-437.0,43.0,8.0
282.0,1203.0,-152.0,466.0,52.0,326.0,238.0,-487.0,-39.0,-2.0
348.0,965.0,-182.0,536.0,74.0,361.0,208.0,-347.0,-153.0,-23.0
414.0,594.0,-189.0,575.0,103.0,262.0,177.0,-210.0,-270.0,-95.0
479.0,249.0,-162.0,619.0,133.0,208.0,145.0,-25.0,-408.0,-197.0
537.0,0.0,-163.0,618.0,151.0,294.0,152.0,-31.0,-532.0,-285.0
589.0,-241.0,-164.0,578.0,161.0,392.0,171.0,22.0,-606.0,-374.0
597.0,-433.0,-176.0,565.0,164.0,347.0,225.0,123.0,-612.0,-469.0
572.0,-550.0,-203.0,507.0,153.0,277.0,310.0,162.0,-598.0,-541.0
575.0,-685.0,-249.0,398.0,143.0,271.0,378.0,99.0,-586.0,-580.0
550.0,-835.0,-265.0,292.0,143.0,272.0,422.0,11.0,-548.0,-616.0
598.0,-946.0,-263.0,191.0,154.0,323.0,420.0,33.0,-485.0,-642.0
621.0,-1092.0,-265.0,83.0,165.0,319.0,409.0,-75.0,-419.0,-639.0
650.0,-1172.0,-235.0,4.0,175.0,328.0,412.0,-129.0,-406.0,-607.0
687.0,-1006.0,-271.0,-21.0,182.0,323.0,392.0,-210.0,-437.0,-573.0
659.0,-743.0,-273.0,-36.0,181.0,313.0,363.0,-249.0,-444.0,-541.0
633.0,-484.0,-256.0,-34.0,174.0,366.0,307.0,-88.0,-375.0,-497.0
592.0,-162.0,-291.0,-29.0,163.0,346.0,272.0,-11.0,-267.0,-451.0
599.0,129.0,-271.0,-42.0,158.0,343.0,255.0,133.0,-181.0,-414.0
570.0,322.0,-271.0,-77.0,155.0,296.0,202.0,168.0,-85.0,-379.0
556.0,515.0,-306.0,-105.0,143.0,198.0,166.0,123.0,24.0,-334.0
522.0,789.0,-308.0,-90.0,118.0,111.0,168.0,83.0,138.0,-295.0
452.0,1123.0,-346.0,-69.0,91.0,152.0,218.0,-12.0,242.0,-276.0
406.0,1384.0,-378.0,-72.0,71.0,255.0,278.0,3.0,307.0,-262.0
324.0,1489.0,-346.0,-121.0,56.0,225.0,276.0,-110.0,384.0,-217.0
282.0,1524.0,-380.0,-159.0,40.0,186.0,248.0,-99.0,521.0,-170.0
225.0,1483.0,-393.0,-108.0,23.0,93.0,228.0,-64.0,630.0,-133.0
137.0,1276.0,-379.0,-41.0,17.0,165.0,202.0,-20.0,662.0,-59.0
48.0,1034.0,-446.0,-27.0,25.0,269.0,193.0,166.0,684.0,27.0
-33.0,844.0,-441.0,-66.0,43.0,177.0,180.0,105.0,699.0,82.0
-87.0,649.0,-450.0,-134.0,57.0,118.0,139.0,175.0,686.0,111.0
-127.0,515.0,-454.0,-175.0,47.0,81.0,87.0,201.0,671.0,140.0
-158.0,406.0,-433.0,-187.0,7.0,133.0,10.0,258.0,664.0,127.0
-166.0,213.0,-432.0,-178.0,-55.0,94.0,-48.0,380.0,627.0,103.0
-196.0,-29.0,-381.0,-133.0,-123.0,43.0,-93.0,251.0,559.0,100.0
-205.0,-326.0,-349.0,-62.0,-187.0,114.0,-155.0,321.0,521.0,91.0
-219.0,-647.0,-294.0,20.0,-232.0,132.0,-159.0,288.0,502.0,71.0
-236.0,-880.0,-228.0,93.0,-247.0,97.0,-126.0,271.0,484.0,12.0
-234.0,-1000.0,-149.0,173.0,-237.0,14.0,-113.0,177.0,443.0,-56.0
-275.0,-1065.0,-57.0,229.0,-214.0,50.0,-105.0,5.0,385.0,-124.0
-301.0,-1129.0,14.0,249.0,-174.0,95.0,-89.0,60.0,353.0,-197.0
-377.0,-1180.0,97.0,287.0,-126.0,64.0,-51.0,-105.0,305.0,-257.0
-406.0,-1191.0,175.0,303.0,-84.0,126.0,-14.0,-59.0,254.0,-255.0
-407.0,-1193.0,215.0,291.0,-38.0,143.0,33.0,57.0,208.0,-228.0
-410.0,-1236.0,262.0,252.0,13.0,71.0,64.0,121.0,159.0,-221.0
-393.0,-1342.0,298.0,138.0,55.0,81.0,54.0,264.0,139.0,-200.0
-418.0,-1427.0,303.0,7.0,72.0,175.0,44.0,208.0,145.0,-157.0
-396.0,-1339.0,359.0,-100.0,67.0,168.0,0.0,223.0,203.0,-104.0
-421.0,-1051.0,378.0,-180.0,42.0,61.0,-29.0,197.0,281.0,-87.0
-411.0,-634.0,423.0,-259.0,1.0,104.0,-35.0,221.0,345.0,-62.0
-367.0,-119.0,467.0,-300.0,-40.0,192.0,-57.0,240.0,429.0,-48.0
-343.0,425.0,441.0,-285.0,-78.0,74.0,-98.0,145.0,493.0,-82.0
-278.0,875.0,480.0,-272.0,-109.0,-38.0,-155.0,144.0,527.0,-152.0
-206.0,1136.0,507.0,-223.0,-125.0,18.0,-186.0,90.0,508.0,-231.0
-126.0,1236.0,540.0,-155.0,-126.0,72.0,-200.0,53.0,396.0,-250.0
-57.0,1274.0,593.0,-61.0,-120.0,10.0,-177.0,-140.0,265.0,-287.0
-8.0,1203.0,606.0,53.0,-109.0,-59.0,-124.0,-325.0,174.0,-287.0
0.0,962.0,626.0,127.0,-93.0,-74.0,-52.0,-319.0,113.0,-218.0
-2.0,581.0,614.0,191.0,-81.0,-57.0,14.0,-317.0,53.0,-143.0
33.0,32.0,601.0,231.0,-82.0,-4.0,87.0,-168.0,-3.0,-43.0
53.0,-614.0,617.0,231.0,-93.0,-2.0,143.0,-107.0,-38.0,66.0
32.0,-1194.0,602.0,194.0,-113.0,-7.0,147.0,60.0,-102.0,198.0
60.0,-1578.0,587.0,117.0,-138.0,-29.0,97.0,232.0,-254.0,318.0
90.0,-1696.0,584.0,32.0,-154.0,-62.0,19.0,123.0,-446.0,414.0
114.0,-1582.0,535.0,-13.0,-148.0,-51.0,14.0,151.0,-595.0,505.0
103.0,-1300.0,481.0,-81.0,-131.0,-102.0,23.0,99.0,-647.0,577.0
78.0,-859.0,427.0,-186.0,-110.0,-198.0,7.0,162.0,-610.0,615.0
55.0,-331.0,351.0,-292.0,-77.0,-181.0,-31.0,234.0,-566.0,623.0
-15.0,132.0,300.0,-418.0,-38.0,-55.0,-102.0,125.0,-566.0,645.0
-41.0,442.0,221.0,-522.0,-12.0,-53.0,-157.0,88.0,-605.0,658.0
-88.0,518.0,161.0,-609.0,-11.0,-142.0,-161.0,-36.0,-620.0,652.0
-98.0,407.0,121.0,-653.0,-28.0,-168.0,-126.0,-59.0,-594.0,648.0
-112.0,324.0,45.0,-636.0,-49.0,-135.0,-81.0,-136.0,-533.0,658.0
-161.0,323.0,-20.0,-567.0,-68.0,-125.0,-20.0,-232.0,-428.0,653.0
-176.0,309.0,-83.0,-446.0,-87.0,-143.0,6.0,-251.0,-357.0,622.0
-205.0,276.0,-169.0,-343.0,-98.0,-73.0,36.0,-210.0,-304.0,594.0
-173.0,176.0,-240.0,-236.0,-105.0,-75.0,68.0,-35.0,-261.0,533.0
-158.0,-89.0,-316.0,-159.0,-99.0,-231.0,87.0,-90.0,-270.0,445.0
-120.0,-421.0,-425.0,-122.0,-75.0,-319.0,112.0,-96.0,-287.0,341.0
-82.0,-672.0,-470.0,-63.0,-39.0,-165.0,90.0,-99.0,-283.0,216.0
-83.0,-859.0,-527.0,12.0,0.0,-10.0,57.0,-57.0,-218.0,87.0
-82.0,-930.0,-605.0,110.0,32.0,-106.0,49.0,158.0,-109.0,-59.0
-135.0,-797.0,-651.0,231.0,61.0,-254.0,59.0,103.0,-102.0,-196.0
-171.0,-522.0,-719.0,333.0,92.0,-231.0,71.0,155.0,-150.0,-287.0
-190.0,-179.0,-776.0,370.0,114.0,-121.0,113.0,232.0,-115.0,-349.0
-178.0,219.0,-845.0,359.0,119.0,-203.0,167.0,251.0,-47.0,-380.0
-163.0,639.0,-893.0,324.0,115.0,-277.0,235.0,286.0,27.0,-358.0
-165.0,964.0,-923.0,283.0,111.0,-210.0,296.0,155.0,122.0,-321.0
-148.0,1073.0,-945.0,244.0,107.0,-144.0,282.0,83.0,196.0,-272.0
-153.0,934.0,-972.0,200.0,108.0,-81.0,250.0,-94.0,277.0,-192.0
-159.0,653.0,-978.0,158.0,110.0,-65.0,224.0,-208.0,363.0,-89.0
-119.0,368.0,-965.0,157.0,99.0,-52.0,225.0,-223.0,423.0,29.0
-46.0,140.0,-963.0,227.0,72.0,-113.0,235.0,-197.0,447.0,146.0
50.0,46.0,-905.0,306.0,33.0,-135.0,236.0,-44.0,389.0,241.0
123.0,75.0,-872.0,328.0,3.0,-125.0,223.0,12.0,300.0,328.0
140.0,81.0,-820.0,353.0,-10.0,-212.0,213.0,145.0,270.0,399.0
140.0,51.0,-737.0,411.0,-8.0,-310.0,257.0,219.0,288.0,428.0
96.0,89.0,-654.0,424.0,-1.0,-269.0,309.0,247.0,297.0,469.0
69.0,151.0,-542.0,456.0,-4.0,-167.0,349.0,216.0,249.0,509.0
52.0,143.0,-428.0,494.0,-10.0,-226.0,347.0,210.0,164.0,511.0
52.0,116.0,-308.0,477.0,-11.0,-323.0,321.0,352.0,80.0,506.0
93.0,163.0,-167.0,503.0,-11.0,-375.0,325.0,254.0,61.0,502.0
140.0,300.0,-44.0,552.0,-10.0,-317.0,364.0,253.0,148.0,515.0
188.0,448.0,75.0,598.0,1.0,-282.0,403.0,199.0,235.0,535.0
181.0,532.0,199.0,644.0,18.0,-231.0,415.0,120.0,271.0,542.0
171.0,475.0,272.0,659.0,36.0,-121.0,416.0,157.0,304.0,546.0
155.0,277.0,339.0,633.0,60.0,-210.0,407.0,-77.0,336.0,543.0
148.0,81.0,362.0,584.0,89.0,-334.0,396.0,-55.0,350.0,508.0
147.0,-24.0,376.0,557.0,115.0,-387.0,372.0,-36.0,349.0,442.0
140.0,-44.0,358.0,553.0,123.0,-369.0,334.0,-27.0,332.0,348.0
137.0,-5.0,344.0,543.0,122.0,-441.0,301.0,127.0,302.0,214.0
129.0,57.0,338.0,501.0,122.0,-515.0,305.0,5.0,273.0,50.0
118.0,146.0,306.0,453.0,124.0,-396.0,347.0,81.0,196.0,-112.0
93.0,322.0,307.0,430.0,130.0,-416.0,388.0,192.0,58.0,-276.0
75.0,571.0,306.0,411.0,142.0,-530.0,419.0,295.0,-64.0,-452.0
72.0,787.0,309.0,415.0,155.0,-554.0,411.0,404.0,-150.0,-594.0
74.0,935.0,288.0,416.0,154.0,-462.0,358.0,315.0,-182.0,-704.0
39.0,1010.0,280.0,380.0,143.0,-315.0,315.0,286.0,-172.0,-795.0
10.0,999.0,221.0,352.0,130.0,-344.0,275.0,160.0,-159.0,-836.0
-14.0,903.0,197.0,310.0,106.0,-409.0,242.0,79.0,-149.0,-820.0
7.0,757.0,179.0,235.0,69.0,-371.0,229.0,1.0,-142.0,-754.0
17.0,536.0,112.0,148.0,22.0,-348.0,250.0,0.0,-168.0,-671.0
14.0,219.0,93.0,67.0,-23.0,-403.0,289.0,144.0,-214.0,-587.0
20.0,-70.0,30.0,36.0,-60.0,-389.0,303.0,140.0,-210.0,-500.0
18.0,-250.0,1.0,17.0,-94.0,-187.0,299.0,120.0,-161.0,-422.0
43.0,-335.0,-18.0,15.0,-123.0,-67.0,258.0,88.0,-92.0,-371.0
24.0,-307.0,-71.0,17.0,-141.0,-141.0,218.0,175.0,-50.0,-343.0
50.0,-152.0,-83.0,-53.0,-147.0,-187.0,205.0,208.0,-50.0,-304.0
39.0,72.0,-80.0,-121.0,-143.0,-169.0,193.0,197.0,-50.0,-305.0
55.0,294.0,-81.0,-169.0,-129.0,-130.0,162.0,303.0,-19.0,-340.0
81.0,424.0,-48.0,-249.0,-109.0,-158.0,95.0,341.0,34.0,-366.0
86.0,389.0,-12.0,-295.0,-91.0,-210.0,40.0,434.0,14.0,-414.0
113.0,257.0,3.0,-301.0,-76.0,-208.0,0.0,303.0,-88.0,-481.0
98.0,128.0,49.0,-289.0,-67.0,-187.0,-24.0,101.0,-199.0,-544.0
103.0,51.0,77.0,-238.0,-51.0,-92.0,-24.0,33.0,-268.0,-583.0
43.0,68.0,128.0,-185.0,-18.0,-101.0,-15.0,-60.0,-276.0,-638.0
17.0,197.0,181.0,-188.0,29.0,-217.0,19.0,-11.0,-233.0,-690.0
-2.0,372.0,236.0,-248.0,85.0,-186.0,65.0,-96.0,-182.0,-717.0
-14.0,527.0,307.0,-298.0,129.0,13.0,88.0,-70.0,-161.0,-727.0
-14.0,711.0,324.0,-338.0,160.0,108.0,63.0,46.0,-166.0,-695.0
-31.0,952.0,345.0,-386.0,189.0,-75.0,32.0,-5.0,-198.0,-637.0
-68.0,1214.0,333.0,-404.0,229.0,-239.0,21.0,99.0,-231.0,-506.0
-133.0,1426.0,319.0,-415.0,274.0,-205.0,9.0,179.0,-262.0,-329.0
-161.0,1504.0,314.0,-457.0,309.0,-87.0,3.0,299.0,-282.0,-155.0
-225.0,1447.0,322.0,-509.0,324.0,-62.0,-26.0,303.0,-276.0,45.0
-267.0,1230.0,340.0,-514.0,307.0,-35.0,-87.0,229.0,-267.0,228.0
-345.0,779.0,326.0,-492.0,264.0,27.0,-141.0,214.0,-243.0,363.0
-374.0,172.0,320.0,-431.0,202.0,-4.0,-148.0,86.0,-230.0,454.0
-378.0,-444.0,268.0,-331.0,143.0,31.0,-109.0,40.0,-223.0,525.0
-373.0,-1007.0,231.0,-245.0,101.0,58.0,-51.0,-121.0,-194.0,555.0
-356.0,-1525.0,187.0,-153.0,74.0,-6.0,-17.0,-127.0,-173.0,535.0
-381.0,-1939.0,138.0,-74.0,60.0,-85.0,7.0,-99.0,-170.0,519.0
-363.0,-2139.0,129.0,-25.0,61.0,-91.0,45.0,-194.0,-180.0,506.0
-376.0,-2136.0,112.0,4.0,78.0,27.0,58.0,-60.0,-198.0,477.0
-348.0,-2010.0,87.0,24.0,96.0,75.0,77.0,31.0,-253.0,435.0
-321.0,-1780.0,66.0,44.0,105.0,16.0,73.0,240.0,-342.0,395.0
-249.0,-1449.0,76.0,28.0,100.0,-83.0,55.0,397.0,-404.0,337.0
-203.0,-1067.0,87.0,-5.0,87.0,-162.0,27.0,541.0,-430.0,254.0
-210.0,-738.0,121.0,-10.0,76.0,-189.0,-33.0,761.0,-417.0,173.0
-180.0,-584.0,175.0,-23.0,69.0,-150.0,-42.0,663.0,-374.0,122.0
-152.0,-616.0,212.0,-41.0,72.0,-42.0,-3.0,578.0,-327.0,93.0
-122.0,-735.0,214.0,-36.0,90.0,-23.0,47.0,452.0,-279.0,81.0
-129.0,-866.0,209.0,-20.0,115.0,-131.0,93.0,304.0,-197.0,104.0
-102.0,-915.0,178.0,-8.0,132.0,-239.0,106.0,205.0,-82.0,160.0
-87.0,-819.0,142.0,9.0,138.0,-164.0,73.0,142.0,52.0,191.0
-67.0,-637.0,119.0,43.0,138.0,-83.0,35.0,197.0,177.0,234.0
-71.0,-432.0,91.0,70.0,133.0,-142.0,34.0,114.0,229.0,337.0
-81.0,-205.0,93.0,90.0,127.0,-202.0,56.0,188.0,176.0,455.0
-89.0,36.0,75.0,103.0,119.0,-235.0,84.0,225.0,95.0,582.0
-100.0,253.0,73.0,113.0,103.0,-196.0,101.0,205.0,51.0,728.0
-73.0,432.0,66.0,100.0,81.0,-187.0,102.0,247.0,-8.0,905.0
-75.0,486.0,54.0,65.0,54.0,-210.0,84.0,160.0,-80.0,1051.0
-28.0,267.0,78.0,34.0,27.0,-225.0,69.0,258.0,-151.0,1156.0
-16.0,-195.0,82.0,-16.0,-7.0,-274.0,91.0,280.0,-242.0,1276.0
-26.0,-776.0,125.0,-59.0,-66.0,-241.0,84.0,314.0,-332.0,1380.0
-45.0,-1400.0,159.0,-80.0,-159.0,-125.0,70.0,321.0,-370.0,1457.0
-88.0,-1939.0,157.0,-84.0,-266.0,-100.0,83.0,192.0,-365.0,1511.0
-124.0,-2272.0,174.0,-55.0,-368.0,-250.0,85.0,194.0,-322.0,1568.0
-148.0,-2373.0,174.0,-13.0,-462.0,-329.0,88.0,97.0,-255.0,1586.0
-117.0,-2227.0,154.0,37.0,-543.0,-165.0,51.0,190.0,-232.0,1552.0
-93.0,-1858.0,122.0,101.0,-598.0,-10.0,23.0,277.0,-220.0,1508.0
-68.0,-1336.0,111.0,160.0,-621.0,-92.0,45.0,293.0,-162.0,1463.0
-49.0,-692.0,99.0,218.0,-624.0,-189.0,74.0,489.0,-64.0,1417.0
-14.0,25.0,108.0,288.0,-615.0,-149.0,97.0,456.0,40.0,1332.0
-9.0,774.0,103.0,341.0,-604.0,-80.0,110.0,360.0,124.0,1266.0
-11.0,1506.0,86.0,389.0,-584.0,-13.0,163.0,238.0,220.0,1221.0
-1.0,2136.0,63.0,435.0,-549.0,33.0,213.0,212.0,304.0,1152.0
43.0,2618.0,19.0,433.0,-507.0,45.0,241.0,290.0,337.0,1097.0
130.0,2928.0,-24.0,427.0,-460.0,-62.0,258.0,203.0,323.0,1053.0
202.0,3040.0,-100.0,460.0,-408.0,-121.0,245.0,129.0,264.0,1002.0
291.0,2899.0,-126.0,446.0,-352.0,-33.0,224.0,-35.0,194.0,941.0
327.0,2463.0,-181.0,434.0,-300.0,18.0,171.0,-77.0,129.0,880.0
360.0,1827.0,-226.0,453.0,-255.0,-43.0,112.0,-70.0,19.0,808.0
333.0,1175.0,-257.0,442.0,-210.0,-169.0,88.0,-12.0,-147.0,712.0
322.0,652.0,-303.0,470.0,-177.0,-138.0,78.0,109.0,-307.0,611.0
352.0,344.0,-349.0,518.0,-164.0,-45.0,66.0,81.0,-395.0,515.0
394.0,252.0,-401.0,543.0,-165.0,-33.0,65.0,299.0,-447.0,440.0
471.0,205.0,-427.0,525.0,-169.0,2.0,100.0,415.0,-491.0,369.0
500.0,58.0,-476.0,480.0,-166.0,4.0,157.0,565.0,-484.0,304.0
551.0,-121.0,-454.0,471.0,-160.0,-28.0,203.0,735.0,-403.0,241.0
555.0,-261.0,-465.0,466.0,-146.0,-22.0,219.0,648.0,-287.0,154.0
560.0,-332.0,-424.0,473.0,-116.0,42.0,201.0,713.0,-181.0,46.0
558.0,-283.0,-383.0,504.0,-76.0,54.0,177.0,576.0,-79.0,-87.0
521.0,-131.0,-370.0,531.0,-41.0,-92.0,146.0,480.0,35.0,-217.0
478.0,56.0,-331.0,571.0,-9.0,-225.0,126.0,299.0,164.0,-355.0
391.0,218.0,-367.0,604.0,22.0,-146.0,118.0,16.0,315.0,-512.0
316.0,303.0,-356.0,592.0,46.0,-48.0,69.0,14.0,482.0,-625.0
234.0,330.0,-405.0,581.0,68.0,-148.0,25.0,-109.0,611.0,-716.0
169.0,323.0,-407.0,558.0,100.0,-238.0,1.0,-27.0,709.0,-775.0
113.0,282.0,-427.0,501.0,138.0,-231.0,0.0,107.0,780.0,-771.0
50.0,212.0,-466.0,435.0,170.0,-179.0,18.0,216.0,777.0,-715.0
-11.0,146.0,-479.0,381.0,197.0,-160.0,15.0,325.0,737.0,-644.0
-67.0,65.0,-552.0,350.0,225.0,-208.0,31.0,221.0,695.0,-604.0
-117.0,-64.0,-563.0,325.0,258.0,-193.0,70.0,304.0,634.0,-567.0
-173.0,-174.0,-597.0,299.0,300.0,-226.0,81.0,295.0,544.0,-554.0
-206.0,-231.0,-605.0,232.0,343.0,-342.0,59.0,266.0,455.0,-594.0
-236.0,-169.0,-602.0,134.0,378.0,-373.0,3.0,240.0,375.0,-644.0
-280.0,107.0,-590.0,36.0,408.0,-346.0,-57.0,149.0,307.0,-684.0
-307.0,539.0,-546.0,-65.0,432.0,-382.0,-90.0,234.0,261.0,-725.0
-341.0,993.0,-502.0,-142.0,436.0,-371.0,-88.0,216.0,194.0,-777.0
-345.0,1430.0,-430.0,-171.0,418.0,-259.0,-71.0,303.0,137.0,-810.0
-356.0,1854.0,-352.0,-154.0,388.0,-191.0,-78.0,323.0,100.0,-812.0
-378.0,2194.0,-255.0,-124.0,356.0,-141.0,-102.0,303.0,66.0,-829.0
-390.0,2306.0,-177.0,-121.0,325.0,-109.0,-104.0,334.0,22.0,-837.0
-441.0,2139.0,-84.0,-107.0,307.0,-152.0,-81.0,136.0,-21.0,-800.0
-485.0,1793.0,0.0,-94.0,314.0,-223.0,-58.0,157.0,-54.0,-779.0
-536.0,1355.0,81.0,-140.0,341.0,-270.0,-44.0,208.0,-91.0,-774.0
-528.0,818.0,187.0,-184.0,378.0,-273.0,-65.0,275.0,-102.0,-738.0
-518.0,202.0,257.0,-256.0,416.0,-275.0,-100.0,315.0,-118.0,-684.0
-515.0,-386.0,338.0,-370.0,460.0,-293.0,-87.0,277.0,-141.0,-634.0
-508.0,-884.0,378.0,-466.0,503.0,-281.0,-103.0,388.0,-158.0,-591.0
-494.0,-1248.0,417.0,-533.0,530.0,-237.0,-167.0,301.0,-160.0,-539.0
-462.0,-1437.0,479.0,-619.0,536.0,-208.0,-217.0,399.0,-109.0,-487.0
-451.0,-1483.0,505.0,-715.0,520.0,-205.0,-243.0,463.0,-61.0,-471.0
-402.0,-1456.0,559.0,-751.0,492.0,-194.0,-221.0,428.0,-31.0,-455.0
-375.0,-1420.0,606.0,-787.0,459.0,-221.0,-185.0,463.0,-9.0,-426.0
-311.0,-1422.0,641.0,-792.0,428.0,-281.0,-158.0,334.0,30.0,-401.0
-265.0,-1509.0,676.0,-762.0,396.0,-254.0,-155.0,378.0,103.0,-393.0
-234.0,-1643.0,712.0,-748.0,358.0,-164.0,-182.0,319.0,165.0,-385.0
-192.0,-1752.0,728.0,-712.0,316.0,-130.0,-171.0,391.0,187.0,-333.0
-170.0,-1782.0,739.0,-621.0,275.0,-242.0,-146.0,417.0,170.0,-307.0
-121.0,-1673.0,737.0,-522.0,229.0,-390.0,-167.0,286.0,154.0,-284.0
-115.0,-1438.0,708.0,-435.0,175.0,-324.0,-232.0,386.0,163.0,-235.0
-63.0,-1182.0,695.0,-315.0,128.0,-150.0,-299.0,242.0,196.0,-196.0
-6.0,-1044.0,629.0,-176.0,98.0,-136.0,-327.0,247.0,209.0,-141.0
34.0,-1044.0,564.0,-46.0,78.0,-234.0,-320.0,199.0,194.0,-97.0
97.0,-1138.0,504.0,48.0,63.0,-278.0,-301.0,9.0,181.0,-38.0
142.0,-1277.0,437.0,158.0,48.0,-196.0,-279.0,90.0,181.0,29.0
210.0,-1371.0,379.0,256.0,30.0,-118.0,-257.0,53.0,198.0,91.0
258.0,-1304.0,315.0,299.0,11.0,-121.0,-215.0,149.0,217.0,167.0
314.0,-989.0,249.0,300.0,-4.0,-45.0,-163.0,243.0,242.0,242.0
364.0,-500.0,190.0,258.0,-15.0,17.0,-153.0,314.0,282.0,311.0
409.0,-13.0,139.0,183.0,-26.0,-48.0,-188.0,393.0,360.0,364.0
458.0,320.0,114.0,84.0,-41.0,-88.0,-255.0,251.0,448.0,437.0
464.0,482.0,135.0,-18.0,-62.0,-72.0,-294.0,179.0,519.0,506.0
461.0,509.0,168.0,-100.0,-94.0,-140.0,-249.0,57.0,588.0,548.0
445.0,445.0,240.0,-127.0,-138.0,-193.0,-180.0,72.0,641.0,617.0
449.0,406.0,288.0,-141.0,-197.0,-43.0,-157.0,68.0,694.0,681.0
447.0,408.0,334.0,-131.0,-269.0,87.0,-184.0,-105.0,731.0,749.0
420.0,386.0,377.0,-53.0,-356.0,6.0,-236.0,-253.0,717.0,824.0
374.0,415.0,385.0,79.0,-450.0,-113.0,-285.0,-384.0,638.0,903.0
328.0,558.0,394.0,208.0,-528.0,-121.0,-291.0,-247.0,520.0,1006.0
286.0,702.0,396.0,282.0,-580.0,-117.0,-229.0,-219.0,421.0,1086.0
251.0,803.0,391.0,335.0,-611.0,-116.0,-134.0,-166.0,322.0,1165.0
232.0,880.0,362.0,382.0,-615.0,-45.0,-46.0,-79.0,263.0,1241.0
206.0,881.0,381.0,434.0,-596.0,-9.0,14.0,-70.0,216.0,1283.0
257.0,841.0,358.0,484.0,-566.0,-66.0,45.0,31.0,127.0,1283.0
280.0,828.0,317.0,484.0,-535.0,-125.0,56.0,-79.0,20.0,1249.0
312.0,813.0,267.0,432.0,-501.0,-113.0,38.0,-25.0,-76.0,1217.0
366.0,747.0,188.0,386.0,-451.0,-75.0,17.0,-66.0,-135.0,1145.0
395.0,667.0,141.0,345.0,-387.0,-97.0,-12.0,-195.0,-203.0,1051.0
402.0,667.0,48.0,315.0,-306.0,-85.0,-18.0,-168.0,-272.0,972.0
395.0,827.0,-17.0,329.0,-225.0,0.0,9.0,-273.0,-328.0,905.0
437.0,1146.0,-91.0,315.0,-160.0,-18.0,34.0,-151.0,-370.0,855.0
423.0,1475.0,-165.0,291.0,-116.0,-43.0,52.0,-120.0,-395.0,808.0
422.0,1734.0,-224.0,286.0,-91.0,26.0,59.0,-181.0,-406.0,791.0
405.0,1966.0,-274.0,283.0,-82.0,26.0,60.0,-147.0,-397.0,788.0
377.0,2079.0,-301.0,292.0,-92.0,-116.0,34.0,-249.0,-401.0,754.0
388.0,1931.0,-332.0,314.0,-115.0,-235.0,-9.0,-173.0,-397.0,695.0
381.0,1585.0,-339.0,351.0,-135.0,-99.0,-22.0,-101.0,-407.0,647.0
363.0,1174.0,-370.0,377.0,-143.0,76.0,-20.0,-94.0,-447.0,562.0
335.0,665.0,-364.0,390.0,-132.0,15.0,-14.0,-182.0,-503.0,417.0
295.0,42.0,-367.0,415.0,-104.0,-202.0,17.0,-325.0,-536.0,298.0
219.0,-646.0,-376.0,456.0,-72.0,-283.0,59.0,-290.0,-535.0,169.0
126.0,-1315.0,-346.0,465.0,-55.0,-175.0,103.0,-229.0,-570.0,-15.0
32.0,-1803.0,-323.0,446.0,-58.0,-77.0,119.0,-42.0,-623.0,-194.0
-50.0,-2117.0,-276.0,423.0,-86.0,39.0,93.0,-27.0,-652.0,-365.0
-164.0,-2288.0,-223.0,347.0,-138.0,38.0,52.0,-70.0,-627.0,-527.0
-228.0,-2300.0,-174.0,242.0,-196.0,-110.0,12.0,-118.0,-551.0,-703.0
-279.0,-2230.0,-127.0,181.0,-237.0,-183.0,10.0,-330.0,-461.0,-855.0
-340.0,-2155.0,-77.0,122.0,-253.0,-37.0,21.0,-338.0,-385.0,-933.0
-413.0,-2049.0,-42.0,57.0,-244.0,132.0,34.0,-443.0,-323.0,-997.0
-475.0,-1882.0,5.0,49.0,-213.0,8.0,49.0,-437.0,-216.0,-1044.0
-541.0,-1635.0,58.0,83.0,-168.0,-185.0,41.0,-347.0,-88.0,-1044.0
-597.0,-1263.0,114.0,152.0,-118.0,-200.0,42.0,-349.0,24.0,-1023.0
-591.0,-818.0,204.0,247.0,-72.0,-106.0,60.0,-201.0,116.0,-1022.0
-602.0,-368.0,264.0,342.0,-31.0,0.0,77.0,-186.0,203.0,-1038.0
-557.0,9.0,321.0,403.0,7.0,48.0,81.0,-123.0,321.0,-1046.0
-529.0,308.0,369.0,443.0,51.0,-36.0,84.0,-103.0,464.0,-1080.0
-475.0,554.0,404.0,495.0,95.0,-137.0,99.0,-133.0,629.0,-1141.0
-458.0,728.0,449.0,510.0,133.0,-68.0,112.0,-158.0,769.0,-1191.0
-450.0,874.0,471.0,489.0,171.0,102.0,115.0,-179.0,855.0,-1221.0
-420.0,953.0,494.0,452.0,216.0,194.0,147.0,-49.0,896.0,-1260.0
-408.0,959.0,490.0,401.0,270.0,80.0,208.0,-109.0,889.0,-1313.0
-342.0,946.0,479.0,363.0,328.0,-64.0,222.0,-160.0,866.0,-1330.0
-274.0,896.0,456.0,318.0,387.0,-50.0,201.0,-279.0,824.0,-1313.0
-205.0,774.0,438.0,230.0,440.0,61.0,162.0,-415.0,769.0,-1271.0
-175.0,624.0,425.0,128.0,483.0,124.0,119.0,-371.0,715.0,-1199.0
-148.0,545.0,404.0,29.0,515.0,59.0,107.0,-317.0,663.0,-1084.0
-154.0,526.0,424.0,-43.0,538.0,7.0,106.0,-134.0,625.0,-937.0
-158.0,478.0,409.0,-81.0,552.0,-22.0,135.0,-134.0,585.0,-789.0
-168.0,355.0,451.0,-107.0,548.0,-58.0,175.0,-88.0,512.0,-616.0
-137.0,193.0,491.0,-143.0,523.0,2.0,205.0,22.0,390.0,-416.0
-115.0,72.0,525.0,-221.0,471.0,87.0,235.0,7.0,282.0,-226.0
-66.0,66.0,600.0,-291.0,400.0,37.0,252.0,31.0,173.0,-54.0
-23.0,210.0,607.0,-331.0,308.0,-36.0,275.0,-114.0,44.0,101.0
0.0,501.0,676.0,-347.0,212.0,67.0,308.0,-57.0,-34.0,238.0
64.0,924.0,709.0,-356.0,131.0,168.0,342.0,-40.0,-92.0,339.0
64.0,1355.0,728.0,-377.0,66.0,127.0,352.0,-144.0,-137.0,397.0
134.0,1597.0,786.0,-385.0,21.0,25.0,344.0,-166.0,-169.0,436.0
121.0,1642.0,788.0,-389.0,-2.0,-29.0,331.0,-363.0,-210.0,428.0
131.0,1585.0,800.0,-401.0,-2.0,-30.0,291.0,-308.0,-242.0,368.0
120.0,1403.0,780.0,-399.0,17.0,-53.0,239.0,-260.0,-250.0,303.0
105.0,1068.0,741.0,-388.0,52.0,-5.0,230.0,-347.0,-229.0,255.0
144.0,678.0,683.0,-373.0,87.0,53.0,262.0,-301.0,-174.0,217.0
150.0,463.0,632.0,-344.0,112.0,52.0,300.0,-240.0,-104.0,185.0
199.0,482.0,581.0,-288.0,122.0,47.0,316.0,-77.0,-27.0,199.0
209.0,524.0,491.0,-215.0,111.0,112.0,310.0,-3.0,65.0,243.0
247.0,462.0,408.0,-172.0,91.0,281.0,295.0,40.0,157.0,283.0
231.0,269.0,327.0,-172.0,60.0,321.0,269.0,79.0,242.0,345.0
223.0,-79.0,277.0,-181.0,28.0,182.0,270.0,109.0,301.0,441.0
237.0,-525.0,205.0,-169.0,12.0,159.0,254.0,188.0,310.0,535.0
268.0,-907.0,171.0,-168.0,18.0,284.0,211.0,84.0,284.0,598.0
298.0,-1154.0,158.0,-166.0,43.0,309.0,185.0,7.0,254.0,655.0
353.0,-1294.0,122.0,-172.0,67.0,228.0,144.0,-168.0,250.0,706.0
370.0,-1308.0,120.0,-190.0,80.0,212.0,112.0,-336.0,250.0,733.0
372.0,-1257.0,94.0,-187.0,76.0,204.0,87.0,-319.0,238.0,725.0
384.0,-1208.0,73.0,-204.0,49.0,118.0,73.0,-369.0,201.0,715.0
334.0,-1123.0,41.0,-206.0,8.0,116.0,97.0,-184.0,146.0,736.0
338.0,-1030.0,0.0,-178.0,-17.0,245.0,106.0,22.0,112.0,729.0
290.0,-1062.0,-47.0,-148.0,-23.0,352.0,110.0,221.0,66.0,720.0
294.0,-1168.0,-92.0,-129.0,-20.0,365.0,152.0,371.0,10.0,733.0
253.0,-1174.0,-136.0,-121.0,-17.0,331.0,193.0,323.0,-27.0,735.0
249.0,-1125.0,-179.0,-44.0,-12.0,284.0,233.0,308.0,-44.0,723.0
234.0,-1027.0,-235.0,47.0,-3.0,279.0,276.0,208.0,-37.0,710.0
171.0,-789.0,-301.0,128.0,0.0,375.0,295.0,168.0,-48.0,711.0
140.0,-457.0,-340.0,239.0,-3.0,475.0,280.0,105.0,-99.0,684.0
70.0,-54.0,-416.0,356.0,-18.0,398.0,211.0,75.0,-161.0,647.0
81.0,451.0,-449.0,470.0,-45.0,249.0,106.0,79.0,-225.0,620.0
44.0,945.0,-463.0,533.0,-75.0,267.0,-2.0,22.0,-283.0,583.0
55.0,1261.0,-476.0,582.0,-104.0,377.0,-93.0,90.0,-326.0,527.0
46.0,1374.0,-472.0,583.0,-122.0,457.0,-152.0,99.0,-371.0,455.0
26.0,1363.0,-466.0,530.0,-120.0,442.0,-148.0,208.0,-441.0,392.0
-27.0,1259.0,-447.0,496.0,-103.0,383.0,-99.0,314.0,-506.0,308.0
-85.0,1070.0,-448.0,463.0,-79.0,398.0,-40.0,376.0,-569.0,222.0
-120.0,885.0,-418.0,421.0,-57.0,439.0,36.0,509.0,-613.0,130.0
-133.0,780.0,-393.0,328.0,-46.0,452.0,95.0,537.0,-603.0,49.0
-131.0,711.0,-370.0,222.0,-49.0,486.0,135.0,578.0,-615.0,-17.0
-158.0,581.0,-343.0,118.0,-61.0,482.0,160.0,452.0,-639.0,-115.0
-98.0,365.0,-315.0,28.0,-64.0,315.0,141.0,330.0,-624.0,-184.0
-75.0,130.0,-287.0,-19.0,-46.0,310.0,103.0,219.0,-593.0,-250.0
-17.0,-68.0,-271.0,-37.0,-7.0,534.0,85.0,84.0,-524.0,-338.0
-13.0,-230.0,-246.0,-66.0,43.0,603.0,77.0,96.0,-457.0,-410.0
40.0,-323.0,-209.0,-142.0,90.0,515.0,72.0,-116.0,-413.0,-470.0
68.0,-318.0,-172.0,-216.0,113.0,463.0,59.0,-144.0,-400.0,-516.0
93.0,-285.0,-109.0,-266.0,120.0,500.0,5.0,-62.0,-437.0,-558.0
126.0,-245.0,-57.0,-290.0,114.0,530.0,-32.0,-101.0,-443.0,-578.0
157.0,-173.0,7.0,-263.0,93.0,495.0,-32.0,77.0,-415.0,-585.0
245.0,-109.0,93.0,-236.0,66.0,453.0,-35.0,114.0,-351.0,-572.0
213.0,-77.0,148.0,-230.0,43.0,435.0,9.0,157.0,-240.0,-534.0
240.0,-83.0,253.0,-208.0,27.0,422.0,58.0,112.0,-128.0,-478.0
208.0,-33.0,318.0,-179.0,3.0,456.0,66.0,-36.0,-33.0,-394.0
205.0,132.0,388.0,-156.0,-31.0,519.0,67.0,-48.0,43.0,-327.0
162.0,202.0,455.0,-136.0,-75.0,490.0,31.0,-184.0,113.0,-259.0
141.0,60.0,511.0,-111.0,-118.0,371.0,10.0,-253.0,181.0,-178.0
142.0,-161.0,574.0,-86.0,-148.0,339.0,9.0,-365.0,237.0,-114.0
136.0,-339.0,581.0,-78.0,-168.0,469.0,-9.0,-338.0,284.0,-78.0
170.0,-401.0,585.0,-100.0,-184.0,536.0,-35.0,-282.0,343.0,-14.0
154.0,-351.0,554.0,-128.0,-204.0,473.0,-44.0,-338.0,407.0,62.0
218.0,-249.0,512.0,-161.0,-224.0,459.0,-39.0,-216.0,486.0,124.0
224.0,-162.0,433.0,-201.0,-243.0,468.0,-49.0,-343.0,596.0,204.0
237.0,-217.0,367.0,-223.0,-248.0,432.0,-58.0,-308.0,700.0,273.0
221.0,-405.0,291.0,-239.0,-225.0,443.0,-95.0,-218.0,796.0,342.0
237.0,-550.0,222.0,-224.0,-176.0,481.0,-169.0,-223.0,877.0,387.0
237.0,-553.0,169.0,-257.0,-108.0,499.0,-250.0,-55.0,905.0,422.0
226.0,-313.0,95.0,-307.0,-43.0,482.0,-303.0,29.0,876.0,461.0
199.0,133.0,67.0,-287.0,-1.0,371.0,-306.0,153.0,780.0,449.0
189.0,602.0,2.0,-269.0,22.0,308.0,-251.0,29.0,639.0,412.0
180.0,1020.0,-8.0,-255.0,42.0,340.0,-174.0,-25.0,456.0,362.0
124.0,1372.0,-32.0,-243.0,71.0,364.0,-120.0,5.0,225.0,272.0
131.0,1668.0,-53.0,-224.0,103.0,376.0,-115.0,-92.0,-9.0,146.0
75.0,1869.0,-26.0,-177.0,139.0,348.0,-157.0,-57.0,-252.0,22.0
78.0,1893.0,-44.0,-117.0,182.0,288.0,-207.0,-201.0,-489.0,-107.0
20.0,1760.0,-13.0,-82.0,228.0,275.0,-273.0,-164.0,-692.0,-249.0
-20.0,1534.0,-18.0,-57.0,268.0,340.0,-301.0,-62.0,-867.0,-362.0
-65.0,1201.0,7.0,4.0,297.0,391.0,-265.0,-103.0,-1007.0,-451.0
-102.0,748.0,63.0,69.0,318.0,392.0,-224.0,-12.0,-1120.0,-510.0
-129.0,243.0,80.0,121.0,339.0,366.0,-181.0,-92.0,-1192.0,-523.0
-202.0,-153.0,126.0,142.0,356.0,323.0,-149.0,-110.0,-1190.0,-517.0
-206.0,-401.0,163.0,173.0,363.0,267.0,-155.0,-59.0,-1145.0,-497.0
-280.0,-651.0,188.0,198.0,355.0,231.0,-174.0,-60.0,-1044.0,-467.0
-319.0,-882.0,210.0,198.0,329.0,239.0,-183.0,-75.0,-880.0,-454.0
-399.0,-1019.0,235.0,248.0,290.0,222.0,-190.0,-149.0,-681.0,-449.0
-488.0,-1061.0,266.0,294.0,251.0,190.0,-201.0,-121.0,-447.0,-444.0
-559.0,-1059.0,312.0,328.0,215.0,134.0,-249.0,-197.0,-205.0,-443.0
-612.0,-1085.0,329.0,343.0,182.0,99.0,-281.0,-219.0,19.0,-465.0
-650.0,-1063.0,349.0,326.0,152.0,133.0,-264.0,-216.0,215.0,-504.0
-694.0,-939.0,380.0,266.0,116.0,112.0,-238.0,-197.0,364.0,-536.0
-684.0,-752.0,373.0,145.0,71.0,4.0,-222.0,-160.0,494.0,-576.0
-693.0,-481.0,368.0,71.0,24.0,-16.0,-238.0,-299.0,605.0,-616.0
-669.0,-119.0,349.0,13.0,-18.0,65.0,-228.0,-260.0,666.0,-630.0
-629.0,276.0,306.0,-72.0,-58.0,50.0,-205.0,-352.0,694.0,-628.0
-598.0,615.0,245.0,-141.0,-96.0,-10.0,-152.0,-369.0,670.0,-617.0
-583.0,836.0,196.0,-179.0,-130.0,31.0,-100.0,-264.0,612.0,-585.0
-575.0,982.0,120.0,-183.0,-149.0,124.0,-123.0,-275.0,543.0,-524.0
-533.0,1003.0,51.0,-191.0,-144.0,93.0,-147.0,-125.0,454.0,-460.0
-500.0,825.0,-15.0,-200.0,-119.0,108.0,-191.0,-175.0,374.0,-392.0
-491.0,571.0,-93.0,-149.0,-83.0,279.0,-216.0,-192.0,321.0,-305.0
-417.0,359.0,-142.0,-101.0,-44.0,308.0,-235.0,-218.0,287.0,-220.0
-360.0,203.0,-198.0,-89.0,-5.0,214.0,-283.0,-251.0,237.0,-138.0
-330.0,90.0,-249.0,-75.0,22.0,196.0,-313.0,-155.0,165.0,-63.0
-284.0,0.0,-311.0,-46.0,32.0,290.0,-289.0,-280.0,102.0,26.0
-251.0,-106.0,-362.0,0.0,31.0,329.0,-232.0,-232.0,56.0,114.0
-197.0,-233.0,-407.0,10.0,23.0,248.0,-184.0,-160.0,2.0,152.0
-169.0,-381.0,-464.0,3.0,9.0,260.0,-127.0,-112.0,-49.0,192.0
-100.0,-588.0,-495.0,21.0,-8.0,335.0,-90.0,46.0,-91.0,246.0
-33.0,-771.0,-506.0,29.0,-25.0,296.0,-44.0,44.0,-124.0,282.0
40.0,-879.0,-518.0,56.0,-27.0,208.0,-39.0,60.0,-109.0,310.0
132.0,-970.0,-523.0,103.0,-17.0,249.0,-74.0,-49.0,-73.0,354.0
189.0,-988.0,-506.0,158.0,-4.0,336.0,-71.0,-188.0,-19.0,416.0
264.0,-952.0,-490.0,224.0,-1.0,283.0,-75.0,-229.0,26.0,487.0
280.0,-980.0,-453.0,259.0,-15.0,231.0,-98.0,-245.0,58.0,549.0
303.0,-1037.0,-411.0,262.0,-34.0,207.0,-123.0,-186.0,146.0,630.0
330.0,-1059.0,-379.0,273.0,-47.0,133.0,-130.0,-192.0,245.0,718.0
374.0,-1014.0,-332.0,276.0,-55.0,201.0,-114.0,-101.0,338.0,783.0
455.0,-794.0,-291.0,235.0,-54.0,363.0,-76.0,-55.0,455.0,833.0
513.0,-447.0,-250.0,164.0,-43.0,388.0,-80.0,-18.0,556.0,876.0
584.0,-129.0,-191.0,48.0,-29.0,247.0,-102.0,25.0,611.0,910.0
630.0,153.0,-167.0,-120.0,-23.0,97.0,-112.0,-29.0,607.0,891.0
643.0,326.0,-139.0,-307.0,-35.0,94.0,-124.0,38.0,554.0,866.0
646.0,361.0,-102.0,-484.0,-54.0,164.0,-76.0,-38.0,496.0,834.0
635.0,458.0,-105.0,-616.0,-69.0,196.0,-57.0,-123.0,426.0,755.0
611.0,648.0,-68.0,-737.0,-83.0,196.0,-77.0,-205.0,343.0,659.0
594.0,721.0,-55.0,-809.0,-105.0,162.0,-102.0,-288.0,237.0,561.0
568.0,587.0,-57.0,-837.0,-128.0,163.0,-137.0,-214.0,61.0,441.0
545.0,258.0,-56.0,-875.0,-145.0,146.0,-143.0,-221.0,-126.0,281.0
496.0,-229.0,-62.0,-887.0,-165.0,116.0,-119.0,-116.0,-302.0,127.0
422.0,-715.0,-68.0,-910.0,-190.0,102.0,-62.0,-79.0,-459.0,-1.0
332.0,-1031.0,-84.0,-945.0,-214.0,7.0,7.0,-27.0,-579.0,-136.0
242.0,-1051.0,-65.0,-956.0,-230.0,27.0,75.0,-42.0,-665.0,-294.0
191.0,-756.0,-79.0,-929.0,-230.0,107.0,94.0,-254.0,-685.0,-435.0
114.0,-297.0,-75.0,-872.0,-224.0,60.0,75.0,-219.0,-673.0,-556.0
55.0,208.0,-83.0,-815.0,-225.0,-13.0,47.0,-184.0,-650.0,-706.0
0.0,691.0,-88.0,-764.0,-241.0,-10.0,-10.0,-44.0,-613.0,-832.0
-47.0,1005.0,-93.0,-709.0,-269.0,73.0,-63.0,-127.0,-562.0,-900.0
-109.0,1142.0,-131.0,-653.0,-299.0,114.0,-109.0,-378.0,-506.0,-959.0
-144.0,1240.0,-115.0,-589.0,-313.0,100.0,-105.0,-243.0,-450.0,-1024.0
-144.0,1276.0,-151.0,-530.0,-305.0,71.0,-102.0,-203.0,-345.0,-1045.0
-133.0,1208.0,-166.0,-491.0,-284.0,33.0,-127.0,-175.0,-252.0,-1021.0
-141.0,1070.0,-170.0,-441.0,-252.0,14.0,-146.0,-277.0,-182.0,-999.0
-153.0,850.0,-192.0,-403.0,-198.0,46.0,-190.0,-256.0,-144.0,-966.0
-95.0,516.0,-174.0,-363.0,-116.0,92.0,-221.0,-136.0,-152.0,-884.0
-97.0,103.0,-199.0,-301.0,-26.0,52.0,-229.0,-397.0,-155.0,-778.0
-70.0,-305.0,-182.0,-256.0,49.0,-93.0,-167.0,-556.0,-156.0,-695.0
-56.0,-652.0,-172.0,-183.0,114.0,-194.0,-99.0,-607.0,-135.0,-613.0
-14.0,-810.0,-195.0,-50.0,167.0,-126.0,-63.0,-471.0,-129.0,-523.0
2.0,-796.0,-188.0,75.0,212.0,-79.0,-37.0,-441.0,-140.0,-461.0
9.0,-729.0,-219.0,159.0,256.0,-133.0,-68.0,-388.0,-171.0,-424.0
25.0,-593.0,-243.0,224.0,290.0,-121.0,-74.0,-190.0,-242.0,-385.0
-10.0,-416.0,-257.0,262.0,308.0,-77.0,-89.0,-373.0,-284.0,-337.0
-16.0,-236.0,-290.0,294.0,316.0,-68.0,-107.0,-343.0,-282.0,-319.0
-119.0,-70.0,-315.0,330.0,322.0,-83.0,-109.0,-315.0,-261.0,-309.0
-149.0,24.0,-340.0,318.0,331.0,-125.0,-144.0,-284.0,-237.0,-265.0
-192.0,52.0,-359.0,291.0,340.0,-183.0,-163.0,-123.0,-209.0,-214.0
-201.0,136.0,-379.0,297.0,338.0,-257.0,-192.0,-242.0,-156.0,-155.0
-221.0,302.0,-383.0,309.0,310.0,-236.0,-196.0,-129.0,-74.0,-75.0
-266.0,467.0,-380.0,319.0,267.0,-159.0,-164.0,-53.0,31.0,38.0
-245.0,606.0,-356.0,371.0,223.0,-123.0,-107.0,-35.0,159.0,159.0
-298.0,708.0,-324.0,428.0,177.0,-210.0,-40.0,59.0,274.0,271.0
-313.0,764.0,-314.0,418.0,121.0,-425.0,-20.0,24.0,335.0,396.0
-359.0,776.0,-277.0,400.0,46.0,-469.0,-27.0,42.0,370.0,497.0
-343.0,763.0,-233.0,380.0,-41.0,-363.0,-62.0,-22.0,377.0,557.0
-364.0,741.0,-191.0,318.0,-119.0,-281.0,-116.0,-3.0,353.0,586.0
-392.0,758.0,-139.0,256.0,-163.0,-259.0,-183.0,-133.0,323.0,598.0
-396.0,825.0,-82.0,190.0,-167.0,-335.0,-219.0,-229.0,266.0,592.0
-421.0,901.0,-44.0,100.0,-143.0,-434.0,-221.0,-107.0,201.0,555.0
-431.0,960.0,-17.0,12.0,-113.0,-473.0,-230.0,-149.0,141.0,494.0
-493.0,937.0,19.0,-42.0,-86.0,-382.0,-272.0,-60.0,100.0,444.0
-518.0,788.0,31.0,-103.0,-56.0,-302.0,-316.0,-16.0,80.0,368.0
-534.0,560.0,37.0,-190.0,-26.0,-416.0,-331.0,-27.0,59.0,248.0
-540.0,293.0,21.0,-232.0,7.0,-522.0,-325.0,-29.0,30.0,167.0
-556.0,-11.0,26.0,-262.0,40.0,-441.0,-303.0,-46.0,-15.0,71.0
-525.0,-344.0,25.0,-302.0,69.0,-345.0,-328.0,-83.0,-56.0,-57.0
-488.0,-748.0,0.0,-311.0,95.0,-340.0,-315.0,-184.0,-60.0,-154.0
-449.0,-1219.0,-3.0,-330.0,108.0,-332.0,-312.0,-53.0,-43.0,-207.0
-457.0,-1654.0,-18.0,-375.0,109.0,-283.0,-352.0,-140.0,-2.0,-234.0
-449.0,-2011.0,-27.0,-390.0,93.0,-298.0,-337.0,-245.0,33.0,-263.0
-428.0,-2229.0,-19.0,-377.0,61.0,-357.0,-356.0,-273.0,64.0,-235.0
-426.0,-2269.0,-4.0,-349.0,18.0,-316.0,-329.0,-445.0,139.0,-147.0
-371.0,-2215.0,10.0,-311.0,-20.0,-244.0,-284.0,-314.0,219.0,-46.0
-357.0,-2138.0,23.0,-284.0,-36.0,-247.0,-262.0,-247.0,277.0,81.0
-270.0,-1965.0,34.0,-273.0,-25.0,-276.0,-208.0,-133.0,328.0,247.0
-239.0,-1634.0,52.0,-246.0,5.0,-250.0,-182.0,5.0,369.0,410.0
-196.0,-1179.0,81.0,-216.0,39.0,-250.0,-175.0,-27.0,407.0,527.0
-160.0,-703.0,103.0,-183.0,55.0,-311.0,-196.0,-33.0,416.0,618.0
-126.0,-399.0,124.0,-113.0,49.0,-265.0,-220.0,-290.0,394.0,677.0
-69.0,-243.0,153.0,-55.0,29.0,-98.0,-211.0,-338.0,359.0,684.0
-68.0,-103.0,153.0,-6.0,16.0,-67.0,-182.0,-290.0,304.0,628.0
13.0,68.0,174.0,27.0,24.0,-226.0,-169.0,-301.0,221.0,561.0
88.0,368.0,179.0,37.0,45.0,-251.0,-160.0,-238.0,120.0,500.0
184.0,747.0,174.0,22.0,63.0,-154.0,-121.0,-299.0,20.0,403.0
209.0,1114.0,192.0,-60.0,70.0,-155.0,-111.0,-153.0,-68.0,320.0
252.0,1412.0,162.0,-168.0,84.0,-173.0,-141.0,-96.0,-128.0,267.0
315.0,1644.0,188.0,-252.0,109.0,-106.0,-180.0,-57.0,-186.0,229.0
325.0,1928.0,229.0,-305.0,132.0,-35.0,-188.0,-20.0,-259.0,180.0
323.0,2279.0,259.0,-356.0,149.0,-56.0,-167.0,-103.0,-322.0,138.0
305.0,2613.0,305.0,-366.0,151.0,-110.0,-178.0,-131.0,-374.0,111.0
317.0,2799.0,353.0,-334.0,135.0,-94.0,-238.0,-358.0,-430.0,46.0
308.0,2739.0,379.0,-308.0,106.0,-112.0,-296.0,-384.0,-474.0,-51.0
315.0,2447.0,378.0,-271.0,82.0,-169.0,-310.0,-369.0,-489.0,-137.0
299.0,1974.0,411.0,-262.0,67.0,-105.0,-297.0,-410.0,-501.0,-218.0
309.0,1379.0,391.0,-256.0,50.0,-76.0,-278.0,-330.0,-502.0,-312.0
268.0,748.0,387.0,-223.0,20.0,-102.0,-237.0,-336.0,-470.0,-378.0
215.0,95.0,353.0,-171.0,-15.0,-119.0,-194.0,-96.0,-434.0,-415.0
172.0,-534.0,309.0,-80.0,-38.0,-127.0,-196.0,-68.0,-398.0,-434.0
113.0,-1010.0,274.0,20.0,-48.0,-36.0,-222.0,-243.0,-359.0,-434.0
71.0,-1350.0,184.0,103.0,-59.0,-69.0,-229.0,-314.0,-331.0,-404.0
-7.0,-1543.0,119.0,180.0,-75.0,-171.0,-226.0,-447.0,-308.0,-352.0
-22.0,-1559.0,-5.0,252.0,-84.0,-125.0,-216.0,-267.0,-301.0,-318.0
-66.0,-1478.0,-96.0,311.0,-71.0,-49.0,-192.0,-210.0,-318.0,-291.0
-81.0,-1324.0,-234.0,373.0,-39.0,-83.0,-189.0,-273.0,-349.0,-258.0
-105.0,-1152.0,-377.0,435.0,-5.0,-203.0,-189.0,-92.0,-393.0,-228.0
-126.0,-1047.0,-452.0,482.0,20.0,-252.0,-151.0,9.0,-433.0,-223.0
-84.0,-983.0,-604.0,512.0,30.0,-216.0,-109.0,-105.0,-436.0,-204.0
-52.0,-945.0,-688.0,507.0,11.0,-123.0,-99.0,-258.0,-423.0,-163.0
24.0,-979.0,-800.0,517.0,-30.0,8.0,-107.0,-162.0,-423.0,-119.0
121.0,-1044.0,-888.0,519.0,-79.0,52.0,-85.0,-147.0,-422.0,-76.0
229.0,-1091.0,-926.0,470.0,-120.0,-88.0,-50.0,-182.0,-418.0,-23.0
279.0,-1033.0,-984.0,394.0,-156.0,-192.0,-14.0,-129.0,-412.0,60.0
343.0,-768.0,-968.0,298.0,-198.0,-124.0,31.0,-25.0,-413.0,130.0
391.0,-355.0,-1007.0,205.0,-233.0,-123.0,79.0,83.0,-412.0,187.0
433.0,110.0,-971.0,72.0,-250.0,-155.0,115.0,-51.0,-414.0,257.0
471.0,500.0,-927.0,-91.0,-252.0,-95.0,144.0,40.0,-419.0,309.0
453.0,702.0,-904.0,-221.0,-245.0,-40.0,158.0,123.0,-404.0,301.0
487.0,718.0,-827.0,-307.0,-233.0,-11.0,137.0,-53.0,-402.0,275.0
480.0,587.0,-808.0,-351.0,-221.0,-91.0,126.0,-256.0,-409.0,268.0
452.0,332.0,-729.0,-365.0,-208.0,-255.0,95.0,-367.0,-423.0,242.0
383.0,11.0,-695.0,-365.0,-190.0,-284.0,62.0,-269.0,-430.0,209.0
330.0,-261.0,-641.0,-366.0,-165.0,-233.0,58.0,-439.0,-439.0,209.0
308.0,-431.0,-593.0,-363.0,-141.0,-198.0,25.0,-395.0,-459.0,246.0
249.0,-468.0,-573.0,-342.0,-128.0,-180.0,10.0,-31.0,-478.0,269.0
190.0,-398.0,-483.0,-302.0,-119.0,-260.0,10.0,-9.0,-486.0,279.0
115.0,-320.0,-477.0,-250.0,-114.0,-383.0,6.0,-35.0,-482.0,295.0
48.0,-268.0,-406.0,-159.0,-100.0,-356.0,30.0,0.0,-436.0,306.0
-79.0,-277.0,-334.0,-87.0,-73.0,-204.0,65.0,121.0,-352.0,282.0
-198.0,-331.0,-322.0,-23.0,-31.0,-177.0,116.0,120.0,-275.0,235.0
-315.0,-313.0,-251.0,83.0,23.0,-301.0,144.0,-24.0,-161.0,220.0
-398.0,-223.0,-206.0,159.0,77.0,-386.0,115.0,62.0,-42.0,208.0
-500.0,-116.0,-172.0,213.0,127.0,-315.0,130.0,53.0,72.0,172.0
-616.0,72.0,-126.0,253.0,165.0,-267.0,194.0,-118.0,200.0,172.0
-680.0,324.0,-97.0,266.0,189.0,-299.0,216.0,-208.0,291.0,202.0
-758.0,523.0,-58.0,259.0,196.0,-320.0,227.0,-110.0,363.0,198.0
-801.0,662.0,-29.0,259.0,179.0,-347.0,216.0,-72.0,406.0,187.0
-883.0,716.0,1.0,282.0,145.0,-363.0,161.0,-219.0,443.0,190.0
-899.0,613.0,54.0,264.0,103.0,-368.0,128.0,-219.0,469.0,197.0
-921.0,450.0,74.0,223.0,64.0,-221.0,98.0,-253.0,474.0,177.0
-929.0,296.0,114.0,199.0,33.0,-106.0,68.0,-230.0,453.0,139.0
-921.0,153.0,129.0,107.0,8.0,-237.0,31.0,-280.0,389.0,122.0
-921.0,143.0,132.0,-12.0,-22.0,-381.0,-47.0,-375.0,305.0,100.0
-870.0,200.0,175.0,-107.0,-54.0,-342.0,-82.0,-251.0,211.0,62.0
-842.0,208.0,172.0,-243.0,-86.0,-220.0,-64.0,-297.0,116.0,32.0
-778.0,248.0,215.0,-352.0,-123.0,-193.0,-14.0,-203.0,19.0,22.0
-726.0,388.0,245.0,-429.0,-158.0,-141.0,59.0,-129.0,-63.0,-4.0
-631.0,645.0,271.0,-538.0,-182.0,-82.0,98.0,-40.0,-141.0,-32.0
-543.0,929.0,357.0,-647.0,-190.0,-148.0,91.0,197.0,-204.0,-37.0
-445.0,1108.0,389.0,-705.0,-185.0,-261.0,46.0,127.0,-244.0,-39.0
-364.0,1178.0,449.0,-715.0,-165.0,-235.0,4.0,1.0,-281.0,-59.0
-280.0,1146.0,481.0,-687.0,-134.0,-141.0,-28.0,-181.0,-308.0,-96.0
-205.0,993.0,485.0,-562.0,-101.0,-178.0,-58.0,-267.0,-315.0,-88.0
-132.0,706.0,491.0,-409.0,-67.0,-216.0,-79.0,-439.0,-290.0,-63.0
-31.0,272.0,469.0,-292.0,-34.0,-241.0,-65.0,-594.0,-265.0,-68.0
41.0,-209.0,435.0,-183.0,-2.0,-319.0,-18.0,-443.0,-231.0,-51.0
181.0,-557.0,369.0,-110.0,31.0,-376.0,-23.0,-399.0,-189.0,7.0
249.0,-704.0,336.0,-83.0,68.0,-291.0,-56.0,-288.0,-156.0,45.0
365.0,-742.0,260.0,-49.0,100.0,-103.0,-18.0,-182.0,-103.0,76.0
430.0,-775.0,211.0,-57.0,123.0,-82.0,48.0,25.0,-58.0,131.0
492.0,-825.0,163.0,-146.0,136.0,-187.0,114.0,192.0,-43.0,179.0
586.0,-912.0,70.0,-211.0,145.0,-166.0,199.0,99.0,-39.0,189.0
621.0,-989.0,28.0,-294.0,157.0,-137.0,233.0,44.0,-19.0,177.0
685.0,-955.0,-84.0,-391.0,172.0,-146.0,253.0,-114.0,-3.0,164.0
691.0,-861.0,-141.0,-466.0,182.0,-78.0,254.0,-103.0,-15.0,112.0
737.0,-813.0,-203.0,-567.0,182.0,-90.0,185.0,-188.0,-53.0,41.0
726.0,-831.0,-296.0,-611.0,174.0,-184.0,138.0,-293.0,-121.0,-35.0
721.0,-830.0,-322.0,-577.0,163.0,-239.0,126.0,-229.0,-165.0,-115.0
695.0,-697.0,-379.0,-539.0,157.0,-202.0,118.0,-301.0,-174.0,-227.0
651.0,-423.0,-376.0,-480.0,158.0,-65.0,114.0,-120.0,-181.0,-359.0
620.0,-73.0,-381.0,-364.0,157.0,-21.0,100.0,-105.0,-177.0,-448.0
545.0,312.0,-365.0,-239.0,153.0,-140.0,88.0,-140.0,-170.0,-545.0
462.0,652.0,-319.0,-96.0,138.0,-199.0,118.0,-62.0,-144.0,-631.0
354.0,808.0,-321.0,38.0,113.0,-118.0,172.0,-134.0,-118.0,-693.0
301.0,778.0,-303.0,137.0,85.0,-54.0,185.0,-101.0,-89.0,-749.0
227.0,645.0,-295.0,237.0,54.0,-24.0,206.0,-256.0,-36.0,-787.0
132.0,465.0,-288.0,295.0,33.0,2.0,222.0,-291.0,-9.0,-830.0
78.0,283.0,-301.0,376.0,30.0,-38.0,190.0,-273.0,-12.0,-839.0
69.0,124.0,-298.0,492.0,32.0,-188.0,190.0,-332.0,-23.0,-805.0
27.0,34.0,-309.0,633.0,30.0,-308.0,193.0,-208.0,-31.0,-775.0
-3.0,22.0,-342.0,762.0,15.0,-218.0,186.0,-218.0,-24.0,-734.0
-20.0,63.0,-351.0,802.0,-12.0,-133.0,191.0,-131.0,7.0,-675.0
-14.0,91.0,-407.0,820.0,-33.0,-156.0,171.0,-162.0,47.0,-614.0
-18.0,50.0,-433.0,823.0,-39.0,-39.0,171.0,-332.0,78.0,-574.0
-31.0,25.0,-461.0,818.0,-39.0,103.0,174.0,-386.0,115.0,-563.0
-18.0,50.0,-491.0,813.0,-44.0,14.0,157.0,-567.0,140.0,-558.0
-36.0,65.0,-485.0,796.0,-62.0,-158.0,136.0,-716.0,170.0,-574.0
14.0,54.0,-500.0,777.0,-93.0,-142.0,129.0,-829.0,190.0,-595.0
8.0,29.0,-489.0,748.0,-127.0,38.0,137.0,-665.0,202.0,-598.0
21.0,46.0,-495.0,743.0,-151.0,124.0,127.0,-465.0,218.0,-592.0
47.0,82.0,-481.0,764.0,-164.0,37.0,126.0,-389.0,225.0,-571.0
44.0,52.0,-434.0,757.0,-156.0,-41.0,157.0,-245.0,241.0,-533.0
26.0,-42.0,-410.0,707.0,-126.0,-35.0,180.0,-317.0,257.0,-470.0
-18.0,-126.0,-376.0,586.0,-88.0,48.0,148.0,-343.0,265.0,-379.0
-15.0,-160.0,-323.0,390.0,-52.0,160.0,138.0,-460.0,252.0,-280.0
-45.0,-177.0,-289.0,204.0,-21.0,206.0,150.0,-517.0,234.0,-161.0
-70.0,-230.0,-257.0,57.0,0.0,163.0,148.0,-447.0,197.0,-30.0
-106.0,-289.0,-182.0,-44.0,8.0,144.0,158.0,-445.0,134.0,84.0
-106.0,-312.0,-157.0,-150.0,7.0,248.0,137.0,-303.0,80.0,194.0
-112.0,-330.0,-116.0,-274.0,4.0,245.0,104.0,-273.0,24.0,292.0
-120.0,-411.0,-94.0,-324.0,5.0,62.0,67.0,-225.0,-16.0,389.0
-104.0,-589.0,-84.0,-331.0,0.0,20.0,50.0,-266.0,-53.0,477.0
-95.0,-757.0,-73.0,-325.0,-23.0,109.0,53.0,-234.0,-81.0,574.0
-55.0,-821.0,-88.0,-297.0,-62.0,137.0,55.0,-129.0,-94.0,685.0
-50.0,-735.0,-41.0,-272.0,-108.0,139.0,67.0,-284.0,-121.0,795.0
-51.0,-484.0,-48.0,-201.0,-142.0,171.0,61.0,-236.0,-149.0,901.0
-21.0,-228.0,-9.0,-69.0,-161.0,234.0,42.0,-232.0,-177.0,991.0
24.0,-41.0,28.0,54.0,-175.0,247.0,31.0,-147.0,-188.0,1071.0
48.0,142.0,38.0,191.0,-189.0,194.0,54.0,-46.0,-192.0,1106.0
54.0,292.0,61.0,316.0,-205.0,129.0,79.0,-134.0,-208.0,1108.0
61.0,325.0,58.0,375.0,-214.0,165.0,76.0,5.0,-242.0,1080.0
80.0,226.0,95.0,366.0,-205.0,179.0,98.0,-81.0,-318.0,1036.0
69.0,32.0,90.0,265.0,-182.0,20.0,163.0,-103.0,-410.0,984.0
51.0,-180.0,122.0,107.0,-153.0,-60.0,216.0,-97.0,-499.0,930.0
54.0,-339.0,138.0,-37.0,-121.0,-46.0,244.0,-256.0,-565.0,906.0
77.0,-468.0,129.0,-175.0,-89.0,-57.0,239.0,-251.0,-614.0,887.0
74.0,-584.0,143.0,-327.0,-57.0,-87.0,197.0,-308.0,-647.0,883.0
34.0,-684.0,95.0,-453.0,-23.0,-53.0,146.0,-214.0,-644.0,886.0
25.0,-744.0,98.0,-565.0,8.0,1.0,137.0,-155.0,-623.0,905.0
12.0,-694.0,31.0,-637.0,37.0,-54.0,191.0,-49.0,-602.0,924.0
12.0,-584.0,-31.0,-646.0,60.0,-88.0,244.0,7.0,-565.0,927.0
-9.0,-493.0,-48.0,-636.0,77.0,-43.0,271.0,-99.0,-505.0,942.0
-22.0,-442.0,-148.0,-588.0,87.0,16.0,290.0,53.0,-444.0,949.0
-15.0,-403.0,-188.0,-535.0,77.0,-23.0,311.0,125.0,-386.0,954.0
-17.0,-296.0,-248.0,-485.0,44.0,-89.0,293.0,127.0,-342.0,965.0
-36.0,-109.0,-295.0,-444.0,2.0,-83.0,227.0,86.0,-305.0,989.0
-53.0,74.0,-309.0,-388.0,-38.0,-86.0,175.0,-48.0,-250.0,1011.0
-38.0,225.0,-326.0,-292.0,-66.0,-102.0,143.0,-195.0,-189.0,1024.0
-55.0,355.0,-318.0,-231.0,-81.0,-129.0,141.0,-336.0,-122.0,1059.0
-61.0,427.0,-311.0,-201.0,-88.0,-73.0,157.0,-247.0,-68.0,1058.0
-74.0,440.0,-288.0,-224.0,-94.0,-75.0,149.0,-105.0,-22.0,1025.0
-55.0,438.0,-286.0,-262.0,-96.0,-111.0,115.0,48.0,28.0,972.0
-60.0,448.0,-254.0,-245.0,-86.0,0.0,106.0,162.0,106.0,889.0
-90.0,494.0,-234.0,-169.0,-66.0,18.0,119.0,192.0,219.0,795.0
-93.0,598.0,-222.0,-57.0,-42.0,-60.0,158.0,291.0,316.0,670.0
-114.0,712.0,-197.0,20.0,-15.0,-110.0,205.0,264.0,383.0,559.0
-110.0,808.0,-182.0,132.0,19.0,-156.0,204.0,284.0,414.0,447.0
-100.0,881.0,-173.0,252.0,60.0,-257.0,180.0,312.0,403.0,310.0
-55.0,907.0,-157.0,320.0,100.0,-310.0,154.0,236.0,367.0,174.0
0.0,935.0,-177.0,396.0,124.0,-188.0,135.0,155.0,322.0,37.0
54.0,926.0,-180.0,416.0,134.0,-61.0,107.0,-11.0,267.0,-100.0
96.0,785.0,-191.0,416.0,145.0,-46.0,65.0,22.0,218.0,-238.0
125.0,555.0,-246.0,410.0,151.0,-66.0,0.0,24.0,173.0,-348.0
172.0,326.0,-228.0,376.0,133.0,-66.0,-51.0,-7.0,146.0,-437.0
207.0,94.0,-281.0,366.0,85.0,-75.0,-38.0,53.0,142.0,-514.0
226.0,-176.0,-264.0,370.0,31.0,-63.0,1.0,145.0,127.0,-565.0
253.0,-471.0,-230.0,407.0,-8.0,2.0,48.0,347.0,111.0,-602.0
276.0,-775.0,-251.0,439.0,-26.0,100.0,71.0,330.0,93.0,-620.0
298.0,-1022.0,-206.0,430.0,-33.0,127.0,68.0,345.0,78.0,-648.0
279.0,-1169.0,-214.0,411.0,-41.0,76.0,43.0,245.0,77.0,-689.0
251.0,-1243.0,-192.0,392.0,-49.0,89.0,6.0,60.0,96.0,-723.0
234.0,-1255.0,-184.0,371.0,-52.0,190.0,-15.0,-38.0,126.0,-771.0
157.0,-1285.0,-148.0,373.0,-50.0,187.0,-37.0,-334.0,166.0,-824.0
96.0,-1367.0,-119.0,402.0,-51.0,77.0,-60.0,-336.0,225.0,-898.0
1.0,-1367.0,-89.0,414.0,-59.0,125.0,-54.0,-336.0,295.0,-965.0
-35.0,-1251.0,-26.0,369.0,-60.0,208.0,-47.0,-304.0,371.0,-1031.0
-85.0,-1104.0,-11.0,282.0,-49.0,163.0,-81.0,-105.0,435.0,-1128.0
-143.0,-949.0,58.0,216.0,-29.0,134.0,-100.0,-145.0,484.0,-1210.0
-163.0,-779.0,109.0,152.0,-8.0,162.0,-101.0,-18.0,515.0,-1301.0
-214.0,-598.0,148.0,70.0,9.0,122.0,-72.0,25.0,517.0,-1418.0
-194.0,-418.0,221.0,-13.0,23.0,89.0,-41.0,7.0,515.0,-1548.0
-235.0,-215.0,262.0,-83.0,40.0,158.0,-52.0,-7.0,518.0,-1687.0
-236.0,17.0,298.0,-126.0,60.0,224.0,-61.0,-75.0,504.0,-1836.0
-236.0,215.0,303.0,-152.0,81.0,233.0,-88.0,-84.0,457.0,-2008.0
-202.0,404.0,317.0,-143.0,100.0,198.0,-109.0,-295.0,386.0,-2187.0
-192.0,651.0,332.0,-131.0,119.0,181.0,-127.0,-310.0,303.0,-2322.0
-197.0,882.0,346.0,-135.0,145.0,179.0,-165.0,-423.0,201.0,-2429.0
-157.0,1053.0,395.0,-169.0,173.0,150.0,-163.0,-497.0,98.0,-2503.0
-163.0,1163.0,420.0,-254.0,191.0,221.0,-134.0,-367.0,-4.0,-2505.0
-140.0,1151.0,479.0,-321.0,199.0,432.0,-123.0,-380.0,-114.0,-2463.0
-164.0,988.0,507.0,-387.0,190.0,451.0,-136.0,-240.0,-223.0,-2368.0
-117.0,712.0,526.0,-444.0,167.0,289.0,-144.0,-223.0,-314.0,-2238.0
-89.0,349.0,538.0,-449.0,131.0,254.0,-150.0,-118.0,-357.0,-2062.0
-52.0,-94.0,518.0,-466.0,76.0,277.0,-168.0,-68.0,-360.0,-1853.0
-41.0,-522.0,493.0,-487.0,13.0,238.0,-193.0,-145.0,-322.0,-1658.0
-7.0,-829.0,395.0,-453.0,-39.0,232.0,-242.0,-42.0,-243.0,-1454.0
44.0,-976.0,320.0,-357.0,-74.0,294.0,-293.0,-97.0,-146.0,-1244.0
52.0,-956.0,224.0,-267.0,-96.0,292.0,-303.0,-59.0,-21.0,-1040.0
112.0,-828.0,98.0,-159.0,-112.0,231.0,-269.0,-94.0,119.0,-846.0
153.0,-641.0,2.0,-45.0,-132.0,189.0,-188.0,-120.0,268.0,-645.0
243.0,-436.0,-122.0,34.0,-151.0,178.0,-115.0,107.0,406.0,-430.0
261.0,-262.0,-275.0,141.0,-151.0,183.0,-85.0,114.0,504.0,-213.0
296.0,-117.0,-408.0,207.0,-124.0,244.0,-70.0,22.0,564.0,-1.0
310.0,-28.0,-522.0,255.0,-83.0,265.0,-79.0,-64.0,602.0,215.0
320.0,-52.0,-600.0,314.0,-49.0,173.0,-93.0,-3.0,633.0,424.0
307.0,-181.0,-651.0,323.0,-20.0,163.0,-101.0,96.0,647.0,611.0
279.0,-317.0,-686.0,320.0,8.0,204.0,-116.0,-38.0,646.0,769.0
270.0,-434.0,-669.0,329.0,30.0,283.0,-148.0,-53.0,629.0,901.0
210.0,-564.0,-640.0,334.0,37.0,365.0,-177.0,-64.0,578.0,1019.0
166.0,-634.0,-567.0,316.0,22.0,286.0,-176.0,-42.0,514.0,1116.0
94.0,-574.0,-472.0,257.0,-13.0,236.0,-158.0,-59.0,414.0,1221.0
76.0,-362.0,-378.0,197.0,-47.0,310.0,-123.0,-86.0,293.0,1337.0
-30.0,8.0,-273.0,131.0,-66.0,391.0,-102.0,-9.0,159.0,1444.0
-82.0,546.0,-186.0,34.0,-71.0,373.0,-70.0,0.0,-1.0,1556.0
-133.0,1225.0,-102.0,-37.0,-68.0,229.0,-37.0,153.0,-157.0,1672.0
-168.0,1906.0,-55.0,-76.0,-68.0,194.0,-33.0,116.0,-317.0,1784.0
-178.0,2417.0,15.0,-89.0,-64.0,310.0,-7.0,219.0,-456.0,1897.0
-254.0,2698.0,63.0,-47.0,-55.0,334.0,21.0,290.0,-556.0,2020.0
-258.0,2836.0,70.0,28.0,-51.0,240.0,43.0,46.0,-658.0,2151.0
-315.0,2880.0,98.0,81.0,-46.0,184.0,59.0,24.0,-735.0,2257.0
-323.0,2779.0,105.0,90.0,-41.0,244.0,87.0,-35.0,-780.0,2335.0
-386.0,2538.0,101.0,72.0,-33.0,325.0,132.0,12.0,-800.0,2384.0
-427.0,2223.0,94.0,47.0,-12.0,339.0,179.0,-86.0,-776.0,2376.0
-429.0,1881.0,100.0,-3.0,9.0,302.0,186.0,-131.0,-740.0,2312.0
-434.0,1508.0,84.0,-67.0,18.0,253.0,124.0,3.0,-680.0,2193.0
-431.0,1058.0,64.0,-98.0,19.0,213.0,34.0,-1.0,-602.0,2048.0
-450.0,537.0,47.0,-153.0,29.0,208.0,-32.0,214.0,-530.0,1866.0
-400.0,59.0,33.0,-207.0,51.0,281.0,-35.0,249.0,-435.0,1667.0
-366.0,-293.0,27.0,-187.0,71.0,338.0,11.0,330.0,-326.0,1475.0
-323.0,-562.0,31.0,-141.0,78.0,335.0,56.0,421.0,-214.0,1283.0
-288.0,-759.0,50.0,-114.0,67.0,287.0,85.0,369.0,-100.0,1106.0
-208.0,-879.0,61.0,-96.0,46.0,193.0,105.0,491.0,0.0,902.0
-148.0,-1001.0,94.0,-55.0,21.0,156.0,127.0,400.0,80.0,733.0
-71.0,-1166.0,125.0,0.0,-7.0,175.0,151.0,352.0,128.0,557.0
27.0,-1391.0,162.0,78.0,-36.0,200.0,162.0,260.0,150.0,362.0
101.0,-1712.0,183.0,169.0,-50.0,182.0,167.0,138.0,159.0,199.0
161.0,-2044.0,200.0,235.0,-47.0,104.0,150.0,212.0,136.0,22.0
187.0,-2248.0,219.0,282.0,-36.0,121.0,130.0,118.0,78.0,-144.0
231.0,-2250.0,203.0,301.0,-33.0,202.0,116.0,208.0,-13.0,-322.0
234.0,-2070.0,176.0,317.0,-39.0,143.0,99.0,343.0,-129.0,-478.0
257.0,-1824.0,154.0,352.0,-40.0,75.0,94.0,345.0,-277.0,-608.0
259.0,-1623.0,115.0,349.0,-22.0,135.0,73.0,404.0,-460.0,-733.0
255.0,-1464.0,49.0,294.0,9.0,81.0,57.0,339.0,-649.0,-838.0
245.0,-1299.0,-4.0,218.0,33.0,-64.0,60.0,321.0,-815.0,-921.0
220.0,-1157.0,-84.0,139.0,41.0,-87.0,41.0,354.0,-950.0,-956.0
216.0,-1099.0,-187.0,83.0,36.0,35.0,20.0,473.0,-1031.0,-986.0
180.0,-1123.0,-270.0,62.0,30.0,109.0,28.0,463.0,-1028.0,-973.0
164.0,-1143.0,-350.0,55.0,25.0,4.0,54.0,426.0,-959.0,-920.0
124.0,-1053.0,-440.0,58.0,13.0,29.0,90.0,533.0,-841.0,-857.0
89.0,-848.0,-477.0,137.0,0.0,187.0,118.0,521.0,-684.0,-780.0
51.0,-585.0,-519.0,259.0,-2.0,136.0,139.0,550.0,-507.0,-696.0
23.0,-238.0,-558.0,363.0,8.0,-30.0,165.0,378.0,-323.0,-594.0
0.0,162.0,-545.0,465.0,21.0,6.0,177.0,286.0,-134.0,-534.0
-40.0,526.0,-544.0,555.0,22.0,133.0,200.0,308.0,64.0,-502.0
-40.0,857.0,-510.0,622.0,17.0,79.0,246.0,240.0,271.0,-488.0
-52.0,1130.0,-461.0,629.0,15.0,24.0,233.0,332.0,479.0,-504.0
-49.0,1222.0,-380.0,608.0,14.0,23.0,155.0,236.0,673.0,-551.0
-71.0,1136.0,-280.0,534.0,13.0,-43.0,76.0,236.0,854.0,-614.0
-84.0,996.0,-179.0,403.0,10.0,-65.0,39.0,369.0,1032.0,-647.0
-75.0,848.0,-70.0,244.0,-5.0,25.0,58.0,497.0,1213.0,-681.0
-62.0,695.0,24.0,29.0,-31.0,150.0,102.0,630.0,1358.0,-718.0
-15.0,513.0,129.0,-188.0,-60.0,167.0,119.0,617.0,1448.0,-748.0
13.0,305.0,223.0,-378.0,-79.0,98.0,123.0,687.0,1501.0,-783.0
96.0,116.0,315.0,-538.0,-85.0,106.0,117.0,585.0,1517.0,-825.0
172.0,-38.0,408.0,-678.0,-78.0,217.0,110.0,463.0,1493.0,-864.0
244.0,-140.0,500.0,-781.0,-65.0,205.0,123.0,389.0,1425.0,-875.0
311.0,-162.0,585.0,-878.0,-51.0,134.0,146.0,230.0,1325.0,-855.0
389.0,-98.0,673.0,-924.0,-41.0,224.0,185.0,266.0,1195.0,-819.0
480.0,0.0,739.0,-918.0,-45.0,271.0,172.0,181.0,1029.0,-754.0
554.0,83.0,772.0,-870.0,-51.0,237.0,112.0,158.0,855.0,-644.0
650.0,147.0,818.0,-743.0,-50.0,196.0,76.0,181.0,670.0,-532.0
740.0,140.0,816.0,-647.0,-47.0,145.0,59.0,131.0,477.0,-422.0
834.0,15.0,777.0,-500.0,-46.0,116.0,51.0,216.0,278.0,-303.0
863.0,-163.0,749.0,-335.0,-47.0,126.0,41.0,197.0,103.0,-173.0
898.0,-296.0,678.0,-202.0,-41.0,166.0,18.0,251.0,-31.0,-57.0
886.0,-384.0,604.0,-47.0,-29.0,142.0,2.0,242.0,-131.0,17.0
858.0,-471.0,530.0,62.0,-17.0,127.0,5.0,267.0,-160.0,101.0
797.0,-552.0,455.0,145.0,-6.0,183.0,16.0,336.0,-147.0,165.0
724.0,-620.0,378.0,183.0,5.0,243.0,19.0,275.0,-112.0,175.0
689.0,-701.0,266.0,179.0,17.0,165.0,-6.0,400.0,-29.0,189.0
568.0,-757.0,191.0,164.0,34.0,-58.0,3.0,365.0,68.0,213.0
509.0,-728.0,111.0,153.0,55.0,-141.0,60.0,321.0,169.0,228.0
390.0,-653.0,18.0,134.0,66.0,1.0,68.0,249.0,286.0,228.0
304.0,-578.0,-40.0,87.0,62.0,154.0,49.0,195.0,389.0,264.0
216.0,-519.0,-99.0,0.0,50.0,179.0,32.0,301.0,463.0,325.0
106.0,-531.0,-136.0,-70.0,43.0,106.0,18.0,134.0,510.0,368.0
44.0,-672.0,-172.0,-110.0,51.0,6.0,32.0,92.0,520.0,426.0
-32.0,-870.0,-195.0,-182.0,64.0,-87.0,57.0,64.0,511.0,496.0
-36.0,-1014.0,-215.0,-223.0,68.0,-65.0,50.0,90.0,462.0,567.0
-85.0,-1089.0,-243.0,-243.0,57.0,25.0,6.0,245.0,357.0,609.0
-115.0,-1148.0,-276.0,-311.0,45.0,40.0,-40.0,288.0,232.0,643.0
-130.0,-1205.0,-304.0,-370.0,45.0,6.0,-77.0,388.0,75.0,684.0
-131.0,-1171.0,-324.0,-374.0,57.0,-81.0,-81.0,375.0,-100.0,686.0
-151.0,-1012.0,-347.0,-370.0,70.0,-114.0,-56.0,375.0,-264.0,671.0
-171.0,-785.0,-356.0,-332.0,75.0,-79.0,-40.0,319.0,-409.0,662.0
-200.0,-549.0,-376.0,-303.0,74.0,-41.0,-34.0,352.0,-528.0,645.0
-214.0,-316.0,-389.0,-288.0,65.0,-26.0,-10.0,384.0,-642.0,600.0
-224.0,-56.0,-389.0,-247.0,49.0,-47.0,33.0,214.0,-729.0,534.0
-251.0,240.0,-377.0,-196.0,20.0,-68.0,38.0,271.0,-769.0,453.0
-225.0,575.0,-358.0,-124.0,-20.0,-118.0,-3.0,269.0,-766.0,364.0
-246.0,940.0,-311.0,-62.0,-58.0,-122.0,-74.0,325.0,-746.0,253.0
-233.0,1301.0,-241.0,16.0,-83.0,-110.0,-125.0,328.0,-725.0,143.0
-284.0,1591.0,-175.0,94.0,-94.0,-102.0,-136.0,203.0,-689.0,67.0
-306.0,1733.0,-54.0,178.0,-95.0,-108.0,-121.0,356.0,-637.0,-15.0
-315.0,1710.0,51.0,259.0,-93.0,-86.0,-63.0,338.0,-549.0,-82.0
-323.0,1564.0,160.0,294.0,-88.0,-70.0,-53.0,314.0,-452.0,-127.0
-301.0,1387.0,302.0,315.0,-72.0,-168.0,-68.0,297.0,-365.0,-141.0
-318.0,1307.0,387.0,297.0,-50.0,-171.0,-60.0,218.0,-257.0,-143.0
-293.0,1315.0,496.0,269.0,-20.0,-110.0,-36.0,286.0,-162.0,-145.0
-316.0,1258.0,598.0,294.0,18.0,-147.0,17.0,197.0,-100.0,-106.0
-336.0,1099.0,658.0,338.0,69.0,-227.0,32.0,197.0,-57.0,-63.0
-360.0,943.0,737.0,365.0,129.0,-203.0,19.0,242.0,-41.0,-32.0
-365.0,828.0,788.0,387.0,182.0,-195.0,-14.0,254.0,-36.0,-5.0
-401.0,725.0,811.0,446.0,213.0,-348.0,-58.0,295.0,-37.0,31.0
-434.0,595.0,814.0,515.0,219.0,-456.0,-70.0,347.0,-60.0,55.0
-425.0,408.0,790.0,550.0,215.0,-406.0,-59.0,556.0,-106.0,44.0
-426.0,261.0,756.0,582.0,204.0,-330.0,-48.0,589.0,-180.0,31.0
-415.0,265.0,709.0,591.0,183.0,-424.0,-31.0,685.0,-279.0,18.0
-408.0,409.0,641.0,595.0,163.0,-524.0,-3.0,783.0,-380.0,-11.0
-368.0,603.0,556.0,603.0,146.0,-462.0,-22.0,742.0,-481.0,-52.0
-331.0,774.0,476.0,585.0,128.0,-392.0,-43.0,737.0,-554.0,-84.0
-282.0,924.0,397.0,580.0,99.0,-411.0,-46.0,606.0,-596.0,-110.0
-219.0,1043.0,294.0,573.0,59.0,-404.0,-75.0,585.0,-625.0,-129.0
-145.0,1067.0,221.0,530.0,16.0,-322.0,-104.0,497.0,-626.0,-157.0
-57.0,960.0,146.0,487.0,-24.0,-357.0,-150.0,395.0,-607.0,-181.0
12.0,762.0,63.0,508.0,-70.0,-474.0,-201.0,323.0,-561.0,-189.0
59.0,507.0,4.0,536.0,-129.0,-459.0,-200.0,314.0,-504.0,-211.0
96.0,197.0,-71.0,550.0,-204.0,-351.0,-182.0,532.0,-432.0,-219.0
127.0,-120.0,-117.0,581.0,-279.0,-324.0,-171.0,485.0,-335.0,-207.0
166.0,-329.0,-166.0,615.0,-342.0,-367.0,-152.0,393.0,-224.0,-192.0
172.0,-339.0,-191.0,653.0,-388.0,-390.0,-135.0,339.0,-101.0,-164.0
213.0,-232.0,-216.0,716.0,-411.0,-392.0,-112.0,349.0,-3.0,-114.0
223.0,-128.0,-232.0,763.0,-412.0,-315.0,-101.0,471.0,77.0,-66.0
193.0,-34.0,-225.0,766.0,-396.0,-239.0,-91.0,376.0,156.0,-36.0
199.0,59.0,-243.0,788.0,-366.0,-302.0,-77.0,402.0,213.0,5.0
165.0,131.0,-212.0,815.0,-331.0,-387.0,-54.0,482.0,265.0,41.0
169.0,186.0,-186.0,812.0,-301.0,-400.0,-7.0,583.0,318.0,64.0
135.0,259.0,-160.0,774.0,-280.0,-273.0,18.0,659.0,351.0,88.0
130.0,363.0,-94.0,713.0,-261.0,-196.0,34.0,439.0,363.0,104.0
133.0,529.0,-49.0,611.0,-231.0,-296.0,10.0,271.0,351.0,117.0
124.0,768.0,-18.0,466.0,-183.0,-309.0,-25.0,121.0,334.0,108.0
143.0,1002.0,38.0,276.0,-128.0,-263.0,-38.0,90.0,311.0,89.0
165.0,1135.0,80.0,58.0,-80.0,-294.0,-45.0,133.0,299.0,61.0
197.0,1123.0,115.0,-123.0,-42.0,-352.0,-3.0,101.0,302.0,26.0
202.0,939.0,169.0,-308.0,-7.0,-242.0,45.0,223.0,297.0,-4.0
246.0,637.0,198.0,-467.0,26.0,-32.0,88.0,210.0,291.0,-25.0
248.0,354.0,226.0,-595.0,60.0,-22.0,118.0,223.0,263.0,-41.0
295.0,148.0,217.0,-717.0,98.0,-95.0,142.0,240.0,238.0,-63.0
309.0,2.0,205.0,-795.0,139.0,-47.0,192.0,288.0,247.0,-58.0
299.0,-109.0,190.0,-845.0,183.0,50.0,225.0,447.0,274.0,-22.0
307.0,-205.0,141.0,-900.0,215.0,58.0,233.0,400.0,326.0,21.0
314.0,-340.0,101.0,-923.0,225.0,-8.0,230.0,432.0,405.0,66.0
333.0,-597.0,65.0,-945.0,219.0,-62.0,251.0,445.0,508.0,137.0
324.0,-951.0,9.0,-982.0,207.0,-27.0,283.0,530.0,608.0,220.0
341.0,-1273.0,-44.0,-949.0,199.0,-32.0,316.0,509.0,708.0,299.0
328.0,-1477.0,-99.0,-906.0,187.0,-69.0,364.0,358.0,820.0,384.0
319.0,-1597.0,-145.0,-857.0,167.0,22.0,392.0,382.0,943.0,467.0
267.0,-1719.0,-179.0,-776.0,149.0,14.0,407.0,277.0,1073.0,540.0
222.0,-1832.0,-228.0,-706.0,147.0,-63.0,394.0,360.0,1176.0,592.0
179.0,-1894.0,-243.0,-640.0,158.0,-52.0,397.0,365.0,1251.0,627.0
138.0,-1884.0,-263.0,-626.0,174.0,-39.0,419.0,347.0,1295.0,663.0
99.0,-1763.0,-278.0,-605.0,185.0,-10.0,414.0,463.0,1311.0,685.0
39.0,-1508.0,-277.0,-514.0,181.0,-29.0,400.0,345.0,1302.0,688.0
4.0,-1154.0,-249.0,-456.0,166.0,-102.0,386.0,295.0,1260.0,709.0
-33.0,-791.0,-226.0,-434.0,150.0,-114.0,372.0,118.0,1186.0,748.0
-57.0,-465.0,-207.0,-423.0,139.0,-165.0,331.0,114.0,1072.0,785.0
-104.0,-151.0,-157.0,-453.0,137.0,-260.0,316.0,210.0,924.0,797.0
-120.0,205.0,-130.0,-499.0,143.0,-208.0,341.0,175.0,754.0,829.0
-131.0,638.0,-81.0,-535.0,165.0,-119.0,373.0,328.0,570.0,854.0
-103.0,1064.0,-23.0,-546.0,207.0,-141.0,422.0,291.0,391.0,851.0
-69.0,1302.0,27.0,-546.0,255.0,-190.0,439.0,360.0,221.0,855.0
-18.0,1280.0,62.0,-532.0,288.0,-164.0,435.0,437.0,61.0,856.0
33.0,1181.0,106.0,-533.0,303.0,-77.0,434.0,437.0,-44.0,858.0
65.0,1153.0,153.0,-528.0,306.0,-114.0,421.0,478.0,-100.0,832.0
132.0,1117.0,192.0,-458.0,300.0,-177.0,401.0,310.0,-95.0,809.0
138.0,964.0,240.0,-366.0,295.0,-166.0,380.0,334.0,-48.0,797.0
170.0,652.0,268.0,-266.0,292.0,-200.0,355.0,286.0,1.0,740.0
183.0,240.0,340.0,-141.0,281.0,-187.0,353.0,236.0,76.0,681.0
202.0,-112.0,403.0,17.0,256.0,-133.0,347.0,297.0,139.0,641.0
185.0,-246.0,469.0,154.0,223.0,-108.0,316.0,201.0,209.0,587.0
159.0,-191.0,579.0,306.0,187.0,-124.0,291.0,157.0,278.0,519.0
156.0,-114.0,670.0,479.0,148.0,-112.0,274.0,44.0,332.0,449.0
130.0,-59.0,762.0,591.0,97.0,-49.0,285.0,-42.0,390.0,386.0
133.0,42.0,863.0,720.0,23.0,-89.0,289.0,-133.0,422.0,327.0
81.0,232.0,943.0,846.0,-75.0,-192.0,284.0,-158.0,435.0,244.0
68.0,467.0,1005.0,897.0,-171.0,-279.0,283.0,-5.0,436.0,161.0
58.0,669.0,1064.0,925.0,-240.0,-308.0,263.0,149.0,413.0,98.0
60.0,780.0,1108.0,949.0,-271.0,-372.0,266.0,282.0,363.0,3.0
68.0,808.0,1154.0,923.0,-266.0,-417.0,283.0,199.0,302.0,-135.0
49.0,791.0,1139.0,898.0,-242.0,-354.0,243.0,243.0,236.0,-261.0
62.0,761.0,1117.0,872.0,-219.0,-414.0,168.0,354.0,137.0,-392.0
75.0,699.0,1090.0,783.0,-208.0,-456.0,109.0,332.0,1.0,-553.0
72.0,504.0,1021.0,680.0,-200.0,-430.0,87.0,325.0,-135.0,-688.0
62.0,127.0,978.0,568.0,-181.0,-388.0,91.0,84.0,-265.0,-791.0
72.0,-310.0,904.0,461.0,-143.0,-285.0,82.0,27.0,-390.0,-859.0
73.0,-651.0,841.0,366.0,-92.0,-281.0,49.0,60.0,-513.0,-931.0
85.0,-842.0,784.0,271.0,-40.0,-273.0,22.0,36.0,-645.0,-967.0
65.0,-900.0,715.0,212.0,7.0,-216.0,48.0,88.0,-751.0,-946.0
44.0,-793.0,662.0,165.0,60.0,-283.0,97.0,81.0,-812.0,-942.0
35.0,-517.0,599.0,101.0,117.0,-376.0,123.0,234.0,-833.0,-898.0
33.0,-179.0,541.0,59.0,161.0,-361.0,109.0,188.0,-826.0,-827.0
2.0,118.0,489.0,38.0,191.0,-270.0,54.0,173.0,-800.0,-752.0
-30.0,312.0,429.0,39.0,207.0,-235.0,-4.0,243.0,-758.0,-691.0
-41.0,312.0,393.0,51.0,216.0,-398.0,-57.0,131.0,-726.0,-641.0
-86.0,139.0,354.0,59.0,217.0,-470.0,-97.0,118.0,-708.0,-553.0
-106.0,14.0,302.0,60.0,201.0,-366.0,-128.0,96.0,-704.0,-498.0
-152.0,69.0,277.0,5.0,170.0,-273.0,-149.0,194.0,-703.0,-482.0
-170.0,247.0,232.0,-54.0,121.0,-227.0,-151.0,249.0,-695.0,-429.0
-195.0,503.0,196.0,-122.0,59.0,-288.0,-155.0,262.0,-683.0,-379.0
-214.0,835.0,169.0,-168.0,-5.0,-287.0,-153.0,395.0,-660.0,-365.0
-210.0,1170.0,129.0,-189.0,-62.0,-281.0,-154.0,393.0,-633.0,-326.0
-192.0,1461.0,98.0,-249.0,-106.0,-348.0,-176.0,321.0,-578.0,-266.0
-150.0,1751.0,60.0,-267.0,-142.0,-388.0,-194.0,236.0,-507.0,-193.0
-144.0,1972.0,23.0,-263.0,-180.0,-380.0,-190.0,323.0,-438.0,-121.0
-108.0,1960.0,-21.0,-242.0,-220.0,-275.0,-181.0,362.0,-358.0,-48.0
-76.0,1669.0,-51.0,-200.0,-251.0,-149.0,-211.0,223.0,-292.0,57.0
-22.0,1144.0,-59.0,-96.0,-262.0,-133.0,-252.0,245.0,-207.0,135.0
8.0,460.0,-65.0,10.0,-254.0,-196.0,-291.0,218.0,-107.0,187.0
49.0,-152.0,-65.0,55.0,-230.0,-185.0,-322.0,169.0,-9.0,239.0
109.0,-437.0,-47.0,117.0,-202.0,-143.0,-317.0,75.0,92.0,261.0
150.0,-346.0,-29.0,155.0,-181.0,-180.0,-327.0,24.0,192.0,233.0
190.0,8.0,-20.0,190.0,-170.0,-231.0,-358.0,218.0,300.0,194.0
234.0,424.0,-2.0,217.0,-165.0,-207.0,-381.0,254.0,413.0,174.0
300.0,735.0,-9.0,265.0,-157.0,-131.0,-379.0,275.0,522.0,131.0
328.0,908.0,16.0,347.0,-148.0,-62.0,-362.0,291.0,605.0,64.0
368.0,967.0,19.0,401.0,-151.0,-145.0,-335.0,293.0,686.0,9.0
398.0,914.0,18.0,422.0,-154.0,-208.0,-314.0,301.0,753.0,-35.0
433.0,758.0,56.0,432.0,-144.0,-53.0,-321.0,101.0,815.0,-104.0
443.0,517.0,19.0,507.0,-136.0,33.0,-320.0,51.0,887.0,-211.0
446.0,178.0,61.0,573.0,-129.0,28.0,-311.0,103.0,926.0,-299.0
418.0,-210.0,36.0,543.0,-113.0,39.0,-317.0,110.0,952.0,-393.0
381.0,-562.0,-1.0,516.0,-82.0,81.0,-326.0,70.0,952.0,-527.0
351.0,-860.0,4.0,507.0,-51.0,69.0,-319.0,190.0,930.0,-620.0
288.0,-1147.0,-81.0,508.0,-44.0,32.0,-311.0,314.0,907.0,-669.0
257.0,-1435.0,-66.0,536.0,-55.0,60.0,-298.0,134.0,881.0,-711.0
188.0,-1753.0,-137.0,547.0,-60.0,-42.0,-278.0,94.0,845.0,-723.0
169.0,-2098.0,-163.0,558.0,-40.0,-148.0,-270.0,-48.0,790.0,-685.0
96.0,-2409.0,-157.0,521.0,4.0,-141.0,-288.0,-64.0,755.0,-610.0
44.0,-2649.0,-233.0,484.0,68.0,-89.0,-321.0,48.0,711.0,-534.0
3.0,-2834.0,-202.0,441.0,143.0,-2.0,-319.0,-20.0,665.0,-431.0
-62.0,-2960.0,-217.0,362.0,224.0,70.0,-280.0,77.0,637.0,-276.0
-60.0,-2922.0,-225.0,295.0,302.0,147.0,-229.0,49.0,618.0,-130.0
-114.0,-2656.0,-204.0,250.0,369.0,161.0,-191.0,79.0,602.0,-17.0
-91.0,-2201.0,-197.0,231.0,423.0,71.0,-172.0,57.0,600.0,105.0
-99.0,-1638.0,-189.0,194.0,447.0,5.0,-162.0,20.0,635.0,209.0
-102.0,-1027.0,-179.0,190.0,427.0,66.0,-143.0,245.0,684.0,269.0
-110.0,-453.0,-166.0,200.0,370.0,77.0,-125.0,181.0,741.0,315.0
-126.0,-37.0,-152.0,190.0,292.0,39.0,-145.0,51.0,778.0,378.0
-97.0,230.0,-135.0,169.0,209.0,91.0,-158.0,57.0,801.0,450.0
-133.0,441.0,-109.0,124.0,131.0,136.0,-148.0,133.0,838.0,505.0
-122.0,656.0,-53.0,55.0,48.0,158.0,-135.0,107.0,847.0,567.0
-130.0,878.0,-43.0,-3.0,-42.0,95.0,-130.0,-62.0,803.0,630.0
-122.0,1059.0,7.0,-63.0,-133.0,89.0,-145.0,44.0,731.0,665.0
-120.0,1158.0,33.0,-111.0,-204.0,207.0,-156.0,105.0,647.0,665.0
-162.0,1178.0,33.0,-159.0,-233.0,198.0,-169.0,133.0,539.0,673.0
-183.0,1124.0,87.0,-219.0,-212.0,164.0,-178.0,201.0,410.0,659.0
-220.0,987.0,73.0,-195.0,-142.0,235.0,-177.0,149.0,263.0,585.0
-251.0,826.0,103.0,-151.0,-29.0,283.0,-158.0,279.0,128.0,494.0
-286.0,722.0,115.0,-126.0,99.0,287.0,-113.0,234.0,-3.0,394.0
-309.0,722.0,128.0,-89.0,198.0,342.0,-73.0,158.0,-143.0,282.0
-311.0,840.0,180.0,-58.0,241.0,461.0,-46.0,238.0,-253.0,167.0
-344.0,975.0,197.0,-12.0,242.0,514.0,-30.0,238.0,-335.0,88.0
-384.0,1022.0,263.0,6.0,233.0,413.0,-28.0,190.0,-404.0,55.0
-423.0,1024.0,317.0,-15.0,239.0,325.0,-34.0,59.0,-457.0,37.0
-447.0,1027.0,372.0,-30.0,255.0,316.0,-35.0,157.0,-488.0,38.0
-435.0,1056.0,421.0,-20.0,270.0,280.0,-31.0,140.0,-524.0,83.0
-474.0,1178.0,475.0,3.0,281.0,249.0,-18.0,79.0,-559.0,157.0
-462.0,1379.0,534.0,10.0,288.0,237.0,-10.0,90.0,-587.0,216.0
-437.0,1479.0,579.0,-13.0,280.0,197.0,-10.0,-33.0,-584.0,280.0
-393.0,1289.0,665.0,-70.0,252.0,180.0,-20.0,48.0,-537.0,377.0
-314.0,872.0,745.0,-100.0,205.0,251.0,-51.0,75.0,-474.0,452.0
-258.0,409.0,835.0,-113.0,143.0,320.0,-40.0,96.0,-402.0,503.0
-154.0,-15.0,945.0,-182.0,76.0,298.0,6.0,94.0,-333.0,561.0
-89.0,-335.0,1052.0,-245.0,17.0,184.0,49.0,105.0,-262.0,595.0
2.0,-510.0,1156.0,-276.0,-30.0,163.0,78.0,40.0,-182.0,593.0
73.0,-581.0,1250.0,-278.0,-60.0,260.0,67.0,-234.0,-91.0,545.0
150.0,-668.0,1347.0,-256.0,-65.0,240.0,15.0,-247.0,-10.0,480.0
248.0,-774.0,1442.0,-214.0,-59.0,198.0,6.0,-282.0,56.0,377.0
330.0,-755.0,1533.0,-138.0,-46.0,211.0,30.0,-304.0,130.0,234.0
427.0,-635.0,1582.0,-45.0,-27.0,219.0,40.0,-258.0,186.0,110.0
490.0,-556.0,1622.0,23.0,-7.0,267.0,67.0,-273.0,208.0,-3.0
569.0,-509.0,1662.0,110.0,8.0,332.0,59.0,-208.0,209.0,-107.0
599.0,-369.0,1634.0,256.0,13.0,367.0,41.0,-327.0,198.0,-196.0
639.0,-74.0,1616.0,370.0,4.0,365.0,17.0,-402.0,180.0,-248.0
654.0,326.0,1565.0,470.0,-12.0,287.0,-1.0,-430.0,154.0,-268.0
686.0,756.0,1446.0,546.0,-29.0,287.0,48.0,-406.0,109.0,-276.0
735.0,1113.0,1343.0,567.0,-46.0,410.0,99.0,-356.0,60.0,-240.0
776.0,1297.0,1187.0,558.0,-48.0,395.0,154.0,-402.0,7.0,-169.0
827.0,1326.0,1026.0,566.0,-39.0,350.0,196.0,-199.0,-64.0,-84.0
868.0,1251.0,880.0,591.0,-45.0,377.0,211.0,-179.0,-135.0,0.0
945.0,1133.0,701.0,577.0,-84.0,365.0,239.0,-338.0,-195.0,105.0
982.0,988.0,536.0,550.0,-150.0,253.0,249.0,-441.0,-262.0,208.0
1036.0,839.0,358.0,491.0,-218.0,133.0,248.0,-406.0,-340.0,269.0
1067.0,723.0,209.0,440.0,-275.0,156.0,239.0,-171.0,-407.0,338.0
1123.0,561.0,58.0,363.0,-326.0,182.0,221.0,-240.0,-455.0,389.0
1154.0,321.0,-71.0,276.0,-376.0,119.0,233.0,-232.0,-493.0,417.0
1135.0,56.0,-158.0,223.0,-423.0,56.0,229.0,-192.0,-544.0,460.0
1114.0,-181.0,-278.0,159.0,-454.0,159.0,185.0,-197.0,-591.0,483.0
1053.0,-393.0,-338.0,177.0,-456.0,332.0,146.0,-195.0,-641.0,494.0
1020.0,-613.0,-386.0,221.0,-431.0,363.0,119.0,-413.0,-692.0,479.0
945.0,-795.0,-430.0,262.0,-391.0,361.0,107.0,-312.0,-739.0,428.0
853.0,-975.0,-441.0,316.0,-358.0,365.0,107.0,-155.0,-790.0,370.0
786.0,-1217.0,-459.0,379.0,-332.0,319.0,117.0,-97.0,-835.0,294.0
715.0,-1466.0,-452.0,450.0,-299.0,225.0,128.0,-53.0,-909.0,194.0
608.0,-1613.0,-467.0,494.0,-261.0,166.0,107.0,-77.0,-977.0,89.0
509.0,-1566.0,-482.0,532.0,-227.0,199.0,59.0,7.0,-1022.0,-24.0
395.0,-1317.0,-479.0,533.0,-200.0,263.0,14.0,-22.0,-1075.0,-161.0
283.0,-880.0,-466.0,532.0,-173.0,330.0,-23.0,38.0,-1123.0,-299.0
148.0,-311.0,-441.0,544.0,-137.0,354.0,-43.0,96.0,-1164.0,-436.0
22.0,265.0,-413.0,506.0,-88.0,320.0,-67.0,44.0,-1179.0,-588.0
-79.0,747.0,-353.0,436.0,-30.0,244.0,-119.0,-57.0,-1165.0,-751.0
-197.0,1085.0,-316.0,343.0,13.0,205.0,-168.0,-284.0,-1098.0,-872.0
-285.0,1189.0,-267.0,237.0,19.0,269.0,-214.0,-393.0,-973.0,-978.0
-404.0,970.0,-197.0,153.0,-3.0,351.0,-253.0,-517.0,-810.0,-1114.0
-469.0,494.0,-160.0,90.0,-32.0,458.0,-241.0,-489.0,-603.0,-1240.0
-549.0,-52.0,-90.0,41.0,-42.0,475.0,-205.0,-347.0,-373.0,-1339.0
-637.0,-507.0,-34.0,34.0,-13.0,325.0,-174.0,-245.0,-132.0,-1432.0
-739.0,-786.0,0.0,53.0,50.0,228.0,-150.0,-46.0,125.0,-1521.0
-829.0,-912.0,50.0,106.0,122.0,247.0,-180.0,-60.0,388.0,-1548.0
-903.0,-955.0,89.0,190.0,166.0,274.0,-216.0,-109.0,649.0,-1535.0
-1005.0,-946.0,124.0,243.0,171.0,240.0,-253.0,-103.0,893.0,-1530.0
-1049.0,-876.0,158.0,334.0,159.0,247.0,-272.0,-118.0,1098.0,-1503.0
-1105.0,-751.0,182.0,449.0,151.0,315.0,-271.0,-153.0,1277.0,-1418.0
-1132.0,-590.0,191.0,507.0,157.0,336.0,-297.0,-155.0,1399.0,-1326.0
-1176.0,-417.0,207.0,501.0,185.0,248.0,-294.0,27.0,1452.0,-1251.0
-1186.0,-260.0,214.0,480.0,232.0,98.0,-263.0,-22.0,1454.0,-1145.0
-1155.0,-110.0,230.0,437.0,289.0,114.0,-190.0,-49.0,1409.0,-1038.0
-1119.0,102.0,253.0,330.0,347.0,233.0,-115.0,-35.0,1330.0,-954.0
-1040.0,456.0,245.0,173.0,377.0,296.0,-87.0,-151.0,1237.0,-890.0
-959.0,919.0,233.0,15.0,370.0,281.0,-83.0,-164.0,1123.0,-841.0
-854.0,1380.0,199.0,-131.0,353.0,308.0,-98.0,-271.0,963.0,-800.0
-740.0,1723.0,148.0,-294.0,350.0,453.0,-118.0,-166.0,778.0,-798.0
-615.0,1859.0,107.0,-418.0,368.0,477.0,-142.0,-62.0,581.0,-783.0
-493.0,1799.0,42.0,-539.0,398.0,476.0,-138.0,-18.0,382.0,-716.0
-357.0,1633.0,-35.0,-621.0,419.0,471.0,-144.0,133.0,189.0,-667.0
-209.0,1455.0,-113.0,-654.0,423.0,402.0,-130.0,157.0,8.0,-612.0
-67.0,1280.0,-191.0,-694.0,408.0,425.0,-108.0,230.0,-131.0,-508.0
62.0,1075.0,-269.0,-717.0,379.0,475.0,-84.0,171.0,-224.0,-402.0
173.0,781.0,-360.0,-712.0,351.0,517.0,-19.0,160.0,-302.0,-303.0
282.0,416.0,-420.0,-640.0,322.0,424.0,13.0,86.0,-354.0,-204.0
377.0,55.0,-456.0,-563.0,289.0,293.0,20.0,-36.0,-371.0,-83.0
444.0,-277.0,-519.0,-484.0,254.0,362.0,14.0,60.0,-388.0,37.0
502.0,-515.0,-523.0,-370.0,228.0,462.0,12.0,-101.0,-398.0,129.0
566.0,-595.0,-527.0,-252.0,226.0,408.0,1.0,-120.0,-388.0,240.0
621.0,-547.0,-541.0,-145.0,249.0,361.0,-18.0,-40.0,-392.0,358.0
655.0,-472.0,-507.0,-48.0,284.0,434.0,-60.0,-109.0,-384.0,452.0
659.0,-432.0,-519.0,17.0,316.0,439.0,-95.0,-27.0,-376.0,514.0
647.0,-448.0,-518.0,69.0,333.0,342.0,-101.0,-25.0,-402.0,599.0
636.0,-575.0,-509.0,74.0,322.0,256.0,-100.0,-53.0,-431.0,679.0
608.0,-802.0,-515.0,32.0,282.0,292.0,-65.0,-105.0,-448.0,715.0
546.0,-968.0,-508.0,57.0,228.0,322.0,-67.0,-103.0,-454.0,762.0
515.0,-942.0,-509.0,97.0,182.0,216.0,-79.0,-134.0,-474.0,787.0
501.0,-713.0,-494.0,124.0,152.0,129.0,-105.0,-145.0,-475.0,812.0
472.0,-343.0,-506.0,172.0,120.0,125.0,-131.0,-46.0,-433.0,805.0
441.0,60.0,-507.0,236.0,74.0,106.0,-126.0,-175.0,-392.0,779.0
417.0,408.0,-491.0,255.0,23.0,31.0,-132.0,-133.0,-332.0,752.0
416.0,596.0,-470.0,248.0,-27.0,-19.0,-112.0,-133.0,-248.0,660.0
412.0,571.0,-461.0,256.0,-90.0,-37.0,-124.0,-243.0,-179.0,577.0
419.0,387.0,-451.0,224.0,-177.0,-4.0,-137.0,-131.0,-116.0,491.0
441.0,148.0,-407.0,208.0,-271.0,10.0,-141.0,-164.0,-79.0,396.0
446.0,-113.0,-402.0,177.0,-350.0,-16.0,-146.0,-171.0,-61.0,301.0
440.0,-445.0,-356.0,109.0,-400.0,-70.0,-119.0,-286.0,-9.0,199.0
460.0,-757.0,-321.0,108.0,-421.0,-143.0,-95.0,-404.0,56.0,122.0
498.0,-945.0,-313.0,118.0,-425.0,-15.0,-94.0,-441.0,98.0,22.0
503.0,-1029.0,-244.0,134.0,-426.0,87.0,-116.0,-556.0,126.0,-90.0
493.0,-1078.0,-202.0,187.0,-440.0,-46.0,-95.0,-565.0,131.0,-164.0
478.0,-1105.0,-150.0,224.0,-475.0,-103.0,-52.0,-644.0,77.0,-206.0
420.0,-1070.0,-81.0,250.0,-516.0,-22.0,-10.0,-522.0,-5.0,-234.0
367.0,-981.0,-24.0,229.0,-542.0,-4.0,17.0,-423.0,-65.0,-231.0
312.0,-886.0,35.0,193.0,-539.0,-55.0,-1.0,-399.0,-126.0,-198.0
251.0,-835.0,81.0,155.0,-507.0,-34.0,-36.0,-299.0,-172.0,-160.0
189.0,-835.0,141.0,101.0,-462.0,59.0,-67.0,-375.0,-202.0,-128.0
96.0,-875.0,200.0,71.0,-425.0,44.0,-68.0,-389.0,-216.0,-95.0
-1.0,-905.0,232.0,13.0,-398.0,-127.0,-67.0,-533.0,-211.0,-49.0
-125.0,-818.0,280.0,-20.0,-380.0,-63.0,-72.0,-574.0,-283.0,2.0
-233.0,-567.0,342.0,-26.0,-366.0,227.0,-86.0,-533.0,-298.0,53.0
-348.0,-168.0,378.0,-65.0,-351.0,280.0,-102.0,-533.0,-216.0,98.0
-454.0,342.0,431.0,-53.0,-323.0,184.0,-91.0,-345.0,-146.0,123.0
-525.0,819.0,457.0,-35.0,-271.0,210.0,-54.0,-356.0,-64.0,133.0
-583.0,1140.0,469.0,-62.0,-196.0,320.0,-20.0,-288.0,-21.0,126.0
-624.0,1350.0,517.0,-79.0,-119.0,331.0,-18.0,-164.0,44.0,127.0
-671.0,1519.0,540.0,-80.0,-62.0,259.0,-11.0,-160.0,142.0,138.0
-679.0,1692.0,566.0,-37.0,-36.0,265.0,-24.0,-101.0,233.0,131.0
-685.0,1891.0,602.0,23.0,-33.0,338.0,-86.0,-151.0,361.0,137.0
-670.0,2071.0,636.0,72.0,-44.0,292.0,-121.0,-94.0,476.0,151.0
-613.0,2165.0,637.0,132.0,-64.0,202.0,-128.0,-151.0,584.0,163.0
-539.0,2167.0,665.0,210.0,-88.0,238.0,-143.0,-253.0,695.0,162.0
-487.0,2082.0,677.0,256.0,-112.0,240.0,-158.0,-205.0,765.0,173.0
-445.0,1870.0,669.0,262.0,-123.0,242.0,-162.0,-234.0,706.0,198.0
-400.0,1572.0,692.0,280.0,-115.0,331.0,-149.0,-186.0,593.0,194.0
-382.0,1204.0,685.0,269.0,-80.0,394.0,-147.0,-240.0,545.0,186.0
-351.0,766.0,685.0,240.0,-13.0,374.0,-142.0,-145.0,469.0,168.0
-334.0,305.0,682.0,216.0,83.0,398.0,-141.0,-14.0,345.0,131.0
-309.0,-161.0,683.0,174.0,191.0,558.0,-163.0,-42.0,193.0,62.0
-286.0,-633.0,660.0,106.0,284.0,580.0,-163.0,-44.0,44.0,0.0
-242.0,-1093.0,624.0,36.0,342.0,423.0,-156.0,-157.0,-91.0,-28.0
-217.0,-1428.0,595.0,-52.0,362.0,396.0,-158.0,-81.0,-242.0,-74.0
-195.0,-1540.0,561.0,-135.0,356.0,494.0,-151.0,-110.0,-356.0,-115.0
-128.0,-1475.0,506.0,-197.0,332.0,499.0,-110.0,-169.0,-473.0,-164.0
-83.0,-1368.0,434.0,-266.0,306.0,355.0,-67.0,-147.0,-604.0,-221.0
-27.0,-1312.0,377.0,-268.0,288.0,259.0,-27.0,-206.0,-666.0,-288.0
23.0,-1350.0,298.0,-256.0,273.0,266.0,-35.0,-144.0,-680.0,-371.0
61.0,-1465.0,216.0,-239.0,262.0,202.0,-76.0,-258.0,-722.0,-436.0
74.0,-1523.0,135.0,-211.0,245.0,134.0,-90.0,-230.0,-781.0,-497.0
84.0,-1426.0,46.0,-235.0,213.0,187.0,-98.0,-131.0,-771.0,-550.0
88.0,-1165.0,-77.0,-290.0,185.0,265.0,-45.0,-157.0,-667.0,-575.0
109.0,-767.0,-207.0,-352.0,168.0,248.0,15.0,-177.0,-585.0,-587.0
110.0,-309.0,-328.0,-436.0,153.0,218.0,33.0,-290.0,-564.0,-617.0
103.0,127.0,-456.0,-527.0,139.0,223.0,39.0,-230.0,-489.0,-652.0
95.0,511.0,-585.0,-553.0,132.0,244.0,46.0,-208.0,-380.0,-660.0
69.0,852.0,-716.0,-584.0,132.0,284.0,69.0,-184.0,-338.0,-639.0
56.0,1146.0,-815.0,-612.0,124.0,244.0,92.0,-173.0,-317.0,-613.0
3.0,1361.0,-923.0,-589.0,94.0,205.0,133.0,-153.0,-287.0,-583.0
-24.0,1439.0,-1005.0,-561.0,48.0,181.0,163.0,36.0,-270.0,-516.0
-66.0,1351.0,-1064.0,-483.0,0.0,125.0,197.0,9.0,-209.0,-460.0
-67.0,1122.0,-1115.0,-421.0,-43.0,207.0,225.0,131.0,-118.0,-426.0
-115.0,799.0,-1144.0,-364.0,-69.0,322.0,215.0,164.0,-67.0,-406.0
-177.0,414.0,-1162.0,-272.0,-75.0,331.0,195.0,22.0,-66.0,-407.0
-195.0,-33.0,-1138.0,-169.0,-65.0,304.0,156.0,48.0,-57.0,-413.0
-243.0,-523.0,-1117.0,-49.0,-55.0,371.0,125.0,-116.0,34.0,-405.0
-224.0,-984.0,-1072.0,24.0,-46.0,466.0,130.0,-101.0,87.0,-385.0
-275.0,-1329.0,-1002.0,78.0,-24.0,323.0,133.0,-84.0,38.0,-371.0
-249.0,-1520.0,-946.0,95.0,7.0,165.0,143.0,-129.0,23.0,-357.0
-220.0,-1543.0,-866.0,88.0,40.0,198.0,141.0,-73.0,42.0,-331.0
-208.0,-1381.0,-788.0,129.0,69.0,242.0,85.0,-86.0,38.0,-295.0
-165.0,-1076.0,-719.0,133.0,95.0,248.0,34.0,33.0,31.0,-268.0
-138.0,-693.0,-646.0,213.0,113.0,265.0,9.0,0.0,-3.0,-235.0
-30.0,-271.0,-586.0,389.0,120.0,298.0,4.0,-51.0,-70.0,-202.0
4.0,150.0,-516.0,535.0,127.0,306.0,20.0,-105.0,-119.0,-183.0
82.0,449.0,-472.0,727.0,130.0,275.0,21.0,-109.0,-149.0,-161.0
128.0,523.0,-438.0,888.0,125.0,246.0,-20.0,59.0,-151.0,-166.0
160.0,423.0,-404.0,1018.0,114.0,249.0,-71.0,14.0,-171.0,-167.0
194.0,230.0,-401.0,1137.0,98.0,197.0,-104.0,79.0,-213.0,-192.0
179.0,-12.0,-365.0,1153.0,84.0,107.0,-127.0,136.0,-225.0,-222.0
212.0,-279.0,-354.0,1154.0,72.0,135.0,-140.0,94.0,-262.0,-212.0
216.0,-546.0,-333.0,1116.0,63.0,181.0,-145.0,120.0,-348.0,-204.0
235.0,-776.0,-310.0,1058.0,55.0,115.0,-127.0,38.0,-403.0,-167.0
219.0,-904.0,-314.0,952.0,40.0,64.0,-110.0,22.0,-401.0,-132.0
220.0,-875.0,-289.0,803.0,12.0,91.0,-119.0,11.0,-432.0,-97.0
209.0,-729.0,-305.0,693.0,-24.0,96.0,-125.0,11.0,-473.0,-50.0
198.0,-542.0,-268.0,551.0,-56.0,72.0,-104.0,-66.0,-459.0,-31.0
182.0,-304.0,-243.0,435.0,-67.0,118.0,-91.0,-83.0,-466.0,-22.0
143.0,20.0,-244.0,337.0,-68.0,177.0,-96.0,3.0,-522.0,-32.0
137.0,411.0,-217.0,217.0,-73.0,68.0,-90.0,-42.0,-551.0,-51.0
70.0,803.0,-236.0,103.0,-84.0,-21.0,-109.0,109.0,-520.0,-69.0
40.0,1092.0,-232.0,16.0,-109.0,22.0,-131.0,177.0,-448.0,-89.0
1.0,1177.0,-235.0,-9.0,-148.0,47.0,-150.0,242.0,-343.0,-110.0
-37.0,1061.0,-243.0,-25.0,-184.0,9.0,-146.0,345.0,-220.0,-153.0
-76.0,826.0,-244.0,-12.0,-195.0,-92.0,-134.0,229.0,-115.0,-198.0
-105.0,522.0,-266.0,12.0,-170.0,-19.0,-159.0,280.0,-25.0,-243.0
-111.0,190.0,-271.0,-34.0,-119.0,131.0,-176.0,208.0,100.0,-276.0
-143.0,-130.0,-261.0,-86.0,-70.0,12.0,-202.0,157.0,284.0,-296.0
-136.0,-446.0,-278.0,-177.0,-46.0,-95.0,-260.0,197.0,447.0,-299.0
-129.0,-741.0,-279.0,-273.0,-58.0,25.0,-310.0,140.0,510.0,-243.0
-108.0,-917.0,-276.0,-366.0,-97.0,87.0,-335.0,199.0,564.0,-176.0
-112.0,-957.0,-277.0,-487.0,-136.0,-11.0,-322.0,136.0,642.0,-117.0
-129.0,-960.0,-254.0,-582.0,-151.0,-27.0,-282.0,88.0,656.0,-47.0
-128.0,-940.0,-258.0,-713.0,-135.0,33.0,-260.0,72.0,639.0,27.0
-117.0,-902.0,-214.0,-823.0,-108.0,-47.0,-277.0,105.0,629.0,109.0
-97.0,-891.0,-207.0,-910.0,-93.0,-108.0,-324.0,144.0,571.0,193.0
-97.0,-911.0,-204.0,-984.0,-99.0,-53.0,-348.0,90.0,488.0,284.0
-102.0,-933.0,-156.0,-1050.0,-121.0,-88.0,-355.0,157.0,462.0,366.0
-107.0,-911.0,-175.0,-1069.0,-147.0,-164.0,-353.0,44.0,398.0,435.0
-136.0,-853.0,-138.0,-1050.0,-158.0,-226.0,-342.0,16.0,268.0,493.0
-161.0,-762.0,-123.0,-1065.0,-146.0,-184.0,-359.0,42.0,121.0,549.0
-140.0,-583.0,-131.0,-1052.0,-118.0,-83.0,-372.0,-53.0,-7.0,575.0
-132.0,-337.0,-108.0,-1061.0,-82.0,-169.0,-395.0,35.0,-93.0,571.0
-125.0,-84.0,-113.0,-1032.0,-40.0,-298.0,-396.0,79.0,-241.0,585.0
-145.0,128.0,-90.0,-954.0,-2.0,-274.0,-372.0,214.0,-410.0,599.0
-152.0,239.0,-96.0,-913.0,24.0,-185.0,-355.0,177.0,-525.0,609.0
-169.0,238.0,-98.0,-865.0,49.0,-162.0,-322.0,-11.0,-610.0,638.0
-189.0,232.0,-92.0,-802.0,78.0,-187.0,-312.0,-14.0,-661.0,685.0
-159.0,270.0,-100.0,-740.0,106.0,-128.0,-302.0,-96.0,-665.0,738.0
-137.0,296.0,-109.0,-670.0,127.0,-37.0,-302.0,-27.0,-679.0,793.0
-72.0,340.0,-105.0,-591.0,131.0,-84.0,-319.0,60.0,-681.0,832.0
-8.0,460.0,-87.0,-494.0,115.0,-241.0,-289.0,142.0,-555.0,865.0
34.0,609.0,-102.0,-384.0,90.0,-340.0,-240.0,199.0,-387.0,874.0
43.0,735.0,-103.0,-256.0,70.0,-375.0,-211.0,105.0,-256.0,840.0
50.0,846.0,-104.0,-129.0,62.0,-313.0,-207.0,81.0,-146.0,822.0
69.0,955.0,-110.0,-43.0,56.0,-220.0,-218.0,-22.0,-53.0,798.0
75.0,1013.0,-123.0,85.0,43.0,-227.0,-215.0,-27.0,41.0,738.0
87.0,979.0,-147.0,198.0,22.0,-237.0,-197.0,-121.0,111.0,693.0
80.0,893.0,-187.0,283.0,0.0,-208.0,-191.0,-194.0,144.0,672.0
66.0,822.0,-238.0,417.0,-24.0,-124.0,-171.0,-57.0,159.0,645.0
27.0,802.0,-282.0,516.0,-56.0,-149.0,-157.0,-105.0,143.0,625.0
-6.0,829.0,-321.0,597.0,-92.0,-287.0,-141.0,-97.0,96.0,617.0
-42.0,825.0,-371.0,642.0,-125.0,-283.0,-116.0,-125.0,10.0,599.0
-82.0,712.0,-426.0,652.0,-148.0,-181.0,-109.0,-81.0,-104.0,577.0
-139.0,543.0,-448.0,635.0,-157.0,-154.0,-87.0,-55.0,-248.0,557.0
-189.0,469.0,-515.0,585.0,-153.0,-193.0,-63.0,-190.0,-407.0,533.0
-207.0,507.0,-537.0,553.0,-132.0,-185.0,-50.0,-201.0,-552.0,472.0
-240.0,569.0,-531.0,512.0,-99.0,-179.0,-67.0,-347.0,-659.0,385.0
-269.0,628.0,-540.0,433.0,-64.0,-189.0,-70.0,-380.0,-724.0,305.0
-308.0,643.0,-497.0,347.0,-34.0,-160.0,-9.0,-417.0,-775.0,210.0
-305.0,546.0,-470.0,292.0,-12.0,-92.0,41.0,-484.0,-762.0,99.0
-280.0,353.0,-412.0,224.0,7.0,-22.0,32.0,-460.0,-752.0,-41.0
-263.0,164.0,-383.0,150.0,27.0,-20.0,-23.0,-504.0,-765.0,-166.0
-235.0,-27.0,-345.0,73.0,47.0,-58.0,-96.0,-317.0,-686.0,-255.0
-236.0,-323.0,-299.0,-41.0,65.0,-50.0,-136.0,-273.0,-595.0,-352.0
-235.0,-705.0,-292.0,-162.0,55.0,-86.0,-116.0,-262.0,-504.0,-437.0
-259.0,-1084.0,-239.0,-252.0,14.0,-102.0,-96.0,-208.0,-362.0,-499.0
-292.0,-1390.0,-229.0,-346.0,-37.0,2.0,-109.0,-247.0,-217.0,-542.0
-313.0,-1563.0,-226.0,-440.0,-82.0,-10.0,-137.0,-147.0,-95.0,-588.0
-347.0,-1589.0,-212.0,-495.0,-108.0,-110.0,-161.0,-232.0,16.0,-598.0
-371.0,-1509.0,-239.0,-538.0,-119.0,-144.0,-166.0,-197.0,121.0,-573.0
-409.0,-1353.0,-247.0,-541.0,-113.0,-75.0,-142.0,-171.0,222.0,-575.0
-472.0,-1121.0,-293.0,-498.0,-94.0,-29.0,-98.0,-277.0,314.0,-559.0
-526.0,-817.0,-350.0,-402.0,-77.0,-114.0,-89.0,-269.0,392.0,-508.0
-584.0,-473.0,-373.0,-274.0,-71.0,-123.0,-110.0,-323.0,456.0,-448.0
-639.0,-142.0,-442.0,-183.0,-82.0,-60.0,-143.0,-192.0,476.0,-396.0
-650.0,120.0,-486.0,-109.0,-101.0,-54.0,-173.0,-171.0,432.0,-344.0
-617.0,272.0,-553.0,-41.0,-121.0,-69.0,-153.0,-214.0,399.0,-253.0
-594.0,334.0,-613.0,-10.0,-129.0,-28.0,-94.0,-251.0,427.0,-166.0
-588.0,390.0,-666.0,10.0,-120.0,2.0,-47.0,-375.0,437.0,-99.0
-571.0,439.0,-737.0,11.0,-108.0,-108.0,-57.0,-338.0,428.0,-24.0
-526.0,405.0,-759.0,5.0,-106.0,-246.0,-101.0,-406.0,394.0,45.0
-465.0,344.0,-794.0,-21.0,-115.0,-200.0,-106.0,-332.0,312.0,70.0
-423.0,309.0,-791.0,-86.0,-119.0,-113.0,-82.0,-349.0,233.0,56.0
-349.0,217.0,-755.0,-127.0,-119.0,-234.0,-62.0,-399.0,151.0,34.0
-269.0,-18.0,-735.0,-214.0,-119.0,-310.0,-5.0,-253.0,55.0,-17.0
-196.0,-359.0,-713.0,-275.0,-111.0,-219.0,57.0,-273.0,-42.0,-78.0
-139.0,-671.0,-658.0,-321.0,-99.0,-210.0,76.0,-121.0,-121.0,-133.0
-75.0,-868.0,-612.0,-401.0,-93.0,-317.0,63.0,-127.0,-173.0,-184.0
-16.0,-927.0,-547.0,-438.0,-102.0,-407.0,38.0,-169.0,-242.0,-243.0
0.0,-909.0,-468.0,-486.0,-119.0,-423.0,34.0,-129.0,-362.0,-328.0
-12.0,-875.0,-403.0,-524.0,-132.0,-389.0,38.0,-147.0,-468.0,-392.0
-56.0,-802.0,-350.0,-527.0,-138.0,-374.0,31.0,29.0,-532.0,-460.0
-76.0,-722.0,-317.0,-472.0,-128.0,-385.0,37.0,-7.0,-570.0,-531.0
-107.0,-711.0,-255.0,-377.0,-98.0,-398.0,37.0,11.0,-588.0,-573.0
-115.0,-729.0,-239.0,-302.0,-62.0,-501.0,11.0,-42.0,-584.0,-577.0
-130.0,-671.0,-209.0,-233.0,-36.0,-533.0,9.0,-179.0,-542.0,-572.0
-143.0,-555.0,-174.0,-166.0,-32.0,-452.0,19.0,-142.0,-497.0,-581.0
-128.0,-437.0,-174.0,-136.0,-41.0,-448.0,30.0,-120.0,-437.0,-553.0
-181.0,-356.0,-142.0,-164.0,-57.0,-500.0,41.0,73.0,-358.0,-511.0
-211.0,-407.0,-106.0,-147.0,-79.0,-528.0,38.0,110.0,-277.0,-467.0
-213.0,-606.0,-119.0,-117.0,-93.0,-479.0,28.0,155.0,-176.0,-412.0
-222.0,-815.0,-129.0,-137.0,-97.0,-500.0,-9.0,155.0,-74.0,-316.0
-215.0,-879.0,-130.0,-136.0,-91.0,-552.0,-24.0,14.0,36.0,-193.0
-200.0,-746.0,-167.0,-126.0,-79.0,-542.0,-24.0,48.0,121.0,-98.0
-190.0,-472.0,-165.0,-80.0,-72.0,-540.0,-38.0,-81.0,165.0,36.0
-197.0,-153.0,-192.0,-24.0,-75.0,-580.0,-59.0,-105.0,211.0,196.0
-191.0,125.0,-219.0,-18.0,-78.0,-659.0,-95.0,-121.0,239.0,345.0
-172.0,319.0,-211.0,-27.0,-71.0,-597.0,-102.0,-306.0,253.0,483.0
-151.0,406.0,-242.0,-45.0,-41.0,-499.0,-80.0,-266.0,307.0,606.0
-112.0,376.0,-267.0,-94.0,15.0,-492.0,-73.0,-258.0,376.0,713.0
-70.0,245.0,-288.0,-112.0,87.0,-500.0,-82.0,-219.0,422.0,753.0
-4.0,94.0,-306.0,-69.0,158.0,-467.0,-84.0,-197.0,423.0,768.0
68.0,29.0,-308.0,0.0,197.0,-439.0,-51.0,-210.0,407.0,793.0
128.0,49.0,-312.0,87.0,198.0,-465.0,7.0,-242.0,419.0,804.0
195.0,99.0,-318.0,164.0,186.0,-399.0,26.0,-454.0,451.0,792.0
242.0,180.0,-315.0,243.0,193.0,-290.0,14.0,-528.0,464.0,791.0
277.0,279.0,-311.0,312.0,220.0,-315.0,10.0,-681.0,464.0,796.0
311.0,323.0,-318.0,394.0,248.0,-371.0,12.0,-739.0,511.0,744.0
359.0,240.0,-295.0,510.0,271.0,-317.0,5.0,-650.0,566.0,651.0
401.0,114.0,-271.0,612.0,283.0,-214.0,3.0,-667.0,604.0,568.0
439.0,85.0,-249.0,680.0,281.0,-181.0,1.0,-663.0,632.0,484.0
455.0,139.0,-192.0,728.0,264.0,-242.0,-27.0,-705.0,627.0,373.0
437.0,196.0,-164.0,792.0,235.0,-208.0,-14.0,-545.0,623.0,286.0
419.0,195.0,-125.0,839.0,197.0,-105.0,12.0,-437.0,608.0,225.0
379.0,86.0,-85.0,831.0,164.0,-130.0,9.0,-304.0,540.0,140.0
350.0,-123.0,-81.0,782.0,143.0,-232.0,24.0,-144.0,433.0,43.0
320.0,-326.0,-38.0,712.0,125.0,-290.0,51.0,-171.0,323.0,-57.0
263.0,-499.0,-26.0,641.0,114.0,-245.0,80.0,-147.0,246.0,-151.0
201.0,-654.0,-8.0,560.0,100.0,-207.0,91.0,-234.0,166.0,-245.0
141.0,-641.0,29.0,418.0,79.0,-162.0,98.0,-190.0,13.0,-318.0
73.0,-426.0,50.0,268.0,51.0,-132.0,96.0,-227.0,-135.0,-319.0
-4.0,-143.0,56.0,134.0,30.0,-166.0,112.0,-336.0,-241.0,-284.0
-75.0,110.0,62.0,-46.0,34.0,-172.0,149.0,-286.0,-335.0,-265.0
-135.0,319.0,99.0,-238.0,57.0,-129.0,182.0,-345.0,-406.0,-227.0
-213.0,555.0,99.0,-435.0,87.0,-31.0,249.0,-288.0,-505.0,-161.0
-294.0,881.0,135.0,-647.0,115.0,-24.0,298.0,-312.0,-597.0,-114.0
-353.0,1270.0,149.0,-821.0,129.0,-36.0,316.0,-367.0,-627.0,-58.0
-409.0,1571.0,147.0,-955.0,122.0,25.0,326.0,-330.0,-652.0,20.0
-446.0,1649.0,147.0,-1089.0,94.0,59.0,321.0,-410.0,-670.0,92.0
-483.0,1532.0,111.0,-1169.0,57.0,13.0,294.0,-376.0,-682.0,160.0
-482.0,1323.0,105.0,-1214.0,33.0,-35.0,250.0,-376.0,-665.0,246.0
-477.0,1116.0,56.0,-1232.0,12.0,59.0,259.0,-308.0,-575.0,355.0
-512.0,951.0,54.0,-1177.0,-23.0,136.0,275.0,-205.0,-492.0,449.0
-550.0,867.0,42.0,-1101.0,-76.0,121.0,286.0,-218.0,-471.0,526.0
-577.0,834.0,10.0,-1033.0,-137.0,106.0,277.0,-140.0,-437.0,613.0
-586.0,764.0,0.0,-959.0,-190.0,45.0,269.0,-188.0,-340.0,710.0
-582.0,653.0,-51.0,-809.0,-233.0,-16.0,331.0,-195.0,-195.0,782.0
-543.0,527.0,-52.0,-634.0,-260.0,2.0,406.0,-164.0,-94.0,830.0
-513.0,380.0,-67.0,-436.0,-254.0,69.0,479.0,-133.0,-44.0,890.0
-474.0,163.0,-81.0,-195.0,-214.0,115.0,479.0,-33.0,58.0,918.0
-455.0,-150.0,-58.0,20.0,-163.0,83.0,419.0,5.0,181.0,887.0
-458.0,-443.0,-104.0,197.0,-126.0,35.0,377.0,110.0,280.0,854.0
-419.0,-557.0,-93.0,316.0,-112.0,75.0,385.0,-3.0,341.0,829.0
-354.0,-504.0,-70.0,381.0,-117.0,53.0,431.0,-84.0,360.0,774.0
-279.0,-469.0,-108.0,374.0,-131.0,-7.0,402.0,-103.0,355.0,702.0
-233.0,-580.0,-60.0,342.0,-145.0,31.0,322.0,-232.0,367.0,647.0
-174.0,-770.0,-77.0,290.0,-156.0,102.0,253.0,-142.0,369.0,601.0
-120.0,-923.0,-73.0,247.0,-155.0,166.0,229.0,-99.0,282.0,502.0
-86.0,-958.0,-58.0,217.0,-139.0,197.0,252.0,-44.0,156.0,378.0
-43.0,-824.0,-103.0,151.0,-121.0,170.0,291.0,-25.0,52.0,298.0
4.0,-574.0,-104.0,134.0,-107.0,145.0,282.0,-62.0,0.0,217.0
63.0,-303.0,-151.0,114.0,-89.0,118.0,219.0,-72.0,-103.0,142.0
99.0,-103.0,-170.0,64.0,-64.0,90.0,189.0,-136.0,-312.0,106.0
123.0,52.0,-201.0,65.0,-29.0,63.0,154.0,-92.0,-468.0,92.0
149.0,258.0,-243.0,70.0,7.0,-18.0,137.0,-168.0,-557.0,61.0
156.0,488.0,-256.0,89.0,39.0,-90.0,148.0,-88.0,-618.0,0.0
190.0,713.0,-288.0,123.0,69.0,-87.0,134.0,12.0,-690.0,-17.0
204.0,937.0,-318.0,141.0,99.0,-89.0,133.0,-127.0,-786.0,-42.0
222.0,1101.0,-358.0,136.0,126.0,-177.0,121.0,-144.0,-853.0,-111.0
258.0,1120.0,-392.0,90.0,142.0,-216.0,87.0,-127.0,-867.0,-161.0
246.0,1052.0,-434.0,55.0,137.0,-153.0,66.0,-72.0,-807.0,-203.0
270.0,983.0,-472.0,-2.0,121.0,-175.0,53.0,-194.0,-728.0,-258.0
259.0,815.0,-502.0,-56.0,106.0,-320.0,56.0,-330.0,-685.0,-349.0
264.0,456.0,-563.0,-77.0,92.0,-417.0,69.0,-308.0,-625.0,-450.0
255.0,-81.0,-618.0,-109.0,79.0,-413.0,68.0,-317.0,-495.0,-516.0
211.0,-691.0,-650.0,-140.0,66.0,-452.0,70.0,-258.0,-392.0,-563.0
167.0,-1179.0,-684.0,-197.0,63.0,-513.0,83.0,-304.0,-322.0,-570.0
104.0,-1472.0,-698.0,-228.0,78.0,-498.0,107.0,-223.0,-189.0,-505.0
85.0,-1630.0,-692.0,-228.0,106.0,-403.0,144.0,-136.0,-50.0,-417.0
27.0,-1671.0,-661.0,-218.0,143.0,-352.0,173.0,-188.0,98.0,-332.0
31.0,-1618.0,-609.0,-213.0,183.0,-426.0,177.0,-149.0,247.0,-217.0
8.0,-1549.0,-560.0,-183.0,217.0,-493.0,126.0,-251.0,327.0,-103.0
-9.0,-1480.0,-493.0,-179.0,233.0,-515.0,62.0,-145.0,359.0,-3.0
-36.0,-1395.0,-426.0,-230.0,238.0,-551.0,0.0,-35.0,378.0,86.0
-76.0,-1322.0,-352.0,-242.0,241.0,-513.0,-46.0,-103.0,408.0,201.0
-81.0,-1250.0,-259.0,-289.0,241.0,-406.0,-35.0,-70.0,446.0,340.0
-127.0,-1106.0,-199.0,-337.0,238.0,-426.0,-10.0,-49.0,457.0,441.0
-116.0,-829.0,-128.0,-422.0,229.0,-520.0,-11.0,94.0,450.0,519.0
-138.0,-405.0,-58.0,-510.0,215.0,-568.0,-49.0,40.0,443.0,569.0
-117.0,48.0,13.0,-538.0,193.0,-571.0,-76.0,-79.0,409.0,603.0
-133.0,378.0,76.0,-586.0,169.0,-498.0,-68.0,-216.0,336.0,650.0
-131.0,529.0,145.0,-581.0,150.0,-486.0,-17.0,-461.0,266.0,692.0
-99.0,549.0,199.0,-525.0,144.0,-544.0,20.0,-476.0,274.0,741.0
-77.0,522.0,223.0,-451.0,141.0,-592.0,7.0,-469.0,318.0,779.0
-44.0,462.0,255.0,-352.0,116.0,-592.0,-2.0,-408.0,378.0,777.0
-32.0,389.0,247.0,-226.0,69.0,-522.0,-25.0,-400.0,473.0,785.0
11.0,337.0,281.0,-69.0,16.0,-588.0,-49.0,-432.0,549.0,780.0
-14.0,277.0,252.0,100.0,-17.0,-617.0,-63.0,-465.0,573.0,713.0
-16.0,186.0,238.0,257.0,-32.0,-528.0,-61.0,-461.0,601.0,645.0
-44.0,124.0,256.0,422.0,-46.0,-555.0,-54.0,-234.0,675.0,584.0
-38.0,166.0,201.0,543.0,-56.0,-538.0,-64.0,-105.0,726.0,512.0
-36.0,318.0,220.0,596.0,-59.0,-492.0,-98.0,9.0,785.0,429.0
-26.0,443.0,207.0,633.0,-56.0,-479.0,-162.0,14.0,855.0,343.0
12.0,393.0,170.0,630.0,-54.0,-444.0,-194.0,-60.0,839.0,290.0
35.0,229.0,193.0,586.0,-64.0,-384.0,-186.0,5.0,768.0,235.0
78.0,80.0,201.0,482.0,-91.0,-348.0,-151.0,-11.0,712.0,174.0
52.0,-39.0,209.0,379.0,-117.0,-321.0,-109.0,123.0,678.0,154.0
33.0,-144.0,261.0,276.0,-138.0,-256.0,-76.0,147.0,648.0,148.0
-19.0,-192.0,285.0,171.0,-164.0,-181.0,-34.0,59.0,598.0,146.0
-21.0,-129.0,305.0,122.0,-194.0,-158.0,-6.0,105.0,489.0,166.0
-21.0,96.0,351.0,99.0,-226.0,-218.0,-8.0,29.0,355.0,194.0
-1.0,459.0,376.0,107.0,-253.0,-235.0,0.0,73.0,226.0,214.0
0.0,834.0,407.0,134.0,-272.0,-262.0,4.0,62.0,115.0,201.0
-25.0,1108.0,424.0,173.0,-292.0,-159.0,-32.0,24.0,-3.0,185.0
-11.0,1236.0,433.0,193.0,-304.0,-37.0,-37.0,3.0,-213.0,168.0
-36.0,1239.0,449.0,215.0,-302.0,-79.0,-35.0,-79.0,-442.0,107.0
-14.0,1107.0,450.0,274.0,-285.0,-49.0,-27.0,-22.0,-597.0,22.0
-26.0,849.0,445.0,341.0,-260.0,-8.0,-4.0,-35.0,-715.0,-51.0
-20.0,572.0,432.0,411.0,-238.0,88.0,-22.0,40.0,-816.0,-110.0
-46.0,367.0,422.0,446.0,-228.0,192.0,-7.0,29.0,-889.0,-179.0
-55.0,261.0,407.0,415.0,-227.0,193.0,19.0,-22.0,-938.0,-239.0
-71.0,250.0,383.0,386.0,-226.0,184.0,28.0,-9.0,-946.0,-258.0
-127.0,341.0,391.0,359.0,-217.0,279.0,29.0,-205.0,-904.0,-245.0
-134.0,546.0,364.0,269.0,-206.0,325.0,25.0,-214.0,-846.0,-241.0
-144.0,820.0,328.0,156.0,-207.0,208.0,24.0,-195.0,-797.0,-227.0
-103.0,1112.0,318.0,43.0,-213.0,219.0,24.0,-144.0,-720.0,-164.0
-110.0,1335.0,274.0,-72.0,-210.0,296.0,3.0,-107.0,-608.0,-104.0
-111.0,1368.0,228.0,-215.0,-191.0,333.0,-48.0,-234.0,-502.0,-64.0
-108.0,1149.0,184.0,-359.0,-156.0,277.0,-93.0,-166.0,-429.0,-23.0
-83.0,747.0,105.0,-456.0,-114.0,243.0,-139.0,-240.0,-382.0,6.0
-20.0,318.0,29.0,-546.0,-82.0,356.0,-179.0,-254.0,-272.0,-11.0
39.0,-15.0,-16.0,-624.0,-55.0,453.0,-192.0,-201.0,-154.0,-57.0
109.0,-216.0,-89.0,-681.0,-28.0,491.0,-218.0,-249.0,-39.0,-89.0
132.0,-324.0,-168.0,-692.0,0.0,442.0,-280.0,-77.0,94.0,-116.0
165.0,-352.0,-218.0,-634.0,27.0,391.0,-311.0,57.0,156.0,-146.0
195.0,-351.0,-274.0,-560.0,45.0,314.0,-313.0,158.0,195.0,-165.0
216.0,-401.0,-327.0,-480.0,55.0,223.0,-327.0,153.0,217.0,-160.0
247.0,-503.0,-339.0,-380.0,64.0,216.0,-355.0,223.0,204.0,-153.0
275.0,-685.0,-360.0,-297.0,83.0,213.0,-395.0,258.0,178.0,-130.0
283.0,-949.0,-390.0,-257.0,104.0,139.0,-383.0,86.0,157.0,-67.0
304.0,-1167.0,-372.0,-218.0,112.0,76.0,-316.0,109.0,153.0,-5.0
320.0,-1222.0,-381.0,-169.0,116.0,150.0,-260.0,49.0,118.0,60.0
334.0,-1133.0,-385.0,-168.0,132.0,175.0,-275.0,121.0,70.0,146.0
315.0,-935.0,-388.0,-190.0,155.0,106.0,-347.0,181.0,35.0,214.0
273.0,-615.0,-407.0,-221.0,174.0,43.0,-357.0,157.0,26.0,262.0
242.0,-256.0,-390.0,-264.0,182.0,37.0,-267.0,223.0,28.0,263.0
192.0,31.0,-391.0,-304.0,185.0,47.0,-163.0,153.0,23.0,249.0
165.0,253.0,-363.0,-375.0,192.0,16.0,-130.0,269.0,38.0,257.0
143.0,394.0,-340.0,-447.0,189.0,102.0,-163.0,295.0,54.0,239.0
157.0,374.0,-350.0,-525.0,177.0,162.0,-197.0,254.0,99.0,202.0
144.0,185.0,-339.0,-602.0,175.0,62.0,-177.0,153.0,172.0,150.0
129.0,-51.0,-352.0,-657.0,185.0,-18.0,-135.0,-48.0,196.0,87.0
130.0,-217.0,-376.0,-664.0,213.0,-33.0,-130.0,-86.0,225.0,-3.0
88.0,-329.0,-397.0,-621.0,247.0,-81.0,-164.0,-218.0,278.0,-103.0
74.0,-448.0,-413.0,-566.0,269.0,-135.0,-199.0,-142.0,298.0,-181.0
56.0,-520.0,-435.0,-515.0,269.0,-106.0,-204.0,-36.0,322.0,-259.0
76.0,-500.0,-435.0,-475.0,241.0,-48.0,-199.0,-79.0,325.0,-341.0
86.0,-414.0,-428.0,-424.0,198.0,-64.0,-205.0,-5.0,299.0,-424.0
47.0,-253.0,-428.0,-385.0,151.0,-118.0,-208.0,-33.0,274.0,-510.0
37.0,-23.0,-393.0,-353.0,119.0,-95.0,-206.0,-31.0,239.0,-618.0
-3.0,180.0,-381.0,-325.0,113.0,-93.0,-221.0,-107.0,172.0,-721.0
-24.0,248.0,-372.0,-294.0,129.0,-108.0,-241.0,-173.0,56.0,-804.0
-25.0,132.0,-330.0,-266.0,149.0,-95.0,-249.0,-123.0,-51.0,-880.0
-11.0,-135.0,-291.0,-276.0,151.0,-68.0,-269.0,-121.0,-152.0,-957.0
35.0,-464.0,-243.0,-297.0,150.0,53.0,-286.0,-24.0,-258.0,-1044.0
56.0,-759.0,-174.0,-338.0,154.0,108.0,-246.0,-79.0,-338.0,-1088.0
79.0,-985.0,-92.0,-377.0,163.0,98.0,-184.0,-107.0,-421.0,-1115.0
86.0,-1208.0,-17.0,-403.0,184.0,169.0,-164.0,-230.0,-488.0,-1148.0
132.0,-1451.0,60.0,-439.0,216.0,150.0,-148.0,-388.0,-519.0,-1140.0
157.0,-1681.0,137.0,-455.0,251.0,31.0,-125.0,-284.0,-509.0,-1103.0
156.0,-1833.0,213.0,-432.0,273.0,67.0,-118.0,-434.0,-486.0,-1060.0
150.0,-1828.0,295.0,-419.0,267.0,165.0,-99.0,-424.0,-443.0,-1014.0
108.0,-1710.0,354.0,-393.0,231.0,148.0,-51.0,-406.0,-359.0,-942.0
93.0,-1511.0,414.0,-324.0,179.0,124.0,-10.0,-469.0,-282.0,-868.0
68.0,-1161.0,468.0,-235.0,117.0,170.0,-13.0,-362.0,-223.0,-832.0
36.0,-664.0,489.0,-138.0,61.0,265.0,-40.0,-325.0,-161.0,-798.0
-25.0,-137.0,502.0,-77.0,22.0,212.0,-46.0,-129.0,-70.0,-753.0
-82.0,355.0,497.0,-3.0,-3.0,73.0,-21.0,-44.0,17.0,-735.0
-135.0,802.0,465.0,102.0,-31.0,88.0,-24.0,22.0,76.0,-742.0
-191.0,1162.0,447.0,197.0,-71.0,132.0,-60.0,46.0,111.0,-725.0
-276.0,1426.0,395.0,314.0,-127.0,106.0,-77.0,-57.0,155.0,-710.0
-377.0,1645.0,336.0,430.0,-200.0,35.0,-91.0,-75.0,214.0,-709.0
-456.0,1810.0,284.0,514.0,-279.0,-5.0,-127.0,-177.0,239.0,-688.0
-531.0,1812.0,180.0,581.0,-355.0,39.0,-163.0,-225.0,241.0,-651.0
-588.0,1597.0,124.0,597.0,-405.0,75.0,-210.0,-251.0,248.0,-609.0
-650.0,1294.0,74.0,562.0,-426.0,71.0,-272.0,-190.0,290.0,-539.0
-685.0,1069.0,40.0,519.0,-431.0,39.0,-310.0,-190.0,348.0,-432.0
-702.0,939.0,35.0,441.0,-420.0,1.0,-310.0,-290.0,368.0,-311.0
-680.0,845.0,31.0,339.0,-403.0,87.0,-292.0,-194.0,364.0,-191.0
-632.0,733.0,62.0,249.0,-381.0,158.0,-262.0,-162.0,371.0,-52.0
-562.0,538.0,80.0,155.0,-345.0,62.0,-221.0,-153.0,368.0,115.0
-498.0,294.0,137.0,63.0,-299.0,-34.0,-193.0,-184.0,336.0,289.0
-437.0,88.0,195.0,7.0,-248.0,-31.0,-178.0,-168.0,302.0,472.0
-376.0,-23.0,248.0,-18.0,-188.0,50.0,-162.0,-14.0,265.0,647.0
-291.0,-18.0,331.0,-16.0,-124.0,66.0,-138.0,-16.0,227.0,800.0
-163.0,29.0,407.0,-1.0,-57.0,-99.0,-105.0,101.0,203.0,926.0
-67.0,21.0,495.0,24.0,-1.0,-120.0,-54.0,236.0,198.0,1020.0
34.0,-51.0,567.0,62.0,35.0,92.0,-12.0,351.0,194.0,1073.0
105.0,-102.0,623.0,115.0,65.0,135.0,-12.0,380.0,175.0,1081.0
188.0,-110.0,691.0,197.0,85.0,28.0,-47.0,327.0,168.0,1076.0
253.0,-122.0,755.0,265.0,88.0,-6.0,-132.0,367.0,175.0,1058.0
308.0,-127.0,799.0,318.0,75.0,72.0,-212.0,164.0,177.0,1036.0
355.0,-63.0,846.0,355.0,60.0,137.0,-236.0,149.0,189.0,1014.0
389.0,55.0,879.0,359.0,54.0,63.0,-211.0,114.0,195.0,1011.0
409.0,129.0,909.0,356.0,51.0,-14.0,-161.0,42.0,190.0,1039.0
397.0,118.0,957.0,332.0,54.0,-51.0,-125.0,173.0,217.0,1073.0
414.0,112.0,970.0,249.0,60.0,-112.0,-126.0,60.0,245.0,1108.0
365.0,221.0,990.0,140.0,67.0,-25.0,-118.0,182.0,244.0,1130.0
335.0,390.0,1013.0,41.0,74.0,159.0,-74.0,297.0,247.0,1140.0
314.0,501.0,999.0,-55.0,70.0,235.0,-39.0,208.0,249.0,1140.0
291.0,567.0,980.0,-176.0,55.0,279.0,-35.0,140.0,237.0,1137.0
274.0,640.0,937.0,-293.0,27.0,289.0,-58.0,-18.0,224.0,1144.0
244.0,713.0,892.0,-377.0,-5.0,244.0,-71.0,-42.0,198.0,1125.0
242.0,738.0,829.0,-436.0,-33.0,158.0,-69.0,-86.0,168.0,1063.0
224.0,685.0,734.0,-458.0,-56.0,112.0,-28.0,-105.0,181.0,995.0
221.0,604.0,631.0,-421.0,-70.0,190.0,3.0,-127.0,195.0,919.0
231.0,564.0,510.0,-321.0,-70.0,266.0,2.0,-125.0,185.0,823.0
234.0,630.0,373.0,-227.0,-62.0,235.0,35.0,33.0,178.0,731.0
237.0,794.0,256.0,-148.0,-48.0,248.0,68.0,62.0,157.0,639.0
284.0,973.0,148.0,-48.0,-26.0,348.0,102.0,169.0,121.0,525.0
306.0,1101.0,6.0,66.0,-4.0,376.0,75.0,199.0,84.0,386.0
314.0,1116.0,-108.0,183.0,15.0,389.0,70.0,133.0,71.0,213.0
323.0,1023.0,-232.0,289.0,28.0,408.0,147.0,214.0,83.0,-1.0
326.0,923.0,-352.0,384.0,29.0,413.0,229.0,218.0,66.0,-258.0
331.0,842.0,-448.0,474.0,22.0,366.0,325.0,306.0,18.0,-519.0
332.0,672.0,-564.0,555.0,10.0,333.0,350.0,352.0,-50.0,-734.0
342.0,371.0,-636.0,605.0,-3.0,371.0,345.0,404.0,-137.0,-928.0
325.0,8.0,-707.0,678.0,-2.0,327.0,363.0,513.0,-237.0,-1131.0
348.0,-361.0,-755.0,751.0,13.0,235.0,370.0,491.0,-301.0,-1315.0
335.0,-764.0,-777.0,798.0,32.0,252.0,332.0,578.0,-299.0,-1446.0
304.0,-1289.0,-812.0,823.0,42.0,343.0,271.0,657.0,-289.0,-1538.0
267.0,-1872.0,-800.0,835.0,33.0,389.0,274.0,672.0,-273.0,-1600.0
237.0,-2266.0,-779.0,839.0,17.0,304.0,305.0,615.0,-260.0,-1618.0
203.0,-2382.0,-737.0,809.0,-1.0,161.0,311.0,576.0,-258.0,-1585.0
112.0,-2352.0,-654.0,782.0,-14.0,229.0,269.0,513.0,-257.0,-1528.0
76.0,-2274.0,-559.0,740.0,-11.0,363.0,238.0,428.0,-220.0,-1472.0
45.0,-2153.0,-438.0,710.0,12.0,359.0,247.0,495.0,-160.0,-1412.0
28.0,-1967.0,-304.0,681.0,47.0,300.0,260.0,356.0,-134.0,-1354.0
-25.0,-1665.0,-173.0,613.0,80.0,199.0,258.0,295.0,-104.0,-1301.0
-92.0,-1267.0,-11.0,543.0,102.0,200.0,213.0,275.0,-75.0,-1240.0
-140.0,-878.0,138.0,463.0,118.0,271.0,216.0,192.0,-47.0,-1154.0
-173.0,-467.0,286.0,377.0,144.0,298.0,258.0,249.0,-59.0,-1078.0
-137.0,-15.0,449.0,273.0,177.0,261.0,297.0,212.0,-100.0,-1017.0
-111.0,333.0,571.0,139.0,212.0,236.0,338.0,428.0,-85.0,-968.0
-49.0,515.0,688.0,-6.0,243.0,342.0,370.0,548.0,-69.0,-933.0
-1.0,617.0,783.0,-165.0,263.0,338.0,431.0,558.0,-73.0,-892.0
39.0,694.0,848.0,-323.0,266.0,191.0,487.0,604.0,-91.0,-874.0
75.0,636.0,898.0,-466.0,244.0,102.0,514.0,284.0,-158.0,-865.0
100.0,444.0,902.0,-647.0,206.0,91.0,521.0,136.0,-242.0,-841.0
146.0,244.0,899.0,-797.0,157.0,185.0,526.0,24.0,-284.0,-781.0
195.0,129.0,889.0,-899.0,101.0,191.0,536.0,-125.0,-275.0,-702.0
260.0,159.0,833.0,-1000.0,54.0,128.0,559.0,-157.0,-219.0,-638.0
269.0,259.0,776.0,-1038.0,30.0,239.0,615.0,-153.0,-150.0,-567.0
268.0,354.0,737.0,-1079.0,35.0,358.0,684.0,12.0,-100.0,-492.0
235.0,460.0,673.0,-1118.0,64.0,356.0,718.0,-14.0,-61.0,-419.0
231.0,536.0,602.0,-1113.0,99.0,307.0,698.0,5.0,-37.0,-363.0
248.0,544.0,541.0,-1079.0,129.0,324.0,678.0,90.0,8.0,-324.0
262.0,541.0,473.0,-1038.0,150.0,329.0,676.0,240.0,72.0,-283.0
296.0,557.0,392.0,-1019.0,160.0,185.0,651.0,509.0,175.0,-261.0
290.0,566.0,306.0,-969.0,161.0,73.0,595.0,602.0,264.0,-242.0
270.0,564.0,232.0,-913.0,164.0,58.0,537.0,776.0,295.0,-209.0
234.0,527.0,174.0,-872.0,169.0,43.0,493.0,759.0,315.0,-167.0
243.0,453.0,95.0,-827.0,165.0,-2.0,479.0,600.0,323.0,-113.0
264.0,400.0,50.0,-784.0,148.0,-6.0,477.0,485.0,359.0,-46.0
309.0,397.0,26.0,-741.0,123.0,82.0,432.0,404.0,363.0,32.0
356.0,443.0,-10.0,-674.0,88.0,58.0,363.0,545.0,330.0,111.0
377.0,588.0,20.0,-632.0,46.0,-26.0,311.0,591.0,307.0,189.0
402.0,789.0,53.0,-611.0,6.0,-4.0,280.0,663.0,282.0,270.0
465.0,886.0,76.0,-522.0,-24.0,47.0,260.0,609.0,275.0,333.0
532.0,860.0,104.0,-446.0,-39.0,108.0,249.0,437.0,227.0,361.0
567.0,858.0,155.0,-359.0,-35.0,164.0,239.0,315.0,118.0,367.0
627.0,893.0,209.0,-261.0,-32.0,185.0,235.0,70.0,0.0,359.0
663.0,879.0,232.0,-178.0,-40.0,128.0,229.0,44.0,-41.0,321.0
670.0,875.0,321.0,-81.0,-52.0,45.0,199.0,79.0,-30.0,288.0
626.0,940.0,406.0,-9.0,-57.0,23.0,159.0,247.0,-40.0,280.0
571.0,947.0,461.0,74.0,-48.0,58.0,113.0,587.0,-58.0,309.0
514.0,770.0,530.0,131.0,-30.0,33.0,82.0,812.0,-94.0,384.0
477.0,430.0,597.0,193.0,-19.0,-25.0,97.0,964.0,-67.0,470.0
445.0,33.0,640.0,289.0,-22.0,75.0,126.0,890.0,44.0,568.0
430.0,-368.0,686.0,371.0,-37.0,98.0,104.0,814.0,106.0,674.0
418.0,-800.0,717.0,436.0,-53.0,-2.0,45.0,668.0,138.0,774.0
379.0,-1197.0,699.0,508.0,-75.0,20.0,-18.0,521.0,237.0,854.0
326.0,-1485.0,677.0,596.0,-109.0,103.0,-57.0,478.0,396.0,916.0
233.0,-1730.0,633.0,666.0,-152.0,163.0,-54.0,419.0,555.0,965.0
197.0,-1944.0,573.0,780.0,-189.0,133.0,-53.0,467.0,659.0,964.0
169.0,-1975.0,496.0,891.0,-212.0,64.0,-77.0,378.0,714.0,928.0
185.0,-1808.0,385.0,1002.0,-222.0,75.0,-102.0,456.0,744.0,870.0
164.0,-1560.0,280.0,1127.0,-218.0,43.0,-95.0,484.0,745.0,780.0
149.0,-1261.0,181.0,1193.0,-204.0,16.0,-101.0,391.0,726.0,687.0
128.0,-970.0,60.0,1243.0,-194.0,146.0,-105.0,630.0,659.0,620.0
86.0,-744.0,-33.0,1254.0,-194.0,258.0,-54.0,598.0,549.0,593.0
88.0,-553.0,-101.0,1235.0,-199.0,247.0,-4.0,600.0,449.0,559.0
23.0,-345.0,-187.0,1202.0,-202.0,200.0,34.0,589.0,377.0,519.0
20.0,-72.0,-249.0,1147.0,-205.0,172.0,60.0,295.0,293.0,537.0
8.0,294.0,-287.0,1078.0,-204.0,208.0,61.0,168.0,183.0,566.0
20.0,704.0,-313.0,993.0,-189.0,209.0,56.0,20.0,90.0,582.0
-8.0,1056.0,-310.0,895.0,-167.0,159.0,44.0,68.0,0.0,587.0
-28.0,1331.0,-291.0,784.0,-158.0,206.0,48.0,134.0,-86.0,590.0
8.0,1533.0,-258.0,692.0,-167.0,240.0,72.0,212.0,-153.0,612.0
42.0,1593.0,-215.0,615.0,-181.0,281.0,99.0,356.0,-185.0,625.0
120.0,1500.0,-173.0,557.0,-189.0,350.0,104.0,282.0,-198.0,664.0
154.0,1392.0,-86.0,501.0,-196.0,295.0,101.0,297.0,-228.0,727.0
186.0,1364.0,24.0,405.0,-208.0,248.0,128.0,216.0,-250.0,787.0
171.0,1391.0,130.0,274.0,-220.0,208.0,160.0,177.0,-261.0,853.0
217.0,1450.0,238.0,187.0,-231.0,193.0,180.0,266.0,-287.0,913.0
242.0,1457.0,303.0,128.0,-237.0,219.0,157.0,262.0,-308.0,958.0
266.0,1264.0,352.0,76.0,-241.0,140.0,84.0,267.0,-280.0,955.0
298.0,889.0,398.0,44.0,-242.0,47.0,14.0,266.0,-227.0,950.0
303.0,480.0,420.0,-26.0,-235.0,41.0,-39.0,375.0,-194.0,946.0
299.0,39.0,481.0,-119.0,-218.0,48.0,-82.0,436.0,-185.0,921.0
275.0,-457.0,565.0,-204.0,-180.0,-9.0,-130.0,517.0,-200.0,893.0
296.0,-856.0,644.0,-257.0,-125.0,36.0,-174.0,580.0,-221.0,844.0
262.0,-1047.0,698.0,-276.0,-63.0,99.0,-201.0,548.0,-236.0,793.0
260.0,-1098.0,744.0,-269.0,7.0,27.0,-193.0,650.0,-218.0,724.0
205.0,-1062.0,770.0,-267.0,90.0,-4.0,-157.0,537.0,-190.0,647.0
168.0,-943.0,788.0,-256.0,179.0,41.0,-94.0,439.0,-186.0,569.0
137.0,-780.0,835.0,-269.0,263.0,129.0,-65.0,471.0,-183.0,467.0
98.0,-597.0,847.0,-318.0,340.0,109.0,-95.0,508.0,-177.0,364.0
83.0,-398.0,868.0,-336.0,403.0,58.0,-121.0,652.0,-201.0,262.0
64.0,-231.0,893.0,-368.0,453.0,132.0,-134.0,628.0,-240.0,148.0
100.0,-133.0,898.0,-390.0,486.0,185.0,-88.0,670.0,-257.0,7.0
85.0,-161.0,878.0,-415.0,505.0,212.0,-37.0,639.0,-272.0,-139.0
99.0,-323.0,849.0,-460.0,520.0,216.0,-20.0,582.0,-307.0,-302.0
96.0,-491.0,814.0,-508.0,533.0,214.0,-26.0,598.0,-347.0,-463.0
111.0,-544.0,739.0,-588.0,547.0,211.0,-42.0,424.0,-366.0,-618.0
114.0,-511.0,661.0,-684.0,550.0,151.0,-17.0,428.0,-361.0,-756.0
114.0,-462.0,569.0,-744.0,538.0,125.0,34.0,469.0,-343.0,-853.0
133.0,-391.0,478.0,-765.0,522.0,129.0,95.0,641.0,-317.0,-944.0
131.0,-337.0,336.0,-723.0,502.0,73.0,140.0,818.0,-259.0,-998.0
173.0,-335.0,174.0,-602.0,466.0,53.0,183.0,818.0,-173.0,-1039.0
180.0,-350.0,42.0,-500.0,414.0,164.0,186.0,896.0,-61.0,-1077.0
203.0,-367.0,-127.0,-380.0,354.0,220.0,158.0,694.0,60.0,-1109.0
217.0,-334.0,-255.0,-230.0,296.0,169.0,156.0,480.0,168.0,-1145.0
229.0,-171.0,-361.0,-96.0,243.0,127.0,165.0,245.0,259.0,-1159.0
200.0,98.0,-471.0,40.0,190.0,159.0,162.0,109.0,302.0,-1191.0
150.0,379.0,-566.0,183.0,137.0,215.0,153.0,216.0,320.0,-1236.0
110.0,687.0,-666.0,324.0,95.0,146.0,158.0,195.0,323.0,-1288.0
82.0,1051.0,-709.0,429.0,73.0,70.0,132.0,306.0,304.0,-1364.0
77.0,1408.0,-718.0,512.0,60.0,39.0,80.0,304.0,286.0,-1453.0
40.0,1707.0,-763.0,557.0,40.0,52.0,32.0,334.0,281.0,-1554.0
43.0,1920.0,-750.0,572.0,11.0,96.0,14.0,452.0,282.0,-1642.0
19.0,2053.0,-715.0,590.0,-21.0,93.0,12.0,473.0,276.0,-1727.0
0.0,2144.0,-752.0,595.0,-45.0,91.0,-12.0,609.0,288.0,-1803.0
-10.0,2188.0,-730.0,602.0,-65.0,100.0,-23.0,508.0,298.0,-1825.0
-29.0,2109.0,-677.0,597.0,-87.0,114.0,-66.0,437.0,261.0,-1789.0
0.0,1868.0,-606.0,576.0,-104.0,131.0,-79.0,345.0,226.0,-1713.0
25.0,1567.0,-500.0,547.0,-113.0,185.0,-6.0,127.0,225.0,-1601.0
65.0,1316.0,-388.0,535.0,-109.0,231.0,51.0,97.0,239.0,-1433.0
67.0,1089.0,-270.0,571.0,-91.0,285.0,60.0,147.0,220.0,-1248.0
72.0,823.0,-208.0,645.0,-62.0,352.0,21.0,317.0,182.0,-1070.0
61.0,507.0,-108.0,726.0,-28.0,317.0,9.0,339.0,190.0,-871.0
56.0,129.0,-3.0,813.0,-3.0,263.0,8.0,351.0,236.0,-677.0
61.0,-254.0,91.0,890.0,2.0,232.0,1.0,356.0,316.0,-486.0
42.0,-580.0,212.0,927.0,-9.0,226.0,34.0,284.0,396.0,-310.0
45.0,-853.0,297.0,945.0,-29.0,219.0,37.0,319.0,470.0,-131.0
34.0,-1084.0,395.0,968.0,-54.0,254.0,-23.0,243.0,588.0,54.0
50.0,-1323.0,463.0,983.0,-84.0,339.0,-129.0,315.0,740.0,192.0
33.0,-1566.0,515.0,945.0,-124.0,303.0,-217.0,369.0,875.0,326.0
36.0,-1752.0,556.0,848.0,-177.0,241.0,-264.0,384.0,943.0,454.0
0.0,-1862.0,591.0,712.0,-243.0,230.0,-269.0,482.0,975.0,551.0
-52.0,-1902.0,615.0,525.0,-315.0,230.0,-256.0,343.0,984.0,636.0
-98.0,-1866.0,648.0,347.0,-389.0,242.0,-283.0,245.0,971.0,724.0
-144.0,-1786.0,698.0,177.0,-449.0,260.0,-308.0,121.0,926.0,827.0
-114.0,-1682.0,691.0,24.0,-486.0,292.0,-334.0,142.0,810.0,913.0
-106.0,-1512.0,726.0,-76.0,-490.0,338.0,-360.0,247.0,687.0,992.0
-85.0,-1266.0,733.0,-172.0,-455.0,347.0,-342.0,232.0,565.0,1102.0
-118.0,-989.0,701.0,-224.0,-398.0,309.0,-302.0,389.0,452.0,1192.0
-102.0,-760.0,703.0,-249.0,-336.0,352.0,-268.0,393.0,354.0,1256.0
-108.0,-639.0,700.0,-274.0,-286.0,381.0,-269.0,465.0,204.0,1338.0
-98.0,-569.0,695.0,-284.0,-262.0,375.0,-274.0,524.0,19.0,1425.0
-42.0,-430.0,656.0,-307.0,-256.0,388.0,-273.0,432.0,-184.0,1501.0
-24.0,-257.0,626.0,-294.0,-251.0,344.0,-286.0,482.0,-362.0,1564.0
41.0,-114.0,546.0,-268.0,-232.0,329.0,-287.0,419.0,-515.0,1607.0
68.0,64.0,462.0,-269.0,-200.0,367.0,-272.0,404.0,-686.0,1615.0
129.0,276.0,407.0,-292.0,-165.0,444.0,-237.0,315.0,-834.0,1575.0
157.0,467.0,328.0,-363.0,-135.0,464.0,-207.0,299.0,-980.0,1522.0
226.0,604.0,264.0,-448.0,-115.0,472.0,-198.0,404.0,-1130.0,1463.0
269.0,692.0,205.0,-501.0,-107.0,521.0,-194.0,375.0,-1241.0,1378.0
310.0,815.0,123.0,-522.0,-110.0,554.0,-183.0,365.0,-1287.0,1285.0
348.0,1013.0,9.0,-541.0,-111.0,601.0,-185.0,323.0,-1292.0,1175.0
316.0,1189.0,-55.0,-561.0,-97.0,504.0,-219.0,478.0,-1291.0,1043.0
329.0,1285.0,-109.0,-518.0,-70.0,444.0,-275.0,363.0,-1240.0,893.0
315.0,1325.0,-175.0,-408.0,-36.0,638.0,-336.0,166.0,-1158.0,717.0
333.0,1326.0,-215.0,-281.0,-8.0,733.0,-328.0,242.0,-1104.0,534.0
320.0,1264.0,-239.0,-151.0,17.0,509.0,-244.0,121.0,-1057.0,360.0
352.0,1084.0,-243.0,-27.0,50.0,310.0,-152.0,144.0,-960.0,186.0
359.0,816.0,-231.0,114.0,74.0,404.0,-110.0,59.0,-818.0,27.0
305.0,610.0,-179.0,290.0,83.0,464.0,-140.0,59.0,-661.0,-109.0
245.0,537.0,-122.0,446.0,83.0,419.0,-174.0,286.0,-454.0,-220.0
181.0,495.0,-58.0,555.0,85.0,411.0,-187.0,251.0,-237.0,-298.0
138.0,409.0,35.0,649.0,94.0,373.0,-176.0,242.0,-50.0,-346.0
92.0,329.0,125.0,714.0,98.0,368.0,-140.0,218.0,119.0,-356.0
80.0,281.0,192.0,719.0,92.0,323.0,-108.0,336.0,271.0,-342.0
43.0,233.0,261.0,720.0,80.0,229.0,-83.0,443.0,416.0,-318.0
49.0,139.0,353.0,739.0,72.0,253.0,-111.0,260.0,536.0,-277.0
1.0,-44.0,426.0,747.0,77.0,306.0,-134.0,133.0,625.0,-229.0
-47.0,-305.0,483.0,775.0,93.0,317.0,-111.0,134.0,679.0,-192.0
-83.0,-531.0,548.0,817.0,121.0,333.0,-90.0,127.0,704.0,-157.0
-110.0,-672.0,561.0,891.0,151.0,299.0,-35.0,-136.0,725.0,-111.0
-85.0,-784.0,535.0,955.0,172.0,267.0,23.0,-234.0,732.0,-66.0
-72.0,-869.0,532.0,993.0,184.0,368.0,95.0,-153.0,705.0,-16.0
-47.0,-863.0,475.0,1051.0,199.0,422.0,153.0,-301.0,664.0,29.0
-68.0,-742.0,406.0,1060.0,224.0,283.0,187.0,-343.0,610.0,86.0
-46.0,-541.0,349.0,1030.0,255.0,155.0,251.0,-275.0,568.0,112.0
-32.0,-300.0,230.0,941.0,289.0,180.0,296.0,-153.0,550.0,76.0
-6.0,-75.0,112.0,814.0,313.0,253.0,337.0,-151.0,484.0,29.0
30.0,82.0,-29.0,702.0,323.0,248.0,359.0,-175.0,387.0,-42.0
87.0,133.0,-179.0,580.0,335.0,229.0,347.0,-42.0,272.0,-139.0
156.0,64.0,-304.0,505.0,359.0,225.0,304.0,-33.0,178.0,-260.0
192.0,-12.0,-418.0,446.0,401.0,190.0,269.0,-31.0,99.0,-390.0
255.0,-21.0,-498.0,363.0,442.0,125.0,268.0,-44.0,-7.0,-499.0
269.0,6.0,-578.0,252.0,468.0,98.0,260.0,36.0,-73.0,-620.0
300.0,46.0,-628.0,139.0,477.0,146.0,253.0,-27.0,-111.0,-706.0
327.0,117.0,-654.0,81.0,473.0,118.0,233.0,-243.0,-131.0,-781.0
359.0,259.0,-652.0,72.0,453.0,42.0,238.0,-186.0,-141.0,-860.0
365.0,417.0,-637.0,57.0,408.0,41.0,227.0,-297.0,-127.0,-904.0
329.0,479.0,-616.0,12.0,351.0,37.0,238.0,-445.0,-74.0,-940.0
293.0,418.0,-574.0,-27.0,278.0,-70.0,241.0,-471.0,10.0,-943.0
217.0,257.0,-520.0,-71.0,202.0,-129.0,203.0,-365.0,156.0,-931.0
148.0,45.0,-412.0,-86.0,129.0,-34.0,243.0,-171.0,286.0,-898.0
60.0,-121.0,-327.0,-63.0,56.0,14.0,272.0,-206.0,361.0,-818.0
-36.0,-174.0,-248.0,-18.0,-10.0,31.0,327.0,25.0,408.0,-736.0
-138.0,-126.0,-179.0,38.0,-63.0,73.0,386.0,227.0,448.0,-658.0
-251.0,-14.0,-174.0,86.0,-106.0,73.0,370.0,125.0,502.0,-576.0
-357.0,111.0,-133.0,159.0,-138.0,52.0,343.0,60.0,551.0,-485.0
-454.0,196.0,-115.0,262.0,-148.0,8.0,303.0,62.0,563.0,-393.0
-536.0,276.0,-129.0,322.0,-148.0,1.0,277.0,179.0,539.0,-310.0
-621.0,440.0,-119.0,343.0,-140.0,77.0,254.0,-44.0,502.0,-198.0
-682.0,689.0,-196.0,345.0,-126.0,109.0,254.0,-179.0,456.0,-97.0
-710.0,918.0,-242.0,323.0,-121.0,43.0,249.0,-36.0,400.0,-29.0
-750.0,1026.0,-270.0,292.0,-132.0,29.0,244.0,62.0,328.0,49.0
-766.0,1001.0,-345.0,223.0,-159.0,82.0,260.0,133.0,265.0,103.0
-767.0,914.0,-337.0,137.0,-194.0,112.0,282.0,1.0,223.0,136.0
-764.0,822.0,-332.0,22.0,-219.0,118.0,286.0,212.0,209.0,169.0
-760.0,684.0,-331.0,-154.0,-233.0,81.0,244.0,288.0,238.0,214.0
-770.0,410.0,-291.0,-339.0,-233.0,44.0,188.0,96.0,250.0,261.0
-744.0,8.0,-238.0,-494.0,-221.0,-7.0,99.0,68.0,263.0,269.0
-725.0,-389.0,-176.0,-636.0,-208.0,-58.0,9.0,-5.0,324.0,253.0
-686.0,-650.0,-99.0,-743.0,-203.0,-51.0,-70.0,70.0,389.0,238.0
-623.0,-748.0,-33.0,-837.0,-202.0,-95.0,-119.0,-29.0,429.0,202.0
-566.0,-790.0,3.0,-873.0,-199.0,-173.0,-119.0,-11.0,475.0,140.0
-505.0,-874.0,36.0,-840.0,-197.0,-210.0,-121.0,94.0,568.0,103.0
-470.0,-989.0,92.0,-802.0,-198.0,-220.0,-90.0,123.0,693.0,86.0
-432.0,-1092.0,160.0,-724.0,-195.0,-217.0,-54.0,328.0,802.0,86.0
-388.0,-1144.0,210.0,-647.0,-181.0,-182.0,-47.0,158.0,855.0,113.0
-371.0,-1163.0,262.0,-531.0,-169.0,-88.0,-74.0,20.0,862.0,156.0
-331.0,-1215.0,270.0,-401.0,-166.0,-69.0,-126.0,-36.0,812.0,213.0
-294.0,-1289.0,255.0,-266.0,-162.0,-179.0,-147.0,-133.0,741.0,258.0
-285.0,-1296.0,242.0,-87.0,-160.0,-169.0,-155.0,-149.0,672.0,313.0
-295.0,-1220.0,246.0,39.0,-164.0,-31.0,-177.0,-299.0,561.0,370.0
-309.0,-1031.0,235.0,134.0,-169.0,16.0,-197.0,-203.0,422.0,416.0
-280.0,-605.0,232.0,193.0,-170.0,26.0,-225.0,-175.0,269.0,466.0
-248.0,-38.0,293.0,221.0,-172.0,68.0,-290.0,-168.0,126.0,482.0
-192.0,445.0,299.0,252.0,-190.0,85.0,-340.0,-94.0,-32.0,495.0
-140.0,759.0,291.0,259.0,-213.0,68.0,-343.0,-109.0,-230.0,497.0
-90.0,904.0,301.0,255.0,-230.0,26.0,-292.0,-7.0,-397.0,485.0
-53.0,925.0,283.0,245.0,-243.0,-31.0,-202.0,-84.0,-542.0,482.0
-43.0,883.0,258.0,247.0,-251.0,-36.0,-139.0,-49.0,-629.0,484.0
-15.0,847.0,232.0,254.0,-248.0,-9.0,-115.0,-46.0,-629.0,505.0
37.0,888.0,218.0,224.0,-228.0,9.0,-104.0,-164.0,-627.0,512.0
145.0,1040.0,202.0,203.0,-195.0,48.0,-98.0,-138.0,-669.0,529.0
251.0,1216.0,152.0,233.0,-152.0,-3.0,-116.0,-214.0,-709.0,550.0
347.0,1304.0,122.0,251.0,-100.0,-156.0,-158.0,-212.0,-670.0,535.0
428.0,1261.0,96.0,263.0,-55.0,-100.0,-168.0,-232.0,-557.0,484.0
495.0,1140.0,82.0,301.0,-16.0,73.0,-144.0,-232.0,-400.0,422.0
545.0,1022.0,115.0,341.0,20.0,42.0,-140.0,-275.0,-262.0,347.0
591.0,862.0,155.0,411.0,58.0,-1.0,-154.0,-299.0,-181.0,246.0
630.0,609.0,203.0,465.0,95.0,57.0,-170.0,-181.0,-89.0,159.0
644.0,276.0,189.0,497.0,129.0,83.0,-152.0,-328.0,4.0,64.0
663.0,-119.0,200.0,543.0,161.0,28.0,-138.0,-332.0,50.0,-9.0
667.0,-520.0,190.0,567.0,191.0,9.0,-144.0,-339.0,72.0,-75.0
652.0,-839.0,130.0,623.0,224.0,35.0,-103.0,-367.0,78.0,-136.0
604.0,-1052.0,127.0,700.0,257.0,0.0,-39.0,-223.0,54.0,-151.0
543.0,-1168.0,89.0,757.0,281.0,-57.0,10.0,-243.0,16.0,-183.0
495.0,-1208.0,49.0,813.0,292.0,-10.0,0.0,-112.0,-56.0,-227.0
450.0,-1271.0,37.0,826.0,287.0,144.0,-54.0,-66.0,-185.0,-252.0
394.0,-1420.0,-4.0,806.0,261.0,87.0,-88.0,-64.0,-399.0,-281.0
349.0,-1593.0,-44.0,774.0,217.0,-89.0,-67.0,-169.0,-680.0,-323.0
292.0,-1738.0,-96.0,741.0,160.0,-71.0,12.0,-478.0,-945.0,-338.0
234.0,-1844.0,-152.0,705.0,92.0,33.0,67.0,-532.0,-1153.0,-314.0
173.0,-1858.0,-187.0,642.0,22.0,58.0,112.0,-648.0,-1289.0,-285.0
120.0,-1733.0,-250.0,564.0,-32.0,29.0,131.0,-589.0,-1360.0,-280.0
66.0,-1523.0,-282.0,467.0,-58.0,45.0,94.0,-500.0,-1370.0,-293.0
-44.0,-1291.0,-319.0,361.0,-58.0,25.0,51.0,-526.0,-1329.0,-308.0
-129.0,-1107.0,-379.0,268.0,-46.0,-55.0,24.0,-443.0,-1210.0,-370.0
-224.0,-968.0,-406.0,164.0,-36.0,-118.0,4.0,-582.0,-1031.0,-448.0
-264.0,-815.0,-465.0,55.0,-38.0,-156.0,-28.0,-537.0,-864.0,-482.0
-295.0,-686.0,-516.0,-89.0,-52.0,-189.0,-54.0,-537.0,-669.0,-528.0
-331.0,-601.0,-545.0,-240.0,-80.0,-255.0,-48.0,-535.0,-423.0,-570.0
-328.0,-510.0,-553.0,-294.0,-108.0,-286.0,-28.0,-397.0,-121.0,-580.0
-345.0,-341.0,-574.0,-306.0,-115.0,-283.0,-16.0,-482.0,175.0,-575.0
-339.0,-11.0,-584.0,-318.0,-105.0,-354.0,-8.0,-474.0,406.0,-553.0
-388.0,455.0,-556.0,-326.0,-83.0,-424.0,12.0,-493.0,597.0,-520.0
-398.0,916.0,-563.0,-338.0,-64.0,-352.0,48.0,-388.0,753.0,-447.0
-404.0,1274.0,-525.0,-352.0,-58.0,-279.0,101.0,-360.0,890.0,-359.0
-390.0,1509.0,-493.0,-393.0,-59.0,-343.0,179.0,-495.0,999.0,-278.0
-364.0,1613.0,-491.0,-405.0,-53.0,-326.0,232.0,-430.0,1063.0,-205.0
-379.0,1603.0,-476.0,-391.0,-33.0,-244.0,245.0,-563.0,1084.0,-137.0
-370.0,1528.0,-466.0,-374.0,1.0,-273.0,234.0,-753.0,1081.0,-79.0
-398.0,1416.0,-433.0,-335.0,52.0,-296.0,178.0,-787.0,1037.0,-51.0
-403.0,1300.0,-413.0,-269.0,105.0,-355.0,115.0,-618.0,936.0,-28.0
-430.0,1223.0,-385.0,-192.0,145.0,-418.0,95.0,-489.0,796.0,1.0
-398.0,1159.0,-349.0,-135.0,164.0,-409.0,132.0,-596.0,645.0,29.0
-357.0,1062.0,-313.0,-56.0,168.0,-394.0,188.0,-476.0,564.0,47.0
-361.0,925.0,-286.0,19.0,163.0,-357.0,211.0,-330.0,496.0,75.0
-347.0,815.0,-233.0,65.0,162.0,-421.0,208.0,-293.0,366.0,104.0
-361.0,794.0,-182.0,116.0,177.0,-524.0,190.0,-314.0,208.0,108.0
-357.0,803.0,-141.0,155.0,201.0,-477.0,152.0,-312.0,39.0,97.0
-351.0,773.0,-17.0,169.0,221.0,-327.0,124.0,-179.0,-127.0,93.0
-336.0,698.0,69.0,190.0,219.0,-239.0,137.0,-247.0,-274.0,67.0
-338.0,630.0,181.0,193.0,189.0,-295.0,187.0,-258.0,-384.0,-1.0
-341.0,613.0,310.0,158.0,137.0,-302.0,261.0,-181.0,-459.0,-59.0
-334.0,635.0,393.0,138.0,71.0,-252.0,324.0,-72.0,-526.0,-125.0
-339.0,677.0,487.0,122.0,8.0,-365.0,355.0,-36.0,-595.0,-200.0
-378.0,699.0,550.0,85.0,-40.0,-532.0,303.0,-221.0,-605.0,-284.0
-399.0,695.0,583.0,27.0,-64.0,-552.0,235.0,-210.0,-553.0,-366.0
-383.0,622.0,605.0,-25.0,-74.0,-466.0,181.0,-297.0,-484.0,-399.0
-390.0,382.0,626.0,-65.0,-83.0,-398.0,133.0,-430.0,-373.0,-434.0
-406.0,-24.0,577.0,-73.0,-92.0,-436.0,146.0,-556.0,-192.0,-441.0
-412.0,-464.0,549.0,-41.0,-98.0,-495.0,161.0,-639.0,8.0,-402.0
-393.0,-796.0,509.0,24.0,-86.0,-502.0,154.0,-513.0,189.0,-381.0
-409.0,-1014.0,402.0,59.0,-50.0,-496.0,116.0,-465.0,329.0,-374.0
-407.0,-1156.0,332.0,69.0,-5.0,-441.0,102.0,-214.0,404.0,-362.0
-418.0,-1204.0,234.0,93.0,28.0,-439.0,98.0,-179.0,426.0,-331.0
-416.0,-1140.0,138.0,85.0,49.0,-534.0,67.0,-94.0,400.0,-299.0
-394.0,-978.0,14.0,57.0,45.0,-542.0,48.0,264.0,345.0,-271.0
-398.0,-769.0,-95.0,37.0,21.0,-437.0,19.0,110.0,263.0,-211.0
-365.0,-592.0,-191.0,45.0,-16.0,-394.0,15.0,-81.0,143.0,-136.0
-353.0,-496.0,-332.0,41.0,-62.0,-504.0,28.0,-129.0,-30.0,-75.0
-336.0,-471.0,-415.0,36.0,-109.0,-500.0,47.0,-27.0,-219.0,-8.0
-338.0,-536.0,-518.0,27.0,-157.0,-300.0,46.0,-20.0,-358.0,53.0
-341.0,-706.0,-605.0,13.0,-199.0,-173.0,45.0,-251.0,-451.0,103.0
-350.0,-908.0,-672.0,60.0,-227.0,-228.0,70.0,-123.0,-499.0,123.0
-372.0,-1060.0,-753.0,113.0,-241.0,-290.0,75.0,-44.0,-543.0,114.0
-360.0,-1123.0,-802.0,143.0,-236.0,-206.0,70.0,-92.0,-568.0,117.0
-388.0,-1107.0,-852.0,161.0,-221.0,-160.0,61.0,-133.0,-536.0,106.0
-424.0,-1029.0,-862.0,218.0,-205.0,-192.0,52.0,-20.0,-477.0,78.0
-470.0,-863.0,-861.0,297.0,-188.0,-196.0,39.0,243.0,-403.0,69.0
-508.0,-634.0,-855.0,350.0,-169.0,-144.0,26.0,171.0,-357.0,79.0
-512.0,-417.0,-846.0,435.0,-144.0,-158.0,6.0,160.0,-316.0,84.0
-517.0,-259.0,-818.0,493.0,-123.0,-294.0,-42.0,-22.0,-202.0,97.0
-536.0,-219.0,-764.0,477.0,-116.0,-248.0,-79.0,-363.0,-53.0,138.0
-579.0,-290.0,-702.0,425.0,-119.0,-107.0,-89.0,-659.0,46.0,171.0
-608.0,-385.0,-623.0,359.0,-128.0,-107.0,-103.0,-772.0,97.0,183.0
-631.0,-415.0,-521.0,294.0,-130.0,-139.0,-135.0,-450.0,171.0,180.0
-652.0,-371.0,-414.0,224.0,-122.0,-150.0,-181.0,-375.0,268.0,166.0
-634.0,-336.0,-338.0,135.0,-102.0,-165.0,-235.0,-299.0,351.0,132.0
-609.0,-322.0,-225.0,18.0,-72.0,-132.0,-261.0,-441.0,417.0,56.0
-576.0,-301.0,-146.0,-99.0,-47.0,-79.0,-249.0,-752.0,452.0,-22.0
-516.0,-210.0,-81.0,-200.0,-35.0,-98.0,-267.0,-777.0,435.0,-99.0
-470.0,2.0,-14.0,-284.0,-33.0,-128.0,-286.0,-696.0,385.0,-184.0
-420.0,256.0,34.0,-367.0,-39.0,-159.0,-278.0,-448.0,303.0,-257.0
-351.0,470.0,117.0,-463.0,-49.0,-210.0,-246.0,-447.0,222.0,-323.0
-291.0,619.0,141.0,-541.0,-56.0,-279.0,-166.0,-441.0,180.0,-384.0
-244.0,673.0,197.0,-570.0,-65.0,-366.0,-87.0,-439.0,135.0,-430.0
-185.0,613.0,245.0,-552.0,-68.0,-384.0,-52.0,-369.0,71.0,-467.0
-122.0,471.0,243.0,-506.0,-62.0,-340.0,-87.0,-336.0,-17.0,-478.0
-49.0,349.0,265.0,-484.0,-54.0,-406.0,-165.0,-676.0,-127.0,-460.0
44.0,331.0,226.0,-473.0,-42.0,-563.0,-227.0,-703.0,-252.0,-451.0
133.0,388.0,198.0,-471.0,-35.0,-583.0,-223.0,-668.0,-371.0,-403.0
231.0,424.0,191.0,-459.0,-38.0,-480.0,-182.0,-668.0,-469.0,-325.0
308.0,361.0,146.0,-418.0,-37.0,-456.0,-141.0,-521.0,-557.0,-261.0
388.0,184.0,119.0,-420.0,-28.0,-542.0,-127.0,-428.0,-646.0,-187.0
439.0,-4.0,99.0,-423.0,-11.0,-498.0,-140.0,-216.0,-726.0,-112.0
475.0,-61.0,48.0,-437.0,11.0,-382.0,-114.0,-144.0,-763.0,-28.0
539.0,30.0,15.0,-487.0,39.0,-432.0,-98.0,-90.0,-770.0,18.0
589.0,118.0,-9.0,-524.0,61.0,-511.0,-121.0,-14.0,-780.0,44.0
639.0,41.0,-41.0,-553.0,67.0,-500.0,-133.0,-94.0,-784.0,74.0
679.0,-161.0,-99.0,-590.0,47.0,-438.0,-117.0,-101.0,-760.0,86.0
698.0,-349.0,-138.0,-652.0,12.0,-373.0,-128.0,-157.0,-717.0,73.0
684.0,-477.0,-154.0,-695.0,-9.0,-356.0,-180.0,-59.0,-665.0,44.0
692.0,-589.0,-214.0,-698.0,-9.0,-401.0,-242.0,24.0,-619.0,21.0
695.0,-755.0,-219.0,-647.0,10.0,-497.0,-288.0,5.0,-599.0,-18.0
672.0,-923.0,-260.0,-567.0,36.0,-542.0,-317.0,5.0,-565.0,-51.0
653.0,-930.0,-291.0,-504.0,64.0,-448.0,-310.0,-184.0,-512.0,-80.0
603.0,-770.0,-276.0,-465.0,89.0,-408.0,-258.0,-304.0,-438.0,-90.0
511.0,-622.0,-300.0,-403.0,103.0,-503.0,-221.0,-498.0,-358.0,-91.0
394.0,-562.0,-266.0,-283.0,105.0,-508.0,-188.0,-533.0,-298.0,-64.0
276.0,-499.0,-272.0,-147.0,93.0,-356.0,-191.0,-471.0,-234.0,5.0
153.0,-388.0,-286.0,-30.0,92.0,-254.0,-234.0,-528.0,-205.0,66.0
55.0,-172.0,-290.0,41.0,111.0,-363.0,-268.0,-465.0,-235.0,146.0
-28.0,133.0,-340.0,82.0,141.0,-443.0,-273.0,-485.0,-262.0,220.0
-119.0,395.0,-353.0,104.0,172.0,-365.0,-222.0,-341.0,-245.0,303.0
-212.0,612.0,-382.0,99.0,199.0,-329.0,-132.0,-306.0,-207.0,371.0
-293.0,850.0,-408.0,72.0,227.0,-357.0,-65.0,-406.0,-174.0,398.0
-368.0,1081.0,-404.0,84.0,256.0,-392.0,-60.0,-301.0,-116.0,435.0
-436.0,1238.0,-414.0,133.0,275.0,-412.0,-113.0,-388.0,-39.0,465.0
-470.0,1347.0,-413.0,191.0,272.0,-435.0,-207.0,-528.0,41.0,476.0
-485.0,1364.0,-393.0,227.0,258.0,-404.0,-280.0,-517.0,144.0,489.0
-462.0,1212.0,-391.0,221.0,243.0,-348.0,-303.0,-319.0,238.0,531.0
-454.0,934.0,-379.0,239.0,222.0,-327.0,-300.0,-144.0,332.0,562.0
-463.0,573.0,-366.0,245.0,204.0,-380.0,-296.0,-101.0,435.0,577.0
-459.0,249.0,-369.0,279.0,189.0,-436.0,-297.0,-64.0,516.0,605.0
-467.0,114.0,-344.0,314.0,173.0,-333.0,-315.0,-253.0,546.0,634.0
-441.0,112.0,-328.0,303.0,160.0,-325.0,-344.0,-367.0,537.0,643.0
-407.0,134.0,-306.0,333.0,138.0,-427.0,-359.0,-482.0,541.0,637.0
-338.0,216.0,-291.0,361.0,108.0,-410.0,-409.0,-541.0,536.0,643.0
-305.0,280.0,-287.0,372.0,72.0,-343.0,-472.0,-382.0,522.0,626.0
-295.0,167.0,-240.0,399.0,27.0,-355.0,-502.0,-437.0,526.0,562.0
-257.0,-106.0,-217.0,425.0,-20.0,-434.0,-496.0,-454.0,536.0,469.0
-243.0,-427.0,-179.0,428.0,-62.0,-422.0,-436.0,-659.0,510.0,384.0
-195.0,-681.0,-128.0,385.0,-90.0,-313.0,-381.0,-816.0,460.0,280.0
-160.0,-806.0,-115.0,357.0,-103.0,-231.0,-347.0,-687.0,399.0,141.0
-105.0,-868.0,-72.0,345.0,-110.0,-256.0,-322.0,-685.0,318.0,6.0
-90.0,-1012.0,-39.0,325.0,-122.0,-295.0,-325.0,-526.0,249.0,-126.0
-114.0,-1246.0,-16.0,297.0,-145.0,-294.0,-330.0,-482.0,177.0,-270.0
-138.0,-1470.0,28.0,231.0,-171.0,-256.0,-319.0,-352.0,100.0,-452.0
-191.0,-1609.0,32.0,173.0,-195.0,-151.0,-288.0,-145.0,33.0,-621.0
-228.0,-1641.0,60.0,152.0,-209.0,-118.0,-243.0,-277.0,-60.0,-770.0
-287.0,-1642.0,104.0,129.0,-216.0,-148.0,-181.0,-325.0,-160.0,-928.0
-322.0,-1618.0,117.0,82.0,-226.0,-200.0,-124.0,-221.0,-240.0,-1047.0
-380.0,-1484.0,174.0,80.0,-243.0,-196.0,-81.0,-48.0,-317.0,-1104.0
-408.0,-1180.0,200.0,96.0,-268.0,-25.0,-63.0,-134.0,-380.0,-1123.0
-431.0,-719.0,222.0,125.0,-304.0,23.0,-92.0,-334.0,-417.0,-1131.0
-468.0,-219.0,245.0,197.0,-345.0,-39.0,-111.0,-426.0,-437.0,-1092.0
-483.0,187.0,264.0,205.0,-377.0,-28.0,-112.0,-513.0,-452.0,-1004.0
-486.0,423.0,316.0,148.0,-396.0,-60.0,-125.0,-432.0,-506.0,-934.0
-450.0,538.0,350.0,60.0,-411.0,-135.0,-138.0,-460.0,-575.0,-859.0
-424.0,614.0,395.0,-12.0,-424.0,-198.0,-129.0,-321.0,-601.0,-763.0
-360.0,671.0,415.0,-77.0,-419.0,-209.0,-104.0,-182.0,-587.0,-679.0
-295.0,712.0,441.0,-171.0,-396.0,-241.0,-85.0,-201.0,-550.0,-605.0
-232.0,719.0,454.0,-243.0,-353.0,-304.0,-77.0,-103.0,-504.0,-532.0
-171.0,717.0,444.0,-315.0,-292.0,-283.0,-82.0,-184.0,-458.0,-446.0
-103.0,692.0,455.0,-449.0,-225.0,-182.0,-75.0,-253.0,-420.0,-366.0
-26.0,598.0,423.0,-579.0,-153.0,-122.0,-67.0,-493.0,-382.0,-296.0
48.0,483.0,383.0,-667.0,-88.0,-129.0,-89.0,-558.0,-342.0,-256.0
127.0,434.0,329.0,-765.0,-39.0,-158.0,-137.0,-443.0,-302.0,-234.0
217.0,423.0,250.0,-862.0,3.0,-145.0,-175.0,-554.0,-262.0,-207.0
284.0,407.0,141.0,-932.0,48.0,-89.0,-188.0,-533.0,-251.0,-233.0
320.0,425.0,29.0,-1022.0,93.0,-111.0,-207.0,-533.0,-262.0,-288.0
360.0,486.0,-108.0,-1137.0,130.0,-115.0,-200.0,-406.0,-254.0,-358.0
366.0,616.0,-297.0,-1186.0,171.0,-81.0,-160.0,-354.0,-224.0,-445.0
382.0,780.0,-432.0,-1208.0,216.0,-109.0,-113.0,-360.0,-188.0,-525.0
379.0,865.0,-581.0,-1269.0,256.0,-110.0,-49.0,-253.0,-154.0,-588.0
386.0,790.0,-740.0,-1331.0,281.0,-30.0,-18.0,-286.0,-126.0,-609.0
349.0,583.0,-873.0,-1333.0,284.0,-35.0,-48.0,-195.0,-101.0,-594.0
312.0,363.0,-1009.0,-1280.0,273.0,-131.0,-87.0,-238.0,-69.0,-549.0
261.0,199.0,-1118.0,-1195.0,259.0,-87.0,-76.0,-254.0,-52.0,-480.0
156.0,74.0,-1241.0,-1060.0,246.0,-45.0,-39.0,-195.0,-47.0,-402.0
71.0,-37.0,-1320.0,-874.0,230.0,-190.0,-37.0,-304.0,-24.0,-319.0
-34.0,-107.0,-1371.0,-650.0,214.0,-309.0,-61.0,-203.0,-2.0,-235.0
-112.0,-133.0,-1418.0,-456.0,201.0,-252.0,-70.0,-203.0,6.0,-142.0
-176.0,-86.0,-1430.0,-279.0,190.0,-228.0,-62.0,-206.0,22.0,-43.0
-200.0,49.0,-1436.0,-95.0,175.0,-285.0,-80.0,-153.0,47.0,69.0
-255.0,225.0,-1409.0,55.0,165.0,-248.0,-84.0,-127.0,70.0,175.0
-299.0,405.0,-1388.0,132.0,157.0,-110.0,-39.0,53.0,60.0,269.0
-338.0,490.0,-1348.0,206.0,143.0,-34.0,-16.0,20.0,-6.0,380.0
-380.0,444.0,-1293.0,286.0,133.0,-107.0,4.0,68.0,-92.0,482.0
-379.0,359.0,-1232.0,321.0,129.0,-159.0,32.0,157.0,-139.0,566.0
-362.0,369.0,-1125.0,359.0,127.0,-137.0,27.0,221.0,-147.0,661.0
-318.0,504.0,-1044.0,396.0,120.0,-123.0,21.0,341.0,-125.0,755.0
-302.0,636.0,-956.0,483.0,102.0,-198.0,29.0,386.0,-91.0,843.0
-281.0,651.0,-852.0,536.0,72.0,-237.0,52.0,485.0,-57.0,934.0
-290.0,535.0,-756.0,584.0,51.0,-173.0,93.0,345.0,-7.0,1006.0
-249.0,375.0,-620.0,669.0,41.0,-175.0,118.0,171.0,42.0,1048.0
-238.0,202.0,-490.0,682.0,33.0,-167.0,109.0,38.0,81.0,1076.0
-202.0,-68.0,-365.0,693.0,34.0,-115.0,104.0,42.0,125.0,1095.0
-168.0,-444.0,-258.0,666.0,41.0,-74.0,127.0,299.0,167.0,1088.0
-153.0,-822.0,-189.0,610.0,55.0,-54.0,186.0,395.0,197.0,1048.0
-99.0,-1086.0,-101.0,588.0,72.0,-35.0,253.0,491.0,211.0,995.0
-121.0,-1171.0,-48.0,553.0,85.0,-79.0,272.0,569.0,192.0,923.0
-103.0,-1141.0,-5.0,500.0,85.0,-206.0,278.0,517.0,159.0,831.0
-108.0,-1178.0,75.0,480.0,66.0,-201.0,308.0,327.0,132.0,755.0
-90.0,-1350.0,129.0,476.0,33.0,-108.0,345.0,24.0,113.0,693.0
-92.0,-1561.0,191.0,477.0,7.0,-126.0,358.0,-40.0,114.0,627.0
-81.0,-1642.0,245.0,484.0,-9.0,-171.0,346.0,-112.0,124.0,566.0
-65.0,-1570.0,291.0,463.0,-24.0,-184.0,325.0,-269.0,93.0,501.0
-46.0,-1445.0,340.0,411.0,-38.0,-150.0,263.0,-400.0,7.0,425.0
0.0,-1266.0,379.0,328.0,-53.0,-37.0,219.0,-443.0,-91.0,360.0
-6.0,-993.0,440.0,237.0,-62.0,-17.0,203.0,-306.0,-181.0,301.0
51.0,-640.0,476.0,124.0,-60.0,-77.0,161.0,-273.0,-221.0,226.0
84.0,-269.0,492.0,-1.0,-49.0,-89.0,156.0,-138.0,-239.0,152.0
111.0,92.0,484.0,-133.0,-40.0,-99.0,186.0,-101.0,-258.0,73.0
107.0,384.0,482.0,-232.0,-35.0,-171.0,258.0,-33.0,-289.0,-14.0
132.0,525.0,472.0,-296.0,-33.0,-216.0,339.0,90.0,-352.0,-92.0
173.0,486.0,445.0,-366.0,-40.0,-100.0,369.0,-7.0,-395.0,-187.0
199.0,260.0,445.0,-413.0,-53.0,-81.0,363.0,112.0,-423.0,-272.0
227.0,-25.0,417.0,-463.0,-68.0,-156.0,325.0,73.0,-422.0,-344.0
228.0,-196.0,406.0,-509.0,-83.0,-101.0,322.0,48.0,-388.0,-424.0
259.0,-210.0,394.0,-579.0,-100.0,-108.0,339.0,-1.0,-344.0,-478.0
243.0,-104.0,380.0,-620.0,-117.0,-142.0,336.0,-253.0,-285.0,-496.0
204.0,142.0,358.0,-591.0,-134.0,-127.0,313.0,-286.0,-252.0,-500.0
138.0,477.0,305.0,-537.0,-148.0,-73.0,235.0,-290.0,-245.0,-517.0
105.0,776.0,252.0,-446.0,-146.0,-13.0,135.0,-225.0,-215.0,-510.0
49.0,1029.0,183.0,-352.0,-129.0,-123.0,34.0,-227.0,-125.0,-487.0
0.0,1257.0,99.0,-264.0,-100.0,-169.0,-47.0,-145.0,-5.0,-480.0
-35.0,1395.0,29.0,-166.0,-67.0,4.0,-62.0,-72.0,105.0,-476.0
-59.0,1332.0,-23.0,-70.0,-45.0,113.0,-18.0,-103.0,211.0,-457.0
-101.0,1095.0,-114.0,44.0,-39.0,86.0,20.0,107.0,315.0,-443.0
-204.0,761.0,-182.0,185.0,-46.0,74.0,5.0,129.0,430.0,-447.0
-270.0,378.0,-276.0,259.0,-60.0,131.0,-3.0,134.0,528.0,-444.0
-359.0,32.0,-362.0,269.0,-77.0,216.0,32.0,103.0,558.0,-447.0
-395.0,-211.0,-445.0,259.0,-101.0,283.0,71.0,-101.0,558.0,-454.0
-457.0,-331.0,-521.0,191.0,-127.0,262.0,115.0,-96.0,544.0,-478.0
-471.0,-334.0,-556.0,121.0,-145.0,187.0,106.0,-225.0,490.0,-497.0
-477.0,-292.0,-586.0,61.0,-145.0,147.0,44.0,-299.0,399.0,-535.0
-459.0,-273.0,-554.0,-24.0,-137.0,129.0,-15.0,-310.0,274.0,-607.0
-432.0,-292.0,-591.0,-118.0,-133.0,95.0,-90.0,-282.0,148.0,-659.0
-454.0,-409.0,-584.0,-173.0,-135.0,88.0,-167.0,-118.0,40.0,-708.0
-403.0,-635.0,-563.0,-213.0,-137.0,152.0,-228.0,-101.0,-84.0,-755.0
-389.0,-890.0,-595.0,-216.0,-129.0,267.0,-228.0,-3.0,-205.0,-774.0
-300.0,-1043.0,-535.0,-171.0,-109.0,322.0,-192.0,-46.0,-297.0,-767.0
-233.0,-1006.0,-522.0,-125.0,-81.0,310.0,-191.0,-20.0,-350.0,-749.0
-135.0,-857.0,-505.0,-76.0,-46.0,310.0,-203.0,7.0,-361.0,-699.0
-59.0,-699.0,-425.0,-64.0,-12.0,373.0,-199.0,-92.0,-343.0,-622.0
2.0,-583.0,-399.0,-67.0,10.0,458.0,-172.0,-35.0,-286.0,-518.0
77.0,-491.0,-311.0,-66.0,26.0,351.0,-132.0,-205.0,-203.0,-404.0
117.0,-387.0,-252.0,-25.0,38.0,259.0,-96.0,-194.0,-97.0,-282.0
220.0,-276.0,-217.0,19.0,34.0,323.0,-64.0,-77.0,22.0,-145.0
235.0,-121.0,-109.0,17.0,17.0,390.0,-32.0,-68.0,131.0,-14.0
307.0,65.0,-70.0,17.0,-5.0,394.0,-30.0,36.0,227.0,136.0
324.0,204.0,33.0,-39.0,-29.0,344.0,-12.0,33.0,284.0,278.0
336.0,277.0,111.0,-110.0,-53.0,353.0,42.0,77.0,294.0,418.0
353.0,332.0,146.0,-155.0,-79.0,313.0,73.0,24.0,252.0,571.0
386.0,431.0,214.0,-219.0,-107.0,254.0,115.0,9.0,184.0,724.0
448.0,585.0,225.0,-280.0,-125.0,252.0,140.0,109.0,106.0,878.0
473.0,732.0,249.0,-325.0,-128.0,246.0,135.0,66.0,17.0,1031.0
561.0,842.0,265.0,-314.0,-119.0,220.0,155.0,66.0,-87.0,1171.0
560.0,854.0,271.0,-273.0,-101.0,294.0,179.0,24.0,-234.0,1288.0
582.0,740.0,268.0,-208.0,-66.0,423.0,162.0,7.0,-403.0,1388.0
579.0,612.0,259.0,-122.0,-16.0,358.0,139.0,49.0,-593.0,1442.0
566.0,545.0,247.0,-31.0,35.0,225.0,116.0,101.0,-778.0,1463.0
546.0,532.0,235.0,99.0,90.0,186.0,63.0,127.0,-929.0,1446.0
527.0,517.0,203.0,221.0,148.0,275.0,32.0,73.0,-1055.0,1410.0
534.0,448.0,164.0,334.0,198.0,329.0,48.0,112.0,-1151.0,1385.0
508.0,329.0,138.0,436.0,231.0,269.0,119.0,40.0,-1238.0,1355.0
524.0,178.0,90.0,457.0,248.0,273.0,171.0,3.0,-1304.0,1332.0
506.0,-34.0,63.0,425.0,264.0,395.0,176.0,0.0,-1339.0,1308.0
510.0,-329.0,18.0,383.0,272.0,401.0,183.0,-121.0,-1304.0,1272.0
486.0,-629.0,-9.0,308.0,264.0,201.0,164.0,-83.0,-1200.0,1242.0
437.0,-860.0,-35.0,241.0,245.0,154.0,146.0,-46.0,-1053.0,1226.0
364.0,-959.0,-97.0,173.0,220.0,168.0,154.0,107.0,-854.0,1219.0
274.0,-933.0,-110.0,55.0,203.0,104.0,166.0,314.0,-638.0,1225.0
180.0,-881.0,-148.0,-27.0,193.0,157.0,151.0,447.0,-405.0,1234.0
82.0,-845.0,-175.0,-107.0,190.0,239.0,120.0,618.0,-177.0,1252.0
-3.0,-780.0,-186.0,-198.0,203.0,233.0,96.0,698.0,40.0,1272.0
-104.0,-637.0,-201.0,-278.0,221.0,223.0,50.0,744.0,243.0,1276.0
-166.0,-423.0,-219.0,-376.0,237.0,256.0,24.0,561.0,407.0,1269.0
-241.0,-151.0,-269.0,-452.0,249.0,299.0,10.0,406.0,544.0,1219.0
-292.0,118.0,-288.0,-507.0,252.0,310.0,28.0,419.0,651.0,1157.0
-356.0,280.0,-325.0,-525.0,237.0,244.0,87.0,380.0,746.0,1085.0
-404.0,353.0,-349.0,-555.0,204.0,269.0,130.0,391.0,825.0,966.0
-430.0,408.0,-367.0,-583.0,172.0,361.0,166.0,201.0,885.0,845.0
-456.0,496.0,-397.0,-586.0,143.0,366.0,171.0,60.0,932.0,707.0
-440.0,672.0,-410.0,-578.0,121.0,402.0,182.0,57.0,960.0,529.0
-450.0,913.0,-444.0,-518.0,98.0,444.0,221.0,184.0,988.0,346.0
-442.0,1155.0,-449.0,-475.0,69.0,377.0,212.0,397.0,1006.0,188.0
-441.0,1341.0,-476.0,-439.0,36.0,225.0,183.0,290.0,1003.0,27.0
-412.0,1438.0,-486.0,-399.0,0.0,124.0,156.0,266.0,988.0,-141.0
-395.0,1428.0,-475.0,-359.0,-37.0,108.0,151.0,160.0,951.0,-281.0
-398.0,1256.0,-491.0,-266.0,-73.0,109.0,163.0,105.0,918.0,-389.0
-364.0,947.0,-465.0,-121.0,-109.0,134.0,148.0,173.0,903.0,-490.0
-346.0,575.0,-443.0,-1.0,-138.0,182.0,152.0,31.0,885.0,-589.0
-325.0,215.0,-404.0,89.0,-154.0,216.0,160.0,127.0,834.0,-657.0
-324.0,-51.0,-352.0,204.0,-155.0,171.0,160.0,90.0,757.0,-737.0
-297.0,-244.0,-332.0,318.0,-150.0,133.0,159.0,16.0,650.0,-814.0
-269.0,-390.0,-280.0,387.0,-141.0,247.0,147.0,51.0,507.0,-868.0
-263.0,-498.0,-238.0,418.0,-130.0,319.0,161.0,1.0,348.0,-901.0
-230.0,-584.0,-223.0,454.0,-117.0,258.0,193.0,121.0,199.0,-895.0
-184.0,-703.0,-175.0,442.0,-100.0,243.0,243.0,153.0,85.0,-895.0
-135.0,-910.0,-140.0,411.0,-85.0,283.0,257.0,73.0,19.0,-870.0
-78.0,-1113.0,-84.0,359.0,-71.0,305.0,241.0,-36.0,-27.0,-816.0
-2.0,-1238.0,-40.0,287.0,-59.0,293.0,219.0,-110.0,-80.0,-774.0
82.0,-1283.0,-6.0,259.0,-47.0,338.0,126.0,-212.0,-118.0,-744.0
162.0,-1220.0,50.0,252.0,-34.0,336.0,63.0,-304.0,-147.0,-729.0
227.0,-1071.0,74.0,269.0,-16.0,263.0,51.0,-310.0,-173.0,-720.0
298.0,-833.0,134.0,252.0,5.0,250.0,65.0,-356.0,-173.0,-749.0
364.0,-516.0,182.0,247.0,23.0,247.0,144.0,-247.0,-178.0,-787.0
445.0,-191.0,241.0,294.0,39.0,239.0,218.0,-173.0,-177.0,-808.0
508.0,173.0,314.0,319.0,51.0,179.0,269.0,-59.0,-175.0,-830.0
571.0,595.0,361.0,366.0,57.0,181.0,289.0,-59.0,-197.0,-838.0
636.0,936.0,421.0,435.0,60.0,186.0,252.0,-181.0,-242.0,-855.0
683.0,1130.0,445.0,477.0,53.0,109.0,200.0,48.0,-281.0,-847.0
725.0,1241.0,479.0,517.0,39.0,91.0,174.0,66.0,-310.0,-819.0
749.0,1249.0,485.0,512.0,13.0,61.0,183.0,168.0,-378.0,-789.0
786.0,1181.0,492.0,459.0,-22.0,39.0,183.0,249.0,-448.0,-731.0
796.0,1132.0,495.0,425.0,-57.0,55.0,194.0,-24.0,-514.0,-661.0
808.0,1075.0,436.0,346.0,-81.0,109.0,212.0,11.0,-561.0,-565.0
794.0,1006.0,388.0,238.0,-93.0,224.0,223.0,-131.0,-550.0,-457.0
784.0,963.0,303.0,121.0,-96.0,248.0,236.0,-219.0,-526.0,-339.0
780.0,903.0,184.0,-11.0,-89.0,141.0,216.0,-123.0,-482.0,-194.0
713.0,763.0,64.0,-117.0,-77.0,104.0,214.0,-123.0,-441.0,-52.0
666.0,540.0,-65.0,-235.0,-70.0,151.0,227.0,-29.0,-405.0,89.0
619.0,252.0,-193.0,-324.0,-74.0,167.0,206.0,-84.0,-338.0,233.0
567.0,-75.0,-292.0,-412.0,-82.0,194.0,201.0,-96.0,-252.0,373.0
502.0,-362.0,-406.0,-489.0,-88.0,219.0,210.0,-134.0,-146.0,492.0
440.0,-588.0,-510.0,-519.0,-90.0,282.0,224.0,-92.0,-60.0,603.0
373.0,-773.0,-587.0,-568.0,-95.0,332.0,236.0,-12.0,12.0,700.0
334.0,-877.0,-693.0,-586.0,-107.0,320.0,230.0,-7.0,84.0,774.0
301.0,-955.0,-745.0,-595.0,-115.0,346.0,219.0,107.0,133.0,823.0
258.0,-1064.0,-773.0,-592.0,-111.0,318.0,196.0,38.0,182.0,848.0
256.0,-1128.0,-787.0,-570.0,-100.0,237.0,163.0,-12.0,219.0,859.0
245.0,-1078.0,-765.0,-532.0,-79.0,298.0,107.0,-131.0,227.0,835.0
235.0,-910.0,-752.0,-464.0,-50.0,399.0,52.0,-203.0,225.0,800.0
192.0,-643.0,-715.0,-407.0,-12.0,363.0,31.0,-49.0,221.0,750.0
158.0,-324.0,-684.0,-345.0,23.0,300.0,20.0,-48.0,213.0,697.0
111.0,-36.0,-649.0,-310.0,57.0,314.0,4.0,12.0,196.0,665.0
67.0,186.0,-581.0,-290.0,93.0,357.0,-28.0,49.0,188.0,606.0
-6.0,353.0,-541.0,-256.0,117.0,335.0,-62.0,66.0,206.0,568.0
-96.0,419.0,-487.0,-247.0,123.0,319.0,-83.0,147.0,258.0,531.0
-138.0,388.0,-416.0,-256.0,106.0,419.0,-74.0,234.0,321.0,503.0
-218.0,313.0,-374.0,-278.0,79.0,476.0,-48.0,354.0,368.0,497.0
-295.0,195.0,-298.0,-298.0,59.0,410.0,-18.0,227.0,406.0,471.0
-370.0,86.0,-225.0,-303.0,48.0,333.0,24.0,125.0,428.0,486.0
-403.0,41.0,-147.0,-298.0,42.0,300.0,29.0,120.0,440.0,498.0
-451.0,58.0,-66.0,-281.0,43.0,292.0,-8.0,140.0,444.0,486.0
-475.0,118.0,29.0,-272.0,48.0,239.0,-74.0,177.0,447.0,472.0
-489.0,246.0,149.0,-245.0,58.0,211.0,-107.0,107.0,450.0,456.0
-489.0,455.0,239.0,-169.0,68.0,324.0,-89.0,25.0,448.0,429.0
-427.0,698.0,365.0,-75.0,78.0,431.0,-71.0,-120.0,418.0,383.0
-412.0,957.0,474.0,20.0,88.0,428.0,-62.0,-66.0,372.0,334.0
-349.0,1123.0,580.0,121.0,87.0,440.0,-96.0,-173.0,349.0,278.0
-294.0,1080.0,680.0,238.0,78.0,502.0,-118.0,-463.0,345.0,224.0
-220.0,879.0,757.0,341.0,63.0,542.0,-112.0,-282.0,346.0,180.0
-158.0,661.0,861.0,415.0,47.0,542.0,-121.0,99.0,346.0,177.0
-88.0,477.0,928.0,482.0,37.0,538.0,-108.0,550.0,345.0,190.0
14.0,256.0,1003.0,474.0,31.0,549.0,-100.0,750.0,357.0,225.0
115.0,-80.0,1073.0,431.0,23.0,567.0,-117.0,563.0,392.0,291.0
236.0,-530.0,1110.0,394.0,12.0,607.0,-142.0,417.0,434.0,381.0
317.0,-934.0,1151.0,341.0,5.0,675.0,-158.0,236.0,485.0,490.0
410.0,-1160.0,1175.0,320.0,11.0,630.0,-140.0,169.0,544.0,591.0
479.0,-1171.0,1184.0,275.0,29.0,491.0,-107.0,230.0,602.0,708.0
557.0,-1003.0,1183.0,237.0,48.0,486.0,-82.0,186.0,640.0,835.0
602.0,-800.0,1185.0,224.0,64.0,552.0,-95.0,99.0,666.0,948.0
631.0,-711.0,1179.0,190.0,71.0,533.0,-127.0,134.0,685.0,1034.0
650.0,-771.0,1153.0,155.0,64.0,438.0,-132.0,256.0,667.0,1129.0
643.0,-818.0,1103.0,116.0,55.0,431.0,-117.0,280.0,621.0,1217.0
621.0,-700.0,1040.0,94.0,43.0,497.0,-64.0,341.0,525.0,1260.0
584.0,-412.0,968.0,79.0,32.0,431.0,-9.0,341.0,381.0,1298.0
567.0,-39.0,865.0,91.0,29.0,329.0,7.0,508.0,196.0,1345.0
495.0,300.0,772.0,115.0,36.0,337.0,-38.0,674.0,-16.0,1371.0
447.0,555.0,672.0,130.0,48.0,438.0,-163.0,391.0,-223.0,1374.0
393.0,741.0,544.0,179.0,53.0,463.0,-303.0,262.0,-437.0,1378.0
354.0,883.0,411.0,209.0,52.0,422.0,-367.0,138.0,-645.0,1364.0
292.0,972.0,266.0,206.0,47.0,367.0,-343.0,90.0,-854.0,1318.0
223.0,995.0,120.0,216.0,47.0,274.0,-285.0,49.0,-1066.0,1243.0
171.0,973.0,-32.0,218.0,55.0,263.0,-210.0,-388.0,-1259.0,1141.0
113.0,945.0,-163.0,222.0,66.0,274.0,-167.0,-412.0,-1405.0,1007.0
69.0,880.0,-290.0,253.0,77.0,289.0,-154.0,-253.0,-1472.0,863.0
-3.0,754.0,-411.0,304.0,83.0,281.0,-140.0,-24.0,-1474.0,714.0
-39.0,645.0,-508.0,367.0,73.0,261.0,-127.0,293.0,-1422.0,574.0
-108.0,607.0,-582.0,432.0,54.0,313.0,-87.0,293.0,-1323.0,437.0
-152.0,630.0,-661.0,511.0,38.0,257.0,-70.0,376.0,-1181.0,283.0
-219.0,649.0,-697.0,529.0,27.0,152.0,-57.0,327.0,-1012.0,144.0
-266.0,615.0,-679.0,505.0,18.0,189.0,-30.0,336.0,-826.0,0.0
-297.0,552.0,-687.0,498.0,13.0,258.0,-13.0,349.0,-625.0,-150.0
-342.0,484.0,-626.0,442.0,8.0,229.0,-17.0,94.0,-443.0,-281.0
-346.0,409.0,-574.0,365.0,0.0,143.0,-56.0,-12.0,-276.0,-415.0
-396.0,312.0,-527.0,301.0,-15.0,173.0,-107.0,-92.0,-120.0,-543.0
-394.0,193.0,-447.0,216.0,-30.0,287.0,-179.0,-181.0,19.0,-677.0
-415.0,53.0,-383.0,88.0,-41.0,325.0,-219.0,-336.0,140.0,-812.0
-404.0,-112.0,-285.0,-4.0,-53.0,314.0,-181.0,-327.0,216.0,-935.0
-405.0,-338.0,-222.0,-69.0,-62.0,317.0,-123.0,-214.0,253.0,-1063.0
-395.0,-641.0,-157.0,-141.0,-69.0,298.0,-98.0,-31.0,269.0,-1174.0
-342.0,-961.0,-86.0,-193.0,-72.0,271.0,-95.0,321.0,269.0,-1268.0
-297.0,-1243.0,-33.0,-261.0,-71.0,219.0,-87.0,273.0,274.0,-1366.0
-182.0,-1417.0,14.0,-301.0,-70.0,102.0,-74.0,301.0,289.0,-1447.0
-104.0,-1419.0,54.0,-309.0,-68.0,54.0,-68.0,338.0,296.0,-1496.0
-19.0,-1240.0,96.0,-321.0,-67.0,23.0,-53.0,260.0,272.0,-1518.0
20.0,-909.0,103.0,-333.0,-66.0,10.0,-6.0,474.0,224.0,-1510.0
80.0,-489.0,106.0,-320.0,-66.0,98.0,28.0,314.0,181.0,-1471.0
113.0,-106.0,107.0,-303.0,-58.0,105.0,14.0,249.0,151.0,-1418.0
125.0,109.0,74.0,-255.0,-36.0,35.0,-24.0,206.0,139.0,-1355.0
182.0,195.0,58.0,-196.0,-11.0,66.0,-44.0,-216.0,140.0,-1276.0
223.0,299.0,54.0,-152.0,6.0,148.0,-15.0,-408.0,144.0,-1194.0
291.0,445.0,38.0,-58.0,16.0,109.0,35.0,-604.0,187.0,-1111.0
318.0,538.0,68.0,-1.0,21.0,1.0,82.0,-705.0,260.0,-1005.0
374.0,559.0,74.0,38.0,32.0,-62.0,112.0,-672.0,342.0,-890.0
408.0,545.0,106.0,88.0,41.0,-63.0,98.0,-561.0,453.0,-761.0
439.0,506.0,157.0,110.0,55.0,-16.0,71.0,-415.0,584.0,-614.0
459.0,466.0,192.0,110.0,79.0,23.0,70.0,-245.0,742.0,-463.0
502.0,427.0,295.0,83.0,97.0,11.0,55.0,-70.0,896.0,-311.0
576.0,344.0,335.0,51.0,112.0,-18.0,68.0,-92.0,1034.0,-168.0
601.0,211.0,400.0,38.0,114.0,45.0,104.0,86.0,1163.0,-13.0
652.0,54.0,487.0,43.0,95.0,100.0,141.0,116.0,1236.0,117.0
684.0,-59.0,534.0,25.0,64.0,76.0,194.0,84.0,1300.0,220.0
728.0,-81.0,569.0,6.0,28.0,81.0,235.0,160.0,1347.0,323.0
752.0,-30.0,597.0,-36.0,-7.0,114.0,303.0,-16.0,1350.0,395.0
775.0,57.0,652.0,-82.0,-39.0,173.0,382.0,24.0,1336.0,437.0
804.0,156.0,640.0,-97.0,-68.0,158.0,460.0,70.0,1283.0,454.0
818.0,237.0,670.0,-130.0,-97.0,90.0,515.0,92.0,1210.0,456.0
834.0,293.0,674.0,-165.0,-112.0,103.0,514.0,271.0,1107.0,461.0
829.0,357.0,675.0,-211.0,-114.0,181.0,469.0,397.0,951.0,450.0
822.0,397.0,681.0,-268.0,-114.0,271.0,407.0,508.0,781.0,455.0
802.0,409.0,656.0,-318.0,-109.0,285.0,375.0,415.0,605.0,477.0
798.0,459.0,696.0,-342.0,-97.0,313.0,347.0,352.0,425.0,508.0
761.0,491.0,653.0,-385.0,-79.0,359.0,333.0,275.0,277.0,575.0
712.0,394.0,644.0,-442.0,-50.0,321.0,323.0,103.0,157.0,656.0
674.0,178.0,645.0,-476.0,-7.0,330.0,314.0,179.0,44.0,766.0
643.0,-39.0,582.0,-475.0,42.0,404.0,330.0,286.0,-35.0,895.0
612.0,-223.0,565.0,-432.0,92.0,479.0,376.0,330.0,-78.0,1019.0
570.0,-386.0,554.0,-390.0,123.0,474.0,453.0,216.0,-84.0,1148.0
525.0,-525.0,520.0,-321.0,124.0,396.0,522.0,303.0,-53.0,1265.0
474.0,-628.0,527.0,-259.0,106.0,398.0,596.0,448.0,-16.0,1354.0
409.0,-621.0,522.0,-198.0,76.0,396.0,654.0,295.0,28.0,1405.0
321.0,-496.0,483.0,-121.0,44.0,325.0,659.0,317.0,79.0,1434.0
257.0,-346.0,491.0,-60.0,16.0,343.0,631.0,245.0,113.0,1428.0
186.0,-247.0,454.0,-6.0,-5.0,442.0,598.0,234.0,145.0,1378.0
110.0,-181.0,440.0,-21.0,-11.0,465.0,561.0,345.0,161.0,1307.0
5.0,-95.0,423.0,-49.0,1.0,407.0,503.0,399.0,143.0,1194.0
-89.0,33.0,354.0,-49.0,26.0,390.0,433.0,384.0,115.0,1058.0
-183.0,205.0,319.0,-60.0,59.0,356.0,352.0,360.0,64.0,917.0
-316.0,339.0,265.0,-56.0,84.0,251.0,303.0,600.0,1.0,756.0
-436.0,390.0,209.0,-49.0,94.0,239.0,309.0,615.0,-71.0,589.0
-540.0,415.0,179.0,-54.0,95.0,344.0,322.0,648.0,-163.0,431.0
-630.0,414.0,84.0,-6.0,98.0,375.0,338.0,582.0,-246.0,305.0
-714.0,344.0,25.0,52.0,99.0,281.0,350.0,332.0,-317.0,201.0
-784.0,225.0,-16.0,76.0,93.0,256.0,344.0,426.0,-367.0,129.0
-870.0,118.0,-102.0,128.0,81.0,339.0,328.0,454.0,-423.0,108.0
-904.0,105.0,-125.0,162.0,58.0,351.0,320.0,585.0,-485.0,108.0
-927.0,215.0,-195.0,221.0,27.0,244.0,338.0,641.0,-543.0,134.0
-960.0,414.0,-217.0,319.0,-5.0,178.0,374.0,493.0,-594.0,161.0
-962.0,656.0,-262.0,415.0,-36.0,175.0,387.0,569.0,-636.0,176.0
-968.0,821.0,-295.0,512.0,-56.0,91.0,355.0,535.0,-682.0,197.0
-945.0,829.0,-290.0,587.0,-57.0,-66.0,308.0,500.0,-691.0,211.0
-914.0,723.0,-318.0,624.0,-44.0,-170.0,282.0,580.0,-678.0,220.0
-870.0,549.0,-277.0,612.0,-17.0,-76.0,252.0,661.0,-681.0,227.0
-820.0,337.0,-263.0,632.0,14.0,40.0,199.0,679.0,-674.0,228.0
-744.0,149.0,-207.0,647.0,45.0,57.0,121.0,565.0,-637.0,234.0
-677.0,-2.0,-168.0,643.0,67.0,59.0,28.0,511.0,-587.0,225.0
-622.0,-202.0,-122.0,644.0,88.0,13.0,-49.0,378.0,-532.0,220.0
-545.0,-416.0,-40.0,658.0,113.0,3.0,-92.0,354.0,-469.0,219.0
-465.0,-502.0,2.0,672.0,132.0,-2.0,-93.0,500.0,-406.0,201.0
-362.0,-458.0,72.0,629.0,135.0,-75.0,-95.0,522.0,-310.0,184.0
-261.0,-390.0,146.0,586.0,118.0,-151.0,-121.0,509.0,-197.0,158.0
-135.0,-312.0,208.0,525.0,85.0,-179.0,-170.0,502.0,-97.0,133.0
-2.0,-178.0,288.0,454.0,46.0,-151.0,-210.0,580.0,8.0,96.0
130.0,-43.0,339.0,374.0,7.0,-127.0,-206.0,517.0,84.0,41.0
241.0,-8.0,395.0,273.0,-27.0,-209.0,-176.0,461.0,118.0,-20.0
348.0,-72.0,480.0,160.0,-59.0,-269.0,-154.0,460.0,135.0,-96.0
464.0,-185.0,523.0,40.0,-85.0,-191.0,-183.0,297.0,123.0,-198.0
572.0,-268.0,582.0,-110.0,-100.0,-241.0,-250.0,243.0,82.0,-316.0
685.0,-260.0,607.0,-268.0,-107.0,-415.0,-278.0,97.0,41.0,-423.0
768.0,-192.0,619.0,-388.0,-113.0,-481.0,-285.0,84.0,-18.0,-552.0
860.0,-106.0,655.0,-487.0,-120.0,-425.0,-305.0,201.0,-97.0,-676.0
927.0,-54.0,670.0,-563.0,-130.0,-364.0,-335.0,238.0,-201.0,-795.0
983.0,-91.0,686.0,-650.0,-140.0,-396.0,-404.0,454.0,-330.0,-915.0
1011.0,-220.0,691.0,-667.0,-145.0,-432.0,-476.0,519.0,-456.0,-1014.0
1023.0,-457.0,688.0,-615.0,-156.0,-396.0,-538.0,473.0,-575.0,-1107.0
1050.0,-776.0,688.0,-526.0,-166.0,-411.0,-585.0,476.0,-685.0,-1171.0
1036.0,-1009.0,651.0,-408.0,-164.0,-450.0,-593.0,554.0,-790.0,-1215.0
1034.0,-1020.0,617.0,-301.0,-149.0,-446.0,-589.0,515.0,-877.0,-1242.0
1016.0,-827.0,577.0,-204.0,-123.0,-509.0,-576.0,375.0,-940.0,-1254.0
981.0,-481.0,502.0,-127.0,-95.0,-506.0,-561.0,412.0,-992.0,-1244.0
942.0,-92.0,458.0,-56.0,-70.0,-394.0,-584.0,275.0,-1008.0,-1216.0
881.0,194.0,396.0,-18.0,-56.0,-275.0,-624.0,284.0,-1001.0,-1208.0
799.0,317.0,330.0,-14.0,-46.0,-236.0,-617.0,399.0,-983.0,-1195.0
719.0,270.0,282.0,-71.0,-33.0,-301.0,-589.0,369.0,-920.0,-1148.0
630.0,124.0,220.0,-161.0,-12.0,-327.0,-550.0,380.0,-801.0,-1113.0
541.0,-12.0,165.0,-224.0,16.0,-265.0,-494.0,358.0,-623.0,-1078.0
459.0,-116.0,103.0,-274.0,36.0,-226.0,-441.0,400.0,-411.0,-1022.0
372.0,-203.0,55.0,-317.0,39.0,-263.0,-403.0,221.0,-201.0,-959.0
293.0,-307.0,-2.0,-343.0,36.0,-239.0,-408.0,142.0,27.0,-911.0
193.0,-432.0,-59.0,-329.0,42.0,-189.0,-417.0,134.0,269.0,-889.0
109.0,-504.0,-96.0,-311.0,63.0,-245.0,-403.0,-3.0,511.0,-852.0
7.0,-478.0,-134.0,-276.0,89.0,-351.0,-415.0,151.0,753.0,-830.0
-62.0,-413.0,-170.0,-242.0,112.0,-352.0,-429.0,138.0,968.0,-835.0
-150.0,-398.0,-185.0,-229.0,119.0,-278.0,-400.0,51.0,1131.0,-819.0
-216.0,-480.0,-185.0,-224.0,117.0,-245.0,-347.0,-7.0,1260.0,-800.0
-268.0,-658.0,-159.0,-225.0,111.0,-255.0,-297.0,-138.0,1372.0,-775.0
-338.0,-811.0,-132.0,-217.0,98.0,-256.0,-261.0,-169.0,1432.0,-751.0
-374.0,-805.0,-70.0,-212.0,84.0,-265.0,-234.0,-181.0,1446.0,-707.0
-439.0,-697.0,17.0,-162.0,72.0,-230.0,-237.0,-12.0,1430.0,-643.0
-453.0,-616.0,63.0,-128.0,66.0,-72.0,-235.0,120.0,1412.0,-584.0
-513.0,-588.0,162.0,-136.0,57.0,-13.0,-212.0,243.0,1385.0,-505.0
-569.0,-534.0,236.0,-100.0,32.0,42.0,-168.0,293.0,1331.0,-433.0
-623.0,-378.0,297.0,-34.0,-1.0,107.0,-121.0,179.0,1287.0,-361.0
-660.0,-118.0,389.0,64.0,-33.0,113.0,-103.0,260.0,1234.0,-293.0
-692.0,185.0,429.0,179.0,-45.0,158.0,-90.0,266.0,1183.0,-238.0
-734.0,456.0,496.0,276.0,-38.0,143.0,-99.0,236.0,1123.0,-145.0
-713.0,669.0,551.0,381.0,-28.0,156.0,-77.0,210.0,1031.0,-59.0
-749.0,840.0,561.0,502.0,-21.0,202.0,-43.0,147.0,935.0,22.0
-732.0,1003.0,601.0,596.0,-19.0,248.0,-8.0,238.0,822.0,127.0
-726.0,1163.0,614.0,631.0,-16.0,241.0,44.0,334.0,711.0,229.0
-703.0,1241.0,604.0,643.0,-18.0,223.0,52.0,430.0,628.0,329.0
-667.0,1211.0,597.0,621.0,-19.0,244.0,64.0,317.0,544.0,436.0
-636.0,1197.0,557.0,572.0,-13.0,142.0,107.0,365.0,455.0,552.0
-558.0,1274.0,529.0,569.0,-6.0,12.0,160.0,504.0,367.0,657.0
-475.0,1337.0,456.0,534.0,5.0,65.0,193.0,367.0,256.0,745.0
-357.0,1291.0,379.0,452.0,29.0,146.0,206.0,419.0,146.0,819.0
-280.0,1106.0,292.0,385.0,48.0,85.0,203.0,310.0,58.0,892.0
-175.0,792.0,191.0,296.0,46.0,60.0,188.0,144.0,-31.0,954.0
-92.0,461.0,161.0,227.0,23.0,175.0,222.0,147.0,-104.0,987.0
-25.0,218.0,84.0,209.0,-12.0,277.0,282.0,77.0,-172.0,1030.0
55.0,34.0,21.0,204.0,-49.0,247.0,317.0,-3.0,-238.0,1063.0
143.0,-149.0,5.0,221.0,-83.0,204.0,344.0,-142.0,-294.0,1087.0
250.0,-319.0,-48.0,262.0,-110.0,198.0,347.0,-109.0,-369.0,1103.0
336.0,-370.0,-72.0,318.0,-125.0,162.0,325.0,-20.0,-451.0,1119.0
423.0,-208.0,-77.0,373.0,-128.0,123.0,327.0,114.0,-542.0,1142.0
483.0,88.0,-61.0,408.0,-118.0,128.0,352.0,262.0,-647.0,1133.0
543.0,366.0,-51.0,399.0,-91.0,105.0,392.0,182.0,-746.0,1123.0
553.0,557.0,-29.0,377.0,-44.0,-29.0,435.0,219.0,-840.0,1087.0
551.0,633.0,59.0,312.0,8.0,-110.0,461.0,256.0,-935.0,1014.0
549.0,546.0,78.0,240.0,48.0,-79.0,469.0,262.0,-1031.0,921.0
527.0,329.0,106.0,212.0,75.0,-32.0,439.0,441.0,-1121.0,801.0
517.0,141.0,170.0,159.0,94.0,-96.0,403.0,448.0,-1191.0,678.0
483.0,53.0,154.0,106.0,105.0,-225.0,399.0,242.0,-1233.0,520.0
451.0,-18.0,155.0,41.0,93.0,-329.0,392.0,90.0,-1228.0,348.0
416.0,-149.0,164.0,-5.0,57.0,-415.0,378.0,66.0,-1207.0,168.0
381.0,-333.0,141.0,-3.0,24.0,-448.0,352.0,40.0,-1174.0,-34.0
332.0,-517.0,123.0,-55.0,10.0,-407.0,322.0,125.0,-1098.0,-222.0
263.0,-590.0,96.0,-86.0,16.0,-343.0,319.0,254.0,-988.0,-400.0
200.0,-490.0,88.0,-89.0,25.0,-415.0,283.0,216.0,-872.0,-568.0
142.0,-313.0,51.0,-130.0,20.0,-500.0,239.0,218.0,-772.0,-721.0
76.0,-196.0,-9.0,-199.0,8.0,-538.0,210.0,164.0,-672.0,-862.0
13.0,-183.0,-32.0,-256.0,-9.0,-516.0,132.0,131.0,-560.0,-999.0
-36.0,-226.0,-86.0,-297.0,-28.0,-497.0,54.0,83.0,-456.0,-1139.0
-89.0,-238.0,-125.0,-377.0,-38.0,-599.0,4.0,92.0,-366.0,-1295.0
-124.0,-199.0,-174.0,-438.0,-33.0,-637.0,-13.0,145.0,-293.0,-1435.0
-158.0,-186.0,-218.0,-464.0,-22.0,-691.0,37.0,3.0,-227.0,-1561.0
-190.0,-219.0,-266.0,-453.0,-25.0,-711.0,93.0,160.0,-141.0,-1686.0
-234.0,-297.0,-282.0,-431.0,-40.0,-623.0,112.0,242.0,-61.0,-1758.0
-279.0,-417.0,-256.0,-429.0,-59.0,-571.0,99.0,190.0,7.0,-1796.0
-341.0,-517.0,-293.0,-420.0,-86.0,-608.0,65.0,206.0,88.0,-1800.0
-397.0,-514.0,-270.0,-407.0,-121.0,-725.0,60.0,118.0,176.0,-1766.0
-452.0,-429.0,-258.0,-387.0,-154.0,-793.0,62.0,194.0,293.0,-1708.0
-500.0,-383.0,-249.0,-377.0,-170.0,-770.0,63.0,25.0,417.0,-1604.0
-509.0,-443.0,-241.0,-359.0,-176.0,-704.0,65.0,22.0,542.0,-1488.0
-537.0,-566.0,-250.0,-338.0,-175.0,-661.0,51.0,149.0,670.0,-1365.0
-538.0,-657.0,-225.0,-297.0,-170.0,-590.0,32.0,-9.0,760.0,-1223.0
-552.0,-668.0,-256.0,-245.0,-156.0,-563.0,-17.0,35.0,825.0,-1084.0
-533.0,-630.0,-249.0,-186.0,-132.0,-613.0,-117.0,75.0,856.0,-948.0
-505.0,-580.0,-207.0,-81.0,-116.0,-596.0,-234.0,218.0,847.0,-815.0
-485.0,-512.0,-188.0,6.0,-111.0,-580.0,-342.0,360.0,835.0,-677.0
-415.0,-378.0,-132.0,62.0,-106.0,-605.0,-412.0,279.0,815.0,-523.0
-346.0,-147.0,-47.0,89.0,-96.0,-624.0,-440.0,275.0,762.0,-381.0
-271.0,183.0,-4.0,93.0,-80.0,-580.0,-444.0,306.0,684.0,-233.0
-209.0,525.0,36.0,91.0,-57.0,-500.0,-392.0,362.0,585.0,-58.0
-110.0,791.0,92.0,63.0,-34.0,-494.0,-306.0,284.0,461.0,101.0
-35.0,1010.0,131.0,31.0,-7.0,-490.0,-238.0,230.0,356.0,244.0
43.0,1179.0,189.0,-21.0,26.0,-447.0,-214.0,179.0,280.0,393.0
123.0,1237.0,234.0,-88.0,60.0,-467.0,-259.0,64.0,198.0,534.0
179.0,1122.0,295.0,-148.0,92.0,-428.0,-338.0,90.0,118.0,649.0
252.0,794.0,327.0,-191.0,111.0,-340.0,-392.0,55.0,58.0,746.0
284.0,314.0,359.0,-231.0,117.0,-291.0,-413.0,103.0,32.0,830.0
311.0,-135.0,440.0,-283.0,116.0,-360.0,-400.0,86.0,12.0,894.0
330.0,-393.0,471.0,-309.0,110.0,-490.0,-358.0,64.0,-11.0,916.0
357.0,-501.0,514.0,-315.0,103.0,-396.0,-307.0,97.0,-33.0,919.0
375.0,-562.0,548.0,-316.0,111.0,-298.0,-269.0,31.0,-51.0,916.0
394.0,-525.0,575.0,-297.0,134.0,-309.0,-267.0,256.0,-56.0,869.0
405.0,-333.0,573.0,-238.0,151.0,-310.0,-286.0,336.0,-58.0,802.0
388.0,-79.0,580.0,-186.0,156.0,-242.0,-323.0,369.0,-62.0,748.0
380.0,120.0,618.0,-118.0,147.0,-162.0,-378.0,513.0,-58.0,701.0
345.0,284.0,575.0,-5.0,118.0,-204.0,-415.0,461.0,-54.0,631.0
316.0,448.0,586.0,111.0,77.0,-244.0,-436.0,430.0,-71.0,556.0
301.0,545.0,560.0,235.0,34.0,-191.0,-455.0,286.0,-90.0,512.0
275.0,509.0,506.0,345.0,-1.0,-64.0,-450.0,262.0,-139.0,430.0
258.0,392.0,495.0,429.0,-25.0,-81.0,-397.0,258.0,-223.0,318.0
235.0,320.0,458.0,471.0,-38.0,-185.0,-356.0,223.0,-329.0,209.0
213.0,319.0,426.0,494.0,-39.0,-165.0,-317.0,236.0,-448.0,85.0
179.0,329.0,358.0,528.0,-30.0,-95.0,-288.0,157.0,-560.0,-36.0
158.0,352.0,325.0,519.0,-17.0,-36.0,-317.0,245.0,-677.0,-161.0
151.0,372.0,259.0,449.0,-10.0,-60.0,-305.0,242.0,-774.0,-261.0
134.0,296.0,220.0,384.0,-7.0,-130.0,-271.0,238.0,-851.0,-348.0
145.0,88.0,173.0,322.0,-3.0,-107.0,-247.0,147.0,-925.0,-433.0
150.0,-210.0,70.0,259.0,-7.0,0.0,-215.0,53.0,-968.0,-474.0
135.0,-540.0,69.0,247.0,-19.0,116.0,-190.0,249.0,-997.0,-501.0
87.0,-838.0,13.0,251.0,-34.0,131.0,-173.0,138.0,-1009.0,-512.0
23.0,-1055.0,-35.0,289.0,-51.0,50.0,-189.0,105.0,-980.0,-512.0
-25.0,-1100.0,-44.0,373.0,-60.0,37.0,-188.0,173.0,-916.0,-502.0
-78.0,-893.0,-111.0,477.0,-58.0,10.0,-219.0,103.0,-819.0,-490.0
-147.0,-478.0,-164.0,605.0,-44.0,-77.0,-280.0,197.0,-691.0,-494.0
-205.0,-31.0,-241.0,713.0,-26.0,-102.0,-278.0,262.0,-561.0,-499.0
-230.0,289.0,-311.0,805.0,-2.0,28.0,-218.0,404.0,-433.0,-520.0
-291.0,458.0,-386.0,833.0,27.0,173.0,-119.0,393.0,-286.0,-557.0
-364.0,487.0,-451.0,812.0,59.0,104.0,-30.0,286.0,-123.0,-604.0
-418.0,383.0,-479.0,789.0,86.0,18.0,26.0,205.0,64.0,-669.0
-469.0,191.0,-565.0,733.0,100.0,83.0,40.0,97.0,286.0,-743.0
-498.0,10.0,-603.0,632.0,105.0,188.0,-8.0,133.0,502.0,-821.0
-535.0,-74.0,-609.0,519.0,105.0,116.0,-125.0,-99.0,709.0,-902.0
-567.0,-97.0,-657.0,443.0,99.0,38.0,-223.0,-186.0,909.0,-964.0
-582.0,-128.0,-683.0,366.0,77.0,85.0,-276.0,-97.0,1083.0,-1014.0
-620.0,-146.0,-687.0,299.0,39.0,93.0,-272.0,-205.0,1237.0,-1069.0
-651.0,-107.0,-699.0,229.0,0.0,91.0,-207.0,-210.0,1355.0,-1114.0
-686.0,28.0,-712.0,121.0,-31.0,35.0,-184.0,-153.0,1433.0,-1159.0
-711.0,213.0,-703.0,62.0,-48.0,75.0,-179.0,20.0,1448.0,-1201.0
-704.0,353.0,-677.0,24.0,-48.0,77.0,-207.0,166.0,1397.0,-1231.0
-694.0,426.0,-663.0,-44.0,-30.0,-20.0,-229.0,201.0,1309.0,-1243.0
-697.0,383.0,-646.0,-97.0,-2.0,-36.0,-255.0,92.0,1168.0,-1226.0
-676.0,203.0,-599.0,-160.0,20.0,-94.0,-281.0,-1.0,992.0,-1184.0
-613.0,-13.0,-566.0,-231.0,41.0,-120.0,-255.0,42.0,824.0,-1144.0
-564.0,-188.0,-511.0,-256.0,62.0,-93.0,-249.0,-55.0,667.0,-1081.0
-501.0,-356.0,-438.0,-278.0,84.0,-33.0,-208.0,-12.0,494.0,-1006.0
-429.0,-526.0,-355.0,-347.0,91.0,-29.0,-172.0,-48.0,335.0,-925.0
-330.0,-635.0,-288.0,-408.0,69.0,-43.0,-165.0,-84.0,201.0,-819.0
-218.0,-674.0,-207.0,-423.0,32.0,55.0,-176.0,-24.0,75.0,-689.0
-136.0,-613.0,-74.0,-453.0,4.0,92.0,-241.0,-356.0,-24.0,-538.0
-56.0,-431.0,29.0,-446.0,-10.0,15.0,-306.0,-362.0,-107.0,-406.0
14.0,-188.0,169.0,-405.0,-20.0,-42.0,-344.0,-121.0,-174.0,-266.0
93.0,14.0,296.0,-373.0,-19.0,-25.0,-338.0,-73.0,-237.0,-138.0
156.0,135.0,437.0,-328.0,-14.0,-41.0,-333.0,-7.0,-294.0,-53.0
196.0,190.0,558.0,-287.0,-10.0,-73.0,-316.0,5.0,-323.0,25.0
216.0,139.0,688.0,-245.0,-12.0,-112.0,-269.0,83.0,-349.0,86.0
224.0,-18.0,839.0,-224.0,-22.0,-117.0,-237.0,118.0,-403.0,129.0
210.0,-191.0,932.0,-209.0,-37.0,-99.0,-230.0,99.0,-464.0,153.0
178.0,-305.0,1049.0,-206.0,-44.0,-216.0,-208.0,-49.0,-533.0,174.0
153.0,-364.0,1119.0,-217.0,-47.0,-277.0,-164.0,-107.0,-614.0,204.0
139.0,-400.0,1172.0,-218.0,-53.0,-196.0,-119.0,-66.0,-671.0,221.0
138.0,-452.0,1183.0,-230.0,-56.0,-156.0,-81.0,-234.0,-722.0,238.0
148.0,-510.0,1191.0,-266.0,-66.0,-200.0,-68.0,-179.0,-755.0,262.0
155.0,-463.0,1165.0,-287.0,-77.0,-239.0,-36.0,-27.0,-790.0,272.0
158.0,-284.0,1090.0,-321.0,-76.0,-293.0,-19.0,214.0,-827.0,279.0
175.0,-92.0,1023.0,-356.0,-64.0,-340.0,-51.0,408.0,-840.0,273.0
192.0,-3.0,910.0,-377.0,-43.0,-313.0,-95.0,291.0,-861.0,261.0
205.0,-13.0,804.0,-415.0,-31.0,-256.0,-135.0,286.0,-867.0,261.0
202.0,-6.0,666.0,-427.0,-24.0,-259.0,-137.0,149.0,-847.0,243.0
229.0,52.0,535.0,-436.0,-10.0,-380.0,-129.0,12.0,-791.0,238.0
239.0,104.0,388.0,-444.0,8.0,-512.0,-140.0,-181.0,-699.0,228.0
217.0,139.0,210.0,-436.0,25.0,-540.0,-129.0,-487.0,-591.0,213.0
194.0,179.0,60.0,-411.0,30.0,-465.0,-119.0,-327.0,-480.0,195.0
133.0,171.0,-88.0,-348.0,16.0,-392.0,-134.0,-120.0,-364.0,175.0
91.0,49.0,-275.0,-270.0,-7.0,-329.0,-121.0,73.0,-261.0,161.0
42.0,-95.0,-449.0,-199.0,-36.0,-315.0,-111.0,182.0,-180.0,116.0
-13.0,-106.0,-590.0,-132.0,-55.0,-406.0,-87.0,121.0,-86.0,62.0
-53.0,2.0,-754.0,-92.0,-49.0,-440.0,-32.0,9.0,12.0,4.0
-101.0,76.0,-873.0,-83.0,-23.0,-413.0,-3.0,-275.0,107.0,-45.0
-151.0,109.0,-962.0,-131.0,15.0,-442.0,0.0,-262.0,187.0,-107.0
-190.0,197.0,-1020.0,-197.0,44.0,-511.0,-36.0,-197.0,242.0,-188.0
-226.0,269.0,-1066.0,-225.0,60.0,-538.0,-42.0,-254.0,299.0,-250.0
-276.0,278.0,-1083.0,-280.0,78.0,-457.0,16.0,-249.0,366.0,-337.0
-309.0,296.0,-1062.0,-313.0,89.0,-351.0,84.0,-304.0,443.0,-457.0
-326.0,357.0,-1065.0,-328.0,91.0,-331.0,123.0,-323.0,512.0,-574.0
-351.0,402.0,-1038.0,-368.0,81.0,-333.0,126.0,-349.0,571.0,-674.0
-379.0,369.0,-988.0,-370.0,67.0,-304.0,118.0,-321.0,632.0,-775.0
-409.0,323.0,-924.0,-314.0,62.0,-300.0,75.0,-395.0,686.0,-863.0
-453.0,382.0,-858.0,-253.0,74.0,-354.0,29.0,-485.0,710.0,-907.0
-483.0,523.0,-802.0,-141.0,101.0,-337.0,9.0,-587.0,699.0,-926.0
-515.0,564.0,-715.0,6.0,124.0,-233.0,12.0,-735.0,654.0,-933.0
-554.0,439.0,-642.0,101.0,129.0,-217.0,20.0,-652.0,579.0,-914.0
-579.0,228.0,-565.0,246.0,113.0,-233.0,24.0,-615.0,491.0,-853.0
-606.0,8.0,-500.0,391.0,86.0,-171.0,25.0,-471.0,389.0,-768.0
-589.0,-179.0,-434.0,538.0,60.0,-58.0,40.0,-412.0,253.0,-658.0
-569.0,-326.0,-352.0,664.0,25.0,18.0,70.0,-548.0,100.0,-522.0
-547.0,-383.0,-295.0,761.0,-13.0,29.0,51.0,-458.0,-62.0,-378.0
-494.0,-338.0,-200.0,871.0,-48.0,42.0,2.0,-565.0,-233.0,-231.0
-440.0,-245.0,-178.0,883.0,-87.0,67.0,-77.0,-626.0,-387.0,-97.0
-389.0,-178.0,-159.0,892.0,-123.0,69.0,-116.0,-404.0,-509.0,48.0
-341.0,-140.0,-110.0,896.0,-149.0,117.0,-105.0,-238.0,-588.0,200.0
-277.0,-76.0,-96.0,855.0,-162.0,181.0,-101.0,-230.0,-639.0,306.0
-205.0,-14.0,-51.0,802.0,-176.0,194.0,-101.0,-400.0,-642.0,402.0
-118.0,-7.0,-51.0,710.0,-200.0,189.0,-147.0,-450.0,-597.0,484.0
-44.0,-24.0,-32.0,640.0,-216.0,239.0,-218.0,-410.0,-514.0,513.0
26.0,-4.0,-46.0,546.0,-215.0,321.0,-294.0,-413.0,-366.0,525.0
89.0,-6.0,-97.0,478.0,-196.0,249.0,-335.0,-591.0,-193.0,528.0
134.0,-99.0,-109.0,430.0,-163.0,138.0,-335.0,-718.0,-17.0,508.0
194.0,-257.0,-169.0,346.0,-122.0,240.0,-297.0,-598.0,158.0,466.0
211.0,-390.0,-192.0,283.0,-88.0,395.0,-269.0,-639.0,316.0,434.0
218.0,-365.0,-225.0,199.0,-69.0,397.0,-260.0,-607.0,449.0,432.0
224.0,-201.0,-294.0,115.0,-68.0,334.0,-252.0,-600.0,571.0,420.0
217.0,-48.0,-294.0,0.0,-74.0,353.0,-290.0,-593.0,681.0,435.0
199.0,50.0,-322.0,-128.0,-73.0,367.0,-324.0,-500.0,742.0,476.0
167.0,119.0,-350.0,-217.0,-77.0,338.0,-344.0,-613.0,779.0,522.0
160.0,149.0,-333.0,-303.0,-88.0,395.0,-316.0,-458.0,790.0,585.0
133.0,119.0,-348.0,-346.0,-95.0,457.0,-257.0,-338.0,766.0,628.0
91.0,70.0,-368.0,-383.0,-86.0,389.0,-191.0,-306.0,715.0,688.0
71.0,74.0,-390.0,-401.0,-65.0,270.0,-127.0,-299.0,626.0,738.0
46.0,143.0,-392.0,-421.0,-46.0,277.0,-85.0,-467.0,533.0,760.0
-1.0,234.0,-368.0,-441.0,-33.0,313.0,-81.0,-426.0,440.0,763.0
-43.0,318.0,-346.0,-429.0,-21.0,304.0,-113.0,-528.0,345.0,734.0
-72.0,397.0,-293.0,-398.0,0.0,338.0,-107.0,-430.0,261.0,679.0
-92.0,398.0,-266.0,-342.0,27.0,371.0,-110.0,-262.0,148.0,564.0
-110.0,255.0,-252.0,-318.0,56.0,390.0,-113.0,-345.0,23.0,443.0
-141.0,66.0,-196.0,-290.0,68.0,313.0,-104.0,-280.0,-96.0,308.0
-146.0,-32.0,-223.0,-239.0,56.0,260.0,-129.0,-266.0,-207.0,150.0
-139.0,-75.0,-238.0,-135.0,31.0,305.0,-150.0,-171.0,-293.0,18.0
-141.0,-149.0,-210.0,-51.0,-2.0,300.0,-163.0,-203.0,-363.0,-99.0
-125.0,-228.0,-247.0,-5.0,-28.0,224.0,-183.0,-256.0,-403.0,-209.0
-100.0,-266.0,-244.0,69.0,-37.0,190.0,-233.0,-218.0,-402.0,-329.0
-77.0,-252.0,-228.0,99.0,-32.0,196.0,-269.0,-210.0,-346.0,-448.0
-47.0,-265.0,-240.0,115.0,-23.0,123.0,-268.0,-188.0,-259.0,-541.0
-22.0,-399.0,-253.0,113.0,-17.0,144.0,-250.0,-391.0,-182.0,-617.0
1.0,-574.0,-262.0,115.0,-11.0,171.0,-235.0,-391.0,-83.0,-681.0
21.0,-634.0,-289.0,131.0,-5.0,77.0,-230.0,-382.0,36.0,-717.0
15.0,-514.0,-333.0,161.0,2.0,-25.0,-241.0,-454.0,165.0,-714.0
34.0,-298.0,-321.0,183.0,4.0,20.0,-286.0,-319.0,273.0,-704.0
58.0,-118.0,-291.0,172.0,5.0,183.0,-286.0,-262.0,356.0,-682.0
55.0,6.0,-264.0,157.0,11.0,112.0,-242.0,-184.0,413.0,-641.0
53.0,168.0,-208.0,111.0,27.0,-42.0,-192.0,-284.0,426.0,-610.0
53.0,426.0,-151.0,97.0,52.0,-39.0,-132.0,-308.0,407.0,-572.0
55.0,766.0,-112.0,57.0,74.0,99.0,-78.0,-73.0,343.0,-532.0
54.0,1180.0,-53.0,38.0,93.0,158.0,-35.0,-171.0,259.0,-503.0
63.0,1538.0,21.0,49.0,111.0,62.0,-10.0,-458.0,166.0,-493.0
36.0,1610.0,103.0,18.0,108.0,-16.0,1.0,-733.0,54.0,-518.0
8.0,1400.0,203.0,29.0,88.0,-42.0,-45.0,-761.0,-60.0,-552.0
-33.0,1133.0,281.0,71.0,64.0,-53.0,-127.0,-698.0,-163.0,-608.0
-88.0,915.0,360.0,121.0,48.0,-58.0,-196.0,-650.0,-261.0,-679.0
-122.0,673.0,394.0,115.0,43.0,4.0,-269.0,-448.0,-349.0,-733.0
-175.0,390.0,449.0,123.0,45.0,4.0,-287.0,-430.0,-397.0,-764.0
-184.0,197.0,489.0,155.0,51.0,-12.0,-261.0,-367.0,-410.0,-780.0
-211.0,183.0,505.0,142.0,55.0,-10.0,-249.0,-502.0,-398.0,-786.0
-232.0,228.0,594.0,155.0,58.0,-52.0,-196.0,-576.0,-346.0,-762.0
-241.0,137.0,584.0,131.0,64.0,-91.0,-105.0,-319.0,-267.0,-719.0
-276.0,-134.0,641.0,78.0,72.0,-106.0,-38.0,-343.0,-171.0,-658.0
-290.0,-504.0,722.0,-7.0,82.0,-48.0,8.0,-558.0,-72.0,-583.0
-312.0,-927.0,725.0,-141.0,88.0,-2.0,80.0,-750.0,30.0,-488.0
-329.0,-1340.0,781.0,-238.0,85.0,-2.0,163.0,-471.0,121.0,-365.0
-349.0,-1651.0,804.0,-321.0,80.0,17.0,168.0,-360.0,174.0,-242.0
-356.0,-1830.0,799.0,-410.0,67.0,117.0,138.0,-578.0,214.0,-101.0
-366.0,-1895.0,783.0,-488.0,41.0,160.0,93.0,-441.0,237.0,32.0
-387.0,-1899.0,771.0,-540.0,3.0,173.0,6.0,-450.0,226.0,143.0
-390.0,-1847.0,703.0,-575.0,-34.0,242.0,-67.0,-482.0,193.0,239.0
-397.0,-1719.0,667.0,-599.0,-60.0,223.0,-101.0,-532.0,121.0,325.0
-424.0,-1512.0,593.0,-579.0,-66.0,91.0,-112.0,-530.0,28.0,403.0
-464.0,-1247.0,500.0,-529.0,-53.0,-35.0,-109.0,-371.0,-65.0,462.0
-500.0,-1000.0,440.0,-477.0,-29.0,39.0,-57.0,-334.0,-175.0,523.0
-519.0,-769.0,308.0,-419.0,-9.0,195.0,-15.0,-230.0,-269.0,556.0
-535.0,-491.0,250.0,-353.0,-5.0,190.0,7.0,-240.0,-360.0,579.0
-538.0,-159.0,126.0,-266.0,-5.0,115.0,24.0,-208.0,-434.0,594.0
-546.0,165.0,26.0,-191.0,-1.0,164.0,38.0,-177.0,-458.0,579.0
-524.0,424.0,-59.0,-144.0,6.0,180.0,81.0,-245.0,-449.0,563.0
-468.0,666.0,-203.0,-77.0,17.0,142.0,135.0,-186.0,-405.0,519.0
-438.0,870.0,-258.0,-17.0,21.0,73.0,218.0,-249.0,-363.0,456.0
-391.0,950.0,-380.0,35.0,15.0,33.0,277.0,-195.0,-325.0,370.0
-342.0,954.0,-416.0,73.0,12.0,162.0,305.0,-218.0,-307.0,274.0
-280.0,961.0,-475.0,104.0,18.0,181.0,312.0,-334.0,-312.0,184.0
-228.0,940.0,-557.0,130.0,22.0,149.0,281.0,-454.0,-306.0,80.0
-176.0,835.0,-569.0,105.0,18.0,181.0,232.0,-663.0,-324.0,-9.0
-125.0,683.0,-659.0,77.0,3.0,202.0,170.0,-489.0,-349.0,-98.0
-89.0,509.0,-667.0,49.0,-11.0,157.0,134.0,-430.0,-339.0,-181.0
-59.0,307.0,-726.0,37.0,-24.0,127.0,110.0,-367.0,-309.0,-264.0
-65.0,121.0,-747.0,38.0,-37.0,193.0,89.0,-79.0,-265.0,-350.0
-48.0,12.0,-770.0,13.0,-51.0,247.0,84.0,49.0,-187.0,-406.0
-54.0,13.0,-863.0,-11.0,-64.0,289.0,90.0,31.0,-81.0,-462.0
-72.0,64.0,-874.0,-48.0,-72.0,256.0,90.0,-195.0,44.0,-500.0
-73.0,96.0,-964.0,-82.0,-92.0,170.0,84.0,-345.0,193.0,-505.0
-51.0,165.0,-982.0,-75.0,-115.0,85.0,77.0,-626.0,363.0,-497.0
-31.0,286.0,-1008.0,-20.0,-118.0,164.0,76.0,-750.0,572.0,-480.0
0.0,408.0,-1066.0,48.0,-104.0,289.0,113.0,-583.0,807.0,-424.0
51.0,551.0,-1065.0,148.0,-95.0,162.0,144.0,-460.0,1033.0,-341.0
90.0,729.0,-1094.0,251.0,-102.0,45.0,180.0,-343.0,1243.0,-271.0
152.0,866.0,-1122.0,342.0,-111.0,101.0,229.0,-535.0,1427.0,-174.0
198.0,873.0,-1087.0,439.0,-113.0,198.0,258.0,-565.0,1563.0,-69.0
238.0,751.0,-1043.0,473.0,-110.0,130.0,290.0,-480.0,1647.0,31.0
301.0,528.0,-1011.0,496.0,-110.0,-23.0,307.0,-452.0,1667.0,134.0
389.0,283.0,-898.0,498.0,-103.0,118.0,298.0,-474.0,1630.0,239.0
454.0,101.0,-836.0,480.0,-88.0,283.0,284.0,-853.0,1541.0,375.0
528.0,-18.0,-732.0,516.0,-71.0,187.0,286.0,-931.0,1401.0,497.0
606.0,-90.0,-622.0,536.0,-54.0,142.0,278.0,-726.0,1225.0,599.0
667.0,-154.0,-553.0,539.0,-26.0,96.0,252.0,-548.0,997.0,721.0
724.0,-213.0,-441.0,543.0,19.0,25.0,222.0,-493.0,748.0,836.0
741.0,-205.0,-352.0,502.0,73.0,31.0,162.0,-517.0,484.0,938.0
763.0,-136.0,-235.0,450.0,126.0,47.0,90.0,-356.0,201.0,1040.0
754.0,-75.0,-147.0,414.0,166.0,50.0,56.0,-456.0,-58.0,1137.0
734.0,-42.0,-49.0,356.0,191.0,-16.0,68.0,-641.0,-294.0,1216.0
711.0,-29.0,37.0,310.0,206.0,-38.0,64.0,-637.0,-530.0,1268.0
693.0,-17.0,92.0,266.0,197.0,90.0,48.0,-598.0,-752.0,1297.0
676.0,22.0,149.0,224.0,171.0,133.0,46.0,-580.0,-952.0,1309.0
641.0,22.0,172.0,229.0,142.0,43.0,62.0,-685.0,-1109.0,1285.0
599.0,-82.0,211.0,237.0,119.0,47.0,112.0,-567.0,-1212.0,1215.0
537.0,-240.0,244.0,176.0,100.0,37.0,132.0,-371.0,-1276.0,1150.0
463.0,-404.0,255.0,82.0,71.0,-14.0,120.0,-389.0,-1289.0,1083.0
373.0,-567.0,230.0,9.0,28.0,-60.0,63.0,-487.0,-1261.0,1004.0
297.0,-699.0,204.0,-70.0,-16.0,-16.0,-25.0,-389.0,-1207.0,944.0
215.0,-801.0,184.0,-138.0,-44.0,96.0,-113.0,-168.0,-1125.0,905.0
135.0,-940.0,115.0,-169.0,-59.0,12.0,-229.0,-79.0,-1049.0,870.0
57.0,-1081.0,115.0,-204.0,-69.0,-73.0,-272.0,-3.0,-1001.0,823.0
0.0,-1098.0,116.0,-210.0,-70.0,-16.0,-246.0,31.0,-953.0,777.0
-59.0,-950.0,102.0,-183.0,-62.0,2.0,-190.0,190.0,-903.0,729.0
-136.0,-727.0,105.0,-152.0,-52.0,-94.0,-93.0,236.0,-876.0,646.0
-204.0,-516.0,79.0,-92.0,-43.0,-160.0,1.0,-29.0,-863.0,546.0
-290.0,-333.0,82.0,-30.0,-30.0,-127.0,71.0,-46.0,-839.0,443.0
-349.0,-216.0,27.0,13.0,-9.0,-102.0,93.0,-31.0,-805.0,318.0
-425.0,-202.0,27.0,16.0,12.0,-115.0,103.0,-40.0,-759.0,174.0
-481.0,-245.0,8.0,36.0,24.0,-86.0,100.0,86.0,-713.0,43.0
-511.0,-247.0,-38.0,41.0,29.0,-85.0,71.0,31.0,-675.0,-78.0
-546.0,-120.0,2.0,3.0,38.0,-254.0,17.0,99.0,-612.0,-213.0
-569.0,98.0,-27.0,20.0,49.0,-381.0,-68.0,24.0,-544.0,-340.0
-600.0,276.0,24.0,-15.0,49.0,-352.0,-152.0,-160.0,-472.0,-456.0
-612.0,397.0,59.0,-62.0,42.0,-315.0,-222.0,-24.0,-363.0,-569.0
-663.0,525.0,66.0,-87.0,32.0,-369.0,-236.0,-9.0,-273.0,-680.0
-703.0,654.0,109.0,-144.0,15.0,-376.0,-170.0,27.0,-192.0,-776.0
-736.0,763.0,88.0,-156.0,0.0,-261.0,-80.0,112.0,-74.0,-827.0
-730.0,850.0,116.0,-166.0,-19.0,-202.0,0.0,107.0,46.0,-879.0
-687.0,940.0,88.0,-175.0,-38.0,-258.0,57.0,-22.0,165.0,-923.0
-664.0,995.0,71.0,-159.0,-61.0,-310.0,112.0,-149.0,302.0,-916.0
-649.0,926.0,84.0,-173.0,-95.0,-289.0,141.0,-62.0,446.0,-898.0
-638.0,724.0,67.0,-195.0,-129.0,-310.0,121.0,36.0,586.0,-866.0
-618.0,460.0,93.0,-183.0,-148.0,-392.0,101.0,218.0,731.0,-808.0
-630.0,203.0,98.0,-147.0,-147.0,-411.0,54.0,153.0,880.0,-753.0
-605.0,-16.0,104.0,-96.0,-127.0,-340.0,3.0,-83.0,1016.0,-684.0
-579.0,-214.0,119.0,-67.0,-97.0,-297.0,-32.0,-86.0,1119.0,-608.0
-526.0,-422.0,114.0,-65.0,-68.0,-252.0,-78.0,70.0,1208.0,-545.0
-445.0,-610.0,128.0,-10.0,-42.0,-227.0,-132.0,267.0,1291.0,-457.0
-375.0,-745.0,147.0,57.0,-17.0,-286.0,-178.0,90.0,1314.0,-373.0
-283.0,-867.0,167.0,114.0,15.0,-286.0,-185.0,-153.0,1303.0,-280.0
-216.0,-1007.0,230.0,188.0,41.0,-181.0,-175.0,-218.0,1281.0,-169.0
-146.0,-1125.0,234.0,257.0,46.0,-93.0,-163.0,-256.0,1238.0,-56.0
-100.0,-1182.0,262.0,349.0,31.0,-199.0,-176.0,-149.0,1166.0,76.0
-24.0,-1169.0,276.0,383.0,3.0,-282.0,-190.0,-162.0,1051.0,194.0
46.0,-1063.0,256.0,392.0,-30.0,-156.0,-168.0,-262.0,946.0,321.0
110.0,-883.0,293.0,432.0,-61.0,-49.0,-143.0,-417.0,830.0,458.0
211.0,-698.0,261.0,454.0,-70.0,-146.0,-113.0,-388.0,691.0,564.0
299.0,-505.0,292.0,455.0,-60.0,-294.0,-73.0,-157.0,538.0,649.0
379.0,-268.0,283.0,389.0,-48.0,-199.0,-27.0,-168.0,371.0,713.0
426.0,11.0,238.0,318.0,-40.0,-18.0,-3.0,-199.0,215.0,736.0
469.0,290.0,231.0,259.0,-38.0,-68.0,-10.0,-245.0,37.0,716.0
505.0,484.0,174.0,173.0,-31.0,-227.0,-42.0,-86.0,-140.0,692.0
536.0,535.0,175.0,125.0,-12.0,-217.0,-114.0,-112.0,-307.0,642.0
562.0,464.0,146.0,120.0,18.0,-101.0,-194.0,-349.0,-493.0,580.0
609.0,380.0,142.0,103.0,46.0,-86.0,-243.0,-186.0,-655.0,513.0
649.0,333.0,129.0,92.0,55.0,-153.0,-251.0,-116.0,-784.0,432.0
696.0,258.0,68.0,103.0,50.0,-163.0,-277.0,46.0,-906.0,373.0
756.0,164.0,33.0,87.0,32.0,-73.0,-291.0,-42.0,-1007.0,309.0
781.0,162.0,-15.0,51.0,11.0,-41.0,-253.0,-206.0,-1058.0,246.0
818.0,284.0,-67.0,33.0,2.0,-133.0,-225.0,-51.0,-1068.0,212.0
824.0,442.0,-130.0,0.0,0.0,-194.0,-159.0,-164.0,-1044.0,187.0
828.0,572.0,-191.0,-67.0,12.0,-140.0,-90.0,0.0,-977.0,159.0
792.0,734.0,-276.0,-150.0,34.0,-38.0,-69.0,136.0,-893.0,149.0
778.0,984.0,-337.0,-228.0,63.0,-58.0,-77.0,120.0,-800.0,165.0
779.0,1264.0,-390.0,-266.0,89.0,-179.0,-110.0,223.0,-692.0,178.0
738.0,1461.0,-472.0,-298.0,98.0,-197.0,-105.0,282.0,-579.0,200.0
705.0,1492.0,-563.0,-355.0,91.0,-168.0,-56.0,467.0,-461.0,230.0
618.0,1335.0,-641.0,-389.0,66.0,-208.0,-1.0,471.0,-366.0,226.0
559.0,1052.0,-723.0,-439.0,25.0,-332.0,11.0,460.0,-298.0,180.0
465.0,765.0,-791.0,-498.0,-22.0,-394.0,-21.0,421.0,-248.0,100.0
368.0,518.0,-830.0,-532.0,-71.0,-271.0,-67.0,421.0,-223.0,19.0
301.0,277.0,-889.0,-560.0,-110.0,-179.0,-109.0,463.0,-225.0,-64.0
201.0,48.0,-913.0,-533.0,-133.0,-283.0,-175.0,214.0,-240.0,-176.0
132.0,-121.0,-951.0,-500.0,-143.0,-431.0,-241.0,110.0,-263.0,-286.0
55.0,-153.0,-971.0,-453.0,-131.0,-386.0,-262.0,-16.0,-311.0,-374.0
-10.0,-75.0,-961.0,-376.0,-98.0,-275.0,-254.0,-29.0,-360.0,-443.0
-82.0,28.0,-942.0,-303.0,-66.0,-299.0,-190.0,166.0,-400.0,-496.0
-144.0,111.0,-859.0,-184.0,-45.0,-350.0,-102.0,134.0,-433.0,-501.0
-203.0,71.0,-791.0,-88.0,-29.0,-329.0,-63.0,184.0,-459.0,-470.0
-272.0,-125.0,-692.0,7.0,-16.0,-247.0,-65.0,279.0,-477.0,-434.0
-309.0,-373.0,-574.0,97.0,-12.0,-309.0,-87.0,356.0,-487.0,-355.0
-357.0,-580.0,-495.0,198.0,-12.0,-363.0,-85.0,218.0,-492.0,-250.0
-369.0,-762.0,-400.0,337.0,-9.0,-266.0,-31.0,70.0,-477.0,-133.0
-380.0,-919.0,-296.0,413.0,0.0,-198.0,93.0,140.0,-441.0,-2.0
-365.0,-983.0,-227.0,509.0,19.0,-127.0,227.0,164.0,-409.0,146.0
-329.0,-916.0,-172.0,627.0,38.0,-110.0,302.0,182.0,-374.0,315.0
-305.0,-707.0,-84.0,725.0,52.0,-113.0,325.0,-55.0,-316.0,475.0
-249.0,-399.0,-15.0,797.0,62.0,-162.0,273.0,-44.0,-253.0,629.0
-215.0,-97.0,17.0,815.0,70.0,-181.0,186.0,57.0,-161.0,764.0
-166.0,127.0,61.0,795.0,79.0,-79.0,91.0,96.0,-51.0,870.0
-141.0,297.0,88.0,763.0,81.0,-70.0,30.0,423.0,56.0,920.0
-71.0,464.0,70.0,747.0,70.0,-66.0,18.0,393.0,176.0,909.0
0.0,623.0,45.0,712.0,48.0,34.0,31.0,330.0,284.0,863.0
53.0,687.0,37.0,660.0,13.0,82.0,123.0,269.0,382.0,773.0
150.0,586.0,-22.0,585.0,-33.0,12.0,243.0,229.0,463.0,656.0
185.0,346.0,-59.0,546.0,-74.0,-37.0,358.0,243.0,534.0,530.0
225.0,63.0,-59.0,546.0,-93.0,21.0,427.0,101.0,603.0,415.0
234.0,-208.0,-105.0,529.0,-100.0,150.0,423.0,260.0,643.0,324.0
235.0,-446.0,-83.0,549.0,-96.0,212.0,402.0,158.0,680.0,237.0
220.0,-602.0,-93.0,547.0,-76.0,183.0,344.0,-62.0,707.0,158.0
180.0,-727.0,-122.0,530.0,-40.0,182.0,260.0,-138.0,692.0,112.0
185.0,-875.0,-102.0,518.0,7.0,146.0,190.0,-192.0,664.0,75.0
161.0,-1003.0,-129.0,491.0,44.0,80.0,160.0,-53.0,625.0,45.0
137.0,-1051.0,-97.0,436.0,62.0,66.0,138.0,-179.0,572.0,47.0
129.0,-1015.0,-51.0,343.0,70.0,114.0,120.0,-219.0,504.0,59.0
119.0,-977.0,-7.0,260.0,79.0,198.0,101.0,-120.0,418.0,88.0
105.0,-1005.0,49.0,134.0,85.0,230.0,43.0,-81.0,332.0,138.0
86.0,-1073.0,82.0,19.0,95.0,198.0,18.0,-84.0,248.0,178.0
59.0,-1037.0,105.0,-57.0,115.0,180.0,61.0,66.0,177.0,214.0
40.0,-865.0,87.0,-141.0,147.0,173.0,103.0,288.0,112.0,260.0
50.0,-667.0,111.0,-228.0,182.0,200.0,116.0,214.0,61.0,303.0
58.0,-439.0,112.0,-327.0,201.0,163.0,191.0,558.0,20.0,340.0
74.0,-100.0,73.0,-422.0,190.0,22.0,315.0,731.0,-12.0,375.0
85.0,352.0,91.0,-500.0,147.0,-22.0,332.0,535.0,-17.0,401.0
86.0,822.0,64.0,-520.0,91.0,73.0,269.0,436.0,-16.0,444.0
68.0,1230.0,32.0,-532.0,36.0,124.0,225.0,230.0,0.0,488.0
35.0,1526.0,15.0,-518.0,-13.0,-31.0,215.0,208.0,7.0,515.0
14.0,1680.0,-28.0,-480.0,-47.0,-89.0,185.0,-9.0,1.0,548.0
-23.0,1655.0,-51.0,-483.0,-66.0,80.0,163.0,-49.0,4.0,575.0
-46.0,1450.0,-97.0,-461.0,-71.0,167.0,189.0,64.0,20.0,579.0
-76.0,1148.0,-105.0,-435.0,-63.0,21.0,220.0,-73.0,32.0,565.0
-93.0,825.0,-126.0,-435.0,-43.0,-96.0,255.0,-38.0,26.0,568.0
-111.0,527.0,-160.0,-475.0,-21.0,31.0,244.0,-114.0,6.0,561.0
-157.0,266.0,-138.0,-570.0,-7.0,89.0,239.0,1.0,-13.0,533.0
-194.0,-13.0,-157.0,-655.0,3.0,-39.0,279.0,197.0,-17.0,511.0
-233.0,-330.0,-144.0,-740.0,13.0,-183.0,296.0,266.0,-23.0,469.0
-261.0,-559.0,-125.0,-836.0,30.0,-153.0,341.0,630.0,-15.0,423.0
-293.0,-608.0,-116.0,-882.0,55.0,-103.0,445.0,707.0,-2.0,377.0
-314.0,-540.0,-70.0,-879.0,72.0,-243.0,499.0,737.0,0.0,343.0
-312.0,-461.0,-42.0,-828.0,77.0,-310.0,462.0,809.0,-5.0,321.0
-325.0,-460.0,-17.0,-771.0,70.0,-252.0,442.0,674.0,-23.0,303.0
-345.0,-473.0,14.0,-655.0,55.0,-191.0,459.0,630.0,-47.0,299.0
-337.0,-355.0,44.0,-496.0,47.0,-193.0,469.0,415.0,-66.0,309.0
-339.0,-159.0,38.0,-369.0,39.0,-227.0,483.0,509.0,-79.0,349.0
-318.0,-52.0,59.0,-220.0,28.0,-269.0,504.0,524.0,-78.0,367.0
-314.0,-94.0,98.0,-100.0,12.0,-304.0,479.0,247.0,-55.0,372.0
-307.0,-207.0,83.0,13.0,-15.0,-254.0,434.0,304.0,-35.0,379.0
-268.0,-222.0,111.0,145.0,-51.0,-258.0,419.0,271.0,-17.0,355.0
-229.0,-100.0,103.0,260.0,-83.0,-285.0,407.0,127.0,-9.0,325.0
-179.0,-6.0,74.0,332.0,-112.0,-250.0,386.0,-53.0,0.0,279.0
-150.0,-71.0,93.0,390.0,-146.0,-197.0,366.0,121.0,18.0,219.0
-66.0,-190.0,79.0,454.0,-181.0,-216.0,376.0,109.0,23.0,123.0
-6.0,-206.0,40.0,477.0,-217.0,-296.0,431.0,-84.0,40.0,-23.0
61.0,-195.0,-5.0,519.0,-246.0,-261.0,532.0,262.0,48.0,-188.0
121.0,-295.0,-29.0,572.0,-262.0,-112.0,602.0,184.0,44.0,-376.0
181.0,-460.0,-74.0,620.0,-278.0,15.0,577.0,232.0,25.0,-573.0
284.0,-546.0,-100.0,683.0,-296.0,-27.0,500.0,447.0,-14.0,-753.0
325.0,-524.0,-94.0,730.0,-306.0,-83.0,436.0,426.0,-80.0,-909.0
406.0,-492.0,-105.0,773.0,-305.0,-20.0,409.0,574.0,-171.0,-1030.0
460.0,-506.0,-108.0,829.0,-297.0,-7.0,378.0,448.0,-239.0,-1139.0
495.0,-493.0,-85.0,823.0,-276.0,-83.0,363.0,545.0,-301.0,-1200.0
487.0,-340.0,-40.0,802.0,-250.0,-148.0,389.0,604.0,-379.0,-1216.0
472.0,-120.0,0.0,793.0,-235.0,-102.0,396.0,417.0,-453.0,-1215.0
472.0,-14.0,59.0,762.0,-228.0,10.0,345.0,208.0,-518.0,-1185.0
429.0,-9.0,107.0,729.0,-222.0,58.0,262.0,31.0,-584.0,-1128.0
421.0,34.0,155.0,666.0,-203.0,45.0,205.0,327.0,-650.0,-1057.0
396.0,171.0,216.0,604.0,-173.0,139.0,177.0,332.0,-710.0,-973.0
374.0,310.0,276.0,548.0,-150.0,226.0,155.0,386.0,-770.0,-864.0
340.0,361.0,330.0,525.0,-135.0,177.0,150.0,635.0,-831.0,-735.0
306.0,290.0,377.0,511.0,-120.0,174.0,211.0,537.0,-900.0,-595.0
286.0,161.0,423.0,463.0,-101.0,224.0,282.0,269.0,-968.0,-463.0
280.0,88.0,407.0,460.0,-88.0,217.0,294.0,-25.0,-1011.0,-338.0
279.0,130.0,398.0,485.0,-80.0,169.0,271.0,99.0,-1009.0,-205.0
269.0,306.0,395.0,495.0,-63.0,156.0,216.0,57.0,-976.0,-75.0
280.0,531.0,335.0,465.0,-31.0,229.0,205.0,16.0,-915.0,41.0
285.0,695.0,302.0,412.0,10.0,339.0,244.0,127.0,-843.0,165.0
293.0,740.0,288.0,334.0,50.0,386.0,271.0,109.0,-757.0,291.0
300.0,600.0,241.0,224.0,73.0,402.0,297.0,101.0,-660.0,383.0
306.0,322.0,208.0,96.0,66.0,375.0,302.0,-51.0,-559.0,440.0
306.0,52.0,182.0,-48.0,35.0,283.0,272.0,205.0,-441.0,485.0
301.0,-142.0,99.0,-166.0,-1.0,294.0,239.0,436.0,-314.0,501.0
274.0,-311.0,63.0,-273.0,-20.0,356.0,158.0,352.0,-186.0,462.0
249.0,-525.0,-3.0,-371.0,-17.0,332.0,45.0,175.0,-75.0,405.0
230.0,-697.0,-101.0,-456.0,-10.0,321.0,-15.0,112.0,50.0,342.0
215.0,-722.0,-141.0,-536.0,-12.0,364.0,-40.0,506.0,183.0,281.0
173.0,-692.0,-217.0,-584.0,-18.0,377.0,-13.0,500.0,306.0,209.0
115.0,-688.0,-222.0,-608.0,-17.0,308.0,75.0,304.0,434.0,157.0
69.0,-689.0,-267.0,-614.0,-6.0,294.0,168.0,347.0,536.0,133.0
5.0,-715.0,-299.0,-605.0,10.0,386.0,232.0,412.0,647.0,106.0
-28.0,-769.0,-264.0,-614.0,22.0,375.0,248.0,498.0,742.0,104.0
-100.0,-806.0,-287.0,-608.0,22.0,261.0,186.0,424.0,806.0,114.0
-154.0,-832.0,-275.0,-574.0,18.0,221.0,123.0,670.0,840.0,152.0
-200.0,-812.0,-288.0,-556.0,13.0,231.0,120.0,696.0,831.0,160.0
-240.0,-581.0,-297.0,-527.0,18.0,164.0,117.0,402.0,811.0,139.0
-279.0,-105.0,-309.0,-491.0,50.0,111.0,89.0,447.0,772.0,110.0
-339.0,453.0,-333.0,-453.0,99.0,210.0,88.0,352.0,730.0,46.0
-359.0,884.0,-337.0,-407.0,146.0,232.0,128.0,417.0,683.0,-37.0
-401.0,1117.0,-361.0,-366.0,174.0,60.0,171.0,480.0,644.0,-149.0
-402.0,1280.0,-399.0,-328.0,184.0,-32.0,171.0,611.0,609.0,-233.0
-414.0,1407.0,-425.0,-305.0,197.0,31.0,129.0,877.0,556.0,-327.0
-425.0,1409.0,-458.0,-272.0,219.0,46.0,69.0,805.0,502.0,-443.0
-420.0,1253.0,-490.0,-194.0,247.0,-44.0,44.0,766.0,444.0,-508.0
-401.0,1019.0,-492.0,-102.0,291.0,-78.0,66.0,792.0,414.0,-568.0
-358.0,812.0,-516.0,-30.0,354.0,-22.0,10.0,866.0,403.0,-640.0
-334.0,649.0,-524.0,49.0,418.0,-25.0,-45.0,809.0,406.0,-700.0
-280.0,548.0,-549.0,116.0,463.0,-183.0,4.0,761.0,419.0,-717.0
-231.0,524.0,-533.0,179.0,479.0,-276.0,71.0,726.0,423.0,-689.0
-186.0,557.0,-488.0,252.0,473.0,-184.0,90.0,506.0,423.0,-652.0
-140.0,593.0,-466.0,277.0,445.0,-182.0,46.0,578.0,423.0,-576.0
-93.0,572.0,-392.0,291.0,392.0,-219.0,46.0,652.0,436.0,-478.0
-39.0,434.0,-347.0,266.0,327.0,-183.0,42.0,650.0,437.0,-407.0
37.0,120.0,-266.0,222.0,271.0,-133.0,9.0,733.0,420.0,-339.0
100.0,-254.0,-182.0,173.0,234.0,-123.0,38.0,716.0,400.0,-272.0
177.0,-532.0,-130.0,103.0,199.0,-174.0,74.0,718.0,377.0,-200.0
248.0,-706.0,-32.0,44.0,166.0,-165.0,102.0,687.0,354.0,-138.0
286.0,-816.0,40.0,-48.0,131.0,-225.0,180.0,718.0,320.0,-69.0
348.0,-877.0,127.0,-120.0,85.0,-269.0,260.0,678.0,259.0,37.0
368.0,-836.0,233.0,-113.0,27.0,-182.0,247.0,715.0,173.0,153.0
370.0,-642.0,291.0,-49.0,-32.0,-123.0,224.0,583.0,81.0,286.0
378.0,-349.0,365.0,-6.0,-78.0,-132.0,201.0,247.0,-21.0,422.0
365.0,-126.0,446.0,71.0,-103.0,-171.0,141.0,382.0,-147.0,541.0
327.0,-71.0,488.0,164.0,-122.0,-91.0,83.0,352.0,-277.0,640.0
304.0,-71.0,559.0,228.0,-139.0,-75.0,8.0,343.0,-406.0,721.0
260.0,-64.0,592.0,373.0,-153.0,-160.0,-54.0,301.0,-525.0,820.0
187.0,-50.0,618.0,522.0,-178.0,-191.0,-54.0,27.0,-601.0,900.0
120.0,41.0,662.0,634.0,-225.0,-160.0,18.0,57.0,-639.0,942.0
45.0,192.0,646.0,715.0,-278.0,-92.0,124.0,136.0,-656.0,979.0
-11.0,277.0,641.0,774.0,-324.0,-189.0,193.0,506.0,-666.0,992.0
-73.0,253.0,629.0,761.0,-355.0,-251.0,213.0,698.0,-685.0,988.0
-135.0,195.0,597.0,688.0,-376.0,-153.0,263.0,582.0,-688.0,949.0
-176.0,134.0,537.0,623.0,-384.0,-50.0,296.0,678.0,-702.0,901.0
-202.0,29.0,467.0,550.0,-366.0,18.0,288.0,626.0,-725.0,843.0
-250.0,-123.0,401.0,483.0,-335.0,19.0,292.0,487.0,-735.0,752.0
-273.0,-313.0,326.0,397.0,-305.0,77.0,264.0,473.0,-758.0,663.0
-285.0,-545.0,261.0,305.0,-276.0,142.0,198.0,515.0,-781.0,534.0
-295.0,-808.0,167.0,179.0,-250.0,125.0,158.0,301.0,-801.0,407.0
-283.0,-1000.0,87.0,44.0,-240.0,108.0,163.0,-1.0,-824.0,288.0
-294.0,-1034.0,27.0,-56.0,-243.0,89.0,145.0,-149.0,-839.0,159.0
-261.0,-973.0,-49.0,-186.0,-244.0,56.0,123.0,-297.0,-860.0,76.0
-235.0,-794.0,-119.0,-306.0,-234.0,102.0,98.0,-181.0,-879.0,8.0
-229.0,-387.0,-138.0,-415.0,-210.0,130.0,59.0,-216.0,-870.0,-63.0
-213.0,186.0,-152.0,-516.0,-174.0,141.0,49.0,-229.0,-842.0,-103.0
-199.0,740.0,-163.0,-592.0,-122.0,205.0,108.0,31.0,-791.0,-108.0
-156.0,1189.0,-132.0,-651.0,-76.0,175.0,211.0,83.0,-701.0,-98.0
-144.0,1515.0,-103.0,-696.0,-60.0,160.0,274.0,347.0,-602.0,-60.0
-136.0,1714.0,-56.0,-725.0,-63.0,185.0,316.0,508.0,-464.0,-3.0
-107.0,1835.0,0.0,-737.0,-71.0,173.0,316.0,452.0,-303.0,47.0
-55.0,1872.0,61.0,-725.0,-66.0,168.0,262.0,354.0,-156.0,79.0
-16.0,1770.0,113.0,-688.0,-49.0,95.0,176.0,131.0,-2.0,101.0
-24.0,1471.0,166.0,-658.0,-24.0,43.0,94.0,112.0,138.0,123.0
9.0,1032.0,224.0,-616.0,9.0,140.0,4.0,-20.0,291.0,128.0
31.0,618.0,245.0,-590.0,51.0,252.0,-82.0,-3.0,439.0,123.0
28.0,317.0,307.0,-577.0,107.0,283.0,-101.0,92.0,557.0,112.0
17.0,136.0,385.0,-563.0,171.0,225.0,-119.0,44.0,656.0,97.0
28.0,-1.0,441.0,-563.0,229.0,157.0,-154.0,114.0,730.0,84.0
65.0,-188.0,482.0,-555.0,257.0,276.0,-168.0,118.0,794.0,73.0
72.0,-455.0,490.0,-510.0,254.0,426.0,-144.0,253.0,826.0,68.0
100.0,-782.0,510.0,-435.0,236.0,445.0,-121.0,275.0,843.0,83.0
121.0,-1113.0,483.0,-362.0,219.0,441.0,-105.0,338.0,863.0,103.0
141.0,-1391.0,442.0,-228.0,211.0,419.0,-76.0,402.0,850.0,101.0
155.0,-1543.0,424.0,-89.0,210.0,388.0,-35.0,219.0,816.0,123.0
161.0,-1525.0,371.0,7.0,214.0,391.0,28.0,332.0,772.0,151.0
164.0,-1374.0,318.0,102.0,216.0,410.0,52.0,362.0,716.0,152.0
187.0,-1165.0,258.0,192.0,215.0,427.0,14.0,336.0,661.0,167.0
213.0,-893.0,188.0,284.0,214.0,458.0,-40.0,314.0,586.0,194.0
214.0,-532.0,104.0,361.0,215.0,490.0,-73.0,234.0,490.0,215.0
226.0,-132.0,31.0,439.0,203.0,505.0,-98.0,166.0,392.0,225.0
220.0,238.0,-40.0,505.0,166.0,474.0,-132.0,-88.0,283.0,242.0
207.0,549.0,-101.0,536.0,98.0,451.0,-176.0,-177.0,170.0,260.0
182.0,734.0,-135.0,518.0,18.0,526.0,-210.0,-203.0,63.0,270.0
173.0,736.0,-181.0,460.0,-43.0,575.0,-199.0,-38.0,-29.0,283.0
181.0,586.0,-172.0,392.0,-75.0,504.0,-161.0,-3.0,-130.0,284.0
156.0,360.0,-173.0,320.0,-84.0,469.0,-157.0,-83.0,-239.0,265.0
134.0,155.0,-161.0,261.0,-73.0,510.0,-202.0,182.0,-344.0,215.0
125.0,-4.0,-89.0,200.0,-47.0,553.0,-212.0,31.0,-458.0,145.0
102.0,-144.0,-65.0,161.0,-4.0,556.0,-195.0,-127.0,-542.0,53.0
80.0,-311.0,-2.0,141.0,51.0,513.0,-165.0,14.0,-606.0,-51.0
41.0,-499.0,58.0,163.0,100.0,523.0,-94.0,-40.0,-658.0,-153.0
0.0,-561.0,95.0,196.0,136.0,524.0,-51.0,-66.0,-666.0,-276.0
-50.0,-442.0,163.0,198.0,160.0,496.0,-63.0,-22.0,-655.0,-393.0
-105.0,-163.0,200.0,240.0,182.0,517.0,-41.0,59.0,-605.0,-515.0
-158.0,220.0,274.0,277.0,206.0,519.0,-30.0,-116.0,-517.0,-639.0
-245.0,648.0,312.0,275.0,227.0,459.0,-91.0,-460.0,-441.0,-749.0
-306.0,1097.0,324.0,250.0,240.0,420.0,-147.0,-626.0,-351.0,-861.0
-387.0,1471.0,342.0,228.0,239.0,519.0,-169.0,-694.0,-247.0,-955.0
-441.0,1678.0,307.0,204.0,228.0,550.0,-155.0,-596.0,-139.0,-1032.0
-510.0,1697.0,285.0,162.0,202.0,444.0,-137.0,-576.0,-23.0,-1074.0
-575.0,1523.0,200.0,114.0,160.0,423.0,-92.0,-421.0,97.0,-1093.0
-600.0,1105.0,100.0,56.0,120.0,496.0,-38.0,-107.0,221.0,-1085.0
-642.0,517.0,2.0,24.0,112.0,514.0,-49.0,-46.0,319.0,-1020.0
-644.0,-64.0,-115.0,20.0,129.0,447.0,-78.0,14.0,399.0,-920.0
-651.0,-567.0,-188.0,52.0,132.0,453.0,-113.0,40.0,464.0,-776.0
-621.0,-942.0,-307.0,104.0,98.0,538.0,-129.0,-53.0,502.0,-601.0
-583.0,-1163.0,-414.0,147.0,24.0,573.0,-84.0,-194.0,530.0,-407.0
-518.0,-1233.0,-520.0,196.0,-52.0,515.0,-1.0,-182.0,535.0,-190.0
-456.0,-1152.0,-645.0,244.0,-97.0,491.0,67.0,-64.0,504.0,33.0
-407.0,-922.0,-703.0,283.0,-107.0,543.0,120.0,44.0,455.0,252.0
-335.0,-601.0,-770.0,298.0,-97.0,544.0,140.0,221.0,391.0,442.0
-276.0,-332.0,-813.0,282.0,-83.0,478.0,106.0,151.0,331.0,602.0
-211.0,-188.0,-836.0,242.0,-67.0,452.0,63.0,49.0,285.0,701.0
-174.0,-124.0,-844.0,176.0,-47.0,509.0,31.0,18.0,224.0,748.0
-96.0,-34.0,-799.0,108.0,-32.0,574.0,-15.0,84.0,181.0,751.0
-61.0,189.0,-745.0,45.0,-32.0,656.0,-73.0,297.0,149.0,716.0
-20.0,550.0,-640.0,-35.0,-42.0,669.0,-101.0,230.0,105.0,663.0
23.0,907.0,-547.0,-118.0,-51.0,550.0,-112.0,219.0,75.0,576.0
49.0,1107.0,-446.0,-202.0,-58.0,412.0,-90.0,308.0,46.0,487.0
101.0,1159.0,-295.0,-224.0,-68.0,386.0,-45.0,297.0,34.0,398.0
101.0,1143.0,-146.0,-224.0,-74.0,394.0,-32.0,251.0,29.0,304.0
145.0,1065.0,17.0,-231.0,-62.0,281.0,-41.0,120.0,20.0,225.0
157.0,922.0,197.0,-176.0,-31.0,273.0,-51.0,230.0,9.0,182.0
168.0,665.0,379.0,-142.0,5.0,379.0,-36.0,419.0,-4.0,160.0
183.0,192.0,546.0,-105.0,24.0,442.0,-26.0,546.0,-2.0,157.0
195.0,-453.0,705.0,-68.0,9.0,401.0,-4.0,480.0,-9.0,193.0
237.0,-1060.0,844.0,-65.0,-32.0,317.0,55.0,153.0,-4.0,237.0
254.0,-1375.0,970.0,-84.0,-94.0,352.0,105.0,-22.0,24.0,276.0
308.0,-1328.0,1036.0,-144.0,-174.0,393.0,89.0,-57.0,46.0,310.0
318.0,-1056.0,1100.0,-221.0,-256.0,369.0,32.0,83.0,56.0,356.0
336.0,-681.0,1151.0,-301.0,-321.0,326.0,-10.0,232.0,57.0,381.0
380.0,-343.0,1126.0,-383.0,-342.0,325.0,-51.0,362.0,51.0,417.0
411.0,-153.0,1114.0,-490.0,-312.0,346.0,-50.0,532.0,23.0,461.0
445.0,-74.0,1050.0,-539.0,-245.0,304.0,-12.0,495.0,-5.0,468.0
443.0,-60.0,979.0,-584.0,-160.0,242.0,-12.0,347.0,-43.0,467.0
436.0,-202.0,879.0,-643.0,-68.0,196.0,-59.0,218.0,-88.0,459.0
426.0,-544.0,761.0,-625.0,25.0,183.0,-80.0,264.0,-112.0,441.0
405.0,-893.0,664.0,-602.0,94.0,161.0,-51.0,443.0,-118.0,392.0
367.0,-1067.0,549.0,-574.0,129.0,152.0,-11.0,667.0,-118.0,332.0
341.0,-1031.0,455.0,-541.0,138.0,127.0,38.0,750.0,-130.0,260.0
311.0,-839.0,349.0,-520.0,129.0,68.0,88.0,582.0,-154.0,159.0
265.0,-631.0,264.0,-490.0,132.0,61.0,112.0,384.0,-173.0,52.0
215.0,-512.0,161.0,-464.0,165.0,39.0,118.0,-44.0,-197.0,-53.0
177.0,-490.0,86.0,-417.0,213.0,-46.0,134.0,-317.0,-225.0,-140.0
137.0,-546.0,7.0,-365.0,242.0,-104.0,119.0,-330.0,-246.0,-228.0
80.0,-655.0,-64.0,-332.0,235.0,-96.0,37.0,-430.0,-278.0,-313.0
37.0,-783.0,-76.0,-279.0,189.0,-92.0,-56.0,-297.0,-306.0,-359.0
-26.0,-857.0,-118.0,-262.0,121.0,-223.0,-134.0,-306.0,-339.0,-410.0
-75.0,-766.0,-135.0,-266.0,60.0,-375.0,-187.0,-212.0,-372.0,-479.0
-133.0,-422.0,-125.0,-246.0,24.0,-328.0,-206.0,109.0,-397.0,-514.0
-196.0,136.0,-122.0,-235.0,31.0,-264.0,-222.0,62.0,-413.0,-531.0
-237.0,762.0,-124.0,-214.0,77.0,-304.0,-226.0,-24.0,-392.0,-546.0
-294.0,1327.0,-91.0,-195.0,137.0,-304.0,-218.0,-177.0,-363.0,-548.0
-340.0,1687.0,-73.0,-130.0,179.0,-210.0,-202.0,-376.0,-325.0,-516.0
-376.0,1695.0,-46.0,-43.0,192.0,-116.0,-153.0,-524.0,-307.0,-463.0
-382.0,1402.0,2.0,8.0,185.0,-116.0,-94.0,-611.0,-302.0,-425.0
-400.0,1052.0,13.0,49.0,168.0,-113.0,-40.0,-410.0,-269.0,-355.0
-418.0,894.0,58.0,104.0,147.0,-68.0,17.0,-60.0,-246.0,-284.0
-413.0,1001.0,94.0,166.0,116.0,-37.0,53.0,59.0,-219.0,-225.0
-436.0,1183.0,140.0,148.0,64.0,-9.0,53.0,-142.0,-170.0,-158.0
-460.0,1157.0,172.0,121.0,6.0,20.0,10.0,-203.0,-108.0,-90.0
-464.0,874.0,205.0,119.0,-24.0,31.0,-79.0,-393.0,-36.0,-3.0
-461.0,461.0,241.0,86.0,-28.0,-5.0,-142.0,-665.0,65.0,59.0
-452.0,94.0,267.0,82.0,-31.0,-22.0,-180.0,-615.0,197.0,111.0
-445.0,-28.0,304.0,110.0,-60.0,-6.0,-180.0,-541.0,329.0,179.0
-442.0,30.0,310.0,114.0,-112.0,1.0,-140.0,-328.0,458.0,234.0
-436.0,23.0,336.0,79.0,-148.0,-24.0,-96.0,-240.0,584.0,273.0
-410.0,-120.0,335.0,46.0,-149.0,-41.0,-15.0,-206.0,698.0,284.0
-384.0,-270.0,341.0,17.0,-121.0,25.0,8.0,-149.0,786.0,295.0
-370.0,-376.0,328.0,-1.0,-76.0,14.0,-27.0,-282.0,855.0,298.0
-330.0,-474.0,310.0,14.0,-24.0,45.0,-119.0,-251.0,897.0,264.0
-294.0,-538.0,288.0,48.0,35.0,176.0,-226.0,-378.0,928.0,228.0
-225.0,-597.0,258.0,52.0,94.0,195.0,-254.0,-428.0,938.0,191.0
-172.0,-691.0,238.0,62.0,144.0,142.0,-261.0,-319.0,905.0,140.0
-125.0,-781.0,159.0,91.0,168.0,131.0,-208.0,-317.0,847.0,80.0
-55.0,-758.0,118.0,116.0,140.0,343.0,-167.0,-118.0,766.0,33.0
0.0,-603.0,28.0,163.0,64.0,496.0,-126.0,-53.0,679.0,-19.0
74.0,-446.0,-59.0,175.0,-24.0,386.0,-48.0,-31.0,590.0,-76.0
104.0,-363.0,-115.0,166.0,-57.0,306.0,-8.0,-53.0,506.0,-113.0
171.0,-297.0,-210.0,162.0,1.0,319.0,0.0,-72.0,423.0,-126.0
214.0,-101.0,-290.0,175.0,111.0,308.0,-48.0,9.0,334.0,-108.0
235.0,313.0,-389.0,204.0,208.0,244.0,-75.0,-92.0,261.0,-96.0
280.0,860.0,-463.0,202.0,231.0,240.0,-118.0,-44.0,220.0,-69.0
301.0,1354.0,-558.0,201.0,159.0,256.0,-186.0,1.0,201.0,-34.0
337.0,1683.0,-643.0,186.0,26.0,252.0,-225.0,-5.0,186.0,2.0
342.0,1841.0,-703.0,152.0,-108.0,232.0,-282.0,-49.0,196.0,55.0
365.0,1740.0,-755.0,103.0,-198.0,250.0,-348.0,-109.0,204.0,107.0
355.0,1265.0,-799.0,63.0,-209.0,290.0,-403.0,-83.0,220.0,167.0
369.0,425.0,-815.0,29.0,-145.0,246.0,-399.0,-197.0,260.0,206.0
383.0,-564.0,-814.0,10.0,-64.0,300.0,-353.0,-134.0,295.0,242.0
386.0,-1374.0,-801.0,15.0,-32.0,410.0,-275.0,-133.0,318.0,258.0
420.0,-1820.0,-737.0,-24.0,-71.0,391.0,-213.0,-110.0,328.0,254.0
420.0,-1853.0,-702.0,-49.0,-150.0,325.0,-139.0,-48.0,344.0,258.0
451.0,-1466.0,-609.0,-76.0,-239.0,294.0,-31.0,-242.0,360.0,267.0
448.0,-806.0,-532.0,-107.0,-311.0,260.0,21.0,-227.0,348.0,295.0
459.0,-198.0,-447.0,-103.0,-339.0,162.0,44.0,-327.0,322.0,324.0
461.0,78.0,-318.0,-136.0,-294.0,91.0,15.0,-356.0,276.0,363.0
458.0,-32.0,-238.0,-155.0,-164.0,121.0,-51.0,-260.0,202.0,397.0
456.0,-286.0,-100.0,-146.0,-8.0,146.0,-117.0,-352.0,120.0,391.0
416.0,-353.0,-1.0,-152.0,86.0,135.0,-173.0,-225.0,27.0,362.0
389.0,-203.0,100.0,-161.0,75.0,111.0,-209.0,-145.0,-81.0,321.0
324.0,-44.0,195.0,-127.0,-43.0,70.0,-244.0,-86.0,-204.0,251.0
259.0,-19.0,247.0,-93.0,-200.0,27.0,-246.0,-38.0,-311.0,134.0
212.0,-113.0,308.0,-98.0,-294.0,-3.0,-217.0,-60.0,-414.0,20.0
148.0,-244.0,330.0,-106.0,-282.0,50.0,-166.0,-24.0,-525.0,-64.0
69.0,-327.0,372.0,-103.0,-183.0,64.0,-110.0,-70.0,-613.0,-137.0
3.0,-359.0,394.0,-107.0,-75.0,-42.0,-75.0,-27.0,-691.0,-202.0
-65.0,-454.0,408.0,-117.0,-17.0,-129.0,-60.0,-140.0,-752.0,-221.0
-136.0,-697.0,416.0,-81.0,4.0,-131.0,-46.0,-212.0,-782.0,-202.0
-226.0,-1003.0,407.0,-96.0,33.0,-74.0,-2.0,-105.0,-807.0,-175.0
-302.0,-1158.0,397.0,-152.0,81.0,-106.0,68.0,-84.0,-815.0,-100.0
-356.0,-1022.0,375.0,-150.0,91.0,-113.0,140.0,9.0,-802.0,0.0
-395.0,-617.0,395.0,-141.0,16.0,-39.0,215.0,-20.0,-770.0,98.0
-436.0,-86.0,372.0,-155.0,-115.0,-71.0,253.0,-3.0,-716.0,153.0
-495.0,420.0,388.0,-215.0,-228.0,-139.0,239.0,-14.0,-645.0,185.0
-510.0,783.0,394.0,-276.0,-242.0,-180.0,228.0,-79.0,-542.0,213.0
-538.0,916.0,401.0,-337.0,-151.0,-169.0,238.0,105.0,-437.0,184.0
-558.0,774.0,473.0,-419.0,-30.0,-175.0,253.0,269.0,-336.0,122.0
-587.0,368.0,429.0,-464.0,70.0,-185.0,251.0,315.0,-235.0,57.0
-593.0,-134.0,513.0,-509.0,148.0,-146.0,248.0,168.0,-154.0,0.0
-588.0,-497.0,518.0,-539.0,220.0,-134.0,244.0,99.0,-88.0,-77.0
-582.0,-565.0,538.0,-536.0,304.0,-130.0,265.0,123.0,-47.0,-133.0
-565.0,-360.0,638.0,-542.0,366.0,-135.0,324.0,121.0,-26.0,-153.0
-556.0,1.0,615.0,-539.0,362.0,-187.0,413.0,236.0,-13.0,-163.0
-519.0,413.0,774.0,-473.0,298.0,-273.0,506.0,79.0,9.0,-141.0
-493.0,772.0,766.0,-367.0,230.0,-266.0,561.0,-53.0,36.0,-83.0
-437.0,992.0,878.0,-276.0,213.0,-224.0,575.0,-157.0,65.0,16.0
-379.0,989.0,974.0,-144.0,242.0,-175.0,553.0,-347.0,98.0,135.0
-321.0,788.0,937.0,13.0,280.0,-159.0,543.0,-358.0,147.0,271.0
-293.0,510.0,1064.0,149.0,308.0,-214.0,497.0,-325.0,213.0,421.0
-235.0,180.0,1001.0,292.0,319.0,-187.0,448.0,-72.0,291.0,559.0
-182.0,-226.0,1042.0,422.0,306.0,-144.0,442.0,120.0,401.0,657.0
-129.0,-578.0,1015.0,488.0,257.0,-158.0,418.0,280.0,505.0,725.0
-38.0,-701.0,962.0,512.0,165.0,-210.0,349.0,423.0,606.0,798.0
25.0,-588.0,975.0,494.0,64.0,-212.0,225.0,448.0,688.0,833.0
152.0,-285.0,865.0,468.0,-20.0,-201.0,110.0,578.0,749.0,830.0
217.0,193.0,808.0,449.0,-67.0,-217.0,42.0,437.0,811.0,829.0
303.0,809.0,707.0,425.0,-64.0,-216.0,81.0,376.0,847.0,806.0
377.0,1409.0,605.0,403.0,-36.0,-208.0,194.0,317.0,881.0,755.0
440.0,1712.0,481.0,356.0,7.0,-201.0,320.0,112.0,895.0,699.0
514.0,1479.0,340.0,291.0,43.0,-232.0,419.0,121.0,873.0,660.0
531.0,796.0,205.0,186.0,37.0,-196.0,409.0,22.0,829.0,618.0
603.0,64.0,43.0,63.0,-35.0,-163.0,313.0,-92.0,769.0,547.0
604.0,-402.0,-76.0,-48.0,-195.0,-207.0,141.0,-197.0,713.0,463.0
621.0,-551.0,-211.0,-140.0,-397.0,-249.0,-32.0,-192.0,665.0,373.0
609.0,-468.0,-319.0,-249.0,-540.0,-252.0,-139.0,-110.0,629.0,232.0
571.0,-187.0,-402.0,-363.0,-527.0,-160.0,-151.0,-221.0,590.0,62.0
546.0,220.0,-501.0,-454.0,-359.0,-72.0,-98.0,-214.0,540.0,-86.0
484.0,597.0,-554.0,-538.0,-131.0,-68.0,-69.0,-194.0,494.0,-234.0
444.0,854.0,-618.0,-568.0,56.0,-31.0,-50.0,-258.0,449.0,-379.0
388.0,940.0,-656.0,-622.0,154.0,56.0,-46.0,-339.0,389.0,-502.0
374.0,862.0,-662.0,-656.0,155.0,72.0,-36.0,-227.0,304.0,-603.0
333.0,615.0,-671.0,-655.0,104.0,70.0,6.0,169.0,223.0,-705.0
313.0,196.0,-666.0,-687.0,33.0,114.0,58.0,358.0,148.0,-783.0
290.0,-271.0,-659.0,-653.0,-27.0,176.0,90.0,347.0,60.0,-819.0
280.0,-630.0,-639.0,-575.0,-52.0,205.0,71.0,225.0,-2.0,-843.0
266.0,-791.0,-627.0,-470.0,-72.0,254.0,38.0,160.0,-51.0,-829.0
244.0,-774.0,-617.0,-337.0,-108.0,379.0,-20.0,72.0,-96.0,-798.0
257.0,-577.0,-590.0,-244.0,-157.0,375.0,-76.0,-230.0,-119.0,-738.0
240.0,-264.0,-585.0,-155.0,-200.0,293.0,-109.0,-362.0,-116.0,-657.0
272.0,17.0,-549.0,-19.0,-197.0,282.0,-88.0,-460.0,-93.0,-599.0
274.0,196.0,-517.0,98.0,-115.0,229.0,-6.0,-448.0,-62.0,-535.0
285.0,226.0,-500.0,184.0,28.0,150.0,42.0,-400.0,-54.0,-485.0
288.0,118.0,-470.0,276.0,154.0,99.0,80.0,-380.0,-65.0,-467.0
301.0,-83.0,-489.0,341.0,180.0,154.0,100.0,-114.0,-85.0,-479.0
285.0,-315.0,-433.0,398.0,85.0,254.0,115.0,49.0,-114.0,-507.0
273.0,-440.0,-425.0,467.0,-61.0,264.0,102.0,123.0,-127.0,-501.0
296.0,-373.0,-382.0,515.0,-155.0,288.0,59.0,36.0,-132.0,-481.0
267.0,-161.0,-303.0,546.0,-140.0,363.0,44.0,-22.0,-126.0,-470.0
274.0,77.0,-326.0,539.0,-44.0,397.0,26.0,-48.0,-106.0,-428.0
256.0,188.0,-219.0,490.0,67.0,316.0,33.0,-99.0,-90.0,-361.0
289.0,35.0,-202.0,475.0,168.0,252.0,43.0,-22.0,-92.0,-288.0
270.0,-414.0,-149.0,454.0,263.0,215.0,18.0,-273.0,-94.0,-198.0
260.0,-983.0,-51.0,415.0,370.0,166.0,-6.0,-354.0,-114.0,-86.0
268.0,-1381.0,-34.0,435.0,451.0,136.0,6.0,-404.0,-155.0,29.0
249.0,-1432.0,102.0,445.0,437.0,173.0,41.0,-565.0,-177.0,143.0
272.0,-1109.0,155.0,447.0,306.0,258.0,38.0,-495.0,-195.0,248.0
238.0,-471.0,252.0,471.0,107.0,248.0,12.0,-563.0,-206.0,352.0
268.0,390.0,346.0,477.0,-70.0,276.0,-18.0,-327.0,-219.0,467.0
276.0,1269.0,378.0,480.0,-171.0,303.0,-54.0,-105.0,-217.0,567.0
283.0,1783.0,480.0,491.0,-200.0,267.0,-60.0,-46.0,-200.0,668.0
296.0,1700.0,446.0,508.0,-200.0,160.0,-51.0,123.0,-189.0,777.0
289.0,1153.0,516.0,550.0,-191.0,63.0,-56.0,81.0,-173.0,833.0
289.0,504.0,512.0,576.0,-167.0,54.0,-107.0,70.0,-142.0,830.0
280.0,81.0,480.0,584.0,-112.0,26.0,-194.0,-11.0,-80.0,811.0
283.0,15.0,561.0,604.0,-18.0,4.0,-277.0,25.0,-8.0,768.0
240.0,280.0,440.0,604.0,95.0,-2.0,-319.0,203.0,72.0,718.0
214.0,752.0,484.0,612.0,196.0,-7.0,-274.0,197.0,165.0,685.0
204.0,1183.0,415.0,605.0,228.0,-66.0,-229.0,149.0,262.0,672.0
153.0,1311.0,377.0,586.0,166.0,-37.0,-217.0,-16.0,361.0,655.0
91.0,1162.0,406.0,561.0,49.0,22.0,-235.0,-86.0,450.0,609.0
43.0,1035.0,308.0,483.0,-49.0,-55.0,-264.0,-144.0,504.0,561.0
-11.0,1034.0,391.0,394.0,-71.0,-133.0,-286.0,-177.0,535.0,482.0
-44.0,898.0,296.0,314.0,-19.0,-164.0,-313.0,-125.0,550.0,364.0
-94.0,305.0,326.0,242.0,74.0,-182.0,-310.0,-160.0,540.0,277.0
-106.0,-692.0,314.0,166.0,187.0,-271.0,-303.0,-29.0,527.0,214.0
-108.0,-1647.0,210.0,59.0,298.0,-388.0,-290.0,73.0,500.0,171.0
-124.0,-2204.0,254.0,-99.0,366.0,-369.0,-283.0,133.0,445.0,149.0
-137.0,-2351.0,141.0,-267.0,350.0,-271.0,-289.0,190.0,377.0,153.0
-188.0,-2240.0,101.0,-397.0,259.0,-290.0,-317.0,290.0,274.0,175.0
-185.0,-1996.0,61.0,-519.0,153.0,-336.0,-348.0,460.0,135.0,182.0
-192.0,-1647.0,-19.0,-618.0,99.0,-329.0,-397.0,408.0,0.0,190.0
-191.0,-1248.0,-27.0,-711.0,116.0,-319.0,-473.0,304.0,-121.0,192.0
-183.0,-855.0,-50.0,-810.0,160.0,-294.0,-515.0,195.0,-230.0,174.0
-159.0,-462.0,-77.0,-878.0,180.0,-290.0,-529.0,247.0,-316.0,132.0
-142.0,-78.0,-77.0,-923.0,146.0,-259.0,-465.0,284.0,-381.0,109.0
-148.0,277.0,-66.0,-952.0,70.0,-279.0,-361.0,48.0,-418.0,100.0
-128.0,518.0,-65.0,-995.0,17.0,-314.0,-291.0,-118.0,-420.0,76.0
-142.0,523.0,-58.0,-1024.0,44.0,-227.0,-271.0,-245.0,-381.0,77.0
-138.0,324.0,-40.0,-1027.0,140.0,-199.0,-244.0,-166.0,-317.0,64.0
-130.0,62.0,-38.0,-1021.0,238.0,-258.0,-177.0,-16.0,-238.0,32.0
-126.0,-184.0,-22.0,-969.0,266.0,-273.0,-163.0,57.0,-152.0,-9.0
-103.0,-377.0,-18.0,-915.0,188.0,-252.0,-204.0,208.0,-66.0,-85.0
-104.0,-431.0,-26.0,-911.0,37.0,-216.0,-238.0,158.0,19.0,-177.0
-93.0,-272.0,-22.0,-905.0,-111.0,-231.0,-221.0,208.0,91.0,-280.0
-72.0,47.0,-43.0,-869.0,-216.0,-212.0,-206.0,134.0,161.0,-404.0
-63.0,377.0,-42.0,-833.0,-287.0,-150.0,-269.0,-55.0,221.0,-530.0
-28.0,580.0,-51.0,-769.0,-347.0,-198.0,-366.0,73.0,267.0,-673.0
-19.0,548.0,-63.0,-664.0,-404.0,-285.0,-417.0,-5.0,302.0,-810.0
8.0,237.0,-66.0,-536.0,-442.0,-263.0,-405.0,-51.0,332.0,-902.0
53.0,-225.0,-77.0,-389.0,-442.0,-204.0,-386.0,-114.0,354.0,-963.0
83.0,-622.0,-89.0,-231.0,-403.0,-206.0,-371.0,-197.0,377.0,-958.0
117.0,-807.0,-106.0,-58.0,-340.0,-148.0,-376.0,-55.0,389.0,-935.0
141.0,-725.0,-134.0,133.0,-268.0,-68.0,-381.0,-40.0,384.0,-887.0
194.0,-399.0,-159.0,328.0,-214.0,-77.0,-330.0,9.0,368.0,-848.0
213.0,4.0,-193.0,473.0,-198.0,-166.0,-317.0,73.0,323.0,-845.0
240.0,242.0,-219.0,630.0,-224.0,-231.0,-418.0,266.0,255.0,-791.0
268.0,218.0,-216.0,782.0,-277.0,-150.0,-413.0,369.0,167.0,-722.0
280.0,46.0,-261.0,904.0,-312.0,-94.0,-257.0,347.0,76.0,-617.0
302.0,-55.0,-234.0,1039.0,-318.0,-135.0,-269.0,369.0,-15.0,-471.0
298.0,22.0,-250.0,1131.0,-303.0,-133.0,-328.0,247.0,-99.0,-324.0
316.0,147.0,-253.0,1173.0,-273.0,-119.0,-269.0,214.0,-151.0,-162.0
315.0,155.0,-211.0,1196.0,-214.0,-123.0,-287.0,121.0,-189.0,-22.0
311.0,51.0,-232.0,1190.0,-119.0,-111.0,-354.0,101.0,-209.0,78.0
326.0,-67.0,-184.0,1165.0,-5.0,-67.0,-333.0,107.0,-209.0,168.0
316.0,-121.0,-189.0,1155.0,91.0,6.0,-288.0,35.0,-199.0,225.0
316.0,-68.0,-151.0,1114.0,148.0,-41.0,-258.0,-7.0,-178.0,273.0
300.0,41.0,-132.0,1037.0,168.0,-95.0,-221.0,-201.0,-153.0,314.0
280.0,93.0,-91.0,918.0,148.0,-45.0,-268.0,-238.0,-98.0,321.0
258.0,42.0,-49.0,796.0,85.0,-49.0,-241.0,-225.0,-40.0,317.0
224.0,-47.0,-18.0,692.0,-10.0,-95.0,-113.0,-121.0,17.0,259.0
224.0,-40.0,62.0,583.0,-116.0,-120.0,-95.0,-75.0,80.0,199.0
203.0,108.0,67.0,475.0,-205.0,-80.0,-163.0,-266.0,108.0,163.0
221.0,255.0,123.0,363.0,-266.0,-38.0,-210.0,-194.0,127.0,131.0
235.0,286.0,144.0,290.0,-288.0,-128.0,-168.0,-160.0,155.0,100.0
232.0,185.0,149.0,215.0,-268.0,-143.0,-110.0,-59.0,199.0,56.0
281.0,1.0,173.0,183.0,-222.0,34.0,-82.0,129.0,250.0,22.0
309.0,-121.0,180.0,179.0,-169.0,63.0,-87.0,24.0,314.0,-41.0
345.0,-89.0,183.0,171.0,-123.0,-64.0,-68.0,3.0,376.0,-104.0
352.0,1.0,201.0,197.0,-67.0,-102.0,-57.0,-33.0,403.0,-144.0
387.0,11.0,172.0,197.0,16.0,-53.0,-102.0,-218.0,425.0,-160.0
424.0,-6.0,153.0,212.0,121.0,-22.0,-122.0,-430.0,431.0,-142.0
416.0,56.0,111.0,260.0,228.0,-44.0,-144.0,-659.0,430.0,-105.0
416.0,125.0,58.0,272.0,303.0,-59.0,-163.0,-916.0,425.0,-35.0
399.0,139.0,27.0,272.0,323.0,-38.0,-179.0,-1055.0,414.0,24.0
404.0,137.0,-52.0,283.0,283.0,-23.0,-182.0,-833.0,403.0,46.0
372.0,105.0,-59.0,254.0,187.0,27.0,-205.0,-726.0,378.0,50.0
323.0,5.0,-138.0,194.0,70.0,95.0,-313.0,-685.0,332.0,31.0
277.0,-147.0,-162.0,134.0,-15.0,43.0,-297.0,-563.0,254.0,-3.0
215.0,-291.0,-208.0,74.0,-21.0,-15.0,-134.0,-570.0,147.0,-46.0
150.0,-409.0,-274.0,5.0,62.0,2.0,-68.0,-519.0,37.0,-97.0
48.0,-543.0,-262.0,-75.0,210.0,47.0,-93.0,-567.0,-80.0,-129.0
-43.0,-663.0,-299.0,-138.0,367.0,10.0,-26.0,-500.0,-201.0,-178.0
-92.0,-690.0,-290.0,-203.0,448.0,-39.0,65.0,-408.0,-293.0,-233.0
-144.0,-630.0,-308.0,-274.0,409.0,47.0,35.0,-382.0,-353.0,-264.0
-214.0,-518.0,-312.0,-311.0,272.0,57.0,10.0,-280.0,-400.0,-322.0
-273.0,-324.0,-312.0,-352.0,100.0,-24.0,-37.0,-386.0,-442.0,-407.0
-305.0,-96.0,-314.0,-404.0,-26.0,-17.0,-87.0,-351.0,-473.0,-481.0
-350.0,88.0,-315.0,-473.0,-84.0,54.0,-129.0,-277.0,-506.0,-546.0
-434.0,221.0,-322.0,-577.0,-103.0,20.0,-283.0,-168.0,-532.0,-636.0
-502.0,259.0,-305.0,-649.0,-99.0,-43.0,-238.0,-14.0,-529.0,-725.0
-533.0,193.0,-302.0,-722.0,-84.0,4.0,-65.0,7.0,-504.0,-772.0
-544.0,74.0,-287.0,-784.0,-70.0,37.0,-105.0,110.0,-446.0,-790.0
-565.0,-60.0,-263.0,-821.0,-59.0,-18.0,-197.0,68.0,-374.0,-783.0
-554.0,-231.0,-244.0,-871.0,-50.0,-118.0,-201.0,168.0,-292.0,-759.0
-515.0,-436.0,-230.0,-916.0,-24.0,-103.0,-222.0,216.0,-206.0,-701.0
-482.0,-582.0,-185.0,-974.0,32.0,-107.0,-210.0,70.0,-141.0,-623.0
-469.0,-601.0,-161.0,-1015.0,104.0,-251.0,-158.0,-46.0,-96.0,-541.0
-458.0,-500.0,-138.0,-1035.0,163.0,-286.0,-231.0,-352.0,-65.0,-438.0
-446.0,-376.0,-107.0,-1027.0,194.0,-244.0,-277.0,-458.0,-40.0,-326.0
-426.0,-325.0,-103.0,-999.0,195.0,-242.0,-236.0,-548.0,-27.0,-238.0
-379.0,-313.0,-94.0,-954.0,162.0,-227.0,-169.0,-606.0,-17.0,-185.0
-352.0,-265.0,-89.0,-889.0,113.0,-194.0,-130.0,-543.0,-14.0,-117.0
-289.0,-204.0,-70.0,-827.0,89.0,-161.0,-274.0,-545.0,-31.0,-55.0
-221.0,-163.0,-93.0,-746.0,108.0,-163.0,-451.0,-375.0,-51.0,-29.0
-127.0,-121.0,-87.0,-634.0,145.0,-171.0,-459.0,-282.0,-91.0,0.0
-50.0,-28.0,-96.0,-490.0,169.0,-149.0,-373.0,-177.0,-161.0,50.0
34.0,179.0,-103.0,-346.0,156.0,-174.0,-414.0,-182.0,-221.0,107.0
145.0,445.0,-88.0,-176.0,122.0,-232.0,-484.0,-234.0,-288.0,153.0
210.0,644.0,-122.0,9.0,88.0,-223.0,-440.0,-110.0,-359.0,229.0
293.0,746.0,-55.0,165.0,45.0,-160.0,-366.0,-273.0,-441.0,294.0
327.0,839.0,-100.0,323.0,-21.0,-175.0,-296.0,-448.0,-564.0,316.0
375.0,997.0,-57.0,473.0,-117.0,-281.0,-298.0,-471.0,-663.0,316.0
429.0,1175.0,-45.0,568.0,-212.0,-310.0,-277.0,-452.0,-730.0,288.0
475.0,1296.0,-79.0,633.0,-264.0,-216.0,-215.0,-445.0,-771.0,243.0
513.0,1275.0,30.0,690.0,-260.0,-183.0,-239.0,-347.0,-769.0,158.0
531.0,1073.0,-73.0,723.0,-229.0,-246.0,-228.0,-7.0,-734.0,90.0
552.0,718.0,45.0,764.0,-212.0,-210.0,-186.0,-60.0,-673.0,48.0
573.0,287.0,29.0,799.0,-228.0,-143.0,-220.0,-277.0,-575.0,15.0
582.0,-140.0,6.0,815.0,-254.0,-136.0,-227.0,-208.0,-455.0,-1.0
552.0,-519.0,118.0,840.0,-256.0,-190.0,-272.0,-110.0,-342.0,-14.0
585.0,-835.0,5.0,847.0,-224.0,-254.0,-366.0,-60.0,-219.0,-41.0
582.0,-1078.0,106.0,844.0,-160.0,-231.0,-405.0,-218.0,-102.0,-118.0
562.0,-1204.0,51.0,862.0,-78.0,-191.0,-437.0,-363.0,0.0,-184.0
547.0,-1171.0,42.0,874.0,-2.0,-148.0,-363.0,-395.0,96.0,-231.0
532.0,-1004.0,76.0,876.0,43.0,-152.0,-246.0,-386.0,163.0,-282.0
534.0,-797.0,19.0,900.0,51.0,-149.0,-261.0,-338.0,196.0,-319.0
475.0,-584.0,58.0,901.0,28.0,-128.0,-191.0,-284.0,198.0,-336.0
444.0,-329.0,-29.0,871.0,-8.0,-105.0,-4.0,-151.0,180.0,-348.0
386.0,-51.0,-29.0,839.0,-50.0,-150.0,17.0,-221.0,152.0,-375.0
321.0,173.0,-65.0,795.0,-92.0,-251.0,-34.0,-267.0,126.0,-394.0
266.0,289.0,-142.0,724.0,-123.0,-246.0,-68.0,-288.0,113.0,-387.0
209.0,257.0,-142.0,626.0,-135.0,-239.0,-131.0,-369.0,109.0,-370.0
135.0,89.0,-190.0,553.0,-128.0,-236.0,-102.0,-242.0,114.0,-362.0
46.0,-85.0,-238.0,448.0,-128.0,-292.0,-61.0,-256.0,136.0,-369.0
-15.0,-93.0,-258.0,314.0,-151.0,-310.0,-124.0,-256.0,172.0,-406.0
-120.0,153.0,-291.0,228.0,-209.0,-279.0,-174.0,-288.0,230.0,-463.0
-192.0,616.0,-318.0,154.0,-288.0,-328.0,-152.0,-315.0,282.0,-521.0
-285.0,1182.0,-341.0,100.0,-331.0,-368.0,-121.0,-286.0,332.0,-549.0
-374.0,1612.0,-344.0,45.0,-302.0,-291.0,-107.0,-338.0,380.0,-557.0
-439.0,1636.0,-343.0,-26.0,-191.0,-143.0,-105.0,-149.0,415.0,-560.0
-510.0,1244.0,-364.0,-86.0,-48.0,-169.0,-69.0,-158.0,457.0,-518.0
-558.0,617.0,-335.0,-178.0,54.0,-231.0,-46.0,-199.0,513.0,-453.0
-601.0,-76.0,-369.0,-297.0,97.0,-179.0,-63.0,-229.0,580.0,-378.0
-643.0,-747.0,-381.0,-404.0,94.0,-89.0,-121.0,-336.0,629.0,-284.0
-692.0,-1234.0,-375.0,-510.0,73.0,-169.0,-202.0,-210.0,655.0,-176.0
-676.0,-1356.0,-427.0,-608.0,59.0,-275.0,-206.0,-214.0,636.0,-77.0
-676.0,-1097.0,-429.0,-670.0,69.0,-239.0,-131.0,-125.0,577.0,-32.0
-649.0,-569.0,-465.0,-706.0,107.0,-250.0,-78.0,-60.0,507.0,-41.0
-610.0,-9.0,-484.0,-745.0,166.0,-300.0,-120.0,-99.0,433.0,-70.0
-544.0,362.0,-479.0,-772.0,217.0,-370.0,-81.0,-129.0,380.0,-119.0
-458.0,543.0,-483.0,-800.0,247.0,-331.0,42.0,-330.0,351.0,-168.0
-413.0,725.0,-479.0,-825.0,241.0,-319.0,33.0,-445.0,318.0,-179.0
-329.0,1003.0,-488.0,-839.0,196.0,-376.0,-61.0,-705.0,285.0,-164.0
-251.0,1182.0,-472.0,-831.0,118.0,-308.0,-98.0,-890.0,232.0,-148.0
-141.0,1089.0,-468.0,-771.0,32.0,-227.0,-133.0,-824.0,156.0,-125.0
-51.0,807.0,-448.0,-705.0,-10.0,-207.0,-214.0,-722.0,85.0,-105.0
46.0,497.0,-391.0,-664.0,-6.0,-240.0,-261.0,-504.0,10.0,-85.0
142.0,264.0,-371.0,-633.0,26.0,-239.0,-371.0,-402.0,-39.0,-60.0
222.0,193.0,-317.0,-598.0,49.0,-266.0,-462.0,-339.0,-64.0,-32.0
285.0,296.0,-253.0,-542.0,41.0,-334.0,-391.0,-363.0,-90.0,-6.0
307.0,472.0,-250.0,-493.0,7.0,-317.0,-296.0,-295.0,-138.0,-37.0
348.0,535.0,-189.0,-401.0,-41.0,-258.0,-272.0,-83.0,-192.0,-98.0
354.0,342.0,-165.0,-323.0,-83.0,-281.0,-266.0,-107.0,-236.0,-167.0
376.0,-111.0,-149.0,-273.0,-106.0,-344.0,-230.0,-168.0,-280.0,-276.0
360.0,-698.0,-104.0,-145.0,-98.0,-269.0,-216.0,-206.0,-313.0,-387.0
337.0,-1229.0,-110.0,-39.0,-60.0,-126.0,-221.0,-103.0,-341.0,-473.0
308.0,-1601.0,-54.0,86.0,-8.0,-76.0,-250.0,-127.0,-361.0,-536.0
240.0,-1723.0,-60.0,208.0,30.0,-56.0,-244.0,-371.0,-406.0,-597.0
177.0,-1545.0,-49.0,261.0,50.0,43.0,-214.0,-395.0,-471.0,-626.0
66.0,-1169.0,-10.0,337.0,68.0,122.0,-219.0,-345.0,-570.0,-592.0
-18.0,-776.0,-38.0,367.0,74.0,92.0,-220.0,-227.0,-682.0,-533.0
-99.0,-510.0,0.0,390.0,58.0,10.0,-204.0,-214.0,-777.0,-471.0
-184.0,-363.0,6.0,421.0,33.0,3.0,-148.0,-267.0,-869.0,-430.0
-243.0,-276.0,22.0,436.0,-2.0,17.0,-128.0,-334.0,-917.0,-416.0
-283.0,-244.0,80.0,439.0,-57.0,-14.0,-152.0,-572.0,-945.0,-465.0
-266.0,-245.0,82.0,394.0,-111.0,46.0,-215.0,-491.0,-957.0,-567.0
-269.0,-186.0,97.0,346.0,-149.0,74.0,-251.0,-343.0,-977.0,-664.0
-263.0,-22.0,116.0,294.0,-152.0,-4.0,-215.0,-345.0,-1005.0,-760.0
-243.0,175.0,88.0,245.0,-105.0,-50.0,-178.0,-354.0,-1029.0,-831.0
-233.0,340.0,75.0,195.0,-27.0,-12.0,-104.0,-369.0,-1065.0,-869.0
-215.0,474.0,56.0,150.0,49.0,47.0,-33.0,-201.0,-1071.0,-875.0
-200.0,598.0,23.0,127.0,80.0,16.0,-14.0,-295.0,-1043.0,-886.0
-146.0,674.0,-22.0,128.0,55.0,-36.0,20.0,-532.0,-969.0,-917.0
-130.0,637.0,-51.0,143.0,-1.0,-35.0,121.0,-517.0,-865.0,-936.0
-89.0,476.0,-83.0,145.0,-53.0,-37.0,193.0,-303.0,-728.0,-958.0
-68.0,286.0,-108.0,166.0,-71.0,-96.0,154.0,-144.0,-567.0,-976.0
-54.0,186.0,-78.0,221.0,-38.0,-144.0,65.0,-301.0,-427.0,-1002.0
-18.0,177.0,-108.0,278.0,25.0,-160.0,-25.0,-412.0,-310.0,-1025.0
-21.0,133.0,-95.0,335.0,74.0,-169.0,-92.0,-550.0,-226.0,-1041.0
2.0,-23.0,-101.0,412.0,79.0,-120.0,-91.0,-607.0,-173.0,-1066.0
4.0,-213.0,-166.0,441.0,34.0,-70.0,-21.0,-404.0,-98.0,-1052.0
27.0,-329.0,-164.0,448.0,-27.0,-90.0,57.0,-218.0,15.0,-982.0
1.0,-353.0,-220.0,447.0,-69.0,-143.0,121.0,-110.0,136.0,-873.0
-29.0,-303.0,-260.0,387.0,-65.0,-172.0,136.0,-181.0,248.0,-726.0
-65.0,-167.0,-286.0,306.0,-17.0,-117.0,87.0,-138.0,323.0,-541.0
-125.0,44.0,-348.0,204.0,32.0,-95.0,-48.0,-118.0,360.0,-353.0
-170.0,313.0,-347.0,120.0,68.0,-186.0,-134.0,-179.0,366.0,-183.0
-225.0,534.0,-388.0,40.0,70.0,-209.0,-77.0,-121.0,345.0,-24.0
-247.0,527.0,-422.0,-28.0,49.0,-198.0,-28.0,-151.0,319.0,126.0
-285.0,283.0,-422.0,-72.0,32.0,-231.0,15.0,1.0,317.0,237.0
-298.0,-5.0,-455.0,-130.0,1.0,-269.0,28.0,138.0,372.0,311.0
-314.0,-153.0,-462.0,-149.0,-34.0,-231.0,0.0,49.0,460.0,394.0
-307.0,-167.0,-452.0,-110.0,-51.0,-93.0,1.0,-125.0,562.0,477.0
-334.0,-193.0,-444.0,-34.0,-33.0,-130.0,-9.0,-245.0,673.0,560.0
-362.0,-376.0,-448.0,65.0,30.0,-289.0,-38.0,-206.0,738.0,636.0
-375.0,-703.0,-449.0,154.0,120.0,-328.0,-82.0,-332.0,758.0,697.0
-397.0,-1044.0,-445.0,204.0,207.0,-261.0,-144.0,-330.0,748.0,743.0
-419.0,-1302.0,-456.0,231.0,258.0,-181.0,-204.0,-218.0,680.0,746.0
-468.0,-1413.0,-448.0,233.0,251.0,-197.0,-258.0,-109.0,594.0,735.0
-458.0,-1384.0,-421.0,193.0,192.0,-265.0,-277.0,83.0,511.0,704.0
-460.0,-1274.0,-381.0,131.0,112.0,-298.0,-247.0,-9.0,434.0,657.0
-457.0,-1103.0,-350.0,69.0,46.0,-271.0,-210.0,-20.0,356.0,596.0
-460.0,-817.0,-349.0,-9.0,3.0,-244.0,-173.0,179.0,255.0,507.0
-449.0,-393.0,-276.0,-120.0,-28.0,-235.0,-149.0,365.0,143.0,410.0
-432.0,48.0,-236.0,-217.0,-58.0,-234.0,-129.0,336.0,38.0,279.0
-411.0,359.0,-170.0,-296.0,-87.0,-242.0,-104.0,123.0,-61.0,105.0
-401.0,517.0,-60.0,-378.0,-114.0,-154.0,-104.0,88.0,-187.0,-69.0
-386.0,586.0,0.0,-435.0,-116.0,-109.0,-126.0,-138.0,-310.0,-235.0
-337.0,600.0,101.0,-494.0,-88.0,-174.0,-160.0,-393.0,-423.0,-363.0
-333.0,574.0,149.0,-539.0,-43.0,-242.0,-164.0,-511.0,-531.0,-434.0
-326.0,495.0,209.0,-558.0,-3.0,-250.0,-131.0,-533.0,-591.0,-470.0
-324.0,332.0,271.0,-567.0,2.0,-175.0,-85.0,-218.0,-625.0,-463.0
-329.0,62.0,338.0,-528.0,-1.0,-156.0,-41.0,-9.0,-657.0,-455.0
-341.0,-327.0,371.0,-447.0,7.0,-114.0,7.0,0.0,-645.0,-447.0
-337.0,-756.0,415.0,-382.0,7.0,-31.0,48.0,-123.0,-581.0,-403.0
-344.0,-1070.0,463.0,-334.0,-8.0,-3.0,34.0,-203.0,-498.0,-351.0
-324.0,-1156.0,441.0,-277.0,-56.0,14.0,5.0,-162.0,-405.0,-306.0
-312.0,-988.0,482.0,-249.0,-119.0,1.0,15.0,-173.0,-313.0,-281.0
-313.0,-618.0,429.0,-245.0,-159.0,-39.0,-21.0,-68.0,-232.0,-276.0
-308.0,-206.0,403.0,-248.0,-164.0,-54.0,-109.0,-127.0,-169.0,-276.0
-328.0,75.0,378.0,-296.0,-131.0,-35.0,-116.0,-214.0,-121.0,-265.0
-333.0,220.0,309.0,-360.0,-97.0,22.0,-92.0,-280.0,-90.0,-244.0
-355.0,294.0,282.0,-415.0,-87.0,64.0,-95.0,-395.0,-60.0,-211.0
-369.0,389.0,194.0,-474.0,-95.0,-64.0,-117.0,-249.0,-14.0,-173.0
-368.0,666.0,116.0,-494.0,-108.0,-129.0,-104.0,-293.0,21.0,-152.0
-344.0,1103.0,10.0,-440.0,-86.0,-73.0,-56.0,-439.0,58.0,-125.0
-345.0,1470.0,-96.0,-352.0,-26.0,-44.0,-52.0,-473.0,80.0,-95.0
-295.0,1687.0,-214.0,-253.0,40.0,-4.0,-38.0,-388.0,75.0,-63.0
-245.0,1791.0,-320.0,-137.0,72.0,-41.0,7.0,-286.0,60.0,-11.0
-217.0,1717.0,-381.0,-33.0,38.0,-58.0,60.0,-417.0,45.0,41.0
-190.0,1436.0,-468.0,72.0,-52.0,-110.0,85.0,-376.0,44.0,88.0
-176.0,1080.0,-494.0,165.0,-159.0,-204.0,56.0,-282.0,41.0,117.0
-138.0,816.0,-503.0,248.0,-243.0,-156.0,24.0,-129.0,62.0,130.0
-157.0,699.0,-543.0,319.0,-278.0,-85.0,19.0,-44.0,91.0,143.0
-147.0,701.0,-539.0,406.0,-279.0,-123.0,3.0,-153.0,125.0,153.0
-144.0,716.0,-540.0,489.0,-272.0,-168.0,-28.0,-158.0,154.0,170.0
-109.0,604.0,-540.0,531.0,-257.0,-106.0,-70.0,-192.0,158.0,187.0
-117.0,354.0,-509.0,593.0,-211.0,-60.0,-166.0,0.0,161.0,198.0
-86.0,-23.0,-455.0,647.0,-114.0,-128.0,-161.0,62.0,141.0,183.0
-64.0,-477.0,-398.0,695.0,9.0,-170.0,-17.0,-48.0,112.0,138.0
-79.0,-810.0,-359.0,733.0,116.0,-88.0,76.0,-94.0,80.0,80.0
-48.0,-823.0,-307.0,767.0,164.0,-49.0,128.0,-417.0,35.0,-15.0
-90.0,-507.0,-278.0,755.0,136.0,-92.0,158.0,-504.0,-7.0,-127.0
-67.0,-60.0,-258.0,695.0,66.0,-146.0,139.0,-395.0,-54.0,-256.0
-96.0,302.0,-219.0,618.0,-19.0,-206.0,85.0,-321.0,-105.0,-356.0
-68.0,529.0,-192.0,499.0,-97.0,-250.0,23.0,-230.0,-161.0,-376.0
-60.0,706.0,-183.0,427.0,-132.0,-250.0,51.0,-138.0,-246.0,-343.0
-60.0,865.0,-170.0,374.0,-116.0,-199.0,126.0,55.0,-346.0,-241.0
-21.0,981.0,-160.0,305.0,-55.0,-169.0,148.0,-42.0,-449.0,-96.0
-5.0,1035.0,-164.0,245.0,28.0,-191.0,141.0,-288.0,-577.0,56.0
52.0,938.0,-163.0,183.0,97.0,-224.0,136.0,-504.0,-708.0,182.0
34.0,650.0,-155.0,128.0,139.0,-196.0,128.0,-563.0,-840.0,245.0
75.0,252.0,-162.0,100.0,143.0,-177.0,114.0,-434.0,-963.0,263.0
61.0,-159.0,-139.0,83.0,127.0,-156.0,133.0,-515.0,-1064.0,246.0
67.0,-521.0,-135.0,24.0,112.0,-116.0,157.0,-454.0,-1141.0,227.0
59.0,-750.0,-146.0,-50.0,104.0,-182.0,138.0,-321.0,-1186.0,194.0
37.0,-778.0,-112.0,-109.0,105.0,-300.0,100.0,-332.0,-1218.0,161.0
24.0,-631.0,-116.0,-151.0,102.0,-340.0,81.0,-395.0,-1221.0,172.0
-34.0,-397.0,-89.0,-190.0,80.0,-275.0,63.0,-352.0,-1176.0,179.0
-44.0,-199.0,-93.0,-241.0,38.0,-229.0,39.0,-12.0,-1091.0,200.0
-120.0,-120.0,-94.0,-292.0,-18.0,-290.0,50.0,84.0,-988.0,240.0
-179.0,-158.0,-49.0,-313.0,-73.0,-348.0,93.0,110.0,-870.0,290.0
-280.0,-264.0,-67.0,-302.0,-99.0,-260.0,141.0,127.0,-746.0,336.0
-354.0,-391.0,-13.0,-264.0,-98.0,-215.0,140.0,242.0,-605.0,341.0
-445.0,-471.0,-2.0,-223.0,-73.0,-278.0,109.0,570.0,-430.0,327.0
-534.0,-413.0,3.0,-165.0,-38.0,-267.0,113.0,578.0,-255.0,253.0
-598.0,-225.0,46.0,-118.0,-9.0,-266.0,165.0,674.0,-82.0,138.0
-693.0,-29.0,3.0,-92.0,5.0,-302.0,197.0,528.0,73.0,32.0
-721.0,86.0,36.0,-48.0,-9.0,-365.0,170.0,225.0,193.0,-69.0
-775.0,110.0,30.0,-67.0,-47.0,-359.0,171.0,110.0,289.0,-152.0
-780.0,95.0,25.0,-93.0,-76.0,-296.0,178.0,-38.0,358.0,-222.0
-812.0,124.0,99.0,-60.0,-61.0,-345.0,158.0,99.0,406.0,-263.0
-813.0,219.0,104.0,-13.0,0.0,-417.0,186.0,97.0,427.0,-282.0
-781.0,366.0,139.0,0.0,89.0,-380.0,224.0,190.0,421.0,-284.0
-752.0,550.0,177.0,-3.0,170.0,-287.0,232.0,365.0,392.0,-249.0
-681.0,691.0,173.0,32.0,210.0,-315.0,239.0,426.0,358.0,-194.0
-636.0,649.0,191.0,49.0,191.0,-302.0,253.0,548.0,331.0,-119.0
-560.0,395.0,185.0,56.0,119.0,-187.0,229.0,419.0,300.0,-29.0
-507.0,28.0,140.0,65.0,35.0,-112.0,199.0,279.0,267.0,67.0
-440.0,-381.0,118.0,65.0,-28.0,-71.0,206.0,88.0,222.0,181.0
-375.0,-777.0,105.0,85.0,-57.0,-79.0,201.0,142.0,178.0,281.0
-308.0,-979.0,63.0,92.0,-69.0,-10.0,229.0,288.0,133.0,360.0
-214.0,-895.0,81.0,72.0,-82.0,53.0,266.0,171.0,74.0,428.0
-134.0,-651.0,58.0,31.0,-85.0,29.0,265.0,240.0,-9.0,455.0
-61.0,-413.0,57.0,-3.0,-76.0,39.0,253.0,197.0,-106.0,463.0
10.0,-351.0,89.0,-25.0,-68.0,53.0,215.0,92.0,-204.0,477.0
71.0,-488.0,80.0,-36.0,-76.0,8.0,188.0,40.0,-289.0,494.0
107.0,-644.0,139.0,-8.0,-93.0,10.0,123.0,5.0,-332.0,523.0
128.0,-760.0,137.0,18.0,-100.0,113.0,116.0,97.0,-355.0,559.0
167.0,-947.0,159.0,44.0,-108.0,146.0,182.0,123.0,-354.0,610.0
211.0,-1220.0,169.0,91.0,-125.0,118.0,146.0,99.0,-334.0,659.0
228.0,-1472.0,134.0,91.0,-154.0,83.0,94.0,-72.0,-287.0,703.0
291.0,-1674.0,121.0,86.0,-193.0,108.0,120.0,-20.0,-218.0,746.0
326.0,-1804.0,47.0,87.0,-210.0,158.0,211.0,123.0,-140.0,762.0
367.0,-1711.0,-27.0,69.0,-181.0,139.0,239.0,134.0,-56.0,735.0
413.0,-1326.0,-84.0,104.0,-117.0,169.0,216.0,432.0,16.0,693.0
432.0,-749.0,-156.0,118.0,-34.0,189.0,221.0,497.0,96.0,636.0
448.0,-113.0,-217.0,83.0,29.0,178.0,220.0,467.0,179.0,536.0
429.0,415.0,-277.0,65.0,61.0,120.0,165.0,386.0,288.0,429.0
420.0,656.0,-370.0,49.0,92.0,95.0,92.0,149.0,406.0,313.0
397.0,587.0,-409.0,41.0,123.0,139.0,111.0,227.0,513.0,214.0
386.0,480.0,-511.0,6.0,160.0,133.0,107.0,290.0,636.0,137.0
372.0,655.0,-541.0,-69.0,196.0,104.0,105.0,463.0,739.0,68.0
343.0,1072.0,-614.0,-147.0,208.0,52.0,130.0,539.0,811.0,53.0
306.0,1461.0,-657.0,-209.0,207.0,0.0,99.0,471.0,845.0,50.0
264.0,1688.0,-652.0,-240.0,188.0,-91.0,97.0,382.0,847.0,51.0
203.0,1677.0,-750.0,-284.0,145.0,-126.0,73.0,101.0,826.0,58.0
133.0,1403.0,-634.0,-299.0,105.0,-121.0,59.0,142.0,765.0,70.0
49.0,1047.0,-715.0,-275.0,73.0,-189.0,46.0,243.0,676.0,102.0
-57.0,799.0,-639.0,-214.0,58.0,-224.0,-28.0,373.0,570.0,109.0
-141.0,651.0,-613.0,-124.0,37.0,-194.0,-10.0,454.0,470.0,108.0
-248.0,559.0,-688.0,-82.0,-6.0,-64.0,62.0,330.0,357.0,112.0
-325.0,511.0,-524.0,-10.0,-58.0,-53.0,88.0,334.0,225.0,106.0
-412.0,353.0,-656.0,102.0,-114.0,-169.0,85.0,242.0,112.0,76.0
-489.0,-11.0,-545.0,207.0,-160.0,-187.0,52.0,227.0,0.0,17.0
-564.0,-387.0,-539.0,301.0,-208.0,-247.0,-1.0,184.0,-95.0,-47.0
-635.0,-574.0,-563.0,359.0,-260.0,-335.0,-51.0,153.0,-159.0,-147.0
-679.0,-558.0,-417.0,377.0,-290.0,-383.0,-54.0,203.0,-208.0,-248.0
-744.0,-392.0,-469.0,396.0,-309.0,-380.0,-32.0,84.0,-258.0,-349.0
-771.0,-162.0,-315.0,438.0,-309.0,-342.0,-6.0,90.0,-306.0,-441.0
-819.0,-48.0,-265.0,463.0,-285.0,-340.0,-1.0,-49.0,-343.0,-497.0
-849.0,-163.0,-165.0,463.0,-254.0,-320.0,-23.0,-169.0,-383.0,-576.0
-879.0,-387.0,-28.0,432.0,-231.0,-352.0,7.0,-110.0,-430.0,-651.0
-891.0,-542.0,35.0,325.0,-220.0,-471.0,14.0,-81.0,-468.0,-739.0
-865.0,-575.0,213.0,188.0,-210.0,-530.0,-7.0,-9.0,-488.0,-851.0
-856.0,-541.0,259.0,86.0,-165.0,-482.0,28.0,-64.0,-498.0,-963.0
-829.0,-534.0,381.0,-30.0,-72.0,-490.0,77.0,-27.0,-483.0,-1088.0
-806.0,-640.0,433.0,-161.0,33.0,-497.0,125.0,-97.0,-438.0,-1200.0
-761.0,-782.0,438.0,-273.0,120.0,-447.0,174.0,-275.0,-385.0,-1316.0
-728.0,-793.0,495.0,-387.0,159.0,-440.0,205.0,-402.0,-328.0,-1413.0
-691.0,-592.0,474.0,-547.0,129.0,-444.0,191.0,-572.0,-271.0,-1478.0
-638.0,-242.0,504.0,-698.0,48.0,-486.0,178.0,-325.0,-215.0,-1498.0
-588.0,109.0,506.0,-768.0,-42.0,-415.0,200.0,-57.0,-145.0,-1450.0
-549.0,348.0,513.0,-831.0,-103.0,-342.0,219.0,-7.0,-80.0,-1347.0
-514.0,397.0,498.0,-867.0,-132.0,-435.0,197.0,-77.0,-6.0,-1183.0
-457.0,282.0,486.0,-862.0,-137.0,-513.0,129.0,-192.0,101.0,-1007.0
-417.0,111.0,433.0,-823.0,-126.0,-490.0,45.0,24.0,203.0,-833.0
-395.0,-7.0,379.0,-747.0,-102.0,-402.0,-23.0,168.0,305.0,-647.0
-382.0,13.0,356.0,-642.0,-52.0,-400.0,18.0,227.0,402.0,-486.0
-360.0,197.0,261.0,-479.0,-6.0,-409.0,162.0,181.0,488.0,-379.0
-337.0,465.0,245.0,-301.0,34.0,-346.0,247.0,27.0,556.0,-284.0
-315.0,683.0,201.0,-123.0,79.0,-283.0,229.0,-9.0,582.0,-185.0
-253.0,862.0,149.0,17.0,113.0,-272.0,192.0,-114.0,594.0,-106.0
-190.0,1004.0,155.0,148.0,134.0,-241.0,190.0,7.0,577.0,-23.0
-143.0,1009.0,102.0,276.0,118.0,-209.0,235.0,96.0,527.0,78.0
-97.0,842.0,91.0,389.0,73.0,-242.0,319.0,75.0,460.0,208.0
-55.0,602.0,75.0,512.0,27.0,-255.0,395.0,129.0,392.0,344.0
7.0,417.0,20.0,569.0,-2.0,-219.0,410.0,197.0,328.0,483.0
42.0,284.0,26.0,581.0,-3.0,-124.0,359.0,428.0,269.0,651.0
98.0,170.0,-25.0,555.0,15.0,-118.0,331.0,480.0,253.0,819.0
201.0,56.0,-57.0,515.0,36.0,-100.0,312.0,521.0,248.0,996.0
316.0,-71.0,-51.0,506.0,49.0,6.0,319.0,493.0,251.0,1183.0
427.0,-118.0,-115.0,508.0,47.0,16.0,377.0,484.0,275.0,1376.0
511.0,15.0,-141.0,514.0,39.0,-27.0,388.0,593.0,289.0,1539.0
604.0,290.0,-190.0,512.0,31.0,-37.0,364.0,485.0,297.0,1670.0
645.0,568.0,-231.0,498.0,36.0,22.0,375.0,559.0,288.0,1806.0
679.0,728.0,-286.0,467.0,71.0,12.0,434.0,626.0,263.0,1900.0
678.0,704.0,-355.0,475.0,112.0,35.0,471.0,703.0,239.0,1957.0
651.0,510.0,-386.0,505.0,144.0,143.0,519.0,689.0,197.0,1965.0
621.0,219.0,-428.0,536.0,156.0,147.0,549.0,474.0,128.0,1947.0
568.0,-119.0,-465.0,588.0,153.0,113.0,539.0,569.0,60.0,1907.0
543.0,-492.0,-486.0,647.0,146.0,122.0,536.0,545.0,-21.0,1803.0
487.0,-833.0,-493.0,705.0,134.0,240.0,504.0,524.0,-120.0,1710.0
435.0,-965.0,-494.0,764.0,121.0,326.0,461.0,532.0,-186.0,1621.0
351.0,-792.0,-489.0,849.0,114.0,338.0,414.0,452.0,-238.0,1502.0
282.0,-421.0,-460.0,910.0,120.0,377.0,419.0,554.0,-262.0,1372.0
216.0,16.0,-402.0,931.0,146.0,398.0,391.0,530.0,-233.0,1224.0
150.0,429.0,-377.0,922.0,194.0,334.0,304.0,533.0,-184.0,1057.0
97.0,668.0,-272.0,847.0,243.0,233.0,275.0,413.0,-148.0,843.0
5.0,672.0,-210.0,754.0,263.0,319.0,289.0,319.0,-122.0,608.0
-49.0,541.0,-125.0,666.0,246.0,388.0,310.0,363.0,-77.0,390.0
-148.0,324.0,-20.0,560.0,209.0,310.0,277.0,338.0,-63.0,173.0
-242.0,-32.0,26.0,448.0,176.0,265.0,193.0,563.0,-58.0,-18.0
-328.0,-444.0,149.0,304.0,155.0,326.0,153.0,600.0,-40.0,-150.0
-412.0,-660.0,169.0,140.0,156.0,367.0,200.0,517.0,-61.0,-259.0
-460.0,-533.0,232.0,-42.0,150.0,256.0,210.0,424.0,-63.0,-346.0
-525.0,-113.0,270.0,-227.0,114.0,182.0,166.0,310.0,-33.0,-406.0
-535.0,442.0,254.0,-355.0,69.0,229.0,180.0,445.0,-12.0,-452.0
-551.0,971.0,285.0,-457.0,25.0,347.0,225.0,424.0,0.0,-488.0
-535.0,1307.0,256.0,-563.0,-7.0,306.0,247.0,321.0,20.0,-537.0
-526.0,1382.0,257.0,-649.0,-46.0,228.0,241.0,175.0,32.0,-568.0
-532.0,1303.0,258.0,-704.0,-97.0,284.0,255.0,214.0,12.0,-579.0
-486.0,1155.0,241.0,-747.0,-148.0,299.0,285.0,391.0,-23.0,-600.0
-475.0,992.0,231.0,-762.0,-198.0,319.0,294.0,347.0,-67.0,-609.0
-445.0,864.0,216.0,-760.0,-231.0,303.0,290.0,323.0,-128.0,-584.0
-432.0,702.0,182.0,-720.0,-244.0,333.0,283.0,210.0,-183.0,-539.0
-416.0,440.0,174.0,-669.0,-239.0,356.0,259.0,293.0,-235.0,-497.0
-379.0,141.0,153.0,-659.0,-221.0,302.0,252.0,454.0,-282.0,-444.0
-387.0,-114.0,159.0,-629.0,-207.0,231.0,289.0,397.0,-319.0,-399.0
-371.0,-351.0,192.0,-609.0,-197.0,123.0,328.0,384.0,-340.0,-392.0
-344.0,-610.0,180.0,-616.0,-171.0,88.0,370.0,356.0,-328.0,-391.0
-304.0,-891.0,206.0,-575.0,-126.0,83.0,356.0,432.0,-292.0,-381.0
-272.0,-1159.0,228.0,-529.0,-67.0,135.0,279.0,367.0,-241.0,-350.0
-240.0,-1284.0,217.0,-492.0,-13.0,84.0,235.0,312.0,-187.0,-313.0
-202.0,-1203.0,265.0,-426.0,23.0,-14.0,252.0,430.0,-123.0,-275.0
-177.0,-1020.0,300.0,-370.0,48.0,51.0,303.0,375.0,-51.0,-192.0
-127.0,-860.0,308.0,-298.0,49.0,118.0,361.0,362.0,19.0,-121.0
-95.0,-819.0,354.0,-198.0,18.0,111.0,396.0,363.0,90.0,-75.0
-45.0,-946.0,351.0,-101.0,-30.0,-12.0,395.0,473.0,163.0,-6.0
17.0,-1137.0,387.0,-21.0,-70.0,-26.0,395.0,402.0,253.0,73.0
111.0,-1176.0,410.0,26.0,-84.0,35.0,369.0,131.0,335.0,136.0
210.0,-1001.0,461.0,50.0,-79.0,-4.0,300.0,168.0,403.0,173.0
267.0,-711.0,521.0,73.0,-79.0,-14.0,254.0,275.0,464.0,224.0
342.0,-348.0,540.0,107.0,-79.0,3.0,241.0,432.0,527.0,274.0
423.0,62.0,634.0,106.0,-78.0,16.0,216.0,362.0,594.0,286.0
510.0,430.0,635.0,126.0,-86.0,-47.0,182.0,218.0,654.0,339.0
580.0,698.0,690.0,197.0,-82.0,-23.0,177.0,160.0,684.0,423.0
634.0,924.0,710.0,256.0,-75.0,54.0,205.0,24.0,681.0,508.0
692.0,1204.0,693.0,296.0,-65.0,14.0,236.0,134.0,643.0,591.0
743.0,1530.0,720.0,335.0,-43.0,-38.0,218.0,229.0,564.0,645.0
770.0,1737.0,674.0,399.0,-26.0,-7.0,185.0,301.0,481.0,671.0
816.0,1691.0,686.0,477.0,0.0,75.0,186.0,279.0,403.0,651.0
853.0,1487.0,659.0,550.0,37.0,8.0,213.0,269.0,318.0,617.0
867.0,1273.0,634.0,600.0,75.0,-45.0,263.0,474.0,238.0,573.0
884.0,1059.0,617.0,626.0,94.0,-4.0,316.0,522.0,161.0,525.0
871.0,817.0,570.0,657.0,105.0,22.0,335.0,541.0,98.0,470.0
864.0,615.0,540.0,700.0,124.0,2.0,328.0,426.0,42.0,403.0
833.0,525.0,517.0,733.0,142.0,-42.0,341.0,349.0,-1.0,386.0
797.0,504.0,466.0,799.0,160.0,27.0,345.0,351.0,-16.0,376.0
756.0,455.0,436.0,881.0,173.0,25.0,325.0,310.0,-25.0,361.0
713.0,330.0,411.0,934.0,175.0,24.0,350.0,447.0,-42.0,370.0
686.0,145.0,355.0,970.0,156.0,102.0,405.0,256.0,-87.0,378.0
660.0,-46.0,383.0,958.0,113.0,110.0,416.0,51.0,-137.0,379.0
635.0,-161.0,315.0,907.0,69.0,112.0,342.0,55.0,-175.0,385.0
574.0,-176.0,298.0,854.0,58.0,169.0,276.0,46.0,-206.0,419.0
514.0,-117.0,279.0,772.0,71.0,276.0,286.0,103.0,-198.0,461.0
472.0,-53.0,180.0,640.0,89.0,315.0,288.0,11.0,-177.0,497.0
426.0,-76.0,164.0,500.0,120.0,304.0,268.0,142.0,-129.0,537.0
354.0,-217.0,31.0,350.0,142.0,353.0,272.0,216.0,-60.0,578.0
261.0,-453.0,-18.0,173.0,153.0,478.0,316.0,107.0,5.0,566.0
202.0,-679.0,-140.0,38.0,149.0,492.0,367.0,86.0,89.0,520.0
134.0,-764.0,-244.0,-31.0,115.0,409.0,409.0,0.0,165.0,516.0
52.0,-654.0,-273.0,-74.0,61.0,457.0,422.0,123.0,240.0,504.0
0.0,-467.0,-425.0,-92.0,-1.0,522.0,394.0,112.0,312.0,471.0
-53.0,-331.0,-461.0,-94.0,-65.0,538.0,345.0,9.0,355.0,460.0
-72.0,-258.0,-560.0,-105.0,-119.0,575.0,263.0,5.0,354.0,477.0
-75.0,-234.0,-645.0,-100.0,-139.0,599.0,215.0,-12.0,322.0,497.0
-63.0,-209.0,-704.0,-74.0,-117.0,545.0,204.0,88.0,265.0,505.0
-25.0,-110.0,-769.0,-37.0,-71.0,427.0,202.0,160.0,174.0,558.0
-25.0,132.0,-787.0,42.0,-26.0,392.0,202.0,269.0,71.0,624.0
-6.0,467.0,-839.0,79.0,-5.0,507.0,185.0,225.0,-31.0,672.0
32.0,728.0,-799.0,81.0,-23.0,553.0,197.0,160.0,-129.0,707.0
50.0,806.0,-768.0,69.0,-67.0,479.0,184.0,188.0,-218.0,713.0
78.0,762.0,-736.0,23.0,-107.0,479.0,164.0,247.0,-298.0,701.0
137.0,641.0,-638.0,1.0,-130.0,539.0,235.0,530.0,-380.0,645.0
156.0,403.0,-585.0,-48.0,-117.0,554.0,308.0,641.0,-443.0,581.0
157.0,145.0,-509.0,-100.0,-69.0,532.0,297.0,729.0,-462.0,535.0
148.0,-57.0,-412.0,-118.0,-14.0,564.0,299.0,811.0,-446.0,470.0
119.0,-218.0,-357.0,-105.0,30.0,629.0,330.0,718.0,-401.0,422.0
83.0,-336.0,-252.0,-104.0,53.0,615.0,298.0,750.0,-335.0,407.0
32.0,-424.0,-197.0,-101.0,66.0,587.0,269.0,781.0,-286.0,412.0
-1.0,-480.0,-116.0,-85.0,94.0,586.0,244.0,812.0,-238.0,431.0
-25.0,-446.0,-35.0,-97.0,130.0,509.0,196.0,726.0,-191.0,444.0
-51.0,-250.0,-18.0,-103.0,170.0,451.0,188.0,678.0,-165.0,456.0
-93.0,59.0,79.0,-131.0,213.0,491.0,221.0,641.0,-137.0,449.0
-109.0,414.0,107.0,-168.0,241.0,525.0,283.0,552.0,-127.0,411.0
-116.0,795.0,152.0,-213.0,245.0,523.0,312.0,716.0,-115.0,369.0
-131.0,1076.0,209.0,-266.0,218.0,502.0,335.0,711.0,-106.0,305.0
-162.0,1085.0,223.0,-360.0,183.0,496.0,384.0,800.0,-91.0,220.0
-195.0,792.0,293.0,-460.0,163.0,542.0,370.0,1014.0,-40.0,116.0
-204.0,287.0,364.0,-530.0,156.0,510.0,322.0,1097.0,19.0,-11.0
-201.0,-225.0,439.0,-583.0,165.0,457.0,286.0,1225.0,111.0,-134.0
-204.0,-535.0,511.0,-577.0,176.0,504.0,272.0,1075.0,221.0,-275.0
-192.0,-655.0,604.0,-564.0,175.0,505.0,269.0,949.0,328.0,-431.0
-165.0,-694.0,628.0,-528.0,148.0,484.0,244.0,883.0,439.0,-561.0
-169.0,-652.0,682.0,-468.0,106.0,398.0,217.0,946.0,542.0,-672.0
-147.0,-524.0,715.0,-385.0,76.0,368.0,244.0,1038.0,638.0,-755.0
-144.0,-426.0,666.0,-255.0,55.0,464.0,289.0,848.0,728.0,-812.0
-149.0,-475.0,706.0,-112.0,43.0,456.0,286.0,842.0,803.0,-826.0
-154.0,-624.0,669.0,17.0,35.0,478.0,269.0,739.0,865.0,-820.0
-168.0,-708.0,638.0,131.0,24.0,543.0,219.0,642.0,896.0,-834.0
-149.0,-598.0,623.0,198.0,0.0,600.0,166.0,569.0,887.0,-819.0
-151.0,-335.0,588.0,252.0,-47.0,615.0,157.0,375.0,850.0,-788.0
-114.0,-85.0,569.0,335.0,-102.0,594.0,152.0,367.0,806.0,-770.0
-47.0,7.0,529.0,430.0,-152.0,624.0,125.0,332.0,766.0,-755.0
13.0,-66.0,513.0,546.0,-191.0,571.0,92.0,522.0,720.0,-736.0
84.0,-183.0,449.0,599.0,-207.0,499.0,112.0,735.0,671.0,-707.0
154.0,-259.0,416.0,621.0,-188.0,471.0,139.0,707.0,610.0,-715.0
236.0,-288.0,384.0,630.0,-146.0,426.0,174.0,508.0,534.0,-696.0
304.0,-192.0,362.0,596.0,-99.0,378.0,226.0,306.0,450.0,-603.0
344.0,141.0,333.0,567.0,-74.0,430.0,246.0,454.0,360.0,-487.0
405.0,637.0,319.0,536.0,-89.0,528.0,275.0,559.0,274.0,-345.0
467.0,1100.0,297.0,519.0,-124.0,521.0,291.0,691.0,182.0,-182.0
503.0,1419.0,242.0,482.0,-169.0,538.0,264.0,724.0,111.0,-7.0
559.0,1575.0,265.0,443.0,-211.0,619.0,212.0,454.0,75.0,138.0
606.0,1590.0,207.0,371.0,-235.0,625.0,128.0,360.0,68.0,235.0
628.0,1480.0,195.0,302.0,-234.0,540.0,72.0,389.0,76.0,336.0
672.0,1242.0,149.0,289.0,-208.0,488.0,94.0,585.0,83.0,412.0
702.0,933.0,96.0,247.0,-173.0,544.0,127.0,550.0,78.0,439.0
724.0,585.0,79.0,186.0,-131.0,597.0,144.0,314.0,57.0,458.0
727.0,133.0,-10.0,119.0,-70.0,518.0,158.0,262.0,28.0,497.0
723.0,-432.0,-10.0,63.0,5.0,472.0,194.0,173.0,14.0,534.0
717.0,-953.0,-85.0,6.0,77.0,508.0,225.0,286.0,22.0,563.0
675.0,-1200.0,-117.0,-25.0,137.0,493.0,217.0,314.0,28.0,637.0
667.0,-1123.0,-135.0,-27.0,193.0,455.0,269.0,360.0,60.0,724.0
636.0,-879.0,-175.0,-46.0,249.0,500.0,321.0,478.0,103.0,759.0
636.0,-685.0,-121.0,-33.0,284.0,580.0,324.0,498.0,132.0,778.0
639.0,-614.0,-134.0,-10.0,292.0,511.0,322.0,615.0,164.0,782.0
637.0,-575.0,-101.0,6.0,283.0,391.0,300.0,617.0,189.0,749.0
641.0,-446.0,-70.0,55.0,255.0,359.0,310.0,726.0,199.0,684.0
592.0,-131.0,-90.0,83.0,222.0,406.0,305.0,617.0,185.0,637.0
598.0,301.0,-65.0,86.0,180.0,397.0,263.0,338.0,158.0,640.0
553.0,725.0,-37.0,96.0,131.0,353.0,251.0,166.0,128.0,654.0
559.0,1059.0,-14.0,79.0,90.0,374.0,268.0,-25.0,97.0,684.0
558.0,1202.0,18.0,41.0,56.0,340.0,292.0,131.0,61.0,746.0
541.0,1155.0,53.0,-17.0,34.0,278.0,321.0,110.0,37.0,808.0
577.0,1030.0,74.0,-74.0,19.0,243.0,356.0,-31.0,34.0,811.0
573.0,904.0,114.0,-87.0,16.0,294.0,380.0,0.0,30.0,790.0
615.0,750.0,136.0,-103.0,18.0,265.0,381.0,-20.0,25.0,766.0
614.0,496.0,139.0,-153.0,26.0,142.0,341.0,206.0,22.0,684.0
627.0,173.0,146.0,-223.0,45.0,171.0,229.0,338.0,16.0,573.0
607.0,-101.0,137.0,-271.0,67.0,200.0,186.0,426.0,0.0,463.0
590.0,-263.0,152.0,-318.0,88.0,148.0,204.0,556.0,-12.0,389.0
541.0,-331.0,130.0,-346.0,96.0,106.0,222.0,552.0,-23.0,313.0
485.0,-356.0,105.0,-335.0,82.0,116.0,274.0,602.0,-19.0,223.0
461.0,-350.0,122.0,-329.0,44.0,135.0,277.0,513.0,10.0,190.0
342.0,-340.0,96.0,-294.0,0.0,91.0,261.0,386.0,48.0,166.0
281.0,-390.0,92.0,-214.0,-33.0,99.0,229.0,197.0,110.0,97.0
175.0,-478.0,67.0,-139.0,-45.0,176.0,165.0,90.0,177.0,0.0
100.0,-512.0,33.0,-59.0,-32.0,136.0,66.0,99.0,235.0,-90.0
13.0,-454.0,-16.0,38.0,-16.0,52.0,-10.0,129.0,296.0,-218.0
-85.0,-299.0,-83.0,118.0,-24.0,43.0,-17.0,232.0,361.0,-379.0
-168.0,-40.0,-104.0,198.0,-69.0,16.0,-43.0,94.0,438.0,-512.0
-290.0,239.0,-177.0,261.0,-121.0,-30.0,-67.0,184.0,516.0,-610.0
-369.0,438.0,-217.0,314.0,-152.0,-43.0,-80.0,315.0,585.0,-689.0
-486.0,586.0,-237.0,352.0,-153.0,-33.0,-103.0,293.0,624.0,-748.0
-546.0,637.0,-255.0,359.0,-131.0,-59.0,-122.0,436.0,634.0,-726.0
-619.0,541.0,-247.0,409.0,-97.0,-104.0,-142.0,413.0,625.0,-666.0
-643.0,440.0,-210.0,435.0,-48.0,-91.0,-192.0,522.0,587.0,-598.0
-659.0,413.0,-158.0,430.0,10.0,-39.0,-252.0,524.0,526.0,-506.0
-706.0,346.0,-128.0,421.0,69.0,-18.0,-282.0,448.0,443.0,-383.0
-688.0,110.0,-45.0,409.0,126.0,-61.0,-272.0,412.0,353.0,-273.0
-685.0,-240.0,34.0,415.0,178.0,-88.0,-243.0,188.0,267.0,-210.0
-669.0,-520.0,149.0,384.0,218.0,-33.0,-244.0,216.0,193.0,-128.0
-666.0,-615.0,279.0,328.0,221.0,2.0,-233.0,177.0,131.0,-60.0
-638.0,-588.0,402.0,279.0,177.0,6.0,-244.0,166.0,83.0,-2.0
-603.0,-537.0,508.0,248.0,107.0,34.0,-286.0,304.0,61.0,80.0
-564.0,-472.0,606.0,214.0,21.0,66.0,-294.0,382.0,53.0,179.0
-499.0,-400.0,713.0,158.0,-61.0,43.0,-311.0,375.0,48.0,286.0
-426.0,-363.0,774.0,114.0,-126.0,75.0,-345.0,160.0,47.0,335.0
-348.0,-327.0,875.0,72.0,-168.0,180.0,-404.0,205.0,47.0,341.0
-264.0,-181.0,915.0,31.0,-192.0,182.0,-454.0,266.0,51.0,325.0
-186.0,78.0,956.0,17.0,-207.0,130.0,-433.0,275.0,59.0,259.0
-102.0,383.0,1009.0,0.0,-209.0,115.0,-417.0,378.0,62.0,171.0
-9.0,699.0,995.0,-33.0,-209.0,170.0,-418.0,330.0,64.0,112.0
59.0,974.0,1030.0,-70.0,-211.0,165.0,-448.0,412.0,55.0,99.0
154.0,1146.0,1050.0,-126.0,-212.0,170.0,-526.0,321.0,37.0,86.0
220.0,1163.0,1025.0,-176.0,-210.0,285.0,-561.0,234.0,28.0,98.0
300.0,1032.0,993.0,-186.0,-196.0,380.0,-532.0,240.0,18.0,171.0
393.0,890.0,996.0,-195.0,-174.0,411.0,-487.0,107.0,10.0,237.0
461.0,856.0,928.0,-191.0,-140.0,350.0,-456.0,134.0,15.0,272.0
551.0,853.0,869.0,-167.0,-102.0,333.0,-414.0,-29.0,24.0,278.0
631.0,792.0,849.0,-150.0,-73.0,298.0,-374.0,-158.0,35.0,261.0
703.0,726.0,748.0,-94.0,-53.0,264.0,-373.0,-177.0,50.0,196.0
758.0,664.0,681.0,-59.0,-48.0,350.0,-365.0,-155.0,66.0,87.0
791.0,549.0,605.0,-59.0,-46.0,393.0,-397.0,88.0,74.0,-4.0
793.0,369.0,502.0,-42.0,-23.0,383.0,-484.0,301.0,60.0,-69.0
768.0,203.0,381.0,-64.0,27.0,343.0,-526.0,508.0,33.0,-116.0
761.0,98.0,250.0,-98.0,97.0,298.0,-529.0,434.0,5.0,-175.0
774.0,-44.0,117.0,-152.0,164.0,269.0,-497.0,351.0,-33.0,-205.0
775.0,-241.0,12.0,-209.0,216.0,208.0,-439.0,343.0,-79.0,-213.0
757.0,-413.0,-93.0,-218.0,248.0,228.0,-393.0,249.0,-136.0,-259.0
745.0,-541.0,-185.0,-221.0,263.0,313.0,-316.0,277.0,-210.0,-277.0
732.0,-623.0,-261.0,-186.0,258.0,275.0,-243.0,186.0,-298.0,-233.0
689.0,-626.0,-398.0,-133.0,236.0,201.0,-225.0,203.0,-383.0,-191.0
638.0,-537.0,-462.0,-86.0,206.0,174.0,-232.0,201.0,-448.0,-138.0
641.0,-323.0,-571.0,-11.0,184.0,210.0,-250.0,184.0,-507.0,-40.0
643.0,39.0,-645.0,22.0,185.0,188.0,-277.0,184.0,-547.0,71.0
635.0,362.0,-715.0,33.0,205.0,75.0,-299.0,36.0,-550.0,160.0
645.0,456.0,-802.0,79.0,230.0,108.0,-314.0,114.0,-532.0,239.0
631.0,413.0,-821.0,81.0,238.0,187.0,-314.0,123.0,-485.0,333.0
620.0,362.0,-888.0,55.0,215.0,166.0,-292.0,144.0,-424.0,397.0
574.0,259.0,-870.0,14.0,174.0,150.0,-267.0,121.0,-368.0,407.0
534.0,82.0,-892.0,-37.0,128.0,240.0,-244.0,-3.0,-309.0,430.0
527.0,-32.0,-862.0,-65.0,83.0,297.0,-198.0,5.0,-252.0,475.0
515.0,30.0,-831.0,-104.0,47.0,226.0,-156.0,-77.0,-174.0,494.0
516.0,154.0,-816.0,-89.0,26.0,208.0,-134.0,24.0,-72.0,523.0
510.0,169.0,-712.0,-31.0,17.0,275.0,-83.0,84.0,55.0,581.0
516.0,102.0,-645.0,35.0,20.0,254.0,-51.0,77.0,203.0,631.0
528.0,78.0,-533.0,121.0,27.0,70.0,-73.0,120.0,361.0,649.0
543.0,156.0,-450.0,184.0,34.0,-27.0,-105.0,101.0,531.0,664.0
555.0,245.0,-384.0,262.0,32.0,38.0,-109.0,164.0,699.0,668.0
575.0,288.0,-301.0,342.0,20.0,60.0,-66.0,68.0,864.0,602.0
563.0,291.0,-259.0,361.0,5.0,58.0,-31.0,96.0,1019.0,497.0
553.0,186.0,-161.0,353.0,-14.0,69.0,6.0,136.0,1160.0,397.0
559.0,-19.0,-66.0,337.0,-26.0,112.0,70.0,101.0,1271.0,296.0
549.0,-210.0,-15.0,305.0,-29.0,100.0,123.0,66.0,1351.0,165.0
542.0,-285.0,97.0,258.0,-32.0,-12.0,126.0,-90.0,1387.0,38.0
494.0,-241.0,113.0,197.0,-36.0,-41.0,106.0,-12.0,1355.0,-71.0
490.0,-158.0,178.0,178.0,-48.0,-57.0,140.0,-105.0,1272.0,-197.0
430.0,-102.0,217.0,157.0,-54.0,-82.0,197.0,-284.0,1133.0,-321.0
361.0,-84.0,218.0,139.0,-57.0,-12.0,227.0,-269.0,948.0,-449.0
329.0,-59.0,304.0,208.0,-68.0,10.0,215.0,-266.0,736.0,-551.0
261.0,-12.0,294.0,245.0,-83.0,-98.0,193.0,-49.0,503.0,-654.0
214.0,41.0,356.0,282.0,-102.0,-163.0,188.0,-33.0,273.0,-760.0
135.0,82.0,345.0,387.0,-123.0,-104.0,163.0,-162.0,63.0,-833.0
83.0,93.0,360.0,432.0,-139.0,-70.0,129.0,-232.0,-142.0,-896.0
3.0,112.0,382.0,467.0,-132.0,-141.0,98.0,-445.0,-324.0,-948.0
-62.0,185.0,376.0,502.0,-96.0,-198.0,95.0,-461.0,-482.0,-1010.0
-137.0,329.0,417.0,504.0,-44.0,-122.0,146.0,-445.0,-624.0,-1039.0
-218.0,528.0,383.0,495.0,6.0,-122.0,199.0,-314.0,-725.0,-1055.0
-274.0,725.0,401.0,444.0,48.0,-275.0,212.0,-144.0,-802.0,-1074.0
-342.0,839.0,372.0,335.0,86.0,-327.0,216.0,-192.0,-854.0,-1042.0
-376.0,829.0,349.0,215.0,125.0,-265.0,233.0,-221.0,-858.0,-982.0
-427.0,731.0,318.0,119.0,166.0,-195.0,234.0,-284.0,-816.0,-883.0
-449.0,556.0,304.0,-15.0,204.0,-183.0,211.0,-131.0,-758.0,-759.0
-480.0,304.0,313.0,-149.0,229.0,-174.0,189.0,18.0,-698.0,-611.0
-491.0,92.0,300.0,-269.0,226.0,-84.0,155.0,-36.0,-644.0,-437.0
-492.0,12.0,315.0,-366.0,203.0,-47.0,84.0,-20.0,-599.0,-280.0
-477.0,-51.0,336.0,-419.0,185.0,-53.0,-9.0,83.0,-564.0,-115.0
-476.0,-177.0,356.0,-453.0,176.0,-22.0,-91.0,101.0,-543.0,54.0
-475.0,-309.0,352.0,-440.0,169.0,-54.0,-132.0,-62.0,-502.0,207.0
-421.0,-408.0,387.0,-408.0,159.0,-134.0,-174.0,-51.0,-452.0,347.0
-385.0,-452.0,387.0,-349.0,140.0,-124.0,-227.0,-27.0,-383.0,455.0
-329.0,-416.0,399.0,-280.0,127.0,-27.0,-283.0,24.0,-299.0,554.0
-296.0,-377.0,447.0,-211.0,131.0,-14.0,-296.0,24.0,-221.0,626.0
-212.0,-451.0,462.0,-177.0,150.0,-105.0,-232.0,-92.0,-130.0,669.0
-140.0,-600.0,484.0,-171.0,173.0,-93.0,-220.0,-7.0,-50.0,718.0
-107.0,-697.0,494.0,-129.0,178.0,16.0,-243.0,-120.0,17.0,757.0
-60.0,-675.0,514.0,-97.0,165.0,25.0,-257.0,-155.0,84.0,770.0
-32.0,-505.0,522.0,-72.0,133.0,-41.0,-309.0,-169.0,144.0,782.0
12.0,-209.0,510.0,-44.0,90.0,-60.0,-396.0,-179.0,206.0,815.0
62.0,131.0,514.0,-40.0,43.0,-102.0,-486.0,118.0,253.0,800.0
113.0,435.0,493.0,-55.0,-7.0,-179.0,-523.0,60.0,266.0,765.0
168.0,644.0,474.0,-28.0,-65.0,-157.0,-546.0,-12.0,257.0,735.0
223.0,779.0,470.0,-10.0,-129.0,-110.0,-567.0,24.0,232.0,699.0
266.0,883.0,422.0,-6.0,-194.0,-106.0,-536.0,-68.0,201.0,689.0
315.0,968.0,376.0,52.0,-249.0,-150.0,-509.0,-145.0,196.0,670.0
324.0,1054.0,338.0,79.0,-278.0,-154.0,-524.0,-284.0,198.0,691.0
346.0,1175.0,259.0,98.0,-281.0,-39.0,-516.0,-184.0,223.0,712.0
349.0,1244.0,180.0,141.0,-261.0,-3.0,-519.0,-173.0,273.0,679.0
346.0,1113.0,110.0,162.0,-232.0,-14.0,-565.0,-256.0,292.0,643.0
349.0,850.0,35.0,157.0,-191.0,-22.0,-585.0,-251.0,304.0,585.0
331.0,592.0,-35.0,141.0,-146.0,0.0,-621.0,-304.0,296.0,479.0
358.0,397.0,-112.0,128.0,-115.0,44.0,-692.0,-171.0,261.0,331.0
367.0,244.0,-181.0,127.0,-91.0,-10.0,-714.0,-53.0,228.0,174.0
382.0,115.0,-229.0,141.0,-78.0,-20.0,-688.0,57.0,176.0,18.0
382.0,33.0,-291.0,131.0,-77.0,-15.0,-688.0,-14.0,104.0,-130.0
386.0,-1.0,-312.0,94.0,-82.0,-39.0,-718.0,-203.0,34.0,-270.0
376.0,2.0,-350.0,24.0,-91.0,-70.0,-711.0,-203.0,-37.0,-357.0
356.0,-7.0,-396.0,-48.0,-92.0,-139.0,-682.0,-336.0,-104.0,-402.0
334.0,-69.0,-380.0,-96.0,-88.0,-186.0,-679.0,-319.0,-158.0,-427.0
295.0,-173.0,-415.0,-152.0,-85.0,-208.0,-686.0,-208.0,-211.0,-411.0
277.0,-278.0,-409.0,-205.0,-85.0,-152.0,-687.0,-258.0,-269.0,-403.0
227.0,-337.0,-425.0,-279.0,-81.0,-135.0,-684.0,-369.0,-319.0,-429.0
178.0,-319.0,-465.0,-383.0,-61.0,-162.0,-656.0,-445.0,-359.0,-492.0
118.0,-196.0,-461.0,-473.0,-23.0,-147.0,-613.0,-315.0,-386.0,-570.0
51.0,-44.0,-526.0,-569.0,24.0,-85.0,-592.0,-304.0,-400.0,-649.0
-33.0,41.0,-526.0,-681.0,74.0,-37.0,-584.0,-460.0,-404.0,-738.0
-111.0,35.0,-563.0,-743.0,121.0,-142.0,-592.0,-537.0,-402.0,-819.0
-169.0,-78.0,-588.0,-718.0,157.0,-176.0,-582.0,-528.0,-400.0,-865.0
-244.0,-327.0,-593.0,-625.0,171.0,-112.0,-555.0,-665.0,-408.0,-864.0
-291.0,-624.0,-635.0,-519.0,161.0,-127.0,-559.0,-731.0,-410.0,-850.0
-347.0,-816.0,-569.0,-422.0,137.0,-114.0,-559.0,-578.0,-390.0,-805.0
-382.0,-843.0,-614.0,-312.0,105.0,-77.0,-498.0,-570.0,-379.0,-727.0
-409.0,-729.0,-539.0,-209.0,76.0,-16.0,-400.0,-234.0,-348.0,-655.0
-441.0,-536.0,-476.0,-121.0,57.0,-12.0,-357.0,-16.0,-280.0,-583.0
-426.0,-313.0,-472.0,-58.0,55.0,-133.0,-371.0,-199.0,-201.0,-517.0
-411.0,-101.0,-325.0,-20.0,76.0,-189.0,-354.0,-171.0,-108.0,-460.0
-366.0,67.0,-318.0,10.0,106.0,-175.0,-315.0,-262.0,-5.0,-416.0
-322.0,195.0,-223.0,7.0,123.0,-171.0,-339.0,-349.0,100.0,-370.0
-286.0,330.0,-146.0,22.0,114.0,-154.0,-422.0,-497.0,196.0,-302.0
-226.0,496.0,-108.0,51.0,71.0,-98.0,-436.0,-511.0,280.0,-212.0
-185.0,624.0,-29.0,50.0,5.0,-87.0,-367.0,-441.0,338.0,-132.0
-146.0,650.0,-12.0,50.0,-64.0,-160.0,-328.0,-718.0,362.0,-43.0
-110.0,521.0,47.0,35.0,-131.0,-150.0,-294.0,-709.0,380.0,49.0
-50.0,256.0,74.0,17.0,-185.0,-60.0,-233.0,-637.0,369.0,111.0
6.0,-30.0,106.0,18.0,-222.0,-73.0,-182.0,-461.0,355.0,159.0
72.0,-239.0,161.0,31.0,-227.0,-185.0,-129.0,-234.0,348.0,188.0
139.0,-361.0,178.0,69.0,-200.0,-204.0,-67.0,-266.0,322.0,231.0
193.0,-385.0,186.0,139.0,-160.0,-233.0,-37.0,-120.0,282.0,264.0
245.0,-236.0,192.0,217.0,-108.0,-315.0,-32.0,-160.0,237.0,287.0
274.0,52.0,144.0,276.0,-64.0,-316.0,-25.0,-140.0,201.0,321.0
283.0,337.0,130.0,376.0,-46.0,-326.0,-51.0,-109.0,162.0,320.0
256.0,465.0,84.0,498.0,-51.0,-299.0,-82.0,-282.0,124.0,296.0
238.0,333.0,38.0,580.0,-58.0,-267.0,-60.0,-214.0,66.0,255.0
196.0,-45.0,37.0,629.0,-38.0,-268.0,14.0,-317.0,-9.0,235.0
165.0,-511.0,-30.0,637.0,10.0,-192.0,65.0,-332.0,-83.0,209.0
137.0,-870.0,-65.0,636.0,70.0,-190.0,39.0,-288.0,-163.0,144.0
120.0,-1067.0,-106.0,626.0,117.0,-239.0,-20.0,-358.0,-242.0,84.0
155.0,-1148.0,-156.0,571.0,152.0,-173.0,-32.0,-301.0,-309.0,-4.0
175.0,-1133.0,-189.0,526.0,171.0,-159.0,23.0,-402.0,-328.0,-145.0
190.0,-976.0,-236.0,474.0,178.0,-245.0,104.0,-290.0,-312.0,-303.0
196.0,-681.0,-270.0,407.0,179.0,-292.0,167.0,-140.0,-281.0,-471.0
230.0,-287.0,-293.0,404.0,178.0,-252.0,171.0,-90.0,-218.0,-633.0
239.0,159.0,-311.0,381.0,187.0,-166.0,172.0,-166.0,-138.0,-787.0
207.0,541.0,-326.0,328.0,199.0,-181.0,177.0,-437.0,-37.0,-925.0
200.0,749.0,-321.0,300.0,205.0,-151.0,141.0,-487.0,67.0,-996.0
188.0,779.0,-310.0,236.0,196.0,18.0,84.0,-644.0,161.0,-1036.0
169.0,691.0,-295.0,146.0,169.0,73.0,28.0,-705.0,240.0,-1066.0
123.0,477.0,-238.0,49.0,120.0,2.0,23.0,-665.0,269.0,-1052.0
72.0,158.0,-195.0,-44.0,47.0,-4.0,15.0,-692.0,254.0,-1028.0
38.0,-134.0,-132.0,-113.0,-32.0,18.0,-39.0,-746.0,219.0,-1010.0
-36.0,-309.0,-47.0,-166.0,-98.0,-85.0,-73.0,-879.0,162.0,-1012.0
-124.0,-355.0,15.0,-173.0,-136.0,-160.0,-68.0,-781.0,106.0,-994.0
-193.0,-263.0,123.0,-198.0,-149.0,-84.0,-37.0,-787.0,44.0,-950.0
-260.0,-74.0,215.0,-254.0,-149.0,-4.0,-46.0,-750.0,-2.0,-887.0
-296.0,78.0,285.0,-269.0,-146.0,-9.0,-105.0,-655.0,-13.0,-768.0
-331.0,152.0,378.0,-287.0,-146.0,-50.0,-167.0,-654.0,-12.0,-614.0
-349.0,230.0,411.0,-311.0,-144.0,31.0,-181.0,-609.0,-8.0,-451.0
-349.0,347.0,448.0,-341.0,-133.0,143.0,-148.0,-846.0,0.0,-323.0
-360.0,549.0,539.0,-374.0,-119.0,134.0,-136.0,-968.0,-3.0,-216.0
-355.0,833.0,536.0,-405.0,-105.0,121.0,-157.0,-1051.0,-34.0,-144.0
-376.0,1027.0,562.0,-438.0,-99.0,133.0,-137.0,-1149.0,-61.0,-119.0
-363.0,981.0,577.0,-468.0,-102.0,102.0,-87.0,-968.0,-92.0,-97.0
-331.0,749.0,511.0,-517.0,-116.0,89.0,-77.0,-899.0,-124.0,-97.0
-297.0,474.0,508.0,-553.0,-137.0,104.0,-101.0,-812.0,-159.0,-116.0
-264.0,196.0,407.0,-570.0,-157.0,140.0,-154.0,-787.0,-191.0,-159.0
-245.0,-48.0,371.0,-581.0,-177.0,144.0,-215.0,-727.0,-200.0,-203.0
-166.0,-141.0,330.0,-577.0,-198.0,108.0,-259.0,-654.0,-221.0,-246.0
-132.0,-62.0,209.0,-537.0,-218.0,126.0,-283.0,-694.0,-254.0,-288.0
-91.0,110.0,198.0,-484.0,-222.0,60.0,-328.0,-696.0,-298.0,-309.0
-50.0,262.0,58.0,-441.0,-204.0,-2.0,-384.0,-886.0,-354.0,-299.0
-37.0,365.0,-32.0,-401.0,-174.0,76.0,-409.0,-781.0,-414.0,-253.0
-14.0,463.0,-67.0,-405.0,-132.0,137.0,-430.0,-768.0,-472.0,-209.0
-23.0,525.0,-209.0,-400.0,-92.0,82.0,-427.0,-822.0,-503.0,-144.0
-46.0,519.0,-226.0,-401.0,-59.0,-52.0,-426.0,-618.0,-514.0,-74.0
-73.0,410.0,-310.0,-416.0,-26.0,-33.0,-424.0,-631.0,-533.0,-6.0
-88.0,212.0,-379.0,-379.0,-2.0,67.0,-416.0,-413.0,-573.0,40.0
-140.0,-22.0,-396.0,-363.0,17.0,-6.0,-430.0,-303.0,-612.0,75.0
-182.0,-271.0,-492.0,-358.0,40.0,-27.0,-444.0,-179.0,-647.0,111.0
-216.0,-524.0,-505.0,-333.0,65.0,108.0,-455.0,-25.0,-676.0,101.0
-243.0,-717.0,-568.0,-262.0,90.0,177.0,-423.0,-229.0,-675.0,96.0
-279.0,-771.0,-599.0,-181.0,110.0,122.0,-377.0,-253.0,-651.0,83.0
-279.0,-749.0,-615.0,-100.0,120.0,50.0,-375.0,-400.0,-610.0,73.0
-245.0,-736.0,-641.0,2.0,108.0,47.0,-387.0,-413.0,-552.0,64.0
-249.0,-698.0,-647.0,86.0,86.0,30.0,-377.0,-299.0,-497.0,47.0
-210.0,-605.0,-664.0,141.0,71.0,8.0,-377.0,-393.0,-450.0,59.0
-194.0,-470.0,-636.0,156.0,61.0,62.0,-395.0,-445.0,-411.0,67.0
-188.0,-347.0,-636.0,159.0,64.0,125.0,-396.0,-611.0,-381.0,74.0
-184.0,-257.0,-600.0,139.0,64.0,153.0,-388.0,-504.0,-359.0,102.0
-187.0,-182.0,-576.0,108.0,50.0,140.0,-404.0,-303.0,-320.0,136.0
-211.0,-133.0,-577.0,79.0,25.0,137.0,-437.0,-116.0,-225.0,142.0
-236.0,-75.0,-547.0,55.0,-7.0,146.0,-451.0,140.0,-113.0,151.0
-264.0,-18.0,-496.0,22.0,-32.0,75.0,-436.0,155.0,3.0,166.0
-291.0,-29.0,-458.0,-23.0,-47.0,-18.0,-419.0,12.0,123.0,147.0
-305.0,-101.0,-389.0,-39.0,-50.0,45.0,-401.0,-275.0,236.0,101.0
-337.0,-179.0,-318.0,-71.0,-34.0,139.0,-364.0,-186.0,350.0,40.0
-340.0,-200.0,-283.0,-87.0,-1.0,133.0,-335.0,5.0,442.0,4.0
-352.0,-123.0,-219.0,-101.0,38.0,191.0,-310.0,-24.0,544.0,-15.0
-329.0,25.0,-164.0,-132.0,74.0,224.0,-291.0,-42.0,660.0,-18.0
-311.0,218.0,-114.0,-179.0,100.0,166.0,-268.0,-155.0,754.0,15.0
-271.0,468.0,-54.0,-237.0,104.0,87.0,-226.0,-70.0,827.0,68.0
-256.0,709.0,23.0,-265.0,81.0,58.0,-204.0,-66.0,862.0,105.0
-236.0,808.0,62.0,-311.0,40.0,96.0,-183.0,-72.0,864.0,108.0
-217.0,750.0,124.0,-366.0,-7.0,52.0,-137.0,-46.0,849.0,111.0
-224.0,599.0,183.0,-420.0,-42.0,12.0,-116.0,-153.0,817.0,92.0
-203.0,402.0,220.0,-463.0,-60.0,50.0,-124.0,-142.0,763.0,38.0
-214.0,166.0,277.0,-489.0,-67.0,54.0,-98.0,-266.0,693.0,0.0
-173.0,-105.0,322.0,-475.0,-69.0,-52.0,-60.0,-356.0,625.0,-32.0
-177.0,-326.0,382.0,-410.0,-69.0,-154.0,-12.0,-386.0,536.0,-95.0
-134.0,-448.0,449.0,-355.0,-75.0,-135.0,6.0,-375.0,405.0,-169.0
-124.0,-480.0,504.0,-287.0,-78.0,-133.0,-25.0,-181.0,280.0,-217.0
-91.0,-397.0,542.0,-236.0,-74.0,-262.0,-21.0,-112.0,149.0,-239.0
-66.0,-239.0,568.0,-218.0,-67.0,-357.0,9.0,-210.0,30.0,-269.0
-68.0,-84.0,561.0,-176.0,-60.0,-265.0,55.0,-400.0,-49.0,-262.0
-4.0,8.0,583.0,-131.0,-56.0,-166.0,107.0,-493.0,-100.0,-210.0
-11.0,51.0,567.0,-58.0,-47.0,-177.0,134.0,-703.0,-122.0,-163.0
42.0,109.0,557.0,22.0,-30.0,-217.0,140.0,-934.0,-153.0,-136.0
35.0,150.0,550.0,121.0,-2.0,-204.0,128.0,-766.0,-162.0,-145.0
72.0,160.0,498.0,251.0,29.0,-145.0,124.0,-637.0,-169.0,-156.0
56.0,248.0,479.0,364.0,56.0,-159.0,145.0,-583.0,-187.0,-205.0
42.0,423.0,408.0,477.0,67.0,-170.0,174.0,-576.0,-194.0,-298.0
19.0,508.0,372.0,508.0,59.0,-137.0,172.0,-452.0,-213.0,-378.0
-37.0,429.0,292.0,484.0,42.0,-174.0,141.0,-308.0,-192.0,-454.0
-21.0,286.0,204.0,460.0,26.0,-166.0,125.0,-321.0,-137.0,-537.0
-83.0,147.0,125.0,408.0,20.0,-90.0,127.0,-227.0,-87.0,-588.0
-76.0,68.0,7.0,364.0,28.0,-92.0,152.0,-391.0,-40.0,-580.0
-91.0,68.0,-52.0,333.0,36.0,-151.0,175.0,-460.0,0.0,-566.0
-86.0,117.0,-146.0,288.0,39.0,-152.0,130.0,-519.0,53.0,-543.0
-139.0,187.0,-222.0,216.0,34.0,-115.0,54.0,-691.0,72.0,-491.0
-166.0,165.0,-287.0,154.0,13.0,-183.0,0.0,-637.0,73.0,-410.0
-218.0,16.0,-334.0,103.0,-1.0,-263.0,-28.0,-722.0,90.0,-344.0
-284.0,-143.0,-393.0,69.0,-9.0,-221.0,-21.0,-563.0,99.0,-298.0
-351.0,-226.0,-453.0,34.0,-13.0,-242.0,-6.0,-395.0,103.0,-231.0
-424.0,-251.0,-465.0,-17.0,-11.0,-350.0,-9.0,-395.0,84.0,-208.0
-407.0,-272.0,-510.0,-51.0,-21.0,-380.0,-24.0,-297.0,49.0,-234.0
-468.0,-325.0,-504.0,-88.0,-38.0,-344.0,-72.0,-288.0,21.0,-287.0
-417.0,-387.0,-530.0,-131.0,-57.0,-372.0,-105.0,-227.0,0.0,-367.0
-429.0,-382.0,-555.0,-181.0,-83.0,-463.0,-130.0,-295.0,-35.0,-477.0
-419.0,-291.0,-550.0,-181.0,-111.0,-419.0,-168.0,-264.0,-68.0,-612.0
-425.0,-132.0,-582.0,-177.0,-133.0,-278.0,-143.0,-210.0,-100.0,-712.0
-428.0,108.0,-556.0,-197.0,-135.0,-286.0,-137.0,-330.0,-135.0,-767.0
-399.0,398.0,-545.0,-212.0,-111.0,-394.0,-176.0,-330.0,-188.0,-809.0
-411.0,645.0,-530.0,-252.0,-76.0,-348.0,-183.0,-471.0,-272.0,-837.0
-371.0,765.0,-526.0,-252.0,-49.0,-245.0,-188.0,-474.0,-348.0,-845.0
-390.0,712.0,-540.0,-245.0,-33.0,-308.0,-207.0,-402.0,-416.0,-856.0
-334.0,558.0,-507.0,-235.0,-23.0,-371.0,-257.0,-497.0,-467.0,-899.0
-346.0,431.0,-501.0,-211.0,-22.0,-301.0,-324.0,-397.0,-501.0,-938.0
-339.0,338.0,-460.0,-207.0,-21.0,-273.0,-411.0,-295.0,-510.0,-929.0
-357.0,249.0,-405.0,-190.0,-18.0,-300.0,-517.0,-310.0,-492.0,-936.0
-372.0,216.0,-374.0,-186.0,-12.0,-268.0,-562.0,-519.0,-465.0,-956.0
-369.0,256.0,-317.0,-208.0,-13.0,-228.0,-522.0,-692.0,-434.0,-932.0
-382.0,315.0,-268.0,-221.0,-25.0,-210.0,-424.0,-663.0,-421.0,-888.0
-365.0,339.0,-219.0,-242.0,-32.0,-182.0,-318.0,-419.0,-406.0,-849.0
-350.0,274.0,-161.0,-301.0,-25.0,-102.0,-249.0,-127.0,-397.0,-815.0
-267.0,62.0,-115.0,-362.0,-4.0,-39.0,-238.0,-214.0,-407.0,-740.0
-266.0,-349.0,-84.0,-396.0,21.0,-124.0,-238.0,-214.0,-407.0,-643.0
-177.0,-904.0,-58.0,-432.0,36.0,-165.0,-205.0,-264.0,-421.0,-563.0
-125.0,-1402.0,-38.0,-484.0,39.0,-49.0,-189.0,-323.0,-429.0,-468.0
-63.0,-1655.0,2.0,-494.0,30.0,-18.0,-205.0,-140.0,-431.0,-379.0
-2.0,-1688.0,47.0,-478.0,17.0,-131.0,-269.0,-114.0,-447.0,-316.0
30.0,-1576.0,97.0,-468.0,-1.0,-244.0,-339.0,-59.0,-445.0,-295.0
100.0,-1334.0,126.0,-415.0,-12.0,-201.0,-328.0,-55.0,-422.0,-275.0
78.0,-1015.0,138.0,-343.0,-2.0,-109.0,-262.0,-118.0,-371.0,-267.0
113.0,-644.0,148.0,-245.0,18.0,-150.0,-196.0,-279.0,-325.0,-303.0
71.0,-292.0,154.0,-103.0,48.0,-144.0,-155.0,-467.0,-288.0,-342.0
53.0,-21.0,176.0,-13.0,77.0,-91.0,-99.0,-508.0,-254.0,-377.0
11.0,185.0,191.0,51.0,96.0,-85.0,-82.0,-583.0,-224.0,-400.0
-53.0,360.0,209.0,99.0,94.0,-82.0,-104.0,-380.0,-171.0,-461.0
-94.0,498.0,196.0,60.0,69.0,-56.0,-91.0,-107.0,-133.0,-509.0
-174.0,557.0,195.0,-1.0,37.0,-54.0,-82.0,27.0,-99.0,-523.0
-215.0,548.0,148.0,-80.0,1.0,-59.0,-55.0,73.0,-39.0,-538.0
-299.0,519.0,116.0,-176.0,-16.0,28.0,-28.0,-22.0,29.0,-530.0
-337.0,528.0,114.0,-242.0,-7.0,76.0,-15.0,101.0,100.0,-517.0
-382.0,552.0,41.0,-281.0,6.0,74.0,-19.0,123.0,145.0,-456.0
-390.0,526.0,61.0,-298.0,14.0,87.0,-19.0,60.0,176.0,-392.0
-369.0,461.0,20.0,-303.0,4.0,137.0,21.0,-5.0,197.0,-314.0
-357.0,359.0,0.0,-332.0,-16.0,173.0,57.0,-186.0,189.0,-180.0
-291.0,228.0,34.0,-379.0,-47.0,122.0,58.0,-251.0,166.0,-22.0
-244.0,78.0,-15.0,-397.0,-91.0,158.0,45.0,-388.0,119.0,159.0
-195.0,-65.0,-5.0,-394.0,-138.0,256.0,65.0,-297.0,58.0,344.0
-127.0,-161.0,-28.0,-387.0,-177.0,318.0,102.0,-158.0,-18.0,535.0
-53.0,-183.0,-70.0,-364.0,-201.0,264.0,184.0,-48.0,-95.0,685.0
8.0,-153.0,-99.0,-331.0,-208.0,196.0,257.0,94.0,-169.0,792.0
94.0,-60.0,-139.0,-286.0,-201.0,292.0,255.0,-90.0,-262.0,887.0
161.0,75.0,-174.0,-233.0,-182.0,320.0,226.0,-121.0,-351.0,954.0
200.0,149.0,-218.0,-210.0,-148.0,221.0,177.0,-157.0,-431.0,973.0
240.0,188.0,-267.0,-208.0,-104.0,189.0,109.0,-92.0,-487.0,958.0
274.0,311.0,-305.0,-192.0,-50.0,242.0,0.0,173.0,-521.0,930.0
289.0,507.0,-339.0,-190.0,2.0,234.0,-68.0,96.0,-536.0,861.0
274.0,638.0,-368.0,-155.0,44.0,185.0,-91.0,121.0,-524.0,769.0
276.0,644.0,-391.0,-104.0,92.0,149.0,-118.0,62.0,-494.0,695.0
263.0,578.0,-398.0,-86.0,149.0,127.0,-91.0,-158.0,-468.0,638.0
240.0,505.0,-364.0,-43.0,210.0,141.0,-31.0,-182.0,-442.0,602.0
192.0,497.0,-330.0,-3.0,270.0,124.0,42.0,-173.0,-419.0,565.0
119.0,540.0,-298.0,55.0,310.0,158.0,97.0,-83.0,-408.0,534.0
57.0,523.0,-261.0,123.0,331.0,160.0,81.0,-99.0,-374.0,528.0
0.0,437.0,-234.0,163.0,328.0,69.0,45.0,-107.0,-323.0,511.0
-72.0,400.0,-224.0,203.0,291.0,38.0,20.0,-136.0,-253.0,467.0
-133.0,414.0,-193.0,190.0,235.0,60.0,-26.0,-168.0,-157.0,430.0
-166.0,337.0,-200.0,177.0,155.0,31.0,-46.0,-303.0,-61.0,374.0
-193.0,125.0,-206.0,192.0,54.0,-51.0,-26.0,-556.0,29.0,299.0
-202.0,-152.0,-217.0,176.0,-51.0,-45.0,3.0,-410.0,108.0,246.0
-210.0,-381.0,-251.0,149.0,-143.0,-12.0,4.0,-301.0,164.0,189.0
-218.0,-477.0,-254.0,106.0,-198.0,-39.0,-40.0,-151.0,195.0,127.0
-254.0,-512.0,-279.0,38.0,-221.0,-63.0,-38.0,68.0,214.0,68.0
-282.0,-583.0,-286.0,13.0,-222.0,-31.0,-41.0,42.0,238.0,15.0
-300.0,-654.0,-316.0,24.0,-201.0,-15.0,-103.0,-149.0,269.0,-5.0
-324.0,-675.0,-313.0,-6.0,-176.0,-81.0,-141.0,-521.0,296.0,-45.0
-321.0,-680.0,-339.0,-56.0,-157.0,-114.0,-113.0,-667.0,294.0,-90.0
-298.0,-688.0,-366.0,-85.0,-144.0,-126.0,-56.0,-707.0,266.0,-118.0
-261.0,-652.0,-358.0,-115.0,-133.0,-179.0,-36.0,-694.0,245.0,-153.0
-234.0,-547.0,-401.0,-136.0,-124.0,-229.0,-31.0,-532.0,212.0,-198.0
-209.0,-363.0,-400.0,-138.0,-125.0,-245.0,-43.0,-450.0,177.0,-243.0
-179.0,-107.0,-430.0,-173.0,-136.0,-252.0,-87.0,-469.0,157.0,-269.0
-128.0,145.0,-412.0,-218.0,-147.0,-302.0,-141.0,-644.0,151.0,-307.0
-115.0,339.0,-404.0,-222.0,-154.0,-368.0,-180.0,-668.0,167.0,-347.0
-106.0,443.0,-395.0,-217.0,-153.0,-387.0,-167.0,-526.0,193.0,-350.0
-73.0,443.0,-372.0,-218.0,-153.0,-408.0,-143.0,-363.0,228.0,-333.0
-76.0,356.0,-374.0,-211.0,-152.0,-425.0,-135.0,-229.0,248.0,-308.0
-51.0,217.0,-316.0,-183.0,-138.0,-419.0,-124.0,-367.0,268.0,-277.0
-52.0,132.0,-297.0,-145.0,-109.0,-426.0,-123.0,-384.0,274.0,-225.0
-42.0,212.0,-242.0,-96.0,-67.0,-513.0,-114.0,-352.0,260.0,-148.0
-20.0,420.0,-210.0,-76.0,-20.0,-603.0,-122.0,-465.0,240.0,-77.0
-32.0,586.0,-179.0,-62.0,5.0,-586.0,-191.0,-624.0,214.0,-24.0
-29.0,641.0,-107.0,-50.0,-8.0,-613.0,-278.0,-735.0,181.0,48.0
-76.0,681.0,-57.0,-72.0,-42.0,-684.0,-378.0,-606.0,118.0,139.0
-125.0,701.0,6.0,-71.0,-78.0,-716.0,-423.0,-526.0,60.0,208.0
-158.0,597.0,34.0,-83.0,-104.0,-574.0,-384.0,-343.0,0.0,287.0
-193.0,385.0,79.0,-69.0,-115.0,-427.0,-349.0,-264.0,-56.0,377.0
-199.0,149.0,142.0,-31.0,-114.0,-524.0,-316.0,-282.0,-112.0,456.0
-234.0,-58.0,197.0,-21.0,-100.0,-594.0,-287.0,-157.0,-171.0,512.0
-254.0,-193.0,284.0,1.0,-71.0,-508.0,-287.0,-212.0,-215.0,528.0
-259.0,-277.0,368.0,1.0,-24.0,-478.0,-327.0,-162.0,-267.0,516.0
-287.0,-372.0,405.0,-10.0,36.0,-647.0,-367.0,-279.0,-296.0,452.0
-320.0,-442.0,457.0,-13.0,94.0,-742.0,-352.0,-543.0,-326.0,349.0
-346.0,-493.0,500.0,-34.0,131.0,-632.0,-293.0,-578.0,-352.0,233.0
-313.0,-612.0,516.0,-68.0,150.0,-591.0,-224.0,-460.0,-362.0,82.0
-297.0,-764.0,552.0,-70.0,158.0,-676.0,-144.0,-194.0,-371.0,-90.0
-277.0,-804.0,570.0,-48.0,152.0,-692.0,-76.0,-99.0,-378.0,-243.0
-234.0,-667.0,554.0,-45.0,139.0,-643.0,-41.0,-79.0,-376.0,-398.0
-211.0,-407.0,526.0,-57.0,130.0,-663.0,14.0,-114.0,-354.0,-561.0
-165.0,-130.0,510.0,-59.0,138.0,-679.0,40.0,-107.0,-334.0,-686.0
-176.0,129.0,480.0,-53.0,156.0,-606.0,13.0,-12.0,-305.0,-785.0
-148.0,426.0,454.0,-48.0,171.0,-547.0,-27.0,-238.0,-288.0,-862.0
-128.0,680.0,459.0,-54.0,170.0,-620.0,-64.0,-360.0,-281.0,-922.0
-129.0,776.0,447.0,-58.0,166.0,-642.0,-58.0,-380.0,-290.0,-960.0
-111.0,751.0,426.0,-63.0,165.0,-530.0,-41.0,-517.0,-311.0,-964.0
-142.0,653.0,405.0,-84.0,164.0,-467.0,-48.0,-611.0,-332.0,-972.0
-143.0,472.0,361.0,-70.0,161.0,-479.0,-73.0,-672.0,-365.0,-963.0
-203.0,231.0,323.0,-69.0,153.0,-497.0,-73.0,-474.0,-386.0,-908.0
-247.0,16.0,309.0,-87.0,135.0,-461.0,-32.0,-269.0,-405.0,-849.0
-298.0,-100.0,288.0,-93.0,116.0,-397.0,2.0,-229.0,-414.0,-803.0
-339.0,-48.0,253.0,-131.0,108.0,-396.0,46.0,-410.0,-425.0,-741.0
-354.0,117.0,237.0,-183.0,111.0,-391.0,101.0,-580.0,-442.0,-654.0
-389.0,217.0,203.0,-212.0,111.0,-368.0,151.0,-461.0,-455.0,-578.0
-368.0,238.0,136.0,-206.0,93.0,-371.0,181.0,-391.0,-478.0,-514.0
-373.0,226.0,119.0,-204.0,60.0,-323.0,213.0,-229.0,-497.0,-435.0
-340.0,180.0,98.0,-173.0,27.0,-258.0,274.0,-120.0,-514.0,-356.0
-304.0,156.0,56.0,-116.0,-2.0,-304.0,283.0,-1.0,-525.0,-281.0
-265.0,160.0,38.0,-89.0,-28.0,-342.0,246.0,153.0,-541.0,-203.0
-209.0,153.0,0.0,-48.0,-56.0,-240.0,248.0,18.0,-553.0,-100.0
-176.0,144.0,-42.0,-7.0,-90.0,-165.0,255.0,-134.0,-566.0,15.0
-127.0,193.0,-74.0,37.0,-130.0,-207.0,213.0,-277.0,-581.0,103.0
-80.0,359.0,-92.0,109.0,-169.0,-221.0,191.0,-195.0,-583.0,203.0
-28.0,630.0,-136.0,204.0,-190.0,-97.0,223.0,-36.0,-565.0,329.0
16.0,906.0,-175.0,321.0,-186.0,-20.0,241.0,-14.0,-522.0,440.0
83.0,1050.0,-217.0,393.0,-158.0,-109.0,221.0,-11.0,-465.0,553.0
142.0,1000.0,-294.0,439.0,-107.0,-170.0,161.0,-90.0,-392.0,673.0
196.0,787.0,-325.0,461.0,-40.0,-134.0,131.0,92.0,-308.0,774.0
263.0,471.0,-399.0,461.0,26.0,-108.0,156.0,201.0,-211.0,846.0
323.0,149.0,-487.0,435.0,66.0,-123.0,181.0,197.0,-91.0,875.0
364.0,-145.0,-557.0,359.0,83.0,-153.0,249.0,251.0,30.0,874.0
403.0,-445.0,-622.0,254.0,94.0,-189.0,338.0,92.0,156.0,878.0
448.0,-703.0,-664.0,129.0,105.0,-198.0,383.0,36.0,280.0,838.0
474.0,-859.0,-733.0,31.0,127.0,-196.0,387.0,20.0,396.0,777.0
512.0,-926.0,-752.0,-25.0,155.0,-113.0,363.0,110.0,482.0,730.0
533.0,-938.0,-788.0,-21.0,183.0,-6.0,319.0,182.0,542.0,636.0
554.0,-898.0,-818.0,4.0,200.0,-43.0,298.0,88.0,593.0,544.0
588.0,-778.0,-840.0,44.0,188.0,-56.0,335.0,33.0,611.0,474.0
612.0,-588.0,-863.0,100.0,146.0,21.0,338.0,-212.0,601.0,400.0
621.0,-379.0,-873.0,146.0,80.0,14.0,291.0,-169.0,595.0,328.0
593.0,-206.0,-914.0,165.0,12.0,-90.0,248.0,83.0,606.0,270.0
552.0,-99.0,-940.0,141.0,-44.0,-139.0,225.0,125.0,616.0,240.0
511.0,-72.0,-969.0,117.0,-89.0,-108.0,261.0,118.0,627.0,181.0
491.0,-145.0,-979.0,66.0,-121.0,-132.0,322.0,5.0,637.0,116.0
448.0,-292.0,-1004.0,-11.0,-156.0,-242.0,364.0,-72.0,633.0,84.0
380.0,-449.0,-986.0,-104.0,-188.0,-333.0,369.0,-267.0,621.0,58.0
333.0,-555.0,-930.0,-222.0,-207.0,-288.0,352.0,-297.0,590.0,30.0
254.0,-586.0,-891.0,-311.0,-221.0,-207.0,322.0,-177.0,544.0,0.0
150.0,-559.0,-795.0,-376.0,-231.0,-214.0,291.0,-160.0,493.0,-12.0
50.0,-505.0,-667.0,-441.0,-238.0,-258.0,285.0,-38.0,439.0,-45.0
-60.0,-451.0,-594.0,-496.0,-233.0,-244.0,300.0,-256.0,390.0,-94.0
-166.0,-408.0,-493.0,-517.0,-220.0,-210.0,335.0,-301.0,356.0,-118.0
-261.0,-365.0,-369.0,-501.0,-209.0,-205.0,343.0,-236.0,307.0,-138.0
-381.0,-280.0,-268.0,-498.0,-202.0,-188.0,335.0,-375.0,248.0,-163.0
-466.0,-145.0,-120.0,-480.0,-199.0,-262.0,299.0,-238.0,181.0,-178.0
-572.0,8.0,12.0,-494.0,-201.0,-358.0,236.0,-164.0,117.0,-168.0
-681.0,156.0,127.0,-540.0,-205.0,-369.0,215.0,-7.0,71.0,-158.0
-748.0,260.0,214.0,-552.0,-202.0,-356.0,196.0,-11.0,10.0,-138.0
-811.0,293.0,297.0,-536.0,-191.0,-356.0,113.0,-186.0,-47.0,-98.0
-854.0,278.0,374.0,-488.0,-168.0,-376.0,15.0,-332.0,-107.0,-30.0
-902.0,239.0,423.0,-435.0,-131.0,-359.0,-18.0,-476.0,-185.0,61.0
-884.0,194.0,472.0,-338.0,-76.0,-375.0,-31.0,-363.0,-243.0,121.0
-881.0,159.0,523.0,-237.0,-11.0,-484.0,-3.0,-465.0,-290.0,173.0
-839.0,115.0,553.0,-170.0,47.0,-592.0,18.0,-513.0,-324.0,199.0
-800.0,44.0,595.0,-100.0,98.0,-577.0,-18.0,-487.0,-359.0,161.0
-771.0,-5.0,622.0,-51.0,128.0,-560.0,-7.0,-400.0,-387.0,87.0
-694.0,9.0,598.0,-20.0,139.0,-607.0,-47.0,-232.0,-394.0,0.0
-669.0,49.0,602.0,2.0,130.0,-582.0,-147.0,-432.0,-412.0,-83.0
-587.0,85.0,575.0,22.0,107.0,-573.0,-183.0,-467.0,-440.0,-150.0
-528.0,96.0,559.0,-5.0,91.0,-603.0,-180.0,-461.0,-465.0,-177.0
-419.0,3.0,528.0,-42.0,79.0,-619.0,-183.0,-330.0,-492.0,-161.0
-327.0,-135.0,492.0,-69.0,71.0,-584.0,-188.0,-12.0,-521.0,-108.0
-246.0,-196.0,465.0,-103.0,66.0,-505.0,-160.0,20.0,-529.0,-61.0
-150.0,-244.0,401.0,-124.0,61.0,-519.0,-126.0,-33.0,-509.0,2.0
-90.0,-333.0,357.0,-122.0,63.0,-551.0,-102.0,-142.0,-489.0,80.0
-9.0,-448.0,273.0,-124.0,64.0,-501.0,-138.0,-24.0,-464.0,112.0
11.0,-596.0,253.0,-120.0,70.0,-467.0,-169.0,51.0,-431.0,136.0
102.0,-777.0,222.0,-69.0,86.0,-476.0,-124.0,-35.0,-412.0,129.0
158.0,-954.0,183.0,-20.0,98.0,-446.0,-129.0,16.0,-398.0,117.0
197.0,-1036.0,219.0,31.0,104.0,-392.0,-157.0,-14.0,-378.0,94.0
258.0,-937.0,192.0,81.0,107.0,-362.0,-197.0,55.0,-344.0,49.0
304.0,-683.0,195.0,112.0,114.0,-348.0,-216.0,-20.0,-304.0,33.0
321.0,-401.0,175.0,153.0,121.0,-289.0,-162.0,-105.0,-263.0,4.0
355.0,-145.0,154.0,176.0,112.0,-247.0,-126.0,-9.0,-212.0,-15.0
392.0,91.0,129.0,150.0,85.0,-302.0,-154.0,103.0,-148.0,-11.0
412.0,295.0,99.0,131.0,42.0,-265.0,-212.0,280.0,-79.0,9.0
457.0,543.0,102.0,133.0,-4.0,-99.0,-199.0,116.0,-7.0,41.0
439.0,894.0,63.0,106.0,-41.0,-81.0,-140.0,16.0,73.0,61.0
477.0,1242.0,26.0,91.0,-74.0,-249.0,-76.0,16.0,171.0,87.0
466.0,1491.0,3.0,76.0,-94.0,-317.0,-5.0,22.0,264.0,123.0
463.0,1666.0,-34.0,80.0,-94.0,-196.0,67.0,173.0,340.0,139.0
453.0,1746.0,-94.0,169.0,-70.0,-57.0,135.0,105.0,387.0,146.0
452.0,1629.0,-96.0,276.0,-29.0,-16.0,160.0,160.0,379.0,174.0
451.0,1282.0,-142.0,355.0,4.0,-18.0,177.0,103.0,336.0,187.0
383.0,855.0,-197.0,449.0,5.0,0.0,155.0,-14.0,273.0,205.0
361.0,585.0,-223.0,537.0,-25.0,-46.0,77.0,40.0,170.0,247.0
282.0,508.0,-302.0,584.0,-83.0,-63.0,46.0,72.0,62.0,303.0
236.0,448.0,-344.0,599.0,-139.0,37.0,61.0,223.0,-59.0,374.0
176.0,291.0,-380.0,553.0,-161.0,33.0,19.0,223.0,-185.0,437.0
123.0,105.0,-406.0,494.0,-161.0,-76.0,20.0,181.0,-303.0,506.0
78.0,-81.0,-430.0,449.0,-148.0,-110.0,125.0,168.0,-430.0,533.0
57.0,-341.0,-435.0,408.0,-130.0,-64.0,263.0,271.0,-524.0,516.0
22.0,-695.0,-444.0,394.0,-103.0,8.0,354.0,469.0,-601.0,490.0
-7.0,-1050.0,-443.0,377.0,-67.0,1.0,307.0,506.0,-656.0,429.0
-60.0,-1283.0,-426.0,347.0,-32.0,-39.0,296.0,637.0,-683.0,328.0
-119.0,-1316.0,-421.0,325.0,5.0,0.0,340.0,727.0,-696.0,187.0
-126.0,-1097.0,-377.0,353.0,43.0,-14.0,299.0,694.0,-677.0,61.0
-200.0,-708.0,-369.0,390.0,76.0,-83.0,236.0,559.0,-646.0,-65.0
-187.0,-305.0,-333.0,432.0,94.0,-67.0,249.0,408.0,-596.0,-208.0
-229.0,51.0,-289.0,482.0,90.0,-14.0,275.0,397.0,-544.0,-308.0
-213.0,339.0,-293.0,518.0,79.0,-31.0,242.0,254.0,-487.0,-361.0
-246.0,521.0,-255.0,557.0,75.0,-90.0,221.0,243.0,-423.0,-382.0
-276.0,571.0,-232.0,574.0,82.0,-56.0,203.0,410.0,-340.0,-387.0
-261.0,533.0,-217.0,602.0,102.0,6.0,274.0,618.0,-218.0,-364.0
-295.0,505.0,-201.0,588.0,134.0,53.0,342.0,883.0,-108.0,-340.0
-246.0,521.0,-174.0,533.0,164.0,154.0,257.0,822.0,15.0,-351.0
-277.0,491.0,-134.0,507.0,184.0,200.0,213.0,783.0,156.0,-374.0
-221.0,379.0,-124.0,453.0,187.0,154.0,252.0,696.0,269.0,-402.0
-231.0,257.0,-107.0,349.0,170.0,92.0,284.0,532.0,379.0,-407.0
-187.0,159.0,-71.0,239.0,145.0,91.0,250.0,600.0,473.0,-402.0
-175.0,57.0,-33.0,114.0,112.0,182.0,210.0,628.0,544.0,-395.0
-211.0,-54.0,-5.0,-34.0,69.0,240.0,204.0,724.0,622.0,-340.0
-181.0,-152.0,58.0,-146.0,26.0,220.0,186.0,648.0,687.0,-301.0
-176.0,-242.0,116.0,-241.0,-8.0,232.0,160.0,630.0,754.0,-264.0
-121.0,-356.0,128.0,-342.0,-29.0,232.0,109.0,685.0,828.0,-205.0
-132.0,-447.0,178.0,-408.0,-30.0,141.0,99.0,591.0,877.0,-155.0
-77.0,-478.0,219.0,-437.0,-15.0,130.0,103.0,646.0,919.0,-109.0
-48.0,-460.0,225.0,-480.0,-5.0,267.0,103.0,482.0,924.0,-95.0
1.0,-406.0,257.0,-501.0,-20.0,335.0,132.0,421.0,896.0,-80.0
9.0,-381.0,300.0,-463.0,-47.0,307.0,141.0,482.0,859.0,-89.0
54.0,-411.0,333.0,-459.0,-70.0,250.0,123.0,410.0,807.0,-127.0
95.0,-472.0,353.0,-460.0,-77.0,152.0,107.0,389.0,750.0,-167.0
106.0,-506.0,358.0,-393.0,-75.0,89.0,134.0,299.0,675.0,-190.0
144.0,-395.0,384.0,-318.0,-81.0,94.0,151.0,267.0,603.0,-180.0
140.0,-60.0,400.0,-262.0,-84.0,175.0,139.0,229.0,526.0,-150.0
211.0,377.0,393.0,-176.0,-86.0,283.0,90.0,295.0,436.0,-82.0
186.0,706.0,416.0,-87.0,-86.0,285.0,38.0,365.0,332.0,28.0
227.0,879.0,417.0,-32.0,-93.0,143.0,0.0,413.0,204.0,168.0
202.0,936.0,403.0,16.0,-106.0,13.0,-47.0,443.0,78.0,290.0
207.0,889.0,386.0,72.0,-113.0,16.0,-34.0,264.0,-47.0,411.0
228.0,719.0,341.0,132.0,-111.0,52.0,-2.0,254.0,-183.0,528.0
223.0,440.0,329.0,139.0,-92.0,50.0,48.0,188.0,-305.0,611.0
256.0,153.0,269.0,133.0,-56.0,-9.0,75.0,77.0,-415.0,669.0
221.0,-3.0,226.0,160.0,-3.0,-95.0,21.0,79.0,-514.0,709.0
260.0,35.0,186.0,111.0,59.0,-139.0,-32.0,-9.0,-598.0,741.0
237.0,185.0,111.0,58.0,119.0,-209.0,-24.0,0.0,-665.0,751.0
265.0,308.0,83.0,31.0,163.0,-300.0,-26.0,-73.0,-710.0,747.0
259.0,342.0,15.0,-29.0,187.0,-304.0,-56.0,-60.0,-734.0,718.0
278.0,300.0,-28.0,-84.0,198.0,-166.0,-59.0,-53.0,-733.0,666.0
284.0,229.0,-78.0,-145.0,201.0,-63.0,-82.0,-151.0,-710.0,607.0
296.0,120.0,-112.0,-166.0,191.0,-134.0,-106.0,-195.0,-686.0,530.0
294.0,-47.0,-146.0,-172.0,167.0,-187.0,-56.0,-323.0,-656.0,456.0
259.0,-238.0,-175.0,-146.0,137.0,-153.0,35.0,-114.0,-610.0,403.0
273.0,-417.0,-181.0,-117.0,103.0,-37.0,77.0,103.0,-555.0,382.0
186.0,-577.0,-193.0,-126.0,65.0,7.0,68.0,242.0,-480.0,362.0
181.0,-724.0,-196.0,-79.0,24.0,-76.0,37.0,275.0,-399.0,346.0
122.0,-845.0,-214.0,-30.0,-17.0,-10.0,40.0,-16.0,-310.0,369.0
122.0,-913.0,-183.0,-10.0,-53.0,117.0,34.0,-11.0,-213.0,370.0
68.0,-884.0,-197.0,27.0,-76.0,122.0,-38.0,-46.0,-126.0,343.0
12.0,-745.0,-166.0,111.0,-88.0,105.0,-88.0,-90.0,-32.0,338.0
-16.0,-622.0,-114.0,171.0,-91.0,169.0,-98.0,0.0,56.0,323.0
-86.0,-644.0,-90.0,252.0,-93.0,237.0,-37.0,22.0,135.0,313.0
-92.0,-742.0,-39.0,319.0,-92.0,131.0,-7.0,227.0,203.0,321.0
-199.0,-711.0,0.0,318.0,-74.0,44.0,-49.0,312.0,261.0,307.0
-204.0,-468.0,58.0,326.0,-48.0,163.0,-33.0,400.0,318.0,276.0
-293.0,-86.0,63.0,270.0,-26.0,200.0,1.0,443.0,367.0,245.0
-361.0,370.0,101.0,207.0,-22.0,114.0,-4.0,369.0,399.0,224.0
-438.0,827.0,127.0,164.0,-35.0,116.0,-60.0,393.0,393.0,198.0
-513.0,1163.0,107.0,128.0,-53.0,240.0,-90.0,341.0,354.0,194.0
-567.0,1322.0,117.0,95.0,-76.0,388.0,-56.0,388.0,297.0,224.0
-660.0,1330.0,137.0,52.0,-86.0,459.0,-15.0,445.0,226.0,255.0
-666.0,1242.0,123.0,18.0,-66.0,471.0,7.0,473.0,139.0,276.0
-722.0,1104.0,119.0,-20.0,-18.0,415.0,18.0,469.0,43.0,298.0
-713.0,933.0,156.0,-6.0,26.0,305.0,34.0,565.0,-58.0,330.0
-734.0,726.0,108.0,-4.0,49.0,256.0,49.0,744.0,-141.0,344.0
-703.0,449.0,129.0,-4.0,42.0,271.0,74.0,650.0,-196.0,349.0
-701.0,147.0,138.0,21.0,5.0,320.0,84.0,777.0,-247.0,357.0
-695.0,-71.0,110.0,35.0,-45.0,358.0,88.0,903.0,-271.0,375.0
-691.0,-196.0,149.0,65.0,-91.0,362.0,76.0,892.0,-273.0,390.0
-664.0,-303.0,119.0,134.0,-111.0,399.0,48.0,1003.0,-278.0,415.0
-626.0,-431.0,138.0,193.0,-106.0,413.0,101.0,896.0,-287.0,480.0
-607.0,-507.0,123.0,207.0,-91.0,399.0,162.0,835.0,-278.0,532.0
-474.0,-464.0,105.0,244.0,-72.0,388.0,186.0,740.0,-258.0,581.0
-440.0,-331.0,106.0,269.0,-42.0,383.0,250.0,672.0,-238.0,650.0
-272.0,-181.0,42.0,283.0,2.0,457.0,308.0,687.0,-195.0,708.0
-167.0,-57.0,15.0,311.0,51.0,568.0,300.0,642.0,-161.0,742.0
-7.0,-23.0,-24.0,350.0,90.0,628.0,238.0,698.0,-140.0,774.0
142.0,-127.0,-65.0,352.0,117.0,600.0,190.0,696.0,-120.0,810.0
243.0,-292.0,-91.0,321.0,140.0,559.0,216.0,742.0,-99.0,824.0
416.0,-426.0,-119.0,290.0,160.0,565.0,248.0,670.0,-64.0,803.0
475.0,-483.0,-102.0,231.0,171.0,637.0,258.0,635.0,-34.0,787.0
618.0,-480.0,-77.0,186.0,169.0,704.0,287.0,733.0,-11.0,785.0
652.0,-443.0,-57.0,180.0,160.0,764.0,289.0,665.0,2.0,736.0
750.0,-362.0,1.0,220.0,152.0,846.0,274.0,691.0,4.0,666.0
792.0,-285.0,55.0,245.0,139.0,826.0,225.0,569.0,-16.0,602.0
830.0,-259.0,92.0,280.0,116.0,740.0,158.0,412.0,-51.0,501.0
870.0,-259.0,151.0,379.0,93.0,668.0,177.0,354.0,-92.0,356.0
849.0,-258.0,228.0,472.0,80.0,695.0,190.0,290.0,-127.0,237.0
891.0,-241.0,248.0,568.0,80.0,719.0,138.0,388.0,-146.0,143.0
834.0,-186.0,264.0,629.0,77.0,626.0,149.0,371.0,-155.0,29.0
801.0,-51.0,277.0,618.0,66.0,582.0,246.0,373.0,-131.0,-71.0
750.0,145.0,255.0,601.0,55.0,578.0,336.0,375.0,-104.0,-145.0
698.0,356.0,254.0,557.0,42.0,548.0,356.0,415.0,-69.0,-221.0
619.0,580.0,209.0,498.0,27.0,536.0,306.0,582.0,0.0,-319.0
579.0,828.0,177.0,457.0,3.0,547.0,262.0,602.0,55.0,-394.0
511.0,1032.0,151.0,387.0,-22.0,568.0,224.0,849.0,110.0,-426.0
444.0,1110.0,106.0,299.0,-40.0,540.0,154.0,1045.0,184.0,-467.0
368.0,1070.0,77.0,204.0,-40.0,431.0,124.0,1116.0,248.0,-476.0
303.0,980.0,50.0,124.0,-30.0,415.0,135.0,1269.0,295.0,-429.0
244.0,912.0,16.0,54.0,-25.0,470.0,178.0,1180.0,324.0,-359.0
150.0,855.0,9.0,-3.0,-19.0,446.0,250.0,1045.0,331.0,-289.0
137.0,771.0,-18.0,-51.0,-2.0,450.0,293.0,886.0,322.0,-227.0
54.0,700.0,-58.0,-75.0,25.0,485.0,343.0,885.0,285.0,-148.0
22.0,650.0,-62.0,-86.0,46.0,505.0,369.0,859.0,228.0,-77.0
-56.0,576.0,-118.0,-103.0,61.0,498.0,302.0,713.0,184.0,-34.0
-108.0,460.0,-120.0,-92.0,88.0,506.0,199.0,735.0,124.0,10.0
-171.0,313.0,-131.0,-94.0,121.0,542.0,127.0,615.0,62.0,56.0
-263.0,142.0,-151.0,-41.0,141.0,496.0,37.0,676.0,17.0,58.0
-296.0,-75.0,-122.0,25.0,141.0,389.0,-10.0,753.0,-38.0,25.0
-370.0,-386.0,-122.0,42.0,128.0,381.0,9.0,681.0,-87.0,-1.0
-364.0,-723.0,-64.0,78.0,103.0,457.0,45.0,715.0,-101.0,-45.0
-398.0,-896.0,-45.0,100.0,59.0,460.0,98.0,657.0,-87.0,-105.0
-416.0,-832.0,-9.0,107.0,6.0,448.0,124.0,668.0,-63.0,-169.0
-408.0,-589.0,48.0,100.0,-38.0,424.0,190.0,583.0,-9.0,-220.0
-410.0,-288.0,44.0,88.0,-61.0,358.0,267.0,574.0,60.0,-253.0
-391.0,-70.0,67.0,101.0,-62.0,277.0,250.0,668.0,143.0,-281.0
-357.0,64.0,83.0,96.0,-63.0,267.0,205.0,676.0,259.0,-291.0
-322.0,191.0,74.0,64.0,-65.0,398.0,210.0,739.0,386.0,-282.0
-298.0,290.0,53.0,46.0,-64.0,429.0,248.0,678.0,538.0,-258.0
-263.0,310.0,51.0,-28.0,-55.0,357.0,269.0,606.0,689.0,-249.0
-228.0,236.0,28.0,-123.0,-34.0,315.0,299.0,406.0,835.0,-220.0
-184.0,58.0,-16.0,-197.0,-9.0,317.0,320.0,230.0,979.0,-168.0
-156.0,-175.0,-13.0,-274.0,16.0,290.0,324.0,121.0,1098.0,-143.0
-95.0,-406.0,-33.0,-289.0,26.0,192.0,337.0,-55.0,1216.0,-134.0
-80.0,-646.0,-18.0,-270.0,13.0,164.0,352.0,53.0,1311.0,-130.0
-48.0,-878.0,23.0,-276.0,-16.0,183.0,350.0,97.0,1364.0,-120.0
-6.0,-983.0,42.0,-280.0,-59.0,212.0,273.0,140.0,1398.0,-133.0
9.0,-876.0,98.0,-251.0,-104.0,218.0,149.0,203.0,1395.0,-144.0
66.0,-634.0,117.0,-217.0,-137.0,235.0,109.0,153.0,1348.0,-112.0
98.0,-424.0,151.0,-186.0,-148.0,216.0,169.0,273.0,1271.0,-55.0
176.0,-343.0,197.0,-165.0,-146.0,191.0,217.0,327.0,1175.0,6.0
224.0,-310.0,178.0,-130.0,-141.0,333.0,269.0,430.0,1066.0,105.0
253.0,-188.0,207.0,-104.0,-134.0,407.0,317.0,461.0,928.0,241.0
288.0,-3.0,222.0,-82.0,-126.0,311.0,278.0,386.0,786.0,355.0
295.0,96.0,199.0,-42.0,-114.0,229.0,245.0,343.0,657.0,440.0
334.0,69.0,232.0,-4.0,-111.0,326.0,285.0,201.0,529.0,506.0
336.0,-31.0,230.0,27.0,-117.0,445.0,303.0,194.0,403.0,553.0
357.0,-120.0,232.0,60.0,-113.0,326.0,229.0,140.0,283.0,552.0
343.0,-157.0,236.0,83.0,-81.0,277.0,134.0,223.0,180.0,531.0
324.0,-200.0,200.0,83.0,-34.0,378.0,115.0,314.0,63.0,521.0
321.0,-205.0,209.0,105.0,11.0,433.0,167.0,327.0,-61.0,505.0
261.0,-79.0,171.0,110.0,46.0,438.0,229.0,498.0,-182.0,495.0
232.0,79.0,124.0,98.0,67.0,398.0,221.0,458.0,-317.0,512.0
170.0,153.0,101.0,93.0,90.0,443.0,176.0,543.0,-440.0,579.0
133.0,201.0,39.0,88.0,114.0,485.0,148.0,546.0,-544.0,650.0
119.0,235.0,-6.0,50.0,138.0,430.0,108.0,524.0,-639.0,727.0
92.0,157.0,-42.0,21.0,163.0,451.0,74.0,691.0,-712.0,830.0
82.0,4.0,-53.0,48.0,191.0,538.0,90.0,676.0,-780.0,905.0
67.0,-92.0,-82.0,56.0,221.0,530.0,151.0,803.0,-834.0,916.0
68.0,-88.0,-85.0,67.0,235.0,502.0,248.0,859.0,-846.0,886.0
68.0,14.0,-69.0,84.0,228.0,551.0,358.0,875.0,-826.0,848.0
86.0,193.0,-76.0,83.0,196.0,550.0,440.0,879.0,-786.0,770.0
95.0,370.0,-42.0,74.0,145.0,501.0,463.0,837.0,-725.0,670.0
116.0,418.0,-24.0,86.0,89.0,475.0,416.0,777.0,-650.0,580.0
132.0,265.0,-3.0,106.0,39.0,511.0,381.0,596.0,-581.0,529.0
150.0,18.0,20.0,143.0,9.0,549.0,380.0,689.0,-503.0,497.0
169.0,-155.0,57.0,192.0,1.0,494.0,367.0,718.0,-412.0,476.0
184.0,-192.0,110.0,238.0,9.0,445.0,352.0,657.0,-316.0,519.0
188.0,-111.0,125.0,261.0,35.0,503.0,371.0,609.0,-206.0,579.0
180.0,19.0,178.0,269.0,72.0,470.0,431.0,463.0,-92.0,631.0
184.0,124.0,203.0,283.0,95.0,329.0,489.0,500.0,7.0,670.0
122.0,183.0,210.0,290.0,101.0,318.0,537.0,423.0,87.0,710.0
72.0,213.0,272.0,321.0,90.0,300.0,514.0,373.0,162.0,725.0
2.0,168.0,267.0,352.0,76.0,290.0,405.0,445.0,233.0,672.0
-48.0,0.0,313.0,374.0,69.0,327.0,289.0,528.0,304.0,606.0
-86.0,-247.0,336.0,378.0,53.0,356.0,231.0,665.0,380.0,535.0
-148.0,-499.0,352.0,359.0,30.0,388.0,215.0,578.0,441.0,429.0
-168.0,-679.0,406.0,324.0,12.0,321.0,228.0,554.0,499.0,297.0
-212.0,-672.0,402.0,290.0,5.0,248.0,278.0,463.0,546.0,182.0
-235.0,-410.0,479.0,269.0,-7.0,175.0,297.0,397.0,561.0,81.0
-253.0,-21.0,474.0,216.0,-43.0,112.0,282.0,452.0,562.0,-24.0
-257.0,275.0,510.0,158.0,-88.0,176.0,257.0,341.0,545.0,-127.0
-275.0,388.0,521.0,138.0,-127.0,254.0,219.0,463.0,519.0,-197.0
-273.0,333.0,516.0,112.0,-156.0,176.0,188.0,474.0,506.0,-227.0
-241.0,142.0,541.0,85.0,-171.0,47.0,181.0,432.0,484.0,-249.0
-197.0,-135.0,482.0,98.0,-171.0,-17.0,184.0,463.0,455.0,-238.0
-156.0,-400.0,540.0,76.0,-157.0,9.0,158.0,301.0,434.0,-190.0
-122.0,-509.0,471.0,28.0,-132.0,24.0,120.0,212.0,420.0,-147.0
-71.0,-353.0,462.0,-2.0,-116.0,-85.0,123.0,96.0,400.0,-121.0
-64.0,-72.0,434.0,-11.0,-109.0,-71.0,174.0,94.0,372.0,-90.0
-26.0,97.0,372.0,38.0,-103.0,16.0,234.0,101.0,357.0,-64.0
-7.0,152.0,383.0,86.0,-88.0,7.0,239.0,29.0,329.0,-72.0
24.0,175.0,315.0,97.0,-56.0,-48.0,211.0,38.0,286.0,-86.0
49.0,176.0,373.0,103.0,-9.0,-95.0,194.0,51.0,257.0,-92.0
87.0,169.0,328.0,120.0,32.0,-42.0,155.0,223.0,231.0,-105.0
151.0,181.0,360.0,117.0,59.0,-45.0,154.0,345.0,208.0,-135.0
187.0,165.0,412.0,66.0,76.0,-111.0,191.0,487.0,201.0,-152.0
233.0,123.0,386.0,34.0,86.0,-22.0,216.0,572.0,188.0,-146.0
230.0,127.0,465.0,13.0,90.0,51.0,235.0,369.0,160.0,-143.0
259.0,178.0,452.0,-32.0,83.0,-1.0,224.0,227.0,138.0,-166.0
258.0,229.0,486.0,-44.0,72.0,9.0,234.0,88.0,113.0,-191.0
259.0,241.0,488.0,-23.0,56.0,71.0,239.0,12.0,99.0,-205.0
283.0,203.0,495.0,44.0,39.0,33.0,216.0,-57.0,75.0,-251.0
291.0,148.0,523.0,134.0,29.0,-44.0,187.0,-133.0,45.0,-278.0
288.0,171.0,472.0,205.0,31.0,-58.0,141.0,-5.0,23.0,-261.0
273.0,276.0,486.0,279.0,44.0,-74.0,144.0,73.0,-20.0,-219.0
261.0,309.0,439.0,340.0,48.0,-53.0,216.0,129.0,-40.0,-165.0
223.0,203.0,402.0,419.0,45.0,-58.0,318.0,125.0,-29.0,-97.0
201.0,29.0,369.0,496.0,41.0,-18.0,397.0,197.0,-22.0,11.0
157.0,-110.0,313.0,519.0,27.0,108.0,439.0,242.0,-37.0,119.0
126.0,-137.0,271.0,483.0,9.0,56.0,439.0,206.0,-62.0,226.0
82.0,-71.0,177.0,432.0,-12.0,-18.0,403.0,354.0,-96.0,345.0
41.0,-44.0,146.0,379.0,-32.0,27.0,369.0,238.0,-143.0,457.0
5.0,-109.0,58.0,272.0,-49.0,67.0,316.0,238.0,-178.0,529.0
-35.0,-202.0,-17.0,148.0,-67.0,71.0,302.0,293.0,-189.0,551.0
-65.0,-288.0,-50.0,51.0,-87.0,164.0,377.0,166.0,-189.0,555.0
-98.0,-364.0,-141.0,-31.0,-105.0,302.0,450.0,256.0,-170.0,533.0
-120.0,-392.0,-169.0,-82.0,-116.0,287.0,456.0,155.0,-133.0,468.0
-174.0,-329.0,-205.0,-98.0,-116.0,262.0,428.0,112.0,-93.0,389.0
-195.0,-206.0,-247.0,-107.0,-103.0,281.0,370.0,81.0,-44.0,332.0
-236.0,-71.0,-268.0,-83.0,-69.0,261.0,266.0,48.0,8.0,273.0
-249.0,64.0,-285.0,-19.0,-21.0,233.0,185.0,214.0,50.0,207.0
-245.0,232.0,-289.0,30.0,29.0,202.0,156.0,284.0,81.0,171.0
-247.0,467.0,-276.0,87.0,63.0,210.0,150.0,471.0,101.0,165.0
-195.0,735.0,-252.0,152.0,74.0,282.0,167.0,543.0,140.0,130.0
-162.0,971.0,-252.0,169.0,76.0,296.0,224.0,663.0,185.0,104.0
-106.0,1142.0,-234.0,189.0,84.0,192.0,280.0,727.0,231.0,117.0
-42.0,1256.0,-238.0,190.0,83.0,162.0,308.0,497.0,285.0,97.0
26.0,1250.0,-241.0,155.0,66.0,133.0,303.0,339.0,344.0,64.0
81.0,1058.0,-236.0,148.0,59.0,17.0,251.0,109.0,412.0,25.0
140.0,708.0,-261.0,89.0,67.0,77.0,174.0,73.0,480.0,-17.0
208.0,333.0,-246.0,44.0,90.0,183.0,88.0,40.0,552.0,-68.0
255.0,53.0,-253.0,-5.0,116.0,187.0,54.0,-92.0,619.0,-138.0
316.0,-115.0,-257.0,-99.0,141.0,173.0,81.0,-64.0,688.0,-166.0
350.0,-145.0,-224.0,-152.0,163.0,139.0,141.0,72.0,758.0,-161.0
375.0,-47.0,-217.0,-224.0,173.0,146.0,210.0,362.0,804.0,-163.0
379.0,94.0,-179.0,-276.0,165.0,47.0,260.0,225.0,845.0,-145.0
408.0,216.0,-141.0,-280.0,141.0,-56.0,287.0,90.0,863.0,-71.0
431.0,283.0,-98.0,-248.0,112.0,-37.0,258.0,284.0,835.0,-9.0
448.0,238.0,-28.0,-192.0,92.0,-95.0,196.0,264.0,793.0,35.0
476.0,38.0,24.0,-142.0,83.0,-170.0,132.0,142.0,733.0,113.0
486.0,-258.0,91.0,-82.0,71.0,-166.0,131.0,145.0,652.0,199.0
532.0,-572.0,134.0,-36.0,50.0,-116.0,194.0,251.0,569.0,273.0
518.0,-848.0,196.0,3.0,26.0,-143.0,238.0,-64.0,474.0,333.0
520.0,-1018.0,234.0,35.0,9.0,-255.0,288.0,-101.0,373.0,408.0
531.0,-1034.0,258.0,37.0,-1.0,-271.0,308.0,291.0,257.0,484.0
539.0,-968.0,321.0,45.0,-16.0,-202.0,300.0,121.0,143.0,506.0
555.0,-885.0,315.0,34.0,-22.0,-179.0,289.0,-55.0,49.0,526.0
550.0,-724.0,352.0,-14.0,-7.0,-183.0,253.0,-33.0,-55.0,577.0
557.0,-461.0,371.0,-49.0,15.0,-160.0,205.0,-59.0,-140.0,598.0
526.0,-118.0,373.0,-90.0,37.0,-182.0,176.0,-160.0,-181.0,602.0
521.0,280.0,393.0,-110.0,54.0,-211.0,165.0,-55.0,-188.0,642.0
492.0,664.0,370.0,-94.0,60.0,-201.0,144.0,210.0,-167.0,704.0
462.0,948.0,416.0,-76.0,62.0,-219.0,151.0,112.0,-132.0,715.0
451.0,1124.0,407.0,-71.0,48.0,-302.0,162.0,197.0,-61.0,687.0
433.0,1217.0,435.0,-62.0,14.0,-392.0,143.0,330.0,20.0,674.0
398.0,1194.0,485.0,-30.0,-25.0,-317.0,92.0,408.0,99.0,613.0
361.0,1028.0,457.0,-24.0,-53.0,-173.0,26.0,578.0,183.0,478.0
329.0,738.0,491.0,-40.0,-61.0,-186.0,-81.0,480.0,251.0,324.0
283.0,389.0,483.0,-58.0,-60.0,-214.0,-204.0,454.0,303.0,198.0
246.0,46.0,481.0,-84.0,-48.0,-138.0,-233.0,406.0,322.0,64.0
197.0,-307.0,504.0,-102.0,-36.0,-81.0,-246.0,375.0,314.0,-90.0
175.0,-664.0,468.0,-113.0,-24.0,-121.0,-252.0,314.0,286.0,-179.0
142.0,-860.0,498.0,-127.0,-7.0,-148.0,-188.0,51.0,230.0,-222.0
122.0,-759.0,453.0,-119.0,9.0,-106.0,-98.0,18.0,155.0,-267.0
90.0,-430.0,421.0,-90.0,18.0,-72.0,-74.0,14.0,58.0,-307.0
94.0,-62.0,432.0,-75.0,13.0,-93.0,-91.0,84.0,-34.0,-295.0
90.0,229.0,362.0,-41.0,6.0,-106.0,-75.0,62.0,-134.0,-259.0
79.0,450.0,367.0,-1.0,5.0,-136.0,-74.0,46.0,-221.0,-266.0
90.0,624.0,322.0,31.0,14.0,-183.0,-149.0,356.0,-253.0,-271.0
82.0,724.0,303.0,61.0,25.0,-114.0,-255.0,430.0,-242.0,-237.0
116.0,726.0,271.0,96.0,39.0,-39.0,-275.0,484.0,-209.0,-249.0
110.0,586.0,212.0,154.0,54.0,-40.0,-159.0,504.0,-184.0,-318.0
143.0,259.0,199.0,169.0,57.0,-43.0,29.0,474.0,-163.0,-360.0
152.0,-190.0,139.0,165.0,60.0,62.0,121.0,478.0,-152.0,-395.0
186.0,-591.0,128.0,145.0,61.0,162.0,93.0,303.0,-152.0,-465.0
202.0,-805.0,84.0,93.0,64.0,161.0,32.0,288.0,-135.0,-536.0
178.0,-847.0,34.0,67.0,67.0,56.0,-43.0,160.0,-100.0,-561.0
191.0,-829.0,-10.0,66.0,59.0,27.0,-88.0,88.0,-87.0,-572.0
178.0,-859.0,-46.0,98.0,47.0,164.0,-87.0,88.0,-86.0,-595.0
172.0,-1004.0,-77.0,162.0,33.0,135.0,-76.0,-110.0,-90.0,-577.0
128.0,-1229.0,-122.0,230.0,27.0,56.0,-73.0,-138.0,-101.0,-536.0
137.0,-1369.0,-132.0,277.0,40.0,39.0,-73.0,-175.0,-102.0,-504.0
122.0,-1361.0,-184.0,306.0,65.0,68.0,-43.0,-223.0,-100.0,-470.0
130.0,-1237.0,-200.0,365.0,85.0,104.0,12.0,-321.0,-104.0,-408.0
113.0,-1014.0,-227.0,445.0,82.0,62.0,43.0,-293.0,-96.0,-317.0
110.0,-752.0,-258.0,487.0,56.0,68.0,9.0,-179.0,-65.0,-251.0
137.0,-537.0,-247.0,477.0,25.0,59.0,-77.0,-266.0,-43.0,-198.0
116.0,-381.0,-276.0,469.0,6.0,58.0,-131.0,-225.0,-11.0,-105.0
124.0,-165.0,-287.0,429.0,-3.0,97.0,-143.0,-271.0,25.0,-31.0
89.0,138.0,-250.0,361.0,-5.0,81.0,-155.0,-319.0,60.0,-18.0
97.0,379.0,-254.0,339.0,-1.0,83.0,-157.0,-365.0,97.0,23.0
42.0,530.0,-278.0,344.0,13.0,135.0,-144.0,-452.0,121.0,96.0
0.0,663.0,-245.0,363.0,37.0,192.0,-103.0,-399.0,152.0,126.0
-30.0,745.0,-260.0,393.0,55.0,222.0,-48.0,-388.0,171.0,123.0
-70.0,734.0,-250.0,440.0,55.0,153.0,49.0,-243.0,180.0,128.0
-93.0,689.0,-192.0,469.0,29.0,128.0,98.0,-247.0,183.0,138.0
-138.0,637.0,-185.0,445.0,-13.0,206.0,-17.0,-275.0,191.0,80.0
-158.0,562.0,-143.0,413.0,-73.0,191.0,-142.0,-208.0,187.0,3.0
-199.0,507.0,-110.0,392.0,-156.0,51.0,-213.0,-303.0,176.0,3.0
-208.0,519.0,-105.0,342.0,-240.0,-52.0,-313.0,-345.0,165.0,-12.0
-244.0,614.0,-79.0,259.0,-302.0,-52.0,-359.0,-489.0,128.0,-53.0
-254.0,766.0,-48.0,145.0,-330.0,17.0,-281.0,-441.0,102.0,-38.0
-291.0,892.0,-59.0,0.0,-335.0,92.0,-187.0,-301.0,95.0,-13.0
-305.0,889.0,-63.0,-128.0,-326.0,144.0,-110.0,-273.0,95.0,-9.0
-325.0,749.0,-10.0,-249.0,-304.0,161.0,-63.0,-103.0,100.0,-9.0
-375.0,600.0,-29.0,-370.0,-263.0,133.0,-109.0,-88.0,102.0,14.0
-410.0,506.0,-6.0,-487.0,-201.0,115.0,-180.0,-36.0,117.0,42.0
-428.0,450.0,43.0,-619.0,-126.0,139.0,-244.0,-14.0,140.0,28.0
-400.0,420.0,48.0,-743.0,-56.0,158.0,-290.0,-68.0,149.0,1.0
-414.0,386.0,92.0,-784.0,-6.0,103.0,-248.0,-160.0,143.0,-13.0
-364.0,318.0,132.0,-775.0,24.0,108.0,-187.0,-339.0,141.0,-43.0
-363.0,188.0,168.0,-749.0,36.0,181.0,-182.0,-279.0,140.0,-101.0
-314.0,-7.0,165.0,-678.0,35.0,182.0,-185.0,-354.0,129.0,-139.0
-304.0,-254.0,205.0,-596.0,27.0,81.0,-154.0,-351.0,104.0,-132.0
-292.0,-533.0,209.0,-515.0,23.0,49.0,-160.0,-190.0,60.0,-148.0
-230.0,-804.0,186.0,-417.0,32.0,146.0,-262.0,-120.0,11.0,-165.0
-201.0,-1081.0,187.0,-292.0,51.0,173.0,-378.0,27.0,-24.0,-127.0
-76.0,-1373.0,144.0,-162.0,71.0,125.0,-467.0,-11.0,-41.0,-62.0
-42.0,-1638.0,122.0,-50.0,80.0,70.0,-523.0,-20.0,-46.0,-3.0
43.0,-1785.0,96.0,5.0,72.0,45.0,-501.0,-109.0,-39.0,67.0
112.0,-1736.0,95.0,37.0,55.0,10.0,-385.0,-284.0,-27.0,133.0
186.0,-1522.0,46.0,72.0,45.0,-27.0,-255.0,-389.0,-15.0,161.0
246.0,-1172.0,43.0,93.0,49.0,-35.0,-173.0,-482.0,4.0,167.0
318.0,-689.0,11.0,110.0,65.0,-54.0,-108.0,-454.0,19.0,160.0
420.0,-125.0,-36.0,121.0,80.0,-100.0,-130.0,-526.0,13.0,167.0
463.0,443.0,-24.0,140.0,83.0,-43.0,-237.0,-415.0,12.0,174.0
558.0,934.0,-88.0,182.0,71.0,69.0,-352.0,-356.0,26.0,168.0
580.0,1214.0,-59.0,249.0,46.0,41.0,-465.0,-415.0,26.0,164.0
647.0,1275.0,-110.0,322.0,16.0,-44.0,-471.0,-365.0,33.0,161.0
657.0,1295.0,-109.0,420.0,-7.0,-47.0,-406.0,-480.0,39.0,145.0
667.0,1349.0,-72.0,522.0,-26.0,22.0,-328.0,-436.0,44.0,119.0
654.0,1365.0,-124.0,557.0,-40.0,-30.0,-293.0,-489.0,54.0,102.0
621.0,1229.0,-57.0,546.0,-45.0,-121.0,-350.0,-554.0,54.0,103.0
595.0,920.0,-64.0,543.0,-36.0,-108.0,-366.0,-432.0,61.0,100.0
525.0,577.0,-25.0,548.0,-25.0,-17.0,-366.0,-404.0,59.0,86.0
504.0,326.0,13.0,526.0,-16.0,-11.0,-408.0,-238.0,47.0,89.0
441.0,181.0,22.0,505.0,-3.0,-58.0,-471.0,-301.0,33.0,77.0
406.0,175.0,88.0,493.0,24.0,40.0,-465.0,-402.0,20.0,37.0
356.0,292.0,76.0,442.0,69.0,66.0,-375.0,-362.0,11.0,-19.0
324.0,424.0,101.0,400.0,111.0,56.0,-319.0,-412.0,0.0,-77.0
278.0,497.0,120.0,381.0,134.0,66.0,-247.0,-330.0,1.0,-167.0
243.0,470.0,120.0,328.0,134.0,94.0,-143.0,-299.0,0.0,-307.0
208.0,345.0,143.0,231.0,116.0,108.0,-71.0,-225.0,-23.0,-448.0
154.0,128.0,185.0,129.0,88.0,21.0,-119.0,-221.0,-64.0,-625.0
129.0,-142.0,216.0,25.0,62.0,-1.0,-253.0,-236.0,-108.0,-825.0
91.0,-397.0,236.0,-75.0,46.0,49.0,-369.0,-123.0,-157.0,-1018.0
63.0,-563.0,285.0,-153.0,36.0,6.0,-430.0,-147.0,-206.0,-1195.0
50.0,-600.0,291.0,-256.0,43.0,-135.0,-397.0,-110.0,-237.0,-1355.0
57.0,-578.0,310.0,-357.0,51.0,-211.0,-356.0,-184.0,-265.0,-1485.0
16.0,-538.0,317.0,-434.0,51.0,-206.0,-317.0,-254.0,-295.0,-1532.0
0.0,-467.0,317.0,-465.0,46.0,-184.0,-260.0,-271.0,-320.0,-1534.0
-38.0,-346.0,327.0,-480.0,44.0,-190.0,-225.0,-325.0,-346.0,-1492.0
-78.0,-225.0,306.0,-482.0,54.0,-232.0,-202.0,-203.0,-362.0,-1424.0
-139.0,-166.0,312.0,-418.0,77.0,-344.0,-188.0,-247.0,-365.0,-1325.0
-207.0,-105.0,308.0,-358.0,107.0,-467.0,-193.0,-253.0,-361.0,-1186.0
-256.0,18.0,291.0,-265.0,135.0,-441.0,-228.0,-243.0,-341.0,-1067.0
-307.0,192.0,278.0,-167.0,162.0,-369.0,-258.0,-297.0,-305.0,-931.0
-336.0,379.0,277.0,-123.0,177.0,-402.0,-270.0,-227.0,-260.0,-771.0
-382.0,533.0,255.0,-76.0,174.0,-379.0,-235.0,-304.0,-207.0,-623.0
-396.0,612.0,245.0,-39.0,155.0,-306.0,-137.0,-258.0,-172.0,-469.0
-438.0,623.0,260.0,-47.0,123.0,-298.0,-6.0,-208.0,-143.0,-307.0
-440.0,542.0,225.0,-69.0,77.0,-274.0,91.0,-151.0,-112.0,-133.0
-467.0,307.0,224.0,-76.0,13.0,-271.0,57.0,-33.0,-91.0,35.0
-474.0,-24.0,216.0,-115.0,-51.0,-211.0,-14.0,-88.0,-71.0,183.0
-450.0,-292.0,200.0,-164.0,-97.0,-268.0,-43.0,-60.0,-65.0,332.0
-429.0,-379.0,199.0,-208.0,-125.0,-362.0,-121.0,-90.0,-66.0,460.0
-386.0,-286.0,177.0,-245.0,-144.0,-292.0,-250.0,-101.0,-74.0,542.0
-374.0,-103.0,160.0,-294.0,-155.0,-298.0,-296.0,-169.0,-92.0,594.0
-307.0,37.0,128.0,-345.0,-162.0,-343.0,-209.0,-245.0,-123.0,605.0
-275.0,65.0,125.0,-409.0,-158.0,-360.0,-129.0,-206.0,-165.0,571.0
-232.0,39.0,78.0,-502.0,-140.0,-279.0,-101.0,-332.0,-216.0,497.0
-179.0,43.0,39.0,-545.0,-120.0,-283.0,-67.0,-279.0,-272.0,411.0
-142.0,60.0,34.0,-577.0,-106.0,-340.0,-46.0,-238.0,-313.0,317.0
-85.0,69.0,-45.0,-573.0,-108.0,-319.0,-75.0,-186.0,-361.0,209.0
-63.0,57.0,-71.0,-509.0,-133.0,-332.0,-102.0,-144.0,-396.0,122.0
-16.0,-34.0,-122.0,-443.0,-174.0,-351.0,-93.0,-162.0,-403.0,49.0
22.0,-290.0,-205.0,-390.0,-211.0,-455.0,-86.0,7.0,-407.0,-23.0
52.0,-759.0,-238.0,-326.0,-231.0,-438.0,-76.0,-96.0,-400.0,-75.0
77.0,-1284.0,-311.0,-251.0,-226.0,-340.0,-48.0,-90.0,-361.0,-125.0
97.0,-1633.0,-341.0,-173.0,-206.0,-369.0,-49.0,-66.0,-308.0,-164.0
127.0,-1701.0,-401.0,-77.0,-183.0,-404.0,-124.0,-206.0,-245.0,-182.0
130.0,-1497.0,-459.0,-11.0,-151.0,-310.0,-184.0,-206.0,-159.0,-198.0
172.0,-1101.0,-477.0,44.0,-112.0,-239.0,-213.0,-328.0,-55.0,-203.0
204.0,-653.0,-542.0,76.0,-87.0,-366.0,-247.0,-389.0,73.0,-189.0
229.0,-261.0,-564.0,93.0,-83.0,-394.0,-246.0,-528.0,183.0,-158.0
292.0,70.0,-585.0,103.0,-84.0,-298.0,-220.0,-585.0,284.0,-131.0
315.0,365.0,-620.0,105.0,-80.0,-250.0,-191.0,-580.0,387.0,-94.0
345.0,644.0,-612.0,141.0,-68.0,-217.0,-219.0,-737.0,469.0,-45.0
371.0,880.0,-617.0,168.0,-54.0,-143.0,-265.0,-700.0,564.0,-7.0
383.0,1012.0,-606.0,177.0,-48.0,-105.0,-292.0,-761.0,655.0,28.0
411.0,1066.0,-534.0,197.0,-52.0,-141.0,-310.0,-759.0,726.0,56.0
415.0,1072.0,-494.0,224.0,-55.0,-180.0,-259.0,-742.0,786.0,93.0
426.0,1005.0,-428.0,235.0,-56.0,-151.0,-163.0,-840.0,858.0,115.0
441.0,867.0,-333.0,247.0,-54.0,-107.0,-130.0,-742.0,900.0,130.0
456.0,691.0,-273.0,245.0,-47.0,-129.0,-186.0,-720.0,890.0,172.0
478.0,537.0,-180.0,242.0,-26.0,-135.0,-268.0,-722.0,864.0,186.0
486.0,465.0,-86.0,262.0,8.0,-114.0,-366.0,-770.0,803.0,186.0
473.0,407.0,14.0,259.0,45.0,-150.0,-423.0,-785.0,698.0,199.0
462.0,287.0,109.0,249.0,68.0,-286.0,-376.0,-757.0,602.0,194.0
483.0,200.0,205.0,242.0,86.0,-291.0,-282.0,-801.0,504.0,181.0
480.0,219.0,291.0,239.0,103.0,-218.0,-218.0,-777.0,371.0,152.0
492.0,283.0,346.0,242.0,105.0,-246.0,-179.0,-811.0,276.0,123.0
491.0,349.0,414.0,242.0,96.0,-233.0,-147.0,-752.0,198.0,107.0
474.0,407.0,431.0,256.0,91.0,-217.0,-192.0,-764.0,101.0,63.0
465.0,421.0,454.0,274.0,100.0,-244.0,-273.0,-776.0,59.0,31.0
425.0,356.0,469.0,287.0,122.0,-350.0,-326.0,-679.0,70.0,9.0
447.0,217.0,417.0,289.0,135.0,-432.0,-384.0,-735.0,69.0,-28.0
411.0,40.0,393.0,266.0,129.0,-356.0,-415.0,-661.0,65.0,-62.0
365.0,-133.0,346.0,278.0,113.0,-363.0,-383.0,-618.0,64.0,-87.0
319.0,-314.0,255.0,280.0,104.0,-468.0,-285.0,-552.0,28.0,-100.0
236.0,-478.0,193.0,242.0,103.0,-431.0,-142.0,-408.0,-34.0,-144.0
170.0,-575.0,88.0,222.0,104.0,-351.0,-14.0,-402.0,-114.0,-185.0
62.0,-552.0,0.0,188.0,108.0,-298.0,38.0,-321.0,-230.0,-217.0
26.0,-368.0,-66.0,137.0,99.0,-344.0,-7.0,-343.0,-370.0,-284.0
-59.0,-119.0,-168.0,79.0,77.0,-361.0,-90.0,-327.0,-520.0,-355.0
-147.0,51.0,-222.0,65.0,52.0,-254.0,-120.0,-293.0,-657.0,-422.0
-234.0,138.0,-288.0,74.0,28.0,-273.0,-101.0,-384.0,-795.0,-468.0
-329.0,227.0,-351.0,64.0,11.0,-323.0,-52.0,-304.0,-941.0,-520.0
-369.0,316.0,-391.0,34.0,0.0,-281.0,10.0,-266.0,-1018.0,-563.0
-454.0,365.0,-423.0,2.0,-7.0,-150.0,64.0,-286.0,-1069.0,-567.0
-488.0,389.0,-446.0,17.0,-2.0,-75.0,85.0,-343.0,-1113.0,-578.0
-580.0,410.0,-450.0,30.0,7.0,-62.0,63.0,-275.0,-1109.0,-590.0
-635.0,431.0,-437.0,63.0,10.0,-103.0,54.0,-236.0,-1100.0,-592.0
-678.0,434.0,-426.0,100.0,5.0,-210.0,0.0,-393.0,-1064.0,-591.0
-746.0,427.0,-396.0,53.0,-11.0,-289.0,-98.0,-338.0,-977.0,-600.0
-760.0,415.0,-361.0,-7.0,-42.0,-243.0,-136.0,-469.0,-875.0,-599.0
-812.0,330.0,-336.0,-83.0,-88.0,-70.0,-115.0,-594.0,-758.0,-590.0
-837.0,102.0,-308.0,-155.0,-128.0,-67.0,-42.0,-617.0,-606.0,-598.0
-848.0,-236.0,-261.0,-193.0,-126.0,-77.0,32.0,-700.0,-471.0,-591.0
-856.0,-576.0,-243.0,-249.0,-92.0,21.0,102.0,-578.0,-330.0,-590.0
-856.0,-809.0,-192.0,-323.0,-44.0,40.0,143.0,-565.0,-176.0,-603.0
-823.0,-868.0,-167.0,-417.0,7.0,-55.0,101.0,-445.0,-72.0,-620.0
-825.0,-774.0,-136.0,-460.0,45.0,-189.0,34.0,-413.0,35.0,-641.0
-804.0,-593.0,-91.0,-485.0,70.0,-191.0,-21.0,-454.0,160.0,-651.0
-763.0,-391.0,-98.0,-506.0,85.0,-150.0,-71.0,-343.0,291.0,-652.0
-724.0,-223.0,-39.0,-503.0,96.0,-162.0,-77.0,-397.0,376.0,-646.0
-665.0,-122.0,-50.0,-529.0,113.0,-102.0,-59.0,-319.0,406.0,-632.0
-639.0,-77.0,-24.0,-522.0,118.0,58.0,-105.0,-347.0,453.0,-606.0
-585.0,-54.0,-13.0,-494.0,101.0,133.0,-157.0,-458.0,480.0,-577.0
-536.0,-52.0,-44.0,-485.0,70.0,96.0,-154.0,-437.0,497.0,-539.0
-458.0,-114.0,-16.0,-508.0,34.0,102.0,-99.0,-448.0,519.0,-483.0
-391.0,-257.0,-38.0,-521.0,9.0,57.0,-20.0,-423.0,520.0,-423.0
-295.0,-407.0,-31.0,-554.0,-5.0,-56.0,3.0,-437.0,515.0,-365.0
-209.0,-506.0,-44.0,-610.0,-12.0,-73.0,-3.0,-452.0,509.0,-317.0
-132.0,-570.0,-57.0,-622.0,-11.0,55.0,-34.0,-498.0,496.0,-291.0
-49.0,-607.0,-77.0,-615.0,-7.0,127.0,-98.0,-423.0,443.0,-295.0
-22.0,-608.0,-77.0,-542.0,-5.0,93.0,-140.0,-363.0,354.0,-311.0
47.0,-583.0,-109.0,-463.0,-19.0,162.0,-171.0,-375.0,271.0,-347.0
93.0,-550.0,-152.0,-354.0,-45.0,227.0,-201.0,-288.0,204.0,-421.0
152.0,-523.0,-162.0,-214.0,-70.0,126.0,-217.0,-424.0,121.0,-498.0
219.0,-501.0,-219.0,-103.0,-87.0,-15.0,-246.0,-400.0,10.0,-579.0
277.0,-447.0,-249.0,30.0,-92.0,30.0,-317.0,-460.0,-91.0,-661.0
333.0,-346.0,-270.0,131.0,-101.0,165.0,-356.0,-655.0,-179.0,-724.0
367.0,-194.0,-272.0,186.0,-122.0,202.0,-358.0,-484.0,-273.0,-794.0
363.0,10.0,-289.0,252.0,-147.0,193.0,-369.0,-548.0,-364.0,-839.0
356.0,237.0,-280.0,352.0,-169.0,234.0,-395.0,-554.0,-436.0,-852.0
360.0,433.0,-286.0,412.0,-188.0,314.0,-457.0,-548.0,-485.0,-859.0
363.0,562.0,-280.0,425.0,-196.0,291.0,-475.0,-735.0,-500.0,-837.0
374.0,608.0,-235.0,474.0,-192.0,237.0,-458.0,-705.0,-485.0,-782.0
335.0,570.0,-231.0,518.0,-168.0,189.0,-455.0,-679.0,-450.0,-694.0
319.0,484.0,-182.0,537.0,-126.0,62.0,-432.0,-526.0,-403.0,-596.0
282.0,391.0,-178.0,506.0,-86.0,-33.0,-414.0,-487.0,-300.0,-509.0
250.0,286.0,-174.0,467.0,-55.0,83.0,-384.0,-461.0,-199.0,-431.0
214.0,149.0,-139.0,432.0,-33.0,293.0,-355.0,-388.0,-154.0,-366.0
178.0,25.0,-139.0,420.0,-13.0,304.0,-362.0,-543.0,-100.0,-311.0
162.0,-46.0,-134.0,415.0,10.0,156.0,-386.0,-598.0,-68.0,-249.0
100.0,-94.0,-124.0,352.0,37.0,95.0,-404.0,-672.0,-74.0,-173.0
81.0,-170.0,-122.0,304.0,62.0,112.0,-430.0,-630.0,-86.0,-108.0
55.0,-289.0,-135.0,249.0,84.0,-1.0,-512.0,-524.0,-100.0,-47.0
33.0,-392.0,-129.0,166.0,93.0,-66.0,-598.0,-454.0,-174.0,3.0
-2.0,-475.0,-114.0,65.0,87.0,36.0,-596.0,-351.0,-270.0,49.0
-41.0,-571.0,-106.0,-53.0,73.0,132.0,-495.0,-456.0,-295.0,78.0
-45.0,-630.0,-86.0,-173.0,57.0,176.0,-372.0,-511.0,-303.0,78.0
-65.0,-604.0,-67.0,-294.0,46.0,129.0,-342.0,-517.0,-324.0,90.0
-89.0,-528.0,-55.0,-414.0,39.0,93.0,-394.0,-524.0,-337.0,86.0
-141.0,-427.0,-58.0,-471.0,47.0,53.0,-467.0,-491.0,-310.0,49.0
-167.0,-293.0,-64.0,-522.0,64.0,-10.0,-534.0,-489.0,-297.0,25.0
-186.0,-119.0,-64.0,-580.0,80.0,2.0,-549.0,-426.0,-292.0,2.0
-228.0,67.0,-72.0,-574.0,87.0,69.0,-500.0,-404.0,-265.0,-37.0
-230.0,166.0,-69.0,-567.0,92.0,119.0,-423.0,-290.0,-255.0,-81.0
-202.0,162.0,-64.0,-535.0,111.0,114.0,-358.0,-266.0,-224.0,-108.0
-190.0,152.0,-63.0,-494.0,125.0,138.0,-294.0,-243.0,-190.0,-104.0
-181.0,168.0,-51.0,-440.0,132.0,104.0,-244.0,-140.0,-156.0,-112.0
-152.0,180.0,-35.0,-380.0,134.0,4.0,-244.0,-291.0,-110.0,-129.0
-129.0,155.0,-46.0,-358.0,127.0,-100.0,-280.0,-299.0,-109.0,-121.0
-121.0,108.0,-48.0,-333.0,124.0,-208.0,-345.0,-352.0,-108.0,-117.0
-99.0,31.0,-55.0,-311.0,121.0,-267.0,-405.0,-351.0,-61.0,-127.0
-88.0,-97.0,-82.0,-256.0,107.0,-265.0,-443.0,-254.0,-13.0,-128.0
-60.0,-236.0,-100.0,-181.0,85.0,-181.0,-437.0,-339.0,7.0,-111.0
-19.0,-324.0,-110.0,-143.0,50.0,-136.0,-358.0,-203.0,23.0,-89.0
-11.0,-330.0,-134.0,-72.0,0.0,-171.0,-295.0,-206.0,48.0,-67.0
-6.0,-309.0,-169.0,76.0,-48.0,-222.0,-260.0,-218.0,49.0,-33.0
-11.0,-307.0,-168.0,207.0,-85.0,-255.0,-252.0,-205.0,36.0,26.0
-8.0,-331.0,-191.0,339.0,-108.0,-297.0,-263.0,-352.0,33.0,86.0
-31.0,-386.0,-203.0,471.0,-112.0,-383.0,-227.0,-476.0,29.0,131.0
-44.0,-442.0,-191.0,553.0,-100.0,-351.0,-213.0,-624.0,20.0,181.0
-56.0,-453.0,-174.0,642.0,-72.0,-179.0,-216.0,-594.0,-3.0,199.0
-75.0,-356.0,-131.0,674.0,-37.0,-141.0,-174.0,-681.0,-22.0,168.0
-75.0,-149.0,-90.0,655.0,-12.0,-202.0,-99.0,-655.0,-37.0,126.0
-103.0,112.0,-28.0,624.0,5.0,-202.0,-24.0,-567.0,-68.0,73.0
-107.0,371.0,17.0,521.0,13.0,-191.0,-9.0,-648.0,-84.0,7.0
-112.0,564.0,96.0,394.0,2.0,-250.0,-32.0,-570.0,-116.0,-77.0
-112.0,627.0,170.0,287.0,-21.0,-377.0,-73.0,-729.0,-165.0,-152.0
-114.0,537.0,222.0,198.0,-45.0,-390.0,-145.0,-764.0,-210.0,-183.0
-136.0,387.0,298.0,93.0,-66.0,-335.0,-199.0,-705.0,-249.0,-225.0
-167.0,220.0,323.0,-10.0,-90.0,-371.0,-193.0,-827.0,-263.0,-261.0
-204.0,69.0,365.0,-87.0,-106.0,-445.0,-148.0,-703.0,-281.0,-271.0
-248.0,29.0,398.0,-161.0,-112.0,-442.0,-62.0,-698.0,-283.0,-274.0
-263.0,141.0,393.0,-190.0,-124.0,-398.0,41.0,-696.0,-268.0,-280.0
-259.0,353.0,403.0,-204.0,-142.0,-434.0,105.0,-596.0,-261.0,-293.0
-257.0,543.0,375.0,-216.0,-160.0,-490.0,126.0,-583.0,-221.0,-263.0
-235.0,604.0,353.0,-245.0,-167.0,-411.0,84.0,-515.0,-166.0,-228.0
-226.0,514.0,300.0,-269.0,-158.0,-328.0,7.0,-502.0,-94.0,-217.0
-205.0,369.0,248.0,-237.0,-137.0,-350.0,-44.0,-430.0,2.0,-171.0
-197.0,229.0,217.0,-209.0,-106.0,-298.0,-52.0,-410.0,96.0,-105.0
-162.0,91.0,132.0,-190.0,-75.0,-214.0,-3.0,-476.0,156.0,-56.0
-130.0,-16.0,73.0,-199.0,-42.0,-225.0,91.0,-652.0,180.0,-16.0
-113.0,-51.0,0.0,-173.0,-11.0,-299.0,207.0,-846.0,209.0,55.0
-119.0,-28.0,-80.0,-153.0,4.0,-269.0,282.0,-848.0,234.0,141.0
-138.0,-7.0,-144.0,-158.0,0.0,-165.0,278.0,-896.0,244.0,168.0
-118.0,-78.0,-194.0,-121.0,-21.0,-162.0,238.0,-800.0,251.0,211.0
-122.0,-276.0,-248.0,-126.0,-46.0,-229.0,181.0,-668.0,231.0,271.0
-106.0,-475.0,-310.0,-108.0,-53.0,-179.0,98.0,-550.0,221.0,285.0
-72.0,-585.0,-328.0,-96.0,-45.0,1.0,40.0,-443.0,199.0,280.0
-9.0,-591.0,-383.0,-108.0,-40.0,42.0,23.0,-526.0,149.0,275.0
31.0,-485.0,-417.0,-86.0,-51.0,-16.0,39.0,-533.0,112.0,276.0
58.0,-310.0,-439.0,-77.0,-73.0,-77.0,95.0,-631.0,82.0,240.0
74.0,-133.0,-465.0,-80.0,-100.0,-77.0,179.0,-594.0,60.0,189.0
96.0,6.0,-488.0,-107.0,-135.0,-25.0,263.0,-550.0,30.0,169.0
89.0,105.0,-510.0,-108.0,-177.0,-1.0,289.0,-554.0,-27.0,141.0
57.0,113.0,-510.0,-89.0,-215.0,25.0,271.0,-291.0,-113.0,75.0
48.0,68.0,-544.0,-78.0,-241.0,60.0,194.0,-203.0,-202.0,17.0
14.0,40.0,-545.0,-91.0,-262.0,122.0,101.0,-31.0,-275.0,-11.0
11.0,-14.0,-567.0,-99.0,-272.0,109.0,52.0,7.0,-342.0,-61.0
-37.0,-97.0,-576.0,-78.0,-260.0,43.0,59.0,-116.0,-375.0,-122.0
-59.0,-117.0,-581.0,-69.0,-237.0,2.0,150.0,-79.0,-396.0,-160.0
-75.0,-68.0,-583.0,-41.0,-212.0,108.0,247.0,-275.0,-459.0,-193.0
-111.0,-30.0,-528.0,-37.0,-185.0,211.0,347.0,-349.0,-515.0,-238.0
-122.0,-40.0,-528.0,-31.0,-155.0,149.0,419.0,-345.0,-570.0,-275.0
-146.0,-121.0,-469.0,0.0,-114.0,139.0,402.0,-330.0,-617.0,-281.0
-160.0,-273.0,-413.0,23.0,-64.0,252.0,305.0,-295.0,-589.0,-271.0
-193.0,-401.0,-375.0,22.0,-20.0,364.0,162.0,-345.0,-538.0,-266.0
-235.0,-400.0,-283.0,51.0,12.0,317.0,30.0,-301.0,-482.0,-234.0
-289.0,-276.0,-196.0,87.0,33.0,242.0,-54.0,-327.0,-428.0,-155.0
-289.0,-149.0,-99.0,47.0,49.0,291.0,-40.0,-279.0,-371.0,-76.0
-289.0,-153.0,-36.0,27.0,64.0,353.0,1.0,-354.0,-302.0,-15.0
-290.0,-315.0,58.0,13.0,77.0,282.0,53.0,-356.0,-268.0,59.0
-289.0,-507.0,120.0,-33.0,92.0,279.0,94.0,-149.0,-233.0,111.0
-295.0,-606.0,158.0,-85.0,111.0,331.0,99.0,-59.0,-151.0,112.0
-286.0,-580.0,231.0,-130.0,143.0,277.0,74.0,168.0,-77.0,87.0
-278.0,-463.0,244.0,-199.0,191.0,272.0,9.0,203.0,6.0,61.0
-257.0,-317.0,270.0,-287.0,244.0,239.0,4.0,192.0,83.0,2.0
-217.0,-133.0,265.0,-337.0,282.0,286.0,37.0,179.0,105.0,-91.0
-156.0,56.0,251.0,-389.0,292.0,285.0,106.0,16.0,128.0,-160.0
-120.0,203.0,246.0,-395.0,282.0,200.0,188.0,-59.0,171.0,-185.0
-77.0,336.0,191.0,-370.0,265.0,187.0,228.0,-229.0,234.0,-173.0
-56.0,488.0,176.0,-350.0,255.0,156.0,203.0,-203.0,278.0,-141.0
-9.0,625.0,123.0,-276.0,253.0,195.0,91.0,-206.0,304.0,-82.0
27.0,676.0,73.0,-155.0,248.0,221.0,-13.0,-284.0,327.0,-32.0
73.0,642.0,25.0,-24.0,226.0,193.0,-93.0,-269.0,341.0,-12.0
127.0,561.0,-47.0,123.0,181.0,32.0,-106.0,-352.0,371.0,11.0
139.0,448.0,-67.0,247.0,125.0,-62.0,-90.0,-208.0,385.0,48.0
154.0,330.0,-147.0,359.0,71.0,42.0,-78.0,-110.0,382.0,97.0
138.0,221.0,-172.0,440.0,24.0,52.0,-57.0,-38.0,368.0,135.0
163.0,83.0,-196.0,478.0,-12.0,-62.0,-51.0,46.0,378.0,171.0
148.0,-81.0,-281.0,514.0,-38.0,-146.0,-20.0,-48.0,367.0,230.0
145.0,-156.0,-311.0,502.0,-34.0,-9.0,4.0,-46.0,318.0,268.0
142.0,-88.0,-378.0,511.0,-7.0,70.0,23.0,-107.0,289.0,264.0
110.0,14.0,-453.0,519.0,24.0,-36.0,8.0,-166.0,249.0,268.0
101.0,82.0,-462.0,504.0,46.0,-91.0,-14.0,-238.0,219.0,269.0
53.0,147.0,-515.0,492.0,47.0,-43.0,-28.0,-297.0,170.0,250.0
19.0,200.0,-531.0,448.0,37.0,41.0,-45.0,-314.0,82.0,248.0
0.0,216.0,-522.0,397.0,9.0,7.0,-29.0,-473.0,18.0,239.0
-17.0,236.0,-553.0,348.0,-33.0,-84.0,6.0,-491.0,-34.0,214.0
-51.0,273.0,-511.0,326.0,-79.0,-95.0,59.0,-487.0,-101.0,202.0
-62.0,272.0,-559.0,291.0,-124.0,-118.0,54.0,-358.0,-176.0,167.0
-73.0,146.0,-534.0,233.0,-166.0,-173.0,30.0,-216.0,-236.0,131.0
-104.0,-125.0,-506.0,204.0,-193.0,-137.0,1.0,-323.0,-275.0,95.0
-139.0,-414.0,-548.0,149.0,-190.0,-154.0,-62.0,-330.0,-321.0,48.0
-138.0,-561.0,-470.0,115.0,-166.0,-196.0,-73.0,-336.0,-371.0,24.0
-117.0,-574.0,-465.0,140.0,-130.0,-155.0,-62.0,-275.0,-399.0,-15.0
-117.0,-531.0,-415.0,148.0,-98.0,-127.0,-10.0,-155.0,-404.0,-56.0
-110.0,-400.0,-376.0,147.0,-82.0,-61.0,69.0,-120.0,-402.0,-104.0
-100.0,-104.0,-344.0,141.0,-77.0,-85.0,132.0,-131.0,-402.0,-158.0
-88.0,348.0,-275.0,115.0,-77.0,-189.0,202.0,-151.0,-359.0,-194.0
-100.0,793.0,-257.0,51.0,-74.0,-238.0,219.0,-11.0,-299.0,-215.0
-81.0,1061.0,-157.0,-45.0,-72.0,-242.0,221.0,-48.0,-246.0,-192.0
-60.0,1149.0,-115.0,-151.0,-77.0,-190.0,258.0,-73.0,-176.0,-170.0
-23.0,1091.0,-47.0,-249.0,-82.0,-171.0,258.0,-118.0,-99.0,-137.0
2.0,837.0,34.0,-339.0,-75.0,-171.0,253.0,-328.0,-2.0,-101.0
2.0,396.0,68.0,-407.0,-53.0,-187.0,260.0,-230.0,80.0,-82.0
17.0,-59.0,154.0,-467.0,-29.0,-239.0,268.0,-256.0,160.0,-74.0
23.0,-422.0,164.0,-522.0,-21.0,-280.0,292.0,-182.0,263.0,-108.0
25.0,-721.0,203.0,-544.0,-17.0,-308.0,295.0,-38.0,349.0,-131.0
41.0,-945.0,223.0,-539.0,-18.0,-287.0,289.0,-133.0,410.0,-163.0
84.0,-1026.0,221.0,-522.0,-8.0,-214.0,271.0,-140.0,454.0,-201.0
99.0,-930.0,244.0,-506.0,21.0,-112.0,244.0,-284.0,459.0,-227.0
120.0,-709.0,249.0,-497.0,58.0,-79.0,229.0,-179.0,410.0,-235.0
123.0,-450.0,264.0,-501.0,94.0,-150.0,236.0,1.0,343.0,-215.0
124.0,-270.0,251.0,-490.0,117.0,-199.0,250.0,120.0,272.0,-201.0
101.0,-203.0,245.0,-491.0,138.0,-199.0,251.0,290.0,185.0,-152.0
74.0,-134.0,224.0,-498.0,159.0,-196.0,274.0,184.0,108.0,-59.0
37.0,-2.0,215.0,-486.0,178.0,-204.0,288.0,73.0,43.0,71.0
-20.0,98.0,179.0,-476.0,189.0,-119.0,319.0,-59.0,-19.0,207.0
-49.0,65.0,188.0,-466.0,178.0,-7.0,350.0,-51.0,-92.0,354.0
-108.0,-57.0,162.0,-444.0,151.0,22.0,352.0,-16.0,-181.0,524.0
-137.0,-96.0,144.0,-425.0,123.0,52.0,359.0,-59.0,-294.0,670.0
-191.0,-32.0,177.0,-376.0,99.0,27.0,299.0,-81.0,-404.0,815.0
-216.0,-95.0,107.0,-308.0,76.0,5.0,213.0,-160.0,-474.0,943.0
-236.0,-315.0,138.0,-258.0,47.0,-13.0,137.0,-57.0,-520.0,1068.0
-252.0,-481.0,86.0,-204.0,6.0,-18.0,81.0,-40.0,-546.0,1161.0
-223.0,-541.0,50.0,-161.0,-44.0,36.0,69.0,60.0,-569.0,1227.0
-215.0,-568.0,89.0,-117.0,-103.0,21.0,92.0,230.0,-593.0,1290.0
-194.0,-541.0,-16.0,-86.0,-156.0,38.0,171.0,293.0,-585.0,1324.0
-181.0,-401.0,4.0,-62.0,-189.0,150.0,232.0,509.0,-562.0,1346.0
-136.0,-221.0,2.0,-28.0,-202.0,267.0,263.0,441.0,-530.0,1335.0
-101.0,-109.0,-49.0,-5.0,-202.0,279.0,249.0,291.0,-482.0,1325.0
-85.0,-33.0,-23.0,-16.0,-208.0,239.0,187.0,234.0,-401.0,1286.0
-79.0,91.0,-55.0,-34.0,-218.0,271.0,113.0,86.0,-290.0,1200.0
-83.0,203.0,-63.0,-38.0,-224.0,303.0,25.0,20.0,-187.0,1132.0
-86.0,231.0,-76.0,-36.0,-221.0,270.0,-29.0,1.0,-107.0,1056.0
-83.0,231.0,-85.0,-34.0,-211.0,175.0,-66.0,144.0,-11.0,959.0
-90.0,191.0,-78.0,-27.0,-180.0,171.0,-67.0,229.0,104.0,851.0
-94.0,34.0,-85.0,-25.0,-118.0,205.0,-17.0,247.0,174.0,750.0
-111.0,-166.0,-81.0,-3.0,-38.0,167.0,54.0,260.0,225.0,627.0
-133.0,-230.0,-77.0,42.0,44.0,158.0,116.0,182.0,245.0,461.0
-127.0,-135.0,-87.0,70.0,111.0,177.0,129.0,260.0,217.0,291.0
-144.0,-29.0,-99.0,138.0,156.0,143.0,92.0,151.0,201.0,122.0
-156.0,-1.0,-78.0,203.0,181.0,125.0,27.0,107.0,180.0,-41.0
-177.0,11.0,-70.0,233.0,185.0,198.0,-47.0,208.0,124.0,-206.0
-182.0,45.0,-57.0,262.0,172.0,185.0,-102.0,245.0,71.0,-364.0
-207.0,45.0,-26.0,274.0,156.0,105.0,-104.0,393.0,64.0,-493.0
-205.0,35.0,-22.0,267.0,142.0,81.0,-51.0,319.0,82.0,-629.0
-189.0,143.0,-43.0,227.0,125.0,137.0,5.0,312.0,105.0,-746.0
-182.0,406.0,-25.0,207.0,108.0,187.0,2.0,323.0,126.0,-812.0
-148.0,730.0,-44.0,202.0,81.0,81.0,-42.0,273.0,150.0,-869.0
-159.0,933.0,-50.0,201.0,36.0,77.0,-105.0,266.0,168.0,-908.0
-154.0,862.0,-27.0,196.0,-16.0,200.0,-167.0,227.0,165.0,-900.0
-171.0,577.0,-41.0,165.0,-60.0,147.0,-195.0,371.0,181.0,-854.0
-178.0,225.0,13.0,134.0,-76.0,22.0,-188.0,371.0,192.0,-814.0
-162.0,-119.0,0.0,134.0,-62.0,13.0,-152.0,410.0,180.0,-759.0
-160.0,-399.0,21.0,141.0,-32.0,78.0,-109.0,511.0,185.0,-673.0
-154.0,-528.0,59.0,112.0,3.0,77.0,-96.0,556.0,227.0,-576.0
-142.0,-477.0,52.0,91.0,41.0,37.0,-125.0,593.0,263.0,-506.0
-112.0,-326.0,96.0,85.0,69.0,52.0,-193.0,386.0,293.0,-423.0
-82.0,-151.0,70.0,62.0,84.0,56.0,-255.0,312.0,334.0,-283.0
-75.0,38.0,94.0,66.0,97.0,-6.0,-297.0,321.0,365.0,-160.0
-40.0,280.0,80.0,79.0,113.0,-79.0,-319.0,371.0,418.0,-64.0
4.0,538.0,67.0,67.0,122.0,-77.0,-306.0,371.0,456.0,33.0
23.0,682.0,110.0,51.0,113.0,-20.0,-272.0,310.0,458.0,144.0
49.0,724.0,68.0,32.0,91.0,-6.0,-232.0,423.0,447.0,224.0
37.0,771.0,86.0,33.0,60.0,3.0,-202.0,413.0,418.0,286.0
73.0,767.0,72.0,8.0,23.0,73.0,-157.0,561.0,392.0,392.0
73.0,580.0,64.0,-10.0,-15.0,90.0,-98.0,602.0,352.0,483.0
94.0,269.0,56.0,10.0,-48.0,51.0,-43.0,445.0,301.0,538.0
143.0,-19.0,38.0,-16.0,-58.0,75.0,13.0,522.0,267.0,584.0
180.0,-248.0,61.0,-54.0,-53.0,134.0,65.0,402.0,245.0,615.0
253.0,-396.0,28.0,-82.0,-39.0,127.0,73.0,397.0,211.0,609.0
268.0,-461.0,40.0,-109.0,-18.0,113.0,19.0,419.0,164.0,567.0
338.0,-484.0,-2.0,-107.0,2.0,77.0,-60.0,317.0,121.0,538.0
356.0,-459.0,-10.0,-65.0,18.0,25.0,-145.0,437.0,80.0,516.0
374.0,-393.0,-28.0,-33.0,27.0,106.0,-180.0,498.0,67.0,456.0
407.0,-342.0,-57.0,56.0,39.0,156.0,-177.0,637.0,43.0,406.0
419.0,-302.0,-43.0,167.0,51.0,161.0,-160.0,735.0,-1.0,378.0
470.0,-236.0,-75.0,221.0,60.0,115.0,-127.0,672.0,-38.0,347.0
473.0,-144.0,-72.0,274.0,66.0,58.0,-115.0,526.0,-57.0,318.0
470.0,-63.0,-91.0,283.0,80.0,198.0,-117.0,358.0,-96.0,296.0
478.0,-14.0,-76.0,309.0,89.0,222.0,-115.0,328.0,-161.0,279.0
463.0,-14.0,-95.0,319.0,83.0,89.0,-89.0,369.0,-215.0,258.0
413.0,-42.0,-76.0,283.0,82.0,4.0,-44.0,489.0,-259.0,228.0
357.0,-45.0,-90.0,258.0,78.0,31.0,-6.0,325.0,-290.0,193.0
312.0,-49.0,-111.0,210.0,72.0,93.0,6.0,157.0,-309.0,183.0
286.0,-121.0,-87.0,134.0,69.0,-8.0,-9.0,164.0,-326.0,179.0
184.0,-277.0,-132.0,30.0,71.0,-38.0,-49.0,81.0,-348.0,194.0
144.0,-466.0,-83.0,-93.0,89.0,65.0,-71.0,171.0,-360.0,261.0
114.0,-632.0,-83.0,-179.0,117.0,107.0,-46.0,153.0,-392.0,345.0
69.0,-711.0,-87.0,-248.0,135.0,123.0,-10.0,181.0,-412.0,413.0
47.0,-623.0,-43.0,-315.0,131.0,157.0,23.0,273.0,-405.0,497.0
-13.0,-399.0,-45.0,-358.0,109.0,217.0,59.0,240.0,-404.0,583.0
-20.0,-158.0,-20.0,-386.0,82.0,236.0,74.0,363.0,-399.0,620.0
-68.0,41.0,-3.0,-356.0,64.0,175.0,51.0,365.0,-410.0,621.0
-88.0,248.0,22.0,-304.0,65.0,37.0,-3.0,382.0,-401.0,606.0
-125.0,479.0,33.0,-258.0,81.0,-79.0,-88.0,389.0,-403.0,591.0
-142.0,653.0,58.0,-204.0,90.0,-73.0,-145.0,290.0,-414.0,566.0
-175.0,723.0,107.0,-159.0,75.0,-4.0,-143.0,260.0,-401.0,533.0
-216.0,723.0,69.0,-130.0,42.0,79.0,-104.0,212.0,-386.0,505.0
-181.0,663.0,119.0,-113.0,3.0,91.0,-14.0,232.0,-360.0,472.0
-184.0,553.0,123.0,-102.0,-32.0,51.0,93.0,210.0,-349.0,441.0
-201.0,489.0,80.0,-116.0,-74.0,29.0,186.0,306.0,-328.0,418.0
-224.0,516.0,149.0,-145.0,-126.0,28.0,225.0,384.0,-292.0,405.0
-219.0,493.0,102.0,-181.0,-161.0,1.0,202.0,319.0,-246.0,382.0
-214.0,246.0,116.0,-228.0,-171.0,-113.0,172.0,273.0,-186.0,372.0
-194.0,-162.0,140.0,-286.0,-157.0,-102.0,135.0,79.0,-131.0,381.0
-175.0,-517.0,139.0,-324.0,-137.0,-102.0,83.0,101.0,-85.0,381.0
-145.0,-714.0,160.0,-348.0,-133.0,-232.0,25.0,97.0,-21.0,378.0
-159.0,-761.0,150.0,-357.0,-142.0,-230.0,-6.0,127.0,62.0,370.0
-176.0,-752.0,205.0,-325.0,-142.0,-189.0,11.0,389.0,111.0,381.0
-202.0,-769.0,193.0,-305.0,-109.0,-157.0,42.0,334.0,139.0,375.0
-213.0,-857.0,232.0,-282.0,-45.0,-159.0,51.0,282.0,148.0,354.0
-195.0,-1026.0,265.0,-256.0,22.0,-75.0,83.0,194.0,153.0,342.0
-202.0,-1190.0,264.0,-242.0,57.0,104.0,136.0,221.0,171.0,302.0
-161.0,-1281.0,312.0,-220.0,44.0,64.0,147.0,378.0,181.0,235.0
-156.0,-1294.0,314.0,-190.0,-4.0,-57.0,141.0,395.0,205.0,168.0
-151.0,-1237.0,344.0,-166.0,-60.0,-30.0,129.0,497.0,234.0,132.0
-161.0,-1066.0,374.0,-166.0,-89.0,-6.0,112.0,312.0,223.0,105.0
-130.0,-773.0,380.0,-168.0,-90.0,-156.0,139.0,186.0,213.0,84.0
-113.0,-459.0,379.0,-175.0,-70.0,-254.0,194.0,188.0,222.0,85.0
-104.0,-173.0,367.0,-171.0,-53.0,-86.0,302.0,242.0,221.0,90.0
-69.0,40.0,365.0,-147.0,-42.0,143.0,414.0,469.0,205.0,82.0
-59.0,80.0,364.0,-171.0,-33.0,229.0,452.0,561.0,190.0,70.0
-15.0,-26.0,349.0,-231.0,-32.0,207.0,446.0,703.0,163.0,82.0
4.0,-70.0,341.0,-247.0,-46.0,235.0,386.0,707.0,134.0,84.0
15.0,34.0,315.0,-231.0,-78.0,214.0,316.0,692.0,104.0,71.0
8.0,132.0,290.0,-198.0,-111.0,96.0,253.0,698.0,47.0,93.0
22.0,101.0,265.0,-161.0,-133.0,152.0,188.0,550.0,-4.0,126.0
25.0,-14.0,216.0,-182.0,-137.0,194.0,175.0,465.0,-18.0,128.0
42.0,-80.0,165.0,-188.0,-128.0,148.0,191.0,330.0,-17.0,125.0
44.0,-8.0,103.0,-173.0,-121.0,123.0,216.0,456.0,-12.0,125.0
69.0,199.0,68.0,-155.0,-119.0,175.0,252.0,694.0,-16.0,118.0
85.0,447.0,24.0,-113.0,-120.0,298.0,271.0,752.0,-32.0,100.0
93.0,649.0,-34.0,-87.0,-134.0,175.0,252.0,800.0,-67.0,82.0
133.0,792.0,-61.0,-36.0,-156.0,41.0,216.0,855.0,-99.0,79.0
120.0,854.0,-94.0,27.0,-179.0,57.0,174.0,1031.0,-117.0,76.0
162.0,813.0,-144.0,86.0,-211.0,125.0,104.0,875.0,-151.0,50.0
187.0,667.0,-162.0,136.0,-243.0,130.0,73.0,498.0,-178.0,44.0
206.0,391.0,-184.0,184.0,-260.0,23.0,82.0,369.0,-198.0,59.0
205.0,4.0,-193.0,222.0,-252.0,0.0,110.0,458.0,-223.0,55.0
215.0,-394.0,-182.0,248.0,-231.0,-15.0,183.0,617.0,-243.0,66.0
221.0,-731.0,-205.0,306.0,-205.0,-2.0,225.0,618.0,-252.0,106.0
210.0,-1040.0,-188.0,389.0,-165.0,39.0,224.0,763.0,-244.0,124.0
217.0,-1330.0,-180.0,470.0,-111.0,68.0,222.0,630.0,-222.0,129.0
217.0,-1509.0,-178.0,520.0,-49.0,139.0,229.0,389.0,-177.0,137.0
242.0,-1493.0,-160.0,563.0,8.0,221.0,231.0,631.0,-121.0,152.0
209.0,-1218.0,-153.0,546.0,58.0,232.0,239.0,735.0,-48.0,171.0
192.0,-746.0,-145.0,501.0,101.0,132.0,236.0,602.0,40.0,168.0
194.0,-286.0,-110.0,528.0,137.0,123.0,229.0,436.0,114.0,170.0
191.0,0.0,-104.0,529.0,159.0,219.0,231.0,585.0,189.0,198.0
183.0,116.0,-95.0,537.0,166.0,294.0,201.0,618.0,262.0,231.0
186.0,218.0,-73.0,584.0,164.0,277.0,226.0,485.0,322.0,266.0
187.0,411.0,-107.0,591.0,161.0,196.0,292.0,716.0,368.0,331.0
224.0,596.0,-89.0,564.0,153.0,203.0,335.0,763.0,409.0,405.0
268.0,651.0,-99.0,535.0,129.0,252.0,352.0,731.0,448.0,437.0
292.0,681.0,-119.0,517.0,90.0,279.0,359.0,596.0,465.0,434.0
329.0,786.0,-113.0,477.0,35.0,315.0,375.0,565.0,453.0,420.0
313.0,923.0,-137.0,446.0,-11.0,348.0,362.0,667.0,417.0,392.0
338.0,995.0,-129.0,403.0,-33.0,289.0,327.0,371.0,381.0,333.0
309.0,949.0,-138.0,325.0,-25.0,200.0,272.0,303.0,348.0,263.0
272.0,873.0,-132.0,282.0,6.0,219.0,233.0,229.0,341.0,228.0
235.0,879.0,-113.0,227.0,45.0,225.0,194.0,35.0,364.0,179.0
183.0,932.0,-98.0,152.0,87.0,118.0,157.0,107.0,375.0,105.0
149.0,882.0,-61.0,96.0,135.0,5.0,148.0,31.0,372.0,81.0
69.0,700.0,-29.0,20.0,190.0,52.0,142.0,-36.0,364.0,70.0
36.0,456.0,19.0,-78.0,240.0,112.0,176.0,16.0,352.0,43.0
-37.0,187.0,43.0,-169.0,275.0,-60.0,209.0,27.0,338.0,28.0
-91.0,-38.0,77.0,-257.0,299.0,-89.0,241.0,-114.0,315.0,26.0
-141.0,-64.0,104.0,-303.0,318.0,116.0,267.0,-195.0,276.0,27.0
-186.0,172.0,143.0,-328.0,333.0,155.0,255.0,5.0,242.0,-1.0
-216.0,513.0,196.0,-364.0,347.0,80.0,249.0,229.0,229.0,-37.0
-279.0,776.0,201.0,-385.0,356.0,47.0,226.0,349.0,223.0,-46.0
-327.0,888.0,257.0,-418.0,356.0,65.0,186.0,194.0,219.0,-65.0
-392.0,897.0,226.0,-437.0,345.0,21.0,163.0,127.0,210.0,-122.0
-413.0,910.0,201.0,-449.0,329.0,-64.0,138.0,35.0,194.0,-160.0
-436.0,943.0,211.0,-484.0,309.0,-47.0,114.0,-225.0,190.0,-178.0
-459.0,900.0,125.0,-515.0,283.0,62.0,99.0,-188.0,205.0,-220.0
-470.0,720.0,116.0,-507.0,252.0,129.0,102.0,-127.0,226.0,-266.0
-480.0,474.0,105.0,-470.0,214.0,129.0,128.0,64.0,246.0,-288.0
-490.0,185.0,70.0,-442.0,167.0,176.0,173.0,275.0,254.0,-311.0
-511.0,-164.0,78.0,-387.0,114.0,228.0,204.0,271.0,276.0,-376.0
-514.0,-497.0,62.0,-296.0,64.0,234.0,210.0,279.0,310.0,-417.0
-509.0,-749.0,67.0,-228.0,15.0,189.0,210.0,312.0,317.0,-425.0
-484.0,-996.0,88.0,-191.0,-35.0,177.0,179.0,436.0,323.0,-443.0
-475.0,-1261.0,77.0,-147.0,-82.0,212.0,118.0,482.0,325.0,-447.0
-431.0,-1335.0,109.0,-116.0,-118.0,201.0,93.0,556.0,322.0,-430.0
-389.0,-1116.0,126.0,-87.0,-152.0,146.0,93.0,668.0,319.0,-389.0
-352.0,-745.0,132.0,-48.0,-207.0,131.0,66.0,631.0,296.0,-374.0
-299.0,-366.0,159.0,-45.0,-271.0,84.0,62.0,504.0,263.0,-396.0
-290.0,-5.0,169.0,-50.0,-313.0,14.0,95.0,412.0,218.0,-405.0
-254.0,341.0,180.0,-54.0,-326.0,28.0,126.0,478.0,207.0,-441.0
-226.0,623.0,178.0,-36.0,-314.0,35.0,146.0,354.0,205.0,-530.0
-180.0,780.0,187.0,-3.0,-275.0,39.0,115.0,229.0,161.0,-618.0
-147.0,748.0,172.0,18.0,-213.0,-29.0,43.0,229.0,133.0,-683.0
-104.0,551.0,172.0,69.0,-141.0,2.0,-33.0,162.0,99.0,-738.0
-44.0,276.0,177.0,126.0,-81.0,73.0,-90.0,308.0,47.0,-790.0
-36.0,-57.0,174.0,175.0,-46.0,17.0,-105.0,312.0,15.0,-785.0
0.0,-494.0,197.0,238.0,-22.0,38.0,-79.0,303.0,1.0,-730.0
-8.0,-929.0,197.0,313.0,-6.0,22.0,-15.0,415.0,-22.0,-685.0
-14.0,-1166.0,208.0,350.0,1.0,-25.0,27.0,480.0,-89.0,-627.0
-40.0,-1244.0,200.0,380.0,11.0,-56.0,38.0,641.0,-173.0,-529.0
-46.0,-1285.0,196.0,411.0,25.0,-79.0,45.0,498.0,-255.0,-434.0
-19.0,-1280.0,189.0,425.0,36.0,-21.0,16.0,441.0,-325.0,-364.0
-19.0,-1155.0,174.0,456.0,42.0,35.0,-7.0,513.0,-378.0,-286.0
19.0,-886.0,174.0,447.0,47.0,-11.0,-9.0,447.0,-394.0,-236.0
17.0,-561.0,166.0,419.0,44.0,-52.0,-42.0,487.0,-374.0,-233.0
34.0,-251.0,157.0,417.0,18.0,-87.0,-66.0,391.0,-335.0,-257.0
42.0,-12.0,138.0,395.0,-28.0,-156.0,-54.0,356.0,-287.0,-272.0
38.0,117.0,151.0,366.0,-72.0,-182.0,-32.0,238.0,-262.0,-271.0
25.0,191.0,112.0,338.0,-97.0,-124.0,13.0,51.0,-238.0,-310.0
25.0,250.0,80.0,301.0,-100.0,-121.0,48.0,33.0,-220.0,-354.0
40.0,280.0,68.0,252.0,-78.0,-291.0,65.0,14.0,-203.0,-343.0
28.0,314.0,2.0,229.0,-42.0,-303.0,87.0,240.0,-175.0,-318.0
60.0,341.0,-16.0,197.0,-1.0,-228.0,53.0,393.0,-161.0,-332.0
62.0,262.0,-51.0,139.0,27.0,-285.0,-34.0,424.0,-151.0,-312.0
87.0,96.0,-100.0,103.0,27.0,-432.0,-109.0,419.0,-159.0,-238.0
100.0,38.0,-106.0,27.0,-6.0,-496.0,-171.0,376.0,-203.0,-160.0
119.0,158.0,-126.0,-39.0,-54.0,-387.0,-164.0,476.0,-262.0,-82.0
129.0,277.0,-149.0,-103.0,-66.0,-436.0,-72.0,400.0,-323.0,25.0
146.0,262.0,-163.0,-153.0,-41.0,-557.0,3.0,334.0,-382.0,169.0
208.0,152.0,-186.0,-183.0,1.0,-538.0,56.0,310.0,-437.0,280.0
220.0,-2.0,-194.0,-232.0,49.0,-499.0,79.0,269.0,-482.0,404.0
245.0,-134.0,-205.0,-197.0,94.0,-529.0,76.0,243.0,-496.0,555.0
254.0,-106.0,-178.0,-166.0,127.0,-521.0,44.0,171.0,-484.0,687.0
257.0,115.0,-161.0,-136.0,128.0,-424.0,-24.0,258.0,-450.0,793.0
230.0,413.0,-145.0,-100.0,98.0,-365.0,-68.0,317.0,-380.0,894.0
194.0,615.0,-62.0,-84.0,64.0,-369.0,-52.0,432.0,-272.0,1010.0
146.0,615.0,-43.0,-57.0,41.0,-395.0,3.0,437.0,-142.0,1087.0
97.0,475.0,4.0,-18.0,30.0,-400.0,63.0,448.0,0.0,1143.0
76.0,284.0,89.0,44.0,27.0,-422.0,119.0,606.0,141.0,1207.0
46.0,66.0,134.0,47.0,26.0,-455.0,134.0,596.0,265.0,1271.0
32.0,-127.0,211.0,25.0,25.0,-419.0,101.0,703.0,356.0,1313.0
-5.0,-205.0,271.0,20.0,14.0,-360.0,53.0,624.0,455.0,1342.0
-31.0,-151.0,321.0,22.0,-16.0,-423.0,-9.0,454.0,578.0,1396.0
-69.0,-63.0,388.0,35.0,-48.0,-471.0,-58.0,354.0,666.0,1435.0
-90.0,-57.0,420.0,45.0,-62.0,-381.0,-57.0,186.0,708.0,1440.0
-124.0,-178.0,447.0,76.0,-52.0,-361.0,-32.0,251.0,711.0,1436.0
-151.0,-356.0,465.0,110.0,-36.0,-419.0,-7.0,219.0,666.0,1421.0
-154.0,-463.0,459.0,143.0,-27.0,-400.0,51.0,186.0,566.0,1349.0
-181.0,-396.0,475.0,173.0,-20.0,-328.0,109.0,182.0,483.0,1219.0
-193.0,-192.0,479.0,201.0,-19.0,-364.0,137.0,203.0,472.0,1086.0
-234.0,27.0,475.0,224.0,-10.0,-429.0,142.0,338.0,465.0,929.0
-249.0,262.0,475.0,234.0,9.0,-375.0,100.0,351.0,422.0,757.0
-286.0,575.0,449.0,256.0,39.0,-305.0,40.0,426.0,354.0,604.0
-326.0,953.0,409.0,272.0,83.0,-237.0,4.0,369.0,309.0,463.0
-346.0,1273.0,381.0,297.0,126.0,-156.0,-12.0,280.0,294.0,326.0
-347.0,1426.0,297.0,328.0,158.0,-30.0,-5.0,168.0,263.0,179.0
-323.0,1399.0,243.0,319.0,183.0,9.0,32.0,-90.0,252.0,43.0
-303.0,1271.0,233.0,300.0,207.0,-119.0,81.0,-97.0,266.0,-41.0
-281.0,1145.0,155.0,271.0,220.0,-166.0,132.0,-79.0,228.0,-133.0
-267.0,1033.0,158.0,269.0,225.0,-129.0,171.0,38.0,104.0,-225.0
-220.0,966.0,136.0,245.0,219.0,-87.0,202.0,149.0,-21.0,-293.0
-186.0,1024.0,93.0,199.0,205.0,-75.0,239.0,129.0,-68.0,-383.0
-144.0,1168.0,127.0,173.0,186.0,-25.0,261.0,177.0,-84.0,-488.0
-117.0,1238.0,109.0,139.0,159.0,27.0,266.0,40.0,-132.0,-597.0
-88.0,1151.0,116.0,138.0,140.0,-3.0,235.0,9.0,-216.0,-672.0
-67.0,943.0,148.0,119.0,123.0,45.0,180.0,22.0,-288.0,-731.0
-56.0,706.0,148.0,94.0,100.0,95.0,125.0,-1.0,-336.0,-804.0
-19.0,477.0,184.0,74.0,63.0,135.0,85.0,-42.0,-387.0,-856.0
-6.0,167.0,207.0,20.0,17.0,139.0,84.0,-129.0,-419.0,-883.0
42.0,-260.0,186.0,-20.0,-19.0,75.0,123.0,68.0,-446.0,-917.0
81.0,-648.0,216.0,-20.0,-54.0,49.0,194.0,264.0,-470.0,-952.0
98.0,-865.0,212.0,9.0,-92.0,7.0,255.0,395.0,-443.0,-938.0
93.0,-925.0,180.0,30.0,-135.0,-14.0,278.0,332.0,-366.0,-907.0
67.0,-875.0,178.0,43.0,-161.0,43.0,250.0,142.0,-295.0,-881.0
53.0,-787.0,139.0,51.0,-149.0,106.0,200.0,16.0,-247.0,-833.0
34.0,-749.0,105.0,50.0,-115.0,75.0,155.0,-173.0,-181.0,-775.0
39.0,-797.0,78.0,70.0,-74.0,14.0,124.0,-131.0,-96.0,-708.0
47.0,-883.0,24.0,115.0,-42.0,39.0,109.0,-57.0,-30.0,-639.0
44.0,-944.0,-3.0,148.0,-20.0,135.0,114.0,77.0,-5.0,-570.0
38.0,-934.0,-26.0,158.0,-16.0,149.0,139.0,201.0,9.0,-496.0
42.0,-804.0,-62.0,178.0,-37.0,77.0,155.0,179.0,64.0,-438.0
50.0,-572.0,-49.0,197.0,-72.0,35.0,165.0,279.0,121.0,-417.0
59.0,-341.0,-78.0,183.0,-104.0,8.0,171.0,271.0,119.0,-414.0
99.0,-240.0,-84.0,158.0,-119.0,13.0,168.0,339.0,76.0,-440.0
121.0,-285.0,-86.0,163.0,-117.0,41.0,158.0,317.0,52.0,-522.0
133.0,-331.0,-117.0,179.0,-103.0,102.0,172.0,169.0,62.0,-614.0
164.0,-262.0,-89.0,184.0,-88.0,151.0,200.0,266.0,73.0,-713.0
166.0,-82.0,-113.0,217.0,-80.0,158.0,199.0,286.0,66.0,-826.0
190.0,121.0,-101.0,228.0,-85.0,166.0,189.0,376.0,52.0,-936.0
220.0,270.0,-84.0,258.0,-93.0,185.0,182.0,424.0,74.0,-1018.0
245.0,337.0,-94.0,340.0,-91.0,222.0,197.0,286.0,142.0,-1045.0
248.0,337.0,-93.0,385.0,-87.0,210.0,222.0,153.0,184.0,-1058.0
239.0,348.0,-75.0,427.0,-88.0,200.0,201.0,20.0,182.0,-1032.0
247.0,422.0,-79.0,437.0,-83.0,162.0,163.0,49.0,181.0,-949.0
233.0,474.0,-85.0,416.0,-68.0,73.0,126.0,14.0,183.0,-846.0
246.0,435.0,-39.0,398.0,-53.0,6.0,94.0,-14.0,153.0,-725.0
247.0,370.0,-79.0,346.0,-34.0,-31.0,76.0,-62.0,74.0,-602.0
218.0,324.0,-32.0,275.0,0.0,-28.0,71.0,-151.0,2.0,-467.0
167.0,191.0,-31.0,207.0,52.0,-26.0,105.0,9.0,-25.0,-323.0
113.0,-84.0,-29.0,159.0,104.0,-20.0,163.0,182.0,-40.0,-191.0
60.0,-394.0,33.0,122.0,145.0,-71.0,210.0,286.0,-92.0,-49.0
8.0,-658.0,-1.0,79.0,166.0,-187.0,264.0,136.0,-181.0,91.0
-26.0,-854.0,80.0,27.0,173.0,-266.0,333.0,-24.0,-265.0,208.0
-49.0,-896.0,80.0,-10.0,173.0,-286.0,347.0,-72.0,-322.0,339.0
-83.0,-758.0,87.0,-48.0,163.0,-356.0,311.0,-221.0,-356.0,478.0
-120.0,-618.0,104.0,-72.0,164.0,-440.0,232.0,-125.0,-383.0,613.0
-139.0,-591.0,59.0,-86.0,166.0,-337.0,136.0,-86.0,-398.0,729.0
-180.0,-634.0,80.0,-118.0,168.0,-223.0,105.0,-18.0,-422.0,816.0
-206.0,-716.0,27.0,-128.0,158.0,-290.0,104.0,60.0,-456.0,890.0
-245.0,-832.0,40.0,-144.0,128.0,-440.0,148.0,-64.0,-475.0,921.0
-235.0,-936.0,17.0,-163.0,106.0,-436.0,204.0,-42.0,-472.0,923.0
-246.0,-901.0,-20.0,-145.0,78.0,-320.0,255.0,-97.0,-422.0,903.0
-281.0,-719.0,19.0,-100.0,48.0,-383.0,307.0,0.0,-340.0,875.0
-282.0,-556.0,-34.0,-54.0,17.0,-526.0,300.0,110.0,-246.0,857.0
-309.0,-525.0,-20.0,-29.0,-16.0,-531.0,246.0,136.0,-151.0,837.0
-314.0,-588.0,2.0,-30.0,-35.0,-424.0,182.0,234.0,-60.0,833.0
-337.0,-608.0,-16.0,-59.0,-47.0,-396.0,174.0,151.0,29.0,841.0
-319.0,-506.0,28.0,-86.0,-59.0,-383.0,210.0,153.0,99.0,842.0
-292.0,-324.0,3.0,-107.0,-66.0,-254.0,263.0,53.0,150.0,828.0
-250.0,-158.0,-11.0,-109.0,-62.0,-135.0,311.0,35.0,203.0,834.0
-231.0,-11.0,-4.0,-106.0,-47.0,-146.0,306.0,35.0,282.0,843.0
-219.0,188.0,-32.0,-121.0,-33.0,-172.0,238.0,-68.0,324.0,823.0
-179.0,468.0,-13.0,-124.0,-15.0,-62.0,101.0,36.0,314.0,805.0
-162.0,790.0,-1.0,-121.0,5.0,-15.0,-34.0,-79.0,279.0,812.0
-106.0,1035.0,0.0,-117.0,34.0,-94.0,-109.0,-190.0,246.0,794.0
-78.0,1147.0,8.0,-130.0,55.0,-141.0,-92.0,-384.0,255.0,733.0
-37.0,1173.0,-1.0,-136.0,65.0,-141.0,-3.0,-559.0,249.0,681.0
-5.0,1173.0,-3.0,-105.0,68.0,-215.0,109.0,-376.0,205.0,596.0
11.0,1157.0,-1.0,-62.0,56.0,-308.0,179.0,-129.0,171.0,463.0
58.0,1049.0,-3.0,-31.0,44.0,-195.0,156.0,297.0,181.0,306.0
92.0,790.0,4.0,-10.0,22.0,-112.0,76.0,421.0,212.0,154.0
123.0,409.0,8.0,0.0,2.0,-196.0,-23.0,371.0,217.0,-6.0
153.0,-7.0,19.0,28.0,-3.0,-213.0,-116.0,277.0,187.0,-179.0
157.0,-357.0,45.0,37.0,-3.0,-160.0,-176.0,-77.0,127.0,-306.0
157.0,-581.0,78.0,3.0,4.0,-196.0,-190.0,-145.0,70.0,-400.0
163.0,-736.0,96.0,6.0,11.0,-298.0,-171.0,-166.0,19.0,-496.0
155.0,-892.0,142.0,27.0,14.0,-227.0,-146.0,-153.0,-41.0,-590.0
136.0,-1008.0,193.0,53.0,11.0,-131.0,-121.0,-99.0,-91.0,-667.0
126.0,-1000.0,231.0,93.0,5.0,-194.0,-126.0,-48.0,-139.0,-740.0
147.0,-816.0,290.0,124.0,0.0,-217.0,-151.0,160.0,-173.0,-827.0
134.0,-426.0,307.0,161.0,-7.0,-81.0,-199.0,171.0,-130.0,-890.0
130.0,100.0,338.0,188.0,-11.0,0.0,-260.0,201.0,-65.0,-894.0
125.0,604.0,359.0,202.0,-16.0,-131.0,-271.0,142.0,-49.0,-878.0
115.0,916.0,368.0,215.0,-10.0,-162.0,-233.0,-79.0,-43.0,-849.0
112.0,957.0,392.0,233.0,0.0,11.0,-138.0,-238.0,4.0,-766.0
107.0,791.0,378.0,262.0,-3.0,117.0,-48.0,-203.0,79.0,-654.0
97.0,526.0,366.0,309.0,-21.0,59.0,-20.0,144.0,140.0,-538.0
66.0,301.0,333.0,377.0,-60.0,71.0,-26.0,362.0,183.0,-415.0
58.0,184.0,303.0,426.0,-107.0,231.0,-60.0,448.0,203.0,-298.0
26.0,78.0,270.0,448.0,-155.0,335.0,-62.0,308.0,214.0,-175.0
0.0,-61.0,196.0,477.0,-195.0,367.0,-29.0,53.0,238.0,-82.0
-32.0,-179.0,153.0,490.0,-216.0,437.0,-6.0,68.0,276.0,15.0
-59.0,-212.0,114.0,474.0,-225.0,473.0,-33.0,36.0,311.0,150.0
-88.0,-140.0,44.0,420.0,-221.0,394.0,-93.0,0.0,318.0,267.0
-118.0,-9.0,-2.0,373.0,-209.0,397.0,-140.0,-110.0,316.0,354.0
-132.0,60.0,-67.0,344.0,-188.0,465.0,-162.0,-253.0,297.0,434.0
-143.0,37.0,-163.0,320.0,-161.0,482.0,-124.0,-321.0,261.0,507.0
-165.0,-1.0,-213.0,332.0,-129.0,453.0,-63.0,-249.0,228.0,524.0
-189.0,37.0,-273.0,351.0,-87.0,453.0,-10.0,90.0,177.0,499.0
-156.0,208.0,-322.0,350.0,-53.0,527.0,25.0,234.0,135.0,460.0
-141.0,420.0,-349.0,339.0,-30.0,505.0,40.0,262.0,81.0,404.0
-113.0,541.0,-390.0,329.0,-27.0,351.0,29.0,88.0,41.0,307.0
-101.0,511.0,-413.0,291.0,-61.0,269.0,-32.0,-140.0,20.0,206.0
-92.0,386.0,-432.0,250.0,-102.0,321.0,-59.0,-136.0,-40.0,147.0
-65.0,256.0,-437.0,221.0,-138.0,252.0,-53.0,-131.0,-74.0,88.0
-41.0,155.0,-449.0,182.0,-156.0,114.0,-39.0,157.0,-95.0,22.0
-3.0,100.0,-444.0,148.0,-151.0,53.0,21.0,256.0,-145.0,-28.0
29.0,75.0,-427.0,105.0,-135.0,35.0,84.0,219.0,-200.0,-59.0
98.0,24.0,-421.0,51.0,-114.0,60.0,93.0,253.0,-229.0,-127.0
128.0,-127.0,-395.0,7.0,-89.0,13.0,74.0,210.0,-221.0,-216.0
186.0,-384.0,-347.0,-4.0,-66.0,-39.0,48.0,509.0,-204.0,-285.0
216.0,-637.0,-293.0,-3.0,-42.0,-35.0,26.0,528.0,-164.0,-382.0
223.0,-748.0,-261.0,3.0,-8.0,-55.0,38.0,269.0,-88.0,-505.0
281.0,-666.0,-204.0,18.0,32.0,-63.0,65.0,-121.0,5.0,-616.0
286.0,-476.0,-171.0,25.0,74.0,-36.0,93.0,-591.0,93.0,-697.0
279.0,-243.0,-164.0,10.0,104.0,-59.0,96.0,-559.0,157.0,-792.0
250.0,33.0,-117.0,-3.0,132.0,-42.0,88.0,-391.0,218.0,-904.0
237.0,292.0,-127.0,-48.0,166.0,85.0,104.0,-79.0,282.0,-983.0
210.0,436.0,-115.0,-148.0,189.0,123.0,93.0,232.0,317.0,-1019.0
156.0,441.0,-65.0,-223.0,209.0,54.0,54.0,349.0,322.0,-1063.0
131.0,383.0,-71.0,-280.0,207.0,-48.0,-21.0,373.0,343.0,-1095.0
116.0,357.0,-19.0,-366.0,198.0,-64.0,-118.0,190.0,375.0,-1074.0
95.0,326.0,-29.0,-427.0,208.0,26.0,-181.0,83.0,383.0,-1060.0
72.0,202.0,-8.0,-451.0,220.0,31.0,-186.0,22.0,363.0,-1046.0
50.0,19.0,8.0,-476.0,238.0,18.0,-127.0,51.0,314.0,-1009.0
16.0,-132.0,-4.0,-491.0,252.0,-27.0,-62.0,51.0,252.0,-941.0
6.0,-172.0,52.0,-487.0,244.0,-130.0,-20.0,-55.0,212.0,-875.0
-19.0,-134.0,36.0,-442.0,227.0,-127.0,-39.0,-118.0,196.0,-824.0
-34.0,-145.0,83.0,-357.0,213.0,-104.0,-100.0,-321.0,181.0,-718.0
-38.0,-263.0,85.0,-247.0,204.0,-141.0,-142.0,-325.0,175.0,-606.0
-45.0,-391.0,123.0,-143.0,201.0,-266.0,-179.0,-247.0,172.0,-521.0
-46.0,-452.0,145.0,-67.0,196.0,-421.0,-173.0,-181.0,142.0,-418.0
-67.0,-487.0,154.0,16.0,181.0,-440.0,-131.0,22.0,115.0,-271.0
-82.0,-498.0,237.0,51.0,155.0,-438.0,-124.0,-11.0,101.0,-148.0
-97.0,-454.0,223.0,48.0,125.0,-492.0,-127.0,-1.0,72.0,-60.0
-91.0,-363.0,273.0,24.0,95.0,-506.0,-143.0,-53.0,14.0,45.0
-93.0,-275.0,287.0,-52.0,55.0,-486.0,-201.0,-153.0,-45.0,158.0
-69.0,-210.0,320.0,-122.0,10.0,-534.0,-213.0,-149.0,-89.0,259.0
-28.0,-136.0,328.0,-145.0,-27.0,-651.0,-227.0,-271.0,-121.0,346.0
27.0,-51.0,331.0,-157.0,-55.0,-644.0,-231.0,-138.0,-157.0,463.0
67.0,4.0,357.0,-169.0,-82.0,-510.0,-163.0,94.0,-201.0,569.0
73.0,-9.0,338.0,-103.0,-118.0,-463.0,-129.0,199.0,-233.0,638.0
132.0,-91.0,371.0,11.0,-143.0,-532.0,-127.0,-22.0,-230.0,695.0
180.0,-216.0,387.0,93.0,-144.0,-482.0,-142.0,-354.0,-203.0,722.0
234.0,-318.0,410.0,155.0,-129.0,-420.0,-150.0,-484.0,-180.0,704.0
253.0,-329.0,365.0,253.0,-114.0,-435.0,-150.0,-471.0,-141.0,629.0
283.0,-237.0,390.0,349.0,-109.0,-367.0,-138.0,-118.0,-93.0,539.0
313.0,-89.0,393.0,382.0,-99.0,-281.0,-90.0,-20.0,-30.0,404.0
307.0,41.0,371.0,404.0,-73.0,-194.0,-48.0,72.0,38.0,216.0
303.0,109.0,409.0,397.0,-41.0,-133.0,-24.0,182.0,87.0,34.0
296.0,109.0,373.0,365.0,-17.0,-3.0,-24.0,44.0,154.0,-117.0
288.0,111.0,381.0,332.0,-5.0,108.0,-26.0,57.0,219.0,-243.0
251.0,184.0,361.0,256.0,-7.0,44.0,-30.0,-105.0,261.0,-369.0
244.0,325.0,376.0,167.0,-8.0,56.0,-43.0,-110.0,286.0,-441.0
211.0,547.0,370.0,91.0,-16.0,214.0,-44.0,-73.0,280.0,-457.0
213.0,850.0,328.0,19.0,-32.0,294.0,-18.0,-153.0,267.0,-456.0
191.0,1122.0,331.0,-58.0,-44.0,210.0,18.0,-179.0,272.0,-421.0
160.0,1210.0,317.0,-136.0,-51.0,189.0,48.0,-430.0,288.0,-340.0
145.0,1107.0,303.0,-176.0,-39.0,320.0,64.0,-428.0,287.0,-229.0
106.0,918.0,282.0,-218.0,-15.0,415.0,52.0,-184.0,271.0,-129.0
91.0,693.0,288.0,-265.0,11.0,348.0,62.0,5.0,245.0,-41.0
39.0,413.0,272.0,-276.0,31.0,317.0,124.0,-109.0,206.0,66.0
38.0,126.0,270.0,-305.0,29.0,354.0,208.0,-363.0,201.0,156.0
0.0,-79.0,236.0,-297.0,19.0,341.0,266.0,-164.0,235.0,231.0
-18.0,-183.0,215.0,-266.0,12.0,350.0,279.0,-9.0,254.0,309.0
-16.0,-260.0,182.0,-263.0,1.0,397.0,268.0,1.0,229.0,361.0
-12.0,-412.0,140.0,-244.0,-14.0,442.0,247.0,153.0,216.0,397.0
-21.0,-634.0,119.0,-233.0,-37.0,391.0,239.0,293.0,217.0,408.0
-53.0,-827.0,50.0,-197.0,-65.0,310.0,259.0,291.0,179.0,428.0
-17.0,-915.0,58.0,-158.0,-87.0,235.0,271.0,325.0,136.0,456.0
-14.0,-926.0,24.0,-89.0,-96.0,172.0,266.0,473.0,83.0,458.0
13.0,-897.0,16.0,-20.0,-94.0,121.0,307.0,297.0,5.0,449.0
18.0,-761.0,16.0,-39.0,-78.0,108.0,361.0,195.0,-47.0,443.0
54.0,-500.0,-11.0,-51.0,-62.0,135.0,386.0,260.0,-49.0,437.0
83.0,-245.0,10.0,-67.0,-59.0,95.0,410.0,62.0,-47.0,415.0
98.0,-47.0,-3.0,-73.0,-61.0,150.0,431.0,-253.0,-52.0,404.0
145.0,153.0,0.0,-44.0,-71.0,258.0,425.0,-325.0,-37.0,410.0
179.0,364.0,3.0,-17.0,-84.0,280.0,350.0,123.0,-38.0,407.0
218.0,559.0,-2.0,39.0,-96.0,191.0,263.0,306.0,-35.0,388.0
244.0,713.0,-20.0,93.0,-108.0,89.0,221.0,280.0,-1.0,369.0
284.0,828.0,-34.0,134.0,-121.0,128.0,216.0,443.0,43.0,358.0
284.0,916.0,-51.0,138.0,-131.0,128.0,251.0,323.0,101.0,338.0
318.0,1032.0,-66.0,93.0,-127.0,54.0,238.0,362.0,134.0,307.0
354.0,1197.0,-87.0,43.0,-110.0,77.0,182.0,517.0,160.0,291.0
393.0,1378.0,-116.0,-56.0,-82.0,171.0,125.0,487.0,194.0,279.0
426.0,1545.0,-158.0,-140.0,-48.0,151.0,58.0,290.0,221.0,241.0
454.0,1642.0,-186.0,-155.0,-2.0,75.0,37.0,68.0,207.0,217.0
488.0,1651.0,-215.0,-160.0,65.0,100.0,39.0,149.0,174.0,208.0
493.0,1596.0,-253.0,-143.0,134.0,175.0,20.0,251.0,158.0,194.0
519.0,1500.0,-257.0,-103.0,184.0,183.0,10.0,439.0,145.0,182.0
510.0,1332.0,-276.0,-78.0,207.0,70.0,18.0,485.0,140.0,190.0
525.0,1080.0,-250.0,-51.0,207.0,-14.0,-12.0,190.0,124.0,205.0
502.0,798.0,-238.0,-16.0,201.0,-70.0,-40.0,-201.0,148.0,214.0
475.0,507.0,-215.0,38.0,188.0,-156.0,-49.0,-485.0,165.0,238.0
450.0,214.0,-177.0,97.0,165.0,-123.0,-80.0,-216.0,155.0,284.0
396.0,-105.0,-139.0,150.0,144.0,-62.0,-94.0,12.0,173.0,346.0
381.0,-436.0,-78.0,209.0,127.0,-73.0,-97.0,-73.0,183.0,397.0
335.0,-717.0,-29.0,249.0,116.0,-170.0,-87.0,-66.0,191.0,441.0
323.0,-939.0,58.0,300.0,105.0,-267.0,-79.0,-14.0,191.0,454.0
307.0,-1107.0,108.0,356.0,85.0,-208.0,-72.0,55.0,177.0,427.0
278.0,-1247.0,188.0,387.0,67.0,-187.0,-105.0,94.0,161.0,377.0
247.0,-1375.0,292.0,407.0,51.0,-196.0,-155.0,153.0,164.0,309.0
204.0,-1454.0,358.0,414.0,44.0,-169.0,-169.0,7.0,173.0,246.0
194.0,-1427.0,469.0,440.0,52.0,-180.0,-189.0,-51.0,156.0,174.0
165.0,-1299.0,555.0,451.0,65.0,-152.0,-180.0,94.0,102.0,127.0
160.0,-1081.0,628.0,442.0,82.0,-141.0,-152.0,16.0,7.0,110.0
141.0,-771.0,685.0,404.0,105.0,-130.0,-101.0,-9.0,-98.0,99.0
136.0,-463.0,717.0,318.0,129.0,-127.0,-42.0,-81.0,-180.0,81.0
155.0,-227.0,736.0,228.0,140.0,-112.0,11.0,-147.0,-229.0,58.0
122.0,-107.0,736.0,102.0,132.0,-29.0,29.0,-123.0,-271.0,25.0
138.0,-149.0,755.0,-1.0,108.0,16.0,-21.0,-18.0,-319.0,-48.0
149.0,-294.0,770.0,-58.0,84.0,-8.0,-78.0,182.0,-378.0,-136.0
172.0,-397.0,803.0,-128.0,72.0,-18.0,-127.0,-22.0,-426.0,-221.0
168.0,-381.0,787.0,-185.0,65.0,45.0,-142.0,-121.0,-442.0,-293.0
162.0,-253.0,808.0,-228.0,65.0,96.0,-125.0,24.0,-448.0,-376.0
207.0,-66.0,810.0,-264.0,63.0,114.0,-81.0,216.0,-474.0,-454.0
197.0,119.0,756.0,-273.0,52.0,156.0,-25.0,378.0,-509.0,-484.0
223.0,298.0,784.0,-262.0,25.0,265.0,-4.0,151.0,-546.0,-512.0
245.0,494.0,708.0,-260.0,-10.0,340.0,-37.0,16.0,-595.0,-533.0
275.0,739.0,655.0,-270.0,-42.0,302.0,-122.0,-168.0,-603.0,-519.0
291.0,1030.0,627.0,-308.0,-70.0,295.0,-199.0,-267.0,-565.0,-484.0
292.0,1306.0,539.0,-325.0,-96.0,365.0,-252.0,-138.0,-523.0,-462.0
284.0,1533.0,482.0,-283.0,-122.0,421.0,-251.0,-88.0,-481.0,-443.0
243.0,1638.0,394.0,-218.0,-140.0,375.0,-206.0,147.0,-429.0,-405.0
242.0,1516.0,327.0,-159.0,-139.0,304.0,-129.0,136.0,-361.0,-380.0
212.0,1224.0,220.0,-107.0,-126.0,273.0,-39.0,9.0,-296.0,-387.0
213.0,908.0,151.0,-68.0,-119.0,221.0,-1.0,-70.0,-238.0,-388.0
200.0,628.0,91.0,-50.0,-124.0,171.0,-9.0,-123.0,-192.0,-376.0
194.0,412.0,7.0,-18.0,-125.0,208.0,-76.0,1.0,-150.0,-393.0
176.0,283.0,-36.0,17.0,-108.0,252.0,-192.0,-55.0,-113.0,-405.0
157.0,231.0,-116.0,62.0,-76.0,201.0,-289.0,-18.0,-78.0,-386.0
166.0,226.0,-158.0,114.0,-39.0,146.0,-347.0,-7.0,-20.0,-354.0
135.0,216.0,-251.0,145.0,-12.0,125.0,-360.0,-42.0,45.0,-318.0
149.0,189.0,-294.0,178.0,-1.0,60.0,-326.0,-77.0,89.0,-250.0
144.0,191.0,-320.0,194.0,-4.0,-39.0,-266.0,-151.0,139.0,-153.0
158.0,250.0,-382.0,193.0,-17.0,-29.0,-216.0,64.0,221.0,-79.0
131.0,308.0,-370.0,198.0,-42.0,42.0,-170.0,153.0,284.0,-20.0
96.0,222.0,-408.0,183.0,-69.0,54.0,-161.0,70.0,320.0,37.0
95.0,-74.0,-438.0,155.0,-95.0,34.0,-219.0,-149.0,333.0,91.0
77.0,-462.0,-471.0,134.0,-116.0,45.0,-280.0,-371.0,310.0,115.0
91.0,-778.0,-512.0,113.0,-124.0,148.0,-355.0,-419.0,297.0,123.0
86.0,-1033.0,-554.0,76.0,-121.0,199.0,-390.0,-495.0,302.0,145.0
108.0,-1301.0,-570.0,37.0,-112.0,210.0,-389.0,-297.0,324.0,169.0
115.0,-1573.0,-601.0,12.0,-109.0,242.0,-380.0,138.0,367.0,149.0
124.0,-1791.0,-646.0,-20.0,-112.0,250.0,-349.0,469.0,400.0,117.0
133.0,-1931.0,-640.0,-50.0,-111.0,278.0,-338.0,380.0,416.0,124.0
133.0,-1989.0,-698.0,-57.0,-101.0,243.0,-344.0,73.0,415.0,116.0
119.0,-1914.0,-696.0,-62.0,-83.0,227.0,-392.0,-97.0,406.0,115.0
114.0,-1724.0,-714.0,-49.0,-65.0,268.0,-428.0,-147.0,392.0,145.0
135.0,-1500.0,-731.0,-49.0,-50.0,258.0,-436.0,-25.0,367.0,191.0
128.0,-1254.0,-680.0,-71.0,-43.0,230.0,-423.0,-103.0,342.0,234.0
143.0,-971.0,-665.0,-78.0,-49.0,185.0,-367.0,-186.0,297.0,277.0
132.0,-685.0,-583.0,-79.0,-59.0,160.0,-301.0,-133.0,246.0,368.0
167.0,-420.0,-514.0,-62.0,-75.0,207.0,-238.0,-105.0,201.0,439.0
192.0,-149.0,-441.0,-45.0,-98.0,232.0,-219.0,208.0,156.0,475.0
197.0,114.0,-371.0,-34.0,-130.0,137.0,-223.0,271.0,107.0,520.0
204.0,282.0,-284.0,-46.0,-162.0,41.0,-241.0,103.0,60.0,548.0
196.0,327.0,-198.0,-41.0,-190.0,25.0,-243.0,66.0,25.0,546.0
208.0,322.0,-162.0,6.0,-215.0,4.0,-233.0,11.0,-3.0,510.0
167.0,346.0,-64.0,16.0,-234.0,-84.0,-232.0,88.0,-37.0,469.0
147.0,365.0,-17.0,-6.0,-247.0,-170.0,-247.0,20.0,-70.0,424.0
126.0,309.0,34.0,-38.0,-244.0,-180.0,-287.0,-140.0,-74.0,354.0
124.0,197.0,76.0,-43.0,-225.0,-164.0,-294.0,-341.0,-53.0,279.0
132.0,76.0,92.0,-27.0,-193.0,-212.0,-253.0,-214.0,-20.0,224.0
122.0,-3.0,118.0,0.0,-142.0,-210.0,-193.0,258.0,12.0,167.0
122.0,-30.0,111.0,13.0,-84.0,-65.0,-153.0,308.0,26.0,92.0
116.0,29.0,134.0,-10.0,-32.0,-33.0,-153.0,208.0,19.0,42.0
123.0,209.0,144.0,0.0,9.0,-63.0,-191.0,-188.0,12.0,6.0
136.0,431.0,165.0,34.0,50.0,-16.0,-224.0,-580.0,20.0,-33.0
149.0,651.0,196.0,24.0,94.0,31.0,-252.0,-495.0,33.0,-78.0
163.0,871.0,237.0,-20.0,128.0,29.0,-252.0,-306.0,35.0,-97.0
181.0,1006.0,285.0,-42.0,149.0,-41.0,-233.0,49.0,14.0,-94.0
201.0,957.0,319.0,-47.0,150.0,-8.0,-222.0,46.0,-2.0,-123.0
225.0,770.0,389.0,-38.0,134.0,135.0,-211.0,-279.0,-7.0,-157.0
228.0,575.0,451.0,-10.0,116.0,223.0,-232.0,-369.0,-1.0,-194.0
237.0,411.0,490.0,27.0,112.0,226.0,-232.0,-92.0,20.0,-241.0
243.0,278.0,535.0,48.0,119.0,245.0,-239.0,317.0,43.0,-307.0
244.0,182.0,567.0,51.0,142.0,288.0,-264.0,243.0,59.0,-357.0
241.0,68.0,582.0,44.0,181.0,290.0,-304.0,18.0,97.0,-377.0
224.0,-94.0,579.0,15.0,221.0,258.0,-368.0,-186.0,148.0,-407.0
203.0,-210.0,555.0,17.0,255.0,290.0,-410.0,-323.0,182.0,-413.0
187.0,-200.0,535.0,19.0,283.0,350.0,-423.0,-284.0,239.0,-382.0
172.0,-110.0,471.0,17.0,312.0,346.0,-405.0,-219.0,324.0,-335.0
158.0,-32.0,404.0,30.0,335.0,401.0,-416.0,-129.0,403.0,-289.0
120.0,-14.0,354.0,24.0,343.0,458.0,-434.0,-421.0,445.0,-229.0
62.0,-52.0,283.0,18.0,335.0,428.0,-433.0,-631.0,451.0,-143.0
56.0,-139.0,200.0,40.0,311.0,338.0,-462.0,-458.0,435.0,-74.0
26.0,-219.0,139.0,42.0,269.0,292.0,-504.0,-230.0,393.0,-21.0
28.0,-226.0,61.0,20.0,203.0,331.0,-510.0,-162.0,350.0,44.0
19.0,-168.0,-24.0,10.0,122.0,261.0,-473.0,-432.0,310.0,102.0
7.0,-79.0,-62.0,-18.0,45.0,121.0,-431.0,-642.0,238.0,144.0
14.0,22.0,-141.0,-37.0,-16.0,71.0,-395.0,-796.0,139.0,179.0
-1.0,128.0,-211.0,-86.0,-62.0,93.0,-386.0,-654.0,28.0,207.0
19.0,224.0,-245.0,-152.0,-100.0,117.0,-418.0,-303.0,-76.0,235.0
-10.0,305.0,-315.0,-200.0,-131.0,200.0,-456.0,-218.0,-179.0,236.0
-4.0,351.0,-370.0,-268.0,-146.0,269.0,-489.0,-269.0,-263.0,248.0
-1.0,299.0,-398.0,-327.0,-155.0,245.0,-493.0,-495.0,-296.0,276.0
-9.0,138.0,-470.0,-391.0,-170.0,204.0,-463.0,-528.0,-292.0,302.0
-15.0,-57.0,-479.0,-452.0,-179.0,202.0,-439.0,-419.0,-281.0,333.0
-16.0,-183.0,-520.0,-467.0,-166.0,220.0,-433.0,-251.0,-287.0,368.0
0.0,-218.0,-525.0,-449.0,-126.0,116.0,-440.0,-164.0,-272.0,430.0
2.0,-255.0,-504.0,-436.0,-78.0,84.0,-460.0,-522.0,-225.0,463.0
35.0,-326.0,-541.0,-407.0,-42.0,203.0,-459.0,-683.0,-189.0,483.0
45.0,-352.0,-461.0,-373.0,-31.0,269.0,-451.0,-554.0,-141.0,497.0
68.0,-254.0,-519.0,-368.0,-56.0,230.0,-448.0,-258.0,-61.0,481.0
54.0,-66.0,-442.0,-379.0,-104.0,185.0,-436.0,-118.0,36.0,444.0
60.0,113.0,-429.0,-363.0,-148.0,325.0,-437.0,-280.0,150.0,366.0
77.0,236.0,-438.0,-324.0,-173.0,431.0,-435.0,-206.0,281.0,311.0
100.0,294.0,-330.0,-294.0,-181.0,297.0,-440.0,-291.0,399.0,237.0
156.0,337.0,-374.0,-232.0,-185.0,128.0,-444.0,-448.0,501.0,137.0
210.0,416.0,-251.0,-161.0,-189.0,141.0,-460.0,-537.0,570.0,56.0
272.0,560.0,-270.0,-114.0,-189.0,246.0,-496.0,-587.0,593.0,-9.0
316.0,718.0,-177.0,-65.0,-183.0,276.0,-515.0,-317.0,573.0,-78.0
314.0,773.0,-115.0,-32.0,-172.0,297.0,-520.0,-258.0,525.0,-138.0
293.0,677.0,-108.0,-10.0,-158.0,281.0,-471.0,-242.0,473.0,-153.0
314.0,459.0,3.0,39.0,-147.0,181.0,-414.0,-212.0,394.0,-157.0
282.0,171.0,-40.0,91.0,-134.0,104.0,-366.0,-478.0,302.0,-144.0
276.0,-105.0,49.0,123.0,-115.0,106.0,-308.0,-691.0,201.0,-120.0
244.0,-280.0,56.0,132.0,-92.0,147.0,-271.0,-582.0,94.0,-67.0
213.0,-357.0,81.0,111.0,-54.0,143.0,-255.0,-242.0,-9.0,-16.0
181.0,-367.0,150.0,77.0,-7.0,119.0,-249.0,-295.0,-112.0,7.0
118.0,-306.0,151.0,24.0,39.0,185.0,-232.0,-526.0,-186.0,38.0
95.0,-222.0,231.0,-35.0,81.0,186.0,-246.0,-606.0,-250.0,57.0
29.0,-201.0,278.0,-93.0,117.0,79.0,-266.0,-474.0,-313.0,35.0
-5.0,-252.0,314.0,-128.0,150.0,57.0,-281.0,-238.0,-353.0,-21.0
-41.0,-321.0,398.0,-168.0,171.0,91.0,-300.0,-386.0,-364.0,-47.0
-69.0,-406.0,408.0,-180.0,177.0,144.0,-293.0,-445.0,-372.0,-71.0
-109.0,-493.0,432.0,-131.0,174.0,161.0,-269.0,-417.0,-378.0,-109.0
-132.0,-494.0,486.0,-85.0,173.0,173.0,-214.0,-382.0,-366.0,-120.0
-147.0,-340.0,447.0,-15.0,175.0,252.0,-169.0,-347.0,-340.0,-105.0
-155.0,-109.0,481.0,85.0,176.0,311.0,-141.0,-541.0,-305.0,-89.0
-151.0,86.0,486.0,181.0,173.0,416.0,-104.0,-532.0,-271.0,-67.0
-166.0,224.0,455.0,251.0,160.0,505.0,-57.0,-593.0,-239.0,-26.0
-175.0,286.0,470.0,295.0,131.0,470.0,-34.0,-635.0,-215.0,16.0
-192.0,263.0,431.0,336.0,94.0,420.0,-28.0,-461.0,-183.0,38.0
-190.0,153.0,405.0,370.0,56.0,359.0,16.0,-406.0,-152.0,50.0
-224.0,-18.0,358.0,412.0,20.0,341.0,38.0,-436.0,-136.0,75.0
-232.0,-182.0,311.0,460.0,-9.0,357.0,49.0,-593.0,-113.0,91.0
-262.0,-232.0,250.0,486.0,-32.0,344.0,60.0,-583.0,-75.0,96.0
-280.0,-85.0,170.0,501.0,-49.0,429.0,54.0,-509.0,-37.0,78.0
-295.0,218.0,117.0,522.0,-59.0,477.0,49.0,-561.0,-3.0,74.0
-292.0,562.0,25.0,521.0,-66.0,386.0,31.0,-511.0,29.0,66.0
-270.0,788.0,-25.0,534.0,-80.0,297.0,4.0,-489.0,84.0,32.0
-273.0,831.0,-108.0,578.0,-92.0,259.0,-8.0,-526.0,157.0,17.0
-254.0,739.0,-171.0,599.0,-92.0,235.0,4.0,-698.0,224.0,-2.0
-271.0,550.0,-198.0,595.0,-79.0,160.0,23.0,-755.0,282.0,-16.0
-237.0,318.0,-289.0,570.0,-52.0,144.0,21.0,-703.0,306.0,-46.0
-248.0,91.0,-309.0,521.0,-19.0,189.0,-4.0,-543.0,304.0,-84.0
-251.0,-102.0,-351.0,453.0,21.0,139.0,-37.0,-203.0,300.0,-124.0
-235.0,-255.0,-353.0,393.0,63.0,47.0,-61.0,-240.0,311.0,-205.0
-218.0,-374.0,-380.0,318.0,95.0,70.0,-71.0,-205.0,341.0,-284.0
-201.0,-482.0,-391.0,236.0,115.0,145.0,-67.0,-181.0,374.0,-359.0
-199.0,-605.0,-366.0,148.0,120.0,91.0,-41.0,-371.0,401.0,-440.0
-173.0,-718.0,-393.0,58.0,109.0,17.0,3.0,-393.0,430.0,-514.0
-167.0,-809.0,-360.0,38.0,87.0,52.0,37.0,-365.0,464.0,-593.0
-156.0,-900.0,-388.0,33.0,56.0,153.0,65.0,-81.0,467.0,-647.0
-191.0,-980.0,-373.0,31.0,26.0,160.0,67.0,-46.0,478.0,-687.0
-182.0,-1028.0,-390.0,24.0,2.0,124.0,43.0,-184.0,485.0,-718.0
-197.0,-1031.0,-420.0,22.0,-25.0,187.0,-1.0,-288.0,460.0,-693.0
-203.0,-965.0,-399.0,44.0,-52.0,160.0,-77.0,-589.0,447.0,-652.0
-212.0,-825.0,-430.0,48.0,-81.0,131.0,-121.0,-659.0,450.0,-612.0
-216.0,-602.0,-380.0,27.0,-106.0,186.0,-115.0,-716.0,463.0,-557.0
-198.0,-300.0,-371.0,-34.0,-116.0,148.0,-65.0,-535.0,471.0,-502.0
-203.0,-23.0,-358.0,-106.0,-108.0,26.0,-11.0,-284.0,442.0,-468.0
-181.0,85.0,-301.0,-156.0,-80.0,-20.0,31.0,-291.0,396.0,-452.0
-228.0,32.0,-308.0,-200.0,-52.0,81.0,63.0,-136.0,339.0,-426.0
-212.0,-38.0,-287.0,-246.0,-33.0,135.0,34.0,-3.0,276.0,-395.0
-207.0,-24.0,-262.0,-306.0,-22.0,24.0,4.0,3.0,212.0,-366.0
-182.0,123.0,-250.0,-353.0,-19.0,-76.0,-28.0,-260.0,143.0,-325.0
-167.0,382.0,-238.0,-373.0,-13.0,-28.0,-46.0,-434.0,85.0,-261.0
-154.0,621.0,-208.0,-373.0,-10.0,-14.0,-43.0,-254.0,26.0,-204.0
-114.0,741.0,-206.0,-341.0,-15.0,-66.0,-52.0,-55.0,-4.0,-166.0
-129.0,765.0,-199.0,-331.0,-24.0,-96.0,-27.0,-12.0,-32.0,-132.0
-78.0,746.0,-170.0,-290.0,-45.0,-98.0,4.0,-408.0,-78.0,-104.0
-114.0,701.0,-177.0,-236.0,-73.0,-109.0,31.0,-676.0,-127.0,-91.0
-119.0,612.0,-158.0,-233.0,-97.0,-185.0,42.0,-498.0,-184.0,-92.0
-126.0,434.0,-155.0,-178.0,-117.0,-216.0,48.0,-256.0,-197.0,-72.0
-130.0,193.0,-139.0,-166.0,-133.0,-295.0,45.0,-171.0,-220.0,-44.0
-110.0,5.0,-115.0,-196.0,-150.0,-398.0,35.0,-386.0,-274.0,-32.0
-130.0,-72.0,-91.0,-207.0,-169.0,-374.0,34.0,-484.0,-323.0,-17.0
-113.0,-56.0,-54.0,-238.0,-179.0,-290.0,-8.0,-506.0,-384.0,17.0
-145.0,28.0,-43.0,-259.0,-172.0,-319.0,-50.0,-439.0,-424.0,60.0
-141.0,119.0,-10.0,-280.0,-149.0,-419.0,-85.0,-201.0,-457.0,98.0
-154.0,149.0,0.0,-286.0,-113.0,-386.0,-78.0,-205.0,-490.0,165.0
-145.0,128.0,12.0,-287.0,-73.0,-359.0,-45.0,-251.0,-510.0,240.0
-141.0,98.0,27.0,-272.0,-34.0,-404.0,-51.0,-363.0,-521.0,295.0
-153.0,54.0,6.0,-268.0,1.0,-468.0,-24.0,-367.0,-529.0,346.0
-144.0,-11.0,43.0,-273.0,21.0,-409.0,16.0,-393.0,-526.0,379.0
-174.0,-85.0,18.0,-263.0,21.0,-281.0,46.0,-532.0,-485.0,418.0
-157.0,-118.0,19.0,-274.0,15.0,-306.0,43.0,-421.0,-444.0,452.0
-154.0,-72.0,41.0,-284.0,13.0,-298.0,-3.0,-500.0,-402.0,463.0
-145.0,-21.0,3.0,-281.0,21.0,-265.0,-26.0,-325.0,-356.0,504.0
-137.0,-13.0,31.0,-264.0,33.0,-280.0,-40.0,-151.0,-324.0,543.0
-119.0,-19.0,1.0,-237.0,43.0,-334.0,-16.0,-312.0,-279.0,546.0
-88.0,-37.0,-15.0,-209.0,50.0,-348.0,46.0,-375.0,-222.0,527.0
-60.0,-80.0,-12.0,-161.0,50.0,-270.0,102.0,-423.0,-143.0,489.0
-14.0,-158.0,-51.0,-100.0,41.0,-221.0,140.0,-164.0,-67.0,427.0
-2.0,-285.0,-54.0,-55.0,19.0,-173.0,148.0,-18.0,-21.0,328.0
19.0,-517.0,-93.0,-23.0,-5.0,-139.0,166.0,40.0,25.0,210.0
45.0,-825.0,-107.0,-21.0,-26.0,-68.0,191.0,-3.0,54.0,92.0
70.0,-1071.0,-98.0,-24.0,-34.0,-90.0,214.0,-240.0,68.0,-36.0
100.0,-1158.0,-123.0,8.0,-24.0,-125.0,244.0,-238.0,72.0,-164.0
119.0,-1123.0,-89.0,11.0,-13.0,-81.0,258.0,-225.0,53.0,-254.0
141.0,-1053.0,-72.0,4.0,-2.0,-68.0,244.0,-77.0,42.0,-309.0
176.0,-959.0,-55.0,2.0,8.0,-49.0,252.0,-49.0,37.0,-359.0
218.0,-838.0,-39.0,-31.0,18.0,-126.0,267.0,25.0,36.0,-383.0
261.0,-728.0,-52.0,-74.0,30.0,-112.0,279.0,190.0,40.0,-391.0
288.0,-638.0,-19.0,-110.0,43.0,-108.0,302.0,-92.0,50.0,-401.0
316.0,-509.0,-31.0,-131.0,50.0,-137.0,292.0,-310.0,43.0,-411.0
352.0,-345.0,-14.0,-167.0,59.0,-62.0,319.0,-460.0,6.0,-403.0
370.0,-241.0,0.0,-213.0,79.0,3.0,367.0,-484.0,-42.0,-366.0
385.0,-229.0,0.0,-202.0,98.0,31.0,391.0,-206.0,-101.0,-333.0
384.0,-341.0,23.0,-171.0,113.0,-25.0,401.0,-84.0,-162.0,-302.0
379.0,-518.0,10.0,-139.0,119.0,-23.0,372.0,-166.0,-225.0,-260.0
347.0,-585.0,34.0,-82.0,118.0,-34.0,318.0,-443.0,-301.0,-206.0
313.0,-457.0,37.0,-28.0,105.0,-95.0,258.0,-615.0,-371.0,-179.0
286.0,-221.0,33.0,44.0,76.0,-119.0,228.0,-448.0,-433.0,-153.0
241.0,-20.0,42.0,114.0,39.0,-31.0,232.0,-129.0,-485.0,-103.0
199.0,139.0,21.0,140.0,3.0,28.0,266.0,75.0,-512.0,-78.0
147.0,359.0,3.0,176.0,-21.0,-41.0,285.0,-29.0,-547.0,-71.0
106.0,686.0,-30.0,231.0,-44.0,-47.0,285.0,-173.0,-592.0,-66.0
54.0,1047.0,-40.0,293.0,-71.0,-11.0,269.0,-321.0,-629.0,-54.0
-4.0,1378.0,-74.0,337.0,-101.0,63.0,221.0,-456.0,-657.0,-77.0
-65.0,1617.0,-124.0,356.0,-131.0,33.0,223.0,-689.0,-665.0,-105.0
-163.0,1657.0,-139.0,387.0,-164.0,-39.0,249.0,-862.0,-668.0,-99.0
-251.0,1480.0,-201.0,384.0,-189.0,-52.0,280.0,-580.0,-640.0,-91.0
-318.0,1147.0,-232.0,365.0,-195.0,-90.0,311.0,-345.0,-589.0,-104.0
-385.0,724.0,-262.0,363.0,-193.0,-100.0,341.0,-179.0,-525.0,-117.0
-435.0,270.0,-298.0,341.0,-181.0,-66.0,366.0,-236.0,-429.0,-105.0
-477.0,-118.0,-323.0,302.0,-165.0,-27.0,352.0,-530.0,-330.0,-125.0
-515.0,-365.0,-345.0,278.0,-142.0,-77.0,331.0,-609.0,-230.0,-156.0
-570.0,-471.0,-348.0,276.0,-109.0,-76.0,303.0,-565.0,-136.0,-164.0
-590.0,-457.0,-358.0,241.0,-69.0,-18.0,282.0,-280.0,-42.0,-172.0
-618.0,-395.0,-348.0,173.0,-21.0,-64.0,249.0,-254.0,45.0,-201.0
-654.0,-362.0,-341.0,144.0,23.0,-162.0,205.0,-375.0,110.0,-228.0
-652.0,-396.0,-308.0,141.0,58.0,-173.0,179.0,-393.0,167.0,-222.0
-681.0,-515.0,-278.0,133.0,77.0,-125.0,158.0,-511.0,214.0,-228.0
-664.0,-673.0,-253.0,117.0,84.0,-173.0,121.0,-445.0,228.0,-245.0
-677.0,-796.0,-224.0,83.0,75.0,-235.0,102.0,-402.0,216.0,-252.0
-659.0,-905.0,-199.0,75.0,53.0,-200.0,128.0,-267.0,188.0,-254.0
-616.0,-1034.0,-185.0,101.0,37.0,-160.0,165.0,-177.0,143.0,-265.0
-608.0,-1128.0,-172.0,121.0,27.0,-259.0,190.0,-125.0,107.0,-279.0
-574.0,-1175.0,-127.0,140.0,20.0,-342.0,185.0,12.0,59.0,-261.0
-567.0,-1150.0,-114.0,166.0,8.0,-308.0,165.0,-177.0,8.0,-233.0
-528.0,-940.0,-69.0,203.0,-13.0,-285.0,110.0,-297.0,-7.0,-217.0
-523.0,-620.0,-42.0,186.0,-37.0,-258.0,48.0,-347.0,-24.0,-185.0
-477.0,-399.0,-22.0,152.0,-60.0,-225.0,-5.0,-327.0,-33.0,-127.0
-444.0,-275.0,0.0,139.0,-74.0,-247.0,-101.0,-142.0,-26.0,-82.0
-388.0,-106.0,9.0,111.0,-78.0,-358.0,-169.0,-48.0,-21.0,-53.0
-316.0,49.0,25.0,103.0,-67.0,-460.0,-172.0,149.0,7.0,7.0
-281.0,21.0,48.0,70.0,-41.0,-383.0,-162.0,64.0,38.0,58.0
-213.0,-162.0,77.0,48.0,-15.0,-231.0,-155.0,-334.0,42.0,72.0
-187.0,-338.0,77.0,15.0,9.0,-223.0,-141.0,-578.0,31.0,100.0
-136.0,-423.0,128.0,-38.0,31.0,-252.0,-125.0,-389.0,1.0,119.0
-118.0,-458.0,146.0,-46.0,50.0,-235.0,-99.0,173.0,-34.0,138.0
-70.0,-474.0,185.0,-48.0,61.0,-178.0,-97.0,545.0,-71.0,140.0
-43.0,-480.0,206.0,-33.0,61.0,-139.0,-107.0,565.0,-127.0,139.0
-5.0,-491.0,210.0,-36.0,53.0,-192.0,-95.0,129.0,-188.0,159.0
20.0,-437.0,237.0,4.0,45.0,-148.0,-115.0,-262.0,-246.0,126.0
6.0,-264.0,196.0,90.0,40.0,-108.0,-116.0,-291.0,-302.0,98.0
22.0,-43.0,225.0,148.0,33.0,-54.0,-110.0,-240.0,-344.0,85.0
14.0,181.0,212.0,183.0,23.0,41.0,-131.0,-225.0,-370.0,75.0
47.0,445.0,190.0,176.0,15.0,8.0,-141.0,-452.0,-365.0,80.0
31.0,691.0,200.0,143.0,14.0,26.0,-162.0,-452.0,-330.0,80.0
45.0,845.0,154.0,106.0,18.0,127.0,-179.0,-308.0,-283.0,121.0
46.0,999.0,150.0,73.0,17.0,226.0,-199.0,-64.0,-235.0,146.0
39.0,1223.0,111.0,0.0,8.0,204.0,-216.0,99.0,-158.0,134.0
40.0,1383.0,61.0,-46.0,-11.0,66.0,-251.0,-155.0,-69.0,129.0
24.0,1358.0,46.0,-81.0,-32.0,50.0,-303.0,-225.0,-7.0,90.0
36.0,1230.0,-23.0,-173.0,-46.0,181.0,-342.0,-218.0,26.0,14.0
16.0,1124.0,-55.0,-223.0,-45.0,231.0,-353.0,-7.0,41.0,-60.0
28.0,1005.0,-76.0,-263.0,-38.0,157.0,-287.0,192.0,39.0,-117.0
8.0,753.0,-132.0,-300.0,-35.0,161.0,-175.0,110.0,23.0,-150.0
-12.0,343.0,-146.0,-316.0,-35.0,210.0,-64.0,-99.0,11.0,-197.0
-10.0,-134.0,-162.0,-339.0,-36.0,137.0,-14.0,-631.0,-24.0,-190.0
-18.0,-534.0,-168.0,-341.0,-39.0,-40.0,-6.0,-857.0,-69.0,-110.0
-58.0,-746.0,-181.0,-359.0,-31.0,-117.0,-28.0,-766.0,-104.0,-43.0
-88.0,-815.0,-168.0,-421.0,-9.0,-97.0,-93.0,-445.0,-129.0,36.0
-88.0,-830.0,-168.0,-474.0,21.0,-65.0,-130.0,-169.0,-137.0,139.0
-116.0,-777.0,-190.0,-480.0,51.0,11.0,-124.0,-321.0,-125.0,250.0
-140.0,-653.0,-186.0,-512.0,67.0,49.0,-99.0,-315.0,-80.0,324.0
-149.0,-515.0,-206.0,-563.0,74.0,12.0,-77.0,-291.0,-38.0,386.0
-131.0,-410.0,-213.0,-609.0,64.0,-75.0,-39.0,-203.0,-1.0,475.0
-101.0,-361.0,-238.0,-649.0,36.0,-78.0,-5.0,-121.0,45.0,531.0
-96.0,-351.0,-254.0,-653.0,-3.0,-68.0,7.0,-201.0,88.0,555.0
-99.0,-375.0,-277.0,-648.0,-48.0,-129.0,3.0,-105.0,122.0,574.0
-70.0,-434.0,-306.0,-574.0,-88.0,-164.0,-25.0,35.0,142.0,607.0
-50.0,-469.0,-341.0,-489.0,-116.0,-168.0,-52.0,260.0,137.0,588.0
-32.0,-415.0,-353.0,-442.0,-133.0,-78.0,-74.0,304.0,117.0,524.0
-21.0,-291.0,-349.0,-331.0,-143.0,-6.0,-84.0,109.0,93.0,462.0
11.0,-200.0,-398.0,-172.0,-147.0,81.0,-58.0,-90.0,52.0,365.0
56.0,-216.0,-395.0,-48.0,-147.0,239.0,-10.0,-251.0,23.0,249.0
77.0,-307.0,-419.0,34.0,-142.0,318.0,17.0,-169.0,0.0,134.0
94.0,-407.0,-467.0,75.0,-135.0,227.0,60.0,-123.0,-20.0,44.0
89.0,-503.0,-443.0,90.0,-136.0,2.0,77.0,129.0,-44.0,-54.0
92.0,-616.0,-461.0,105.0,-129.0,-195.0,52.0,484.0,-62.0,-156.0
82.0,-708.0,-456.0,100.0,-110.0,-276.0,43.0,362.0,-62.0,-235.0
66.0,-679.0,-422.0,109.0,-81.0,-231.0,10.0,127.0,-70.0,-319.0
39.0,-481.0,-439.0,117.0,-46.0,-64.0,-14.0,-171.0,-63.0,-422.0
23.0,-157.0,-396.0,118.0,-17.0,56.0,-25.0,-186.0,-60.0,-520.0
6.0,218.0,-370.0,123.0,6.0,84.0,-38.0,188.0,-53.0,-599.0
-6.0,557.0,-336.0,89.0,20.0,131.0,-39.0,473.0,-64.0,-673.0
-26.0,814.0,-271.0,79.0,25.0,135.0,-25.0,563.0,-90.0,-736.0
-59.0,1008.0,-246.0,89.0,31.0,55.0,-17.0,293.0,-103.0,-776.0
-80.0,1175.0,-190.0,121.0,46.0,-121.0,-17.0,27.0,-135.0,-790.0
-129.0,1350.0,-162.0,140.0,71.0,-248.0,-1.0,-145.0,-163.0,-791.0
-151.0,1517.0,-124.0,71.0,99.0,-202.0,9.0,-112.0,-203.0,-785.0
-177.0,1622.0,-116.0,-19.0,117.0,-87.0,41.0,123.0,-242.0,-744.0
-171.0,1594.0,-116.0,-97.0,116.0,-41.0,81.0,253.0,-264.0,-673.0
-173.0,1392.0,-73.0,-138.0,101.0,6.0,90.0,417.0,-270.0,-628.0
-195.0,1079.0,-79.0,-180.0,73.0,16.0,67.0,363.0,-272.0,-585.0
-208.0,763.0,-70.0,-236.0,45.0,-15.0,43.0,354.0,-290.0,-533.0
-226.0,495.0,-53.0,-314.0,22.0,101.0,37.0,321.0,-300.0,-490.0
-214.0,216.0,-56.0,-416.0,10.0,134.0,42.0,114.0,-285.0,-451.0
-235.0,-114.0,-25.0,-404.0,19.0,111.0,72.0,77.0,-272.0,-417.0
-225.0,-456.0,-10.0,-383.0,34.0,43.0,100.0,36.0,-257.0,-359.0
-205.0,-722.0,36.0,-387.0,35.0,11.0,96.0,147.0,-232.0,-325.0
-190.0,-839.0,64.0,-353.0,25.0,123.0,85.0,280.0,-215.0,-317.0
-199.0,-836.0,77.0,-361.0,8.0,230.0,98.0,397.0,-176.0,-299.0
-188.0,-816.0,123.0,-282.0,-2.0,366.0,146.0,360.0,-127.0,-286.0
-140.0,-853.0,128.0,-164.0,-1.0,402.0,194.0,147.0,-78.0,-302.0
-139.0,-951.0,181.0,-76.0,13.0,419.0,198.0,175.0,-29.0,-328.0
-115.0,-1056.0,188.0,44.0,34.0,328.0,158.0,140.0,-6.0,-331.0
-89.0,-1114.0,219.0,150.0,48.0,231.0,67.0,330.0,37.0,-370.0
-37.0,-1155.0,232.0,260.0,48.0,259.0,-48.0,526.0,70.0,-418.0
-6.0,-1214.0,198.0,326.0,27.0,328.0,-115.0,423.0,100.0,-432.0
4.0,-1213.0,204.0,336.0,-7.0,411.0,-130.0,327.0,151.0,-425.0
10.0,-1100.0,197.0,334.0,-42.0,310.0,-106.0,35.0,196.0,-408.0
24.0,-954.0,194.0,311.0,-69.0,348.0,-56.0,-1.0,253.0,-366.0
40.0,-862.0,131.0,282.0,-80.0,387.0,-24.0,49.0,314.0,-280.0
16.0,-793.0,124.0,245.0,-75.0,292.0,20.0,51.0,363.0,-208.0
21.0,-684.0,73.0,229.0,-56.0,304.0,45.0,179.0,403.0,-119.0
17.0,-515.0,11.0,216.0,-34.0,334.0,23.0,83.0,429.0,-6.0
34.0,-359.0,16.0,191.0,-22.0,397.0,1.0,77.0,426.0,108.0
1.0,-208.0,-36.0,186.0,-37.0,315.0,-46.0,138.0,400.0,213.0
0.0,16.0,-49.0,191.0,-69.0,233.0,-86.0,297.0,378.0,304.0
4.0,251.0,-61.0,213.0,-92.0,290.0,-135.0,489.0,357.0,405.0
-23.0,421.0,-79.0,221.0,-85.0,208.0,-148.0,539.0,344.0,471.0
-16.0,515.0,-41.0,188.0,-48.0,106.0,-85.0,515.0,350.0,501.0
-49.0,536.0,-24.0,187.0,8.0,196.0,-14.0,336.0,329.0,524.0
-51.0,517.0,0.0,212.0,65.0,262.0,68.0,436.0,301.0,528.0
-73.0,536.0,35.0,193.0,107.0,238.0,88.0,484.0,259.0,510.0
-60.0,670.0,62.0,177.0,130.0,265.0,37.0,301.0,199.0,482.0
-76.0,845.0,94.0,194.0,138.0,306.0,-45.0,107.0,152.0,466.0
-104.0,933.0,116.0,224.0,135.0,302.0,-99.0,-144.0,88.0,454.0
-121.0,901.0,185.0,238.0,113.0,209.0,-92.0,-70.0,31.0,425.0
-170.0,781.0,197.0,222.0,93.0,163.0,-44.0,35.0,-6.0,421.0
-206.0,622.0,206.0,180.0,92.0,216.0,40.0,179.0,-43.0,439.0
-272.0,442.0,248.0,123.0,110.0,219.0,112.0,260.0,-82.0,466.0
-279.0,272.0,217.0,91.0,137.0,209.0,153.0,107.0,-111.0,516.0
-315.0,131.0,213.0,78.0,153.0,296.0,124.0,123.0,-114.0,554.0
-341.0,17.0,215.0,64.0,148.0,338.0,85.0,127.0,-99.0,574.0
-398.0,-73.0,205.0,4.0,116.0,249.0,43.0,254.0,-68.0,592.0
-438.0,-175.0,191.0,-65.0,74.0,156.0,-27.0,365.0,-15.0,592.0
-448.0,-287.0,178.0,-72.0,37.0,97.0,-39.0,412.0,61.0,591.0
-486.0,-372.0,193.0,-83.0,13.0,104.0,-35.0,454.0,141.0,593.0
-486.0,-382.0,173.0,-109.0,-2.0,66.0,-25.0,267.0,219.0,557.0
-526.0,-318.0,167.0,-129.0,-13.0,0.0,-15.0,303.0,292.0,501.0
-507.0,-263.0,168.0,-159.0,-24.0,-18.0,-17.0,362.0,346.0,416.0
-520.0,-293.0,173.0,-187.0,-42.0,-121.0,-9.0,393.0,378.0,313.0
-529.0,-382.0,218.0,-205.0,-59.0,-198.0,2.0,391.0,386.0,205.0
-503.0,-447.0,224.0,-200.0,-80.0,-110.0,6.0,199.0,381.0,74.0
-484.0,-473.0,258.0,-190.0,-97.0,3.0,-44.0,151.0,335.0,-46.0
-451.0,-491.0,269.0,-177.0,-105.0,9.0,-114.0,112.0,279.0,-177.0
-430.0,-530.0,242.0,-177.0,-110.0,-110.0,-146.0,230.0,234.0,-308.0
-366.0,-588.0,248.0,-175.0,-103.0,-184.0,-111.0,338.0,178.0,-428.0
-324.0,-589.0,233.0,-150.0,-91.0,-183.0,-43.0,349.0,120.0,-526.0
-262.0,-518.0,205.0,-164.0,-73.0,-320.0,42.0,391.0,49.0,-584.0
-209.0,-539.0,187.0,-162.0,-58.0,-396.0,132.0,334.0,-29.0,-641.0
-158.0,-705.0,153.0,-109.0,-47.0,-328.0,167.0,465.0,-103.0,-654.0
-109.0,-858.0,89.0,-87.0,-35.0,-253.0,137.0,450.0,-171.0,-615.0
-80.0,-885.0,70.0,-74.0,-15.0,-206.0,59.0,384.0,-237.0,-558.0
-53.0,-819.0,46.0,-39.0,1.0,-183.0,-14.0,415.0,-300.0,-474.0
-42.0,-768.0,18.0,-23.0,2.0,-95.0,-63.0,360.0,-358.0,-388.0
-16.0,-762.0,-29.0,-11.0,-2.0,-79.0,-72.0,428.0,-379.0,-316.0
-1.0,-752.0,-60.0,3.0,-7.0,-159.0,-39.0,301.0,-358.0,-253.0
21.0,-682.0,-91.0,-20.0,-12.0,-213.0,7.0,229.0,-343.0,-224.0
19.0,-507.0,-166.0,-47.0,-18.0,-169.0,23.0,264.0,-330.0,-206.0
39.0,-232.0,-176.0,-42.0,-27.0,-164.0,3.0,280.0,-299.0,-209.0
62.0,54.0,-229.0,-22.0,-40.0,-159.0,-9.0,469.0,-255.0,-239.0
55.0,272.0,-266.0,7.0,-66.0,-41.0,-13.0,456.0,-234.0,-271.0
60.0,469.0,-249.0,27.0,-98.0,-13.0,46.0,439.0,-229.0,-291.0
70.0,718.0,-262.0,26.0,-118.0,-50.0,126.0,428.0,-215.0,-300.0
81.0,1000.0,-270.0,-8.0,-123.0,-29.0,169.0,432.0,-204.0,-320.0
77.0,1285.0,-259.0,-54.0,-121.0,66.0,186.0,485.0,-198.0,-314.0
75.0,1564.0,-295.0,-96.0,-118.0,93.0,166.0,397.0,-197.0,-295.0
74.0,1813.0,-287.0,-148.0,-107.0,32.0,165.0,286.0,-171.0,-295.0
114.0,1964.0,-257.0,-221.0,-81.0,56.0,180.0,46.0,-147.0,-294.0
134.0,1990.0,-269.0,-297.0,-45.0,159.0,218.0,103.0,-134.0,-294.0
121.0,1915.0,-169.0,-347.0,-8.0,139.0,253.0,223.0,-96.0,-304.0
127.0,1701.0,-132.0,-360.0,15.0,14.0,233.0,284.0,-60.0,-346.0
147.0,1297.0,-104.0,-331.0,30.0,-19.0,209.0,478.0,-20.0,-369.0
176.0,762.0,-42.0,-297.0,48.0,-9.0,169.0,526.0,31.0,-389.0
176.0,266.0,-14.0,-285.0,70.0,2.0,137.0,737.0,76.0,-437.0
155.0,-98.0,25.0,-272.0,87.0,-17.0,142.0,709.0,118.0,-445.0
146.0,-401.0,57.0,-249.0,92.0,-33.0,161.0,607.0,141.0,-437.0
159.0,-671.0,116.0,-248.0,85.0,-35.0,213.0,602.0,138.0,-420.0
152.0,-891.0,124.0,-240.0,72.0,-55.0,217.0,413.0,123.0,-396.0
120.0,-1034.0,141.0,-224.0,65.0,11.0,185.0,327.0,85.0,-349.0
88.0,-1075.0,114.0,-200.0,64.0,43.0,166.0,140.0,20.0,-266.0
75.0,-1048.0,86.0,-171.0,64.0,-118.0,110.0,192.0,-53.0,-209.0
50.0,-998.0,80.0,-158.0,63.0,-299.0,85.0,354.0,-129.0,-127.0
31.0,-904.0,32.0,-103.0,67.0,-302.0,96.0,328.0,-202.0,-13.0
0.0,-731.0,22.0,-56.0,78.0,-246.0,91.0,338.0,-279.0,119.0
-30.0,-538.0,-8.0,-49.0,86.0,-258.0,76.0,197.0,-337.0,258.0
-28.0,-372.0,-17.0,-53.0,85.0,-239.0,34.0,179.0,-379.0,389.0
-44.0,-226.0,-26.0,-43.0,71.0,-85.0,2.0,258.0,-409.0,540.0
-59.0,-152.0,-4.0,-12.0,53.0,8.0,-32.0,293.0,-436.0,649.0
-82.0,-189.0,40.0,14.0,42.0,-97.0,-80.0,256.0,-455.0,727.0
-87.0,-277.0,70.0,65.0,46.0,-153.0,-92.0,206.0,-465.0,827.0
-87.0,-329.0,139.0,126.0,68.0,-131.0,-62.0,321.0,-485.0,901.0
-79.0,-288.0,130.0,174.0,93.0,-135.0,2.0,328.0,-491.0,956.0
-89.0,-156.0,174.0,193.0,115.0,-181.0,54.0,363.0,-520.0,1014.0
-86.0,8.0,180.0,186.0,131.0,-172.0,93.0,260.0,-551.0,1073.0
-75.0,186.0,146.0,163.0,130.0,-12.0,79.0,116.0,-561.0,1122.0
-87.0,444.0,224.0,124.0,115.0,30.0,22.0,184.0,-565.0,1129.0
-83.0,816.0,177.0,99.0,95.0,-56.0,-20.0,99.0,-548.0,1135.0
-112.0,1215.0,182.0,96.0,76.0,-48.0,-66.0,158.0,-540.0,1143.0
-108.0,1496.0,220.0,94.0,51.0,-60.0,-71.0,214.0,-512.0,1104.0
-94.0,1556.0,184.0,92.0,19.0,-161.0,-82.0,114.0,-479.0,1040.0
-60.0,1446.0,186.0,84.0,-10.0,-159.0,-111.0,-18.0,-458.0,969.0
-31.0,1300.0,221.0,54.0,-24.0,-93.0,-74.0,-201.0,-405.0,913.0
-33.0,1135.0,226.0,19.0,-25.0,-129.0,-6.0,-214.0,-364.0,859.0
9.0,941.0,188.0,34.0,-26.0,-181.0,55.0,-256.0,-325.0,819.0
43.0,735.0,236.0,100.0,-33.0,-150.0,98.0,-245.0,-288.0,805.0
60.0,498.0,184.0,166.0,-35.0,-27.0,113.0,-249.0,-282.0,790.0
64.0,292.0,195.0,201.0,-26.0,-19.0,109.0,-192.0,-273.0,772.0
83.0,175.0,236.0,236.0,-6.0,-116.0,71.0,-22.0,-242.0,756.0
113.0,94.0,227.0,269.0,10.0,-73.0,53.0,-18.0,-202.0,752.0
129.0,-36.0,294.0,297.0,20.0,-2.0,96.0,145.0,-152.0,742.0
132.0,-259.0,306.0,340.0,32.0,34.0,144.0,195.0,-95.0,707.0
124.0,-546.0,336.0,366.0,46.0,57.0,174.0,94.0,-44.0,686.0
134.0,-771.0,330.0,390.0,66.0,143.0,180.0,109.0,11.0,669.0
130.0,-815.0,358.0,408.0,92.0,236.0,165.0,107.0,61.0,624.0
115.0,-719.0,332.0,439.0,128.0,136.0,121.0,206.0,114.0,581.0
95.0,-560.0,314.0,505.0,160.0,117.0,79.0,194.0,154.0,546.0
80.0,-394.0,332.0,558.0,168.0,290.0,85.0,181.0,169.0,481.0
88.0,-319.0,276.0,581.0,160.0,377.0,118.0,131.0,205.0,397.0
67.0,-399.0,268.0,603.0,140.0,327.0,166.0,-51.0,246.0,332.0
42.0,-565.0,208.0,605.0,109.0,290.0,216.0,-35.0,284.0,263.0
35.0,-702.0,191.0,577.0,67.0,308.0,253.0,36.0,329.0,188.0
15.0,-737.0,93.0,555.0,25.0,268.0,291.0,330.0,363.0,128.0
12.0,-627.0,0.0,512.0,-12.0,224.0,319.0,552.0,382.0,93.0
-7.0,-399.0,-38.0,468.0,-42.0,241.0,336.0,526.0,383.0,71.0
-50.0,-142.0,-153.0,427.0,-66.0,239.0,346.0,413.0,371.0,31.0
-56.0,51.0,-199.0,347.0,-96.0,191.0,344.0,127.0,366.0,0.0
-61.0,120.0,-263.0,238.0,-136.0,113.0,322.0,125.0,369.0,-7.0
-49.0,90.0,-318.0,130.0,-183.0,93.0,286.0,129.0,381.0,-33.0
-38.0,41.0,-363.0,79.0,-215.0,57.0,287.0,105.0,399.0,-59.0
-45.0,7.0,-407.0,29.0,-218.0,-15.0,322.0,48.0,433.0,-54.0
-37.0,2.0,-440.0,-26.0,-204.0,23.0,347.0,-138.0,470.0,-49.0
-52.0,75.0,-472.0,-74.0,-185.0,77.0,350.0,-90.0,476.0,-61.0
-38.0,243.0,-495.0,-132.0,-174.0,69.0,311.0,-73.0,456.0,-80.0
-32.0,411.0,-520.0,-177.0,-179.0,45.0,239.0,103.0,418.0,-72.0
-12.0,478.0,-507.0,-220.0,-186.0,66.0,192.0,317.0,383.0,-111.0
29.0,422.0,-493.0,-250.0,-190.0,123.0,177.0,489.0,343.0,-183.0
39.0,297.0,-489.0,-278.0,-193.0,187.0,188.0,707.0,297.0,-213.0
80.0,181.0,-467.0,-314.0,-195.0,258.0,207.0,866.0,247.0,-248.0
116.0,113.0,-430.0,-361.0,-204.0,275.0,215.0,997.0,192.0,-288.0
147.0,86.0,-449.0,-430.0,-219.0,222.0,190.0,744.0,147.0,-330.0
117.0,83.0,-408.0,-511.0,-228.0,137.0,160.0,648.0,118.0,-340.0
111.0,80.0,-362.0,-556.0,-226.0,119.0,178.0,521.0,89.0,-351.0
131.0,34.0,-373.0,-562.0,-210.0,185.0,176.0,323.0,58.0,-413.0
118.0,-58.0,-293.0,-567.0,-173.0,197.0,173.0,445.0,53.0,-474.0
100.0,-173.0,-268.0,-532.0,-116.0,216.0,188.0,212.0,84.0,-501.0
66.0,-284.0,-235.0,-454.0,-54.0,269.0,184.0,99.0,102.0,-546.0
56.0,-348.0,-170.0,-402.0,9.0,219.0,191.0,68.0,105.0,-615.0
0.0,-331.0,-141.0,-366.0,77.0,138.0,182.0,-121.0,126.0,-636.0
-24.0,-232.0,-96.0,-311.0,142.0,89.0,194.0,-144.0,137.0,-646.0
-53.0,-71.0,-66.0,-237.0,197.0,138.0,207.0,-197.0,145.0,-675.0
-61.0,101.0,2.0,-135.0,239.0,158.0,191.0,-36.0,157.0,-701.0
-32.0,253.0,28.0,-44.0,274.0,69.0,211.0,238.0,152.0,-682.0
-22.0,415.0,83.0,1.0,307.0,82.0,229.0,428.0,134.0,-664.0
-12.0,595.0,151.0,10.0,331.0,159.0,233.0,423.0,92.0,-661.0
-21.0,757.0,165.0,-13.0,336.0,264.0,236.0,269.0,49.0,-612.0
31.0,864.0,239.0,-58.0,315.0,239.0,255.0,243.0,-1.0,-562.0
49.0,876.0,258.0,-95.0,274.0,171.0,278.0,251.0,-71.0,-514.0
54.0,821.0,294.0,-140.0,223.0,243.0,282.0,371.0,-143.0,-478.0
49.0,753.0,314.0,-179.0,163.0,294.0,285.0,339.0,-201.0,-426.0
43.0,637.0,314.0,-214.0,108.0,351.0,250.0,164.0,-221.0,-362.0
58.0,435.0,346.0,-257.0,62.0,318.0,199.0,84.0,-212.0,-344.0
46.0,242.0,340.0,-280.0,17.0,256.0,169.0,49.0,-189.0,-301.0
39.0,155.0,361.0,-308.0,-27.0,254.0,166.0,203.0,-162.0,-209.0
27.0,143.0,369.0,-310.0,-72.0,246.0,176.0,105.0,-110.0,-132.0
35.0,139.0,375.0,-311.0,-111.0,251.0,199.0,-96.0,-60.0,-48.0
37.0,145.0,380.0,-332.0,-130.0,189.0,247.0,-171.0,-40.0,74.0
37.0,270.0,390.0,-338.0,-121.0,244.0,281.0,-227.0,-12.0,224.0
27.0,553.0,384.0,-341.0,-83.0,330.0,309.0,-112.0,27.0,361.0
33.0,840.0,388.0,-321.0,-30.0,206.0,285.0,-92.0,80.0,474.0
39.0,972.0,393.0,-301.0,28.0,-14.0,250.0,88.0,136.0,598.0
30.0,959.0,337.0,-286.0,83.0,-107.0,241.0,125.0,177.0,687.0
31.0,899.0,325.0,-267.0,134.0,47.0,209.0,-20.0,206.0,730.0
43.0,816.0,262.0,-246.0,174.0,212.0,188.0,-11.0,244.0,758.0
43.0,690.0,168.0,-236.0,188.0,196.0,158.0,-109.0,281.0,772.0
33.0,554.0,143.0,-243.0,179.0,121.0,126.0,-62.0,303.0,767.0
42.0,429.0,39.0,-217.0,150.0,108.0,91.0,-144.0,322.0,740.0
43.0,256.0,0.0,-173.0,115.0,66.0,93.0,-171.0,330.0,732.0
41.0,19.0,-36.0,-130.0,102.0,-12.0,112.0,-84.0,333.0,744.0
21.0,-231.0,-115.0,-75.0,114.0,7.0,97.0,-68.0,360.0,735.0
29.0,-434.0,-109.0,-22.0,138.0,133.0,55.0,94.0,365.0,725.0
36.0,-562.0,-203.0,18.0,167.0,183.0,-15.0,25.0,350.0,753.0
32.0,-652.0,-278.0,47.0,193.0,103.0,-62.0,-12.0,332.0,778.0
36.0,-779.0,-320.0,69.0,211.0,81.0,-102.0,-25.0,275.0,817.0
33.0,-966.0,-396.0,106.0,213.0,112.0,-91.0,-29.0,211.0,888.0
15.0,-1126.0,-431.0,152.0,203.0,47.0,-59.0,73.0,131.0,949.0
-9.0,-1181.0,-430.0,191.0,184.0,-116.0,-49.0,18.0,45.0,1009.0
-47.0,-1095.0,-457.0,232.0,164.0,-161.0,-24.0,55.0,-9.0,1049.0
-87.0,-882.0,-476.0,263.0,137.0,-91.0,-32.0,-123.0,-64.0,1071.0
-84.0,-594.0,-452.0,301.0,100.0,-85.0,-62.0,-334.0,-121.0,1079.0
-131.0,-291.0,-440.0,346.0,58.0,-95.0,-117.0,-310.0,-184.0,1040.0
-151.0,-11.0,-444.0,356.0,10.0,-131.0,-147.0,-338.0,-227.0,973.0
-170.0,229.0,-405.0,330.0,-35.0,-141.0,-136.0,-312.0,-228.0,898.0
-169.0,380.0,-384.0,274.0,-83.0,-140.0,-144.0,-295.0,-236.0,804.0
-177.0,405.0,-385.0,207.0,-125.0,-121.0,-124.0,-175.0,-240.0,683.0
-222.0,346.0,-333.0,159.0,-154.0,-4.0,-107.0,-243.0,-221.0,554.0
-228.0,255.0,-338.0,147.0,-174.0,34.0,-116.0,-312.0,-201.0,430.0
-246.0,149.0,-281.0,150.0,-183.0,-4.0,-107.0,-120.0,-154.0,275.0
-205.0,45.0,-238.0,121.0,-185.0,-90.0,-106.0,3.0,-100.0,120.0
-195.0,-26.0,-218.0,82.0,-184.0,-176.0,-128.0,140.0,-62.0,-25.0
-155.0,-32.0,-173.0,76.0,-169.0,-179.0,-151.0,120.0,-24.0,-166.0
-119.0,23.0,-135.0,90.0,-135.0,-158.0,-166.0,199.0,19.0,-295.0
-74.0,125.0,-110.0,86.0,-88.0,-104.0,-171.0,280.0,57.0,-414.0
-7.0,302.0,-91.0,102.0,-43.0,-118.0,-163.0,288.0,54.0,-480.0
6.0,528.0,-21.0,134.0,-12.0,-205.0,-151.0,343.0,8.0,-535.0
61.0,645.0,-14.0,151.0,12.0,-116.0,-137.0,197.0,-22.0,-579.0
125.0,581.0,44.0,190.0,27.0,-13.0,-129.0,158.0,-53.0,-591.0
214.0,454.0,75.0,194.0,30.0,-81.0,-129.0,-25.0,-100.0,-579.0
251.0,415.0,80.0,164.0,14.0,-126.0,-98.0,-234.0,-159.0,-560.0
321.0,474.0,116.0,176.0,-14.0,-129.0,-50.0,-258.0,-240.0,-541.0
400.0,543.0,142.0,195.0,-40.0,-171.0,-11.0,-219.0,-310.0,-489.0
446.0,545.0,177.0,233.0,-56.0,-332.0,24.0,5.0,-376.0,-429.0
482.0,433.0,216.0,277.0,-56.0,-378.0,42.0,116.0,-437.0,-392.0
481.0,235.0,268.0,309.0,-56.0,-211.0,56.0,236.0,-462.0,-369.0
482.0,3.0,293.0,346.0,-51.0,-104.0,60.0,66.0,-465.0,-327.0
467.0,-198.0,350.0,361.0,-43.0,-76.0,63.0,-321.0,-483.0,-303.0
469.0,-333.0,370.0,400.0,-41.0,-90.0,61.0,-400.0,-501.0,-286.0
458.0,-403.0,393.0,453.0,-29.0,-122.0,40.0,-509.0,-514.0,-244.0
448.0,-426.0,393.0,502.0,-7.0,-233.0,26.0,-511.0,-536.0,-214.0
401.0,-416.0,379.0,530.0,23.0,-284.0,26.0,-539.0,-541.0,-192.0
366.0,-338.0,378.0,494.0,53.0,-216.0,45.0,-515.0,-498.0,-174.0
307.0,-216.0,344.0,452.0,77.0,-163.0,60.0,-314.0,-405.0,-147.0
259.0,-120.0,309.0,414.0,98.0,-137.0,91.0,-258.0,-303.0,-121.0
233.0,-59.0,269.0,381.0,118.0,-187.0,148.0,-18.0,-186.0,-117.0
177.0,-32.0,264.0,340.0,125.0,-190.0,213.0,153.0,-53.0,-93.0
154.0,-38.0,208.0,282.0,116.0,-249.0,285.0,369.0,48.0,-60.0
95.0,-81.0,159.0,214.0,100.0,-370.0,333.0,689.0,143.0,-72.0
83.0,-181.0,130.0,116.0,90.0,-329.0,327.0,687.0,253.0,-92.0
29.0,-325.0,67.0,36.0,96.0,-196.0,304.0,598.0,353.0,-121.0
-27.0,-454.0,35.0,-6.0,109.0,-93.0,292.0,304.0,431.0,-163.0
-49.0,-481.0,9.0,3.0,130.0,-82.0,266.0,90.0,498.0,-220.0
-91.0,-340.0,-24.0,40.0,145.0,-97.0,257.0,-125.0,550.0,-278.0
-113.0,-89.0,-55.0,44.0,148.0,-166.0,236.0,-408.0,589.0,-290.0
-149.0,129.0,-74.0,34.0,138.0,-283.0,210.0,-424.0,613.0,-318.0
-163.0,282.0,-114.0,37.0,106.0,-276.0,216.0,-617.0,617.0,-351.0
-200.0,362.0,-116.0,67.0,63.0,-160.0,216.0,-774.0,617.0,-351.0
-218.0,355.0,-124.0,131.0,21.0,-121.0,213.0,-827.0,588.0,-355.0
-251.0,346.0,-155.0,201.0,-7.0,-178.0,232.0,-729.0,529.0,-366.0
-295.0,353.0,-155.0,247.0,-21.0,-217.0,277.0,-563.0,471.0,-383.0
-324.0,322.0,-175.0,271.0,-19.0,-233.0,301.0,-574.0,397.0,-374.0
-357.0,212.0,-195.0,261.0,0.0,-234.0,322.0,-349.0,287.0,-343.0
-370.0,17.0,-192.0,221.0,22.0,-215.0,328.0,-173.0,172.0,-336.0
-383.0,-175.0,-153.0,168.0,39.0,-171.0,312.0,-79.0,67.0,-315.0
-359.0,-260.0,-132.0,75.0,38.0,-162.0,334.0,-27.0,-37.0,-269.0
-335.0,-208.0,-73.0,-37.0,20.0,-237.0,331.0,-79.0,-115.0,-240.0
-283.0,-59.0,-8.0,-132.0,0.0,-323.0,318.0,-38.0,-163.0,-217.0
-239.0,75.0,43.0,-252.0,-5.0,-337.0,318.0,68.0,-187.0,-168.0
-182.0,146.0,116.0,-418.0,6.0,-306.0,271.0,354.0,-185.0,-96.0
-87.0,162.0,148.0,-547.0,25.0,-308.0,229.0,325.0,-169.0,-36.0
-23.0,160.0,243.0,-629.0,49.0,-300.0,196.0,240.0,-116.0,35.0
40.0,196.0,252.0,-660.0,53.0,-304.0,173.0,123.0,-51.0,136.0
106.0,254.0,299.0,-660.0,28.0,-335.0,171.0,-343.0,27.0,205.0
200.0,326.0,346.0,-671.0,-17.0,-397.0,121.0,-513.0,121.0,239.0
259.0,431.0,325.0,-646.0,-72.0,-468.0,73.0,-570.0,192.0,278.0
303.0,510.0,396.0,-619.0,-109.0,-371.0,42.0,-528.0,239.0,310.0
366.0,483.0,375.0,-553.0,-126.0,-298.0,6.0,-515.0,263.0,307.0
413.0,384.0,396.0,-456.0,-126.0,-376.0,-25.0,-569.0,233.0,291.0
439.0,285.0,373.0,-338.0,-120.0,-436.0,-64.0,-419.0,166.0,313.0
455.0,242.0,318.0,-203.0,-124.0,-519.0,-81.0,-384.0,120.0,342.0
486.0,257.0,278.0,-132.0,-132.0,-556.0,-88.0,-201.0,58.0,352.0
488.0,246.0,215.0,-104.0,-145.0,-529.0,-93.0,-97.0,6.0,381.0
461.0,139.0,184.0,-106.0,-160.0,-494.0,-84.0,-112.0,-8.0,416.0
426.0,-80.0,137.0,-115.0,-171.0,-426.0,-76.0,-81.0,-24.0,430.0
403.0,-346.0,151.0,-104.0,-181.0,-413.0,-79.0,-212.0,-38.0,427.0
383.0,-552.0,116.0,-62.0,-188.0,-366.0,-58.0,-210.0,-59.0,447.0
356.0,-683.0,116.0,-10.0,-192.0,-334.0,-26.0,-408.0,-104.0,460.0
302.0,-725.0,107.0,40.0,-186.0,-476.0,-30.0,-500.0,-161.0,430.0
241.0,-623.0,85.0,99.0,-173.0,-622.0,-40.0,-330.0,-187.0,391.0
199.0,-418.0,123.0,138.0,-154.0,-626.0,-34.0,-339.0,-201.0,329.0
143.0,-236.0,135.0,176.0,-125.0,-465.0,-28.0,-206.0,-212.0,244.0
108.0,-153.0,178.0,213.0,-97.0,-327.0,-26.0,-184.0,-202.0,108.0
81.0,-179.0,226.0,217.0,-69.0,-327.0,-3.0,-345.0,-207.0,-23.0
54.0,-282.0,241.0,232.0,-45.0,-307.0,20.0,-484.0,-212.0,-108.0
23.0,-422.0,242.0,248.0,-25.0,-267.0,55.0,-443.0,-227.0,-226.0
7.0,-524.0,262.0,256.0,1.0,-252.0,84.0,-295.0,-246.0,-334.0
-9.0,-462.0,253.0,256.0,21.0,-233.0,121.0,-236.0,-264.0,-409.0
-22.0,-220.0,233.0,204.0,41.0,-152.0,156.0,-201.0,-285.0,-475.0
-16.0,59.0,211.0,142.0,64.0,-75.0,155.0,-356.0,-274.0,-529.0
-8.0,229.0,184.0,81.0,82.0,-113.0,171.0,-399.0,-283.0,-577.0
23.0,262.0,139.0,62.0,96.0,-181.0,166.0,-502.0,-304.0,-590.0
49.0,231.0,82.0,65.0,98.0,-184.0,165.0,-624.0,-297.0,-592.0
89.0,202.0,53.0,27.0,81.0,-154.0,163.0,-513.0,-288.0,-597.0
133.0,205.0,-20.0,0.0,66.0,-158.0,171.0,-576.0,-286.0,-572.0
175.0,213.0,-81.0,-29.0,65.0,-90.0,152.0,-391.0,-298.0,-521.0
210.0,221.0,-106.0,-93.0,80.0,14.0,105.0,-195.0,-307.0,-471.0
259.0,292.0,-145.0,-129.0,111.0,-26.0,143.0,-282.0,-290.0,-422.0
304.0,406.0,-137.0,-122.0,140.0,-63.0,183.0,-269.0,-262.0,-341.0
327.0,488.0,-111.0,-97.0,156.0,-30.0,246.0,-216.0,-211.0,-239.0
352.0,568.0,-91.0,-48.0,155.0,-56.0,310.0,-40.0,-147.0,-159.0
383.0,708.0,-49.0,-16.0,146.0,-143.0,304.0,188.0,-118.0,-66.0
391.0,883.0,-42.0,21.0,133.0,-185.0,296.0,448.0,-82.0,49.0
382.0,1064.0,-19.0,76.0,114.0,-134.0,275.0,469.0,-34.0,135.0
403.0,1231.0,-10.0,151.0,89.0,-134.0,236.0,282.0,1.0,183.0
400.0,1355.0,-10.0,222.0,62.0,-201.0,229.0,177.0,30.0,222.0
408.0,1399.0,11.0,262.0,36.0,-160.0,255.0,38.0,43.0,281.0
388.0,1295.0,5.0,301.0,11.0,-95.0,316.0,83.0,65.0,312.0
389.0,1007.0,22.0,324.0,-7.0,-142.0,376.0,-3.0,100.0,334.0
394.0,573.0,35.0,359.0,-25.0,-190.0,374.0,-75.0,129.0,402.0
356.0,76.0,32.0,411.0,-45.0,-201.0,350.0,-48.0,144.0,467.0
348.0,-419.0,43.0,449.0,-71.0,-260.0,322.0,-157.0,151.0,520.0
320.0,-840.0,28.0,463.0,-97.0,-343.0,316.0,27.0,145.0,561.0
313.0,-1147.0,27.0,460.0,-114.0,-362.0,328.0,25.0,124.0,608.0
283.0,-1356.0,43.0,478.0,-131.0,-286.0,343.0,-60.0,90.0,647.0
267.0,-1445.0,55.0,511.0,-145.0,-143.0,318.0,0.0,55.0,643.0
267.0,-1391.0,109.0,505.0,-149.0,-82.0,268.0,-20.0,16.0,664.0
252.0,-1259.0,97.0,480.0,-136.0,-41.0,239.0,-36.0,-19.0,676.0
254.0,-1159.0,135.0,449.0,-107.0,-6.0,236.0,-216.0,-43.0,646.0
247.0,-1105.0,142.0,405.0,-63.0,-75.0,304.0,-212.0,-69.0,593.0
241.0,-1033.0,112.0,380.0,-14.0,-96.0,345.0,-171.0,-97.0,545.0
259.0,-913.0,152.0,352.0,19.0,-16.0,339.0,-262.0,-128.0,505.0
271.0,-792.0,91.0,314.0,33.0,99.0,291.0,-223.0,-129.0,435.0
258.0,-733.0,97.0,269.0,30.0,11.0,221.0,-184.0,-129.0,370.0
274.0,-735.0,55.0,205.0,25.0,-127.0,181.0,-105.0,-113.0,335.0
286.0,-790.0,30.0,112.0,25.0,-112.0,158.0,-60.0,-74.0,291.0
304.0,-843.0,21.0,14.0,29.0,-85.0,174.0,-5.0,-37.0,224.0
297.0,-803.0,-48.0,-72.0,28.0,4.0,186.0,9.0,17.0,194.0
291.0,-637.0,-49.0,-152.0,19.0,50.0,183.0,1.0,69.0,205.0
292.0,-401.0,-139.0,-214.0,-3.0,-9.0,174.0,92.0,128.0,198.0
250.0,-174.0,-156.0,-273.0,-29.0,-125.0,176.0,57.0,184.0,189.0
229.0,16.0,-185.0,-341.0,-39.0,-200.0,180.0,16.0,261.0,188.0
188.0,212.0,-231.0,-415.0,-38.0,-147.0,183.0,-60.0,341.0,166.0
121.0,481.0,-216.0,-456.0,-20.0,-66.0,185.0,-40.0,407.0,110.0
65.0,798.0,-240.0,-474.0,11.0,-111.0,191.0,-33.0,474.0,44.0
29.0,1016.0,-229.0,-485.0,48.0,-258.0,199.0,-197.0,508.0,-11.0
-37.0,1028.0,-226.0,-462.0,79.0,-321.0,190.0,-99.0,542.0,-71.0
-99.0,918.0,-179.0,-432.0,104.0,-290.0,191.0,-127.0,545.0,-130.0
-123.0,802.0,-178.0,-398.0,115.0,-234.0,209.0,-153.0,537.0,-163.0
-160.0,696.0,-182.0,-376.0,104.0,-179.0,265.0,-158.0,531.0,-178.0
-204.0,580.0,-136.0,-344.0,68.0,-166.0,274.0,-397.0,511.0,-198.0
-244.0,449.0,-144.0,-291.0,10.0,-252.0,244.0,-541.0,511.0,-217.0
-247.0,285.0,-119.0,-216.0,-51.0,-338.0,214.0,-674.0,498.0,-222.0
-248.0,105.0,-94.0,-123.0,-99.0,-351.0,143.0,-489.0,478.0,-214.0
-245.0,-8.0,-90.0,-43.0,-122.0,-345.0,84.0,-332.0,435.0,-218.0
-233.0,-103.0,-90.0,51.0,-125.0,-356.0,11.0,-376.0,380.0,-209.0
-214.0,-308.0,-100.0,129.0,-118.0,-386.0,-43.0,-243.0,337.0,-189.0
-180.0,-582.0,-100.0,194.0,-109.0,-352.0,-53.0,-109.0,270.0,-196.0
-163.0,-794.0,-89.0,263.0,-106.0,-352.0,-41.0,70.0,196.0,-207.0
-142.0,-886.0,-77.0,294.0,-112.0,-404.0,18.0,109.0,128.0,-209.0
-118.0,-913.0,-65.0,309.0,-118.0,-363.0,77.0,230.0,72.0,-203.0
-78.0,-963.0,-26.0,306.0,-120.0,-317.0,107.0,308.0,-5.0,-216.0
-35.0,-1047.0,-2.0,263.0,-130.0,-325.0,126.0,84.0,-90.0,-242.0
-8.0,-1097.0,10.0,218.0,-138.0,-319.0,110.0,-38.0,-173.0,-239.0
32.0,-1040.0,31.0,174.0,-129.0,-265.0,67.0,-158.0,-275.0,-228.0
74.0,-912.0,34.0,117.0,-92.0,-201.0,60.0,-218.0,-367.0,-231.0
104.0,-733.0,62.0,69.0,-42.0,-184.0,67.0,-243.0,-445.0,-220.0
127.0,-449.0,74.0,35.0,0.0,-204.0,57.0,-251.0,-504.0,-196.0
139.0,-75.0,81.0,38.0,24.0,-214.0,59.0,-271.0,-551.0,-193.0
153.0,302.0,128.0,47.0,27.0,-208.0,18.0,-371.0,-563.0,-227.0
185.0,585.0,140.0,55.0,12.0,-291.0,-52.0,-245.0,-554.0,-267.0
206.0,738.0,152.0,51.0,-20.0,-327.0,-113.0,-219.0,-544.0,-279.0
228.0,837.0,187.0,32.0,-57.0,-214.0,-163.0,-147.0,-510.0,-295.0
248.0,965.0,170.0,33.0,-86.0,-113.0,-191.0,153.0,-484.0,-306.0
259.0,1097.0,165.0,26.0,-109.0,-107.0,-222.0,297.0,-456.0,-273.0
265.0,1155.0,174.0,23.0,-126.0,-200.0,-263.0,351.0,-403.0,-225.0
268.0,1128.0,154.0,32.0,-137.0,-181.0,-313.0,275.0,-331.0,-206.0
265.0,1022.0,182.0,31.0,-141.0,-102.0,-367.0,413.0,-276.0,-191.0
246.0,853.0,175.0,29.0,-145.0,-85.0,-408.0,500.0,-219.0,-153.0
241.0,657.0,198.0,59.0,-141.0,-62.0,-423.0,434.0,-161.0,-133.0
217.0,504.0,236.0,66.0,-113.0,-66.0,-409.0,508.0,-111.0,-137.0
193.0,411.0,235.0,37.0,-68.0,-58.0,-394.0,400.0,-56.0,-123.0
170.0,328.0,295.0,0.0,-18.0,-57.0,-404.0,484.0,-9.0,-112.0
149.0,229.0,300.0,-55.0,23.0,-39.0,-408.0,546.0,35.0,-135.0
142.0,101.0,344.0,-86.0,51.0,4.0,-399.0,502.0,73.0,-162.0
124.0,-86.0,320.0,-107.0,70.0,8.0,-381.0,465.0,116.0,-188.0
107.0,-339.0,281.0,-114.0,78.0,6.0,-356.0,184.0,159.0,-196.0
72.0,-563.0,327.0,-100.0,76.0,-8.0,-335.0,-38.0,176.0,-213.0
56.0,-658.0,230.0,-44.0,64.0,-57.0,-328.0,-208.0,177.0,-248.0
24.0,-574.0,223.0,25.0,45.0,-83.0,-347.0,-214.0,185.0,-248.0
-2.0,-384.0,196.0,58.0,31.0,-6.0,-370.0,-169.0,198.0,-258.0
-15.0,-262.0,99.0,86.0,21.0,106.0,-384.0,-234.0,208.0,-281.0
-53.0,-293.0,90.0,96.0,7.0,166.0,-400.0,-317.0,212.0,-287.0
-65.0,-435.0,28.0,110.0,-2.0,160.0,-424.0,-380.0,188.0,-284.0
-85.0,-615.0,-34.0,121.0,-11.0,120.0,-417.0,-256.0,151.0,-294.0
-92.0,-751.0,-43.0,122.0,-13.0,37.0,-405.0,-295.0,115.0,-309.0
-92.0,-784.0,-81.0,145.0,3.0,-78.0,-378.0,-288.0,83.0,-314.0
-103.0,-722.0,-139.0,190.0,35.0,-98.0,-333.0,-51.0,48.0,-321.0
-109.0,-551.0,-115.0,221.0,67.0,-39.0,-345.0,49.0,15.0,-334.0
-109.0,-297.0,-152.0,222.0,91.0,-33.0,-371.0,114.0,-1.0,-351.0
-92.0,-62.0,-174.0,237.0,111.0,-55.0,-409.0,24.0,-11.0,-323.0
-77.0,99.0,-157.0,274.0,135.0,-36.0,-442.0,-96.0,-4.0,-305.0
-60.0,239.0,-193.0,290.0,159.0,6.0,-428.0,-44.0,-23.0,-282.0
-55.0,458.0,-152.0,268.0,161.0,-20.0,-392.0,101.0,-60.0,-203.0
-47.0,756.0,-149.0,232.0,140.0,-103.0,-359.0,112.0,-73.0,-138.0
-32.0,1015.0,-138.0,183.0,103.0,-74.0,-338.0,-140.0,-70.0,-85.0
-10.0,1104.0,-121.0,121.0,62.0,-54.0,-342.0,-160.0,-67.0,-36.0
5.0,1015.0,-144.0,51.0,30.0,-170.0,-380.0,-131.0,-63.0,20.0
7.0,810.0,-134.0,-1.0,2.0,-166.0,-400.0,-105.0,-42.0,56.0
0.0,541.0,-160.0,-49.0,-15.0,-75.0,-412.0,-1.0,-16.0,86.0
-17.0,308.0,-175.0,-107.0,-22.0,-62.0,-405.0,-57.0,30.0,136.0
-11.0,172.0,-169.0,-134.0,-19.0,-118.0,-367.0,-57.0,98.0,172.0
-1.0,101.0,-229.0,-170.0,-11.0,-190.0,-336.0,-212.0,150.0,203.0
-6.0,57.0,-237.0,-211.0,-9.0,-188.0,-325.0,-212.0,200.0,208.0
-35.0,12.0,-238.0,-245.0,-12.0,-235.0,-351.0,-120.0,267.0,205.0
-54.0,-62.0,-285.0,-245.0,-12.0,-282.0,-361.0,-230.0,330.0,176.0
-76.0,-152.0,-220.0,-186.0,-16.0,-230.0,-325.0,-118.0,337.0,108.0
-118.0,-253.0,-253.0,-131.0,-22.0,-202.0,-291.0,-36.0,319.0,36.0
-136.0,-364.0,-235.0,-72.0,-36.0,-193.0,-263.0,25.0,315.0,-22.0
-148.0,-478.0,-195.0,-17.0,-50.0,-174.0,-261.0,109.0,322.0,-56.0
-147.0,-523.0,-283.0,32.0,-51.0,-166.0,-303.0,240.0,317.0,-86.0
-134.0,-398.0,-172.0,71.0,-46.0,-221.0,-344.0,264.0,287.0,-90.0
-92.0,-206.0,-179.0,75.0,-34.0,-340.0,-357.0,90.0,280.0,-49.0
-35.0,-129.0,-235.0,79.0,-18.0,-363.0,-315.0,121.0,279.0,4.0
11.0,-207.0,-114.0,70.0,2.0,-295.0,-240.0,33.0,268.0,63.0
62.0,-330.0,-145.0,62.0,34.0,-310.0,-154.0,84.0,254.0,153.0
87.0,-381.0,-144.0,44.0,72.0,-318.0,-102.0,291.0,253.0,250.0
145.0,-356.0,-62.0,9.0,109.0,-206.0,-105.0,327.0,270.0,329.0
205.0,-343.0,-118.0,2.0,130.0,-148.0,-125.0,397.0,291.0,397.0
254.0,-424.0,-93.0,-27.0,127.0,-194.0,-153.0,402.0,327.0,457.0
320.0,-605.0,-76.0,-78.0,103.0,-222.0,-170.0,437.0,352.0,480.0
372.0,-763.0,-127.0,-108.0,69.0,-270.0,-168.0,277.0,378.0,442.0
423.0,-718.0,-80.0,-162.0,26.0,-302.0,-148.0,182.0,439.0,399.0
456.0,-435.0,-79.0,-202.0,-25.0,-289.0,-144.0,325.0,502.0,340.0
491.0,-34.0,-84.0,-217.0,-70.0,-270.0,-133.0,412.0,541.0,261.0
486.0,376.0,-51.0,-249.0,-101.0,-198.0,-112.0,624.0,569.0,181.0
494.0,745.0,-8.0,-277.0,-115.0,-193.0,-88.0,524.0,605.0,98.0
506.0,1012.0,0.0,-314.0,-127.0,-189.0,-50.0,360.0,638.0,49.0
476.0,1132.0,26.0,-341.0,-143.0,-157.0,-33.0,388.0,663.0,-1.0
467.0,1098.0,103.0,-311.0,-162.0,-229.0,4.0,354.0,674.0,-41.0
445.0,922.0,83.0,-266.0,-185.0,-331.0,12.0,391.0,666.0,-41.0
444.0,617.0,104.0,-206.0,-199.0,-269.0,-5.0,269.0,646.0,-26.0
414.0,244.0,168.0,-138.0,-203.0,-31.0,-22.0,297.0,620.0,0.0
393.0,-91.0,151.0,-109.0,-205.0,0.0,-21.0,367.0,580.0,57.0
393.0,-334.0,200.0,-108.0,-205.0,-150.0,-4.0,408.0,517.0,139.0
374.0,-468.0,243.0,-92.0,-204.0,-135.0,-49.0,607.0,449.0,201.0
352.0,-501.0,217.0,-36.0,-212.0,18.0,-69.0,681.0,379.0,259.0
329.0,-450.0,254.0,25.0,-222.0,42.0,-83.0,722.0,305.0,314.0
317.0,-393.0,255.0,89.0,-225.0,-62.0,-118.0,480.0,210.0,353.0
274.0,-390.0,204.0,138.0,-221.0,-61.0,-114.0,284.0,88.0,350.0
232.0,-413.0,195.0,172.0,-205.0,-27.0,-98.0,236.0,-14.0,314.0
173.0,-416.0,173.0,218.0,-182.0,-47.0,-74.0,216.0,-97.0,288.0
122.0,-390.0,99.0,276.0,-145.0,-51.0,-62.0,301.0,-160.0,243.0
66.0,-361.0,103.0,316.0,-88.0,66.0,-34.0,190.0,-218.0,205.0
20.0,-312.0,114.0,314.0,-31.0,187.0,-18.0,312.0,-278.0,194.0
-14.0,-188.0,88.0,317.0,9.0,90.0,-9.0,380.0,-338.0,224.0
-71.0,22.0,154.0,304.0,28.0,-9.0,29.0,434.0,-397.0,258.0
-96.0,253.0,150.0,277.0,37.0,20.0,43.0,565.0,-398.0,281.0
-142.0,416.0,155.0,269.0,52.0,42.0,29.0,166.0,-384.0,328.0
-177.0,480.0,196.0,238.0,74.0,111.0,2.0,-177.0,-401.0,355.0
-206.0,499.0,171.0,170.0,103.0,173.0,-7.0,-410.0,-406.0,358.0
-220.0,509.0,204.0,97.0,133.0,218.0,-22.0,-460.0,-423.0,338.0
-233.0,478.0,233.0,50.0,158.0,248.0,-49.0,-160.0,-442.0,338.0
-263.0,375.0,233.0,36.0,165.0,152.0,-50.0,112.0,-454.0,316.0
-276.0,261.0,251.0,51.0,146.0,135.0,-91.0,242.0,-428.0,255.0
-273.0,195.0,268.0,57.0,101.0,167.0,-141.0,53.0,-367.0,217.0
-237.0,122.0,262.0,58.0,44.0,134.0,-143.0,40.0,-313.0,166.0
-227.0,10.0,250.0,62.0,-8.0,43.0,-104.0,36.0,-249.0,90.0
-190.0,-97.0,261.0,38.0,-47.0,-36.0,-56.0,-51.0,-180.0,0.0
-145.0,-147.0,242.0,43.0,-66.0,37.0,-59.0,44.0,-103.0,-91.0
-123.0,-126.0,208.0,83.0,-65.0,89.0,-103.0,-46.0,-26.0,-165.0
-125.0,-86.0,210.0,127.0,-50.0,173.0,-168.0,33.0,59.0,-231.0
-159.0,-84.0,173.0,173.0,-30.0,281.0,-222.0,236.0,139.0,-258.0
-144.0,-133.0,157.0,179.0,-5.0,267.0,-244.0,508.0,209.0,-228.0
-143.0,-143.0,159.0,184.0,20.0,196.0,-247.0,661.0,293.0,-210.0
-155.0,-15.0,120.0,207.0,42.0,125.0,-238.0,626.0,372.0,-185.0
-178.0,182.0,113.0,227.0,64.0,156.0,-224.0,722.0,444.0,-136.0
-202.0,302.0,64.0,233.0,89.0,173.0,-211.0,600.0,472.0,-109.0
-219.0,326.0,28.0,217.0,113.0,137.0,-231.0,550.0,500.0,-105.0
-247.0,316.0,6.0,196.0,132.0,97.0,-263.0,415.0,547.0,-127.0
-263.0,270.0,-29.0,135.0,143.0,32.0,-264.0,264.0,553.0,-149.0
-301.0,146.0,-22.0,63.0,139.0,26.0,-283.0,262.0,522.0,-179.0
-322.0,-45.0,-29.0,-6.0,116.0,54.0,-340.0,83.0,480.0,-216.0
-348.0,-256.0,-42.0,-53.0,74.0,54.0,-377.0,123.0,419.0,-242.0
-377.0,-492.0,-13.0,-79.0,27.0,72.0,-359.0,79.0,323.0,-277.0
-381.0,-741.0,-31.0,-103.0,-21.0,78.0,-327.0,142.0,240.0,-318.0
-383.0,-909.0,-37.0,-103.0,-66.0,89.0,-338.0,301.0,131.0,-350.0
-371.0,-1010.0,-15.0,-111.0,-97.0,143.0,-357.0,142.0,-10.0,-364.0
-348.0,-1073.0,-96.0,-107.0,-118.0,133.0,-370.0,131.0,-109.0,-385.0
-339.0,-1027.0,-89.0,-115.0,-133.0,102.0,-403.0,96.0,-222.0,-413.0
-334.0,-882.0,-129.0,-133.0,-147.0,71.0,-430.0,181.0,-333.0,-421.0
-308.0,-752.0,-189.0,-150.0,-147.0,41.0,-434.0,358.0,-363.0,-408.0
-297.0,-687.0,-161.0,-179.0,-123.0,-12.0,-435.0,378.0,-382.0,-384.0
-286.0,-640.0,-231.0,-217.0,-77.0,-59.0,-443.0,373.0,-423.0,-350.0
-260.0,-547.0,-233.0,-262.0,-16.0,41.0,-400.0,254.0,-433.0,-293.0
-232.0,-331.0,-250.0,-279.0,47.0,112.0,-307.0,264.0,-423.0,-244.0
-179.0,-2.0,-289.0,-296.0,109.0,66.0,-247.0,186.0,-403.0,-188.0
-115.0,317.0,-262.0,-310.0,168.0,86.0,-208.0,97.0,-360.0,-118.0
-50.0,524.0,-274.0,-312.0,218.0,178.0,-192.0,153.0,-289.0,-56.0
-1.0,629.0,-278.0,-325.0,248.0,148.0,-191.0,75.0,-190.0,14.0
22.0,708.0,-274.0,-328.0,265.0,5.0,-168.0,140.0,-93.0,75.0
24.0,741.0,-259.0,-309.0,269.0,-14.0,-146.0,240.0,3.0,129.0
26.0,696.0,-267.0,-269.0,255.0,53.0,-107.0,238.0,119.0,170.0
65.0,601.0,-285.0,-193.0,226.0,34.0,-73.0,144.0,185.0,188.0
86.0,513.0,-309.0,-120.0,189.0,-9.0,-32.0,116.0,234.0,192.0
107.0,444.0,-339.0,-63.0,153.0,29.0,31.0,253.0,330.0,178.0
136.0,349.0,-359.0,-5.0,122.0,103.0,64.0,339.0,382.0,160.0
131.0,232.0,-390.0,38.0,97.0,134.0,67.0,463.0,404.0,117.0
119.0,87.0,-345.0,76.0,76.0,148.0,32.0,362.0,408.0,82.0
109.0,-86.0,-355.0,96.0,55.0,178.0,-7.0,256.0,364.0,50.0
80.0,-211.0,-357.0,98.0,30.0,112.0,-26.0,310.0,348.0,-6.0
61.0,-257.0,-309.0,110.0,5.0,19.0,-33.0,256.0,329.0,-36.0
66.0,-291.0,-330.0,127.0,-17.0,104.0,-6.0,341.0,286.0,-32.0
47.0,-355.0,-282.0,141.0,-31.0,247.0,44.0,297.0,276.0,-14.0
48.0,-419.0,-245.0,158.0,-25.0,241.0,63.0,134.0,253.0,18.0
82.0,-453.0,-239.0,163.0,-11.0,199.0,63.0,-12.0,192.0,78.0
118.0,-466.0,-198.0,159.0,-10.0,233.0,74.0,-51.0,167.0,160.0
132.0,-430.0,-183.0,166.0,-33.0,200.0,67.0,171.0,142.0,232.0
136.0,-327.0,-166.0,157.0,-66.0,132.0,65.0,275.0,116.0,286.0
158.0,-216.0,-116.0,138.0,-102.0,58.0,62.0,397.0,146.0,316.0
136.0,-151.0,-133.0,124.0,-137.0,-2.0,38.0,513.0,192.0,333.0
127.0,-150.0,-131.0,124.0,-168.0,71.0,20.0,559.0,217.0,335.0
143.0,-193.0,-113.0,164.0,-191.0,100.0,18.0,570.0,211.0,305.0
160.0,-234.0,-133.0,180.0,-210.0,32.0,24.0,530.0,219.0,284.0
171.0,-207.0,-97.0,178.0,-225.0,-25.0,31.0,556.0,218.0,275.0
145.0,-67.0,-104.0,183.0,-228.0,-76.0,55.0,533.0,187.0,259.0
126.0,125.0,-101.0,152.0,-222.0,-50.0,50.0,718.0,181.0,243.0
89.0,267.0,-85.0,128.0,-212.0,33.0,-10.0,630.0,177.0,235.0
83.0,305.0,-101.0,120.0,-200.0,62.0,-84.0,221.0,140.0,220.0
94.0,284.0,-81.0,109.0,-186.0,-4.0,-130.0,120.0,90.0,194.0
83.0,286.0,-67.0,117.0,-169.0,-39.0,-165.0,84.0,62.0,177.0
72.0,352.0,-55.0,122.0,-153.0,74.0,-193.0,339.0,40.0,135.0
53.0,471.0,-46.0,119.0,-140.0,123.0,-179.0,650.0,-18.0,95.0
31.0,553.0,-26.0,116.0,-130.0,13.0,-123.0,831.0,-56.0,43.0
-7.0,529.0,-10.0,88.0,-122.0,-3.0,-59.0,888.0,-31.0,-29.0
-26.0,439.0,0.0,51.0,-114.0,38.0,-25.0,606.0,-9.0,-85.0
-46.0,303.0,6.0,-4.0,-92.0,18.0,-21.0,509.0,-15.0,-158.0
-63.0,104.0,23.0,-77.0,-58.0,19.0,-39.0,439.0,0.0,-243.0
-87.0,-129.0,39.0,-194.0,-27.0,79.0,-77.0,454.0,51.0,-340.0
-109.0,-375.0,39.0,-305.0,-12.0,123.0,-72.0,620.0,112.0,-432.0
-102.0,-642.0,75.0,-365.0,-15.0,112.0,-56.0,631.0,147.0,-523.0
-98.0,-903.0,87.0,-418.0,-34.0,126.0,-87.0,572.0,201.0,-597.0
-104.0,-1070.0,113.0,-432.0,-61.0,177.0,-97.0,450.0,262.0,-646.0
-95.0,-1137.0,153.0,-432.0,-87.0,206.0,-96.0,526.0,309.0,-700.0
-50.0,-1137.0,146.0,-416.0,-108.0,149.0,-124.0,532.0,358.0,-742.0
-7.0,-1063.0,171.0,-357.0,-123.0,102.0,-174.0,548.0,361.0,-770.0
9.0,-923.0,175.0,-287.0,-128.0,124.0,-222.0,779.0,339.0,-777.0
5.0,-678.0,167.0,-211.0,-124.0,156.0,-222.0,877.0,350.0,-759.0
23.0,-334.0,188.0,-130.0,-115.0,193.0,-208.0,886.0,403.0,-718.0
36.0,-6.0,191.0,-62.0,-107.0,227.0,-212.0,761.0,406.0,-644.0
47.0,273.0,216.0,-23.0,-90.0,315.0,-219.0,650.0,384.0,-545.0
45.0,570.0,244.0,-7.0,-70.0,353.0,-253.0,558.0,407.0,-461.0
44.0,867.0,269.0,-7.0,-57.0,302.0,-321.0,620.0,417.0,-376.0
72.0,1047.0,297.0,-23.0,-47.0,216.0,-317.0,768.0,426.0,-301.0
58.0,1099.0,305.0,-32.0,-36.0,114.0,-240.0,609.0,436.0,-255.0
44.0,1089.0,297.0,-28.0,-26.0,184.0,-204.0,465.0,423.0,-215.0
29.0,1019.0,301.0,-38.0,-18.0,271.0,-189.0,218.0,386.0,-198.0
20.0,910.0,273.0,-38.0,-11.0,290.0,-180.0,55.0,340.0,-196.0
-6.0,776.0,220.0,10.0,9.0,373.0,-176.0,116.0,314.0,-214.0
-40.0,587.0,225.0,71.0,55.0,417.0,-201.0,147.0,250.0,-245.0
-53.0,353.0,178.0,121.0,108.0,410.0,-256.0,345.0,160.0,-278.0
-70.0,178.0,146.0,144.0,154.0,357.0,-256.0,291.0,100.0,-297.0
-89.0,77.0,131.0,127.0,183.0,366.0,-230.0,192.0,17.0,-310.0
-140.0,-23.0,95.0,136.0,190.0,448.0,-216.0,243.0,-76.0,-303.0
-180.0,-114.0,55.0,160.0,196.0,492.0,-228.0,155.0,-168.0,-232.0
-209.0,-182.0,12.0,184.0,208.0,449.0,-257.0,72.0,-255.0,-157.0
-236.0,-226.0,-21.0,218.0,216.0,358.0,-266.0,3.0,-288.0,-78.0
-256.0,-210.0,-82.0,212.0,216.0,375.0,-288.0,-7.0,-319.0,-1.0
-279.0,-132.0,-109.0,203.0,196.0,440.0,-325.0,-164.0,-365.0,54.0
-304.0,-3.0,-177.0,238.0,160.0,500.0,-392.0,-107.0,-378.0,86.0
-309.0,156.0,-195.0,280.0,112.0,555.0,-450.0,140.0,-371.0,82.0
-332.0,283.0,-222.0,312.0,66.0,561.0,-467.0,149.0,-372.0,68.0
-334.0,274.0,-240.0,333.0,35.0,511.0,-490.0,288.0,-346.0,24.0
-332.0,130.0,-244.0,366.0,14.0,408.0,-484.0,303.0,-286.0,-48.0
-348.0,-25.0,-285.0,384.0,9.0,324.0,-458.0,264.0,-221.0,-143.0
-338.0,-165.0,-239.0,376.0,10.0,428.0,-400.0,236.0,-135.0,-257.0
-370.0,-329.0,-275.0,367.0,6.0,557.0,-355.0,197.0,-27.0,-393.0
-386.0,-565.0,-244.0,312.0,-5.0,462.0,-354.0,325.0,55.0,-543.0
-413.0,-901.0,-190.0,274.0,-19.0,366.0,-349.0,136.0,108.0,-671.0
-441.0,-1254.0,-183.0,232.0,-28.0,335.0,-338.0,123.0,168.0,-783.0
-489.0,-1462.0,-125.0,158.0,-34.0,353.0,-305.0,273.0,221.0,-861.0
-534.0,-1379.0,-103.0,99.0,-39.0,315.0,-283.0,151.0,232.0,-910.0
-553.0,-983.0,-71.0,32.0,-41.0,269.0,-247.0,118.0,200.0,-931.0
-578.0,-409.0,-61.0,-25.0,-39.0,324.0,-215.0,-7.0,153.0,-932.0
-580.0,103.0,-8.0,-98.0,-27.0,281.0,-195.0,-114.0,117.0,-912.0
-601.0,385.0,10.0,-157.0,-5.0,242.0,-191.0,-79.0,78.0,-868.0
-605.0,497.0,6.0,-206.0,8.0,250.0,-235.0,83.0,50.0,-826.0
-622.0,575.0,32.0,-266.0,9.0,241.0,-239.0,147.0,27.0,-769.0
-620.0,660.0,28.0,-293.0,13.0,147.0,-211.0,142.0,-20.0,-700.0
-609.0,732.0,42.0,-318.0,21.0,68.0,-190.0,254.0,-60.0,-600.0
-603.0,803.0,51.0,-369.0,28.0,116.0,-174.0,109.0,-85.0,-482.0
-567.0,894.0,71.0,-397.0,43.0,173.0,-157.0,-18.0,-105.0,-373.0
-538.0,943.0,69.0,-420.0,66.0,192.0,-129.0,-14.0,-131.0,-239.0
-504.0,892.0,75.0,-441.0,88.0,87.0,-109.0,114.0,-156.0,-86.0
-447.0,802.0,68.0,-430.0,105.0,114.0,-77.0,145.0,-141.0,53.0
-391.0,745.0,51.0,-412.0,116.0,202.0,-59.0,14.0,-126.0,178.0
-334.0,733.0,65.0,-387.0,119.0,143.0,-69.0,118.0,-133.0,294.0
-271.0,706.0,21.0,-411.0,108.0,139.0,-77.0,-27.0,-143.0,420.0
-218.0,602.0,8.0,-421.0,78.0,115.0,-54.0,-188.0,-144.0,516.0
-158.0,411.0,-6.0,-383.0,39.0,116.0,-1.0,-81.0,-119.0,565.0
-114.0,183.0,-52.0,-346.0,8.0,154.0,39.0,134.0,-85.0,612.0
-48.0,-27.0,-63.0,-256.0,1.0,206.0,52.0,389.0,-61.0,649.0
6.0,-266.0,-92.0,-176.0,3.0,300.0,53.0,391.0,-57.0,673.0
42.0,-527.0,-93.0,-116.0,-1.0,325.0,52.0,412.0,-40.0,694.0
73.0,-697.0,-111.0,-61.0,-11.0,371.0,51.0,206.0,-2.0,696.0
98.0,-726.0,-145.0,4.0,-18.0,450.0,60.0,-24.0,26.0,672.0
143.0,-680.0,-143.0,100.0,-19.0,400.0,70.0,60.0,54.0,618.0
138.0,-634.0,-180.0,179.0,-15.0,285.0,81.0,18.0,64.0,561.0
116.0,-558.0,-182.0,257.0,-17.0,252.0,101.0,72.0,63.0,523.0
86.0,-384.0,-186.0,301.0,-26.0,251.0,128.0,149.0,61.0,477.0
79.0,-111.0,-209.0,305.0,-48.0,254.0,140.0,164.0,47.0,428.0
77.0,253.0,-169.0,304.0,-75.0,284.0,108.0,112.0,32.0,394.0
73.0,654.0,-181.0,320.0,-94.0,387.0,71.0,66.0,33.0,370.0
82.0,914.0,-175.0,351.0,-113.0,502.0,45.0,223.0,48.0,326.0
80.0,913.0,-138.0,377.0,-129.0,473.0,-4.0,254.0,56.0,281.0
106.0,729.0,-176.0,383.0,-147.0,406.0,-54.0,362.0,60.0,243.0
121.0,502.0,-187.0,368.0,-161.0,400.0,-53.0,330.0,52.0,180.0
135.0,342.0,-177.0,346.0,-165.0,339.0,-24.0,162.0,8.0,95.0
148.0,295.0,-213.0,331.0,-157.0,234.0,1.0,120.0,-33.0,-17.0
168.0,301.0,-194.0,351.0,-131.0,256.0,10.0,11.0,-70.0,-130.0
194.0,282.0,-190.0,336.0,-99.0,315.0,8.0,203.0,-107.0,-276.0
196.0,153.0,-211.0,311.0,-68.0,308.0,9.0,225.0,-108.0,-445.0
218.0,-128.0,-200.0,299.0,-32.0,306.0,-4.0,201.0,-121.0,-567.0
250.0,-491.0,-221.0,265.0,13.0,272.0,-4.0,336.0,-161.0,-660.0
270.0,-792.0,-216.0,288.0,59.0,258.0,14.0,147.0,-216.0,-719.0
281.0,-939.0,-219.0,326.0,96.0,191.0,42.0,53.0,-284.0,-729.0
302.0,-958.0,-237.0,365.0,118.0,148.0,50.0,35.0,-299.0,-693.0
311.0,-908.0,-240.0,411.0,133.0,225.0,45.0,168.0,-293.0,-623.0
302.0,-843.0,-251.0,427.0,146.0,231.0,86.0,219.0,-300.0,-531.0
302.0,-827.0,-273.0,446.0,160.0,224.0,120.0,164.0,-258.0,-445.0
279.0,-885.0,-265.0,421.0,171.0,217.0,148.0,134.0,-185.0,-350.0
278.0,-992.0,-255.0,352.0,181.0,250.0,188.0,-153.0,-122.0,-266.0
259.0,-1083.0,-271.0,286.0,194.0,241.0,215.0,-86.0,-67.0,-218.0
207.0,-1134.0,-242.0,245.0,192.0,185.0,230.0,42.0,16.0,-149.0
168.0,-1169.0,-225.0,213.0,160.0,232.0,212.0,27.0,87.0,-100.0
87.0,-1201.0,-213.0,162.0,105.0,246.0,196.0,73.0,117.0,-62.0
13.0,-1215.0,-182.0,128.0,26.0,196.0,198.0,24.0,122.0,-15.0
-60.0,-1176.0,-171.0,96.0,-54.0,155.0,225.0,199.0,114.0,2.0
-113.0,-1100.0,-145.0,65.0,-125.0,225.0,254.0,164.0,110.0,5.0
-138.0,-1026.0,-135.0,48.0,-188.0,285.0,256.0,20.0,60.0,-29.0
-193.0,-950.0,-89.0,26.0,-229.0,287.0,266.0,-48.0,-16.0,-56.0
-234.0,-780.0,-38.0,32.0,-249.0,311.0,253.0,-334.0,-86.0,-60.0
-271.0,-469.0,-20.0,43.0,-253.0,307.0,238.0,-461.0,-145.0,-86.0
-294.0,-145.0,31.0,31.0,-249.0,263.0,250.0,-484.0,-181.0,-108.0
-303.0,71.0,68.0,48.0,-247.0,183.0,292.0,-445.0,-250.0,-116.0
-325.0,198.0,126.0,54.0,-248.0,223.0,350.0,-352.0,-326.0,-134.0
-336.0,332.0,178.0,55.0,-239.0,275.0,372.0,-70.0,-364.0,-185.0
-364.0,505.0,235.0,79.0,-208.0,196.0,384.0,112.0,-389.0,-234.0
-406.0,693.0,286.0,86.0,-152.0,135.0,376.0,-46.0,-405.0,-262.0
-427.0,852.0,315.0,60.0,-84.0,189.0,358.0,101.0,-395.0,-304.0
-435.0,945.0,363.0,-17.0,-18.0,248.0,351.0,179.0,-339.0,-334.0
-424.0,944.0,386.0,-100.0,46.0,234.0,372.0,201.0,-237.0,-334.0
-402.0,859.0,421.0,-145.0,106.0,293.0,392.0,230.0,-165.0,-341.0
-378.0,757.0,447.0,-170.0,153.0,357.0,375.0,77.0,-141.0,-350.0
-373.0,644.0,471.0,-214.0,173.0,295.0,372.0,29.0,-123.0,-369.0
-388.0,542.0,468.0,-277.0,173.0,183.0,377.0,-40.0,-78.0,-401.0
-385.0,510.0,462.0,-349.0,168.0,162.0,378.0,25.0,-6.0,-414.0
-379.0,529.0,467.0,-426.0,161.0,259.0,407.0,-38.0,24.0,-426.0
-352.0,556.0,446.0,-489.0,152.0,302.0,464.0,-44.0,36.0,-405.0
-310.0,622.0,454.0,-538.0,141.0,197.0,483.0,9.0,59.0,-377.0
-277.0,779.0,455.0,-569.0,138.0,118.0,475.0,-184.0,54.0,-353.0
-236.0,918.0,455.0,-584.0,141.0,164.0,473.0,-194.0,12.0,-310.0
-199.0,895.0,465.0,-605.0,150.0,191.0,472.0,-273.0,-39.0,-273.0
-165.0,746.0,431.0,-610.0,164.0,229.0,475.0,-336.0,-63.0,-230.0
-135.0,602.0,413.0,-617.0,168.0,292.0,465.0,-388.0,-83.0,-221.0
-105.0,497.0,415.0,-624.0,155.0,337.0,458.0,-473.0,-108.0,-185.0
-71.0,404.0,380.0,-575.0,123.0,356.0,428.0,-397.0,-111.0,-131.0
-64.0,336.0,381.0,-528.0,82.0,365.0,405.0,-378.0,-121.0,-110.0
-54.0,263.0,344.0,-481.0,41.0,425.0,393.0,-243.0,-129.0,-54.0
-28.0,185.0,300.0,-382.0,-1.0,419.0,399.0,-86.0,-96.0,14.0
11.0,136.0,273.0,-297.0,-41.0,374.0,412.0,27.0,-72.0,94.0
52.0,124.0,193.0,-259.0,-62.0,388.0,414.0,88.0,-64.0,150.0
70.0,125.0,160.0,-228.0,-62.0,423.0,434.0,86.0,-59.0,191.0
91.0,117.0,123.0,-215.0,-57.0,349.0,425.0,212.0,-56.0,254.0
111.0,83.0,89.0,-205.0,-59.0,202.0,426.0,171.0,-73.0,269.0
146.0,10.0,50.0,-183.0,-74.0,219.0,438.0,75.0,-141.0,262.0
174.0,-32.0,33.0,-160.0,-98.0,259.0,439.0,-31.0,-207.0,266.0
187.0,5.0,4.0,-117.0,-118.0,204.0,450.0,-112.0,-259.0,263.0
210.0,64.0,-41.0,-65.0,-130.0,156.0,444.0,-22.0,-313.0,251.0
218.0,74.0,-31.0,-2.0,-139.0,197.0,430.0,-134.0,-356.0,233.0
218.0,38.0,-78.0,83.0,-139.0,257.0,396.0,-177.0,-395.0,250.0
221.0,-36.0,-112.0,200.0,-124.0,199.0,373.0,-319.0,-434.0,236.0
230.0,-190.0,-134.0,325.0,-107.0,147.0,352.0,-432.0,-463.0,195.0
239.0,-392.0,-185.0,418.0,-92.0,238.0,319.0,-136.0,-464.0,194.0
226.0,-547.0,-193.0,477.0,-79.0,331.0,283.0,16.0,-464.0,169.0
193.0,-647.0,-221.0,526.0,-70.0,317.0,233.0,73.0,-478.0,136.0
161.0,-763.0,-257.0,560.0,-55.0,329.0,178.0,-110.0,-458.0,104.0
133.0,-890.0,-273.0,567.0,-46.0,315.0,117.0,-295.0,-394.0,81.0
125.0,-922.0,-303.0,560.0,-49.0,244.0,78.0,-230.0,-310.0,55.0
109.0,-816.0,-335.0,557.0,-57.0,233.0,17.0,-142.0,-233.0,-7.0
111.0,-659.0,-336.0,540.0,-66.0,268.0,-32.0,-114.0,-167.0,-48.0
136.0,-540.0,-346.0,512.0,-65.0,221.0,-31.0,-264.0,-103.0,-67.0
133.0,-436.0,-366.0,508.0,-58.0,60.0,-13.0,-279.0,-64.0,-80.0
138.0,-351.0,-337.0,504.0,-42.0,87.0,19.0,-315.0,-41.0,-115.0
124.0,-327.0,-355.0,492.0,-18.0,227.0,17.0,-262.0,-31.0,-126.0
99.0,-281.0,-390.0,439.0,8.0,222.0,1.0,-188.0,-31.0,-129.0
73.0,-155.0,-387.0,381.0,40.0,173.0,-6.0,-412.0,-35.0,-152.0
39.0,7.0,-424.0,339.0,63.0,151.0,-7.0,-456.0,-56.0,-153.0
12.0,239.0,-428.0,276.0,87.0,179.0,-19.0,-371.0,-60.0,-167.0
-29.0,542.0,-438.0,225.0,120.0,166.0,-62.0,-212.0,-34.0,-174.0
-53.0,803.0,-457.0,180.0,155.0,104.0,-76.0,31.0,-22.0,-174.0
-95.0,996.0,-487.0,166.0,178.0,95.0,-87.0,68.0,-28.0,-157.0
-141.0,1150.0,-517.0,155.0,181.0,100.0,-114.0,-94.0,-39.0,-140.0
-169.0,1230.0,-533.0,133.0,166.0,-6.0,-142.0,-299.0,-42.0,-155.0
-222.0,1210.0,-558.0,125.0,138.0,-98.0,-174.0,-312.0,-18.0,-158.0
-267.0,1101.0,-545.0,114.0,115.0,-54.0,-204.0,-380.0,29.0,-159.0
-323.0,910.0,-544.0,87.0,105.0,-112.0,-218.0,-434.0,67.0,-187.0
-375.0,647.0,-536.0,72.0,106.0,-179.0,-215.0,-171.0,91.0,-230.0
-418.0,381.0,-503.0,77.0,113.0,-108.0,-187.0,22.0,96.0,-261.0
-451.0,90.0,-504.0,72.0,118.0,-60.0,-125.0,219.0,95.0,-276.0
-480.0,-275.0,-488.0,83.0,122.0,-127.0,-61.0,314.0,101.0,-321.0
-513.0,-594.0,-428.0,97.0,126.0,-257.0,-12.0,134.0,80.0,-387.0
-537.0,-716.0,-403.0,107.0,121.0,-310.0,3.0,-131.0,40.0,-416.0
-572.0,-639.0,-349.0,110.0,100.0,-252.0,11.0,-334.0,17.0,-447.0
-601.0,-485.0,-284.0,104.0,65.0,-120.0,28.0,-306.0,4.0,-490.0
-601.0,-365.0,-237.0,84.0,27.0,3.0,25.0,-354.0,-11.0,-503.0
-567.0,-342.0,-174.0,51.0,-6.0,30.0,32.0,-417.0,-1.0,-499.0
-541.0,-384.0,-151.0,27.0,-31.0,-41.0,40.0,-563.0,1.0,-491.0
-522.0,-433.0,-108.0,-3.0,-48.0,-41.0,22.0,-620.0,-3.0,-453.0
-492.0,-487.0,-58.0,-35.0,-55.0,56.0,12.0,-371.0,28.0,-376.0
-435.0,-559.0,-20.0,-65.0,-53.0,61.0,-1.0,-293.0,54.0,-310.0
-382.0,-665.0,8.0,-84.0,-50.0,-36.0,-46.0,-253.0,51.0,-274.0
-359.0,-797.0,35.0,-109.0,-44.0,-133.0,-84.0,-162.0,22.0,-230.0
-323.0,-915.0,69.0,-147.0,-26.0,-116.0,-92.0,-109.0,0.0,-175.0
-278.0,-966.0,82.0,-190.0,-5.0,-95.0,-109.0,-249.0,-2.0,-116.0
-223.0,-902.0,105.0,-214.0,4.0,-185.0,-104.0,-441.0,-6.0,-52.0
-161.0,-699.0,119.0,-200.0,-5.0,-218.0,-66.0,-522.0,-6.0,43.0
-108.0,-384.0,136.0,-190.0,-31.0,-108.0,-55.0,-604.0,-33.0,147.0
-60.0,-31.0,137.0,-174.0,-70.0,-6.0,-16.0,-84.0,-33.0,231.0
8.0,327.0,127.0,-151.0,-109.0,-23.0,29.0,389.0,0.0,321.0
72.0,650.0,95.0,-144.0,-135.0,-79.0,57.0,240.0,-4.0,396.0
129.0,886.0,69.0,-150.0,-146.0,-100.0,72.0,-38.0,5.0,452.0
147.0,980.0,68.0,-162.0,-150.0,-42.0,71.0,-410.0,13.0,509.0
146.0,855.0,31.0,-179.0,-158.0,12.0,95.0,-537.0,0.0,572.0
145.0,558.0,23.0,-188.0,-174.0,60.0,104.0,-473.0,10.0,635.0
133.0,307.0,14.0,-179.0,-189.0,95.0,117.0,-279.0,30.0,702.0
150.0,255.0,0.0,-179.0,-186.0,31.0,155.0,-321.0,23.0,759.0
168.0,319.0,-18.0,-155.0,-164.0,93.0,186.0,-436.0,6.0,803.0
176.0,345.0,-17.0,-130.0,-120.0,172.0,211.0,-254.0,22.0,829.0
128.0,263.0,-15.0,-126.0,-69.0,70.0,228.0,-399.0,53.0,809.0
87.0,133.0,-35.0,-146.0,-23.0,-70.0,236.0,-351.0,35.0,777.0
54.0,91.0,-1.0,-168.0,7.0,-108.0,251.0,-380.0,-18.0,728.0
26.0,119.0,7.0,-164.0,16.0,-18.0,249.0,-500.0,-40.0,669.0
23.0,91.0,40.0,-198.0,18.0,-2.0,224.0,-134.0,-75.0,608.0
4.0,11.0,68.0,-200.0,27.0,-83.0,199.0,144.0,-119.0,553.0
19.0,-35.0,83.0,-162.0,53.0,-120.0,162.0,236.0,-145.0,495.0
33.0,-22.0,128.0,-122.0,80.0,-139.0,126.0,-24.0,-177.0,413.0
38.0,10.0,117.0,-100.0,93.0,-213.0,93.0,-299.0,-181.0,337.0
25.0,-9.0,172.0,-133.0,100.0,-200.0,87.0,-303.0,-138.0,261.0
11.0,-110.0,199.0,-119.0,93.0,-84.0,98.0,-225.0,-80.0,215.0
1.0,-250.0,197.0,-93.0,79.0,-78.0,113.0,-210.0,-49.0,177.0
6.0,-362.0,219.0,-51.0,58.0,-214.0,147.0,-356.0,-32.0,148.0
21.0,-414.0,185.0,31.0,21.0,-269.0,160.0,-402.0,-27.0,153.0
34.0,-389.0,207.0,55.0,-25.0,-144.0,178.0,-461.0,-29.0,172.0
68.0,-231.0,208.0,73.0,-68.0,-65.0,200.0,-363.0,-46.0,203.0
71.0,59.0,232.0,93.0,-96.0,-52.0,191.0,-315.0,-100.0,230.0
89.0,372.0,263.0,107.0,-108.0,-63.0,183.0,-487.0,-150.0,255.0
93.0,604.0,275.0,121.0,-107.0,-127.0,180.0,-448.0,-177.0,266.0
118.0,754.0,310.0,121.0,-100.0,-118.0,165.0,-497.0,-193.0,268.0
151.0,864.0,300.0,127.0,-84.0,-66.0,163.0,-598.0,-235.0,261.0
160.0,947.0,354.0,100.0,-63.0,-89.0,193.0,-587.0,-302.0,254.0
187.0,1015.0,345.0,85.0,-48.0,-132.0,189.0,-533.0,-382.0,238.0
174.0,1034.0,348.0,83.0,-41.0,-77.0,177.0,-484.0,-449.0,197.0
176.0,962.0,349.0,64.0,-35.0,36.0,193.0,-432.0,-485.0,164.0
162.0,816.0,308.0,44.0,-32.0,94.0,205.0,-188.0,-532.0,99.0
163.0,620.0,306.0,21.0,-34.0,18.0,209.0,-206.0,-573.0,14.0
188.0,396.0,243.0,-5.0,-41.0,-106.0,193.0,-360.0,-596.0,-68.0
198.0,178.0,270.0,-65.0,-55.0,-80.0,186.0,-458.0,-593.0,-184.0
227.0,2.0,221.0,-130.0,-83.0,26.0,190.0,-716.0,-550.0,-268.0
236.0,-108.0,187.0,-145.0,-114.0,-11.0,210.0,-781.0,-518.0,-344.0
210.0,-186.0,164.0,-149.0,-142.0,-23.0,205.0,-818.0,-477.0,-442.0
169.0,-284.0,76.0,-172.0,-160.0,68.0,183.0,-687.0,-389.0,-531.0
134.0,-406.0,87.0,-195.0,-159.0,39.0,204.0,-517.0,-303.0,-614.0
116.0,-518.0,13.0,-208.0,-154.0,-98.0,222.0,-618.0,-266.0,-670.0
122.0,-618.0,2.0,-197.0,-159.0,-257.0,228.0,-559.0,-239.0,-706.0
79.0,-706.0,5.0,-204.0,-164.0,-256.0,242.0,-391.0,-184.0,-723.0
22.0,-747.0,-16.0,-231.0,-161.0,-121.0,263.0,-240.0,-124.0,-705.0
-9.0,-773.0,-1.0,-238.0,-140.0,-96.0,279.0,-282.0,-80.0,-646.0
-28.0,-826.0,3.0,-246.0,-108.0,-177.0,296.0,-230.0,-76.0,-561.0
-57.0,-860.0,34.0,-243.0,-72.0,-261.0,319.0,-138.0,-106.0,-459.0
-72.0,-815.0,15.0,-212.0,-35.0,-152.0,313.0,-345.0,-141.0,-329.0
-83.0,-725.0,22.0,-200.0,7.0,0.0,274.0,-447.0,-141.0,-212.0
-96.0,-596.0,23.0,-183.0,54.0,-40.0,227.0,-720.0,-126.0,-106.0
-103.0,-397.0,14.0,-157.0,90.0,-214.0,210.0,-934.0,-109.0,-3.0
-137.0,-166.0,16.0,-162.0,114.0,-377.0,199.0,-894.0,-87.0,83.0
-122.0,84.0,2.0,-155.0,122.0,-343.0,192.0,-720.0,-52.0,172.0
-128.0,295.0,-7.0,-146.0,121.0,-244.0,204.0,-188.0,47.0,235.0
-128.0,409.0,-70.0,-159.0,129.0,-264.0,209.0,-57.0,133.0,289.0
-129.0,469.0,-114.0,-175.0,157.0,-404.0,194.0,-151.0,166.0,342.0
-113.0,473.0,-139.0,-182.0,205.0,-393.0,157.0,-277.0,230.0,359.0
-79.0,397.0,-171.0,-197.0,260.0,-209.0,118.0,-460.0,302.0,379.0
-74.0,302.0,-181.0,-216.0,303.0,-137.0,90.0,-105.0,387.0,391.0
-40.0,237.0,-217.0,-219.0,327.0,-188.0,77.0,77.0,442.0,386.0
-7.0,132.0,-192.0,-219.0,331.0,-315.0,96.0,142.0,407.0,388.0
29.0,-38.0,-207.0,-193.0,316.0,-306.0,134.0,142.0,366.0,404.0
22.0,-230.0,-219.0,-163.0,289.0,-263.0,177.0,-123.0,313.0,427.0
31.0,-483.0,-174.0,-148.0,259.0,-282.0,215.0,-245.0,238.0,419.0
36.0,-763.0,-195.0,-142.0,236.0,-204.0,197.0,-424.0,166.0,401.0
57.0,-927.0,-178.0,-128.0,221.0,-176.0,154.0,-375.0,117.0,382.0
98.0,-963.0,-190.0,-83.0,203.0,-277.0,145.0,-273.0,91.0,330.0
108.0,-981.0,-173.0,-33.0,172.0,-391.0,148.0,-249.0,40.0,278.0
110.0,-994.0,-146.0,60.0,129.0,-446.0,151.0,-240.0,-32.0,252.0
90.0,-915.0,-146.0,173.0,81.0,-468.0,169.0,-513.0,-126.0,213.0
85.0,-723.0,-96.0,245.0,40.0,-418.0,205.0,-774.0,-222.0,155.0
71.0,-492.0,-131.0,323.0,12.0,-271.0,229.0,-770.0,-272.0,108.0
82.0,-289.0,-95.0,398.0,-4.0,-162.0,235.0,-419.0,-289.0,63.0
79.0,-73.0,-44.0,481.0,-22.0,-221.0,250.0,-182.0,-253.0,13.0
56.0,230.0,-56.0,556.0,-42.0,-350.0,271.0,-120.0,-184.0,-37.0
33.0,577.0,16.0,619.0,-55.0,-426.0,271.0,-147.0,-152.0,-77.0
3.0,867.0,33.0,686.0,-54.0,-420.0,242.0,-271.0,-128.0,-91.0
-17.0,1055.0,39.0,743.0,-39.0,-329.0,211.0,-210.0,-81.0,-85.0
-28.0,1133.0,58.0,820.0,-9.0,-299.0,207.0,-195.0,-41.0,-47.0
-34.0,1158.0,72.0,865.0,29.0,-294.0,213.0,-84.0,-34.0,32.0
-37.0,1201.0,87.0,878.0,65.0,-266.0,224.0,25.0,5.0,125.0
-50.0,1228.0,73.0,891.0,96.0,-258.0,267.0,-55.0,81.0,212.0
-89.0,1173.0,81.0,855.0,114.0,-175.0,310.0,-145.0,141.0,333.0
-92.0,1061.0,57.0,820.0,120.0,-193.0,336.0,-367.0,178.0,463.0
-100.0,915.0,29.0,752.0,111.0,-402.0,356.0,-480.0,201.0,567.0
-86.0,673.0,-3.0,659.0,98.0,-488.0,366.0,-526.0,244.0,671.0
-63.0,406.0,-19.0,573.0,97.0,-328.0,360.0,-558.0,254.0,794.0
-38.0,240.0,-29.0,442.0,98.0,-149.0,336.0,-347.0,276.0,902.0
-42.0,148.0,-27.0,311.0,90.0,-259.0,348.0,-284.0,355.0,950.0
-71.0,94.0,-4.0,152.0,73.0,-506.0,356.0,-312.0,418.0,980.0
-72.0,78.0,-12.0,7.0,55.0,-484.0,341.0,-404.0,473.0,999.0
-94.0,66.0,13.0,-83.0,40.0,-359.0,345.0,-620.0,513.0,965.0
-67.0,60.0,5.0,-167.0,27.0,-409.0,353.0,-582.0,510.0,881.0
-16.0,98.0,7.0,-208.0,9.0,-494.0,359.0,-548.0,485.0,788.0
23.0,153.0,27.0,-224.0,-12.0,-502.0,349.0,-591.0,471.0,715.0
52.0,174.0,15.0,-221.0,-39.0,-464.0,341.0,-631.0,483.0,614.0
60.0,116.0,24.0,-223.0,-65.0,-406.0,310.0,-545.0,495.0,512.0
71.0,-55.0,22.0,-254.0,-79.0,-398.0,280.0,-445.0,476.0,455.0
78.0,-232.0,17.0,-279.0,-82.0,-429.0,285.0,-452.0,411.0,405.0
108.0,-259.0,-19.0,-304.0,-78.0,-444.0,277.0,-376.0,347.0,348.0
133.0,-157.0,-18.0,-318.0,-73.0,-392.0,272.0,-489.0,297.0,292.0
136.0,-63.0,-17.0,-321.0,-82.0,-296.0,252.0,-476.0,220.0,280.0
140.0,-10.0,-49.0,-319.0,-98.0,-305.0,254.0,-497.0,128.0,276.0
144.0,52.0,-51.0,-298.0,-118.0,-333.0,287.0,-417.0,30.0,253.0
164.0,147.0,-67.0,-276.0,-132.0,-205.0,294.0,-105.0,-60.0,260.0
182.0,239.0,-79.0,-249.0,-132.0,-43.0,314.0,-86.0,-125.0,277.0
208.0,268.0,-75.0,-207.0,-126.0,-55.0,314.0,-134.0,-199.0,279.0
240.0,242.0,-31.0,-163.0,-116.0,-251.0,293.0,-400.0,-271.0,296.0
243.0,174.0,-35.0,-143.0,-115.0,-325.0,283.0,-443.0,-325.0,340.0
230.0,28.0,-24.0,-146.0,-116.0,-181.0,272.0,-363.0,-381.0,364.0
216.0,-251.0,7.0,-144.0,-118.0,-74.0,244.0,-330.0,-403.0,360.0
219.0,-594.0,-21.0,-119.0,-128.0,-155.0,190.0,-286.0,-412.0,340.0
224.0,-820.0,-8.0,-59.0,-144.0,-344.0,183.0,-617.0,-452.0,335.0
218.0,-867.0,-5.0,22.0,-164.0,-390.0,206.0,-753.0,-488.0,310.0
200.0,-773.0,-20.0,54.0,-176.0,-329.0,187.0,-875.0,-506.0,244.0
208.0,-574.0,-29.0,58.0,-183.0,-373.0,158.0,-705.0,-511.0,227.0
207.0,-326.0,-30.0,95.0,-187.0,-488.0,121.0,-437.0,-484.0,248.0
191.0,-106.0,-49.0,138.0,-178.0,-611.0,74.0,-426.0,-442.0,253.0
182.0,58.0,-50.0,179.0,-164.0,-627.0,57.0,-166.0,-415.0,243.0
172.0,155.0,-36.0,187.0,-147.0,-535.0,47.0,-134.0,-399.0,254.0
174.0,222.0,-61.0,177.0,-131.0,-415.0,18.0,-68.0,-398.0,259.0
152.0,307.0,-40.0,190.0,-113.0,-402.0,-21.0,-120.0,-391.0,200.0
130.0,351.0,-48.0,180.0,-80.0,-523.0,-67.0,-295.0,-369.0,133.0
120.0,349.0,-64.0,169.0,-45.0,-526.0,-87.0,-245.0,-382.0,78.0
134.0,383.0,-44.0,141.0,-17.0,-452.0,-73.0,-400.0,-405.0,-9.0
133.0,436.0,-29.0,76.0,-7.0,-420.0,-46.0,-467.0,-423.0,-123.0
151.0,410.0,9.0,28.0,-9.0,-392.0,15.0,-572.0,-434.0,-218.0
173.0,315.0,35.0,-44.0,-9.0,-310.0,38.0,-609.0,-432.0,-274.0
175.0,238.0,56.0,-137.0,0.0,-229.0,26.0,-545.0,-436.0,-347.0
202.0,225.0,25.0,-161.0,6.0,-277.0,54.0,-526.0,-440.0,-425.0
196.0,305.0,28.0,-166.0,0.0,-295.0,81.0,-212.0,-420.0,-441.0
208.0,451.0,19.0,-203.0,-22.0,-259.0,84.0,-53.0,-336.0,-445.0
217.0,605.0,-30.0,-206.0,-51.0,-325.0,77.0,-11.0,-229.0,-457.0
232.0,723.0,0.0,-185.0,-72.0,-412.0,75.0,-218.0,-159.0,-454.0
258.0,789.0,-54.0,-187.0,-79.0,-475.0,99.0,-430.0,-106.0,-407.0
286.0,799.0,-66.0,-194.0,-70.0,-385.0,146.0,-428.0,-60.0,-346.0
307.0,747.0,-39.0,-175.0,-50.0,-250.0,143.0,-635.0,-24.0,-327.0
311.0,652.0,-79.0,-138.0,-27.0,-266.0,129.0,-630.0,20.0,-284.0
336.0,553.0,-30.0,-105.0,-6.0,-291.0,142.0,-607.0,62.0,-233.0
348.0,515.0,-30.0,-89.0,8.0,-370.0,141.0,-437.0,79.0,-219.0
361.0,547.0,-48.0,-118.0,23.0,-424.0,168.0,-332.0,88.0,-234.0
365.0,506.0,26.0,-159.0,45.0,-438.0,199.0,-454.0,100.0,-230.0
379.0,295.0,26.0,-199.0,69.0,-421.0,193.0,-271.0,91.0,-189.0
390.0,18.0,54.0,-228.0,93.0,-365.0,163.0,-229.0,57.0,-205.0
398.0,-243.0,113.0,-252.0,114.0,-427.0,146.0,-136.0,6.0,-227.0
389.0,-533.0,100.0,-301.0,140.0,-350.0,130.0,-90.0,-47.0,-213.0
359.0,-813.0,103.0,-346.0,168.0,-190.0,91.0,-227.0,-62.0,-214.0
334.0,-1049.0,117.0,-370.0,189.0,-164.0,73.0,-267.0,-45.0,-225.0
292.0,-1278.0,111.0,-349.0,191.0,-197.0,70.0,-308.0,-40.0,-201.0
247.0,-1481.0,95.0,-305.0,171.0,-169.0,84.0,-203.0,-81.0,-139.0
188.0,-1576.0,81.0,-266.0,147.0,-91.0,87.0,-190.0,-153.0,-83.0
134.0,-1505.0,39.0,-211.0,126.0,-194.0,70.0,-136.0,-192.0,-29.0
70.0,-1306.0,19.0,-155.0,104.0,-265.0,73.0,-35.0,-196.0,64.0
17.0,-1000.0,-26.0,-102.0,80.0,-210.0,63.0,-18.0,-195.0,164.0
-24.0,-619.0,-58.0,3.0,60.0,-198.0,67.0,86.0,-193.0,213.0
-68.0,-272.0,-61.0,110.0,49.0,-324.0,65.0,22.0,-154.0,281.0
-96.0,-7.0,-96.0,155.0,49.0,-451.0,53.0,25.0,-58.0,412.0
-137.0,219.0,-107.0,182.0,62.0,-294.0,54.0,125.0,78.0,534.0
-170.0,455.0,-128.0,226.0,79.0,-214.0,19.0,218.0,195.0,605.0
-192.0,642.0,-121.0,263.0,100.0,-350.0,4.0,256.0,295.0,694.0
-210.0,711.0,-148.0,259.0,115.0,-367.0,26.0,0.0,411.0,787.0
-214.0,688.0,-158.0,221.0,118.0,-302.0,43.0,-147.0,486.0,838.0
-224.0,628.0,-156.0,169.0,114.0,-238.0,57.0,-243.0,515.0,894.0
-262.0,576.0,-156.0,132.0,114.0,-201.0,63.0,-279.0,523.0,930.0
-267.0,637.0,-141.0,103.0,116.0,-267.0,51.0,-201.0,503.0,951.0
-274.0,862.0,-149.0,69.0,109.0,-308.0,32.0,-182.0,492.0,960.0
-293.0,1077.0,-127.0,17.0,88.0,-260.0,-3.0,0.0,485.0,968.0
-301.0,1099.0,-167.0,-62.0,56.0,-179.0,-70.0,134.0,484.0,974.0
-328.0,932.0,-185.0,-120.0,27.0,-117.0,-108.0,271.0,496.0,965.0
-315.0,681.0,-160.0,-161.0,14.0,-218.0,-110.0,238.0,495.0,961.0
-270.0,434.0,-168.0,-214.0,18.0,-335.0,-106.0,90.0,484.0,947.0
-205.0,220.0,-167.0,-235.0,26.0,-286.0,-84.0,99.0,457.0,941.0
-103.0,27.0,-148.0,-234.0,28.0,-191.0,-64.0,62.0,422.0,925.0
1.0,-136.0,-147.0,-216.0,28.0,-259.0,-77.0,110.0,394.0,922.0
84.0,-259.0,-155.0,-147.0,30.0,-361.0,-121.0,24.0,375.0,945.0
148.0,-353.0,-146.0,-73.0,37.0,-338.0,-157.0,-9.0,368.0,961.0
204.0,-418.0,-131.0,-21.0,42.0,-340.0,-171.0,-29.0,335.0,1003.0
270.0,-434.0,-100.0,25.0,43.0,-423.0,-208.0,-240.0,282.0,1043.0
319.0,-418.0,-91.0,48.0,38.0,-564.0,-264.0,-365.0,243.0,1052.0
335.0,-372.0,-73.0,62.0,27.0,-551.0,-284.0,-558.0,190.0,1064.0
356.0,-291.0,-58.0,124.0,11.0,-473.0,-279.0,-578.0,134.0,1046.0
388.0,-217.0,-65.0,191.0,-15.0,-489.0,-279.0,-554.0,127.0,999.0
402.0,-196.0,-44.0,252.0,-44.0,-446.0,-269.0,-535.0,152.0,942.0
376.0,-225.0,-58.0,312.0,-70.0,-434.0,-270.0,-423.0,169.0,853.0
333.0,-276.0,-61.0,339.0,-89.0,-421.0,-261.0,-502.0,163.0,768.0
272.0,-303.0,-56.0,372.0,-101.0,-338.0,-250.0,-554.0,114.0,665.0
224.0,-277.0,-92.0,438.0,-116.0,-235.0,-266.0,-556.0,59.0,550.0
203.0,-248.0,-88.0,524.0,-134.0,-147.0,-261.0,-432.0,18.0,452.0
192.0,-248.0,-79.0,559.0,-161.0,-154.0,-261.0,-310.0,-37.0,359.0
191.0,-297.0,-100.0,570.0,-185.0,-117.0,-266.0,-291.0,-61.0,278.0
176.0,-425.0,-82.0,599.0,-200.0,-4.0,-265.0,-96.0,-105.0,179.0
166.0,-570.0,-58.0,604.0,-213.0,49.0,-284.0,-24.0,-203.0,74.0
147.0,-657.0,-74.0,616.0,-228.0,-52.0,-291.0,60.0,-248.0,-21.0
142.0,-690.0,-34.0,589.0,-240.0,-188.0,-321.0,107.0,-236.0,-118.0
162.0,-741.0,3.0,500.0,-244.0,-139.0,-373.0,36.0,-240.0,-191.0
181.0,-789.0,29.0,407.0,-236.0,-66.0,-402.0,120.0,-272.0,-246.0
203.0,-802.0,105.0,303.0,-212.0,-82.0,-411.0,149.0,-322.0,-293.0
206.0,-804.0,151.0,182.0,-184.0,-130.0,-408.0,205.0,-374.0,-344.0
215.0,-706.0,192.0,70.0,-158.0,-97.0,-403.0,131.0,-388.0,-392.0
203.0,-510.0,235.0,-28.0,-142.0,0.0,-402.0,36.0,-398.0,-425.0
182.0,-340.0,248.0,-121.0,-140.0,-9.0,-403.0,-36.0,-430.0,-471.0
200.0,-155.0,283.0,-159.0,-137.0,-22.0,-417.0,-114.0,-457.0,-501.0
230.0,134.0,312.0,-166.0,-133.0,44.0,-450.0,-44.0,-473.0,-510.0
249.0,345.0,326.0,-184.0,-125.0,137.0,-461.0,-68.0,-461.0,-522.0
236.0,365.0,361.0,-213.0,-111.0,165.0,-462.0,31.0,-407.0,-520.0
227.0,300.0,359.0,-245.0,-97.0,166.0,-492.0,-42.0,-342.0,-536.0
235.0,189.0,359.0,-251.0,-82.0,192.0,-511.0,-173.0,-268.0,-547.0
246.0,81.0,332.0,-262.0,-69.0,169.0,-504.0,-144.0,-187.0,-545.0
260.0,-60.0,280.0,-260.0,-53.0,191.0,-497.0,-107.0,-86.0,-548.0
263.0,-258.0,254.0,-269.0,-33.0,198.0,-482.0,225.0,21.0,-510.0
267.0,-430.0,200.0,-336.0,-22.0,93.0,-468.0,356.0,83.0,-443.0
262.0,-544.0,166.0,-378.0,-14.0,38.0,-507.0,338.0,103.0,-351.0
224.0,-549.0,160.0,-397.0,-2.0,119.0,-530.0,413.0,118.0,-272.0
210.0,-415.0,102.0,-443.0,11.0,264.0,-501.0,369.0,155.0,-205.0
196.0,-140.0,47.0,-464.0,30.0,337.0,-481.0,456.0,192.0,-122.0
168.0,209.0,33.0,-446.0,53.0,242.0,-439.0,522.0,203.0,-74.0
145.0,542.0,-23.0,-422.0,71.0,131.0,-397.0,400.0,187.0,-44.0
105.0,817.0,-40.0,-344.0,91.0,172.0,-354.0,323.0,172.0,-15.0
64.0,978.0,-61.0,-281.0,117.0,209.0,-319.0,360.0,174.0,-18.0
4.0,1023.0,-130.0,-241.0,145.0,179.0,-287.0,489.0,138.0,-44.0
-27.0,1063.0,-182.0,-180.0,178.0,179.0,-233.0,349.0,68.0,-57.0
-69.0,1171.0,-226.0,-173.0,215.0,168.0,-207.0,147.0,29.0,-76.0
-91.0,1319.0,-287.0,-132.0,248.0,202.0,-196.0,101.0,15.0,-123.0
-90.0,1461.0,-312.0,-104.0,265.0,282.0,-216.0,99.0,3.0,-178.0
-114.0,1537.0,-304.0,-110.0,269.0,311.0,-246.0,234.0,21.0,-199.0
-120.0,1476.0,-344.0,-100.0,268.0,244.0,-266.0,68.0,43.0,-200.0
-144.0,1267.0,-314.0,-119.0,262.0,158.0,-308.0,-125.0,50.0,-220.0
-125.0,950.0,-325.0,-96.0,254.0,321.0,-330.0,-254.0,24.0,-200.0
-111.0,576.0,-347.0,-72.0,241.0,507.0,-323.0,-42.0,-40.0,-150.0
-87.0,212.0,-308.0,-51.0,230.0,431.0,-287.0,314.0,-87.0,-79.0
-62.0,-93.0,-314.0,-3.0,216.0,335.0,-227.0,367.0,-110.0,-6.0
-49.0,-319.0,-280.0,24.0,189.0,321.0,-219.0,609.0,-116.0,55.0
-2.0,-490.0,-226.0,50.0,151.0,346.0,-242.0,485.0,-133.0,135.0
-5.0,-645.0,-190.0,69.0,112.0,311.0,-216.0,360.0,-157.0,181.0
-7.0,-809.0,-162.0,85.0,83.0,269.0,-192.0,369.0,-161.0,201.0
8.0,-982.0,-118.0,135.0,63.0,363.0,-180.0,310.0,-183.0,224.0
52.0,-1100.0,-106.0,194.0,55.0,422.0,-160.0,236.0,-235.0,229.0
101.0,-1131.0,-108.0,225.0,58.0,397.0,-142.0,166.0,-280.0,197.0
145.0,-1029.0,-111.0,224.0,68.0,393.0,-95.0,369.0,-313.0,196.0
180.0,-808.0,-116.0,196.0,79.0,342.0,-48.0,260.0,-319.0,231.0
204.0,-600.0,-92.0,162.0,89.0,262.0,-32.0,327.0,-318.0,242.0
239.0,-419.0,-107.0,84.0,105.0,279.0,-34.0,482.0,-363.0,250.0
277.0,-235.0,-99.0,38.0,137.0,366.0,-31.0,478.0,-399.0,272.0
327.0,-39.0,-127.0,25.0,180.0,392.0,-31.0,537.0,-400.0,318.0
352.0,207.0,-152.0,3.0,212.0,284.0,-31.0,365.0,-364.0,351.0
388.0,486.0,-143.0,10.0,231.0,226.0,-28.0,308.0,-290.0,380.0
394.0,714.0,-180.0,-24.0,236.0,375.0,-41.0,205.0,-217.0,404.0
407.0,789.0,-159.0,-61.0,232.0,419.0,-49.0,253.0,-122.0,400.0
420.0,781.0,-168.0,-49.0,222.0,288.0,-62.0,291.0,-9.0,403.0
418.0,841.0,-165.0,-29.0,196.0,257.0,-88.0,22.0,83.0,406.0
438.0,896.0,-123.0,0.0,149.0,273.0,-132.0,-40.0,153.0,411.0
422.0,868.0,-135.0,40.0,93.0,232.0,-190.0,-96.0,232.0,413.0
428.0,804.0,-117.0,66.0,36.0,111.0,-196.0,-48.0,311.0,431.0
404.0,720.0,-77.0,73.0,-19.0,29.0,-172.0,-57.0,353.0,468.0
391.0,631.0,-57.0,41.0,-65.0,99.0,-171.0,-181.0,367.0,497.0
347.0,520.0,-48.0,32.0,-110.0,164.0,-157.0,-199.0,364.0,513.0
267.0,307.0,-20.0,22.0,-161.0,185.0,-138.0,-253.0,401.0,525.0
226.0,40.0,13.0,-62.0,-213.0,188.0,-155.0,36.0,453.0,527.0
176.0,-146.0,33.0,-107.0,-260.0,99.0,-186.0,208.0,448.0,512.0
145.0,-225.0,47.0,-156.0,-286.0,29.0,-205.0,306.0,413.0,481.0
111.0,-255.0,89.0,-201.0,-299.0,134.0,-213.0,646.0,383.0,443.0
89.0,-273.0,101.0,-245.0,-313.0,212.0,-213.0,641.0,382.0,418.0
69.0,-284.0,92.0,-299.0,-336.0,148.0,-201.0,537.0,397.0,392.0
52.0,-269.0,118.0,-288.0,-355.0,104.0,-191.0,325.0,375.0,375.0
44.0,-216.0,87.0,-283.0,-359.0,139.0,-182.0,151.0,308.0,375.0
45.0,-174.0,62.0,-238.0,-361.0,232.0,-180.0,155.0,262.0,355.0
52.0,-200.0,58.0,-173.0,-363.0,183.0,-180.0,107.0,242.0,332.0
62.0,-255.0,34.0,-123.0,-359.0,84.0,-175.0,77.0,242.0,329.0
88.0,-337.0,31.0,-88.0,-346.0,137.0,-180.0,-84.0,267.0,317.0
109.0,-521.0,47.0,-72.0,-319.0,159.0,-208.0,-53.0,282.0,289.0
137.0,-755.0,50.0,-87.0,-284.0,109.0,-247.0,5.0,268.0,246.0
147.0,-890.0,63.0,-117.0,-248.0,111.0,-282.0,25.0,252.0,203.0
143.0,-878.0,75.0,-117.0,-218.0,143.0,-308.0,192.0,267.0,175.0
149.0,-772.0,74.0,-117.0,-190.0,81.0,-317.0,155.0,291.0,138.0
174.0,-601.0,95.0,-94.0,-157.0,31.0,-325.0,138.0,284.0,108.0
197.0,-400.0,92.0,-104.0,-119.0,93.0,-312.0,109.0,265.0,80.0
213.0,-239.0,103.0,-131.0,-83.0,141.0,-298.0,153.0,277.0,51.0
230.0,-136.0,89.0,-158.0,-59.0,40.0,-310.0,179.0,282.0,34.0
239.0,-57.0,69.0,-182.0,-50.0,-68.0,-300.0,116.0,239.0,8.0
237.0,-5.0,100.0,-134.0,-49.0,28.0,-282.0,107.0,134.0,-14.0
239.0,-22.0,106.0,-86.0,-46.0,184.0,-285.0,-96.0,23.0,-38.0
261.0,-117.0,135.0,-40.0,-42.0,210.0,-301.0,-18.0,-27.0,-77.0
265.0,-250.0,175.0,8.0,-35.0,97.0,-305.0,-18.0,-73.0,-101.0
228.0,-322.0,172.0,44.0,-22.0,44.0,-333.0,-12.0,-133.0,-125.0
193.0,-296.0,200.0,78.0,-10.0,99.0,-336.0,236.0,-195.0,-163.0
172.0,-181.0,199.0,115.0,0.0,160.0,-320.0,147.0,-235.0,-230.0
162.0,68.0,216.0,191.0,16.0,223.0,-299.0,238.0,-268.0,-324.0
144.0,376.0,233.0,274.0,34.0,233.0,-238.0,201.0,-309.0,-403.0
106.0,576.0,213.0,353.0,48.0,191.0,-205.0,96.0,-322.0,-489.0
82.0,676.0,240.0,408.0,48.0,172.0,-174.0,142.0,-312.0,-573.0
34.0,772.0,241.0,434.0,43.0,169.0,-151.0,49.0,-290.0,-641.0
-1.0,803.0,269.0,432.0,43.0,109.0,-118.0,116.0,-282.0,-708.0
-31.0,701.0,302.0,431.0,51.0,65.0,-87.0,60.0,-276.0,-764.0
-63.0,543.0,311.0,422.0,78.0,90.0,-79.0,9.0,-212.0,-780.0
-85.0,413.0,326.0,377.0,111.0,219.0,-70.0,-160.0,-93.0,-763.0
-132.0,383.0,349.0,314.0,138.0,283.0,-76.0,-334.0,41.0,-740.0
-154.0,455.0,337.0,215.0,159.0,120.0,-57.0,-279.0,180.0,-691.0
-194.0,482.0,349.0,131.0,169.0,77.0,-32.0,-389.0,295.0,-627.0
-241.0,358.0,360.0,41.0,173.0,212.0,-14.0,-238.0,389.0,-562.0
-293.0,129.0,287.0,-37.0,179.0,287.0,-15.0,-9.0,452.0,-516.0
-332.0,-53.0,274.0,-69.0,191.0,287.0,-18.0,245.0,469.0,-505.0
-351.0,-48.0,191.0,-107.0,206.0,274.0,-38.0,569.0,489.0,-493.0
-393.0,112.0,86.0,-117.0,226.0,306.0,-53.0,609.0,505.0,-477.0
-427.0,269.0,3.0,-119.0,246.0,323.0,-42.0,702.0,537.0,-478.0
-462.0,326.0,-98.0,-135.0,252.0,318.0,-50.0,739.0,579.0,-475.0
-485.0,342.0,-142.0,-155.0,236.0,314.0,-35.0,726.0,619.0,-428.0
-509.0,371.0,-211.0,-213.0,203.0,285.0,1.0,613.0,646.0,-363.0
-524.0,364.0,-262.0,-228.0,168.0,252.0,43.0,432.0,625.0,-299.0
-524.0,287.0,-296.0,-204.0,138.0,251.0,50.0,312.0,601.0,-227.0
-529.0,175.0,-348.0,-205.0,115.0,250.0,5.0,155.0,585.0,-162.0
-506.0,82.0,-395.0,-225.0,86.0,145.0,-52.0,75.0,576.0,-105.0
-476.0,1.0,-400.0,-238.0,51.0,63.0,-85.0,-168.0,544.0,-44.0
-445.0,-110.0,-413.0,-224.0,26.0,111.0,-77.0,-219.0,511.0,7.0
-391.0,-259.0,-415.0,-201.0,9.0,170.0,-45.0,-114.0,512.0,52.0
-338.0,-453.0,-380.0,-132.0,3.0,129.0,9.0,-110.0,491.0,88.0
-283.0,-685.0,-378.0,-69.0,-5.0,36.0,-6.0,70.0,456.0,111.0
-229.0,-873.0,-328.0,-52.0,-16.0,64.0,-74.0,59.0,404.0,125.0
-159.0,-945.0,-291.0,-55.0,-20.0,185.0,-102.0,-42.0,358.0,140.0
-76.0,-862.0,-260.0,-82.0,-30.0,235.0,-96.0,-84.0,353.0,155.0
-15.0,-639.0,-204.0,-96.0,-36.0,230.0,-87.0,-101.0,350.0,156.0
68.0,-367.0,-172.0,-101.0,-28.0,214.0,-99.0,-18.0,305.0,146.0
147.0,-162.0,-127.0,-63.0,-15.0,144.0,-127.0,-33.0,221.0,118.0
201.0,-90.0,-104.0,-8.0,0.0,103.0,-154.0,12.0,160.0,77.0
268.0,-91.0,-69.0,22.0,8.0,104.0,-141.0,86.0,121.0,35.0
315.0,-45.0,-59.0,65.0,13.0,120.0,-107.0,286.0,87.0,3.0
335.0,96.0,-93.0,90.0,14.0,82.0,-94.0,554.0,31.0,-29.0
351.0,289.0,-104.0,109.0,13.0,-62.0,-91.0,609.0,-70.0,-69.0
363.0,494.0,-104.0,109.0,17.0,-38.0,-109.0,652.0,-161.0,-102.0
370.0,667.0,-141.0,100.0,30.0,41.0,-121.0,511.0,-242.0,-134.0
399.0,742.0,-148.0,118.0,43.0,-79.0,-127.0,495.0,-315.0,-170.0
406.0,705.0,-125.0,135.0,49.0,-188.0,-121.0,546.0,-378.0,-197.0
383.0,595.0,-145.0,136.0,53.0,-145.0,-96.0,373.0,-425.0,-202.0
365.0,468.0,-91.0,89.0,58.0,-40.0,-100.0,321.0,-466.0,-209.0
347.0,332.0,-53.0,65.0,64.0,-85.0,-113.0,181.0,-495.0,-192.0
325.0,172.0,-44.0,48.0,63.0,-179.0,-115.0,107.0,-488.0,-144.0
296.0,-2.0,33.0,34.0,57.0,-74.0,-114.0,70.0,-505.0,-88.0
283.0,-154.0,63.0,27.0,47.0,0.0,-117.0,90.0,-543.0,-2.0
249.0,-246.0,111.0,24.0,39.0,-17.0,-90.0,109.0,-590.0,88.0
233.0,-287.0,188.0,39.0,31.0,6.0,-54.0,-12.0,-626.0,187.0
221.0,-324.0,248.0,-7.0,19.0,-2.0,-24.0,151.0,-588.0,274.0
202.0,-373.0,324.0,-63.0,9.0,3.0,22.0,254.0,-534.0,324.0
187.0,-428.0,377.0,-120.0,0.0,47.0,38.0,506.0,-477.0,370.0
153.0,-508.0,392.0,-151.0,-7.0,135.0,35.0,733.0,-403.0,396.0
143.0,-536.0,394.0,-148.0,-22.0,137.0,15.0,655.0,-322.0,418.0
120.0,-486.0,395.0,-138.0,-41.0,10.0,-41.0,726.0,-197.0,445.0
104.0,-461.0,366.0,-118.0,-72.0,57.0,-84.0,698.0,-87.0,455.0
43.0,-437.0,363.0,-120.0,-117.0,217.0,-90.0,777.0,-12.0,460.0
-7.0,-347.0,349.0,-132.0,-165.0,235.0,-91.0,744.0,61.0,450.0
-32.0,-199.0,321.0,-131.0,-206.0,74.0,-98.0,537.0,113.0,422.0
-83.0,25.0,332.0,-58.0,-236.0,0.0,-116.0,437.0,140.0,390.0
-99.0,290.0,310.0,3.0,-262.0,89.0,-141.0,301.0,145.0,351.0
-100.0,516.0,315.0,41.0,-279.0,139.0,-159.0,356.0,140.0,304.0
-83.0,735.0,319.0,73.0,-277.0,193.0,-172.0,410.0,124.0,243.0
-113.0,912.0,272.0,50.0,-260.0,220.0,-176.0,485.0,112.0,164.0
-124.0,912.0,267.0,3.0,-232.0,189.0,-180.0,443.0,115.0,74.0
-112.0,772.0,239.0,11.0,-207.0,116.0,-165.0,371.0,108.0,-14.0
-145.0,601.0,194.0,52.0,-187.0,71.0,-129.0,452.0,88.0,-78.0
-156.0,418.0,178.0,64.0,-165.0,136.0,-91.0,291.0,41.0,-130.0
-156.0,250.0,119.0,59.0,-144.0,159.0,-43.0,223.0,-20.0,-194.0
-167.0,131.0,68.0,17.0,-119.0,153.0,-1.0,116.0,-55.0,-254.0
-152.0,-11.0,55.0,-22.0,-93.0,252.0,12.0,33.0,-49.0,-337.0
-136.0,-159.0,14.0,-49.0,-61.0,381.0,18.0,142.0,-60.0,-445.0
-137.0,-232.0,-2.0,-31.0,-23.0,323.0,20.0,149.0,-99.0,-556.0
-120.0,-313.0,-8.0,20.0,23.0,198.0,10.0,260.0,-107.0,-678.0
-87.0,-411.0,-19.0,37.0,76.0,238.0,-15.0,349.0,-96.0,-800.0
-82.0,-481.0,-24.0,66.0,127.0,271.0,-46.0,521.0,-84.0,-909.0
-106.0,-578.0,-28.0,60.0,166.0,246.0,-87.0,554.0,-85.0,-1006.0
-95.0,-666.0,1.0,31.0,196.0,263.0,-126.0,532.0,-78.0,-1079.0
-95.0,-703.0,5.0,17.0,223.0,228.0,-152.0,630.0,-80.0,-1134.0
-101.0,-755.0,-9.0,-17.0,237.0,169.0,-198.0,423.0,-135.0,-1171.0
-133.0,-806.0,0.0,-27.0,242.0,156.0,-247.0,356.0,-193.0,-1173.0
-145.0,-793.0,10.0,-26.0,233.0,171.0,-255.0,153.0,-260.0,-1171.0
-145.0,-733.0,7.0,-40.0,213.0,291.0,-257.0,-70.0,-293.0,-1170.0
-173.0,-603.0,24.0,-57.0,187.0,308.0,-252.0,46.0,-275.0,-1143.0
-159.0,-387.0,56.0,-77.0,148.0,180.0,-220.0,-29.0,-263.0,-1097.0
-190.0,-114.0,71.0,-90.0,109.0,222.0,-212.0,46.0,-258.0,-1059.0
-215.0,146.0,97.0,-107.0,72.0,283.0,-190.0,212.0,-242.0,-1026.0
-229.0,300.0,108.0,-122.0,41.0,200.0,-166.0,96.0,-189.0,-996.0
-237.0,357.0,107.0,-114.0,17.0,129.0,-167.0,-72.0,-155.0,-965.0
-243.0,389.0,113.0,-137.0,-5.0,168.0,-146.0,0.0,-149.0,-937.0
-270.0,439.0,118.0,-204.0,-31.0,239.0,-107.0,125.0,-90.0,-908.0
-281.0,446.0,128.0,-234.0,-63.0,186.0,-87.0,177.0,0.0,-869.0
-303.0,344.0,153.0,-272.0,-97.0,81.0,-90.0,306.0,82.0,-857.0
-288.0,170.0,183.0,-326.0,-126.0,68.0,-111.0,288.0,188.0,-853.0
-274.0,-36.0,203.0,-329.0,-150.0,70.0,-144.0,467.0,320.0,-832.0
-261.0,-234.0,228.0,-323.0,-169.0,41.0,-167.0,659.0,446.0,-814.0
-249.0,-396.0,233.0,-346.0,-183.0,-14.0,-207.0,594.0,544.0,-795.0
-244.0,-489.0,245.0,-341.0,-193.0,-95.0,-233.0,639.0,624.0,-748.0
-244.0,-488.0,266.0,-299.0,-192.0,-112.0,-251.0,469.0,698.0,-668.0
-235.0,-389.0,285.0,-256.0,-179.0,-14.0,-273.0,406.0,772.0,-600.0
-227.0,-176.0,312.0,-203.0,-151.0,116.0,-269.0,489.0,835.0,-542.0
-220.0,73.0,291.0,-179.0,-116.0,97.0,-276.0,378.0,881.0,-483.0
-173.0,245.0,291.0,-159.0,-87.0,-34.0,-266.0,323.0,878.0,-433.0
-136.0,304.0,302.0,-112.0,-58.0,-110.0,-245.0,125.0,867.0,-377.0
-88.0,282.0,256.0,-59.0,-30.0,-84.0,-215.0,-35.0,886.0,-323.0
-64.0,263.0,269.0,-4.0,-9.0,-54.0,-194.0,-118.0,869.0,-276.0
-36.0,296.0,257.0,68.0,2.0,-195.0,-181.0,-84.0,828.0,-231.0
-7.0,381.0,201.0,147.0,-1.0,-281.0,-164.0,35.0,755.0,-207.0
10.0,527.0,198.0,227.0,-13.0,-90.0,-193.0,214.0,642.0,-177.0
49.0,644.0,141.0,292.0,-28.0,12.0,-230.0,583.0,533.0,-130.0
85.0,611.0,95.0,307.0,-38.0,-173.0,-255.0,539.0,421.0,-92.0
151.0,467.0,68.0,307.0,-35.0,-309.0,-243.0,600.0,317.0,-63.0
199.0,288.0,15.0,273.0,-17.0,-175.0,-189.0,761.0,210.0,-20.0
217.0,83.0,-3.0,221.0,15.0,-76.0,-126.0,735.0,99.0,34.0
233.0,-69.0,-24.0,146.0,50.0,-144.0,-84.0,938.0,16.0,76.0
269.0,-91.0,-47.0,48.0,73.0,-148.0,-85.0,946.0,-36.0,109.0
288.0,-34.0,-74.0,-45.0,80.0,-118.0,-88.0,892.0,-82.0,155.0
303.0,27.0,-87.0,-142.0,84.0,-108.0,-82.0,700.0,-161.0,202.0
320.0,63.0,-102.0,-203.0,90.0,-147.0,-57.0,404.0,-242.0,227.0
313.0,99.0,-136.0,-253.0,92.0,-161.0,-55.0,166.0,-282.0,249.0
321.0,161.0,-152.0,-294.0,81.0,-12.0,-70.0,-55.0,-312.0,271.0
306.0,192.0,-144.0,-317.0,62.0,121.0,-87.0,36.0,-321.0,284.0
276.0,160.0,-187.0,-323.0,51.0,94.0,-121.0,114.0,-277.0,286.0
212.0,108.0,-232.0,-281.0,55.0,-1.0,-123.0,332.0,-184.0,266.0
139.0,75.0,-233.0,-197.0,70.0,-2.0,-99.0,454.0,-98.0,250.0
87.0,66.0,-257.0,-81.0,82.0,85.0,-34.0,297.0,-49.0,220.0
17.0,103.0,-270.0,29.0,84.0,177.0,24.0,304.0,-53.0,159.0
-30.0,186.0,-262.0,151.0,83.0,251.0,45.0,234.0,-97.0,85.0
-47.0,247.0,-246.0,296.0,75.0,263.0,50.0,330.0,-109.0,5.0
-54.0,262.0,-257.0,437.0,55.0,271.0,26.0,373.0,-74.0,-83.0
-85.0,250.0,-227.0,525.0,19.0,292.0,7.0,315.0,-28.0,-188.0
-155.0,224.0,-197.0,546.0,-19.0,271.0,-13.0,428.0,0.0,-281.0
-224.0,196.0,-188.0,488.0,-43.0,271.0,-29.0,391.0,10.0,-359.0
-276.0,95.0,-150.0,386.0,-56.0,295.0,-36.0,419.0,23.0,-436.0
-320.0,-126.0,-138.0,323.0,-65.0,319.0,-62.0,240.0,43.0,-505.0
-333.0,-384.0,-94.0,259.0,-71.0,310.0,-98.0,116.0,73.0,-535.0
-333.0,-588.0,-98.0,220.0,-78.0,166.0,-124.0,242.0,130.0,-547.0
-308.0,-762.0,-98.0,173.0,-86.0,44.0,-113.0,284.0,192.0,-584.0
-301.0,-903.0,-70.0,109.0,-98.0,75.0,-79.0,436.0,218.0,-606.0
-344.0,-914.0,-74.0,79.0,-115.0,139.0,-61.0,386.0,207.0,-597.0
-373.0,-799.0,-48.0,54.0,-135.0,201.0,-37.0,279.0,175.0,-618.0
-390.0,-608.0,-75.0,57.0,-153.0,243.0,-17.0,310.0,145.0,-647.0
-399.0,-369.0,-98.0,54.0,-161.0,228.0,-11.0,413.0,114.0,-647.0
-417.0,-157.0,-94.0,48.0,-162.0,160.0,9.0,489.0,91.0,-636.0
-398.0,-58.0,-122.0,47.0,-158.0,111.0,1.0,484.0,75.0,-613.0
-374.0,-100.0,-118.0,57.0,-144.0,150.0,-14.0,445.0,52.0,-586.0
-385.0,-202.0,-110.0,79.0,-126.0,137.0,-8.0,225.0,30.0,-501.0
-390.0,-289.0,-114.0,83.0,-110.0,60.0,-4.0,60.0,-8.0,-414.0
-400.0,-324.0,-105.0,71.0,-100.0,105.0,2.0,-96.0,-34.0,-374.0
-413.0,-260.0,-89.0,51.0,-92.0,88.0,6.0,55.0,-53.0,-315.0
-442.0,-87.0,-68.0,48.0,-74.0,-24.0,0.0,378.0,-97.0,-264.0
-473.0,117.0,-81.0,31.0,-47.0,-12.0,-39.0,484.0,-129.0,-245.0
-482.0,260.0,-68.0,3.0,-17.0,102.0,-79.0,768.0,-163.0,-245.0
-486.0,338.0,-61.0,-21.0,10.0,155.0,-89.0,724.0,-230.0,-235.0
-496.0,386.0,-96.0,-79.0,40.0,133.0,-107.0,705.0,-316.0,-244.0
-482.0,382.0,-97.0,-150.0,70.0,177.0,-135.0,766.0,-363.0,-264.0
-461.0,305.0,-112.0,-207.0,106.0,178.0,-145.0,471.0,-352.0,-273.0
-452.0,213.0,-145.0,-236.0,147.0,127.0,-168.0,552.0,-309.0,-266.0
-444.0,153.0,-144.0,-256.0,189.0,33.0,-188.0,454.0,-282.0,-238.0
-417.0,153.0,-153.0,-279.0,232.0,-81.0,-212.0,206.0,-269.0,-237.0
-390.0,219.0,-172.0,-310.0,268.0,4.0,-258.0,158.0,-204.0,-194.0
-387.0,269.0,-146.0,-332.0,288.0,107.0,-253.0,-25.0,-113.0,-135.0
-373.0,280.0,-121.0,-339.0,280.0,66.0,-244.0,40.0,-43.0,-104.0
-365.0,289.0,-98.0,-344.0,251.0,22.0,-237.0,138.0,-2.0,-63.0
-354.0,256.0,-62.0,-314.0,203.0,39.0,-199.0,164.0,60.0,-18.0
-324.0,115.0,-44.0,-270.0,143.0,27.0,-168.0,243.0,150.0,51.0
-288.0,-74.0,-18.0,-264.0,84.0,18.0,-157.0,391.0,217.0,84.0
-253.0,-202.0,-15.0,-277.0,30.0,101.0,-153.0,526.0,262.0,96.0
-213.0,-213.0,0.0,-278.0,-11.0,77.0,-144.0,426.0,285.0,119.0
-180.0,-78.0,-12.0,-282.0,-59.0,-35.0,-137.0,291.0,322.0,116.0
-148.0,173.0,-52.0,-274.0,-109.0,-57.0,-129.0,44.0,367.0,80.0
-105.0,460.0,-58.0,-234.0,-147.0,-60.0,-128.0,7.0,405.0,31.0
-76.0,691.0,-103.0,-219.0,-175.0,-106.0,-129.0,136.0,448.0,-9.0
-39.0,814.0,-120.0,-208.0,-192.0,-202.0,-150.0,223.0,467.0,-86.0
-17.0,816.0,-147.0,-207.0,-208.0,-232.0,-174.0,354.0,451.0,-167.0
3.0,692.0,-176.0,-198.0,-220.0,-196.0,-193.0,162.0,422.0,-224.0
23.0,470.0,-199.0,-158.0,-229.0,-210.0,-186.0,97.0,375.0,-273.0
39.0,214.0,-243.0,-107.0,-240.0,-191.0,-162.0,75.0,315.0,-292.0
119.0,21.0,-231.0,-14.0,-250.0,-196.0,-143.0,-81.0,266.0,-310.0
161.0,-44.0,-219.0,36.0,-258.0,-239.0,-113.0,-60.0,237.0,-311.0
192.0,42.0,-212.0,64.0,-257.0,-223.0,-121.0,-147.0,198.0,-305.0
235.0,226.0,-175.0,107.0,-234.0,-199.0,-155.0,-221.0,160.0,-317.0
243.0,347.0,-131.0,117.0,-194.0,-182.0,-225.0,-157.0,129.0,-314.0
252.0,345.0,-91.0,169.0,-152.0,-196.0,-295.0,105.0,73.0,-313.0
253.0,257.0,-54.0,222.0,-112.0,-246.0,-297.0,293.0,1.0,-321.0
280.0,91.0,-10.0,257.0,-86.0,-208.0,-261.0,352.0,-52.0,-321.0
287.0,-103.0,14.0,328.0,-73.0,-138.0,-198.0,426.0,-98.0,-301.0
276.0,-255.0,43.0,385.0,-62.0,-145.0,-123.0,317.0,-146.0,-259.0
256.0,-369.0,54.0,401.0,-42.0,-135.0,-58.0,343.0,-204.0,-220.0
235.0,-483.0,50.0,374.0,-15.0,-93.0,-16.0,142.0,-276.0,-165.0
225.0,-606.0,47.0,326.0,7.0,-79.0,5.0,-94.0,-285.0,-73.0
222.0,-711.0,32.0,272.0,30.0,-68.0,28.0,-157.0,-244.0,24.0
215.0,-779.0,41.0,226.0,45.0,16.0,43.0,-484.0,-211.0,126.0
185.0,-830.0,26.0,200.0,54.0,49.0,38.0,-426.0,-162.0,223.0
161.0,-871.0,19.0,142.0,64.0,-62.0,43.0,-430.0,-133.0,293.0
97.0,-896.0,23.0,83.0,74.0,-122.0,51.0,-310.0,-96.0,347.0
60.0,-895.0,16.0,33.0,87.0,-46.0,54.0,42.0,-75.0,381.0
16.0,-847.0,34.0,-15.0,101.0,-57.0,59.0,-84.0,-93.0,397.0
-20.0,-735.0,58.0,-27.0,119.0,-220.0,65.0,101.0,-75.0,405.0
-48.0,-562.0,67.0,-24.0,139.0,-203.0,75.0,245.0,-53.0,403.0
-91.0,-347.0,60.0,1.0,165.0,-10.0,87.0,284.0,-34.0,394.0
-119.0,-66.0,103.0,41.0,193.0,45.0,84.0,461.0,-27.0,387.0
-174.0,288.0,132.0,69.0,210.0,-103.0,96.0,386.0,-18.0,386.0
-214.0,677.0,151.0,85.0,204.0,-193.0,129.0,424.0,19.0,378.0
-272.0,1039.0,190.0,72.0,185.0,-14.0,137.0,397.0,42.0,388.0
-315.0,1300.0,207.0,46.0,173.0,134.0,143.0,245.0,65.0,370.0
-339.0,1403.0,233.0,20.0,163.0,18.0,176.0,157.0,92.0,314.0
-370.0,1331.0,244.0,-48.0,153.0,-104.0,199.0,97.0,136.0,263.0
-396.0,1151.0,245.0,-119.0,137.0,-4.0,200.0,-9.0,172.0,198.0
-402.0,931.0,245.0,-184.0,121.0,63.0,213.0,-142.0,180.0,123.0
-376.0,706.0,240.0,-279.0,108.0,-18.0,214.0,-264.0,201.0,43.0
-367.0,515.0,232.0,-356.0,86.0,7.0,208.0,-299.0,213.0,-32.0
-357.0,327.0,237.0,-408.0,52.0,105.0,221.0,-51.0,206.0,-101.0
-333.0,117.0,246.0,-450.0,13.0,112.0,221.0,120.0,169.0,-185.0
-324.0,-78.0,222.0,-494.0,-18.0,56.0,238.0,315.0,103.0,-266.0
-319.0,-212.0,245.0,-481.0,-43.0,30.0,257.0,400.0,1.0,-329.0
-323.0,-238.0,239.0,-459.0,-63.0,10.0,250.0,253.0,-143.0,-386.0
-341.0,-111.0,216.0,-480.0,-77.0,-41.0,225.0,275.0,-253.0,-443.0
-316.0,110.0,215.0,-468.0,-86.0,-41.0,190.0,149.0,-323.0,-487.0
-277.0,273.0,169.0,-446.0,-85.0,-42.0,191.0,210.0,-364.0,-518.0
-212.0,298.0,183.0,-400.0,-85.0,-106.0,238.0,290.0,-370.0,-572.0
-168.0,223.0,150.0,-345.0,-93.0,-164.0,270.0,125.0,-381.0,-629.0
-117.0,107.0,124.0,-291.0,-113.0,-127.0,260.0,179.0,-381.0,-696.0
-74.0,-69.0,128.0,-200.0,-127.0,-32.0,257.0,70.0,-383.0,-779.0
-74.0,-321.0,84.0,-112.0,-129.0,-35.0,260.0,25.0,-391.0,-861.0
-38.0,-546.0,86.0,-27.0,-119.0,-81.0,241.0,38.0,-394.0,-933.0
-36.0,-626.0,55.0,80.0,-102.0,-87.0,198.0,33.0,-406.0,-983.0
-9.0,-574.0,26.0,207.0,-84.0,-126.0,163.0,97.0,-401.0,-1021.0
9.0,-529.0,-9.0,301.0,-62.0,-157.0,158.0,-81.0,-394.0,-1019.0
16.0,-620.0,-33.0,391.0,-45.0,-121.0,104.0,-36.0,-377.0,-988.0
4.0,-852.0,-44.0,468.0,-32.0,-44.0,35.0,-27.0,-318.0,-938.0
-27.0,-1117.0,-80.0,542.0,-19.0,20.0,29.0,38.0,-242.0,-871.0
-36.0,-1309.0,-106.0,629.0,-14.0,-43.0,47.0,175.0,-182.0,-791.0
-71.0,-1349.0,-132.0,674.0,-10.0,-39.0,85.0,-12.0,-149.0,-705.0
-81.0,-1221.0,-108.0,701.0,-9.0,118.0,102.0,3.0,-116.0,-618.0
-83.0,-979.0,-122.0,689.0,-8.0,164.0,114.0,-131.0,-83.0,-532.0
-94.0,-665.0,-117.0,676.0,-5.0,102.0,154.0,-121.0,-54.0,-457.0
-115.0,-351.0,-96.0,654.0,0.0,-21.0,173.0,29.0,-27.0,-379.0
-134.0,-108.0,-134.0,584.0,5.0,-50.0,215.0,-38.0,-5.0,-311.0
-174.0,77.0,-118.0,511.0,9.0,-2.0,265.0,242.0,18.0,-234.0
-211.0,261.0,-132.0,434.0,6.0,-33.0,253.0,304.0,61.0,-157.0
-233.0,409.0,-136.0,366.0,-4.0,-16.0,191.0,358.0,131.0,-78.0
-229.0,477.0,-124.0,295.0,-18.0,-2.0,144.0,413.0,155.0,-23.0
-218.0,531.0,-148.0,245.0,-29.0,-56.0,116.0,199.0,164.0,-6.0
-244.0,641.0,-127.0,219.0,-32.0,-71.0,109.0,218.0,201.0,11.0
-236.0,774.0,-129.0,213.0,-31.0,35.0,128.0,25.0,242.0,1.0
-236.0,842.0,-134.0,237.0,-32.0,161.0,131.0,-92.0,316.0,-40.0
-249.0,843.0,-116.0,273.0,-41.0,235.0,137.0,-133.0,398.0,-56.0
-271.0,815.0,-124.0,301.0,-61.0,268.0,145.0,-112.0,455.0,-72.0
-277.0,754.0,-114.0,292.0,-85.0,255.0,146.0,247.0,489.0,-131.0
-277.0,638.0,-112.0,257.0,-100.0,262.0,138.0,509.0,524.0,-127.0
-294.0,473.0,-117.0,178.0,-102.0,293.0,157.0,770.0,552.0,-119.0
-306.0,276.0,-91.0,78.0,-101.0,352.0,178.0,674.0,561.0,-116.0
-308.0,50.0,-102.0,9.0,-104.0,335.0,144.0,489.0,563.0,-57.0
-284.0,-171.0,-112.0,-55.0,-117.0,249.0,137.0,327.0,561.0,0.0
-295.0,-352.0,-99.0,-116.0,-133.0,245.0,166.0,40.0,550.0,69.0
-290.0,-473.0,-108.0,-150.0,-152.0,287.0,196.0,-7.0,516.0,104.0
-288.0,-531.0,-118.0,-204.0,-173.0,325.0,183.0,-201.0,478.0,181.0
-259.0,-517.0,-111.0,-249.0,-187.0,361.0,168.0,-195.0,438.0,260.0
-205.0,-433.0,-117.0,-262.0,-185.0,383.0,202.0,-194.0,367.0,278.0
-149.0,-314.0,-123.0,-301.0,-167.0,358.0,216.0,-210.0,268.0,324.0
-76.0,-215.0,-112.0,-318.0,-146.0,274.0,227.0,12.0,181.0,384.0
-36.0,-156.0,-113.0,-311.0,-125.0,212.0,244.0,-81.0,132.0,431.0
31.0,-107.0,-84.0,-286.0,-107.0,244.0,253.0,40.0,86.0,441.0
56.0,-42.0,-72.0,-224.0,-89.0,216.0,271.0,303.0,21.0,512.0
73.0,45.0,-71.0,-148.0,-67.0,146.0,300.0,563.0,-40.0,608.0
98.0,173.0,-49.0,-74.0,-42.0,162.0,354.0,872.0,-91.0,605.0
89.0,341.0,-64.0,-12.0,-10.0,202.0,383.0,835.0,-150.0,620.0
115.0,490.0,-71.0,13.0,26.0,220.0,383.0,742.0,-194.0,689.0
131.0,608.0,-64.0,17.0,57.0,168.0,434.0,448.0,-221.0,694.0
142.0,722.0,-93.0,26.0,70.0,166.0,459.0,120.0,-266.0,651.0
125.0,804.0,-83.0,9.0,81.0,265.0,445.0,99.0,-327.0,665.0
107.0,805.0,-88.0,4.0,98.0,266.0,450.0,186.0,-387.0,682.0
78.0,652.0,-114.0,-27.0,118.0,154.0,436.0,399.0,-440.0,616.0
37.0,366.0,-86.0,-78.0,142.0,122.0,434.0,408.0,-463.0,530.0
0.0,33.0,-103.0,-141.0,158.0,179.0,411.0,280.0,-464.0,507.0
-51.0,-356.0,-115.0,-252.0,162.0,170.0,349.0,266.0,-464.0,453.0
-97.0,-768.0,-107.0,-320.0,153.0,178.0,289.0,208.0,-460.0,319.0
-147.0,-1099.0,-132.0,-386.0,128.0,250.0,249.0,140.0,-436.0,234.0
-170.0,-1320.0,-154.0,-441.0,102.0,217.0,230.0,-29.0,-394.0,182.0
-209.0,-1453.0,-161.0,-438.0,77.0,49.0,187.0,-181.0,-378.0,57.0
-239.0,-1486.0,-172.0,-384.0,54.0,-64.0,179.0,-197.0,-342.0,-89.0
-260.0,-1391.0,-178.0,-313.0,38.0,-18.0,227.0,-114.0,-261.0,-172.0
-279.0,-1193.0,-171.0,-232.0,31.0,25.0,281.0,0.0,-149.0,-247.0
-303.0,-939.0,-170.0,-141.0,24.0,-10.0,321.0,12.0,-60.0,-367.0
-315.0,-678.0,-168.0,-76.0,12.0,47.0,328.0,51.0,-40.0,-443.0
-318.0,-418.0,-173.0,1.0,-2.0,152.0,339.0,175.0,-26.0,-467.0
-340.0,-104.0,-175.0,72.0,-23.0,110.0,316.0,319.0,-18.0,-537.0
-315.0,265.0,-173.0,133.0,-45.0,-29.0,249.0,323.0,-19.0,-605.0
-315.0,634.0,-198.0,152.0,-63.0,-85.0,207.0,68.0,7.0,-633.0
-309.0,945.0,-224.0,125.0,-77.0,-4.0,219.0,-227.0,51.0,-624.0
-299.0,1150.0,-266.0,97.0,-83.0,-14.0,238.0,-253.0,85.0,-613.0
-282.0,1260.0,-313.0,52.0,-78.0,-135.0,236.0,-175.0,89.0,-622.0
-251.0,1270.0,-335.0,7.0,-65.0,-127.0,263.0,-147.0,37.0,-530.0
-220.0,1150.0,-372.0,-6.0,-50.0,-22.0,299.0,-177.0,-28.0,-445.0
-159.0,919.0,-378.0,-41.0,-42.0,29.0,313.0,-323.0,-72.0,-409.0
-114.0,651.0,-367.0,-87.0,-43.0,74.0,285.0,-210.0,-81.0,-332.0
-51.0,409.0,-366.0,-78.0,-47.0,129.0,252.0,-14.0,-40.0,-224.0
-9.0,221.0,-344.0,-103.0,-56.0,66.0,224.0,-16.0,6.0,-131.0
37.0,142.0,-316.0,-72.0,-64.0,-37.0,154.0,31.0,30.0,-84.0
63.0,193.0,-300.0,3.0,-68.0,-80.0,106.0,164.0,17.0,-3.0
79.0,299.0,-261.0,83.0,-69.0,-47.0,112.0,288.0,6.0,77.0
106.0,360.0,-203.0,199.0,-70.0,-75.0,137.0,301.0,45.0,114.0
121.0,287.0,-162.0,297.0,-76.0,-146.0,149.0,264.0,87.0,121.0
143.0,43.0,-95.0,407.0,-80.0,-93.0,142.0,147.0,114.0,138.0
128.0,-315.0,-59.0,467.0,-85.0,-100.0,131.0,-60.0,119.0,157.0
117.0,-622.0,10.0,534.0,-92.0,-125.0,106.0,-120.0,121.0,108.0
123.0,-759.0,87.0,610.0,-99.0,-68.0,99.0,-96.0,148.0,98.0
154.0,-775.0,125.0,660.0,-103.0,13.0,103.0,-118.0,152.0,119.0
149.0,-752.0,206.0,703.0,-99.0,32.0,86.0,-127.0,120.0,91.0
148.0,-707.0,257.0,688.0,-85.0,-14.0,96.0,-112.0,69.0,80.0
148.0,-602.0,300.0,643.0,-61.0,51.0,126.0,-36.0,10.0,98.0
140.0,-426.0,331.0,550.0,-33.0,75.0,148.0,14.0,-31.0,116.0
132.0,-236.0,380.0,439.0,-7.0,-13.0,146.0,25.0,-79.0,106.0
111.0,-69.0,422.0,329.0,13.0,13.0,146.0,-35.0,-141.0,93.0
139.0,97.0,438.0,215.0,28.0,146.0,185.0,-262.0,-195.0,92.0
155.0,265.0,472.0,128.0,38.0,171.0,199.0,-389.0,-234.0,68.0
208.0,375.0,462.0,43.0,33.0,144.0,171.0,-382.0,-249.0,6.0
224.0,350.0,457.0,-55.0,19.0,230.0,158.0,-325.0,-232.0,-30.0
231.0,171.0,446.0,-153.0,9.0,383.0,146.0,-356.0,-186.0,-23.0
268.0,-45.0,417.0,-207.0,12.0,369.0,98.0,-412.0,-126.0,-35.0
255.0,-158.0,412.0,-188.0,24.0,225.0,71.0,-363.0,-56.0,-11.0
248.0,-159.0,390.0,-172.0,29.0,313.0,109.0,-456.0,24.0,58.0
237.0,-122.0,349.0,-140.0,26.0,469.0,148.0,-467.0,75.0,135.0
230.0,-44.0,289.0,-83.0,8.0,395.0,127.0,-545.0,100.0,201.0
208.0,115.0,230.0,-49.0,-21.0,242.0,118.0,-489.0,128.0,271.0
185.0,312.0,173.0,-17.0,-61.0,267.0,113.0,-225.0,102.0,375.0
159.0,483.0,86.0,20.0,-112.0,317.0,46.0,-107.0,62.0,453.0
125.0,634.0,23.0,83.0,-150.0,164.0,-9.0,260.0,59.0,503.0
113.0,782.0,-36.0,138.0,-167.0,57.0,-18.0,406.0,75.0,569.0
99.0,903.0,-104.0,186.0,-173.0,115.0,5.0,402.0,94.0,650.0
79.0,956.0,-153.0,245.0,-178.0,169.0,14.0,304.0,96.0,689.0
62.0,931.0,-204.0,287.0,-181.0,82.0,30.0,57.0,99.0,709.0
36.0,849.0,-240.0,301.0,-176.0,-15.0,60.0,-44.0,83.0,774.0
8.0,719.0,-259.0,286.0,-158.0,44.0,57.0,-251.0,39.0,818.0
-7.0,536.0,-288.0,213.0,-133.0,114.0,76.0,-221.0,3.0,814.0
-15.0,276.0,-288.0,131.0,-108.0,129.0,102.0,-247.0,-15.0,821.0
-35.0,-76.0,-270.0,71.0,-77.0,164.0,102.0,-121.0,-21.0,836.0
-65.0,-451.0,-292.0,-39.0,-41.0,150.0,87.0,153.0,-42.0,821.0
-78.0,-731.0,-276.0,-152.0,-1.0,42.0,96.0,223.0,-82.0,776.0
-98.0,-903.0,-255.0,-238.0,32.0,-101.0,119.0,214.0,-100.0,778.0
-110.0,-1004.0,-253.0,-299.0,55.0,-121.0,144.0,-120.0,-84.0,807.0
-126.0,-1012.0,-237.0,-294.0,74.0,-35.0,197.0,-157.0,-69.0,765.0
-135.0,-913.0,-186.0,-263.0,89.0,-16.0,253.0,-140.0,-65.0,739.0
-161.0,-752.0,-159.0,-252.0,108.0,-1.0,358.0,-162.0,-70.0,748.0
-199.0,-617.0,-120.0,-231.0,127.0,39.0,437.0,-145.0,-110.0,710.0
-222.0,-516.0,-55.0,-180.0,143.0,68.0,413.0,-249.0,-141.0,633.0
-241.0,-430.0,-11.0,-121.0,156.0,81.0,384.0,-70.0,-146.0,572.0
-247.0,-392.0,71.0,-40.0,164.0,64.0,378.0,-116.0,-145.0,527.0
-264.0,-383.0,82.0,66.0,166.0,71.0,367.0,-267.0,-131.0,440.0
-273.0,-345.0,122.0,176.0,166.0,42.0,339.0,-323.0,-129.0,352.0
-281.0,-253.0,178.0,259.0,161.0,-79.0,315.0,-312.0,-125.0,301.0
-277.0,-146.0,184.0,304.0,147.0,-156.0,296.0,-127.0,-127.0,232.0
-299.0,-86.0,227.0,337.0,138.0,-176.0,260.0,-57.0,-137.0,134.0
-308.0,-46.0,260.0,381.0,132.0,-189.0,208.0,110.0,-137.0,50.0
-288.0,46.0,284.0,422.0,126.0,-198.0,149.0,266.0,-123.0,-18.0
-276.0,125.0,282.0,435.0,121.0,-183.0,102.0,327.0,-98.0,-110.0
-269.0,86.0,322.0,455.0,109.0,-166.0,102.0,299.0,-83.0,-216.0
-268.0,17.0,308.0,447.0,93.0,-189.0,155.0,90.0,-60.0,-273.0
-236.0,31.0,303.0,421.0,73.0,-158.0,218.0,84.0,-18.0,-314.0
-226.0,93.0,305.0,409.0,62.0,-125.0,277.0,51.0,21.0,-391.0
-226.0,127.0,229.0,383.0,63.0,-174.0,317.0,-57.0,40.0,-437.0
-233.0,139.0,242.0,369.0,78.0,-252.0,324.0,-240.0,52.0,-463.0
-246.0,179.0,204.0,341.0,102.0,-221.0,333.0,-458.0,73.0,-498.0
-225.0,273.0,149.0,273.0,126.0,-133.0,340.0,-358.0,93.0,-534.0
-189.0,402.0,149.0,228.0,152.0,-109.0,363.0,-402.0,134.0,-550.0
-159.0,546.0,93.0,169.0,166.0,-103.0,408.0,-415.0,190.0,-558.0
-141.0,692.0,52.0,96.0,162.0,-89.0,419.0,-280.0,233.0,-582.0
-109.0,827.0,25.0,42.0,141.0,-129.0,434.0,-145.0,262.0,-585.0
-77.0,935.0,2.0,-34.0,114.0,-164.0,442.0,-62.0,285.0,-571.0
-67.0,958.0,-38.0,-103.0,92.0,8.0,433.0,-212.0,301.0,-554.0
-28.0,916.0,-61.0,-158.0,74.0,154.0,395.0,-136.0,322.0,-546.0
5.0,910.0,-91.0,-218.0,56.0,50.0,343.0,-151.0,340.0,-535.0
21.0,923.0,-125.0,-266.0,44.0,-85.0,336.0,-308.0,310.0,-497.0
45.0,825.0,-124.0,-266.0,40.0,-30.0,311.0,-513.0,235.0,-491.0
77.0,553.0,-147.0,-259.0,32.0,44.0,324.0,-787.0,160.0,-478.0
114.0,203.0,-152.0,-255.0,20.0,-31.0,364.0,-811.0,103.0,-431.0
137.0,-53.0,-146.0,-221.0,10.0,-58.0,347.0,-803.0,45.0,-384.0
186.0,-138.0,-149.0,-190.0,2.0,-17.0,297.0,-596.0,-23.0,-331.0
191.0,-112.0,-175.0,-159.0,0.0,23.0,244.0,-493.0,-90.0,-265.0
196.0,-89.0,-167.0,-125.0,0.0,-64.0,219.0,-443.0,-134.0,-167.0
223.0,-129.0,-185.0,-83.0,0.0,-121.0,195.0,-310.0,-153.0,-95.0
237.0,-213.0,-214.0,-54.0,13.0,-38.0,209.0,-328.0,-146.0,-37.0
262.0,-300.0,-188.0,-48.0,40.0,-63.0,272.0,-79.0,-133.0,36.0
257.0,-413.0,-217.0,-33.0,59.0,-66.0,296.0,3.0,-130.0,95.0
280.0,-549.0,-214.0,-20.0,63.0,-36.0,285.0,-75.0,-132.0,145.0
276.0,-624.0,-214.0,22.0,59.0,-16.0,272.0,-164.0,-135.0,175.0
246.0,-550.0,-236.0,87.0,52.0,6.0,284.0,-336.0,-133.0,198.0
223.0,-337.0,-239.0,121.0,46.0,-52.0,306.0,-371.0,-122.0,192.0
227.0,-89.0,-258.0,148.0,36.0,-4.0,302.0,-535.0,-91.0,151.0
240.0,85.0,-291.0,166.0,20.0,119.0,320.0,-583.0,-44.0,87.0
240.0,152.0,-291.0,148.0,-7.0,62.0,342.0,-532.0,12.0,12.0
246.0,168.0,-311.0,134.0,-43.0,-78.0,356.0,-356.0,58.0,-78.0
250.0,154.0,-342.0,110.0,-72.0,-87.0,384.0,-133.0,98.0,-182.0
271.0,60.0,-328.0,87.0,-93.0,-1.0,403.0,-131.0,144.0,-281.0
270.0,-89.0,-340.0,86.0,-107.0,-67.0,409.0,84.0,177.0,-367.0
270.0,-204.0,-317.0,83.0,-119.0,-161.0,400.0,349.0,221.0,-437.0
267.0,-270.0,-332.0,73.0,-125.0,-102.0,370.0,386.0,269.0,-485.0
270.0,-362.0,-328.0,38.0,-119.0,-60.0,302.0,96.0,306.0,-487.0
273.0,-450.0,-312.0,-7.0,-112.0,1.0,237.0,-291.0,326.0,-452.0
252.0,-491.0,-333.0,-55.0,-116.0,4.0,218.0,-391.0,338.0,-370.0
234.0,-517.0,-288.0,-79.0,-131.0,-27.0,214.0,-362.0,325.0,-261.0
221.0,-517.0,-249.0,-89.0,-150.0,-29.0,216.0,-182.0,280.0,-123.0
207.0,-467.0,-208.0,-89.0,-167.0,-12.0,213.0,-109.0,245.0,28.0
176.0,-357.0,-177.0,-51.0,-182.0,46.0,218.0,-164.0,194.0,175.0
141.0,-177.0,-124.0,-30.0,-193.0,-10.0,244.0,-138.0,124.0,333.0
115.0,51.0,-97.0,-10.0,-193.0,-60.0,274.0,-232.0,50.0,461.0
45.0,260.0,-60.0,12.0,-183.0,-95.0,299.0,-338.0,-58.0,576.0
-38.0,382.0,9.0,41.0,-162.0,-127.0,272.0,-334.0,-174.0,665.0
-82.0,418.0,70.0,80.0,-135.0,-94.0,218.0,-179.0,-266.0,734.0
-135.0,409.0,152.0,131.0,-101.0,-57.0,194.0,-168.0,-338.0,804.0
-190.0,407.0,210.0,201.0,-70.0,-63.0,187.0,-306.0,-403.0,866.0
-249.0,379.0,294.0,238.0,-45.0,-146.0,160.0,-351.0,-453.0,923.0
-298.0,234.0,341.0,261.0,-14.0,-141.0,138.0,-485.0,-493.0,997.0
-326.0,19.0,414.0,270.0,15.0,-66.0,183.0,-378.0,-531.0,1090.0
-361.0,-145.0,460.0,276.0,43.0,-7.0,219.0,-264.0,-535.0,1167.0
-397.0,-233.0,460.0,276.0,55.0,-9.0,241.0,-254.0,-537.0,1245.0
-421.0,-264.0,523.0,271.0,49.0,-32.0,262.0,-290.0,-564.0,1325.0
-427.0,-262.0,526.0,249.0,33.0,5.0,245.0,-613.0,-584.0,1403.0
-426.0,-267.0,553.0,203.0,12.0,64.0,232.0,-650.0,-589.0,1457.0
-415.0,-314.0,596.0,171.0,5.0,80.0,194.0,-550.0,-580.0,1496.0
-386.0,-367.0,586.0,143.0,14.0,41.0,144.0,-330.0,-571.0,1527.0
-324.0,-370.0,582.0,121.0,29.0,142.0,112.0,-22.0,-577.0,1523.0
-276.0,-273.0,588.0,97.0,38.0,229.0,114.0,-77.0,-564.0,1497.0
-225.0,-71.0,574.0,64.0,44.0,85.0,138.0,-266.0,-537.0,1458.0
-172.0,119.0,575.0,26.0,50.0,-60.0,124.0,-352.0,-512.0,1414.0
-119.0,216.0,575.0,-15.0,52.0,-52.0,68.0,-169.0,-479.0,1348.0
-48.0,265.0,578.0,-30.0,56.0,-20.0,39.0,-116.0,-443.0,1249.0
9.0,342.0,589.0,-10.0,62.0,-113.0,65.0,-157.0,-409.0,1143.0
57.0,462.0,547.0,2.0,67.0,-193.0,84.0,-84.0,-378.0,1027.0
85.0,544.0,559.0,36.0,68.0,-129.0,81.0,-158.0,-338.0,864.0
121.0,561.0,537.0,101.0,64.0,-18.0,94.0,-234.0,-285.0,680.0
154.0,560.0,485.0,178.0,65.0,-14.0,116.0,-271.0,-225.0,512.0
172.0,547.0,470.0,260.0,73.0,-87.0,135.0,-214.0,-152.0,327.0
167.0,487.0,410.0,304.0,84.0,-54.0,185.0,-144.0,-64.0,137.0
165.0,381.0,360.0,312.0,92.0,17.0,210.0,9.0,23.0,-26.0
170.0,272.0,301.0,299.0,91.0,47.0,189.0,242.0,109.0,-178.0
164.0,152.0,228.0,251.0,91.0,28.0,166.0,221.0,221.0,-311.0
156.0,27.0,170.0,188.0,91.0,-57.0,127.0,55.0,319.0,-417.0
154.0,-103.0,100.0,148.0,89.0,-149.0,113.0,35.0,386.0,-509.0
150.0,-254.0,45.0,77.0,82.0,-164.0,136.0,166.0,437.0,-564.0
117.0,-391.0,17.0,-28.0,65.0,-44.0,174.0,149.0,482.0,-580.0
82.0,-472.0,-19.0,-107.0,52.0,29.0,207.0,5.0,532.0,-563.0
56.0,-517.0,-46.0,-168.0,42.0,-32.0,216.0,-171.0,551.0,-505.0
48.0,-625.0,-57.0,-177.0,38.0,-53.0,192.0,-402.0,545.0,-447.0
47.0,-832.0,-61.0,-172.0,40.0,-33.0,168.0,-351.0,522.0,-386.0
53.0,-1072.0,-77.0,-179.0,35.0,-41.0,155.0,-251.0,504.0,-305.0
67.0,-1208.0,-69.0,-152.0,28.0,-73.0,155.0,-388.0,503.0,-242.0
100.0,-1161.0,-77.0,-128.0,15.0,-61.0,168.0,-424.0,504.0,-195.0
134.0,-1018.0,-91.0,-84.0,-1.0,26.0,141.0,-399.0,476.0,-159.0
167.0,-856.0,-81.0,10.0,-21.0,47.0,104.0,-363.0,409.0,-137.0
204.0,-655.0,-112.0,95.0,-44.0,8.0,85.0,-308.0,329.0,-134.0
252.0,-421.0,-101.0,173.0,-61.0,-13.0,71.0,-157.0,242.0,-144.0
310.0,-178.0,-111.0,250.0,-61.0,-73.0,97.0,105.0,163.0,-135.0
347.0,80.0,-116.0,294.0,-39.0,-104.0,146.0,186.0,92.0,-132.0
402.0,350.0,-125.0,335.0,-4.0,-36.0,185.0,36.0,7.0,-106.0
443.0,628.0,-171.0,377.0,36.0,4.0,202.0,-325.0,-78.0,-53.0
500.0,904.0,-172.0,382.0,74.0,-22.0,192.0,-428.0,-159.0,10.0
554.0,1103.0,-232.0,358.0,109.0,-64.0,207.0,-399.0,-247.0,92.0
613.0,1138.0,-262.0,291.0,137.0,-43.0,224.0,-631.0,-324.0,165.0
665.0,1014.0,-276.0,200.0,149.0,30.0,196.0,-633.0,-391.0,245.0
694.0,798.0,-304.0,100.0,144.0,0.0,172.0,-554.0,-459.0,309.0
730.0,571.0,-311.0,23.0,130.0,-4.0,183.0,-480.0,-494.0,364.0
694.0,409.0,-328.0,-14.0,109.0,39.0,200.0,-471.0,-515.0,399.0
663.0,285.0,-331.0,-43.0,78.0,-14.0,192.0,-400.0,-548.0,411.0
623.0,132.0,-354.0,-38.0,39.0,-56.0,185.0,-46.0,-561.0,415.0
568.0,-33.0,-339.0,-39.0,2.0,-11.0,186.0,166.0,-550.0,387.0
546.0,-181.0,-305.0,-55.0,-26.0,51.0,175.0,291.0,-534.0,356.0
539.0,-284.0,-293.0,-48.0,-42.0,-9.0,165.0,72.0,-521.0,319.0
520.0,-336.0,-281.0,-34.0,-57.0,-118.0,179.0,-339.0,-519.0,291.0
488.0,-356.0,-264.0,-3.0,-76.0,-136.0,196.0,-582.0,-526.0,267.0
454.0,-382.0,-255.0,15.0,-100.0,-122.0,195.0,-694.0,-524.0,250.0
391.0,-434.0,-214.0,-22.0,-138.0,-183.0,163.0,-583.0,-514.0,255.0
331.0,-507.0,-186.0,-69.0,-185.0,-211.0,109.0,-648.0,-510.0,242.0
239.0,-548.0,-177.0,-105.0,-224.0,-154.0,47.0,-692.0,-490.0,236.0
172.0,-519.0,-91.0,-143.0,-251.0,-156.0,-24.0,-670.0,-465.0,239.0
113.0,-431.0,-74.0,-160.0,-265.0,-215.0,-70.0,-563.0,-440.0,238.0
63.0,-283.0,-56.0,-187.0,-275.0,-269.0,-87.0,-495.0,-402.0,242.0
4.0,-84.0,-2.0,-220.0,-279.0,-213.0,-50.0,-729.0,-373.0,215.0
-83.0,116.0,24.0,-252.0,-276.0,-198.0,-9.0,-548.0,-340.0,189.0
-125.0,269.0,48.0,-296.0,-276.0,-248.0,1.0,-386.0,-296.0,169.0
-171.0,360.0,55.0,-317.0,-262.0,-152.0,17.0,-208.0,-242.0,126.0
-188.0,372.0,113.0,-288.0,-235.0,-101.0,16.0,-62.0,-181.0,62.0
-206.0,287.0,113.0,-254.0,-198.0,-175.0,24.0,-284.0,-121.0,-7.0
-226.0,140.0,102.0,-200.0,-149.0,-232.0,14.0,5.0,-53.0,-71.0
-243.0,-48.0,100.0,-126.0,-97.0,-166.0,12.0,31.0,3.0,-136.0
-243.0,-280.0,60.0,-83.0,-45.0,-45.0,18.0,-147.0,38.0,-183.0
-228.0,-513.0,21.0,-47.0,0.0,-10.0,-35.0,-234.0,56.0,-217.0
-230.0,-640.0,-5.0,-14.0,35.0,-41.0,-98.0,-654.0,81.0,-243.0
-212.0,-582.0,-3.0,20.0,67.0,-43.0,-154.0,-752.0,114.0,-248.0
-216.0,-366.0,-58.0,46.0,93.0,9.0,-186.0,-740.0,141.0,-233.0
-186.0,-115.0,-54.0,79.0,108.0,-50.0,-182.0,-698.0,158.0,-203.0
-140.0,0.0,-84.0,114.0,112.0,-90.0,-169.0,-718.0,164.0,-159.0
-108.0,-63.0,-109.0,134.0,115.0,-66.0,-148.0,-672.0,177.0,-87.0
-78.0,-176.0,-85.0,179.0,117.0,-33.0,-134.0,-487.0,221.0,10.0
-41.0,-201.0,-104.0,198.0,109.0,18.0,-144.0,-524.0,269.0,127.0
19.0,-142.0,-50.0,193.0,92.0,0.0,-165.0,-463.0,303.0,252.0
40.0,-88.0,-98.0,138.0,82.0,47.0,-194.0,-506.0,340.0,388.0
39.0,-35.0,-30.0,51.0,83.0,11.0,-229.0,-323.0,379.0,502.0
50.0,86.0,-50.0,18.0,82.0,-18.0,-241.0,-72.0,425.0,595.0
87.0,235.0,-99.0,1.0,84.0,47.0,-228.0,-173.0,468.0,685.0
117.0,306.0,-29.0,11.0,86.0,-77.0,-205.0,-258.0,488.0,744.0
143.0,318.0,-73.0,76.0,75.0,-218.0,-158.0,-349.0,488.0,784.0
174.0,398.0,-41.0,148.0,58.0,-217.0,-105.0,-247.0,481.0,802.0
211.0,571.0,-105.0,206.0,43.0,-100.0,-72.0,-194.0,463.0,809.0
260.0,752.0,-62.0,269.0,42.0,-79.0,-36.0,-144.0,423.0,819.0
297.0,923.0,-89.0,325.0,56.0,-153.0,-15.0,-140.0,384.0,828.0
333.0,1090.0,-126.0,385.0,77.0,-116.0,-23.0,-267.0,350.0,839.0
347.0,1178.0,-102.0,420.0,104.0,-66.0,-52.0,-321.0,291.0,838.0
374.0,1178.0,-122.0,423.0,130.0,-79.0,-71.0,-567.0,230.0,827.0
397.0,1120.0,-72.0,388.0,148.0,-200.0,-40.0,-461.0,176.0,820.0
410.0,974.0,-117.0,308.0,157.0,-212.0,-45.0,-214.0,122.0,812.0
436.0,749.0,-9.0,235.0,158.0,-118.0,-81.0,-253.0,81.0,791.0
449.0,557.0,-82.0,152.0,156.0,-183.0,-70.0,-356.0,52.0,769.0
453.0,396.0,-63.0,83.0,156.0,-277.0,-70.0,-620.0,31.0,748.0
427.0,161.0,0.0,24.0,160.0,-258.0,-63.0,-591.0,-8.0,729.0
405.0,-94.0,-96.0,-24.0,174.0,-125.0,-19.0,-502.0,-48.0,708.0
377.0,-266.0,-5.0,-37.0,188.0,-18.0,9.0,-513.0,-81.0,682.0
362.0,-306.0,-53.0,-26.0,194.0,-16.0,14.0,-515.0,-127.0,667.0
347.0,-221.0,-27.0,-2.0,196.0,-60.0,-3.0,-593.0,-156.0,626.0
327.0,-109.0,-44.0,20.0,195.0,-162.0,-7.0,-539.0,-183.0,576.0
321.0,-27.0,-12.0,43.0,188.0,-207.0,37.0,-715.0,-210.0,546.0
284.0,64.0,3.0,54.0,168.0,-120.0,59.0,-744.0,-220.0,500.0
247.0,125.0,-36.0,41.0,137.0,-16.0,47.0,-667.0,-213.0,462.0
207.0,72.0,49.0,10.0,96.0,-50.0,37.0,-637.0,-217.0,434.0
170.0,-40.0,-57.0,-31.0,51.0,-154.0,31.0,-323.0,-235.0,404.0
136.0,-140.0,-37.0,-126.0,15.0,-215.0,35.0,-328.0,-253.0,383.0
120.0,-190.0,-45.0,-216.0,-8.0,-265.0,26.0,-341.0,-279.0,359.0
120.0,-172.0,-106.0,-294.0,-27.0,-266.0,17.0,-406.0,-304.0,338.0
139.0,-173.0,-65.0,-392.0,-47.0,-176.0,-1.0,-463.0,-328.0,318.0
138.0,-198.0,-90.0,-477.0,-63.0,-125.0,-32.0,-293.0,-337.0,279.0
145.0,-179.0,-75.0,-557.0,-71.0,-263.0,-39.0,-473.0,-345.0,241.0
172.0,-148.0,-98.0,-608.0,-74.0,-423.0,-53.0,-474.0,-337.0,210.0
153.0,-173.0,-124.0,-640.0,-68.0,-437.0,-102.0,-448.0,-298.0,161.0
139.0,-225.0,-127.0,-659.0,-60.0,-363.0,-155.0,-450.0,-247.0,102.0
141.0,-188.0,-158.0,-692.0,-53.0,-277.0,-181.0,-343.0,-174.0,30.0
159.0,-53.0,-165.0,-686.0,-47.0,-227.0,-183.0,-447.0,-97.0,-32.0
130.0,84.0,-162.0,-645.0,-41.0,-219.0,-193.0,-345.0,-23.0,-92.0
120.0,180.0,-190.0,-608.0,-38.0,-298.0,-223.0,-388.0,33.0,-141.0
124.0,256.0,-204.0,-543.0,-28.0,-375.0,-252.0,-535.0,60.0,-163.0
112.0,325.0,-192.0,-484.0,-9.0,-292.0,-268.0,-533.0,60.0,-187.0
125.0,325.0,-206.0,-401.0,2.0,-133.0,-294.0,-563.0,40.0,-186.0
135.0,246.0,-230.0,-309.0,6.0,-146.0,-271.0,-443.0,31.0,-178.0
164.0,195.0,-221.0,-180.0,8.0,-244.0,-195.0,-395.0,24.0,-173.0
188.0,215.0,-208.0,-41.0,9.0,-219.0,-155.0,-454.0,21.0,-148.0
222.0,190.0,-199.0,95.0,7.0,-196.0,-122.0,-539.0,16.0,-117.0
219.0,55.0,-182.0,247.0,-7.0,-249.0,-104.0,-733.0,-17.0,-78.0
228.0,-121.0,-170.0,355.0,-32.0,-327.0,-134.0,-955.0,-40.0,-40.0
233.0,-222.0,-164.0,422.0,-64.0,-327.0,-180.0,-942.0,-50.0,-3.0
236.0,-201.0,-132.0,454.0,-100.0,-352.0,-225.0,-864.0,-59.0,4.0
229.0,-169.0,-113.0,492.0,-133.0,-489.0,-249.0,-901.0,-71.0,-18.0
227.0,-185.0,-120.0,532.0,-150.0,-536.0,-268.0,-792.0,-88.0,-58.0
268.0,-201.0,-85.0,553.0,-153.0,-511.0,-268.0,-744.0,-114.0,-107.0
267.0,-162.0,-68.0,546.0,-163.0,-527.0,-238.0,-641.0,-122.0,-175.0
283.0,-84.0,-59.0,522.0,-177.0,-575.0,-243.0,-558.0,-105.0,-235.0
288.0,20.0,-21.0,477.0,-193.0,-629.0,-256.0,-478.0,-86.0,-263.0
297.0,148.0,21.0,419.0,-201.0,-657.0,-257.0,-339.0,-43.0,-284.0
272.0,232.0,58.0,332.0,-186.0,-654.0,-270.0,-412.0,16.0,-253.0
249.0,270.0,118.0,224.0,-159.0,-580.0,-269.0,-256.0,85.0,-195.0
244.0,305.0,176.0,135.0,-111.0,-392.0,-256.0,-247.0,156.0,-117.0
244.0,344.0,214.0,39.0,-44.0,-277.0,-253.0,-297.0,223.0,0.0
261.0,398.0,288.0,-39.0,22.0,-331.0,-232.0,-327.0,294.0,111.0
252.0,510.0,313.0,-94.0,79.0,-364.0,-211.0,-633.0,342.0,229.0
279.0,650.0,384.0,-134.0,120.0,-274.0,-240.0,-559.0,373.0,329.0
283.0,742.0,447.0,-179.0,147.0,-169.0,-257.0,-476.0,402.0,400.0
288.0,752.0,426.0,-239.0,164.0,-149.0,-255.0,-404.0,402.0,449.0
285.0,706.0,479.0,-284.0,172.0,-125.0,-247.0,-223.0,384.0,454.0
314.0,653.0,473.0,-325.0,180.0,-134.0,-211.0,-134.0,365.0,430.0
316.0,617.0,464.0,-370.0,191.0,-229.0,-152.0,73.0,355.0,399.0
290.0,594.0,498.0,-399.0,204.0,-314.0,-124.0,-109.0,355.0,353.0
291.0,517.0,503.0,-392.0,214.0,-279.0,-139.0,-243.0,334.0,286.0
273.0,374.0,536.0,-360.0,216.0,-247.0,-144.0,-208.0,300.0,232.0
259.0,232.0,528.0,-327.0,203.0,-392.0,-150.0,-367.0,268.0,186.0
234.0,79.0,525.0,-289.0,178.0,-484.0,-165.0,-308.0,233.0,136.0
245.0,-61.0,508.0,-264.0,153.0,-479.0,-194.0,-406.0,195.0,98.0
235.0,-134.0,474.0,-273.0,125.0,-429.0,-201.0,-315.0,174.0,89.0
215.0,-166.0,449.0,-290.0,94.0,-307.0,-180.0,-145.0,148.0,90.0
189.0,-197.0,391.0,-304.0,70.0,-246.0,-151.0,-288.0,115.0,106.0
190.0,-191.0,349.0,-317.0,60.0,-191.0,-115.0,-242.0,101.0,135.0
197.0,-146.0,277.0,-331.0,66.0,-156.0,-90.0,-295.0,111.0,169.0
199.0,-116.0,214.0,-330.0,78.0,-193.0,-38.0,-275.0,140.0,226.0
223.0,-134.0,134.0,-286.0,81.0,-162.0,-6.0,-155.0,168.0,258.0
234.0,-196.0,55.0,-224.0,68.0,-56.0,-15.0,-18.0,206.0,294.0
277.0,-259.0,-3.0,-149.0,38.0,-4.0,-47.0,103.0,231.0,329.0
273.0,-326.0,-54.0,-82.0,-6.0,-37.0,-117.0,3.0,233.0,340.0
272.0,-456.0,-88.0,-38.0,-49.0,-127.0,-160.0,-16.0,240.0,343.0
291.0,-642.0,-151.0,17.0,-77.0,-206.0,-160.0,-22.0,240.0,317.0
295.0,-778.0,-150.0,75.0,-83.0,-239.0,-160.0,-62.0,226.0,290.0
269.0,-791.0,-211.0,133.0,-73.0,-296.0,-165.0,-184.0,191.0,256.0
231.0,-730.0,-239.0,168.0,-52.0,-332.0,-164.0,-149.0,142.0,223.0
221.0,-640.0,-233.0,216.0,-20.0,-398.0,-163.0,-173.0,77.0,185.0
199.0,-534.0,-288.0,301.0,11.0,-453.0,-168.0,-456.0,-16.0,140.0
158.0,-399.0,-259.0,354.0,33.0,-338.0,-169.0,-541.0,-141.0,90.0
113.0,-250.0,-275.0,406.0,47.0,-292.0,-179.0,-548.0,-271.0,41.0
72.0,-116.0,-283.0,449.0,51.0,-418.0,-193.0,-454.0,-369.0,-8.0
26.0,67.0,-297.0,491.0,51.0,-462.0,-208.0,-552.0,-455.0,-61.0
-39.0,293.0,-318.0,533.0,53.0,-325.0,-229.0,-654.0,-516.0,-97.0
-107.0,465.0,-319.0,546.0,61.0,-237.0,-246.0,-572.0,-547.0,-149.0
-126.0,568.0,-366.0,561.0,64.0,-351.0,-286.0,-624.0,-576.0,-194.0
-158.0,644.0,-364.0,550.0,70.0,-377.0,-327.0,-412.0,-585.0,-246.0
-202.0,702.0,-372.0,560.0,73.0,-225.0,-356.0,-288.0,-564.0,-320.0
-240.0,779.0,-386.0,564.0,69.0,-152.0,-395.0,-114.0,-512.0,-378.0
-245.0,885.0,-373.0,529.0,60.0,-273.0,-428.0,208.0,-432.0,-408.0
-243.0,973.0,-328.0,481.0,43.0,-320.0,-424.0,219.0,-314.0,-412.0
-240.0,1036.0,-295.0,415.0,26.0,-165.0,-395.0,243.0,-185.0,-410.0
-229.0,1026.0,-266.0,356.0,9.0,-91.0,-395.0,36.0,-80.0,-342.0
-225.0,939.0,-219.0,293.0,-2.0,-161.0,-405.0,-192.0,13.0,-258.0
-185.0,837.0,-216.0,243.0,-20.0,-179.0,-392.0,-186.0,83.0,-198.0
-170.0,723.0,-191.0,202.0,-43.0,-102.0,-384.0,-205.0,142.0,-119.0
-146.0,550.0,-184.0,145.0,-62.0,-188.0,-389.0,-223.0,171.0,-51.0
-112.0,300.0,-165.0,83.0,-74.0,-246.0,-391.0,-349.0,162.0,16.0
-45.0,-22.0,-120.0,-2.0,-77.0,-141.0,-381.0,-306.0,140.0,60.0
-5.0,-424.0,-114.0,-69.0,-69.0,-152.0,-378.0,-205.0,99.0,86.0
34.0,-823.0,-105.0,-114.0,-42.0,-229.0,-406.0,-120.0,57.0,121.0
84.0,-1120.0,-102.0,-174.0,-9.0,-226.0,-447.0,22.0,-4.0,140.0
96.0,-1225.0,-116.0,-227.0,19.0,-104.0,-490.0,-79.0,-70.0,147.0
142.0,-1103.0,-133.0,-275.0,43.0,-29.0,-534.0,-171.0,-130.0,172.0
163.0,-866.0,-86.0,-323.0,55.0,-54.0,-543.0,-238.0,-196.0,225.0
209.0,-631.0,-45.0,-348.0,63.0,-62.0,-525.0,-230.0,-241.0,267.0
261.0,-397.0,-33.0,-342.0,72.0,-21.0,-512.0,-145.0,-274.0,319.0
297.0,-122.0,42.0,-307.0,81.0,-18.0,-511.0,-195.0,-298.0,383.0
326.0,178.0,73.0,-283.0,83.0,-85.0,-524.0,-190.0,-314.0,444.0
358.0,464.0,86.0,-246.0,80.0,-48.0,-525.0,-182.0,-331.0,494.0
378.0,689.0,100.0,-139.0,68.0,5.0,-540.0,-94.0,-349.0,522.0
390.0,872.0,87.0,-38.0,40.0,-17.0,-579.0,11.0,-358.0,558.0
405.0,1011.0,92.0,30.0,2.0,-66.0,-573.0,62.0,-350.0,575.0
405.0,1013.0,96.0,104.0,-40.0,-64.0,-557.0,38.0,-358.0,581.0
422.0,844.0,104.0,158.0,-84.0,-65.0,-525.0,-38.0,-360.0,588.0
425.0,567.0,124.0,186.0,-127.0,-104.0,-505.0,33.0,-347.0,606.0
422.0,261.0,147.0,181.0,-163.0,-78.0,-505.0,-35.0,-349.0,633.0
408.0,-3.0,113.0,136.0,-190.0,-70.0,-488.0,38.0,-336.0,642.0
385.0,-161.0,126.0,77.0,-210.0,-115.0,-525.0,173.0,-308.0,658.0
315.0,-211.0,140.0,-15.0,-214.0,-136.0,-544.0,114.0,-289.0,664.0
238.0,-192.0,111.0,-89.0,-207.0,-102.0,-560.0,232.0,-256.0,637.0
189.0,-188.0,136.0,-120.0,-183.0,-76.0,-588.0,317.0,-219.0,602.0
121.0,-246.0,125.0,-169.0,-154.0,-93.0,-614.0,391.0,-194.0,562.0
48.0,-284.0,125.0,-197.0,-124.0,-64.0,-653.0,424.0,-148.0,491.0
4.0,-306.0,131.0,-208.0,-82.0,-6.0,-658.0,376.0,-99.0,417.0
-20.0,-370.0,91.0,-203.0,-34.0,-43.0,-660.0,328.0,-43.0,338.0
-71.0,-436.0,84.0,-159.0,15.0,-83.0,-638.0,199.0,20.0,227.0
-130.0,-517.0,88.0,-119.0,51.0,-25.0,-638.0,107.0,50.0,112.0
-173.0,-689.0,87.0,-83.0,68.0,39.0,-631.0,-110.0,72.0,-37.0
-202.0,-910.0,120.0,-39.0,70.0,65.0,-583.0,-179.0,80.0,-187.0
-261.0,-1075.0,125.0,-3.0,67.0,62.0,-563.0,-145.0,60.0,-325.0
-293.0,-1154.0,150.0,28.0,64.0,90.0,-551.0,-260.0,28.0,-488.0
-310.0,-1136.0,170.0,65.0,65.0,114.0,-547.0,-186.0,0.0,-601.0
-315.0,-1062.0,149.0,93.0,66.0,80.0,-538.0,-158.0,-35.0,-692.0
-315.0,-1038.0,149.0,118.0,59.0,95.0,-562.0,5.0,-53.0,-759.0
-336.0,-1086.0,124.0,133.0,57.0,155.0,-551.0,214.0,-49.0,-783.0
-323.0,-1097.0,101.0,128.0,64.0,128.0,-498.0,184.0,-74.0,-793.0
-320.0,-978.0,72.0,121.0,73.0,85.0,-476.0,103.0,-99.0,-741.0
-315.0,-753.0,57.0,81.0,77.0,177.0,-463.0,-53.0,-112.0,-666.0
-321.0,-510.0,45.0,3.0,83.0,237.0,-496.0,-53.0,-123.0,-596.0
-316.0,-324.0,-3.0,-76.0,96.0,181.0,-541.0,-64.0,-120.0,-507.0
-308.0,-190.0,-6.0,-159.0,110.0,113.0,-583.0,40.0,-106.0,-426.0
-317.0,-35.0,5.0,-217.0,118.0,91.0,-637.0,120.0,-100.0,-381.0
-293.0,191.0,-2.0,-241.0,119.0,123.0,-667.0,90.0,-84.0,-359.0
-285.0,450.0,-1.0,-256.0,117.0,64.0,-654.0,258.0,-52.0,-346.0
-287.0,637.0,8.0,-272.0,100.0,31.0,-609.0,88.0,-25.0,-354.0
-253.0,662.0,11.0,-261.0,69.0,178.0,-567.0,38.0,13.0,-366.0
-204.0,544.0,4.0,-199.0,37.0,217.0,-524.0,92.0,60.0,-380.0
-172.0,379.0,8.0,-128.0,0.0,112.0,-485.0,51.0,111.0,-376.0
-156.0,234.0,27.0,-46.0,-42.0,151.0,-455.0,330.0,165.0,-378.0
-125.0,152.0,35.0,5.0,-86.0,218.0,-422.0,365.0,214.0,-396.0
-84.0,156.0,35.0,13.0,-121.0,187.0,-391.0,463.0,242.0,-378.0
-58.0,220.0,64.0,15.0,-134.0,169.0,-361.0,598.0,256.0,-381.0
-18.0,273.0,67.0,12.0,-127.0,201.0,-340.0,572.0,263.0,-383.0
34.0,234.0,72.0,-6.0,-104.0,247.0,-306.0,589.0,262.0,-372.0
83.0,64.0,75.0,-52.0,-73.0,215.0,-272.0,439.0,280.0,-360.0
146.0,-162.0,65.0,-93.0,-45.0,169.0,-268.0,412.0,294.0,-329.0
195.0,-329.0,64.0,-126.0,-26.0,203.0,-286.0,242.0,318.0,-319.0
234.0,-454.0,35.0,-157.0,-16.0,198.0,-336.0,51.0,331.0,-291.0
295.0,-542.0,29.0,-190.0,-5.0,123.0,-358.0,36.0,322.0,-248.0
357.0,-523.0,-3.0,-224.0,12.0,124.0,-376.0,-48.0,320.0,-208.0
393.0,-383.0,-24.0,-236.0,25.0,228.0,-394.0,-12.0,295.0,-166.0
444.0,-178.0,-36.0,-225.0,37.0,330.0,-397.0,-27.0,256.0,-141.0
509.0,24.0,-64.0,-185.0,50.0,292.0,-411.0,53.0,227.0,-132.0
530.0,208.0,-87.0,-152.0,66.0,242.0,-384.0,181.0,204.0,-148.0
544.0,403.0,-125.0,-138.0,81.0,229.0,-349.0,297.0,171.0,-155.0
565.0,650.0,-173.0,-100.0,79.0,64.0,-339.0,434.0,124.0,-165.0
564.0,920.0,-208.0,-60.0,67.0,-20.0,-362.0,554.0,60.0,-189.0
557.0,1171.0,-233.0,-24.0,51.0,58.0,-399.0,811.0,16.0,-197.0
544.0,1397.0,-277.0,15.0,35.0,169.0,-412.0,951.0,0.0,-198.0
505.0,1559.0,-272.0,31.0,24.0,168.0,-389.0,1165.0,-13.0,-185.0
459.0,1591.0,-294.0,45.0,27.0,38.0,-344.0,1176.0,-8.0,-169.0
408.0,1523.0,-310.0,58.0,40.0,45.0,-328.0,988.0,-10.0,-162.0
362.0,1433.0,-298.0,55.0,46.0,138.0,-350.0,940.0,7.0,-165.0
320.0,1338.0,-331.0,55.0,37.0,210.0,-378.0,711.0,48.0,-172.0
275.0,1224.0,-342.0,44.0,8.0,213.0,-398.0,628.0,97.0,-179.0
235.0,1070.0,-349.0,6.0,-34.0,174.0,-405.0,482.0,156.0,-197.0
190.0,846.0,-358.0,-53.0,-78.0,175.0,-408.0,358.0,211.0,-203.0
154.0,526.0,-358.0,-115.0,-118.0,239.0,-387.0,399.0,263.0,-196.0
105.0,151.0,-319.0,-166.0,-149.0,309.0,-376.0,267.0,301.0,-213.0
69.0,-192.0,-281.0,-212.0,-176.0,322.0,-390.0,227.0,320.0,-233.0
38.0,-489.0,-286.0,-212.0,-195.0,380.0,-407.0,46.0,322.0,-239.0
-5.0,-759.0,-244.0,-220.0,-210.0,415.0,-440.0,-29.0,301.0,-264.0
-33.0,-922.0,-219.0,-252.0,-224.0,427.0,-457.0,-24.0,254.0,-308.0
-70.0,-907.0,-248.0,-255.0,-233.0,398.0,-467.0,-24.0,203.0,-350.0
-116.0,-752.0,-195.0,-237.0,-238.0,291.0,-445.0,254.0,147.0,-390.0
-182.0,-543.0,-175.0,-200.0,-225.0,298.0,-387.0,371.0,88.0,-445.0
-224.0,-337.0,-193.0,-166.0,-188.0,362.0,-347.0,489.0,17.0,-498.0
-259.0,-141.0,-142.0,-107.0,-135.0,358.0,-333.0,419.0,-40.0,-528.0
-302.0,32.0,-139.0,-69.0,-82.0,392.0,-373.0,212.0,-89.0,-547.0
-337.0,163.0,-113.0,-43.0,-45.0,492.0,-440.0,282.0,-141.0,-580.0
-392.0,199.0,-66.0,24.0,-24.0,573.0,-476.0,256.0,-173.0,-599.0
-428.0,126.0,-49.0,90.0,-12.0,548.0,-491.0,214.0,-191.0,-585.0
-473.0,9.0,-8.0,169.0,-1.0,455.0,-503.0,105.0,-190.0,-609.0
-508.0,-99.0,5.0,221.0,5.0,452.0,-488.0,55.0,-190.0,-628.0
-533.0,-163.0,15.0,249.0,0.0,504.0,-445.0,36.0,-190.0,-611.0
-566.0,-184.0,52.0,266.0,-15.0,567.0,-397.0,-49.0,-197.0,-624.0
-593.0,-191.0,79.0,326.0,-32.0,614.0,-370.0,81.0,-198.0,-652.0
-630.0,-206.0,89.0,403.0,-47.0,575.0,-347.0,118.0,-185.0,-665.0
-636.0,-198.0,119.0,436.0,-51.0,475.0,-323.0,138.0,-156.0,-679.0
-629.0,-128.0,96.0,476.0,-44.0,364.0,-325.0,120.0,-98.0,-714.0
-612.0,-59.0,79.0,454.0,-30.0,393.0,-347.0,133.0,-49.0,-757.0
-589.0,-52.0,95.0,435.0,-14.0,463.0,-369.0,243.0,-1.0,-778.0
-587.0,-89.0,19.0,386.0,-2.0,423.0,-368.0,216.0,21.0,-791.0
-563.0,-109.0,18.0,316.0,10.0,333.0,-344.0,203.0,16.0,-814.0
-528.0,-78.0,-10.0,292.0,31.0,349.0,-292.0,64.0,2.0,-800.0
-513.0,-38.0,-70.0,208.0,65.0,517.0,-232.0,144.0,-21.0,-750.0
-485.0,-16.0,-57.0,141.0,112.0,526.0,-188.0,201.0,-48.0,-696.0
-457.0,-35.0,-80.0,28.0,156.0,456.0,-175.0,27.0,-75.0,-642.0
-426.0,-131.0,-65.0,-112.0,177.0,400.0,-177.0,27.0,-111.0,-557.0
-369.0,-253.0,-69.0,-244.0,165.0,327.0,-164.0,-53.0,-157.0,-440.0
-323.0,-317.0,-60.0,-398.0,132.0,326.0,-183.0,46.0,-189.0,-346.0
-291.0,-319.0,-48.0,-490.0,96.0,308.0,-214.0,238.0,-227.0,-259.0
-266.0,-292.0,-45.0,-605.0,65.0,346.0,-213.0,382.0,-259.0,-157.0
-241.0,-208.0,-30.0,-667.0,40.0,330.0,-199.0,524.0,-262.0,-82.0
-218.0,-98.0,-43.0,-678.0,15.0,269.0,-155.0,521.0,-261.0,-58.0
-201.0,-66.0,-24.0,-681.0,4.0,292.0,-112.0,589.0,-218.0,-42.0
-191.0,-96.0,-24.0,-616.0,17.0,312.0,-99.0,589.0,-147.0,-45.0
-180.0,-131.0,2.0,-601.0,35.0,340.0,-135.0,593.0,-78.0,-99.0
-141.0,-136.0,27.0,-580.0,45.0,314.0,-176.0,541.0,4.0,-172.0
-135.0,-98.0,31.0,-535.0,48.0,290.0,-185.0,391.0,116.0,-231.0
-132.0,-40.0,29.0,-532.0,59.0,323.0,-186.0,351.0,242.0,-304.0
-121.0,33.0,7.0,-525.0,81.0,294.0,-164.0,173.0,358.0,-396.0
-125.0,85.0,-7.0,-489.0,98.0,178.0,-152.0,181.0,463.0,-464.0
-142.0,36.0,-62.0,-412.0,98.0,154.0,-157.0,258.0,551.0,-523.0
-180.0,-111.0,-82.0,-332.0,92.0,239.0,-205.0,264.0,637.0,-568.0
-197.0,-274.0,-83.0,-268.0,81.0,290.0,-253.0,412.0,726.0,-602.0
-219.0,-386.0,-105.0,-224.0,70.0,292.0,-231.0,400.0,805.0,-602.0
-250.0,-388.0,-126.0,-147.0,52.0,203.0,-190.0,463.0,878.0,-569.0
-267.0,-265.0,-140.0,-61.0,24.0,188.0,-92.0,528.0,949.0,-532.0
-274.0,-89.0,-147.0,-24.0,-4.0,261.0,37.0,589.0,992.0,-486.0
-282.0,112.0,-167.0,33.0,-26.0,270.0,123.0,607.0,1016.0,-421.0
-294.0,344.0,-149.0,65.0,-41.0,221.0,144.0,594.0,1032.0,-342.0
-304.0,464.0,-140.0,63.0,-65.0,135.0,141.0,772.0,1043.0,-295.0
-298.0,383.0,-141.0,72.0,-105.0,187.0,91.0,715.0,1036.0,-261.0
-306.0,214.0,-108.0,99.0,-143.0,248.0,12.0,679.0,1008.0,-211.0
-309.0,91.0,-95.0,119.0,-172.0,123.0,2.0,578.0,971.0,-171.0
-312.0,47.0,-86.0,148.0,-192.0,60.0,27.0,423.0,911.0,-166.0
-314.0,22.0,-59.0,210.0,-207.0,166.0,70.0,515.0,830.0,-154.0
-307.0,-15.0,-64.0,238.0,-216.0,222.0,106.0,491.0,741.0,-149.0
-324.0,-68.0,-67.0,274.0,-219.0,106.0,112.0,545.0,630.0,-170.0
-312.0,-144.0,-45.0,302.0,-228.0,3.0,75.0,509.0,505.0,-203.0
-326.0,-243.0,-53.0,308.0,-241.0,108.0,32.0,484.0,398.0,-258.0
-336.0,-347.0,-40.0,321.0,-253.0,203.0,13.0,558.0,273.0,-324.0
-361.0,-401.0,-12.0,314.0,-255.0,143.0,-14.0,504.0,126.0,-446.0
-382.0,-431.0,-10.0,301.0,-244.0,162.0,-23.0,589.0,4.0,-565.0
-392.0,-457.0,22.0,249.0,-215.0,259.0,-17.0,567.0,-107.0,-656.0
-428.0,-431.0,63.0,149.0,-165.0,244.0,21.0,665.0,-207.0,-782.0
-430.0,-358.0,86.0,79.0,-96.0,100.0,65.0,683.0,-297.0,-894.0
-468.0,-275.0,116.0,67.0,-29.0,45.0,90.0,580.0,-356.0,-976.0
-475.0,-222.0,164.0,62.0,23.0,172.0,113.0,637.0,-375.0,-1027.0
-512.0,-216.0,207.0,46.0,61.0,271.0,134.0,522.0,-402.0,-1080.0
-529.0,-227.0,259.0,37.0,82.0,222.0,134.0,667.0,-425.0,-1126.0
-537.0,-226.0,311.0,48.0,96.0,189.0,113.0,685.0,-433.0,-1120.0
-558.0,-211.0,372.0,74.0,110.0,288.0,87.0,681.0,-436.0,-1109.0
-543.0,-159.0,427.0,79.0,123.0,331.0,43.0,861.0,-434.0,-1099.0
-547.0,-26.0,497.0,87.0,129.0,338.0,24.0,801.0,-414.0,-1049.0
-523.0,136.0,556.0,108.0,123.0,392.0,43.0,814.0,-376.0,-950.0
-510.0,256.0,594.0,127.0,109.0,437.0,62.0,694.0,-352.0,-848.0
-489.0,334.0,680.0,128.0,90.0,492.0,63.0,631.0,-350.0,-748.0
-483.0,361.0,698.0,123.0,71.0,482.0,60.0,554.0,-341.0,-624.0
-444.0,303.0,714.0,168.0,56.0,479.0,34.0,436.0,-322.0,-483.0
-421.0,179.0,723.0,197.0,36.0,587.0,-13.0,504.0,-300.0,-352.0
-381.0,51.0,684.0,194.0,15.0,614.0,-24.0,495.0,-260.0,-241.0
-332.0,-54.0,656.0,193.0,-2.0,514.0,1.0,657.0,-245.0,-104.0
-303.0,-158.0,599.0,168.0,-13.0,440.0,37.0,681.0,-235.0,29.0
-252.0,-266.0,548.0,121.0,-15.0,462.0,85.0,626.0,-228.0,136.0
-228.0,-290.0,481.0,83.0,-9.0,544.0,133.0,685.0,-238.0,249.0
-169.0,-171.0,404.0,62.0,-7.0,600.0,141.0,591.0,-242.0,377.0
-135.0,20.0,311.0,58.0,-11.0,591.0,144.0,663.0,-258.0,476.0
-72.0,205.0,237.0,62.0,-20.0,535.0,148.0,609.0,-273.0,535.0
-47.0,367.0,112.0,42.0,-34.0,492.0,166.0,548.0,-289.0,590.0
-7.0,501.0,1.0,5.0,-45.0,442.0,168.0,591.0,-301.0,636.0
37.0,600.0,-47.0,-55.0,-51.0,415.0,143.0,375.0,-315.0,645.0
86.0,657.0,-145.0,-105.0,-43.0,468.0,146.0,223.0,-338.0,612.0
160.0,666.0,-231.0,-163.0,-25.0,502.0,117.0,-9.0,-337.0,598.0
172.0,662.0,-309.0,-227.0,-6.0,448.0,67.0,-77.0,-346.0,556.0
228.0,632.0,-385.0,-283.0,-1.0,389.0,38.0,53.0,-346.0,443.0
255.0,535.0,-454.0,-364.0,-6.0,427.0,30.0,99.0,-322.0,342.0
312.0,454.0,-492.0,-418.0,-10.0,509.0,26.0,168.0,-301.0,260.0
328.0,499.0,-529.0,-447.0,-16.0,498.0,46.0,173.0,-268.0,153.0
343.0,630.0,-526.0,-455.0,-15.0,411.0,69.0,169.0,-231.0,35.0
348.0,747.0,-555.0,-425.0,-10.0,440.0,109.0,27.0,-180.0,-60.0
321.0,832.0,-576.0,-417.0,-3.0,550.0,140.0,9.0,-125.0,-142.0
309.0,872.0,-580.0,-444.0,7.0,529.0,129.0,-27.0,-48.0,-249.0
273.0,842.0,-597.0,-460.0,18.0,379.0,134.0,-31.0,34.0,-361.0
279.0,725.0,-598.0,-475.0,24.0,321.0,116.0,210.0,113.0,-437.0
218.0,520.0,-620.0,-480.0,25.0,342.0,119.0,328.0,208.0,-531.0
179.0,283.0,-541.0,-475.0,27.0,254.0,137.0,498.0,291.0,-659.0
108.0,72.0,-628.0,-476.0,33.0,174.0,146.0,421.0,383.0,-771.0
42.0,-123.0,-543.0,-439.0,35.0,220.0,159.0,463.0,456.0,-877.0
-49.0,-322.0,-561.0,-420.0,21.0,329.0,161.0,606.0,497.0,-1018.0
-137.0,-467.0,-586.0,-445.0,-3.0,238.0,138.0,354.0,525.0,-1157.0
-175.0,-493.0,-437.0,-464.0,-30.0,13.0,73.0,308.0,527.0,-1249.0
-267.0,-434.0,-532.0,-478.0,-49.0,27.0,45.0,325.0,501.0,-1325.0
-313.0,-396.0,-291.0,-479.0,-54.0,213.0,29.0,558.0,459.0,-1400.0
-380.0,-424.0,-376.0,-477.0,-48.0,286.0,12.0,633.0,423.0,-1429.0
-393.0,-492.0,-281.0,-463.0,-32.0,195.0,-11.0,452.0,368.0,-1393.0
-425.0,-576.0,-164.0,-427.0,-4.0,109.0,-51.0,655.0,293.0,-1365.0
-451.0,-699.0,-258.0,-409.0,40.0,40.0,-48.0,667.0,211.0,-1339.0
-472.0,-857.0,-22.0,-382.0,94.0,1.0,-32.0,667.0,128.0,-1275.0
-491.0,-966.0,-111.0,-311.0,139.0,60.0,-12.0,700.0,64.0,-1208.0
-462.0,-952.0,53.0,-243.0,162.0,181.0,6.0,607.0,0.0,-1166.0
-472.0,-794.0,91.0,-176.0,165.0,248.0,49.0,567.0,-62.0,-1140.0
-460.0,-562.0,130.0,-88.0,152.0,159.0,107.0,406.0,-123.0,-1094.0
-463.0,-364.0,267.0,-18.0,128.0,58.0,172.0,360.0,-187.0,-1043.0
-446.0,-214.0,211.0,41.0,99.0,16.0,209.0,349.0,-253.0,-994.0
-448.0,-61.0,329.0,99.0,69.0,-1.0,205.0,206.0,-323.0,-927.0
-419.0,115.0,360.0,166.0,49.0,83.0,191.0,-5.0,-377.0,-830.0
-392.0,242.0,387.0,243.0,27.0,141.0,151.0,-90.0,-439.0,-731.0
-383.0,275.0,438.0,303.0,-6.0,40.0,148.0,5.0,-499.0,-650.0
-372.0,252.0,476.0,364.0,-50.0,-33.0,171.0,238.0,-544.0,-546.0
-371.0,250.0,537.0,397.0,-96.0,-37.0,188.0,624.0,-604.0,-449.0
-359.0,343.0,572.0,391.0,-128.0,-20.0,197.0,700.0,-661.0,-358.0
-394.0,531.0,596.0,388.0,-144.0,-37.0,203.0,539.0,-705.0,-261.0
-396.0,699.0,630.0,387.0,-146.0,-35.0,191.0,456.0,-739.0,-167.0
-399.0,714.0,587.0,360.0,-135.0,43.0,158.0,417.0,-771.0,-61.0
-379.0,605.0,571.0,347.0,-120.0,5.0,175.0,471.0,-773.0,14.0
-381.0,419.0,521.0,367.0,-104.0,-35.0,160.0,439.0,-733.0,73.0
-372.0,130.0,455.0,365.0,-93.0,55.0,166.0,548.0,-671.0,140.0
-320.0,-165.0,451.0,362.0,-88.0,155.0,240.0,713.0,-592.0,191.0
-319.0,-349.0,375.0,335.0,-80.0,63.0,266.0,657.0,-518.0,201.0
-310.0,-450.0,362.0,262.0,-70.0,-114.0,270.0,624.0,-421.0,199.0
-282.0,-512.0,366.0,231.0,-59.0,-58.0,250.0,484.0,-300.0,240.0
-240.0,-523.0,290.0,255.0,-39.0,131.0,232.0,424.0,-187.0,265.0
-211.0,-498.0,294.0,301.0,-13.0,181.0,216.0,365.0,-60.0,266.0
-189.0,-475.0,280.0,338.0,12.0,118.0,185.0,325.0,60.0,308.0
-158.0,-452.0,247.0,352.0,32.0,198.0,203.0,491.0,162.0,369.0
-101.0,-422.0,253.0,339.0,53.0,222.0,220.0,356.0,279.0,390.0
-88.0,-383.0,238.0,305.0,78.0,100.0,202.0,197.0,389.0,413.0
-93.0,-356.0,216.0,273.0,94.0,39.0,210.0,138.0,479.0,463.0
-72.0,-394.0,232.0,259.0,102.0,67.0,222.0,212.0,538.0,480.0
-68.0,-483.0,219.0,260.0,100.0,158.0,198.0,391.0,565.0,472.0
-65.0,-520.0,128.0,248.0,96.0,91.0,170.0,360.0,555.0,493.0
-66.0,-480.0,164.0,232.0,95.0,48.0,165.0,432.0,518.0,530.0
-47.0,-396.0,91.0,208.0,85.0,169.0,177.0,389.0,478.0,528.0
-37.0,-248.0,18.0,172.0,63.0,205.0,158.0,279.0,433.0,528.0
-33.0,-56.0,7.0,144.0,37.0,165.0,112.0,236.0,394.0,569.0
-54.0,51.0,-120.0,115.0,16.0,143.0,65.0,197.0,343.0,594.0
-66.0,-9.0,-144.0,100.0,-6.0,155.0,29.0,147.0,300.0,576.0
-77.0,-155.0,-200.0,95.0,-29.0,73.0,31.0,-5.0,274.0,563.0
-98.0,-279.0,-290.0,79.0,-47.0,-53.0,72.0,92.0,255.0,553.0
-109.0,-384.0,-290.0,69.0,-57.0,-70.0,146.0,48.0,235.0,502.0
-114.0,-492.0,-380.0,49.0,-68.0,-60.0,193.0,9.0,223.0,413.0
-109.0,-614.0,-418.0,-12.0,-88.0,-25.0,218.0,145.0,220.0,340.0
-138.0,-771.0,-420.0,-83.0,-108.0,-24.0,244.0,70.0,203.0,283.0
-144.0,-938.0,-523.0,-162.0,-129.0,-62.0,235.0,114.0,220.0,177.0
-164.0,-1018.0,-488.0,-234.0,-161.0,-57.0,230.0,20.0,245.0,79.0
-167.0,-962.0,-543.0,-279.0,-208.0,-50.0,241.0,-44.0,267.0,17.0
-185.0,-837.0,-562.0,-314.0,-260.0,-35.0,250.0,3.0,283.0,-59.0
-220.0,-688.0,-529.0,-339.0,-294.0,-116.0,264.0,59.0,282.0,-152.0
-227.0,-471.0,-640.0,-383.0,-312.0,-198.0,267.0,277.0,291.0,-229.0
-276.0,-163.0,-628.0,-434.0,-324.0,-231.0,261.0,303.0,262.0,-281.0
-300.0,182.0,-622.0,-453.0,-337.0,-223.0,264.0,356.0,214.0,-344.0
-338.0,525.0,-664.0,-465.0,-351.0,-235.0,276.0,279.0,182.0,-426.0
-355.0,871.0,-603.0,-448.0,-360.0,-346.0,294.0,181.0,130.0,-478.0
-383.0,1157.0,-582.0,-420.0,-365.0,-289.0,293.0,229.0,66.0,-492.0
-414.0,1261.0,-578.0,-402.0,-359.0,-210.0,277.0,225.0,-18.0,-531.0
-406.0,1187.0,-519.0,-370.0,-338.0,-179.0,285.0,413.0,-133.0,-552.0
-425.0,1016.0,-517.0,-356.0,-296.0,-106.0,309.0,424.0,-258.0,-520.0
-422.0,842.0,-478.0,-335.0,-243.0,-75.0,338.0,412.0,-369.0,-510.0
-417.0,719.0,-450.0,-318.0,-194.0,-70.0,374.0,482.0,-462.0,-520.0
-386.0,544.0,-385.0,-298.0,-155.0,-146.0,373.0,397.0,-519.0,-505.0
-349.0,226.0,-362.0,-276.0,-121.0,-162.0,333.0,315.0,-562.0,-491.0
-316.0,-168.0,-301.0,-306.0,-85.0,-78.0,299.0,160.0,-595.0,-491.0
-278.0,-505.0,-233.0,-327.0,-47.0,-42.0,290.0,81.0,-594.0,-506.0
-251.0,-715.0,-246.0,-338.0,-13.0,-93.0,305.0,25.0,-580.0,-492.0
-217.0,-788.0,-159.0,-339.0,8.0,-146.0,283.0,38.0,-549.0,-462.0
-190.0,-744.0,-192.0,-337.0,12.0,-154.0,258.0,68.0,-542.0,-465.0
-170.0,-642.0,-165.0,-339.0,-2.0,-151.0,277.0,0.0,-511.0,-443.0
-136.0,-514.0,-143.0,-335.0,-19.0,-120.0,294.0,66.0,-445.0,-416.0
-109.0,-407.0,-167.0,-320.0,-23.0,-7.0,322.0,90.0,-399.0,-413.0
-97.0,-349.0,-115.0,-294.0,-14.0,125.0,331.0,247.0,-330.0,-426.0
-71.0,-305.0,-145.0,-260.0,-5.0,105.0,305.0,339.0,-273.0,-447.0
-55.0,-279.0,-125.0,-228.0,-2.0,12.0,276.0,284.0,-208.0,-475.0
-49.0,-295.0,-88.0,-228.0,-3.0,70.0,238.0,445.0,-146.0,-528.0
-42.0,-347.0,-94.0,-176.0,-7.0,130.0,215.0,493.0,-100.0,-600.0
-23.0,-416.0,-69.0,-97.0,-6.0,27.0,220.0,587.0,-40.0,-652.0
-12.0,-511.0,-45.0,-21.0,5.0,41.0,211.0,607.0,-8.0,-689.0
10.0,-607.0,-33.0,55.0,24.0,175.0,218.0,495.0,22.0,-754.0
10.0,-611.0,20.0,100.0,48.0,217.0,236.0,504.0,59.0,-789.0
-15.0,-493.0,48.0,132.0,72.0,120.0,236.0,314.0,100.0,-802.0
-23.0,-293.0,58.0,114.0,89.0,89.0,233.0,162.0,145.0,-809.0
-37.0,-100.0,107.0,56.0,97.0,261.0,219.0,64.0,183.0,-800.0
-36.0,50.0,117.0,3.0,100.0,339.0,219.0,-22.0,196.0,-775.0
-43.0,220.0,141.0,-15.0,92.0,306.0,213.0,-46.0,191.0,-717.0
-22.0,429.0,152.0,-44.0,77.0,258.0,222.0,-29.0,187.0,-667.0
-7.0,669.0,130.0,-79.0,61.0,286.0,226.0,109.0,154.0,-624.0
0.0,897.0,165.0,-72.0,55.0,310.0,219.0,83.0,101.0,-553.0
4.0,1058.0,157.0,-69.0,62.0,227.0,224.0,238.0,45.0,-479.0
12.0,1157.0,163.0,-65.0,72.0,206.0,210.0,393.0,0.0,-430.0
54.0,1232.0,196.0,-5.0,85.0,225.0,219.0,424.0,-57.0,-370.0
72.0,1295.0,195.0,67.0,94.0,179.0,213.0,522.0,-90.0,-297.0
94.0,1306.0,216.0,126.0,97.0,34.0,215.0,415.0,-92.0,-239.0
106.0,1241.0,220.0,212.0,90.0,14.0,232.0,397.0,-104.0,-198.0
139.0,1101.0,194.0,283.0,72.0,78.0,226.0,293.0,-107.0,-170.0
169.0,890.0,202.0,336.0,48.0,70.0,204.0,144.0,-109.0,-124.0
186.0,634.0,216.0,387.0,24.0,99.0,163.0,14.0,-84.0,-116.0
178.0,378.0,198.0,349.0,13.0,145.0,157.0,-127.0,-62.0,-122.0
156.0,191.0,221.0,287.0,14.0,152.0,145.0,-3.0,-41.0,-86.0
149.0,96.0,227.0,253.0,26.0,92.0,130.0,68.0,-1.0,-58.0
131.0,39.0,209.0,186.0,45.0,71.0,129.0,112.0,34.0,-37.0
114.0,-37.0,190.0,106.0,66.0,89.0,136.0,53.0,79.0,12.0
69.0,-158.0,150.0,7.0,76.0,95.0,164.0,24.0,115.0,97.0
43.0,-285.0,120.0,-85.0,52.0,123.0,174.0,83.0,160.0,171.0
3.0,-387.0,97.0,-148.0,3.0,117.0,176.0,-33.0,209.0,230.0
-45.0,-489.0,63.0,-213.0,-47.0,50.0,182.0,-24.0,266.0,303.0
-114.0,-575.0,57.0,-235.0,-79.0,50.0,194.0,0.0,320.0,371.0
-177.0,-607.0,56.0,-258.0,-89.0,118.0,213.0,97.0,353.0,428.0
-237.0,-645.0,46.0,-329.0,-81.0,107.0,231.0,262.0,383.0,474.0
-313.0,-742.0,76.0,-367.0,-59.0,49.0,238.0,328.0,372.0,530.0
-368.0,-789.0,64.0,-379.0,-29.0,62.0,258.0,345.0,348.0,575.0
-416.0,-728.0,91.0,-373.0,-1.0,89.0,288.0,145.0,338.0,583.0
-454.0,-632.0,136.0,-340.0,16.0,-12.0,323.0,11.0,322.0,586.0
-519.0,-489.0,141.0,-313.0,21.0,-133.0,359.0,-88.0,307.0,591.0
-550.0,-291.0,229.0,-283.0,24.0,-158.0,370.0,-79.0,303.0,560.0
-595.0,-135.0,244.0,-245.0,26.0,-64.0,373.0,-7.0,315.0,497.0
-606.0,-75.0,255.0,-213.0,29.0,-12.0,322.0,-151.0,316.0,448.0
-619.0,-49.0,321.0,-182.0,34.0,-141.0,253.0,-190.0,315.0,403.0
-632.0,-35.0,299.0,-169.0,40.0,-175.0,220.0,-369.0,322.0,353.0
-614.0,-87.0,323.0,-157.0,52.0,-118.0,191.0,-524.0,304.0,314.0
-618.0,-198.0,351.0,-124.0,51.0,-162.0,177.0,-617.0,290.0,293.0
-575.0,-267.0,354.0,-109.0,34.0,-238.0,186.0,-809.0,281.0,285.0
-560.0,-215.0,403.0,-92.0,16.0,-239.0,233.0,-763.0,277.0,253.0
-522.0,-68.0,400.0,-96.0,5.0,-231.0,269.0,-774.0,263.0,222.0
-489.0,94.0,416.0,-121.0,-1.0,-333.0,288.0,-724.0,225.0,215.0
-445.0,252.0,449.0,-120.0,-10.0,-341.0,312.0,-617.0,200.0,177.0
-389.0,439.0,405.0,-124.0,-16.0,-162.0,299.0,-391.0,149.0,137.0
-333.0,623.0,389.0,-115.0,-21.0,-30.0,291.0,-92.0,80.0,135.0
-256.0,697.0,393.0,-85.0,-28.0,-87.0,275.0,55.0,18.0,123.0
-197.0,646.0,346.0,-48.0,-36.0,-174.0,243.0,273.0,-66.0,104.0
-124.0,577.0,322.0,-16.0,-49.0,-174.0,193.0,157.0,-170.0,102.0
-68.0,563.0,307.0,24.0,-51.0,-155.0,136.0,97.0,-257.0,123.0
-3.0,616.0,253.0,88.0,-45.0,-153.0,124.0,125.0,-337.0,153.0
48.0,689.0,184.0,144.0,-45.0,-206.0,126.0,-44.0,-404.0,168.0
105.0,704.0,132.0,204.0,-51.0,-223.0,154.0,-55.0,-452.0,213.0
162.0,618.0,44.0,264.0,-52.0,-222.0,180.0,-256.0,-484.0,262.0
209.0,444.0,-32.0,307.0,-35.0,-287.0,201.0,-356.0,-500.0,279.0
249.0,238.0,-93.0,305.0,-7.0,-329.0,214.0,-378.0,-513.0,281.0
284.0,26.0,-205.0,296.0,26.0,-276.0,193.0,-436.0,-500.0,282.0
333.0,-182.0,-247.0,298.0,59.0,-254.0,168.0,-271.0,-473.0,254.0
370.0,-391.0,-321.0,274.0,85.0,-279.0,118.0,-105.0,-432.0,194.0
372.0,-567.0,-393.0,243.0,112.0,-181.0,68.0,116.0,-379.0,123.0
377.0,-681.0,-420.0,198.0,133.0,-193.0,64.0,160.0,-332.0,52.0
400.0,-715.0,-476.0,167.0,137.0,-260.0,82.0,199.0,-279.0,-13.0
390.0,-660.0,-492.0,155.0,125.0,-205.0,118.0,147.0,-224.0,-101.0
385.0,-564.0,-518.0,148.0,99.0,-173.0,195.0,-27.0,-162.0,-150.0
367.0,-484.0,-513.0,148.0,81.0,-147.0,269.0,-31.0,-110.0,-190.0
361.0,-458.0,-473.0,123.0,83.0,-224.0,317.0,-195.0,-71.0,-242.0
344.0,-467.0,-431.0,71.0,98.0,-304.0,341.0,-129.0,-52.0,-273.0
314.0,-447.0,-389.0,10.0,115.0,-285.0,333.0,3.0,-53.0,-286.0
281.0,-398.0,-326.0,-31.0,119.0,-221.0,328.0,5.0,-58.0,-266.0
230.0,-397.0,-295.0,-70.0,110.0,-131.0,303.0,81.0,-65.0,-246.0
195.0,-483.0,-247.0,-93.0,92.0,-150.0,296.0,3.0,-70.0,-196.0
137.0,-620.0,-202.0,-89.0,70.0,-235.0,330.0,60.0,-70.0,-114.0
120.0,-750.0,-172.0,-91.0,51.0,-212.0,373.0,42.0,-73.0,-32.0
81.0,-833.0,-86.0,-69.0,41.0,-83.0,412.0,36.0,-79.0,51.0
46.0,-849.0,-92.0,-34.0,29.0,-54.0,424.0,59.0,-88.0,150.0
26.0,-851.0,-26.0,-2.0,4.0,-211.0,414.0,-53.0,-97.0,252.0
6.0,-905.0,0.0,9.0,-26.0,-290.0,394.0,-179.0,-96.0,336.0
16.0,-903.0,10.0,18.0,-56.0,-170.0,406.0,-526.0,-102.0,410.0
0.0,-756.0,49.0,34.0,-79.0,-156.0,434.0,-563.0,-97.0,467.0
-6.0,-568.0,3.0,-3.0,-97.0,-313.0,430.0,-502.0,-84.0,512.0
-14.0,-445.0,48.0,-29.0,-104.0,-438.0,417.0,-432.0,-67.0,526.0
-2.0,-368.0,-8.0,-44.0,-105.0,-347.0,381.0,-199.0,-51.0,544.0
0.0,-250.0,0.0,-91.0,-104.0,-198.0,335.0,-151.0,-34.0,565.0
-11.0,-43.0,7.0,-116.0,-96.0,-328.0,325.0,29.0,-3.0,571.0
2.0,246.0,-31.0,-150.0,-89.0,-494.0,322.0,48.0,11.0,591.0
12.0,567.0,2.0,-162.0,-80.0,-428.0,304.0,-5.0,33.0,608.0
22.0,876.0,-35.0,-169.0,-72.0,-325.0,311.0,-86.0,43.0,634.0
7.0,1109.0,-1.0,-201.0,-74.0,-417.0,322.0,-238.0,47.0,646.0
10.0,1177.0,-21.0,-199.0,-79.0,-409.0,297.0,-234.0,40.0,654.0
26.0,1131.0,-23.0,-203.0,-81.0,-268.0,285.0,-358.0,33.0,671.0
20.0,1123.0,-4.0,-192.0,-71.0,-306.0,280.0,-347.0,35.0,694.0
1.0,1204.0,-31.0,-144.0,-49.0,-299.0,261.0,-345.0,23.0,726.0
-22.0,1329.0,-29.0,-131.0,-24.0,-208.0,241.0,-304.0,-2.0,752.0
-15.0,1441.0,-27.0,-109.0,1.0,-160.0,213.0,-238.0,-31.0,810.0
-40.0,1483.0,-9.0,-55.0,30.0,-242.0,218.0,-290.0,-47.0,878.0
-66.0,1462.0,6.0,-11.0,49.0,-313.0,233.0,-164.0,-89.0,921.0
-65.0,1442.0,36.0,65.0,56.0,-213.0,254.0,-258.0,-128.0,976.0
-68.0,1429.0,47.0,148.0,54.0,-160.0,262.0,-327.0,-161.0,1036.0
-74.0,1364.0,91.0,214.0,45.0,-288.0,272.0,-336.0,-199.0,1073.0
-80.0,1271.0,108.0,297.0,38.0,-434.0,306.0,-474.0,-230.0,1082.0
-64.0,1158.0,124.0,358.0,34.0,-381.0,310.0,-362.0,-264.0,1080.0
-67.0,1016.0,154.0,404.0,30.0,-303.0,299.0,-269.0,-273.0,1061.0
-39.0,868.0,181.0,452.0,21.0,-243.0,250.0,-155.0,-281.0,1004.0
-27.0,685.0,216.0,470.0,5.0,-205.0,248.0,7.0,-281.0,917.0
-11.0,477.0,237.0,480.0,-10.0,-151.0,272.0,225.0,-279.0,832.0
3.0,281.0,285.0,471.0,-27.0,-52.0,238.0,439.0,-280.0,747.0
0.0,111.0,304.0,421.0,-48.0,-96.0,224.0,397.0,-252.0,635.0
17.0,-48.0,336.0,341.0,-63.0,-139.0,213.0,352.0,-239.0,517.0
17.0,-219.0,352.0,252.0,-62.0,-160.0,244.0,136.0,-216.0,425.0
41.0,-367.0,376.0,183.0,-48.0,-85.0,243.0,-144.0,-194.0,317.0
74.0,-493.0,381.0,114.0,-26.0,-33.0,202.0,-491.0,-197.0,194.0
116.0,-601.0,383.0,78.0,-11.0,-154.0,190.0,-862.0,-184.0,101.0
126.0,-647.0,424.0,76.0,-7.0,-246.0,192.0,-873.0,-170.0,22.0
147.0,-624.0,419.0,58.0,-2.0,-267.0,256.0,-883.0,-158.0,-65.0
183.0,-547.0,440.0,65.0,4.0,-146.0,321.0,-631.0,-139.0,-149.0
219.0,-413.0,430.0,87.0,18.0,-120.0,354.0,-256.0,-89.0,-229.0
270.0,-239.0,438.0,93.0,29.0,-250.0,321.0,-151.0,-51.0,-294.0
303.0,-108.0,411.0,84.0,32.0,-285.0,239.0,-127.0,-50.0,-346.0
359.0,-113.0,353.0,80.0,28.0,-244.0,151.0,-192.0,-26.0,-391.0
389.0,-191.0,374.0,99.0,16.0,-230.0,91.0,-110.0,3.0,-419.0
427.0,-274.0,310.0,148.0,-4.0,-239.0,93.0,-70.0,15.0,-445.0
451.0,-381.0,257.0,197.0,-43.0,-177.0,112.0,-3.0,19.0,-463.0
480.0,-532.0,216.0,214.0,-93.0,-181.0,165.0,-18.0,30.0,-460.0
525.0,-690.0,164.0,231.0,-135.0,-231.0,190.0,-186.0,16.0,-443.0
556.0,-765.0,130.0,235.0,-160.0,-262.0,212.0,-48.0,0.0,-421.0
593.0,-718.0,49.0,238.0,-169.0,-229.0,233.0,-92.0,-8.0,-390.0
596.0,-573.0,51.0,243.0,-169.0,-158.0,196.0,-118.0,-78.0,-343.0
610.0,-398.0,-13.0,240.0,-163.0,-224.0,164.0,-42.0,-96.0,-285.0
615.0,-204.0,-110.0,239.0,-153.0,-260.0,150.0,-229.0,-48.0,-229.0
607.0,43.0,-99.0,252.0,-147.0,-158.0,129.0,-325.0,-30.0,-163.0
586.0,298.0,-181.0,284.0,-135.0,-82.0,121.0,-454.0,-21.0,-68.0
555.0,454.0,-244.0,294.0,-116.0,-179.0,107.0,-469.0,-2.0,29.0
514.0,470.0,-251.0,313.0,-93.0,-246.0,101.0,-441.0,12.0,124.0
450.0,388.0,-281.0,287.0,-64.0,-70.0,126.0,-391.0,14.0,243.0
389.0,237.0,-315.0,229.0,-29.0,79.0,123.0,-362.0,57.0,374.0
346.0,71.0,-326.0,211.0,12.0,-9.0,132.0,-574.0,88.0,493.0
306.0,-94.0,-353.0,178.0,60.0,-144.0,150.0,-602.0,104.0,597.0
263.0,-300.0,-400.0,138.0,107.0,-128.0,146.0,-565.0,141.0,682.0
225.0,-507.0,-378.0,66.0,143.0,-157.0,162.0,-349.0,197.0,767.0
177.0,-668.0,-434.0,0.0,161.0,-278.0,177.0,-168.0,232.0,813.0
160.0,-802.0,-446.0,-51.0,170.0,-260.0,214.0,-206.0,200.0,835.0
131.0,-946.0,-395.0,-93.0,170.0,-150.0,235.0,-218.0,224.0,900.0
102.0,-1087.0,-418.0,-107.0,168.0,-171.0,205.0,-432.0,276.0,935.0
81.0,-1162.0,-408.0,-138.0,174.0,-296.0,176.0,-509.0,287.0,926.0
51.0,-1141.0,-372.0,-163.0,186.0,-325.0,143.0,-452.0,324.0,934.0
27.0,-1088.0,-369.0,-170.0,198.0,-327.0,135.0,-291.0,327.0,927.0
0.0,-1106.0,-331.0,-140.0,203.0,-360.0,170.0,-103.0,296.0,888.0
-13.0,-1181.0,-307.0,-70.0,200.0,-251.0,228.0,-86.0,282.0,836.0
-38.0,-1255.0,-319.0,-4.0,184.0,-108.0,279.0,-38.0,247.0,793.0
-42.0,-1303.0,-260.0,47.0,153.0,-173.0,299.0,-133.0,182.0,747.0
-57.0,-1241.0,-276.0,89.0,121.0,-396.0,280.0,-162.0,116.0,666.0
-60.0,-1059.0,-234.0,101.0,94.0,-563.0,224.0,-229.0,51.0,587.0
-81.0,-858.0,-198.0,91.0,78.0,-537.0,168.0,-388.0,16.0,526.0
-91.0,-654.0,-197.0,112.0,71.0,-444.0,125.0,-388.0,-26.0,449.0
-105.0,-434.0,-149.0,138.0,65.0,-329.0,111.0,-509.0,-108.0,362.0
-133.0,-253.0,-156.0,127.0,51.0,-196.0,124.0,-471.0,-164.0,307.0
-119.0,-108.0,-90.0,100.0,23.0,-147.0,132.0,-334.0,-180.0,270.0
-142.0,22.0,-91.0,65.0,-14.0,-174.0,134.0,-325.0,-179.0,198.0
-141.0,110.0,-73.0,33.0,-54.0,-229.0,120.0,-336.0,-198.0,145.0
-151.0,174.0,-24.0,20.0,-85.0,-258.0,90.0,-417.0,-221.0,121.0
-147.0,254.0,23.0,14.0,-105.0,-284.0,46.0,-458.0,-220.0,82.0
-142.0,313.0,-3.0,18.0,-115.0,-256.0,9.0,-594.0,-233.0,52.0
-142.0,284.0,-26.0,37.0,-118.0,-237.0,-21.0,-502.0,-245.0,54.0
-133.0,214.0,16.0,76.0,-117.0,-321.0,-32.0,-339.0,-215.0,64.0
-122.0,188.0,-23.0,159.0,-120.0,-433.0,-7.0,-358.0,-179.0,77.0
-103.0,187.0,0.0,273.0,-120.0,-459.0,2.0,-188.0,-150.0,108.0
-106.0,175.0,-11.0,366.0,-117.0,-330.0,12.0,-164.0,-53.0,133.0
-76.0,131.0,6.0,448.0,-122.0,-252.0,20.0,-116.0,56.0,170.0
-72.0,63.0,-15.0,526.0,-131.0,-277.0,0.0,-1.0,104.0,194.0
-59.0,49.0,-23.0,580.0,-126.0,-317.0,-23.0,-5.0,150.0,209.0
-36.0,156.0,-46.0,622.0,-92.0,-315.0,-40.0,-33.0,222.0,255.0
-8.0,323.0,-93.0,633.0,-38.0,-317.0,-49.0,-123.0,306.0,276.0
6.0,413.0,-57.0,629.0,19.0,-377.0,-49.0,-168.0,341.0,301.0
15.0,417.0,-121.0,644.0,65.0,-358.0,-27.0,-356.0,328.0,359.0
61.0,429.0,-114.0,664.0,93.0,-346.0,17.0,-467.0,356.0,398.0
78.0,504.0,-95.0,687.0,106.0,-448.0,46.0,-543.0,392.0,423.0
88.0,678.0,-81.0,726.0,108.0,-509.0,72.0,-617.0,359.0,469.0
105.0,946.0,-84.0,748.0,108.0,-397.0,104.0,-463.0,316.0,521.0
139.0,1206.0,-96.0,712.0,111.0,-276.0,132.0,-426.0,260.0,570.0
184.0,1341.0,-51.0,636.0,112.0,-282.0,142.0,-247.0,199.0,627.0
211.0,1324.0,-84.0,572.0,106.0,-324.0,138.0,-40.0,174.0,709.0
235.0,1193.0,-102.0,508.0,96.0,-333.0,130.0,-25.0,135.0,788.0
287.0,990.0,-96.0,426.0,84.0,-336.0,97.0,-55.0,88.0,852.0
309.0,746.0,-106.0,366.0,77.0,-365.0,79.0,-145.0,30.0,905.0
338.0,456.0,-85.0,267.0,76.0,-310.0,82.0,-184.0,31.0,948.0
377.0,153.0,-75.0,177.0,76.0,-224.0,93.0,-332.0,67.0,988.0
410.0,-105.0,-41.0,162.0,78.0,-284.0,95.0,-354.0,32.0,992.0
456.0,-323.0,7.0,147.0,74.0,-405.0,106.0,-441.0,14.0,984.0
482.0,-465.0,37.0,133.0,58.0,-403.0,126.0,-580.0,39.0,991.0
518.0,-456.0,117.0,146.0,32.0,-292.0,106.0,-489.0,46.0,978.0
547.0,-319.0,164.0,180.0,-4.0,-283.0,84.0,-587.0,53.0,940.0
608.0,-157.0,190.0,221.0,-52.0,-295.0,56.0,-561.0,75.0,912.0
632.0,-14.0,273.0,277.0,-103.0,-177.0,53.0,-519.0,57.0,880.0
674.0,116.0,321.0,321.0,-143.0,-66.0,80.0,-458.0,12.0,809.0
727.0,251.0,356.0,332.0,-170.0,-104.0,93.0,-225.0,-6.0,741.0
732.0,460.0,396.0,307.0,-186.0,-202.0,109.0,-192.0,-22.0,701.0
748.0,731.0,438.0,287.0,-200.0,-158.0,122.0,-197.0,-40.0,660.0
759.0,944.0,466.0,265.0,-206.0,-103.0,146.0,-380.0,-60.0,609.0
774.0,1021.0,442.0,158.0,-195.0,-175.0,169.0,-360.0,-91.0,570.0
743.0,967.0,467.0,44.0,-176.0,-256.0,189.0,-254.0,-121.0,542.0
745.0,815.0,454.0,-83.0,-152.0,-254.0,203.0,-343.0,-170.0,496.0
710.0,625.0,433.0,-204.0,-127.0,-214.0,186.0,-210.0,-256.0,450.0
684.0,437.0,440.0,-305.0,-106.0,-229.0,161.0,-290.0,-311.0,413.0
657.0,289.0,351.0,-409.0,-95.0,-256.0,137.0,-280.0,-325.0,357.0
605.0,227.0,330.0,-484.0,-95.0,-266.0,128.0,-225.0,-344.0,296.0
585.0,229.0,271.0,-571.0,-93.0,-217.0,119.0,-267.0,-342.0,235.0
517.0,241.0,178.0,-641.0,-79.0,-137.0,82.0,-35.0,-305.0,188.0
462.0,207.0,124.0,-672.0,-58.0,-121.0,46.0,-83.0,-257.0,132.0
366.0,104.0,33.0,-679.0,-39.0,-150.0,23.0,-99.0,-259.0,43.0
296.0,-45.0,-28.0,-664.0,-21.0,-221.0,34.0,-62.0,-250.0,-42.0
226.0,-181.0,-103.0,-640.0,1.0,-250.0,52.0,-218.0,-189.0,-115.0
143.0,-287.0,-170.0,-602.0,29.0,-317.0,73.0,-214.0,-165.0,-209.0
62.0,-414.0,-193.0,-539.0,60.0,-402.0,85.0,-262.0,-118.0,-305.0
-23.0,-535.0,-237.0,-478.0,97.0,-340.0,66.0,-288.0,-66.0,-368.0
-108.0,-643.0,-283.0,-432.0,137.0,-235.0,82.0,-284.0,-80.0,-432.0
-210.0,-775.0,-269.0,-364.0,172.0,-233.0,97.0,-325.0,-99.0,-508.0
-290.0,-890.0,-298.0,-297.0,193.0,-379.0,84.0,-351.0,-94.0,-586.0
-356.0,-940.0,-304.0,-247.0,213.0,-374.0,81.0,-386.0,-64.0,-651.0
-396.0,-958.0,-269.0,-176.0,236.0,-196.0,83.0,-378.0,-59.0,-723.0
-449.0,-985.0,-275.0,-114.0,260.0,-187.0,73.0,-245.0,-80.0,-800.0
-453.0,-989.0,-230.0,-94.0,291.0,-286.0,52.0,-46.0,-66.0,-840.0
-483.0,-993.0,-227.0,-71.0,323.0,-277.0,33.0,42.0,-6.0,-860.0
-513.0,-995.0,-206.0,-38.0,352.0,-200.0,30.0,194.0,50.0,-872.0
-518.0,-866.0,-155.0,6.0,376.0,-306.0,42.0,234.0,112.0,-883.0
-513.0,-559.0,-153.0,72.0,393.0,-450.0,40.0,203.0,176.0,-864.0
-497.0,-203.0,-126.0,141.0,404.0,-437.0,42.0,92.0,218.0,-816.0
-481.0,117.0,-92.0,227.0,407.0,-362.0,23.0,-160.0,291.0,-776.0
-422.0,454.0,-89.0,324.0,397.0,-345.0,-11.0,-218.0,391.0,-736.0
-416.0,808.0,-60.0,408.0,374.0,-408.0,-34.0,-334.0,475.0,-677.0
-385.0,1132.0,-8.0,455.0,342.0,-388.0,-62.0,-227.0,531.0,-618.0
-376.0,1373.0,-8.0,513.0,302.0,-352.0,-92.0,5.0,584.0,-569.0
-321.0,1451.0,39.0,585.0,256.0,-365.0,-132.0,-64.0,660.0,-508.0
-251.0,1329.0,42.0,646.0,210.0,-361.0,-169.0,-140.0,726.0,-437.0
-213.0,1053.0,52.0,726.0,172.0,-293.0,-232.0,-328.0,765.0,-377.0
-146.0,745.0,92.0,830.0,148.0,-178.0,-282.0,-328.0,797.0,-328.0
-90.0,479.0,59.0,885.0,135.0,-163.0,-297.0,-171.0,845.0,-264.0
-15.0,231.0,116.0,937.0,130.0,-188.0,-310.0,-84.0,889.0,-207.0
26.0,28.0,116.0,1012.0,118.0,-189.0,-285.0,-29.0,917.0,-160.0
113.0,-57.0,120.0,1045.0,95.0,-223.0,-292.0,-168.0,934.0,-92.0
171.0,-38.0,176.0,1085.0,64.0,-275.0,-303.0,-153.0,891.0,1.0
247.0,65.0,149.0,1085.0,19.0,-276.0,-299.0,-188.0,825.0,101.0
337.0,218.0,175.0,1041.0,-40.0,-242.0,-298.0,-227.0,791.0,190.0
411.0,269.0,174.0,982.0,-108.0,-258.0,-276.0,-205.0,737.0,311.0
488.0,101.0,157.0,925.0,-165.0,-223.0,-289.0,-288.0,664.0,420.0
528.0,-210.0,169.0,852.0,-199.0,-156.0,-291.0,-140.0,561.0,508.0
595.0,-501.0,160.0,747.0,-211.0,-177.0,-247.0,-162.0,442.0,602.0
651.0,-663.0,158.0,664.0,-204.0,-206.0,-191.0,14.0,319.0,699.0
710.0,-701.0,142.0,564.0,-188.0,-219.0,-141.0,336.0,156.0,756.0
745.0,-667.0,155.0,475.0,-166.0,-198.0,-124.0,277.0,-2.0,782.0
788.0,-601.0,178.0,355.0,-143.0,-207.0,-107.0,133.0,-145.0,855.0
806.0,-520.0,183.0,231.0,-121.0,-206.0,-96.0,-223.0,-276.0,918.0
810.0,-508.0,184.0,149.0,-96.0,-122.0,-98.0,-249.0,-386.0,950.0
807.0,-651.0,193.0,83.0,-67.0,-143.0,-101.0,-99.0,-483.0,984.0
786.0,-905.0,203.0,28.0,-36.0,-178.0,-119.0,-86.0,-599.0,1046.0
774.0,-1137.0,203.0,-51.0,-16.0,-133.0,-127.0,22.0,-682.0,1084.0
729.0,-1264.0,198.0,-119.0,-10.0,-64.0,-136.0,-153.0,-737.0,1051.0
704.0,-1274.0,199.0,-199.0,-16.0,-50.0,-154.0,-214.0,-812.0,1037.0
668.0,-1177.0,267.0,-291.0,-28.0,-127.0,-148.0,-184.0,-819.0,1017.0
621.0,-1025.0,297.0,-346.0,-50.0,-137.0,-137.0,-99.0,-813.0,963.0
560.0,-887.0,319.0,-372.0,-94.0,-125.0,-105.0,181.0,-807.0,906.0
493.0,-783.0,360.0,-428.0,-140.0,-160.0,-40.0,247.0,-768.0,864.0
430.0,-715.0,349.0,-496.0,-174.0,-223.0,12.0,223.0,-766.0,809.0
386.0,-671.0,372.0,-515.0,-186.0,-240.0,65.0,-20.0,-766.0,700.0
356.0,-548.0,371.0,-550.0,-185.0,-203.0,85.0,-208.0,-714.0,616.0
311.0,-306.0,366.0,-577.0,-184.0,-170.0,73.0,-164.0,-651.0,579.0
263.0,-64.0,364.0,-601.0,-184.0,-92.0,46.0,-125.0,-611.0,507.0
211.0,136.0,337.0,-633.0,-188.0,-11.0,-6.0,101.0,-554.0,432.0
177.0,343.0,305.0,-634.0,-200.0,-18.0,-34.0,114.0,-505.0,406.0
125.0,528.0,268.0,-615.0,-226.0,-40.0,-37.0,60.0,-488.0,382.0
91.0,672.0,241.0,-601.0,-248.0,-5.0,-1.0,138.0,-452.0,347.0
83.0,818.0,203.0,-625.0,-258.0,12.0,45.0,33.0,-416.0,317.0
77.0,959.0,186.0,-643.0,-256.0,-66.0,77.0,-131.0,-380.0,311.0
66.0,1066.0,155.0,-641.0,-248.0,-144.0,87.0,-158.0,-339.0,292.0
62.0,1191.0,141.0,-613.0,-236.0,-59.0,70.0,-125.0,-297.0,232.0
79.0,1367.0,144.0,-521.0,-212.0,-4.0,54.0,-284.0,-241.0,195.0
105.0,1548.0,102.0,-387.0,-180.0,-41.0,48.0,-157.0,-197.0,171.0
155.0,1690.0,109.0,-242.0,-143.0,20.0,68.0,9.0,-179.0,115.0
167.0,1781.0,95.0,-69.0,-104.0,155.0,90.0,3.0,-144.0,58.0
167.0,1820.0,45.0,114.0,-64.0,239.0,124.0,83.0,-54.0,48.0
184.0,1805.0,58.0,272.0,-27.0,122.0,149.0,-88.0,47.0,60.0
200.0,1705.0,40.0,394.0,2.0,2.0,140.0,-5.0,127.0,57.0
209.0,1440.0,10.0,513.0,25.0,85.0,125.0,38.0,196.0,57.0
204.0,1038.0,-8.0,632.0,50.0,150.0,113.0,-16.0,273.0,89.0
203.0,639.0,-62.0,709.0,81.0,11.0,137.0,-11.0,387.0,113.0
178.0,339.0,-77.0,761.0,113.0,-58.0,186.0,-371.0,489.0,103.0
159.0,161.0,-85.0,771.0,141.0,95.0,230.0,-713.0,554.0,115.0
141.0,70.0,-156.0,736.0,158.0,158.0,227.0,-958.0,609.0,130.0
140.0,14.0,-182.0,699.0,164.0,86.0,176.0,-840.0,668.0,125.0
169.0,-78.0,-178.0,653.0,160.0,104.0,111.0,-602.0,715.0,136.0
183.0,-259.0,-232.0,591.0,146.0,190.0,48.0,-358.0,716.0,172.0
220.0,-496.0,-230.0,529.0,128.0,187.0,-1.0,51.0,689.0,196.0
243.0,-697.0,-217.0,460.0,119.0,115.0,-49.0,301.0,673.0,198.0
263.0,-805.0,-242.0,393.0,127.0,98.0,-60.0,432.0,674.0,215.0
302.0,-844.0,-217.0,333.0,137.0,102.0,-38.0,277.0,650.0,262.0
329.0,-811.0,-199.0,270.0,154.0,52.0,23.0,114.0,605.0,284.0
389.0,-685.0,-175.0,224.0,188.0,61.0,97.0,11.0,578.0,279.0
438.0,-476.0,-122.0,191.0,237.0,99.0,138.0,9.0,560.0,296.0
488.0,-192.0,-84.0,134.0,280.0,2.0,174.0,131.0,517.0,314.0
526.0,139.0,-38.0,76.0,304.0,-81.0,168.0,112.0,458.0,302.0
520.0,461.0,30.0,47.0,316.0,-62.0,136.0,125.0,410.0,296.0
513.0,722.0,83.0,38.0,319.0,-4.0,72.0,-51.0,356.0,314.0
493.0,911.0,102.0,28.0,315.0,8.0,11.0,-236.0,260.0,318.0
489.0,1012.0,158.0,35.0,305.0,-75.0,0.0,-197.0,130.0,312.0
453.0,990.0,206.0,57.0,296.0,-122.0,-1.0,-75.0,25.0,310.0
391.0,863.0,226.0,69.0,302.0,-156.0,45.0,94.0,-61.0,311.0
340.0,694.0,271.0,84.0,316.0,-181.0,109.0,84.0,-167.0,291.0
288.0,547.0,287.0,94.0,324.0,-89.0,136.0,-46.0,-279.0,262.0
238.0,470.0,305.0,108.0,317.0,-54.0,127.0,-94.0,-375.0,270.0
174.0,460.0,317.0,107.0,300.0,-124.0,85.0,-171.0,-431.0,281.0
98.0,471.0,329.0,66.0,277.0,-179.0,57.0,-208.0,-466.0,276.0
23.0,450.0,344.0,50.0,251.0,-151.0,41.0,-138.0,-494.0,268.0
-25.0,346.0,333.0,41.0,228.0,-79.0,14.0,-18.0,-513.0,257.0
-84.0,169.0,337.0,24.0,200.0,-72.0,-11.0,94.0,-518.0,205.0
-125.0,-30.0,338.0,31.0,168.0,-50.0,-11.0,-59.0,-502.0,134.0
-161.0,-200.0,295.0,10.0,146.0,45.0,-6.0,-254.0,-471.0,78.0
-215.0,-283.0,248.0,-27.0,132.0,76.0,-14.0,-412.0,-426.0,10.0
-245.0,-265.0,217.0,-55.0,115.0,-39.0,-1.0,-378.0,-381.0,-72.0
-288.0,-162.0,149.0,-105.0,85.0,-51.0,27.0,-334.0,-327.0,-154.0
-333.0,11.0,98.0,-131.0,48.0,121.0,33.0,-408.0,-267.0,-206.0
-375.0,190.0,38.0,-127.0,14.0,166.0,32.0,-258.0,-208.0,-270.0
-408.0,283.0,-11.0,-135.0,-11.0,42.0,44.0,-181.0,-154.0,-334.0
-428.0,261.0,-62.0,-141.0,-30.0,-13.0,23.0,42.0,-144.0,-355.0
-461.0,151.0,-127.0,-146.0,-50.0,41.0,-26.0,166.0,-159.0,-347.0
-513.0,-17.0,-167.0,-142.0,-78.0,31.0,-67.0,315.0,-181.0,-331.0
-505.0,-214.0,-241.0,-145.0,-106.0,11.0,-94.0,415.0,-196.0,-301.0
-464.0,-410.0,-281.0,-166.0,-130.0,112.0,-103.0,232.0,-207.0,-246.0
-457.0,-617.0,-339.0,-187.0,-140.0,210.0,-76.0,129.0,-245.0,-212.0
-426.0,-869.0,-364.0,-220.0,-144.0,179.0,-34.0,-242.0,-286.0,-169.0
-383.0,-1131.0,-367.0,-248.0,-151.0,133.0,-31.0,-293.0,-307.0,-110.0
-330.0,-1293.0,-404.0,-247.0,-171.0,114.0,-59.0,-439.0,-311.0,-52.0
-278.0,-1328.0,-396.0,-227.0,-200.0,131.0,-110.0,-545.0,-327.0,8.0
-210.0,-1270.0,-419.0,-204.0,-222.0,204.0,-144.0,-221.0,-315.0,69.0
-118.0,-1131.0,-407.0,-173.0,-230.0,225.0,-172.0,62.0,-245.0,151.0
-20.0,-939.0,-413.0,-116.0,-217.0,310.0,-194.0,541.0,-172.0,234.0
67.0,-760.0,-407.0,-38.0,-196.0,380.0,-186.0,703.0,-104.0,316.0
121.0,-597.0,-364.0,48.0,-174.0,356.0,-169.0,870.0,-50.0,411.0
216.0,-389.0,-356.0,114.0,-150.0,312.0,-135.0,824.0,12.0,526.0
300.0,-175.0,-298.0,172.0,-132.0,269.0,-127.0,570.0,65.0,625.0
350.0,-62.0,-243.0,214.0,-120.0,312.0,-157.0,388.0,104.0,692.0
416.0,-75.0,-169.0,252.0,-112.0,315.0,-205.0,38.0,157.0,740.0
481.0,-130.0,-106.0,307.0,-105.0,334.0,-230.0,-49.0,189.0,778.0
554.0,-145.0,-34.0,341.0,-107.0,389.0,-246.0,-169.0,243.0,802.0
603.0,-106.0,40.0,368.0,-118.0,347.0,-268.0,-138.0,299.0,785.0
638.0,-87.0,115.0,412.0,-124.0,302.0,-252.0,-9.0,304.0,765.0
642.0,-199.0,172.0,456.0,-123.0,325.0,-236.0,-81.0,304.0,720.0
652.0,-450.0,220.0,477.0,-120.0,373.0,-225.0,-90.0,297.0,635.0
673.0,-819.0,327.0,505.0,-129.0,352.0,-242.0,57.0,299.0,552.0
685.0,-1246.0,350.0,506.0,-154.0,299.0,-277.0,303.0,309.0,458.0
678.0,-1568.0,443.0,470.0,-185.0,268.0,-317.0,443.0,281.0,370.0
641.0,-1672.0,500.0,435.0,-212.0,221.0,-378.0,513.0,243.0,290.0
629.0,-1579.0,526.0,394.0,-217.0,156.0,-417.0,558.0,221.0,209.0
589.0,-1354.0,578.0,387.0,-198.0,131.0,-430.0,526.0,224.0,150.0
553.0,-1040.0,553.0,390.0,-176.0,161.0,-423.0,395.0,223.0,105.0
508.0,-666.0,590.0,359.0,-162.0,133.0,-423.0,92.0,175.0,53.0
472.0,-256.0,552.0,317.0,-148.0,53.0,-411.0,-38.0,139.0,28.0
430.0,141.0,532.0,250.0,-137.0,17.0,-374.0,97.0,121.0,22.0
354.0,451.0,493.0,204.0,-135.0,-4.0,-337.0,179.0,86.0,-20.0
300.0,665.0,429.0,197.0,-137.0,-10.0,-303.0,293.0,35.0,-53.0
230.0,842.0,407.0,175.0,-122.0,33.0,-285.0,290.0,-20.0,-67.0
196.0,1038.0,339.0,83.0,-72.0,66.0,-266.0,317.0,-75.0,-105.0
128.0,1241.0,280.0,-51.0,8.0,33.0,-263.0,363.0,-125.0,-144.0
70.0,1379.0,228.0,-200.0,106.0,-52.0,-257.0,181.0,-135.0,-160.0
27.0,1435.0,174.0,-357.0,192.0,-34.0,-240.0,-7.0,-125.0,-173.0
-12.0,1423.0,105.0,-493.0,232.0,46.0,-244.0,-88.0,-134.0,-192.0
-59.0,1365.0,85.0,-626.0,229.0,25.0,-273.0,11.0,-127.0,-210.0
-124.0,1337.0,22.0,-747.0,204.0,33.0,-331.0,-59.0,-94.0,-223.0
-137.0,1336.0,-23.0,-854.0,183.0,56.0,-370.0,-179.0,-39.0,-253.0
-182.0,1252.0,-26.0,-896.0,168.0,36.0,-377.0,-188.0,13.0,-331.0
-196.0,1053.0,-105.0,-885.0,157.0,-5.0,-368.0,-229.0,27.0,-415.0
-231.0,835.0,-130.0,-864.0,158.0,39.0,-359.0,-121.0,38.0,-510.0
-256.0,610.0,-173.0,-825.0,170.0,171.0,-347.0,-40.0,43.0,-625.0
-278.0,340.0,-223.0,-768.0,187.0,183.0,-334.0,94.0,60.0,-726.0
-323.0,151.0,-223.0,-695.0,207.0,158.0,-335.0,332.0,80.0,-808.0
-360.0,121.0,-247.0,-625.0,234.0,125.0,-320.0,400.0,56.0,-883.0
-393.0,210.0,-236.0,-534.0,260.0,97.0,-310.0,454.0,30.0,-952.0
-401.0,377.0,-246.0,-442.0,274.0,29.0,-321.0,452.0,2.0,-996.0
-460.0,538.0,-239.0,-340.0,276.0,-12.0,-353.0,567.0,-26.0,-999.0
-484.0,577.0,-204.0,-234.0,276.0,152.0,-388.0,602.0,-19.0,-980.0
-506.0,403.0,-202.0,-138.0,274.0,198.0,-395.0,388.0,-1.0,-955.0
-520.0,31.0,-149.0,-69.0,264.0,65.0,-386.0,336.0,0.0,-898.0
-531.0,-480.0,-115.0,-24.0,243.0,0.0,-367.0,238.0,22.0,-830.0
-534.0,-1011.0,-110.0,13.0,214.0,60.0,-368.0,282.0,57.0,-757.0
-515.0,-1342.0,-68.0,32.0,179.0,139.0,-380.0,158.0,75.0,-672.0
-512.0,-1357.0,-45.0,36.0,142.0,160.0,-361.0,-88.0,115.0,-595.0
-491.0,-1155.0,-46.0,31.0,95.0,223.0,-306.0,-277.0,141.0,-522.0
-466.0,-941.0,-29.0,26.0,44.0,285.0,-225.0,-447.0,152.0,-459.0
-408.0,-760.0,-24.0,7.0,-4.0,268.0,-163.0,-273.0,183.0,-388.0
-383.0,-550.0,-15.0,4.0,-45.0,152.0,-136.0,-205.0,208.0,-336.0
-333.0,-331.0,-9.0,-3.0,-74.0,93.0,-148.0,133.0,218.0,-287.0
-280.0,-131.0,-31.0,-4.0,-93.0,227.0,-168.0,478.0,208.0,-229.0
-222.0,97.0,-38.0,21.0,-115.0,286.0,-170.0,628.0,201.0,-184.0
-132.0,403.0,-60.0,27.0,-150.0,179.0,-179.0,715.0,211.0,-125.0
-40.0,760.0,-77.0,63.0,-187.0,188.0,-188.0,508.0,211.0,-90.0
51.0,1103.0,-104.0,81.0,-212.0,313.0,-206.0,354.0,202.0,-70.0
125.0,1357.0,-122.0,85.0,-219.0,383.0,-227.0,236.0,190.0,-59.0
215.0,1482.0,-130.0,126.0,-211.0,401.0,-248.0,310.0,167.0,-76.0
274.0,1510.0,-162.0,190.0,-190.0,402.0,-249.0,205.0,143.0,-96.0
367.0,1446.0,-160.0,256.0,-162.0,445.0,-227.0,-53.0,92.0,-126.0
407.0,1246.0,-196.0,287.0,-136.0,420.0,-211.0,-173.0,40.0,-156.0
408.0,897.0,-236.0,325.0,-120.0,291.0,-195.0,-304.0,0.0,-186.0
435.0,434.0,-246.0,342.0,-117.0,296.0,-201.0,-234.0,-58.0,-210.0
430.0,-82.0,-270.0,337.0,-123.0,394.0,-225.0,-267.0,-102.0,-209.0
434.0,-586.0,-248.0,329.0,-130.0,396.0,-266.0,-321.0,-160.0,-214.0
406.0,-1003.0,-226.0,281.0,-131.0,336.0,-293.0,-295.0,-224.0,-216.0
406.0,-1259.0,-209.0,201.0,-121.0,299.0,-311.0,-365.0,-246.0,-176.0
375.0,-1315.0,-176.0,124.0,-105.0,314.0,-342.0,-242.0,-232.0,-121.0
335.0,-1231.0,-155.0,35.0,-99.0,346.0,-371.0,-155.0,-227.0,-69.0
307.0,-1124.0,-130.0,-75.0,-100.0,362.0,-425.0,-151.0,-223.0,0.0
248.0,-1030.0,-85.0,-179.0,-98.0,318.0,-467.0,-103.0,-165.0,83.0
232.0,-941.0,-36.0,-311.0,-96.0,234.0,-474.0,35.0,-124.0,156.0
185.0,-861.0,-3.0,-415.0,-89.0,208.0,-473.0,264.0,-108.0,217.0
152.0,-734.0,20.0,-486.0,-65.0,274.0,-469.0,177.0,-66.0,265.0
125.0,-499.0,26.0,-554.0,-25.0,367.0,-459.0,75.0,-22.0,306.0
81.0,-224.0,56.0,-584.0,11.0,363.0,-422.0,-24.0,22.0,345.0
39.0,-3.0,81.0,-596.0,42.0,349.0,-363.0,-70.0,84.0,380.0
1.0,175.0,87.0,-575.0,73.0,257.0,-296.0,29.0,148.0,426.0
3.0,324.0,131.0,-540.0,112.0,87.0,-238.0,-125.0,178.0,454.0
-30.0,391.0,135.0,-520.0,151.0,150.0,-230.0,-92.0,217.0,466.0
-55.0,291.0,89.0,-507.0,185.0,306.0,-251.0,68.0,264.0,469.0
-78.0,36.0,74.0,-488.0,207.0,383.0,-295.0,133.0,279.0,457.0
-121.0,-155.0,72.0,-451.0,221.0,386.0,-370.0,197.0,283.0,430.0
-151.0,-111.0,48.0,-390.0,225.0,346.0,-428.0,301.0,255.0,391.0
-207.0,136.0,36.0,-300.0,213.0,305.0,-453.0,408.0,204.0,332.0
-235.0,497.0,0.0,-202.0,195.0,223.0,-446.0,363.0,182.0,244.0
-256.0,919.0,-33.0,-128.0,175.0,203.0,-411.0,304.0,163.0,137.0
-288.0,1277.0,-42.0,-83.0,155.0,287.0,-345.0,123.0,143.0,20.0
-295.0,1411.0,-67.0,-25.0,142.0,320.0,-281.0,97.0,143.0,-74.0
-292.0,1338.0,-58.0,29.0,127.0,197.0,-274.0,205.0,152.0,-159.0
-282.0,1158.0,-50.0,36.0,103.0,8.0,-278.0,275.0,127.0,-231.0
-269.0,910.0,-62.0,4.0,64.0,-73.0,-306.0,402.0,95.0,-271.0
-269.0,628.0,-55.0,-35.0,12.0,18.0,-338.0,321.0,89.0,-303.0
-239.0,370.0,-9.0,-46.0,-49.0,116.0,-350.0,286.0,80.0,-337.0
-210.0,135.0,25.0,-61.0,-114.0,200.0,-373.0,303.0,69.0,-369.0
-210.0,-132.0,59.0,-93.0,-170.0,221.0,-392.0,205.0,59.0,-408.0
-205.0,-441.0,108.0,-106.0,-211.0,18.0,-406.0,179.0,37.0,-452.0
-196.0,-790.0,143.0,-99.0,-234.0,-128.0,-405.0,77.0,11.0,-496.0
-173.0,-1134.0,161.0,-92.0,-232.0,1.0,-417.0,57.0,-8.0,-552.0
-163.0,-1395.0,179.0,-84.0,-211.0,277.0,-410.0,53.0,-33.0,-603.0
-141.0,-1520.0,224.0,-56.0,-177.0,386.0,-406.0,83.0,-62.0,-654.0
-126.0,-1476.0,232.0,-55.0,-125.0,279.0,-408.0,242.0,-80.0,-705.0
-113.0,-1298.0,254.0,-72.0,-63.0,152.0,-351.0,184.0,-84.0,-744.0
-107.0,-1059.0,271.0,-40.0,-2.0,101.0,-283.0,267.0,-68.0,-796.0
-102.0,-805.0,270.0,24.0,46.0,159.0,-227.0,258.0,-56.0,-845.0
-94.0,-655.0,266.0,75.0,68.0,311.0,-224.0,214.0,-41.0,-884.0
-107.0,-714.0,249.0,117.0,66.0,536.0,-245.0,253.0,6.0,-909.0
-110.0,-911.0,240.0,138.0,47.0,496.0,-264.0,133.0,42.0,-922.0
-113.0,-1140.0,235.0,135.0,20.0,279.0,-271.0,83.0,73.0,-915.0
-76.0,-1359.0,225.0,139.0,0.0,258.0,-256.0,-42.0,123.0,-877.0
-71.0,-1442.0,209.0,150.0,-19.0,376.0,-236.0,62.0,175.0,-841.0
-46.0,-1230.0,234.0,166.0,-34.0,581.0,-204.0,99.0,237.0,-785.0
-8.0,-764.0,215.0,148.0,-46.0,615.0,-213.0,88.0,317.0,-698.0
7.0,-208.0,233.0,118.0,-60.0,436.0,-258.0,109.0,399.0,-603.0
26.0,283.0,233.0,100.0,-76.0,315.0,-298.0,38.0,455.0,-504.0
22.0,535.0,232.0,74.0,-92.0,283.0,-309.0,127.0,487.0,-414.0
51.0,474.0,245.0,78.0,-100.0,313.0,-287.0,-68.0,508.0,-307.0
54.0,230.0,211.0,91.0,-103.0,339.0,-255.0,-57.0,528.0,-202.0
69.0,64.0,233.0,117.0,-102.0,330.0,-200.0,121.0,556.0,-107.0
76.0,168.0,188.0,139.0,-95.0,338.0,-138.0,221.0,560.0,-10.0
67.0,533.0,201.0,114.0,-82.0,448.0,-97.0,412.0,547.0,57.0
56.0,1035.0,188.0,88.0,-71.0,582.0,-116.0,395.0,549.0,99.0
20.0,1552.0,175.0,39.0,-63.0,580.0,-159.0,439.0,544.0,115.0
-2.0,1997.0,187.0,-31.0,-42.0,449.0,-166.0,254.0,529.0,128.0
-38.0,2291.0,157.0,-88.0,-2.0,325.0,-130.0,33.0,530.0,132.0
-41.0,2394.0,190.0,-138.0,42.0,293.0,-71.0,24.0,526.0,110.0
-43.0,2275.0,148.0,-211.0,81.0,245.0,-40.0,-131.0,504.0,68.0
-56.0,1899.0,170.0,-292.0,111.0,200.0,0.0,-114.0,473.0,7.0
-75.0,1362.0,154.0,-355.0,126.0,204.0,26.0,-90.0,442.0,-68.0
-94.0,866.0,142.0,-429.0,131.0,197.0,10.0,120.0,388.0,-172.0
-105.0,525.0,176.0,-461.0,133.0,221.0,-18.0,334.0,301.0,-258.0
-123.0,333.0,105.0,-450.0,127.0,325.0,-28.0,360.0,223.0,-336.0
-134.0,257.0,95.0,-427.0,109.0,417.0,0.0,471.0,142.0,-425.0
-168.0,253.0,65.0,-363.0,85.0,388.0,-18.0,304.0,51.0,-478.0
-191.0,292.0,4.0,-295.0,70.0,289.0,-39.0,280.0,-42.0,-525.0
-195.0,353.0,-70.0,-243.0,65.0,143.0,-34.0,295.0,-173.0,-569.0
-172.0,391.0,-124.0,-197.0,64.0,47.0,-27.0,290.0,-323.0,-615.0
-135.0,303.0,-162.0,-154.0,67.0,139.0,-7.0,362.0,-449.0,-668.0
-123.0,63.0,-237.0,-117.0,75.0,275.0,-15.0,221.0,-551.0,-676.0
-106.0,-209.0,-269.0,-89.0,76.0,270.0,-30.0,216.0,-662.0,-663.0
-102.0,-446.0,-352.0,-71.0,69.0,112.0,-47.0,66.0,-761.0,-637.0
-123.0,-616.0,-425.0,-75.0,63.0,-54.0,-32.0,-114.0,-840.0,-594.0
-156.0,-678.0,-481.0,-73.0,57.0,25.0,-15.0,-116.0,-916.0,-543.0
-176.0,-626.0,-540.0,-80.0,54.0,364.0,-24.0,-66.0,-955.0,-492.0
-200.0,-433.0,-528.0,-93.0,50.0,524.0,-19.0,66.0,-955.0,-456.0
-229.0,-101.0,-549.0,-96.0,46.0,386.0,-12.0,42.0,-948.0,-431.0
-229.0,232.0,-558.0,-118.0,40.0,235.0,-7.0,35.0,-930.0,-409.0
-248.0,388.0,-538.0,-147.0,33.0,144.0,-9.0,-24.0,-894.0,-401.0
-274.0,315.0,-537.0,-180.0,29.0,55.0,31.0,-92.0,-862.0,-400.0
-295.0,89.0,-539.0,-228.0,30.0,-10.0,67.0,-121.0,-806.0,-370.0
-324.0,-104.0,-523.0,-252.0,42.0,16.0,100.0,-105.0,-751.0,-354.0
-344.0,-81.0,-490.0,-242.0,55.0,87.0,171.0,75.0,-728.0,-340.0
-345.0,142.0,-465.0,-221.0,60.0,93.0,230.0,44.0,-681.0,-312.0
-335.0,441.0,-414.0,-193.0,48.0,97.0,265.0,60.0,-609.0,-265.0
-348.0,701.0,-353.0,-157.0,15.0,206.0,253.0,27.0,-511.0,-206.0
-338.0,786.0,-331.0,-124.0,-32.0,295.0,236.0,-123.0,-446.0,-154.0
-321.0,611.0,-285.0,-107.0,-80.0,301.0,215.0,-125.0,-417.0,-73.0
-308.0,241.0,-237.0,-124.0,-103.0,290.0,178.0,-262.0,-343.0,0.0
-287.0,-139.0,-184.0,-158.0,-97.0,214.0,133.0,-297.0,-274.0,48.0
-271.0,-374.0,-113.0,-183.0,-66.0,144.0,110.0,-271.0,-221.0,97.0
-232.0,-419.0,-64.0,-206.0,-21.0,148.0,116.0,-151.0,-177.0,131.0
-212.0,-370.0,-18.0,-250.0,22.0,229.0,86.0,-97.0,-126.0,135.0
-182.0,-343.0,36.0,-297.0,47.0,287.0,68.0,-325.0,-64.0,123.0
-158.0,-368.0,71.0,-352.0,62.0,183.0,56.0,-349.0,-5.0,118.0
-157.0,-476.0,111.0,-406.0,77.0,39.0,25.0,-389.0,58.0,96.0
-115.0,-640.0,178.0,-434.0,98.0,62.0,-31.0,-345.0,99.0,45.0
-61.0,-764.0,255.0,-491.0,132.0,156.0,-99.0,-284.0,122.0,-16.0
-29.0,-776.0,349.0,-527.0,173.0,195.0,-146.0,-371.0,137.0,-69.0
-21.0,-637.0,362.0,-509.0,219.0,258.0,-224.0,-282.0,160.0,-122.0
0.0,-344.0,470.0,-495.0,267.0,273.0,-311.0,-186.0,178.0,-205.0
8.0,10.0,535.0,-476.0,313.0,252.0,-359.0,-103.0,150.0,-285.0
-8.0,255.0,543.0,-439.0,340.0,223.0,-375.0,-229.0,121.0,-350.0
-31.0,329.0,660.0,-370.0,333.0,176.0,-358.0,-310.0,93.0,-409.0
-29.0,300.0,666.0,-301.0,286.0,166.0,-309.0,-238.0,65.0,-457.0
-9.0,238.0,750.0,-207.0,202.0,38.0,-260.0,-286.0,46.0,-478.0
6.0,186.0,760.0,-93.0,101.0,-24.0,-240.0,-158.0,-8.0,-471.0
24.0,159.0,750.0,5.0,-7.0,126.0,-238.0,-70.0,-79.0,-495.0
32.0,134.0,762.0,110.0,-110.0,186.0,-252.0,-22.0,-145.0,-515.0
31.0,127.0,686.0,190.0,-189.0,170.0,-297.0,-129.0,-187.0,-512.0
12.0,172.0,697.0,263.0,-245.0,195.0,-336.0,-423.0,-209.0,-501.0
16.0,224.0,637.0,319.0,-287.0,171.0,-349.0,-489.0,-259.0,-484.0
21.0,236.0,628.0,342.0,-326.0,81.0,-322.0,-583.0,-296.0,-468.0
6.0,208.0,630.0,343.0,-364.0,19.0,-253.0,-591.0,-308.0,-400.0
-1.0,124.0,553.0,329.0,-390.0,41.0,-212.0,-491.0,-314.0,-321.0
-28.0,-12.0,526.0,318.0,-401.0,0.0,-185.0,-389.0,-309.0,-262.0
-65.0,-245.0,458.0,290.0,-394.0,-172.0,-148.0,-181.0,-301.0,-185.0
-108.0,-641.0,407.0,258.0,-362.0,-285.0,-123.0,-24.0,-274.0,-116.0
-150.0,-1069.0,380.0,235.0,-319.0,-235.0,-77.0,105.0,-234.0,-79.0
-223.0,-1304.0,314.0,207.0,-271.0,-150.0,-37.0,90.0,-176.0,-74.0
-284.0,-1331.0,282.0,191.0,-230.0,-189.0,20.0,5.0,-109.0,-61.0
-321.0,-1270.0,255.0,192.0,-204.0,-213.0,66.0,-59.0,-52.0,-78.0
-380.0,-1181.0,194.0,201.0,-184.0,-131.0,52.0,-46.0,15.0,-135.0
-409.0,-1104.0,151.0,227.0,-171.0,-81.0,13.0,22.0,72.0,-179.0
-443.0,-1077.0,152.0,241.0,-168.0,-66.0,-24.0,14.0,110.0,-211.0
-474.0,-1064.0,74.0,254.0,-174.0,-104.0,-52.0,134.0,133.0,-239.0
-472.0,-1013.0,42.0,300.0,-170.0,-211.0,-118.0,90.0,127.0,-297.0
-466.0,-951.0,59.0,339.0,-142.0,-380.0,-175.0,14.0,159.0,-335.0
-472.0,-944.0,-119.0,342.0,-99.0,-471.0,-175.0,-31.0,198.0,-333.0
-493.0,-973.0,-68.0,323.0,-59.0,-343.0,-151.0,-242.0,206.0,-341.0
-494.0,-916.0,-151.0,289.0,-37.0,-204.0,-128.0,-328.0,212.0,-335.0
-480.0,-654.0,-305.0,256.0,-42.0,-125.0,-121.0,-521.0,219.0,-289.0
-431.0,-192.0,-190.0,244.0,-68.0,-30.0,-151.0,-497.0,238.0,-243.0
-405.0,346.0,-401.0,226.0,-107.0,-19.0,-245.0,-205.0,234.0,-230.0
-378.0,751.0,-339.0,192.0,-144.0,-101.0,-317.0,142.0,226.0,-192.0
-297.0,908.0,-382.0,148.0,-163.0,-131.0,-361.0,511.0,221.0,-154.0
-252.0,957.0,-533.0,96.0,-156.0,-118.0,-379.0,546.0,196.0,-168.0
-220.0,1061.0,-424.0,89.0,-121.0,-129.0,-342.0,498.0,203.0,-175.0
-199.0,1224.0,-582.0,88.0,-59.0,-106.0,-275.0,290.0,242.0,-160.0
-171.0,1385.0,-516.0,70.0,4.0,-63.0,-185.0,125.0,240.0,-167.0
-141.0,1462.0,-476.0,62.0,52.0,-52.0,-136.0,59.0,208.0,-205.0
-132.0,1392.0,-507.0,34.0,79.0,-32.0,-92.0,-11.0,194.0,-243.0
-124.0,1204.0,-378.0,1.0,83.0,-14.0,-58.0,72.0,175.0,-246.0
-108.0,990.0,-413.0,-34.0,74.0,-6.0,-67.0,-84.0,144.0,-280.0
-68.0,818.0,-340.0,-82.0,57.0,52.0,-55.0,-232.0,165.0,-341.0
-63.0,709.0,-267.0,-100.0,47.0,57.0,-39.0,-301.0,206.0,-351.0
-65.0,663.0,-270.0,-120.0,60.0,-4.0,-17.0,-203.0,197.0,-372.0
-64.0,662.0,-98.0,-173.0,89.0,72.0,1.0,-62.0,183.0,-411.0
-57.0,662.0,-76.0,-207.0,121.0,219.0,6.0,-36.0,132.0,-438.0
-30.0,617.0,48.0,-232.0,143.0,289.0,30.0,136.0,58.0,-430.0
-32.0,518.0,146.0,-261.0,158.0,242.0,53.0,29.0,17.0,-425.0
-13.0,347.0,101.0,-315.0,169.0,184.0,87.0,-94.0,-25.0,-427.0
22.0,43.0,269.0,-387.0,167.0,208.0,143.0,-142.0,-63.0,-379.0
33.0,-372.0,228.0,-439.0,150.0,104.0,171.0,-79.0,-134.0,-328.0
11.0,-743.0,276.0,-494.0,128.0,-6.0,158.0,31.0,-227.0,-280.0
-7.0,-967.0,325.0,-548.0,111.0,102.0,142.0,-90.0,-310.0,-235.0
-12.0,-1080.0,256.0,-595.0,92.0,277.0,151.0,-18.0,-331.0,-153.0
-14.0,-1153.0,312.0,-600.0,70.0,326.0,154.0,-136.0,-308.0,-59.0
16.0,-1239.0,269.0,-582.0,48.0,175.0,106.0,-262.0,-345.0,26.0
19.0,-1345.0,254.0,-564.0,24.0,71.0,38.0,-223.0,-372.0,148.0
8.0,-1443.0,238.0,-535.0,0.0,116.0,-38.0,-240.0,-350.0,284.0
13.0,-1532.0,167.0,-520.0,-30.0,202.0,-102.0,-59.0,-305.0,416.0
1.0,-1618.0,146.0,-494.0,-56.0,311.0,-115.0,-60.0,-257.0,519.0
5.0,-1643.0,99.0,-459.0,-66.0,292.0,-91.0,-7.0,-252.0,613.0
10.0,-1508.0,22.0,-427.0,-60.0,160.0,-24.0,86.0,-289.0,684.0
13.0,-1151.0,-18.0,-394.0,-44.0,20.0,38.0,83.0,-337.0,704.0
-5.0,-567.0,-98.0,-356.0,-38.0,24.0,56.0,64.0,-344.0,683.0
-18.0,141.0,-137.0,-332.0,-50.0,244.0,40.0,-149.0,-337.0,651.0
-29.0,824.0,-192.0,-339.0,-76.0,350.0,23.0,-147.0,-364.0,590.0
-55.0,1328.0,-224.0,-337.0,-114.0,271.0,26.0,-218.0,-434.0,464.0
-70.0,1542.0,-257.0,-321.0,-146.0,212.0,17.0,-277.0,-481.0,339.0
-98.0,1486.0,-280.0,-318.0,-177.0,197.0,-21.0,-134.0,-444.0,208.0
-99.0,1305.0,-263.0,-342.0,-206.0,200.0,-93.0,-134.0,-407.0,46.0
-108.0,1149.0,-310.0,-397.0,-231.0,180.0,-151.0,-55.0,-389.0,-115.0
-131.0,1080.0,-238.0,-458.0,-249.0,125.0,-155.0,-86.0,-358.0,-242.0
-153.0,1089.0,-223.0,-476.0,-252.0,56.0,-152.0,-125.0,-299.0,-353.0
-185.0,1120.0,-215.0,-508.0,-243.0,63.0,-152.0,-206.0,-234.0,-473.0
-225.0,1117.0,-152.0,-529.0,-222.0,101.0,-135.0,-406.0,-203.0,-565.0
-259.0,1019.0,-142.0,-491.0,-195.0,49.0,-135.0,-443.0,-155.0,-615.0
-269.0,786.0,-120.0,-466.0,-168.0,24.0,-136.0,-428.0,-94.0,-642.0
-294.0,419.0,-107.0,-417.0,-138.0,35.0,-142.0,-267.0,-40.0,-665.0
-316.0,-11.0,-72.0,-358.0,-102.0,50.0,-148.0,-147.0,5.0,-631.0
-340.0,-453.0,-65.0,-314.0,-57.0,35.0,-118.0,-7.0,30.0,-580.0
-349.0,-898.0,-42.0,-277.0,-3.0,-76.0,-94.0,38.0,84.0,-554.0
-333.0,-1275.0,-12.0,-232.0,44.0,-131.0,-74.0,-53.0,161.0,-512.0
-306.0,-1555.0,-2.0,-188.0,73.0,-120.0,-89.0,-14.0,256.0,-455.0
-298.0,-1719.0,-5.0,-149.0,84.0,-195.0,-110.0,-240.0,357.0,-397.0
-301.0,-1734.0,-45.0,-96.0,78.0,-269.0,-105.0,-380.0,418.0,-377.0
-310.0,-1635.0,-70.0,-28.0,56.0,-189.0,-116.0,-423.0,472.0,-331.0
-327.0,-1482.0,-118.0,46.0,28.0,-88.0,-118.0,-330.0,529.0,-280.0
-342.0,-1290.0,-183.0,102.0,0.0,-102.0,-123.0,-88.0,535.0,-279.0
-367.0,-1056.0,-233.0,151.0,-22.0,-107.0,-116.0,-238.0,484.0,-286.0
-361.0,-855.0,-278.0,193.0,-38.0,-36.0,-99.0,-360.0,459.0,-290.0
-379.0,-708.0,-308.0,252.0,-48.0,12.0,-113.0,-596.0,469.0,-300.0
-403.0,-535.0,-349.0,321.0,-41.0,0.0,-121.0,-755.0,462.0,-359.0
-431.0,-314.0,-366.0,374.0,-20.0,-16.0,-101.0,-615.0,440.0,-402.0
-455.0,-85.0,-361.0,415.0,0.0,2.0,-78.0,-480.0,406.0,-420.0
-476.0,74.0,-344.0,429.0,12.0,14.0,-56.0,-219.0,349.0,-454.0
-501.0,102.0,-323.0,450.0,22.0,-3.0,-43.0,-212.0,273.0,-477.0
-515.0,35.0,-298.0,482.0,33.0,37.0,-24.0,-306.0,179.0,-476.0
-535.0,-63.0,-286.0,480.0,53.0,83.0,-2.0,-426.0,65.0,-454.0
-516.0,-131.0,-282.0,438.0,81.0,5.0,22.0,-482.0,-27.0,-457.0
-517.0,-22.0,-266.0,382.0,100.0,-76.0,42.0,-358.0,-107.0,-450.0
-489.0,323.0,-273.0,329.0,101.0,41.0,39.0,-317.0,-212.0,-419.0
-452.0,726.0,-215.0,265.0,87.0,213.0,31.0,-1.0,-302.0,-427.0
-402.0,960.0,-169.0,240.0,66.0,175.0,0.0,157.0,-336.0,-427.0
-310.0,943.0,-128.0,231.0,49.0,-7.0,-29.0,94.0,-343.0,-389.0
-230.0,752.0,-100.0,200.0,37.0,-39.0,-66.0,114.0,-340.0,-336.0
-158.0,570.0,-122.0,196.0,33.0,129.0,-102.0,5.0,-315.0,-277.0
-96.0,449.0,-129.0,169.0,39.0,244.0,-106.0,-68.0,-297.0,-219.0
-29.0,256.0,-115.0,129.0,52.0,229.0,-123.0,-188.0,-276.0,-111.0
23.0,-38.0,-93.0,108.0,61.0,173.0,-160.0,-214.0,-242.0,4.0
95.0,-326.0,-81.0,102.0,57.0,156.0,-164.0,-319.0,-239.0,100.0
167.0,-543.0,-40.0,104.0,42.0,118.0,-109.0,-415.0,-249.0,229.0
238.0,-675.0,-59.0,101.0,24.0,104.0,-76.0,-327.0,-245.0,351.0
291.0,-702.0,-64.0,117.0,11.0,231.0,-81.0,-280.0,-246.0,461.0
328.0,-590.0,-111.0,137.0,16.0,273.0,-85.0,97.0,-251.0,557.0
365.0,-340.0,-168.0,145.0,42.0,270.0,-102.0,260.0,-264.0,642.0
388.0,-18.0,-142.0,141.0,75.0,257.0,-141.0,194.0,-241.0,700.0
405.0,265.0,-199.0,87.0,92.0,152.0,-171.0,245.0,-175.0,728.0
383.0,437.0,-170.0,27.0,79.0,93.0,-190.0,169.0,-123.0,759.0
381.0,531.0,-149.0,-31.0,35.0,129.0,-208.0,118.0,-42.0,782.0
366.0,573.0,-196.0,-117.0,-27.0,340.0,-204.0,-27.0,39.0,810.0
339.0,565.0,-214.0,-176.0,-89.0,489.0,-186.0,-27.0,127.0,833.0
302.0,539.0,-247.0,-253.0,-127.0,312.0,-146.0,-112.0,281.0,878.0
250.0,538.0,-245.0,-318.0,-132.0,26.0,-96.0,-194.0,437.0,923.0
216.0,588.0,-255.0,-335.0,-112.0,-34.0,-56.0,-171.0,573.0,917.0
172.0,640.0,-239.0,-337.0,-89.0,102.0,-41.0,-243.0,671.0,883.0
125.0,643.0,-201.0,-297.0,-78.0,199.0,-52.0,97.0,708.0,828.0
72.0,598.0,-166.0,-259.0,-72.0,195.0,-52.0,182.0,701.0,752.0
21.0,534.0,-149.0,-249.0,-60.0,133.0,-46.0,36.0,654.0,640.0
-52.0,460.0,-100.0,-236.0,-38.0,138.0,-44.0,7.0,599.0,520.0
-117.0,352.0,-58.0,-238.0,-10.0,170.0,-25.0,-142.0,524.0,398.0
-168.0,242.0,-46.0,-249.0,7.0,221.0,-3.0,-99.0,421.0,269.0
-204.0,172.0,35.0,-235.0,9.0,217.0,18.0,-57.0,342.0,148.0
-256.0,192.0,53.0,-235.0,10.0,147.0,54.0,79.0,295.0,45.0
-315.0,335.0,106.0,-251.0,14.0,211.0,84.0,190.0,249.0,-47.0
-366.0,540.0,128.0,-292.0,22.0,259.0,113.0,66.0,167.0,-165.0
-429.0,665.0,132.0,-349.0,23.0,191.0,130.0,-73.0,60.0,-277.0
-461.0,673.0,180.0,-367.0,14.0,164.0,140.0,-179.0,1.0,-372.0
-502.0,610.0,174.0,-348.0,1.0,302.0,155.0,-219.0,-16.0,-466.0
-521.0,433.0,255.0,-290.0,-14.0,401.0,132.0,-410.0,-40.0,-559.0
-534.0,165.0,262.0,-183.0,-39.0,262.0,84.0,-485.0,-80.0,-621.0
-525.0,-41.0,275.0,-79.0,-68.0,70.0,61.0,-371.0,-122.0,-638.0
-506.0,-131.0,288.0,-29.0,-97.0,35.0,60.0,-206.0,-99.0,-668.0
-496.0,-183.0,218.0,38.0,-125.0,143.0,89.0,62.0,-36.0,-696.0
-497.0,-225.0,213.0,122.0,-155.0,196.0,120.0,90.0,-1.0,-695.0
-511.0,-247.0,151.0,182.0,-183.0,223.0,97.0,22.0,20.0,-703.0
-503.0,-307.0,121.0,208.0,-194.0,267.0,45.0,-136.0,39.0,-740.0
-504.0,-407.0,146.0,227.0,-179.0,306.0,-1.0,-225.0,38.0,-771.0
-466.0,-523.0,127.0,272.0,-154.0,321.0,9.0,-131.0,32.0,-795.0
-433.0,-676.0,134.0,249.0,-129.0,243.0,38.0,-186.0,34.0,-843.0
-380.0,-869.0,125.0,192.0,-108.0,213.0,42.0,-145.0,-6.0,-902.0
-317.0,-1028.0,89.0,161.0,-86.0,186.0,62.0,-145.0,-86.0,-942.0
-278.0,-1079.0,108.0,141.0,-64.0,128.0,49.0,-86.0,-183.0,-972.0
-228.0,-1002.0,113.0,152.0,-51.0,187.0,-2.0,-55.0,-302.0,-1014.0
-188.0,-818.0,105.0,169.0,-45.0,241.0,-17.0,-306.0,-390.0,-1026.0
-163.0,-614.0,117.0,148.0,-47.0,183.0,5.0,-478.0,-444.0,-1014.0
-163.0,-423.0,102.0,108.0,-51.0,149.0,6.0,-465.0,-501.0,-1010.0
-138.0,-268.0,81.0,89.0,-51.0,204.0,12.0,-133.0,-569.0,-1021.0
-118.0,-202.0,57.0,75.0,-42.0,297.0,5.0,88.0,-628.0,-1014.0
-107.0,-180.0,54.0,97.0,-29.0,319.0,-28.0,112.0,-680.0,-988.0
-92.0,-137.0,52.0,142.0,-26.0,246.0,-47.0,149.0,-727.0,-996.0
-66.0,-66.0,50.0,193.0,-22.0,196.0,-56.0,60.0,-776.0,-994.0
-41.0,2.0,54.0,228.0,-18.0,127.0,-12.0,14.0,-829.0,-966.0
-3.0,75.0,49.0,242.0,-12.0,95.0,14.0,-166.0,-854.0,-952.0
23.0,161.0,42.0,283.0,4.0,185.0,24.0,-271.0,-850.0,-960.0
10.0,212.0,-2.0,314.0,28.0,254.0,65.0,-264.0,-815.0,-942.0
1.0,191.0,-15.0,366.0,51.0,235.0,99.0,-166.0,-760.0,-888.0
0.0,93.0,-37.0,424.0,67.0,213.0,148.0,66.0,-725.0,-837.0
23.0,-41.0,-90.0,460.0,78.0,250.0,189.0,64.0,-691.0,-791.0
27.0,-177.0,-89.0,463.0,79.0,211.0,211.0,190.0,-615.0,-726.0
-2.0,-285.0,-109.0,429.0,62.0,70.0,183.0,206.0,-501.0,-647.0
-13.0,-325.0,-144.0,385.0,24.0,-9.0,146.0,48.0,-371.0,-608.0
-1.0,-267.0,-168.0,297.0,-16.0,37.0,152.0,-75.0,-262.0,-571.0
-10.0,-96.0,-181.0,208.0,-40.0,64.0,162.0,-288.0,-170.0,-524.0
-19.0,188.0,-201.0,148.0,-39.0,8.0,149.0,-201.0,-60.0,-507.0
-16.0,493.0,-222.0,95.0,-17.0,7.0,130.0,-223.0,44.0,-479.0
3.0,649.0,-223.0,48.0,15.0,70.0,102.0,-271.0,141.0,-412.0
50.0,652.0,-232.0,-21.0,53.0,93.0,73.0,-218.0,228.0,-322.0
72.0,611.0,-266.0,-90.0,87.0,-4.0,83.0,-206.0,297.0,-227.0
81.0,550.0,-287.0,-115.0,113.0,-55.0,97.0,-60.0,366.0,-119.0
90.0,427.0,-325.0,-132.0,117.0,-60.0,108.0,-125.0,433.0,13.0
110.0,215.0,-380.0,-132.0,104.0,-118.0,125.0,-142.0,460.0,145.0
127.0,-18.0,-377.0,-129.0,95.0,-116.0,154.0,-219.0,451.0,243.0
147.0,-145.0,-398.0,-155.0,92.0,-71.0,192.0,-249.0,443.0,347.0
174.0,-154.0,-394.0,-163.0,97.0,-97.0,213.0,-138.0,445.0,460.0
197.0,-205.0,-384.0,-174.0,113.0,-254.0,227.0,-120.0,443.0,562.0
196.0,-382.0,-380.0,-183.0,143.0,-288.0,211.0,112.0,415.0,669.0
190.0,-621.0,-332.0,-185.0,187.0,-118.0,174.0,149.0,362.0,778.0
200.0,-880.0,-289.0,-205.0,234.0,-29.0,162.0,214.0,275.0,894.0
176.0,-1134.0,-205.0,-221.0,268.0,-145.0,166.0,238.0,199.0,995.0
158.0,-1297.0,-138.0,-238.0,286.0,-208.0,185.0,79.0,144.0,1079.0
150.0,-1291.0,-88.0,-265.0,292.0,-145.0,207.0,60.0,93.0,1170.0
143.0,-1170.0,6.0,-287.0,287.0,-171.0,205.0,-60.0,43.0,1245.0
127.0,-986.0,81.0,-273.0,274.0,-244.0,203.0,-33.0,-1.0,1298.0
80.0,-725.0,106.0,-245.0,251.0,-258.0,195.0,-70.0,-28.0,1365.0
36.0,-397.0,179.0,-216.0,213.0,-118.0,207.0,62.0,-29.0,1422.0
-18.0,-19.0,208.0,-161.0,158.0,0.0,250.0,325.0,-39.0,1455.0
-69.0,413.0,210.0,-151.0,79.0,-39.0,286.0,254.0,-97.0,1461.0
-109.0,848.0,243.0,-175.0,-9.0,-121.0,319.0,166.0,-178.0,1444.0
-158.0,1171.0,219.0,-180.0,-83.0,-152.0,325.0,-131.0,-265.0,1405.0
-187.0,1352.0,228.0,-186.0,-143.0,-22.0,311.0,-260.0,-316.0,1344.0
-222.0,1396.0,196.0,-193.0,-187.0,169.0,319.0,-103.0,-339.0,1287.0
-245.0,1329.0,190.0,-189.0,-220.0,258.0,331.0,212.0,-377.0,1238.0
-264.0,1197.0,186.0,-188.0,-240.0,183.0,302.0,452.0,-398.0,1193.0
-285.0,1027.0,132.0,-214.0,-242.0,118.0,281.0,428.0,-423.0,1158.0
-265.0,879.0,101.0,-204.0,-236.0,267.0,285.0,461.0,-440.0,1141.0
-268.0,766.0,10.0,-144.0,-228.0,409.0,277.0,97.0,-436.0,1128.0
-247.0,637.0,-22.0,-96.0,-226.0,340.0,317.0,-160.0,-451.0,1125.0
-202.0,429.0,-73.0,-55.0,-234.0,285.0,339.0,-36.0,-482.0,1101.0
-162.0,170.0,-143.0,-36.0,-248.0,275.0,319.0,-35.0,-499.0,1044.0
-116.0,-99.0,-124.0,-24.0,-263.0,133.0,305.0,160.0,-500.0,971.0
-69.0,-365.0,-134.0,-2.0,-265.0,10.0,250.0,338.0,-515.0,860.0
-26.0,-594.0,-152.0,27.0,-246.0,34.0,174.0,177.0,-536.0,746.0
-11.0,-843.0,-114.0,100.0,-215.0,114.0,104.0,-18.0,-549.0,625.0
11.0,-1148.0,-75.0,180.0,-173.0,111.0,38.0,-59.0,-532.0,488.0
17.0,-1440.0,-56.0,242.0,-124.0,103.0,-26.0,-123.0,-487.0,367.0
29.0,-1635.0,11.0,278.0,-78.0,160.0,-88.0,-195.0,-443.0,270.0
39.0,-1686.0,89.0,291.0,-37.0,239.0,-118.0,-162.0,-400.0,205.0
39.0,-1551.0,164.0,289.0,-10.0,262.0,-85.0,-181.0,-362.0,129.0
48.0,-1197.0,235.0,264.0,0.0,188.0,-49.0,-101.0,-341.0,93.0
50.0,-631.0,284.0,270.0,-2.0,196.0,-24.0,75.0,-321.0,92.0
65.0,69.0,317.0,316.0,-5.0,235.0,-2.0,157.0,-310.0,74.0
74.0,678.0,304.0,369.0,-2.0,137.0,5.0,269.0,-312.0,65.0
94.0,1008.0,290.0,411.0,4.0,64.0,31.0,251.0,-288.0,47.0
103.0,1103.0,268.0,424.0,7.0,233.0,15.0,245.0,-244.0,13.0
103.0,1079.0,242.0,411.0,4.0,335.0,0.0,284.0,-187.0,-56.0
113.0,1010.0,219.0,404.0,-6.0,202.0,-17.0,101.0,-128.0,-135.0
104.0,1000.0,173.0,411.0,-28.0,150.0,-54.0,-49.0,-71.0,-217.0
107.0,1038.0,139.0,397.0,-59.0,221.0,-61.0,-40.0,2.0,-314.0
115.0,998.0,86.0,372.0,-94.0,202.0,-85.0,199.0,71.0,-412.0
130.0,856.0,39.0,359.0,-121.0,112.0,-70.0,192.0,108.0,-511.0
177.0,640.0,4.0,362.0,-134.0,141.0,-61.0,55.0,121.0,-602.0
197.0,355.0,-12.0,383.0,-141.0,148.0,-51.0,155.0,145.0,-723.0
220.0,59.0,-26.0,403.0,-150.0,73.0,-18.0,162.0,206.0,-825.0
235.0,-229.0,-68.0,412.0,-159.0,44.0,-9.0,142.0,308.0,-933.0
260.0,-580.0,-38.0,404.0,-163.0,67.0,35.0,142.0,419.0,-1070.0
292.0,-835.0,-89.0,364.0,-156.0,41.0,60.0,389.0,506.0,-1174.0
268.0,-803.0,-110.0,303.0,-141.0,-122.0,56.0,441.0,580.0,-1260.0
286.0,-504.0,-106.0,245.0,-121.0,-231.0,65.0,219.0,621.0,-1320.0
287.0,-32.0,-225.0,207.0,-100.0,-155.0,71.0,-24.0,638.0,-1369.0
271.0,362.0,-221.0,166.0,-75.0,8.0,99.0,-114.0,658.0,-1385.0
247.0,533.0,-298.0,114.0,-42.0,10.0,121.0,125.0,656.0,-1370.0
204.0,535.0,-361.0,55.0,-8.0,-105.0,148.0,-38.0,643.0,-1350.0
216.0,346.0,-353.0,-11.0,16.0,-112.0,164.0,-96.0,609.0,-1320.0
214.0,55.0,-443.0,-55.0,12.0,-74.0,151.0,-84.0,571.0,-1284.0
204.0,-83.0,-473.0,-57.0,-18.0,-35.0,133.0,-181.0,535.0,-1242.0
181.0,-128.0,-546.0,-63.0,-54.0,11.0,109.0,36.0,477.0,-1210.0
157.0,-141.0,-569.0,-66.0,-67.0,66.0,98.0,-92.0,438.0,-1181.0
139.0,53.0,-568.0,-42.0,-50.0,-56.0,93.0,-186.0,378.0,-1154.0
101.0,251.0,-597.0,-13.0,-18.0,-233.0,119.0,-38.0,312.0,-1127.0
60.0,287.0,-575.0,21.0,19.0,-206.0,142.0,101.0,265.0,-1085.0
32.0,325.0,-587.0,25.0,57.0,-200.0,137.0,277.0,215.0,-1031.0
26.0,282.0,-577.0,-12.0,96.0,-242.0,160.0,304.0,166.0,-972.0
23.0,163.0,-561.0,-58.0,135.0,-229.0,171.0,306.0,97.0,-894.0
29.0,270.0,-509.0,-105.0,172.0,-236.0,169.0,86.0,35.0,-798.0
2.0,478.0,-451.0,-154.0,207.0,-258.0,153.0,-48.0,-10.0,-712.0
-23.0,522.0,-399.0,-189.0,242.0,-242.0,115.0,53.0,-21.0,-620.0
-38.0,445.0,-290.0,-194.0,276.0,-251.0,117.0,-5.0,-26.0,-523.0
-41.0,198.0,-236.0,-191.0,310.0,-273.0,129.0,-123.0,-66.0,-427.0
-42.0,-83.0,-192.0,-173.0,336.0,-292.0,171.0,-273.0,-86.0,-321.0
-39.0,-27.0,-139.0,-140.0,344.0,-290.0,243.0,-66.0,-103.0,-231.0
-13.0,332.0,-144.0,-119.0,331.0,-179.0,276.0,60.0,-115.0,-142.0
-13.0,719.0,-126.0,-75.0,290.0,-90.0,302.0,-66.0,-104.0,-53.0
9.0,981.0,-109.0,-18.0,233.0,-50.0,299.0,-1.0,-113.0,1.0
8.0,839.0,-115.0,-1.0,179.0,-89.0,308.0,18.0,-118.0,65.0
18.0,149.0,-83.0,-17.0,138.0,-163.0,356.0,249.0,-93.0,140.0
57.0,-696.0,-54.0,-17.0,119.0,-156.0,372.0,341.0,-61.0,198.0
78.0,-1284.0,-48.0,-13.0,116.0,-124.0,388.0,480.0,-57.0,257.0
107.0,-1472.0,-46.0,-16.0,123.0,-27.0,390.0,702.0,-62.0,333.0
120.0,-1154.0,-20.0,-1.0,140.0,-45.0,386.0,561.0,-67.0,413.0
163.0,-387.0,6.0,9.0,153.0,-225.0,400.0,423.0,-73.0,488.0
174.0,427.0,48.0,11.0,166.0,-283.0,390.0,166.0,-76.0,553.0
169.0,947.0,86.0,13.0,178.0,-144.0,391.0,-77.0,-75.0,597.0
163.0,1114.0,83.0,13.0,174.0,-116.0,368.0,-356.0,-48.0,614.0
158.0,917.0,62.0,0.0,159.0,-267.0,334.0,-493.0,-4.0,592.0
188.0,504.0,27.0,-23.0,139.0,-250.0,318.0,-327.0,43.0,565.0
165.0,115.0,28.0,-43.0,129.0,-139.0,286.0,-105.0,80.0,546.0
149.0,-221.0,2.0,-68.0,124.0,-236.0,270.0,168.0,98.0,524.0
154.0,-482.0,-36.0,-69.0,104.0,-490.0,241.0,341.0,123.0,511.0
145.0,-599.0,-47.0,-56.0,68.0,-525.0,211.0,620.0,140.0,524.0
134.0,-681.0,-77.0,-69.0,20.0,-367.0,239.0,692.0,159.0,557.0
112.0,-808.0,-139.0,-72.0,-20.0,-339.0,267.0,737.0,178.0,583.0
96.0,-864.0,-157.0,-37.0,-36.0,-374.0,277.0,861.0,173.0,621.0
79.0,-781.0,-160.0,-14.0,-32.0,-356.0,266.0,572.0,147.0,673.0
52.0,-601.0,-183.0,-40.0,-24.0,-233.0,258.0,291.0,126.0,718.0
44.0,-339.0,-159.0,-77.0,-32.0,-201.0,269.0,9.0,130.0,736.0
45.0,-86.0,-154.0,-108.0,-59.0,-396.0,240.0,-157.0,154.0,756.0
35.0,-21.0,-105.0,-141.0,-91.0,-522.0,249.0,-125.0,181.0,793.0
5.0,-64.0,-92.0,-179.0,-122.0,-466.0,300.0,-99.0,200.0,829.0
-25.0,-46.0,-83.0,-245.0,-153.0,-399.0,300.0,36.0,217.0,860.0
-69.0,-33.0,-42.0,-253.0,-181.0,-317.0,267.0,157.0,216.0,898.0
-114.0,-63.0,-45.0,-221.0,-194.0,-290.0,175.0,338.0,221.0,940.0
-139.0,-156.0,-18.0,-194.0,-195.0,-383.0,77.0,362.0,214.0,961.0
-172.0,-440.0,14.0,-155.0,-195.0,-384.0,45.0,293.0,198.0,984.0
-183.0,-792.0,59.0,-112.0,-202.0,-330.0,53.0,315.0,227.0,1010.0
-199.0,-986.0,73.0,-45.0,-211.0,-337.0,91.0,254.0,288.0,1033.0
-185.0,-963.0,84.0,0.0,-216.0,-365.0,118.0,465.0,383.0,1049.0
-190.0,-669.0,73.0,55.0,-217.0,-248.0,130.0,596.0,471.0,1057.0
-209.0,-273.0,94.0,114.0,-203.0,-63.0,130.0,526.0,514.0,1059.0
-215.0,-52.0,112.0,146.0,-167.0,-183.0,146.0,417.0,506.0,1040.0
-240.0,-48.0,86.0,203.0,-105.0,-437.0,186.0,140.0,470.0,1014.0
-220.0,-142.0,111.0,259.0,-34.0,-477.0,220.0,62.0,442.0,1004.0
-241.0,-295.0,101.0,320.0,24.0,-316.0,263.0,-51.0,398.0,982.0
-251.0,-467.0,85.0,398.0,59.0,-212.0,297.0,-142.0,373.0,931.0
-236.0,-471.0,83.0,460.0,60.0,-271.0,310.0,-262.0,358.0,860.0
-193.0,-286.0,86.0,494.0,30.0,-298.0,276.0,-315.0,322.0,778.0
-158.0,-34.0,69.0,513.0,-21.0,-197.0,220.0,-44.0,278.0,690.0
-149.0,111.0,79.0,519.0,-65.0,-127.0,187.0,59.0,251.0,563.0
-107.0,25.0,110.0,524.0,-84.0,-274.0,140.0,240.0,246.0,457.0
-94.0,-261.0,107.0,519.0,-82.0,-341.0,86.0,301.0,217.0,371.0
-36.0,-663.0,130.0,501.0,-72.0,-208.0,70.0,295.0,181.0,267.0
-17.0,-1060.0,125.0,488.0,-68.0,-162.0,101.0,454.0,128.0,184.0
10.0,-1380.0,129.0,478.0,-66.0,-235.0,137.0,463.0,72.0,98.0
53.0,-1634.0,145.0,477.0,-63.0,-265.0,137.0,428.0,23.0,2.0
80.0,-1793.0,149.0,452.0,-64.0,-194.0,115.0,321.0,-37.0,-126.0
125.0,-1697.0,154.0,380.0,-70.0,-240.0,106.0,238.0,-73.0,-258.0
140.0,-1312.0,146.0,329.0,-92.0,-302.0,95.0,72.0,-109.0,-372.0
213.0,-732.0,178.0,309.0,-133.0,-268.0,88.0,123.0,-163.0,-497.0
293.0,-9.0,179.0,265.0,-172.0,-291.0,112.0,205.0,-207.0,-640.0
364.0,645.0,203.0,230.0,-180.0,-260.0,160.0,35.0,-256.0,-755.0
396.0,1077.0,270.0,216.0,-153.0,-161.0,219.0,147.0,-316.0,-834.0
452.0,1379.0,270.0,218.0,-102.0,-146.0,227.0,125.0,-333.0,-927.0
505.0,1575.0,292.0,214.0,-45.0,-237.0,205.0,114.0,-289.0,-990.0
494.0,1600.0,315.0,190.0,6.0,-282.0,158.0,186.0,-231.0,-1013.0
475.0,1522.0,329.0,170.0,37.0,-250.0,86.0,192.0,-170.0,-1034.0
425.0,1363.0,328.0,155.0,40.0,-269.0,28.0,303.0,-93.0,-1059.0
411.0,1089.0,348.0,173.0,21.0,-269.0,-17.0,256.0,-6.0,-1074.0
369.0,768.0,395.0,183.0,-18.0,-206.0,9.0,384.0,73.0,-1106.0
291.0,503.0,383.0,165.0,-72.0,-146.0,81.0,413.0,137.0,-1177.0
224.0,411.0,387.0,150.0,-122.0,-220.0,144.0,304.0,204.0,-1279.0
177.0,496.0,368.0,136.0,-156.0,-380.0,192.0,114.0,276.0,-1351.0
119.0,582.0,358.0,134.0,-166.0,-433.0,250.0,-243.0,338.0,-1405.0
51.0,559.0,320.0,148.0,-150.0,-439.0,278.0,-271.0,378.0,-1467.0
-13.0,473.0,289.0,159.0,-107.0,-450.0,257.0,-301.0,394.0,-1455.0
-89.0,310.0,263.0,189.0,-39.0,-483.0,240.0,-162.0,378.0,-1399.0
-144.0,82.0,205.0,238.0,39.0,-439.0,217.0,-55.0,357.0,-1337.0
-224.0,28.0,155.0,257.0,105.0,-338.0,229.0,-90.0,376.0,-1266.0
-271.0,220.0,85.0,261.0,146.0,-384.0,273.0,121.0,403.0,-1175.0
-293.0,427.0,57.0,252.0,156.0,-475.0,310.0,68.0,404.0,-1060.0
-305.0,510.0,-7.0,218.0,141.0,-563.0,333.0,181.0,383.0,-962.0
-305.0,470.0,-58.0,204.0,125.0,-590.0,336.0,299.0,360.0,-856.0
-333.0,331.0,-119.0,185.0,122.0,-553.0,321.0,182.0,343.0,-725.0
-328.0,155.0,-170.0,134.0,140.0,-488.0,302.0,218.0,325.0,-582.0
-361.0,10.0,-191.0,86.0,166.0,-404.0,303.0,59.0,294.0,-468.0
-384.0,-66.0,-234.0,54.0,179.0,-486.0,297.0,-116.0,268.0,-358.0
-384.0,-47.0,-234.0,23.0,178.0,-546.0,290.0,-201.0,239.0,-240.0
-417.0,-11.0,-261.0,-6.0,172.0,-452.0,291.0,-90.0,206.0,-165.0
-405.0,-67.0,-239.0,-27.0,165.0,-422.0,312.0,79.0,177.0,-110.0
-401.0,-192.0,-202.0,-79.0,147.0,-463.0,342.0,97.0,122.0,-54.0
-375.0,-368.0,-180.0,-141.0,120.0,-489.0,348.0,140.0,91.0,4.0
-347.0,-602.0,-116.0,-214.0,102.0,-494.0,360.0,38.0,82.0,61.0
-333.0,-751.0,-95.0,-310.0,108.0,-488.0,347.0,-3.0,67.0,134.0
-304.0,-652.0,-53.0,-366.0,134.0,-527.0,332.0,-3.0,61.0,229.0
-304.0,-357.0,22.0,-398.0,169.0,-540.0,349.0,60.0,60.0,329.0
-272.0,-16.0,56.0,-379.0,204.0,-463.0,350.0,94.0,61.0,446.0
-237.0,250.0,133.0,-311.0,220.0,-469.0,348.0,-12.0,70.0,598.0
-196.0,290.0,166.0,-249.0,195.0,-517.0,344.0,105.0,93.0,787.0
-134.0,57.0,175.0,-183.0,122.0,-557.0,356.0,123.0,123.0,976.0
-75.0,-231.0,221.0,-107.0,30.0,-645.0,388.0,79.0,177.0,1147.0
0.0,-370.0,206.0,-15.0,-52.0,-653.0,425.0,-59.0,253.0,1304.0
52.0,-325.0,251.0,64.0,-120.0,-616.0,459.0,-181.0,316.0,1433.0
116.0,-124.0,278.0,114.0,-172.0,-616.0,487.0,-83.0,357.0,1500.0
160.0,132.0,273.0,135.0,-202.0,-717.0,489.0,-86.0,402.0,1508.0
196.0,316.0,258.0,146.0,-199.0,-823.0,467.0,92.0,423.0,1495.0
243.0,386.0,217.0,183.0,-170.0,-755.0,443.0,133.0,388.0,1460.0
259.0,412.0,197.0,210.0,-136.0,-689.0,403.0,99.0,326.0,1380.0
280.0,522.0,140.0,234.0,-120.0,-759.0,386.0,162.0,257.0,1293.0
299.0,752.0,120.0,273.0,-120.0,-858.0,404.0,72.0,183.0,1219.0
305.0,979.0,91.0,292.0,-125.0,-851.0,415.0,199.0,100.0,1135.0
300.0,1069.0,70.0,307.0,-124.0,-784.0,411.0,218.0,23.0,1070.0
284.0,974.0,56.0,312.0,-105.0,-799.0,403.0,188.0,-35.0,1048.0
248.0,682.0,24.0,288.0,-74.0,-847.0,421.0,166.0,-118.0,1049.0
209.0,219.0,36.0,241.0,-49.0,-785.0,438.0,0.0,-225.0,1041.0
182.0,-244.0,0.0,206.0,-41.0,-676.0,400.0,9.0,-340.0,1014.0
158.0,-460.0,11.0,170.0,-38.0,-671.0,377.0,12.0,-450.0,998.0
147.0,-442.0,28.0,126.0,-35.0,-722.0,362.0,81.0,-538.0,984.0
172.0,-366.0,31.0,102.0,-23.0,-800.0,320.0,88.0,-606.0,931.0
194.0,-277.0,74.0,71.0,-2.0,-806.0,316.0,149.0,-655.0,880.0
181.0,-220.0,89.0,63.0,16.0,-742.0,304.0,266.0,-694.0,849.0
230.0,-227.0,125.0,93.0,42.0,-744.0,303.0,247.0,-712.0,808.0
262.0,-280.0,108.0,131.0,81.0,-732.0,337.0,358.0,-698.0,756.0
265.0,-403.0,135.0,189.0,142.0,-713.0,344.0,330.0,-667.0,720.0
292.0,-537.0,168.0,250.0,215.0,-642.0,325.0,463.0,-626.0,713.0
315.0,-572.0,141.0,303.0,280.0,-555.0,290.0,532.0,-574.0,673.0
360.0,-524.0,174.0,352.0,320.0,-557.0,246.0,369.0,-505.0,633.0
369.0,-459.0,180.0,363.0,333.0,-570.0,216.0,352.0,-461.0,602.0
401.0,-358.0,217.0,341.0,322.0,-565.0,204.0,190.0,-434.0,543.0
435.0,-218.0,261.0,309.0,278.0,-553.0,221.0,225.0,-366.0,465.0
434.0,-58.0,272.0,283.0,210.0,-591.0,262.0,288.0,-278.0,389.0
412.0,91.0,332.0,247.0,141.0,-596.0,304.0,166.0,-215.0,351.0
407.0,156.0,353.0,201.0,96.0,-549.0,353.0,118.0,-165.0,284.0
425.0,124.0,335.0,174.0,76.0,-476.0,361.0,94.0,-121.0,218.0
406.0,85.0,344.0,138.0,71.0,-404.0,381.0,70.0,-68.0,201.0
407.0,135.0,320.0,90.0,73.0,-411.0,412.0,-70.0,-30.0,172.0
401.0,216.0,314.0,6.0,74.0,-400.0,364.0,-5.0,-6.0,130.0
430.0,149.0,313.0,-88.0,70.0,-348.0,299.0,158.0,57.0,106.0
470.0,-132.0,307.0,-172.0,61.0,-300.0,224.0,295.0,152.0,99.0
468.0,-445.0,298.0,-263.0,41.0,-250.0,185.0,487.0,271.0,65.0
476.0,-560.0,264.0,-332.0,16.0,-147.0,188.0,500.0,384.0,35.0
502.0,-396.0,259.0,-386.0,-1.0,-97.0,211.0,526.0,482.0,44.0
521.0,-23.0,225.0,-418.0,-14.0,-113.0,226.0,491.0,563.0,41.0
523.0,387.0,217.0,-418.0,-34.0,-43.0,205.0,485.0,607.0,36.0
578.0,690.0,154.0,-411.0,-66.0,33.0,186.0,519.0,643.0,55.0
627.0,745.0,141.0,-382.0,-96.0,0.0,165.0,508.0,640.0,101.0
652.0,496.0,144.0,-339.0,-101.0,-47.0,164.0,539.0,581.0,151.0
666.0,59.0,69.0,-277.0,-72.0,-11.0,146.0,369.0,484.0,191.0
659.0,-375.0,114.0,-173.0,-12.0,-31.0,138.0,334.0,380.0,247.0
665.0,-659.0,75.0,-31.0,69.0,-71.0,144.0,404.0,291.0,276.0
646.0,-749.0,96.0,102.0,162.0,-35.0,171.0,410.0,223.0,261.0
622.0,-651.0,130.0,230.0,240.0,23.0,174.0,352.0,161.0,242.0
588.0,-410.0,106.0,368.0,291.0,68.0,132.0,208.0,65.0,207.0
572.0,-34.0,169.0,461.0,323.0,29.0,118.0,282.0,-46.0,155.0
558.0,448.0,160.0,547.0,341.0,28.0,87.0,203.0,-121.0,108.0
520.0,917.0,174.0,625.0,338.0,77.0,85.0,229.0,-142.0,70.0
467.0,1245.0,154.0,677.0,307.0,33.0,77.0,408.0,-133.0,40.0
382.0,1309.0,148.0,736.0,254.0,-86.0,68.0,412.0,-106.0,-1.0
305.0,1080.0,136.0,788.0,200.0,-69.0,72.0,533.0,-59.0,-53.0
209.0,760.0,94.0,813.0,152.0,78.0,35.0,448.0,13.0,-68.0
121.0,606.0,119.0,790.0,119.0,71.0,26.0,303.0,103.0,-84.0
42.0,617.0,121.0,737.0,119.0,-13.0,40.0,208.0,201.0,-107.0
-24.0,601.0,126.0,650.0,143.0,-60.0,55.0,136.0,299.0,-64.0
-62.0,437.0,119.0,553.0,160.0,-77.0,65.0,158.0,390.0,-9.0
-98.0,177.0,150.0,463.0,130.0,-145.0,48.0,107.0,492.0,31.0
-116.0,-78.0,126.0,379.0,41.0,-218.0,10.0,125.0,559.0,89.0
-129.0,-279.0,129.0,297.0,-74.0,-166.0,-35.0,36.0,575.0,172.0
-137.0,-376.0,161.0,214.0,-175.0,-148.0,-49.0,57.0,578.0,259.0
-147.0,-360.0,128.0,141.0,-225.0,-171.0,-45.0,138.0,604.0,318.0
-176.0,-271.0,124.0,73.0,-235.0,-184.0,-42.0,53.0,650.0,401.0
-193.0,-136.0,82.0,34.0,-243.0,-167.0,-31.0,55.0,638.0,487.0
-199.0,36.0,57.0,-14.0,-266.0,-140.0,-32.0,-35.0,583.0,528.0
-200.0,199.0,28.0,-79.0,-301.0,-161.0,-46.0,-77.0,507.0,539.0
-180.0,260.0,31.0,-118.0,-313.0,-162.0,-79.0,-72.0,429.0,549.0
-145.0,141.0,19.0,-139.0,-286.0,-166.0,-68.0,-83.0,319.0,553.0
-100.0,-124.0,14.0,-160.0,-242.0,-188.0,0.0,20.0,152.0,515.0
-77.0,-377.0,43.0,-151.0,-206.0,-173.0,51.0,173.0,-2.0,486.0
-76.0,-530.0,16.0,-131.0,-191.0,-129.0,60.0,273.0,-141.0,468.0
-67.0,-639.0,43.0,-100.0,-187.0,-148.0,37.0,260.0,-253.0,429.0
-53.0,-780.0,59.0,-29.0,-175.0,-159.0,18.0,386.0,-334.0,362.0
-38.0,-922.0,52.0,11.0,-156.0,-116.0,16.0,412.0,-395.0,299.0
-24.0,-1032.0,52.0,26.0,-131.0,-105.0,67.0,384.0,-424.0,243.0
-3.0,-1075.0,58.0,57.0,-111.0,-110.0,137.0,424.0,-413.0,171.0
-3.0,-934.0,52.0,100.0,-112.0,-118.0,141.0,315.0,-410.0,116.0
-16.0,-572.0,23.0,129.0,-123.0,-93.0,139.0,380.0,-412.0,80.0
-38.0,-42.0,30.0,152.0,-112.0,-71.0,154.0,297.0,-374.0,82.0
-87.0,585.0,22.0,169.0,-48.0,-117.0,151.0,245.0,-307.0,100.0
-117.0,1204.0,15.0,164.0,66.0,-117.0,141.0,391.0,-213.0,131.0
-106.0,1716.0,10.0,114.0,199.0,-101.0,138.0,323.0,-130.0,207.0
-86.0,2031.0,-14.0,48.0,313.0,-152.0,131.0,345.0,-30.0,275.0
-43.0,2088.0,6.0,39.0,392.0,-169.0,100.0,280.0,100.0,332.0
-5.0,1906.0,-4.0,33.0,440.0,-167.0,38.0,277.0,235.0,398.0
10.0,1553.0,-7.0,3.0,460.0,-147.0,-32.0,319.0,380.0,460.0
20.0,1173.0,17.0,-33.0,451.0,-139.0,-98.0,266.0,475.0,499.0
22.0,863.0,25.0,-75.0,427.0,-115.0,-127.0,291.0,513.0,511.0
14.0,621.0,43.0,-114.0,396.0,28.0,-123.0,240.0,496.0,541.0
-13.0,419.0,60.0,-121.0,360.0,142.0,-140.0,410.0,433.0,561.0
-16.0,194.0,101.0,-75.0,310.0,144.0,-165.0,511.0,357.0,557.0
0.0,-87.0,78.0,-21.0,244.0,98.0,-200.0,545.0,266.0,594.0
45.0,-424.0,103.0,55.0,168.0,118.0,-230.0,570.0,157.0,647.0
87.0,-762.0,97.0,127.0,82.0,117.0,-220.0,408.0,38.0,680.0
120.0,-995.0,73.0,193.0,-8.0,47.0,-191.0,397.0,-53.0,677.0
153.0,-1083.0,96.0,289.0,-83.0,60.0,-142.0,373.0,-119.0,669.0
156.0,-1079.0,47.0,408.0,-114.0,99.0,-128.0,458.0,-192.0,649.0
168.0,-1046.0,103.0,525.0,-88.0,135.0,-146.0,515.0,-277.0,560.0
175.0,-956.0,84.0,595.0,-20.0,143.0,-168.0,498.0,-378.0,456.0
212.0,-742.0,49.0,658.0,46.0,105.0,-205.0,454.0,-492.0,374.0
227.0,-393.0,97.0,713.0,73.0,73.0,-235.0,275.0,-585.0,254.0
237.0,3.0,43.0,732.0,48.0,44.0,-253.0,317.0,-651.0,107.0
245.0,244.0,76.0,692.0,-1.0,4.0,-258.0,273.0,-696.0,28.0
255.0,192.0,80.0,617.0,-39.0,52.0,-255.0,363.0,-743.0,-22.0
268.0,-35.0,66.0,526.0,-48.0,204.0,-225.0,445.0,-800.0,-72.0
204.0,-233.0,186.0,387.0,-32.0,239.0,-199.0,254.0,-828.0,-86.0
187.0,-326.0,182.0,236.0,-6.0,202.0,-186.0,218.0,-824.0,-59.0
181.0,-315.0,249.0,107.0,17.0,239.0,-174.0,90.0,-795.0,2.0
160.0,-205.0,340.0,10.0,18.0,242.0,-187.0,97.0,-762.0,30.0
126.0,-75.0,290.0,-55.0,-10.0,189.0,-186.0,31.0,-725.0,76.0
125.0,-25.0,351.0,-67.0,-68.0,214.0,-185.0,-99.0,-678.0,155.0
155.0,-70.0,337.0,-59.0,-146.0,343.0,-178.0,-86.0,-624.0,201.0
171.0,-119.0,317.0,-58.0,-216.0,408.0,-178.0,-110.0,-531.0,231.0
194.0,-62.0,330.0,-58.0,-247.0,386.0,-190.0,33.0,-431.0,273.0
162.0,84.0,254.0,-96.0,-230.0,399.0,-170.0,51.0,-334.0,309.0
159.0,211.0,256.0,-141.0,-193.0,419.0,-164.0,212.0,-219.0,282.0
152.0,223.0,241.0,-176.0,-170.0,411.0,-159.0,264.0,-84.0,241.0
137.0,152.0,191.0,-212.0,-165.0,417.0,-158.0,84.0,55.0,208.0
119.0,108.0,181.0,-265.0,-156.0,399.0,-164.0,120.0,166.0,142.0
128.0,109.0,141.0,-326.0,-123.0,302.0,-160.0,-29.0,271.0,28.0
144.0,92.0,70.0,-346.0,-77.0,291.0,-146.0,-14.0,367.0,-65.0
111.0,48.0,8.0,-345.0,-35.0,452.0,-123.0,-35.0,469.0,-129.0
101.0,37.0,-48.0,-355.0,-3.0,628.0,-139.0,-121.0,564.0,-218.0
86.0,99.0,-58.0,-348.0,14.0,615.0,-163.0,-20.0,613.0,-273.0
81.0,271.0,-101.0,-332.0,8.0,509.0,-184.0,-125.0,658.0,-281.0
31.0,515.0,-124.0,-312.0,-7.0,422.0,-183.0,-105.0,692.0,-254.0
5.0,720.0,-135.0,-282.0,-10.0,396.0,-176.0,-94.0,716.0,-216.0
25.0,821.0,-173.0,-250.0,1.0,383.0,-191.0,-49.0,738.0,-152.0
34.0,806.0,-167.0,-211.0,23.0,334.0,-203.0,-1.0,757.0,-52.0
40.0,687.0,-196.0,-220.0,56.0,402.0,-210.0,-49.0,786.0,16.0
16.0,459.0,-165.0,-262.0,102.0,405.0,-182.0,9.0,833.0,67.0
20.0,164.0,-184.0,-283.0,146.0,442.0,-141.0,-144.0,911.0,135.0
35.0,-103.0,-174.0,-320.0,174.0,448.0,-86.0,-177.0,959.0,205.0
58.0,-295.0,-179.0,-346.0,172.0,462.0,-37.0,-147.0,977.0,222.0
97.0,-385.0,-214.0,-336.0,135.0,514.0,-22.0,-112.0,988.0,246.0
140.0,-368.0,-155.0,-318.0,80.0,443.0,-8.0,12.0,972.0,302.0
178.0,-301.0,-235.0,-297.0,20.0,603.0,-4.0,-68.0,945.0,345.0
207.0,-231.0,-203.0,-298.0,-22.0,678.0,-1.0,-59.0,892.0,376.0
225.0,-132.0,-248.0,-359.0,-41.0,575.0,-20.0,-105.0,835.0,422.0
248.0,4.0,-306.0,-428.0,-40.0,455.0,-30.0,-123.0,781.0,471.0
283.0,118.0,-297.0,-446.0,-19.0,465.0,-9.0,-83.0,715.0,488.0
330.0,185.0,-374.0,-470.0,19.0,551.0,34.0,-70.0,666.0,493.0
380.0,305.0,-326.0,-522.0,57.0,475.0,81.0,-14.0,644.0,501.0
421.0,582.0,-417.0,-557.0,70.0,545.0,116.0,-118.0,621.0,528.0
447.0,1002.0,-425.0,-570.0,57.0,620.0,158.0,-96.0,593.0,514.0
469.0,1445.0,-445.0,-545.0,34.0,607.0,177.0,-173.0,591.0,515.0
473.0,1686.0,-533.0,-474.0,27.0,526.0,195.0,-206.0,583.0,565.0
429.0,1561.0,-515.0,-416.0,49.0,466.0,230.0,-149.0,564.0,570.0
424.0,1123.0,-561.0,-380.0,97.0,540.0,271.0,-247.0,563.0,591.0
419.0,557.0,-538.0,-314.0,148.0,554.0,296.0,-181.0,537.0,632.0
431.0,2.0,-514.0,-221.0,173.0,540.0,316.0,-240.0,507.0,654.0
421.0,-472.0,-485.0,-124.0,165.0,495.0,332.0,-271.0,489.0,645.0
409.0,-780.0,-424.0,-41.0,131.0,472.0,322.0,-323.0,465.0,611.0
399.0,-886.0,-361.0,23.0,77.0,434.0,302.0,-439.0,437.0,570.0
355.0,-846.0,-279.0,62.0,6.0,356.0,250.0,-367.0,361.0,483.0
351.0,-771.0,-178.0,75.0,-66.0,439.0,206.0,-417.0,273.0,367.0
299.0,-712.0,-93.0,98.0,-117.0,534.0,205.0,-304.0,196.0,249.0
287.0,-633.0,-5.0,152.0,-131.0,562.0,227.0,-173.0,80.0,156.0
271.0,-513.0,74.0,212.0,-110.0,597.0,236.0,-240.0,-46.0,66.0
267.0,-349.0,130.0,256.0,-89.0,586.0,214.0,-356.0,-164.0,-23.0
274.0,-126.0,244.0,277.0,-88.0,525.0,202.0,-506.0,-288.0,-73.0
246.0,139.0,294.0,272.0,-97.0,435.0,215.0,-552.0,-411.0,-102.0
228.0,287.0,363.0,266.0,-89.0,473.0,241.0,-611.0,-494.0,-129.0
171.0,216.0,439.0,258.0,-50.0,570.0,280.0,-406.0,-520.0,-137.0
128.0,1.0,492.0,251.0,8.0,576.0,319.0,-290.0,-530.0,-129.0
61.0,-275.0,581.0,265.0,67.0,569.0,327.0,-312.0,-518.0,-123.0
14.0,-530.0,616.0,273.0,124.0,544.0,316.0,-118.0,-478.0,-107.0
-40.0,-687.0,698.0,255.0,184.0,494.0,309.0,-177.0,-447.0,-80.0
-67.0,-697.0,721.0,225.0,241.0,377.0,268.0,-166.0,-425.0,-40.0
-73.0,-567.0,762.0,207.0,284.0,329.0,233.0,-149.0,-421.0,-18.0
-80.0,-374.0,822.0,207.0,310.0,419.0,232.0,-162.0,-404.0,-13.0
-93.0,-183.0,836.0,219.0,313.0,429.0,232.0,-147.0,-351.0,18.0
-134.0,-11.0,912.0,245.0,291.0,343.0,270.0,-264.0,-318.0,46.0
-131.0,94.0,906.0,304.0,253.0,279.0,311.0,-169.0,-304.0,79.0
-145.0,55.0,926.0,347.0,218.0,300.0,317.0,-203.0,-285.0,115.0
-151.0,-60.0,908.0,347.0,192.0,273.0,303.0,-84.0,-266.0,154.0
-176.0,-128.0,843.0,336.0,170.0,212.0,267.0,20.0,-243.0,176.0
-157.0,-183.0,857.0,321.0,141.0,250.0,247.0,-55.0,-223.0,156.0
-124.0,-266.0,810.0,254.0,104.0,302.0,234.0,75.0,-184.0,144.0
-124.0,-309.0,792.0,133.0,68.0,290.0,199.0,-99.0,-112.0,119.0
-120.0,-266.0,767.0,36.0,40.0,195.0,171.0,-175.0,-18.0,79.0
-128.0,-125.0,736.0,-76.0,15.0,131.0,152.0,-192.0,66.0,31.0
-125.0,107.0,728.0,-154.0,-20.0,56.0,135.0,-182.0,127.0,-18.0
-140.0,369.0,709.0,-178.0,-66.0,9.0,138.0,29.0,142.0,-61.0
-135.0,555.0,723.0,-188.0,-107.0,114.0,144.0,22.0,118.0,-129.0
-125.0,604.0,704.0,-134.0,-145.0,181.0,147.0,83.0,101.0,-176.0
-116.0,568.0,711.0,-70.0,-188.0,112.0,146.0,84.0,80.0,-200.0
-108.0,528.0,678.0,-17.0,-241.0,106.0,129.0,110.0,43.0,-249.0
-98.0,514.0,646.0,32.0,-298.0,266.0,84.0,138.0,-23.0,-296.0
-90.0,513.0,677.0,93.0,-339.0,362.0,26.0,40.0,-108.0,-316.0
-91.0,534.0,600.0,155.0,-359.0,278.0,-17.0,44.0,-195.0,-345.0
-93.0,553.0,573.0,200.0,-354.0,175.0,-60.0,-35.0,-281.0,-377.0
-94.0,480.0,579.0,266.0,-321.0,215.0,-99.0,-86.0,-323.0,-374.0
-103.0,269.0,521.0,310.0,-283.0,292.0,-140.0,-223.0,-363.0,-357.0
-88.0,-64.0,512.0,327.0,-253.0,215.0,-173.0,-279.0,-416.0,-329.0
-56.0,-436.0,500.0,368.0,-234.0,117.0,-211.0,-243.0,-462.0,-283.0
-57.0,-729.0,459.0,409.0,-211.0,147.0,-246.0,-288.0,-485.0,-199.0
-36.0,-868.0,418.0,447.0,-167.0,233.0,-247.0,-199.0,-481.0,-95.0
-25.0,-875.0,402.0,465.0,-110.0,283.0,-233.0,-230.0,-468.0,-11.0
1.0,-803.0,366.0,458.0,-64.0,326.0,-206.0,-158.0,-403.0,82.0
12.0,-643.0,311.0,433.0,-23.0,386.0,-194.0,-9.0,-332.0,164.0
34.0,-452.0,286.0,346.0,24.0,373.0,-211.0,86.0,-313.0,207.0
70.0,-376.0,228.0,257.0,60.0,260.0,-253.0,179.0,-302.0,214.0
83.0,-482.0,173.0,185.0,70.0,185.0,-297.0,181.0,-291.0,208.0
112.0,-684.0,130.0,100.0,44.0,212.0,-327.0,240.0,-255.0,188.0
95.0,-817.0,71.0,14.0,8.0,281.0,-355.0,79.0,-205.0,156.0
98.0,-757.0,16.0,-97.0,-11.0,355.0,-359.0,-35.0,-156.0,142.0
90.0,-440.0,-22.0,-192.0,-1.0,379.0,-375.0,-125.0,-103.0,133.0
83.0,44.0,-61.0,-266.0,61.0,328.0,-419.0,-347.0,-48.0,114.0
90.0,489.0,-134.0,-313.0,163.0,235.0,-442.0,-360.0,31.0,78.0
80.0,758.0,-181.0,-305.0,261.0,245.0,-426.0,-467.0,107.0,52.0
68.0,828.0,-233.0,-311.0,330.0,347.0,-388.0,-480.0,181.0,16.0
38.0,762.0,-304.0,-307.0,364.0,381.0,-330.0,-391.0,238.0,-42.0
31.0,640.0,-357.0,-276.0,357.0,369.0,-285.0,-375.0,268.0,-84.0
15.0,513.0,-399.0,-255.0,310.0,362.0,-284.0,-247.0,297.0,-114.0
-27.0,445.0,-433.0,-259.0,231.0,349.0,-305.0,-232.0,301.0,-145.0
-41.0,473.0,-489.0,-284.0,138.0,302.0,-319.0,-203.0,288.0,-168.0
-24.0,501.0,-522.0,-316.0,58.0,284.0,-337.0,-253.0,264.0,-175.0
-24.0,451.0,-582.0,-366.0,11.0,305.0,-359.0,-284.0,215.0,-175.0
-25.0,386.0,-648.0,-408.0,7.0,302.0,-376.0,-216.0,162.0,-155.0
-26.0,319.0,-675.0,-452.0,25.0,272.0,-401.0,-214.0,122.0,-106.0
-15.0,215.0,-716.0,-495.0,33.0,257.0,-417.0,-142.0,116.0,-44.0
0.0,123.0,-734.0,-519.0,7.0,281.0,-429.0,-282.0,141.0,16.0
6.0,105.0,-742.0,-527.0,-59.0,259.0,-438.0,-317.0,166.0,68.0
27.0,127.0,-728.0,-508.0,-137.0,231.0,-445.0,-304.0,194.0,101.0
39.0,138.0,-717.0,-488.0,-201.0,290.0,-454.0,-319.0,190.0,89.0
25.0,119.0,-692.0,-476.0,-247.0,352.0,-441.0,-205.0,161.0,45.0
28.0,2.0,-657.0,-465.0,-270.0,258.0,-426.0,-328.0,118.0,-6.0
48.0,-215.0,-614.0,-445.0,-275.0,185.0,-417.0,-339.0,42.0,-89.0
86.0,-434.0,-567.0,-381.0,-258.0,203.0,-383.0,-430.0,-39.0,-183.0
144.0,-565.0,-526.0,-303.0,-213.0,177.0,-300.0,-498.0,-125.0,-252.0
178.0,-622.0,-470.0,-218.0,-151.0,168.0,-212.0,-454.0,-200.0,-322.0
236.0,-654.0,-436.0,-149.0,-97.0,114.0,-158.0,-500.0,-251.0,-389.0
285.0,-653.0,-378.0,-114.0,-61.0,129.0,-135.0,-304.0,-271.0,-428.0
327.0,-596.0,-357.0,-58.0,-24.0,127.0,-124.0,-291.0,-279.0,-442.0
349.0,-508.0,-314.0,0.0,26.0,3.0,-111.0,-232.0,-276.0,-450.0
356.0,-521.0,-294.0,44.0,90.0,0.0,-109.0,-94.0,-278.0,-457.0
392.0,-652.0,-265.0,89.0,162.0,12.0,-105.0,-192.0,-295.0,-463.0
422.0,-741.0,-193.0,105.0,230.0,21.0,-102.0,-225.0,-290.0,-473.0
459.0,-707.0,-193.0,99.0,269.0,45.0,-110.0,-308.0,-289.0,-475.0
461.0,-582.0,-104.0,84.0,263.0,86.0,-138.0,-371.0,-283.0,-477.0
472.0,-380.0,-65.0,59.0,222.0,171.0,-171.0,-432.0,-275.0,-470.0
458.0,-143.0,-45.0,40.0,179.0,91.0,-206.0,-423.0,-259.0,-441.0
450.0,47.0,22.0,6.0,172.0,17.0,-243.0,-339.0,-211.0,-422.0
461.0,238.0,58.0,-48.0,214.0,47.0,-258.0,-199.0,-159.0,-398.0
446.0,528.0,116.0,-94.0,288.0,52.0,-255.0,-49.0,-106.0,-344.0
441.0,899.0,157.0,-135.0,368.0,59.0,-242.0,-96.0,-60.0,-303.0
439.0,1244.0,230.0,-149.0,415.0,103.0,-238.0,-38.0,-20.0,-284.0
439.0,1490.0,241.0,-122.0,398.0,208.0,-243.0,-55.0,35.0,-255.0
408.0,1582.0,263.0,-100.0,317.0,95.0,-267.0,-36.0,90.0,-241.0
384.0,1499.0,330.0,-55.0,200.0,-89.0,-285.0,25.0,104.0,-250.0
360.0,1312.0,328.0,-33.0,85.0,-35.0,-282.0,-72.0,76.0,-280.0
343.0,1091.0,374.0,-47.0,-12.0,66.0,-268.0,0.0,-9.0,-306.0
327.0,795.0,385.0,-69.0,-108.0,103.0,-248.0,-103.0,-123.0,-327.0
307.0,431.0,408.0,-120.0,-198.0,17.0,-264.0,-192.0,-208.0,-367.0
294.0,153.0,486.0,-141.0,-244.0,9.0,-286.0,-236.0,-287.0,-385.0
295.0,18.0,491.0,-145.0,-233.0,87.0,-311.0,-373.0,-343.0,-346.0
292.0,-19.0,539.0,-152.0,-194.0,62.0,-345.0,-330.0,-385.0,-288.0
276.0,28.0,574.0,-179.0,-161.0,53.0,-365.0,-406.0,-432.0,-203.0
265.0,98.0,574.0,-192.0,-136.0,77.0,-391.0,-399.0,-476.0,-58.0
225.0,162.0,574.0,-169.0,-109.0,155.0,-405.0,-389.0,-512.0,97.0
205.0,240.0,565.0,-137.0,-74.0,207.0,-418.0,-376.0,-538.0,237.0
147.0,313.0,557.0,-86.0,-42.0,204.0,-424.0,-266.0,-561.0,356.0
82.0,317.0,524.0,-34.0,-25.0,200.0,-416.0,-280.0,-574.0,463.0
28.0,212.0,536.0,36.0,-26.0,75.0,-397.0,-219.0,-559.0,527.0
-18.0,35.0,517.0,71.0,-53.0,-7.0,-388.0,-328.0,-502.0,526.0
-52.0,-160.0,503.0,89.0,-104.0,44.0,-405.0,-380.0,-438.0,505.0
-102.0,-311.0,525.0,134.0,-152.0,123.0,-416.0,-378.0,-383.0,464.0
-131.0,-331.0,509.0,162.0,-165.0,148.0,-419.0,-502.0,-343.0,400.0
-186.0,-216.0,527.0,167.0,-138.0,135.0,-395.0,-439.0,-319.0,316.0
-228.0,-38.0,517.0,169.0,-76.0,182.0,-392.0,-369.0,-326.0,242.0
-275.0,145.0,474.0,190.0,5.0,190.0,-413.0,-240.0,-337.0,172.0
-309.0,321.0,455.0,195.0,83.0,152.0,-397.0,-234.0,-326.0,97.0
-331.0,482.0,387.0,193.0,144.0,160.0,-394.0,-216.0,-332.0,35.0
-340.0,609.0,340.0,166.0,175.0,179.0,-419.0,-192.0,-310.0,-24.0
-332.0,704.0,298.0,139.0,175.0,78.0,-448.0,-251.0,-271.0,-86.0
-325.0,737.0,243.0,100.0,137.0,-19.0,-486.0,-27.0,-229.0,-168.0
-337.0,626.0,211.0,8.0,62.0,100.0,-487.0,25.0,-182.0,-268.0
-389.0,370.0,163.0,-79.0,-20.0,206.0,-450.0,121.0,-154.0,-364.0
-404.0,41.0,142.0,-146.0,-81.0,183.0,-439.0,145.0,-98.0,-456.0
-414.0,-305.0,90.0,-186.0,-110.0,169.0,-456.0,-12.0,-43.0,-534.0
-428.0,-562.0,39.0,-230.0,-113.0,237.0,-461.0,59.0,5.0,-588.0
-444.0,-606.0,-4.0,-245.0,-101.0,355.0,-471.0,-46.0,89.0,-631.0
-433.0,-453.0,-62.0,-227.0,-93.0,342.0,-498.0,-134.0,190.0,-662.0
-414.0,-162.0,-86.0,-230.0,-104.0,211.0,-517.0,-323.0,287.0,-684.0
-393.0,200.0,-139.0,-215.0,-133.0,104.0,-531.0,-502.0,343.0,-686.0
-362.0,487.0,-163.0,-200.0,-168.0,20.0,-549.0,-495.0,383.0,-675.0
-336.0,548.0,-171.0,-180.0,-191.0,22.0,-568.0,-554.0,396.0,-647.0
-285.0,382.0,-190.0,-177.0,-199.0,139.0,-559.0,-456.0,384.0,-592.0
-271.0,86.0,-203.0,-178.0,-194.0,195.0,-511.0,-397.0,379.0,-520.0
-248.0,-232.0,-218.0,-152.0,-170.0,95.0,-465.0,-327.0,344.0,-431.0
-203.0,-478.0,-245.0,-178.0,-129.0,10.0,-390.0,-299.0,309.0,-360.0
-159.0,-583.0,-257.0,-195.0,-90.0,119.0,-328.0,-284.0,255.0,-287.0
-128.0,-567.0,-269.0,-197.0,-64.0,215.0,-320.0,-247.0,171.0,-225.0
-99.0,-531.0,-289.0,-204.0,-36.0,85.0,-310.0,-286.0,99.0,-203.0
-61.0,-500.0,-275.0,-184.0,3.0,-18.0,-304.0,-164.0,40.0,-212.0
-27.0,-388.0,-306.0,-171.0,45.0,115.0,-302.0,-249.0,-8.0,-235.0
-25.0,-169.0,-291.0,-147.0,69.0,233.0,-314.0,-286.0,-46.0,-261.0
-44.0,-5.0,-261.0,-95.0,69.0,64.0,-336.0,-242.0,-73.0,-315.0
-51.0,-93.0,-260.0,-31.0,60.0,-110.0,-327.0,-291.0,-120.0,-347.0
-73.0,-384.0,-205.0,6.0,62.0,-24.0,-303.0,-280.0,-171.0,-348.0
-64.0,-654.0,-142.0,42.0,83.0,85.0,-306.0,-539.0,-220.0,-358.0
-88.0,-751.0,-68.0,79.0,106.0,68.0,-318.0,-591.0,-260.0,-395.0
-99.0,-642.0,-1.0,103.0,132.0,22.0,-356.0,-572.0,-287.0,-415.0
-97.0,-323.0,79.0,113.0,169.0,-5.0,-422.0,-517.0,-311.0,-400.0
-115.0,136.0,143.0,106.0,200.0,-8.0,-421.0,-169.0,-327.0,-385.0
-123.0,547.0,210.0,96.0,199.0,-44.0,-398.0,73.0,-326.0,-319.0
-144.0,719.0,260.0,60.0,156.0,-114.0,-381.0,363.0,-302.0,-208.0
-126.0,602.0,268.0,-8.0,101.0,-123.0,-372.0,408.0,-263.0,-72.0
-111.0,322.0,290.0,-92.0,80.0,-85.0,-403.0,375.0,-215.0,59.0
-94.0,-1.0,270.0,-142.0,108.0,-25.0,-411.0,290.0,-156.0,189.0
-112.0,-339.0,260.0,-166.0,170.0,-4.0,-402.0,40.0,-87.0,308.0
-109.0,-657.0,250.0,-178.0,227.0,-75.0,-376.0,-38.0,-10.0,359.0
-101.0,-850.0,223.0,-206.0,253.0,-199.0,-321.0,-247.0,44.0,370.0
-115.0,-823.0,209.0,-242.0,233.0,-214.0,-290.0,-288.0,69.0,355.0
-110.0,-630.0,169.0,-261.0,174.0,-65.0,-288.0,-240.0,100.0,316.0
-135.0,-404.0,143.0,-269.0,89.0,31.0,-311.0,-173.0,126.0,249.0
-141.0,-203.0,116.0,-238.0,-2.0,12.0,-333.0,-35.0,144.0,179.0
-153.0,-37.0,34.0,-227.0,-95.0,-38.0,-347.0,-38.0,158.0,120.0
-151.0,49.0,-43.0,-235.0,-181.0,-105.0,-395.0,38.0,159.0,39.0
-150.0,13.0,-117.0,-234.0,-241.0,-168.0,-420.0,-24.0,156.0,-56.0
-139.0,-118.0,-231.0,-242.0,-266.0,-129.0,-400.0,14.0,162.0,-142.0
-137.0,-295.0,-318.0,-223.0,-250.0,-50.0,-412.0,70.0,172.0,-214.0
-154.0,-507.0,-408.0,-196.0,-203.0,-42.0,-428.0,-9.0,169.0,-284.0
-158.0,-721.0,-495.0,-195.0,-146.0,-58.0,-422.0,-16.0,166.0,-331.0
-177.0,-840.0,-549.0,-220.0,-94.0,-18.0,-413.0,-188.0,123.0,-335.0
-163.0,-786.0,-624.0,-252.0,-52.0,-34.0,-402.0,-107.0,48.0,-312.0
-123.0,-545.0,-678.0,-258.0,-27.0,-199.0,-383.0,-62.0,-39.0,-325.0
-77.0,-158.0,-718.0,-257.0,-32.0,-296.0,-341.0,-157.0,-123.0,-351.0
-37.0,263.0,-754.0,-253.0,-55.0,-199.0,-305.0,-221.0,-177.0,-366.0
33.0,603.0,-771.0,-206.0,-71.0,-36.0,-282.0,-500.0,-213.0,-414.0
90.0,819.0,-763.0,-134.0,-72.0,47.0,-284.0,-535.0,-259.0,-466.0
135.0,903.0,-760.0,-96.0,-65.0,77.0,-264.0,-522.0,-301.0,-481.0
147.0,878.0,-779.0,-89.0,-44.0,14.0,-231.0,-426.0,-306.0,-469.0
163.0,740.0,-782.0,-105.0,-3.0,-108.0,-224.0,-295.0,-281.0,-475.0
198.0,462.0,-790.0,-141.0,55.0,-176.0,-193.0,-367.0,-238.0,-487.0
188.0,54.0,-790.0,-166.0,107.0,-194.0,-187.0,-391.0,-205.0,-501.0
202.0,-362.0,-805.0,-173.0,123.0,-113.0,-202.0,-408.0,-181.0,-547.0
195.0,-652.0,-803.0,-168.0,100.0,-43.0,-183.0,-230.0,-177.0,-617.0
223.0,-817.0,-783.0,-149.0,39.0,-40.0,-142.0,-194.0,-211.0,-664.0
220.0,-878.0,-777.0,-135.0,-47.0,-29.0,-85.0,-254.0,-262.0,-677.0
220.0,-786.0,-745.0,-130.0,-131.0,7.0,-35.0,-319.0,-327.0,-695.0
241.0,-586.0,-698.0,-96.0,-191.0,22.0,-40.0,-515.0,-390.0,-699.0
242.0,-448.0,-660.0,-60.0,-225.0,46.0,-97.0,-530.0,-434.0,-681.0
278.0,-444.0,-639.0,-60.0,-237.0,132.0,-130.0,-594.0,-448.0,-672.0
260.0,-506.0,-570.0,-52.0,-231.0,60.0,-149.0,-513.0,-429.0,-683.0
263.0,-587.0,-496.0,-3.0,-205.0,-108.0,-201.0,-485.0,-388.0,-695.0
253.0,-625.0,-444.0,61.0,-150.0,-79.0,-229.0,-480.0,-332.0,-689.0
244.0,-551.0,-378.0,127.0,-63.0,22.0,-236.0,-351.0,-257.0,-701.0
218.0,-413.0,-312.0,180.0,45.0,48.0,-238.0,-474.0,-186.0,-729.0
178.0,-265.0,-249.0,178.0,149.0,-40.0,-236.0,-365.0,-136.0,-729.0
170.0,-55.0,-202.0,162.0,219.0,-125.0,-267.0,-351.0,-101.0,-707.0
118.0,243.0,-124.0,142.0,245.0,37.0,-279.0,-419.0,-87.0,-682.0
71.0,560.0,-73.0,85.0,230.0,141.0,-292.0,-404.0,-78.0,-654.0
-7.0,818.0,-6.0,32.0,180.0,68.0,-305.0,-613.0,-63.0,-587.0
-75.0,986.0,65.0,0.0,103.0,27.0,-270.0,-528.0,-30.0,-500.0
-118.0,1008.0,119.0,-29.0,23.0,-5.0,-232.0,-254.0,3.0,-416.0
-173.0,878.0,234.0,-57.0,-46.0,92.0,-209.0,64.0,35.0,-301.0
-201.0,654.0,300.0,-59.0,-95.0,167.0,-172.0,205.0,81.0,-172.0
-227.0,454.0,389.0,-61.0,-113.0,143.0,-107.0,94.0,118.0,-44.0
-265.0,357.0,495.0,-80.0,-97.0,104.0,-43.0,-57.0,139.0,60.0
-327.0,326.0,549.0,-93.0,-57.0,10.0,-3.0,-190.0,137.0,161.0
-370.0,304.0,629.0,-144.0,-13.0,125.0,4.0,-51.0,121.0,237.0
-397.0,245.0,687.0,-223.0,19.0,285.0,6.0,-101.0,108.0,250.0
-441.0,142.0,727.0,-273.0,28.0,196.0,-8.0,-153.0,88.0,241.0
-463.0,24.0,763.0,-294.0,12.0,11.0,-15.0,-123.0,57.0,213.0
-486.0,-57.0,790.0,-291.0,-20.0,-25.0,5.0,-190.0,33.0,178.0
-499.0,-88.0,813.0,-273.0,-59.0,147.0,14.0,-44.0,7.0,127.0
-514.0,-158.0,816.0,-228.0,-107.0,177.0,15.0,29.0,-39.0,96.0
-551.0,-280.0,820.0,-175.0,-164.0,115.0,34.0,291.0,-69.0,85.0
-563.0,-356.0,793.0,-140.0,-211.0,119.0,76.0,375.0,-93.0,46.0
-548.0,-342.0,756.0,-111.0,-219.0,115.0,81.0,194.0,-121.0,-10.0
-527.0,-281.0,738.0,-90.0,-176.0,174.0,103.0,140.0,-133.0,-94.0
-509.0,-273.0,680.0,-59.0,-109.0,214.0,141.0,-158.0,-141.0,-188.0
-473.0,-287.0,640.0,-53.0,-66.0,215.0,146.0,-155.0,-147.0,-295.0
-452.0,-201.0,632.0,-62.0,-67.0,169.0,142.0,-12.0,-151.0,-401.0
-430.0,-39.0,593.0,-58.0,-102.0,135.0,129.0,73.0,-155.0,-458.0
-403.0,66.0,543.0,-46.0,-150.0,235.0,123.0,260.0,-152.0,-478.0
-380.0,41.0,518.0,-11.0,-196.0,299.0,101.0,129.0,-133.0,-493.0
-353.0,-35.0,490.0,3.0,-234.0,150.0,85.0,-25.0,-111.0,-505.0
-349.0,-59.0,439.0,-10.0,-255.0,-69.0,67.0,-49.0,-108.0,-502.0
-315.0,-68.0,419.0,-48.0,-246.0,-37.0,103.0,83.0,-125.0,-510.0
-286.0,-152.0,370.0,-78.0,-215.0,139.0,157.0,192.0,-153.0,-531.0
-253.0,-354.0,316.0,-114.0,-189.0,224.0,164.0,101.0,-184.0,-532.0
-200.0,-588.0,272.0,-162.0,-189.0,317.0,208.0,-60.0,-225.0,-517.0
-161.0,-728.0,215.0,-176.0,-218.0,390.0,221.0,-236.0,-260.0,-504.0
-128.0,-791.0,167.0,-206.0,-258.0,391.0,218.0,-234.0,-259.0,-486.0
-123.0,-885.0,85.0,-238.0,-298.0,233.0,213.0,-254.0,-245.0,-456.0
-93.0,-1009.0,22.0,-228.0,-325.0,55.0,191.0,-286.0,-234.0,-423.0
-78.0,-1013.0,-53.0,-211.0,-322.0,39.0,197.0,-288.0,-208.0,-411.0
-71.0,-842.0,-139.0,-189.0,-284.0,77.0,185.0,-301.0,-179.0,-402.0
-51.0,-684.0,-214.0,-144.0,-226.0,185.0,173.0,-140.0,-161.0,-374.0
-55.0,-694.0,-315.0,-137.0,-163.0,287.0,129.0,48.0,-141.0,-357.0
-25.0,-821.0,-391.0,-181.0,-95.0,300.0,60.0,208.0,-123.0,-333.0
-39.0,-954.0,-480.0,-213.0,-30.0,149.0,3.0,212.0,-108.0,-291.0
-64.0,-1035.0,-544.0,-211.0,13.0,-3.0,-57.0,175.0,-110.0,-254.0
-97.0,-1032.0,-577.0,-171.0,28.0,15.0,-98.0,114.0,-139.0,-218.0
-111.0,-900.0,-603.0,-129.0,20.0,118.0,-155.0,-44.0,-167.0,-197.0
-124.0,-608.0,-598.0,-93.0,9.0,227.0,-215.0,-62.0,-191.0,-186.0
-172.0,-165.0,-593.0,-64.0,2.0,198.0,-263.0,-118.0,-194.0,-209.0
-175.0,331.0,-557.0,-41.0,4.0,104.0,-289.0,14.0,-201.0,-248.0
-230.0,758.0,-557.0,-12.0,17.0,4.0,-292.0,120.0,-197.0,-274.0
-262.0,1040.0,-531.0,30.0,38.0,-39.0,-275.0,-38.0,-181.0,-287.0
-315.0,1154.0,-486.0,78.0,69.0,27.0,-241.0,-116.0,-181.0,-279.0
-355.0,1126.0,-509.0,97.0,109.0,46.0,-243.0,-230.0,-166.0,-274.0
-366.0,1028.0,-504.0,89.0,151.0,3.0,-255.0,-203.0,-148.0,-257.0
-392.0,1043.0,-521.0,45.0,185.0,78.0,-236.0,-84.0,-124.0,-265.0
-387.0,1260.0,-543.0,-19.0,203.0,218.0,-205.0,-51.0,-105.0,-315.0
-414.0,1562.0,-538.0,-77.0,203.0,143.0,-194.0,-151.0,-87.0,-361.0
-401.0,1769.0,-565.0,-142.0,181.0,-91.0,-196.0,-288.0,-49.0,-435.0
-420.0,1759.0,-590.0,-191.0,156.0,-235.0,-190.0,-158.0,-26.0,-515.0
-410.0,1578.0,-582.0,-211.0,146.0,-135.0,-204.0,-25.0,-17.0,-559.0
-405.0,1366.0,-581.0,-195.0,144.0,2.0,-246.0,97.0,4.0,-598.0
-397.0,1178.0,-602.0,-151.0,134.0,-5.0,-300.0,31.0,43.0,-624.0
-353.0,950.0,-619.0,-78.0,109.0,-39.0,-381.0,-160.0,94.0,-623.0
-338.0,666.0,-620.0,6.0,70.0,-45.0,-458.0,-160.0,146.0,-609.0
-281.0,421.0,-617.0,56.0,26.0,-28.0,-487.0,-375.0,194.0,-595.0
-250.0,260.0,-614.0,72.0,-1.0,-105.0,-478.0,-362.0,238.0,-575.0
-210.0,173.0,-586.0,73.0,-5.0,-186.0,-429.0,-254.0,253.0,-548.0
-183.0,178.0,-565.0,79.0,3.0,-204.0,-388.0,-406.0,265.0,-535.0
-165.0,250.0,-541.0,62.0,17.0,-197.0,-363.0,-208.0,287.0,-550.0
-129.0,282.0,-516.0,28.0,31.0,-83.0,-349.0,25.0,304.0,-543.0
-104.0,191.0,-478.0,-3.0,36.0,0.0,-352.0,168.0,316.0,-494.0
-81.0,-7.0,-439.0,-62.0,22.0,-24.0,-339.0,254.0,296.0,-463.0
-75.0,-255.0,-438.0,-108.0,-7.0,-104.0,-354.0,212.0,262.0,-387.0
-73.0,-520.0,-400.0,-135.0,-40.0,-82.0,-384.0,-51.0,206.0,-275.0
-67.0,-799.0,-349.0,-169.0,-55.0,27.0,-409.0,-408.0,132.0,-191.0
-78.0,-1020.0,-317.0,-169.0,-41.0,41.0,-411.0,-495.0,63.0,-112.0
-85.0,-1128.0,-273.0,-168.0,4.0,-53.0,-381.0,-509.0,-5.0,-70.0
-81.0,-1173.0,-225.0,-155.0,61.0,-108.0,-367.0,-312.0,-81.0,-37.0
-78.0,-1191.0,-170.0,-88.0,104.0,-28.0,-352.0,-208.0,-176.0,-30.0
-68.0,-1230.0,-148.0,-33.0,123.0,-58.0,-366.0,-282.0,-276.0,-53.0
-60.0,-1338.0,-99.0,-10.0,132.0,-47.0,-396.0,-382.0,-356.0,-54.0
-53.0,-1451.0,-64.0,-17.0,140.0,133.0,-394.0,-460.0,-422.0,-55.0
-65.0,-1513.0,-72.0,-32.0,150.0,257.0,-376.0,-225.0,-488.0,-57.0
-69.0,-1546.0,-13.0,-26.0,153.0,302.0,-326.0,-42.0,-553.0,-35.0
-85.0,-1446.0,-11.0,-17.0,139.0,229.0,-263.0,179.0,-588.0,6.0
-83.0,-1106.0,-2.0,-3.0,113.0,212.0,-246.0,145.0,-572.0,31.0
-66.0,-680.0,35.0,44.0,82.0,221.0,-253.0,-31.0,-519.0,58.0
-43.0,-354.0,4.0,81.0,51.0,168.0,-235.0,66.0,-441.0,95.0
-21.0,-131.0,15.0,108.0,15.0,203.0,-202.0,199.0,-339.0,101.0
2.0,31.0,37.0,147.0,-31.0,207.0,-146.0,485.0,-234.0,56.0
42.0,154.0,27.0,161.0,-83.0,160.0,-90.0,352.0,-143.0,-10.0
43.0,281.0,27.0,169.0,-117.0,180.0,-76.0,27.0,-71.0,-70.0
61.0,413.0,32.0,188.0,-126.0,280.0,-75.0,-42.0,-12.0,-134.0
73.0,498.0,2.0,199.0,-123.0,440.0,-101.0,-29.0,49.0,-189.0
111.0,529.0,-36.0,181.0,-126.0,518.0,-144.0,140.0,118.0,-207.0
136.0,541.0,-61.0,182.0,-143.0,479.0,-149.0,44.0,171.0,-160.0
178.0,452.0,-80.0,211.0,-161.0,371.0,-127.0,29.0,224.0,-97.0
224.0,165.0,-83.0,196.0,-169.0,206.0,-68.0,84.0,271.0,-35.0
233.0,-245.0,-99.0,145.0,-163.0,87.0,-15.0,40.0,284.0,64.0
253.0,-607.0,-101.0,96.0,-141.0,93.0,5.0,186.0,266.0,158.0
234.0,-834.0,-116.0,24.0,-106.0,179.0,38.0,304.0,242.0,212.0
233.0,-922.0,-152.0,-58.0,-59.0,181.0,37.0,556.0,222.0,235.0
211.0,-864.0,-179.0,-114.0,-15.0,183.0,52.0,539.0,213.0,249.0
193.0,-708.0,-211.0,-170.0,0.0,298.0,64.0,297.0,228.0,246.0
164.0,-522.0,-250.0,-192.0,-10.0,272.0,73.0,140.0,243.0,239.0
127.0,-329.0,-282.0,-206.0,-35.0,150.0,111.0,-35.0,247.0,256.0
99.0,-111.0,-306.0,-215.0,-70.0,99.0,124.0,-12.0,249.0,307.0
40.0,138.0,-338.0,-190.0,-115.0,77.0,141.0,-60.0,239.0,377.0
-4.0,386.0,-341.0,-182.0,-159.0,109.0,132.0,42.0,221.0,448.0
-72.0,603.0,-363.0,-167.0,-182.0,125.0,113.0,149.0,210.0,533.0
-133.0,762.0,-365.0,-155.0,-178.0,124.0,99.0,68.0,198.0,614.0
-170.0,831.0,-328.0,-130.0,-145.0,225.0,49.0,-16.0,194.0,669.0
-189.0,813.0,-319.0,-96.0,-91.0,312.0,12.0,-151.0,206.0,692.0
-207.0,800.0,-282.0,-65.0,-29.0,267.0,8.0,-33.0,213.0,705.0
-250.0,868.0,-217.0,-35.0,20.0,175.0,23.0,68.0,229.0,695.0
-306.0,960.0,-167.0,-26.0,43.0,81.0,69.0,205.0,231.0,643.0
-331.0,957.0,-116.0,3.0,30.0,-4.0,96.0,382.0,215.0,593.0
-353.0,846.0,-53.0,31.0,0.0,37.0,82.0,582.0,176.0,555.0
-383.0,760.0,-10.0,58.0,-24.0,195.0,91.0,875.0,121.0,508.0
-406.0,789.0,46.0,66.0,-28.0,319.0,118.0,739.0,91.0,453.0
-411.0,898.0,128.0,61.0,-10.0,308.0,154.0,502.0,60.0,422.0
-397.0,1022.0,201.0,55.0,14.0,174.0,158.0,267.0,40.0,415.0
-400.0,1189.0,273.0,15.0,36.0,9.0,145.0,145.0,38.0,395.0
-399.0,1397.0,293.0,-16.0,40.0,-98.0,128.0,205.0,24.0,360.0
-396.0,1473.0,331.0,-34.0,27.0,-81.0,123.0,57.0,13.0,345.0
-392.0,1343.0,371.0,-55.0,16.0,-27.0,143.0,70.0,-1.0,311.0
-397.0,1143.0,364.0,-68.0,15.0,8.0,138.0,142.0,-33.0,228.0
-387.0,949.0,391.0,-84.0,22.0,-5.0,118.0,199.0,-67.0,153.0
-377.0,710.0,399.0,-113.0,25.0,-41.0,121.0,253.0,-111.0,90.0
-337.0,441.0,399.0,-119.0,29.0,-22.0,155.0,138.0,-166.0,10.0
-290.0,219.0,381.0,-80.0,50.0,-88.0,176.0,55.0,-226.0,-79.0
-241.0,61.0,329.0,-26.0,91.0,-194.0,183.0,-101.0,-293.0,-138.0
-166.0,-22.0,287.0,23.0,141.0,-128.0,191.0,-166.0,-352.0,-185.0
-124.0,-53.0,217.0,79.0,183.0,-1.0,183.0,-138.0,-421.0,-263.0
-63.0,-72.0,163.0,123.0,210.0,-3.0,160.0,-25.0,-516.0,-326.0
-44.0,-123.0,109.0,144.0,220.0,-160.0,140.0,125.0,-612.0,-348.0
-28.0,-288.0,52.0,169.0,222.0,-354.0,131.0,55.0,-680.0,-374.0
-19.0,-542.0,14.0,186.0,220.0,-375.0,140.0,-18.0,-718.0,-418.0
-16.0,-751.0,-59.0,173.0,218.0,-342.0,155.0,-166.0,-733.0,-442.0
-14.0,-826.0,-115.0,156.0,220.0,-316.0,159.0,-157.0,-724.0,-461.0
-41.0,-743.0,-171.0,191.0,219.0,-156.0,179.0,-16.0,-700.0,-526.0
-32.0,-547.0,-240.0,224.0,201.0,-55.0,201.0,27.0,-665.0,-602.0
-50.0,-329.0,-285.0,244.0,166.0,-100.0,221.0,175.0,-615.0,-646.0
-40.0,-128.0,-316.0,280.0,131.0,-228.0,227.0,168.0,-564.0,-694.0
-66.0,72.0,-336.0,297.0,101.0,-355.0,199.0,116.0,-503.0,-754.0
-84.0,253.0,-376.0,318.0,74.0,-350.0,170.0,35.0,-425.0,-780.0
-82.0,352.0,-392.0,305.0,43.0,-310.0,168.0,144.0,-342.0,-769.0
-111.0,347.0,-407.0,292.0,5.0,-239.0,179.0,478.0,-264.0,-758.0
-120.0,295.0,-427.0,265.0,-27.0,-131.0,177.0,539.0,-179.0,-728.0
-151.0,279.0,-434.0,193.0,-54.0,-165.0,152.0,561.0,-95.0,-653.0
-140.0,260.0,-476.0,120.0,-85.0,-290.0,124.0,336.0,-48.0,-561.0
-145.0,138.0,-489.0,67.0,-120.0,-346.0,124.0,136.0,-20.0,-469.0
-137.0,-84.0,-532.0,47.0,-161.0,-310.0,121.0,112.0,4.0,-382.0
-134.0,-374.0,-553.0,9.0,-211.0,-267.0,105.0,9.0,16.0,-269.0
-131.0,-657.0,-520.0,-55.0,-261.0,-227.0,93.0,25.0,42.0,-186.0
-110.0,-861.0,-527.0,-105.0,-293.0,-158.0,90.0,-77.0,86.0,-148.0
-111.0,-966.0,-485.0,-104.0,-291.0,-182.0,104.0,11.0,114.0,-96.0
-91.0,-922.0,-467.0,-84.0,-262.0,-276.0,104.0,118.0,159.0,-79.0
-85.0,-799.0,-442.0,-72.0,-232.0,-214.0,84.0,127.0,206.0,-86.0
-58.0,-728.0,-408.0,-62.0,-216.0,-34.0,57.0,229.0,228.0,-107.0
-42.0,-697.0,-404.0,-58.0,-216.0,50.0,22.0,195.0,222.0,-135.0
-16.0,-626.0,-357.0,-44.0,-213.0,25.0,7.0,182.0,203.0,-125.0
2.0,-514.0,-349.0,-19.0,-184.0,-35.0,1.0,11.0,182.0,-107.0
11.0,-458.0,-337.0,-6.0,-123.0,-54.0,-33.0,-1.0,142.0,-82.0
22.0,-453.0,-329.0,-17.0,-47.0,-43.0,-47.0,184.0,100.0,-11.0
39.0,-501.0,-332.0,-24.0,10.0,-81.0,-54.0,365.0,83.0,69.0
50.0,-641.0,-357.0,-34.0,29.0,-106.0,-85.0,482.0,91.0,125.0
37.0,-769.0,-377.0,-70.0,14.0,-91.0,-116.0,229.0,110.0,172.0
45.0,-770.0,-353.0,-85.0,-23.0,-78.0,-124.0,22.0,147.0,202.0
33.0,-653.0,-353.0,-72.0,-76.0,-32.0,-105.0,-190.0,187.0,175.0
34.0,-480.0,-330.0,-42.0,-129.0,45.0,-64.0,-317.0,226.0,116.0
10.0,-280.0,-310.0,38.0,-169.0,44.0,-5.0,-238.0,273.0,54.0
-9.0,-111.0,-282.0,108.0,-185.0,-4.0,24.0,-112.0,302.0,-8.0
-45.0,20.0,-235.0,118.0,-181.0,62.0,14.0,182.0,315.0,-73.0
-109.0,171.0,-200.0,110.0,-160.0,77.0,-50.0,290.0,294.0,-142.0
-140.0,348.0,-174.0,63.0,-127.0,-75.0,-116.0,323.0,257.0,-181.0
-173.0,496.0,-134.0,5.0,-95.0,-129.0,-133.0,308.0,221.0,-191.0
-193.0,514.0,-98.0,-51.0,-77.0,-22.0,-114.0,288.0,178.0,-185.0
-208.0,372.0,-104.0,-146.0,-83.0,50.0,-58.0,460.0,146.0,-160.0
-203.0,204.0,-58.0,-212.0,-106.0,-50.0,-14.0,539.0,107.0,-103.0
-182.0,172.0,-27.0,-273.0,-133.0,-136.0,24.0,593.0,69.0,-37.0
-156.0,240.0,10.0,-352.0,-150.0,-74.0,26.0,424.0,48.0,11.0
-142.0,314.0,77.0,-412.0,-151.0,24.0,0.0,262.0,25.0,73.0
-143.0,344.0,93.0,-478.0,-142.0,45.0,11.0,218.0,39.0,135.0
-148.0,296.0,152.0,-515.0,-118.0,-31.0,24.0,114.0,77.0,199.0
-151.0,248.0,199.0,-506.0,-87.0,-75.0,49.0,116.0,90.0,277.0
-151.0,218.0,215.0,-466.0,-59.0,-100.0,88.0,-84.0,111.0,373.0
-145.0,112.0,243.0,-413.0,-36.0,-88.0,106.0,-208.0,131.0,483.0
-169.0,-142.0,253.0,-359.0,-19.0,-12.0,98.0,-127.0,123.0,590.0
-182.0,-454.0,235.0,-287.0,-3.0,-4.0,75.0,175.0,116.0,689.0
-195.0,-701.0,225.0,-201.0,9.0,-145.0,40.0,476.0,102.0,774.0
-248.0,-894.0,219.0,-94.0,16.0,-256.0,40.0,336.0,65.0,820.0
-285.0,-948.0,218.0,7.0,21.0,-156.0,79.0,273.0,39.0,815.0
-345.0,-734.0,221.0,82.0,30.0,-20.0,110.0,242.0,40.0,778.0
-379.0,-384.0,243.0,176.0,39.0,66.0,148.0,258.0,53.0,708.0
-403.0,-76.0,263.0,289.0,45.0,86.0,180.0,247.0,71.0,606.0
-417.0,141.0,255.0,380.0,49.0,7.0,230.0,212.0,94.0,496.0
-428.0,243.0,300.0,481.0,46.0,-79.0,294.0,389.0,106.0,378.0
-447.0,239.0,299.0,577.0,45.0,-85.0,349.0,369.0,120.0,278.0
-454.0,191.0,282.0,627.0,37.0,-19.0,378.0,332.0,134.0,201.0
-479.0,177.0,291.0,643.0,25.0,32.0,378.0,206.0,132.0,142.0
-476.0,170.0,316.0,615.0,28.0,-20.0,364.0,164.0,143.0,131.0
-473.0,132.0,309.0,555.0,62.0,-152.0,325.0,243.0,164.0,125.0
-444.0,52.0,256.0,495.0,132.0,-194.0,305.0,175.0,179.0,119.0
-407.0,-110.0,251.0,450.0,211.0,-248.0,284.0,338.0,217.0,141.0
-354.0,-293.0,175.0,447.0,274.0,-343.0,280.0,378.0,268.0,166.0
-309.0,-443.0,133.0,468.0,310.0,-299.0,302.0,321.0,309.0,179.0
-282.0,-569.0,89.0,483.0,312.0,-119.0,292.0,254.0,348.0,182.0
-250.0,-579.0,14.0,522.0,286.0,3.0,297.0,48.0,362.0,195.0
-245.0,-454.0,0.0,549.0,251.0,-153.0,314.0,-46.0,342.0,187.0
-241.0,-291.0,-59.0,540.0,227.0,-350.0,340.0,-201.0,304.0,146.0
-240.0,-113.0,-108.0,514.0,221.0,-369.0,363.0,-188.0,249.0,119.0
-205.0,32.0,-151.0,425.0,237.0,-331.0,359.0,-55.0,181.0,98.0
-159.0,147.0,-198.0,310.0,267.0,-292.0,362.0,-22.0,108.0,59.0
-113.0,295.0,-206.0,211.0,305.0,-257.0,341.0,5.0,27.0,24.0
-70.0,436.0,-227.0,103.0,338.0,-259.0,342.0,-48.0,-58.0,-7.0
-34.0,572.0,-228.0,9.0,361.0,-382.0,370.0,-33.0,-122.0,-48.0
-4.0,755.0,-194.0,-62.0,369.0,-517.0,374.0,-1.0,-168.0,-106.0
20.0,923.0,-175.0,-124.0,355.0,-540.0,364.0,134.0,-215.0,-177.0
28.0,999.0,-152.0,-194.0,315.0,-426.0,349.0,251.0,-241.0,-220.0
37.0,973.0,-119.0,-242.0,242.0,-266.0,330.0,182.0,-249.0,-257.0
65.0,835.0,-95.0,-254.0,134.0,-122.0,327.0,110.0,-260.0,-298.0
75.0,661.0,-97.0,-292.0,16.0,-121.0,330.0,1.0,-255.0,-289.0
121.0,534.0,-79.0,-321.0,-82.0,-365.0,322.0,121.0,-223.0,-246.0
167.0,413.0,-110.0,-343.0,-150.0,-507.0,320.0,221.0,-179.0,-191.0
219.0,246.0,-169.0,-389.0,-188.0,-433.0,313.0,349.0,-135.0,-120.0
262.0,100.0,-167.0,-418.0,-202.0,-248.0,327.0,528.0,-79.0,-33.0
279.0,75.0,-218.0,-444.0,-200.0,-206.0,334.0,452.0,-20.0,50.0
299.0,139.0,-243.0,-470.0,-193.0,-354.0,325.0,502.0,3.0,97.0
306.0,198.0,-246.0,-504.0,-189.0,-368.0,327.0,267.0,6.0,128.0
327.0,267.0,-273.0,-537.0,-189.0,-370.0,322.0,-66.0,-13.0,146.0
351.0,342.0,-272.0,-570.0,-186.0,-435.0,342.0,-286.0,-80.0,119.0
387.0,278.0,-278.0,-599.0,-175.0,-400.0,356.0,-497.0,-171.0,75.0
422.0,90.0,-295.0,-601.0,-159.0,-304.0,380.0,-421.0,-259.0,37.0
441.0,-59.0,-287.0,-570.0,-139.0,-268.0,377.0,-358.0,-350.0,4.0
453.0,-161.0,-273.0,-519.0,-120.0,-338.0,341.0,-230.0,-420.0,-45.0
464.0,-246.0,-286.0,-460.0,-119.0,-425.0,303.0,-173.0,-469.0,-88.0
468.0,-309.0,-273.0,-407.0,-148.0,-446.0,266.0,-38.0,-501.0,-104.0
468.0,-339.0,-257.0,-331.0,-203.0,-473.0,228.0,157.0,-496.0,-139.0
463.0,-322.0,-258.0,-233.0,-260.0,-525.0,186.0,157.0,-477.0,-177.0
446.0,-292.0,-236.0,-173.0,-293.0,-490.0,196.0,199.0,-428.0,-199.0
425.0,-279.0,-228.0,-114.0,-279.0,-436.0,197.0,149.0,-356.0,-212.0
387.0,-294.0,-234.0,-75.0,-230.0,-458.0,207.0,279.0,-283.0,-212.0
359.0,-367.0,-210.0,-62.0,-166.0,-489.0,260.0,376.0,-216.0,-199.0
315.0,-537.0,-180.0,-58.0,-97.0,-475.0,298.0,384.0,-142.0,-152.0
246.0,-667.0,-122.0,-73.0,-48.0,-373.0,339.0,406.0,-70.0,-83.0
202.0,-652.0,-70.0,-74.0,-26.0,-298.0,378.0,123.0,-17.0,-32.0
163.0,-500.0,-18.0,-110.0,-29.0,-338.0,397.0,36.0,45.0,23.0
108.0,-233.0,23.0,-185.0,-49.0,-394.0,379.0,-20.0,90.0,88.0
50.0,-15.0,81.0,-273.0,-69.0,-441.0,338.0,-5.0,124.0,125.0
1.0,81.0,122.0,-353.0,-77.0,-400.0,328.0,94.0,172.0,144.0
-39.0,103.0,139.0,-425.0,-71.0,-296.0,325.0,-66.0,221.0,177.0
-77.0,93.0,227.0,-494.0,-53.0,-301.0,328.0,-33.0,295.0,202.0
-138.0,58.0,208.0,-505.0,-23.0,-384.0,342.0,70.0,365.0,209.0
-209.0,30.0,227.0,-470.0,15.0,-427.0,339.0,327.0,438.0,221.0
-263.0,94.0,242.0,-402.0,52.0,-339.0,339.0,478.0,522.0,231.0
-313.0,214.0,237.0,-307.0,73.0,-231.0,322.0,463.0,592.0,219.0
-356.0,378.0,287.0,-192.0,72.0,-304.0,294.0,535.0,652.0,166.0
-395.0,545.0,280.0,-69.0,58.0,-404.0,261.0,375.0,700.0,102.0
-412.0,653.0,340.0,53.0,49.0,-454.0,233.0,303.0,725.0,48.0
-406.0,728.0,343.0,171.0,53.0,-498.0,222.0,192.0,709.0,-13.0
-408.0,742.0,377.0,272.0,72.0,-483.0,170.0,166.0,677.0,-62.0
-395.0,642.0,424.0,391.0,108.0,-434.0,93.0,225.0,652.0,-69.0
-379.0,391.0,414.0,506.0,149.0,-300.0,23.0,179.0,625.0,-70.0
-384.0,55.0,470.0,608.0,191.0,-233.0,-20.0,192.0,604.0,-91.0
-401.0,-192.0,444.0,670.0,234.0,-290.0,-46.0,208.0,586.0,-92.0
-402.0,-246.0,420.0,704.0,273.0,-291.0,-62.0,402.0,569.0,-105.0
-387.0,-192.0,449.0,714.0,299.0,-303.0,-46.0,275.0,537.0,-126.0
-378.0,-177.0,423.0,678.0,313.0,-324.0,-26.0,75.0,490.0,-148.0
-361.0,-225.0,407.0,674.0,324.0,-265.0,3.0,90.0,431.0,-162.0
-351.0,-308.0,366.0,672.0,333.0,-187.0,25.0,-1.0,366.0,-132.0
-329.0,-429.0,318.0,653.0,345.0,-153.0,34.0,88.0,292.0,-91.0
-289.0,-618.0,291.0,660.0,347.0,-156.0,68.0,40.0,200.0,-27.0
-248.0,-869.0,269.0,678.0,328.0,-220.0,72.0,136.0,142.0,57.0
-213.0,-1113.0,276.0,688.0,291.0,-281.0,71.0,528.0,100.0,160.0
-187.0,-1301.0,226.0,704.0,240.0,-242.0,63.0,777.0,76.0,233.0
-151.0,-1428.0,173.0,698.0,185.0,-144.0,39.0,971.0,72.0,267.0
-115.0,-1497.0,137.0,689.0,131.0,-10.0,51.0,968.0,66.0,292.0
-65.0,-1501.0,95.0,704.0,87.0,39.0,39.0,783.0,86.0,276.0
-4.0,-1471.0,97.0,695.0,56.0,-131.0,-4.0,421.0,108.0,227.0
74.0,-1418.0,86.0,673.0,35.0,-250.0,-60.0,219.0,121.0,157.0
157.0,-1314.0,65.0,637.0,8.0,-129.0,-112.0,164.0,141.0,90.0
222.0,-1137.0,32.0,619.0,-33.0,-27.0,-118.0,149.0,169.0,6.0
279.0,-893.0,-3.0,603.0,-92.0,-89.0,-101.0,345.0,169.0,-107.0
306.0,-629.0,-31.0,560.0,-155.0,-121.0,-96.0,327.0,160.0,-187.0
330.0,-331.0,-56.0,539.0,-207.0,-14.0,-90.0,469.0,150.0,-245.0
325.0,52.0,-31.0,501.0,-235.0,-47.0,-71.0,559.0,118.0,-312.0
311.0,528.0,-63.0,442.0,-229.0,-166.0,-55.0,341.0,110.0,-357.0
279.0,940.0,-35.0,376.0,-201.0,-128.0,-29.0,157.0,115.0,-369.0
229.0,1097.0,23.0,286.0,-161.0,-27.0,18.0,-103.0,119.0,-383.0
207.0,989.0,-15.0,195.0,-124.0,7.0,78.0,-18.0,116.0,-415.0
166.0,684.0,39.0,112.0,-96.0,-54.0,104.0,72.0,116.0,-408.0
125.0,286.0,30.0,28.0,-77.0,-112.0,118.0,114.0,119.0,-367.0
100.0,-66.0,5.0,-62.0,-71.0,-156.0,143.0,332.0,116.0,-341.0
100.0,-290.0,43.0,-166.0,-75.0,-135.0,141.0,452.0,125.0,-285.0
103.0,-404.0,0.0,-271.0,-88.0,-70.0,148.0,598.0,141.0,-198.0
114.0,-319.0,10.0,-342.0,-103.0,-81.0,165.0,395.0,164.0,-96.0
128.0,100.0,57.0,-380.0,-118.0,-75.0,199.0,175.0,196.0,-12.0
156.0,736.0,47.0,-422.0,-129.0,-41.0,222.0,64.0,211.0,78.0
200.0,1379.0,61.0,-456.0,-130.0,33.0,215.0,-142.0,206.0,187.0
233.0,1869.0,95.0,-479.0,-123.0,62.0,190.0,-147.0,194.0,259.0
280.0,2098.0,65.0,-498.0,-105.0,-3.0,163.0,-121.0,179.0,306.0
295.0,2122.0,76.0,-471.0,-87.0,-20.0,150.0,97.0,160.0,321.0
336.0,2099.0,111.0,-427.0,-79.0,15.0,137.0,299.0,138.0,330.0
370.0,2052.0,122.0,-394.0,-74.0,37.0,165.0,498.0,102.0,314.0
389.0,1925.0,168.0,-353.0,-61.0,30.0,202.0,698.0,56.0,286.0
435.0,1708.0,216.0,-316.0,-43.0,76.0,254.0,748.0,0.0,298.0
467.0,1399.0,257.0,-250.0,-27.0,196.0,285.0,872.0,-65.0,291.0
505.0,1058.0,287.0,-155.0,-16.0,192.0,277.0,794.0,-135.0,276.0
527.0,801.0,307.0,-61.0,-6.0,112.0,283.0,722.0,-203.0,289.0
536.0,692.0,308.0,11.0,13.0,227.0,266.0,552.0,-269.0,310.0
508.0,676.0,356.0,72.0,39.0,292.0,272.0,400.0,-325.0,318.0
472.0,633.0,382.0,125.0,68.0,156.0,290.0,347.0,-356.0,306.0
434.0,522.0,344.0,134.0,102.0,118.0,331.0,109.0,-356.0,294.0
384.0,391.0,339.0,134.0,136.0,234.0,366.0,151.0,-353.0,276.0
343.0,239.0,295.0,131.0,168.0,380.0,345.0,138.0,-348.0,203.0
289.0,25.0,275.0,99.0,194.0,284.0,328.0,197.0,-339.0,122.0
233.0,-208.0,269.0,55.0,208.0,76.0,301.0,327.0,-310.0,70.0
180.0,-383.0,210.0,23.0,218.0,54.0,302.0,158.0,-268.0,22.0
141.0,-459.0,220.0,24.0,216.0,141.0,322.0,249.0,-242.0,-9.0
107.0,-500.0,177.0,48.0,194.0,260.0,344.0,332.0,-201.0,3.0
54.0,-620.0,131.0,75.0,163.0,290.0,386.0,328.0,-140.0,63.0
3.0,-764.0,151.0,134.0,139.0,329.0,439.0,408.0,-82.0,120.0
-14.0,-801.0,95.0,235.0,137.0,409.0,456.0,454.0,-48.0,164.0
-41.0,-691.0,130.0,326.0,155.0,366.0,412.0,454.0,-32.0,239.0
-49.0,-484.0,162.0,411.0,183.0,306.0,380.0,267.0,-40.0,322.0
-53.0,-273.0,175.0,505.0,201.0,291.0,381.0,90.0,-91.0,365.0
-64.0,-82.0,232.0,595.0,202.0,280.0,394.0,-94.0,-145.0,398.0
-63.0,74.0,205.0,654.0,187.0,289.0,383.0,-97.0,-207.0,439.0
-75.0,103.0,243.0,702.0,169.0,365.0,368.0,81.0,-265.0,452.0
-77.0,-41.0,235.0,730.0,167.0,496.0,351.0,236.0,-300.0,430.0
-87.0,-266.0,231.0,737.0,176.0,574.0,324.0,432.0,-327.0,412.0
-66.0,-434.0,276.0,736.0,185.0,585.0,309.0,330.0,-331.0,410.0
-52.0,-473.0,270.0,678.0,185.0,516.0,294.0,221.0,-327.0,402.0
-37.0,-422.0,304.0,586.0,180.0,356.0,313.0,160.0,-307.0,404.0
-15.0,-367.0,276.0,448.0,166.0,261.0,310.0,79.0,-271.0,449.0
5.0,-356.0,274.0,280.0,127.0,348.0,299.0,190.0,-225.0,512.0
60.0,-400.0,288.0,116.0,60.0,537.0,325.0,173.0,-174.0,566.0
99.0,-434.0,279.0,-23.0,-10.0,505.0,337.0,243.0,-111.0,634.0
156.0,-436.0,313.0,-106.0,-49.0,281.0,348.0,201.0,-22.0,704.0
181.0,-458.0,314.0,-182.0,-51.0,221.0,358.0,116.0,43.0,738.0
197.0,-476.0,353.0,-253.0,-26.0,267.0,373.0,147.0,106.0,740.0
234.0,-419.0,384.0,-319.0,-2.0,300.0,371.0,9.0,186.0,732.0
236.0,-225.0,409.0,-350.0,-2.0,284.0,356.0,-29.0,257.0,707.0
237.0,167.0,473.0,-369.0,-24.0,273.0,346.0,-112.0,318.0,628.0
233.0,674.0,497.0,-413.0,-61.0,316.0,318.0,-66.0,382.0,535.0
214.0,1061.0,537.0,-425.0,-91.0,311.0,298.0,81.0,456.0,469.0
194.0,1226.0,587.0,-435.0,-105.0,305.0,305.0,240.0,508.0,384.0
167.0,1245.0,620.0,-417.0,-108.0,227.0,295.0,469.0,556.0,280.0
138.0,1181.0,629.0,-370.0,-98.0,149.0,224.0,519.0,606.0,201.0
128.0,1017.0,615.0,-337.0,-77.0,178.0,157.0,639.0,630.0,149.0
109.0,688.0,632.0,-269.0,-47.0,230.0,115.0,607.0,629.0,90.0
91.0,225.0,618.0,-218.0,-11.0,268.0,121.0,519.0,608.0,53.0
86.0,-219.0,570.0,-192.0,17.0,208.0,174.0,417.0,577.0,69.0
88.0,-539.0,557.0,-147.0,23.0,175.0,215.0,216.0,533.0,110.0
99.0,-724.0,547.0,-91.0,4.0,169.0,221.0,242.0,494.0,152.0
108.0,-821.0,502.0,-13.0,-20.0,151.0,188.0,271.0,486.0,208.0
127.0,-855.0,450.0,68.0,-41.0,141.0,162.0,367.0,472.0,313.0
134.0,-813.0,411.0,138.0,-57.0,139.0,121.0,301.0,459.0,395.0
158.0,-764.0,350.0,159.0,-80.0,175.0,110.0,120.0,453.0,452.0
175.0,-793.0,295.0,194.0,-115.0,81.0,123.0,175.0,442.0,548.0
184.0,-869.0,248.0,240.0,-148.0,-14.0,123.0,245.0,417.0,640.0
212.0,-907.0,166.0,254.0,-176.0,22.0,124.0,332.0,382.0,714.0
234.0,-896.0,97.0,289.0,-192.0,143.0,96.0,249.0,350.0,777.0
276.0,-882.0,26.0,320.0,-200.0,168.0,69.0,160.0,312.0,847.0
317.0,-857.0,-43.0,346.0,-217.0,112.0,59.0,133.0,290.0,885.0
352.0,-736.0,-120.0,368.0,-237.0,185.0,104.0,173.0,272.0,869.0
372.0,-469.0,-208.0,407.0,-241.0,239.0,151.0,351.0,252.0,834.0
394.0,-135.0,-277.0,439.0,-224.0,263.0,172.0,317.0,223.0,784.0
388.0,178.0,-369.0,447.0,-194.0,266.0,168.0,325.0,181.0,699.0
382.0,434.0,-420.0,443.0,-166.0,305.0,127.0,212.0,165.0,594.0
374.0,611.0,-463.0,431.0,-146.0,327.0,83.0,66.0,139.0,522.0
361.0,676.0,-539.0,433.0,-130.0,213.0,28.0,-7.0,95.0,454.0
371.0,601.0,-573.0,421.0,-104.0,177.0,44.0,-219.0,44.0,374.0
362.0,416.0,-629.0,397.0,-72.0,228.0,105.0,-177.0,-23.0,325.0
355.0,161.0,-681.0,387.0,-53.0,258.0,172.0,-94.0,-84.0,316.0
325.0,-45.0,-691.0,359.0,-51.0,254.0,199.0,94.0,-149.0,290.0
312.0,-58.0,-716.0,337.0,-50.0,259.0,168.0,164.0,-210.0,261.0
269.0,143.0,-738.0,355.0,-30.0,287.0,157.0,60.0,-256.0,281.0
221.0,477.0,-730.0,352.0,5.0,319.0,132.0,136.0,-303.0,312.0
197.0,826.0,-729.0,336.0,44.0,340.0,140.0,97.0,-343.0,345.0
154.0,1086.0,-718.0,325.0,75.0,340.0,183.0,114.0,-365.0,400.0
119.0,1251.0,-660.0,297.0,95.0,306.0,199.0,31.0,-367.0,484.0
88.0,1434.0,-589.0,279.0,111.0,271.0,210.0,-142.0,-372.0,540.0
78.0,1662.0,-496.0,281.0,123.0,354.0,199.0,-282.0,-383.0,568.0
77.0,1792.0,-403.0,291.0,131.0,412.0,172.0,-332.0,-366.0,583.0
97.0,1724.0,-286.0,304.0,141.0,400.0,159.0,-212.0,-344.0,571.0
93.0,1478.0,-175.0,342.0,154.0,409.0,134.0,-181.0,-305.0,521.0
114.0,1053.0,-94.0,393.0,161.0,476.0,83.0,-83.0,-229.0,430.0
145.0,489.0,33.0,409.0,158.0,548.0,23.0,-99.0,-137.0,370.0
159.0,-28.0,110.0,401.0,161.0,470.0,-21.0,-147.0,-43.0,281.0
173.0,-417.0,172.0,395.0,184.0,421.0,-4.0,-96.0,54.0,167.0
193.0,-720.0,259.0,388.0,216.0,458.0,37.0,-197.0,152.0,97.0
225.0,-919.0,284.0,374.0,244.0,474.0,67.0,-232.0,237.0,38.0
229.0,-979.0,307.0,346.0,263.0,459.0,103.0,-219.0,336.0,-24.0
248.0,-854.0,326.0,306.0,268.0,444.0,145.0,-140.0,432.0,-95.0
246.0,-558.0,309.0,276.0,267.0,484.0,186.0,-109.0,487.0,-119.0
265.0,-240.0,293.0,239.0,274.0,403.0,191.0,-271.0,519.0,-127.0
283.0,-50.0,276.0,148.0,299.0,275.0,190.0,-369.0,556.0,-153.0
284.0,-53.0,276.0,48.0,346.0,314.0,176.0,-412.0,589.0,-152.0
273.0,-182.0,228.0,-36.0,398.0,442.0,148.0,-339.0,585.0,-111.0
238.0,-288.0,199.0,-123.0,435.0,444.0,153.0,-369.0,566.0,-58.0
219.0,-228.0,197.0,-189.0,446.0,291.0,148.0,-408.0,535.0,-5.0
184.0,16.0,146.0,-242.0,421.0,203.0,132.0,-341.0,474.0,98.0
154.0,277.0,133.0,-233.0,364.0,167.0,92.0,-325.0,408.0,225.0
107.0,390.0,107.0,-186.0,288.0,173.0,61.0,-72.0,337.0,323.0
53.0,259.0,90.0,-176.0,215.0,221.0,55.0,-42.0,246.0,422.0
15.0,-49.0,82.0,-168.0,162.0,273.0,42.0,-88.0,141.0,536.0
-20.0,-295.0,77.0,-184.0,123.0,279.0,79.0,-24.0,61.0,589.0
-55.0,-406.0,104.0,-236.0,82.0,243.0,125.0,-118.0,0.0,599.0
-97.0,-484.0,139.0,-283.0,27.0,278.0,180.0,-116.0,-69.0,603.0
-132.0,-481.0,188.0,-326.0,-43.0,222.0,233.0,-279.0,-127.0,561.0
-136.0,-305.0,242.0,-391.0,-124.0,104.0,250.0,-325.0,-192.0,499.0
-151.0,-46.0,318.0,-459.0,-200.0,61.0,285.0,-363.0,-235.0,425.0
-165.0,189.0,371.0,-491.0,-266.0,153.0,296.0,-484.0,-245.0,351.0
-181.0,368.0,436.0,-512.0,-312.0,214.0,315.0,-476.0,-243.0,284.0
-207.0,418.0,496.0,-489.0,-326.0,56.0,344.0,-622.0,-214.0,234.0
-203.0,351.0,530.0,-420.0,-305.0,-30.0,339.0,-569.0,-174.0,208.0
-171.0,277.0,562.0,-353.0,-254.0,-24.0,331.0,-583.0,-126.0,198.0
-126.0,274.0,581.0,-306.0,-193.0,-75.0,306.0,-626.0,-84.0,190.0
-90.0,290.0,583.0,-280.0,-139.0,-200.0,282.0,-556.0,-60.0,175.0
-28.0,198.0,571.0,-246.0,-104.0,-189.0,266.0,-473.0,-39.0,128.0
45.0,-46.0,570.0,-201.0,-89.0,-29.0,284.0,-60.0,-21.0,42.0
120.0,-331.0,525.0,-172.0,-83.0,-56.0,325.0,282.0,-18.0,-69.0
177.0,-518.0,489.0,-156.0,-85.0,-169.0,371.0,519.0,-18.0,-205.0
228.0,-586.0,451.0,-151.0,-98.0,-132.0,402.0,548.0,-29.0,-322.0
283.0,-558.0,400.0,-166.0,-108.0,-64.0,393.0,363.0,-55.0,-416.0
331.0,-442.0,374.0,-173.0,-106.0,-165.0,377.0,134.0,-76.0,-479.0
384.0,-332.0,319.0,-141.0,-81.0,-263.0,386.0,-129.0,-93.0,-509.0
408.0,-299.0,302.0,-114.0,-34.0,-233.0,428.0,-149.0,-82.0,-509.0
444.0,-296.0,246.0,-73.0,29.0,-194.0,440.0,-253.0,-49.0,-492.0
456.0,-248.0,185.0,21.0,98.0,-276.0,428.0,-232.0,-21.0,-476.0
451.0,-68.0,159.0,110.0,147.0,-402.0,411.0,-70.0,-3.0,-455.0
438.0,228.0,64.0,214.0,166.0,-359.0,392.0,16.0,11.0,-418.0
421.0,431.0,51.0,337.0,158.0,-277.0,377.0,332.0,25.0,-357.0
404.0,398.0,52.0,425.0,140.0,-164.0,352.0,336.0,33.0,-289.0
373.0,260.0,7.0,475.0,118.0,-9.0,350.0,232.0,49.0,-219.0
367.0,247.0,3.0,480.0,86.0,66.0,324.0,112.0,72.0,-149.0
365.0,382.0,-17.0,471.0,66.0,-6.0,271.0,-155.0,91.0,-85.0
377.0,511.0,-39.0,455.0,74.0,-116.0,226.0,-186.0,114.0,-41.0
374.0,506.0,-46.0,432.0,106.0,-81.0,177.0,-214.0,136.0,12.0
379.0,395.0,-78.0,448.0,145.0,12.0,143.0,-9.0,148.0,86.0
401.0,341.0,-84.0,455.0,161.0,126.0,130.0,136.0,157.0,153.0
392.0,414.0,-58.0,432.0,139.0,180.0,133.0,136.0,174.0,233.0
385.0,490.0,-69.0,429.0,90.0,187.0,155.0,64.0,189.0,297.0
380.0,487.0,-47.0,387.0,44.0,114.0,179.0,-133.0,180.0,344.0
384.0,450.0,-31.0,356.0,34.0,-4.0,198.0,-129.0,169.0,387.0
398.0,420.0,-35.0,341.0,66.0,6.0,216.0,-247.0,176.0,411.0
389.0,393.0,-27.0,311.0,107.0,37.0,185.0,-397.0,182.0,446.0
399.0,360.0,-34.0,315.0,124.0,74.0,154.0,-585.0,181.0,499.0
403.0,365.0,-29.0,305.0,118.0,163.0,115.0,-447.0,201.0,546.0
401.0,451.0,-55.0,321.0,108.0,224.0,26.0,-73.0,233.0,611.0
426.0,631.0,-38.0,326.0,99.0,173.0,-40.0,12.0,238.0,666.0
423.0,863.0,-50.0,344.0,84.0,56.0,-68.0,158.0,230.0,703.0
434.0,1034.0,-56.0,413.0,51.0,54.0,-61.0,88.0,217.0,753.0
432.0,1079.0,-44.0,419.0,0.0,214.0,-43.0,53.0,219.0,801.0
442.0,969.0,-74.0,433.0,-60.0,257.0,-17.0,-57.0,236.0,860.0
440.0,656.0,-20.0,456.0,-110.0,79.0,18.0,-410.0,256.0,913.0
412.0,179.0,-13.0,450.0,-117.0,-110.0,56.0,-467.0,280.0,965.0
392.0,-299.0,6.0,456.0,-87.0,-133.0,79.0,-484.0,282.0,1014.0
344.0,-633.0,53.0,439.0,-58.0,10.0,79.0,-389.0,255.0,1036.0
319.0,-830.0,41.0,390.0,-62.0,125.0,99.0,-352.0,225.0,1030.0
284.0,-974.0,53.0,329.0,-104.0,204.0,115.0,-382.0,202.0,987.0
259.0,-1090.0,50.0,217.0,-167.0,235.0,144.0,-323.0,197.0,908.0
217.0,-1141.0,49.0,71.0,-228.0,125.0,160.0,-456.0,201.0,808.0
166.0,-1125.0,9.0,-28.0,-261.0,21.0,165.0,-399.0,205.0,691.0
124.0,-1106.0,-2.0,-132.0,-259.0,9.0,177.0,-290.0,201.0,560.0
55.0,-1092.0,-2.0,-239.0,-230.0,-6.0,140.0,-175.0,176.0,435.0
-21.0,-1060.0,-32.0,-290.0,-194.0,58.0,90.0,-18.0,159.0,303.0
-111.0,-998.0,-15.0,-335.0,-166.0,237.0,51.0,-29.0,140.0,175.0
-182.0,-920.0,-20.0,-354.0,-141.0,358.0,35.0,0.0,114.0,49.0
-264.0,-865.0,-34.0,-346.0,-109.0,375.0,28.0,-138.0,100.0,-81.0
-343.0,-840.0,-22.0,-331.0,-72.0,274.0,1.0,-229.0,80.0,-199.0
-406.0,-787.0,-13.0,-320.0,-43.0,199.0,-46.0,-325.0,54.0,-306.0
-460.0,-638.0,-4.0,-328.0,-34.0,218.0,-91.0,-412.0,22.0,-397.0
-500.0,-428.0,28.0,-350.0,-44.0,154.0,-114.0,-341.0,-19.0,-481.0
-524.0,-234.0,4.0,-384.0,-59.0,60.0,-135.0,-384.0,-60.0,-546.0
-546.0,-12.0,-8.0,-354.0,-66.0,43.0,-110.0,-284.0,-108.0,-607.0
-553.0,340.0,15.0,-346.0,-67.0,3.0,-93.0,-312.0,-161.0,-655.0
-566.0,766.0,25.0,-358.0,-66.0,-135.0,-105.0,-375.0,-184.0,-692.0
-598.0,1072.0,51.0,-338.0,-75.0,-177.0,-114.0,-421.0,-191.0,-705.0
-610.0,1145.0,61.0,-350.0,-90.0,14.0,-147.0,-439.0,-195.0,-670.0
-630.0,1067.0,96.0,-327.0,-98.0,119.0,-166.0,-306.0,-177.0,-625.0
-619.0,970.0,101.0,-306.0,-92.0,6.0,-197.0,-345.0,-142.0,-567.0
-584.0,872.0,115.0,-297.0,-79.0,-66.0,-232.0,-258.0,-101.0,-503.0
-529.0,715.0,152.0,-280.0,-72.0,-43.0,-234.0,-269.0,-40.0,-424.0
-472.0,480.0,170.0,-262.0,-61.0,-43.0,-227.0,-243.0,15.0,-364.0
-402.0,240.0,191.0,-249.0,-38.0,-103.0,-227.0,-173.0,68.0,-311.0
-309.0,108.0,173.0,-245.0,-5.0,-159.0,-207.0,-317.0,133.0,-254.0
-230.0,221.0,145.0,-208.0,29.0,-207.0,-154.0,-288.0,165.0,-230.0
-145.0,633.0,120.0,-204.0,55.0,-294.0,-95.0,-400.0,198.0,-229.0
-101.0,1183.0,84.0,-249.0,67.0,-381.0,-48.0,-395.0,221.0,-288.0
-56.0,1596.0,23.0,-298.0,64.0,-366.0,-56.0,-332.0,220.0,-342.0
-19.0,1709.0,-24.0,-342.0,48.0,-300.0,-87.0,-402.0,214.0,-398.0
11.0,1512.0,-64.0,-361.0,20.0,-284.0,-129.0,-330.0,207.0,-490.0
60.0,1125.0,-154.0,-360.0,-7.0,-233.0,-175.0,-389.0,200.0,-550.0
113.0,681.0,-218.0,-364.0,-12.0,-194.0,-168.0,-365.0,181.0,-606.0
141.0,184.0,-287.0,-344.0,0.0,-254.0,-162.0,-397.0,161.0,-671.0
154.0,-344.0,-381.0,-283.0,22.0,-332.0,-151.0,-408.0,122.0,-729.0
191.0,-837.0,-443.0,-183.0,44.0,-352.0,-151.0,-378.0,72.0,-769.0
192.0,-1192.0,-523.0,-96.0,48.0,-293.0,-190.0,-533.0,0.0,-808.0
217.0,-1326.0,-525.0,-57.0,37.0,-238.0,-241.0,-456.0,-91.0,-842.0
213.0,-1253.0,-553.0,-6.0,16.0,-166.0,-299.0,-371.0,-168.0,-825.0
210.0,-1006.0,-572.0,50.0,-8.0,-86.0,-324.0,-229.0,-266.0,-784.0
252.0,-620.0,-502.0,108.0,-31.0,-127.0,-315.0,-149.0,-363.0,-731.0
263.0,-223.0,-515.0,179.0,-53.0,-221.0,-302.0,-251.0,-455.0,-651.0
297.0,2.0,-472.0,244.0,-59.0,-258.0,-284.0,-290.0,-538.0,-557.0
311.0,20.0,-443.0,289.0,-30.0,-175.0,-258.0,-469.0,-580.0,-439.0
335.0,-91.0,-404.0,325.0,30.0,-124.0,-263.0,-532.0,-613.0,-312.0
358.0,-228.0,-347.0,339.0,103.0,-202.0,-280.0,-596.0,-629.0,-187.0
364.0,-240.0,-330.0,332.0,169.0,-271.0,-275.0,-591.0,-608.0,-33.0
388.0,-59.0,-246.0,321.0,214.0,-281.0,-271.0,-504.0,-581.0,108.0
382.0,176.0,-213.0,286.0,236.0,-257.0,-249.0,-546.0,-525.0,221.0
379.0,345.0,-171.0,267.0,229.0,-206.0,-235.0,-365.0,-440.0,348.0
375.0,466.0,-129.0,260.0,194.0,-60.0,-258.0,-243.0,-353.0,467.0
362.0,530.0,-112.0,256.0,145.0,22.0,-316.0,-121.0,-257.0,556.0
353.0,491.0,-63.0,265.0,91.0,-48.0,-385.0,-77.0,-153.0,638.0
355.0,334.0,-43.0,252.0,54.0,-166.0,-428.0,-48.0,-64.0,724.0
349.0,84.0,-16.0,235.0,45.0,-160.0,-423.0,149.0,9.0,806.0
332.0,-292.0,25.0,235.0,65.0,-18.0,-368.0,99.0,76.0,861.0
338.0,-767.0,37.0,225.0,104.0,-19.0,-322.0,125.0,144.0,899.0
339.0,-1163.0,51.0,233.0,149.0,-90.0,-300.0,-9.0,207.0,940.0
322.0,-1347.0,77.0,240.0,178.0,-106.0,-294.0,-181.0,254.0,963.0
304.0,-1270.0,117.0,244.0,182.0,-169.0,-289.0,-253.0,304.0,966.0
290.0,-966.0,176.0,297.0,164.0,-216.0,-236.0,-471.0,336.0,979.0
266.0,-514.0,238.0,342.0,124.0,-181.0,-194.0,-332.0,350.0,1004.0
221.0,-40.0,315.0,388.0,66.0,-142.0,-188.0,-127.0,336.0,977.0
172.0,299.0,395.0,417.0,5.0,-154.0,-207.0,90.0,288.0,920.0
122.0,441.0,460.0,404.0,-38.0,-230.0,-230.0,175.0,242.0,879.0
87.0,372.0,503.0,397.0,-56.0,-279.0,-230.0,116.0,181.0,808.0
54.0,177.0,532.0,369.0,-56.0,-275.0,-208.0,303.0,118.0,698.0
40.0,9.0,535.0,318.0,-49.0,-244.0,-193.0,282.0,65.0,572.0
41.0,-46.0,541.0,214.0,-34.0,-125.0,-200.0,121.0,23.0,463.0
28.0,14.0,535.0,69.0,2.0,-113.0,-192.0,59.0,-30.0,325.0
17.0,74.0,554.0,-54.0,62.0,-254.0,-189.0,147.0,-100.0,154.0
-26.0,32.0,521.0,-177.0,120.0,-357.0,-189.0,131.0,-165.0,26.0
-68.0,-69.0,454.0,-297.0,150.0,-339.0,-204.0,-68.0,-229.0,-94.0
-120.0,-75.0,426.0,-433.0,143.0,-249.0,-229.0,-147.0,-292.0,-208.0
-179.0,114.0,339.0,-597.0,105.0,-181.0,-224.0,-306.0,-322.0,-291.0
-203.0,374.0,287.0,-730.0,50.0,-109.0,-210.0,-223.0,-327.0,-339.0
-246.0,539.0,214.0,-835.0,-15.0,-74.0,-158.0,-107.0,-346.0,-378.0
-272.0,595.0,175.0,-902.0,-85.0,-60.0,-101.0,-162.0,-344.0,-429.0
-304.0,610.0,149.0,-908.0,-145.0,-128.0,-80.0,-138.0,-328.0,-437.0
-315.0,605.0,107.0,-902.0,-179.0,-215.0,-72.0,-286.0,-309.0,-420.0
-334.0,563.0,106.0,-883.0,-189.0,-112.0,-90.0,-301.0,-279.0,-373.0
-364.0,481.0,59.0,-830.0,-178.0,-104.0,-135.0,-247.0,-238.0,-297.0
-363.0,344.0,51.0,-735.0,-154.0,-327.0,-177.0,-84.0,-191.0,-184.0
-349.0,177.0,37.0,-615.0,-142.0,-432.0,-232.0,-9.0,-155.0,-51.0
-309.0,9.0,32.0,-511.0,-149.0,-295.0,-302.0,-114.0,-92.0,53.0
-310.0,-165.0,30.0,-394.0,-163.0,-162.0,-333.0,16.0,-24.0,133.0
-295.0,-309.0,11.0,-271.0,-164.0,-159.0,-333.0,-38.0,33.0,192.0
-290.0,-428.0,31.0,-180.0,-153.0,-130.0,-314.0,25.0,74.0,224.0
-282.0,-619.0,10.0,-117.0,-146.0,-64.0,-270.0,-22.0,101.0,193.0
-269.0,-900.0,-8.0,-53.0,-144.0,-89.0,-276.0,-218.0,103.0,129.0
-247.0,-1168.0,-31.0,-10.0,-141.0,-133.0,-320.0,-90.0,95.0,59.0
-208.0,-1331.0,-88.0,-14.0,-133.0,-171.0,-345.0,-121.0,124.0,-24.0
-191.0,-1332.0,-105.0,-34.0,-129.0,-260.0,-335.0,-64.0,136.0,-128.0
-148.0,-1170.0,-171.0,-58.0,-132.0,-283.0,-307.0,-73.0,140.0,-216.0
-111.0,-923.0,-213.0,-63.0,-126.0,-220.0,-305.0,-153.0,146.0,-271.0
-43.0,-654.0,-218.0,-43.0,-101.0,-179.0,-305.0,-145.0,152.0,-327.0
-20.0,-392.0,-268.0,13.0,-66.0,-214.0,-305.0,-284.0,162.0,-359.0
0.0,-192.0,-289.0,55.0,-36.0,-292.0,-314.0,-314.0,161.0,-372.0
27.0,-72.0,-294.0,76.0,-16.0,-279.0,-318.0,-349.0,172.0,-395.0
36.0,39.0,-294.0,124.0,-3.0,-256.0,-305.0,-356.0,195.0,-462.0
62.0,201.0,-313.0,173.0,3.0,-294.0,-304.0,-417.0,205.0,-536.0
69.0,423.0,-299.0,252.0,2.0,-294.0,-310.0,-473.0,200.0,-604.0
94.0,695.0,-288.0,322.0,-12.0,-306.0,-326.0,-404.0,201.0,-713.0
81.0,984.0,-290.0,352.0,-42.0,-325.0,-361.0,-434.0,182.0,-819.0
92.0,1245.0,-286.0,362.0,-77.0,-358.0,-358.0,-369.0,143.0,-900.0
90.0,1482.0,-262.0,320.0,-88.0,-357.0,-368.0,-317.0,108.0,-959.0
119.0,1698.0,-251.0,280.0,-62.0,-265.0,-366.0,-238.0,50.0,-1006.0
162.0,1842.0,-257.0,236.0,-18.0,-232.0,-330.0,-182.0,-31.0,-1021.0
158.0,1867.0,-219.0,198.0,10.0,-365.0,-297.0,-218.0,-124.0,-999.0
186.0,1705.0,-252.0,217.0,16.0,-488.0,-255.0,-140.0,-223.0,-972.0
200.0,1360.0,-227.0,225.0,13.0,-491.0,-242.0,-158.0,-305.0,-960.0
210.0,898.0,-218.0,241.0,8.0,-529.0,-255.0,-68.0,-375.0,-918.0
193.0,368.0,-251.0,263.0,-2.0,-582.0,-270.0,-18.0,-440.0,-845.0
200.0,-139.0,-208.0,261.0,-4.0,-576.0,-246.0,-60.0,-481.0,-812.0
195.0,-562.0,-221.0,268.0,19.0,-507.0,-211.0,-49.0,-529.0,-776.0
194.0,-850.0,-234.0,278.0,55.0,-499.0,-207.0,-197.0,-573.0,-739.0
182.0,-1018.0,-224.0,235.0,94.0,-553.0,-236.0,-234.0,-598.0,-719.0
144.0,-1149.0,-215.0,162.0,134.0,-515.0,-289.0,-192.0,-624.0,-733.0
139.0,-1298.0,-224.0,93.0,166.0,-494.0,-322.0,-46.0,-642.0,-737.0
91.0,-1476.0,-237.0,27.0,189.0,-494.0,-307.0,-57.0,-650.0,-696.0
58.0,-1609.0,-232.0,-17.0,192.0,-499.0,-252.0,-197.0,-639.0,-689.0
22.0,-1580.0,-208.0,-80.0,181.0,-468.0,-214.0,-195.0,-615.0,-651.0
19.0,-1326.0,-193.0,-152.0,164.0,-389.0,-200.0,-253.0,-576.0,-579.0
8.0,-888.0,-196.0,-197.0,146.0,-367.0,-184.0,-16.0,-537.0,-497.0
-20.0,-391.0,-199.0,-258.0,123.0,-306.0,-189.0,169.0,-487.0,-406.0
-26.0,38.0,-206.0,-322.0,91.0,-319.0,-211.0,254.0,-416.0,-299.0
-60.0,351.0,-224.0,-341.0,64.0,-455.0,-210.0,299.0,-331.0,-155.0
-63.0,565.0,-229.0,-308.0,55.0,-512.0,-174.0,5.0,-224.0,-25.0
-82.0,728.0,-189.0,-290.0,52.0,-448.0,-141.0,-133.0,-100.0,94.0
-100.0,838.0,-193.0,-304.0,36.0,-375.0,-140.0,-293.0,11.0,215.0
-127.0,896.0,-164.0,-338.0,6.0,-415.0,-149.0,-408.0,106.0,319.0
-156.0,966.0,-124.0,-417.0,-18.0,-394.0,-135.0,-460.0,204.0,374.0
-174.0,1074.0,-107.0,-493.0,-26.0,-290.0,-112.0,-567.0,277.0,407.0
-191.0,1133.0,-14.0,-551.0,-34.0,-310.0,-106.0,-437.0,350.0,417.0
-211.0,1071.0,4.0,-612.0,-58.0,-381.0,-89.0,-317.0,410.0,377.0
-227.0,953.0,58.0,-681.0,-90.0,-339.0,-57.0,-55.0,455.0,332.0
-203.0,832.0,138.0,-704.0,-114.0,-208.0,-32.0,72.0,470.0,262.0
-209.0,700.0,149.0,-687.0,-128.0,-195.0,9.0,27.0,464.0,184.0
-177.0,498.0,199.0,-653.0,-137.0,-238.0,25.0,-77.0,454.0,103.0
-157.0,199.0,250.0,-574.0,-151.0,-262.0,1.0,-424.0,422.0,11.0
-150.0,-84.0,286.0,-467.0,-173.0,-354.0,-8.0,-460.0,402.0,-78.0
-123.0,-255.0,282.0,-338.0,-197.0,-411.0,-24.0,-400.0,353.0,-201.0
-105.0,-317.0,334.0,-248.0,-222.0,-354.0,-32.0,-306.0,316.0,-323.0
-96.0,-337.0,340.0,-175.0,-241.0,-175.0,-23.0,-199.0,277.0,-422.0
-108.0,-380.0,328.0,-103.0,-244.0,-44.0,0.0,-223.0,213.0,-518.0
-93.0,-532.0,346.0,-51.0,-220.0,-141.0,51.0,-284.0,164.0,-600.0
-107.0,-791.0,319.0,-15.0,-166.0,-182.0,100.0,-498.0,90.0,-643.0
-106.0,-1012.0,335.0,4.0,-100.0,-69.0,166.0,-489.0,18.0,-676.0
-110.0,-1092.0,267.0,37.0,-39.0,-5.0,191.0,-508.0,-73.0,-699.0
-118.0,-1054.0,277.0,55.0,2.0,-63.0,145.0,-399.0,-157.0,-685.0
-122.0,-1014.0,228.0,44.0,23.0,-160.0,108.0,-158.0,-226.0,-663.0
-169.0,-1051.0,128.0,6.0,33.0,-173.0,98.0,-51.0,-289.0,-630.0
-180.0,-1072.0,98.0,-5.0,52.0,-199.0,103.0,138.0,-330.0,-587.0
-179.0,-953.0,-23.0,-20.0,93.0,-192.0,101.0,-12.0,-369.0,-522.0
-198.0,-732.0,-47.0,-3.0,144.0,-96.0,120.0,-138.0,-403.0,-468.0
-257.0,-533.0,-130.0,55.0,193.0,-114.0,140.0,-175.0,-453.0,-423.0
-298.0,-350.0,-198.0,100.0,233.0,-233.0,139.0,-304.0,-487.0,-312.0
-329.0,-107.0,-202.0,183.0,260.0,-220.0,155.0,-341.0,-519.0,-180.0
-375.0,133.0,-276.0,233.0,278.0,-141.0,174.0,-266.0,-553.0,-61.0
-392.0,225.0,-294.0,284.0,275.0,-135.0,191.0,81.0,-573.0,83.0
-413.0,135.0,-328.0,370.0,247.0,-113.0,186.0,295.0,-599.0,233.0
-424.0,-36.0,-347.0,458.0,199.0,-100.0,138.0,369.0,-608.0,329.0
-447.0,-139.0,-364.0,544.0,146.0,-129.0,74.0,279.0,-604.0,376.0
-473.0,-83.0,-383.0,630.0,112.0,-160.0,28.0,94.0,-587.0,381.0
-510.0,102.0,-377.0,716.0,98.0,-112.0,0.0,22.0,-545.0,355.0
-516.0,337.0,-390.0,763.0,92.0,-62.0,-2.0,-232.0,-484.0,297.0
-527.0,568.0,-386.0,806.0,82.0,-151.0,43.0,-310.0,-410.0,205.0
-541.0,772.0,-375.0,846.0,53.0,-257.0,105.0,-297.0,-326.0,137.0
-519.0,863.0,-335.0,881.0,-13.0,-185.0,140.0,-325.0,-235.0,82.0
-511.0,758.0,-342.0,867.0,-125.0,-24.0,132.0,-234.0,-140.0,12.0
-456.0,548.0,-337.0,809.0,-250.0,28.0,105.0,-234.0,-45.0,-23.0
-417.0,354.0,-285.0,717.0,-345.0,-53.0,54.0,-158.0,28.0,-15.0
-374.0,205.0,-280.0,550.0,-388.0,-146.0,-1.0,-243.0,89.0,-8.0
-315.0,80.0,-272.0,383.0,-370.0,-90.0,-36.0,-323.0,140.0,0.0
-258.0,-39.0,-222.0,262.0,-313.0,-46.0,-74.0,-330.0,188.0,43.0
-185.0,-207.0,-199.0,159.0,-254.0,-85.0,-88.0,-327.0,246.0,98.0
-138.0,-385.0,-183.0,58.0,-223.0,-74.0,-105.0,-24.0,298.0,127.0
-78.0,-427.0,-126.0,-23.0,-207.0,-39.0,-151.0,162.0,337.0,155.0
-41.0,-373.0,-165.0,-100.0,-176.0,-89.0,-203.0,339.0,356.0,186.0
13.0,-376.0,-124.0,-164.0,-123.0,-150.0,-274.0,260.0,357.0,197.0
78.0,-471.0,-102.0,-235.0,-63.0,-127.0,-346.0,-48.0,355.0,172.0
139.0,-622.0,-159.0,-328.0,-17.0,-118.0,-414.0,-206.0,363.0,141.0
197.0,-788.0,-116.0,-418.0,11.0,-164.0,-470.0,-439.0,351.0,134.0
230.0,-840.0,-171.0,-492.0,28.0,-221.0,-476.0,-345.0,341.0,83.0
289.0,-671.0,-195.0,-524.0,23.0,-220.0,-408.0,-73.0,349.0,10.0
315.0,-372.0,-227.0,-539.0,0.0,-269.0,-316.0,223.0,339.0,-33.0
334.0,-92.0,-279.0,-557.0,-26.0,-252.0,-247.0,485.0,339.0,-100.0
331.0,110.0,-264.0,-572.0,-35.0,-151.0,-190.0,550.0,333.0,-155.0
306.0,258.0,-319.0,-560.0,-25.0,-162.0,-177.0,550.0,323.0,-169.0
288.0,405.0,-318.0,-553.0,-10.0,-221.0,-173.0,332.0,305.0,-160.0
238.0,548.0,-313.0,-568.0,-1.0,-286.0,-182.0,155.0,254.0,-144.0
199.0,652.0,-359.0,-577.0,5.0,-212.0,-232.0,-1.0,207.0,-147.0
144.0,675.0,-360.0,-570.0,11.0,-108.0,-236.0,-96.0,163.0,-131.0
83.0,547.0,-394.0,-605.0,28.0,-135.0,-205.0,-59.0,133.0,-143.0
43.0,300.0,-419.0,-679.0,69.0,-148.0,-131.0,-20.0,109.0,-171.0
4.0,107.0,-413.0,-723.0,138.0,-127.0,-83.0,236.0,87.0,-192.0
-33.0,34.0,-424.0,-782.0,213.0,-149.0,-115.0,343.0,62.0,-224.0
-75.0,-24.0,-405.0,-834.0,265.0,-157.0,-130.0,419.0,20.0,-238.0
-91.0,-76.0,-379.0,-842.0,284.0,-54.0,-99.0,424.0,-33.0,-279.0
-124.0,-57.0,-366.0,-850.0,278.0,-33.0,-67.0,140.0,-92.0,-276.0
-157.0,-21.0,-342.0,-861.0,243.0,-175.0,-62.0,-73.0,-161.0,-252.0
-197.0,-22.0,-296.0,-844.0,177.0,-254.0,-58.0,-264.0,-241.0,-257.0
-248.0,-17.0,-252.0,-804.0,92.0,-122.0,-46.0,-125.0,-291.0,-250.0
-271.0,53.0,-211.0,-747.0,12.0,27.0,4.0,203.0,-323.0,-259.0
-292.0,158.0,-127.0,-695.0,-45.0,-23.0,30.0,424.0,-350.0,-266.0
-290.0,190.0,-65.0,-635.0,-81.0,-146.0,10.0,604.0,-351.0,-312.0
-282.0,112.0,-31.0,-550.0,-99.0,-206.0,-1.0,578.0,-340.0,-376.0
-266.0,-27.0,45.0,-442.0,-108.0,-191.0,-49.0,491.0,-323.0,-424.0
-261.0,-188.0,67.0,-312.0,-113.0,-195.0,-77.0,258.0,-313.0,-495.0
-260.0,-318.0,82.0,-184.0,-106.0,-206.0,-58.0,40.0,-301.0,-587.0
-262.0,-348.0,127.0,-57.0,-97.0,-233.0,-52.0,-105.0,-274.0,-656.0
-259.0,-291.0,118.0,57.0,-103.0,-310.0,-78.0,-166.0,-220.0,-697.0
-252.0,-186.0,132.0,159.0,-129.0,-357.0,-140.0,-33.0,-161.0,-763.0
-248.0,-23.0,160.0,211.0,-162.0,-331.0,-209.0,-1.0,-104.0,-808.0
-228.0,144.0,168.0,204.0,-177.0,-251.0,-246.0,155.0,-30.0,-820.0
-215.0,201.0,184.0,203.0,-164.0,-327.0,-269.0,301.0,46.0,-826.0
-189.0,143.0,191.0,198.0,-116.0,-317.0,-268.0,362.0,126.0,-846.0
-169.0,69.0,203.0,190.0,-46.0,-132.0,-259.0,325.0,206.0,-853.0
-153.0,67.0,204.0,201.0,13.0,-147.0,-259.0,133.0,287.0,-792.0
-144.0,184.0,196.0,249.0,49.0,-221.0,-195.0,107.0,347.0,-734.0
-132.0,393.0,228.0,317.0,60.0,-220.0,-123.0,72.0,390.0,-676.0
-138.0,563.0,219.0,377.0,56.0,-67.0,-77.0,352.0,426.0,-579.0
-154.0,537.0,225.0,471.0,52.0,83.0,-26.0,578.0,444.0,-462.0
-139.0,330.0,239.0,545.0,56.0,15.0,-28.0,508.0,468.0,-353.0
-141.0,153.0,253.0,577.0,68.0,-16.0,-65.0,543.0,498.0,-262.0
-128.0,120.0,302.0,605.0,81.0,39.0,-118.0,297.0,526.0,-159.0
-148.0,134.0,303.0,603.0,78.0,91.0,-191.0,99.0,555.0,-71.0
-166.0,98.0,361.0,599.0,54.0,114.0,-247.0,-48.0,575.0,-45.0
-181.0,65.0,344.0,595.0,16.0,111.0,-299.0,-16.0,590.0,-37.0
-218.0,149.0,318.0,591.0,-19.0,100.0,-320.0,208.0,585.0,-20.0
-243.0,312.0,345.0,615.0,-45.0,132.0,-298.0,131.0,532.0,-54.0
-283.0,399.0,287.0,619.0,-61.0,225.0,-267.0,88.0,458.0,-114.0
-306.0,330.0,302.0,567.0,-70.0,274.0,-242.0,-31.0,365.0,-152.0
-344.0,190.0,294.0,521.0,-68.0,280.0,-222.0,-84.0,279.0,-170.0
-351.0,133.0,280.0,472.0,-52.0,227.0,-184.0,-125.0,217.0,-205.0
-354.0,165.0,287.0,433.0,-33.0,236.0,-154.0,-223.0,165.0,-235.0
-347.0,144.0,257.0,395.0,-30.0,355.0,-146.0,-221.0,142.0,-222.0
-351.0,48.0,257.0,314.0,-51.0,403.0,-146.0,-251.0,128.0,-212.0
-369.0,45.0,236.0,233.0,-90.0,459.0,-155.0,33.0,122.0,-222.0
-330.0,203.0,198.0,142.0,-126.0,538.0,-162.0,168.0,118.0,-239.0
-314.0,350.0,168.0,74.0,-132.0,530.0,-166.0,160.0,111.0,-227.0
-278.0,391.0,149.0,16.0,-92.0,436.0,-185.0,195.0,109.0,-230.0
-246.0,425.0,121.0,-58.0,-19.0,413.0,-166.0,53.0,97.0,-254.0
-203.0,478.0,108.0,-148.0,52.0,544.0,-99.0,-24.0,69.0,-219.0
-177.0,484.0,105.0,-261.0,89.0,546.0,-76.0,-221.0,33.0,-149.0
-139.0,412.0,95.0,-344.0,69.0,428.0,-70.0,-271.0,-19.0,-97.0
-109.0,293.0,96.0,-451.0,-3.0,423.0,-89.0,-214.0,-93.0,-54.0
-99.0,121.0,46.0,-563.0,-92.0,489.0,-128.0,-194.0,-151.0,31.0
-52.0,-128.0,47.0,-639.0,-146.0,542.0,-150.0,-70.0,-215.0,94.0
-56.0,-420.0,25.0,-687.0,-161.0,534.0,-165.0,-7.0,-280.0,98.0
-27.0,-695.0,-43.0,-737.0,-159.0,617.0,-164.0,64.0,-321.0,110.0
-24.0,-892.0,-65.0,-807.0,-144.0,750.0,-181.0,5.0,-351.0,128.0
4.0,-965.0,-145.0,-833.0,-112.0,656.0,-174.0,-49.0,-392.0,102.0
34.0,-902.0,-184.0,-818.0,-75.0,498.0,-167.0,-125.0,-465.0,55.0
50.0,-762.0,-240.0,-785.0,-54.0,511.0,-162.0,-216.0,-518.0,80.0
90.0,-642.0,-318.0,-723.0,-47.0,610.0,-169.0,-103.0,-575.0,135.0
131.0,-613.0,-371.0,-630.0,-32.0,541.0,-239.0,12.0,-630.0,158.0
173.0,-693.0,-453.0,-525.0,-2.0,354.0,-298.0,290.0,-665.0,197.0
155.0,-825.0,-522.0,-377.0,34.0,350.0,-347.0,485.0,-708.0,262.0
182.0,-905.0,-610.0,-249.0,82.0,526.0,-367.0,489.0,-722.0,280.0
157.0,-809.0,-650.0,-146.0,140.0,674.0,-386.0,375.0,-718.0,222.0
148.0,-490.0,-702.0,-23.0,181.0,624.0,-419.0,40.0,-706.0,166.0
135.0,-66.0,-755.0,61.0,169.0,493.0,-445.0,-42.0,-690.0,103.0
117.0,308.0,-746.0,139.0,106.0,430.0,-480.0,-14.0,-668.0,-17.0
95.0,557.0,-776.0,183.0,22.0,517.0,-470.0,73.0,-642.0,-120.0
42.0,575.0,-778.0,208.0,-56.0,732.0,-431.0,160.0,-609.0,-167.0
9.0,333.0,-756.0,228.0,-106.0,787.0,-389.0,158.0,-580.0,-205.0
-52.0,19.0,-756.0,218.0,-99.0,619.0,-359.0,360.0,-563.0,-242.0
-76.0,-225.0,-730.0,214.0,-36.0,488.0,-341.0,395.0,-527.0,-246.0
-139.0,-372.0,-716.0,196.0,41.0,534.0,-321.0,339.0,-483.0,-233.0
-172.0,-338.0,-678.0,171.0,83.0,565.0,-339.0,293.0,-420.0,-238.0
-219.0,-125.0,-620.0,169.0,86.0,490.0,-363.0,282.0,-345.0,-255.0
-255.0,61.0,-589.0,186.0,70.0,492.0,-383.0,299.0,-261.0,-241.0
-301.0,75.0,-527.0,192.0,48.0,639.0,-406.0,251.0,-158.0,-205.0
-347.0,-34.0,-464.0,179.0,16.0,682.0,-412.0,358.0,-67.0,-195.0
-373.0,-202.0,-397.0,167.0,-22.0,542.0,-434.0,266.0,20.0,-167.0
-418.0,-374.0,-356.0,141.0,-61.0,514.0,-467.0,245.0,99.0,-93.0
-397.0,-504.0,-291.0,126.0,-76.0,544.0,-471.0,186.0,162.0,-28.0
-431.0,-581.0,-200.0,146.0,-51.0,447.0,-445.0,-36.0,225.0,0.0
-421.0,-654.0,-187.0,190.0,0.0,338.0,-392.0,-79.0,302.0,59.0
-417.0,-743.0,-117.0,250.0,40.0,362.0,-324.0,-280.0,378.0,147.0
-402.0,-747.0,-62.0,290.0,34.0,429.0,-308.0,-181.0,438.0,221.0
-391.0,-596.0,-37.0,325.0,-5.0,361.0,-306.0,-79.0,482.0,306.0
-387.0,-338.0,19.0,356.0,-45.0,353.0,-280.0,-16.0,499.0,408.0
-349.0,-92.0,45.0,329.0,-68.0,434.0,-272.0,256.0,499.0,496.0
-343.0,40.0,84.0,302.0,-77.0,413.0,-256.0,251.0,482.0,537.0
-286.0,75.0,119.0,278.0,-91.0,396.0,-255.0,299.0,451.0,549.0
-231.0,62.0,149.0,197.0,-103.0,450.0,-244.0,192.0,418.0,548.0
-136.0,25.0,184.0,124.0,-88.0,489.0,-221.0,11.0,376.0,528.0
-74.0,-4.0,238.0,82.0,-54.0,436.0,-210.0,-169.0,323.0,478.0
26.0,34.0,268.0,34.0,-28.0,336.0,-185.0,-310.0,248.0,439.0
129.0,175.0,299.0,17.0,-19.0,287.0,-147.0,-238.0,172.0,422.0
199.0,365.0,350.0,5.0,-12.0,340.0,-114.0,-134.0,98.0,368.0
261.0,512.0,373.0,-10.0,9.0,339.0,-99.0,136.0,24.0,296.0
293.0,501.0,417.0,5.0,38.0,283.0,-79.0,195.0,-14.0,239.0
348.0,306.0,469.0,16.0,37.0,278.0,-57.0,338.0,-44.0,190.0
355.0,12.0,501.0,41.0,-18.0,185.0,-26.0,454.0,-95.0,125.0
399.0,-277.0,551.0,63.0,-106.0,158.0,18.0,299.0,-141.0,48.0
409.0,-429.0,582.0,34.0,-182.0,258.0,33.0,310.0,-183.0,1.0
447.0,-398.0,595.0,-7.0,-212.0,295.0,29.0,195.0,-235.0,-16.0
475.0,-256.0,644.0,-20.0,-197.0,238.0,6.0,177.0,-273.0,-44.0
510.0,-61.0,628.0,-49.0,-154.0,146.0,-38.0,201.0,-276.0,-51.0
533.0,192.0,630.0,-114.0,-85.0,161.0,-57.0,144.0,-249.0,-7.0
515.0,462.0,650.0,-189.0,14.0,217.0,-48.0,210.0,-233.0,6.0
531.0,667.0,626.0,-279.0,126.0,194.0,-20.0,225.0,-223.0,0.0
489.0,851.0,638.0,-328.0,217.0,189.0,28.0,205.0,-201.0,22.0
479.0,1062.0,624.0,-353.0,262.0,236.0,71.0,73.0,-175.0,20.0
422.0,1211.0,630.0,-374.0,256.0,274.0,94.0,0.0,-144.0,-20.0
407.0,1184.0,615.0,-393.0,236.0,196.0,103.0,-25.0,-115.0,-46.0
379.0,997.0,599.0,-428.0,232.0,159.0,88.0,-18.0,-87.0,-36.0
331.0,693.0,602.0,-449.0,241.0,308.0,46.0,131.0,-62.0,-26.0
313.0,243.0,564.0,-487.0,238.0,350.0,31.0,105.0,-33.0,-14.0
261.0,-323.0,552.0,-527.0,210.0,239.0,27.0,184.0,-6.0,31.0
249.0,-888.0,499.0,-540.0,168.0,175.0,23.0,168.0,10.0,70.0
204.0,-1275.0,469.0,-563.0,121.0,238.0,12.0,-36.0,37.0,85.0
209.0,-1366.0,426.0,-581.0,66.0,348.0,-23.0,-129.0,56.0,91.0
206.0,-1201.0,354.0,-608.0,6.0,358.0,-32.0,-273.0,64.0,119.0
198.0,-911.0,318.0,-647.0,-31.0,381.0,-3.0,-253.0,77.0,164.0
182.0,-537.0,232.0,-647.0,-21.0,407.0,23.0,-325.0,74.0,171.0
163.0,-25.0,177.0,-643.0,30.0,356.0,27.0,-260.0,66.0,170.0
179.0,627.0,95.0,-640.0,95.0,361.0,14.0,-20.0,99.0,193.0
174.0,1309.0,24.0,-612.0,147.0,442.0,-13.0,55.0,131.0,177.0
190.0,1816.0,-17.0,-575.0,173.0,465.0,-25.0,177.0,161.0,103.0
186.0,2033.0,-78.0,-530.0,169.0,377.0,-18.0,107.0,204.0,43.0
189.0,1986.0,-143.0,-484.0,131.0,360.0,18.0,72.0,249.0,-2.0
189.0,1737.0,-197.0,-429.0,67.0,409.0,81.0,-5.0,302.0,-69.0
178.0,1358.0,-215.0,-354.0,-5.0,399.0,136.0,-120.0,331.0,-110.0
149.0,936.0,-316.0,-232.0,-63.0,406.0,197.0,-60.0,356.0,-117.0
128.0,524.0,-340.0,-112.0,-89.0,468.0,233.0,9.0,363.0,-115.0
116.0,151.0,-361.0,-18.0,-73.0,611.0,234.0,216.0,361.0,-110.0
64.0,-161.0,-416.0,93.0,-29.0,621.0,213.0,218.0,364.0,-60.0
22.0,-428.0,-405.0,201.0,3.0,466.0,194.0,216.0,349.0,17.0
-16.0,-644.0,-440.0,312.0,1.0,435.0,197.0,243.0,365.0,67.0
-67.0,-816.0,-437.0,414.0,-38.0,474.0,202.0,99.0,375.0,131.0
-106.0,-984.0,-451.0,532.0,-105.0,561.0,203.0,70.0,345.0,196.0
-131.0,-1162.0,-457.0,677.0,-177.0,678.0,201.0,-77.0,296.0,212.0
-162.0,-1283.0,-420.0,747.0,-231.0,605.0,187.0,-88.0,229.0,187.0
-185.0,-1241.0,-411.0,826.0,-252.0,383.0,184.0,3.0,159.0,151.0
-166.0,-1063.0,-388.0,906.0,-234.0,350.0,205.0,118.0,95.0,113.0
-145.0,-837.0,-388.0,926.0,-176.0,607.0,215.0,325.0,27.0,56.0
-141.0,-621.0,-397.0,930.0,-89.0,772.0,218.0,391.0,-53.0,1.0
-113.0,-548.0,-385.0,923.0,5.0,604.0,229.0,476.0,-116.0,-24.0
-97.0,-722.0,-410.0,896.0,89.0,364.0,276.0,242.0,-186.0,-29.0
-81.0,-1013.0,-376.0,840.0,165.0,369.0,327.0,-29.0,-258.0,-41.0
-90.0,-1152.0,-373.0,798.0,239.0,556.0,322.0,-192.0,-328.0,-34.0
-90.0,-1017.0,-385.0,735.0,302.0,630.0,257.0,-245.0,-418.0,13.0
-64.0,-688.0,-341.0,675.0,327.0,544.0,168.0,36.0,-489.0,45.0
-82.0,-270.0,-361.0,624.0,295.0,427.0,104.0,129.0,-553.0,54.0
-72.0,240.0,-311.0,548.0,221.0,358.0,63.0,271.0,-607.0,74.0
-80.0,776.0,-337.0,472.0,150.0,356.0,62.0,282.0,-634.0,83.0
-70.0,1164.0,-335.0,392.0,128.0,431.0,102.0,214.0,-613.0,52.0
-65.0,1287.0,-306.0,293.0,170.0,513.0,159.0,338.0,-565.0,-7.0
-70.0,1147.0,-325.0,172.0,265.0,425.0,193.0,338.0,-494.0,-58.0
-60.0,892.0,-268.0,93.0,365.0,266.0,196.0,441.0,-394.0,-99.0
-64.0,632.0,-268.0,55.0,425.0,279.0,180.0,450.0,-268.0,-167.0
-47.0,390.0,-188.0,3.0,435.0,358.0,135.0,511.0,-106.0,-213.0
-71.0,214.0,-157.0,-65.0,395.0,306.0,88.0,532.0,35.0,-220.0
-69.0,130.0,-132.0,-140.0,311.0,208.0,58.0,402.0,176.0,-232.0
-78.0,49.0,-63.0,-218.0,213.0,141.0,42.0,382.0,314.0,-235.0
-64.0,-85.0,-45.0,-269.0,130.0,102.0,54.0,155.0,417.0,-168.0
-56.0,-152.0,17.0,-321.0,68.0,174.0,77.0,-44.0,499.0,-47.0
-48.0,-47.0,66.0,-403.0,5.0,238.0,71.0,-269.0,549.0,79.0
-3.0,145.0,124.0,-436.0,-69.0,166.0,68.0,-419.0,575.0,236.0
4.0,278.0,152.0,-458.0,-147.0,80.0,90.0,-254.0,571.0,418.0
47.0,372.0,200.0,-489.0,-232.0,22.0,117.0,-46.0,541.0,578.0
66.0,517.0,226.0,-505.0,-337.0,25.0,131.0,147.0,502.0,707.0
106.0,655.0,230.0,-495.0,-434.0,47.0,112.0,134.0,442.0,832.0
126.0,677.0,286.0,-454.0,-491.0,-32.0,60.0,142.0,340.0,949.0
140.0,538.0,276.0,-393.0,-504.0,-101.0,-10.0,72.0,232.0,1012.0
182.0,252.0,293.0,-334.0,-495.0,-74.0,-87.0,-46.0,115.0,1037.0
173.0,-122.0,308.0,-300.0,-479.0,24.0,-158.0,-46.0,-7.0,1066.0
164.0,-506.0,250.0,-272.0,-444.0,108.0,-166.0,-40.0,-98.0,1047.0
146.0,-831.0,236.0,-282.0,-387.0,158.0,-129.0,201.0,-171.0,970.0
152.0,-1045.0,196.0,-301.0,-301.0,182.0,-70.0,225.0,-196.0,892.0
166.0,-1115.0,122.0,-298.0,-189.0,24.0,8.0,197.0,-190.0,796.0
184.0,-1024.0,77.0,-297.0,-86.0,-133.0,65.0,181.0,-184.0,702.0
199.0,-755.0,19.0,-297.0,-32.0,-28.0,121.0,-14.0,-161.0,643.0
223.0,-368.0,-29.0,-303.0,-25.0,183.0,122.0,18.0,-136.0,619.0
251.0,15.0,-65.0,-265.0,-47.0,223.0,79.0,-144.0,-126.0,659.0
248.0,302.0,-114.0,-204.0,-81.0,133.0,50.0,-149.0,-133.0,743.0
270.0,440.0,-101.0,-178.0,-106.0,110.0,11.0,46.0,-152.0,825.0
282.0,436.0,-117.0,-144.0,-122.0,129.0,6.0,68.0,-176.0,911.0
291.0,346.0,-112.0,-58.0,-131.0,88.0,27.0,236.0,-210.0,976.0
319.0,262.0,-92.0,18.0,-130.0,52.0,40.0,194.0,-279.0,999.0
324.0,232.0,-75.0,78.0,-108.0,162.0,81.0,190.0,-329.0,999.0
314.0,186.0,-1.0,145.0,-56.0,281.0,132.0,181.0,-346.0,952.0
291.0,90.0,-20.0,192.0,0.0,254.0,159.0,70.0,-349.0,873.0
275.0,43.0,58.0,227.0,21.0,138.0,148.0,97.0,-328.0,770.0
239.0,81.0,90.0,238.0,4.0,54.0,124.0,66.0,-292.0,638.0
199.0,133.0,119.0,225.0,-31.0,41.0,123.0,210.0,-244.0,527.0
171.0,99.0,185.0,200.0,-74.0,138.0,122.0,236.0,-217.0,399.0
145.0,-151.0,175.0,162.0,-125.0,277.0,127.0,242.0,-181.0,259.0
107.0,-604.0,229.0,116.0,-169.0,269.0,137.0,240.0,-142.0,125.0
63.0,-1009.0,216.0,72.0,-193.0,209.0,154.0,68.0,-111.0,-3.0
53.0,-1165.0,243.0,4.0,-220.0,126.0,184.0,-16.0,-84.0,-110.0
0.0,-1109.0,246.0,-70.0,-267.0,119.0,206.0,-236.0,-60.0,-208.0
-23.0,-1002.0,291.0,-97.0,-318.0,177.0,227.0,-327.0,-22.0,-267.0
-48.0,-927.0,291.0,-121.0,-358.0,164.0,246.0,-452.0,12.0,-289.0
-62.0,-871.0,288.0,-103.0,-386.0,126.0,229.0,-480.0,74.0,-302.0
-64.0,-875.0,365.0,-65.0,-394.0,108.0,182.0,-214.0,135.0,-314.0
-95.0,-923.0,303.0,-45.0,-360.0,141.0,157.0,24.0,178.0,-301.0
-103.0,-875.0,321.0,-6.0,-268.0,70.0,152.0,251.0,201.0,-286.0
-124.0,-645.0,322.0,15.0,-141.0,32.0,157.0,182.0,221.0,-295.0
-92.0,-283.0,270.0,65.0,-21.0,35.0,146.0,131.0,253.0,-305.0
-86.0,155.0,272.0,112.0,70.0,10.0,109.0,51.0,260.0,-353.0
-69.0,626.0,265.0,116.0,120.0,68.0,89.0,-64.0,271.0,-422.0
-54.0,977.0,241.0,129.0,124.0,43.0,85.0,53.0,259.0,-516.0
-55.0,1117.0,246.0,135.0,93.0,5.0,79.0,131.0,220.0,-636.0
-48.0,1115.0,261.0,140.0,62.0,-38.0,89.0,290.0,180.0,-746.0
-45.0,1016.0,228.0,145.0,76.0,-90.0,104.0,208.0,125.0,-857.0
-17.0,774.0,239.0,114.0,154.0,-75.0,121.0,-14.0,62.0,-951.0
-18.0,400.0,202.0,68.0,279.0,-79.0,133.0,-197.0,-16.0,-1021.0
26.0,14.0,181.0,17.0,412.0,-117.0,119.0,-450.0,-92.0,-1064.0
55.0,-252.0,195.0,-38.0,512.0,-197.0,98.0,-439.0,-170.0,-1075.0
82.0,-317.0,180.0,-91.0,549.0,-239.0,85.0,-450.0,-246.0,-1063.0
102.0,-231.0,211.0,-105.0,522.0,-186.0,97.0,-341.0,-306.0,-1032.0
124.0,-101.0,207.0,-72.0,436.0,-55.0,83.0,-133.0,-361.0,-992.0
137.0,74.0,247.0,-74.0,311.0,-16.0,28.0,-24.0,-390.0,-942.0
138.0,364.0,285.0,-62.0,177.0,-146.0,-24.0,145.0,-403.0,-855.0
160.0,730.0,274.0,-34.0,68.0,-230.0,-72.0,164.0,-426.0,-742.0
164.0,1023.0,315.0,-24.0,23.0,-158.0,-94.0,275.0,-441.0,-614.0
184.0,1158.0,333.0,0.0,47.0,-3.0,-87.0,258.0,-450.0,-467.0
179.0,1147.0,305.0,20.0,108.0,36.0,-82.0,114.0,-448.0,-329.0
210.0,1042.0,316.0,31.0,175.0,-76.0,-85.0,109.0,-424.0,-204.0
232.0,932.0,332.0,63.0,236.0,-145.0,-85.0,103.0,-418.0,-100.0
268.0,867.0,252.0,94.0,305.0,-125.0,-90.0,214.0,-403.0,-8.0
309.0,828.0,259.0,89.0,387.0,-54.0,-79.0,212.0,-368.0,64.0
353.0,796.0,233.0,78.0,454.0,-56.0,-80.0,238.0,-338.0,112.0
419.0,778.0,165.0,65.0,466.0,-64.0,-87.0,245.0,-294.0,152.0
447.0,816.0,169.0,34.0,403.0,101.0,-77.0,218.0,-238.0,202.0
473.0,947.0,65.0,-6.0,265.0,153.0,-79.0,271.0,-192.0,246.0
485.0,1127.0,34.0,-45.0,92.0,4.0,-52.0,195.0,-143.0,261.0
526.0,1298.0,-27.0,-88.0,-62.0,-148.0,-48.0,260.0,-100.0,289.0
546.0,1447.0,-109.0,-154.0,-181.0,-165.0,-72.0,264.0,-60.0,318.0
568.0,1514.0,-138.0,-229.0,-277.0,-22.0,-83.0,206.0,-6.0,315.0
586.0,1372.0,-218.0,-274.0,-354.0,131.0,-88.0,145.0,48.0,298.0
605.0,950.0,-234.0,-285.0,-389.0,167.0,-95.0,25.0,117.0,305.0
619.0,286.0,-291.0,-290.0,-369.0,62.0,-96.0,72.0,191.0,335.0
600.0,-458.0,-319.0,-249.0,-313.0,-47.0,-73.0,92.0,262.0,349.0
593.0,-1067.0,-314.0,-171.0,-241.0,-39.0,-61.0,171.0,305.0,388.0
577.0,-1504.0,-361.0,-66.0,-158.0,112.0,-37.0,166.0,300.0,462.0
554.0,-1925.0,-362.0,48.0,-81.0,150.0,2.0,206.0,249.0,521.0
517.0,-2337.0,-362.0,103.0,-35.0,58.0,53.0,319.0,177.0,571.0
485.0,-2517.0,-363.0,150.0,-18.0,75.0,89.0,168.0,110.0,618.0
425.0,-2332.0,-351.0,214.0,-5.0,143.0,99.0,194.0,41.0,654.0
357.0,-1888.0,-332.0,246.0,18.0,121.0,104.0,208.0,-18.0,647.0
299.0,-1366.0,-291.0,254.0,37.0,29.0,78.0,264.0,-59.0,611.0
247.0,-869.0,-282.0,265.0,27.0,82.0,56.0,410.0,-80.0,568.0
188.0,-418.0,-229.0,266.0,6.0,148.0,10.0,351.0,-70.0,508.0
98.0,-53.0,-170.0,228.0,7.0,65.0,-37.0,325.0,-52.0,439.0
29.0,196.0,-116.0,177.0,45.0,12.0,-66.0,181.0,-29.0,369.0
-57.0,332.0,-35.0,133.0,107.0,72.0,-99.0,75.0,0.0,335.0
-171.0,340.0,2.0,68.0,171.0,80.0,-111.0,64.0,18.0,304.0
-288.0,214.0,77.0,-1.0,207.0,-6.0,-105.0,149.0,24.0,260.0
-371.0,-24.0,124.0,-36.0,212.0,-45.0,-85.0,247.0,13.0,255.0
-426.0,-262.0,163.0,-42.0,206.0,-17.0,-58.0,190.0,14.0,247.0
-488.0,-285.0,231.0,-47.0,194.0,35.0,-28.0,243.0,20.0,230.0
-556.0,42.0,278.0,-65.0,150.0,44.0,-8.0,83.0,1.0,213.0
-595.0,578.0,321.0,-89.0,60.0,17.0,27.0,22.0,-23.0,203.0
-600.0,1072.0,348.0,-113.0,-42.0,-118.0,77.0,51.0,-38.0,215.0
-623.0,1425.0,365.0,-131.0,-120.0,-208.0,73.0,0.0,-64.0,227.0
-619.0,1587.0,394.0,-125.0,-157.0,-108.0,63.0,120.0,-92.0,258.0
-607.0,1558.0,393.0,-112.0,-159.0,-39.0,77.0,-24.0,-110.0,314.0
-576.0,1462.0,388.0,-89.0,-134.0,-37.0,77.0,-57.0,-139.0,357.0
-541.0,1375.0,420.0,-37.0,-85.0,-109.0,71.0,-66.0,-154.0,370.0
-520.0,1301.0,435.0,20.0,-17.0,-159.0,57.0,-129.0,-181.0,370.0
-476.0,1269.0,454.0,86.0,63.0,-124.0,23.0,-66.0,-211.0,351.0
-441.0,1231.0,451.0,169.0,153.0,-131.0,-3.0,-131.0,-213.0,291.0
-388.0,1016.0,480.0,236.0,244.0,-140.0,-9.0,-72.0,-224.0,218.0
-353.0,530.0,465.0,277.0,312.0,-114.0,-7.0,-149.0,-224.0,162.0
-311.0,-45.0,407.0,306.0,343.0,-196.0,-17.0,-186.0,-206.0,98.0
-272.0,-350.0,366.0,331.0,343.0,-363.0,-42.0,-153.0,-181.0,34.0
-240.0,-320.0,316.0,339.0,315.0,-381.0,-54.0,-110.0,-141.0,-7.0
-172.0,-160.0,262.0,314.0,257.0,-242.0,-59.0,92.0,-108.0,-26.0
-149.0,-12.0,167.0,280.0,170.0,-156.0,-49.0,103.0,-101.0,-19.0
-123.0,59.0,149.0,244.0,66.0,-235.0,-25.0,254.0,-121.0,-14.0
-100.0,86.0,66.0,192.0,-39.0,-340.0,4.0,375.0,-154.0,8.0
-68.0,25.0,-19.0,146.0,-149.0,-293.0,35.0,456.0,-182.0,48.0
-52.0,-241.0,-28.0,96.0,-250.0,-150.0,48.0,639.0,-201.0,80.0
-58.0,-706.0,-105.0,39.0,-299.0,-198.0,41.0,606.0,-207.0,134.0
-37.0,-1164.0,-164.0,23.0,-274.0,-373.0,26.0,628.0,-212.0,185.0
-35.0,-1335.0,-197.0,9.0,-199.0,-462.0,37.0,558.0,-217.0,213.0
-20.0,-1198.0,-231.0,-31.0,-115.0,-546.0,35.0,500.0,-234.0,224.0
-27.0,-952.0,-251.0,-59.0,-44.0,-492.0,12.0,386.0,-266.0,211.0
-7.0,-725.0,-244.0,-88.0,5.0,-348.0,-35.0,242.0,-291.0,197.0
1.0,-573.0,-240.0,-139.0,24.0,-235.0,-92.0,334.0,-302.0,174.0
0.0,-520.0,-210.0,-223.0,31.0,-209.0,-102.0,352.0,-290.0,152.0
42.0,-474.0,-176.0,-301.0,56.0,-344.0,-92.0,515.0,-234.0,154.0
66.0,-292.0,-155.0,-362.0,84.0,-334.0,-63.0,504.0,-149.0,169.0
112.0,81.0,-116.0,-429.0,68.0,-244.0,-28.0,417.0,-42.0,186.0
161.0,531.0,-82.0,-484.0,28.0,-230.0,-9.0,362.0,67.0,234.0
232.0,906.0,-35.0,-539.0,42.0,-239.0,-8.0,-11.0,172.0,300.0
305.0,1145.0,-32.0,-584.0,130.0,-331.0,-14.0,-206.0,278.0,350.0
374.0,1242.0,4.0,-610.0,235.0,-446.0,-40.0,-410.0,395.0,411.0
456.0,1169.0,42.0,-617.0,272.0,-428.0,-82.0,-474.0,520.0,460.0
527.0,967.0,54.0,-594.0,215.0,-241.0,-117.0,-439.0,630.0,474.0
600.0,780.0,97.0,-540.0,107.0,-79.0,-141.0,-423.0,725.0,446.0
630.0,614.0,103.0,-484.0,2.0,-59.0,-157.0,-138.0,788.0,406.0
665.0,444.0,117.0,-418.0,-53.0,-171.0,-188.0,36.0,827.0,355.0
682.0,305.0,107.0,-360.0,-63.0,-269.0,-161.0,177.0,845.0,232.0
683.0,159.0,129.0,-326.0,-69.0,-323.0,-105.0,181.0,839.0,87.0
681.0,-35.0,134.0,-268.0,-102.0,-338.0,-48.0,140.0,813.0,-34.0
644.0,-287.0,107.0,-214.0,-143.0,-223.0,1.0,173.0,759.0,-167.0
639.0,-548.0,124.0,-173.0,-148.0,-127.0,9.0,127.0,692.0,-302.0
636.0,-721.0,79.0,-119.0,-123.0,-70.0,29.0,40.0,582.0,-373.0
607.0,-715.0,68.0,-73.0,-102.0,-92.0,26.0,-118.0,444.0,-374.0
579.0,-574.0,66.0,4.0,-80.0,-131.0,22.0,-33.0,319.0,-348.0
559.0,-446.0,39.0,111.0,-26.0,-47.0,45.0,16.0,178.0,-289.0
526.0,-439.0,57.0,201.0,47.0,7.0,71.0,22.0,40.0,-188.0
491.0,-658.0,19.0,304.0,106.0,2.0,119.0,112.0,-73.0,-77.0
451.0,-1119.0,-3.0,376.0,128.0,1.0,156.0,-27.0,-181.0,-26.0
429.0,-1624.0,0.0,408.0,98.0,20.0,180.0,-38.0,-284.0,13.0
419.0,-1919.0,-56.0,422.0,15.0,24.0,188.0,-92.0,-364.0,62.0
412.0,-1880.0,-59.0,409.0,-84.0,4.0,153.0,-110.0,-437.0,68.0
430.0,-1495.0,-81.0,403.0,-141.0,-68.0,121.0,36.0,-519.0,49.0
416.0,-782.0,-112.0,375.0,-132.0,-223.0,104.0,14.0,-572.0,65.0
382.0,131.0,-92.0,345.0,-71.0,-237.0,110.0,7.0,-622.0,93.0
358.0,1009.0,-140.0,311.0,26.0,-55.0,152.0,-86.0,-673.0,65.0
345.0,1666.0,-147.0,290.0,131.0,50.0,174.0,-184.0,-711.0,12.0
295.0,2003.0,-172.0,325.0,193.0,-129.0,173.0,-358.0,-732.0,-35.0
233.0,2013.0,-227.0,352.0,173.0,-338.0,169.0,-546.0,-723.0,-118.0
182.0,1801.0,-239.0,370.0,77.0,-239.0,166.0,-556.0,-719.0,-261.0
127.0,1502.0,-263.0,386.0,-63.0,-79.0,163.0,-495.0,-707.0,-379.0
66.0,1187.0,-274.0,373.0,-232.0,-45.0,156.0,-339.0,-668.0,-463.0
-17.0,812.0,-286.0,380.0,-405.0,-101.0,163.0,-402.0,-633.0,-572.0
-84.0,378.0,-297.0,388.0,-524.0,-143.0,172.0,-360.0,-616.0,-653.0
-152.0,-27.0,-306.0,402.0,-544.0,-141.0,180.0,-291.0,-623.0,-687.0
-229.0,-346.0,-310.0,445.0,-471.0,-244.0,188.0,-365.0,-649.0,-714.0
-336.0,-531.0,-303.0,472.0,-350.0,-333.0,166.0,-295.0,-667.0,-744.0
-401.0,-570.0,-263.0,512.0,-224.0,-342.0,149.0,-291.0,-671.0,-747.0
-441.0,-461.0,-245.0,563.0,-116.0,-344.0,169.0,-195.0,-660.0,-733.0
-495.0,-171.0,-203.0,584.0,-37.0,-292.0,194.0,-116.0,-614.0,-729.0
-539.0,209.0,-159.0,609.0,26.0,-256.0,210.0,14.0,-550.0,-737.0
-561.0,531.0,-130.0,635.0,102.0,-317.0,221.0,158.0,-467.0,-718.0
-563.0,753.0,-69.0,636.0,196.0,-400.0,240.0,112.0,-364.0,-705.0
-601.0,788.0,-79.0,612.0,303.0,-402.0,259.0,199.0,-264.0,-747.0
-592.0,480.0,-29.0,573.0,396.0,-274.0,277.0,190.0,-172.0,-789.0
-600.0,-131.0,-3.0,514.0,443.0,-152.0,290.0,182.0,-66.0,-824.0
-582.0,-833.0,18.0,431.0,436.0,-227.0,277.0,151.0,55.0,-858.0
-548.0,-1530.0,89.0,340.0,385.0,-339.0,241.0,-3.0,178.0,-886.0
-532.0,-2184.0,72.0,214.0,301.0,-371.0,216.0,-36.0,310.0,-865.0
-524.0,-2635.0,124.0,80.0,213.0,-321.0,207.0,-186.0,445.0,-778.0
-538.0,-2666.0,122.0,-46.0,152.0,-269.0,199.0,-184.0,564.0,-690.0
-527.0,-2223.0,102.0,-173.0,110.0,-371.0,209.0,-103.0,639.0,-587.0
-536.0,-1439.0,126.0,-259.0,84.0,-475.0,194.0,-60.0,674.0,-430.0
-517.0,-424.0,112.0,-312.0,96.0,-447.0,152.0,5.0,718.0,-272.0
-553.0,608.0,130.0,-361.0,161.0,-337.0,114.0,59.0,755.0,-130.0
-541.0,1399.0,149.0,-385.0,230.0,-292.0,67.0,284.0,769.0,18.0
-539.0,1910.0,201.0,-373.0,239.0,-355.0,56.0,247.0,750.0,180.0
-553.0,2158.0,232.0,-352.0,181.0,-394.0,81.0,229.0,711.0,344.0
-557.0,2140.0,259.0,-291.0,104.0,-298.0,110.0,147.0,666.0,460.0
-577.0,1861.0,323.0,-223.0,44.0,-166.0,138.0,-155.0,603.0,571.0
-536.0,1322.0,353.0,-187.0,11.0,-200.0,134.0,-267.0,553.0,670.0
-535.0,627.0,387.0,-163.0,12.0,-321.0,113.0,-476.0,534.0,693.0
-508.0,58.0,406.0,-138.0,28.0,-379.0,66.0,-497.0,523.0,695.0
-499.0,-181.0,413.0,-94.0,35.0,-318.0,23.0,-484.0,499.0,682.0
-444.0,-240.0,430.0,-30.0,39.0,-231.0,0.0,-513.0,467.0,644.0
-409.0,-330.0,411.0,34.0,70.0,-188.0,-30.0,-482.0,432.0,584.0
-368.0,-459.0,377.0,86.0,139.0,-101.0,-42.0,-495.0,393.0,527.0
-328.0,-565.0,373.0,185.0,197.0,-100.0,-33.0,-358.0,364.0,498.0
-309.0,-629.0,349.0,277.0,187.0,-170.0,-3.0,-275.0,324.0,459.0
-255.0,-647.0,299.0,341.0,98.0,-187.0,7.0,-97.0,271.0,434.0
-241.0,-590.0,269.0,390.0,-34.0,-116.0,-12.0,12.0,245.0,435.0
-189.0,-553.0,234.0,423.0,-166.0,35.0,-37.0,129.0,259.0,442.0
-167.0,-704.0,174.0,463.0,-260.0,47.0,-57.0,354.0,281.0,437.0
-113.0,-993.0,116.0,452.0,-306.0,-35.0,-78.0,351.0,302.0,418.0
-102.0,-1280.0,101.0,393.0,-327.0,-115.0,-114.0,362.0,318.0,419.0
-70.0,-1526.0,65.0,312.0,-343.0,-184.0,-122.0,230.0,300.0,392.0
-14.0,-1759.0,31.0,240.0,-351.0,-203.0,-122.0,116.0,274.0,345.0
50.0,-1921.0,1.0,166.0,-328.0,-211.0,-96.0,75.0,250.0,315.0
122.0,-1856.0,-60.0,104.0,-269.0,-223.0,-47.0,-83.0,243.0,290.0
170.0,-1478.0,-96.0,50.0,-197.0,-277.0,-20.0,-77.0,238.0,224.0
280.0,-828.0,-160.0,16.0,-115.0,-243.0,27.0,-103.0,218.0,132.0
329.0,-9.0,-202.0,25.0,-15.0,-159.0,59.0,-92.0,222.0,59.0
414.0,825.0,-222.0,-18.0,95.0,-166.0,56.0,-162.0,207.0,-20.0
452.0,1586.0,-294.0,-65.0,186.0,-250.0,50.0,-264.0,174.0,-107.0
469.0,2312.0,-312.0,-82.0,242.0,-221.0,74.0,-205.0,131.0,-152.0
489.0,2881.0,-353.0,-100.0,259.0,-40.0,125.0,-199.0,69.0,-128.0
504.0,3087.0,-387.0,-130.0,233.0,-22.0,177.0,-114.0,15.0,-122.0
483.0,2966.0,-401.0,-177.0,179.0,-75.0,227.0,-179.0,-44.0,-104.0
414.0,2594.0,-432.0,-250.0,131.0,-101.0,257.0,-138.0,-93.0,-42.0
365.0,1981.0,-405.0,-347.0,124.0,-107.0,258.0,-31.0,-130.0,-27.0
290.0,1287.0,-426.0,-408.0,155.0,-122.0,219.0,-90.0,-173.0,-59.0
233.0,605.0,-399.0,-444.0,188.0,-180.0,208.0,-49.0,-204.0,-123.0
123.0,-126.0,-362.0,-459.0,197.0,-188.0,235.0,-168.0,-219.0,-207.0
73.0,-778.0,-365.0,-455.0,193.0,-250.0,234.0,-164.0,-199.0,-335.0
0.0,-1146.0,-324.0,-446.0,185.0,-296.0,208.0,-171.0,-142.0,-483.0
-64.0,-1172.0,-347.0,-413.0,130.0,-295.0,171.0,-232.0,-80.0,-577.0
-117.0,-918.0,-354.0,-358.0,-4.0,-194.0,185.0,-188.0,-9.0,-654.0
-179.0,-512.0,-378.0,-294.0,-181.0,-123.0,232.0,-236.0,63.0,-737.0
-203.0,-142.0,-425.0,-245.0,-335.0,-223.0,299.0,-90.0,129.0,-768.0
-279.0,47.0,-458.0,-199.0,-431.0,-207.0,389.0,-134.0,192.0,-734.0
-284.0,107.0,-495.0,-158.0,-482.0,-216.0,423.0,-190.0,248.0,-699.0
-333.0,52.0,-518.0,-117.0,-519.0,-285.0,434.0,-157.0,286.0,-670.0
-351.0,-115.0,-548.0,-39.0,-564.0,-319.0,446.0,-181.0,314.0,-586.0
-368.0,-242.0,-541.0,15.0,-603.0,-316.0,445.0,-18.0,333.0,-494.0
-374.0,-253.0,-560.0,46.0,-603.0,-261.0,450.0,-77.0,317.0,-460.0
-364.0,-169.0,-578.0,65.0,-542.0,-233.0,461.0,-164.0,276.0,-422.0
-372.0,-30.0,-579.0,51.0,-445.0,-81.0,451.0,-271.0,221.0,-355.0
-324.0,47.0,-605.0,26.0,-343.0,-14.0,451.0,-317.0,147.0,-322.0
-336.0,72.0,-574.0,5.0,-247.0,-248.0,479.0,-208.0,52.0,-311.0
-306.0,81.0,-562.0,-40.0,-170.0,-473.0,495.0,-197.0,-47.0,-258.0
-294.0,10.0,-545.0,-99.0,-106.0,-393.0,514.0,-48.0,-143.0,-202.0
-273.0,-19.0,-498.0,-121.0,-30.0,-143.0,508.0,-3.0,-207.0,-202.0
-266.0,135.0,-498.0,-155.0,86.0,-50.0,488.0,-73.0,-217.0,-215.0
-269.0,483.0,-430.0,-174.0,227.0,-131.0,473.0,-205.0,-206.0,-210.0
-246.0,1000.0,-374.0,-189.0,345.0,-194.0,452.0,-249.0,-176.0,-223.0
-238.0,1471.0,-295.0,-195.0,421.0,-96.0,441.0,-105.0,-136.0,-258.0
-176.0,1627.0,-189.0,-186.0,463.0,32.0,430.0,-181.0,-110.0,-248.0
-157.0,1377.0,-132.0,-155.0,479.0,76.0,431.0,-229.0,-83.0,-187.0
-125.0,895.0,0.0,-102.0,437.0,18.0,405.0,-380.0,-68.0,-151.0
-105.0,466.0,82.0,-54.0,321.0,-50.0,357.0,-471.0,-55.0,-105.0
-91.0,113.0,193.0,20.0,170.0,42.0,328.0,-441.0,-34.0,1.0
-52.0,-201.0,304.0,99.0,54.0,179.0,319.0,-580.0,-16.0,95.0
-43.0,-304.0,389.0,173.0,15.0,195.0,321.0,-375.0,0.0,138.0
-28.0,-220.0,495.0,234.0,38.0,31.0,298.0,-190.0,22.0,194.0
-22.0,-123.0,532.0,284.0,84.0,-129.0,254.0,-101.0,42.0,283.0
-12.0,-21.0,619.0,314.0,134.0,4.0,234.0,-57.0,48.0,305.0
-20.0,-21.0,665.0,363.0,192.0,266.0,214.0,-92.0,42.0,248.0
-19.0,-111.0,673.0,391.0,244.0,239.0,188.0,-5.0,39.0,213.0
-16.0,-202.0,709.0,370.0,260.0,3.0,220.0,-94.0,62.0,164.0
-17.0,-434.0,724.0,359.0,225.0,-34.0,238.0,-81.0,102.0,50.0
-1.0,-776.0,707.0,326.0,144.0,64.0,243.0,-138.0,140.0,-48.0
8.0,-1016.0,709.0,312.0,63.0,52.0,219.0,-227.0,170.0,-64.0
27.0,-1091.0,698.0,314.0,20.0,-32.0,157.0,-175.0,195.0,-58.0
24.0,-1074.0,653.0,321.0,6.0,9.0,135.0,-103.0,196.0,-68.0
24.0,-997.0,629.0,338.0,0.0,199.0,119.0,-7.0,181.0,-2.0
19.0,-878.0,563.0,367.0,-1.0,158.0,145.0,-157.0,179.0,120.0
-11.0,-709.0,524.0,407.0,10.0,-104.0,186.0,-134.0,165.0,203.0
0.0,-487.0,489.0,432.0,32.0,-173.0,197.0,-57.0,147.0,260.0
8.0,-367.0,433.0,463.0,75.0,-87.0,205.0,-51.0,120.0,344.0
9.0,-470.0,383.0,509.0,134.0,2.0,204.0,55.0,90.0,400.0
25.0,-691.0,345.0,570.0,168.0,12.0,196.0,11.0,70.0,368.0
30.0,-870.0,278.0,592.0,158.0,-98.0,179.0,40.0,39.0,333.0
65.0,-1016.0,218.0,577.0,127.0,-218.0,151.0,-12.0,11.0,336.0
62.0,-1189.0,194.0,573.0,87.0,-292.0,105.0,-138.0,-24.0,283.0
75.0,-1341.0,139.0,560.0,18.0,-255.0,76.0,-188.0,-55.0,197.0
96.0,-1412.0,124.0,516.0,-90.0,-166.0,58.0,-273.0,-62.0,194.0
87.0,-1417.0,67.0,446.0,-204.0,-193.0,40.0,-243.0,-70.0,225.0
90.0,-1392.0,43.0,383.0,-263.0,-295.0,19.0,-275.0,-69.0,216.0
67.0,-1294.0,33.0,305.0,-233.0,-374.0,15.0,-291.0,-70.0,228.0
66.0,-1053.0,-19.0,231.0,-135.0,-421.0,30.0,-267.0,-80.0,305.0
43.0,-640.0,-40.0,197.0,-44.0,-380.0,3.0,-147.0,-73.0,338.0
48.0,-49.0,-59.0,146.0,-11.0,-288.0,-3.0,24.0,-50.0,287.0
35.0,615.0,-74.0,97.0,-15.0,-258.0,-10.0,66.0,-13.0,280.0
15.0,1115.0,-102.0,57.0,-22.0,-320.0,-40.0,208.0,50.0,292.0
16.0,1319.0,-106.0,18.0,-38.0,-401.0,-46.0,81.0,132.0,235.0
-3.0,1332.0,-180.0,-9.0,-79.0,-346.0,-59.0,-53.0,225.0,161.0
6.0,1282.0,-219.0,-53.0,-123.0,-248.0,-49.0,-138.0,321.0,142.0
-24.0,1187.0,-270.0,-96.0,-150.0,-254.0,-39.0,-227.0,418.0,109.0
-20.0,1016.0,-351.0,-129.0,-166.0,-277.0,-40.0,-60.0,501.0,-15.0
-28.0,789.0,-374.0,-127.0,-171.0,-327.0,-49.0,-184.0,548.0,-144.0
-27.0,605.0,-449.0,-90.0,-149.0,-382.0,-47.0,-138.0,559.0,-261.0
-7.0,489.0,-472.0,-63.0,-106.0,-323.0,-20.0,-51.0,564.0,-456.0
0.0,394.0,-504.0,-51.0,-69.0,-217.0,0.0,-99.0,584.0,-699.0
16.0,326.0,-507.0,-51.0,-38.0,-181.0,32.0,31.0,593.0,-906.0
-3.0,270.0,-509.0,-76.0,19.0,-290.0,59.0,11.0,590.0,-1077.0
7.0,175.0,-500.0,-108.0,132.0,-435.0,70.0,38.0,564.0,-1258.0
-2.0,44.0,-445.0,-117.0,279.0,-365.0,80.0,-94.0,524.0,-1404.0
-5.0,-119.0,-429.0,-77.0,390.0,-215.0,85.0,-264.0,473.0,-1444.0
-22.0,-303.0,-342.0,-28.0,393.0,-249.0,79.0,-367.0,404.0,-1455.0
-11.0,-461.0,-249.0,20.0,285.0,-315.0,74.0,-508.0,335.0,-1472.0
0.0,-631.0,-185.0,73.0,144.0,-310.0,88.0,-445.0,267.0,-1418.0
-4.0,-852.0,-124.0,130.0,47.0,-272.0,109.0,-332.0,209.0,-1303.0
18.0,-1018.0,-55.0,231.0,4.0,-229.0,138.0,-157.0,150.0,-1201.0
10.0,-1058.0,-1.0,318.0,-18.0,-256.0,133.0,-114.0,116.0,-1109.0
4.0,-936.0,36.0,398.0,-46.0,-258.0,123.0,-38.0,99.0,-954.0
-24.0,-584.0,84.0,460.0,-73.0,-291.0,122.0,59.0,81.0,-789.0
-17.0,-45.0,104.0,458.0,-84.0,-275.0,97.0,-14.0,74.0,-684.0
-24.0,543.0,136.0,428.0,-52.0,-135.0,112.0,-5.0,72.0,-573.0
-33.0,1003.0,151.0,376.0,22.0,-109.0,163.0,-181.0,100.0,-407.0
-19.0,1257.0,142.0,331.0,90.0,-193.0,213.0,-203.0,139.0,-271.0
-15.0,1408.0,131.0,273.0,108.0,-285.0,224.0,-162.0,189.0,-180.0
-3.0,1569.0,140.0,199.0,82.0,-278.0,221.0,-184.0,246.0,-29.0
-2.0,1757.0,132.0,123.0,37.0,-163.0,222.0,14.0,290.0,139.0
4.0,1901.0,122.0,26.0,-11.0,-93.0,206.0,9.0,327.0,265.0
-22.0,1941.0,167.0,-81.0,-73.0,-77.0,229.0,84.0,346.0,379.0
-40.0,1899.0,154.0,-207.0,-148.0,-52.0,248.0,48.0,365.0,526.0
-71.0,1840.0,158.0,-318.0,-201.0,-52.0,236.0,-83.0,386.0,700.0
-98.0,1721.0,176.0,-388.0,-192.0,-12.0,244.0,-18.0,401.0,816.0
-122.0,1397.0,142.0,-451.0,-135.0,53.0,255.0,3.0,403.0,927.0
-164.0,837.0,115.0,-497.0,-72.0,31.0,264.0,145.0,391.0,1060.0
-197.0,203.0,92.0,-530.0,-30.0,-43.0,286.0,142.0,365.0,1111.0
-231.0,-268.0,73.0,-557.0,-28.0,-18.0,282.0,105.0,322.0,1093.0
-232.0,-476.0,24.0,-565.0,-61.0,107.0,259.0,11.0,257.0,1063.0
-280.0,-430.0,6.0,-546.0,-111.0,111.0,250.0,-99.0,170.0,1003.0
-312.0,-190.0,-2.0,-527.0,-180.0,16.0,234.0,-186.0,76.0,848.0
-329.0,204.0,-36.0,-516.0,-284.0,-100.0,228.0,-450.0,-30.0,622.0
-349.0,753.0,-28.0,-477.0,-390.0,-43.0,227.0,-412.0,-141.0,426.0
-343.0,1320.0,-36.0,-454.0,-449.0,110.0,211.0,-321.0,-223.0,220.0
-358.0,1666.0,-24.0,-416.0,-447.0,50.0,185.0,-199.0,-297.0,-7.0
-321.0,1708.0,-3.0,-363.0,-395.0,-33.0,150.0,-64.0,-390.0,-149.0
-307.0,1490.0,-26.0,-318.0,-305.0,-42.0,137.0,-38.0,-485.0,-194.0
-278.0,1025.0,-7.0,-250.0,-181.0,-18.0,139.0,153.0,-582.0,-218.0
-245.0,384.0,8.0,-190.0,-46.0,19.0,141.0,190.0,-685.0,-217.0
-235.0,-313.0,0.0,-126.0,92.0,87.0,133.0,205.0,-770.0,-110.0
-183.0,-913.0,-1.0,-77.0,239.0,108.0,112.0,112.0,-818.0,47.0
-168.0,-1342.0,-10.0,-61.0,373.0,-45.0,104.0,-7.0,-832.0,146.0
-125.0,-1716.0,5.0,-38.0,461.0,-98.0,83.0,38.0,-804.0,261.0
-98.0,-2089.0,15.0,-43.0,492.0,72.0,55.0,-73.0,-723.0,426.0
-47.0,-2332.0,19.0,-67.0,482.0,166.0,63.0,-68.0,-588.0,515.0
-11.0,-2337.0,48.0,-76.0,442.0,121.0,77.0,-90.0,-431.0,507.0
-6.0,-2145.0,55.0,-89.0,379.0,48.0,80.0,-79.0,-258.0,514.0
30.0,-1799.0,32.0,-93.0,297.0,60.0,77.0,-9.0,-70.0,544.0
18.0,-1367.0,28.0,-83.0,212.0,158.0,59.0,-40.0,96.0,511.0
48.0,-902.0,26.0,-72.0,133.0,160.0,23.0,140.0,234.0,467.0
31.0,-365.0,-8.0,-16.0,43.0,221.0,9.0,160.0,325.0,517.0
48.0,159.0,-4.0,55.0,-63.0,210.0,-10.0,123.0,369.0,547.0
77.0,459.0,-4.0,143.0,-193.0,6.0,-40.0,40.0,384.0,488.0
103.0,440.0,3.0,222.0,-311.0,-81.0,-38.0,-25.0,382.0,451.0
175.0,139.0,46.0,255.0,-371.0,-10.0,-43.0,49.0,382.0,463.0
182.0,-313.0,58.0,302.0,-362.0,146.0,-48.0,-35.0,393.0,428.0
256.0,-681.0,100.0,339.0,-311.0,105.0,-63.0,-31.0,390.0,366.0
302.0,-867.0,93.0,355.0,-230.0,13.0,-98.0,-229.0,387.0,394.0
353.0,-1013.0,95.0,368.0,-126.0,104.0,-124.0,-349.0,371.0,458.0
390.0,-1141.0,97.0,383.0,-23.0,164.0,-110.0,-336.0,309.0,483.0
407.0,-1071.0,93.0,410.0,44.0,191.0,-76.0,-352.0,235.0,499.0
416.0,-776.0,125.0,431.0,34.0,136.0,-66.0,-60.0,182.0,559.0
386.0,-388.0,85.0,449.0,-50.0,71.0,-64.0,75.0,139.0,582.0
402.0,-28.0,132.0,474.0,-144.0,59.0,-67.0,168.0,113.0,508.0
363.0,97.0,92.0,470.0,-189.0,66.0,-40.0,118.0,118.0,479.0
359.0,-72.0,99.0,479.0,-173.0,127.0,-12.0,-72.0,130.0,472.0
319.0,-298.0,148.0,488.0,-122.0,68.0,-14.0,-12.0,162.0,385.0
285.0,-379.0,87.0,461.0,-82.0,-27.0,-18.0,155.0,197.0,306.0
239.0,-350.0,166.0,472.0,-82.0,37.0,-43.0,415.0,210.0,324.0
157.0,-277.0,142.0,489.0,-111.0,211.0,-60.0,430.0,208.0,390.0
121.0,-114.0,167.0,494.0,-151.0,295.0,-59.0,312.0,201.0,426.0
33.0,118.0,221.0,491.0,-174.0,211.0,-46.0,151.0,199.0,487.0
-24.0,244.0,196.0,490.0,-163.0,116.0,-28.0,-72.0,196.0,607.0
-94.0,78.0,250.0,446.0,-117.0,68.0,-26.0,-118.0,204.0,647.0
-125.0,-315.0,252.0,383.0,-44.0,76.0,-20.0,-249.0,219.0,615.0
-162.0,-724.0,285.0,318.0,27.0,66.0,-30.0,-194.0,242.0,595.0
-205.0,-1052.0,279.0,211.0,73.0,29.0,-37.0,-144.0,256.0,541.0
-210.0,-1254.0,259.0,109.0,81.0,37.0,-49.0,-264.0,240.0,414.0
-227.0,-1292.0,281.0,-32.0,66.0,66.0,-68.0,-328.0,212.0,261.0
-229.0,-1242.0,214.0,-183.0,52.0,110.0,-42.0,-443.0,187.0,157.0
-250.0,-1190.0,166.0,-297.0,49.0,153.0,4.0,-330.0,146.0,78.0
-247.0,-1093.0,152.0,-380.0,65.0,123.0,56.0,-206.0,104.0,12.0
-267.0,-861.0,44.0,-443.0,108.0,43.0,89.0,-51.0,79.0,10.0
-278.0,-462.0,0.0,-481.0,179.0,82.0,104.0,-22.0,64.0,74.0
-282.0,113.0,-60.0,-494.0,263.0,160.0,86.0,-114.0,67.0,140.0
-286.0,791.0,-192.0,-463.0,323.0,108.0,56.0,-44.0,73.0,177.0
-302.0,1387.0,-207.0,-405.0,346.0,-40.0,51.0,-127.0,86.0,243.0
-313.0,1804.0,-286.0,-336.0,343.0,14.0,34.0,5.0,92.0,310.0
-285.0,2055.0,-368.0,-214.0,322.0,267.0,30.0,62.0,108.0,301.0
-291.0,2165.0,-382.0,-111.0,283.0,295.0,43.0,-7.0,152.0,243.0
-301.0,2212.0,-438.0,-22.0,244.0,98.0,67.0,-60.0,186.0,194.0
-313.0,2219.0,-472.0,50.0,200.0,-74.0,108.0,-391.0,224.0,119.0
-309.0,2122.0,-475.0,96.0,128.0,-66.0,152.0,-498.0,239.0,-7.0
-298.0,1858.0,-486.0,131.0,39.0,20.0,178.0,-506.0,217.0,-101.0
-285.0,1345.0,-524.0,124.0,-48.0,64.0,184.0,-345.0,191.0,-136.0
-282.0,610.0,-549.0,101.0,-125.0,61.0,199.0,-90.0,167.0,-140.0
-260.0,-68.0,-569.0,68.0,-191.0,62.0,195.0,-73.0,141.0,-145.0
-226.0,-414.0,-575.0,34.0,-233.0,104.0,199.0,-121.0,109.0,-99.0
-177.0,-471.0,-565.0,0.0,-233.0,179.0,220.0,-275.0,60.0,-26.0
-108.0,-403.0,-582.0,-48.0,-205.0,349.0,211.0,-221.0,11.0,0.0
-47.0,-270.0,-594.0,-82.0,-183.0,308.0,190.0,-112.0,-17.0,41.0
13.0,-40.0,-589.0,-89.0,-190.0,75.0,163.0,36.0,-43.0,84.0
60.0,287.0,-588.0,-71.0,-224.0,2.0,140.0,96.0,-60.0,93.0
119.0,628.0,-548.0,-40.0,-263.0,117.0,130.0,-62.0,-103.0,59.0
157.0,909.0,-490.0,-25.0,-269.0,292.0,109.0,11.0,-153.0,14.0
214.0,1123.0,-452.0,-29.0,-238.0,273.0,107.0,-70.0,-181.0,-25.0
260.0,1284.0,-368.0,-17.0,-194.0,164.0,108.0,-24.0,-198.0,-126.0
310.0,1279.0,-300.0,42.0,-136.0,73.0,121.0,134.0,-195.0,-214.0
359.0,1016.0,-221.0,99.0,-49.0,8.0,158.0,12.0,-206.0,-274.0
396.0,609.0,-152.0,129.0,48.0,60.0,162.0,-66.0,-225.0,-356.0
458.0,154.0,-116.0,166.0,117.0,125.0,173.0,-243.0,-255.0,-455.0
489.0,-304.0,-36.0,189.0,154.0,140.0,210.0,-279.0,-294.0,-543.0
534.0,-670.0,-26.0,189.0,159.0,66.0,221.0,-238.0,-328.0,-607.0
535.0,-911.0,5.0,151.0,117.0,35.0,193.0,-118.0,-333.0,-681.0
532.0,-1065.0,26.0,71.0,58.0,49.0,136.0,-29.0,-319.0,-740.0
515.0,-1110.0,0.0,7.0,46.0,2.0,90.0,-127.0,-297.0,-748.0
480.0,-1061.0,19.0,-84.0,115.0,28.0,88.0,-123.0,-249.0,-712.0
457.0,-1031.0,-30.0,-207.0,219.0,87.0,112.0,-212.0,-198.0,-647.0
411.0,-1087.0,-25.0,-285.0,298.0,77.0,138.0,-36.0,-148.0,-563.0
363.0,-1192.0,-27.0,-353.0,289.0,3.0,171.0,112.0,-114.0,-440.0
298.0,-1267.0,-82.0,-412.0,173.0,28.0,179.0,194.0,-90.0,-281.0
253.0,-1237.0,-46.0,-431.0,19.0,165.0,158.0,382.0,-83.0,-136.0
199.0,-1159.0,-91.0,-420.0,-87.0,128.0,135.0,203.0,-96.0,14.0
152.0,-1179.0,-67.0,-393.0,-121.0,-87.0,102.0,145.0,-114.0,187.0
108.0,-1301.0,-12.0,-361.0,-118.0,-212.0,42.0,133.0,-131.0,341.0
82.0,-1394.0,-42.0,-329.0,-100.0,-117.0,16.0,162.0,-147.0,430.0
48.0,-1336.0,62.0,-303.0,-75.0,42.0,16.0,208.0,-192.0,471.0
-1.0,-1129.0,43.0,-265.0,-59.0,74.0,1.0,36.0,-242.0,500.0
-33.0,-837.0,63.0,-205.0,-57.0,-23.0,-7.0,-18.0,-312.0,477.0
-71.0,-433.0,142.0,-141.0,-64.0,-214.0,-13.0,-160.0,-389.0,433.0
-85.0,80.0,75.0,-92.0,-72.0,-331.0,9.0,-219.0,-443.0,421.0
-107.0,478.0,142.0,-54.0,-66.0,-223.0,33.0,-267.0,-493.0,431.0
-105.0,574.0,123.0,-43.0,-42.0,-85.0,50.0,-369.0,-524.0,430.0
-125.0,461.0,131.0,-47.0,-23.0,-4.0,71.0,-351.0,-523.0,463.0
-149.0,231.0,156.0,-61.0,-30.0,21.0,70.0,-428.0,-495.0,550.0
-143.0,-110.0,126.0,-93.0,-60.0,-17.0,62.0,-349.0,-446.0,604.0
-150.0,-436.0,224.0,-132.0,-111.0,-4.0,59.0,-245.0,-383.0,633.0
-147.0,-605.0,204.0,-179.0,-182.0,-1.0,91.0,-120.0,-300.0,639.0
-149.0,-687.0,235.0,-218.0,-257.0,17.0,137.0,-97.0,-201.0,626.0
-128.0,-752.0,274.0,-230.0,-315.0,37.0,185.0,-251.0,-91.0,591.0
-124.0,-800.0,258.0,-231.0,-346.0,-15.0,243.0,-240.0,27.0,508.0
-130.0,-892.0,294.0,-239.0,-334.0,-158.0,272.0,-192.0,137.0,426.0
-122.0,-937.0,256.0,-207.0,-277.0,-246.0,299.0,134.0,257.0,328.0
-125.0,-788.0,241.0,-173.0,-184.0,-131.0,328.0,354.0,382.0,226.0
-123.0,-538.0,232.0,-125.0,-81.0,-79.0,334.0,332.0,474.0,145.0
-126.0,-330.0,208.0,-62.0,-12.0,-35.0,316.0,242.0,573.0,121.0
-129.0,-119.0,189.0,-30.0,-6.0,12.0,291.0,-55.0,658.0,149.0
-112.0,128.0,174.0,23.0,-41.0,51.0,290.0,-99.0,733.0,191.0
-113.0,290.0,160.0,86.0,-69.0,110.0,307.0,-221.0,814.0,280.0
-98.0,325.0,119.0,153.0,-66.0,-10.0,338.0,-336.0,857.0,385.0
-76.0,284.0,117.0,212.0,-12.0,-22.0,358.0,-338.0,885.0,490.0
-74.0,209.0,115.0,266.0,92.0,47.0,387.0,-465.0,889.0,570.0
-77.0,180.0,86.0,320.0,200.0,-10.0,404.0,-363.0,857.0,634.0
-74.0,260.0,96.0,342.0,262.0,-7.0,395.0,-219.0,791.0,696.0
-52.0,471.0,119.0,358.0,298.0,41.0,382.0,64.0,697.0,710.0
-55.0,829.0,133.0,379.0,362.0,173.0,363.0,271.0,578.0,710.0
-39.0,1228.0,188.0,397.0,456.0,303.0,367.0,221.0,441.0,681.0
-21.0,1477.0,226.0,435.0,539.0,309.0,355.0,121.0,316.0,619.0
11.0,1604.0,259.0,465.0,575.0,376.0,356.0,20.0,198.0,507.0
30.0,1767.0,327.0,487.0,534.0,381.0,341.0,96.0,107.0,358.0
33.0,1972.0,341.0,500.0,402.0,187.0,331.0,60.0,33.0,214.0
72.0,2085.0,396.0,467.0,208.0,137.0,376.0,51.0,-25.0,37.0
83.0,1949.0,412.0,411.0,17.0,299.0,417.0,46.0,-39.0,-146.0
104.0,1526.0,417.0,303.0,-120.0,363.0,462.0,24.0,-16.0,-303.0
121.0,926.0,452.0,173.0,-198.0,279.0,445.0,73.0,45.0,-427.0
147.0,334.0,395.0,49.0,-201.0,163.0,400.0,-29.0,119.0,-530.0
187.0,-105.0,407.0,-85.0,-131.0,142.0,369.0,-29.0,201.0,-608.0
223.0,-315.0,371.0,-190.0,-39.0,272.0,342.0,-133.0,272.0,-633.0
242.0,-259.0,323.0,-260.0,27.0,437.0,323.0,-42.0,312.0,-627.0
256.0,55.0,329.0,-280.0,36.0,475.0,297.0,240.0,343.0,-633.0
253.0,528.0,269.0,-269.0,-12.0,329.0,296.0,293.0,361.0,-607.0
243.0,943.0,245.0,-246.0,-89.0,155.0,280.0,393.0,363.0,-530.0
258.0,1206.0,201.0,-207.0,-146.0,121.0,264.0,279.0,340.0,-486.0
243.0,1322.0,137.0,-164.0,-142.0,227.0,269.0,271.0,280.0,-438.0
246.0,1222.0,83.0,-100.0,-91.0,313.0,293.0,334.0,211.0,-336.0
250.0,853.0,-12.0,-39.0,-20.0,310.0,303.0,238.0,145.0,-195.0
260.0,329.0,-68.0,4.0,57.0,256.0,306.0,238.0,59.0,-54.0
237.0,-152.0,-115.0,32.0,124.0,206.0,322.0,188.0,-47.0,82.0
206.0,-475.0,-201.0,4.0,156.0,229.0,296.0,373.0,-185.0,236.0
189.0,-661.0,-239.0,-43.0,138.0,303.0,268.0,485.0,-333.0,371.0
164.0,-955.0,-303.0,-101.0,89.0,343.0,230.0,502.0,-470.0,450.0
170.0,-1513.0,-373.0,-185.0,38.0,194.0,204.0,400.0,-594.0,490.0
146.0,-2134.0,-432.0,-284.0,-6.0,83.0,195.0,11.0,-692.0,539.0
137.0,-2582.0,-505.0,-391.0,-55.0,248.0,185.0,-62.0,-780.0,521.0
110.0,-2847.0,-535.0,-468.0,-130.0,438.0,166.0,-72.0,-865.0,436.0
81.0,-2940.0,-608.0,-550.0,-235.0,502.0,138.0,-77.0,-927.0,355.0
65.0,-2738.0,-641.0,-607.0,-369.0,475.0,120.0,-216.0,-963.0,241.0
38.0,-2245.0,-659.0,-630.0,-516.0,438.0,71.0,-397.0,-979.0,97.0
39.0,-1621.0,-690.0,-636.0,-638.0,421.0,49.0,-341.0,-953.0,-65.0
40.0,-1085.0,-699.0,-614.0,-694.0,353.0,23.0,-299.0,-910.0,-193.0
73.0,-842.0,-716.0,-556.0,-667.0,326.0,-1.0,-48.0,-831.0,-282.0
78.0,-851.0,-704.0,-464.0,-579.0,367.0,-10.0,-81.0,-716.0,-355.0
97.0,-855.0,-709.0,-380.0,-471.0,392.0,-30.0,-229.0,-579.0,-363.0
129.0,-710.0,-702.0,-280.0,-376.0,374.0,-31.0,-118.0,-416.0,-312.0
122.0,-489.0,-687.0,-212.0,-303.0,364.0,-41.0,49.0,-259.0,-251.0
118.0,-311.0,-688.0,-130.0,-253.0,410.0,-62.0,339.0,-115.0,-189.0
83.0,-261.0,-655.0,-45.0,-217.0,425.0,-116.0,345.0,21.0,-91.0
38.0,-293.0,-627.0,20.0,-170.0,450.0,-168.0,247.0,154.0,-27.0
-7.0,-288.0,-604.0,110.0,-106.0,461.0,-194.0,129.0,229.0,-19.0
-31.0,-193.0,-544.0,169.0,-39.0,494.0,-191.0,72.0,262.0,-66.0
-59.0,8.0,-535.0,215.0,7.0,470.0,-177.0,72.0,250.0,-175.0
-99.0,372.0,-520.0,217.0,33.0,426.0,-160.0,-36.0,198.0,-305.0
-111.0,901.0,-454.0,237.0,67.0,630.0,-127.0,46.0,144.0,-492.0
-126.0,1464.0,-433.0,244.0,109.0,764.0,-133.0,-73.0,100.0,-671.0
-127.0,1968.0,-410.0,219.0,128.0,632.0,-149.0,-184.0,94.0,-767.0
-113.0,2356.0,-378.0,213.0,115.0,336.0,-190.0,-197.0,92.0,-817.0
-89.0,2507.0,-334.0,192.0,95.0,207.0,-232.0,-256.0,105.0,-829.0
-68.0,2372.0,-277.0,193.0,99.0,354.0,-253.0,-92.0,130.0,-761.0
-62.0,2025.0,-225.0,179.0,129.0,404.0,-292.0,-109.0,137.0,-628.0
-48.0,1574.0,-176.0,200.0,157.0,389.0,-319.0,-49.0,134.0,-522.0
-5.0,1137.0,-110.0,224.0,163.0,361.0,-329.0,-22.0,131.0,-421.0
20.0,820.0,-58.0,203.0,151.0,317.0,-319.0,-153.0,146.0,-299.0
44.0,602.0,2.0,172.0,130.0,358.0,-301.0,-147.0,167.0,-218.0
78.0,419.0,114.0,99.0,86.0,367.0,-281.0,-169.0,209.0,-203.0
92.0,282.0,194.0,38.0,7.0,256.0,-270.0,-12.0,255.0,-214.0
127.0,206.0,291.0,-31.0,-72.0,196.0,-274.0,42.0,303.0,-231.0
158.0,253.0,378.0,-102.0,-99.0,178.0,-288.0,144.0,355.0,-290.0
184.0,447.0,449.0,-171.0,-66.0,212.0,-330.0,197.0,385.0,-393.0
166.0,696.0,553.0,-214.0,3.0,269.0,-388.0,25.0,390.0,-471.0
154.0,915.0,588.0,-201.0,88.0,116.0,-428.0,60.0,361.0,-492.0
157.0,1048.0,620.0,-176.0,181.0,114.0,-454.0,-33.0,343.0,-500.0
154.0,984.0,653.0,-152.0,274.0,299.0,-473.0,53.0,333.0,-449.0
164.0,691.0,619.0,-130.0,341.0,347.0,-489.0,182.0,324.0,-284.0
133.0,322.0,610.0,-115.0,372.0,283.0,-512.0,99.0,317.0,-56.0
149.0,-21.0,587.0,-117.0,372.0,116.0,-503.0,105.0,293.0,200.0
153.0,-362.0,527.0,-86.0,343.0,65.0,-484.0,16.0,255.0,507.0
172.0,-635.0,487.0,-26.0,296.0,125.0,-479.0,7.0,209.0,830.0
189.0,-672.0,421.0,65.0,261.0,152.0,-448.0,1.0,173.0,1086.0
177.0,-489.0,363.0,152.0,262.0,199.0,-413.0,49.0,151.0,1287.0
193.0,-373.0,339.0,224.0,300.0,183.0,-416.0,40.0,122.0,1448.0
177.0,-522.0,246.0,307.0,355.0,115.0,-437.0,25.0,109.0,1524.0
173.0,-883.0,210.0,348.0,403.0,94.0,-443.0,184.0,99.0,1500.0
151.0,-1291.0,176.0,359.0,413.0,126.0,-442.0,175.0,73.0,1444.0
149.0,-1648.0,90.0,318.0,376.0,217.0,-431.0,291.0,40.0,1386.0
141.0,-1896.0,98.0,252.0,314.0,231.0,-408.0,400.0,-6.0,1263.0
133.0,-1941.0,61.0,152.0,249.0,182.0,-401.0,578.0,-54.0,1130.0
122.0,-1664.0,26.0,6.0,197.0,173.0,-399.0,842.0,-114.0,1049.0
104.0,-978.0,31.0,-128.0,171.0,130.0,-398.0,740.0,-165.0,976.0
120.0,-41.0,-7.0,-263.0,186.0,185.0,-381.0,654.0,-191.0,899.0
80.0,855.0,6.0,-377.0,235.0,233.0,-339.0,445.0,-207.0,853.0
68.0,1550.0,39.0,-467.0,287.0,131.0,-308.0,310.0,-209.0,829.0
74.0,1956.0,35.0,-533.0,322.0,63.0,-272.0,219.0,-226.0,784.0
108.0,1990.0,95.0,-573.0,323.0,100.0,-269.0,-59.0,-266.0,739.0
147.0,1677.0,135.0,-591.0,288.0,307.0,-288.0,-53.0,-331.0,701.0
146.0,1203.0,197.0,-557.0,230.0,421.0,-281.0,-84.0,-412.0,676.0
165.0,747.0,281.0,-485.0,148.0,294.0,-297.0,-7.0,-498.0,650.0
198.0,414.0,318.0,-411.0,55.0,168.0,-324.0,181.0,-593.0,629.0
243.0,212.0,383.0,-314.0,-21.0,118.0,-354.0,262.0,-668.0,628.0
247.0,81.0,393.0,-211.0,-75.0,99.0,-356.0,375.0,-714.0,597.0
274.0,42.0,422.0,-127.0,-112.0,52.0,-321.0,362.0,-728.0,563.0
311.0,203.0,436.0,-55.0,-143.0,108.0,-283.0,336.0,-709.0,517.0
366.0,539.0,403.0,-1.0,-197.0,165.0,-277.0,315.0,-675.0,450.0
412.0,837.0,352.0,53.0,-269.0,171.0,-321.0,393.0,-632.0,368.0
425.0,955.0,289.0,91.0,-321.0,146.0,-369.0,397.0,-591.0,280.0
451.0,875.0,219.0,124.0,-346.0,58.0,-401.0,404.0,-520.0,209.0
463.0,618.0,121.0,166.0,-363.0,70.0,-406.0,495.0,-411.0,115.0
459.0,256.0,77.0,217.0,-388.0,-53.0,-386.0,345.0,-307.0,-2.0
413.0,-132.0,12.0,289.0,-427.0,-104.0,-378.0,288.0,-196.0,-136.0
388.0,-594.0,-49.0,375.0,-489.0,18.0,-372.0,249.0,-102.0,-286.0
351.0,-1121.0,-85.0,484.0,-562.0,53.0,-370.0,169.0,-33.0,-436.0
334.0,-1540.0,-111.0,550.0,-608.0,120.0,-392.0,123.0,20.0,-586.0
310.0,-1733.0,-136.0,592.0,-626.0,135.0,-396.0,-31.0,55.0,-718.0
271.0,-1674.0,-155.0,618.0,-619.0,200.0,-417.0,-177.0,92.0,-836.0
242.0,-1444.0,-176.0,605.0,-583.0,139.0,-474.0,-308.0,136.0,-974.0
195.0,-1198.0,-196.0,573.0,-505.0,-90.0,-506.0,-266.0,161.0,-1111.0
140.0,-1050.0,-186.0,498.0,-383.0,-140.0,-552.0,-223.0,156.0,-1218.0
48.0,-966.0,-197.0,421.0,-245.0,-66.0,-590.0,-155.0,154.0,-1308.0
-1.0,-784.0,-198.0,329.0,-112.0,87.0,-614.0,79.0,122.0,-1397.0
-104.0,-449.0,-217.0,227.0,0.0,80.0,-672.0,164.0,80.0,-1448.0
-184.0,-101.0,-216.0,144.0,81.0,-1.0,-709.0,243.0,33.0,-1438.0
-256.0,148.0,-253.0,51.0,124.0,51.0,-717.0,279.0,-14.0,-1433.0
-321.0,399.0,-282.0,0.0,136.0,115.0,-727.0,291.0,-25.0,-1399.0
-364.0,759.0,-271.0,-24.0,130.0,181.0,-757.0,264.0,-29.0,-1312.0
-410.0,1162.0,-315.0,-40.0,115.0,137.0,-786.0,182.0,-4.0,-1221.0
-422.0,1485.0,-328.0,0.0,81.0,104.0,-797.0,175.0,11.0,-1147.0
-457.0,1627.0,-309.0,61.0,23.0,115.0,-821.0,-7.0,15.0,-1071.0
-415.0,1601.0,-297.0,168.0,-30.0,195.0,-830.0,-72.0,28.0,-965.0
-418.0,1493.0,-315.0,279.0,-64.0,301.0,-812.0,-157.0,41.0,-920.0
-402.0,1386.0,-313.0,321.0,-84.0,200.0,-786.0,-205.0,36.0,-901.0
-400.0,1337.0,-337.0,365.0,-98.0,103.0,-765.0,-11.0,6.0,-838.0
-385.0,1386.0,-356.0,415.0,-77.0,104.0,-751.0,169.0,-16.0,-778.0
-336.0,1505.0,-369.0,458.0,0.0,145.0,-731.0,524.0,-52.0,-730.0
-316.0,1531.0,-372.0,466.0,109.0,166.0,-719.0,622.0,-99.0,-681.0
-248.0,1396.0,-352.0,442.0,222.0,151.0,-713.0,641.0,-152.0,-585.0
-220.0,1212.0,-365.0,387.0,315.0,223.0,-720.0,720.0,-187.0,-497.0
-150.0,1012.0,-326.0,288.0,371.0,233.0,-743.0,591.0,-202.0,-439.0
-108.0,621.0,-280.0,200.0,392.0,178.0,-766.0,545.0,-205.0,-317.0
-50.0,-30.0,-250.0,92.0,411.0,199.0,-783.0,332.0,-167.0,-154.0
-16.0,-702.0,-198.0,-28.0,450.0,157.0,-794.0,169.0,-121.0,11.0
14.0,-1183.0,-124.0,-140.0,489.0,45.0,-783.0,123.0,-75.0,205.0
72.0,-1420.0,-101.0,-264.0,520.0,44.0,-760.0,0.0,-26.0,431.0
110.0,-1379.0,-28.0,-384.0,538.0,132.0,-753.0,-64.0,2.0,647.0
150.0,-1089.0,49.0,-521.0,533.0,112.0,-752.0,-109.0,17.0,809.0
170.0,-604.0,65.0,-651.0,500.0,9.0,-774.0,-55.0,-1.0,932.0
215.0,18.0,171.0,-745.0,462.0,10.0,-800.0,-5.0,-27.0,1049.0
226.0,618.0,203.0,-838.0,441.0,104.0,-810.0,184.0,-51.0,1097.0
281.0,964.0,247.0,-915.0,430.0,113.0,-823.0,345.0,-103.0,1065.0
297.0,968.0,315.0,-939.0,410.0,11.0,-825.0,375.0,-166.0,1020.0
355.0,738.0,352.0,-934.0,370.0,7.0,-813.0,417.0,-253.0,969.0
393.0,382.0,398.0,-898.0,314.0,74.0,-790.0,286.0,-344.0,866.0
419.0,-52.0,378.0,-835.0,247.0,60.0,-754.0,267.0,-406.0,752.0
455.0,-436.0,382.0,-773.0,185.0,-9.0,-711.0,133.0,-443.0,723.0
427.0,-597.0,339.0,-707.0,136.0,-74.0,-676.0,-48.0,-454.0,701.0
449.0,-579.0,272.0,-637.0,92.0,-27.0,-624.0,-99.0,-449.0,677.0
395.0,-625.0,215.0,-564.0,47.0,48.0,-568.0,-164.0,-438.0,694.0
421.0,-858.0,130.0,-470.0,5.0,113.0,-543.0,5.0,-412.0,721.0
390.0,-1212.0,25.0,-364.0,-41.0,166.0,-528.0,-86.0,-383.0,742.0
364.0,-1666.0,-90.0,-246.0,-97.0,64.0,-512.0,-199.0,-381.0,712.0
352.0,-2138.0,-168.0,-102.0,-155.0,-68.0,-464.0,-140.0,-379.0,700.0
286.0,-2438.0,-269.0,37.0,-208.0,-75.0,-428.0,-103.0,-381.0,687.0
256.0,-2477.0,-366.0,166.0,-252.0,-10.0,-397.0,134.0,-396.0,622.0
157.0,-2269.0,-417.0,290.0,-279.0,26.0,-347.0,203.0,-404.0,543.0
118.0,-1900.0,-450.0,399.0,-262.0,-66.0,-327.0,242.0,-401.0,461.0
35.0,-1493.0,-482.0,466.0,-195.0,-123.0,-295.0,206.0,-378.0,372.0
-9.0,-1135.0,-469.0,520.0,-104.0,-11.0,-263.0,72.0,-341.0,259.0
-68.0,-825.0,-412.0,560.0,-27.0,56.0,-266.0,27.0,-301.0,165.0
-120.0,-515.0,-397.0,548.0,16.0,9.0,-291.0,-62.0,-274.0,122.0
-162.0,-142.0,-355.0,501.0,32.0,-44.0,-317.0,0.0,-246.0,97.0
-240.0,249.0,-306.0,445.0,38.0,-48.0,-340.0,-72.0,-204.0,76.0
-273.0,514.0,-283.0,375.0,49.0,51.0,-392.0,-101.0,-153.0,104.0
-346.0,600.0,-212.0,287.0,61.0,202.0,-449.0,-36.0,-88.0,172.0
-371.0,546.0,-171.0,231.0,70.0,227.0,-492.0,-42.0,-7.0,222.0
-415.0,375.0,-147.0,156.0,53.0,97.0,-522.0,29.0,87.0,232.0
-411.0,100.0,-65.0,72.0,-2.0,3.0,-522.0,-97.0,206.0,234.0
-417.0,-202.0,-32.0,43.0,-93.0,75.0,-506.0,-81.0,328.0,183.0
-412.0,-349.0,-5.0,40.0,-210.0,149.0,-521.0,-84.0,438.0,49.0
-350.0,-176.0,105.0,58.0,-328.0,124.0,-551.0,-105.0,532.0,-95.0
-330.0,268.0,148.0,83.0,-423.0,85.0,-565.0,-16.0,611.0,-258.0
-291.0,812.0,202.0,129.0,-488.0,96.0,-562.0,-121.0,676.0,-433.0
-287.0,1364.0,308.0,196.0,-527.0,204.0,-549.0,77.0,717.0,-627.0
-249.0,1887.0,346.0,252.0,-527.0,164.0,-531.0,192.0,736.0,-789.0
-241.0,2231.0,404.0,318.0,-481.0,14.0,-500.0,151.0,717.0,-902.0
-230.0,2212.0,443.0,386.0,-391.0,31.0,-490.0,121.0,666.0,-1022.0
-194.0,1819.0,465.0,415.0,-272.0,-16.0,-475.0,-86.0,613.0,-1098.0
-172.0,1190.0,474.0,429.0,-145.0,-135.0,-443.0,-55.0,550.0,-1105.0
-137.0,526.0,446.0,429.0,-19.0,-117.0,-418.0,-29.0,489.0,-1056.0
-149.0,26.0,403.0,414.0,66.0,-11.0,-385.0,20.0,443.0,-979.0
-144.0,-252.0,347.0,387.0,101.0,33.0,-377.0,131.0,427.0,-852.0
-155.0,-441.0,287.0,330.0,78.0,-82.0,-364.0,253.0,441.0,-659.0
-185.0,-602.0,224.0,268.0,16.0,-152.0,-367.0,454.0,441.0,-477.0
-201.0,-674.0,171.0,212.0,-61.0,-81.0,-364.0,485.0,441.0,-330.0
-225.0,-665.0,140.0,148.0,-141.0,-89.0,-323.0,539.0,434.0,-175.0
-230.0,-597.0,128.0,70.0,-189.0,-145.0,-316.0,498.0,405.0,-46.0
-235.0,-523.0,95.0,-9.0,-203.0,-148.0,-298.0,558.0,383.0,7.0
-246.0,-554.0,116.0,-79.0,-206.0,-173.0,-257.0,727.0,353.0,20.0
-260.0,-710.0,91.0,-121.0,-203.0,-282.0,-227.0,633.0,304.0,14.0
-279.0,-880.0,97.0,-124.0,-176.0,-324.0,-214.0,572.0,267.0,-34.0
-275.0,-984.0,119.0,-104.0,-114.0,-215.0,-172.0,400.0,230.0,-114.0
-268.0,-1012.0,70.0,-92.0,-32.0,-150.0,-128.0,218.0,160.0,-190.0
-253.0,-989.0,100.0,-67.0,48.0,-150.0,-109.0,127.0,100.0,-260.0
-215.0,-1047.0,71.0,-15.0,120.0,-152.0,-85.0,99.0,31.0,-333.0
-141.0,-1273.0,40.0,4.0,194.0,-130.0,-90.0,194.0,-61.0,-398.0
-78.0,-1562.0,45.0,-5.0,275.0,-154.0,-76.0,323.0,-139.0,-418.0
-46.0,-1714.0,27.0,-24.0,342.0,-147.0,-58.0,537.0,-225.0,-397.0
0.0,-1631.0,0.0,-96.0,362.0,-8.0,-75.0,467.0,-307.0,-351.0
34.0,-1375.0,4.0,-204.0,320.0,-2.0,-80.0,450.0,-365.0,-307.0
70.0,-980.0,4.0,-319.0,228.0,-77.0,-103.0,460.0,-402.0,-254.0
100.0,-482.0,-51.0,-470.0,108.0,-68.0,-126.0,279.0,-412.0,-231.0
150.0,-7.0,-33.0,-619.0,-9.0,-11.0,-123.0,242.0,-411.0,-259.0
192.0,354.0,-45.0,-744.0,-89.0,-11.0,-155.0,131.0,-398.0,-303.0
217.0,568.0,-58.0,-831.0,-113.0,-149.0,-177.0,236.0,-369.0,-361.0
237.0,594.0,-35.0,-847.0,-84.0,-253.0,-174.0,254.0,-336.0,-427.0
254.0,499.0,-67.0,-816.0,-38.0,-229.0,-168.0,206.0,-303.0,-502.0
276.0,439.0,-55.0,-699.0,-18.0,-104.0,-164.0,325.0,-271.0,-541.0
279.0,495.0,-113.0,-560.0,-48.0,-36.0,-201.0,288.0,-255.0,-547.0
287.0,678.0,-185.0,-421.0,-120.0,-80.0,-183.0,408.0,-276.0,-539.0
309.0,949.0,-181.0,-247.0,-207.0,-100.0,-150.0,362.0,-322.0,-501.0
318.0,1171.0,-261.0,-90.0,-281.0,-163.0,-141.0,308.0,-382.0,-437.0
279.0,1192.0,-306.0,66.0,-325.0,-123.0,-123.0,389.0,-463.0,-390.0
269.0,1049.0,-326.0,199.0,-324.0,-7.0,-107.0,339.0,-541.0,-416.0
245.0,888.0,-377.0,280.0,-284.0,-23.0,-99.0,345.0,-603.0,-477.0
227.0,740.0,-360.0,323.0,-209.0,-56.0,-102.0,184.0,-661.0,-548.0
212.0,506.0,-324.0,319.0,-108.0,-89.0,-81.0,57.0,-697.0,-665.0
184.0,135.0,-324.0,278.0,-3.0,14.0,-73.0,-62.0,-724.0,-800.0
180.0,-318.0,-255.0,218.0,86.0,81.0,-88.0,-242.0,-727.0,-891.0
144.0,-826.0,-184.0,128.0,144.0,-9.0,-97.0,-343.0,-692.0,-955.0
146.0,-1346.0,-188.0,34.0,158.0,-93.0,-99.0,-504.0,-652.0,-999.0
94.0,-1799.0,-109.0,-52.0,134.0,-219.0,-107.0,-493.0,-614.0,-1002.0
57.0,-2129.0,-34.0,-152.0,106.0,-184.0,-103.0,-428.0,-547.0,-937.0
28.0,-2321.0,-16.0,-219.0,104.0,-60.0,-116.0,-378.0,-460.0,-840.0
-15.0,-2335.0,45.0,-275.0,119.0,6.0,-155.0,-349.0,-370.0,-735.0
-44.0,-2085.0,118.0,-326.0,126.0,-29.0,-168.0,-271.0,-262.0,-596.0
-107.0,-1633.0,124.0,-352.0,121.0,-151.0,-187.0,-53.0,-141.0,-424.0
-116.0,-1153.0,121.0,-338.0,108.0,-139.0,-179.0,18.0,-32.0,-261.0
-174.0,-701.0,186.0,-261.0,90.0,-25.0,-178.0,153.0,80.0,-149.0
-232.0,-211.0,230.0,-163.0,87.0,-52.0,-200.0,147.0,188.0,-5.0
-285.0,393.0,254.0,-82.0,107.0,-289.0,-207.0,99.0,265.0,148.0
-310.0,1146.0,277.0,-10.0,140.0,-369.0,-193.0,177.0,330.0,254.0
-320.0,1934.0,274.0,64.0,185.0,-331.0,-146.0,92.0,386.0,336.0
-333.0,2604.0,266.0,95.0,221.0,-310.0,-104.0,194.0,421.0,415.0
-316.0,3138.0,213.0,96.0,235.0,-266.0,-56.0,232.0,453.0,451.0
-333.0,3565.0,187.0,131.0,212.0,-238.0,-24.0,190.0,474.0,414.0
-297.0,3766.0,168.0,143.0,157.0,-190.0,5.0,-16.0,473.0,390.0
-281.0,3634.0,92.0,86.0,98.0,-267.0,26.0,-352.0,468.0,357.0
-252.0,3240.0,44.0,10.0,62.0,-260.0,51.0,-443.0,454.0,310.0
-227.0,2631.0,-17.0,-29.0,64.0,-139.0,97.0,-556.0,443.0,281.0
-214.0,1880.0,-61.0,-69.0,82.0,-139.0,127.0,-432.0,436.0,292.0
-194.0,1132.0,-86.0,-83.0,82.0,-190.0,142.0,-258.0,439.0,348.0
-196.0,458.0,-132.0,-6.0,47.0,-246.0,132.0,-35.0,439.0,405.0
-186.0,-154.0,-123.0,92.0,-4.0,-227.0,139.0,175.0,414.0,481.0
-199.0,-758.0,-107.0,193.0,-56.0,-205.0,147.0,114.0,395.0,582.0
-194.0,-1279.0,-116.0,294.0,-105.0,-204.0,145.0,131.0,378.0,677.0
-229.0,-1559.0,-56.0,356.0,-164.0,-131.0,163.0,36.0,367.0,731.0
-225.0,-1611.0,-22.0,397.0,-232.0,-56.0,193.0,53.0,386.0,756.0
-233.0,-1612.0,-9.0,450.0,-280.0,-118.0,222.0,110.0,421.0,762.0
-229.0,-1618.0,41.0,503.0,-292.0,-281.0,204.0,77.0,459.0,719.0
-213.0,-1539.0,16.0,519.0,-268.0,-306.0,188.0,77.0,497.0,623.0
-226.0,-1367.0,31.0,522.0,-221.0,-252.0,165.0,14.0,533.0,512.0
-197.0,-1120.0,1.0,504.0,-171.0,-251.0,120.0,77.0,540.0,396.0
-205.0,-817.0,-34.0,445.0,-135.0,-231.0,121.0,24.0,508.0,230.0
-169.0,-508.0,-58.0,384.0,-109.0,-215.0,127.0,31.0,445.0,43.0
-175.0,-185.0,-145.0,339.0,-70.0,-230.0,116.0,60.0,336.0,-112.0
-158.0,141.0,-172.0,280.0,-9.0,-252.0,96.0,24.0,192.0,-246.0
-135.0,431.0,-226.0,221.0,67.0,-222.0,78.0,155.0,44.0,-371.0
-120.0,709.0,-261.0,155.0,151.0,-221.0,91.0,131.0,-99.0,-451.0
-83.0,1000.0,-274.0,76.0,229.0,-338.0,104.0,249.0,-237.0,-461.0
-84.0,1173.0,-298.0,17.0,290.0,-348.0,103.0,376.0,-380.0,-430.0
-16.0,1125.0,-326.0,-60.0,326.0,-254.0,102.0,362.0,-501.0,-358.0
15.0,939.0,-305.0,-117.0,319.0,-222.0,84.0,415.0,-605.0,-244.0
59.0,727.0,-322.0,-146.0,269.0,-206.0,81.0,378.0,-685.0,-107.0
64.0,516.0,-345.0,-197.0,187.0,-134.0,86.0,358.0,-706.0,6.0
61.0,265.0,-255.0,-243.0,91.0,-15.0,56.0,169.0,-721.0,79.0
70.0,-8.0,-251.0,-282.0,-8.0,-51.0,48.0,51.0,-714.0,145.0
52.0,-206.0,-199.0,-312.0,-96.0,-162.0,60.0,-3.0,-677.0,180.0
68.0,-242.0,-120.0,-332.0,-150.0,-140.0,73.0,-51.0,-618.0,202.0
44.0,-153.0,-87.0,-367.0,-166.0,-89.0,99.0,-49.0,-531.0,242.0
35.0,-125.0,-31.0,-388.0,-160.0,-105.0,118.0,-212.0,-423.0,294.0
17.0,-273.0,6.0,-394.0,-157.0,-135.0,134.0,-131.0,-303.0,355.0
21.0,-504.0,50.0,-421.0,-155.0,-85.0,123.0,-81.0,-184.0,393.0
12.0,-746.0,72.0,-441.0,-131.0,-36.0,120.0,-1.0,-60.0,442.0
26.0,-987.0,96.0,-467.0,-83.0,-106.0,130.0,109.0,19.0,512.0
29.0,-1096.0,99.0,-466.0,-24.0,-146.0,138.0,-38.0,67.0,544.0
17.0,-980.0,95.0,-446.0,34.0,-46.0,167.0,29.0,115.0,573.0
29.0,-696.0,90.0,-438.0,92.0,22.0,163.0,147.0,152.0,625.0
21.0,-334.0,83.0,-400.0,129.0,-113.0,133.0,328.0,178.0,634.0
50.0,39.0,77.0,-375.0,131.0,-233.0,129.0,489.0,184.0,602.0
49.0,343.0,90.0,-345.0,92.0,-142.0,128.0,473.0,175.0,544.0
75.0,513.0,115.0,-284.0,38.0,-70.0,109.0,548.0,131.0,463.0
93.0,607.0,117.0,-242.0,10.0,-30.0,85.0,480.0,80.0,321.0
108.0,659.0,181.0,-200.0,11.0,68.0,70.0,413.0,-3.0,101.0
132.0,666.0,249.0,-152.0,24.0,202.0,67.0,343.0,-139.0,-102.0
147.0,692.0,305.0,-138.0,20.0,236.0,74.0,208.0,-277.0,-306.0
171.0,808.0,356.0,-152.0,2.0,137.0,79.0,73.0,-403.0,-525.0
184.0,994.0,403.0,-154.0,-30.0,159.0,69.0,-164.0,-529.0,-706.0
233.0,1073.0,476.0,-159.0,-75.0,160.0,48.0,-145.0,-671.0,-810.0
226.0,892.0,509.0,-128.0,-110.0,53.0,28.0,-123.0,-797.0,-857.0
213.0,471.0,558.0,-103.0,-121.0,-4.0,32.0,-145.0,-914.0,-882.0
200.0,-74.0,596.0,-122.0,-104.0,19.0,45.0,-96.0,-1005.0,-842.0
181.0,-579.0,636.0,-97.0,-75.0,56.0,40.0,-46.0,-1047.0,-748.0
164.0,-886.0,687.0,-42.0,-49.0,8.0,60.0,101.0,-1059.0,-644.0
142.0,-926.0,692.0,-9.0,-27.0,9.0,67.0,73.0,-1014.0,-518.0
135.0,-720.0,711.0,30.0,0.0,33.0,49.0,105.0,-941.0,-372.0
89.0,-299.0,684.0,78.0,43.0,-45.0,65.0,70.0,-839.0,-231.0
67.0,225.0,642.0,127.0,94.0,-107.0,53.0,-5.0,-676.0,-122.0
48.0,668.0,623.0,180.0,137.0,-122.0,30.0,-46.0,-492.0,-73.0
13.0,980.0,581.0,233.0,157.0,-100.0,29.0,-118.0,-313.0,-52.0
-18.0,1138.0,532.0,303.0,157.0,-52.0,22.0,-51.0,-142.0,-64.0
-47.0,1022.0,469.0,378.0,144.0,-7.0,18.0,-169.0,23.0,-136.0
-55.0,679.0,451.0,446.0,120.0,78.0,19.0,-153.0,165.0,-219.0
-51.0,290.0,432.0,487.0,88.0,142.0,50.0,-182.0,265.0,-298.0
-54.0,-55.0,355.0,509.0,58.0,130.0,68.0,-225.0,329.0,-385.0
-62.0,-352.0,324.0,549.0,47.0,35.0,37.0,-40.0,353.0,-488.0
-64.0,-608.0,291.0,564.0,61.0,-94.0,38.0,20.0,346.0,-537.0
-94.0,-708.0,208.0,539.0,88.0,-129.0,44.0,208.0,299.0,-539.0
-133.0,-532.0,168.0,488.0,109.0,-95.0,34.0,260.0,217.0,-550.0
-168.0,-262.0,138.0,435.0,126.0,-88.0,42.0,269.0,117.0,-524.0
-193.0,-131.0,54.0,350.0,150.0,-114.0,41.0,195.0,0.0,-475.0
-228.0,-114.0,-11.0,214.0,167.0,-117.0,41.0,-16.0,-103.0,-413.0
-230.0,-176.0,-55.0,97.0,154.0,-62.0,60.0,5.0,-201.0,-347.0
-214.0,-398.0,-168.0,6.0,116.0,-33.0,83.0,-157.0,-298.0,-281.0
-207.0,-667.0,-234.0,-103.0,69.0,-108.0,84.0,-201.0,-369.0,-175.0
-174.0,-756.0,-292.0,-198.0,23.0,-227.0,85.0,-242.0,-418.0,-99.0
-166.0,-614.0,-355.0,-272.0,-22.0,-237.0,104.0,-365.0,-447.0,-69.0
-140.0,-331.0,-360.0,-342.0,-60.0,-131.0,127.0,-227.0,-465.0,-27.0
-113.0,-57.0,-402.0,-378.0,-72.0,-188.0,154.0,-218.0,-469.0,-16.0
-94.0,111.0,-423.0,-397.0,-63.0,-402.0,185.0,-90.0,-429.0,-61.0
-73.0,199.0,-447.0,-376.0,-52.0,-395.0,220.0,-73.0,-364.0,-126.0
-61.0,262.0,-490.0,-331.0,-53.0,-212.0,250.0,-1.0,-282.0,-190.0
-49.0,286.0,-540.0,-274.0,-62.0,-137.0,258.0,223.0,-181.0,-265.0
-32.0,254.0,-564.0,-192.0,-65.0,-117.0,255.0,188.0,-80.0,-360.0
-28.0,214.0,-601.0,-122.0,-70.0,-113.0,257.0,256.0,41.0,-434.0
-60.0,197.0,-653.0,-25.0,-86.0,-205.0,251.0,92.0,131.0,-461.0
-74.0,224.0,-632.0,53.0,-110.0,-311.0,236.0,-38.0,190.0,-467.0
-113.0,287.0,-657.0,107.0,-144.0,-346.0,216.0,-96.0,262.0,-441.0
-113.0,362.0,-679.0,159.0,-187.0,-287.0,207.0,-214.0,325.0,-344.0
-102.0,423.0,-646.0,183.0,-221.0,-242.0,224.0,-169.0,397.0,-206.0
-103.0,389.0,-649.0,214.0,-229.0,-281.0,234.0,-269.0,460.0,-73.0
-101.0,277.0,-623.0,226.0,-203.0,-290.0,239.0,-136.0,514.0,53.0
-106.0,216.0,-599.0,198.0,-158.0,-288.0,245.0,0.0,576.0,190.0
-80.0,211.0,-617.0,121.0,-108.0,-295.0,237.0,109.0,646.0,291.0
-106.0,233.0,-579.0,40.0,-55.0,-283.0,228.0,192.0,704.0,331.0
-108.0,341.0,-590.0,-34.0,-2.0,-297.0,214.0,83.0,741.0,354.0
-101.0,460.0,-602.0,-141.0,45.0,-221.0,221.0,118.0,765.0,366.0
-85.0,453.0,-577.0,-243.0,91.0,-99.0,248.0,70.0,757.0,329.0
-89.0,348.0,-614.0,-342.0,133.0,-130.0,265.0,44.0,701.0,258.0
-89.0,249.0,-580.0,-411.0,164.0,-240.0,273.0,-31.0,601.0,199.0
-78.0,155.0,-595.0,-434.0,177.0,-344.0,283.0,-64.0,470.0,153.0
-85.0,21.0,-600.0,-445.0,168.0,-294.0,280.0,-62.0,297.0,86.0
-46.0,-85.0,-526.0,-420.0,145.0,-148.0,274.0,-205.0,119.0,17.0
-42.0,-151.0,-537.0,-350.0,110.0,-95.0,280.0,-168.0,-51.0,-9.0
-12.0,-269.0,-476.0,-268.0,67.0,-122.0,275.0,-253.0,-230.0,-60.0
-8.0,-435.0,-426.0,-191.0,26.0,-172.0,296.0,-243.0,-352.0,-147.0
-10.0,-594.0,-395.0,-123.0,-2.0,-114.0,315.0,-169.0,-443.0,-192.0
-19.0,-775.0,-298.0,-58.0,-11.0,-91.0,328.0,-273.0,-528.0,-187.0
-42.0,-966.0,-224.0,0.0,0.0,-208.0,330.0,-247.0,-566.0,-179.0
-51.0,-1093.0,-123.0,61.0,28.0,-237.0,313.0,-384.0,-588.0,-168.0
-74.0,-1169.0,3.0,123.0,61.0,-104.0,306.0,-391.0,-608.0,-99.0
-74.0,-1169.0,123.0,174.0,74.0,-52.0,286.0,-327.0,-614.0,-28.0
-94.0,-1069.0,209.0,251.0,53.0,-68.0,281.0,-354.0,-619.0,-3.0
-81.0,-948.0,318.0,328.0,8.0,-6.0,302.0,-206.0,-610.0,22.0
-74.0,-874.0,398.0,394.0,-50.0,-7.0,298.0,-158.0,-604.0,51.0
-61.0,-823.0,440.0,463.0,-112.0,10.0,281.0,0.0,-594.0,48.0
-77.0,-688.0,497.0,488.0,-161.0,6.0,296.0,79.0,-564.0,19.0
-91.0,-386.0,514.0,522.0,-188.0,43.0,309.0,7.0,-552.0,6.0
-61.0,9.0,511.0,548.0,-192.0,205.0,310.0,-99.0,-524.0,1.0
-34.0,325.0,490.0,527.0,-183.0,125.0,330.0,-262.0,-466.0,-25.0
3.0,515.0,490.0,470.0,-168.0,-42.0,340.0,-229.0,-386.0,-30.0
11.0,601.0,475.0,380.0,-143.0,-68.0,354.0,-256.0,-286.0,8.0
58.0,638.0,442.0,320.0,-112.0,-60.0,366.0,-182.0,-185.0,54.0
98.0,672.0,437.0,244.0,-84.0,-78.0,374.0,-155.0,-81.0,93.0
125.0,632.0,410.0,162.0,-71.0,-108.0,387.0,-243.0,1.0,152.0
130.0,510.0,362.0,119.0,-67.0,14.0,384.0,-240.0,105.0,234.0
122.0,400.0,328.0,80.0,-58.0,120.0,368.0,-367.0,212.0,267.0
102.0,338.0,299.0,52.0,-27.0,-6.0,361.0,-314.0,282.0,236.0
66.0,291.0,273.0,55.0,31.0,-125.0,358.0,-273.0,349.0,201.0
26.0,248.0,256.0,88.0,102.0,-123.0,369.0,-195.0,403.0,144.0
-44.0,219.0,204.0,84.0,151.0,-101.0,370.0,-9.0,434.0,38.0
-75.0,292.0,177.0,50.0,171.0,-43.0,358.0,112.0,438.0,-73.0
-130.0,497.0,115.0,10.0,169.0,52.0,378.0,290.0,421.0,-144.0
-169.0,688.0,26.0,-48.0,144.0,126.0,396.0,206.0,383.0,-181.0
-202.0,846.0,-18.0,-130.0,108.0,70.0,405.0,112.0,327.0,-208.0
-237.0,1054.0,-141.0,-216.0,75.0,-52.0,383.0,-83.0,269.0,-199.0
-257.0,1244.0,-240.0,-293.0,54.0,-64.0,315.0,-229.0,193.0,-134.0
-264.0,1291.0,-345.0,-390.0,52.0,-50.0,287.0,-142.0,107.0,-73.0
-254.0,1148.0,-459.0,-484.0,79.0,-66.0,302.0,-175.0,41.0,-41.0
-254.0,793.0,-525.0,-573.0,135.0,-16.0,320.0,-44.0,-4.0,26.0
-222.0,283.0,-621.0,-653.0,184.0,25.0,356.0,-107.0,-65.0,122.0
-222.0,-232.0,-644.0,-703.0,198.0,-60.0,388.0,-151.0,-101.0,186.0
-211.0,-709.0,-683.0,-757.0,181.0,-114.0,416.0,-147.0,-98.0,253.0
-174.0,-1151.0,-717.0,-830.0,162.0,-30.0,431.0,-314.0,-108.0,369.0
-124.0,-1545.0,-681.0,-876.0,151.0,45.0,413.0,-282.0,-124.0,497.0
-99.0,-1901.0,-676.0,-901.0,133.0,114.0,421.0,-336.0,-126.0,608.0
-65.0,-2224.0,-650.0,-934.0,103.0,117.0,434.0,-266.0,-103.0,729.0
-29.0,-2481.0,-624.0,-941.0,77.0,62.0,447.0,-208.0,-63.0,865.0
-10.0,-2616.0,-605.0,-920.0,73.0,43.0,483.0,-197.0,-16.0,962.0
43.0,-2592.0,-594.0,-857.0,92.0,8.0,487.0,-153.0,32.0,984.0
58.0,-2383.0,-590.0,-775.0,115.0,-14.0,485.0,-266.0,81.0,971.0
86.0,-2051.0,-605.0,-722.0,133.0,-15.0,492.0,-218.0,117.0,913.0
96.0,-1657.0,-616.0,-643.0,141.0,2.0,489.0,-262.0,155.0,762.0
100.0,-1209.0,-582.0,-537.0,134.0,0.0,489.0,-288.0,172.0,548.0
107.0,-717.0,-585.0,-451.0,109.0,-18.0,503.0,-369.0,151.0,331.0
99.0,-166.0,-537.0,-380.0,68.0,1.0,525.0,-543.0,146.0,126.0
87.0,435.0,-465.0,-289.0,16.0,-11.0,503.0,-530.0,121.0,-96.0
84.0,1013.0,-399.0,-206.0,-34.0,-46.0,453.0,-589.0,59.0,-273.0
100.0,1459.0,-296.0,-145.0,-78.0,-22.0,413.0,-511.0,-2.0,-382.0
117.0,1711.0,-231.0,-104.0,-123.0,-20.0,393.0,-478.0,-57.0,-478.0
165.0,1694.0,-132.0,-103.0,-177.0,-93.0,415.0,-447.0,-104.0,-518.0
171.0,1423.0,-23.0,-93.0,-231.0,-93.0,461.0,-327.0,-143.0,-495.0
202.0,1061.0,53.0,-97.0,-260.0,-77.0,490.0,-249.0,-197.0,-465.0
209.0,744.0,165.0,-95.0,-258.0,-97.0,478.0,-72.0,-248.0,-453.0
206.0,550.0,280.0,-69.0,-227.0,-75.0,455.0,-86.0,-260.0,-453.0
194.0,398.0,369.0,-62.0,-182.0,-43.0,425.0,-31.0,-240.0,-452.0
161.0,167.0,464.0,-25.0,-147.0,50.0,392.0,12.0,-194.0,-468.0
146.0,-90.0,553.0,45.0,-136.0,35.0,380.0,51.0,-131.0,-527.0
105.0,-306.0,635.0,112.0,-160.0,-118.0,349.0,153.0,-65.0,-577.0
126.0,-496.0,705.0,138.0,-225.0,-93.0,319.0,3.0,-5.0,-593.0
101.0,-664.0,764.0,153.0,-323.0,-4.0,310.0,-48.0,69.0,-617.0
101.0,-780.0,809.0,166.0,-438.0,-32.0,313.0,-230.0,168.0,-595.0
89.0,-796.0,858.0,177.0,-534.0,-62.0,326.0,-352.0,257.0,-501.0
65.0,-686.0,865.0,193.0,-585.0,-73.0,322.0,-352.0,319.0,-379.0
70.0,-443.0,884.0,194.0,-588.0,-55.0,307.0,-450.0,387.0,-272.0
49.0,-133.0,916.0,234.0,-554.0,-14.0,283.0,-388.0,438.0,-157.0
55.0,103.0,892.0,307.0,-484.0,-29.0,264.0,-521.0,456.0,-42.0
32.0,277.0,920.0,387.0,-381.0,-8.0,261.0,-533.0,473.0,22.0
55.0,437.0,897.0,491.0,-271.0,-75.0,271.0,-535.0,479.0,52.0
32.0,501.0,872.0,604.0,-177.0,-273.0,276.0,-578.0,483.0,37.0
40.0,447.0,850.0,702.0,-101.0,-191.0,268.0,-399.0,484.0,1.0
61.0,352.0,768.0,787.0,-41.0,-3.0,260.0,-295.0,491.0,-76.0
82.0,261.0,716.0,830.0,9.0,33.0,229.0,42.0,490.0,-181.0
113.0,238.0,619.0,850.0,69.0,-23.0,174.0,288.0,482.0,-258.0
129.0,325.0,499.0,840.0,139.0,-83.0,132.0,325.0,507.0,-330.0
204.0,409.0,390.0,784.0,195.0,-6.0,121.0,260.0,558.0,-401.0
222.0,390.0,283.0,715.0,214.0,-8.0,107.0,90.0,585.0,-449.0
285.0,323.0,147.0,636.0,197.0,-10.0,91.0,46.0,588.0,-460.0
289.0,260.0,28.0,586.0,162.0,88.0,82.0,-109.0,613.0,-475.0
301.0,253.0,-72.0,520.0,117.0,83.0,60.0,-96.0,632.0,-494.0
280.0,320.0,-214.0,461.0,67.0,76.0,58.0,-9.0,621.0,-501.0
224.0,390.0,-314.0,426.0,19.0,111.0,50.0,38.0,585.0,-498.0
213.0,490.0,-421.0,410.0,-24.0,139.0,39.0,142.0,554.0,-514.0
136.0,664.0,-527.0,439.0,-54.0,169.0,50.0,144.0,507.0,-532.0
114.0,813.0,-615.0,459.0,-61.0,193.0,65.0,247.0,439.0,-510.0
64.0,882.0,-703.0,478.0,-53.0,198.0,93.0,190.0,369.0,-516.0
74.0,941.0,-781.0,474.0,-44.0,139.0,88.0,145.0,249.0,-535.0
55.0,1030.0,-884.0,467.0,-43.0,96.0,76.0,125.0,122.0,-557.0
52.0,1062.0,-923.0,481.0,-43.0,223.0,67.0,1.0,20.0,-588.0
42.0,960.0,-962.0,470.0,-27.0,333.0,32.0,-3.0,-73.0,-624.0
16.0,727.0,-1008.0,422.0,20.0,189.0,15.0,-197.0,-167.0,-699.0
45.0,400.0,-1000.0,328.0,88.0,-20.0,15.0,-308.0,-273.0,-751.0
-26.0,-26.0,-1010.0,228.0,145.0,17.0,29.0,-402.0,-348.0,-796.0
-57.0,-589.0,-983.0,110.0,171.0,231.0,31.0,-473.0,-413.0,-867.0
-127.0,-1154.0,-941.0,-36.0,173.0,303.0,25.0,-399.0,-474.0,-908.0
-131.0,-1518.0,-860.0,-169.0,164.0,164.0,0.0,-424.0,-486.0,-900.0
-170.0,-1711.0,-790.0,-314.0,150.0,60.0,-34.0,-352.0,-476.0,-853.0
-218.0,-1806.0,-710.0,-470.0,126.0,139.0,-17.0,-436.0,-444.0,-783.0
-227.0,-1717.0,-571.0,-575.0,82.0,228.0,4.0,-400.0,-389.0,-678.0
-263.0,-1431.0,-464.0,-664.0,31.0,279.0,32.0,-325.0,-349.0,-524.0
-269.0,-1042.0,-315.0,-734.0,6.0,268.0,53.0,-376.0,-303.0,-378.0
-358.0,-625.0,-164.0,-762.0,25.0,171.0,49.0,-251.0,-241.0,-269.0
-377.0,-227.0,-27.0,-791.0,70.0,164.0,57.0,-339.0,-170.0,-145.0
-450.0,103.0,110.0,-798.0,106.0,229.0,65.0,-373.0,-69.0,-23.0
-471.0,349.0,238.0,-795.0,125.0,319.0,54.0,-437.0,36.0,62.0
-502.0,498.0,352.0,-792.0,138.0,280.0,48.0,-509.0,113.0,140.0
-524.0,487.0,465.0,-785.0,158.0,71.0,53.0,-358.0,173.0,203.0
-497.0,354.0,527.0,-789.0,189.0,26.0,55.0,-315.0,221.0,260.0
-497.0,244.0,557.0,-779.0,222.0,169.0,96.0,-192.0,257.0,316.0
-422.0,222.0,597.0,-797.0,254.0,254.0,167.0,-136.0,267.0,387.0
-408.0,262.0,552.0,-832.0,283.0,281.0,208.0,-88.0,267.0,493.0
-340.0,289.0,563.0,-852.0,301.0,227.0,208.0,-86.0,254.0,576.0
-299.0,245.0,538.0,-869.0,296.0,95.0,158.0,-75.0,225.0,623.0
-221.0,94.0,471.0,-838.0,270.0,98.0,107.0,84.0,198.0,679.0
-176.0,-154.0,419.0,-786.0,223.0,181.0,112.0,103.0,165.0,740.0
-135.0,-399.0,345.0,-746.0,145.0,244.0,135.0,206.0,132.0,761.0
-65.0,-514.0,332.0,-703.0,36.0,188.0,169.0,97.0,107.0,784.0
-30.0,-488.0,264.0,-665.0,-90.0,31.0,178.0,-109.0,81.0,830.0
36.0,-447.0,227.0,-640.0,-204.0,23.0,174.0,-269.0,41.0,843.0
57.0,-435.0,189.0,-595.0,-293.0,103.0,199.0,-546.0,-9.0,825.0
134.0,-389.0,148.0,-517.0,-363.0,106.0,199.0,-565.0,-77.0,800.0
122.0,-260.0,116.0,-428.0,-409.0,54.0,180.0,-594.0,-123.0,785.0
160.0,-104.0,70.0,-305.0,-425.0,122.0,177.0,-461.0,-178.0,764.0
174.0,-58.0,74.0,-183.0,-418.0,184.0,140.0,-188.0,-276.0,744.0
172.0,-125.0,38.0,-52.0,-405.0,4.0,94.0,-42.0,-350.0,774.0
213.0,-175.0,68.0,128.0,-392.0,-134.0,101.0,75.0,-406.0,821.0
187.0,-94.0,83.0,297.0,-371.0,-64.0,116.0,-5.0,-438.0,841.0
203.0,76.0,115.0,438.0,-335.0,54.0,144.0,-36.0,-453.0,852.0
151.0,211.0,185.0,558.0,-291.0,56.0,141.0,-218.0,-470.0,866.0
126.0,240.0,188.0,636.0,-239.0,89.0,117.0,-454.0,-481.0,848.0
52.0,160.0,274.0,678.0,-173.0,138.0,132.0,-487.0,-500.0,767.0
13.0,56.0,327.0,720.0,-94.0,59.0,130.0,-521.0,-492.0,676.0
-14.0,44.0,356.0,766.0,-9.0,68.0,129.0,-386.0,-468.0,572.0
-35.0,208.0,426.0,778.0,66.0,100.0,127.0,-299.0,-452.0,428.0
14.0,513.0,470.0,755.0,136.0,79.0,121.0,-230.0,-412.0,286.0
37.0,855.0,516.0,710.0,203.0,17.0,123.0,-175.0,-323.0,160.0
92.0,1157.0,549.0,622.0,258.0,-9.0,102.0,-136.0,-208.0,39.0
100.0,1372.0,577.0,544.0,292.0,95.0,73.0,-1.0,-100.0,-96.0
149.0,1505.0,595.0,473.0,303.0,191.0,37.0,70.0,16.0,-211.0
155.0,1543.0,623.0,381.0,308.0,212.0,41.0,254.0,124.0,-308.0
181.0,1515.0,592.0,323.0,322.0,213.0,73.0,328.0,226.0,-386.0
203.0,1508.0,605.0,279.0,346.0,248.0,61.0,341.0,349.0,-437.0
224.0,1498.0,636.0,271.0,365.0,225.0,28.0,205.0,465.0,-463.0
300.0,1409.0,594.0,302.0,365.0,204.0,10.0,-92.0,575.0,-443.0
329.0,1269.0,607.0,342.0,345.0,216.0,13.0,-155.0,683.0,-409.0
393.0,1155.0,572.0,411.0,316.0,166.0,23.0,-351.0,779.0,-362.0
411.0,1021.0,522.0,480.0,282.0,133.0,23.0,-482.0,866.0,-293.0
456.0,747.0,475.0,553.0,242.0,224.0,28.0,-535.0,925.0,-195.0
455.0,357.0,401.0,646.0,190.0,347.0,13.0,-572.0,948.0,-102.0
473.0,20.0,308.0,700.0,141.0,176.0,-23.0,-430.0,940.0,-19.0
495.0,-208.0,222.0,758.0,103.0,-49.0,-41.0,-369.0,901.0,75.0
486.0,-417.0,132.0,827.0,51.0,0.0,-38.0,-195.0,845.0,154.0
511.0,-624.0,14.0,871.0,-32.0,77.0,-15.0,-57.0,769.0,213.0
461.0,-809.0,-65.0,904.0,-133.0,60.0,-12.0,60.0,694.0,267.0
445.0,-1031.0,-178.0,882.0,-221.0,-4.0,-12.0,53.0,626.0,329.0
407.0,-1304.0,-257.0,836.0,-296.0,-16.0,1.0,-219.0,532.0,389.0
390.0,-1575.0,-298.0,771.0,-375.0,40.0,-16.0,-380.0,434.0,443.0
363.0,-1797.0,-344.0,667.0,-455.0,60.0,-19.0,-519.0,335.0,512.0
349.0,-1932.0,-388.0,552.0,-508.0,48.0,-3.0,-415.0,232.0,597.0
374.0,-1944.0,-405.0,442.0,-514.0,100.0,26.0,-306.0,153.0,628.0
382.0,-1787.0,-392.0,349.0,-463.0,244.0,52.0,-254.0,98.0,631.0
392.0,-1446.0,-406.0,254.0,-366.0,181.0,81.0,-103.0,96.0,641.0
379.0,-1002.0,-374.0,184.0,-251.0,-74.0,128.0,-64.0,122.0,603.0
388.0,-598.0,-356.0,131.0,-145.0,-108.0,138.0,205.0,170.0,546.0
344.0,-313.0,-337.0,77.0,-70.0,60.0,142.0,251.0,235.0,487.0
331.0,-96.0,-314.0,4.0,-27.0,202.0,135.0,219.0,289.0,418.0
298.0,107.0,-321.0,-72.0,-2.0,228.0,119.0,327.0,360.0,318.0
239.0,263.0,-284.0,-144.0,23.0,127.0,114.0,295.0,436.0,195.0
191.0,380.0,-268.0,-200.0,57.0,-8.0,99.0,413.0,493.0,85.0
135.0,542.0,-259.0,-224.0,83.0,50.0,74.0,277.0,521.0,-35.0
115.0,778.0,-226.0,-252.0,93.0,212.0,48.0,64.0,538.0,-147.0
53.0,1035.0,-248.0,-248.0,95.0,189.0,25.0,-60.0,548.0,-245.0
33.0,1217.0,-211.0,-253.0,96.0,143.0,-31.0,-64.0,527.0,-309.0
-12.0,1250.0,-195.0,-280.0,96.0,173.0,-88.0,109.0,466.0,-351.0
-55.0,1142.0,-192.0,-297.0,91.0,223.0,-133.0,70.0,361.0,-420.0
-95.0,939.0,-123.0,-313.0,82.0,298.0,-188.0,75.0,249.0,-462.0
-146.0,651.0,-129.0,-307.0,68.0,275.0,-215.0,101.0,136.0,-487.0
-164.0,319.0,-85.0,-283.0,51.0,252.0,-239.0,190.0,35.0,-530.0
-215.0,39.0,-42.0,-254.0,34.0,264.0,-270.0,282.0,-53.0,-532.0
-229.0,-121.0,17.0,-262.0,20.0,247.0,-269.0,256.0,-161.0,-500.0
-261.0,-177.0,75.0,-271.0,14.0,226.0,-244.0,266.0,-238.0,-471.0
-290.0,-174.0,138.0,-245.0,22.0,177.0,-204.0,182.0,-280.0,-439.0
-331.0,-143.0,232.0,-247.0,36.0,249.0,-172.0,275.0,-321.0,-407.0
-355.0,-126.0,275.0,-279.0,32.0,258.0,-154.0,371.0,-358.0,-399.0
-363.0,-147.0,355.0,-304.0,10.0,146.0,-141.0,345.0,-383.0,-432.0
-376.0,-221.0,398.0,-354.0,-22.0,202.0,-140.0,293.0,-404.0,-507.0
-377.0,-350.0,444.0,-397.0,-63.0,317.0,-117.0,182.0,-403.0,-603.0
-386.0,-444.0,435.0,-384.0,-102.0,331.0,-96.0,208.0,-350.0,-696.0
-354.0,-401.0,420.0,-356.0,-129.0,271.0,-80.0,81.0,-292.0,-782.0
-364.0,-178.0,418.0,-301.0,-133.0,293.0,-60.0,-29.0,-255.0,-831.0
-333.0,151.0,379.0,-217.0,-120.0,364.0,-71.0,-136.0,-200.0,-830.0
-302.0,419.0,354.0,-134.0,-86.0,353.0,-87.0,-264.0,-136.0,-769.0
-255.0,582.0,283.0,-57.0,-33.0,302.0,-95.0,-158.0,-78.0,-637.0
-212.0,706.0,286.0,38.0,8.0,269.0,-95.0,-158.0,-34.0,-447.0
-189.0,770.0,229.0,128.0,25.0,265.0,-88.0,75.0,-13.0,-202.0
-122.0,682.0,170.0,196.0,24.0,199.0,-90.0,247.0,3.0,58.0
-109.0,383.0,169.0,266.0,11.0,184.0,-83.0,230.0,-6.0,303.0
-54.0,-40.0,86.0,314.0,-13.0,246.0,-73.0,399.0,-39.0,527.0
-18.0,-466.0,39.0,346.0,-55.0,233.0,-77.0,332.0,-74.0,720.0
24.0,-870.0,-25.0,363.0,-109.0,216.0,-87.0,192.0,-119.0,856.0
51.0,-1224.0,-57.0,397.0,-156.0,240.0,-71.0,-44.0,-158.0,918.0
72.0,-1421.0,-96.0,415.0,-183.0,208.0,-18.0,-212.0,-184.0,939.0
97.0,-1415.0,-134.0,413.0,-184.0,117.0,0.0,-225.0,-203.0,927.0
104.0,-1291.0,-138.0,421.0,-154.0,83.0,-22.0,-218.0,-187.0,875.0
121.0,-1118.0,-189.0,365.0,-94.0,78.0,-49.0,-158.0,-141.0,802.0
84.0,-931.0,-194.0,302.0,-16.0,47.0,-37.0,-173.0,-93.0,742.0
95.0,-782.0,-217.0,243.0,54.0,-4.0,11.0,51.0,-20.0,707.0
94.0,-726.0,-209.0,166.0,110.0,72.0,36.0,133.0,63.0,668.0
114.0,-754.0,-216.0,116.0,161.0,157.0,61.0,75.0,172.0,662.0
114.0,-808.0,-235.0,76.0,200.0,39.0,67.0,118.0,299.0,722.0
86.0,-831.0,-209.0,72.0,210.0,2.0,36.0,88.0,419.0,802.0
69.0,-725.0,-222.0,92.0,190.0,14.0,24.0,121.0,546.0,871.0
16.0,-441.0,-216.0,85.0,152.0,-6.0,20.0,49.0,645.0,962.0
-39.0,-75.0,-211.0,83.0,111.0,-80.0,-10.0,105.0,712.0,1062.0
-109.0,268.0,-184.0,73.0,74.0,-227.0,-46.0,208.0,744.0,1104.0
-135.0,617.0,-183.0,33.0,39.0,-284.0,-68.0,260.0,736.0,1128.0
-187.0,990.0,-142.0,-22.0,3.0,-267.0,-59.0,295.0,715.0,1129.0
-212.0,1284.0,-136.0,-107.0,-22.0,-165.0,-40.0,121.0,668.0,1086.0
-245.0,1414.0,-129.0,-193.0,-30.0,-108.0,-49.0,72.0,593.0,994.0
-269.0,1420.0,-68.0,-287.0,-21.0,-115.0,-38.0,-51.0,506.0,854.0
-273.0,1373.0,-64.0,-376.0,3.0,-102.0,4.0,-264.0,413.0,729.0
-305.0,1312.0,3.0,-431.0,40.0,-141.0,37.0,-369.0,304.0,590.0
-315.0,1220.0,32.0,-474.0,67.0,-166.0,51.0,-476.0,181.0,441.0
-357.0,1034.0,122.0,-477.0,85.0,-133.0,76.0,-456.0,82.0,324.0
-350.0,774.0,166.0,-450.0,110.0,-107.0,105.0,-469.0,10.0,225.0
-352.0,471.0,212.0,-418.0,139.0,-119.0,107.0,-367.0,-72.0,97.0
-346.0,136.0,253.0,-327.0,162.0,-131.0,104.0,-288.0,-160.0,-41.0
-323.0,-183.0,246.0,-207.0,174.0,-216.0,110.0,-182.0,-243.0,-137.0
-299.0,-450.0,316.0,-98.0,170.0,-417.0,124.0,18.0,-298.0,-251.0
-245.0,-712.0,284.0,44.0,153.0,-434.0,123.0,-38.0,-339.0,-359.0
-215.0,-973.0,357.0,177.0,134.0,-286.0,147.0,44.0,-389.0,-407.0
-172.0,-1091.0,358.0,283.0,114.0,-338.0,176.0,-24.0,-439.0,-445.0
-133.0,-1028.0,367.0,342.0,90.0,-477.0,202.0,-35.0,-503.0,-476.0
-82.0,-889.0,410.0,351.0,68.0,-514.0,236.0,112.0,-581.0,-486.0
-49.0,-673.0,363.0,344.0,38.0,-473.0,214.0,33.0,-669.0,-470.0
9.0,-329.0,391.0,328.0,-3.0,-398.0,174.0,51.0,-788.0,-426.0
73.0,64.0,324.0,340.0,-43.0,-342.0,127.0,-36.0,-907.0,-375.0
123.0,403.0,307.0,368.0,-80.0,-309.0,129.0,-3.0,-982.0,-278.0
165.0,687.0,265.0,398.0,-110.0,-350.0,180.0,-44.0,-1040.0,-134.0
188.0,907.0,164.0,449.0,-130.0,-420.0,202.0,-138.0,-1069.0,7.0
220.0,996.0,119.0,512.0,-137.0,-470.0,195.0,-24.0,-1080.0,147.0
220.0,918.0,12.0,573.0,-129.0,-482.0,176.0,-116.0,-1076.0,291.0
224.0,679.0,-69.0,643.0,-112.0,-473.0,185.0,-164.0,-1043.0,442.0
186.0,340.0,-159.0,691.0,-105.0,-446.0,180.0,-206.0,-1002.0,588.0
178.0,-26.0,-226.0,696.0,-111.0,-348.0,165.0,-129.0,-940.0,705.0
162.0,-432.0,-265.0,674.0,-123.0,-307.0,136.0,-84.0,-870.0,822.0
137.0,-824.0,-357.0,644.0,-144.0,-352.0,97.0,-186.0,-798.0,916.0
129.0,-1086.0,-332.0,607.0,-162.0,-461.0,116.0,-157.0,-706.0,947.0
87.0,-1221.0,-364.0,528.0,-165.0,-491.0,139.0,-194.0,-609.0,957.0
66.0,-1297.0,-379.0,438.0,-155.0,-423.0,137.0,-60.0,-498.0,924.0
32.0,-1354.0,-297.0,342.0,-148.0,-466.0,122.0,-7.0,-353.0,830.0
37.0,-1379.0,-298.0,231.0,-155.0,-486.0,81.0,68.0,-210.0,706.0
18.0,-1361.0,-253.0,115.0,-162.0,-419.0,37.0,229.0,-57.0,571.0
-5.0,-1318.0,-184.0,32.0,-173.0,-416.0,4.0,158.0,127.0,445.0
3.0,-1246.0,-146.0,-17.0,-191.0,-490.0,3.0,190.0,316.0,307.0
0.0,-1082.0,-121.0,-59.0,-216.0,-429.0,7.0,81.0,491.0,199.0
-11.0,-817.0,-53.0,-62.0,-241.0,-317.0,23.0,29.0,628.0,169.0
-39.0,-599.0,-37.0,-73.0,-243.0,-414.0,53.0,62.0,731.0,163.0
-54.0,-518.0,-31.0,-75.0,-215.0,-472.0,71.0,-57.0,800.0,168.0
-58.0,-492.0,3.0,-52.0,-168.0,-384.0,102.0,-149.0,853.0,218.0
-68.0,-439.0,0.0,-75.0,-110.0,-318.0,123.0,-317.0,908.0,285.0
-73.0,-344.0,8.0,-99.0,-53.0,-308.0,121.0,-264.0,935.0,322.0
-96.0,-222.0,24.0,-131.0,-3.0,-280.0,107.0,-129.0,953.0,344.0
-116.0,-78.0,54.0,-193.0,41.0,-171.0,83.0,-3.0,970.0,363.0
-100.0,97.0,14.0,-248.0,77.0,-120.0,80.0,254.0,995.0,358.0
-101.0,322.0,20.0,-278.0,113.0,-174.0,96.0,373.0,1035.0,325.0
-76.0,586.0,19.0,-307.0,139.0,-153.0,102.0,463.0,1084.0,286.0
-23.0,822.0,-38.0,-349.0,142.0,-82.0,105.0,415.0,1153.0,280.0
38.0,1026.0,-43.0,-379.0,129.0,-108.0,134.0,339.0,1240.0,250.0
114.0,1259.0,-98.0,-397.0,108.0,-116.0,158.0,362.0,1326.0,194.0
190.0,1549.0,-131.0,-394.0,89.0,-63.0,162.0,245.0,1380.0,164.0
251.0,1842.0,-176.0,-360.0,69.0,-47.0,147.0,90.0,1412.0,115.0
303.0,2095.0,-260.0,-326.0,49.0,-52.0,152.0,-1.0,1402.0,41.0
356.0,2269.0,-309.0,-290.0,30.0,2.0,185.0,55.0,1340.0,-65.0
394.0,2243.0,-385.0,-255.0,7.0,118.0,232.0,36.0,1243.0,-155.0
426.0,1930.0,-436.0,-235.0,-19.0,187.0,277.0,48.0,1121.0,-235.0
442.0,1423.0,-484.0,-220.0,-47.0,185.0,274.0,35.0,986.0,-348.0
456.0,909.0,-519.0,-214.0,-75.0,127.0,264.0,-109.0,822.0,-399.0
449.0,450.0,-533.0,-186.0,-105.0,37.0,239.0,-48.0,644.0,-416.0
456.0,62.0,-566.0,-159.0,-124.0,-3.0,219.0,-144.0,475.0,-434.0
433.0,-248.0,-528.0,-145.0,-123.0,-45.0,232.0,-90.0,309.0,-418.0
393.0,-478.0,-529.0,-121.0,-118.0,-92.0,243.0,81.0,157.0,-366.0
357.0,-566.0,-510.0,-148.0,-122.0,-2.0,261.0,136.0,38.0,-282.0
313.0,-525.0,-467.0,-182.0,-139.0,84.0,236.0,393.0,-70.0,-214.0
277.0,-447.0,-427.0,-202.0,-163.0,58.0,197.0,389.0,-166.0,-133.0
221.0,-450.0,-366.0,-211.0,-170.0,59.0,187.0,351.0,-258.0,-11.0
189.0,-532.0,-348.0,-162.0,-141.0,118.0,177.0,339.0,-352.0,97.0
144.0,-584.0,-250.0,-112.0,-74.0,214.0,173.0,253.0,-432.0,166.0
126.0,-569.0,-238.0,-67.0,-2.0,258.0,168.0,181.0,-504.0,228.0
98.0,-478.0,-202.0,-41.0,49.0,241.0,154.0,46.0,-540.0,284.0
76.0,-362.0,-104.0,-20.0,73.0,254.0,151.0,149.0,-558.0,288.0
44.0,-315.0,-86.0,1.0,71.0,245.0,166.0,147.0,-565.0,270.0
2.0,-394.0,-15.0,-14.0,47.0,196.0,182.0,70.0,-553.0,268.0
-15.0,-534.0,26.0,-13.0,11.0,196.0,207.0,97.0,-547.0,262.0
-67.0,-610.0,79.0,-27.0,-17.0,141.0,221.0,86.0,-544.0,242.0
-94.0,-621.0,132.0,-74.0,-19.0,49.0,216.0,120.0,-539.0,215.0
-138.0,-663.0,175.0,-103.0,11.0,139.0,185.0,46.0,-536.0,209.0
-158.0,-785.0,219.0,-145.0,63.0,224.0,159.0,-20.0,-527.0,190.0
-192.0,-898.0,209.0,-211.0,137.0,135.0,169.0,-101.0,-504.0,110.0
-224.0,-901.0,256.0,-268.0,224.0,-66.0,178.0,-90.0,-459.0,34.0
-247.0,-774.0,276.0,-346.0,306.0,-146.0,202.0,-25.0,-398.0,-25.0
-255.0,-567.0,237.0,-415.0,372.0,-41.0,215.0,-29.0,-348.0,-141.0
-230.0,-332.0,260.0,-469.0,422.0,-10.0,214.0,103.0,-316.0,-271.0
-231.0,-61.0,243.0,-499.0,463.0,-34.0,220.0,107.0,-278.0,-374.0
-196.0,277.0,199.0,-442.0,487.0,-168.0,206.0,179.0,-236.0,-468.0
-186.0,709.0,175.0,-340.0,488.0,-306.0,202.0,240.0,-215.0,-579.0
-171.0,1202.0,161.0,-216.0,458.0,-248.0,194.0,190.0,-211.0,-654.0
-168.0,1626.0,136.0,-81.0,400.0,-145.0,182.0,216.0,-203.0,-663.0
-164.0,1861.0,109.0,62.0,324.0,-141.0,166.0,94.0,-195.0,-684.0
-159.0,1943.0,118.0,171.0,243.0,-273.0,123.0,77.0,-190.0,-708.0
-186.0,1966.0,80.0,242.0,171.0,-310.0,84.0,14.0,-180.0,-715.0
-190.0,1934.0,81.0,301.0,118.0,-183.0,62.0,3.0,-141.0,-737.0
-231.0,1744.0,70.0,315.0,83.0,-172.0,52.0,46.0,-80.0,-816.0
-279.0,1325.0,46.0,290.0,57.0,-279.0,34.0,-62.0,-12.0,-927.0
-336.0,754.0,52.0,262.0,38.0,-279.0,4.0,-60.0,43.0,-1017.0
-411.0,169.0,16.0,235.0,25.0,-189.0,-24.0,-125.0,107.0,-1111.0
-464.0,-352.0,15.0,198.0,5.0,-146.0,-40.0,-24.0,181.0,-1191.0
-510.0,-766.0,-19.0,173.0,-24.0,-120.0,-26.0,3.0,254.0,-1229.0
-541.0,-1026.0,-33.0,145.0,-63.0,-75.0,-4.0,-86.0,330.0,-1206.0
-555.0,-1140.0,-49.0,136.0,-99.0,-68.0,1.0,-24.0,389.0,-1140.0
-569.0,-1126.0,-62.0,145.0,-125.0,-162.0,-6.0,-36.0,450.0,-1054.0
-564.0,-1020.0,-62.0,210.0,-130.0,-297.0,-12.0,49.0,495.0,-900.0
-542.0,-907.0,-105.0,330.0,-116.0,-288.0,-35.0,-38.0,533.0,-712.0
-519.0,-820.0,-120.0,453.0,-92.0,-165.0,-78.0,-88.0,567.0,-537.0
-498.0,-701.0,-145.0,577.0,-54.0,-118.0,-85.0,-68.0,571.0,-353.0
-474.0,-555.0,-195.0,679.0,-9.0,-98.0,-71.0,-199.0,552.0,-150.0
-429.0,-467.0,-233.0,775.0,24.0,-151.0,-64.0,-249.0,509.0,41.0
-392.0,-494.0,-255.0,840.0,45.0,-246.0,-61.0,-373.0,469.0,180.0
-347.0,-611.0,-326.0,921.0,61.0,-280.0,-81.0,-328.0,431.0,311.0
-306.0,-694.0,-353.0,998.0,72.0,-276.0,-85.0,-271.0,388.0,444.0
-270.0,-700.0,-384.0,1008.0,70.0,-227.0,-60.0,-147.0,364.0,518.0
-230.0,-705.0,-426.0,991.0,53.0,-323.0,-68.0,110.0,347.0,563.0
-189.0,-749.0,-428.0,924.0,24.0,-428.0,-66.0,175.0,343.0,600.0
-131.0,-805.0,-459.0,829.0,-11.0,-358.0,-42.0,240.0,357.0,597.0
-76.0,-830.0,-448.0,695.0,-49.0,-256.0,-27.0,99.0,370.0,555.0
-23.0,-751.0,-456.0,527.0,-80.0,-298.0,-6.0,-64.0,377.0,520.0
13.0,-520.0,-428.0,356.0,-100.0,-429.0,-6.0,-88.0,370.0,489.0
69.0,-201.0,-417.0,186.0,-113.0,-439.0,6.0,-36.0,347.0,449.0
102.0,138.0,-392.0,34.0,-126.0,-354.0,29.0,70.0,325.0,422.0
119.0,455.0,-346.0,-104.0,-137.0,-280.0,32.0,36.0,279.0,415.0
137.0,693.0,-358.0,-211.0,-146.0,-342.0,46.0,221.0,205.0,412.0
135.0,751.0,-263.0,-290.0,-160.0,-391.0,40.0,284.0,161.0,383.0
169.0,649.0,-249.0,-367.0,-187.0,-358.0,6.0,195.0,119.0,362.0
204.0,557.0,-220.0,-467.0,-215.0,-328.0,-28.0,173.0,67.0,343.0
241.0,455.0,-151.0,-563.0,-232.0,-223.0,-57.0,-22.0,42.0,295.0
275.0,287.0,-158.0,-629.0,-245.0,-138.0,-51.0,12.0,53.0,246.0
312.0,128.0,-81.0,-693.0,-263.0,-179.0,-35.0,-7.0,88.0,214.0
346.0,-37.0,-35.0,-726.0,-285.0,-262.0,-22.0,-51.0,125.0,179.0
356.0,-236.0,4.0,-717.0,-301.0,-198.0,-6.0,35.0,166.0,125.0
354.0,-409.0,53.0,-665.0,-301.0,-111.0,-26.0,121.0,192.0,81.0
320.0,-543.0,124.0,-554.0,-288.0,-209.0,-38.0,310.0,204.0,33.0
297.0,-622.0,144.0,-435.0,-261.0,-348.0,-35.0,336.0,208.0,0.0
280.0,-510.0,166.0,-329.0,-225.0,-299.0,-54.0,399.0,202.0,13.0
266.0,-182.0,238.0,-234.0,-189.0,-164.0,-67.0,279.0,170.0,61.0
255.0,175.0,238.0,-134.0,-157.0,-175.0,-63.0,125.0,102.0,147.0
254.0,470.0,268.0,-35.0,-132.0,-191.0,-42.0,72.0,32.0,245.0
269.0,740.0,252.0,39.0,-102.0,-171.0,-29.0,-60.0,-59.0,348.0
262.0,967.0,261.0,117.0,-53.0,-190.0,-37.0,110.0,-150.0,447.0
251.0,1090.0,252.0,173.0,2.0,-214.0,-74.0,184.0,-227.0,513.0
235.0,1106.0,227.0,207.0,52.0,-228.0,-120.0,212.0,-310.0,548.0
200.0,1042.0,233.0,206.0,97.0,-177.0,-157.0,251.0,-371.0,544.0
148.0,993.0,200.0,186.0,137.0,-144.0,-186.0,232.0,-415.0,512.0
93.0,983.0,211.0,159.0,170.0,-112.0,-175.0,225.0,-465.0,452.0
33.0,871.0,164.0,115.0,194.0,15.0,-172.0,-14.0,-488.0,387.0
-29.0,662.0,146.0,80.0,206.0,52.0,-196.0,29.0,-479.0,328.0
-118.0,457.0,129.0,54.0,214.0,-27.0,-226.0,195.0,-458.0,269.0
-223.0,246.0,82.0,47.0,235.0,-50.0,-236.0,288.0,-422.0,228.0
-316.0,0.0,46.0,53.0,258.0,-10.0,-221.0,219.0,-385.0,201.0
-382.0,-266.0,7.0,65.0,270.0,47.0,-230.0,16.0,-329.0,175.0
-445.0,-466.0,-30.0,79.0,272.0,18.0,-239.0,157.0,-256.0,151.0
-513.0,-511.0,-136.0,135.0,270.0,-75.0,-220.0,16.0,-168.0,140.0
-540.0,-471.0,-156.0,208.0,259.0,4.0,-208.0,-236.0,-106.0,112.0
-565.0,-504.0,-206.0,287.0,219.0,168.0,-213.0,-345.0,-85.0,65.0
-577.0,-614.0,-298.0,363.0,157.0,166.0,-212.0,-428.0,-80.0,8.0
-582.0,-657.0,-331.0,403.0,88.0,112.0,-207.0,-388.0,-96.0,-75.0
-559.0,-570.0,-389.0,449.0,16.0,185.0,-195.0,-419.0,-118.0,-154.0
-545.0,-455.0,-408.0,474.0,-47.0,288.0,-180.0,-101.0,-172.0,-250.0
-535.0,-402.0,-461.0,480.0,-98.0,329.0,-165.0,203.0,-250.0,-307.0
-487.0,-368.0,-462.0,455.0,-141.0,339.0,-179.0,273.0,-331.0,-321.0
-444.0,-300.0,-424.0,383.0,-179.0,360.0,-185.0,251.0,-398.0,-339.0
-384.0,-220.0,-431.0,269.0,-215.0,348.0,-148.0,282.0,-450.0,-298.0
-344.0,-216.0,-362.0,142.0,-239.0,310.0,-116.0,376.0,-490.0,-265.0
-283.0,-280.0,-328.0,41.0,-238.0,358.0,-104.0,64.0,-520.0,-261.0
-206.0,-279.0,-261.0,-89.0,-214.0,324.0,-112.0,-162.0,-557.0,-259.0
-123.0,-191.0,-171.0,-214.0,-172.0,248.0,-125.0,-347.0,-561.0,-289.0
-49.0,-110.0,-101.0,-304.0,-119.0,175.0,-142.0,-478.0,-561.0,-358.0
9.0,5.0,14.0,-390.0,-67.0,60.0,-137.0,-417.0,-543.0,-467.0
95.0,253.0,121.0,-443.0,-17.0,74.0,-121.0,-532.0,-502.0,-592.0
160.0,514.0,225.0,-442.0,25.0,119.0,-138.0,-434.0,-464.0,-725.0
218.0,642.0,331.0,-401.0,51.0,122.0,-165.0,-303.0,-387.0,-877.0
230.0,639.0,473.0,-339.0,68.0,61.0,-191.0,-308.0,-304.0,-1016.0
250.0,551.0,549.0,-252.0,80.0,-37.0,-230.0,-240.0,-231.0,-1105.0
272.0,436.0,657.0,-135.0,89.0,-15.0,-256.0,-75.0,-155.0,-1143.0
278.0,287.0,760.0,-27.0,105.0,61.0,-235.0,107.0,-74.0,-1129.0
321.0,79.0,781.0,48.0,129.0,41.0,-215.0,57.0,-13.0,-1038.0
340.0,-126.0,844.0,114.0,159.0,0.0,-212.0,90.0,34.0,-862.0
364.0,-244.0,818.0,150.0,188.0,20.0,-225.0,173.0,52.0,-661.0
399.0,-272.0,812.0,156.0,214.0,137.0,-232.0,190.0,30.0,-436.0
426.0,-237.0,778.0,152.0,239.0,265.0,-204.0,162.0,8.0,-176.0
442.0,-183.0,722.0,120.0,254.0,225.0,-169.0,-31.0,-45.0,36.0
450.0,-165.0,687.0,93.0,254.0,200.0,-155.0,18.0,-125.0,187.0
482.0,-142.0,608.0,65.0,238.0,290.0,-183.0,70.0,-238.0,282.0
510.0,-25.0,566.0,25.0,208.0,325.0,-216.0,51.0,-374.0,305.0
532.0,169.0,477.0,-20.0,159.0,322.0,-198.0,190.0,-484.0,239.0
552.0,319.0,422.0,-69.0,90.0,285.0,-126.0,203.0,-587.0,119.0
551.0,374.0,364.0,-80.0,8.0,131.0,-38.0,225.0,-679.0,-7.0
539.0,339.0,322.0,-85.0,-70.0,7.0,12.0,173.0,-753.0,-150.0
505.0,224.0,299.0,-68.0,-138.0,-14.0,-9.0,105.0,-804.0,-307.0
474.0,110.0,249.0,-55.0,-189.0,87.0,-42.0,-86.0,-806.0,-426.0
437.0,35.0,266.0,-63.0,-224.0,212.0,-14.0,-349.0,-749.0,-505.0
397.0,-4.0,260.0,-54.0,-247.0,202.0,8.0,-421.0,-655.0,-556.0
353.0,7.0,257.0,-38.0,-256.0,234.0,-18.0,-351.0,-542.0,-561.0
302.0,57.0,291.0,-28.0,-247.0,222.0,-44.0,-14.0,-385.0,-535.0
271.0,113.0,317.0,-31.0,-209.0,131.0,-42.0,157.0,-212.0,-465.0
232.0,196.0,297.0,-38.0,-146.0,162.0,-32.0,343.0,-51.0,-382.0
198.0,325.0,344.0,-41.0,-74.0,234.0,-20.0,388.0,98.0,-283.0
158.0,454.0,362.0,-44.0,-5.0,190.0,-15.0,68.0,230.0,-169.0
114.0,544.0,304.0,-51.0,60.0,123.0,-43.0,-168.0,337.0,-57.0
66.0,629.0,317.0,-51.0,118.0,122.0,-84.0,-426.0,408.0,57.0
13.0,711.0,260.0,-54.0,149.0,160.0,-101.0,-201.0,453.0,171.0
-33.0,711.0,207.0,-73.0,146.0,211.0,-113.0,90.0,474.0,306.0
-98.0,561.0,156.0,-97.0,117.0,169.0,-156.0,36.0,479.0,427.0
-135.0,298.0,77.0,-99.0,76.0,187.0,-196.0,-60.0,453.0,538.0
-143.0,60.0,30.0,-98.0,30.0,222.0,-229.0,-94.0,417.0,643.0
-127.0,-65.0,-80.0,-114.0,-7.0,132.0,-242.0,157.0,382.0,725.0
-112.0,-93.0,-162.0,-70.0,-35.0,104.0,-185.0,181.0,326.0,770.0
-101.0,-41.0,-252.0,18.0,-53.0,150.0,-146.0,181.0,274.0,780.0
-88.0,75.0,-380.0,116.0,-56.0,216.0,-149.0,160.0,224.0,783.0
-58.0,192.0,-490.0,245.0,-47.0,152.0,-130.0,96.0,165.0,756.0
-9.0,226.0,-599.0,378.0,-33.0,34.0,-123.0,236.0,108.0,714.0
20.0,174.0,-698.0,494.0,-27.0,133.0,-129.0,27.0,52.0,680.0
43.0,125.0,-828.0,615.0,-36.0,218.0,-129.0,1.0,5.0,682.0
60.0,150.0,-894.0,744.0,-51.0,161.0,-104.0,138.0,-52.0,706.0
71.0,237.0,-969.0,851.0,-58.0,132.0,-56.0,145.0,-119.0,734.0
56.0,320.0,-1050.0,925.0,-54.0,118.0,-49.0,286.0,-173.0,811.0
25.0,368.0,-1062.0,966.0,-39.0,97.0,-49.0,162.0,-250.0,898.0
0.0,364.0,-1118.0,975.0,-10.0,67.0,-26.0,-46.0,-328.0,950.0
-12.0,297.0,-1132.0,938.0,23.0,18.0,-38.0,-173.0,-396.0,999.0
-47.0,181.0,-1115.0,874.0,49.0,29.0,-38.0,-112.0,-430.0,1028.0
-58.0,8.0,-1126.0,788.0,51.0,58.0,-43.0,79.0,-424.0,1017.0
-62.0,-222.0,-1113.0,657.0,25.0,0.0,-49.0,197.0,-406.0,962.0
-71.0,-432.0,-1101.0,546.0,-8.0,14.0,-52.0,266.0,-379.0,877.0
-63.0,-570.0,-1076.0,440.0,-31.0,68.0,-79.0,120.0,-335.0,800.0
-74.0,-694.0,-1054.0,330.0,-34.0,70.0,-90.0,186.0,-272.0,703.0
-55.0,-841.0,-1050.0,266.0,-15.0,123.0,-110.0,269.0,-196.0,607.0
-50.0,-967.0,-1011.0,191.0,19.0,216.0,-124.0,299.0,-97.0,538.0
-23.0,-971.0,-991.0,120.0,58.0,318.0,-156.0,378.0,0.0,478.0
-21.0,-822.0,-975.0,62.0,84.0,215.0,-188.0,177.0,103.0,403.0
0.0,-588.0,-881.0,26.0,89.0,14.0,-198.0,155.0,203.0,334.0
45.0,-328.0,-863.0,51.0,79.0,32.0,-243.0,83.0,291.0,274.0
26.0,-106.0,-809.0,38.0,63.0,66.0,-301.0,-38.0,375.0,167.0
8.0,-2.0,-699.0,24.0,52.0,44.0,-386.0,-36.0,427.0,42.0
-28.0,-24.0,-677.0,25.0,51.0,100.0,-428.0,40.0,465.0,-74.0
-35.0,-73.0,-574.0,-21.0,50.0,156.0,-412.0,325.0,477.0,-196.0
-93.0,-118.0,-516.0,-95.0,55.0,154.0,-415.0,439.0,480.0,-332.0
-153.0,-210.0,-456.0,-207.0,59.0,146.0,-440.0,598.0,477.0,-463.0
-218.0,-384.0,-375.0,-315.0,53.0,202.0,-473.0,659.0,460.0,-545.0
-277.0,-602.0,-369.0,-403.0,38.0,334.0,-499.0,663.0,465.0,-616.0
-289.0,-796.0,-309.0,-478.0,14.0,400.0,-512.0,633.0,479.0,-686.0
-357.0,-957.0,-290.0,-555.0,-4.0,439.0,-503.0,341.0,497.0,-722.0
-394.0,-1055.0,-271.0,-619.0,-5.0,488.0,-503.0,182.0,523.0,-720.0
-435.0,-1041.0,-258.0,-653.0,1.0,398.0,-504.0,-64.0,560.0,-716.0
-453.0,-901.0,-255.0,-685.0,1.0,330.0,-477.0,-127.0,588.0,-689.0
-458.0,-607.0,-254.0,-685.0,-17.0,469.0,-464.0,-79.0,597.0,-617.0
-460.0,-113.0,-255.0,-660.0,-47.0,663.0,-465.0,-169.0,588.0,-535.0
-442.0,518.0,-254.0,-610.0,-72.0,713.0,-461.0,-136.0,544.0,-457.0
-426.0,1117.0,-227.0,-560.0,-91.0,638.0,-465.0,-177.0,481.0,-393.0
-389.0,1556.0,-189.0,-494.0,-101.0,642.0,-459.0,-94.0,432.0,-317.0
-360.0,1786.0,-185.0,-410.0,-96.0,715.0,-470.0,-70.0,392.0,-276.0
-333.0,1820.0,-89.0,-338.0,-79.0,711.0,-531.0,-7.0,348.0,-290.0
-312.0,1698.0,-31.0,-269.0,-59.0,668.0,-565.0,125.0,300.0,-324.0
-272.0,1413.0,12.0,-261.0,-48.0,676.0,-565.0,60.0,249.0,-391.0
-251.0,1034.0,85.0,-279.0,-45.0,633.0,-567.0,145.0,213.0,-510.0
-211.0,683.0,135.0,-288.0,-42.0,613.0,-576.0,40.0,176.0,-657.0
-155.0,343.0,220.0,-277.0,-38.0,737.0,-562.0,-103.0,135.0,-781.0
-117.0,-18.0,304.0,-245.0,-32.0,774.0,-503.0,-173.0,62.0,-901.0
-85.0,-309.0,355.0,-201.0,-27.0,673.0,-452.0,-315.0,-56.0,-1026.0
-84.0,-458.0,387.0,-131.0,-18.0,599.0,-442.0,-282.0,-177.0,-1105.0
-78.0,-500.0,420.0,-65.0,-4.0,649.0,-449.0,-290.0,-299.0,-1133.0
-59.0,-497.0,389.0,12.0,8.0,686.0,-447.0,-112.0,-438.0,-1137.0
-39.0,-470.0,381.0,120.0,20.0,534.0,-428.0,-36.0,-580.0,-1097.0
-21.0,-361.0,410.0,214.0,34.0,387.0,-378.0,-105.0,-703.0,-1011.0
6.0,-166.0,382.0,247.0,53.0,448.0,-327.0,-66.0,-791.0,-891.0
41.0,-19.0,381.0,238.0,79.0,540.0,-310.0,-114.0,-824.0,-775.0
66.0,17.0,354.0,189.0,111.0,523.0,-309.0,-83.0,-847.0,-670.0
59.0,-23.0,336.0,114.0,139.0,506.0,-302.0,-131.0,-873.0,-550.0
72.0,-114.0,312.0,41.0,158.0,466.0,-256.0,-118.0,-847.0,-449.0
97.0,-206.0,250.0,-38.0,163.0,406.0,-205.0,-212.0,-794.0,-373.0
112.0,-301.0,264.0,-89.0,155.0,302.0,-183.0,-293.0,-724.0,-302.0
126.0,-415.0,222.0,-157.0,134.0,188.0,-215.0,-157.0,-636.0,-203.0
132.0,-473.0,197.0,-228.0,113.0,171.0,-229.0,-203.0,-547.0,-97.0
169.0,-400.0,181.0,-254.0,110.0,149.0,-185.0,-105.0,-455.0,4.0
181.0,-238.0,164.0,-269.0,118.0,148.0,-141.0,-60.0,-365.0,145.0
222.0,-37.0,158.0,-280.0,124.0,106.0,-93.0,24.0,-282.0,299.0
245.0,191.0,122.0,-259.0,128.0,-22.0,-74.0,121.0,-204.0,437.0
288.0,363.0,158.0,-209.0,129.0,-70.0,-58.0,-18.0,-133.0,564.0
347.0,446.0,117.0,-175.0,127.0,-79.0,-33.0,1.0,-61.0,661.0
349.0,497.0,114.0,-118.0,114.0,-63.0,-13.0,-133.0,25.0,705.0
386.0,545.0,109.0,-54.0,90.0,-55.0,-23.0,-214.0,97.0,686.0
407.0,557.0,55.0,-18.0,71.0,-156.0,-76.0,-214.0,144.0,615.0
433.0,541.0,19.0,0.0,62.0,-169.0,-110.0,-312.0,171.0,517.0
433.0,574.0,-47.0,9.0,52.0,-79.0,-124.0,-238.0,171.0,370.0
428.0,662.0,-82.0,38.0,39.0,-43.0,-85.0,-181.0,172.0,214.0
425.0,727.0,-161.0,45.0,26.0,-52.0,-35.0,16.0,155.0,108.0
405.0,664.0,-200.0,31.0,11.0,-83.0,-28.0,262.0,140.0,33.0
390.0,386.0,-241.0,14.0,-6.0,-66.0,-35.0,456.0,121.0,-2.0
344.0,-33.0,-322.0,-29.0,-25.0,77.0,-15.0,452.0,91.0,12.0
285.0,-363.0,-352.0,-72.0,-38.0,217.0,9.0,277.0,56.0,63.0
215.0,-477.0,-405.0,-97.0,-41.0,250.0,-8.0,190.0,6.0,113.0
164.0,-425.0,-456.0,-113.0,-39.0,143.0,-26.0,-11.0,-37.0,166.0
93.0,-290.0,-481.0,-123.0,-37.0,-12.0,-42.0,-92.0,-73.0,214.0
5.0,-111.0,-480.0,-114.0,-42.0,33.0,-26.0,-223.0,-94.0,212.0
-59.0,89.0,-485.0,-86.0,-53.0,137.0,4.0,-275.0,-101.0,183.0
-111.0,274.0,-477.0,-75.0,-76.0,105.0,21.0,-225.0,-97.0,130.0
-175.0,396.0,-430.0,-45.0,-112.0,-3.0,27.0,-371.0,-77.0,46.0
-203.0,436.0,-417.0,11.0,-145.0,-27.0,5.0,-345.0,-69.0,-64.0
-205.0,423.0,-338.0,51.0,-165.0,189.0,-18.0,-465.0,-55.0,-195.0
-206.0,366.0,-253.0,100.0,-161.0,375.0,-47.0,-436.0,-7.0,-312.0
-182.0,249.0,-164.0,169.0,-136.0,333.0,-110.0,-297.0,40.0,-434.0
-165.0,59.0,-22.0,233.0,-109.0,224.0,-185.0,-279.0,107.0,-553.0
-148.0,-213.0,48.0,244.0,-84.0,152.0,-233.0,-73.0,181.0,-645.0
-133.0,-538.0,155.0,250.0,-65.0,185.0,-274.0,-75.0,240.0,-723.0
-113.0,-853.0,258.0,269.0,-58.0,333.0,-280.0,-38.0,302.0,-781.0
-117.0,-1132.0,303.0,269.0,-58.0,419.0,-258.0,-72.0,344.0,-818.0
-85.0,-1368.0,361.0,301.0,-55.0,398.0,-256.0,-123.0,363.0,-826.0
-85.0,-1483.0,422.0,351.0,-44.0,344.0,-275.0,-27.0,367.0,-793.0
-129.0,-1416.0,469.0,391.0,-28.0,352.0,-331.0,-90.0,356.0,-765.0
-158.0,-1253.0,462.0,449.0,-11.0,404.0,-350.0,-123.0,316.0,-739.0
-187.0,-1127.0,494.0,528.0,8.0,350.0,-328.0,-279.0,261.0,-682.0
-198.0,-1037.0,484.0,577.0,32.0,379.0,-332.0,-277.0,198.0,-641.0
-245.0,-919.0,450.0,614.0,55.0,509.0,-342.0,-206.0,117.0,-628.0
-253.0,-812.0,488.0,647.0,65.0,498.0,-373.0,-251.0,33.0,-608.0
-268.0,-768.0,449.0,672.0,54.0,382.0,-419.0,-199.0,-46.0,-579.0
-275.0,-748.0,478.0,662.0,21.0,361.0,-447.0,-256.0,-112.0,-552.0
-269.0,-710.0,489.0,659.0,-16.0,494.0,-467.0,-140.0,-174.0,-531.0
-269.0,-646.0,477.0,674.0,-49.0,569.0,-462.0,-88.0,-241.0,-503.0
-247.0,-505.0,487.0,619.0,-69.0,544.0,-452.0,-81.0,-293.0,-442.0
-249.0,-195.0,473.0,532.0,-70.0,566.0,-452.0,83.0,-335.0,-374.0
-209.0,262.0,486.0,418.0,-62.0,594.0,-460.0,169.0,-368.0,-321.0
-188.0,740.0,415.0,290.0,-56.0,600.0,-465.0,330.0,-410.0,-262.0
-130.0,1156.0,442.0,173.0,-65.0,600.0,-437.0,297.0,-450.0,-220.0
-94.0,1474.0,392.0,88.0,-83.0,588.0,-422.0,216.0,-493.0,-215.0
-83.0,1625.0,341.0,-10.0,-103.0,592.0,-432.0,110.0,-543.0,-236.0
-25.0,1595.0,326.0,-122.0,-129.0,566.0,-438.0,-11.0,-556.0,-272.0
-11.0,1465.0,258.0,-197.0,-146.0,584.0,-438.0,66.0,-519.0,-321.0
23.0,1216.0,214.0,-273.0,-146.0,668.0,-406.0,42.0,-443.0,-387.0
31.0,787.0,133.0,-300.0,-124.0,692.0,-372.0,136.0,-355.0,-423.0
56.0,283.0,96.0,-296.0,-84.0,636.0,-362.0,223.0,-268.0,-402.0
88.0,-155.0,-1.0,-281.0,-32.0,564.0,-359.0,267.0,-200.0,-363.0
121.0,-442.0,-7.0,-242.0,29.0,528.0,-386.0,341.0,-155.0,-285.0
194.0,-521.0,-128.0,-218.0,95.0,377.0,-405.0,271.0,-126.0,-138.0
232.0,-417.0,-150.0,-205.0,158.0,275.0,-397.0,221.0,-107.0,29.0
298.0,-178.0,-164.0,-197.0,217.0,362.0,-377.0,86.0,-77.0,197.0
357.0,103.0,-296.0,-193.0,275.0,354.0,-338.0,40.0,-62.0,383.0
419.0,320.0,-231.0,-200.0,330.0,267.0,-279.0,88.0,-53.0,601.0
488.0,459.0,-358.0,-221.0,380.0,220.0,-207.0,225.0,-41.0,798.0
566.0,557.0,-320.0,-246.0,418.0,285.0,-182.0,327.0,-60.0,964.0
630.0,662.0,-366.0,-274.0,429.0,392.0,-174.0,216.0,-80.0,1137.0
672.0,766.0,-416.0,-316.0,407.0,396.0,-158.0,212.0,-103.0,1288.0
722.0,806.0,-381.0,-359.0,354.0,335.0,-174.0,125.0,-139.0,1365.0
722.0,750.0,-526.0,-380.0,292.0,275.0,-190.0,181.0,-165.0,1390.0
715.0,605.0,-441.0,-432.0,250.0,252.0,-201.0,210.0,-183.0,1380.0
681.0,404.0,-575.0,-505.0,216.0,239.0,-189.0,64.0,-201.0,1304.0
652.0,144.0,-582.0,-536.0,172.0,296.0,-142.0,168.0,-218.0,1157.0
605.0,-147.0,-549.0,-576.0,112.0,312.0,-95.0,114.0,-218.0,987.0
534.0,-409.0,-652.0,-613.0,31.0,221.0,-71.0,188.0,-207.0,817.0
469.0,-645.0,-593.0,-656.0,-55.0,240.0,-49.0,304.0,-191.0,631.0
365.0,-831.0,-676.0,-712.0,-130.0,325.0,-32.0,212.0,-161.0,449.0
262.0,-911.0,-666.0,-736.0,-181.0,345.0,-18.0,238.0,-130.0,313.0
140.0,-843.0,-687.0,-744.0,-210.0,289.0,23.0,88.0,-101.0,214.0
18.0,-637.0,-692.0,-712.0,-233.0,214.0,35.0,-38.0,-60.0,131.0
-105.0,-359.0,-668.0,-696.0,-257.0,150.0,46.0,-147.0,-24.0,95.0
-212.0,-82.0,-658.0,-676.0,-276.0,52.0,82.0,-240.0,19.0,108.0
-329.0,128.0,-608.0,-603.0,-281.0,-31.0,102.0,-262.0,72.0,139.0
-464.0,275.0,-576.0,-539.0,-273.0,-18.0,107.0,-249.0,115.0,173.0
-560.0,370.0,-514.0,-453.0,-249.0,-3.0,124.0,-42.0,175.0,205.0
-663.0,417.0,-501.0,-367.0,-206.0,-64.0,168.0,-57.0,201.0,230.0
-749.0,447.0,-374.0,-305.0,-150.0,-98.0,202.0,-96.0,202.0,216.0
-830.0,485.0,-351.0,-245.0,-96.0,-85.0,233.0,-160.0,216.0,172.0
-872.0,583.0,-225.0,-187.0,-54.0,-95.0,261.0,-254.0,206.0,93.0
-897.0,683.0,-76.0,-126.0,-19.0,-229.0,271.0,-258.0,192.0,-17.0
-930.0,648.0,-41.0,-62.0,12.0,-308.0,241.0,-445.0,142.0,-129.0
-932.0,463.0,193.0,-26.0,39.0,-141.0,221.0,-448.0,58.0,-273.0
-914.0,215.0,257.0,-12.0,54.0,-51.0,230.0,-476.0,-20.0,-414.0
-871.0,-28.0,420.0,28.0,57.0,-106.0,245.0,-509.0,-103.0,-556.0
-814.0,-273.0,566.0,72.0,57.0,-108.0,278.0,-491.0,-197.0,-709.0
-722.0,-505.0,652.0,102.0,58.0,-57.0,288.0,-513.0,-301.0,-820.0
-617.0,-689.0,798.0,100.0,54.0,-26.0,280.0,-345.0,-411.0,-901.0
-479.0,-820.0,817.0,97.0,36.0,-67.0,269.0,-301.0,-540.0,-949.0
-350.0,-883.0,948.0,80.0,16.0,-50.0,269.0,-155.0,-691.0,-971.0
-212.0,-862.0,929.0,48.0,8.0,-35.0,284.0,-49.0,-835.0,-966.0
-57.0,-775.0,973.0,51.0,11.0,-128.0,286.0,-27.0,-968.0,-913.0
70.0,-638.0,1003.0,41.0,19.0,-109.0,285.0,-42.0,-1094.0,-841.0
218.0,-491.0,938.0,36.0,30.0,-10.0,274.0,-181.0,-1166.0,-734.0
334.0,-391.0,945.0,47.0,35.0,-60.0,264.0,-99.0,-1199.0,-588.0
496.0,-374.0,837.0,46.0,30.0,-216.0,260.0,-103.0,-1181.0,-438.0
647.0,-426.0,828.0,54.0,14.0,-273.0,235.0,-51.0,-1117.0,-278.0
789.0,-546.0,747.0,74.0,-7.0,-186.0,221.0,-27.0,-1043.0,-121.0
910.0,-759.0,672.0,111.0,-30.0,-162.0,196.0,-27.0,-933.0,41.0
980.0,-972.0,648.0,200.0,-55.0,-229.0,179.0,158.0,-830.0,195.0
1101.0,-1010.0,529.0,286.0,-71.0,-253.0,182.0,184.0,-722.0,321.0
1146.0,-789.0,523.0,343.0,-82.0,-214.0,168.0,229.0,-604.0,451.0
1152.0,-403.0,444.0,398.0,-92.0,-175.0,171.0,127.0,-487.0,566.0
1141.0,-3.0,382.0,398.0,-107.0,-156.0,170.0,59.0,-359.0,676.0
1142.0,353.0,356.0,387.0,-125.0,-91.0,184.0,140.0,-229.0,781.0
1122.0,693.0,235.0,382.0,-140.0,-56.0,215.0,179.0,-88.0,873.0
1051.0,1002.0,221.0,338.0,-150.0,-64.0,201.0,354.0,46.0,949.0
994.0,1224.0,136.0,276.0,-150.0,-37.0,152.0,349.0,166.0,997.0
914.0,1341.0,41.0,221.0,-143.0,2.0,104.0,386.0,267.0,1033.0
839.0,1339.0,9.0,131.0,-136.0,-40.0,74.0,384.0,360.0,1037.0
743.0,1222.0,-92.0,22.0,-134.0,-114.0,69.0,253.0,423.0,1027.0
661.0,1013.0,-158.0,-69.0,-130.0,-81.0,45.0,295.0,442.0,1011.0
575.0,773.0,-239.0,-168.0,-119.0,-9.0,18.0,256.0,446.0,983.0
498.0,549.0,-331.0,-239.0,-108.0,22.0,17.0,334.0,432.0,942.0
416.0,288.0,-432.0,-297.0,-104.0,-1.0,1.0,371.0,393.0,888.0
341.0,-59.0,-544.0,-356.0,-99.0,-15.0,5.0,308.0,336.0,827.0
290.0,-420.0,-626.0,-387.0,-84.0,56.0,-5.0,314.0,276.0,759.0
232.0,-660.0,-759.0,-361.0,-59.0,96.0,-45.0,306.0,215.0,680.0
196.0,-714.0,-847.0,-298.0,-33.0,96.0,-77.0,336.0,154.0,606.0
147.0,-564.0,-949.0,-245.0,-3.0,111.0,-85.0,147.0,94.0,538.0
164.0,-266.0,-1034.0,-174.0,34.0,62.0,-64.0,36.0,41.0,454.0
162.0,28.0,-1028.0,-94.0,73.0,2.0,-65.0,-48.0,9.0,377.0
155.0,188.0,-1118.0,-13.0,107.0,-68.0,-43.0,-160.0,-12.0,289.0
135.0,128.0,-1114.0,45.0,130.0,-115.0,-21.0,-169.0,-1.0,192.0
108.0,-126.0,-1105.0,81.0,148.0,-107.0,-7.0,-408.0,38.0,67.0
111.0,-422.0,-1162.0,146.0,164.0,-90.0,16.0,-410.0,63.0,-72.0
63.0,-622.0,-1105.0,192.0,169.0,-2.0,-4.0,-399.0,69.0,-200.0
57.0,-726.0,-1081.0,224.0,165.0,9.0,-43.0,-369.0,65.0,-351.0
25.0,-747.0,-1051.0,285.0,154.0,-32.0,-93.0,-149.0,92.0,-498.0
0.0,-616.0,-987.0,300.0,145.0,-42.0,-93.0,-142.0,130.0,-637.0
-29.0,-341.0,-922.0,276.0,138.0,-6.0,-93.0,20.0,168.0,-741.0
-60.0,-59.0,-843.0,249.0,131.0,-14.0,-112.0,121.0,221.0,-837.0
-80.0,98.0,-734.0,223.0,118.0,-166.0,-88.0,149.0,249.0,-918.0
-132.0,126.0,-627.0,197.0,98.0,-223.0,-52.0,133.0,267.0,-935.0
-153.0,98.0,-520.0,169.0,71.0,-179.0,-34.0,-12.0,263.0,-930.0
-196.0,19.0,-349.0,142.0,37.0,-166.0,-66.0,-168.0,229.0,-895.0
-216.0,-146.0,-213.0,93.0,7.0,-239.0,-91.0,-443.0,175.0,-841.0
-249.0,-312.0,-76.0,27.0,-15.0,-217.0,-83.0,-450.0,100.0,-763.0
-306.0,-320.0,62.0,-65.0,-40.0,-85.0,-93.0,-434.0,29.0,-674.0
-362.0,-142.0,189.0,-163.0,-64.0,-89.0,-138.0,-399.0,-34.0,-601.0
-412.0,154.0,331.0,-224.0,-76.0,-153.0,-175.0,-236.0,-112.0,-525.0
-461.0,517.0,431.0,-247.0,-70.0,-207.0,-189.0,-199.0,-184.0,-450.0
-534.0,879.0,559.0,-249.0,-51.0,-256.0,-186.0,-116.0,-235.0,-374.0
-583.0,1175.0,648.0,-216.0,-30.0,-287.0,-174.0,-147.0,-269.0,-316.0
-643.0,1356.0,701.0,-156.0,-19.0,-275.0,-143.0,-121.0,-269.0,-280.0
-681.0,1297.0,760.0,-124.0,-12.0,-241.0,-98.0,-144.0,-245.0,-254.0
-710.0,923.0,764.0,-91.0,-5.0,-248.0,-76.0,-177.0,-200.0,-238.0
-738.0,351.0,752.0,-65.0,5.0,-285.0,-32.0,-31.0,-140.0,-234.0
-736.0,-217.0,733.0,-80.0,23.0,-260.0,-3.0,38.0,-54.0,-228.0
-729.0,-685.0,713.0,-117.0,43.0,-187.0,23.0,168.0,40.0,-223.0
-721.0,-1049.0,648.0,-201.0,65.0,-279.0,69.0,90.0,124.0,-221.0
-692.0,-1255.0,595.0,-310.0,95.0,-377.0,91.0,125.0,233.0,-199.0
-629.0,-1264.0,500.0,-400.0,125.0,-269.0,123.0,321.0,341.0,-175.0
-580.0,-1118.0,402.0,-489.0,141.0,-179.0,140.0,260.0,445.0,-148.0
-539.0,-917.0,350.0,-558.0,136.0,-179.0,157.0,254.0,535.0,-113.0
-499.0,-770.0,202.0,-598.0,117.0,-190.0,157.0,155.0,592.0,-93.0
-472.0,-632.0,145.0,-629.0,95.0,-142.0,164.0,83.0,645.0,-68.0
-431.0,-450.0,73.0,-657.0,79.0,-118.0,196.0,-64.0,681.0,-47.0
-369.0,-281.0,-37.0,-704.0,74.0,-183.0,210.0,-249.0,701.0,-42.0
-316.0,-98.0,-60.0,-758.0,70.0,-152.0,233.0,-260.0,701.0,-7.0
-249.0,155.0,-123.0,-827.0,61.0,-165.0,251.0,-304.0,677.0,32.0
-177.0,422.0,-137.0,-915.0,41.0,-356.0,230.0,-175.0,645.0,82.0
-91.0,646.0,-153.0,-994.0,15.0,-452.0,198.0,-218.0,602.0,143.0
-8.0,829.0,-152.0,-1042.0,-20.0,-396.0,219.0,-206.0,547.0,205.0
43.0,954.0,-122.0,-1096.0,-66.0,-336.0,232.0,-181.0,499.0,288.0
112.0,1039.0,-128.0,-1171.0,-108.0,-390.0,225.0,-330.0,446.0,358.0
171.0,1118.0,-122.0,-1218.0,-143.0,-477.0,215.0,-210.0,387.0,427.0
251.0,1141.0,-110.0,-1252.0,-170.0,-397.0,204.0,-114.0,315.0,474.0
302.0,1043.0,-98.0,-1273.0,-187.0,-312.0,231.0,86.0,234.0,499.0
345.0,874.0,-87.0,-1254.0,-190.0,-388.0,243.0,121.0,172.0,504.0
395.0,694.0,-52.0,-1179.0,-173.0,-500.0,271.0,116.0,119.0,487.0
417.0,485.0,-50.0,-1056.0,-143.0,-426.0,292.0,247.0,72.0,458.0
450.0,261.0,-10.0,-955.0,-110.0,-249.0,321.0,127.0,35.0,415.0
457.0,72.0,33.0,-837.0,-81.0,-302.0,357.0,131.0,10.0,387.0
478.0,-75.0,5.0,-678.0,-57.0,-426.0,402.0,33.0,-15.0,353.0
482.0,-142.0,43.0,-524.0,-43.0,-416.0,458.0,-12.0,-46.0,338.0
456.0,-55.0,30.0,-372.0,-33.0,-355.0,481.0,40.0,-69.0,353.0
417.0,146.0,-16.0,-273.0,-22.0,-326.0,486.0,-73.0,-105.0,396.0
398.0,289.0,18.0,-214.0,-14.0,-370.0,452.0,-40.0,-139.0,458.0
379.0,265.0,-21.0,-171.0,-20.0,-417.0,435.0,24.0,-156.0,535.0
332.0,135.0,-57.0,-126.0,-39.0,-434.0,450.0,96.0,-194.0,621.0
321.0,-36.0,-58.0,-84.0,-53.0,-419.0,492.0,118.0,-217.0,691.0
292.0,-280.0,-111.0,-62.0,-58.0,-426.0,529.0,177.0,-236.0,762.0
269.0,-535.0,-115.0,-27.0,-60.0,-505.0,554.0,99.0,-272.0,826.0
238.0,-624.0,-139.0,-1.0,-58.0,-608.0,580.0,-171.0,-295.0,892.0
203.0,-487.0,-158.0,31.0,-44.0,-682.0,584.0,-184.0,-325.0,945.0
177.0,-235.0,-125.0,86.0,-14.0,-715.0,606.0,-201.0,-344.0,984.0
157.0,-5.0,-141.0,167.0,17.0,-799.0,601.0,-157.0,-355.0,1007.0
149.0,119.0,-116.0,284.0,34.0,-879.0,581.0,-112.0,-375.0,996.0
120.0,159.0,-64.0,411.0,29.0,-867.0,577.0,-66.0,-406.0,979.0
132.0,199.0,-52.0,536.0,10.0,-818.0,555.0,147.0,-453.0,927.0
136.0,242.0,5.0,650.0,-8.0,-730.0,513.0,142.0,-475.0,873.0
155.0,273.0,48.0,770.0,-24.0,-665.0,487.0,240.0,-480.0,823.0
178.0,313.0,88.0,889.0,-30.0,-639.0,460.0,266.0,-484.0,739.0
194.0,337.0,145.0,1008.0,-29.0,-702.0,418.0,158.0,-498.0,662.0
224.0,313.0,163.0,1111.0,-22.0,-788.0,393.0,155.0,-507.0,574.0
246.0,232.0,248.0,1169.0,-11.0,-713.0,353.0,86.0,-538.0,492.0
289.0,119.0,290.0,1185.0,-5.0,-657.0,328.0,107.0,-580.0,425.0
317.0,33.0,309.0,1176.0,-6.0,-718.0,323.0,5.0,-591.0,362.0
357.0,-1.0,382.0,1121.0,1.0,-784.0,328.0,-9.0,-602.0,340.0
375.0,-14.0,366.0,1020.0,23.0,-751.0,359.0,33.0,-589.0,314.0
391.0,-51.0,372.0,910.0,56.0,-656.0,402.0,9.0,-556.0,288.0
381.0,-195.0,379.0,769.0,94.0,-679.0,398.0,101.0,-511.0,269.0
329.0,-440.0,360.0,588.0,131.0,-711.0,355.0,112.0,-447.0,250.0
302.0,-627.0,362.0,431.0,165.0,-657.0,325.0,157.0,-367.0,209.0
253.0,-686.0,332.0,279.0,197.0,-640.0,303.0,131.0,-275.0,134.0
193.0,-723.0,307.0,139.0,215.0,-713.0,290.0,118.0,-180.0,77.0
116.0,-766.0,313.0,17.0,216.0,-754.0,258.0,22.0,-60.0,2.0
36.0,-742.0,323.0,-108.0,201.0,-674.0,227.0,-114.0,69.0,-114.0
-38.0,-658.0,309.0,-172.0,173.0,-580.0,197.0,-64.0,205.0,-230.0
-117.0,-507.0,353.0,-233.0,134.0,-537.0,182.0,-121.0,357.0,-337.0
-191.0,-265.0,373.0,-294.0,73.0,-534.0,195.0,-29.0,472.0,-455.0
-286.0,25.0,376.0,-320.0,3.0,-591.0,179.0,22.0,545.0,-561.0
-363.0,306.0,400.0,-318.0,-56.0,-715.0,167.0,112.0,605.0,-624.0
-411.0,568.0,397.0,-270.0,-97.0,-765.0,176.0,275.0,634.0,-647.0
-462.0,826.0,419.0,-225.0,-117.0,-611.0,191.0,149.0,656.0,-637.0
-506.0,1050.0,407.0,-190.0,-119.0,-483.0,208.0,212.0,670.0,-597.0
-537.0,1175.0,419.0,-183.0,-107.0,-557.0,210.0,144.0,663.0,-517.0
-555.0,1187.0,416.0,-176.0,-94.0,-570.0,186.0,48.0,654.0,-426.0
-563.0,1134.0,407.0,-132.0,-81.0,-399.0,154.0,97.0,632.0,-377.0
-554.0,1008.0,382.0,-83.0,-69.0,-269.0,163.0,12.0,612.0,-325.0
-541.0,813.0,352.0,-30.0,-61.0,-298.0,164.0,81.0,613.0,-265.0
-525.0,620.0,354.0,-3.0,-55.0,-374.0,144.0,96.0,606.0,-249.0
-501.0,431.0,265.0,-36.0,-40.0,-370.0,141.0,125.0,575.0,-262.0
-490.0,222.0,232.0,-57.0,-6.0,-311.0,130.0,168.0,512.0,-272.0
-462.0,24.0,170.0,-65.0,33.0,-262.0,108.0,262.0,443.0,-273.0
-435.0,-128.0,88.0,-122.0,64.0,-223.0,70.0,509.0,361.0,-303.0
-408.0,-257.0,78.0,-179.0,78.0,-200.0,59.0,613.0,266.0,-316.0
-390.0,-407.0,0.0,-228.0,80.0,-214.0,91.0,687.0,180.0,-260.0
-367.0,-550.0,-17.0,-311.0,83.0,-262.0,134.0,476.0,90.0,-199.0
-347.0,-598.0,-18.0,-349.0,89.0,-280.0,182.0,175.0,23.0,-149.0
-338.0,-554.0,-67.0,-349.0,82.0,-301.0,193.0,59.0,-7.0,-80.0
-296.0,-479.0,-82.0,-331.0,51.0,-369.0,177.0,-59.0,-28.0,10.0
-257.0,-413.0,-82.0,-280.0,5.0,-411.0,155.0,-9.0,-53.0,86.0
-211.0,-419.0,-89.0,-232.0,-43.0,-371.0,125.0,77.0,-76.0,153.0
-156.0,-531.0,-80.0,-154.0,-74.0,-313.0,108.0,206.0,-81.0,240.0
-98.0,-697.0,-63.0,-89.0,-80.0,-313.0,96.0,175.0,-61.0,314.0
-65.0,-823.0,-52.0,-58.0,-70.0,-306.0,84.0,103.0,-33.0,333.0
-32.0,-842.0,-24.0,-23.0,-61.0,-264.0,76.0,232.0,-1.0,327.0
8.0,-797.0,-2.0,20.0,-55.0,-287.0,63.0,199.0,33.0,322.0
52.0,-762.0,40.0,76.0,-50.0,-283.0,49.0,194.0,63.0,265.0
96.0,-761.0,78.0,137.0,-43.0,-161.0,9.0,194.0,106.0,171.0
133.0,-734.0,131.0,191.0,-33.0,-160.0,-8.0,236.0,145.0,75.0
178.0,-616.0,215.0,211.0,-12.0,-298.0,10.0,267.0,189.0,-29.0
215.0,-432.0,261.0,216.0,19.0,-346.0,9.0,179.0,226.0,-149.0
259.0,-211.0,335.0,207.0,61.0,-310.0,14.0,184.0,253.0,-281.0
267.0,66.0,405.0,182.0,106.0,-307.0,15.0,147.0,277.0,-368.0
270.0,372.0,425.0,119.0,131.0,-326.0,38.0,182.0,274.0,-423.0
270.0,564.0,462.0,59.0,129.0,-268.0,57.0,83.0,259.0,-485.0
263.0,549.0,465.0,25.0,107.0,-226.0,67.0,-27.0,233.0,-512.0
258.0,336.0,426.0,-31.0,72.0,-285.0,95.0,11.0,225.0,-489.0
223.0,-33.0,411.0,-51.0,30.0,-384.0,96.0,14.0,212.0,-448.0
193.0,-493.0,361.0,-47.0,-21.0,-400.0,122.0,88.0,173.0,-414.0
167.0,-918.0,296.0,-57.0,-67.0,-331.0,160.0,57.0,142.0,-332.0
115.0,-1150.0,259.0,-60.0,-90.0,-406.0,167.0,199.0,93.0,-212.0
51.0,-1114.0,183.0,-90.0,-85.0,-470.0,161.0,238.0,48.0,-109.0
24.0,-862.0,101.0,-117.0,-62.0,-358.0,173.0,72.0,4.0,19.0
12.0,-497.0,37.0,-159.0,-47.0,-257.0,224.0,72.0,-50.0,189.0
10.0,-51.0,-37.0,-251.0,-49.0,-239.0,294.0,-49.0,-118.0,371.0
13.0,450.0,-56.0,-329.0,-69.0,-335.0,348.0,-9.0,-194.0,550.0
35.0,883.0,-86.0,-408.0,-91.0,-436.0,397.0,18.0,-238.0,733.0
45.0,1132.0,-121.0,-501.0,-95.0,-461.0,428.0,-1.0,-290.0,924.0
68.0,1158.0,-98.0,-605.0,-88.0,-463.0,409.0,44.0,-334.0,1088.0
104.0,979.0,-108.0,-699.0,-84.0,-417.0,391.0,0.0,-361.0,1207.0
106.0,691.0,-84.0,-757.0,-88.0,-406.0,371.0,64.0,-407.0,1296.0
128.0,435.0,-42.0,-813.0,-107.0,-496.0,364.0,-149.0,-439.0,1343.0
134.0,265.0,-26.0,-846.0,-144.0,-587.0,363.0,-267.0,-469.0,1286.0
148.0,141.0,26.0,-825.0,-181.0,-588.0,373.0,-77.0,-483.0,1167.0
155.0,78.0,72.0,-790.0,-203.0,-644.0,397.0,-68.0,-495.0,1026.0
159.0,172.0,101.0,-759.0,-189.0,-737.0,410.0,-277.0,-521.0,845.0
158.0,359.0,148.0,-678.0,-140.0,-674.0,435.0,-456.0,-535.0,654.0
134.0,417.0,193.0,-553.0,-82.0,-594.0,436.0,-127.0,-540.0,489.0
127.0,272.0,211.0,-426.0,-32.0,-604.0,451.0,227.0,-512.0,371.0
114.0,36.0,261.0,-301.0,6.0,-648.0,461.0,245.0,-465.0,284.0
130.0,-172.0,319.0,-168.0,44.0,-603.0,445.0,-51.0,-406.0,232.0
110.0,-302.0,320.0,-44.0,78.0,-484.0,443.0,-328.0,-336.0,219.0
91.0,-349.0,382.0,99.0,103.0,-488.0,444.0,-62.0,-267.0,230.0
81.0,-347.0,426.0,251.0,122.0,-526.0,473.0,107.0,-196.0,237.0
55.0,-336.0,436.0,361.0,138.0,-504.0,473.0,142.0,-119.0,238.0
53.0,-307.0,504.0,455.0,156.0,-457.0,457.0,123.0,-44.0,252.0
20.0,-201.0,523.0,543.0,174.0,-406.0,468.0,70.0,2.0,238.0
20.0,35.0,537.0,622.0,187.0,-373.0,464.0,218.0,39.0,187.0
-2.0,352.0,554.0,669.0,193.0,-342.0,478.0,192.0,54.0,143.0
6.0,593.0,547.0,671.0,190.0,-372.0,499.0,218.0,32.0,94.0
20.0,665.0,549.0,643.0,180.0,-427.0,490.0,179.0,0.0,29.0
8.0,556.0,558.0,622.0,171.0,-379.0,472.0,96.0,-53.0,-47.0
39.0,316.0,566.0,611.0,152.0,-262.0,447.0,260.0,-121.0,-116.0
33.0,41.0,537.0,602.0,122.0,-235.0,420.0,275.0,-192.0,-168.0
29.0,-207.0,523.0,588.0,86.0,-313.0,378.0,175.0,-265.0,-254.0
-3.0,-391.0,508.0,557.0,49.0,-328.0,358.0,97.0,-346.0,-329.0
14.0,-520.0,457.0,534.0,21.0,-245.0,368.0,291.0,-440.0,-356.0
19.0,-615.0,438.0,527.0,2.0,-242.0,380.0,467.0,-508.0,-415.0
18.0,-663.0,393.0,527.0,-14.0,-298.0,444.0,533.0,-546.0,-484.0
58.0,-662.0,303.0,529.0,-30.0,-253.0,490.0,763.0,-543.0,-510.0
76.0,-653.0,252.0,545.0,-44.0,-183.0,464.0,591.0,-502.0,-506.0
100.0,-601.0,199.0,541.0,-56.0,-175.0,442.0,404.0,-449.0,-493.0
90.0,-437.0,114.0,506.0,-61.0,-242.0,459.0,378.0,-343.0,-438.0
103.0,-220.0,52.0,473.0,-59.0,-288.0,463.0,338.0,-205.0,-344.0
84.0,6.0,-1.0,431.0,-51.0,-183.0,409.0,182.0,-72.0,-243.0
81.0,243.0,-99.0,371.0,-36.0,13.0,351.0,-253.0,84.0,-161.0
78.0,410.0,-164.0,328.0,-23.0,85.0,305.0,-419.0,245.0,-86.0
85.0,431.0,-243.0,281.0,-21.0,-1.0,248.0,-519.0,412.0,15.0
80.0,360.0,-341.0,224.0,-36.0,-58.0,186.0,-513.0,574.0,104.0
64.0,270.0,-406.0,183.0,-64.0,-62.0,140.0,-424.0,706.0,184.0
78.0,207.0,-486.0,125.0,-90.0,-4.0,95.0,-365.0,824.0,276.0
60.0,179.0,-546.0,88.0,-113.0,50.0,55.0,-123.0,914.0,379.0
71.0,143.0,-607.0,61.0,-127.0,-33.0,12.0,-24.0,987.0,458.0
43.0,41.0,-694.0,56.0,-128.0,-55.0,-24.0,66.0,1045.0,528.0
70.0,-166.0,-760.0,69.0,-109.0,9.0,-35.0,-18.0,1059.0,608.0
71.0,-407.0,-806.0,52.0,-77.0,-62.0,-46.0,-205.0,1052.0,643.0
67.0,-532.0,-868.0,55.0,-35.0,-133.0,-47.0,-279.0,1047.0,648.0
77.0,-475.0,-870.0,32.0,21.0,-118.0,-79.0,-334.0,1037.0,635.0
52.0,-283.0,-861.0,-10.0,85.0,-47.0,-125.0,-351.0,1013.0,626.0
49.0,-48.0,-856.0,-23.0,136.0,24.0,-142.0,-489.0,988.0,608.0
-5.0,137.0,-803.0,-58.0,158.0,39.0,-150.0,-458.0,969.0,583.0
-14.0,236.0,-775.0,-103.0,140.0,125.0,-163.0,-508.0,947.0,587.0
-71.0,249.0,-708.0,-145.0,92.0,105.0,-182.0,-670.0,924.0,595.0
-121.0,180.0,-620.0,-187.0,34.0,4.0,-177.0,-602.0,907.0,572.0
-172.0,91.0,-563.0,-210.0,-22.0,6.0,-166.0,-596.0,882.0,534.0
-235.0,24.0,-481.0,-211.0,-70.0,25.0,-152.0,-480.0,859.0,501.0
-288.0,-10.0,-387.0,-196.0,-101.0,-43.0,-161.0,-386.0,860.0,437.0
-378.0,-35.0,-327.0,-182.0,-124.0,-177.0,-180.0,-275.0,830.0,355.0
-432.0,-48.0,-248.0,-134.0,-139.0,-107.0,-198.0,-60.0,782.0,279.0
-527.0,24.0,-189.0,-89.0,-140.0,46.0,-207.0,3.0,723.0,209.0
-574.0,186.0,-146.0,-27.0,-125.0,44.0,-179.0,64.0,647.0,123.0
-629.0,310.0,-88.0,48.0,-102.0,-62.0,-187.0,-18.0,547.0,52.0
-673.0,320.0,-73.0,95.0,-81.0,-56.0,-202.0,20.0,417.0,10.0
-702.0,312.0,-48.0,159.0,-53.0,33.0,-220.0,-7.0,306.0,-39.0
-748.0,377.0,-23.0,219.0,-18.0,-87.0,-245.0,-149.0,187.0,-75.0
-739.0,524.0,1.0,293.0,17.0,-183.0,-221.0,-123.0,77.0,-122.0
-751.0,709.0,56.0,357.0,60.0,-106.0,-197.0,-242.0,-5.0,-169.0
-705.0,876.0,100.0,392.0,107.0,-31.0,-194.0,-125.0,-96.0,-218.0
-660.0,974.0,178.0,411.0,148.0,0.0,-179.0,-27.0,-191.0,-302.0
-608.0,988.0,245.0,424.0,170.0,-8.0,-157.0,31.0,-277.0,-386.0
-540.0,978.0,312.0,438.0,158.0,43.0,-160.0,210.0,-356.0,-488.0
-465.0,943.0,423.0,435.0,110.0,123.0,-139.0,221.0,-449.0,-630.0
-381.0,807.0,462.0,416.0,53.0,143.0,-98.0,273.0,-539.0,-787.0
-340.0,541.0,533.0,386.0,9.0,141.0,-115.0,212.0,-643.0,-941.0
-239.0,228.0,608.0,353.0,-19.0,129.0,-142.0,280.0,-734.0,-1084.0
-177.0,-40.0,611.0,307.0,-40.0,124.0,-131.0,266.0,-794.0,-1224.0
-124.0,-253.0,670.0,276.0,-47.0,129.0,-93.0,99.0,-812.0,-1335.0
-57.0,-385.0,677.0,256.0,-33.0,143.0,-79.0,64.0,-784.0,-1388.0
-5.0,-362.0,671.0,235.0,-7.0,124.0,-68.0,-68.0,-732.0,-1410.0
62.0,-219.0,691.0,240.0,16.0,102.0,-10.0,33.0,-647.0,-1396.0
88.0,-124.0,662.0,257.0,25.0,126.0,15.0,53.0,-565.0,-1305.0
125.0,-160.0,637.0,290.0,24.0,127.0,11.0,68.0,-454.0,-1166.0
166.0,-225.0,611.0,322.0,27.0,103.0,0.0,264.0,-327.0,-1041.0
221.0,-245.0,579.0,354.0,34.0,87.0,-16.0,212.0,-215.0,-909.0
264.0,-258.0,529.0,387.0,47.0,125.0,-17.0,199.0,-86.0,-772.0
307.0,-273.0,486.0,387.0,64.0,180.0,-20.0,144.0,34.0,-676.0
354.0,-263.0,446.0,409.0,78.0,191.0,-28.0,83.0,144.0,-604.0
381.0,-222.0,420.0,451.0,80.0,177.0,-45.0,-27.0,246.0,-548.0
418.0,-184.0,385.0,480.0,67.0,194.0,-56.0,-195.0,353.0,-508.0
437.0,-128.0,355.0,490.0,56.0,161.0,-71.0,-168.0,443.0,-491.0
455.0,-44.0,385.0,484.0,60.0,81.0,-60.0,-197.0,515.0,-486.0
464.0,19.0,363.0,470.0,67.0,154.0,-10.0,-121.0,550.0,-486.0
469.0,82.0,395.0,405.0,57.0,292.0,32.0,-62.0,532.0,-490.0
473.0,176.0,460.0,349.0,37.0,353.0,42.0,-14.0,484.0,-490.0
475.0,278.0,463.0,301.0,18.0,311.0,35.0,7.0,404.0,-490.0
455.0,343.0,533.0,222.0,-1.0,313.0,61.0,-79.0,326.0,-469.0
419.0,390.0,581.0,130.0,-22.0,446.0,104.0,-3.0,237.0,-435.0
375.0,454.0,605.0,13.0,-48.0,475.0,126.0,-73.0,140.0,-400.0
314.0,498.0,663.0,-107.0,-70.0,416.0,140.0,-103.0,62.0,-359.0
258.0,452.0,661.0,-245.0,-78.0,419.0,157.0,-72.0,8.0,-291.0
185.0,351.0,664.0,-368.0,-77.0,494.0,151.0,-29.0,-34.0,-213.0
136.0,260.0,678.0,-438.0,-71.0,504.0,143.0,-62.0,-76.0,-137.0
78.0,142.0,629.0,-508.0,-67.0,459.0,152.0,-284.0,-88.0,-45.0
4.0,-73.0,561.0,-553.0,-69.0,486.0,153.0,-288.0,-84.0,61.0
-53.0,-382.0,474.0,-562.0,-80.0,444.0,141.0,-365.0,-72.0,183.0
-115.0,-669.0,385.0,-564.0,-86.0,389.0,141.0,-254.0,-24.0,293.0
-159.0,-829.0,269.0,-556.0,-86.0,394.0,163.0,-97.0,53.0,415.0
-202.0,-792.0,141.0,-536.0,-82.0,447.0,157.0,-205.0,132.0,544.0
-223.0,-565.0,43.0,-508.0,-69.0,473.0,149.0,-162.0,205.0,653.0
-235.0,-300.0,-116.0,-485.0,-42.0,302.0,174.0,-219.0,302.0,751.0
-244.0,-126.0,-265.0,-454.0,-2.0,217.0,185.0,-203.0,408.0,820.0
-246.0,-10.0,-383.0,-438.0,37.0,321.0,187.0,-297.0,494.0,868.0
-228.0,104.0,-526.0,-426.0,69.0,316.0,203.0,-489.0,555.0,902.0
-201.0,210.0,-664.0,-405.0,94.0,281.0,205.0,-441.0,593.0,936.0
-182.0,310.0,-742.0,-388.0,124.0,298.0,163.0,-395.0,623.0,958.0
-131.0,412.0,-818.0,-365.0,159.0,271.0,119.0,-345.0,623.0,969.0
-102.0,494.0,-907.0,-325.0,188.0,235.0,97.0,-356.0,604.0,974.0
-62.0,508.0,-933.0,-280.0,204.0,235.0,76.0,-206.0,572.0,928.0
-16.0,436.0,-995.0,-252.0,208.0,307.0,51.0,-109.0,507.0,856.0
9.0,295.0,-988.0,-217.0,194.0,350.0,-7.0,-205.0,422.0,757.0
51.0,107.0,-946.0,-160.0,155.0,311.0,-52.0,-254.0,312.0,617.0
84.0,-104.0,-930.0,-93.0,98.0,335.0,-61.0,-321.0,182.0,451.0
132.0,-327.0,-831.0,-69.0,39.0,367.0,-51.0,-153.0,28.0,264.0
163.0,-541.0,-756.0,-37.0,-8.0,388.0,-54.0,-140.0,-115.0,76.0
207.0,-665.0,-681.0,24.0,-37.0,395.0,-101.0,-181.0,-236.0,-97.0
242.0,-605.0,-578.0,48.0,-44.0,361.0,-107.0,35.0,-345.0,-251.0
257.0,-382.0,-474.0,58.0,-40.0,307.0,-52.0,103.0,-411.0,-380.0
279.0,-140.0,-400.0,102.0,-36.0,225.0,-15.0,84.0,-445.0,-472.0
264.0,40.0,-313.0,176.0,-37.0,252.0,-35.0,-64.0,-429.0,-550.0
255.0,188.0,-238.0,252.0,-44.0,349.0,-85.0,-18.0,-382.0,-580.0
220.0,304.0,-196.0,356.0,-53.0,365.0,-123.0,123.0,-312.0,-569.0
201.0,353.0,-136.0,456.0,-65.0,329.0,-166.0,116.0,-209.0,-545.0
170.0,273.0,-94.0,523.0,-79.0,355.0,-185.0,164.0,-115.0,-473.0
104.0,55.0,-52.0,600.0,-91.0,427.0,-183.0,84.0,1.0,-382.0
86.0,-202.0,-32.0,647.0,-101.0,424.0,-195.0,149.0,101.0,-282.0
46.0,-353.0,18.0,683.0,-106.0,388.0,-174.0,144.0,162.0,-186.0
5.0,-337.0,24.0,705.0,-110.0,296.0,-162.0,83.0,217.0,-104.0
-36.0,-257.0,34.0,647.0,-121.0,179.0,-168.0,46.0,261.0,-18.0
-77.0,-204.0,85.0,586.0,-139.0,149.0,-178.0,-155.0,308.0,59.0
-88.0,-157.0,60.0,518.0,-155.0,185.0,-205.0,-72.0,335.0,125.0
-104.0,-68.0,101.0,460.0,-161.0,219.0,-190.0,-27.0,333.0,194.0
-119.0,38.0,140.0,432.0,-147.0,155.0,-146.0,81.0,309.0,247.0
-124.0,144.0,133.0,414.0,-108.0,62.0,-113.0,279.0,276.0,273.0
-116.0,278.0,167.0,433.0,-52.0,73.0,-134.0,227.0,244.0,299.0
-130.0,468.0,185.0,459.0,8.0,179.0,-145.0,197.0,178.0,297.0
-136.0,699.0,204.0,480.0,56.0,208.0,-93.0,77.0,78.0,277.0
-118.0,933.0,251.0,525.0,82.0,143.0,-51.0,14.0,-19.0,247.0
-102.0,1100.0,279.0,612.0,86.0,106.0,-37.0,24.0,-112.0,203.0
-81.0,1046.0,307.0,698.0,71.0,148.0,-46.0,118.0,-201.0,139.0
-65.0,729.0,329.0,788.0,47.0,174.0,-35.0,136.0,-266.0,58.0
-34.0,254.0,343.0,889.0,39.0,154.0,-4.0,40.0,-307.0,-29.0
-11.0,-270.0,356.0,959.0,58.0,256.0,18.0,90.0,-343.0,-129.0
-3.0,-735.0,375.0,979.0,91.0,300.0,28.0,-103.0,-363.0,-209.0
16.0,-967.0,369.0,957.0,126.0,281.0,5.0,-199.0,-372.0,-278.0
39.0,-858.0,330.0,882.0,147.0,425.0,-18.0,-317.0,-409.0,-329.0
70.0,-528.0,347.0,757.0,147.0,565.0,-46.0,-473.0,-432.0,-348.0
93.0,-196.0,312.0,654.0,126.0,605.0,-68.0,-284.0,-440.0,-357.0
102.0,93.0,294.0,539.0,88.0,582.0,-86.0,-245.0,-437.0,-351.0
126.0,393.0,296.0,427.0,47.0,596.0,-95.0,-212.0,-408.0,-344.0
137.0,575.0,272.0,330.0,19.0,707.0,-95.0,-260.0,-367.0,-355.0
131.0,507.0,269.0,256.0,7.0,669.0,-98.0,-273.0,-292.0,-389.0
134.0,286.0,236.0,204.0,13.0,536.0,-77.0,-158.0,-218.0,-444.0
131.0,70.0,248.0,131.0,20.0,575.0,-84.0,-164.0,-145.0,-500.0
106.0,-111.0,232.0,84.0,22.0,676.0,-83.0,-35.0,-56.0,-570.0
86.0,-328.0,247.0,37.0,20.0,692.0,-67.0,-1.0,24.0,-633.0
57.0,-615.0,281.0,-21.0,9.0,657.0,-50.0,84.0,101.0,-674.0
22.0,-914.0,289.0,-83.0,-3.0,680.0,3.0,97.0,181.0,-719.0
-19.0,-1118.0,336.0,-128.0,-8.0,719.0,42.0,7.0,254.0,-748.0
-73.0,-1156.0,347.0,-150.0,-4.0,660.0,36.0,73.0,321.0,-764.0
-88.0,-1035.0,358.0,-158.0,1.0,610.0,-26.0,1.0,361.0,-767.0
-116.0,-794.0,402.0,-137.0,1.0,601.0,-68.0,-16.0,385.0,-759.0
-162.0,-478.0,411.0,-93.0,-4.0,551.0,-79.0,-83.0,399.0,-740.0
-200.0,-95.0,396.0,-52.0,-12.0,478.0,-111.0,18.0,382.0,-688.0
-238.0,289.0,445.0,-13.0,-28.0,434.0,-108.0,188.0,368.0,-626.0
-276.0,513.0,451.0,42.0,-67.0,436.0,-127.0,129.0,354.0,-554.0
-311.0,589.0,460.0,69.0,-127.0,408.0,-154.0,168.0,322.0,-469.0
-321.0,671.0,490.0,55.0,-191.0,394.0,-148.0,-5.0,281.0,-376.0
-326.0,804.0,484.0,24.0,-241.0,441.0,-141.0,51.0,248.0,-286.0
-319.0,952.0,496.0,-20.0,-269.0,417.0,-150.0,293.0,228.0,-221.0
-316.0,1100.0,453.0,-110.0,-272.0,409.0,-211.0,345.0,214.0,-160.0
-287.0,1195.0,436.0,-224.0,-244.0,481.0,-243.0,369.0,226.0,-104.0
-245.0,1138.0,421.0,-338.0,-188.0,504.0,-244.0,269.0,258.0,-86.0
-207.0,926.0,356.0,-463.0,-115.0,402.0,-238.0,303.0,285.0,-89.0
-136.0,617.0,288.0,-550.0,-45.0,351.0,-201.0,42.0,307.0,-104.0
-71.0,309.0,222.0,-596.0,6.0,461.0,-160.0,-144.0,344.0,-157.0
-1.0,74.0,125.0,-592.0,32.0,507.0,-145.0,72.0,389.0,-233.0
74.0,-59.0,0.0,-538.0,30.0,467.0,-170.0,62.0,438.0,-305.0
142.0,-54.0,-104.0,-469.0,6.0,390.0,-160.0,-66.0,489.0,-377.0
202.0,17.0,-275.0,-393.0,-26.0,335.0,-145.0,-190.0,531.0,-441.0
258.0,6.0,-451.0,-325.0,-60.0,335.0,-124.0,-83.0,565.0,-484.0
301.0,-134.0,-568.0,-269.0,-99.0,296.0,-86.0,24.0,585.0,-502.0
349.0,-312.0,-703.0,-190.0,-147.0,313.0,-57.0,138.0,556.0,-471.0
411.0,-419.0,-798.0,-121.0,-187.0,377.0,-40.0,227.0,486.0,-413.0
438.0,-457.0,-871.0,-106.0,-203.0,346.0,-65.0,206.0,388.0,-324.0
463.0,-446.0,-951.0,-53.0,-184.0,292.0,-59.0,415.0,249.0,-196.0
492.0,-397.0,-1002.0,17.0,-140.0,347.0,-23.0,365.0,100.0,-66.0
519.0,-300.0,-1017.0,46.0,-82.0,440.0,32.0,382.0,-68.0,82.0
537.0,-122.0,-1015.0,124.0,-16.0,394.0,84.0,448.0,-248.0,226.0
552.0,87.0,-1016.0,194.0,41.0,342.0,95.0,306.0,-428.0,374.0
569.0,257.0,-942.0,221.0,78.0,417.0,80.0,406.0,-599.0,491.0
579.0,452.0,-883.0,234.0,91.0,401.0,36.0,371.0,-741.0,557.0
568.0,788.0,-834.0,174.0,85.0,344.0,10.0,430.0,-888.0,623.0
534.0,1200.0,-747.0,112.0,79.0,328.0,27.0,471.0,-1012.0,637.0
482.0,1471.0,-690.0,68.0,83.0,331.0,4.0,389.0,-1111.0,636.0
426.0,1453.0,-636.0,7.0,92.0,450.0,-94.0,484.0,-1184.0,609.0
398.0,1138.0,-558.0,-10.0,100.0,502.0,-148.0,482.0,-1231.0,549.0
340.0,594.0,-501.0,-20.0,114.0,471.0,-165.0,471.0,-1264.0,494.0
281.0,-66.0,-487.0,-34.0,127.0,502.0,-219.0,243.0,-1246.0,400.0
239.0,-672.0,-436.0,10.0,124.0,518.0,-278.0,151.0,-1188.0,303.0
193.0,-1102.0,-433.0,81.0,106.0,488.0,-303.0,166.0,-1105.0,231.0
156.0,-1357.0,-407.0,150.0,86.0,450.0,-285.0,46.0,-987.0,158.0
120.0,-1438.0,-376.0,222.0,67.0,488.0,-279.0,147.0,-855.0,81.0
70.0,-1319.0,-380.0,279.0,48.0,555.0,-279.0,223.0,-707.0,46.0
20.0,-1060.0,-336.0,319.0,34.0,589.0,-288.0,399.0,-523.0,22.0
-23.0,-777.0,-323.0,362.0,24.0,642.0,-344.0,393.0,-341.0,0.0
-68.0,-543.0,-286.0,409.0,23.0,608.0,-440.0,371.0,-157.0,-5.0
-109.0,-413.0,-291.0,442.0,22.0,478.0,-509.0,474.0,12.0,-41.0
-168.0,-343.0,-254.0,438.0,13.0,450.0,-549.0,312.0,160.0,-77.0
-214.0,-206.0,-223.0,415.0,12.0,515.0,-562.0,230.0,301.0,-157.0
-273.0,-18.0,-237.0,368.0,26.0,566.0,-542.0,81.0,412.0,-280.0
-329.0,12.0,-144.0,338.0,50.0,520.0,-523.0,-29.0,506.0,-396.0
-367.0,-183.0,-110.0,333.0,64.0,438.0,-489.0,-83.0,559.0,-514.0
-407.0,-451.0,-73.0,299.0,58.0,484.0,-504.0,-169.0,581.0,-638.0
-427.0,-726.0,-6.0,317.0,60.0,538.0,-553.0,-96.0,573.0,-739.0
-472.0,-989.0,36.0,346.0,81.0,512.0,-586.0,-136.0,545.0,-791.0
-498.0,-1174.0,81.0,369.0,100.0,458.0,-609.0,-131.0,512.0,-834.0
-496.0,-1226.0,143.0,394.0,96.0,394.0,-598.0,-27.0,460.0,-846.0
-493.0,-1143.0,232.0,395.0,75.0,379.0,-587.0,73.0,413.0,-834.0
-472.0,-1011.0,277.0,398.0,51.0,459.0,-588.0,158.0,332.0,-793.0
-438.0,-894.0,381.0,369.0,22.0,474.0,-599.0,81.0,247.0,-730.0
-381.0,-706.0,443.0,317.0,-5.0,334.0,-609.0,123.0,179.0,-648.0
-315.0,-311.0,465.0,222.0,-22.0,194.0,-605.0,205.0,103.0,-532.0
-259.0,267.0,545.0,131.0,-29.0,215.0,-578.0,210.0,50.0,-442.0
-192.0,895.0,564.0,52.0,-41.0,321.0,-507.0,164.0,10.0,-351.0
-119.0,1416.0,578.0,-54.0,-71.0,255.0,-437.0,66.0,-8.0,-279.0
-43.0,1716.0,572.0,-155.0,-114.0,154.0,-417.0,55.0,-18.0,-228.0
29.0,1773.0,562.0,-236.0,-153.0,208.0,-423.0,-70.0,-20.0,-175.0
100.0,1596.0,507.0,-314.0,-176.0,311.0,-439.0,-97.0,-13.0,-145.0
184.0,1233.0,453.0,-382.0,-185.0,250.0,-456.0,-53.0,14.0,-112.0
256.0,769.0,411.0,-431.0,-187.0,160.0,-484.0,51.0,49.0,-88.0
327.0,273.0,290.0,-493.0,-182.0,194.0,-518.0,317.0,90.0,-77.0
371.0,-212.0,209.0,-553.0,-174.0,179.0,-522.0,454.0,144.0,-64.0
396.0,-590.0,117.0,-612.0,-171.0,206.0,-550.0,391.0,181.0,-66.0
430.0,-729.0,-1.0,-643.0,-173.0,224.0,-560.0,151.0,218.0,-69.0
451.0,-625.0,-67.0,-662.0,-169.0,185.0,-530.0,31.0,247.0,-44.0
480.0,-407.0,-161.0,-675.0,-167.0,158.0,-472.0,-410.0,262.0,-7.0
489.0,-190.0,-261.0,-671.0,-175.0,127.0,-402.0,-787.0,274.0,35.0
475.0,-31.0,-300.0,-664.0,-174.0,146.0,-375.0,-443.0,291.0,87.0
462.0,52.0,-372.0,-655.0,-143.0,190.0,-373.0,-107.0,300.0,145.0
453.0,63.0,-407.0,-670.0,-90.0,166.0,-381.0,301.0,308.0,185.0
423.0,34.0,-437.0,-624.0,-45.0,85.0,-383.0,412.0,321.0,189.0
380.0,-3.0,-476.0,-512.0,-30.0,116.0,-373.0,214.0,304.0,172.0
335.0,-27.0,-492.0,-434.0,-46.0,173.0,-332.0,70.0,281.0,121.0
264.0,2.0,-529.0,-347.0,-71.0,195.0,-287.0,-208.0,242.0,53.0
194.0,65.0,-486.0,-229.0,-87.0,188.0,-274.0,-415.0,178.0,-26.0
125.0,115.0,-505.0,-141.0,-86.0,189.0,-268.0,-321.0,81.0,-127.0
81.0,189.0,-501.0,-75.0,-68.0,220.0,-259.0,96.0,-32.0,-213.0
18.0,333.0,-462.0,-31.0,-40.0,112.0,-257.0,96.0,-149.0,-304.0
-59.0,432.0,-468.0,-46.0,-14.0,-24.0,-243.0,-22.0,-287.0,-401.0
-112.0,377.0,-424.0,-97.0,-7.0,-21.0,-215.0,-70.0,-410.0,-481.0
-189.0,220.0,-412.0,-128.0,-20.0,55.0,-217.0,-230.0,-528.0,-540.0
-247.0,17.0,-404.0,-134.0,-42.0,145.0,-221.0,-112.0,-639.0,-550.0
-293.0,-175.0,-386.0,-128.0,-52.0,214.0,-224.0,-256.0,-734.0,-503.0
-321.0,-292.0,-369.0,-82.0,-42.0,189.0,-216.0,-273.0,-811.0,-414.0
-329.0,-341.0,-373.0,-50.0,-13.0,179.0,-183.0,-29.0,-847.0,-298.0
-329.0,-417.0,-371.0,-24.0,29.0,206.0,-143.0,42.0,-851.0,-168.0
-312.0,-476.0,-378.0,41.0,79.0,229.0,-114.0,138.0,-827.0,-54.0
-300.0,-398.0,-408.0,103.0,129.0,231.0,-118.0,171.0,-777.0,40.0
-293.0,-159.0,-405.0,172.0,162.0,179.0,-125.0,243.0,-690.0,90.0
-278.0,185.0,-436.0,254.0,162.0,187.0,-137.0,121.0,-590.0,90.0
-254.0,528.0,-440.0,327.0,133.0,260.0,-152.0,-46.0,-483.0,78.0
-225.0,824.0,-451.0,398.0,98.0,302.0,-154.0,-77.0,-364.0,41.0
-196.0,1046.0,-488.0,456.0,80.0,247.0,-124.0,-194.0,-252.0,-7.0
-182.0,1158.0,-448.0,521.0,81.0,212.0,-59.0,-59.0,-160.0,-66.0
-162.0,1120.0,-460.0,602.0,95.0,183.0,-9.0,84.0,-92.0,-109.0
-149.0,904.0,-492.0,657.0,101.0,150.0,22.0,162.0,-15.0,-108.0
-151.0,573.0,-438.0,658.0,88.0,158.0,21.0,179.0,54.0,-116.0
-161.0,276.0,-455.0,621.0,58.0,162.0,-35.0,-36.0,126.0,-104.0
-155.0,111.0,-485.0,560.0,18.0,146.0,-67.0,-195.0,195.0,-67.0
-143.0,18.0,-442.0,483.0,-20.0,46.0,-70.0,-327.0,242.0,-32.0
-151.0,-74.0,-454.0,429.0,-41.0,52.0,-59.0,-279.0,292.0,8.0
-158.0,-196.0,-449.0,396.0,-36.0,129.0,-28.0,-203.0,335.0,34.0
-189.0,-363.0,-417.0,346.0,-12.0,117.0,14.0,-142.0,367.0,62.0
-215.0,-531.0,-409.0,290.0,19.0,75.0,48.0,-22.0,393.0,66.0
-262.0,-577.0,-374.0,244.0,47.0,95.0,50.0,94.0,444.0,30.0
-307.0,-447.0,-340.0,211.0,68.0,156.0,58.0,242.0,516.0,-10.0
-353.0,-231.0,-297.0,228.0,86.0,95.0,46.0,221.0,593.0,-84.0
-415.0,4.0,-235.0,247.0,92.0,16.0,21.0,393.0,689.0,-181.0
-447.0,206.0,-188.0,228.0,80.0,8.0,-12.0,371.0,767.0,-291.0
-487.0,322.0,-113.0,211.0,64.0,10.0,-38.0,149.0,829.0,-388.0
-510.0,337.0,-19.0,143.0,49.0,-60.0,-47.0,206.0,873.0,-450.0
-533.0,327.0,20.0,76.0,32.0,-68.0,-102.0,134.0,874.0,-502.0
-528.0,369.0,101.0,41.0,11.0,41.0,-137.0,75.0,846.0,-521.0
-532.0,423.0,161.0,-4.0,-7.0,39.0,-116.0,16.0,790.0,-483.0
-525.0,447.0,218.0,-76.0,-24.0,-30.0,-95.0,68.0,726.0,-416.0
-513.0,432.0,303.0,-184.0,-43.0,-96.0,-89.0,66.0,643.0,-332.0
-512.0,408.0,303.0,-301.0,-48.0,-166.0,-75.0,-144.0,534.0,-227.0
-463.0,385.0,373.0,-461.0,-28.0,-219.0,-51.0,-20.0,419.0,-110.0
-433.0,354.0,385.0,-616.0,8.0,-224.0,-41.0,42.0,293.0,-31.0
-386.0,298.0,371.0,-754.0,40.0,-146.0,-46.0,151.0,164.0,8.0
-343.0,169.0,403.0,-931.0,53.0,-108.0,-67.0,238.0,48.0,26.0
-288.0,-37.0,374.0,-1103.0,50.0,-212.0,-101.0,81.0,-43.0,-20.0
-250.0,-272.0,367.0,-1258.0,40.0,-269.0,-139.0,166.0,-114.0,-94.0
-233.0,-453.0,334.0,-1389.0,21.0,-164.0,-156.0,173.0,-179.0,-192.0
-186.0,-527.0,311.0,-1478.0,-13.0,-165.0,-160.0,216.0,-230.0,-312.0
-158.0,-492.0,262.0,-1557.0,-56.0,-267.0,-139.0,203.0,-259.0,-411.0
-111.0,-404.0,224.0,-1604.0,-90.0,-250.0,-84.0,86.0,-276.0,-514.0
-83.0,-379.0,190.0,-1583.0,-100.0,-114.0,-40.0,-83.0,-284.0,-590.0
-58.0,-467.0,175.0,-1486.0,-98.0,-83.0,-10.0,-399.0,-276.0,-615.0
-30.0,-599.0,142.0,-1316.0,-100.0,-265.0,-21.0,-386.0,-267.0,-612.0
-1.0,-704.0,82.0,-1146.0,-107.0,-298.0,-45.0,-487.0,-274.0,-603.0
13.0,-734.0,81.0,-927.0,-108.0,-175.0,-76.0,-473.0,-288.0,-566.0
29.0,-674.0,0.0,-669.0,-104.0,-132.0,-151.0,-306.0,-306.0,-516.0
60.0,-563.0,-44.0,-450.0,-101.0,-69.0,-191.0,-303.0,-326.0,-471.0
82.0,-394.0,-112.0,-193.0,-100.0,-6.0,-211.0,-153.0,-352.0,-402.0
103.0,-212.0,-218.0,69.0,-93.0,0.0,-217.0,-223.0,-381.0,-328.0
112.0,-123.0,-278.0,301.0,-82.0,-43.0,-196.0,-186.0,-404.0,-263.0
135.0,-128.0,-407.0,530.0,-70.0,-79.0,-152.0,-109.0,-409.0,-214.0
128.0,-103.0,-495.0,738.0,-59.0,-48.0,-90.0,-7.0,-385.0,-143.0
132.0,14.0,-591.0,910.0,-33.0,-54.0,-78.0,230.0,-352.0,-55.0
141.0,119.0,-727.0,1047.0,10.0,-85.0,-96.0,279.0,-334.0,19.0
161.0,123.0,-779.0,1141.0,43.0,-29.0,-125.0,430.0,-328.0,96.0
175.0,62.0,-890.0,1190.0,51.0,61.0,-132.0,417.0,-320.0,181.0
188.0,2.0,-958.0,1217.0,42.0,91.0,-108.0,317.0,-325.0,250.0
212.0,-61.0,-990.0,1224.0,33.0,47.0,-84.0,197.0,-326.0,289.0
189.0,-119.0,-1070.0,1179.0,34.0,4.0,-68.0,-101.0,-319.0,318.0
167.0,-156.0,-1031.0,1152.0,47.0,32.0,-71.0,-339.0,-315.0,337.0
128.0,-199.0,-1073.0,1131.0,70.0,77.0,-78.0,-613.0,-296.0,340.0
89.0,-236.0,-1071.0,1076.0,90.0,115.0,-72.0,-718.0,-261.0,328.0
29.0,-262.0,-1012.0,1057.0,99.0,160.0,-56.0,-683.0,-219.0,319.0
-10.0,-299.0,-990.0,1022.0,97.0,118.0,-25.0,-569.0,-177.0,304.0
-49.0,-342.0,-892.0,997.0,94.0,78.0,14.0,-460.0,-121.0,293.0
-92.0,-362.0,-811.0,983.0,95.0,170.0,29.0,-299.0,-49.0,279.0
-107.0,-351.0,-698.0,923.0,90.0,237.0,23.0,-88.0,27.0,268.0
-129.0,-302.0,-613.0,845.0,74.0,193.0,3.0,-242.0,105.0,258.0
-138.0,-276.0,-508.0,751.0,63.0,142.0,-34.0,-194.0,187.0,220.0
-145.0,-323.0,-410.0,636.0,70.0,146.0,-38.0,-155.0,281.0,174.0
-126.0,-350.0,-336.0,509.0,77.0,129.0,-29.0,-249.0,369.0,123.0
-111.0,-320.0,-208.0,371.0,74.0,32.0,-13.0,-92.0,445.0,62.0
-71.0,-278.0,-121.0,210.0,63.0,8.0,26.0,-125.0,529.0,-10.0
-55.0,-260.0,-35.0,49.0,50.0,95.0,81.0,-90.0,609.0,-65.0
-47.0,-243.0,61.0,-125.0,42.0,65.0,162.0,-157.0,664.0,-103.0
-41.0,-202.0,136.0,-287.0,41.0,-73.0,213.0,-264.0,689.0,-114.0
-58.0,-172.0,198.0,-443.0,41.0,-64.0,232.0,-301.0,680.0,-117.0
-69.0,-178.0,280.0,-597.0,35.0,63.0,253.0,-375.0,614.0,-115.0
-115.0,-248.0,323.0,-701.0,23.0,79.0,246.0,-312.0,504.0,-82.0
-140.0,-377.0,361.0,-824.0,14.0,-56.0,254.0,-404.0,380.0,-83.0
-193.0,-491.0,415.0,-953.0,15.0,-149.0,280.0,-380.0,227.0,-80.0
-230.0,-511.0,449.0,-1051.0,24.0,-85.0,294.0,-450.0,49.0,-80.0
-287.0,-403.0,484.0,-1152.0,30.0,-75.0,280.0,-561.0,-131.0,-91.0
-350.0,-259.0,496.0,-1216.0,34.0,-152.0,239.0,-500.0,-305.0,-93.0
-396.0,-187.0,527.0,-1235.0,47.0,-99.0,197.0,-506.0,-463.0,-101.0
-443.0,-153.0,535.0,-1230.0,71.0,-21.0,147.0,-218.0,-586.0,-94.0
-471.0,-86.0,554.0,-1220.0,95.0,-48.0,118.0,49.0,-675.0,-117.0
-510.0,34.0,578.0,-1200.0,115.0,-127.0,132.0,253.0,-737.0,-135.0
-513.0,190.0,535.0,-1184.0,133.0,-283.0,149.0,441.0,-785.0,-118.0
-539.0,301.0,552.0,-1153.0,138.0,-429.0,148.0,369.0,-801.0,-69.0
-517.0,313.0,558.0,-1124.0,112.0,-360.0,165.0,317.0,-780.0,14.0
-509.0,293.0,498.0,-1087.0,52.0,-231.0,210.0,221.0,-741.0,133.0
-493.0,276.0,508.0,-1036.0,-32.0,-321.0,211.0,212.0,-677.0,311.0
-433.0,283.0,482.0,-1012.0,-118.0,-457.0,177.0,216.0,-610.0,495.0
-385.0,371.0,411.0,-944.0,-186.0,-434.0,155.0,223.0,-530.0,666.0
-326.0,487.0,395.0,-858.0,-223.0,-325.0,155.0,249.0,-422.0,834.0
-288.0,545.0,339.0,-730.0,-239.0,-329.0,149.0,49.0,-314.0,973.0
-212.0,569.0,288.0,-565.0,-251.0,-444.0,104.0,5.0,-212.0,1067.0
-175.0,587.0,271.0,-431.0,-256.0,-447.0,62.0,-171.0,-120.0,1113.0
-111.0,512.0,216.0,-273.0,-259.0,-392.0,18.0,-376.0,-35.0,1144.0
-85.0,292.0,186.0,-140.0,-249.0,-438.0,-9.0,-293.0,52.0,1151.0
-59.0,-24.0,156.0,-46.0,-217.0,-523.0,-27.0,-186.0,151.0,1109.0
0.0,-308.0,107.0,76.0,-166.0,-498.0,-43.0,-84.0,241.0,1060.0
4.0,-433.0,106.0,224.0,-103.0,-425.0,-51.0,-127.0,328.0,984.0
50.0,-429.0,65.0,372.0,-54.0,-469.0,-63.0,-134.0,423.0,857.0
55.0,-434.0,37.0,515.0,-23.0,-572.0,-22.0,-136.0,508.0,710.0
97.0,-510.0,2.0,671.0,0.0,-539.0,46.0,1.0,596.0,587.0
128.0,-549.0,-55.0,860.0,8.0,-406.0,103.0,107.0,669.0,479.0
153.0,-456.0,-76.0,999.0,-13.0,-418.0,148.0,84.0,719.0,359.0
168.0,-269.0,-144.0,1110.0,-69.0,-500.0,196.0,216.0,753.0,269.0
184.0,-77.0,-176.0,1242.0,-136.0,-403.0,208.0,60.0,740.0,199.0
236.0,91.0,-216.0,1321.0,-179.0,-239.0,179.0,-77.0,686.0,110.0
256.0,264.0,-295.0,1366.0,-185.0,-264.0,162.0,-129.0,610.0,14.0
297.0,447.0,-374.0,1400.0,-173.0,-333.0,120.0,-227.0,504.0,-54.0
306.0,564.0,-448.0,1397.0,-156.0,-344.0,88.0,-184.0,394.0,-125.0
351.0,531.0,-550.0,1371.0,-141.0,-348.0,82.0,-323.0,278.0,-194.0
370.0,367.0,-667.0,1380.0,-136.0,-333.0,82.0,-291.0,162.0,-235.0
384.0,165.0,-699.0,1362.0,-135.0,-327.0,80.0,-101.0,91.0,-253.0
420.0,20.0,-823.0,1298.0,-124.0,-307.0,56.0,73.0,39.0,-262.0
440.0,5.0,-893.0,1228.0,-95.0,-286.0,44.0,297.0,-13.0,-270.0
482.0,124.0,-923.0,1148.0,-62.0,-206.0,38.0,273.0,-58.0,-260.0
497.0,291.0,-1043.0,1061.0,-29.0,-167.0,40.0,286.0,-97.0,-264.0
509.0,454.0,-1027.0,953.0,0.0,-232.0,63.0,306.0,-119.0,-290.0
496.0,584.0,-1067.0,874.0,20.0,-275.0,85.0,328.0,-131.0,-325.0
489.0,528.0,-1094.0,773.0,28.0,-203.0,104.0,330.0,-145.0,-371.0
456.0,242.0,-1037.0,623.0,21.0,-93.0,123.0,216.0,-182.0,-423.0
437.0,-84.0,-1025.0,509.0,2.0,-150.0,152.0,153.0,-236.0,-483.0
411.0,-318.0,-959.0,364.0,-16.0,-231.0,157.0,-49.0,-268.0,-555.0
364.0,-468.0,-916.0,190.0,-29.0,-232.0,124.0,-140.0,-299.0,-621.0
332.0,-545.0,-829.0,69.0,-28.0,-189.0,120.0,-216.0,-331.0,-679.0
267.0,-555.0,-738.0,-33.0,-3.0,-225.0,137.0,-230.0,-353.0,-731.0
209.0,-538.0,-666.0,-129.0,45.0,-217.0,156.0,-112.0,-392.0,-751.0
137.0,-511.0,-544.0,-235.0,103.0,-59.0,148.0,-116.0,-454.0,-736.0
82.0,-511.0,-418.0,-290.0,157.0,-69.0,103.0,-64.0,-510.0,-696.0
16.0,-578.0,-278.0,-308.0,203.0,-129.0,110.0,-171.0,-547.0,-634.0
-26.0,-659.0,-163.0,-387.0,240.0,-73.0,141.0,-229.0,-546.0,-527.0
-51.0,-649.0,-26.0,-434.0,265.0,-57.0,186.0,-236.0,-511.0,-387.0
-67.0,-525.0,91.0,-448.0,265.0,-200.0,238.0,-269.0,-462.0,-245.0
-78.0,-420.0,204.0,-512.0,238.0,-311.0,256.0,-157.0,-376.0,-67.0
-103.0,-394.0,324.0,-565.0,195.0,-217.0,244.0,-194.0,-262.0,141.0
-94.0,-322.0,381.0,-595.0,161.0,-104.0,219.0,-147.0,-168.0,340.0
-97.0,-163.0,483.0,-656.0,146.0,-177.0,176.0,-162.0,-71.0,535.0
-84.0,-2.0,543.0,-723.0,140.0,-322.0,137.0,-242.0,46.0,711.0
-93.0,124.0,565.0,-768.0,132.0,-265.0,163.0,-295.0,156.0,857.0
-98.0,261.0,648.0,-801.0,110.0,-212.0,184.0,-465.0,252.0,947.0
-113.0,366.0,660.0,-817.0,80.0,-269.0,163.0,-421.0,322.0,987.0
-135.0,329.0,665.0,-803.0,42.0,-308.0,95.0,-378.0,368.0,986.0
-139.0,126.0,689.0,-801.0,5.0,-287.0,9.0,-341.0,387.0,916.0
-163.0,-141.0,670.0,-799.0,-17.0,-263.0,-48.0,-312.0,402.0,817.0
-166.0,-312.0,641.0,-757.0,-15.0,-349.0,-85.0,-236.0,431.0,701.0
-194.0,-333.0,596.0,-696.0,9.0,-353.0,-59.0,-123.0,442.0,579.0
-207.0,-209.0,594.0,-642.0,44.0,-319.0,-2.0,-388.0,453.0,473.0
-218.0,61.0,535.0,-581.0,87.0,-352.0,23.0,-517.0,460.0,379.0
-235.0,443.0,491.0,-476.0,138.0,-345.0,1.0,-428.0,460.0,311.0
-250.0,837.0,484.0,-397.0,196.0,-315.0,-18.0,-216.0,464.0,259.0
-282.0,1100.0,417.0,-346.0,250.0,-315.0,-19.0,35.0,457.0,226.0
-295.0,1206.0,412.0,-280.0,278.0,-343.0,-28.0,35.0,450.0,203.0
-316.0,1259.0,366.0,-214.0,267.0,-352.0,-49.0,230.0,439.0,211.0
-354.0,1308.0,338.0,-146.0,233.0,-294.0,-80.0,395.0,421.0,224.0
-391.0,1299.0,336.0,-84.0,194.0,-227.0,-89.0,389.0,407.0,231.0
-413.0,1217.0,290.0,-21.0,148.0,-315.0,-81.0,277.0,380.0,252.0
-426.0,1083.0,295.0,30.0,93.0,-359.0,-40.0,147.0,346.0,246.0
-436.0,903.0,263.0,74.0,34.0,-280.0,-14.0,25.0,328.0,235.0
-442.0,686.0,222.0,117.0,-14.0,-259.0,-36.0,-288.0,321.0,200.0
-421.0,421.0,197.0,151.0,-43.0,-253.0,-27.0,-352.0,316.0,166.0
-401.0,129.0,154.0,170.0,-55.0,-270.0,13.0,-360.0,312.0,142.0
-398.0,-88.0,102.0,158.0,-54.0,-254.0,88.0,-236.0,317.0,113.0
-387.0,-169.0,52.0,135.0,-43.0,-204.0,157.0,-105.0,331.0,109.0
-369.0,-176.0,-9.0,128.0,-24.0,-191.0,138.0,-175.0,337.0,121.0
-338.0,-196.0,-91.0,129.0,-5.0,-216.0,78.0,-59.0,348.0,176.0
-309.0,-240.0,-137.0,140.0,10.0,-228.0,29.0,-36.0,389.0,234.0
-258.0,-283.0,-233.0,148.0,13.0,-214.0,21.0,31.0,425.0,299.0
-181.0,-342.0,-298.0,133.0,0.0,-225.0,34.0,46.0,458.0,381.0
-100.0,-414.0,-331.0,106.0,-29.0,-214.0,-1.0,97.0,473.0,441.0
-18.0,-408.0,-396.0,107.0,-66.0,-219.0,-63.0,153.0,477.0,481.0
58.0,-294.0,-407.0,131.0,-106.0,-171.0,-109.0,-127.0,481.0,491.0
134.0,-128.0,-445.0,162.0,-155.0,-50.0,-127.0,-221.0,453.0,467.0
214.0,-2.0,-465.0,224.0,-216.0,54.0,-129.0,-247.0,405.0,407.0
275.0,60.0,-473.0,322.0,-283.0,47.0,-97.0,-249.0,334.0,339.0
340.0,105.0,-462.0,449.0,-334.0,-75.0,-59.0,-260.0,243.0,260.0
407.0,87.0,-423.0,567.0,-345.0,-54.0,-54.0,-304.0,146.0,176.0
463.0,-44.0,-370.0,674.0,-314.0,31.0,-34.0,-214.0,29.0,91.0
517.0,-214.0,-304.0,810.0,-262.0,63.0,-3.0,-363.0,-93.0,7.0
542.0,-342.0,-243.0,920.0,-209.0,137.0,-8.0,-417.0,-210.0,-63.0
557.0,-435.0,-148.0,996.0,-164.0,209.0,-41.0,-367.0,-327.0,-133.0
548.0,-460.0,-102.0,1024.0,-130.0,177.0,-77.0,-328.0,-430.0,-180.0
536.0,-394.0,9.0,1042.0,-97.0,85.0,-112.0,-232.0,-521.0,-218.0
504.0,-289.0,79.0,1056.0,-66.0,106.0,-115.0,-194.0,-605.0,-230.0
462.0,-143.0,122.0,1007.0,-43.0,244.0,-64.0,1.0,-661.0,-219.0
431.0,25.0,233.0,936.0,-26.0,299.0,-24.0,-77.0,-707.0,-218.0
380.0,194.0,242.0,808.0,-10.0,175.0,-30.0,-134.0,-771.0,-194.0
332.0,334.0,306.0,664.0,8.0,150.0,-61.0,5.0,-827.0,-155.0
265.0,367.0,369.0,510.0,22.0,214.0,-87.0,-77.0,-849.0,-98.0
192.0,230.0,380.0,321.0,26.0,200.0,-132.0,-116.0,-861.0,-19.0
109.0,-35.0,419.0,135.0,26.0,248.0,-172.0,-236.0,-860.0,75.0
21.0,-245.0,432.0,-50.0,29.0,295.0,-164.0,-190.0,-845.0,175.0
-34.0,-238.0,423.0,-201.0,36.0,282.0,-188.0,-83.0,-823.0,270.0
-79.0,-90.0,420.0,-371.0,42.0,256.0,-224.0,-127.0,-802.0,385.0
-97.0,18.0,403.0,-542.0,46.0,264.0,-214.0,-14.0,-797.0,494.0
-80.0,54.0,374.0,-670.0,50.0,314.0,-179.0,-46.0,-803.0,581.0
-63.0,117.0,334.0,-785.0,56.0,281.0,-110.0,-118.0,-827.0,651.0
-52.0,265.0,263.0,-878.0,67.0,174.0,-29.0,-140.0,-850.0,699.0
-33.0,434.0,220.0,-944.0,88.0,111.0,50.0,-29.0,-872.0,712.0
-15.0,564.0,167.0,-968.0,115.0,100.0,90.0,110.0,-899.0,698.0
11.0,652.0,106.0,-964.0,142.0,95.0,81.0,1.0,-922.0,662.0
37.0,707.0,66.0,-918.0,160.0,104.0,51.0,-44.0,-931.0,613.0
76.0,748.0,7.0,-835.0,160.0,2.0,4.0,-90.0,-918.0,570.0
132.0,791.0,-34.0,-754.0,141.0,-204.0,-10.0,-25.0,-906.0,508.0
172.0,814.0,-86.0,-660.0,111.0,-274.0,-26.0,55.0,-867.0,449.0
192.0,774.0,-174.0,-548.0,92.0,-212.0,-57.0,145.0,-782.0,398.0
197.0,620.0,-184.0,-429.0,92.0,-176.0,-77.0,323.0,-665.0,322.0
221.0,355.0,-226.0,-309.0,104.0,-242.0,-102.0,371.0,-529.0,243.0
224.0,91.0,-277.0,-207.0,118.0,-325.0,-71.0,541.0,-387.0,154.0
233.0,-37.0,-243.0,-123.0,128.0,-364.0,-20.0,484.0,-243.0,57.0
262.0,-44.0,-276.0,-95.0,133.0,-374.0,6.0,421.0,-108.0,-46.0
275.0,-63.0,-278.0,-100.0,125.0,-421.0,29.0,423.0,28.0,-155.0
295.0,-158.0,-245.0,-100.0,100.0,-488.0,44.0,286.0,154.0,-261.0
299.0,-250.0,-225.0,-145.0,74.0,-444.0,62.0,306.0,285.0,-359.0
302.0,-248.0,-157.0,-186.0,66.0,-437.0,60.0,134.0,425.0,-450.0
317.0,-149.0,-117.0,-201.0,81.0,-505.0,28.0,140.0,550.0,-523.0
356.0,-16.0,-24.0,-202.0,100.0,-495.0,-14.0,194.0,667.0,-557.0
379.0,106.0,27.0,-200.0,109.0,-386.0,-43.0,181.0,785.0,-561.0
413.0,202.0,73.0,-187.0,114.0,-346.0,-46.0,315.0,903.0,-519.0
455.0,260.0,190.0,-126.0,112.0,-464.0,3.0,256.0,1009.0,-422.0
472.0,302.0,195.0,-51.0,91.0,-457.0,79.0,273.0,1083.0,-276.0
463.0,334.0,275.0,0.0,57.0,-369.0,93.0,214.0,1121.0,-101.0
431.0,276.0,303.0,82.0,20.0,-369.0,56.0,234.0,1149.0,88.0
411.0,81.0,286.0,154.0,-12.0,-392.0,11.0,310.0,1130.0,290.0
362.0,-178.0,315.0,193.0,-34.0,-331.0,-34.0,269.0,1101.0,470.0
336.0,-461.0,264.0,249.0,-44.0,-162.0,-25.0,317.0,1068.0,634.0
299.0,-728.0,252.0,289.0,-39.0,-157.0,50.0,134.0,969.0,772.0
242.0,-894.0,220.0,351.0,-26.0,-295.0,154.0,29.0,870.0,883.0
200.0,-936.0,192.0,395.0,-4.0,-331.0,252.0,-62.0,766.0,976.0
128.0,-871.0,136.0,451.0,23.0,-196.0,316.0,-153.0,650.0,1029.0
57.0,-706.0,122.0,509.0,52.0,-93.0,369.0,-153.0,532.0,1060.0
-32.0,-461.0,88.0,529.0,81.0,-135.0,390.0,-243.0,415.0,1080.0
-106.0,-215.0,39.0,588.0,98.0,-135.0,419.0,-145.0,321.0,1071.0
-202.0,2.0,83.0,643.0,110.0,-83.0,400.0,-134.0,224.0,1032.0
-301.0,154.0,37.0,713.0,116.0,-6.0,297.0,1.0,162.0,994.0
-378.0,158.0,77.0,804.0,115.0,47.0,229.0,166.0,136.0,946.0
-456.0,89.0,144.0,875.0,106.0,69.0,196.0,188.0,116.0,858.0
-503.0,87.0,135.0,910.0,91.0,90.0,186.0,293.0,109.0,753.0
-548.0,192.0,192.0,912.0,81.0,139.0,178.0,114.0,133.0,639.0
-559.0,320.0,234.0,909.0,79.0,221.0,229.0,51.0,167.0,490.0
-552.0,364.0,254.0,887.0,80.0,238.0,308.0,-27.0,195.0,343.0
-531.0,230.0,275.0,817.0,69.0,250.0,330.0,-219.0,236.0,223.0
-492.0,-31.0,318.0,716.0,44.0,315.0,322.0,-229.0,278.0,109.0
-460.0,-225.0,407.0,584.0,17.0,421.0,300.0,-327.0,312.0,10.0
-409.0,-319.0,430.0,428.0,4.0,467.0,274.0,-208.0,317.0,-74.0
-343.0,-389.0,411.0,269.0,1.0,410.0,252.0,-29.0,285.0,-132.0
-260.0,-409.0,430.0,108.0,0.0,377.0,279.0,94.0,224.0,-184.0
-181.0,-332.0,384.0,-23.0,7.0,358.0,330.0,195.0,137.0,-222.0
-110.0,-229.0,326.0,-138.0,15.0,336.0,375.0,190.0,58.0,-234.0
-19.0,-120.0,309.0,-269.0,22.0,379.0,385.0,136.0,-28.0,-245.0
66.0,63.0,291.0,-394.0,31.0,469.0,378.0,9.0,-112.0,-252.0
134.0,318.0,271.0,-511.0,33.0,436.0,367.0,53.0,-201.0,-270.0
180.0,560.0,203.0,-630.0,23.0,279.0,324.0,-31.0,-282.0,-273.0
219.0,682.0,157.0,-699.0,7.0,169.0,305.0,-79.0,-356.0,-279.0
240.0,624.0,98.0,-741.0,-5.0,246.0,303.0,24.0,-438.0,-290.0
247.0,441.0,27.0,-781.0,-22.0,359.0,304.0,-35.0,-502.0,-264.0
248.0,270.0,-20.0,-788.0,-57.0,250.0,321.0,94.0,-594.0,-209.0
230.0,168.0,-10.0,-794.0,-104.0,110.0,319.0,160.0,-681.0,-134.0
214.0,112.0,9.0,-781.0,-150.0,60.0,322.0,279.0,-757.0,-56.0
167.0,99.0,-53.0,-751.0,-187.0,70.0,353.0,376.0,-850.0,41.0
115.0,94.0,-23.0,-702.0,-221.0,43.0,408.0,205.0,-943.0,126.0
54.0,51.0,0.0,-637.0,-251.0,-14.0,467.0,110.0,-1036.0,170.0
0.0,-71.0,-7.0,-563.0,-264.0,35.0,513.0,-53.0,-1112.0,207.0
-23.0,-275.0,25.0,-461.0,-259.0,63.0,552.0,-112.0,-1188.0,234.0
-49.0,-489.0,17.0,-352.0,-242.0,-21.0,581.0,-175.0,-1235.0,234.0
-57.0,-691.0,45.0,-250.0,-213.0,-153.0,558.0,-197.0,-1240.0,206.0
-46.0,-917.0,81.0,-152.0,-177.0,-185.0,509.0,-97.0,-1202.0,180.0
-22.0,-1069.0,62.0,-95.0,-141.0,-200.0,452.0,64.0,-1109.0,137.0
-1.0,-1002.0,87.0,-52.0,-114.0,-246.0,369.0,388.0,-1000.0,65.0
44.0,-750.0,115.0,-5.0,-101.0,-288.0,314.0,424.0,-884.0,-6.0
89.0,-470.0,45.0,-24.0,-96.0,-329.0,294.0,489.0,-769.0,-96.0
121.0,-256.0,51.0,-80.0,-88.0,-244.0,340.0,421.0,-665.0,-186.0
162.0,-72.0,45.0,-131.0,-68.0,-176.0,423.0,190.0,-538.0,-267.0
218.0,123.0,-12.0,-193.0,-38.0,-204.0,474.0,125.0,-396.0,-344.0
297.0,318.0,-6.0,-228.0,-4.0,-240.0,493.0,-57.0,-261.0,-366.0
348.0,491.0,-58.0,-237.0,27.0,-245.0,448.0,-55.0,-107.0,-350.0
409.0,605.0,-76.0,-255.0,53.0,-166.0,379.0,-109.0,39.0,-294.0
481.0,619.0,-93.0,-289.0,65.0,-77.0,324.0,-86.0,153.0,-187.0
544.0,517.0,-151.0,-335.0,54.0,-85.0,247.0,-22.0,237.0,-65.0
589.0,315.0,-143.0,-321.0,30.0,-122.0,175.0,-188.0,289.0,59.0
618.0,61.0,-177.0,-271.0,15.0,-89.0,124.0,-162.0,315.0,194.0
638.0,-182.0,-202.0,-195.0,20.0,-20.0,109.0,-242.0,295.0,321.0
645.0,-375.0,-206.0,-47.0,46.0,20.0,173.0,-236.0,240.0,430.0
629.0,-472.0,-239.0,100.0,94.0,55.0,254.0,-197.0,167.0,532.0
578.0,-474.0,-234.0,238.0,149.0,149.0,308.0,-238.0,100.0,636.0
543.0,-445.0,-259.0,349.0,190.0,185.0,327.0,-131.0,50.0,734.0
501.0,-376.0,-242.0,445.0,210.0,146.0,276.0,-175.0,13.0,826.0
436.0,-278.0,-227.0,525.0,224.0,200.0,158.0,-123.0,-1.0,924.0
374.0,-242.0,-235.0,602.0,237.0,282.0,51.0,-107.0,-25.0,1037.0
300.0,-239.0,-183.0,676.0,245.0,238.0,17.0,-123.0,-29.0,1153.0
241.0,-151.0,-142.0,684.0,230.0,150.0,26.0,-33.0,7.0,1267.0
192.0,-3.0,-96.0,685.0,195.0,214.0,76.0,-79.0,51.0,1387.0
117.0,96.0,-11.0,660.0,155.0,353.0,149.0,-129.0,99.0,1508.0
64.0,149.0,57.0,589.0,115.0,320.0,238.0,-208.0,148.0,1614.0
30.0,190.0,116.0,513.0,72.0,234.0,290.0,-227.0,215.0,1691.0
-1.0,172.0,241.0,438.0,25.0,302.0,312.0,-330.0,296.0,1738.0
-23.0,109.0,290.0,388.0,-10.0,336.0,293.0,-388.0,373.0,1738.0
-53.0,59.0,390.0,343.0,-20.0,276.0,199.0,-264.0,419.0,1659.0
-70.0,-9.0,484.0,317.0,-6.0,269.0,73.0,-269.0,445.0,1544.0
-78.0,-124.0,501.0,290.0,22.0,294.0,-84.0,-84.0,446.0,1386.0
-74.0,-261.0,595.0,238.0,54.0,250.0,-274.0,53.0,426.0,1189.0
-67.0,-451.0,611.0,202.0,70.0,158.0,-408.0,138.0,414.0,986.0
-38.0,-650.0,638.0,142.0,57.0,160.0,-348.0,291.0,380.0,759.0
0.0,-720.0,643.0,72.0,16.0,206.0,-292.0,279.0,339.0,560.0
31.0,-585.0,640.0,28.0,-36.0,141.0,-146.0,415.0,281.0,378.0
65.0,-273.0,613.0,-24.0,-84.0,29.0,-32.0,430.0,194.0,193.0
76.0,58.0,560.0,-44.0,-115.0,27.0,-66.0,376.0,113.0,66.0
94.0,280.0,549.0,-32.0,-125.0,47.0,84.0,369.0,37.0,-41.0
90.0,466.0,468.0,-13.0,-108.0,25.0,11.0,251.0,-28.0,-137.0
88.0,713.0,404.0,5.0,-74.0,-25.0,-123.0,195.0,-85.0,-199.0
80.0,927.0,345.0,24.0,-31.0,-140.0,-4.0,145.0,-154.0,-258.0
54.0,987.0,248.0,37.0,16.0,-221.0,-50.0,181.0,-231.0,-316.0
51.0,963.0,144.0,30.0,59.0,-277.0,-91.0,166.0,-301.0,-377.0
30.0,965.0,72.0,1.0,84.0,-294.0,-11.0,253.0,-359.0,-419.0
12.0,977.0,-25.0,-42.0,94.0,-229.0,-101.0,267.0,-410.0,-445.0
-11.0,970.0,-135.0,-77.0,93.0,-199.0,-111.0,153.0,-461.0,-467.0
-25.0,973.0,-189.0,-128.0,94.0,-230.0,-7.0,225.0,-504.0,-482.0
-50.0,995.0,-251.0,-142.0,96.0,-252.0,-21.0,116.0,-523.0,-495.0
-79.0,988.0,-310.0,-176.0,96.0,-231.0,-4.0,125.0,-532.0,-522.0
-102.0,946.0,-328.0,-244.0,99.0,-242.0,-46.0,114.0,-537.0,-567.0
-142.0,883.0,-325.0,-265.0,111.0,-274.0,-117.0,92.0,-510.0,-620.0
-142.0,767.0,-355.0,-268.0,128.0,-301.0,-146.0,206.0,-481.0,-673.0
-163.0,548.0,-333.0,-256.0,137.0,-359.0,-210.0,116.0,-462.0,-737.0
-182.0,243.0,-316.0,-274.0,123.0,-410.0,-228.0,223.0,-436.0,-783.0
-201.0,-17.0,-302.0,-252.0,94.0,-393.0,-168.0,275.0,-403.0,-787.0
-228.0,-190.0,-243.0,-238.0,53.0,-335.0,-110.0,330.0,-359.0,-767.0
-258.0,-359.0,-188.0,-282.0,-2.0,-457.0,-98.0,436.0,-299.0,-723.0
-299.0,-534.0,-107.0,-296.0,-59.0,-549.0,-61.0,373.0,-236.0,-651.0
-320.0,-661.0,-91.0,-306.0,-106.0,-336.0,-43.0,469.0,-153.0,-528.0
-365.0,-766.0,-22.0,-305.0,-141.0,-158.0,-43.0,388.0,-72.0,-377.0
-379.0,-848.0,29.0,-349.0,-168.0,-217.0,-14.0,330.0,5.0,-224.0
-395.0,-764.0,20.0,-391.0,-192.0,-323.0,-46.0,343.0,99.0,-50.0
-399.0,-497.0,79.0,-439.0,-207.0,-235.0,-83.0,247.0,166.0,117.0
-379.0,-255.0,48.0,-516.0,-210.0,-118.0,-76.0,253.0,229.0,274.0
-363.0,-184.0,71.0,-512.0,-209.0,-194.0,-53.0,194.0,300.0,406.0
-329.0,-231.0,89.0,-496.0,-215.0,-292.0,33.0,225.0,355.0,517.0
-316.0,-277.0,23.0,-515.0,-224.0,-270.0,155.0,192.0,392.0,602.0
-282.0,-230.0,54.0,-508.0,-226.0,-183.0,268.0,103.0,409.0,653.0
-265.0,-192.0,21.0,-477.0,-224.0,-171.0,289.0,29.0,401.0,687.0
-246.0,-333.0,-40.0,-425.0,-231.0,-140.0,213.0,-44.0,383.0,695.0
-231.0,-533.0,-46.0,-342.0,-244.0,-83.0,112.0,25.0,343.0,675.0
-239.0,-507.0,-50.0,-292.0,-246.0,-81.0,23.0,-79.0,282.0,628.0
-218.0,-230.0,-86.0,-266.0,-229.0,-95.0,-4.0,-46.0,225.0,556.0
-198.0,41.0,-71.0,-252.0,-192.0,-31.0,14.0,-70.0,143.0,460.0
-181.0,115.0,-25.0,-235.0,-145.0,50.0,48.0,-158.0,63.0,340.0
-169.0,13.0,-33.0,-182.0,-94.0,55.0,93.0,-29.0,-21.0,209.0
-157.0,-146.0,12.0,-125.0,-34.0,177.0,118.0,-110.0,-111.0,89.0
-139.0,-287.0,-27.0,-45.0,34.0,206.0,149.0,-92.0,-168.0,-41.0
-109.0,-351.0,-5.0,28.0,100.0,117.0,205.0,-110.0,-213.0,-188.0
-105.0,-295.0,46.0,85.0,148.0,60.0,212.0,-149.0,-235.0,-325.0
-93.0,-157.0,-62.0,134.0,174.0,20.0,195.0,-70.0,-259.0,-445.0
-66.0,-54.0,-16.0,217.0,178.0,70.0,191.0,-66.0,-272.0,-575.0
-43.0,-68.0,4.0,283.0,156.0,85.0,177.0,-60.0,-242.0,-702.0
-14.0,-93.0,-81.0,283.0,124.0,125.0,158.0,-147.0,-212.0,-782.0
1.0,-68.0,-59.0,288.0,97.0,116.0,124.0,-133.0,-177.0,-849.0
32.0,-68.0,-9.0,248.0,86.0,104.0,109.0,-134.0,-134.0,-889.0
60.0,-116.0,-41.0,187.0,102.0,144.0,104.0,-66.0,-99.0,-909.0
104.0,-309.0,-46.0,124.0,145.0,132.0,50.0,5.0,-66.0,-885.0
138.0,-681.0,-17.0,76.0,212.0,133.0,-15.0,-7.0,-11.0,-824.0
168.0,-915.0,-51.0,35.0,283.0,27.0,-58.0,75.0,68.0,-773.0
177.0,-771.0,-36.0,-17.0,338.0,-62.0,-109.0,-38.0,132.0,-693.0
202.0,-466.0,-9.0,-25.0,367.0,-31.0,-153.0,-73.0,181.0,-628.0
245.0,-254.0,39.0,-59.0,360.0,-12.0,-182.0,-97.0,204.0,-583.0
246.0,-164.0,57.0,-83.0,331.0,-48.0,-214.0,-145.0,218.0,-559.0
259.0,-88.0,56.0,-41.0,293.0,-58.0,-218.0,-181.0,229.0,-549.0
257.0,104.0,111.0,-10.0,256.0,83.0,-184.0,-308.0,219.0,-524.0
269.0,371.0,112.0,-12.0,215.0,194.0,-171.0,-149.0,197.0,-528.0
247.0,492.0,164.0,-14.0,171.0,191.0,-195.0,-35.0,159.0,-541.0
223.0,430.0,196.0,-44.0,129.0,183.0,-232.0,138.0,113.0,-526.0
196.0,400.0,187.0,-35.0,88.0,134.0,-292.0,291.0,80.0,-504.0
155.0,524.0,262.0,-18.0,46.0,92.0,-345.0,284.0,53.0,-460.0
123.0,716.0,219.0,-33.0,7.0,85.0,-398.0,467.0,31.0,-368.0
88.0,811.0,198.0,-50.0,-25.0,155.0,-478.0,430.0,5.0,-250.0
88.0,755.0,214.0,-124.0,-47.0,258.0,-542.0,478.0,-14.0,-108.0
77.0,657.0,102.0,-234.0,-57.0,147.0,-567.0,482.0,-15.0,24.0
86.0,567.0,99.0,-373.0,-64.0,-42.0,-540.0,301.0,1.0,145.0
55.0,403.0,54.0,-455.0,-68.0,-22.0,-497.0,334.0,35.0,254.0
50.0,136.0,-29.0,-493.0,-74.0,77.0,-459.0,230.0,94.0,280.0
52.0,-136.0,-48.0,-587.0,-86.0,109.0,-432.0,201.0,173.0,277.0
39.0,-326.0,-109.0,-659.0,-97.0,42.0,-434.0,153.0,244.0,269.0
46.0,-353.0,-147.0,-699.0,-109.0,6.0,-443.0,77.0,325.0,229.0
36.0,-239.0,-210.0,-723.0,-118.0,57.0,-479.0,127.0,398.0,171.0
53.0,-155.0,-239.0,-704.0,-126.0,-49.0,-534.0,120.0,462.0,112.0
50.0,-136.0,-272.0,-678.0,-136.0,-154.0,-587.0,184.0,510.0,94.0
63.0,-98.0,-319.0,-616.0,-156.0,-133.0,-633.0,131.0,524.0,72.0
42.0,-21.0,-313.0,-553.0,-189.0,-166.0,-659.0,206.0,540.0,78.0
31.0,157.0,-319.0,-484.0,-228.0,-249.0,-643.0,328.0,524.0,121.0
12.0,418.0,-344.0,-418.0,-259.0,-315.0,-595.0,362.0,477.0,161.0
-10.0,584.0,-384.0,-396.0,-276.0,-288.0,-568.0,465.0,418.0,208.0
-36.0,551.0,-376.0,-318.0,-278.0,-288.0,-580.0,339.0,346.0,230.0
-93.0,422.0,-376.0,-262.0,-277.0,-331.0,-638.0,293.0,267.0,235.0
-105.0,345.0,-402.0,-245.0,-279.0,-330.0,-685.0,225.0,185.0,217.0
-161.0,270.0,-389.0,-191.0,-277.0,-302.0,-712.0,149.0,129.0,154.0
-215.0,92.0,-385.0,-155.0,-267.0,-256.0,-747.0,149.0,79.0,82.0
-299.0,-217.0,-366.0,-131.0,-252.0,-184.0,-741.0,-14.0,20.0,3.0
-352.0,-633.0,-354.0,-89.0,-232.0,-68.0,-708.0,-22.0,-18.0,-95.0
-397.0,-1063.0,-337.0,-69.0,-198.0,-59.0,-636.0,-20.0,-50.0,-190.0
-462.0,-1362.0,-301.0,1.0,-151.0,-127.0,-557.0,-20.0,-76.0,-275.0
-490.0,-1396.0,-271.0,96.0,-84.0,-80.0,-503.0,-46.0,-90.0,-329.0
-506.0,-1216.0,-191.0,135.0,-9.0,-11.0,-460.0,-155.0,-85.0,-374.0
-465.0,-958.0,-116.0,191.0,59.0,-12.0,-454.0,-232.0,-75.0,-425.0
-468.0,-751.0,-60.0,230.0,110.0,-16.0,-478.0,-321.0,-93.0,-451.0
-441.0,-639.0,20.0,214.0,135.0,48.0,-531.0,-253.0,-114.0,-485.0
-401.0,-472.0,83.0,227.0,153.0,102.0,-578.0,-194.0,-122.0,-521.0
-371.0,-171.0,123.0,280.0,176.0,52.0,-615.0,-55.0,-137.0,-562.0
-339.0,145.0,219.0,281.0,196.0,92.0,-639.0,88.0,-156.0,-582.0
-330.0,361.0,274.0,266.0,210.0,258.0,-587.0,125.0,-186.0,-559.0
-299.0,484.0,298.0,259.0,223.0,326.0,-490.0,304.0,-215.0,-506.0
-277.0,601.0,390.0,213.0,240.0,280.0,-433.0,378.0,-251.0,-415.0
-255.0,739.0,398.0,190.0,247.0,233.0,-383.0,461.0,-302.0,-289.0
-253.0,848.0,421.0,169.0,221.0,271.0,-358.0,386.0,-355.0,-150.0
-242.0,906.0,474.0,119.0,167.0,323.0,-374.0,179.0,-428.0,-14.0
-253.0,916.0,445.0,89.0,110.0,275.0,-411.0,88.0,-496.0,135.0
-250.0,805.0,471.0,53.0,57.0,268.0,-512.0,-16.0,-560.0,277.0
-245.0,529.0,476.0,6.0,-2.0,308.0,-604.0,72.0,-608.0,386.0
-248.0,169.0,421.0,0.0,-67.0,194.0,-674.0,-24.0,-648.0,471.0
-230.0,-126.0,419.0,-27.0,-114.0,129.0,-717.0,-79.0,-710.0,539.0
-228.0,-303.0,386.0,-88.0,-130.0,224.0,-726.0,-84.0,-761.0,558.0
-225.0,-416.0,321.0,-154.0,-134.0,237.0,-688.0,-262.0,-800.0,549.0
-249.0,-407.0,323.0,-221.0,-138.0,185.0,-550.0,-168.0,-819.0,537.0
-232.0,-147.0,267.0,-283.0,-133.0,164.0,-388.0,-184.0,-821.0,503.0
-220.0,306.0,217.0,-314.0,-105.0,187.0,-244.0,-101.0,-785.0,454.0
-196.0,697.0,231.0,-331.0,-67.0,127.0,-179.0,-27.0,-732.0,382.0
-155.0,839.0,172.0,-345.0,-36.0,-22.0,-187.0,-94.0,-671.0,320.0
-118.0,729.0,173.0,-321.0,-16.0,-95.0,-210.0,-94.0,-570.0,250.0
-87.0,434.0,174.0,-284.0,-2.0,-123.0,-250.0,-247.0,-465.0,169.0
-81.0,105.0,139.0,-251.0,11.0,-99.0,-305.0,-116.0,-345.0,92.0
-33.0,-105.0,171.0,-236.0,19.0,-83.0,-341.0,25.0,-218.0,33.0
-14.0,-205.0,175.0,-181.0,13.0,-132.0,-305.0,144.0,-95.0,-18.0
23.0,-275.0,170.0,-101.0,-4.0,-161.0,-237.0,325.0,12.0,-88.0
59.0,-372.0,174.0,-72.0,-23.0,-143.0,-165.0,382.0,96.0,-127.0
117.0,-440.0,166.0,-62.0,-41.0,-50.0,-121.0,487.0,166.0,-159.0
186.0,-414.0,139.0,-41.0,-56.0,21.0,-115.0,391.0,227.0,-207.0
217.0,-391.0,124.0,20.0,-61.0,7.0,-119.0,360.0,292.0,-273.0
264.0,-448.0,107.0,65.0,-66.0,-113.0,-144.0,256.0,368.0,-319.0
296.0,-533.0,82.0,100.0,-72.0,-191.0,-181.0,29.0,440.0,-364.0
338.0,-540.0,77.0,130.0,-67.0,-131.0,-209.0,-16.0,480.0,-428.0
338.0,-492.0,73.0,129.0,-41.0,-130.0,-218.0,-164.0,492.0,-460.0
351.0,-497.0,37.0,111.0,-1.0,-95.0,-211.0,-192.0,519.0,-478.0
354.0,-544.0,49.0,62.0,21.0,-14.0,-209.0,-206.0,553.0,-504.0
332.0,-556.0,81.0,10.0,29.0,58.0,-223.0,-256.0,567.0,-550.0
320.0,-453.0,62.0,-17.0,38.0,33.0,-212.0,-240.0,576.0,-590.0
293.0,-209.0,123.0,-32.0,55.0,-90.0,-201.0,-238.0,583.0,-619.0
260.0,144.0,153.0,-55.0,72.0,-69.0,-174.0,-168.0,573.0,-658.0
199.0,451.0,142.0,-62.0,81.0,-54.0,-90.0,-136.0,549.0,-676.0
174.0,539.0,146.0,-112.0,76.0,-89.0,7.0,68.0,537.0,-669.0
127.0,459.0,145.0,-176.0,57.0,-93.0,73.0,134.0,518.0,-669.0
64.0,361.0,128.0,-212.0,36.0,-69.0,118.0,72.0,484.0,-670.0
22.0,254.0,105.0,-276.0,25.0,-95.0,148.0,20.0,444.0,-660.0
-18.0,97.0,129.0,-303.0,32.0,-200.0,153.0,-223.0,376.0,-639.0
-38.0,-32.0,88.0,-314.0,43.0,-191.0,180.0,-308.0,301.0,-625.0
-57.0,-112.0,72.0,-290.0,42.0,-123.0,196.0,-487.0,224.0,-612.0
-81.0,-267.0,64.0,-225.0,31.0,-160.0,176.0,-543.0,125.0,-571.0
-102.0,-454.0,17.0,-158.0,18.0,-294.0,148.0,-471.0,10.0,-531.0
-103.0,-424.0,17.0,-81.0,7.0,-256.0,98.0,-513.0,-114.0,-503.0
-100.0,-209.0,-39.0,-54.0,-3.0,-127.0,61.0,-424.0,-268.0,-478.0
-103.0,-2.0,-116.0,-40.0,-25.0,-134.0,44.0,-541.0,-404.0,-434.0
-111.0,221.0,-127.0,-7.0,-54.0,-208.0,32.0,-663.0,-505.0,-406.0
-118.0,447.0,-174.0,-1.0,-69.0,-246.0,43.0,-761.0,-604.0,-392.0
-133.0,549.0,-186.0,-8.0,-72.0,-230.0,85.0,-886.0,-655.0,-362.0
-158.0,498.0,-144.0,-2.0,-85.0,-290.0,152.0,-875.0,-668.0,-354.0
-192.0,374.0,-130.0,-21.0,-120.0,-276.0,202.0,-825.0,-637.0,-346.0
-227.0,322.0,-81.0,-13.0,-166.0,-247.0,232.0,-626.0,-541.0,-348.0
-252.0,411.0,-44.0,22.0,-207.0,-278.0,235.0,-480.0,-441.0,-340.0
-283.0,557.0,8.0,15.0,-232.0,-320.0,210.0,-266.0,-343.0,-321.0
-312.0,675.0,55.0,19.0,-221.0,-273.0,188.0,-116.0,-228.0,-317.0
-337.0,755.0,108.0,48.0,-182.0,-114.0,176.0,-81.0,-114.0,-297.0
-339.0,840.0,117.0,111.0,-134.0,-227.0,166.0,73.0,-2.0,-259.0
-347.0,985.0,156.0,159.0,-82.0,-353.0,161.0,77.0,118.0,-215.0
-355.0,1094.0,197.0,186.0,-29.0,-278.0,183.0,84.0,232.0,-172.0
-341.0,1049.0,149.0,221.0,27.0,-156.0,250.0,-46.0,339.0,-122.0
-313.0,863.0,229.0,211.0,86.0,-139.0,352.0,-145.0,452.0,-63.0
-271.0,645.0,233.0,204.0,133.0,-265.0,444.0,-129.0,560.0,-26.0
-248.0,527.0,249.0,201.0,161.0,-255.0,476.0,-208.0,655.0,-5.0
-190.0,454.0,305.0,176.0,185.0,-208.0,469.0,-138.0,726.0,37.0
-125.0,220.0,279.0,110.0,207.0,-175.0,450.0,-256.0,776.0,61.0
-80.0,-213.0,327.0,29.0,210.0,-144.0,425.0,-323.0,793.0,53.0
-48.0,-595.0,314.0,-34.0,190.0,-145.0,406.0,-264.0,781.0,31.0
0.0,-748.0,309.0,-94.0,160.0,-196.0,405.0,-275.0,755.0,16.0
75.0,-759.0,317.0,-107.0,133.0,-267.0,407.0,-169.0,706.0,0.0
127.0,-680.0,265.0,-121.0,116.0,-171.0,437.0,-140.0,645.0,-46.0
183.0,-507.0,249.0,-124.0,112.0,-107.0,501.0,-49.0,543.0,-47.0
209.0,-237.0,204.0,-114.0,129.0,-102.0,543.0,11.0,418.0,-28.0
250.0,22.0,172.0,-119.0,169.0,-114.0,550.0,127.0,291.0,-15.0
305.0,105.0,139.0,-147.0,214.0,-106.0,534.0,332.0,152.0,16.0
334.0,84.0,81.0,-212.0,239.0,0.0,497.0,439.0,30.0,74.0
369.0,162.0,22.0,-266.0,229.0,54.0,469.0,587.0,-84.0,144.0
384.0,267.0,-49.0,-312.0,188.0,107.0,453.0,604.0,-173.0,196.0
388.0,120.0,-79.0,-346.0,119.0,98.0,465.0,642.0,-242.0,271.0
390.0,-331.0,-169.0,-359.0,31.0,62.0,506.0,537.0,-313.0,372.0
408.0,-815.0,-203.0,-366.0,-53.0,39.0,531.0,288.0,-369.0,465.0
415.0,-1031.0,-228.0,-375.0,-126.0,17.0,576.0,157.0,-398.0,548.0
426.0,-980.0,-300.0,-382.0,-184.0,22.0,610.0,-107.0,-414.0,633.0
445.0,-849.0,-318.0,-373.0,-225.0,-50.0,615.0,-245.0,-437.0,702.0
469.0,-688.0,-343.0,-329.0,-248.0,-115.0,632.0,-328.0,-438.0,718.0
501.0,-427.0,-390.0,-277.0,-252.0,-79.0,648.0,-290.0,-427.0,699.0
523.0,-21.0,-448.0,-239.0,-253.0,8.0,677.0,-70.0,-410.0,662.0
548.0,427.0,-452.0,-213.0,-263.0,-30.0,706.0,48.0,-362.0,596.0
555.0,710.0,-491.0,-209.0,-275.0,-12.0,742.0,277.0,-320.0,490.0
556.0,779.0,-523.0,-173.0,-269.0,31.0,752.0,445.0,-282.0,387.0
553.0,687.0,-499.0,-116.0,-247.0,-65.0,761.0,576.0,-241.0,280.0
535.0,416.0,-478.0,-89.0,-227.0,-125.0,802.0,646.0,-222.0,160.0
499.0,132.0,-466.0,-34.0,-216.0,-150.0,790.0,654.0,-195.0,55.0
456.0,166.0,-413.0,3.0,-207.0,-73.0,755.0,718.0,-193.0,-48.0
405.0,461.0,-345.0,13.0,-193.0,-99.0,721.0,652.0,-227.0,-132.0
351.0,611.0,-261.0,46.0,-179.0,-160.0,671.0,578.0,-252.0,-224.0
307.0,436.0,-179.0,79.0,-172.0,-105.0,620.0,306.0,-274.0,-318.0
239.0,163.0,-107.0,146.0,-164.0,-20.0,550.0,18.0,-264.0,-378.0
198.0,131.0,35.0,197.0,-143.0,68.0,478.0,-147.0,-247.0,-438.0
150.0,335.0,121.0,246.0,-103.0,9.0,448.0,-236.0,-242.0,-480.0
80.0,470.0,242.0,278.0,-43.0,10.0,472.0,-136.0,-223.0,-495.0
27.0,378.0,344.0,224.0,42.0,-27.0,514.0,-158.0,-175.0,-479.0
-29.0,105.0,448.0,171.0,141.0,-127.0,549.0,-5.0,-105.0,-450.0
-70.0,-183.0,544.0,139.0,223.0,-122.0,555.0,22.0,-38.0,-420.0
-132.0,-352.0,574.0,86.0,264.0,-116.0,563.0,-140.0,45.0,-365.0
-207.0,-455.0,675.0,72.0,278.0,-68.0,581.0,-60.0,120.0,-307.0
-270.0,-549.0,651.0,94.0,281.0,-67.0,577.0,-68.0,174.0,-262.0
-331.0,-563.0,656.0,82.0,257.0,-4.0,523.0,77.0,242.0,-224.0
-376.0,-382.0,644.0,86.0,187.0,123.0,382.0,173.0,300.0,-177.0
-431.0,9.0,580.0,85.0,99.0,166.0,264.0,218.0,346.0,-141.0
-478.0,506.0,576.0,124.0,41.0,210.0,230.0,214.0,404.0,-130.0
-513.0,892.0,508.0,172.0,13.0,277.0,246.0,110.0,450.0,-109.0
-549.0,905.0,496.0,179.0,-14.0,294.0,296.0,186.0,486.0,-82.0
-568.0,535.0,450.0,183.0,-45.0,196.0,342.0,22.0,518.0,-89.0
-590.0,27.0,391.0,182.0,-50.0,82.0,372.0,27.0,531.0,-91.0
-609.0,-416.0,368.0,180.0,-27.0,33.0,369.0,11.0,533.0,-89.0
-625.0,-728.0,301.0,152.0,-12.0,33.0,343.0,-70.0,536.0,-117.0
-633.0,-929.0,278.0,138.0,-24.0,49.0,285.0,145.0,535.0,-145.0
-651.0,-1000.0,273.0,100.0,-35.0,108.0,196.0,164.0,524.0,-171.0
-666.0,-889.0,240.0,57.0,-35.0,175.0,59.0,319.0,507.0,-181.0
-659.0,-683.0,215.0,-6.0,-51.0,205.0,-95.0,417.0,477.0,-190.0
-656.0,-525.0,209.0,-83.0,-97.0,304.0,-180.0,437.0,459.0,-215.0
-647.0,-393.0,188.0,-103.0,-140.0,398.0,-179.0,532.0,449.0,-222.0
-636.0,-176.0,189.0,-122.0,-167.0,400.0,-81.0,515.0,443.0,-240.0
-610.0,236.0,208.0,-125.0,-193.0,319.0,-3.0,561.0,443.0,-263.0
-563.0,902.0,200.0,-142.0,-215.0,249.0,44.0,421.0,414.0,-260.0
-514.0,1542.0,186.0,-134.0,-195.0,238.0,78.0,382.0,395.0,-245.0
-443.0,1730.0,187.0,-88.0,-123.0,205.0,81.0,315.0,376.0,-225.0
-353.0,1527.0,149.0,-54.0,-42.0,128.0,93.0,179.0,338.0,-203.0
-280.0,1299.0,121.0,-31.0,5.0,93.0,51.0,190.0,311.0,-169.0
-188.0,1056.0,100.0,12.0,31.0,148.0,-5.0,42.0,270.0,-145.0
-72.0,623.0,30.0,77.0,49.0,103.0,-86.0,149.0,234.0,-131.0
34.0,100.0,0.0,102.0,53.0,35.0,-191.0,339.0,187.0,-134.0
150.0,-304.0,-57.0,117.0,39.0,94.0,-262.0,426.0,125.0,-149.0
245.0,-574.0,-122.0,153.0,17.0,133.0,-269.0,552.0,54.0,-194.0
344.0,-686.0,-143.0,204.0,-9.0,74.0,-243.0,615.0,-21.0,-287.0
440.0,-635.0,-211.0,253.0,-43.0,-4.0,-241.0,689.0,-81.0,-377.0
530.0,-624.0,-284.0,318.0,-57.0,31.0,-239.0,602.0,-152.0,-491.0
622.0,-725.0,-296.0,380.0,-23.0,65.0,-274.0,578.0,-214.0,-637.0
681.0,-787.0,-343.0,380.0,57.0,50.0,-319.0,519.0,-257.0,-780.0
733.0,-785.0,-383.0,326.0,135.0,71.0,-380.0,460.0,-301.0,-888.0
762.0,-764.0,-375.0,244.0,183.0,90.0,-405.0,413.0,-323.0,-975.0
775.0,-658.0,-396.0,135.0,209.0,83.0,-384.0,138.0,-315.0,-1033.0
772.0,-453.0,-382.0,33.0,213.0,58.0,-379.0,123.0,-299.0,-1044.0
754.0,-275.0,-360.0,-79.0,202.0,83.0,-321.0,72.0,-271.0,-1035.0
721.0,-199.0,-361.0,-182.0,176.0,25.0,-228.0,107.0,-232.0,-995.0
673.0,-84.0,-339.0,-259.0,139.0,-105.0,-107.0,304.0,-206.0,-938.0
610.0,142.0,-305.0,-325.0,107.0,-159.0,-24.0,284.0,-155.0,-866.0
533.0,358.0,-279.0,-340.0,82.0,-181.0,4.0,456.0,-92.0,-773.0
459.0,591.0,-264.0,-339.0,59.0,-126.0,1.0,443.0,-33.0,-659.0
387.0,837.0,-227.0,-322.0,46.0,-99.0,-33.0,402.0,31.0,-542.0
320.0,906.0,-227.0,-287.0,46.0,-148.0,-69.0,419.0,67.0,-396.0
240.0,850.0,-247.0,-240.0,54.0,-131.0,-139.0,339.0,81.0,-211.0
169.0,874.0,-240.0,-201.0,79.0,-87.0,-178.0,480.0,96.0,-46.0
98.0,950.0,-273.0,-149.0,110.0,-144.0,-170.0,415.0,108.0,126.0
32.0,881.0,-277.0,-62.0,112.0,-137.0,-151.0,349.0,120.0,293.0
-16.0,551.0,-283.0,8.0,70.0,-54.0,-108.0,247.0,139.0,423.0
-73.0,109.0,-282.0,107.0,10.0,-129.0,-43.0,127.0,157.0,523.0
-110.0,-172.0,-246.0,193.0,-37.0,-176.0,3.0,83.0,176.0,585.0
-122.0,-195.0,-234.0,266.0,-65.0,-113.0,6.0,-44.0,202.0,604.0
-146.0,-134.0,-175.0,332.0,-85.0,-108.0,17.0,-27.0,238.0,583.0
-168.0,-234.0,-120.0,342.0,-109.0,-200.0,20.0,-88.0,253.0,545.0
-167.0,-485.0,-33.0,381.0,-129.0,-225.0,-11.0,-62.0,262.0,493.0
-167.0,-619.0,53.0,378.0,-134.0,-147.0,-49.0,-90.0,284.0,433.0
-152.0,-493.0,128.0,331.0,-113.0,-93.0,-67.0,-147.0,294.0,344.0
-147.0,-360.0,248.0,291.0,-65.0,-64.0,-53.0,-94.0,297.0,256.0
-120.0,-384.0,320.0,244.0,-18.0,-70.0,-43.0,-173.0,300.0,169.0
-79.0,-397.0,424.0,253.0,11.0,-6.0,-43.0,-151.0,302.0,54.0
-56.0,-402.0,503.0,247.0,16.0,-17.0,-65.0,-227.0,300.0,-52.0
-34.0,-527.0,580.0,228.0,-4.0,-35.0,-81.0,-175.0,302.0,-151.0
-7.0,-607.0,622.0,217.0,-36.0,67.0,-87.0,-7.0,308.0,-247.0
12.0,-455.0,635.0,225.0,-62.0,104.0,-122.0,3.0,308.0,-340.0
-1.0,-233.0,701.0,258.0,-60.0,133.0,-157.0,171.0,312.0,-412.0
3.0,-190.0,642.0,300.0,-36.0,116.0,-192.0,251.0,305.0,-461.0
-1.0,-321.0,647.0,349.0,-7.0,112.0,-226.0,356.0,306.0,-491.0
-16.0,-340.0,641.0,389.0,29.0,70.0,-239.0,356.0,308.0,-507.0
-31.0,-224.0,570.0,449.0,83.0,-13.0,-241.0,242.0,322.0,-514.0
-46.0,-336.0,566.0,497.0,148.0,49.0,-210.0,299.0,363.0,-494.0
-52.0,-681.0,508.0,563.0,200.0,223.0,-135.0,181.0,402.0,-491.0
-64.0,-950.0,453.0,635.0,239.0,235.0,-86.0,107.0,463.0,-525.0
-58.0,-972.0,380.0,709.0,287.0,2.0,-99.0,29.0,528.0,-544.0
-50.0,-711.0,321.0,736.0,348.0,-66.0,-168.0,31.0,594.0,-574.0
-27.0,-319.0,226.0,716.0,389.0,-9.0,-253.0,125.0,677.0,-624.0
-21.0,32.0,151.0,717.0,384.0,64.0,-306.0,157.0,740.0,-661.0
-8.0,408.0,88.0,675.0,349.0,160.0,-387.0,301.0,790.0,-698.0
0.0,811.0,-45.0,632.0,309.0,223.0,-477.0,290.0,821.0,-726.0
8.0,1080.0,-75.0,545.0,270.0,194.0,-503.0,356.0,837.0,-779.0
26.0,1213.0,-155.0,425.0,222.0,98.0,-484.0,369.0,848.0,-845.0
45.0,1279.0,-247.0,306.0,177.0,175.0,-420.0,319.0,840.0,-867.0
77.0,1186.0,-250.0,177.0,152.0,273.0,-308.0,395.0,834.0,-892.0
89.0,938.0,-315.0,78.0,136.0,325.0,-207.0,327.0,815.0,-903.0
117.0,761.0,-350.0,10.0,101.0,301.0,-148.0,371.0,758.0,-864.0
138.0,658.0,-345.0,-40.0,40.0,269.0,-84.0,332.0,672.0,-797.0
157.0,401.0,-363.0,-106.0,-22.0,284.0,-39.0,238.0,570.0,-714.0
157.0,35.0,-360.0,-147.0,-63.0,244.0,-59.0,147.0,445.0,-622.0
149.0,-140.0,-348.0,-229.0,-96.0,230.0,-98.0,14.0,309.0,-492.0
177.0,27.0,-334.0,-325.0,-138.0,200.0,-143.0,12.0,166.0,-360.0
204.0,395.0,-284.0,-354.0,-182.0,271.0,-169.0,-64.0,4.0,-247.0
236.0,626.0,-225.0,-386.0,-206.0,328.0,-145.0,3.0,-145.0,-129.0
250.0,552.0,-186.0,-414.0,-204.0,300.0,-91.0,-7.0,-288.0,-1.0
274.0,256.0,-139.0,-431.0,-205.0,332.0,-27.0,-68.0,-433.0,127.0
286.0,-207.0,-85.0,-443.0,-235.0,323.0,-9.0,-66.0,-582.0,248.0
279.0,-714.0,-60.0,-463.0,-288.0,262.0,-57.0,-208.0,-709.0,386.0
256.0,-1105.0,-34.0,-451.0,-340.0,197.0,-116.0,-110.0,-815.0,508.0
214.0,-1451.0,20.0,-405.0,-378.0,235.0,-173.0,-86.0,-926.0,604.0
212.0,-1734.0,42.0,-371.0,-407.0,186.0,-232.0,-48.0,-1010.0,672.0
191.0,-1726.0,52.0,-352.0,-414.0,57.0,-251.0,62.0,-1077.0,736.0
142.0,-1389.0,76.0,-328.0,-399.0,117.0,-232.0,81.0,-1128.0,787.0
118.0,-894.0,78.0,-264.0,-378.0,132.0,-196.0,136.0,-1173.0,788.0
104.0,-459.0,94.0,-197.0,-363.0,102.0,-131.0,-3.0,-1203.0,810.0
68.0,-354.0,90.0,-129.0,-345.0,112.0,-32.0,-25.0,-1199.0,819.0
32.0,-598.0,102.0,-57.0,-313.0,128.0,52.0,-60.0,-1177.0,792.0
13.0,-785.0,130.0,-27.0,-272.0,166.0,121.0,-84.0,-1125.0,730.0
-25.0,-654.0,136.0,18.0,-217.0,129.0,181.0,-73.0,-1038.0,654.0
-50.0,-399.0,190.0,108.0,-152.0,204.0,199.0,-201.0,-939.0,580.0
-70.0,-218.0,212.0,169.0,-81.0,317.0,211.0,-131.0,-833.0,468.0
-93.0,-169.0,264.0,220.0,-15.0,254.0,213.0,-221.0,-714.0,372.0
-106.0,-188.0,328.0,258.0,42.0,216.0,188.0,-306.0,-586.0,278.0
-99.0,-203.0,356.0,251.0,97.0,227.0,155.0,-275.0,-452.0,181.0
-77.0,-279.0,418.0,223.0,140.0,274.0,111.0,-312.0,-342.0,81.0
-70.0,-349.0,446.0,240.0,148.0,304.0,53.0,-184.0,-254.0,-8.0
-53.0,-204.0,456.0,280.0,116.0,235.0,-12.0,-92.0,-169.0,-84.0
-46.0,110.0,472.0,294.0,69.0,234.0,-70.0,94.0,-102.0,-168.0
-53.0,354.0,484.0,343.0,28.0,230.0,-139.0,242.0,-44.0,-244.0
-78.0,447.0,435.0,376.0,-1.0,161.0,-179.0,373.0,9.0,-295.0
-103.0,446.0,421.0,364.0,-21.0,136.0,-165.0,476.0,59.0,-301.0
-115.0,516.0,397.0,400.0,-39.0,239.0,-105.0,367.0,100.0,-316.0
-130.0,724.0,323.0,476.0,-63.0,383.0,0.0,384.0,140.0,-296.0
-148.0,734.0,302.0,500.0,-95.0,381.0,74.0,236.0,186.0,-242.0
-183.0,388.0,215.0,538.0,-136.0,307.0,82.0,105.0,216.0,-201.0
-189.0,106.0,167.0,591.0,-183.0,248.0,54.0,-36.0,228.0,-155.0
-187.0,133.0,116.0,611.0,-232.0,221.0,24.0,-227.0,248.0,-120.0
-202.0,159.0,19.0,629.0,-282.0,161.0,10.0,-223.0,274.0,-90.0
-198.0,12.0,-18.0,679.0,-322.0,152.0,22.0,-273.0,283.0,-82.0
-184.0,-7.0,-77.0,741.0,-356.0,214.0,32.0,-133.0,291.0,-89.0
-166.0,288.0,-132.0,761.0,-396.0,169.0,27.0,-101.0,299.0,-86.0
-135.0,624.0,-168.0,754.0,-432.0,127.0,15.0,5.0,301.0,-92.0
-111.0,823.0,-208.0,699.0,-449.0,95.0,4.0,147.0,305.0,-109.0
-95.0,997.0,-238.0,624.0,-431.0,31.0,7.0,114.0,322.0,-127.0
-73.0,1093.0,-232.0,523.0,-389.0,-9.0,27.0,242.0,356.0,-151.0
-40.0,991.0,-239.0,422.0,-344.0,75.0,67.0,147.0,394.0,-172.0
12.0,831.0,-235.0,321.0,-310.0,181.0,105.0,157.0,457.0,-211.0
59.0,737.0,-204.0,253.0,-286.0,83.0,123.0,138.0,529.0,-240.0
109.0,518.0,-199.0,224.0,-239.0,22.0,151.0,-9.0,589.0,-260.0
167.0,86.0,-185.0,175.0,-171.0,31.0,185.0,14.0,630.0,-310.0
222.0,-279.0,-160.0,192.0,-113.0,12.0,190.0,-94.0,654.0,-342.0
282.0,-354.0,-158.0,214.0,-84.0,31.0,143.0,-46.0,659.0,-369.0
348.0,-225.0,-161.0,256.0,-80.0,-26.0,72.0,-59.0,628.0,-405.0
436.0,-117.0,-174.0,339.0,-78.0,4.0,36.0,-201.0,584.0,-460.0
495.0,-172.0,-202.0,370.0,-83.0,62.0,15.0,-164.0,515.0,-523.0
533.0,-388.0,-254.0,376.0,-90.0,37.0,21.0,-205.0,448.0,-567.0
566.0,-660.0,-331.0,385.0,-70.0,45.0,29.0,-290.0,389.0,-623.0
569.0,-1008.0,-354.0,349.0,-4.0,-45.0,21.0,-328.0,332.0,-687.0
544.0,-1482.0,-415.0,340.0,94.0,-147.0,58.0,-277.0,287.0,-738.0
494.0,-1820.0,-482.0,359.0,181.0,-259.0,96.0,-210.0,237.0,-782.0
453.0,-1776.0,-476.0,335.0,244.0,-238.0,127.0,-36.0,199.0,-839.0
398.0,-1431.0,-523.0,321.0,304.0,-61.0,125.0,114.0,175.0,-888.0
340.0,-922.0,-565.0,268.0,359.0,-17.0,76.0,157.0,153.0,-917.0
285.0,-310.0,-532.0,231.0,397.0,-12.0,49.0,290.0,143.0,-940.0
216.0,336.0,-524.0,205.0,425.0,40.0,59.0,251.0,144.0,-957.0
153.0,855.0,-524.0,166.0,459.0,136.0,98.0,352.0,155.0,-956.0
98.0,1091.0,-467.0,150.0,486.0,68.0,112.0,382.0,187.0,-926.0
49.0,1120.0,-426.0,94.0,479.0,-56.0,103.0,258.0,211.0,-894.0
1.0,1101.0,-368.0,20.0,443.0,-58.0,104.0,208.0,228.0,-851.0
-42.0,1005.0,-289.0,-48.0,429.0,-121.0,96.0,-94.0,258.0,-783.0
-82.0,884.0,-210.0,-110.0,452.0,-224.0,106.0,-133.0,248.0,-709.0
-104.0,957.0,-136.0,-166.0,478.0,-217.0,146.0,-188.0,240.0,-646.0
-134.0,1144.0,-90.0,-170.0,484.0,-64.0,169.0,-282.0,251.0,-578.0
-170.0,1211.0,-40.0,-189.0,470.0,7.0,133.0,-251.0,246.0,-514.0
-209.0,1150.0,4.0,-239.0,442.0,12.0,77.0,-367.0,249.0,-473.0
-233.0,1042.0,58.0,-249.0,394.0,38.0,65.0,-162.0,243.0,-447.0
-243.0,870.0,102.0,-280.0,325.0,40.0,92.0,-36.0,251.0,-422.0
-260.0,557.0,127.0,-298.0,246.0,85.0,128.0,-29.0,257.0,-370.0
-268.0,13.0,130.0,-265.0,156.0,100.0,134.0,16.0,221.0,-330.0
-289.0,-766.0,143.0,-251.0,55.0,129.0,118.0,-42.0,161.0,-287.0
-284.0,-1518.0,138.0,-280.0,-46.0,216.0,70.0,-1.0,70.0,-222.0
-284.0,-1941.0,91.0,-271.0,-125.0,299.0,-11.0,-27.0,-39.0,-151.0
-281.0,-2023.0,77.0,-238.0,-155.0,363.0,-59.0,-29.0,-175.0,-63.0
-282.0,-1820.0,33.0,-210.0,-140.0,371.0,-58.0,-44.0,-322.0,0.0
-268.0,-1318.0,-22.0,-150.0,-97.0,315.0,-16.0,-27.0,-457.0,68.0
-229.0,-631.0,-69.0,-127.0,-42.0,227.0,74.0,-42.0,-594.0,132.0
-225.0,98.0,-139.0,-85.0,1.0,228.0,168.0,-168.0,-725.0,157.0
-195.0,879.0,-187.0,-14.0,26.0,307.0,229.0,-42.0,-826.0,199.0
-182.0,1629.0,-254.0,48.0,38.0,298.0,264.0,-7.0,-883.0,250.0
-171.0,2024.0,-297.0,131.0,35.0,246.0,255.0,20.0,-905.0,314.0
-136.0,1873.0,-328.0,169.0,26.0,327.0,219.0,77.0,-886.0,394.0
-95.0,1432.0,-372.0,200.0,23.0,413.0,200.0,38.0,-838.0,494.0
-51.0,1136.0,-364.0,235.0,24.0,362.0,205.0,64.0,-771.0,604.0
-9.0,1134.0,-383.0,263.0,19.0,333.0,232.0,-36.0,-671.0,673.0
41.0,1236.0,-396.0,289.0,9.0,371.0,269.0,-33.0,-547.0,737.0
80.0,1271.0,-391.0,295.0,17.0,361.0,253.0,-72.0,-399.0,782.0
131.0,1116.0,-396.0,311.0,62.0,282.0,188.0,-99.0,-257.0,790.0
165.0,696.0,-386.0,286.0,118.0,226.0,107.0,-116.0,-140.0,775.0
200.0,286.0,-370.0,252.0,152.0,155.0,35.0,-256.0,-27.0,739.0
234.0,88.0,-346.0,235.0,149.0,137.0,10.0,-205.0,60.0,705.0
239.0,-133.0,-308.0,224.0,122.0,196.0,23.0,-166.0,130.0,651.0
239.0,-333.0,-243.0,217.0,86.0,154.0,60.0,-36.0,179.0,594.0
226.0,-182.0,-213.0,203.0,40.0,63.0,67.0,29.0,188.0,552.0
216.0,266.0,-154.0,166.0,-30.0,-4.0,53.0,14.0,161.0,514.0
173.0,711.0,-78.0,104.0,-112.0,24.0,71.0,7.0,110.0,482.0
123.0,896.0,-42.0,54.0,-169.0,109.0,106.0,-83.0,40.0,453.0
84.0,669.0,14.0,-11.0,-198.0,88.0,110.0,-20.0,-45.0,446.0
49.0,79.0,71.0,-86.0,-208.0,-87.0,49.0,-81.0,-115.0,427.0
2.0,-625.0,134.0,-167.0,-195.0,-146.0,-24.0,1.0,-149.0,399.0
-36.0,-1158.0,182.0,-227.0,-161.0,-14.0,-57.0,73.0,-174.0,380.0
-57.0,-1326.0,234.0,-304.0,-131.0,-16.0,-27.0,-9.0,-189.0,338.0
-79.0,-1164.0,264.0,-409.0,-142.0,-176.0,20.0,16.0,-184.0,266.0
-91.0,-943.0,266.0,-498.0,-189.0,-330.0,46.0,-221.0,-175.0,168.0
-109.0,-970.0,269.0,-571.0,-239.0,-326.0,57.0,-206.0,-169.0,86.0
-103.0,-1397.0,225.0,-657.0,-267.0,-326.0,48.0,-153.0,-161.0,18.0
-97.0,-1952.0,179.0,-718.0,-262.0,-384.0,21.0,-162.0,-163.0,-55.0
-80.0,-2177.0,137.0,-727.0,-214.0,-300.0,-28.0,31.0,-161.0,-97.0
-55.0,-1971.0,94.0,-734.0,-136.0,-185.0,-79.0,-29.0,-141.0,-111.0
-31.0,-1515.0,25.0,-693.0,-68.0,-237.0,-113.0,40.0,-127.0,-127.0
5.0,-904.0,-33.0,-638.0,-51.0,-377.0,-130.0,77.0,-109.0,-141.0
20.0,-242.0,-65.0,-571.0,-84.0,-408.0,-140.0,99.0,-74.0,-149.0
36.0,285.0,-120.0,-493.0,-119.0,-361.0,-115.0,199.0,-44.0,-172.0
40.0,651.0,-145.0,-406.0,-127.0,-367.0,-92.0,240.0,-17.0,-187.0
53.0,925.0,-177.0,-279.0,-122.0,-427.0,-107.0,317.0,5.0,-191.0
58.0,1099.0,-215.0,-167.0,-129.0,-444.0,-145.0,110.0,28.0,-174.0
56.0,1106.0,-241.0,-36.0,-147.0,-439.0,-199.0,79.0,58.0,-134.0
45.0,968.0,-264.0,83.0,-151.0,-416.0,-209.0,24.0,99.0,-95.0
9.0,905.0,-274.0,228.0,-149.0,-334.0,-230.0,-81.0,132.0,-49.0
-12.0,1087.0,-293.0,429.0,-176.0,-255.0,-251.0,94.0,161.0,0.0
-53.0,1368.0,-302.0,570.0,-237.0,-257.0,-250.0,134.0,181.0,40.0
-92.0,1516.0,-301.0,688.0,-273.0,-229.0,-277.0,219.0,198.0,76.0
-135.0,1468.0,-301.0,809.0,-229.0,-117.0,-288.0,199.0,225.0,121.0
-172.0,1255.0,-326.0,865.0,-122.0,-124.0,-275.0,97.0,253.0,146.0
-193.0,964.0,-335.0,878.0,-19.0,-181.0,-213.0,35.0,303.0,158.0
-200.0,711.0,-331.0,882.0,60.0,-150.0,-151.0,29.0,368.0,187.0
-204.0,475.0,-352.0,856.0,142.0,-54.0,-105.0,55.0,429.0,228.0
-217.0,171.0,-369.0,789.0,232.0,0.0,-73.0,-16.0,489.0,261.0
-203.0,-17.0,-407.0,684.0,322.0,3.0,-57.0,99.0,552.0,283.0
-217.0,101.0,-426.0,542.0,388.0,118.0,-28.0,121.0,593.0,328.0
-245.0,296.0,-470.0,409.0,411.0,228.0,-29.0,205.0,620.0,369.0
-260.0,291.0,-507.0,286.0,407.0,191.0,-48.0,363.0,616.0,398.0
-267.0,94.0,-487.0,176.0,394.0,135.0,-96.0,273.0,592.0,422.0
-274.0,-176.0,-524.0,103.0,393.0,217.0,-124.0,197.0,574.0,421.0
-295.0,-478.0,-533.0,33.0,417.0,417.0,-149.0,27.0,516.0,398.0
-293.0,-757.0,-521.0,-30.0,444.0,463.0,-174.0,-57.0,480.0,325.0
-291.0,-935.0,-555.0,-110.0,448.0,363.0,-159.0,-131.0,443.0,215.0
-293.0,-1084.0,-565.0,-166.0,427.0,245.0,-146.0,-195.0,386.0,101.0
-289.0,-1231.0,-562.0,-195.0,414.0,155.0,-90.0,-114.0,343.0,-37.0
-293.0,-1256.0,-582.0,-243.0,430.0,264.0,-64.0,-138.0,283.0,-189.0
-291.0,-1067.0,-574.0,-258.0,439.0,428.0,-98.0,-116.0,221.0,-319.0
-273.0,-761.0,-558.0,-259.0,397.0,468.0,-171.0,-306.0,140.0,-427.0
-259.0,-582.0,-562.0,-221.0,292.0,381.0,-259.0,-408.0,48.0,-522.0
-255.0,-657.0,-510.0,-188.0,160.0,321.0,-292.0,-251.0,-60.0,-592.0
-236.0,-865.0,-469.0,-135.0,47.0,369.0,-312.0,-186.0,-174.0,-626.0
-207.0,-960.0,-443.0,-42.0,-45.0,413.0,-301.0,99.0,-276.0,-637.0
-172.0,-935.0,-352.0,20.0,-134.0,358.0,-288.0,210.0,-376.0,-633.0
-138.0,-933.0,-315.0,88.0,-224.0,277.0,-274.0,169.0,-459.0,-602.0
-107.0,-877.0,-255.0,127.0,-305.0,331.0,-257.0,129.0,-533.0,-566.0
-67.0,-699.0,-151.0,178.0,-367.0,364.0,-275.0,-66.0,-581.0,-555.0
-27.0,-436.0,-116.0,246.0,-411.0,371.0,-300.0,-136.0,-577.0,-566.0
15.0,-65.0,-4.0,274.0,-435.0,383.0,-306.0,-254.0,-539.0,-565.0
60.0,407.0,93.0,255.0,-417.0,365.0,-290.0,-356.0,-519.0,-552.0
85.0,930.0,121.0,197.0,-378.0,388.0,-285.0,-423.0,-492.0,-537.0
130.0,1344.0,247.0,155.0,-374.0,339.0,-279.0,-419.0,-471.0,-492.0
180.0,1461.0,307.0,84.0,-415.0,221.0,-273.0,-351.0,-456.0,-437.0
227.0,1345.0,298.0,15.0,-474.0,143.0,-263.0,-306.0,-421.0,-380.0
281.0,1139.0,378.0,-41.0,-509.0,144.0,-227.0,-214.0,-383.0,-338.0
315.0,951.0,410.0,-112.0,-500.0,245.0,-195.0,-262.0,-325.0,-292.0
341.0,849.0,389.0,-141.0,-457.0,312.0,-191.0,-186.0,-292.0,-223.0
355.0,706.0,416.0,-147.0,-406.0,257.0,-179.0,-110.0,-265.0,-148.0
367.0,435.0,433.0,-139.0,-362.0,232.0,-159.0,-51.0,-231.0,-58.0
354.0,99.0,394.0,-125.0,-321.0,251.0,-152.0,83.0,-221.0,32.0
321.0,-245.0,389.0,-94.0,-276.0,277.0,-135.0,12.0,-219.0,140.0
298.0,-627.0,400.0,-81.0,-215.0,237.0,-148.0,16.0,-216.0,245.0
261.0,-1081.0,355.0,-93.0,-129.0,88.0,-190.0,-184.0,-196.0,332.0
225.0,-1511.0,346.0,-94.0,-34.0,36.0,-254.0,-363.0,-187.0,430.0
189.0,-1802.0,311.0,-131.0,53.0,6.0,-295.0,-339.0,-175.0,516.0
131.0,-1817.0,275.0,-193.0,129.0,-56.0,-301.0,-408.0,-160.0,584.0
58.0,-1449.0,262.0,-256.0,193.0,-30.0,-256.0,-177.0,-145.0,653.0
1.0,-859.0,199.0,-307.0,247.0,71.0,-142.0,-14.0,-123.0,727.0
-36.0,-396.0,175.0,-356.0,289.0,100.0,-56.0,57.0,-101.0,801.0
-82.0,-265.0,165.0,-386.0,325.0,-66.0,-15.0,110.0,-60.0,846.0
-136.0,-413.0,116.0,-395.0,368.0,-169.0,-31.0,35.0,-26.0,874.0
-165.0,-640.0,85.0,-418.0,410.0,-110.0,-37.0,62.0,2.0,905.0
-196.0,-806.0,82.0,-472.0,420.0,-37.0,-20.0,-27.0,22.0,903.0
-213.0,-876.0,30.0,-518.0,378.0,-41.0,-19.0,-49.0,28.0,889.0
-220.0,-820.0,2.0,-525.0,305.0,-168.0,-21.0,-145.0,40.0,871.0
-245.0,-737.0,-30.0,-571.0,225.0,-290.0,-31.0,-227.0,36.0,848.0
-249.0,-805.0,-105.0,-579.0,128.0,-294.0,-28.0,-168.0,29.0,815.0
-238.0,-924.0,-128.0,-543.0,-2.0,-196.0,-43.0,-177.0,17.0,759.0
-223.0,-876.0,-213.0,-529.0,-140.0,-39.0,-40.0,-35.0,-7.0,695.0
-216.0,-693.0,-280.0,-457.0,-234.0,-4.0,1.0,-29.0,-26.0,609.0
-191.0,-495.0,-306.0,-362.0,-272.0,-141.0,38.0,25.0,-45.0,501.0
-163.0,-331.0,-380.0,-306.0,-276.0,-200.0,64.0,53.0,-63.0,393.0
-144.0,-187.0,-411.0,-235.0,-269.0,-89.0,70.0,-88.0,-72.0,299.0
-122.0,42.0,-416.0,-152.0,-262.0,37.0,63.0,-160.0,-60.0,198.0
-102.0,409.0,-412.0,-83.0,-252.0,41.0,61.0,-295.0,-57.0,93.0
-86.0,766.0,-396.0,7.0,-249.0,-30.0,104.0,-258.0,-60.0,-5.0
-91.0,957.0,-378.0,58.0,-250.0,-106.0,138.0,-288.0,-60.0,-87.0
-72.0,969.0,-346.0,54.0,-248.0,-160.0,161.0,-282.0,-53.0,-187.0
-58.0,749.0,-327.0,58.0,-242.0,-204.0,159.0,-210.0,-38.0,-295.0
-50.0,303.0,-296.0,72.0,-224.0,-230.0,87.0,-267.0,-47.0,-343.0
-44.0,-158.0,-273.0,70.0,-190.0,-194.0,37.0,-194.0,-52.0,-395.0
-36.0,-480.0,-263.0,96.0,-138.0,-219.0,26.0,-216.0,-57.0,-412.0
-37.0,-658.0,-227.0,134.0,-70.0,-257.0,100.0,-232.0,-69.0,-398.0
-36.0,-655.0,-222.0,184.0,-4.0,-192.0,235.0,-264.0,-91.0,-400.0
-28.0,-396.0,-209.0,241.0,49.0,-131.0,335.0,-314.0,-137.0,-396.0
-50.0,-18.0,-175.0,266.0,103.0,-110.0,355.0,-284.0,-168.0,-431.0
-39.0,241.0,-182.0,363.0,165.0,-101.0,322.0,-266.0,-216.0,-447.0
-34.0,289.0,-181.0,470.0,229.0,-131.0,310.0,-190.0,-255.0,-442.0
-5.0,117.0,-167.0,563.0,277.0,-206.0,307.0,-242.0,-259.0,-437.0
31.0,-147.0,-174.0,621.0,294.0,-289.0,302.0,-212.0,-238.0,-400.0
60.0,-346.0,-155.0,631.0,296.0,-290.0,243.0,-208.0,-205.0,-328.0
93.0,-454.0,-145.0,636.0,299.0,-212.0,151.0,-277.0,-185.0,-225.0
109.0,-565.0,-143.0,595.0,309.0,-194.0,71.0,-225.0,-155.0,-118.0
130.0,-804.0,-123.0,560.0,317.0,-208.0,42.0,-258.0,-123.0,13.0
150.0,-1117.0,-117.0,514.0,303.0,-212.0,109.0,-147.0,-98.0,153.0
184.0,-1335.0,-77.0,479.0,266.0,-221.0,196.0,-208.0,-64.0,279.0
194.0,-1358.0,-26.0,394.0,236.0,-233.0,289.0,-312.0,-40.0,396.0
218.0,-1197.0,12.0,252.0,242.0,-205.0,325.0,-177.0,-35.0,518.0
223.0,-967.0,68.0,165.0,281.0,-73.0,317.0,-179.0,-23.0,602.0
230.0,-693.0,120.0,86.0,326.0,-18.0,295.0,-81.0,0.0,623.0
226.0,-343.0,137.0,0.0,360.0,-123.0,212.0,-77.0,6.0,637.0
209.0,52.0,196.0,-65.0,372.0,-156.0,139.0,-149.0,-7.0,632.0
216.0,536.0,246.0,-148.0,354.0,-122.0,89.0,-195.0,-28.0,614.0
213.0,1014.0,248.0,-276.0,302.0,-132.0,73.0,-325.0,-57.0,590.0
213.0,1268.0,296.0,-374.0,228.0,-109.0,92.0,-330.0,-108.0,589.0
181.0,1306.0,298.0,-442.0,153.0,-76.0,129.0,-400.0,-149.0,608.0
187.0,1264.0,279.0,-482.0,76.0,-81.0,169.0,-358.0,-189.0,612.0
177.0,1209.0,248.0,-535.0,-12.0,-146.0,194.0,-365.0,-225.0,621.0
174.0,1171.0,177.0,-581.0,-99.0,-257.0,252.0,-426.0,-262.0,639.0
156.0,1155.0,101.0,-584.0,-172.0,-221.0,285.0,-356.0,-320.0,647.0
155.0,1124.0,1.0,-615.0,-237.0,-158.0,242.0,-487.0,-356.0,613.0
159.0,1059.0,-117.0,-609.0,-295.0,-213.0,163.0,-463.0,-370.0,582.0
121.0,989.0,-231.0,-601.0,-345.0,-207.0,73.0,-399.0,-349.0,550.0
127.0,951.0,-300.0,-569.0,-387.0,-174.0,10.0,-284.0,-299.0,481.0
79.0,924.0,-375.0,-485.0,-420.0,-172.0,-16.0,-73.0,-245.0,417.0
64.0,864.0,-429.0,-425.0,-448.0,-197.0,-74.0,-75.0,-177.0,373.0
13.0,793.0,-465.0,-373.0,-470.0,-217.0,-157.0,-12.0,-116.0,347.0
-29.0,742.0,-522.0,-350.0,-476.0,-184.0,-227.0,-25.0,-100.0,341.0
-40.0,691.0,-552.0,-318.0,-447.0,-265.0,-269.0,-51.0,-82.0,370.0
-79.0,615.0,-566.0,-305.0,-375.0,-409.0,-238.0,-77.0,-32.0,428.0
-90.0,472.0,-586.0,-280.0,-277.0,-399.0,-171.0,-77.0,3.0,491.0
-144.0,248.0,-581.0,-242.0,-174.0,-303.0,-123.0,-7.0,48.0,551.0
-166.0,71.0,-548.0,-237.0,-90.0,-308.0,-85.0,-9.0,76.0,632.0
-218.0,50.0,-577.0,-201.0,-47.0,-341.0,-80.0,72.0,78.0,720.0
-262.0,106.0,-569.0,-190.0,-55.0,-308.0,-115.0,-20.0,85.0,765.0
-296.0,184.0,-506.0,-156.0,-86.0,-294.0,-205.0,-35.0,47.0,800.0
-339.0,325.0,-517.0,-127.0,-101.0,-248.0,-355.0,-79.0,-6.0,852.0
-367.0,475.0,-477.0,-78.0,-86.0,-184.0,-465.0,-275.0,-61.0,884.0
-402.0,541.0,-442.0,3.0,-39.0,-178.0,-516.0,-317.0,-133.0,881.0
-406.0,528.0,-460.0,41.0,31.0,-162.0,-512.0,-362.0,-184.0,872.0
-443.0,458.0,-475.0,99.0,127.0,-51.0,-463.0,-227.0,-240.0,871.0
-472.0,267.0,-475.0,128.0,226.0,39.0,-436.0,-184.0,-289.0,851.0
-497.0,-59.0,-452.0,145.0,289.0,-43.0,-402.0,-138.0,-309.0,821.0
-501.0,-440.0,-442.0,143.0,305.0,-119.0,-382.0,-118.0,-316.0,806.0
-479.0,-813.0,-422.0,130.0,292.0,-95.0,-395.0,-243.0,-303.0,782.0
-477.0,-1166.0,-406.0,144.0,273.0,-50.0,-430.0,-157.0,-297.0,723.0
-458.0,-1462.0,-304.0,152.0,263.0,-37.0,-483.0,-203.0,-289.0,648.0
-425.0,-1575.0,-333.0,176.0,271.0,-60.0,-507.0,-121.0,-250.0,588.0
-405.0,-1395.0,-232.0,192.0,280.0,-32.0,-531.0,-44.0,-213.0,531.0
-383.0,-1004.0,-65.0,217.0,251.0,23.0,-536.0,-107.0,-160.0,482.0
-349.0,-620.0,-89.0,238.0,160.0,16.0,-535.0,-40.0,-82.0,459.0
-326.0,-363.0,84.0,280.0,29.0,-76.0,-569.0,-181.0,-4.0,462.0
-294.0,-209.0,151.0,366.0,-97.0,-50.0,-580.0,-109.0,96.0,460.0
-266.0,-85.0,219.0,409.0,-182.0,39.0,-546.0,33.0,186.0,417.0
-247.0,-32.0,347.0,433.0,-216.0,-14.0,-533.0,36.0,269.0,392.0
-223.0,-160.0,437.0,437.0,-216.0,-87.0,-525.0,46.0,369.0,346.0
-196.0,-479.0,523.0,429.0,-200.0,-137.0,-490.0,-55.0,456.0,257.0
-186.0,-832.0,584.0,408.0,-185.0,-126.0,-469.0,-79.0,522.0,179.0
-188.0,-944.0,679.0,335.0,-183.0,-81.0,-465.0,-218.0,579.0,102.0
-187.0,-721.0,687.0,269.0,-197.0,-14.0,-479.0,-242.0,617.0,43.0
-195.0,-302.0,721.0,138.0,-217.0,51.0,-491.0,-216.0,648.0,-16.0
-191.0,128.0,672.0,31.0,-220.0,-46.0,-474.0,-188.0,663.0,-59.0
-200.0,447.0,695.0,-15.0,-197.0,-81.0,-423.0,44.0,637.0,-57.0
-188.0,637.0,655.0,-74.0,-174.0,7.0,-349.0,53.0,597.0,-54.0
-160.0,652.0,548.0,-65.0,-176.0,103.0,-311.0,127.0,549.0,-48.0
-141.0,429.0,546.0,-74.0,-203.0,129.0,-262.0,138.0,508.0,-16.0
-132.0,55.0,420.0,-86.0,-243.0,2.0,-179.0,-20.0,469.0,26.0
-121.0,-222.0,343.0,-88.0,-282.0,-69.0,-144.0,-38.0,409.0,47.0
-92.0,-275.0,270.0,-76.0,-300.0,-47.0,-156.0,-11.0,317.0,64.0
-93.0,-158.0,154.0,-86.0,-283.0,13.0,-167.0,46.0,188.0,110.0
-63.0,59.0,34.0,-109.0,-239.0,66.0,-160.0,0.0,40.0,144.0
-19.0,259.0,-65.0,-111.0,-184.0,62.0,-155.0,29.0,-114.0,139.0
30.0,348.0,-151.0,-131.0,-124.0,4.0,-139.0,-24.0,-265.0,143.0
103.0,315.0,-268.0,-110.0,-45.0,-66.0,-93.0,-9.0,-419.0,148.0
163.0,204.0,-372.0,-144.0,54.0,-54.0,-68.0,153.0,-558.0,104.0
232.0,55.0,-417.0,-158.0,170.0,-24.0,-45.0,157.0,-659.0,61.0
268.0,-52.0,-465.0,-170.0,293.0,-89.0,-4.0,286.0,-725.0,35.0
310.0,-55.0,-527.0,-207.0,402.0,-227.0,27.0,158.0,-746.0,7.0
330.0,-18.0,-506.0,-242.0,483.0,-226.0,52.0,-60.0,-712.0,-14.0
364.0,54.0,-487.0,-336.0,531.0,-237.0,88.0,-238.0,-652.0,-22.0
395.0,193.0,-472.0,-326.0,557.0,-435.0,136.0,-434.0,-559.0,-11.0
405.0,300.0,-447.0,-368.0,569.0,-558.0,158.0,-293.0,-419.0,-23.0
452.0,268.0,-343.0,-423.0,567.0,-507.0,169.0,-216.0,-269.0,-97.0
448.0,98.0,-281.0,-380.0,551.0,-426.0,210.0,-59.0,-117.0,-169.0
444.0,-137.0,-220.0,-387.0,528.0,-425.0,260.0,99.0,20.0,-238.0
418.0,-386.0,-115.0,-384.0,500.0,-394.0,288.0,134.0,153.0,-366.0
418.0,-623.0,-84.0,-397.0,464.0,-355.0,281.0,131.0,264.0,-467.0
403.0,-747.0,-10.0,-399.0,417.0,-406.0,254.0,-42.0,340.0,-517.0
382.0,-672.0,9.0,-393.0,353.0,-471.0,224.0,-60.0,418.0,-555.0
392.0,-409.0,82.0,-367.0,275.0,-460.0,164.0,-182.0,468.0,-587.0
351.0,-47.0,133.0,-321.0,189.0,-450.0,93.0,-267.0,481.0,-599.0
332.0,273.0,133.0,-296.0,108.0,-533.0,32.0,-315.0,475.0,-567.0
269.0,480.0,191.0,-259.0,49.0,-598.0,-7.0,-419.0,443.0,-536.0
217.0,571.0,197.0,-217.0,15.0,-588.0,-32.0,-262.0,348.0,-504.0
149.0,546.0,223.0,-137.0,10.0,-534.0,-59.0,-279.0,216.0,-440.0
81.0,434.0,262.0,-64.0,20.0,-534.0,-86.0,-247.0,95.0,-359.0
31.0,320.0,271.0,18.0,19.0,-562.0,-95.0,-147.0,-33.0,-288.0
-18.0,276.0,285.0,82.0,0.0,-574.0,-48.0,-40.0,-144.0,-209.0
-52.0,341.0,297.0,127.0,-34.0,-657.0,-12.0,184.0,-218.0,-97.0
-113.0,580.0,284.0,190.0,-86.0,-724.0,-35.0,221.0,-267.0,-20.0
-151.0,895.0,321.0,238.0,-155.0,-628.0,-76.0,308.0,-294.0,34.0
-207.0,1030.0,353.0,235.0,-233.0,-484.0,-122.0,181.0,-289.0,107.0
-245.0,971.0,355.0,204.0,-311.0,-455.0,-151.0,22.0,-252.0,183.0
-315.0,948.0,368.0,169.0,-377.0,-488.0,-127.0,-72.0,-204.0,260.0
-344.0,1050.0,394.0,65.0,-411.0,-525.0,-86.0,-256.0,-160.0,336.0
-362.0,1163.0,420.0,-44.0,-392.0,-540.0,-68.0,-227.0,-108.0,449.0
-395.0,1255.0,413.0,-150.0,-330.0,-548.0,-101.0,-286.0,-28.0,557.0
-377.0,1371.0,398.0,-217.0,-262.0,-556.0,-146.0,-197.0,50.0,646.0
-389.0,1486.0,383.0,-267.0,-213.0,-468.0,-160.0,-88.0,119.0,724.0
-364.0,1494.0,391.0,-294.0,-179.0,-417.0,-187.0,44.0,176.0,778.0
-343.0,1263.0,346.0,-272.0,-131.0,-457.0,-160.0,314.0,205.0,801.0
-300.0,844.0,312.0,-259.0,-54.0,-398.0,-113.0,336.0,220.0,793.0
-276.0,437.0,291.0,-231.0,27.0,-287.0,-118.0,389.0,226.0,807.0
-253.0,157.0,184.0,-170.0,100.0,-198.0,-142.0,266.0,241.0,829.0
-238.0,3.0,99.0,-72.0,162.0,-95.0,-160.0,96.0,251.0,859.0
-239.0,-51.0,41.0,3.0,207.0,22.0,-171.0,-18.0,243.0,886.0
-220.0,-33.0,-36.0,74.0,239.0,77.0,-218.0,-205.0,231.0,926.0
-224.0,-8.0,-90.0,100.0,263.0,25.0,-252.0,-249.0,214.0,970.0
-194.0,-94.0,-150.0,106.0,279.0,31.0,-269.0,-282.0,197.0,966.0
-185.0,-421.0,-198.0,139.0,294.0,128.0,-266.0,-173.0,166.0,987.0
-157.0,-852.0,-212.0,101.0,309.0,204.0,-252.0,-136.0,143.0,1028.0
-144.0,-1092.0,-273.0,56.0,328.0,232.0,-275.0,-103.0,131.0,1068.0
-95.0,-1099.0,-284.0,9.0,347.0,234.0,-325.0,0.0,110.0,1105.0
-68.0,-948.0,-267.0,-48.0,347.0,275.0,-369.0,11.0,104.0,1152.0
-61.0,-626.0,-273.0,-108.0,321.0,297.0,-382.0,109.0,119.0,1201.0
-19.0,-204.0,-244.0,-155.0,272.0,317.0,-333.0,7.0,122.0,1232.0
-4.0,137.0,-195.0,-139.0,205.0,406.0,-232.0,-66.0,120.0,1277.0
40.0,315.0,-135.0,-114.0,124.0,490.0,-172.0,-38.0,141.0,1328.0
27.0,334.0,-117.0,-72.0,37.0,448.0,-143.0,-101.0,159.0,1360.0
72.0,216.0,-52.0,20.0,-33.0,273.0,-129.0,-120.0,175.0,1359.0
114.0,56.0,18.0,112.0,-69.0,227.0,-123.0,-266.0,194.0,1354.0
153.0,-103.0,48.0,140.0,-73.0,255.0,-120.0,-269.0,207.0,1320.0
209.0,-340.0,123.0,191.0,-61.0,191.0,-137.0,-253.0,228.0,1237.0
250.0,-611.0,186.0,252.0,-50.0,202.0,-161.0,-214.0,228.0,1139.0
324.0,-771.0,225.0,283.0,-50.0,275.0,-207.0,-158.0,236.0,1043.0
344.0,-708.0,281.0,370.0,-68.0,269.0,-186.0,-218.0,247.0,952.0
370.0,-396.0,333.0,457.0,-93.0,157.0,-118.0,-24.0,224.0,827.0
394.0,-4.0,361.0,532.0,-108.0,95.0,-70.0,18.0,194.0,718.0
418.0,302.0,418.0,589.0,-108.0,167.0,-24.0,107.0,161.0,630.0
432.0,549.0,437.0,608.0,-98.0,209.0,-2.0,236.0,100.0,538.0
448.0,825.0,471.0,594.0,-86.0,130.0,18.0,136.0,14.0,479.0
433.0,1104.0,549.0,519.0,-82.0,71.0,42.0,125.0,-67.0,459.0
432.0,1288.0,535.0,433.0,-91.0,43.0,68.0,-105.0,-162.0,489.0
422.0,1333.0,568.0,319.0,-111.0,-17.0,85.0,-208.0,-271.0,551.0
398.0,1268.0,613.0,190.0,-146.0,-54.0,96.0,-212.0,-382.0,628.0
392.0,1116.0,600.0,107.0,-190.0,-79.0,138.0,-290.0,-517.0,726.0
361.0,856.0,601.0,17.0,-233.0,-70.0,188.0,-288.0,-686.0,791.0
353.0,507.0,558.0,-85.0,-257.0,-63.0,216.0,-360.0,-830.0,805.0
297.0,145.0,526.0,-150.0,-244.0,-65.0,243.0,-279.0,-939.0,785.0
236.0,-146.0,489.0,-164.0,-204.0,-15.0,246.0,-312.0,-1034.0,731.0
158.0,-277.0,445.0,-157.0,-161.0,-4.0,207.0,-352.0,-1089.0,637.0
95.0,-232.0,405.0,-129.0,-126.0,-12.0,176.0,-273.0,-1108.0,508.0
35.0,-111.0,349.0,-87.0,-85.0,67.0,163.0,-206.0,-1105.0,375.0
-37.0,41.0,300.0,-65.0,-12.0,131.0,166.0,-66.0,-1049.0,252.0
-100.0,256.0,232.0,-13.0,89.0,98.0,197.0,-77.0,-952.0,126.0
-147.0,468.0,195.0,22.0,200.0,-10.0,238.0,24.0,-841.0,17.0
-171.0,490.0,159.0,54.0,303.0,-62.0,298.0,131.0,-699.0,-40.0
-229.0,181.0,104.0,98.0,385.0,8.0,361.0,253.0,-519.0,-97.0
-251.0,-353.0,71.0,126.0,435.0,-25.0,395.0,332.0,-307.0,-179.0
-290.0,-896.0,59.0,154.0,455.0,-60.0,419.0,206.0,-94.0,-261.0
-317.0,-1356.0,10.0,158.0,452.0,-75.0,467.0,221.0,118.0,-354.0
-349.0,-1782.0,-16.0,161.0,431.0,-138.0,490.0,99.0,299.0,-478.0
-368.0,-2126.0,10.0,152.0,391.0,-104.0,465.0,107.0,416.0,-620.0
-345.0,-2140.0,-6.0,162.0,341.0,6.0,423.0,129.0,524.0,-737.0
-323.0,-1687.0,-30.0,176.0,293.0,153.0,377.0,75.0,605.0,-864.0
-307.0,-940.0,-48.0,180.0,247.0,97.0,369.0,203.0,635.0,-1018.0
-268.0,-172.0,-96.0,204.0,189.0,20.0,373.0,144.0,654.0,-1155.0
-207.0,452.0,-114.0,230.0,116.0,52.0,375.0,145.0,665.0,-1247.0
-172.0,817.0,-113.0,270.0,39.0,65.0,394.0,24.0,655.0,-1330.0
-116.0,887.0,-165.0,297.0,-34.0,28.0,411.0,-88.0,622.0,-1395.0
-87.0,773.0,-151.0,321.0,-102.0,-91.0,436.0,-184.0,582.0,-1378.0
-35.0,574.0,-160.0,318.0,-154.0,-39.0,448.0,-367.0,541.0,-1319.0
-10.0,314.0,-215.0,316.0,-192.0,-38.0,457.0,-375.0,499.0,-1248.0
20.0,-68.0,-158.0,332.0,-218.0,-121.0,475.0,-432.0,464.0,-1119.0
28.0,-600.0,-163.0,343.0,-233.0,-134.0,446.0,-293.0,432.0,-929.0
13.0,-1101.0,-164.0,361.0,-245.0,-107.0,393.0,-243.0,406.0,-714.0
34.0,-1338.0,-107.0,353.0,-265.0,7.0,347.0,-227.0,394.0,-506.0
25.0,-1231.0,-61.0,349.0,-289.0,2.0,314.0,-118.0,385.0,-297.0
53.0,-832.0,15.0,351.0,-319.0,-10.0,324.0,-199.0,368.0,-89.0
28.0,-233.0,63.0,320.0,-342.0,7.0,336.0,-155.0,363.0,93.0
19.0,356.0,124.0,221.0,-339.0,-54.0,331.0,-243.0,376.0,249.0
0.0,733.0,180.0,121.0,-299.0,-58.0,344.0,-253.0,400.0,402.0
-22.0,881.0,203.0,65.0,-236.0,36.0,351.0,-105.0,422.0,523.0
-55.0,842.0,218.0,2.0,-168.0,111.0,343.0,-84.0,432.0,589.0
-91.0,688.0,231.0,-88.0,-112.0,110.0,333.0,29.0,453.0,638.0
-98.0,509.0,228.0,-145.0,-78.0,82.0,315.0,-59.0,482.0,683.0
-136.0,287.0,205.0,-159.0,-58.0,69.0,298.0,-110.0,508.0,707.0
-161.0,56.0,203.0,-176.0,-49.0,62.0,272.0,-133.0,524.0,710.0
-228.0,-98.0,208.0,-142.0,-49.0,45.0,261.0,-269.0,522.0,714.0
-251.0,-241.0,191.0,-99.0,-43.0,141.0,247.0,-282.0,530.0,721.0
-310.0,-412.0,157.0,-107.0,-16.0,237.0,219.0,-367.0,545.0,699.0
-342.0,-470.0,123.0,-97.0,32.0,202.0,215.0,-291.0,535.0,661.0
-375.0,-345.0,73.0,-115.0,91.0,146.0,226.0,-214.0,489.0,647.0
-418.0,-188.0,55.0,-158.0,141.0,135.0,247.0,-116.0,422.0,633.0
-399.0,-193.0,58.0,-146.0,166.0,177.0,201.0,-11.0,351.0,606.0
-428.0,-407.0,48.0,-161.0,166.0,160.0,109.0,-3.0,284.0,597.0
-414.0,-712.0,105.0,-166.0,151.0,190.0,82.0,194.0,217.0,593.0
-420.0,-969.0,119.0,-182.0,135.0,255.0,98.0,238.0,154.0,574.0
-402.0,-1076.0,129.0,-200.0,129.0,209.0,122.0,277.0,94.0,544.0
-392.0,-957.0,203.0,-183.0,148.0,125.0,131.0,236.0,32.0,517.0
-378.0,-595.0,206.0,-223.0,198.0,146.0,99.0,221.0,-44.0,494.0
-354.0,-79.0,229.0,-258.0,246.0,205.0,50.0,334.0,-123.0,448.0
-333.0,458.0,277.0,-302.0,260.0,135.0,21.0,160.0,-188.0,388.0
-288.0,978.0,269.0,-349.0,230.0,87.0,-2.0,83.0,-258.0,346.0
-297.0,1452.0,268.0,-378.0,173.0,117.0,-27.0,-68.0,-309.0,293.0
-285.0,1760.0,270.0,-408.0,122.0,155.0,-17.0,-131.0,-339.0,203.0
-277.0,1845.0,244.0,-436.0,81.0,68.0,20.0,-92.0,-372.0,119.0
-259.0,1736.0,231.0,-484.0,56.0,-18.0,57.0,-158.0,-403.0,58.0
-275.0,1433.0,186.0,-529.0,44.0,45.0,66.0,-24.0,-398.0,-14.0
-236.0,1015.0,110.0,-554.0,38.0,-16.0,48.0,-81.0,-370.0,-93.0
-176.0,569.0,87.0,-538.0,21.0,-98.0,20.0,-14.0,-336.0,-149.0
-145.0,60.0,36.0,-470.0,-14.0,-131.0,6.0,77.0,-286.0,-204.0
-74.0,-468.0,-55.0,-379.0,-63.0,-172.0,16.0,-12.0,-259.0,-291.0
-22.0,-905.0,-107.0,-279.0,-113.0,-174.0,14.0,-22.0,-240.0,-375.0
62.0,-1282.0,-160.0,-172.0,-148.0,-186.0,4.0,-188.0,-221.0,-446.0
110.0,-1622.0,-236.0,-31.0,-172.0,-73.0,4.0,-229.0,-208.0,-508.0
164.0,-1844.0,-284.0,93.0,-201.0,40.0,7.0,-242.0,-185.0,-567.0
171.0,-1870.0,-310.0,190.0,-238.0,31.0,17.0,-290.0,-160.0,-618.0
178.0,-1579.0,-346.0,286.0,-270.0,2.0,61.0,-330.0,-123.0,-652.0
200.0,-917.0,-378.0,311.0,-285.0,4.0,116.0,-358.0,-78.0,-710.0
192.0,-43.0,-384.0,297.0,-273.0,44.0,135.0,-317.0,-51.0,-771.0
221.0,852.0,-390.0,301.0,-230.0,-52.0,121.0,-303.0,-46.0,-820.0
262.0,1602.0,-398.0,328.0,-161.0,-208.0,81.0,-84.0,-48.0,-867.0
318.0,2032.0,-370.0,334.0,-76.0,-272.0,22.0,-9.0,-52.0,-908.0
319.0,2049.0,-348.0,365.0,-1.0,-256.0,-48.0,84.0,-65.0,-935.0
340.0,1737.0,-298.0,413.0,42.0,-195.0,-101.0,136.0,-88.0,-936.0
313.0,1332.0,-271.0,417.0,52.0,-180.0,-91.0,-14.0,-130.0,-924.0
315.0,977.0,-245.0,436.0,40.0,-70.0,-37.0,88.0,-189.0,-893.0
340.0,665.0,-174.0,437.0,20.0,60.0,16.0,11.0,-233.0,-843.0
345.0,325.0,-141.0,437.0,4.0,102.0,46.0,35.0,-275.0,-746.0
386.0,-137.0,-107.0,439.0,5.0,131.0,32.0,68.0,-320.0,-643.0
407.0,-694.0,-54.0,432.0,21.0,89.0,4.0,-51.0,-326.0,-542.0
477.0,-1264.0,-15.0,422.0,41.0,20.0,13.0,84.0,-325.0,-401.0
471.0,-1773.0,10.0,397.0,50.0,0.0,54.0,49.0,-322.0,-269.0
473.0,-2073.0,55.0,375.0,61.0,22.0,131.0,83.0,-320.0,-155.0
491.0,-2023.0,111.0,321.0,83.0,0.0,193.0,157.0,-342.0,-66.0
499.0,-1687.0,161.0,273.0,107.0,-31.0,232.0,162.0,-346.0,18.0
490.0,-1208.0,229.0,189.0,137.0,8.0,232.0,158.0,-356.0,84.0
466.0,-611.0,276.0,96.0,171.0,103.0,138.0,20.0,-371.0,122.0
482.0,40.0,321.0,47.0,203.0,203.0,67.0,57.0,-373.0,185.0
453.0,607.0,374.0,10.0,222.0,251.0,45.0,155.0,-361.0,270.0
443.0,1038.0,392.0,17.0,212.0,329.0,86.0,384.0,-310.0,335.0
415.0,1297.0,417.0,21.0,176.0,367.0,168.0,495.0,-247.0,375.0
407.0,1319.0,418.0,42.0,129.0,296.0,205.0,395.0,-178.0,413.0
383.0,1153.0,408.0,91.0,88.0,212.0,250.0,343.0,-107.0,417.0
351.0,898.0,412.0,124.0,61.0,107.0,261.0,181.0,-24.0,383.0
304.0,630.0,425.0,173.0,41.0,-13.0,233.0,86.0,75.0,320.0
248.0,475.0,453.0,211.0,24.0,-108.0,198.0,-110.0,154.0,272.0
202.0,510.0,456.0,181.0,4.0,-56.0,174.0,-168.0,228.0,201.0
129.0,633.0,458.0,142.0,-11.0,52.0,180.0,-35.0,295.0,93.0
80.0,666.0,465.0,109.0,-7.0,41.0,148.0,-60.0,331.0,7.0
2.0,635.0,466.0,62.0,15.0,55.0,101.0,35.0,355.0,-99.0
-38.0,687.0,443.0,34.0,41.0,169.0,52.0,24.0,376.0,-209.0
-113.0,731.0,433.0,-38.0,63.0,267.0,1.0,-5.0,392.0,-326.0
-179.0,683.0,409.0,-131.0,85.0,220.0,-20.0,-53.0,409.0,-406.0
-263.0,633.0,374.0,-209.0,101.0,65.0,-4.0,-145.0,435.0,-458.0
-365.0,555.0,361.0,-272.0,99.0,-15.0,52.0,-109.0,472.0,-509.0
-438.0,414.0,316.0,-314.0,77.0,-77.0,96.0,-114.0,517.0,-504.0
-525.0,348.0,282.0,-321.0,44.0,-198.0,124.0,123.0,543.0,-485.0
-571.0,312.0,221.0,-324.0,18.0,-234.0,144.0,171.0,550.0,-446.0
-638.0,42.0,147.0,-354.0,0.0,-166.0,168.0,97.0,552.0,-397.0
-653.0,-386.0,85.0,-360.0,-15.0,-121.0,217.0,138.0,555.0,-324.0
-686.0,-645.0,0.0,-358.0,-21.0,-100.0,233.0,-49.0,566.0,-213.0
-687.0,-649.0,-71.0,-336.0,-10.0,-75.0,208.0,-142.0,555.0,-121.0
-706.0,-543.0,-122.0,-361.0,8.0,-39.0,148.0,-317.0,507.0,-4.0
-728.0,-474.0,-156.0,-362.0,21.0,-17.0,81.0,-389.0,436.0,108.0
-694.0,-452.0,-196.0,-341.0,19.0,-22.0,40.0,-382.0,338.0,190.0
-700.0,-404.0,-217.0,-318.0,6.0,10.0,10.0,-395.0,221.0,269.0
-647.0,-403.0,-240.0,-215.0,2.0,45.0,-18.0,-306.0,89.0,331.0
-631.0,-616.0,-266.0,-131.0,13.0,10.0,-46.0,-356.0,-45.0,385.0
-579.0,-983.0,-246.0,3.0,31.0,-4.0,-71.0,-181.0,-159.0,405.0
-531.0,-1247.0,-227.0,117.0,53.0,28.0,-95.0,-182.0,-242.0,388.0
-467.0,-1348.0,-210.0,219.0,76.0,52.0,-84.0,-284.0,-309.0,363.0
-381.0,-1403.0,-174.0,291.0,92.0,-34.0,-64.0,-214.0,-364.0,309.0
-316.0,-1405.0,-157.0,294.0,94.0,-141.0,-52.0,-258.0,-389.0,219.0
-232.0,-1227.0,-116.0,304.0,85.0,-125.0,-40.0,-131.0,-380.0,124.0
-185.0,-781.0,-43.0,262.0,73.0,-151.0,-20.0,-62.0,-359.0,33.0
-94.0,-233.0,12.0,240.0,55.0,-201.0,10.0,25.0,-318.0,-52.0
-37.0,126.0,75.0,194.0,28.0,-168.0,21.0,112.0,-254.0,-128.0
31.0,354.0,166.0,128.0,-3.0,-36.0,6.0,94.0,-187.0,-216.0
101.0,677.0,247.0,68.0,-33.0,58.0,-21.0,127.0,-120.0,-287.0
163.0,1075.0,303.0,1.0,-59.0,73.0,-28.0,99.0,-60.0,-351.0
227.0,1323.0,398.0,-57.0,-76.0,110.0,-51.0,171.0,-5.0,-411.0
289.0,1260.0,437.0,-117.0,-71.0,47.0,-85.0,121.0,63.0,-425.0
355.0,1097.0,462.0,-161.0,-51.0,-64.0,-123.0,5.0,133.0,-436.0
396.0,1169.0,506.0,-197.0,-28.0,-133.0,-143.0,-125.0,206.0,-441.0
427.0,1338.0,513.0,-238.0,-10.0,-141.0,-106.0,-205.0,274.0,-436.0
414.0,1268.0,556.0,-247.0,-1.0,-168.0,-59.0,-121.0,326.0,-429.0
419.0,1019.0,576.0,-208.0,6.0,-253.0,35.0,-160.0,385.0,-420.0
392.0,845.0,601.0,-224.0,11.0,-271.0,96.0,-18.0,430.0,-438.0
377.0,867.0,629.0,-219.0,5.0,-233.0,85.0,131.0,452.0,-419.0
327.0,1041.0,625.0,-185.0,-20.0,-151.0,32.0,221.0,468.0,-401.0
285.0,1141.0,616.0,-138.0,-61.0,-83.0,-56.0,315.0,471.0,-420.0
233.0,984.0,580.0,-93.0,-114.0,-2.0,-137.0,206.0,446.0,-435.0
139.0,665.0,532.0,-78.0,-170.0,95.0,-196.0,245.0,424.0,-449.0
88.0,318.0,495.0,1.0,-222.0,66.0,-188.0,169.0,413.0,-450.0
15.0,-59.0,426.0,65.0,-255.0,-2.0,-170.0,129.0,376.0,-464.0
1.0,-380.0,369.0,145.0,-251.0,47.0,-137.0,201.0,328.0,-476.0
-31.0,-518.0,324.0,256.0,-211.0,39.0,-109.0,186.0,279.0,-487.0
-36.0,-468.0,220.0,338.0,-147.0,-100.0,-87.0,319.0,229.0,-526.0
-69.0,-350.0,159.0,411.0,-76.0,-123.0,-44.0,254.0,179.0,-583.0
-117.0,-323.0,122.0,453.0,-10.0,-73.0,-29.0,229.0,119.0,-654.0
-128.0,-530.0,54.0,480.0,45.0,-107.0,0.0,271.0,77.0,-712.0
-141.0,-933.0,-3.0,524.0,80.0,-221.0,10.0,280.0,21.0,-754.0
-119.0,-1322.0,-45.0,545.0,95.0,-239.0,12.0,371.0,-61.0,-804.0
-119.0,-1751.0,-92.0,502.0,116.0,-70.0,-6.0,317.0,-132.0,-851.0
-56.0,-2222.0,-148.0,433.0,146.0,-50.0,-29.0,299.0,-214.0,-878.0
-47.0,-2315.0,-188.0,359.0,173.0,-156.0,-40.0,229.0,-296.0,-918.0
-39.0,-1944.0,-202.0,290.0,180.0,-117.0,-65.0,181.0,-343.0,-958.0
-29.0,-1534.0,-233.0,222.0,164.0,-29.0,-84.0,153.0,-384.0,-947.0
-31.0,-1307.0,-265.0,126.0,125.0,-14.0,-110.0,243.0,-414.0,-920.0
-9.0,-1153.0,-259.0,37.0,73.0,-67.0,-108.0,508.0,-411.0,-879.0
3.0,-834.0,-285.0,-16.0,22.0,-15.0,-88.0,593.0,-402.0,-819.0
32.0,-235.0,-291.0,-80.0,-12.0,94.0,-28.0,759.0,-381.0,-753.0
18.0,384.0,-280.0,-137.0,-21.0,95.0,93.0,733.0,-340.0,-688.0
29.0,799.0,-291.0,-186.0,-14.0,132.0,217.0,598.0,-281.0,-646.0
10.0,1191.0,-271.0,-243.0,-4.0,205.0,296.0,583.0,-202.0,-587.0
2.0,1736.0,-271.0,-271.0,8.0,219.0,352.0,395.0,-146.0,-488.0
1.0,2230.0,-324.0,-252.0,19.0,182.0,339.0,436.0,-99.0,-375.0
13.0,2324.0,-321.0,-212.0,22.0,225.0,260.0,461.0,-33.0,-238.0
44.0,2019.0,-340.0,-203.0,18.0,243.0,228.0,373.0,35.0,-71.0
48.0,1687.0,-411.0,-164.0,10.0,141.0,210.0,327.0,95.0,103.0
70.0,1537.0,-407.0,-101.0,5.0,145.0,212.0,260.0,161.0,265.0
94.0,1436.0,-434.0,-87.0,6.0,131.0,218.0,336.0,245.0,406.0
143.0,1301.0,-477.0,-72.0,3.0,94.0,236.0,328.0,324.0,520.0
163.0,1149.0,-485.0,-69.0,-10.0,42.0,264.0,341.0,419.0,622.0
171.0,895.0,-492.0,-118.0,-34.0,-22.0,265.0,334.0,490.0,677.0
182.0,557.0,-519.0,-174.0,-72.0,31.0,263.0,400.0,517.0,713.0
192.0,280.0,-520.0,-249.0,-116.0,45.0,235.0,545.0,526.0,737.0
197.0,31.0,-496.0,-346.0,-155.0,12.0,195.0,506.0,496.0,728.0
203.0,-250.0,-480.0,-409.0,-186.0,33.0,136.0,519.0,443.0,717.0
225.0,-600.0,-410.0,-437.0,-208.0,56.0,102.0,408.0,370.0,669.0
247.0,-1038.0,-364.0,-460.0,-198.0,22.0,73.0,386.0,275.0,614.0
292.0,-1289.0,-303.0,-491.0,-143.0,57.0,21.0,386.0,169.0,537.0
346.0,-1086.0,-221.0,-532.0,-54.0,139.0,0.0,260.0,67.0,429.0
392.0,-598.0,-128.0,-561.0,30.0,156.0,16.0,208.0,-25.0,343.0
408.0,-216.0,-53.0,-570.0,79.0,70.0,46.0,5.0,-121.0,247.0
434.0,11.0,32.0,-581.0,104.0,-95.0,74.0,3.0,-233.0,155.0
457.0,399.0,148.0,-569.0,116.0,-90.0,88.0,-40.0,-355.0,83.0
470.0,946.0,184.0,-531.0,118.0,-95.0,77.0,-157.0,-449.0,24.0
502.0,1375.0,281.0,-499.0,110.0,-201.0,82.0,-62.0,-552.0,-27.0
527.0,1524.0,339.0,-510.0,100.0,-166.0,71.0,-66.0,-665.0,-58.0
540.0,1358.0,372.0,-539.0,96.0,-105.0,16.0,20.0,-772.0,-64.0
544.0,963.0,434.0,-531.0,97.0,4.0,-30.0,-14.0,-872.0,-41.0
530.0,443.0,435.0,-498.0,94.0,60.0,-70.0,-40.0,-935.0,-7.0
507.0,-92.0,459.0,-456.0,73.0,45.0,-115.0,-1.0,-978.0,42.0
453.0,-583.0,437.0,-425.0,35.0,160.0,-168.0,-73.0,-963.0,120.0
383.0,-1097.0,386.0,-383.0,-4.0,212.0,-222.0,-24.0,-912.0,170.0
330.0,-1496.0,351.0,-373.0,-34.0,212.0,-249.0,-94.0,-854.0,209.0
274.0,-1516.0,311.0,-360.0,-43.0,212.0,-224.0,-99.0,-754.0,232.0
215.0,-1288.0,259.0,-321.0,-33.0,179.0,-155.0,-169.0,-655.0,232.0
144.0,-1080.0,224.0,-356.0,-14.0,123.0,-84.0,-275.0,-536.0,226.0
85.0,-844.0,206.0,-378.0,6.0,8.0,-68.0,-190.0,-406.0,210.0
32.0,-534.0,187.0,-404.0,13.0,-35.0,-65.0,-192.0,-298.0,187.0
-6.0,-289.0,174.0,-439.0,-4.0,-57.0,-68.0,-97.0,-180.0,152.0
-27.0,-126.0,167.0,-442.0,-36.0,-54.0,-85.0,-11.0,-94.0,121.0
-28.0,50.0,167.0,-437.0,-63.0,39.0,-93.0,145.0,-50.0,76.0
-16.0,212.0,154.0,-375.0,-76.0,144.0,-131.0,291.0,-4.0,24.0
-24.0,265.0,144.0,-282.0,-71.0,133.0,-143.0,352.0,44.0,-2.0
-10.0,300.0,141.0,-145.0,-56.0,39.0,-115.0,417.0,85.0,-14.0
-4.0,340.0,138.0,-2.0,-33.0,8.0,-101.0,273.0,109.0,-15.0
0.0,252.0,134.0,122.0,-5.0,10.0,-111.0,256.0,136.0,22.0
13.0,159.0,134.0,249.0,23.0,-24.0,-125.0,168.0,163.0,61.0
52.0,278.0,130.0,347.0,46.0,-130.0,-96.0,27.0,155.0,88.0
85.0,631.0,145.0,411.0,60.0,-156.0,-69.0,16.0,125.0,129.0
117.0,1043.0,154.0,477.0,75.0,-181.0,-68.0,-97.0,84.0,157.0
163.0,1281.0,163.0,531.0,92.0,-225.0,-82.0,-173.0,26.0,183.0
175.0,1316.0,203.0,550.0,98.0,-143.0,-121.0,-282.0,-29.0,202.0
207.0,1171.0,222.0,581.0,82.0,-103.0,-174.0,-301.0,-104.0,232.0
237.0,844.0,247.0,591.0,49.0,-128.0,-202.0,-319.0,-209.0,285.0
260.0,478.0,284.0,577.0,14.0,-139.0,-185.0,-297.0,-306.0,314.0
276.0,140.0,316.0,567.0,-17.0,-108.0,-177.0,-155.0,-392.0,329.0
276.0,-317.0,349.0,537.0,-57.0,-117.0,-157.0,-33.0,-438.0,327.0
280.0,-886.0,389.0,497.0,-103.0,-219.0,-121.0,201.0,-456.0,292.0
255.0,-1394.0,432.0,430.0,-147.0,-340.0,-71.0,186.0,-462.0,227.0
215.0,-1688.0,452.0,356.0,-170.0,-372.0,-12.0,169.0,-447.0,139.0
184.0,-1581.0,444.0,294.0,-165.0,-281.0,23.0,173.0,-431.0,44.0
148.0,-1194.0,464.0,226.0,-140.0,-242.0,53.0,33.0,-399.0,-55.0
88.0,-877.0,476.0,160.0,-110.0,-252.0,67.0,46.0,-372.0,-177.0
37.0,-717.0,432.0,93.0,-79.0,-196.0,78.0,-46.0,-331.0,-293.0
-31.0,-628.0,411.0,48.0,-45.0,-134.0,71.0,14.0,-286.0,-415.0
-100.0,-551.0,364.0,6.0,-9.0,-45.0,28.0,101.0,-232.0,-545.0
-181.0,-603.0,282.0,-69.0,16.0,99.0,-20.0,155.0,-138.0,-662.0
-265.0,-740.0,236.0,-103.0,33.0,150.0,-61.0,266.0,-72.0,-767.0
-319.0,-660.0,198.0,-97.0,50.0,64.0,-123.0,133.0,-10.0,-846.0
-382.0,-423.0,126.0,-114.0,78.0,-31.0,-113.0,158.0,52.0,-915.0
-420.0,-283.0,89.0,-144.0,107.0,-27.0,-26.0,194.0,78.0,-959.0
-475.0,-100.0,45.0,-155.0,125.0,-25.0,40.0,171.0,121.0,-1000.0
-504.0,428.0,-51.0,-170.0,132.0,-58.0,139.0,166.0,166.0,-1050.0
-511.0,1067.0,-82.0,-223.0,144.0,-42.0,194.0,110.0,210.0,-1098.0
-530.0,1316.0,-157.0,-273.0,151.0,14.0,185.0,199.0,270.0,-1145.0
-530.0,1088.0,-268.0,-302.0,134.0,78.0,128.0,203.0,324.0,-1158.0
-529.0,623.0,-311.0,-304.0,107.0,11.0,3.0,210.0,395.0,-1135.0
-488.0,169.0,-380.0,-265.0,90.0,10.0,-89.0,249.0,479.0,-1090.0
-462.0,-164.0,-451.0,-200.0,88.0,124.0,-122.0,371.0,540.0,-1017.0
-409.0,-339.0,-473.0,-125.0,82.0,39.0,-118.0,471.0,572.0,-939.0
-355.0,-366.0,-504.0,-47.0,52.0,-87.0,-109.0,439.0,601.0,-854.0
-315.0,-372.0,-566.0,38.0,8.0,-66.0,-95.0,395.0,624.0,-762.0
-265.0,-447.0,-551.0,77.0,-35.0,10.0,-82.0,169.0,622.0,-655.0
-212.0,-399.0,-562.0,79.0,-69.0,-2.0,-45.0,190.0,609.0,-548.0
-130.0,-133.0,-584.0,37.0,-95.0,-74.0,34.0,301.0,565.0,-459.0
-58.0,63.0,-535.0,-18.0,-109.0,-60.0,80.0,240.0,503.0,-367.0
32.0,23.0,-551.0,-101.0,-118.0,-73.0,95.0,253.0,431.0,-269.0
110.0,-127.0,-517.0,-206.0,-142.0,-148.0,64.0,72.0,351.0,-156.0
184.0,-228.0,-471.0,-262.0,-171.0,-152.0,-7.0,27.0,262.0,-38.0
244.0,-218.0,-468.0,-333.0,-179.0,-131.0,-71.0,7.0,135.0,113.0
312.0,-68.0,-430.0,-373.0,-146.0,-107.0,-127.0,-49.0,-4.0,285.0
380.0,193.0,-388.0,-411.0,-92.0,-129.0,-152.0,121.0,-161.0,432.0
426.0,497.0,-368.0,-435.0,-43.0,-160.0,-187.0,94.0,-314.0,563.0
491.0,815.0,-346.0,-440.0,-8.0,-74.0,-264.0,84.0,-461.0,655.0
538.0,1083.0,-315.0,-442.0,10.0,-9.0,-331.0,88.0,-605.0,705.0
602.0,1227.0,-312.0,-454.0,10.0,-18.0,-395.0,51.0,-719.0,718.0
615.0,1275.0,-277.0,-495.0,0.0,16.0,-420.0,77.0,-800.0,711.0
601.0,1238.0,-266.0,-482.0,-8.0,71.0,-349.0,114.0,-822.0,707.0
613.0,939.0,-251.0,-514.0,-26.0,20.0,-280.0,210.0,-814.0,689.0
633.0,392.0,-181.0,-530.0,-69.0,-78.0,-245.0,251.0,-766.0,672.0
632.0,-13.0,-157.0,-560.0,-123.0,-74.0,-188.0,443.0,-651.0,669.0
612.0,-121.0,-139.0,-626.0,-163.0,-73.0,-139.0,404.0,-505.0,651.0
594.0,-110.0,-81.0,-643.0,-178.0,-75.0,-99.0,288.0,-320.0,616.0
542.0,-50.0,-62.0,-686.0,-178.0,69.0,-59.0,197.0,-129.0,601.0
496.0,58.0,-52.0,-704.0,-176.0,194.0,-34.0,-140.0,34.0,598.0
426.0,133.0,-11.0,-718.0,-168.0,131.0,-45.0,-240.0,178.0,582.0
375.0,85.0,14.0,-708.0,-152.0,43.0,-109.0,-351.0,300.0,570.0
327.0,-38.0,38.0,-681.0,-134.0,75.0,-191.0,-293.0,394.0,576.0
263.0,-87.0,47.0,-619.0,-107.0,106.0,-241.0,-94.0,468.0,561.0
196.0,-96.0,78.0,-550.0,-71.0,-38.0,-299.0,-103.0,526.0,526.0
102.0,-272.0,80.0,-514.0,-32.0,-121.0,-345.0,-29.0,556.0,496.0
37.0,-671.0,53.0,-444.0,-1.0,-32.0,-275.0,57.0,586.0,460.0
-14.0,-1016.0,65.0,-430.0,23.0,-27.0,-181.0,120.0,616.0,419.0
-41.0,-1059.0,33.0,-432.0,43.0,-78.0,-125.0,73.0,609.0,359.0
-69.0,-977.0,-4.0,-441.0,44.0,-79.0,-53.0,103.0,592.0,314.0
-70.0,-982.0,-48.0,-494.0,6.0,26.0,2.0,116.0,561.0,274.0
-53.0,-1011.0,-97.0,-525.0,-63.0,83.0,53.0,-25.0,508.0,203.0
-57.0,-893.0,-132.0,-540.0,-136.0,32.0,76.0,42.0,454.0,140.0
-60.0,-551.0,-202.0,-570.0,-186.0,6.0,60.0,179.0,391.0,86.0
-79.0,-220.0,-242.0,-601.0,-211.0,0.0,63.0,467.0,320.0,19.0
-64.0,-119.0,-289.0,-595.0,-222.0,72.0,66.0,746.0,248.0,-44.0
-66.0,-114.0,-344.0,-550.0,-211.0,88.0,68.0,764.0,181.0,-84.0
-74.0,-106.0,-365.0,-481.0,-166.0,159.0,37.0,820.0,115.0,-119.0
-71.0,-63.0,-402.0,-387.0,-118.0,248.0,-41.0,689.0,58.0,-179.0
-64.0,104.0,-407.0,-275.0,-88.0,149.0,-130.0,465.0,11.0,-247.0
-46.0,268.0,-420.0,-170.0,-80.0,94.0,-157.0,267.0,-21.0,-313.0
-34.0,300.0,-428.0,-55.0,-92.0,132.0,-110.0,144.0,-40.0,-396.0
-16.0,371.0,-408.0,45.0,-108.0,159.0,-51.0,182.0,-65.0,-509.0
-8.0,571.0,-429.0,148.0,-121.0,158.0,-4.0,103.0,-70.0,-647.0
2.0,730.0,-381.0,239.0,-122.0,202.0,28.0,88.0,-35.0,-786.0
-3.0,657.0,-349.0,296.0,-99.0,300.0,54.0,99.0,6.0,-946.0
4.0,388.0,-340.0,367.0,-55.0,395.0,80.0,145.0,49.0,-1124.0
16.0,155.0,-274.0,407.0,3.0,486.0,96.0,79.0,73.0,-1257.0
33.0,-29.0,-277.0,469.0,65.0,560.0,110.0,-12.0,97.0,-1365.0
81.0,-226.0,-245.0,547.0,108.0,565.0,135.0,94.0,153.0,-1466.0
129.0,-294.0,-159.0,591.0,134.0,552.0,141.0,5.0,199.0,-1509.0
171.0,-172.0,-119.0,625.0,149.0,581.0,125.0,55.0,224.0,-1506.0
193.0,-4.0,-112.0,625.0,138.0,593.0,45.0,75.0,246.0,-1490.0
220.0,59.0,-59.0,604.0,107.0,516.0,-66.0,81.0,243.0,-1465.0
211.0,121.0,-53.0,569.0,73.0,297.0,-162.0,120.0,210.0,-1417.0
213.0,368.0,-63.0,527.0,42.0,193.0,-259.0,-118.0,160.0,-1357.0
218.0,618.0,-20.0,465.0,5.0,306.0,-282.0,-105.0,83.0,-1327.0
187.0,590.0,-66.0,453.0,-37.0,363.0,-193.0,-57.0,-3.0,-1315.0
176.0,455.0,-22.0,459.0,-68.0,308.0,-89.0,1.0,-100.0,-1297.0
163.0,401.0,52.0,451.0,-74.0,306.0,-79.0,53.0,-207.0,-1304.0
146.0,376.0,65.0,467.0,-51.0,406.0,-77.0,51.0,-310.0,-1349.0
117.0,391.0,130.0,449.0,-17.0,446.0,-37.0,136.0,-417.0,-1382.0
108.0,366.0,164.0,429.0,17.0,413.0,-29.0,53.0,-509.0,-1386.0
95.0,151.0,188.0,377.0,58.0,404.0,-48.0,121.0,-572.0,-1384.0
71.0,-198.0,217.0,315.0,97.0,367.0,-7.0,57.0,-620.0,-1357.0
52.0,-620.0,248.0,236.0,114.0,304.0,52.0,-20.0,-651.0,-1283.0
35.0,-1120.0,311.0,137.0,112.0,310.0,17.0,25.0,-663.0,-1189.0
44.0,-1445.0,362.0,62.0,111.0,347.0,-56.0,-46.0,-637.0,-1121.0
33.0,-1369.0,366.0,-18.0,108.0,300.0,-126.0,127.0,-576.0,-1056.0
43.0,-1117.0,414.0,-41.0,100.0,242.0,-171.0,175.0,-495.0,-984.0
64.0,-895.0,421.0,-6.0,91.0,250.0,-186.0,155.0,-399.0,-921.0
74.0,-547.0,382.0,3.0,79.0,273.0,-199.0,129.0,-272.0,-865.0
77.0,-79.0,418.0,-28.0,69.0,231.0,-227.0,11.0,-136.0,-800.0
63.0,260.0,372.0,-44.0,75.0,177.0,-247.0,-1.0,-39.0,-705.0
52.0,404.0,325.0,-97.0,88.0,228.0,-232.0,-142.0,27.0,-615.0
14.0,407.0,319.0,-191.0,88.0,269.0,-218.0,-173.0,69.0,-507.0
-19.0,399.0,269.0,-245.0,70.0,224.0,-217.0,-218.0,81.0,-385.0
-57.0,532.0,239.0,-289.0,42.0,187.0,-202.0,-266.0,66.0,-273.0
-83.0,657.0,186.0,-319.0,22.0,290.0,-141.0,-254.0,45.0,-163.0
-109.0,652.0,90.0,-321.0,3.0,384.0,-122.0,-347.0,25.0,-60.0
-135.0,665.0,6.0,-305.0,-26.0,271.0,-183.0,-288.0,-2.0,59.0
-145.0,658.0,-57.0,-283.0,-51.0,193.0,-250.0,-301.0,-20.0,177.0
-144.0,565.0,-147.0,-257.0,-56.0,272.0,-261.0,-232.0,-25.0,284.0
-135.0,466.0,-167.0,-213.0,-52.0,281.0,-229.0,-70.0,-17.0,411.0
-116.0,338.0,-180.0,-153.0,-62.0,140.0,-248.0,72.0,24.0,561.0
-75.0,205.0,-245.0,-102.0,-70.0,120.0,-301.0,304.0,104.0,684.0
-60.0,99.0,-232.0,-73.0,-47.0,211.0,-377.0,447.0,209.0,825.0
-38.0,-100.0,-255.0,-48.0,4.0,250.0,-419.0,574.0,322.0,1007.0
-11.0,-403.0,-258.0,-31.0,63.0,298.0,-408.0,467.0,440.0,1173.0
36.0,-578.0,-237.0,-15.0,113.0,352.0,-455.0,404.0,572.0,1303.0
58.0,-464.0,-198.0,2.0,152.0,363.0,-511.0,406.0,724.0,1385.0
71.0,-144.0,-108.0,33.0,172.0,259.0,-526.0,291.0,865.0,1433.0
115.0,215.0,-82.0,58.0,171.0,137.0,-502.0,349.0,985.0,1382.0
153.0,476.0,0.0,72.0,144.0,129.0,-482.0,218.0,1075.0,1275.0
209.0,618.0,101.0,89.0,96.0,124.0,-483.0,131.0,1121.0,1137.0
229.0,650.0,147.0,93.0,49.0,100.0,-424.0,1.0,1124.0,942.0
278.0,513.0,191.0,104.0,15.0,166.0,-305.0,-194.0,1095.0,741.0
327.0,273.0,272.0,143.0,-15.0,313.0,-247.0,-175.0,1050.0,538.0
357.0,76.0,316.0,198.0,-47.0,415.0,-283.0,-275.0,975.0,387.0
382.0,-164.0,305.0,237.0,-67.0,417.0,-270.0,-225.0,875.0,267.0
393.0,-555.0,332.0,263.0,-81.0,436.0,-227.0,-266.0,786.0,184.0
391.0,-935.0,301.0,253.0,-106.0,444.0,-280.0,-325.0,682.0,150.0
367.0,-1214.0,256.0,238.0,-126.0,365.0,-370.0,-214.0,557.0,128.0
348.0,-1457.0,217.0,228.0,-118.0,315.0,-433.0,-195.0,431.0,116.0
330.0,-1585.0,140.0,197.0,-89.0,337.0,-459.0,-57.0,322.0,63.0
324.0,-1478.0,89.0,178.0,-61.0,314.0,-391.0,-49.0,230.0,-9.0
292.0,-1204.0,32.0,139.0,-43.0,209.0,-223.0,12.0,157.0,-98.0
266.0,-917.0,-65.0,94.0,-29.0,208.0,-45.0,14.0,99.0,-212.0
232.0,-679.0,-108.0,40.0,-9.0,302.0,76.0,-72.0,39.0,-343.0
183.0,-499.0,-135.0,-2.0,18.0,312.0,123.0,-42.0,-11.0,-481.0
135.0,-387.0,-204.0,-3.0,37.0,234.0,133.0,-138.0,-70.0,-601.0
88.0,-253.0,-174.0,18.0,31.0,222.0,151.0,-1.0,-140.0,-724.0
56.0,-16.0,-157.0,41.0,13.0,344.0,188.0,40.0,-200.0,-823.0
-3.0,192.0,-150.0,72.0,-8.0,379.0,208.0,-18.0,-282.0,-864.0
-45.0,299.0,-104.0,135.0,-43.0,333.0,189.0,-16.0,-364.0,-896.0
-90.0,402.0,-108.0,179.0,-77.0,351.0,133.0,-64.0,-416.0,-924.0
-158.0,540.0,-93.0,249.0,-86.0,346.0,78.0,66.0,-466.0,-915.0
-198.0,822.0,-81.0,318.0,-78.0,283.0,101.0,64.0,-528.0,-903.0
-234.0,1232.0,-97.0,369.0,-75.0,210.0,135.0,27.0,-579.0,-915.0
-273.0,1397.0,-122.0,416.0,-66.0,227.0,141.0,51.0,-595.0,-940.0
-308.0,1118.0,-151.0,423.0,-36.0,262.0,130.0,147.0,-590.0,-948.0
-348.0,754.0,-192.0,432.0,5.0,223.0,110.0,223.0,-586.0,-945.0
-362.0,646.0,-235.0,415.0,33.0,225.0,99.0,194.0,-585.0,-956.0
-371.0,696.0,-241.0,376.0,40.0,267.0,71.0,214.0,-585.0,-934.0
-387.0,724.0,-239.0,309.0,35.0,230.0,91.0,81.0,-580.0,-881.0
-395.0,582.0,-225.0,207.0,30.0,124.0,161.0,70.0,-575.0,-823.0
-393.0,243.0,-186.0,100.0,36.0,89.0,197.0,79.0,-569.0,-758.0
-380.0,-60.0,-132.0,11.0,49.0,127.0,215.0,-31.0,-563.0,-695.0
-383.0,-288.0,-78.0,-93.0,63.0,62.0,286.0,-33.0,-575.0,-614.0
-376.0,-623.0,-38.0,-197.0,65.0,-74.0,388.0,-127.0,-580.0,-558.0
-359.0,-923.0,24.0,-262.0,32.0,-87.0,466.0,-249.0,-566.0,-522.0
-352.0,-978.0,80.0,-329.0,-29.0,31.0,518.0,-424.0,-560.0,-488.0
-332.0,-937.0,128.0,-370.0,-93.0,115.0,539.0,-471.0,-546.0,-485.0
-302.0,-936.0,190.0,-355.0,-135.0,170.0,532.0,-447.0,-538.0,-486.0
-263.0,-906.0,223.0,-304.0,-148.0,271.0,497.0,-421.0,-517.0,-476.0
-221.0,-774.0,272.0,-245.0,-128.0,283.0,467.0,-136.0,-457.0,-438.0
-175.0,-584.0,284.0,-175.0,-103.0,223.0,400.0,29.0,-395.0,-383.0
-132.0,-523.0,247.0,-105.0,-101.0,254.0,282.0,194.0,-329.0,-300.0
-101.0,-628.0,262.0,-77.0,-125.0,222.0,192.0,173.0,-266.0,-167.0
-77.0,-648.0,239.0,-89.0,-156.0,71.0,188.0,51.0,-227.0,-29.0
-55.0,-502.0,190.0,-101.0,-178.0,-26.0,257.0,116.0,-214.0,78.0
-17.0,-325.0,157.0,-112.0,-185.0,-53.0,314.0,-62.0,-219.0,172.0
17.0,-152.0,113.0,-77.0,-172.0,-129.0,352.0,-101.0,-212.0,254.0
76.0,11.0,45.0,-20.0,-148.0,-236.0,385.0,-123.0,-188.0,284.0
147.0,163.0,-35.0,-19.0,-122.0,-183.0,432.0,-188.0,-143.0,290.0
210.0,361.0,-84.0,-10.0,-101.0,-37.0,493.0,-90.0,-100.0,310.0
274.0,654.0,-145.0,2.0,-84.0,31.0,540.0,-40.0,-30.0,333.0
318.0,996.0,-169.0,31.0,-54.0,-29.0,551.0,-27.0,68.0,329.0
389.0,1265.0,-184.0,81.0,-2.0,-89.0,489.0,-136.0,161.0,324.0
438.0,1424.0,-216.0,115.0,45.0,-22.0,369.0,-77.0,272.0,345.0
479.0,1482.0,-248.0,166.0,64.0,8.0,249.0,-55.0,353.0,371.0
526.0,1337.0,-285.0,209.0,76.0,-4.0,161.0,-73.0,424.0,385.0
555.0,864.0,-288.0,231.0,90.0,-22.0,126.0,-9.0,495.0,392.0
595.0,218.0,-312.0,246.0,85.0,-47.0,164.0,-260.0,559.0,430.0
616.0,-322.0,-285.0,255.0,43.0,-106.0,211.0,-443.0,602.0,457.0
634.0,-748.0,-256.0,269.0,-12.0,-170.0,247.0,-554.0,581.0,453.0
636.0,-1078.0,-236.0,314.0,-40.0,-89.0,300.0,-615.0,561.0,453.0
640.0,-1183.0,-186.0,353.0,-31.0,-110.0,365.0,-489.0,558.0,435.0
604.0,-1074.0,-163.0,370.0,7.0,-247.0,416.0,-312.0,557.0,384.0
571.0,-793.0,-128.0,414.0,59.0,-228.0,369.0,-201.0,544.0,333.0
546.0,-339.0,-102.0,440.0,115.0,-150.0,268.0,-219.0,507.0,296.0
502.0,35.0,-74.0,482.0,154.0,-135.0,173.0,-44.0,444.0,253.0
480.0,101.0,-58.0,534.0,176.0,-188.0,115.0,-133.0,354.0,193.0
437.0,36.0,-34.0,536.0,196.0,-164.0,89.0,-253.0,257.0,122.0
415.0,100.0,25.0,527.0,214.0,-14.0,26.0,-166.0,143.0,57.0
349.0,300.0,31.0,505.0,232.0,44.0,-30.0,-242.0,46.0,0.0
299.0,385.0,51.0,484.0,245.0,17.0,-57.0,-57.0,-31.0,-68.0
232.0,255.0,88.0,452.0,235.0,-5.0,-66.0,-97.0,-106.0,-125.0
141.0,126.0,58.0,403.0,181.0,-58.0,-67.0,-144.0,-180.0,-154.0
98.0,71.0,46.0,360.0,94.0,-158.0,-60.0,-27.0,-274.0,-181.0
40.0,24.0,48.0,325.0,7.0,-273.0,-31.0,-79.0,-343.0,-211.0
1.0,112.0,32.0,256.0,-46.0,-321.0,10.0,29.0,-386.0,-225.0
-38.0,398.0,8.0,217.0,-61.0,-327.0,46.0,79.0,-423.0,-229.0
-56.0,726.0,-5.0,201.0,-55.0,-347.0,32.0,195.0,-432.0,-233.0
-88.0,920.0,-39.0,144.0,-63.0,-344.0,35.0,140.0,-423.0,-237.0
-118.0,832.0,-93.0,103.0,-93.0,-259.0,76.0,48.0,-395.0,-224.0
-161.0,485.0,-86.0,82.0,-121.0,-180.0,63.0,-18.0,-363.0,-188.0
-203.0,92.0,-109.0,117.0,-142.0,-179.0,-22.0,-317.0,-334.0,-164.0
-238.0,-186.0,-103.0,98.0,-162.0,-140.0,-96.0,-327.0,-311.0,-162.0
-285.0,-275.0,-85.0,76.0,-190.0,-25.0,-110.0,-373.0,-291.0,-159.0
-299.0,-198.0,-107.0,131.0,-224.0,-33.0,-109.0,-321.0,-248.0,-169.0
-353.0,-33.0,-71.0,165.0,-254.0,-152.0,-143.0,-208.0,-173.0,-209.0
-390.0,99.0,-78.0,186.0,-273.0,-162.0,-214.0,-327.0,-85.0,-251.0
-425.0,49.0,-84.0,250.0,-276.0,-183.0,-224.0,-297.0,1.0,-270.0
-451.0,-210.0,-60.0,321.0,-263.0,-286.0,-185.0,-323.0,102.0,-295.0
-476.0,-581.0,-55.0,343.0,-234.0,-330.0,-183.0,-256.0,196.0,-344.0
-506.0,-869.0,-52.0,394.0,-182.0,-258.0,-184.0,-175.0,270.0,-384.0
-519.0,-942.0,-59.0,380.0,-111.0,-227.0,-128.0,-121.0,304.0,-429.0
-537.0,-795.0,-73.0,355.0,-30.0,-348.0,-53.0,-84.0,321.0,-471.0
-538.0,-506.0,-103.0,338.0,47.0,-357.0,-1.0,-169.0,333.0,-502.0
-538.0,-212.0,-132.0,305.0,111.0,-248.0,63.0,-81.0,323.0,-501.0
-517.0,-55.0,-165.0,306.0,159.0,-219.0,104.0,-123.0,290.0,-452.0
-505.0,-8.0,-203.0,276.0,183.0,-233.0,74.0,-88.0,227.0,-415.0
-473.0,109.0,-224.0,262.0,176.0,-293.0,-18.0,48.0,158.0,-375.0
-468.0,312.0,-267.0,219.0,148.0,-399.0,-151.0,70.0,87.0,-333.0
-468.0,576.0,-296.0,169.0,124.0,-498.0,-218.0,127.0,13.0,-329.0
-456.0,983.0,-304.0,155.0,108.0,-560.0,-151.0,-27.0,-63.0,-364.0
-442.0,1396.0,-339.0,152.0,87.0,-500.0,-17.0,-171.0,-90.0,-420.0
-408.0,1570.0,-315.0,176.0,59.0,-398.0,66.0,-247.0,-69.0,-479.0
-384.0,1555.0,-310.0,214.0,41.0,-400.0,58.0,-275.0,-25.0,-571.0
-343.0,1528.0,-316.0,187.0,39.0,-362.0,43.0,-269.0,40.0,-666.0
-320.0,1399.0,-310.0,150.0,42.0,-273.0,49.0,-273.0,80.0,-728.0
-286.0,970.0,-339.0,144.0,35.0,-262.0,76.0,-144.0,126.0,-742.0
-259.0,354.0,-339.0,132.0,7.0,-226.0,141.0,-173.0,181.0,-755.0
-235.0,-138.0,-337.0,107.0,-42.0,-222.0,156.0,-70.0,234.0,-732.0
-205.0,-384.0,-343.0,51.0,-97.0,-291.0,96.0,51.0,268.0,-672.0
-146.0,-498.0,-336.0,18.0,-136.0,-322.0,20.0,3.0,257.0,-617.0
-83.0,-693.0,-297.0,-31.0,-156.0,-327.0,-43.0,199.0,222.0,-534.0
-25.0,-982.0,-287.0,-97.0,-167.0,-272.0,-64.0,240.0,143.0,-453.0
41.0,-1200.0,-253.0,-130.0,-167.0,-262.0,-24.0,169.0,29.0,-347.0
88.0,-1285.0,-213.0,-150.0,-146.0,-285.0,15.0,140.0,-129.0,-265.0
133.0,-1312.0,-208.0,-170.0,-105.0,-212.0,-27.0,59.0,-309.0,-200.0
150.0,-1366.0,-147.0,-213.0,-59.0,-155.0,-89.0,38.0,-485.0,-123.0
189.0,-1448.0,-108.0,-270.0,-31.0,-164.0,-138.0,-25.0,-665.0,-59.0
208.0,-1475.0,-69.0,-314.0,-21.0,-203.0,-162.0,66.0,-816.0,5.0
234.0,-1382.0,-7.0,-346.0,-10.0,-180.0,-107.0,29.0,-903.0,67.0
262.0,-1214.0,49.0,-385.0,12.0,-129.0,-20.0,44.0,-916.0,156.0
289.0,-932.0,96.0,-404.0,48.0,-162.0,38.0,254.0,-869.0,234.0
299.0,-403.0,140.0,-402.0,90.0,-198.0,21.0,253.0,-779.0,303.0
294.0,364.0,174.0,-404.0,124.0,-154.0,-35.0,376.0,-689.0,351.0
290.0,1174.0,181.0,-398.0,142.0,-146.0,-78.0,408.0,-580.0,359.0
222.0,1818.0,193.0,-409.0,155.0,-236.0,-87.0,432.0,-451.0,338.0
181.0,2264.0,195.0,-421.0,175.0,-257.0,-84.0,495.0,-321.0,298.0
134.0,2494.0,199.0,-386.0,193.0,-198.0,-117.0,415.0,-143.0,264.0
111.0,2435.0,190.0,-338.0,194.0,-148.0,-113.0,345.0,46.0,225.0
65.0,2145.0,195.0,-289.0,180.0,-146.0,-77.0,173.0,254.0,208.0
44.0,1754.0,197.0,-208.0,148.0,-111.0,-61.0,20.0,457.0,219.0
38.0,1298.0,168.0,-93.0,92.0,16.0,-61.0,-249.0,616.0,250.0
2.0,750.0,165.0,27.0,11.0,26.0,-92.0,-303.0,731.0,308.0
-20.0,120.0,135.0,137.0,-76.0,-27.0,-60.0,-275.0,796.0,379.0
-64.0,-454.0,91.0,211.0,-139.0,-16.0,42.0,-360.0,838.0,461.0
-78.0,-798.0,97.0,249.0,-172.0,-21.0,76.0,-334.0,862.0,522.0
-135.0,-994.0,80.0,257.0,-178.0,-108.0,41.0,-428.0,862.0,538.0
-154.0,-1270.0,24.0,255.0,-164.0,-168.0,31.0,-345.0,828.0,514.0
-168.0,-1625.0,24.0,282.0,-134.0,-49.0,49.0,-312.0,752.0,475.0
-167.0,-1740.0,3.0,318.0,-91.0,71.0,76.0,-295.0,642.0,432.0
-156.0,-1435.0,-42.0,325.0,-50.0,66.0,139.0,-153.0,514.0,361.0
-169.0,-1003.0,-25.0,304.0,-12.0,1.0,207.0,-96.0,383.0,283.0
-147.0,-812.0,-39.0,269.0,23.0,27.0,246.0,31.0,269.0,201.0
-147.0,-930.0,-53.0,193.0,49.0,45.0,279.0,11.0,204.0,107.0
-151.0,-1125.0,-13.0,104.0,50.0,-28.0,304.0,-7.0,181.0,21.0
-171.0,-1134.0,-37.0,41.0,29.0,8.0,303.0,-53.0,174.0,-38.0
-167.0,-901.0,-45.0,-22.0,10.0,29.0,285.0,-59.0,153.0,-70.0
-179.0,-527.0,-30.0,-77.0,0.0,-22.0,293.0,27.0,119.0,-80.0
-182.0,-116.0,-61.0,-126.0,-13.0,-13.0,279.0,-70.0,108.0,-45.0
-194.0,268.0,-79.0,-155.0,-31.0,143.0,200.0,14.0,111.0,3.0
-221.0,554.0,-124.0,-152.0,-43.0,222.0,134.0,-33.0,108.0,58.0
-263.0,668.0,-154.0,-134.0,-43.0,89.0,122.0,-142.0,122.0,114.0
-325.0,571.0,-206.0,-80.0,-37.0,14.0,124.0,-114.0,131.0,145.0
-356.0,373.0,-278.0,-6.0,-39.0,25.0,129.0,-234.0,138.0,177.0
-420.0,227.0,-304.0,78.0,-51.0,66.0,160.0,-131.0,169.0,183.0
-440.0,136.0,-380.0,199.0,-61.0,29.0,228.0,-86.0,197.0,171.0
-459.0,145.0,-426.0,314.0,-60.0,24.0,323.0,-72.0,201.0,152.0
-462.0,254.0,-447.0,387.0,-39.0,87.0,381.0,7.0,199.0,128.0
-469.0,317.0,-481.0,426.0,10.0,68.0,362.0,14.0,201.0,108.0
-496.0,233.0,-468.0,456.0,84.0,46.0,282.0,31.0,224.0,84.0
-510.0,-37.0,-447.0,478.0,162.0,43.0,152.0,-86.0,274.0,95.0
-539.0,-541.0,-422.0,498.0,217.0,33.0,90.0,-40.0,300.0,129.0
-532.0,-1172.0,-348.0,514.0,224.0,-52.0,138.0,42.0,295.0,212.0
-554.0,-1572.0,-266.0,550.0,182.0,-67.0,118.0,175.0,271.0,331.0
-554.0,-1584.0,-200.0,577.0,107.0,-71.0,26.0,301.0,261.0,443.0
-555.0,-1405.0,-87.0,581.0,29.0,-185.0,-35.0,273.0,274.0,550.0
-544.0,-1181.0,3.0,624.0,-26.0,-275.0,-80.0,247.0,275.0,622.0
-528.0,-989.0,69.0,659.0,-49.0,-306.0,-72.0,116.0,262.0,646.0
-526.0,-851.0,144.0,640.0,-43.0,-231.0,-55.0,70.0,225.0,612.0
-506.0,-654.0,206.0,618.0,-30.0,-120.0,-97.0,25.0,195.0,533.0
-504.0,-260.0,271.0,594.0,-25.0,-55.0,-149.0,46.0,165.0,392.0
-493.0,327.0,332.0,546.0,-21.0,-72.0,-165.0,88.0,123.0,237.0
-488.0,889.0,378.0,522.0,-6.0,-110.0,-171.0,72.0,69.0,91.0
-435.0,1202.0,417.0,467.0,26.0,-198.0,-248.0,99.0,-7.0,-50.0
-419.0,1321.0,459.0,388.0,68.0,-306.0,-327.0,-25.0,-97.0,-149.0
-413.0,1424.0,452.0,359.0,105.0,-327.0,-283.0,49.0,-202.0,-226.0
-383.0,1537.0,462.0,312.0,123.0,-408.0,-211.0,110.0,-295.0,-275.0
-363.0,1536.0,463.0,262.0,116.0,-478.0,-216.0,-22.0,-353.0,-314.0
-314.0,1316.0,416.0,264.0,97.0,-424.0,-250.0,36.0,-371.0,-340.0
-301.0,878.0,417.0,280.0,77.0,-310.0,-208.0,46.0,-367.0,-367.0
-272.0,393.0,386.0,271.0,76.0,-237.0,-120.0,123.0,-379.0,-426.0
-232.0,50.0,357.0,271.0,93.0,-258.0,-75.0,162.0,-398.0,-477.0
-174.0,-176.0,362.0,269.0,110.0,-268.0,-152.0,192.0,-421.0,-542.0
-133.0,-480.0,320.0,249.0,114.0,-254.0,-292.0,347.0,-448.0,-636.0
-113.0,-872.0,281.0,207.0,106.0,-289.0,-341.0,282.0,-463.0,-712.0
-47.0,-1076.0,266.0,142.0,92.0,-358.0,-325.0,345.0,-448.0,-752.0
0.0,-982.0,235.0,114.0,64.0,-366.0,-279.0,282.0,-405.0,-774.0
24.0,-878.0,194.0,117.0,14.0,-365.0,-253.0,195.0,-327.0,-794.0
44.0,-934.0,190.0,141.0,-54.0,-454.0,-272.0,328.0,-255.0,-791.0
56.0,-1021.0,160.0,135.0,-124.0,-491.0,-246.0,291.0,-215.0,-763.0
89.0,-1058.0,111.0,114.0,-179.0,-436.0,-198.0,323.0,-201.0,-730.0
115.0,-1014.0,111.0,140.0,-226.0,-373.0,-188.0,199.0,-201.0,-684.0
119.0,-902.0,76.0,161.0,-280.0,-327.0,-119.0,48.0,-177.0,-633.0
146.0,-808.0,48.0,166.0,-330.0,-288.0,31.0,-75.0,-151.0,-579.0
161.0,-717.0,55.0,211.0,-345.0,-241.0,59.0,-168.0,-125.0,-515.0
173.0,-457.0,55.0,209.0,-321.0,-304.0,-105.0,-38.0,-115.0,-438.0
173.0,30.0,34.0,157.0,-265.0,-298.0,-288.0,-7.0,-109.0,-340.0
155.0,573.0,24.0,134.0,-186.0,-121.0,-256.0,79.0,-74.0,-243.0
159.0,1029.0,27.0,96.0,-109.0,-112.0,-32.0,120.0,-42.0,-130.0
166.0,1319.0,-11.0,72.0,-51.0,-246.0,101.0,164.0,-12.0,19.0
172.0,1360.0,-7.0,32.0,-14.0,-260.0,31.0,179.0,21.0,173.0
175.0,1212.0,-25.0,-17.0,10.0,-187.0,-105.0,168.0,50.0,339.0
187.0,1050.0,-47.0,-85.0,31.0,-164.0,-112.0,271.0,89.0,500.0
192.0,903.0,-57.0,-163.0,46.0,-259.0,9.0,190.0,122.0,636.0
201.0,643.0,-67.0,-196.0,64.0,-340.0,119.0,218.0,135.0,763.0
183.0,320.0,-59.0,-231.0,101.0,-228.0,84.0,97.0,135.0,853.0
139.0,112.0,-64.0,-218.0,152.0,-160.0,-62.0,-62.0,99.0,915.0
96.0,84.0,-12.0,-186.0,196.0,-258.0,-199.0,-79.0,53.0,946.0
45.0,169.0,-10.0,-159.0,209.0,-281.0,-213.0,-312.0,5.0,947.0
3.0,185.0,7.0,-114.0,194.0,-215.0,-79.0,-376.0,-35.0,948.0
-30.0,-35.0,37.0,-101.0,162.0,-148.0,-5.0,-421.0,-22.0,924.0
-58.0,-491.0,2.0,-96.0,110.0,-123.0,-50.0,-312.0,-23.0,903.0
-88.0,-1006.0,3.0,-128.0,51.0,-95.0,-143.0,-164.0,-41.0,885.0
-105.0,-1400.0,5.0,-174.0,-1.0,-92.0,-186.0,-158.0,-54.0,849.0
-134.0,-1660.0,-28.0,-190.0,-45.0,-202.0,-135.0,-42.0,-73.0,820.0
-167.0,-1777.0,-42.0,-298.0,-76.0,-208.0,-38.0,-144.0,-100.0,794.0
-207.0,-1633.0,-40.0,-373.0,-85.0,-142.0,52.0,-116.0,-129.0,779.0
-251.0,-1222.0,-92.0,-397.0,-65.0,-159.0,57.0,-123.0,-157.0,758.0
-302.0,-681.0,-110.0,-484.0,-29.0,-156.0,24.0,-121.0,-193.0,750.0
-328.0,-134.0,-104.0,-521.0,-9.0,-176.0,9.0,0.0,-225.0,740.0
-353.0,401.0,-120.0,-574.0,-6.0,-159.0,38.0,-59.0,-223.0,699.0
-411.0,903.0,-109.0,-592.0,-13.0,-145.0,88.0,114.0,-181.0,654.0
-418.0,1217.0,-58.0,-568.0,-19.0,-171.0,73.0,131.0,-138.0,595.0
-426.0,1263.0,-36.0,-553.0,-27.0,-67.0,12.0,116.0,-96.0,539.0
-422.0,1116.0,-5.0,-506.0,-34.0,13.0,12.0,110.0,-58.0,480.0
-411.0,961.0,42.0,-480.0,-29.0,17.0,58.0,-25.0,-30.0,426.0
-380.0,957.0,39.0,-411.0,-23.0,37.0,68.0,31.0,16.0,411.0
-336.0,1121.0,83.0,-372.0,-27.0,-45.0,80.0,73.0,67.0,421.0
-318.0,1388.0,103.0,-313.0,-50.0,-165.0,84.0,223.0,112.0,445.0
-291.0,1696.0,119.0,-252.0,-91.0,-142.0,70.0,254.0,157.0,496.0
-278.0,1951.0,174.0,-235.0,-124.0,-97.0,60.0,406.0,190.0,578.0
-255.0,1952.0,199.0,-195.0,-123.0,-123.0,113.0,591.0,210.0,660.0
-222.0,1590.0,250.0,-203.0,-84.0,-200.0,183.0,508.0,210.0,733.0
-170.0,970.0,258.0,-180.0,-27.0,-268.0,180.0,478.0,199.0,808.0
-115.0,294.0,265.0,-181.0,23.0,-154.0,172.0,256.0,208.0,869.0
-41.0,-297.0,252.0,-151.0,42.0,-66.0,142.0,86.0,204.0,893.0
51.0,-777.0,210.0,-66.0,25.0,-104.0,71.0,-118.0,194.0,905.0
129.0,-1164.0,201.0,19.0,-13.0,-59.0,-4.0,-223.0,177.0,905.0
193.0,-1461.0,151.0,105.0,-63.0,18.0,-71.0,-109.0,161.0,882.0
244.0,-1767.0,156.0,159.0,-115.0,96.0,-29.0,-107.0,157.0,853.0
302.0,-2191.0,164.0,245.0,-148.0,41.0,82.0,12.0,126.0,820.0
337.0,-2602.0,126.0,258.0,-156.0,-142.0,65.0,-48.0,102.0,789.0
369.0,-2703.0,166.0,245.0,-154.0,-167.0,6.0,-116.0,63.0,750.0
404.0,-2363.0,188.0,252.0,-147.0,-169.0,60.0,-203.0,16.0,716.0
455.0,-1830.0,174.0,242.0,-131.0,-219.0,114.0,-373.0,-40.0,681.0
484.0,-1441.0,219.0,217.0,-113.0,-158.0,128.0,-279.0,-123.0,634.0
468.0,-1321.0,280.0,197.0,-92.0,-179.0,141.0,-227.0,-191.0,571.0
450.0,-1361.0,328.0,181.0,-64.0,-245.0,162.0,-83.0,-262.0,484.0
452.0,-1338.0,367.0,151.0,-31.0,-198.0,151.0,-9.0,-318.0,413.0
454.0,-1056.0,407.0,139.0,7.0,-107.0,78.0,-38.0,-362.0,352.0
434.0,-414.0,429.0,143.0,52.0,-44.0,7.0,-49.0,-402.0,329.0
412.0,594.0,431.0,207.0,88.0,-134.0,45.0,-240.0,-423.0,341.0
407.0,1861.0,449.0,257.0,104.0,-242.0,202.0,-234.0,-445.0,358.0
407.0,3094.0,446.0,345.0,101.0,-244.0,303.0,-293.0,-455.0,383.0
375.0,3940.0,445.0,440.0,93.0,-274.0,211.0,-354.0,-446.0,407.0
366.0,4184.0,433.0,515.0,102.0,-309.0,21.0,-293.0,-413.0,422.0
349.0,3852.0,407.0,598.0,132.0,-293.0,-6.0,-314.0,-371.0,437.0
338.0,3163.0,396.0,629.0,165.0,-273.0,211.0,-188.0,-360.0,467.0
311.0,2421.0,334.0,649.0,186.0,-279.0,409.0,-171.0,-356.0,481.0
287.0,1822.0,280.0,602.0,179.0,-266.0,317.0,-149.0,-342.0,491.0
297.0,1319.0,211.0,522.0,135.0,-201.0,71.0,-184.0,-321.0,487.0
272.0,844.0,142.0,447.0,62.0,-180.0,17.0,-269.0,-321.0,455.0
287.0,385.0,100.0,385.0,-18.0,-263.0,174.0,-249.0,-343.0,417.0
259.0,-108.0,5.0,322.0,-89.0,-310.0,307.0,-321.0,-356.0,373.0
255.0,-633.0,-16.0,311.0,-138.0,-152.0,260.0,-277.0,-352.0,340.0
243.0,-1000.0,-41.0,305.0,-163.0,-32.0,151.0,-345.0,-331.0,317.0
207.0,-1044.0,-105.0,256.0,-170.0,-155.0,104.0,-352.0,-314.0,306.0
199.0,-979.0,-125.0,275.0,-161.0,-204.0,138.0,-306.0,-290.0,333.0
136.0,-1047.0,-165.0,272.0,-137.0,-161.0,231.0,-419.0,-229.0,379.0
93.0,-1154.0,-176.0,288.0,-102.0,-235.0,336.0,-356.0,-157.0,417.0
19.0,-1250.0,-208.0,302.0,-71.0,-367.0,422.0,-389.0,-74.0,489.0
-14.0,-1461.0,-231.0,256.0,-42.0,-394.0,378.0,-321.0,27.0,570.0
-68.0,-1672.0,-215.0,196.0,-7.0,-281.0,215.0,-157.0,148.0,611.0
-102.0,-1554.0,-241.0,109.0,29.0,-190.0,102.0,-57.0,237.0,647.0
-97.0,-1036.0,-246.0,54.0,68.0,-205.0,174.0,105.0,299.0,666.0
-104.0,-314.0,-246.0,-41.0,98.0,-219.0,391.0,179.0,364.0,675.0
-105.0,394.0,-252.0,-131.0,109.0,-132.0,551.0,279.0,402.0,685.0
-168.0,966.0,-258.0,-136.0,107.0,-58.0,518.0,186.0,438.0,705.0
-193.0,1348.0,-250.0,-159.0,91.0,-70.0,364.0,72.0,462.0,731.0
-265.0,1405.0,-252.0,-204.0,65.0,-132.0,302.0,-16.0,474.0,744.0
-324.0,1097.0,-255.0,-185.0,41.0,-208.0,407.0,-110.0,485.0,770.0
-361.0,667.0,-238.0,-157.0,38.0,-241.0,503.0,-27.0,490.0,811.0
-360.0,397.0,-244.0,-170.0,59.0,-198.0,464.0,-142.0,479.0,862.0
-328.0,277.0,-238.0,-179.0,92.0,-170.0,409.0,-162.0,440.0,901.0
-308.0,95.0,-224.0,-193.0,126.0,-173.0,392.0,-197.0,403.0,943.0
-285.0,-242.0,-218.0,-181.0,156.0,-58.0,320.0,-330.0,361.0,995.0
-313.0,-693.0,-217.0,-186.0,179.0,7.0,229.0,-299.0,334.0,1014.0
-299.0,-1143.0,-193.0,-202.0,179.0,-20.0,225.0,-321.0,323.0,1037.0
-318.0,-1536.0,-229.0,-234.0,143.0,-25.0,269.0,-267.0,316.0,1070.0
-326.0,-1841.0,-239.0,-299.0,74.0,-20.0,280.0,-334.0,308.0,1092.0
-320.0,-1859.0,-252.0,-351.0,11.0,88.0,227.0,-301.0,303.0,1090.0
-295.0,-1427.0,-291.0,-420.0,-20.0,93.0,131.0,-147.0,318.0,1065.0
-245.0,-730.0,-285.0,-466.0,-20.0,-62.0,111.0,-60.0,334.0,1017.0
-195.0,-122.0,-310.0,-499.0,2.0,-70.0,203.0,116.0,364.0,908.0
-142.0,183.0,-271.0,-521.0,40.0,50.0,294.0,59.0,398.0,766.0
-126.0,210.0,-298.0,-510.0,79.0,79.0,268.0,116.0,422.0,624.0
-93.0,188.0,-314.0,-470.0,111.0,22.0,108.0,105.0,437.0,478.0
-101.0,292.0,-295.0,-420.0,150.0,32.0,-60.0,-27.0,401.0,333.0
-101.0,511.0,-320.0,-350.0,201.0,44.0,-104.0,38.0,329.0,220.0
-120.0,698.0,-289.0,-268.0,255.0,21.0,-71.0,-24.0,252.0,137.0
-99.0,704.0,-268.0,-207.0,300.0,10.0,-74.0,18.0,185.0,45.0
-73.0,543.0,-209.0,-151.0,318.0,68.0,-107.0,70.0,118.0,-55.0
-84.0,267.0,-170.0,-120.0,299.0,267.0,-168.0,173.0,43.0,-164.0
-72.0,-81.0,-133.0,-107.0,244.0,353.0,-242.0,297.0,-2.0,-278.0
-117.0,-335.0,-66.0,-119.0,176.0,273.0,-317.0,358.0,-34.0,-389.0
-129.0,-354.0,-22.0,-145.0,120.0,278.0,-372.0,436.0,-29.0,-475.0
-172.0,-252.0,16.0,-222.0,88.0,307.0,-380.0,293.0,16.0,-510.0
-176.0,-118.0,71.0,-322.0,80.0,269.0,-341.0,314.0,39.0,-505.0
-155.0,155.0,133.0,-397.0,93.0,250.0,-292.0,288.0,54.0,-459.0
-161.0,537.0,176.0,-454.0,114.0,252.0,-306.0,282.0,74.0,-367.0
-156.0,848.0,243.0,-484.0,130.0,248.0,-355.0,471.0,98.0,-230.0
-201.0,1051.0,289.0,-494.0,140.0,256.0,-402.0,406.0,115.0,-72.0
-217.0,1154.0,330.0,-462.0,149.0,297.0,-377.0,349.0,114.0,102.0
-238.0,1207.0,383.0,-444.0,152.0,308.0,-303.0,155.0,121.0,299.0
-233.0,1373.0,402.0,-398.0,145.0,250.0,-302.0,-35.0,124.0,473.0
-221.0,1582.0,425.0,-311.0,134.0,169.0,-314.0,-133.0,100.0,619.0
-206.0,1556.0,475.0,-245.0,137.0,164.0,-327.0,-343.0,47.0,736.0
-186.0,1242.0,500.0,-173.0,147.0,217.0,-302.0,-338.0,-14.0,814.0
-168.0,814.0,512.0,-87.0,140.0,187.0,-209.0,-282.0,-70.0,854.0
-134.0,346.0,568.0,41.0,100.0,181.0,-130.0,-243.0,-109.0,845.0
-145.0,-280.0,574.0,182.0,42.0,246.0,-95.0,-253.0,-148.0,844.0
-133.0,-1050.0,566.0,312.0,-2.0,239.0,-120.0,-168.0,-185.0,813.0
-125.0,-1664.0,614.0,412.0,-23.0,181.0,-154.0,-66.0,-204.0,737.0
-113.0,-1900.0,619.0,453.0,-21.0,191.0,-219.0,-166.0,-209.0,676.0
-92.0,-1792.0,629.0,461.0,6.0,135.0,-277.0,-147.0,-206.0,602.0
-71.0,-1522.0,657.0,456.0,53.0,8.0,-211.0,-155.0,-236.0,511.0
-63.0,-1273.0,630.0,440.0,105.0,48.0,-93.0,-83.0,-284.0,423.0
-69.0,-1017.0,640.0,421.0,142.0,158.0,-23.0,-103.0,-314.0,367.0
-81.0,-575.0,635.0,420.0,157.0,210.0,-12.0,-188.0,-322.0,320.0
-98.0,35.0,593.0,420.0,164.0,171.0,-7.0,-92.0,-322.0,280.0
-92.0,550.0,569.0,440.0,173.0,157.0,10.0,-142.0,-343.0,254.0
-66.0,790.0,522.0,448.0,177.0,180.0,4.0,-79.0,-347.0,237.0
-34.0,772.0,462.0,462.0,164.0,114.0,-37.0,-40.0,-326.0,227.0
-12.0,621.0,374.0,482.0,135.0,73.0,-34.0,-24.0,-314.0,194.0
20.0,495.0,324.0,483.0,83.0,121.0,26.0,-40.0,-302.0,194.0
12.0,374.0,241.0,527.0,3.0,195.0,53.0,-184.0,-305.0,218.0
18.0,79.0,133.0,522.0,-83.0,153.0,32.0,-173.0,-292.0,242.0
10.0,-379.0,89.0,532.0,-151.0,46.0,12.0,-325.0,-261.0,266.0
15.0,-714.0,24.0,560.0,-180.0,83.0,41.0,-380.0,-235.0,297.0
36.0,-701.0,-47.0,527.0,-180.0,187.0,113.0,-380.0,-221.0,302.0
30.0,-349.0,-85.0,494.0,-178.0,171.0,195.0,-417.0,-231.0,244.0
49.0,198.0,-109.0,384.0,-189.0,134.0,224.0,-308.0,-228.0,184.0
31.0,751.0,-159.0,266.0,-208.0,208.0,157.0,-384.0,-230.0,122.0
35.0,1181.0,-191.0,124.0,-222.0,273.0,67.0,-286.0,-216.0,76.0
0.0,1401.0,-223.0,-38.0,-213.0,217.0,32.0,-186.0,-193.0,51.0
-27.0,1338.0,-283.0,-129.0,-180.0,114.0,62.0,-190.0,-161.0,57.0
-68.0,1023.0,-313.0,-244.0,-139.0,107.0,126.0,-94.0,-60.0,103.0
-93.0,644.0,-376.0,-359.0,-97.0,125.0,141.0,-75.0,39.0,162.0
-78.0,331.0,-415.0,-480.0,-49.0,60.0,66.0,11.0,115.0,236.0
-87.0,53.0,-451.0,-633.0,0.0,21.0,-15.0,57.0,195.0,305.0
-55.0,-204.0,-496.0,-750.0,39.0,12.0,0.0,291.0,274.0,390.0
-62.0,-383.0,-488.0,-835.0,58.0,10.0,72.0,491.0,351.0,477.0
-41.0,-396.0,-500.0,-878.0,61.0,111.0,148.0,460.0,408.0,549.0
-25.0,-284.0,-459.0,-891.0,74.0,206.0,207.0,448.0,439.0,594.0
-7.0,-191.0,-435.0,-889.0,118.0,154.0,202.0,388.0,459.0,604.0
4.0,-151.0,-378.0,-827.0,189.0,41.0,168.0,484.0,494.0,587.0
42.0,-111.0,-296.0,-762.0,260.0,14.0,107.0,439.0,517.0,553.0
98.0,-43.0,-254.0,-664.0,318.0,64.0,54.0,243.0,518.0,511.0
132.0,-41.0,-162.0,-547.0,362.0,87.0,88.0,68.0,492.0,434.0
188.0,-165.0,-97.0,-486.0,380.0,4.0,175.0,-97.0,462.0,370.0
202.0,-314.0,9.0,-392.0,358.0,-47.0,182.0,-81.0,451.0,324.0
227.0,-371.0,51.0,-301.0,293.0,-14.0,96.0,5.0,451.0,285.0
219.0,-287.0,113.0,-254.0,208.0,-87.0,46.0,223.0,458.0,263.0
208.0,-43.0,206.0,-183.0,123.0,-114.0,82.0,395.0,429.0,232.0
231.0,339.0,193.0,-100.0,40.0,-10.0,158.0,430.0,392.0,192.0
284.0,643.0,245.0,-40.0,-38.0,85.0,160.0,321.0,332.0,135.0
333.0,624.0,261.0,-4.0,-111.0,104.0,74.0,88.0,217.0,53.0
375.0,280.0,264.0,65.0,-178.0,111.0,-32.0,33.0,78.0,-49.0
398.0,-222.0,277.0,122.0,-247.0,263.0,-102.0,-86.0,-71.0,-164.0
425.0,-677.0,252.0,120.0,-310.0,332.0,-119.0,-94.0,-204.0,-302.0
438.0,-925.0,259.0,149.0,-344.0,185.0,-98.0,31.0,-330.0,-445.0
399.0,-972.0,231.0,176.0,-339.0,91.0,-54.0,20.0,-433.0,-558.0
396.0,-954.0,231.0,148.0,-314.0,130.0,-4.0,48.0,-497.0,-627.0
358.0,-902.0,206.0,86.0,-293.0,96.0,-1.0,-97.0,-533.0,-660.0
347.0,-781.0,163.0,33.0,-276.0,10.0,-86.0,-182.0,-550.0,-677.0
302.0,-642.0,157.0,-44.0,-263.0,17.0,-132.0,-243.0,-547.0,-678.0
261.0,-591.0,90.0,-147.0,-253.0,26.0,-104.0,-286.0,-506.0,-673.0
227.0,-679.0,88.0,-190.0,-252.0,1.0,-52.0,-218.0,-423.0,-654.0
152.0,-739.0,72.0,-215.0,-253.0,0.0,-28.0,-273.0,-341.0,-598.0
90.0,-509.0,34.0,-201.0,-250.0,143.0,-92.0,-112.0,-279.0,-520.0
-3.0,5.0,35.0,-177.0,-238.0,265.0,-174.0,-42.0,-223.0,-436.0
-65.0,469.0,0.0,-196.0,-209.0,232.0,-186.0,-9.0,-179.0,-323.0
-141.0,714.0,12.0,-189.0,-167.0,263.0,-154.0,24.0,-110.0,-167.0
-181.0,805.0,-25.0,-201.0,-122.0,275.0,-143.0,-107.0,-25.0,-17.0
-235.0,740.0,-30.0,-237.0,-91.0,215.0,-164.0,-101.0,68.0,133.0
-273.0,664.0,-25.0,-293.0,-83.0,135.0,-158.0,-121.0,139.0,291.0
-310.0,810.0,-90.0,-361.0,-78.0,157.0,-157.0,-107.0,207.0,431.0
-339.0,1144.0,-75.0,-335.0,-68.0,252.0,-197.0,-279.0,298.0,556.0
-338.0,1435.0,-95.0,-321.0,-57.0,177.0,-193.0,-339.0,377.0,645.0
-358.0,1543.0,-121.0,-295.0,-48.0,114.0,-138.0,-223.0,460.0,719.0
-347.0,1406.0,-119.0,-193.0,-35.0,229.0,-84.0,-284.0,520.0,756.0
-336.0,1060.0,-140.0,-160.0,-8.0,323.0,-88.0,-192.0,583.0,730.0
-280.0,672.0,-128.0,-117.0,27.0,313.0,-126.0,-149.0,612.0,679.0
-255.0,331.0,-95.0,-112.0,62.0,338.0,-118.0,-31.0,575.0,608.0
-198.0,23.0,-76.0,-92.0,98.0,422.0,-99.0,118.0,524.0,515.0
-157.0,-306.0,-52.0,-52.0,133.0,454.0,-66.0,112.0,459.0,406.0
-100.0,-676.0,20.0,-64.0,173.0,413.0,-24.0,103.0,395.0,311.0
-47.0,-1037.0,48.0,-5.0,217.0,406.0,-46.0,81.0,350.0,237.0
-21.0,-1316.0,100.0,-8.0,255.0,398.0,-119.0,110.0,329.0,161.0
61.0,-1524.0,182.0,-30.0,272.0,271.0,-186.0,-16.0,299.0,94.0
97.0,-1724.0,196.0,-32.0,260.0,203.0,-207.0,-3.0,264.0,71.0
176.0,-1846.0,235.0,-47.0,226.0,265.0,-170.0,94.0,236.0,47.0
198.0,-1659.0,268.0,-71.0,178.0,313.0,-154.0,175.0,212.0,30.0
231.0,-1042.0,268.0,-92.0,127.0,303.0,-155.0,399.0,190.0,39.0
245.0,-173.0,291.0,-87.0,79.0,293.0,-137.0,460.0,162.0,48.0
255.0,695.0,288.0,-83.0,42.0,352.0,-103.0,609.0,161.0,30.0
272.0,1375.0,282.0,-37.0,36.0,402.0,-83.0,541.0,141.0,-23.0
254.0,1702.0,300.0,-22.0,67.0,346.0,-85.0,343.0,99.0,-77.0
274.0,1649.0,262.0,54.0,111.0,290.0,-83.0,349.0,39.0,-174.0
262.0,1378.0,259.0,154.0,131.0,273.0,-74.0,242.0,-44.0,-272.0
301.0,1134.0,253.0,179.0,113.0,212.0,-37.0,295.0,-110.0,-348.0
287.0,1151.0,199.0,221.0,80.0,179.0,-36.0,290.0,-172.0,-405.0
296.0,1431.0,181.0,292.0,46.0,208.0,-57.0,393.0,-204.0,-411.0
282.0,1680.0,106.0,346.0,13.0,171.0,-82.0,421.0,-207.0,-409.0
270.0,1606.0,57.0,355.0,-29.0,46.0,-130.0,83.0,-203.0,-350.0
244.0,1174.0,9.0,373.0,-87.0,-50.0,-124.0,-9.0,-192.0,-281.0
185.0,528.0,-61.0,381.0,-149.0,-79.0,-149.0,-110.0,-184.0,-217.0
174.0,-165.0,-93.0,383.0,-208.0,-62.0,-205.0,-212.0,-178.0,-132.0
119.0,-732.0,-167.0,406.0,-258.0,-75.0,-280.0,-299.0,-177.0,-61.0
124.0,-993.0,-208.0,455.0,-287.0,-84.0,-360.0,-413.0,-186.0,13.0
98.0,-887.0,-249.0,474.0,-275.0,-33.0,-359.0,-399.0,-193.0,67.0
137.0,-578.0,-282.0,459.0,-219.0,-29.0,-286.0,-343.0,-215.0,98.0
160.0,-245.0,-295.0,450.0,-133.0,-102.0,-176.0,-262.0,-259.0,91.0
180.0,52.0,-326.0,392.0,-36.0,-158.0,-152.0,-157.0,-311.0,57.0
216.0,212.0,-334.0,361.0,51.0,-108.0,-213.0,144.0,-345.0,-10.0
202.0,159.0,-349.0,339.0,120.0,-150.0,-253.0,134.0,-344.0,-108.0
226.0,-36.0,-325.0,259.0,180.0,-278.0,-246.0,-110.0,-342.0,-188.0
192.0,-318.0,-354.0,224.0,235.0,-283.0,-239.0,-243.0,-336.0,-277.0
197.0,-626.0,-329.0,178.0,287.0,-229.0,-230.0,-404.0,-315.0,-350.0
158.0,-799.0,-277.0,109.0,333.0,-179.0,-234.0,-408.0,-285.0,-390.0
158.0,-811.0,-278.0,101.0,364.0,-184.0,-255.0,-502.0,-247.0,-426.0
127.0,-819.0,-197.0,67.0,380.0,-160.0,-217.0,-493.0,-214.0,-447.0
82.0,-888.0,-172.0,20.0,383.0,-127.0,-183.0,-338.0,-183.0,-458.0
82.0,-857.0,-113.0,-34.0,377.0,-193.0,-168.0,-277.0,-161.0,-467.0
43.0,-582.0,-46.0,-98.0,368.0,-227.0,-155.0,-169.0,-123.0,-478.0
37.0,-206.0,27.0,-159.0,358.0,-200.0,-157.0,-116.0,-90.0,-494.0
-11.0,76.0,131.0,-235.0,336.0,-218.0,-168.0,-14.0,-70.0,-481.0
-20.0,257.0,206.0,-289.0,286.0,-254.0,-221.0,-86.0,-22.0,-443.0
-76.0,439.0,320.0,-354.0,206.0,-227.0,-240.0,-169.0,0.0,-372.0
-134.0,698.0,372.0,-411.0,105.0,-204.0,-196.0,-101.0,20.0,-252.0
-176.0,973.0,461.0,-413.0,-14.0,-246.0,-119.0,-147.0,42.0,-127.0
-202.0,1150.0,491.0,-373.0,-146.0,-305.0,-10.0,-79.0,25.0,6.0
-211.0,1258.0,474.0,-337.0,-266.0,-258.0,79.0,-221.0,5.0,128.0
-251.0,1365.0,499.0,-307.0,-339.0,-191.0,135.0,-321.0,-5.0,209.0
-228.0,1303.0,433.0,-279.0,-352.0,-245.0,180.0,-282.0,-9.0,250.0
-218.0,897.0,407.0,-252.0,-317.0,-217.0,230.0,-363.0,19.0,274.0
-173.0,276.0,370.0,-216.0,-260.0,-100.0,248.0,-249.0,63.0,260.0
-164.0,-272.0,283.0,-214.0,-211.0,-49.0,202.0,-319.0,83.0,206.0
-148.0,-573.0,226.0,-220.0,-194.0,-31.0,151.0,-319.0,119.0,147.0
-135.0,-667.0,149.0,-238.0,-217.0,38.0,91.0,-262.0,131.0,53.0
-118.0,-694.0,55.0,-262.0,-248.0,122.0,26.0,-336.0,101.0,-37.0
-86.0,-748.0,-17.0,-290.0,-248.0,68.0,-53.0,-336.0,78.0,-130.0
-84.0,-813.0,-79.0,-311.0,-205.0,38.0,-106.0,-410.0,66.0,-201.0
-56.0,-842.0,-127.0,-298.0,-124.0,116.0,-34.0,-280.0,69.0,-258.0
-92.0,-756.0,-154.0,-295.0,-20.0,141.0,56.0,-177.0,75.0,-326.0
-117.0,-513.0,-174.0,-256.0,87.0,152.0,114.0,-118.0,86.0,-377.0
-168.0,-222.0,-196.0,-190.0,164.0,158.0,101.0,20.0,111.0,-447.0
-190.0,109.0,-218.0,-131.0,179.0,204.0,56.0,27.0,171.0,-519.0
-191.0,504.0,-241.0,-58.0,142.0,221.0,46.0,114.0,217.0,-600.0
-197.0,797.0,-262.0,-7.0,91.0,265.0,33.0,46.0,228.0,-666.0
-164.0,876.0,-273.0,41.0,55.0,402.0,74.0,-195.0,226.0,-706.0
-157.0,849.0,-294.0,83.0,38.0,392.0,127.0,-264.0,210.0,-744.0
-141.0,810.0,-288.0,114.0,26.0,354.0,101.0,-249.0,205.0,-753.0
-139.0,799.0,-303.0,148.0,13.0,322.0,39.0,-308.0,180.0,-761.0
-118.0,905.0,-307.0,159.0,1.0,354.0,-24.0,-399.0,122.0,-767.0
-91.0,1108.0,-274.0,160.0,-2.0,434.0,-89.0,-256.0,43.0,-757.0
-46.0,1259.0,-284.0,129.0,0.0,380.0,-95.0,-48.0,-9.0,-716.0
0.0,1253.0,-258.0,87.0,-2.0,365.0,-35.0,-51.0,-29.0,-649.0
52.0,1077.0,-249.0,37.0,0.0,363.0,24.0,-229.0,-50.0,-588.0
97.0,773.0,-232.0,-29.0,13.0,334.0,3.0,-345.0,-69.0,-521.0
114.0,452.0,-206.0,-69.0,37.0,289.0,-57.0,-182.0,-90.0,-445.0
152.0,256.0,-226.0,-83.0,58.0,328.0,-98.0,-138.0,-121.0,-381.0
160.0,218.0,-174.0,-82.0,64.0,446.0,-111.0,-181.0,-148.0,-318.0
168.0,281.0,-153.0,-55.0,53.0,451.0,-50.0,-129.0,-179.0,-252.0
164.0,369.0,-141.0,-32.0,24.0,373.0,0.0,-105.0,-236.0,-177.0
185.0,447.0,-103.0,-28.0,-7.0,267.0,-23.0,-42.0,-287.0,-84.0
226.0,491.0,-96.0,0.0,-17.0,268.0,-116.0,-5.0,-343.0,5.0
275.0,471.0,-41.0,34.0,0.0,273.0,-203.0,157.0,-387.0,108.0
327.0,375.0,-27.0,39.0,16.0,210.0,-191.0,212.0,-418.0,206.0
363.0,202.0,1.0,32.0,24.0,256.0,-135.0,205.0,-457.0,280.0
393.0,-34.0,59.0,24.0,40.0,281.0,-104.0,219.0,-473.0,334.0
379.0,-333.0,48.0,-15.0,67.0,279.0,-153.0,127.0,-488.0,357.0
368.0,-607.0,67.0,-79.0,103.0,324.0,-217.0,171.0,-478.0,353.0
343.0,-711.0,77.0,-108.0,145.0,300.0,-222.0,68.0,-446.0,314.0
336.0,-639.0,68.0,-125.0,195.0,258.0,-199.0,94.0,-400.0,248.0
316.0,-551.0,57.0,-123.0,244.0,237.0,-193.0,90.0,-357.0,172.0
315.0,-635.0,58.0,-99.0,271.0,256.0,-178.0,-9.0,-333.0,87.0
332.0,-900.0,58.0,-74.0,268.0,300.0,-165.0,114.0,-275.0,-10.0
307.0,-1151.0,16.0,-29.0,255.0,248.0,-229.0,88.0,-212.0,-109.0
285.0,-1185.0,5.0,27.0,247.0,242.0,-326.0,275.0,-149.0,-205.0
229.0,-974.0,-35.0,70.0,240.0,310.0,-365.0,399.0,-66.0,-292.0
204.0,-576.0,-53.0,121.0,219.0,307.0,-308.0,384.0,40.0,-393.0
153.0,-101.0,-84.0,183.0,174.0,214.0,-233.0,454.0,152.0,-489.0
98.0,311.0,-123.0,214.0,115.0,130.0,-180.0,458.0,247.0,-560.0
57.0,606.0,-92.0,217.0,63.0,198.0,-149.0,506.0,330.0,-634.0
15.0,789.0,-118.0,230.0,16.0,279.0,-168.0,312.0,372.0,-696.0
-16.0,890.0,-86.0,231.0,-43.0,271.0,-184.0,225.0,406.0,-738.0
-65.0,935.0,-62.0,216.0,-106.0,248.0,-197.0,164.0,426.0,-750.0
-52.0,957.0,-48.0,202.0,-161.0,348.0,-207.0,38.0,431.0,-748.0
-94.0,997.0,23.0,169.0,-214.0,484.0,-204.0,134.0,448.0,-735.0
-105.0,1070.0,17.0,153.0,-270.0,480.0,-175.0,221.0,455.0,-698.0
-122.0,1154.0,83.0,114.0,-319.0,463.0,-148.0,293.0,447.0,-676.0
-161.0,1186.0,136.0,43.0,-345.0,418.0,-176.0,96.0,428.0,-658.0
-154.0,1034.0,143.0,-21.0,-347.0,394.0,-185.0,-72.0,410.0,-630.0
-153.0,642.0,202.0,-110.0,-332.0,388.0,-169.0,59.0,421.0,-582.0
-111.0,214.0,225.0,-170.0,-301.0,340.0,-119.0,168.0,454.0,-506.0
-108.0,-66.0,241.0,-216.0,-246.0,295.0,-21.0,181.0,483.0,-419.0
-74.0,-244.0,263.0,-261.0,-170.0,275.0,21.0,96.0,487.0,-314.0
-62.0,-423.0,273.0,-300.0,-85.0,365.0,13.0,332.0,472.0,-209.0
-59.0,-670.0,294.0,-339.0,-11.0,430.0,13.0,574.0,444.0,-123.0
-55.0,-1007.0,318.0,-342.0,51.0,351.0,-3.0,450.0,419.0,-52.0
-58.0,-1378.0,317.0,-376.0,106.0,283.0,-29.0,360.0,402.0,0.0
-53.0,-1559.0,339.0,-420.0,152.0,392.0,-56.0,317.0,382.0,48.0
-80.0,-1356.0,340.0,-423.0,181.0,464.0,-85.0,264.0,350.0,89.0
-61.0,-864.0,311.0,-429.0,189.0,375.0,-111.0,171.0,342.0,145.0
-71.0,-350.0,311.0,-402.0,191.0,299.0,-154.0,181.0,360.0,223.0
-57.0,72.0,286.0,-358.0,198.0,295.0,-179.0,242.0,371.0,262.0
-46.0,408.0,265.0,-303.0,204.0,323.0,-173.0,419.0,367.0,284.0
-28.0,544.0,235.0,-238.0,194.0,209.0,-194.0,572.0,325.0,289.0
0.0,457.0,209.0,-198.0,150.0,83.0,-282.0,443.0,268.0,246.0
56.0,332.0,190.0,-139.0,77.0,68.0,-333.0,541.0,210.0,183.0
145.0,292.0,158.0,-59.0,0.0,56.0,-317.0,519.0,159.0,113.0
201.0,277.0,152.0,17.0,-60.0,61.0,-316.0,295.0,151.0,54.0
266.0,208.0,136.0,100.0,-106.0,62.0,-288.0,247.0,140.0,13.0
290.0,22.0,122.0,187.0,-149.0,175.0,-237.0,118.0,124.0,-31.0
335.0,-300.0,89.0,252.0,-182.0,262.0,-187.0,79.0,113.0,-65.0
351.0,-619.0,56.0,307.0,-197.0,224.0,-157.0,84.0,83.0,-94.0
375.0,-772.0,-3.0,373.0,-205.0,249.0,-197.0,160.0,70.0,-147.0
417.0,-744.0,-62.0,438.0,-217.0,283.0,-298.0,284.0,64.0,-213.0
440.0,-601.0,-122.0,483.0,-230.0,250.0,-362.0,384.0,79.0,-299.0
438.0,-414.0,-225.0,519.0,-229.0,205.0,-334.0,447.0,91.0,-389.0
404.0,-297.0,-269.0,585.0,-207.0,256.0,-321.0,349.0,72.0,-480.0
382.0,-304.0,-343.0,657.0,-167.0,315.0,-345.0,428.0,31.0,-589.0
322.0,-360.0,-384.0,698.0,-112.0,338.0,-316.0,432.0,-40.0,-695.0
278.0,-389.0,-427.0,689.0,-49.0,357.0,-261.0,447.0,-107.0,-795.0
217.0,-333.0,-450.0,647.0,5.0,327.0,-252.0,460.0,-178.0,-882.0
172.0,-145.0,-433.0,610.0,37.0,313.0,-288.0,240.0,-259.0,-946.0
123.0,120.0,-468.0,536.0,51.0,332.0,-327.0,247.0,-363.0,-988.0
56.0,388.0,-439.0,437.0,61.0,381.0,-298.0,138.0,-498.0,-997.0
0.0,611.0,-425.0,360.0,67.0,448.0,-233.0,121.0,-604.0,-972.0
-37.0,750.0,-383.0,285.0,66.0,465.0,-216.0,234.0,-675.0,-916.0
-75.0,828.0,-348.0,204.0,60.0,490.0,-230.0,96.0,-714.0,-846.0
-117.0,816.0,-311.0,113.0,64.0,541.0,-260.0,24.0,-738.0,-770.0
-107.0,655.0,-251.0,13.0,81.0,471.0,-252.0,-64.0,-766.0,-661.0
-125.0,384.0,-227.0,-96.0,92.0,361.0,-260.0,-12.0,-770.0,-550.0
-131.0,95.0,-175.0,-232.0,90.0,299.0,-311.0,3.0,-741.0,-430.0
-167.0,-161.0,-139.0,-369.0,94.0,272.0,-280.0,73.0,-680.0,-294.0
-206.0,-362.0,-86.0,-501.0,123.0,254.0,-226.0,391.0,-600.0,-171.0
-227.0,-455.0,-64.0,-608.0,174.0,200.0,-216.0,580.0,-499.0,-53.0
-263.0,-490.0,-33.0,-673.0,223.0,267.0,-238.0,685.0,-404.0,20.0
-280.0,-556.0,8.0,-732.0,251.0,345.0,-253.0,471.0,-322.0,73.0
-300.0,-645.0,8.0,-779.0,253.0,326.0,-208.0,279.0,-232.0,101.0
-307.0,-665.0,26.0,-812.0,227.0,260.0,-147.0,264.0,-171.0,89.0
-329.0,-578.0,60.0,-831.0,177.0,208.0,-118.0,92.0,-95.0,81.0
-327.0,-490.0,67.0,-813.0,119.0,231.0,-149.0,-94.0,-6.0,70.0
-323.0,-451.0,61.0,-747.0,65.0,189.0,-168.0,-197.0,68.0,70.0
-333.0,-417.0,94.0,-660.0,28.0,172.0,-90.0,-64.0,143.0,90.0
-350.0,-345.0,74.0,-572.0,6.0,189.0,-1.0,-38.0,218.0,123.0
-337.0,-174.0,40.0,-456.0,-5.0,186.0,40.0,-18.0,290.0,154.0
-322.0,83.0,32.0,-341.0,-6.0,149.0,85.0,153.0,343.0,180.0
-318.0,315.0,13.0,-242.0,-12.0,150.0,99.0,339.0,365.0,193.0
-282.0,436.0,-9.0,-152.0,-31.0,264.0,72.0,546.0,360.0,187.0
-245.0,465.0,-20.0,-82.0,-57.0,185.0,60.0,441.0,341.0,179.0
-193.0,487.0,-21.0,-31.0,-87.0,73.0,21.0,354.0,299.0,147.0
-169.0,521.0,-30.0,-5.0,-123.0,73.0,17.0,297.0,247.0,126.0
-121.0,511.0,-22.0,1.0,-167.0,108.0,76.0,273.0,189.0,105.0
-92.0,473.0,-24.0,11.0,-211.0,158.0,104.0,323.0,110.0,72.0
-59.0,472.0,-8.0,33.0,-240.0,124.0,84.0,121.0,32.0,69.0
-12.0,518.0,19.0,55.0,-246.0,135.0,55.0,96.0,-34.0,61.0
17.0,566.0,38.0,110.0,-231.0,97.0,73.0,84.0,-91.0,63.0
95.0,537.0,73.0,189.0,-198.0,44.0,101.0,86.0,-147.0,90.0
130.0,399.0,105.0,238.0,-157.0,20.0,75.0,212.0,-201.0,119.0
151.0,141.0,141.0,286.0,-118.0,-36.0,34.0,341.0,-238.0,158.0
166.0,-220.0,152.0,305.0,-89.0,-84.0,36.0,567.0,-265.0,187.0
170.0,-561.0,177.0,309.0,-71.0,-114.0,103.0,550.0,-287.0,187.0
160.0,-791.0,174.0,320.0,-65.0,-47.0,186.0,650.0,-300.0,184.0
159.0,-899.0,142.0,321.0,-71.0,-22.0,241.0,724.0,-323.0,151.0
171.0,-916.0,110.0,287.0,-79.0,-73.0,271.0,667.0,-354.0,93.0
186.0,-911.0,72.0,235.0,-84.0,-83.0,241.0,659.0,-374.0,34.0
217.0,-878.0,53.0,212.0,-80.0,-2.0,176.0,404.0,-387.0,-37.0
221.0,-694.0,-18.0,170.0,-73.0,47.0,144.0,375.0,-392.0,-96.0
222.0,-363.0,-32.0,156.0,-72.0,8.0,124.0,319.0,-372.0,-154.0
205.0,-84.0,-46.0,150.0,-71.0,29.0,113.0,264.0,-318.0,-197.0
186.0,23.0,-59.0,129.0,-79.0,89.0,123.0,277.0,-242.0,-217.0
158.0,6.0,-52.0,114.0,-86.0,132.0,168.0,188.0,-179.0,-246.0
175.0,-34.0,-59.0,125.0,-81.0,137.0,205.0,432.0,-134.0,-273.0
206.0,-26.0,-14.0,161.0,-59.0,177.0,218.0,460.0,-88.0,-310.0
238.0,21.0,-1.0,200.0,-22.0,239.0,243.0,467.0,-51.0,-324.0
283.0,124.0,39.0,262.0,9.0,251.0,232.0,624.0,-2.0,-322.0
289.0,342.0,63.0,269.0,25.0,263.0,172.0,672.0,60.0,-335.0
302.0,691.0,86.0,252.0,20.0,322.0,99.0,676.0,103.0,-324.0
287.0,1100.0,114.0,221.0,2.0,412.0,63.0,447.0,121.0,-323.0
263.0,1439.0,107.0,163.0,-11.0,419.0,87.0,354.0,131.0,-351.0
227.0,1562.0,145.0,103.0,-13.0,390.0,122.0,358.0,136.0,-368.0
183.0,1388.0,165.0,10.0,-8.0,425.0,140.0,441.0,123.0,-417.0
148.0,1034.0,181.0,-109.0,-8.0,413.0,119.0,460.0,80.0,-501.0
125.0,681.0,216.0,-233.0,-26.0,309.0,80.0,321.0,24.0,-599.0
103.0,346.0,251.0,-337.0,-66.0,287.0,59.0,195.0,-5.0,-687.0
71.0,-9.0,249.0,-439.0,-120.0,364.0,8.0,-212.0,-16.0,-740.0
36.0,-314.0,267.0,-516.0,-165.0,354.0,-22.0,-461.0,-12.0,-777.0
6.0,-514.0,283.0,-570.0,-179.0,259.0,6.0,-452.0,-21.0,-775.0
-18.0,-677.0,265.0,-636.0,-159.0,185.0,49.0,-304.0,-39.0,-752.0
-59.0,-874.0,240.0,-656.0,-124.0,181.0,60.0,-105.0,-43.0,-706.0
-88.0,-1061.0,201.0,-654.0,-79.0,187.0,21.0,-110.0,-45.0,-644.0
-145.0,-1091.0,178.0,-657.0,-31.0,71.0,-1.0,51.0,-23.0,-548.0
-189.0,-880.0,99.0,-621.0,9.0,37.0,-18.0,227.0,10.0,-402.0
-218.0,-529.0,62.0,-560.0,27.0,83.0,-63.0,234.0,48.0,-266.0
-252.0,-222.0,32.0,-498.0,18.0,35.0,-148.0,79.0,88.0,-117.0
-280.0,-35.0,-24.0,-449.0,0.0,47.0,-173.0,-38.0,104.0,8.0
-271.0,47.0,-46.0,-373.0,-13.0,64.0,-106.0,55.0,102.0,87.0
-251.0,29.0,-75.0,-302.0,-20.0,99.0,-50.0,-55.0,106.0,118.0
-220.0,-50.0,-98.0,-264.0,-28.0,106.0,-28.0,-144.0,119.0,92.0
-162.0,-139.0,-107.0,-182.0,-49.0,88.0,-101.0,-249.0,136.0,52.0
-155.0,-216.0,-93.0,-111.0,-85.0,110.0,-183.0,-279.0,145.0,-30.0
-130.0,-261.0,-117.0,-88.0,-118.0,-68.0,-201.0,-206.0,173.0,-120.0
-126.0,-265.0,-111.0,-62.0,-136.0,-219.0,-185.0,-303.0,218.0,-194.0
-120.0,-280.0,-107.0,-33.0,-133.0,-195.0,-141.0,-232.0,232.0,-255.0
-129.0,-324.0,-134.0,-25.0,-114.0,-100.0,-93.0,-321.0,221.0,-297.0
-144.0,-328.0,-134.0,-27.0,-100.0,-45.0,-14.0,-328.0,206.0,-349.0
-135.0,-279.0,-165.0,-33.0,-99.0,-109.0,20.0,-256.0,179.0,-372.0
-145.0,-175.0,-202.0,-40.0,-104.0,-58.0,-28.0,-343.0,148.0,-382.0
-131.0,-18.0,-239.0,-23.0,-96.0,-86.0,-82.0,-288.0,130.0,-374.0
-142.0,123.0,-272.0,-7.0,-64.0,-181.0,-150.0,-338.0,97.0,-319.0
-132.0,211.0,-326.0,-9.0,-24.0,-169.0,-192.0,-181.0,51.0,-246.0
-121.0,221.0,-362.0,-41.0,5.0,-194.0,-186.0,-44.0,5.0,-189.0
-111.0,140.0,-369.0,-47.0,20.0,-214.0,-190.0,-14.0,-55.0,-157.0
-105.0,58.0,-374.0,-38.0,22.0,-289.0,-211.0,112.0,-105.0,-130.0
-73.0,38.0,-333.0,-57.0,26.0,-258.0,-239.0,35.0,-151.0,-123.0
-39.0,22.0,-327.0,-47.0,35.0,-170.0,-204.0,75.0,-202.0,-134.0
-27.0,-42.0,-312.0,-29.0,56.0,-211.0,-157.0,116.0,-237.0,-135.0
4.0,-193.0,-261.0,-13.0,93.0,-221.0,-130.0,110.0,-245.0,-126.0
6.0,-451.0,-253.0,-14.0,126.0,-198.0,-85.0,110.0,-248.0,-132.0
36.0,-715.0,-224.0,-26.0,140.0,-195.0,-42.0,84.0,-275.0,-150.0
48.0,-843.0,-165.0,-12.0,134.0,-288.0,53.0,319.0,-293.0,-168.0
69.0,-850.0,-136.0,13.0,118.0,-335.0,121.0,434.0,-312.0,-200.0
96.0,-855.0,-101.0,46.0,103.0,-310.0,103.0,423.0,-345.0,-267.0
123.0,-856.0,-49.0,107.0,93.0,-400.0,72.0,413.0,-378.0,-339.0
166.0,-754.0,-28.0,160.0,84.0,-466.0,36.0,406.0,-405.0,-403.0
172.0,-544.0,4.0,210.0,77.0,-438.0,-4.0,469.0,-416.0,-476.0
178.0,-319.0,36.0,270.0,68.0,-394.0,-6.0,400.0,-403.0,-544.0
182.0,-116.0,53.0,286.0,49.0,-445.0,-9.0,378.0,-377.0,-613.0
189.0,55.0,77.0,284.0,16.0,-527.0,-62.0,339.0,-356.0,-685.0
197.0,175.0,60.0,257.0,-30.0,-463.0,-89.0,290.0,-323.0,-790.0
222.0,285.0,60.0,211.0,-85.0,-377.0,-84.0,219.0,-313.0,-896.0
238.0,411.0,58.0,195.0,-130.0,-375.0,-57.0,195.0,-292.0,-986.0
271.0,480.0,25.0,186.0,-160.0,-424.0,-48.0,282.0,-256.0,-1088.0
301.0,451.0,-13.0,204.0,-173.0,-400.0,-73.0,214.0,-231.0,-1157.0
316.0,405.0,-47.0,226.0,-167.0,-331.0,-62.0,336.0,-186.0,-1204.0
332.0,372.0,-49.0,227.0,-154.0,-355.0,-31.0,480.0,-172.0,-1226.0
337.0,336.0,-88.0,256.0,-143.0,-373.0,-32.0,604.0,-186.0,-1225.0
338.0,388.0,-116.0,299.0,-132.0,-325.0,-62.0,630.0,-211.0,-1207.0
312.0,598.0,-110.0,318.0,-113.0,-269.0,-110.0,354.0,-246.0,-1166.0
293.0,863.0,-121.0,351.0,-86.0,-278.0,-174.0,297.0,-282.0,-1111.0
242.0,1040.0,-139.0,414.0,-59.0,-294.0,-210.0,306.0,-293.0,-1060.0
189.0,1078.0,-121.0,470.0,-42.0,-235.0,-229.0,352.0,-259.0,-1021.0
136.0,985.0,-113.0,508.0,-40.0,-166.0,-255.0,169.0,-218.0,-969.0
72.0,791.0,-130.0,516.0,-48.0,-130.0,-260.0,-125.0,-136.0,-927.0
30.0,528.0,-91.0,527.0,-58.0,-110.0,-246.0,-227.0,-33.0,-893.0
-6.0,228.0,-98.0,547.0,-61.0,-116.0,-224.0,-399.0,30.0,-878.0
-46.0,-91.0,-94.0,575.0,-47.0,-139.0,-225.0,-310.0,99.0,-874.0
-97.0,-450.0,-70.0,574.0,-8.0,-42.0,-261.0,-169.0,164.0,-871.0
-128.0,-758.0,-96.0,524.0,34.0,25.0,-315.0,27.0,213.0,-885.0
-187.0,-883.0,-80.0,481.0,55.0,-71.0,-350.0,168.0,267.0,-871.0
-225.0,-863.0,-105.0,435.0,40.0,-173.0,-297.0,125.0,314.0,-819.0
-250.0,-845.0,-118.0,375.0,3.0,-189.0,-229.0,131.0,337.0,-736.0
-272.0,-879.0,-97.0,296.0,-32.0,-133.0,-219.0,-18.0,353.0,-634.0
-273.0,-936.0,-82.0,216.0,-51.0,-148.0,-246.0,46.0,358.0,-500.0
-261.0,-981.0,-58.0,122.0,-46.0,-193.0,-273.0,46.0,326.0,-348.0
-216.0,-939.0,-41.0,27.0,-21.0,-166.0,-202.0,-73.0,286.0,-207.0
-193.0,-759.0,-8.0,-65.0,15.0,-141.0,-102.0,-86.0,231.0,-64.0
-155.0,-487.0,-1.0,-141.0,49.0,-181.0,-57.0,-290.0,171.0,60.0
-125.0,-240.0,7.0,-196.0,63.0,-203.0,-54.0,-277.0,116.0,172.0
-106.0,-78.0,21.0,-265.0,52.0,-147.0,-126.0,-127.0,54.0,241.0
-98.0,37.0,35.0,-295.0,23.0,-114.0,-212.0,0.0,-3.0,288.0
-111.0,75.0,43.0,-287.0,-7.0,-154.0,-261.0,24.0,-88.0,325.0
-121.0,-45.0,37.0,-280.0,-32.0,-156.0,-297.0,-84.0,-184.0,334.0
-118.0,-242.0,19.0,-265.0,-46.0,-80.0,-292.0,-75.0,-285.0,344.0
-102.0,-341.0,0.0,-227.0,-51.0,-86.0,-240.0,-103.0,-386.0,361.0
-89.0,-311.0,-10.0,-186.0,-51.0,-96.0,-224.0,-86.0,-478.0,407.0
-49.0,-223.0,-58.0,-164.0,-53.0,-58.0,-194.0,-295.0,-539.0,425.0
-25.0,-114.0,-63.0,-156.0,-60.0,-67.0,-142.0,-443.0,-526.0,433.0
-4.0,-11.0,-70.0,-163.0,-66.0,-127.0,-166.0,-256.0,-482.0,445.0
10.0,100.0,-96.0,-177.0,-68.0,-202.0,-199.0,-181.0,-411.0,439.0
48.0,258.0,-84.0,-216.0,-66.0,-196.0,-196.0,-29.0,-322.0,407.0
83.0,473.0,-99.0,-288.0,-59.0,-209.0,-193.0,25.0,-240.0,366.0
97.0,672.0,-97.0,-331.0,-45.0,-246.0,-232.0,105.0,-173.0,373.0
130.0,726.0,-90.0,-377.0,-28.0,-164.0,-315.0,164.0,-132.0,364.0
140.0,595.0,-102.0,-476.0,-9.0,-39.0,-373.0,-25.0,-90.0,344.0
162.0,361.0,-90.0,-554.0,11.0,12.0,-364.0,-149.0,-31.0,362.0
157.0,93.0,-81.0,-610.0,31.0,-14.0,-320.0,-240.0,43.0,385.0
147.0,-160.0,-85.0,-674.0,41.0,-45.0,-282.0,-160.0,115.0,379.0
143.0,-321.0,-102.0,-715.0,22.0,-40.0,-247.0,-51.0,175.0,376.0
134.0,-400.0,-101.0,-719.0,-23.0,-74.0,-227.0,96.0,230.0,392.0
111.0,-444.0,-128.0,-699.0,-79.0,-99.0,-184.0,243.0,276.0,371.0
101.0,-376.0,-166.0,-664.0,-134.0,-55.0,-140.0,229.0,338.0,318.0
107.0,-110.0,-167.0,-626.0,-174.0,-47.0,-156.0,286.0,397.0,291.0
87.0,309.0,-191.0,-593.0,-200.0,-85.0,-162.0,105.0,455.0,301.0
75.0,743.0,-204.0,-559.0,-214.0,-100.0,-152.0,-59.0,508.0,313.0
32.0,1011.0,-224.0,-497.0,-222.0,-60.0,-218.0,-123.0,533.0,345.0
12.0,1020.0,-236.0,-453.0,-218.0,-12.0,-278.0,-214.0,528.0,419.0
-20.0,856.0,-246.0,-403.0,-190.0,-27.0,-283.0,-79.0,464.0,490.0
-59.0,608.0,-271.0,-340.0,-149.0,-89.0,-247.0,-46.0,359.0,506.0
-80.0,286.0,-273.0,-327.0,-107.0,-143.0,-188.0,27.0,246.0,495.0
-98.0,-39.0,-278.0,-318.0,-76.0,-204.0,-170.0,-18.0,138.0,458.0
-122.0,-273.0,-276.0,-300.0,-56.0,-229.0,-153.0,-197.0,41.0,359.0
-165.0,-455.0,-286.0,-261.0,-24.0,-164.0,-148.0,-291.0,-40.0,227.0
-177.0,-647.0,-284.0,-223.0,15.0,-131.0,-142.0,-434.0,-103.0,95.0
-205.0,-803.0,-258.0,-169.0,57.0,-181.0,-62.0,-360.0,-153.0,-38.0
-217.0,-893.0,-249.0,-83.0,100.0,-231.0,35.0,-306.0,-218.0,-183.0
-241.0,-917.0,-260.0,9.0,136.0,-265.0,51.0,-212.0,-294.0,-323.0
-268.0,-855.0,-245.0,152.0,161.0,-327.0,25.0,-144.0,-353.0,-400.0
-273.0,-685.0,-233.0,285.0,166.0,-392.0,11.0,-166.0,-380.0,-445.0
-278.0,-398.0,-244.0,376.0,166.0,-359.0,-17.0,-103.0,-372.0,-486.0
-293.0,-32.0,-201.0,442.0,174.0,-273.0,-4.0,-303.0,-344.0,-481.0
-298.0,328.0,-174.0,471.0,193.0,-314.0,14.0,-421.0,-317.0,-448.0
-285.0,627.0,-147.0,512.0,214.0,-331.0,8.0,-454.0,-300.0,-414.0
-285.0,847.0,-85.0,526.0,227.0,-230.0,40.0,-419.0,-278.0,-411.0
-276.0,950.0,-28.0,501.0,227.0,-221.0,115.0,-304.0,-281.0,-419.0
-269.0,906.0,48.0,462.0,201.0,-283.0,202.0,-365.0,-309.0,-444.0
-217.0,731.0,102.0,421.0,146.0,-346.0,247.0,-304.0,-336.0,-531.0
-180.0,483.0,176.0,432.0,73.0,-376.0,300.0,-293.0,-341.0,-646.0
-133.0,250.0,232.0,490.0,1.0,-401.0,312.0,-234.0,-306.0,-759.0
-79.0,97.0,270.0,537.0,-60.0,-450.0,237.0,-138.0,-262.0,-913.0
-45.0,-33.0,332.0,592.0,-104.0,-421.0,197.0,-62.0,-227.0,-1092.0
-7.0,-210.0,367.0,730.0,-126.0,-354.0,215.0,114.0,-219.0,-1230.0
6.0,-354.0,419.0,835.0,-137.0,-381.0,252.0,136.0,-219.0,-1320.0
47.0,-378.0,441.0,899.0,-151.0,-467.0,292.0,182.0,-220.0,-1355.0
80.0,-318.0,468.0,956.0,-176.0,-406.0,337.0,3.0,-242.0,-1341.0
108.0,-236.0,494.0,941.0,-199.0,-323.0,378.0,-155.0,-240.0,-1252.0
147.0,-129.0,502.0,897.0,-206.0,-427.0,389.0,-153.0,-212.0,-1106.0
188.0,26.0,519.0,799.0,-199.0,-454.0,362.0,-293.0,-196.0,-959.0
194.0,216.0,514.0,669.0,-186.0,-331.0,317.0,-249.0,-158.0,-787.0
183.0,359.0,530.0,564.0,-168.0,-271.0,296.0,-266.0,-132.0,-595.0
168.0,370.0,531.0,460.0,-147.0,-350.0,317.0,-153.0,-149.0,-420.0
144.0,241.0,523.0,346.0,-125.0,-417.0,359.0,-29.0,-141.0,-274.0
125.0,13.0,523.0,239.0,-100.0,-343.0,403.0,-9.0,-130.0,-154.0
104.0,-277.0,482.0,155.0,-71.0,-354.0,439.0,158.0,-106.0,-45.0
89.0,-559.0,460.0,89.0,-24.0,-439.0,463.0,149.0,-50.0,33.0
68.0,-723.0,438.0,-24.0,34.0,-374.0,455.0,158.0,25.0,61.0
46.0,-696.0,366.0,-143.0,95.0,-242.0,425.0,36.0,148.0,101.0
0.0,-410.0,326.0,-217.0,148.0,-209.0,463.0,11.0,271.0,138.0
-59.0,89.0,266.0,-297.0,182.0,-216.0,544.0,107.0,391.0,135.0
-124.0,632.0,188.0,-370.0,192.0,-209.0,581.0,77.0,551.0,147.0
-184.0,1110.0,154.0,-415.0,174.0,-283.0,582.0,155.0,704.0,178.0
-249.0,1452.0,109.0,-449.0,135.0,-388.0,575.0,64.0,823.0,208.0
-288.0,1580.0,75.0,-522.0,84.0,-444.0,557.0,60.0,944.0,234.0
-314.0,1421.0,63.0,-553.0,34.0,-434.0,536.0,-9.0,1052.0,288.0
-338.0,1016.0,44.0,-551.0,0.0,-476.0,515.0,-188.0,1139.0,374.0
-375.0,500.0,35.0,-577.0,-11.0,-514.0,444.0,-194.0,1210.0,463.0
-405.0,12.0,16.0,-590.0,-20.0,-468.0,336.0,-299.0,1232.0,543.0
-401.0,-340.0,0.0,-614.0,-42.0,-431.0,246.0,-369.0,1193.0,630.0
-426.0,-559.0,0.0,-636.0,-73.0,-367.0,252.0,-587.0,1109.0,710.0
-415.0,-694.0,-36.0,-656.0,-102.0,-359.0,352.0,-707.0,994.0,748.0
-400.0,-744.0,-55.0,-670.0,-110.0,-325.0,378.0,-659.0,860.0,781.0
-361.0,-712.0,-56.0,-666.0,-96.0,-234.0,348.0,-696.0,722.0,828.0
-301.0,-650.0,-100.0,-628.0,-70.0,-231.0,318.0,-561.0,616.0,865.0
-238.0,-579.0,-130.0,-557.0,-47.0,-219.0,236.0,-528.0,538.0,877.0
-166.0,-467.0,-147.0,-491.0,-46.0,-258.0,189.0,-485.0,454.0,910.0
-104.0,-343.0,-197.0,-422.0,-56.0,-355.0,162.0,-388.0,367.0,976.0
-41.0,-292.0,-237.0,-308.0,-58.0,-372.0,105.0,-393.0,281.0,1008.0
11.0,-373.0,-271.0,-207.0,-41.0,-312.0,100.0,-426.0,176.0,1046.0
98.0,-556.0,-312.0,-137.0,-8.0,-183.0,124.0,-530.0,78.0,1099.0
158.0,-744.0,-323.0,-28.0,20.0,-165.0,156.0,-569.0,-14.0,1089.0
238.0,-864.0,-344.0,63.0,41.0,-212.0,171.0,-589.0,-100.0,1027.0
301.0,-932.0,-347.0,160.0,40.0,-153.0,82.0,-448.0,-155.0,935.0
338.0,-953.0,-347.0,238.0,6.0,-85.0,-70.0,-347.0,-193.0,811.0
375.0,-922.0,-338.0,253.0,-54.0,-97.0,-171.0,-297.0,-226.0,647.0
380.0,-851.0,-288.0,290.0,-127.0,-183.0,-184.0,-177.0,-262.0,444.0
385.0,-714.0,-267.0,299.0,-201.0,-121.0,-114.0,-338.0,-322.0,253.0
381.0,-494.0,-205.0,287.0,-265.0,-53.0,25.0,-280.0,-403.0,81.0
382.0,-241.0,-157.0,302.0,-310.0,-126.0,121.0,-225.0,-458.0,-92.0
350.0,-19.0,-136.0,301.0,-329.0,-175.0,127.0,-297.0,-475.0,-227.0
344.0,122.0,-53.0,297.0,-316.0,-191.0,96.0,-186.0,-484.0,-309.0
333.0,148.0,-19.0,288.0,-271.0,-142.0,49.0,-245.0,-487.0,-366.0
301.0,94.0,2.0,240.0,-203.0,-126.0,70.0,-194.0,-496.0,-412.0
257.0,14.0,48.0,185.0,-129.0,-86.0,155.0,-279.0,-504.0,-438.0
222.0,-68.0,69.0,141.0,-71.0,-54.0,259.0,-371.0,-535.0,-448.0
195.0,-111.0,77.0,76.0,-31.0,-80.0,350.0,-206.0,-591.0,-464.0
133.0,-97.0,60.0,-11.0,10.0,-47.0,371.0,-136.0,-641.0,-478.0
100.0,-70.0,84.0,-72.0,58.0,4.0,392.0,-49.0,-673.0,-462.0
58.0,-44.0,68.0,-90.0,119.0,30.0,351.0,-62.0,-685.0,-447.0
18.0,-6.0,24.0,-98.0,186.0,-83.0,241.0,-1.0,-683.0,-463.0
-28.0,30.0,21.0,-96.0,240.0,-217.0,190.0,31.0,-638.0,-463.0
-51.0,29.0,-14.0,-74.0,281.0,-226.0,162.0,1.0,-585.0,-430.0
-58.0,-39.0,-26.0,-28.0,308.0,-245.0,158.0,-49.0,-553.0,-403.0
-84.0,-185.0,-29.0,67.0,323.0,-299.0,159.0,-192.0,-513.0,-345.0
-79.0,-376.0,-41.0,183.0,315.0,-268.0,203.0,-194.0,-496.0,-258.0
-70.0,-568.0,-30.0,282.0,282.0,-202.0,322.0,-315.0,-487.0,-182.0
-53.0,-702.0,-25.0,356.0,234.0,-205.0,401.0,-360.0,-457.0,-127.0
-45.0,-740.0,-24.0,420.0,175.0,-217.0,375.0,-347.0,-415.0,-106.0
-40.0,-688.0,-29.0,440.0,114.0,-199.0,313.0,-321.0,-380.0,-96.0
-13.0,-566.0,-37.0,448.0,57.0,-185.0,308.0,-168.0,-379.0,-110.0
42.0,-380.0,-21.0,435.0,17.0,-256.0,317.0,-90.0,-399.0,-153.0
84.0,-130.0,-19.0,359.0,-2.0,-317.0,314.0,110.0,-419.0,-190.0
124.0,152.0,8.0,313.0,-11.0,-321.0,317.0,123.0,-439.0,-211.0
170.0,374.0,28.0,228.0,-20.0,-325.0,294.0,72.0,-443.0,-227.0
179.0,481.0,10.0,126.0,-32.0,-302.0,238.0,48.0,-429.0,-239.0
179.0,537.0,32.0,56.0,-47.0,-271.0,242.0,-86.0,-400.0,-215.0
154.0,617.0,3.0,-7.0,-60.0,-165.0,294.0,-48.0,-361.0,-153.0
129.0,686.0,13.0,-34.0,-66.0,-138.0,299.0,-216.0,-313.0,-84.0
117.0,690.0,25.0,-51.0,-57.0,-275.0,289.0,-284.0,-259.0,25.0
118.0,648.0,37.0,-55.0,-37.0,-321.0,298.0,-282.0,-205.0,173.0
127.0,567.0,78.0,-117.0,-13.0,-256.0,287.0,-445.0,-133.0,315.0
115.0,438.0,75.0,-173.0,-4.0,-235.0,249.0,-341.0,-50.0,437.0
102.0,312.0,120.0,-183.0,-17.0,-289.0,244.0,-243.0,37.0,540.0
57.0,258.0,116.0,-205.0,-47.0,-221.0,239.0,-94.0,127.0,635.0
13.0,248.0,141.0,-193.0,-88.0,-158.0,205.0,12.0,201.0,693.0
-27.0,192.0,170.0,-206.0,-128.0,-270.0,182.0,64.0,282.0,727.0
-77.0,58.0,175.0,-238.0,-152.0,-239.0,202.0,99.0,364.0,760.0
-122.0,-105.0,211.0,-273.0,-147.0,-83.0,245.0,-27.0,432.0,775.0
-182.0,-248.0,222.0,-321.0,-114.0,-69.0,268.0,-125.0,478.0,767.0
-217.0,-359.0,246.0,-348.0,-71.0,-239.0,274.0,-293.0,502.0,729.0
-278.0,-432.0,252.0,-380.0,-30.0,-327.0,254.0,-242.0,525.0,696.0
-332.0,-416.0,273.0,-432.0,-5.0,-178.0,250.0,-225.0,550.0,649.0
-365.0,-311.0,261.0,-494.0,2.0,-98.0,274.0,-286.0,574.0,557.0
-381.0,-230.0,285.0,-556.0,-2.0,-143.0,299.0,-194.0,592.0,460.0
-375.0,-254.0,289.0,-592.0,-18.0,-173.0,303.0,-221.0,602.0,374.0
-359.0,-376.0,269.0,-580.0,-34.0,-89.0,200.0,-81.0,594.0,288.0
-311.0,-556.0,286.0,-509.0,-36.0,0.0,46.0,-42.0,599.0,218.0
-286.0,-687.0,256.0,-394.0,-23.0,-89.0,10.0,9.0,612.0,182.0
-256.0,-645.0,277.0,-244.0,-4.0,-156.0,78.0,109.0,585.0,165.0
-238.0,-449.0,263.0,-77.0,9.0,-58.0,127.0,-14.0,560.0,144.0
-222.0,-210.0,251.0,94.0,8.0,76.0,109.0,1.0,530.0,117.0
-210.0,-9.0,249.0,275.0,-8.0,19.0,98.0,-42.0,484.0,88.0
-188.0,122.0,235.0,392.0,-39.0,-83.0,124.0,-25.0,433.0,29.0
-154.0,180.0,217.0,484.0,-66.0,31.0,160.0,-5.0,370.0,-39.0
-145.0,194.0,182.0,573.0,-71.0,154.0,205.0,-123.0,302.0,-106.0
-115.0,245.0,163.0,619.0,-50.0,147.0,185.0,-205.0,242.0,-148.0
-112.0,392.0,116.0,617.0,-16.0,79.0,129.0,-395.0,211.0,-211.0
-111.0,578.0,112.0,556.0,17.0,28.0,97.0,-391.0,186.0,-301.0
-121.0,677.0,88.0,504.0,49.0,43.0,70.0,-367.0,154.0,-364.0
-130.0,654.0,102.0,439.0,77.0,110.0,94.0,-358.0,111.0,-449.0
-137.0,537.0,121.0,354.0,112.0,154.0,119.0,-267.0,87.0,-536.0
-145.0,341.0,116.0,311.0,158.0,145.0,50.0,-284.0,81.0,-606.0
-141.0,134.0,147.0,262.0,208.0,119.0,-18.0,-184.0,59.0,-641.0
-152.0,35.0,116.0,199.0,243.0,143.0,11.0,-153.0,47.0,-636.0
-169.0,67.0,105.0,137.0,250.0,210.0,73.0,-131.0,37.0,-627.0
-205.0,164.0,101.0,65.0,227.0,162.0,93.0,-51.0,14.0,-588.0
-236.0,235.0,71.0,20.0,177.0,144.0,86.0,14.0,-4.0,-529.0
-298.0,174.0,71.0,-17.0,113.0,293.0,46.0,66.0,-18.0,-487.0
-346.0,-34.0,70.0,-52.0,44.0,399.0,-20.0,77.0,-19.0,-456.0
-386.0,-274.0,58.0,-50.0,-4.0,332.0,-40.0,229.0,-19.0,-418.0
-399.0,-414.0,58.0,-31.0,-16.0,242.0,-3.0,103.0,-38.0,-386.0
-370.0,-413.0,55.0,12.0,-1.0,256.0,56.0,-96.0,-45.0,-381.0
-335.0,-310.0,20.0,31.0,32.0,212.0,79.0,-184.0,-38.0,-397.0
-299.0,-212.0,22.0,26.0,65.0,141.0,67.0,-339.0,-33.0,-389.0
-287.0,-157.0,-3.0,35.0,80.0,163.0,101.0,-299.0,1.0,-377.0
-275.0,-54.0,-49.0,16.0,67.0,179.0,126.0,-310.0,27.0,-387.0
-300.0,41.0,-53.0,-33.0,24.0,128.0,62.0,-197.0,19.0,-362.0
-303.0,-29.0,-95.0,-69.0,-34.0,121.0,-45.0,-66.0,0.0,-298.0
-293.0,-222.0,-121.0,-115.0,-96.0,192.0,-90.0,-94.0,-23.0,-254.0
-261.0,-344.0,-143.0,-186.0,-148.0,190.0,-88.0,-107.0,-37.0,-218.0
-216.0,-349.0,-172.0,-240.0,-185.0,163.0,-110.0,-212.0,-46.0,-151.0
-175.0,-330.0,-202.0,-297.0,-207.0,229.0,-62.0,-199.0,-44.0,-81.0
-121.0,-303.0,-245.0,-315.0,-214.0,302.0,1.0,-181.0,-21.0,-38.0
-104.0,-235.0,-269.0,-325.0,-218.0,252.0,-34.0,-129.0,1.0,-25.0
-67.0,-159.0,-293.0,-327.0,-217.0,203.0,-109.0,-101.0,8.0,5.0
-70.0,-129.0,-293.0,-267.0,-203.0,196.0,-190.0,-59.0,-14.0,17.0
-36.0,-116.0,-305.0,-197.0,-173.0,204.0,-238.0,66.0,-64.0,-3.0
9.0,-46.0,-304.0,-126.0,-132.0,245.0,-233.0,-40.0,-115.0,-8.0
50.0,98.0,-286.0,-100.0,-85.0,248.0,-193.0,-55.0,-144.0,-22.0
99.0,272.0,-265.0,-68.0,-43.0,277.0,-172.0,-110.0,-153.0,-60.0
125.0,394.0,-258.0,-6.0,1.0,240.0,-160.0,-114.0,-146.0,-104.0
166.0,422.0,-246.0,24.0,54.0,135.0,-165.0,48.0,-130.0,-124.0
163.0,405.0,-191.0,68.0,107.0,97.0,-218.0,55.0,-116.0,-148.0
168.0,444.0,-183.0,113.0,154.0,139.0,-255.0,208.0,-89.0,-185.0
131.0,566.0,-139.0,127.0,198.0,100.0,-321.0,253.0,-61.0,-206.0
125.0,688.0,-62.0,144.0,237.0,-16.0,-372.0,301.0,-44.0,-217.0
126.0,751.0,-21.0,173.0,262.0,45.0,-335.0,373.0,-4.0,-240.0
139.0,752.0,58.0,146.0,267.0,135.0,-286.0,325.0,58.0,-302.0
172.0,711.0,133.0,146.0,246.0,139.0,-281.0,454.0,142.0,-368.0
180.0,632.0,187.0,148.0,199.0,105.0,-324.0,382.0,250.0,-432.0
228.0,510.0,272.0,87.0,134.0,118.0,-395.0,304.0,354.0,-501.0
229.0,355.0,328.0,110.0,61.0,195.0,-417.0,214.0,436.0,-545.0
248.0,183.0,368.0,114.0,-9.0,147.0,-335.0,103.0,500.0,-535.0
264.0,-22.0,418.0,93.0,-76.0,97.0,-305.0,105.0,546.0,-473.0
302.0,-244.0,429.0,114.0,-130.0,115.0,-384.0,-35.0,561.0,-385.0
325.0,-382.0,436.0,101.0,-169.0,89.0,-415.0,-1.0,535.0,-255.0
325.0,-356.0,453.0,118.0,-186.0,44.0,-395.0,20.0,487.0,-71.0
323.0,-245.0,435.0,128.0,-176.0,70.0,-372.0,5.0,420.0,126.0
302.0,-196.0,431.0,154.0,-144.0,150.0,-325.0,-81.0,332.0,314.0
304.0,-218.0,450.0,181.0,-97.0,191.0,-290.0,-171.0,234.0,520.0
255.0,-212.0,451.0,161.0,-48.0,200.0,-248.0,-7.0,107.0,726.0
244.0,-142.0,470.0,173.0,-3.0,200.0,-152.0,-18.0,-15.0,901.0
230.0,-55.0,458.0,148.0,35.0,177.0,-95.0,-40.0,-127.0,1050.0
225.0,-37.0,464.0,131.0,61.0,136.0,-129.0,-33.0,-240.0,1180.0
225.0,-92.0,470.0,147.0,81.0,156.0,-193.0,12.0,-330.0,1265.0
201.0,-167.0,448.0,162.0,98.0,217.0,-259.0,22.0,-398.0,1280.0
193.0,-239.0,452.0,194.0,108.0,252.0,-256.0,-79.0,-435.0,1260.0
168.0,-304.0,435.0,198.0,108.0,280.0,-175.0,57.0,-448.0,1236.0
140.0,-352.0,430.0,198.0,109.0,316.0,-153.0,114.0,-453.0,1182.0
108.0,-351.0,418.0,201.0,115.0,324.0,-203.0,133.0,-461.0,1112.0
104.0,-279.0,397.0,196.0,128.0,261.0,-227.0,153.0,-458.0,1067.0
83.0,-188.0,356.0,176.0,144.0,227.0,-189.0,134.0,-444.0,1030.0
71.0,-104.0,314.0,166.0,159.0,302.0,-104.0,133.0,-428.0,988.0
64.0,-32.0,271.0,172.0,172.0,332.0,4.0,60.0,-409.0,926.0
42.0,13.0,210.0,198.0,177.0,227.0,56.0,199.0,-403.0,863.0
21.0,101.0,156.0,231.0,170.0,236.0,-45.0,243.0,-376.0,795.0
1.0,266.0,81.0,261.0,143.0,373.0,-138.0,282.0,-330.0,684.0
-8.0,435.0,33.0,241.0,100.0,404.0,-11.0,360.0,-295.0,576.0
-30.0,511.0,-12.0,181.0,46.0,328.0,221.0,197.0,-250.0,493.0
-44.0,422.0,-54.0,168.0,-17.0,254.0,347.0,112.0,-186.0,411.0
-85.0,200.0,-81.0,128.0,-80.0,287.0,344.0,-33.0,-121.0,318.0
-128.0,-50.0,-95.0,103.0,-131.0,266.0,329.0,-96.0,-60.0,251.0
-161.0,-228.0,-111.0,124.0,-171.0,154.0,308.0,-129.0,5.0,206.0
-210.0,-252.0,-131.0,128.0,-191.0,164.0,240.0,-195.0,71.0,127.0
-267.0,-175.0,-140.0,140.0,-187.0,260.0,169.0,-103.0,145.0,57.0
-314.0,-94.0,-144.0,160.0,-164.0,271.0,105.0,-84.0,225.0,14.0
-337.0,-7.0,-125.0,187.0,-131.0,194.0,107.0,-5.0,307.0,-26.0
-362.0,57.0,-130.0,213.0,-104.0,229.0,176.0,-12.0,374.0,-81.0
-388.0,18.0,-103.0,214.0,-83.0,326.0,233.0,-27.0,416.0,-135.0
-398.0,-88.0,-42.0,207.0,-62.0,355.0,316.0,-25.0,447.0,-172.0
-400.0,-187.0,9.0,217.0,-41.0,406.0,427.0,-36.0,477.0,-215.0
-408.0,-291.0,59.0,235.0,-13.0,498.0,503.0,44.0,509.0,-256.0
-400.0,-344.0,109.0,244.0,18.0,504.0,511.0,-40.0,511.0,-258.0
-380.0,-283.0,174.0,252.0,49.0,358.0,405.0,64.0,481.0,-220.0
-346.0,-167.0,216.0,266.0,74.0,307.0,294.0,49.0,424.0,-169.0
-335.0,-26.0,242.0,248.0,84.0,392.0,346.0,-169.0,329.0,-89.0
-321.0,113.0,281.0,194.0,79.0,385.0,500.0,-212.0,225.0,27.0
-278.0,130.0,326.0,121.0,73.0,340.0,537.0,-306.0,125.0,149.0
-253.0,-29.0,359.0,58.0,74.0,382.0,384.0,-275.0,26.0,264.0
-205.0,-243.0,409.0,48.0,75.0,453.0,277.0,-236.0,-92.0,384.0
-150.0,-351.0,461.0,72.0,69.0,436.0,314.0,-44.0,-212.0,510.0
-89.0,-332.0,490.0,86.0,63.0,408.0,353.0,171.0,-311.0,625.0
-21.0,-244.0,528.0,62.0,68.0,435.0,342.0,286.0,-408.0,727.0
43.0,-81.0,553.0,14.0,87.0,346.0,298.0,432.0,-496.0,823.0
122.0,205.0,567.0,-36.0,116.0,246.0,282.0,325.0,-582.0,921.0
156.0,573.0,581.0,-107.0,146.0,330.0,290.0,388.0,-665.0,971.0
181.0,908.0,584.0,-185.0,161.0,425.0,310.0,286.0,-736.0,983.0
201.0,1137.0,573.0,-204.0,155.0,365.0,330.0,79.0,-782.0,1012.0
211.0,1260.0,520.0,-204.0,130.0,266.0,292.0,9.0,-798.0,1002.0
194.0,1308.0,462.0,-193.0,106.0,245.0,288.0,-238.0,-785.0,955.0
182.0,1316.0,390.0,-155.0,103.0,185.0,330.0,-157.0,-763.0,918.0
222.0,1286.0,297.0,-134.0,112.0,68.0,317.0,-77.0,-731.0,858.0
253.0,1182.0,240.0,-109.0,107.0,61.0,241.0,96.0,-687.0,740.0
279.0,1028.0,151.0,-76.0,73.0,164.0,198.0,271.0,-655.0,583.0
303.0,847.0,59.0,-69.0,28.0,232.0,220.0,166.0,-633.0,425.0
330.0,590.0,31.0,-68.0,-10.0,126.0,228.0,138.0,-629.0,274.0
317.0,291.0,-43.0,-51.0,-41.0,-6.0,230.0,-27.0,-621.0,138.0
301.0,40.0,-123.0,-39.0,-61.0,47.0,200.0,11.0,-598.0,34.0
295.0,-130.0,-129.0,27.0,-64.0,119.0,87.0,42.0,-540.0,-5.0
291.0,-219.0,-174.0,96.0,-53.0,98.0,-18.0,-11.0,-441.0,-7.0
304.0,-202.0,-212.0,107.0,-32.0,106.0,-27.0,110.0,-323.0,-9.0
298.0,-66.0,-212.0,105.0,-5.0,171.0,-13.0,134.0,-183.0,12.0
324.0,147.0,-241.0,103.0,36.0,144.0,-29.0,197.0,-24.0,50.0
336.0,359.0,-235.0,95.0,88.0,50.0,-34.0,107.0,157.0,70.0
359.0,514.0,-229.0,62.0,124.0,40.0,-12.0,46.0,342.0,100.0
350.0,578.0,-238.0,55.0,134.0,31.0,144.0,155.0,525.0,156.0
327.0,532.0,-229.0,52.0,122.0,-17.0,343.0,221.0,689.0,223.0
339.0,426.0,-210.0,75.0,105.0,-65.0,401.0,279.0,815.0,280.0
322.0,351.0,-212.0,102.0,97.0,-125.0,395.0,121.0,906.0,328.0
311.0,296.0,-189.0,88.0,88.0,-175.0,381.0,18.0,966.0,401.0
307.0,191.0,-132.0,59.0,68.0,-221.0,321.0,-35.0,992.0,476.0
314.0,5.0,-133.0,-3.0,42.0,-223.0,224.0,-129.0,968.0,522.0
302.0,-306.0,-106.0,-87.0,22.0,-198.0,179.0,-188.0,907.0,580.0
301.0,-705.0,-48.0,-175.0,11.0,-198.0,182.0,-240.0,835.0,646.0
271.0,-978.0,-44.0,-240.0,17.0,-198.0,128.0,-134.0,763.0,671.0
204.0,-955.0,-40.0,-276.0,39.0,-217.0,60.0,-133.0,671.0,677.0
170.0,-725.0,21.0,-295.0,60.0,-246.0,75.0,-77.0,576.0,688.0
122.0,-490.0,41.0,-291.0,61.0,-280.0,120.0,-59.0,491.0,697.0
64.0,-322.0,26.0,-241.0,36.0,-277.0,180.0,-105.0,400.0,687.0
13.0,-202.0,68.0,-180.0,0.0,-221.0,307.0,-114.0,301.0,666.0
-30.0,-89.0,84.0,-115.0,-38.0,-224.0,390.0,-238.0,205.0,677.0
-64.0,24.0,74.0,-65.0,-74.0,-282.0,422.0,-51.0,127.0,694.0
-90.0,174.0,73.0,-19.0,-104.0,-298.0,489.0,68.0,47.0,706.0
-119.0,408.0,64.0,58.0,-119.0,-251.0,527.0,179.0,-18.0,748.0
-162.0,697.0,44.0,124.0,-109.0,-226.0,531.0,343.0,-77.0,819.0
-191.0,949.0,25.0,203.0,-70.0,-290.0,519.0,179.0,-141.0,879.0
-206.0,1042.0,3.0,256.0,-25.0,-327.0,455.0,114.0,-184.0,909.0
-224.0,888.0,-4.0,278.0,6.0,-263.0,411.0,-44.0,-207.0,938.0
-229.0,554.0,10.0,269.0,26.0,-309.0,419.0,-158.0,-200.0,938.0
-249.0,196.0,-7.0,236.0,38.0,-399.0,434.0,-208.0,-192.0,879.0
-230.0,-127.0,-7.0,220.0,53.0,-388.0,450.0,-284.0,-172.0,787.0
-225.0,-405.0,31.0,172.0,71.0,-396.0,492.0,-131.0,-117.0,704.0
-229.0,-616.0,10.0,139.0,94.0,-427.0,584.0,-99.0,-64.0,602.0
-199.0,-735.0,21.0,169.0,126.0,-479.0,653.0,-92.0,-13.0,468.0
-189.0,-712.0,73.0,223.0,157.0,-464.0,634.0,-221.0,37.0,365.0
-164.0,-564.0,61.0,268.0,177.0,-392.0,536.0,-230.0,83.0,274.0
-158.0,-373.0,84.0,303.0,182.0,-362.0,431.0,-12.0,97.0,179.0
-101.0,-149.0,129.0,340.0,172.0,-389.0,377.0,103.0,96.0,102.0
-57.0,124.0,170.0,359.0,151.0,-519.0,352.0,293.0,80.0,70.0
-43.0,381.0,195.0,333.0,126.0,-624.0,350.0,195.0,36.0,84.0
-27.0,552.0,235.0,293.0,97.0,-609.0,297.0,86.0,23.0,100.0
-24.0,623.0,272.0,252.0,63.0,-479.0,239.0,62.0,15.0,141.0
4.0,573.0,287.0,201.0,24.0,-388.0,247.0,-31.0,7.0,209.0
10.0,407.0,303.0,156.0,-8.0,-501.0,235.0,73.0,-11.0,250.0
21.0,187.0,280.0,124.0,-27.0,-582.0,229.0,38.0,-44.0,258.0
42.0,-69.0,298.0,84.0,-35.0,-556.0,301.0,-42.0,-42.0,260.0
79.0,-347.0,275.0,25.0,-45.0,-579.0,328.0,-99.0,-32.0,260.0
108.0,-570.0,229.0,-27.0,-58.0,-603.0,224.0,-155.0,-22.0,233.0
137.0,-735.0,194.0,-98.0,-60.0,-550.0,141.0,-304.0,-15.0,209.0
158.0,-895.0,115.0,-176.0,-55.0,-448.0,146.0,-493.0,0.0,227.0
188.0,-1009.0,55.0,-232.0,-53.0,-452.0,176.0,-362.0,30.0,252.0
211.0,-1005.0,-28.0,-286.0,-63.0,-494.0,176.0,-297.0,60.0,252.0
207.0,-927.0,-91.0,-303.0,-86.0,-449.0,101.0,-134.0,86.0,283.0
189.0,-846.0,-134.0,-280.0,-114.0,-413.0,0.0,14.0,98.0,355.0
173.0,-746.0,-200.0,-262.0,-143.0,-404.0,-40.0,24.0,105.0,402.0
185.0,-564.0,-224.0,-246.0,-162.0,-450.0,-32.0,149.0,100.0,451.0
138.0,-263.0,-226.0,-231.0,-167.0,-496.0,25.0,131.0,95.0,531.0
116.0,134.0,-283.0,-235.0,-163.0,-488.0,144.0,284.0,77.0,584.0
64.0,557.0,-279.0,-255.0,-152.0,-542.0,219.0,308.0,42.0,577.0
14.0,879.0,-288.0,-277.0,-130.0,-561.0,205.0,253.0,35.0,552.0
-44.0,1017.0,-326.0,-276.0,-99.0,-421.0,148.0,304.0,26.0,501.0
-125.0,1008.0,-293.0,-228.0,-60.0,-409.0,119.0,125.0,28.0,410.0
-175.0,902.0,-302.0,-148.0,-18.0,-510.0,105.0,5.0,20.0,314.0
-238.0,735.0,-308.0,-66.0,24.0,-463.0,42.0,-173.0,7.0,217.0
-268.0,572.0,-289.0,24.0,71.0,-388.0,15.0,-151.0,27.0,156.0
-329.0,474.0,-311.0,107.0,114.0,-398.0,49.0,-3.0,44.0,84.0
-347.0,388.0,-336.0,179.0,144.0,-481.0,65.0,83.0,80.0,4.0
-374.0,199.0,-295.0,258.0,162.0,-461.0,52.0,162.0,125.0,-27.0
-402.0,-80.0,-324.0,327.0,174.0,-400.0,32.0,88.0,197.0,-77.0
-433.0,-369.0,-335.0,395.0,177.0,-426.0,45.0,245.0,285.0,-139.0
-480.0,-587.0,-301.0,430.0,173.0,-423.0,79.0,242.0,357.0,-188.0
-502.0,-706.0,-333.0,420.0,164.0,-405.0,86.0,194.0,426.0,-223.0
-527.0,-779.0,-292.0,396.0,158.0,-426.0,112.0,380.0,461.0,-263.0
-501.0,-832.0,-270.0,331.0,160.0,-469.0,189.0,437.0,464.0,-311.0
-497.0,-803.0,-224.0,234.0,164.0,-422.0,246.0,489.0,458.0,-310.0
-455.0,-656.0,-153.0,148.0,155.0,-421.0,232.0,437.0,447.0,-284.0
-432.0,-494.0,-100.0,87.0,130.0,-542.0,165.0,393.0,429.0,-267.0
-411.0,-393.0,-13.0,60.0,104.0,-567.0,108.0,339.0,401.0,-228.0
-376.0,-259.0,53.0,44.0,91.0,-491.0,92.0,293.0,375.0,-148.0
-335.0,33.0,152.0,56.0,85.0,-477.0,71.0,275.0,338.0,-71.0
-279.0,452.0,224.0,100.0,74.0,-521.0,47.0,138.0,296.0,-12.0
-232.0,823.0,307.0,128.0,55.0,-490.0,99.0,160.0,254.0,74.0
-146.0,1012.0,396.0,138.0,37.0,-368.0,215.0,179.0,220.0,168.0
-88.0,1021.0,434.0,128.0,17.0,-319.0,292.0,271.0,202.0,230.0
-28.0,905.0,522.0,112.0,-4.0,-396.0,254.0,413.0,188.0,292.0
-7.0,687.0,567.0,72.0,-17.0,-356.0,83.0,463.0,171.0,353.0
22.0,421.0,602.0,14.0,-19.0,-242.0,-123.0,526.0,179.0,415.0
48.0,178.0,666.0,-28.0,-14.0,-252.0,-197.0,388.0,192.0,449.0
67.0,-27.0,692.0,-69.0,-5.0,-375.0,-127.0,363.0,214.0,468.0
77.0,-194.0,717.0,-85.0,10.0,-511.0,-51.0,214.0,255.0,528.0
78.0,-306.0,735.0,-92.0,35.0,-539.0,17.0,0.0,293.0,558.0
99.0,-312.0,731.0,-93.0,58.0,-537.0,67.0,27.0,358.0,567.0
74.0,-172.0,725.0,-58.0,73.0,-546.0,17.0,-84.0,418.0,602.0
67.0,77.0,718.0,-34.0,81.0,-548.0,-130.0,7.0,440.0,622.0
31.0,311.0,688.0,-10.0,82.0,-562.0,-292.0,35.0,417.0,626.0
7.0,410.0,669.0,48.0,77.0,-595.0,-319.0,14.0,369.0,630.0
-9.0,402.0,638.0,110.0,68.0,-600.0,-272.0,171.0,325.0,654.0
-20.0,370.0,584.0,173.0,60.0,-498.0,-243.0,275.0,265.0,686.0
-33.0,339.0,530.0,238.0,53.0,-445.0,-201.0,410.0,165.0,702.0
-14.0,363.0,472.0,276.0,37.0,-469.0,-132.0,308.0,44.0,722.0
34.0,446.0,412.0,274.0,3.0,-379.0,-31.0,240.0,-85.0,758.0
55.0,535.0,359.0,231.0,-44.0,-273.0,-23.0,164.0,-213.0,790.0
100.0,610.0,293.0,162.0,-88.0,-214.0,-135.0,27.0,-290.0,802.0
114.0,588.0,199.0,49.0,-113.0,-171.0,-255.0,-7.0,-355.0,828.0
155.0,422.0,144.0,-93.0,-113.0,-198.0,-342.0,-53.0,-412.0,859.0
162.0,214.0,64.0,-197.0,-96.0,-206.0,-388.0,-35.0,-431.0,847.0
168.0,76.0,-11.0,-256.0,-74.0,-234.0,-397.0,-197.0,-426.0,810.0
149.0,0.0,-54.0,-297.0,-61.0,-259.0,-342.0,-225.0,-396.0,767.0
117.0,-43.0,-123.0,-343.0,-53.0,-192.0,-263.0,-234.0,-356.0,726.0
109.0,3.0,-180.0,-357.0,-37.0,-173.0,-271.0,-264.0,-299.0,673.0
72.0,127.0,-236.0,-404.0,0.0,-184.0,-341.0,-97.0,-240.0,606.0
64.0,220.0,-305.0,-477.0,52.0,-141.0,-428.0,-86.0,-173.0,565.0
11.0,281.0,-353.0,-512.0,109.0,-94.0,-423.0,12.0,-121.0,516.0
-8.0,343.0,-389.0,-558.0,158.0,-61.0,-351.0,121.0,-124.0,452.0
-36.0,326.0,-449.0,-583.0,184.0,-47.0,-360.0,286.0,-146.0,418.0
-63.0,188.0,-466.0,-572.0,196.0,-56.0,-340.0,317.0,-161.0,404.0
-82.0,38.0,-490.0,-552.0,200.0,-45.0,-263.0,184.0,-160.0,382.0
-97.0,-72.0,-548.0,-535.0,198.0,-24.0,-213.0,258.0,-169.0,379.0
-80.0,-171.0,-534.0,-477.0,193.0,-22.0,-245.0,158.0,-195.0,398.0
-85.0,-293.0,-541.0,-369.0,186.0,19.0,-381.0,140.0,-230.0,401.0
-65.0,-458.0,-572.0,-232.0,176.0,62.0,-472.0,109.0,-278.0,390.0
-37.0,-581.0,-540.0,-88.0,163.0,54.0,-485.0,16.0,-298.0,393.0
-13.0,-587.0,-516.0,-4.0,140.0,10.0,-512.0,97.0,-300.0,421.0
-14.0,-541.0,-501.0,54.0,102.0,-46.0,-545.0,-46.0,-291.0,427.0
8.0,-516.0,-463.0,111.0,56.0,-60.0,-501.0,-62.0,-253.0,432.0
0.0,-490.0,-456.0,153.0,12.0,-91.0,-388.0,-5.0,-177.0,434.0
10.0,-460.0,-432.0,197.0,-23.0,-50.0,-317.0,20.0,-86.0,411.0
0.0,-415.0,-392.0,187.0,-49.0,15.0,-322.0,57.0,5.0,370.0
-20.0,-308.0,-406.0,152.0,-72.0,-80.0,-336.0,-12.0,104.0,295.0
-21.0,-137.0,-391.0,138.0,-95.0,-165.0,-338.0,97.0,191.0,232.0
-33.0,59.0,-366.0,132.0,-117.0,-109.0,-385.0,149.0,282.0,164.0
19.0,230.0,-380.0,107.0,-126.0,-46.0,-470.0,240.0,353.0,84.0
10.0,347.0,-359.0,92.0,-131.0,-171.0,-535.0,293.0,389.0,23.0
53.0,423.0,-324.0,129.0,-138.0,-290.0,-526.0,312.0,411.0,-27.0
86.0,475.0,-330.0,148.0,-140.0,-254.0,-458.0,452.0,428.0,-85.0
134.0,508.0,-309.0,216.0,-124.0,-263.0,-433.0,441.0,441.0,-164.0
178.0,518.0,-287.0,312.0,-89.0,-380.0,-432.0,495.0,423.0,-227.0
195.0,476.0,-277.0,366.0,-56.0,-446.0,-400.0,319.0,360.0,-279.0
263.0,368.0,-238.0,393.0,-39.0,-377.0,-359.0,177.0,262.0,-355.0
271.0,231.0,-256.0,419.0,-33.0,-331.0,-335.0,275.0,174.0,-434.0
307.0,129.0,-210.0,475.0,-32.0,-327.0,-288.0,240.0,97.0,-480.0
288.0,98.0,-170.0,467.0,-38.0,-326.0,-234.0,297.0,28.0,-519.0
270.0,164.0,-167.0,428.0,-49.0,-326.0,-186.0,229.0,-17.0,-553.0
208.0,312.0,-89.0,366.0,-63.0,-408.0,-165.0,242.0,-57.0,-545.0
127.0,398.0,-63.0,271.0,-77.0,-515.0,-171.0,349.0,-79.0,-511.0
55.0,370.0,-20.0,203.0,-85.0,-443.0,-63.0,380.0,-103.0,-463.0
-32.0,272.0,25.0,137.0,-81.0,-379.0,48.0,522.0,-121.0,-383.0
-71.0,125.0,58.0,60.0,-62.0,-396.0,23.0,533.0,-116.0,-270.0
-142.0,-17.0,89.0,6.0,-28.0,-302.0,-76.0,530.0,-125.0,-157.0
-188.0,-165.0,133.0,-1.0,12.0,-192.0,-207.0,500.0,-139.0,-35.0
-240.0,-363.0,175.0,-3.0,52.0,-239.0,-249.0,585.0,-136.0,85.0
-277.0,-631.0,206.0,2.0,91.0,-317.0,-159.0,606.0,-115.0,212.0
-319.0,-925.0,268.0,48.0,126.0,-296.0,-34.0,410.0,-82.0,332.0
-353.0,-1116.0,299.0,77.0,145.0,-248.0,43.0,306.0,-47.0,423.0
-375.0,-1130.0,355.0,86.0,146.0,-252.0,96.0,83.0,9.0,499.0
-377.0,-1029.0,371.0,111.0,123.0,-352.0,112.0,86.0,52.0,550.0
-332.0,-881.0,396.0,133.0,82.0,-375.0,68.0,46.0,100.0,598.0
-309.0,-657.0,427.0,145.0,28.0,-317.0,19.0,25.0,186.0,609.0
-264.0,-363.0,407.0,148.0,-35.0,-313.0,-29.0,286.0,269.0,602.0
-217.0,-54.0,462.0,169.0,-102.0,-232.0,-58.0,282.0,361.0,591.0
-165.0,234.0,442.0,150.0,-159.0,-151.0,-119.0,365.0,447.0,547.0
-122.0,439.0,439.0,86.0,-192.0,-173.0,-224.0,356.0,497.0,482.0
-62.0,532.0,487.0,51.0,-202.0,-211.0,-278.0,338.0,513.0,400.0
12.0,510.0,452.0,7.0,-195.0,-198.0,-257.0,397.0,504.0,319.0
84.0,380.0,500.0,-46.0,-173.0,-117.0,-218.0,303.0,491.0,217.0
139.0,215.0,501.0,-96.0,-152.0,-101.0,-249.0,280.0,482.0,131.0
172.0,90.0,495.0,-152.0,-142.0,-91.0,-282.0,195.0,464.0,53.0
198.0,51.0,512.0,-205.0,-137.0,-9.0,-263.0,267.0,443.0,-27.0
217.0,67.0,467.0,-243.0,-133.0,6.0,-262.0,212.0,414.0,-105.0
217.0,64.0,458.0,-269.0,-125.0,-52.0,-235.0,-49.0,366.0,-182.0
207.0,43.0,422.0,-285.0,-109.0,-44.0,-201.0,-169.0,288.0,-231.0
227.0,26.0,387.0,-282.0,-80.0,21.0,-212.0,-236.0,190.0,-294.0
228.0,28.0,304.0,-272.0,-41.0,23.0,-241.0,-144.0,88.0,-334.0
258.0,56.0,270.0,-240.0,-5.0,-2.0,-285.0,-22.0,-13.0,-357.0
260.0,75.0,183.0,-195.0,28.0,20.0,-278.0,275.0,-112.0,-364.0
280.0,61.0,65.0,-138.0,64.0,17.0,-225.0,550.0,-205.0,-360.0
306.0,75.0,47.0,-101.0,103.0,-53.0,-140.0,484.0,-295.0,-372.0
302.0,223.0,-113.0,-72.0,138.0,-55.0,-71.0,352.0,-373.0,-340.0
320.0,494.0,-175.0,-22.0,165.0,45.0,-79.0,158.0,-432.0,-333.0
322.0,755.0,-229.0,-20.0,175.0,87.0,-80.0,160.0,-478.0,-348.0
353.0,897.0,-358.0,-32.0,158.0,35.0,-24.0,160.0,-486.0,-338.0
350.0,925.0,-369.0,-41.0,121.0,19.0,34.0,140.0,-476.0,-361.0
353.0,842.0,-445.0,-50.0,89.0,112.0,44.0,184.0,-483.0,-399.0
345.0,641.0,-487.0,-45.0,67.0,237.0,37.0,-77.0,-461.0,-443.0
342.0,434.0,-491.0,-21.0,60.0,200.0,0.0,-151.0,-428.0,-482.0
336.0,278.0,-519.0,30.0,74.0,71.0,-62.0,-210.0,-407.0,-508.0
317.0,129.0,-516.0,55.0,94.0,93.0,-137.0,-171.0,-385.0,-526.0
313.0,-7.0,-507.0,81.0,106.0,114.0,-213.0,-36.0,-384.0,-506.0
297.0,-99.0,-511.0,127.0,112.0,102.0,-258.0,-173.0,-387.0,-451.0
293.0,-121.0,-506.0,152.0,112.0,116.0,-307.0,-46.0,-398.0,-366.0
257.0,-32.0,-471.0,146.0,105.0,97.0,-311.0,-20.0,-385.0,-254.0
243.0,138.0,-499.0,148.0,93.0,128.0,-249.0,14.0,-326.0,-120.0
217.0,271.0,-464.0,147.0,83.0,131.0,-191.0,112.0,-255.0,11.0
200.0,340.0,-442.0,125.0,84.0,121.0,-208.0,-16.0,-185.0,111.0
150.0,371.0,-465.0,113.0,92.0,128.0,-242.0,-107.0,-105.0,193.0
116.0,285.0,-388.0,89.0,103.0,105.0,-231.0,-201.0,-20.0,267.0
98.0,102.0,-380.0,65.0,115.0,113.0,-188.0,-101.0,40.0,307.0
63.0,-52.0,-359.0,55.0,115.0,181.0,-126.0,5.0,106.0,325.0
64.0,-181.0,-316.0,44.0,98.0,225.0,-77.0,101.0,141.0,337.0
18.0,-316.0,-315.0,49.0,78.0,189.0,-4.0,112.0,145.0,347.0
0.0,-391.0,-291.0,79.0,64.0,210.0,23.0,-48.0,166.0,347.0
-35.0,-394.0,-259.0,138.0,58.0,236.0,28.0,-173.0,169.0,321.0
-45.0,-376.0,-230.0,216.0,48.0,185.0,68.0,-375.0,176.0,312.0
-79.0,-332.0,-219.0,274.0,30.0,122.0,43.0,-338.0,172.0,321.0
-124.0,-248.0,-174.0,305.0,15.0,131.0,18.0,-258.0,169.0,310.0
-95.0,-128.0,-168.0,302.0,4.0,264.0,51.0,-144.0,188.0,302.0
-96.0,10.0,-141.0,274.0,-8.0,285.0,76.0,-18.0,189.0,333.0
-69.0,118.0,-102.0,229.0,-20.0,213.0,96.0,-83.0,178.0,359.0
-56.0,165.0,-114.0,167.0,-20.0,212.0,118.0,-36.0,155.0,366.0
-41.0,181.0,-50.0,93.0,1.0,242.0,127.0,-99.0,132.0,379.0
-23.0,242.0,-30.0,-24.0,31.0,270.0,135.0,-44.0,102.0,378.0
-16.0,360.0,-12.0,-131.0,58.0,252.0,109.0,-35.0,54.0,342.0
-9.0,488.0,43.0,-238.0,66.0,277.0,96.0,-151.0,-20.0,269.0
5.0,551.0,29.0,-356.0,59.0,297.0,177.0,-131.0,-119.0,191.0
48.0,521.0,56.0,-414.0,42.0,211.0,300.0,-267.0,-213.0,78.0
88.0,453.0,71.0,-468.0,17.0,151.0,381.0,-280.0,-282.0,-62.0
103.0,423.0,77.0,-514.0,-4.0,206.0,355.0,-264.0,-342.0,-203.0
120.0,507.0,99.0,-514.0,-29.0,292.0,274.0,-158.0,-398.0,-343.0
144.0,698.0,121.0,-489.0,-53.0,319.0,206.0,-72.0,-442.0,-477.0
157.0,959.0,113.0,-441.0,-63.0,365.0,147.0,-195.0,-475.0,-623.0
164.0,1209.0,102.0,-422.0,-54.0,431.0,92.0,-190.0,-494.0,-746.0
146.0,1311.0,138.0,-418.0,-30.0,420.0,76.0,-262.0,-523.0,-845.0
153.0,1197.0,89.0,-417.0,-11.0,374.0,162.0,-227.0,-554.0,-926.0
152.0,905.0,120.0,-440.0,-10.0,398.0,303.0,-251.0,-553.0,-995.0
135.0,555.0,114.0,-437.0,-17.0,477.0,310.0,-304.0,-551.0,-1037.0
102.0,252.0,69.0,-400.0,-30.0,523.0,214.0,-136.0,-534.0,-1044.0
62.0,47.0,86.0,-352.0,-43.0,544.0,200.0,-92.0,-491.0,-1033.0
24.0,-68.0,26.0,-287.0,-52.0,568.0,157.0,-5.0,-452.0,-992.0
-25.0,-116.0,48.0,-211.0,-47.0,576.0,38.0,-38.0,-400.0,-927.0
-65.0,-163.0,12.0,-122.0,-25.0,558.0,-8.0,-49.0,-348.0,-852.0
-112.0,-267.0,-35.0,-26.0,8.0,591.0,33.0,-81.0,-305.0,-792.0
-131.0,-427.0,-23.0,72.0,45.0,624.0,100.0,-308.0,-242.0,-723.0
-169.0,-618.0,-63.0,168.0,78.0,561.0,196.0,-384.0,-173.0,-641.0
-213.0,-774.0,-77.0,265.0,94.0,541.0,280.0,-545.0,-96.0,-565.0
-244.0,-824.0,-82.0,351.0,93.0,571.0,274.0,-613.0,-24.0,-481.0
-285.0,-758.0,-68.0,435.0,81.0,600.0,223.0,-668.0,9.0,-374.0
-307.0,-687.0,-75.0,524.0,63.0,585.0,201.0,-705.0,30.0,-270.0
-324.0,-713.0,-75.0,602.0,41.0,565.0,152.0,-506.0,60.0,-197.0
-316.0,-869.0,-53.0,667.0,15.0,665.0,68.0,-312.0,114.0,-113.0
-290.0,-1078.0,-59.0,736.0,-18.0,694.0,44.0,-136.0,160.0,-15.0
-252.0,-1192.0,-52.0,778.0,-65.0,638.0,54.0,-181.0,192.0,77.0
-215.0,-1143.0,-36.0,738.0,-117.0,624.0,83.0,-205.0,216.0,169.0
-174.0,-936.0,-19.0,668.0,-161.0,610.0,93.0,-334.0,238.0,264.0
-132.0,-632.0,-29.0,595.0,-191.0,627.0,77.0,-452.0,247.0,344.0
-97.0,-344.0,-5.0,479.0,-211.0,673.0,84.0,-341.0,240.0,392.0
-58.0,-174.0,21.0,325.0,-220.0,732.0,135.0,-487.0,221.0,421.0
-25.0,-78.0,-2.0,194.0,-220.0,715.0,250.0,-393.0,173.0,449.0
7.0,23.0,44.0,57.0,-213.0,603.0,267.0,-286.0,146.0,477.0
52.0,142.0,39.0,-83.0,-191.0,561.0,191.0,-282.0,141.0,497.0
102.0,263.0,3.0,-174.0,-160.0,631.0,148.0,-140.0,124.0,513.0
134.0,374.0,51.0,-237.0,-131.0,643.0,141.0,-256.0,108.0,535.0
152.0,466.0,30.0,-262.0,-106.0,594.0,165.0,-251.0,94.0,532.0
191.0,504.0,15.0,-237.0,-78.0,626.0,153.0,-295.0,75.0,505.0
222.0,487.0,44.0,-190.0,-47.0,655.0,127.0,-391.0,52.0,474.0
244.0,406.0,34.0,-151.0,-27.0,604.0,105.0,-339.0,34.0,415.0
285.0,230.0,10.0,-93.0,-24.0,543.0,28.0,-271.0,20.0,322.0
319.0,29.0,-7.0,-48.0,-27.0,586.0,-26.0,-109.0,35.0,226.0
363.0,-95.0,-20.0,-33.0,-34.0,626.0,-24.0,-79.0,62.0,133.0
384.0,-142.0,-60.0,-2.0,-37.0,558.0,-110.0,-36.0,93.0,27.0
400.0,-159.0,-106.0,13.0,-40.0,532.0,-207.0,-112.0,121.0,-82.0
425.0,-129.0,-130.0,1.0,-49.0,588.0,-204.0,-121.0,141.0,-154.0
409.0,-14.0,-163.0,-10.0,-62.0,550.0,-204.0,48.0,161.0,-198.0
415.0,125.0,-216.0,10.0,-78.0,479.0,-180.0,40.0,160.0,-280.0
387.0,248.0,-252.0,44.0,-99.0,542.0,-194.0,9.0,132.0,-354.0
369.0,395.0,-292.0,51.0,-118.0,600.0,-371.0,-127.0,80.0,-400.0
354.0,592.0,-353.0,81.0,-121.0,558.0,-552.0,-195.0,10.0,-470.0
307.0,828.0,-400.0,131.0,-101.0,450.0,-609.0,-314.0,-39.0,-560.0
275.0,966.0,-465.0,152.0,-66.0,472.0,-556.0,-360.0,-41.0,-635.0
216.0,860.0,-496.0,183.0,-29.0,535.0,-490.0,-208.0,-48.0,-666.0
190.0,573.0,-523.0,230.0,3.0,434.0,-490.0,-192.0,-77.0,-697.0
162.0,200.0,-560.0,273.0,30.0,354.0,-531.0,0.0,-120.0,-699.0
132.0,-204.0,-570.0,286.0,44.0,427.0,-543.0,42.0,-167.0,-644.0
106.0,-542.0,-573.0,249.0,43.0,522.0,-424.0,49.0,-180.0,-576.0
78.0,-762.0,-555.0,206.0,34.0,486.0,-324.0,105.0,-169.0,-486.0
56.0,-874.0,-547.0,155.0,33.0,426.0,-347.0,-177.0,-170.0,-368.0
6.0,-918.0,-528.0,83.0,48.0,340.0,-345.0,-284.0,-181.0,-207.0
-30.0,-974.0,-476.0,3.0,69.0,266.0,-300.0,-412.0,-189.0,-49.0
-60.0,-1082.0,-463.0,-91.0,91.0,323.0,-340.0,-528.0,-171.0,83.0
-69.0,-1206.0,-443.0,-189.0,114.0,362.0,-502.0,-519.0,-130.0,203.0
-86.0,-1299.0,-365.0,-266.0,135.0,345.0,-643.0,-504.0,-94.0,282.0
-91.0,-1332.0,-378.0,-326.0,150.0,309.0,-575.0,-317.0,-62.0,310.0
-85.0,-1265.0,-339.0,-384.0,155.0,290.0,-401.0,-280.0,-26.0,288.0
-91.0,-1079.0,-285.0,-453.0,146.0,349.0,-408.0,-214.0,29.0,260.0
-73.0,-782.0,-296.0,-502.0,114.0,377.0,-532.0,-245.0,103.0,183.0
-65.0,-475.0,-211.0,-520.0,51.0,354.0,-559.0,-325.0,171.0,44.0
-35.0,-264.0,-199.0,-555.0,-34.0,359.0,-455.0,-332.0,207.0,-110.0
10.0,-121.0,-178.0,-598.0,-113.0,335.0,-400.0,-434.0,206.0,-291.0
47.0,20.0,-132.0,-643.0,-162.0,275.0,-454.0,-330.0,180.0,-493.0
84.0,148.0,-138.0,-685.0,-178.0,236.0,-470.0,-341.0,124.0,-681.0
112.0,263.0,-86.0,-714.0,-175.0,348.0,-426.0,-293.0,45.0,-833.0
165.0,433.0,-74.0,-734.0,-166.0,523.0,-372.0,-279.0,-43.0,-952.0
194.0,654.0,-50.0,-748.0,-155.0,571.0,-420.0,-388.0,-129.0,-1028.0
213.0,818.0,-20.0,-764.0,-148.0,592.0,-557.0,-325.0,-197.0,-1060.0
242.0,864.0,-21.0,-778.0,-141.0,646.0,-612.0,-424.0,-246.0,-1050.0
270.0,835.0,-1.0,-784.0,-119.0,669.0,-565.0,-336.0,-282.0,-1006.0
304.0,770.0,13.0,-756.0,-72.0,582.0,-465.0,-206.0,-305.0,-954.0
318.0,672.0,13.0,-703.0,-10.0,500.0,-456.0,-145.0,-293.0,-878.0
330.0,533.0,12.0,-643.0,55.0,492.0,-585.0,-73.0,-271.0,-786.0
340.0,359.0,58.0,-581.0,114.0,444.0,-573.0,-51.0,-265.0,-726.0
331.0,172.0,30.0,-517.0,164.0,380.0,-360.0,110.0,-242.0,-661.0
299.0,-43.0,39.0,-423.0,209.0,437.0,-198.0,118.0,-211.0,-593.0
265.0,-238.0,75.0,-308.0,239.0,595.0,-238.0,175.0,-144.0,-526.0
240.0,-305.0,33.0,-197.0,253.0,666.0,-381.0,208.0,-58.0,-441.0
201.0,-292.0,75.0,-84.0,257.0,634.0,-420.0,221.0,-8.0,-388.0
164.0,-297.0,69.0,8.0,254.0,683.0,-436.0,293.0,21.0,-353.0
142.0,-278.0,78.0,79.0,248.0,768.0,-451.0,123.0,25.0,-358.0
103.0,-209.0,94.0,190.0,241.0,740.0,-403.0,77.0,27.0,-396.0
67.0,-152.0,77.0,296.0,232.0,705.0,-389.0,-53.0,46.0,-460.0
51.0,-96.0,120.0,350.0,219.0,669.0,-371.0,-229.0,62.0,-562.0
39.0,23.0,115.0,401.0,198.0,634.0,-286.0,-247.0,78.0,-668.0
22.0,208.0,142.0,424.0,173.0,611.0,-179.0,-230.0,73.0,-777.0
5.0,356.0,165.0,442.0,146.0,555.0,-121.0,14.0,52.0,-885.0
5.0,417.0,177.0,456.0,117.0,605.0,-87.0,103.0,7.0,-991.0
5.0,464.0,210.0,480.0,82.0,665.0,-87.0,140.0,-49.0,-1086.0
13.0,543.0,235.0,524.0,49.0,665.0,-268.0,123.0,-90.0,-1147.0
12.0,581.0,273.0,542.0,16.0,720.0,-498.0,-9.0,-113.0,-1188.0
19.0,517.0,297.0,577.0,-28.0,674.0,-513.0,92.0,-113.0,-1215.0
27.0,401.0,336.0,605.0,-81.0,573.0,-406.0,44.0,-115.0,-1191.0
13.0,249.0,370.0,599.0,-132.0,623.0,-500.0,-5.0,-94.0,-1146.0
-9.0,59.0,412.0,602.0,-172.0,726.0,-754.0,-36.0,-42.0,-1070.0
-27.0,-105.0,424.0,615.0,-201.0,809.0,-800.0,-158.0,23.0,-955.0
-33.0,-239.0,443.0,610.0,-220.0,799.0,-501.0,-205.0,83.0,-819.0
-68.0,-401.0,468.0,545.0,-224.0,709.0,-157.0,-173.0,106.0,-660.0
-88.0,-549.0,442.0,478.0,-214.0,677.0,-102.0,40.0,152.0,-521.0
-112.0,-515.0,448.0,393.0,-193.0,728.0,-308.0,149.0,221.0,-366.0
-145.0,-273.0,431.0,281.0,-161.0,804.0,-584.0,199.0,294.0,-203.0
-160.0,66.0,403.0,206.0,-128.0,807.0,-679.0,203.0,372.0,-63.0
-160.0,428.0,370.0,119.0,-110.0,807.0,-532.0,208.0,434.0,76.0
-159.0,704.0,313.0,38.0,-104.0,773.0,-246.0,149.0,484.0,204.0
-151.0,851.0,274.0,-11.0,-107.0,694.0,22.0,-70.0,529.0,314.0
-120.0,950.0,200.0,-81.0,-118.0,657.0,28.0,-79.0,555.0,397.0
-89.0,1025.0,168.0,-127.0,-132.0,634.0,-207.0,-171.0,545.0,466.0
-51.0,971.0,115.0,-136.0,-145.0,632.0,-483.0,-182.0,508.0,525.0
-20.0,704.0,59.0,-147.0,-153.0,576.0,-563.0,-49.0,477.0,556.0
4.0,312.0,34.0,-141.0,-155.0,547.0,-448.0,-48.0,455.0,563.0
12.0,-18.0,-18.0,-125.0,-157.0,511.0,-427.0,-20.0,431.0,539.0
34.0,-161.0,-33.0,-108.0,-149.0,424.0,-536.0,-20.0,404.0,492.0
22.0,-171.0,-83.0,-111.0,-120.0,463.0,-603.0,62.0,341.0,432.0
-4.0,-184.0,-101.0,-102.0,-76.0,547.0,-518.0,53.0,249.0,355.0
-8.0,-224.0,-112.0,-72.0,-34.0,605.0,-333.0,73.0,166.0,263.0
-34.0,-274.0,-124.0,-48.0,-2.0,617.0,-232.0,-1.0,67.0,165.0
-50.0,-382.0,-106.0,4.0,14.0,631.0,-187.0,-304.0,-36.0,52.0
-83.0,-605.0,-111.0,35.0,29.0,637.0,-229.0,-328.0,-121.0,-81.0
-90.0,-923.0,-77.0,83.0,44.0,572.0,-476.0,-406.0,-201.0,-189.0
-91.0,-1261.0,-78.0,134.0,49.0,521.0,-650.0,-336.0,-264.0,-288.0
-101.0,-1555.0,-31.0,148.0,46.0,534.0,-551.0,-182.0,-325.0,-375.0
-97.0,-1723.0,-14.0,163.0,42.0,612.0,-303.0,-199.0,-372.0,-412.0
-94.0,-1735.0,-38.0,158.0,42.0,600.0,-191.0,-46.0,-409.0,-422.0
-92.0,-1649.0,14.0,126.0,49.0,603.0,-288.0,-169.0,-458.0,-403.0
-98.0,-1508.0,-7.0,17.0,62.0,660.0,-432.0,-260.0,-493.0,-351.0
-93.0,-1299.0,1.0,-107.0,76.0,632.0,-440.0,-347.0,-508.0,-265.0
-107.0,-1037.0,24.0,-216.0,76.0,569.0,-299.0,-480.0,-500.0,-168.0
-95.0,-752.0,14.0,-365.0,64.0,522.0,-282.0,-325.0,-468.0,-89.0
-60.0,-409.0,34.0,-478.0,49.0,634.0,-355.0,-356.0,-413.0,-30.0
-40.0,19.0,45.0,-552.0,29.0,703.0,-402.0,-249.0,-363.0,13.0
-3.0,406.0,43.0,-633.0,5.0,602.0,-432.0,-149.0,-333.0,22.0
47.0,524.0,67.0,-689.0,-24.0,534.0,-434.0,-140.0,-286.0,8.0
84.0,327.0,99.0,-718.0,-52.0,499.0,-370.0,-83.0,-226.0,-7.0
116.0,23.0,83.0,-715.0,-72.0,444.0,-228.0,-142.0,-187.0,-38.0
142.0,-122.0,146.0,-675.0,-81.0,397.0,-166.0,-42.0,-163.0,-96.0
150.0,5.0,175.0,-635.0,-82.0,455.0,-179.0,-103.0,-138.0,-167.0
165.0,258.0,188.0,-593.0,-75.0,500.0,-218.0,-242.0,-128.0,-236.0
178.0,429.0,260.0,-553.0,-66.0,450.0,-286.0,-341.0,-135.0,-302.0
195.0,463.0,275.0,-497.0,-60.0,407.0,-325.0,-279.0,-148.0,-385.0
191.0,477.0,303.0,-419.0,-49.0,438.0,-391.0,-129.0,-163.0,-469.0
193.0,560.0,338.0,-352.0,-40.0,485.0,-598.0,-195.0,-195.0,-526.0
222.0,620.0,354.0,-285.0,-36.0,434.0,-737.0,-164.0,-228.0,-606.0
230.0,541.0,375.0,-216.0,-31.0,398.0,-499.0,-144.0,-257.0,-685.0
233.0,341.0,383.0,-133.0,-22.0,377.0,-233.0,40.0,-291.0,-754.0
245.0,71.0,347.0,-44.0,-19.0,331.0,-262.0,136.0,-301.0,-821.0
254.0,-230.0,341.0,28.0,-24.0,313.0,-360.0,-25.0,-283.0,-880.0
260.0,-469.0,303.0,127.0,-32.0,331.0,-370.0,-14.0,-251.0,-954.0
255.0,-596.0,229.0,228.0,-35.0,376.0,-219.0,-55.0,-236.0,-985.0
226.0,-628.0,204.0,302.0,-32.0,362.0,-194.0,-120.0,-233.0,-1004.0
190.0,-514.0,127.0,383.0,-37.0,342.0,-429.0,-284.0,-228.0,-1023.0
147.0,-246.0,53.0,435.0,-60.0,330.0,-533.0,-354.0,-238.0,-1010.0
103.0,80.0,-4.0,465.0,-86.0,281.0,-430.0,-260.0,-228.0,-978.0
51.0,386.0,-79.0,497.0,-102.0,200.0,-249.0,-310.0,-198.0,-935.0
5.0,619.0,-136.0,499.0,-107.0,129.0,-261.0,-282.0,-165.0,-897.0
-41.0,715.0,-188.0,460.0,-104.0,21.0,-512.0,-208.0,-136.0,-841.0
-94.0,694.0,-233.0,432.0,-101.0,-183.0,-601.0,36.0,-100.0,-780.0
-133.0,608.0,-261.0,410.0,-99.0,-261.0,-459.0,197.0,-59.0,-740.0
-180.0,493.0,-290.0,380.0,-101.0,-152.0,-390.0,151.0,-33.0,-706.0
-200.0,382.0,-318.0,368.0,-110.0,-56.0,-408.0,133.0,-15.0,-666.0
-226.0,289.0,-314.0,335.0,-118.0,-102.0,-261.0,-66.0,-3.0,-631.0
-250.0,228.0,-311.0,301.0,-123.0,-60.0,-77.0,-194.0,2.0,-619.0
-256.0,193.0,-291.0,259.0,-127.0,95.0,-31.0,-389.0,35.0,-593.0
-250.0,166.0,-271.0,198.0,-124.0,57.0,-186.0,-467.0,69.0,-551.0
-238.0,98.0,-257.0,155.0,-106.0,-37.0,-435.0,-460.0,70.0,-523.0
-223.0,-14.0,-226.0,131.0,-74.0,-36.0,-445.0,-558.0,61.0,-501.0
-185.0,-137.0,-230.0,93.0,-45.0,-12.0,-327.0,-327.0,34.0,-472.0
-149.0,-249.0,-227.0,47.0,-38.0,-116.0,-194.0,-299.0,6.0,-464.0
-89.0,-342.0,-200.0,31.0,-60.0,-242.0,-126.0,-181.0,18.0,-471.0
-61.0,-451.0,-201.0,-7.0,-104.0,-226.0,-174.0,51.0,40.0,-471.0
-25.0,-547.0,-197.0,-44.0,-158.0,-230.0,-44.0,120.0,75.0,-464.0
8.0,-576.0,-173.0,-9.0,-202.0,-262.0,94.0,230.0,99.0,-433.0
43.0,-540.0,-139.0,16.0,-225.0,-262.0,-73.0,101.0,102.0,-399.0
75.0,-461.0,-116.0,4.0,-217.0,-212.0,-377.0,131.0,104.0,-360.0
111.0,-386.0,-98.0,-27.0,-182.0,-198.0,-525.0,105.0,96.0,-294.0
164.0,-357.0,-45.0,-79.0,-142.0,-300.0,-355.0,-31.0,84.0,-218.0
169.0,-383.0,-18.0,-124.0,-110.0,-328.0,-64.0,-153.0,63.0,-153.0
206.0,-371.0,31.0,-159.0,-84.0,-304.0,29.0,-343.0,49.0,-75.0
195.0,-220.0,84.0,-182.0,-57.0,-341.0,-108.0,-236.0,55.0,16.0
192.0,35.0,124.0,-204.0,-23.0,-315.0,-240.0,-153.0,68.0,80.0
200.0,302.0,168.0,-207.0,13.0,-228.0,-274.0,-31.0,78.0,132.0
210.0,589.0,189.0,-180.0,51.0,-157.0,-227.0,-3.0,70.0,182.0
222.0,913.0,236.0,-163.0,82.0,-148.0,-43.0,31.0,60.0,214.0
226.0,1174.0,241.0,-97.0,104.0,-127.0,54.0,169.0,34.0,220.0
244.0,1325.0,262.0,-7.0,119.0,-81.0,-47.0,5.0,5.0,229.0
211.0,1417.0,278.0,29.0,114.0,-98.0,-145.0,31.0,-18.0,234.0
209.0,1428.0,257.0,36.0,91.0,-137.0,-203.0,-22.0,-42.0,214.0
155.0,1302.0,271.0,62.0,63.0,-77.0,-164.0,-179.0,-77.0,200.0
143.0,1061.0,241.0,83.0,45.0,39.0,-85.0,-210.0,-140.0,180.0
124.0,765.0,228.0,76.0,45.0,55.0,-176.0,-299.0,-201.0,162.0
83.0,464.0,230.0,114.0,60.0,91.0,-368.0,-216.0,-267.0,141.0
78.0,165.0,228.0,159.0,81.0,156.0,-479.0,-129.0,-330.0,107.0
48.0,-139.0,236.0,148.0,103.0,186.0,-397.0,-20.0,-397.0,84.0
26.0,-369.0,237.0,126.0,118.0,108.0,-204.0,5.0,-476.0,49.0
-26.0,-420.0,270.0,95.0,113.0,-11.0,-155.0,24.0,-545.0,11.0
-60.0,-300.0,284.0,80.0,89.0,62.0,-283.0,9.0,-608.0,-13.0
-111.0,-135.0,298.0,65.0,57.0,100.0,-252.0,-129.0,-645.0,-18.0
-141.0,-73.0,334.0,34.0,35.0,18.0,43.0,-38.0,-666.0,-14.0
-182.0,-121.0,352.0,52.0,30.0,-39.0,269.0,12.0,-669.0,-7.0
-193.0,-157.0,345.0,64.0,43.0,-37.0,327.0,94.0,-666.0,11.0
-197.0,-112.0,351.0,96.0,73.0,-16.0,259.0,27.0,-663.0,25.0
-219.0,-33.0,374.0,152.0,108.0,0.0,55.0,-179.0,-618.0,41.0
-211.0,43.0,349.0,179.0,137.0,26.0,-82.0,-131.0,-540.0,63.0
-208.0,81.0,335.0,175.0,155.0,12.0,-102.0,-142.0,-439.0,93.0
-179.0,-17.0,318.0,140.0,164.0,-12.0,-124.0,-49.0,-327.0,132.0
-180.0,-215.0,273.0,104.0,174.0,-15.0,-174.0,0.0,-232.0,161.0
-146.0,-346.0,241.0,21.0,193.0,57.0,-227.0,-86.0,-148.0,181.0
-127.0,-353.0,208.0,-86.0,216.0,118.0,-257.0,-77.0,-28.0,212.0
-94.0,-321.0,143.0,-177.0,236.0,117.0,-208.0,-157.0,93.0,227.0
-65.0,-277.0,115.0,-259.0,243.0,121.0,-47.0,-216.0,177.0,203.0
-40.0,-215.0,87.0,-314.0,230.0,110.0,38.0,-234.0,277.0,172.0
-12.0,-172.0,26.0,-349.0,205.0,-13.0,-87.0,-149.0,383.0,139.0
3.0,-148.0,51.0,-353.0,171.0,-235.0,-317.0,-72.0,489.0,66.0
36.0,-154.0,31.0,-325.0,131.0,-271.0,-413.0,-36.0,583.0,-32.0
47.0,-183.0,-7.0,-281.0,88.0,-181.0,-211.0,27.0,649.0,-115.0
90.0,-167.0,49.0,-238.0,43.0,-158.0,8.0,-3.0,718.0,-228.0
89.0,-93.0,27.0,-178.0,3.0,-205.0,-10.0,105.0,755.0,-361.0
121.0,-35.0,20.0,-96.0,-35.0,-252.0,-16.0,-1.0,765.0,-486.0
105.0,-53.0,81.0,-38.0,-82.0,-174.0,120.0,-190.0,708.0,-594.0
85.0,-134.0,79.0,15.0,-130.0,-142.0,186.0,-214.0,567.0,-681.0
82.0,-294.0,119.0,51.0,-173.0,-200.0,232.0,-304.0,425.0,-767.0
43.0,-529.0,145.0,58.0,-200.0,-267.0,293.0,-109.0,283.0,-783.0
41.0,-704.0,150.0,57.0,-204.0,-333.0,188.0,-11.0,135.0,-763.0
13.0,-746.0,160.0,65.0,-191.0,-345.0,47.0,20.0,-22.0,-741.0
24.0,-724.0,154.0,89.0,-170.0,-315.0,49.0,86.0,-176.0,-671.0
-9.0,-705.0,145.0,97.0,-151.0,-214.0,102.0,5.0,-312.0,-573.0
-18.0,-696.0,125.0,98.0,-149.0,-237.0,158.0,27.0,-420.0,-486.0
-37.0,-698.0,116.0,87.0,-167.0,-315.0,257.0,-157.0,-502.0,-411.0
-79.0,-712.0,96.0,89.0,-193.0,-279.0,349.0,-225.0,-575.0,-331.0
-88.0,-716.0,104.0,63.0,-213.0,-303.0,333.0,-192.0,-620.0,-257.0
-110.0,-706.0,50.0,-15.0,-214.0,-332.0,280.0,-221.0,-645.0,-206.0
-100.0,-689.0,66.0,-79.0,-203.0,-365.0,299.0,-173.0,-634.0,-186.0
-128.0,-661.0,19.0,-172.0,-188.0,-376.0,355.0,-203.0,-596.0,-154.0
-142.0,-640.0,-14.0,-266.0,-169.0,-308.0,424.0,-60.0,-522.0,-139.0
-156.0,-593.0,8.0,-342.0,-153.0,-287.0,460.0,22.0,-392.0,-150.0
-158.0,-451.0,-89.0,-411.0,-146.0,-347.0,336.0,84.0,-253.0,-166.0
-180.0,-181.0,-61.0,-426.0,-145.0,-406.0,81.0,9.0,-108.0,-180.0
-202.0,134.0,-94.0,-432.0,-149.0,-365.0,-37.0,-153.0,53.0,-200.0
-196.0,291.0,-104.0,-429.0,-157.0,-301.0,-17.0,-97.0,204.0,-244.0
-212.0,208.0,-90.0,-404.0,-166.0,-201.0,105.0,-197.0,343.0,-271.0
-202.0,-14.0,-113.0,-342.0,-161.0,-135.0,419.0,-168.0,483.0,-315.0
-202.0,-258.0,-96.0,-273.0,-129.0,-183.0,540.0,-86.0,595.0,-377.0
-173.0,-467.0,-79.0,-210.0,-74.0,-201.0,317.0,-48.0,680.0,-456.0
-153.0,-579.0,-44.0,-127.0,-18.0,-179.0,149.0,-73.0,742.0,-536.0
-162.0,-528.0,-43.0,-87.0,24.0,-189.0,207.0,-218.0,778.0,-617.0
-162.0,-371.0,23.0,-47.0,59.0,-314.0,324.0,-147.0,804.0,-730.0
-145.0,-138.0,40.0,-20.0,93.0,-368.0,331.0,-134.0,797.0,-808.0
-144.0,201.0,70.0,-30.0,118.0,-279.0,215.0,-92.0,767.0,-857.0
-149.0,625.0,125.0,-53.0,135.0,-201.0,159.0,-79.0,711.0,-886.0
-119.0,1029.0,120.0,-93.0,152.0,-164.0,289.0,-5.0,622.0,-896.0
-93.0,1252.0,171.0,-124.0,163.0,-187.0,445.0,88.0,513.0,-857.0
-56.0,1272.0,144.0,-178.0,159.0,-202.0,452.0,-83.0,375.0,-757.0
-43.0,1179.0,136.0,-211.0,135.0,-287.0,285.0,75.0,247.0,-656.0
-27.0,1087.0,140.0,-213.0,97.0,-423.0,140.0,184.0,115.0,-546.0
-7.0,991.0,60.0,-224.0,59.0,-461.0,208.0,177.0,-33.0,-426.0
9.0,836.0,71.0,-249.0,29.0,-444.0,448.0,190.0,-158.0,-307.0
36.0,632.0,35.0,-279.0,7.0,-421.0,693.0,9.0,-294.0,-235.0
70.0,383.0,-13.0,-303.0,-13.0,-377.0,696.0,27.0,-423.0,-165.0
123.0,170.0,6.0,-312.0,-28.0,-260.0,328.0,-158.0,-524.0,-83.0
169.0,48.0,-31.0,-321.0,-38.0,-112.0,-47.0,-380.0,-613.0,-30.0
221.0,1.0,-40.0,-325.0,-41.0,-106.0,0.0,-397.0,-666.0,24.0
266.0,-9.0,-23.0,-301.0,-34.0,-162.0,311.0,-362.0,-687.0,98.0
298.0,-12.0,-47.0,-264.0,-25.0,-178.0,403.0,-160.0,-684.0,204.0
316.0,0.0,-28.0,-193.0,-18.0,-238.0,132.0,-68.0,-662.0,300.0
340.0,49.0,15.0,-97.0,-5.0,-296.0,29.0,-42.0,-635.0,385.0
368.0,138.0,24.0,-13.0,19.0,-409.0,228.0,-166.0,-602.0,497.0
386.0,227.0,98.0,32.0,46.0,-456.0,327.0,-267.0,-578.0,589.0
407.0,348.0,149.0,66.0,66.0,-454.0,316.0,-267.0,-563.0,644.0
413.0,517.0,168.0,114.0,83.0,-535.0,194.0,-258.0,-526.0,703.0
391.0,623.0,259.0,181.0,100.0,-460.0,79.0,-118.0,-480.0,769.0
349.0,622.0,269.0,275.0,124.0,-311.0,71.0,-94.0,-435.0,802.0
315.0,582.0,293.0,355.0,161.0,-245.0,13.0,-9.0,-381.0,803.0
265.0,560.0,355.0,408.0,201.0,-227.0,-24.0,46.0,-333.0,820.0
199.0,589.0,336.0,449.0,232.0,-205.0,68.0,0.0,-302.0,827.0
118.0,673.0,376.0,487.0,248.0,-217.0,184.0,-107.0,-241.0,798.0
33.0,764.0,377.0,449.0,248.0,-329.0,124.0,-328.0,-180.0,763.0
-31.0,758.0,341.0,365.0,234.0,-367.0,-26.0,-360.0,-124.0,726.0
-113.0,621.0,368.0,272.0,218.0,-362.0,-54.0,-441.0,-57.0,669.0
-174.0,433.0,320.0,160.0,208.0,-464.0,15.0,-380.0,0.0,585.0
-245.0,251.0,290.0,72.0,205.0,-535.0,-66.0,-168.0,39.0,510.0
-315.0,86.0,303.0,-24.0,197.0,-456.0,-230.0,-16.0,52.0,438.0
-357.0,-40.0,252.0,-115.0,183.0,-366.0,-169.0,168.0,77.0,358.0
-410.0,-89.0,238.0,-207.0,173.0,-360.0,-128.0,142.0,97.0,288.0
-460.0,14.0,244.0,-306.0,159.0,-415.0,-118.0,256.0,110.0,234.0
-509.0,247.0,214.0,-380.0,136.0,-427.0,75.0,356.0,126.0,206.0
-534.0,450.0,201.0,-440.0,105.0,-372.0,216.0,312.0,128.0,163.0
-546.0,514.0,206.0,-463.0,65.0,-434.0,183.0,284.0,126.0,116.0
-548.0,445.0,199.0,-472.0,7.0,-559.0,18.0,145.0,126.0,84.0
-544.0,273.0,182.0,-469.0,-64.0,-564.0,-134.0,145.0,141.0,28.0
-519.0,-5.0,211.0,-456.0,-141.0,-544.0,-99.0,18.0,144.0,-37.0
-498.0,-339.0,203.0,-460.0,-214.0,-627.0,-7.0,-121.0,149.0,-89.0
-487.0,-668.0,216.0,-435.0,-272.0,-640.0,-50.0,-197.0,156.0,-126.0
-468.0,-893.0,234.0,-394.0,-313.0,-575.0,-56.0,-242.0,145.0,-175.0
-452.0,-880.0,209.0,-373.0,-344.0,-548.0,38.0,-127.0,157.0,-210.0
-421.0,-640.0,223.0,-384.0,-359.0,-508.0,113.0,-160.0,181.0,-212.0
-419.0,-296.0,195.0,-388.0,-360.0,-533.0,157.0,-92.0,209.0,-206.0
-396.0,17.0,176.0,-339.0,-344.0,-538.0,210.0,29.0,234.0,-183.0
-375.0,224.0,157.0,-280.0,-311.0,-567.0,325.0,109.0,247.0,-140.0
-335.0,317.0,129.0,-266.0,-279.0,-651.0,364.0,210.0,248.0,-76.0
-298.0,313.0,101.0,-260.0,-258.0,-610.0,333.0,282.0,233.0,-24.0
-278.0,207.0,85.0,-203.0,-238.0,-598.0,298.0,426.0,218.0,31.0
-234.0,19.0,62.0,-123.0,-203.0,-669.0,216.0,291.0,196.0,111.0
-212.0,-235.0,1.0,-37.0,-152.0,-715.0,103.0,206.0,159.0,167.0
-169.0,-521.0,11.0,62.0,-96.0,-695.0,16.0,199.0,124.0,227.0
-166.0,-761.0,-50.0,148.0,-37.0,-711.0,116.0,46.0,107.0,279.0
-145.0,-937.0,-91.0,200.0,21.0,-749.0,381.0,44.0,83.0,308.0
-135.0,-1065.0,-102.0,246.0,67.0,-626.0,585.0,-136.0,49.0,323.0
-136.0,-1153.0,-181.0,287.0,98.0,-516.0,640.0,-175.0,22.0,302.0
-138.0,-1170.0,-207.0,286.0,116.0,-567.0,708.0,-64.0,25.0,263.0
-167.0,-1089.0,-258.0,283.0,118.0,-577.0,720.0,-73.0,40.0,205.0
-171.0,-908.0,-312.0,266.0,96.0,-452.0,517.0,-96.0,48.0,132.0
-212.0,-662.0,-331.0,265.0,49.0,-427.0,342.0,-129.0,70.0,50.0
-223.0,-448.0,-348.0,290.0,-2.0,-496.0,408.0,3.0,95.0,-38.0
-258.0,-375.0,-370.0,295.0,-44.0,-479.0,520.0,12.0,128.0,-115.0
-268.0,-453.0,-338.0,299.0,-69.0,-417.0,481.0,134.0,156.0,-200.0
-270.0,-583.0,-290.0,264.0,-82.0,-376.0,404.0,223.0,174.0,-279.0
-286.0,-716.0,-271.0,212.0,-84.0,-430.0,443.0,190.0,194.0,-336.0
-280.0,-836.0,-199.0,146.0,-66.0,-486.0,631.0,284.0,193.0,-379.0
-304.0,-961.0,-154.0,75.0,-36.0,-465.0,556.0,147.0,172.0,-416.0
-292.0,-1114.0,-114.0,34.0,-9.0,-439.0,157.0,140.0,163.0,-456.0
-318.0,-1234.0,-58.0,-22.0,12.0,-409.0,84.0,116.0,168.0,-479.0
-311.0,-1304.0,-33.0,-72.0,16.0,-398.0,522.0,75.0,183.0,-491.0
-304.0,-1317.0,21.0,-114.0,5.0,-480.0,906.0,88.0,212.0,-496.0
-279.0,-1253.0,53.0,-141.0,-9.0,-548.0,724.0,-27.0,241.0,-487.0
-233.0,-1099.0,70.0,-160.0,-26.0,-455.0,406.0,136.0,272.0,-459.0
-217.0,-861.0,121.0,-188.0,-53.0,-334.0,239.0,190.0,295.0,-424.0
-154.0,-575.0,151.0,-207.0,-95.0,-316.0,332.0,295.0,296.0,-400.0
-122.0,-265.0,165.0,-215.0,-143.0,-259.0,609.0,417.0,302.0,-363.0
-67.0,7.0,216.0,-173.0,-173.0,-78.0,712.0,341.0,335.0,-310.0
-36.0,189.0,254.0,-123.0,-184.0,-16.0,710.0,362.0,363.0,-269.0
-11.0,249.0,257.0,-88.0,-179.0,-100.0,328.0,199.0,377.0,-228.0
5.0,270.0,319.0,-38.0,-163.0,-181.0,198.0,195.0,375.0,-175.0
22.0,354.0,335.0,6.0,-152.0,-195.0,448.0,127.0,347.0,-142.0
52.0,479.0,344.0,-2.0,-150.0,-199.0,332.0,-57.0,338.0,-108.0
48.0,650.0,401.0,-37.0,-156.0,-287.0,455.0,-9.0,332.0,-56.0
58.0,847.0,382.0,-52.0,-161.0,-319.0,599.0,24.0,300.0,0.0
53.0,973.0,394.0,-94.0,-156.0,-244.0,289.0,229.0,255.0,59.0
48.0,951.0,393.0,-135.0,-148.0,-191.0,226.0,247.0,207.0,114.0
39.0,879.0,359.0,-156.0,-146.0,-314.0,428.0,118.0,161.0,180.0
44.0,837.0,351.0,-175.0,-152.0,-364.0,363.0,59.0,98.0,224.0
42.0,714.0,300.0,-188.0,-158.0,-267.0,356.0,66.0,32.0,243.0
61.0,446.0,283.0,-201.0,-147.0,-259.0,487.0,46.0,-27.0,266.0
65.0,77.0,254.0,-211.0,-114.0,-294.0,466.0,-81.0,-86.0,298.0
57.0,-247.0,199.0,-208.0,-68.0,-315.0,463.0,131.0,-150.0,333.0
61.0,-406.0,180.0,-176.0,-24.0,-281.0,422.0,125.0,-242.0,375.0
47.0,-380.0,143.0,-135.0,12.0,-360.0,349.0,88.0,-317.0,445.0
35.0,-236.0,91.0,-119.0,39.0,-431.0,286.0,136.0,-369.0,520.0
3.0,-108.0,72.0,-126.0,55.0,-379.0,356.0,-57.0,-410.0,572.0
-11.0,-37.0,56.0,-131.0,66.0,-357.0,493.0,24.0,-435.0,600.0
-42.0,-2.0,10.0,-137.0,80.0,-318.0,389.0,1.0,-466.0,605.0
-66.0,0.0,26.0,-169.0,87.0,-325.0,250.0,1.0,-465.0,576.0
-103.0,-40.0,19.0,-231.0,90.0,-382.0,226.0,120.0,-427.0,502.0
-106.0,-110.0,-16.0,-288.0,97.0,-426.0,358.0,84.0,-370.0,422.0
-112.0,-173.0,2.0,-325.0,107.0,-383.0,548.0,20.0,-314.0,329.0
-134.0,-181.0,-4.0,-364.0,119.0,-310.0,582.0,-49.0,-255.0,211.0
-125.0,-129.0,5.0,-386.0,132.0,-383.0,378.0,22.0,-191.0,91.0
-120.0,-43.0,26.0,-374.0,143.0,-531.0,39.0,33.0,-125.0,-9.0
-88.0,75.0,39.0,-356.0,154.0,-567.0,-19.0,72.0,-36.0,-82.0
-69.0,238.0,52.0,-327.0,161.0,-484.0,157.0,153.0,40.0,-154.0
-14.0,410.0,56.0,-297.0,151.0,-440.0,266.0,197.0,100.0,-210.0
24.0,548.0,79.0,-263.0,122.0,-463.0,194.0,297.0,129.0,-232.0
59.0,715.0,82.0,-193.0,80.0,-460.0,40.0,266.0,146.0,-242.0
89.0,899.0,103.0,-140.0,50.0,-411.0,57.0,279.0,166.0,-245.0
131.0,992.0,111.0,-122.0,44.0,-400.0,115.0,225.0,177.0,-230.0
184.0,981.0,119.0,-81.0,49.0,-400.0,237.0,169.0,182.0,-197.0
217.0,880.0,137.0,-34.0,51.0,-350.0,335.0,232.0,160.0,-143.0
270.0,718.0,119.0,3.0,44.0,-317.0,165.0,216.0,141.0,-109.0
298.0,549.0,143.0,27.0,26.0,-354.0,35.0,388.0,122.0,-66.0
348.0,384.0,107.0,49.0,-1.0,-400.0,30.0,428.0,98.0,21.0
373.0,224.0,79.0,78.0,-31.0,-355.0,57.0,376.0,80.0,82.0
395.0,116.0,101.0,67.0,-42.0,-323.0,166.0,338.0,72.0,146.0
401.0,86.0,45.0,45.0,-28.0,-354.0,143.0,205.0,97.0,235.0
386.0,126.0,45.0,22.0,-5.0,-329.0,-45.0,194.0,120.0,310.0
381.0,201.0,61.0,2.0,9.0,-253.0,-64.0,38.0,147.0,373.0
359.0,213.0,31.0,10.0,9.0,-277.0,151.0,123.0,188.0,430.0
341.0,107.0,32.0,25.0,2.0,-382.0,367.0,238.0,210.0,495.0
291.0,-55.0,43.0,49.0,0.0,-348.0,417.0,262.0,218.0,552.0
248.0,-187.0,29.0,73.0,9.0,-287.0,262.0,417.0,226.0,588.0
199.0,-246.0,6.0,93.0,31.0,-340.0,55.0,352.0,224.0,636.0
139.0,-215.0,16.0,127.0,60.0,-344.0,77.0,395.0,218.0,699.0
83.0,-93.0,1.0,156.0,83.0,-209.0,294.0,367.0,215.0,733.0
31.0,33.0,-41.0,168.0,95.0,-38.0,477.0,295.0,205.0,761.0
-24.0,77.0,-40.0,195.0,113.0,29.0,467.0,162.0,192.0,783.0
-64.0,64.0,-58.0,213.0,144.0,31.0,106.0,-40.0,160.0,782.0
-87.0,44.0,-84.0,207.0,182.0,-7.0,-223.0,-44.0,129.0,763.0
-120.0,12.0,-93.0,207.0,219.0,-135.0,-170.0,-49.0,90.0,723.0
-140.0,-27.0,-97.0,191.0,249.0,-266.0,121.0,160.0,22.0,689.0
-140.0,-41.0,-105.0,170.0,265.0,-254.0,374.0,243.0,-33.0,653.0
-137.0,-21.0,-84.0,136.0,260.0,-208.0,234.0,260.0,-88.0,596.0
-132.0,19.0,-54.0,131.0,241.0,-285.0,-21.0,341.0,-128.0,541.0
-111.0,98.0,-52.0,119.0,221.0,-294.0,-58.0,188.0,-155.0,507.0
-112.0,188.0,19.0,82.0,212.0,-232.0,82.0,182.0,-186.0,458.0
-95.0,258.0,53.0,58.0,208.0,-203.0,227.0,121.0,-200.0,400.0
-92.0,322.0,58.0,5.0,191.0,-179.0,239.0,64.0,-184.0,358.0
-100.0,357.0,138.0,-31.0,153.0,-175.0,330.0,101.0,-157.0,328.0
-99.0,415.0,168.0,-72.0,102.0,-90.0,395.0,49.0,-130.0,292.0
-98.0,540.0,187.0,-106.0,38.0,-58.0,333.0,112.0,-114.0,258.0
-109.0,662.0,235.0,-98.0,-35.0,-148.0,376.0,77.0,-88.0,258.0
-134.0,699.0,246.0,-97.0,-103.0,-196.0,482.0,92.0,-57.0,231.0
-113.0,637.0,273.0,-72.0,-150.0,-187.0,357.0,116.0,-53.0,189.0
-113.0,519.0,301.0,-58.0,-172.0,-156.0,-3.0,77.0,-63.0,174.0
-120.0,339.0,288.0,-53.0,-184.0,-173.0,-179.0,48.0,-97.0,155.0
-138.0,142.0,306.0,-12.0,-195.0,-207.0,-21.0,20.0,-117.0,138.0
-156.0,-90.0,310.0,20.0,-202.0,-179.0,158.0,138.0,-116.0,118.0
-183.0,-418.0,276.0,51.0,-201.0,-137.0,244.0,105.0,-138.0,106.0
-196.0,-721.0,288.0,58.0,-186.0,-138.0,324.0,206.0,-137.0,110.0
-193.0,-884.0,262.0,37.0,-157.0,-140.0,273.0,194.0,-139.0,88.0
-218.0,-906.0,233.0,25.0,-113.0,-99.0,172.0,144.0,-135.0,86.0
-214.0,-798.0,235.0,6.0,-58.0,-112.0,126.0,323.0,-116.0,94.0
-244.0,-593.0,198.0,-3.0,-3.0,-98.0,48.0,192.0,-110.0,93.0
-248.0,-337.0,200.0,-49.0,43.0,-73.0,68.0,225.0,-94.0,112.0
-259.0,-9.0,220.0,-98.0,73.0,-151.0,264.0,169.0,-77.0,132.0
-294.0,351.0,220.0,-118.0,81.0,-167.0,398.0,48.0,-54.0,181.0
-317.0,611.0,235.0,-148.0,77.0,-96.0,374.0,105.0,-20.0,218.0
-319.0,746.0,251.0,-162.0,74.0,-20.0,356.0,29.0,4.0,252.0
-305.0,834.0,238.0,-167.0,73.0,-8.0,377.0,116.0,19.0,318.0
-318.0,956.0,214.0,-139.0,64.0,-56.0,330.0,72.0,18.0,388.0
-311.0,1138.0,217.0,-83.0,45.0,-58.0,180.0,7.0,-16.0,438.0
-308.0,1333.0,179.0,-45.0,22.0,-72.0,49.0,-49.0,-75.0,490.0
-303.0,1432.0,140.0,-6.0,3.0,-144.0,63.0,-168.0,-139.0,544.0
-315.0,1365.0,129.0,1.0,-8.0,-187.0,158.0,-79.0,-208.0,564.0
-324.0,1126.0,101.0,0.0,-11.0,-120.0,192.0,-72.0,-282.0,583.0
-319.0,731.0,61.0,21.0,1.0,-66.0,217.0,-18.0,-361.0,598.0
-312.0,300.0,43.0,31.0,26.0,-101.0,231.0,11.0,-415.0,613.0
-296.0,-8.0,23.0,41.0,46.0,-87.0,59.0,9.0,-423.0,612.0
-291.0,-149.0,-22.0,45.0,50.0,-29.0,-102.0,20.0,-412.0,597.0
-264.0,-201.0,-21.0,40.0,41.0,-45.0,-84.0,-31.0,-390.0,586.0
-238.0,-251.0,-46.0,26.0,19.0,-125.0,-12.0,-14.0,-359.0,551.0
-214.0,-343.0,-78.0,9.0,-8.0,-96.0,119.0,-151.0,-323.0,492.0
-208.0,-517.0,-77.0,-10.0,-34.0,-18.0,176.0,-109.0,-266.0,423.0
-168.0,-743.0,-110.0,-3.0,-57.0,-45.0,40.0,-68.0,-186.0,357.0
-113.0,-934.0,-115.0,3.0,-73.0,-68.0,-12.0,-101.0,-96.0,258.0
-58.0,-1059.0,-103.0,-19.0,-86.0,-33.0,93.0,-3.0,-13.0,151.0
-3.0,-1142.0,-127.0,-10.0,-93.0,-25.0,123.0,-103.0,49.0,59.0
65.0,-1185.0,-151.0,1.0,-92.0,-54.0,61.0,44.0,96.0,-27.0
158.0,-1209.0,-148.0,-16.0,-80.0,-87.0,85.0,221.0,133.0,-119.0
216.0,-1229.0,-155.0,-33.0,-55.0,-108.0,133.0,315.0,178.0,-198.0
292.0,-1214.0,-168.0,-17.0,-32.0,-113.0,101.0,460.0,224.0,-220.0
333.0,-1131.0,-167.0,-13.0,-12.0,-164.0,110.0,424.0,275.0,-232.0
384.0,-1015.0,-163.0,-11.0,9.0,-204.0,244.0,522.0,333.0,-226.0
425.0,-917.0,-198.0,34.0,37.0,-226.0,440.0,504.0,362.0,-186.0
442.0,-819.0,-208.0,68.0,67.0,-296.0,415.0,380.0,363.0,-132.0
472.0,-704.0,-201.0,96.0,90.0,-239.0,172.0,256.0,363.0,-75.0
487.0,-574.0,-242.0,138.0,99.0,-92.0,81.0,144.0,359.0,-42.0
521.0,-429.0,-238.0,163.0,95.0,-77.0,127.0,147.0,363.0,6.0
517.0,-283.0,-242.0,171.0,73.0,-163.0,121.0,51.0,363.0,44.0
527.0,-144.0,-253.0,190.0,33.0,-147.0,96.0,-29.0,365.0,29.0
526.0,-39.0,-244.0,200.0,-17.0,-36.0,121.0,-145.0,362.0,23.0
501.0,36.0,-275.0,192.0,-77.0,-84.0,122.0,-118.0,351.0,18.0
476.0,110.0,-274.0,193.0,-138.0,-224.0,130.0,-120.0,347.0,-6.0
427.0,211.0,-271.0,159.0,-190.0,-261.0,202.0,-195.0,323.0,-48.0
385.0,351.0,-268.0,108.0,-232.0,-262.0,197.0,-5.0,289.0,-55.0
359.0,518.0,-252.0,63.0,-261.0,-320.0,167.0,57.0,252.0,-11.0
363.0,698.0,-237.0,14.0,-271.0,-362.0,222.0,234.0,217.0,27.0
340.0,827.0,-191.0,-9.0,-258.0,-299.0,326.0,417.0,182.0,127.0
321.0,862.0,-170.0,-76.0,-231.0,-247.0,407.0,509.0,141.0,258.0
308.0,819.0,-131.0,-143.0,-203.0,-276.0,433.0,676.0,87.0,391.0
285.0,733.0,-82.0,-172.0,-173.0,-300.0,439.0,617.0,19.0,538.0
260.0,676.0,-47.0,-218.0,-142.0,-206.0,405.0,582.0,-36.0,684.0
210.0,659.0,-6.0,-231.0,-101.0,-105.0,397.0,469.0,-74.0,827.0
167.0,611.0,17.0,-224.0,-44.0,-170.0,366.0,493.0,-110.0,928.0
141.0,498.0,67.0,-207.0,24.0,-192.0,232.0,504.0,-143.0,999.0
111.0,364.0,99.0,-167.0,94.0,-142.0,208.0,330.0,-167.0,1041.0
59.0,270.0,107.0,-103.0,158.0,-151.0,328.0,332.0,-172.0,1055.0
38.0,267.0,146.0,-38.0,210.0,-179.0,419.0,240.0,-170.0,1024.0
31.0,347.0,145.0,-2.0,247.0,-136.0,419.0,232.0,-142.0,957.0
8.0,460.0,128.0,41.0,269.0,-7.0,458.0,164.0,-102.0,891.0
-2.0,547.0,85.0,89.0,277.0,-43.0,610.0,75.0,-57.0,800.0
-18.0,512.0,35.0,101.0,272.0,-132.0,670.0,40.0,13.0,689.0
-37.0,286.0,23.0,90.0,265.0,-66.0,584.0,-125.0,64.0,591.0
-74.0,-80.0,-69.0,82.0,256.0,27.0,477.0,-114.0,121.0,496.0
-105.0,-462.0,-109.0,51.0,244.0,52.0,378.0,-162.0,181.0,399.0
-131.0,-726.0,-130.0,6.0,231.0,16.0,385.0,-131.0,203.0,313.0
-153.0,-789.0,-210.0,-13.0,214.0,-27.0,518.0,-12.0,216.0,243.0
-177.0,-675.0,-214.0,-4.0,186.0,-83.0,573.0,42.0,211.0,198.0
-197.0,-469.0,-252.0,-6.0,158.0,-49.0,484.0,157.0,198.0,152.0
-205.0,-259.0,-306.0,-17.0,148.0,64.0,414.0,59.0,210.0,135.0
-203.0,-144.0,-319.0,0.0,154.0,121.0,474.0,-27.0,227.0,147.0
-194.0,-181.0,-352.0,20.0,166.0,47.0,553.0,-151.0,224.0,147.0
-209.0,-349.0,-344.0,58.0,166.0,-16.0,534.0,-190.0,208.0,161.0
-203.0,-570.0,-353.0,107.0,152.0,78.0,512.0,-57.0,190.0,220.0
-216.0,-762.0,-383.0,144.0,142.0,164.0,605.0,-88.0,171.0,296.0
-225.0,-919.0,-357.0,178.0,131.0,169.0,715.0,27.0,172.0,373.0
-232.0,-1070.0,-368.0,164.0,118.0,158.0,705.0,27.0,183.0,483.0
-238.0,-1201.0,-336.0,145.0,104.0,198.0,529.0,-105.0,182.0,606.0
-229.0,-1267.0,-300.0,154.0,96.0,206.0,239.0,-173.0,167.0,732.0
-228.0,-1214.0,-291.0,152.0,99.0,122.0,185.0,-288.0,161.0,838.0
-200.0,-1018.0,-233.0,164.0,100.0,66.0,380.0,-266.0,161.0,943.0
-191.0,-678.0,-239.0,192.0,99.0,79.0,482.0,-240.0,132.0,1041.0
-155.0,-236.0,-225.0,240.0,94.0,87.0,481.0,-103.0,118.0,1061.0
-135.0,258.0,-182.0,297.0,86.0,65.0,401.0,-60.0,105.0,1062.0
-82.0,754.0,-181.0,314.0,80.0,73.0,253.0,-29.0,56.0,1043.0
-22.0,1215.0,-154.0,333.0,82.0,71.0,178.0,142.0,-15.0,998.0
6.0,1651.0,-128.0,343.0,88.0,-3.0,267.0,249.0,-97.0,917.0
56.0,2016.0,-101.0,301.0,89.0,-45.0,408.0,369.0,-165.0,827.0
83.0,2223.0,-90.0,252.0,84.0,8.0,450.0,214.0,-259.0,754.0
135.0,2236.0,-79.0,227.0,80.0,-2.0,422.0,164.0,-343.0,658.0
150.0,2073.0,-55.0,214.0,87.0,-141.0,357.0,121.0,-392.0,578.0
206.0,1780.0,-68.0,182.0,98.0,-181.0,267.0,-55.0,-448.0,522.0
210.0,1398.0,-48.0,164.0,109.0,-68.0,254.0,-59.0,-484.0,483.0
218.0,920.0,-10.0,144.0,114.0,-85.0,378.0,-203.0,-508.0,445.0
235.0,363.0,24.0,117.0,106.0,-154.0,492.0,-166.0,-538.0,429.0
210.0,-162.0,51.0,85.0,88.0,-47.0,419.0,-105.0,-524.0,428.0
208.0,-562.0,92.0,48.0,61.0,24.0,283.0,-109.0,-482.0,423.0
146.0,-810.0,145.0,34.0,36.0,-75.0,233.0,9.0,-453.0,430.0
143.0,-918.0,140.0,17.0,22.0,-200.0,153.0,90.0,-392.0,442.0
89.0,-929.0,168.0,38.0,19.0,-196.0,45.0,205.0,-284.0,469.0
62.0,-908.0,174.0,76.0,22.0,-179.0,-9.0,155.0,-175.0,457.0
49.0,-870.0,155.0,121.0,21.0,-269.0,-8.0,120.0,-57.0,423.0
16.0,-827.0,151.0,178.0,15.0,-332.0,35.0,-68.0,74.0,378.0
-19.0,-762.0,146.0,222.0,-4.0,-342.0,5.0,-284.0,191.0,293.0
-83.0,-606.0,140.0,231.0,-35.0,-283.0,-114.0,-249.0,316.0,178.0
-130.0,-414.0,119.0,207.0,-68.0,-281.0,-187.0,-301.0,470.0,66.0
-201.0,-324.0,120.0,192.0,-95.0,-341.0,-152.0,-118.0,614.0,-22.0
-214.0,-327.0,85.0,138.0,-109.0,-296.0,-30.0,33.0,708.0,-112.0
-262.0,-333.0,83.0,73.0,-106.0,-288.0,81.0,144.0,778.0,-183.0
-279.0,-325.0,75.0,5.0,-98.0,-275.0,117.0,321.0,827.0,-217.0
-299.0,-304.0,43.0,-81.0,-101.0,-196.0,161.0,304.0,821.0,-218.0
-297.0,-253.0,44.0,-155.0,-114.0,-173.0,163.0,325.0,776.0,-215.0
-282.0,-193.0,39.0,-223.0,-131.0,-158.0,26.0,210.0,746.0,-190.0
-282.0,-126.0,34.0,-298.0,-147.0,-82.0,-74.0,179.0,706.0,-130.0
-262.0,-26.0,30.0,-363.0,-165.0,-19.0,-48.0,49.0,620.0,-70.0
-261.0,94.0,50.0,-366.0,-189.0,-121.0,-31.0,-110.0,555.0,0.0
-218.0,147.0,59.0,-380.0,-207.0,-299.0,-62.0,-29.0,475.0,82.0
-192.0,54.0,63.0,-401.0,-221.0,-259.0,-78.0,16.0,351.0,165.0
-140.0,-125.0,78.0,-418.0,-230.0,-160.0,-106.0,223.0,259.0,249.0
-100.0,-263.0,106.0,-463.0,-228.0,-271.0,-149.0,269.0,160.0,314.0
-14.0,-324.0,105.0,-494.0,-209.0,-423.0,-138.0,319.0,62.0,372.0
40.0,-379.0,113.0,-523.0,-170.0,-396.0,-132.0,410.0,19.0,422.0
92.0,-466.0,139.0,-537.0,-120.0,-264.0,-155.0,232.0,-36.0,424.0
153.0,-534.0,111.0,-556.0,-72.0,-225.0,-157.0,116.0,-90.0,403.0
206.0,-538.0,110.0,-584.0,-28.0,-182.0,-147.0,-51.0,-88.0,384.0
276.0,-414.0,91.0,-600.0,9.0,-106.0,-84.0,-138.0,-88.0,329.0
303.0,-165.0,44.0,-585.0,39.0,-65.0,12.0,-190.0,-85.0,257.0
376.0,134.0,22.0,-499.0,62.0,-58.0,62.0,-182.0,-59.0,207.0
386.0,503.0,-43.0,-370.0,73.0,-71.0,18.0,-66.0,-27.0,148.0
434.0,834.0,-119.0,-231.0,69.0,-41.0,-146.0,0.0,-8.0,76.0
429.0,985.0,-164.0,-86.0,48.0,-70.0,-238.0,249.0,19.0,11.0
428.0,1012.0,-214.0,66.0,18.0,-104.0,-128.0,273.0,78.0,-56.0
404.0,979.0,-262.0,207.0,-11.0,-62.0,-54.0,240.0,119.0,-122.0
364.0,958.0,-296.0,353.0,-44.0,-75.0,-129.0,223.0,145.0,-190.0
355.0,997.0,-290.0,485.0,-77.0,-116.0,-199.0,29.0,153.0,-228.0
299.0,1045.0,-289.0,562.0,-109.0,-32.0,-230.0,90.0,132.0,-262.0
306.0,1048.0,-270.0,620.0,-146.0,91.0,-213.0,60.0,83.0,-313.0
229.0,952.0,-206.0,650.0,-179.0,141.0,-122.0,88.0,49.0,-334.0
233.0,777.0,-199.0,661.0,-202.0,127.0,-21.0,181.0,42.0,-350.0
175.0,635.0,-169.0,686.0,-217.0,102.0,-38.0,229.0,-7.0,-364.0
112.0,507.0,-111.0,705.0,-227.0,179.0,-211.0,400.0,-75.0,-383.0
76.0,251.0,-78.0,696.0,-224.0,177.0,-308.0,380.0,-94.0,-396.0
43.0,-102.0,-44.0,662.0,-203.0,108.0,-244.0,312.0,-77.0,-381.0
28.0,-446.0,-23.0,643.0,-170.0,139.0,-225.0,112.0,-61.0,-371.0
-49.0,-768.0,29.0,612.0,-133.0,133.0,-267.0,-9.0,-19.0,-343.0
-62.0,-1120.0,30.0,579.0,-86.0,114.0,-200.0,-66.0,24.0,-294.0
-124.0,-1543.0,31.0,577.0,-26.0,100.0,-68.0,-138.0,71.0,-254.0
-105.0,-1978.0,58.0,553.0,35.0,104.0,-104.0,11.0,127.0,-208.0
-161.0,-2357.0,53.0,541.0,92.0,153.0,-263.0,36.0,162.0,-157.0
-161.0,-2570.0,53.0,541.0,136.0,190.0,-348.0,188.0,203.0,-94.0
-173.0,-2483.0,48.0,532.0,164.0,239.0,-330.0,275.0,213.0,-37.0
-193.0,-2070.0,57.0,506.0,183.0,210.0,-227.0,190.0,216.0,-10.0
-161.0,-1446.0,25.0,467.0,194.0,78.0,-62.0,232.0,223.0,21.0
-218.0,-807.0,37.0,434.0,205.0,4.0,71.0,227.0,191.0,40.0
-189.0,-308.0,22.0,378.0,219.0,63.0,57.0,205.0,151.0,24.0
-203.0,59.0,-19.0,318.0,235.0,118.0,-82.0,64.0,136.0,2.0
-161.0,440.0,-15.0,241.0,238.0,105.0,-225.0,60.0,95.0,-11.0
-168.0,849.0,-62.0,159.0,224.0,104.0,-225.0,53.0,0.0,-31.0
-136.0,1254.0,-76.0,79.0,199.0,171.0,-132.0,-99.0,-74.0,-54.0
-139.0,1622.0,-107.0,-6.0,162.0,229.0,-108.0,-194.0,-134.0,-82.0
-153.0,1850.0,-139.0,-107.0,113.0,132.0,-67.0,-397.0,-216.0,-107.0
-132.0,1885.0,-135.0,-183.0,59.0,81.0,28.0,-388.0,-273.0,-132.0
-153.0,1655.0,-156.0,-247.0,7.0,108.0,88.0,-441.0,-312.0,-181.0
-103.0,1162.0,-182.0,-317.0,-38.0,95.0,108.0,-593.0,-380.0,-228.0
-124.0,550.0,-182.0,-328.0,-77.0,107.0,32.0,-493.0,-427.0,-273.0
-78.0,-51.0,-185.0,-349.0,-102.0,99.0,-148.0,-467.0,-398.0,-328.0
-74.0,-504.0,-203.0,-370.0,-103.0,129.0,-253.0,-354.0,-363.0,-383.0
-31.0,-613.0,-163.0,-355.0,-78.0,191.0,-218.0,-308.0,-357.0,-433.0
-11.0,-331.0,-163.0,-318.0,-40.0,256.0,-81.0,-229.0,-302.0,-498.0
6.0,132.0,-189.0,-284.0,0.0,324.0,55.0,-22.0,-228.0,-570.0
45.0,570.0,-164.0,-244.0,38.0,381.0,79.0,24.0,-157.0,-638.0
60.0,837.0,-175.0,-163.0,69.0,374.0,26.0,33.0,-73.0,-716.0
112.0,918.0,-198.0,-100.0,89.0,358.0,-83.0,-38.0,2.0,-795.0
126.0,958.0,-213.0,-31.0,101.0,425.0,-252.0,-29.0,96.0,-868.0
187.0,989.0,-246.0,39.0,119.0,372.0,-371.0,-131.0,174.0,-899.0
182.0,952.0,-233.0,105.0,147.0,302.0,-202.0,-186.0,217.0,-907.0
228.0,840.0,-246.0,169.0,179.0,300.0,126.0,-60.0,230.0,-889.0
215.0,631.0,-250.0,207.0,204.0,305.0,286.0,-48.0,254.0,-842.0
224.0,290.0,-184.0,242.0,203.0,333.0,193.0,73.0,266.0,-783.0
202.0,-26.0,-199.0,259.0,168.0,313.0,-54.0,-14.0,255.0,-706.0
158.0,-66.0,-165.0,229.0,112.0,333.0,-280.0,-79.0,250.0,-621.0
159.0,137.0,-74.0,184.0,49.0,340.0,-508.0,103.0,235.0,-508.0
85.0,424.0,-34.0,145.0,-8.0,329.0,-579.0,147.0,207.0,-371.0
91.0,629.0,19.0,82.0,-50.0,320.0,-294.0,147.0,183.0,-223.0
18.0,578.0,88.0,0.0,-69.0,306.0,100.0,114.0,164.0,-69.0
15.0,361.0,164.0,-31.0,-69.0,293.0,239.0,103.0,90.0,111.0
-23.0,55.0,205.0,-43.0,-59.0,242.0,35.0,16.0,12.0,318.0
-34.0,-418.0,264.0,-96.0,-58.0,209.0,-262.0,49.0,-46.0,508.0
-34.0,-924.0,316.0,-144.0,-71.0,251.0,-437.0,90.0,-105.0,693.0
-54.0,-1260.0,335.0,-207.0,-91.0,300.0,-504.0,25.0,-169.0,869.0
-3.0,-1417.0,369.0,-296.0,-110.0,229.0,-506.0,164.0,-257.0,1010.0
4.0,-1435.0,377.0,-386.0,-116.0,191.0,-374.0,107.0,-301.0,1106.0
77.0,-1340.0,382.0,-452.0,-95.0,219.0,-157.0,101.0,-345.0,1159.0
87.0,-1210.0,386.0,-454.0,-51.0,243.0,-65.0,53.0,-395.0,1190.0
161.0,-1092.0,397.0,-430.0,-4.0,250.0,-135.0,-103.0,-412.0,1171.0
203.0,-945.0,382.0,-392.0,29.0,225.0,-354.0,-73.0,-431.0,1096.0
249.0,-781.0,388.0,-303.0,37.0,206.0,-632.0,-155.0,-427.0,1012.0
274.0,-611.0,400.0,-186.0,20.0,173.0,-771.0,-94.0,-412.0,917.0
286.0,-404.0,369.0,-86.0,-1.0,152.0,-693.0,-96.0,-382.0,807.0
323.0,-197.0,409.0,8.0,-8.0,149.0,-394.0,-46.0,-312.0,705.0
291.0,9.0,405.0,116.0,13.0,191.0,-38.0,83.0,-213.0,627.0
329.0,235.0,420.0,197.0,54.0,172.0,74.0,103.0,-98.0,568.0
305.0,461.0,475.0,241.0,102.0,138.0,-122.0,236.0,11.0,515.0
316.0,691.0,452.0,299.0,142.0,154.0,-440.0,94.0,109.0,482.0
296.0,933.0,496.0,346.0,170.0,95.0,-637.0,77.0,201.0,461.0
296.0,1108.0,522.0,362.0,194.0,58.0,-568.0,72.0,308.0,442.0
283.0,1112.0,492.0,387.0,211.0,137.0,-342.0,-66.0,417.0,430.0
261.0,1040.0,499.0,392.0,215.0,212.0,-149.0,-55.0,518.0,422.0
257.0,981.0,481.0,390.0,212.0,192.0,-15.0,-199.0,600.0,424.0
224.0,940.0,427.0,379.0,200.0,166.0,-7.0,-136.0,636.0,438.0
247.0,970.0,394.0,358.0,181.0,164.0,-143.0,-68.0,665.0,455.0
183.0,1017.0,362.0,352.0,159.0,162.0,-233.0,-60.0,701.0,486.0
185.0,953.0,306.0,315.0,135.0,123.0,-275.0,64.0,706.0,531.0
163.0,744.0,254.0,308.0,103.0,98.0,-380.0,131.0,674.0,566.0
160.0,480.0,208.0,336.0,60.0,150.0,-476.0,181.0,628.0,599.0
131.0,256.0,175.0,340.0,6.0,210.0,-394.0,75.0,568.0,647.0
104.0,100.0,111.0,346.0,-42.0,180.0,-91.0,38.0,505.0,688.0
120.0,-49.0,50.0,340.0,-74.0,135.0,104.0,-31.0,417.0,700.0
89.0,-195.0,5.0,326.0,-94.0,194.0,-123.0,-92.0,318.0,710.0
80.0,-289.0,-50.0,322.0,-114.0,139.0,-522.0,-144.0,253.0,711.0
34.0,-411.0,-95.0,329.0,-133.0,26.0,-616.0,-288.0,180.0,675.0
44.0,-625.0,-135.0,331.0,-141.0,71.0,-467.0,-151.0,100.0,628.0
3.0,-876.0,-127.0,334.0,-136.0,143.0,-394.0,-68.0,43.0,565.0
-8.0,-1023.0,-133.0,346.0,-121.0,146.0,-346.0,40.0,-15.0,481.0
-58.0,-1080.0,-164.0,384.0,-93.0,186.0,-191.0,145.0,-68.0,380.0
-88.0,-1076.0,-147.0,432.0,-51.0,260.0,-16.0,42.0,-107.0,253.0
-111.0,-927.0,-130.0,492.0,-9.0,281.0,12.0,25.0,-158.0,123.0
-187.0,-668.0,-129.0,557.0,18.0,248.0,-95.0,-72.0,-195.0,-15.0
-214.0,-392.0,-110.0,570.0,29.0,166.0,-278.0,36.0,-178.0,-163.0
-274.0,-161.0,-74.0,590.0,31.0,244.0,-430.0,218.0,-130.0,-291.0
-270.0,112.0,-81.0,598.0,26.0,327.0,-436.0,221.0,-71.0,-381.0
-316.0,373.0,-79.0,574.0,20.0,296.0,-376.0,160.0,8.0,-445.0
-301.0,448.0,-48.0,567.0,17.0,369.0,-310.0,-11.0,95.0,-472.0
-296.0,364.0,-78.0,555.0,10.0,391.0,-261.0,-7.0,181.0,-459.0
-290.0,207.0,-100.0,520.0,0.0,290.0,-282.0,-84.0,292.0,-434.0
-294.0,47.0,-107.0,484.0,-13.0,139.0,-408.0,-14.0,419.0,-378.0
-313.0,-111.0,-157.0,457.0,-27.0,215.0,-527.0,229.0,514.0,-319.0
-269.0,-209.0,-185.0,414.0,-42.0,384.0,-414.0,319.0,560.0,-271.0
-282.0,-220.0,-209.0,378.0,-57.0,356.0,-199.0,522.0,575.0,-221.0
-207.0,-225.0,-247.0,366.0,-66.0,411.0,-249.0,460.0,564.0,-176.0
-176.0,-278.0,-271.0,346.0,-68.0,458.0,-497.0,404.0,538.0,-130.0
-113.0,-416.0,-295.0,294.0,-62.0,453.0,-540.0,408.0,530.0,-104.0
-66.0,-525.0,-319.0,228.0,-56.0,336.0,-347.0,312.0,541.0,-95.0
-44.0,-407.0,-327.0,162.0,-53.0,177.0,-183.0,282.0,513.0,-79.0
-8.0,-13.0,-353.0,90.0,-42.0,248.0,-135.0,60.0,452.0,-63.0
5.0,475.0,-353.0,33.0,-26.0,314.0,-165.0,22.0,382.0,-72.0
81.0,915.0,-343.0,-27.0,-2.0,349.0,-250.0,-35.0,292.0,-97.0
107.0,1312.0,-350.0,-96.0,33.0,327.0,-347.0,-57.0,211.0,-129.0
152.0,1619.0,-336.0,-162.0,81.0,342.0,-369.0,0.0,154.0,-172.0
154.0,1878.0,-322.0,-204.0,133.0,406.0,-330.0,-97.0,111.0,-220.0
160.0,2067.0,-314.0,-208.0,183.0,428.0,-305.0,-35.0,51.0,-261.0
158.0,2037.0,-294.0,-207.0,228.0,472.0,-280.0,-101.0,-21.0,-309.0
153.0,1869.0,-273.0,-192.0,257.0,363.0,-235.0,-7.0,-92.0,-391.0
160.0,1604.0,-260.0,-151.0,273.0,188.0,-281.0,5.0,-138.0,-486.0
139.0,1229.0,-245.0,-95.0,286.0,87.0,-345.0,-121.0,-166.0,-577.0
166.0,860.0,-248.0,-24.0,285.0,162.0,-311.0,-29.0,-230.0,-676.0
156.0,487.0,-221.0,70.0,268.0,221.0,-316.0,-140.0,-280.0,-767.0
172.0,118.0,-216.0,198.0,238.0,208.0,-368.0,-88.0,-340.0,-825.0
187.0,-172.0,-215.0,324.0,192.0,278.0,-400.0,-48.0,-392.0,-875.0
206.0,-338.0,-153.0,401.0,148.0,317.0,-412.0,-88.0,-429.0,-909.0
229.0,-367.0,-160.0,453.0,115.0,319.0,-407.0,-66.0,-497.0,-912.0
249.0,-315.0,-138.0,478.0,90.0,254.0,-417.0,-245.0,-545.0,-902.0
285.0,-230.0,-133.0,470.0,72.0,333.0,-404.0,-363.0,-599.0,-867.0
302.0,-200.0,-142.0,419.0,46.0,417.0,-327.0,-347.0,-600.0,-808.0
337.0,-266.0,-130.0,354.0,8.0,313.0,-211.0,-212.0,-573.0,-719.0
347.0,-384.0,-173.0,298.0,-31.0,260.0,-196.0,-188.0,-587.0,-618.0
376.0,-550.0,-131.0,199.0,-62.0,271.0,-283.0,-179.0,-556.0,-512.0
397.0,-689.0,-150.0,99.0,-78.0,286.0,-290.0,-136.0,-510.0,-414.0
433.0,-726.0,-167.0,11.0,-88.0,229.0,-207.0,-131.0,-497.0,-335.0
463.0,-745.0,-137.0,-74.0,-93.0,287.0,-152.0,51.0,-461.0,-258.0
475.0,-806.0,-191.0,-152.0,-85.0,378.0,-165.0,3.0,-390.0,-194.0
502.0,-862.0,-174.0,-231.0,-64.0,313.0,-191.0,-51.0,-328.0,-153.0
500.0,-839.0,-170.0,-285.0,-46.0,260.0,-213.0,-27.0,-270.0,-121.0
510.0,-748.0,-157.0,-320.0,-39.0,259.0,-186.0,-62.0,-214.0,-89.0
484.0,-577.0,-126.0,-348.0,-40.0,284.0,-118.0,1.0,-161.0,-75.0
448.0,-383.0,-117.0,-356.0,-50.0,150.0,5.0,-149.0,-122.0,-82.0
400.0,-245.0,-67.0,-354.0,-67.0,60.0,207.0,-134.0,-118.0,-89.0
363.0,-140.0,-50.0,-331.0,-86.0,173.0,281.0,-110.0,-136.0,-94.0
308.0,-163.0,-21.0,-295.0,-96.0,189.0,118.0,-162.0,-163.0,-85.0
233.0,-279.0,22.0,-266.0,-88.0,67.0,-163.0,-42.0,-182.0,-69.0
167.0,-352.0,42.0,-195.0,-72.0,-14.0,-263.0,-114.0,-192.0,-30.0
80.0,-260.0,82.0,-142.0,-57.0,94.0,-126.0,-53.0,-178.0,7.0
4.0,105.0,99.0,-122.0,-49.0,156.0,53.0,-51.0,-141.0,29.0
-74.0,631.0,121.0,-66.0,-48.0,194.0,164.0,-145.0,-117.0,52.0
-140.0,1094.0,177.0,-36.0,-50.0,279.0,213.0,-223.0,-90.0,52.0
-213.0,1293.0,186.0,-12.0,-42.0,265.0,232.0,-356.0,-44.0,52.0
-234.0,1232.0,217.0,-6.0,-30.0,192.0,148.0,-256.0,24.0,64.0
-263.0,1022.0,245.0,-18.0,-23.0,110.0,106.0,-131.0,121.0,75.0
-261.0,682.0,249.0,-7.0,-27.0,279.0,172.0,70.0,192.0,108.0
-232.0,295.0,263.0,-21.0,-42.0,400.0,193.0,194.0,221.0,171.0
-225.0,-41.0,280.0,-12.0,-68.0,325.0,172.0,314.0,231.0,231.0
-179.0,-221.0,286.0,5.0,-98.0,326.0,192.0,432.0,250.0,315.0
-147.0,-177.0,289.0,34.0,-126.0,344.0,260.0,323.0,284.0,422.0
-100.0,17.0,283.0,62.0,-152.0,405.0,261.0,267.0,276.0,502.0
-70.0,228.0,276.0,94.0,-170.0,423.0,236.0,81.0,245.0,599.0
-9.0,335.0,275.0,132.0,-177.0,499.0,248.0,29.0,237.0,694.0
22.0,308.0,236.0,174.0,-168.0,571.0,220.0,57.0,234.0,788.0
84.0,205.0,260.0,242.0,-146.0,521.0,119.0,-48.0,246.0,865.0
146.0,126.0,231.0,284.0,-123.0,496.0,60.0,94.0,250.0,902.0
174.0,125.0,238.0,356.0,-102.0,502.0,100.0,223.0,245.0,959.0
206.0,126.0,273.0,409.0,-84.0,528.0,84.0,295.0,244.0,1006.0
190.0,52.0,260.0,450.0,-60.0,492.0,52.0,218.0,219.0,1030.0
215.0,-94.0,308.0,489.0,-35.0,517.0,102.0,109.0,210.0,1043.0
206.0,-232.0,303.0,486.0,-17.0,573.0,102.0,40.0,203.0,1042.0
220.0,-233.0,349.0,482.0,-10.0,511.0,1.0,-179.0,177.0,1018.0
203.0,-140.0,381.0,451.0,-21.0,405.0,-54.0,-177.0,152.0,969.0
184.0,-88.0,410.0,408.0,-41.0,412.0,16.0,-134.0,121.0,890.0
140.0,-62.0,425.0,331.0,-57.0,503.0,65.0,-77.0,94.0,789.0
80.0,-82.0,419.0,261.0,-55.0,463.0,31.0,-46.0,61.0,669.0
67.0,-207.0,446.0,200.0,-44.0,425.0,41.0,-51.0,46.0,516.0
7.0,-339.0,377.0,101.0,-41.0,455.0,73.0,77.0,60.0,363.0
-18.0,-389.0,370.0,3.0,-45.0,377.0,44.0,118.0,58.0,196.0
-74.0,-434.0,327.0,-76.0,-51.0,276.0,21.0,125.0,46.0,14.0
-101.0,-559.0,255.0,-138.0,-51.0,298.0,44.0,-62.0,40.0,-160.0
-125.0,-687.0,250.0,-162.0,-49.0,413.0,51.0,-109.0,31.0,-324.0
-160.0,-727.0,173.0,-156.0,-51.0,526.0,-3.0,-116.0,43.0,-473.0
-167.0,-713.0,160.0,-124.0,-54.0,492.0,-60.0,-210.0,76.0,-611.0
-177.0,-709.0,147.0,-61.0,-61.0,452.0,-28.0,-90.0,85.0,-725.0
-190.0,-783.0,141.0,-13.0,-68.0,491.0,9.0,-212.0,81.0,-824.0
-209.0,-949.0,156.0,50.0,-68.0,373.0,-87.0,-186.0,78.0,-905.0
-202.0,-1115.0,152.0,118.0,-48.0,279.0,-299.0,-181.0,80.0,-974.0
-199.0,-1164.0,204.0,166.0,-13.0,317.0,-426.0,-288.0,76.0,-1012.0
-167.0,-994.0,185.0,199.0,26.0,302.0,-325.0,-164.0,39.0,-1014.0
-142.0,-576.0,231.0,212.0,62.0,226.0,-104.0,-223.0,-15.0,-1012.0
-120.0,-60.0,277.0,205.0,90.0,173.0,-30.0,-90.0,-60.0,-979.0
-101.0,374.0,274.0,176.0,110.0,233.0,-164.0,-24.0,-80.0,-928.0
-67.0,690.0,339.0,152.0,117.0,323.0,-361.0,-123.0,-121.0,-868.0
-42.0,897.0,350.0,108.0,119.0,376.0,-479.0,-66.0,-179.0,-789.0
-12.0,1004.0,369.0,87.0,132.0,448.0,-415.0,-168.0,-228.0,-684.0
30.0,1013.0,391.0,58.0,169.0,518.0,-285.0,-164.0,-311.0,-563.0
39.0,1016.0,374.0,10.0,226.0,483.0,-193.0,-168.0,-403.0,-466.0
62.0,1171.0,384.0,-30.0,287.0,376.0,-177.0,-182.0,-445.0,-372.0
59.0,1398.0,362.0,-71.0,333.0,386.0,-280.0,11.0,-439.0,-291.0
60.0,1498.0,322.0,-93.0,352.0,468.0,-389.0,179.0,-407.0,-232.0
41.0,1480.0,306.0,-125.0,343.0,504.0,-435.0,273.0,-366.0,-196.0
26.0,1431.0,258.0,-141.0,315.0,500.0,-452.0,264.0,-352.0,-181.0
7.0,1340.0,206.0,-173.0,273.0,446.0,-499.0,253.0,-334.0,-176.0
-10.0,1188.0,149.0,-178.0,222.0,450.0,-497.0,179.0,-260.0,-206.0
-9.0,1027.0,102.0,-175.0,176.0,433.0,-373.0,160.0,-189.0,-246.0
-31.0,872.0,41.0,-157.0,143.0,436.0,-294.0,88.0,-150.0,-287.0
-45.0,716.0,-11.0,-147.0,120.0,516.0,-333.0,14.0,-110.0,-336.0
-74.0,580.0,-37.0,-162.0,100.0,442.0,-398.0,144.0,-53.0,-391.0
-82.0,445.0,-93.0,-142.0,81.0,373.0,-481.0,44.0,6.0,-448.0
-85.0,356.0,-100.0,-147.0,64.0,360.0,-505.0,33.0,67.0,-504.0
-69.0,350.0,-131.0,-110.0,53.0,400.0,-394.0,33.0,111.0,-581.0
-56.0,346.0,-147.0,-91.0,47.0,402.0,-246.0,-59.0,119.0,-670.0
-58.0,315.0,-160.0,-55.0,46.0,308.0,-218.0,-53.0,121.0,-752.0
-75.0,266.0,-203.0,-13.0,47.0,388.0,-383.0,-90.0,107.0,-824.0
-103.0,162.0,-189.0,-17.0,46.0,509.0,-597.0,79.0,72.0,-902.0
-111.0,-25.0,-216.0,-1.0,38.0,512.0,-659.0,134.0,37.0,-965.0
-143.0,-290.0,-234.0,-10.0,18.0,452.0,-503.0,166.0,27.0,-997.0
-159.0,-579.0,-222.0,-19.0,-12.0,489.0,-310.0,94.0,40.0,-1025.0
-167.0,-841.0,-229.0,-36.0,-44.0,549.0,-349.0,-103.0,3.0,-1037.0
-161.0,-987.0,-245.0,-62.0,-74.0,473.0,-557.0,-48.0,-45.0,-1014.0
-155.0,-1085.0,-250.0,-102.0,-101.0,424.0,-663.0,-103.0,-54.0,-961.0
-167.0,-1275.0,-260.0,-159.0,-125.0,386.0,-627.0,-31.0,-60.0,-887.0
-165.0,-1465.0,-269.0,-188.0,-149.0,359.0,-583.0,7.0,-84.0,-791.0
-129.0,-1539.0,-254.0,-204.0,-171.0,354.0,-565.0,-86.0,-115.0,-673.0
-84.0,-1431.0,-275.0,-235.0,-186.0,365.0,-539.0,-164.0,-141.0,-540.0
-58.0,-1106.0,-246.0,-226.0,-197.0,467.0,-572.0,-338.0,-143.0,-411.0
-7.0,-678.0,-250.0,-194.0,-205.0,461.0,-679.0,-343.0,-145.0,-294.0
45.0,-324.0,-276.0,-186.0,-207.0,395.0,-719.0,-402.0,-185.0,-190.0
101.0,-162.0,-258.0,-182.0,-198.0,402.0,-623.0,-339.0,-228.0,-104.0
154.0,-260.0,-308.0,-176.0,-184.0,372.0,-524.0,-319.0,-274.0,-45.0
197.0,-530.0,-324.0,-181.0,-176.0,332.0,-563.0,-428.0,-312.0,-1.0
251.0,-802.0,-353.0,-165.0,-175.0,299.0,-646.0,-367.0,-317.0,41.0
295.0,-1066.0,-405.0,-100.0,-178.0,370.0,-634.0,-480.0,-321.0,56.0
333.0,-1249.0,-407.0,-50.0,-181.0,427.0,-570.0,-395.0,-324.0,58.0
370.0,-1290.0,-439.0,13.0,-183.0,409.0,-601.0,-312.0,-336.0,76.0
397.0,-1303.0,-436.0,95.0,-177.0,491.0,-643.0,-291.0,-348.0,86.0
424.0,-1300.0,-456.0,162.0,-164.0,582.0,-544.0,-105.0,-355.0,97.0
422.0,-1181.0,-465.0,209.0,-139.0,661.0,-405.0,-109.0,-332.0,110.0
401.0,-927.0,-417.0,245.0,-107.0,614.0,-396.0,-75.0,-279.0,123.0
366.0,-634.0,-427.0,302.0,-78.0,538.0,-509.0,-186.0,-261.0,132.0
314.0,-280.0,-371.0,356.0,-53.0,565.0,-531.0,-240.0,-251.0,120.0
266.0,93.0,-295.0,359.0,-32.0,550.0,-460.0,-118.0,-224.0,118.0
192.0,373.0,-277.0,339.0,-16.0,600.0,-444.0,14.0,-184.0,107.0
106.0,677.0,-195.0,332.0,-6.0,663.0,-502.0,236.0,-141.0,78.0
14.0,989.0,-124.0,325.0,0.0,661.0,-531.0,236.0,-122.0,58.0
-50.0,1238.0,-88.0,318.0,4.0,594.0,-459.0,254.0,-104.0,37.0
-106.0,1576.0,-11.0,265.0,-3.0,526.0,-442.0,169.0,-114.0,12.0
-167.0,1965.0,52.0,204.0,-27.0,638.0,-551.0,133.0,-134.0,-31.0
-228.0,2189.0,69.0,146.0,-52.0,774.0,-637.0,223.0,-135.0,-82.0
-287.0,2239.0,128.0,86.0,-65.0,753.0,-562.0,157.0,-118.0,-127.0
-337.0,2111.0,136.0,33.0,-62.0,590.0,-383.0,238.0,-110.0,-185.0
-379.0,1746.0,114.0,-51.0,-50.0,531.0,-331.0,197.0,-138.0,-243.0
-376.0,1220.0,160.0,-121.0,-38.0,587.0,-393.0,149.0,-150.0,-287.0
-370.0,651.0,121.0,-183.0,-24.0,572.0,-413.0,90.0,-162.0,-334.0
-347.0,119.0,91.0,-231.0,-14.0,600.0,-430.0,18.0,-158.0,-384.0
-323.0,-340.0,97.0,-262.0,-5.0,539.0,-469.0,35.0,-117.0,-456.0
-307.0,-690.0,24.0,-276.0,6.0,426.0,-472.0,-118.0,-84.0,-546.0
-294.0,-952.0,-5.0,-261.0,20.0,425.0,-433.0,-92.0,-73.0,-624.0
-282.0,-1180.0,-27.0,-249.0,27.0,507.0,-413.0,-84.0,-51.0,-704.0
-250.0,-1271.0,-74.0,-231.0,33.0,594.0,-409.0,0.0,-7.0,-770.0
-224.0,-1196.0,-87.0,-211.0,44.0,515.0,-388.0,136.0,11.0,-827.0
-180.0,-1024.0,-112.0,-210.0,51.0,513.0,-340.0,109.0,13.0,-873.0
-142.0,-723.0,-136.0,-211.0,62.0,575.0,-289.0,177.0,6.0,-885.0
-99.0,-386.0,-135.0,-218.0,73.0,505.0,-279.0,118.0,11.0,-869.0
-64.0,-63.0,-144.0,-243.0,81.0,484.0,-255.0,114.0,10.0,-814.0
-36.0,253.0,-152.0,-249.0,77.0,483.0,-244.0,33.0,0.0,-736.0
-9.0,430.0,-119.0,-242.0,64.0,475.0,-327.0,-59.0,30.0,-637.0
13.0,500.0,-116.0,-249.0,41.0,487.0,-447.0,-77.0,80.0,-526.0
32.0,567.0,-103.0,-236.0,0.0,396.0,-437.0,-249.0,113.0,-409.0
32.0,565.0,-85.0,-224.0,-55.0,375.0,-311.0,-221.0,109.0,-281.0
66.0,409.0,-75.0,-211.0,-105.0,427.0,-299.0,-240.0,132.0,-174.0
92.0,178.0,-62.0,-187.0,-136.0,371.0,-379.0,-145.0,168.0,-71.0
114.0,-12.0,-70.0,-195.0,-144.0,305.0,-420.0,35.0,190.0,24.0
122.0,-226.0,-38.0,-182.0,-140.0,322.0,-459.0,92.0,210.0,76.0
128.0,-421.0,-58.0,-137.0,-126.0,393.0,-562.0,284.0,194.0,97.0
127.0,-498.0,-36.0,-107.0,-98.0,312.0,-665.0,317.0,197.0,93.0
140.0,-508.0,-12.0,-84.0,-59.0,246.0,-652.0,256.0,201.0,60.0
185.0,-389.0,-17.0,-83.0,-9.0,274.0,-498.0,131.0,203.0,8.0
213.0,-141.0,44.0,-86.0,49.0,262.0,-349.0,79.0,200.0,-58.0
259.0,109.0,65.0,-60.0,105.0,247.0,-331.0,134.0,180.0,-131.0
280.0,344.0,107.0,-39.0,154.0,259.0,-323.0,40.0,169.0,-210.0
318.0,410.0,151.0,-21.0,184.0,385.0,-310.0,-12.0,171.0,-294.0
330.0,169.0,187.0,12.0,186.0,400.0,-381.0,-214.0,212.0,-367.0
345.0,-196.0,219.0,41.0,162.0,386.0,-520.0,-293.0,231.0,-425.0
370.0,-530.0,232.0,67.0,120.0,451.0,-617.0,-260.0,244.0,-468.0
368.0,-787.0,273.0,71.0,69.0,458.0,-560.0,-369.0,270.0,-485.0
393.0,-901.0,280.0,97.0,11.0,453.0,-389.0,-260.0,263.0,-498.0
398.0,-852.0,290.0,141.0,-49.0,437.0,-235.0,-227.0,237.0,-520.0
417.0,-588.0,308.0,162.0,-100.0,496.0,-211.0,-164.0,232.0,-541.0
389.0,-85.0,271.0,180.0,-127.0,477.0,-244.0,-96.0,237.0,-566.0
380.0,495.0,281.0,193.0,-123.0,385.0,-308.0,-134.0,230.0,-597.0
356.0,955.0,267.0,228.0,-104.0,455.0,-470.0,-147.0,252.0,-623.0
315.0,1207.0,219.0,200.0,-92.0,490.0,-529.0,-271.0,272.0,-643.0
292.0,1218.0,218.0,117.0,-102.0,445.0,-405.0,-223.0,261.0,-636.0
219.0,1023.0,189.0,49.0,-131.0,427.0,-253.0,-286.0,217.0,-635.0
170.0,722.0,162.0,-45.0,-159.0,446.0,-212.0,-301.0,158.0,-644.0
83.0,383.0,153.0,-124.0,-177.0,456.0,-278.0,-245.0,80.0,-622.0
38.0,122.0,141.0,-193.0,-178.0,294.0,-259.0,-317.0,-1.0,-620.0
-2.0,69.0,95.0,-244.0,-169.0,225.0,-189.0,-219.0,-75.0,-600.0
-40.0,117.0,94.0,-244.0,-161.0,316.0,-216.0,-330.0,-155.0,-565.0
-79.0,111.0,92.0,-259.0,-159.0,321.0,-235.0,-345.0,-210.0,-544.0
-134.0,105.0,64.0,-245.0,-151.0,268.0,-246.0,-317.0,-252.0,-516.0
-156.0,56.0,77.0,-186.0,-123.0,239.0,-298.0,-432.0,-261.0,-527.0
-195.0,-48.0,46.0,-108.0,-81.0,326.0,-324.0,-423.0,-256.0,-552.0
-199.0,-43.0,10.0,-8.0,-42.0,319.0,-312.0,-471.0,-265.0,-583.0
-260.0,56.0,-16.0,46.0,-12.0,265.0,-243.0,-382.0,-247.0,-636.0
-274.0,190.0,-56.0,114.0,6.0,315.0,-132.0,-351.0,-217.0,-697.0
-296.0,376.0,-94.0,172.0,15.0,302.0,-24.0,-321.0,-156.0,-754.0
-348.0,619.0,-125.0,202.0,23.0,242.0,-14.0,-262.0,-68.0,-802.0
-374.0,780.0,-145.0,226.0,43.0,141.0,-145.0,-297.0,-12.0,-838.0
-415.0,747.0,-165.0,208.0,69.0,206.0,-238.0,-279.0,28.0,-854.0
-425.0,636.0,-173.0,199.0,87.0,365.0,-255.0,-341.0,77.0,-858.0
-461.0,441.0,-182.0,171.0,85.0,318.0,-230.0,-279.0,104.0,-853.0
-458.0,80.0,-213.0,117.0,69.0,367.0,-142.0,-339.0,134.0,-830.0
-464.0,-264.0,-206.0,60.0,51.0,444.0,-47.0,-367.0,177.0,-793.0
-470.0,-586.0,-218.0,20.0,38.0,302.0,-65.0,-232.0,206.0,-763.0
-490.0,-1019.0,-233.0,-22.0,34.0,172.0,-206.0,-253.0,209.0,-752.0
-508.0,-1324.0,-174.0,-63.0,40.0,110.0,-257.0,-179.0,219.0,-763.0
-508.0,-1358.0,-175.0,-97.0,48.0,108.0,-213.0,-275.0,222.0,-763.0
-517.0,-1208.0,-172.0,-141.0,46.0,60.0,-152.0,-314.0,199.0,-773.0
-515.0,-942.0,-127.0,-155.0,32.0,0.0,-117.0,-343.0,175.0,-807.0
-529.0,-728.0,-123.0,-186.0,6.0,41.0,-102.0,-469.0,152.0,-825.0
-496.0,-654.0,-100.0,-228.0,-30.0,10.0,-98.0,-306.0,155.0,-860.0
-491.0,-609.0,-41.0,-250.0,-70.0,2.0,-130.0,-314.0,163.0,-899.0
-471.0,-577.0,18.0,-290.0,-114.0,-13.0,-91.0,-266.0,174.0,-895.0
-452.0,-622.0,56.0,-310.0,-159.0,-15.0,-36.0,-223.0,169.0,-847.0
-436.0,-608.0,124.0,-310.0,-194.0,6.0,30.0,-338.0,148.0,-770.0
-392.0,-450.0,169.0,-313.0,-207.0,-118.0,74.0,-299.0,138.0,-674.0
-376.0,-249.0,178.0,-290.0,-200.0,-125.0,1.0,-266.0,98.0,-523.0
-332.0,-72.0,225.0,-287.0,-182.0,-52.0,-36.0,-90.0,45.0,-349.0
-295.0,46.0,239.0,-297.0,-157.0,-22.0,-1.0,-12.0,-18.0,-159.0
-224.0,99.0,241.0,-282.0,-123.0,-58.0,67.0,11.0,-63.0,67.0
-152.0,240.0,269.0,-263.0,-80.0,-130.0,163.0,-14.0,-92.0,288.0
-99.0,548.0,246.0,-244.0,-38.0,-164.0,244.0,-177.0,-141.0,495.0
-49.0,913.0,217.0,-218.0,-12.0,-270.0,235.0,-267.0,-199.0,665.0
-14.0,1270.0,216.0,-179.0,-5.0,-233.0,134.0,-439.0,-255.0,805.0
19.0,1412.0,166.0,-164.0,-7.0,-143.0,68.0,-410.0,-302.0,931.0
38.0,1200.0,112.0,-190.0,-6.0,-172.0,119.0,-369.0,-360.0,1006.0
58.0,773.0,75.0,-204.0,3.0,-256.0,248.0,-312.0,-413.0,1032.0
76.0,262.0,12.0,-200.0,20.0,-304.0,300.0,-232.0,-469.0,1023.0
94.0,-190.0,-52.0,-202.0,36.0,-205.0,253.0,-363.0,-516.0,990.0
98.0,-425.0,-69.0,-187.0,49.0,-200.0,176.0,-273.0,-544.0,916.0
113.0,-488.0,-110.0,-145.0,59.0,-264.0,89.0,-297.0,-554.0,811.0
131.0,-558.0,-150.0,-93.0,66.0,-173.0,79.0,-247.0,-553.0,708.0
150.0,-662.0,-115.0,-22.0,76.0,-70.0,155.0,-33.0,-561.0,597.0
156.0,-737.0,-145.0,44.0,91.0,-129.0,277.0,-35.0,-551.0,470.0
166.0,-732.0,-156.0,70.0,113.0,-210.0,390.0,11.0,-540.0,361.0
192.0,-695.0,-119.0,80.0,133.0,-171.0,409.0,-53.0,-544.0,281.0
192.0,-728.0,-130.0,77.0,140.0,-140.0,371.0,-129.0,-558.0,226.0
195.0,-758.0,-89.0,58.0,128.0,-184.0,330.0,-262.0,-568.0,179.0
190.0,-743.0,-70.0,22.0,92.0,-171.0,288.0,-393.0,-564.0,172.0
196.0,-675.0,-55.0,-41.0,42.0,-117.0,266.0,-393.0,-548.0,183.0
153.0,-519.0,-27.0,-133.0,-7.0,-127.0,275.0,-447.0,-498.0,165.0
115.0,-286.0,-56.0,-217.0,-49.0,-104.0,272.0,-410.0,-436.0,174.0
77.0,-37.0,-38.0,-275.0,-88.0,-43.0,228.0,-389.0,-403.0,187.0
20.0,120.0,-62.0,-328.0,-125.0,-129.0,169.0,-219.0,-384.0,202.0
-17.0,219.0,-110.0,-370.0,-159.0,-333.0,179.0,-96.0,-335.0,203.0
-95.0,345.0,-97.0,-377.0,-185.0,-333.0,292.0,-107.0,-255.0,202.0
-117.0,469.0,-153.0,-352.0,-195.0,-209.0,411.0,27.0,-161.0,243.0
-159.0,505.0,-202.0,-318.0,-188.0,-198.0,434.0,11.0,-45.0,256.0
-192.0,476.0,-207.0,-266.0,-172.0,-302.0,388.0,-16.0,70.0,246.0
-232.0,434.0,-267.0,-205.0,-162.0,-375.0,299.0,-120.0,149.0,243.0
-251.0,368.0,-294.0,-170.0,-169.0,-206.0,234.0,-169.0,220.0,227.0
-247.0,342.0,-304.0,-139.0,-183.0,-182.0,252.0,-171.0,293.0,182.0
-263.0,369.0,-343.0,-85.0,-197.0,-373.0,260.0,-264.0,345.0,127.0
-235.0,404.0,-338.0,-28.0,-203.0,-461.0,218.0,-184.0,403.0,60.0
-244.0,427.0,-324.0,1.0,-209.0,-458.0,181.0,-253.0,446.0,-30.0
-216.0,364.0,-316.0,19.0,-218.0,-427.0,241.0,-184.0,473.0,-135.0
-210.0,98.0,-306.0,20.0,-217.0,-449.0,349.0,-227.0,488.0,-228.0
-193.0,-249.0,-280.0,12.0,-208.0,-346.0,327.0,-317.0,467.0,-284.0
-168.0,-593.0,-277.0,13.0,-195.0,-219.0,202.0,-145.0,434.0,-349.0
-153.0,-989.0,-269.0,-6.0,-179.0,-259.0,138.0,-240.0,396.0,-392.0
-105.0,-1275.0,-263.0,-21.0,-166.0,-375.0,164.0,-149.0,352.0,-382.0
-95.0,-1463.0,-251.0,-10.0,-151.0,-460.0,211.0,-75.0,318.0,-373.0
-73.0,-1580.0,-252.0,0.0,-132.0,-404.0,249.0,-110.0,315.0,-381.0
-75.0,-1474.0,-271.0,0.0,-99.0,-438.0,322.0,-75.0,335.0,-384.0
-67.0,-1210.0,-232.0,6.0,-47.0,-517.0,403.0,-179.0,333.0,-363.0
-73.0,-914.0,-279.0,27.0,6.0,-536.0,347.0,-182.0,304.0,-332.0
-65.0,-553.0,-285.0,19.0,55.0,-616.0,235.0,-210.0,246.0,-301.0
-45.0,-95.0,-299.0,10.0,91.0,-616.0,263.0,-177.0,153.0,-261.0
-46.0,405.0,-343.0,14.0,111.0,-539.0,358.0,-210.0,62.0,-224.0
-28.0,976.0,-312.0,15.0,119.0,-457.0,400.0,-214.0,5.0,-225.0
-14.0,1506.0,-316.0,27.0,124.0,-411.0,319.0,-116.0,-56.0,-252.0
-6.0,1799.0,-280.0,16.0,135.0,-338.0,189.0,-164.0,-130.0,-282.0
-17.0,1900.0,-252.0,10.0,146.0,-266.0,174.0,-72.0,-227.0,-340.0
-14.0,1832.0,-201.0,18.0,147.0,-326.0,226.0,-53.0,-345.0,-434.0
-16.0,1531.0,-160.0,-10.0,130.0,-416.0,282.0,-24.0,-432.0,-533.0
-3.0,1136.0,-129.0,-41.0,101.0,-494.0,297.0,9.0,-459.0,-619.0
15.0,769.0,-58.0,-84.0,69.0,-453.0,256.0,-31.0,-460.0,-695.0
38.0,401.0,-14.0,-164.0,38.0,-440.0,270.0,59.0,-467.0,-767.0
74.0,38.0,41.0,-263.0,9.0,-568.0,286.0,44.0,-465.0,-809.0
70.0,-380.0,107.0,-389.0,-21.0,-455.0,208.0,162.0,-458.0,-829.0
75.0,-912.0,163.0,-500.0,-47.0,-315.0,220.0,186.0,-418.0,-864.0
88.0,-1447.0,213.0,-595.0,-71.0,-425.0,347.0,120.0,-349.0,-892.0
98.0,-1855.0,287.0,-726.0,-88.0,-557.0,366.0,157.0,-292.0,-887.0
118.0,-2136.0,340.0,-840.0,-86.0,-571.0,303.0,79.0,-240.0,-873.0
124.0,-2315.0,405.0,-921.0,-70.0,-520.0,275.0,140.0,-188.0,-844.0
132.0,-2358.0,461.0,-1003.0,-38.0,-632.0,235.0,86.0,-156.0,-780.0
140.0,-2260.0,500.0,-1025.0,-3.0,-662.0,168.0,68.0,-149.0,-688.0
151.0,-2046.0,540.0,-1007.0,22.0,-571.0,128.0,92.0,-103.0,-604.0
153.0,-1728.0,545.0,-967.0,42.0,-603.0,109.0,35.0,-41.0,-535.0
148.0,-1321.0,585.0,-878.0,60.0,-593.0,120.0,114.0,7.0,-445.0
149.0,-853.0,562.0,-764.0,76.0,-609.0,152.0,3.0,48.0,-347.0
123.0,-319.0,543.0,-619.0,75.0,-606.0,154.0,-46.0,86.0,-260.0
100.0,245.0,545.0,-463.0,56.0,-611.0,166.0,-121.0,145.0,-189.0
48.0,741.0,495.0,-332.0,29.0,-709.0,167.0,-232.0,161.0,-110.0
17.0,1142.0,465.0,-199.0,6.0,-709.0,77.0,-266.0,166.0,-56.0
0.0,1360.0,431.0,-77.0,-3.0,-734.0,39.0,-327.0,192.0,-37.0
-29.0,1322.0,385.0,12.0,5.0,-731.0,158.0,-182.0,186.0,-20.0
-49.0,1144.0,348.0,75.0,31.0,-668.0,191.0,-177.0,186.0,-5.0
-107.0,967.0,335.0,110.0,63.0,-653.0,34.0,-123.0,207.0,8.0
-147.0,840.0,285.0,112.0,97.0,-665.0,-26.0,-36.0,212.0,3.0
-216.0,728.0,246.0,80.0,124.0,-792.0,89.0,-48.0,155.0,18.0
-253.0,585.0,222.0,48.0,148.0,-788.0,90.0,-20.0,72.0,20.0
-277.0,393.0,172.0,15.0,168.0,-721.0,-81.0,-166.0,22.0,-2.0
-304.0,226.0,134.0,7.0,172.0,-768.0,-160.0,-112.0,-10.0,-26.0
-302.0,196.0,90.0,17.0,165.0,-811.0,-49.0,-173.0,-43.0,-58.0
-327.0,280.0,54.0,24.0,146.0,-825.0,81.0,-262.0,-98.0,-75.0
-319.0,418.0,30.0,40.0,116.0,-714.0,99.0,-88.0,-130.0,-103.0
-341.0,567.0,9.0,47.0,80.0,-671.0,28.0,-83.0,-121.0,-123.0
-357.0,667.0,-19.0,55.0,39.0,-606.0,-7.0,25.0,-138.0,-125.0
-336.0,745.0,-25.0,74.0,3.0,-523.0,37.0,12.0,-189.0,-151.0
-323.0,806.0,-31.0,113.0,-27.0,-614.0,29.0,-55.0,-250.0,-192.0
-321.0,786.0,-62.0,133.0,-56.0,-699.0,1.0,-5.0,-294.0,-227.0
-320.0,726.0,-41.0,116.0,-84.0,-777.0,51.0,-12.0,-324.0,-274.0
-303.0,641.0,-42.0,86.0,-109.0,-732.0,93.0,94.0,-351.0,-321.0
-268.0,447.0,-45.0,42.0,-124.0,-699.0,70.0,75.0,-375.0,-344.0
-212.0,104.0,-11.0,-17.0,-139.0,-748.0,9.0,84.0,-367.0,-345.0
-179.0,-333.0,-22.0,-73.0,-161.0,-610.0,-42.0,129.0,-341.0,-328.0
-147.0,-709.0,0.0,-124.0,-187.0,-498.0,-44.0,160.0,-319.0,-325.0
-124.0,-931.0,8.0,-190.0,-211.0,-521.0,3.0,181.0,-275.0,-312.0
-131.0,-1100.0,28.0,-238.0,-219.0,-617.0,-2.0,-3.0,-235.0,-291.0
-142.0,-1336.0,59.0,-272.0,-209.0,-726.0,-81.0,-92.0,-169.0,-287.0
-165.0,-1516.0,66.0,-291.0,-196.0,-719.0,-51.0,-173.0,-72.0,-281.0
-180.0,-1444.0,116.0,-294.0,-187.0,-669.0,34.0,-131.0,-7.0,-276.0
-193.0,-1137.0,118.0,-280.0,-179.0,-586.0,48.0,25.0,58.0,-278.0
-219.0,-682.0,121.0,-254.0,-177.0,-550.0,133.0,40.0,156.0,-299.0
-228.0,-140.0,155.0,-238.0,-188.0,-519.0,173.0,70.0,282.0,-326.0
-229.0,428.0,132.0,-206.0,-213.0,-434.0,88.0,7.0,389.0,-338.0
-218.0,909.0,121.0,-183.0,-244.0,-431.0,140.0,-64.0,429.0,-357.0
-208.0,1114.0,98.0,-176.0,-261.0,-411.0,216.0,-138.0,464.0,-374.0
-197.0,1008.0,53.0,-169.0,-257.0,-471.0,190.0,-92.0,496.0,-392.0
-171.0,732.0,38.0,-166.0,-249.0,-612.0,185.0,36.0,511.0,-417.0
-157.0,359.0,-36.0,-152.0,-248.0,-661.0,110.0,53.0,512.0,-437.0
-134.0,-47.0,-93.0,-150.0,-257.0,-615.0,53.0,133.0,494.0,-440.0
-125.0,-338.0,-120.0,-155.0,-271.0,-494.0,21.0,90.0,465.0,-421.0
-104.0,-440.0,-196.0,-171.0,-281.0,-454.0,-140.0,72.0,400.0,-387.0
-71.0,-456.0,-247.0,-181.0,-289.0,-442.0,-146.0,-3.0,318.0,-359.0
-49.0,-494.0,-286.0,-164.0,-288.0,-383.0,77.0,-188.0,223.0,-337.0
-38.0,-510.0,-347.0,-145.0,-276.0,-417.0,202.0,-186.0,140.0,-288.0
-39.0,-478.0,-404.0,-94.0,-253.0,-500.0,61.0,-169.0,101.0,-246.0
-39.0,-403.0,-432.0,-9.0,-220.0,-457.0,-116.0,-48.0,92.0,-201.0
-60.0,-286.0,-483.0,70.0,-178.0,-409.0,-23.0,-25.0,96.0,-112.0
-61.0,-170.0,-506.0,163.0,-137.0,-472.0,119.0,-35.0,91.0,-17.0
-58.0,-1.0,-513.0,235.0,-104.0,-523.0,57.0,-18.0,89.0,78.0
-46.0,246.0,-536.0,276.0,-72.0,-477.0,-59.0,-92.0,80.0,174.0
-25.0,493.0,-516.0,307.0,-33.0,-397.0,21.0,-49.0,80.0,276.0
-13.0,663.0,-519.0,338.0,17.0,-379.0,181.0,-230.0,100.0,391.0
0.0,704.0,-519.0,371.0,76.0,-325.0,171.0,-182.0,126.0,518.0
19.0,571.0,-473.0,378.0,143.0,-361.0,139.0,-20.0,155.0,646.0
54.0,327.0,-430.0,379.0,221.0,-467.0,126.0,-103.0,156.0,762.0
85.0,119.0,-395.0,357.0,297.0,-473.0,152.0,-1.0,141.0,862.0
124.0,7.0,-345.0,323.0,351.0,-417.0,206.0,-136.0,116.0,930.0
164.0,17.0,-288.0,287.0,371.0,-375.0,188.0,-171.0,116.0,973.0
204.0,122.0,-249.0,249.0,356.0,-459.0,266.0,-127.0,135.0,996.0
247.0,237.0,-218.0,221.0,318.0,-465.0,331.0,-260.0,115.0,987.0
287.0,328.0,-183.0,187.0,274.0,-409.0,303.0,-195.0,68.0,940.0
312.0,372.0,-142.0,148.0,235.0,-464.0,327.0,-182.0,30.0,881.0
324.0,331.0,-113.0,85.0,204.0,-527.0,180.0,-214.0,12.0,804.0
338.0,238.0,-85.0,0.0,184.0,-492.0,9.0,-325.0,-24.0,700.0
331.0,203.0,-45.0,-85.0,176.0,-358.0,236.0,-317.0,-100.0,613.0
296.0,211.0,-8.0,-167.0,183.0,-361.0,557.0,-205.0,-191.0,534.0
261.0,209.0,28.0,-244.0,205.0,-443.0,451.0,-140.0,-295.0,454.0
241.0,187.0,61.0,-323.0,235.0,-411.0,151.0,-49.0,-381.0,396.0
199.0,74.0,99.0,-412.0,260.0,-371.0,242.0,-33.0,-428.0,355.0
149.0,-131.0,139.0,-470.0,273.0,-379.0,540.0,140.0,-464.0,326.0
102.0,-305.0,173.0,-522.0,278.0,-403.0,574.0,264.0,-496.0,302.0
57.0,-408.0,203.0,-580.0,267.0,-353.0,425.0,400.0,-523.0,294.0
7.0,-541.0,226.0,-619.0,232.0,-309.0,488.0,546.0,-513.0,302.0
-61.0,-724.0,234.0,-642.0,182.0,-419.0,544.0,469.0,-484.0,322.0
-97.0,-896.0,240.0,-661.0,128.0,-436.0,314.0,450.0,-476.0,341.0
-109.0,-1024.0,267.0,-681.0,70.0,-321.0,430.0,291.0,-445.0,369.0
-129.0,-1057.0,249.0,-646.0,16.0,-313.0,589.0,131.0,-406.0,415.0
-147.0,-961.0,244.0,-580.0,-27.0,-403.0,309.0,70.0,-377.0,446.0
-156.0,-736.0,250.0,-480.0,-63.0,-475.0,366.0,140.0,-350.0,466.0
-146.0,-410.0,206.0,-343.0,-93.0,-467.0,628.0,290.0,-326.0,493.0
-141.0,-50.0,199.0,-179.0,-109.0,-462.0,375.0,267.0,-270.0,507.0
-150.0,238.0,148.0,-8.0,-107.0,-436.0,232.0,380.0,-209.0,500.0
-148.0,382.0,98.0,155.0,-91.0,-324.0,438.0,375.0,-148.0,481.0
-116.0,386.0,68.0,318.0,-69.0,-287.0,230.0,363.0,-62.0,441.0
-89.0,299.0,19.0,423.0,-55.0,-348.0,177.0,360.0,21.0,369.0
-79.0,180.0,11.0,498.0,-55.0,-395.0,422.0,230.0,119.0,256.0
-56.0,45.0,-4.0,515.0,-63.0,-465.0,262.0,288.0,195.0,147.0
-25.0,-156.0,0.0,456.0,-73.0,-518.0,257.0,238.0,217.0,39.0
-9.0,-444.0,3.0,359.0,-82.0,-551.0,513.0,251.0,242.0,-61.0
3.0,-731.0,0.0,199.0,-81.0,-536.0,473.0,243.0,266.0,-131.0
29.0,-896.0,19.0,27.0,-60.0,-428.0,227.0,216.0,266.0,-183.0
48.0,-872.0,28.0,-138.0,-25.0,-427.0,300.0,277.0,250.0,-203.0
69.0,-652.0,31.0,-305.0,16.0,-438.0,592.0,162.0,217.0,-224.0
82.0,-317.0,58.0,-467.0,58.0,-315.0,437.0,86.0,200.0,-209.0
90.0,-12.0,60.0,-615.0,105.0,-273.0,202.0,-53.0,221.0,-162.0
95.0,196.0,61.0,-705.0,148.0,-370.0,409.0,22.0,244.0,-115.0
67.0,335.0,69.0,-740.0,160.0,-436.0,506.0,138.0,261.0,-56.0
38.0,457.0,64.0,-738.0,135.0,-386.0,339.0,25.0,275.0,1.0
5.0,613.0,77.0,-727.0,90.0,-325.0,307.0,129.0,284.0,68.0
-36.0,763.0,75.0,-712.0,47.0,-331.0,307.0,168.0,286.0,115.0
-72.0,851.0,112.0,-666.0,3.0,-249.0,306.0,219.0,267.0,144.0
-111.0,882.0,122.0,-575.0,-56.0,-118.0,500.0,238.0,247.0,158.0
-144.0,869.0,157.0,-475.0,-138.0,-97.0,380.0,188.0,253.0,146.0
-172.0,799.0,190.0,-388.0,-234.0,-145.0,83.0,282.0,281.0,106.0
-204.0,693.0,194.0,-296.0,-319.0,-234.0,313.0,243.0,338.0,88.0
-232.0,632.0,255.0,-211.0,-383.0,-311.0,123.0,242.0,407.0,84.0
-245.0,588.0,257.0,-141.0,-424.0,-364.0,-166.0,208.0,446.0,70.0
-236.0,511.0,279.0,-62.0,-443.0,-367.0,381.0,229.0,471.0,100.0
-232.0,411.0,296.0,34.0,-442.0,-218.0,395.0,314.0,501.0,124.0
-239.0,255.0,287.0,96.0,-427.0,-105.0,18.0,306.0,519.0,156.0
-241.0,46.0,291.0,160.0,-407.0,-93.0,479.0,365.0,522.0,192.0
-239.0,-139.0,292.0,245.0,-383.0,-24.0,769.0,323.0,520.0,219.0
-237.0,-242.0,277.0,314.0,-354.0,-22.0,129.0,343.0,509.0,254.0
-209.0,-287.0,265.0,376.0,-315.0,-87.0,-157.0,260.0,461.0,254.0
-161.0,-347.0,294.0,403.0,-280.0,-202.0,246.0,90.0,402.0,251.0
-126.0,-440.0,284.0,400.0,-254.0,-298.0,261.0,51.0,344.0,245.0
-75.0,-527.0,338.0,377.0,-222.0,-326.0,-153.0,24.0,256.0,222.0
-39.0,-563.0,371.0,352.0,-175.0,-401.0,-219.0,164.0,142.0,198.0
-2.0,-538.0,345.0,297.0,-111.0,-354.0,202.0,157.0,45.0,168.0
29.0,-464.0,393.0,217.0,-42.0,-263.0,319.0,118.0,-46.0,155.0
52.0,-299.0,389.0,152.0,22.0,-265.0,73.0,138.0,-143.0,141.0
100.0,-28.0,387.0,89.0,80.0,-295.0,264.0,75.0,-225.0,113.0
147.0,273.0,417.0,55.0,128.0,-306.0,535.0,79.0,-312.0,89.0
183.0,498.0,400.0,31.0,169.0,-215.0,128.0,75.0,-392.0,67.0
190.0,553.0,404.0,17.0,203.0,-241.0,-288.0,234.0,-445.0,33.0
209.0,441.0,414.0,27.0,224.0,-384.0,41.0,319.0,-473.0,-4.0
195.0,229.0,369.0,41.0,234.0,-300.0,338.0,317.0,-509.0,-34.0
182.0,-5.0,356.0,62.0,245.0,-135.0,114.0,362.0,-549.0,-73.0
179.0,-181.0,348.0,101.0,264.0,-162.0,62.0,303.0,-548.0,-107.0
167.0,-238.0,290.0,168.0,292.0,-189.0,162.0,332.0,-539.0,-106.0
173.0,-203.0,264.0,231.0,321.0,-126.0,-56.0,214.0,-504.0,-89.0
152.0,-186.0,232.0,263.0,349.0,-83.0,-224.0,121.0,-450.0,-67.0
144.0,-254.0,161.0,242.0,372.0,-87.0,110.0,127.0,-405.0,-7.0
114.0,-351.0,108.0,189.0,376.0,-79.0,426.0,83.0,-349.0,69.0
101.0,-348.0,62.0,152.0,363.0,-37.0,96.0,169.0,-293.0,143.0
100.0,-186.0,-21.0,99.0,340.0,-123.0,-97.0,186.0,-226.0,218.0
110.0,63.0,-95.0,20.0,313.0,-247.0,224.0,336.0,-157.0,301.0
129.0,289.0,-132.0,-27.0,285.0,-199.0,91.0,358.0,-113.0,405.0
116.0,437.0,-186.0,-99.0,249.0,-162.0,-132.0,314.0,-85.0,499.0
126.0,525.0,-222.0,-183.0,207.0,-158.0,235.0,423.0,-43.0,564.0
110.0,531.0,-216.0,-242.0,172.0,-152.0,511.0,354.0,28.0,615.0
105.0,410.0,-254.0,-268.0,146.0,-138.0,426.0,380.0,99.0,664.0
102.0,192.0,-280.0,-259.0,126.0,-18.0,286.0,280.0,148.0,676.0
110.0,-34.0,-264.0,-239.0,118.0,-35.0,274.0,223.0,199.0,686.0
115.0,-161.0,-300.0,-171.0,115.0,-87.0,448.0,242.0,231.0,704.0
105.0,-157.0,-267.0,-93.0,109.0,20.0,383.0,151.0,239.0,688.0
93.0,-86.0,-235.0,-2.0,94.0,9.0,-15.0,232.0,217.0,656.0
81.0,-39.0,-233.0,119.0,77.0,-95.0,105.0,236.0,184.0,606.0
82.0,-18.0,-157.0,258.0,67.0,-139.0,467.0,432.0,179.0,550.0
55.0,31.0,-116.0,398.0,71.0,-80.0,316.0,665.0,160.0,490.0
63.0,74.0,-70.0,484.0,89.0,-18.0,349.0,694.0,126.0,434.0
59.0,99.0,0.0,551.0,102.0,-58.0,350.0,650.0,57.0,410.0
61.0,122.0,50.0,624.0,105.0,-55.0,-29.0,458.0,-24.0,404.0
57.0,111.0,71.0,678.0,99.0,-2.0,38.0,410.0,-60.0,397.0
44.0,48.0,100.0,709.0,91.0,-91.0,311.0,321.0,-63.0,412.0
45.0,-57.0,119.0,703.0,73.0,-182.0,303.0,271.0,-44.0,437.0
38.0,-191.0,95.0,655.0,41.0,-169.0,225.0,197.0,-50.0,466.0
68.0,-365.0,77.0,581.0,9.0,-229.0,258.0,20.0,-82.0,485.0
87.0,-554.0,49.0,485.0,-15.0,-273.0,520.0,5.0,-109.0,503.0
125.0,-728.0,0.0,387.0,-26.0,-225.0,551.0,-36.0,-115.0,537.0
149.0,-898.0,-58.0,308.0,-22.0,-101.0,144.0,72.0,-86.0,564.0
180.0,-1024.0,-94.0,226.0,-3.0,34.0,272.0,72.0,-51.0,592.0
210.0,-1029.0,-130.0,161.0,20.0,-1.0,634.0,-53.0,-48.0,619.0
212.0,-898.0,-153.0,89.0,35.0,4.0,251.0,-35.0,-69.0,632.0
221.0,-694.0,-168.0,24.0,44.0,60.0,31.0,27.0,-76.0,608.0
225.0,-484.0,-159.0,-25.0,52.0,-64.0,208.0,253.0,-66.0,555.0
240.0,-258.0,-95.0,-93.0,59.0,-171.0,262.0,334.0,-33.0,502.0
234.0,55.0,-79.0,-144.0,51.0,-270.0,401.0,413.0,3.0,430.0
239.0,480.0,11.0,-182.0,26.0,-319.0,358.0,506.0,10.0,371.0
227.0,943.0,76.0,-207.0,-8.0,-178.0,285.0,502.0,-25.0,330.0
205.0,1327.0,78.0,-211.0,-44.0,-112.0,395.0,545.0,-61.0,299.0
170.0,1499.0,179.0,-186.0,-76.0,-77.0,199.0,456.0,-70.0,284.0
116.0,1396.0,190.0,-152.0,-102.0,-69.0,141.0,463.0,-72.0,263.0
62.0,1107.0,224.0,-91.0,-115.0,-125.0,299.0,413.0,-51.0,251.0
-8.0,755.0,280.0,-27.0,-115.0,26.0,132.0,351.0,-18.0,242.0
-58.0,372.0,259.0,21.0,-112.0,162.0,155.0,312.0,0.0,228.0
-119.0,-53.0,278.0,72.0,-113.0,45.0,397.0,206.0,17.0,207.0
-168.0,-463.0,255.0,83.0,-117.0,-115.0,349.0,288.0,77.0,173.0
-213.0,-737.0,224.0,111.0,-116.0,-165.0,247.0,291.0,162.0,147.0
-249.0,-853.0,199.0,154.0,-111.0,-101.0,351.0,347.0,249.0,108.0
-286.0,-826.0,150.0,160.0,-106.0,-58.0,422.0,378.0,323.0,73.0
-319.0,-691.0,101.0,128.0,-103.0,-114.0,464.0,443.0,392.0,57.0
-331.0,-486.0,50.0,104.0,-95.0,-130.0,398.0,572.0,466.0,50.0
-362.0,-222.0,6.0,105.0,-75.0,-152.0,231.0,500.0,555.0,59.0
-362.0,91.0,-22.0,110.0,-45.0,-228.0,412.0,545.0,681.0,75.0
-361.0,460.0,-60.0,100.0,-5.0,-254.0,493.0,402.0,784.0,111.0
-338.0,828.0,-93.0,86.0,34.0,-214.0,309.0,314.0,840.0,165.0
-322.0,1104.0,-105.0,93.0,64.0,-203.0,317.0,356.0,887.0,234.0
-296.0,1231.0,-151.0,83.0,75.0,-223.0,341.0,236.0,915.0,313.0
-266.0,1253.0,-138.0,68.0,66.0,-150.0,369.0,304.0,923.0,409.0
-257.0,1257.0,-146.0,55.0,36.0,-80.0,397.0,203.0,935.0,505.0
-213.0,1273.0,-179.0,33.0,-6.0,-18.0,336.0,205.0,919.0,584.0
-185.0,1269.0,-144.0,6.0,-56.0,5.0,390.0,378.0,851.0,668.0
-147.0,1193.0,-187.0,-25.0,-105.0,52.0,306.0,393.0,756.0,729.0
-123.0,1039.0,-174.0,-46.0,-140.0,97.0,43.0,485.0,637.0,768.0
-94.0,843.0,-131.0,-41.0,-152.0,-58.0,203.0,511.0,496.0,800.0
-80.0,628.0,-133.0,-34.0,-142.0,-148.0,489.0,574.0,358.0,822.0
-72.0,357.0,-65.0,-17.0,-114.0,-143.0,319.0,545.0,227.0,812.0
-56.0,71.0,-38.0,13.0,-77.0,-127.0,186.0,522.0,95.0,803.0
-63.0,-185.0,-28.0,43.0,-31.0,-62.0,313.0,572.0,-29.0,822.0
-59.0,-471.0,28.0,82.0,14.0,45.0,342.0,556.0,-120.0,838.0
-63.0,-754.0,48.0,99.0,54.0,152.0,356.0,624.0,-175.0,853.0
-52.0,-999.0,64.0,109.0,93.0,135.0,327.0,582.0,-229.0,869.0
-36.0,-1225.0,134.0,138.0,130.0,93.0,258.0,670.0,-272.0,913.0
-10.0,-1425.0,139.0,178.0,162.0,100.0,304.0,705.0,-278.0,951.0
7.0,-1540.0,162.0,225.0,184.0,118.0,245.0,683.0,-262.0,984.0
31.0,-1537.0,212.0,263.0,182.0,101.0,215.0,668.0,-261.0,1020.0
56.0,-1434.0,179.0,283.0,155.0,85.0,372.0,428.0,-278.0,1040.0
98.0,-1292.0,195.0,292.0,116.0,223.0,477.0,482.0,-293.0,1052.0
154.0,-1197.0,209.0,314.0,82.0,368.0,526.0,522.0,-305.0,1045.0
210.0,-1098.0,213.0,331.0,63.0,349.0,535.0,524.0,-303.0,1033.0
280.0,-919.0,244.0,351.0,64.0,374.0,406.0,550.0,-304.0,1016.0
342.0,-674.0,247.0,355.0,75.0,461.0,242.0,454.0,-288.0,991.0
417.0,-395.0,273.0,327.0,81.0,421.0,328.0,493.0,-242.0,958.0
464.0,-157.0,293.0,293.0,69.0,256.0,590.0,399.0,-213.0,925.0
527.0,2.0,313.0,272.0,36.0,162.0,544.0,436.0,-179.0,879.0
571.0,130.0,326.0,289.0,-5.0,166.0,263.0,508.0,-111.0,824.0
606.0,220.0,325.0,304.0,-43.0,226.0,321.0,618.0,-35.0,773.0
630.0,243.0,346.0,332.0,-73.0,273.0,450.0,838.0,37.0,710.0
635.0,261.0,326.0,360.0,-95.0,281.0,209.0,825.0,100.0,647.0
638.0,333.0,311.0,375.0,-105.0,364.0,165.0,896.0,157.0,602.0
598.0,404.0,297.0,419.0,-107.0,334.0,400.0,822.0,202.0,566.0
572.0,431.0,241.0,446.0,-100.0,265.0,277.0,685.0,222.0,520.0
520.0,420.0,186.0,447.0,-85.0,275.0,3.0,596.0,238.0,478.0
484.0,341.0,118.0,462.0,-58.0,261.0,105.0,471.0,219.0,422.0
437.0,248.0,49.0,444.0,-24.0,219.0,305.0,493.0,152.0,348.0
385.0,238.0,-17.0,398.0,10.0,217.0,252.0,473.0,73.0,266.0
339.0,268.0,-81.0,362.0,43.0,283.0,193.0,570.0,-3.0,160.0
272.0,309.0,-144.0,315.0,79.0,321.0,263.0,607.0,-60.0,34.0
217.0,458.0,-186.0,296.0,114.0,407.0,177.0,630.0,-113.0,-100.0
136.0,739.0,-223.0,290.0,139.0,434.0,43.0,630.0,-170.0,-234.0
101.0,1004.0,-278.0,282.0,146.0,392.0,186.0,528.0,-264.0,-362.0
71.0,1142.0,-314.0,280.0,137.0,304.0,225.0,594.0,-386.0,-467.0
62.0,1158.0,-330.0,252.0,121.0,132.0,106.0,478.0,-447.0,-539.0
53.0,1076.0,-378.0,193.0,97.0,135.0,134.0,362.0,-475.0,-589.0
29.0,950.0,-393.0,131.0,73.0,227.0,115.0,245.0,-501.0,-630.0
27.0,829.0,-382.0,79.0,58.0,167.0,93.0,99.0,-514.0,-659.0
-2.0,668.0,-407.0,14.0,54.0,135.0,158.0,59.0,-524.0,-681.0
-13.0,417.0,-370.0,-45.0,57.0,219.0,186.0,-99.0,-502.0,-687.0
-33.0,91.0,-349.0,-107.0,50.0,252.0,251.0,-92.0,-480.0,-672.0
-44.0,-218.0,-334.0,-165.0,36.0,294.0,324.0,-68.0,-474.0,-655.0
-74.0,-422.0,-285.0,-186.0,26.0,302.0,284.0,14.0,-459.0,-628.0
-109.0,-522.0,-275.0,-194.0,21.0,252.0,310.0,110.0,-446.0,-580.0
-123.0,-560.0,-239.0,-214.0,22.0,204.0,373.0,22.0,-435.0,-511.0
-155.0,-574.0,-190.0,-254.0,30.0,73.0,285.0,145.0,-405.0,-415.0
-167.0,-590.0,-175.0,-262.0,40.0,97.0,134.0,118.0,-369.0,-316.0
-196.0,-668.0,-142.0,-232.0,56.0,248.0,93.0,42.0,-344.0,-205.0
-213.0,-830.0,-98.0,-217.0,85.0,180.0,260.0,125.0,-303.0,-98.0
-243.0,-1030.0,-84.0,-183.0,135.0,108.0,307.0,173.0,-259.0,-22.0
-270.0,-1210.0,-51.0,-116.0,200.0,194.0,123.0,345.0,-218.0,47.0
-283.0,-1269.0,-34.0,-31.0,267.0,167.0,51.0,397.0,-147.0,83.0
-325.0,-1179.0,-29.0,64.0,319.0,148.0,95.0,441.0,-59.0,89.0
-345.0,-1015.0,11.0,136.0,341.0,252.0,126.0,384.0,35.0,84.0
-379.0,-826.0,27.0,177.0,325.0,319.0,153.0,295.0,150.0,75.0
-392.0,-582.0,53.0,215.0,279.0,321.0,176.0,273.0,281.0,52.0
-382.0,-276.0,79.0,225.0,223.0,196.0,123.0,125.0,411.0,33.0
-360.0,-15.0,84.0,224.0,157.0,102.0,81.0,81.0,532.0,38.0
-323.0,176.0,123.0,217.0,84.0,181.0,166.0,7.0,632.0,48.0
-306.0,374.0,132.0,196.0,13.0,277.0,222.0,97.0,751.0,64.0
-276.0,621.0,150.0,176.0,-45.0,335.0,93.0,186.0,884.0,78.0
-254.0,881.0,215.0,159.0,-88.0,442.0,-40.0,301.0,963.0,128.0
-243.0,1076.0,250.0,165.0,-112.0,498.0,33.0,498.0,993.0,175.0
-236.0,1222.0,279.0,173.0,-112.0,461.0,44.0,439.0,1008.0,214.0
-224.0,1371.0,328.0,167.0,-96.0,463.0,-101.0,424.0,997.0,284.0
-201.0,1462.0,352.0,166.0,-77.0,416.0,-155.0,280.0,979.0,355.0
-173.0,1411.0,354.0,190.0,-65.0,348.0,-35.0,192.0,961.0,426.0
-152.0,1264.0,387.0,247.0,-51.0,307.0,140.0,140.0,910.0,483.0
-130.0,1086.0,377.0,298.0,-22.0,302.0,163.0,53.0,841.0,534.0
-98.0,868.0,371.0,359.0,13.0,379.0,23.0,173.0,739.0,563.0
-86.0,594.0,416.0,430.0,45.0,420.0,-114.0,195.0,646.0,580.0
-59.0,295.0,382.0,501.0,57.0,373.0,-95.0,328.0,590.0,584.0
-51.0,37.0,387.0,556.0,58.0,415.0,-32.0,299.0,544.0,583.0
-57.0,-111.0,375.0,588.0,58.0,506.0,-135.0,181.0,517.0,580.0
-33.0,-119.0,315.0,621.0,65.0,444.0,-281.0,264.0,487.0,552.0
-26.0,-62.0,313.0,636.0,87.0,378.0,-267.0,212.0,468.0,542.0
0.0,-27.0,275.0,643.0,116.0,350.0,-190.0,260.0,474.0,541.0
15.0,-46.0,255.0,652.0,146.0,263.0,-235.0,201.0,501.0,552.0
25.0,-146.0,237.0,647.0,178.0,156.0,-245.0,84.0,520.0,595.0
74.0,-322.0,212.0,634.0,211.0,216.0,-182.0,83.0,511.0,660.0
120.0,-514.0,194.0,595.0,234.0,355.0,-223.0,35.0,492.0,736.0
169.0,-637.0,167.0,557.0,238.0,367.0,-263.0,99.0,469.0,819.0
207.0,-641.0,133.0,525.0,224.0,351.0,-259.0,116.0,442.0,916.0
252.0,-487.0,103.0,474.0,195.0,326.0,-317.0,223.0,414.0,999.0
297.0,-188.0,65.0,408.0,156.0,321.0,-271.0,264.0,379.0,1063.0
328.0,179.0,40.0,353.0,120.0,231.0,-81.0,218.0,324.0,1103.0
364.0,569.0,24.0,325.0,86.0,112.0,-46.0,188.0,265.0,1116.0
396.0,919.0,-28.0,295.0,53.0,102.0,-225.0,55.0,158.0,1115.0
406.0,1139.0,-48.0,287.0,15.0,197.0,-306.0,62.0,17.0,1099.0
400.0,1203.0,-109.0,299.0,-27.0,298.0,-180.0,-73.0,-113.0,1073.0
388.0,1175.0,-154.0,305.0,-61.0,285.0,-177.0,-11.0,-246.0,1030.0
344.0,1126.0,-180.0,317.0,-84.0,296.0,-328.0,188.0,-366.0,979.0
305.0,1087.0,-250.0,328.0,-93.0,243.0,-281.0,194.0,-466.0,936.0
280.0,1008.0,-231.0,321.0,-87.0,141.0,-135.0,301.0,-566.0,883.0
251.0,810.0,-252.0,311.0,-73.0,155.0,-157.0,238.0,-673.0,821.0
219.0,514.0,-256.0,346.0,-59.0,237.0,-247.0,275.0,-768.0,751.0
189.0,217.0,-218.0,385.0,-53.0,252.0,-146.0,288.0,-847.0,649.0
161.0,21.0,-243.0,410.0,-57.0,186.0,9.0,201.0,-897.0,531.0
121.0,-37.0,-202.0,448.0,-65.0,175.0,-116.0,279.0,-926.0,404.0
73.0,-49.0,-154.0,465.0,-77.0,159.0,-300.0,312.0,-961.0,261.0
33.0,-115.0,-135.0,449.0,-92.0,97.0,-279.0,419.0,-959.0,118.0
13.0,-277.0,-103.0,429.0,-107.0,145.0,-192.0,461.0,-897.0,-7.0
8.0,-570.0,-63.0,375.0,-116.0,213.0,-126.0,456.0,-787.0,-92.0
-1.0,-987.0,-50.0,314.0,-124.0,147.0,-20.0,330.0,-664.0,-161.0
-12.0,-1458.0,-50.0,287.0,-131.0,95.0,-16.0,188.0,-551.0,-213.0
-22.0,-1841.0,-35.0,231.0,-133.0,89.0,-116.0,134.0,-452.0,-253.0
-37.0,-1969.0,-53.0,145.0,-121.0,103.0,-127.0,-40.0,-350.0,-291.0
-46.0,-1800.0,-54.0,78.0,-93.0,116.0,-172.0,3.0,-218.0,-315.0
-54.0,-1377.0,-39.0,22.0,-66.0,108.0,-252.0,-51.0,-78.0,-339.0
-30.0,-723.0,-54.0,-31.0,-48.0,143.0,-239.0,-68.0,49.0,-359.0
-8.0,56.0,-41.0,-47.0,-35.0,187.0,-174.0,64.0,166.0,-385.0
16.0,772.0,-29.0,-45.0,-19.0,125.0,-80.0,-42.0,251.0,-404.0
42.0,1295.0,-63.0,-68.0,7.0,17.0,37.0,70.0,269.0,-415.0
61.0,1528.0,-43.0,-75.0,40.0,39.0,67.0,57.0,252.0,-411.0
96.0,1415.0,-47.0,-85.0,72.0,25.0,-32.0,7.0,242.0,-392.0
119.0,1040.0,-82.0,-124.0,102.0,-26.0,1.0,90.0,201.0,-381.0
177.0,600.0,-56.0,-173.0,132.0,4.0,135.0,-31.0,131.0,-349.0
225.0,234.0,-70.0,-185.0,158.0,159.0,18.0,-77.0,38.0,-293.0
276.0,-46.0,-56.0,-190.0,174.0,313.0,-205.0,-127.0,-86.0,-247.0
321.0,-233.0,-40.0,-222.0,178.0,289.0,-16.0,-53.0,-235.0,-198.0
350.0,-293.0,-30.0,-236.0,168.0,354.0,315.0,-38.0,-358.0,-137.0
383.0,-264.0,19.0,-278.0,141.0,333.0,205.0,-97.0,-408.0,-89.0
403.0,-219.0,25.0,-339.0,111.0,146.0,20.0,-64.0,-429.0,-65.0
453.0,-162.0,67.0,-395.0,94.0,-8.0,-10.0,-107.0,-436.0,-61.0
487.0,-91.0,104.0,-441.0,97.0,-50.0,-99.0,44.0,-443.0,-58.0
501.0,-37.0,129.0,-467.0,108.0,69.0,-118.0,105.0,-420.0,-75.0
502.0,-18.0,182.0,-497.0,111.0,85.0,7.0,166.0,-330.0,-134.0
497.0,-55.0,210.0,-529.0,105.0,140.0,91.0,227.0,-201.0,-178.0
469.0,-143.0,234.0,-549.0,91.0,281.0,73.0,109.0,-56.0,-207.0
439.0,-261.0,249.0,-540.0,75.0,271.0,51.0,-1.0,57.0,-253.0
404.0,-394.0,261.0,-539.0,64.0,217.0,34.0,-206.0,146.0,-263.0
362.0,-550.0,256.0,-472.0,59.0,276.0,55.0,-218.0,252.0,-237.0
342.0,-747.0,264.0,-373.0,60.0,282.0,35.0,-203.0,365.0,-209.0
299.0,-893.0,246.0,-283.0,69.0,109.0,41.0,-109.0,435.0,-161.0
277.0,-825.0,200.0,-145.0,81.0,27.0,126.0,38.0,447.0,-117.0
231.0,-536.0,197.0,-28.0,92.0,60.0,48.0,51.0,460.0,-74.0
181.0,-147.0,139.0,103.0,104.0,81.0,-24.0,86.0,484.0,-52.0
135.0,261.0,105.0,214.0,117.0,110.0,55.0,-68.0,521.0,-58.0
70.0,666.0,79.0,269.0,125.0,158.0,44.0,-101.0,545.0,-63.0
18.0,1024.0,7.0,296.0,133.0,199.0,-134.0,-160.0,542.0,-97.0
-39.0,1271.0,-15.0,256.0,144.0,201.0,-242.0,-251.0,537.0,-144.0
-67.0,1381.0,-56.0,197.0,154.0,166.0,-112.0,-245.0,529.0,-186.0
-101.0,1379.0,-91.0,133.0,150.0,160.0,9.0,-356.0,509.0,-218.0
-109.0,1301.0,-124.0,69.0,124.0,185.0,18.0,-258.0,504.0,-248.0
-101.0,1101.0,-161.0,27.0,77.0,54.0,53.0,-310.0,504.0,-285.0
-89.0,773.0,-186.0,-20.0,12.0,-144.0,73.0,-413.0,503.0,-291.0
-64.0,362.0,-206.0,-19.0,-55.0,-137.0,17.0,-461.0,502.0,-279.0
-48.0,-90.0,-212.0,26.0,-122.0,-67.0,-24.0,-546.0,470.0,-276.0
-40.0,-483.0,-206.0,98.0,-187.0,-91.0,5.0,-367.0,434.0,-266.0
-26.0,-765.0,-165.0,203.0,-244.0,-64.0,-71.0,-345.0,401.0,-234.0
4.0,-933.0,-149.0,297.0,-282.0,69.0,-217.0,-234.0,334.0,-206.0
25.0,-961.0,-109.0,396.0,-292.0,157.0,-163.0,-158.0,225.0,-192.0
69.0,-831.0,-78.0,492.0,-280.0,62.0,20.0,-321.0,128.0,-154.0
117.0,-576.0,-54.0,556.0,-251.0,-34.0,91.0,-293.0,75.0,-88.0
163.0,-319.0,10.0,592.0,-220.0,-45.0,21.0,-327.0,40.0,-11.0
195.0,-173.0,3.0,602.0,-197.0,-18.0,-26.0,-240.0,19.0,74.0
214.0,-150.0,21.0,573.0,-187.0,-35.0,4.0,-192.0,-1.0,179.0
225.0,-235.0,53.0,502.0,-184.0,-97.0,41.0,-218.0,-9.0,299.0
216.0,-415.0,46.0,409.0,-190.0,-39.0,-1.0,-171.0,-1.0,400.0
211.0,-602.0,48.0,290.0,-203.0,-27.0,-11.0,-227.0,17.0,487.0
194.0,-725.0,44.0,168.0,-203.0,31.0,112.0,-232.0,41.0,576.0
173.0,-776.0,48.0,101.0,-182.0,137.0,127.0,-347.0,76.0,648.0
142.0,-749.0,40.0,50.0,-137.0,97.0,-10.0,-327.0,132.0,702.0
147.0,-629.0,34.0,-9.0,-74.0,26.0,-21.0,-306.0,188.0,742.0
155.0,-458.0,32.0,-69.0,-4.0,-10.0,51.0,-406.0,216.0,767.0
166.0,-274.0,20.0,-114.0,57.0,75.0,-9.0,-388.0,195.0,778.0
173.0,-81.0,0.0,-134.0,94.0,92.0,-69.0,-395.0,153.0,759.0
161.0,66.0,-3.0,-173.0,117.0,23.0,10.0,-210.0,120.0,723.0
171.0,182.0,0.0,-197.0,135.0,-27.0,113.0,-175.0,88.0,681.0
178.0,333.0,-15.0,-213.0,145.0,25.0,161.0,-315.0,27.0,595.0
174.0,470.0,-21.0,-220.0,148.0,125.0,201.0,-386.0,-81.0,485.0
185.0,514.0,-29.0,-193.0,150.0,54.0,185.0,-413.0,-232.0,372.0
211.0,482.0,-58.0,-185.0,157.0,54.0,95.0,-236.0,-356.0,246.0
219.0,382.0,-68.0,-186.0,161.0,135.0,74.0,-166.0,-409.0,125.0
230.0,243.0,-80.0,-176.0,151.0,190.0,130.0,-55.0,-453.0,29.0
226.0,177.0,-115.0,-178.0,135.0,162.0,162.0,55.0,-492.0,-22.0
241.0,206.0,-121.0,-172.0,116.0,106.0,186.0,60.0,-521.0,-53.0
230.0,266.0,-164.0,-125.0,91.0,206.0,223.0,27.0,-530.0,-52.0
221.0,275.0,-195.0,-68.0,58.0,304.0,194.0,-109.0,-501.0,-28.0
225.0,222.0,-179.0,-18.0,25.0,359.0,165.0,-11.0,-479.0,-7.0
209.0,206.0,-208.0,57.0,4.0,369.0,150.0,-12.0,-463.0,15.0
199.0,319.0,-191.0,137.0,-7.0,311.0,-22.0,-55.0,-454.0,33.0
163.0,564.0,-152.0,193.0,-21.0,258.0,-160.0,-116.0,-471.0,54.0
166.0,874.0,-137.0,279.0,-46.0,257.0,-8.0,-258.0,-505.0,74.0
128.0,1178.0,-78.0,352.0,-72.0,304.0,149.0,-169.0,-538.0,87.0
110.0,1436.0,-22.0,372.0,-87.0,235.0,112.0,-216.0,-562.0,99.0
94.0,1640.0,-7.0,372.0,-85.0,156.0,20.0,-160.0,-566.0,129.0
75.0,1770.0,31.0,321.0,-69.0,181.0,-37.0,-155.0,-534.0,154.0
86.0,1762.0,75.0,266.0,-53.0,169.0,-57.0,-293.0,-513.0,158.0
70.0,1592.0,88.0,213.0,-48.0,129.0,-87.0,-321.0,-495.0,181.0
82.0,1261.0,125.0,114.0,-47.0,48.0,-58.0,-423.0,-462.0,216.0
67.0,783.0,132.0,43.0,-49.0,-41.0,-67.0,-334.0,-415.0,223.0
77.0,266.0,115.0,-6.0,-52.0,-28.0,-183.0,-315.0,-351.0,218.0
73.0,-212.0,128.0,-44.0,-56.0,65.0,-198.0,-306.0,-297.0,228.0
77.0,-651.0,116.0,-55.0,-52.0,169.0,-224.0,-253.0,-257.0,231.0
98.0,-1014.0,127.0,-58.0,-38.0,246.0,-298.0,-258.0,-230.0,219.0
122.0,-1270.0,133.0,-61.0,-25.0,356.0,-224.0,-109.0,-186.0,209.0
139.0,-1439.0,108.0,-65.0,-18.0,374.0,-133.0,-168.0,-147.0,197.0
156.0,-1565.0,119.0,-65.0,-18.0,366.0,-113.0,-184.0,-101.0,165.0
191.0,-1640.0,100.0,-52.0,-20.0,388.0,-77.0,-155.0,-41.0,123.0
194.0,-1635.0,91.0,-34.0,-26.0,285.0,-77.0,-219.0,-17.0,104.0
220.0,-1504.0,109.0,-37.0,-37.0,275.0,-137.0,-199.0,0.0,90.0
200.0,-1228.0,88.0,-45.0,-41.0,278.0,-196.0,-251.0,23.0,64.0
196.0,-877.0,88.0,-76.0,-28.0,219.0,-232.0,-208.0,56.0,64.0
175.0,-519.0,83.0,-138.0,-2.0,238.0,-211.0,-168.0,97.0,97.0
129.0,-172.0,94.0,-203.0,32.0,302.0,-151.0,-75.0,130.0,128.0
110.0,184.0,97.0,-266.0,74.0,390.0,-123.0,-64.0,136.0,129.0
88.0,510.0,65.0,-328.0,122.0,323.0,-149.0,-208.0,141.0,140.0
74.0,729.0,69.0,-371.0,174.0,217.0,-163.0,-249.0,163.0,139.0
28.0,868.0,35.0,-377.0,225.0,212.0,-151.0,-378.0,200.0,92.0
18.0,932.0,17.0,-359.0,275.0,176.0,-188.0,-345.0,254.0,55.0
-12.0,854.0,18.0,-295.0,315.0,136.0,-216.0,-363.0,275.0,32.0
-45.0,643.0,-11.0,-191.0,329.0,98.0,-165.0,-384.0,271.0,4.0
-80.0,426.0,-8.0,-92.0,314.0,113.0,-155.0,-254.0,287.0,-28.0
-120.0,253.0,-35.0,-5.0,273.0,155.0,-256.0,-242.0,312.0,-78.0
-154.0,79.0,-42.0,96.0,215.0,85.0,-317.0,-134.0,316.0,-133.0
-218.0,-80.0,-42.0,176.0,150.0,37.0,-244.0,-194.0,320.0,-215.0
-268.0,-155.0,-61.0,211.0,87.0,96.0,-201.0,-194.0,320.0,-327.0
-294.0,-129.0,-56.0,211.0,41.0,119.0,-325.0,-168.0,292.0,-434.0
-307.0,-56.0,-56.0,160.0,19.0,56.0,-465.0,-242.0,282.0,-541.0
-342.0,33.0,-31.0,89.0,16.0,-18.0,-402.0,-229.0,271.0,-665.0
-351.0,145.0,-1.0,-1.0,19.0,-34.0,-280.0,-399.0,255.0,-767.0
-351.0,287.0,15.0,-100.0,18.0,-63.0,-310.0,-406.0,231.0,-822.0
-338.0,449.0,45.0,-179.0,12.0,-102.0,-300.0,-426.0,182.0,-870.0
-327.0,635.0,60.0,-252.0,5.0,-83.0,-256.0,-458.0,132.0,-898.0
-315.0,869.0,79.0,-318.0,-1.0,-94.0,-355.0,-312.0,66.0,-889.0
-294.0,1052.0,96.0,-367.0,-15.0,-124.0,-418.0,-258.0,2.0,-863.0
-272.0,1084.0,79.0,-410.0,-38.0,-108.0,-319.0,-162.0,-56.0,-827.0
-237.0,959.0,53.0,-442.0,-62.0,5.0,-222.0,-192.0,-83.0,-784.0
-211.0,714.0,22.0,-456.0,-86.0,53.0,-144.0,-279.0,-76.0,-727.0
-162.0,406.0,-53.0,-463.0,-110.0,-73.0,-21.0,-371.0,-53.0,-666.0
-123.0,44.0,-122.0,-457.0,-139.0,-140.0,-88.0,-402.0,-13.0,-627.0
-79.0,-338.0,-197.0,-439.0,-167.0,-130.0,-313.0,-369.0,39.0,-597.0
-52.0,-721.0,-272.0,-412.0,-183.0,-133.0,-419.0,-436.0,132.0,-549.0
-11.0,-1081.0,-310.0,-397.0,-201.0,-178.0,-401.0,-273.0,220.0,-517.0
20.0,-1336.0,-368.0,-370.0,-228.0,-127.0,-328.0,-169.0,314.0,-516.0
34.0,-1442.0,-404.0,-342.0,-251.0,-6.0,-268.0,-83.0,444.0,-501.0
74.0,-1402.0,-428.0,-323.0,-258.0,15.0,-153.0,7.0,556.0,-464.0
105.0,-1229.0,-430.0,-270.0,-247.0,54.0,-101.0,-107.0,638.0,-447.0
147.0,-949.0,-425.0,-238.0,-221.0,64.0,-178.0,-59.0,680.0,-434.0
177.0,-627.0,-407.0,-214.0,-178.0,2.0,-229.0,-214.0,694.0,-421.0
223.0,-332.0,-369.0,-162.0,-127.0,-66.0,-208.0,-306.0,712.0,-430.0
261.0,-91.0,-357.0,-103.0,-78.0,-137.0,-93.0,-312.0,732.0,-448.0
288.0,75.0,-305.0,-72.0,-36.0,-202.0,-109.0,-456.0,711.0,-475.0
300.0,171.0,-265.0,-51.0,-12.0,-208.0,-188.0,-412.0,646.0,-481.0
319.0,251.0,-224.0,8.0,4.0,-103.0,-112.0,-448.0,529.0,-471.0
351.0,370.0,-201.0,61.0,16.0,54.0,-148.0,-415.0,379.0,-475.0
365.0,549.0,-174.0,96.0,25.0,165.0,-314.0,-412.0,249.0,-469.0
397.0,754.0,-157.0,133.0,37.0,198.0,-344.0,-408.0,128.0,-457.0
429.0,916.0,-164.0,149.0,46.0,194.0,-360.0,-391.0,16.0,-450.0
483.0,1006.0,-137.0,178.0,52.0,189.0,-415.0,-458.0,-101.0,-444.0
513.0,1014.0,-171.0,190.0,57.0,210.0,-303.0,-284.0,-217.0,-431.0
539.0,947.0,-155.0,176.0,65.0,187.0,-193.0,-136.0,-312.0,-408.0
567.0,817.0,-168.0,158.0,87.0,173.0,-172.0,77.0,-382.0,-388.0
588.0,612.0,-184.0,100.0,128.0,193.0,-154.0,184.0,-417.0,-359.0
607.0,339.0,-148.0,71.0,189.0,260.0,-166.0,216.0,-423.0,-316.0
609.0,-4.0,-167.0,33.0,249.0,269.0,-218.0,371.0,-401.0,-279.0
609.0,-410.0,-133.0,-20.0,283.0,171.0,-198.0,279.0,-392.0,-232.0
583.0,-793.0,-111.0,-67.0,273.0,190.0,-117.0,203.0,-413.0,-167.0
548.0,-1065.0,-93.0,-107.0,226.0,253.0,-168.0,81.0,-423.0,-108.0
508.0,-1174.0,-57.0,-121.0,159.0,279.0,-179.0,-97.0,-430.0,-51.0
453.0,-1119.0,-14.0,-149.0,78.0,319.0,-196.0,-284.0,-439.0,-4.0
397.0,-947.0,23.0,-147.0,-11.0,425.0,-343.0,-428.0,-421.0,13.0
351.0,-761.0,50.0,-120.0,-116.0,450.0,-418.0,-400.0,-408.0,-9.0
284.0,-627.0,107.0,-63.0,-229.0,404.0,-470.0,-513.0,-422.0,-63.0
210.0,-489.0,139.0,-9.0,-330.0,355.0,-566.0,-491.0,-403.0,-120.0
130.0,-272.0,179.0,52.0,-400.0,248.0,-565.0,-576.0,-345.0,-208.0
51.0,-10.0,236.0,133.0,-431.0,219.0,-367.0,-657.0,-259.0,-295.0
-33.0,236.0,278.0,157.0,-434.0,171.0,-244.0,-448.0,-185.0,-360.0
-113.0,460.0,283.0,166.0,-416.0,177.0,-429.0,-447.0,-138.0,-417.0
-170.0,616.0,322.0,169.0,-378.0,191.0,-658.0,-352.0,-85.0,-445.0
-234.0,655.0,335.0,166.0,-321.0,122.0,-639.0,-347.0,-43.0,-470.0
-266.0,609.0,305.0,146.0,-251.0,102.0,-565.0,-328.0,-29.0,-455.0
-291.0,540.0,331.0,105.0,-183.0,81.0,-645.0,-245.0,-40.0,-424.0
-281.0,464.0,291.0,54.0,-126.0,47.0,-658.0,-382.0,-60.0,-409.0
-271.0,361.0,272.0,-23.0,-86.0,-9.0,-641.0,-406.0,-89.0,-367.0
-250.0,265.0,247.0,-89.0,-61.0,47.0,-634.0,-526.0,-103.0,-325.0
-230.0,234.0,204.0,-149.0,-54.0,67.0,-537.0,-515.0,-121.0,-279.0
-226.0,286.0,211.0,-208.0,-67.0,-95.0,-449.0,-402.0,-165.0,-226.0
-185.0,417.0,177.0,-245.0,-86.0,-160.0,-472.0,-343.0,-191.0,-177.0
-162.0,550.0,178.0,-260.0,-97.0,-121.0,-551.0,-219.0,-181.0,-120.0
-106.0,557.0,188.0,-261.0,-98.0,-86.0,-450.0,-218.0,-171.0,-59.0
-58.0,467.0,179.0,-241.0,-103.0,-78.0,-383.0,-234.0,-173.0,9.0
-16.0,350.0,198.0,-200.0,-109.0,-85.0,-551.0,-386.0,-152.0,86.0
19.0,182.0,186.0,-157.0,-113.0,3.0,-628.0,-412.0,-134.0,165.0
50.0,-80.0,184.0,-139.0,-112.0,64.0,-479.0,-504.0,-111.0,246.0
72.0,-421.0,210.0,-131.0,-103.0,-14.0,-391.0,-630.0,-97.0,300.0
60.0,-728.0,198.0,-104.0,-80.0,25.0,-455.0,-465.0,-109.0,354.0
63.0,-908.0,219.0,-89.0,-39.0,185.0,-391.0,-469.0,-95.0,394.0
55.0,-917.0,240.0,-69.0,9.0,231.0,-392.0,-343.0,-63.0,388.0
62.0,-782.0,236.0,-65.0,53.0,206.0,-625.0,-266.0,-39.0,378.0
47.0,-547.0,252.0,-83.0,87.0,215.0,-584.0,-312.0,-38.0,343.0
38.0,-263.0,249.0,-83.0,113.0,211.0,-232.0,-321.0,-60.0,294.0
21.0,-28.0,250.0,-83.0,129.0,183.0,-199.0,-489.0,-100.0,234.0
-10.0,115.0,249.0,-74.0,125.0,256.0,-419.0,-473.0,-155.0,147.0
-26.0,181.0,267.0,-63.0,108.0,358.0,-307.0,-508.0,-219.0,69.0
-59.0,235.0,264.0,-65.0,89.0,355.0,-151.0,-402.0,-271.0,-17.0
-80.0,301.0,256.0,-71.0,68.0,306.0,-366.0,-258.0,-296.0,-109.0
-114.0,336.0,274.0,-57.0,38.0,285.0,-405.0,-245.0,-314.0,-179.0
-154.0,349.0,252.0,-4.0,1.0,294.0,-216.0,-123.0,-310.0,-238.0
-205.0,377.0,243.0,21.0,-34.0,208.0,-441.0,-356.0,-318.0,-300.0
-256.0,416.0,231.0,6.0,-66.0,70.0,-528.0,-482.0,-341.0,-362.0
-300.0,424.0,190.0,-12.0,-75.0,123.0,-179.0,-561.0,-330.0,-412.0
-339.0,380.0,169.0,-34.0,-52.0,227.0,-312.0,-720.0,-293.0,-471.0
-385.0,294.0,127.0,-86.0,5.0,204.0,-645.0,-580.0,-230.0,-558.0
-428.0,212.0,70.0,-152.0,82.0,265.0,-501.0,-539.0,-162.0,-647.0
-442.0,196.0,53.0,-224.0,152.0,414.0,-384.0,-430.0,-119.0,-744.0
-481.0,265.0,12.0,-325.0,187.0,450.0,-347.0,-378.0,-100.0,-867.0
-517.0,379.0,-27.0,-415.0,185.0,356.0,-109.0,-393.0,-80.0,-1015.0
-541.0,487.0,-48.0,-478.0,165.0,246.0,-58.0,-330.0,-38.0,-1152.0
-551.0,532.0,-95.0,-499.0,152.0,189.0,-258.0,-253.0,0.0,-1272.0
-557.0,493.0,-129.0,-484.0,152.0,139.0,-310.0,-101.0,14.0,-1390.0
-559.0,436.0,-146.0,-453.0,163.0,148.0,-241.0,-177.0,30.0,-1464.0
-538.0,415.0,-167.0,-390.0,175.0,223.0,-412.0,-171.0,60.0,-1474.0
-526.0,425.0,-195.0,-309.0,174.0,292.0,-530.0,-221.0,110.0,-1459.0
-516.0,420.0,-211.0,-215.0,158.0,315.0,-272.0,-395.0,188.0,-1440.0
-517.0,355.0,-231.0,-141.0,131.0,364.0,-193.0,-473.0,278.0,-1388.0
-506.0,258.0,-251.0,-72.0,99.0,471.0,-435.0,-683.0,375.0,-1347.0
-479.0,147.0,-279.0,-17.0,73.0,379.0,-405.0,-746.0,450.0,-1324.0
-457.0,-41.0,-317.0,36.0,65.0,150.0,-205.0,-800.0,464.0,-1278.0
-427.0,-349.0,-349.0,110.0,81.0,38.0,-338.0,-783.0,429.0,-1243.0
-401.0,-684.0,-396.0,163.0,104.0,105.0,-437.0,-648.0,370.0,-1189.0
-370.0,-917.0,-431.0,221.0,115.0,161.0,-224.0,-517.0,307.0,-1127.0
-341.0,-959.0,-464.0,242.0,97.0,47.0,-272.0,-327.0,222.0,-1049.0
-313.0,-849.0,-531.0,213.0,44.0,43.0,-553.0,-334.0,96.0,-935.0
-287.0,-750.0,-562.0,172.0,-26.0,114.0,-461.0,-293.0,-54.0,-832.0
-242.0,-689.0,-585.0,114.0,-90.0,58.0,-317.0,-360.0,-201.0,-724.0
-187.0,-583.0,-638.0,34.0,-135.0,20.0,-415.0,-397.0,-322.0,-617.0
-139.0,-435.0,-633.0,-55.0,-161.0,39.0,-377.0,-347.0,-416.0,-513.0
-91.0,-292.0,-630.0,-165.0,-167.0,60.0,-250.0,-498.0,-503.0,-423.0
-47.0,-118.0,-626.0,-259.0,-148.0,56.0,-247.0,-369.0,-587.0,-341.0
22.0,121.0,-577.0,-324.0,-114.0,64.0,-360.0,-378.0,-660.0,-270.0
83.0,349.0,-517.0,-387.0,-87.0,114.0,-416.0,-502.0,-704.0,-205.0
139.0,435.0,-431.0,-411.0,-71.0,110.0,-452.0,-521.0,-725.0,-138.0
192.0,335.0,-339.0,-402.0,-58.0,66.0,-594.0,-659.0,-686.0,-89.0
253.0,118.0,-235.0,-366.0,-44.0,139.0,-579.0,-626.0,-597.0,-39.0
310.0,-94.0,-119.0,-301.0,-29.0,252.0,-582.0,-511.0,-508.0,-23.0
351.0,-293.0,-4.0,-238.0,-13.0,204.0,-799.0,-321.0,-417.0,-26.0
385.0,-499.0,106.0,-179.0,5.0,89.0,-657.0,-262.0,-322.0,-12.0
410.0,-618.0,212.0,-130.0,19.0,88.0,-377.0,-269.0,-219.0,0.0
427.0,-617.0,315.0,-69.0,19.0,91.0,-567.0,-273.0,-108.0,7.0
414.0,-579.0,402.0,-24.0,6.0,-1.0,-631.0,-480.0,0.0,31.0
402.0,-535.0,470.0,-6.0,-21.0,-31.0,-433.0,-556.0,93.0,82.0
374.0,-427.0,523.0,40.0,-61.0,54.0,-545.0,-652.0,156.0,130.0
356.0,-318.0,564.0,82.0,-99.0,112.0,-676.0,-642.0,216.0,185.0
324.0,-275.0,555.0,115.0,-113.0,154.0,-517.0,-504.0,250.0,233.0
302.0,-189.0,549.0,158.0,-95.0,204.0,-444.0,-417.0,237.0,300.0
299.0,-35.0,524.0,170.0,-68.0,164.0,-479.0,-293.0,200.0,367.0
295.0,129.0,450.0,159.0,-57.0,68.0,-371.0,-260.0,159.0,419.0
314.0,278.0,389.0,118.0,-78.0,-16.0,-373.0,-184.0,119.0,476.0
315.0,411.0,327.0,53.0,-128.0,8.0,-579.0,-234.0,72.0,505.0
350.0,491.0,254.0,-19.0,-194.0,154.0,-660.0,-253.0,21.0,503.0
375.0,506.0,171.0,-136.0,-261.0,273.0,-668.0,-197.0,-31.0,486.0
409.0,527.0,131.0,-256.0,-311.0,356.0,-738.0,-247.0,-107.0,473.0
425.0,517.0,67.0,-349.0,-338.0,483.0,-627.0,-134.0,-213.0,436.0
437.0,414.0,-13.0,-436.0,-345.0,540.0,-466.0,-147.0,-342.0,394.0
445.0,250.0,-38.0,-480.0,-349.0,442.0,-565.0,-120.0,-455.0,359.0
414.0,129.0,-101.0,-494.0,-354.0,396.0,-581.0,-110.0,-530.0,320.0
418.0,151.0,-126.0,-480.0,-354.0,417.0,-287.0,-184.0,-605.0,277.0
391.0,259.0,-138.0,-429.0,-334.0,350.0,-84.0,-103.0,-686.0,228.0
374.0,360.0,-174.0,-346.0,-284.0,271.0,-182.0,-216.0,-777.0,179.0
339.0,490.0,-176.0,-241.0,-208.0,294.0,-297.0,-234.0,-838.0,118.0
314.0,647.0,-192.0,-155.0,-126.0,335.0,-200.0,-315.0,-847.0,54.0
282.0,721.0,-219.0,-55.0,-47.0,247.0,-194.0,-502.0,-816.0,-10.0
215.0,663.0,-229.0,36.0,21.0,157.0,-427.0,-561.0,-737.0,-65.0
151.0,525.0,-229.0,71.0,79.0,196.0,-464.0,-620.0,-653.0,-121.0
73.0,386.0,-271.0,91.0,134.0,308.0,-318.0,-517.0,-577.0,-165.0
7.0,318.0,-267.0,78.0,183.0,367.0,-158.0,-430.0,-499.0,-198.0
-69.0,349.0,-273.0,34.0,218.0,439.0,-199.0,-288.0,-401.0,-228.0
-129.0,370.0,-315.0,20.0,232.0,546.0,-629.0,-218.0,-274.0,-226.0
-181.0,342.0,-299.0,24.0,229.0,450.0,-669.0,-269.0,-144.0,-235.0
-217.0,302.0,-314.0,20.0,220.0,320.0,-289.0,-277.0,-51.0,-229.0
-264.0,231.0,-305.0,19.0,202.0,290.0,-257.0,-347.0,-12.0,-227.0
-292.0,113.0,-300.0,34.0,178.0,327.0,-428.0,-327.0,18.0,-227.0
-317.0,-89.0,-289.0,52.0,152.0,436.0,-478.0,-360.0,58.0,-221.0
-367.0,-374.0,-268.0,42.0,129.0,507.0,-350.0,-363.0,109.0,-246.0
-396.0,-639.0,-270.0,26.0,105.0,580.0,-224.0,-399.0,141.0,-264.0
-457.0,-769.0,-235.0,15.0,78.0,529.0,-193.0,-500.0,150.0,-309.0
-491.0,-804.0,-238.0,0.0,51.0,347.0,-181.0,-458.0,169.0,-359.0
-539.0,-899.0,-197.0,-13.0,25.0,246.0,-203.0,-559.0,196.0,-389.0
-575.0,-1085.0,-173.0,-27.0,-4.0,227.0,-81.0,-572.0,233.0,-433.0
-611.0,-1261.0,-155.0,-20.0,-42.0,233.0,-81.0,-533.0,251.0,-467.0
-660.0,-1295.0,-101.0,-37.0,-89.0,254.0,-372.0,-569.0,247.0,-505.0
-681.0,-1192.0,-96.0,-79.0,-132.0,345.0,-295.0,-545.0,227.0,-537.0
-742.0,-1066.0,-56.0,-105.0,-159.0,399.0,-4.0,-635.0,203.0,-590.0
-782.0,-948.0,-34.0,-112.0,-171.0,381.0,-49.0,-535.0,181.0,-654.0
-830.0,-806.0,-9.0,-110.0,-173.0,378.0,-108.0,-511.0,171.0,-712.0
-858.0,-621.0,10.0,-96.0,-171.0,328.0,-52.0,-515.0,192.0,-786.0
-886.0,-357.0,23.0,-63.0,-162.0,284.0,-110.0,-463.0,208.0,-845.0
-930.0,-14.0,65.0,-42.0,-143.0,233.0,-182.0,-535.0,205.0,-903.0
-937.0,313.0,64.0,-22.0,-124.0,246.0,32.0,-402.0,176.0,-962.0
-965.0,540.0,96.0,11.0,-103.0,420.0,199.0,-485.0,136.0,-1008.0
-973.0,671.0,126.0,47.0,-70.0,531.0,0.0,-498.0,101.0,-1047.0
-967.0,709.0,127.0,76.0,-25.0,559.0,-8.0,-467.0,64.0,-1090.0
-942.0,648.0,161.0,79.0,24.0,554.0,102.0,-517.0,26.0,-1123.0
-913.0,561.0,165.0,86.0,73.0,519.0,-2.0,-384.0,-28.0,-1141.0
-895.0,504.0,179.0,122.0,104.0,388.0,-28.0,-378.0,-63.0,-1171.0
-857.0,491.0,211.0,145.0,120.0,225.0,66.0,-253.0,-90.0,-1190.0
-807.0,491.0,207.0,145.0,128.0,208.0,87.0,-323.0,-121.0,-1209.0
-751.0,439.0,245.0,163.0,131.0,148.0,-10.0,-399.0,-142.0,-1255.0
-700.0,292.0,267.0,180.0,134.0,105.0,-31.0,-339.0,-195.0,-1289.0
-629.0,66.0,261.0,170.0,125.0,147.0,151.0,-336.0,-249.0,-1307.0
-545.0,-169.0,287.0,134.0,101.0,217.0,172.0,-120.0,-272.0,-1329.0
-452.0,-378.0,262.0,64.0,69.0,275.0,-79.0,-116.0,-289.0,-1325.0
-343.0,-521.0,240.0,-34.0,36.0,148.0,-25.0,-79.0,-299.0,-1305.0
-249.0,-550.0,218.0,-159.0,14.0,20.0,163.0,-86.0,-306.0,-1272.0
-163.0,-439.0,160.0,-269.0,4.0,44.0,40.0,-179.0,-305.0,-1226.0
-77.0,-231.0,109.0,-368.0,9.0,32.0,0.0,-188.0,-274.0,-1176.0
-4.0,-47.0,67.0,-460.0,28.0,-50.0,60.0,-430.0,-234.0,-1101.0
81.0,9.0,13.0,-526.0,55.0,-118.0,-28.0,-439.0,-167.0,-1034.0
142.0,-113.0,-50.0,-560.0,75.0,-127.0,-3.0,-375.0,-62.0,-970.0
176.0,-399.0,-76.0,-553.0,76.0,-70.0,165.0,-325.0,20.0,-903.0
219.0,-736.0,-121.0,-541.0,51.0,-33.0,157.0,-205.0,75.0,-842.0
239.0,-990.0,-156.0,-542.0,11.0,25.0,122.0,-212.0,126.0,-786.0
247.0,-1108.0,-170.0,-549.0,-30.0,39.0,159.0,-131.0,194.0,-745.0
228.0,-1076.0,-206.0,-521.0,-75.0,-31.0,70.0,-92.0,242.0,-673.0
227.0,-932.0,-218.0,-480.0,-116.0,-47.0,41.0,1.0,256.0,-618.0
207.0,-756.0,-245.0,-449.0,-148.0,-26.0,240.0,-88.0,249.0,-578.0
176.0,-577.0,-271.0,-405.0,-174.0,19.0,313.0,-247.0,242.0,-516.0
147.0,-368.0,-273.0,-370.0,-204.0,-23.0,95.0,-253.0,242.0,-448.0
102.0,-103.0,-285.0,-326.0,-241.0,-66.0,-15.0,-410.0,220.0,-376.0
81.0,141.0,-301.0,-266.0,-279.0,-8.0,144.0,-297.0,214.0,-316.0
29.0,293.0,-308.0,-232.0,-304.0,2.0,129.0,-264.0,239.0,-202.0
4.0,318.0,-327.0,-218.0,-308.0,-14.0,-101.0,-341.0,273.0,-74.0
-15.0,219.0,-357.0,-201.0,-295.0,10.0,68.0,-260.0,250.0,37.0
-27.0,73.0,-378.0,-192.0,-279.0,54.0,262.0,-286.0,195.0,172.0
-30.0,-52.0,-414.0,-185.0,-268.0,52.0,98.0,-199.0,180.0,309.0
-15.0,-125.0,-419.0,-169.0,-264.0,77.0,103.0,-186.0,181.0,434.0
24.0,-147.0,-432.0,-159.0,-263.0,15.0,288.0,-153.0,182.0,538.0
53.0,-101.0,-455.0,-132.0,-255.0,-68.0,378.0,-133.0,159.0,632.0
125.0,45.0,-455.0,-85.0,-233.0,-59.0,310.0,-140.0,150.0,718.0
188.0,239.0,-494.0,-50.0,-199.0,-88.0,261.0,-97.0,161.0,779.0
260.0,355.0,-524.0,-27.0,-154.0,9.0,303.0,-164.0,164.0,819.0
321.0,324.0,-548.0,2.0,-107.0,1.0,397.0,-81.0,163.0,878.0
394.0,169.0,-582.0,52.0,-72.0,-122.0,431.0,-127.0,170.0,911.0
448.0,-60.0,-604.0,102.0,-54.0,-66.0,217.0,-77.0,171.0,898.0
469.0,-298.0,-617.0,159.0,-48.0,27.0,90.0,3.0,141.0,905.0
487.0,-488.0,-626.0,228.0,-42.0,112.0,141.0,-62.0,110.0,908.0
463.0,-672.0,-640.0,273.0,-28.0,108.0,238.0,40.0,83.0,888.0
440.0,-888.0,-639.0,288.0,-5.0,43.0,333.0,-83.0,82.0,855.0
378.0,-1096.0,-628.0,286.0,27.0,-15.0,132.0,-218.0,89.0,841.0
316.0,-1210.0,-614.0,269.0,67.0,-87.0,-97.0,-301.0,70.0,833.0
229.0,-1170.0,-587.0,242.0,111.0,-156.0,-15.0,-351.0,33.0,793.0
131.0,-1039.0,-537.0,223.0,155.0,-173.0,137.0,-277.0,12.0,767.0
51.0,-871.0,-487.0,203.0,195.0,-98.0,208.0,-236.0,26.0,739.0
-41.0,-651.0,-447.0,200.0,237.0,-14.0,201.0,-107.0,44.0,695.0
-137.0,-402.0,-400.0,207.0,273.0,76.0,101.0,-153.0,67.0,647.0
-249.0,-248.0,-337.0,196.0,291.0,20.0,104.0,-131.0,83.0,598.0
-344.0,-208.0,-272.0,197.0,287.0,-159.0,236.0,-81.0,85.0,563.0
-434.0,-171.0,-217.0,194.0,272.0,-231.0,245.0,-171.0,78.0,529.0
-521.0,-89.0,-139.0,197.0,261.0,-222.0,121.0,-88.0,78.0,510.0
-623.0,36.0,-81.0,183.0,254.0,-145.0,102.0,-133.0,100.0,505.0
-681.0,199.0,-41.0,151.0,242.0,-137.0,246.0,-99.0,116.0,498.0
-702.0,359.0,0.0,136.0,220.0,-158.0,135.0,-70.0,114.0,478.0
-727.0,464.0,20.0,119.0,190.0,-90.0,15.0,-157.0,78.0,458.0
-715.0,487.0,46.0,76.0,151.0,-146.0,285.0,-182.0,58.0,428.0
-705.0,429.0,72.0,41.0,100.0,-252.0,482.0,-310.0,65.0,372.0
-700.0,338.0,106.0,17.0,62.0,-177.0,534.0,-293.0,62.0,315.0
-700.0,274.0,117.0,-32.0,49.0,-24.0,372.0,-279.0,73.0,248.0
-693.0,248.0,164.0,-89.0,49.0,53.0,147.0,-262.0,100.0,198.0
-693.0,238.0,212.0,-176.0,42.0,14.0,375.0,-295.0,127.0,134.0
-690.0,231.0,232.0,-268.0,15.0,-102.0,580.0,-343.0,131.0,56.0
-676.0,210.0,302.0,-332.0,-22.0,-120.0,405.0,-227.0,149.0,0.0
-669.0,165.0,342.0,-377.0,-63.0,-84.0,103.0,-223.0,186.0,-97.0
-661.0,145.0,387.0,-396.0,-106.0,-206.0,35.0,-72.0,224.0,-190.0
-654.0,223.0,453.0,-425.0,-151.0,-287.0,336.0,12.0,259.0,-284.0
-642.0,406.0,489.0,-440.0,-193.0,-230.0,504.0,-14.0,245.0,-394.0
-622.0,602.0,525.0,-436.0,-229.0,-217.0,354.0,36.0,226.0,-482.0
-583.0,704.0,556.0,-434.0,-262.0,-162.0,173.0,5.0,209.0,-564.0
-545.0,676.0,566.0,-401.0,-286.0,-123.0,212.0,24.0,182.0,-587.0
-497.0,544.0,582.0,-346.0,-291.0,-98.0,384.0,-55.0,169.0,-593.0
-427.0,381.0,595.0,-269.0,-276.0,-53.0,375.0,-29.0,148.0,-617.0
-352.0,265.0,561.0,-161.0,-243.0,-160.0,269.0,-12.0,127.0,-607.0
-275.0,202.0,549.0,-61.0,-201.0,-204.0,181.0,-16.0,105.0,-595.0
-192.0,93.0,502.0,16.0,-159.0,-217.0,190.0,145.0,75.0,-588.0
-120.0,-67.0,424.0,59.0,-126.0,-269.0,293.0,147.0,34.0,-583.0
-58.0,-209.0,388.0,73.0,-101.0,-198.0,146.0,303.0,-20.0,-584.0
-1.0,-332.0,293.0,51.0,-76.0,-229.0,103.0,330.0,-83.0,-593.0
33.0,-442.0,223.0,10.0,-52.0,-359.0,325.0,297.0,-150.0,-644.0
80.0,-512.0,188.0,-7.0,-37.0,-391.0,280.0,397.0,-242.0,-693.0
113.0,-545.0,100.0,-41.0,-31.0,-369.0,55.0,299.0,-349.0,-719.0
138.0,-543.0,82.0,-47.0,-22.0,-328.0,-136.0,367.0,-432.0,-754.0
163.0,-497.0,61.0,-39.0,-8.0,-333.0,3.0,275.0,-490.0,-784.0
166.0,-447.0,23.0,-38.0,3.0,-396.0,268.0,184.0,-536.0,-798.0
177.0,-397.0,52.0,-9.0,6.0,-365.0,149.0,177.0,-600.0,-787.0
168.0,-339.0,55.0,12.0,5.0,-333.0,-119.0,101.0,-663.0,-766.0
148.0,-304.0,74.0,46.0,3.0,-394.0,-126.0,221.0,-692.0,-735.0
120.0,-285.0,118.0,62.0,3.0,-402.0,-14.0,168.0,-695.0,-669.0
105.0,-248.0,159.0,55.0,4.0,-405.0,24.0,216.0,-664.0,-574.0
81.0,-177.0,185.0,63.0,6.0,-462.0,230.0,264.0,-622.0,-484.0
63.0,-50.0,229.0,51.0,7.0,-480.0,193.0,238.0,-584.0,-369.0
48.0,141.0,267.0,30.0,3.0,-444.0,26.0,273.0,-523.0,-233.0
32.0,299.0,257.0,-16.0,-9.0,-467.0,49.0,138.0,-436.0,-117.0
46.0,334.0,284.0,-65.0,-27.0,-628.0,23.0,112.0,-345.0,-3.0
35.0,261.0,263.0,-103.0,-44.0,-796.0,68.0,46.0,-237.0,103.0
64.0,126.0,235.0,-161.0,-61.0,-746.0,28.0,16.0,-125.0,194.0
89.0,-21.0,229.0,-222.0,-75.0,-703.0,-32.0,16.0,-13.0,276.0
119.0,-103.0,193.0,-307.0,-88.0,-811.0,11.0,-12.0,103.0,351.0
161.0,-95.0,163.0,-390.0,-94.0,-813.0,40.0,49.0,181.0,429.0
186.0,-3.0,109.0,-446.0,-94.0,-806.0,-3.0,1.0,243.0,508.0
226.0,229.0,57.0,-481.0,-89.0,-824.0,18.0,-18.0,282.0,591.0
246.0,582.0,-20.0,-481.0,-81.0,-855.0,164.0,-140.0,315.0,665.0
284.0,909.0,-88.0,-444.0,-80.0,-891.0,104.0,-105.0,371.0,733.0
302.0,1043.0,-141.0,-382.0,-87.0,-762.0,-119.0,97.0,399.0,790.0
329.0,915.0,-219.0,-310.0,-101.0,-726.0,-132.0,127.0,410.0,807.0
330.0,587.0,-291.0,-210.0,-113.0,-794.0,-23.0,212.0,416.0,807.0
334.0,215.0,-369.0,-95.0,-108.0,-659.0,24.0,84.0,428.0,785.0
343.0,-106.0,-421.0,12.0,-86.0,-597.0,49.0,46.0,426.0,707.0
325.0,-434.0,-488.0,127.0,-53.0,-688.0,-115.0,149.0,397.0,610.0
319.0,-807.0,-542.0,264.0,-5.0,-701.0,-247.0,197.0,361.0,515.0
297.0,-1147.0,-593.0,393.0,53.0,-699.0,-160.0,408.0,314.0,417.0
288.0,-1349.0,-645.0,487.0,113.0,-656.0,-91.0,463.0,270.0,321.0
252.0,-1401.0,-645.0,554.0,163.0,-665.0,-135.0,554.0,233.0,233.0
231.0,-1283.0,-673.0,593.0,199.0,-653.0,-32.0,526.0,205.0,179.0
179.0,-983.0,-660.0,634.0,225.0,-534.0,100.0,404.0,197.0,139.0
127.0,-641.0,-614.0,675.0,233.0,-592.0,43.0,404.0,197.0,109.0
73.0,-359.0,-609.0,661.0,227.0,-656.0,114.0,314.0,182.0,104.0
-13.0,-89.0,-565.0,601.0,208.0,-572.0,211.0,323.0,181.0,120.0
-92.0,220.0,-502.0,543.0,170.0,-550.0,263.0,245.0,220.0,145.0
-188.0,504.0,-474.0,489.0,113.0,-592.0,140.0,253.0,275.0,160.0
-262.0,692.0,-418.0,423.0,52.0,-621.0,-127.0,360.0,323.0,200.0
-338.0,758.0,-360.0,377.0,16.0,-611.0,-124.0,471.0,329.0,231.0
-397.0,684.0,-332.0,332.0,20.0,-567.0,134.0,613.0,327.0,239.0
-468.0,532.0,-267.0,282.0,58.0,-591.0,320.0,528.0,342.0,275.0
-515.0,389.0,-211.0,245.0,109.0,-571.0,213.0,541.0,368.0,312.0
-543.0,284.0,-169.0,212.0,155.0,-493.0,43.0,526.0,412.0,322.0
-563.0,193.0,-104.0,174.0,189.0,-569.0,-75.0,484.0,440.0,301.0
-554.0,139.0,-42.0,123.0,207.0,-626.0,0.0,502.0,441.0,284.0
-549.0,199.0,5.0,97.0,212.0,-598.0,212.0,399.0,425.0,265.0
-508.0,389.0,59.0,65.0,207.0,-584.0,269.0,321.0,411.0,221.0
-481.0,609.0,114.0,12.0,191.0,-598.0,271.0,140.0,405.0,181.0
-446.0,742.0,165.0,-21.0,163.0,-659.0,219.0,147.0,408.0,154.0
-405.0,795.0,234.0,-38.0,128.0,-626.0,222.0,282.0,427.0,130.0
-381.0,789.0,291.0,-36.0,86.0,-534.0,332.0,382.0,416.0,99.0
-351.0,705.0,344.0,-61.0,36.0,-529.0,296.0,485.0,349.0,61.0
-323.0,560.0,419.0,-100.0,-14.0,-486.0,172.0,373.0,302.0,39.0
-289.0,355.0,468.0,-135.0,-59.0,-435.0,118.0,358.0,271.0,28.0
-245.0,101.0,555.0,-169.0,-101.0,-477.0,46.0,260.0,253.0,31.0
-203.0,-162.0,629.0,-193.0,-146.0,-473.0,-47.0,166.0,239.0,81.0
-160.0,-424.0,668.0,-211.0,-192.0,-461.0,-63.0,232.0,160.0,144.0
-122.0,-690.0,763.0,-267.0,-222.0,-430.0,-26.0,216.0,55.0,200.0
-85.0,-921.0,766.0,-321.0,-235.0,-490.0,-36.0,345.0,-63.0,259.0
-46.0,-1086.0,810.0,-335.0,-235.0,-668.0,-81.0,373.0,-174.0,344.0
-21.0,-1135.0,833.0,-319.0,-228.0,-624.0,-118.0,375.0,-242.0,430.0
19.0,-1029.0,787.0,-253.0,-216.0,-596.0,-148.0,428.0,-299.0,488.0
65.0,-869.0,797.0,-185.0,-200.0,-645.0,-92.0,458.0,-360.0,556.0
123.0,-732.0,727.0,-76.0,-182.0,-590.0,7.0,500.0,-411.0,624.0
169.0,-605.0,688.0,49.0,-167.0,-593.0,-6.0,402.0,-426.0,673.0
232.0,-508.0,602.0,134.0,-158.0,-580.0,-49.0,473.0,-415.0,685.0
300.0,-421.0,494.0,218.0,-156.0,-606.0,-10.0,375.0,-358.0,706.0
334.0,-336.0,439.0,294.0,-149.0,-676.0,-3.0,240.0,-271.0,722.0
377.0,-299.0,308.0,359.0,-130.0,-662.0,19.0,133.0,-192.0,715.0
402.0,-294.0,224.0,408.0,-102.0,-762.0,40.0,-157.0,-140.0,731.0
428.0,-248.0,156.0,416.0,-72.0,-786.0,-91.0,-129.0,-116.0,755.0
435.0,-124.0,44.0,415.0,-52.0,-582.0,-108.0,-140.0,-79.0,777.0
452.0,50.0,-38.0,397.0,-41.0,-536.0,27.0,-27.0,-38.0,764.0
463.0,212.0,-86.0,359.0,-29.0,-582.0,27.0,212.0,-10.0,748.0
459.0,326.0,-144.0,304.0,0.0,-593.0,15.0,327.0,-8.0,723.0
462.0,409.0,-174.0,203.0,46.0,-540.0,-5.0,480.0,-18.0,653.0
456.0,488.0,-178.0,102.0,96.0,-447.0,-97.0,423.0,-35.0,575.0
471.0,594.0,-204.0,4.0,143.0,-553.0,-80.0,321.0,-38.0,484.0
470.0,702.0,-192.0,-69.0,186.0,-557.0,-21.0,181.0,-16.0,385.0
474.0,702.0,-175.0,-106.0,228.0,-456.0,4.0,147.0,-21.0,286.0
465.0,537.0,-170.0,-139.0,255.0,-457.0,52.0,203.0,-53.0,204.0
455.0,304.0,-128.0,-152.0,269.0,-421.0,51.0,234.0,-78.0,146.0
445.0,163.0,-89.0,-161.0,267.0,-467.0,67.0,345.0,-96.0,116.0
408.0,158.0,-80.0,-138.0,240.0,-509.0,149.0,247.0,-121.0,103.0
397.0,236.0,-49.0,-111.0,193.0,-536.0,97.0,214.0,-147.0,115.0
378.0,370.0,-44.0,-99.0,129.0,-555.0,87.0,166.0,-175.0,177.0
372.0,533.0,-79.0,-65.0,64.0,-398.0,194.0,79.0,-175.0,221.0
386.0,657.0,-64.0,-47.0,10.0,-287.0,59.0,129.0,-142.0,279.0
382.0,667.0,-112.0,-67.0,-22.0,-279.0,-54.0,55.0,-121.0,360.0
373.0,542.0,-151.0,-107.0,-39.0,-242.0,61.0,101.0,-86.0,420.0
352.0,331.0,-168.0,-145.0,-51.0,-143.0,49.0,131.0,-34.0,476.0
353.0,152.0,-237.0,-180.0,-63.0,-81.0,34.0,212.0,17.0,523.0
340.0,115.0,-256.0,-199.0,-72.0,-168.0,119.0,345.0,39.0,568.0
328.0,246.0,-298.0,-217.0,-68.0,-236.0,97.0,341.0,39.0,589.0
332.0,492.0,-326.0,-245.0,-53.0,-250.0,164.0,415.0,70.0,596.0
327.0,702.0,-346.0,-259.0,-32.0,-270.0,300.0,339.0,100.0,600.0
332.0,751.0,-385.0,-238.0,-11.0,-241.0,267.0,288.0,100.0,598.0
300.0,652.0,-379.0,-197.0,7.0,-227.0,141.0,188.0,81.0,585.0
284.0,494.0,-415.0,-167.0,27.0,-261.0,52.0,147.0,54.0,548.0
255.0,326.0,-428.0,-162.0,48.0,-342.0,85.0,295.0,46.0,531.0
227.0,176.0,-426.0,-157.0,66.0,-345.0,333.0,282.0,52.0,514.0
227.0,59.0,-432.0,-155.0,78.0,-131.0,515.0,412.0,22.0,479.0
195.0,-25.0,-403.0,-169.0,83.0,-68.0,391.0,482.0,-37.0,461.0
167.0,-97.0,-397.0,-164.0,87.0,-171.0,345.0,526.0,-84.0,452.0
133.0,-167.0,-351.0,-164.0,83.0,-154.0,421.0,519.0,-100.0,435.0
111.0,-207.0,-296.0,-152.0,69.0,-97.0,453.0,336.0,-93.0,418.0
76.0,-200.0,-272.0,-101.0,55.0,-35.0,431.0,325.0,-78.0,415.0
54.0,-172.0,-195.0,-41.0,44.0,-167.0,250.0,310.0,-60.0,407.0
28.0,-174.0,-132.0,16.0,40.0,-193.0,210.0,432.0,-48.0,389.0
5.0,-234.0,-87.0,83.0,34.0,-110.0,384.0,504.0,-23.0,367.0
3.0,-307.0,-4.0,171.0,30.0,-225.0,294.0,570.0,24.0,346.0
-19.0,-328.0,42.0,253.0,42.0,-137.0,107.0,724.0,93.0,323.0
-27.0,-301.0,116.0,324.0,72.0,-93.0,305.0,611.0,188.0,287.0
-44.0,-272.0,169.0,388.0,119.0,-45.0,467.0,626.0,261.0,258.0
-45.0,-247.0,215.0,430.0,163.0,66.0,473.0,607.0,316.0,240.0
-55.0,-217.0,271.0,425.0,191.0,-102.0,539.0,580.0,352.0,214.0
-52.0,-172.0,274.0,405.0,204.0,-22.0,478.0,604.0,376.0,197.0
-40.0,-77.0,315.0,357.0,207.0,113.0,484.0,526.0,432.0,175.0
-44.0,104.0,306.0,275.0,202.0,52.0,592.0,552.0,492.0,162.0
-38.0,325.0,332.0,228.0,200.0,117.0,520.0,454.0,521.0,138.0
-28.0,484.0,371.0,185.0,199.0,9.0,325.0,402.0,514.0,82.0
1.0,500.0,358.0,131.0,197.0,-113.0,288.0,232.0,474.0,56.0
27.0,384.0,389.0,90.0,189.0,-146.0,244.0,73.0,424.0,16.0
61.0,242.0,394.0,97.0,177.0,-162.0,181.0,179.0,395.0,-34.0
84.0,83.0,381.0,155.0,168.0,-72.0,229.0,275.0,344.0,-56.0
111.0,-145.0,396.0,232.0,167.0,-175.0,216.0,500.0,276.0,-73.0
151.0,-398.0,422.0,316.0,172.0,-258.0,364.0,506.0,196.0,-99.0
176.0,-571.0,420.0,387.0,174.0,-231.0,285.0,589.0,100.0,-132.0
205.0,-635.0,439.0,453.0,171.0,-299.0,0.0,641.0,36.0,-139.0
242.0,-624.0,462.0,501.0,158.0,-302.0,127.0,519.0,-37.0,-147.0
274.0,-578.0,461.0,517.0,125.0,-348.0,289.0,606.0,-95.0,-160.0
300.0,-541.0,480.0,519.0,70.0,-379.0,274.0,428.0,-136.0,-150.0
312.0,-477.0,480.0,514.0,-4.0,-340.0,257.0,389.0,-174.0,-125.0
312.0,-344.0,481.0,467.0,-93.0,-406.0,271.0,325.0,-194.0,-102.0
322.0,-166.0,477.0,403.0,-181.0,-350.0,442.0,164.0,-234.0,-91.0
313.0,23.0,469.0,354.0,-250.0,-270.0,798.0,225.0,-221.0,-42.0
296.0,212.0,461.0,290.0,-292.0,-279.0,740.0,142.0,-195.0,13.0
262.0,368.0,442.0,232.0,-309.0,-226.0,400.0,219.0,-183.0,71.0
248.0,473.0,439.0,194.0,-313.0,-189.0,378.0,323.0,-161.0,163.0
233.0,586.0,393.0,156.0,-305.0,-122.0,334.0,413.0,-169.0,254.0
189.0,761.0,367.0,124.0,-281.0,-139.0,331.0,432.0,-164.0,351.0
172.0,966.0,345.0,71.0,-240.0,-180.0,411.0,378.0,-134.0,424.0
144.0,1122.0,256.0,26.0,-193.0,-148.0,367.0,511.0,-109.0,503.0
130.0,1160.0,201.0,31.0,-146.0,-150.0,382.0,400.0,-85.0,575.0
99.0,1077.0,146.0,21.0,-102.0,-118.0,373.0,375.0,-67.0,582.0
71.0,912.0,74.0,9.0,-73.0,-102.0,353.0,371.0,-65.0,577.0
42.0,672.0,16.0,14.0,-57.0,-98.0,616.0,236.0,-60.0,564.0
2.0,353.0,-18.0,30.0,-49.0,-137.0,792.0,280.0,-63.0,525.0
-12.0,-82.0,-77.0,46.0,-45.0,-196.0,564.0,153.0,-99.0,449.0
-55.0,-633.0,-121.0,31.0,-45.0,-187.0,322.0,153.0,-133.0,377.0
-69.0,-1183.0,-150.0,14.0,-48.0,-152.0,383.0,243.0,-196.0,317.0
-89.0,-1602.0,-204.0,9.0,-45.0,-158.0,593.0,192.0,-291.0,261.0
-77.0,-1864.0,-215.0,-18.0,-34.0,-185.0,590.0,134.0,-392.0,221.0
-56.0,-2014.0,-241.0,-47.0,-26.0,-88.0,416.0,83.0,-477.0,205.0
-24.0,-2023.0,-242.0,-85.0,-23.0,-42.0,158.0,99.0,-528.0,238.0
34.0,-1852.0,-226.0,-143.0,-22.0,-133.0,228.0,129.0,-600.0,250.0
91.0,-1527.0,-227.0,-175.0,-14.0,-138.0,384.0,319.0,-693.0,271.0
164.0,-1116.0,-195.0,-191.0,4.0,-85.0,115.0,375.0,-752.0,315.0
214.0,-694.0,-188.0,-193.0,38.0,-29.0,127.0,404.0,-761.0,346.0
291.0,-341.0,-199.0,-192.0,77.0,-12.0,346.0,437.0,-746.0,377.0
333.0,-118.0,-162.0,-194.0,107.0,-17.0,394.0,253.0,-703.0,387.0
398.0,65.0,-137.0,-191.0,120.0,41.0,332.0,251.0,-643.0,413.0
455.0,356.0,-148.0,-202.0,131.0,93.0,353.0,227.0,-556.0,415.0
497.0,723.0,-114.0,-206.0,146.0,127.0,544.0,286.0,-410.0,395.0
530.0,1020.0,-111.0,-219.0,161.0,110.0,427.0,269.0,-237.0,391.0
515.0,1125.0,-98.0,-252.0,182.0,117.0,85.0,205.0,-61.0,391.0
504.0,1030.0,-88.0,-287.0,197.0,158.0,13.0,314.0,104.0,375.0
445.0,819.0,-121.0,-335.0,194.0,189.0,366.0,214.0,279.0,347.0
416.0,535.0,-132.0,-370.0,167.0,254.0,546.0,301.0,468.0,351.0
361.0,232.0,-167.0,-370.0,133.0,175.0,335.0,245.0,647.0,339.0
314.0,22.0,-190.0,-328.0,112.0,153.0,192.0,120.0,772.0,329.0
257.0,-29.0,-208.0,-284.0,106.0,258.0,146.0,210.0,838.0,317.0
201.0,52.0,-238.0,-269.0,103.0,304.0,238.0,127.0,886.0,317.0
159.0,206.0,-250.0,-253.0,78.0,281.0,250.0,251.0,901.0,328.0
78.0,361.0,-263.0,-231.0,29.0,165.0,145.0,229.0,915.0,303.0
27.0,462.0,-268.0,-197.0,-27.0,208.0,171.0,184.0,919.0,306.0
-52.0,493.0,-256.0,-148.0,-72.0,273.0,230.0,334.0,872.0,282.0
-104.0,422.0,-218.0,-111.0,-88.0,246.0,290.0,273.0,805.0,226.0
-160.0,201.0,-162.0,-77.0,-72.0,244.0,352.0,290.0,707.0,164.0
-200.0,-98.0,-104.0,-27.0,-35.0,189.0,330.0,284.0,598.0,105.0
-235.0,-305.0,-43.0,15.0,8.0,204.0,238.0,325.0,498.0,59.0
-261.0,-319.0,20.0,49.0,59.0,187.0,77.0,356.0,405.0,-11.0
-265.0,-166.0,81.0,58.0,103.0,185.0,-104.0,288.0,304.0,-40.0
-276.0,53.0,141.0,20.0,129.0,256.0,48.0,229.0,172.0,-58.0
-257.0,234.0,222.0,-15.0,131.0,287.0,269.0,184.0,46.0,-68.0
-251.0,338.0,282.0,-79.0,115.0,275.0,218.0,208.0,-42.0,-62.0
-204.0,396.0,333.0,-164.0,96.0,175.0,121.0,86.0,-80.0,-44.0
-185.0,428.0,393.0,-217.0,80.0,162.0,-3.0,101.0,-54.0,-13.0
-138.0,425.0,438.0,-242.0,69.0,137.0,-26.0,83.0,-30.0,-18.0
-98.0,332.0,479.0,-245.0,64.0,149.0,3.0,36.0,-20.0,-1.0
-57.0,118.0,525.0,-229.0,62.0,240.0,92.0,208.0,-8.0,20.0
-5.0,-121.0,573.0,-194.0,57.0,242.0,183.0,251.0,19.0,14.0
35.0,-260.0,600.0,-124.0,49.0,225.0,-48.0,347.0,109.0,-3.0
118.0,-252.0,647.0,-28.0,40.0,174.0,-146.0,269.0,229.0,-17.0
159.0,-121.0,682.0,71.0,35.0,237.0,-2.0,88.0,338.0,-22.0
225.0,53.0,682.0,174.0,29.0,250.0,107.0,79.0,425.0,-31.0
269.0,161.0,740.0,290.0,18.0,93.0,286.0,11.0,484.0,-25.0
321.0,181.0,756.0,425.0,0.0,14.0,225.0,11.0,544.0,0.0
361.0,231.0,754.0,530.0,-14.0,44.0,96.0,59.0,609.0,29.0
407.0,396.0,796.0,605.0,-13.0,149.0,157.0,125.0,650.0,44.0
447.0,592.0,765.0,639.0,13.0,189.0,211.0,123.0,660.0,47.0
483.0,766.0,751.0,611.0,50.0,191.0,355.0,123.0,622.0,64.0
536.0,959.0,742.0,573.0,75.0,156.0,391.0,147.0,548.0,72.0
552.0,1152.0,700.0,522.0,79.0,39.0,345.0,125.0,469.0,79.0
590.0,1258.0,662.0,446.0,66.0,78.0,241.0,236.0,370.0,104.0
568.0,1178.0,609.0,353.0,50.0,207.0,89.0,218.0,276.0,144.0
573.0,962.0,547.0,279.0,31.0,295.0,41.0,373.0,162.0,174.0
548.0,782.0,473.0,198.0,9.0,250.0,37.0,594.0,1.0,181.0
521.0,687.0,403.0,124.0,-7.0,125.0,124.0,593.0,-163.0,197.0
498.0,590.0,305.0,92.0,-12.0,154.0,41.0,639.0,-322.0,195.0
440.0,434.0,228.0,43.0,-3.0,150.0,30.0,445.0,-465.0,172.0
402.0,213.0,137.0,8.0,0.0,112.0,174.0,253.0,-581.0,144.0
333.0,-93.0,29.0,2.0,-5.0,104.0,169.0,77.0,-638.0,124.0
295.0,-416.0,-67.0,-15.0,-23.0,125.0,267.0,-20.0,-653.0,118.0
228.0,-658.0,-193.0,-22.0,-51.0,150.0,294.0,99.0,-674.0,95.0
179.0,-785.0,-293.0,-24.0,-84.0,217.0,148.0,133.0,-688.0,122.0
111.0,-792.0,-415.0,-9.0,-120.0,404.0,113.0,258.0,-664.0,180.0
47.0,-707.0,-523.0,24.0,-153.0,491.0,168.0,184.0,-602.0,239.0
-3.0,-600.0,-588.0,51.0,-183.0,485.0,166.0,116.0,-526.0,330.0
-74.0,-549.0,-669.0,88.0,-215.0,461.0,168.0,140.0,-459.0,425.0
-138.0,-485.0,-714.0,107.0,-254.0,520.0,197.0,46.0,-403.0,527.0
-209.0,-348.0,-743.0,119.0,-298.0,460.0,166.0,201.0,-347.0,623.0
-244.0,-186.0,-750.0,142.0,-331.0,285.0,102.0,267.0,-284.0,699.0
-289.0,-53.0,-740.0,148.0,-335.0,335.0,60.0,284.0,-222.0,750.0
-307.0,24.0,-701.0,166.0,-299.0,456.0,90.0,363.0,-181.0,766.0
-322.0,40.0,-647.0,197.0,-241.0,502.0,233.0,458.0,-139.0,743.0
-298.0,-29.0,-597.0,240.0,-191.0,492.0,288.0,548.0,-86.0,684.0
-268.0,-172.0,-516.0,295.0,-151.0,555.0,162.0,539.0,-47.0,591.0
-237.0,-356.0,-449.0,330.0,-107.0,596.0,115.0,565.0,-26.0,475.0
-189.0,-613.0,-361.0,351.0,-57.0,513.0,129.0,454.0,-26.0,349.0
-143.0,-937.0,-264.0,366.0,-9.0,422.0,284.0,487.0,-19.0,222.0
-71.0,-1207.0,-174.0,331.0,24.0,481.0,459.0,524.0,-14.0,116.0
-25.0,-1323.0,-104.0,264.0,43.0,554.0,416.0,504.0,-19.0,13.0
32.0,-1257.0,-45.0,235.0,50.0,461.0,448.0,667.0,-1.0,-68.0
75.0,-1062.0,16.0,193.0,59.0,478.0,451.0,561.0,39.0,-120.0
112.0,-793.0,32.0,133.0,89.0,592.0,271.0,491.0,102.0,-178.0
133.0,-419.0,89.0,91.0,136.0,627.0,125.0,432.0,160.0,-234.0
151.0,26.0,115.0,62.0,179.0,534.0,41.0,267.0,223.0,-277.0
155.0,391.0,98.0,48.0,199.0,480.0,71.0,96.0,319.0,-294.0
158.0,560.0,121.0,35.0,194.0,497.0,130.0,-199.0,420.0,-336.0
154.0,533.0,114.0,32.0,183.0,425.0,-57.0,-245.0,495.0,-378.0
122.0,384.0,97.0,33.0,176.0,438.0,-127.0,-164.0,519.0,-378.0
120.0,198.0,99.0,30.0,174.0,508.0,136.0,27.0,508.0,-394.0
92.0,11.0,79.0,45.0,173.0,520.0,139.0,199.0,490.0,-420.0
97.0,-183.0,57.0,84.0,171.0,409.0,66.0,299.0,466.0,-429.0
83.0,-333.0,49.0,112.0,169.0,306.0,248.0,408.0,420.0,-416.0
70.0,-375.0,7.0,136.0,168.0,376.0,191.0,279.0,339.0,-408.0
72.0,-326.0,5.0,159.0,165.0,404.0,142.0,201.0,230.0,-407.0
55.0,-256.0,16.0,174.0,154.0,390.0,381.0,60.0,116.0,-382.0
54.0,-184.0,-10.0,158.0,129.0,423.0,285.0,48.0,20.0,-367.0
25.0,-60.0,19.0,96.0,91.0,463.0,67.0,90.0,-52.0,-353.0
18.0,82.0,40.0,25.0,58.0,427.0,48.0,-33.0,-111.0,-314.0
0.0,164.0,55.0,-59.0,35.0,360.0,-138.0,48.0,-176.0,-253.0
-1.0,163.0,92.0,-134.0,28.0,346.0,-65.0,72.0,-261.0,-185.0
13.0,111.0,126.0,-210.0,39.0,305.0,128.0,181.0,-365.0,-118.0
30.0,133.0,174.0,-300.0,57.0,269.0,9.0,221.0,-456.0,-45.0
40.0,328.0,185.0,-394.0,71.0,302.0,-72.0,110.0,-518.0,14.0
41.0,626.0,215.0,-497.0,68.0,381.0,-121.0,14.0,-573.0,45.0
67.0,867.0,239.0,-553.0,44.0,404.0,7.0,-144.0,-636.0,43.0
78.0,980.0,215.0,-568.0,0.0,401.0,160.0,-11.0,-707.0,54.0
95.0,998.0,232.0,-573.0,-48.0,484.0,39.0,-20.0,-746.0,56.0
106.0,952.0,221.0,-560.0,-78.0,532.0,-29.0,-57.0,-741.0,18.0
129.0,855.0,175.0,-529.0,-78.0,473.0,89.0,-18.0,-693.0,-5.0
162.0,715.0,151.0,-470.0,-53.0,391.0,90.0,-83.0,-594.0,-26.0
189.0,494.0,98.0,-397.0,-19.0,375.0,112.0,-49.0,-494.0,-47.0
213.0,147.0,37.0,-328.0,22.0,349.0,176.0,-221.0,-421.0,-63.0
224.0,-236.0,-19.0,-249.0,69.0,202.0,-26.0,-153.0,-322.0,-53.0
227.0,-520.0,-76.0,-153.0,107.0,91.0,-57.0,-57.0,-178.0,-28.0
216.0,-651.0,-134.0,-78.0,117.0,144.0,-83.0,-66.0,-19.0,-18.0
219.0,-597.0,-184.0,-31.0,95.0,254.0,-231.0,84.0,137.0,3.0
208.0,-359.0,-230.0,17.0,58.0,302.0,-79.0,-25.0,289.0,15.0
180.0,-61.0,-283.0,55.0,20.0,381.0,26.0,62.0,465.0,3.0
147.0,196.0,-308.0,90.0,-8.0,407.0,-70.0,120.0,630.0,-51.0
109.0,445.0,-318.0,105.0,-24.0,325.0,-236.0,96.0,731.0,-113.0
73.0,681.0,-311.0,83.0,-32.0,277.0,-218.0,227.0,815.0,-187.0
30.0,830.0,-295.0,60.0,-36.0,232.0,-32.0,175.0,902.0,-291.0
-14.0,827.0,-274.0,20.0,-34.0,276.0,-21.0,182.0,968.0,-377.0
-63.0,675.0,-231.0,-19.0,-14.0,262.0,-121.0,35.0,992.0,-431.0
-91.0,459.0,-218.0,-58.0,15.0,229.0,-206.0,-53.0,963.0,-446.0
-117.0,287.0,-201.0,-91.0,41.0,330.0,-110.0,-97.0,933.0,-458.0
-141.0,188.0,-166.0,-93.0,49.0,363.0,-2.0,-240.0,916.0,-437.0
-175.0,102.0,-159.0,-74.0,46.0,379.0,-14.0,-144.0,870.0,-376.0
-203.0,-10.0,-136.0,-17.0,45.0,392.0,-54.0,-206.0,778.0,-325.0
-231.0,-162.0,-105.0,48.0,39.0,461.0,-51.0,-190.0,639.0,-269.0
-264.0,-296.0,-106.0,114.0,18.0,569.0,40.0,-105.0,490.0,-197.0
-275.0,-295.0,-83.0,175.0,-15.0,565.0,7.0,-12.0,394.0,-114.0
-313.0,-121.0,-73.0,221.0,-53.0,484.0,-30.0,173.0,315.0,-46.0
-334.0,83.0,-90.0,293.0,-87.0,354.0,-65.0,140.0,181.0,10.0
-350.0,222.0,-70.0,369.0,-114.0,311.0,65.0,77.0,46.0,69.0
-365.0,348.0,-79.0,437.0,-127.0,385.0,143.0,-66.0,-64.0,123.0
-370.0,479.0,-96.0,482.0,-123.0,426.0,-120.0,-79.0,-177.0,175.0
-366.0,588.0,-71.0,478.0,-105.0,438.0,-93.0,-92.0,-295.0,241.0
-365.0,631.0,-75.0,455.0,-77.0,433.0,26.0,-147.0,-400.0,327.0
-367.0,585.0,-81.0,428.0,-56.0,468.0,65.0,-88.0,-474.0,414.0
-350.0,492.0,-59.0,402.0,-48.0,530.0,146.0,-151.0,-557.0,478.0
-375.0,367.0,-49.0,375.0,-48.0,509.0,96.0,-90.0,-653.0,543.0
-375.0,200.0,-41.0,338.0,-54.0,419.0,-20.0,-169.0,-726.0,606.0
-372.0,98.0,-9.0,282.0,-53.0,363.0,32.0,-179.0,-754.0,626.0
-368.0,132.0,32.0,209.0,-42.0,407.0,267.0,-68.0,-762.0,621.0
-362.0,199.0,67.0,148.0,-32.0,379.0,92.0,-48.0,-779.0,606.0
-351.0,240.0,115.0,93.0,-32.0,266.0,-141.0,92.0,-803.0,568.0
-334.0,233.0,162.0,38.0,-40.0,231.0,-81.0,72.0,-812.0,483.0
-356.0,132.0,210.0,3.0,-44.0,308.0,-43.0,127.0,-784.0,390.0
-355.0,-57.0,248.0,-13.0,-34.0,429.0,-70.0,46.0,-731.0,320.0
-367.0,-238.0,264.0,-12.0,-6.0,508.0,-170.0,-72.0,-686.0,226.0
-364.0,-319.0,295.0,-6.0,34.0,550.0,-62.0,11.0,-659.0,144.0
-376.0,-284.0,298.0,-26.0,73.0,491.0,116.0,-57.0,-604.0,98.0
-385.0,-114.0,294.0,-32.0,99.0,354.0,114.0,-11.0,-504.0,75.0
-378.0,203.0,297.0,-38.0,111.0,272.0,-147.0,-68.0,-401.0,82.0
-359.0,611.0,276.0,-29.0,112.0,296.0,-366.0,-20.0,-306.0,112.0
-324.0,968.0,272.0,20.0,107.0,310.0,-104.0,125.0,-219.0,169.0
-300.0,1195.0,238.0,77.0,103.0,271.0,31.0,72.0,-121.0,233.0
-237.0,1299.0,203.0,124.0,103.0,246.0,-157.0,182.0,-17.0,291.0
-183.0,1281.0,179.0,125.0,105.0,276.0,-247.0,147.0,44.0,340.0
-117.0,1124.0,131.0,115.0,106.0,380.0,-128.0,125.0,70.0,385.0
-63.0,828.0,87.0,74.0,103.0,369.0,-3.0,155.0,109.0,392.0
7.0,436.0,24.0,0.0,92.0,346.0,-124.0,88.0,142.0,362.0
74.0,35.0,-15.0,-68.0,75.0,340.0,-225.0,136.0,165.0,334.0
114.0,-280.0,-77.0,-164.0,58.0,304.0,-226.0,103.0,177.0,261.0
179.0,-539.0,-150.0,-294.0,49.0,410.0,-175.0,72.0,166.0,141.0
217.0,-872.0,-176.0,-426.0,51.0,406.0,-141.0,-81.0,170.0,-1.0
251.0,-1289.0,-246.0,-533.0,50.0,236.0,-303.0,-96.0,206.0,-159.0
253.0,-1645.0,-324.0,-600.0,36.0,171.0,-285.0,-31.0,277.0,-312.0
259.0,-1828.0,-349.0,-651.0,16.0,227.0,-45.0,-73.0,334.0,-467.0
240.0,-1847.0,-399.0,-674.0,-1.0,279.0,-45.0,120.0,365.0,-600.0
202.0,-1775.0,-441.0,-633.0,-12.0,250.0,-342.0,201.0,381.0,-673.0
165.0,-1704.0,-427.0,-552.0,-5.0,250.0,-484.0,345.0,359.0,-710.0
117.0,-1665.0,-449.0,-447.0,15.0,340.0,-275.0,434.0,333.0,-718.0
92.0,-1666.0,-443.0,-304.0,35.0,348.0,-20.0,402.0,333.0,-670.0
38.0,-1658.0,-408.0,-180.0,49.0,233.0,171.0,437.0,366.0,-590.0
11.0,-1500.0,-378.0,-73.0,66.0,150.0,105.0,306.0,382.0,-492.0
-6.0,-1108.0,-345.0,50.0,80.0,158.0,73.0,194.0,334.0,-389.0
-19.0,-549.0,-309.0,141.0,85.0,189.0,290.0,-92.0,271.0,-277.0
-33.0,-15.0,-235.0,183.0,77.0,83.0,356.0,-225.0,243.0,-160.0
-44.0,332.0,-231.0,183.0,65.0,-4.0,233.0,-210.0,213.0,-63.0
-31.0,471.0,-173.0,173.0,64.0,68.0,-88.0,-266.0,155.0,40.0
-20.0,479.0,-121.0,155.0,72.0,78.0,-127.0,-192.0,112.0,155.0
0.0,448.0,-99.0,138.0,77.0,52.0,29.0,-190.0,74.0,263.0
15.0,396.0,-38.0,146.0,68.0,56.0,-6.0,24.0,41.0,365.0
56.0,288.0,-36.0,151.0,44.0,35.0,45.0,219.0,6.0,470.0
70.0,135.0,20.0,167.0,11.0,76.0,-63.0,304.0,-27.0,562.0
91.0,63.0,8.0,193.0,-11.0,158.0,-79.0,432.0,-37.0,613.0
108.0,115.0,21.0,221.0,-26.0,117.0,-28.0,456.0,-12.0,617.0
107.0,224.0,46.0,268.0,-42.0,54.0,-266.0,563.0,24.0,582.0
141.0,394.0,10.0,326.0,-58.0,75.0,-210.0,500.0,6.0,509.0
157.0,615.0,74.0,374.0,-71.0,119.0,-40.0,356.0,-68.0,404.0
179.0,834.0,71.0,373.0,-82.0,181.0,-78.0,277.0,-100.0,271.0
194.0,1017.0,70.0,368.0,-97.0,116.0,6.0,280.0,-52.0,130.0
222.0,1109.0,117.0,373.0,-123.0,37.0,77.0,206.0,-27.0,-5.0
241.0,1054.0,99.0,339.0,-156.0,-7.0,2.0,-168.0,-60.0,-147.0
254.0,869.0,111.0,300.0,-185.0,-49.0,84.0,-258.0,-114.0,-276.0
257.0,674.0,130.0,249.0,-204.0,-8.0,269.0,-199.0,-152.0,-384.0
255.0,576.0,101.0,176.0,-210.0,-32.0,66.0,-164.0,-143.0,-480.0
260.0,565.0,120.0,104.0,-198.0,-78.0,-207.0,-153.0,-124.0,-560.0
250.0,591.0,115.0,35.0,-173.0,-160.0,-82.0,-166.0,-104.0,-595.0
267.0,618.0,62.0,-36.0,-133.0,-187.0,83.0,99.0,-119.0,-601.0
276.0,617.0,58.0,-117.0,-79.0,-84.0,52.0,138.0,-174.0,-622.0
297.0,535.0,40.0,-181.0,-21.0,-26.0,-15.0,33.0,-201.0,-625.0
302.0,323.0,-8.0,-228.0,26.0,-19.0,32.0,-33.0,-237.0,-624.0
305.0,37.0,-55.0,-267.0,60.0,-75.0,56.0,-145.0,-292.0,-644.0
286.0,-224.0,-75.0,-311.0,81.0,-136.0,1.0,-205.0,-314.0,-671.0
242.0,-449.0,-133.0,-346.0,86.0,-136.0,116.0,-367.0,-331.0,-670.0
200.0,-683.0,-165.0,-367.0,83.0,-57.0,264.0,-269.0,-346.0,-639.0
137.0,-912.0,-159.0,-382.0,75.0,-73.0,225.0,-153.0,-332.0,-626.0
89.0,-1104.0,-206.0,-356.0,71.0,-150.0,229.0,-142.0,-298.0,-594.0
15.0,-1254.0,-221.0,-307.0,77.0,-125.0,286.0,-138.0,-264.0,-520.0
-36.0,-1335.0,-253.0,-248.0,89.0,-121.0,257.0,-145.0,-226.0,-441.0
-106.0,-1312.0,-298.0,-201.0,102.0,-109.0,285.0,38.0,-169.0,-379.0
-178.0,-1166.0,-304.0,-167.0,99.0,-119.0,428.0,-11.0,-95.0,-320.0
-270.0,-888.0,-337.0,-141.0,81.0,-121.0,341.0,-14.0,-31.0,-251.0
-368.0,-562.0,-357.0,-119.0,57.0,-107.0,29.0,25.0,-4.0,-208.0
-456.0,-309.0,-356.0,-63.0,26.0,-165.0,-4.0,3.0,0.0,-171.0
-546.0,-128.0,-359.0,0.0,-8.0,-181.0,79.0,38.0,23.0,-120.0
-595.0,35.0,-366.0,68.0,-44.0,-146.0,179.0,-86.0,38.0,-75.0
-661.0,195.0,-353.0,132.0,-81.0,-153.0,243.0,-49.0,25.0,-29.0
-693.0,368.0,-348.0,176.0,-118.0,-160.0,17.0,-182.0,3.0,13.0
-736.0,541.0,-349.0,210.0,-157.0,-133.0,-107.0,-314.0,-46.0,65.0
-754.0,608.0,-313.0,233.0,-203.0,-176.0,101.0,-293.0,-90.0,114.0
-755.0,555.0,-284.0,242.0,-256.0,-265.0,378.0,-408.0,-118.0,147.0
-745.0,484.0,-254.0,228.0,-301.0,-251.0,262.0,-375.0,-146.0,199.0
-710.0,434.0,-217.0,183.0,-324.0,-166.0,23.0,-369.0,-181.0,243.0
-656.0,417.0,-179.0,133.0,-320.0,-180.0,68.0,-277.0,-210.0,279.0
-573.0,428.0,-175.0,114.0,-301.0,-207.0,129.0,-282.0,-229.0,317.0
-509.0,395.0,-170.0,87.0,-272.0,-122.0,105.0,-328.0,-275.0,370.0
-410.0,325.0,-171.0,41.0,-229.0,-32.0,10.0,-190.0,-322.0,433.0
-349.0,332.0,-202.0,-6.0,-166.0,-102.0,58.0,-223.0,-328.0,463.0
-275.0,421.0,-203.0,-71.0,-82.0,-256.0,-1.0,-230.0,-295.0,504.0
-213.0,512.0,-235.0,-152.0,7.0,-233.0,-183.0,-199.0,-216.0,545.0
-147.0,589.0,-264.0,-204.0,86.0,-125.0,-79.0,-90.0,-121.0,557.0
-75.0,642.0,-279.0,-228.0,145.0,-39.0,122.0,-11.0,-27.0,541.0
-28.0,666.0,-301.0,-276.0,177.0,4.0,245.0,40.0,61.0,506.0
35.0,690.0,-326.0,-321.0,180.0,-52.0,182.0,166.0,144.0,461.0
77.0,683.0,-347.0,-341.0,163.0,-108.0,35.0,12.0,234.0,382.0
132.0,606.0,-331.0,-329.0,146.0,-136.0,1.0,-177.0,316.0,296.0
136.0,491.0,-332.0,-290.0,139.0,-92.0,250.0,-380.0,371.0,228.0
157.0,364.0,-296.0,-225.0,137.0,-47.0,320.0,-419.0,413.0,163.0
159.0,276.0,-256.0,-128.0,139.0,-27.0,66.0,-299.0,447.0,98.0
158.0,250.0,-219.0,-59.0,146.0,6.0,134.0,-382.0,457.0,73.0
156.0,228.0,-153.0,-26.0,156.0,-8.0,137.0,-325.0,443.0,80.0
136.0,142.0,-104.0,8.0,158.0,-49.0,-34.0,-351.0,405.0,97.0
150.0,-16.0,-26.0,28.0,143.0,-79.0,-23.0,-371.0,350.0,139.0
137.0,-210.0,35.0,25.0,107.0,-37.0,40.0,-279.0,281.0,215.0
160.0,-411.0,107.0,21.0,62.0,-21.0,28.0,-295.0,221.0,302.0
160.0,-577.0,182.0,13.0,28.0,-158.0,-26.0,-221.0,178.0,362.0
173.0,-700.0,246.0,-15.0,17.0,-289.0,31.0,-262.0,140.0,422.0
161.0,-801.0,302.0,-41.0,19.0,-239.0,104.0,-221.0,106.0,471.0
161.0,-857.0,322.0,-68.0,21.0,-145.0,169.0,-225.0,60.0,478.0
171.0,-860.0,365.0,-114.0,16.0,-170.0,115.0,-218.0,32.0,442.0
168.0,-870.0,367.0,-167.0,12.0,-225.0,-79.0,-142.0,44.0,369.0
192.0,-927.0,347.0,-192.0,9.0,-219.0,-190.0,-327.0,79.0,300.0
172.0,-986.0,339.0,-188.0,8.0,-157.0,-126.0,-256.0,118.0,202.0
199.0,-980.0,291.0,-188.0,19.0,-174.0,-109.0,-256.0,152.0,60.0
196.0,-847.0,255.0,-176.0,39.0,-189.0,-264.0,-375.0,194.0,-59.0
202.0,-628.0,223.0,-123.0,54.0,-143.0,-1.0,-519.0,231.0,-163.0
199.0,-434.0,193.0,-53.0,61.0,-210.0,312.0,-716.0,268.0,-256.0
184.0,-260.0,174.0,0.0,60.0,-264.0,106.0,-497.0,281.0,-311.0
176.0,-83.0,135.0,39.0,56.0,-239.0,-138.0,-327.0,238.0,-318.0
152.0,57.0,102.0,84.0,55.0,-200.0,-238.0,-286.0,167.0,-303.0
147.0,153.0,71.0,107.0,55.0,-196.0,-183.0,-352.0,105.0,-295.0
122.0,216.0,21.0,116.0,55.0,-235.0,-201.0,-412.0,41.0,-265.0
139.0,242.0,-28.0,134.0,54.0,-185.0,-173.0,-419.0,-23.0,-220.0
117.0,209.0,-80.0,137.0,51.0,-131.0,-28.0,-559.0,-91.0,-198.0
117.0,111.0,-137.0,107.0,43.0,-159.0,-213.0,-437.0,-176.0,-188.0
117.0,54.0,-197.0,76.0,24.0,-217.0,-349.0,-236.0,-249.0,-169.0
107.0,139.0,-263.0,70.0,-7.0,-252.0,-277.0,24.0,-326.0,-176.0
119.0,298.0,-301.0,45.0,-46.0,-274.0,-278.0,1.0,-402.0,-228.0
109.0,404.0,-348.0,31.0,-76.0,-356.0,-260.0,-254.0,-456.0,-288.0
125.0,438.0,-403.0,38.0,-88.0,-369.0,-126.0,-206.0,-491.0,-344.0
116.0,439.0,-429.0,21.0,-83.0,-296.0,-135.0,-253.0,-499.0,-410.0
123.0,457.0,-459.0,9.0,-69.0,-264.0,-280.0,-319.0,-494.0,-474.0
108.0,528.0,-494.0,8.0,-59.0,-283.0,-6.0,-452.0,-452.0,-506.0
119.0,623.0,-501.0,16.0,-61.0,-257.0,260.0,-450.0,-388.0,-513.0
115.0,724.0,-493.0,21.0,-73.0,-187.0,122.0,-279.0,-304.0,-529.0
93.0,799.0,-488.0,1.0,-88.0,-224.0,-107.0,-367.0,-201.0,-553.0
93.0,788.0,-461.0,-33.0,-103.0,-270.0,-49.0,-393.0,-122.0,-541.0
68.0,693.0,-430.0,-61.0,-114.0,-263.0,169.0,-391.0,-49.0,-523.0
54.0,548.0,-418.0,-74.0,-116.0,-292.0,10.0,-306.0,42.0,-532.0
10.0,317.0,-376.0,-73.0,-114.0,-331.0,-20.0,-236.0,153.0,-503.0
-5.0,-8.0,-340.0,-48.0,-110.0,-334.0,26.0,-267.0,260.0,-436.0
-37.0,-316.0,-327.0,-21.0,-103.0,-300.0,-24.0,-186.0,306.0,-378.0
-61.0,-493.0,-262.0,-5.0,-94.0,-323.0,149.0,-166.0,301.0,-326.0
-75.0,-506.0,-236.0,-4.0,-88.0,-420.0,124.0,-120.0,318.0,-258.0
-117.0,-387.0,-219.0,-13.0,-99.0,-386.0,-117.0,-206.0,342.0,-220.0
-159.0,-214.0,-169.0,-31.0,-126.0,-244.0,-226.0,-249.0,339.0,-244.0
-214.0,-60.0,-164.0,-65.0,-158.0,-184.0,-285.0,-184.0,300.0,-284.0
-268.0,16.0,-137.0,-87.0,-177.0,-104.0,-444.0,-267.0,236.0,-303.0
-324.0,-54.0,-128.0,-113.0,-180.0,-12.0,-435.0,-249.0,180.0,-328.0
-352.0,-283.0,-128.0,-155.0,-169.0,-79.0,-123.0,-262.0,112.0,-376.0
-376.0,-545.0,-90.0,-207.0,-148.0,-234.0,158.0,-249.0,40.0,-398.0
-413.0,-693.0,-80.0,-254.0,-129.0,-333.0,113.0,-362.0,-55.0,-414.0
-444.0,-710.0,-59.0,-261.0,-122.0,-279.0,-76.0,-412.0,-154.0,-471.0
-446.0,-641.0,-27.0,-241.0,-124.0,-198.0,-210.0,-282.0,-215.0,-518.0
-459.0,-487.0,-5.0,-217.0,-133.0,-259.0,-380.0,-391.0,-262.0,-534.0
-449.0,-350.0,17.0,-198.0,-144.0,-232.0,-347.0,-260.0,-316.0,-550.0
-424.0,-349.0,39.0,-149.0,-155.0,-95.0,-29.0,-197.0,-386.0,-576.0
-391.0,-441.0,92.0,-89.0,-171.0,-51.0,105.0,-142.0,-440.0,-617.0
-328.0,-545.0,129.0,-27.0,-187.0,-66.0,9.0,-44.0,-506.0,-644.0
-275.0,-580.0,163.0,61.0,-190.0,-41.0,20.0,-171.0,-592.0,-695.0
-207.0,-499.0,218.0,117.0,-176.0,-43.0,-102.0,-53.0,-668.0,-782.0
-160.0,-383.0,252.0,153.0,-160.0,-180.0,-368.0,-195.0,-710.0,-816.0
-100.0,-300.0,287.0,169.0,-155.0,-283.0,-375.0,-271.0,-729.0,-827.0
-64.0,-216.0,296.0,157.0,-163.0,-254.0,-234.0,-223.0,-752.0,-849.0
-25.0,-82.0,306.0,145.0,-174.0,-237.0,-129.0,-443.0,-721.0,-842.0
3.0,95.0,320.0,104.0,-170.0,-272.0,-12.0,-567.0,-666.0,-776.0
17.0,267.0,297.0,49.0,-147.0,-223.0,13.0,-705.0,-572.0,-677.0
49.0,351.0,283.0,-9.0,-120.0,-82.0,-96.0,-574.0,-448.0,-600.0
68.0,303.0,270.0,-65.0,-94.0,-27.0,-107.0,-430.0,-353.0,-484.0
96.0,156.0,231.0,-109.0,-76.0,-73.0,-157.0,-332.0,-263.0,-313.0
99.0,-54.0,212.0,-139.0,-72.0,-66.0,-225.0,-179.0,-205.0,-160.0
128.0,-245.0,189.0,-142.0,-73.0,-19.0,-245.0,-194.0,-121.0,-24.0
129.0,-344.0,159.0,-139.0,-69.0,-44.0,-204.0,-142.0,-9.0,122.0
106.0,-322.0,146.0,-108.0,-47.0,-83.0,54.0,-223.0,88.0,276.0
91.0,-149.0,119.0,-53.0,-1.0,-75.0,32.0,-190.0,180.0,389.0
92.0,111.0,102.0,-34.0,53.0,-35.0,-142.0,-190.0,239.0,482.0
89.0,285.0,94.0,-15.0,98.0,-32.0,-93.0,-412.0,316.0,595.0
87.0,272.0,90.0,16.0,132.0,-3.0,-43.0,-421.0,410.0,683.0
106.0,215.0,79.0,45.0,167.0,37.0,-140.0,-443.0,498.0,738.0
91.0,299.0,75.0,87.0,204.0,-31.0,-342.0,-430.0,587.0,778.0
104.0,524.0,77.0,119.0,238.0,101.0,-342.0,-493.0,669.0,793.0
81.0,785.0,52.0,98.0,271.0,392.0,-243.0,-679.0,755.0,768.0
59.0,964.0,47.0,55.0,295.0,430.0,-267.0,-774.0,817.0,704.0
43.0,981.0,42.0,-2.0,308.0,236.0,-297.0,-798.0,860.0,650.0
25.0,875.0,13.0,-94.0,305.0,48.0,-265.0,-755.0,879.0,613.0
26.0,675.0,-3.0,-166.0,294.0,118.0,-204.0,-835.0,852.0,559.0
26.0,399.0,-31.0,-218.0,285.0,145.0,-82.0,-670.0,791.0,508.0
32.0,184.0,-83.0,-268.0,277.0,-18.0,-112.0,-393.0,723.0,477.0
18.0,85.0,-116.0,-317.0,263.0,-22.0,-257.0,-328.0,660.0,439.0
33.0,42.0,-169.0,-352.0,240.0,48.0,-243.0,-301.0,560.0,367.0
43.0,5.0,-225.0,-353.0,210.0,90.0,-311.0,-356.0,474.0,301.0
55.0,-7.0,-254.0,-335.0,175.0,114.0,-442.0,-194.0,399.0,267.0
69.0,71.0,-313.0,-293.0,138.0,175.0,-458.0,-186.0,297.0,205.0
94.0,162.0,-357.0,-228.0,97.0,235.0,-301.0,-360.0,215.0,128.0
115.0,116.0,-388.0,-131.0,46.0,148.0,-238.0,-498.0,124.0,72.0
132.0,-78.0,-427.0,-59.0,-9.0,71.0,-369.0,-654.0,31.0,20.0
130.0,-342.0,-446.0,-7.0,-59.0,31.0,-379.0,-639.0,-25.0,-52.0
130.0,-539.0,-465.0,50.0,-95.0,-46.0,-340.0,-859.0,-40.0,-105.0
157.0,-560.0,-465.0,41.0,-105.0,-87.0,-375.0,-897.0,-19.0,-122.0
166.0,-517.0,-437.0,41.0,-86.0,-34.0,-411.0,-772.0,-10.0,-161.0
184.0,-544.0,-413.0,62.0,-47.0,99.0,-263.0,-637.0,4.0,-195.0
187.0,-575.0,-389.0,46.0,7.0,136.0,-157.0,-465.0,57.0,-210.0
195.0,-490.0,-360.0,8.0,62.0,39.0,-292.0,-526.0,120.0,-210.0
179.0,-279.0,-324.0,-55.0,106.0,75.0,-479.0,-306.0,148.0,-223.0
177.0,-34.0,-296.0,-124.0,134.0,204.0,-426.0,-251.0,127.0,-238.0
169.0,131.0,-256.0,-200.0,147.0,217.0,-297.0,-308.0,87.0,-207.0
162.0,124.0,-205.0,-231.0,144.0,162.0,-498.0,-328.0,33.0,-170.0
139.0,-23.0,-172.0,-217.0,120.0,118.0,-532.0,-567.0,-19.0,-134.0
107.0,-205.0,-107.0,-175.0,84.0,62.0,-368.0,-720.0,-68.0,-92.0
109.0,-257.0,-54.0,-90.0,51.0,-54.0,-364.0,-947.0,-159.0,-29.0
78.0,-93.0,-29.0,-5.0,35.0,-41.0,-466.0,-864.0,-269.0,0.0
66.0,163.0,24.0,100.0,34.0,95.0,-526.0,-803.0,-359.0,19.0
23.0,365.0,82.0,221.0,35.0,91.0,-406.0,-848.0,-429.0,52.0
13.0,413.0,111.0,318.0,30.0,31.0,-350.0,-761.0,-491.0,61.0
-20.0,300.0,185.0,386.0,23.0,19.0,-358.0,-801.0,-528.0,72.0
-54.0,180.0,264.0,467.0,18.0,42.0,-440.0,-639.0,-550.0,59.0
-62.0,274.0,303.0,501.0,15.0,52.0,-536.0,-667.0,-589.0,44.0
-100.0,542.0,382.0,506.0,1.0,25.0,-352.0,-576.0,-629.0,2.0
-123.0,744.0,428.0,503.0,-27.0,47.0,-143.0,-330.0,-627.0,-70.0
-177.0,807.0,464.0,429.0,-64.0,63.0,-261.0,-373.0,-621.0,-144.0
-195.0,743.0,484.0,356.0,-107.0,-10.0,-380.0,-284.0,-618.0,-215.0
-230.0,550.0,485.0,252.0,-143.0,-43.0,-259.0,-227.0,-560.0,-288.0
-235.0,251.0,484.0,127.0,-163.0,8.0,-229.0,-9.0,-471.0,-381.0
-236.0,-74.0,459.0,13.0,-171.0,10.0,-253.0,14.0,-408.0,-437.0
-221.0,-292.0,446.0,-95.0,-164.0,-64.0,-253.0,-280.0,-354.0,-487.0
-196.0,-448.0,428.0,-165.0,-153.0,-144.0,-239.0,-373.0,-272.0,-544.0
-192.0,-655.0,426.0,-241.0,-142.0,-135.0,-271.0,-498.0,-215.0,-585.0
-161.0,-841.0,384.0,-313.0,-138.0,-132.0,-361.0,-502.0,-194.0,-619.0
-164.0,-896.0,349.0,-348.0,-139.0,-107.0,-274.0,-543.0,-173.0,-639.0
-127.0,-793.0,312.0,-386.0,-142.0,68.0,-206.0,-596.0,-195.0,-679.0
-102.0,-609.0,225.0,-424.0,-155.0,85.0,-300.0,-489.0,-272.0,-719.0
-46.0,-424.0,178.0,-425.0,-174.0,-116.0,-264.0,-452.0,-369.0,-731.0
-6.0,-250.0,108.0,-426.0,-186.0,-188.0,-78.0,-452.0,-468.0,-740.0
26.0,-86.0,37.0,-458.0,-183.0,-136.0,-9.0,-528.0,-544.0,-721.0
70.0,84.0,-8.0,-481.0,-170.0,-152.0,-34.0,-402.0,-612.0,-668.0
88.0,270.0,-72.0,-482.0,-157.0,-214.0,-125.0,-291.0,-712.0,-624.0
122.0,433.0,-130.0,-483.0,-152.0,-163.0,-163.0,-303.0,-812.0,-570.0
118.0,486.0,-174.0,-483.0,-157.0,-1.0,-95.0,-212.0,-890.0,-515.0
135.0,448.0,-222.0,-479.0,-159.0,-3.0,-180.0,-232.0,-932.0,-460.0
102.0,353.0,-246.0,-458.0,-148.0,-100.0,-352.0,-262.0,-908.0,-432.0
81.0,175.0,-256.0,-446.0,-119.0,-143.0,-390.0,-330.0,-845.0,-429.0
60.0,-86.0,-279.0,-429.0,-80.0,-197.0,-152.0,-378.0,-768.0,-430.0
18.0,-356.0,-267.0,-408.0,-44.0,-258.0,-68.0,-465.0,-655.0,-450.0
-8.0,-563.0,-249.0,-387.0,-23.0,-281.0,-394.0,-639.0,-494.0,-476.0
-38.0,-771.0,-233.0,-339.0,-28.0,-258.0,-424.0,-718.0,-315.0,-516.0
-46.0,-937.0,-186.0,-313.0,-46.0,-342.0,3.0,-764.0,-138.0,-524.0
-85.0,-987.0,-164.0,-276.0,-58.0,-408.0,158.0,-650.0,50.0,-505.0
-85.0,-970.0,-124.0,-226.0,-50.0,-333.0,-84.0,-567.0,256.0,-482.0
-77.0,-917.0,-80.0,-183.0,-36.0,-169.0,-144.0,-426.0,454.0,-429.0
-51.0,-851.0,-78.0,-106.0,-34.0,-90.0,-76.0,-275.0,620.0,-359.0
-30.0,-802.0,-36.0,-13.0,-50.0,-107.0,-4.0,-303.0,756.0,-284.0
-1.0,-744.0,-34.0,57.0,-77.0,-13.0,53.0,-219.0,899.0,-229.0
29.0,-618.0,-48.0,123.0,-103.0,22.0,0.0,-365.0,1029.0,-186.0
50.0,-430.0,-16.0,211.0,-120.0,-2.0,245.0,-550.0,1110.0,-133.0
92.0,-255.0,-41.0,292.0,-127.0,-57.0,506.0,-618.0,1153.0,-100.0
120.0,-96.0,-41.0,357.0,-124.0,-2.0,368.0,-715.0,1146.0,-88.0
170.0,155.0,-20.0,436.0,-116.0,52.0,147.0,-663.0,1096.0,-66.0
205.0,527.0,-52.0,512.0,-107.0,-85.0,85.0,-724.0,1049.0,-54.0
245.0,866.0,-44.0,549.0,-106.0,-83.0,212.0,-692.0,974.0,-69.0
257.0,1039.0,-29.0,548.0,-99.0,-59.0,202.0,-589.0,844.0,-81.0
277.0,1066.0,-42.0,539.0,-72.0,-77.0,-56.0,-495.0,727.0,-78.0
287.0,955.0,-22.0,527.0,-37.0,-114.0,-119.0,-351.0,628.0,-83.0
298.0,672.0,-6.0,491.0,-8.0,-97.0,243.0,-367.0,532.0,-98.0
321.0,358.0,0.0,439.0,17.0,56.0,420.0,-371.0,437.0,-96.0
319.0,206.0,4.0,363.0,47.0,59.0,328.0,-367.0,327.0,-98.0
346.0,177.0,5.0,257.0,85.0,-10.0,266.0,-192.0,235.0,-121.0
337.0,131.0,17.0,155.0,116.0,-48.0,208.0,-7.0,157.0,-159.0
335.0,33.0,0.0,79.0,125.0,-86.0,467.0,20.0,89.0,-193.0
323.0,-78.0,-18.0,-9.0,119.0,-81.0,401.0,72.0,17.0,-225.0
311.0,-179.0,-24.0,-114.0,106.0,-5.0,171.0,20.0,-68.0,-289.0
285.0,-235.0,-40.0,-186.0,100.0,127.0,433.0,16.0,-142.0,-357.0
267.0,-258.0,-51.0,-238.0,108.0,178.0,491.0,-79.0,-202.0,-401.0
249.0,-294.0,-51.0,-296.0,133.0,138.0,352.0,-112.0,-274.0,-451.0
221.0,-305.0,-47.0,-333.0,169.0,176.0,292.0,1.0,-362.0,-507.0
199.0,-252.0,-62.0,-356.0,195.0,262.0,257.0,73.0,-455.0,-529.0
136.0,-218.0,-41.0,-349.0,195.0,232.0,209.0,234.0,-547.0,-527.0
84.0,-229.0,-32.0,-319.0,180.0,96.0,224.0,223.0,-607.0,-536.0
23.0,-252.0,-45.0,-312.0,165.0,53.0,144.0,245.0,-648.0,-535.0
-37.0,-284.0,-8.0,-284.0,149.0,40.0,-126.0,221.0,-674.0,-508.0
-107.0,-249.0,-12.0,-244.0,118.0,-52.0,-200.0,138.0,-691.0,-475.0
-153.0,-91.0,2.0,-179.0,70.0,-51.0,-21.0,304.0,-686.0,-452.0
-228.0,124.0,55.0,-72.0,19.0,-9.0,206.0,301.0,-647.0,-419.0
-313.0,289.0,55.0,27.0,-26.0,35.0,106.0,144.0,-617.0,-390.0
-372.0,348.0,83.0,96.0,-63.0,12.0,-160.0,-12.0,-573.0,-382.0
-451.0,348.0,129.0,134.0,-81.0,6.0,-261.0,-25.0,-514.0,-351.0
-518.0,316.0,127.0,157.0,-83.0,137.0,-126.0,16.0,-452.0,-314.0
-587.0,267.0,137.0,190.0,-80.0,86.0,166.0,60.0,-390.0,-255.0
-626.0,240.0,127.0,218.0,-69.0,-45.0,7.0,120.0,-323.0,-181.0
-657.0,225.0,92.0,198.0,-46.0,-68.0,-272.0,-27.0,-243.0,-101.0
-687.0,167.0,49.0,173.0,-13.0,-57.0,-100.0,33.0,-184.0,19.0
-702.0,39.0,-23.0,134.0,19.0,13.0,-13.0,96.0,-126.0,128.0
-705.0,-117.0,-87.0,83.0,45.0,48.0,-133.0,120.0,-49.0,230.0
-705.0,-257.0,-174.0,48.0,74.0,25.0,-201.0,317.0,39.0,350.0
-674.0,-404.0,-239.0,30.0,108.0,-22.0,-347.0,315.0,108.0,461.0
-643.0,-567.0,-303.0,22.0,145.0,-87.0,-498.0,362.0,155.0,520.0
-598.0,-681.0,-376.0,4.0,172.0,-41.0,-430.0,312.0,205.0,547.0
-540.0,-726.0,-410.0,-3.0,169.0,48.0,-301.0,284.0,249.0,563.0
-496.0,-711.0,-479.0,-14.0,124.0,45.0,-358.0,297.0,282.0,540.0
-425.0,-694.0,-528.0,-23.0,48.0,4.0,-386.0,164.0,302.0,500.0
-367.0,-736.0,-548.0,-34.0,-32.0,-19.0,-301.0,134.0,318.0,452.0
-286.0,-727.0,-573.0,-45.0,-98.0,-5.0,-315.0,-94.0,303.0,414.0
-223.0,-568.0,-586.0,-52.0,-142.0,-20.0,-401.0,-184.0,255.0,372.0
-152.0,-318.0,-582.0,-66.0,-152.0,7.0,-514.0,-225.0,188.0,299.0
-88.0,-48.0,-572.0,-69.0,-134.0,89.0,-530.0,-280.0,114.0,268.0
-24.0,250.0,-549.0,-62.0,-113.0,56.0,-535.0,-92.0,28.0,241.0
38.0,570.0,-500.0,-57.0,-98.0,-18.0,-560.0,-46.0,-51.0,173.0
69.0,816.0,-435.0,-54.0,-96.0,-43.0,-455.0,136.0,-125.0,120.0
141.0,943.0,-359.0,-45.0,-104.0,-27.0,-404.0,310.0,-201.0,58.0
172.0,985.0,-294.0,-45.0,-119.0,-20.0,-399.0,489.0,-252.0,-16.0
214.0,1004.0,-200.0,-55.0,-141.0,-31.0,-296.0,585.0,-279.0,-105.0
217.0,1001.0,-115.0,-78.0,-160.0,-2.0,-300.0,491.0,-250.0,-174.0
216.0,952.0,-24.0,-106.0,-178.0,26.0,-433.0,569.0,-210.0,-203.0
244.0,872.0,86.0,-147.0,-192.0,0.0,-395.0,489.0,-140.0,-241.0
203.0,744.0,200.0,-193.0,-198.0,-4.0,-412.0,485.0,-15.0,-255.0
189.0,544.0,318.0,-225.0,-203.0,62.0,-567.0,430.0,95.0,-245.0
161.0,309.0,424.0,-252.0,-209.0,29.0,-548.0,371.0,193.0,-229.0
127.0,105.0,540.0,-266.0,-218.0,-21.0,-487.0,445.0,297.0,-221.0
71.0,-59.0,599.0,-254.0,-214.0,52.0,-458.0,277.0,398.0,-203.0
9.0,-246.0,673.0,-224.0,-190.0,129.0,-399.0,208.0,462.0,-185.0
-18.0,-489.0,716.0,-204.0,-156.0,115.0,-363.0,29.0,518.0,-190.0
-49.0,-742.0,710.0,-200.0,-107.0,-4.0,-344.0,-16.0,567.0,-188.0
-60.0,-980.0,725.0,-206.0,-43.0,5.0,-327.0,27.0,587.0,-204.0
-71.0,-1164.0,687.0,-218.0,27.0,100.0,-258.0,-35.0,588.0,-231.0
-63.0,-1244.0,629.0,-269.0,91.0,70.0,-127.0,232.0,573.0,-273.0
-71.0,-1255.0,559.0,-300.0,130.0,-13.0,-122.0,304.0,554.0,-339.0
-69.0,-1267.0,483.0,-287.0,131.0,-56.0,-182.0,332.0,507.0,-393.0
-66.0,-1365.0,382.0,-274.0,94.0,20.0,-253.0,356.0,435.0,-436.0
-83.0,-1491.0,286.0,-234.0,39.0,15.0,-391.0,245.0,345.0,-483.0
-65.0,-1446.0,221.0,-197.0,-18.0,-58.0,-359.0,214.0,258.0,-511.0
-60.0,-1189.0,127.0,-148.0,-62.0,-16.0,-254.0,105.0,187.0,-517.0
-49.0,-807.0,75.0,-85.0,-84.0,78.0,-208.0,-77.0,115.0,-516.0
-37.0,-325.0,40.0,-3.0,-80.0,79.0,-75.0,-354.0,48.0,-525.0
-24.0,182.0,-16.0,93.0,-54.0,58.0,-55.0,-291.0,-8.0,-533.0
-16.0,596.0,-31.0,162.0,-23.0,170.0,-163.0,-206.0,-49.0,-526.0
-1.0,910.0,-63.0,209.0,-8.0,196.0,89.0,-144.0,-85.0,-536.0
21.0,1135.0,-102.0,245.0,-22.0,181.0,288.0,36.0,-124.0,-531.0
35.0,1208.0,-110.0,269.0,-55.0,194.0,17.0,-31.0,-149.0,-495.0
42.0,1154.0,-142.0,255.0,-85.0,181.0,-113.0,190.0,-177.0,-460.0
29.0,1104.0,-168.0,238.0,-91.0,183.0,-91.0,317.0,-207.0,-427.0
37.0,1059.0,-177.0,173.0,-76.0,83.0,-34.0,334.0,-242.0,-401.0
21.0,960.0,-187.0,83.0,-53.0,33.0,99.0,384.0,-293.0,-383.0
-7.0,945.0,-207.0,35.0,-24.0,93.0,57.0,188.0,-332.0,-391.0
-29.0,1033.0,-227.0,-38.0,3.0,129.0,-52.0,186.0,-342.0,-410.0
-37.0,991.0,-237.0,-103.0,28.0,55.0,-41.0,44.0,-334.0,-446.0
-41.0,734.0,-249.0,-134.0,45.0,-31.0,-3.0,-105.0,-334.0,-496.0
-60.0,404.0,-249.0,-122.0,50.0,58.0,22.0,-86.0,-308.0,-539.0
-85.0,175.0,-256.0,-110.0,50.0,150.0,74.0,-38.0,-266.0,-572.0
-136.0,162.0,-231.0,-93.0,58.0,154.0,42.0,171.0,-226.0,-574.0
-179.0,375.0,-229.0,-57.0,73.0,89.0,-141.0,240.0,-191.0,-550.0
-234.0,636.0,-198.0,-51.0,78.0,29.0,-143.0,315.0,-174.0,-495.0
-285.0,731.0,-104.0,3.0,60.0,26.0,101.0,321.0,-146.0,-407.0
-335.0,711.0,-81.0,59.0,31.0,72.0,48.0,210.0,-124.0,-294.0
-377.0,651.0,16.0,98.0,8.0,182.0,-115.0,153.0,-125.0,-194.0
-420.0,519.0,102.0,140.0,-8.0,183.0,-82.0,96.0,-154.0,-105.0
-471.0,264.0,149.0,152.0,-23.0,154.0,16.0,153.0,-181.0,-20.0
-504.0,-170.0,264.0,134.0,-26.0,166.0,148.0,186.0,-183.0,9.0
-546.0,-701.0,310.0,81.0,-12.0,194.0,127.0,273.0,-162.0,6.0
-563.0,-1169.0,393.0,42.0,2.0,182.0,131.0,352.0,-143.0,-22.0
-575.0,-1561.0,477.0,-22.0,-5.0,102.0,263.0,413.0,-144.0,-69.0
-569.0,-1884.0,528.0,-79.0,-33.0,120.0,193.0,500.0,-147.0,-129.0
-548.0,-2071.0,609.0,-131.0,-58.0,127.0,-63.0,434.0,-139.0,-186.0
-524.0,-2098.0,677.0,-208.0,-72.0,47.0,-204.0,399.0,-99.0,-206.0
-496.0,-1913.0,714.0,-233.0,-85.0,-8.0,-302.0,273.0,-71.0,-210.0
-454.0,-1520.0,718.0,-252.0,-99.0,91.0,-462.0,275.0,-73.0,-212.0
-415.0,-1053.0,716.0,-240.0,-96.0,144.0,-414.0,319.0,-65.0,-226.0
-366.0,-565.0,702.0,-201.0,-69.0,101.0,-68.0,227.0,-42.0,-209.0
-308.0,-45.0,674.0,-176.0,-26.0,146.0,163.0,397.0,-29.0,-190.0
-256.0,444.0,641.0,-96.0,20.0,204.0,74.0,439.0,-36.0,-217.0
-173.0,796.0,578.0,-7.0,60.0,292.0,77.0,485.0,-20.0,-222.0
-97.0,1022.0,488.0,76.0,78.0,274.0,-22.0,548.0,1.0,-206.0
-17.0,1138.0,420.0,190.0,78.0,204.0,-372.0,474.0,31.0,-193.0
57.0,1146.0,304.0,283.0,67.0,116.0,-326.0,509.0,79.0,-167.0
124.0,1116.0,223.0,352.0,62.0,41.0,-92.0,447.0,114.0,-116.0
168.0,1030.0,150.0,392.0,71.0,54.0,-46.0,487.0,147.0,-30.0
221.0,824.0,26.0,432.0,88.0,23.0,95.0,506.0,194.0,51.0
278.0,540.0,-40.0,460.0,104.0,-4.0,225.0,613.0,268.0,117.0
315.0,296.0,-132.0,465.0,110.0,-47.0,45.0,796.0,336.0,208.0
354.0,159.0,-236.0,485.0,109.0,10.0,-255.0,727.0,370.0,298.0
383.0,132.0,-303.0,482.0,98.0,135.0,-428.0,748.0,376.0,383.0
413.0,147.0,-376.0,477.0,75.0,162.0,-267.0,648.0,353.0,486.0
412.0,167.0,-467.0,456.0,50.0,129.0,108.0,491.0,341.0,589.0
415.0,246.0,-500.0,392.0,36.0,143.0,15.0,352.0,357.0,692.0
417.0,348.0,-577.0,353.0,35.0,158.0,-312.0,253.0,364.0,755.0
415.0,422.0,-647.0,305.0,41.0,142.0,-118.0,317.0,345.0,782.0
411.0,462.0,-657.0,238.0,47.0,214.0,99.0,352.0,300.0,794.0
391.0,481.0,-732.0,190.0,48.0,285.0,-378.0,502.0,222.0,755.0
369.0,516.0,-765.0,127.0,37.0,252.0,-507.0,587.0,131.0,714.0
337.0,557.0,-769.0,94.0,11.0,163.0,198.0,674.0,34.0,694.0
315.0,562.0,-791.0,78.0,-34.0,229.0,108.0,639.0,-57.0,660.0
284.0,514.0,-808.0,54.0,-86.0,289.0,-437.0,460.0,-133.0,642.0
241.0,443.0,-767.0,54.0,-121.0,251.0,-121.0,410.0,-179.0,633.0
221.0,359.0,-763.0,59.0,-125.0,229.0,211.0,295.0,-198.0,616.0
194.0,278.0,-774.0,84.0,-97.0,250.0,-241.0,321.0,-223.0,591.0
152.0,196.0,-708.0,95.0,-52.0,338.0,-713.0,291.0,-230.0,537.0
123.0,44.0,-669.0,77.0,-5.0,273.0,-292.0,360.0,-216.0,472.0
70.0,-222.0,-614.0,25.0,31.0,279.0,174.0,558.0,-171.0,407.0
31.0,-533.0,-533.0,-50.0,55.0,369.0,-257.0,587.0,-110.0,315.0
-22.0,-745.0,-458.0,-106.0,64.0,364.0,-782.0,785.0,-70.0,223.0
-89.0,-846.0,-358.0,-189.0,62.0,322.0,-609.0,757.0,-21.0,153.0
-134.0,-812.0,-269.0,-249.0,53.0,269.0,-40.0,628.0,20.0,89.0
-170.0,-593.0,-172.0,-304.0,35.0,290.0,34.0,617.0,43.0,11.0
-209.0,-264.0,-58.0,-367.0,12.0,296.0,-447.0,511.0,53.0,-61.0
-248.0,71.0,-1.0,-374.0,-15.0,286.0,-317.0,530.0,47.0,-107.0
-266.0,323.0,77.0,-372.0,-34.0,268.0,133.0,528.0,4.0,-156.0
-298.0,433.0,178.0,-349.0,-44.0,221.0,-51.0,572.0,-68.0,-185.0
-323.0,412.0,243.0,-312.0,-42.0,102.0,-227.0,659.0,-131.0,-203.0
-362.0,252.0,327.0,-287.0,-16.0,57.0,-133.0,618.0,-195.0,-205.0
-365.0,-61.0,399.0,-252.0,26.0,171.0,-39.0,497.0,-250.0,-199.0
-367.0,-439.0,460.0,-197.0,65.0,227.0,-116.0,408.0,-283.0,-203.0
-383.0,-779.0,514.0,-134.0,82.0,146.0,-70.0,493.0,-302.0,-176.0
-372.0,-1034.0,552.0,-81.0,76.0,12.0,398.0,541.0,-326.0,-155.0
-357.0,-1107.0,597.0,-34.0,64.0,66.0,428.0,607.0,-359.0,-142.0
-346.0,-984.0,628.0,-10.0,49.0,148.0,-111.0,637.0,-368.0,-126.0
-350.0,-746.0,602.0,6.0,40.0,79.0,-409.0,617.0,-363.0,-109.0
-348.0,-470.0,598.0,13.0,46.0,-29.0,-69.0,698.0,-353.0,-103.0
-341.0,-186.0,590.0,12.0,54.0,-152.0,397.0,685.0,-308.0,-100.0
-306.0,52.0,532.0,19.0,47.0,-190.0,352.0,787.0,-249.0,-74.0
-301.0,168.0,494.0,13.0,27.0,-127.0,27.0,776.0,-191.0,-64.0
-288.0,236.0,429.0,14.0,14.0,-54.0,3.0,637.0,-106.0,-68.0
-269.0,408.0,350.0,20.0,15.0,-104.0,456.0,598.0,1.0,-71.0
-252.0,691.0,285.0,7.0,23.0,-198.0,529.0,495.0,107.0,-61.0
-214.0,929.0,198.0,-13.0,34.0,-218.0,194.0,556.0,212.0,-53.0
-189.0,1016.0,126.0,-19.0,46.0,-210.0,282.0,522.0,329.0,-46.0
-165.0,1010.0,59.0,-27.0,54.0,-224.0,362.0,541.0,412.0,-1.0
-163.0,988.0,-12.0,-34.0,65.0,-300.0,4.0,530.0,465.0,61.0
-159.0,957.0,-70.0,-11.0,84.0,-267.0,-239.0,382.0,517.0,114.0
-151.0,907.0,-120.0,48.0,104.0,-204.0,4.0,491.0,558.0,180.0
-145.0,827.0,-136.0,113.0,120.0,-265.0,241.0,412.0,596.0,262.0
-135.0,677.0,-142.0,190.0,130.0,-301.0,91.0,367.0,613.0,319.0
-119.0,478.0,-153.0,284.0,134.0,-296.0,-117.0,325.0,598.0,362.0
-96.0,310.0,-119.0,346.0,117.0,-294.0,38.0,327.0,561.0,424.0
-65.0,210.0,-90.0,381.0,66.0,-281.0,589.0,513.0,504.0,486.0
-49.0,131.0,-67.0,377.0,-3.0,-252.0,660.0,460.0,435.0,517.0
-35.0,-14.0,-20.0,351.0,-68.0,-164.0,-198.0,461.0,364.0,541.0
-14.0,-228.0,17.0,314.0,-103.0,-112.0,-347.0,399.0,284.0,569.0
11.0,-552.0,57.0,254.0,-105.0,-132.0,553.0,351.0,221.0,573.0
44.0,-1072.0,74.0,178.0,-79.0,-169.0,733.0,271.0,175.0,558.0
66.0,-1662.0,98.0,103.0,-41.0,-315.0,386.0,221.0,124.0,536.0
101.0,-2075.0,134.0,63.0,-17.0,-459.0,123.0,330.0,90.0,523.0
130.0,-2157.0,135.0,49.0,-22.0,-456.0,-23.0,260.0,68.0,487.0
162.0,-1893.0,150.0,70.0,-48.0,-343.0,98.0,297.0,70.0,429.0
187.0,-1305.0,149.0,116.0,-76.0,-250.0,196.0,171.0,62.0,379.0
211.0,-430.0,128.0,152.0,-103.0,-229.0,282.0,118.0,47.0,317.0
243.0,579.0,116.0,190.0,-135.0,-207.0,313.0,206.0,30.0,253.0
263.0,1480.0,89.0,234.0,-168.0,-156.0,485.0,125.0,3.0,183.0
273.0,2058.0,53.0,259.0,-184.0,-111.0,620.0,262.0,-3.0,131.0
307.0,2264.0,13.0,294.0,-167.0,-151.0,497.0,319.0,-18.0,89.0
343.0,2174.0,-14.0,337.0,-115.0,-179.0,360.0,460.0,-10.0,47.0
346.0,1881.0,-37.0,369.0,-53.0,-187.0,-37.0,617.0,19.0,15.0
359.0,1437.0,-62.0,400.0,-11.0,-198.0,-377.0,550.0,37.0,5.0
372.0,822.0,-85.0,425.0,5.0,-177.0,-230.0,489.0,45.0,22.0
373.0,110.0,-87.0,440.0,11.0,-208.0,295.0,341.0,21.0,36.0
356.0,-543.0,-93.0,448.0,19.0,-289.0,799.0,306.0,-12.0,62.0
361.0,-1030.0,-93.0,467.0,26.0,-361.0,664.0,186.0,-41.0,96.0
360.0,-1286.0,-79.0,499.0,15.0,-323.0,31.0,136.0,-92.0,129.0
355.0,-1374.0,-75.0,532.0,-13.0,-248.0,-207.0,214.0,-161.0,143.0
351.0,-1408.0,-61.0,561.0,-47.0,-329.0,184.0,177.0,-224.0,157.0
343.0,-1363.0,-46.0,567.0,-73.0,-435.0,355.0,321.0,-295.0,178.0
342.0,-1165.0,-42.0,561.0,-84.0,-344.0,81.0,415.0,-376.0,164.0
315.0,-856.0,-54.0,584.0,-90.0,-215.0,12.0,519.0,-420.0,144.0
293.0,-490.0,-78.0,553.0,-93.0,-225.0,247.0,556.0,-450.0,138.0
252.0,-16.0,-104.0,493.0,-84.0,-291.0,330.0,548.0,-478.0,119.0
228.0,504.0,-140.0,446.0,-65.0,-332.0,152.0,589.0,-484.0,92.0
183.0,838.0,-197.0,352.0,-29.0,-306.0,79.0,511.0,-485.0,92.0
125.0,831.0,-256.0,263.0,36.0,-348.0,230.0,578.0,-469.0,118.0
90.0,529.0,-322.0,162.0,123.0,-360.0,-61.0,500.0,-411.0,149.0
33.0,94.0,-403.0,41.0,210.0,-175.0,-472.0,489.0,-335.0,187.0
-28.0,-317.0,-460.0,-99.0,279.0,-133.0,104.0,417.0,-250.0,233.0
-88.0,-607.0,-505.0,-237.0,318.0,-253.0,693.0,208.0,-160.0,278.0
-143.0,-698.0,-572.0,-351.0,324.0,-252.0,375.0,303.0,-66.0,310.0
-207.0,-591.0,-582.0,-468.0,303.0,-194.0,-99.0,299.0,16.0,318.0
-255.0,-412.0,-586.0,-541.0,263.0,-249.0,29.0,423.0,92.0,327.0
-305.0,-309.0,-624.0,-577.0,212.0,-328.0,462.0,469.0,162.0,327.0
-355.0,-365.0,-602.0,-586.0,150.0,-284.0,264.0,341.0,213.0,279.0
-395.0,-525.0,-578.0,-567.0,76.0,-256.0,-154.0,308.0,251.0,241.0
-430.0,-628.0,-555.0,-537.0,-1.0,-283.0,59.0,145.0,265.0,201.0
-450.0,-538.0,-514.0,-470.0,-66.0,-283.0,267.0,175.0,266.0,138.0
-471.0,-231.0,-466.0,-378.0,-105.0,-227.0,-169.0,245.0,245.0,72.0
-479.0,176.0,-423.0,-283.0,-117.0,-200.0,-210.0,352.0,189.0,22.0
-469.0,517.0,-359.0,-179.0,-107.0,-307.0,265.0,362.0,145.0,4.0
-429.0,686.0,-277.0,-76.0,-86.0,-369.0,157.0,260.0,103.0,-20.0
-403.0,729.0,-216.0,26.0,-61.0,-340.0,-223.0,240.0,46.0,-30.0
-370.0,776.0,-120.0,103.0,-30.0,-300.0,-5.0,84.0,-7.0,-3.0
-324.0,859.0,-53.0,153.0,0.0,-271.0,349.0,145.0,-51.0,42.0
-276.0,928.0,12.0,176.0,23.0,-257.0,65.0,42.0,-94.0,80.0
-212.0,962.0,102.0,172.0,37.0,-265.0,35.0,-140.0,-144.0,148.0
-164.0,941.0,157.0,175.0,48.0,-363.0,414.0,-38.0,-186.0,249.0
-97.0,807.0,192.0,180.0,60.0,-397.0,96.0,-90.0,-225.0,308.0
-27.0,592.0,250.0,187.0,78.0,-358.0,-405.0,-20.0,-239.0,352.0
65.0,350.0,303.0,182.0,103.0,-396.0,2.0,48.0,-197.0,393.0
171.0,89.0,289.0,162.0,129.0,-423.0,621.0,123.0,-128.0,419.0
256.0,-75.0,323.0,137.0,153.0,-416.0,317.0,277.0,-38.0,420.0
347.0,-35.0,330.0,115.0,162.0,-363.0,-222.0,293.0,65.0,400.0
430.0,26.0,306.0,83.0,153.0,-342.0,52.0,362.0,165.0,406.0
477.0,-165.0,300.0,15.0,121.0,-383.0,456.0,371.0,240.0,396.0
507.0,-553.0,242.0,-42.0,84.0,-309.0,244.0,474.0,303.0,371.0
549.0,-802.0,232.0,-117.0,58.0,-216.0,40.0,497.0,394.0,377.0
568.0,-788.0,187.0,-193.0,34.0,-204.0,65.0,436.0,463.0,410.0
573.0,-749.0,138.0,-240.0,20.0,-203.0,77.0,458.0,484.0,436.0
572.0,-785.0,125.0,-297.0,24.0,-146.0,38.0,351.0,482.0,446.0
556.0,-720.0,78.0,-330.0,47.0,-152.0,235.0,336.0,458.0,486.0
519.0,-511.0,15.0,-357.0,70.0,-275.0,476.0,301.0,423.0,519.0
464.0,-243.0,-21.0,-390.0,74.0,-265.0,299.0,397.0,409.0,509.0
409.0,51.0,-42.0,-403.0,70.0,-271.0,230.0,515.0,387.0,483.0
367.0,315.0,-108.0,-406.0,82.0,-358.0,258.0,530.0,321.0,456.0
329.0,479.0,-119.0,-401.0,108.0,-342.0,146.0,642.0,248.0,405.0
274.0,521.0,-136.0,-381.0,117.0,-309.0,91.0,539.0,212.0,333.0
231.0,342.0,-201.0,-334.0,79.0,-227.0,183.0,497.0,224.0,266.0
193.0,-45.0,-212.0,-270.0,1.0,-167.0,300.0,473.0,213.0,192.0
164.0,-297.0,-209.0,-200.0,-80.0,-141.0,245.0,441.0,167.0,124.0
129.0,-28.0,-250.0,-118.0,-144.0,-18.0,49.0,497.0,123.0,64.0
81.0,682.0,-244.0,-22.0,-189.0,13.0,-61.0,423.0,85.0,39.0
28.0,1310.0,-222.0,71.0,-215.0,-116.0,216.0,380.0,60.0,43.0
-23.0,1609.0,-262.0,186.0,-220.0,-219.0,367.0,275.0,40.0,34.0
-45.0,1780.0,-243.0,302.0,-209.0,-160.0,74.0,229.0,24.0,71.0
-59.0,1834.0,-226.0,389.0,-204.0,-128.0,-39.0,83.0,-23.0,135.0
-70.0,1601.0,-246.0,463.0,-229.0,-225.0,127.0,-68.0,-32.0,196.0
-60.0,1161.0,-215.0,537.0,-278.0,-208.0,199.0,-44.0,18.0,267.0
-40.0,748.0,-172.0,569.0,-329.0,-181.0,93.0,-168.0,22.0,340.0
-21.0,420.0,-157.0,567.0,-351.0,-239.0,-1.0,-116.0,-3.0,417.0
-13.0,187.0,-107.0,566.0,-336.0,-272.0,-34.0,-59.0,-29.0,458.0
-25.0,-31.0,-55.0,529.0,-305.0,-248.0,14.0,-3.0,-40.0,490.0
-13.0,-487.0,-19.0,498.0,-281.0,-191.0,203.0,164.0,-43.0,527.0
11.0,-1056.0,58.0,484.0,-282.0,-258.0,98.0,212.0,-52.0,557.0
25.0,-1437.0,98.0,499.0,-309.0,-288.0,-225.0,205.0,-72.0,588.0
61.0,-1717.0,135.0,530.0,-339.0,-173.0,-155.0,29.0,-90.0,621.0
95.0,-2116.0,212.0,538.0,-343.0,-151.0,-23.0,-11.0,-89.0,707.0
144.0,-2474.0,205.0,516.0,-313.0,-223.0,-252.0,-84.0,-92.0,780.0
194.0,-2466.0,220.0,474.0,-271.0,-224.0,-253.0,-197.0,-71.0,844.0
235.0,-2148.0,264.0,435.0,-224.0,-164.0,221.0,-57.0,-38.0,932.0
276.0,-1807.0,216.0,347.0,-172.0,-185.0,352.0,12.0,12.0,993.0
311.0,-1525.0,227.0,294.0,-121.0,-279.0,-61.0,134.0,89.0,1039.0
366.0,-1073.0,198.0,268.0,-70.0,-320.0,-355.0,112.0,143.0,1073.0
395.0,-447.0,127.0,246.0,-14.0,-317.0,-97.0,9.0,196.0,1108.0
397.0,61.0,138.0,248.0,25.0,-327.0,269.0,35.0,269.0,1118.0
409.0,338.0,66.0,215.0,33.0,-316.0,202.0,70.0,338.0,1092.0
427.0,440.0,18.0,182.0,25.0,-272.0,-135.0,120.0,381.0,1033.0
430.0,414.0,16.0,135.0,34.0,-242.0,-294.0,-3.0,404.0,963.0
428.0,222.0,-48.0,89.0,66.0,-341.0,-126.0,-66.0,419.0,879.0
432.0,-35.0,-58.0,39.0,104.0,-424.0,-77.0,-179.0,404.0,748.0
417.0,-132.0,-73.0,-22.0,144.0,-352.0,-125.0,-273.0,356.0,619.0
395.0,-55.0,-125.0,-86.0,198.0,-277.0,-31.0,-230.0,318.0,492.0
361.0,58.0,-137.0,-117.0,271.0,-229.0,71.0,-291.0,293.0,355.0
311.0,257.0,-175.0,-111.0,337.0,-253.0,10.0,-164.0,247.0,213.0
251.0,604.0,-208.0,-141.0,376.0,-380.0,-32.0,-86.0,181.0,101.0
217.0,919.0,-239.0,-162.0,385.0,-578.0,192.0,-36.0,121.0,9.0
173.0,1187.0,-296.0,-160.0,360.0,-622.0,224.0,42.0,82.0,-99.0
133.0,1530.0,-305.0,-181.0,303.0,-448.0,-95.0,-86.0,44.0,-185.0
98.0,1820.0,-345.0,-211.0,225.0,-335.0,-143.0,-197.0,40.0,-260.0
42.0,1874.0,-366.0,-202.0,140.0,-363.0,243.0,-406.0,26.0,-377.0
2.0,1722.0,-358.0,-183.0,68.0,-461.0,308.0,-432.0,-12.0,-517.0
-50.0,1545.0,-390.0,-168.0,11.0,-432.0,45.0,-273.0,-38.0,-647.0
-91.0,1394.0,-373.0,-143.0,-34.0,-373.0,97.0,-103.0,-62.0,-783.0
-134.0,1104.0,-341.0,-119.0,-61.0,-434.0,74.0,123.0,-63.0,-934.0
-164.0,644.0,-314.0,-70.0,-58.0,-426.0,-182.0,103.0,-80.0,-1070.0
-162.0,270.0,-281.0,-13.0,-28.0,-425.0,24.0,103.0,-116.0,-1167.0
-173.0,98.0,-215.0,17.0,11.0,-418.0,381.0,-12.0,-163.0,-1247.0
-171.0,-52.0,-174.0,25.0,50.0,-365.0,106.0,-66.0,-231.0,-1299.0
-155.0,-286.0,-150.0,8.0,73.0,-355.0,-258.0,60.0,-326.0,-1290.0
-140.0,-448.0,-70.0,-57.0,89.0,-292.0,75.0,-48.0,-409.0,-1248.0
-123.0,-418.0,-52.0,-145.0,113.0,-303.0,456.0,-83.0,-460.0,-1201.0
-99.0,-281.0,-8.0,-228.0,152.0,-296.0,-16.0,-186.0,-507.0,-1131.0
-74.0,-112.0,43.0,-318.0,206.0,-206.0,-272.0,-164.0,-516.0,-1014.0
-54.0,11.0,59.0,-387.0,271.0,-229.0,310.0,-112.0,-491.0,-858.0
-24.0,-100.0,102.0,-430.0,341.0,-262.0,246.0,-177.0,-443.0,-697.0
0.0,-506.0,115.0,-448.0,375.0,-221.0,-386.0,-48.0,-375.0,-531.0
16.0,-957.0,117.0,-431.0,346.0,-128.0,-24.0,-22.0,-299.0,-349.0
58.0,-1107.0,85.0,-396.0,277.0,-95.0,711.0,-12.0,-199.0,-204.0
114.0,-889.0,73.0,-352.0,204.0,-108.0,320.0,-179.0,-85.0,-91.0
168.0,-629.0,36.0,-295.0,156.0,-108.0,-258.0,-230.0,3.0,7.0
217.0,-554.0,-24.0,-223.0,149.0,-142.0,127.0,-153.0,72.0,101.0
263.0,-508.0,24.0,-166.0,180.0,-219.0,427.0,-243.0,144.0,162.0
309.0,-352.0,5.0,-98.0,218.0,-264.0,11.0,-251.0,221.0,186.0
327.0,-151.0,-18.0,-23.0,215.0,-168.0,-162.0,-373.0,313.0,229.0
343.0,47.0,-15.0,53.0,147.0,-35.0,79.0,-240.0,429.0,237.0
359.0,313.0,-49.0,153.0,66.0,1.0,215.0,-155.0,520.0,224.0
361.0,746.0,55.0,227.0,36.0,41.0,-81.0,-269.0,580.0,224.0
345.0,1340.0,30.0,273.0,26.0,58.0,-501.0,-321.0,634.0,233.0
332.0,1907.0,-41.0,314.0,-33.0,-9.0,93.0,-473.0,643.0,235.0
322.0,2166.0,75.0,359.0,-128.0,-46.0,517.0,-404.0,623.0,223.0
293.0,2018.0,23.0,377.0,-172.0,-143.0,-161.0,-371.0,599.0,235.0
277.0,1652.0,-17.0,382.0,-130.0,-62.0,-278.0,-232.0,574.0,255.0
246.0,1317.0,74.0,399.0,-48.0,6.0,308.0,-48.0,539.0,268.0
239.0,1107.0,32.0,405.0,0.0,-156.0,446.0,73.0,468.0,267.0
228.0,951.0,19.0,411.0,-20.0,-155.0,105.0,175.0,390.0,298.0
220.0,713.0,-11.0,436.0,-50.0,-140.0,179.0,-38.0,292.0,332.0
224.0,258.0,-83.0,496.0,-31.0,-111.0,213.0,-105.0,157.0,330.0
198.0,-474.0,-60.0,569.0,17.0,-123.0,115.0,-206.0,23.0,358.0
210.0,-1251.0,-144.0,647.0,31.0,-116.0,344.0,-201.0,-63.0,420.0
209.0,-1762.0,-151.0,698.0,-16.0,-42.0,110.0,-59.0,-132.0,496.0
242.0,-1996.0,-87.0,710.0,-75.0,-94.0,60.0,-112.0,-211.0,577.0
268.0,-2032.0,-135.0,691.0,-102.0,-75.0,248.0,-1.0,-285.0,710.0
293.0,-1901.0,-99.0,631.0,-105.0,-68.0,84.0,-53.0,-359.0,877.0
319.0,-1604.0,-52.0,550.0,-121.0,-51.0,224.0,-7.0,-416.0,1012.0
333.0,-1083.0,-20.0,438.0,-170.0,6.0,264.0,92.0,-460.0,1145.0
354.0,-478.0,19.0,311.0,-237.0,41.0,38.0,36.0,-474.0,1263.0
318.0,-91.0,57.0,175.0,-282.0,62.0,-63.0,155.0,-454.0,1343.0
312.0,-7.0,124.0,9.0,-279.0,21.0,-9.0,107.0,-412.0,1385.0
295.0,-58.0,180.0,-145.0,-232.0,-34.0,121.0,99.0,-347.0,1402.0
294.0,-121.0,206.0,-280.0,-163.0,-108.0,181.0,81.0,-292.0,1411.0
295.0,-162.0,296.0,-415.0,-115.0,-165.0,252.0,7.0,-256.0,1387.0
295.0,-156.0,360.0,-531.0,-127.0,-214.0,81.0,-46.0,-221.0,1337.0
319.0,-146.0,327.0,-602.0,-189.0,-134.0,-7.0,-195.0,-160.0,1291.0
326.0,-104.0,421.0,-636.0,-236.0,58.0,389.0,-214.0,-98.0,1235.0
332.0,30.0,464.0,-633.0,-220.0,140.0,393.0,-325.0,-48.0,1160.0
305.0,149.0,470.0,-601.0,-164.0,141.0,17.0,-338.0,0.0,1097.0
304.0,160.0,532.0,-560.0,-119.0,105.0,142.0,-373.0,32.0,1046.0
292.0,208.0,529.0,-499.0,-100.0,101.0,175.0,-469.0,99.0,981.0
286.0,504.0,549.0,-435.0,-75.0,128.0,-122.0,-384.0,189.0,907.0
288.0,1023.0,521.0,-382.0,-17.0,112.0,-97.0,-452.0,236.0,847.0
275.0,1511.0,490.0,-313.0,69.0,125.0,70.0,-373.0,253.0,790.0
262.0,1727.0,446.0,-249.0,159.0,94.0,121.0,-360.0,294.0,714.0
238.0,1664.0,370.0,-193.0,207.0,38.0,-3.0,-327.0,338.0,627.0
194.0,1468.0,299.0,-129.0,191.0,129.0,0.0,-169.0,377.0,557.0
136.0,1153.0,179.0,-83.0,153.0,268.0,122.0,-295.0,413.0,502.0
86.0,751.0,105.0,-55.0,141.0,321.0,-109.0,-321.0,438.0,430.0
11.0,393.0,0.0,-35.0,138.0,292.0,-199.0,-434.0,486.0,370.0
-36.0,113.0,-128.0,-9.0,116.0,179.0,37.0,-432.0,526.0,328.0
-93.0,-79.0,-200.0,-24.0,107.0,75.0,2.0,-328.0,525.0,283.0
-152.0,-208.0,-319.0,-62.0,130.0,-70.0,-54.0,-400.0,509.0,224.0
-208.0,-415.0,-408.0,-64.0,153.0,-223.0,112.0,-328.0,521.0,166.0
-276.0,-650.0,-455.0,-61.0,171.0,-146.0,52.0,-279.0,557.0,114.0
-335.0,-547.0,-578.0,-58.0,215.0,14.0,-76.0,-184.0,558.0,24.0
-399.0,-30.0,-631.0,-22.0,276.0,145.0,130.0,-197.0,504.0,-74.0
-438.0,483.0,-643.0,48.0,306.0,241.0,190.0,-206.0,440.0,-140.0
-472.0,641.0,-747.0,106.0,297.0,301.0,-31.0,-14.0,390.0,-213.0
-495.0,402.0,-759.0,154.0,302.0,264.0,-23.0,133.0,343.0,-308.0
-508.0,-1.0,-717.0,203.0,341.0,81.0,137.0,227.0,293.0,-395.0
-497.0,-256.0,-731.0,186.0,366.0,-61.0,130.0,96.0,242.0,-477.0
-492.0,-350.0,-709.0,145.0,338.0,-125.0,-68.0,22.0,181.0,-557.0
-459.0,-503.0,-645.0,138.0,266.0,-109.0,-164.0,46.0,98.0,-640.0
-406.0,-728.0,-588.0,118.0,174.0,-117.0,-7.0,-9.0,-9.0,-693.0
-353.0,-855.0,-539.0,67.0,70.0,-64.0,97.0,-147.0,-132.0,-700.0
-267.0,-813.0,-464.0,28.0,-34.0,123.0,-37.0,-360.0,-215.0,-709.0
-194.0,-688.0,-362.0,9.0,-118.0,216.0,9.0,-254.0,-254.0,-696.0
-106.0,-651.0,-253.0,-27.0,-173.0,225.0,73.0,-195.0,-332.0,-638.0
-37.0,-674.0,-147.0,-69.0,-210.0,224.0,-138.0,-190.0,-433.0,-592.0
27.0,-543.0,-8.0,-87.0,-249.0,157.0,-48.0,-155.0,-525.0,-575.0
70.0,-303.0,125.0,-81.0,-296.0,7.0,260.0,-306.0,-593.0,-560.0
120.0,-204.0,223.0,-55.0,-318.0,6.0,160.0,-275.0,-580.0,-534.0
157.0,-205.0,356.0,-24.0,-279.0,87.0,-51.0,-378.0,-547.0,-515.0
163.0,68.0,477.0,37.0,-212.0,68.0,191.0,-504.0,-549.0,-514.0
192.0,728.0,555.0,111.0,-182.0,54.0,275.0,-487.0,-535.0,-509.0
195.0,1351.0,647.0,156.0,-191.0,50.0,67.0,-430.0,-526.0,-496.0
210.0,1583.0,732.0,207.0,-184.0,99.0,10.0,-290.0,-540.0,-486.0
200.0,1446.0,785.0,262.0,-141.0,217.0,6.0,-339.0,-547.0,-457.0
207.0,1008.0,834.0,284.0,-96.0,269.0,98.0,-277.0,-535.0,-382.0
205.0,398.0,857.0,297.0,-58.0,235.0,59.0,-247.0,-477.0,-300.0
197.0,-98.0,856.0,305.0,-7.0,187.0,-80.0,-256.0,-408.0,-218.0
186.0,-366.0,836.0,295.0,65.0,111.0,-38.0,-308.0,-358.0,-137.0
168.0,-527.0,795.0,298.0,143.0,94.0,28.0,-395.0,-336.0,-56.0
176.0,-580.0,768.0,287.0,212.0,217.0,-23.0,-230.0,-352.0,-1.0
151.0,-474.0,700.0,241.0,268.0,277.0,70.0,-208.0,-355.0,16.0
147.0,-376.0,641.0,188.0,304.0,191.0,264.0,-96.0,-314.0,36.0
130.0,-399.0,595.0,122.0,304.0,181.0,29.0,-25.0,-280.0,36.0
136.0,-304.0,488.0,48.0,264.0,257.0,-176.0,16.0,-307.0,20.0
121.0,94.0,414.0,-13.0,200.0,350.0,10.0,258.0,-388.0,-12.0
106.0,525.0,349.0,-73.0,140.0,510.0,71.0,234.0,-458.0,-53.0
118.0,703.0,245.0,-146.0,103.0,546.0,92.0,155.0,-461.0,-76.0
108.0,608.0,162.0,-211.0,70.0,465.0,171.0,7.0,-448.0,-105.0
136.0,331.0,81.0,-270.0,17.0,306.0,207.0,-90.0,-425.0,-134.0
133.0,80.0,-15.0,-307.0,-45.0,68.0,104.0,-155.0,-352.0,-145.0
128.0,3.0,-71.0,-315.0,-99.0,27.0,-93.0,-338.0,-285.0,-152.0
155.0,-31.0,-90.0,-329.0,-146.0,154.0,13.0,-345.0,-234.0,-160.0
171.0,-210.0,-139.0,-363.0,-177.0,337.0,166.0,-397.0,-185.0,-138.0
159.0,-460.0,-180.0,-394.0,-174.0,443.0,109.0,-362.0,-192.0,-96.0
160.0,-629.0,-165.0,-411.0,-147.0,513.0,96.0,-406.0,-197.0,-51.0
146.0,-704.0,-178.0,-418.0,-128.0,561.0,115.0,-541.0,-140.0,-2.0
126.0,-658.0,-215.0,-417.0,-153.0,363.0,137.0,-389.0,-85.0,70.0
105.0,-423.0,-197.0,-434.0,-212.0,196.0,119.0,-384.0,-67.0,138.0
54.0,-56.0,-160.0,-449.0,-258.0,206.0,22.0,-393.0,-79.0,168.0
39.0,250.0,-142.0,-480.0,-264.0,295.0,106.0,-415.0,-73.0,198.0
6.0,409.0,-113.0,-525.0,-261.0,315.0,93.0,-478.0,-18.0,242.0
-20.0,470.0,-61.0,-588.0,-282.0,316.0,-9.0,-528.0,27.0,295.0
-29.0,472.0,-70.0,-644.0,-284.0,515.0,190.0,-648.0,42.0,356.0
-19.0,449.0,-120.0,-647.0,-228.0,606.0,233.0,-569.0,60.0,430.0
18.0,439.0,-81.0,-640.0,-135.0,473.0,71.0,-561.0,44.0,508.0
59.0,414.0,-34.0,-605.0,-44.0,404.0,-93.0,-513.0,17.0,569.0
96.0,349.0,-36.0,-574.0,23.0,450.0,-92.0,-511.0,15.0,607.0
125.0,349.0,24.0,-539.0,74.0,386.0,3.0,-530.0,-5.0,642.0
176.0,423.0,68.0,-484.0,114.0,367.0,-141.0,-443.0,-11.0,654.0
223.0,417.0,79.0,-392.0,134.0,557.0,-191.0,-521.0,17.0,622.0
259.0,233.0,72.0,-262.0,126.0,662.0,-201.0,-399.0,60.0,584.0
287.0,-133.0,61.0,-145.0,92.0,596.0,-137.0,-328.0,98.0,560.0
347.0,-568.0,150.0,-14.0,46.0,487.0,6.0,-282.0,131.0,530.0
409.0,-891.0,135.0,115.0,-11.0,401.0,7.0,-210.0,154.0,502.0
464.0,-1021.0,118.0,249.0,-62.0,304.0,99.0,-299.0,194.0,510.0
468.0,-1043.0,220.0,405.0,-68.0,283.0,74.0,-236.0,279.0,527.0
443.0,-1062.0,188.0,585.0,-9.0,470.0,48.0,-169.0,339.0,531.0
444.0,-1057.0,184.0,719.0,83.0,707.0,154.0,-64.0,368.0,536.0
427.0,-1031.0,238.0,786.0,170.0,663.0,202.0,-1.0,363.0,542.0
409.0,-1137.0,207.0,824.0,241.0,482.0,212.0,40.0,363.0,526.0
335.0,-1394.0,187.0,837.0,298.0,478.0,-35.0,-42.0,369.0,464.0
315.0,-1570.0,182.0,814.0,338.0,444.0,-349.0,-286.0,342.0,392.0
278.0,-1579.0,173.0,769.0,343.0,313.0,-261.0,-297.0,322.0,318.0
214.0,-1528.0,173.0,726.0,294.0,325.0,32.0,-421.0,292.0,219.0
184.0,-1366.0,130.0,629.0,208.0,466.0,99.0,-415.0,210.0,125.0
106.0,-959.0,120.0,539.0,128.0,437.0,-12.0,-223.0,80.0,55.0
45.0,-351.0,86.0,467.0,75.0,346.0,-48.0,-157.0,-65.0,-4.0
-29.0,319.0,5.0,389.0,37.0,476.0,122.0,-12.0,-229.0,-66.0
-76.0,870.0,73.0,322.0,5.0,490.0,237.0,-101.0,-351.0,-119.0
-131.0,1128.0,44.0,260.0,-1.0,271.0,35.0,-166.0,-362.0,-144.0
-174.0,1231.0,-37.0,219.0,29.0,186.0,-135.0,-218.0,-367.0,-163.0
-207.0,1456.0,12.0,190.0,79.0,285.0,38.0,-339.0,-408.0,-183.0
-253.0,1756.0,-38.0,180.0,123.0,345.0,259.0,-321.0,-406.0,-170.0
-274.0,1872.0,-75.0,145.0,161.0,319.0,241.0,-415.0,-324.0,-149.0
-300.0,1703.0,-16.0,82.0,198.0,417.0,179.0,-310.0,-210.0,-154.0
-334.0,1330.0,-16.0,15.0,220.0,572.0,68.0,-275.0,-115.0,-169.0
-378.0,852.0,-31.0,-79.0,218.0,423.0,14.0,-273.0,-34.0,-183.0
-405.0,357.0,-14.0,-194.0,197.0,161.0,291.0,-218.0,63.0,-229.0
-435.0,-53.0,-49.0,-314.0,180.0,249.0,573.0,-382.0,189.0,-303.0
-452.0,-335.0,-56.0,-440.0,165.0,420.0,490.0,-345.0,314.0,-380.0
-491.0,-507.0,-30.0,-569.0,140.0,321.0,155.0,-356.0,415.0,-477.0
-524.0,-490.0,-74.0,-649.0,109.0,213.0,-49.0,-349.0,480.0,-567.0
-550.0,-162.0,-79.0,-693.0,69.0,234.0,160.0,-284.0,555.0,-662.0
-565.0,328.0,-90.0,-710.0,31.0,215.0,608.0,-264.0,626.0,-747.0
-570.0,649.0,-182.0,-681.0,-11.0,186.0,609.0,-223.0,605.0,-794.0
-580.0,714.0,-183.0,-668.0,-72.0,298.0,232.0,-315.0,517.0,-842.0
-565.0,693.0,-211.0,-664.0,-136.0,379.0,182.0,-373.0,431.0,-876.0
-544.0,747.0,-337.0,-625.0,-190.0,286.0,336.0,-478.0,390.0,-880.0
-466.0,905.0,-340.0,-569.0,-226.0,235.0,425.0,-419.0,373.0,-884.0
-424.0,996.0,-375.0,-500.0,-238.0,404.0,364.0,-367.0,307.0,-905.0
-369.0,814.0,-472.0,-435.0,-229.0,572.0,227.0,-369.0,214.0,-912.0
-309.0,379.0,-450.0,-352.0,-213.0,512.0,109.0,-223.0,165.0,-915.0
-256.0,-66.0,-466.0,-264.0,-190.0,452.0,69.0,-280.0,177.0,-937.0
-171.0,-361.0,-539.0,-206.0,-151.0,415.0,461.0,-273.0,219.0,-951.0
-149.0,-571.0,-533.0,-172.0,-120.0,267.0,740.0,-388.0,205.0,-935.0
-114.0,-722.0,-519.0,-152.0,-127.0,239.0,288.0,-473.0,166.0,-892.0
-101.0,-699.0,-515.0,-128.0,-154.0,440.0,-34.0,-373.0,140.0,-861.0
-91.0,-436.0,-470.0,-112.0,-168.0,575.0,286.0,-413.0,101.0,-809.0
-77.0,-87.0,-403.0,-103.0,-166.0,492.0,587.0,-380.0,48.0,-722.0
-78.0,106.0,-336.0,-99.0,-149.0,465.0,323.0,-469.0,-21.0,-625.0
-65.0,36.0,-294.0,-73.0,-97.0,448.0,-59.0,-450.0,-73.0,-515.0
-75.0,-245.0,-237.0,-40.0,-6.0,211.0,-22.0,-400.0,-104.0,-375.0
-48.0,-579.0,-158.0,-31.0,77.0,70.0,98.0,-338.0,-116.0,-198.0
-21.0,-761.0,-97.0,-25.0,104.0,203.0,356.0,-75.0,-147.0,-23.0
11.0,-673.0,-11.0,-18.0,70.0,326.0,465.0,-44.0,-205.0,156.0
43.0,-400.0,70.0,-26.0,27.0,341.0,45.0,72.0,-236.0,328.0
59.0,-107.0,132.0,-53.0,16.0,348.0,-60.0,96.0,-214.0,471.0
92.0,120.0,216.0,-75.0,25.0,365.0,208.0,29.0,-161.0,581.0
95.0,284.0,248.0,-100.0,24.0,277.0,470.0,75.0,-141.0,647.0
125.0,424.0,303.0,-132.0,7.0,160.0,465.0,-60.0,-173.0,705.0
138.0,503.0,372.0,-184.0,-16.0,196.0,76.0,-27.0,-214.0,738.0
115.0,402.0,392.0,-252.0,-52.0,371.0,-264.0,-103.0,-163.0,726.0
83.0,151.0,463.0,-315.0,-99.0,461.0,-237.0,-175.0,-67.0,733.0
51.0,-47.0,502.0,-372.0,-147.0,397.0,281.0,-44.0,7.0,730.0
15.0,-142.0,512.0,-440.0,-186.0,329.0,404.0,-20.0,113.0,666.0
-35.0,-243.0,567.0,-512.0,-200.0,300.0,-79.0,51.0,193.0,598.0
-73.0,-393.0,595.0,-564.0,-188.0,350.0,-340.0,7.0,271.0,506.0
-104.0,-549.0,591.0,-613.0,-177.0,353.0,-266.0,46.0,396.0,389.0
-122.0,-648.0,632.0,-650.0,-194.0,319.0,103.0,35.0,492.0,249.0
-131.0,-680.0,645.0,-672.0,-223.0,344.0,338.0,40.0,526.0,107.0
-113.0,-641.0,613.0,-665.0,-230.0,386.0,297.0,194.0,535.0,-3.0
-126.0,-532.0,631.0,-622.0,-211.0,384.0,99.0,171.0,574.0,-117.0
-141.0,-345.0,617.0,-544.0,-183.0,437.0,-230.0,230.0,627.0,-221.0
-143.0,-148.0,580.0,-421.0,-163.0,532.0,-71.0,157.0,640.0,-312.0
-165.0,-54.0,544.0,-307.0,-153.0,424.0,272.0,177.0,625.0,-396.0
-177.0,-54.0,508.0,-220.0,-147.0,266.0,79.0,303.0,596.0,-472.0
-186.0,-101.0,472.0,-102.0,-124.0,173.0,-266.0,288.0,555.0,-539.0
-160.0,-82.0,449.0,7.0,-67.0,205.0,-453.0,219.0,512.0,-595.0
-133.0,101.0,418.0,128.0,8.0,250.0,-144.0,-18.0,468.0,-633.0
-80.0,377.0,362.0,252.0,76.0,250.0,453.0,-68.0,419.0,-630.0
-60.0,631.0,330.0,328.0,115.0,379.0,464.0,-262.0,324.0,-609.0
-54.0,773.0,263.0,376.0,131.0,409.0,41.0,-395.0,186.0,-560.0
-13.0,757.0,222.0,418.0,147.0,315.0,-343.0,-299.0,83.0,-502.0
14.0,627.0,175.0,453.0,179.0,287.0,-313.0,-303.0,21.0,-446.0
32.0,481.0,105.0,447.0,225.0,309.0,-151.0,-94.0,-46.0,-378.0
36.0,362.0,78.0,449.0,269.0,207.0,-67.0,-103.0,-121.0,-339.0
78.0,257.0,7.0,453.0,303.0,114.0,-197.0,-101.0,-191.0,-323.0
89.0,135.0,-45.0,468.0,334.0,249.0,-423.0,7.0,-255.0,-308.0
97.0,-60.0,-35.0,486.0,361.0,320.0,253.0,-55.0,-305.0,-301.0
118.0,-413.0,-57.0,460.0,374.0,177.0,488.0,-53.0,-336.0,-314.0
120.0,-876.0,-66.0,448.0,374.0,28.0,-178.0,-162.0,-342.0,-332.0
107.0,-1206.0,-41.0,425.0,368.0,34.0,-369.0,-153.0,-293.0,-338.0
87.0,-1252.0,-46.0,409.0,347.0,98.0,-481.0,-129.0,-221.0,-375.0
127.0,-1075.0,-57.0,384.0,295.0,89.0,-545.0,-101.0,-186.0,-421.0
180.0,-754.0,-91.0,347.0,214.0,115.0,-239.0,0.0,-206.0,-440.0
238.0,-295.0,-121.0,336.0,122.0,92.0,253.0,90.0,-250.0,-438.0
251.0,200.0,-117.0,287.0,30.0,-31.0,284.0,290.0,-234.0,-409.0
253.0,557.0,-162.0,251.0,-49.0,-50.0,-323.0,266.0,-171.0,-380.0
277.0,705.0,-229.0,243.0,-102.0,58.0,-465.0,253.0,-130.0,-332.0
262.0,670.0,-234.0,198.0,-121.0,104.0,-239.0,175.0,-150.0,-267.0
218.0,544.0,-291.0,152.0,-122.0,32.0,-137.0,62.0,-235.0,-232.0
175.0,437.0,-361.0,83.0,-136.0,87.0,-148.0,105.0,-297.0,-209.0
178.0,371.0,-334.0,10.0,-172.0,89.0,-464.0,-68.0,-288.0,-179.0
168.0,312.0,-351.0,-40.0,-213.0,-57.0,-236.0,-103.0,-242.0,-173.0
142.0,259.0,-376.0,-116.0,-236.0,-2.0,-83.0,-121.0,-188.0,-206.0
106.0,162.0,-338.0,-185.0,-221.0,187.0,-408.0,-175.0,-120.0,-265.0
73.0,-37.0,-331.0,-250.0,-172.0,233.0,-186.0,-116.0,-30.0,-349.0
33.0,-267.0,-337.0,-295.0,-113.0,57.0,-55.0,-142.0,76.0,-449.0
-19.0,-363.0,-303.0,-339.0,-62.0,-31.0,-104.0,-35.0,175.0,-556.0
-36.0,-244.0,-244.0,-366.0,-17.0,54.0,-353.0,-1.0,240.0,-647.0
-51.0,17.0,-222.0,-361.0,14.0,93.0,-225.0,51.0,255.0,-728.0
-81.0,342.0,-219.0,-398.0,19.0,76.0,207.0,81.0,238.0,-834.0
-110.0,641.0,-162.0,-441.0,15.0,87.0,-60.0,7.0,229.0,-936.0
-118.0,823.0,-134.0,-494.0,28.0,62.0,-81.0,29.0,214.0,-1021.0
-141.0,903.0,-118.0,-543.0,54.0,-64.0,-89.0,-181.0,195.0,-1104.0
-193.0,980.0,-75.0,-582.0,79.0,-62.0,-283.0,-352.0,200.0,-1186.0
-255.0,1079.0,-55.0,-633.0,92.0,2.0,-217.0,-497.0,217.0,-1220.0
-283.0,1096.0,-18.0,-651.0,82.0,-47.0,60.0,-561.0,215.0,-1189.0
-313.0,1017.0,40.0,-659.0,39.0,-62.0,218.0,-347.0,186.0,-1139.0
-349.0,952.0,31.0,-645.0,-28.0,-7.0,-93.0,-149.0,160.0,-1065.0
-380.0,964.0,14.0,-617.0,-88.0,-29.0,-164.0,70.0,162.0,-953.0
-399.0,959.0,67.0,-561.0,-111.0,-167.0,-115.0,144.0,172.0,-784.0
-399.0,805.0,22.0,-477.0,-96.0,-167.0,-14.0,210.0,157.0,-573.0
-416.0,523.0,13.0,-407.0,-58.0,-74.0,154.0,253.0,109.0,-362.0
-408.0,221.0,26.0,-311.0,-11.0,-43.0,151.0,249.0,24.0,-123.0
-433.0,-23.0,1.0,-226.0,26.0,50.0,174.0,334.0,-58.0,109.0
-416.0,-174.0,33.0,-143.0,37.0,70.0,-140.0,223.0,-119.0,297.0
-426.0,-230.0,-55.0,-35.0,34.0,7.0,-122.0,155.0,-162.0,472.0
-431.0,-233.0,-85.0,55.0,39.0,-14.0,587.0,75.0,-151.0,643.0
-403.0,-195.0,-101.0,129.0,55.0,-2.0,513.0,90.0,-117.0,793.0
-423.0,-125.0,-205.0,200.0,74.0,33.0,-518.0,182.0,-112.0,918.0
-390.0,-58.0,-221.0,269.0,93.0,97.0,-547.0,134.0,-127.0,1026.0
-374.0,-30.0,-198.0,318.0,105.0,169.0,398.0,179.0,-141.0,1104.0
-309.0,-40.0,-223.0,370.0,104.0,127.0,660.0,48.0,-125.0,1130.0
-274.0,-60.0,-327.0,391.0,99.0,14.0,264.0,11.0,-106.0,1090.0
-236.0,-140.0,-363.0,378.0,92.0,-13.0,-346.0,64.0,-125.0,1048.0
-177.0,-307.0,-338.0,359.0,66.0,77.0,-426.0,53.0,-129.0,998.0
-128.0,-423.0,-374.0,312.0,21.0,88.0,-232.0,105.0,-107.0,889.0
-62.0,-349.0,-358.0,267.0,-22.0,27.0,-183.0,18.0,-72.0,778.0
-45.0,-179.0,-309.0,230.0,-56.0,30.0,143.0,29.0,2.0,664.0
9.0,-43.0,-309.0,204.0,-91.0,-54.0,196.0,-49.0,47.0,543.0
44.0,71.0,-276.0,169.0,-144.0,-225.0,-76.0,-49.0,36.0,416.0
81.0,173.0,-221.0,94.0,-198.0,-224.0,50.0,-20.0,35.0,299.0
108.0,242.0,-155.0,-6.0,-221.0,-95.0,565.0,-105.0,41.0,234.0
152.0,298.0,-98.0,-93.0,-214.0,-114.0,356.0,46.0,15.0,165.0
173.0,348.0,-23.0,-145.0,-202.0,-193.0,-309.0,12.0,-49.0,139.0
159.0,335.0,124.0,-178.0,-191.0,-148.0,-353.0,62.0,-98.0,155.0
182.0,273.0,196.0,-156.0,-179.0,-64.0,67.0,103.0,-118.0,182.0
196.0,215.0,266.0,-118.0,-172.0,-131.0,515.0,-77.0,-142.0,213.0
221.0,169.0,362.0,-75.0,-169.0,-229.0,452.0,-145.0,-156.0,235.0
208.0,169.0,379.0,1.0,-166.0,-177.0,-35.0,-206.0,-147.0,262.0
238.0,191.0,461.0,79.0,-162.0,-158.0,-255.0,-51.0,-126.0,232.0
265.0,152.0,531.0,163.0,-160.0,-209.0,-85.0,14.0,-112.0,181.0
280.0,36.0,521.0,249.0,-161.0,-200.0,-22.0,-73.0,-105.0,112.0
285.0,-118.0,540.0,332.0,-155.0,-150.0,65.0,-51.0,-78.0,15.0
254.0,-299.0,576.0,383.0,-142.0,-112.0,518.0,-1.0,10.0,-79.0
242.0,-458.0,560.0,411.0,-131.0,-53.0,792.0,-20.0,161.0,-183.0
243.0,-548.0,525.0,425.0,-115.0,-7.0,395.0,-230.0,266.0,-256.0
254.0,-579.0,514.0,401.0,-72.0,-93.0,-306.0,-210.0,282.0,-327.0
234.0,-541.0,472.0,362.0,-6.0,-204.0,-441.0,18.0,253.0,-407.0
252.0,-470.0,429.0,299.0,58.0,-166.0,37.0,223.0,233.0,-459.0
244.0,-447.0,407.0,228.0,124.0,-93.0,363.0,249.0,233.0,-512.0
223.0,-472.0,359.0,164.0,198.0,-96.0,151.0,116.0,218.0,-568.0
178.0,-433.0,282.0,81.0,274.0,-64.0,-110.0,243.0,186.0,-619.0
123.0,-263.0,219.0,10.0,338.0,-74.0,271.0,206.0,156.0,-665.0
92.0,-26.0,126.0,-58.0,388.0,-190.0,680.0,-9.0,133.0,-708.0
40.0,168.0,30.0,-143.0,421.0,-212.0,483.0,-157.0,76.0,-774.0
21.0,258.0,-7.0,-203.0,419.0,-206.0,-10.0,-177.0,-25.0,-818.0
-23.0,228.0,-45.0,-239.0,373.0,-273.0,-294.0,-101.0,-122.0,-829.0
-43.0,96.0,-116.0,-246.0,295.0,-345.0,-132.0,-240.0,-191.0,-845.0
-84.0,-69.0,-177.0,-213.0,209.0,-332.0,-70.0,-227.0,-223.0,-839.0
-133.0,-229.0,-189.0,-162.0,127.0,-233.0,242.0,-109.0,-270.0,-787.0
-173.0,-349.0,-220.0,-110.0,58.0,-245.0,654.0,77.0,-362.0,-695.0
-177.0,-370.0,-254.0,-74.0,9.0,-298.0,62.0,110.0,-452.0,-595.0
-140.0,-246.0,-233.0,-57.0,-4.0,-244.0,-470.0,-33.0,-479.0,-468.0
-148.0,2.0,-217.0,-47.0,11.0,-195.0,8.0,127.0,-427.0,-313.0
-127.0,317.0,-218.0,-38.0,34.0,-204.0,466.0,140.0,-374.0,-151.0
-122.0,584.0,-227.0,-42.0,43.0,-278.0,252.0,192.0,-334.0,1.0
-73.0,628.0,-219.0,-72.0,19.0,-276.0,-4.0,194.0,-294.0,138.0
-54.0,467.0,-191.0,-96.0,-34.0,-81.0,172.0,112.0,-258.0,255.0
-39.0,261.0,-183.0,-113.0,-106.0,4.0,205.0,267.0,-231.0,310.0
-10.0,72.0,-150.0,-138.0,-178.0,-12.0,-77.0,164.0,-216.0,308.0
-10.0,-105.0,-104.0,-128.0,-232.0,-64.0,-95.0,160.0,-178.0,285.0
13.0,-279.0,-77.0,-120.0,-268.0,-215.0,305.0,266.0,-134.0,247.0
-1.0,-470.0,-37.0,-118.0,-282.0,-242.0,461.0,242.0,-109.0,171.0
-4.0,-687.0,-5.0,-109.0,-276.0,-252.0,17.0,256.0,-118.0,83.0
-30.0,-847.0,6.0,-142.0,-259.0,-212.0,57.0,179.0,-129.0,21.0
-47.0,-880.0,12.0,-206.0,-235.0,-56.0,483.0,110.0,-141.0,-39.0
-88.0,-822.0,3.0,-258.0,-212.0,4.0,373.0,3.0,-127.0,-97.0
-126.0,-690.0,8.0,-271.0,-197.0,-52.0,252.0,62.0,-60.0,-147.0
-156.0,-458.0,20.0,-287.0,-195.0,-83.0,186.0,125.0,-49.0,-187.0
-190.0,-181.0,30.0,-256.0,-195.0,0.0,-162.0,77.0,-96.0,-224.0
-222.0,14.0,74.0,-195.0,-187.0,-3.0,-324.0,136.0,-147.0,-293.0
-278.0,102.0,68.0,-130.0,-163.0,-79.0,78.0,77.0,-142.0,-343.0
-267.0,180.0,32.0,-27.0,-122.0,-108.0,352.0,134.0,-88.0,-363.0
-291.0,283.0,58.0,64.0,-71.0,-162.0,71.0,153.0,-64.0,-402.0
-321.0,307.0,32.0,159.0,-21.0,-223.0,-180.0,84.0,-55.0,-404.0
-352.0,213.0,-11.0,228.0,17.0,-260.0,-113.0,134.0,-47.0,-389.0
-360.0,71.0,19.0,259.0,49.0,-218.0,35.0,125.0,-36.0,-385.0
-367.0,-11.0,19.0,279.0,81.0,-173.0,56.0,212.0,14.0,-377.0
-391.0,-28.0,-12.0,273.0,106.0,-217.0,-54.0,262.0,85.0,-362.0
-362.0,-68.0,-37.0,238.0,139.0,-278.0,-215.0,308.0,137.0,-314.0
-343.0,-165.0,-64.0,223.0,181.0,-342.0,-48.0,247.0,193.0,-266.0
-293.0,-292.0,-65.0,212.0,222.0,-343.0,158.0,136.0,245.0,-218.0
-252.0,-354.0,-74.0,188.0,253.0,-279.0,-47.0,175.0,275.0,-165.0
-214.0,-297.0,-102.0,169.0,259.0,-210.0,-218.0,31.0,257.0,-131.0
-157.0,-138.0,-172.0,163.0,230.0,-131.0,-279.0,81.0,213.0,-133.0
-83.0,96.0,-251.0,152.0,172.0,-91.0,-343.0,144.0,228.0,-142.0
-11.0,329.0,-319.0,126.0,119.0,-104.0,-250.0,110.0,262.0,-146.0
37.0,458.0,-412.0,143.0,94.0,-185.0,30.0,175.0,267.0,-183.0
112.0,463.0,-428.0,131.0,86.0,-305.0,135.0,72.0,228.0,-229.0
185.0,384.0,-447.0,143.0,69.0,-457.0,-136.0,166.0,173.0,-260.0
237.0,235.0,-529.0,161.0,40.0,-491.0,-347.0,195.0,160.0,-280.0
284.0,32.0,-535.0,173.0,6.0,-304.0,-374.0,131.0,170.0,-280.0
355.0,-186.0,-501.0,207.0,-33.0,-153.0,-212.0,140.0,175.0,-246.0
410.0,-369.0,-523.0,206.0,-94.0,-97.0,-12.0,181.0,181.0,-178.0
459.0,-445.0,-474.0,242.0,-176.0,-139.0,1.0,365.0,185.0,-92.0
479.0,-359.0,-390.0,228.0,-248.0,-227.0,30.0,358.0,183.0,9.0
486.0,-156.0,-376.0,190.0,-287.0,-303.0,-143.0,345.0,170.0,124.0
498.0,36.0,-340.0,146.0,-292.0,-379.0,-517.0,199.0,134.0,271.0
484.0,105.0,-325.0,94.0,-272.0,-271.0,-548.0,97.0,107.0,411.0
441.0,74.0,-254.0,46.0,-244.0,-191.0,-2.0,109.0,86.0,522.0
381.0,68.0,-203.0,-6.0,-228.0,-268.0,172.0,-36.0,70.0,607.0
342.0,82.0,-209.0,-16.0,-225.0,-348.0,-334.0,9.0,73.0,647.0
265.0,-2.0,-122.0,-42.0,-231.0,-342.0,-372.0,-29.0,69.0,640.0
197.0,-207.0,-68.0,-44.0,-239.0,-269.0,-68.0,-29.0,80.0,582.0
118.0,-471.0,-39.0,-66.0,-231.0,-271.0,232.0,-33.0,103.0,513.0
66.0,-704.0,46.0,-65.0,-199.0,-222.0,228.0,-129.0,119.0,431.0
14.0,-798.0,113.0,9.0,-159.0,-208.0,-289.0,-138.0,104.0,353.0
-61.0,-782.0,148.0,41.0,-137.0,-290.0,-589.0,-97.0,91.0,304.0
-98.0,-778.0,175.0,117.0,-137.0,-393.0,-439.0,118.0,105.0,249.0
-122.0,-780.0,167.0,186.0,-141.0,-477.0,-62.0,99.0,106.0,211.0
-131.0,-691.0,174.0,238.0,-133.0,-457.0,83.0,62.0,73.0,177.0
-181.0,-509.0,194.0,320.0,-115.0,-502.0,-100.0,109.0,-5.0,156.0
-212.0,-310.0,186.0,373.0,-91.0,-379.0,-410.0,86.0,-77.0,137.0
-269.0,-146.0,175.0,412.0,-65.0,-162.0,-448.0,194.0,-80.0,61.0
-286.0,-68.0,132.0,415.0,-35.0,-219.0,88.0,55.0,-52.0,-41.0
-294.0,-23.0,68.0,401.0,1.0,-436.0,166.0,62.0,-45.0,-140.0
-315.0,65.0,7.0,369.0,42.0,-632.0,-372.0,199.0,-72.0,-237.0
-289.0,115.0,-65.0,311.0,81.0,-545.0,-434.0,169.0,-110.0,-306.0
-298.0,16.0,-109.0,218.0,109.0,-324.0,-39.0,186.0,-131.0,-319.0
-312.0,-215.0,-141.0,129.0,123.0,-198.0,314.0,53.0,-124.0,-306.0
-340.0,-421.0,-201.0,58.0,126.0,-123.0,183.0,112.0,-89.0,-279.0
-331.0,-447.0,-232.0,-1.0,122.0,-131.0,-228.0,249.0,-33.0,-236.0
-354.0,-335.0,-231.0,-26.0,101.0,-175.0,-530.0,314.0,-4.0,-179.0
-349.0,-274.0,-244.0,-64.0,69.0,-257.0,-712.0,334.0,-10.0,-129.0
-324.0,-242.0,-229.0,-81.0,48.0,-283.0,-320.0,245.0,-20.0,-107.0
-299.0,-63.0,-190.0,-108.0,49.0,-292.0,247.0,325.0,-46.0,-84.0
-261.0,195.0,-196.0,-121.0,61.0,-348.0,188.0,249.0,-71.0,-78.0
-250.0,363.0,-149.0,-143.0,68.0,-271.0,-129.0,293.0,-118.0,-91.0
-180.0,457.0,-82.0,-172.0,65.0,-206.0,-211.0,393.0,-187.0,-146.0
-135.0,505.0,-70.0,-141.0,49.0,-200.0,-243.0,417.0,-258.0,-245.0
-99.0,482.0,-30.0,-103.0,26.0,-283.0,-224.0,537.0,-310.0,-366.0
-80.0,468.0,12.0,-22.0,-1.0,-381.0,-98.0,419.0,-342.0,-501.0
-36.0,524.0,35.0,74.0,-22.0,-294.0,-98.0,454.0,-351.0,-615.0
14.0,584.0,74.0,179.0,-29.0,-287.0,-67.0,513.0,-321.0,-696.0
53.0,609.0,104.0,293.0,-29.0,-236.0,133.0,539.0,-293.0,-718.0
98.0,648.0,116.0,419.0,-32.0,-118.0,45.0,576.0,-262.0,-709.0
135.0,708.0,107.0,551.0,-36.0,-196.0,-207.0,558.0,-223.0,-650.0
193.0,701.0,90.0,624.0,-34.0,-352.0,9.0,678.0,-188.0,-539.0
207.0,568.0,101.0,670.0,-29.0,-452.0,19.0,691.0,-127.0,-463.0
219.0,341.0,79.0,687.0,-23.0,-360.0,-431.0,772.0,-18.0,-395.0
223.0,112.0,55.0,635.0,-25.0,-280.0,-388.0,661.0,98.0,-335.0
230.0,-43.0,91.0,545.0,-48.0,-410.0,51.0,493.0,153.0,-301.0
222.0,-138.0,102.0,460.0,-75.0,-452.0,53.0,432.0,185.0,-287.0
226.0,-192.0,46.0,357.0,-92.0,-325.0,-412.0,127.0,250.0,-301.0
236.0,-179.0,23.0,245.0,-96.0,-305.0,-628.0,68.0,343.0,-294.0
221.0,-133.0,5.0,152.0,-86.0,-363.0,-288.0,66.0,406.0,-275.0
219.0,-75.0,-43.0,69.0,-63.0,-305.0,119.0,20.0,402.0,-264.0
219.0,-12.0,-53.0,24.0,-33.0,-183.0,39.0,75.0,354.0,-231.0
231.0,-1.0,-122.0,36.0,-8.0,-196.0,-211.0,51.0,260.0,-200.0
206.0,-4.0,-179.0,54.0,1.0,-379.0,-308.0,109.0,140.0,-185.0
175.0,57.0,-228.0,88.0,-12.0,-424.0,-495.0,173.0,23.0,-170.0
147.0,149.0,-333.0,110.0,-34.0,-344.0,-194.0,286.0,-65.0,-137.0
152.0,189.0,-349.0,108.0,-48.0,-361.0,489.0,288.0,-121.0,-93.0
147.0,148.0,-391.0,132.0,-52.0,-397.0,288.0,336.0,-155.0,-53.0
129.0,-14.0,-500.0,161.0,-52.0,-411.0,-534.0,460.0,-171.0,-11.0
102.0,-310.0,-528.0,199.0,-55.0,-475.0,-774.0,393.0,-201.0,41.0
61.0,-594.0,-514.0,217.0,-53.0,-587.0,-325.0,469.0,-233.0,96.0
39.0,-772.0,-542.0,224.0,-34.0,-604.0,130.0,354.0,-254.0,148.0
-5.0,-918.0,-496.0,210.0,8.0,-561.0,143.0,234.0,-262.0,224.0
-15.0,-1069.0,-380.0,154.0,63.0,-523.0,-237.0,186.0,-238.0,312.0
-42.0,-1073.0,-340.0,94.0,98.0,-435.0,-537.0,62.0,-184.0,373.0
-60.0,-796.0,-269.0,41.0,104.0,-281.0,-437.0,249.0,-117.0,426.0
-88.0,-362.0,-141.0,-14.0,96.0,-210.0,-115.0,306.0,-89.0,476.0
-89.0,47.0,-11.0,-47.0,95.0,-357.0,87.0,367.0,-91.0,505.0
-78.0,365.0,126.0,-66.0,105.0,-490.0,-171.0,375.0,-59.0,515.0
-109.0,575.0,242.0,-107.0,118.0,-482.0,-483.0,330.0,17.0,535.0
-97.0,655.0,346.0,-132.0,120.0,-372.0,-135.0,358.0,87.0,585.0
-97.0,652.0,434.0,-138.0,106.0,-296.0,311.0,303.0,104.0,621.0
-68.0,671.0,518.0,-113.0,78.0,-210.0,163.0,360.0,107.0,654.0
-78.0,706.0,581.0,-92.0,36.0,-140.0,-190.0,145.0,142.0,698.0
-67.0,628.0,649.0,-99.0,-17.0,-310.0,-467.0,-24.0,177.0,713.0
-49.0,406.0,686.0,-85.0,-72.0,-379.0,-377.0,-114.0,197.0,700.0
-10.0,211.0,669.0,-85.0,-116.0,-225.0,150.0,-112.0,221.0,670.0
52.0,166.0,685.0,-78.0,-143.0,-63.0,316.0,7.0,254.0,650.0
44.0,257.0,671.0,-36.0,-160.0,-14.0,-49.0,-214.0,289.0,602.0
85.0,403.0,632.0,4.0,-180.0,-79.0,-287.0,-153.0,290.0,512.0
101.0,444.0,607.0,67.0,-201.0,-102.0,-246.0,-7.0,278.0,433.0
123.0,327.0,590.0,146.0,-206.0,-54.0,-208.0,-18.0,269.0,356.0
133.0,156.0,549.0,243.0,-183.0,36.0,-87.0,-68.0,282.0,242.0
144.0,-6.0,473.0,325.0,-138.0,106.0,124.0,-158.0,293.0,112.0
172.0,-139.0,441.0,385.0,-83.0,157.0,49.0,-40.0,271.0,-15.0
154.0,-114.0,411.0,435.0,-22.0,160.0,-327.0,-84.0,282.0,-166.0
137.0,91.0,364.0,477.0,41.0,123.0,-404.0,-59.0,353.0,-322.0
126.0,258.0,343.0,494.0,86.0,156.0,49.0,53.0,425.0,-482.0
152.0,222.0,301.0,481.0,100.0,204.0,333.0,203.0,444.0,-614.0
140.0,54.0,251.0,472.0,87.0,89.0,-30.0,400.0,440.0,-737.0
108.0,-141.0,243.0,442.0,70.0,-54.0,-549.0,205.0,464.0,-889.0
106.0,-321.0,217.0,397.0,62.0,-52.0,-404.0,253.0,504.0,-1018.0
119.0,-468.0,174.0,299.0,57.0,-37.0,124.0,288.0,496.0,-1129.0
105.0,-533.0,147.0,200.0,62.0,-22.0,407.0,20.0,406.0,-1246.0
49.0,-409.0,93.0,121.0,80.0,29.0,238.0,-109.0,286.0,-1354.0
13.0,-173.0,5.0,24.0,96.0,65.0,-333.0,-140.0,169.0,-1410.0
2.0,-4.0,-73.0,-58.0,96.0,2.0,-532.0,60.0,88.0,-1409.0
-9.0,59.0,-150.0,-145.0,73.0,-53.0,-394.0,129.0,23.0,-1372.0
-50.0,79.0,-260.0,-186.0,31.0,7.0,-244.0,118.0,-80.0,-1262.0
-97.0,84.0,-355.0,-199.0,-10.0,33.0,-57.0,55.0,-191.0,-1100.0
-140.0,35.0,-427.0,-204.0,-32.0,-89.0,-210.0,7.0,-273.0,-924.0
-191.0,-96.0,-515.0,-193.0,-26.0,-225.0,-352.0,84.0,-334.0,-737.0
-256.0,-271.0,-592.0,-207.0,2.0,-200.0,-196.0,20.0,-400.0,-535.0
-303.0,-417.0,-642.0,-224.0,38.0,-139.0,-191.0,66.0,-464.0,-329.0
-325.0,-578.0,-686.0,-237.0,70.0,-152.0,-321.0,-81.0,-463.0,-157.0
-342.0,-841.0,-696.0,-250.0,96.0,-156.0,-274.0,-73.0,-390.0,-21.0
-357.0,-1111.0,-684.0,-252.0,124.0,-78.0,-219.0,140.0,-332.0,83.0
-356.0,-1187.0,-688.0,-245.0,147.0,-55.0,-244.0,162.0,-317.0,148.0
-359.0,-997.0,-672.0,-228.0,156.0,-174.0,-117.0,363.0,-306.0,161.0
-375.0,-655.0,-647.0,-194.0,139.0,-134.0,-18.0,380.0,-265.0,157.0
-370.0,-300.0,-631.0,-152.0,106.0,-40.0,-301.0,428.0,-159.0,156.0
-374.0,-3.0,-607.0,-84.0,76.0,-146.0,-709.0,482.0,0.0,153.0
-375.0,185.0,-561.0,30.0,47.0,-139.0,-660.0,367.0,119.0,160.0
-358.0,297.0,-531.0,156.0,21.0,-145.0,-104.0,314.0,187.0,172.0
-330.0,446.0,-486.0,297.0,-1.0,-168.0,377.0,169.0,242.0,196.0
-322.0,669.0,-393.0,439.0,-15.0,-129.0,133.0,201.0,324.0,181.0
-308.0,944.0,-345.0,550.0,-25.0,-164.0,-286.0,145.0,420.0,165.0
-269.0,1236.0,-247.0,661.0,-40.0,10.0,-158.0,147.0,481.0,176.0
-235.0,1444.0,-169.0,756.0,-58.0,80.0,-298.0,301.0,514.0,195.0
-213.0,1439.0,-117.0,821.0,-67.0,4.0,-737.0,376.0,523.0,248.0
-193.0,1201.0,9.0,854.0,-58.0,1.0,-575.0,548.0,544.0,344.0
-138.0,863.0,60.0,871.0,-38.0,-20.0,42.0,570.0,561.0,491.0
-96.0,608.0,145.0,890.0,-23.0,-8.0,242.0,661.0,532.0,636.0
-45.0,487.0,263.0,882.0,-24.0,-112.0,-201.0,633.0,467.0,770.0
-10.0,365.0,331.0,837.0,-29.0,-95.0,-233.0,526.0,377.0,877.0
10.0,127.0,415.0,771.0,-25.0,-29.0,241.0,545.0,280.0,931.0
38.0,-173.0,471.0,689.0,-15.0,-52.0,170.0,299.0,165.0,926.0
45.0,-445.0,535.0,594.0,-12.0,20.0,-252.0,210.0,46.0,879.0
95.0,-693.0,583.0,527.0,-29.0,50.0,-207.0,184.0,-74.0,846.0
111.0,-935.0,607.0,453.0,-53.0,43.0,-141.0,136.0,-204.0,808.0
139.0,-1078.0,637.0,339.0,-61.0,16.0,-459.0,258.0,-324.0,775.0
182.0,-1044.0,636.0,217.0,-57.0,2.0,-507.0,413.0,-453.0,775.0
202.0,-869.0,628.0,124.0,-51.0,9.0,-154.0,574.0,-590.0,788.0
228.0,-573.0,608.0,50.0,-49.0,-6.0,-10.0,489.0,-690.0,803.0
203.0,-202.0,580.0,20.0,-40.0,84.0,-380.0,509.0,-711.0,803.0
191.0,132.0,560.0,18.0,-13.0,230.0,-446.0,528.0,-675.0,808.0
192.0,382.0,531.0,2.0,24.0,241.0,12.0,424.0,-647.0,824.0
186.0,514.0,511.0,6.0,44.0,123.0,283.0,550.0,-647.0,804.0
144.0,470.0,490.0,4.0,21.0,29.0,291.0,546.0,-628.0,770.0
126.0,293.0,454.0,-3.0,-29.0,155.0,-34.0,567.0,-533.0,729.0
104.0,86.0,417.0,-19.0,-83.0,340.0,-521.0,561.0,-388.0,657.0
74.0,-94.0,391.0,-30.0,-120.0,369.0,-688.0,369.0,-262.0,547.0
60.0,-187.0,361.0,-41.0,-145.0,408.0,-433.0,208.0,-158.0,417.0
20.0,-174.0,331.0,-60.0,-162.0,428.0,-68.0,83.0,-75.0,297.0
32.0,-103.0,286.0,-54.0,-165.0,326.0,246.0,20.0,24.0,160.0
4.0,-24.0,243.0,-52.0,-154.0,197.0,385.0,-18.0,145.0,19.0
-1.0,-28.0,208.0,-53.0,-129.0,127.0,-7.0,12.0,220.0,-82.0
0.0,-66.0,126.0,-82.0,-94.0,110.0,-412.0,-48.0,245.0,-143.0
-5.0,86.0,79.0,-101.0,-50.0,122.0,-411.0,-68.0,246.0,-183.0
13.0,454.0,39.0,-107.0,-2.0,156.0,-432.0,-97.0,229.0,-188.0
30.0,760.0,-30.0,-121.0,34.0,225.0,-380.0,-179.0,199.0,-143.0
75.0,820.0,-63.0,-129.0,50.0,290.0,14.0,-44.0,149.0,-107.0
109.0,655.0,-131.0,-160.0,56.0,254.0,445.0,16.0,110.0,-83.0
158.0,407.0,-207.0,-172.0,65.0,174.0,515.0,166.0,121.0,-44.0
171.0,246.0,-276.0,-179.0,67.0,156.0,59.0,271.0,162.0,-30.0
203.0,196.0,-339.0,-187.0,43.0,171.0,-740.0,171.0,200.0,-47.0
248.0,228.0,-393.0,-180.0,-4.0,152.0,-1240.0,96.0,224.0,-76.0
286.0,300.0,-436.0,-174.0,-44.0,217.0,-687.0,-70.0,248.0,-104.0
337.0,324.0,-438.0,-193.0,-55.0,314.0,542.0,3.0,295.0,-117.0
372.0,287.0,-458.0,-209.0,-47.0,311.0,1140.0,36.0,382.0,-137.0
418.0,268.0,-479.0,-223.0,-25.0,348.0,813.0,-62.0,477.0,-127.0
435.0,337.0,-480.0,-261.0,-2.0,390.0,-26.0,-1.0,524.0,-89.0
440.0,523.0,-495.0,-262.0,23.0,349.0,-1131.0,7.0,535.0,-60.0
431.0,810.0,-513.0,-266.0,55.0,205.0,-1541.0,84.0,539.0,-17.0
401.0,1041.0,-493.0,-263.0,79.0,75.0,-760.0,-31.0,539.0,40.0
365.0,983.0,-461.0,-244.0,96.0,91.0,93.0,-158.0,519.0,77.0
314.0,629.0,-420.0,-204.0,106.0,195.0,274.0,-164.0,455.0,103.0
261.0,182.0,-364.0,-155.0,107.0,303.0,182.0,-194.0,357.0,124.0
225.0,-277.0,-311.0,-141.0,102.0,319.0,232.0,-88.0,256.0,129.0
147.0,-811.0,-245.0,-117.0,89.0,251.0,21.0,-84.0,154.0,114.0
56.0,-1359.0,-170.0,-93.0,62.0,75.0,-769.0,7.0,39.0,63.0
-13.0,-1724.0,-95.0,-58.0,14.0,-35.0,-1305.0,-31.0,-92.0,19.0
-98.0,-1825.0,-14.0,-11.0,-37.0,29.0,-751.0,-109.0,-223.0,-59.0
-176.0,-1700.0,57.0,62.0,-72.0,110.0,631.0,-97.0,-323.0,-175.0
-236.0,-1409.0,133.0,179.0,-79.0,153.0,1391.0,-247.0,-395.0,-274.0
-270.0,-1069.0,208.0,303.0,-72.0,142.0,574.0,-166.0,-475.0,-377.0
-296.0,-774.0,255.0,406.0,-62.0,197.0,-784.0,-194.0,-567.0,-456.0
-276.0,-504.0,328.0,472.0,-39.0,249.0,-1383.0,-184.0,-645.0,-522.0
-248.0,-236.0,377.0,512.0,-4.0,228.0,-1062.0,-258.0,-698.0,-550.0
-240.0,-7.0,378.0,513.0,33.0,204.0,-229.0,-495.0,-750.0,-526.0
-196.0,164.0,412.0,473.0,57.0,207.0,592.0,-521.0,-787.0,-483.0
-153.0,259.0,446.0,408.0,64.0,230.0,922.0,-624.0,-792.0,-411.0
-133.0,231.0,416.0,364.0,56.0,208.0,596.0,-452.0,-765.0,-328.0
-138.0,114.0,415.0,341.0,35.0,268.0,41.0,-266.0,-706.0,-248.0
-129.0,24.0,438.0,281.0,24.0,325.0,-280.0,-114.0,-629.0,-188.0
-90.0,96.0,395.0,217.0,43.0,312.0,-662.0,94.0,-539.0,-136.0
-48.0,327.0,378.0,157.0,97.0,272.0,-1010.0,81.0,-449.0,-104.0
-39.0,472.0,353.0,104.0,164.0,279.0,-623.0,125.0,-353.0,-96.0
-15.0,393.0,307.0,93.0,221.0,361.0,369.0,42.0,-256.0,-96.0
31.0,257.0,283.0,100.0,248.0,377.0,1048.0,18.0,-132.0,-89.0
51.0,278.0,240.0,131.0,237.0,411.0,635.0,18.0,23.0,-56.0
58.0,467.0,174.0,197.0,205.0,521.0,-278.0,-20.0,153.0,-7.0
29.0,688.0,127.0,270.0,164.0,587.0,-554.0,81.0,228.0,59.0
12.0,890.0,81.0,328.0,130.0,467.0,-262.0,81.0,267.0,138.0
-12.0,1065.0,0.0,374.0,122.0,322.0,71.0,149.0,320.0,206.0
-45.0,1194.0,-22.0,401.0,138.0,250.0,243.0,51.0,398.0,266.0
-55.0,1231.0,-95.0,384.0,164.0,269.0,213.0,-83.0,481.0,342.0
-75.0,1153.0,-180.0,362.0,194.0,322.0,2.0,-109.0,543.0,410.0
-84.0,968.0,-198.0,345.0,214.0,338.0,-151.0,-195.0,576.0,445.0
-125.0,696.0,-277.0,273.0,207.0,361.0,-224.0,-57.0,584.0,472.0
-154.0,448.0,-321.0,184.0,172.0,278.0,-423.0,-59.0,577.0,495.0
-166.0,269.0,-353.0,89.0,127.0,314.0,-107.0,-94.0,555.0,495.0
-182.0,169.0,-381.0,-17.0,90.0,420.0,864.0,-73.0,520.0,450.0
-186.0,282.0,-413.0,-118.0,60.0,378.0,1196.0,-184.0,462.0,388.0
-186.0,569.0,-432.0,-221.0,21.0,258.0,573.0,-236.0,389.0,339.0
-172.0,710.0,-411.0,-316.0,-40.0,226.0,-347.0,-338.0,336.0,309.0
-152.0,523.0,-434.0,-387.0,-118.0,308.0,-758.0,-325.0,283.0,291.0
-123.0,138.0,-401.0,-462.0,-191.0,345.0,-345.0,-280.0,273.0,318.0
-126.0,-267.0,-358.0,-553.0,-257.0,394.0,-91.0,-147.0,307.0,404.0
-144.0,-559.0,-333.0,-622.0,-312.0,448.0,-134.0,-68.0,334.0,507.0
-149.0,-670.0,-275.0,-664.0,-348.0,461.0,-85.0,-94.0,331.0,607.0
-157.0,-703.0,-238.0,-657.0,-354.0,371.0,49.0,-38.0,281.0,689.0
-194.0,-734.0,-212.0,-615.0,-322.0,311.0,183.0,-147.0,251.0,763.0
-230.0,-720.0,-175.0,-567.0,-260.0,281.0,105.0,-55.0,260.0,778.0
-250.0,-616.0,-145.0,-525.0,-186.0,196.0,-125.0,-33.0,274.0,759.0
-258.0,-458.0,-114.0,-461.0,-125.0,143.0,-561.0,-96.0,303.0,737.0
-273.0,-325.0,-81.0,-387.0,-84.0,157.0,-685.0,-81.0,310.0,670.0
-295.0,-311.0,-65.0,-353.0,-46.0,280.0,96.0,-247.0,294.0,586.0
-318.0,-453.0,-14.0,-297.0,-6.0,333.0,815.0,-243.0,256.0,497.0
-335.0,-609.0,7.0,-263.0,30.0,340.0,323.0,-269.0,194.0,431.0
-312.0,-609.0,5.0,-249.0,58.0,285.0,-636.0,-175.0,148.0,380.0
-321.0,-451.0,11.0,-220.0,83.0,214.0,-1106.0,-73.0,100.0,340.0
-292.0,-260.0,8.0,-186.0,104.0,262.0,-829.0,-138.0,60.0,355.0
-235.0,-141.0,8.0,-157.0,116.0,314.0,0.0,36.0,33.0,395.0
-159.0,-84.0,-17.0,-148.0,118.0,375.0,746.0,27.0,-14.0,405.0
-113.0,-57.0,4.0,-135.0,119.0,354.0,964.0,-12.0,-57.0,426.0
-91.0,-48.0,13.0,-106.0,116.0,214.0,333.0,-1.0,-101.0,456.0
-32.0,-30.0,-8.0,-31.0,104.0,93.0,-176.0,-144.0,-154.0,466.0
-2.0,-8.0,0.0,31.0,91.0,95.0,-23.0,-195.0,-209.0,463.0
52.0,-21.0,-12.0,99.0,74.0,113.0,-38.0,-315.0,-260.0,460.0
86.0,-84.0,-37.0,187.0,51.0,72.0,-556.0,-341.0,-296.0,483.0
149.0,-186.0,-59.0,250.0,20.0,47.0,-1046.0,-354.0,-328.0,495.0
180.0,-289.0,-67.0,335.0,-13.0,28.0,-694.0,-404.0,-363.0,502.0
215.0,-274.0,-95.0,382.0,-44.0,59.0,202.0,-367.0,-410.0,521.0
235.0,-88.0,-114.0,405.0,-69.0,100.0,727.0,-345.0,-432.0,517.0
230.0,195.0,-126.0,377.0,-88.0,110.0,604.0,-190.0,-431.0,482.0
265.0,522.0,-142.0,287.0,-94.0,121.0,368.0,-101.0,-436.0,422.0
248.0,741.0,-136.0,190.0,-91.0,33.0,198.0,-22.0,-433.0,362.0
273.0,668.0,-142.0,52.0,-85.0,-43.0,-82.0,-49.0,-416.0,309.0
280.0,408.0,-124.0,-79.0,-78.0,33.0,-291.0,-123.0,-363.0,220.0
297.0,235.0,-142.0,-204.0,-75.0,58.0,-250.0,-118.0,-272.0,144.0
295.0,237.0,-166.0,-296.0,-77.0,27.0,-126.0,-254.0,-158.0,105.0
295.0,279.0,-163.0,-366.0,-77.0,61.0,-283.0,-197.0,-55.0,60.0
292.0,249.0,-164.0,-448.0,-68.0,116.0,-297.0,-179.0,17.0,28.0
277.0,191.0,-152.0,-509.0,-46.0,171.0,-56.0,-79.0,78.0,18.0
274.0,194.0,-152.0,-544.0,-24.0,179.0,107.0,60.0,157.0,30.0
216.0,202.0,-139.0,-543.0,-16.0,197.0,105.0,-25.0,258.0,31.0
198.0,60.0,-135.0,-532.0,-14.0,220.0,42.0,9.0,340.0,52.0
161.0,-243.0,-118.0,-480.0,-2.0,173.0,173.0,-62.0,401.0,90.0
137.0,-541.0,-111.0,-416.0,23.0,103.0,68.0,-40.0,428.0,82.0
99.0,-619.0,-84.0,-343.0,63.0,69.0,-183.0,-57.0,432.0,76.0
35.0,-430.0,-28.0,-240.0,109.0,117.0,-26.0,-169.0,435.0,80.0
-24.0,-209.0,-18.0,-163.0,154.0,189.0,582.0,-157.0,407.0,85.0
-74.0,-192.0,51.0,-79.0,195.0,236.0,839.0,-194.0,346.0,79.0
-111.0,-329.0,81.0,6.0,223.0,217.0,122.0,-62.0,226.0,63.0
-172.0,-517.0,72.0,62.0,232.0,131.0,-643.0,-101.0,94.0,59.0
-214.0,-748.0,107.0,95.0,229.0,115.0,-861.0,-179.0,-14.0,48.0
-248.0,-925.0,112.0,121.0,222.0,209.0,-420.0,-214.0,-109.0,10.0
-272.0,-882.0,126.0,128.0,218.0,290.0,594.0,-367.0,-175.0,-35.0
-298.0,-615.0,150.0,135.0,215.0,279.0,1495.0,-312.0,-268.0,-78.0
-295.0,-282.0,181.0,134.0,208.0,217.0,1541.0,-402.0,-340.0,-167.0
-300.0,0.0,204.0,116.0,200.0,178.0,735.0,-460.0,-367.0,-299.0
-291.0,137.0,234.0,100.0,201.0,256.0,-85.0,-430.0,-387.0,-437.0
-291.0,109.0,245.0,73.0,210.0,258.0,-625.0,-408.0,-396.0,-592.0
-289.0,21.0,238.0,48.0,208.0,114.0,-835.0,-354.0,-408.0,-774.0
-270.0,-38.0,253.0,31.0,186.0,28.0,-574.0,-421.0,-420.0,-934.0
-235.0,-43.0,225.0,51.0,143.0,-27.0,152.0,-345.0,-429.0,-1055.0
-209.0,-78.0,208.0,65.0,91.0,-30.0,972.0,-371.0,-403.0,-1148.0
-207.0,-168.0,197.0,94.0,34.0,66.0,1206.0,-400.0,-326.0,-1212.0
-161.0,-242.0,163.0,145.0,-17.0,196.0,824.0,-467.0,-210.0,-1234.0
-132.0,-275.0,145.0,152.0,-48.0,164.0,262.0,-508.0,-95.0,-1203.0
-90.0,-262.0,128.0,168.0,-54.0,50.0,-136.0,-421.0,-40.0,-1170.0
-85.0,-209.0,100.0,173.0,-42.0,87.0,-186.0,-558.0,-18.0,-1131.0
-57.0,-134.0,79.0,138.0,-25.0,87.0,204.0,-474.0,21.0,-1060.0
-43.0,-101.0,72.0,84.0,-6.0,-2.0,689.0,-521.0,101.0,-988.0
-20.0,-123.0,61.0,27.0,26.0,-96.0,645.0,-604.0,200.0,-933.0
14.0,-119.0,53.0,-23.0,79.0,-65.0,224.0,-471.0,257.0,-845.0
29.0,-2.0,61.0,-60.0,143.0,49.0,-213.0,-491.0,270.0,-719.0
59.0,253.0,69.0,-74.0,196.0,22.0,-456.0,-386.0,281.0,-598.0
28.0,498.0,75.0,-69.0,230.0,-9.0,-85.0,-417.0,288.0,-454.0
38.0,587.0,91.0,-48.0,242.0,-20.0,551.0,-417.0,299.0,-273.0
27.0,614.0,87.0,-17.0,226.0,-45.0,694.0,-351.0,307.0,-79.0
43.0,746.0,110.0,20.0,185.0,-79.0,447.0,-325.0,306.0,99.0
40.0,957.0,130.0,31.0,122.0,-118.0,448.0,-182.0,298.0,276.0
35.0,1004.0,121.0,4.0,44.0,-106.0,468.0,-131.0,259.0,482.0
57.0,800.0,158.0,-27.0,-41.0,-108.0,87.0,134.0,212.0,678.0
66.0,482.0,178.0,-79.0,-122.0,-69.0,-196.0,214.0,173.0,862.0
82.0,89.0,187.0,-152.0,-180.0,-37.0,-37.0,3.0,134.0,1052.0
46.0,-455.0,221.0,-188.0,-219.0,-106.0,469.0,-214.0,96.0,1241.0
42.0,-1118.0,237.0,-213.0,-259.0,-167.0,674.0,-423.0,38.0,1395.0
22.0,-1742.0,240.0,-248.0,-308.0,-202.0,144.0,-339.0,-9.0,1497.0
-5.0,-2138.0,264.0,-269.0,-335.0,-215.0,-442.0,-314.0,-42.0,1584.0
-55.0,-2138.0,287.0,-296.0,-315.0,-204.0,-419.0,-175.0,-86.0,1625.0
-70.0,-1796.0,299.0,-304.0,-260.0,-238.0,65.0,73.0,-121.0,1616.0
-87.0,-1354.0,295.0,-331.0,-201.0,-156.0,310.0,227.0,-153.0,1592.0
-100.0,-913.0,268.0,-335.0,-164.0,10.0,350.0,380.0,-151.0,1551.0
-117.0,-483.0,231.0,-287.0,-151.0,-25.0,649.0,334.0,-121.0,1470.0
-152.0,-145.0,182.0,-265.0,-144.0,-156.0,734.0,308.0,-97.0,1335.0
-129.0,65.0,125.0,-224.0,-129.0,-93.0,462.0,125.0,-80.0,1206.0
-137.0,224.0,60.0,-197.0,-119.0,95.0,421.0,-114.0,-65.0,1078.0
-121.0,354.0,14.0,-199.0,-126.0,107.0,289.0,-275.0,-47.0,934.0
-125.0,434.0,-43.0,-186.0,-134.0,48.0,-436.0,-375.0,-41.0,811.0
-96.0,503.0,-110.0,-183.0,-134.0,37.0,-988.0,-271.0,-36.0,716.0
-68.0,592.0,-163.0,-149.0,-130.0,2.0,-391.0,-267.0,-35.0,635.0
-68.0,699.0,-238.0,-86.0,-139.0,-7.0,995.0,-151.0,-38.0,536.0
-56.0,795.0,-302.0,-8.0,-156.0,47.0,1570.0,-118.0,-45.0,425.0
-33.0,903.0,-331.0,60.0,-158.0,110.0,726.0,-120.0,-50.0,328.0
-8.0,1020.0,-385.0,105.0,-141.0,21.0,66.0,-27.0,-29.0,218.0
-17.0,989.0,-414.0,128.0,-107.0,-77.0,239.0,-96.0,4.0,92.0
-6.0,789.0,-416.0,109.0,-72.0,44.0,-39.0,49.0,58.0,6.0
-8.0,543.0,-443.0,78.0,-48.0,215.0,-757.0,84.0,80.0,-53.0
23.0,258.0,-432.0,35.0,-43.0,186.0,-611.0,60.0,66.0,-113.0
15.0,48.0,-440.0,2.0,-64.0,111.0,518.0,70.0,47.0,-151.0
26.0,10.0,-438.0,-53.0,-117.0,147.0,1299.0,-48.0,10.0,-162.0
45.0,-26.0,-408.0,-96.0,-187.0,165.0,823.0,24.0,-23.0,-150.0
72.0,-16.0,-385.0,-102.0,-254.0,72.0,127.0,31.0,-57.0,-165.0
112.0,292.0,-330.0,-142.0,-304.0,21.0,123.0,97.0,-107.0,-172.0
117.0,666.0,-279.0,-162.0,-315.0,69.0,-49.0,112.0,-164.0,-161.0
138.0,660.0,-239.0,-176.0,-290.0,8.0,-696.0,40.0,-208.0,-193.0
162.0,308.0,-185.0,-183.0,-246.0,-46.0,-892.0,14.0,-262.0,-218.0
224.0,-96.0,-132.0,-189.0,-203.0,-12.0,18.0,-192.0,-326.0,-246.0
229.0,-406.0,-102.0,-195.0,-176.0,46.0,1129.0,-144.0,-367.0,-286.0
250.0,-617.0,-59.0,-174.0,-156.0,80.0,859.0,-236.0,-381.0,-347.0
264.0,-832.0,-45.0,-183.0,-133.0,44.0,-90.0,-345.0,-380.0,-434.0
291.0,-1053.0,-39.0,-177.0,-96.0,56.0,-201.0,-188.0,-407.0,-505.0
290.0,-1155.0,-23.0,-175.0,-45.0,25.0,59.0,-238.0,-474.0,-584.0
260.0,-1056.0,-47.0,-196.0,12.0,-79.0,-124.0,-179.0,-538.0,-671.0
269.0,-744.0,-54.0,-193.0,78.0,-167.0,-330.0,-269.0,-573.0,-756.0
252.0,-388.0,-68.0,-200.0,148.0,-256.0,-292.0,-389.0,-568.0,-823.0
270.0,-215.0,-109.0,-197.0,214.0,-361.0,-199.0,-509.0,-541.0,-881.0
251.0,-169.0,-135.0,-193.0,253.0,-452.0,174.0,-700.0,-507.0,-946.0
262.0,-30.0,-166.0,-186.0,249.0,-411.0,626.0,-593.0,-476.0,-977.0
265.0,178.0,-210.0,-148.0,212.0,-296.0,733.0,-589.0,-435.0,-978.0
267.0,324.0,-233.0,-105.0,173.0,-303.0,478.0,-535.0,-341.0,-976.0
236.0,384.0,-260.0,-52.0,154.0,-380.0,126.0,-378.0,-213.0,-934.0
197.0,282.0,-292.0,20.0,149.0,-366.0,45.0,-245.0,-49.0,-845.0
183.0,79.0,-308.0,88.0,152.0,-270.0,68.0,-243.0,130.0,-735.0
142.0,-44.0,-327.0,140.0,157.0,-273.0,-126.0,-304.0,258.0,-628.0
134.0,-125.0,-346.0,174.0,152.0,-359.0,-579.0,-275.0,340.0,-490.0
84.0,-267.0,-357.0,135.0,113.0,-411.0,-570.0,-391.0,419.0,-318.0
59.0,-432.0,-347.0,34.0,43.0,-509.0,319.0,-347.0,503.0,-186.0
16.0,-548.0,-332.0,-86.0,-18.0,-605.0,638.0,-417.0,564.0,-67.0
4.0,-579.0,-298.0,-209.0,-33.0,-515.0,-28.0,-461.0,589.0,58.0
-20.0,-409.0,-243.0,-322.0,7.0,-411.0,-190.0,-319.0,549.0,175.0
-66.0,74.0,-198.0,-412.0,79.0,-545.0,472.0,-460.0,464.0,264.0
-86.0,820.0,-156.0,-466.0,159.0,-651.0,891.0,-482.0,395.0,340.0
-118.0,1597.0,-108.0,-518.0,230.0,-546.0,324.0,-493.0,352.0,423.0
-119.0,2011.0,-39.0,-529.0,279.0,-391.0,-407.0,-441.0,298.0,466.0
-163.0,1941.0,22.0,-492.0,295.0,-357.0,-422.0,-288.0,229.0,471.0
-144.0,1686.0,69.0,-456.0,286.0,-399.0,-56.0,-258.0,139.0,463.0
-135.0,1415.0,117.0,-375.0,262.0,-355.0,186.0,-247.0,25.0,445.0
-104.0,998.0,163.0,-273.0,235.0,-391.0,-34.0,-343.0,-83.0,396.0
-67.0,343.0,176.0,-173.0,226.0,-507.0,-288.0,-373.0,-201.0,341.0
-64.0,-379.0,176.0,-60.0,237.0,-548.0,-86.0,-456.0,-311.0,319.0
-37.0,-896.0,206.0,22.0,250.0,-475.0,21.0,-437.0,-417.0,317.0
-55.0,-1028.0,196.0,76.0,247.0,-431.0,-401.0,-312.0,-513.0,314.0
-47.0,-772.0,174.0,97.0,226.0,-515.0,-540.0,-264.0,-582.0,323.0
-71.0,-341.0,194.0,76.0,207.0,-527.0,210.0,-101.0,-627.0,369.0
-74.0,-55.0,158.0,54.0,199.0,-474.0,698.0,-68.0,-659.0,401.0
-76.0,-70.0,127.0,40.0,186.0,-422.0,231.0,25.0,-703.0,406.0
-99.0,-230.0,118.0,24.0,149.0,-409.0,-137.0,49.0,-716.0,424.0
-95.0,-331.0,57.0,-5.0,98.0,-419.0,102.0,-123.0,-705.0,425.0
-105.0,-356.0,20.0,-50.0,54.0,-475.0,191.0,-70.0,-701.0,405.0
-101.0,-400.0,1.0,-91.0,13.0,-598.0,-353.0,-36.0,-673.0,369.0
-130.0,-416.0,-12.0,-118.0,-29.0,-593.0,-955.0,-36.0,-641.0,354.0
-137.0,-196.0,-25.0,-138.0,-72.0,-451.0,-656.0,-123.0,-627.0,355.0
-128.0,250.0,-13.0,-163.0,-86.0,-396.0,92.0,-249.0,-644.0,337.0
-125.0,555.0,8.0,-168.0,-61.0,-479.0,170.0,-219.0,-697.0,358.0
-127.0,442.0,19.0,-140.0,-24.0,-411.0,-442.0,-219.0,-760.0,392.0
-133.0,145.0,61.0,-104.0,3.0,-191.0,-892.0,-133.0,-791.0,421.0
-126.0,-64.0,80.0,-46.0,26.0,-136.0,-166.0,-169.0,-766.0,434.0
-155.0,-126.0,118.0,7.0,42.0,-223.0,855.0,-114.0,-702.0,430.0
-184.0,54.0,152.0,70.0,39.0,-225.0,628.0,-48.0,-632.0,423.0
-210.0,467.0,138.0,117.0,12.0,-245.0,-368.0,-232.0,-545.0,385.0
-245.0,913.0,167.0,122.0,-29.0,-347.0,-1073.0,-254.0,-423.0,317.0
-271.0,1250.0,172.0,110.0,-61.0,-296.0,-1040.0,-362.0,-281.0,278.0
-271.0,1452.0,159.0,91.0,-62.0,-210.0,-476.0,-360.0,-144.0,246.0
-273.0,1495.0,167.0,87.0,-42.0,-200.0,537.0,-290.0,-20.0,194.0
-278.0,1504.0,148.0,84.0,-38.0,-187.0,1399.0,-306.0,101.0,176.0
-263.0,1706.0,127.0,90.0,-63.0,-174.0,717.0,-229.0,256.0,194.0
-262.0,2001.0,109.0,86.0,-100.0,-107.0,-724.0,-254.0,421.0,238.0
-246.0,2011.0,99.0,98.0,-140.0,-95.0,-1296.0,-291.0,548.0,258.0
-227.0,1546.0,89.0,96.0,-172.0,-154.0,-932.0,-402.0,647.0,300.0
-203.0,861.0,48.0,76.0,-183.0,-162.0,-400.0,-441.0,706.0,368.0
-164.0,253.0,17.0,79.0,-161.0,-185.0,-157.0,-378.0,735.0,392.0
-127.0,-276.0,-17.0,67.0,-120.0,-185.0,81.0,-218.0,766.0,412.0
-79.0,-777.0,-50.0,34.0,-82.0,-127.0,276.0,-92.0,786.0,427.0
-32.0,-1155.0,-70.0,-12.0,-51.0,-66.0,439.0,-190.0,776.0,444.0
16.0,-1342.0,-110.0,-52.0,-29.0,-8.0,266.0,-179.0,756.0,425.0
62.0,-1477.0,-119.0,-129.0,-35.0,31.0,-356.0,-290.0,704.0,382.0
107.0,-1609.0,-157.0,-209.0,-57.0,71.0,-548.0,-267.0,603.0,325.0
163.0,-1643.0,-204.0,-269.0,-73.0,55.0,-127.0,-79.0,494.0,214.0
210.0,-1618.0,-227.0,-325.0,-73.0,-26.0,269.0,-66.0,383.0,85.0
255.0,-1670.0,-279.0,-355.0,-64.0,-93.0,-102.0,81.0,249.0,-31.0
295.0,-1852.0,-334.0,-394.0,-51.0,-85.0,-411.0,48.0,80.0,-125.0
325.0,-1985.0,-372.0,-385.0,-38.0,-73.0,188.0,-66.0,-73.0,-224.0
380.0,-1858.0,-415.0,-348.0,-20.0,-176.0,425.0,-129.0,-170.0,-317.0
413.0,-1429.0,-475.0,-299.0,-1.0,-243.0,-60.0,-195.0,-209.0,-377.0
432.0,-824.0,-497.0,-221.0,-6.0,-195.0,-344.0,-83.0,-207.0,-428.0
439.0,-214.0,-519.0,-133.0,-48.0,-100.0,-265.0,-94.0,-218.0,-482.0
417.0,229.0,-523.0,-55.0,-103.0,-23.0,-383.0,-83.0,-250.0,-490.0
403.0,481.0,-511.0,-20.0,-133.0,10.0,-649.0,-42.0,-279.0,-456.0
368.0,790.0,-521.0,15.0,-125.0,35.0,-266.0,33.0,-263.0,-436.0
326.0,1208.0,-493.0,33.0,-97.0,-52.0,665.0,-86.0,-225.0,-415.0
289.0,1567.0,-458.0,24.0,-57.0,-119.0,1014.0,-369.0,-193.0,-391.0
266.0,1868.0,-441.0,6.0,6.0,-102.0,-7.0,-232.0,-162.0,-393.0
239.0,2095.0,-427.0,-26.0,86.0,-199.0,-1294.0,-144.0,-154.0,-439.0
208.0,2092.0,-377.0,-54.0,153.0,-266.0,-867.0,-109.0,-120.0,-497.0
197.0,1862.0,-365.0,-108.0,191.0,-224.0,493.0,-206.0,-49.0,-550.0
186.0,1580.0,-359.0,-161.0,208.0,-65.0,807.0,-363.0,24.0,-629.0
171.0,1371.0,-301.0,-201.0,215.0,60.0,214.0,-127.0,63.0,-706.0
153.0,1219.0,-308.0,-245.0,206.0,27.0,-240.0,-109.0,55.0,-745.0
140.0,1019.0,-290.0,-245.0,180.0,39.0,-208.0,-208.0,48.0,-778.0
107.0,730.0,-241.0,-259.0,153.0,62.0,-186.0,-105.0,93.0,-799.0
79.0,332.0,-226.0,-276.0,141.0,-44.0,-211.0,60.0,178.0,-811.0
41.0,-112.0,-188.0,-248.0,136.0,-198.0,31.0,86.0,238.0,-797.0
9.0,-411.0,-144.0,-219.0,125.0,-143.0,258.0,-96.0,225.0,-752.0
-14.0,-537.0,-119.0,-198.0,90.0,-66.0,194.0,-133.0,163.0,-730.0
-30.0,-601.0,-88.0,-219.0,11.0,-149.0,-193.0,-114.0,116.0,-666.0
-35.0,-680.0,-52.0,-238.0,-92.0,-206.0,-560.0,-29.0,90.0,-582.0
-52.0,-854.0,-38.0,-249.0,-159.0,-172.0,-198.0,-35.0,37.0,-512.0
-33.0,-1130.0,1.0,-314.0,-143.0,-106.0,604.0,-208.0,-52.0,-416.0
-37.0,-1311.0,27.0,-336.0,-72.0,-208.0,668.0,-229.0,-139.0,-314.0
-30.0,-1288.0,35.0,-347.0,0.0,-265.0,355.0,-280.0,-201.0,-209.0
-25.0,-1091.0,53.0,-377.0,40.0,-156.0,291.0,-253.0,-216.0,-130.0
-9.0,-715.0,53.0,-362.0,35.0,-152.0,-95.0,-277.0,-204.0,-63.0
15.0,-258.0,63.0,-390.0,0.0,-125.0,-487.0,-362.0,-227.0,17.0
16.0,141.0,48.0,-411.0,-29.0,1.0,-143.0,-417.0,-258.0,73.0
40.0,353.0,28.0,-375.0,-24.0,61.0,397.0,-502.0,-265.0,104.0
33.0,395.0,-15.0,-359.0,3.0,33.0,433.0,-349.0,-219.0,113.0
41.0,461.0,-54.0,-331.0,32.0,-89.0,163.0,-260.0,-130.0,113.0
24.0,543.0,-85.0,-314.0,48.0,-91.0,-243.0,-208.0,-66.0,91.0
37.0,442.0,-147.0,-301.0,46.0,28.0,-414.0,-208.0,-45.0,63.0
47.0,180.0,-153.0,-273.0,19.0,-31.0,26.0,-212.0,-53.0,72.0
42.0,-9.0,-212.0,-250.0,-31.0,-68.0,619.0,-151.0,-41.0,101.0
77.0,-41.0,-245.0,-194.0,-81.0,-12.0,710.0,-234.0,2.0,108.0
78.0,30.0,-244.0,-148.0,-103.0,33.0,186.0,-147.0,57.0,119.0
107.0,166.0,-278.0,-125.0,-101.0,4.0,-274.0,-208.0,99.0,129.0
113.0,358.0,-265.0,-131.0,-104.0,19.0,-263.0,-208.0,98.0,109.0
118.0,605.0,-278.0,-126.0,-118.0,166.0,-29.0,-105.0,49.0,77.0
113.0,845.0,-280.0,-105.0,-131.0,139.0,206.0,-199.0,-18.0,37.0
130.0,1019.0,-313.0,-96.0,-139.0,39.0,165.0,-96.0,-76.0,16.0
155.0,1136.0,-322.0,-58.0,-155.0,-21.0,-246.0,-157.0,-114.0,-19.0
158.0,1176.0,-330.0,-36.0,-188.0,-35.0,-586.0,-114.0,-128.0,-39.0
178.0,1095.0,-350.0,-25.0,-211.0,-47.0,-498.0,-44.0,-133.0,-9.0
185.0,923.0,-332.0,0.0,-195.0,-137.0,63.0,-66.0,-127.0,33.0
212.0,621.0,-375.0,3.0,-138.0,-149.0,595.0,33.0,-102.0,99.0
191.0,165.0,-360.0,34.0,-60.0,-141.0,406.0,-75.0,-42.0,183.0
171.0,-256.0,-363.0,66.0,15.0,-186.0,-31.0,51.0,18.0,296.0
145.0,-518.0,-361.0,89.0,77.0,-211.0,-160.0,77.0,55.0,389.0
115.0,-705.0,-319.0,162.0,122.0,-208.0,-67.0,70.0,57.0,455.0
98.0,-832.0,-296.0,226.0,152.0,-127.0,112.0,164.0,25.0,508.0
78.0,-793.0,-231.0,276.0,170.0,-3.0,232.0,72.0,12.0,517.0
63.0,-641.0,-186.0,327.0,173.0,-14.0,249.0,164.0,20.0,491.0
22.0,-530.0,-111.0,350.0,167.0,-8.0,135.0,101.0,75.0,428.0
-12.0,-499.0,-39.0,322.0,159.0,-51.0,-27.0,25.0,131.0,369.0
-70.0,-579.0,22.0,277.0,146.0,-158.0,-280.0,-16.0,144.0,293.0
-131.0,-776.0,118.0,224.0,117.0,-146.0,-352.0,-55.0,135.0,185.0
-207.0,-1004.0,215.0,162.0,73.0,-138.0,-27.0,-101.0,91.0,81.0
-253.0,-1162.0,323.0,104.0,33.0,-51.0,264.0,-232.0,57.0,-26.0
-286.0,-1197.0,419.0,29.0,18.0,-31.0,176.0,-107.0,23.0,-148.0
-317.0,-1202.0,517.0,-18.0,23.0,-35.0,-176.0,-7.0,-31.0,-277.0
-303.0,-1258.0,584.0,-72.0,15.0,-28.0,-239.0,177.0,-70.0,-381.0
-303.0,-1267.0,625.0,-111.0,-21.0,-89.0,-47.0,369.0,-101.0,-461.0
-295.0,-1144.0,662.0,-106.0,-79.0,48.0,-255.0,495.0,-117.0,-544.0
-295.0,-912.0,675.0,-135.0,-120.0,181.0,-650.0,750.0,-111.0,-601.0
-301.0,-623.0,660.0,-189.0,-122.0,162.0,-336.0,729.0,-128.0,-626.0
-288.0,-308.0,627.0,-204.0,-104.0,121.0,296.0,646.0,-167.0,-652.0
-262.0,-13.0,586.0,-228.0,-83.0,128.0,230.0,609.0,-217.0,-705.0
-231.0,191.0,521.0,-240.0,-60.0,171.0,-157.0,484.0,-236.0,-766.0
-189.0,344.0,457.0,-247.0,-39.0,183.0,-186.0,312.0,-178.0,-823.0
-136.0,556.0,408.0,-277.0,-28.0,203.0,-116.0,188.0,-102.0,-890.0
-75.0,762.0,350.0,-267.0,-36.0,203.0,-268.0,267.0,-43.0,-961.0
-16.0,835.0,297.0,-260.0,-62.0,110.0,-437.0,336.0,-7.0,-999.0
-4.0,819.0,252.0,-262.0,-91.0,-11.0,-423.0,495.0,8.0,-991.0
16.0,768.0,219.0,-259.0,-104.0,-85.0,-113.0,533.0,15.0,-1006.0
68.0,657.0,212.0,-235.0,-102.0,-79.0,256.0,570.0,20.0,-996.0
119.0,411.0,182.0,-245.0,-104.0,-54.0,274.0,711.0,47.0,-950.0
162.0,1.0,145.0,-227.0,-107.0,6.0,-60.0,533.0,87.0,-886.0
208.0,-436.0,138.0,-149.0,-107.0,185.0,-209.0,524.0,125.0,-811.0
280.0,-740.0,95.0,-114.0,-105.0,225.0,104.0,530.0,128.0,-741.0
344.0,-905.0,82.0,-23.0,-88.0,125.0,156.0,487.0,135.0,-648.0
389.0,-953.0,72.0,77.0,-43.0,65.0,-137.0,515.0,182.0,-583.0
409.0,-831.0,50.0,144.0,23.0,133.0,-191.0,424.0,236.0,-546.0
432.0,-607.0,63.0,224.0,94.0,242.0,-117.0,508.0,302.0,-514.0
441.0,-327.0,33.0,294.0,151.0,106.0,-228.0,495.0,379.0,-472.0
439.0,17.0,2.0,331.0,186.0,40.0,-258.0,430.0,447.0,-448.0
454.0,195.0,-23.0,349.0,201.0,152.0,83.0,339.0,502.0,-438.0
457.0,83.0,-57.0,366.0,206.0,185.0,467.0,334.0,546.0,-376.0
474.0,-122.0,-102.0,352.0,218.0,169.0,400.0,430.0,592.0,-341.0
480.0,-344.0,-111.0,287.0,256.0,144.0,-24.0,315.0,613.0,-351.0
472.0,-610.0,-127.0,204.0,328.0,201.0,-171.0,360.0,589.0,-348.0
452.0,-802.0,-186.0,131.0,406.0,213.0,-51.0,371.0,551.0,-324.0
407.0,-760.0,-198.0,48.0,444.0,175.0,0.0,450.0,523.0,-325.0
353.0,-403.0,-256.0,-33.0,420.0,221.0,42.0,570.0,496.0,-338.0
301.0,153.0,-296.0,-105.0,344.0,246.0,116.0,478.0,474.0,-317.0
239.0,638.0,-304.0,-136.0,236.0,221.0,89.0,509.0,441.0,-300.0
170.0,955.0,-342.0,-107.0,116.0,146.0,-78.0,482.0,403.0,-276.0
114.0,1132.0,-353.0,-94.0,18.0,106.0,-152.0,519.0,371.0,-222.0
51.0,1185.0,-369.0,-48.0,-17.0,169.0,-66.0,517.0,363.0,-122.0
4.0,1202.0,-390.0,-6.0,4.0,210.0,42.0,426.0,389.0,-21.0
-44.0,1230.0,-394.0,21.0,37.0,225.0,67.0,400.0,433.0,63.0
-87.0,1262.0,-368.0,52.0,28.0,235.0,-39.0,260.0,475.0,160.0
-123.0,1277.0,-341.0,56.0,-35.0,183.0,-212.0,328.0,479.0,250.0
-166.0,1169.0,-302.0,96.0,-121.0,214.0,-280.0,319.0,459.0,307.0
-188.0,816.0,-254.0,131.0,-193.0,325.0,-271.0,249.0,415.0,332.0
-206.0,260.0,-224.0,160.0,-235.0,374.0,-163.0,295.0,348.0,384.0
-209.0,-258.0,-174.0,177.0,-240.0,329.0,60.0,271.0,317.0,436.0
-196.0,-570.0,-103.0,190.0,-215.0,189.0,83.0,323.0,322.0,446.0
-170.0,-775.0,-53.0,167.0,-170.0,197.0,-188.0,286.0,323.0,449.0
-139.0,-993.0,1.0,99.0,-123.0,274.0,-528.0,330.0,301.0,455.0
-100.0,-1095.0,59.0,44.0,-93.0,279.0,-417.0,332.0,264.0,420.0
-56.0,-989.0,102.0,-26.0,-83.0,245.0,89.0,219.0,238.0,351.0
-15.0,-732.0,146.0,-79.0,-104.0,180.0,352.0,151.0,180.0,296.0
43.0,-301.0,176.0,-137.0,-169.0,185.0,262.0,57.0,56.0,231.0
108.0,260.0,198.0,-197.0,-265.0,70.0,12.0,121.0,-104.0,153.0
180.0,816.0,219.0,-214.0,-361.0,25.0,-166.0,121.0,-269.0,73.0
248.0,1291.0,223.0,-210.0,-416.0,182.0,-187.0,169.0,-395.0,36.0
271.0,1532.0,239.0,-186.0,-403.0,217.0,-151.0,192.0,-498.0,37.0
295.0,1418.0,255.0,-160.0,-329.0,171.0,-45.0,112.0,-591.0,31.0
318.0,1153.0,256.0,-119.0,-215.0,62.0,54.0,251.0,-697.0,68.0
314.0,990.0,272.0,-76.0,-101.0,-40.0,-34.0,273.0,-807.0,140.0
302.0,925.0,279.0,-56.0,-22.0,2.0,-238.0,338.0,-856.0,183.0
262.0,937.0,273.0,-52.0,2.0,41.0,-328.0,380.0,-839.0,183.0
223.0,1025.0,257.0,-85.0,-21.0,54.0,-225.0,290.0,-780.0,180.0
161.0,986.0,236.0,-139.0,-73.0,26.0,-102.0,199.0,-735.0,172.0
86.0,698.0,220.0,-222.0,-134.0,-39.0,-10.0,70.0,-688.0,117.0
12.0,371.0,206.0,-362.0,-182.0,12.0,130.0,219.0,-603.0,40.0
-87.0,182.0,212.0,-481.0,-183.0,50.0,165.0,238.0,-504.0,-30.0
-184.0,12.0,198.0,-539.0,-134.0,29.0,168.0,118.0,-411.0,-102.0
-280.0,-253.0,179.0,-565.0,-74.0,-28.0,237.0,55.0,-304.0,-184.0
-368.0,-553.0,176.0,-577.0,-36.0,-54.0,168.0,-31.0,-182.0,-250.0
-453.0,-779.0,155.0,-566.0,-31.0,43.0,-95.0,116.0,-68.0,-269.0
-514.0,-882.0,137.0,-514.0,-29.0,87.0,-210.0,92.0,31.0,-276.0
-565.0,-929.0,122.0,-460.0,25.0,49.0,-90.0,-35.0,73.0,-288.0
-583.0,-973.0,116.0,-432.0,147.0,25.0,-155.0,-105.0,58.0,-272.0
-584.0,-996.0,120.0,-401.0,277.0,96.0,-334.0,-120.0,29.0,-244.0
-575.0,-979.0,109.0,-359.0,324.0,79.0,-269.0,-103.0,38.0,-248.0
-534.0,-883.0,128.0,-333.0,256.0,-36.0,-101.0,-214.0,82.0,-275.0
-493.0,-770.0,132.0,-318.0,126.0,-14.0,-132.0,-162.0,123.0,-278.0
-423.0,-738.0,134.0,-319.0,2.0,28.0,-166.0,-206.0,162.0,-301.0
-351.0,-708.0,165.0,-340.0,-82.0,39.0,-88.0,-114.0,194.0,-356.0
-266.0,-656.0,164.0,-364.0,-119.0,-7.0,-74.0,94.0,223.0,-402.0
-192.0,-738.0,162.0,-373.0,-118.0,25.0,-65.0,84.0,266.0,-443.0
-116.0,-932.0,186.0,-343.0,-119.0,138.0,-62.0,145.0,312.0,-473.0
-38.0,-1020.0,185.0,-280.0,-148.0,127.0,-101.0,129.0,343.0,-502.0
29.0,-909.0,199.0,-183.0,-186.0,149.0,-191.0,236.0,348.0,-499.0
91.0,-645.0,235.0,-70.0,-194.0,202.0,-237.0,299.0,349.0,-456.0
140.0,-229.0,200.0,41.0,-164.0,236.0,-236.0,314.0,349.0,-411.0
196.0,315.0,199.0,164.0,-112.0,331.0,-204.0,373.0,369.0,-346.0
228.0,857.0,207.0,294.0,-39.0,393.0,-102.0,254.0,412.0,-247.0
266.0,1265.0,183.0,405.0,57.0,398.0,10.0,290.0,439.0,-153.0
292.0,1513.0,206.0,522.0,154.0,321.0,107.0,247.0,457.0,-82.0
333.0,1663.0,228.0,608.0,218.0,247.0,68.0,293.0,480.0,-6.0
372.0,1707.0,231.0,650.0,225.0,332.0,-58.0,360.0,511.0,68.0
394.0,1647.0,218.0,680.0,165.0,407.0,-112.0,280.0,552.0,105.0
419.0,1506.0,229.0,707.0,62.0,431.0,-100.0,360.0,561.0,108.0
441.0,1166.0,222.0,725.0,-38.0,536.0,-165.0,330.0,542.0,115.0
480.0,680.0,204.0,706.0,-93.0,627.0,-279.0,439.0,520.0,111.0
501.0,278.0,215.0,656.0,-99.0,553.0,-212.0,347.0,477.0,77.0
524.0,-44.0,222.0,613.0,-89.0,415.0,-23.0,201.0,399.0,49.0
560.0,-375.0,223.0,614.0,-87.0,462.0,16.0,391.0,283.0,44.0
606.0,-614.0,213.0,630.0,-91.0,619.0,-86.0,336.0,159.0,63.0
630.0,-700.0,223.0,658.0,-89.0,617.0,-59.0,328.0,71.0,84.0
642.0,-719.0,211.0,675.0,-64.0,521.0,112.0,175.0,17.0,116.0
656.0,-746.0,177.0,660.0,-4.0,523.0,271.0,18.0,-10.0,160.0
663.0,-827.0,158.0,644.0,85.0,665.0,328.0,55.0,-41.0,171.0
685.0,-997.0,127.0,602.0,195.0,768.0,236.0,7.0,-106.0,159.0
668.0,-1241.0,80.0,551.0,290.0,705.0,103.0,145.0,-153.0,157.0
671.0,-1445.0,43.0,503.0,332.0,589.0,73.0,256.0,-166.0,148.0
672.0,-1474.0,7.0,418.0,322.0,461.0,134.0,432.0,-138.0,104.0
644.0,-1335.0,-43.0,335.0,288.0,421.0,130.0,593.0,-88.0,64.0
630.0,-1246.0,-80.0,295.0,258.0,500.0,31.0,644.0,-79.0,52.0
577.0,-1304.0,-130.0,280.0,226.0,599.0,-14.0,655.0,-117.0,12.0
523.0,-1325.0,-183.0,287.0,178.0,553.0,8.0,652.0,-189.0,-59.0
422.0,-1291.0,-203.0,321.0,109.0,376.0,-19.0,746.0,-252.0,-113.0
322.0,-1321.0,-219.0,332.0,24.0,344.0,-41.0,652.0,-307.0,-146.0
248.0,-1389.0,-247.0,310.0,-58.0,348.0,7.0,583.0,-372.0,-183.0
160.0,-1385.0,-242.0,283.0,-98.0,284.0,60.0,436.0,-434.0,-231.0
116.0,-1218.0,-238.0,263.0,-71.0,271.0,47.0,243.0,-485.0,-238.0
60.0,-836.0,-264.0,224.0,-14.0,338.0,62.0,273.0,-504.0,-231.0
24.0,-205.0,-243.0,166.0,23.0,420.0,230.0,223.0,-499.0,-280.0
-40.0,581.0,-234.0,132.0,33.0,328.0,382.0,254.0,-464.0,-329.0
-115.0,1305.0,-218.0,69.0,41.0,259.0,268.0,238.0,-416.0,-346.0
-192.0,1746.0,-157.0,38.0,64.0,319.0,-63.0,227.0,-367.0,-376.0
-260.0,1902.0,-93.0,12.0,105.0,313.0,-257.0,288.0,-289.0,-418.0
-312.0,1961.0,-7.0,-57.0,142.0,327.0,-134.0,253.0,-179.0,-423.0
-337.0,2001.0,58.0,-107.0,140.0,308.0,80.0,360.0,-56.0,-400.0
-312.0,2143.0,137.0,-174.0,82.0,267.0,186.0,310.0,55.0,-409.0
-315.0,2457.0,184.0,-216.0,-27.0,227.0,204.0,232.0,166.0,-427.0
-280.0,2748.0,198.0,-229.0,-168.0,203.0,161.0,195.0,269.0,-428.0
-288.0,2779.0,246.0,-253.0,-297.0,201.0,107.0,138.0,343.0,-443.0
-268.0,2477.0,273.0,-289.0,-348.0,27.0,35.0,258.0,414.0,-495.0
-270.0,2030.0,335.0,-325.0,-311.0,-91.0,-74.0,199.0,495.0,-557.0
-259.0,1535.0,390.0,-361.0,-248.0,6.0,-101.0,177.0,553.0,-605.0
-199.0,763.0,418.0,-403.0,-200.0,217.0,-46.0,64.0,559.0,-664.0
-183.0,-255.0,474.0,-446.0,-166.0,302.0,18.0,-18.0,516.0,-714.0
-113.0,-1079.0,488.0,-456.0,-153.0,196.0,-17.0,68.0,465.0,-716.0
-110.0,-1530.0,491.0,-439.0,-186.0,188.0,-83.0,-3.0,436.0,-686.0
-68.0,-1754.0,514.0,-429.0,-248.0,131.0,1.0,24.0,395.0,-624.0
-53.0,-1887.0,527.0,-412.0,-306.0,24.0,38.0,-57.0,299.0,-519.0
-35.0,-1978.0,519.0,-353.0,-333.0,98.0,-76.0,-42.0,187.0,-357.0
-3.0,-1811.0,526.0,-239.0,-301.0,192.0,-183.0,-35.0,124.0,-159.0
10.0,-1301.0,512.0,-151.0,-206.0,113.0,-228.0,-29.0,100.0,51.0
49.0,-823.0,466.0,-99.0,-72.0,-47.0,-204.0,214.0,46.0,276.0
43.0,-650.0,437.0,-47.0,66.0,-38.0,-131.0,293.0,-76.0,497.0
73.0,-618.0,387.0,-7.0,186.0,156.0,-58.0,447.0,-217.0,666.0
55.0,-691.0,366.0,5.0,261.0,315.0,-39.0,369.0,-326.0,791.0
68.0,-982.0,338.0,-10.0,287.0,325.0,-99.0,123.0,-393.0,901.0
55.0,-1254.0,329.0,-39.0,281.0,333.0,-133.0,-38.0,-426.0,979.0
57.0,-1177.0,306.0,-54.0,264.0,329.0,-168.0,-254.0,-461.0,1021.0
63.0,-770.0,251.0,-65.0,225.0,194.0,-267.0,-345.0,-484.0,1035.0
35.0,-365.0,214.0,-85.0,178.0,219.0,-182.0,-406.0,-479.0,1056.0
39.0,-228.0,141.0,-74.0,170.0,354.0,75.0,-328.0,-418.0,1078.0
-3.0,-306.0,103.0,-41.0,195.0,367.0,117.0,-424.0,-303.0,1070.0
-29.0,-333.0,71.0,-2.0,182.0,295.0,-155.0,-552.0,-171.0,1081.0
-73.0,-232.0,49.0,45.0,88.0,249.0,-331.0,-389.0,-19.0,1109.0
-92.0,-91.0,36.0,92.0,-35.0,364.0,-133.0,-245.0,167.0,1126.0
-124.0,134.0,24.0,149.0,-104.0,401.0,113.0,-158.0,354.0,1131.0
-153.0,389.0,30.0,197.0,-92.0,417.0,71.0,-121.0,509.0,1119.0
-172.0,610.0,19.0,235.0,-54.0,479.0,-81.0,151.0,621.0,1087.0
-190.0,852.0,52.0,273.0,-54.0,457.0,-58.0,363.0,680.0,1006.0
-192.0,1015.0,71.0,293.0,-94.0,465.0,11.0,423.0,714.0,899.0
-190.0,1049.0,86.0,284.0,-136.0,445.0,12.0,424.0,710.0,794.0
-172.0,1056.0,123.0,258.0,-149.0,415.0,-8.0,155.0,677.0,689.0
-165.0,1050.0,132.0,229.0,-125.0,235.0,-104.0,92.0,635.0,561.0
-136.0,990.0,166.0,189.0,-76.0,86.0,-183.0,-38.0,582.0,419.0
-145.0,990.0,182.0,152.0,-39.0,278.0,-104.0,-96.0,533.0,300.0
-117.0,1061.0,185.0,132.0,-31.0,509.0,21.0,86.0,474.0,182.0
-104.0,1085.0,211.0,148.0,-22.0,533.0,20.0,86.0,403.0,76.0
-87.0,1194.0,195.0,183.0,15.0,273.0,0.0,86.0,323.0,13.0
-78.0,1474.0,186.0,231.0,78.0,138.0,126.0,-116.0,239.0,-37.0
-75.0,1642.0,189.0,287.0,132.0,256.0,221.0,-182.0,144.0,-70.0
-34.0,1553.0,178.0,371.0,141.0,346.0,79.0,-166.0,43.0,-67.0
-40.0,1371.0,177.0,465.0,130.0,400.0,-74.0,-190.0,-39.0,-40.0
-12.0,1091.0,150.0,529.0,133.0,283.0,41.0,-9.0,-89.0,-7.0
-8.0,657.0,145.0,603.0,164.0,85.0,260.0,99.0,-129.0,22.0
20.0,163.0,128.0,646.0,203.0,-107.0,212.0,175.0,-169.0,60.0
25.0,-323.0,62.0,686.0,197.0,-55.0,-12.0,-31.0,-203.0,84.0
30.0,-633.0,15.0,713.0,132.0,228.0,-11.0,-99.0,-235.0,66.0
18.0,-558.0,-13.0,685.0,50.0,320.0,208.0,-7.0,-228.0,29.0
-3.0,-227.0,-41.0,650.0,1.0,255.0,357.0,-99.0,-215.0,-6.0
2.0,59.0,-72.0,599.0,5.0,151.0,244.0,18.0,-252.0,-55.0
-51.0,318.0,-92.0,546.0,44.0,114.0,48.0,-29.0,-317.0,-124.0
-72.0,701.0,-89.0,481.0,98.0,103.0,108.0,35.0,-376.0,-175.0
-122.0,975.0,-131.0,384.0,157.0,198.0,327.0,190.0,-399.0,-228.0
-141.0,704.0,-174.0,295.0,217.0,373.0,326.0,94.0,-409.0,-279.0
-184.0,13.0,-191.0,228.0,266.0,325.0,157.0,107.0,-424.0,-345.0
-219.0,-435.0,-246.0,141.0,287.0,124.0,236.0,14.0,-434.0,-419.0
-240.0,-445.0,-264.0,66.0,271.0,37.0,435.0,40.0,-462.0,-460.0
-267.0,-467.0,-255.0,-6.0,236.0,137.0,411.0,116.0,-480.0,-536.0
-270.0,-684.0,-264.0,-93.0,202.0,175.0,240.0,208.0,-466.0,-605.0
-312.0,-770.0,-239.0,-161.0,166.0,164.0,208.0,328.0,-459.0,-630.0
-306.0,-672.0,-259.0,-224.0,129.0,179.0,461.0,157.0,-457.0,-642.0
-339.0,-743.0,-289.0,-290.0,94.0,202.0,691.0,149.0,-440.0,-640.0
-345.0,-1027.0,-268.0,-356.0,41.0,179.0,589.0,140.0,-400.0,-606.0
-355.0,-1263.0,-277.0,-372.0,-36.0,123.0,237.0,138.0,-352.0,-539.0
-363.0,-1381.0,-259.0,-380.0,-88.0,169.0,17.0,262.0,-314.0,-453.0
-348.0,-1365.0,-214.0,-361.0,-79.0,191.0,201.0,253.0,-301.0,-335.0
-346.0,-1073.0,-197.0,-306.0,-55.0,164.0,473.0,290.0,-309.0,-202.0
-311.0,-618.0,-147.0,-248.0,-94.0,129.0,495.0,367.0,-310.0,-55.0
-304.0,-232.0,-110.0,-155.0,-201.0,196.0,386.0,465.0,-286.0,61.0
-274.0,36.0,-83.0,-85.0,-305.0,219.0,330.0,354.0,-223.0,145.0
-276.0,177.0,-36.0,-15.0,-373.0,129.0,353.0,232.0,-147.0,244.0
-276.0,209.0,-21.0,58.0,-444.0,115.0,356.0,151.0,-46.0,306.0
-267.0,175.0,-3.0,97.0,-514.0,107.0,309.0,5.0,79.0,339.0
-276.0,217.0,35.0,116.0,-525.0,114.0,325.0,-75.0,179.0,402.0
-270.0,423.0,47.0,139.0,-469.0,16.0,474.0,-238.0,274.0,483.0
-247.0,567.0,53.0,158.0,-422.0,-24.0,591.0,-105.0,348.0,540.0
-206.0,394.0,73.0,160.0,-434.0,53.0,477.0,-25.0,404.0,573.0
-177.0,-33.0,42.0,161.0,-446.0,-6.0,333.0,16.0,466.0,620.0
-164.0,-530.0,27.0,121.0,-384.0,-61.0,362.0,121.0,521.0,658.0
-159.0,-1027.0,13.0,44.0,-295.0,-11.0,455.0,-27.0,569.0,669.0
-154.0,-1451.0,-28.0,-27.0,-251.0,9.0,490.0,16.0,588.0,697.0
-163.0,-1646.0,-28.0,-62.0,-232.0,-29.0,380.0,-72.0,578.0,731.0
-147.0,-1571.0,-46.0,-65.0,-207.0,-49.0,239.0,-92.0,562.0,736.0
-128.0,-1480.0,-48.0,-69.0,-199.0,-54.0,336.0,18.0,555.0,741.0
-80.0,-1574.0,-30.0,-41.0,-227.0,-50.0,520.0,18.0,575.0,765.0
-36.0,-1651.0,12.0,0.0,-257.0,-156.0,419.0,59.0,626.0,780.0
-2.0,-1493.0,48.0,46.0,-230.0,-243.0,164.0,-49.0,672.0,764.0
14.0,-1301.0,65.0,101.0,-130.0,-252.0,177.0,12.0,706.0,744.0
6.0,-1316.0,112.0,141.0,-1.0,-356.0,444.0,112.0,700.0,742.0
6.0,-1322.0,133.0,173.0,118.0,-365.0,422.0,136.0,651.0,750.0
-12.0,-967.0,159.0,211.0,201.0,-265.0,134.0,31.0,603.0,758.0
7.0,-379.0,202.0,262.0,237.0,-164.0,191.0,-168.0,511.0,785.0
28.0,11.0,244.0,302.0,244.0,-127.0,446.0,-208.0,402.0,827.0
67.0,191.0,287.0,334.0,253.0,-106.0,438.0,-267.0,299.0,834.0
91.0,453.0,318.0,325.0,269.0,-114.0,343.0,-188.0,200.0,805.0
117.0,712.0,321.0,299.0,259.0,-179.0,400.0,-247.0,113.0,745.0
122.0,731.0,327.0,285.0,196.0,-166.0,351.0,-338.0,16.0,649.0
118.0,704.0,316.0,222.0,100.0,-114.0,166.0,-219.0,-93.0,503.0
146.0,905.0,264.0,135.0,51.0,-127.0,162.0,-223.0,-220.0,337.0
153.0,1147.0,250.0,32.0,93.0,-305.0,295.0,-168.0,-341.0,190.0
195.0,1171.0,214.0,-74.0,173.0,-434.0,363.0,-210.0,-455.0,40.0
202.0,1100.0,148.0,-191.0,231.0,-361.0,408.0,-195.0,-534.0,-97.0
222.0,1014.0,140.0,-276.0,267.0,-243.0,399.0,-79.0,-587.0,-196.0
222.0,720.0,90.0,-326.0,289.0,-160.0,238.0,-75.0,-634.0,-258.0
217.0,332.0,26.0,-391.0,269.0,-78.0,146.0,75.0,-646.0,-315.0
218.0,161.0,12.0,-390.0,206.0,51.0,180.0,55.0,-646.0,-354.0
209.0,14.0,-25.0,-351.0,146.0,72.0,233.0,27.0,-630.0,-368.0
211.0,-381.0,-28.0,-297.0,94.0,16.0,191.0,36.0,-606.0,-401.0
196.0,-727.0,-21.0,-245.0,14.0,5.0,105.0,-86.0,-585.0,-449.0
183.0,-557.0,-23.0,-178.0,-99.0,-27.0,218.0,-53.0,-560.0,-511.0
128.0,1.0,-8.0,-79.0,-186.0,-54.0,257.0,-64.0,-546.0,-532.0
117.0,315.0,-5.0,7.0,-207.0,-86.0,17.0,-109.0,-507.0,-538.0
85.0,266.0,0.0,110.0,-191.0,-102.0,-279.0,-245.0,-455.0,-571.0
72.0,399.0,-1.0,217.0,-174.0,-79.0,-266.0,-338.0,-402.0,-579.0
47.0,851.0,-6.0,298.0,-161.0,-78.0,61.0,-304.0,-353.0,-594.0
-1.0,1201.0,-31.0,372.0,-129.0,-97.0,248.0,-310.0,-338.0,-628.0
-19.0,1279.0,-33.0,461.0,-71.0,-111.0,201.0,-201.0,-320.0,-655.0
-57.0,1248.0,-32.0,529.0,12.0,-21.0,83.0,-171.0,-298.0,-650.0
-75.0,1114.0,-67.0,589.0,115.0,80.0,-19.0,-181.0,-294.0,-613.0
-102.0,761.0,-61.0,644.0,185.0,95.0,-93.0,-351.0,-311.0,-570.0
-100.0,260.0,-61.0,672.0,176.0,73.0,-109.0,-537.0,-308.0,-515.0
-124.0,-268.0,-97.0,686.0,112.0,0.0,9.0,-471.0,-280.0,-447.0
-129.0,-864.0,-124.0,683.0,69.0,-35.0,224.0,-535.0,-253.0,-411.0
-147.0,-1516.0,-149.0,660.0,97.0,49.0,285.0,-556.0,-204.0,-414.0
-167.0,-2015.0,-174.0,605.0,181.0,61.0,83.0,-535.0,-146.0,-410.0
-177.0,-2112.0,-185.0,562.0,273.0,-85.0,-124.0,-487.0,-86.0,-391.0
-202.0,-1779.0,-202.0,525.0,326.0,-157.0,-27.0,-319.0,-37.0,-393.0
-192.0,-1161.0,-211.0,490.0,329.0,-114.0,196.0,-299.0,-28.0,-416.0
-207.0,-351.0,-221.0,486.0,310.0,-3.0,83.0,-266.0,-73.0,-401.0
-194.0,449.0,-248.0,497.0,286.0,23.0,-141.0,-254.0,-158.0,-373.0
-210.0,962.0,-249.0,514.0,266.0,14.0,-199.0,-243.0,-221.0,-349.0
-195.0,1132.0,-257.0,513.0,262.0,97.0,-131.0,-236.0,-257.0,-305.0
-171.0,1066.0,-252.0,499.0,267.0,45.0,88.0,-269.0,-275.0,-233.0
-148.0,931.0,-213.0,467.0,255.0,-35.0,337.0,-230.0,-262.0,-160.0
-98.0,755.0,-180.0,410.0,209.0,26.0,420.0,-243.0,-243.0,-115.0
-68.0,304.0,-118.0,365.0,143.0,138.0,186.0,-96.0,-205.0,-55.0
-24.0,-339.0,-56.0,311.0,90.0,105.0,-78.0,-7.0,-190.0,0.0
-8.0,-699.0,0.0,246.0,35.0,8.0,-174.0,27.0,-222.0,32.0
25.0,-698.0,51.0,169.0,-37.0,-20.0,-339.0,88.0,-235.0,63.0
45.0,-633.0,74.0,106.0,-92.0,-48.0,-315.0,57.0,-226.0,95.0
79.0,-624.0,99.0,76.0,-87.0,-39.0,172.0,107.0,-193.0,138.0
97.0,-587.0,116.0,32.0,-52.0,-1.0,459.0,-86.0,-168.0,153.0
106.0,-379.0,120.0,7.0,-57.0,85.0,54.0,-197.0,-150.0,171.0
123.0,39.0,156.0,17.0,-140.0,126.0,-350.0,-328.0,-127.0,233.0
102.0,598.0,157.0,42.0,-253.0,22.0,-281.0,-412.0,-121.0,289.0
78.0,1174.0,144.0,49.0,-304.0,-84.0,-23.0,-253.0,-108.0,342.0
41.0,1581.0,147.0,65.0,-269.0,-52.0,230.0,-391.0,-102.0,407.0
2.0,1729.0,101.0,74.0,-203.0,-22.0,313.0,-303.0,-61.0,469.0
-51.0,1644.0,57.0,79.0,-170.0,-117.0,58.0,-236.0,33.0,497.0
-78.0,1344.0,5.0,78.0,-196.0,-230.0,-300.0,-186.0,143.0,457.0
-116.0,901.0,-61.0,50.0,-269.0,-252.0,-310.0,1.0,259.0,406.0
-115.0,581.0,-137.0,51.0,-360.0,-238.0,0.0,-7.0,361.0,327.0
-138.0,606.0,-202.0,43.0,-434.0,-239.0,220.0,136.0,457.0,184.0
-197.0,768.0,-262.0,24.0,-458.0,-166.0,217.0,131.0,552.0,20.0
-221.0,651.0,-336.0,1.0,-412.0,-180.0,50.0,53.0,626.0,-143.0
-255.0,179.0,-377.0,-21.0,-323.0,-252.0,-187.0,-12.0,679.0,-275.0
-269.0,-407.0,-435.0,-56.0,-235.0,-234.0,-141.0,-3.0,714.0,-362.0
-287.0,-956.0,-465.0,-96.0,-161.0,-212.0,356.0,129.0,736.0,-380.0
-247.0,-1365.0,-484.0,-125.0,-100.0,-224.0,647.0,194.0,743.0,-343.0
-231.0,-1541.0,-518.0,-169.0,-62.0,-228.0,250.0,393.0,726.0,-295.0
-195.0,-1464.0,-506.0,-204.0,-52.0,-174.0,-204.0,356.0,669.0,-231.0
-173.0,-1138.0,-512.0,-234.0,-58.0,-187.0,-64.0,291.0,571.0,-126.0
-170.0,-749.0,-512.0,-252.0,-82.0,-292.0,309.0,229.0,463.0,-12.0
-147.0,-585.0,-502.0,-248.0,-142.0,-346.0,197.0,77.0,356.0,74.0
-153.0,-764.0,-495.0,-219.0,-215.0,-278.0,-140.0,96.0,248.0,166.0
-117.0,-1128.0,-469.0,-167.0,-244.0,-191.0,-70.0,-33.0,147.0,232.0
-126.0,-1392.0,-456.0,-100.0,-221.0,-244.0,191.0,27.0,60.0,250.0
-111.0,-1371.0,-419.0,-41.0,-168.0,-333.0,211.0,194.0,2.0,243.0
-111.0,-1005.0,-375.0,24.0,-86.0,-297.0,3.0,310.0,-28.0,241.0
-102.0,-486.0,-349.0,100.0,25.0,-190.0,-87.0,432.0,-51.0,250.0
-97.0,-89.0,-303.0,175.0,126.0,-137.0,57.0,262.0,-82.0,238.0
-123.0,128.0,-276.0,242.0,202.0,-108.0,156.0,131.0,-115.0,202.0
-120.0,230.0,-272.0,287.0,286.0,-76.0,73.0,-68.0,-137.0,173.0
-108.0,278.0,-280.0,324.0,380.0,-159.0,-10.0,-160.0,-111.0,141.0
-64.0,333.0,-286.0,328.0,435.0,-264.0,-13.0,-62.0,-31.0,84.0
-60.0,419.0,-277.0,276.0,426.0,-241.0,-104.0,-53.0,44.0,60.0
-50.0,554.0,-282.0,201.0,397.0,-158.0,-192.0,31.0,75.0,52.0
-67.0,709.0,-253.0,133.0,378.0,-108.0,-95.0,51.0,64.0,20.0
-98.0,729.0,-232.0,94.0,340.0,-135.0,118.0,295.0,71.0,-44.0
-137.0,610.0,-232.0,83.0,271.0,-161.0,280.0,454.0,117.0,-101.0
-187.0,446.0,-223.0,83.0,199.0,-232.0,173.0,371.0,199.0,-154.0
-191.0,203.0,-222.0,132.0,149.0,-260.0,-153.0,338.0,272.0,-228.0
-191.0,-114.0,-218.0,155.0,118.0,-166.0,-300.0,110.0,297.0,-266.0
-199.0,-317.0,-213.0,148.0,107.0,-121.0,-77.0,-5.0,306.0,-290.0
-200.0,-269.0,-206.0,158.0,125.0,-146.0,153.0,-164.0,312.0,-320.0
-191.0,-94.0,-216.0,126.0,159.0,-197.0,21.0,-149.0,315.0,-380.0
-198.0,88.0,-218.0,115.0,178.0,-157.0,-224.0,103.0,292.0,-448.0
-206.0,310.0,-240.0,103.0,174.0,-84.0,-168.0,171.0,222.0,-483.0
-206.0,506.0,-242.0,76.0,182.0,-93.0,-61.0,256.0,119.0,-526.0
-190.0,453.0,-242.0,56.0,224.0,-133.0,-205.0,234.0,-1.0,-569.0
-171.0,127.0,-275.0,29.0,270.0,-198.0,-241.0,251.0,-112.0,-590.0
-162.0,-232.0,-265.0,17.0,265.0,-306.0,3.0,279.0,-221.0,-568.0
-166.0,-550.0,-261.0,14.0,213.0,-413.0,134.0,315.0,-329.0,-532.0
-154.0,-919.0,-268.0,40.0,165.0,-396.0,-112.0,319.0,-435.0,-490.0
-157.0,-1220.0,-270.0,70.0,125.0,-281.0,-378.0,225.0,-526.0,-444.0
-147.0,-1188.0,-242.0,91.0,45.0,-248.0,-330.0,229.0,-566.0,-409.0
-124.0,-898.0,-250.0,119.0,-65.0,-368.0,-115.0,-33.0,-572.0,-375.0
-113.0,-700.0,-267.0,117.0,-138.0,-386.0,45.0,-153.0,-547.0,-338.0
-62.0,-647.0,-232.0,114.0,-158.0,-242.0,-62.0,-134.0,-502.0,-291.0
-48.0,-620.0,-247.0,144.0,-174.0,-181.0,-323.0,-205.0,-481.0,-278.0
-45.0,-661.0,-246.0,138.0,-219.0,-180.0,-282.0,-110.0,-467.0,-286.0
-49.0,-760.0,-219.0,134.0,-276.0,-214.0,56.0,-184.0,-449.0,-290.0
-64.0,-767.0,-225.0,141.0,-313.0,-313.0,192.0,-243.0,-405.0,-319.0
-80.0,-555.0,-190.0,135.0,-325.0,-365.0,-42.0,-380.0,-343.0,-381.0
-84.0,-213.0,-174.0,141.0,-309.0,-406.0,-258.0,-521.0,-315.0,-447.0
-67.0,-32.0,-170.0,112.0,-272.0,-423.0,-236.0,-491.0,-292.0,-493.0
-49.0,-76.0,-116.0,86.0,-222.0,-390.0,-221.0,-526.0,-266.0,-528.0
-12.0,-150.0,-93.0,55.0,-144.0,-394.0,-207.0,-367.0,-218.0,-535.0
1.0,-175.0,-78.0,-10.0,-41.0,-357.0,96.0,-225.0,-157.0,-524.0
8.0,-197.0,-46.0,-102.0,26.0,-273.0,345.0,-38.0,-84.0,-475.0
-10.0,-220.0,-35.0,-214.0,3.0,-219.0,135.0,157.0,1.0,-407.0
-8.0,-126.0,-43.0,-287.0,-91.0,-237.0,-154.0,186.0,85.0,-335.0
-26.0,143.0,-32.0,-327.0,-190.0,-226.0,-190.0,282.0,188.0,-210.0
-49.0,446.0,-39.0,-346.0,-258.0,-153.0,-65.0,194.0,281.0,-92.0
-43.0,582.0,-46.0,-338.0,-283.0,-158.0,19.0,136.0,352.0,-7.0
-48.0,523.0,-21.0,-308.0,-270.0,-169.0,59.0,62.0,382.0,84.0
-8.0,434.0,-9.0,-276.0,-259.0,-195.0,82.0,-42.0,379.0,180.0
23.0,406.0,16.0,-230.0,-284.0,-258.0,7.0,-42.0,362.0,239.0
86.0,478.0,35.0,-168.0,-322.0,-306.0,-113.0,-77.0,316.0,262.0
134.0,704.0,45.0,-69.0,-323.0,-322.0,-120.0,7.0,248.0,289.0
162.0,983.0,56.0,40.0,-278.0,-285.0,20.0,-55.0,161.0,351.0
196.0,1151.0,64.0,106.0,-211.0,-293.0,41.0,-24.0,105.0,386.0
196.0,1164.0,94.0,168.0,-151.0,-327.0,-19.0,64.0,76.0,378.0
184.0,1125.0,120.0,214.0,-117.0,-309.0,-45.0,53.0,70.0,368.0
147.0,1130.0,172.0,256.0,-131.0,-290.0,-81.0,120.0,70.0,305.0
126.0,1171.0,196.0,293.0,-176.0,-338.0,-20.0,48.0,65.0,240.0
81.0,1248.0,197.0,271.0,-194.0,-369.0,-7.0,177.0,69.0,179.0
36.0,1338.0,210.0,233.0,-156.0,-308.0,-91.0,214.0,65.0,135.0
-8.0,1378.0,161.0,229.0,-83.0,-289.0,-124.0,171.0,58.0,119.0
-66.0,1321.0,121.0,231.0,-25.0,-389.0,-124.0,190.0,24.0,91.0
-109.0,1183.0,96.0,213.0,-2.0,-477.0,-84.0,20.0,-27.0,118.0
-172.0,900.0,44.0,202.0,8.0,-469.0,-73.0,-27.0,-79.0,148.0
-197.0,375.0,10.0,176.0,30.0,-421.0,-169.0,-182.0,-100.0,153.0
-210.0,-177.0,-9.0,152.0,51.0,-432.0,-166.0,-133.0,-98.0,150.0
-230.0,-466.0,-13.0,143.0,39.0,-448.0,63.0,101.0,-117.0,162.0
-251.0,-514.0,-33.0,102.0,3.0,-371.0,211.0,210.0,-142.0,199.0
-302.0,-468.0,-56.0,50.0,-29.0,-306.0,-82.0,347.0,-172.0,190.0
-317.0,-361.0,-63.0,1.0,-50.0,-268.0,-481.0,362.0,-221.0,172.0
-312.0,-297.0,-109.0,-58.0,-58.0,-204.0,-475.0,358.0,-264.0,183.0
-318.0,-403.0,-109.0,-134.0,-41.0,-200.0,-201.0,144.0,-331.0,208.0
-294.0,-520.0,-90.0,-222.0,10.0,-311.0,40.0,57.0,-408.0,244.0
-251.0,-510.0,-105.0,-325.0,67.0,-380.0,46.0,157.0,-423.0,297.0
-202.0,-449.0,-72.0,-450.0,107.0,-359.0,-91.0,197.0,-379.0,349.0
-155.0,-331.0,-52.0,-549.0,158.0,-367.0,-101.0,267.0,-303.0,341.0
-99.0,-176.0,-32.0,-609.0,234.0,-447.0,-3.0,75.0,-233.0,264.0
-27.0,-121.0,29.0,-637.0,306.0,-529.0,9.0,86.0,-183.0,192.0
35.0,-249.0,72.0,-637.0,352.0,-481.0,-130.0,145.0,-124.0,107.0
75.0,-540.0,114.0,-602.0,377.0,-474.0,-172.0,-33.0,-40.0,2.0
105.0,-815.0,180.0,-504.0,395.0,-545.0,-86.0,-103.0,76.0,-58.0
149.0,-895.0,210.0,-387.0,430.0,-519.0,-193.0,-86.0,223.0,-80.0
151.0,-777.0,226.0,-246.0,481.0,-491.0,-404.0,96.0,356.0,-103.0
154.0,-572.0,237.0,-69.0,523.0,-569.0,-417.0,84.0,442.0,-167.0
147.0,-341.0,220.0,71.0,516.0,-638.0,-211.0,57.0,495.0,-206.0
153.0,-66.0,196.0,198.0,436.0,-536.0,-43.0,55.0,517.0,-195.0
177.0,244.0,147.0,358.0,304.0,-399.0,-149.0,-35.0,514.0,-182.0
141.0,524.0,115.0,488.0,171.0,-435.0,-317.0,48.0,496.0,-155.0
133.0,684.0,60.0,570.0,92.0,-556.0,-354.0,-18.0,430.0,-123.0
116.0,709.0,-1.0,640.0,100.0,-606.0,-268.0,83.0,342.0,-112.0
84.0,636.0,-26.0,664.0,166.0,-596.0,-98.0,116.0,255.0,-161.0
38.0,473.0,-102.0,651.0,231.0,-563.0,-84.0,-40.0,164.0,-226.0
-10.0,255.0,-163.0,626.0,264.0,-473.0,-188.0,-133.0,60.0,-252.0
-62.0,70.0,-192.0,552.0,264.0,-394.0,-186.0,-266.0,-51.0,-302.0
-133.0,-22.0,-264.0,468.0,214.0,-475.0,-154.0,-177.0,-159.0,-360.0
-189.0,32.0,-305.0,406.0,105.0,-540.0,-236.0,-218.0,-258.0,-366.0
-272.0,291.0,-343.0,357.0,-22.0,-466.0,-339.0,-99.0,-325.0,-331.0
-331.0,711.0,-425.0,339.0,-123.0,-468.0,-310.0,70.0,-383.0,-307.0
-376.0,1223.0,-485.0,359.0,-199.0,-530.0,-260.0,-36.0,-423.0,-290.0
-422.0,1732.0,-513.0,387.0,-272.0,-587.0,-268.0,-75.0,-451.0,-203.0
-450.0,2024.0,-566.0,412.0,-344.0,-598.0,-247.0,-240.0,-475.0,-94.0
-479.0,1928.0,-587.0,418.0,-409.0,-569.0,-177.0,-227.0,-478.0,-55.0
-478.0,1470.0,-580.0,403.0,-462.0,-607.0,-152.0,-149.0,-467.0,-36.0
-477.0,787.0,-593.0,382.0,-484.0,-623.0,-235.0,-66.0,-455.0,-11.0
-461.0,53.0,-568.0,325.0,-452.0,-538.0,-216.0,72.0,-458.0,-52.0
-436.0,-601.0,-546.0,283.0,-369.0,-488.0,-66.0,112.0,-448.0,-147.0
-417.0,-1093.0,-527.0,252.0,-271.0,-475.0,-101.0,317.0,-403.0,-214.0
-371.0,-1361.0,-488.0,193.0,-179.0,-396.0,-220.0,338.0,-331.0,-264.0
-336.0,-1493.0,-450.0,117.0,-113.0,-363.0,-196.0,330.0,-218.0,-329.0
-288.0,-1548.0,-400.0,47.0,-94.0,-409.0,-215.0,363.0,-102.0,-388.0
-238.0,-1431.0,-361.0,0.0,-130.0,-390.0,-268.0,271.0,-28.0,-398.0
-187.0,-1166.0,-320.0,-62.0,-178.0,-281.0,-139.0,253.0,5.0,-419.0
-136.0,-878.0,-279.0,-96.0,-188.0,-281.0,20.0,140.0,22.0,-465.0
-112.0,-627.0,-255.0,-94.0,-171.0,-413.0,-57.0,127.0,51.0,-471.0
-96.0,-505.0,-217.0,-88.0,-157.0,-431.0,-233.0,1.0,86.0,-435.0
-87.0,-604.0,-165.0,-110.0,-141.0,-358.0,-160.0,-40.0,118.0,-418.0
-56.0,-850.0,-117.0,-118.0,-110.0,-367.0,6.0,125.0,159.0,-441.0
-34.0,-1044.0,-61.0,-123.0,-82.0,-393.0,-114.0,158.0,212.0,-428.0
6.0,-1087.0,-5.0,-201.0,-94.0,-331.0,-236.0,308.0,247.0,-417.0
50.0,-1076.0,49.0,-259.0,-133.0,-189.0,-120.0,319.0,249.0,-443.0
93.0,-1088.0,108.0,-307.0,-149.0,-123.0,-131.0,369.0,233.0,-471.0
150.0,-1012.0,171.0,-361.0,-117.0,-152.0,-226.0,378.0,207.0,-473.0
175.0,-784.0,242.0,-401.0,-54.0,-89.0,-93.0,234.0,212.0,-472.0
216.0,-576.0,312.0,-425.0,12.0,7.0,40.0,177.0,239.0,-514.0
239.0,-550.0,362.0,-409.0,52.0,23.0,0.0,5.0,238.0,-508.0
285.0,-624.0,396.0,-397.0,55.0,53.0,21.0,-35.0,212.0,-453.0
297.0,-629.0,430.0,-383.0,35.0,123.0,13.0,-24.0,190.0,-385.0
280.0,-519.0,445.0,-381.0,14.0,94.0,-230.0,75.0,200.0,-283.0
257.0,-303.0,434.0,-374.0,11.0,43.0,-314.0,145.0,191.0,-122.0
232.0,-31.0,427.0,-342.0,19.0,68.0,-51.0,112.0,143.0,42.0
211.0,212.0,423.0,-294.0,24.0,100.0,112.0,145.0,96.0,149.0
184.0,448.0,396.0,-244.0,22.0,64.0,-27.0,31.0,58.0,275.0
213.0,786.0,365.0,-209.0,36.0,2.0,-208.0,29.0,61.0,426.0
214.0,1235.0,335.0,-178.0,66.0,106.0,-166.0,-55.0,73.0,563.0
249.0,1658.0,292.0,-159.0,92.0,175.0,24.0,-105.0,72.0,688.0
256.0,2030.0,240.0,-117.0,121.0,84.0,63.0,-62.0,72.0,827.0
245.0,2407.0,180.0,-79.0,145.0,61.0,-109.0,-175.0,69.0,960.0
244.0,2665.0,102.0,-77.0,141.0,110.0,-264.0,-57.0,93.0,1048.0
217.0,2624.0,12.0,-85.0,114.0,116.0,-186.0,-123.0,153.0,1120.0
223.0,2262.0,-79.0,-109.0,103.0,58.0,21.0,-134.0,202.0,1205.0
227.0,1679.0,-174.0,-138.0,133.0,58.0,85.0,-62.0,215.0,1271.0
245.0,1009.0,-267.0,-160.0,180.0,87.0,7.0,-116.0,203.0,1296.0
258.0,322.0,-343.0,-173.0,215.0,-48.0,-21.0,57.0,162.0,1342.0
289.0,-372.0,-388.0,-186.0,233.0,-205.0,1.0,-3.0,111.0,1396.0
284.0,-931.0,-421.0,-238.0,220.0,-123.0,-33.0,-22.0,67.0,1436.0
267.0,-1137.0,-424.0,-299.0,163.0,24.0,-98.0,-46.0,18.0,1448.0
219.0,-1024.0,-417.0,-352.0,83.0,23.0,-121.0,-35.0,-20.0,1453.0
151.0,-873.0,-402.0,-414.0,14.0,-56.0,14.0,118.0,-39.0,1450.0
90.0,-846.0,-386.0,-450.0,-23.0,-20.0,161.0,-42.0,-36.0,1378.0
5.0,-855.0,-347.0,-481.0,-37.0,19.0,83.0,-84.0,-6.0,1274.0
-50.0,-779.0,-277.0,-526.0,-39.0,-65.0,-43.0,-153.0,50.0,1145.0
-114.0,-620.0,-233.0,-572.0,-18.0,-81.0,-52.0,-195.0,139.0,970.0
-188.0,-423.0,-181.0,-619.0,22.0,-64.0,13.0,-173.0,234.0,772.0
-257.0,-243.0,-141.0,-664.0,60.0,-154.0,-46.0,-238.0,303.0,601.0
-291.0,-197.0,-117.0,-711.0,81.0,-307.0,-149.0,-168.0,347.0,473.0
-332.0,-303.0,-105.0,-733.0,86.0,-286.0,4.0,-216.0,390.0,367.0
-347.0,-399.0,-95.0,-742.0,94.0,-183.0,165.0,-221.0,427.0,284.0
-352.0,-366.0,-57.0,-720.0,103.0,-232.0,141.0,-254.0,439.0,254.0
-366.0,-226.0,-59.0,-672.0,88.0,-292.0,108.0,-290.0,403.0,250.0
-367.0,-66.0,-61.0,-594.0,43.0,-274.0,52.0,-279.0,295.0,207.0
-379.0,16.0,-44.0,-480.0,-12.0,-198.0,-25.0,-310.0,168.0,159.0
-384.0,42.0,-65.0,-349.0,-49.0,-176.0,-5.0,-131.0,58.0,105.0
-408.0,88.0,-67.0,-189.0,-51.0,-236.0,35.0,-149.0,-56.0,-2.0
-415.0,130.0,-38.0,-79.0,-17.0,-250.0,-42.0,-197.0,-180.0,-163.0
-409.0,171.0,-22.0,-2.0,45.0,-338.0,-171.0,-112.0,-294.0,-346.0
-367.0,265.0,-3.0,81.0,116.0,-518.0,-179.0,-171.0,-368.0,-548.0
-330.0,364.0,22.0,145.0,157.0,-510.0,-128.0,-179.0,-412.0,-740.0
-291.0,343.0,40.0,183.0,148.0,-421.0,-208.0,-182.0,-416.0,-872.0
-241.0,208.0,22.0,218.0,105.0,-422.0,-338.0,-182.0,-416.0,-917.0
-216.0,48.0,16.0,265.0,50.0,-383.0,-349.0,-275.0,-433.0,-884.0
-197.0,-160.0,3.0,290.0,-3.0,-285.0,-277.0,-299.0,-427.0,-825.0
-201.0,-398.0,-21.0,304.0,-59.0,-244.0,-249.0,-325.0,-409.0,-714.0
-203.0,-578.0,-6.0,311.0,-113.0,-283.0,-254.0,-413.0,-390.0,-590.0
-216.0,-674.0,-16.0,324.0,-158.0,-194.0,-285.0,-277.0,-362.0,-499.0
-206.0,-711.0,-15.0,318.0,-182.0,-8.0,-393.0,-280.0,-327.0,-452.0
-200.0,-699.0,-3.0,297.0,-185.0,42.0,-487.0,-194.0,-289.0,-429.0
-198.0,-692.0,-4.0,292.0,-172.0,-37.0,-500.0,-81.0,-240.0,-425.0
-194.0,-705.0,2.0,263.0,-156.0,-185.0,-432.0,-110.0,-198.0,-501.0
-204.0,-622.0,19.0,235.0,-149.0,-273.0,-434.0,14.0,-149.0,-588.0
-215.0,-397.0,36.0,224.0,-151.0,-252.0,-506.0,35.0,-79.0,-657.0
-244.0,-77.0,51.0,211.0,-163.0,-184.0,-423.0,70.0,4.0,-718.0
-256.0,284.0,85.0,219.0,-185.0,-57.0,-304.0,-5.0,97.0,-776.0
-284.0,649.0,88.0,242.0,-210.0,-24.0,-324.0,-42.0,158.0,-791.0
-297.0,929.0,92.0,274.0,-226.0,-131.0,-438.0,5.0,199.0,-757.0
-320.0,1051.0,88.0,292.0,-234.0,-124.0,-395.0,-40.0,214.0,-761.0
-351.0,1062.0,76.0,279.0,-227.0,23.0,-261.0,70.0,214.0,-759.0
-351.0,1018.0,75.0,245.0,-193.0,139.0,-251.0,-59.0,247.0,-771.0
-346.0,980.0,74.0,188.0,-152.0,173.0,-235.0,-149.0,279.0,-800.0
-319.0,1000.0,101.0,128.0,-128.0,187.0,-246.0,-140.0,294.0,-847.0
-294.0,995.0,123.0,44.0,-109.0,257.0,-303.0,-188.0,284.0,-920.0
-263.0,843.0,156.0,-65.0,-71.0,281.0,-308.0,-16.0,261.0,-934.0
-227.0,609.0,169.0,-159.0,-14.0,230.0,-218.0,-79.0,217.0,-937.0
-187.0,452.0,190.0,-244.0,43.0,304.0,-171.0,-120.0,141.0,-923.0
-150.0,338.0,192.0,-332.0,94.0,340.0,-211.0,-195.0,74.0,-856.0
-90.0,143.0,155.0,-404.0,140.0,178.0,-141.0,-384.0,0.0,-750.0
-4.0,-114.0,142.0,-447.0,181.0,73.0,-66.0,-395.0,-67.0,-626.0
94.0,-419.0,93.0,-454.0,210.0,77.0,-55.0,-500.0,-94.0,-508.0
176.0,-738.0,51.0,-422.0,226.0,126.0,7.0,-439.0,-112.0,-339.0
247.0,-905.0,13.0,-395.0,226.0,150.0,66.0,-412.0,-145.0,-147.0
309.0,-868.0,-30.0,-370.0,216.0,135.0,31.0,-424.0,-166.0,13.0
364.0,-741.0,-47.0,-341.0,205.0,181.0,-40.0,-271.0,-150.0,141.0
413.0,-597.0,-83.0,-307.0,198.0,217.0,-84.0,-151.0,-98.0,236.0
430.0,-457.0,-113.0,-280.0,207.0,257.0,-117.0,-27.0,-24.0,284.0
456.0,-384.0,-145.0,-276.0,227.0,365.0,-155.0,-92.0,38.0,242.0
462.0,-390.0,-158.0,-248.0,251.0,397.0,-202.0,-147.0,96.0,204.0
489.0,-412.0,-152.0,-204.0,269.0,278.0,-159.0,-147.0,159.0,170.0
491.0,-415.0,-152.0,-179.0,276.0,169.0,-23.0,-72.0,203.0,97.0
509.0,-382.0,-127.0,-155.0,269.0,119.0,44.0,22.0,226.0,47.0
545.0,-354.0,-97.0,-118.0,238.0,104.0,47.0,-103.0,217.0,38.0
565.0,-401.0,-58.0,-103.0,191.0,102.0,62.0,-136.0,196.0,72.0
590.0,-516.0,-14.0,-87.0,137.0,37.0,1.0,-271.0,197.0,112.0
572.0,-641.0,67.0,-53.0,85.0,16.0,-131.0,-349.0,196.0,182.0
562.0,-676.0,141.0,-31.0,45.0,22.0,-121.0,-354.0,182.0,309.0
520.0,-576.0,216.0,-23.0,39.0,33.0,21.0,-434.0,181.0,437.0
511.0,-372.0,304.0,-5.0,71.0,148.0,43.0,-279.0,208.0,531.0
465.0,-99.0,338.0,37.0,117.0,262.0,-66.0,-227.0,253.0,639.0
431.0,162.0,381.0,53.0,139.0,238.0,-105.0,-57.0,302.0,737.0
397.0,352.0,407.0,65.0,127.0,91.0,-136.0,49.0,333.0,771.0
318.0,464.0,440.0,72.0,100.0,55.0,-261.0,9.0,348.0,766.0
263.0,442.0,475.0,44.0,70.0,66.0,-318.0,90.0,361.0,745.0
171.0,233.0,487.0,7.0,26.0,-16.0,-253.0,3.0,376.0,705.0
108.0,-97.0,523.0,-76.0,-44.0,-70.0,-199.0,-11.0,393.0,619.0
8.0,-393.0,529.0,-192.0,-132.0,-85.0,-205.0,-145.0,391.0,553.0
-51.0,-567.0,544.0,-341.0,-220.0,-35.0,-195.0,-225.0,382.0,508.0
-118.0,-655.0,572.0,-504.0,-292.0,12.0,-162.0,-277.0,354.0,457.0
-180.0,-700.0,559.0,-623.0,-336.0,46.0,-152.0,-482.0,311.0,424.0
-248.0,-669.0,535.0,-747.0,-350.0,47.0,-160.0,-428.0,269.0,430.0
-317.0,-547.0,486.0,-852.0,-343.0,-56.0,-256.0,-380.0,216.0,470.0
-379.0,-431.0,411.0,-938.0,-321.0,-83.0,-372.0,-230.0,155.0,492.0
-487.0,-394.0,330.0,-1012.0,-283.0,-4.0,-335.0,-101.0,84.0,526.0
-521.0,-333.0,236.0,-1039.0,-242.0,42.0,-191.0,-57.0,22.0,583.0
-565.0,-140.0,142.0,-1030.0,-222.0,15.0,-87.0,36.0,-8.0,609.0
-548.0,136.0,75.0,-996.0,-230.0,-48.0,-54.0,-3.0,-25.0,628.0
-539.0,406.0,27.0,-939.0,-250.0,-134.0,-56.0,12.0,-44.0,654.0
-502.0,565.0,-8.0,-854.0,-265.0,-231.0,-95.0,-72.0,-67.0,690.0
-455.0,489.0,-30.0,-747.0,-272.0,-244.0,-120.0,18.0,-88.0,727.0
-417.0,172.0,-66.0,-643.0,-266.0,-131.0,-77.0,109.0,-107.0,757.0
-352.0,-248.0,-98.0,-565.0,-244.0,30.0,1.0,-92.0,-130.0,793.0
-306.0,-657.0,-125.0,-501.0,-207.0,53.0,42.0,-116.0,-146.0,805.0
-211.0,-987.0,-148.0,-432.0,-157.0,-42.0,-12.0,-201.0,-147.0,778.0
-155.0,-1153.0,-159.0,-331.0,-103.0,-50.0,-118.0,-195.0,-152.0,730.0
-64.0,-1064.0,-174.0,-213.0,-53.0,50.0,-169.0,-121.0,-153.0,670.0
-11.0,-675.0,-200.0,-109.0,-4.0,125.0,-154.0,-158.0,-151.0,579.0
38.0,-112.0,-223.0,3.0,53.0,93.0,-172.0,-107.0,-170.0,446.0
95.0,387.0,-239.0,102.0,124.0,43.0,-172.0,-144.0,-185.0,317.0
155.0,681.0,-253.0,173.0,198.0,-11.0,-168.0,-81.0,-207.0,210.0
214.0,810.0,-227.0,238.0,260.0,-57.0,-175.0,24.0,-230.0,100.0
235.0,927.0,-187.0,266.0,295.0,31.0,-89.0,125.0,-219.0,-24.0
278.0,1079.0,-130.0,277.0,290.0,219.0,-9.0,182.0,-200.0,-124.0
283.0,1209.0,-62.0,279.0,255.0,259.0,-35.0,208.0,-172.0,-197.0
314.0,1289.0,-13.0,237.0,203.0,146.0,-73.0,328.0,-141.0,-278.0
306.0,1289.0,58.0,179.0,140.0,178.0,-10.0,238.0,-108.0,-344.0
308.0,1186.0,99.0,102.0,74.0,292.0,39.0,216.0,-83.0,-362.0
297.0,975.0,137.0,18.0,18.0,271.0,3.0,168.0,-83.0,-359.0
285.0,718.0,190.0,-20.0,-17.0,218.0,-3.0,120.0,-91.0,-354.0
270.0,507.0,204.0,-41.0,-40.0,196.0,79.0,234.0,-113.0,-315.0
236.0,417.0,233.0,-47.0,-60.0,210.0,145.0,188.0,-154.0,-258.0
244.0,523.0,265.0,-28.0,-81.0,279.0,99.0,188.0,-213.0,-217.0
235.0,826.0,294.0,16.0,-111.0,248.0,81.0,109.0,-284.0,-175.0
269.0,1230.0,335.0,67.0,-152.0,204.0,107.0,62.0,-370.0,-109.0
290.0,1561.0,374.0,93.0,-186.0,317.0,131.0,-18.0,-465.0,-37.0
337.0,1666.0,403.0,133.0,-192.0,427.0,208.0,-190.0,-547.0,26.0
376.0,1509.0,422.0,179.0,-175.0,416.0,312.0,-192.0,-606.0,85.0
405.0,1161.0,437.0,184.0,-148.0,319.0,339.0,-258.0,-642.0,147.0
424.0,705.0,403.0,145.0,-113.0,216.0,274.0,-188.0,-661.0,194.0
417.0,224.0,376.0,51.0,-64.0,261.0,265.0,-142.0,-661.0,199.0
410.0,-146.0,363.0,-49.0,5.0,415.0,271.0,-118.0,-632.0,207.0
367.0,-289.0,324.0,-131.0,94.0,404.0,213.0,-18.0,-572.0,228.0
330.0,-221.0,312.0,-207.0,188.0,271.0,219.0,-94.0,-501.0,218.0
285.0,-91.0,286.0,-267.0,262.0,248.0,273.0,-77.0,-434.0,195.0
246.0,-16.0,248.0,-314.0,303.0,333.0,222.0,-73.0,-358.0,194.0
192.0,-81.0,221.0,-354.0,310.0,352.0,146.0,-75.0,-282.0,193.0
158.0,-341.0,148.0,-346.0,295.0,233.0,183.0,-123.0,-189.0,172.0
115.0,-759.0,68.0,-297.0,266.0,168.0,203.0,-240.0,-68.0,150.0
97.0,-1245.0,-20.0,-263.0,232.0,246.0,146.0,-304.0,54.0,148.0
95.0,-1641.0,-103.0,-219.0,202.0,390.0,93.0,-432.0,126.0,138.0
103.0,-1827.0,-155.0,-207.0,175.0,423.0,71.0,-388.0,170.0,98.0
112.0,-1815.0,-192.0,-204.0,152.0,363.0,70.0,-352.0,193.0,71.0
98.0,-1699.0,-191.0,-179.0,124.0,379.0,146.0,-284.0,182.0,56.0
93.0,-1538.0,-204.0,-158.0,92.0,361.0,352.0,-303.0,195.0,39.0
58.0,-1330.0,-209.0,-103.0,65.0,332.0,464.0,-515.0,199.0,46.0
51.0,-1082.0,-229.0,-78.0,58.0,403.0,397.0,-506.0,186.0,59.0
17.0,-791.0,-277.0,-70.0,77.0,444.0,378.0,-604.0,185.0,53.0
-2.0,-456.0,-259.0,-72.0,107.0,339.0,352.0,-543.0,182.0,27.0
-29.0,-103.0,-267.0,-85.0,133.0,202.0,222.0,-362.0,183.0,12.0
-33.0,244.0,-245.0,-66.0,152.0,178.0,192.0,-269.0,176.0,37.0
-36.0,578.0,-192.0,-72.0,161.0,183.0,274.0,-90.0,142.0,79.0
-48.0,901.0,-168.0,-79.0,141.0,133.0,252.0,-136.0,95.0,123.0
-42.0,1158.0,-85.0,-73.0,89.0,134.0,157.0,-184.0,40.0,200.0
-65.0,1268.0,-27.0,-69.0,27.0,233.0,97.0,-277.0,-22.0,321.0
-47.0,1220.0,59.0,-27.0,-13.0,262.0,106.0,-258.0,-40.0,457.0
-73.0,1065.0,166.0,20.0,-26.0,128.0,204.0,-238.0,-37.0,613.0
-72.0,903.0,244.0,69.0,-19.0,40.0,285.0,-352.0,-31.0,795.0
-90.0,856.0,349.0,109.0,-4.0,133.0,339.0,-219.0,26.0,964.0
-84.0,963.0,428.0,107.0,13.0,172.0,358.0,-192.0,102.0,1085.0
-88.0,1095.0,494.0,102.0,36.0,65.0,279.0,-60.0,212.0,1156.0
-126.0,1116.0,556.0,91.0,64.0,-6.0,213.0,31.0,347.0,1182.0
-134.0,1017.0,615.0,70.0,97.0,52.0,222.0,14.0,464.0,1131.0
-158.0,815.0,655.0,44.0,129.0,79.0,233.0,175.0,558.0,1037.0
-159.0,509.0,705.0,-5.0,144.0,6.0,272.0,177.0,605.0,948.0
-180.0,153.0,747.0,-34.0,129.0,4.0,303.0,251.0,632.0,842.0
-144.0,-152.0,758.0,-40.0,87.0,0.0,239.0,284.0,641.0,722.0
-115.0,-400.0,744.0,-37.0,25.0,-7.0,241.0,269.0,605.0,591.0
-61.0,-610.0,702.0,-30.0,-44.0,23.0,319.0,238.0,521.0,461.0
-9.0,-729.0,647.0,-7.0,-116.0,20.0,272.0,77.0,401.0,334.0
32.0,-705.0,585.0,10.0,-167.0,51.0,206.0,72.0,292.0,185.0
101.0,-543.0,521.0,-1.0,-180.0,39.0,213.0,75.0,169.0,48.0
176.0,-309.0,409.0,34.0,-173.0,12.0,216.0,127.0,31.0,-57.0
247.0,-110.0,325.0,66.0,-175.0,-1.0,225.0,35.0,-113.0,-164.0
289.0,-20.0,237.0,70.0,-198.0,-61.0,225.0,-18.0,-264.0,-258.0
362.0,-75.0,109.0,71.0,-232.0,-38.0,235.0,96.0,-382.0,-310.0
380.0,-230.0,26.0,42.0,-262.0,3.0,281.0,14.0,-457.0,-332.0
420.0,-369.0,-62.0,41.0,-276.0,-87.0,325.0,68.0,-507.0,-382.0
444.0,-498.0,-163.0,55.0,-267.0,-156.0,339.0,51.0,-575.0,-449.0
479.0,-710.0,-202.0,69.0,-216.0,-50.0,312.0,51.0,-653.0,-489.0
516.0,-963.0,-258.0,72.0,-132.0,107.0,277.0,142.0,-706.0,-559.0
545.0,-1149.0,-306.0,52.0,-33.0,123.0,322.0,97.0,-745.0,-653.0
579.0,-1210.0,-327.0,6.0,53.0,7.0,453.0,84.0,-771.0,-723.0
577.0,-1130.0,-398.0,-44.0,116.0,-12.0,504.0,-49.0,-784.0,-772.0
587.0,-953.0,-447.0,-65.0,168.0,104.0,490.0,-57.0,-795.0,-825.0
567.0,-722.0,-493.0,-92.0,212.0,135.0,459.0,-81.0,-781.0,-905.0
573.0,-432.0,-541.0,-132.0,247.0,75.0,355.0,-171.0,-730.0,-963.0
552.0,-103.0,-579.0,-193.0,271.0,75.0,279.0,-190.0,-634.0,-992.0
551.0,292.0,-601.0,-221.0,275.0,65.0,328.0,-303.0,-508.0,-1017.0
509.0,728.0,-626.0,-225.0,250.0,-35.0,391.0,-284.0,-377.0,-1006.0
467.0,1017.0,-655.0,-244.0,189.0,-50.0,370.0,-349.0,-226.0,-927.0
450.0,1061.0,-631.0,-240.0,105.0,36.0,384.0,-325.0,-94.0,-822.0
390.0,955.0,-624.0,-256.0,18.0,174.0,497.0,-182.0,29.0,-743.0
343.0,772.0,-574.0,-294.0,-41.0,290.0,574.0,-72.0,156.0,-646.0
297.0,574.0,-507.0,-346.0,-72.0,255.0,550.0,199.0,242.0,-579.0
275.0,457.0,-452.0,-371.0,-89.0,227.0,528.0,293.0,315.0,-570.0
215.0,486.0,-359.0,-347.0,-100.0,199.0,501.0,347.0,368.0,-581.0
189.0,701.0,-287.0,-342.0,-107.0,136.0,468.0,345.0,394.0,-594.0
175.0,1012.0,-202.0,-332.0,-91.0,166.0,500.0,245.0,428.0,-577.0
162.0,1221.0,-127.0,-295.0,-39.0,222.0,589.0,205.0,463.0,-560.0
147.0,1200.0,-61.0,-259.0,48.0,196.0,673.0,151.0,474.0,-507.0
106.0,994.0,22.0,-199.0,153.0,128.0,652.0,227.0,466.0,-396.0
85.0,753.0,59.0,-133.0,242.0,106.0,576.0,184.0,433.0,-267.0
52.0,521.0,107.0,-95.0,300.0,114.0,431.0,184.0,383.0,-128.0
12.0,285.0,169.0,-89.0,333.0,150.0,276.0,201.0,322.0,44.0
-14.0,72.0,173.0,-91.0,352.0,229.0,320.0,212.0,228.0,250.0
-26.0,-81.0,197.0,-106.0,351.0,358.0,447.0,421.0,134.0,429.0
-53.0,-166.0,238.0,-130.0,306.0,392.0,518.0,391.0,71.0,604.0
-78.0,-240.0,241.0,-110.0,219.0,381.0,586.0,367.0,54.0,774.0
-113.0,-373.0,261.0,-87.0,108.0,448.0,623.0,210.0,64.0,910.0
-123.0,-551.0,262.0,-86.0,-6.0,448.0,476.0,-33.0,57.0,990.0
-130.0,-681.0,234.0,-87.0,-114.0,349.0,250.0,-51.0,33.0,1021.0
-162.0,-697.0,216.0,-83.0,-209.0,240.0,199.0,-149.0,0.0,1060.0
-186.0,-567.0,170.0,-58.0,-279.0,310.0,236.0,-57.0,-49.0,1057.0
-196.0,-297.0,118.0,3.0,-317.0,452.0,216.0,60.0,-71.0,1010.0
-216.0,10.0,71.0,78.0,-310.0,492.0,221.0,216.0,-58.0,965.0
-239.0,267.0,12.0,106.0,-259.0,528.0,313.0,339.0,-42.0,899.0
-246.0,420.0,-31.0,121.0,-170.0,543.0,380.0,258.0,-2.0,789.0
-250.0,451.0,-86.0,145.0,-61.0,473.0,353.0,352.0,55.0,653.0
-237.0,468.0,-150.0,163.0,41.0,452.0,291.0,437.0,114.0,548.0
-256.0,490.0,-182.0,179.0,119.0,579.0,222.0,487.0,171.0,472.0
-265.0,411.0,-210.0,190.0,161.0,615.0,118.0,351.0,211.0,375.0
-287.0,225.0,-223.0,199.0,181.0,425.0,6.0,138.0,275.0,312.0
-311.0,19.0,-193.0,163.0,187.0,232.0,-71.0,206.0,344.0,298.0
-320.0,-162.0,-178.0,125.0,178.0,206.0,-60.0,206.0,392.0,274.0
-350.0,-339.0,-155.0,99.0,156.0,333.0,87.0,171.0,442.0,284.0
-349.0,-478.0,-87.0,13.0,121.0,415.0,141.0,182.0,497.0,342.0
-334.0,-600.0,-60.0,-48.0,72.0,373.0,1.0,221.0,532.0,417.0
-293.0,-746.0,-16.0,-104.0,17.0,354.0,-102.0,206.0,500.0,495.0
-271.0,-861.0,15.0,-172.0,-35.0,279.0,-128.0,201.0,433.0,561.0
-242.0,-914.0,36.0,-196.0,-84.0,182.0,-229.0,238.0,379.0,651.0
-220.0,-879.0,85.0,-204.0,-130.0,205.0,-314.0,166.0,344.0,703.0
-220.0,-686.0,74.0,-214.0,-168.0,280.0,-219.0,314.0,325.0,705.0
-211.0,-326.0,93.0,-240.0,-184.0,287.0,-61.0,404.0,311.0,708.0
-213.0,31.0,90.0,-259.0,-171.0,187.0,-28.0,528.0,282.0,686.0
-194.0,262.0,24.0,-275.0,-141.0,194.0,-145.0,655.0,239.0,632.0
-175.0,383.0,-7.0,-292.0,-116.0,284.0,-221.0,596.0,251.0,565.0
-140.0,433.0,-29.0,-311.0,-109.0,231.0,-185.0,733.0,291.0,518.0
-118.0,484.0,-71.0,-334.0,-118.0,158.0,-196.0,593.0,319.0,457.0
-115.0,608.0,-75.0,-341.0,-138.0,215.0,-314.0,509.0,359.0,384.0
-134.0,723.0,-53.0,-303.0,-170.0,242.0,-407.0,491.0,412.0,330.0
-165.0,722.0,-48.0,-251.0,-197.0,193.0,-358.0,242.0,466.0,281.0
-182.0,675.0,-17.0,-169.0,-211.0,253.0,-322.0,173.0,504.0,235.0
-187.0,610.0,0.0,-58.0,-213.0,380.0,-354.0,29.0,493.0,164.0
-168.0,439.0,23.0,37.0,-209.0,459.0,-306.0,-62.0,404.0,111.0
-152.0,190.0,33.0,182.0,-205.0,446.0,-230.0,-138.0,276.0,73.0
-116.0,-74.0,22.0,339.0,-197.0,381.0,-255.0,-168.0,160.0,-10.0
-87.0,-268.0,29.0,508.0,-174.0,392.0,-320.0,-103.0,40.0,-111.0
-74.0,-250.0,10.0,675.0,-128.0,348.0,-329.0,0.0,-98.0,-195.0
-46.0,-109.0,4.0,772.0,-62.0,244.0,-344.0,160.0,-252.0,-276.0
-10.0,-11.0,16.0,813.0,11.0,202.0,-373.0,84.0,-411.0,-375.0
11.0,40.0,14.0,808.0,73.0,163.0,-398.0,136.0,-569.0,-424.0
32.0,1.0,31.0,803.0,100.0,187.0,-412.0,121.0,-730.0,-409.0
52.0,-139.0,32.0,761.0,90.0,240.0,-337.0,16.0,-852.0,-408.0
80.0,-187.0,22.0,688.0,62.0,247.0,-250.0,120.0,-913.0,-400.0
120.0,-98.0,66.0,605.0,40.0,208.0,-311.0,151.0,-948.0,-349.0
151.0,-72.0,69.0,505.0,32.0,188.0,-410.0,293.0,-939.0,-292.0
164.0,-112.0,54.0,412.0,43.0,187.0,-366.0,301.0,-884.0,-288.0
154.0,-141.0,63.0,307.0,69.0,153.0,-240.0,234.0,-820.0,-320.0
160.0,-213.0,18.0,248.0,106.0,107.0,-165.0,194.0,-758.0,-366.0
140.0,-323.0,-9.0,226.0,154.0,71.0,-208.0,145.0,-705.0,-433.0
97.0,-387.0,8.0,223.0,202.0,116.0,-229.0,310.0,-663.0,-508.0
50.0,-444.0,19.0,276.0,243.0,79.0,-245.0,336.0,-611.0,-569.0
16.0,-627.0,54.0,362.0,266.0,-33.0,-331.0,419.0,-535.0,-582.0
-15.0,-876.0,104.0,453.0,267.0,-41.0,-292.0,448.0,-434.0,-615.0
-64.0,-1065.0,139.0,543.0,268.0,77.0,-200.0,402.0,-326.0,-667.0
-89.0,-1201.0,210.0,620.0,267.0,204.0,-232.0,439.0,-220.0,-666.0
-117.0,-1248.0,259.0,689.0,250.0,130.0,-365.0,282.0,-104.0,-658.0
-115.0,-1136.0,308.0,738.0,213.0,35.0,-376.0,245.0,4.0,-651.0
-137.0,-889.0,379.0,744.0,162.0,52.0,-197.0,173.0,107.0,-624.0
-140.0,-509.0,370.0,702.0,106.0,60.0,-32.0,177.0,174.0,-565.0
-113.0,24.0,397.0,595.0,59.0,157.0,46.0,275.0,219.0,-516.0
-101.0,584.0,385.0,435.0,28.0,271.0,24.0,312.0,247.0,-509.0
-74.0,961.0,315.0,240.0,20.0,198.0,-28.0,423.0,241.0,-513.0
-47.0,1042.0,320.0,78.0,32.0,15.0,-44.0,382.0,226.0,-516.0
0.0,891.0,250.0,-63.0,64.0,-29.0,-93.0,504.0,191.0,-514.0
50.0,727.0,202.0,-205.0,108.0,130.0,-136.0,528.0,129.0,-521.0
116.0,655.0,203.0,-318.0,149.0,171.0,-124.0,513.0,63.0,-475.0
169.0,651.0,149.0,-414.0,175.0,47.0,-150.0,574.0,33.0,-369.0
239.0,857.0,125.0,-454.0,176.0,7.0,-205.0,436.0,32.0,-246.0
307.0,1255.0,125.0,-433.0,146.0,112.0,-174.0,500.0,29.0,-82.0
340.0,1538.0,77.0,-362.0,92.0,264.0,-48.0,319.0,22.0,107.0
366.0,1620.0,64.0,-265.0,25.0,317.0,115.0,84.0,2.0,282.0
366.0,1587.0,67.0,-152.0,-43.0,316.0,148.0,27.0,-12.0,401.0
349.0,1373.0,36.0,-27.0,-94.0,232.0,2.0,-72.0,-7.0,490.0
342.0,958.0,75.0,93.0,-110.0,160.0,-122.0,-3.0,20.0,570.0
336.0,498.0,42.0,197.0,-91.0,209.0,-150.0,-86.0,36.0,585.0
318.0,110.0,-1.0,276.0,-67.0,307.0,-105.0,-24.0,27.0,574.0
283.0,-140.0,-30.0,331.0,-65.0,285.0,-38.0,107.0,7.0,566.0
232.0,-224.0,-144.0,353.0,-92.0,85.0,19.0,243.0,-61.0,555.0
213.0,-204.0,-223.0,347.0,-131.0,7.0,77.0,424.0,-163.0,545.0
210.0,-206.0,-298.0,294.0,-172.0,87.0,51.0,391.0,-213.0,534.0
224.0,-346.0,-390.0,242.0,-213.0,221.0,-46.0,498.0,-226.0,547.0
215.0,-490.0,-451.0,204.0,-256.0,361.0,-76.0,439.0,-246.0,549.0
194.0,-444.0,-505.0,148.0,-300.0,463.0,-10.0,463.0,-220.0,523.0
171.0,-316.0,-605.0,110.0,-337.0,473.0,71.0,485.0,-185.0,520.0
156.0,-210.0,-672.0,74.0,-354.0,415.0,102.0,243.0,-192.0,515.0
149.0,-109.0,-738.0,23.0,-335.0,379.0,86.0,221.0,-181.0,479.0
122.0,-124.0,-803.0,-16.0,-288.0,392.0,58.0,84.0,-145.0,426.0
100.0,-336.0,-826.0,-46.0,-232.0,448.0,38.0,73.0,-117.0,359.0
36.0,-592.0,-859.0,-65.0,-175.0,421.0,-9.0,133.0,-76.0,286.0
-11.0,-723.0,-807.0,-73.0,-120.0,376.0,-117.0,164.0,0.0,159.0
-67.0,-765.0,-771.0,-89.0,-64.0,397.0,-179.0,282.0,89.0,15.0
-100.0,-833.0,-729.0,-108.0,2.0,437.0,-168.0,308.0,139.0,-94.0
-139.0,-904.0,-650.0,-136.0,70.0,401.0,-158.0,430.0,153.0,-219.0
-206.0,-866.0,-617.0,-151.0,104.0,367.0,-162.0,413.0,186.0,-357.0
-241.0,-731.0,-548.0,-133.0,90.0,461.0,-149.0,386.0,210.0,-492.0
-252.0,-672.0,-464.0,-109.0,32.0,528.0,-56.0,253.0,215.0,-618.0
-247.0,-717.0,-379.0,-76.0,-38.0,628.0,0.0,103.0,207.0,-755.0
-259.0,-812.0,-309.0,-52.0,-96.0,803.0,-71.0,36.0,161.0,-885.0
-231.0,-945.0,-252.0,-57.0,-131.0,841.0,-195.0,-144.0,100.0,-954.0
-227.0,-928.0,-195.0,-107.0,-136.0,639.0,-314.0,-110.0,54.0,-957.0
-198.0,-613.0,-133.0,-201.0,-117.0,451.0,-384.0,-194.0,12.0,-914.0
-183.0,-179.0,-79.0,-303.0,-78.0,477.0,-396.0,-184.0,-29.0,-820.0
-156.0,126.0,-33.0,-423.0,-23.0,526.0,-252.0,-103.0,-23.0,-662.0
-125.0,207.0,22.0,-514.0,31.0,491.0,-9.0,-208.0,-9.0,-486.0
-134.0,127.0,49.0,-563.0,69.0,448.0,12.0,-73.0,-20.0,-314.0
-135.0,84.0,55.0,-596.0,79.0,419.0,-176.0,0.0,-33.0,-125.0
-158.0,106.0,60.0,-612.0,58.0,325.0,-329.0,267.0,-96.0,83.0
-132.0,103.0,91.0,-588.0,18.0,308.0,-363.0,467.0,-155.0,258.0
-131.0,45.0,109.0,-522.0,-23.0,441.0,-308.0,343.0,-150.0,390.0
-91.0,-227.0,128.0,-418.0,-64.0,509.0,-260.0,295.0,-114.0,506.0
-53.0,-654.0,147.0,-279.0,-98.0,451.0,-253.0,60.0,-57.0,561.0
-39.0,-832.0,126.0,-147.0,-123.0,398.0,-256.0,-51.0,1.0,542.0
-72.0,-730.0,99.0,-5.0,-147.0,417.0,-246.0,-188.0,45.0,506.0
-125.0,-619.0,89.0,124.0,-167.0,365.0,-309.0,-308.0,66.0,452.0
-140.0,-451.0,90.0,238.0,-165.0,331.0,-402.0,-271.0,59.0,361.0
-142.0,-69.0,66.0,314.0,-126.0,378.0,-317.0,-436.0,32.0,231.0
-101.0,320.0,58.0,338.0,-66.0,333.0,-208.0,-482.0,0.0,115.0
-110.0,406.0,37.0,343.0,-19.0,169.0,-255.0,-506.0,-28.0,38.0
-76.0,207.0,12.0,280.0,-1.0,-1.0,-333.0,-495.0,-38.0,-41.0
-86.0,-55.0,46.0,201.0,-3.0,17.0,-261.0,-389.0,-31.0,-67.0
-95.0,-314.0,54.0,107.0,-3.0,100.0,-43.0,-212.0,-55.0,-25.0
-92.0,-612.0,13.0,6.0,16.0,149.0,56.0,7.0,-114.0,23.0
-86.0,-913.0,0.0,-45.0,57.0,230.0,-62.0,57.0,-150.0,51.0
-57.0,-1153.0,-5.0,-84.0,116.0,199.0,-181.0,173.0,-179.0,80.0
-45.0,-1192.0,-64.0,-91.0,187.0,99.0,-152.0,114.0,-201.0,122.0
-1.0,-972.0,-71.0,-58.0,265.0,85.0,-86.0,120.0,-181.0,112.0
23.0,-704.0,-45.0,-8.0,344.0,212.0,-53.0,227.0,-161.0,58.0
93.0,-541.0,-46.0,80.0,414.0,333.0,6.0,97.0,-153.0,8.0
102.0,-331.0,-48.0,201.0,472.0,141.0,68.0,181.0,-196.0,-44.0
134.0,57.0,-61.0,334.0,518.0,-166.0,67.0,53.0,-251.0,-132.0
160.0,576.0,-47.0,475.0,549.0,-198.0,0.0,-88.0,-291.0,-228.0
196.0,1087.0,-63.0,574.0,565.0,-97.0,-57.0,-118.0,-343.0,-313.0
243.0,1352.0,-67.0,633.0,565.0,-73.0,-46.0,-356.0,-371.0,-406.0
240.0,1418.0,-52.0,653.0,534.0,-40.0,-30.0,-279.0,-412.0,-496.0
222.0,1490.0,-46.0,632.0,473.0,121.0,-34.0,-182.0,-457.0,-547.0
160.0,1514.0,-36.0,577.0,395.0,239.0,8.0,-16.0,-454.0,-563.0
139.0,1495.0,-29.0,492.0,322.0,105.0,79.0,177.0,-427.0,-597.0
80.0,1520.0,9.0,414.0,262.0,-97.0,68.0,210.0,-436.0,-618.0
68.0,1490.0,18.0,291.0,209.0,-66.0,36.0,214.0,-446.0,-574.0
17.0,1419.0,32.0,133.0,146.0,32.0,68.0,60.0,-417.0,-516.0
-37.0,1505.0,39.0,14.0,62.0,22.0,73.0,-24.0,-367.0,-499.0
-89.0,1642.0,37.0,-76.0,-24.0,10.0,48.0,-160.0,-262.0,-462.0
-154.0,1599.0,34.0,-177.0,-99.0,-110.0,-17.0,-140.0,-114.0,-391.0
-153.0,1384.0,23.0,-233.0,-154.0,-202.0,-63.0,-60.0,30.0,-347.0
-173.0,1057.0,11.0,-215.0,-185.0,-147.0,-18.0,-49.0,152.0,-329.0
-162.0,611.0,-20.0,-173.0,-199.0,-35.0,43.0,29.0,267.0,-311.0
-170.0,70.0,6.0,-68.0,-192.0,29.0,24.0,-25.0,407.0,-296.0
-138.0,-417.0,-2.0,47.0,-171.0,-16.0,-59.0,83.0,536.0,-313.0
-129.0,-685.0,-11.0,136.0,-155.0,27.0,-49.0,136.0,640.0,-312.0
-132.0,-810.0,14.0,238.0,-160.0,205.0,-58.0,221.0,710.0,-261.0
-112.0,-1031.0,0.0,337.0,-187.0,326.0,-176.0,275.0,720.0,-196.0
-64.0,-1305.0,-9.0,425.0,-218.0,235.0,-149.0,136.0,708.0,-136.0
-33.0,-1415.0,-3.0,482.0,-234.0,102.0,29.0,201.0,724.0,-90.0
-33.0,-1304.0,-10.0,502.0,-234.0,87.0,152.0,116.0,724.0,-59.0
-17.0,-991.0,-22.0,495.0,-211.0,97.0,183.0,129.0,665.0,-88.0
4.0,-606.0,2.0,470.0,-170.0,31.0,142.0,162.0,577.0,-143.0
68.0,-339.0,-15.0,439.0,-119.0,-81.0,67.0,94.0,468.0,-177.0
99.0,-238.0,-3.0,422.0,-61.0,-65.0,-7.0,219.0,336.0,-199.0
165.0,-209.0,17.0,422.0,-11.0,53.0,-54.0,171.0,240.0,-198.0
222.0,-129.0,3.0,432.0,24.0,206.0,-41.0,142.0,124.0,-190.0
302.0,45.0,42.0,463.0,45.0,259.0,33.0,-1.0,-18.0,-133.0
364.0,383.0,45.0,500.0,52.0,121.0,180.0,-190.0,-131.0,-45.0
405.0,993.0,55.0,532.0,44.0,31.0,217.0,-277.0,-241.0,18.0
441.0,1639.0,77.0,560.0,23.0,8.0,168.0,-413.0,-315.0,108.0
423.0,1965.0,46.0,574.0,-1.0,-25.0,196.0,-360.0,-358.0,214.0
401.0,1915.0,14.0,523.0,-29.0,-58.0,223.0,-341.0,-403.0,321.0
365.0,1524.0,35.0,424.0,-69.0,-129.0,199.0,-238.0,-466.0,426.0
358.0,960.0,3.0,345.0,-120.0,-103.0,72.0,-171.0,-518.0,554.0
298.0,545.0,-26.0,262.0,-165.0,-16.0,-70.0,-271.0,-518.0,688.0
260.0,378.0,34.0,202.0,-188.0,-52.0,-20.0,-312.0,-510.0,774.0
191.0,385.0,14.0,162.0,-190.0,-104.0,153.0,-349.0,-508.0,831.0
111.0,507.0,-21.0,87.0,-179.0,-64.0,250.0,-199.0,-508.0,840.0
46.0,570.0,22.0,31.0,-169.0,47.0,246.0,-147.0,-488.0,808.0
-31.0,413.0,-2.0,5.0,-164.0,110.0,195.0,-101.0,-449.0,732.0
-85.0,99.0,-57.0,-14.0,-156.0,47.0,132.0,-16.0,-408.0,631.0
-158.0,-189.0,-29.0,-14.0,-128.0,29.0,57.0,-60.0,-354.0,562.0
-210.0,-317.0,-39.0,10.0,-86.0,81.0,33.0,12.0,-300.0,487.0
-296.0,-350.0,-64.0,59.0,-46.0,146.0,29.0,-35.0,-253.0,391.0
-365.0,-407.0,-43.0,93.0,-19.0,188.0,-26.0,-72.0,-213.0,291.0
-451.0,-451.0,-34.0,94.0,-9.0,147.0,-74.0,-60.0,-146.0,205.0
-518.0,-393.0,-74.0,87.0,-14.0,127.0,-120.0,-68.0,-62.0,82.0
-569.0,-287.0,-112.0,62.0,-33.0,148.0,-25.0,-40.0,14.0,-68.0
-591.0,-291.0,-102.0,32.0,-49.0,101.0,110.0,-96.0,87.0,-196.0
-585.0,-435.0,-136.0,-13.0,-41.0,-18.0,52.0,-18.0,136.0,-315.0
-590.0,-598.0,-141.0,-74.0,-19.0,-16.0,-142.0,-24.0,193.0,-414.0
-549.0,-651.0,-138.0,-121.0,-1.0,84.0,-280.0,-46.0,276.0,-493.0
-489.0,-578.0,-154.0,-192.0,18.0,106.0,-207.0,-14.0,351.0,-546.0
-394.0,-481.0,-180.0,-260.0,35.0,45.0,0.0,-66.0,410.0,-588.0
-322.0,-436.0,-233.0,-305.0,35.0,-29.0,218.0,20.0,434.0,-635.0
-239.0,-403.0,-211.0,-346.0,30.0,29.0,252.0,35.0,418.0,-669.0
-151.0,-354.0,-274.0,-349.0,41.0,136.0,74.0,97.0,402.0,-681.0
-52.0,-401.0,-322.0,-310.0,68.0,132.0,-65.0,186.0,421.0,-708.0
30.0,-616.0,-233.0,-253.0,89.0,16.0,-26.0,253.0,446.0,-723.0
93.0,-854.0,-251.0,-186.0,92.0,-179.0,147.0,339.0,449.0,-714.0
156.0,-1034.0,-249.0,-125.0,77.0,-320.0,243.0,208.0,493.0,-718.0
190.0,-1158.0,-199.0,-60.0,43.0,-265.0,151.0,145.0,557.0,-710.0
221.0,-988.0,-207.0,23.0,10.0,-129.0,61.0,-14.0,580.0,-662.0
251.0,-413.0,-154.0,113.0,0.0,-42.0,161.0,-134.0,559.0,-549.0
302.0,352.0,-178.0,186.0,6.0,-39.0,314.0,-94.0,498.0,-426.0
340.0,1123.0,-146.0,230.0,13.0,-80.0,277.0,-81.0,454.0,-305.0
382.0,1598.0,-17.0,272.0,20.0,-33.0,62.0,48.0,405.0,-147.0
380.0,1510.0,-67.0,309.0,3.0,20.0,-95.0,-9.0,340.0,-10.0
380.0,1042.0,-23.0,303.0,-50.0,-49.0,-95.0,-9.0,299.0,90.0
376.0,506.0,56.0,276.0,-112.0,-185.0,-46.0,-22.0,255.0,154.0
345.0,87.0,-12.0,224.0,-159.0,-233.0,16.0,-138.0,206.0,185.0
319.0,-196.0,22.0,164.0,-181.0,-252.0,139.0,-127.0,161.0,170.0
274.0,-468.0,93.0,117.0,-179.0,-300.0,214.0,-190.0,76.0,102.0
261.0,-751.0,100.0,78.0,-153.0,-264.0,104.0,-94.0,-40.0,28.0
241.0,-876.0,102.0,66.0,-120.0,-223.0,-8.0,-97.0,-128.0,-48.0
213.0,-794.0,128.0,51.0,-92.0,-324.0,98.0,-94.0,-199.0,-122.0
170.0,-642.0,148.0,29.0,-57.0,-475.0,229.0,20.0,-247.0,-172.0
140.0,-480.0,121.0,-2.0,-22.0,-469.0,151.0,29.0,-271.0,-220.0
120.0,-372.0,107.0,-24.0,10.0,-335.0,17.0,169.0,-288.0,-265.0
100.0,-388.0,101.0,-27.0,58.0,-150.0,-14.0,225.0,-285.0,-308.0
95.0,-400.0,62.0,-43.0,129.0,-97.0,39.0,323.0,-266.0,-361.0
89.0,-265.0,39.0,-58.0,204.0,-167.0,133.0,247.0,-267.0,-385.0
106.0,-36.0,41.0,-89.0,249.0,-137.0,191.0,73.0,-269.0,-406.0
81.0,185.0,61.0,-116.0,257.0,-164.0,82.0,57.0,-215.0,-441.0
46.0,339.0,88.0,-137.0,251.0,-276.0,-118.0,-5.0,-133.0,-472.0
42.0,325.0,99.0,-179.0,246.0,-409.0,-106.0,123.0,-48.0,-486.0
54.0,202.0,135.0,-249.0,242.0,-507.0,89.0,144.0,34.0,-491.0
69.0,223.0,158.0,-315.0,246.0,-561.0,305.0,147.0,107.0,-523.0
80.0,451.0,149.0,-345.0,265.0,-596.0,462.0,147.0,182.0,-552.0
93.0,611.0,155.0,-353.0,280.0,-494.0,386.0,24.0,248.0,-557.0
83.0,454.0,184.0,-347.0,264.0,-398.0,86.0,14.0,277.0,-537.0
71.0,31.0,185.0,-348.0,206.0,-283.0,-172.0,-16.0,284.0,-529.0
67.0,-477.0,159.0,-346.0,122.0,-160.0,-217.0,64.0,261.0,-538.0
63.0,-835.0,190.0,-339.0,36.0,-137.0,-52.0,1.0,169.0,-512.0
49.0,-947.0,185.0,-323.0,-34.0,-152.0,219.0,-59.0,79.0,-490.0
30.0,-988.0,184.0,-308.0,-83.0,-227.0,341.0,-38.0,-25.0,-463.0
11.0,-962.0,189.0,-300.0,-111.0,-258.0,217.0,-109.0,-148.0,-413.0
-13.0,-717.0,144.0,-276.0,-119.0,-250.0,44.0,29.0,-235.0,-342.0
-37.0,-407.0,156.0,-230.0,-107.0,-333.0,-33.0,53.0,-313.0,-240.0
-55.0,-189.0,133.0,-158.0,-101.0,-469.0,-43.0,125.0,-378.0,-130.0
-59.0,95.0,99.0,-101.0,-124.0,-428.0,-34.0,225.0,-411.0,14.0
-49.0,531.0,131.0,-27.0,-151.0,-386.0,-20.0,181.0,-413.0,173.0
-53.0,1008.0,112.0,65.0,-155.0,-450.0,-57.0,277.0,-424.0,318.0
-43.0,1381.0,59.0,138.0,-130.0,-345.0,-112.0,230.0,-439.0,500.0
-22.0,1466.0,79.0,221.0,-87.0,-172.0,-63.0,199.0,-417.0,725.0
-28.0,1338.0,56.0,310.0,-50.0,-36.0,105.0,145.0,-380.0,950.0
-34.0,1298.0,25.0,384.0,-18.0,-45.0,269.0,66.0,-322.0,1124.0
-34.0,1368.0,68.0,443.0,20.0,-97.0,225.0,142.0,-253.0,1275.0
-22.0,1334.0,44.0,505.0,56.0,-73.0,-38.0,216.0,-199.0,1411.0
-14.0,1110.0,56.0,538.0,61.0,-109.0,-238.0,310.0,-184.0,1497.0
-29.0,791.0,98.0,511.0,11.0,-104.0,-143.0,230.0,-190.0,1554.0
-30.0,449.0,95.0,446.0,-76.0,-47.0,6.0,242.0,-180.0,1602.0
-28.0,119.0,136.0,374.0,-150.0,-89.0,-2.0,251.0,-145.0,1628.0
-26.0,-140.0,169.0,303.0,-181.0,-242.0,-33.0,160.0,-87.0,1553.0
-18.0,-357.0,147.0,246.0,-173.0,-346.0,19.0,177.0,-57.0,1445.0
-14.0,-572.0,159.0,213.0,-137.0,-337.0,108.0,31.0,-32.0,1344.0
-23.0,-770.0,187.0,155.0,-87.0,-259.0,98.0,24.0,26.0,1203.0
-43.0,-957.0,159.0,113.0,-54.0,-230.0,-23.0,-33.0,68.0,1056.0
-35.0,-1096.0,155.0,128.0,-50.0,-206.0,-84.0,-81.0,94.0,958.0
-20.0,-1153.0,168.0,160.0,-68.0,-69.0,-17.0,7.0,140.0,909.0
0.0,-1216.0,133.0,197.0,-90.0,-50.0,45.0,-51.0,198.0,852.0
14.0,-1324.0,99.0,221.0,-108.0,-189.0,148.0,5.0,265.0,815.0
43.0,-1359.0,85.0,226.0,-122.0,-275.0,313.0,-72.0,340.0,782.0
89.0,-1322.0,24.0,224.0,-131.0,-247.0,317.0,-86.0,400.0,714.0
119.0,-1327.0,-58.0,190.0,-136.0,-221.0,102.0,-62.0,456.0,602.0
161.0,-1305.0,-103.0,129.0,-140.0,-346.0,-158.0,-51.0,496.0,461.0
181.0,-1148.0,-164.0,76.0,-140.0,-507.0,-146.0,94.0,536.0,317.0
187.0,-857.0,-232.0,3.0,-122.0,-548.0,106.0,31.0,576.0,150.0
195.0,-437.0,-255.0,-79.0,-85.0,-619.0,264.0,99.0,595.0,-14.0
187.0,74.0,-293.0,-159.0,-41.0,-576.0,236.0,133.0,627.0,-147.0
198.0,519.0,-334.0,-252.0,-1.0,-430.0,128.0,64.0,688.0,-252.0
203.0,746.0,-345.0,-350.0,33.0,-441.0,171.0,29.0,769.0,-336.0
199.0,788.0,-396.0,-436.0,65.0,-415.0,352.0,-97.0,823.0,-352.0
172.0,757.0,-395.0,-505.0,88.0,-357.0,422.0,-157.0,867.0,-319.0
142.0,756.0,-388.0,-574.0,92.0,-286.0,276.0,-286.0,893.0,-300.0
101.0,878.0,-432.0,-614.0,79.0,-346.0,140.0,-293.0,847.0,-311.0
37.0,1117.0,-414.0,-612.0,71.0,-527.0,134.0,-284.0,764.0,-302.0
7.0,1254.0,-397.0,-581.0,73.0,-515.0,121.0,-251.0,650.0,-302.0
-12.0,1019.0,-408.0,-528.0,65.0,-532.0,161.0,-88.0,507.0,-366.0
-36.0,433.0,-390.0,-453.0,30.0,-648.0,314.0,22.0,343.0,-430.0
-76.0,-142.0,-344.0,-353.0,-22.0,-696.0,389.0,238.0,171.0,-486.0
-139.0,-466.0,-319.0,-250.0,-77.0,-587.0,147.0,273.0,27.0,-530.0
-225.0,-669.0,-301.0,-138.0,-121.0,-427.0,-165.0,328.0,-105.0,-594.0
-295.0,-870.0,-246.0,-35.0,-137.0,-347.0,-157.0,373.0,-222.0,-665.0
-330.0,-1020.0,-192.0,41.0,-120.0,-196.0,79.0,229.0,-323.0,-715.0
-374.0,-1063.0,-142.0,93.0,-82.0,-31.0,240.0,249.0,-408.0,-764.0
-377.0,-911.0,-44.0,145.0,-34.0,30.0,163.0,149.0,-469.0,-794.0
-360.0,-477.0,32.0,215.0,21.0,70.0,26.0,197.0,-525.0,-802.0
-346.0,165.0,128.0,258.0,76.0,-2.0,9.0,242.0,-555.0,-780.0
-344.0,780.0,265.0,268.0,116.0,-228.0,49.0,229.0,-532.0,-763.0
-354.0,1171.0,321.0,273.0,141.0,-409.0,22.0,388.0,-457.0,-735.0
-360.0,1321.0,410.0,288.0,151.0,-392.0,-123.0,279.0,-348.0,-692.0
-372.0,1265.0,467.0,321.0,160.0,-260.0,-251.0,269.0,-245.0,-676.0
-356.0,1067.0,446.0,362.0,171.0,-251.0,-197.0,175.0,-160.0,-699.0
-326.0,884.0,472.0,387.0,176.0,-367.0,10.0,46.0,-80.0,-743.0
-285.0,748.0,458.0,369.0,152.0,-421.0,115.0,81.0,2.0,-768.0
-233.0,625.0,417.0,292.0,86.0,-200.0,-4.0,0.0,83.0,-820.0
-180.0,665.0,384.0,207.0,-3.0,104.0,-77.0,-1.0,131.0,-911.0
-118.0,903.0,342.0,131.0,-84.0,177.0,19.0,-73.0,161.0,-977.0
-57.0,1109.0,310.0,71.0,-137.0,145.0,74.0,-20.0,221.0,-1026.0
0.0,1156.0,280.0,57.0,-164.0,42.0,52.0,18.0,316.0,-1106.0
39.0,1022.0,269.0,16.0,-161.0,-64.0,116.0,-3.0,416.0,-1187.0
83.0,722.0,249.0,-38.0,-135.0,-41.0,218.0,51.0,492.0,-1216.0
146.0,415.0,227.0,-81.0,-102.0,-4.0,239.0,-18.0,530.0,-1216.0
213.0,234.0,219.0,-131.0,-61.0,-95.0,243.0,33.0,538.0,-1208.0
271.0,162.0,187.0,-156.0,-8.0,-208.0,267.0,-20.0,547.0,-1152.0
307.0,124.0,182.0,-149.0,58.0,-188.0,330.0,-79.0,579.0,-1069.0
324.0,52.0,165.0,-144.0,131.0,-152.0,409.0,-101.0,579.0,-1011.0
320.0,-71.0,104.0,-145.0,189.0,-230.0,412.0,-179.0,544.0,-971.0
311.0,-199.0,58.0,-160.0,220.0,-299.0,285.0,-123.0,497.0,-925.0
295.0,-264.0,-6.0,-184.0,226.0,-223.0,125.0,-236.0,436.0,-848.0
271.0,-289.0,-67.0,-176.0,209.0,-41.0,112.0,-251.0,395.0,-787.0
242.0,-345.0,-116.0,-186.0,166.0,75.0,228.0,-240.0,324.0,-705.0
218.0,-503.0,-170.0,-190.0,96.0,89.0,344.0,-253.0,243.0,-561.0
204.0,-809.0,-232.0,-169.0,14.0,215.0,371.0,-46.0,211.0,-402.0
153.0,-1183.0,-304.0,-152.0,-54.0,314.0,299.0,42.0,172.0,-214.0
94.0,-1374.0,-370.0,-138.0,-92.0,196.0,229.0,81.0,139.0,-3.0
48.0,-1263.0,-431.0,-136.0,-106.0,50.0,208.0,20.0,112.0,245.0
32.0,-1026.0,-477.0,-131.0,-110.0,-52.0,209.0,-92.0,56.0,478.0
28.0,-823.0,-526.0,-127.0,-115.0,-103.0,244.0,-175.0,-12.0,661.0
37.0,-620.0,-562.0,-130.0,-124.0,-135.0,222.0,-271.0,-108.0,852.0
56.0,-326.0,-560.0,-141.0,-135.0,-118.0,123.0,-345.0,-199.0,1017.0
73.0,-35.0,-582.0,-168.0,-146.0,-58.0,113.0,-465.0,-245.0,1140.0
103.0,75.0,-606.0,-163.0,-149.0,-93.0,151.0,-406.0,-247.0,1230.0
92.0,14.0,-593.0,-124.0,-137.0,11.0,96.0,-432.0,-224.0,1308.0
107.0,-121.0,-616.0,-105.0,-107.0,286.0,15.0,-393.0,-237.0,1331.0
127.0,-280.0,-639.0,-107.0,-70.0,329.0,72.0,-267.0,-285.0,1298.0
143.0,-469.0,-623.0,-135.0,-35.0,104.0,181.0,-304.0,-318.0,1270.0
161.0,-666.0,-619.0,-157.0,-5.0,-49.0,158.0,-181.0,-291.0,1243.0
170.0,-796.0,-604.0,-163.0,18.0,37.0,7.0,-279.0,-264.0,1229.0
220.0,-855.0,-557.0,-179.0,30.0,169.0,-136.0,-308.0,-257.0,1208.0
260.0,-936.0,-506.0,-189.0,26.0,124.0,-109.0,-225.0,-238.0,1212.0
289.0,-1084.0,-464.0,-182.0,22.0,-23.0,-2.0,-279.0,-231.0,1227.0
279.0,-1127.0,-365.0,-148.0,30.0,-101.0,53.0,-218.0,-199.0,1206.0
234.0,-849.0,-298.0,-114.0,41.0,-136.0,38.0,-293.0,-159.0,1167.0
155.0,-296.0,-247.0,-72.0,57.0,-124.0,12.0,-262.0,-151.0,1100.0
75.0,282.0,-114.0,-39.0,80.0,-20.0,68.0,-321.0,-141.0,988.0
-6.0,686.0,-69.0,-32.0,98.0,119.0,121.0,-423.0,-131.0,813.0
-108.0,860.0,5.0,-37.0,95.0,189.0,66.0,-413.0,-115.0,603.0
-181.0,922.0,118.0,-48.0,70.0,160.0,-44.0,-458.0,-82.0,390.0
-231.0,1040.0,164.0,-51.0,34.0,108.0,-28.0,-354.0,-37.0,165.0
-243.0,1168.0,290.0,-96.0,-4.0,50.0,46.0,-356.0,35.0,-16.0
-269.0,1215.0,363.0,-179.0,-56.0,41.0,-50.0,-238.0,111.0,-134.0
-304.0,1255.0,414.0,-263.0,-141.0,110.0,-215.0,-94.0,156.0,-230.0
-342.0,1383.0,493.0,-335.0,-245.0,216.0,-191.0,-81.0,169.0,-298.0
-385.0,1532.0,510.0,-405.0,-329.0,124.0,23.0,-3.0,154.0,-347.0
-418.0,1573.0,537.0,-452.0,-359.0,-27.0,190.0,-62.0,122.0,-385.0
-424.0,1442.0,547.0,-445.0,-341.0,73.0,179.0,1.0,60.0,-416.0
-395.0,1165.0,539.0,-400.0,-306.0,198.0,74.0,35.0,-16.0,-467.0
-373.0,887.0,544.0,-290.0,-265.0,208.0,-9.0,-14.0,-73.0,-502.0
-364.0,665.0,543.0,-161.0,-220.0,107.0,-18.0,-27.0,-140.0,-535.0
-367.0,413.0,537.0,-16.0,-175.0,92.0,37.0,-155.0,-197.0,-585.0
-371.0,87.0,523.0,148.0,-138.0,204.0,84.0,-197.0,-247.0,-642.0
-357.0,-255.0,502.0,283.0,-101.0,286.0,112.0,-293.0,-303.0,-680.0
-323.0,-614.0,477.0,404.0,-58.0,324.0,177.0,-319.0,-395.0,-689.0
-295.0,-1018.0,471.0,519.0,-14.0,246.0,208.0,-314.0,-524.0,-693.0
-253.0,-1350.0,457.0,626.0,17.0,102.0,146.0,-360.0,-623.0,-654.0
-202.0,-1502.0,454.0,716.0,21.0,2.0,91.0,-347.0,-702.0,-590.0
-132.0,-1428.0,452.0,759.0,11.0,60.0,82.0,-432.0,-741.0,-527.0
-55.0,-1141.0,422.0,745.0,8.0,147.0,62.0,-362.0,-751.0,-443.0
20.0,-776.0,414.0,709.0,23.0,173.0,-28.0,-369.0,-767.0,-321.0
96.0,-507.0,381.0,654.0,44.0,233.0,-146.0,-371.0,-769.0,-172.0
179.0,-366.0,361.0,558.0,47.0,260.0,-128.0,-323.0,-775.0,-41.0
284.0,-206.0,375.0,480.0,35.0,208.0,52.0,-400.0,-760.0,84.0
365.0,29.0,349.0,426.0,31.0,177.0,182.0,-254.0,-706.0,224.0
423.0,221.0,343.0,386.0,56.0,250.0,85.0,-277.0,-612.0,318.0
447.0,299.0,341.0,377.0,94.0,283.0,-51.0,-306.0,-496.0,356.0
487.0,318.0,302.0,386.0,122.0,162.0,19.0,-310.0,-365.0,393.0
531.0,322.0,315.0,418.0,153.0,39.0,191.0,-400.0,-204.0,420.0
569.0,350.0,308.0,434.0,197.0,36.0,240.0,-356.0,-20.0,371.0
611.0,407.0,258.0,442.0,237.0,104.0,123.0,-497.0,172.0,269.0
638.0,429.0,276.0,418.0,252.0,127.0,-12.0,-402.0,335.0,198.0
649.0,416.0,230.0,355.0,239.0,152.0,-10.0,-266.0,447.0,130.0
624.0,404.0,170.0,289.0,212.0,245.0,106.0,-157.0,555.0,37.0
603.0,336.0,183.0,237.0,173.0,214.0,225.0,73.0,682.0,-27.0
568.0,192.0,134.0,240.0,117.0,122.0,250.0,109.0,799.0,-67.0
529.0,74.0,85.0,270.0,59.0,158.0,145.0,212.0,887.0,-127.0
454.0,29.0,79.0,328.0,15.0,280.0,57.0,166.0,928.0,-211.0
368.0,17.0,51.0,373.0,-28.0,326.0,91.0,99.0,945.0,-266.0
303.0,-13.0,8.0,404.0,-81.0,172.0,213.0,46.0,959.0,-304.0
232.0,-116.0,13.0,431.0,-127.0,75.0,341.0,-27.0,955.0,-361.0
147.0,-280.0,-9.0,415.0,-146.0,82.0,375.0,-20.0,917.0,-383.0
54.0,-359.0,-45.0,390.0,-138.0,-27.0,302.0,-173.0,868.0,-352.0
-7.0,-241.0,-71.0,338.0,-109.0,-103.0,167.0,-162.0,832.0,-285.0
-85.0,-22.0,-126.0,269.0,-58.0,43.0,73.0,-214.0,813.0,-219.0
-153.0,245.0,-152.0,181.0,12.0,156.0,65.0,-182.0,808.0,-150.0
-200.0,592.0,-219.0,101.0,84.0,102.0,121.0,-14.0,803.0,-61.0
-210.0,916.0,-258.0,38.0,143.0,117.0,154.0,-66.0,818.0,1.0
-212.0,1071.0,-297.0,-16.0,184.0,225.0,107.0,-20.0,817.0,49.0
-223.0,1049.0,-349.0,-44.0,208.0,290.0,65.0,5.0,788.0,113.0
-245.0,877.0,-393.0,-86.0,215.0,271.0,110.0,42.0,766.0,193.0
-290.0,559.0,-438.0,-115.0,201.0,264.0,245.0,-33.0,737.0,259.0
-317.0,140.0,-459.0,-130.0,169.0,288.0,318.0,-223.0,690.0,317.0
-334.0,-339.0,-514.0,-171.0,138.0,256.0,258.0,-253.0,605.0,400.0
-331.0,-823.0,-518.0,-210.0,126.0,227.0,151.0,-210.0,488.0,488.0
-330.0,-1180.0,-528.0,-238.0,122.0,293.0,120.0,-25.0,357.0,562.0
-315.0,-1275.0,-532.0,-273.0,117.0,239.0,188.0,46.0,222.0,626.0
-315.0,-1115.0,-510.0,-290.0,100.0,92.0,248.0,92.0,109.0,668.0
-325.0,-882.0,-475.0,-323.0,62.0,123.0,200.0,97.0,17.0,655.0
-337.0,-747.0,-439.0,-375.0,11.0,146.0,63.0,-84.0,-54.0,598.0
-330.0,-748.0,-417.0,-429.0,-30.0,85.0,40.0,-179.0,-117.0,519.0
-296.0,-845.0,-357.0,-495.0,-71.0,72.0,154.0,-317.0,-201.0,438.0
-261.0,-973.0,-336.0,-543.0,-129.0,226.0,229.0,-284.0,-254.0,352.0
-195.0,-1118.0,-298.0,-553.0,-198.0,502.0,177.0,-194.0,-273.0,278.0
-145.0,-1311.0,-259.0,-522.0,-253.0,576.0,84.0,-160.0,-288.0,259.0
-84.0,-1493.0,-246.0,-469.0,-292.0,456.0,52.0,12.0,-271.0,261.0
-40.0,-1518.0,-207.0,-425.0,-336.0,334.0,63.0,140.0,-268.0,252.0
-21.0,-1314.0,-174.0,-378.0,-370.0,263.0,124.0,290.0,-229.0,221.0
2.0,-884.0,-151.0,-305.0,-357.0,186.0,208.0,256.0,-119.0,177.0
27.0,-258.0,-108.0,-236.0,-293.0,45.0,280.0,247.0,-6.0,80.0
29.0,427.0,-79.0,-164.0,-205.0,-76.0,303.0,195.0,98.0,-79.0
-2.0,976.0,-66.0,-76.0,-130.0,-158.0,224.0,75.0,175.0,-249.0
-15.0,1191.0,-24.0,11.0,-73.0,-188.0,111.0,238.0,224.0,-418.0
-54.0,1095.0,10.0,99.0,-11.0,-14.0,71.0,184.0,274.0,-587.0
-76.0,956.0,42.0,179.0,48.0,302.0,122.0,240.0,337.0,-746.0
-85.0,915.0,88.0,256.0,76.0,398.0,174.0,247.0,379.0,-845.0
-82.0,953.0,141.0,290.0,70.0,233.0,167.0,-5.0,357.0,-909.0
-64.0,970.0,148.0,287.0,53.0,107.0,124.0,-75.0,307.0,-972.0
-65.0,824.0,176.0,289.0,42.0,106.0,81.0,-234.0,242.0,-1005.0
-47.0,613.0,210.0,290.0,35.0,83.0,56.0,-254.0,190.0,-996.0
-34.0,549.0,190.0,284.0,23.0,34.0,40.0,-271.0,136.0,-970.0
-2.0,512.0,219.0,276.0,5.0,28.0,4.0,-282.0,8.0,-935.0
49.0,428.0,224.0,242.0,-21.0,-39.0,-67.0,-205.0,-121.0,-848.0
119.0,445.0,218.0,206.0,-49.0,-102.0,-126.0,-157.0,-215.0,-760.0
200.0,565.0,233.0,193.0,-60.0,-39.0,-150.0,14.0,-315.0,-688.0
265.0,830.0,229.0,166.0,-47.0,62.0,-148.0,62.0,-450.0,-611.0
338.0,1172.0,236.0,131.0,-29.0,26.0,-120.0,182.0,-600.0,-517.0
417.0,1302.0,239.0,100.0,-18.0,-101.0,-67.0,175.0,-707.0,-423.0
487.0,1204.0,240.0,62.0,-3.0,-16.0,-74.0,134.0,-754.0,-338.0
542.0,1071.0,232.0,38.0,22.0,145.0,-204.0,195.0,-753.0,-233.0
575.0,971.0,220.0,28.0,42.0,181.0,-324.0,66.0,-765.0,-145.0
599.0,853.0,208.0,31.0,42.0,147.0,-331.0,72.0,-798.0,-63.0
621.0,567.0,151.0,67.0,20.0,73.0,-235.0,-49.0,-840.0,9.0
630.0,110.0,99.0,93.0,-18.0,-8.0,-119.0,-55.0,-887.0,84.0
629.0,-316.0,58.0,102.0,-53.0,-167.0,-126.0,-7.0,-918.0,169.0
623.0,-661.0,2.0,132.0,-75.0,-317.0,-278.0,-116.0,-913.0,231.0
582.0,-968.0,-20.0,130.0,-80.0,-284.0,-371.0,-12.0,-856.0,282.0
525.0,-1163.0,-40.0,86.0,-70.0,-158.0,-263.0,-38.0,-762.0,300.0
458.0,-1131.0,-43.0,38.0,-46.0,-169.0,-84.0,27.0,-646.0,284.0
382.0,-982.0,-55.0,-17.0,-10.0,-166.0,-7.0,72.0,-535.0,246.0
331.0,-908.0,-58.0,-55.0,16.0,-54.0,-79.0,49.0,-433.0,230.0
295.0,-899.0,-37.0,-74.0,36.0,-48.0,-185.0,103.0,-343.0,238.0
240.0,-977.0,-63.0,-104.0,52.0,-75.0,-328.0,-5.0,-286.0,243.0
157.0,-1142.0,-56.0,-133.0,70.0,-148.0,-436.0,-31.0,-267.0,261.0
63.0,-1219.0,-47.0,-161.0,98.0,-235.0,-394.0,-92.0,-246.0,276.0
-68.0,-1101.0,-63.0,-187.0,122.0,-298.0,-274.0,-125.0,-182.0,290.0
-198.0,-796.0,-63.0,-179.0,135.0,-268.0,-124.0,-221.0,-109.0,282.0
-317.0,-281.0,-86.0,-167.0,139.0,-62.0,-60.0,-323.0,-70.0,270.0
-419.0,458.0,-105.0,-149.0,147.0,38.0,-147.0,-334.0,-62.0,297.0
-496.0,1250.0,-113.0,-112.0,149.0,-87.0,-286.0,-386.0,-51.0,325.0
-570.0,1843.0,-147.0,-83.0,137.0,-223.0,-367.0,-216.0,-32.0,360.0
-643.0,2175.0,-183.0,-28.0,134.0,-249.0,-354.0,-153.0,-42.0,419.0
-726.0,2311.0,-197.0,38.0,166.0,-325.0,-286.0,-107.0,-50.0,459.0
-779.0,2317.0,-236.0,98.0,225.0,-455.0,-260.0,-97.0,-39.0,492.0
-843.0,2170.0,-238.0,139.0,283.0,-457.0,-295.0,-212.0,-22.0,522.0
-877.0,1747.0,-229.0,162.0,320.0,-372.0,-288.0,-173.0,-1.0,535.0
-897.0,1106.0,-267.0,195.0,328.0,-315.0,-249.0,-214.0,43.0,508.0
-885.0,544.0,-261.0,211.0,308.0,-248.0,-261.0,-120.0,112.0,411.0
-835.0,89.0,-263.0,237.0,261.0,-156.0,-292.0,-81.0,166.0,294.0
-794.0,-367.0,-292.0,297.0,195.0,-90.0,-260.0,-136.0,208.0,179.0
-745.0,-730.0,-255.0,359.0,136.0,-170.0,-190.0,12.0,275.0,53.0
-703.0,-1006.0,-223.0,414.0,108.0,-330.0,-162.0,42.0,367.0,-79.0
-638.0,-1265.0,-218.0,435.0,118.0,-358.0,-219.0,258.0,464.0,-198.0
-550.0,-1372.0,-171.0,438.0,130.0,-383.0,-251.0,450.0,558.0,-273.0
-442.0,-1313.0,-142.0,446.0,120.0,-350.0,-213.0,548.0,619.0,-313.0
-365.0,-1330.0,-127.0,414.0,97.0,-239.0,-213.0,715.0,655.0,-300.0
-312.0,-1507.0,-98.0,354.0,80.0,-258.0,-199.0,537.0,717.0,-244.0
-295.0,-1686.0,-72.0,257.0,71.0,-350.0,-129.0,445.0,772.0,-172.0
-271.0,-1676.0,-47.0,124.0,57.0,-450.0,-59.0,308.0,800.0,-88.0
-249.0,-1473.0,-11.0,6.0,36.0,-420.0,-41.0,79.0,799.0,-4.0
-240.0,-1285.0,32.0,-86.0,21.0,-270.0,-62.0,-42.0,766.0,63.0
-203.0,-1205.0,58.0,-155.0,16.0,-148.0,-77.0,-133.0,717.0,82.0
-200.0,-1183.0,92.0,-199.0,12.0,-13.0,-80.0,-83.0,676.0,57.0
-212.0,-1194.0,119.0,-207.0,-4.0,64.0,-28.0,-88.0,636.0,26.0
-221.0,-1217.0,157.0,-178.0,-33.0,-2.0,60.0,33.0,587.0,-37.0
-225.0,-1217.0,188.0,-128.0,-54.0,-125.0,41.0,-36.0,524.0,-161.0
-239.0,-1164.0,232.0,-79.0,-64.0,-137.0,-57.0,-97.0,449.0,-280.0
-237.0,-1026.0,293.0,-17.0,-61.0,-49.0,-81.0,84.0,375.0,-362.0
-256.0,-838.0,340.0,45.0,-41.0,-54.0,-59.0,60.0,259.0,-443.0
-262.0,-660.0,397.0,75.0,-8.0,-119.0,-52.0,133.0,121.0,-497.0
-266.0,-317.0,425.0,85.0,35.0,-89.0,-105.0,138.0,34.0,-508.0
-273.0,308.0,482.0,56.0,77.0,-4.0,-104.0,192.0,-23.0,-483.0
-260.0,949.0,531.0,14.0,89.0,-4.0,9.0,306.0,-90.0,-430.0
-242.0,1277.0,545.0,-20.0,58.0,-74.0,96.0,264.0,-166.0,-367.0
-203.0,1209.0,600.0,-78.0,-14.0,-100.0,103.0,295.0,-243.0,-286.0
-166.0,905.0,631.0,-110.0,-114.0,-121.0,35.0,282.0,-289.0,-211.0
-128.0,570.0,630.0,-106.0,-210.0,-168.0,-49.0,297.0,-311.0,-159.0
-99.0,293.0,644.0,-88.0,-271.0,-224.0,-124.0,120.0,-306.0,-91.0
-28.0,136.0,678.0,-20.0,-289.0,-250.0,-165.0,-40.0,-285.0,14.0
12.0,216.0,676.0,51.0,-285.0,-288.0,-202.0,-81.0,-267.0,115.0
80.0,525.0,659.0,107.0,-275.0,-358.0,-232.0,-181.0,-224.0,209.0
164.0,812.0,679.0,180.0,-271.0,-251.0,-201.0,-36.0,-160.0,344.0
231.0,862.0,674.0,242.0,-289.0,-53.0,-158.0,-20.0,-97.0,481.0
306.0,706.0,639.0,304.0,-328.0,-9.0,-125.0,7.0,-60.0,584.0
339.0,536.0,607.0,357.0,-362.0,-3.0,-138.0,25.0,-20.0,666.0
372.0,446.0,564.0,384.0,-365.0,36.0,-168.0,-86.0,10.0,729.0
382.0,308.0,470.0,373.0,-352.0,34.0,-200.0,-55.0,19.0,755.0
398.0,15.0,406.0,300.0,-347.0,4.0,-253.0,-35.0,23.0,722.0
390.0,-365.0,345.0,238.0,-340.0,-2.0,-289.0,99.0,-6.0,670.0
398.0,-795.0,282.0,173.0,-317.0,-29.0,-335.0,158.0,-41.0,585.0
395.0,-1303.0,239.0,92.0,-291.0,-160.0,-353.0,319.0,-65.0,421.0
392.0,-1753.0,195.0,68.0,-292.0,-289.0,-314.0,400.0,-90.0,228.0
388.0,-1877.0,160.0,66.0,-305.0,-286.0,-292.0,212.0,-119.0,60.0
358.0,-1588.0,82.0,76.0,-298.0,-229.0,-286.0,155.0,-181.0,-89.0
341.0,-1037.0,33.0,96.0,-254.0,-220.0,-299.0,-12.0,-262.0,-228.0
302.0,-454.0,-25.0,118.0,-184.0,-235.0,-345.0,18.0,-351.0,-299.0
273.0,-9.0,-116.0,186.0,-115.0,-283.0,-359.0,35.0,-452.0,-314.0
243.0,252.0,-153.0,237.0,-70.0,-411.0,-391.0,38.0,-530.0,-323.0
225.0,368.0,-174.0,273.0,-63.0,-450.0,-450.0,258.0,-580.0,-320.0
180.0,383.0,-233.0,297.0,-76.0,-341.0,-467.0,225.0,-604.0,-303.0
127.0,404.0,-262.0,258.0,-89.0,-275.0,-453.0,262.0,-606.0,-278.0
54.0,562.0,-278.0,183.0,-94.0,-385.0,-422.0,223.0,-597.0,-275.0
-1.0,701.0,-350.0,85.0,-77.0,-561.0,-434.0,121.0,-531.0,-307.0
-39.0,593.0,-362.0,-24.0,-23.0,-548.0,-441.0,145.0,-431.0,-343.0
-70.0,357.0,-395.0,-154.0,64.0,-435.0,-384.0,171.0,-355.0,-398.0
-59.0,222.0,-421.0,-284.0,153.0,-446.0,-322.0,266.0,-307.0,-479.0
-81.0,191.0,-424.0,-396.0,204.0,-526.0,-345.0,291.0,-266.0,-531.0
-95.0,145.0,-444.0,-498.0,211.0,-546.0,-463.0,421.0,-183.0,-564.0
-135.0,17.0,-448.0,-566.0,180.0,-513.0,-526.0,445.0,-86.0,-612.0
-198.0,-140.0,-453.0,-588.0,115.0,-535.0,-487.0,404.0,0.0,-658.0
-266.0,-165.0,-417.0,-588.0,23.0,-596.0,-436.0,389.0,86.0,-652.0
-311.0,-58.0,-433.0,-554.0,-71.0,-472.0,-414.0,308.0,140.0,-616.0
-329.0,14.0,-397.0,-468.0,-129.0,-381.0,-386.0,413.0,169.0,-582.0
-335.0,80.0,-363.0,-385.0,-140.0,-622.0,-375.0,393.0,205.0,-520.0
-324.0,269.0,-391.0,-332.0,-132.0,-813.0,-412.0,354.0,261.0,-445.0
-338.0,513.0,-346.0,-288.0,-130.0,-830.0,-455.0,375.0,357.0,-370.0
-323.0,641.0,-364.0,-237.0,-131.0,-843.0,-499.0,384.0,455.0,-314.0
-319.0,616.0,-376.0,-184.0,-118.0,-889.0,-538.0,423.0,521.0,-256.0
-317.0,498.0,-387.0,-154.0,-75.0,-901.0,-507.0,330.0,571.0,-177.0
-278.0,375.0,-412.0,-147.0,-3.0,-784.0,-421.0,308.0,613.0,-130.0
-236.0,245.0,-421.0,-112.0,81.0,-721.0,-386.0,142.0,629.0,-106.0
-188.0,114.0,-471.0,-45.0,166.0,-801.0,-442.0,44.0,607.0,-72.0
-161.0,112.0,-453.0,11.0,239.0,-818.0,-512.0,90.0,559.0,-31.0
-160.0,214.0,-461.0,86.0,294.0,-774.0,-499.0,18.0,511.0,-9.0
-149.0,312.0,-463.0,157.0,328.0,-843.0,-425.0,112.0,473.0,13.0
-144.0,444.0,-429.0,208.0,333.0,-873.0,-396.0,60.0,448.0,80.0
-151.0,575.0,-418.0,238.0,319.0,-749.0,-414.0,94.0,443.0,152.0
-154.0,523.0,-410.0,210.0,299.0,-661.0,-430.0,188.0,412.0,216.0
-151.0,285.0,-389.0,145.0,281.0,-807.0,-434.0,140.0,345.0,280.0
-151.0,55.0,-330.0,79.0,271.0,-939.0,-381.0,260.0,282.0,350.0
-168.0,-82.0,-309.0,18.0,278.0,-780.0,-327.0,184.0,227.0,398.0
-181.0,-193.0,-237.0,-58.0,293.0,-719.0,-325.0,164.0,191.0,397.0
-180.0,-326.0,-177.0,-149.0,291.0,-839.0,-312.0,192.0,197.0,407.0
-192.0,-452.0,-128.0,-224.0,263.0,-826.0,-337.0,195.0,187.0,409.0
-196.0,-581.0,-45.0,-270.0,217.0,-713.0,-404.0,236.0,147.0,387.0
-188.0,-754.0,13.0,-289.0,173.0,-577.0,-379.0,86.0,105.0,367.0
-145.0,-957.0,75.0,-277.0,139.0,-562.0,-282.0,1.0,58.0,357.0
-95.0,-1093.0,125.0,-217.0,103.0,-586.0,-232.0,-140.0,8.0,351.0
-75.0,-1033.0,187.0,-132.0,64.0,-521.0,-221.0,-127.0,-46.0,341.0
-40.0,-803.0,221.0,-36.0,39.0,-628.0,-177.0,-84.0,-80.0,342.0
-2.0,-562.0,271.0,65.0,27.0,-731.0,-148.0,-144.0,-121.0,374.0
46.0,-379.0,312.0,152.0,25.0,-665.0,-155.0,-46.0,-176.0,429.0
97.0,-199.0,316.0,235.0,34.0,-650.0,-137.0,-96.0,-206.0,473.0
160.0,21.0,334.0,277.0,57.0,-619.0,-79.0,-9.0,-201.0,545.0
215.0,273.0,349.0,287.0,99.0,-544.0,-15.0,109.0,-159.0,621.0
250.0,567.0,342.0,256.0,143.0,-480.0,-20.0,142.0,-151.0,670.0
262.0,880.0,331.0,185.0,179.0,-468.0,-68.0,256.0,-153.0,694.0
259.0,1087.0,349.0,118.0,201.0,-515.0,-115.0,293.0,-119.0,711.0
292.0,1153.0,350.0,32.0,194.0,-440.0,-127.0,347.0,-94.0,738.0
290.0,1246.0,331.0,-55.0,156.0,-327.0,-61.0,240.0,-112.0,730.0
301.0,1435.0,307.0,-166.0,100.0,-377.0,11.0,166.0,-175.0,720.0
315.0,1628.0,280.0,-280.0,50.0,-458.0,42.0,136.0,-244.0,699.0
295.0,1811.0,222.0,-377.0,17.0,-415.0,26.0,73.0,-291.0,658.0
268.0,1952.0,186.0,-473.0,-14.0,-408.0,14.0,46.0,-316.0,617.0
223.0,2011.0,167.0,-526.0,-66.0,-448.0,49.0,-129.0,-343.0,594.0
174.0,2038.0,145.0,-546.0,-140.0,-357.0,95.0,-173.0,-378.0,614.0
132.0,2023.0,166.0,-532.0,-223.0,-191.0,110.0,-286.0,-413.0,659.0
108.0,1890.0,171.0,-472.0,-303.0,-144.0,121.0,-288.0,-437.0,731.0
78.0,1642.0,187.0,-404.0,-378.0,-291.0,171.0,-70.0,-451.0,828.0
49.0,1287.0,175.0,-317.0,-438.0,-300.0,176.0,18.0,-464.0,918.0
15.0,749.0,167.0,-226.0,-465.0,-139.0,129.0,262.0,-426.0,947.0
-48.0,94.0,165.0,-162.0,-449.0,-70.0,115.0,365.0,-377.0,930.0
-127.0,-445.0,141.0,-104.0,-395.0,-50.0,114.0,467.0,-346.0,863.0
-211.0,-773.0,183.0,-46.0,-325.0,-38.0,82.0,506.0,-300.0,715.0
-279.0,-927.0,178.0,16.0,-264.0,-95.0,32.0,312.0,-258.0,527.0
-327.0,-1013.0,184.0,72.0,-219.0,-198.0,-9.0,254.0,-207.0,347.0
-372.0,-1195.0,211.0,146.0,-200.0,-217.0,-38.0,62.0,-153.0,160.0
-405.0,-1550.0,194.0,231.0,-206.0,-150.0,-63.0,-25.0,-99.0,-53.0
-433.0,-2044.0,207.0,294.0,-215.0,-81.0,-59.0,5.0,-56.0,-255.0
-441.0,-2579.0,211.0,359.0,-197.0,-54.0,-20.0,145.0,-59.0,-453.0
-452.0,-2990.0,235.0,408.0,-142.0,16.0,23.0,321.0,-68.0,-635.0
-467.0,-3068.0,259.0,422.0,-61.0,87.0,38.0,343.0,-74.0,-806.0
-455.0,-2702.0,291.0,390.0,20.0,19.0,40.0,410.0,-53.0,-939.0
-432.0,-2073.0,329.0,337.0,79.0,-38.0,59.0,339.0,11.0,-1021.0
-405.0,-1568.0,361.0,282.0,102.0,64.0,72.0,504.0,55.0,-1102.0
-402.0,-1322.0,394.0,186.0,93.0,105.0,74.0,628.0,58.0,-1118.0
-380.0,-1112.0,397.0,97.0,90.0,17.0,29.0,650.0,18.0,-1069.0
-361.0,-824.0,393.0,6.0,120.0,7.0,-59.0,729.0,-20.0,-971.0
-321.0,-531.0,378.0,-79.0,177.0,35.0,-116.0,526.0,-7.0,-835.0
-271.0,-216.0,368.0,-142.0,241.0,27.0,-96.0,587.0,39.0,-677.0
-219.0,156.0,334.0,-232.0,291.0,-73.0,-7.0,556.0,55.0,-494.0
-157.0,584.0,309.0,-328.0,317.0,-138.0,58.0,351.0,40.0,-333.0
-146.0,1124.0,251.0,-439.0,314.0,-89.0,73.0,262.0,40.0,-190.0
-106.0,1770.0,182.0,-512.0,291.0,-47.0,59.0,136.0,17.0,-78.0
-81.0,2389.0,161.0,-546.0,271.0,-47.0,28.0,59.0,-14.0,-1.0
-40.0,2881.0,97.0,-564.0,267.0,-95.0,20.0,-166.0,-21.0,37.0
12.0,3167.0,76.0,-540.0,276.0,-63.0,6.0,-169.0,-22.0,48.0
58.0,3128.0,65.0,-511.0,281.0,-6.0,15.0,-90.0,-20.0,71.0
118.0,2801.0,38.0,-439.0,270.0,-6.0,45.0,-107.0,-49.0,71.0
136.0,2369.0,37.0,-334.0,257.0,20.0,38.0,1.0,-40.0,58.0
176.0,1980.0,40.0,-224.0,254.0,-103.0,68.0,29.0,15.0,75.0
187.0,1715.0,53.0,-105.0,240.0,-223.0,118.0,177.0,31.0,107.0
198.0,1536.0,76.0,9.0,186.0,-135.0,159.0,315.0,16.0,143.0
197.0,1349.0,116.0,98.0,108.0,-100.0,182.0,362.0,-31.0,205.0
180.0,1098.0,153.0,173.0,55.0,-125.0,152.0,341.0,-76.0,299.0
202.0,730.0,192.0,239.0,52.0,-158.0,102.0,345.0,-131.0,396.0
203.0,199.0,242.0,262.0,67.0,-119.0,12.0,465.0,-183.0,460.0
194.0,-457.0,285.0,274.0,71.0,-137.0,-43.0,376.0,-207.0,489.0
179.0,-1115.0,316.0,234.0,61.0,-239.0,-4.0,360.0,-227.0,511.0
195.0,-1558.0,355.0,147.0,52.0,-154.0,86.0,291.0,-192.0,504.0
207.0,-1571.0,387.0,63.0,55.0,-22.0,151.0,210.0,-142.0,494.0
189.0,-1250.0,422.0,-29.0,71.0,17.0,125.0,227.0,-90.0,502.0
167.0,-912.0,426.0,-86.0,80.0,-136.0,98.0,133.0,-54.0,514.0
160.0,-732.0,419.0,-117.0,73.0,-251.0,89.0,297.0,-51.0,550.0
156.0,-720.0,402.0,-149.0,52.0,-141.0,62.0,303.0,-22.0,582.0
143.0,-841.0,355.0,-153.0,14.0,-54.0,76.0,219.0,23.0,633.0
159.0,-997.0,341.0,-135.0,-24.0,17.0,59.0,199.0,37.0,697.0
172.0,-1127.0,300.0,-104.0,-44.0,116.0,-37.0,35.0,0.0,736.0
185.0,-1324.0,260.0,-57.0,-24.0,54.0,-96.0,38.0,-18.0,771.0
186.0,-1569.0,212.0,-23.0,32.0,-141.0,-51.0,3.0,-18.0,818.0
181.0,-1689.0,159.0,-10.0,100.0,-54.0,10.0,59.0,4.0,862.0
191.0,-1632.0,135.0,20.0,144.0,235.0,35.0,149.0,30.0,881.0
179.0,-1458.0,95.0,81.0,144.0,361.0,82.0,171.0,33.0,884.0
180.0,-1185.0,75.0,145.0,116.0,199.0,132.0,197.0,83.0,880.0
194.0,-738.0,52.0,216.0,91.0,-31.0,132.0,142.0,121.0,832.0
210.0,-149.0,27.0,294.0,63.0,43.0,97.0,194.0,146.0,702.0
227.0,396.0,-5.0,352.0,15.0,164.0,76.0,188.0,184.0,536.0
218.0,780.0,-51.0,390.0,-65.0,116.0,95.0,266.0,191.0,350.0
212.0,1004.0,-78.0,404.0,-160.0,190.0,111.0,308.0,187.0,164.0
191.0,1086.0,-120.0,422.0,-228.0,422.0,98.0,275.0,196.0,25.0
145.0,1095.0,-166.0,429.0,-242.0,441.0,26.0,375.0,210.0,-43.0
92.0,1155.0,-195.0,428.0,-212.0,237.0,-30.0,293.0,211.0,-35.0
52.0,1292.0,-250.0,408.0,-160.0,208.0,10.0,273.0,168.0,-9.0
12.0,1524.0,-319.0,343.0,-116.0,374.0,67.0,205.0,112.0,52.0
-33.0,1805.0,-382.0,255.0,-85.0,467.0,76.0,116.0,73.0,154.0
-49.0,1975.0,-471.0,148.0,-66.0,409.0,38.0,133.0,63.0,241.0
-73.0,1929.0,-547.0,58.0,-70.0,341.0,12.0,3.0,76.0,314.0
-91.0,1577.0,-602.0,-51.0,-96.0,274.0,50.0,81.0,61.0,389.0
-66.0,903.0,-656.0,-146.0,-142.0,321.0,133.0,110.0,29.0,436.0
-44.0,152.0,-697.0,-205.0,-196.0,573.0,152.0,88.0,-28.0,429.0
-40.0,-317.0,-723.0,-258.0,-227.0,694.0,79.0,49.0,-100.0,371.0
-48.0,-378.0,-745.0,-292.0,-218.0,473.0,21.0,-84.0,-192.0,298.0
-63.0,-132.0,-771.0,-302.0,-175.0,226.0,-4.0,-1.0,-290.0,234.0
-45.0,149.0,-772.0,-316.0,-110.0,298.0,7.0,29.0,-357.0,158.0
-27.0,216.0,-767.0,-381.0,-46.0,469.0,35.0,86.0,-432.0,133.0
16.0,70.0,-751.0,-432.0,-3.0,441.0,37.0,46.0,-490.0,147.0
89.0,-232.0,-749.0,-512.0,5.0,260.0,44.0,-25.0,-527.0,160.0
149.0,-730.0,-723.0,-611.0,-7.0,219.0,38.0,-5.0,-555.0,190.0
229.0,-1374.0,-676.0,-678.0,-2.0,310.0,42.0,-66.0,-583.0,222.0
284.0,-1935.0,-636.0,-730.0,45.0,342.0,66.0,66.0,-597.0,293.0
339.0,-2227.0,-565.0,-739.0,112.0,386.0,76.0,121.0,-565.0,361.0
399.0,-2202.0,-518.0,-703.0,150.0,359.0,107.0,173.0,-516.0,450.0
463.0,-1918.0,-458.0,-636.0,129.0,274.0,157.0,199.0,-456.0,571.0
525.0,-1503.0,-427.0,-552.0,59.0,263.0,166.0,144.0,-386.0,657.0
562.0,-1020.0,-379.0,-422.0,-28.0,377.0,158.0,229.0,-282.0,737.0
595.0,-575.0,-337.0,-294.0,-104.0,376.0,149.0,142.0,-148.0,783.0
601.0,-260.0,-324.0,-197.0,-141.0,206.0,126.0,129.0,-2.0,819.0
592.0,-34.0,-267.0,-93.0,-143.0,153.0,99.0,99.0,149.0,826.0
550.0,145.0,-282.0,-11.0,-140.0,194.0,109.0,42.0,301.0,779.0
496.0,355.0,-268.0,1.0,-147.0,270.0,205.0,144.0,417.0,725.0
444.0,667.0,-244.0,-24.0,-162.0,200.0,272.0,144.0,455.0,609.0
405.0,993.0,-237.0,-54.0,-178.0,118.0,252.0,275.0,461.0,436.0
363.0,1210.0,-206.0,-124.0,-185.0,177.0,216.0,315.0,435.0,210.0
303.0,1254.0,-174.0,-238.0,-183.0,138.0,190.0,271.0,356.0,-36.0
269.0,1070.0,-124.0,-356.0,-168.0,72.0,225.0,271.0,262.0,-284.0
246.0,682.0,-127.0,-474.0,-109.0,104.0,296.0,286.0,174.0,-552.0
226.0,287.0,-97.0,-539.0,5.0,191.0,285.0,447.0,136.0,-774.0
213.0,49.0,-49.0,-551.0,146.0,145.0,173.0,445.0,111.0,-961.0
192.0,-122.0,-25.0,-541.0,266.0,-30.0,113.0,408.0,32.0,-1122.0
156.0,-411.0,38.0,-493.0,338.0,-89.0,183.0,232.0,-60.0,-1249.0
102.0,-831.0,100.0,-449.0,370.0,-56.0,254.0,1.0,-137.0,-1317.0
52.0,-1247.0,138.0,-394.0,384.0,-73.0,222.0,-105.0,-223.0,-1330.0
0.0,-1583.0,191.0,-307.0,387.0,-11.0,108.0,-230.0,-301.0,-1313.0
-53.0,-1812.0,267.0,-224.0,386.0,34.0,49.0,-107.0,-325.0,-1249.0
-94.0,-1808.0,306.0,-145.0,383.0,-128.0,120.0,-105.0,-343.0,-1144.0
-135.0,-1508.0,354.0,-72.0,371.0,-263.0,243.0,-144.0,-344.0,-1018.0
-166.0,-1071.0,417.0,-43.0,350.0,-120.0,320.0,-140.0,-305.0,-903.0
-218.0,-676.0,428.0,-21.0,340.0,133.0,314.0,-195.0,-257.0,-786.0
-244.0,-366.0,467.0,16.0,351.0,96.0,288.0,-112.0,-193.0,-662.0
-269.0,-157.0,516.0,51.0,365.0,-49.0,253.0,-133.0,-161.0,-546.0
-287.0,-10.0,515.0,88.0,347.0,-158.0,205.0,11.0,-125.0,-457.0
-266.0,215.0,562.0,94.0,281.0,-214.0,187.0,131.0,-48.0,-379.0
-234.0,581.0,583.0,114.0,196.0,-123.0,177.0,160.0,19.0,-279.0
-161.0,999.0,561.0,176.0,141.0,-101.0,173.0,175.0,63.0,-194.0
-132.0,1315.0,582.0,191.0,119.0,-74.0,190.0,-3.0,54.0,-82.0
-114.0,1384.0,578.0,179.0,93.0,-103.0,205.0,-72.0,14.0,86.0
-116.0,1131.0,573.0,171.0,53.0,-133.0,170.0,-212.0,-30.0,260.0
-126.0,601.0,589.0,131.0,9.0,-20.0,87.0,-284.0,-102.0,418.0
-143.0,0.0,588.0,76.0,-33.0,58.0,75.0,-312.0,-214.0,564.0
-148.0,-470.0,578.0,48.0,-88.0,0.0,135.0,-299.0,-310.0,711.0
-111.0,-737.0,543.0,27.0,-162.0,-83.0,188.0,-168.0,-376.0,829.0
-98.0,-796.0,523.0,-13.0,-239.0,25.0,206.0,-216.0,-436.0,899.0
-66.0,-639.0,514.0,-37.0,-290.0,136.0,174.0,-116.0,-466.0,946.0
-58.0,-344.0,492.0,-76.0,-303.0,129.0,120.0,9.0,-481.0,976.0
-43.0,-96.0,465.0,-79.0,-279.0,135.0,105.0,84.0,-482.0,966.0
-37.0,-30.0,455.0,-73.0,-225.0,216.0,164.0,77.0,-479.0,930.0
-31.0,-223.0,423.0,-96.0,-169.0,310.0,251.0,-18.0,-480.0,901.0
-10.0,-601.0,373.0,-117.0,-130.0,290.0,300.0,3.0,-464.0,844.0
25.0,-941.0,365.0,-155.0,-117.0,261.0,258.0,-194.0,-396.0,741.0
60.0,-1068.0,316.0,-178.0,-132.0,332.0,141.0,-336.0,-261.0,624.0
96.0,-951.0,295.0,-196.0,-161.0,371.0,42.0,-362.0,-112.0,501.0
139.0,-672.0,275.0,-197.0,-187.0,300.0,18.0,-386.0,21.0,386.0
135.0,-356.0,235.0,-221.0,-186.0,296.0,24.0,-295.0,133.0,261.0
135.0,-107.0,214.0,-203.0,-155.0,365.0,27.0,-290.0,218.0,162.0
89.0,72.0,165.0,-158.0,-121.0,344.0,21.0,-184.0,262.0,91.0
79.0,228.0,146.0,-158.0,-96.0,402.0,-17.0,-164.0,293.0,-6.0
90.0,344.0,96.0,-146.0,-80.0,561.0,-56.0,-114.0,343.0,-101.0
99.0,372.0,58.0,-154.0,-54.0,564.0,-62.0,62.0,362.0,-174.0
113.0,339.0,10.0,-184.0,7.0,500.0,-37.0,140.0,375.0,-235.0
126.0,399.0,-48.0,-235.0,82.0,534.0,-34.0,288.0,415.0,-303.0
141.0,758.0,-112.0,-273.0,128.0,614.0,-92.0,192.0,466.0,-349.0
106.0,1449.0,-157.0,-309.0,123.0,615.0,-149.0,86.0,520.0,-341.0
88.0,2186.0,-215.0,-334.0,91.0,559.0,-145.0,42.0,561.0,-317.0
64.0,2629.0,-299.0,-359.0,65.0,564.0,-109.0,-49.0,576.0,-279.0
72.0,2687.0,-358.0,-367.0,59.0,607.0,-135.0,-51.0,547.0,-219.0
58.0,2446.0,-483.0,-329.0,62.0,620.0,-213.0,-70.0,524.0,-154.0
39.0,2011.0,-535.0,-287.0,52.0,597.0,-252.0,73.0,509.0,-129.0
45.0,1497.0,-621.0,-208.0,18.0,613.0,-258.0,11.0,446.0,-124.0
32.0,996.0,-693.0,-155.0,-38.0,653.0,-263.0,-51.0,332.0,-72.0
17.0,524.0,-723.0,-104.0,-104.0,598.0,-250.0,-29.0,187.0,-33.0
8.0,98.0,-784.0,-62.0,-157.0,498.0,-245.0,-107.0,60.0,-21.0
-5.0,-238.0,-790.0,-42.0,-194.0,483.0,-275.0,-57.0,-75.0,-18.0
-22.0,-492.0,-843.0,-2.0,-213.0,503.0,-383.0,-221.0,-232.0,-31.0
-39.0,-742.0,-833.0,15.0,-221.0,531.0,-507.0,-271.0,-357.0,-102.0
-51.0,-1104.0,-848.0,51.0,-221.0,570.0,-545.0,-297.0,-451.0,-237.0
-46.0,-1538.0,-861.0,81.0,-221.0,592.0,-489.0,-430.0,-540.0,-336.0
-82.0,-1787.0,-847.0,128.0,-238.0,602.0,-386.0,-447.0,-583.0,-434.0
-104.0,-1733.0,-834.0,189.0,-268.0,563.0,-331.0,-495.0,-589.0,-525.0
-161.0,-1498.0,-810.0,214.0,-312.0,574.0,-308.0,-400.0,-595.0,-559.0
-183.0,-1214.0,-820.0,208.0,-349.0,658.0,-285.0,-373.0,-563.0,-551.0
-211.0,-934.0,-772.0,160.0,-339.0,640.0,-274.0,-188.0,-513.0,-518.0
-264.0,-709.0,-785.0,93.0,-274.0,596.0,-293.0,-36.0,-458.0,-498.0
-270.0,-625.0,-742.0,17.0,-187.0,568.0,-345.0,-62.0,-364.0,-460.0
-277.0,-697.0,-705.0,-53.0,-131.0,484.0,-378.0,16.0,-207.0,-403.0
-268.0,-822.0,-686.0,-146.0,-117.0,438.0,-383.0,-60.0,-32.0,-380.0
-273.0,-873.0,-640.0,-214.0,-116.0,496.0,-311.0,60.0,111.0,-374.0
-229.0,-792.0,-646.0,-251.0,-93.0,539.0,-160.0,64.0,255.0,-351.0
-209.0,-616.0,-603.0,-267.0,-35.0,380.0,-59.0,-9.0,358.0,-336.0
-190.0,-437.0,-606.0,-262.0,37.0,299.0,-57.0,-16.0,398.0,-364.0
-170.0,-303.0,-570.0,-294.0,96.0,378.0,-132.0,-186.0,431.0,-402.0
-132.0,-195.0,-552.0,-311.0,135.0,352.0,-216.0,-75.0,460.0,-405.0
-94.0,-56.0,-518.0,-301.0,155.0,343.0,-225.0,-68.0,429.0,-438.0
-87.0,158.0,-465.0,-266.0,153.0,367.0,-162.0,38.0,345.0,-502.0
-37.0,440.0,-428.0,-195.0,137.0,414.0,-119.0,136.0,248.0,-523.0
3.0,809.0,-342.0,-119.0,108.0,379.0,-162.0,42.0,166.0,-532.0
66.0,1269.0,-278.0,-58.0,61.0,246.0,-218.0,116.0,132.0,-555.0
107.0,1727.0,-158.0,10.0,-2.0,242.0,-215.0,-16.0,125.0,-596.0
160.0,2042.0,-84.0,93.0,-60.0,333.0,-154.0,11.0,120.0,-611.0
184.0,2176.0,27.0,171.0,-77.0,425.0,-102.0,66.0,105.0,-613.0
188.0,2203.0,131.0,221.0,-39.0,395.0,-90.0,84.0,77.0,-677.0
187.0,2147.0,233.0,249.0,38.0,335.0,-162.0,153.0,39.0,-735.0
185.0,1948.0,335.0,232.0,121.0,317.0,-270.0,29.0,15.0,-785.0
230.0,1515.0,412.0,191.0,181.0,227.0,-269.0,48.0,-6.0,-858.0
269.0,886.0,525.0,202.0,222.0,213.0,-199.0,-40.0,-64.0,-921.0
315.0,246.0,549.0,194.0,267.0,317.0,-174.0,-11.0,-142.0,-941.0
359.0,-250.0,609.0,186.0,322.0,340.0,-246.0,25.0,-229.0,-914.0
422.0,-541.0,630.0,183.0,374.0,245.0,-346.0,3.0,-304.0,-887.0
458.0,-688.0,646.0,147.0,412.0,200.0,-364.0,245.0,-368.0,-822.0
495.0,-811.0,653.0,105.0,430.0,256.0,-282.0,282.0,-443.0,-696.0
508.0,-950.0,639.0,45.0,431.0,318.0,-135.0,345.0,-526.0,-563.0
520.0,-1084.0,640.0,6.0,412.0,369.0,-38.0,330.0,-606.0,-451.0
521.0,-1244.0,580.0,-89.0,373.0,387.0,-91.0,275.0,-636.0,-325.0
492.0,-1466.0,556.0,-199.0,321.0,327.0,-233.0,304.0,-647.0,-180.0
464.0,-1687.0,502.0,-287.0,260.0,255.0,-302.0,88.0,-642.0,-72.0
427.0,-1814.0,440.0,-397.0,185.0,223.0,-235.0,-48.0,-616.0,-29.0
416.0,-1747.0,386.0,-454.0,106.0,293.0,-129.0,-182.0,-593.0,3.0
365.0,-1378.0,319.0,-529.0,33.0,412.0,-65.0,-182.0,-527.0,46.0
302.0,-701.0,264.0,-596.0,-24.0,392.0,-31.0,-96.0,-443.0,19.0
221.0,131.0,191.0,-640.0,-77.0,240.0,-77.0,-66.0,-371.0,-14.0
143.0,914.0,134.0,-660.0,-133.0,218.0,-202.0,16.0,-345.0,-26.0
70.0,1457.0,77.0,-639.0,-189.0,358.0,-269.0,-48.0,-369.0,-34.0
-10.0,1676.0,22.0,-626.0,-233.0,349.0,-252.0,-31.0,-369.0,-28.0
-80.0,1634.0,-9.0,-554.0,-259.0,306.0,-215.0,-110.0,-319.0,11.0
-141.0,1419.0,-52.0,-461.0,-259.0,410.0,-196.0,-144.0,-247.0,122.0
-196.0,1101.0,-83.0,-367.0,-242.0,546.0,-194.0,-25.0,-180.0,243.0
-257.0,764.0,-107.0,-280.0,-231.0,565.0,-196.0,-46.0,-117.0,371.0
-307.0,501.0,-107.0,-212.0,-243.0,471.0,-185.0,-51.0,-67.0,524.0
-369.0,378.0,-87.0,-177.0,-265.0,476.0,-165.0,-171.0,-5.0,674.0
-416.0,414.0,-48.0,-200.0,-270.0,440.0,-178.0,-242.0,69.0,778.0
-469.0,539.0,6.0,-238.0,-244.0,329.0,-218.0,-376.0,130.0,842.0
-509.0,628.0,39.0,-301.0,-181.0,298.0,-256.0,-509.0,168.0,900.0
-528.0,617.0,58.0,-365.0,-88.0,270.0,-283.0,-471.0,206.0,908.0
-534.0,547.0,82.0,-402.0,8.0,323.0,-311.0,-515.0,272.0,864.0
-526.0,472.0,108.0,-405.0,88.0,512.0,-321.0,-347.0,334.0,797.0
-525.0,380.0,103.0,-394.0,137.0,609.0,-330.0,-227.0,355.0,715.0
-534.0,278.0,137.0,-366.0,149.0,594.0,-321.0,-114.0,350.0,589.0
-540.0,167.0,142.0,-307.0,128.0,563.0,-281.0,27.0,343.0,449.0
-543.0,41.0,123.0,-245.0,93.0,463.0,-264.0,-66.0,326.0,358.0
-534.0,-82.0,132.0,-153.0,59.0,442.0,-234.0,55.0,285.0,290.0
-493.0,-202.0,116.0,-31.0,35.0,411.0,-204.0,107.0,217.0,205.0
-470.0,-319.0,116.0,93.0,34.0,315.0,-190.0,105.0,138.0,108.0
-412.0,-439.0,92.0,203.0,59.0,308.0,-218.0,177.0,26.0,6.0
-376.0,-572.0,72.0,287.0,98.0,315.0,-283.0,138.0,-100.0,-112.0
-352.0,-681.0,55.0,346.0,124.0,277.0,-332.0,103.0,-202.0,-255.0
-350.0,-724.0,31.0,392.0,123.0,253.0,-321.0,-57.0,-298.0,-402.0
-363.0,-703.0,-5.0,426.0,112.0,361.0,-202.0,-160.0,-364.0,-528.0
-372.0,-632.0,-31.0,422.0,118.0,434.0,-73.0,-306.0,-441.0,-659.0
-397.0,-509.0,-47.0,387.0,149.0,452.0,-70.0,-391.0,-558.0,-770.0
-359.0,-378.0,-57.0,322.0,196.0,440.0,-176.0,-297.0,-690.0,-824.0
-335.0,-276.0,-52.0,252.0,235.0,304.0,-233.0,-242.0,-812.0,-825.0
-272.0,-183.0,-66.0,202.0,252.0,253.0,-222.0,-136.0,-905.0,-792.0
-227.0,-102.0,-61.0,164.0,252.0,229.0,-211.0,-116.0,-982.0,-729.0
-179.0,-87.0,-81.0,152.0,242.0,220.0,-225.0,49.0,-1010.0,-599.0
-119.0,-196.0,-95.0,145.0,215.0,204.0,-192.0,118.0,-976.0,-453.0
-93.0,-445.0,-116.0,138.0,154.0,160.0,-54.0,42.0,-884.0,-312.0
-32.0,-727.0,-146.0,149.0,69.0,202.0,64.0,105.0,-769.0,-170.0
-7.0,-891.0,-165.0,170.0,-19.0,166.0,108.0,-7.0,-685.0,-27.0
32.0,-900.0,-200.0,159.0,-95.0,213.0,74.0,-16.0,-585.0,115.0
61.0,-890.0,-212.0,149.0,-141.0,256.0,9.0,-68.0,-452.0,222.0
101.0,-933.0,-239.0,155.0,-158.0,175.0,-28.0,-168.0,-322.0,324.0
139.0,-881.0,-249.0,166.0,-157.0,189.0,-11.0,-120.0,-210.0,411.0
181.0,-616.0,-249.0,177.0,-150.0,112.0,10.0,-131.0,-110.0,469.0
238.0,-219.0,-270.0,167.0,-147.0,22.0,-30.0,-66.0,-2.0,494.0
292.0,145.0,-316.0,204.0,-146.0,52.0,-50.0,-18.0,105.0,507.0
355.0,385.0,-348.0,244.0,-146.0,123.0,-10.0,-14.0,211.0,540.0
389.0,530.0,-389.0,274.0,-151.0,141.0,37.0,-20.0,291.0,540.0
450.0,635.0,-452.0,276.0,-153.0,110.0,1.0,51.0,322.0,540.0
497.0,685.0,-472.0,252.0,-140.0,221.0,-87.0,12.0,325.0,567.0
548.0,620.0,-515.0,211.0,-116.0,335.0,-90.0,-72.0,332.0,557.0
586.0,473.0,-536.0,116.0,-88.0,350.0,7.0,73.0,360.0,513.0
631.0,373.0,-554.0,3.0,-70.0,327.0,84.0,36.0,376.0,474.0
692.0,382.0,-586.0,-120.0,-67.0,225.0,17.0,70.0,354.0,427.0
736.0,513.0,-583.0,-214.0,-78.0,135.0,-120.0,55.0,309.0,348.0
787.0,742.0,-574.0,-309.0,-92.0,196.0,-200.0,-147.0,262.0,264.0
807.0,999.0,-551.0,-389.0,-96.0,256.0,-207.0,-136.0,224.0,205.0
827.0,1235.0,-531.0,-425.0,-85.0,257.0,-176.0,-277.0,207.0,128.0
822.0,1433.0,-524.0,-415.0,-53.0,208.0,-81.0,-382.0,223.0,33.0
830.0,1594.0,-519.0,-348.0,-5.0,127.0,10.0,-386.0,256.0,-26.0
830.0,1691.0,-527.0,-273.0,45.0,255.0,8.0,-343.0,282.0,-67.0
809.0,1689.0,-542.0,-196.0,91.0,388.0,-42.0,-192.0,287.0,-141.0
797.0,1562.0,-528.0,-110.0,118.0,326.0,-85.0,-286.0,276.0,-250.0
769.0,1336.0,-538.0,-17.0,125.0,233.0,-65.0,-291.0,255.0,-347.0
737.0,1085.0,-530.0,58.0,115.0,151.0,9.0,-286.0,222.0,-471.0
668.0,866.0,-504.0,120.0,102.0,176.0,72.0,-354.0,173.0,-646.0
602.0,703.0,-509.0,196.0,90.0,218.0,62.0,-293.0,115.0,-816.0
532.0,566.0,-479.0,256.0,72.0,68.0,32.0,-262.0,71.0,-957.0
439.0,387.0,-436.0,271.0,59.0,-93.0,61.0,-243.0,40.0,-1063.0
316.0,170.0,-397.0,270.0,56.0,-66.0,103.0,-297.0,38.0,-1131.0
182.0,-44.0,-316.0,225.0,62.0,-31.0,176.0,-325.0,39.0,-1120.0
58.0,-338.0,-229.0,141.0,67.0,40.0,244.0,-423.0,15.0,-1033.0
-68.0,-771.0,-155.0,53.0,61.0,189.0,266.0,-485.0,-7.0,-936.0
-201.0,-1230.0,-65.0,-51.0,41.0,115.0,265.0,-445.0,-49.0,-811.0
-338.0,-1571.0,-4.0,-144.0,12.0,53.0,243.0,-393.0,-119.0,-657.0
-461.0,-1769.0,48.0,-214.0,-14.0,137.0,231.0,-238.0,-195.0,-503.0
-563.0,-1840.0,105.0,-258.0,-35.0,117.0,218.0,-243.0,-267.0,-380.0
-633.0,-1837.0,109.0,-276.0,-44.0,54.0,208.0,-234.0,-323.0,-288.0
-686.0,-1872.0,131.0,-252.0,-45.0,-10.0,202.0,-223.0,-379.0,-184.0
-722.0,-1984.0,159.0,-183.0,-38.0,-22.0,229.0,-221.0,-417.0,-112.0
-757.0,-2094.0,169.0,-103.0,-31.0,-31.0,336.0,-157.0,-442.0,-82.0
-774.0,-2072.0,207.0,-15.0,-45.0,-19.0,455.0,-273.0,-462.0,-31.0
-757.0,-1849.0,209.0,71.0,-84.0,8.0,516.0,-245.0,-439.0,11.0
-735.0,-1490.0,189.0,144.0,-132.0,1.0,490.0,-290.0,-385.0,14.0
-709.0,-1154.0,180.0,193.0,-167.0,24.0,417.0,-430.0,-294.0,-26.0
-663.0,-920.0,163.0,235.0,-183.0,-56.0,348.0,-428.0,-172.0,-77.0
-601.0,-718.0,176.0,272.0,-184.0,-22.0,313.0,-454.0,-60.0,-145.0
-574.0,-486.0,194.0,254.0,-179.0,130.0,326.0,-330.0,46.0,-258.0
-543.0,-230.0,213.0,235.0,-169.0,105.0,347.0,-269.0,118.0,-346.0
-498.0,29.0,238.0,230.0,-147.0,-15.0,372.0,-192.0,149.0,-409.0
-470.0,322.0,234.0,215.0,-102.0,-36.0,373.0,-77.0,185.0,-483.0
-455.0,705.0,225.0,225.0,-42.0,98.0,366.0,-46.0,215.0,-570.0
-434.0,1148.0,213.0,239.0,10.0,181.0,444.0,-12.0,235.0,-620.0
-410.0,1514.0,199.0,266.0,38.0,131.0,566.0,-162.0,275.0,-620.0
-409.0,1671.0,173.0,283.0,36.0,87.0,607.0,-94.0,325.0,-618.0
-417.0,1618.0,157.0,315.0,21.0,40.0,596.0,-60.0,395.0,-567.0
-433.0,1435.0,149.0,346.0,8.0,-57.0,558.0,-68.0,473.0,-458.0
-448.0,1179.0,143.0,340.0,3.0,20.0,469.0,81.0,536.0,-322.0
-475.0,809.0,148.0,335.0,-1.0,188.0,416.0,-5.0,590.0,-214.0
-502.0,311.0,142.0,269.0,-18.0,166.0,430.0,-29.0,616.0,-103.0
-518.0,-135.0,132.0,204.0,-36.0,-40.0,460.0,-158.0,623.0,25.0
-519.0,-364.0,104.0,168.0,-37.0,-256.0,459.0,-155.0,625.0,102.0
-531.0,-413.0,115.0,109.0,-11.0,-172.0,474.0,-81.0,648.0,165.0
-539.0,-324.0,142.0,44.0,27.0,12.0,547.0,-169.0,699.0,242.0
-515.0,-111.0,137.0,-24.0,63.0,33.0,603.0,-46.0,741.0,332.0
-480.0,129.0,160.0,-94.0,98.0,-46.0,620.0,-92.0,765.0,397.0
-411.0,294.0,205.0,-173.0,143.0,-166.0,565.0,-84.0,762.0,463.0
-343.0,321.0,226.0,-227.0,200.0,-142.0,452.0,-127.0,732.0,548.0
-269.0,176.0,259.0,-260.0,261.0,-74.0,374.0,-260.0,686.0,599.0
-206.0,-53.0,308.0,-270.0,310.0,-70.0,388.0,-273.0,609.0,597.0
-131.0,-219.0,322.0,-247.0,318.0,-43.0,444.0,-334.0,477.0,588.0
-53.0,-306.0,346.0,-251.0,283.0,-79.0,456.0,-223.0,281.0,597.0
41.0,-342.0,360.0,-245.0,218.0,-151.0,440.0,-206.0,56.0,564.0
178.0,-290.0,350.0,-239.0,150.0,-202.0,458.0,-179.0,-161.0,532.0
289.0,-169.0,319.0,-245.0,99.0,-229.0,486.0,-158.0,-352.0,528.0
403.0,-95.0,277.0,-251.0,59.0,-162.0,458.0,-210.0,-513.0,533.0
500.0,-181.0,208.0,-259.0,21.0,-79.0,408.0,-153.0,-642.0,520.0
573.0,-427.0,107.0,-237.0,-23.0,-206.0,370.0,-205.0,-726.0,490.0
630.0,-795.0,8.0,-228.0,-71.0,-427.0,417.0,-166.0,-764.0,479.0
692.0,-1193.0,-124.0,-197.0,-115.0,-337.0,542.0,-140.0,-759.0,450.0
745.0,-1459.0,-233.0,-116.0,-151.0,-27.0,604.0,-20.0,-722.0,386.0
795.0,-1484.0,-346.0,-42.0,-178.0,85.0,537.0,107.0,-653.0,335.0
857.0,-1272.0,-456.0,55.0,-193.0,10.0,399.0,81.0,-572.0,315.0
885.0,-894.0,-517.0,134.0,-194.0,-31.0,309.0,262.0,-505.0,254.0
901.0,-429.0,-578.0,204.0,-183.0,-17.0,279.0,97.0,-447.0,165.0
887.0,32.0,-645.0,290.0,-167.0,-32.0,327.0,-24.0,-399.0,101.0
846.0,452.0,-699.0,352.0,-162.0,-135.0,445.0,27.0,-375.0,7.0
791.0,839.0,-730.0,417.0,-173.0,-191.0,514.0,-107.0,-386.0,-116.0
733.0,1200.0,-772.0,470.0,-193.0,-231.0,417.0,-20.0,-408.0,-257.0
661.0,1489.0,-776.0,530.0,-209.0,-304.0,250.0,-158.0,-427.0,-377.0
553.0,1662.0,-776.0,569.0,-211.0,-276.0,185.0,-216.0,-452.0,-478.0
437.0,1723.0,-801.0,584.0,-199.0,-282.0,225.0,-109.0,-474.0,-582.0
322.0,1616.0,-801.0,598.0,-172.0,-277.0,299.0,-27.0,-504.0,-630.0
204.0,1253.0,-809.0,576.0,-138.0,-259.0,326.0,158.0,-529.0,-630.0
90.0,698.0,-805.0,564.0,-104.0,-230.0,306.0,293.0,-530.0,-621.0
-5.0,173.0,-791.0,523.0,-71.0,-98.0,291.0,384.0,-509.0,-599.0
-77.0,-177.0,-771.0,467.0,-32.0,-43.0,350.0,171.0,-464.0,-531.0
-133.0,-327.0,-744.0,384.0,18.0,-74.0,369.0,105.0,-405.0,-434.0
-201.0,-311.0,-689.0,262.0,75.0,-43.0,268.0,46.0,-340.0,-359.0
-275.0,-203.0,-631.0,202.0,119.0,-35.0,183.0,-40.0,-314.0,-251.0
-316.0,-82.0,-581.0,124.0,141.0,-115.0,144.0,-12.0,-343.0,-101.0
-343.0,45.0,-509.0,57.0,141.0,-100.0,99.0,-260.0,-379.0,19.0
-381.0,228.0,-456.0,49.0,123.0,0.0,63.0,-314.0,-416.0,95.0
-393.0,397.0,-403.0,41.0,95.0,44.0,66.0,-397.0,-427.0,175.0
-387.0,485.0,-337.0,59.0,52.0,-56.0,37.0,-363.0,-398.0,252.0
-382.0,488.0,-255.0,93.0,-1.0,-70.0,6.0,-177.0,-384.0,256.0
-391.0,383.0,-199.0,163.0,-49.0,131.0,119.0,-112.0,-370.0,238.0
-401.0,139.0,-153.0,224.0,-73.0,245.0,331.0,36.0,-328.0,251.0
-395.0,-206.0,-110.0,268.0,-73.0,223.0,411.0,-31.0,-280.0,251.0
-407.0,-588.0,-96.0,315.0,-75.0,171.0,311.0,31.0,-207.0,232.0
-432.0,-974.0,-61.0,328.0,-99.0,133.0,157.0,42.0,-141.0,235.0
-456.0,-1309.0,-38.0,314.0,-145.0,-11.0,52.0,-64.0,-69.0,267.0
-452.0,-1525.0,-8.0,245.0,-200.0,-93.0,-3.0,-88.0,35.0,288.0
-442.0,-1584.0,26.0,149.0,-250.0,24.0,-33.0,-269.0,154.0,288.0
-442.0,-1500.0,49.0,33.0,-288.0,85.0,17.0,-230.0,281.0,303.0
-458.0,-1329.0,89.0,-56.0,-319.0,4.0,66.0,-229.0,397.0,289.0
-473.0,-1096.0,122.0,-127.0,-345.0,-25.0,105.0,-262.0,504.0,206.0
-468.0,-840.0,157.0,-148.0,-354.0,104.0,173.0,-192.0,593.0,86.0
-481.0,-632.0,175.0,-138.0,-351.0,33.0,218.0,-254.0,657.0,-33.0
-475.0,-500.0,206.0,-153.0,-351.0,-50.0,211.0,-251.0,726.0,-153.0
-468.0,-415.0,253.0,-130.0,-359.0,40.0,172.0,-264.0,813.0,-292.0
-463.0,-337.0,261.0,-134.0,-366.0,29.0,148.0,-184.0,888.0,-392.0
-436.0,-262.0,285.0,-117.0,-360.0,-78.0,113.0,-129.0,932.0,-460.0
-417.0,-172.0,304.0,-86.0,-337.0,-98.0,97.0,-199.0,970.0,-546.0
-390.0,-92.0,312.0,-61.0,-293.0,83.0,97.0,-284.0,980.0,-624.0
-357.0,-35.0,333.0,-53.0,-234.0,133.0,45.0,-406.0,942.0,-654.0
-317.0,22.0,344.0,-83.0,-162.0,10.0,34.0,-400.0,891.0,-642.0
-287.0,47.0,366.0,-109.0,-87.0,2.0,130.0,-456.0,798.0,-629.0
-262.0,25.0,357.0,-166.0,-23.0,139.0,239.0,-339.0,677.0,-574.0
-253.0,-17.0,332.0,-248.0,42.0,158.0,258.0,-164.0,577.0,-467.0
-253.0,-62.0,337.0,-324.0,121.0,-47.0,169.0,-77.0,483.0,-359.0
-249.0,-83.0,299.0,-356.0,217.0,-142.0,9.0,-9.0,382.0,-267.0
-257.0,-32.0,255.0,-408.0,319.0,-119.0,-73.0,-179.0,268.0,-157.0
-240.0,44.0,240.0,-438.0,402.0,-149.0,52.0,-166.0,177.0,-17.0
-222.0,7.0,202.0,-457.0,452.0,-139.0,237.0,-232.0,135.0,78.0
-206.0,-151.0,189.0,-467.0,464.0,29.0,261.0,-279.0,142.0,150.0
-188.0,-357.0,183.0,-428.0,445.0,185.0,85.0,-210.0,186.0,228.0
-172.0,-523.0,166.0,-410.0,407.0,137.0,-139.0,-352.0,253.0,284.0
-117.0,-528.0,160.0,-370.0,361.0,68.0,-277.0,-345.0,323.0,288.0
-86.0,-298.0,162.0,-337.0,316.0,118.0,-315.0,-400.0,383.0,250.0
-61.0,172.0,140.0,-311.0,283.0,160.0,-277.0,-382.0,439.0,232.0
-32.0,798.0,116.0,-294.0,259.0,33.0,-235.0,-258.0,476.0,191.0
-15.0,1417.0,119.0,-241.0,245.0,-62.0,-143.0,-232.0,485.0,111.0
38.0,1897.0,94.0,-179.0,246.0,25.0,17.0,-134.0,490.0,68.0
71.0,2140.0,72.0,-112.0,266.0,14.0,81.0,-133.0,508.0,49.0
113.0,2081.0,64.0,-7.0,308.0,-68.0,28.0,-136.0,545.0,4.0
152.0,1803.0,37.0,55.0,349.0,-8.0,-10.0,-186.0,577.0,-64.0
189.0,1471.0,30.0,105.0,366.0,56.0,15.0,-112.0,579.0,-129.0
217.0,1181.0,30.0,129.0,342.0,17.0,43.0,46.0,531.0,-205.0
228.0,968.0,35.0,153.0,282.0,-31.0,26.0,-60.0,459.0,-305.0
258.0,848.0,49.0,164.0,212.0,-56.0,1.0,-73.0,376.0,-362.0
272.0,761.0,50.0,154.0,151.0,-41.0,-76.0,-48.0,284.0,-369.0
302.0,635.0,75.0,182.0,112.0,-63.0,-77.0,-49.0,196.0,-370.0
332.0,454.0,92.0,196.0,90.0,-85.0,70.0,-84.0,112.0,-375.0
368.0,218.0,82.0,191.0,76.0,14.0,183.0,-62.0,71.0,-337.0
392.0,-85.0,74.0,190.0,59.0,-3.0,148.0,101.0,60.0,-250.0
456.0,-446.0,41.0,186.0,25.0,-129.0,-37.0,-38.0,60.0,-164.0
526.0,-775.0,10.0,162.0,-25.0,-92.0,-44.0,-184.0,62.0,-56.0
590.0,-976.0,6.0,139.0,-83.0,-121.0,168.0,-238.0,23.0,79.0
651.0,-1031.0,-1.0,138.0,-128.0,-273.0,257.0,-260.0,-46.0,221.0
672.0,-972.0,-7.0,84.0,-146.0,-272.0,129.0,-299.0,-126.0,345.0
685.0,-823.0,8.0,14.0,-135.0,-203.0,-110.0,-469.0,-208.0,481.0
647.0,-637.0,7.0,-27.0,-106.0,-166.0,-163.0,-288.0,-311.0,668.0
630.0,-460.0,3.0,-65.0,-72.0,-187.0,119.0,-73.0,-401.0,826.0
613.0,-269.0,19.0,-59.0,-51.0,-276.0,535.0,44.0,-447.0,932.0
631.0,-77.0,-13.0,-33.0,-48.0,-218.0,679.0,162.0,-474.0,1024.0
620.0,93.0,-28.0,7.0,-67.0,-57.0,341.0,188.0,-481.0,1064.0
579.0,210.0,-38.0,74.0,-99.0,-106.0,-183.0,162.0,-467.0,1002.0
518.0,220.0,-91.0,183.0,-124.0,-215.0,-459.0,27.0,-443.0,880.0
427.0,137.0,-104.0,335.0,-137.0,-225.0,-266.0,-86.0,-427.0,737.0
358.0,9.0,-147.0,447.0,-142.0,-272.0,147.0,-251.0,-397.0,558.0
240.0,-104.0,-194.0,561.0,-143.0,-254.0,294.0,-223.0,-360.0,339.0
190.0,-121.0,-236.0,659.0,-142.0,-184.0,76.0,-251.0,-322.0,130.0
144.0,-31.0,-276.0,716.0,-134.0,-113.0,-140.0,-426.0,-264.0,-33.0
136.0,102.0,-267.0,777.0,-115.0,-111.0,-69.0,-393.0,-195.0,-205.0
111.0,238.0,-272.0,809.0,-91.0,-169.0,215.0,-430.0,-94.0,-387.0
81.0,332.0,-246.0,858.0,-73.0,-150.0,433.0,-279.0,11.0,-506.0
44.0,382.0,-220.0,890.0,-69.0,-200.0,364.0,-125.0,117.0,-602.0
-19.0,389.0,-209.0,893.0,-81.0,-242.0,90.0,18.0,240.0,-721.0
-59.0,364.0,-184.0,889.0,-103.0,-145.0,-144.0,297.0,345.0,-794.0
-116.0,319.0,-167.0,823.0,-130.0,-42.0,-154.0,356.0,456.0,-826.0
-114.0,216.0,-160.0,736.0,-159.0,-90.0,32.0,493.0,584.0,-861.0
-154.0,74.0,-145.0,659.0,-188.0,-200.0,165.0,437.0,710.0,-904.0
-165.0,-111.0,-105.0,577.0,-210.0,-211.0,144.0,393.0,817.0,-919.0
-191.0,-336.0,-78.0,493.0,-211.0,-158.0,88.0,365.0,867.0,-872.0
-217.0,-468.0,-22.0,390.0,-185.0,-89.0,-1.0,101.0,890.0,-823.0
-261.0,-459.0,18.0,272.0,-147.0,-98.0,-117.0,12.0,891.0,-764.0
-309.0,-379.0,48.0,155.0,-106.0,-56.0,-156.0,-184.0,860.0,-628.0
-315.0,-316.0,102.0,58.0,-69.0,88.0,-87.0,-149.0,806.0,-482.0
-337.0,-322.0,114.0,0.0,-34.0,136.0,29.0,-88.0,728.0,-404.0
-346.0,-299.0,136.0,-71.0,0.0,102.0,26.0,-120.0,653.0,-325.0
-383.0,-257.0,136.0,-114.0,28.0,26.0,-167.0,90.0,554.0,-211.0
-374.0,-339.0,121.0,-113.0,39.0,-98.0,-375.0,160.0,449.0,-143.0
-405.0,-474.0,121.0,-85.0,14.0,-113.0,-411.0,314.0,357.0,-118.0
-393.0,-538.0,94.0,-24.0,-42.0,26.0,-277.0,334.0,270.0,-76.0
-382.0,-476.0,64.0,45.0,-112.0,89.0,-140.0,336.0,201.0,-48.0
-358.0,-265.0,40.0,158.0,-186.0,10.0,-165.0,336.0,129.0,-56.0
-307.0,18.0,5.0,249.0,-265.0,-20.0,-260.0,101.0,47.0,-70.0
-277.0,291.0,-33.0,348.0,-335.0,4.0,-281.0,-99.0,-36.0,-33.0
-225.0,514.0,-61.0,473.0,-376.0,20.0,-217.0,-330.0,-121.0,43.0
-212.0,632.0,-94.0,560.0,-372.0,100.0,-51.0,-367.0,-211.0,107.0
-180.0,535.0,-116.0,609.0,-327.0,139.0,76.0,-526.0,-265.0,203.0
-169.0,212.0,-128.0,639.0,-268.0,174.0,-16.0,-676.0,-283.0,369.0
-118.0,-160.0,-125.0,631.0,-211.0,250.0,-279.0,-500.0,-282.0,531.0
-89.0,-453.0,-107.0,562.0,-163.0,218.0,-439.0,-380.0,-249.0,661.0
-33.0,-639.0,-76.0,487.0,-132.0,208.0,-327.0,-162.0,-215.0,827.0
29.0,-678.0,-41.0,368.0,-104.0,183.0,-51.0,-70.0,-165.0,1007.0
69.0,-554.0,2.0,214.0,-67.0,68.0,172.0,94.0,-105.0,1122.0
129.0,-297.0,66.0,53.0,-23.0,-17.0,163.0,308.0,-61.0,1175.0
151.0,30.0,100.0,-84.0,19.0,-20.0,-28.0,194.0,-42.0,1244.0
196.0,268.0,154.0,-183.0,63.0,75.0,-166.0,262.0,-58.0,1275.0
207.0,289.0,198.0,-280.0,104.0,171.0,-85.0,328.0,-76.0,1198.0
226.0,184.0,214.0,-348.0,130.0,261.0,87.0,275.0,-89.0,1090.0
202.0,44.0,257.0,-398.0,144.0,252.0,90.0,77.0,-104.0,971.0
181.0,-66.0,284.0,-432.0,157.0,187.0,-63.0,-147.0,-125.0,818.0
155.0,-111.0,301.0,-467.0,178.0,133.0,-165.0,-243.0,-146.0,615.0
122.0,-128.0,321.0,-488.0,200.0,15.0,-99.0,-430.0,-172.0,455.0
114.0,-89.0,325.0,-501.0,218.0,-10.0,93.0,-402.0,-205.0,348.0
83.0,19.0,316.0,-500.0,231.0,-60.0,255.0,-363.0,-212.0,204.0
71.0,164.0,310.0,-482.0,237.0,-187.0,240.0,-234.0,-207.0,95.0
38.0,267.0,285.0,-483.0,242.0,-237.0,108.0,-105.0,-217.0,43.0
23.0,242.0,252.0,-468.0,241.0,-150.0,73.0,-157.0,-219.0,8.0
-3.0,135.0,240.0,-448.0,232.0,-10.0,140.0,-72.0,-218.0,-52.0
-17.0,45.0,200.0,-417.0,216.0,39.0,193.0,-22.0,-225.0,-66.0
-32.0,32.0,134.0,-395.0,197.0,35.0,235.0,81.0,-236.0,-10.0
-18.0,65.0,72.0,-381.0,188.0,-37.0,274.0,72.0,-256.0,14.0
7.0,74.0,15.0,-365.0,190.0,-61.0,224.0,38.0,-262.0,26.0
1.0,104.0,-39.0,-339.0,198.0,-2.0,34.0,-1.0,-247.0,68.0
10.0,197.0,-92.0,-270.0,210.0,7.0,-112.0,-131.0,-213.0,127.0
14.0,323.0,-118.0,-191.0,215.0,-42.0,-104.0,-99.0,-175.0,128.0
20.0,413.0,-136.0,-116.0,220.0,-133.0,60.0,-158.0,-132.0,132.0
24.0,396.0,-136.0,-32.0,234.0,-167.0,286.0,-73.0,-79.0,194.0
75.0,240.0,-105.0,50.0,249.0,-81.0,375.0,38.0,-27.0,221.0
134.0,-28.0,-89.0,111.0,255.0,52.0,251.0,20.0,37.0,205.0
219.0,-293.0,-68.0,140.0,239.0,86.0,-4.0,96.0,77.0,215.0
284.0,-480.0,-29.0,171.0,193.0,47.0,-79.0,81.0,97.0,272.0
341.0,-585.0,5.0,183.0,133.0,8.0,128.0,232.0,141.0,303.0
405.0,-599.0,54.0,166.0,76.0,-39.0,395.0,367.0,201.0,314.0
431.0,-565.0,73.0,166.0,35.0,-101.0,465.0,399.0,274.0,367.0
471.0,-543.0,67.0,168.0,3.0,-142.0,290.0,554.0,343.0,407.0
481.0,-543.0,87.0,192.0,-38.0,-73.0,77.0,609.0,379.0,383.0
523.0,-514.0,54.0,249.0,-85.0,-22.0,-45.0,620.0,381.0,376.0
555.0,-393.0,44.0,342.0,-129.0,-48.0,-37.0,421.0,345.0,416.0
579.0,-182.0,42.0,436.0,-166.0,-66.0,87.0,190.0,279.0,443.0
587.0,65.0,-18.0,490.0,-190.0,-73.0,346.0,20.0,197.0,418.0
565.0,280.0,-28.0,562.0,-200.0,-37.0,551.0,-151.0,100.0,399.0
543.0,345.0,-69.0,608.0,-191.0,52.0,436.0,-136.0,6.0,398.0
493.0,193.0,-124.0,614.0,-157.0,123.0,178.0,-125.0,-74.0,300.0
464.0,-102.0,-158.0,599.0,-102.0,35.0,107.0,72.0,-124.0,138.0
426.0,-385.0,-219.0,560.0,-40.0,-120.0,313.0,175.0,-136.0,-1.0
417.0,-547.0,-258.0,510.0,12.0,-134.0,526.0,158.0,-112.0,-170.0
405.0,-566.0,-257.0,459.0,55.0,-49.0,565.0,256.0,-50.0,-399.0
381.0,-416.0,-236.0,405.0,93.0,-52.0,492.0,236.0,30.0,-621.0
342.0,-133.0,-213.0,325.0,124.0,-83.0,391.0,158.0,145.0,-765.0
304.0,173.0,-143.0,233.0,140.0,-27.0,338.0,3.0,255.0,-903.0
269.0,463.0,-81.0,108.0,132.0,42.0,380.0,-7.0,346.0,-1074.0
222.0,779.0,-37.0,-3.0,99.0,27.0,489.0,-35.0,429.0,-1139.0
188.0,1155.0,31.0,-88.0,51.0,-8.0,578.0,-121.0,481.0,-1128.0
148.0,1483.0,79.0,-118.0,0.0,36.0,610.0,-184.0,511.0,-1157.0
121.0,1585.0,125.0,-127.0,-49.0,47.0,546.0,-251.0,520.0,-1174.0
80.0,1387.0,167.0,-128.0,-97.0,27.0,423.0,-116.0,524.0,-1105.0
80.0,968.0,217.0,-89.0,-131.0,-25.0,319.0,-123.0,512.0,-1010.0
69.0,454.0,279.0,-89.0,-152.0,-64.0,267.0,-72.0,470.0,-962.0
60.0,-32.0,292.0,-94.0,-174.0,-60.0,264.0,49.0,409.0,-886.0
48.0,-351.0,343.0,-131.0,-208.0,-70.0,280.0,84.0,336.0,-758.0
25.0,-472.0,377.0,-192.0,-257.0,20.0,296.0,238.0,271.0,-690.0
0.0,-439.0,364.0,-290.0,-316.0,34.0,305.0,273.0,193.0,-661.0
-64.0,-234.0,390.0,-394.0,-358.0,-51.0,361.0,421.0,79.0,-561.0
-104.0,68.0,371.0,-461.0,-364.0,-18.0,455.0,424.0,-57.0,-435.0
-135.0,235.0,357.0,-548.0,-330.0,73.0,482.0,267.0,-199.0,-348.0
-142.0,151.0,340.0,-583.0,-267.0,98.0,361.0,306.0,-327.0,-265.0
-161.0,-25.0,296.0,-601.0,-199.0,58.0,199.0,282.0,-428.0,-132.0
-160.0,-121.0,261.0,-560.0,-132.0,63.0,131.0,327.0,-487.0,0.0
-190.0,-134.0,215.0,-461.0,-63.0,67.0,90.0,181.0,-506.0,64.0
-216.0,-122.0,175.0,-356.0,0.0,31.0,29.0,62.0,-494.0,168.0
-241.0,-79.0,114.0,-209.0,57.0,-25.0,2.0,123.0,-444.0,340.0
-275.0,51.0,93.0,-80.0,105.0,-45.0,66.0,88.0,-382.0,472.0
-267.0,267.0,70.0,45.0,140.0,41.0,193.0,208.0,-343.0,565.0
-295.0,444.0,37.0,162.0,163.0,83.0,315.0,304.0,-334.0,701.0
-283.0,542.0,51.0,252.0,174.0,102.0,304.0,487.0,-337.0,841.0
-282.0,646.0,36.0,325.0,179.0,217.0,102.0,493.0,-356.0,905.0
-267.0,722.0,26.0,371.0,183.0,279.0,-92.0,332.0,-369.0,959.0
-264.0,685.0,41.0,419.0,185.0,194.0,-107.0,358.0,-384.0,1078.0
-269.0,577.0,19.0,449.0,182.0,70.0,32.0,279.0,-402.0,1186.0
-275.0,565.0,1.0,463.0,174.0,102.0,160.0,367.0,-383.0,1208.0
-287.0,769.0,6.0,442.0,172.0,156.0,154.0,478.0,-363.0,1230.0
-293.0,1088.0,-37.0,389.0,178.0,86.0,-6.0,521.0,-341.0,1309.0
-331.0,1303.0,-56.0,341.0,182.0,83.0,-183.0,552.0,-296.0,1328.0
-336.0,1286.0,-55.0,254.0,168.0,159.0,-127.0,546.0,-239.0,1273.0
-364.0,1116.0,-89.0,185.0,127.0,193.0,54.0,587.0,-161.0,1242.0
-357.0,830.0,-105.0,107.0,67.0,179.0,91.0,478.0,-74.0,1220.0
-349.0,368.0,-116.0,6.0,7.0,232.0,-38.0,533.0,29.0,1122.0
-337.0,-171.0,-116.0,-74.0,-35.0,254.0,-179.0,443.0,128.0,988.0
-330.0,-614.0,-117.0,-159.0,-56.0,143.0,-207.0,262.0,201.0,901.0
-346.0,-917.0,-97.0,-221.0,-58.0,75.0,-226.0,412.0,272.0,790.0
-359.0,-1088.0,-63.0,-297.0,-52.0,92.0,-279.0,460.0,339.0,622.0
-372.0,-1064.0,-43.0,-349.0,-39.0,121.0,-308.0,541.0,391.0,467.0
-349.0,-847.0,25.0,-366.0,-28.0,73.0,-272.0,526.0,452.0,371.0
-321.0,-513.0,63.0,-373.0,-27.0,42.0,-201.0,413.0,521.0,271.0
-260.0,-151.0,96.0,-339.0,-24.0,88.0,-231.0,384.0,585.0,142.0
-209.0,130.0,165.0,-271.0,-19.0,134.0,-304.0,338.0,646.0,91.0
-129.0,219.0,174.0,-179.0,-16.0,158.0,-372.0,365.0,698.0,91.0
-70.0,130.0,184.0,-116.0,-23.0,145.0,-449.0,264.0,737.0,67.0
-16.0,21.0,204.0,-74.0,-44.0,76.0,-459.0,395.0,761.0,47.0
53.0,-29.0,169.0,-55.0,-72.0,-81.0,-390.0,500.0,767.0,106.0
113.0,-5.0,151.0,-56.0,-109.0,-152.0,-272.0,275.0,745.0,144.0
191.0,178.0,149.0,-35.0,-151.0,-69.0,-275.0,155.0,700.0,110.0
259.0,537.0,100.0,-33.0,-189.0,-6.0,-437.0,25.0,620.0,108.0
350.0,901.0,64.0,-45.0,-219.0,3.0,-557.0,99.0,491.0,102.0
411.0,1113.0,37.0,-51.0,-240.0,-19.0,-521.0,101.0,359.0,47.0
477.0,1126.0,-3.0,-64.0,-247.0,-16.0,-413.0,105.0,209.0,-61.0
510.0,924.0,-33.0,-79.0,-242.0,-68.0,-378.0,315.0,36.0,-139.0
523.0,555.0,-59.0,-83.0,-234.0,-187.0,-462.0,325.0,-157.0,-199.0
529.0,176.0,-66.0,-80.0,-231.0,-150.0,-627.0,275.0,-340.0,-322.0
514.0,-11.0,-71.0,-82.0,-229.0,-84.0,-721.0,232.0,-482.0,-421.0
505.0,12.0,-82.0,-84.0,-213.0,-148.0,-565.0,434.0,-598.0,-458.0
478.0,52.0,-77.0,-94.0,-181.0,-174.0,-268.0,419.0,-683.0,-478.0
478.0,-82.0,-50.0,-98.0,-149.0,-99.0,-150.0,229.0,-761.0,-509.0
446.0,-402.0,-47.0,-141.0,-130.0,-57.0,-261.0,304.0,-837.0,-497.0
411.0,-783.0,-32.0,-188.0,-126.0,-93.0,-425.0,288.0,-908.0,-437.0
370.0,-1137.0,-7.0,-188.0,-131.0,-133.0,-481.0,338.0,-964.0,-396.0
315.0,-1527.0,8.0,-198.0,-128.0,-82.0,-425.0,206.0,-962.0,-366.0
243.0,-1981.0,20.0,-184.0,-111.0,-41.0,-400.0,99.0,-926.0,-305.0
148.0,-2351.0,14.0,-207.0,-79.0,-160.0,-394.0,164.0,-857.0,-226.0
74.0,-2534.0,44.0,-238.0,-39.0,-139.0,-424.0,97.0,-751.0,-216.0
2.0,-2572.0,25.0,-245.0,6.0,-39.0,-437.0,155.0,-633.0,-213.0
-42.0,-2467.0,7.0,-249.0,60.0,-113.0,-356.0,162.0,-496.0,-175.0
-79.0,-2175.0,14.0,-213.0,118.0,-177.0,-271.0,229.0,-348.0,-204.0
-97.0,-1785.0,-33.0,-199.0,175.0,-198.0,-237.0,230.0,-214.0,-288.0
-123.0,-1317.0,-58.0,-198.0,220.0,-168.0,-242.0,201.0,-97.0,-359.0
-180.0,-772.0,-83.0,-211.0,245.0,-133.0,-195.0,347.0,6.0,-432.0
-238.0,-381.0,-129.0,-197.0,257.0,-151.0,-83.0,413.0,93.0,-554.0
-309.0,-221.0,-133.0,-182.0,266.0,-134.0,7.0,548.0,175.0,-682.0
-369.0,-114.0,-161.0,-194.0,267.0,-118.0,-19.0,550.0,258.0,-755.0
-415.0,38.0,-195.0,-205.0,253.0,-151.0,-126.0,554.0,329.0,-820.0
-456.0,206.0,-168.0,-202.0,233.0,-73.0,-128.0,563.0,395.0,-916.0
-475.0,372.0,-198.0,-189.0,216.0,48.0,-10.0,443.0,460.0,-997.0
-477.0,576.0,-223.0,-235.0,217.0,39.0,26.0,406.0,550.0,-1038.0
-453.0,821.0,-190.0,-246.0,228.0,7.0,-54.0,293.0,630.0,-1119.0
-418.0,1039.0,-194.0,-254.0,236.0,25.0,-126.0,423.0,691.0,-1250.0
-376.0,1171.0,-195.0,-274.0,234.0,104.0,-144.0,436.0,745.0,-1306.0
-329.0,1218.0,-163.0,-261.0,219.0,54.0,-82.0,325.0,784.0,-1318.0
-286.0,1202.0,-134.0,-277.0,193.0,-81.0,62.0,406.0,824.0,-1358.0
-218.0,1140.0,-137.0,-280.0,167.0,-81.0,216.0,391.0,827.0,-1360.0
-164.0,1059.0,-104.0,-271.0,150.0,-65.0,238.0,517.0,826.0,-1295.0
-75.0,978.0,-92.0,-230.0,138.0,-129.0,107.0,528.0,817.0,-1204.0
19.0,863.0,-85.0,-179.0,121.0,-149.0,-35.0,417.0,782.0,-1140.0
111.0,628.0,-38.0,-141.0,90.0,-79.0,-109.0,262.0,760.0,-1046.0
199.0,302.0,-19.0,-62.0,50.0,-70.0,-98.0,81.0,730.0,-866.0
259.0,25.0,26.0,12.0,-1.0,-82.0,1.0,-1.0,686.0,-702.0
319.0,-199.0,76.0,61.0,-62.0,-63.0,49.0,-131.0,640.0,-555.0
341.0,-404.0,119.0,104.0,-114.0,-49.0,-42.0,-33.0,572.0,-371.0
378.0,-509.0,145.0,145.0,-145.0,-125.0,-158.0,-94.0,487.0,-186.0
416.0,-424.0,154.0,179.0,-142.0,-175.0,-236.0,-251.0,383.0,-59.0
454.0,-200.0,186.0,211.0,-116.0,0.0,-216.0,-290.0,232.0,42.0
478.0,-30.0,201.0,260.0,-87.0,129.0,-115.0,-376.0,60.0,185.0
512.0,24.0,219.0,313.0,-51.0,84.0,-26.0,-164.0,-98.0,281.0
524.0,60.0,243.0,354.0,-7.0,73.0,-26.0,-88.0,-244.0,323.0
499.0,102.0,253.0,401.0,43.0,113.0,-96.0,14.0,-380.0,378.0
488.0,102.0,236.0,437.0,92.0,72.0,-119.0,142.0,-492.0,451.0
448.0,-11.0,213.0,474.0,133.0,-23.0,-98.0,109.0,-564.0,478.0
425.0,-291.0,188.0,494.0,178.0,-15.0,-71.0,240.0,-588.0,453.0
369.0,-614.0,136.0,487.0,223.0,10.0,-64.0,171.0,-565.0,474.0
324.0,-803.0,110.0,480.0,264.0,-92.0,-37.0,199.0,-508.0,492.0
303.0,-844.0,85.0,449.0,297.0,-181.0,-40.0,197.0,-435.0,438.0
258.0,-798.0,58.0,401.0,320.0,-180.0,-98.0,97.0,-338.0,370.0
212.0,-690.0,64.0,339.0,328.0,-115.0,-87.0,44.0,-214.0,339.0
169.0,-563.0,49.0,286.0,312.0,-60.0,-61.0,-96.0,-79.0,299.0
136.0,-499.0,54.0,226.0,269.0,-56.0,-68.0,83.0,79.0,199.0
96.0,-465.0,58.0,145.0,205.0,-70.0,-74.0,184.0,249.0,120.0
70.0,-275.0,33.0,83.0,129.0,-183.0,-71.0,256.0,406.0,84.0
42.0,149.0,19.0,17.0,50.0,-304.0,-68.0,365.0,551.0,16.0
34.0,587.0,-2.0,-48.0,-25.0,-277.0,-109.0,293.0,650.0,-67.0
21.0,829.0,-13.0,-96.0,-95.0,-137.0,-202.0,280.0,703.0,-89.0
-1.0,937.0,-40.0,-117.0,-152.0,-47.0,-259.0,212.0,720.0,-76.0
-14.0,1002.0,-41.0,-124.0,-204.0,-60.0,-229.0,212.0,701.0,-111.0
-34.0,985.0,-42.0,-116.0,-259.0,-89.0,-151.0,249.0,644.0,-149.0
-56.0,809.0,-59.0,-68.0,-305.0,-88.0,-112.0,218.0,541.0,-137.0
-81.0,510.0,-42.0,-28.0,-331.0,-128.0,-121.0,46.0,416.0,-153.0
-83.0,191.0,-30.0,19.0,-330.0,-203.0,-146.0,-96.0,286.0,-223.0
-80.0,-90.0,-4.0,94.0,-311.0,-160.0,-213.0,-57.0,153.0,-265.0
-67.0,-305.0,7.0,154.0,-285.0,-98.0,-244.0,-162.0,9.0,-251.0
-57.0,-403.0,36.0,205.0,-259.0,-164.0,-252.0,-145.0,-137.0,-260.0
-40.0,-372.0,57.0,256.0,-244.0,-202.0,-310.0,-99.0,-273.0,-291.0
-27.0,-284.0,76.0,276.0,-238.0,-164.0,-376.0,-86.0,-395.0,-268.0
-23.0,-190.0,113.0,273.0,-233.0,-151.0,-328.0,-48.0,-480.0,-228.0
-23.0,-68.0,119.0,240.0,-223.0,-141.0,-113.0,-133.0,-530.0,-226.0
-40.0,95.0,155.0,148.0,-204.0,-148.0,24.0,-86.0,-571.0,-214.0
-62.0,210.0,183.0,55.0,-173.0,-108.0,-35.0,-59.0,-584.0,-143.0
-90.0,171.0,218.0,-22.0,-139.0,-136.0,-171.0,73.0,-572.0,-67.0
-103.0,42.0,239.0,-110.0,-117.0,-248.0,-239.0,68.0,-569.0,-24.0
-137.0,-23.0,265.0,-207.0,-116.0,-194.0,-215.0,-129.0,-544.0,47.0
-175.0,-10.0,301.0,-295.0,-133.0,-95.0,-177.0,-60.0,-506.0,170.0
-195.0,7.0,297.0,-342.0,-158.0,-52.0,-179.0,-97.0,-450.0,252.0
-216.0,36.0,303.0,-400.0,-177.0,-6.0,-191.0,-66.0,-358.0,283.0
-236.0,95.0,298.0,-438.0,-180.0,39.0,-163.0,-97.0,-250.0,362.0
-261.0,133.0,290.0,-432.0,-170.0,53.0,-173.0,-221.0,-149.0,422.0
-269.0,3.0,281.0,-420.0,-152.0,-26.0,-212.0,-79.0,-64.0,394.0
-267.0,-363.0,277.0,-393.0,-130.0,-126.0,-239.0,-53.0,8.0,367.0
-264.0,-841.0,281.0,-357.0,-108.0,-176.0,-219.0,-20.0,50.0,350.0
-270.0,-1235.0,283.0,-326.0,-80.0,-204.0,-216.0,-107.0,75.0,290.0
-269.0,-1381.0,290.0,-314.0,-45.0,-213.0,-294.0,-232.0,64.0,186.0
-250.0,-1277.0,307.0,-307.0,-14.0,-146.0,-361.0,-157.0,32.0,103.0
-230.0,-1084.0,312.0,-302.0,-1.0,-83.0,-378.0,-149.0,-11.0,64.0
-222.0,-949.0,320.0,-290.0,-5.0,-91.0,-318.0,-49.0,-84.0,-34.0
-219.0,-736.0,349.0,-249.0,-16.0,-60.0,-249.0,-40.0,-147.0,-146.0
-220.0,-228.0,342.0,-153.0,-25.0,-12.0,-162.0,-101.0,-232.0,-172.0
-223.0,444.0,363.0,-51.0,-14.0,-14.0,-95.0,-153.0,-323.0,-198.0
-232.0,961.0,390.0,10.0,27.0,-108.0,-113.0,-288.0,-379.0,-265.0
-250.0,1232.0,388.0,72.0,88.0,-181.0,-174.0,-314.0,-414.0,-302.0
-247.0,1398.0,418.0,124.0,149.0,-71.0,-264.0,-321.0,-426.0,-285.0
-235.0,1510.0,422.0,141.0,200.0,-37.0,-265.0,-266.0,-421.0,-298.0
-217.0,1454.0,427.0,125.0,240.0,-157.0,-237.0,-245.0,-396.0,-341.0
-200.0,1190.0,451.0,117.0,273.0,-240.0,-270.0,-254.0,-354.0,-329.0
-168.0,874.0,444.0,74.0,287.0,-255.0,-313.0,-254.0,-301.0,-261.0
-134.0,664.0,452.0,-12.0,271.0,-217.0,-299.0,-317.0,-238.0,-216.0
-79.0,535.0,462.0,-103.0,234.0,-177.0,-201.0,-282.0,-173.0,-186.0
-35.0,441.0,424.0,-207.0,194.0,-183.0,-133.0,-303.0,-116.0,-91.0
8.0,468.0,390.0,-306.0,171.0,-260.0,-88.0,-245.0,-79.0,-2.0
65.0,615.0,364.0,-397.0,165.0,-315.0,-79.0,-175.0,-60.0,10.0
105.0,748.0,295.0,-442.0,170.0,-325.0,-112.0,-155.0,-74.0,10.0
156.0,883.0,251.0,-470.0,186.0,-260.0,-157.0,-133.0,-106.0,37.0
180.0,955.0,219.0,-462.0,198.0,-200.0,-191.0,-221.0,-142.0,14.0
207.0,752.0,167.0,-421.0,194.0,-304.0,-110.0,-199.0,-178.0,-58.0
211.0,390.0,129.0,-358.0,180.0,-362.0,-14.0,-308.0,-204.0,-61.0
217.0,90.0,78.0,-236.0,155.0,-386.0,-34.0,-406.0,-239.0,-22.0
201.0,-174.0,49.0,-144.0,118.0,-416.0,-182.0,-473.0,-257.0,0.0
181.0,-397.0,24.0,-54.0,74.0,-396.0,-306.0,-493.0,-291.0,57.0
163.0,-414.0,-4.0,50.0,24.0,-434.0,-267.0,-279.0,-324.0,176.0
132.0,-168.0,-10.0,134.0,-22.0,-457.0,-169.0,-351.0,-353.0,291.0
103.0,212.0,-16.0,214.0,-53.0,-450.0,-109.0,-367.0,-407.0,359.0
38.0,513.0,-17.0,273.0,-66.0,-389.0,-89.0,-312.0,-449.0,451.0
20.0,588.0,-7.0,296.0,-70.0,-321.0,-38.0,-297.0,-484.0,559.0
-10.0,481.0,4.0,306.0,-77.0,-353.0,76.0,-206.0,-504.0,598.0
-27.0,366.0,-3.0,313.0,-88.0,-392.0,109.0,-254.0,-514.0,613.0
-32.0,341.0,-11.0,329.0,-92.0,-390.0,-39.0,-238.0,-523.0,655.0
-40.0,360.0,-21.0,357.0,-85.0,-350.0,-203.0,-299.0,-527.0,690.0
-50.0,363.0,-51.0,390.0,-70.0,-365.0,-253.0,-306.0,-494.0,686.0
-82.0,348.0,-86.0,441.0,-56.0,-409.0,-252.0,-397.0,-422.0,683.0
-118.0,288.0,-134.0,511.0,-51.0,-405.0,-232.0,-476.0,-345.0,730.0
-163.0,167.0,-162.0,592.0,-51.0,-486.0,-163.0,-399.0,-262.0,752.0
-204.0,4.0,-183.0,639.0,-49.0,-511.0,-67.0,-546.0,-190.0,728.0
-256.0,-213.0,-227.0,641.0,-40.0,-458.0,-42.0,-423.0,-132.0,744.0
-270.0,-486.0,-248.0,599.0,-30.0,-463.0,-103.0,-273.0,-109.0,779.0
-300.0,-794.0,-268.0,523.0,-22.0,-470.0,-145.0,-216.0,-102.0,764.0
-293.0,-1127.0,-282.0,420.0,-4.0,-417.0,-89.0,-171.0,-96.0,721.0
-281.0,-1477.0,-293.0,303.0,28.0,-302.0,-25.0,-247.0,-108.0,718.0
-261.0,-1756.0,-286.0,188.0,61.0,-231.0,-98.0,-9.0,-112.0,723.0
-216.0,-1803.0,-278.0,55.0,74.0,-239.0,-317.0,5.0,-113.0,688.0
-180.0,-1603.0,-308.0,-86.0,59.0,-342.0,-501.0,-112.0,-99.0,679.0
-122.0,-1313.0,-286.0,-217.0,23.0,-357.0,-445.0,-201.0,-88.0,721.0
-81.0,-1059.0,-294.0,-304.0,-23.0,-254.0,-243.0,-321.0,-75.0,752.0
0.0,-814.0,-331.0,-341.0,-75.0,-204.0,-119.0,-266.0,-52.0,752.0
61.0,-471.0,-313.0,-333.0,-126.0,-228.0,-113.0,-450.0,-61.0,753.0
128.0,-104.0,-346.0,-289.0,-180.0,-347.0,-170.0,-509.0,-70.0,746.0
203.0,89.0,-364.0,-256.0,-236.0,-386.0,-260.0,-432.0,-66.0,647.0
256.0,109.0,-333.0,-267.0,-292.0,-333.0,-288.0,-312.0,-69.0,495.0
296.0,79.0,-330.0,-263.0,-338.0,-308.0,-219.0,-164.0,-75.0,365.0
310.0,78.0,-343.0,-256.0,-350.0,-265.0,-188.0,-240.0,-91.0,208.0
326.0,135.0,-292.0,-259.0,-319.0,-205.0,-204.0,-212.0,-105.0,-13.0
306.0,194.0,-245.0,-236.0,-273.0,-147.0,-164.0,-286.0,-110.0,-219.0
295.0,177.0,-231.0,-195.0,-231.0,-129.0,-91.0,-436.0,-107.0,-370.0
289.0,10.0,-152.0,-100.0,-191.0,-214.0,-33.0,-569.0,-112.0,-551.0
268.0,-262.0,-117.0,41.0,-152.0,-291.0,-62.0,-578.0,-135.0,-750.0
250.0,-399.0,-69.0,178.0,-129.0,-227.0,-155.0,-419.0,-155.0,-894.0
238.0,-294.0,15.0,297.0,-112.0,-121.0,-249.0,-402.0,-163.0,-969.0
222.0,-81.0,37.0,403.0,-84.0,-75.0,-303.0,-256.0,-181.0,-1057.0
207.0,116.0,85.0,487.0,-43.0,-137.0,-305.0,-223.0,-201.0,-1133.0
195.0,247.0,97.0,546.0,0.0,-200.0,-332.0,-216.0,-217.0,-1097.0
193.0,265.0,104.0,557.0,40.0,-150.0,-296.0,-158.0,-235.0,-1031.0
181.0,198.0,115.0,515.0,76.0,-114.0,-157.0,-247.0,-262.0,-984.0
167.0,142.0,92.0,429.0,104.0,-133.0,-82.0,-136.0,-292.0,-901.0
175.0,119.0,76.0,283.0,124.0,-59.0,-133.0,-127.0,-313.0,-755.0
181.0,102.0,27.0,128.0,130.0,23.0,-218.0,-62.0,-314.0,-641.0
174.0,47.0,-8.0,-14.0,121.0,-48.0,-220.0,-94.0,-297.0,-573.0
158.0,-79.0,-58.0,-151.0,109.0,-142.0,-153.0,-271.0,-282.0,-470.0
164.0,-222.0,-99.0,-259.0,106.0,-182.0,-141.0,-175.0,-299.0,-364.0
142.0,-324.0,-147.0,-316.0,119.0,-138.0,-196.0,-177.0,-339.0,-306.0
125.0,-399.0,-202.0,-356.0,143.0,-132.0,-217.0,-203.0,-385.0,-261.0
98.0,-527.0,-238.0,-369.0,169.0,-231.0,-193.0,-301.0,-429.0,-149.0
66.0,-745.0,-302.0,-363.0,199.0,-202.0,-129.0,-245.0,-449.0,-31.0
51.0,-907.0,-328.0,-345.0,226.0,-202.0,-71.0,-96.0,-474.0,25.0
12.0,-821.0,-367.0,-283.0,234.0,-336.0,-65.0,-97.0,-498.0,110.0
-10.0,-420.0,-393.0,-224.0,229.0,-421.0,-38.0,5.0,-488.0,217.0
-40.0,123.0,-397.0,-166.0,215.0,-378.0,-31.0,-62.0,-472.0,276.0
-61.0,509.0,-398.0,-101.0,202.0,-229.0,-109.0,-59.0,-410.0,292.0
-100.0,652.0,-376.0,-41.0,197.0,-219.0,-169.0,-103.0,-317.0,329.0
-117.0,729.0,-381.0,-6.0,193.0,-320.0,-119.0,-177.0,-238.0,390.0
-144.0,860.0,-348.0,14.0,194.0,-385.0,-49.0,-60.0,-129.0,392.0
-181.0,949.0,-305.0,30.0,193.0,-430.0,-39.0,-145.0,7.0,372.0
-190.0,816.0,-273.0,3.0,180.0,-428.0,-32.0,-86.0,168.0,387.0
-195.0,452.0,-228.0,-39.0,158.0,-420.0,0.0,-62.0,335.0,373.0
-182.0,5.0,-199.0,-90.0,135.0,-400.0,28.0,-72.0,490.0,309.0
-182.0,-382.0,-169.0,-196.0,122.0,-444.0,11.0,-29.0,657.0,259.0
-157.0,-565.0,-126.0,-324.0,109.0,-496.0,-70.0,-271.0,824.0,247.0
-153.0,-538.0,-86.0,-427.0,99.0,-482.0,-179.0,-437.0,962.0,200.0
-145.0,-466.0,-43.0,-526.0,101.0,-517.0,-241.0,-594.0,1067.0,137.0
-167.0,-411.0,-14.0,-598.0,117.0,-523.0,-215.0,-600.0,1146.0,134.0
-202.0,-305.0,15.0,-629.0,131.0,-488.0,-179.0,-570.0,1180.0,143.0
-224.0,-172.0,36.0,-605.0,129.0,-414.0,-221.0,-607.0,1174.0,134.0
-276.0,-68.0,57.0,-543.0,114.0,-342.0,-288.0,-480.0,1133.0,149.0
-314.0,79.0,78.0,-481.0,92.0,-359.0,-299.0,-500.0,1066.0,217.0
-368.0,216.0,39.0,-375.0,67.0,-426.0,-205.0,-502.0,972.0,289.0
-396.0,199.0,25.0,-245.0,43.0,-424.0,-68.0,-594.0,862.0,329.0
-433.0,90.0,16.0,-130.0,27.0,-395.0,-26.0,-667.0,758.0,392.0
-461.0,28.0,-36.0,-62.0,19.0,-468.0,-71.0,-578.0,646.0,480.0
-491.0,107.0,-61.0,-61.0,8.0,-522.0,-150.0,-511.0,528.0,533.0
-510.0,328.0,-78.0,-106.0,-15.0,-535.0,-232.0,-301.0,411.0,567.0
-516.0,514.0,-120.0,-176.0,-43.0,-544.0,-288.0,-175.0,292.0,608.0
-547.0,526.0,-146.0,-263.0,-69.0,-517.0,-279.0,-59.0,181.0,606.0
-544.0,456.0,-155.0,-331.0,-99.0,-377.0,-210.0,-84.0,75.0,538.0
-538.0,432.0,-202.0,-376.0,-127.0,-260.0,-207.0,-212.0,-30.0,452.0
-521.0,502.0,-211.0,-427.0,-152.0,-284.0,-255.0,-279.0,-113.0,369.0
-504.0,610.0,-218.0,-471.0,-163.0,-350.0,-235.0,-535.0,-181.0,231.0
-465.0,674.0,-222.0,-494.0,-133.0,-394.0,-167.0,-611.0,-242.0,75.0
-433.0,759.0,-188.0,-502.0,-58.0,-298.0,-145.0,-513.0,-281.0,-22.0
-403.0,936.0,-174.0,-537.0,37.0,-267.0,-179.0,-269.0,-292.0,-103.0
-396.0,1157.0,-126.0,-573.0,117.0,-304.0,-182.0,-31.0,-302.0,-201.0
-413.0,1355.0,-106.0,-609.0,172.0,-387.0,-134.0,44.0,-312.0,-281.0
-433.0,1485.0,-68.0,-650.0,217.0,-490.0,-148.0,107.0,-302.0,-314.0
-465.0,1482.0,-15.0,-666.0,259.0,-436.0,-246.0,-90.0,-285.0,-344.0
-472.0,1344.0,-25.0,-676.0,286.0,-406.0,-291.0,-127.0,-257.0,-388.0
-494.0,1200.0,13.0,-668.0,286.0,-298.0,-258.0,-173.0,-231.0,-417.0
-462.0,1118.0,54.0,-644.0,263.0,-187.0,-224.0,-308.0,-211.0,-409.0
-427.0,1003.0,47.0,-585.0,220.0,-157.0,-241.0,-240.0,-191.0,-410.0
-382.0,750.0,64.0,-494.0,154.0,-127.0,-278.0,-206.0,-164.0,-430.0
-344.0,342.0,75.0,-403.0,79.0,-219.0,-271.0,-60.0,-129.0,-409.0
-318.0,-143.0,81.0,-291.0,5.0,-271.0,-231.0,-177.0,-121.0,-386.0
-266.0,-622.0,89.0,-162.0,-65.0,-175.0,-167.0,-273.0,-117.0,-392.0
-242.0,-1006.0,83.0,-64.0,-127.0,-112.0,-124.0,-238.0,-120.0,-399.0
-197.0,-1247.0,95.0,27.0,-168.0,-204.0,-215.0,-341.0,-115.0,-359.0
-188.0,-1449.0,88.0,112.0,-187.0,-310.0,-381.0,-212.0,-80.0,-305.0
-169.0,-1770.0,100.0,162.0,-196.0,-336.0,-453.0,-188.0,-52.0,-291.0
-162.0,-2173.0,94.0,201.0,-209.0,-265.0,-405.0,-86.0,-24.0,-240.0
-164.0,-2433.0,89.0,201.0,-236.0,-252.0,-250.0,-3.0,-5.0,-156.0
-156.0,-2370.0,128.0,169.0,-267.0,-364.0,-100.0,-66.0,-19.0,-90.0
-172.0,-2019.0,120.0,137.0,-280.0,-302.0,-65.0,-14.0,-51.0,-30.0
-155.0,-1592.0,159.0,107.0,-255.0,-210.0,-123.0,-242.0,-83.0,61.0
-158.0,-1190.0,173.0,85.0,-194.0,-244.0,-156.0,-448.0,-121.0,179.0
-138.0,-761.0,168.0,74.0,-130.0,-169.0,-100.0,-589.0,-148.0,276.0
-113.0,-282.0,202.0,75.0,-91.0,-65.0,-81.0,-626.0,-166.0,384.0
-77.0,171.0,214.0,83.0,-90.0,-89.0,-74.0,-583.0,-184.0,510.0
-25.0,467.0,247.0,124.0,-106.0,-202.0,-87.0,-633.0,-201.0,596.0
14.0,576.0,294.0,173.0,-118.0,-291.0,-123.0,-545.0,-216.0,625.0
52.0,580.0,324.0,217.0,-129.0,-229.0,-142.0,-624.0,-229.0,630.0
67.0,558.0,321.0,261.0,-147.0,-154.0,-162.0,-570.0,-244.0,611.0
96.0,537.0,349.0,279.0,-165.0,-77.0,-99.0,-515.0,-262.0,517.0
63.0,519.0,332.0,273.0,-156.0,52.0,-32.0,-474.0,-298.0,373.0
46.0,555.0,304.0,248.0,-112.0,25.0,-43.0,-243.0,-341.0,253.0
36.0,748.0,319.0,214.0,-58.0,-148.0,-39.0,-184.0,-371.0,152.0
14.0,1134.0,260.0,184.0,-26.0,-308.0,49.0,-59.0,-395.0,13.0
6.0,1559.0,219.0,154.0,-10.0,-230.0,125.0,-114.0,-422.0,-85.0
-19.0,1796.0,189.0,131.0,5.0,6.0,141.0,-182.0,-457.0,-104.0
-23.0,1766.0,123.0,129.0,24.0,122.0,141.0,-232.0,-489.0,-113.0
-86.0,1473.0,104.0,140.0,38.0,173.0,78.0,-351.0,-515.0,-110.0
-124.0,943.0,74.0,138.0,31.0,161.0,3.0,-360.0,-547.0,-53.0
-165.0,296.0,20.0,163.0,9.0,77.0,-31.0,-458.0,-565.0,52.0
-214.0,-342.0,29.0,215.0,-11.0,-52.0,-19.0,-395.0,-576.0,129.0
-234.0,-885.0,16.0,261.0,-19.0,-93.0,14.0,-389.0,-589.0,191.0
-262.0,-1271.0,-14.0,338.0,-26.0,-43.0,43.0,-291.0,-583.0,295.0
-275.0,-1458.0,-10.0,417.0,-49.0,-129.0,49.0,-192.0,-568.0,391.0
-295.0,-1468.0,-39.0,508.0,-71.0,-221.0,3.0,-275.0,-531.0,446.0
-290.0,-1396.0,-79.0,650.0,-72.0,-169.0,-52.0,-29.0,-461.0,514.0
-288.0,-1282.0,-104.0,799.0,-52.0,-85.0,-68.0,46.0,-378.0,623.0
-279.0,-1154.0,-136.0,947.0,-37.0,-98.0,0.0,1.0,-306.0,715.0
-258.0,-1045.0,-170.0,1091.0,-36.0,-102.0,107.0,62.0,-247.0,789.0
-220.0,-880.0,-195.0,1221.0,-32.0,-41.0,147.0,24.0,-189.0,868.0
-191.0,-695.0,-229.0,1303.0,-19.0,-25.0,51.0,38.0,-123.0,943.0
-130.0,-692.0,-256.0,1321.0,-15.0,-112.0,-68.0,-5.0,-47.0,965.0
-67.0,-841.0,-274.0,1270.0,-39.0,-214.0,-91.0,144.0,4.0,935.0
-37.0,-970.0,-276.0,1167.0,-75.0,-223.0,-88.0,332.0,28.0,921.0
5.0,-1036.0,-267.0,1022.0,-86.0,-227.0,-129.0,375.0,40.0,879.0
50.0,-975.0,-264.0,829.0,-65.0,-192.0,-168.0,323.0,46.0,793.0
92.0,-730.0,-232.0,615.0,-33.0,-189.0,-114.0,171.0,39.0,720.0
111.0,-359.0,-186.0,386.0,-6.0,-214.0,-86.0,188.0,-9.0,676.0
148.0,33.0,-123.0,150.0,18.0,-252.0,-119.0,33.0,-69.0,623.0
160.0,375.0,-71.0,-72.0,50.0,-365.0,-138.0,-59.0,-131.0,550.0
157.0,671.0,-55.0,-276.0,87.0,-361.0,-141.0,-121.0,-219.0,514.0
109.0,976.0,0.0,-472.0,116.0,-298.0,-104.0,-323.0,-308.0,489.0
34.0,1291.0,35.0,-646.0,119.0,-227.0,-59.0,-295.0,-399.0,428.0
-45.0,1561.0,35.0,-770.0,90.0,-207.0,9.0,-168.0,-466.0,387.0
-129.0,1738.0,70.0,-872.0,46.0,-239.0,31.0,38.0,-505.0,356.0
-198.0,1815.0,79.0,-947.0,1.0,-225.0,-15.0,73.0,-543.0,291.0
-282.0,1850.0,51.0,-984.0,-31.0,-171.0,-46.0,96.0,-552.0,201.0
-334.0,1912.0,46.0,-1011.0,-54.0,-70.0,-75.0,107.0,-529.0,103.0
-387.0,1974.0,35.0,-1038.0,-73.0,-86.0,-117.0,86.0,-484.0,16.0
-410.0,1881.0,-12.0,-1085.0,-76.0,-182.0,-163.0,168.0,-412.0,-93.0
-436.0,1543.0,-40.0,-1152.0,-53.0,-201.0,-189.0,90.0,-328.0,-200.0
-433.0,977.0,-42.0,-1171.0,0.0,-140.0,-175.0,212.0,-253.0,-267.0
-436.0,215.0,-86.0,-1151.0,67.0,-91.0,-83.0,254.0,-184.0,-316.0
-415.0,-607.0,-108.0,-1114.0,129.0,-148.0,17.0,225.0,-126.0,-364.0
-385.0,-1283.0,-98.0,-1050.0,177.0,-93.0,4.0,266.0,-71.0,-384.0
-362.0,-1704.0,-126.0,-1008.0,205.0,3.0,-110.0,86.0,-25.0,-356.0
-303.0,-1898.0,-137.0,-970.0,202.0,-106.0,-250.0,153.0,10.0,-331.0
-296.0,-1924.0,-136.0,-905.0,172.0,-208.0,-314.0,192.0,62.0,-307.0
-260.0,-1812.0,-158.0,-830.0,137.0,-148.0,-272.0,186.0,148.0,-244.0
-246.0,-1556.0,-166.0,-761.0,100.0,-39.0,-163.0,282.0,253.0,-179.0
-184.0,-1173.0,-164.0,-681.0,57.0,-62.0,-79.0,234.0,355.0,-148.0
-149.0,-732.0,-178.0,-587.0,13.0,-155.0,-42.0,315.0,449.0,-113.0
-115.0,-330.0,-199.0,-485.0,-21.0,-225.0,-33.0,315.0,508.0,-77.0
-37.0,-38.0,-209.0,-379.0,-41.0,-292.0,-74.0,332.0,552.0,-71.0
18.0,165.0,-227.0,-275.0,-49.0,-294.0,-109.0,380.0,577.0,-106.0
85.0,315.0,-222.0,-166.0,-51.0,-136.0,-102.0,286.0,564.0,-140.0
111.0,422.0,-221.0,-73.0,-43.0,89.0,-102.0,243.0,532.0,-154.0
203.0,442.0,-228.0,23.0,-25.0,70.0,-164.0,197.0,484.0,-201.0
231.0,375.0,-201.0,108.0,-1.0,-64.0,-236.0,227.0,426.0,-254.0
266.0,311.0,-183.0,184.0,35.0,-56.0,-254.0,109.0,365.0,-287.0
312.0,281.0,-149.0,251.0,77.0,26.0,-253.0,33.0,305.0,-300.0
355.0,236.0,-105.0,310.0,104.0,59.0,-236.0,92.0,238.0,-333.0
391.0,166.0,-58.0,372.0,102.0,6.0,-236.0,96.0,176.0,-366.0
421.0,128.0,1.0,401.0,82.0,5.0,-335.0,216.0,123.0,-345.0
489.0,139.0,44.0,418.0,59.0,33.0,-489.0,249.0,52.0,-329.0
520.0,154.0,89.0,405.0,36.0,-26.0,-536.0,365.0,-21.0,-324.0
589.0,108.0,135.0,380.0,16.0,-36.0,-406.0,395.0,-83.0,-282.0
587.0,-16.0,159.0,359.0,-1.0,22.0,-230.0,371.0,-124.0,-195.0
615.0,-150.0,159.0,342.0,-27.0,18.0,-141.0,445.0,-156.0,-113.0
593.0,-221.0,178.0,313.0,-63.0,-4.0,-116.0,436.0,-194.0,-27.0
570.0,-194.0,160.0,249.0,-90.0,20.0,-143.0,482.0,-221.0,89.0
574.0,-95.0,122.0,166.0,-93.0,34.0,-199.0,291.0,-229.0,203.0
532.0,91.0,124.0,50.0,-76.0,3.0,-232.0,195.0,-228.0,287.0
540.0,425.0,76.0,-81.0,-52.0,85.0,-240.0,162.0,-224.0,325.0
510.0,802.0,32.0,-244.0,-35.0,294.0,-224.0,99.0,-207.0,358.0
484.0,1098.0,-4.0,-378.0,-19.0,356.0,-164.0,179.0,-182.0,366.0
422.0,1325.0,-48.0,-490.0,-12.0,116.0,-101.0,101.0,-162.0,316.0
398.0,1474.0,-62.0,-617.0,-21.0,-79.0,-104.0,229.0,-145.0,273.0
343.0,1497.0,-86.0,-685.0,-43.0,8.0,-142.0,199.0,-131.0,226.0
292.0,1368.0,-136.0,-697.0,-64.0,75.0,-162.0,125.0,-120.0,119.0
264.0,1084.0,-149.0,-660.0,-76.0,60.0,-148.0,247.0,-108.0,-18.0
211.0,715.0,-185.0,-597.0,-81.0,84.0,-93.0,223.0,-104.0,-139.0
178.0,321.0,-241.0,-526.0,-81.0,185.0,-22.0,371.0,-94.0,-263.0
130.0,-105.0,-240.0,-454.0,-74.0,223.0,-4.0,371.0,-63.0,-393.0
110.0,-498.0,-311.0,-383.0,-72.0,131.0,-38.0,362.0,-21.0,-481.0
64.0,-792.0,-353.0,-286.0,-74.0,108.0,-67.0,384.0,59.0,-530.0
32.0,-1042.0,-385.0,-172.0,-81.0,131.0,-60.0,288.0,161.0,-549.0
-6.0,-1243.0,-465.0,-70.0,-84.0,155.0,-62.0,256.0,251.0,-552.0
-40.0,-1289.0,-480.0,29.0,-76.0,216.0,-85.0,57.0,332.0,-501.0
-73.0,-1228.0,-516.0,111.0,-67.0,331.0,-57.0,-25.0,387.0,-397.0
-121.0,-1165.0,-557.0,155.0,-68.0,341.0,9.0,-147.0,421.0,-313.0
-150.0,-1037.0,-581.0,203.0,-80.0,215.0,76.0,-297.0,443.0,-213.0
-189.0,-832.0,-612.0,248.0,-103.0,172.0,84.0,-303.0,459.0,-66.0
-217.0,-616.0,-624.0,281.0,-133.0,201.0,24.0,-319.0,449.0,74.0
-228.0,-420.0,-621.0,297.0,-159.0,283.0,-36.0,-160.0,428.0,175.0
-264.0,-262.0,-628.0,318.0,-178.0,411.0,-85.0,-38.0,405.0,280.0
-269.0,-105.0,-603.0,356.0,-189.0,440.0,-85.0,153.0,366.0,407.0
-264.0,90.0,-578.0,358.0,-189.0,306.0,-79.0,347.0,321.0,511.0
-259.0,268.0,-572.0,362.0,-183.0,221.0,-108.0,469.0,266.0,608.0
-256.0,337.0,-535.0,372.0,-166.0,267.0,-141.0,596.0,185.0,744.0
-261.0,350.0,-525.0,345.0,-138.0,421.0,-135.0,554.0,94.0,892.0
-237.0,394.0,-518.0,331.0,-92.0,497.0,-74.0,630.0,8.0,986.0
-279.0,482.0,-500.0,320.0,-30.0,367.0,-10.0,511.0,-97.0,1077.0
-287.0,557.0,-493.0,295.0,39.0,365.0,7.0,328.0,-192.0,1166.0
-332.0,544.0,-477.0,270.0,106.0,424.0,-32.0,267.0,-258.0,1189.0
-355.0,489.0,-461.0,257.0,151.0,437.0,-49.0,46.0,-322.0,1158.0
-367.0,391.0,-465.0,255.0,174.0,361.0,-10.0,-48.0,-368.0,1102.0
-399.0,125.0,-469.0,254.0,184.0,285.0,14.0,-125.0,-365.0,1055.0
-402.0,-343.0,-448.0,263.0,193.0,432.0,-3.0,-3.0,-331.0,957.0
-431.0,-827.0,-444.0,281.0,209.0,532.0,-34.0,133.0,-306.0,821.0
-416.0,-1118.0,-411.0,291.0,224.0,520.0,-7.0,160.0,-284.0,709.0
-437.0,-1176.0,-364.0,261.0,224.0,521.0,52.0,397.0,-273.0,600.0
-410.0,-995.0,-338.0,227.0,213.0,534.0,79.0,498.0,-281.0,464.0
-441.0,-607.0,-291.0,190.0,205.0,522.0,95.0,539.0,-318.0,296.0
-432.0,-131.0,-246.0,122.0,202.0,563.0,88.0,493.0,-399.0,157.0
-432.0,339.0,-229.0,41.0,196.0,691.0,76.0,426.0,-505.0,9.0
-418.0,784.0,-210.0,-31.0,188.0,688.0,71.0,371.0,-625.0,-168.0
-368.0,1182.0,-184.0,-83.0,179.0,514.0,33.0,286.0,-746.0,-299.0
-378.0,1500.0,-176.0,-129.0,175.0,402.0,18.0,375.0,-846.0,-395.0
-335.0,1712.0,-159.0,-169.0,176.0,423.0,37.0,266.0,-921.0,-487.0
-345.0,1789.0,-120.0,-213.0,186.0,400.0,77.0,66.0,-972.0,-574.0
-284.0,1729.0,-113.0,-255.0,204.0,367.0,127.0,-29.0,-1003.0,-609.0
-304.0,1572.0,-93.0,-277.0,223.0,439.0,135.0,11.0,-1030.0,-583.0
-253.0,1295.0,-48.0,-263.0,233.0,518.0,142.0,140.0,-1031.0,-568.0
-219.0,885.0,-17.0,-264.0,235.0,550.0,157.0,173.0,-1003.0,-544.0
-206.0,495.0,20.0,-278.0,237.0,570.0,137.0,303.0,-960.0,-484.0
-143.0,153.0,68.0,-271.0,250.0,575.0,91.0,277.0,-880.0,-420.0
-138.0,-272.0,116.0,-287.0,270.0,589.0,85.0,258.0,-776.0,-377.0
-76.0,-756.0,151.0,-287.0,288.0,612.0,142.0,223.0,-657.0,-318.0
-102.0,-1178.0,206.0,-244.0,298.0,676.0,182.0,138.0,-512.0,-211.0
-61.0,-1414.0,252.0,-204.0,301.0,675.0,179.0,284.0,-371.0,-144.0
-70.0,-1451.0,257.0,-198.0,299.0,517.0,176.0,299.0,-240.0,-112.0
-49.0,-1410.0,298.0,-201.0,287.0,363.0,180.0,376.0,-106.0,-83.0
-37.0,-1385.0,306.0,-211.0,265.0,347.0,201.0,319.0,10.0,-85.0
-39.0,-1392.0,282.0,-220.0,220.0,487.0,264.0,216.0,108.0,-138.0
-19.0,-1378.0,291.0,-211.0,144.0,484.0,340.0,269.0,194.0,-234.0
-20.0,-1227.0,257.0,-199.0,65.0,404.0,372.0,66.0,265.0,-288.0
25.0,-851.0,208.0,-204.0,9.0,503.0,357.0,-20.0,333.0,-334.0
-6.0,-383.0,186.0,-224.0,-15.0,550.0,326.0,-70.0,403.0,-425.0
45.0,0.0,104.0,-226.0,-27.0,557.0,335.0,-40.0,477.0,-467.0
53.0,310.0,0.0,-208.0,-55.0,637.0,370.0,20.0,537.0,-447.0
79.0,574.0,-56.0,-182.0,-95.0,715.0,425.0,-11.0,594.0,-417.0
116.0,716.0,-142.0,-135.0,-134.0,663.0,493.0,109.0,646.0,-381.0
133.0,728.0,-215.0,-75.0,-164.0,580.0,509.0,112.0,680.0,-304.0
163.0,729.0,-219.0,7.0,-191.0,553.0,503.0,234.0,699.0,-187.0
176.0,789.0,-273.0,107.0,-221.0,509.0,500.0,295.0,682.0,-112.0
224.0,871.0,-279.0,190.0,-252.0,434.0,525.0,155.0,642.0,-67.0
234.0,931.0,-227.0,263.0,-282.0,326.0,571.0,44.0,591.0,0.0
283.0,948.0,-227.0,307.0,-302.0,460.0,620.0,-105.0,528.0,29.0
299.0,841.0,-172.0,297.0,-305.0,607.0,652.0,-7.0,477.0,-15.0
306.0,593.0,-78.0,267.0,-282.0,517.0,654.0,27.0,448.0,-88.0
300.0,275.0,-42.0,218.0,-245.0,521.0,685.0,49.0,447.0,-187.0
278.0,-91.0,18.0,173.0,-214.0,559.0,702.0,149.0,458.0,-321.0
277.0,-454.0,111.0,112.0,-198.0,613.0,690.0,145.0,461.0,-478.0
260.0,-715.0,134.0,44.0,-198.0,669.0,648.0,321.0,452.0,-602.0
252.0,-826.0,186.0,-20.0,-208.0,646.0,626.0,450.0,420.0,-676.0
255.0,-859.0,227.0,-148.0,-229.0,584.0,669.0,524.0,378.0,-755.0
254.0,-957.0,236.0,-249.0,-254.0,407.0,727.0,428.0,329.0,-811.0
256.0,-1164.0,277.0,-343.0,-271.0,321.0,768.0,267.0,268.0,-821.0
258.0,-1371.0,269.0,-437.0,-287.0,438.0,734.0,269.0,222.0,-833.0
242.0,-1451.0,263.0,-490.0,-306.0,512.0,682.0,249.0,169.0,-862.0
235.0,-1405.0,273.0,-528.0,-329.0,478.0,645.0,421.0,119.0,-849.0
195.0,-1282.0,253.0,-535.0,-357.0,479.0,647.0,539.0,84.0,-797.0
160.0,-1030.0,240.0,-545.0,-378.0,542.0,707.0,585.0,44.0,-742.0
127.0,-597.0,241.0,-497.0,-380.0,507.0,716.0,463.0,13.0,-672.0
98.0,-221.0,232.0,-455.0,-349.0,391.0,666.0,166.0,-27.0,-568.0
59.0,-161.0,219.0,-433.0,-278.0,404.0,626.0,42.0,-68.0,-446.0
13.0,-307.0,232.0,-411.0,-180.0,460.0,620.0,-138.0,-101.0,-345.0
-25.0,-393.0,235.0,-396.0,-83.0,427.0,638.0,-112.0,-144.0,-229.0
-68.0,-290.0,217.0,-374.0,-15.0,330.0,662.0,-31.0,-171.0,-88.0
-85.0,-142.0,215.0,-394.0,18.0,246.0,665.0,22.0,-199.0,29.0
-129.0,-133.0,206.0,-404.0,28.0,205.0,627.0,184.0,-216.0,120.0
-143.0,-208.0,187.0,-432.0,19.0,173.0,559.0,208.0,-198.0,221.0
-155.0,-222.0,148.0,-460.0,4.0,255.0,512.0,238.0,-182.0,308.0
-153.0,2.0,107.0,-467.0,0.0,327.0,511.0,162.0,-160.0,344.0
-131.0,530.0,68.0,-447.0,12.0,248.0,514.0,142.0,-124.0,351.0
-118.0,1233.0,16.0,-409.0,45.0,157.0,486.0,179.0,-110.0,363.0
-88.0,1898.0,-16.0,-368.0,94.0,111.0,454.0,223.0,-98.0,349.0
-59.0,2369.0,-61.0,-297.0,147.0,146.0,481.0,432.0,-95.0,282.0
-12.0,2588.0,-107.0,-231.0,198.0,198.0,507.0,554.0,-87.0,213.0
12.0,2484.0,-143.0,-143.0,245.0,298.0,506.0,663.0,-70.0,155.0
44.0,2196.0,-172.0,-47.0,280.0,455.0,507.0,576.0,-80.0,83.0
72.0,1932.0,-193.0,8.0,298.0,437.0,484.0,504.0,-99.0,-11.0
106.0,1625.0,-211.0,72.0,298.0,237.0,464.0,517.0,-120.0,-70.0
121.0,1151.0,-191.0,128.0,281.0,91.0,437.0,288.0,-153.0,-108.0
150.0,560.0,-184.0,162.0,253.0,132.0,386.0,175.0,-174.0,-167.0
185.0,50.0,-192.0,197.0,224.0,139.0,310.0,151.0,-200.0,-207.0
220.0,-241.0,-168.0,211.0,193.0,89.0,234.0,243.0,-242.0,-200.0
277.0,-421.0,-181.0,204.0,147.0,110.0,233.0,293.0,-273.0,-168.0
295.0,-661.0,-233.0,193.0,87.0,86.0,272.0,354.0,-302.0,-160.0
334.0,-938.0,-252.0,189.0,23.0,47.0,299.0,511.0,-321.0,-131.0
363.0,-1117.0,-292.0,173.0,-26.0,48.0,276.0,393.0,-317.0,-77.0
427.0,-1141.0,-366.0,195.0,-54.0,96.0,206.0,400.0,-309.0,-53.0
464.0,-981.0,-391.0,249.0,-65.0,181.0,171.0,288.0,-289.0,-23.0
505.0,-649.0,-414.0,286.0,-63.0,177.0,186.0,227.0,-243.0,16.0
549.0,-259.0,-471.0,332.0,-46.0,146.0,238.0,439.0,-179.0,68.0
581.0,46.0,-476.0,366.0,-13.0,160.0,266.0,445.0,-108.0,109.0
598.0,202.0,-495.0,397.0,29.0,153.0,241.0,546.0,-37.0,143.0
573.0,270.0,-526.0,375.0,72.0,203.0,205.0,617.0,28.0,201.0
572.0,272.0,-528.0,305.0,99.0,212.0,166.0,674.0,113.0,250.0
506.0,184.0,-544.0,254.0,111.0,166.0,194.0,657.0,213.0,293.0
492.0,81.0,-526.0,190.0,114.0,179.0,269.0,513.0,315.0,346.0
444.0,53.0,-519.0,127.0,110.0,132.0,281.0,469.0,421.0,405.0
391.0,53.0,-514.0,69.0,103.0,67.0,295.0,332.0,490.0,452.0
313.0,-52.0,-494.0,-3.0,104.0,-27.0,311.0,338.0,543.0,457.0
268.0,-263.0,-499.0,-51.0,118.0,-31.0,273.0,271.0,599.0,473.0
245.0,-501.0,-522.0,-47.0,137.0,145.0,266.0,142.0,629.0,498.0
170.0,-681.0,-548.0,-17.0,149.0,322.0,319.0,109.0,652.0,461.0
146.0,-653.0,-551.0,11.0,143.0,370.0,394.0,-27.0,670.0,411.0
76.0,-416.0,-562.0,79.0,123.0,206.0,422.0,-33.0,650.0,389.0
70.0,-177.0,-552.0,168.0,99.0,116.0,409.0,-40.0,619.0,379.0
-16.0,-66.0,-533.0,222.0,82.0,103.0,351.0,49.0,571.0,359.0
-51.0,3.0,-491.0,307.0,69.0,10.0,296.0,214.0,494.0,362.0
-107.0,79.0,-416.0,390.0,55.0,-22.0,361.0,262.0,429.0,411.0
-155.0,83.0,-395.0,407.0,37.0,-70.0,450.0,303.0,354.0,433.0
-149.0,79.0,-311.0,415.0,14.0,-132.0,461.0,354.0,277.0,453.0
-233.0,151.0,-216.0,365.0,-10.0,-177.0,392.0,532.0,210.0,491.0
-208.0,199.0,-157.0,306.0,-42.0,-154.0,315.0,532.0,161.0,541.0
-256.0,162.0,-34.0,275.0,-69.0,15.0,294.0,511.0,127.0,574.0
-248.0,82.0,61.0,223.0,-83.0,159.0,298.0,539.0,98.0,583.0
-281.0,-93.0,145.0,199.0,-84.0,155.0,290.0,384.0,68.0,614.0
-286.0,-403.0,232.0,162.0,-81.0,54.0,289.0,131.0,35.0,627.0
-251.0,-750.0,320.0,137.0,-87.0,6.0,324.0,-208.0,10.0,616.0
-260.0,-998.0,401.0,93.0,-104.0,24.0,339.0,-147.0,-18.0,605.0
-182.0,-1015.0,453.0,41.0,-123.0,-2.0,318.0,-55.0,-36.0,595.0
-147.0,-743.0,521.0,7.0,-139.0,-39.0,296.0,-68.0,-37.0,560.0
-56.0,-381.0,557.0,-58.0,-156.0,-77.0,291.0,194.0,-22.0,492.0
-1.0,-180.0,594.0,-110.0,-180.0,-120.0,289.0,432.0,1.0,431.0
73.0,-18.0,626.0,-166.0,-203.0,-81.0,306.0,565.0,31.0,373.0
125.0,278.0,639.0,-211.0,-206.0,-33.0,299.0,338.0,60.0,298.0
163.0,574.0,656.0,-277.0,-183.0,-58.0,226.0,164.0,80.0,219.0
223.0,765.0,646.0,-302.0,-142.0,-85.0,191.0,136.0,106.0,184.0
216.0,929.0,631.0,-293.0,-101.0,-135.0,244.0,18.0,145.0,158.0
235.0,1118.0,609.0,-315.0,-75.0,-93.0,344.0,5.0,186.0,116.0
209.0,1199.0,578.0,-300.0,-63.0,-10.0,411.0,-114.0,223.0,99.0
213.0,976.0,522.0,-300.0,-62.0,43.0,411.0,-60.0,271.0,59.0
204.0,540.0,487.0,-330.0,-69.0,165.0,354.0,-127.0,306.0,-22.0
155.0,201.0,458.0,-341.0,-85.0,223.0,319.0,-249.0,342.0,-140.0
116.0,71.0,389.0,-335.0,-106.0,219.0,333.0,-60.0,390.0,-267.0
68.0,-36.0,345.0,-320.0,-132.0,116.0,299.0,53.0,423.0,-415.0
39.0,-241.0,323.0,-282.0,-159.0,8.0,264.0,291.0,445.0,-607.0
0.0,-299.0,269.0,-233.0,-176.0,-30.0,255.0,362.0,452.0,-780.0
-67.0,16.0,209.0,-169.0,-181.0,-93.0,264.0,417.0,461.0,-919.0
-94.0,551.0,174.0,-94.0,-186.0,-116.0,305.0,545.0,463.0,-1043.0
-136.0,1007.0,115.0,-10.0,-196.0,-135.0,359.0,363.0,471.0,-1159.0
-194.0,1226.0,74.0,61.0,-200.0,-48.0,441.0,336.0,486.0,-1234.0
-263.0,1258.0,32.0,99.0,-186.0,91.0,490.0,306.0,494.0,-1262.0
-341.0,1255.0,-13.0,140.0,-146.0,169.0,482.0,277.0,505.0,-1276.0
-368.0,1179.0,-44.0,172.0,-77.0,212.0,449.0,201.0,518.0,-1257.0
-427.0,930.0,-118.0,211.0,11.0,288.0,429.0,151.0,544.0,-1199.0
-447.0,674.0,-148.0,239.0,102.0,360.0,458.0,249.0,553.0,-1122.0
-470.0,487.0,-185.0,249.0,183.0,333.0,458.0,101.0,564.0,-1030.0
-439.0,221.0,-247.0,273.0,242.0,242.0,397.0,142.0,573.0,-909.0
-409.0,-129.0,-299.0,282.0,278.0,65.0,351.0,219.0,550.0,-775.0
-399.0,-433.0,-365.0,297.0,291.0,-18.0,358.0,153.0,520.0,-656.0
-327.0,-533.0,-425.0,301.0,291.0,29.0,395.0,121.0,479.0,-570.0
-296.0,-384.0,-487.0,296.0,288.0,127.0,440.0,35.0,430.0,-519.0
-215.0,-175.0,-544.0,294.0,277.0,120.0,419.0,27.0,376.0,-480.0
-163.0,-98.0,-582.0,252.0,264.0,27.0,333.0,131.0,315.0,-484.0
-58.0,-64.0,-610.0,190.0,257.0,76.0,321.0,275.0,253.0,-530.0
22.0,154.0,-668.0,157.0,251.0,115.0,327.0,225.0,202.0,-559.0
94.0,520.0,-658.0,162.0,229.0,116.0,301.0,282.0,155.0,-577.0
207.0,834.0,-651.0,171.0,180.0,189.0,272.0,279.0,108.0,-617.0
266.0,1009.0,-666.0,185.0,108.0,249.0,233.0,134.0,71.0,-639.0
324.0,1051.0,-582.0,209.0,28.0,168.0,264.0,158.0,39.0,-657.0
325.0,1018.0,-570.0,216.0,-31.0,3.0,319.0,42.0,12.0,-699.0
350.0,823.0,-515.0,235.0,-60.0,-34.0,267.0,101.0,-6.0,-741.0
335.0,337.0,-388.0,262.0,-64.0,72.0,126.0,92.0,-4.0,-779.0
301.0,-251.0,-358.0,253.0,-61.0,146.0,13.0,-5.0,9.0,-819.0
251.0,-628.0,-254.0,236.0,-53.0,73.0,9.0,12.0,18.0,-851.0
186.0,-804.0,-130.0,238.0,-35.0,-40.0,112.0,-53.0,21.0,-868.0
136.0,-976.0,-112.0,245.0,-2.0,-31.0,191.0,120.0,31.0,-872.0
64.0,-1110.0,-3.0,269.0,31.0,36.0,130.0,158.0,31.0,-852.0
0.0,-1155.0,88.0,300.0,57.0,48.0,-6.0,177.0,28.0,-831.0
-52.0,-1204.0,95.0,340.0,71.0,94.0,-42.0,242.0,45.0,-802.0
-91.0,-1232.0,189.0,376.0,70.0,133.0,74.0,138.0,54.0,-744.0
-124.0,-1088.0,218.0,412.0,59.0,88.0,204.0,179.0,55.0,-686.0
-113.0,-853.0,203.0,467.0,43.0,84.0,263.0,88.0,65.0,-623.0
-128.0,-755.0,264.0,482.0,34.0,162.0,186.0,138.0,52.0,-533.0
-98.0,-684.0,266.0,483.0,35.0,199.0,62.0,219.0,20.0,-426.0
-51.0,-544.0,267.0,477.0,38.0,112.0,47.0,97.0,-24.0,-313.0
-3.0,-467.0,333.0,407.0,45.0,10.0,89.0,138.0,-91.0,-213.0
41.0,-439.0,339.0,308.0,67.0,-22.0,132.0,72.0,-169.0,-118.0
104.0,-384.0,326.0,194.0,109.0,-16.0,146.0,59.0,-252.0,-34.0
205.0,-337.0,405.0,72.0,156.0,-37.0,126.0,1.0,-326.0,10.0
246.0,-299.0,421.0,-32.0,180.0,-26.0,98.0,-75.0,-420.0,50.0
314.0,-245.0,441.0,-147.0,180.0,48.0,98.0,-12.0,-506.0,91.0
349.0,-166.0,522.0,-241.0,164.0,100.0,119.0,-49.0,-574.0,109.0
410.0,-72.0,527.0,-282.0,148.0,159.0,115.0,70.0,-627.0,116.0
467.0,-76.0,571.0,-295.0,139.0,210.0,91.0,79.0,-666.0,144.0
488.0,-154.0,601.0,-283.0,138.0,185.0,99.0,127.0,-706.0,163.0
526.0,-130.0,611.0,-263.0,135.0,87.0,164.0,182.0,-708.0,154.0
515.0,-32.0,651.0,-236.0,123.0,98.0,201.0,123.0,-674.0,121.0
522.0,27.0,639.0,-199.0,89.0,181.0,180.0,201.0,-613.0,64.0
511.0,163.0,628.0,-167.0,24.0,160.0,145.0,86.0,-533.0,-2.0
505.0,413.0,608.0,-162.0,-56.0,85.0,180.0,68.0,-443.0,-86.0
483.0,531.0,575.0,-163.0,-135.0,31.0,264.0,-5.0,-352.0,-134.0
477.0,430.0,537.0,-174.0,-199.0,79.0,274.0,-49.0,-250.0,-147.0
501.0,227.0,485.0,-230.0,-248.0,89.0,240.0,9.0,-129.0,-155.0
489.0,-50.0,437.0,-256.0,-280.0,68.0,200.0,-92.0,-23.0,-148.0
496.0,-368.0,383.0,-228.0,-290.0,66.0,188.0,7.0,87.0,-107.0
498.0,-485.0,324.0,-204.0,-292.0,69.0,206.0,-11.0,172.0,-52.0
509.0,-239.0,268.0,-165.0,-306.0,70.0,190.0,5.0,234.0,-19.0
497.0,88.0,244.0,-104.0,-332.0,9.0,170.0,1.0,296.0,22.0
471.0,292.0,200.0,-23.0,-359.0,16.0,144.0,-97.0,343.0,61.0
462.0,595.0,165.0,56.0,-372.0,31.0,137.0,-70.0,361.0,98.0
424.0,1056.0,144.0,116.0,-360.0,7.0,185.0,-232.0,344.0,119.0
373.0,1393.0,102.0,183.0,-327.0,18.0,211.0,-227.0,337.0,139.0
289.0,1445.0,73.0,236.0,-282.0,-1.0,211.0,-107.0,325.0,194.0
235.0,1329.0,43.0,302.0,-229.0,-39.0,216.0,97.0,323.0,223.0
180.0,1171.0,10.0,352.0,-176.0,-2.0,247.0,327.0,326.0,254.0
115.0,940.0,-14.0,369.0,-127.0,80.0,356.0,317.0,328.0,324.0
60.0,651.0,-43.0,429.0,-88.0,131.0,457.0,406.0,354.0,386.0
9.0,384.0,-74.0,532.0,-48.0,139.0,426.0,256.0,366.0,419.0
3.0,57.0,-93.0,620.0,0.0,98.0,276.0,114.0,383.0,459.0
-34.0,-356.0,-113.0,694.0,52.0,91.0,186.0,24.0,403.0,516.0
-68.0,-664.0,-91.0,791.0,102.0,103.0,224.0,-236.0,424.0,542.0
-93.0,-881.0,-73.0,827.0,149.0,73.0,259.0,-151.0,452.0,549.0
-118.0,-1134.0,-62.0,833.0,191.0,54.0,274.0,-66.0,471.0,591.0
-123.0,-1234.0,-1.0,813.0,224.0,56.0,285.0,3.0,493.0,632.0
-147.0,-1049.0,36.0,786.0,246.0,16.0,272.0,109.0,500.0,633.0
-151.0,-764.0,94.0,772.0,256.0,-31.0,264.0,138.0,497.0,634.0
-142.0,-502.0,177.0,723.0,255.0,77.0,301.0,81.0,483.0,642.0
-138.0,-275.0,240.0,713.0,239.0,149.0,370.0,-84.0,463.0,638.0
-119.0,-152.0,292.0,681.0,211.0,35.0,338.0,-118.0,467.0,598.0
-109.0,-129.0,370.0,687.0,182.0,-31.0,258.0,-186.0,481.0,548.0
-86.0,-161.0,419.0,698.0,162.0,-20.0,283.0,-66.0,485.0,493.0
-49.0,-226.0,445.0,705.0,140.0,-18.0,359.0,-25.0,492.0,403.0
-29.0,-215.0,509.0,720.0,104.0,-79.0,416.0,-121.0,502.0,288.0
-36.0,-109.0,516.0,685.0,72.0,-112.0,367.0,-38.0,494.0,160.0
-40.0,-35.0,516.0,692.0,54.0,-73.0,248.0,-103.0,481.0,37.0
-18.0,-21.0,534.0,656.0,44.0,-75.0,180.0,-86.0,463.0,-97.0
-25.0,-47.0,525.0,612.0,38.0,-40.0,152.0,-68.0,428.0,-206.0
-28.0,-90.0,509.0,550.0,34.0,52.0,112.0,-84.0,392.0,-278.0
-36.0,2.0,477.0,469.0,28.0,102.0,23.0,-190.0,361.0,-330.0
-23.0,273.0,461.0,398.0,12.0,-10.0,-37.0,-242.0,330.0,-351.0
5.0,634.0,436.0,301.0,-11.0,-137.0,-81.0,-112.0,310.0,-331.0
3.0,1010.0,404.0,217.0,-34.0,-102.0,-135.0,-158.0,289.0,-272.0
2.0,1178.0,396.0,90.0,-59.0,-52.0,-126.0,-53.0,264.0,-202.0
20.0,1017.0,348.0,-27.0,-83.0,-11.0,-60.0,-36.0,246.0,-117.0
61.0,766.0,283.0,-130.0,-97.0,43.0,-78.0,36.0,227.0,-28.0
84.0,635.0,243.0,-230.0,-100.0,154.0,-210.0,269.0,207.0,59.0
114.0,674.0,189.0,-274.0,-93.0,167.0,-241.0,186.0,179.0,110.0
138.0,926.0,152.0,-281.0,-81.0,2.0,-130.0,129.0,136.0,138.0
175.0,1292.0,120.0,-265.0,-70.0,-30.0,-16.0,31.0,99.0,175.0
187.0,1504.0,99.0,-233.0,-67.0,20.0,-10.0,-9.0,83.0,188.0
165.0,1463.0,91.0,-198.0,-66.0,-32.0,-159.0,-42.0,80.0,198.0
163.0,1249.0,90.0,-156.0,-53.0,-101.0,-298.0,-129.0,98.0,211.0
163.0,877.0,82.0,-119.0,-15.0,-129.0,-293.0,-49.0,131.0,254.0
151.0,451.0,58.0,-96.0,27.0,-141.0,-215.0,-72.0,185.0,294.0
102.0,170.0,59.0,-73.0,60.0,-123.0,-162.0,-77.0,259.0,330.0
94.0,4.0,38.0,-62.0,88.0,28.0,-230.0,-173.0,321.0,402.0
66.0,-123.0,17.0,-29.0,116.0,208.0,-387.0,-192.0,392.0,482.0
27.0,-169.0,15.0,44.0,136.0,156.0,-458.0,1.0,458.0,563.0
-7.0,-152.0,-22.0,128.0,136.0,-35.0,-394.0,-55.0,524.0,608.0
-24.0,-111.0,-52.0,196.0,130.0,-110.0,-283.0,-38.0,593.0,653.0
-11.0,-109.0,-57.0,228.0,125.0,-86.0,-210.0,-14.0,659.0,663.0
-5.0,-203.0,-85.0,252.0,117.0,-159.0,-219.0,-112.0,719.0,572.0
42.0,-314.0,-103.0,253.0,104.0,-260.0,-285.0,-94.0,751.0,468.0
74.0,-349.0,-89.0,218.0,91.0,-246.0,-294.0,-66.0,762.0,353.0
116.0,-277.0,-114.0,194.0,79.0,-144.0,-246.0,7.0,739.0,198.0
150.0,-163.0,-133.0,166.0,54.0,-70.0,-280.0,35.0,695.0,46.0
182.0,-194.0,-127.0,144.0,24.0,-68.0,-412.0,88.0,632.0,-74.0
229.0,-507.0,-152.0,113.0,-3.0,27.0,-500.0,110.0,543.0,-164.0
244.0,-863.0,-179.0,91.0,-30.0,37.0,-377.0,105.0,445.0,-249.0
277.0,-939.0,-189.0,108.0,-53.0,-62.0,-198.0,81.0,358.0,-309.0
302.0,-822.0,-201.0,85.0,-80.0,25.0,-222.0,27.0,266.0,-327.0
323.0,-745.0,-228.0,88.0,-109.0,173.0,-344.0,94.0,164.0,-356.0
365.0,-780.0,-244.0,124.0,-135.0,166.0,-345.0,-24.0,80.0,-382.0
388.0,-839.0,-235.0,149.0,-144.0,11.0,-186.0,-27.0,-8.0,-377.0
434.0,-923.0,-237.0,188.0,-128.0,-7.0,-80.0,9.0,-101.0,-380.0
467.0,-1196.0,-258.0,224.0,-101.0,122.0,-95.0,-1.0,-203.0,-383.0
471.0,-1524.0,-246.0,286.0,-93.0,115.0,-144.0,203.0,-289.0,-364.0
489.0,-1612.0,-230.0,328.0,-115.0,-3.0,-222.0,199.0,-331.0,-328.0
511.0,-1524.0,-234.0,369.0,-147.0,-58.0,-258.0,315.0,-354.0,-267.0
559.0,-1382.0,-198.0,415.0,-164.0,-75.0,-283.0,480.0,-344.0,-207.0
552.0,-1121.0,-163.0,453.0,-169.0,-116.0,-321.0,469.0,-312.0,-122.0
570.0,-756.0,-137.0,505.0,-177.0,14.0,-273.0,400.0,-267.0,-5.0
588.0,-357.0,-86.0,531.0,-192.0,199.0,-109.0,197.0,-218.0,109.0
596.0,60.0,-50.0,540.0,-211.0,239.0,26.0,164.0,-170.0,232.0
610.0,475.0,0.0,518.0,-224.0,217.0,24.0,101.0,-124.0,362.0
564.0,836.0,26.0,513.0,-236.0,222.0,-56.0,99.0,-68.0,485.0
546.0,1025.0,29.0,529.0,-249.0,364.0,-114.0,110.0,-15.0,579.0
506.0,1008.0,55.0,513.0,-257.0,340.0,-52.0,48.0,17.0,640.0
463.0,882.0,29.0,519.0,-254.0,190.0,50.0,90.0,43.0,689.0
390.0,780.0,-21.0,545.0,-233.0,204.0,56.0,-27.0,76.0,707.0
342.0,797.0,-66.0,529.0,-201.0,198.0,-74.0,-16.0,106.0,662.0
307.0,843.0,-138.0,474.0,-164.0,139.0,-173.0,-36.0,100.0,614.0
249.0,749.0,-227.0,424.0,-118.0,148.0,-114.0,-145.0,88.0,567.0
206.0,473.0,-321.0,370.0,-58.0,267.0,-45.0,-116.0,89.0,470.0
158.0,154.0,-411.0,308.0,6.0,273.0,6.0,-149.0,83.0,351.0
132.0,-72.0,-524.0,234.0,64.0,221.0,71.0,-51.0,93.0,236.0
50.0,-110.0,-626.0,143.0,122.0,217.0,48.0,3.0,115.0,111.0
-21.0,86.0,-697.0,46.0,176.0,171.0,-10.0,66.0,131.0,-60.0
-102.0,326.0,-740.0,-56.0,212.0,154.0,41.0,75.0,124.0,-246.0
-194.0,402.0,-753.0,-147.0,221.0,164.0,160.0,-38.0,92.0,-428.0
-262.0,343.0,-742.0,-238.0,224.0,307.0,222.0,-75.0,51.0,-636.0
-343.0,337.0,-700.0,-323.0,233.0,386.0,257.0,-234.0,9.0,-856.0
-419.0,515.0,-652.0,-378.0,238.0,307.0,309.0,-221.0,-23.0,-1060.0
-468.0,692.0,-566.0,-401.0,240.0,281.0,295.0,-175.0,-66.0,-1242.0
-519.0,635.0,-449.0,-396.0,234.0,285.0,247.0,-81.0,-112.0,-1394.0
-571.0,449.0,-328.0,-373.0,226.0,241.0,276.0,96.0,-161.0,-1517.0
-628.0,337.0,-211.0,-374.0,226.0,85.0,328.0,-11.0,-201.0,-1557.0
-697.0,237.0,-101.0,-405.0,230.0,52.0,282.0,-88.0,-221.0,-1505.0
-724.0,-29.0,27.0,-439.0,223.0,155.0,107.0,-218.0,-240.0,-1417.0
-768.0,-402.0,135.0,-441.0,195.0,85.0,-15.0,-282.0,-237.0,-1270.0
-814.0,-688.0,221.0,-435.0,156.0,-88.0,14.0,-303.0,-232.0,-1066.0
-835.0,-868.0,328.0,-461.0,121.0,-114.0,80.0,-406.0,-218.0,-849.0
-833.0,-997.0,454.0,-491.0,93.0,30.0,85.0,-402.0,-194.0,-654.0
-817.0,-1000.0,539.0,-555.0,66.0,176.0,28.0,-443.0,-184.0,-458.0
-813.0,-847.0,614.0,-626.0,32.0,208.0,-2.0,-341.0,-162.0,-292.0
-796.0,-629.0,734.0,-684.0,-11.0,110.0,-11.0,-338.0,-147.0,-178.0
-754.0,-456.0,818.0,-735.0,-59.0,-14.0,-85.0,-334.0,-139.0,-99.0
-680.0,-426.0,855.0,-743.0,-92.0,-130.0,-184.0,-352.0,-147.0,-89.0
-610.0,-427.0,923.0,-761.0,-99.0,-210.0,-219.0,-565.0,-178.0,-97.0
-553.0,-302.0,959.0,-788.0,-88.0,-188.0,-204.0,-530.0,-213.0,-144.0
-475.0,-128.0,944.0,-773.0,-68.0,-206.0,-207.0,-524.0,-248.0,-219.0
-358.0,-20.0,977.0,-718.0,-53.0,-223.0,-211.0,-426.0,-287.0,-279.0
-260.0,145.0,952.0,-631.0,-50.0,-114.0,-204.0,-330.0,-338.0,-363.0
-160.0,433.0,925.0,-531.0,-59.0,27.0,-263.0,-367.0,-378.0,-431.0
-48.0,623.0,933.0,-452.0,-94.0,66.0,-372.0,-352.0,-404.0,-462.0
45.0,737.0,860.0,-404.0,-146.0,37.0,-370.0,-502.0,-403.0,-470.0
109.0,870.0,816.0,-370.0,-176.0,105.0,-254.0,-528.0,-384.0,-459.0
165.0,861.0,786.0,-333.0,-166.0,85.0,-219.0,-546.0,-351.0,-423.0
219.0,750.0,713.0,-275.0,-122.0,-65.0,-299.0,-491.0,-282.0,-352.0
225.0,654.0,648.0,-199.0,-56.0,-112.0,-380.0,-321.0,-203.0,-276.0
234.0,508.0,620.0,-93.0,22.0,-95.0,-409.0,-279.0,-124.0,-185.0
237.0,406.0,564.0,58.0,102.0,-100.0,-375.0,-299.0,-51.0,-74.0
246.0,451.0,508.0,234.0,180.0,-83.0,-334.0,-445.0,30.0,30.0
215.0,503.0,490.0,432.0,244.0,12.0,-358.0,-360.0,123.0,154.0
176.0,498.0,462.0,639.0,286.0,125.0,-401.0,-269.0,225.0,264.0
178.0,567.0,448.0,816.0,304.0,156.0,-381.0,-206.0,342.0,370.0
171.0,700.0,436.0,972.0,313.0,148.0,-383.0,-88.0,470.0,496.0
168.0,724.0,441.0,1109.0,325.0,223.0,-458.0,-144.0,601.0,591.0
141.0,664.0,398.0,1192.0,324.0,303.0,-491.0,3.0,688.0,682.0
152.0,484.0,376.0,1244.0,300.0,206.0,-482.0,-9.0,761.0,770.0
162.0,6.0,346.0,1258.0,256.0,125.0,-498.0,5.0,827.0,829.0
153.0,-537.0,280.0,1213.0,203.0,204.0,-472.0,131.0,866.0,853.0
149.0,-721.0,254.0,1148.0,147.0,310.0,-413.0,36.0,881.0,854.0
151.0,-632.0,157.0,1055.0,99.0,398.0,-391.0,103.0,864.0,840.0
193.0,-602.0,77.0,948.0,68.0,491.0,-369.0,22.0,846.0,792.0
199.0,-592.0,15.0,873.0,49.0,527.0,-346.0,-27.0,821.0,733.0
206.0,-584.0,-80.0,809.0,27.0,417.0,-354.0,-5.0,775.0,683.0
251.0,-573.0,-193.0,726.0,-10.0,322.0,-367.0,-109.0,739.0,624.0
275.0,-424.0,-246.0,643.0,-59.0,336.0,-389.0,-149.0,687.0,560.0
271.0,-334.0,-281.0,598.0,-110.0,436.0,-451.0,-238.0,617.0,500.0
267.0,-463.0,-365.0,551.0,-158.0,448.0,-469.0,-134.0,529.0,452.0
280.0,-525.0,-365.0,501.0,-198.0,340.0,-391.0,-27.0,442.0,418.0
295.0,-306.0,-363.0,477.0,-217.0,331.0,-319.0,86.0,358.0,395.0
301.0,-19.0,-402.0,427.0,-208.0,330.0,-310.0,169.0,249.0,407.0
285.0,109.0,-385.0,382.0,-180.0,404.0,-323.0,101.0,148.0,452.0
271.0,161.0,-352.0,352.0,-139.0,529.0,-322.0,99.0,33.0,505.0
280.0,182.0,-342.0,310.0,-98.0,515.0,-316.0,-57.0,-98.0,562.0
250.0,99.0,-324.0,252.0,-65.0,333.0,-319.0,-97.0,-236.0,617.0
209.0,-30.0,-300.0,196.0,-39.0,193.0,-366.0,-64.0,-381.0,652.0
200.0,-59.0,-283.0,148.0,-12.0,274.0,-386.0,-70.0,-519.0,644.0
186.0,37.0,-250.0,85.0,11.0,313.0,-395.0,11.0,-669.0,631.0
161.0,121.0,-215.0,49.0,29.0,251.0,-430.0,24.0,-787.0,610.0
154.0,185.0,-196.0,17.0,42.0,199.0,-431.0,81.0,-891.0,562.0
186.0,279.0,-155.0,-38.0,38.0,238.0,-448.0,-22.0,-968.0,500.0
190.0,298.0,-132.0,-88.0,9.0,287.0,-483.0,-57.0,-985.0,433.0
178.0,289.0,-125.0,-131.0,-23.0,189.0,-478.0,-59.0,-965.0,365.0
148.0,363.0,-75.0,-141.0,-34.0,146.0,-424.0,-175.0,-905.0,288.0
128.0,416.0,-53.0,-118.0,-17.0,214.0,-412.0,-101.0,-818.0,223.0
109.0,371.0,-17.0,-83.0,-1.0,212.0,-494.0,-145.0,-686.0,171.0
57.0,354.0,10.0,-70.0,-4.0,190.0,-596.0,-147.0,-536.0,127.0
29.0,524.0,24.0,-72.0,-4.0,251.0,-651.0,-138.0,-389.0,79.0
1.0,816.0,68.0,-83.0,8.0,363.0,-656.0,-131.0,-241.0,36.0
-2.0,983.0,83.0,-111.0,15.0,315.0,-652.0,20.0,-119.0,-19.0
-21.0,869.0,116.0,-151.0,10.0,128.0,-628.0,77.0,-11.0,-107.0
-22.0,594.0,189.0,-230.0,11.0,154.0,-611.0,194.0,79.0,-194.0
-32.0,395.0,242.0,-327.0,29.0,231.0,-635.0,175.0,153.0,-287.0
-60.0,183.0,298.0,-406.0,56.0,176.0,-707.0,262.0,203.0,-386.0
-78.0,-250.0,384.0,-460.0,74.0,137.0,-773.0,299.0,224.0,-478.0
-116.0,-659.0,429.0,-501.0,88.0,149.0,-766.0,121.0,220.0,-552.0
-148.0,-763.0,494.0,-514.0,104.0,95.0,-763.0,153.0,189.0,-594.0
-194.0,-792.0,577.0,-498.0,113.0,-39.0,-828.0,40.0,133.0,-611.0
-200.0,-933.0,616.0,-455.0,114.0,-49.0,-844.0,-18.0,51.0,-594.0
-212.0,-1060.0,678.0,-404.0,111.0,24.0,-787.0,-86.0,-33.0,-567.0
-227.0,-1141.0,709.0,-363.0,115.0,98.0,-749.0,-99.0,-120.0,-508.0
-229.0,-1173.0,707.0,-295.0,118.0,125.0,-693.0,59.0,-187.0,-415.0
-201.0,-1088.0,749.0,-242.0,110.0,100.0,-699.0,7.0,-235.0,-337.0
-169.0,-944.0,727.0,-222.0,90.0,93.0,-765.0,70.0,-272.0,-239.0
-172.0,-892.0,695.0,-221.0,65.0,65.0,-786.0,44.0,-280.0,-157.0
-126.0,-836.0,703.0,-228.0,35.0,75.0,-790.0,18.0,-273.0,-97.0
-89.0,-638.0,635.0,-255.0,1.0,62.0,-746.0,-20.0,-251.0,-43.0
-54.0,-523.0,604.0,-296.0,-29.0,-88.0,-725.0,-109.0,-219.0,-21.0
-13.0,-517.0,563.0,-341.0,-56.0,-235.0,-766.0,-14.0,-188.0,5.0
35.0,-480.0,481.0,-389.0,-82.0,-179.0,-802.0,7.0,-144.0,37.0
91.0,-515.0,433.0,-408.0,-120.0,-41.0,-814.0,158.0,-119.0,80.0
136.0,-543.0,367.0,-411.0,-166.0,-28.0,-793.0,168.0,-107.0,134.0
190.0,-443.0,287.0,-394.0,-192.0,-89.0,-793.0,92.0,-119.0,189.0
226.0,-400.0,232.0,-389.0,-195.0,-76.0,-802.0,118.0,-159.0,227.0
263.0,-382.0,219.0,-377.0,-199.0,26.0,-770.0,110.0,-191.0,255.0
272.0,-35.0,154.0,-293.0,-212.0,31.0,-712.0,212.0,-238.0,288.0
254.0,599.0,146.0,-204.0,-220.0,60.0,-652.0,123.0,-296.0,306.0
251.0,1170.0,142.0,-113.0,-232.0,93.0,-642.0,83.0,-339.0,324.0
226.0,1486.0,116.0,-16.0,-254.0,32.0,-711.0,29.0,-373.0,362.0
186.0,1715.0,142.0,91.0,-271.0,-49.0,-790.0,-101.0,-397.0,416.0
147.0,2185.0,91.0,200.0,-267.0,-135.0,-772.0,-147.0,-397.0,437.0
128.0,2676.0,88.0,298.0,-242.0,-70.0,-684.0,-218.0,-381.0,429.0
93.0,2721.0,80.0,367.0,-217.0,-47.0,-625.0,-118.0,-354.0,390.0
46.0,2487.0,16.0,388.0,-204.0,-84.0,-609.0,-192.0,-322.0,297.0
25.0,2320.0,20.0,409.0,-189.0,-27.0,-640.0,-175.0,-292.0,174.0
-10.0,2054.0,0.0,390.0,-158.0,5.0,-684.0,-81.0,-257.0,1.0
-19.0,1551.0,-53.0,397.0,-113.0,-22.0,-717.0,-149.0,-226.0,-197.0
-46.0,919.0,-77.0,389.0,-68.0,-88.0,-718.0,-24.0,-182.0,-408.0
-48.0,254.0,-109.0,308.0,-28.0,-106.0,-677.0,36.0,-141.0,-630.0
-31.0,-242.0,-146.0,275.0,8.0,-67.0,-704.0,197.0,-120.0,-785.0
-23.0,-636.0,-164.0,231.0,49.0,0.0,-787.0,299.0,-94.0,-891.0
2.0,-1151.0,-198.0,201.0,89.0,-8.0,-796.0,205.0,-58.0,-959.0
4.0,-1526.0,-217.0,190.0,123.0,-32.0,-721.0,96.0,-3.0,-957.0
30.0,-1547.0,-233.0,146.0,143.0,0.0,-679.0,-73.0,45.0,-894.0
29.0,-1532.0,-268.0,94.0,141.0,51.0,-668.0,-114.0,100.0,-809.0
36.0,-1545.0,-257.0,32.0,132.0,127.0,-609.0,-254.0,157.0,-717.0
42.0,-1419.0,-278.0,-13.0,121.0,135.0,-568.0,-317.0,194.0,-606.0
43.0,-1390.0,-306.0,-68.0,105.0,157.0,-520.0,-325.0,226.0,-478.0
69.0,-1536.0,-318.0,-138.0,94.0,224.0,-440.0,-299.0,234.0,-350.0
69.0,-1612.0,-369.0,-197.0,94.0,252.0,-415.0,-138.0,222.0,-243.0
87.0,-1543.0,-382.0,-252.0,93.0,207.0,-377.0,-199.0,194.0,-152.0
102.0,-1304.0,-407.0,-317.0,85.0,116.0,-278.0,-125.0,170.0,-78.0
116.0,-860.0,-465.0,-376.0,76.0,121.0,-210.0,-107.0,156.0,-29.0
136.0,-435.0,-466.0,-409.0,67.0,236.0,-219.0,-120.0,144.0,0.0
151.0,-163.0,-483.0,-421.0,55.0,267.0,-246.0,-1.0,131.0,26.0
180.0,11.0,-531.0,-411.0,40.0,195.0,-244.0,14.0,113.0,55.0
204.0,25.0,-539.0,-361.0,31.0,231.0,-257.0,216.0,98.0,64.0
236.0,-120.0,-529.0,-303.0,32.0,319.0,-294.0,175.0,54.0,97.0
285.0,-248.0,-552.0,-233.0,42.0,332.0,-296.0,118.0,-5.0,148.0
305.0,-223.0,-565.0,-146.0,55.0,298.0,-253.0,166.0,-73.0,204.0
327.0,-182.0,-556.0,-104.0,72.0,310.0,-181.0,116.0,-141.0,275.0
336.0,-211.0,-569.0,-79.0,98.0,285.0,-176.0,225.0,-204.0,364.0
317.0,-136.0,-584.0,-71.0,125.0,176.0,-251.0,103.0,-256.0,440.0
288.0,12.0,-591.0,-101.0,138.0,130.0,-224.0,48.0,-285.0,487.0
228.0,85.0,-566.0,-154.0,141.0,79.0,-93.0,-29.0,-297.0,544.0
185.0,98.0,-557.0,-206.0,154.0,54.0,-20.0,-147.0,-305.0,594.0
154.0,129.0,-574.0,-214.0,177.0,68.0,-37.0,-90.0,-335.0,649.0
117.0,228.0,-538.0,-215.0,208.0,148.0,-103.0,-206.0,-360.0,704.0
103.0,423.0,-541.0,-199.0,236.0,262.0,-112.0,-179.0,-403.0,754.0
92.0,574.0,-563.0,-139.0,250.0,244.0,-59.0,-260.0,-453.0,775.0
73.0,439.0,-553.0,-57.0,248.0,137.0,-71.0,-356.0,-481.0,736.0
59.0,217.0,-557.0,51.0,227.0,107.0,-116.0,-286.0,-498.0,666.0
40.0,219.0,-567.0,158.0,199.0,147.0,-136.0,-304.0,-485.0,572.0
25.0,202.0,-588.0,250.0,175.0,98.0,-136.0,-271.0,-450.0,470.0
26.0,12.0,-572.0,359.0,151.0,39.0,-156.0,-362.0,-396.0,358.0
35.0,-93.0,-551.0,452.0,122.0,-48.0,-201.0,-338.0,-331.0,248.0
14.0,-146.0,-528.0,516.0,87.0,-137.0,-200.0,-328.0,-246.0,161.0
-15.0,-334.0,-473.0,553.0,45.0,-158.0,-191.0,-321.0,-155.0,79.0
-24.0,-538.0,-389.0,559.0,-6.0,-53.0,-179.0,-194.0,-80.0,6.0
-42.0,-549.0,-308.0,542.0,-56.0,126.0,-142.0,-304.0,-7.0,-60.0
-89.0,-383.0,-250.0,486.0,-86.0,150.0,-107.0,-310.0,42.0,-112.0
-145.0,-149.0,-115.0,416.0,-113.0,49.0,-148.0,-315.0,82.0,-155.0
-195.0,86.0,7.0,339.0,-153.0,-62.0,-232.0,-230.0,102.0,-203.0
-261.0,133.0,129.0,273.0,-196.0,-61.0,-210.0,-62.0,92.0,-231.0
-315.0,56.0,302.0,205.0,-225.0,-91.0,-128.0,-49.0,49.0,-237.0
-353.0,17.0,449.0,100.0,-256.0,-94.0,-99.0,-20.0,-25.0,-245.0
-394.0,-267.0,591.0,13.0,-296.0,-25.0,-160.0,-149.0,-106.0,-224.0
-437.0,-803.0,712.0,-54.0,-339.0,-60.0,-254.0,-227.0,-186.0,-162.0
-454.0,-1119.0,828.0,-115.0,-384.0,-169.0,-236.0,-314.0,-253.0,-86.0
-462.0,-1013.0,928.0,-194.0,-426.0,-283.0,-129.0,-216.0,-308.0,0.0
-465.0,-707.0,1004.0,-262.0,-444.0,-274.0,-67.0,-33.0,-347.0,102.0
-464.0,-445.0,1052.0,-283.0,-423.0,-160.0,-33.0,-18.0,-379.0,210.0
-464.0,-208.0,1064.0,-300.0,-369.0,16.0,-7.0,131.0,-399.0,299.0
-462.0,131.0,1063.0,-305.0,-293.0,83.0,-28.0,77.0,-397.0,354.0
-465.0,554.0,1043.0,-296.0,-206.0,64.0,-56.0,79.0,-383.0,399.0
-453.0,815.0,1009.0,-290.0,-137.0,-75.0,-82.0,48.0,-354.0,431.0
-450.0,755.0,954.0,-268.0,-99.0,-247.0,-92.0,-81.0,-322.0,429.0
-414.0,604.0,897.0,-230.0,-70.0,-233.0,-88.0,-120.0,-314.0,403.0
-374.0,581.0,839.0,-205.0,-41.0,-222.0,-98.0,-308.0,-327.0,359.0
-344.0,503.0,766.0,-173.0,-17.0,-189.0,-139.0,-299.0,-350.0,306.0
-305.0,296.0,694.0,-165.0,-1.0,-237.0,-155.0,-339.0,-389.0,228.0
-257.0,277.0,619.0,-169.0,7.0,-281.0,-73.0,-325.0,-443.0,136.0
-194.0,401.0,553.0,-158.0,10.0,-202.0,13.0,-245.0,-516.0,46.0
-151.0,307.0,476.0,-142.0,13.0,-98.0,3.0,-312.0,-582.0,-61.0
-92.0,62.0,417.0,-131.0,9.0,-15.0,-70.0,-158.0,-637.0,-155.0
-33.0,-98.0,353.0,-166.0,-6.0,-20.0,-88.0,-175.0,-668.0,-223.0
33.0,-155.0,292.0,-186.0,-20.0,-56.0,-60.0,-125.0,-685.0,-279.0
93.0,-175.0,261.0,-219.0,-21.0,-167.0,-71.0,-66.0,-687.0,-315.0
135.0,-320.0,208.0,-263.0,-14.0,-283.0,-73.0,-116.0,-665.0,-341.0
154.0,-624.0,189.0,-269.0,-1.0,-346.0,-45.0,-14.0,-646.0,-344.0
158.0,-826.0,157.0,-307.0,22.0,-413.0,-40.0,-138.0,-606.0,-330.0
171.0,-837.0,125.0,-343.0,45.0,-442.0,-96.0,-153.0,-545.0,-295.0
149.0,-849.0,111.0,-332.0,56.0,-329.0,-123.0,-194.0,-441.0,-213.0
137.0,-836.0,78.0,-329.0,61.0,-219.0,-51.0,-232.0,-298.0,-115.0
131.0,-709.0,35.0,-322.0,63.0,-245.0,23.0,-127.0,-158.0,-2.0
127.0,-615.0,-11.0,-288.0,63.0,-317.0,40.0,-103.0,10.0,109.0
125.0,-532.0,-60.0,-267.0,61.0,-305.0,34.0,-7.0,167.0,207.0
118.0,-333.0,-164.0,-230.0,66.0,-172.0,51.0,-84.0,309.0,293.0
115.0,-102.0,-210.0,-163.0,82.0,-147.0,49.0,-64.0,433.0,341.0
125.0,128.0,-283.0,-110.0,89.0,-196.0,23.0,-70.0,516.0,349.0
133.0,410.0,-396.0,-101.0,66.0,-250.0,-1.0,-127.0,566.0,340.0
100.0,615.0,-461.0,-119.0,14.0,-343.0,35.0,-49.0,604.0,307.0
102.0,634.0,-544.0,-137.0,-38.0,-378.0,122.0,-190.0,647.0,241.0
110.0,519.0,-623.0,-144.0,-63.0,-361.0,140.0,-205.0,675.0,182.0
82.0,219.0,-700.0,-135.0,-61.0,-335.0,126.0,-306.0,707.0,126.0
56.0,-238.0,-756.0,-110.0,-58.0,-382.0,115.0,-421.0,728.0,68.0
29.0,-518.0,-797.0,-73.0,-62.0,-425.0,100.0,-400.0,733.0,23.0
-4.0,-453.0,-842.0,-41.0,-60.0,-363.0,98.0,-574.0,736.0,-12.0
-49.0,-209.0,-873.0,10.0,-46.0,-333.0,62.0,-606.0,723.0,-40.0
-88.0,202.0,-880.0,62.0,-35.0,-389.0,34.0,-624.0,728.0,-96.0
-119.0,746.0,-908.0,88.0,-46.0,-436.0,82.0,-561.0,720.0,-155.0
-133.0,1115.0,-924.0,82.0,-62.0,-438.0,132.0,-445.0,692.0,-227.0
-149.0,1104.0,-921.0,24.0,-60.0,-403.0,93.0,-428.0,661.0,-326.0
-180.0,887.0,-964.0,-56.0,-42.0,-415.0,-37.0,-382.0,602.0,-430.0
-197.0,840.0,-947.0,-133.0,-5.0,-436.0,-94.0,-474.0,545.0,-536.0
-227.0,874.0,-934.0,-231.0,52.0,-492.0,7.0,-580.0,488.0,-646.0
-249.0,676.0,-957.0,-294.0,103.0,-575.0,111.0,-672.0,408.0,-755.0
-271.0,396.0,-918.0,-346.0,121.0,-496.0,107.0,-587.0,309.0,-827.0
-289.0,108.0,-913.0,-429.0,118.0,-433.0,17.0,-569.0,201.0,-866.0
-281.0,-310.0,-914.0,-473.0,117.0,-453.0,12.0,-657.0,71.0,-870.0
-288.0,-743.0,-836.0,-489.0,134.0,-509.0,127.0,-598.0,-50.0,-830.0
-278.0,-977.0,-813.0,-463.0,172.0,-486.0,189.0,-646.0,-152.0,-746.0
-254.0,-1059.0,-780.0,-424.0,212.0,-316.0,121.0,-545.0,-277.0,-628.0
-222.0,-1035.0,-677.0,-420.0,237.0,-250.0,12.0,-482.0,-403.0,-503.0
-180.0,-741.0,-656.0,-377.0,236.0,-275.0,-40.0,-430.0,-518.0,-381.0
-161.0,-403.0,-595.0,-315.0,219.0,-325.0,-6.0,-327.0,-632.0,-239.0
-138.0,-408.0,-489.0,-242.0,212.0,-371.0,95.0,-310.0,-746.0,-93.0
-105.0,-599.0,-449.0,-148.0,210.0,-436.0,113.0,-232.0,-836.0,18.0
-89.0,-621.0,-370.0,-72.0,192.0,-527.0,73.0,-417.0,-911.0,119.0
-78.0,-423.0,-321.0,0.0,155.0,-505.0,53.0,-491.0,-979.0,205.0
-64.0,-172.0,-289.0,16.0,106.0,-446.0,56.0,-554.0,-1007.0,267.0
-53.0,52.0,-215.0,3.0,59.0,-365.0,101.0,-707.0,-1010.0,297.0
-35.0,299.0,-185.0,-13.0,28.0,-348.0,101.0,-559.0,-975.0,312.0
-29.0,556.0,-122.0,-74.0,1.0,-396.0,56.0,-480.0,-923.0,314.0
-12.0,740.0,-46.0,-156.0,-44.0,-407.0,-7.0,-288.0,-864.0,276.0
5.0,816.0,-19.0,-260.0,-105.0,-558.0,-59.0,-133.0,-769.0,232.0
28.0,811.0,65.0,-336.0,-148.0,-592.0,-40.0,-123.0,-695.0,186.0
69.0,703.0,124.0,-394.0,-164.0,-473.0,-28.0,-72.0,-629.0,142.0
84.0,478.0,167.0,-429.0,-178.0,-454.0,-108.0,-136.0,-553.0,93.0
90.0,200.0,239.0,-417.0,-195.0,-471.0,-200.0,-92.0,-479.0,57.0
107.0,-187.0,253.0,-379.0,-205.0,-479.0,-234.0,-73.0,-387.0,56.0
125.0,-594.0,310.0,-309.0,-211.0,-436.0,-214.0,-123.0,-292.0,82.0
132.0,-678.0,375.0,-245.0,-220.0,-456.0,-143.0,-194.0,-205.0,132.0
120.0,-505.0,390.0,-218.0,-240.0,-437.0,-129.0,-225.0,-141.0,202.0
107.0,-475.0,414.0,-182.0,-257.0,-386.0,-167.0,-230.0,-90.0,292.0
113.0,-640.0,432.0,-116.0,-256.0,-449.0,-176.0,-354.0,-35.0,370.0
92.0,-782.0,410.0,-67.0,-246.0,-501.0,-165.0,-284.0,17.0,436.0
55.0,-895.0,409.0,-41.0,-234.0,-489.0,-172.0,-321.0,60.0,482.0
42.0,-1010.0,395.0,-3.0,-221.0,-337.0,-188.0,-343.0,78.0,520.0
18.0,-1000.0,325.0,35.0,-198.0,-225.0,-183.0,-258.0,80.0,550.0
-9.0,-791.0,300.0,41.0,-141.0,-285.0,-196.0,-321.0,70.0,563.0
-53.0,-396.0,230.0,51.0,-55.0,-337.0,-152.0,-166.0,60.0,573.0
-98.0,81.0,160.0,51.0,24.0,-342.0,-88.0,-75.0,45.0,578.0
-130.0,487.0,136.0,50.0,79.0,-284.0,-87.0,29.0,5.0,582.0
-174.0,761.0,88.0,99.0,103.0,-242.0,-91.0,84.0,-42.0,576.0
-227.0,946.0,16.0,160.0,100.0,-284.0,-63.0,-29.0,-83.0,577.0
-277.0,1070.0,-5.0,257.0,85.0,-369.0,-21.0,-60.0,-103.0,584.0
-312.0,1034.0,-24.0,328.0,72.0,-521.0,-9.0,-212.0,-103.0,573.0
-356.0,814.0,-95.0,385.0,59.0,-559.0,10.0,-205.0,-80.0,565.0
-405.0,545.0,-105.0,449.0,43.0,-434.0,20.0,-227.0,-42.0,516.0
-444.0,283.0,-135.0,458.0,37.0,-361.0,-40.0,-232.0,5.0,423.0
-482.0,-32.0,-167.0,439.0,60.0,-331.0,-99.0,-214.0,48.0,325.0
-499.0,-330.0,-186.0,363.0,105.0,-323.0,-65.0,-338.0,81.0,195.0
-514.0,-384.0,-198.0,290.0,138.0,-445.0,28.0,-304.0,102.0,53.0
-516.0,-224.0,-178.0,208.0,140.0,-567.0,87.0,-400.0,101.0,-106.0
-527.0,-66.0,-168.0,96.0,115.0,-578.0,97.0,-349.0,79.0,-264.0
-519.0,82.0,-158.0,-31.0,79.0,-505.0,87.0,-280.0,33.0,-399.0
-485.0,124.0,-124.0,-164.0,43.0,-369.0,75.0,-264.0,-36.0,-541.0
-463.0,-102.0,-69.0,-253.0,22.0,-401.0,73.0,-147.0,-107.0,-645.0
-435.0,-448.0,-66.0,-357.0,24.0,-471.0,74.0,-216.0,-182.0,-718.0
-400.0,-654.0,-8.0,-449.0,18.0,-406.0,62.0,-168.0,-261.0,-765.0
-338.0,-710.0,8.0,-544.0,-17.0,-334.0,56.0,-229.0,-323.0,-765.0
-291.0,-676.0,54.0,-652.0,-69.0,-381.0,38.0,-247.0,-384.0,-752.0
-244.0,-475.0,124.0,-704.0,-116.0,-548.0,0.0,-258.0,-423.0,-709.0
-212.0,-147.0,118.0,-761.0,-148.0,-640.0,-29.0,-351.0,-452.0,-648.0
-176.0,134.0,231.0,-806.0,-155.0,-745.0,-2.0,-230.0,-484.0,-589.0
-126.0,198.0,248.0,-797.0,-136.0,-849.0,55.0,-288.0,-507.0,-523.0
-101.0,111.0,262.0,-754.0,-103.0,-854.0,62.0,-190.0,-530.0,-465.0
-71.0,77.0,350.0,-667.0,-69.0,-772.0,75.0,-173.0,-524.0,-418.0
-55.0,129.0,363.0,-563.0,-23.0,-668.0,129.0,-323.0,-500.0,-386.0
-41.0,146.0,379.0,-463.0,36.0,-563.0,96.0,-282.0,-466.0,-357.0
-42.0,46.0,413.0,-370.0,94.0,-423.0,-12.0,-388.0,-419.0,-331.0
-51.0,-86.0,413.0,-269.0,127.0,-411.0,-41.0,-319.0,-367.0,-308.0
-76.0,-218.0,373.0,-174.0,122.0,-469.0,12.0,-271.0,-316.0,-276.0
-103.0,-313.0,411.0,-81.0,98.0,-630.0,63.0,-245.0,-262.0,-248.0
-121.0,-263.0,355.0,9.0,71.0,-749.0,58.0,-186.0,-192.0,-216.0
-134.0,-138.0,292.0,69.0,51.0,-741.0,-19.0,-290.0,-128.0,-181.0
-145.0,-78.0,293.0,104.0,34.0,-722.0,-104.0,-238.0,-85.0,-156.0
-149.0,-55.0,176.0,96.0,17.0,-554.0,-116.0,-242.0,-29.0,-150.0
-123.0,77.0,82.0,52.0,-2.0,-476.0,-82.0,-229.0,32.0,-137.0
-116.0,274.0,13.0,-17.0,-26.0,-607.0,-42.0,-306.0,92.0,-124.0
-121.0,377.0,-109.0,-88.0,-51.0,-736.0,4.0,-347.0,185.0,-124.0
-125.0,448.0,-231.0,-148.0,-79.0,-652.0,32.0,-314.0,278.0,-138.0
-114.0,578.0,-312.0,-191.0,-102.0,-500.0,46.0,-417.0,368.0,-153.0
-125.0,587.0,-426.0,-218.0,-114.0,-569.0,7.0,-308.0,470.0,-147.0
-136.0,403.0,-558.0,-238.0,-107.0,-680.0,-14.0,-362.0,546.0,-153.0
-154.0,250.0,-649.0,-212.0,-93.0,-693.0,44.0,-447.0,595.0,-129.0
-179.0,172.0,-762.0,-201.0,-77.0,-708.0,73.0,-461.0,611.0,-86.0
-199.0,78.0,-848.0,-221.0,-54.0,-803.0,90.0,-552.0,600.0,-47.0
-251.0,12.0,-894.0,-219.0,-29.0,-771.0,103.0,-460.0,578.0,18.0
-287.0,-42.0,-937.0,-217.0,-13.0,-649.0,91.0,-465.0,524.0,90.0
-329.0,-132.0,-926.0,-223.0,-8.0,-589.0,121.0,-371.0,458.0,166.0
-338.0,-208.0,-910.0,-242.0,-7.0,-586.0,137.0,-229.0,399.0,274.0
-355.0,-262.0,-894.0,-252.0,-9.0,-616.0,79.0,-177.0,333.0,413.0
-353.0,-306.0,-841.0,-234.0,-8.0,-543.0,37.0,-75.0,260.0,558.0
-316.0,-379.0,-756.0,-237.0,-1.0,-509.0,35.0,-107.0,178.0,709.0
-286.0,-451.0,-684.0,-266.0,9.0,-488.0,45.0,-110.0,112.0,866.0
-234.0,-374.0,-619.0,-297.0,27.0,-403.0,85.0,-142.0,62.0,1037.0
-210.0,-135.0,-503.0,-336.0,37.0,-509.0,124.0,-136.0,12.0,1188.0
-162.0,0.0,-439.0,-377.0,26.0,-686.0,31.0,-120.0,-17.0,1315.0
-154.0,-146.0,-364.0,-377.0,0.0,-692.0,-144.0,-190.0,-26.0,1431.0
-134.0,-347.0,-277.0,-367.0,-29.0,-655.0,-154.0,-182.0,-36.0,1490.0
-111.0,-473.0,-221.0,-372.0,-42.0,-603.0,-15.0,-382.0,-38.0,1513.0
-99.0,-584.0,-150.0,-370.0,-47.0,-629.0,74.0,-578.0,-40.0,1503.0
-58.0,-573.0,-108.0,-377.0,-54.0,-661.0,60.0,-652.0,-34.0,1436.0
-20.0,-424.0,-31.0,-398.0,-69.0,-507.0,18.0,-620.0,-20.0,1334.0
47.0,-306.0,-9.0,-408.0,-85.0,-389.0,48.0,-426.0,-20.0,1177.0
97.0,-284.0,3.0,-392.0,-87.0,-352.0,109.0,-223.0,-16.0,982.0
145.0,-303.0,43.0,-373.0,-68.0,-369.0,129.0,33.0,-20.0,786.0
172.0,-360.0,12.0,-347.0,-38.0,-390.0,93.0,79.0,-35.0,556.0
219.0,-419.0,16.0,-304.0,0.0,-415.0,20.0,110.0,-75.0,310.0
257.0,-301.0,19.0,-214.0,43.0,-431.0,18.0,64.0,-148.0,75.0
289.0,7.0,0.0,-121.0,81.0,-402.0,120.0,-64.0,-220.0,-153.0
337.0,347.0,3.0,-37.0,100.0,-450.0,207.0,-92.0,-296.0,-381.0
361.0,617.0,20.0,80.0,100.0,-413.0,196.0,-230.0,-372.0,-587.0
391.0,830.0,26.0,178.0,91.0,-363.0,175.0,-140.0,-448.0,-767.0
396.0,1039.0,31.0,239.0,86.0,-381.0,208.0,-112.0,-521.0,-932.0
417.0,1211.0,63.0,281.0,84.0,-432.0,239.0,-70.0,-574.0,-1051.0
431.0,1265.0,81.0,321.0,82.0,-469.0,243.0,64.0,-602.0,-1122.0
449.0,1212.0,80.0,326.0,82.0,-324.0,242.0,72.0,-590.0,-1157.0
460.0,1164.0,92.0,347.0,80.0,-266.0,232.0,236.0,-560.0,-1168.0
467.0,1116.0,109.0,349.0,70.0,-365.0,155.0,179.0,-515.0,-1143.0
466.0,910.0,101.0,320.0,59.0,-465.0,67.0,136.0,-450.0,-1092.0
451.0,525.0,103.0,312.0,54.0,-544.0,52.0,57.0,-397.0,-1045.0
443.0,114.0,75.0,307.0,55.0,-500.0,56.0,-109.0,-340.0,-969.0
420.0,-228.0,53.0,333.0,48.0,-480.0,59.0,-96.0,-279.0,-884.0
401.0,-479.0,18.0,351.0,40.0,-427.0,68.0,-216.0,-229.0,-794.0
366.0,-605.0,-39.0,366.0,36.0,-298.0,68.0,-129.0,-179.0,-681.0
359.0,-647.0,-72.0,382.0,35.0,-429.0,87.0,-138.0,-138.0,-570.0
330.0,-637.0,-141.0,380.0,23.0,-563.0,108.0,-229.0,-105.0,-479.0
288.0,-573.0,-198.0,347.0,1.0,-454.0,97.0,-164.0,-87.0,-396.0
252.0,-531.0,-247.0,293.0,-15.0,-291.0,40.0,-240.0,-84.0,-320.0
202.0,-538.0,-259.0,252.0,-13.0,-274.0,-50.0,-125.0,-91.0,-252.0
158.0,-490.0,-301.0,214.0,8.0,-390.0,-121.0,-114.0,-104.0,-177.0
94.0,-312.0,-325.0,155.0,42.0,-477.0,-137.0,-79.0,-107.0,-98.0
33.0,-113.0,-307.0,107.0,86.0,-588.0,-96.0,105.0,-111.0,0.0
-44.0,-79.0,-343.0,62.0,137.0,-589.0,-68.0,186.0,-117.0,103.0
-130.0,-245.0,-305.0,-10.0,177.0,-463.0,-88.0,280.0,-127.0,196.0
-237.0,-463.0,-241.0,-83.0,195.0,-275.0,-141.0,175.0,-155.0,295.0
-349.0,-641.0,-183.0,-145.0,189.0,-169.0,-182.0,75.0,-204.0,400.0
-452.0,-787.0,-139.0,-193.0,166.0,-291.0,-124.0,-44.0,-238.0,484.0
-560.0,-852.0,-92.0,-246.0,133.0,-372.0,-103.0,-90.0,-260.0,551.0
-659.0,-853.0,-28.0,-267.0,90.0,-341.0,-190.0,-103.0,-288.0,613.0
-727.0,-813.0,13.0,-294.0,50.0,-309.0,-250.0,-242.0,-282.0,658.0
-789.0,-639.0,31.0,-332.0,14.0,-349.0,-219.0,-210.0,-258.0,677.0
-836.0,-247.0,74.0,-347.0,-18.0,-386.0,-127.0,-234.0,-214.0,654.0
-861.0,305.0,96.0,-378.0,-40.0,-358.0,-62.0,-212.0,-134.0,617.0
-882.0,831.0,56.0,-407.0,-51.0,-375.0,-4.0,-169.0,-46.0,530.0
-879.0,1152.0,84.0,-419.0,-63.0,-338.0,57.0,-66.0,67.0,404.0
-901.0,1111.0,68.0,-425.0,-75.0,-277.0,50.0,92.0,198.0,261.0
-910.0,836.0,15.0,-420.0,-86.0,-342.0,-12.0,107.0,316.0,98.0
-910.0,623.0,-9.0,-395.0,-93.0,-382.0,-61.0,225.0,422.0,-71.0
-897.0,488.0,-36.0,-353.0,-101.0,-353.0,-66.0,182.0,488.0,-235.0
-902.0,345.0,-108.0,-290.0,-115.0,-285.0,-52.0,175.0,522.0,-351.0
-890.0,211.0,-151.0,-243.0,-138.0,-325.0,-57.0,194.0,546.0,-449.0
-856.0,89.0,-159.0,-197.0,-160.0,-535.0,-31.0,68.0,544.0,-511.0
-831.0,-85.0,-249.0,-169.0,-170.0,-551.0,9.0,97.0,511.0,-546.0
-788.0,-275.0,-242.0,-162.0,-151.0,-546.0,46.0,-94.0,470.0,-538.0
-764.0,-367.0,-270.0,-162.0,-109.0,-589.0,119.0,-179.0,425.0,-483.0
-698.0,-313.0,-321.0,-193.0,-65.0,-467.0,120.0,-140.0,378.0,-415.0
-633.0,-131.0,-286.0,-194.0,-36.0,-367.0,44.0,-181.0,318.0,-262.0
-546.0,89.0,-332.0,-189.0,-25.0,-343.0,25.0,22.0,240.0,-79.0
-466.0,292.0,-340.0,-180.0,-10.0,-423.0,74.0,5.0,172.0,100.0
-368.0,445.0,-311.0,-176.0,11.0,-437.0,104.0,-40.0,113.0,299.0
-271.0,491.0,-341.0,-202.0,38.0,-365.0,113.0,-14.0,67.0,499.0
-191.0,419.0,-323.0,-211.0,75.0,-415.0,115.0,-5.0,23.0,697.0
-88.0,283.0,-282.0,-247.0,114.0,-491.0,81.0,31.0,-9.0,897.0
-14.0,108.0,-286.0,-314.0,143.0,-582.0,32.0,3.0,-6.0,1091.0
94.0,-33.0,-231.0,-381.0,153.0,-651.0,3.0,84.0,6.0,1269.0
163.0,1.0,-191.0,-448.0,154.0,-591.0,18.0,55.0,15.0,1398.0
258.0,184.0,-191.0,-487.0,152.0,-433.0,47.0,118.0,16.0,1461.0
329.0,316.0,-122.0,-515.0,133.0,-342.0,78.0,116.0,4.0,1473.0
373.0,297.0,-90.0,-532.0,98.0,-384.0,143.0,53.0,-10.0,1411.0
407.0,240.0,-64.0,-536.0,68.0,-484.0,269.0,55.0,-35.0,1303.0
404.0,259.0,-34.0,-535.0,52.0,-462.0,361.0,-79.0,-47.0,1179.0
401.0,302.0,-44.0,-510.0,45.0,-302.0,379.0,-46.0,-39.0,1029.0
354.0,320.0,-56.0,-477.0,32.0,-294.0,370.0,-66.0,-20.0,867.0
342.0,349.0,-89.0,-435.0,13.0,-398.0,297.0,35.0,20.0,695.0
290.0,360.0,-118.0,-375.0,-3.0,-508.0,243.0,107.0,80.0,508.0
223.0,240.0,-169.0,-268.0,-21.0,-573.0,275.0,-29.0,148.0,338.0
166.0,5.0,-226.0,-178.0,-49.0,-581.0,319.0,-51.0,230.0,180.0
132.0,-200.0,-264.0,-101.0,-82.0,-521.0,313.0,-192.0,310.0,6.0
113.0,-294.0,-321.0,-58.0,-117.0,-366.0,286.0,-195.0,358.0,-157.0
76.0,-283.0,-360.0,-65.0,-164.0,-382.0,297.0,-269.0,383.0,-302.0
59.0,-222.0,-388.0,-20.0,-220.0,-459.0,306.0,-423.0,407.0,-425.0
44.0,-187.0,-430.0,-25.0,-267.0,-454.0,299.0,-375.0,410.0,-542.0
42.0,-170.0,-448.0,-19.0,-288.0,-419.0,338.0,-432.0,382.0,-649.0
30.0,-99.0,-448.0,2.0,-293.0,-417.0,423.0,-367.0,343.0,-722.0
18.0,-47.0,-457.0,-14.0,-291.0,-503.0,443.0,-330.0,298.0,-787.0
-5.0,-34.0,-443.0,11.0,-283.0,-459.0,397.0,-299.0,236.0,-835.0
-11.0,45.0,-429.0,51.0,-262.0,-422.0,375.0,-277.0,173.0,-867.0
-18.0,161.0,-427.0,103.0,-228.0,-467.0,369.0,-393.0,100.0,-879.0
-30.0,209.0,-418.0,161.0,-185.0,-471.0,370.0,-393.0,23.0,-880.0
-37.0,173.0,-406.0,218.0,-135.0,-439.0,401.0,-465.0,-42.0,-897.0
-61.0,72.0,-379.0,255.0,-83.0,-401.0,431.0,-393.0,-106.0,-904.0
-68.0,-58.0,-340.0,266.0,-32.0,-427.0,328.0,-343.0,-169.0,-932.0
-88.0,-141.0,-315.0,224.0,22.0,-432.0,190.0,-293.0,-246.0,-966.0
-99.0,-165.0,-280.0,164.0,75.0,-348.0,186.0,-151.0,-309.0,-990.0
-110.0,-181.0,-222.0,103.0,101.0,-275.0,222.0,-254.0,-335.0,-1016.0
-110.0,-138.0,-205.0,40.0,101.0,-365.0,235.0,-232.0,-363.0,-1035.0
-93.0,-94.0,-157.0,-18.0,102.0,-479.0,268.0,-321.0,-385.0,-1050.0
-93.0,-165.0,-107.0,-80.0,117.0,-553.0,324.0,-375.0,-393.0,-1046.0
-78.0,-235.0,-135.0,-91.0,149.0,-566.0,294.0,-291.0,-396.0,-1034.0
-78.0,-163.0,-113.0,-124.0,197.0,-416.0,239.0,-328.0,-395.0,-1003.0
-89.0,21.0,-65.0,-125.0,245.0,-214.0,294.0,-171.0,-385.0,-933.0
-92.0,208.0,-77.0,-101.0,288.0,-140.0,422.0,-125.0,-361.0,-818.0
-99.0,397.0,-46.0,-109.0,317.0,-286.0,484.0,-94.0,-325.0,-678.0
-118.0,587.0,22.0,-96.0,324.0,-397.0,400.0,-57.0,-272.0,-533.0
-151.0,722.0,51.0,-95.0,320.0,-451.0,334.0,-114.0,-204.0,-345.0
-172.0,826.0,88.0,-75.0,308.0,-558.0,359.0,-22.0,-114.0,-153.0
-207.0,915.0,154.0,-72.0,284.0,-539.0,380.0,24.0,-13.0,5.0
-243.0,942.0,242.0,-70.0,242.0,-353.0,398.0,-11.0,79.0,163.0
-277.0,876.0,322.0,-74.0,185.0,-204.0,397.0,-105.0,182.0,301.0
-297.0,726.0,404.0,-71.0,133.0,-291.0,342.0,-131.0,279.0,400.0
-302.0,529.0,529.0,-76.0,86.0,-471.0,339.0,-145.0,368.0,482.0
-303.0,283.0,633.0,-101.0,38.0,-495.0,437.0,-92.0,475.0,567.0
-280.0,-61.0,739.0,-55.0,-10.0,-403.0,523.0,-9.0,587.0,639.0
-261.0,-396.0,873.0,-48.0,-55.0,-379.0,537.0,-144.0,701.0,683.0
-232.0,-581.0,976.0,-12.0,-88.0,-362.0,525.0,-77.0,810.0,720.0
-210.0,-762.0,1043.0,27.0,-107.0,-338.0,534.0,-12.0,895.0,759.0
-172.0,-1057.0,1123.0,55.0,-109.0,-330.0,573.0,31.0,958.0,791.0
-151.0,-1261.0,1186.0,138.0,-103.0,-314.0,599.0,145.0,994.0,810.0
-121.0,-1231.0,1207.0,204.0,-95.0,-290.0,587.0,83.0,988.0,820.0
-76.0,-1110.0,1246.0,299.0,-85.0,-204.0,592.0,144.0,944.0,832.0
-54.0,-1009.0,1228.0,370.0,-83.0,-273.0,579.0,136.0,852.0,819.0
0.0,-878.0,1191.0,459.0,-93.0,-432.0,545.0,182.0,742.0,785.0
21.0,-700.0,1164.0,552.0,-106.0,-477.0,553.0,214.0,632.0,753.0
72.0,-504.0,1074.0,553.0,-109.0,-386.0,578.0,242.0,531.0,717.0
97.0,-303.0,1002.0,516.0,-106.0,-199.0,596.0,408.0,453.0,672.0
131.0,-79.0,900.0,444.0,-107.0,-72.0,557.0,295.0,376.0,625.0
171.0,203.0,791.0,323.0,-108.0,-13.0,525.0,308.0,321.0,611.0
183.0,486.0,718.0,148.0,-94.0,-43.0,573.0,325.0,276.0,601.0
210.0,670.0,599.0,-20.0,-69.0,-93.0,610.0,354.0,244.0,596.0
196.0,783.0,498.0,-168.0,-55.0,-139.0,599.0,447.0,225.0,618.0
216.0,909.0,420.0,-297.0,-51.0,-155.0,633.0,343.0,219.0,651.0
186.0,1006.0,321.0,-383.0,-44.0,-128.0,676.0,388.0,236.0,684.0
176.0,1040.0,232.0,-439.0,-40.0,-103.0,591.0,284.0,268.0,699.0
149.0,1087.0,174.0,-467.0,-40.0,-2.0,503.0,247.0,315.0,734.0
129.0,1099.0,71.0,-460.0,-37.0,36.0,532.0,267.0,368.0,765.0
115.0,1008.0,0.0,-416.0,-18.0,14.0,572.0,192.0,424.0,786.0
60.0,880.0,-38.0,-360.0,14.0,176.0,579.0,295.0,455.0,817.0
31.0,772.0,-124.0,-295.0,53.0,400.0,568.0,323.0,477.0,844.0
-27.0,647.0,-174.0,-256.0,90.0,440.0,546.0,410.0,479.0,871.0
-46.0,463.0,-212.0,-227.0,116.0,395.0,532.0,384.0,457.0,861.0
-101.0,276.0,-260.0,-220.0,131.0,310.0,509.0,336.0,428.0,841.0
-113.0,193.0,-336.0,-217.0,145.0,178.0,530.0,399.0,364.0,819.0
-126.0,177.0,-363.0,-193.0,153.0,47.0,602.0,402.0,302.0,749.0
-138.0,85.0,-409.0,-197.0,149.0,8.0,626.0,563.0,227.0,663.0
-145.0,-48.0,-488.0,-186.0,134.0,145.0,574.0,598.0,128.0,590.0
-186.0,-85.0,-497.0,-187.0,114.0,331.0,522.0,668.0,18.0,497.0
-200.0,-42.0,-547.0,-197.0,92.0,479.0,507.0,757.0,-84.0,375.0
-243.0,-12.0,-596.0,-194.0,81.0,476.0,545.0,716.0,-176.0,266.0
-248.0,14.0,-608.0,-156.0,83.0,414.0,667.0,761.0,-280.0,157.0
-277.0,8.0,-606.0,-46.0,90.0,396.0,736.0,700.0,-384.0,35.0
-287.0,-125.0,-650.0,69.0,94.0,358.0,684.0,665.0,-505.0,-82.0
-310.0,-343.0,-631.0,198.0,89.0,421.0,601.0,594.0,-605.0,-156.0
-299.0,-553.0,-579.0,324.0,68.0,488.0,545.0,576.0,-686.0,-200.0
-290.0,-772.0,-604.0,443.0,41.0,329.0,522.0,580.0,-756.0,-230.0
-282.0,-1059.0,-519.0,561.0,25.0,131.0,546.0,543.0,-796.0,-220.0
-256.0,-1288.0,-462.0,612.0,18.0,223.0,602.0,661.0,-814.0,-173.0
-244.0,-1263.0,-452.0,630.0,17.0,439.0,570.0,565.0,-810.0,-113.0
-164.0,-979.0,-357.0,660.0,20.0,542.0,445.0,480.0,-800.0,-52.0
-124.0,-504.0,-308.0,683.0,21.0,560.0,355.0,351.0,-773.0,36.0
-57.0,53.0,-280.0,675.0,15.0,561.0,394.0,256.0,-750.0,127.0
-7.0,451.0,-176.0,659.0,-3.0,569.0,461.0,317.0,-726.0,211.0
53.0,617.0,-135.0,632.0,-24.0,403.0,422.0,229.0,-681.0,276.0
97.0,728.0,-95.0,590.0,-40.0,214.0,317.0,358.0,-617.0,312.0
131.0,779.0,16.0,543.0,-49.0,277.0,227.0,467.0,-536.0,334.0
155.0,634.0,44.0,487.0,-43.0,436.0,205.0,543.0,-464.0,313.0
154.0,370.0,113.0,422.0,-28.0,586.0,226.0,615.0,-376.0,269.0
197.0,133.0,195.0,350.0,-18.0,659.0,278.0,626.0,-285.0,219.0
213.0,-75.0,221.0,300.0,-17.0,582.0,367.0,766.0,-214.0,153.0
265.0,-288.0,287.0,254.0,-14.0,473.0,397.0,794.0,-146.0,65.0
289.0,-483.0,322.0,220.0,-2.0,398.0,304.0,890.0,-90.0,-20.0
350.0,-596.0,327.0,205.0,4.0,449.0,233.0,923.0,-32.0,-108.0
396.0,-571.0,341.0,179.0,-13.0,570.0,253.0,995.0,24.0,-207.0
426.0,-463.0,329.0,168.0,-43.0,559.0,205.0,1071.0,80.0,-306.0
458.0,-304.0,319.0,158.0,-64.0,467.0,81.0,936.0,128.0,-379.0
455.0,-31.0,308.0,124.0,-74.0,438.0,21.0,901.0,174.0,-417.0
474.0,334.0,290.0,83.0,-80.0,556.0,63.0,764.0,227.0,-454.0
473.0,709.0,286.0,6.0,-86.0,663.0,114.0,702.0,281.0,-472.0
494.0,1014.0,262.0,-86.0,-78.0,645.0,87.0,609.0,340.0,-471.0
496.0,1198.0,246.0,-171.0,-51.0,633.0,64.0,371.0,395.0,-483.0
509.0,1282.0,245.0,-238.0,-18.0,625.0,123.0,349.0,442.0,-499.0
503.0,1404.0,262.0,-295.0,7.0,584.0,200.0,336.0,470.0,-498.0
493.0,1532.0,291.0,-374.0,33.0,555.0,221.0,437.0,480.0,-494.0
479.0,1429.0,300.0,-433.0,75.0,518.0,185.0,556.0,497.0,-493.0
455.0,1131.0,334.0,-486.0,129.0,406.0,110.0,654.0,494.0,-467.0
424.0,823.0,363.0,-518.0,172.0,359.0,16.0,794.0,469.0,-436.0
361.0,510.0,365.0,-523.0,188.0,365.0,-1.0,796.0,434.0,-404.0
316.0,119.0,380.0,-541.0,184.0,406.0,49.0,912.0,379.0,-370.0
255.0,-289.0,392.0,-539.0,174.0,527.0,45.0,838.0,311.0,-355.0
208.0,-637.0,368.0,-534.0,157.0,499.0,-22.0,655.0,241.0,-339.0
148.0,-916.0,339.0,-502.0,139.0,514.0,-80.0,559.0,167.0,-340.0
109.0,-1010.0,324.0,-491.0,126.0,514.0,-49.0,367.0,85.0,-357.0
106.0,-844.0,271.0,-512.0,114.0,244.0,-6.0,354.0,38.0,-356.0
97.0,-541.0,213.0,-500.0,90.0,100.0,9.0,288.0,12.0,-349.0
105.0,-304.0,166.0,-486.0,49.0,195.0,30.0,260.0,-22.0,-339.0
118.0,-231.0,94.0,-462.0,12.0,355.0,-34.0,339.0,-51.0,-306.0
129.0,-248.0,41.0,-413.0,-9.0,406.0,-106.0,489.0,-78.0,-265.0
150.0,-311.0,-10.0,-346.0,-21.0,376.0,-90.0,681.0,-94.0,-220.0
174.0,-401.0,-87.0,-264.0,-33.0,417.0,-32.0,761.0,-111.0,-150.0
187.0,-389.0,-134.0,-169.0,-49.0,417.0,35.0,955.0,-127.0,-68.0
201.0,-235.0,-178.0,-69.0,-66.0,456.0,70.0,934.0,-127.0,4.0
194.0,-67.0,-225.0,50.0,-75.0,511.0,32.0,827.0,-105.0,61.0
170.0,42.0,-222.0,184.0,-75.0,493.0,-73.0,626.0,-49.0,83.0
129.0,152.0,-224.0,310.0,-69.0,467.0,-143.0,351.0,18.0,106.0
83.0,301.0,-219.0,414.0,-64.0,427.0,-101.0,338.0,84.0,113.0
37.0,473.0,-160.0,497.0,-63.0,422.0,10.0,262.0,146.0,90.0
-3.0,546.0,-113.0,574.0,-70.0,432.0,69.0,376.0,201.0,105.0
-57.0,371.0,-68.0,615.0,-88.0,425.0,-14.0,569.0,244.0,108.0
-97.0,-11.0,12.0,633.0,-112.0,476.0,-132.0,663.0,282.0,87.0
-122.0,-369.0,86.0,626.0,-132.0,586.0,-131.0,770.0,333.0,85.0
-130.0,-497.0,151.0,603.0,-139.0,595.0,-7.0,792.0,390.0,75.0
-127.0,-425.0,224.0,563.0,-127.0,540.0,138.0,814.0,428.0,48.0
-144.0,-306.0,271.0,499.0,-109.0,592.0,219.0,748.0,467.0,1.0
-118.0,-195.0,313.0,442.0,-88.0,678.0,174.0,785.0,523.0,-29.0
-90.0,-59.0,363.0,400.0,-63.0,648.0,47.0,759.0,560.0,-76.0
-40.0,72.0,373.0,372.0,-48.0,502.0,-34.0,722.0,597.0,-161.0
-6.0,170.0,387.0,373.0,-47.0,448.0,-54.0,855.0,621.0,-235.0
34.0,293.0,365.0,382.0,-45.0,568.0,-68.0,764.0,608.0,-298.0
101.0,487.0,351.0,402.0,-25.0,680.0,-60.0,779.0,564.0,-365.0
139.0,654.0,341.0,450.0,6.0,723.0,3.0,766.0,518.0,-440.0
190.0,644.0,260.0,487.0,37.0,786.0,47.0,713.0,478.0,-482.0
199.0,498.0,258.0,539.0,69.0,792.0,56.0,822.0,434.0,-491.0
229.0,346.0,204.0,593.0,107.0,714.0,79.0,777.0,422.0,-500.0
234.0,225.0,142.0,608.0,152.0,666.0,81.0,827.0,402.0,-472.0
230.0,136.0,156.0,644.0,195.0,584.0,29.0,809.0,376.0,-416.0
218.0,8.0,124.0,678.0,228.0,457.0,-20.0,833.0,355.0,-350.0
179.0,-294.0,98.0,684.0,249.0,490.0,-14.0,851.0,317.0,-261.0
184.0,-688.0,116.0,686.0,255.0,767.0,10.0,692.0,279.0,-155.0
160.0,-863.0,141.0,676.0,253.0,1047.0,35.0,667.0,227.0,-26.0
136.0,-670.0,159.0,636.0,253.0,1056.0,71.0,582.0,173.0,115.0
96.0,-261.0,239.0,567.0,252.0,823.0,20.0,574.0,116.0,247.0
80.0,159.0,297.0,494.0,243.0,622.0,-97.0,511.0,73.0,372.0
79.0,498.0,384.0,422.0,223.0,644.0,-63.0,511.0,39.0,501.0
61.0,733.0,498.0,372.0,196.0,759.0,66.0,618.0,4.0,595.0
78.0,939.0,547.0,322.0,155.0,797.0,25.0,522.0,-33.0,636.0
74.0,1133.0,624.0,243.0,96.0,873.0,-164.0,578.0,-108.0,652.0
77.0,1229.0,686.0,193.0,26.0,968.0,-275.0,618.0,-181.0,620.0
95.0,1165.0,720.0,141.0,-34.0,895.0,-204.0,724.0,-239.0,540.0
123.0,940.0,756.0,58.0,-65.0,795.0,-70.0,822.0,-271.0,436.0
161.0,696.0,766.0,-20.0,-72.0,776.0,13.0,825.0,-290.0,314.0
182.0,516.0,754.0,-93.0,-65.0,776.0,-61.0,949.0,-319.0,193.0
207.0,264.0,746.0,-173.0,-49.0,858.0,-275.0,903.0,-326.0,85.0
226.0,-146.0,708.0,-264.0,-30.0,992.0,-327.0,875.0,-314.0,-6.0
244.0,-550.0,667.0,-333.0,-20.0,974.0,-177.0,685.0,-297.0,-59.0
255.0,-803.0,619.0,-371.0,-24.0,840.0,-81.0,485.0,-284.0,-87.0
259.0,-952.0,545.0,-392.0,-39.0,782.0,-114.0,423.0,-259.0,-109.0
258.0,-1033.0,485.0,-399.0,-52.0,728.0,-162.0,264.0,-243.0,-103.0
264.0,-1027.0,417.0,-404.0,-48.0,640.0,-212.0,288.0,-227.0,-74.0
275.0,-945.0,350.0,-395.0,-31.0,580.0,-236.0,286.0,-224.0,-39.0
259.0,-831.0,277.0,-386.0,-22.0,678.0,-211.0,399.0,-242.0,9.0
246.0,-739.0,197.0,-384.0,-33.0,824.0,-206.0,497.0,-256.0,57.0
232.0,-708.0,126.0,-357.0,-60.0,684.0,-227.0,522.0,-304.0,101.0
221.0,-730.0,84.0,-325.0,-95.0,491.0,-253.0,689.0,-356.0,144.0
217.0,-733.0,20.0,-325.0,-134.0,454.0,-233.0,679.0,-407.0,177.0
231.0,-662.0,-23.0,-335.0,-164.0,538.0,-196.0,748.0,-452.0,214.0
239.0,-530.0,-48.0,-325.0,-172.0,620.0,-208.0,613.0,-472.0,217.0
253.0,-332.0,-121.0,-302.0,-152.0,680.0,-244.0,389.0,-479.0,191.0
278.0,22.0,-142.0,-249.0,-112.0,834.0,-235.0,345.0,-466.0,152.0
275.0,523.0,-174.0,-183.0,-63.0,818.0,-246.0,267.0,-443.0,95.0
279.0,885.0,-218.0,-122.0,-16.0,596.0,-316.0,386.0,-407.0,15.0
273.0,919.0,-252.0,-52.0,25.0,363.0,-316.0,386.0,-363.0,-101.0
273.0,764.0,-294.0,19.0,70.0,342.0,-243.0,406.0,-292.0,-206.0
269.0,575.0,-312.0,72.0,120.0,465.0,-168.0,371.0,-199.0,-309.0
266.0,384.0,-356.0,110.0,161.0,440.0,-183.0,304.0,-105.0,-413.0
277.0,208.0,-377.0,141.0,193.0,382.0,-250.0,484.0,-2.0,-506.0
287.0,92.0,-391.0,131.0,224.0,349.0,-246.0,432.0,95.0,-598.0
299.0,13.0,-407.0,98.0,253.0,234.0,-190.0,389.0,168.0,-662.0
336.0,-25.0,-403.0,73.0,262.0,132.0,-124.0,314.0,226.0,-707.0
376.0,1.0,-388.0,31.0,241.0,245.0,-116.0,280.0,267.0,-739.0
414.0,-32.0,-384.0,-15.0,198.0,466.0,-138.0,325.0,282.0,-725.0
470.0,-217.0,-383.0,-60.0,151.0,552.0,-105.0,254.0,282.0,-681.0
521.0,-448.0,-350.0,-79.0,99.0,500.0,-18.0,314.0,278.0,-614.0
567.0,-595.0,-333.0,-71.0,38.0,394.0,104.0,206.0,282.0,-512.0
601.0,-665.0,-291.0,-63.0,-27.0,263.0,154.0,197.0,294.0,-389.0
643.0,-649.0,-235.0,-27.0,-80.0,213.0,62.0,151.0,301.0,-248.0
636.0,-480.0,-185.0,12.0,-106.0,294.0,-57.0,3.0,311.0,-133.0
650.0,-200.0,-109.0,67.0,-118.0,406.0,-50.0,86.0,318.0,-12.0
643.0,75.0,-40.0,134.0,-123.0,409.0,55.0,86.0,319.0,74.0
629.0,270.0,32.0,193.0,-125.0,340.0,166.0,162.0,343.0,87.0
608.0,406.0,122.0,274.0,-129.0,419.0,219.0,131.0,384.0,90.0
553.0,488.0,182.0,348.0,-130.0,479.0,157.0,114.0,435.0,70.0
515.0,445.0,254.0,394.0,-119.0,394.0,141.0,138.0,472.0,27.0
433.0,298.0,352.0,414.0,-97.0,295.0,182.0,110.0,520.0,-46.0
383.0,146.0,396.0,418.0,-87.0,313.0,185.0,273.0,576.0,-92.0
298.0,12.0,451.0,412.0,-99.0,454.0,219.0,260.0,629.0,-119.0
258.0,-86.0,499.0,367.0,-119.0,484.0,309.0,290.0,695.0,-164.0
211.0,-116.0,523.0,305.0,-134.0,492.0,406.0,212.0,729.0,-172.0
163.0,-118.0,535.0,271.0,-150.0,463.0,369.0,105.0,750.0,-187.0
149.0,-120.0,525.0,238.0,-180.0,273.0,242.0,168.0,755.0,-216.0
104.0,-73.0,515.0,195.0,-212.0,211.0,215.0,173.0,735.0,-265.0
85.0,56.0,481.0,129.0,-228.0,435.0,275.0,317.0,706.0,-329.0
28.0,168.0,462.0,67.0,-220.0,745.0,338.0,280.0,665.0,-390.0
19.0,156.0,399.0,27.0,-197.0,785.0,359.0,338.0,619.0,-494.0
-12.0,39.0,360.0,-20.0,-169.0,565.0,313.0,402.0,551.0,-628.0
-19.0,-135.0,325.0,-22.0,-126.0,308.0,289.0,312.0,469.0,-740.0
-35.0,-262.0,246.0,-11.0,-70.0,79.0,356.0,423.0,389.0,-858.0
-30.0,-238.0,205.0,-5.0,-16.0,60.0,456.0,341.0,316.0,-981.0
-18.0,-91.0,143.0,25.0,34.0,362.0,510.0,345.0,246.0,-1058.0
-30.0,65.0,94.0,83.0,88.0,722.0,515.0,404.0,211.0,-1105.0
-16.0,143.0,40.0,176.0,137.0,820.0,476.0,376.0,214.0,-1119.0
-35.0,176.0,6.0,259.0,157.0,661.0,417.0,426.0,227.0,-1101.0
2.0,257.0,-24.0,328.0,149.0,564.0,451.0,351.0,261.0,-1045.0
-20.0,385.0,-71.0,394.0,132.0,603.0,533.0,391.0,310.0,-946.0
-10.0,479.0,-59.0,420.0,125.0,605.0,500.0,399.0,363.0,-856.0
-20.0,498.0,-82.0,442.0,134.0,634.0,339.0,460.0,412.0,-754.0
-17.0,438.0,-101.0,460.0,144.0,690.0,254.0,598.0,463.0,-615.0
-29.0,328.0,-75.0,446.0,147.0,680.0,321.0,657.0,518.0,-484.0
-54.0,267.0,-104.0,408.0,141.0,603.0,402.0,757.0,551.0,-372.0
-32.0,252.0,-114.0,353.0,128.0,580.0,495.0,644.0,558.0,-261.0
-57.0,198.0,-92.0,295.0,112.0,673.0,582.0,602.0,527.0,-150.0
-35.0,143.0,-128.0,231.0,84.0,732.0,588.0,497.0,462.0,-61.0
-72.0,153.0,-127.0,171.0,48.0,759.0,506.0,389.0,383.0,-26.0
-52.0,202.0,-100.0,150.0,15.0,865.0,411.0,384.0,280.0,-7.0
-64.0,220.0,-126.0,173.0,-10.0,915.0,351.0,230.0,162.0,2.0
-80.0,196.0,-93.0,178.0,-26.0,789.0,327.0,297.0,47.0,-14.0
-68.0,145.0,-43.0,179.0,-35.0,628.0,384.0,271.0,-68.0,-23.0
-69.0,38.0,-37.0,214.0,-45.0,550.0,406.0,184.0,-171.0,-3.0
-49.0,-138.0,17.0,255.0,-61.0,494.0,341.0,129.0,-262.0,23.0
-45.0,-394.0,58.0,304.0,-76.0,401.0,288.0,123.0,-330.0,28.0
-15.0,-637.0,92.0,363.0,-87.0,471.0,253.0,230.0,-384.0,53.0
13.0,-761.0,155.0,417.0,-88.0,682.0,291.0,155.0,-441.0,89.0
59.0,-817.0,191.0,449.0,-75.0,820.0,347.0,254.0,-466.0,112.0
50.0,-848.0,246.0,478.0,-48.0,837.0,341.0,254.0,-464.0,119.0
90.0,-781.0,294.0,501.0,-11.0,787.0,308.0,264.0,-456.0,123.0
101.0,-494.0,317.0,503.0,19.0,730.0,306.0,448.0,-433.0,138.0
112.0,-29.0,333.0,484.0,42.0,522.0,348.0,399.0,-418.0,120.0
140.0,410.0,357.0,460.0,61.0,361.0,213.0,384.0,-417.0,96.0
154.0,653.0,457.0,449.0,77.0,470.0,-3.0,210.0,-410.0,83.0
185.0,645.0,556.0,456.0,90.0,594.0,-38.0,88.0,-419.0,48.0
183.0,527.0,543.0,468.0,96.0,582.0,23.0,138.0,-430.0,-21.0
217.0,461.0,564.0,435.0,94.0,478.0,81.0,110.0,-435.0,-100.0
214.0,439.0,618.0,433.0,85.0,422.0,76.0,112.0,-449.0,-171.0
221.0,396.0,542.0,432.0,73.0,342.0,-6.0,20.0,-449.0,-287.0
209.0,391.0,572.0,393.0,57.0,177.0,-118.0,27.0,-446.0,-413.0
211.0,440.0,640.0,360.0,30.0,192.0,-126.0,36.0,-449.0,-517.0
223.0,466.0,585.0,308.0,-15.0,417.0,-32.0,59.0,-437.0,-613.0
243.0,428.0,581.0,264.0,-61.0,598.0,29.0,68.0,-424.0,-688.0
278.0,312.0,561.0,217.0,-91.0,632.0,3.0,35.0,-416.0,-763.0
302.0,179.0,528.0,176.0,-104.0,584.0,-72.0,138.0,-400.0,-786.0
357.0,94.0,487.0,141.0,-115.0,471.0,-152.0,62.0,-363.0,-771.0
380.0,13.0,444.0,100.0,-135.0,357.0,-216.0,138.0,-336.0,-763.0
410.0,-95.0,406.0,69.0,-165.0,279.0,-166.0,195.0,-320.0,-698.0
431.0,-171.0,301.0,45.0,-197.0,284.0,-64.0,153.0,-293.0,-588.0
458.0,-112.0,209.0,34.0,-222.0,365.0,-35.0,258.0,-250.0,-484.0
480.0,75.0,127.0,25.0,-223.0,302.0,-85.0,142.0,-201.0,-371.0
496.0,244.0,39.0,17.0,-204.0,179.0,-145.0,181.0,-137.0,-246.0
499.0,306.0,-57.0,3.0,-170.0,185.0,-166.0,195.0,-54.0,-127.0
488.0,321.0,-142.0,-13.0,-119.0,210.0,-162.0,192.0,23.0,-39.0
473.0,314.0,-263.0,-27.0,-64.0,278.0,-136.0,275.0,127.0,24.0
416.0,257.0,-375.0,-4.0,-20.0,420.0,-177.0,188.0,232.0,108.0
366.0,176.0,-428.0,13.0,12.0,419.0,-273.0,249.0,320.0,163.0
315.0,114.0,-496.0,12.0,36.0,291.0,-260.0,107.0,402.0,165.0
267.0,51.0,-527.0,22.0,55.0,207.0,-162.0,-3.0,465.0,169.0
217.0,3.0,-583.0,25.0,69.0,291.0,-123.0,16.0,534.0,151.0
161.0,-39.0,-639.0,27.0,84.0,415.0,-157.0,35.0,585.0,111.0
108.0,-228.0,-648.0,17.0,102.0,306.0,-211.0,264.0,609.0,59.0
56.0,-543.0,-664.0,-12.0,119.0,183.0,-280.0,380.0,627.0,23.0
9.0,-776.0,-659.0,-81.0,123.0,210.0,-286.0,541.0,640.0,1.0
-30.0,-859.0,-612.0,-161.0,108.0,279.0,-177.0,607.0,663.0,-49.0
-66.0,-886.0,-600.0,-224.0,69.0,292.0,-88.0,591.0,680.0,-78.0
-87.0,-907.0,-594.0,-297.0,17.0,328.0,-127.0,537.0,686.0,-91.0
-99.0,-886.0,-504.0,-370.0,-22.0,411.0,-264.0,280.0,683.0,-127.0
-116.0,-775.0,-474.0,-428.0,-27.0,377.0,-374.0,75.0,665.0,-177.0
-123.0,-563.0,-425.0,-467.0,-3.0,362.0,-372.0,-68.0,644.0,-195.0
-136.0,-299.0,-354.0,-474.0,19.0,455.0,-308.0,46.0,608.0,-189.0
-140.0,-17.0,-337.0,-442.0,29.0,579.0,-245.0,177.0,559.0,-216.0
-147.0,240.0,-272.0,-385.0,28.0,531.0,-243.0,266.0,501.0,-249.0
-151.0,375.0,-229.0,-314.0,23.0,328.0,-300.0,371.0,439.0,-263.0
-146.0,325.0,-197.0,-217.0,20.0,244.0,-292.0,227.0,372.0,-297.0
-145.0,160.0,-150.0,-104.0,28.0,245.0,-238.0,134.0,301.0,-344.0
-141.0,20.0,-86.0,-14.0,51.0,288.0,-160.0,31.0,240.0,-385.0
-151.0,-28.0,-31.0,86.0,83.0,356.0,-100.0,103.0,196.0,-421.0
-147.0,27.0,16.0,155.0,110.0,444.0,-170.0,264.0,160.0,-446.0
-142.0,76.0,68.0,207.0,127.0,450.0,-235.0,303.0,121.0,-471.0
-142.0,33.0,104.0,291.0,135.0,379.0,-264.0,447.0,103.0,-463.0
-145.0,-30.0,160.0,322.0,135.0,422.0,-261.0,389.0,106.0,-399.0
-149.0,-65.0,196.0,346.0,131.0,470.0,-185.0,341.0,120.0,-336.0
-133.0,-59.0,215.0,393.0,123.0,471.0,-131.0,286.0,143.0,-249.0
-108.0,-9.0,237.0,429.0,113.0,459.0,-119.0,208.0,172.0,-107.0
-79.0,48.0,232.0,465.0,95.0,445.0,-162.0,166.0,199.0,41.0
-54.0,79.0,248.0,515.0,68.0,382.0,-168.0,116.0,251.0,193.0
-1.0,96.0,277.0,550.0,37.0,260.0,-70.0,323.0,313.0,343.0
65.0,75.0,280.0,544.0,0.0,241.0,7.0,314.0,368.0,492.0
136.0,-31.0,303.0,539.0,-39.0,281.0,-101.0,271.0,433.0,609.0
196.0,-176.0,308.0,529.0,-71.0,256.0,-262.0,256.0,470.0,702.0
233.0,-262.0,319.0,519.0,-92.0,198.0,-176.0,142.0,515.0,800.0
280.0,-206.0,329.0,519.0,-101.0,189.0,-46.0,147.0,544.0,856.0
325.0,-34.0,326.0,491.0,-97.0,265.0,-67.0,60.0,542.0,879.0
364.0,142.0,336.0,432.0,-76.0,343.0,-129.0,99.0,541.0,871.0
389.0,282.0,349.0,365.0,-41.0,340.0,-139.0,153.0,511.0,863.0
431.0,395.0,353.0,284.0,-12.0,365.0,-146.0,181.0,480.0,848.0
476.0,495.0,336.0,194.0,4.0,402.0,-208.0,149.0,422.0,789.0
493.0,622.0,364.0,89.0,10.0,338.0,-239.0,109.0,332.0,759.0
500.0,767.0,355.0,0.0,11.0,211.0,-183.0,264.0,247.0,743.0
516.0,860.0,329.0,-33.0,15.0,143.0,-99.0,234.0,165.0,714.0
517.0,861.0,351.0,-34.0,22.0,179.0,-117.0,223.0,82.0,699.0
509.0,738.0,338.0,10.0,28.0,167.0,-159.0,201.0,-5.0,705.0
499.0,471.0,317.0,89.0,31.0,187.0,-93.0,81.0,-94.0,722.0
479.0,148.0,284.0,160.0,26.0,178.0,10.0,77.0,-196.0,719.0
468.0,-95.0,260.0,248.0,20.0,87.0,-7.0,-86.0,-309.0,725.0
434.0,-221.0,237.0,349.0,17.0,149.0,-195.0,-247.0,-431.0,735.0
400.0,-259.0,173.0,432.0,12.0,277.0,-366.0,-378.0,-546.0,706.0
363.0,-175.0,158.0,516.0,-4.0,397.0,-285.0,-467.0,-642.0,648.0
328.0,54.0,109.0,626.0,-36.0,489.0,-13.0,-467.0,-726.0,562.0
277.0,306.0,26.0,723.0,-71.0,501.0,76.0,-513.0,-791.0,477.0
219.0,411.0,16.0,792.0,-99.0,505.0,-118.0,-426.0,-830.0,355.0
168.0,363.0,-44.0,854.0,-118.0,405.0,-257.0,-380.0,-849.0,215.0
115.0,249.0,-86.0,859.0,-117.0,225.0,-179.0,-327.0,-849.0,99.0
69.0,84.0,-83.0,815.0,-97.0,236.0,-88.0,-279.0,-824.0,-44.0
-12.0,-170.0,-128.0,736.0,-69.0,371.0,-99.0,-277.0,-787.0,-172.0
-58.0,-507.0,-156.0,622.0,-42.0,445.0,-174.0,-230.0,-755.0,-290.0
-123.0,-843.0,-160.0,476.0,-25.0,452.0,-235.0,-251.0,-715.0,-370.0
-174.0,-1092.0,-206.0,263.0,-24.0,413.0,-221.0,-229.0,-688.0,-441.0
-202.0,-1161.0,-217.0,39.0,-32.0,352.0,-117.0,-345.0,-662.0,-519.0
-231.0,-1027.0,-210.0,-169.0,-38.0,245.0,-113.0,-382.0,-615.0,-546.0
-237.0,-779.0,-232.0,-387.0,-32.0,198.0,-268.0,-330.0,-572.0,-568.0
-250.0,-433.0,-215.0,-581.0,-14.0,340.0,-326.0,-412.0,-513.0,-582.0
-227.0,3.0,-225.0,-747.0,4.0,468.0,-331.0,-452.0,-442.0,-575.0
-228.0,364.0,-239.0,-857.0,19.0,515.0,-384.0,-572.0,-386.0,-542.0
-211.0,494.0,-228.0,-892.0,24.0,534.0,-350.0,-569.0,-332.0,-518.0
-204.0,466.0,-232.0,-862.0,27.0,433.0,-263.0,-589.0,-277.0,-510.0
-196.0,420.0,-252.0,-783.0,33.0,363.0,-388.0,-589.0,-207.0,-504.0
-189.0,377.0,-246.0,-691.0,40.0,283.0,-637.0,-487.0,-136.0,-509.0
-181.0,294.0,-266.0,-567.0,58.0,273.0,-616.0,-537.0,-73.0,-527.0
-152.0,197.0,-277.0,-429.0,88.0,437.0,-365.0,-428.0,-7.0,-550.0
-155.0,168.0,-267.0,-309.0,119.0,394.0,-211.0,-519.0,49.0,-560.0
-130.0,200.0,-297.0,-182.0,145.0,198.0,-262.0,-639.0,101.0,-564.0
-138.0,211.0,-261.0,-79.0,154.0,67.0,-395.0,-604.0,146.0,-554.0
-137.0,112.0,-261.0,-30.0,135.0,135.0,-414.0,-683.0,188.0,-539.0
-144.0,-104.0,-267.0,-3.0,92.0,304.0,-257.0,-652.0,216.0,-489.0
-165.0,-360.0,-249.0,13.0,31.0,393.0,-168.0,-759.0,244.0,-448.0
-171.0,-544.0,-266.0,34.0,-35.0,463.0,-303.0,-726.0,263.0,-448.0
-180.0,-579.0,-252.0,79.0,-99.0,421.0,-422.0,-580.0,272.0,-432.0
-163.0,-503.0,-245.0,123.0,-151.0,306.0,-306.0,-541.0,304.0,-435.0
-141.0,-376.0,-234.0,173.0,-193.0,187.0,-165.0,-437.0,337.0,-436.0
-119.0,-231.0,-206.0,207.0,-221.0,107.0,-187.0,-426.0,377.0,-425.0
-106.0,-115.0,-184.0,224.0,-232.0,43.0,-236.0,-360.0,413.0,-403.0
-88.0,-50.0,-185.0,271.0,-233.0,-4.0,-278.0,-436.0,454.0,-359.0
-62.0,30.0,-144.0,311.0,-222.0,166.0,-298.0,-474.0,480.0,-314.0
-47.0,208.0,-102.0,332.0,-199.0,354.0,-297.0,-447.0,457.0,-249.0
-26.0,444.0,-82.0,344.0,-160.0,360.0,-277.0,-500.0,421.0,-167.0
16.0,644.0,-28.0,337.0,-101.0,275.0,-104.0,-447.0,356.0,-72.0
39.0,764.0,2.0,311.0,-30.0,173.0,104.0,-602.0,257.0,9.0
40.0,760.0,35.0,264.0,37.0,161.0,45.0,-585.0,142.0,89.0
26.0,612.0,80.0,220.0,81.0,181.0,-151.0,-528.0,32.0,185.0
23.0,411.0,147.0,199.0,97.0,217.0,-130.0,-546.0,-77.0,267.0
11.0,177.0,209.0,171.0,92.0,246.0,82.0,-375.0,-181.0,342.0
-19.0,-180.0,263.0,130.0,77.0,166.0,143.0,-419.0,-261.0,431.0
-19.0,-602.0,315.0,92.0,63.0,105.0,7.0,-436.0,-330.0,517.0
-25.0,-915.0,369.0,62.0,52.0,97.0,-34.0,-487.0,-382.0,586.0
-37.0,-1078.0,435.0,74.0,58.0,184.0,3.0,-589.0,-408.0,647.0
-53.0,-1175.0,469.0,108.0,81.0,232.0,-38.0,-655.0,-400.0,688.0
-69.0,-1278.0,509.0,119.0,110.0,163.0,-163.0,-624.0,-370.0,723.0
-107.0,-1394.0,536.0,111.0,140.0,177.0,-207.0,-463.0,-333.0,729.0
-143.0,-1426.0,531.0,86.0,158.0,223.0,-125.0,-587.0,-277.0,725.0
-184.0,-1274.0,488.0,47.0,162.0,287.0,-38.0,-582.0,-222.0,757.0
-206.0,-979.0,445.0,-13.0,155.0,376.0,-1.0,-598.0,-148.0,778.0
-198.0,-631.0,395.0,-96.0,138.0,496.0,-76.0,-613.0,-68.0,778.0
-203.0,-249.0,291.0,-175.0,109.0,505.0,-95.0,-415.0,2.0,775.0
-219.0,149.0,227.0,-247.0,69.0,354.0,32.0,-347.0,84.0,767.0
-252.0,488.0,132.0,-316.0,19.0,241.0,41.0,-212.0,141.0,724.0
-249.0,667.0,19.0,-394.0,-32.0,157.0,-80.0,-277.0,181.0,658.0
-281.0,671.0,-46.0,-458.0,-75.0,114.0,-101.0,-352.0,208.0,589.0
-309.0,594.0,-150.0,-515.0,-105.0,109.0,-12.0,-456.0,220.0,509.0
-301.0,516.0,-234.0,-572.0,-115.0,127.0,87.0,-663.0,239.0,425.0
-298.0,453.0,-312.0,-581.0,-100.0,194.0,49.0,-685.0,262.0,349.0
-263.0,440.0,-404.0,-545.0,-70.0,226.0,-86.0,-755.0,303.0,301.0
-239.0,489.0,-489.0,-486.0,-42.0,262.0,-64.0,-685.0,339.0,258.0
-198.0,554.0,-571.0,-422.0,-30.0,408.0,-10.0,-694.0,342.0,233.0
-144.0,565.0,-615.0,-378.0,-30.0,482.0,-74.0,-613.0,339.0,233.0
-91.0,415.0,-661.0,-314.0,-41.0,381.0,-98.0,-434.0,305.0,247.0
-18.0,113.0,-672.0,-231.0,-55.0,190.0,-23.0,-515.0,253.0,272.0
47.0,-188.0,-674.0,-202.0,-75.0,106.0,-11.0,-458.0,200.0,287.0
121.0,-407.0,-675.0,-181.0,-96.0,158.0,-49.0,-552.0,136.0,313.0
180.0,-510.0,-638.0,-148.0,-108.0,149.0,-39.0,-613.0,61.0,335.0
224.0,-499.0,-597.0,-126.0,-114.0,203.0,-60.0,-556.0,-17.0,342.0
277.0,-431.0,-542.0,-86.0,-123.0,258.0,-100.0,-657.0,-71.0,331.0
296.0,-292.0,-471.0,-51.0,-137.0,270.0,-134.0,-694.0,-128.0,319.0
307.0,-58.0,-410.0,-8.0,-143.0,249.0,-187.0,-853.0,-200.0,325.0
316.0,209.0,-339.0,60.0,-128.0,223.0,-199.0,-966.0,-264.0,304.0
328.0,456.0,-242.0,133.0,-90.0,322.0,-124.0,-1056.0,-337.0,314.0
307.0,677.0,-196.0,204.0,-40.0,331.0,-38.0,-1023.0,-399.0,330.0
283.0,836.0,-91.0,287.0,7.0,309.0,-105.0,-988.0,-451.0,316.0
274.0,871.0,0.0,362.0,43.0,285.0,-267.0,-1103.0,-493.0,301.0
240.0,726.0,56.0,429.0,60.0,220.0,-213.0,-1008.0,-513.0,280.0
211.0,414.0,169.0,514.0,65.0,231.0,-72.0,-1127.0,-521.0,239.0
163.0,76.0,223.0,559.0,69.0,291.0,-166.0,-1158.0,-519.0,157.0
148.0,-151.0,279.0,563.0,74.0,347.0,-355.0,-1116.0,-525.0,83.0
106.0,-240.0,339.0,539.0,69.0,262.0,-415.0,-1099.0,-521.0,23.0
56.0,-265.0,376.0,460.0,49.0,131.0,-341.0,-855.0,-511.0,-38.0
24.0,-356.0,404.0,362.0,21.0,128.0,-318.0,-798.0,-503.0,-103.0
-8.0,-537.0,456.0,237.0,-9.0,196.0,-431.0,-678.0,-473.0,-172.0
-46.0,-722.0,458.0,107.0,-40.0,211.0,-464.0,-670.0,-461.0,-239.0
-106.0,-819.0,453.0,-19.0,-70.0,158.0,-305.0,-691.0,-445.0,-320.0
-126.0,-786.0,456.0,-143.0,-98.0,125.0,-219.0,-609.0,-413.0,-405.0
-157.0,-666.0,433.0,-242.0,-117.0,83.0,-310.0,-702.0,-376.0,-476.0
-171.0,-525.0,415.0,-319.0,-118.0,46.0,-391.0,-735.0,-328.0,-530.0
-208.0,-378.0,354.0,-352.0,-107.0,45.0,-350.0,-800.0,-274.0,-585.0
-229.0,-189.0,324.0,-357.0,-97.0,92.0,-211.0,-800.0,-213.0,-630.0
-234.0,35.0,266.0,-365.0,-89.0,119.0,-208.0,-805.0,-148.0,-650.0
-274.0,246.0,200.0,-372.0,-72.0,-5.0,-303.0,-768.0,-76.0,-681.0
-291.0,475.0,136.0,-362.0,-51.0,-104.0,-338.0,-691.0,-5.0,-725.0
-298.0,725.0,61.0,-352.0,-35.0,-74.0,-354.0,-777.0,70.0,-749.0
-275.0,876.0,-13.0,-353.0,-19.0,-62.0,-354.0,-711.0,129.0,-750.0
-253.0,876.0,-85.0,-333.0,1.0,-84.0,-347.0,-724.0,158.0,-743.0
-227.0,753.0,-155.0,-300.0,23.0,-10.0,-350.0,-772.0,172.0,-733.0
-198.0,550.0,-218.0,-276.0,35.0,83.0,-414.0,-759.0,169.0,-690.0
-157.0,331.0,-240.0,-273.0,32.0,64.0,-420.0,-964.0,157.0,-628.0
-128.0,123.0,-296.0,-276.0,24.0,9.0,-390.0,-1125.0,126.0,-577.0
-112.0,-112.0,-337.0,-283.0,18.0,34.0,-389.0,-1099.0,96.0,-502.0
-78.0,-366.0,-395.0,-276.0,13.0,156.0,-380.0,-846.0,52.0,-406.0
-47.0,-510.0,-450.0,-249.0,3.0,159.0,-429.0,-667.0,-9.0,-321.0
-15.0,-472.0,-479.0,-212.0,-2.0,60.0,-430.0,-569.0,-77.0,-230.0
0.0,-359.0,-507.0,-192.0,12.0,-73.0,-415.0,-497.0,-149.0,-130.0
11.0,-330.0,-529.0,-141.0,41.0,-227.0,-467.0,-663.0,-219.0,-36.0
5.0,-390.0,-561.0,-36.0,62.0,-272.0,-536.0,-729.0,-300.0,35.0
-5.0,-402.0,-551.0,24.0,60.0,-291.0,-534.0,-849.0,-355.0,73.0
-27.0,-259.0,-554.0,93.0,36.0,-230.0,-364.0,-838.0,-390.0,122.0
-65.0,8.0,-545.0,137.0,6.0,-156.0,-241.0,-678.0,-401.0,164.0
-91.0,274.0,-518.0,103.0,-16.0,-150.0,-359.0,-659.0,-374.0,183.0
-119.0,488.0,-491.0,79.0,-31.0,-84.0,-552.0,-532.0,-338.0,214.0
-148.0,667.0,-459.0,41.0,-45.0,-73.0,-620.0,-598.0,-282.0,256.0
-175.0,765.0,-419.0,4.0,-57.0,-213.0,-573.0,-644.0,-221.0,292.0
-191.0,722.0,-386.0,-1.0,-72.0,-303.0,-459.0,-694.0,-161.0,306.0
-204.0,608.0,-347.0,8.0,-93.0,-212.0,-413.0,-907.0,-89.0,328.0
-210.0,528.0,-291.0,-4.0,-116.0,-124.0,-512.0,-1051.0,-18.0,350.0
-222.0,461.0,-229.0,-54.0,-137.0,-156.0,-570.0,-1295.0,60.0,337.0
-252.0,305.0,-138.0,-89.0,-160.0,-263.0,-467.0,-1352.0,124.0,316.0
-297.0,0.0,-66.0,-130.0,-179.0,-345.0,-344.0,-1282.0,174.0,283.0
-339.0,-357.0,23.0,-193.0,-180.0,-367.0,-324.0,-1090.0,224.0,256.0
-362.0,-589.0,95.0,-263.0,-159.0,-395.0,-389.0,-901.0,258.0,216.0
-377.0,-661.0,136.0,-310.0,-122.0,-419.0,-476.0,-842.0,286.0,166.0
-380.0,-705.0,208.0,-358.0,-71.0,-363.0,-504.0,-689.0,300.0,142.0
-372.0,-822.0,261.0,-400.0,-16.0,-322.0,-475.0,-766.0,285.0,114.0
-342.0,-943.0,287.0,-408.0,36.0,-427.0,-384.0,-744.0,267.0,80.0
-304.0,-1003.0,322.0,-437.0,87.0,-505.0,-250.0,-676.0,235.0,48.0
-267.0,-998.0,333.0,-442.0,134.0,-466.0,-194.0,-715.0,189.0,31.0
-217.0,-978.0,323.0,-416.0,170.0,-442.0,-268.0,-628.0,135.0,6.0
-178.0,-1017.0,325.0,-371.0,183.0,-468.0,-366.0,-659.0,66.0,-31.0
-140.0,-1048.0,294.0,-318.0,179.0,-571.0,-386.0,-733.0,-13.0,-64.0
-93.0,-962.0,292.0,-278.0,166.0,-807.0,-363.0,-975.0,-110.0,-92.0
-44.0,-785.0,250.0,-228.0,139.0,-941.0,-334.0,-1114.0,-215.0,-101.0
15.0,-605.0,203.0,-207.0,104.0,-840.0,-264.0,-1191.0,-323.0,-88.0
59.0,-480.0,209.0,-180.0,72.0,-753.0,-141.0,-1234.0,-439.0,-31.0
114.0,-377.0,136.0,-155.0,45.0,-809.0,-45.0,-1045.0,-548.0,24.0
161.0,-257.0,101.0,-174.0,27.0,-903.0,-98.0,-1038.0,-649.0,89.0
173.0,-139.0,67.0,-195.0,13.0,-788.0,-229.0,-894.0,-743.0,203.0
197.0,-25.0,-10.0,-237.0,4.0,-590.0,-256.0,-846.0,-818.0,307.0
212.0,94.0,-25.0,-280.0,0.0,-605.0,-211.0,-894.0,-866.0,396.0
223.0,263.0,-57.0,-319.0,1.0,-690.0,-155.0,-877.0,-886.0,500.0
222.0,493.0,-105.0,-344.0,10.0,-685.0,-124.0,-1014.0,-867.0,594.0
212.0,664.0,-131.0,-365.0,18.0,-684.0,-138.0,-905.0,-836.0,647.0
200.0,646.0,-177.0,-422.0,12.0,-779.0,-121.0,-901.0,-783.0,666.0
163.0,496.0,-214.0,-480.0,-3.0,-793.0,-70.0,-840.0,-706.0,652.0
122.0,363.0,-230.0,-539.0,-26.0,-728.0,-49.0,-785.0,-632.0,603.0
74.0,249.0,-269.0,-579.0,-59.0,-767.0,-52.0,-885.0,-559.0,503.0
52.0,112.0,-275.0,-594.0,-91.0,-757.0,-97.0,-820.0,-493.0,370.0
25.0,-38.0,-267.0,-587.0,-119.0,-617.0,-210.0,-938.0,-436.0,231.0
-25.0,-147.0,-301.0,-557.0,-132.0,-473.0,-289.0,-820.0,-390.0,88.0
-59.0,-165.0,-277.0,-539.0,-129.0,-514.0,-310.0,-755.0,-342.0,-64.0
-88.0,-159.0,-275.0,-509.0,-121.0,-607.0,-235.0,-883.0,-280.0,-224.0
-118.0,-210.0,-290.0,-467.0,-118.0,-628.0,-102.0,-910.0,-219.0,-350.0
-173.0,-306.0,-278.0,-433.0,-130.0,-721.0,-146.0,-1049.0,-130.0,-445.0
-215.0,-389.0,-304.0,-408.0,-154.0,-779.0,-306.0,-999.0,-36.0,-523.0
-256.0,-432.0,-282.0,-414.0,-174.0,-804.0,-403.0,-1008.0,56.0,-554.0
-299.0,-443.0,-270.0,-414.0,-180.0,-681.0,-471.0,-966.0,167.0,-539.0
-332.0,-429.0,-268.0,-398.0,-168.0,-551.0,-512.0,-890.0,282.0,-496.0
-387.0,-372.0,-276.0,-404.0,-144.0,-623.0,-402.0,-944.0,420.0,-439.0
-430.0,-298.0,-283.0,-398.0,-123.0,-633.0,-268.0,-910.0,557.0,-349.0
-459.0,-249.0,-276.0,-378.0,-110.0,-628.0,-305.0,-903.0,674.0,-232.0
-493.0,-209.0,-271.0,-352.0,-101.0,-674.0,-395.0,-835.0,771.0,-132.0
-528.0,-143.0,-204.0,-314.0,-91.0,-730.0,-412.0,-842.0,834.0,-42.0
-551.0,9.0,-190.0,-257.0,-65.0,-678.0,-321.0,-750.0,852.0,43.0
-577.0,244.0,-159.0,-189.0,-23.0,-603.0,-268.0,-642.0,834.0,101.0
-597.0,444.0,-120.0,-164.0,24.0,-644.0,-420.0,-596.0,791.0,137.0
-602.0,515.0,-117.0,-160.0,72.0,-603.0,-517.0,-474.0,720.0,164.0
-601.0,509.0,-76.0,-190.0,111.0,-537.0,-351.0,-530.0,613.0,180.0
-588.0,510.0,-79.0,-217.0,139.0,-477.0,-200.0,-452.0,489.0,190.0
-561.0,503.0,-76.0,-241.0,159.0,-482.0,-210.0,-491.0,383.0,168.0
-536.0,488.0,-65.0,-289.0,168.0,-541.0,-151.0,-635.0,252.0,134.0
-500.0,498.0,-84.0,-321.0,161.0,-534.0,-19.0,-606.0,124.0,99.0
-473.0,565.0,-106.0,-342.0,146.0,-578.0,-63.0,-687.0,24.0,27.0
-454.0,687.0,-107.0,-314.0,128.0,-572.0,-258.0,-635.0,-66.0,-50.0
-429.0,800.0,-144.0,-284.0,106.0,-488.0,-334.0,-606.0,-137.0,-119.0
-411.0,819.0,-189.0,-269.0,79.0,-487.0,-216.0,-552.0,-201.0,-194.0
-375.0,719.0,-185.0,-260.0,46.0,-586.0,-47.0,-474.0,-254.0,-258.0
-343.0,524.0,-192.0,-266.0,13.0,-644.0,39.0,-482.0,-304.0,-288.0
-299.0,287.0,-178.0,-241.0,-19.0,-557.0,61.0,-338.0,-356.0,-306.0
-252.0,102.0,-140.0,-205.0,-50.0,-513.0,32.0,-299.0,-404.0,-309.0
-207.0,-58.0,-106.0,-169.0,-71.0,-587.0,-43.0,-86.0,-443.0,-274.0
-158.0,-226.0,-58.0,-150.0,-78.0,-650.0,-56.0,72.0,-472.0,-222.0
-127.0,-305.0,-9.0,-147.0,-70.0,-719.0,-24.0,-27.0,-488.0,-155.0
-90.0,-317.0,43.0,-156.0,-61.0,-793.0,-31.0,-125.0,-480.0,-95.0
-58.0,-363.0,102.0,-173.0,-59.0,-778.0,-51.0,-419.0,-461.0,-20.0
-29.0,-393.0,145.0,-168.0,-64.0,-699.0,27.0,-606.0,-423.0,80.0
0.0,-292.0,167.0,-158.0,-70.0,-637.0,158.0,-711.0,-373.0,168.0
45.0,-58.0,188.0,-152.0,-66.0,-636.0,211.0,-729.0,-324.0,252.0
86.0,230.0,215.0,-145.0,-53.0,-732.0,201.0,-648.0,-263.0,348.0
133.0,436.0,240.0,-133.0,-38.0,-783.0,183.0,-611.0,-203.0,441.0
179.0,422.0,245.0,-107.0,-26.0,-726.0,274.0,-521.0,-158.0,507.0
233.0,224.0,222.0,-89.0,-17.0,-759.0,381.0,-524.0,-106.0,566.0
295.0,-34.0,214.0,-62.0,-11.0,-785.0,383.0,-508.0,-71.0,605.0
334.0,-250.0,181.0,-13.0,-13.0,-728.0,316.0,-600.0,-43.0,610.0
393.0,-326.0,170.0,19.0,-19.0,-751.0,207.0,-668.0,-14.0,608.0
434.0,-303.0,159.0,33.0,-24.0,-782.0,217.0,-589.0,-5.0,583.0
478.0,-328.0,103.0,55.0,-27.0,-790.0,350.0,-594.0,2.0,556.0
518.0,-393.0,90.0,104.0,-27.0,-895.0,428.0,-500.0,8.0,521.0
545.0,-434.0,39.0,151.0,-26.0,-1041.0,384.0,-550.0,-3.0,462.0
561.0,-467.0,-13.0,214.0,-24.0,-1028.0,244.0,-678.0,-32.0,416.0
561.0,-441.0,-22.0,273.0,-27.0,-954.0,60.0,-796.0,-80.0,375.0
555.0,-359.0,-65.0,300.0,-38.0,-995.0,42.0,-873.0,-134.0,319.0
525.0,-297.0,-103.0,309.0,-43.0,-1060.0,253.0,-764.0,-198.0,272.0
509.0,-276.0,-92.0,294.0,-35.0,-983.0,364.0,-715.0,-263.0,249.0
466.0,-262.0,-109.0,266.0,-13.0,-822.0,277.0,-530.0,-334.0,213.0
420.0,-254.0,-99.0,214.0,20.0,-788.0,238.0,-415.0,-400.0,177.0
374.0,-302.0,-69.0,162.0,59.0,-848.0,333.0,-308.0,-446.0,149.0
307.0,-418.0,-89.0,140.0,93.0,-814.0,347.0,-238.0,-465.0,134.0
243.0,-538.0,-49.0,89.0,109.0,-778.0,202.0,-341.0,-466.0,115.0
175.0,-555.0,-38.0,-3.0,110.0,-901.0,177.0,-205.0,-464.0,60.0
110.0,-481.0,-31.0,-86.0,105.0,-1049.0,360.0,-245.0,-454.0,38.0
45.0,-373.0,0.0,-181.0,104.0,-1061.0,459.0,-266.0,-449.0,3.0
-6.0,-240.0,-26.0,-287.0,105.0,-953.0,328.0,-260.0,-449.0,-53.0
-67.0,-101.0,-20.0,-380.0,98.0,-923.0,185.0,-339.0,-459.0,-80.0
-115.0,20.0,-37.0,-461.0,71.0,-921.0,219.0,-280.0,-468.0,-89.0
-171.0,160.0,-74.0,-525.0,34.0,-793.0,297.0,-402.0,-477.0,-103.0
-218.0,359.0,-109.0,-598.0,1.0,-686.0,223.0,-358.0,-481.0,-128.0
-270.0,567.0,-148.0,-653.0,-22.0,-644.0,119.0,-373.0,-499.0,-124.0
-322.0,720.0,-200.0,-699.0,-42.0,-642.0,172.0,-426.0,-533.0,-111.0
-357.0,848.0,-263.0,-752.0,-60.0,-619.0,222.0,-356.0,-553.0,-99.0
-413.0,961.0,-291.0,-758.0,-72.0,-661.0,142.0,-388.0,-593.0,-73.0
-441.0,998.0,-341.0,-760.0,-75.0,-803.0,88.0,-280.0,-633.0,-22.0
-481.0,949.0,-372.0,-739.0,-66.0,-894.0,194.0,-376.0,-659.0,23.0
-505.0,831.0,-401.0,-683.0,-51.0,-987.0,358.0,-386.0,-675.0,37.0
-535.0,652.0,-459.0,-633.0,-44.0,-982.0,375.0,-295.0,-658.0,64.0
-561.0,416.0,-474.0,-570.0,-48.0,-847.0,197.0,-376.0,-620.0,73.0
-586.0,122.0,-496.0,-530.0,-60.0,-801.0,24.0,-347.0,-546.0,56.0
-626.0,-213.0,-497.0,-474.0,-74.0,-817.0,29.0,-360.0,-455.0,38.0
-635.0,-543.0,-455.0,-391.0,-95.0,-822.0,169.0,-227.0,-363.0,6.0
-665.0,-764.0,-431.0,-356.0,-119.0,-754.0,238.0,-157.0,-264.0,-10.0
-677.0,-831.0,-419.0,-321.0,-136.0,-672.0,118.0,-123.0,-172.0,-47.0
-697.0,-765.0,-400.0,-276.0,-144.0,-764.0,27.0,-86.0,-75.0,-101.0
-710.0,-610.0,-378.0,-250.0,-144.0,-840.0,34.0,-188.0,12.0,-132.0
-700.0,-441.0,-374.0,-197.0,-139.0,-863.0,-4.0,-57.0,100.0,-169.0
-681.0,-318.0,-349.0,-153.0,-125.0,-855.0,-54.0,-24.0,186.0,-213.0
-666.0,-254.0,-319.0,-100.0,-103.0,-864.0,-99.0,1.0,251.0,-234.0
-642.0,-303.0,-304.0,-76.0,-75.0,-964.0,-103.0,73.0,302.0,-248.0
-620.0,-522.0,-275.0,-83.0,-50.0,-939.0,-66.0,105.0,323.0,-268.0
-592.0,-809.0,-235.0,-63.0,-34.0,-978.0,-87.0,214.0,334.0,-264.0
-576.0,-1046.0,-210.0,-81.0,-22.0,-1046.0,-117.0,188.0,329.0,-264.0
-579.0,-1197.0,-188.0,-92.0,-7.0,-916.0,-104.0,225.0,308.0,-251.0
-538.0,-1270.0,-175.0,-81.0,19.0,-714.0,-117.0,166.0,280.0,-236.0
-522.0,-1297.0,-185.0,-54.0,48.0,-663.0,-207.0,90.0,215.0,-232.0
-493.0,-1307.0,-157.0,3.0,74.0,-797.0,-297.0,40.0,157.0,-203.0
-491.0,-1270.0,-141.0,62.0,95.0,-784.0,-330.0,-92.0,105.0,-192.0
-475.0,-1117.0,-145.0,132.0,106.0,-651.0,-367.0,-55.0,61.0,-183.0
-458.0,-812.0,-113.0,210.0,112.0,-661.0,-394.0,-101.0,44.0,-167.0
-449.0,-418.0,-149.0,274.0,108.0,-835.0,-303.0,-20.0,47.0,-153.0
-422.0,-100.0,-172.0,338.0,95.0,-985.0,-198.0,90.0,77.0,-132.0
-421.0,71.0,-149.0,389.0,74.0,-939.0,-219.0,121.0,102.0,-104.0
-380.0,151.0,-191.0,391.0,48.0,-880.0,-275.0,218.0,143.0,-63.0
-372.0,180.0,-196.0,387.0,22.0,-930.0,-349.0,151.0,181.0,-8.0
-348.0,200.0,-188.0,369.0,-4.0,-951.0,-436.0,203.0,195.0,70.0
-343.0,269.0,-225.0,335.0,-29.0,-970.0,-489.0,212.0,214.0,157.0
-314.0,405.0,-197.0,266.0,-54.0,-858.0,-402.0,256.0,204.0,244.0
-287.0,544.0,-184.0,148.0,-82.0,-587.0,-238.0,240.0,191.0,331.0
-259.0,629.0,-195.0,31.0,-113.0,-526.0,-219.0,83.0,185.0,400.0
-209.0,638.0,-156.0,-93.0,-138.0,-741.0,-232.0,192.0,171.0,436.0
-184.0,605.0,-147.0,-209.0,-148.0,-1003.0,-221.0,181.0,160.0,449.0
-141.0,613.0,-110.0,-320.0,-142.0,-1078.0,-264.0,299.0,150.0,449.0
-132.0,674.0,-67.0,-418.0,-123.0,-1037.0,-332.0,423.0,132.0,424.0
-98.0,716.0,-49.0,-512.0,-102.0,-994.0,-280.0,439.0,96.0,372.0
-80.0,675.0,-22.0,-596.0,-84.0,-977.0,-177.0,570.0,59.0,318.0
-35.0,562.0,-56.0,-615.0,-71.0,-963.0,-253.0,434.0,20.0,263.0
-26.0,396.0,-55.0,-582.0,-66.0,-911.0,-271.0,349.0,-14.0,212.0
-13.0,188.0,-62.0,-525.0,-62.0,-949.0,-145.0,208.0,-56.0,165.0
13.0,-37.0,-103.0,-458.0,-50.0,-983.0,-79.0,147.0,-78.0,137.0
15.0,-237.0,-116.0,-388.0,-25.0,-1071.0,-67.0,195.0,-80.0,138.0
46.0,-342.0,-164.0,-329.0,3.0,-1135.0,-65.0,171.0,-76.0,127.0
47.0,-373.0,-232.0,-268.0,24.0,-1083.0,-77.0,256.0,-32.0,139.0
84.0,-370.0,-314.0,-221.0,40.0,-997.0,-134.0,114.0,25.0,161.0
89.0,-292.0,-387.0,-207.0,55.0,-874.0,-168.0,94.0,85.0,169.0
111.0,-118.0,-470.0,-189.0,75.0,-905.0,-93.0,44.0,129.0,186.0
114.0,94.0,-547.0,-149.0,97.0,-960.0,-6.0,-44.0,168.0,213.0
104.0,290.0,-567.0,-129.0,115.0,-955.0,68.0,94.0,190.0,236.0
94.0,399.0,-602.0,-140.0,130.0,-861.0,126.0,68.0,190.0,247.0
67.0,408.0,-612.0,-167.0,146.0,-822.0,56.0,121.0,191.0,268.0
54.0,402.0,-582.0,-200.0,164.0,-931.0,-72.0,138.0,181.0,279.0
18.0,383.0,-572.0,-236.0,179.0,-964.0,-165.0,112.0,162.0,258.0
0.0,317.0,-506.0,-272.0,187.0,-1053.0,-183.0,84.0,114.0,203.0
-39.0,193.0,-440.0,-294.0,189.0,-1066.0,-152.0,-9.0,46.0,143.0
-53.0,-6.0,-390.0,-307.0,185.0,-1010.0,-119.0,35.0,-51.0,51.0
-76.0,-225.0,-267.0,-259.0,176.0,-938.0,-134.0,3.0,-159.0,-72.0
-86.0,-401.0,-175.0,-173.0,162.0,-763.0,-152.0,96.0,-275.0,-174.0
-95.0,-508.0,-89.0,-72.0,140.0,-683.0,-57.0,118.0,-422.0,-271.0
-103.0,-517.0,13.0,61.0,106.0,-582.0,-59.0,77.0,-545.0,-358.0
-102.0,-425.0,95.0,173.0,66.0,-561.0,-185.0,194.0,-663.0,-422.0
-97.0,-284.0,186.0,267.0,29.0,-759.0,-278.0,103.0,-766.0,-464.0
-80.0,-142.0,260.0,352.0,10.0,-947.0,-404.0,99.0,-819.0,-492.0
-82.0,-24.0,331.0,428.0,5.0,-1070.0,-400.0,7.0,-847.0,-507.0
-68.0,85.0,385.0,487.0,0.0,-1095.0,-218.0,-79.0,-847.0,-512.0
-74.0,265.0,428.0,529.0,-11.0,-934.0,-81.0,22.0,-802.0,-510.0
-59.0,502.0,435.0,570.0,-24.0,-788.0,-115.0,27.0,-737.0,-507.0
-73.0,680.0,443.0,588.0,-38.0,-860.0,-197.0,101.0,-665.0,-512.0
-85.0,752.0,421.0,577.0,-52.0,-965.0,-112.0,125.0,-577.0,-501.0
-114.0,778.0,344.0,532.0,-70.0,-903.0,31.0,190.0,-473.0,-498.0
-134.0,828.0,317.0,446.0,-85.0,-667.0,23.0,184.0,-360.0,-501.0
-154.0,875.0,238.0,329.0,-88.0,-477.0,-74.0,238.0,-250.0,-503.0
-209.0,829.0,163.0,198.0,-76.0,-576.0,-40.0,369.0,-148.0,-511.0
-237.0,645.0,114.0,55.0,-48.0,-792.0,91.0,308.0,-53.0,-516.0
-286.0,408.0,26.0,-96.0,-15.0,-874.0,133.0,362.0,22.0,-518.0
-295.0,219.0,-25.0,-221.0,18.0,-878.0,108.0,363.0,83.0,-487.0
-332.0,69.0,-81.0,-338.0,48.0,-857.0,57.0,352.0,134.0,-444.0
-348.0,-37.0,-139.0,-455.0,72.0,-767.0,32.0,330.0,163.0,-402.0
-367.0,-50.0,-182.0,-539.0,87.0,-689.0,36.0,219.0,173.0,-347.0
-384.0,64.0,-214.0,-623.0,89.0,-667.0,-44.0,155.0,158.0,-288.0
-400.0,243.0,-259.0,-669.0,82.0,-660.0,-139.0,129.0,141.0,-221.0
-435.0,319.0,-265.0,-657.0,69.0,-680.0,-84.0,279.0,116.0,-153.0
-427.0,222.0,-237.0,-592.0,52.0,-727.0,52.0,291.0,69.0,-65.0
-448.0,24.0,-237.0,-478.0,33.0,-761.0,54.0,286.0,46.0,45.0
-436.0,-159.0,-203.0,-370.0,15.0,-750.0,-31.0,314.0,15.0,148.0
-444.0,-309.0,-162.0,-225.0,-3.0,-632.0,37.0,247.0,-6.0,256.0
-419.0,-508.0,-153.0,-82.0,-29.0,-502.0,199.0,258.0,-17.0,365.0
-398.0,-776.0,-92.0,36.0,-53.0,-538.0,167.0,118.0,-23.0,457.0
-396.0,-1033.0,-36.0,160.0,-70.0,-676.0,-7.0,114.0,-25.0,529.0
-374.0,-1208.0,-6.0,280.0,-74.0,-782.0,-53.0,129.0,-45.0,581.0
-374.0,-1296.0,99.0,379.0,-74.0,-741.0,59.0,94.0,-66.0,623.0
-341.0,-1260.0,131.0,442.0,-80.0,-660.0,164.0,249.0,-113.0,645.0
-312.0,-1046.0,174.0,477.0,-91.0,-666.0,124.0,212.0,-159.0,648.0
-271.0,-689.0,262.0,471.0,-106.0,-676.0,82.0,195.0,-187.0,651.0
-242.0,-255.0,244.0,448.0,-119.0,-674.0,162.0,182.0,-201.0,634.0
-201.0,209.0,274.0,387.0,-128.0,-622.0,248.0,149.0,-194.0,588.0
-165.0,652.0,296.0,312.0,-144.0,-475.0,258.0,155.0,-198.0,535.0
-138.0,1013.0,249.0,259.0,-165.0,-346.0,188.0,101.0,-169.0,480.0
-111.0,1224.0,229.0,189.0,-179.0,-377.0,172.0,206.0,-120.0,418.0
-94.0,1299.0,191.0,137.0,-176.0,-469.0,269.0,201.0,-70.0,349.0
-64.0,1342.0,129.0,74.0,-153.0,-512.0,346.0,247.0,1.0,278.0
-63.0,1366.0,76.0,28.0,-111.0,-517.0,379.0,273.0,63.0,221.0
-59.0,1351.0,12.0,24.0,-64.0,-628.0,425.0,229.0,117.0,158.0
-85.0,1272.0,-48.0,6.0,-24.0,-797.0,447.0,271.0,167.0,90.0
-104.0,1041.0,-103.0,-30.0,3.0,-784.0,414.0,201.0,200.0,30.0
-119.0,691.0,-190.0,-84.0,24.0,-653.0,297.0,343.0,213.0,-22.0
-163.0,385.0,-225.0,-112.0,49.0,-488.0,174.0,382.0,226.0,-85.0
-201.0,181.0,-267.0,-112.0,78.0,-367.0,275.0,463.0,246.0,-152.0
-242.0,37.0,-320.0,-138.0,110.0,-261.0,472.0,602.0,263.0,-208.0
-285.0,-54.0,-323.0,-188.0,143.0,-235.0,480.0,482.0,273.0,-279.0
-330.0,-128.0,-376.0,-221.0,171.0,-292.0,478.0,570.0,275.0,-354.0
-357.0,-239.0,-374.0,-227.0,184.0,-273.0,562.0,517.0,281.0,-424.0
-380.0,-390.0,-383.0,-200.0,176.0,-283.0,514.0,437.0,297.0,-489.0
-383.0,-595.0,-417.0,-162.0,152.0,-362.0,423.0,485.0,308.0,-525.0
-375.0,-827.0,-384.0,-135.0,129.0,-453.0,418.0,482.0,322.0,-553.0
-373.0,-983.0,-380.0,-89.0,116.0,-476.0,419.0,552.0,340.0,-554.0
-357.0,-1014.0,-370.0,-19.0,115.0,-442.0,428.0,593.0,365.0,-516.0
-346.0,-960.0,-347.0,38.0,117.0,-317.0,446.0,657.0,398.0,-462.0
-334.0,-877.0,-315.0,75.0,124.0,-170.0,493.0,678.0,429.0,-399.0
-320.0,-731.0,-290.0,93.0,133.0,-114.0,559.0,776.0,466.0,-311.0
-300.0,-510.0,-261.0,93.0,135.0,-34.0,586.0,713.0,494.0,-221.0
-282.0,-247.0,-238.0,106.0,120.0,-80.0,566.0,517.0,513.0,-146.0
-262.0,-7.0,-225.0,132.0,87.0,-153.0,477.0,498.0,522.0,-59.0
-226.0,124.0,-203.0,163.0,46.0,-181.0,377.0,478.0,527.0,9.0
-187.0,187.0,-217.0,191.0,11.0,-227.0,406.0,617.0,530.0,59.0
-144.0,259.0,-217.0,211.0,-10.0,-166.0,464.0,580.0,519.0,98.0
-89.0,297.0,-212.0,229.0,-25.0,-100.0,458.0,556.0,506.0,108.0
-54.0,232.0,-216.0,236.0,-28.0,-27.0,536.0,742.0,491.0,111.0
-5.0,96.0,-228.0,259.0,-25.0,-104.0,661.0,822.0,459.0,89.0
61.0,2.0,-212.0,252.0,-25.0,-187.0,627.0,1031.0,421.0,37.0
121.0,-23.0,-200.0,238.0,-23.0,-87.0,476.0,981.0,390.0,-29.0
180.0,-83.0,-203.0,259.0,-17.0,-41.0,445.0,1003.0,345.0,-93.0
230.0,-169.0,-161.0,269.0,-8.0,10.0,541.0,1117.0,302.0,-158.0
289.0,-176.0,-118.0,290.0,0.0,-20.0,565.0,1032.0,260.0,-212.0
316.0,-114.0,-72.0,328.0,-1.0,-79.0,490.0,1086.0,197.0,-239.0
353.0,-6.0,-18.0,359.0,-14.0,-142.0,510.0,885.0,149.0,-247.0
388.0,163.0,44.0,393.0,-30.0,-248.0,595.0,857.0,98.0,-233.0
417.0,311.0,96.0,427.0,-50.0,-128.0,570.0,883.0,23.0,-200.0
441.0,290.0,147.0,449.0,-69.0,93.0,458.0,785.0,-57.0,-138.0
470.0,102.0,196.0,487.0,-82.0,214.0,290.0,870.0,-158.0,-85.0
496.0,-70.0,250.0,533.0,-84.0,189.0,212.0,794.0,-267.0,-37.0
480.0,-91.0,299.0,564.0,-69.0,237.0,281.0,872.0,-393.0,26.0
491.0,-21.0,311.0,596.0,-43.0,350.0,372.0,912.0,-515.0,81.0
484.0,25.0,379.0,607.0,-19.0,285.0,420.0,921.0,-611.0,122.0
488.0,88.0,389.0,587.0,1.0,186.0,429.0,888.0,-703.0,159.0
472.0,249.0,399.0,565.0,21.0,52.0,529.0,731.0,-777.0,203.0
446.0,466.0,435.0,525.0,44.0,-18.0,597.0,744.0,-822.0,220.0
424.0,619.0,411.0,457.0,69.0,42.0,485.0,576.0,-856.0,216.0
381.0,631.0,440.0,401.0,92.0,105.0,407.0,618.0,-874.0,222.0
346.0,510.0,422.0,344.0,108.0,200.0,495.0,703.0,-853.0,205.0
289.0,310.0,406.0,238.0,116.0,214.0,574.0,683.0,-818.0,173.0
263.0,83.0,417.0,116.0,110.0,205.0,539.0,781.0,-776.0,153.0
216.0,-169.0,387.0,26.0,93.0,227.0,478.0,683.0,-716.0,132.0
182.0,-403.0,370.0,-79.0,76.0,183.0,447.0,667.0,-648.0,116.0
131.0,-511.0,353.0,-205.0,72.0,134.0,490.0,558.0,-566.0,85.0
91.0,-458.0,337.0,-323.0,73.0,145.0,529.0,465.0,-467.0,74.0
79.0,-275.0,339.0,-443.0,73.0,156.0,445.0,413.0,-342.0,103.0
60.0,-38.0,322.0,-527.0,69.0,113.0,405.0,280.0,-210.0,123.0
69.0,202.0,323.0,-579.0,57.0,135.0,532.0,306.0,-71.0,163.0
53.0,397.0,348.0,-633.0,40.0,217.0,637.0,321.0,88.0,236.0
61.0,500.0,341.0,-655.0,17.0,323.0,542.0,456.0,223.0,318.0
36.0,529.0,374.0,-654.0,-6.0,341.0,422.0,450.0,338.0,390.0
22.0,458.0,406.0,-657.0,-22.0,216.0,486.0,456.0,428.0,458.0
-4.0,300.0,444.0,-650.0,-26.0,193.0,476.0,563.0,510.0,523.0
-41.0,134.0,498.0,-636.0,-22.0,158.0,262.0,533.0,585.0,566.0
-59.0,-27.0,543.0,-592.0,-18.0,22.0,178.0,641.0,636.0,581.0
-109.0,-242.0,611.0,-572.0,-20.0,-70.0,299.0,624.0,678.0,592.0
-129.0,-445.0,629.0,-555.0,-30.0,-3.0,419.0,646.0,704.0,602.0
-180.0,-474.0,640.0,-499.0,-41.0,123.0,399.0,715.0,719.0,583.0
-197.0,-326.0,641.0,-457.0,-51.0,54.0,247.0,655.0,719.0,572.0
-216.0,-108.0,627.0,-395.0,-53.0,27.0,207.0,618.0,735.0,575.0
-242.0,40.0,593.0,-297.0,-47.0,60.0,358.0,604.0,748.0,572.0
-244.0,25.0,541.0,-199.0,-42.0,37.0,416.0,683.0,742.0,536.0
-249.0,-81.0,477.0,-121.0,-41.0,83.0,252.0,543.0,736.0,493.0
-233.0,-131.0,374.0,-3.0,-41.0,135.0,113.0,491.0,719.0,447.0
-238.0,-35.0,282.0,153.0,-44.0,221.0,143.0,465.0,720.0,348.0
-227.0,123.0,151.0,284.0,-49.0,207.0,158.0,410.0,705.0,230.0
-199.0,225.0,60.0,399.0,-54.0,110.0,85.0,672.0,678.0,93.0
-177.0,329.0,-43.0,494.0,-54.0,220.0,60.0,679.0,672.0,-48.0
-145.0,540.0,-154.0,582.0,-44.0,339.0,118.0,726.0,649.0,-198.0
-102.0,769.0,-201.0,648.0,-28.0,336.0,168.0,698.0,633.0,-358.0
-84.0,867.0,-331.0,698.0,-15.0,319.0,141.0,533.0,619.0,-479.0
-60.0,861.0,-414.0,730.0,-8.0,306.0,95.0,580.0,590.0,-570.0
-41.0,811.0,-499.0,727.0,-9.0,259.0,53.0,376.0,550.0,-645.0
-23.0,738.0,-581.0,709.0,-14.0,189.0,28.0,343.0,506.0,-699.0
-19.0,664.0,-606.0,673.0,-18.0,219.0,46.0,415.0,457.0,-699.0
-18.0,550.0,-683.0,657.0,-8.0,277.0,24.0,412.0,382.0,-666.0
9.0,347.0,-685.0,659.0,10.0,294.0,10.0,515.0,285.0,-635.0
6.0,101.0,-672.0,657.0,28.0,361.0,70.0,556.0,180.0,-571.0
24.0,-127.0,-681.0,639.0,56.0,490.0,36.0,713.0,85.0,-482.0
32.0,-351.0,-626.0,615.0,93.0,519.0,-81.0,794.0,-2.0,-415.0
48.0,-560.0,-565.0,615.0,126.0,423.0,-51.0,885.0,-86.0,-372.0
49.0,-636.0,-509.0,600.0,133.0,395.0,88.0,970.0,-149.0,-312.0
48.0,-521.0,-438.0,575.0,119.0,492.0,89.0,927.0,-209.0,-259.0
72.0,-374.0,-347.0,504.0,100.0,615.0,-41.0,951.0,-267.0,-217.0
61.0,-337.0,-268.0,404.0,80.0,607.0,-78.0,861.0,-310.0,-152.0
81.0,-351.0,-181.0,321.0,56.0,566.0,52.0,888.0,-348.0,-56.0
67.0,-317.0,-107.0,242.0,25.0,548.0,210.0,897.0,-394.0,56.0
53.0,-187.0,-45.0,202.0,-2.0,445.0,239.0,764.0,-415.0,159.0
41.0,66.0,38.0,193.0,-18.0,412.0,162.0,764.0,-417.0,283.0
8.0,404.0,64.0,176.0,-28.0,524.0,88.0,731.0,-421.0,415.0
-12.0,708.0,112.0,145.0,-28.0,652.0,119.0,737.0,-399.0,510.0
-35.0,868.0,163.0,107.0,-15.0,667.0,179.0,757.0,-348.0,586.0
-36.0,841.0,169.0,62.0,6.0,648.0,116.0,779.0,-292.0,654.0
-43.0,657.0,211.0,2.0,32.0,689.0,112.0,733.0,-253.0,710.0
-23.0,367.0,215.0,-41.0,48.0,687.0,205.0,694.0,-200.0,733.0
4.0,91.0,224.0,-69.0,50.0,619.0,213.0,652.0,-135.0,746.0
46.0,-92.0,266.0,-110.0,35.0,540.0,210.0,521.0,-63.0,763.0
74.0,-233.0,277.0,-108.0,1.0,659.0,303.0,630.0,38.0,735.0
103.0,-373.0,301.0,-67.0,-38.0,784.0,299.0,687.0,142.0,682.0
151.0,-484.0,316.0,-31.0,-77.0,726.0,87.0,763.0,250.0,609.0
187.0,-482.0,324.0,3.0,-110.0,723.0,-25.0,824.0,347.0,518.0
235.0,-338.0,364.0,26.0,-136.0,744.0,20.0,698.0,415.0,406.0
277.0,-159.0,402.0,17.0,-152.0,736.0,17.0,735.0,470.0,297.0
332.0,-101.0,426.0,4.0,-152.0,661.0,-26.0,733.0,524.0,217.0
381.0,-167.0,447.0,-18.0,-140.0,623.0,-21.0,827.0,551.0,111.0
428.0,-240.0,460.0,-34.0,-117.0,608.0,-7.0,881.0,554.0,1.0
461.0,-238.0,444.0,-40.0,-84.0,557.0,-4.0,822.0,547.0,-93.0
479.0,-133.0,403.0,-74.0,-40.0,640.0,76.0,853.0,519.0,-186.0
487.0,-9.0,365.0,-89.0,16.0,688.0,121.0,803.0,492.0,-287.0
461.0,32.0,323.0,-102.0,73.0,643.0,50.0,875.0,477.0,-380.0
447.0,-45.0,285.0,-107.0,115.0,576.0,23.0,840.0,464.0,-437.0
420.0,-188.0,243.0,-93.0,139.0,561.0,104.0,822.0,445.0,-492.0
374.0,-343.0,193.0,-59.0,151.0,584.0,176.0,862.0,419.0,-540.0
319.0,-464.0,179.0,14.0,155.0,477.0,189.0,755.0,381.0,-557.0
254.0,-478.0,140.0,114.0,151.0,354.0,160.0,816.0,337.0,-538.0
196.0,-408.0,76.0,238.0,137.0,304.0,60.0,779.0,290.0,-518.0
130.0,-304.0,68.0,331.0,118.0,364.0,-37.0,805.0,243.0,-487.0
60.0,-186.0,45.0,398.0,102.0,393.0,-4.0,820.0,221.0,-426.0
0.0,-84.0,18.0,437.0,88.0,393.0,91.0,709.0,193.0,-369.0
-70.0,-47.0,31.0,459.0,81.0,559.0,81.0,729.0,170.0,-303.0
-121.0,-42.0,35.0,477.0,79.0,624.0,17.0,659.0,181.0,-231.0
-164.0,27.0,58.0,439.0,75.0,589.0,7.0,681.0,194.0,-141.0
-195.0,158.0,113.0,386.0,62.0,596.0,41.0,624.0,209.0,-37.0
-224.0,267.0,127.0,320.0,33.0,583.0,77.0,447.0,235.0,44.0
-243.0,281.0,172.0,224.0,-1.0,538.0,86.0,306.0,271.0,142.0
-232.0,263.0,224.0,111.0,-32.0,469.0,49.0,253.0,313.0,251.0
-237.0,295.0,237.0,6.0,-47.0,522.0,-49.0,389.0,353.0,350.0
-206.0,382.0,294.0,-94.0,-45.0,571.0,-137.0,391.0,403.0,419.0
-172.0,489.0,331.0,-221.0,-33.0,540.0,-136.0,439.0,440.0,483.0
-124.0,577.0,391.0,-298.0,-16.0,548.0,-91.0,473.0,455.0,549.0
-73.0,653.0,413.0,-361.0,-3.0,589.0,-67.0,532.0,468.0,565.0
-23.0,731.0,434.0,-416.0,3.0,670.0,-32.0,716.0,464.0,564.0
46.0,816.0,507.0,-414.0,5.0,640.0,9.0,639.0,468.0,543.0
99.0,867.0,505.0,-416.0,1.0,523.0,7.0,707.0,473.0,492.0
166.0,828.0,544.0,-403.0,-20.0,564.0,1.0,881.0,478.0,402.0
222.0,667.0,583.0,-381.0,-57.0,588.0,42.0,970.0,484.0,301.0
296.0,399.0,577.0,-343.0,-89.0,483.0,70.0,975.0,474.0,208.0
355.0,79.0,597.0,-277.0,-104.0,467.0,56.0,899.0,458.0,87.0
399.0,-228.0,609.0,-246.0,-101.0,555.0,31.0,890.0,404.0,-14.0
426.0,-427.0,588.0,-222.0,-86.0,647.0,83.0,740.0,337.0,-86.0
445.0,-491.0,581.0,-178.0,-60.0,661.0,201.0,729.0,256.0,-126.0
469.0,-441.0,585.0,-133.0,-28.0,682.0,238.0,681.0,165.0,-158.0
464.0,-319.0,539.0,-61.0,3.0,700.0,216.0,631.0,85.0,-177.0
467.0,-172.0,503.0,24.0,29.0,607.0,145.0,744.0,-9.0,-146.0
465.0,23.0,471.0,86.0,54.0,542.0,54.0,681.0,-125.0,-113.0
467.0,293.0,417.0,145.0,83.0,575.0,34.0,694.0,-231.0,-77.0
434.0,571.0,368.0,183.0,113.0,671.0,98.0,626.0,-323.0,-32.0
386.0,785.0,330.0,195.0,142.0,709.0,164.0,583.0,-429.0,19.0
349.0,970.0,284.0,212.0,161.0,753.0,201.0,565.0,-500.0,71.0
302.0,1065.0,202.0,213.0,164.0,907.0,237.0,498.0,-544.0,102.0
252.0,976.0,137.0,209.0,162.0,972.0,211.0,511.0,-575.0,140.0
192.0,755.0,101.0,204.0,154.0,947.0,180.0,417.0,-570.0,178.0
138.0,473.0,50.0,233.0,140.0,1016.0,180.0,493.0,-549.0,197.0
111.0,238.0,3.0,278.0,125.0,1110.0,156.0,504.0,-508.0,227.0
105.0,57.0,-8.0,283.0,121.0,1113.0,131.0,522.0,-459.0,260.0
86.0,-133.0,-51.0,276.0,131.0,1023.0,148.0,589.0,-418.0,287.0
69.0,-306.0,-77.0,265.0,136.0,978.0,163.0,509.0,-364.0,307.0
64.0,-478.0,-65.0,255.0,122.0,1014.0,115.0,561.0,-299.0,314.0
60.0,-662.0,-94.0,233.0,96.0,1005.0,158.0,471.0,-236.0,329.0
39.0,-799.0,-104.0,218.0,75.0,1014.0,287.0,489.0,-168.0,316.0
7.0,-870.0,-116.0,204.0,61.0,1050.0,272.0,500.0,-81.0,261.0
-22.0,-901.0,-165.0,201.0,44.0,1102.0,167.0,380.0,16.0,202.0
-42.0,-875.0,-181.0,233.0,22.0,1057.0,149.0,480.0,99.0,141.0
-69.0,-789.0,-161.0,262.0,-1.0,1048.0,198.0,450.0,189.0,56.0
-93.0,-711.0,-185.0,301.0,-24.0,1159.0,235.0,465.0,269.0,-36.0
-108.0,-665.0,-219.0,314.0,-45.0,1068.0,239.0,352.0,332.0,-112.0
-125.0,-636.0,-219.0,281.0,-59.0,980.0,224.0,275.0,399.0,-192.0
-130.0,-553.0,-244.0,214.0,-63.0,944.0,248.0,334.0,448.0,-267.0
-142.0,-374.0,-277.0,159.0,-61.0,872.0,266.0,223.0,478.0,-329.0
-135.0,-183.0,-275.0,110.0,-58.0,863.0,229.0,315.0,488.0,-377.0
-112.0,-57.0,-229.0,21.0,-57.0,884.0,211.0,194.0,507.0,-411.0
-57.0,61.0,-205.0,-38.0,-55.0,937.0,238.0,155.0,508.0,-433.0
0.0,309.0,-176.0,-83.0,-61.0,962.0,269.0,264.0,496.0,-445.0
55.0,634.0,-124.0,-113.0,-82.0,920.0,220.0,182.0,481.0,-455.0
152.0,882.0,-94.0,-88.0,-115.0,842.0,137.0,303.0,443.0,-460.0
218.0,1016.0,-44.0,-34.0,-149.0,905.0,144.0,279.0,410.0,-461.0
275.0,1020.0,0.0,18.0,-176.0,910.0,218.0,282.0,366.0,-440.0
315.0,900.0,55.0,50.0,-195.0,824.0,252.0,229.0,304.0,-427.0
354.0,752.0,110.0,96.0,-202.0,868.0,200.0,157.0,235.0,-426.0
406.0,622.0,144.0,165.0,-198.0,854.0,107.0,210.0,170.0,-410.0
433.0,463.0,193.0,264.0,-181.0,822.0,92.0,118.0,102.0,-380.0
474.0,276.0,213.0,409.0,-157.0,754.0,119.0,203.0,37.0,-345.0
505.0,74.0,215.0,553.0,-132.0,683.0,52.0,158.0,-19.0,-301.0
536.0,-77.0,222.0,685.0,-92.0,657.0,1.0,92.0,-54.0,-232.0
538.0,-61.0,204.0,771.0,-43.0,607.0,59.0,59.0,-63.0,-170.0
531.0,144.0,189.0,836.0,0.0,639.0,147.0,18.0,-83.0,-112.0
522.0,441.0,178.0,924.0,35.0,681.0,164.0,140.0,-80.0,-71.0
490.0,673.0,162.0,989.0,60.0,621.0,150.0,144.0,-60.0,-35.0
455.0,756.0,152.0,1013.0,80.0,514.0,195.0,286.0,-29.0,9.0
390.0,698.0,129.0,1002.0,92.0,572.0,160.0,389.0,20.0,16.0
360.0,560.0,140.0,951.0,92.0,657.0,17.0,415.0,54.0,34.0
321.0,406.0,140.0,851.0,78.0,576.0,-78.0,393.0,84.0,38.0
270.0,235.0,133.0,733.0,50.0,525.0,-61.0,365.0,121.0,12.0
226.0,58.0,172.0,623.0,15.0,620.0,12.0,504.0,164.0,-11.0
179.0,-87.0,198.0,520.0,-31.0,692.0,31.0,345.0,205.0,-38.0
149.0,-211.0,251.0,425.0,-81.0,614.0,-24.0,284.0,240.0,-48.0
109.0,-315.0,296.0,336.0,-121.0,514.0,-102.0,288.0,282.0,-89.0
82.0,-400.0,337.0,242.0,-142.0,544.0,-92.0,219.0,320.0,-134.0
45.0,-540.0,397.0,148.0,-138.0,705.0,-56.0,343.0,344.0,-172.0
35.0,-745.0,441.0,76.0,-111.0,761.0,-105.0,277.0,389.0,-221.0
19.0,-896.0,505.0,-2.0,-75.0,741.0,-129.0,315.0,452.0,-273.0
5.0,-894.0,570.0,-74.0,-41.0,718.0,-138.0,304.0,527.0,-338.0
4.0,-748.0,638.0,-141.0,-6.0,590.0,-176.0,229.0,625.0,-361.0
-1.0,-525.0,678.0,-214.0,22.0,471.0,-164.0,279.0,707.0,-385.0
16.0,-309.0,718.0,-280.0,48.0,504.0,-134.0,219.0,770.0,-409.0
26.0,-166.0,763.0,-342.0,73.0,617.0,-190.0,314.0,830.0,-409.0
60.0,-81.0,785.0,-399.0,89.0,593.0,-292.0,303.0,874.0,-403.0
76.0,-19.0,801.0,-456.0,97.0,555.0,-338.0,334.0,899.0,-386.0
89.0,10.0,800.0,-528.0,99.0,617.0,-267.0,351.0,908.0,-381.0
114.0,16.0,791.0,-610.0,108.0,622.0,-179.0,245.0,896.0,-336.0
122.0,9.0,746.0,-665.0,122.0,578.0,-157.0,345.0,867.0,-271.0
120.0,-20.0,702.0,-708.0,139.0,545.0,-113.0,448.0,837.0,-220.0
110.0,-31.0,651.0,-715.0,159.0,480.0,-169.0,654.0,776.0,-155.0
115.0,78.0,577.0,-706.0,178.0,434.0,-277.0,698.0,695.0,-61.0
97.0,280.0,525.0,-703.0,180.0,459.0,-271.0,720.0,602.0,36.0
95.0,441.0,466.0,-675.0,157.0,518.0,-243.0,667.0,491.0,106.0
92.0,550.0,406.0,-617.0,124.0,509.0,-240.0,445.0,381.0,178.0
74.0,657.0,330.0,-487.0,89.0,413.0,-253.0,471.0,251.0,245.0
75.0,730.0,250.0,-339.0,52.0,428.0,-283.0,347.0,122.0,280.0
54.0,689.0,193.0,-220.0,16.0,500.0,-259.0,365.0,1.0,300.0
41.0,528.0,116.0,-118.0,-15.0,516.0,-109.0,367.0,-105.0,327.0
29.0,321.0,60.0,-52.0,-36.0,485.0,23.0,306.0,-190.0,338.0
13.0,125.0,11.0,9.0,-48.0,497.0,39.0,410.0,-267.0,316.0
1.0,-60.0,-45.0,78.0,-60.0,633.0,0.0,271.0,-329.0,260.0
-28.0,-241.0,-84.0,135.0,-76.0,669.0,-28.0,251.0,-389.0,196.0
-34.0,-361.0,-143.0,192.0,-79.0,579.0,-23.0,229.0,-449.0,100.0
-33.0,-367.0,-169.0,249.0,-67.0,536.0,17.0,240.0,-515.0,-24.0
-31.0,-289.0,-181.0,307.0,-50.0,477.0,88.0,227.0,-578.0,-131.0
-24.0,-195.0,-210.0,344.0,-26.0,371.0,118.0,105.0,-611.0,-259.0
-19.0,-69.0,-213.0,412.0,9.0,322.0,49.0,190.0,-614.0,-399.0
-2.0,143.0,-198.0,529.0,60.0,374.0,-65.0,205.0,-595.0,-528.0
13.0,379.0,-211.0,620.0,113.0,478.0,-95.0,282.0,-573.0,-628.0
24.0,562.0,-228.0,709.0,156.0,429.0,-42.0,269.0,-542.0,-710.0
20.0,667.0,-217.0,769.0,192.0,354.0,51.0,155.0,-479.0,-783.0
19.0,661.0,-240.0,779.0,222.0,443.0,157.0,181.0,-385.0,-832.0
36.0,532.0,-232.0,793.0,243.0,502.0,194.0,112.0,-269.0,-853.0
65.0,284.0,-202.0,802.0,257.0,458.0,155.0,86.0,-129.0,-853.0
70.0,-38.0,-194.0,791.0,265.0,394.0,141.0,83.0,19.0,-851.0
87.0,-348.0,-148.0,746.0,264.0,401.0,187.0,177.0,138.0,-804.0
128.0,-566.0,-132.0,628.0,242.0,394.0,171.0,319.0,226.0,-737.0
167.0,-723.0,-120.0,476.0,196.0,363.0,62.0,349.0,284.0,-674.0
209.0,-907.0,-58.0,301.0,140.0,423.0,-25.0,450.0,296.0,-592.0
252.0,-1077.0,-47.0,125.0,86.0,533.0,72.0,467.0,284.0,-490.0
321.0,-1145.0,-40.0,-24.0,33.0,540.0,233.0,469.0,262.0,-378.0
394.0,-1077.0,23.0,-192.0,-29.0,431.0,191.0,303.0,230.0,-273.0
467.0,-893.0,69.0,-328.0,-101.0,350.0,84.0,107.0,194.0,-154.0
523.0,-644.0,116.0,-425.0,-165.0,298.0,134.0,86.0,135.0,-37.0
579.0,-336.0,168.0,-488.0,-216.0,285.0,168.0,-42.0,76.0,45.0
621.0,33.0,232.0,-522.0,-251.0,383.0,27.0,20.0,16.0,110.0
631.0,401.0,290.0,-543.0,-264.0,537.0,-18.0,53.0,-63.0,160.0
635.0,694.0,313.0,-531.0,-263.0,628.0,169.0,149.0,-133.0,179.0
638.0,879.0,358.0,-519.0,-262.0,696.0,290.0,325.0,-181.0,161.0
647.0,964.0,381.0,-475.0,-256.0,774.0,143.0,367.0,-221.0,115.0
634.0,1006.0,378.0,-424.0,-232.0,776.0,28.0,517.0,-269.0,64.0
618.0,1010.0,381.0,-381.0,-199.0,651.0,149.0,474.0,-314.0,-27.0
603.0,921.0,374.0,-323.0,-174.0,466.0,243.0,443.0,-354.0,-141.0
577.0,748.0,340.0,-313.0,-161.0,406.0,168.0,363.0,-401.0,-258.0
516.0,560.0,291.0,-308.0,-141.0,470.0,23.0,249.0,-457.0,-387.0
466.0,383.0,246.0,-313.0,-105.0,565.0,-57.0,140.0,-490.0,-505.0
420.0,256.0,187.0,-343.0,-66.0,588.0,-24.0,-46.0,-495.0,-614.0
368.0,199.0,109.0,-359.0,-35.0,564.0,14.0,38.0,-486.0,-702.0
343.0,82.0,58.0,-398.0,-14.0,604.0,-19.0,-9.0,-458.0,-774.0
299.0,-148.0,8.0,-434.0,-5.0,577.0,34.0,-16.0,-400.0,-814.0
259.0,-356.0,-66.0,-446.0,-1.0,538.0,141.0,60.0,-301.0,-840.0
225.0,-462.0,-85.0,-453.0,-2.0,588.0,104.0,3.0,-207.0,-838.0
198.0,-531.0,-87.0,-418.0,-11.0,633.0,1.0,66.0,-105.0,-789.0
155.0,-641.0,-113.0,-363.0,-23.0,633.0,14.0,16.0,0.0,-741.0
99.0,-755.0,-110.0,-302.0,-25.0,586.0,149.0,16.0,93.0,-652.0
45.0,-784.0,-75.0,-212.0,-8.0,594.0,166.0,99.0,211.0,-542.0
-3.0,-724.0,-48.0,-123.0,25.0,609.0,42.0,164.0,323.0,-422.0
-29.0,-644.0,5.0,-20.0,68.0,569.0,-58.0,157.0,418.0,-282.0
-51.0,-557.0,76.0,83.0,114.0,614.0,-76.0,88.0,487.0,-134.0
-72.0,-445.0,106.0,186.0,163.0,642.0,9.0,171.0,538.0,39.0
-90.0,-367.0,139.0,283.0,205.0,610.0,118.0,94.0,555.0,192.0
-90.0,-383.0,171.0,346.0,234.0,682.0,119.0,25.0,547.0,335.0
-105.0,-426.0,207.0,402.0,251.0,833.0,4.0,-72.0,526.0,490.0
-118.0,-404.0,218.0,432.0,252.0,903.0,-19.0,-216.0,474.0,609.0
-109.0,-319.0,225.0,415.0,237.0,868.0,115.0,-138.0,429.0,685.0
-93.0,-195.0,229.0,395.0,213.0,798.0,211.0,-184.0,366.0,744.0
-70.0,-93.0,195.0,408.0,192.0,707.0,159.0,-238.0,297.0,766.0
-32.0,-66.0,164.0,435.0,174.0,683.0,42.0,-286.0,239.0,755.0
27.0,-46.0,121.0,467.0,158.0,711.0,-60.0,-314.0,168.0,714.0
78.0,22.0,90.0,481.0,133.0,767.0,-63.0,-275.0,105.0,650.0
114.0,68.0,64.0,460.0,100.0,772.0,46.0,-199.0,43.0,563.0
153.0,41.0,18.0,424.0,74.0,661.0,121.0,-18.0,-16.0,437.0
208.0,41.0,-13.0,397.0,59.0,677.0,162.0,-62.0,-71.0,312.0
238.0,95.0,-23.0,374.0,47.0,772.0,102.0,-64.0,-112.0,181.0
262.0,143.0,-65.0,329.0,30.0,774.0,-105.0,-112.0,-143.0,65.0
287.0,238.0,-86.0,285.0,9.0,694.0,-218.0,-205.0,-166.0,-40.0
315.0,403.0,-75.0,262.0,-4.0,604.0,-102.0,-138.0,-164.0,-139.0
336.0,533.0,-94.0,243.0,-13.0,578.0,119.0,-290.0,-167.0,-192.0
327.0,538.0,-73.0,249.0,-19.0,546.0,151.0,-214.0,-170.0,-255.0
334.0,443.0,-25.0,258.0,-30.0,459.0,-93.0,-134.0,-163.0,-297.0
312.0,357.0,-15.0,262.0,-46.0,409.0,-200.0,-173.0,-159.0,-304.0
280.0,342.0,25.0,267.0,-64.0,498.0,-2.0,-51.0,-138.0,-295.0
256.0,334.0,106.0,259.0,-80.0,566.0,185.0,-133.0,-106.0,-255.0
207.0,285.0,146.0,232.0,-98.0,546.0,172.0,-62.0,-86.0,-213.0
177.0,204.0,200.0,211.0,-125.0,580.0,9.0,-62.0,-46.0,-152.0
157.0,139.0,279.0,225.0,-147.0,600.0,-142.0,-175.0,11.0,-100.0
136.0,156.0,311.0,220.0,-158.0,577.0,-181.0,-168.0,46.0,-57.0
119.0,228.0,336.0,213.0,-163.0,561.0,-100.0,-223.0,80.0,-15.0
101.0,228.0,382.0,226.0,-160.0,537.0,9.0,-334.0,126.0,12.0
101.0,179.0,381.0,245.0,-148.0,486.0,12.0,-517.0,178.0,44.0
113.0,208.0,370.0,256.0,-126.0,399.0,-64.0,-533.0,213.0,54.0
112.0,312.0,370.0,265.0,-103.0,358.0,-151.0,-668.0,233.0,59.0
131.0,425.0,320.0,269.0,-87.0,321.0,-191.0,-715.0,265.0,48.0
163.0,497.0,273.0,230.0,-83.0,315.0,-127.0,-655.0,297.0,19.0
190.0,443.0,211.0,204.0,-81.0,344.0,18.0,-739.0,332.0,0.0
220.0,232.0,132.0,191.0,-75.0,354.0,55.0,-587.0,371.0,-33.0
234.0,-48.0,52.0,163.0,-72.0,404.0,-140.0,-543.0,404.0,-79.0
250.0,-284.0,-35.0,135.0,-67.0,359.0,-300.0,-452.0,437.0,-125.0
271.0,-446.0,-117.0,83.0,-57.0,344.0,-206.0,-345.0,451.0,-163.0
287.0,-615.0,-213.0,0.0,-40.0,347.0,-24.0,-341.0,457.0,-204.0
289.0,-808.0,-279.0,-71.0,-24.0,218.0,7.0,-253.0,453.0,-250.0
293.0,-915.0,-343.0,-117.0,-7.0,168.0,-109.0,-232.0,439.0,-280.0
302.0,-867.0,-391.0,-159.0,16.0,197.0,-250.0,-149.0,412.0,-296.0
281.0,-736.0,-420.0,-194.0,46.0,263.0,-316.0,-223.0,382.0,-314.0
254.0,-637.0,-443.0,-237.0,82.0,255.0,-315.0,-275.0,326.0,-336.0
227.0,-580.0,-433.0,-302.0,118.0,154.0,-356.0,-328.0,255.0,-354.0
202.0,-514.0,-411.0,-374.0,146.0,197.0,-382.0,-450.0,199.0,-382.0
170.0,-403.0,-349.0,-433.0,164.0,276.0,-342.0,-434.0,133.0,-424.0
138.0,-298.0,-298.0,-477.0,173.0,244.0,-264.0,-596.0,63.0,-451.0
102.0,-256.0,-236.0,-524.0,169.0,209.0,-214.0,-624.0,-16.0,-469.0
57.0,-258.0,-176.0,-569.0,153.0,255.0,-199.0,-727.0,-93.0,-476.0
22.0,-265.0,-144.0,-591.0,123.0,317.0,-158.0,-883.0,-161.0,-455.0
-24.0,-254.0,-76.0,-610.0,77.0,285.0,-209.0,-855.0,-236.0,-441.0
-54.0,-279.0,-46.0,-632.0,25.0,232.0,-350.0,-990.0,-319.0,-426.0
-85.0,-389.0,-18.0,-627.0,-24.0,260.0,-391.0,-909.0,-408.0,-408.0
-123.0,-576.0,17.0,-588.0,-67.0,298.0,-262.0,-825.0,-484.0,-402.0
-153.0,-812.0,21.0,-560.0,-103.0,242.0,-66.0,-740.0,-555.0,-396.0
-184.0,-993.0,13.0,-528.0,-125.0,179.0,-10.0,-663.0,-630.0,-380.0
-210.0,-1056.0,12.0,-468.0,-139.0,250.0,-129.0,-742.0,-702.0,-358.0
-244.0,-1015.0,-6.0,-429.0,-147.0,344.0,-180.0,-742.0,-766.0,-340.0
-255.0,-872.0,-33.0,-386.0,-142.0,360.0,-68.0,-857.0,-827.0,-296.0
-262.0,-631.0,-31.0,-303.0,-123.0,383.0,38.0,-776.0,-854.0,-239.0
-250.0,-377.0,-34.0,-225.0,-97.0,347.0,17.0,-776.0,-858.0,-179.0
-232.0,-175.0,-20.0,-169.0,-72.0,257.0,-18.0,-788.0,-840.0,-105.0
-205.0,12.0,-32.0,-96.0,-52.0,287.0,36.0,-628.0,-795.0,-23.0
-183.0,143.0,-46.0,-14.0,-35.0,397.0,95.0,-628.0,-739.0,67.0
-166.0,176.0,-31.0,28.0,-25.0,392.0,92.0,-413.0,-665.0,144.0
-134.0,173.0,-30.0,52.0,-16.0,292.0,50.0,-363.0,-598.0,208.0
-108.0,233.0,-24.0,43.0,-10.0,267.0,41.0,-341.0,-519.0,284.0
-62.0,413.0,-23.0,27.0,-6.0,371.0,48.0,-214.0,-426.0,345.0
-22.0,663.0,-37.0,47.0,-7.0,463.0,26.0,-247.0,-332.0,387.0
39.0,859.0,-30.0,62.0,-18.0,402.0,-34.0,-223.0,-229.0,434.0
100.0,878.0,-13.0,91.0,-35.0,394.0,-13.0,-328.0,-124.0,460.0
167.0,793.0,-24.0,111.0,-52.0,425.0,111.0,-328.0,-35.0,468.0
230.0,749.0,-11.0,117.0,-59.0,360.0,90.0,-297.0,42.0,451.0
292.0,756.0,-4.0,120.0,-59.0,291.0,-18.0,-338.0,121.0,419.0
368.0,809.0,-18.0,113.0,-52.0,326.0,-11.0,-349.0,188.0,373.0
427.0,864.0,0.0,157.0,-39.0,411.0,95.0,-426.0,253.0,298.0
499.0,862.0,10.0,192.0,-19.0,379.0,188.0,-417.0,310.0,206.0
537.0,763.0,9.0,193.0,8.0,387.0,210.0,-508.0,367.0,110.0
571.0,572.0,19.0,197.0,27.0,371.0,249.0,-471.0,400.0,12.0
606.0,382.0,54.0,186.0,27.0,312.0,307.0,-352.0,418.0,-92.0
623.0,235.0,49.0,178.0,8.0,262.0,287.0,-397.0,436.0,-171.0
615.0,51.0,41.0,157.0,-16.0,189.0,210.0,-389.0,428.0,-230.0
564.0,-210.0,60.0,141.0,-34.0,237.0,213.0,-424.0,419.0,-277.0
526.0,-468.0,39.0,143.0,-36.0,175.0,289.0,-386.0,397.0,-305.0
479.0,-635.0,46.0,101.0,-25.0,100.0,321.0,-410.0,367.0,-293.0
414.0,-721.0,30.0,65.0,-9.0,158.0,280.0,-360.0,344.0,-243.0
355.0,-782.0,-8.0,38.0,9.0,174.0,210.0,-303.0,311.0,-197.0
305.0,-830.0,-11.0,-1.0,27.0,154.0,218.0,-445.0,253.0,-130.0
266.0,-832.0,-22.0,-13.0,38.0,204.0,276.0,-469.0,193.0,-41.0
225.0,-774.0,-50.0,-49.0,43.0,404.0,302.0,-594.0,121.0,50.0
187.0,-637.0,-67.0,-60.0,48.0,530.0,311.0,-587.0,32.0,146.0
167.0,-417.0,-81.0,-41.0,55.0,476.0,335.0,-678.0,-44.0,245.0
155.0,-107.0,-118.0,-44.0,62.0,358.0,329.0,-844.0,-108.0,340.0
155.0,252.0,-105.0,-34.0,69.0,308.0,247.0,-831.0,-161.0,431.0
155.0,551.0,-100.0,-38.0,73.0,277.0,213.0,-958.0,-199.0,508.0
156.0,786.0,-124.0,-41.0,74.0,200.0,271.0,-848.0,-208.0,568.0
157.0,973.0,-135.0,-21.0,74.0,149.0,263.0,-846.0,-201.0,598.0
150.0,1081.0,-170.0,-2.0,66.0,44.0,100.0,-857.0,-162.0,579.0
139.0,1124.0,-195.0,15.0,54.0,-15.0,-43.0,-768.0,-98.0,545.0
122.0,1108.0,-213.0,24.0,49.0,11.0,9.0,-818.0,-39.0,501.0
106.0,1024.0,-252.0,27.0,56.0,127.0,109.0,-746.0,27.0,440.0
73.0,966.0,-299.0,16.0,60.0,320.0,94.0,-794.0,72.0,377.0
31.0,1017.0,-329.0,-12.0,51.0,331.0,43.0,-716.0,102.0,326.0
-25.0,1066.0,-362.0,-34.0,35.0,280.0,43.0,-696.0,140.0,269.0
-75.0,1029.0,-355.0,-48.0,19.0,256.0,18.0,-742.0,159.0,212.0
-123.0,986.0,-322.0,-77.0,-2.0,106.0,-68.0,-602.0,159.0,162.0
-174.0,973.0,-300.0,-103.0,-21.0,-54.0,-84.0,-679.0,156.0,115.0
-240.0,906.0,-254.0,-124.0,-21.0,-113.0,-17.0,-696.0,145.0,58.0
-306.0,758.0,-207.0,-143.0,-14.0,-39.0,15.0,-759.0,123.0,-29.0
-349.0,558.0,-144.0,-117.0,-17.0,-50.0,-73.0,-888.0,101.0,-114.0
-401.0,307.0,-99.0,-76.0,-35.0,-131.0,-210.0,-881.0,76.0,-205.0
-451.0,44.0,-44.0,-29.0,-62.0,-97.0,-247.0,-844.0,57.0,-303.0
-505.0,-119.0,21.0,10.0,-95.0,-125.0,-246.0,-739.0,47.0,-415.0
-538.0,-161.0,85.0,26.0,-131.0,-30.0,-309.0,-777.0,39.0,-511.0
-571.0,-240.0,188.0,68.0,-155.0,147.0,-379.0,-783.0,39.0,-587.0
-600.0,-446.0,244.0,120.0,-160.0,213.0,-344.0,-822.0,26.0,-666.0
-613.0,-677.0,308.0,163.0,-152.0,24.0,-285.0,-855.0,33.0,-698.0
-615.0,-818.0,357.0,176.0,-140.0,-270.0,-326.0,-768.0,58.0,-705.0
-606.0,-923.0,375.0,163.0,-119.0,-115.0,-381.0,-851.0,67.0,-681.0
-586.0,-1093.0,429.0,151.0,-91.0,60.0,-320.0,-798.0,67.0,-640.0
-573.0,-1278.0,436.0,116.0,-73.0,-8.0,-222.0,-812.0,63.0,-573.0
-547.0,-1362.0,418.0,64.0,-64.0,-162.0,-245.0,-890.0,67.0,-480.0
-506.0,-1302.0,400.0,34.0,-53.0,-187.0,-331.0,-981.0,60.0,-408.0
-465.0,-1144.0,372.0,-3.0,-42.0,-8.0,-407.0,-1112.0,64.0,-314.0
-411.0,-933.0,349.0,-51.0,-36.0,-18.0,-479.0,-977.0,70.0,-210.0
-357.0,-719.0,308.0,-86.0,-43.0,-44.0,-529.0,-925.0,64.0,-108.0
-272.0,-532.0,253.0,-133.0,-56.0,-53.0,-496.0,-831.0,69.0,-10.0
-204.0,-388.0,198.0,-134.0,-60.0,-166.0,-408.0,-811.0,78.0,84.0
-107.0,-309.0,128.0,-108.0,-58.0,-270.0,-335.0,-820.0,88.0,195.0
-17.0,-263.0,30.0,-69.0,-60.0,-228.0,-300.0,-831.0,88.0,294.0
57.0,-207.0,-39.0,-19.0,-70.0,-70.0,-344.0,-1034.0,80.0,393.0
158.0,-153.0,-109.0,-5.0,-82.0,-67.0,-383.0,-1006.0,47.0,497.0
228.0,-171.0,-189.0,10.0,-95.0,-98.0,-353.0,-1055.0,4.0,590.0
294.0,-327.0,-237.0,3.0,-116.0,4.0,-246.0,-975.0,-52.0,669.0
336.0,-525.0,-310.0,-15.0,-137.0,87.0,-201.0,-835.0,-144.0,722.0
398.0,-560.0,-345.0,-24.0,-148.0,-47.0,-285.0,-859.0,-248.0,757.0
416.0,-364.0,-374.0,-47.0,-155.0,-244.0,-313.0,-740.0,-363.0,759.0
429.0,-47.0,-429.0,-62.0,-150.0,-287.0,-270.0,-818.0,-472.0,718.0
437.0,255.0,-428.0,-81.0,-136.0,-299.0,-244.0,-800.0,-585.0,665.0
435.0,480.0,-421.0,-89.0,-119.0,-254.0,-257.0,-731.0,-681.0,610.0
439.0,605.0,-398.0,-84.0,-101.0,-115.0,-247.0,-726.0,-742.0,538.0
392.0,593.0,-381.0,-112.0,-84.0,-113.0,-233.0,-668.0,-796.0,453.0
370.0,441.0,-377.0,-139.0,-67.0,-189.0,-288.0,-724.0,-823.0,385.0
347.0,231.0,-379.0,-177.0,-48.0,-195.0,-374.0,-655.0,-832.0,336.0
325.0,69.0,-378.0,-259.0,-30.0,-93.0,-429.0,-713.0,-830.0,298.0
287.0,-44.0,-352.0,-336.0,-9.0,36.0,-398.0,-718.0,-796.0,263.0
245.0,-169.0,-343.0,-373.0,16.0,-58.0,-359.0,-633.0,-742.0,249.0
198.0,-296.0,-325.0,-423.0,45.0,-160.0,-361.0,-644.0,-665.0,232.0
172.0,-319.0,-330.0,-492.0,79.0,-217.0,-356.0,-533.0,-566.0,180.0
137.0,-201.0,-349.0,-542.0,116.0,-292.0,-323.0,-487.0,-453.0,127.0
94.0,-61.0,-369.0,-598.0,148.0,-235.0,-255.0,-358.0,-326.0,78.0
85.0,-5.0,-399.0,-660.0,176.0,-171.0,-256.0,-358.0,-209.0,11.0
71.0,51.0,-431.0,-694.0,206.0,-160.0,-278.0,-450.0,-92.0,-69.0
63.0,309.0,-438.0,-716.0,235.0,-283.0,-263.0,-410.0,8.0,-121.0
34.0,732.0,-408.0,-737.0,260.0,-429.0,-288.0,-465.0,82.0,-168.0
41.0,1019.0,-426.0,-720.0,268.0,-418.0,-335.0,-456.0,142.0,-218.0
16.0,1082.0,-444.0,-679.0,257.0,-287.0,-338.0,-558.0,171.0,-239.0
-9.0,1131.0,-457.0,-621.0,239.0,-183.0,-289.0,-694.0,172.0,-245.0
-32.0,1232.0,-461.0,-532.0,218.0,-244.0,-251.0,-790.0,165.0,-254.0
-65.0,1279.0,-433.0,-412.0,195.0,-381.0,-286.0,-870.0,152.0,-260.0
-85.0,1197.0,-392.0,-262.0,164.0,-577.0,-402.0,-796.0,115.0,-234.0
-142.0,949.0,-343.0,-97.0,133.0,-771.0,-481.0,-742.0,59.0,-212.0
-182.0,534.0,-335.0,62.0,110.0,-746.0,-409.0,-607.0,-24.0,-180.0
-249.0,16.0,-280.0,178.0,91.0,-619.0,-255.0,-569.0,-117.0,-136.0
-297.0,-414.0,-221.0,251.0,79.0,-700.0,-174.0,-445.0,-176.0,-83.0
-370.0,-651.0,-193.0,280.0,78.0,-821.0,-188.0,-214.0,-226.0,-8.0
-431.0,-791.0,-121.0,279.0,85.0,-780.0,-236.0,-223.0,-271.0,48.0
-472.0,-984.0,-66.0,280.0,88.0,-704.0,-295.0,-206.0,-313.0,127.0
-518.0,-1278.0,-7.0,260.0,83.0,-644.0,-298.0,-277.0,-326.0,220.0
-526.0,-1586.0,53.0,204.0,72.0,-613.0,-272.0,-306.0,-318.0,314.0
-546.0,-1754.0,65.0,138.0,51.0,-661.0,-283.0,-303.0,-308.0,394.0
-534.0,-1707.0,80.0,55.0,23.0,-799.0,-299.0,-338.0,-265.0,474.0
-521.0,-1540.0,118.0,-22.0,-6.0,-904.0,-315.0,-269.0,-204.0,548.0
-481.0,-1302.0,124.0,-65.0,-37.0,-931.0,-294.0,-347.0,-137.0,570.0
-441.0,-989.0,123.0,-107.0,-62.0,-830.0,-251.0,-341.0,-77.0,602.0
-402.0,-644.0,129.0,-103.0,-85.0,-766.0,-201.0,-426.0,-25.0,631.0
-357.0,-276.0,120.0,-83.0,-104.0,-820.0,-172.0,-498.0,42.0,654.0
-311.0,83.0,119.0,-82.0,-116.0,-734.0,-249.0,-461.0,103.0,679.0
-242.0,389.0,114.0,-62.0,-122.0,-653.0,-315.0,-617.0,149.0,688.0
-189.0,677.0,75.0,-32.0,-131.0,-633.0,-269.0,-668.0,193.0,713.0
-123.0,980.0,33.0,13.0,-143.0,-630.0,-152.0,-790.0,202.0,741.0
-57.0,1238.0,35.0,62.0,-147.0,-605.0,-106.0,-787.0,185.0,734.0
12.0,1384.0,50.0,143.0,-134.0,-581.0,-174.0,-737.0,149.0,710.0
67.0,1391.0,57.0,232.0,-108.0,-715.0,-267.0,-709.0,108.0,684.0
127.0,1282.0,45.0,292.0,-75.0,-812.0,-331.0,-432.0,60.0,606.0
195.0,1129.0,41.0,340.0,-41.0,-785.0,-327.0,-356.0,-13.0,519.0
229.0,1021.0,53.0,346.0,-12.0,-747.0,-337.0,-299.0,-93.0,449.0
261.0,1007.0,49.0,313.0,11.0,-761.0,-367.0,-332.0,-174.0,374.0
300.0,972.0,80.0,277.0,28.0,-728.0,-362.0,-388.0,-243.0,307.0
329.0,749.0,115.0,204.0,33.0,-665.0,-352.0,-330.0,-326.0,246.0
369.0,411.0,116.0,80.0,28.0,-762.0,-378.0,-441.0,-405.0,215.0
392.0,165.0,130.0,-49.0,19.0,-824.0,-370.0,-404.0,-462.0,179.0
411.0,38.0,155.0,-169.0,15.0,-771.0,-274.0,-360.0,-523.0,135.0
424.0,-94.0,151.0,-269.0,21.0,-689.0,-201.0,-404.0,-551.0,119.0
416.0,-299.0,158.0,-335.0,24.0,-603.0,-204.0,-482.0,-562.0,116.0
421.0,-518.0,164.0,-355.0,19.0,-565.0,-224.0,-515.0,-566.0,104.0
399.0,-646.0,129.0,-373.0,5.0,-486.0,-176.0,-482.0,-570.0,90.0
370.0,-655.0,117.0,-400.0,-10.0,-484.0,-167.0,-508.0,-583.0,96.0
317.0,-640.0,65.0,-421.0,-29.0,-597.0,-223.0,-447.0,-577.0,108.0
254.0,-679.0,0.0,-422.0,-58.0,-688.0,-263.0,-474.0,-561.0,114.0
197.0,-764.0,-43.0,-387.0,-92.0,-720.0,-335.0,-410.0,-537.0,103.0
119.0,-810.0,-140.0,-360.0,-127.0,-650.0,-395.0,-315.0,-503.0,106.0
35.0,-775.0,-196.0,-309.0,-159.0,-502.0,-373.0,-267.0,-438.0,107.0
-54.0,-744.0,-238.0,-256.0,-185.0,-335.0,-274.0,-84.0,-345.0,78.0
-124.0,-747.0,-319.0,-237.0,-198.0,-375.0,-224.0,-109.0,-252.0,69.0
-219.0,-744.0,-382.0,-204.0,-194.0,-502.0,-234.0,-75.0,-159.0,73.0
-299.0,-743.0,-451.0,-174.0,-181.0,-460.0,-215.0,-105.0,-77.0,74.0
-369.0,-825.0,-511.0,-159.0,-160.0,-279.0,-211.0,-238.0,-6.0,74.0
-444.0,-1005.0,-543.0,-136.0,-135.0,-75.0,-257.0,-303.0,52.0,83.0
-510.0,-1157.0,-580.0,-109.0,-111.0,-125.0,-280.0,-500.0,100.0,98.0
-584.0,-1160.0,-604.0,-83.0,-94.0,-170.0,-258.0,-498.0,156.0,95.0
-621.0,-1020.0,-639.0,-49.0,-78.0,-159.0,-241.0,-567.0,215.0,89.0
-650.0,-870.0,-674.0,-38.0,-58.0,-267.0,-255.0,-594.0,264.0,110.0
-671.0,-759.0,-667.0,-20.0,-36.0,-290.0,-296.0,-463.0,299.0,128.0
-680.0,-630.0,-642.0,-16.0,-27.0,-272.0,-355.0,-484.0,311.0,137.0
-666.0,-449.0,-604.0,-70.0,-28.0,-277.0,-352.0,-363.0,302.0,170.0
-661.0,-229.0,-572.0,-130.0,-20.0,-442.0,-300.0,-354.0,299.0,199.0
-632.0,31.0,-528.0,-169.0,0.0,-617.0,-284.0,-412.0,295.0,208.0
-579.0,332.0,-488.0,-189.0,25.0,-669.0,-241.0,-373.0,284.0,213.0
-540.0,654.0,-458.0,-204.0,48.0,-574.0,-187.0,-323.0,269.0,231.0
-491.0,1032.0,-377.0,-154.0,67.0,-348.0,-185.0,-188.0,254.0,224.0
-455.0,1444.0,-330.0,-48.0,77.0,-269.0,-269.0,-123.0,251.0,211.0
-394.0,1759.0,-287.0,56.0,84.0,-196.0,-331.0,-29.0,240.0,233.0
-346.0,1877.0,-221.0,171.0,91.0,-241.0,-281.0,-36.0,226.0,260.0
-295.0,1829.0,-226.0,247.0,98.0,-358.0,-229.0,-60.0,204.0,276.0
-229.0,1710.0,-207.0,356.0,99.0,-338.0,-192.0,-114.0,175.0,284.0
-178.0,1567.0,-177.0,484.0,94.0,-426.0,-174.0,-227.0,157.0,310.0
-122.0,1362.0,-183.0,524.0,93.0,-586.0,-160.0,-227.0,116.0,329.0
-88.0,1074.0,-150.0,522.0,95.0,-750.0,-185.0,-389.0,76.0,327.0
-44.0,757.0,-132.0,511.0,101.0,-782.0,-243.0,-391.0,45.0,336.0
-11.0,435.0,-128.0,491.0,110.0,-671.0,-246.0,-406.0,3.0,337.0
-6.0,89.0,-117.0,460.0,116.0,-642.0,-218.0,-461.0,-38.0,328.0
5.0,-282.0,-107.0,391.0,113.0,-640.0,-166.0,-317.0,-76.0,295.0
8.0,-595.0,-71.0,297.0,107.0,-514.0,-130.0,-369.0,-117.0,254.0
0.0,-781.0,-74.0,201.0,108.0,-382.0,-116.0,-375.0,-153.0,235.0
-4.0,-910.0,-28.0,108.0,111.0,-431.0,-99.0,-473.0,-176.0,186.0
-19.0,-1100.0,25.0,34.0,113.0,-573.0,-96.0,-546.0,-217.0,132.0
-33.0,-1351.0,26.0,-49.0,114.0,-739.0,-63.0,-506.0,-252.0,109.0
-44.0,-1530.0,75.0,-146.0,113.0,-840.0,-26.0,-550.0,-262.0,82.0
-54.0,-1515.0,104.0,-222.0,101.0,-839.0,-7.0,-426.0,-265.0,60.0
-65.0,-1362.0,133.0,-288.0,74.0,-866.0,-12.0,-419.0,-258.0,28.0
-72.0,-1156.0,182.0,-332.0,38.0,-857.0,-54.0,-400.0,-228.0,-7.0
-79.0,-875.0,233.0,-356.0,2.0,-838.0,-72.0,-389.0,-186.0,-44.0
-80.0,-568.0,263.0,-394.0,-27.0,-776.0,-78.0,-386.0,-151.0,-104.0
-74.0,-299.0,273.0,-443.0,-48.0,-667.0,-113.0,-282.0,-112.0,-157.0
-71.0,-22.0,267.0,-482.0,-63.0,-642.0,-171.0,-264.0,-81.0,-193.0
-59.0,323.0,234.0,-503.0,-79.0,-649.0,-189.0,-151.0,-75.0,-227.0
-59.0,731.0,226.0,-544.0,-91.0,-649.0,-119.0,-221.0,-75.0,-272.0
-49.0,1138.0,189.0,-574.0,-94.0,-600.0,-57.0,-218.0,-84.0,-312.0
-52.0,1421.0,160.0,-548.0,-87.0,-656.0,-68.0,-253.0,-109.0,-336.0
-69.0,1445.0,116.0,-506.0,-79.0,-795.0,-100.0,-434.0,-150.0,-353.0
-80.0,1201.0,62.0,-454.0,-81.0,-871.0,-121.0,-315.0,-161.0,-361.0
-108.0,809.0,9.0,-385.0,-90.0,-922.0,-134.0,-325.0,-174.0,-329.0
-127.0,447.0,-67.0,-302.0,-98.0,-922.0,-106.0,-227.0,-204.0,-265.0
-159.0,177.0,-98.0,-242.0,-95.0,-952.0,-79.0,-190.0,-249.0,-172.0
-188.0,-6.0,-145.0,-200.0,-78.0,-940.0,-103.0,-232.0,-309.0,-65.0
-213.0,-89.0,-193.0,-173.0,-58.0,-813.0,-147.0,-173.0,-353.0,51.0
-248.0,-100.0,-204.0,-161.0,-42.0,-690.0,-147.0,-352.0,-402.0,173.0
-275.0,-71.0,-228.0,-148.0,-42.0,-651.0,-86.0,-338.0,-448.0,247.0
-301.0,-66.0,-237.0,-142.0,-59.0,-731.0,-38.0,-354.0,-509.0,322.0
-309.0,-115.0,-238.0,-120.0,-89.0,-855.0,-59.0,-386.0,-567.0,390.0
-328.0,-149.0,-244.0,-108.0,-124.0,-867.0,-103.0,-315.0,-618.0,437.0
-362.0,-87.0,-232.0,-92.0,-153.0,-777.0,-76.0,-293.0,-658.0,489.0
-381.0,64.0,-241.0,-71.0,-175.0,-704.0,-29.0,-190.0,-663.0,521.0
-392.0,182.0,-239.0,-62.0,-193.0,-717.0,-47.0,-230.0,-672.0,555.0
-403.0,89.0,-209.0,-31.0,-212.0,-801.0,-102.0,-168.0,-662.0,547.0
-404.0,-284.0,-201.0,-5.0,-228.0,-776.0,-115.0,-149.0,-628.0,517.0
-396.0,-792.0,-185.0,-1.0,-227.0,-778.0,-61.0,-94.0,-579.0,473.0
-385.0,-1230.0,-184.0,22.0,-207.0,-894.0,-52.0,12.0,-517.0,394.0
-366.0,-1486.0,-155.0,37.0,-170.0,-896.0,-98.0,-75.0,-461.0,299.0
-341.0,-1577.0,-105.0,16.0,-126.0,-858.0,-109.0,-24.0,-400.0,197.0
-317.0,-1519.0,-88.0,-7.0,-76.0,-834.0,-59.0,-90.0,-341.0,119.0
-316.0,-1316.0,-59.0,-54.0,-21.0,-874.0,3.0,-149.0,-274.0,30.0
-316.0,-1012.0,-44.0,-75.0,29.0,-863.0,36.0,-227.0,-196.0,-42.0
-303.0,-654.0,-41.0,-89.0,60.0,-747.0,4.0,-303.0,-120.0,-65.0
-285.0,-302.0,-11.0,-101.0,71.0,-784.0,-27.0,-216.0,-57.0,-93.0
-280.0,-13.0,21.0,-66.0,65.0,-748.0,44.0,-186.0,0.0,-100.0
-297.0,181.0,36.0,-29.0,56.0,-650.0,131.0,16.0,50.0,-79.0
-297.0,284.0,38.0,24.0,57.0,-669.0,183.0,36.0,92.0,-61.0
-308.0,307.0,28.0,69.0,68.0,-755.0,183.0,40.0,121.0,-49.0
-332.0,290.0,28.0,110.0,83.0,-865.0,129.0,72.0,132.0,-53.0
-351.0,276.0,24.0,177.0,94.0,-812.0,68.0,-83.0,117.0,-41.0
-371.0,264.0,33.0,242.0,90.0,-717.0,56.0,-97.0,90.0,-53.0
-401.0,215.0,52.0,303.0,66.0,-669.0,142.0,-147.0,72.0,-90.0
-439.0,132.0,65.0,349.0,25.0,-638.0,226.0,-81.0,56.0,-106.0
-445.0,69.0,59.0,360.0,-18.0,-608.0,224.0,-70.0,44.0,-127.0
-455.0,-13.0,34.0,357.0,-56.0,-532.0,158.0,-66.0,28.0,-153.0
-452.0,-146.0,39.0,339.0,-87.0,-543.0,102.0,33.0,-4.0,-197.0
-445.0,-264.0,-13.0,297.0,-109.0,-425.0,128.0,-29.0,-38.0,-226.0
-427.0,-339.0,-72.0,252.0,-114.0,-261.0,176.0,24.0,-81.0,-256.0
-392.0,-370.0,-105.0,184.0,-101.0,-269.0,171.0,-60.0,-120.0,-307.0
-362.0,-288.0,-179.0,121.0,-83.0,-326.0,133.0,-129.0,-128.0,-347.0
-318.0,-63.0,-232.0,89.0,-60.0,-425.0,135.0,-86.0,-129.0,-386.0
-284.0,157.0,-313.0,55.0,-25.0,-468.0,202.0,-92.0,-121.0,-407.0
-244.0,236.0,-391.0,72.0,23.0,-574.0,255.0,-12.0,-89.0,-434.0
-210.0,242.0,-451.0,121.0,73.0,-648.0,258.0,-75.0,-43.0,-450.0
-185.0,335.0,-531.0,167.0,112.0,-683.0,245.0,3.0,-9.0,-436.0
-152.0,588.0,-599.0,227.0,141.0,-685.0,271.0,27.0,11.0,-427.0
-119.0,943.0,-645.0,262.0,167.0,-634.0,303.0,40.0,17.0,-398.0
-84.0,1290.0,-653.0,298.0,196.0,-635.0,255.0,212.0,15.0,-325.0
-47.0,1564.0,-670.0,305.0,216.0,-472.0,177.0,238.0,9.0,-231.0
-11.0,1721.0,-660.0,311.0,220.0,-513.0,121.0,388.0,-10.0,-130.0
38.0,1699.0,-605.0,285.0,209.0,-665.0,118.0,360.0,-24.0,-30.0
80.0,1490.0,-548.0,204.0,185.0,-718.0,149.0,338.0,-28.0,63.0
117.0,1194.0,-500.0,171.0,154.0,-800.0,138.0,419.0,-17.0,142.0
167.0,916.0,-406.0,87.0,122.0,-796.0,107.0,397.0,-4.0,176.0
207.0,678.0,-313.0,-11.0,100.0,-864.0,77.0,388.0,8.0,203.0
232.0,437.0,-232.0,-87.0,92.0,-939.0,30.0,251.0,40.0,225.0
237.0,171.0,-103.0,-178.0,93.0,-987.0,-6.0,293.0,81.0,213.0
257.0,-48.0,-11.0,-251.0,87.0,-860.0,14.0,271.0,144.0,198.0
261.0,-160.0,94.0,-327.0,58.0,-611.0,115.0,334.0,207.0,185.0
257.0,-190.0,184.0,-378.0,14.0,-442.0,206.0,399.0,262.0,157.0
255.0,-146.0,226.0,-418.0,-31.0,-358.0,179.0,190.0,336.0,115.0
258.0,-93.0,286.0,-449.0,-64.0,-516.0,138.0,162.0,399.0,77.0
255.0,-196.0,342.0,-468.0,-79.0,-586.0,165.0,-48.0,463.0,37.0
239.0,-515.0,367.0,-496.0,-73.0,-553.0,195.0,-188.0,519.0,-14.0
237.0,-909.0,418.0,-529.0,-42.0,-659.0,213.0,-201.0,530.0,-90.0
221.0,-1190.0,465.0,-566.0,6.0,-751.0,182.0,-288.0,517.0,-166.0
207.0,-1349.0,429.0,-577.0,63.0,-815.0,137.0,-140.0,483.0,-229.0
176.0,-1441.0,414.0,-602.0,122.0,-758.0,151.0,-29.0,425.0,-290.0
150.0,-1406.0,434.0,-633.0,183.0,-717.0,186.0,90.0,356.0,-336.0
118.0,-1218.0,412.0,-647.0,236.0,-681.0,157.0,182.0,263.0,-359.0
85.0,-983.0,341.0,-682.0,272.0,-590.0,81.0,280.0,145.0,-374.0
57.0,-779.0,345.0,-706.0,293.0,-593.0,38.0,334.0,23.0,-392.0
11.0,-561.0,315.0,-681.0,302.0,-579.0,31.0,216.0,-80.0,-412.0
-25.0,-223.0,222.0,-617.0,298.0,-583.0,73.0,169.0,-155.0,-434.0
-86.0,278.0,220.0,-553.0,286.0,-466.0,107.0,36.0,-213.0,-466.0
-123.0,781.0,166.0,-472.0,258.0,-434.0,132.0,90.0,-259.0,-498.0
-164.0,1042.0,89.0,-374.0,210.0,-558.0,149.0,195.0,-297.0,-503.0
-209.0,973.0,39.0,-297.0,145.0,-507.0,110.0,190.0,-322.0,-476.0
-237.0,650.0,-20.0,-189.0,72.0,-482.0,34.0,325.0,-324.0,-437.0
-269.0,178.0,-65.0,-84.0,0.0,-394.0,-28.0,256.0,-342.0,-371.0
-287.0,-333.0,-106.0,-4.0,-67.0,-231.0,-20.0,227.0,-357.0,-279.0
-322.0,-716.0,-148.0,65.0,-115.0,-161.0,-29.0,133.0,-371.0,-151.0
-347.0,-863.0,-180.0,113.0,-145.0,-229.0,-88.0,12.0,-395.0,-26.0
-371.0,-791.0,-210.0,156.0,-162.0,-484.0,-152.0,24.0,-412.0,83.0
-398.0,-554.0,-228.0,179.0,-171.0,-567.0,-176.0,-103.0,-432.0,204.0
-425.0,-214.0,-222.0,208.0,-179.0,-426.0,-135.0,-131.0,-440.0,305.0
-436.0,131.0,-207.0,231.0,-191.0,-345.0,-113.0,-194.0,-423.0,378.0
-426.0,432.0,-174.0,232.0,-212.0,-353.0,-124.0,-171.0,-388.0,418.0
-432.0,712.0,-164.0,273.0,-236.0,-273.0,-158.0,-160.0,-349.0,453.0
-427.0,978.0,-160.0,332.0,-249.0,-72.0,-218.0,-182.0,-298.0,449.0
-426.0,1213.0,-139.0,387.0,-245.0,-31.0,-248.0,-27.0,-242.0,418.0
-425.0,1388.0,-100.0,456.0,-232.0,-100.0,-253.0,12.0,-172.0,396.0
-423.0,1502.0,-36.0,519.0,-220.0,-106.0,-244.0,84.0,-104.0,355.0
-428.0,1540.0,13.0,537.0,-218.0,-80.0,-205.0,31.0,-73.0,306.0
-415.0,1428.0,56.0,551.0,-224.0,-110.0,-151.0,33.0,-54.0,250.0
-408.0,1104.0,114.0,564.0,-230.0,-181.0,-143.0,138.0,-42.0,220.0
-403.0,649.0,183.0,563.0,-230.0,-250.0,-187.0,155.0,-36.0,208.0
-379.0,226.0,226.0,611.0,-224.0,-293.0,-222.0,291.0,-16.0,186.0
-364.0,-157.0,274.0,648.0,-211.0,-177.0,-213.0,304.0,12.0,177.0
-346.0,-577.0,325.0,669.0,-185.0,-27.0,-182.0,360.0,40.0,202.0
-320.0,-1045.0,339.0,695.0,-146.0,52.0,-195.0,362.0,81.0,221.0
-294.0,-1511.0,334.0,681.0,-100.0,-18.0,-222.0,395.0,117.0,232.0
-260.0,-1868.0,335.0,666.0,-58.0,-164.0,-213.0,500.0,144.0,276.0
-222.0,-2047.0,291.0,667.0,-31.0,-241.0,-174.0,426.0,181.0,325.0
-186.0,-2069.0,235.0,650.0,-16.0,-287.0,-76.0,517.0,220.0,354.0
-147.0,-1955.0,209.0,610.0,-8.0,-292.0,9.0,448.0,248.0,347.0
-107.0,-1713.0,143.0,536.0,-4.0,-351.0,-18.0,413.0,249.0,348.0
-75.0,-1442.0,96.0,437.0,-12.0,-400.0,-109.0,460.0,221.0,338.0
-45.0,-1269.0,36.0,328.0,-25.0,-442.0,-159.0,404.0,182.0,287.0
-39.0,-1182.0,-25.0,198.0,-33.0,-478.0,-126.0,574.0,147.0,236.0
-28.0,-1104.0,-56.0,62.0,-31.0,-329.0,-79.0,558.0,118.0,173.0
-15.0,-990.0,-95.0,-107.0,-27.0,-186.0,-81.0,546.0,89.0,77.0
-17.0,-819.0,-133.0,-287.0,-30.0,-275.0,-109.0,543.0,51.0,-52.0
-21.0,-602.0,-165.0,-433.0,-27.0,-418.0,-102.0,485.0,9.0,-171.0
-45.0,-368.0,-187.0,-572.0,-21.0,-465.0,-41.0,487.0,-30.0,-303.0
-67.0,-154.0,-202.0,-681.0,-13.0,-424.0,26.0,352.0,-79.0,-459.0
-99.0,119.0,-199.0,-764.0,-4.0,-434.0,42.0,290.0,-123.0,-591.0
-133.0,514.0,-203.0,-799.0,12.0,-540.0,-7.0,184.0,-180.0,-696.0
-166.0,917.0,-192.0,-786.0,43.0,-577.0,-28.0,230.0,-225.0,-778.0
-193.0,1243.0,-207.0,-739.0,75.0,-584.0,-15.0,288.0,-238.0,-841.0
-204.0,1568.0,-205.0,-649.0,94.0,-599.0,-23.0,271.0,-223.0,-869.0
-214.0,1975.0,-193.0,-579.0,90.0,-563.0,-33.0,439.0,-192.0,-844.0
-212.0,2358.0,-195.0,-506.0,78.0,-524.0,-49.0,415.0,-157.0,-809.0
-216.0,2584.0,-158.0,-432.0,68.0,-492.0,-66.0,397.0,-101.0,-769.0
-207.0,2621.0,-119.0,-370.0,60.0,-451.0,-93.0,391.0,-24.0,-701.0
-182.0,2380.0,-63.0,-311.0,52.0,-415.0,-77.0,382.0,69.0,-642.0
-161.0,1827.0,-15.0,-282.0,49.0,-320.0,-42.0,352.0,167.0,-570.0
-135.0,1159.0,64.0,-281.0,53.0,-325.0,-18.0,242.0,256.0,-477.0
-102.0,614.0,120.0,-297.0,54.0,-289.0,15.0,301.0,345.0,-382.0
-78.0,280.0,185.0,-321.0,55.0,-131.0,46.0,258.0,424.0,-273.0
-59.0,125.0,274.0,-365.0,64.0,-227.0,90.0,349.0,473.0,-183.0
-25.0,52.0,305.0,-377.0,90.0,-369.0,134.0,471.0,521.0,-97.0
-1.0,-24.0,398.0,-337.0,131.0,-440.0,147.0,471.0,571.0,0.0
19.0,-86.0,435.0,-273.0,170.0,-369.0,134.0,495.0,600.0,65.0
36.0,-130.0,458.0,-162.0,201.0,-204.0,127.0,352.0,619.0,121.0
48.0,-240.0,510.0,-28.0,226.0,-250.0,138.0,304.0,606.0,178.0
55.0,-431.0,471.0,92.0,246.0,-223.0,154.0,129.0,553.0,197.0
48.0,-670.0,471.0,185.0,255.0,-54.0,164.0,-36.0,501.0,187.0
40.0,-875.0,468.0,266.0,250.0,73.0,189.0,-51.0,446.0,177.0
31.0,-962.0,441.0,325.0,242.0,93.0,257.0,-125.0,395.0,171.0
39.0,-963.0,441.0,323.0,238.0,35.0,327.0,-48.0,357.0,164.0
41.0,-990.0,389.0,288.0,244.0,-102.0,347.0,-14.0,300.0,162.0
62.0,-1165.0,320.0,238.0,247.0,-278.0,310.0,116.0,239.0,191.0
85.0,-1370.0,261.0,146.0,236.0,-197.0,275.0,206.0,181.0,235.0
97.0,-1348.0,170.0,46.0,206.0,11.0,275.0,168.0,118.0,250.0
127.0,-1096.0,86.0,-27.0,159.0,137.0,313.0,282.0,66.0,251.0
153.0,-800.0,35.0,-73.0,102.0,168.0,369.0,271.0,17.0,246.0
175.0,-535.0,-54.0,-74.0,51.0,54.0,336.0,310.0,-49.0,239.0
178.0,-213.0,-157.0,-48.0,12.0,-20.0,227.0,308.0,-126.0,201.0
190.0,216.0,-207.0,-6.0,-23.0,-22.0,186.0,315.0,-183.0,124.0
189.0,637.0,-273.0,59.0,-65.0,-77.0,229.0,404.0,-237.0,63.0
193.0,925.0,-324.0,141.0,-110.0,-61.0,314.0,290.0,-291.0,-8.0
192.0,1153.0,-354.0,221.0,-146.0,-9.0,375.0,327.0,-344.0,-114.0
183.0,1381.0,-386.0,274.0,-168.0,-34.0,369.0,338.0,-417.0,-213.0
193.0,1540.0,-369.0,309.0,-175.0,4.0,357.0,339.0,-495.0,-290.0
181.0,1584.0,-374.0,372.0,-171.0,50.0,349.0,362.0,-591.0,-375.0
174.0,1504.0,-333.0,423.0,-157.0,99.0,322.0,341.0,-675.0,-458.0
151.0,1289.0,-279.0,442.0,-130.0,133.0,322.0,327.0,-744.0,-515.0
141.0,967.0,-258.0,458.0,-105.0,107.0,366.0,162.0,-802.0,-539.0
117.0,636.0,-168.0,457.0,-86.0,209.0,392.0,125.0,-813.0,-564.0
92.0,279.0,-113.0,447.0,-60.0,262.0,403.0,46.0,-816.0,-562.0
78.0,-101.0,-78.0,397.0,-27.0,152.0,378.0,99.0,-793.0,-502.0
55.0,-379.0,-17.0,325.0,5.0,29.0,341.0,232.0,-737.0,-448.0
50.0,-504.0,50.0,242.0,28.0,6.0,383.0,358.0,-673.0,-399.0
29.0,-619.0,76.0,134.0,37.0,37.0,434.0,585.0,-581.0,-345.0
25.0,-818.0,67.0,10.0,32.0,48.0,428.0,565.0,-474.0,-267.0
-16.0,-929.0,98.0,-141.0,17.0,161.0,342.0,631.0,-361.0,-190.0
-32.0,-842.0,129.0,-250.0,-3.0,151.0,231.0,641.0,-246.0,-138.0
-58.0,-631.0,154.0,-321.0,-26.0,46.0,183.0,596.0,-135.0,-40.0
-75.0,-408.0,141.0,-384.0,-51.0,89.0,189.0,578.0,-26.0,59.0
-70.0,-230.0,191.0,-405.0,-71.0,129.0,224.0,365.0,77.0,142.0
-99.0,-130.0,185.0,-394.0,-85.0,95.0,239.0,279.0,180.0,236.0
-95.0,-118.0,120.0,-364.0,-98.0,-13.0,221.0,240.0,286.0,333.0
-127.0,-80.0,161.0,-328.0,-105.0,-14.0,188.0,317.0,412.0,422.0
-149.0,25.0,147.0,-306.0,-97.0,121.0,169.0,330.0,545.0,492.0
-194.0,105.0,149.0,-273.0,-67.0,104.0,175.0,321.0,669.0,568.0
-232.0,92.0,173.0,-238.0,-15.0,-2.0,155.0,497.0,790.0,643.0
-261.0,67.0,164.0,-243.0,46.0,18.0,90.0,419.0,894.0,696.0
-291.0,144.0,177.0,-271.0,99.0,109.0,17.0,434.0,946.0,732.0
-302.0,321.0,168.0,-288.0,127.0,105.0,-10.0,445.0,962.0,748.0
-315.0,504.0,150.0,-291.0,126.0,100.0,2.0,415.0,956.0,744.0
-297.0,618.0,128.0,-262.0,110.0,81.0,-7.0,535.0,942.0,719.0
-295.0,670.0,95.0,-194.0,87.0,12.0,-15.0,495.0,932.0,690.0
-276.0,651.0,81.0,-118.0,58.0,47.0,-11.0,598.0,914.0,667.0
-276.0,554.0,48.0,-22.0,28.0,91.0,-51.0,700.0,873.0,656.0
-251.0,413.0,0.0,74.0,-2.0,164.0,-108.0,822.0,820.0,641.0
-212.0,215.0,-10.0,141.0,-22.0,69.0,-124.0,907.0,780.0,629.0
-182.0,-9.0,-38.0,221.0,-27.0,-171.0,-79.0,838.0,744.0,639.0
-151.0,-251.0,-62.0,281.0,-26.0,-175.0,-34.0,846.0,706.0,628.0
-138.0,-481.0,-58.0,311.0,-25.0,-81.0,-13.0,746.0,622.0,599.0
-125.0,-540.0,-59.0,352.0,-24.0,-18.0,-55.0,783.0,513.0,570.0
-132.0,-439.0,-59.0,379.0,-18.0,-75.0,-102.0,750.0,415.0,525.0
-132.0,-384.0,-54.0,389.0,-6.0,-145.0,-88.0,737.0,306.0,459.0
-142.0,-417.0,-41.0,387.0,0.0,-210.0,-68.0,761.0,217.0,365.0
-139.0,-449.0,-44.0,356.0,3.0,-214.0,-32.0,578.0,127.0,265.0
-129.0,-436.0,-40.0,308.0,9.0,-8.0,-43.0,628.0,38.0,159.0
-113.0,-380.0,7.0,252.0,13.0,25.0,-76.0,606.0,-47.0,43.0
-93.0,-278.0,33.0,184.0,14.0,-55.0,-84.0,591.0,-97.0,-46.0
-80.0,-101.0,94.0,133.0,8.0,-148.0,-113.0,633.0,-96.0,-108.0
-74.0,33.0,163.0,105.0,-7.0,-156.0,-144.0,626.0,-74.0,-149.0
-78.0,43.0,212.0,61.0,-32.0,44.0,-151.0,724.0,-41.0,-165.0
-60.0,80.0,286.0,15.0,-67.0,50.0,-98.0,776.0,-9.0,-153.0
-49.0,192.0,329.0,-21.0,-102.0,31.0,-20.0,927.0,46.0,-115.0
-18.0,245.0,391.0,-53.0,-133.0,-20.0,-10.0,946.0,97.0,-69.0
7.0,135.0,438.0,-81.0,-152.0,-149.0,-52.0,934.0,140.0,-7.0
37.0,-27.0,474.0,-100.0,-148.0,-190.0,-84.0,907.0,157.0,89.0
77.0,-102.0,529.0,-117.0,-127.0,-178.0,-66.0,835.0,153.0,171.0
90.0,-129.0,548.0,-141.0,-103.0,-4.0,-31.0,912.0,156.0,237.0
97.0,-168.0,535.0,-147.0,-84.0,-54.0,-45.0,733.0,135.0,297.0
92.0,-238.0,558.0,-121.0,-71.0,-121.0,-65.0,641.0,128.0,329.0
73.0,-332.0,571.0,-99.0,-67.0,42.0,-72.0,508.0,100.0,343.0
36.0,-388.0,545.0,-97.0,-70.0,212.0,-79.0,280.0,40.0,314.0
4.0,-299.0,526.0,-96.0,-70.0,279.0,-59.0,319.0,-2.0,277.0
-14.0,-173.0,469.0,-81.0,-60.0,142.0,-21.0,341.0,-40.0,213.0
-34.0,-151.0,413.0,-55.0,-38.0,25.0,-2.0,548.0,-86.0,104.0
-55.0,-132.0,357.0,-34.0,-2.0,-100.0,-43.0,630.0,-140.0,-2.0
-46.0,-132.0,266.0,0.0,34.0,-125.0,-118.0,620.0,-181.0,-135.0
-33.0,-191.0,161.0,38.0,62.0,-25.0,-133.0,611.0,-220.0,-257.0
-32.0,-229.0,93.0,70.0,77.0,50.0,-52.0,495.0,-248.0,-392.0
-17.0,-160.0,-15.0,131.0,77.0,86.0,1.0,533.0,-273.0,-524.0
-10.0,50.0,-155.0,189.0,71.0,58.0,-7.0,419.0,-295.0,-602.0
1.0,325.0,-226.0,202.0,62.0,186.0,-34.0,415.0,-289.0,-681.0
28.0,586.0,-351.0,181.0,54.0,394.0,-65.0,400.0,-277.0,-734.0
62.0,762.0,-435.0,139.0,44.0,481.0,-60.0,299.0,-242.0,-752.0
94.0,833.0,-443.0,68.0,30.0,354.0,-91.0,328.0,-174.0,-764.0
140.0,886.0,-492.0,0.0,9.0,182.0,-173.0,205.0,-85.0,-773.0
173.0,905.0,-529.0,-55.0,-16.0,118.0,-239.0,254.0,15.0,-776.0
190.0,823.0,-548.0,-117.0,-30.0,-36.0,-230.0,312.0,131.0,-779.0
219.0,718.0,-531.0,-150.0,-29.0,-72.0,-140.0,290.0,236.0,-790.0
234.0,661.0,-507.0,-164.0,-21.0,20.0,-101.0,314.0,330.0,-799.0
247.0,611.0,-473.0,-159.0,-7.0,98.0,-168.0,275.0,416.0,-780.0
257.0,494.0,-401.0,-145.0,6.0,141.0,-262.0,358.0,457.0,-733.0
275.0,329.0,-370.0,-154.0,23.0,98.0,-295.0,369.0,491.0,-669.0
280.0,189.0,-301.0,-159.0,46.0,278.0,-251.0,386.0,514.0,-570.0
262.0,133.0,-213.0,-173.0,77.0,401.0,-224.0,434.0,522.0,-457.0
250.0,281.0,-168.0,-197.0,112.0,424.0,-261.0,467.0,544.0,-360.0
245.0,619.0,-34.0,-238.0,134.0,461.0,-261.0,454.0,550.0,-263.0
223.0,895.0,26.0,-271.0,141.0,287.0,-208.0,367.0,538.0,-168.0
193.0,1027.0,57.0,-259.0,133.0,130.0,-156.0,469.0,512.0,-71.0
173.0,1069.0,140.0,-209.0,110.0,103.0,-132.0,375.0,493.0,22.0
158.0,929.0,158.0,-156.0,77.0,247.0,-148.0,279.0,469.0,92.0
144.0,568.0,221.0,-114.0,50.0,292.0,-159.0,304.0,427.0,158.0
115.0,104.0,271.0,-48.0,42.0,132.0,-152.0,179.0,374.0,188.0
110.0,-380.0,294.0,38.0,57.0,84.0,-139.0,201.0,306.0,190.0
93.0,-799.0,332.0,150.0,83.0,199.0,-151.0,171.0,234.0,197.0
81.0,-1025.0,329.0,221.0,107.0,314.0,-216.0,175.0,150.0,197.0
79.0,-1078.0,342.0,258.0,125.0,352.0,-243.0,164.0,68.0,193.0
62.0,-1060.0,365.0,279.0,138.0,484.0,-167.0,99.0,-5.0,178.0
60.0,-1028.0,367.0,277.0,149.0,559.0,-68.0,60.0,-67.0,177.0
62.0,-997.0,365.0,285.0,159.0,491.0,-15.0,14.0,-117.0,183.0
72.0,-967.0,362.0,257.0,164.0,402.0,-12.0,197.0,-165.0,177.0
79.0,-863.0,338.0,228.0,157.0,277.0,-15.0,245.0,-203.0,195.0
100.0,-603.0,303.0,225.0,138.0,272.0,4.0,323.0,-234.0,216.0
108.0,-330.0,287.0,230.0,110.0,261.0,0.0,412.0,-259.0,215.0
124.0,-221.0,258.0,249.0,78.0,220.0,-11.0,349.0,-272.0,206.0
137.0,-269.0,238.0,291.0,59.0,207.0,1.0,408.0,-291.0,185.0
133.0,-282.0,206.0,348.0,54.0,66.0,45.0,376.0,-319.0,154.0
147.0,-92.0,131.0,398.0,59.0,95.0,119.0,471.0,-333.0,115.0
169.0,165.0,109.0,432.0,64.0,326.0,169.0,576.0,-354.0,73.0
196.0,326.0,80.0,459.0,65.0,568.0,176.0,637.0,-360.0,51.0
221.0,459.0,12.0,508.0,70.0,662.0,165.0,654.0,-350.0,29.0
254.0,642.0,8.0,550.0,77.0,539.0,160.0,556.0,-364.0,10.0
266.0,726.0,17.0,566.0,85.0,495.0,176.0,611.0,-363.0,8.0
285.0,636.0,11.0,560.0,94.0,513.0,186.0,471.0,-354.0,10.0
285.0,503.0,43.0,539.0,103.0,498.0,192.0,428.0,-348.0,14.0
266.0,346.0,53.0,477.0,113.0,450.0,196.0,428.0,-334.0,9.0
246.0,135.0,58.0,378.0,115.0,362.0,199.0,332.0,-332.0,14.0
221.0,-110.0,87.0,283.0,116.0,212.0,211.0,473.0,-326.0,15.0
213.0,-333.0,115.0,173.0,127.0,108.0,229.0,441.0,-311.0,-7.0
193.0,-450.0,146.0,56.0,136.0,241.0,258.0,436.0,-273.0,-19.0
183.0,-449.0,201.0,-53.0,125.0,365.0,277.0,391.0,-198.0,-56.0
154.0,-354.0,233.0,-138.0,93.0,372.0,281.0,284.0,-99.0,-88.0
138.0,-198.0,233.0,-195.0,49.0,359.0,236.0,206.0,4.0,-111.0
117.0,16.0,273.0,-245.0,13.0,348.0,203.0,46.0,110.0,-145.0
99.0,239.0,289.0,-286.0,-4.0,399.0,225.0,112.0,236.0,-131.0
92.0,357.0,293.0,-323.0,-15.0,428.0,251.0,160.0,360.0,-114.0
65.0,435.0,312.0,-346.0,-29.0,473.0,287.0,254.0,470.0,-108.0
61.0,529.0,327.0,-370.0,-51.0,489.0,288.0,303.0,549.0,-72.0
43.0,588.0,335.0,-388.0,-71.0,387.0,307.0,388.0,600.0,-26.0
36.0,692.0,353.0,-400.0,-88.0,329.0,357.0,500.0,632.0,5.0
38.0,868.0,361.0,-397.0,-106.0,412.0,350.0,336.0,650.0,47.0
40.0,970.0,339.0,-352.0,-122.0,440.0,317.0,343.0,671.0,93.0
29.0,984.0,342.0,-290.0,-137.0,273.0,297.0,229.0,682.0,123.0
9.0,993.0,322.0,-210.0,-158.0,206.0,318.0,144.0,690.0,138.0
-4.0,1013.0,308.0,-137.0,-178.0,297.0,364.0,225.0,695.0,144.0
-28.0,1084.0,297.0,-58.0,-192.0,342.0,408.0,221.0,688.0,151.0
-48.0,1154.0,266.0,24.0,-200.0,256.0,416.0,365.0,679.0,143.0
-72.0,1140.0,245.0,91.0,-202.0,235.0,397.0,345.0,650.0,99.0
-84.0,1029.0,217.0,176.0,-211.0,361.0,386.0,352.0,605.0,32.0
-89.0,842.0,207.0,250.0,-229.0,363.0,381.0,351.0,528.0,-11.0
-96.0,623.0,174.0,296.0,-253.0,264.0,381.0,303.0,437.0,-81.0
-101.0,367.0,165.0,304.0,-270.0,200.0,352.0,419.0,352.0,-143.0
-90.0,98.0,190.0,325.0,-263.0,221.0,294.0,399.0,268.0,-153.0
-86.0,-193.0,178.0,369.0,-235.0,206.0,264.0,432.0,177.0,-161.0
-99.0,-505.0,214.0,397.0,-199.0,135.0,262.0,382.0,98.0,-138.0
-104.0,-734.0,231.0,384.0,-166.0,37.0,290.0,301.0,18.0,-112.0
-94.0,-888.0,224.0,326.0,-125.0,-11.0,317.0,243.0,-60.0,-61.0
-67.0,-1019.0,270.0,261.0,-78.0,64.0,315.0,144.0,-127.0,-16.0
-41.0,-1065.0,257.0,192.0,-32.0,225.0,307.0,218.0,-205.0,-6.0
-2.0,-993.0,262.0,128.0,6.0,454.0,286.0,214.0,-263.0,18.0
27.0,-917.0,297.0,70.0,46.0,454.0,237.0,284.0,-322.0,19.0
67.0,-930.0,271.0,10.0,90.0,316.0,166.0,343.0,-360.0,-18.0
110.0,-1011.0,266.0,-46.0,129.0,249.0,146.0,423.0,-363.0,-80.0
152.0,-1111.0,263.0,-87.0,154.0,229.0,142.0,461.0,-363.0,-128.0
182.0,-1150.0,227.0,-132.0,163.0,181.0,115.0,266.0,-343.0,-169.0
208.0,-1021.0,208.0,-178.0,156.0,59.0,90.0,199.0,-318.0,-215.0
257.0,-711.0,195.0,-242.0,131.0,68.0,33.0,66.0,-274.0,-224.0
284.0,-384.0,160.0,-297.0,97.0,29.0,-7.0,16.0,-221.0,-201.0
324.0,-154.0,116.0,-306.0,69.0,-10.0,18.0,-11.0,-162.0,-182.0
346.0,24.0,105.0,-318.0,50.0,59.0,61.0,-73.0,-92.0,-167.0
372.0,118.0,79.0,-319.0,29.0,204.0,72.0,27.0,-18.0,-134.0
397.0,124.0,52.0,-326.0,0.0,324.0,62.0,14.0,59.0,-108.0
389.0,159.0,77.0,-334.0,-34.0,164.0,39.0,96.0,131.0,-82.0
377.0,231.0,73.0,-294.0,-67.0,127.0,51.0,81.0,196.0,-58.0
353.0,264.0,55.0,-221.0,-100.0,253.0,96.0,-22.0,245.0,-41.0
341.0,249.0,76.0,-142.0,-123.0,320.0,130.0,-35.0,272.0,-13.0
312.0,250.0,94.0,-62.0,-124.0,335.0,126.0,-221.0,277.0,-22.0
279.0,346.0,97.0,12.0,-107.0,296.0,63.0,-301.0,256.0,-54.0
238.0,496.0,118.0,77.0,-85.0,319.0,39.0,-327.0,207.0,-84.0
225.0,611.0,126.0,136.0,-68.0,348.0,36.0,-212.0,153.0,-155.0
228.0,690.0,128.0,192.0,-54.0,437.0,21.0,-49.0,101.0,-233.0
218.0,699.0,152.0,259.0,-45.0,475.0,14.0,-77.0,56.0,-301.0
212.0,581.0,129.0,319.0,-47.0,434.0,4.0,-75.0,17.0,-373.0
197.0,316.0,119.0,345.0,-57.0,362.0,20.0,-105.0,5.0,-441.0
204.0,-33.0,133.0,381.0,-64.0,357.0,52.0,-3.0,6.0,-486.0
207.0,-364.0,47.0,402.0,-56.0,512.0,54.0,-125.0,6.0,-502.0
184.0,-661.0,-7.0,358.0,-42.0,536.0,-3.0,-238.0,37.0,-494.0
159.0,-881.0,-30.0,314.0,-37.0,519.0,-32.0,-144.0,80.0,-481.0
141.0,-921.0,-142.0,304.0,-36.0,522.0,43.0,-230.0,145.0,-461.0
119.0,-791.0,-190.0,295.0,-25.0,500.0,176.0,-145.0,235.0,-407.0
96.0,-600.0,-240.0,290.0,2.0,546.0,227.0,-216.0,319.0,-374.0
75.0,-391.0,-316.0,309.0,46.0,580.0,175.0,-230.0,390.0,-355.0
56.0,-134.0,-327.0,326.0,99.0,652.0,122.0,-112.0,435.0,-321.0
11.0,105.0,-377.0,320.0,142.0,663.0,87.0,-171.0,461.0,-318.0
-25.0,250.0,-396.0,307.0,166.0,548.0,103.0,-138.0,470.0,-328.0
-58.0,332.0,-400.0,304.0,188.0,508.0,138.0,-134.0,493.0,-338.0
-106.0,364.0,-414.0,289.0,219.0,555.0,178.0,-55.0,531.0,-336.0
-128.0,273.0,-403.0,249.0,248.0,637.0,204.0,5.0,558.0,-341.0
-165.0,118.0,-421.0,196.0,253.0,715.0,196.0,22.0,573.0,-344.0
-182.0,106.0,-407.0,152.0,235.0,786.0,214.0,22.0,583.0,-310.0
-200.0,291.0,-428.0,137.0,211.0,829.0,257.0,14.0,595.0,-272.0
-206.0,523.0,-431.0,123.0,188.0,838.0,318.0,49.0,585.0,-254.0
-207.0,638.0,-387.0,100.0,159.0,800.0,346.0,22.0,548.0,-227.0
-216.0,608.0,-383.0,62.0,118.0,784.0,312.0,55.0,477.0,-179.0
-205.0,538.0,-352.0,13.0,72.0,965.0,253.0,-62.0,368.0,-145.0
-191.0,458.0,-297.0,-55.0,34.0,1047.0,207.0,-88.0,257.0,-110.0
-164.0,304.0,-261.0,-132.0,14.0,926.0,173.0,-29.0,151.0,-69.0
-149.0,89.0,-237.0,-204.0,-7.0,776.0,139.0,-81.0,44.0,-28.0
-120.0,-65.0,-156.0,-282.0,-44.0,648.0,161.0,-12.0,-64.0,18.0
-93.0,-96.0,-104.0,-359.0,-93.0,699.0,234.0,-99.0,-177.0,45.0
-53.0,-89.0,-64.0,-405.0,-146.0,759.0,263.0,-110.0,-299.0,84.0
-26.0,-163.0,-12.0,-401.0,-194.0,728.0,219.0,-99.0,-415.0,118.0
1.0,-308.0,19.0,-397.0,-230.0,642.0,153.0,-166.0,-491.0,128.0
56.0,-439.0,84.0,-362.0,-234.0,625.0,158.0,-169.0,-544.0,131.0
87.0,-530.0,84.0,-294.0,-201.0,795.0,235.0,-363.0,-590.0,138.0
117.0,-528.0,104.0,-227.0,-152.0,971.0,285.0,-290.0,-624.0,150.0
119.0,-447.0,126.0,-126.0,-104.0,968.0,278.0,-249.0,-649.0,152.0
135.0,-400.0,116.0,-21.0,-70.0,734.0,257.0,-264.0,-639.0,172.0
134.0,-410.0,152.0,93.0,-48.0,619.0,264.0,-83.0,-598.0,209.0
139.0,-436.0,163.0,197.0,-33.0,627.0,304.0,-177.0,-549.0,251.0
129.0,-453.0,172.0,266.0,-15.0,568.0,331.0,-120.0,-477.0,287.0
96.0,-417.0,156.0,329.0,7.0,482.0,302.0,-86.0,-397.0,339.0
73.0,-290.0,175.0,395.0,44.0,312.0,243.0,-86.0,-315.0,386.0
37.0,-178.0,197.0,439.0,90.0,304.0,212.0,-29.0,-225.0,408.0
34.0,-132.0,196.0,456.0,121.0,398.0,182.0,-123.0,-136.0,422.0
-1.0,-106.0,232.0,487.0,127.0,515.0,167.0,-60.0,-40.0,426.0
-22.0,-41.0,219.0,510.0,114.0,694.0,172.0,-90.0,40.0,415.0
-33.0,114.0,241.0,477.0,98.0,710.0,193.0,-53.0,100.0,371.0
-42.0,357.0,254.0,418.0,91.0,608.0,263.0,-55.0,156.0,337.0
-36.0,648.0,264.0,378.0,104.0,468.0,344.0,-57.0,201.0,313.0
-45.0,828.0,306.0,337.0,131.0,396.0,400.0,90.0,226.0,270.0
-32.0,853.0,307.0,283.0,152.0,287.0,409.0,72.0,238.0,218.0
-37.0,861.0,331.0,221.0,160.0,181.0,406.0,142.0,236.0,178.0
-35.0,859.0,331.0,180.0,157.0,209.0,433.0,57.0,207.0,150.0
-32.0,809.0,307.0,155.0,147.0,185.0,476.0,-48.0,174.0,84.0
-19.0,816.0,293.0,140.0,134.0,255.0,455.0,-121.0,150.0,44.0
3.0,917.0,257.0,176.0,112.0,320.0,380.0,-286.0,119.0,12.0
26.0,956.0,211.0,223.0,87.0,415.0,352.0,-303.0,92.0,-41.0
45.0,823.0,158.0,259.0,61.0,509.0,347.0,-356.0,86.0,-67.0
65.0,505.0,98.0,301.0,29.0,394.0,330.0,-352.0,108.0,-77.0
92.0,36.0,46.0,342.0,0.0,356.0,280.0,-436.0,145.0,-56.0
101.0,-481.0,23.0,389.0,-18.0,293.0,268.0,-406.0,211.0,-31.0
105.0,-911.0,-14.0,392.0,-37.0,209.0,282.0,-247.0,288.0,25.0
106.0,-1188.0,-35.0,356.0,-67.0,174.0,278.0,-212.0,367.0,115.0
109.0,-1328.0,-34.0,301.0,-104.0,148.0,289.0,-20.0,444.0,204.0
93.0,-1383.0,-85.0,191.0,-130.0,198.0,272.0,25.0,496.0,295.0
74.0,-1435.0,-81.0,70.0,-144.0,231.0,249.0,18.0,524.0,384.0
54.0,-1476.0,-58.0,-45.0,-167.0,256.0,209.0,46.0,522.0,487.0
44.0,-1401.0,-84.0,-155.0,-203.0,255.0,184.0,-40.0,500.0,557.0
35.0,-1121.0,-56.0,-255.0,-240.0,249.0,172.0,-51.0,461.0,602.0
22.0,-639.0,-38.0,-383.0,-264.0,183.0,228.0,-96.0,399.0,627.0
31.0,-113.0,-40.0,-498.0,-273.0,145.0,330.0,-145.0,336.0,647.0
34.0,208.0,-16.0,-591.0,-268.0,187.0,386.0,-256.0,281.0,612.0
44.0,244.0,1.0,-647.0,-240.0,75.0,429.0,-336.0,247.0,524.0
42.0,119.0,12.0,-669.0,-193.0,-37.0,411.0,-437.0,229.0,464.0
59.0,-9.0,3.0,-685.0,-144.0,37.0,346.0,-533.0,232.0,357.0
58.0,-50.0,20.0,-660.0,-101.0,184.0,260.0,-482.0,249.0,230.0
57.0,-108.0,46.0,-610.0,-60.0,237.0,199.0,-546.0,262.0,100.0
64.0,-282.0,40.0,-553.0,-14.0,115.0,197.0,-373.0,282.0,-9.0
48.0,-455.0,53.0,-470.0,30.0,12.0,210.0,-249.0,299.0,-137.0
62.0,-500.0,56.0,-375.0,63.0,66.0,197.0,-197.0,313.0,-306.0
69.0,-438.0,33.0,-257.0,83.0,159.0,167.0,-12.0,337.0,-429.0
94.0,-343.0,28.0,-132.0,94.0,246.0,141.0,-103.0,354.0,-546.0
122.0,-245.0,20.0,-54.0,105.0,342.0,124.0,-49.0,369.0,-690.0
163.0,-155.0,3.0,15.0,112.0,294.0,181.0,-125.0,388.0,-837.0
207.0,-51.0,23.0,66.0,109.0,223.0,291.0,-293.0,378.0,-943.0
241.0,50.0,38.0,95.0,97.0,356.0,335.0,-301.0,363.0,-1057.0
285.0,104.0,47.0,126.0,83.0,444.0,256.0,-378.0,362.0,-1183.0
314.0,146.0,115.0,120.0,69.0,435.0,155.0,-303.0,341.0,-1277.0
353.0,302.0,122.0,120.0,52.0,361.0,140.0,-304.0,321.0,-1335.0
379.0,579.0,119.0,120.0,33.0,344.0,172.0,-234.0,302.0,-1395.0
400.0,789.0,174.0,92.0,16.0,452.0,201.0,-186.0,246.0,-1456.0
424.0,863.0,142.0,59.0,1.0,402.0,196.0,-227.0,161.0,-1477.0
436.0,879.0,156.0,32.0,-10.0,377.0,109.0,-153.0,60.0,-1502.0
431.0,878.0,161.0,19.0,-28.0,467.0,50.0,-181.0,-51.0,-1514.0
410.0,871.0,108.0,-10.0,-59.0,471.0,101.0,-60.0,-150.0,-1501.0
392.0,852.0,118.0,-9.0,-95.0,363.0,163.0,-60.0,-236.0,-1464.0
363.0,788.0,74.0,22.0,-121.0,390.0,213.0,-138.0,-360.0,-1414.0
327.0,684.0,38.0,64.0,-130.0,563.0,236.0,-40.0,-468.0,-1363.0
290.0,526.0,6.0,117.0,-127.0,521.0,220.0,44.0,-542.0,-1276.0
244.0,343.0,-44.0,176.0,-109.0,473.0,232.0,151.0,-617.0,-1168.0
206.0,240.0,-89.0,250.0,-78.0,448.0,297.0,72.0,-645.0,-1054.0
187.0,205.0,-115.0,304.0,-34.0,421.0,311.0,114.0,-642.0,-941.0
154.0,193.0,-126.0,357.0,6.0,546.0,207.0,42.0,-629.0,-823.0
109.0,228.0,-168.0,398.0,24.0,581.0,46.0,-131.0,-586.0,-708.0
55.0,254.0,-151.0,410.0,12.0,636.0,-7.0,0.0,-512.0,-599.0
6.0,223.0,-154.0,427.0,-15.0,576.0,85.0,-5.0,-444.0,-499.0
-37.0,233.0,-164.0,446.0,-38.0,388.0,182.0,31.0,-394.0,-400.0
-94.0,275.0,-154.0,422.0,-45.0,391.0,191.0,-97.0,-330.0,-294.0
-136.0,202.0,-173.0,362.0,-37.0,401.0,158.0,-267.0,-267.0,-210.0
-162.0,-41.0,-159.0,304.0,-19.0,412.0,185.0,-245.0,-207.0,-137.0
-189.0,-395.0,-153.0,244.0,0.0,373.0,213.0,-323.0,-162.0,-80.0
-209.0,-726.0,-139.0,184.0,16.0,306.0,194.0,-251.0,-133.0,-58.0
-231.0,-972.0,-112.0,144.0,28.0,283.0,107.0,-123.0,-101.0,-59.0
-267.0,-1137.0,-99.0,93.0,41.0,253.0,19.0,9.0,-85.0,-67.0
-290.0,-1237.0,-48.0,38.0,54.0,359.0,51.0,14.0,-82.0,-76.0
-316.0,-1304.0,-7.0,13.0,69.0,534.0,140.0,22.0,-85.0,-94.0
-333.0,-1311.0,25.0,-16.0,89.0,610.0,217.0,99.0,-100.0,-109.0
-343.0,-1184.0,110.0,-46.0,110.0,490.0,185.0,36.0,-126.0,-101.0
-339.0,-926.0,144.0,-67.0,138.0,398.0,161.0,116.0,-147.0,-72.0
-315.0,-647.0,183.0,-100.0,170.0,441.0,221.0,142.0,-174.0,-61.0
-282.0,-383.0,273.0,-144.0,184.0,404.0,242.0,269.0,-201.0,-28.0
-242.0,-103.0,306.0,-223.0,167.0,332.0,253.0,306.0,-212.0,33.0
-203.0,182.0,357.0,-301.0,119.0,239.0,218.0,105.0,-227.0,68.0
-150.0,523.0,445.0,-357.0,55.0,117.0,189.0,59.0,-263.0,99.0
-95.0,949.0,486.0,-406.0,-10.0,31.0,244.0,-160.0,-313.0,143.0
-23.0,1368.0,541.0,-424.0,-60.0,-6.0,295.0,-221.0,-356.0,191.0
32.0,1670.0,602.0,-426.0,-85.0,112.0,261.0,-147.0,-379.0,223.0
93.0,1780.0,636.0,-407.0,-87.0,368.0,131.0,-186.0,-360.0,256.0
145.0,1641.0,660.0,-372.0,-76.0,426.0,54.0,-107.0,-309.0,336.0
165.0,1360.0,665.0,-324.0,-71.0,320.0,178.0,9.0,-243.0,414.0
187.0,1137.0,643.0,-255.0,-79.0,290.0,363.0,173.0,-157.0,470.0
191.0,953.0,577.0,-174.0,-83.0,207.0,322.0,171.0,-67.0,553.0
202.0,725.0,516.0,-101.0,-74.0,54.0,63.0,262.0,26.0,642.0
185.0,494.0,428.0,-24.0,-56.0,-92.0,-70.0,332.0,98.0,691.0
161.0,291.0,330.0,59.0,-32.0,-149.0,158.0,218.0,135.0,715.0
138.0,137.0,239.0,132.0,-13.0,-187.0,472.0,216.0,152.0,754.0
124.0,62.0,94.0,217.0,-9.0,-274.0,448.0,-3.0,160.0,782.0
117.0,80.0,-17.0,292.0,-15.0,-154.0,159.0,-153.0,158.0,774.0
102.0,94.0,-114.0,338.0,-21.0,71.0,-9.0,-229.0,153.0,765.0
94.0,-2.0,-229.0,363.0,-23.0,152.0,69.0,-293.0,156.0,759.0
94.0,-161.0,-313.0,380.0,-31.0,150.0,208.0,-218.0,151.0,722.0
111.0,-342.0,-379.0,371.0,-49.0,271.0,215.0,-264.0,156.0,652.0
102.0,-571.0,-413.0,339.0,-66.0,354.0,70.0,-169.0,147.0,580.0
102.0,-870.0,-492.0,312.0,-70.0,194.0,7.0,-201.0,114.0,509.0
115.0,-1221.0,-506.0,278.0,-62.0,91.0,155.0,-234.0,80.0,399.0
133.0,-1565.0,-469.0,262.0,-50.0,50.0,285.0,-144.0,31.0,256.0
149.0,-1876.0,-513.0,251.0,-34.0,-17.0,142.0,-118.0,-32.0,129.0
154.0,-2155.0,-469.0,238.0,-17.0,-116.0,-82.0,-5.0,-77.0,4.0
162.0,-2334.0,-411.0,218.0,6.0,-202.0,28.0,-16.0,-80.0,-145.0
164.0,-2295.0,-387.0,186.0,36.0,-193.0,307.0,81.0,-84.0,-268.0
163.0,-2048.0,-329.0,166.0,66.0,-227.0,340.0,53.0,-92.0,-329.0
157.0,-1700.0,-260.0,144.0,79.0,-129.0,103.0,36.0,-98.0,-404.0
156.0,-1308.0,-228.0,122.0,66.0,137.0,-78.0,131.0,-116.0,-497.0
153.0,-886.0,-195.0,100.0,43.0,283.0,34.0,133.0,-110.0,-539.0
158.0,-451.0,-160.0,79.0,26.0,262.0,245.0,332.0,-87.0,-563.0
163.0,-22.0,-168.0,76.0,16.0,242.0,239.0,236.0,-69.0,-585.0
175.0,398.0,-138.0,70.0,0.0,290.0,12.0,214.0,-49.0,-595.0
177.0,830.0,-133.0,69.0,-29.0,207.0,-113.0,317.0,-8.0,-565.0
186.0,1274.0,-121.0,95.0,-66.0,12.0,26.0,232.0,49.0,-496.0
197.0,1655.0,-95.0,122.0,-105.0,-49.0,247.0,258.0,99.0,-438.0
194.0,1864.0,-138.0,160.0,-143.0,73.0,315.0,142.0,136.0,-388.0
217.0,1829.0,-112.0,190.0,-177.0,176.0,155.0,109.0,166.0,-312.0
226.0,1555.0,-82.0,209.0,-205.0,127.0,4.0,129.0,187.0,-250.0
241.0,1155.0,-76.0,207.0,-225.0,171.0,138.0,127.0,178.0,-229.0
249.0,806.0,-17.0,147.0,-235.0,222.0,339.0,125.0,135.0,-203.0
268.0,580.0,-9.0,84.0,-234.0,119.0,162.0,64.0,88.0,-168.0
288.0,459.0,48.0,19.0,-217.0,118.0,-180.0,123.0,51.0,-145.0
283.0,485.0,95.0,-13.0,-177.0,124.0,-35.0,1.0,24.0,-138.0
284.0,603.0,99.0,-6.0,-114.0,116.0,522.0,-84.0,15.0,-113.0
276.0,773.0,162.0,-10.0,-47.0,62.0,731.0,-214.0,8.0,-76.0
284.0,920.0,161.0,7.0,4.0,29.0,417.0,-325.0,-10.0,-72.0
289.0,836.0,160.0,32.0,40.0,181.0,149.0,-162.0,-40.0,-66.0
283.0,567.0,151.0,74.0,63.0,204.0,264.0,-160.0,-64.0,-52.0
273.0,331.0,127.0,110.0,90.0,128.0,488.0,-29.0,-104.0,-70.0
283.0,171.0,118.0,129.0,127.0,65.0,447.0,5.0,-167.0,-101.0
293.0,-3.0,67.0,142.0,156.0,31.0,176.0,-22.0,-231.0,-102.0
294.0,-205.0,-17.0,83.0,164.0,-64.0,77.0,40.0,-293.0,-101.0
289.0,-352.0,-81.0,42.0,163.0,-197.0,347.0,-70.0,-374.0,-114.0
277.0,-388.0,-113.0,38.0,169.0,-37.0,516.0,-62.0,-490.0,-127.0
271.0,-342.0,-196.0,25.0,181.0,158.0,296.0,-177.0,-583.0,-109.0
241.0,-222.0,-207.0,41.0,186.0,262.0,100.0,-203.0,-654.0,-87.0
216.0,-51.0,-198.0,40.0,174.0,340.0,275.0,-186.0,-713.0,-114.0
199.0,14.0,-258.0,54.0,145.0,290.0,567.0,-127.0,-752.0,-126.0
187.0,-64.0,-235.0,60.0,117.0,102.0,473.0,66.0,-781.0,-111.0
149.0,-135.0,-212.0,27.0,93.0,-177.0,79.0,1.0,-786.0,-126.0
119.0,-81.0,-202.0,25.0,74.0,-188.0,-88.0,40.0,-798.0,-162.0
100.0,68.0,-165.0,7.0,56.0,-62.0,143.0,-33.0,-792.0,-175.0
61.0,218.0,-124.0,-24.0,35.0,-34.0,417.0,-73.0,-761.0,-198.0
30.0,313.0,-90.0,-48.0,12.0,38.0,307.0,12.0,-696.0,-265.0
1.0,302.0,-93.0,-116.0,-10.0,63.0,2.0,-25.0,-594.0,-339.0
-6.0,152.0,-74.0,-186.0,-18.0,52.0,-100.0,116.0,-469.0,-392.0
-23.0,-83.0,-39.0,-277.0,-11.0,-6.0,28.0,42.0,-312.0,-437.0
-37.0,-288.0,-17.0,-358.0,3.0,33.0,211.0,-51.0,-147.0,-497.0
-77.0,-418.0,6.0,-426.0,11.0,65.0,269.0,-31.0,49.0,-542.0
-106.0,-556.0,45.0,-521.0,2.0,-166.0,250.0,12.0,245.0,-527.0
-107.0,-712.0,72.0,-578.0,-24.0,-285.0,283.0,140.0,436.0,-503.0
-114.0,-797.0,68.0,-609.0,-59.0,-174.0,297.0,77.0,614.0,-518.0
-110.0,-776.0,101.0,-627.0,-92.0,-6.0,121.0,131.0,777.0,-490.0
-98.0,-694.0,112.0,-643.0,-115.0,-30.0,-126.0,107.0,917.0,-440.0
-65.0,-616.0,102.0,-608.0,-127.0,-153.0,-99.0,3.0,998.0,-436.0
-59.0,-563.0,120.0,-562.0,-136.0,-115.0,155.0,-103.0,1070.0,-433.0
-46.0,-486.0,121.0,-500.0,-143.0,-83.0,182.0,-182.0,1106.0,-399.0
-22.0,-322.0,120.0,-401.0,-138.0,-107.0,-120.0,-1.0,1108.0,-344.0
-16.0,-54.0,106.0,-325.0,-117.0,-200.0,-317.0,20.0,1100.0,-302.0
12.0,297.0,85.0,-221.0,-83.0,-177.0,-114.0,55.0,1064.0,-238.0
50.0,648.0,82.0,-121.0,-49.0,-112.0,191.0,64.0,1020.0,-110.0
74.0,899.0,54.0,-40.0,-19.0,-284.0,204.0,51.0,962.0,7.0
96.0,1039.0,52.0,34.0,0.0,-376.0,4.0,70.0,885.0,119.0
119.0,1104.0,83.0,73.0,18.0,-299.0,-174.0,-97.0,781.0,290.0
136.0,1117.0,70.0,124.0,36.0,-222.0,-221.0,-173.0,651.0,481.0
148.0,1071.0,73.0,159.0,51.0,-143.0,-160.0,-203.0,530.0,663.0
149.0,943.0,55.0,158.0,59.0,-68.0,-113.0,-53.0,408.0,829.0
174.0,742.0,22.0,188.0,61.0,-56.0,-107.0,-27.0,285.0,993.0
205.0,490.0,15.0,209.0,60.0,-125.0,-75.0,-103.0,172.0,1128.0
232.0,206.0,17.0,214.0,57.0,-103.0,3.0,-77.0,57.0,1169.0
231.0,-25.0,36.0,231.0,55.0,-56.0,45.0,-201.0,-52.0,1196.0
234.0,-192.0,36.0,253.0,55.0,-60.0,28.0,-84.0,-152.0,1222.0
248.0,-418.0,33.0,287.0,53.0,-26.0,10.0,-127.0,-236.0,1198.0
241.0,-731.0,2.0,321.0,45.0,-37.0,38.0,-166.0,-307.0,1143.0
238.0,-1071.0,4.0,346.0,29.0,-79.0,63.0,59.0,-366.0,1072.0
230.0,-1378.0,-7.0,356.0,9.0,-154.0,-7.0,12.0,-429.0,996.0
247.0,-1528.0,-43.0,369.0,-15.0,-205.0,-118.0,-22.0,-511.0,893.0
250.0,-1436.0,-26.0,389.0,-39.0,-200.0,-137.0,-162.0,-599.0,787.0
254.0,-1153.0,-7.0,416.0,-59.0,-258.0,-113.0,-275.0,-679.0,712.0
263.0,-825.0,1.0,454.0,-70.0,-312.0,-119.0,-273.0,-720.0,635.0
270.0,-576.0,34.0,483.0,-69.0,-310.0,-109.0,-304.0,-740.0,548.0
285.0,-380.0,86.0,496.0,-57.0,-135.0,-37.0,-218.0,-737.0,493.0
289.0,-169.0,83.0,466.0,-31.0,63.0,-26.0,-266.0,-706.0,454.0
304.0,64.0,103.0,415.0,-2.0,13.0,-177.0,-192.0,-657.0,411.0
325.0,337.0,136.0,341.0,23.0,-74.0,-296.0,-134.0,-574.0,364.0
334.0,657.0,156.0,237.0,43.0,-60.0,-174.0,-173.0,-477.0,317.0
338.0,872.0,175.0,113.0,57.0,-24.0,74.0,-101.0,-371.0,280.0
365.0,801.0,198.0,-11.0,70.0,-53.0,71.0,-59.0,-259.0,222.0
381.0,466.0,184.0,-131.0,86.0,-154.0,-234.0,92.0,-137.0,157.0
398.0,71.0,156.0,-250.0,105.0,-282.0,-523.0,42.0,-2.0,104.0
402.0,-235.0,179.0,-336.0,127.0,-385.0,-457.0,-25.0,101.0,41.0
388.0,-443.0,126.0,-383.0,152.0,-260.0,-110.0,-46.0,174.0,-53.0
377.0,-556.0,116.0,-405.0,173.0,100.0,23.0,-66.0,217.0,-136.0
363.0,-558.0,91.0,-414.0,183.0,257.0,-94.0,22.0,227.0,-202.0
353.0,-443.0,11.0,-372.0,181.0,61.0,-260.0,-72.0,220.0,-272.0
313.0,-286.0,-7.0,-296.0,160.0,-135.0,-308.0,96.0,187.0,-321.0
276.0,-145.0,-49.0,-240.0,121.0,-170.0,-191.0,118.0,145.0,-349.0
240.0,41.0,-89.0,-182.0,77.0,-106.0,-76.0,-107.0,116.0,-332.0
199.0,297.0,-132.0,-121.0,46.0,-95.0,-17.0,-232.0,77.0,-301.0
145.0,596.0,-161.0,-61.0,30.0,-108.0,-61.0,-489.0,18.0,-273.0
84.0,903.0,-235.0,6.0,19.0,-54.0,-183.0,-513.0,-41.0,-214.0
44.0,1173.0,-288.0,69.0,8.0,30.0,-353.0,-491.0,-104.0,-145.0
6.0,1376.0,-315.0,104.0,-7.0,110.0,-481.0,-378.0,-156.0,-88.0
-42.0,1524.0,-368.0,120.0,-28.0,138.0,-445.0,-223.0,-194.0,-12.0
-110.0,1572.0,-377.0,147.0,-47.0,167.0,-307.0,-216.0,-221.0,93.0
-170.0,1448.0,-406.0,180.0,-59.0,86.0,-185.0,-158.0,-241.0,206.0
-239.0,1173.0,-407.0,218.0,-62.0,-16.0,-218.0,-188.0,-264.0,318.0
-288.0,811.0,-381.0,257.0,-61.0,-2.0,-442.0,-92.0,-286.0,443.0
-319.0,477.0,-345.0,280.0,-56.0,38.0,-661.0,-49.0,-307.0,565.0
-334.0,138.0,-314.0,319.0,-48.0,112.0,-539.0,33.0,-315.0,643.0
-323.0,-268.0,-275.0,330.0,-45.0,187.0,-183.0,101.0,-307.0,710.0
-325.0,-713.0,-217.0,292.0,-55.0,241.0,-64.0,-83.0,-273.0,765.0
-331.0,-1183.0,-156.0,239.0,-70.0,162.0,-244.0,-77.0,-219.0,793.0
-354.0,-1580.0,-72.0,193.0,-81.0,22.0,-407.0,-218.0,-172.0,791.0
-362.0,-1865.0,-33.0,170.0,-86.0,3.0,-347.0,-256.0,-132.0,759.0
-362.0,-2019.0,75.0,153.0,-79.0,56.0,-197.0,-169.0,-88.0,733.0
-362.0,-1990.0,161.0,155.0,-56.0,75.0,-130.0,-291.0,-43.0,683.0
-352.0,-1847.0,206.0,141.0,-26.0,1.0,-163.0,-271.0,-8.0,623.0
-328.0,-1702.0,350.0,127.0,-7.0,-29.0,-213.0,-339.0,28.0,561.0
-280.0,-1452.0,414.0,95.0,-5.0,4.0,-174.0,-351.0,68.0,502.0
-246.0,-1005.0,455.0,58.0,-9.0,25.0,-15.0,-351.0,119.0,432.0
-218.0,-500.0,541.0,27.0,-12.0,52.0,125.0,-293.0,167.0,326.0
-180.0,9.0,562.0,-38.0,-14.0,47.0,34.0,-175.0,199.0,238.0
-120.0,496.0,578.0,-80.0,-20.0,53.0,-232.0,-184.0,218.0,149.0
-74.0,900.0,623.0,-165.0,-38.0,-15.0,-375.0,-72.0,226.0,46.0
-52.0,1203.0,633.0,-247.0,-70.0,-152.0,-256.0,-127.0,231.0,-41.0
-13.0,1406.0,642.0,-315.0,-108.0,-152.0,-30.0,-86.0,216.0,-104.0
19.0,1492.0,644.0,-402.0,-138.0,-112.0,32.0,-18.0,175.0,-154.0
29.0,1472.0,631.0,-456.0,-145.0,-18.0,-123.0,-59.0,121.0,-190.0
27.0,1410.0,637.0,-523.0,-123.0,62.0,-325.0,-1.0,78.0,-187.0
30.0,1332.0,592.0,-563.0,-80.0,-54.0,-406.0,-55.0,60.0,-160.0
47.0,1253.0,565.0,-604.0,-32.0,-260.0,-263.0,1.0,70.0,-138.0
57.0,1146.0,530.0,-612.0,-3.0,-411.0,-8.0,-73.0,95.0,-114.0
51.0,949.0,456.0,-585.0,-1.0,-342.0,56.0,-149.0,129.0,-73.0
52.0,688.0,412.0,-571.0,-14.0,-258.0,-213.0,-136.0,177.0,-47.0
60.0,453.0,356.0,-533.0,-27.0,-220.0,-535.0,-182.0,228.0,-26.0
62.0,207.0,283.0,-517.0,-35.0,-88.0,-549.0,-79.0,290.0,-3.0
42.0,-44.0,202.0,-474.0,-42.0,31.0,-299.0,-120.0,346.0,0.0
32.0,-181.0,141.0,-424.0,-50.0,48.0,-21.0,-88.0,393.0,0.0
54.0,-206.0,66.0,-370.0,-56.0,-52.0,67.0,-96.0,441.0,-15.0
75.0,-133.0,-20.0,-283.0,-55.0,-89.0,-94.0,-175.0,484.0,-17.0
78.0,-7.0,-106.0,-188.0,-46.0,-177.0,-377.0,-149.0,520.0,-8.0
93.0,53.0,-163.0,-89.0,-45.0,-320.0,-548.0,-206.0,534.0,-26.0
130.0,2.0,-241.0,0.0,-61.0,-386.0,-445.0,-118.0,503.0,-15.0
133.0,-64.0,-350.0,120.0,-84.0,-404.0,-128.0,-121.0,446.0,0.0
145.0,-75.0,-348.0,236.0,-98.0,-314.0,117.0,-140.0,359.0,5.0
173.0,-104.0,-384.0,346.0,-95.0,-235.0,35.0,-216.0,233.0,24.0
193.0,-187.0,-425.0,469.0,-77.0,-187.0,-255.0,-365.0,106.0,44.0
201.0,-267.0,-442.0,553.0,-48.0,-175.0,-481.0,-306.0,-39.0,79.0
196.0,-303.0,-494.0,608.0,-14.0,-240.0,-390.0,-341.0,-195.0,105.0
200.0,-315.0,-508.0,623.0,21.0,-355.0,-123.0,-273.0,-334.0,116.0
194.0,-321.0,-529.0,577.0,53.0,-309.0,-32.0,-266.0,-465.0,134.0
197.0,-306.0,-501.0,525.0,80.0,-92.0,-154.0,-306.0,-577.0,168.0
193.0,-251.0,-434.0,499.0,103.0,-112.0,-322.0,-218.0,-663.0,196.0
196.0,-168.0,-384.0,452.0,123.0,-238.0,-367.0,-327.0,-714.0,235.0
194.0,-139.0,-340.0,393.0,135.0,-262.0,-309.0,-380.0,-733.0,300.0
181.0,-162.0,-299.0,325.0,139.0,-243.0,-183.0,-476.0,-711.0,352.0
179.0,-135.0,-265.0,215.0,140.0,-221.0,-107.0,-480.0,-659.0,408.0
163.0,-69.0,-230.0,127.0,142.0,-328.0,-197.0,-360.0,-581.0,451.0
141.0,-33.0,-158.0,52.0,144.0,-496.0,-350.0,-325.0,-476.0,502.0
115.0,-79.0,-72.0,-17.0,143.0,-603.0,-405.0,-153.0,-382.0,535.0
89.0,-210.0,12.0,-48.0,136.0,-566.0,-305.0,-184.0,-280.0,535.0
74.0,-351.0,63.0,-80.0,124.0,-311.0,-172.0,-160.0,-176.0,552.0
50.0,-454.0,89.0,-96.0,113.0,-97.0,-177.0,-77.0,-78.0,522.0
16.0,-573.0,140.0,-93.0,100.0,-164.0,-286.0,-81.0,11.0,473.0
-7.0,-711.0,165.0,-76.0,81.0,-352.0,-303.0,-38.0,77.0,428.0
-32.0,-711.0,192.0,-58.0,56.0,-389.0,-236.0,-171.0,140.0,400.0
-66.0,-496.0,242.0,-34.0,21.0,-257.0,-187.0,-120.0,170.0,379.0
-106.0,-181.0,253.0,-18.0,-14.0,-221.0,-228.0,-160.0,200.0,347.0
-123.0,131.0,267.0,-47.0,-37.0,-280.0,-264.0,-188.0,219.0,342.0
-137.0,441.0,271.0,-82.0,-37.0,-313.0,-152.0,-86.0,192.0,331.0
-132.0,690.0,248.0,-106.0,-12.0,-313.0,-17.0,-142.0,146.0,318.0
-134.0,813.0,235.0,-121.0,29.0,-232.0,-31.0,-86.0,95.0,304.0
-137.0,883.0,235.0,-142.0,69.0,-164.0,-233.0,-169.0,48.0,324.0
-106.0,872.0,227.0,-136.0,95.0,-132.0,-408.0,-164.0,-8.0,370.0
-91.0,707.0,225.0,-132.0,113.0,-198.0,-395.0,-177.0,-83.0,413.0
-59.0,513.0,209.0,-141.0,125.0,-356.0,-306.0,-254.0,-152.0,475.0
-31.0,417.0,166.0,-135.0,130.0,-328.0,-248.0,-203.0,-201.0,535.0
12.0,407.0,126.0,-123.0,125.0,-136.0,-282.0,-284.0,-253.0,591.0
36.0,421.0,62.0,-145.0,120.0,-60.0,-345.0,-194.0,-290.0,606.0
63.0,317.0,18.0,-204.0,127.0,-170.0,-381.0,-107.0,-306.0,620.0
100.0,62.0,-19.0,-225.0,141.0,-268.0,-373.0,-75.0,-327.0,627.0
116.0,-152.0,-80.0,-256.0,155.0,-223.0,-300.0,-77.0,-361.0,606.0
135.0,-300.0,-120.0,-252.0,172.0,-184.0,-215.0,-158.0,-400.0,601.0
127.0,-536.0,-150.0,-234.0,195.0,-166.0,-198.0,-201.0,-432.0,605.0
124.0,-811.0,-219.0,-232.0,210.0,-166.0,-277.0,-290.0,-477.0,630.0
98.0,-954.0,-247.0,-187.0,208.0,-239.0,-404.0,-210.0,-510.0,650.0
106.0,-977.0,-247.0,-157.0,184.0,-217.0,-493.0,-171.0,-535.0,721.0
91.0,-893.0,-292.0,-128.0,148.0,-98.0,-426.0,-24.0,-543.0,822.0
66.0,-746.0,-273.0,-96.0,110.0,11.0,-210.0,81.0,-508.0,905.0
34.0,-756.0,-260.0,-64.0,73.0,-76.0,-69.0,-101.0,-448.0,989.0
-18.0,-932.0,-266.0,-14.0,40.0,-331.0,-170.0,-60.0,-350.0,1038.0
-49.0,-1049.0,-251.0,40.0,8.0,-346.0,-400.0,-97.0,-242.0,1058.0
-122.0,-1011.0,-245.0,83.0,-22.0,-132.0,-505.0,-66.0,-143.0,1024.0
-176.0,-919.0,-224.0,105.0,-53.0,31.0,-435.0,-35.0,-45.0,971.0
-258.0,-815.0,-215.0,121.0,-87.0,44.0,-317.0,-173.0,48.0,894.0
-314.0,-602.0,-165.0,129.0,-129.0,37.0,-261.0,-136.0,123.0,776.0
-349.0,-193.0,-97.0,120.0,-172.0,8.0,-275.0,-169.0,191.0,666.0
-381.0,263.0,-58.0,82.0,-210.0,-212.0,-299.0,-46.0,253.0,552.0
-406.0,545.0,6.0,43.0,-242.0,-391.0,-278.0,33.0,297.0,430.0
-433.0,694.0,62.0,-7.0,-270.0,-356.0,-190.0,57.0,337.0,306.0
-409.0,863.0,76.0,-87.0,-288.0,-195.0,-174.0,109.0,371.0,217.0
-413.0,1058.0,124.0,-159.0,-294.0,-44.0,-251.0,27.0,372.0,144.0
-387.0,1152.0,148.0,-243.0,-296.0,-14.0,-297.0,84.0,338.0,71.0
-361.0,1090.0,130.0,-322.0,-290.0,49.0,-305.0,-116.0,287.0,5.0
-348.0,956.0,136.0,-377.0,-273.0,85.0,-249.0,-251.0,231.0,-44.0
-337.0,799.0,128.0,-432.0,-251.0,-17.0,-196.0,-347.0,180.0,-89.0
-328.0,549.0,128.0,-460.0,-231.0,-152.0,-235.0,-487.0,110.0,-179.0
-297.0,193.0,136.0,-471.0,-214.0,-294.0,-315.0,-388.0,32.0,-291.0
-264.0,-155.0,115.0,-490.0,-194.0,-360.0,-353.0,-465.0,-37.0,-411.0
-237.0,-456.0,103.0,-489.0,-163.0,-418.0,-335.0,-328.0,-86.0,-536.0
-212.0,-664.0,88.0,-464.0,-121.0,-510.0,-316.0,-186.0,-123.0,-677.0
-161.0,-768.0,33.0,-415.0,-72.0,-547.0,-365.0,-212.0,-163.0,-801.0
-151.0,-842.0,38.0,-349.0,-21.0,-422.0,-437.0,-184.0,-195.0,-881.0
-138.0,-829.0,56.0,-273.0,23.0,-162.0,-490.0,-205.0,-228.0,-952.0
-116.0,-593.0,39.0,-185.0,60.0,-73.0,-498.0,-206.0,-222.0,-998.0
-106.0,-199.0,77.0,-99.0,86.0,-130.0,-445.0,-327.0,-182.0,-1002.0
-96.0,124.0,114.0,-24.0,101.0,-166.0,-327.0,-240.0,-149.0,-960.0
-94.0,343.0,105.0,47.0,106.0,-97.0,-124.0,-199.0,-116.0,-915.0
-62.0,603.0,103.0,124.0,106.0,-66.0,-62.0,-273.0,-85.0,-861.0
-37.0,947.0,137.0,178.0,116.0,-296.0,-267.0,-208.0,-49.0,-765.0
-12.0,1239.0,124.0,227.0,138.0,-510.0,-520.0,-325.0,-21.0,-661.0
5.0,1293.0,97.0,256.0,162.0,-553.0,-526.0,-273.0,-14.0,-565.0
33.0,1090.0,139.0,244.0,186.0,-492.0,-290.0,-164.0,-15.0,-445.0
71.0,800.0,161.0,248.0,208.0,-433.0,-115.0,-188.0,-5.0,-303.0
89.0,607.0,143.0,246.0,217.0,-371.0,-132.0,-129.0,5.0,-172.0
114.0,488.0,148.0,238.0,211.0,-266.0,-294.0,-75.0,12.0,-49.0
121.0,287.0,131.0,237.0,192.0,-255.0,-454.0,-66.0,0.0,77.0
107.0,26.0,39.0,221.0,174.0,-261.0,-450.0,-157.0,-35.0,205.0
88.0,-144.0,-22.0,199.0,166.0,-174.0,-311.0,-129.0,-59.0,294.0
60.0,-219.0,-46.0,166.0,159.0,-16.0,-228.0,-125.0,-62.0,365.0
29.0,-279.0,-125.0,129.0,147.0,-75.0,-278.0,-96.0,-61.0,457.0
-28.0,-372.0,-185.0,103.0,124.0,-328.0,-412.0,-38.0,-66.0,531.0
-91.0,-494.0,-230.0,69.0,87.0,-425.0,-554.0,-166.0,-53.0,587.0
-146.0,-551.0,-293.0,54.0,48.0,-387.0,-542.0,-36.0,-26.0,629.0
-184.0,-594.0,-350.0,49.0,13.0,-262.0,-349.0,-7.0,-1.0,637.0
-203.0,-714.0,-400.0,18.0,-12.0,-258.0,-156.0,16.0,0.0,595.0
-249.0,-769.0,-385.0,-9.0,-28.0,-352.0,-169.0,149.0,-37.0,500.0
-276.0,-672.0,-397.0,-38.0,-30.0,-345.0,-350.0,188.0,-90.0,395.0
-285.0,-494.0,-405.0,-65.0,-25.0,-337.0,-456.0,358.0,-128.0,296.0
-279.0,-271.0,-355.0,-72.0,-25.0,-269.0,-389.0,291.0,-166.0,201.0
-270.0,-87.0,-321.0,-93.0,-29.0,-164.0,-280.0,253.0,-217.0,129.0
-275.0,-89.0,-294.0,-148.0,-28.0,-130.0,-260.0,181.0,-268.0,90.0
-254.0,-175.0,-212.0,-214.0,-23.0,-235.0,-359.0,57.0,-303.0,88.0
-220.0,-159.0,-120.0,-272.0,-26.0,-343.0,-469.0,55.0,-320.0,93.0
-180.0,-71.0,-93.0,-357.0,-44.0,-367.0,-437.0,-59.0,-345.0,146.0
-149.0,55.0,-20.0,-465.0,-58.0,-526.0,-328.0,-40.0,-379.0,234.0
-121.0,159.0,21.0,-545.0,-48.0,-606.0,-286.0,-136.0,-427.0,299.0
-89.0,231.0,65.0,-595.0,-13.0,-570.0,-349.0,-120.0,-469.0,382.0
-54.0,337.0,114.0,-647.0,37.0,-590.0,-453.0,1.0,-487.0,453.0
-27.0,436.0,132.0,-647.0,79.0,-594.0,-526.0,-18.0,-503.0,491.0
-16.0,464.0,196.0,-624.0,105.0,-558.0,-481.0,75.0,-489.0,481.0
-6.0,334.0,211.0,-588.0,124.0,-434.0,-383.0,3.0,-455.0,439.0
-12.0,23.0,196.0,-508.0,126.0,-323.0,-398.0,-27.0,-423.0,376.0
-18.0,-281.0,201.0,-404.0,105.0,-257.0,-457.0,-49.0,-395.0,280.0
-28.0,-429.0,204.0,-257.0,77.0,-179.0,-528.0,-92.0,-341.0,142.0
-33.0,-544.0,174.0,-110.0,60.0,-122.0,-603.0,1.0,-274.0,-9.0
-57.0,-641.0,202.0,53.0,45.0,-230.0,-608.0,-24.0,-217.0,-138.0
-76.0,-549.0,231.0,232.0,23.0,-472.0,-545.0,-49.0,-156.0,-293.0
-66.0,-327.0,200.0,375.0,0.0,-561.0,-481.0,-179.0,-84.0,-430.0
-69.0,-99.0,214.0,489.0,-15.0,-509.0,-503.0,-203.0,18.0,-511.0
-67.0,205.0,182.0,559.0,-14.0,-492.0,-536.0,-157.0,114.0,-558.0
-85.0,622.0,168.0,605.0,2.0,-440.0,-476.0,-131.0,180.0,-602.0
-85.0,990.0,202.0,620.0,26.0,-317.0,-381.0,22.0,246.0,-622.0
-67.0,1182.0,166.0,582.0,40.0,-193.0,-366.0,-57.0,301.0,-598.0
-49.0,1188.0,140.0,547.0,41.0,-143.0,-405.0,-16.0,345.0,-576.0
-21.0,1091.0,105.0,493.0,39.0,-155.0,-430.0,1.0,382.0,-553.0
-1.0,1029.0,20.0,389.0,45.0,-116.0,-423.0,7.0,385.0,-511.0
48.0,983.0,-10.0,297.0,58.0,-127.0,-371.0,145.0,354.0,-448.0
82.0,829.0,-47.0,166.0,67.0,-150.0,-297.0,134.0,308.0,-408.0
116.0,499.0,-80.0,15.0,65.0,-96.0,-207.0,266.0,261.0,-356.0
141.0,45.0,-127.0,-88.0,52.0,-54.0,-180.0,242.0,195.0,-276.0
131.0,-397.0,-167.0,-189.0,21.0,-109.0,-289.0,234.0,135.0,-190.0
132.0,-729.0,-182.0,-255.0,-18.0,-233.0,-463.0,247.0,83.0,-108.0
109.0,-920.0,-231.0,-266.0,-56.0,-180.0,-527.0,138.0,14.0,-25.0
90.0,-911.0,-258.0,-257.0,-80.0,-75.0,-419.0,151.0,-58.0,84.0
56.0,-722.0,-282.0,-262.0,-78.0,-90.0,-311.0,-1.0,-128.0,167.0
28.0,-543.0,-272.0,-228.0,-63.0,-89.0,-286.0,-3.0,-216.0,244.0
5.0,-464.0,-262.0,-179.0,-59.0,-88.0,-309.0,48.0,-322.0,320.0
-24.0,-460.0,-208.0,-173.0,-66.0,-140.0,-384.0,84.0,-410.0,394.0
-44.0,-419.0,-125.0,-142.0,-75.0,-202.0,-470.0,140.0,-482.0,446.0
-80.0,-178.0,-86.0,-118.0,-83.0,-190.0,-522.0,118.0,-532.0,474.0
-90.0,179.0,-39.0,-131.0,-97.0,-120.0,-497.0,206.0,-554.0,514.0
-121.0,488.0,-1.0,-129.0,-114.0,-70.0,-393.0,101.0,-568.0,525.0
-152.0,693.0,12.0,-98.0,-126.0,-35.0,-314.0,20.0,-552.0,513.0
-185.0,770.0,31.0,-58.0,-133.0,19.0,-299.0,-70.0,-515.0,486.0
-239.0,737.0,66.0,-40.0,-136.0,46.0,-306.0,-142.0,-462.0,446.0
-280.0,664.0,98.0,-16.0,-136.0,-68.0,-238.0,-96.0,-395.0,381.0
-338.0,631.0,143.0,7.0,-134.0,-233.0,-102.0,-236.0,-317.0,309.0
-372.0,593.0,140.0,3.0,-131.0,-328.0,-66.0,-229.0,-227.0,259.0
-389.0,515.0,161.0,0.0,-129.0,-417.0,-104.0,-282.0,-164.0,219.0
-402.0,444.0,179.0,-37.0,-129.0,-404.0,-104.0,-317.0,-127.0,204.0
-417.0,361.0,136.0,-84.0,-124.0,-205.0,-49.0,-293.0,-107.0,204.0
-411.0,192.0,121.0,-156.0,-120.0,17.0,-44.0,-386.0,-102.0,238.0
-391.0,-111.0,88.0,-249.0,-125.0,66.0,-93.0,-229.0,-80.0,288.0
-388.0,-422.0,56.0,-331.0,-136.0,23.0,-112.0,-242.0,-70.0,336.0
-393.0,-564.0,24.0,-412.0,-136.0,4.0,-176.0,-194.0,-66.0,414.0
-386.0,-542.0,0.0,-470.0,-112.0,-17.0,-284.0,-46.0,-48.0,477.0
-357.0,-602.0,-31.0,-507.0,-72.0,-73.0,-392.0,-48.0,-18.0,505.0
-356.0,-896.0,-102.0,-482.0,-33.0,-80.0,-443.0,70.0,36.0,511.0
-350.0,-1196.0,-168.0,-487.0,12.0,20.0,-403.0,53.0,73.0,498.0
-340.0,-1225.0,-246.0,-460.0,70.0,-48.0,-364.0,83.0,87.0,474.0
-312.0,-1054.0,-318.0,-355.0,119.0,-218.0,-350.0,5.0,131.0,430.0
-266.0,-887.0,-351.0,-270.0,133.0,-231.0,-292.0,-44.0,194.0,385.0
-228.0,-693.0,-395.0,-150.0,120.0,-198.0,-180.0,-51.0,238.0,332.0
-177.0,-380.0,-434.0,-55.0,103.0,-213.0,-129.0,-194.0,286.0,285.0
-127.0,-7.0,-461.0,0.0,85.0,-252.0,-149.0,-138.0,313.0,239.0
-77.0,324.0,-516.0,27.0,62.0,-273.0,-158.0,-205.0,308.0,197.0
-45.0,543.0,-544.0,12.0,45.0,-231.0,-124.0,-164.0,302.0,161.0
-13.0,557.0,-554.0,-11.0,55.0,-127.0,-100.0,-129.0,263.0,120.0
-1.0,353.0,-555.0,-52.0,84.0,56.0,-165.0,-153.0,232.0,75.0
6.0,49.0,-521.0,-102.0,116.0,210.0,-219.0,-75.0,214.0,21.0
20.0,-228.0,-491.0,-148.0,146.0,145.0,-189.0,-129.0,203.0,-36.0
17.0,-419.0,-459.0,-207.0,167.0,0.0,-147.0,-27.0,189.0,-106.0
7.0,-506.0,-434.0,-261.0,179.0,-28.0,-106.0,-42.0,151.0,-177.0
3.0,-459.0,-437.0,-296.0,178.0,-23.0,-117.0,12.0,107.0,-255.0
9.0,-364.0,-434.0,-304.0,160.0,-221.0,-195.0,44.0,40.0,-326.0
-9.0,-334.0,-422.0,-306.0,128.0,-430.0,-241.0,-81.0,-36.0,-393.0
-20.0,-285.0,-422.0,-287.0,90.0,-434.0,-289.0,0.0,-122.0,-465.0
-37.0,-182.0,-401.0,-259.0,48.0,-354.0,-333.0,-38.0,-202.0,-520.0
-47.0,-91.0,-371.0,-231.0,0.0,-286.0,-325.0,99.0,-259.0,-574.0
-70.0,-2.0,-372.0,-170.0,-41.0,-290.0,-339.0,153.0,-304.0,-628.0
-122.0,82.0,-340.0,-115.0,-73.0,-164.0,-386.0,131.0,-347.0,-668.0
-143.0,153.0,-312.0,-52.0,-108.0,40.0,-445.0,260.0,-393.0,-686.0
-155.0,215.0,-289.0,7.0,-145.0,-11.0,-455.0,136.0,-393.0,-693.0
-173.0,201.0,-225.0,55.0,-174.0,-169.0,-357.0,169.0,-353.0,-695.0
-203.0,28.0,-210.0,99.0,-189.0,-212.0,-257.0,133.0,-294.0,-690.0
-207.0,-303.0,-171.0,114.0,-193.0,-195.0,-245.0,96.0,-197.0,-675.0
-193.0,-685.0,-120.0,153.0,-190.0,-161.0,-320.0,157.0,-83.0,-648.0
-194.0,-986.0,-101.0,200.0,-170.0,-202.0,-411.0,88.0,32.0,-617.0
-195.0,-1130.0,-38.0,223.0,-133.0,-230.0,-411.0,145.0,117.0,-569.0
-199.0,-1097.0,9.0,242.0,-86.0,-175.0,-357.0,88.0,167.0,-515.0
-187.0,-963.0,64.0,267.0,-41.0,-112.0,-343.0,72.0,234.0,-441.0
-190.0,-807.0,121.0,266.0,-7.0,-68.0,-355.0,36.0,273.0,-336.0
-192.0,-645.0,173.0,256.0,19.0,-139.0,-325.0,-40.0,282.0,-227.0
-150.0,-497.0,253.0,254.0,38.0,-286.0,-287.0,1.0,296.0,-121.0
-112.0,-377.0,314.0,225.0,43.0,-356.0,-253.0,22.0,288.0,-19.0
-62.0,-258.0,356.0,169.0,42.0,-193.0,-168.0,145.0,264.0,78.0
-24.0,-102.0,387.0,97.0,42.0,-2.0,-63.0,125.0,221.0,158.0
0.0,133.0,399.0,27.0,41.0,53.0,2.0,138.0,162.0,230.0
39.0,438.0,393.0,-39.0,36.0,127.0,-46.0,120.0,75.0,306.0
60.0,707.0,383.0,-96.0,32.0,179.0,-157.0,27.0,-16.0,387.0
81.0,868.0,359.0,-137.0,31.0,151.0,-193.0,179.0,-80.0,446.0
94.0,906.0,336.0,-137.0,38.0,108.0,-160.0,277.0,-137.0,470.0
119.0,878.0,292.0,-121.0,49.0,110.0,-149.0,299.0,-191.0,505.0
130.0,868.0,215.0,-152.0,55.0,104.0,-207.0,175.0,-268.0,527.0
134.0,912.0,152.0,-222.0,65.0,-32.0,-255.0,133.0,-345.0,508.0
137.0,1087.0,76.0,-271.0,88.0,-237.0,-231.0,157.0,-418.0,504.0
116.0,1362.0,24.0,-294.0,130.0,-296.0,-163.0,92.0,-466.0,504.0
105.0,1544.0,-19.0,-305.0,175.0,-234.0,-144.0,169.0,-482.0,486.0
58.0,1559.0,-43.0,-307.0,193.0,-124.0,-198.0,68.0,-464.0,476.0
23.0,1426.0,-80.0,-303.0,180.0,43.0,-210.0,75.0,-424.0,470.0
-11.0,1228.0,-128.0,-292.0,145.0,182.0,-182.0,138.0,-389.0,448.0
-55.0,1123.0,-130.0,-317.0,115.0,215.0,-188.0,55.0,-313.0,402.0
-84.0,1094.0,-148.0,-338.0,103.0,107.0,-201.0,140.0,-228.0,367.0
-107.0,975.0,-108.0,-355.0,103.0,-12.0,-177.0,133.0,-134.0,321.0
-117.0,818.0,-76.0,-401.0,95.0,50.0,-148.0,219.0,-31.0,251.0
-132.0,769.0,-51.0,-429.0,71.0,93.0,-119.0,232.0,46.0,193.0
-124.0,738.0,5.0,-437.0,34.0,45.0,-91.0,147.0,99.0,115.0
-126.0,568.0,26.0,-429.0,-9.0,64.0,-70.0,266.0,109.0,22.0
-135.0,222.0,60.0,-408.0,-46.0,63.0,4.0,317.0,104.0,-89.0
-127.0,-295.0,126.0,-405.0,-75.0,107.0,76.0,358.0,81.0,-206.0
-123.0,-917.0,157.0,-410.0,-97.0,185.0,70.0,221.0,74.0,-321.0
-122.0,-1428.0,158.0,-367.0,-101.0,189.0,23.0,92.0,91.0,-445.0
-132.0,-1658.0,174.0,-313.0,-80.0,88.0,0.0,5.0,100.0,-559.0
-141.0,-1647.0,131.0,-272.0,-38.0,-17.0,73.0,-57.0,95.0,-672.0
-147.0,-1517.0,87.0,-207.0,1.0,63.0,199.0,-20.0,60.0,-770.0
-179.0,-1277.0,66.0,-130.0,22.0,238.0,243.0,-129.0,6.0,-854.0
-209.0,-889.0,14.0,-27.0,28.0,318.0,185.0,-66.0,-68.0,-927.0
-249.0,-481.0,-24.0,80.0,22.0,285.0,121.0,-64.0,-158.0,-964.0
-290.0,-227.0,-61.0,174.0,11.0,293.0,113.0,-84.0,-242.0,-991.0
-315.0,-116.0,-119.0,251.0,2.0,318.0,150.0,-24.0,-327.0,-1006.0
-345.0,-34.0,-156.0,307.0,6.0,223.0,156.0,22.0,-398.0,-993.0
-359.0,28.0,-190.0,356.0,24.0,146.0,160.0,214.0,-449.0,-980.0
-383.0,25.0,-206.0,378.0,40.0,216.0,210.0,223.0,-477.0,-956.0
-394.0,-28.0,-185.0,384.0,46.0,245.0,225.0,312.0,-482.0,-911.0
-409.0,-107.0,-173.0,338.0,38.0,133.0,195.0,267.0,-477.0,-863.0
-405.0,-143.0,-120.0,262.0,14.0,35.0,188.0,121.0,-422.0,-794.0
-390.0,-62.0,-85.0,209.0,-19.0,20.0,226.0,114.0,-324.0,-703.0
-382.0,98.0,-57.0,149.0,-65.0,66.0,239.0,-29.0,-208.0,-600.0
-332.0,279.0,-23.0,122.0,-117.0,133.0,179.0,-11.0,-70.0,-477.0
-300.0,454.0,-15.0,121.0,-162.0,173.0,119.0,-120.0,58.0,-336.0
-259.0,602.0,9.0,100.0,-181.0,195.0,172.0,-153.0,169.0,-186.0
-210.0,707.0,16.0,77.0,-180.0,173.0,288.0,-66.0,275.0,-56.0
-161.0,765.0,42.0,61.0,-171.0,153.0,351.0,-121.0,363.0,51.0
-120.0,721.0,68.0,17.0,-159.0,220.0,344.0,-29.0,432.0,138.0
-93.0,585.0,94.0,-14.0,-146.0,221.0,313.0,-46.0,481.0,187.0
-60.0,435.0,120.0,-26.0,-132.0,158.0,337.0,-36.0,523.0,202.0
-35.0,225.0,148.0,-34.0,-135.0,140.0,372.0,-9.0,545.0,191.0
-13.0,-30.0,171.0,-34.0,-148.0,99.0,345.0,20.0,523.0,178.0
0.0,-215.0,145.0,-21.0,-150.0,29.0,286.0,88.0,475.0,168.0
19.0,-293.0,136.0,-10.0,-131.0,-21.0,264.0,88.0,397.0,153.0
19.0,-307.0,115.0,-13.0,-103.0,11.0,282.0,168.0,313.0,135.0
26.0,-327.0,97.0,8.0,-87.0,102.0,302.0,42.0,235.0,114.0
38.0,-373.0,121.0,30.0,-83.0,112.0,291.0,-20.0,141.0,109.0
39.0,-444.0,115.0,36.0,-82.0,87.0,229.0,22.0,62.0,91.0
48.0,-525.0,119.0,28.0,-78.0,181.0,203.0,-22.0,7.0,63.0
61.0,-568.0,142.0,11.0,-69.0,210.0,165.0,-24.0,-30.0,34.0
73.0,-515.0,109.0,-27.0,-64.0,46.0,93.0,-149.0,-48.0,0.0
76.0,-343.0,118.0,-59.0,-74.0,-57.0,115.0,-171.0,-46.0,-37.0
84.0,-94.0,119.0,-100.0,-90.0,-36.0,155.0,-232.0,-43.0,-90.0
85.0,104.0,71.0,-172.0,-85.0,21.0,123.0,-269.0,-42.0,-151.0
87.0,129.0,85.0,-227.0,-41.0,71.0,98.0,-175.0,-26.0,-217.0
63.0,-49.0,64.0,-298.0,17.0,139.0,145.0,-166.0,16.0,-275.0
22.0,-365.0,36.0,-329.0,66.0,246.0,225.0,-84.0,58.0,-322.0
-19.0,-665.0,29.0,-377.0,107.0,202.0,303.0,-166.0,91.0,-350.0
-69.0,-845.0,2.0,-369.0,137.0,91.0,369.0,-79.0,105.0,-360.0
-126.0,-882.0,-35.0,-309.0,138.0,95.0,376.0,53.0,80.0,-360.0
-181.0,-742.0,-71.0,-283.0,110.0,118.0,330.0,-25.0,65.0,-354.0
-240.0,-469.0,-79.0,-188.0,80.0,125.0,314.0,46.0,35.0,-348.0
-294.0,-211.0,-116.0,-141.0,62.0,58.0,356.0,-9.0,-7.0,-329.0
-326.0,-24.0,-111.0,-104.0,48.0,-58.0,373.0,-46.0,-44.0,-303.0
-387.0,184.0,-112.0,-48.0,32.0,-136.0,355.0,-134.0,-80.0,-278.0
-416.0,444.0,-104.0,-10.0,26.0,-148.0,348.0,-206.0,-119.0,-255.0
-446.0,660.0,-62.0,16.0,32.0,-76.0,345.0,-206.0,-181.0,-231.0
-476.0,761.0,-63.0,9.0,43.0,-33.0,366.0,-286.0,-264.0,-214.0
-488.0,764.0,-14.0,21.0,46.0,-12.0,423.0,-201.0,-362.0,-202.0
-496.0,725.0,-28.0,3.0,43.0,43.0,394.0,-201.0,-427.0,-182.0
-483.0,623.0,-35.0,-13.0,44.0,82.0,272.0,-84.0,-464.0,-155.0
-491.0,399.0,-20.0,12.0,46.0,101.0,268.0,-22.0,-482.0,-138.0
-466.0,122.0,-29.0,-1.0,46.0,31.0,403.0,-31.0,-464.0,-111.0
-443.0,-83.0,18.0,-51.0,44.0,-176.0,511.0,96.0,-420.0,-78.0
-384.0,-222.0,43.0,-82.0,43.0,-278.0,499.0,0.0,-336.0,-85.0
-340.0,-357.0,101.0,-123.0,44.0,-252.0,394.0,35.0,-226.0,-86.0
-301.0,-491.0,121.0,-159.0,37.0,-180.0,280.0,18.0,-110.0,-88.0
-236.0,-597.0,126.0,-146.0,22.0,-1.0,274.0,5.0,0.0,-113.0
-192.0,-624.0,175.0,-158.0,3.0,52.0,409.0,194.0,113.0,-141.0
-117.0,-537.0,179.0,-176.0,-7.0,-17.0,511.0,295.0,219.0,-180.0
-78.0,-335.0,213.0,-190.0,-13.0,-58.0,502.0,469.0,284.0,-209.0
-10.0,-43.0,226.0,-203.0,-18.0,-95.0,414.0,454.0,334.0,-241.0
19.0,299.0,220.0,-158.0,-21.0,-123.0,333.0,410.0,364.0,-269.0
41.0,613.0,245.0,-126.0,-27.0,-181.0,359.0,363.0,383.0,-261.0
64.0,824.0,250.0,-83.0,-32.0,-267.0,446.0,216.0,411.0,-239.0
81.0,862.0,264.0,-9.0,-30.0,-332.0,539.0,262.0,443.0,-198.0
127.0,688.0,259.0,31.0,-16.0,-352.0,537.0,243.0,466.0,-126.0
134.0,416.0,230.0,89.0,2.0,-350.0,472.0,251.0,469.0,-48.0
169.0,161.0,187.0,154.0,13.0,-340.0,473.0,266.0,461.0,23.0
181.0,-77.0,121.0,188.0,16.0,-285.0,525.0,332.0,449.0,80.0
227.0,-353.0,61.0,246.0,13.0,-206.0,571.0,441.0,440.0,136.0
250.0,-700.0,7.0,312.0,-6.0,-184.0,611.0,430.0,412.0,203.0
278.0,-1041.0,-42.0,346.0,-37.0,-187.0,645.0,509.0,356.0,246.0
315.0,-1190.0,-101.0,375.0,-59.0,-207.0,581.0,493.0,280.0,291.0
336.0,-957.0,-144.0,380.0,-63.0,-275.0,434.0,515.0,182.0,340.0
378.0,-424.0,-162.0,360.0,-63.0,-335.0,312.0,421.0,81.0,391.0
377.0,122.0,-198.0,318.0,-67.0,-346.0,249.0,339.0,-16.0,440.0
410.0,509.0,-221.0,276.0,-74.0,-302.0,247.0,500.0,-87.0,483.0
410.0,745.0,-207.0,242.0,-79.0,-327.0,297.0,460.0,-146.0,540.0
416.0,808.0,-216.0,188.0,-75.0,-375.0,352.0,522.0,-201.0,579.0
423.0,612.0,-195.0,116.0,-68.0,-338.0,363.0,480.0,-229.0,598.0
425.0,228.0,-162.0,5.0,-72.0,-391.0,311.0,334.0,-227.0,603.0
407.0,-217.0,-162.0,-85.0,-92.0,-454.0,248.0,328.0,-200.0,598.0
375.0,-588.0,-138.0,-167.0,-117.0,-358.0,210.0,229.0,-166.0,577.0
358.0,-726.0,-147.0,-253.0,-133.0,-212.0,226.0,216.0,-95.0,563.0
316.0,-627.0,-172.0,-300.0,-142.0,-117.0,318.0,208.0,-12.0,542.0
287.0,-399.0,-158.0,-339.0,-146.0,-159.0,387.0,273.0,69.0,480.0
258.0,-102.0,-171.0,-380.0,-141.0,-140.0,422.0,254.0,154.0,423.0
257.0,225.0,-185.0,-412.0,-126.0,7.0,467.0,221.0,207.0,340.0
233.0,491.0,-160.0,-420.0,-105.0,23.0,531.0,247.0,254.0,230.0
246.0,633.0,-117.0,-384.0,-81.0,-68.0,603.0,92.0,284.0,128.0
233.0,662.0,-110.0,-317.0,-50.0,-197.0,631.0,155.0,315.0,41.0
209.0,606.0,-120.0,-245.0,-11.0,-190.0,614.0,131.0,362.0,-48.0
199.0,464.0,-91.0,-160.0,20.0,-73.0,598.0,129.0,400.0,-137.0
166.0,220.0,-63.0,-76.0,42.0,-25.0,635.0,201.0,431.0,-213.0
157.0,-61.0,-43.0,-16.0,66.0,11.0,707.0,107.0,448.0,-309.0
130.0,-246.0,7.0,50.0,99.0,10.0,754.0,109.0,447.0,-395.0
125.0,-225.0,61.0,121.0,128.0,112.0,714.0,-36.0,452.0,-476.0
84.0,20.0,102.0,169.0,139.0,316.0,626.0,-70.0,439.0,-568.0
76.0,380.0,155.0,216.0,140.0,361.0,570.0,-136.0,400.0,-639.0
44.0,701.0,214.0,236.0,140.0,254.0,566.0,-218.0,347.0,-717.0
0.0,930.0,246.0,237.0,133.0,131.0,576.0,-197.0,278.0,-786.0
-37.0,1039.0,293.0,215.0,123.0,90.0,528.0,-229.0,217.0,-829.0
-109.0,964.0,314.0,186.0,109.0,197.0,455.0,-24.0,156.0,-872.0
-167.0,669.0,307.0,184.0,94.0,290.0,397.0,-57.0,95.0,-883.0
-246.0,235.0,321.0,166.0,76.0,275.0,403.0,-107.0,44.0,-875.0
-281.0,-159.0,292.0,131.0,45.0,361.0,430.0,-97.0,-4.0,-860.0
-341.0,-443.0,274.0,72.0,5.0,486.0,459.0,-151.0,-25.0,-824.0
-376.0,-629.0,259.0,3.0,-30.0,544.0,527.0,-53.0,-18.0,-794.0
-423.0,-708.0,219.0,-42.0,-48.0,517.0,537.0,-75.0,-25.0,-762.0
-445.0,-702.0,194.0,-64.0,-40.0,436.0,507.0,-1.0,-32.0,-732.0
-427.0,-617.0,159.0,-65.0,-9.0,376.0,497.0,-33.0,-21.0,-704.0
-436.0,-420.0,123.0,-77.0,24.0,250.0,535.0,-94.0,-20.0,-683.0
-432.0,-102.0,82.0,-89.0,46.0,118.0,547.0,-83.0,-8.0,-666.0
-447.0,241.0,40.0,-85.0,53.0,35.0,485.0,-131.0,-22.0,-640.0
-417.0,534.0,21.0,-61.0,53.0,-5.0,419.0,-44.0,-40.0,-624.0
-425.0,736.0,9.0,-7.0,64.0,16.0,398.0,-118.0,-52.0,-607.0
-414.0,789.0,-3.0,39.0,74.0,81.0,431.0,-99.0,-65.0,-584.0
-406.0,685.0,4.0,75.0,75.0,185.0,432.0,-77.0,-53.0,-553.0
-393.0,397.0,8.0,112.0,73.0,279.0,396.0,-99.0,-32.0,-512.0
-370.0,-92.0,11.0,117.0,75.0,350.0,355.0,-12.0,11.0,-456.0
-357.0,-662.0,49.0,110.0,84.0,378.0,367.0,-107.0,74.0,-374.0
-303.0,-1076.0,72.0,118.0,89.0,306.0,432.0,-44.0,157.0,-303.0
-283.0,-1196.0,106.0,113.0,91.0,172.0,460.0,40.0,261.0,-230.0
-241.0,-1070.0,124.0,88.0,94.0,125.0,429.0,114.0,351.0,-152.0
-206.0,-811.0,148.0,51.0,106.0,141.0,316.0,149.0,426.0,-76.0
-146.0,-566.0,186.0,6.0,125.0,58.0,213.0,29.0,491.0,25.0
-101.0,-405.0,229.0,-23.0,134.0,-61.0,142.0,20.0,534.0,116.0
-33.0,-299.0,264.0,-34.0,130.0,-106.0,115.0,-142.0,554.0,227.0
18.0,-221.0,287.0,-58.0,119.0,-198.0,137.0,-166.0,538.0,340.0
50.0,-193.0,339.0,-101.0,110.0,-306.0,176.0,-101.0,484.0,439.0
104.0,-195.0,326.0,-157.0,94.0,-221.0,213.0,-81.0,405.0,541.0
116.0,-93.0,351.0,-205.0,72.0,-83.0,198.0,-22.0,308.0,619.0
156.0,203.0,389.0,-235.0,37.0,-51.0,176.0,-140.0,195.0,692.0
159.0,637.0,394.0,-242.0,-7.0,-41.0,158.0,-105.0,72.0,726.0
176.0,1047.0,439.0,-252.0,-56.0,56.0,192.0,-68.0,-39.0,722.0
186.0,1281.0,432.0,-254.0,-109.0,240.0,266.0,53.0,-135.0,696.0
198.0,1308.0,432.0,-195.0,-156.0,170.0,337.0,120.0,-200.0,640.0
192.0,1245.0,397.0,-110.0,-186.0,-43.0,411.0,72.0,-241.0,557.0
191.0,1201.0,353.0,-13.0,-191.0,-110.0,432.0,218.0,-257.0,492.0
194.0,1164.0,322.0,98.0,-179.0,-285.0,422.0,171.0,-242.0,458.0
178.0,1101.0,257.0,176.0,-167.0,-512.0,369.0,212.0,-207.0,409.0
177.0,1001.0,223.0,239.0,-160.0,-703.0,339.0,162.0,-148.0,358.0
133.0,888.0,177.0,303.0,-163.0,-774.0,367.0,-16.0,-76.0,322.0
136.0,804.0,140.0,351.0,-172.0,-530.0,379.0,-38.0,6.0,294.0
116.0,764.0,90.0,393.0,-177.0,-288.0,364.0,-116.0,96.0,249.0
135.0,750.0,29.0,414.0,-171.0,-193.0,322.0,-75.0,175.0,219.0
130.0,662.0,-43.0,406.0,-156.0,-91.0,322.0,-192.0,243.0,207.0
112.0,386.0,-92.0,384.0,-144.0,-35.0,378.0,-212.0,287.0,191.0
122.0,-79.0,-131.0,358.0,-138.0,16.0,408.0,-166.0,315.0,190.0
101.0,-609.0,-190.0,322.0,-124.0,47.0,376.0,-219.0,346.0,190.0
94.0,-1016.0,-179.0,270.0,-107.0,-20.0,347.0,-59.0,364.0,174.0
53.0,-1187.0,-189.0,210.0,-95.0,-195.0,317.0,57.0,359.0,144.0
59.0,-1158.0,-192.0,141.0,-100.0,-424.0,268.0,275.0,317.0,98.0
39.0,-1024.0,-192.0,56.0,-130.0,-501.0,229.0,341.0,268.0,41.0
8.0,-848.0,-195.0,-28.0,-162.0,-487.0,227.0,328.0,223.0,-22.0
-26.0,-682.0,-190.0,-95.0,-175.0,-425.0,316.0,415.0,179.0,-116.0
-60.0,-545.0,-204.0,-146.0,-163.0,-316.0,428.0,400.0,147.0,-206.0
-74.0,-448.0,-171.0,-169.0,-137.0,-162.0,462.0,469.0,88.0,-275.0
-108.0,-337.0,-138.0,-200.0,-115.0,54.0,429.0,347.0,38.0,-341.0
-144.0,-180.0,-77.0,-229.0,-105.0,107.0,373.0,339.0,-9.0,-410.0
-182.0,-18.0,-1.0,-237.0,-99.0,125.0,315.0,336.0,-51.0,-468.0
-202.0,138.0,49.0,-268.0,-79.0,156.0,269.0,219.0,-82.0,-505.0
-247.0,315.0,91.0,-304.0,-39.0,89.0,277.0,243.0,-126.0,-559.0
-267.0,517.0,149.0,-348.0,3.0,56.0,338.0,164.0,-125.0,-612.0
-291.0,691.0,189.0,-381.0,38.0,18.0,388.0,303.0,-117.0,-655.0
-304.0,812.0,236.0,-398.0,63.0,-49.0,347.0,352.0,-97.0,-718.0
-311.0,842.0,308.0,-388.0,80.0,-156.0,247.0,330.0,-79.0,-787.0
-313.0,754.0,343.0,-359.0,94.0,-141.0,194.0,406.0,-52.0,-824.0
-313.0,619.0,394.0,-323.0,104.0,18.0,236.0,356.0,0.0,-841.0
-313.0,466.0,428.0,-252.0,110.0,76.0,286.0,463.0,37.0,-844.0
-279.0,271.0,435.0,-167.0,111.0,100.0,256.0,434.0,93.0,-817.0
-267.0,75.0,434.0,-85.0,118.0,200.0,169.0,428.0,141.0,-759.0
-243.0,-40.0,431.0,-13.0,131.0,396.0,82.0,448.0,192.0,-675.0
-228.0,-60.0,428.0,60.0,152.0,375.0,43.0,363.0,264.0,-598.0
-195.0,-9.0,398.0,123.0,177.0,148.0,46.0,332.0,328.0,-520.0
-157.0,85.0,374.0,145.0,192.0,169.0,51.0,110.0,403.0,-447.0
-127.0,227.0,367.0,165.0,190.0,241.0,-4.0,70.0,488.0,-392.0
-95.0,420.0,333.0,176.0,172.0,218.0,-71.0,3.0,562.0,-356.0
-51.0,581.0,298.0,178.0,147.0,158.0,-44.0,-179.0,617.0,-324.0
2.0,591.0,289.0,177.0,125.0,169.0,22.0,-175.0,645.0,-286.0
28.0,415.0,258.0,167.0,109.0,247.0,91.0,-153.0,635.0,-261.0
76.0,91.0,234.0,175.0,99.0,288.0,127.0,-29.0,605.0,-229.0
107.0,-328.0,201.0,186.0,91.0,391.0,60.0,25.0,543.0,-174.0
145.0,-758.0,164.0,194.0,79.0,334.0,-18.0,186.0,446.0,-112.0
185.0,-1098.0,144.0,201.0,55.0,151.0,33.0,282.0,333.0,-51.0
203.0,-1188.0,96.0,215.0,27.0,45.0,218.0,260.0,216.0,36.0
233.0,-947.0,79.0,224.0,2.0,57.0,391.0,327.0,99.0,130.0
267.0,-565.0,79.0,234.0,-20.0,202.0,442.0,245.0,-18.0,220.0
288.0,-277.0,56.0,236.0,-39.0,202.0,402.0,275.0,-133.0,306.0
306.0,-181.0,57.0,203.0,-59.0,140.0,336.0,149.0,-225.0,368.0
329.0,-243.0,60.0,183.0,-79.0,165.0,286.0,101.0,-296.0,446.0
331.0,-377.0,47.0,172.0,-89.0,146.0,269.0,188.0,-340.0,501.0
343.0,-564.0,42.0,153.0,-83.0,123.0,244.0,101.0,-337.0,523.0
344.0,-783.0,36.0,133.0,-61.0,146.0,202.0,251.0,-319.0,558.0
336.0,-966.0,33.0,110.0,-30.0,265.0,177.0,277.0,-272.0,562.0
341.0,-1067.0,44.0,111.0,-10.0,249.0,213.0,362.0,-207.0,548.0
327.0,-1112.0,43.0,143.0,-12.0,48.0,277.0,522.0,-160.0,546.0
320.0,-1125.0,45.0,183.0,-28.0,-31.0,284.0,454.0,-125.0,553.0
312.0,-1057.0,66.0,209.0,-39.0,-54.0,245.0,467.0,-108.0,550.0
283.0,-845.0,65.0,216.0,-30.0,-31.0,179.0,439.0,-92.0,541.0
263.0,-456.0,61.0,206.0,3.0,-97.0,167.0,434.0,-59.0,551.0
233.0,84.0,57.0,211.0,64.0,-149.0,236.0,293.0,-20.0,565.0
188.0,656.0,43.0,236.0,137.0,-100.0,322.0,177.0,1.0,568.0
151.0,1119.0,39.0,266.0,192.0,-161.0,327.0,127.0,4.0,556.0
138.0,1422.0,18.0,297.0,222.0,35.0,225.0,68.0,0.0,553.0
115.0,1569.0,11.0,329.0,238.0,292.0,161.0,201.0,4.0,515.0
98.0,1615.0,-6.0,377.0,238.0,260.0,148.0,90.0,14.0,457.0
117.0,1668.0,-42.0,418.0,210.0,91.0,197.0,14.0,21.0,404.0
122.0,1757.0,-50.0,445.0,146.0,-77.0,297.0,-27.0,27.0,337.0
148.0,1858.0,-80.0,463.0,66.0,-94.0,367.0,-73.0,12.0,263.0
165.0,1925.0,-84.0,460.0,-3.0,-174.0,379.0,101.0,-22.0,153.0
172.0,1851.0,-76.0,439.0,-55.0,-227.0,317.0,144.0,-55.0,70.0
188.0,1560.0,-71.0,399.0,-96.0,-182.0,240.0,216.0,-96.0,-31.0
201.0,1083.0,-27.0,352.0,-121.0,-144.0,178.0,208.0,-136.0,-164.0
223.0,543.0,5.0,326.0,-134.0,-105.0,155.0,275.0,-144.0,-276.0
224.0,62.0,56.0,295.0,-140.0,-91.0,138.0,352.0,-127.0,-389.0
243.0,-286.0,98.0,262.0,-136.0,-18.0,88.0,341.0,-98.0,-492.0
257.0,-480.0,115.0,236.0,-132.0,-40.0,7.0,432.0,-58.0,-595.0
266.0,-528.0,146.0,217.0,-142.0,-41.0,-68.0,238.0,-7.0,-655.0
280.0,-478.0,147.0,199.0,-174.0,110.0,-124.0,97.0,50.0,-673.0
305.0,-400.0,161.0,161.0,-222.0,182.0,-132.0,-44.0,125.0,-672.0
314.0,-360.0,191.0,156.0,-265.0,54.0,-75.0,-151.0,202.0,-637.0
312.0,-394.0,188.0,152.0,-286.0,-104.0,-42.0,12.0,256.0,-583.0
335.0,-499.0,210.0,152.0,-273.0,-45.0,-35.0,-40.0,293.0,-505.0
318.0,-634.0,208.0,147.0,-236.0,106.0,-65.0,-48.0,315.0,-422.0
302.0,-767.0,184.0,137.0,-187.0,147.0,-82.0,-27.0,334.0,-349.0
286.0,-895.0,169.0,173.0,-132.0,37.0,-21.0,-44.0,358.0,-268.0
276.0,-991.0,117.0,166.0,-81.0,-5.0,46.0,-12.0,382.0,-198.0
257.0,-1022.0,98.0,117.0,-42.0,99.0,91.0,-38.0,424.0,-134.0
234.0,-994.0,80.0,62.0,-22.0,185.0,122.0,-48.0,466.0,-74.0
216.0,-940.0,56.0,-8.0,-12.0,198.0,154.0,-201.0,493.0,-41.0
175.0,-889.0,39.0,-74.0,5.0,69.0,179.0,-210.0,508.0,-10.0
156.0,-847.0,29.0,-138.0,31.0,-32.0,192.0,-230.0,503.0,18.0
125.0,-809.0,24.0,-190.0,52.0,48.0,162.0,-144.0,482.0,43.0
121.0,-731.0,-2.0,-251.0,62.0,202.0,118.0,42.0,452.0,67.0
110.0,-603.0,8.0,-318.0,68.0,278.0,107.0,-35.0,424.0,79.0
98.0,-523.0,2.0,-382.0,74.0,155.0,129.0,55.0,392.0,103.0
89.0,-556.0,14.0,-459.0,74.0,116.0,167.0,16.0,365.0,116.0
60.0,-662.0,41.0,-525.0,66.0,248.0,197.0,-59.0,335.0,119.0
42.0,-766.0,46.0,-577.0,52.0,280.0,198.0,1.0,282.0,125.0
20.0,-842.0,88.0,-620.0,40.0,154.0,127.0,-53.0,233.0,108.0
6.0,-880.0,93.0,-633.0,26.0,55.0,54.0,-25.0,203.0,67.0
-10.0,-801.0,102.0,-633.0,9.0,128.0,10.0,7.0,178.0,17.0
-11.0,-532.0,119.0,-614.0,-8.0,100.0,6.0,70.0,143.0,-51.0
-17.0,-71.0,111.0,-536.0,-25.0,-50.0,-4.0,145.0,85.0,-148.0
-3.0,551.0,100.0,-422.0,-34.0,-52.0,-68.0,188.0,-2.0,-254.0
-1.0,1138.0,72.0,-300.0,-27.0,128.0,-113.0,219.0,-57.0,-364.0
-9.0,1506.0,57.0,-172.0,-6.0,154.0,-141.0,242.0,-87.0,-465.0
-1.0,1733.0,14.0,-63.0,23.0,75.0,-154.0,284.0,-130.0,-556.0
1.0,1840.0,-47.0,31.0,54.0,141.0,-198.0,182.0,-153.0,-640.0
6.0,1740.0,-87.0,99.0,82.0,256.0,-243.0,121.0,-169.0,-688.0
2.0,1487.0,-148.0,156.0,105.0,350.0,-204.0,79.0,-163.0,-707.0
38.0,1204.0,-212.0,223.0,117.0,354.0,-123.0,-18.0,-140.0,-698.0
47.0,957.0,-246.0,246.0,125.0,440.0,-24.0,-5.0,-100.0,-671.0
79.0,766.0,-315.0,249.0,134.0,373.0,37.0,-125.0,-58.0,-641.0
114.0,660.0,-369.0,252.0,142.0,294.0,48.0,-127.0,-32.0,-602.0
126.0,629.0,-398.0,250.0,151.0,442.0,62.0,-62.0,-2.0,-558.0
152.0,624.0,-419.0,259.0,164.0,484.0,60.0,-66.0,13.0,-513.0
154.0,606.0,-417.0,282.0,184.0,406.0,58.0,-3.0,34.0,-460.0
160.0,525.0,-425.0,310.0,201.0,194.0,81.0,-33.0,52.0,-398.0
150.0,391.0,-419.0,343.0,200.0,185.0,71.0,105.0,77.0,-335.0
158.0,272.0,-424.0,376.0,172.0,386.0,48.0,127.0,96.0,-259.0
145.0,170.0,-414.0,416.0,126.0,511.0,32.0,44.0,90.0,-177.0
140.0,28.0,-405.0,460.0,84.0,535.0,34.0,-73.0,69.0,-95.0
135.0,-158.0,-364.0,473.0,54.0,440.0,58.0,-173.0,22.0,-29.0
131.0,-344.0,-297.0,473.0,32.0,361.0,46.0,-7.0,-69.0,17.0
128.0,-481.0,-246.0,475.0,14.0,265.0,7.0,0.0,-193.0,78.0
97.0,-535.0,-161.0,445.0,-4.0,328.0,-29.0,35.0,-289.0,119.0
79.0,-531.0,-122.0,420.0,-32.0,538.0,-97.0,29.0,-367.0,143.0
47.0,-481.0,-69.0,413.0,-71.0,552.0,-174.0,94.0,-436.0,174.0
41.0,-402.0,-11.0,385.0,-109.0,421.0,-192.0,280.0,-484.0,201.0
4.0,-331.0,-1.0,366.0,-131.0,336.0,-210.0,236.0,-522.0,228.0
-18.0,-254.0,24.0,351.0,-127.0,300.0,-210.0,277.0,-541.0,242.0
-46.0,-182.0,20.0,335.0,-103.0,263.0,-154.0,245.0,-533.0,259.0
-64.0,-126.0,17.0,346.0,-78.0,271.0,-99.0,273.0,-474.0,264.0
-69.0,-85.0,20.0,335.0,-70.0,292.0,-70.0,321.0,-374.0,255.0
-92.0,-88.0,14.0,309.0,-79.0,231.0,-95.0,210.0,-276.0,242.0
-78.0,-140.0,18.0,293.0,-92.0,194.0,-135.0,131.0,-180.0,209.0
-94.0,-224.0,0.0,277.0,-100.0,330.0,-174.0,-88.0,-75.0,158.0
-69.0,-316.0,-2.0,259.0,-98.0,468.0,-205.0,-188.0,26.0,86.0
-58.0,-418.0,-16.0,237.0,-88.0,532.0,-216.0,-269.0,129.0,24.0
-21.0,-556.0,-18.0,218.0,-71.0,542.0,-208.0,-297.0,194.0,-29.0
14.0,-682.0,0.0,192.0,-39.0,473.0,-172.0,-166.0,224.0,-86.0
41.0,-776.0,-9.0,172.0,0.0,356.0,-133.0,-190.0,266.0,-138.0
108.0,-826.0,45.0,166.0,37.0,166.0,-110.0,-125.0,297.0,-164.0
152.0,-790.0,86.0,196.0,61.0,88.0,-125.0,-114.0,336.0,-178.0
211.0,-714.0,139.0,226.0,73.0,90.0,-155.0,-86.0,368.0,-204.0
263.0,-671.0,228.0,224.0,76.0,110.0,-197.0,-14.0,371.0,-207.0
323.0,-687.0,272.0,231.0,65.0,103.0,-213.0,-40.0,388.0,-195.0
339.0,-730.0,351.0,238.0,49.0,60.0,-211.0,-55.0,416.0,-176.0
386.0,-742.0,436.0,249.0,37.0,174.0,-249.0,-151.0,426.0,-166.0
424.0,-621.0,492.0,271.0,30.0,235.0,-269.0,-83.0,423.0,-143.0
441.0,-321.0,553.0,280.0,15.0,214.0,-264.0,-86.0,400.0,-104.0
472.0,50.0,601.0,286.0,-9.0,231.0,-270.0,-121.0,361.0,-75.0
492.0,361.0,628.0,283.0,-33.0,265.0,-280.0,-57.0,302.0,-10.0
521.0,586.0,657.0,255.0,-52.0,309.0,-284.0,-35.0,209.0,49.0
530.0,772.0,658.0,219.0,-69.0,259.0,-291.0,16.0,123.0,101.0
545.0,888.0,649.0,179.0,-82.0,156.0,-292.0,-127.0,51.0,143.0
547.0,819.0,630.0,138.0,-91.0,42.0,-284.0,-112.0,-47.0,170.0
563.0,551.0,584.0,92.0,-94.0,-101.0,-261.0,-49.0,-161.0,202.0
556.0,253.0,536.0,59.0,-98.0,-118.0,-202.0,5.0,-269.0,201.0
557.0,70.0,483.0,28.0,-100.0,-54.0,-145.0,35.0,-377.0,200.0
549.0,-10.0,427.0,-29.0,-104.0,-21.0,-85.0,-147.0,-480.0,219.0
529.0,-76.0,355.0,-62.0,-111.0,-9.0,-23.0,-70.0,-568.0,240.0
506.0,-165.0,291.0,-81.0,-118.0,-16.0,24.0,-101.0,-642.0,266.0
464.0,-219.0,221.0,-120.0,-117.0,-31.0,32.0,-107.0,-675.0,309.0
441.0,-200.0,166.0,-144.0,-109.0,-64.0,-33.0,-60.0,-673.0,372.0
386.0,-98.0,101.0,-148.0,-109.0,-13.0,-121.0,-168.0,-645.0,410.0
344.0,96.0,44.0,-159.0,-118.0,-9.0,-182.0,-99.0,-593.0,411.0
298.0,326.0,33.0,-202.0,-129.0,-55.0,-165.0,-134.0,-542.0,392.0
262.0,511.0,6.0,-248.0,-137.0,-31.0,-93.0,-127.0,-462.0,339.0
207.0,589.0,-18.0,-255.0,-133.0,25.0,-16.0,-83.0,-350.0,249.0
139.0,510.0,-14.0,-259.0,-129.0,78.0,43.0,-84.0,-236.0,121.0
96.0,321.0,-8.0,-239.0,-130.0,3.0,26.0,-101.0,-99.0,15.0
40.0,174.0,-18.0,-204.0,-133.0,-77.0,-35.0,-186.0,41.0,-59.0
-10.0,153.0,-9.0,-217.0,-140.0,-84.0,-88.0,-199.0,175.0,-156.0
-64.0,210.0,-3.0,-219.0,-147.0,-43.0,-114.0,-288.0,299.0,-214.0
-102.0,257.0,-9.0,-189.0,-143.0,-22.0,-144.0,-286.0,391.0,-215.0
-146.0,225.0,0.0,-160.0,-127.0,-97.0,-143.0,-271.0,470.0,-209.0
-178.0,124.0,-5.0,-106.0,-96.0,-123.0,-90.0,-334.0,512.0,-198.0
-213.0,15.0,-13.0,-28.0,-59.0,-129.0,-74.0,-315.0,522.0,-172.0
-255.0,-114.0,-8.0,32.0,-32.0,-204.0,-80.0,-334.0,526.0,-133.0
-281.0,-295.0,-26.0,100.0,-14.0,-252.0,-113.0,-236.0,522.0,-111.0
-301.0,-438.0,-24.0,200.0,0.0,-89.0,-154.0,-221.0,513.0,-97.0
-314.0,-427.0,-39.0,287.0,15.0,160.0,-151.0,-249.0,482.0,-78.0
-297.0,-276.0,-55.0,370.0,28.0,225.0,-116.0,-153.0,432.0,-63.0
-266.0,-115.0,-52.0,470.0,44.0,248.0,-47.0,-166.0,373.0,-78.0
-254.0,-70.0,-83.0,525.0,72.0,314.0,1.0,-72.0,320.0,-116.0
-243.0,-127.0,-90.0,550.0,99.0,276.0,40.0,-68.0,262.0,-165.0
-212.0,-215.0,-117.0,571.0,113.0,113.0,90.0,-33.0,189.0,-248.0
-176.0,-357.0,-160.0,569.0,112.0,-27.0,126.0,46.0,141.0,-347.0
-135.0,-549.0,-176.0,579.0,110.0,-38.0,108.0,-22.0,90.0,-428.0
-79.0,-633.0,-220.0,583.0,118.0,-22.0,48.0,66.0,37.0,-485.0
-37.0,-515.0,-261.0,587.0,130.0,-55.0,3.0,84.0,-13.0,-546.0
17.0,-282.0,-287.0,583.0,129.0,-85.0,-57.0,123.0,-72.0,-591.0
54.0,-46.0,-309.0,542.0,112.0,-85.0,-114.0,5.0,-101.0,-597.0
79.0,128.0,-314.0,494.0,88.0,35.0,-154.0,-210.0,-130.0,-591.0
105.0,240.0,-316.0,391.0,71.0,208.0,-185.0,-232.0,-175.0,-584.0
125.0,340.0,-335.0,287.0,71.0,249.0,-177.0,-286.0,-231.0,-576.0
154.0,485.0,-342.0,210.0,87.0,226.0,-165.0,-179.0,-296.0,-543.0
170.0,648.0,-324.0,156.0,109.0,195.0,-210.0,-158.0,-334.0,-511.0
210.0,738.0,-339.0,152.0,126.0,230.0,-264.0,-162.0,-355.0,-497.0
221.0,672.0,-364.0,134.0,145.0,275.0,-269.0,-169.0,-372.0,-440.0
246.0,458.0,-364.0,171.0,170.0,154.0,-244.0,-190.0,-389.0,-371.0
235.0,231.0,-377.0,235.0,194.0,-24.0,-202.0,-48.0,-403.0,-314.0
204.0,61.0,-385.0,270.0,209.0,-18.0,-190.0,-3.0,-403.0,-236.0
199.0,-86.0,-362.0,355.0,217.0,108.0,-219.0,114.0,-401.0,-141.0
176.0,-245.0,-349.0,390.0,224.0,191.0,-253.0,84.0,-408.0,-52.0
172.0,-402.0,-347.0,375.0,226.0,333.0,-284.0,90.0,-405.0,11.0
148.0,-519.0,-307.0,337.0,215.0,434.0,-316.0,120.0,-394.0,80.0
144.0,-565.0,-297.0,248.0,189.0,405.0,-308.0,-36.0,-408.0,145.0
114.0,-520.0,-292.0,158.0,154.0,276.0,-281.0,-24.0,-423.0,184.0
81.0,-454.0,-251.0,41.0,111.0,168.0,-269.0,-94.0,-423.0,222.0
52.0,-378.0,-242.0,-91.0,68.0,164.0,-257.0,18.0,-404.0,279.0
30.0,-212.0,-207.0,-230.0,24.0,142.0,-248.0,142.0,-359.0,323.0
14.0,-37.0,-169.0,-334.0,-10.0,109.0,-205.0,110.0,-308.0,336.0
5.0,13.0,-147.0,-411.0,-29.0,127.0,-160.0,203.0,-237.0,351.0
29.0,-91.0,-116.0,-494.0,-45.0,240.0,-156.0,164.0,-157.0,361.0
41.0,-269.0,-103.0,-518.0,-62.0,286.0,-177.0,203.0,-67.0,360.0
90.0,-386.0,-68.0,-508.0,-84.0,245.0,-201.0,107.0,40.0,349.0
131.0,-360.0,-44.0,-458.0,-111.0,282.0,-144.0,20.0,130.0,346.0
200.0,-215.0,-11.0,-360.0,-140.0,282.0,-43.0,-1.0,216.0,347.0
275.0,-31.0,38.0,-280.0,-161.0,202.0,-12.0,-190.0,301.0,313.0
335.0,155.0,76.0,-183.0,-155.0,93.0,-45.0,-201.0,362.0,270.0
387.0,393.0,121.0,-88.0,-129.0,-44.0,-109.0,-266.0,418.0,232.0
431.0,688.0,163.0,-58.0,-105.0,-64.0,-148.0,-254.0,466.0,176.0
484.0,914.0,188.0,-51.0,-102.0,24.0,-162.0,-303.0,479.0,99.0
498.0,1005.0,210.0,-14.0,-122.0,110.0,-173.0,-343.0,464.0,30.0
520.0,1046.0,243.0,27.0,-155.0,173.0,-159.0,-140.0,442.0,-9.0
519.0,1141.0,253.0,23.0,-184.0,187.0,-179.0,-84.0,413.0,-70.0
518.0,1238.0,254.0,38.0,-190.0,258.0,-203.0,33.0,353.0,-133.0
486.0,1217.0,241.0,51.0,-164.0,294.0,-191.0,73.0,293.0,-166.0
447.0,1049.0,228.0,27.0,-118.0,250.0,-163.0,68.0,253.0,-205.0
408.0,750.0,212.0,1.0,-72.0,151.0,-117.0,20.0,233.0,-228.0
351.0,387.0,186.0,-61.0,-44.0,106.0,-107.0,-38.0,219.0,-234.0
305.0,-29.0,170.0,-134.0,-40.0,206.0,-113.0,-3.0,176.0,-198.0
229.0,-524.0,125.0,-206.0,-46.0,140.0,-113.0,-133.0,134.0,-114.0
171.0,-1012.0,78.0,-273.0,-48.0,-80.0,-82.0,-88.0,88.0,-24.0
112.0,-1414.0,30.0,-341.0,-42.0,-254.0,-26.0,-186.0,32.0,102.0
72.0,-1720.0,-11.0,-364.0,-21.0,-275.0,-10.0,-334.0,-15.0,241.0
30.0,-1851.0,-69.0,-361.0,12.0,-208.0,-15.0,-284.0,-56.0,368.0
0.0,-1725.0,-117.0,-327.0,58.0,-194.0,-10.0,-269.0,-100.0,482.0
-7.0,-1418.0,-138.0,-252.0,111.0,-194.0,0.0,-60.0,-120.0,567.0
-16.0,-1033.0,-190.0,-214.0,154.0,-208.0,-17.0,-60.0,-108.0,636.0
-25.0,-648.0,-220.0,-119.0,175.0,-257.0,-84.0,-136.0,-106.0,667.0
-42.0,-339.0,-224.0,24.0,171.0,-289.0,-137.0,-151.0,-126.0,671.0
-29.0,-133.0,-229.0,88.0,151.0,-252.0,-126.0,-195.0,-153.0,684.0
-23.0,24.0,-209.0,153.0,124.0,-207.0,-90.0,-101.0,-177.0,687.0
-8.0,192.0,-186.0,224.0,103.0,-227.0,-79.0,-131.0,-203.0,656.0
3.0,337.0,-159.0,254.0,94.0,-329.0,-117.0,-20.0,-219.0,613.0
22.0,510.0,-113.0,319.0,91.0,-448.0,-183.0,42.0,-218.0,548.0
37.0,755.0,-69.0,373.0,79.0,-550.0,-228.0,51.0,-210.0,456.0
36.0,940.0,1.0,442.0,55.0,-476.0,-225.0,131.0,-191.0,370.0
65.0,1015.0,52.0,492.0,37.0,-271.0,-184.0,-55.0,-174.0,303.0
76.0,1044.0,78.0,496.0,29.0,-233.0,-120.0,-177.0,-173.0,250.0
57.0,1039.0,139.0,516.0,33.0,-412.0,-84.0,-280.0,-192.0,192.0
48.0,960.0,165.0,491.0,40.0,-542.0,-87.0,-177.0,-226.0,168.0
51.0,778.0,195.0,451.0,43.0,-356.0,-103.0,25.0,-272.0,180.0
41.0,554.0,241.0,390.0,34.0,-231.0,-121.0,99.0,-321.0,182.0
27.0,445.0,263.0,305.0,13.0,-274.0,-119.0,249.0,-361.0,187.0
-3.0,512.0,277.0,228.0,-4.0,-325.0,-123.0,147.0,-370.0,209.0
-37.0,644.0,299.0,151.0,-14.0,-396.0,-127.0,55.0,-374.0,231.0
-70.0,686.0,326.0,55.0,-17.0,-311.0,-85.0,-33.0,-384.0,220.0
-123.0,540.0,317.0,-20.0,-18.0,-231.0,-40.0,-77.0,-388.0,189.0
-195.0,225.0,334.0,-57.0,-28.0,-231.0,-34.0,-24.0,-366.0,157.0
-256.0,-188.0,343.0,-124.0,-46.0,-200.0,-68.0,-73.0,-314.0,103.0
-296.0,-662.0,323.0,-165.0,-70.0,-202.0,-108.0,62.0,-263.0,23.0
-332.0,-1095.0,313.0,-148.0,-100.0,-198.0,-113.0,73.0,-207.0,-69.0
-356.0,-1400.0,299.0,-87.0,-133.0,-112.0,-92.0,103.0,-160.0,-149.0
-386.0,-1614.0,297.0,0.0,-173.0,-29.0,-74.0,131.0,-97.0,-222.0
-374.0,-1738.0,268.0,77.0,-206.0,-8.0,-70.0,22.0,-20.0,-302.0
-352.0,-1731.0,260.0,192.0,-222.0,-22.0,-72.0,12.0,67.0,-346.0
-332.0,-1590.0,242.0,315.0,-222.0,-54.0,-94.0,-173.0,156.0,-356.0
-304.0,-1315.0,207.0,408.0,-215.0,-79.0,-134.0,-190.0,229.0,-361.0
-278.0,-964.0,187.0,474.0,-207.0,-91.0,-194.0,-179.0,321.0,-371.0
-235.0,-650.0,144.0,498.0,-200.0,-59.0,-224.0,-236.0,403.0,-356.0
-204.0,-400.0,117.0,508.0,-187.0,3.0,-203.0,-169.0,464.0,-318.0
-175.0,-121.0,61.0,495.0,-159.0,-21.0,-210.0,-216.0,499.0,-328.0
-138.0,240.0,22.0,432.0,-115.0,-106.0,-224.0,-214.0,530.0,-318.0
-94.0,587.0,-1.0,346.0,-66.0,-7.0,-205.0,-303.0,564.0,-291.0
-71.0,812.0,-51.0,289.0,-24.0,125.0,-156.0,-308.0,584.0,-296.0
-39.0,853.0,-83.0,229.0,11.0,106.0,-133.0,-288.0,593.0,-296.0
-18.0,718.0,-113.0,155.0,40.0,89.0,-154.0,-234.0,585.0,-298.0
-15.0,456.0,-143.0,115.0,54.0,148.0,-137.0,-112.0,554.0,-262.0
12.0,122.0,-197.0,61.0,55.0,251.0,-73.0,-192.0,518.0,-244.0
25.0,-176.0,-236.0,6.0,48.0,242.0,-7.0,-105.0,481.0,-245.0
39.0,-298.0,-266.0,-30.0,47.0,199.0,-1.0,-240.0,414.0,-190.0
37.0,-245.0,-289.0,-33.0,51.0,233.0,-22.0,-343.0,322.0,-148.0
48.0,-132.0,-310.0,-18.0,59.0,138.0,4.0,-327.0,203.0,-131.0
51.0,14.0,-333.0,-15.0,69.0,-90.0,51.0,-515.0,69.0,-86.0
35.0,171.0,-338.0,-17.0,67.0,-124.0,65.0,-415.0,-72.0,-16.0
24.0,286.0,-366.0,-38.0,48.0,-2.0,28.0,-306.0,-219.0,40.0
0.0,402.0,-372.0,-45.0,19.0,15.0,-32.0,-114.0,-363.0,82.0
-19.0,539.0,-375.0,-61.0,-2.0,19.0,-91.0,1.0,-492.0,132.0
-53.0,645.0,-405.0,-90.0,-7.0,127.0,-132.0,-18.0,-584.0,187.0
-65.0,741.0,-399.0,-155.0,8.0,314.0,-154.0,-57.0,-667.0,215.0
-88.0,854.0,-401.0,-232.0,27.0,382.0,-148.0,-254.0,-731.0,221.0
-107.0,889.0,-407.0,-296.0,38.0,381.0,-133.0,-290.0,-766.0,240.0
-122.0,787.0,-392.0,-367.0,39.0,344.0,-165.0,-402.0,-786.0,240.0
-147.0,630.0,-393.0,-394.0,23.0,151.0,-216.0,-339.0,-786.0,196.0
-152.0,540.0,-385.0,-374.0,-10.0,-86.0,-226.0,-221.0,-744.0,148.0
-155.0,561.0,-370.0,-321.0,-56.0,-229.0,-203.0,-266.0,-655.0,116.0
-164.0,616.0,-347.0,-266.0,-97.0,-251.0,-199.0,-147.0,-542.0,67.0
-185.0,538.0,-319.0,-225.0,-113.0,-300.0,-252.0,-188.0,-406.0,-18.0
-183.0,297.0,-289.0,-200.0,-104.0,-252.0,-350.0,-88.0,-250.0,-67.0
-190.0,10.0,-232.0,-185.0,-73.0,-44.0,-384.0,55.0,-68.0,-77.0
-195.0,-253.0,-174.0,-154.0,-32.0,95.0,-300.0,22.0,93.0,-104.0
-212.0,-421.0,-97.0,-162.0,8.0,106.0,-208.0,72.0,235.0,-104.0
-236.0,-471.0,-9.0,-190.0,43.0,108.0,-180.0,25.0,359.0,-44.0
-237.0,-518.0,72.0,-202.0,66.0,187.0,-193.0,5.0,466.0,35.0
-238.0,-653.0,143.0,-239.0,76.0,163.0,-199.0,5.0,563.0,101.0
-220.0,-825.0,195.0,-284.0,78.0,-46.0,-168.0,84.0,616.0,177.0
-210.0,-961.0,262.0,-311.0,88.0,-301.0,-154.0,129.0,645.0,269.0
-193.0,-997.0,296.0,-323.0,112.0,-486.0,-177.0,72.0,641.0,337.0
-180.0,-905.0,325.0,-328.0,146.0,-487.0,-213.0,136.0,602.0,374.0
-160.0,-806.0,352.0,-334.0,181.0,-285.0,-267.0,73.0,544.0,394.0
-132.0,-753.0,349.0,-340.0,201.0,-82.0,-299.0,153.0,468.0,424.0
-108.0,-621.0,345.0,-366.0,200.0,-22.0,-312.0,212.0,392.0,435.0
-87.0,-409.0,304.0,-397.0,181.0,-127.0,-324.0,186.0,315.0,441.0
-58.0,-244.0,265.0,-421.0,156.0,-195.0,-316.0,282.0,224.0,471.0
-24.0,-151.0,209.0,-446.0,127.0,-64.0,-273.0,203.0,128.0,506.0
-5.0,-92.0,132.0,-486.0,100.0,-4.0,-196.0,190.0,41.0,528.0
19.0,-4.0,69.0,-518.0,78.0,-191.0,-140.0,107.0,-39.0,535.0
47.0,180.0,13.0,-553.0,61.0,-434.0,-104.0,88.0,-108.0,561.0
93.0,422.0,-44.0,-595.0,46.0,-489.0,-107.0,127.0,-158.0,583.0
125.0,557.0,-93.0,-580.0,29.0,-486.0,-152.0,68.0,-211.0,580.0
157.0,509.0,-119.0,-540.0,10.0,-497.0,-187.0,51.0,-283.0,597.0
176.0,325.0,-154.0,-488.0,-20.0,-418.0,-181.0,-72.0,-344.0,636.0
188.0,85.0,-157.0,-387.0,-59.0,-333.0,-112.0,12.0,-379.0,642.0
201.0,-109.0,-173.0,-270.0,-92.0,-298.0,-54.0,-3.0,-404.0,634.0
204.0,-273.0,-158.0,-196.0,-105.0,-358.0,-34.0,-44.0,-426.0,645.0
215.0,-369.0,-120.0,-103.0,-98.0,-355.0,-48.0,5.0,-437.0,639.0
207.0,-262.0,-116.0,4.0,-84.0,-232.0,-70.0,-144.0,-427.0,600.0
195.0,34.0,-55.0,97.0,-76.0,-191.0,-52.0,-94.0,-393.0,557.0
161.0,356.0,-8.0,192.0,-70.0,-218.0,-57.0,-84.0,-319.0,535.0
133.0,567.0,32.0,247.0,-54.0,-279.0,-68.0,-27.0,-221.0,485.0
101.0,618.0,92.0,312.0,-25.0,-328.0,-38.0,62.0,-119.0,414.0
70.0,544.0,139.0,371.0,14.0,-282.0,-6.0,35.0,-29.0,377.0
58.0,468.0,168.0,411.0,55.0,-97.0,26.0,86.0,33.0,358.0
43.0,459.0,196.0,425.0,90.0,-35.0,42.0,97.0,70.0,317.0
36.0,533.0,238.0,428.0,117.0,-290.0,76.0,157.0,87.0,266.0
28.0,665.0,236.0,432.0,132.0,-479.0,146.0,133.0,94.0,235.0
6.0,797.0,242.0,404.0,136.0,-458.0,155.0,251.0,77.0,206.0
-25.0,897.0,244.0,363.0,128.0,-329.0,119.0,369.0,52.0,143.0
-53.0,884.0,218.0,319.0,119.0,-273.0,51.0,339.0,23.0,67.0
-86.0,650.0,181.0,267.0,116.0,-305.0,-4.0,493.0,-7.0,34.0
-111.0,236.0,148.0,207.0,121.0,-245.0,-22.0,412.0,-43.0,-26.0
-136.0,-222.0,105.0,173.0,123.0,-234.0,-59.0,441.0,-73.0,-108.0
-144.0,-632.0,52.0,137.0,103.0,-239.0,-98.0,469.0,-83.0,-139.0
-151.0,-877.0,9.0,129.0,52.0,-141.0,-143.0,330.0,-87.0,-169.0
-156.0,-952.0,-24.0,142.0,-22.0,-19.0,-169.0,404.0,-67.0,-205.0
-159.0,-966.0,-30.0,147.0,-87.0,-45.0,-192.0,266.0,-41.0,-221.0
-170.0,-998.0,-53.0,168.0,-123.0,-194.0,-171.0,264.0,-3.0,-175.0
-175.0,-1044.0,-48.0,172.0,-134.0,-156.0,-73.0,243.0,63.0,-115.0
-194.0,-1013.0,-33.0,194.0,-129.0,-23.0,-3.0,149.0,158.0,-70.0
-200.0,-872.0,-29.0,213.0,-127.0,-21.0,-22.0,301.0,267.0,20.0
-201.0,-578.0,-14.0,192.0,-137.0,-96.0,-96.0,306.0,371.0,139.0
-213.0,-161.0,-6.0,157.0,-160.0,-135.0,-117.0,328.0,483.0,228.0
-230.0,261.0,26.0,131.0,-182.0,-114.0,-81.0,286.0,608.0,280.0
-247.0,612.0,30.0,93.0,-189.0,-87.0,-31.0,279.0,747.0,361.0
-267.0,827.0,54.0,54.0,-177.0,-58.0,-10.0,277.0,858.0,433.0
-271.0,858.0,90.0,12.0,-158.0,-54.0,-19.0,247.0,909.0,471.0
-273.0,765.0,113.0,-46.0,-145.0,-93.0,-32.0,284.0,917.0,516.0
-269.0,653.0,147.0,-73.0,-142.0,-47.0,-51.0,184.0,857.0,578.0
-254.0,592.0,177.0,-114.0,-153.0,158.0,-90.0,210.0,772.0,631.0
-237.0,604.0,191.0,-124.0,-172.0,256.0,-135.0,153.0,662.0,630.0
-196.0,598.0,195.0,-93.0,-192.0,165.0,-118.0,57.0,497.0,630.0
-171.0,507.0,202.0,-89.0,-201.0,10.0,-72.0,46.0,327.0,628.0
-142.0,313.0,185.0,-51.0,-199.0,-54.0,-44.0,-18.0,137.0,568.0
-127.0,23.0,178.0,-15.0,-194.0,52.0,-71.0,-38.0,-78.0,479.0
-112.0,-331.0,157.0,-10.0,-188.0,7.0,-113.0,-116.0,-295.0,422.0
-87.0,-681.0,132.0,-30.0,-178.0,-180.0,-91.0,-77.0,-512.0,370.0
-93.0,-856.0,96.0,-65.0,-158.0,-279.0,-66.0,-29.0,-706.0,293.0
-103.0,-833.0,27.0,-99.0,-116.0,-206.0,-45.0,101.0,-851.0,228.0
-121.0,-734.0,-25.0,-155.0,-65.0,-16.0,-12.0,218.0,-940.0,213.0
-130.0,-677.0,-90.0,-185.0,-24.0,117.0,-10.0,72.0,-996.0,203.0
-160.0,-702.0,-164.0,-235.0,5.0,242.0,-44.0,105.0,-1018.0,158.0
-173.0,-670.0,-233.0,-318.0,37.0,240.0,-92.0,72.0,-1022.0,155.0
-180.0,-479.0,-313.0,-387.0,75.0,155.0,-130.0,92.0,-1006.0,174.0
-203.0,-225.0,-389.0,-471.0,106.0,312.0,-138.0,245.0,-961.0,175.0
-221.0,-41.0,-445.0,-567.0,123.0,527.0,-128.0,201.0,-893.0,193.0
-238.0,15.0,-510.0,-644.0,135.0,428.0,-118.0,181.0,-797.0,257.0
-249.0,-76.0,-569.0,-714.0,159.0,122.0,-113.0,48.0,-693.0,319.0
-274.0,-240.0,-622.0,-772.0,196.0,-146.0,-68.0,-12.0,-586.0,338.0
-290.0,-372.0,-656.0,-813.0,232.0,-217.0,-20.0,-27.0,-471.0,360.0
-316.0,-453.0,-684.0,-858.0,260.0,-41.0,-28.0,-60.0,-329.0,384.0
-340.0,-452.0,-707.0,-841.0,275.0,146.0,-68.0,-44.0,-197.0,375.0
-370.0,-347.0,-710.0,-806.0,282.0,177.0,-122.0,-99.0,-91.0,328.0
-394.0,-91.0,-700.0,-830.0,281.0,135.0,-157.0,66.0,15.0,288.0
-422.0,317.0,-651.0,-823.0,269.0,229.0,-197.0,125.0,113.0,245.0
-464.0,744.0,-611.0,-766.0,251.0,457.0,-240.0,118.0,218.0,169.0
-478.0,1035.0,-553.0,-706.0,233.0,540.0,-249.0,75.0,317.0,80.0
-499.0,1157.0,-494.0,-664.0,219.0,307.0,-247.0,-96.0,414.0,-11.0
-498.0,1161.0,-442.0,-593.0,205.0,-72.0,-257.0,-88.0,488.0,-116.0
-497.0,1086.0,-351.0,-494.0,189.0,-149.0,-284.0,-97.0,538.0,-242.0
-483.0,1041.0,-268.0,-396.0,172.0,-10.0,-285.0,53.0,582.0,-354.0
-451.0,1096.0,-193.0,-293.0,150.0,24.0,-266.0,145.0,595.0,-420.0
-416.0,1104.0,-113.0,-223.0,122.0,58.0,-221.0,225.0,609.0,-467.0
-364.0,915.0,-30.0,-141.0,89.0,66.0,-162.0,375.0,580.0,-501.0
-318.0,527.0,48.0,-54.0,62.0,70.0,-130.0,293.0,507.0,-471.0
-254.0,36.0,125.0,16.0,44.0,148.0,-95.0,297.0,419.0,-406.0
-194.0,-446.0,200.0,124.0,41.0,229.0,-34.0,192.0,317.0,-353.0
-137.0,-888.0,273.0,229.0,46.0,242.0,9.0,162.0,245.0,-290.0
-81.0,-1309.0,332.0,304.0,49.0,85.0,-32.0,192.0,169.0,-216.0
-33.0,-1661.0,383.0,348.0,41.0,-47.0,-114.0,116.0,96.0,-158.0
21.0,-1780.0,411.0,368.0,18.0,60.0,-169.0,134.0,44.0,-123.0
87.0,-1524.0,447.0,384.0,-7.0,215.0,-189.0,7.0,0.0,-89.0
145.0,-1027.0,472.0,366.0,-25.0,187.0,-186.0,62.0,-22.0,-49.0
186.0,-625.0,479.0,324.0,-33.0,43.0,-164.0,75.0,-36.0,-34.0
214.0,-419.0,495.0,278.0,-33.0,-48.0,-145.0,134.0,-49.0,-56.0
255.0,-213.0,498.0,251.0,-27.0,-133.0,-150.0,293.0,-40.0,-82.0
289.0,146.0,498.0,234.0,-16.0,-178.0,-160.0,192.0,-19.0,-83.0
300.0,640.0,478.0,221.0,-8.0,19.0,-146.0,238.0,17.0,-102.0
324.0,1189.0,472.0,232.0,-14.0,265.0,-83.0,147.0,73.0,-127.0
327.0,1574.0,463.0,231.0,-38.0,225.0,-54.0,134.0,129.0,-104.0
331.0,1603.0,442.0,229.0,-78.0,38.0,-114.0,234.0,176.0,-72.0
322.0,1426.0,434.0,235.0,-124.0,-37.0,-194.0,234.0,204.0,-62.0
308.0,1304.0,400.0,237.0,-160.0,-36.0,-185.0,347.0,233.0,-57.0
300.0,1305.0,366.0,261.0,-174.0,8.0,-79.0,339.0,253.0,-33.0
277.0,1330.0,317.0,289.0,-162.0,16.0,-4.0,349.0,260.0,-24.0
275.0,1262.0,254.0,329.0,-125.0,-100.0,-16.0,290.0,262.0,-54.0
262.0,1005.0,206.0,340.0,-80.0,-219.0,-75.0,325.0,248.0,-78.0
253.0,625.0,150.0,326.0,-42.0,-246.0,-98.0,325.0,206.0,-80.0
241.0,280.0,101.0,311.0,-19.0,-120.0,-58.0,169.0,152.0,-112.0
221.0,4.0,61.0,267.0,-5.0,43.0,-27.0,251.0,113.0,-174.0
203.0,-224.0,14.0,233.0,14.0,53.0,6.0,234.0,62.0,-212.0
180.0,-440.0,-24.0,190.0,29.0,62.0,57.0,223.0,-4.0,-230.0
157.0,-607.0,-47.0,143.0,33.0,223.0,88.0,177.0,-69.0,-255.0
143.0,-661.0,-77.0,79.0,28.0,420.0,109.0,121.0,-123.0,-253.0
140.0,-666.0,-88.0,-30.0,16.0,469.0,113.0,208.0,-166.0,-190.0
134.0,-726.0,-75.0,-132.0,5.0,322.0,90.0,160.0,-186.0,-121.0
137.0,-889.0,-85.0,-240.0,-5.0,143.0,56.0,210.0,-202.0,-59.0
135.0,-1140.0,-77.0,-354.0,-21.0,-6.0,39.0,182.0,-229.0,21.0
147.0,-1413.0,-63.0,-450.0,-39.0,-114.0,46.0,149.0,-249.0,115.0
150.0,-1577.0,-86.0,-529.0,-53.0,-76.0,84.0,160.0,-265.0,192.0
144.0,-1554.0,-69.0,-566.0,-64.0,37.0,131.0,131.0,-276.0,231.0
147.0,-1449.0,-39.0,-587.0,-73.0,75.0,120.0,282.0,-301.0,303.0
143.0,-1419.0,-37.0,-604.0,-83.0,123.0,116.0,256.0,-329.0,390.0
141.0,-1466.0,-15.0,-584.0,-88.0,327.0,143.0,280.0,-360.0,433.0
123.0,-1417.0,2.0,-584.0,-90.0,477.0,155.0,301.0,-412.0,475.0
127.0,-1167.0,12.0,-595.0,-87.0,428.0,135.0,205.0,-442.0,532.0
121.0,-763.0,4.0,-564.0,-82.0,292.0,75.0,208.0,-431.0,558.0
92.0,-339.0,4.0,-564.0,-82.0,222.0,77.0,114.0,-416.0,549.0
58.0,-60.0,25.0,-556.0,-85.0,297.0,96.0,60.0,-389.0,544.0
4.0,36.0,7.0,-525.0,-89.0,313.0,98.0,-29.0,-354.0,550.0
-44.0,29.0,37.0,-521.0,-93.0,240.0,98.0,-53.0,-325.0,516.0
-112.0,30.0,70.0,-528.0,-98.0,121.0,74.0,-77.0,-291.0,452.0
-186.0,114.0,64.0,-554.0,-110.0,45.0,84.0,-55.0,-239.0,410.0
-264.0,286.0,117.0,-574.0,-129.0,187.0,119.0,116.0,-171.0,350.0
-330.0,498.0,150.0,-581.0,-151.0,411.0,163.0,129.0,-121.0,256.0
-382.0,677.0,159.0,-602.0,-164.0,561.0,168.0,345.0,-84.0,167.0
-457.0,779.0,191.0,-619.0,-162.0,508.0,161.0,443.0,-49.0,100.0
-522.0,818.0,221.0,-578.0,-140.0,360.0,179.0,395.0,-22.0,29.0
-587.0,808.0,232.0,-506.0,-110.0,414.0,189.0,448.0,10.0,-49.0
-624.0,695.0,256.0,-435.0,-74.0,595.0,190.0,266.0,8.0,-94.0
-662.0,495.0,260.0,-351.0,-36.0,650.0,166.0,188.0,-16.0,-141.0
-706.0,359.0,261.0,-252.0,7.0,584.0,138.0,49.0,-36.0,-212.0
-718.0,396.0,264.0,-172.0,61.0,471.0,104.0,-42.0,-82.0,-276.0
-746.0,545.0,201.0,-127.0,107.0,298.0,82.0,24.0,-113.0,-331.0
-743.0,673.0,189.0,-86.0,133.0,197.0,89.0,11.0,-124.0,-351.0
-747.0,738.0,162.0,-71.0,141.0,295.0,116.0,134.0,-136.0,-375.0
-740.0,769.0,99.0,-73.0,141.0,475.0,105.0,157.0,-152.0,-395.0
-701.0,789.0,57.0,-94.0,142.0,482.0,62.0,197.0,-175.0,-358.0
-661.0,756.0,9.0,-117.0,152.0,308.0,52.0,153.0,-182.0,-308.0
-590.0,597.0,-29.0,-142.0,174.0,242.0,41.0,59.0,-172.0,-246.0
-523.0,284.0,-77.0,-169.0,200.0,402.0,48.0,55.0,-156.0,-165.0
-435.0,-94.0,-79.0,-159.0,208.0,573.0,61.0,-68.0,-145.0,-64.0
-357.0,-407.0,-103.0,-135.0,186.0,563.0,86.0,16.0,-109.0,29.0
-275.0,-576.0,-125.0,-105.0,143.0,409.0,139.0,22.0,-67.0,106.0
-185.0,-549.0,-137.0,-69.0,93.0,324.0,154.0,11.0,-33.0,201.0
-125.0,-341.0,-145.0,-50.0,49.0,393.0,155.0,42.0,0.0,283.0
-41.0,-72.0,-126.0,-24.0,23.0,534.0,154.0,-9.0,-7.0,339.0
33.0,139.0,-108.0,23.0,16.0,571.0,129.0,-5.0,-39.0,388.0
105.0,327.0,-47.0,87.0,10.0,324.0,110.0,-125.0,-72.0,440.0
162.0,571.0,-52.0,170.0,-5.0,96.0,141.0,-77.0,-100.0,460.0
213.0,845.0,-35.0,259.0,-27.0,125.0,190.0,-97.0,-119.0,450.0
264.0,1071.0,4.0,352.0,-37.0,257.0,205.0,-114.0,-132.0,450.0
310.0,1202.0,-16.0,435.0,-31.0,239.0,211.0,-60.0,-136.0,452.0
345.0,1254.0,17.0,522.0,-19.0,4.0,222.0,-151.0,-161.0,433.0
345.0,1298.0,24.0,605.0,-11.0,-98.0,230.0,-107.0,-189.0,416.0
358.0,1320.0,21.0,653.0,-9.0,-6.0,224.0,-155.0,-191.0,415.0
344.0,1194.0,37.0,680.0,-7.0,131.0,210.0,-48.0,-190.0,409.0
317.0,863.0,20.0,671.0,2.0,328.0,179.0,107.0,-183.0,403.0
288.0,410.0,15.0,628.0,25.0,456.0,126.0,164.0,-160.0,415.0
248.0,8.0,0.0,555.0,57.0,420.0,99.0,297.0,-119.0,446.0
231.0,-195.0,3.0,468.0,84.0,290.0,115.0,223.0,-64.0,475.0
205.0,-263.0,-2.0,373.0,90.0,191.0,127.0,232.0,-7.0,505.0
208.0,-382.0,-25.0,254.0,71.0,204.0,139.0,181.0,35.0,543.0
206.0,-580.0,-23.0,131.0,44.0,192.0,151.0,51.0,57.0,583.0
209.0,-745.0,-52.0,-12.0,24.0,-8.0,126.0,70.0,70.0,607.0
229.0,-789.0,-67.0,-172.0,15.0,-228.0,78.0,81.0,67.0,613.0
226.0,-724.0,-88.0,-301.0,13.0,-232.0,28.0,223.0,51.0,617.0
242.0,-648.0,-126.0,-429.0,7.0,-78.0,12.0,282.0,45.0,597.0
241.0,-692.0,-151.0,-543.0,-5.0,112.0,37.0,378.0,27.0,563.0
243.0,-897.0,-174.0,-626.0,-26.0,237.0,42.0,389.0,10.0,521.0
243.0,-1097.0,-217.0,-675.0,-36.0,267.0,27.0,253.0,15.0,487.0
247.0,-1114.0,-272.0,-697.0,-19.0,347.0,28.0,242.0,12.0,455.0
254.0,-982.0,-270.0,-728.0,17.0,461.0,26.0,127.0,30.0,405.0
241.0,-760.0,-297.0,-743.0,55.0,511.0,21.0,192.0,64.0,375.0
239.0,-422.0,-311.0,-758.0,76.0,448.0,49.0,190.0,107.0,364.0
215.0,2.0,-285.0,-760.0,83.0,195.0,115.0,66.0,165.0,344.0
206.0,463.0,-294.0,-719.0,79.0,-34.0,197.0,-16.0,221.0,318.0
176.0,945.0,-262.0,-692.0,62.0,-58.0,233.0,-192.0,297.0,309.0
144.0,1327.0,-229.0,-641.0,35.0,-34.0,218.0,-182.0,376.0,291.0
122.0,1399.0,-214.0,-575.0,13.0,21.0,194.0,-138.0,429.0,240.0
109.0,1143.0,-183.0,-512.0,10.0,114.0,174.0,11.0,441.0,170.0
117.0,798.0,-140.0,-434.0,21.0,212.0,158.0,-9.0,420.0,87.0
105.0,577.0,-98.0,-350.0,29.0,323.0,131.0,-14.0,383.0,-17.0
120.0,522.0,-50.0,-224.0,21.0,379.0,95.0,51.0,331.0,-129.0
122.0,561.0,-1.0,-124.0,-1.0,465.0,67.0,-96.0,283.0,-209.0
139.0,602.0,43.0,-65.0,-22.0,538.0,48.0,72.0,209.0,-268.0
162.0,584.0,99.0,-15.0,-26.0,509.0,28.0,-7.0,123.0,-349.0
196.0,498.0,117.0,24.0,-5.0,368.0,48.0,-114.0,49.0,-431.0
233.0,396.0,158.0,57.0,31.0,142.0,82.0,-38.0,-37.0,-486.0
267.0,237.0,174.0,66.0,62.0,22.0,81.0,-116.0,-144.0,-557.0
325.0,-67.0,183.0,76.0,70.0,19.0,94.0,68.0,-234.0,-653.0
352.0,-490.0,222.0,74.0,49.0,50.0,98.0,48.0,-297.0,-741.0
401.0,-887.0,204.0,82.0,12.0,86.0,97.0,-3.0,-352.0,-804.0
440.0,-1155.0,232.0,68.0,-28.0,194.0,85.0,73.0,-365.0,-868.0
476.0,-1303.0,242.0,17.0,-65.0,436.0,77.0,22.0,-360.0,-932.0
495.0,-1381.0,233.0,-17.0,-96.0,682.0,109.0,38.0,-362.0,-944.0
510.0,-1458.0,250.0,-67.0,-124.0,701.0,119.0,51.0,-376.0,-926.0
527.0,-1529.0,244.0,-117.0,-157.0,518.0,129.0,62.0,-390.0,-901.0
509.0,-1475.0,257.0,-144.0,-198.0,467.0,156.0,-55.0,-396.0,-849.0
491.0,-1193.0,252.0,-159.0,-244.0,522.0,173.0,-81.0,-406.0,-763.0
442.0,-790.0,260.0,-159.0,-283.0,404.0,188.0,-101.0,-410.0,-656.0
397.0,-545.0,259.0,-124.0,-305.0,162.0,201.0,-188.0,-422.0,-579.0
334.0,-581.0,241.0,-61.0,-303.0,89.0,210.0,-103.0,-419.0,-512.0
251.0,-755.0,232.0,2.0,-277.0,252.0,242.0,-84.0,-389.0,-422.0
161.0,-859.0,221.0,78.0,-233.0,421.0,282.0,94.0,-352.0,-343.0
75.0,-810.0,237.0,151.0,-179.0,429.0,288.0,175.0,-308.0,-273.0
3.0,-649.0,223.0,215.0,-122.0,313.0,248.0,140.0,-269.0,-186.0
-82.0,-455.0,223.0,260.0,-66.0,247.0,181.0,112.0,-212.0,-71.0
-159.0,-213.0,247.0,304.0,-16.0,233.0,134.0,-72.0,-145.0,39.0
-225.0,120.0,221.0,348.0,28.0,246.0,80.0,-66.0,-80.0,141.0
-278.0,466.0,212.0,348.0,75.0,321.0,60.0,-195.0,-24.0,257.0
-336.0,723.0,208.0,334.0,125.0,380.0,85.0,-171.0,33.0,375.0
-387.0,908.0,182.0,321.0,169.0,377.0,76.0,-123.0,106.0,471.0
-422.0,1051.0,152.0,294.0,196.0,354.0,76.0,-280.0,159.0,561.0
-459.0,1127.0,127.0,238.0,216.0,344.0,76.0,-243.0,190.0,655.0
-483.0,1230.0,88.0,162.0,230.0,351.0,28.0,-367.0,199.0,700.0
-496.0,1424.0,67.0,102.0,238.0,304.0,-36.0,-315.0,208.0,713.0
-500.0,1527.0,64.0,10.0,253.0,91.0,-80.0,-230.0,220.0,717.0
-494.0,1368.0,1.0,-86.0,278.0,-160.0,-61.0,-171.0,252.0,676.0
-483.0,1028.0,4.0,-146.0,310.0,-297.0,-3.0,40.0,300.0,593.0
-453.0,699.0,-16.0,-206.0,336.0,-238.0,29.0,88.0,331.0,499.0
-428.0,454.0,-56.0,-260.0,345.0,-41.0,50.0,129.0,374.0,420.0
-424.0,226.0,-44.0,-321.0,338.0,58.0,73.0,46.0,388.0,333.0
-403.0,-7.0,-85.0,-380.0,323.0,106.0,88.0,-5.0,379.0,243.0
-400.0,-172.0,-120.0,-396.0,312.0,226.0,61.0,48.0,370.0,188.0
-383.0,-213.0,-143.0,-377.0,307.0,363.0,7.0,83.0,334.0,139.0
-366.0,-114.0,-153.0,-348.0,298.0,369.0,-73.0,92.0,288.0,77.0
-347.0,98.0,-179.0,-327.0,272.0,225.0,-161.0,62.0,242.0,25.0
-311.0,306.0,-204.0,-291.0,223.0,125.0,-176.0,197.0,203.0,-6.0
-273.0,416.0,-229.0,-228.0,162.0,127.0,-149.0,140.0,155.0,-14.0
-202.0,407.0,-256.0,-168.0,97.0,108.0,-112.0,-7.0,76.0,-25.0
-165.0,297.0,-275.0,-120.0,30.0,25.0,-59.0,5.0,-5.0,-29.0
-131.0,133.0,-300.0,-90.0,-32.0,-75.0,-20.0,12.0,-79.0,11.0
-92.0,23.0,-301.0,-69.0,-84.0,-194.0,-30.0,192.0,-151.0,39.0
-62.0,76.0,-325.0,-62.0,-123.0,-298.0,-68.0,223.0,-234.0,56.0
-28.0,223.0,-340.0,-60.0,-156.0,-251.0,-104.0,195.0,-311.0,90.0
-4.0,256.0,-371.0,-30.0,-187.0,-27.0,-144.0,92.0,-383.0,132.0
26.0,85.0,-437.0,-29.0,-217.0,133.0,-171.0,-145.0,-450.0,151.0
55.0,-183.0,-448.0,-61.0,-234.0,104.0,-182.0,-214.0,-523.0,151.0
88.0,-407.0,-477.0,-91.0,-233.0,160.0,-190.0,-373.0,-619.0,180.0
111.0,-508.0,-520.0,-109.0,-216.0,378.0,-180.0,-327.0,-727.0,191.0
138.0,-480.0,-487.0,-124.0,-190.0,475.0,-174.0,-297.0,-826.0,187.0
158.0,-344.0,-491.0,-137.0,-156.0,435.0,-198.0,-291.0,-876.0,194.0
161.0,-133.0,-508.0,-130.0,-109.0,318.0,-222.0,-205.0,-878.0,211.0
157.0,57.0,-464.0,-146.0,-67.0,225.0,-243.0,-247.0,-828.0,217.0
161.0,112.0,-449.0,-186.0,-50.0,139.0,-247.0,-169.0,-748.0,201.0
140.0,12.0,-421.0,-232.0,-55.0,-28.0,-258.0,-315.0,-648.0,190.0
108.0,-135.0,-382.0,-263.0,-70.0,-41.0,-295.0,-352.0,-524.0,178.0
95.0,-175.0,-369.0,-277.0,-75.0,2.0,-322.0,-282.0,-383.0,137.0
65.0,-1.0,-330.0,-269.0,-70.0,8.0,-336.0,-327.0,-242.0,80.0
50.0,316.0,-291.0,-228.0,-69.0,159.0,-319.0,-275.0,-121.0,36.0
28.0,598.0,-283.0,-183.0,-79.0,446.0,-306.0,-321.0,8.0,-7.0
7.0,743.0,-257.0,-103.0,-96.0,657.0,-319.0,-343.0,129.0,-75.0
-30.0,703.0,-228.0,-30.0,-107.0,607.0,-333.0,-336.0,255.0,-159.0
-65.0,488.0,-237.0,16.0,-107.0,523.0,-374.0,-186.0,373.0,-213.0
-82.0,196.0,-211.0,80.0,-93.0,453.0,-409.0,-120.0,457.0,-295.0
-99.0,-136.0,-198.0,125.0,-73.0,262.0,-440.0,-83.0,529.0,-414.0
-110.0,-528.0,-205.0,145.0,-58.0,106.0,-471.0,-7.0,573.0,-514.0
-119.0,-904.0,-172.0,155.0,-50.0,148.0,-448.0,-214.0,608.0,-613.0
-106.0,-1094.0,-152.0,152.0,-56.0,246.0,-423.0,-253.0,621.0,-717.0
-109.0,-1069.0,-120.0,160.0,-70.0,166.0,-386.0,-341.0,597.0,-811.0
-87.0,-980.0,-82.0,176.0,-87.0,146.0,-298.0,-426.0,560.0,-866.0
-64.0,-932.0,-39.0,179.0,-100.0,319.0,-223.0,-382.0,505.0,-896.0
-32.0,-914.0,12.0,160.0,-90.0,399.0,-193.0,-491.0,442.0,-929.0
3.0,-888.0,34.0,128.0,-45.0,338.0,-221.0,-386.0,369.0,-939.0
50.0,-836.0,72.0,87.0,20.0,304.0,-246.0,-417.0,311.0,-893.0
104.0,-776.0,124.0,51.0,78.0,385.0,-246.0,-526.0,266.0,-834.0
138.0,-743.0,141.0,15.0,109.0,467.0,-233.0,-426.0,227.0,-780.0
201.0,-742.0,182.0,-13.0,111.0,411.0,-213.0,-338.0,201.0,-677.0
246.0,-698.0,227.0,-19.0,93.0,279.0,-222.0,-232.0,162.0,-557.0
300.0,-495.0,232.0,-31.0,65.0,208.0,-224.0,-256.0,106.0,-446.0
342.0,-121.0,274.0,-41.0,41.0,173.0,-229.0,-275.0,55.0,-335.0
373.0,275.0,302.0,-28.0,24.0,176.0,-213.0,-266.0,19.0,-195.0
402.0,565.0,327.0,2.0,10.0,236.0,-155.0,-121.0,-18.0,-41.0
426.0,687.0,343.0,12.0,-7.0,227.0,-113.0,-18.0,-54.0,77.0
447.0,622.0,321.0,11.0,-39.0,212.0,-95.0,-158.0,-77.0,210.0
447.0,510.0,316.0,10.0,-78.0,199.0,-99.0,-199.0,-94.0,366.0
452.0,522.0,303.0,-1.0,-109.0,152.0,-106.0,-376.0,-113.0,482.0
444.0,584.0,285.0,-21.0,-123.0,108.0,-106.0,-484.0,-148.0,572.0
433.0,524.0,264.0,-66.0,-114.0,56.0,-84.0,-469.0,-202.0,667.0
420.0,347.0,256.0,-116.0,-92.0,170.0,-63.0,-458.0,-234.0,754.0
388.0,195.0,233.0,-171.0,-69.0,308.0,-63.0,-406.0,-256.0,816.0
339.0,226.0,221.0,-220.0,-44.0,216.0,-68.0,-430.0,-295.0,881.0
307.0,461.0,206.0,-261.0,-21.0,44.0,-95.0,-271.0,-324.0,949.0
258.0,743.0,177.0,-297.0,-5.0,-37.0,-82.0,-205.0,-346.0,995.0
215.0,859.0,178.0,-307.0,6.0,-28.0,-23.0,-96.0,-351.0,1009.0
182.0,680.0,154.0,-335.0,26.0,-31.0,25.0,0.0,-322.0,994.0
143.0,305.0,154.0,-366.0,62.0,-31.0,44.0,-77.0,-283.0,988.0
120.0,0.0,164.0,-373.0,99.0,-37.0,15.0,-66.0,-266.0,948.0
98.0,-73.0,185.0,-357.0,117.0,-91.0,-41.0,-206.0,-238.0,871.0
88.0,40.0,221.0,-311.0,108.0,-194.0,-84.0,-236.0,-195.0,829.0
69.0,236.0,238.0,-271.0,81.0,-160.0,-93.0,-338.0,-161.0,757.0
69.0,431.0,273.0,-228.0,50.0,0.0,-85.0,-513.0,-121.0,639.0
63.0,546.0,297.0,-178.0,29.0,22.0,-53.0,-554.0,-93.0,532.0
60.0,575.0,322.0,-129.0,17.0,6.0,-20.0,-705.0,-66.0,430.0
34.0,556.0,338.0,-66.0,19.0,0.0,-8.0,-720.0,-38.0,303.0
-3.0,474.0,365.0,3.0,43.0,-35.0,-28.0,-705.0,-20.0,152.0
-37.0,327.0,381.0,71.0,94.0,-200.0,-49.0,-563.0,-31.0,20.0
-93.0,173.0,380.0,110.0,158.0,-358.0,-55.0,-345.0,-60.0,-101.0
-124.0,53.0,399.0,140.0,209.0,-303.0,-59.0,-229.0,-81.0,-249.0
-163.0,-82.0,383.0,162.0,229.0,-267.0,-53.0,-182.0,-124.0,-382.0
-186.0,-237.0,384.0,156.0,215.0,-293.0,-83.0,-399.0,-169.0,-473.0
-219.0,-342.0,359.0,152.0,185.0,-302.0,-107.0,-415.0,-223.0,-542.0
-254.0,-394.0,303.0,138.0,152.0,-235.0,-126.0,-382.0,-283.0,-608.0
-290.0,-400.0,290.0,117.0,127.0,-187.0,-155.0,-334.0,-317.0,-638.0
-337.0,-342.0,232.0,89.0,111.0,-279.0,-140.0,-201.0,-341.0,-625.0
-366.0,-232.0,174.0,62.0,90.0,-353.0,-141.0,-334.0,-348.0,-623.0
-397.0,-163.0,137.0,61.0,61.0,-426.0,-163.0,-251.0,-354.0,-625.0
-400.0,-204.0,49.0,50.0,22.0,-534.0,-177.0,-223.0,-357.0,-608.0
-413.0,-302.0,-27.0,47.0,-19.0,-528.0,-202.0,-197.0,-355.0,-571.0
-417.0,-344.0,-109.0,33.0,-63.0,-479.0,-190.0,-84.0,-338.0,-545.0
-419.0,-251.0,-213.0,7.0,-105.0,-540.0,-157.0,-83.0,-303.0,-516.0
-427.0,-103.0,-296.0,-13.0,-129.0,-664.0,-163.0,105.0,-288.0,-434.0
-441.0,-106.0,-383.0,-24.0,-134.0,-694.0,-157.0,90.0,-277.0,-351.0
-463.0,-351.0,-466.0,-27.0,-126.0,-607.0,-140.0,66.0,-269.0,-298.0
-449.0,-665.0,-521.0,-49.0,-114.0,-540.0,-171.0,-64.0,-252.0,-234.0
-451.0,-776.0,-592.0,-47.0,-102.0,-504.0,-171.0,-197.0,-248.0,-167.0
-442.0,-607.0,-636.0,-60.0,-98.0,-471.0,-144.0,-164.0,-241.0,-146.0
-431.0,-352.0,-657.0,-84.0,-109.0,-475.0,-104.0,-352.0,-221.0,-151.0
-430.0,-223.0,-703.0,-85.0,-127.0,-537.0,-63.0,-426.0,-202.0,-158.0
-418.0,-168.0,-688.0,-95.0,-142.0,-561.0,-59.0,-583.0,-166.0,-179.0
-423.0,-42.0,-699.0,-72.0,-145.0,-528.0,-46.0,-596.0,-155.0,-224.0
-423.0,128.0,-703.0,-29.0,-143.0,-497.0,-57.0,-508.0,-128.0,-275.0
-425.0,187.0,-676.0,18.0,-149.0,-455.0,-81.0,-485.0,-110.0,-296.0
-406.0,53.0,-671.0,69.0,-165.0,-483.0,-82.0,-258.0,-87.0,-320.0
-384.0,-217.0,-636.0,132.0,-188.0,-475.0,-87.0,-168.0,-48.0,-347.0
-380.0,-504.0,-602.0,207.0,-207.0,-404.0,-100.0,-44.0,-26.0,-336.0
-365.0,-621.0,-564.0,285.0,-222.0,-356.0,-132.0,3.0,12.0,-296.0
-328.0,-454.0,-515.0,353.0,-238.0,-227.0,-148.0,44.0,19.0,-244.0
-275.0,-137.0,-433.0,391.0,-258.0,-138.0,-162.0,77.0,23.0,-207.0
-222.0,101.0,-357.0,399.0,-284.0,-140.0,-163.0,-131.0,40.0,-181.0
-169.0,176.0,-284.0,384.0,-296.0,-133.0,-127.0,-219.0,62.0,-165.0
-107.0,178.0,-203.0,352.0,-288.0,-113.0,-90.0,-388.0,83.0,-186.0
-62.0,237.0,-145.0,301.0,-262.0,-113.0,-46.0,-443.0,98.0,-200.0
-39.0,364.0,-90.0,266.0,-219.0,-198.0,-31.0,-393.0,128.0,-201.0
-9.0,382.0,-46.0,221.0,-166.0,-230.0,-46.0,-485.0,153.0,-205.0
28.0,132.0,0.0,156.0,-100.0,-145.0,-49.0,-454.0,186.0,-216.0
90.0,-309.0,33.0,117.0,-37.0,-138.0,-61.0,-526.0,210.0,-220.0
144.0,-691.0,72.0,51.0,11.0,-233.0,-77.0,-594.0,211.0,-203.0
211.0,-821.0,107.0,-13.0,49.0,-277.0,-74.0,-646.0,200.0,-198.0
290.0,-741.0,132.0,-61.0,86.0,-283.0,-66.0,-678.0,177.0,-200.0
342.0,-584.0,176.0,-107.0,122.0,-354.0,-61.0,-578.0,145.0,-184.0
385.0,-435.0,220.0,-145.0,150.0,-306.0,-40.0,-526.0,114.0,-148.0
397.0,-284.0,240.0,-162.0,165.0,-36.0,1.0,-373.0,67.0,-120.0
425.0,-63.0,264.0,-155.0,172.0,173.0,34.0,-277.0,28.0,-80.0
447.0,221.0,277.0,-174.0,182.0,194.0,36.0,-138.0,5.0,-11.0
476.0,501.0,265.0,-186.0,187.0,173.0,21.0,-60.0,-2.0,48.0
504.0,708.0,265.0,-225.0,183.0,132.0,2.0,-125.0,20.0,99.0
504.0,844.0,249.0,-251.0,181.0,1.0,-16.0,-158.0,34.0,142.0
523.0,968.0,230.0,-262.0,182.0,-140.0,-15.0,-332.0,45.0,178.0
518.0,1093.0,207.0,-280.0,174.0,-131.0,-3.0,-325.0,51.0,176.0
510.0,1151.0,182.0,-247.0,144.0,-63.0,-4.0,-365.0,53.0,135.0
503.0,1072.0,155.0,-231.0,95.0,-108.0,-14.0,-349.0,76.0,107.0
493.0,885.0,125.0,-201.0,53.0,-183.0,-27.0,-206.0,110.0,66.0
488.0,694.0,100.0,-161.0,40.0,-166.0,-56.0,-315.0,135.0,5.0
476.0,589.0,39.0,-94.0,61.0,-79.0,-71.0,-269.0,148.0,-52.0
459.0,555.0,6.0,-22.0,101.0,-88.0,-51.0,-206.0,165.0,-115.0
425.0,527.0,-43.0,-2.0,135.0,-156.0,-51.0,-125.0,171.0,-191.0
383.0,498.0,-113.0,8.0,148.0,-201.0,-66.0,-46.0,169.0,-289.0
343.0,487.0,-153.0,-2.0,137.0,-238.0,-88.0,-53.0,152.0,-372.0
293.0,470.0,-220.0,-3.0,113.0,-258.0,-98.0,48.0,137.0,-421.0
238.0,333.0,-272.0,3.0,85.0,-291.0,-77.0,38.0,143.0,-477.0
198.0,1.0,-322.0,24.0,62.0,-294.0,-43.0,55.0,161.0,-521.0
160.0,-403.0,-378.0,65.0,53.0,-381.0,-16.0,-12.0,204.0,-516.0
111.0,-719.0,-407.0,102.0,64.0,-488.0,-35.0,-22.0,242.0,-480.0
54.0,-873.0,-464.0,131.0,90.0,-505.0,-50.0,60.0,254.0,-445.0
1.0,-894.0,-490.0,155.0,110.0,-513.0,-67.0,-48.0,237.0,-372.0
-34.0,-849.0,-479.0,174.0,112.0,-490.0,-80.0,-84.0,197.0,-226.0
-73.0,-739.0,-492.0,149.0,109.0,-548.0,-70.0,-168.0,144.0,-73.0
-119.0,-562.0,-476.0,102.0,114.0,-499.0,-52.0,-203.0,76.0,67.0
-155.0,-343.0,-456.0,79.0,131.0,-375.0,-70.0,-219.0,14.0,205.0
-185.0,-96.0,-461.0,41.0,157.0,-425.0,-97.0,-245.0,-45.0,321.0
-208.0,161.0,-472.0,-12.0,181.0,-396.0,-66.0,-129.0,-110.0,385.0
-239.0,389.0,-475.0,-43.0,198.0,-371.0,-24.0,-64.0,-180.0,384.0
-266.0,512.0,-478.0,-57.0,196.0,-366.0,31.0,77.0,-238.0,381.0
-285.0,454.0,-482.0,-58.0,175.0,-411.0,32.0,90.0,-277.0,371.0
-330.0,245.0,-478.0,-32.0,147.0,-602.0,-32.0,109.0,-334.0,318.0
-365.0,45.0,-481.0,19.0,122.0,-600.0,-108.0,175.0,-375.0,272.0
-389.0,-28.0,-474.0,71.0,94.0,-492.0,-165.0,57.0,-402.0,252.0
-419.0,-56.0,-474.0,131.0,55.0,-438.0,-173.0,-64.0,-430.0,226.0
-445.0,-181.0,-451.0,198.0,6.0,-461.0,-181.0,-295.0,-428.0,183.0
-452.0,-405.0,-425.0,247.0,-42.0,-451.0,-177.0,-413.0,-402.0,153.0
-453.0,-587.0,-419.0,288.0,-84.0,-378.0,-175.0,-497.0,-347.0,138.0
-458.0,-581.0,-380.0,338.0,-105.0,-350.0,-168.0,-517.0,-266.0,93.0
-482.0,-396.0,-340.0,364.0,-101.0,-247.0,-133.0,-365.0,-181.0,43.0
-512.0,-171.0,-319.0,373.0,-96.0,-220.0,-73.0,-199.0,-100.0,18.0
-519.0,-67.0,-268.0,399.0,-104.0,-273.0,-17.0,7.0,-31.0,0.0
-528.0,-124.0,-193.0,407.0,-128.0,-333.0,21.0,-14.0,29.0,-40.0
-529.0,-240.0,-135.0,410.0,-167.0,-388.0,40.0,29.0,76.0,-69.0
-511.0,-320.0,-63.0,429.0,-209.0,-409.0,12.0,25.0,90.0,-68.0
-504.0,-274.0,31.0,445.0,-247.0,-530.0,-24.0,-86.0,100.0,-92.0
-507.0,-78.0,121.0,471.0,-267.0,-598.0,-36.0,-42.0,116.0,-138.0
-493.0,147.0,211.0,501.0,-267.0,-471.0,-5.0,-112.0,124.0,-165.0
-489.0,260.0,316.0,528.0,-249.0,-350.0,38.0,-5.0,128.0,-185.0
-480.0,246.0,403.0,520.0,-220.0,-314.0,66.0,35.0,117.0,-236.0
-478.0,182.0,488.0,477.0,-193.0,-372.0,64.0,-68.0,85.0,-268.0
-466.0,116.0,555.0,415.0,-177.0,-414.0,70.0,-60.0,41.0,-264.0
-450.0,55.0,600.0,306.0,-172.0,-283.0,96.0,-147.0,13.0,-287.0
-449.0,-39.0,620.0,193.0,-162.0,-174.0,95.0,-173.0,-1.0,-321.0
-409.0,-200.0,587.0,85.0,-130.0,-114.0,73.0,-179.0,-44.0,-362.0
-360.0,-413.0,576.0,-23.0,-93.0,-125.0,59.0,-103.0,-101.0,-393.0
-286.0,-562.0,510.0,-89.0,-70.0,-246.0,67.0,5.0,-181.0,-433.0
-223.0,-499.0,438.0,-120.0,-64.0,-340.0,23.0,160.0,-257.0,-485.0
-161.0,-246.0,381.0,-127.0,-61.0,-429.0,-34.0,291.0,-322.0,-485.0
-103.0,56.0,267.0,-121.0,-33.0,-406.0,-59.0,168.0,-398.0,-477.0
-66.0,336.0,167.0,-91.0,24.0,-359.0,-79.0,99.0,-462.0,-488.0
-43.0,531.0,57.0,-46.0,93.0,-441.0,-74.0,-96.0,-542.0,-496.0
-26.0,577.0,-53.0,10.0,151.0,-496.0,-49.0,-258.0,-595.0,-492.0
15.0,478.0,-151.0,59.0,179.0,-484.0,-27.0,-205.0,-585.0,-489.0
35.0,330.0,-228.0,94.0,160.0,-488.0,-43.0,-131.0,-524.0,-501.0
76.0,253.0,-298.0,125.0,103.0,-573.0,-70.0,40.0,-440.0,-493.0
93.0,237.0,-345.0,118.0,37.0,-592.0,-101.0,57.0,-364.0,-457.0
95.0,138.0,-381.0,86.0,-10.0,-498.0,-133.0,75.0,-260.0,-452.0
102.0,-175.0,-430.0,10.0,-25.0,-326.0,-152.0,53.0,-115.0,-482.0
97.0,-642.0,-415.0,-88.0,-20.0,-93.0,-162.0,36.0,47.0,-499.0
95.0,-1060.0,-437.0,-175.0,-13.0,-87.0,-178.0,157.0,175.0,-534.0
80.0,-1282.0,-448.0,-252.0,-11.0,-171.0,-215.0,97.0,247.0,-595.0
105.0,-1293.0,-412.0,-304.0,-17.0,-204.0,-202.0,136.0,323.0,-654.0
121.0,-1210.0,-444.0,-334.0,-31.0,-280.0,-153.0,90.0,402.0,-703.0
152.0,-1130.0,-429.0,-321.0,-57.0,-386.0,-88.0,-79.0,485.0,-744.0
174.0,-1002.0,-404.0,-279.0,-95.0,-529.0,-26.0,-105.0,554.0,-788.0
201.0,-710.0,-415.0,-224.0,-140.0,-543.0,-12.0,-194.0,575.0,-788.0
238.0,-250.0,-369.0,-169.0,-185.0,-477.0,-26.0,-232.0,565.0,-747.0
262.0,281.0,-358.0,-154.0,-220.0,-480.0,-39.0,-216.0,541.0,-717.0
308.0,762.0,-322.0,-148.0,-245.0,-494.0,-56.0,-84.0,556.0,-660.0
334.0,1022.0,-262.0,-134.0,-256.0,-406.0,-56.0,22.0,579.0,-553.0
376.0,1001.0,-242.0,-129.0,-246.0,-246.0,-12.0,79.0,570.0,-449.0
398.0,822.0,-164.0,-117.0,-213.0,-179.0,7.0,149.0,542.0,-338.0
416.0,674.0,-93.0,-99.0,-157.0,-213.0,3.0,44.0,479.0,-211.0
426.0,684.0,-58.0,-72.0,-95.0,-210.0,-17.0,33.0,449.0,-86.0
437.0,819.0,7.0,-27.0,-39.0,-208.0,-14.0,-40.0,452.0,44.0
459.0,952.0,61.0,14.0,-7.0,-338.0,16.0,-81.0,431.0,163.0
459.0,954.0,76.0,73.0,-6.0,-492.0,-2.0,-22.0,394.0,303.0
458.0,810.0,119.0,142.0,-25.0,-461.0,-29.0,-53.0,354.0,442.0
442.0,561.0,160.0,184.0,-46.0,-375.0,-53.0,51.0,346.0,530.0
442.0,241.0,182.0,197.0,-50.0,-383.0,-49.0,35.0,372.0,593.0
418.0,-65.0,203.0,186.0,-36.0,-406.0,-23.0,157.0,362.0,631.0
387.0,-338.0,206.0,193.0,-13.0,-443.0,10.0,277.0,326.0,640.0
377.0,-653.0,202.0,195.0,4.0,-466.0,67.0,293.0,304.0,606.0
364.0,-983.0,170.0,186.0,20.0,-489.0,92.0,310.0,281.0,561.0
334.0,-1185.0,113.0,179.0,36.0,-444.0,87.0,97.0,269.0,501.0
281.0,-1194.0,48.0,160.0,57.0,-369.0,60.0,72.0,246.0,385.0
238.0,-1078.0,-34.0,149.0,96.0,-311.0,43.0,-60.0,212.0,239.0
187.0,-921.0,-120.0,139.0,134.0,-267.0,57.0,-86.0,195.0,101.0
141.0,-748.0,-185.0,182.0,153.0,-298.0,68.0,18.0,203.0,-40.0
92.0,-610.0,-263.0,231.0,149.0,-310.0,52.0,-14.0,225.0,-185.0
61.0,-559.0,-331.0,249.0,134.0,-348.0,23.0,72.0,220.0,-309.0
40.0,-550.0,-374.0,294.0,119.0,-347.0,6.0,-16.0,195.0,-404.0
1.0,-512.0,-427.0,317.0,103.0,-358.0,-1.0,-24.0,142.0,-499.0
-24.0,-421.0,-460.0,311.0,95.0,-446.0,12.0,-84.0,93.0,-612.0
-63.0,-277.0,-505.0,271.0,96.0,-378.0,41.0,-109.0,54.0,-716.0
-93.0,-81.0,-534.0,212.0,97.0,-242.0,77.0,90.0,-29.0,-800.0
-138.0,115.0,-531.0,177.0,95.0,-302.0,105.0,181.0,-132.0,-883.0
-188.0,242.0,-544.0,140.0,99.0,-461.0,112.0,351.0,-217.0,-954.0
-230.0,247.0,-528.0,139.0,116.0,-451.0,87.0,312.0,-267.0,-1000.0
-291.0,149.0,-494.0,176.0,147.0,-305.0,49.0,208.0,-276.0,-1027.0
-347.0,21.0,-438.0,200.0,176.0,-164.0,40.0,99.0,-264.0,-1049.0
-400.0,-48.0,-358.0,224.0,186.0,-149.0,26.0,-86.0,-262.0,-1050.0
-438.0,10.0,-281.0,245.0,171.0,-131.0,21.0,-103.0,-264.0,-989.0
-481.0,175.0,-180.0,267.0,136.0,-52.0,30.0,-195.0,-258.0,-903.0
-497.0,391.0,-58.0,276.0,102.0,-64.0,19.0,-73.0,-232.0,-793.0
-513.0,659.0,37.0,278.0,87.0,-123.0,32.0,59.0,-193.0,-641.0
-546.0,1012.0,154.0,267.0,87.0,-231.0,74.0,110.0,-191.0,-482.0
-558.0,1385.0,290.0,212.0,91.0,-327.0,119.0,199.0,-199.0,-310.0
-572.0,1673.0,360.0,145.0,91.0,-379.0,160.0,121.0,-169.0,-150.0
-576.0,1802.0,452.0,70.0,76.0,-345.0,179.0,230.0,-91.0,-2.0
-594.0,1696.0,535.0,-11.0,56.0,-260.0,176.0,295.0,72.0,125.0
-570.0,1387.0,554.0,-101.0,37.0,-179.0,175.0,434.0,241.0,205.0
-537.0,1071.0,592.0,-169.0,12.0,-87.0,173.0,572.0,359.0,257.0
-509.0,927.0,600.0,-222.0,-19.0,-56.0,162.0,537.0,443.0,293.0
-452.0,958.0,573.0,-288.0,-57.0,27.0,135.0,574.0,494.0,326.0
-397.0,1082.0,560.0,-322.0,-93.0,-31.0,93.0,367.0,550.0,334.0
-323.0,1208.0,493.0,-350.0,-129.0,-201.0,66.0,194.0,585.0,359.0
-257.0,1222.0,435.0,-380.0,-154.0,-223.0,48.0,83.0,577.0,388.0
-166.0,1066.0,388.0,-376.0,-154.0,-233.0,63.0,-5.0,548.0,385.0
-84.0,832.0,291.0,-356.0,-134.0,-228.0,126.0,-51.0,492.0,378.0
-1.0,633.0,238.0,-326.0,-103.0,-260.0,201.0,-142.0,431.0,376.0
89.0,447.0,168.0,-263.0,-82.0,-264.0,253.0,-99.0,363.0,404.0
162.0,247.0,95.0,-181.0,-77.0,-254.0,269.0,-94.0,256.0,420.0
234.0,108.0,68.0,-83.0,-75.0,-356.0,269.0,29.0,118.0,464.0
276.0,123.0,5.0,34.0,-70.0,-343.0,257.0,70.0,-15.0,555.0
315.0,222.0,-46.0,141.0,-58.0,-246.0,252.0,55.0,-116.0,634.0
333.0,233.0,-78.0,253.0,-39.0,-260.0,250.0,149.0,-175.0,718.0
342.0,38.0,-133.0,362.0,-15.0,-356.0,218.0,49.0,-213.0,798.0
339.0,-376.0,-169.0,439.0,6.0,-305.0,174.0,90.0,-251.0,894.0
309.0,-831.0,-186.0,456.0,19.0,-185.0,147.0,203.0,-310.0,945.0
267.0,-1102.0,-213.0,429.0,19.0,-248.0,152.0,275.0,-334.0,963.0
218.0,-1165.0,-231.0,380.0,8.0,-348.0,180.0,334.0,-293.0,1001.0
157.0,-1146.0,-256.0,298.0,-6.0,-392.0,235.0,293.0,-255.0,996.0
92.0,-1153.0,-280.0,233.0,-18.0,-364.0,296.0,271.0,-242.0,957.0
34.0,-1210.0,-288.0,196.0,-26.0,-295.0,332.0,96.0,-249.0,895.0
-30.0,-1249.0,-305.0,155.0,-24.0,-285.0,356.0,25.0,-252.0,841.0
-106.0,-1184.0,-316.0,126.0,-14.0,-262.0,349.0,-68.0,-214.0,751.0
-193.0,-1024.0,-299.0,121.0,-4.0,-254.0,307.0,-247.0,-130.0,646.0
-265.0,-854.0,-302.0,106.0,1.0,-333.0,277.0,-253.0,-65.0,566.0
-323.0,-746.0,-287.0,63.0,5.0,-402.0,269.0,-347.0,-72.0,472.0
-359.0,-726.0,-262.0,42.0,0.0,-401.0,260.0,-243.0,-101.0,369.0
-383.0,-756.0,-268.0,27.0,-17.0,-357.0,244.0,-160.0,-100.0,245.0
-404.0,-728.0,-217.0,6.0,-39.0,-281.0,200.0,-123.0,-60.0,142.0
-418.0,-588.0,-188.0,4.0,-53.0,-189.0,130.0,-59.0,-33.0,20.0
-420.0,-359.0,-163.0,45.0,-53.0,-171.0,74.0,-99.0,-55.0,-131.0
-403.0,-71.0,-87.0,102.0,-45.0,-275.0,63.0,49.0,-87.0,-264.0
-388.0,192.0,-58.0,152.0,-35.0,-300.0,127.0,-18.0,-91.0,-383.0
-354.0,371.0,-19.0,232.0,-30.0,-163.0,210.0,-48.0,-43.0,-490.0
-317.0,518.0,42.0,301.0,-32.0,-143.0,269.0,-49.0,15.0,-603.0
-267.0,711.0,65.0,334.0,-35.0,-290.0,280.0,-188.0,27.0,-651.0
-219.0,907.0,89.0,348.0,-39.0,-374.0,263.0,-123.0,9.0,-659.0
-171.0,1020.0,118.0,362.0,-40.0,-265.0,261.0,-55.0,16.0,-673.0
-121.0,1054.0,121.0,369.0,-44.0,-154.0,239.0,177.0,90.0,-657.0
-68.0,1029.0,127.0,363.0,-61.0,-183.0,224.0,264.0,178.0,-624.0
-7.0,885.0,121.0,363.0,-79.0,-155.0,198.0,254.0,242.0,-591.0
28.0,569.0,122.0,365.0,-91.0,-125.0,151.0,321.0,275.0,-579.0
68.0,206.0,111.0,339.0,-94.0,-88.0,135.0,280.0,292.0,-563.0
105.0,11.0,72.0,288.0,-88.0,-52.0,135.0,365.0,333.0,-546.0
132.0,60.0,60.0,267.0,-77.0,-131.0,159.0,330.0,394.0,-564.0
164.0,260.0,18.0,226.0,-45.0,-223.0,199.0,275.0,452.0,-619.0
205.0,445.0,-22.0,174.0,6.0,-330.0,202.0,203.0,456.0,-669.0
246.0,489.0,-61.0,119.0,70.0,-306.0,188.0,144.0,423.0,-736.0
285.0,382.0,-131.0,42.0,126.0,-180.0,181.0,123.0,383.0,-815.0
299.0,261.0,-179.0,26.0,149.0,-246.0,143.0,-31.0,377.0,-853.0
310.0,218.0,-234.0,31.0,137.0,-363.0,97.0,14.0,412.0,-883.0
308.0,176.0,-291.0,33.0,100.0,-265.0,87.0,55.0,415.0,-897.0
274.0,34.0,-307.0,62.0,59.0,-148.0,110.0,133.0,402.0,-894.0
235.0,-230.0,-323.0,90.0,33.0,-252.0,151.0,216.0,389.0,-864.0
176.0,-596.0,-341.0,134.0,30.0,-386.0,190.0,223.0,385.0,-801.0
129.0,-1073.0,-328.0,195.0,37.0,-328.0,201.0,423.0,412.0,-755.0
83.0,-1565.0,-311.0,246.0,41.0,-225.0,210.0,498.0,425.0,-686.0
40.0,-1909.0,-307.0,248.0,44.0,-265.0,253.0,548.0,404.0,-604.0
7.0,-2076.0,-284.0,224.0,49.0,-356.0,289.0,535.0,363.0,-532.0
-31.0,-2081.0,-243.0,195.0,49.0,-325.0,317.0,480.0,327.0,-464.0
-47.0,-1948.0,-228.0,126.0,31.0,-217.0,325.0,508.0,315.0,-398.0
-71.0,-1746.0,-179.0,27.0,0.0,-266.0,314.0,450.0,290.0,-306.0
-115.0,-1583.0,-142.0,-75.0,-26.0,-363.0,331.0,502.0,266.0,-224.0
-138.0,-1528.0,-110.0,-159.0,-38.0,-332.0,377.0,408.0,267.0,-171.0
-160.0,-1524.0,-27.0,-238.0,-40.0,-268.0,418.0,325.0,269.0,-108.0
-168.0,-1441.0,10.0,-319.0,-44.0,-227.0,423.0,251.0,287.0,-49.0
-160.0,-1240.0,76.0,-401.0,-50.0,-205.0,423.0,68.0,321.0,-18.0
-141.0,-1003.0,164.0,-464.0,-51.0,-250.0,418.0,31.0,340.0,13.0
-91.0,-764.0,231.0,-464.0,-47.0,-302.0,427.0,-81.0,346.0,48.0
-50.0,-484.0,310.0,-456.0,-37.0,-217.0,445.0,16.0,322.0,70.0
9.0,-87.0,386.0,-422.0,-31.0,-77.0,452.0,49.0,259.0,79.0
68.0,422.0,446.0,-358.0,-22.0,-18.0,433.0,3.0,189.0,96.0
118.0,842.0,485.0,-296.0,-4.0,-88.0,367.0,151.0,142.0,118.0
182.0,1018.0,545.0,-235.0,22.0,-68.0,315.0,136.0,111.0,141.0
223.0,1046.0,573.0,-171.0,54.0,59.0,281.0,203.0,75.0,172.0
275.0,1151.0,597.0,-99.0,80.0,106.0,268.0,232.0,23.0,196.0
319.0,1425.0,636.0,-61.0,84.0,111.0,280.0,280.0,-31.0,220.0
373.0,1686.0,651.0,-16.0,61.0,160.0,294.0,334.0,-71.0,215.0
429.0,1711.0,655.0,25.0,19.0,225.0,319.0,328.0,-102.0,188.0
460.0,1536.0,648.0,22.0,-26.0,169.0,300.0,426.0,-130.0,171.0
485.0,1314.0,640.0,27.0,-60.0,131.0,263.0,351.0,-177.0,138.0
490.0,1118.0,604.0,30.0,-70.0,124.0,268.0,351.0,-237.0,104.0
485.0,933.0,578.0,14.0,-62.0,66.0,291.0,267.0,-259.0,89.0
485.0,683.0,540.0,8.0,-49.0,-4.0,336.0,79.0,-244.0,102.0
482.0,341.0,509.0,22.0,-38.0,-54.0,357.0,51.0,-216.0,137.0
481.0,-23.0,462.0,26.0,-34.0,40.0,333.0,-35.0,-177.0,186.0
488.0,-282.0,380.0,34.0,-41.0,122.0,291.0,-16.0,-144.0,265.0
485.0,-411.0,332.0,65.0,-63.0,39.0,264.0,46.0,-117.0,359.0
460.0,-473.0,271.0,87.0,-103.0,49.0,253.0,90.0,-94.0,442.0
406.0,-444.0,201.0,108.0,-154.0,152.0,277.0,125.0,-100.0,505.0
353.0,-298.0,170.0,145.0,-196.0,160.0,326.0,131.0,-143.0,566.0
301.0,-88.0,106.0,183.0,-202.0,230.0,312.0,138.0,-214.0,617.0
230.0,122.0,13.0,225.0,-176.0,312.0,271.0,60.0,-272.0,627.0
170.0,330.0,-65.0,263.0,-145.0,314.0,230.0,96.0,-306.0,642.0
129.0,535.0,-153.0,326.0,-126.0,231.0,202.0,173.0,-319.0,640.0
79.0,709.0,-181.0,387.0,-114.0,123.0,201.0,218.0,-311.0,585.0
33.0,799.0,-207.0,411.0,-91.0,197.0,197.0,157.0,-321.0,534.0
2.0,785.0,-248.0,422.0,-50.0,281.0,197.0,83.0,-340.0,485.0
-40.0,717.0,-260.0,411.0,-7.0,282.0,193.0,238.0,-357.0,411.0
-80.0,614.0,-289.0,382.0,28.0,294.0,171.0,168.0,-392.0,331.0
-106.0,433.0,-314.0,313.0,62.0,284.0,137.0,118.0,-417.0,274.0
-130.0,147.0,-331.0,232.0,95.0,269.0,110.0,160.0,-422.0,238.0
-157.0,-230.0,-294.0,155.0,116.0,306.0,113.0,140.0,-433.0,214.0
-182.0,-585.0,-281.0,75.0,115.0,367.0,107.0,242.0,-449.0,187.0
-209.0,-752.0,-273.0,10.0,89.0,331.0,110.0,179.0,-462.0,177.0
-226.0,-756.0,-220.0,-61.0,53.0,263.0,132.0,242.0,-436.0,157.0
-247.0,-799.0,-226.0,-124.0,29.0,223.0,143.0,192.0,-372.0,90.0
-274.0,-986.0,-199.0,-190.0,21.0,222.0,169.0,96.0,-297.0,25.0
-283.0,-1200.0,-144.0,-242.0,22.0,252.0,207.0,155.0,-217.0,-50.0
-292.0,-1263.0,-126.0,-270.0,28.0,177.0,264.0,94.0,-100.0,-134.0
-287.0,-1126.0,-109.0,-291.0,41.0,75.0,280.0,186.0,54.0,-224.0
-306.0,-891.0,-99.0,-294.0,57.0,93.0,250.0,201.0,206.0,-312.0
-319.0,-713.0,-104.0,-304.0,65.0,100.0,251.0,291.0,347.0,-365.0
-315.0,-711.0,-110.0,-293.0,64.0,39.0,224.0,288.0,452.0,-401.0
-319.0,-818.0,-115.0,-283.0,58.0,64.0,205.0,214.0,534.0,-419.0
-288.0,-751.0,-144.0,-267.0,58.0,125.0,191.0,280.0,623.0,-416.0
-245.0,-383.0,-175.0,-209.0,64.0,104.0,183.0,149.0,732.0,-390.0
-210.0,135.0,-201.0,-162.0,73.0,128.0,201.0,223.0,834.0,-352.0
-169.0,642.0,-243.0,-102.0,84.0,214.0,196.0,256.0,900.0,-305.0
-134.0,1036.0,-274.0,-33.0,85.0,221.0,175.0,256.0,940.0,-229.0
-119.0,1263.0,-274.0,36.0,77.0,183.0,90.0,330.0,940.0,-176.0
-103.0,1362.0,-291.0,113.0,74.0,114.0,10.0,258.0,918.0,-136.0
-83.0,1432.0,-289.0,166.0,73.0,43.0,-35.0,290.0,866.0,-90.0
-60.0,1457.0,-262.0,230.0,64.0,31.0,-51.0,203.0,792.0,-58.0
-52.0,1297.0,-280.0,265.0,47.0,-19.0,2.0,153.0,706.0,-40.0
-51.0,905.0,-244.0,269.0,26.0,-17.0,61.0,144.0,605.0,-55.0
-52.0,419.0,-236.0,265.0,2.0,77.0,67.0,66.0,533.0,-58.0
-61.0,27.0,-225.0,238.0,-25.0,93.0,18.0,97.0,484.0,-54.0
-74.0,-188.0,-152.0,251.0,-53.0,55.0,-21.0,110.0,432.0,-77.0
-105.0,-278.0,-132.0,275.0,-70.0,77.0,-4.0,192.0,370.0,-84.0
-99.0,-315.0,-91.0,299.0,-75.0,118.0,63.0,262.0,322.0,-77.0
-107.0,-309.0,-35.0,342.0,-74.0,120.0,110.0,339.0,276.0,-82.0
-114.0,-300.0,35.0,375.0,-73.0,123.0,138.0,380.0,242.0,-79.0
-91.0,-340.0,102.0,401.0,-70.0,165.0,151.0,371.0,231.0,-62.0
-93.0,-399.0,192.0,397.0,-65.0,143.0,144.0,397.0,210.0,-46.0
-74.0,-429.0,288.0,380.0,-60.0,-24.0,130.0,282.0,211.0,-8.0
-62.0,-387.0,335.0,369.0,-64.0,-33.0,100.0,256.0,216.0,51.0
-37.0,-271.0,401.0,355.0,-70.0,161.0,130.0,151.0,208.0,130.0
-16.0,-156.0,454.0,343.0,-78.0,179.0,155.0,57.0,212.0,221.0
2.0,-120.0,507.0,322.0,-97.0,-53.0,150.0,114.0,248.0,300.0
42.0,-166.0,550.0,292.0,-128.0,-184.0,147.0,36.0,302.0,390.0
85.0,-299.0,591.0,258.0,-167.0,-6.0,135.0,121.0,329.0,465.0
147.0,-555.0,630.0,224.0,-196.0,131.0,145.0,188.0,341.0,517.0
200.0,-853.0,628.0,182.0,-209.0,133.0,143.0,303.0,313.0,560.0
264.0,-976.0,628.0,141.0,-210.0,158.0,160.0,336.0,277.0,582.0
325.0,-816.0,637.0,76.0,-194.0,188.0,148.0,155.0,227.0,584.0
383.0,-568.0,618.0,2.0,-157.0,143.0,105.0,232.0,141.0,554.0
420.0,-445.0,608.0,-61.0,-104.0,28.0,84.0,199.0,55.0,507.0
466.0,-388.0,622.0,-167.0,-53.0,16.0,72.0,110.0,-20.0,438.0
512.0,-348.0,586.0,-279.0,-16.0,-3.0,61.0,3.0,-76.0,370.0
535.0,-338.0,529.0,-371.0,12.0,-31.0,50.0,-51.0,-143.0,285.0
570.0,-252.0,487.0,-461.0,41.0,-31.0,60.0,105.0,-216.0,185.0
575.0,-11.0,417.0,-530.0,71.0,-43.0,99.0,194.0,-288.0,125.0
595.0,401.0,350.0,-539.0,90.0,33.0,136.0,339.0,-346.0,75.0
606.0,934.0,311.0,-501.0,89.0,58.0,119.0,421.0,-387.0,18.0
627.0,1446.0,247.0,-437.0,71.0,86.0,90.0,519.0,-431.0,-26.0
622.0,1764.0,196.0,-347.0,37.0,75.0,91.0,550.0,-458.0,-47.0
587.0,1831.0,147.0,-260.0,-7.0,-77.0,126.0,552.0,-479.0,-64.0
574.0,1766.0,63.0,-171.0,-48.0,-120.0,179.0,593.0,-479.0,-64.0
544.0,1692.0,13.0,-104.0,-71.0,-36.0,219.0,415.0,-465.0,-54.0
535.0,1629.0,-36.0,-55.0,-77.0,25.0,216.0,388.0,-460.0,-15.0
497.0,1470.0,-110.0,-41.0,-71.0,-46.0,168.0,267.0,-455.0,41.0
468.0,1223.0,-161.0,-42.0,-61.0,-162.0,134.0,169.0,-431.0,95.0
455.0,1024.0,-222.0,-19.0,-50.0,-73.0,149.0,199.0,-379.0,199.0
442.0,868.0,-293.0,-26.0,-30.0,0.0,229.0,88.0,-325.0,297.0
423.0,692.0,-326.0,-16.0,3.0,-79.0,294.0,136.0,-274.0,381.0
391.0,491.0,-357.0,19.0,36.0,-52.0,305.0,114.0,-228.0,467.0
385.0,302.0,-378.0,57.0,55.0,7.0,269.0,160.0,-175.0,561.0
374.0,190.0,-377.0,141.0,54.0,-60.0,229.0,210.0,-109.0,648.0
363.0,159.0,-390.0,230.0,48.0,-113.0,233.0,197.0,-47.0,714.0
338.0,143.0,-400.0,312.0,59.0,-25.0,244.0,201.0,13.0,789.0
313.0,179.0,-387.0,378.0,80.0,125.0,223.0,101.0,91.0,863.0
278.0,245.0,-352.0,401.0,100.0,217.0,140.0,206.0,183.0,923.0
233.0,199.0,-306.0,405.0,109.0,201.0,78.0,219.0,252.0,970.0
170.0,105.0,-252.0,342.0,106.0,198.0,69.0,243.0,292.0,1006.0
117.0,53.0,-210.0,231.0,108.0,234.0,88.0,258.0,296.0,1013.0
84.0,-58.0,-166.0,121.0,106.0,183.0,130.0,147.0,276.0,965.0
35.0,-244.0,-137.0,-24.0,89.0,190.0,162.0,151.0,262.0,905.0
6.0,-406.0,-119.0,-154.0,60.0,291.0,185.0,31.0,282.0,855.0
-27.0,-476.0,-80.0,-248.0,36.0,358.0,184.0,24.0,331.0,781.0
-51.0,-441.0,-59.0,-311.0,41.0,399.0,171.0,-36.0,361.0,706.0
-84.0,-374.0,-38.0,-325.0,86.0,459.0,149.0,-90.0,373.0,634.0
-113.0,-327.0,0.0,-342.0,140.0,486.0,143.0,46.0,364.0,543.0
-147.0,-212.0,43.0,-360.0,170.0,387.0,149.0,66.0,347.0,438.0
-187.0,14.0,76.0,-354.0,174.0,308.0,130.0,199.0,320.0,319.0
-210.0,228.0,114.0,-318.0,165.0,360.0,113.0,201.0,249.0,229.0
-213.0,312.0,151.0,-246.0,150.0,415.0,76.0,227.0,158.0,130.0
-185.0,283.0,182.0,-169.0,129.0,317.0,43.0,290.0,98.0,26.0
-177.0,258.0,214.0,-81.0,113.0,229.0,21.0,179.0,82.0,-55.0
-157.0,335.0,219.0,10.0,98.0,231.0,14.0,264.0,91.0,-137.0
-127.0,453.0,232.0,94.0,77.0,160.0,29.0,166.0,109.0,-220.0
-106.0,495.0,243.0,163.0,53.0,107.0,16.0,121.0,120.0,-295.0
-91.0,451.0,249.0,203.0,28.0,179.0,0.0,147.0,137.0,-321.0
-69.0,326.0,258.0,209.0,13.0,316.0,-28.0,31.0,156.0,-350.0
-32.0,96.0,263.0,185.0,6.0,418.0,-52.0,94.0,169.0,-386.0
-2.0,-158.0,270.0,159.0,-2.0,481.0,-77.0,116.0,166.0,-380.0
28.0,-265.0,251.0,125.0,-10.0,465.0,-107.0,225.0,118.0,-381.0
74.0,-143.0,253.0,79.0,-7.0,461.0,-79.0,308.0,40.0,-399.0
121.0,129.0,251.0,36.0,11.0,476.0,-56.0,373.0,-26.0,-429.0
166.0,448.0,245.0,-2.0,40.0,444.0,-48.0,386.0,-66.0,-452.0
203.0,773.0,260.0,0.0,70.0,454.0,-60.0,304.0,-96.0,-485.0
222.0,1022.0,279.0,20.0,101.0,409.0,-101.0,358.0,-89.0,-545.0
240.0,1096.0,285.0,9.0,134.0,263.0,-124.0,223.0,-89.0,-595.0
231.0,1040.0,299.0,-1.0,170.0,208.0,-141.0,205.0,-104.0,-641.0
233.0,932.0,335.0,-10.0,204.0,250.0,-143.0,227.0,-100.0,-700.0
236.0,752.0,354.0,-30.0,234.0,235.0,-134.0,258.0,-94.0,-772.0
244.0,499.0,386.0,-52.0,246.0,229.0,-126.0,386.0,-51.0,-826.0
258.0,131.0,414.0,-88.0,236.0,262.0,-138.0,371.0,15.0,-867.0
262.0,-392.0,443.0,-159.0,207.0,301.0,-144.0,445.0,85.0,-915.0
263.0,-923.0,473.0,-247.0,176.0,213.0,-146.0,319.0,166.0,-915.0
240.0,-1280.0,484.0,-311.0,163.0,128.0,-141.0,234.0,243.0,-861.0
239.0,-1438.0,496.0,-365.0,154.0,208.0,-138.0,253.0,304.0,-785.0
240.0,-1484.0,501.0,-418.0,140.0,180.0,-149.0,216.0,341.0,-668.0
245.0,-1497.0,486.0,-443.0,127.0,43.0,-141.0,267.0,365.0,-536.0
238.0,-1489.0,447.0,-431.0,120.0,-92.0,-162.0,230.0,397.0,-379.0
239.0,-1494.0,400.0,-395.0,117.0,-79.0,-196.0,363.0,410.0,-220.0
225.0,-1497.0,334.0,-333.0,111.0,-61.0,-215.0,369.0,402.0,-93.0
205.0,-1310.0,264.0,-262.0,107.0,-132.0,-208.0,349.0,388.0,66.0
196.0,-832.0,190.0,-183.0,98.0,-153.0,-163.0,356.0,375.0,217.0
165.0,-257.0,109.0,-114.0,83.0,-143.0,-142.0,190.0,370.0,321.0
139.0,224.0,29.0,-86.0,55.0,-78.0,-175.0,218.0,339.0,414.0
110.0,602.0,-39.0,-54.0,13.0,-78.0,-219.0,99.0,290.0,488.0
90.0,775.0,-102.0,-21.0,-30.0,30.0,-239.0,64.0,251.0,535.0
35.0,690.0,-161.0,-17.0,-68.0,56.0,-220.0,112.0,220.0,560.0
-2.0,508.0,-193.0,-9.0,-93.0,-111.0,-187.0,-5.0,185.0,596.0
-46.0,282.0,-241.0,-1.0,-113.0,-219.0,-160.0,-60.0,137.0,646.0
-82.0,-14.0,-281.0,-13.0,-139.0,-275.0,-129.0,-269.0,79.0,668.0
-120.0,-309.0,-313.0,-31.0,-166.0,-275.0,-111.0,-317.0,14.0,653.0
-166.0,-444.0,-331.0,-23.0,-181.0,-304.0,-89.0,-293.0,-28.0,651.0
-190.0,-299.0,-326.0,-12.0,-182.0,-229.0,-75.0,-279.0,-40.0,656.0
-250.0,78.0,-315.0,-20.0,-181.0,-100.0,-86.0,-236.0,-34.0,623.0
-288.0,562.0,-279.0,-21.0,-194.0,-35.0,-94.0,-345.0,-6.0,578.0
-344.0,955.0,-243.0,-2.0,-214.0,-85.0,-90.0,-267.0,30.0,556.0
-372.0,1046.0,-204.0,36.0,-219.0,-41.0,-94.0,-225.0,70.0,527.0
-401.0,834.0,-161.0,80.0,-199.0,138.0,-102.0,-109.0,110.0,474.0
-397.0,485.0,-107.0,151.0,-156.0,175.0,-129.0,18.0,145.0,448.0
-376.0,122.0,-73.0,249.0,-114.0,241.0,-183.0,33.0,178.0,449.0
-371.0,-258.0,-26.0,335.0,-98.0,271.0,-184.0,214.0,210.0,455.0
-336.0,-702.0,40.0,426.0,-108.0,210.0,-168.0,269.0,257.0,473.0
-337.0,-1137.0,74.0,532.0,-122.0,83.0,-169.0,375.0,293.0,498.0
-333.0,-1452.0,116.0,615.0,-124.0,100.0,-155.0,321.0,309.0,522.0
-359.0,-1594.0,157.0,667.0,-124.0,208.0,-169.0,129.0,290.0,510.0
-359.0,-1560.0,194.0,690.0,-127.0,121.0,-190.0,25.0,232.0,468.0
-364.0,-1443.0,224.0,667.0,-120.0,72.0,-196.0,-105.0,169.0,439.0
-368.0,-1370.0,248.0,615.0,-94.0,169.0,-160.0,-1.0,92.0,393.0
-354.0,-1352.0,248.0,561.0,-47.0,416.0,-87.0,68.0,17.0,341.0
-330.0,-1215.0,225.0,500.0,16.0,448.0,-35.0,169.0,-53.0,297.0
-288.0,-790.0,211.0,433.0,85.0,371.0,-3.0,179.0,-117.0,267.0
-268.0,-161.0,184.0,351.0,144.0,444.0,5.0,155.0,-173.0,240.0
-226.0,376.0,146.0,241.0,176.0,471.0,1.0,273.0,-255.0,194.0
-201.0,525.0,118.0,124.0,179.0,502.0,-1.0,181.0,-351.0,181.0
-162.0,270.0,84.0,45.0,164.0,481.0,-8.0,221.0,-449.0,179.0
-158.0,-132.0,30.0,-17.0,134.0,501.0,-1.0,201.0,-550.0,150.0
-141.0,-468.0,-20.0,-94.0,96.0,484.0,10.0,109.0,-642.0,106.0
-120.0,-731.0,-96.0,-152.0,65.0,454.0,24.0,22.0,-724.0,74.0
-107.0,-928.0,-156.0,-214.0,56.0,508.0,40.0,-84.0,-794.0,41.0
-83.0,-838.0,-186.0,-283.0,64.0,505.0,26.0,9.0,-849.0,-20.0
-79.0,-328.0,-248.0,-344.0,66.0,492.0,7.0,33.0,-900.0,-48.0
-43.0,382.0,-269.0,-408.0,53.0,458.0,4.0,197.0,-930.0,-71.0
-21.0,1014.0,-291.0,-449.0,25.0,559.0,7.0,282.0,-949.0,-109.0
23.0,1411.0,-327.0,-502.0,-7.0,654.0,49.0,271.0,-964.0,-137.0
39.0,1546.0,-297.0,-557.0,-28.0,575.0,66.0,262.0,-939.0,-144.0
56.0,1467.0,-264.0,-594.0,-26.0,576.0,3.0,36.0,-886.0,-154.0
72.0,1214.0,-213.0,-625.0,-17.0,628.0,-74.0,14.0,-813.0,-196.0
77.0,838.0,-144.0,-643.0,-2.0,674.0,-132.0,-86.0,-746.0,-205.0
94.0,408.0,-68.0,-662.0,17.0,637.0,-156.0,-169.0,-682.0,-202.0
89.0,5.0,10.0,-664.0,25.0,587.0,-145.0,-129.0,-600.0,-236.0
116.0,-299.0,90.0,-641.0,11.0,669.0,-110.0,-177.0,-490.0,-267.0
148.0,-437.0,194.0,-608.0,-24.0,640.0,-66.0,-48.0,-344.0,-296.0
194.0,-402.0,277.0,-575.0,-54.0,536.0,-49.0,-11.0,-176.0,-336.0
221.0,-180.0,353.0,-544.0,-48.0,507.0,-57.0,157.0,1.0,-401.0
245.0,302.0,423.0,-512.0,-6.0,480.0,-90.0,288.0,169.0,-467.0
267.0,990.0,487.0,-481.0,39.0,460.0,-137.0,275.0,332.0,-498.0
284.0,1604.0,535.0,-410.0,57.0,443.0,-147.0,312.0,490.0,-521.0
304.0,1857.0,564.0,-286.0,31.0,525.0,-119.0,99.0,641.0,-526.0
334.0,1805.0,590.0,-162.0,-24.0,538.0,-81.0,42.0,763.0,-504.0
396.0,1656.0,584.0,-57.0,-77.0,374.0,-48.0,-14.0,847.0,-451.0
452.0,1390.0,579.0,30.0,-106.0,424.0,-50.0,-99.0,940.0,-400.0
509.0,946.0,554.0,74.0,-110.0,569.0,-76.0,-105.0,1010.0,-357.0
566.0,429.0,539.0,89.0,-94.0,541.0,-118.0,-88.0,1033.0,-280.0
619.0,-4.0,500.0,94.0,-54.0,446.0,-149.0,131.0,997.0,-220.0
657.0,-237.0,449.0,89.0,2.0,409.0,-146.0,194.0,907.0,-180.0
693.0,-210.0,415.0,74.0,63.0,394.0,-123.0,242.0,798.0,-120.0
723.0,-35.0,335.0,54.0,127.0,208.0,-67.0,214.0,681.0,-68.0
756.0,129.0,279.0,43.0,196.0,125.0,-23.0,186.0,550.0,-16.0
771.0,226.0,216.0,33.0,266.0,252.0,-36.0,194.0,406.0,17.0
770.0,206.0,121.0,29.0,319.0,308.0,-81.0,60.0,245.0,40.0
755.0,91.0,57.0,41.0,330.0,301.0,-110.0,24.0,62.0,94.0
730.0,-30.0,-6.0,68.0,280.0,281.0,-125.0,-133.0,-108.0,144.0
712.0,-136.0,-76.0,114.0,189.0,355.0,-160.0,-129.0,-268.0,211.0
688.0,-342.0,-110.0,159.0,95.0,383.0,-195.0,-120.0,-395.0,307.0
684.0,-776.0,-158.0,204.0,32.0,254.0,-218.0,-236.0,-487.0,417.0
661.0,-1295.0,-211.0,247.0,7.0,277.0,-203.0,-212.0,-567.0,520.0
636.0,-1642.0,-204.0,310.0,8.0,338.0,-190.0,-312.0,-614.0,591.0
590.0,-1707.0,-232.0,381.0,15.0,231.0,-213.0,-179.0,-627.0,676.0
535.0,-1478.0,-236.0,432.0,-7.0,117.0,-220.0,11.0,-617.0,733.0
473.0,-1020.0,-212.0,466.0,-79.0,87.0,-225.0,53.0,-598.0,738.0
409.0,-545.0,-241.0,442.0,-186.0,213.0,-213.0,194.0,-564.0,755.0
364.0,-276.0,-242.0,368.0,-293.0,287.0,-209.0,275.0,-544.0,754.0
315.0,-226.0,-239.0,292.0,-356.0,279.0,-213.0,238.0,-527.0,721.0
268.0,-321.0,-257.0,222.0,-356.0,384.0,-179.0,123.0,-479.0,682.0
217.0,-506.0,-243.0,162.0,-307.0,419.0,-172.0,22.0,-403.0,663.0
188.0,-698.0,-247.0,97.0,-247.0,406.0,-179.0,-162.0,-307.0,635.0
121.0,-851.0,-265.0,0.0,-202.0,463.0,-193.0,-210.0,-197.0,585.0
66.0,-886.0,-250.0,-76.0,-186.0,471.0,-202.0,-219.0,-60.0,553.0
4.0,-633.0,-254.0,-137.0,-190.0,316.0,-200.0,-266.0,55.0,525.0
-68.0,3.0,-245.0,-214.0,-194.0,155.0,-236.0,-40.0,128.0,475.0
-140.0,872.0,-207.0,-265.0,-195.0,173.0,-273.0,-38.0,169.0,418.0
-229.0,1680.0,-203.0,-296.0,-189.0,307.0,-303.0,-81.0,180.0,385.0
-279.0,2235.0,-159.0,-313.0,-184.0,366.0,-350.0,-11.0,177.0,360.0
-368.0,2343.0,-111.0,-297.0,-190.0,297.0,-398.0,31.0,176.0,316.0
-439.0,1747.0,-93.0,-242.0,-197.0,339.0,-418.0,182.0,159.0,261.0
-501.0,555.0,-41.0,-182.0,-189.0,343.0,-436.0,77.0,110.0,231.0
-572.0,-627.0,-27.0,-109.0,-166.0,308.0,-451.0,55.0,48.0,202.0
-640.0,-1342.0,-23.0,-24.0,-128.0,448.0,-452.0,83.0,-36.0,137.0
-717.0,-1643.0,17.0,44.0,-74.0,457.0,-470.0,55.0,-121.0,110.0
-778.0,-1662.0,30.0,100.0,-12.0,351.0,-484.0,186.0,-204.0,112.0
-837.0,-1302.0,47.0,112.0,39.0,318.0,-491.0,147.0,-280.0,110.0
-879.0,-620.0,88.0,107.0,74.0,355.0,-464.0,216.0,-334.0,111.0
-927.0,-19.0,93.0,92.0,98.0,388.0,-416.0,188.0,-381.0,122.0
-947.0,174.0,105.0,76.0,123.0,285.0,-376.0,49.0,-409.0,156.0
-955.0,119.0,115.0,66.0,173.0,275.0,-350.0,12.0,-439.0,181.0
-950.0,216.0,81.0,56.0,254.0,348.0,-359.0,-127.0,-432.0,224.0
-939.0,495.0,84.0,73.0,347.0,253.0,-376.0,-88.0,-377.0,309.0
-936.0,419.0,59.0,111.0,423.0,134.0,-359.0,-53.0,-306.0,402.0
-913.0,-436.0,11.0,142.0,454.0,168.0,-293.0,-88.0,-206.0,470.0
-863.0,-1523.0,29.0,152.0,435.0,321.0,-235.0,-140.0,-87.0,536.0
-815.0,-1851.0,-1.0,166.0,389.0,411.0,-219.0,-151.0,27.0,618.0
-772.0,-1401.0,-24.0,181.0,342.0,319.0,-232.0,-64.0,135.0,663.0
-692.0,-1041.0,-12.0,185.0,306.0,212.0,-272.0,16.0,245.0,683.0
-600.0,-1096.0,-39.0,195.0,273.0,255.0,-287.0,127.0,329.0,722.0
-509.0,-969.0,-47.0,202.0,225.0,354.0,-299.0,62.0,381.0,771.0
-427.0,-329.0,-59.0,196.0,161.0,381.0,-313.0,81.0,410.0,791.0
-339.0,226.0,-71.0,168.0,84.0,357.0,-305.0,53.0,394.0,793.0
-255.0,106.0,-68.0,113.0,5.0,291.0,-303.0,-83.0,350.0,812.0
-168.0,-292.0,-98.0,54.0,-78.0,217.0,-295.0,-62.0,297.0,803.0
-88.0,-172.0,-119.0,-10.0,-180.0,244.0,-284.0,-168.0,242.0,741.0
-10.0,428.0,-125.0,-79.0,-286.0,292.0,-250.0,-94.0,182.0,661.0
63.0,716.0,-157.0,-133.0,-364.0,234.0,-214.0,-24.0,137.0,582.0
143.0,427.0,-154.0,-155.0,-388.0,193.0,-197.0,22.0,78.0,461.0
219.0,139.0,-140.0,-182.0,-374.0,251.0,-191.0,214.0,20.0,336.0
261.0,212.0,-143.0,-209.0,-352.0,334.0,-203.0,212.0,-15.0,252.0
302.0,233.0,-127.0,-236.0,-324.0,351.0,-203.0,201.0,-51.0,166.0
316.0,5.0,-104.0,-251.0,-292.0,302.0,-223.0,57.0,-40.0,77.0
336.0,242.0,-104.0,-238.0,-261.0,313.0,-213.0,14.0,2.0,-17.0
348.0,1351.0,-104.0,-238.0,-245.0,317.0,-204.0,96.0,56.0,-105.0
357.0,2499.0,-79.0,-231.0,-249.0,227.0,-239.0,153.0,114.0,-218.0
378.0,2637.0,-77.0,-212.0,-258.0,175.0,-237.0,308.0,177.0,-376.0
382.0,1911.0,-48.0,-204.0,-258.0,246.0,-211.0,260.0,234.0,-511.0
385.0,1351.0,-21.0,-210.0,-236.0,350.0,-173.0,317.0,254.0,-626.0
386.0,1348.0,4.0,-211.0,-178.0,358.0,-128.0,312.0,241.0,-763.0
393.0,1193.0,25.0,-205.0,-77.0,315.0,-70.0,230.0,199.0,-879.0
394.0,195.0,22.0,-200.0,63.0,327.0,-10.0,182.0,157.0,-946.0
396.0,-1070.0,29.0,-191.0,214.0,400.0,14.0,31.0,92.0,-1005.0
396.0,-1474.0,0.0,-173.0,330.0,414.0,32.0,103.0,20.0,-1040.0
416.0,-931.0,-14.0,-158.0,399.0,350.0,41.0,51.0,-45.0,-1034.0
435.0,-367.0,-46.0,-143.0,418.0,262.0,29.0,44.0,-109.0,-980.0
446.0,-208.0,-64.0,-121.0,386.0,154.0,6.0,38.0,-156.0,-912.0
470.0,98.0,-90.0,-108.0,303.0,150.0,-33.0,-51.0,-214.0,-851.0
482.0,846.0,-153.0,-114.0,195.0,227.0,-60.0,20.0,-263.0,-759.0
481.0,1499.0,-188.0,-134.0,107.0,212.0,-72.0,-107.0,-327.0,-675.0
485.0,1557.0,-252.0,-147.0,77.0,173.0,-72.0,-22.0,-377.0,-617.0
494.0,1335.0,-301.0,-162.0,102.0,208.0,-63.0,62.0,-419.0,-566.0
476.0,1309.0,-349.0,-182.0,155.0,195.0,-62.0,-20.0,-462.0,-507.0
454.0,1259.0,-387.0,-204.0,202.0,150.0,-42.0,-79.0,-451.0,-443.0
423.0,831.0,-411.0,-230.0,228.0,110.0,-56.0,-291.0,-429.0,-391.0
384.0,198.0,-469.0,-240.0,223.0,64.0,-90.0,-277.0,-404.0,-319.0
333.0,-239.0,-493.0,-255.0,198.0,114.0,-118.0,-279.0,-392.0,-220.0
281.0,-431.0,-496.0,-280.0,188.0,178.0,-140.0,-210.0,-397.0,-124.0
232.0,-788.0,-516.0,-285.0,206.0,134.0,-141.0,-96.0,-404.0,-52.0
177.0,-1600.0,-506.0,-279.0,239.0,60.0,-149.0,-149.0,-386.0,12.0
107.0,-2356.0,-489.0,-249.0,255.0,39.0,-155.0,-171.0,-346.0,74.0
39.0,-2192.0,-468.0,-197.0,240.0,-35.0,-159.0,-317.0,-292.0,104.0
-6.0,-1162.0,-417.0,-136.0,196.0,-123.0,-138.0,-349.0,-215.0,109.0
-81.0,-300.0,-377.0,-68.0,128.0,-103.0,-115.0,-458.0,-177.0,129.0
-129.0,-231.0,-333.0,-45.0,43.0,-121.0,-105.0,-458.0,-151.0,145.0
-185.0,-566.0,-270.0,-34.0,-51.0,-127.0,-68.0,-363.0,-127.0,132.0
-231.0,-601.0,-212.0,-37.0,-136.0,-69.0,-37.0,-369.0,-118.0,135.0
-267.0,-27.0,-159.0,-62.0,-184.0,4.0,-56.0,-190.0,-97.0,165.0
-307.0,753.0,-116.0,-83.0,-183.0,64.0,-132.0,-203.0,-74.0,191.0
-324.0,943.0,-70.0,-141.0,-144.0,40.0,-225.0,-105.0,-46.0,218.0
-358.0,327.0,-36.0,-205.0,-95.0,52.0,-288.0,-84.0,-31.0,273.0
-356.0,-320.0,-8.0,-252.0,-53.0,91.0,-283.0,-181.0,-8.0,347.0
-402.0,-168.0,18.0,-282.0,-37.0,87.0,-238.0,-118.0,0.0,413.0
-436.0,758.0,58.0,-307.0,-65.0,45.0,-193.0,-206.0,-17.0,474.0
-472.0,1731.0,85.0,-307.0,-131.0,25.0,-159.0,-173.0,-23.0,558.0
-516.0,2188.0,100.0,-295.0,-217.0,87.0,-170.0,-269.0,-18.0,660.0
-521.0,2250.0,149.0,-304.0,-306.0,105.0,-205.0,-365.0,22.0,755.0
-533.0,2176.0,161.0,-277.0,-366.0,128.0,-220.0,-378.0,67.0,852.0
-498.0,1926.0,187.0,-214.0,-350.0,186.0,-223.0,-450.0,91.0,956.0
-483.0,1216.0,251.0,-121.0,-255.0,175.0,-198.0,-341.0,108.0,1017.0
-445.0,59.0,264.0,-13.0,-125.0,120.0,-186.0,-264.0,114.0,1017.0
-410.0,-847.0,299.0,85.0,5.0,157.0,-224.0,-118.0,139.0,1025.0
-389.0,-1096.0,321.0,162.0,139.0,242.0,-241.0,-35.0,178.0,1014.0
-368.0,-1132.0,325.0,230.0,274.0,206.0,-268.0,48.0,208.0,965.0
-359.0,-1369.0,337.0,311.0,380.0,188.0,-282.0,125.0,239.0,924.0
-338.0,-1634.0,336.0,409.0,412.0,172.0,-255.0,27.0,254.0,904.0
-319.0,-1708.0,364.0,491.0,347.0,138.0,-222.0,83.0,282.0,892.0
-276.0,-1636.0,364.0,560.0,225.0,179.0,-177.0,-48.0,323.0,862.0
-241.0,-1463.0,377.0,617.0,123.0,141.0,-151.0,-101.0,357.0,825.0
-189.0,-1144.0,386.0,647.0,87.0,110.0,-157.0,-14.0,377.0,793.0
-125.0,-664.0,372.0,683.0,107.0,196.0,-163.0,-81.0,361.0,730.0
-61.0,-235.0,377.0,696.0,153.0,238.0,-151.0,-11.0,315.0,640.0
13.0,20.0,359.0,687.0,195.0,240.0,-158.0,-51.0,242.0,555.0
100.0,294.0,348.0,660.0,207.0,271.0,-158.0,-53.0,145.0,458.0
176.0,460.0,341.0,627.0,181.0,260.0,-139.0,-55.0,45.0,360.0
238.0,103.0,345.0,592.0,132.0,173.0,-135.0,-101.0,-53.0,276.0
292.0,-641.0,343.0,538.0,97.0,120.0,-136.0,-131.0,-134.0,213.0
330.0,-1129.0,367.0,477.0,100.0,199.0,-144.0,-219.0,-193.0,156.0
364.0,-808.0,378.0,404.0,124.0,221.0,-137.0,-121.0,-226.0,88.0
373.0,-36.0,349.0,351.0,134.0,173.0,-145.0,-144.0,-268.0,45.0
391.0,185.0,358.0,308.0,122.0,187.0,-146.0,-107.0,-320.0,33.0
399.0,-240.0,337.0,262.0,114.0,176.0,-124.0,-73.0,-369.0,11.0
410.0,-526.0,310.0,218.0,135.0,146.0,-125.0,-175.0,-423.0,-9.0
408.0,-232.0,282.0,164.0,166.0,106.0,-140.0,-157.0,-454.0,-17.0
390.0,193.0,223.0,110.0,156.0,173.0,-188.0,-286.0,-464.0,-30.0
376.0,282.0,174.0,34.0,87.0,258.0,-211.0,-362.0,-437.0,-65.0
338.0,243.0,101.0,-68.0,7.0,269.0,-185.0,-395.0,-403.0,-114.0
309.0,419.0,21.0,-155.0,-36.0,335.0,-158.0,-426.0,-376.0,-164.0
271.0,752.0,-47.0,-227.0,-59.0,316.0,-146.0,-413.0,-330.0,-234.0
225.0,1078.0,-136.0,-295.0,-89.0,329.0,-143.0,-469.0,-298.0,-322.0
171.0,1408.0,-216.0,-332.0,-121.0,419.0,-146.0,-395.0,-269.0,-393.0
126.0,1446.0,-310.0,-353.0,-135.0,429.0,-177.0,-371.0,-237.0,-465.0
69.0,1007.0,-396.0,-366.0,-128.0,352.0,-199.0,-210.0,-209.0,-558.0
36.0,528.0,-474.0,-362.0,-110.0,206.0,-204.0,-49.0,-170.0,-641.0
7.0,237.0,-580.0,-352.0,-94.0,152.0,-219.0,-22.0,-128.0,-702.0
-28.0,84.0,-642.0,-327.0,-90.0,189.0,-229.0,107.0,-94.0,-767.0
-43.0,200.0,-709.0,-311.0,-110.0,202.0,-218.0,-33.0,-90.0,-830.0
-66.0,575.0,-757.0,-309.0,-144.0,164.0,-211.0,-53.0,-110.0,-860.0
-57.0,927.0,-784.0,-325.0,-158.0,229.0,-239.0,-33.0,-142.0,-875.0
-70.0,1137.0,-796.0,-364.0,-137.0,386.0,-282.0,-92.0,-174.0,-882.0
-59.0,1211.0,-788.0,-390.0,-99.0,318.0,-312.0,-27.0,-184.0,-899.0
-24.0,1182.0,-790.0,-390.0,-49.0,114.0,-325.0,-153.0,-178.0,-914.0
12.0,940.0,-769.0,-375.0,24.0,82.0,-344.0,-120.0,-135.0,-923.0
56.0,15.0,-761.0,-373.0,123.0,172.0,-361.0,-68.0,-90.0,-951.0
82.0,-1267.0,-724.0,-366.0,214.0,126.0,-374.0,-18.0,-42.0,-963.0
122.0,-1693.0,-690.0,-334.0,255.0,-51.0,-392.0,7.0,0.0,-948.0
164.0,-1061.0,-651.0,-301.0,235.0,-110.0,-392.0,-59.0,11.0,-920.0
212.0,-346.0,-591.0,-277.0,176.0,-26.0,-400.0,9.0,26.0,-886.0
263.0,-194.0,-561.0,-232.0,113.0,35.0,-403.0,-20.0,26.0,-827.0
319.0,-315.0,-510.0,-175.0,37.0,7.0,-364.0,73.0,46.0,-744.0
361.0,-300.0,-453.0,-143.0,-70.0,-11.0,-337.0,53.0,63.0,-663.0
393.0,-247.0,-384.0,-100.0,-174.0,-37.0,-341.0,-79.0,68.0,-587.0
426.0,-488.0,-315.0,-59.0,-208.0,-52.0,-331.0,-144.0,72.0,-503.0
457.0,-948.0,-230.0,-38.0,-162.0,37.0,-312.0,-310.0,69.0,-392.0
470.0,-1167.0,-150.0,15.0,-78.0,89.0,-299.0,-269.0,109.0,-293.0
476.0,-1007.0,-78.0,63.0,-13.0,89.0,-294.0,-245.0,140.0,-195.0
463.0,-739.0,-1.0,79.0,-1.0,71.0,-277.0,-227.0,157.0,-71.0
420.0,-748.0,57.0,65.0,-43.0,74.0,-275.0,-214.0,164.0,56.0
356.0,-899.0,120.0,53.0,-114.0,123.0,-291.0,-229.0,175.0,175.0
280.0,-747.0,174.0,51.0,-191.0,14.0,-275.0,-208.0,196.0,295.0
211.0,-432.0,219.0,41.0,-270.0,-48.0,-244.0,-367.0,183.0,402.0
130.0,-450.0,263.0,59.0,-338.0,9.0,-219.0,-332.0,145.0,490.0
78.0,-801.0,301.0,50.0,-378.0,-33.0,-207.0,-308.0,75.0,557.0
31.0,-822.0,324.0,31.0,-382.0,-93.0,-219.0,-253.0,9.0,611.0
3.0,-66.0,349.0,43.0,-331.0,-106.0,-216.0,-127.0,-38.0,654.0
-35.0,988.0,349.0,54.0,-224.0,-51.0,-204.0,-249.0,-70.0,632.0
-68.0,1504.0,346.0,93.0,-97.0,-85.0,-200.0,-271.0,-91.0,573.0
-84.0,1238.0,333.0,150.0,-8.0,-179.0,-220.0,-389.0,-121.0,512.0
-121.0,624.0,295.0,228.0,18.0,-159.0,-269.0,-412.0,-161.0,449.0
-130.0,274.0,284.0,292.0,11.0,-128.0,-272.0,-358.0,-211.0,385.0
-164.0,248.0,222.0,313.0,2.0,-102.0,-269.0,-315.0,-284.0,338.0
-182.0,87.0,175.0,352.0,1.0,-135.0,-274.0,-73.0,-371.0,352.0
-218.0,41.0,133.0,380.0,7.0,-129.0,-254.0,-29.0,-450.0,381.0
-252.0,719.0,57.0,411.0,12.0,-120.0,-252.0,-5.0,-530.0,429.0
-269.0,1485.0,16.0,439.0,13.0,-227.0,-263.0,-92.0,-594.0,501.0
-306.0,1246.0,-36.0,408.0,13.0,-243.0,-263.0,-177.0,-628.0,570.0
-329.0,368.0,-95.0,373.0,13.0,-188.0,-223.0,-179.0,-642.0,632.0
-362.0,-271.0,-138.0,347.0,30.0,-157.0,-182.0,-332.0,-660.0,665.0
-368.0,-758.0,-183.0,342.0,82.0,-197.0,-172.0,-380.0,-666.0,687.0
-391.0,-1042.0,-232.0,359.0,143.0,-226.0,-138.0,-467.0,-625.0,670.0
-428.0,-772.0,-255.0,365.0,166.0,-135.0,-76.0,-393.0,-563.0,639.0
-451.0,-341.0,-267.0,340.0,131.0,-93.0,-35.0,-371.0,-465.0,625.0
-473.0,-323.0,-267.0,257.0,51.0,-103.0,-31.0,-541.0,-318.0,624.0
-474.0,-547.0,-229.0,191.0,-64.0,-25.0,-28.0,-491.0,-171.0,641.0
-458.0,-589.0,-190.0,153.0,-180.0,48.0,-19.0,-495.0,-58.0,640.0
-435.0,-377.0,-124.0,96.0,-242.0,8.0,-31.0,-402.0,28.0,641.0
-391.0,-77.0,-75.0,62.0,-232.0,-29.0,-62.0,-360.0,90.0,608.0
-349.0,78.0,-8.0,19.0,-170.0,-14.0,-66.0,-456.0,135.0,525.0
-291.0,-167.0,56.0,-79.0,-75.0,-41.0,-51.0,-460.0,170.0,438.0
-196.0,-916.0,62.0,-186.0,30.0,-152.0,-29.0,-410.0,181.0,337.0
-102.0,-1396.0,115.0,-272.0,104.0,-175.0,-3.0,-251.0,185.0,248.0
11.0,-954.0,122.0,-359.0,130.0,-61.0,34.0,-225.0,215.0,169.0
124.0,-469.0,123.0,-446.0,134.0,-91.0,54.0,-96.0,237.0,115.0
240.0,-456.0,149.0,-511.0,157.0,-179.0,1.0,7.0,259.0,78.0
320.0,-361.0,113.0,-543.0,205.0,-136.0,-58.0,-72.0,282.0,44.0
378.0,-156.0,125.0,-536.0,259.0,-74.0,-61.0,-179.0,267.0,48.0
440.0,78.0,110.0,-485.0,312.0,-108.0,-38.0,-441.0,228.0,71.0
467.0,373.0,69.0,-417.0,350.0,-161.0,-45.0,-552.0,199.0,101.0
487.0,153.0,85.0,-348.0,354.0,-98.0,-27.0,-668.0,191.0,136.0
508.0,-772.0,55.0,-292.0,309.0,-67.0,8.0,-642.0,182.0,157.0
539.0,-1499.0,14.0,-229.0,201.0,-118.0,12.0,-471.0,176.0,158.0
535.0,-1150.0,-1.0,-166.0,54.0,-91.0,-1.0,-437.0,161.0,120.0
512.0,48.0,-45.0,-134.0,-76.0,0.0,-35.0,-343.0,146.0,48.0
481.0,1031.0,-97.0,-85.0,-159.0,-78.0,-35.0,-347.0,142.0,-37.0
439.0,1267.0,-136.0,-53.0,-206.0,-249.0,-17.0,-267.0,132.0,-135.0
392.0,1232.0,-202.0,-44.0,-231.0,-191.0,-6.0,-243.0,123.0,-236.0
323.0,1144.0,-255.0,-27.0,-227.0,-5.0,-2.0,-240.0,99.0,-340.0
265.0,829.0,-309.0,-25.0,-197.0,22.0,-19.0,-181.0,55.0,-461.0
192.0,672.0,-385.0,-16.0,-172.0,-82.0,-40.0,-258.0,0.0,-589.0
123.0,656.0,-414.0,-25.0,-163.0,-110.0,-61.0,-184.0,-60.0,-731.0
56.0,333.0,-473.0,-46.0,-171.0,-116.0,-115.0,-297.0,-124.0,-849.0
2.0,45.0,-509.0,-61.0,-182.0,-168.0,-175.0,-310.0,-180.0,-953.0
-58.0,78.0,-518.0,-78.0,-169.0,-105.0,-183.0,-208.0,-228.0,-1055.0
-130.0,12.0,-547.0,-60.0,-119.0,-14.0,-163.0,-299.0,-274.0,-1116.0
-184.0,-297.0,-526.0,-29.0,-43.0,-54.0,-133.0,-214.0,-318.0,-1182.0
-246.0,-328.0,-518.0,4.0,30.0,-83.0,-105.0,-240.0,-361.0,-1225.0
-302.0,11.0,-500.0,45.0,70.0,-35.0,-97.0,-218.0,-412.0,-1221.0
-363.0,209.0,-465.0,78.0,54.0,22.0,-92.0,-290.0,-479.0,-1194.0
-394.0,105.0,-446.0,119.0,-3.0,-19.0,-88.0,-463.0,-535.0,-1119.0
-421.0,-112.0,-417.0,157.0,-44.0,-118.0,-98.0,-465.0,-599.0,-1032.0
-416.0,-407.0,-382.0,186.0,-47.0,-66.0,-139.0,-552.0,-645.0,-931.0
-392.0,-909.0,-349.0,191.0,-14.0,-4.0,-178.0,-456.0,-666.0,-820.0
-375.0,-1263.0,-295.0,176.0,47.0,-99.0,-177.0,-351.0,-674.0,-718.0
-335.0,-950.0,-252.0,145.0,110.0,-189.0,-167.0,-266.0,-653.0,-608.0
-315.0,-334.0,-232.0,86.0,155.0,-91.0,-166.0,-219.0,-624.0,-514.0
-267.0,-36.0,-175.0,23.0,178.0,-12.0,-137.0,-247.0,-564.0,-422.0
-214.0,8.0,-147.0,-22.0,176.0,-131.0,-82.0,-199.0,-483.0,-349.0
-151.0,-7.0,-125.0,-36.0,149.0,-118.0,-46.0,-310.0,-396.0,-281.0
-89.0,-120.0,-81.0,-52.0,115.0,-29.0,-25.0,-284.0,-321.0,-207.0
-28.0,-171.0,-77.0,-76.0,92.0,-85.0,-9.0,-275.0,-251.0,-151.0
37.0,-12.0,-33.0,-85.0,72.0,-70.0,7.0,-312.0,-180.0,-107.0
81.0,25.0,13.0,-103.0,45.0,-11.0,13.0,-282.0,-125.0,-86.0
138.0,-507.0,27.0,-124.0,23.0,6.0,-17.0,-428.0,-47.0,-82.0
163.0,-1255.0,81.0,-131.0,33.0,-113.0,-49.0,-524.0,67.0,-97.0
168.0,-1224.0,104.0,-158.0,75.0,-198.0,-77.0,-720.0,199.0,-125.0
172.0,-461.0,126.0,-170.0,101.0,-63.0,-109.0,-790.0,310.0,-153.0
170.0,34.0,147.0,-180.0,83.0,-70.0,-120.0,-687.0,396.0,-179.0
152.0,222.0,174.0,-199.0,36.0,-182.0,-113.0,-596.0,464.0,-189.0
113.0,720.0,212.0,-183.0,0.0,-234.0,-74.0,-399.0,505.0,-188.0
61.0,1386.0,217.0,-172.0,2.0,-175.0,-28.0,-323.0,523.0,-190.0
-4.0,1616.0,246.0,-159.0,20.0,-123.0,-18.0,-182.0,497.0,-162.0
-73.0,1376.0,236.0,-135.0,1.0,-176.0,-34.0,-158.0,450.0,-130.0
-149.0,1099.0,239.0,-103.0,-61.0,-136.0,-52.0,-218.0,406.0,-82.0
-215.0,915.0,254.0,-87.0,-125.0,-135.0,-36.0,-194.0,338.0,7.0
-271.0,724.0,228.0,-110.0,-169.0,-171.0,-34.0,-218.0,251.0,64.0
-308.0,556.0,231.0,-131.0,-202.0,-229.0,-34.0,-136.0,145.0,111.0
-353.0,324.0,208.0,-144.0,-246.0,-265.0,-28.0,-110.0,11.0,143.0
-387.0,-112.0,181.0,-159.0,-289.0,-276.0,-50.0,-48.0,-120.0,152.0
-421.0,-295.0,172.0,-164.0,-309.0,-315.0,-3.0,-60.0,-226.0,143.0
-456.0,193.0,148.0,-136.0,-298.0,-183.0,77.0,-70.0,-309.0,108.0
-483.0,892.0,117.0,-87.0,-256.0,-81.0,142.0,-24.0,-364.0,80.0
-508.0,1390.0,86.0,-53.0,-194.0,-79.0,194.0,-64.0,-416.0,50.0
-487.0,1836.0,56.0,-5.0,-133.0,-106.0,210.0,49.0,-463.0,5.0
-466.0,2172.0,23.0,27.0,-96.0,-80.0,225.0,-42.0,-478.0,-66.0
-430.0,1997.0,18.0,31.0,-90.0,-56.0,230.0,-36.0,-480.0,-144.0
-408.0,1251.0,-13.0,8.0,-98.0,-204.0,239.0,112.0,-447.0,-234.0
-380.0,156.0,-43.0,-48.0,-85.0,-254.0,238.0,12.0,-377.0,-325.0
-326.0,-773.0,-36.0,-103.0,-24.0,-198.0,208.0,55.0,-293.0,-408.0
-286.0,-1084.0,-69.0,-164.0,76.0,-207.0,191.0,68.0,-202.0,-481.0
-220.0,-1245.0,-84.0,-181.0,171.0,-335.0,165.0,77.0,-97.0,-545.0
-166.0,-1639.0,-84.0,-191.0,219.0,-413.0,108.0,11.0,31.0,-624.0
-104.0,-2016.0,-94.0,-170.0,218.0,-279.0,42.0,-186.0,133.0,-666.0
-43.0,-2062.0,-90.0,-142.0,197.0,-147.0,12.0,-297.0,188.0,-703.0
14.0,-1647.0,-95.0,-138.0,192.0,-148.0,7.0,-386.0,215.0,-780.0
63.0,-1250.0,-91.0,-102.0,223.0,-221.0,11.0,-314.0,233.0,-841.0
125.0,-1451.0,-89.0,-90.0,270.0,-277.0,42.0,-334.0,253.0,-873.0
201.0,-2036.0,-99.0,-71.0,285.0,-394.0,71.0,-271.0,281.0,-894.0
262.0,-2393.0,-103.0,-82.0,265.0,-416.0,96.0,-210.0,310.0,-890.0
335.0,-2291.0,-121.0,-77.0,239.0,-227.0,110.0,-286.0,319.0,-871.0
393.0,-1593.0,-127.0,-43.0,222.0,-153.0,99.0,-275.0,302.0,-844.0
462.0,-343.0,-151.0,-30.0,194.0,-252.0,119.0,-443.0,246.0,-801.0
513.0,914.0,-193.0,6.0,149.0,-294.0,167.0,-371.0,178.0,-770.0
553.0,1638.0,-210.0,34.0,103.0,-251.0,183.0,-299.0,105.0,-722.0
584.0,1461.0,-275.0,50.0,43.0,-265.0,168.0,-304.0,51.0,-650.0
606.0,605.0,-336.0,87.0,-57.0,-277.0,152.0,-164.0,37.0,-572.0
624.0,28.0,-397.0,94.0,-183.0,-244.0,154.0,-242.0,31.0,-466.0
614.0,196.0,-495.0,42.0,-276.0,-262.0,140.0,-245.0,33.0,-321.0
585.0,522.0,-560.0,29.0,-298.0,-366.0,112.0,-367.0,28.0,-185.0
530.0,468.0,-627.0,-6.0,-266.0,-447.0,92.0,-456.0,0.0,-78.0
469.0,290.0,-708.0,-51.0,-232.0,-405.0,85.0,-432.0,-20.0,31.0
381.0,397.0,-761.0,-89.0,-224.0,-371.0,91.0,-528.0,-42.0,127.0
284.0,559.0,-791.0,-178.0,-221.0,-331.0,99.0,-443.0,-79.0,206.0
163.0,373.0,-844.0,-255.0,-202.0,-315.0,119.0,-445.0,-116.0,264.0
28.0,200.0,-868.0,-338.0,-165.0,-321.0,130.0,-378.0,-158.0,297.0
-94.0,288.0,-877.0,-418.0,-117.0,-258.0,109.0,-192.0,-198.0,305.0
-223.0,483.0,-914.0,-456.0,-61.0,-227.0,83.0,-142.0,-236.0,259.0
-351.0,936.0,-911.0,-467.0,-17.0,-179.0,43.0,-121.0,-273.0,195.0
-464.0,1372.0,-895.0,-442.0,-5.0,-169.0,6.0,-179.0,-302.0,143.0
-551.0,1350.0,-862.0,-384.0,-13.0,-226.0,24.0,-169.0,-333.0,111.0
-639.0,973.0,-812.0,-294.0,-3.0,-313.0,46.0,-158.0,-360.0,116.0
-718.0,652.0,-755.0,-170.0,33.0,-325.0,51.0,-151.0,-365.0,135.0
-800.0,576.0,-677.0,-81.0,74.0,-283.0,55.0,-131.0,-337.0,138.0
-854.0,440.0,-607.0,8.0,89.0,-315.0,24.0,-35.0,-291.0,110.0
-907.0,118.0,-539.0,83.0,77.0,-280.0,6.0,125.0,-257.0,71.0
-942.0,-68.0,-452.0,128.0,45.0,-227.0,-2.0,114.0,-234.0,40.0
-953.0,216.0,-343.0,171.0,1.0,-156.0,-26.0,227.0,-231.0,-12.0
-968.0,662.0,-239.0,187.0,-24.0,-87.0,-45.0,238.0,-254.0,-62.0
-938.0,582.0,-129.0,256.0,4.0,-41.0,-34.0,192.0,-292.0,-90.0
-899.0,-16.0,-20.0,339.0,55.0,-23.0,-13.0,107.0,-328.0,-114.0
-836.0,-577.0,69.0,400.0,72.0,-107.0,-23.0,-138.0,-374.0,-120.0
-778.0,-735.0,168.0,470.0,82.0,-156.0,-6.0,-144.0,-433.0,-129.0
-702.0,-522.0,260.0,510.0,144.0,-150.0,11.0,-223.0,-480.0,-131.0
-610.0,-178.0,330.0,498.0,242.0,-150.0,3.0,-144.0,-504.0,-140.0
-519.0,88.0,399.0,466.0,324.0,-201.0,-3.0,-77.0,-470.0,-178.0
-429.0,160.0,463.0,415.0,366.0,-256.0,-18.0,-151.0,-401.0,-244.0
-355.0,14.0,472.0,339.0,365.0,-248.0,-23.0,-103.0,-347.0,-344.0
-266.0,-260.0,478.0,250.0,328.0,-185.0,-35.0,-230.0,-266.0,-466.0
-211.0,-592.0,488.0,152.0,260.0,-102.0,-54.0,-134.0,-161.0,-602.0
-172.0,-757.0,452.0,79.0,186.0,-79.0,-65.0,-194.0,-67.0,-730.0
-146.0,-410.0,424.0,13.0,128.0,-88.0,-42.0,-258.0,29.0,-830.0
-115.0,293.0,380.0,-39.0,79.0,-100.0,14.0,-112.0,137.0,-902.0
-83.0,930.0,320.0,-73.0,17.0,-187.0,57.0,-188.0,250.0,-945.0
-50.0,1331.0,272.0,-116.0,-65.0,-247.0,95.0,-125.0,368.0,-920.0
-10.0,1634.0,193.0,-160.0,-166.0,-206.0,101.0,-188.0,492.0,-817.0
2.0,1811.0,118.0,-211.0,-261.0,-168.0,68.0,-201.0,604.0,-681.0
13.0,1507.0,45.0,-249.0,-320.0,-130.0,63.0,-273.0,685.0,-507.0
5.0,954.0,-39.0,-256.0,-327.0,-93.0,84.0,-456.0,734.0,-304.0
-14.0,694.0,-116.0,-212.0,-263.0,-55.0,82.0,-426.0,751.0,-113.0
-36.0,627.0,-193.0,-156.0,-144.0,-45.0,85.0,-480.0,732.0,12.0
-50.0,530.0,-267.0,-95.0,-18.0,-29.0,97.0,-288.0,686.0,99.0
-56.0,435.0,-342.0,-28.0,71.0,4.0,90.0,-173.0,589.0,190.0
-56.0,243.0,-384.0,13.0,91.0,-36.0,77.0,-208.0,442.0,262.0
-65.0,-104.0,-407.0,48.0,45.0,-123.0,84.0,-147.0,288.0,337.0
-79.0,-423.0,-411.0,63.0,-21.0,-213.0,88.0,-218.0,121.0,420.0
-94.0,-589.0,-396.0,82.0,-75.0,-200.0,91.0,-219.0,-67.0,485.0
-118.0,-621.0,-366.0,87.0,-113.0,-162.0,98.0,-236.0,-251.0,536.0
-141.0,-575.0,-317.0,54.0,-126.0,-183.0,114.0,-158.0,-388.0,595.0
-148.0,-491.0,-269.0,18.0,-108.0,-118.0,144.0,-49.0,-489.0,674.0
-141.0,-381.0,-210.0,-21.0,-57.0,-54.0,149.0,24.0,-580.0,739.0
-128.0,-367.0,-143.0,-62.0,11.0,-33.0,148.0,107.0,-639.0,793.0
-123.0,-630.0,-89.0,-116.0,71.0,-40.0,150.0,27.0,-660.0,863.0
-127.0,-1214.0,-46.0,-193.0,119.0,-64.0,143.0,-3.0,-661.0,927.0
-123.0,-1924.0,-4.0,-244.0,169.0,-46.0,118.0,-88.0,-660.0,972.0
-135.0,-2388.0,42.0,-270.0,216.0,-132.0,93.0,-103.0,-660.0,979.0
-129.0,-2342.0,95.0,-283.0,245.0,-227.0,64.0,-97.0,-631.0,940.0
-112.0,-1850.0,145.0,-273.0,256.0,-220.0,23.0,-118.0,-590.0,851.0
-81.0,-1323.0,192.0,-236.0,254.0,-180.0,17.0,-55.0,-530.0,727.0
-47.0,-1046.0,226.0,-181.0,224.0,-177.0,23.0,-197.0,-448.0,608.0
-18.0,-664.0,266.0,-136.0,144.0,-191.0,52.0,-188.0,-377.0,490.0
22.0,38.0,308.0,-85.0,43.0,-100.0,113.0,-251.0,-311.0,378.0
20.0,545.0,328.0,-55.0,7.0,-119.0,158.0,-251.0,-264.0,302.0
35.0,659.0,353.0,-32.0,54.0,-244.0,211.0,-42.0,-202.0,258.0
38.0,739.0,361.0,27.0,110.0,-245.0,229.0,-51.0,-141.0,224.0
61.0,827.0,361.0,52.0,116.0,-167.0,216.0,86.0,-108.0,183.0
111.0,871.0,343.0,53.0,76.0,-112.0,218.0,-1.0,-81.0,124.0
142.0,867.0,328.0,50.0,19.0,-156.0,196.0,-3.0,-67.0,41.0
193.0,588.0,292.0,56.0,-56.0,-256.0,185.0,136.0,-41.0,-59.0
210.0,112.0,239.0,69.0,-146.0,-324.0,193.0,66.0,-19.0,-172.0
207.0,-411.0,228.0,50.0,-219.0,-264.0,210.0,227.0,13.0,-268.0
156.0,-994.0,176.0,28.0,-257.0,-173.0,233.0,271.0,48.0,-355.0
104.0,-1126.0,136.0,0.0,-267.0,-146.0,247.0,371.0,72.0,-429.0
55.0,-654.0,101.0,-12.0,-267.0,-182.0,240.0,408.0,98.0,-465.0
0.0,-275.0,32.0,-29.0,-266.0,-306.0,242.0,314.0,98.0,-481.0
-52.0,-271.0,-28.0,-68.0,-264.0,-266.0,265.0,277.0,55.0,-486.0
-121.0,-445.0,-105.0,-89.0,-258.0,-127.0,280.0,90.0,-14.0,-491.0
-162.0,-547.0,-169.0,-117.0,-255.0,-185.0,294.0,120.0,-80.0,-504.0
-232.0,-395.0,-229.0,-159.0,-230.0,-239.0,257.0,77.0,-112.0,-501.0
-291.0,-292.0,-298.0,-173.0,-154.0,-171.0,205.0,24.0,-105.0,-484.0
-360.0,-648.0,-324.0,-166.0,-52.0,-79.0,168.0,59.0,-84.0,-477.0
-421.0,-1131.0,-349.0,-139.0,25.0,-73.0,124.0,-46.0,-61.0,-446.0
-471.0,-1307.0,-416.0,-58.0,48.0,-148.0,103.0,9.0,-59.0,-412.0
-529.0,-1302.0,-465.0,7.0,27.0,-129.0,87.0,29.0,-68.0,-386.0
-561.0,-1173.0,-542.0,44.0,-8.0,-91.0,50.0,134.0,-72.0,-342.0
-601.0,-838.0,-616.0,76.0,-43.0,-107.0,-8.0,230.0,-98.0,-299.0
-604.0,-239.0,-658.0,107.0,-70.0,-109.0,-57.0,232.0,-122.0,-258.0
-644.0,376.0,-705.0,128.0,-77.0,-115.0,-98.0,279.0,-110.0,-222.0
-674.0,493.0,-719.0,128.0,-56.0,-152.0,-82.0,236.0,-45.0,-185.0
-684.0,253.0,-733.0,131.0,-24.0,-141.0,6.0,279.0,52.0,-150.0
-706.0,129.0,-735.0,128.0,2.0,-43.0,96.0,121.0,147.0,-115.0
-703.0,-108.0,-721.0,122.0,7.0,12.0,156.0,24.0,245.0,-70.0
-709.0,-767.0,-710.0,122.0,-42.0,19.0,179.0,3.0,351.0,-3.0
-683.0,-1509.0,-670.0,134.0,-128.0,30.0,178.0,-36.0,430.0,76.0
-665.0,-1954.0,-636.0,144.0,-177.0,47.0,136.0,162.0,484.0,115.0
-630.0,-1861.0,-589.0,117.0,-166.0,41.0,85.0,131.0,509.0,128.0
-601.0,-1178.0,-505.0,46.0,-143.0,-43.0,91.0,173.0,492.0,119.0
-558.0,-270.0,-424.0,-33.0,-160.0,-127.0,128.0,286.0,443.0,85.0
-488.0,527.0,-332.0,-115.0,-194.0,-89.0,158.0,275.0,396.0,33.0
-420.0,1083.0,-227.0,-192.0,-204.0,-81.0,164.0,256.0,382.0,-48.0
-316.0,1334.0,-143.0,-264.0,-219.0,-217.0,151.0,219.0,375.0,-101.0
-205.0,1465.0,-68.0,-359.0,-277.0,-270.0,128.0,328.0,352.0,-144.0
-99.0,1707.0,6.0,-422.0,-337.0,-218.0,118.0,358.0,337.0,-198.0
-20.0,1822.0,60.0,-474.0,-334.0,-205.0,135.0,463.0,318.0,-232.0
77.0,1585.0,123.0,-557.0,-286.0,-242.0,157.0,447.0,282.0,-256.0
158.0,1123.0,182.0,-597.0,-244.0,-210.0,193.0,280.0,238.0,-275.0
229.0,593.0,222.0,-601.0,-224.0,-139.0,238.0,238.0,178.0,-318.0
308.0,-30.0,289.0,-612.0,-209.0,-124.0,263.0,79.0,112.0,-345.0
359.0,-742.0,321.0,-642.0,-182.0,-85.0,253.0,62.0,37.0,-380.0
418.0,-1174.0,336.0,-667.0,-145.0,-38.0,249.0,16.0,-28.0,-440.0
458.0,-1193.0,374.0,-657.0,-110.0,-48.0,266.0,5.0,-83.0,-460.0
473.0,-1157.0,384.0,-664.0,-78.0,-203.0,292.0,88.0,-121.0,-441.0
472.0,-1118.0,379.0,-666.0,-25.0,-314.0,339.0,25.0,-121.0,-399.0
464.0,-725.0,373.0,-632.0,38.0,-242.0,359.0,83.0,-124.0,-373.0
458.0,-153.0,337.0,-599.0,64.0,-209.0,363.0,29.0,-144.0,-309.0
453.0,80.0,267.0,-546.0,34.0,-212.0,369.0,-16.0,-161.0,-198.0
435.0,35.0,174.0,-487.0,-33.0,-221.0,346.0,-42.0,-187.0,-99.0
408.0,-58.0,83.0,-432.0,-99.0,-228.0,310.0,-55.0,-221.0,-7.0
376.0,-317.0,4.0,-351.0,-138.0,-259.0,288.0,84.0,-245.0,96.0
320.0,-684.0,-77.0,-266.0,-163.0,-311.0,286.0,88.0,-261.0,210.0
263.0,-828.0,-150.0,-202.0,-181.0,-300.0,283.0,118.0,-302.0,285.0
217.0,-735.0,-238.0,-152.0,-179.0,-331.0,277.0,27.0,-341.0,332.0
170.0,-492.0,-305.0,-108.0,-158.0,-315.0,288.0,16.0,-365.0,342.0
114.0,-91.0,-386.0,-58.0,-132.0,-212.0,292.0,38.0,-388.0,279.0
70.0,318.0,-479.0,10.0,-110.0,-172.0,295.0,7.0,-388.0,179.0
1.0,445.0,-524.0,69.0,-102.0,-241.0,296.0,151.0,-414.0,86.0
-55.0,190.0,-617.0,109.0,-124.0,-358.0,280.0,131.0,-460.0,5.0
-133.0,-60.0,-681.0,142.0,-158.0,-359.0,236.0,227.0,-481.0,-76.0
-225.0,4.0,-688.0,128.0,-185.0,-290.0,184.0,195.0,-493.0,-123.0
-270.0,203.0,-726.0,107.0,-214.0,-263.0,144.0,116.0,-458.0,-118.0
-342.0,332.0,-728.0,104.0,-225.0,-352.0,101.0,219.0,-388.0,-104.0
-402.0,313.0,-702.0,80.0,-199.0,-436.0,80.0,92.0,-319.0,-84.0
-489.0,135.0,-697.0,58.0,-141.0,-443.0,64.0,129.0,-242.0,-5.0
-539.0,11.0,-670.0,41.0,-59.0,-540.0,51.0,133.0,-184.0,93.0
-581.0,104.0,-638.0,10.0,39.0,-516.0,51.0,40.0,-136.0,173.0
-636.0,446.0,-610.0,-55.0,138.0,-388.0,39.0,55.0,-100.0,239.0
-663.0,1030.0,-549.0,-103.0,210.0,-327.0,15.0,-11.0,-82.0,291.0
-700.0,1619.0,-477.0,-116.0,244.0,-305.0,3.0,-55.0,-68.0,311.0
-697.0,2000.0,-423.0,-128.0,257.0,-300.0,17.0,-168.0,-60.0,271.0
-737.0,2149.0,-334.0,-126.0,265.0,-252.0,48.0,-227.0,-8.0,215.0
-751.0,1897.0,-285.0,-133.0,267.0,-288.0,60.0,-240.0,73.0,156.0
-785.0,1060.0,-253.0,-137.0,272.0,-286.0,31.0,-199.0,176.0,77.0
-811.0,-13.0,-179.0,-96.0,289.0,-190.0,-7.0,-62.0,286.0,-18.0
-823.0,-760.0,-155.0,-27.0,300.0,-196.0,-35.0,-29.0,354.0,-97.0
-864.0,-1274.0,-111.0,52.0,298.0,-299.0,-57.0,164.0,376.0,-153.0
-859.0,-1910.0,-63.0,117.0,290.0,-425.0,-63.0,341.0,382.0,-232.0
-876.0,-2448.0,-51.0,162.0,269.0,-430.0,-34.0,413.0,435.0,-304.0
-853.0,-2548.0,-19.0,204.0,235.0,-378.0,-24.0,456.0,510.0,-342.0
-838.0,-2412.0,23.0,237.0,203.0,-383.0,-23.0,369.0,595.0,-367.0
-793.0,-2191.0,50.0,254.0,170.0,-388.0,-7.0,410.0,657.0,-411.0
-717.0,-1776.0,84.0,229.0,120.0,-303.0,-7.0,448.0,705.0,-440.0
-638.0,-1292.0,101.0,173.0,60.0,-190.0,7.0,487.0,764.0,-442.0
-548.0,-790.0,101.0,66.0,4.0,-177.0,12.0,504.0,780.0,-451.0
-471.0,-126.0,107.0,-72.0,-40.0,-122.0,-15.0,511.0,772.0,-464.0
-359.0,605.0,115.0,-175.0,-66.0,-62.0,-32.0,493.0,717.0,-476.0
-277.0,1154.0,116.0,-247.0,-68.0,-119.0,-23.0,325.0,612.0,-466.0
-204.0,1465.0,102.0,-271.0,-30.0,-191.0,-15.0,286.0,495.0,-454.0
-139.0,1562.0,130.0,-251.0,48.0,-210.0,8.0,258.0,380.0,-426.0
-75.0,1457.0,120.0,-193.0,147.0,-141.0,13.0,378.0,281.0,-365.0
-3.0,1434.0,128.0,-124.0,208.0,-169.0,0.0,491.0,182.0,-279.0
62.0,1611.0,184.0,-74.0,193.0,-148.0,-11.0,441.0,94.0,-169.0
118.0,1631.0,168.0,-26.0,132.0,-48.0,-9.0,495.0,34.0,-109.0
176.0,1267.0,190.0,3.0,53.0,-102.0,45.0,395.0,17.0,-91.0
226.0,702.0,221.0,35.0,-45.0,-157.0,94.0,413.0,17.0,-96.0
245.0,323.0,183.0,56.0,-147.0,-143.0,128.0,410.0,40.0,-127.0
270.0,263.0,179.0,44.0,-193.0,-6.0,146.0,384.0,80.0,-134.0
288.0,320.0,156.0,41.0,-142.0,11.0,146.0,439.0,121.0,-108.0
286.0,388.0,119.0,10.0,-44.0,-83.0,124.0,303.0,180.0,-82.0
275.0,524.0,133.0,-21.0,41.0,-50.0,96.0,375.0,216.0,-68.0
296.0,748.0,99.0,-19.0,96.0,-133.0,101.0,360.0,239.0,-75.0
309.0,1003.0,83.0,-16.0,117.0,-234.0,115.0,371.0,262.0,-127.0
292.0,1254.0,100.0,-21.0,114.0,-282.0,128.0,515.0,267.0,-208.0
275.0,1265.0,88.0,-51.0,100.0,-281.0,109.0,491.0,272.0,-296.0
278.0,870.0,74.0,-100.0,68.0,-235.0,87.0,570.0,306.0,-334.0
273.0,258.0,58.0,-155.0,14.0,-283.0,87.0,526.0,370.0,-308.0
259.0,-346.0,44.0,-197.0,-43.0,-200.0,115.0,521.0,435.0,-244.0
262.0,-694.0,20.0,-250.0,-87.0,-118.0,151.0,439.0,480.0,-139.0
265.0,-824.0,25.0,-352.0,-112.0,-164.0,176.0,273.0,506.0,-16.0
289.0,-1073.0,15.0,-438.0,-125.0,-221.0,166.0,288.0,520.0,85.0
293.0,-1381.0,-5.0,-498.0,-129.0,-277.0,123.0,236.0,513.0,157.0
308.0,-1477.0,-21.0,-563.0,-122.0,-265.0,110.0,308.0,501.0,204.0
320.0,-1569.0,-28.0,-591.0,-106.0,-324.0,91.0,343.0,485.0,209.0
312.0,-1726.0,-26.0,-601.0,-67.0,-328.0,94.0,393.0,472.0,159.0
295.0,-1724.0,-30.0,-590.0,-4.0,-292.0,95.0,424.0,462.0,82.0
284.0,-1750.0,-25.0,-543.0,52.0,-354.0,75.0,341.0,449.0,8.0
287.0,-1889.0,-83.0,-503.0,91.0,-455.0,71.0,295.0,435.0,-79.0
281.0,-1918.0,-95.0,-442.0,105.0,-470.0,63.0,79.0,408.0,-164.0
269.0,-1502.0,-85.0,-356.0,70.0,-282.0,80.0,48.0,359.0,-209.0
234.0,-458.0,-135.0,-287.0,-5.0,-202.0,98.0,36.0,291.0,-202.0
218.0,892.0,-171.0,-181.0,-82.0,-237.0,109.0,-9.0,217.0,-134.0
172.0,1912.0,-194.0,-40.0,-109.0,-207.0,107.0,109.0,148.0,-25.0
136.0,2264.0,-232.0,75.0,-90.0,-159.0,101.0,142.0,82.0,109.0
123.0,2375.0,-251.0,198.0,-66.0,-274.0,79.0,201.0,11.0,222.0
109.0,2624.0,-269.0,310.0,-46.0,-429.0,49.0,245.0,-45.0,269.0
107.0,2795.0,-317.0,405.0,-33.0,-396.0,67.0,388.0,-74.0,264.0
92.0,2609.0,-325.0,487.0,-49.0,-409.0,74.0,358.0,-43.0,205.0
75.0,2175.0,-379.0,512.0,-96.0,-459.0,73.0,267.0,20.0,127.0
36.0,1772.0,-415.0,525.0,-140.0,-447.0,54.0,234.0,77.0,41.0
0.0,1505.0,-416.0,528.0,-152.0,-342.0,15.0,14.0,151.0,-36.0
-51.0,1323.0,-439.0,516.0,-147.0,-290.0,-3.0,33.0,221.0,-88.0
-81.0,999.0,-422.0,491.0,-149.0,-336.0,-21.0,1.0,256.0,-128.0
-116.0,399.0,-412.0,441.0,-162.0,-283.0,-35.0,60.0,256.0,-113.0
-137.0,-304.0,-370.0,400.0,-171.0,-235.0,-61.0,162.0,192.0,-43.0
-131.0,-883.0,-344.0,370.0,-163.0,-279.0,-78.0,99.0,110.0,30.0
-139.0,-1136.0,-315.0,352.0,-120.0,-348.0,-71.0,232.0,56.0,81.0
-139.0,-985.0,-240.0,344.0,-48.0,-352.0,-66.0,168.0,28.0,119.0
-144.0,-668.0,-217.0,316.0,24.0,-341.0,-32.0,173.0,16.0,158.0
-121.0,-342.0,-203.0,271.0,70.0,-348.0,44.0,169.0,4.0,183.0
-132.0,-54.0,-149.0,215.0,85.0,-315.0,112.0,33.0,5.0,208.0
-131.0,-72.0,-144.0,138.0,81.0,-217.0,169.0,44.0,3.0,284.0
-133.0,-400.0,-136.0,70.0,83.0,-125.0,191.0,9.0,0.0,385.0
-128.0,-653.0,-85.0,13.0,104.0,-101.0,188.0,99.0,-4.0,465.0
-115.0,-640.0,-47.0,-61.0,124.0,-90.0,205.0,97.0,-36.0,554.0
-136.0,-554.0,12.0,-133.0,137.0,-142.0,226.0,44.0,-62.0,630.0
-131.0,-552.0,60.0,-176.0,139.0,-294.0,257.0,20.0,-85.0,688.0
-144.0,-559.0,124.0,-214.0,137.0,-369.0,277.0,-46.0,-64.0,733.0
-138.0,-440.0,195.0,-270.0,175.0,-248.0,284.0,3.0,3.0,785.0
-148.0,-79.0,249.0,-309.0,240.0,-98.0,271.0,-53.0,77.0,850.0
-164.0,416.0,323.0,-328.0,259.0,-93.0,275.0,-51.0,159.0,838.0
-173.0,832.0,390.0,-346.0,211.0,-146.0,317.0,-35.0,216.0,796.0
-195.0,1105.0,458.0,-352.0,138.0,-58.0,352.0,-51.0,262.0,738.0
-207.0,1406.0,498.0,-359.0,88.0,64.0,377.0,38.0,302.0,638.0
-216.0,1758.0,515.0,-387.0,54.0,52.0,401.0,109.0,327.0,543.0
-201.0,1771.0,536.0,-418.0,20.0,17.0,412.0,232.0,339.0,475.0
-206.0,1277.0,533.0,-457.0,-13.0,8.0,391.0,134.0,344.0,491.0
-203.0,531.0,528.0,-476.0,-56.0,-66.0,371.0,75.0,363.0,525.0
-207.0,-176.0,545.0,-454.0,-118.0,-189.0,358.0,144.0,377.0,542.0
-232.0,-584.0,590.0,-425.0,-190.0,-181.0,378.0,83.0,398.0,591.0
-244.0,-667.0,593.0,-384.0,-253.0,-119.0,407.0,179.0,417.0,619.0
-262.0,-872.0,584.0,-331.0,-303.0,-138.0,409.0,134.0,415.0,602.0
-287.0,-1066.0,635.0,-303.0,-328.0,-82.0,397.0,48.0,384.0,555.0
-284.0,-477.0,611.0,-301.0,-322.0,-21.0,382.0,25.0,348.0,487.0
-260.0,548.0,578.0,-269.0,-287.0,-29.0,383.0,-48.0,320.0,390.0
-232.0,1086.0,562.0,-243.0,-230.0,-46.0,383.0,-75.0,263.0,266.0
-197.0,1282.0,533.0,-235.0,-175.0,-20.0,424.0,-96.0,209.0,131.0
-158.0,1580.0,537.0,-214.0,-142.0,34.0,451.0,-29.0,137.0,6.0
-105.0,1569.0,495.0,-179.0,-120.0,-63.0,461.0,-90.0,42.0,-153.0
-66.0,988.0,493.0,-131.0,-77.0,-202.0,464.0,14.0,-46.0,-335.0
-30.0,375.0,503.0,-52.0,-5.0,-171.0,422.0,112.0,-133.0,-466.0
0.0,-5.0,487.0,76.0,70.0,-16.0,386.0,118.0,-200.0,-574.0
34.0,-348.0,509.0,195.0,150.0,13.0,366.0,363.0,-252.0,-698.0
49.0,-622.0,530.0,322.0,240.0,-66.0,363.0,345.0,-273.0,-788.0
71.0,-780.0,567.0,456.0,340.0,-7.0,358.0,428.0,-270.0,-791.0
93.0,-962.0,582.0,590.0,413.0,56.0,358.0,413.0,-238.0,-769.0
96.0,-1083.0,598.0,709.0,425.0,6.0,351.0,218.0,-178.0,-752.0
123.0,-998.0,608.0,794.0,391.0,-68.0,337.0,288.0,-107.0,-703.0
157.0,-759.0,580.0,867.0,336.0,-133.0,337.0,186.0,-39.0,-625.0
236.0,-651.0,531.0,903.0,268.0,-184.0,343.0,123.0,-16.0,-585.0
312.0,-941.0,483.0,923.0,200.0,-239.0,348.0,33.0,-9.0,-565.0
379.0,-1225.0,431.0,923.0,154.0,-290.0,342.0,7.0,0.0,-498.0
462.0,-1136.0,333.0,915.0,133.0,-279.0,320.0,-22.0,7.0,-419.0
559.0,-1057.0,279.0,948.0,113.0,-283.0,268.0,-110.0,29.0,-355.0
641.0,-1167.0,200.0,973.0,85.0,-256.0,230.0,24.0,85.0,-297.0
679.0,-1139.0,86.0,977.0,60.0,-110.0,204.0,79.0,157.0,-226.0
739.0,-912.0,10.0,975.0,36.0,-35.0,186.0,328.0,221.0,-177.0
792.0,-611.0,-60.0,925.0,13.0,-70.0,196.0,402.0,307.0,-160.0
836.0,-205.0,-140.0,875.0,12.0,-123.0,176.0,349.0,387.0,-140.0
855.0,159.0,-244.0,797.0,36.0,-141.0,153.0,430.0,472.0,-99.0
882.0,279.0,-309.0,702.0,72.0,-163.0,172.0,325.0,540.0,-44.0
898.0,133.0,-389.0,624.0,85.0,-219.0,225.0,436.0,576.0,11.0
892.0,-86.0,-458.0,529.0,48.0,-223.0,276.0,341.0,598.0,112.0
893.0,-154.0,-471.0,455.0,-19.0,-148.0,297.0,194.0,598.0,228.0
865.0,30.0,-506.0,390.0,-90.0,-165.0,304.0,151.0,605.0,310.0
845.0,565.0,-524.0,366.0,-158.0,-283.0,296.0,-29.0,624.0,374.0
804.0,1279.0,-533.0,346.0,-217.0,-268.0,297.0,25.0,628.0,436.0
765.0,1750.0,-529.0,333.0,-254.0,-223.0,323.0,12.0,607.0,463.0
723.0,1700.0,-532.0,327.0,-272.0,-221.0,340.0,138.0,582.0,458.0
667.0,1307.0,-564.0,290.0,-283.0,-243.0,344.0,293.0,550.0,444.0
601.0,1029.0,-557.0,273.0,-266.0,-294.0,330.0,341.0,531.0,386.0
536.0,860.0,-547.0,241.0,-207.0,-253.0,283.0,371.0,503.0,295.0
502.0,461.0,-564.0,190.0,-144.0,-164.0,239.0,282.0,437.0,172.0
458.0,-79.0,-546.0,125.0,-106.0,-138.0,238.0,376.0,382.0,81.0
429.0,-371.0,-530.0,66.0,-65.0,-189.0,239.0,343.0,292.0,33.0
396.0,-458.0,-546.0,12.0,-14.0,-214.0,242.0,376.0,179.0,-13.0
374.0,-579.0,-531.0,-36.0,14.0,-140.0,243.0,413.0,95.0,-27.0
336.0,-641.0,-519.0,-48.0,33.0,-31.0,212.0,317.0,22.0,14.0
299.0,-652.0,-520.0,-44.0,80.0,-14.0,201.0,275.0,-36.0,86.0
282.0,-759.0,-489.0,-40.0,153.0,-118.0,218.0,79.0,-81.0,161.0
252.0,-870.0,-454.0,-50.0,206.0,-214.0,248.0,75.0,-119.0,273.0
231.0,-905.0,-422.0,-86.0,231.0,-197.0,272.0,94.0,-162.0,382.0
199.0,-990.0,-381.0,-138.0,235.0,-104.0,275.0,142.0,-196.0,454.0
187.0,-1049.0,-336.0,-198.0,219.0,-33.0,282.0,205.0,-221.0,512.0
169.0,-894.0,-291.0,-291.0,198.0,67.0,289.0,254.0,-259.0,563.0
174.0,-721.0,-216.0,-388.0,174.0,111.0,295.0,421.0,-304.0,580.0
186.0,-640.0,-175.0,-471.0,159.0,81.0,302.0,269.0,-336.0,541.0
198.0,-444.0,-116.0,-549.0,157.0,-17.0,303.0,258.0,-338.0,501.0
228.0,-179.0,-35.0,-608.0,157.0,-157.0,310.0,236.0,-324.0,480.0
231.0,-83.0,-14.0,-669.0,140.0,-53.0,289.0,164.0,-294.0,425.0
247.0,-190.0,88.0,-723.0,116.0,60.0,258.0,267.0,-271.0,331.0
251.0,-468.0,171.0,-726.0,122.0,66.0,261.0,136.0,-270.0,252.0
244.0,-778.0,232.0,-664.0,168.0,118.0,284.0,188.0,-293.0,153.0
226.0,-819.0,342.0,-569.0,216.0,104.0,302.0,70.0,-343.0,3.0
207.0,-588.0,389.0,-439.0,229.0,10.0,290.0,-109.0,-389.0,-139.0
179.0,-277.0,449.0,-294.0,218.0,-37.0,274.0,-40.0,-430.0,-249.0
150.0,95.0,515.0,-148.0,208.0,36.0,239.0,12.0,-447.0,-337.0
123.0,512.0,546.0,-15.0,205.0,130.0,194.0,293.0,-416.0,-421.0
84.0,726.0,567.0,84.0,185.0,246.0,165.0,439.0,-351.0,-476.0
53.0,665.0,560.0,132.0,138.0,277.0,132.0,637.0,-250.0,-509.0
7.0,543.0,575.0,128.0,79.0,276.0,126.0,794.0,-152.0,-561.0
-43.0,493.0,599.0,151.0,11.0,204.0,95.0,750.0,-80.0,-618.0
-100.0,672.0,579.0,155.0,-61.0,110.0,49.0,716.0,-21.0,-645.0
-161.0,798.0,621.0,156.0,-131.0,233.0,5.0,506.0,17.0,-608.0
-237.0,409.0,615.0,208.0,-197.0,321.0,-49.0,402.0,67.0,-551.0
-301.0,-282.0,543.0,257.0,-249.0,352.0,-53.0,197.0,128.0,-485.0
-336.0,-949.0,586.0,320.0,-277.0,250.0,-66.0,103.0,174.0,-379.0
-356.0,-1495.0,556.0,403.0,-286.0,110.0,-81.0,192.0,220.0,-305.0
-369.0,-1783.0,487.0,480.0,-287.0,166.0,-88.0,175.0,251.0,-270.0
-369.0,-1821.0,566.0,530.0,-292.0,253.0,-101.0,243.0,260.0,-250.0
-369.0,-1756.0,537.0,546.0,-292.0,340.0,-85.0,205.0,250.0,-238.0
-369.0,-1463.0,441.0,546.0,-273.0,428.0,-55.0,312.0,207.0,-234.0
-343.0,-792.0,473.0,547.0,-253.0,431.0,-25.0,351.0,154.0,-233.0
-328.0,-88.0,427.0,540.0,-255.0,344.0,-17.0,269.0,114.0,-209.0
-288.0,253.0,376.0,498.0,-280.0,352.0,9.0,149.0,75.0,-174.0
-237.0,202.0,393.0,418.0,-294.0,377.0,13.0,-86.0,46.0,-134.0
-170.0,-102.0,370.0,349.0,-267.0,333.0,-21.0,-51.0,37.0,-92.0
-102.0,-486.0,303.0,273.0,-192.0,226.0,-46.0,-48.0,25.0,-20.0
-30.0,-693.0,199.0,167.0,-91.0,150.0,-73.0,120.0,24.0,56.0
40.0,-591.0,128.0,84.0,-6.0,174.0,-85.0,291.0,52.0,120.0
95.0,-218.0,41.0,0.0,32.0,129.0,-100.0,243.0,100.0,216.0
175.0,380.0,-21.0,-51.0,30.0,189.0,-129.0,332.0,171.0,314.0
237.0,1012.0,-58.0,-55.0,2.0,310.0,-158.0,321.0,261.0,404.0
313.0,1354.0,-85.0,-34.0,-42.0,326.0,-181.0,330.0,354.0,491.0
386.0,1318.0,-119.0,30.0,-92.0,290.0,-194.0,258.0,430.0,568.0
456.0,1137.0,-134.0,118.0,-128.0,273.0,-185.0,169.0,491.0,639.0
495.0,931.0,-108.0,245.0,-131.0,364.0,-176.0,114.0,552.0,677.0
522.0,613.0,-149.0,354.0,-103.0,361.0,-158.0,-79.0,591.0,699.0
566.0,262.0,-119.0,435.0,-62.0,218.0,-137.0,-182.0,600.0,732.0
599.0,35.0,-94.0,494.0,-22.0,191.0,-124.0,-192.0,588.0,709.0
637.0,-74.0,-118.0,524.0,11.0,255.0,-104.0,-33.0,562.0,659.0
667.0,-89.0,-102.0,541.0,33.0,250.0,-99.0,129.0,522.0,649.0
709.0,138.0,-89.0,539.0,43.0,229.0,-75.0,284.0,466.0,644.0
705.0,577.0,-51.0,525.0,49.0,202.0,-67.0,428.0,411.0,650.0
684.0,785.0,-58.0,490.0,51.0,219.0,-87.0,386.0,377.0,664.0
632.0,592.0,-59.0,472.0,29.0,160.0,-93.0,436.0,355.0,696.0
568.0,282.0,-21.0,470.0,-31.0,11.0,-103.0,439.0,341.0,697.0
487.0,-54.0,-35.0,449.0,-113.0,79.0,-117.0,498.0,337.0,636.0
376.0,-461.0,-41.0,412.0,-176.0,154.0,-126.0,600.0,313.0,552.0
294.0,-833.0,-6.0,385.0,-208.0,143.0,-119.0,513.0,282.0,438.0
187.0,-1108.0,5.0,356.0,-210.0,129.0,-132.0,469.0,239.0,291.0
109.0,-1245.0,-31.0,290.0,-180.0,127.0,-142.0,336.0,169.0,115.0
37.0,-1063.0,-31.0,223.0,-138.0,239.0,-123.0,356.0,103.0,-20.0
-21.0,-598.0,0.0,139.0,-109.0,202.0,-119.0,339.0,29.0,-133.0
-68.0,-158.0,-44.0,31.0,-99.0,164.0,-130.0,179.0,-43.0,-228.0
-122.0,125.0,-40.0,-80.0,-89.0,112.0,-163.0,195.0,-103.0,-272.0
-145.0,204.0,-9.0,-190.0,-45.0,-121.0,-191.0,101.0,-133.0,-281.0
-180.0,89.0,-78.0,-273.0,34.0,-155.0,-172.0,208.0,-134.0,-280.0
-204.0,2.0,-117.0,-309.0,122.0,-75.0,-139.0,323.0,-121.0,-303.0
-208.0,73.0,-137.0,-299.0,200.0,8.0,-87.0,314.0,-95.0,-311.0
-201.0,261.0,-195.0,-274.0,250.0,-6.0,-55.0,304.0,-83.0,-293.0
-172.0,437.0,-256.0,-222.0,257.0,-135.0,-59.0,223.0,-66.0,-280.0
-127.0,417.0,-291.0,-133.0,217.0,-83.0,-59.0,373.0,-23.0,-275.0
-81.0,239.0,-326.0,-63.0,145.0,-32.0,-68.0,386.0,28.0,-245.0
-19.0,242.0,-407.0,-17.0,71.0,22.0,-55.0,400.0,74.0,-229.0
35.0,504.0,-469.0,12.0,28.0,111.0,-35.0,439.0,98.0,-265.0
95.0,657.0,-512.0,16.0,18.0,55.0,-14.0,421.0,109.0,-295.0
140.0,531.0,-564.0,16.0,15.0,8.0,12.0,437.0,108.0,-321.0
183.0,246.0,-602.0,24.0,22.0,-75.0,25.0,258.0,103.0,-355.0
233.0,-54.0,-582.0,43.0,44.0,-127.0,37.0,317.0,96.0,-379.0
268.0,-176.0,-574.0,55.0,76.0,-102.0,43.0,290.0,80.0,-362.0
320.0,-101.0,-589.0,47.0,107.0,-83.0,77.0,179.0,62.0,-318.0
343.0,-84.0,-537.0,44.0,133.0,50.0,117.0,145.0,54.0,-265.0
380.0,-332.0,-482.0,27.0,166.0,121.0,137.0,-36.0,40.0,-213.0
392.0,-743.0,-445.0,-13.0,208.0,118.0,137.0,29.0,8.0,-193.0
407.0,-941.0,-345.0,-43.0,243.0,83.0,145.0,-20.0,-16.0,-200.0
440.0,-689.0,-244.0,-68.0,255.0,123.0,164.0,-84.0,-36.0,-262.0
427.0,-158.0,-171.0,-114.0,245.0,349.0,148.0,44.0,-50.0,-345.0
415.0,302.0,-49.0,-180.0,229.0,373.0,153.0,96.0,-67.0,-417.0
395.0,534.0,59.0,-205.0,212.0,315.0,172.0,133.0,-86.0,-486.0
379.0,610.0,157.0,-215.0,181.0,268.0,164.0,225.0,-121.0,-520.0
329.0,579.0,265.0,-219.0,128.0,189.0,141.0,378.0,-154.0,-513.0
303.0,516.0,369.0,-176.0,68.0,136.0,101.0,426.0,-147.0,-467.0
268.0,538.0,471.0,-133.0,17.0,50.0,68.0,485.0,-140.0,-409.0
219.0,480.0,520.0,-59.0,-39.0,139.0,60.0,325.0,-114.0,-355.0
193.0,251.0,565.0,58.0,-104.0,221.0,93.0,64.0,-89.0,-299.0
161.0,162.0,644.0,166.0,-159.0,277.0,137.0,12.0,-59.0,-282.0
152.0,265.0,663.0,254.0,-202.0,363.0,148.0,-84.0,-28.0,-306.0
106.0,273.0,687.0,332.0,-236.0,388.0,151.0,3.0,-28.0,-348.0
101.0,147.0,753.0,385.0,-247.0,411.0,142.0,5.0,-27.0,-398.0
100.0,109.0,765.0,433.0,-226.0,377.0,133.0,-59.0,-41.0,-459.0
112.0,126.0,790.0,487.0,-178.0,461.0,121.0,81.0,-73.0,-538.0
127.0,22.0,800.0,513.0,-117.0,523.0,93.0,36.0,-119.0,-589.0
117.0,-24.0,796.0,541.0,-59.0,427.0,71.0,86.0,-130.0,-609.0
151.0,149.0,827.0,543.0,-12.0,296.0,54.0,112.0,-133.0,-632.0
168.0,365.0,830.0,551.0,20.0,280.0,53.0,88.0,-131.0,-631.0
199.0,360.0,835.0,603.0,47.0,382.0,49.0,181.0,-102.0,-591.0
202.0,101.0,838.0,654.0,67.0,324.0,23.0,194.0,-80.0,-541.0
225.0,-195.0,826.0,710.0,74.0,316.0,-27.0,301.0,-54.0,-498.0
248.0,-375.0,796.0,719.0,76.0,360.0,-53.0,291.0,-46.0,-460.0
269.0,-423.0,769.0,689.0,86.0,354.0,-56.0,338.0,-39.0,-406.0
286.0,-298.0,728.0,649.0,112.0,364.0,-86.0,295.0,-23.0,-362.0
257.0,-25.0,680.0,602.0,133.0,331.0,-105.0,199.0,0.0,-347.0
264.0,301.0,647.0,561.0,132.0,415.0,-137.0,245.0,14.0,-314.0
225.0,545.0,583.0,497.0,116.0,454.0,-181.0,112.0,19.0,-256.0
182.0,507.0,544.0,423.0,107.0,457.0,-213.0,145.0,59.0,-193.0
146.0,267.0,488.0,355.0,108.0,530.0,-213.0,145.0,122.0,-101.0
115.0,185.0,417.0,277.0,107.0,573.0,-175.0,264.0,182.0,51.0
101.0,460.0,353.0,229.0,106.0,676.0,-141.0,389.0,213.0,231.0
82.0,807.0,287.0,207.0,124.0,704.0,-129.0,291.0,212.0,415.0
89.0,832.0,222.0,179.0,151.0,618.0,-131.0,297.0,203.0,607.0
100.0,734.0,148.0,162.0,165.0,576.0,-136.0,168.0,207.0,795.0
118.0,816.0,110.0,151.0,174.0,560.0,-155.0,142.0,198.0,921.0
116.0,850.0,49.0,148.0,194.0,665.0,-159.0,90.0,187.0,993.0
103.0,759.0,-16.0,148.0,208.0,755.0,-169.0,60.0,186.0,1047.0
102.0,822.0,-75.0,145.0,187.0,625.0,-165.0,70.0,176.0,1071.0
100.0,881.0,-116.0,138.0,139.0,527.0,-146.0,55.0,167.0,1110.0
87.0,599.0,-175.0,128.0,95.0,502.0,-151.0,177.0,141.0,1142.0
83.0,191.0,-223.0,134.0,69.0,521.0,-130.0,60.0,128.0,1199.0
101.0,-34.0,-256.0,129.0,43.0,523.0,-140.0,12.0,159.0,1271.0
132.0,-151.0,-315.0,108.0,14.0,565.0,-149.0,-99.0,217.0,1302.0
163.0,-101.0,-301.0,77.0,-3.0,759.0,-116.0,-218.0,263.0,1331.0
189.0,230.0,-336.0,22.0,-23.0,738.0,-103.0,-94.0,298.0,1347.0
215.0,650.0,-334.0,-38.0,-61.0,550.0,-124.0,-142.0,344.0,1342.0
227.0,935.0,-310.0,-106.0,-101.0,477.0,-150.0,-94.0,360.0,1313.0
233.0,979.0,-323.0,-156.0,-115.0,467.0,-191.0,-20.0,356.0,1302.0
229.0,737.0,-283.0,-207.0,-117.0,461.0,-253.0,35.0,329.0,1316.0
223.0,242.0,-281.0,-285.0,-131.0,475.0,-261.0,169.0,271.0,1300.0
194.0,-306.0,-251.0,-350.0,-157.0,598.0,-250.0,175.0,221.0,1275.0
180.0,-674.0,-219.0,-409.0,-166.0,709.0,-260.0,216.0,155.0,1257.0
189.0,-830.0,-200.0,-439.0,-144.0,664.0,-269.0,155.0,100.0,1223.0
191.0,-622.0,-162.0,-441.0,-102.0,537.0,-288.0,-16.0,66.0,1145.0
223.0,88.0,-125.0,-432.0,-56.0,465.0,-326.0,-160.0,43.0,1075.0
275.0,903.0,-103.0,-414.0,-24.0,477.0,-378.0,-256.0,20.0,1058.0
355.0,1362.0,-93.0,-417.0,2.0,443.0,-425.0,-277.0,-11.0,1006.0
413.0,1412.0,-77.0,-398.0,36.0,496.0,-448.0,-288.0,-43.0,963.0
461.0,1059.0,-77.0,-367.0,96.0,549.0,-416.0,-195.0,-80.0,959.0
504.0,313.0,-43.0,-351.0,183.0,496.0,-383.0,-282.0,-103.0,946.0
529.0,-572.0,-24.0,-319.0,263.0,488.0,-340.0,-386.0,-121.0,931.0
531.0,-1204.0,8.0,-242.0,289.0,465.0,-285.0,-399.0,-155.0,871.0
511.0,-1305.0,85.0,-146.0,249.0,547.0,-251.0,-360.0,-208.0,828.0
512.0,-950.0,103.0,-60.0,180.0,538.0,-216.0,-116.0,-254.0,760.0
474.0,-496.0,175.0,27.0,104.0,525.0,-219.0,-94.0,-302.0,650.0
442.0,-186.0,228.0,110.0,44.0,677.0,-224.0,-101.0,-361.0,550.0
393.0,-4.0,254.0,188.0,18.0,707.0,-244.0,-206.0,-396.0,453.0
341.0,107.0,319.0,253.0,37.0,741.0,-282.0,-271.0,-430.0,366.0
281.0,168.0,320.0,303.0,82.0,698.0,-301.0,-166.0,-448.0,229.0
212.0,189.0,362.0,349.0,124.0,699.0,-309.0,-264.0,-448.0,125.0
188.0,142.0,387.0,390.0,158.0,707.0,-300.0,-192.0,-447.0,42.0
149.0,76.0,385.0,424.0,186.0,594.0,-301.0,-212.0,-441.0,-66.0
131.0,111.0,396.0,459.0,207.0,601.0,-289.0,-186.0,-433.0,-156.0
95.0,250.0,342.0,494.0,204.0,513.0,-301.0,0.0,-409.0,-237.0
84.0,412.0,323.0,521.0,170.0,479.0,-334.0,70.0,-368.0,-341.0
69.0,494.0,291.0,537.0,126.0,551.0,-336.0,70.0,-310.0,-502.0
62.0,370.0,217.0,591.0,110.0,618.0,-317.0,-110.0,-213.0,-679.0
92.0,20.0,216.0,626.0,134.0,671.0,-304.0,-99.0,-89.0,-845.0
120.0,-480.0,188.0,616.0,171.0,621.0,-330.0,-142.0,10.0,-990.0
188.0,-1009.0,131.0,612.0,183.0,595.0,-359.0,-240.0,91.0,-1077.0
240.0,-1360.0,134.0,567.0,158.0,588.0,-374.0,-195.0,171.0,-1076.0
310.0,-1534.0,88.0,498.0,122.0,562.0,-375.0,-238.0,227.0,-976.0
372.0,-1665.0,39.0,405.0,87.0,438.0,-350.0,-84.0,262.0,-831.0
413.0,-1563.0,11.0,317.0,50.0,418.0,-308.0,-9.0,275.0,-668.0
444.0,-1124.0,-62.0,223.0,13.0,448.0,-245.0,123.0,254.0,-490.0
457.0,-721.0,-138.0,149.0,-6.0,412.0,-224.0,273.0,219.0,-345.0
442.0,-603.0,-193.0,128.0,-1.0,399.0,-260.0,157.0,170.0,-245.0
433.0,-564.0,-251.0,99.0,-9.0,433.0,-285.0,216.0,112.0,-165.0
418.0,-481.0,-302.0,121.0,-46.0,582.0,-318.0,160.0,34.0,-83.0
378.0,-459.0,-309.0,158.0,-106.0,590.0,-335.0,70.0,-56.0,-29.0
328.0,-468.0,-345.0,173.0,-166.0,527.0,-342.0,42.0,-133.0,10.0
256.0,-399.0,-374.0,212.0,-214.0,457.0,-354.0,-3.0,-195.0,92.0
207.0,-147.0,-381.0,262.0,-248.0,379.0,-331.0,94.0,-243.0,172.0
127.0,288.0,-412.0,303.0,-260.0,367.0,-330.0,-3.0,-270.0,213.0
63.0,638.0,-413.0,320.0,-265.0,401.0,-324.0,-131.0,-263.0,213.0
-17.0,640.0,-430.0,346.0,-270.0,404.0,-325.0,-262.0,-242.0,190.0
-80.0,384.0,-437.0,370.0,-263.0,304.0,-347.0,-382.0,-183.0,121.0
-123.0,144.0,-438.0,373.0,-245.0,279.0,-355.0,-415.0,-117.0,-7.0
-202.0,-41.0,-438.0,371.0,-219.0,354.0,-359.0,-461.0,-87.0,-145.0
-257.0,-281.0,-407.0,360.0,-184.0,438.0,-356.0,-485.0,-43.0,-275.0
-329.0,-446.0,-369.0,342.0,-146.0,308.0,-362.0,-576.0,0.0,-420.0
-379.0,-264.0,-333.0,289.0,-101.0,244.0,-328.0,-524.0,29.0,-573.0
-457.0,144.0,-282.0,198.0,-43.0,395.0,-305.0,-554.0,57.0,-677.0
-507.0,467.0,-206.0,89.0,14.0,434.0,-316.0,-489.0,98.0,-745.0
-549.0,672.0,-142.0,-31.0,62.0,371.0,-331.0,-284.0,141.0,-770.0
-576.0,712.0,-63.0,-160.0,100.0,345.0,-359.0,-210.0,172.0,-734.0
-563.0,569.0,11.0,-303.0,146.0,471.0,-356.0,-1.0,200.0,-641.0
-563.0,440.0,77.0,-436.0,212.0,515.0,-342.0,-18.0,195.0,-516.0
-531.0,445.0,146.0,-532.0,285.0,530.0,-327.0,-27.0,183.0,-402.0
-513.0,459.0,186.0,-605.0,337.0,563.0,-313.0,44.0,174.0,-255.0
-457.0,434.0,249.0,-695.0,352.0,534.0,-280.0,16.0,161.0,-101.0
-430.0,482.0,298.0,-757.0,351.0,472.0,-231.0,90.0,154.0,6.0
-390.0,491.0,317.0,-761.0,361.0,400.0,-201.0,-1.0,145.0,108.0
-324.0,399.0,400.0,-748.0,364.0,546.0,-168.0,7.0,140.0,212.0
-278.0,395.0,457.0,-729.0,331.0,598.0,-141.0,-16.0,127.0,298.0
-209.0,449.0,466.0,-686.0,257.0,513.0,-137.0,-162.0,149.0,378.0
-166.0,351.0,529.0,-657.0,162.0,464.0,-129.0,-203.0,163.0,467.0
-80.0,143.0,532.0,-638.0,74.0,468.0,-113.0,-269.0,149.0,577.0
-16.0,30.0,505.0,-622.0,13.0,468.0,-119.0,-219.0,110.0,676.0
20.0,95.0,518.0,-598.0,-28.0,307.0,-116.0,-247.0,27.0,760.0
53.0,196.0,484.0,-533.0,-74.0,253.0,-118.0,-188.0,-64.0,873.0
76.0,159.0,445.0,-456.0,-140.0,254.0,-136.0,-48.0,-184.0,989.0
114.0,-44.0,448.0,-348.0,-203.0,246.0,-139.0,31.0,-305.0,1085.0
120.0,-347.0,435.0,-242.0,-230.0,277.0,-140.0,121.0,-409.0,1159.0
129.0,-562.0,401.0,-170.0,-230.0,336.0,-126.0,36.0,-489.0,1239.0
127.0,-520.0,394.0,-58.0,-232.0,330.0,-119.0,33.0,-546.0,1294.0
126.0,-332.0,369.0,52.0,-247.0,196.0,-110.0,-105.0,-612.0,1298.0
99.0,-316.0,309.0,140.0,-264.0,217.0,-116.0,-291.0,-699.0,1328.0
55.0,-595.0,260.0,209.0,-259.0,361.0,-139.0,-397.0,-795.0,1368.0
29.0,-866.0,224.0,262.0,-221.0,386.0,-155.0,-532.0,-885.0,1403.0
2.0,-843.0,169.0,314.0,-158.0,235.0,-179.0,-432.0,-973.0,1416.0
-2.0,-594.0,126.0,349.0,-86.0,154.0,-169.0,-389.0,-1031.0,1418.0
-14.0,-313.0,122.0,392.0,-17.0,217.0,-156.0,-190.0,-1070.0,1405.0
-1.0,-154.0,123.0,441.0,31.0,257.0,-142.0,-20.0,-1074.0,1324.0
14.0,-121.0,121.0,491.0,41.0,325.0,-128.0,-75.0,-1062.0,1221.0
33.0,-26.0,150.0,513.0,22.0,421.0,-141.0,-44.0,-1040.0,1137.0
58.0,258.0,175.0,528.0,11.0,463.0,-131.0,-179.0,-984.0,1056.0
59.0,651.0,196.0,584.0,25.0,372.0,-112.0,-286.0,-928.0,944.0
86.0,1007.0,233.0,610.0,63.0,328.0,-88.0,-424.0,-860.0,847.0
102.0,1270.0,234.0,624.0,114.0,423.0,-69.0,-556.0,-770.0,758.0
120.0,1476.0,269.0,655.0,157.0,431.0,-89.0,-646.0,-654.0,621.0
137.0,1555.0,275.0,654.0,175.0,306.0,-88.0,-757.0,-539.0,455.0
130.0,1334.0,236.0,643.0,162.0,198.0,-87.0,-644.0,-424.0,278.0
133.0,903.0,267.0,615.0,129.0,226.0,-112.0,-635.0,-303.0,101.0
124.0,481.0,233.0,553.0,105.0,311.0,-135.0,-546.0,-195.0,-123.0
109.0,209.0,178.0,474.0,116.0,446.0,-163.0,-498.0,-64.0,-337.0
62.0,208.0,191.0,393.0,150.0,581.0,-168.0,-537.0,66.0,-502.0
7.0,301.0,142.0,328.0,194.0,640.0,-179.0,-399.0,187.0,-651.0
-26.0,191.0,98.0,280.0,242.0,623.0,-165.0,-388.0,298.0,-774.0
-88.0,2.0,77.0,238.0,275.0,486.0,-128.0,-295.0,382.0,-850.0
-148.0,-24.0,17.0,169.0,285.0,428.0,-105.0,-293.0,442.0,-864.0
-212.0,-28.0,-22.0,86.0,258.0,375.0,-108.0,-301.0,470.0,-875.0
-260.0,-235.0,-76.0,-13.0,176.0,237.0,-140.0,-273.0,475.0,-844.0
-299.0,-684.0,-137.0,-147.0,31.0,187.0,-141.0,-343.0,468.0,-730.0
-323.0,-1288.0,-184.0,-278.0,-152.0,168.0,-172.0,-310.0,443.0,-569.0
-321.0,-1874.0,-249.0,-423.0,-312.0,223.0,-204.0,-445.0,419.0,-399.0
-320.0,-2216.0,-312.0,-527.0,-397.0,292.0,-216.0,-443.0,404.0,-247.0
-294.0,-2166.0,-355.0,-579.0,-389.0,362.0,-247.0,-397.0,390.0,-82.0
-294.0,-1754.0,-411.0,-623.0,-301.0,419.0,-257.0,-345.0,380.0,57.0
-286.0,-1111.0,-440.0,-663.0,-172.0,419.0,-239.0,-149.0,348.0,155.0
-271.0,-424.0,-465.0,-704.0,-52.0,459.0,-214.0,-133.0,274.0,260.0
-268.0,139.0,-488.0,-717.0,14.0,411.0,-224.0,-29.0,181.0,353.0
-241.0,457.0,-469.0,-691.0,6.0,373.0,-274.0,-73.0,99.0,377.0
-237.0,574.0,-479.0,-653.0,-65.0,313.0,-330.0,-254.0,33.0,359.0
-209.0,617.0,-459.0,-622.0,-164.0,274.0,-372.0,-382.0,-4.0,320.0
-186.0,672.0,-431.0,-567.0,-253.0,326.0,-406.0,-552.0,-20.0,220.0
-158.0,821.0,-423.0,-499.0,-298.0,267.0,-414.0,-545.0,-18.0,71.0
-112.0,957.0,-397.0,-455.0,-288.0,235.0,-434.0,-600.0,21.0,-80.0
-72.0,961.0,-369.0,-405.0,-246.0,281.0,-476.0,-607.0,58.0,-195.0
-23.0,794.0,-342.0,-338.0,-205.0,423.0,-486.0,-580.0,75.0,-294.0
5.0,453.0,-306.0,-282.0,-187.0,488.0,-477.0,-585.0,91.0,-397.0
33.0,65.0,-276.0,-237.0,-189.0,446.0,-469.0,-474.0,102.0,-440.0
46.0,-168.0,-262.0,-183.0,-189.0,463.0,-487.0,-474.0,98.0,-454.0
64.0,-110.0,-225.0,-157.0,-173.0,413.0,-506.0,-363.0,93.0,-493.0
77.0,133.0,-205.0,-132.0,-150.0,390.0,-500.0,-271.0,91.0,-499.0
94.0,298.0,-192.0,-73.0,-126.0,396.0,-497.0,-216.0,91.0,-481.0
107.0,179.0,-169.0,-15.0,-80.0,371.0,-479.0,-155.0,100.0,-455.0
109.0,-210.0,-159.0,45.0,-12.0,352.0,-485.0,-145.0,100.0,-413.0
128.0,-673.0,-170.0,116.0,44.0,327.0,-522.0,-35.0,80.0,-335.0
124.0,-982.0,-182.0,197.0,61.0,437.0,-570.0,-125.0,44.0,-209.0
135.0,-1043.0,-193.0,268.0,41.0,549.0,-623.0,-101.0,0.0,-114.0
139.0,-1019.0,-233.0,351.0,11.0,520.0,-621.0,-109.0,-50.0,-35.0
162.0,-1030.0,-252.0,411.0,-11.0,496.0,-607.0,-188.0,-107.0,48.0
173.0,-996.0,-264.0,397.0,-26.0,465.0,-576.0,-121.0,-179.0,110.0
162.0,-858.0,-267.0,351.0,-32.0,515.0,-537.0,-175.0,-274.0,142.0
159.0,-613.0,-264.0,281.0,-10.0,574.0,-528.0,-103.0,-357.0,145.0
128.0,-342.0,-244.0,207.0,39.0,505.0,-529.0,-155.0,-431.0,142.0
131.0,-222.0,-220.0,121.0,94.0,541.0,-545.0,-125.0,-504.0,84.0
113.0,-236.0,-231.0,26.0,142.0,633.0,-543.0,-125.0,-565.0,-33.0
110.0,-99.0,-201.0,-58.0,189.0,626.0,-532.0,-245.0,-586.0,-163.0
114.0,220.0,-199.0,-130.0,233.0,580.0,-487.0,-223.0,-567.0,-289.0
105.0,501.0,-192.0,-184.0,264.0,565.0,-440.0,-417.0,-534.0,-411.0
103.0,729.0,-161.0,-207.0,283.0,568.0,-428.0,-388.0,-461.0,-526.0
64.0,903.0,-187.0,-168.0,293.0,552.0,-408.0,-399.0,-336.0,-584.0
47.0,916.0,-180.0,-121.0,304.0,537.0,-405.0,-448.0,-211.0,-609.0
0.0,892.0,-183.0,-88.0,312.0,525.0,-394.0,-349.0,-112.0,-642.0
-51.0,1002.0,-196.0,-41.0,298.0,545.0,-366.0,-487.0,-25.0,-662.0
-85.0,1155.0,-194.0,-4.0,253.0,627.0,-333.0,-487.0,52.0,-652.0
-131.0,1258.0,-188.0,60.0,197.0,707.0,-277.0,-519.0,114.0,-655.0
-176.0,1295.0,-174.0,126.0,150.0,644.0,-263.0,-543.0,146.0,-673.0
-231.0,1257.0,-159.0,138.0,109.0,486.0,-278.0,-489.0,177.0,-667.0
-283.0,1169.0,-132.0,150.0,76.0,430.0,-289.0,-436.0,198.0,-646.0
-334.0,1110.0,-124.0,117.0,62.0,469.0,-294.0,-267.0,201.0,-625.0
-380.0,1190.0,-91.0,57.0,60.0,482.0,-255.0,-258.0,210.0,-609.0
-429.0,1318.0,-72.0,5.0,63.0,412.0,-208.0,-243.0,195.0,-561.0
-461.0,1309.0,-57.0,-79.0,64.0,322.0,-158.0,-267.0,168.0,-479.0
-493.0,1082.0,-29.0,-174.0,65.0,279.0,-105.0,-323.0,150.0,-410.0
-516.0,589.0,-15.0,-311.0,81.0,277.0,-67.0,-388.0,113.0,-344.0
-504.0,-39.0,30.0,-439.0,114.0,306.0,-43.0,-554.0,60.0,-266.0
-499.0,-541.0,84.0,-547.0,141.0,329.0,-15.0,-482.0,-10.0,-215.0
-479.0,-682.0,132.0,-664.0,139.0,321.0,10.0,-426.0,-115.0,-214.0
-456.0,-487.0,194.0,-730.0,114.0,200.0,38.0,-400.0,-218.0,-217.0
-434.0,-284.0,275.0,-736.0,91.0,69.0,78.0,-436.0,-294.0,-223.0
-386.0,-227.0,307.0,-660.0,95.0,83.0,66.0,-487.0,-341.0,-254.0
-336.0,-347.0,362.0,-559.0,124.0,93.0,50.0,-358.0,-362.0,-272.0
-286.0,-662.0,410.0,-461.0,169.0,39.0,38.0,-365.0,-342.0,-256.0
-222.0,-947.0,404.0,-351.0,218.0,-50.0,30.0,-310.0,-305.0,-220.0
-175.0,-1065.0,441.0,-249.0,247.0,-68.0,29.0,-351.0,-259.0,-193.0
-139.0,-1158.0,440.0,-125.0,239.0,-70.0,22.0,-375.0,-185.0,-168.0
-105.0,-1270.0,446.0,-39.0,193.0,-139.0,10.0,-376.0,-98.0,-130.0
-80.0,-1289.0,441.0,1.0,138.0,-88.0,-18.0,-545.0,-6.0,-111.0
-63.0,-1153.0,416.0,4.0,90.0,-16.0,-10.0,-469.0,63.0,-122.0
-46.0,-959.0,415.0,-20.0,32.0,-23.0,-10.0,-543.0,149.0,-137.0
-38.0,-925.0,370.0,-50.0,-34.0,-111.0,5.0,-563.0,243.0,-146.0
-47.0,-1122.0,330.0,-86.0,-100.0,-179.0,65.0,-513.0,341.0,-185.0
-70.0,-1402.0,285.0,-96.0,-142.0,-148.0,91.0,-526.0,431.0,-221.0
-112.0,-1552.0,236.0,-100.0,-149.0,-163.0,118.0,-277.0,485.0,-214.0
-143.0,-1509.0,194.0,-62.0,-124.0,-173.0,124.0,-175.0,528.0,-189.0
-189.0,-1355.0,148.0,22.0,-69.0,-176.0,93.0,-62.0,529.0,-155.0
-232.0,-1177.0,102.0,117.0,3.0,-167.0,95.0,24.0,535.0,-120.0
-246.0,-1071.0,36.0,214.0,67.0,-126.0,81.0,77.0,548.0,-67.0
-259.0,-948.0,-13.0,332.0,110.0,-136.0,53.0,169.0,542.0,-32.0
-267.0,-638.0,-79.0,455.0,128.0,-196.0,46.0,42.0,541.0,-37.0
-286.0,-169.0,-132.0,527.0,109.0,-217.0,31.0,-96.0,504.0,-56.0
-296.0,307.0,-150.0,550.0,47.0,-189.0,19.0,-295.0,457.0,-75.0
-315.0,698.0,-186.0,519.0,-38.0,-127.0,4.0,-415.0,419.0,-125.0
-337.0,1004.0,-204.0,464.0,-103.0,-110.0,-5.0,-554.0,383.0,-213.0
-333.0,1215.0,-216.0,379.0,-130.0,-169.0,-24.0,-628.0,355.0,-274.0
-318.0,1327.0,-253.0,277.0,-137.0,-185.0,-33.0,-491.0,296.0,-339.0
-290.0,1359.0,-276.0,148.0,-150.0,-186.0,-45.0,-469.0,223.0,-412.0
-265.0,1306.0,-311.0,12.0,-171.0,-141.0,-78.0,-356.0,195.0,-483.0
-234.0,1195.0,-351.0,-79.0,-194.0,-139.0,-87.0,-362.0,172.0,-523.0
-202.0,1101.0,-354.0,-174.0,-225.0,-205.0,-76.0,-424.0,127.0,-538.0
-172.0,953.0,-394.0,-278.0,-266.0,-242.0,-49.0,-436.0,82.0,-567.0
-152.0,735.0,-416.0,-346.0,-295.0,-261.0,-33.0,-563.0,2.0,-531.0
-130.0,645.0,-414.0,-387.0,-313.0,-231.0,-51.0,-539.0,-88.0,-455.0
-103.0,684.0,-444.0,-413.0,-325.0,-165.0,-77.0,-582.0,-184.0,-360.0
-73.0,678.0,-424.0,-402.0,-320.0,-71.0,-63.0,-526.0,-306.0,-258.0
-27.0,571.0,-402.0,-419.0,-282.0,-91.0,-48.0,-430.0,-417.0,-160.0
1.0,453.0,-393.0,-435.0,-208.0,-203.0,-48.0,-458.0,-520.0,-48.0
30.0,483.0,-373.0,-424.0,-131.0,-206.0,-58.0,-386.0,-617.0,-1.0
57.0,670.0,-353.0,-411.0,-75.0,-148.0,-66.0,-339.0,-717.0,36.0
61.0,721.0,-331.0,-362.0,-33.0,-88.0,-55.0,-149.0,-824.0,91.0
50.0,504.0,-305.0,-287.0,-1.0,-38.0,-87.0,-20.0,-926.0,105.0
41.0,273.0,-261.0,-235.0,13.0,-26.0,-130.0,64.0,-1002.0,96.0
30.0,136.0,-251.0,-213.0,-3.0,-116.0,-141.0,73.0,-1053.0,105.0
16.0,90.0,-225.0,-180.0,-52.0,-277.0,-134.0,-79.0,-1112.0,133.0
12.0,153.0,-201.0,-152.0,-121.0,-260.0,-107.0,-162.0,-1158.0,136.0
-1.0,245.0,-195.0,-153.0,-181.0,-125.0,-97.0,-463.0,-1166.0,149.0
-18.0,328.0,-160.0,-207.0,-208.0,-106.0,-109.0,-646.0,-1124.0,195.0
-42.0,361.0,-173.0,-257.0,-193.0,-208.0,-84.0,-757.0,-1062.0,233.0
-67.0,294.0,-190.0,-300.0,-146.0,-275.0,-77.0,-818.0,-993.0,258.0
-90.0,113.0,-193.0,-387.0,-96.0,-299.0,-107.0,-779.0,-926.0,302.0
-121.0,-185.0,-218.0,-449.0,-62.0,-367.0,-105.0,-872.0,-882.0,362.0
-143.0,-563.0,-259.0,-515.0,-51.0,-298.0,-102.0,-700.0,-822.0,381.0
-174.0,-936.0,-289.0,-564.0,-62.0,-212.0,-112.0,-691.0,-758.0,371.0
-193.0,-1239.0,-327.0,-538.0,-79.0,-231.0,-140.0,-681.0,-706.0,358.0
-208.0,-1442.0,-351.0,-505.0,-92.0,-359.0,-147.0,-609.0,-646.0,330.0
-219.0,-1494.0,-352.0,-453.0,-113.0,-457.0,-128.0,-779.0,-568.0,261.0
-221.0,-1366.0,-370.0,-370.0,-153.0,-363.0,-113.0,-654.0,-469.0,186.0
-242.0,-1082.0,-371.0,-279.0,-203.0,-331.0,-92.0,-582.0,-353.0,140.0
-240.0,-693.0,-379.0,-174.0,-245.0,-386.0,-66.0,-522.0,-223.0,87.0
-234.0,-275.0,-398.0,-87.0,-268.0,-463.0,-39.0,-415.0,-83.0,42.0
-224.0,68.0,-412.0,-34.0,-263.0,-419.0,-35.0,-465.0,59.0,37.0
-205.0,314.0,-415.0,-16.0,-230.0,-355.0,-29.0,-558.0,182.0,65.0
-216.0,461.0,-421.0,3.0,-187.0,-344.0,-20.0,-709.0,282.0,85.0
-237.0,423.0,-414.0,36.0,-145.0,-235.0,0.0,-650.0,369.0,105.0
-260.0,226.0,-392.0,-10.0,-108.0,-207.0,18.0,-622.0,457.0,152.0
-282.0,70.0,-371.0,-86.0,-88.0,-270.0,26.0,-502.0,513.0,164.0
-300.0,87.0,-334.0,-150.0,-78.0,-381.0,61.0,-325.0,541.0,116.0
-314.0,222.0,-291.0,-220.0,-60.0,-374.0,82.0,-332.0,554.0,38.0
-288.0,321.0,-249.0,-235.0,-28.0,-348.0,68.0,-279.0,523.0,-60.0
-243.0,259.0,-183.0,-221.0,23.0,-454.0,10.0,-399.0,454.0,-200.0
-214.0,54.0,-89.0,-203.0,85.0,-461.0,-52.0,-469.0,356.0,-362.0
-165.0,-225.0,-21.0,-197.0,134.0,-477.0,-96.0,-497.0,248.0,-493.0
-127.0,-599.0,67.0,-222.0,154.0,-511.0,-135.0,-508.0,113.0,-589.0
-89.0,-1021.0,156.0,-248.0,153.0,-469.0,-130.0,-497.0,-55.0,-656.0
-42.0,-1377.0,221.0,-277.0,149.0,-315.0,-121.0,-631.0,-218.0,-689.0
-1.0,-1582.0,320.0,-290.0,142.0,-137.0,-130.0,-650.0,-380.0,-688.0
53.0,-1532.0,384.0,-278.0,126.0,-180.0,-127.0,-715.0,-534.0,-657.0
98.0,-1183.0,450.0,-254.0,102.0,-280.0,-123.0,-650.0,-670.0,-609.0
151.0,-638.0,509.0,-222.0,79.0,-302.0,-122.0,-593.0,-769.0,-529.0
200.0,-16.0,525.0,-198.0,50.0,-321.0,-110.0,-545.0,-842.0,-422.0
249.0,554.0,568.0,-148.0,21.0,-354.0,-128.0,-269.0,-889.0,-336.0
289.0,888.0,564.0,-101.0,10.0,-421.0,-176.0,-179.0,-918.0,-257.0
318.0,928.0,575.0,-77.0,21.0,-437.0,-202.0,-109.0,-939.0,-159.0
315.0,819.0,574.0,-59.0,42.0,-454.0,-202.0,-190.0,-910.0,-70.0
296.0,736.0,538.0,-68.0,45.0,-446.0,-182.0,-310.0,-844.0,-14.0
267.0,662.0,539.0,-79.0,30.0,-385.0,-150.0,-254.0,-758.0,43.0
210.0,505.0,493.0,-89.0,23.0,-361.0,-99.0,-345.0,-671.0,115.0
175.0,282.0,464.0,-103.0,36.0,-348.0,-67.0,-382.0,-564.0,131.0
99.0,19.0,433.0,-94.0,59.0,-335.0,-43.0,-417.0,-422.0,115.0
56.0,-191.0,384.0,-55.0,71.0,-225.0,-32.0,-467.0,-301.0,109.0
11.0,-227.0,364.0,-26.0,62.0,-229.0,-55.0,-593.0,-193.0,105.0
-50.0,-159.0,364.0,0.0,51.0,-335.0,-43.0,-652.0,-93.0,112.0
-91.0,-178.0,344.0,51.0,48.0,-300.0,-7.0,-504.0,-13.0,92.0
-154.0,-343.0,342.0,83.0,52.0,-247.0,23.0,-434.0,60.0,73.0
-203.0,-546.0,384.0,128.0,47.0,-203.0,67.0,-179.0,121.0,70.0
-251.0,-714.0,361.0,183.0,23.0,-244.0,146.0,-114.0,156.0,28.0
-258.0,-849.0,372.0,190.0,-8.0,-286.0,250.0,-155.0,166.0,15.0
-288.0,-826.0,384.0,183.0,-32.0,-277.0,311.0,-96.0,141.0,54.0
-287.0,-481.0,369.0,162.0,-41.0,-376.0,341.0,-295.0,83.0,80.0
-281.0,12.0,361.0,110.0,-24.0,-399.0,344.0,-330.0,15.0,101.0
-295.0,435.0,311.0,77.0,19.0,-267.0,273.0,-349.0,-73.0,138.0
-280.0,880.0,262.0,37.0,66.0,-246.0,220.0,-295.0,-168.0,198.0
-296.0,1393.0,190.0,-31.0,86.0,-304.0,217.0,-133.0,-261.0,268.0
-277.0,1802.0,111.0,-89.0,82.0,-314.0,247.0,-18.0,-363.0,324.0
-256.0,1950.0,23.0,-136.0,69.0,-317.0,296.0,46.0,-461.0,410.0
-190.0,1770.0,-59.0,-183.0,62.0,-376.0,330.0,-55.0,-554.0,504.0
-114.0,1314.0,-147.0,-238.0,58.0,-457.0,366.0,-81.0,-647.0,560.0
-43.0,830.0,-238.0,-301.0,46.0,-431.0,368.0,-212.0,-732.0,632.0
31.0,512.0,-305.0,-356.0,20.0,-448.0,346.0,-251.0,-821.0,712.0
94.0,291.0,-367.0,-387.0,-21.0,-543.0,334.0,-315.0,-883.0,776.0
162.0,126.0,-461.0,-425.0,-62.0,-615.0,344.0,-511.0,-906.0,841.0
196.0,80.0,-515.0,-466.0,-83.0,-567.0,355.0,-528.0,-929.0,901.0
244.0,116.0,-552.0,-506.0,-70.0,-499.0,385.0,-676.0,-928.0,954.0
281.0,202.0,-616.0,-533.0,-33.0,-583.0,426.0,-702.0,-871.0,971.0
321.0,239.0,-633.0,-518.0,4.0,-590.0,424.0,-655.0,-786.0,931.0
345.0,63.0,-673.0,-470.0,30.0,-564.0,439.0,-648.0,-690.0,878.0
356.0,-199.0,-698.0,-400.0,43.0,-588.0,438.0,-546.0,-562.0,829.0
359.0,-387.0,-737.0,-321.0,45.0,-574.0,390.0,-489.0,-397.0,739.0
350.0,-575.0,-777.0,-223.0,41.0,-565.0,338.0,-360.0,-230.0,658.0
338.0,-765.0,-779.0,-162.0,27.0,-547.0,290.0,-319.0,-76.0,597.0
301.0,-905.0,-789.0,-126.0,4.0,-664.0,258.0,-314.0,90.0,512.0
245.0,-993.0,-793.0,-117.0,-12.0,-751.0,230.0,-376.0,268.0,402.0
162.0,-940.0,-822.0,-156.0,-7.0,-663.0,218.0,-419.0,437.0,276.0
75.0,-765.0,-834.0,-187.0,14.0,-630.0,236.0,-301.0,562.0,149.0
-29.0,-638.0,-854.0,-229.0,26.0,-684.0,269.0,-273.0,648.0,3.0
-126.0,-599.0,-864.0,-293.0,19.0,-829.0,272.0,-94.0,733.0,-138.0
-236.0,-564.0,-886.0,-347.0,16.0,-887.0,243.0,5.0,786.0,-234.0
-343.0,-481.0,-892.0,-389.0,43.0,-792.0,177.0,16.0,802.0,-294.0
-432.0,-399.0,-876.0,-432.0,88.0,-703.0,96.0,53.0,784.0,-369.0
-517.0,-379.0,-893.0,-459.0,114.0,-660.0,66.0,-27.0,724.0,-444.0
-567.0,-419.0,-873.0,-477.0,111.0,-661.0,86.0,27.0,645.0,-490.0
-618.0,-453.0,-847.0,-482.0,89.0,-671.0,94.0,-48.0,553.0,-540.0
-659.0,-370.0,-811.0,-479.0,47.0,-659.0,66.0,-144.0,463.0,-601.0
-693.0,-155.0,-777.0,-502.0,-16.0,-530.0,51.0,-194.0,363.0,-639.0
-708.0,137.0,-740.0,-528.0,-88.0,-486.0,49.0,-245.0,253.0,-644.0
-716.0,435.0,-680.0,-546.0,-134.0,-631.0,62.0,-221.0,141.0,-662.0
-706.0,618.0,-617.0,-593.0,-146.0,-693.0,76.0,-288.0,50.0,-681.0
-679.0,683.0,-565.0,-654.0,-144.0,-642.0,67.0,-195.0,0.0,-679.0
-652.0,694.0,-501.0,-705.0,-133.0,-548.0,49.0,-177.0,-31.0,-669.0
-593.0,719.0,-426.0,-737.0,-107.0,-551.0,13.0,-140.0,-49.0,-685.0
-534.0,820.0,-380.0,-785.0,-67.0,-584.0,-12.0,9.0,-62.0,-709.0
-469.0,962.0,-322.0,-813.0,-22.0,-527.0,-14.0,59.0,-54.0,-692.0
-399.0,1037.0,-275.0,-779.0,16.0,-555.0,-24.0,199.0,-24.0,-671.0
-318.0,956.0,-220.0,-750.0,43.0,-521.0,-51.0,225.0,20.0,-678.0
-243.0,848.0,-152.0,-692.0,55.0,-401.0,-78.0,336.0,80.0,-672.0
-179.0,834.0,-122.0,-608.0,39.0,-318.0,-114.0,358.0,141.0,-642.0
-101.0,790.0,-79.0,-509.0,0.0,-279.0,-149.0,240.0,211.0,-619.0
-41.0,621.0,-56.0,-380.0,-47.0,-382.0,-178.0,192.0,260.0,-601.0
20.0,325.0,-47.0,-262.0,-92.0,-377.0,-196.0,-38.0,313.0,-579.0
72.0,-41.0,-17.0,-183.0,-125.0,-319.0,-168.0,-142.0,380.0,-549.0
106.0,-383.0,-9.0,-117.0,-143.0,-402.0,-139.0,-262.0,422.0,-536.0
138.0,-628.0,14.0,-91.0,-143.0,-450.0,-140.0,-303.0,429.0,-513.0
143.0,-707.0,10.0,-140.0,-125.0,-488.0,-169.0,-238.0,425.0,-447.0
147.0,-621.0,2.0,-183.0,-94.0,-468.0,-187.0,-249.0,433.0,-392.0
154.0,-476.0,-4.0,-259.0,-53.0,-416.0,-180.0,-70.0,448.0,-374.0
167.0,-382.0,-58.0,-332.0,-10.0,-364.0,-206.0,-81.0,463.0,-366.0
176.0,-310.0,-71.0,-366.0,19.0,-296.0,-195.0,-75.0,477.0,-383.0
171.0,-243.0,-101.0,-387.0,17.0,-404.0,-169.0,-84.0,497.0,-456.0
155.0,-173.0,-158.0,-370.0,-15.0,-486.0,-167.0,-262.0,497.0,-518.0
111.0,-8.0,-199.0,-329.0,-59.0,-334.0,-155.0,-334.0,474.0,-564.0
73.0,189.0,-238.0,-251.0,-96.0,-153.0,-162.0,-484.0,438.0,-590.0
24.0,304.0,-305.0,-174.0,-112.0,-119.0,-164.0,-395.0,398.0,-603.0
-26.0,335.0,-344.0,-96.0,-101.0,-200.0,-165.0,-304.0,355.0,-639.0
-50.0,261.0,-358.0,-43.0,-68.0,-244.0,-173.0,-216.0,271.0,-632.0
-67.0,70.0,-395.0,-3.0,-20.0,-252.0,-155.0,-18.0,177.0,-612.0
-83.0,-174.0,-405.0,59.0,32.0,-295.0,-116.0,-35.0,93.0,-594.0
-100.0,-480.0,-402.0,87.0,72.0,-284.0,-55.0,81.0,36.0,-537.0
-117.0,-878.0,-384.0,89.0,89.0,-177.0,-19.0,16.0,6.0,-440.0
-136.0,-1136.0,-372.0,112.0,74.0,-173.0,-24.0,-51.0,-57.0,-334.0
-142.0,-1008.0,-359.0,122.0,34.0,-257.0,-5.0,-16.0,-137.0,-249.0
-148.0,-599.0,-316.0,92.0,3.0,-288.0,9.0,-94.0,-199.0,-159.0
-139.0,-177.0,-286.0,63.0,-6.0,-253.0,2.0,-25.0,-238.0,-76.0
-127.0,116.0,-239.0,3.0,0.0,-194.0,0.0,-55.0,-263.0,-29.0
-127.0,251.0,-167.0,-48.0,12.0,-203.0,12.0,-88.0,-290.0,0.0
-123.0,239.0,-123.0,-101.0,16.0,-135.0,49.0,-232.0,-297.0,41.0
-134.0,205.0,-52.0,-175.0,17.0,-116.0,73.0,-338.0,-276.0,80.0
-149.0,262.0,13.0,-231.0,6.0,-233.0,65.0,-362.0,-240.0,101.0
-151.0,380.0,65.0,-290.0,-31.0,-287.0,24.0,-428.0,-203.0,145.0
-133.0,496.0,153.0,-287.0,-102.0,-319.0,1.0,-295.0,-178.0,233.0
-132.0,565.0,190.0,-277.0,-180.0,-303.0,-9.0,-190.0,-166.0,309.0
-129.0,505.0,231.0,-262.0,-225.0,-356.0,-9.0,18.0,-165.0,357.0
-133.0,263.0,269.0,-227.0,-227.0,-352.0,25.0,94.0,-170.0,417.0
-138.0,-150.0,291.0,-206.0,-212.0,-291.0,62.0,201.0,-184.0,433.0
-147.0,-625.0,307.0,-169.0,-194.0,-385.0,73.0,465.0,-193.0,380.0
-178.0,-900.0,313.0,-128.0,-174.0,-356.0,77.0,474.0,-212.0,311.0
-182.0,-856.0,311.0,-83.0,-155.0,-259.0,99.0,596.0,-255.0,227.0
-190.0,-644.0,291.0,-37.0,-136.0,-210.0,132.0,559.0,-279.0,104.0
-185.0,-438.0,280.0,0.0,-107.0,-300.0,160.0,423.0,-281.0,-42.0
-187.0,-315.0,251.0,6.0,-61.0,-438.0,130.0,349.0,-259.0,-194.0
-190.0,-315.0,250.0,11.0,3.0,-443.0,79.0,173.0,-192.0,-327.0
-174.0,-431.0,231.0,-20.0,71.0,-565.0,46.0,184.0,-111.0,-463.0
-161.0,-567.0,202.0,-68.0,122.0,-694.0,37.0,182.0,-28.0,-574.0
-151.0,-619.0,205.0,-76.0,143.0,-718.0,48.0,219.0,65.0,-600.0
-145.0,-510.0,179.0,-102.0,145.0,-651.0,56.0,194.0,172.0,-596.0
-134.0,-236.0,180.0,-145.0,151.0,-558.0,102.0,212.0,279.0,-568.0
-152.0,59.0,161.0,-197.0,157.0,-509.0,139.0,347.0,363.0,-512.0
-165.0,249.0,146.0,-246.0,140.0,-415.0,140.0,243.0,419.0,-440.0
-186.0,285.0,141.0,-273.0,99.0,-381.0,129.0,243.0,469.0,-389.0
-228.0,159.0,104.0,-283.0,46.0,-429.0,118.0,153.0,499.0,-377.0
-256.0,-37.0,100.0,-305.0,-10.0,-540.0,143.0,96.0,489.0,-381.0
-269.0,-234.0,91.0,-325.0,-72.0,-676.0,196.0,221.0,458.0,-414.0
-293.0,-439.0,82.0,-338.0,-141.0,-787.0,234.0,254.0,389.0,-491.0
-327.0,-647.0,78.0,-357.0,-203.0,-865.0,235.0,448.0,275.0,-609.0
-336.0,-866.0,66.0,-374.0,-238.0,-833.0,243.0,426.0,116.0,-695.0
-356.0,-1100.0,51.0,-409.0,-235.0,-742.0,244.0,371.0,-62.0,-782.0
-390.0,-1293.0,58.0,-447.0,-206.0,-707.0,258.0,469.0,-232.0,-879.0
-413.0,-1400.0,73.0,-493.0,-166.0,-730.0,282.0,423.0,-382.0,-935.0
-426.0,-1365.0,81.0,-539.0,-121.0,-670.0,255.0,448.0,-497.0,-946.0
-437.0,-1081.0,108.0,-568.0,-87.0,-580.0,253.0,460.0,-585.0,-938.0
-449.0,-550.0,111.0,-579.0,-58.0,-620.0,240.0,524.0,-645.0,-957.0
-448.0,100.0,125.0,-563.0,-16.0,-682.0,206.0,537.0,-673.0,-928.0
-438.0,668.0,149.0,-539.0,39.0,-751.0,188.0,526.0,-686.0,-878.0
-445.0,963.0,165.0,-505.0,93.0,-827.0,152.0,502.0,-660.0,-831.0
-443.0,1032.0,174.0,-467.0,126.0,-808.0,129.0,412.0,-579.0,-760.0
-419.0,1033.0,182.0,-410.0,145.0,-767.0,116.0,469.0,-469.0,-671.0
-414.0,1012.0,185.0,-375.0,163.0,-728.0,120.0,487.0,-343.0,-574.0
-391.0,964.0,155.0,-347.0,188.0,-699.0,113.0,585.0,-187.0,-504.0
-361.0,863.0,151.0,-314.0,216.0,-703.0,82.0,583.0,-16.0,-404.0
-332.0,632.0,119.0,-298.0,237.0,-701.0,51.0,543.0,166.0,-284.0
-305.0,291.0,87.0,-266.0,246.0,-660.0,44.0,535.0,330.0,-154.0
-273.0,-50.0,50.0,-224.0,239.0,-668.0,90.0,445.0,461.0,-29.0
-212.0,-294.0,-5.0,-163.0,214.0,-770.0,139.0,498.0,571.0,85.0
-156.0,-383.0,-23.0,-90.0,170.0,-782.0,166.0,430.0,658.0,206.0
-76.0,-373.0,-94.0,-25.0,120.0,-730.0,174.0,467.0,721.0,282.0
10.0,-315.0,-145.0,24.0,80.0,-689.0,152.0,469.0,757.0,343.0
100.0,-184.0,-187.0,62.0,50.0,-683.0,93.0,460.0,754.0,408.0
187.0,26.0,-250.0,72.0,13.0,-721.0,36.0,683.0,708.0,468.0
266.0,200.0,-273.0,76.0,-37.0,-678.0,34.0,604.0,647.0,501.0
336.0,320.0,-314.0,79.0,-81.0,-663.0,71.0,569.0,570.0,497.0
396.0,502.0,-333.0,51.0,-100.0,-699.0,127.0,476.0,471.0,501.0
456.0,732.0,-341.0,26.0,-93.0,-682.0,181.0,363.0,351.0,482.0
490.0,861.0,-333.0,13.0,-83.0,-692.0,197.0,502.0,207.0,436.0
520.0,735.0,-328.0,15.0,-87.0,-672.0,197.0,436.0,74.0,404.0
523.0,380.0,-299.0,3.0,-97.0,-578.0,216.0,471.0,-36.0,363.0
510.0,-71.0,-255.0,24.0,-101.0,-485.0,269.0,482.0,-144.0,295.0
490.0,-576.0,-253.0,101.0,-93.0,-444.0,344.0,484.0,-259.0,210.0
465.0,-1072.0,-187.0,160.0,-67.0,-369.0,386.0,618.0,-343.0,146.0
431.0,-1437.0,-185.0,217.0,-34.0,-280.0,377.0,637.0,-390.0,101.0
370.0,-1624.0,-182.0,262.0,-5.0,-333.0,322.0,727.0,-393.0,56.0
303.0,-1635.0,-127.0,285.0,19.0,-388.0,275.0,733.0,-371.0,59.0
214.0,-1370.0,-146.0,275.0,41.0,-415.0,238.0,764.0,-341.0,123.0
115.0,-873.0,-121.0,250.0,67.0,-384.0,222.0,746.0,-304.0,208.0
7.0,-431.0,-93.0,245.0,86.0,-325.0,268.0,700.0,-247.0,308.0
-79.0,-171.0,-94.0,207.0,90.0,-356.0,293.0,718.0,-160.0,429.0
-170.0,23.0,-96.0,180.0,76.0,-248.0,297.0,657.0,-76.0,539.0
-256.0,268.0,-71.0,141.0,49.0,-122.0,288.0,687.0,7.0,592.0
-306.0,607.0,-58.0,93.0,34.0,-99.0,250.0,569.0,62.0,593.0
-347.0,969.0,-51.0,76.0,34.0,-114.0,226.0,572.0,102.0,569.0
-372.0,1238.0,-27.0,47.0,52.0,-63.0,221.0,626.0,155.0,506.0
-382.0,1404.0,-18.0,63.0,82.0,-5.0,213.0,578.0,203.0,422.0
-356.0,1517.0,-7.0,100.0,100.0,-150.0,229.0,665.0,246.0,348.0
-327.0,1620.0,-4.0,108.0,104.0,-169.0,282.0,578.0,266.0,314.0
-304.0,1685.0,22.0,146.0,96.0,-68.0,321.0,569.0,280.0,303.0
-266.0,1626.0,25.0,197.0,79.0,-62.0,343.0,543.0,282.0,318.0
-213.0,1425.0,34.0,208.0,62.0,-231.0,353.0,426.0,296.0,397.0
-145.0,1125.0,58.0,232.0,41.0,-350.0,360.0,391.0,322.0,462.0
-65.0,743.0,64.0,280.0,13.0,-206.0,407.0,413.0,315.0,514.0
23.0,307.0,98.0,330.0,-11.0,-120.0,448.0,552.0,290.0,565.0
118.0,-59.0,121.0,359.0,-27.0,-111.0,442.0,539.0,271.0,579.0
216.0,-293.0,146.0,355.0,-33.0,-129.0,436.0,561.0,259.0,565.0
309.0,-421.0,180.0,345.0,-31.0,-123.0,436.0,569.0,216.0,534.0
403.0,-423.0,223.0,302.0,-34.0,-190.0,437.0,565.0,154.0,525.0
496.0,-211.0,283.0,235.0,-46.0,-253.0,460.0,668.0,113.0,520.0
594.0,174.0,314.0,135.0,-53.0,-234.0,464.0,604.0,82.0,497.0
673.0,463.0,335.0,13.0,-49.0,-248.0,427.0,650.0,56.0,496.0
753.0,484.0,388.0,-113.0,-45.0,-281.0,383.0,667.0,42.0,498.0
829.0,307.0,408.0,-251.0,-60.0,-383.0,361.0,644.0,36.0,467.0
874.0,36.0,455.0,-348.0,-83.0,-346.0,366.0,667.0,30.0,426.0
908.0,-276.0,530.0,-378.0,-98.0,-350.0,389.0,596.0,34.0,405.0
918.0,-611.0,544.0,-347.0,-104.0,-344.0,396.0,748.0,50.0,391.0
913.0,-967.0,604.0,-291.0,-111.0,-246.0,398.0,787.0,57.0,392.0
900.0,-1308.0,639.0,-234.0,-122.0,-256.0,389.0,857.0,57.0,400.0
873.0,-1494.0,609.0,-150.0,-128.0,-313.0,379.0,968.0,88.0,421.0
818.0,-1422.0,637.0,-69.0,-135.0,-409.0,359.0,957.0,145.0,433.0
761.0,-1149.0,609.0,6.0,-157.0,-344.0,299.0,1080.0,205.0,406.0
685.0,-790.0,555.0,50.0,-184.0,-310.0,265.0,953.0,240.0,397.0
593.0,-431.0,540.0,54.0,-203.0,-379.0,265.0,899.0,256.0,391.0
489.0,-196.0,491.0,34.0,-211.0,-360.0,305.0,881.0,289.0,380.0
383.0,-159.0,449.0,-27.0,-211.0,-256.0,349.0,748.0,299.0,368.0
283.0,-238.0,403.0,-63.0,-203.0,-197.0,359.0,668.0,288.0,369.0
171.0,-277.0,353.0,-56.0,-185.0,-245.0,356.0,497.0,282.0,401.0
71.0,-251.0,294.0,-37.0,-168.0,-225.0,343.0,437.0,257.0,392.0
-21.0,-242.0,210.0,-23.0,-165.0,-246.0,338.0,443.0,252.0,370.0
-95.0,-259.0,143.0,4.0,-173.0,-331.0,320.0,567.0,278.0,357.0
-167.0,-236.0,84.0,69.0,-176.0,-344.0,329.0,594.0,316.0,298.0
-232.0,-99.0,19.0,159.0,-165.0,-258.0,363.0,668.0,359.0,194.0
-295.0,173.0,-43.0,283.0,-149.0,-208.0,357.0,838.0,422.0,73.0
-363.0,488.0,-85.0,391.0,-143.0,-240.0,317.0,781.0,513.0,-59.0
-415.0,688.0,-148.0,487.0,-143.0,-205.0,270.0,864.0,610.0,-210.0
-469.0,716.0,-207.0,578.0,-137.0,-89.0,243.0,807.0,686.0,-370.0
-494.0,692.0,-231.0,619.0,-122.0,-62.0,269.0,842.0,714.0,-494.0
-508.0,753.0,-275.0,632.0,-96.0,-237.0,294.0,947.0,726.0,-594.0
-505.0,872.0,-294.0,602.0,-57.0,-277.0,278.0,772.0,717.0,-706.0
-487.0,879.0,-297.0,529.0,-1.0,-123.0,286.0,737.0,682.0,-774.0
-447.0,721.0,-335.0,450.0,65.0,-35.0,280.0,689.0,640.0,-821.0
-390.0,514.0,-339.0,339.0,133.0,-8.0,297.0,731.0,564.0,-873.0
-333.0,332.0,-341.0,236.0,201.0,-43.0,324.0,709.0,462.0,-906.0
-255.0,208.0,-396.0,146.0,265.0,-8.0,313.0,678.0,346.0,-884.0
-177.0,135.0,-381.0,41.0,319.0,-20.0,314.0,788.0,231.0,-823.0
-103.0,46.0,-360.0,-27.0,357.0,-82.0,300.0,737.0,103.0,-782.0
-48.0,-60.0,-358.0,-70.0,388.0,-4.0,297.0,766.0,-25.0,-727.0
1.0,-122.0,-329.0,-100.0,417.0,29.0,281.0,633.0,-136.0,-652.0
66.0,-128.0,-311.0,-138.0,445.0,40.0,274.0,569.0,-224.0,-584.0
123.0,-139.0,-267.0,-185.0,463.0,143.0,293.0,587.0,-293.0,-538.0
171.0,-158.0,-251.0,-206.0,457.0,296.0,314.0,558.0,-374.0,-521.0
221.0,-140.0,-222.0,-221.0,425.0,290.0,336.0,724.0,-445.0,-522.0
262.0,-136.0,-189.0,-235.0,382.0,229.0,323.0,674.0,-462.0,-543.0
287.0,-252.0,-185.0,-253.0,337.0,344.0,323.0,746.0,-462.0,-592.0
301.0,-496.0,-141.0,-256.0,286.0,401.0,319.0,787.0,-475.0,-635.0
296.0,-735.0,-92.0,-229.0,229.0,331.0,311.0,740.0,-498.0,-672.0
276.0,-848.0,-68.0,-200.0,167.0,218.0,322.0,825.0,-524.0,-716.0
249.0,-776.0,-30.0,-160.0,103.0,154.0,345.0,735.0,-504.0,-732.0
210.0,-537.0,7.0,-137.0,33.0,223.0,367.0,796.0,-432.0,-734.0
145.0,-232.0,36.0,-90.0,-42.0,313.0,344.0,761.0,-343.0,-721.0
75.0,116.0,76.0,-56.0,-111.0,381.0,324.0,790.0,-262.0,-690.0
-3.0,549.0,108.0,-51.0,-170.0,504.0,300.0,896.0,-174.0,-658.0
-68.0,977.0,136.0,-35.0,-206.0,563.0,268.0,825.0,-75.0,-595.0
-129.0,1216.0,172.0,-41.0,-221.0,527.0,262.0,896.0,-10.0,-529.0
-194.0,1229.0,211.0,-19.0,-236.0,464.0,268.0,846.0,43.0,-488.0
-220.0,1105.0,237.0,-9.0,-258.0,363.0,282.0,885.0,82.0,-412.0
-235.0,855.0,290.0,-8.0,-277.0,227.0,296.0,857.0,105.0,-313.0
-225.0,497.0,312.0,20.0,-285.0,112.0,310.0,759.0,154.0,-204.0
-207.0,155.0,336.0,70.0,-283.0,169.0,322.0,792.0,175.0,-74.0
-172.0,-84.0,379.0,145.0,-282.0,248.0,346.0,681.0,208.0,66.0
-120.0,-229.0,385.0,183.0,-280.0,223.0,349.0,691.0,275.0,184.0
-58.0,-303.0,415.0,211.0,-274.0,152.0,336.0,633.0,326.0,255.0
-4.0,-295.0,437.0,248.0,-271.0,156.0,322.0,652.0,405.0,302.0
49.0,-171.0,472.0,255.0,-275.0,164.0,336.0,748.0,456.0,326.0
115.0,56.0,496.0,255.0,-278.0,77.0,379.0,748.0,470.0,329.0
167.0,322.0,476.0,229.0,-260.0,183.0,373.0,896.0,494.0,332.0
229.0,538.0,494.0,159.0,-206.0,305.0,364.0,896.0,506.0,366.0
298.0,645.0,498.0,78.0,-130.0,258.0,348.0,940.0,496.0,429.0
369.0,710.0,476.0,16.0,-32.0,259.0,337.0,947.0,439.0,514.0
413.0,792.0,454.0,-13.0,82.0,298.0,361.0,923.0,395.0,597.0
473.0,858.0,412.0,-3.0,191.0,319.0,367.0,933.0,376.0,687.0
519.0,817.0,395.0,46.0,278.0,291.0,345.0,705.0,338.0,773.0
557.0,622.0,357.0,124.0,333.0,287.0,338.0,698.0,300.0,808.0
589.0,367.0,342.0,222.0,358.0,399.0,358.0,606.0,283.0,835.0
604.0,157.0,349.0,326.0,354.0,427.0,390.0,513.0,302.0,841.0
637.0,44.0,326.0,440.0,329.0,294.0,402.0,598.0,322.0,812.0
646.0,43.0,314.0,579.0,298.0,259.0,361.0,511.0,319.0,767.0
652.0,98.0,292.0,705.0,259.0,296.0,308.0,537.0,304.0,704.0
648.0,126.0,271.0,814.0,212.0,323.0,250.0,478.0,287.0,644.0
646.0,125.0,238.0,897.0,171.0,378.0,216.0,439.0,306.0,606.0
628.0,138.0,225.0,962.0,144.0,417.0,208.0,461.0,351.0,610.0
623.0,186.0,200.0,1010.0,130.0,515.0,217.0,469.0,403.0,651.0
619.0,292.0,158.0,1017.0,113.0,626.0,220.0,502.0,461.0,740.0
599.0,402.0,110.0,983.0,86.0,672.0,181.0,432.0,520.0,833.0
594.0,438.0,51.0,889.0,51.0,655.0,136.0,539.0,622.0,904.0
563.0,433.0,11.0,805.0,10.0,579.0,99.0,559.0,713.0,991.0
535.0,450.0,-39.0,744.0,-31.0,467.0,115.0,637.0,788.0,1025.0
499.0,499.0,-87.0,680.0,-69.0,454.0,168.0,733.0,856.0,1018.0
493.0,535.0,-150.0,615.0,-101.0,603.0,204.0,678.0,887.0,1007.0
475.0,512.0,-193.0,503.0,-116.0,597.0,220.0,750.0,915.0,972.0
477.0,476.0,-232.0,392.0,-114.0,489.0,216.0,570.0,944.0,931.0
503.0,488.0,-255.0,314.0,-100.0,588.0,186.0,485.0,988.0,868.0
513.0,543.0,-233.0,214.0,-76.0,740.0,135.0,410.0,1014.0,818.0
538.0,575.0,-240.0,89.0,-47.0,765.0,106.0,230.0,990.0,785.0
526.0,507.0,-225.0,-13.0,-21.0,668.0,128.0,243.0,950.0,721.0
520.0,315.0,-208.0,-117.0,-8.0,631.0,136.0,147.0,916.0,661.0
496.0,69.0,-202.0,-219.0,-14.0,749.0,108.0,221.0,880.0,617.0
465.0,-159.0,-153.0,-259.0,-26.0,723.0,96.0,291.0,821.0,565.0
425.0,-363.0,-140.0,-269.0,-35.0,628.0,95.0,328.0,746.0,505.0
377.0,-510.0,-113.0,-235.0,-43.0,686.0,107.0,406.0,712.0,447.0
338.0,-559.0,-23.0,-150.0,-45.0,711.0,118.0,389.0,721.0,400.0
282.0,-521.0,23.0,-65.0,-38.0,687.0,126.0,541.0,703.0,343.0
230.0,-476.0,67.0,21.0,-23.0,674.0,143.0,630.0,658.0,263.0
169.0,-470.0,148.0,95.0,-8.0,713.0,160.0,707.0,564.0,204.0
97.0,-489.0,195.0,153.0,0.0,773.0,174.0,720.0,417.0,161.0
16.0,-551.0,242.0,184.0,10.0,785.0,169.0,726.0,271.0,93.0
-51.0,-670.0,329.0,176.0,24.0,828.0,142.0,733.0,130.0,39.0
-94.0,-788.0,404.0,145.0,48.0,851.0,132.0,522.0,-28.0,25.0
-115.0,-826.0,461.0,99.0,89.0,728.0,141.0,395.0,-191.0,1.0
-141.0,-732.0,512.0,62.0,139.0,596.0,132.0,243.0,-272.0,-37.0
-159.0,-472.0,570.0,14.0,180.0,648.0,130.0,236.0,-351.0,-64.0
-150.0,-98.0,606.0,-4.0,201.0,704.0,154.0,336.0,-473.0,-80.0
-127.0,268.0,586.0,8.0,206.0,588.0,186.0,334.0,-525.0,-93.0
-117.0,567.0,574.0,31.0,197.0,454.0,205.0,454.0,-527.0,-111.0
-117.0,793.0,592.0,68.0,175.0,450.0,232.0,476.0,-523.0,-93.0
-89.0,896.0,576.0,94.0,148.0,496.0,229.0,482.0,-524.0,-49.0
-59.0,877.0,535.0,113.0,129.0,536.0,192.0,487.0,-527.0,-55.0
-25.0,819.0,524.0,104.0,122.0,525.0,155.0,482.0,-519.0,-94.0
-9.0,700.0,525.0,94.0,125.0,474.0,101.0,493.0,-497.0,-157.0
8.0,528.0,513.0,107.0,122.0,447.0,80.0,325.0,-441.0,-244.0
47.0,430.0,476.0,139.0,94.0,431.0,78.0,225.0,-378.0,-362.0
78.0,443.0,472.0,169.0,37.0,496.0,85.0,90.0,-315.0,-475.0
105.0,485.0,499.0,215.0,-31.0,505.0,62.0,-38.0,-233.0,-531.0
130.0,427.0,486.0,266.0,-91.0,419.0,13.0,-136.0,-131.0,-588.0
161.0,249.0,487.0,294.0,-132.0,385.0,-3.0,-254.0,-35.0,-621.0
198.0,81.0,546.0,373.0,-151.0,364.0,0.0,-92.0,16.0,-576.0
231.0,30.0,546.0,457.0,-158.0,356.0,39.0,25.0,33.0,-495.0
238.0,61.0,529.0,514.0,-177.0,348.0,63.0,243.0,22.0,-424.0
230.0,129.0,561.0,576.0,-210.0,398.0,82.0,487.0,15.0,-349.0
217.0,228.0,576.0,611.0,-247.0,513.0,78.0,519.0,27.0,-258.0
205.0,332.0,586.0,636.0,-276.0,536.0,51.0,546.0,43.0,-193.0
191.0,463.0,550.0,647.0,-277.0,523.0,43.0,303.0,79.0,-158.0
172.0,576.0,523.0,631.0,-243.0,545.0,32.0,140.0,128.0,-114.0
159.0,517.0,527.0,634.0,-188.0,571.0,51.0,75.0,166.0,-63.0
144.0,259.0,475.0,640.0,-132.0,567.0,44.0,-18.0,212.0,-42.0
139.0,-52.0,441.0,619.0,-92.0,566.0,26.0,35.0,248.0,-23.0
136.0,-343.0,459.0,596.0,-69.0,648.0,24.0,-12.0,235.0,37.0
115.0,-701.0,426.0,574.0,-49.0,690.0,39.0,48.0,205.0,107.0
89.0,-1151.0,372.0,549.0,-29.0,717.0,74.0,64.0,197.0,165.0
66.0,-1519.0,383.0,527.0,-4.0,813.0,90.0,66.0,218.0,253.0
41.0,-1608.0,368.0,519.0,32.0,865.0,91.0,177.0,251.0,365.0
2.0,-1436.0,334.0,521.0,76.0,822.0,77.0,177.0,306.0,453.0
-23.0,-1108.0,339.0,516.0,120.0,747.0,67.0,229.0,389.0,490.0
-26.0,-644.0,341.0,506.0,148.0,719.0,42.0,247.0,447.0,512.0
-35.0,-118.0,358.0,474.0,154.0,751.0,24.0,380.0,504.0,525.0
-34.0,334.0,380.0,442.0,142.0,790.0,1.0,436.0,586.0,478.0
-31.0,616.0,396.0,438.0,116.0,807.0,-11.0,400.0,628.0,402.0
-8.0,713.0,419.0,429.0,84.0,882.0,-1.0,461.0,607.0,337.0
10.0,683.0,432.0,416.0,58.0,924.0,-6.0,393.0,547.0,257.0
17.0,566.0,429.0,402.0,46.0,899.0,-12.0,391.0,463.0,153.0
21.0,392.0,446.0,377.0,43.0,922.0,-56.0,282.0,388.0,96.0
24.0,250.0,444.0,354.0,40.0,975.0,-104.0,177.0,370.0,77.0
45.0,198.0,403.0,328.0,36.0,917.0,-151.0,151.0,358.0,82.0
49.0,248.0,397.0,304.0,33.0,773.0,-155.0,133.0,283.0,127.0
78.0,387.0,371.0,282.0,33.0,774.0,-130.0,212.0,225.0,203.0
108.0,539.0,326.0,249.0,38.0,792.0,-137.0,173.0,221.0,296.0
127.0,673.0,311.0,232.0,55.0,736.0,-125.0,251.0,231.0,329.0
158.0,844.0,265.0,203.0,82.0,721.0,-138.0,275.0,245.0,349.0
192.0,1023.0,219.0,158.0,116.0,808.0,-166.0,356.0,227.0,383.0
236.0,1113.0,199.0,137.0,150.0,905.0,-178.0,493.0,206.0,385.0
267.0,1064.0,137.0,89.0,169.0,868.0,-177.0,362.0,227.0,388.0
312.0,855.0,92.0,76.0,171.0,861.0,-184.0,362.0,262.0,419.0
351.0,494.0,62.0,67.0,162.0,933.0,-226.0,218.0,290.0,463.0
394.0,70.0,18.0,60.0,148.0,872.0,-271.0,94.0,303.0,488.0
430.0,-388.0,-6.0,99.0,128.0,713.0,-308.0,112.0,319.0,526.0
446.0,-879.0,-56.0,135.0,95.0,647.0,-322.0,9.0,336.0,566.0
465.0,-1289.0,-77.0,204.0,53.0,689.0,-325.0,138.0,342.0,587.0
472.0,-1481.0,-111.0,251.0,10.0,763.0,-326.0,140.0,350.0,582.0
481.0,-1428.0,-147.0,282.0,-24.0,761.0,-332.0,97.0,345.0,541.0
483.0,-1210.0,-157.0,303.0,-59.0,761.0,-349.0,147.0,300.0,494.0
477.0,-892.0,-197.0,289.0,-97.0,816.0,-323.0,133.0,242.0,418.0
478.0,-562.0,-232.0,266.0,-131.0,867.0,-264.0,218.0,223.0,296.0
482.0,-338.0,-257.0,238.0,-152.0,880.0,-217.0,121.0,242.0,191.0
478.0,-298.0,-268.0,190.0,-159.0,893.0,-190.0,31.0,234.0,106.0
468.0,-342.0,-276.0,127.0,-159.0,928.0,-188.0,-25.0,180.0,2.0
454.0,-330.0,-273.0,65.0,-152.0,869.0,-181.0,-11.0,118.0,-78.0
442.0,-272.0,-249.0,-7.0,-136.0,751.0,-144.0,96.0,53.0,-121.0
427.0,-165.0,-232.0,-55.0,-114.0,615.0,-78.0,42.0,-5.0,-161.0
397.0,-2.0,-204.0,-94.0,-93.0,569.0,-20.0,179.0,-58.0,-199.0
363.0,133.0,-149.0,-131.0,-77.0,653.0,-11.0,266.0,-107.0,-220.0
334.0,174.0,-90.0,-147.0,-56.0,801.0,-23.0,291.0,-181.0,-209.0
316.0,116.0,-41.0,-146.0,-35.0,947.0,-50.0,360.0,-269.0,-206.0
288.0,-20.0,38.0,-137.0,-20.0,948.0,-77.0,267.0,-336.0,-217.0
268.0,-221.0,121.0,-128.0,-11.0,851.0,-48.0,192.0,-377.0,-200.0
250.0,-473.0,166.0,-94.0,-1.0,759.0,-7.0,107.0,-378.0,-157.0
228.0,-722.0,235.0,-57.0,22.0,734.0,15.0,79.0,-378.0,-133.0
203.0,-875.0,309.0,-33.0,53.0,720.0,34.0,-68.0,-391.0,-120.0
173.0,-905.0,338.0,2.0,74.0,757.0,47.0,-120.0,-394.0,-85.0
181.0,-857.0,401.0,23.0,72.0,786.0,83.0,-157.0,-412.0,-48.0
186.0,-749.0,455.0,48.0,49.0,694.0,112.0,-404.0,-438.0,-39.0
196.0,-570.0,467.0,98.0,14.0,584.0,152.0,-428.0,-484.0,-37.0
222.0,-352.0,509.0,138.0,-14.0,556.0,174.0,-522.0,-531.0,-11.0
234.0,-112.0,535.0,210.0,-19.0,636.0,164.0,-426.0,-501.0,3.0
244.0,174.0,523.0,314.0,3.0,656.0,148.0,-240.0,-409.0,12.0
249.0,528.0,538.0,379.0,48.0,609.0,103.0,-256.0,-326.0,55.0
255.0,967.0,556.0,432.0,97.0,658.0,106.0,-73.0,-278.0,119.0
251.0,1411.0,534.0,477.0,132.0,703.0,127.0,25.0,-214.0,177.0
240.0,1737.0,545.0,507.0,139.0,586.0,155.0,166.0,-100.0,226.0
226.0,1864.0,521.0,532.0,119.0,477.0,158.0,188.0,41.0,291.0
208.0,1767.0,469.0,530.0,85.0,543.0,106.0,33.0,173.0,338.0
202.0,1478.0,440.0,495.0,49.0,569.0,74.0,25.0,266.0,352.0
192.0,1087.0,387.0,433.0,16.0,465.0,40.0,-1.0,336.0,358.0
183.0,702.0,339.0,375.0,-12.0,433.0,26.0,81.0,400.0,351.0
191.0,370.0,272.0,333.0,-39.0,502.0,27.0,81.0,469.0,313.0
190.0,113.0,229.0,334.0,-63.0,498.0,60.0,0.0,545.0,225.0
191.0,-38.0,163.0,340.0,-80.0,442.0,104.0,-168.0,587.0,128.0
200.0,-121.0,107.0,357.0,-88.0,448.0,107.0,-258.0,583.0,18.0
215.0,-207.0,81.0,415.0,-83.0,569.0,78.0,-197.0,559.0,-112.0
225.0,-312.0,15.0,471.0,-65.0,664.0,21.0,-330.0,540.0,-216.0
240.0,-397.0,-25.0,535.0,-44.0,599.0,21.0,-206.0,540.0,-277.0
276.0,-430.0,-58.0,581.0,-24.0,553.0,62.0,-157.0,519.0,-325.0
288.0,-376.0,-100.0,629.0,-9.0,483.0,110.0,-214.0,439.0,-374.0
285.0,-257.0,-150.0,676.0,-2.0,335.0,137.0,-227.0,306.0,-390.0
277.0,-152.0,-163.0,708.0,1.0,272.0,109.0,-478.0,140.0,-379.0
274.0,-78.0,-177.0,737.0,10.0,387.0,62.0,-517.0,-33.0,-359.0
260.0,-14.0,-217.0,747.0,25.0,515.0,8.0,-620.0,-221.0,-340.0
222.0,21.0,-213.0,750.0,37.0,471.0,-29.0,-637.0,-383.0,-320.0
172.0,38.0,-208.0,735.0,38.0,496.0,-43.0,-537.0,-509.0,-283.0
130.0,9.0,-219.0,677.0,33.0,607.0,-45.0,-535.0,-627.0,-269.0
99.0,-107.0,-232.0,594.0,22.0,629.0,-59.0,-428.0,-701.0,-241.0
60.0,-263.0,-236.0,513.0,15.0,638.0,-77.0,-413.0,-736.0,-191.0
30.0,-435.0,-253.0,423.0,25.0,611.0,-94.0,-343.0,-737.0,-158.0
-16.0,-583.0,-281.0,307.0,54.0,577.0,-126.0,-421.0,-735.0,-119.0
-58.0,-592.0,-276.0,184.0,101.0,546.0,-164.0,-363.0,-727.0,-74.0
-93.0,-407.0,-280.0,79.0,156.0,548.0,-221.0,-125.0,-654.0,-28.0
-141.0,-144.0,-294.0,-10.0,201.0,611.0,-286.0,-103.0,-502.0,4.0
-201.0,79.0,-292.0,-86.0,223.0,561.0,-337.0,94.0,-280.0,48.0
-231.0,293.0,-301.0,-151.0,214.0,412.0,-361.0,120.0,-100.0,98.0
-233.0,499.0,-284.0,-183.0,181.0,354.0,-363.0,38.0,-2.0,136.0
-252.0,603.0,-270.0,-174.0,138.0,449.0,-377.0,18.0,67.0,157.0
-272.0,557.0,-261.0,-162.0,94.0,495.0,-416.0,-72.0,152.0,152.0
-279.0,449.0,-224.0,-133.0,54.0,419.0,-450.0,-46.0,284.0,113.0
-257.0,385.0,-191.0,-87.0,24.0,369.0,-459.0,-166.0,397.0,30.0
-262.0,385.0,-143.0,-38.0,2.0,330.0,-472.0,-304.0,451.0,-49.0
-263.0,461.0,-103.0,6.0,1.0,260.0,-481.0,-489.0,470.0,-118.0
-250.0,607.0,-58.0,22.0,29.0,231.0,-473.0,-665.0,501.0,-178.0
-260.0,726.0,4.0,19.0,66.0,306.0,-471.0,-702.0,553.0,-227.0
-261.0,763.0,73.0,10.0,103.0,415.0,-475.0,-772.0,589.0,-267.0
-275.0,761.0,139.0,-2.0,132.0,420.0,-503.0,-685.0,575.0,-288.0
-282.0,769.0,195.0,1.0,151.0,329.0,-534.0,-626.0,498.0,-312.0
-285.0,788.0,247.0,10.0,155.0,314.0,-565.0,-474.0,409.0,-342.0
-278.0,793.0,286.0,25.0,136.0,291.0,-606.0,-330.0,346.0,-356.0
-254.0,776.0,338.0,48.0,102.0,248.0,-607.0,-286.0,284.0,-355.0
-232.0,758.0,367.0,67.0,68.0,364.0,-585.0,-114.0,214.0,-351.0
-207.0,766.0,407.0,123.0,42.0,459.0,-580.0,-210.0,181.0,-339.0
-190.0,754.0,437.0,150.0,27.0,401.0,-581.0,-290.0,164.0,-307.0
-180.0,673.0,450.0,173.0,21.0,227.0,-603.0,-332.0,170.0,-292.0
-162.0,614.0,477.0,214.0,19.0,132.0,-624.0,-279.0,246.0,-283.0
-157.0,646.0,469.0,207.0,7.0,223.0,-646.0,-107.0,324.0,-272.0
-157.0,658.0,483.0,201.0,-21.0,243.0,-672.0,-181.0,396.0,-270.0
-149.0,575.0,497.0,188.0,-62.0,229.0,-665.0,-173.0,459.0,-261.0
-143.0,450.0,496.0,175.0,-97.0,319.0,-666.0,-303.0,506.0,-267.0
-134.0,256.0,498.0,183.0,-120.0,358.0,-662.0,-393.0,516.0,-278.0
-123.0,-19.0,494.0,215.0,-129.0,281.0,-648.0,-439.0,477.0,-292.0
-103.0,-263.0,471.0,274.0,-121.0,244.0,-659.0,-630.0,400.0,-310.0
-93.0,-478.0,427.0,316.0,-96.0,280.0,-640.0,-578.0,326.0,-329.0
-83.0,-762.0,410.0,351.0,-66.0,229.0,-599.0,-655.0,315.0,-333.0
-76.0,-1038.0,366.0,388.0,-25.0,173.0,-579.0,-674.0,294.0,-306.0
-89.0,-1202.0,296.0,413.0,20.0,200.0,-592.0,-596.0,205.0,-283.0
-109.0,-1338.0,232.0,457.0,56.0,198.0,-627.0,-644.0,54.0,-250.0
-134.0,-1502.0,152.0,496.0,85.0,143.0,-663.0,-659.0,-104.0,-218.0
-160.0,-1519.0,63.0,517.0,114.0,79.0,-684.0,-790.0,-202.0,-190.0
-187.0,-1289.0,-19.0,515.0,136.0,128.0,-666.0,-783.0,-254.0,-184.0
-212.0,-954.0,-93.0,492.0,143.0,172.0,-601.0,-766.0,-343.0,-170.0
-244.0,-664.0,-177.0,443.0,130.0,46.0,-555.0,-740.0,-468.0,-139.0
-290.0,-406.0,-211.0,365.0,108.0,6.0,-560.0,-554.0,-509.0,-143.0
-324.0,-43.0,-263.0,309.0,89.0,112.0,-593.0,-408.0,-505.0,-162.0
-340.0,339.0,-327.0,226.0,76.0,202.0,-627.0,-242.0,-549.0,-194.0
-346.0,496.0,-335.0,139.0,67.0,184.0,-630.0,-99.0,-595.0,-228.0
-333.0,464.0,-411.0,84.0,58.0,108.0,-593.0,158.0,-614.0,-289.0
-315.0,508.0,-453.0,21.0,42.0,49.0,-504.0,406.0,-586.0,-343.0
-280.0,768.0,-463.0,-46.0,23.0,-56.0,-426.0,650.0,-502.0,-379.0
-250.0,1021.0,-509.0,-124.0,7.0,-104.0,-398.0,822.0,-425.0,-453.0
-245.0,1016.0,-521.0,-186.0,-6.0,-39.0,-409.0,589.0,-387.0,-510.0
-233.0,783.0,-539.0,-248.0,-31.0,-9.0,-430.0,288.0,-349.0,-557.0
-235.0,498.0,-555.0,-290.0,-70.0,-33.0,-426.0,-181.0,-321.0,-602.0
-233.0,262.0,-565.0,-314.0,-115.0,-88.0,-415.0,-576.0,-332.0,-640.0
-229.0,-29.0,-584.0,-332.0,-150.0,-121.0,-393.0,-792.0,-362.0,-661.0
-213.0,-366.0,-593.0,-344.0,-169.0,-158.0,-395.0,-988.0,-333.0,-637.0
-177.0,-544.0,-606.0,-380.0,-180.0,-171.0,-402.0,-886.0,-261.0,-606.0
-157.0,-524.0,-630.0,-422.0,-190.0,-27.0,-411.0,-894.0,-169.0,-548.0
-133.0,-426.0,-646.0,-480.0,-197.0,96.0,-435.0,-790.0,-63.0,-459.0
-113.0,-340.0,-647.0,-532.0,-198.0,54.0,-430.0,-746.0,29.0,-335.0
-82.0,-245.0,-640.0,-569.0,-203.0,-22.0,-403.0,-805.0,108.0,-202.0
-54.0,-2.0,-631.0,-588.0,-213.0,-14.0,-359.0,-552.0,151.0,-68.0
-24.0,425.0,-604.0,-597.0,-218.0,12.0,-337.0,-463.0,156.0,96.0
13.0,745.0,-569.0,-629.0,-202.0,-54.0,-337.0,-299.0,172.0,233.0
31.0,658.0,-530.0,-629.0,-159.0,-108.0,-351.0,-199.0,228.0,334.0
63.0,373.0,-485.0,-635.0,-92.0,-87.0,-392.0,-218.0,273.0,425.0
82.0,290.0,-435.0,-640.0,-11.0,-87.0,-403.0,-258.0,270.0,462.0
68.0,337.0,-383.0,-607.0,56.0,-177.0,-381.0,-508.0,248.0,430.0
44.0,315.0,-322.0,-574.0,100.0,-161.0,-334.0,-617.0,230.0,370.0
18.0,284.0,-244.0,-523.0,120.0,-82.0,-285.0,-737.0,242.0,285.0
0.0,249.0,-200.0,-470.0,118.0,-142.0,-271.0,-772.0,245.0,207.0
-28.0,177.0,-150.0,-408.0,106.0,-135.0,-262.0,-809.0,179.0,161.0
-72.0,222.0,-73.0,-339.0,94.0,-34.0,-269.0,-792.0,59.0,164.0
-121.0,398.0,-55.0,-270.0,85.0,11.0,-272.0,-689.0,-52.0,235.0
-149.0,444.0,-29.0,-216.0,85.0,-92.0,-263.0,-766.0,-121.0,324.0
-180.0,299.0,5.0,-177.0,90.0,-163.0,-272.0,-602.0,-172.0,434.0
-214.0,160.0,8.0,-139.0,93.0,-79.0,-280.0,-611.0,-239.0,540.0
-228.0,45.0,21.0,-114.0,82.0,-20.0,-297.0,-742.0,-317.0,607.0
-231.0,-132.0,34.0,-66.0,58.0,-47.0,-328.0,-726.0,-405.0,631.0
-222.0,-319.0,47.0,-41.0,36.0,-108.0,-349.0,-868.0,-505.0,596.0
-199.0,-430.0,39.0,-51.0,27.0,-43.0,-374.0,-833.0,-614.0,523.0
-175.0,-369.0,33.0,-48.0,32.0,22.0,-388.0,-870.0,-731.0,432.0
-168.0,-165.0,52.0,-66.0,38.0,18.0,-359.0,-994.0,-812.0,328.0
-159.0,-90.0,58.0,-89.0,39.0,15.0,-347.0,-962.0,-824.0,223.0
-151.0,-166.0,65.0,-106.0,30.0,-7.0,-352.0,-868.0,-801.0,168.0
-131.0,-169.0,98.0,-124.0,9.0,-3.0,-361.0,-739.0,-782.0,130.0
-126.0,-95.0,109.0,-166.0,-15.0,-56.0,-362.0,-655.0,-787.0,75.0
-133.0,73.0,119.0,-226.0,-27.0,-24.0,-322.0,-437.0,-777.0,51.0
-133.0,351.0,170.0,-283.0,-27.0,45.0,-280.0,-325.0,-713.0,38.0
-137.0,553.0,211.0,-328.0,-16.0,-45.0,-238.0,-323.0,-600.0,15.0
-140.0,728.0,261.0,-375.0,-2.0,-122.0,-209.0,-369.0,-494.0,-5.0
-149.0,942.0,319.0,-439.0,12.0,-125.0,-235.0,-530.0,-447.0,-5.0
-152.0,899.0,360.0,-487.0,33.0,-113.0,-277.0,-691.0,-401.0,9.0
-161.0,573.0,402.0,-548.0,51.0,-135.0,-322.0,-1008.0,-340.0,6.0
-160.0,232.0,441.0,-588.0,58.0,-123.0,-388.0,-1193.0,-282.0,17.0
-145.0,0.0,453.0,-567.0,66.0,-85.0,-419.0,-1328.0,-223.0,54.0
-114.0,-82.0,465.0,-512.0,76.0,-170.0,-428.0,-1450.0,-181.0,98.0
-83.0,-102.0,465.0,-437.0,84.0,-265.0,-419.0,-1459.0,-121.0,138.0
-39.0,-253.0,435.0,-307.0,85.0,-288.0,-371.0,-1550.0,-27.0,165.0
16.0,-508.0,414.0,-123.0,86.0,-342.0,-334.0,-1417.0,80.0,209.0
72.0,-564.0,384.0,65.0,92.0,-433.0,-302.0,-1193.0,138.0,208.0
127.0,-358.0,347.0,253.0,91.0,-473.0,-268.0,-984.0,122.0,168.0
157.0,-100.0,336.0,415.0,72.0,-408.0,-232.0,-722.0,100.0,126.0
204.0,167.0,320.0,540.0,44.0,-361.0,-218.0,-419.0,116.0,32.0
221.0,382.0,284.0,636.0,14.0,-400.0,-207.0,-114.0,151.0,-89.0
228.0,382.0,268.0,719.0,-10.0,-373.0,-188.0,-129.0,128.0,-225.0
220.0,322.0,227.0,785.0,-31.0,-268.0,-185.0,-181.0,40.0,-347.0
204.0,344.0,191.0,850.0,-51.0,-225.0,-193.0,-343.0,-62.0,-453.0
195.0,222.0,164.0,885.0,-70.0,-204.0,-210.0,-646.0,-128.0,-565.0
156.0,7.0,117.0,876.0,-74.0,-119.0,-202.0,-737.0,-149.0,-637.0
115.0,-57.0,96.0,871.0,-67.0,-133.0,-183.0,-903.0,-175.0,-678.0
51.0,-49.0,62.0,859.0,-61.0,-233.0,-144.0,-901.0,-223.0,-737.0
0.0,-121.0,42.0,823.0,-64.0,-274.0,-99.0,-844.0,-279.0,-791.0
-87.0,-259.0,18.0,770.0,-79.0,-296.0,-76.0,-785.0,-320.0,-817.0
-171.0,-397.0,0.0,743.0,-101.0,-320.0,-85.0,-559.0,-345.0,-838.0
-249.0,-590.0,14.0,705.0,-121.0,-425.0,-116.0,-574.0,-377.0,-858.0
-340.0,-712.0,23.0,645.0,-127.0,-457.0,-142.0,-548.0,-435.0,-866.0
-405.0,-557.0,32.0,613.0,-117.0,-358.0,-155.0,-509.0,-539.0,-839.0
-498.0,-311.0,50.0,604.0,-100.0,-263.0,-143.0,-467.0,-643.0,-813.0
-569.0,-209.0,70.0,602.0,-84.0,-141.0,-127.0,-445.0,-698.0,-785.0
-622.0,-273.0,68.0,577.0,-68.0,6.0,-124.0,-532.0,-694.0,-725.0
-665.0,-482.0,83.0,516.0,-45.0,80.0,-115.0,-509.0,-645.0,-636.0
-690.0,-766.0,95.0,401.0,-14.0,-70.0,-86.0,-715.0,-645.0,-546.0
-697.0,-927.0,75.0,297.0,21.0,-183.0,-60.0,-859.0,-706.0,-475.0
-695.0,-838.0,79.0,224.0,62.0,-69.0,-56.0,-842.0,-725.0,-401.0
-686.0,-643.0,64.0,124.0,101.0,10.0,-59.0,-820.0,-693.0,-334.0
-662.0,-482.0,38.0,44.0,132.0,-93.0,-48.0,-720.0,-637.0,-268.0
-633.0,-290.0,-11.0,7.0,148.0,-260.0,-24.0,-720.0,-557.0,-220.0
-602.0,-45.0,-58.0,-36.0,160.0,-298.0,-11.0,-678.0,-484.0,-160.0
-567.0,161.0,-82.0,-76.0,169.0,-321.0,2.0,-628.0,-415.0,-88.0
-516.0,352.0,-157.0,-96.0,163.0,-327.0,19.0,-502.0,-322.0,-37.0
-471.0,604.0,-211.0,-145.0,146.0,-174.0,1.0,-417.0,-244.0,49.0
-420.0,833.0,-227.0,-207.0,130.0,-41.0,-56.0,-460.0,-200.0,161.0
-376.0,1023.0,-274.0,-262.0,112.0,-73.0,-92.0,-567.0,-156.0,275.0
-342.0,1164.0,-315.0,-316.0,91.0,-194.0,-107.0,-853.0,-64.0,386.0
-318.0,1086.0,-325.0,-349.0,78.0,-132.0,-91.0,-946.0,57.0,499.0
-299.0,865.0,-339.0,-377.0,73.0,34.0,-69.0,-1012.0,156.0,592.0
-283.0,761.0,-343.0,-411.0,62.0,2.0,-62.0,-1023.0,210.0,635.0
-282.0,730.0,-331.0,-462.0,47.0,-138.0,-52.0,-752.0,223.0,647.0
-269.0,579.0,-299.0,-492.0,41.0,-172.0,-51.0,-628.0,235.0,650.0
-262.0,356.0,-287.0,-499.0,55.0,-141.0,-46.0,-511.0,238.0,624.0
-248.0,136.0,-278.0,-532.0,78.0,-273.0,-63.0,-347.0,209.0,560.0
-220.0,-7.0,-241.0,-558.0,94.0,-302.0,-65.0,-192.0,189.0,517.0
-201.0,32.0,-239.0,-584.0,99.0,-145.0,-62.0,-134.0,171.0,490.0
-189.0,71.0,-235.0,-604.0,85.0,-82.0,-57.0,-219.0,117.0,435.0
-155.0,4.0,-230.0,-604.0,51.0,-84.0,-38.0,-206.0,57.0,372.0
-119.0,37.0,-244.0,-632.0,6.0,-56.0,-68.0,-317.0,-5.0,329.0
-97.0,119.0,-248.0,-615.0,-29.0,-2.0,-71.0,-358.0,-62.0,274.0
-76.0,90.0,-260.0,-572.0,-51.0,-87.0,-64.0,-441.0,-136.0,190.0
-51.0,64.0,-285.0,-541.0,-62.0,-137.0,-73.0,-685.0,-252.0,107.0
-31.0,60.0,-323.0,-481.0,-64.0,-46.0,-49.0,-800.0,-351.0,18.0
-26.0,1.0,-365.0,-442.0,-63.0,33.0,-15.0,-918.0,-425.0,-85.0
-18.0,-125.0,-402.0,-439.0,-59.0,-47.0,18.0,-779.0,-472.0,-190.0
-30.0,-296.0,-441.0,-425.0,-54.0,-220.0,59.0,-685.0,-474.0,-274.0
-38.0,-466.0,-480.0,-393.0,-54.0,-202.0,102.0,-670.0,-473.0,-314.0
-60.0,-621.0,-528.0,-392.0,-50.0,-163.0,89.0,-593.0,-470.0,-319.0
-86.0,-745.0,-592.0,-411.0,-31.0,-129.0,46.0,-617.0,-467.0,-276.0
-121.0,-876.0,-649.0,-448.0,7.0,14.0,-2.0,-478.0,-463.0,-163.0
-168.0,-924.0,-705.0,-525.0,55.0,194.0,-42.0,-445.0,-457.0,-18.0
-207.0,-768.0,-771.0,-604.0,93.0,270.0,-9.0,-365.0,-469.0,126.0
-262.0,-623.0,-818.0,-680.0,101.0,204.0,37.0,-362.0,-442.0,273.0
-301.0,-677.0,-852.0,-775.0,85.0,231.0,63.0,-450.0,-348.0,392.0
-350.0,-806.0,-897.0,-870.0,59.0,322.0,41.0,-513.0,-216.0,479.0
-380.0,-883.0,-909.0,-943.0,37.0,310.0,-42.0,-696.0,-99.0,533.0
-389.0,-889.0,-931.0,-999.0,30.0,175.0,-140.0,-574.0,-35.0,567.0
-400.0,-744.0,-940.0,-1039.0,35.0,-21.0,-201.0,-473.0,42.0,580.0
-395.0,-466.0,-924.0,-1064.0,44.0,-120.0,-177.0,-434.0,165.0,535.0
-389.0,-208.0,-935.0,-1069.0,51.0,-144.0,-107.0,-458.0,293.0,462.0
-369.0,81.0,-909.0,-1052.0,45.0,-127.0,-47.0,-602.0,400.0,372.0
-359.0,408.0,-879.0,-1039.0,31.0,-33.0,-39.0,-626.0,481.0,254.0
-341.0,624.0,-866.0,-988.0,9.0,18.0,-68.0,-766.0,571.0,127.0
-312.0,822.0,-847.0,-886.0,-24.0,51.0,-94.0,-798.0,681.0,-7.0
-270.0,1080.0,-817.0,-790.0,-74.0,91.0,-77.0,-740.0,736.0,-124.0
-223.0,1197.0,-812.0,-652.0,-133.0,90.0,-37.0,-556.0,655.0,-239.0
-162.0,1077.0,-817.0,-505.0,-185.0,14.0,-22.0,-271.0,493.0,-358.0
-101.0,958.0,-779.0,-383.0,-227.0,-66.0,-8.0,-186.0,381.0,-430.0
-48.0,947.0,-771.0,-245.0,-267.0,-112.0,-31.0,-48.0,318.0,-489.0
8.0,789.0,-759.0,-149.0,-305.0,-223.0,-73.0,-18.0,232.0,-560.0
49.0,519.0,-735.0,-83.0,-339.0,-285.0,-91.0,-97.0,72.0,-602.0
89.0,420.0,-708.0,-34.0,-365.0,-260.0,-124.0,-243.0,-116.0,-604.0
116.0,356.0,-675.0,24.0,-387.0,-226.0,-165.0,-341.0,-262.0,-613.0
135.0,116.0,-642.0,83.0,-403.0,-257.0,-197.0,-254.0,-381.0,-642.0
154.0,-159.0,-573.0,89.0,-401.0,-268.0,-213.0,-432.0,-534.0,-657.0
158.0,-450.0,-518.0,76.0,-377.0,-209.0,-215.0,-609.0,-705.0,-658.0
151.0,-781.0,-449.0,57.0,-341.0,-152.0,-199.0,-790.0,-830.0,-692.0
141.0,-953.0,-356.0,49.0,-301.0,-91.0,-158.0,-962.0,-880.0,-744.0
127.0,-956.0,-265.0,40.0,-253.0,-93.0,-148.0,-971.0,-875.0,-746.0
112.0,-964.0,-169.0,28.0,-203.0,-137.0,-183.0,-1018.0,-931.0,-734.0
90.0,-1010.0,-81.0,20.0,-160.0,-286.0,-243.0,-726.0,-1018.0,-730.0
61.0,-966.0,16.0,17.0,-136.0,-454.0,-282.0,-502.0,-1031.0,-688.0
32.0,-793.0,116.0,16.0,-136.0,-493.0,-248.0,-319.0,-966.0,-624.0
-3.0,-617.0,210.0,28.0,-145.0,-390.0,-209.0,-62.0,-869.0,-569.0
-40.0,-406.0,310.0,41.0,-154.0,-206.0,-174.0,-123.0,-783.0,-531.0
-75.0,-158.0,415.0,58.0,-169.0,-242.0,-160.0,-144.0,-709.0,-503.0
-99.0,-98.0,499.0,105.0,-189.0,-361.0,-209.0,-227.0,-645.0,-486.0
-133.0,-210.0,576.0,116.0,-195.0,-357.0,-247.0,-343.0,-541.0,-499.0
-163.0,-313.0,643.0,112.0,-167.0,-344.0,-268.0,-423.0,-407.0,-536.0
-175.0,-474.0,679.0,87.0,-112.0,-258.0,-277.0,-463.0,-315.0,-570.0
-188.0,-603.0,708.0,32.0,-51.0,-146.0,-233.0,-450.0,-304.0,-587.0
-200.0,-408.0,730.0,1.0,-3.0,-89.0,-203.0,-594.0,-342.0,-605.0
-226.0,-125.0,722.0,-17.0,25.0,-116.0,-210.0,-694.0,-330.0,-579.0
-242.0,-71.0,685.0,-44.0,29.0,-152.0,-210.0,-711.0,-249.0,-496.0
-251.0,-40.0,652.0,-106.0,17.0,-37.0,-210.0,-524.0,-189.0,-412.0
-275.0,-28.0,599.0,-183.0,9.0,-37.0,-204.0,-243.0,-191.0,-312.0
-298.0,-119.0,517.0,-258.0,27.0,-193.0,-205.0,-16.0,-202.0,-196.0
-326.0,-54.0,446.0,-312.0,74.0,-265.0,-188.0,206.0,-199.0,-102.0
-362.0,126.0,364.0,-333.0,120.0,-273.0,-177.0,219.0,-152.0,-49.0
-397.0,213.0,268.0,-321.0,147.0,-222.0,-207.0,230.0,-93.0,-19.0
-451.0,323.0,185.0,-274.0,167.0,-208.0,-225.0,129.0,-79.0,-14.0
-491.0,491.0,125.0,-208.0,189.0,-166.0,-259.0,18.0,-91.0,-45.0
-527.0,587.0,27.0,-108.0,204.0,-59.0,-278.0,46.0,-71.0,-104.0
-577.0,602.0,-33.0,-28.0,212.0,-30.0,-261.0,-42.0,4.0,-179.0
-631.0,650.0,-72.0,29.0,228.0,-20.0,-277.0,66.0,71.0,-242.0
-669.0,793.0,-143.0,113.0,258.0,-53.0,-301.0,77.0,86.0,-313.0
-688.0,925.0,-161.0,163.0,283.0,-93.0,-321.0,36.0,60.0,-373.0
-714.0,1013.0,-190.0,192.0,281.0,-147.0,-341.0,145.0,61.0,-372.0
-711.0,1079.0,-210.0,210.0,259.0,-246.0,-339.0,101.0,124.0,-348.0
-698.0,1004.0,-206.0,190.0,244.0,-275.0,-344.0,173.0,175.0,-313.0
-664.0,817.0,-213.0,150.0,242.0,-266.0,-343.0,147.0,181.0,-250.0
-621.0,732.0,-197.0,76.0,234.0,-265.0,-354.0,77.0,175.0,-153.0
-586.0,729.0,-167.0,19.0,229.0,-241.0,-388.0,27.0,212.0,-59.0
-542.0,757.0,-154.0,-53.0,242.0,-271.0,-367.0,-44.0,292.0,3.0
-492.0,846.0,-164.0,-174.0,270.0,-412.0,-317.0,-11.0,339.0,78.0
-422.0,739.0,-140.0,-289.0,284.0,-481.0,-311.0,-112.0,325.0,151.0
-361.0,332.0,-124.0,-435.0,265.0,-377.0,-324.0,-33.0,305.0,201.0
-293.0,-15.0,-118.0,-565.0,231.0,-194.0,-318.0,49.0,290.0,248.0
-232.0,-139.0,-86.0,-668.0,210.0,-97.0,-320.0,125.0,297.0,314.0
-169.0,-212.0,-57.0,-764.0,207.0,-115.0,-326.0,225.0,310.0,382.0
-111.0,-339.0,-45.0,-825.0,198.0,-76.0,-342.0,94.0,286.0,425.0
-64.0,-485.0,-22.0,-874.0,170.0,25.0,-343.0,127.0,278.0,471.0
-13.0,-582.0,11.0,-892.0,139.0,11.0,-306.0,110.0,255.0,533.0
17.0,-691.0,22.0,-880.0,114.0,-138.0,-307.0,121.0,201.0,588.0
56.0,-877.0,52.0,-842.0,69.0,-274.0,-306.0,66.0,160.0,601.0
81.0,-1023.0,74.0,-772.0,4.0,-345.0,-285.0,-121.0,125.0,607.0
106.0,-1007.0,92.0,-682.0,-51.0,-349.0,-271.0,-168.0,115.0,611.0
129.0,-895.0,126.0,-594.0,-82.0,-342.0,-265.0,-314.0,144.0,577.0
154.0,-758.0,151.0,-491.0,-100.0,-360.0,-262.0,-325.0,177.0,514.0
188.0,-561.0,186.0,-377.0,-113.0,-369.0,-261.0,-273.0,160.0,438.0
210.0,-383.0,237.0,-287.0,-120.0,-358.0,-274.0,-232.0,131.0,367.0
228.0,-343.0,271.0,-230.0,-122.0,-267.0,-271.0,-208.0,106.0,264.0
242.0,-384.0,300.0,-199.0,-128.0,-148.0,-271.0,-175.0,85.0,164.0
251.0,-400.0,343.0,-186.0,-136.0,-168.0,-266.0,-7.0,106.0,98.0
250.0,-481.0,351.0,-197.0,-136.0,-269.0,-251.0,-42.0,126.0,41.0
253.0,-595.0,390.0,-214.0,-127.0,-256.0,-263.0,-18.0,80.0,-7.0
249.0,-578.0,404.0,-238.0,-108.0,-277.0,-293.0,-48.0,-31.0,-47.0
246.0,-585.0,388.0,-282.0,-88.0,-396.0,-289.0,-214.0,-163.0,-71.0
233.0,-688.0,404.0,-327.0,-77.0,-364.0,-239.0,-256.0,-243.0,-96.0
222.0,-765.0,367.0,-373.0,-68.0,-202.0,-174.0,-332.0,-253.0,-124.0
224.0,-852.0,328.0,-396.0,-56.0,-142.0,-122.0,-120.0,-259.0,-127.0
218.0,-917.0,287.0,-401.0,-44.0,-239.0,-109.0,86.0,-302.0,-108.0
217.0,-836.0,206.0,-398.0,-36.0,-288.0,-121.0,120.0,-375.0,-104.0
208.0,-622.0,99.0,-387.0,-31.0,-252.0,-133.0,162.0,-423.0,-80.0
210.0,-409.0,-5.0,-386.0,-32.0,-212.0,-128.0,11.0,-461.0,-34.0
216.0,-320.0,-144.0,-356.0,-38.0,-187.0,-116.0,-57.0,-510.0,-8.0
206.0,-279.0,-309.0,-311.0,-47.0,-200.0,-101.0,-97.0,-566.0,3.0
179.0,-125.0,-449.0,-296.0,-48.0,-230.0,-91.0,-24.0,-630.0,16.0
156.0,86.0,-602.0,-297.0,-41.0,-279.0,-77.0,127.0,-650.0,26.0
126.0,287.0,-745.0,-288.0,-46.0,-265.0,-80.0,197.0,-611.0,0.0
73.0,497.0,-869.0,-301.0,-67.0,-212.0,-89.0,336.0,-541.0,-58.0
18.0,703.0,-975.0,-321.0,-94.0,-273.0,-56.0,282.0,-498.0,-115.0
-41.0,927.0,-1055.0,-319.0,-110.0,-421.0,-22.0,240.0,-484.0,-166.0
-78.0,1145.0,-1102.0,-297.0,-113.0,-512.0,29.0,175.0,-469.0,-247.0
-122.0,1275.0,-1116.0,-247.0,-106.0,-486.0,90.0,64.0,-436.0,-323.0
-164.0,1217.0,-1105.0,-214.0,-99.0,-457.0,107.0,24.0,-367.0,-352.0
-185.0,946.0,-1045.0,-179.0,-111.0,-477.0,110.0,-94.0,-384.0,-377.0
-218.0,603.0,-960.0,-141.0,-139.0,-436.0,118.0,-60.0,-473.0,-394.0
-238.0,328.0,-869.0,-100.0,-163.0,-387.0,118.0,-25.0,-494.0,-366.0
-265.0,134.0,-739.0,-86.0,-170.0,-420.0,130.0,53.0,-412.0,-298.0
-288.0,-27.0,-614.0,-109.0,-169.0,-385.0,144.0,94.0,-322.0,-235.0
-303.0,-162.0,-513.0,-128.0,-166.0,-236.0,143.0,48.0,-319.0,-175.0
-321.0,-226.0,-372.0,-173.0,-155.0,-146.0,145.0,79.0,-330.0,-106.0
-335.0,-166.0,-266.0,-224.0,-130.0,-253.0,139.0,-27.0,-289.0,-54.0
-350.0,-6.0,-160.0,-280.0,-92.0,-404.0,156.0,27.0,-221.0,-59.0
-346.0,234.0,-57.0,-315.0,-61.0,-436.0,210.0,75.0,-193.0,-83.0
-340.0,490.0,15.0,-307.0,-41.0,-442.0,261.0,-1.0,-178.0,-107.0
-316.0,601.0,88.0,-292.0,-21.0,-469.0,299.0,-86.0,-127.0,-155.0
-297.0,594.0,124.0,-242.0,1.0,-477.0,316.0,-277.0,-41.0,-198.0
-290.0,554.0,153.0,-159.0,22.0,-422.0,322.0,-243.0,38.0,-238.0
-269.0,438.0,174.0,-89.0,31.0,-400.0,339.0,-277.0,68.0,-258.0
-259.0,237.0,208.0,-25.0,26.0,-426.0,345.0,-243.0,97.0,-270.0
-234.0,17.0,227.0,73.0,9.0,-388.0,346.0,-96.0,169.0,-292.0
-225.0,-158.0,249.0,175.0,-15.0,-375.0,347.0,-158.0,265.0,-274.0
-212.0,-310.0,281.0,238.0,-49.0,-407.0,336.0,-157.0,354.0,-226.0
-178.0,-435.0,292.0,276.0,-92.0,-361.0,341.0,-199.0,433.0,-190.0
-162.0,-508.0,313.0,296.0,-129.0,-322.0,355.0,-169.0,501.0,-133.0
-130.0,-574.0,335.0,301.0,-140.0,-426.0,394.0,-184.0,567.0,-37.0
-94.0,-640.0,352.0,298.0,-131.0,-559.0,431.0,-151.0,623.0,45.0
-44.0,-655.0,366.0,264.0,-108.0,-626.0,454.0,-49.0,678.0,117.0
12.0,-639.0,390.0,207.0,-61.0,-611.0,479.0,-147.0,726.0,208.0
77.0,-649.0,407.0,125.0,-4.0,-629.0,495.0,-49.0,746.0,325.0
132.0,-634.0,424.0,32.0,38.0,-682.0,515.0,-64.0,798.0,427.0
174.0,-565.0,431.0,-33.0,67.0,-604.0,509.0,25.0,807.0,514.0
228.0,-471.0,444.0,-96.0,92.0,-484.0,487.0,236.0,753.0,624.0
265.0,-347.0,463.0,-128.0,123.0,-472.0,452.0,243.0,713.0,714.0
300.0,-223.0,464.0,-143.0,155.0,-509.0,429.0,356.0,709.0,756.0
304.0,-47.0,489.0,-174.0,180.0,-382.0,448.0,271.0,703.0,797.0
293.0,273.0,499.0,-205.0,189.0,-350.0,487.0,210.0,633.0,845.0
282.0,690.0,503.0,-223.0,190.0,-536.0,524.0,206.0,522.0,854.0
249.0,1020.0,535.0,-217.0,186.0,-657.0,539.0,169.0,395.0,849.0
203.0,1113.0,525.0,-226.0,170.0,-680.0,523.0,75.0,288.0,845.0
152.0,1003.0,516.0,-213.0,149.0,-652.0,479.0,-182.0,164.0,823.0
102.0,843.0,513.0,-216.0,133.0,-726.0,446.0,-269.0,5.0,774.0
49.0,770.0,471.0,-273.0,127.0,-762.0,432.0,-299.0,-119.0,714.0
2.0,753.0,437.0,-309.0,139.0,-800.0,416.0,-157.0,-228.0,658.0
-59.0,688.0,401.0,-335.0,155.0,-859.0,426.0,-46.0,-361.0,582.0
-105.0,530.0,355.0,-389.0,153.0,-698.0,465.0,-72.0,-470.0,493.0
-140.0,303.0,289.0,-435.0,136.0,-500.0,495.0,18.0,-476.0,406.0
-172.0,123.0,247.0,-453.0,116.0,-472.0,549.0,66.0,-474.0,333.0
-200.0,41.0,202.0,-474.0,100.0,-680.0,595.0,258.0,-513.0,247.0
-217.0,3.0,122.0,-503.0,86.0,-718.0,605.0,382.0,-493.0,147.0
-213.0,-3.0,78.0,-525.0,69.0,-568.0,607.0,397.0,-407.0,72.0
-208.0,16.0,25.0,-539.0,45.0,-537.0,559.0,419.0,-338.0,1.0
-185.0,43.0,-42.0,-581.0,16.0,-519.0,517.0,371.0,-323.0,-73.0
-165.0,63.0,-85.0,-615.0,-23.0,-567.0,518.0,443.0,-307.0,-165.0
-127.0,21.0,-153.0,-589.0,-73.0,-614.0,524.0,334.0,-240.0,-239.0
-90.0,-76.0,-201.0,-559.0,-113.0,-685.0,552.0,273.0,-90.0,-315.0
-46.0,-161.0,-236.0,-519.0,-133.0,-679.0,594.0,208.0,10.0,-422.0
6.0,-209.0,-295.0,-462.0,-144.0,-473.0,595.0,66.0,22.0,-493.0
54.0,-215.0,-300.0,-381.0,-158.0,-373.0,571.0,214.0,34.0,-533.0
113.0,-255.0,-340.0,-286.0,-171.0,-422.0,553.0,179.0,23.0,-535.0
175.0,-384.0,-374.0,-215.0,-173.0,-444.0,536.0,282.0,12.0,-499.0
237.0,-515.0,-359.0,-146.0,-161.0,-450.0,556.0,434.0,5.0,-411.0
290.0,-619.0,-385.0,-89.0,-139.0,-540.0,606.0,397.0,11.0,-251.0
351.0,-690.0,-384.0,-70.0,-117.0,-611.0,639.0,500.0,18.0,-70.0
397.0,-650.0,-370.0,-43.0,-90.0,-542.0,629.0,419.0,22.0,117.0
444.0,-571.0,-363.0,-36.0,-60.0,-479.0,621.0,445.0,28.0,312.0
480.0,-616.0,-357.0,-47.0,-24.0,-520.0,619.0,463.0,24.0,482.0
523.0,-708.0,-341.0,-20.0,18.0,-588.0,616.0,428.0,8.0,595.0
566.0,-732.0,-330.0,12.0,73.0,-594.0,623.0,367.0,-28.0,675.0
588.0,-748.0,-316.0,31.0,124.0,-602.0,606.0,166.0,-46.0,743.0
628.0,-788.0,-270.0,41.0,149.0,-623.0,603.0,179.0,-64.0,766.0
640.0,-719.0,-258.0,89.0,157.0,-520.0,606.0,142.0,-78.0,752.0
652.0,-448.0,-224.0,163.0,165.0,-400.0,616.0,155.0,-125.0,743.0
658.0,-66.0,-189.0,213.0,172.0,-406.0,649.0,173.0,-221.0,731.0
652.0,219.0,-191.0,274.0,159.0,-467.0,661.0,258.0,-267.0,686.0
628.0,278.0,-157.0,334.0,124.0,-440.0,637.0,460.0,-245.0,609.0
591.0,194.0,-143.0,373.0,79.0,-378.0,606.0,487.0,-236.0,533.0
555.0,140.0,-113.0,397.0,30.0,-440.0,595.0,602.0,-266.0,454.0
519.0,155.0,-83.0,387.0,-29.0,-507.0,593.0,611.0,-248.0,328.0
488.0,91.0,-75.0,349.0,-95.0,-492.0,586.0,594.0,-217.0,175.0
438.0,-65.0,-41.0,310.0,-149.0,-486.0,579.0,450.0,-223.0,52.0
411.0,-52.0,-53.0,294.0,-178.0,-600.0,565.0,83.0,-196.0,-86.0
367.0,233.0,-42.0,260.0,-190.0,-711.0,526.0,0.0,-137.0,-233.0
309.0,529.0,-7.0,199.0,-196.0,-630.0,502.0,60.0,-138.0,-332.0
260.0,617.0,1.0,132.0,-183.0,-602.0,472.0,251.0,-172.0,-392.0
210.0,665.0,39.0,40.0,-153.0,-639.0,426.0,450.0,-117.0,-451.0
157.0,911.0,78.0,-44.0,-132.0,-569.0,385.0,546.0,-48.0,-515.0
89.0,1228.0,93.0,-120.0,-132.0,-513.0,364.0,648.0,-72.0,-532.0
27.0,1309.0,151.0,-191.0,-140.0,-566.0,359.0,550.0,-91.0,-550.0
-45.0,1096.0,204.0,-243.0,-128.0,-642.0,339.0,563.0,-36.0,-591.0
-97.0,779.0,212.0,-281.0,-95.0,-578.0,340.0,582.0,43.0,-617.0
-156.0,471.0,274.0,-310.0,-58.0,-596.0,322.0,574.0,141.0,-639.0
-222.0,113.0,311.0,-330.0,-38.0,-705.0,286.0,602.0,205.0,-681.0
-265.0,-316.0,327.0,-325.0,-26.0,-728.0,243.0,445.0,217.0,-756.0
-318.0,-681.0,356.0,-292.0,-5.0,-715.0,185.0,410.0,286.0,-798.0
-358.0,-865.0,369.0,-247.0,25.0,-747.0,138.0,210.0,423.0,-820.0
-406.0,-921.0,368.0,-220.0,53.0,-869.0,79.0,51.0,541.0,-860.0
-433.0,-1004.0,357.0,-204.0,74.0,-794.0,28.0,49.0,591.0,-851.0
-454.0,-1168.0,359.0,-191.0,102.0,-659.0,-12.0,29.0,623.0,-800.0
-483.0,-1244.0,335.0,-180.0,130.0,-695.0,-43.0,155.0,688.0,-724.0
-493.0,-1089.0,314.0,-186.0,136.0,-772.0,-49.0,225.0,792.0,-638.0
-502.0,-890.0,304.0,-209.0,118.0,-748.0,-47.0,400.0,836.0,-534.0
-501.0,-808.0,263.0,-225.0,89.0,-645.0,-54.0,430.0,788.0,-379.0
-509.0,-615.0,227.0,-243.0,66.0,-735.0,-57.0,460.0,797.0,-243.0
-488.0,-161.0,207.0,-258.0,52.0,-828.0,-73.0,537.0,829.0,-127.0
-464.0,289.0,146.0,-266.0,31.0,-763.0,-95.0,458.0,832.0,17.0
-441.0,438.0,98.0,-272.0,-1.0,-724.0,-87.0,594.0,844.0,177.0
-399.0,319.0,71.0,-273.0,-32.0,-738.0,-71.0,598.0,810.0,327.0
-348.0,228.0,3.0,-275.0,-53.0,-697.0,-40.0,533.0,737.0,483.0
-300.0,378.0,-41.0,-280.0,-66.0,-582.0,13.0,447.0,661.0,657.0
-259.0,599.0,-83.0,-290.0,-77.0,-607.0,60.0,277.0,605.0,804.0
-206.0,593.0,-147.0,-283.0,-86.0,-705.0,82.0,227.0,600.0,917.0
-170.0,380.0,-192.0,-283.0,-93.0,-661.0,88.0,121.0,581.0,1007.0
-123.0,133.0,-230.0,-287.0,-109.0,-619.0,76.0,212.0,509.0,1075.0
-93.0,-18.0,-265.0,-273.0,-137.0,-661.0,82.0,210.0,457.0,1096.0
-67.0,-44.0,-272.0,-251.0,-162.0,-627.0,97.0,129.0,448.0,1062.0
-26.0,-133.0,-275.0,-213.0,-171.0,-494.0,92.0,266.0,432.0,1024.0
0.0,-220.0,-251.0,-165.0,-158.0,-450.0,98.0,389.0,363.0,979.0
22.0,-45.0,-219.0,-117.0,-133.0,-536.0,105.0,582.0,282.0,901.0
45.0,160.0,-209.0,-100.0,-116.0,-519.0,124.0,546.0,233.0,819.0
71.0,205.0,-133.0,-86.0,-104.0,-380.0,143.0,491.0,209.0,752.0
74.0,352.0,-94.0,-62.0,-87.0,-349.0,162.0,491.0,164.0,673.0
97.0,559.0,-74.0,-46.0,-69.0,-490.0,154.0,443.0,67.0,576.0
130.0,632.0,7.0,-30.0,-55.0,-590.0,128.0,495.0,-15.0,487.0
164.0,692.0,30.0,-3.0,-42.0,-442.0,124.0,341.0,-51.0,408.0
206.0,742.0,38.0,14.0,-18.0,-254.0,143.0,328.0,-80.0,325.0
263.0,669.0,84.0,0.0,14.0,-180.0,198.0,286.0,-153.0,247.0
340.0,559.0,69.0,-3.0,46.0,-120.0,208.0,195.0,-243.0,200.0
400.0,442.0,59.0,5.0,75.0,-98.0,180.0,319.0,-260.0,196.0
454.0,221.0,81.0,9.0,100.0,-154.0,141.0,369.0,-214.0,198.0
513.0,-49.0,37.0,41.0,123.0,-194.0,82.0,498.0,-194.0,224.0
566.0,-127.0,31.0,76.0,146.0,-219.0,51.0,430.0,-231.0,324.0
610.0,-17.0,41.0,118.0,172.0,-290.0,43.0,376.0,-249.0,452.0
643.0,-60.0,-30.0,181.0,197.0,-388.0,70.0,443.0,-217.0,574.0
672.0,-262.0,-43.0,248.0,212.0,-348.0,65.0,465.0,-189.0,714.0
690.0,-416.0,-51.0,313.0,216.0,-122.0,38.0,598.0,-144.0,875.0
676.0,-530.0,-112.0,360.0,206.0,-64.0,45.0,546.0,-79.0,1003.0
653.0,-477.0,-87.0,377.0,179.0,-158.0,48.0,600.0,-32.0,1087.0
625.0,-263.0,-76.0,394.0,138.0,-169.0,37.0,650.0,-19.0,1159.0
576.0,-220.0,-100.0,426.0,99.0,-71.0,21.0,674.0,4.0,1191.0
511.0,-411.0,-62.0,453.0,80.0,12.0,4.0,744.0,24.0,1163.0
447.0,-582.0,-57.0,463.0,80.0,-38.0,-24.0,644.0,-8.0,1090.0
395.0,-573.0,-29.0,426.0,82.0,-60.0,-27.0,659.0,-9.0,1014.0
337.0,-495.0,32.0,356.0,77.0,-113.0,-38.0,606.0,43.0,895.0
285.0,-541.0,81.0,288.0,70.0,-197.0,-82.0,570.0,80.0,728.0
231.0,-520.0,145.0,197.0,70.0,-223.0,-103.0,482.0,85.0,572.0
187.0,-240.0,205.0,110.0,66.0,-180.0,-110.0,327.0,84.0,391.0
145.0,-71.0,275.0,36.0,47.0,-104.0,-115.0,312.0,112.0,209.0
98.0,-195.0,321.0,-38.0,23.0,-100.0,-113.0,147.0,146.0,24.0
82.0,-223.0,366.0,-96.0,16.0,-64.0,-109.0,147.0,134.0,-133.0
69.0,46.0,436.0,-128.0,27.0,-26.0,-134.0,192.0,80.0,-240.0
60.0,380.0,449.0,-134.0,38.0,-64.0,-173.0,330.0,57.0,-365.0
68.0,594.0,458.0,-159.0,40.0,-122.0,-190.0,655.0,88.0,-452.0
79.0,645.0,497.0,-223.0,37.0,-52.0,-189.0,811.0,113.0,-508.0
100.0,511.0,473.0,-287.0,30.0,13.0,-178.0,1047.0,104.0,-572.0
116.0,412.0,461.0,-329.0,24.0,-39.0,-155.0,1053.0,53.0,-636.0
123.0,523.0,488.0,-352.0,13.0,-15.0,-126.0,866.0,-15.0,-688.0
127.0,727.0,427.0,-389.0,-5.0,42.0,-109.0,624.0,-20.0,-692.0
129.0,954.0,402.0,-426.0,-24.0,27.0,-120.0,419.0,-36.0,-709.0
125.0,1218.0,388.0,-446.0,-32.0,-31.0,-123.0,537.0,-160.0,-732.0
121.0,1286.0,310.0,-460.0,-37.0,-14.0,-115.0,642.0,-324.0,-718.0
116.0,953.0,317.0,-441.0,-47.0,37.0,-138.0,866.0,-383.0,-703.0
107.0,490.0,293.0,-415.0,-53.0,36.0,-157.0,960.0,-362.0,-698.0
105.0,218.0,246.0,-349.0,-43.0,-45.0,-163.0,934.0,-411.0,-701.0
99.0,112.0,269.0,-260.0,-23.0,-119.0,-146.0,929.0,-464.0,-677.0
87.0,51.0,253.0,-183.0,-9.0,-39.0,-134.0,811.0,-454.0,-666.0
66.0,-40.0,254.0,-81.0,0.0,80.0,-136.0,883.0,-435.0,-690.0
53.0,-220.0,283.0,31.0,13.0,158.0,-146.0,742.0,-414.0,-687.0
34.0,-447.0,258.0,141.0,35.0,130.0,-161.0,692.0,-372.0,-677.0
11.0,-589.0,270.0,211.0,58.0,90.0,-174.0,724.0,-354.0,-684.0
8.0,-557.0,304.0,262.0,64.0,99.0,-214.0,615.0,-351.0,-688.0
7.0,-469.0,279.0,319.0,60.0,26.0,-236.0,768.0,-296.0,-676.0
20.0,-603.0,336.0,378.0,63.0,-20.0,-249.0,801.0,-255.0,-642.0
45.0,-931.0,363.0,464.0,72.0,-72.0,-224.0,872.0,-200.0,-624.0
64.0,-1054.0,332.0,552.0,71.0,-161.0,-143.0,824.0,-68.0,-593.0
81.0,-922.0,382.0,585.0,51.0,-152.0,-58.0,628.0,64.0,-528.0
97.0,-923.0,368.0,591.0,19.0,-29.0,-17.0,504.0,179.0,-475.0
105.0,-1110.0,364.0,614.0,-12.0,150.0,-14.0,328.0,328.0,-423.0
109.0,-1291.0,397.0,598.0,-40.0,282.0,-34.0,400.0,482.0,-359.0
110.0,-1335.0,405.0,590.0,-66.0,322.0,-38.0,408.0,597.0,-279.0
108.0,-1114.0,427.0,612.0,-97.0,352.0,2.0,454.0,695.0,-223.0
102.0,-753.0,473.0,605.0,-143.0,344.0,33.0,582.0,765.0,-182.0
79.0,-448.0,496.0,558.0,-194.0,264.0,88.0,548.0,817.0,-125.0
69.0,-151.0,499.0,497.0,-239.0,250.0,103.0,685.0,886.0,-77.0
57.0,90.0,509.0,451.0,-273.0,252.0,72.0,720.0,949.0,-51.0
29.0,106.0,478.0,378.0,-291.0,95.0,42.0,720.0,956.0,-17.0
18.0,31.0,484.0,294.0,-296.0,-29.0,29.0,774.0,928.0,53.0
14.0,56.0,464.0,223.0,-296.0,12.0,59.0,763.0,919.0,121.0
19.0,195.0,418.0,147.0,-288.0,62.0,77.0,833.0,894.0,200.0
18.0,432.0,386.0,96.0,-265.0,175.0,81.0,816.0,847.0,306.0
25.0,683.0,296.0,56.0,-223.0,353.0,42.0,955.0,784.0,419.0
40.0,869.0,224.0,30.0,-167.0,458.0,20.0,1075.0,686.0,529.0
49.0,1043.0,145.0,31.0,-108.0,466.0,24.0,1099.0,574.0,647.0
63.0,1131.0,70.0,38.0,-54.0,438.0,35.0,1031.0,460.0,768.0
67.0,983.0,-11.0,65.0,-6.0,488.0,45.0,646.0,356.0,883.0
99.0,796.0,-71.0,65.0,28.0,521.0,51.0,373.0,291.0,981.0
138.0,655.0,-90.0,44.0,50.0,441.0,59.0,166.0,226.0,1052.0
175.0,375.0,-168.0,39.0,62.0,304.0,52.0,208.0,108.0,1127.0
215.0,112.0,-195.0,25.0,76.0,177.0,77.0,310.0,-15.0,1158.0
255.0,27.0,-212.0,27.0,83.0,135.0,63.0,399.0,-54.0,1149.0
311.0,29.0,-259.0,44.0,65.0,225.0,51.0,572.0,-41.0,1114.0
339.0,90.0,-281.0,57.0,31.0,338.0,59.0,406.0,0.0,1043.0
362.0,169.0,-323.0,42.0,8.0,315.0,33.0,303.0,43.0,936.0
383.0,233.0,-356.0,28.0,0.0,233.0,24.0,171.0,38.0,792.0
408.0,334.0,-349.0,0.0,-13.0,362.0,16.0,210.0,44.0,664.0
422.0,466.0,-372.0,-45.0,-24.0,671.0,26.0,351.0,100.0,529.0
430.0,605.0,-423.0,-41.0,-14.0,838.0,57.0,356.0,156.0,356.0
453.0,712.0,-425.0,-6.0,0.0,794.0,92.0,515.0,151.0,217.0
448.0,783.0,-475.0,61.0,10.0,684.0,128.0,437.0,148.0,115.0
449.0,900.0,-538.0,128.0,17.0,674.0,119.0,495.0,175.0,26.0
446.0,977.0,-544.0,170.0,26.0,713.0,112.0,508.0,192.0,-44.0
435.0,812.0,-557.0,198.0,37.0,694.0,114.0,412.0,227.0,-88.0
410.0,476.0,-592.0,209.0,47.0,606.0,118.0,500.0,223.0,-115.0
375.0,151.0,-596.0,258.0,64.0,505.0,124.0,406.0,216.0,-168.0
352.0,-130.0,-589.0,312.0,91.0,441.0,120.0,456.0,252.0,-223.0
321.0,-352.0,-608.0,328.0,123.0,425.0,122.0,419.0,265.0,-263.0
303.0,-516.0,-556.0,322.0,154.0,495.0,111.0,402.0,230.0,-292.0
286.0,-642.0,-505.0,280.0,194.0,519.0,99.0,598.0,146.0,-335.0
272.0,-636.0,-467.0,224.0,236.0,552.0,68.0,591.0,70.0,-362.0
254.0,-540.0,-370.0,154.0,254.0,620.0,72.0,668.0,16.0,-328.0
236.0,-538.0,-275.0,67.0,256.0,692.0,118.0,559.0,-48.0,-303.0
224.0,-492.0,-184.0,-10.0,252.0,716.0,132.0,327.0,-95.0,-258.0
223.0,-225.0,-79.0,-69.0,242.0,646.0,128.0,218.0,-122.0,-164.0
220.0,62.0,31.0,-87.0,229.0,750.0,111.0,66.0,-174.0,-46.0
208.0,257.0,120.0,-92.0,211.0,834.0,141.0,1.0,-230.0,67.0
229.0,415.0,206.0,-86.0,196.0,736.0,169.0,-31.0,-260.0,174.0
246.0,507.0,295.0,-52.0,185.0,667.0,174.0,118.0,-280.0,304.0
274.0,584.0,345.0,-16.0,177.0,604.0,195.0,304.0,-290.0,405.0
292.0,551.0,429.0,43.0,165.0,577.0,176.0,404.0,-283.0,464.0
303.0,266.0,515.0,131.0,157.0,619.0,136.0,430.0,-234.0,523.0
336.0,-22.0,557.0,212.0,153.0,677.0,83.0,402.0,-149.0,555.0
349.0,-139.0,605.0,312.0,146.0,659.0,27.0,522.0,-92.0,512.0
355.0,-165.0,657.0,390.0,139.0,551.0,6.0,665.0,-46.0,438.0
353.0,-137.0,698.0,431.0,136.0,578.0,24.0,920.0,0.0,352.0
356.0,-78.0,707.0,484.0,137.0,649.0,62.0,1056.0,15.0,235.0
361.0,76.0,739.0,518.0,126.0,734.0,81.0,1060.0,24.0,88.0
371.0,357.0,718.0,532.0,102.0,856.0,72.0,999.0,72.0,-77.0
384.0,528.0,684.0,505.0,74.0,815.0,50.0,718.0,120.0,-200.0
394.0,437.0,678.0,421.0,38.0,767.0,56.0,644.0,113.0,-321.0
400.0,239.0,665.0,339.0,-13.0,718.0,63.0,526.0,74.0,-463.0
404.0,88.0,618.0,262.0,-68.0,628.0,56.0,421.0,53.0,-550.0
417.0,-39.0,577.0,207.0,-100.0,578.0,51.0,448.0,35.0,-586.0
424.0,-185.0,557.0,200.0,-113.0,586.0,24.0,323.0,8.0,-611.0
443.0,-242.0,463.0,182.0,-113.0,715.0,17.0,315.0,-12.0,-604.0
447.0,-211.0,433.0,161.0,-99.0,844.0,10.0,221.0,-39.0,-540.0
467.0,-289.0,370.0,155.0,-66.0,882.0,-1.0,118.0,-47.0,-444.0
464.0,-420.0,265.0,160.0,-23.0,903.0,8.0,114.0,-15.0,-335.0
463.0,-501.0,232.0,229.0,4.0,947.0,-29.0,110.0,-20.0,-197.0
469.0,-603.0,190.0,289.0,11.0,868.0,-70.0,158.0,-80.0,-23.0
440.0,-607.0,108.0,321.0,0.0,795.0,-82.0,118.0,-81.0,143.0
431.0,-486.0,71.0,352.0,-25.0,853.0,-88.0,258.0,0.0,281.0
393.0,-469.0,53.0,366.0,-60.0,813.0,-35.0,400.0,61.0,430.0
361.0,-538.0,-20.0,362.0,-91.0,717.0,-9.0,458.0,51.0,582.0
318.0,-551.0,9.0,334.0,-110.0,695.0,-10.0,485.0,22.0,707.0
264.0,-591.0,-19.0,314.0,-132.0,688.0,-6.0,461.0,74.0,791.0
214.0,-797.0,-21.0,275.0,-175.0,625.0,-24.0,585.0,173.0,875.0
159.0,-1115.0,20.0,207.0,-232.0,659.0,-41.0,593.0,226.0,956.0
105.0,-1268.0,-35.0,114.0,-279.0,840.0,-52.0,652.0,245.0,988.0
46.0,-1114.0,-2.0,38.0,-309.0,926.0,-65.0,569.0,241.0,1005.0
8.0,-896.0,-15.0,-20.0,-323.0,895.0,-87.0,362.0,231.0,1019.0
-35.0,-819.0,-32.0,-77.0,-312.0,827.0,-83.0,447.0,242.0,987.0
-71.0,-795.0,0.0,-111.0,-270.0,861.0,-57.0,338.0,245.0,931.0
-96.0,-734.0,34.0,-122.0,-214.0,838.0,-26.0,310.0,230.0,855.0
-103.0,-634.0,61.0,-102.0,-165.0,649.0,10.0,415.0,213.0,770.0
-108.0,-563.0,64.0,-95.0,-130.0,604.0,73.0,428.0,186.0,672.0
-124.0,-598.0,93.0,-73.0,-108.0,515.0,119.0,456.0,134.0,548.0
-130.0,-633.0,76.0,-20.0,-95.0,336.0,120.0,267.0,92.0,486.0
-114.0,-596.0,75.0,34.0,-84.0,290.0,108.0,109.0,59.0,441.0
-102.0,-540.0,115.0,89.0,-63.0,488.0,84.0,-16.0,42.0,376.0
-107.0,-310.0,108.0,124.0,-21.0,769.0,71.0,1.0,47.0,341.0
-95.0,201.0,84.0,116.0,27.0,730.0,45.0,182.0,25.0,333.0
-84.0,731.0,66.0,75.0,49.0,666.0,53.0,310.0,-1.0,314.0
-60.0,1076.0,29.0,18.0,27.0,791.0,66.0,478.0,-1.0,250.0
-58.0,1313.0,22.0,-20.0,-27.0,856.0,58.0,565.0,32.0,196.0
-57.0,1464.0,15.0,-19.0,-80.0,800.0,56.0,742.0,72.0,124.0
-29.0,1392.0,-16.0,13.0,-99.0,747.0,37.0,886.0,106.0,23.0
-15.0,1170.0,0.0,58.0,-95.0,728.0,77.0,992.0,145.0,-88.0
-16.0,1052.0,13.0,77.0,-79.0,615.0,155.0,988.0,146.0,-196.0
-26.0,1061.0,26.0,121.0,-39.0,481.0,215.0,787.0,117.0,-291.0
-5.0,1029.0,68.0,169.0,19.0,534.0,251.0,781.0,98.0,-392.0
12.0,1001.0,99.0,190.0,80.0,653.0,277.0,565.0,102.0,-448.0
29.0,1097.0,135.0,221.0,130.0,611.0,287.0,339.0,132.0,-461.0
63.0,1204.0,192.0,250.0,175.0,502.0,283.0,195.0,159.0,-483.0
97.0,1303.0,222.0,295.0,214.0,493.0,258.0,-51.0,177.0,-498.0
135.0,1452.0,288.0,332.0,237.0,560.0,222.0,-107.0,250.0,-475.0
162.0,1551.0,371.0,348.0,258.0,554.0,214.0,-240.0,347.0,-452.0
176.0,1469.0,408.0,392.0,284.0,617.0,194.0,-147.0,387.0,-451.0
187.0,1204.0,464.0,459.0,294.0,724.0,155.0,44.0,394.0,-440.0
217.0,883.0,501.0,474.0,266.0,634.0,109.0,131.0,383.0,-409.0
234.0,500.0,506.0,490.0,213.0,512.0,86.0,258.0,411.0,-388.0
232.0,-17.0,531.0,520.0,170.0,463.0,84.0,273.0,498.0,-394.0
230.0,-479.0,549.0,523.0,143.0,490.0,74.0,463.0,539.0,-393.0
217.0,-697.0,553.0,524.0,132.0,438.0,60.0,513.0,524.0,-382.0
197.0,-829.0,572.0,498.0,134.0,307.0,43.0,519.0,546.0,-382.0
172.0,-919.0,557.0,472.0,141.0,344.0,49.0,620.0,589.0,-404.0
157.0,-843.0,548.0,452.0,140.0,426.0,56.0,644.0,585.0,-402.0
148.0,-711.0,566.0,426.0,128.0,451.0,79.0,764.0,544.0,-381.0
139.0,-656.0,537.0,397.0,119.0,513.0,109.0,755.0,490.0,-384.0
138.0,-663.0,517.0,377.0,112.0,684.0,110.0,763.0,453.0,-361.0
136.0,-704.0,488.0,373.0,100.0,788.0,101.0,609.0,434.0,-301.0
118.0,-742.0,437.0,357.0,93.0,731.0,92.0,439.0,445.0,-238.0
117.0,-694.0,384.0,344.0,86.0,663.0,79.0,452.0,447.0,-180.0
117.0,-552.0,327.0,351.0,65.0,559.0,87.0,410.0,362.0,-105.0
116.0,-412.0,291.0,354.0,35.0,465.0,88.0,452.0,270.0,-27.0
121.0,-297.0,236.0,333.0,9.0,438.0,51.0,212.0,226.0,-3.0
116.0,-117.0,187.0,305.0,-14.0,480.0,45.0,-7.0,212.0,16.0
119.0,160.0,152.0,273.0,-42.0,593.0,23.0,-145.0,193.0,37.0
99.0,423.0,81.0,257.0,-64.0,694.0,-9.0,-397.0,121.0,18.0
89.0,613.0,35.0,242.0,-74.0,778.0,-18.0,-341.0,31.0,-20.0
70.0,780.0,-4.0,198.0,-87.0,874.0,-76.0,-303.0,-29.0,-86.0
53.0,913.0,-48.0,155.0,-106.0,902.0,-102.0,-164.0,-35.0,-151.0
38.0,926.0,-47.0,103.0,-116.0,840.0,-124.0,-25.0,-37.0,-235.0
17.0,784.0,-57.0,34.0,-112.0,805.0,-165.0,-123.0,-149.0,-340.0
14.0,579.0,-63.0,-44.0,-116.0,852.0,-176.0,-197.0,-280.0,-431.0
-22.0,405.0,-52.0,-89.0,-131.0,905.0,-164.0,-277.0,-284.0,-516.0
-31.0,253.0,-42.0,-102.0,-144.0,749.0,-118.0,-162.0,-202.0,-588.0
-46.0,145.0,-51.0,-103.0,-148.0,573.0,-124.0,-40.0,-165.0,-651.0
-53.0,123.0,-54.0,-47.0,-139.0,642.0,-154.0,97.0,-207.0,-673.0
-61.0,162.0,-65.0,20.0,-122.0,689.0,-185.0,208.0,-243.0,-673.0
-74.0,252.0,-98.0,80.0,-96.0,685.0,-231.0,118.0,-254.0,-662.0
-51.0,402.0,-93.0,135.0,-64.0,703.0,-243.0,116.0,-275.0,-617.0
-45.0,557.0,-112.0,166.0,-33.0,683.0,-223.0,48.0,-348.0,-555.0
-18.0,561.0,-151.0,186.0,-13.0,699.0,-194.0,173.0,-406.0,-482.0
-8.0,316.0,-187.0,198.0,-2.0,751.0,-210.0,360.0,-405.0,-441.0
22.0,-13.0,-215.0,204.0,6.0,828.0,-246.0,373.0,-394.0,-401.0
53.0,-267.0,-253.0,217.0,19.0,852.0,-280.0,371.0,-373.0,-361.0
91.0,-484.0,-303.0,204.0,47.0,726.0,-278.0,75.0,-378.0,-362.0
129.0,-657.0,-330.0,144.0,78.0,652.0,-261.0,-145.0,-405.0,-372.0
153.0,-744.0,-395.0,79.0,90.0,647.0,-281.0,-258.0,-413.0,-372.0
200.0,-820.0,-430.0,16.0,95.0,534.0,-303.0,-319.0,-393.0,-365.0
212.0,-905.0,-453.0,-20.0,106.0,489.0,-338.0,-245.0,-350.0,-379.0
228.0,-832.0,-472.0,-36.0,119.0,563.0,-339.0,-238.0,-302.0,-379.0
237.0,-557.0,-468.0,-41.0,118.0,603.0,-338.0,-205.0,-228.0,-345.0
250.0,-262.0,-476.0,-27.0,92.0,603.0,-356.0,-258.0,-157.0,-319.0
243.0,-64.0,-444.0,-3.0,48.0,661.0,-331.0,-236.0,-116.0,-298.0
239.0,37.0,-426.0,18.0,6.0,699.0,-297.0,-214.0,-116.0,-244.0
234.0,101.0,-400.0,4.0,-18.0,655.0,-282.0,-192.0,-136.0,-179.0
219.0,197.0,-361.0,-13.0,-26.0,626.0,-271.0,-1.0,-121.0,-139.0
203.0,338.0,-312.0,-17.0,-29.0,576.0,-258.0,92.0,-108.0,-101.0
175.0,480.0,-239.0,-34.0,-31.0,608.0,-249.0,229.0,-80.0,-74.0
157.0,544.0,-177.0,-56.0,-32.0,619.0,-229.0,267.0,-49.0,-51.0
116.0,513.0,-102.0,-80.0,-35.0,527.0,-218.0,303.0,-47.0,-58.0
92.0,421.0,-31.0,-100.0,-23.0,489.0,-227.0,362.0,-23.0,-76.0
66.0,247.0,33.0,-117.0,0.0,423.0,-219.0,367.0,-13.0,-66.0
39.0,26.0,92.0,-133.0,20.0,358.0,-172.0,434.0,-30.0,-88.0
4.0,-128.0,156.0,-109.0,39.0,363.0,-121.0,297.0,-49.0,-113.0
-28.0,-276.0,216.0,-60.0,53.0,388.0,-121.0,328.0,-43.0,-97.0
-50.0,-464.0,252.0,-17.0,58.0,440.0,-139.0,391.0,-28.0,-73.0
-68.0,-527.0,264.0,3.0,71.0,420.0,-146.0,378.0,-11.0,-49.0
-92.0,-402.0,286.0,7.0,106.0,373.0,-144.0,456.0,0.0,12.0
-116.0,-226.0,304.0,27.0,136.0,427.0,-149.0,447.0,-12.0,112.0
-119.0,-88.0,298.0,62.0,144.0,442.0,-161.0,589.0,-10.0,229.0
-133.0,-14.0,293.0,100.0,133.0,444.0,-145.0,519.0,2.0,341.0
-135.0,-47.0,286.0,130.0,120.0,492.0,-123.0,391.0,19.0,478.0
-133.0,-155.0,266.0,146.0,109.0,392.0,-89.0,303.0,52.0,633.0
-112.0,-262.0,240.0,130.0,95.0,300.0,-68.0,70.0,121.0,744.0
-103.0,-310.0,250.0,117.0,83.0,402.0,-84.0,64.0,189.0,833.0
-94.0,-328.0,240.0,129.0,69.0,466.0,-122.0,-72.0,209.0,914.0
-79.0,-329.0,231.0,125.0,50.0,413.0,-162.0,-160.0,208.0,966.0
-65.0,-249.0,241.0,137.0,32.0,316.0,-199.0,-118.0,212.0,944.0
-43.0,-171.0,235.0,162.0,24.0,285.0,-210.0,-153.0,240.0,910.0
-37.0,-176.0,252.0,184.0,28.0,344.0,-169.0,-40.0,288.0,879.0
-26.0,-210.0,268.0,204.0,37.0,327.0,-111.0,18.0,382.0,778.0
-41.0,-224.0,275.0,225.0,48.0,242.0,-63.0,99.0,475.0,655.0
-56.0,-257.0,294.0,273.0,54.0,189.0,-52.0,90.0,545.0,542.0
-91.0,-320.0,305.0,323.0,59.0,229.0,-43.0,-38.0,593.0,436.0
-142.0,-338.0,314.0,366.0,62.0,350.0,-21.0,-253.0,591.0,295.0
-187.0,-292.0,339.0,404.0,54.0,480.0,-10.0,-439.0,577.0,167.0
-210.0,-199.0,367.0,412.0,43.0,546.0,-40.0,-362.0,579.0,94.0
-228.0,-74.0,387.0,392.0,37.0,446.0,-81.0,-306.0,580.0,31.0
-262.0,58.0,402.0,348.0,26.0,337.0,-95.0,-280.0,532.0,-28.0
-270.0,202.0,434.0,292.0,9.0,354.0,-81.0,-485.0,459.0,-54.0
-278.0,350.0,443.0,248.0,-16.0,368.0,-28.0,-694.0,394.0,-29.0
-285.0,464.0,442.0,217.0,-57.0,337.0,11.0,-665.0,343.0,-26.0
-306.0,553.0,462.0,183.0,-100.0,251.0,35.0,-655.0,296.0,-58.0
-312.0,659.0,441.0,152.0,-138.0,260.0,82.0,-611.0,191.0,-75.0
-305.0,772.0,432.0,111.0,-171.0,366.0,130.0,-635.0,27.0,-91.0
-295.0,892.0,425.0,71.0,-194.0,438.0,188.0,-439.0,-150.0,-134.0
-277.0,1000.0,388.0,50.0,-204.0,548.0,244.0,-271.0,-298.0,-184.0
-259.0,1042.0,364.0,42.0,-207.0,611.0,235.0,-212.0,-414.0,-202.0
-237.0,1048.0,316.0,24.0,-219.0,556.0,216.0,-7.0,-505.0,-245.0
-227.0,1099.0,248.0,-19.0,-236.0,394.0,224.0,-160.0,-544.0,-315.0
-197.0,1198.0,195.0,-65.0,-242.0,299.0,222.0,-225.0,-544.0,-354.0
-178.0,1281.0,123.0,-104.0,-221.0,299.0,215.0,-264.0,-519.0,-393.0
-165.0,1275.0,8.0,-107.0,-178.0,183.0,177.0,-424.0,-524.0,-442.0
-149.0,1182.0,-64.0,-83.0,-130.0,24.0,127.0,-315.0,-554.0,-482.0
-133.0,1103.0,-140.0,-71.0,-85.0,-35.0,74.0,-421.0,-559.0,-478.0
-127.0,1053.0,-262.0,-41.0,-52.0,126.0,72.0,-511.0,-539.0,-463.0
-135.0,969.0,-334.0,17.0,-40.0,373.0,88.0,-532.0,-492.0,-466.0
-124.0,831.0,-407.0,72.0,-43.0,433.0,86.0,-508.0,-403.0,-445.0
-129.0,660.0,-468.0,121.0,-45.0,419.0,93.0,-360.0,-274.0,-399.0
-130.0,490.0,-521.0,152.0,-41.0,362.0,75.0,-365.0,-161.0,-360.0
-148.0,273.0,-590.0,173.0,-24.0,212.0,68.0,-297.0,-60.0,-361.0
-163.0,-3.0,-616.0,202.0,-4.0,187.0,73.0,-432.0,21.0,-325.0
-154.0,-261.0,-636.0,217.0,4.0,141.0,87.0,-543.0,53.0,-276.0
-165.0,-431.0,-623.0,210.0,5.0,-19.0,107.0,-482.0,114.0,-274.0
-170.0,-509.0,-588.0,197.0,17.0,-121.0,112.0,-428.0,213.0,-279.0
-158.0,-583.0,-552.0,156.0,35.0,-198.0,74.0,-260.0,311.0,-287.0
-134.0,-712.0,-471.0,100.0,42.0,-152.0,8.0,-290.0,396.0,-294.0
-129.0,-797.0,-408.0,86.0,40.0,-62.0,-16.0,-351.0,450.0,-353.0
-138.0,-742.0,-326.0,65.0,29.0,20.0,5.0,-460.0,466.0,-404.0
-117.0,-654.0,-205.0,79.0,8.0,132.0,39.0,-530.0,450.0,-430.0
-91.0,-648.0,-118.0,121.0,-24.0,175.0,60.0,-582.0,414.0,-478.0
-80.0,-667.0,-9.0,131.0,-58.0,189.0,78.0,-672.0,351.0,-545.0
-52.0,-622.0,80.0,153.0,-76.0,118.0,88.0,-583.0,313.0,-609.0
-23.0,-513.0,137.0,177.0,-72.0,-12.0,73.0,-678.0,271.0,-633.0
2.0,-371.0,213.0,190.0,-59.0,-95.0,65.0,-598.0,191.0,-702.0
30.0,-235.0,250.0,173.0,-45.0,-137.0,56.0,-548.0,128.0,-769.0
55.0,-164.0,291.0,157.0,-20.0,-183.0,19.0,-681.0,40.0,-808.0
75.0,-105.0,307.0,143.0,12.0,-212.0,-2.0,-642.0,-69.0,-856.0
69.0,1.0,300.0,115.0,44.0,-190.0,-8.0,-779.0,-174.0,-901.0
70.0,83.0,298.0,96.0,59.0,-193.0,6.0,-707.0,-284.0,-946.0
62.0,84.0,277.0,92.0,56.0,-158.0,28.0,-517.0,-383.0,-939.0
52.0,52.0,254.0,100.0,53.0,-37.0,44.0,-497.0,-444.0,-946.0
42.0,19.0,211.0,124.0,59.0,13.0,57.0,-539.0,-455.0,-953.0
21.0,-17.0,152.0,169.0,72.0,70.0,51.0,-648.0,-474.0,-910.0
1.0,-21.0,97.0,197.0,92.0,94.0,42.0,-720.0,-510.0,-864.0
-25.0,-36.0,59.0,231.0,112.0,-87.0,32.0,-892.0,-531.0,-826.0
-50.0,-192.0,1.0,290.0,133.0,-228.0,42.0,-890.0,-544.0,-788.0
-64.0,-463.0,-30.0,349.0,155.0,-279.0,57.0,-907.0,-539.0,-715.0
-76.0,-641.0,-73.0,381.0,178.0,-292.0,51.0,-1008.0,-556.0,-648.0
-91.0,-609.0,-144.0,392.0,205.0,-234.0,35.0,-955.0,-592.0,-606.0
-101.0,-451.0,-161.0,381.0,241.0,-235.0,43.0,-934.0,-564.0,-532.0
-122.0,-267.0,-214.0,349.0,285.0,-210.0,81.0,-659.0,-460.0,-437.0
-132.0,-54.0,-212.0,312.0,326.0,-112.0,126.0,-543.0,-341.0,-381.0
-154.0,191.0,-206.0,259.0,354.0,-111.0,162.0,-591.0,-274.0,-329.0
-176.0,427.0,-239.0,194.0,365.0,-235.0,188.0,-539.0,-242.0,-252.0
-194.0,648.0,-198.0,132.0,356.0,-341.0,215.0,-689.0,-208.0,-172.0
-221.0,824.0,-221.0,81.0,328.0,-355.0,226.0,-705.0,-158.0,-113.0
-245.0,838.0,-211.0,17.0,295.0,-405.0,238.0,-811.0,-95.0,-68.0
-292.0,645.0,-151.0,-64.0,260.0,-525.0,238.0,-816.0,-65.0,-6.0
-315.0,382.0,-156.0,-131.0,220.0,-567.0,258.0,-733.0,-53.0,22.0
-359.0,180.0,-126.0,-179.0,177.0,-600.0,296.0,-783.0,-30.0,-1.0
-397.0,-31.0,-77.0,-213.0,129.0,-655.0,325.0,-676.0,-17.0,-19.0
-422.0,-270.0,-58.0,-245.0,63.0,-601.0,352.0,-812.0,-29.0,-44.0
-456.0,-339.0,-35.0,-297.0,-17.0,-425.0,351.0,-857.0,-70.0,-108.0
-478.0,-136.0,10.0,-335.0,-97.0,-269.0,344.0,-899.0,-128.0,-187.0
-518.0,289.0,28.0,-374.0,-159.0,-246.0,319.0,-1025.0,-183.0,-237.0
-538.0,767.0,81.0,-432.0,-199.0,-242.0,303.0,-966.0,-210.0,-260.0
-549.0,1043.0,136.0,-446.0,-222.0,-272.0,314.0,-1058.0,-229.0,-288.0
-546.0,1025.0,137.0,-449.0,-231.0,-357.0,322.0,-1021.0,-264.0,-275.0
-547.0,763.0,201.0,-482.0,-214.0,-402.0,338.0,-970.0,-302.0,-212.0
-547.0,372.0,237.0,-512.0,-181.0,-469.0,358.0,-855.0,-303.0,-123.0
-512.0,20.0,246.0,-543.0,-147.0,-498.0,389.0,-727.0,-243.0,-33.0
-479.0,-237.0,284.0,-577.0,-124.0,-435.0,421.0,-820.0,-161.0,78.0
-449.0,-456.0,302.0,-595.0,-104.0,-407.0,445.0,-853.0,-90.0,213.0
-427.0,-626.0,305.0,-568.0,-84.0,-404.0,484.0,-997.0,-35.0,326.0
-389.0,-726.0,318.0,-532.0,-69.0,-370.0,483.0,-971.0,18.0,446.0
-339.0,-822.0,328.0,-494.0,-55.0,-319.0,445.0,-764.0,76.0,565.0
-304.0,-863.0,302.0,-429.0,-40.0,-259.0,445.0,-724.0,137.0,680.0
-265.0,-845.0,306.0,-341.0,-23.0,-187.0,465.0,-781.0,221.0,752.0
-233.0,-924.0,276.0,-250.0,-13.0,-279.0,479.0,-835.0,302.0,789.0
-202.0,-1130.0,237.0,-152.0,-17.0,-557.0,479.0,-803.0,384.0,827.0
-165.0,-1349.0,214.0,-37.0,-33.0,-688.0,471.0,-764.0,439.0,825.0
-151.0,-1453.0,144.0,66.0,-53.0,-651.0,458.0,-533.0,406.0,793.0
-138.0,-1408.0,87.0,161.0,-68.0,-605.0,473.0,-454.0,321.0,765.0
-112.0,-1256.0,24.0,243.0,-83.0,-576.0,500.0,-587.0,244.0,764.0
-92.0,-1004.0,-50.0,333.0,-105.0,-515.0,506.0,-535.0,200.0,738.0
-67.0,-670.0,-117.0,418.0,-133.0,-465.0,511.0,-641.0,159.0,704.0
-53.0,-295.0,-180.0,494.0,-163.0,-525.0,500.0,-724.0,67.0,679.0
-49.0,89.0,-274.0,529.0,-194.0,-593.0,513.0,-722.0,-81.0,644.0
-39.0,455.0,-346.0,515.0,-217.0,-609.0,511.0,-759.0,-216.0,583.0
-38.0,795.0,-400.0,512.0,-231.0,-590.0,471.0,-753.0,-325.0,482.0
-29.0,1070.0,-496.0,494.0,-235.0,-659.0,440.0,-687.0,-440.0,421.0
-23.0,1268.0,-522.0,463.0,-227.0,-772.0,395.0,-535.0,-552.0,337.0
-23.0,1465.0,-568.0,415.0,-215.0,-740.0,333.0,-635.0,-634.0,233.0
-11.0,1684.0,-638.0,350.0,-195.0,-693.0,305.0,-726.0,-656.0,163.0
-11.0,1844.0,-646.0,268.0,-169.0,-608.0,310.0,-777.0,-645.0,91.0
-19.0,1876.0,-682.0,199.0,-133.0,-480.0,327.0,-737.0,-619.0,19.0
-41.0,1785.0,-692.0,162.0,-92.0,-434.0,352.0,-461.0,-587.0,-52.0
-52.0,1566.0,-678.0,107.0,-56.0,-456.0,344.0,-367.0,-561.0,-110.0
-63.0,1247.0,-651.0,69.0,-38.0,-467.0,340.0,-184.0,-535.0,-159.0
-98.0,886.0,-617.0,19.0,-31.0,-377.0,349.0,-203.0,-511.0,-217.0
-134.0,538.0,-561.0,7.0,-31.0,-356.0,381.0,-378.0,-464.0,-285.0
-164.0,321.0,-482.0,25.0,-41.0,-513.0,428.0,-402.0,-364.0,-337.0
-178.0,233.0,-421.0,30.0,-52.0,-642.0,434.0,-570.0,-238.0,-400.0
-214.0,205.0,-309.0,76.0,-54.0,-549.0,425.0,-511.0,-143.0,-502.0
-240.0,273.0,-231.0,110.0,-33.0,-430.0,375.0,-386.0,-80.0,-592.0
-240.0,480.0,-155.0,134.0,4.0,-424.0,339.0,-315.0,-71.0,-668.0
-251.0,745.0,-76.0,143.0,41.0,-302.0,346.0,-267.0,-83.0,-737.0
-268.0,888.0,-31.0,110.0,75.0,-159.0,345.0,-303.0,-62.0,-778.0
-292.0,825.0,53.0,51.0,105.0,-114.0,346.0,-264.0,-33.0,-774.0
-295.0,615.0,109.0,-37.0,132.0,-154.0,322.0,-362.0,-14.0,-705.0
-308.0,311.0,143.0,-138.0,149.0,-283.0,309.0,-327.0,2.0,-626.0
-325.0,-33.0,181.0,-225.0,146.0,-315.0,318.0,-225.0,29.0,-533.0
-329.0,-349.0,229.0,-314.0,128.0,-325.0,349.0,-184.0,38.0,-385.0
-337.0,-715.0,236.0,-386.0,114.0,-452.0,406.0,-123.0,10.0,-254.0
-323.0,-1220.0,253.0,-440.0,115.0,-561.0,423.0,-288.0,-22.0,-147.0
-315.0,-1737.0,268.0,-501.0,127.0,-539.0,414.0,-502.0,-11.0,-44.0
-308.0,-2141.0,235.0,-547.0,139.0,-482.0,411.0,-833.0,9.0,46.0
-291.0,-2403.0,248.0,-564.0,146.0,-390.0,398.0,-942.0,-13.0,115.0
-271.0,-2463.0,199.0,-548.0,148.0,-238.0,392.0,-818.0,-46.0,166.0
-250.0,-2301.0,154.0,-505.0,137.0,-278.0,395.0,-696.0,-82.0,223.0
-226.0,-2034.0,129.0,-429.0,121.0,-442.0,375.0,-286.0,-125.0,267.0
-195.0,-1801.0,76.0,-347.0,106.0,-392.0,346.0,-127.0,-155.0,295.0
-181.0,-1592.0,56.0,-269.0,92.0,-276.0,330.0,-179.0,-169.0,302.0
-151.0,-1279.0,5.0,-190.0,74.0,-251.0,322.0,-338.0,-181.0,314.0
-115.0,-869.0,-9.0,-134.0,43.0,-173.0,330.0,-582.0,-188.0,304.0
-85.0,-442.0,-19.0,-62.0,7.0,-93.0,322.0,-646.0,-178.0,260.0
-71.0,-19.0,-59.0,-31.0,-27.0,-139.0,313.0,-703.0,-159.0,224.0
-59.0,326.0,-65.0,-38.0,-59.0,-276.0,285.0,-650.0,-158.0,169.0
-35.0,548.0,-78.0,-19.0,-95.0,-321.0,218.0,-667.0,-167.0,77.0
-30.0,679.0,-115.0,-22.0,-130.0,-270.0,169.0,-626.0,-155.0,-32.0
-8.0,767.0,-132.0,-13.0,-157.0,-214.0,135.0,-554.0,-136.0,-133.0
-6.0,832.0,-144.0,-3.0,-170.0,-139.0,118.0,-582.0,-116.0,-247.0
1.0,849.0,-160.0,-13.0,-169.0,-71.0,83.0,-602.0,-101.0,-387.0
-2.0,830.0,-143.0,-25.0,-161.0,25.0,20.0,-718.0,-107.0,-505.0
-27.0,848.0,-161.0,-64.0,-142.0,80.0,-24.0,-576.0,-138.0,-616.0
-21.0,879.0,-149.0,-93.0,-108.0,100.0,-69.0,-473.0,-179.0,-726.0
-41.0,852.0,-126.0,-108.0,-71.0,187.0,-123.0,-450.0,-186.0,-837.0
-48.0,780.0,-134.0,-160.0,-44.0,280.0,-169.0,-445.0,-155.0,-918.0
-58.0,632.0,-110.0,-222.0,-31.0,200.0,-202.0,-589.0,-109.0,-972.0
-51.0,397.0,-116.0,-268.0,-18.0,30.0,-225.0,-519.0,-61.0,-1045.0
-44.0,200.0,-106.0,-314.0,0.0,-5.0,-233.0,-487.0,-30.0,-1100.0
-51.0,56.0,-108.0,-328.0,19.0,-104.0,-257.0,-404.0,-42.0,-1125.0
-35.0,-91.0,-109.0,-352.0,39.0,-230.0,-310.0,-290.0,-72.0,-1126.0
-45.0,-214.0,-87.0,-384.0,63.0,-206.0,-376.0,-214.0,-75.0,-1106.0
-39.0,-319.0,-106.0,-401.0,89.0,-82.0,-451.0,-73.0,-73.0,-1047.0
-41.0,-458.0,-89.0,-437.0,99.0,-39.0,-492.0,-86.0,-46.0,-923.0
-37.0,-593.0,-95.0,-459.0,90.0,-125.0,-493.0,35.0,7.0,-782.0
-40.0,-600.0,-105.0,-483.0,73.0,-73.0,-483.0,-29.0,51.0,-618.0
-50.0,-460.0,-98.0,-500.0,54.0,6.0,-469.0,-279.0,65.0,-435.0
-45.0,-333.0,-111.0,-525.0,41.0,3.0,-483.0,-338.0,46.0,-252.0
-71.0,-383.0,-101.0,-555.0,34.0,-14.0,-525.0,-352.0,53.0,-81.0
-81.0,-567.0,-118.0,-581.0,26.0,-67.0,-584.0,-173.0,112.0,62.0
-100.0,-770.0,-133.0,-608.0,24.0,-135.0,-643.0,-123.0,180.0,199.0
-140.0,-928.0,-155.0,-603.0,24.0,-255.0,-658.0,-177.0,241.0,312.0
-193.0,-963.0,-199.0,-581.0,21.0,-341.0,-665.0,-247.0,262.0,381.0
-248.0,-894.0,-220.0,-552.0,12.0,-358.0,-673.0,-478.0,238.0,428.0
-292.0,-826.0,-243.0,-501.0,-3.0,-437.0,-709.0,-561.0,204.0,464.0
-352.0,-738.0,-279.0,-429.0,-19.0,-571.0,-763.0,-670.0,176.0,459.0
-394.0,-534.0,-313.0,-332.0,-37.0,-546.0,-791.0,-517.0,147.0,426.0
-423.0,-239.0,-320.0,-227.0,-60.0,-359.0,-825.0,-188.0,133.0,402.0
-452.0,106.0,-341.0,-150.0,-85.0,-218.0,-824.0,-133.0,137.0,396.0
-467.0,445.0,-355.0,-59.0,-103.0,-125.0,-801.0,-66.0,143.0,389.0
-476.0,637.0,-323.0,42.0,-111.0,-34.0,-790.0,-195.0,157.0,386.0
-471.0,656.0,-338.0,141.0,-118.0,40.0,-786.0,-297.0,121.0,427.0
-449.0,598.0,-323.0,235.0,-131.0,-44.0,-813.0,-367.0,22.0,458.0
-419.0,593.0,-275.0,299.0,-145.0,-252.0,-866.0,-498.0,-58.0,466.0
-373.0,675.0,-295.0,351.0,-161.0,-326.0,-901.0,-406.0,-100.0,490.0
-327.0,771.0,-256.0,377.0,-174.0,-361.0,-917.0,-408.0,-147.0,522.0
-286.0,873.0,-250.0,381.0,-181.0,-439.0,-924.0,-448.0,-186.0,538.0
-238.0,979.0,-254.0,349.0,-179.0,-434.0,-917.0,-622.0,-221.0,543.0
-191.0,1079.0,-222.0,283.0,-162.0,-400.0,-929.0,-600.0,-258.0,559.0
-151.0,1137.0,-227.0,209.0,-121.0,-392.0,-939.0,-356.0,-242.0,563.0
-115.0,1063.0,-204.0,109.0,-67.0,-269.0,-948.0,-352.0,-205.0,545.0
-74.0,866.0,-226.0,16.0,-20.0,-109.0,-952.0,-317.0,-207.0,511.0
-43.0,544.0,-220.0,-59.0,17.0,-101.0,-933.0,-441.0,-254.0,470.0
-17.0,102.0,-248.0,-125.0,45.0,-154.0,-936.0,-478.0,-294.0,403.0
-3.0,-151.0,-292.0,-160.0,71.0,-207.0,-945.0,-465.0,-299.0,314.0
-15.0,-149.0,-294.0,-179.0,98.0,-172.0,-944.0,-502.0,-290.0,234.0
-16.0,-175.0,-336.0,-160.0,127.0,-144.0,-939.0,-389.0,-279.0,165.0
-38.0,-197.0,-329.0,-114.0,154.0,-309.0,-917.0,-365.0,-265.0,110.0
-80.0,-170.0,-356.0,-76.0,171.0,-321.0,-910.0,-258.0,-235.0,65.0
-113.0,-287.0,-320.0,-13.0,178.0,-100.0,-920.0,-254.0,-210.0,68.0
-156.0,-558.0,-295.0,48.0,174.0,-56.0,-914.0,-168.0,-202.0,92.0
-193.0,-734.0,-283.0,89.0,160.0,-217.0,-936.0,-55.0,-147.0,98.0
-258.0,-707.0,-203.0,141.0,138.0,-296.0,-975.0,-14.0,-58.0,138.0
-312.0,-570.0,-200.0,182.0,107.0,-297.0,-984.0,81.0,22.0,214.0
-357.0,-367.0,-129.0,203.0,67.0,-285.0,-991.0,-112.0,81.0,298.0
-414.0,-179.0,-114.0,232.0,19.0,-183.0,-994.0,-221.0,68.0,363.0
-453.0,-94.0,-60.0,238.0,-23.0,-187.0,-997.0,-269.0,33.0,438.0
-497.0,-53.0,-19.0,221.0,-58.0,-393.0,-987.0,-205.0,39.0,519.0
-522.0,37.0,-17.0,212.0,-89.0,-624.0,-948.0,-36.0,57.0,554.0
-542.0,246.0,55.0,193.0,-114.0,-738.0,-945.0,-120.0,91.0,551.0
-552.0,645.0,45.0,170.0,-125.0,-635.0,-959.0,-216.0,127.0,553.0
-555.0,1143.0,99.0,168.0,-118.0,-548.0,-964.0,-351.0,153.0,535.0
-547.0,1535.0,72.0,166.0,-101.0,-502.0,-975.0,-336.0,149.0,451.0
-538.0,1727.0,103.0,146.0,-86.0,-329.0,-981.0,-315.0,129.0,385.0
-521.0,1669.0,86.0,129.0,-68.0,-260.0,-988.0,-306.0,117.0,331.0
-489.0,1354.0,33.0,87.0,-43.0,-286.0,-984.0,-273.0,112.0,250.0
-467.0,826.0,85.0,24.0,-15.0,-285.0,-971.0,-493.0,95.0,161.0
-410.0,145.0,-13.0,-23.0,9.0,-318.0,-942.0,-497.0,12.0,77.0
-363.0,-558.0,4.0,-75.0,34.0,-381.0,-881.0,-493.0,-75.0,28.0
-316.0,-1107.0,-33.0,-155.0,59.0,-509.0,-834.0,-384.0,-118.0,-56.0
-252.0,-1377.0,-67.0,-249.0,81.0,-642.0,-786.0,-240.0,-107.0,-141.0
-184.0,-1355.0,-59.0,-338.0,98.0,-649.0,-740.0,-362.0,-28.0,-198.0
-109.0,-1130.0,-99.0,-436.0,104.0,-640.0,-724.0,-216.0,15.0,-272.0
-50.0,-815.0,-88.0,-525.0,97.0,-585.0,-700.0,-229.0,12.0,-342.0
17.0,-421.0,-134.0,-580.0,82.0,-339.0,-677.0,-323.0,7.0,-402.0
72.0,38.0,-99.0,-638.0,71.0,-178.0,-672.0,-471.0,0.0,-414.0
127.0,450.0,-90.0,-678.0,69.0,-251.0,-663.0,-748.0,-10.0,-437.0
171.0,640.0,-94.0,-691.0,75.0,-265.0,-668.0,-691.0,-68.0,-483.0
205.0,584.0,-59.0,-704.0,89.0,-190.0,-672.0,-618.0,-135.0,-484.0
236.0,490.0,-69.0,-691.0,110.0,-259.0,-657.0,-428.0,-181.0,-475.0
245.0,390.0,-69.0,-652.0,138.0,-356.0,-644.0,-243.0,-262.0,-480.0
261.0,240.0,-52.0,-612.0,165.0,-354.0,-642.0,-138.0,-343.0,-487.0
248.0,27.0,-37.0,-579.0,187.0,-325.0,-643.0,11.0,-380.0,-472.0
241.0,-356.0,-18.0,-550.0,194.0,-282.0,-621.0,20.0,-413.0,-461.0
217.0,-795.0,4.0,-530.0,177.0,-217.0,-585.0,-9.0,-495.0,-466.0
197.0,-1047.0,12.0,-501.0,144.0,-179.0,-543.0,-240.0,-604.0,-464.0
199.0,-1066.0,28.0,-476.0,106.0,-116.0,-489.0,-325.0,-661.0,-450.0
189.0,-996.0,34.0,-468.0,82.0,-70.0,-445.0,-181.0,-662.0,-441.0
175.0,-862.0,15.0,-471.0,70.0,-188.0,-432.0,-127.0,-618.0,-452.0
135.0,-560.0,7.0,-470.0,58.0,-171.0,-450.0,-75.0,-525.0,-422.0
120.0,-144.0,-11.0,-450.0,40.0,-101.0,-476.0,-229.0,-434.0,-388.0
79.0,301.0,-43.0,-466.0,15.0,-169.0,-497.0,-332.0,-382.0,-359.0
52.0,722.0,-60.0,-464.0,-13.0,-206.0,-482.0,-413.0,-376.0,-305.0
32.0,1056.0,-100.0,-446.0,-45.0,-158.0,-440.0,-511.0,-389.0,-246.0
0.0,1244.0,-127.0,-447.0,-69.0,-50.0,-424.0,-447.0,-386.0,-171.0
-11.0,1247.0,-171.0,-401.0,-87.0,-114.0,-409.0,-537.0,-341.0,-113.0
-38.0,1114.0,-192.0,-354.0,-103.0,-158.0,-410.0,-509.0,-263.0,-23.0
-36.0,883.0,-218.0,-323.0,-124.0,34.0,-409.0,-428.0,-237.0,90.0
-53.0,589.0,-268.0,-286.0,-155.0,190.0,-403.0,-232.0,-277.0,173.0
-55.0,305.0,-261.0,-254.0,-198.0,215.0,-397.0,-57.0,-333.0,249.0
-57.0,35.0,-291.0,-211.0,-243.0,158.0,-354.0,-229.0,-380.0,328.0
-60.0,-283.0,-284.0,-164.0,-278.0,-19.0,-316.0,-279.0,-385.0,398.0
-41.0,-667.0,-263.0,-111.0,-293.0,-112.0,-292.0,-301.0,-387.0,419.0
-30.0,-1030.0,-253.0,-64.0,-275.0,-65.0,-276.0,-195.0,-379.0,420.0
0.0,-1306.0,-212.0,-33.0,-230.0,-97.0,-250.0,-181.0,-307.0,407.0
5.0,-1540.0,-171.0,-43.0,-174.0,-91.0,-203.0,-314.0,-214.0,365.0
19.0,-1756.0,-120.0,-63.0,-121.0,-84.0,-160.0,-347.0,-130.0,298.0
28.0,-1860.0,-67.0,-43.0,-71.0,-69.0,-118.0,-508.0,-83.0,233.0
49.0,-1754.0,3.0,-38.0,-25.0,-30.0,-87.0,-441.0,-33.0,177.0
68.0,-1405.0,21.0,-21.0,17.0,11.0,-98.0,-365.0,49.0,104.0
66.0,-879.0,60.0,15.0,68.0,62.0,-106.0,-279.0,120.0,32.0
82.0,-335.0,91.0,49.0,125.0,89.0,-102.0,-184.0,187.0,-16.0
86.0,45.0,87.0,99.0,170.0,145.0,-84.0,-245.0,219.0,-29.0
95.0,180.0,95.0,148.0,191.0,49.0,-49.0,-105.0,268.0,-55.0
94.0,191.0,65.0,211.0,196.0,-5.0,-40.0,-96.0,372.0,-53.0
99.0,173.0,32.0,256.0,198.0,-28.0,-13.0,-88.0,424.0,-7.0
113.0,144.0,-23.0,266.0,194.0,-106.0,-5.0,-116.0,411.0,31.0
135.0,136.0,-63.0,259.0,184.0,-173.0,-3.0,-188.0,384.0,64.0
163.0,61.0,-124.0,227.0,171.0,-281.0,7.0,-145.0,385.0,97.0
177.0,-38.0,-196.0,194.0,161.0,-186.0,-15.0,-240.0,396.0,141.0
203.0,-43.0,-256.0,141.0,139.0,-58.0,4.0,-99.0,381.0,139.0
223.0,-6.0,-311.0,59.0,89.0,14.0,1.0,-9.0,386.0,116.0
235.0,67.0,-378.0,1.0,18.0,13.0,-26.0,-42.0,412.0,110.0
248.0,194.0,-415.0,-70.0,-61.0,-28.0,-38.0,-46.0,372.0,91.0
257.0,282.0,-444.0,-150.0,-147.0,18.0,-40.0,-221.0,277.0,59.0
260.0,235.0,-521.0,-198.0,-229.0,-42.0,7.0,-319.0,201.0,34.0
268.0,70.0,-473.0,-236.0,-285.0,-127.0,58.0,-454.0,181.0,44.0
282.0,-137.0,-499.0,-266.0,-310.0,-248.0,81.0,-338.0,194.0,63.0
276.0,-301.0,-510.0,-312.0,-312.0,-299.0,97.0,-96.0,151.0,81.0
263.0,-376.0,-430.0,-325.0,-304.0,-270.0,101.0,-144.0,21.0,111.0
240.0,-429.0,-447.0,-343.0,-299.0,-373.0,92.0,-194.0,-89.0,162.0
193.0,-508.0,-381.0,-381.0,-291.0,-396.0,107.0,-386.0,-84.0,196.0
156.0,-559.0,-356.0,-373.0,-270.0,-344.0,128.0,-480.0,5.0,201.0
117.0,-553.0,-314.0,-376.0,-243.0,-241.0,134.0,-450.0,77.0,244.0
86.0,-565.0,-257.0,-393.0,-220.0,-45.0,130.0,-393.0,64.0,281.0
62.0,-597.0,-234.0,-402.0,-204.0,10.0,119.0,-297.0,33.0,281.0
22.0,-616.0,-165.0,-415.0,-189.0,-91.0,108.0,-356.0,23.0,293.0
-5.0,-606.0,-134.0,-434.0,-173.0,-71.0,107.0,-319.0,-9.0,325.0
-33.0,-504.0,-61.0,-463.0,-148.0,45.0,120.0,-363.0,-53.0,354.0
-49.0,-314.0,-11.0,-466.0,-102.0,-16.0,135.0,-267.0,-84.0,359.0
-67.0,-97.0,58.0,-454.0,-38.0,-195.0,131.0,-142.0,-78.0,369.0
-88.0,75.0,101.0,-446.0,35.0,-340.0,97.0,-142.0,-65.0,400.0
-109.0,219.0,116.0,-426.0,103.0,-377.0,49.0,57.0,-124.0,395.0
-122.0,338.0,172.0,-412.0,153.0,-363.0,4.0,-11.0,-219.0,361.0
-139.0,397.0,171.0,-363.0,188.0,-302.0,10.0,-105.0,-269.0,351.0
-155.0,487.0,181.0,-314.0,209.0,-192.0,32.0,-275.0,-229.0,325.0
-154.0,728.0,164.0,-300.0,219.0,-158.0,51.0,-430.0,-131.0,288.0
-180.0,1085.0,141.0,-266.0,210.0,-79.0,56.0,-293.0,-116.0,247.0
-191.0,1395.0,106.0,-226.0,179.0,-8.0,38.0,-339.0,-188.0,218.0
-198.0,1644.0,52.0,-179.0,135.0,-18.0,35.0,-242.0,-202.0,187.0
-194.0,1882.0,-6.0,-134.0,88.0,-12.0,2.0,-123.0,-151.0,98.0
-195.0,1971.0,-78.0,-91.0,41.0,-18.0,-9.0,96.0,-68.0,26.0
-190.0,1843.0,-153.0,-63.0,-6.0,20.0,0.0,384.0,12.0,-44.0
-179.0,1540.0,-256.0,-74.0,-50.0,58.0,10.0,301.0,67.0,-174.0
-189.0,1051.0,-327.0,-89.0,-87.0,26.0,32.0,266.0,134.0,-304.0
-180.0,513.0,-389.0,-109.0,-119.0,17.0,34.0,238.0,191.0,-419.0
-193.0,132.0,-464.0,-145.0,-147.0,27.0,48.0,308.0,217.0,-542.0
-192.0,-140.0,-530.0,-183.0,-168.0,34.0,61.0,343.0,240.0,-675.0
-204.0,-421.0,-548.0,-227.0,-177.0,48.0,54.0,199.0,282.0,-781.0
-209.0,-692.0,-619.0,-249.0,-166.0,158.0,45.0,72.0,333.0,-828.0
-207.0,-957.0,-647.0,-242.0,-143.0,225.0,49.0,-36.0,381.0,-868.0
-229.0,-1209.0,-640.0,-214.0,-123.0,35.0,62.0,1.0,358.0,-895.0
-240.0,-1369.0,-689.0,-176.0,-106.0,-97.0,95.0,-177.0,286.0,-839.0
-264.0,-1440.0,-638.0,-132.0,-82.0,-17.0,107.0,-229.0,217.0,-734.0
-284.0,-1368.0,-635.0,-86.0,-51.0,15.0,94.0,-9.0,141.0,-625.0
-314.0,-1067.0,-609.0,-46.0,-23.0,6.0,85.0,175.0,71.0,-501.0
-325.0,-682.0,-535.0,15.0,-9.0,128.0,76.0,264.0,-26.0,-342.0
-338.0,-391.0,-510.0,40.0,-7.0,246.0,106.0,35.0,-132.0,-179.0
-348.0,-202.0,-434.0,34.0,-1.0,231.0,140.0,44.0,-220.0,-50.0
-348.0,-22.0,-333.0,27.0,9.0,180.0,170.0,153.0,-304.0,63.0
-349.0,184.0,-250.0,-32.0,22.0,220.0,158.0,260.0,-408.0,175.0
-339.0,326.0,-158.0,-111.0,34.0,341.0,138.0,323.0,-515.0,259.0
-322.0,321.0,-65.0,-198.0,47.0,396.0,124.0,46.0,-577.0,292.0
-290.0,159.0,27.0,-278.0,57.0,342.0,96.0,16.0,-626.0,336.0
-250.0,-81.0,110.0,-352.0,64.0,247.0,110.0,-33.0,-699.0,394.0
-191.0,-242.0,178.0,-417.0,65.0,189.0,114.0,-201.0,-779.0,406.0
-149.0,-196.0,274.0,-467.0,58.0,64.0,126.0,-273.0,-793.0,419.0
-87.0,-1.0,318.0,-493.0,48.0,-50.0,128.0,-229.0,-722.0,448.0
-27.0,177.0,381.0,-489.0,33.0,-64.0,113.0,-129.0,-621.0,456.0
19.0,296.0,422.0,-459.0,23.0,-133.0,99.0,-247.0,-540.0,445.0
77.0,320.0,471.0,-394.0,24.0,-194.0,94.0,-221.0,-494.0,433.0
137.0,234.0,511.0,-345.0,27.0,-267.0,106.0,-109.0,-406.0,460.0
207.0,139.0,486.0,-269.0,24.0,-338.0,99.0,169.0,-277.0,457.0
248.0,104.0,537.0,-186.0,12.0,-261.0,107.0,404.0,-141.0,419.0
291.0,76.0,502.0,-138.0,-1.0,-169.0,84.0,197.0,-4.0,429.0
325.0,-16.0,484.0,-95.0,-11.0,-110.0,60.0,79.0,112.0,422.0
348.0,-121.0,460.0,-65.0,-17.0,-63.0,76.0,134.0,273.0,385.0
357.0,-174.0,407.0,-48.0,-22.0,-105.0,107.0,352.0,426.0,346.0
365.0,-189.0,403.0,-58.0,-30.0,-171.0,166.0,436.0,537.0,314.0
371.0,-245.0,339.0,-74.0,-34.0,-260.0,179.0,384.0,628.0,303.0
367.0,-391.0,318.0,-72.0,-33.0,-365.0,144.0,423.0,676.0,260.0
372.0,-593.0,273.0,-69.0,-26.0,-548.0,125.0,426.0,733.0,239.0
377.0,-829.0,228.0,-46.0,-6.0,-660.0,109.0,541.0,785.0,258.0
392.0,-1000.0,197.0,-7.0,25.0,-479.0,143.0,352.0,811.0,237.0
394.0,-972.0,160.0,13.0,61.0,-358.0,210.0,147.0,803.0,220.0
395.0,-793.0,147.0,37.0,78.0,-348.0,200.0,205.0,747.0,241.0
391.0,-637.0,107.0,80.0,72.0,-321.0,144.0,186.0,666.0,231.0
383.0,-563.0,92.0,103.0,51.0,-400.0,97.0,339.0,560.0,202.0
372.0,-535.0,55.0,127.0,23.0,-536.0,57.0,415.0,438.0,169.0
357.0,-488.0,42.0,183.0,-1.0,-559.0,46.0,485.0,322.0,156.0
337.0,-367.0,21.0,211.0,-20.0,-474.0,57.0,587.0,237.0,161.0
309.0,-233.0,-23.0,212.0,-20.0,-483.0,59.0,497.0,144.0,127.0
277.0,-180.0,-34.0,191.0,2.0,-578.0,46.0,489.0,46.0,132.0
229.0,-182.0,-94.0,162.0,38.0,-592.0,49.0,539.0,-33.0,177.0
178.0,-132.0,-100.0,150.0,82.0,-465.0,36.0,572.0,-68.0,189.0
134.0,-22.0,-152.0,108.0,133.0,-311.0,-1.0,460.0,-80.0,183.0
105.0,93.0,-188.0,58.0,192.0,-209.0,-13.0,456.0,-112.0,205.0
81.0,210.0,-171.0,-5.0,245.0,-97.0,3.0,543.0,-140.0,235.0
69.0,306.0,-242.0,-103.0,275.0,2.0,28.0,458.0,-164.0,201.0
56.0,348.0,-251.0,-186.0,279.0,-58.0,22.0,578.0,-125.0,162.0
43.0,346.0,-268.0,-260.0,260.0,-191.0,15.0,539.0,-28.0,177.0
31.0,347.0,-291.0,-336.0,215.0,-218.0,7.0,391.0,46.0,159.0
0.0,417.0,-294.0,-373.0,137.0,-212.0,1.0,367.0,96.0,97.0
-5.0,561.0,-309.0,-381.0,47.0,-290.0,31.0,279.0,135.0,93.0
-15.0,796.0,-294.0,-398.0,-25.0,-348.0,49.0,432.0,172.0,127.0
-15.0,1117.0,-321.0,-395.0,-70.0,-308.0,78.0,569.0,211.0,147.0
2.0,1419.0,-301.0,-342.0,-96.0,-404.0,88.0,593.0,272.0,198.0
22.0,1604.0,-284.0,-268.0,-112.0,-461.0,74.0,521.0,356.0,277.0
50.0,1623.0,-270.0,-203.0,-121.0,-314.0,74.0,336.0,396.0,354.0
73.0,1493.0,-225.0,-125.0,-118.0,-166.0,84.0,171.0,359.0,424.0
118.0,1156.0,-202.0,-38.0,-110.0,-44.0,116.0,-55.0,283.0,466.0
163.0,652.0,-154.0,42.0,-98.0,-52.0,135.0,-83.0,231.0,511.0
208.0,184.0,-128.0,143.0,-83.0,-39.0,143.0,-5.0,245.0,539.0
260.0,-183.0,-102.0,233.0,-69.0,20.0,148.0,181.0,288.0,530.0
304.0,-428.0,-71.0,294.0,-57.0,-31.0,149.0,325.0,301.0,548.0
358.0,-506.0,-37.0,359.0,-50.0,-116.0,160.0,293.0,243.0,551.0
406.0,-441.0,2.0,395.0,-45.0,-180.0,191.0,371.0,132.0,511.0
470.0,-334.0,36.0,427.0,-43.0,-213.0,215.0,273.0,67.0,464.0
536.0,-221.0,76.0,449.0,-54.0,-303.0,225.0,269.0,77.0,428.0
588.0,-93.0,81.0,434.0,-74.0,-325.0,259.0,327.0,77.0,372.0
633.0,13.0,73.0,403.0,-86.0,-245.0,278.0,362.0,42.0,281.0
656.0,40.0,71.0,380.0,-71.0,-170.0,294.0,474.0,2.0,225.0
670.0,-25.0,58.0,373.0,-27.0,-81.0,327.0,461.0,-22.0,205.0
673.0,-123.0,36.0,332.0,30.0,10.0,336.0,530.0,-55.0,156.0
660.0,-195.0,22.0,276.0,83.0,89.0,327.0,303.0,-88.0,114.0
631.0,-122.0,14.0,217.0,113.0,25.0,322.0,166.0,-100.0,128.0
602.0,95.0,-1.0,147.0,117.0,-56.0,327.0,253.0,-115.0,143.0
571.0,328.0,-9.0,84.0,97.0,-39.0,326.0,195.0,-109.0,144.0
526.0,535.0,-14.0,26.0,59.0,-42.0,340.0,312.0,-77.0,166.0
470.0,605.0,-22.0,-50.0,18.0,-64.0,351.0,221.0,-28.0,231.0
413.0,401.0,-10.0,-140.0,-8.0,-78.0,327.0,221.0,45.0,268.0
340.0,12.0,0.0,-214.0,-13.0,-38.0,309.0,345.0,131.0,260.0
250.0,-379.0,28.0,-284.0,-3.0,-22.0,309.0,384.0,220.0,313.0
178.0,-622.0,72.0,-358.0,12.0,33.0,350.0,519.0,282.0,363.0
100.0,-639.0,125.0,-446.0,26.0,119.0,378.0,419.0,320.0,353.0
21.0,-527.0,181.0,-512.0,37.0,85.0,377.0,310.0,378.0,346.0
-58.0,-375.0,252.0,-561.0,41.0,46.0,415.0,182.0,459.0,358.0
-130.0,-227.0,321.0,-604.0,45.0,-5.0,437.0,218.0,507.0,321.0
-200.0,-162.0,356.0,-603.0,48.0,-93.0,456.0,275.0,503.0,210.0
-279.0,-240.0,413.0,-599.0,45.0,-206.0,469.0,94.0,491.0,100.0
-342.0,-457.0,439.0,-559.0,35.0,-403.0,490.0,79.0,536.0,4.0
-409.0,-710.0,459.0,-476.0,16.0,-516.0,542.0,29.0,634.0,-137.0
-442.0,-953.0,490.0,-404.0,-4.0,-423.0,559.0,12.0,704.0,-305.0
-475.0,-1148.0,464.0,-335.0,-23.0,-287.0,570.0,35.0,710.0,-432.0
-516.0,-1214.0,453.0,-268.0,-40.0,-121.0,568.0,238.0,687.0,-545.0
-528.0,-1127.0,432.0,-215.0,-53.0,4.0,537.0,526.0,653.0,-682.0
-528.0,-993.0,375.0,-177.0,-58.0,10.0,540.0,691.0,607.0,-785.0
-517.0,-952.0,328.0,-126.0,-60.0,-40.0,576.0,946.0,526.0,-816.0
-497.0,-981.0,258.0,-93.0,-68.0,-156.0,607.0,654.0,431.0,-848.0
-454.0,-955.0,188.0,-71.0,-78.0,-162.0,643.0,121.0,349.0,-905.0
-406.0,-785.0,116.0,-58.0,-86.0,-208.0,664.0,33.0,239.0,-898.0
-354.0,-492.0,70.0,-63.0,-91.0,-373.0,654.0,229.0,100.0,-850.0
-294.0,-131.0,33.0,-58.0,-97.0,-512.0,635.0,546.0,-29.0,-851.0
-250.0,210.0,-13.0,-64.0,-103.0,-555.0,642.0,502.0,-99.0,-830.0
-195.0,410.0,-28.0,-62.0,-99.0,-452.0,657.0,188.0,-135.0,-755.0
-130.0,484.0,-64.0,-76.0,-84.0,-456.0,637.0,177.0,-203.0,-684.0
-69.0,531.0,-94.0,-78.0,-65.0,-500.0,581.0,484.0,-297.0,-621.0
-19.0,592.0,-87.0,-65.0,-51.0,-539.0,531.0,604.0,-391.0,-539.0
41.0,686.0,-87.0,-79.0,-42.0,-568.0,517.0,489.0,-462.0,-418.0
113.0,880.0,-84.0,-69.0,-39.0,-536.0,494.0,474.0,-524.0,-311.0
162.0,1114.0,-36.0,-42.0,-36.0,-538.0,487.0,345.0,-570.0,-213.0
218.0,1223.0,-22.0,-12.0,-34.0,-546.0,488.0,424.0,-583.0,-80.0
253.0,1192.0,12.0,17.0,-35.0,-527.0,475.0,606.0,-563.0,55.0
288.0,1134.0,80.0,38.0,-39.0,-388.0,444.0,528.0,-549.0,168.0
333.0,1017.0,86.0,72.0,-45.0,-352.0,420.0,574.0,-569.0,252.0
361.0,708.0,141.0,121.0,-50.0,-449.0,436.0,463.0,-577.0,341.0
392.0,276.0,189.0,183.0,-52.0,-560.0,429.0,618.0,-540.0,380.0
405.0,-101.0,201.0,238.0,-52.0,-647.0,439.0,827.0,-443.0,372.0
431.0,-367.0,250.0,278.0,-56.0,-553.0,455.0,545.0,-348.0,362.0
446.0,-547.0,287.0,318.0,-62.0,-450.0,462.0,583.0,-262.0,318.0
446.0,-674.0,329.0,354.0,-58.0,-426.0,446.0,788.0,-146.0,270.0
445.0,-773.0,378.0,365.0,-40.0,-410.0,409.0,947.0,-40.0,213.0
428.0,-878.0,407.0,367.0,-9.0,-282.0,386.0,838.0,50.0,160.0
430.0,-996.0,458.0,353.0,21.0,-116.0,372.0,498.0,132.0,133.0
425.0,-1061.0,503.0,343.0,44.0,-149.0,392.0,131.0,205.0,101.0
424.0,-1026.0,534.0,346.0,64.0,-206.0,425.0,-68.0,280.0,76.0
438.0,-914.0,580.0,344.0,76.0,-210.0,457.0,450.0,364.0,71.0
470.0,-722.0,608.0,353.0,73.0,-320.0,472.0,611.0,423.0,93.0
515.0,-487.0,607.0,348.0,61.0,-320.0,480.0,493.0,437.0,119.0
557.0,-298.0,630.0,335.0,51.0,-182.0,475.0,506.0,497.0,155.0
597.0,-192.0,648.0,328.0,45.0,-170.0,466.0,303.0,614.0,225.0
630.0,-186.0,610.0,330.0,28.0,-182.0,442.0,450.0,706.0,283.0
670.0,-307.0,599.0,334.0,0.0,-135.0,393.0,593.0,739.0,332.0
700.0,-476.0,572.0,372.0,-30.0,-6.0,391.0,657.0,715.0,393.0
723.0,-581.0,505.0,411.0,-47.0,40.0,423.0,670.0,643.0,453.0
760.0,-563.0,459.0,408.0,-47.0,-17.0,469.0,622.0,544.0,511.0
787.0,-421.0,386.0,426.0,-34.0,58.0,493.0,663.0,456.0,569.0
804.0,-229.0,304.0,442.0,-3.0,104.0,483.0,637.0,371.0,624.0
794.0,-41.0,224.0,404.0,34.0,63.0,441.0,626.0,260.0,674.0
770.0,162.0,128.0,339.0,69.0,-28.0,398.0,363.0,159.0,725.0
739.0,378.0,50.0,296.0,101.0,-131.0,401.0,315.0,60.0,770.0
686.0,565.0,-42.0,249.0,131.0,-132.0,419.0,436.0,-49.0,814.0
631.0,728.0,-130.0,185.0,173.0,-143.0,420.0,391.0,-142.0,864.0
554.0,931.0,-201.0,127.0,218.0,-175.0,359.0,528.0,-191.0,907.0
475.0,1185.0,-280.0,76.0,255.0,-148.0,297.0,630.0,-217.0,941.0
379.0,1398.0,-320.0,38.0,274.0,-145.0,269.0,550.0,-261.0,956.0
277.0,1494.0,-364.0,0.0,269.0,-116.0,240.0,301.0,-264.0,939.0
175.0,1512.0,-376.0,-44.0,234.0,45.0,227.0,293.0,-253.0,900.0
55.0,1510.0,-357.0,-76.0,182.0,137.0,221.0,386.0,-279.0,836.0
-28.0,1496.0,-353.0,-91.0,128.0,58.0,220.0,410.0,-304.0,756.0
-99.0,1447.0,-316.0,-104.0,86.0,36.0,197.0,543.0,-275.0,661.0
-162.0,1270.0,-276.0,-113.0,61.0,70.0,162.0,487.0,-202.0,564.0
-234.0,907.0,-236.0,-103.0,56.0,27.0,149.0,729.0,-170.0,457.0
-285.0,432.0,-203.0,-86.0,61.0,-72.0,153.0,781.0,-149.0,345.0
-328.0,-31.0,-146.0,-79.0,57.0,-150.0,165.0,325.0,-80.0,238.0
-376.0,-424.0,-120.0,-69.0,44.0,-81.0,167.0,208.0,28.0,145.0
-400.0,-767.0,-89.0,-51.0,21.0,-35.0,144.0,118.0,145.0,72.0
-433.0,-1032.0,-54.0,-35.0,-2.0,-85.0,124.0,171.0,216.0,-12.0
-444.0,-1159.0,-53.0,-11.0,-16.0,-64.0,108.0,354.0,291.0,-94.0
-458.0,-1102.0,-1.0,17.0,-24.0,-83.0,93.0,393.0,404.0,-154.0
-458.0,-888.0,-8.0,43.0,-26.0,-88.0,86.0,458.0,513.0,-205.0
-460.0,-725.0,25.0,40.0,-31.0,-2.0,74.0,332.0,567.0,-283.0
-474.0,-799.0,72.0,31.0,-47.0,89.0,85.0,295.0,564.0,-355.0
-482.0,-1024.0,61.0,44.0,-70.0,70.0,105.0,456.0,604.0,-406.0
-493.0,-1172.0,87.0,31.0,-99.0,-41.0,113.0,781.0,658.0,-476.0
-486.0,-1143.0,86.0,6.0,-136.0,25.0,116.0,914.0,644.0,-541.0
-494.0,-1005.0,94.0,-4.0,-170.0,178.0,118.0,672.0,576.0,-593.0
-482.0,-831.0,99.0,-10.0,-184.0,125.0,115.0,504.0,496.0,-633.0
-472.0,-621.0,106.0,14.0,-171.0,-41.0,109.0,330.0,428.0,-683.0
-452.0,-355.0,130.0,60.0,-140.0,-95.0,105.0,495.0,330.0,-737.0
-422.0,-59.0,154.0,103.0,-97.0,-54.0,114.0,764.0,222.0,-766.0
-402.0,212.0,185.0,147.0,-44.0,-66.0,125.0,870.0,131.0,-782.0
-359.0,411.0,232.0,189.0,3.0,-115.0,144.0,918.0,32.0,-790.0
-320.0,486.0,298.0,244.0,47.0,-50.0,171.0,646.0,-50.0,-779.0
-272.0,451.0,355.0,270.0,88.0,77.0,182.0,484.0,-134.0,-731.0
-222.0,376.0,414.0,263.0,118.0,102.0,196.0,397.0,-220.0,-668.0
-168.0,265.0,482.0,263.0,131.0,129.0,165.0,637.0,-234.0,-597.0
-105.0,114.0,532.0,242.0,119.0,134.0,111.0,1008.0,-184.0,-508.0
-52.0,-5.0,574.0,188.0,82.0,145.0,82.0,1086.0,-180.0,-398.0
-14.0,-19.0,602.0,136.0,27.0,131.0,40.0,1330.0,-217.0,-291.0
23.0,91.0,598.0,112.0,-34.0,73.0,-1.0,1208.0,-219.0,-208.0
66.0,250.0,611.0,89.0,-88.0,143.0,-40.0,981.0,-197.0,-120.0
101.0,366.0,600.0,79.0,-123.0,58.0,-70.0,1034.0,-177.0,-36.0
136.0,367.0,554.0,88.0,-137.0,-25.0,-75.0,1066.0,-166.0,36.0
159.0,246.0,535.0,124.0,-143.0,106.0,-63.0,1116.0,-150.0,120.0
192.0,89.0,484.0,192.0,-151.0,198.0,-51.0,1069.0,-104.0,233.0
225.0,-106.0,422.0,235.0,-152.0,189.0,-30.0,973.0,-43.0,375.0
255.0,-218.0,367.0,277.0,-147.0,187.0,-12.0,685.0,-5.0,502.0
280.0,-120.0,291.0,323.0,-143.0,302.0,-14.0,598.0,26.0,631.0
315.0,23.0,253.0,370.0,-140.0,197.0,-9.0,848.0,88.0,766.0
356.0,96.0,183.0,422.0,-136.0,66.0,7.0,1182.0,173.0,883.0
385.0,88.0,127.0,447.0,-130.0,221.0,15.0,1452.0,206.0,958.0
418.0,-9.0,106.0,451.0,-118.0,340.0,12.0,1206.0,145.0,1002.0
443.0,-109.0,55.0,460.0,-99.0,335.0,12.0,933.0,97.0,1034.0
470.0,-152.0,33.0,456.0,-78.0,301.0,23.0,635.0,141.0,1019.0
487.0,-152.0,22.0,433.0,-60.0,388.0,20.0,243.0,242.0,963.0
506.0,-14.0,11.0,428.0,-46.0,443.0,14.0,225.0,311.0,877.0
516.0,307.0,11.0,401.0,-27.0,314.0,14.0,417.0,328.0,772.0
529.0,698.0,29.0,333.0,4.0,252.0,7.0,715.0,318.0,640.0
544.0,1071.0,57.0,249.0,44.0,315.0,28.0,761.0,258.0,515.0
542.0,1381.0,92.0,155.0,78.0,269.0,18.0,705.0,187.0,398.0
527.0,1499.0,123.0,82.0,93.0,150.0,1.0,604.0,132.0,263.0
491.0,1373.0,171.0,35.0,92.0,97.0,6.0,376.0,105.0,154.0
487.0,1148.0,226.0,-26.0,81.0,175.0,5.0,500.0,97.0,58.0
479.0,863.0,234.0,-101.0,67.0,276.0,25.0,655.0,55.0,-35.0
460.0,512.0,271.0,-166.0,57.0,273.0,17.0,770.0,-17.0,-136.0
426.0,191.0,308.0,-206.0,51.0,337.0,6.0,731.0,-75.0,-227.0
413.0,-18.0,304.0,-249.0,55.0,413.0,15.0,615.0,-112.0,-300.0
407.0,-115.0,328.0,-275.0,73.0,446.0,-4.0,685.0,-150.0,-385.0
372.0,-115.0,330.0,-255.0,105.0,375.0,-19.0,519.0,-172.0,-483.0
347.0,-96.0,298.0,-231.0,146.0,374.0,-29.0,378.0,-200.0,-567.0
315.0,-192.0,289.0,-201.0,188.0,433.0,-28.0,218.0,-265.0,-648.0
304.0,-363.0,250.0,-178.0,223.0,350.0,-13.0,90.0,-321.0,-752.0
280.0,-591.0,211.0,-151.0,248.0,395.0,-46.0,197.0,-328.0,-842.0
257.0,-873.0,175.0,-124.0,261.0,423.0,-84.0,382.0,-317.0,-904.0
236.0,-1073.0,127.0,-103.0,259.0,321.0,-76.0,661.0,-319.0,-933.0
215.0,-1161.0,96.0,-53.0,244.0,241.0,-37.0,683.0,-358.0,-950.0
205.0,-1227.0,52.0,-25.0,223.0,301.0,12.0,598.0,-403.0,-916.0
177.0,-1282.0,33.0,-2.0,200.0,375.0,26.0,354.0,-407.0,-839.0
154.0,-1275.0,9.0,12.0,172.0,231.0,28.0,205.0,-376.0,-785.0
133.0,-1218.0,-11.0,42.0,136.0,73.0,44.0,376.0,-336.0,-713.0
127.0,-1074.0,0.0,93.0,100.0,90.0,36.0,395.0,-315.0,-611.0
97.0,-803.0,-1.0,93.0,74.0,156.0,31.0,476.0,-303.0,-511.0
83.0,-494.0,7.0,110.0,61.0,139.0,65.0,336.0,-272.0,-419.0
75.0,-258.0,18.0,121.0,60.0,144.0,98.0,105.0,-235.0,-298.0
71.0,-181.0,42.0,120.0,56.0,196.0,100.0,116.0,-219.0,-167.0
71.0,-261.0,61.0,149.0,43.0,181.0,79.0,330.0,-203.0,-46.0
66.0,-283.0,72.0,191.0,29.0,200.0,78.0,689.0,-188.0,84.0
67.0,-78.0,91.0,242.0,13.0,321.0,93.0,530.0,-197.0,221.0
55.0,264.0,94.0,291.0,-9.0,402.0,107.0,243.0,-217.0,353.0
69.0,662.0,93.0,377.0,-43.0,387.0,98.0,136.0,-241.0,453.0
59.0,1077.0,81.0,464.0,-85.0,333.0,60.0,203.0,-220.0,544.0
58.0,1448.0,78.0,525.0,-122.0,392.0,38.0,461.0,-149.0,624.0
66.0,1652.0,81.0,570.0,-151.0,492.0,14.0,432.0,-94.0,677.0
78.0,1629.0,87.0,577.0,-168.0,513.0,15.0,456.0,-25.0,707.0
85.0,1530.0,85.0,550.0,-168.0,619.0,32.0,465.0,28.0,736.0
84.0,1412.0,109.0,486.0,-145.0,692.0,46.0,325.0,59.0,778.0
80.0,1224.0,131.0,409.0,-108.0,603.0,79.0,242.0,134.0,802.0
65.0,974.0,131.0,332.0,-73.0,431.0,90.0,79.0,239.0,830.0
68.0,706.0,175.0,237.0,-53.0,375.0,90.0,68.0,325.0,871.0
43.0,427.0,192.0,148.0,-51.0,532.0,87.0,107.0,366.0,891.0
28.0,187.0,178.0,91.0,-59.0,557.0,92.0,160.0,388.0,871.0
6.0,90.0,184.0,32.0,-69.0,531.0,80.0,258.0,402.0,831.0
-7.0,22.0,185.0,-1.0,-81.0,591.0,38.0,336.0,397.0,787.0
-15.0,-100.0,160.0,-40.0,-95.0,488.0,0.0,325.0,350.0,720.0
-27.0,-159.0,157.0,-54.0,-111.0,423.0,-55.0,31.0,253.0,631.0
-35.0,-121.0,165.0,-40.0,-129.0,468.0,-74.0,-46.0,188.0,546.0
-67.0,-76.0,142.0,-20.0,-136.0,519.0,-82.0,-9.0,178.0,470.0
-78.0,-71.0,139.0,17.0,-124.0,481.0,-69.0,72.0,184.0,374.0
-103.0,-58.0,112.0,20.0,-101.0,335.0,-31.0,164.0,213.0,271.0
-116.0,-54.0,97.0,83.0,-76.0,367.0,-28.0,-112.0,227.0,204.0
-117.0,-153.0,81.0,141.0,-54.0,445.0,-34.0,-160.0,203.0,145.0
-123.0,-334.0,48.0,191.0,-30.0,404.0,-88.0,46.0,194.0,83.0
-108.0,-524.0,64.0,260.0,-1.0,410.0,-124.0,382.0,241.0,50.0
-86.0,-693.0,41.0,301.0,31.0,517.0,-127.0,552.0,320.0,48.0
-47.0,-770.0,30.0,370.0,68.0,617.0,-124.0,345.0,371.0,29.0
-11.0,-765.0,49.0,422.0,109.0,563.0,-116.0,203.0,368.0,-3.0
32.0,-779.0,43.0,484.0,146.0,472.0,-179.0,129.0,322.0,-6.0
82.0,-818.0,49.0,541.0,168.0,527.0,-239.0,286.0,285.0,-15.0
122.0,-764.0,54.0,588.0,175.0,540.0,-246.0,437.0,287.0,-36.0
156.0,-561.0,51.0,604.0,174.0,391.0,-227.0,471.0,289.0,-65.0
174.0,-293.0,28.0,597.0,170.0,330.0,-196.0,321.0,291.0,-74.0
192.0,-105.0,25.0,560.0,164.0,426.0,-169.0,-18.0,254.0,-69.0
207.0,-61.0,29.0,491.0,149.0,456.0,-144.0,-171.0,167.0,-82.0
199.0,-44.0,0.0,430.0,128.0,439.0,-134.0,-373.0,97.0,-74.0
191.0,0.0,-2.0,327.0,104.0,453.0,-148.0,-351.0,43.0,-59.0
187.0,-11.0,-10.0,220.0,83.0,452.0,-133.0,-136.0,13.0,-71.0
178.0,-48.0,-37.0,104.0,70.0,539.0,-59.0,127.0,-28.0,-98.0
169.0,-20.0,-41.0,-10.0,57.0,670.0,-3.0,539.0,-105.0,-105.0
148.0,26.0,-58.0,-89.0,49.0,705.0,19.0,718.0,-188.0,-115.0
138.0,17.0,-71.0,-148.0,61.0,678.0,15.0,735.0,-273.0,-149.0
141.0,-96.0,-74.0,-204.0,93.0,617.0,1.0,400.0,-308.0,-185.0
131.0,-312.0,-77.0,-231.0,134.0,617.0,-1.0,0.0,-269.0,-209.0
105.0,-513.0,-61.0,-241.0,163.0,704.0,31.0,-140.0,-242.0,-228.0
85.0,-618.0,-74.0,-249.0,171.0,626.0,110.0,-103.0,-241.0,-262.0
66.0,-643.0,-80.0,-185.0,168.0,465.0,162.0,230.0,-228.0,-278.0
45.0,-517.0,-75.0,-118.0,149.0,472.0,170.0,236.0,-214.0,-273.0
16.0,-199.0,-68.0,-58.0,114.0,497.0,160.0,36.0,-176.0,-284.0
-3.0,156.0,-44.0,20.0,69.0,496.0,169.0,-182.0,-131.0,-302.0
-16.0,407.0,-24.0,98.0,19.0,558.0,193.0,-423.0,-98.0,-322.0
-37.0,506.0,-15.0,138.0,-34.0,681.0,212.0,-271.0,-47.0,-366.0
-58.0,493.0,-19.0,179.0,-90.0,763.0,218.0,-254.0,-20.0,-450.0
-101.0,400.0,17.0,221.0,-141.0,734.0,236.0,-256.0,3.0,-544.0
-126.0,279.0,53.0,213.0,-170.0,738.0,283.0,-155.0,87.0,-638.0
-154.0,209.0,69.0,217.0,-172.0,783.0,311.0,-79.0,182.0,-730.0
-181.0,166.0,111.0,196.0,-147.0,692.0,349.0,110.0,221.0,-806.0
-200.0,176.0,134.0,157.0,-100.0,613.0,377.0,35.0,222.0,-879.0
-214.0,308.0,153.0,117.0,-44.0,572.0,381.0,-164.0,225.0,-916.0
-207.0,524.0,182.0,66.0,11.0,446.0,379.0,-194.0,249.0,-940.0
-206.0,750.0,193.0,17.0,56.0,311.0,376.0,40.0,281.0,-969.0
-190.0,933.0,227.0,-38.0,83.0,203.0,418.0,206.0,280.0,-950.0
-178.0,1050.0,251.0,-115.0,99.0,354.0,470.0,114.0,225.0,-911.0
-157.0,1037.0,249.0,-200.0,105.0,544.0,518.0,-18.0,126.0,-875.0
-147.0,845.0,286.0,-239.0,100.0,486.0,561.0,-192.0,10.0,-831.0
-150.0,569.0,280.0,-243.0,90.0,409.0,573.0,-90.0,-94.0,-773.0
-152.0,355.0,264.0,-250.0,81.0,436.0,567.0,-24.0,-145.0,-721.0
-160.0,325.0,261.0,-284.0,75.0,534.0,578.0,-46.0,-175.0,-676.0
-158.0,457.0,212.0,-314.0,67.0,551.0,596.0,-51.0,-216.0,-621.0
-166.0,588.0,174.0,-327.0,55.0,511.0,599.0,-280.0,-245.0,-556.0
-155.0,661.0,132.0,-340.0,48.0,488.0,601.0,-301.0,-298.0,-505.0
-155.0,740.0,85.0,-342.0,48.0,474.0,595.0,-214.0,-343.0,-469.0
-157.0,856.0,69.0,-315.0,53.0,445.0,582.0,46.0,-322.0,-415.0
-140.0,968.0,65.0,-271.0,57.0,429.0,566.0,423.0,-274.0,-366.0
-135.0,1047.0,45.0,-203.0,55.0,464.0,553.0,378.0,-242.0,-326.0
-135.0,1072.0,50.0,-132.0,48.0,459.0,560.0,168.0,-259.0,-297.0
-121.0,1039.0,56.0,-46.0,29.0,431.0,581.0,-70.0,-308.0,-257.0
-92.0,977.0,63.0,27.0,0.0,473.0,578.0,-192.0,-315.0,-205.0
-73.0,901.0,113.0,76.0,-38.0,516.0,550.0,-182.0,-271.0,-194.0
-51.0,848.0,128.0,131.0,-80.0,453.0,531.0,-77.0,-215.0,-168.0
-25.0,763.0,137.0,155.0,-113.0,483.0,512.0,258.0,-185.0,-113.0
6.0,515.0,164.0,188.0,-138.0,586.0,481.0,356.0,-195.0,-82.0
23.0,150.0,173.0,218.0,-160.0,491.0,442.0,97.0,-223.0,-43.0
24.0,-136.0,187.0,208.0,-180.0,346.0,397.0,-456.0,-218.0,17.0
29.0,-328.0,223.0,216.0,-199.0,340.0,362.0,-781.0,-161.0,93.0
32.0,-488.0,243.0,214.0,-213.0,427.0,338.0,-535.0,-92.0,163.0
27.0,-533.0,237.0,191.0,-214.0,456.0,319.0,-92.0,-40.0,239.0
17.0,-451.0,262.0,196.0,-202.0,418.0,314.0,498.0,-39.0,333.0
28.0,-324.0,276.0,170.0,-181.0,451.0,301.0,528.0,-52.0,406.0
48.0,-156.0,273.0,138.0,-154.0,519.0,271.0,88.0,-35.0,466.0
61.0,65.0,306.0,115.0,-129.0,586.0,227.0,-188.0,22.0,528.0
74.0,295.0,326.0,88.0,-107.0,641.0,171.0,-182.0,89.0,591.0
99.0,401.0,342.0,59.0,-90.0,661.0,118.0,112.0,112.0,628.0
114.0,242.0,371.0,4.0,-79.0,609.0,70.0,290.0,127.0,663.0
133.0,-111.0,382.0,-17.0,-69.0,505.0,2.0,539.0,134.0,709.0
169.0,-483.0,412.0,-25.0,-62.0,506.0,-64.0,515.0,113.0,747.0
191.0,-823.0,420.0,-21.0,-68.0,546.0,-102.0,238.0,101.0,786.0
220.0,-1126.0,436.0,-22.0,-86.0,492.0,-101.0,-131.0,65.0,805.0
257.0,-1384.0,444.0,22.0,-102.0,452.0,-80.0,-574.0,6.0,834.0
302.0,-1599.0,407.0,117.0,-106.0,488.0,-94.0,-319.0,-36.0,853.0
344.0,-1737.0,398.0,190.0,-91.0,536.0,-105.0,1.0,-69.0,834.0
376.0,-1732.0,363.0,237.0,-60.0,623.0,-125.0,140.0,-89.0,824.0
408.0,-1606.0,324.0,269.0,-22.0,628.0,-142.0,144.0,-101.0,817.0
431.0,-1439.0,268.0,322.0,6.0,626.0,-151.0,-7.0,-124.0,793.0
439.0,-1283.0,218.0,332.0,20.0,709.0,-178.0,-79.0,-151.0,760.0
425.0,-1191.0,170.0,321.0,23.0,654.0,-178.0,-458.0,-164.0,746.0
395.0,-1191.0,118.0,290.0,18.0,610.0,-177.0,-554.0,-178.0,727.0
352.0,-1214.0,75.0,270.0,8.0,584.0,-148.0,-306.0,-179.0,681.0
317.0,-1143.0,21.0,272.0,0.0,564.0,-153.0,51.0,-181.0,641.0
274.0,-944.0,-11.0,226.0,-9.0,544.0,-172.0,266.0,-222.0,611.0
227.0,-677.0,-71.0,176.0,-14.0,475.0,-168.0,25.0,-245.0,580.0
190.0,-389.0,-89.0,145.0,-19.0,544.0,-183.0,-171.0,-264.0,524.0
138.0,-82.0,-123.0,139.0,-26.0,582.0,-170.0,-378.0,-297.0,485.0
94.0,239.0,-169.0,117.0,-31.0,571.0,-185.0,-282.0,-294.0,458.0
54.0,508.0,-180.0,101.0,-30.0,591.0,-203.0,-149.0,-271.0,383.0
8.0,617.0,-205.0,98.0,-21.0,593.0,-202.0,-284.0,-245.0,306.0
-26.0,576.0,-207.0,114.0,-11.0,644.0,-195.0,-391.0,-231.0,226.0
-62.0,506.0,-201.0,138.0,-3.0,671.0,-163.0,-644.0,-247.0,122.0
-87.0,444.0,-192.0,132.0,5.0,630.0,-141.0,-724.0,-271.0,7.0
-99.0,381.0,-184.0,149.0,20.0,622.0,-130.0,-757.0,-252.0,-100.0
-100.0,380.0,-160.0,154.0,43.0,689.0,-119.0,-611.0,-196.0,-194.0
-90.0,498.0,-150.0,160.0,65.0,768.0,-116.0,-243.0,-132.0,-294.0
-86.0,598.0,-129.0,143.0,75.0,828.0,-123.0,1.0,-57.0,-382.0
-73.0,558.0,-117.0,131.0,68.0,840.0,-123.0,22.0,24.0,-434.0
-66.0,469.0,-110.0,131.0,51.0,807.0,-129.0,-452.0,104.0,-455.0
-61.0,411.0,-88.0,103.0,27.0,819.0,-140.0,-752.0,185.0,-475.0
-62.0,364.0,-93.0,100.0,-5.0,810.0,-136.0,-716.0,269.0,-477.0
-74.0,289.0,-55.0,73.0,-37.0,692.0,-145.0,-504.0,356.0,-446.0
-77.0,149.0,-30.0,65.0,-58.0,569.0,-168.0,-386.0,441.0,-425.0
-74.0,-26.0,-23.0,69.0,-65.0,561.0,-181.0,-668.0,483.0,-437.0
-72.0,-144.0,7.0,58.0,-57.0,580.0,-189.0,-768.0,494.0,-445.0
-83.0,-150.0,20.0,61.0,-46.0,510.0,-190.0,-910.0,519.0,-441.0
-82.0,-125.0,23.0,47.0,-37.0,544.0,-193.0,-1043.0,552.0,-456.0
-97.0,-139.0,5.0,1.0,-26.0,635.0,-192.0,-864.0,561.0,-475.0
-115.0,-148.0,19.0,-33.0,-7.0,642.0,-202.0,-574.0,555.0,-475.0
-138.0,-96.0,2.0,-34.0,17.0,645.0,-241.0,-203.0,536.0,-474.0
-173.0,-15.0,-26.0,-34.0,38.0,619.0,-300.0,-55.0,485.0,-483.0
-182.0,-1.0,0.0,-44.0,53.0,613.0,-356.0,-190.0,413.0,-479.0
-197.0,-100.0,-4.0,-81.0,73.0,550.0,-378.0,-574.0,331.0,-445.0
-204.0,-246.0,0.0,-110.0,102.0,483.0,-386.0,-750.0,300.0,-414.0
-214.0,-341.0,11.0,-150.0,129.0,504.0,-391.0,-476.0,264.0,-394.0
-208.0,-363.0,28.0,-173.0,152.0,374.0,-405.0,-319.0,188.0,-357.0
-201.0,-257.0,22.0,-191.0,163.0,248.0,-418.0,-293.0,111.0,-314.0
-198.0,30.0,6.0,-200.0,162.0,237.0,-423.0,-630.0,46.0,-293.0
-178.0,384.0,5.0,-204.0,148.0,239.0,-439.0,-1038.0,3.0,-281.0
-164.0,665.0,-43.0,-228.0,118.0,280.0,-442.0,-981.0,-55.0,-258.0
-137.0,861.0,-58.0,-213.0,85.0,267.0,-417.0,-768.0,-117.0,-237.0
-104.0,999.0,-111.0,-216.0,59.0,267.0,-399.0,-434.0,-176.0,-251.0
-69.0,1100.0,-173.0,-228.0,43.0,232.0,-411.0,-345.0,-254.0,-255.0
-38.0,1151.0,-198.0,-257.0,32.0,122.0,-432.0,-293.0,-341.0,-242.0
-3.0,1139.0,-278.0,-294.0,24.0,47.0,-439.0,-136.0,-365.0,-247.0
27.0,1121.0,-324.0,-315.0,26.0,19.0,-400.0,-173.0,-350.0,-237.0
57.0,1128.0,-388.0,-341.0,41.0,6.0,-358.0,-169.0,-374.0,-201.0
63.0,1087.0,-457.0,-369.0,68.0,-52.0,-311.0,-351.0,-396.0,-154.0
75.0,918.0,-500.0,-389.0,96.0,-58.0,-241.0,-485.0,-410.0,-122.0
109.0,657.0,-563.0,-381.0,118.0,-6.0,-203.0,-565.0,-392.0,-102.0
116.0,420.0,-589.0,-397.0,129.0,35.0,-168.0,-561.0,-365.0,-66.0
113.0,255.0,-637.0,-404.0,132.0,56.0,-150.0,-397.0,-335.0,-31.0
106.0,169.0,-656.0,-399.0,138.0,100.0,-143.0,-375.0,-280.0,-30.0
114.0,181.0,-668.0,-391.0,151.0,62.0,-116.0,-225.0,-220.0,-21.0
87.0,237.0,-666.0,-387.0,162.0,-12.0,-98.0,-253.0,-145.0,24.0
51.0,246.0,-624.0,-391.0,154.0,0.0,-76.0,-288.0,-91.0,54.0
26.0,196.0,-619.0,-359.0,126.0,8.0,-59.0,-262.0,-36.0,80.0
-6.0,198.0,-559.0,-294.0,85.0,-6.0,-50.0,-426.0,29.0,128.0
-36.0,341.0,-499.0,-209.0,44.0,-125.0,-79.0,-352.0,62.0,180.0
-81.0,620.0,-437.0,-130.0,12.0,-180.0,-124.0,-218.0,97.0,209.0
-101.0,917.0,-350.0,-26.0,-4.0,-126.0,-134.0,-57.0,131.0,224.0
-116.0,1084.0,-259.0,70.0,-7.0,-126.0,-144.0,-147.0,147.0,260.0
-122.0,1088.0,-166.0,131.0,-12.0,-147.0,-151.0,-622.0,183.0,270.0
-125.0,947.0,-104.0,161.0,-24.0,-123.0,-153.0,-1040.0,238.0,246.0
-128.0,686.0,-19.0,144.0,-36.0,-46.0,-146.0,-1162.0,260.0,224.0
-119.0,324.0,62.0,107.0,-39.0,-17.0,-135.0,-787.0,250.0,218.0
-117.0,-67.0,118.0,38.0,-22.0,-42.0,-118.0,-436.0,255.0,197.0
-129.0,-421.0,190.0,-32.0,14.0,-59.0,-114.0,-312.0,269.0,156.0
-143.0,-709.0,278.0,-104.0,55.0,-79.0,-166.0,-299.0,244.0,147.0
-155.0,-930.0,333.0,-173.0,76.0,-167.0,-219.0,-424.0,179.0,154.0
-178.0,-1135.0,390.0,-207.0,68.0,-129.0,-235.0,-400.0,123.0,130.0
-192.0,-1309.0,463.0,-231.0,46.0,14.0,-238.0,-308.0,84.0,110.0
-198.0,-1368.0,498.0,-223.0,16.0,35.0,-239.0,-116.0,29.0,98.0
-198.0,-1283.0,523.0,-194.0,-15.0,-14.0,-202.0,-55.0,-44.0,48.0
-203.0,-1164.0,560.0,-141.0,-44.0,-27.0,-148.0,-188.0,-104.0,-26.0
-205.0,-1093.0,582.0,-38.0,-62.0,85.0,-101.0,-251.0,-134.0,-123.0
-187.0,-1003.0,599.0,81.0,-65.0,101.0,-68.0,-356.0,-148.0,-213.0
-179.0,-833.0,582.0,211.0,-52.0,38.0,-59.0,-375.0,-173.0,-307.0
-182.0,-606.0,569.0,332.0,-38.0,62.0,-43.0,-521.0,-217.0,-403.0
-178.0,-319.0,567.0,436.0,-36.0,52.0,-38.0,-530.0,-238.0,-461.0
-172.0,27.0,511.0,494.0,-49.0,14.0,-35.0,-467.0,-230.0,-509.0
-169.0,267.0,479.0,508.0,-69.0,-99.0,-42.0,-620.0,-224.0,-557.0
-163.0,253.0,445.0,492.0,-88.0,-73.0,-52.0,-522.0,-206.0,-591.0
-157.0,32.0,386.0,426.0,-99.0,27.0,-51.0,-521.0,-190.0,-606.0
-125.0,-276.0,349.0,341.0,-96.0,-60.0,-35.0,-428.0,-148.0,-649.0
-108.0,-571.0,280.0,251.0,-83.0,-134.0,-4.0,-275.0,-72.0,-710.0
-92.0,-762.0,234.0,143.0,-60.0,-212.0,37.0,-282.0,-8.0,-768.0
-65.0,-728.0,208.0,47.0,-26.0,-210.0,77.0,-314.0,55.0,-848.0
-56.0,-456.0,140.0,-13.0,7.0,-217.0,96.0,-620.0,107.0,-942.0
-22.0,-178.0,115.0,-78.0,35.0,-268.0,91.0,-685.0,145.0,-1049.0
6.0,-28.0,92.0,-112.0,46.0,-175.0,46.0,-543.0,181.0,-1128.0
37.0,97.0,34.0,-100.0,39.0,-166.0,22.0,-284.0,216.0,-1186.0
60.0,276.0,13.0,-76.0,27.0,-131.0,17.0,-42.0,235.0,-1224.0
96.0,493.0,0.0,-60.0,21.0,-35.0,26.0,-197.0,231.0,-1199.0
126.0,716.0,-34.0,-66.0,21.0,-75.0,56.0,-397.0,210.0,-1119.0
127.0,964.0,-33.0,-59.0,27.0,-191.0,47.0,-744.0,149.0,-1016.0
137.0,1235.0,-53.0,-65.0,36.0,-273.0,26.0,-1051.0,68.0,-880.0
130.0,1379.0,-87.0,-75.0,42.0,-231.0,-4.0,-1093.0,-7.0,-701.0
132.0,1257.0,-71.0,-72.0,40.0,-185.0,-26.0,-890.0,-42.0,-516.0
127.0,853.0,-92.0,-90.0,33.0,-284.0,-23.0,-497.0,-40.0,-340.0
107.0,303.0,-115.0,-107.0,30.0,-423.0,-35.0,-269.0,-52.0,-166.0
85.0,-160.0,-108.0,-106.0,40.0,-458.0,-64.0,-230.0,-95.0,-2.0
65.0,-431.0,-107.0,-114.0,52.0,-465.0,-82.0,-445.0,-135.0,156.0
38.0,-615.0,-126.0,-110.0,53.0,-402.0,-105.0,-668.0,-158.0,331.0
-1.0,-844.0,-122.0,-75.0,43.0,-306.0,-130.0,-859.0,-210.0,505.0
-29.0,-1060.0,-115.0,-56.0,26.0,-378.0,-132.0,-938.0,-257.0,678.0
-61.0,-1199.0,-136.0,-29.0,9.0,-513.0,-154.0,-670.0,-296.0,853.0
-92.0,-1279.0,-125.0,0.0,-6.0,-590.0,-191.0,-567.0,-335.0,1005.0
-112.0,-1229.0,-115.0,-7.0,-18.0,-595.0,-236.0,-487.0,-340.0,1142.0
-135.0,-1016.0,-100.0,-16.0,-29.0,-674.0,-294.0,-489.0,-302.0,1257.0
-154.0,-666.0,-93.0,-6.0,-41.0,-860.0,-330.0,-515.0,-215.0,1325.0
-158.0,-238.0,-81.0,-27.0,-53.0,-903.0,-327.0,-308.0,-159.0,1349.0
-169.0,130.0,-62.0,-69.0,-67.0,-813.0,-304.0,-400.0,-120.0,1352.0
-174.0,341.0,-57.0,-95.0,-87.0,-813.0,-264.0,-424.0,-42.0,1327.0
-175.0,470.0,-26.0,-163.0,-100.0,-882.0,-240.0,-463.0,28.0,1247.0
-167.0,623.0,2.0,-252.0,-99.0,-880.0,-261.0,-611.0,87.0,1133.0
-147.0,764.0,32.0,-294.0,-95.0,-822.0,-260.0,-495.0,123.0,1012.0
-126.0,842.0,47.0,-328.0,-99.0,-815.0,-280.0,-504.0,168.0,859.0
-106.0,803.0,37.0,-371.0,-111.0,-821.0,-328.0,-546.0,209.0,680.0
-91.0,677.0,27.0,-394.0,-115.0,-717.0,-360.0,-576.0,179.0,522.0
-57.0,650.0,-17.0,-381.0,-105.0,-667.0,-370.0,-509.0,114.0,370.0
-25.0,738.0,-65.0,-350.0,-85.0,-718.0,-364.0,-467.0,24.0,204.0
16.0,802.0,-69.0,-328.0,-62.0,-672.0,-391.0,-473.0,-76.0,55.0
55.0,766.0,-116.0,-270.0,-46.0,-584.0,-397.0,-319.0,-156.0,-67.0
89.0,602.0,-171.0,-221.0,-34.0,-624.0,-388.0,-388.0,-232.0,-197.0
125.0,365.0,-191.0,-182.0,-23.0,-724.0,-398.0,-317.0,-312.0,-313.0
133.0,132.0,-232.0,-71.0,-14.0,-674.0,-403.0,-197.0,-388.0,-400.0
137.0,-35.0,-278.0,26.0,-10.0,-569.0,-412.0,-262.0,-432.0,-490.0
118.0,-102.0,-299.0,89.0,-8.0,-534.0,-427.0,-271.0,-412.0,-563.0
92.0,-60.0,-313.0,150.0,-5.0,-498.0,-416.0,-373.0,-375.0,-635.0
67.0,156.0,-334.0,198.0,8.0,-484.0,-386.0,-415.0,-365.0,-701.0
35.0,537.0,-315.0,262.0,29.0,-456.0,-366.0,-424.0,-345.0,-760.0
1.0,903.0,-317.0,311.0,39.0,-468.0,-333.0,-295.0,-319.0,-826.0
-36.0,1095.0,-314.0,338.0,38.0,-507.0,-303.0,-147.0,-293.0,-861.0
-69.0,1100.0,-282.0,317.0,34.0,-484.0,-287.0,-51.0,-273.0,-870.0
-119.0,899.0,-264.0,260.0,26.0,-509.0,-253.0,68.0,-266.0,-846.0
-165.0,505.0,-246.0,242.0,14.0,-545.0,-232.0,-5.0,-248.0,-813.0
-206.0,136.0,-224.0,228.0,-2.0,-549.0,-238.0,-77.0,-209.0,-774.0
-254.0,-98.0,-185.0,240.0,-28.0,-517.0,-279.0,-280.0,-164.0,-701.0
-295.0,-316.0,-173.0,260.0,-61.0,-487.0,-330.0,-441.0,-108.0,-631.0
-313.0,-561.0,-137.0,238.0,-103.0,-457.0,-345.0,-428.0,-29.0,-574.0
-325.0,-780.0,-123.0,207.0,-152.0,-352.0,-338.0,-362.0,32.0,-505.0
-342.0,-967.0,-116.0,153.0,-196.0,-361.0,-297.0,-140.0,104.0,-429.0
-357.0,-1147.0,-85.0,102.0,-223.0,-465.0,-236.0,-212.0,193.0,-362.0
-371.0,-1291.0,-102.0,50.0,-233.0,-499.0,-187.0,-399.0,231.0,-294.0
-368.0,-1398.0,-62.0,-27.0,-227.0,-457.0,-140.0,-559.0,242.0,-246.0
-351.0,-1523.0,-42.0,-106.0,-199.0,-442.0,-89.0,-606.0,238.0,-213.0
-314.0,-1639.0,-43.0,-162.0,-152.0,-484.0,-56.0,-369.0,235.0,-200.0
-287.0,-1620.0,-20.0,-194.0,-91.0,-436.0,-56.0,-214.0,262.0,-220.0
-261.0,-1476.0,-1.0,-220.0,-24.0,-399.0,-85.0,29.0,292.0,-222.0
-233.0,-1329.0,23.0,-244.0,42.0,-507.0,-115.0,35.0,315.0,-257.0
-218.0,-1111.0,35.0,-276.0,114.0,-611.0,-90.0,-114.0,343.0,-314.0
-202.0,-684.0,67.0,-285.0,186.0,-521.0,-53.0,-112.0,347.0,-355.0
-206.0,-155.0,89.0,-269.0,243.0,-380.0,-31.0,-219.0,347.0,-394.0
-205.0,307.0,110.0,-266.0,263.0,-363.0,0.0,-253.0,356.0,-414.0
-217.0,697.0,125.0,-294.0,255.0,-351.0,25.0,-497.0,355.0,-424.0
-224.0,1007.0,149.0,-315.0,235.0,-310.0,20.0,-641.0,346.0,-401.0
-237.0,1130.0,183.0,-305.0,211.0,-304.0,9.0,-713.0,303.0,-378.0
-279.0,967.0,159.0,-307.0,188.0,-315.0,22.0,-920.0,255.0,-366.0
-298.0,639.0,156.0,-325.0,168.0,-256.0,16.0,-838.0,235.0,-342.0
-331.0,391.0,130.0,-367.0,151.0,-194.0,11.0,-812.0,229.0,-323.0
-367.0,249.0,66.0,-384.0,135.0,-305.0,33.0,-611.0,221.0,-324.0
-395.0,106.0,39.0,-347.0,121.0,-406.0,65.0,-363.0,194.0,-338.0
-427.0,10.0,-23.0,-311.0,95.0,-392.0,85.0,-206.0,168.0,-333.0
-451.0,63.0,-77.0,-257.0,61.0,-408.0,74.0,-24.0,141.0,-325.0
-472.0,158.0,-115.0,-196.0,23.0,-479.0,57.0,-62.0,100.0,-286.0
-491.0,199.0,-167.0,-149.0,-19.0,-582.0,53.0,9.0,56.0,-243.0
-502.0,276.0,-214.0,-101.0,-61.0,-565.0,37.0,-46.0,-21.0,-196.0
-498.0,417.0,-240.0,-61.0,-96.0,-497.0,12.0,-123.0,-104.0,-125.0
-489.0,590.0,-258.0,-24.0,-122.0,-531.0,-18.0,-162.0,-174.0,-85.0
-462.0,749.0,-292.0,2.0,-136.0,-603.0,-52.0,-321.0,-243.0,-43.0
-436.0,854.0,-275.0,22.0,-130.0,-640.0,-54.0,-408.0,-240.0,2.0
-396.0,917.0,-281.0,52.0,-97.0,-640.0,-40.0,-663.0,-201.0,32.0
-340.0,947.0,-281.0,63.0,-47.0,-648.0,-35.0,-739.0,-185.0,40.0
-304.0,907.0,-249.0,80.0,5.0,-535.0,-56.0,-659.0,-169.0,36.0
-258.0,755.0,-256.0,101.0,54.0,-471.0,-88.0,-526.0,-128.0,39.0
-210.0,515.0,-241.0,104.0,89.0,-573.0,-118.0,-236.0,-83.0,15.0
-152.0,297.0,-240.0,88.0,100.0,-631.0,-143.0,-127.0,-45.0,-19.0
-87.0,225.0,-242.0,59.0,87.0,-611.0,-166.0,-18.0,-5.0,-38.0
-31.0,214.0,-241.0,60.0,63.0,-588.0,-208.0,-53.0,13.0,-37.0
14.0,99.0,-241.0,66.0,40.0,-711.0,-232.0,-116.0,19.0,-29.0
62.0,-54.0,-233.0,83.0,21.0,-813.0,-253.0,-84.0,22.0,-16.0
110.0,-108.0,-257.0,79.0,4.0,-807.0,-274.0,-223.0,22.0,36.0
142.0,-95.0,-268.0,70.0,-8.0,-830.0,-286.0,-280.0,7.0,93.0
176.0,-117.0,-299.0,80.0,-13.0,-853.0,-292.0,-393.0,-52.0,130.0
195.0,-202.0,-335.0,97.0,-28.0,-807.0,-292.0,-509.0,-130.0,194.0
218.0,-340.0,-363.0,89.0,-62.0,-711.0,-309.0,-641.0,-167.0,258.0
239.0,-436.0,-426.0,62.0,-103.0,-692.0,-348.0,-753.0,-178.0,320.0
242.0,-409.0,-458.0,86.0,-138.0,-708.0,-421.0,-722.0,-183.0,382.0
227.0,-368.0,-498.0,91.0,-161.0,-676.0,-457.0,-746.0,-201.0,447.0
213.0,-501.0,-530.0,100.0,-172.0,-638.0,-448.0,-569.0,-243.0,507.0
203.0,-752.0,-539.0,106.0,-173.0,-681.0,-469.0,-434.0,-275.0,533.0
166.0,-923.0,-543.0,80.0,-170.0,-661.0,-476.0,-317.0,-277.0,568.0
130.0,-1031.0,-513.0,79.0,-158.0,-588.0,-472.0,-169.0,-237.0,597.0
79.0,-1083.0,-507.0,51.0,-146.0,-641.0,-462.0,-166.0,-181.0,585.0
26.0,-1020.0,-450.0,8.0,-132.0,-673.0,-430.0,-59.0,-149.0,538.0
-27.0,-870.0,-370.0,-49.0,-112.0,-684.0,-404.0,-136.0,-126.0,488.0
-84.0,-638.0,-325.0,-131.0,-94.0,-611.0,-387.0,-149.0,-122.0,430.0
-130.0,-366.0,-258.0,-211.0,-77.0,-572.0,-401.0,-171.0,-112.0,326.0
-183.0,-204.0,-188.0,-283.0,-62.0,-665.0,-433.0,-406.0,-98.0,221.0
-217.0,-188.0,-133.0,-349.0,-55.0,-561.0,-442.0,-478.0,-112.0,126.0
-256.0,-130.0,-91.0,-431.0,-56.0,-482.0,-435.0,-574.0,-151.0,23.0
-301.0,-19.0,-30.0,-509.0,-55.0,-509.0,-419.0,-484.0,-217.0,-89.0
-341.0,6.0,-17.0,-557.0,-49.0,-541.0,-422.0,-365.0,-289.0,-192.0
-359.0,54.0,4.0,-557.0,-43.0,-622.0,-465.0,-328.0,-343.0,-250.0
-366.0,261.0,3.0,-522.0,-33.0,-596.0,-484.0,-282.0,-372.0,-310.0
-376.0,527.0,-44.0,-496.0,-15.0,-670.0,-469.0,-378.0,-382.0,-360.0
-365.0,694.0,-45.0,-474.0,8.0,-724.0,-480.0,-347.0,-400.0,-355.0
-357.0,830.0,-118.0,-456.0,32.0,-644.0,-478.0,-367.0,-405.0,-338.0
-336.0,999.0,-183.0,-422.0,52.0,-659.0,-462.0,-260.0,-376.0,-325.0
-324.0,1086.0,-227.0,-370.0,74.0,-586.0,-438.0,-197.0,-325.0,-288.0
-310.0,1029.0,-317.0,-319.0,92.0,-557.0,-419.0,-271.0,-244.0,-228.0
-287.0,875.0,-380.0,-259.0,99.0,-534.0,-426.0,-168.0,-150.0,-175.0
-271.0,720.0,-459.0,-212.0,97.0,-422.0,-435.0,-262.0,-50.0,-125.0
-239.0,564.0,-503.0,-149.0,81.0,-461.0,-445.0,-304.0,71.0,-54.0
-229.0,357.0,-544.0,-90.0,65.0,-366.0,-459.0,-315.0,210.0,17.0
-216.0,188.0,-581.0,-30.0,54.0,-330.0,-467.0,-195.0,345.0,57.0
-208.0,166.0,-569.0,45.0,45.0,-434.0,-460.0,70.0,445.0,63.0
-221.0,230.0,-584.0,90.0,33.0,-438.0,-443.0,105.0,514.0,78.0
-242.0,262.0,-567.0,125.0,23.0,-472.0,-416.0,182.0,567.0,76.0
-275.0,168.0,-546.0,157.0,17.0,-388.0,-388.0,99.0,600.0,37.0
-286.0,-99.0,-510.0,179.0,10.0,-410.0,-358.0,18.0,599.0,14.0
-296.0,-447.0,-449.0,179.0,1.0,-438.0,-357.0,-35.0,581.0,13.0
-318.0,-762.0,-412.0,162.0,0.0,-386.0,-363.0,-140.0,557.0,8.0
-327.0,-932.0,-370.0,128.0,12.0,-412.0,-349.0,9.0,501.0,-5.0
-338.0,-921.0,-324.0,72.0,25.0,-354.0,-363.0,5.0,413.0,2.0
-342.0,-795.0,-297.0,-8.0,34.0,-341.0,-367.0,-16.0,310.0,25.0
-353.0,-679.0,-290.0,-69.0,31.0,-348.0,-367.0,-35.0,211.0,23.0
-363.0,-634.0,-238.0,-92.0,19.0,-431.0,-361.0,-105.0,92.0,9.0
-368.0,-527.0,-218.0,-123.0,4.0,-444.0,-353.0,-55.0,-20.0,-12.0
-388.0,-318.0,-188.0,-147.0,-19.0,-296.0,-367.0,-62.0,-84.0,-49.0
-394.0,-107.0,-151.0,-190.0,-41.0,-327.0,-375.0,40.0,-134.0,-127.0
-414.0,21.0,-133.0,-200.0,-52.0,-418.0,-364.0,16.0,-171.0,-225.0
-413.0,17.0,-96.0,-164.0,-52.0,-373.0,-370.0,-48.0,-207.0,-313.0
-401.0,-169.0,-81.0,-140.0,-53.0,-271.0,-362.0,-27.0,-241.0,-423.0
-387.0,-373.0,-65.0,-98.0,-56.0,-254.0,-316.0,-151.0,-272.0,-549.0
-346.0,-393.0,-52.0,-76.0,-57.0,-220.0,-280.0,-127.0,-304.0,-636.0
-309.0,-419.0,-39.0,-49.0,-57.0,-80.0,-245.0,-73.0,-318.0,-680.0
-254.0,-497.0,-53.0,0.0,-54.0,-85.0,-227.0,5.0,-347.0,-721.0
-206.0,-491.0,-48.0,37.0,-46.0,-180.0,-196.0,57.0,-350.0,-744.0
-149.0,-477.0,-56.0,80.0,-29.0,-185.0,-154.0,101.0,-268.0,-725.0
-98.0,-449.0,-72.0,91.0,-5.0,-104.0,-122.0,271.0,-170.0,-684.0
-49.0,-303.0,-82.0,70.0,22.0,-75.0,-77.0,238.0,-103.0,-658.0
6.0,-130.0,-74.0,46.0,44.0,-132.0,-51.0,258.0,-68.0,-624.0
56.0,-13.0,-56.0,28.0,52.0,-79.0,-42.0,240.0,-15.0,-581.0
104.0,161.0,-78.0,9.0,45.0,-8.0,-59.0,219.0,90.0,-566.0
136.0,374.0,-23.0,-39.0,21.0,20.0,-88.0,218.0,196.0,-560.0
168.0,513.0,-33.0,-88.0,-2.0,-41.0,-127.0,46.0,278.0,-542.0
177.0,681.0,-40.0,-131.0,-19.0,-64.0,-169.0,81.0,334.0,-509.0
188.0,970.0,9.0,-122.0,-29.0,52.0,-188.0,-35.0,376.0,-477.0
201.0,1230.0,-24.0,-80.0,-42.0,-46.0,-220.0,-110.0,398.0,-436.0
202.0,1410.0,0.0,-72.0,-53.0,-143.0,-248.0,-36.0,411.0,-353.0
198.0,1492.0,11.0,-58.0,-45.0,-63.0,-226.0,-40.0,403.0,-265.0
199.0,1349.0,-17.0,-52.0,-21.0,33.0,-183.0,29.0,344.0,-169.0
210.0,1020.0,4.0,-45.0,7.0,163.0,-132.0,-142.0,304.0,-27.0
204.0,622.0,-8.0,-58.0,36.0,187.0,-76.0,-219.0,271.0,126.0
197.0,233.0,-36.0,-120.0,58.0,210.0,-93.0,-314.0,217.0,270.0
186.0,-116.0,-23.0,-189.0,74.0,203.0,-130.0,-412.0,168.0,426.0
179.0,-446.0,-34.0,-246.0,86.0,106.0,-141.0,-321.0,79.0,582.0
155.0,-744.0,-37.0,-293.0,86.0,129.0,-169.0,-323.0,-38.0,729.0
112.0,-869.0,-12.0,-325.0,76.0,176.0,-171.0,-158.0,-173.0,846.0
70.0,-775.0,-18.0,-343.0,55.0,196.0,-171.0,-138.0,-310.0,927.0
17.0,-681.0,-26.0,-355.0,25.0,169.0,-198.0,-97.0,-401.0,999.0
-24.0,-639.0,-11.0,-356.0,-7.0,135.0,-213.0,-7.0,-473.0,1018.0
-75.0,-563.0,-8.0,-354.0,-37.0,141.0,-218.0,-57.0,-537.0,993.0
-130.0,-494.0,13.0,-334.0,-56.0,100.0,-200.0,73.0,-572.0,960.0
-179.0,-418.0,39.0,-275.0,-63.0,192.0,-177.0,38.0,-560.0,888.0
-228.0,-286.0,69.0,-208.0,-67.0,297.0,-204.0,20.0,-509.0,776.0
-261.0,-246.0,105.0,-138.0,-87.0,198.0,-223.0,-12.0,-479.0,631.0
-303.0,-320.0,118.0,-51.0,-127.0,-4.0,-196.0,-158.0,-453.0,487.0
-331.0,-302.0,153.0,48.0,-165.0,-135.0,-179.0,-236.0,-403.0,337.0
-348.0,-291.0,162.0,148.0,-192.0,-79.0,-160.0,-362.0,-344.0,172.0
-356.0,-421.0,187.0,221.0,-216.0,-59.0,-129.0,-334.0,-294.0,35.0
-339.0,-501.0,196.0,276.0,-235.0,-146.0,-138.0,-373.0,-256.0,-75.0
-329.0,-429.0,214.0,319.0,-246.0,-169.0,-139.0,-336.0,-220.0,-165.0
-295.0,-328.0,227.0,364.0,-248.0,-56.0,-140.0,-262.0,-182.0,-251.0
-256.0,-206.0,199.0,401.0,-236.0,45.0,-179.0,-339.0,-142.0,-304.0
-224.0,-23.0,243.0,421.0,-209.0,32.0,-218.0,-315.0,-101.0,-336.0
-178.0,132.0,206.0,478.0,-169.0,82.0,-252.0,-382.0,-66.0,-404.0
-142.0,226.0,186.0,539.0,-114.0,132.0,-253.0,-336.0,-37.0,-456.0
-90.0,223.0,219.0,584.0,-49.0,123.0,-261.0,-240.0,1.0,-489.0
-41.0,166.0,167.0,636.0,14.0,66.0,-285.0,-121.0,50.0,-524.0
7.0,248.0,173.0,681.0,69.0,58.0,-305.0,-1.0,95.0,-554.0
52.0,447.0,180.0,692.0,103.0,137.0,-311.0,-11.0,118.0,-557.0
102.0,595.0,143.0,661.0,118.0,125.0,-274.0,164.0,130.0,-517.0
145.0,600.0,116.0,619.0,130.0,142.0,-236.0,112.0,157.0,-473.0
161.0,471.0,85.0,551.0,145.0,106.0,-203.0,-77.0,191.0,-434.0
183.0,376.0,25.0,472.0,154.0,-41.0,-189.0,-295.0,245.0,-373.0
187.0,357.0,-20.0,405.0,149.0,-54.0,-205.0,-537.0,300.0,-311.0
196.0,156.0,-58.0,331.0,131.0,17.0,-238.0,-415.0,336.0,-284.0
191.0,-186.0,-117.0,270.0,107.0,166.0,-253.0,-269.0,359.0,-253.0
172.0,-387.0,-132.0,214.0,87.0,185.0,-252.0,-60.0,372.0,-196.0
145.0,-492.0,-181.0,159.0,73.0,92.0,-234.0,72.0,391.0,-145.0
103.0,-634.0,-229.0,113.0,64.0,169.0,-193.0,103.0,402.0,-86.0
59.0,-800.0,-246.0,57.0,60.0,218.0,-177.0,116.0,397.0,-10.0
-3.0,-869.0,-291.0,0.0,54.0,207.0,-202.0,24.0,384.0,83.0
-61.0,-756.0,-294.0,-51.0,38.0,135.0,-223.0,-7.0,362.0,164.0
-124.0,-529.0,-330.0,-132.0,9.0,187.0,-211.0,-133.0,351.0,253.0
-166.0,-380.0,-375.0,-221.0,-16.0,302.0,-185.0,-14.0,363.0,389.0
-198.0,-380.0,-371.0,-313.0,-37.0,295.0,-151.0,127.0,352.0,507.0
-228.0,-394.0,-387.0,-419.0,-59.0,287.0,-134.0,173.0,328.0,613.0
-240.0,-233.0,-395.0,-527.0,-86.0,117.0,-143.0,332.0,309.0,716.0
-249.0,182.0,-360.0,-622.0,-98.0,123.0,-151.0,218.0,291.0,804.0
-248.0,646.0,-358.0,-692.0,-88.0,148.0,-137.0,240.0,258.0,845.0
-234.0,994.0,-335.0,-756.0,-74.0,144.0,-135.0,254.0,222.0,848.0
-201.0,1248.0,-276.0,-810.0,-63.0,282.0,-141.0,206.0,228.0,834.0
-159.0,1403.0,-290.0,-837.0,-54.0,195.0,-124.0,339.0,236.0,785.0
-111.0,1477.0,-246.0,-844.0,-38.0,285.0,-93.0,354.0,211.0,718.0
-55.0,1488.0,-199.0,-854.0,-20.0,324.0,-75.0,454.0,183.0,621.0
8.0,1384.0,-202.0,-847.0,-14.0,243.0,-55.0,445.0,173.0,546.0
66.0,1177.0,-160.0,-782.0,-12.0,224.0,-4.0,450.0,180.0,478.0
115.0,1018.0,-160.0,-673.0,-4.0,83.0,24.0,480.0,200.0,391.0
150.0,849.0,-142.0,-566.0,15.0,179.0,13.0,351.0,221.0,345.0
195.0,510.0,-143.0,-460.0,43.0,250.0,-36.0,373.0,221.0,321.0
254.0,51.0,-172.0,-333.0,63.0,262.0,-60.0,356.0,180.0,287.0
289.0,-344.0,-181.0,-235.0,76.0,277.0,-72.0,450.0,126.0,231.0
318.0,-602.0,-212.0,-139.0,72.0,173.0,-101.0,495.0,81.0,207.0
333.0,-860.0,-204.0,-58.0,53.0,213.0,-91.0,277.0,24.0,177.0
338.0,-1123.0,-230.0,-18.0,28.0,304.0,-104.0,96.0,-42.0,106.0
336.0,-1227.0,-249.0,18.0,8.0,477.0,-97.0,83.0,-107.0,52.0
322.0,-1272.0,-278.0,13.0,-2.0,490.0,-68.0,188.0,-150.0,-14.0
301.0,-1368.0,-311.0,-3.0,0.0,353.0,-54.0,138.0,-164.0,-76.0
276.0,-1344.0,-295.0,9.0,13.0,467.0,-23.0,123.0,-177.0,-139.0
247.0,-1206.0,-326.0,38.0,21.0,588.0,6.0,145.0,-202.0,-189.0
213.0,-1074.0,-332.0,62.0,20.0,567.0,45.0,293.0,-243.0,-198.0
173.0,-818.0,-329.0,80.0,3.0,454.0,49.0,517.0,-292.0,-201.0
118.0,-430.0,-328.0,81.0,-19.0,464.0,24.0,428.0,-352.0,-193.0
62.0,-129.0,-339.0,76.0,-38.0,496.0,16.0,375.0,-418.0,-160.0
1.0,-57.0,-332.0,70.0,-58.0,406.0,0.0,336.0,-454.0,-108.0
-52.0,-182.0,-292.0,70.0,-84.0,421.0,-11.0,258.0,-489.0,-46.0
-111.0,-409.0,-308.0,74.0,-112.0,507.0,1.0,194.0,-534.0,27.0
-171.0,-598.0,-237.0,44.0,-131.0,572.0,-4.0,59.0,-578.0,123.0
-228.0,-631.0,-188.0,42.0,-140.0,517.0,0.0,68.0,-629.0,229.0
-274.0,-560.0,-180.0,27.0,-145.0,522.0,24.0,70.0,-649.0,315.0
-307.0,-431.0,-64.0,-12.0,-135.0,585.0,36.0,123.0,-638.0,401.0
-352.0,-295.0,13.0,-33.0,-113.0,523.0,81.0,136.0,-590.0,476.0
-384.0,-209.0,78.0,-78.0,-88.0,402.0,110.0,38.0,-523.0,516.0
-403.0,-175.0,181.0,-102.0,-54.0,307.0,121.0,155.0,-463.0,538.0
-418.0,-223.0,282.0,-139.0,-11.0,310.0,140.0,238.0,-373.0,535.0
-417.0,-306.0,336.0,-160.0,38.0,275.0,153.0,269.0,-261.0,527.0
-398.0,-265.0,392.0,-134.0,91.0,246.0,181.0,199.0,-144.0,478.0
-379.0,-91.0,471.0,-102.0,140.0,296.0,208.0,168.0,-48.0,414.0
-356.0,89.0,496.0,-16.0,178.0,287.0,239.0,299.0,9.0,358.0
-330.0,245.0,521.0,93.0,200.0,219.0,257.0,301.0,72.0,278.0
-309.0,366.0,534.0,208.0,204.0,158.0,277.0,343.0,177.0,193.0
-281.0,479.0,521.0,311.0,194.0,194.0,290.0,157.0,292.0,100.0
-261.0,610.0,501.0,401.0,170.0,226.0,300.0,57.0,349.0,26.0
-236.0,697.0,442.0,467.0,132.0,164.0,338.0,90.0,342.0,-56.0
-197.0,773.0,398.0,521.0,87.0,205.0,343.0,-55.0,326.0,-164.0
-160.0,866.0,350.0,580.0,49.0,231.0,319.0,-1.0,362.0,-237.0
-110.0,828.0,248.0,605.0,22.0,198.0,289.0,-94.0,401.0,-294.0
-56.0,611.0,197.0,608.0,-7.0,212.0,274.0,-9.0,387.0,-359.0
-9.0,327.0,144.0,574.0,-44.0,193.0,277.0,157.0,347.0,-413.0
23.0,-33.0,57.0,484.0,-75.0,177.0,274.0,138.0,309.0,-434.0
61.0,-369.0,25.0,355.0,-100.0,71.0,277.0,223.0,295.0,-457.0
107.0,-525.0,-20.0,255.0,-128.0,41.0,318.0,134.0,280.0,-505.0
154.0,-665.0,-58.0,141.0,-154.0,131.0,358.0,184.0,242.0,-527.0
194.0,-881.0,-86.0,31.0,-163.0,132.0,356.0,212.0,177.0,-530.0
233.0,-961.0,-98.0,-40.0,-155.0,86.0,358.0,197.0,119.0,-553.0
273.0,-776.0,-95.0,-96.0,-145.0,64.0,356.0,171.0,100.0,-595.0
296.0,-420.0,-101.0,-119.0,-144.0,146.0,327.0,-1.0,107.0,-597.0
314.0,-114.0,-51.0,-141.0,-147.0,160.0,294.0,11.0,105.0,-561.0
319.0,20.0,-35.0,-138.0,-138.0,69.0,278.0,1.0,86.0,-541.0
329.0,143.0,-30.0,-151.0,-115.0,66.0,249.0,109.0,106.0,-498.0
326.0,343.0,14.0,-183.0,-87.0,162.0,198.0,129.0,164.0,-398.0
312.0,503.0,57.0,-226.0,-66.0,180.0,148.0,-9.0,210.0,-296.0
298.0,635.0,75.0,-249.0,-52.0,115.0,148.0,-27.0,212.0,-224.0
272.0,759.0,80.0,-259.0,-40.0,117.0,196.0,-59.0,192.0,-123.0
260.0,786.0,165.0,-297.0,-29.0,146.0,206.0,88.0,187.0,0.0
242.0,782.0,179.0,-312.0,-15.0,160.0,190.0,184.0,234.0,87.0
237.0,805.0,179.0,-327.0,3.0,152.0,157.0,327.0,280.0,168.0
231.0,790.0,249.0,-352.0,24.0,166.0,127.0,522.0,267.0,261.0
228.0,804.0,240.0,-394.0,35.0,92.0,110.0,450.0,217.0,340.0
233.0,805.0,253.0,-446.0,32.0,-38.0,115.0,406.0,140.0,400.0
236.0,634.0,280.0,-499.0,31.0,-5.0,127.0,299.0,101.0,446.0
236.0,346.0,266.0,-541.0,42.0,64.0,109.0,267.0,79.0,494.0
227.0,69.0,255.0,-563.0,56.0,100.0,109.0,327.0,24.0,536.0
226.0,-213.0,269.0,-562.0,66.0,91.0,101.0,264.0,-52.0,542.0
229.0,-527.0,257.0,-532.0,76.0,97.0,90.0,238.0,-114.0,541.0
235.0,-805.0,178.0,-478.0,91.0,123.0,67.0,194.0,-155.0,539.0
224.0,-967.0,155.0,-401.0,103.0,43.0,48.0,249.0,-176.0,490.0
230.0,-977.0,87.0,-339.0,106.0,32.0,45.0,229.0,-184.0,416.0
222.0,-835.0,-7.0,-286.0,101.0,121.0,14.0,149.0,-221.0,362.0
203.0,-603.0,-49.0,-242.0,81.0,169.0,5.0,155.0,-243.0,290.0
185.0,-397.0,-121.0,-231.0,49.0,168.0,5.0,127.0,-259.0,183.0
153.0,-208.0,-142.0,-242.0,22.0,198.0,20.0,247.0,-269.0,100.0
144.0,30.0,-216.0,-240.0,2.0,270.0,74.0,262.0,-289.0,36.0
124.0,262.0,-289.0,-230.0,-17.0,252.0,124.0,234.0,-316.0,-44.0
114.0,446.0,-275.0,-223.0,-27.0,208.0,149.0,184.0,-310.0,-142.0
103.0,607.0,-307.0,-196.0,-23.0,294.0,165.0,177.0,-291.0,-212.0
83.0,725.0,-294.0,-167.0,-15.0,355.0,177.0,315.0,-279.0,-269.0
47.0,692.0,-231.0,-156.0,-5.0,290.0,176.0,295.0,-276.0,-347.0
18.0,526.0,-206.0,-128.0,4.0,255.0,169.0,399.0,-221.0,-399.0
-14.0,409.0,-193.0,-47.0,8.0,297.0,146.0,354.0,-159.0,-408.0
-74.0,399.0,-120.0,37.0,9.0,333.0,132.0,245.0,-123.0,-416.0
-118.0,432.0,-67.0,129.0,11.0,334.0,124.0,282.0,-80.0,-435.0
-159.0,505.0,-25.0,240.0,9.0,382.0,112.0,240.0,-48.0,-440.0
-182.0,568.0,31.0,324.0,7.0,431.0,119.0,351.0,-25.0,-422.0
-216.0,509.0,88.0,407.0,11.0,386.0,151.0,376.0,-3.0,-431.0
-239.0,374.0,169.0,460.0,12.0,304.0,192.0,461.0,39.0,-452.0
-267.0,193.0,188.0,484.0,10.0,315.0,235.0,528.0,71.0,-445.0
-284.0,-57.0,303.0,516.0,7.0,397.0,282.0,428.0,91.0,-454.0
-284.0,-331.0,385.0,510.0,9.0,409.0,277.0,473.0,133.0,-473.0
-293.0,-551.0,344.0,492.0,8.0,436.0,262.0,439.0,192.0,-482.0
-264.0,-642.0,436.0,484.0,10.0,456.0,247.0,497.0,267.0,-456.0
-232.0,-598.0,448.0,459.0,21.0,412.0,210.0,498.0,305.0,-407.0
-199.0,-371.0,399.0,390.0,27.0,322.0,205.0,312.0,323.0,-368.0
-160.0,29.0,429.0,293.0,17.0,343.0,219.0,254.0,366.0,-295.0
-107.0,390.0,396.0,205.0,-10.0,479.0,213.0,301.0,394.0,-191.0
-62.0,572.0,360.0,116.0,-52.0,500.0,217.0,458.0,407.0,-104.0
-5.0,617.0,352.0,18.0,-93.0,461.0,253.0,432.0,417.0,-37.0
44.0,556.0,333.0,-73.0,-119.0,415.0,264.0,434.0,435.0,47.0
81.0,364.0,325.0,-140.0,-127.0,478.0,249.0,452.0,457.0,121.0
134.0,98.0,335.0,-219.0,-125.0,467.0,216.0,397.0,469.0,140.0
181.0,-207.0,312.0,-307.0,-119.0,383.0,171.0,548.0,467.0,171.0
225.0,-610.0,319.0,-371.0,-118.0,421.0,141.0,443.0,443.0,229.0
242.0,-1014.0,316.0,-428.0,-117.0,391.0,101.0,362.0,414.0,277.0
270.0,-1269.0,258.0,-478.0,-113.0,379.0,113.0,441.0,386.0,311.0
293.0,-1418.0,285.0,-523.0,-108.0,374.0,172.0,400.0,363.0,361.0
290.0,-1529.0,254.0,-533.0,-93.0,410.0,189.0,378.0,331.0,423.0
277.0,-1602.0,205.0,-530.0,-59.0,412.0,189.0,434.0,300.0,447.0
267.0,-1627.0,210.0,-491.0,-14.0,351.0,170.0,600.0,289.0,456.0
244.0,-1518.0,192.0,-410.0,28.0,446.0,92.0,589.0,244.0,475.0
199.0,-1242.0,191.0,-322.0,51.0,484.0,7.0,624.0,199.0,482.0
161.0,-961.0,156.0,-213.0,59.0,404.0,-37.0,659.0,173.0,469.0
127.0,-801.0,171.0,-93.0,61.0,306.0,-38.0,569.0,130.0,453.0
95.0,-736.0,158.0,30.0,51.0,344.0,-2.0,559.0,91.0,447.0
51.0,-697.0,110.0,164.0,25.0,452.0,28.0,413.0,62.0,440.0
20.0,-576.0,131.0,301.0,6.0,385.0,48.0,334.0,45.0,403.0
2.0,-328.0,86.0,406.0,8.0,326.0,45.0,236.0,20.0,370.0
-9.0,-95.0,69.0,479.0,17.0,369.0,17.0,197.0,9.0,367.0
-30.0,55.0,52.0,495.0,25.0,391.0,6.0,284.0,8.0,321.0
-42.0,197.0,1.0,450.0,27.0,324.0,-4.0,290.0,6.0,294.0
-42.0,253.0,1.0,389.0,18.0,273.0,-21.0,489.0,-1.0,297.0
-43.0,174.0,-37.0,330.0,9.0,302.0,-45.0,532.0,-36.0,290.0
-24.0,94.0,-83.0,246.0,19.0,319.0,-65.0,473.0,-31.0,294.0
-13.0,89.0,-115.0,166.0,54.0,319.0,-37.0,391.0,-9.0,292.0
19.0,147.0,-145.0,88.0,101.0,331.0,-1.0,225.0,-20.0,310.0
57.0,223.0,-186.0,0.0,142.0,333.0,31.0,338.0,-49.0,302.0
91.0,231.0,-207.0,8.0,158.0,226.0,77.0,360.0,-54.0,268.0
132.0,89.0,-212.0,6.0,143.0,105.0,96.0,397.0,-39.0,239.0
167.0,-176.0,-237.0,5.0,114.0,71.0,74.0,456.0,-33.0,203.0
191.0,-412.0,-225.0,34.0,85.0,9.0,43.0,426.0,2.0,146.0
203.0,-566.0,-221.0,37.0,58.0,-31.0,4.0,397.0,51.0,72.0
219.0,-708.0,-199.0,82.0,36.0,-9.0,-58.0,325.0,47.0,41.0
235.0,-875.0,-148.0,102.0,16.0,37.0,-102.0,522.0,36.0,-18.0
252.0,-1092.0,-116.0,159.0,-1.0,34.0,-163.0,578.0,70.0,-106.0
257.0,-1301.0,-64.0,235.0,-7.0,-94.0,-194.0,604.0,115.0,-150.0
288.0,-1346.0,-31.0,271.0,8.0,-80.0,-181.0,609.0,144.0,-179.0
320.0,-1199.0,-1.0,276.0,36.0,2.0,-158.0,421.0,147.0,-204.0
349.0,-923.0,39.0,242.0,60.0,-45.0,-130.0,500.0,136.0,-204.0
379.0,-554.0,62.0,245.0,84.0,-109.0,-111.0,423.0,119.0,-143.0
401.0,-163.0,95.0,263.0,116.0,-124.0,-96.0,417.0,103.0,-51.0
434.0,278.0,108.0,261.0,157.0,-60.0,-113.0,631.0,68.0,30.0
454.0,792.0,115.0,232.0,188.0,-103.0,-100.0,750.0,7.0,139.0
483.0,1232.0,129.0,200.0,206.0,-82.0,-85.0,772.0,-37.0,274.0
503.0,1526.0,109.0,136.0,218.0,75.0,-79.0,618.0,-104.0,385.0
517.0,1686.0,63.0,45.0,217.0,121.0,-60.0,578.0,-197.0,455.0
509.0,1764.0,45.0,-27.0,197.0,108.0,-63.0,445.0,-273.0,528.0
485.0,1850.0,-15.0,-112.0,160.0,120.0,-35.0,312.0,-313.0,593.0
453.0,1887.0,-100.0,-218.0,119.0,177.0,-10.0,229.0,-313.0,599.0
397.0,1746.0,-158.0,-307.0,75.0,129.0,17.0,169.0,-323.0,590.0
371.0,1440.0,-241.0,-356.0,26.0,12.0,54.0,351.0,-367.0,594.0
332.0,1033.0,-280.0,-394.0,-28.0,-39.0,52.0,447.0,-394.0,573.0
287.0,614.0,-336.0,-418.0,-79.0,-29.0,44.0,668.0,-383.0,520.0
245.0,301.0,-388.0,-411.0,-118.0,-6.0,38.0,812.0,-374.0,464.0
193.0,131.0,-403.0,-399.0,-158.0,5.0,39.0,703.0,-383.0,419.0
138.0,76.0,-435.0,-363.0,-202.0,136.0,51.0,618.0,-395.0,358.0
60.0,119.0,-415.0,-300.0,-236.0,202.0,76.0,400.0,-390.0,278.0
-4.0,213.0,-411.0,-238.0,-250.0,175.0,124.0,282.0,-345.0,224.0
-65.0,237.0,-403.0,-183.0,-244.0,227.0,157.0,109.0,-262.0,172.0
-118.0,99.0,-381.0,-143.0,-221.0,217.0,180.0,-42.0,-186.0,109.0
-172.0,-153.0,-356.0,-107.0,-187.0,183.0,191.0,14.0,-135.0,50.0
-209.0,-390.0,-316.0,-80.0,-143.0,171.0,179.0,0.0,-96.0,13.0
-231.0,-561.0,-280.0,-60.0,-94.0,179.0,174.0,68.0,-30.0,-14.0
-269.0,-686.0,-232.0,-36.0,-52.0,163.0,173.0,72.0,73.0,-85.0
-294.0,-741.0,-178.0,-6.0,-20.0,29.0,179.0,206.0,164.0,-150.0
-321.0,-681.0,-122.0,38.0,-5.0,-18.0,176.0,413.0,251.0,-211.0
-323.0,-515.0,-85.0,62.0,2.0,77.0,169.0,363.0,358.0,-302.0
-320.0,-355.0,-2.0,69.0,11.0,75.0,186.0,393.0,473.0,-398.0
-318.0,-236.0,57.0,44.0,10.0,-25.0,229.0,354.0,546.0,-475.0
-286.0,-42.0,115.0,-1.0,0.0,-42.0,266.0,362.0,585.0,-519.0
-240.0,261.0,208.0,-52.0,-8.0,-6.0,281.0,363.0,629.0,-578.0
-218.0,546.0,264.0,-84.0,-9.0,-1.0,292.0,290.0,666.0,-623.0
-207.0,674.0,324.0,-89.0,-9.0,-109.0,286.0,260.0,681.0,-625.0
-174.0,634.0,382.0,-86.0,-14.0,-175.0,269.0,79.0,670.0,-640.0
-150.0,566.0,435.0,-43.0,-25.0,-70.0,255.0,-20.0,673.0,-639.0
-126.0,549.0,465.0,6.0,-33.0,-58.0,278.0,-81.0,638.0,-594.0
-123.0,508.0,512.0,61.0,-38.0,-106.0,328.0,90.0,550.0,-535.0
-113.0,401.0,546.0,139.0,-58.0,-123.0,349.0,290.0,498.0,-472.0
-84.0,203.0,571.0,216.0,-95.0,-135.0,350.0,367.0,478.0,-399.0
-63.0,-80.0,617.0,260.0,-125.0,-108.0,345.0,533.0,449.0,-313.0
-33.0,-317.0,637.0,301.0,-138.0,-41.0,344.0,421.0,385.0,-222.0
-9.0,-337.0,650.0,329.0,-140.0,29.0,338.0,388.0,294.0,-158.0
22.0,-98.0,664.0,312.0,-135.0,-23.0,346.0,339.0,204.0,-91.0
54.0,247.0,698.0,311.0,-125.0,-106.0,361.0,260.0,143.0,-12.0
83.0,482.0,690.0,318.0,-106.0,-108.0,361.0,271.0,118.0,37.0
110.0,452.0,697.0,304.0,-78.0,-119.0,340.0,182.0,100.0,67.0
148.0,202.0,705.0,285.0,-54.0,-218.0,292.0,254.0,63.0,104.0
190.0,-99.0,666.0,287.0,-34.0,-300.0,277.0,301.0,33.0,147.0
222.0,-372.0,656.0,316.0,-11.0,-221.0,274.0,480.0,17.0,179.0
260.0,-624.0,610.0,343.0,11.0,-108.0,263.0,530.0,10.0,213.0
311.0,-825.0,589.0,365.0,38.0,-127.0,271.0,424.0,10.0,266.0
357.0,-892.0,553.0,396.0,71.0,-187.0,274.0,493.0,-12.0,320.0
379.0,-889.0,497.0,427.0,106.0,-127.0,254.0,428.0,-60.0,348.0
398.0,-947.0,483.0,463.0,131.0,-61.0,256.0,558.0,-135.0,384.0
409.0,-1053.0,446.0,492.0,136.0,-123.0,307.0,617.0,-214.0,450.0
430.0,-1180.0,409.0,477.0,131.0,-150.0,345.0,611.0,-256.0,511.0
438.0,-1354.0,360.0,444.0,126.0,-148.0,367.0,727.0,-287.0,569.0
440.0,-1507.0,333.0,390.0,116.0,-171.0,369.0,748.0,-351.0,643.0
453.0,-1523.0,260.0,353.0,103.0,-164.0,369.0,925.0,-421.0,711.0
454.0,-1396.0,202.0,318.0,92.0,-145.0,364.0,868.0,-468.0,743.0
447.0,-1183.0,175.0,234.0,83.0,-113.0,328.0,744.0,-510.0,747.0
432.0,-956.0,102.0,152.0,78.0,-138.0,294.0,668.0,-562.0,743.0
420.0,-721.0,76.0,48.0,70.0,-138.0,255.0,450.0,-623.0,698.0
385.0,-404.0,25.0,-47.0,67.0,-111.0,247.0,286.0,-694.0,606.0
356.0,0.0,-1.0,-120.0,67.0,-123.0,266.0,110.0,-726.0,506.0
318.0,397.0,-12.0,-204.0,54.0,-164.0,256.0,177.0,-692.0,404.0
290.0,699.0,-53.0,-266.0,29.0,-193.0,247.0,208.0,-639.0,284.0
269.0,944.0,-51.0,-314.0,-8.0,-41.0,253.0,242.0,-570.0,135.0
236.0,1157.0,-63.0,-337.0,-46.0,71.0,250.0,339.0,-509.0,-10.0
212.0,1298.0,-80.0,-342.0,-82.0,-1.0,200.0,232.0,-457.0,-132.0
187.0,1361.0,-75.0,-346.0,-117.0,-71.0,138.0,247.0,-423.0,-276.0
171.0,1339.0,-88.0,-352.0,-150.0,-85.0,92.0,151.0,-407.0,-436.0
139.0,1252.0,-101.0,-356.0,-178.0,-62.0,74.0,57.0,-345.0,-553.0
102.0,1192.0,-110.0,-349.0,-193.0,-68.0,96.0,70.0,-229.0,-673.0
63.0,1157.0,-118.0,-316.0,-189.0,-31.0,127.0,40.0,-104.0,-807.0
30.0,1034.0,-125.0,-264.0,-164.0,-29.0,158.0,118.0,3.0,-909.0
-5.0,762.0,-122.0,-217.0,-119.0,-151.0,173.0,169.0,118.0,-976.0
-54.0,350.0,-133.0,-170.0,-62.0,-128.0,157.0,221.0,236.0,-1023.0
-84.0,-136.0,-160.0,-108.0,-3.0,-19.0,149.0,144.0,373.0,-1066.0
-125.0,-609.0,-171.0,-55.0,60.0,-4.0,144.0,72.0,500.0,-1051.0
-166.0,-972.0,-206.0,-9.0,121.0,-104.0,126.0,33.0,575.0,-978.0
-205.0,-1137.0,-237.0,33.0,170.0,-179.0,118.0,57.0,613.0,-908.0
-243.0,-1092.0,-263.0,34.0,212.0,-95.0,96.0,325.0,568.0,-822.0
-284.0,-964.0,-294.0,36.0,238.0,-80.0,66.0,291.0,482.0,-695.0
-322.0,-880.0,-301.0,51.0,241.0,-80.0,49.0,297.0,389.0,-562.0
-337.0,-805.0,-347.0,83.0,222.0,-23.0,72.0,367.0,273.0,-448.0
-344.0,-672.0,-373.0,138.0,176.0,33.0,91.0,238.0,168.0,-340.0
-344.0,-499.0,-368.0,197.0,112.0,53.0,67.0,323.0,60.0,-229.0
-321.0,-314.0,-416.0,258.0,43.0,-9.0,61.0,266.0,-80.0,-127.0
-292.0,-106.0,-422.0,307.0,-21.0,-12.0,36.0,221.0,-224.0,-73.0
-263.0,124.0,-415.0,361.0,-79.0,-29.0,3.0,206.0,-318.0,-5.0
-210.0,372.0,-428.0,410.0,-136.0,-14.0,-4.0,-3.0,-340.0,76.0
-144.0,599.0,-396.0,433.0,-190.0,68.0,20.0,-57.0,-356.0,122.0
-53.0,754.0,-387.0,463.0,-236.0,34.0,59.0,-9.0,-416.0,176.0
18.0,924.0,-375.0,499.0,-269.0,-110.0,77.0,116.0,-453.0,250.0
90.0,1131.0,-327.0,547.0,-282.0,-262.0,112.0,195.0,-440.0,331.0
163.0,1242.0,-300.0,585.0,-279.0,-277.0,130.0,334.0,-387.0,370.0
225.0,1181.0,-269.0,568.0,-265.0,-237.0,135.0,400.0,-348.0,419.0
307.0,977.0,-223.0,536.0,-245.0,-230.0,116.0,314.0,-336.0,464.0
351.0,692.0,-205.0,484.0,-218.0,-191.0,85.0,295.0,-300.0,453.0
428.0,356.0,-181.0,417.0,-189.0,-207.0,66.0,70.0,-252.0,409.0
506.0,50.0,-130.0,357.0,-148.0,-348.0,31.0,64.0,-184.0,359.0
552.0,-157.0,-86.0,244.0,-95.0,-466.0,39.0,97.0,-86.0,329.0
597.0,-238.0,-53.0,133.0,-36.0,-467.0,84.0,-16.0,39.0,254.0
604.0,-185.0,-5.0,37.0,14.0,-445.0,123.0,116.0,131.0,177.0
612.0,-38.0,46.0,-81.0,52.0,-438.0,177.0,92.0,204.0,151.0
594.0,194.0,75.0,-179.0,80.0,-464.0,215.0,129.0,269.0,126.0
566.0,464.0,117.0,-278.0,103.0,-461.0,215.0,197.0,306.0,115.0
552.0,692.0,156.0,-378.0,119.0,-473.0,219.0,121.0,362.0,150.0
536.0,815.0,179.0,-453.0,124.0,-508.0,211.0,75.0,384.0,226.0
515.0,822.0,208.0,-498.0,122.0,-433.0,162.0,-1.0,355.0,302.0
502.0,766.0,215.0,-529.0,115.0,-340.0,124.0,66.0,295.0,375.0
503.0,691.0,233.0,-549.0,103.0,-410.0,134.0,92.0,244.0,467.0
494.0,632.0,254.0,-542.0,94.0,-659.0,172.0,70.0,232.0,548.0
475.0,604.0,248.0,-515.0,92.0,-766.0,168.0,55.0,222.0,583.0
453.0,590.0,248.0,-465.0,100.0,-652.0,121.0,136.0,183.0,614.0
433.0,484.0,243.0,-406.0,115.0,-534.0,77.0,291.0,121.0,648.0
412.0,196.0,240.0,-332.0,133.0,-435.0,31.0,238.0,61.0,660.0
400.0,-200.0,234.0,-242.0,146.0,-315.0,6.0,177.0,21.0,660.0
380.0,-581.0,207.0,-155.0,146.0,-301.0,7.0,88.0,18.0,667.0
369.0,-924.0,214.0,-89.0,120.0,-414.0,32.0,160.0,5.0,682.0
357.0,-1202.0,205.0,-24.0,71.0,-486.0,60.0,199.0,-62.0,677.0
335.0,-1362.0,194.0,41.0,23.0,-563.0,74.0,81.0,-183.0,657.0
312.0,-1430.0,212.0,91.0,-5.0,-518.0,96.0,114.0,-281.0,650.0
269.0,-1446.0,204.0,141.0,-20.0,-377.0,109.0,70.0,-336.0,652.0
224.0,-1438.0,221.0,175.0,-32.0,-348.0,111.0,206.0,-381.0,633.0
176.0,-1409.0,249.0,208.0,-53.0,-319.0,119.0,262.0,-439.0,626.0
146.0,-1299.0,277.0,214.0,-82.0,-315.0,144.0,242.0,-540.0,631.0
117.0,-1037.0,315.0,200.0,-102.0,-290.0,154.0,312.0,-604.0,632.0
89.0,-731.0,349.0,191.0,-99.0,-236.0,141.0,162.0,-626.0,606.0
63.0,-574.0,380.0,193.0,-77.0,-190.0,137.0,205.0,-619.0,570.0
27.0,-585.0,437.0,242.0,-50.0,-169.0,119.0,144.0,-584.0,570.0
3.0,-690.0,462.0,269.0,-26.0,-308.0,119.0,90.0,-568.0,531.0
-23.0,-815.0,482.0,295.0,-15.0,-396.0,157.0,173.0,-545.0,480.0
-44.0,-885.0,533.0,339.0,-12.0,-421.0,201.0,29.0,-493.0,426.0
-46.0,-847.0,526.0,349.0,-4.0,-425.0,238.0,109.0,-419.0,343.0
-45.0,-687.0,565.0,356.0,19.0,-353.0,294.0,142.0,-342.0,237.0
-61.0,-437.0,576.0,346.0,62.0,-296.0,331.0,147.0,-270.0,105.0
-89.0,-206.0,555.0,314.0,116.0,-222.0,344.0,166.0,-208.0,-14.0
-115.0,-112.0,572.0,262.0,174.0,-268.0,349.0,31.0,-154.0,-147.0
-145.0,-137.0,549.0,222.0,231.0,-373.0,339.0,88.0,-59.0,-288.0
-170.0,-209.0,555.0,188.0,280.0,-332.0,353.0,190.0,65.0,-386.0
-194.0,-200.0,554.0,133.0,311.0,-275.0,373.0,338.0,177.0,-447.0
-207.0,22.0,531.0,67.0,318.0,-324.0,369.0,245.0,288.0,-502.0
-222.0,423.0,549.0,-9.0,314.0,-317.0,343.0,125.0,398.0,-533.0
-248.0,816.0,538.0,-58.0,306.0,-266.0,313.0,151.0,495.0,-518.0
-276.0,1089.0,513.0,-113.0,290.0,-236.0,300.0,20.0,598.0,-488.0
-299.0,1231.0,530.0,-158.0,271.0,-174.0,319.0,49.0,706.0,-454.0
-300.0,1244.0,509.0,-190.0,249.0,-183.0,355.0,-51.0,797.0,-424.0
-308.0,1194.0,479.0,-211.0,217.0,-215.0,365.0,-107.0,877.0,-389.0
-297.0,1148.0,466.0,-178.0,171.0,-263.0,377.0,-72.0,920.0,-358.0
-266.0,1141.0,429.0,-132.0,123.0,-287.0,391.0,-138.0,953.0,-368.0
-218.0,1235.0,419.0,-82.0,86.0,-260.0,400.0,-77.0,999.0,-387.0
-174.0,1416.0,402.0,-29.0,67.0,-287.0,417.0,-99.0,983.0,-395.0
-151.0,1574.0,383.0,25.0,59.0,-268.0,442.0,-38.0,925.0,-419.0
-118.0,1653.0,348.0,93.0,50.0,-110.0,487.0,-79.0,845.0,-432.0
-84.0,1614.0,302.0,152.0,35.0,46.0,498.0,-205.0,764.0,-438.0
-43.0,1435.0,270.0,214.0,22.0,-6.0,501.0,-273.0,686.0,-447.0
-11.0,1185.0,204.0,290.0,13.0,-134.0,525.0,-349.0,593.0,-447.0
30.0,895.0,160.0,335.0,2.0,-42.0,532.0,-225.0,479.0,-466.0
86.0,584.0,103.0,354.0,-1.0,77.0,539.0,-190.0,351.0,-484.0
134.0,377.0,30.0,350.0,7.0,-22.0,538.0,-112.0,238.0,-506.0
187.0,396.0,-31.0,327.0,23.0,-95.0,532.0,-22.0,123.0,-557.0
227.0,569.0,-111.0,292.0,34.0,-69.0,496.0,-16.0,15.0,-601.0
271.0,669.0,-182.0,263.0,41.0,6.0,437.0,38.0,-99.0,-631.0
315.0,603.0,-262.0,234.0,54.0,98.0,399.0,-14.0,-242.0,-661.0
359.0,440.0,-349.0,174.0,68.0,81.0,389.0,9.0,-384.0,-663.0
412.0,212.0,-414.0,130.0,71.0,104.0,402.0,-3.0,-501.0,-636.0
456.0,-105.0,-465.0,100.0,68.0,110.0,416.0,-42.0,-586.0,-605.0
501.0,-476.0,-536.0,65.0,65.0,35.0,434.0,-142.0,-656.0,-550.0
554.0,-811.0,-588.0,59.0,58.0,-36.0,440.0,-232.0,-707.0,-467.0
590.0,-1047.0,-613.0,79.0,42.0,-68.0,455.0,-109.0,-701.0,-385.0
610.0,-1158.0,-663.0,97.0,16.0,-72.0,465.0,-197.0,-663.0,-318.0
637.0,-1184.0,-684.0,132.0,-16.0,-153.0,451.0,-199.0,-625.0,-255.0
646.0,-1144.0,-697.0,173.0,-53.0,-128.0,446.0,-160.0,-547.0,-220.0
631.0,-1057.0,-718.0,200.0,-91.0,-121.0,435.0,-286.0,-478.0,-198.0
607.0,-958.0,-706.0,204.0,-120.0,-229.0,423.0,-321.0,-445.0,-190.0
565.0,-831.0,-700.0,179.0,-136.0,-200.0,409.0,-447.0,-423.0,-200.0
517.0,-701.0,-667.0,150.0,-149.0,-117.0,387.0,-424.0,-409.0,-209.0
449.0,-618.0,-639.0,124.0,-173.0,-104.0,380.0,-267.0,-377.0,-239.0
378.0,-558.0,-601.0,82.0,-205.0,-220.0,395.0,-46.0,-338.0,-258.0
326.0,-490.0,-525.0,20.0,-232.0,-279.0,431.0,51.0,-317.0,-270.0
270.0,-447.0,-481.0,-20.0,-242.0,-194.0,470.0,-153.0,-322.0,-262.0
217.0,-402.0,-427.0,-72.0,-239.0,-230.0,492.0,-325.0,-344.0,-256.0
167.0,-303.0,-358.0,-127.0,-228.0,-333.0,492.0,-495.0,-352.0,-261.0
133.0,-212.0,-288.0,-161.0,-208.0,-274.0,489.0,-439.0,-329.0,-252.0
108.0,-159.0,-222.0,-209.0,-184.0,-114.0,501.0,-402.0,-295.0,-247.0
72.0,-68.0,-151.0,-246.0,-155.0,-132.0,509.0,-469.0,-283.0,-224.0
46.0,92.0,-76.0,-304.0,-124.0,-289.0,501.0,-253.0,-264.0,-204.0
26.0,279.0,-20.0,-323.0,-97.0,-307.0,475.0,-158.0,-240.0,-170.0
25.0,443.0,41.0,-299.0,-67.0,-233.0,426.0,-29.0,-224.0,-135.0
29.0,563.0,97.0,-261.0,-30.0,-272.0,398.0,12.0,-246.0,-124.0
26.0,681.0,136.0,-217.0,1.0,-342.0,368.0,-136.0,-317.0,-108.0
40.0,841.0,166.0,-197.0,16.0,-314.0,345.0,-144.0,-390.0,-97.0
43.0,922.0,184.0,-134.0,7.0,-279.0,349.0,-286.0,-466.0,-98.0
25.0,765.0,204.0,-96.0,-16.0,-296.0,343.0,-258.0,-519.0,-107.0
0.0,398.0,183.0,-58.0,-37.0,-296.0,346.0,-114.0,-538.0,-97.0
-33.0,-50.0,180.0,5.0,-47.0,-253.0,335.0,-62.0,-538.0,-64.0
-47.0,-490.0,194.0,48.0,-46.0,-262.0,324.0,-11.0,-512.0,-43.0
-53.0,-808.0,165.0,117.0,-47.0,-344.0,315.0,-177.0,-471.0,-12.0
-56.0,-918.0,188.0,142.0,-54.0,-370.0,309.0,-273.0,-428.0,50.0
-48.0,-845.0,192.0,168.0,-69.0,-343.0,333.0,-245.0,-409.0,129.0
-64.0,-652.0,175.0,206.0,-87.0,-344.0,319.0,-256.0,-374.0,225.0
-73.0,-365.0,192.0,203.0,-104.0,-384.0,313.0,-345.0,-322.0,347.0
-83.0,-52.0,195.0,173.0,-119.0,-337.0,328.0,-434.0,-302.0,505.0
-85.0,168.0,185.0,93.0,-134.0,-200.0,336.0,-393.0,-305.0,648.0
-73.0,364.0,200.0,57.0,-148.0,-160.0,318.0,-214.0,-309.0,780.0
-77.0,639.0,222.0,23.0,-150.0,-43.0,270.0,46.0,-280.0,946.0
-52.0,866.0,208.0,-26.0,-137.0,141.0,222.0,46.0,-206.0,1102.0
-24.0,896.0,246.0,-43.0,-114.0,91.0,146.0,-11.0,-111.0,1230.0
-13.0,792.0,267.0,-57.0,-88.0,-62.0,96.0,-55.0,-33.0,1332.0
2.0,690.0,278.0,-74.0,-61.0,-46.0,102.0,-107.0,24.0,1403.0
15.0,554.0,325.0,-79.0,-31.0,83.0,141.0,18.0,87.0,1434.0
21.0,299.0,334.0,-69.0,2.0,115.0,179.0,-60.0,168.0,1411.0
26.0,-29.0,374.0,-81.0,43.0,55.0,204.0,-206.0,281.0,1363.0
40.0,-404.0,419.0,-83.0,84.0,17.0,223.0,-436.0,357.0,1283.0
36.0,-796.0,435.0,-123.0,110.0,21.0,196.0,-606.0,382.0,1174.0
39.0,-1136.0,481.0,-159.0,114.0,54.0,144.0,-480.0,369.0,1047.0
52.0,-1441.0,519.0,-172.0,106.0,140.0,89.0,-404.0,344.0,893.0
42.0,-1718.0,514.0,-183.0,100.0,233.0,24.0,-173.0,335.0,733.0
30.0,-1875.0,543.0,-150.0,92.0,271.0,-24.0,-66.0,310.0,552.0
12.0,-1850.0,555.0,-100.0,83.0,206.0,-37.0,-134.0,298.0,371.0
-6.0,-1671.0,543.0,-36.0,80.0,160.0,-34.0,-173.0,294.0,195.0
-39.0,-1360.0,545.0,17.0,92.0,160.0,-35.0,-251.0,285.0,19.0
-72.0,-982.0,520.0,100.0,110.0,73.0,-56.0,-253.0,288.0,-138.0
-98.0,-606.0,504.0,178.0,121.0,36.0,-98.0,-539.0,306.0,-275.0
-131.0,-220.0,480.0,232.0,129.0,118.0,-132.0,-722.0,341.0,-375.0
-152.0,204.0,456.0,275.0,148.0,204.0,-160.0,-715.0,351.0,-443.0
-159.0,663.0,438.0,287.0,186.0,161.0,-166.0,-648.0,367.0,-470.0
-163.0,1086.0,415.0,282.0,231.0,70.0,-158.0,-406.0,413.0,-475.0
-166.0,1455.0,368.0,249.0,275.0,85.0,-162.0,-369.0,461.0,-452.0
-155.0,1774.0,338.0,202.0,311.0,157.0,-166.0,-290.0,498.0,-402.0
-151.0,1968.0,316.0,164.0,328.0,161.0,-146.0,-206.0,545.0,-369.0
-146.0,1970.0,253.0,129.0,317.0,134.0,-111.0,-90.0,620.0,-346.0
-132.0,1845.0,242.0,89.0,278.0,106.0,-90.0,20.0,668.0,-332.0
-137.0,1717.0,211.0,50.0,229.0,28.0,-74.0,-9.0,709.0,-338.0
-132.0,1612.0,162.0,37.0,174.0,10.0,-86.0,9.0,760.0,-359.0
-130.0,1500.0,150.0,32.0,116.0,35.0,-124.0,-267.0,788.0,-376.0
-138.0,1339.0,101.0,32.0,66.0,81.0,-171.0,-478.0,794.0,-393.0
-151.0,1130.0,70.0,65.0,31.0,35.0,-208.0,-504.0,764.0,-415.0
-158.0,944.0,50.0,86.0,8.0,2.0,-209.0,-423.0,723.0,-424.0
-152.0,775.0,1.0,132.0,-13.0,56.0,-194.0,-184.0,699.0,-405.0
-166.0,512.0,-34.0,227.0,-36.0,10.0,-202.0,-199.0,671.0,-388.0
-182.0,123.0,-76.0,332.0,-62.0,-30.0,-210.0,-234.0,621.0,-381.0
-161.0,-216.0,-127.0,430.0,-89.0,-4.0,-190.0,-280.0,575.0,-358.0
-144.0,-357.0,-169.0,497.0,-113.0,107.0,-169.0,-227.0,552.0,-327.0
-139.0,-368.0,-226.0,550.0,-124.0,131.0,-159.0,-75.0,534.0,-293.0
-120.0,-365.0,-277.0,582.0,-130.0,20.0,-141.0,-57.0,523.0,-266.0
-99.0,-390.0,-318.0,575.0,-141.0,4.0,-121.0,-134.0,496.0,-225.0
-69.0,-470.0,-370.0,543.0,-160.0,14.0,-102.0,-397.0,437.0,-181.0
-66.0,-637.0,-409.0,477.0,-180.0,-14.0,-91.0,-402.0,356.0,-140.0
-72.0,-836.0,-452.0,369.0,-184.0,-54.0,-107.0,-371.0,281.0,-98.0
-57.0,-937.0,-482.0,262.0,-165.0,-98.0,-102.0,-389.0,228.0,-61.0
-52.0,-922.0,-495.0,143.0,-124.0,-58.0,-98.0,-325.0,187.0,-28.0
-52.0,-861.0,-519.0,27.0,-78.0,-8.0,-109.0,-493.0,162.0,-12.0
-52.0,-833.0,-512.0,-58.0,-35.0,56.0,-118.0,-493.0,147.0,11.0
-33.0,-876.0,-492.0,-139.0,2.0,137.0,-162.0,-474.0,138.0,34.0
-10.0,-956.0,-496.0,-214.0,25.0,85.0,-214.0,-376.0,128.0,44.0
4.0,-1013.0,-462.0,-259.0,35.0,57.0,-235.0,-192.0,105.0,44.0
30.0,-1003.0,-431.0,-259.0,35.0,76.0,-227.0,-304.0,59.0,55.0
71.0,-923.0,-413.0,-260.0,30.0,75.0,-211.0,-365.0,0.0,68.0
110.0,-761.0,-345.0,-235.0,21.0,0.0,-179.0,-406.0,-60.0,38.0
126.0,-543.0,-297.0,-183.0,11.0,-52.0,-138.0,-380.0,-144.0,11.0
137.0,-301.0,-240.0,-132.0,0.0,91.0,-105.0,-365.0,-241.0,-6.0
156.0,-83.0,-167.0,-106.0,-8.0,182.0,-68.0,-380.0,-322.0,-37.0
173.0,64.0,-138.0,-93.0,-8.0,160.0,-37.0,-360.0,-371.0,-73.0
183.0,204.0,-76.0,-66.0,-8.0,136.0,-20.0,-498.0,-404.0,-94.0
214.0,427.0,-25.0,-58.0,-11.0,114.0,-23.0,-504.0,-473.0,-106.0
251.0,704.0,12.0,-55.0,-20.0,29.0,-48.0,-550.0,-528.0,-126.0
282.0,949.0,88.0,-55.0,-36.0,-64.0,-76.0,-447.0,-577.0,-140.0
304.0,1220.0,124.0,-35.0,-53.0,-3.0,-85.0,-247.0,-626.0,-137.0
313.0,1496.0,175.0,-18.0,-72.0,115.0,-78.0,-363.0,-638.0,-138.0
316.0,1600.0,213.0,11.0,-91.0,110.0,-59.0,-284.0,-631.0,-151.0
306.0,1476.0,210.0,40.0,-106.0,54.0,-39.0,-323.0,-622.0,-138.0
294.0,1141.0,229.0,28.0,-113.0,109.0,-35.0,-380.0,-635.0,-120.0
277.0,680.0,220.0,-13.0,-113.0,100.0,-36.0,-301.0,-657.0,-106.0
272.0,199.0,197.0,-74.0,-104.0,-7.0,-45.0,-474.0,-662.0,-74.0
257.0,-207.0,172.0,-124.0,-77.0,0.0,-37.0,-522.0,-647.0,-39.0
219.0,-504.0,141.0,-194.0,-38.0,85.0,3.0,-484.0,-644.0,9.0
184.0,-745.0,76.0,-269.0,1.0,148.0,35.0,-406.0,-633.0,65.0
143.0,-817.0,33.0,-360.0,33.0,116.0,54.0,-443.0,-598.0,129.0
95.0,-642.0,-20.0,-459.0,54.0,158.0,71.0,-526.0,-567.0,194.0
51.0,-335.0,-82.0,-553.0,56.0,288.0,70.0,-602.0,-539.0,241.0
11.0,33.0,-105.0,-646.0,36.0,289.0,71.0,-676.0,-517.0,290.0
-28.0,406.0,-179.0,-736.0,1.0,300.0,84.0,-471.0,-503.0,333.0
-76.0,693.0,-201.0,-826.0,-26.0,292.0,91.0,-399.0,-506.0,371.0
-138.0,896.0,-216.0,-875.0,-38.0,262.0,96.0,-343.0,-531.0,392.0
-187.0,1040.0,-240.0,-931.0,-36.0,238.0,74.0,-367.0,-560.0,395.0
-231.0,1077.0,-203.0,-968.0,-24.0,202.0,40.0,-519.0,-568.0,413.0
-270.0,1028.0,-182.0,-995.0,-2.0,354.0,29.0,-511.0,-535.0,413.0
-299.0,960.0,-160.0,-1031.0,34.0,454.0,29.0,-530.0,-481.0,397.0
-313.0,831.0,-103.0,-1033.0,77.0,406.0,49.0,-375.0,-436.0,376.0
-314.0,616.0,-57.0,-1025.0,117.0,388.0,68.0,-271.0,-402.0,367.0
-316.0,453.0,-7.0,-990.0,147.0,449.0,66.0,-301.0,-379.0,344.0
-330.0,371.0,45.0,-908.0,167.0,531.0,54.0,-428.0,-337.0,282.0
-334.0,285.0,97.0,-793.0,183.0,500.0,23.0,-667.0,-269.0,256.0
-325.0,222.0,152.0,-685.0,194.0,500.0,-5.0,-676.0,-216.0,210.0
-331.0,191.0,159.0,-550.0,199.0,536.0,-21.0,-681.0,-160.0,131.0
-324.0,201.0,211.0,-375.0,196.0,584.0,-44.0,-537.0,-94.0,59.0
-318.0,313.0,227.0,-233.0,183.0,644.0,-74.0,-363.0,-1.0,-8.0
-310.0,440.0,214.0,-89.0,163.0,661.0,-121.0,-369.0,80.0,-67.0
-296.0,503.0,242.0,38.0,136.0,635.0,-144.0,-299.0,151.0,-123.0
-292.0,536.0,197.0,143.0,103.0,564.0,-133.0,-386.0,234.0,-142.0
-282.0,455.0,196.0,260.0,73.0,592.0,-116.0,-406.0,299.0,-129.0
-249.0,163.0,171.0,360.0,52.0,655.0,-118.0,-434.0,349.0,-119.0
-205.0,-201.0,119.0,460.0,38.0,663.0,-138.0,-508.0,400.0,-98.0
-159.0,-485.0,124.0,550.0,25.0,624.0,-164.0,-445.0,446.0,-51.0
-114.0,-744.0,88.0,632.0,11.0,616.0,-202.0,-389.0,462.0,-17.0
-68.0,-988.0,65.0,671.0,-9.0,670.0,-238.0,-299.0,465.0,-19.0
-13.0,-1101.0,47.0,666.0,-40.0,607.0,-247.0,-473.0,454.0,-37.0
8.0,-1172.0,23.0,659.0,-72.0,485.0,-234.0,-556.0,439.0,-67.0
33.0,-1305.0,-8.0,615.0,-93.0,486.0,-219.0,-591.0,428.0,-138.0
48.0,-1395.0,-35.0,564.0,-96.0,563.0,-197.0,-722.0,417.0,-247.0
54.0,-1398.0,-45.0,505.0,-74.0,554.0,-205.0,-543.0,407.0,-339.0
53.0,-1321.0,-92.0,445.0,-40.0,474.0,-246.0,-473.0,394.0,-418.0
35.0,-1129.0,-98.0,416.0,-7.0,480.0,-271.0,-400.0,385.0,-502.0
31.0,-858.0,-119.0,391.0,24.0,507.0,-325.0,-413.0,370.0,-559.0
15.0,-572.0,-140.0,368.0,50.0,463.0,-369.0,-570.0,393.0,-566.0
7.0,-350.0,-137.0,334.0,63.0,475.0,-402.0,-644.0,394.0,-558.0
-20.0,-224.0,-151.0,319.0,56.0,532.0,-443.0,-761.0,356.0,-539.0
-50.0,-132.0,-138.0,295.0,37.0,559.0,-448.0,-633.0,313.0,-478.0
-81.0,3.0,-112.0,257.0,20.0,572.0,-430.0,-617.0,257.0,-392.0
-114.0,257.0,-102.0,245.0,9.0,671.0,-402.0,-565.0,245.0,-292.0
-137.0,593.0,-93.0,217.0,6.0,722.0,-384.0,-358.0,221.0,-200.0
-156.0,947.0,-63.0,180.0,7.0,570.0,-373.0,-328.0,173.0,-106.0
-149.0,1279.0,-82.0,138.0,9.0,546.0,-381.0,-164.0,131.0,-7.0
-138.0,1489.0,-58.0,100.0,9.0,622.0,-398.0,-164.0,105.0,42.0
-128.0,1562.0,-45.0,60.0,-3.0,613.0,-428.0,-245.0,104.0,84.0
-115.0,1517.0,-72.0,23.0,-24.0,498.0,-490.0,-256.0,74.0,137.0
-104.0,1341.0,-42.0,5.0,-35.0,410.0,-541.0,-319.0,48.0,173.0
-109.0,1144.0,-28.0,-18.0,-37.0,499.0,-574.0,-317.0,48.0,177.0
-100.0,1059.0,-41.0,-23.0,-42.0,528.0,-590.0,-297.0,45.0,182.0
-93.0,1042.0,-24.0,-21.0,-55.0,491.0,-593.0,-112.0,37.0,200.0
-90.0,1012.0,-5.0,-41.0,-75.0,444.0,-592.0,-120.0,42.0,187.0
-90.0,972.0,-37.0,-38.0,-100.0,376.0,-606.0,-175.0,72.0,162.0
-91.0,912.0,-31.0,-32.0,-131.0,381.0,-647.0,-116.0,89.0,157.0
-70.0,797.0,-46.0,-52.0,-162.0,356.0,-665.0,-149.0,80.0,168.0
-68.0,610.0,-68.0,-54.0,-182.0,304.0,-685.0,-105.0,70.0,151.0
-65.0,315.0,-74.0,-69.0,-188.0,331.0,-727.0,-267.0,73.0,154.0
-58.0,-96.0,-99.0,-76.0,-178.0,363.0,-737.0,-349.0,69.0,173.0
-37.0,-578.0,-114.0,-57.0,-159.0,320.0,-733.0,-404.0,45.0,163.0
-23.0,-1005.0,-123.0,-92.0,-134.0,289.0,-761.0,-558.0,8.0,155.0
-13.0,-1198.0,-136.0,-121.0,-100.0,304.0,-805.0,-480.0,-32.0,136.0
-8.0,-1155.0,-155.0,-146.0,-63.0,308.0,-809.0,-452.0,-80.0,136.0
-9.0,-1039.0,-122.0,-216.0,-29.0,335.0,-776.0,-448.0,-131.0,122.0
-26.0,-901.0,-122.0,-266.0,2.0,373.0,-757.0,-513.0,-184.0,95.0
-58.0,-818.0,-82.0,-317.0,33.0,314.0,-718.0,-554.0,-263.0,81.0
-83.0,-855.0,-25.0,-373.0,62.0,202.0,-670.0,-563.0,-327.0,44.0
-120.0,-886.0,-11.0,-398.0,96.0,184.0,-649.0,-487.0,-363.0,-32.0
-129.0,-845.0,42.0,-417.0,125.0,187.0,-624.0,-230.0,-392.0,-121.0
-145.0,-756.0,74.0,-435.0,147.0,117.0,-624.0,-97.0,-421.0,-190.0
-160.0,-632.0,108.0,-442.0,164.0,91.0,-626.0,73.0,-445.0,-283.0
-183.0,-462.0,131.0,-432.0,170.0,156.0,-634.0,62.0,-464.0,-385.0
-202.0,-254.0,159.0,-431.0,158.0,221.0,-639.0,-84.0,-491.0,-447.0
-207.0,0.0,169.0,-425.0,130.0,233.0,-616.0,-218.0,-500.0,-488.0
-228.0,275.0,182.0,-369.0,95.0,248.0,-596.0,-410.0,-486.0,-526.0
-237.0,484.0,212.0,-307.0,54.0,287.0,-584.0,-321.0,-478.0,-531.0
-256.0,626.0,196.0,-248.0,12.0,275.0,-581.0,-284.0,-484.0,-519.0
-267.0,710.0,207.0,-219.0,-25.0,202.0,-585.0,-295.0,-503.0,-499.0
-280.0,773.0,205.0,-214.0,-57.0,209.0,-616.0,-310.0,-514.0,-478.0
-279.0,842.0,174.0,-190.0,-83.0,280.0,-626.0,-391.0,-488.0,-457.0
-266.0,865.0,181.0,-193.0,-101.0,258.0,-623.0,-218.0,-430.0,-390.0
-277.0,855.0,175.0,-210.0,-112.0,189.0,-613.0,-96.0,-358.0,-328.0
-277.0,912.0,158.0,-244.0,-123.0,189.0,-614.0,-7.0,-288.0,-265.0
-267.0,1008.0,204.0,-266.0,-129.0,179.0,-654.0,88.0,-243.0,-174.0
-261.0,984.0,205.0,-256.0,-125.0,135.0,-646.0,90.0,-182.0,-89.0
-256.0,871.0,207.0,-262.0,-106.0,191.0,-642.0,62.0,-100.0,-10.0
-256.0,753.0,255.0,-269.0,-73.0,231.0,-642.0,-129.0,-6.0,63.0
-245.0,613.0,250.0,-262.0,-31.0,158.0,-618.0,-304.0,84.0,146.0
-232.0,497.0,278.0,-266.0,15.0,27.0,-585.0,-430.0,128.0,237.0
-244.0,422.0,298.0,-297.0,58.0,-11.0,-534.0,-356.0,143.0,303.0
-243.0,337.0,318.0,-310.0,87.0,112.0,-503.0,-262.0,134.0,366.0
-227.0,210.0,341.0,-307.0,96.0,152.0,-479.0,-269.0,114.0,417.0
-206.0,81.0,356.0,-301.0,97.0,126.0,-502.0,-151.0,94.0,432.0
-185.0,31.0,377.0,-282.0,104.0,161.0,-507.0,-236.0,60.0,430.0
-155.0,39.0,374.0,-268.0,122.0,145.0,-458.0,-138.0,6.0,408.0
-107.0,0.0,383.0,-254.0,150.0,64.0,-455.0,40.0,-54.0,381.0
-67.0,-146.0,360.0,-228.0,178.0,70.0,-447.0,206.0,-87.0,336.0
-42.0,-318.0,355.0,-211.0,198.0,139.0,-423.0,410.0,-103.0,269.0
-16.0,-397.0,329.0,-201.0,207.0,144.0,-388.0,151.0,-120.0,227.0
14.0,-365.0,303.0,-191.0,198.0,79.0,-322.0,51.0,-136.0,165.0
38.0,-277.0,268.0,-187.0,183.0,21.0,-285.0,-75.0,-164.0,76.0
55.0,-239.0,194.0,-174.0,168.0,2.0,-252.0,-253.0,-203.0,3.0
58.0,-293.0,164.0,-152.0,146.0,-31.0,-232.0,-184.0,-231.0,-69.0
83.0,-345.0,78.0,-119.0,122.0,-11.0,-247.0,-242.0,-228.0,-159.0
110.0,-353.0,0.0,-76.0,98.0,43.0,-269.0,-153.0,-207.0,-258.0
114.0,-413.0,-64.0,-41.0,77.0,83.0,-313.0,-127.0,-187.0,-331.0
124.0,-571.0,-149.0,-17.0,59.0,69.0,-367.0,-145.0,-176.0,-392.0
122.0,-758.0,-227.0,-16.0,37.0,65.0,-399.0,-99.0,-170.0,-467.0
112.0,-908.0,-294.0,-17.0,5.0,146.0,-388.0,-44.0,-160.0,-538.0
79.0,-991.0,-367.0,-38.0,-39.0,122.0,-342.0,70.0,-144.0,-582.0
37.0,-964.0,-452.0,-82.0,-82.0,67.0,-314.0,-1.0,-122.0,-624.0
0.0,-886.0,-491.0,-124.0,-109.0,93.0,-319.0,-51.0,-68.0,-684.0
-38.0,-806.0,-579.0,-166.0,-125.0,124.0,-322.0,-107.0,-13.0,-702.0
-63.0,-659.0,-640.0,-211.0,-145.0,87.0,-318.0,-90.0,14.0,-702.0
-78.0,-448.0,-681.0,-253.0,-182.0,-11.0,-328.0,12.0,40.0,-718.0
-101.0,-186.0,-757.0,-288.0,-235.0,46.0,-358.0,-29.0,60.0,-726.0
-121.0,140.0,-786.0,-306.0,-286.0,169.0,-385.0,-68.0,101.0,-713.0
-145.0,433.0,-830.0,-283.0,-317.0,151.0,-384.0,-225.0,171.0,-686.0
-173.0,546.0,-861.0,-237.0,-326.0,108.0,-373.0,-264.0,229.0,-669.0
-187.0,467.0,-854.0,-143.0,-317.0,104.0,-366.0,-129.0,280.0,-624.0
-202.0,314.0,-858.0,-41.0,-299.0,143.0,-306.0,18.0,322.0,-543.0
-206.0,141.0,-891.0,35.0,-273.0,162.0,-245.0,216.0,365.0,-456.0
-205.0,-67.0,-883.0,108.0,-237.0,125.0,-225.0,267.0,421.0,-366.0
-194.0,-274.0,-876.0,153.0,-196.0,163.0,-201.0,310.0,472.0,-256.0
-175.0,-465.0,-893.0,166.0,-158.0,163.0,-176.0,206.0,511.0,-130.0
-151.0,-639.0,-859.0,158.0,-120.0,139.0,-163.0,181.0,536.0,-33.0
-131.0,-773.0,-840.0,162.0,-83.0,154.0,-203.0,266.0,526.0,53.0
-119.0,-862.0,-803.0,169.0,-41.0,140.0,-246.0,109.0,495.0,156.0
-99.0,-854.0,-769.0,156.0,0.0,203.0,-282.0,-12.0,480.0,237.0
-75.0,-719.0,-733.0,127.0,29.0,285.0,-306.0,-238.0,455.0,282.0
-55.0,-534.0,-690.0,58.0,44.0,378.0,-291.0,-304.0,410.0,331.0
-55.0,-392.0,-673.0,-31.0,52.0,364.0,-294.0,-221.0,369.0,385.0
-58.0,-283.0,-631.0,-144.0,63.0,244.0,-277.0,-240.0,319.0,412.0
-65.0,-172.0,-598.0,-249.0,81.0,184.0,-253.0,-192.0,268.0,429.0
-67.0,-35.0,-565.0,-314.0,102.0,221.0,-244.0,-195.0,234.0,469.0
-84.0,44.0,-529.0,-393.0,129.0,310.0,-226.0,-129.0,216.0,518.0
-113.0,-3.0,-512.0,-439.0,154.0,217.0,-218.0,-129.0,222.0,542.0
-131.0,-76.0,-499.0,-442.0,165.0,158.0,-202.0,-36.0,224.0,546.0
-149.0,-145.0,-459.0,-442.0,160.0,245.0,-205.0,9.0,223.0,561.0
-165.0,-195.0,-459.0,-429.0,141.0,231.0,-229.0,-181.0,215.0,573.0
-180.0,-220.0,-451.0,-379.0,115.0,122.0,-238.0,-169.0,215.0,539.0
-188.0,-260.0,-384.0,-311.0,82.0,52.0,-253.0,-149.0,209.0,523.0
-198.0,-239.0,-355.0,-267.0,41.0,73.0,-257.0,7.0,175.0,552.0
-191.0,-108.0,-295.0,-229.0,-1.0,47.0,-246.0,60.0,121.0,552.0
-177.0,119.0,-220.0,-188.0,-46.0,-18.0,-264.0,-127.0,46.0,552.0
-142.0,435.0,-154.0,-151.0,-86.0,-73.0,-276.0,-151.0,-27.0,583.0
-99.0,782.0,-90.0,-152.0,-110.0,-196.0,-274.0,-190.0,-100.0,601.0
-66.0,1065.0,-19.0,-138.0,-117.0,-304.0,-288.0,-44.0,-156.0,578.0
-39.0,1207.0,44.0,-97.0,-107.0,-292.0,-294.0,-22.0,-217.0,540.0
-25.0,1205.0,88.0,-73.0,-91.0,-252.0,-315.0,-169.0,-287.0,505.0
-8.0,1131.0,158.0,-31.0,-79.0,-266.0,-355.0,-179.0,-332.0,426.0
4.0,991.0,160.0,12.0,-81.0,-370.0,-380.0,-339.0,-374.0,305.0
8.0,766.0,177.0,29.0,-104.0,-427.0,-407.0,-216.0,-413.0,208.0
16.0,467.0,230.0,16.0,-134.0,-350.0,-435.0,27.0,-449.0,112.0
35.0,152.0,206.0,11.0,-152.0,-364.0,-434.0,125.0,-482.0,0.0
55.0,-98.0,188.0,6.0,-147.0,-504.0,-409.0,171.0,-526.0,-108.0
70.0,-307.0,201.0,-30.0,-124.0,-542.0,-398.0,-68.0,-577.0,-178.0
80.0,-472.0,185.0,-52.0,-87.0,-431.0,-376.0,-186.0,-595.0,-237.0
77.0,-551.0,143.0,-46.0,-44.0,-416.0,-352.0,-149.0,-588.0,-345.0
56.0,-596.0,170.0,-55.0,-10.0,-515.0,-359.0,-127.0,-600.0,-425.0
32.0,-685.0,174.0,-93.0,5.0,-544.0,-345.0,-84.0,-626.0,-479.0
11.0,-802.0,151.0,-151.0,5.0,-465.0,-320.0,-46.0,-637.0,-571.0
9.0,-880.0,204.0,-237.0,1.0,-463.0,-320.0,-31.0,-639.0,-663.0
12.0,-908.0,199.0,-340.0,2.0,-575.0,-369.0,-22.0,-619.0,-724.0
0.0,-891.0,231.0,-449.0,15.0,-564.0,-445.0,75.0,-568.0,-767.0
-6.0,-835.0,286.0,-546.0,41.0,-538.0,-509.0,-18.0,-488.0,-840.0
-33.0,-684.0,290.0,-660.0,76.0,-579.0,-567.0,7.0,-414.0,-903.0
-73.0,-408.0,325.0,-736.0,111.0,-563.0,-592.0,-14.0,-351.0,-923.0
-122.0,-21.0,347.0,-777.0,126.0,-567.0,-584.0,-166.0,-282.0,-942.0
-192.0,426.0,364.0,-810.0,113.0,-606.0,-549.0,-42.0,-210.0,-963.0
-253.0,775.0,392.0,-766.0,75.0,-648.0,-490.0,-86.0,-121.0,-963.0
-329.0,942.0,440.0,-712.0,36.0,-667.0,-453.0,-59.0,-33.0,-944.0
-402.0,944.0,454.0,-655.0,13.0,-653.0,-454.0,-127.0,36.0,-942.0
-463.0,843.0,478.0,-591.0,14.0,-701.0,-470.0,-229.0,91.0,-929.0
-540.0,707.0,524.0,-494.0,37.0,-716.0,-483.0,-125.0,130.0,-883.0
-592.0,554.0,542.0,-392.0,68.0,-637.0,-499.0,-160.0,157.0,-845.0
-645.0,412.0,567.0,-296.0,96.0,-607.0,-508.0,-62.0,162.0,-818.0
-694.0,361.0,561.0,-176.0,109.0,-634.0,-514.0,-144.0,142.0,-785.0
-722.0,429.0,560.0,-95.0,103.0,-665.0,-522.0,-216.0,117.0,-737.0
-746.0,466.0,529.0,0.0,91.0,-646.0,-562.0,-282.0,84.0,-695.0
-745.0,380.0,506.0,74.0,76.0,-603.0,-601.0,-412.0,52.0,-670.0
-736.0,254.0,497.0,152.0,61.0,-609.0,-604.0,-260.0,47.0,-624.0
-699.0,191.0,462.0,231.0,51.0,-587.0,-593.0,-177.0,71.0,-568.0
-644.0,179.0,451.0,281.0,44.0,-509.0,-573.0,42.0,114.0,-524.0
-573.0,119.0,431.0,346.0,30.0,-508.0,-582.0,110.0,181.0,-473.0
-496.0,11.0,394.0,408.0,4.0,-550.0,-585.0,49.0,282.0,-410.0
-427.0,-76.0,349.0,418.0,-27.0,-511.0,-582.0,118.0,390.0,-336.0
-359.0,-143.0,319.0,394.0,-54.0,-473.0,-564.0,66.0,489.0,-308.0
-294.0,-224.0,241.0,359.0,-69.0,-520.0,-501.0,177.0,561.0,-284.0
-246.0,-264.0,160.0,261.0,-79.0,-507.0,-472.0,229.0,588.0,-226.0
-210.0,-171.0,93.0,181.0,-89.0,-429.0,-455.0,253.0,610.0,-214.0
-160.0,41.0,-39.0,110.0,-101.0,-465.0,-461.0,175.0,628.0,-226.0
-124.0,289.0,-152.0,92.0,-122.0,-512.0,-469.0,1.0,633.0,-206.0
-86.0,420.0,-257.0,131.0,-144.0,-415.0,-441.0,86.0,650.0,-164.0
-58.0,364.0,-392.0,155.0,-158.0,-331.0,-401.0,162.0,672.0,-151.0
-27.0,200.0,-537.0,199.0,-165.0,-347.0,-361.0,290.0,662.0,-130.0
4.0,6.0,-637.0,256.0,-174.0,-350.0,-356.0,258.0,630.0,-59.0
22.0,-129.0,-733.0,346.0,-184.0,-290.0,-363.0,234.0,590.0,-4.0
44.0,-145.0,-848.0,411.0,-192.0,-222.0,-377.0,317.0,523.0,38.0
58.0,-38.0,-898.0,459.0,-201.0,-299.0,-360.0,266.0,434.0,93.0
72.0,116.0,-963.0,522.0,-207.0,-333.0,-308.0,314.0,337.0,159.0
90.0,159.0,-1010.0,560.0,-203.0,-254.0,-255.0,232.0,230.0,233.0
113.0,51.0,-1028.0,586.0,-184.0,-281.0,-207.0,279.0,121.0,287.0
121.0,-123.0,-1032.0,601.0,-158.0,-362.0,-171.0,363.0,28.0,339.0
136.0,-269.0,-1020.0,602.0,-134.0,-409.0,-125.0,242.0,-37.0,389.0
145.0,-382.0,-996.0,591.0,-103.0,-274.0,-84.0,182.0,-74.0,396.0
133.0,-557.0,-932.0,557.0,-59.0,-204.0,-20.0,14.0,-87.0,369.0
120.0,-810.0,-910.0,512.0,-16.0,-317.0,56.0,-42.0,-86.0,335.0
95.0,-1020.0,-838.0,474.0,16.0,-329.0,109.0,-27.0,-81.0,279.0
71.0,-1076.0,-764.0,438.0,40.0,-278.0,135.0,114.0,-71.0,197.0
52.0,-1039.0,-723.0,390.0,56.0,-265.0,156.0,417.0,-38.0,113.0
54.0,-1024.0,-635.0,343.0,69.0,-329.0,185.0,539.0,-11.0,33.0
49.0,-1017.0,-588.0,321.0,70.0,-339.0,168.0,582.0,-24.0,-41.0
54.0,-969.0,-544.0,281.0,62.0,-321.0,154.0,317.0,-66.0,-129.0
77.0,-866.0,-493.0,187.0,55.0,-291.0,151.0,109.0,-115.0,-198.0
92.0,-740.0,-446.0,66.0,51.0,-162.0,134.0,121.0,-147.0,-246.0
104.0,-607.0,-447.0,-51.0,48.0,-90.0,135.0,151.0,-169.0,-312.0
101.0,-473.0,-411.0,-186.0,37.0,-175.0,145.0,412.0,-199.0,-339.0
111.0,-376.0,-366.0,-313.0,24.0,-271.0,178.0,594.0,-230.0,-333.0
137.0,-361.0,-407.0,-461.0,13.0,-189.0,213.0,766.0,-281.0,-306.0
155.0,-407.0,-364.0,-626.0,5.0,-118.0,218.0,713.0,-340.0,-275.0
162.0,-431.0,-365.0,-748.0,4.0,-178.0,208.0,517.0,-367.0,-224.0
165.0,-412.0,-405.0,-883.0,6.0,-202.0,193.0,448.0,-401.0,-137.0
161.0,-357.0,-362.0,-1018.0,7.0,-148.0,199.0,362.0,-443.0,-68.0
137.0,-288.0,-385.0,-1093.0,13.0,-96.0,204.0,432.0,-467.0,1.0
100.0,-245.0,-405.0,-1102.0,21.0,-104.0,173.0,169.0,-491.0,65.0
66.0,-253.0,-386.0,-1096.0,25.0,-121.0,170.0,-81.0,-512.0,126.0
30.0,-305.0,-408.0,-1076.0,21.0,-118.0,191.0,-90.0,-528.0,166.0
0.0,-328.0,-407.0,-1018.0,17.0,-171.0,221.0,-72.0,-547.0,174.0
-31.0,-323.0,-392.0,-929.0,20.0,-253.0,263.0,216.0,-571.0,198.0
-69.0,-302.0,-395.0,-805.0,18.0,-231.0,276.0,356.0,-568.0,189.0
-106.0,-256.0,-365.0,-684.0,-2.0,-180.0,278.0,513.0,-551.0,152.0
-152.0,-198.0,-329.0,-569.0,-33.0,-239.0,257.0,615.0,-538.0,120.0
-201.0,-65.0,-294.0,-448.0,-51.0,-227.0,248.0,655.0,-508.0,89.0
-245.0,157.0,-253.0,-339.0,-41.0,-142.0,255.0,748.0,-477.0,57.0
-272.0,342.0,-225.0,-245.0,-21.0,-183.0,256.0,633.0,-433.0,16.0
-284.0,373.0,-161.0,-176.0,-8.0,-299.0,271.0,611.0,-389.0,0.0
-306.0,332.0,-91.0,-145.0,-1.0,-373.0,264.0,426.0,-343.0,-6.0
-322.0,306.0,-84.0,-100.0,5.0,-236.0,243.0,203.0,-291.0,-25.0
-326.0,237.0,-38.0,-48.0,12.0,-133.0,250.0,131.0,-240.0,-41.0
-327.0,109.0,12.0,-6.0,13.0,-196.0,271.0,75.0,-183.0,-52.0
-332.0,-10.0,41.0,23.0,8.0,-196.0,311.0,179.0,-119.0,-52.0
-331.0,-97.0,69.0,47.0,3.0,-185.0,345.0,59.0,-42.0,-66.0
-324.0,-199.0,104.0,91.0,6.0,-175.0,324.0,-31.0,45.0,-65.0
-323.0,-404.0,160.0,138.0,7.0,-246.0,285.0,46.0,161.0,-46.0
-314.0,-723.0,158.0,192.0,1.0,-304.0,245.0,242.0,261.0,-49.0
-297.0,-960.0,155.0,271.0,-3.0,-287.0,234.0,600.0,341.0,-43.0
-267.0,-982.0,174.0,340.0,-2.0,-336.0,236.0,692.0,434.0,-22.0
-212.0,-880.0,168.0,397.0,-3.0,-346.0,204.0,694.0,533.0,-1.0
-159.0,-708.0,152.0,452.0,-6.0,-271.0,166.0,517.0,612.0,3.0
-108.0,-457.0,158.0,509.0,-5.0,-250.0,151.0,339.0,642.0,24.0
-51.0,-179.0,153.0,589.0,-1.0,-324.0,141.0,315.0,650.0,73.0
8.0,82.0,129.0,645.0,1.0,-361.0,122.0,262.0,644.0,108.0
53.0,358.0,131.0,672.0,-8.0,-340.0,131.0,288.0,606.0,152.0
78.0,641.0,118.0,695.0,-34.0,-309.0,137.0,164.0,571.0,211.0
113.0,838.0,88.0,719.0,-68.0,-317.0,116.0,192.0,569.0,269.0
138.0,883.0,105.0,745.0,-94.0,-241.0,103.0,245.0,589.0,310.0
148.0,859.0,107.0,729.0,-108.0,-137.0,84.0,295.0,604.0,348.0
158.0,918.0,106.0,709.0,-111.0,-189.0,66.0,508.0,600.0,400.0
160.0,1033.0,115.0,685.0,-105.0,-235.0,48.0,480.0,583.0,430.0
157.0,1090.0,97.0,643.0,-99.0,-227.0,42.0,458.0,572.0,433.0
148.0,1053.0,103.0,600.0,-96.0,-200.0,60.0,341.0,547.0,452.0
141.0,923.0,111.0,533.0,-93.0,-200.0,86.0,308.0,499.0,477.0
112.0,735.0,121.0,481.0,-81.0,-162.0,127.0,450.0,450.0,488.0
82.0,523.0,125.0,433.0,-50.0,-87.0,160.0,369.0,396.0,495.0
59.0,314.0,152.0,393.0,-5.0,-137.0,182.0,290.0,324.0,507.0
20.0,156.0,146.0,378.0,41.0,-208.0,189.0,158.0,216.0,527.0
-12.0,98.0,172.0,348.0,90.0,-171.0,190.0,60.0,92.0,544.0
-57.0,150.0,209.0,304.0,132.0,-114.0,197.0,73.0,-9.0,562.0
-92.0,234.0,174.0,238.0,156.0,-151.0,192.0,101.0,-105.0,597.0
-120.0,282.0,203.0,155.0,163.0,-202.0,173.0,42.0,-203.0,636.0
-149.0,283.0,179.0,83.0,155.0,-158.0,136.0,-103.0,-305.0,669.0
-172.0,179.0,152.0,3.0,136.0,-66.0,98.0,-5.0,-407.0,701.0
-191.0,-63.0,139.0,-83.0,111.0,-103.0,68.0,88.0,-488.0,750.0
-187.0,-360.0,69.0,-138.0,83.0,-139.0,65.0,149.0,-546.0,799.0
-181.0,-649.0,49.0,-196.0,58.0,-77.0,85.0,131.0,-574.0,823.0
-179.0,-865.0,10.0,-220.0,40.0,-41.0,132.0,51.0,-582.0,838.0
-174.0,-866.0,-49.0,-202.0,23.0,8.0,202.0,169.0,-567.0,841.0
-156.0,-707.0,-87.0,-190.0,5.0,26.0,255.0,169.0,-507.0,814.0
-144.0,-582.0,-124.0,-128.0,-9.0,-31.0,288.0,363.0,-443.0,748.0
-143.0,-473.0,-160.0,-49.0,-26.0,-98.0,314.0,502.0,-380.0,677.0
-146.0,-275.0,-189.0,13.0,-43.0,-60.0,352.0,351.0,-290.0,587.0
-148.0,-8.0,-248.0,65.0,-62.0,50.0,379.0,388.0,-218.0,462.0
-133.0,277.0,-261.0,111.0,-69.0,58.0,393.0,386.0,-162.0,350.0
-126.0,565.0,-268.0,129.0,-56.0,0.0,361.0,375.0,-104.0,232.0
-110.0,731.0,-321.0,98.0,-29.0,-10.0,322.0,291.0,-43.0,127.0
-98.0,768.0,-280.0,49.0,-4.0,62.0,337.0,256.0,22.0,44.0
-90.0,845.0,-269.0,-5.0,15.0,106.0,365.0,288.0,80.0,-18.0
-68.0,964.0,-299.0,-46.0,36.0,41.0,417.0,216.0,134.0,-47.0
-51.0,1068.0,-263.0,-92.0,56.0,20.0,456.0,338.0,172.0,-84.0
-32.0,1148.0,-240.0,-138.0,76.0,83.0,468.0,415.0,179.0,-110.0
-11.0,1119.0,-227.0,-150.0,93.0,102.0,469.0,535.0,160.0,-110.0
17.0,917.0,-174.0,-154.0,96.0,92.0,462.0,563.0,117.0,-119.0
51.0,639.0,-136.0,-152.0,82.0,130.0,458.0,417.0,68.0,-140.0
71.0,415.0,-129.0,-115.0,57.0,171.0,455.0,504.0,16.0,-160.0
83.0,241.0,-99.0,-77.0,24.0,158.0,453.0,630.0,-31.0,-171.0
103.0,35.0,-85.0,-33.0,-16.0,141.0,445.0,848.0,-75.0,-198.0
119.0,-220.0,-78.0,31.0,-60.0,174.0,436.0,934.0,-130.0,-238.0
126.0,-360.0,-87.0,103.0,-101.0,164.0,433.0,683.0,-190.0,-262.0
136.0,-271.0,-106.0,183.0,-125.0,61.0,411.0,147.0,-237.0,-275.0
152.0,-115.0,-115.0,245.0,-115.0,4.0,400.0,-279.0,-256.0,-295.0
172.0,-61.0,-133.0,287.0,-74.0,-2.0,411.0,-129.0,-249.0,-295.0
180.0,-108.0,-159.0,280.0,-34.0,-67.0,393.0,92.0,-230.0,-278.0
188.0,-170.0,-209.0,269.0,-13.0,-128.0,395.0,328.0,-222.0,-272.0
186.0,-248.0,-227.0,252.0,-6.0,-33.0,399.0,284.0,-217.0,-265.0
193.0,-384.0,-259.0,212.0,-10.0,91.0,380.0,94.0,-201.0,-266.0
192.0,-539.0,-315.0,184.0,-31.0,33.0,374.0,293.0,-189.0,-257.0
189.0,-663.0,-320.0,140.0,-69.0,-58.0,361.0,354.0,-169.0,-251.0
189.0,-735.0,-359.0,125.0,-113.0,-62.0,371.0,432.0,-173.0,-251.0
168.0,-734.0,-392.0,138.0,-146.0,-21.0,392.0,382.0,-200.0,-235.0
154.0,-645.0,-382.0,139.0,-169.0,37.0,369.0,109.0,-203.0,-216.0
108.0,-486.0,-418.0,121.0,-189.0,29.0,352.0,25.0,-191.0,-206.0
79.0,-231.0,-428.0,129.0,-201.0,16.0,389.0,-11.0,-163.0,-201.0
44.0,163.0,-412.0,164.0,-199.0,-4.0,420.0,79.0,-119.0,-172.0
0.0,634.0,-404.0,178.0,-181.0,-50.0,445.0,84.0,-101.0,-164.0
-22.0,977.0,-370.0,213.0,-164.0,0.0,471.0,40.0,-105.0,-160.0
-67.0,1022.0,-323.0,255.0,-152.0,23.0,467.0,55.0,-131.0,-134.0
-102.0,811.0,-286.0,301.0,-125.0,-43.0,455.0,105.0,-168.0,-109.0
-132.0,517.0,-231.0,353.0,-80.0,-89.0,441.0,271.0,-161.0,-109.0
-142.0,247.0,-150.0,374.0,-27.0,-16.0,429.0,210.0,-155.0,-126.0
-167.0,42.0,-110.0,404.0,15.0,108.0,417.0,77.0,-144.0,-136.0
-193.0,-61.0,-31.0,420.0,41.0,95.0,390.0,-123.0,-139.0,-170.0
-211.0,-43.0,49.0,403.0,63.0,37.0,380.0,-190.0,-150.0,-202.0
-217.0,15.0,90.0,388.0,86.0,-6.0,373.0,-57.0,-143.0,-225.0
-194.0,-43.0,157.0,350.0,104.0,-58.0,355.0,-22.0,-137.0,-238.0
-186.0,-327.0,204.0,302.0,109.0,-100.0,353.0,72.0,-100.0,-253.0
-147.0,-788.0,219.0,234.0,109.0,-141.0,356.0,-35.0,-65.0,-258.0
-108.0,-1250.0,272.0,132.0,116.0,-122.0,382.0,-72.0,-44.0,-217.0
-66.0,-1584.0,284.0,10.0,139.0,-128.0,402.0,0.0,1.0,-191.0
-36.0,-1774.0,264.0,-113.0,180.0,-163.0,382.0,51.0,77.0,-177.0
-19.0,-1773.0,310.0,-234.0,224.0,-132.0,367.0,173.0,173.0,-141.0
14.0,-1560.0,264.0,-372.0,253.0,-122.0,377.0,44.0,250.0,-97.0
24.0,-1293.0,240.0,-502.0,267.0,-116.0,395.0,25.0,307.0,-56.0
23.0,-1117.0,232.0,-633.0,266.0,-108.0,389.0,62.0,352.0,-28.0
4.0,-965.0,176.0,-754.0,257.0,-113.0,370.0,121.0,403.0,15.0
-15.0,-772.0,188.0,-824.0,247.0,-58.0,362.0,155.0,467.0,87.0
-35.0,-521.0,132.0,-838.0,240.0,-39.0,380.0,48.0,527.0,142.0
-61.0,-161.0,132.0,-800.0,228.0,-12.0,419.0,94.0,597.0,195.0
-90.0,208.0,124.0,-736.0,201.0,28.0,478.0,-24.0,671.0,279.0
-107.0,456.0,79.0,-649.0,159.0,8.0,542.0,12.0,705.0,383.0
-112.0,609.0,123.0,-541.0,109.0,-4.0,570.0,12.0,690.0,492.0
-108.0,674.0,96.0,-418.0,57.0,-17.0,546.0,-151.0,681.0,648.0
-84.0,703.0,104.0,-273.0,3.0,15.0,497.0,-24.0,645.0,844.0
-71.0,841.0,107.0,-140.0,-46.0,-15.0,463.0,-11.0,549.0,1002.0
-47.0,1036.0,103.0,-17.0,-93.0,-68.0,445.0,88.0,451.0,1168.0
-27.0,1101.0,133.0,115.0,-128.0,24.0,431.0,57.0,388.0,1332.0
3.0,1098.0,88.0,232.0,-155.0,96.0,407.0,-42.0,347.0,1455.0
31.0,1131.0,95.0,331.0,-177.0,39.0,394.0,-3.0,276.0,1543.0
41.0,1115.0,80.0,399.0,-188.0,4.0,382.0,-173.0,172.0,1590.0
72.0,942.0,40.0,432.0,-184.0,71.0,373.0,-138.0,66.0,1630.0
90.0,647.0,26.0,452.0,-160.0,81.0,353.0,-147.0,-22.0,1625.0
113.0,341.0,6.0,448.0,-116.0,54.0,347.0,-109.0,-78.0,1568.0
117.0,50.0,-10.0,418.0,-61.0,67.0,364.0,-40.0,-115.0,1505.0
111.0,-220.0,-20.0,405.0,-5.0,108.0,357.0,-182.0,-148.0,1429.0
111.0,-453.0,-10.0,414.0,45.0,81.0,380.0,-99.0,-172.0,1316.0
97.0,-599.0,-41.0,407.0,89.0,-9.0,404.0,-77.0,-191.0,1181.0
83.0,-624.0,-42.0,394.0,122.0,33.0,430.0,-53.0,-184.0,1065.0
73.0,-577.0,-25.0,389.0,146.0,112.0,457.0,-33.0,-155.0,950.0
78.0,-510.0,-51.0,391.0,161.0,156.0,458.0,-75.0,-127.0,827.0
70.0,-461.0,-45.0,425.0,156.0,198.0,428.0,-46.0,-109.0,735.0
51.0,-429.0,-45.0,442.0,134.0,239.0,377.0,-11.0,-101.0,674.0
25.0,-344.0,-50.0,406.0,101.0,228.0,344.0,77.0,-82.0,619.0
28.0,-165.0,-29.0,369.0,67.0,83.0,313.0,-14.0,-63.0,554.0
15.0,55.0,-32.0,311.0,37.0,39.0,327.0,5.0,-69.0,497.0
-10.0,166.0,8.0,262.0,0.0,106.0,358.0,25.0,-114.0,449.0
9.0,63.0,21.0,238.0,-42.0,112.0,368.0,49.0,-178.0,371.0
27.0,-114.0,25.0,199.0,-74.0,91.0,353.0,219.0,-233.0,285.0
59.0,-180.0,71.0,193.0,-90.0,59.0,339.0,116.0,-279.0,217.0
69.0,-104.0,81.0,181.0,-90.0,97.0,380.0,145.0,-296.0,155.0
91.0,26.0,125.0,175.0,-85.0,125.0,409.0,136.0,-320.0,81.0
123.0,134.0,138.0,197.0,-88.0,108.0,433.0,151.0,-357.0,6.0
131.0,249.0,179.0,216.0,-105.0,124.0,444.0,443.0,-389.0,-44.0
131.0,365.0,230.0,271.0,-137.0,100.0,428.0,541.0,-430.0,-101.0
122.0,389.0,232.0,344.0,-173.0,91.0,389.0,569.0,-467.0,-169.0
138.0,278.0,301.0,426.0,-199.0,151.0,336.0,363.0,-490.0,-199.0
140.0,82.0,326.0,508.0,-212.0,198.0,302.0,232.0,-492.0,-199.0
139.0,-142.0,337.0,593.0,-214.0,177.0,290.0,321.0,-494.0,-206.0
124.0,-368.0,373.0,647.0,-205.0,133.0,320.0,338.0,-480.0,-213.0
105.0,-586.0,360.0,643.0,-186.0,204.0,321.0,351.0,-422.0,-188.0
106.0,-836.0,374.0,596.0,-166.0,345.0,285.0,116.0,-334.0,-170.0
94.0,-1051.0,385.0,494.0,-149.0,393.0,267.0,24.0,-235.0,-168.0
91.0,-1084.0,380.0,367.0,-139.0,344.0,230.0,20.0,-144.0,-149.0
70.0,-949.0,384.0,211.0,-133.0,309.0,193.0,7.0,-55.0,-125.0
51.0,-787.0,375.0,54.0,-124.0,350.0,179.0,166.0,42.0,-101.0
39.0,-681.0,376.0,-120.0,-107.0,358.0,169.0,94.0,159.0,-99.0
26.0,-598.0,348.0,-273.0,-88.0,293.0,156.0,-38.0,278.0,-95.0
13.0,-504.0,336.0,-354.0,-77.0,313.0,166.0,-208.0,391.0,-77.0
2.0,-449.0,308.0,-449.0,-68.0,396.0,183.0,-229.0,479.0,-96.0
9.0,-432.0,255.0,-501.0,-43.0,449.0,190.0,-107.0,517.0,-119.0
1.0,-323.0,249.0,-529.0,-2.0,491.0,204.0,-70.0,541.0,-127.0
8.0,-84.0,207.0,-557.0,40.0,463.0,201.0,38.0,539.0,-148.0
23.0,202.0,187.0,-536.0,66.0,382.0,193.0,-72.0,534.0,-192.0
35.0,540.0,191.0,-518.0,87.0,363.0,206.0,-109.0,525.0,-226.0
44.0,914.0,168.0,-502.0,118.0,423.0,231.0,-140.0,506.0,-221.0
54.0,1193.0,178.0,-524.0,160.0,469.0,242.0,-275.0,496.0,-233.0
64.0,1295.0,189.0,-522.0,205.0,349.0,222.0,-277.0,479.0,-255.0
56.0,1226.0,192.0,-508.0,241.0,188.0,205.0,-347.0,474.0,-254.0
54.0,1036.0,205.0,-519.0,267.0,220.0,209.0,-221.0,463.0,-253.0
69.0,848.0,211.0,-491.0,275.0,318.0,233.0,-155.0,431.0,-284.0
82.0,737.0,218.0,-457.0,262.0,339.0,236.0,-208.0,399.0,-326.0
100.0,662.0,215.0,-409.0,242.0,323.0,222.0,-303.0,376.0,-332.0
126.0,549.0,185.0,-349.0,222.0,332.0,219.0,-485.0,366.0,-344.0
131.0,317.0,174.0,-281.0,205.0,361.0,216.0,-463.0,348.0,-368.0
135.0,78.0,147.0,-197.0,184.0,342.0,235.0,-473.0,312.0,-357.0
131.0,-4.0,104.0,-141.0,161.0,299.0,243.0,-445.0,272.0,-325.0
124.0,-12.0,97.0,-106.0,141.0,269.0,249.0,-395.0,240.0,-287.0
110.0,-8.0,50.0,-91.0,125.0,251.0,252.0,-273.0,196.0,-218.0
89.0,95.0,45.0,-91.0,108.0,258.0,240.0,-144.0,154.0,-95.0
59.0,297.0,50.0,-103.0,91.0,277.0,229.0,-203.0,110.0,44.0
26.0,509.0,26.0,-139.0,82.0,234.0,208.0,-114.0,60.0,172.0
0.0,653.0,59.0,-180.0,68.0,99.0,214.0,-188.0,3.0,305.0
-36.0,668.0,67.0,-238.0,44.0,39.0,221.0,-273.0,-63.0,441.0
-65.0,547.0,105.0,-304.0,19.0,54.0,209.0,-328.0,-128.0,533.0
-93.0,322.0,136.0,-334.0,6.0,27.0,183.0,-498.0,-181.0,570.0
-102.0,30.0,146.0,-332.0,0.0,-91.0,160.0,-373.0,-221.0,587.0
-107.0,-237.0,183.0,-311.0,-7.0,-125.0,140.0,-267.0,-261.0,581.0
-98.0,-384.0,167.0,-287.0,-8.0,16.0,99.0,-38.0,-302.0,551.0
-92.0,-441.0,186.0,-236.0,-5.0,60.0,76.0,112.0,-333.0,497.0
-75.0,-478.0,201.0,-159.0,-2.0,21.0,83.0,-7.0,-339.0,441.0
-36.0,-491.0,160.0,-56.0,-3.0,-41.0,82.0,-11.0,-312.0,366.0
0.0,-482.0,145.0,48.0,-3.0,-6.0,66.0,-86.0,-281.0,277.0
51.0,-496.0,129.0,143.0,0.0,32.0,75.0,-11.0,-243.0,203.0
72.0,-543.0,98.0,245.0,0.0,-22.0,107.0,-24.0,-191.0,140.0
118.0,-634.0,69.0,324.0,-3.0,54.0,150.0,-109.0,-162.0,88.0
162.0,-824.0,62.0,372.0,-11.0,78.0,186.0,-64.0,-157.0,27.0
205.0,-976.0,50.0,413.0,-18.0,74.0,196.0,-92.0,-127.0,-7.0
250.0,-946.0,54.0,436.0,-21.0,85.0,191.0,-25.0,-63.0,-38.0
272.0,-901.0,63.0,419.0,-24.0,83.0,199.0,-90.0,15.0,-75.0
294.0,-961.0,65.0,399.0,-32.0,83.0,205.0,-48.0,115.0,-101.0
304.0,-1031.0,117.0,388.0,-45.0,27.0,190.0,116.0,246.0,-115.0
322.0,-995.0,137.0,328.0,-56.0,81.0,215.0,206.0,376.0,-115.0
329.0,-811.0,168.0,249.0,-60.0,165.0,229.0,295.0,499.0,-114.0
351.0,-553.0,219.0,199.0,-59.0,166.0,229.0,208.0,606.0,-83.0
354.0,-359.0,232.0,148.0,-59.0,188.0,232.0,153.0,680.0,-38.0
366.0,-300.0,271.0,107.0,-64.0,286.0,171.0,49.0,722.0,18.0
377.0,-280.0,286.0,55.0,-75.0,376.0,126.0,-73.0,718.0,78.0
368.0,-158.0,293.0,-3.0,-87.0,331.0,116.0,-60.0,691.0,146.0
375.0,39.0,295.0,-12.0,-90.0,261.0,119.0,127.0,639.0,219.0
374.0,270.0,270.0,-6.0,-83.0,329.0,149.0,317.0,578.0,260.0
367.0,578.0,256.0,0.0,-70.0,404.0,166.0,221.0,499.0,286.0
345.0,906.0,225.0,45.0,-65.0,431.0,174.0,297.0,375.0,303.0
340.0,1154.0,193.0,90.0,-70.0,488.0,159.0,225.0,233.0,310.0
316.0,1322.0,164.0,107.0,-81.0,542.0,110.0,86.0,86.0,295.0
302.0,1347.0,133.0,143.0,-100.0,555.0,49.0,251.0,-50.0,277.0
288.0,1117.0,130.0,193.0,-125.0,502.0,21.0,160.0,-201.0,262.0
271.0,714.0,142.0,223.0,-154.0,493.0,43.0,301.0,-356.0,243.0
277.0,359.0,125.0,224.0,-178.0,544.0,87.0,341.0,-506.0,204.0
264.0,146.0,132.0,208.0,-183.0,533.0,119.0,22.0,-643.0,163.0
277.0,-7.0,174.0,167.0,-170.0,497.0,113.0,-25.0,-749.0,149.0
280.0,-175.0,183.0,122.0,-145.0,470.0,93.0,-127.0,-822.0,103.0
286.0,-315.0,211.0,110.0,-116.0,420.0,74.0,-199.0,-846.0,58.0
296.0,-382.0,230.0,85.0,-89.0,373.0,69.0,-88.0,-853.0,47.0
288.0,-389.0,232.0,43.0,-70.0,367.0,63.0,59.0,-803.0,22.0
283.0,-315.0,258.0,27.0,-60.0,432.0,45.0,11.0,-690.0,-11.0
267.0,-132.0,286.0,22.0,-44.0,436.0,18.0,51.0,-552.0,-23.0
258.0,92.0,329.0,-10.0,-20.0,367.0,-26.0,142.0,-371.0,-1.0
250.0,313.0,372.0,-62.0,0.0,363.0,-26.0,-94.0,-194.0,23.0
250.0,506.0,407.0,-107.0,7.0,336.0,10.0,29.0,-38.0,49.0
256.0,583.0,456.0,-148.0,-1.0,276.0,44.0,70.0,101.0,98.0
250.0,452.0,491.0,-180.0,-14.0,177.0,71.0,-53.0,211.0,142.0
241.0,217.0,526.0,-199.0,-19.0,103.0,54.0,42.0,310.0,142.0
235.0,68.0,570.0,-188.0,-7.0,110.0,11.0,-38.0,408.0,122.0
237.0,-19.0,592.0,-172.0,12.0,107.0,-25.0,-27.0,466.0,96.0
233.0,-73.0,619.0,-152.0,18.0,164.0,-40.0,-1.0,475.0,39.0
222.0,-39.0,622.0,-116.0,11.0,214.0,-22.0,81.0,475.0,-34.0
217.0,58.0,628.0,-94.0,-1.0,176.0,3.0,107.0,464.0,-94.0
198.0,115.0,634.0,-48.0,-11.0,156.0,29.0,229.0,419.0,-165.0
166.0,44.0,601.0,14.0,-7.0,135.0,41.0,363.0,359.0,-230.0
143.0,-102.0,589.0,79.0,10.0,115.0,28.0,40.0,288.0,-256.0
129.0,-178.0,543.0,151.0,33.0,70.0,35.0,64.0,193.0,-270.0
100.0,-148.0,481.0,211.0,59.0,-44.0,56.0,131.0,94.0,-260.0
67.0,-122.0,423.0,270.0,87.0,-39.0,51.0,7.0,-5.0,-241.0
54.0,-179.0,348.0,340.0,118.0,0.0,46.0,11.0,-97.0,-206.0
30.0,-212.0,285.0,388.0,147.0,7.0,4.0,-107.0,-181.0,-154.0
22.0,-92.0,208.0,382.0,162.0,66.0,-67.0,-42.0,-266.0,-107.0
18.0,120.0,134.0,401.0,167.0,46.0,-108.0,62.0,-345.0,-50.0
6.0,302.0,65.0,408.0,168.0,14.0,-95.0,97.0,-401.0,15.0
12.0,409.0,39.0,341.0,175.0,-35.0,-37.0,75.0,-435.0,85.0
21.0,412.0,-1.0,276.0,188.0,-29.0,4.0,83.0,-449.0,147.0
22.0,286.0,-44.0,191.0,207.0,22.0,14.0,105.0,-426.0,220.0
13.0,91.0,-26.0,103.0,237.0,-54.0,-9.0,-44.0,-383.0,303.0
17.0,-71.0,-67.0,33.0,270.0,-65.0,-43.0,-1.0,-305.0,366.0
28.0,-111.0,-64.0,-44.0,284.0,24.0,-46.0,-110.0,-216.0,408.0
50.0,26.0,-70.0,-115.0,268.0,67.0,-27.0,-240.0,-119.0,454.0
72.0,285.0,-95.0,-182.0,240.0,-11.0,-26.0,-177.0,3.0,497.0
106.0,540.0,-93.0,-223.0,221.0,-63.0,-48.0,-310.0,109.0,516.0
154.0,654.0,-138.0,-227.0,217.0,41.0,-87.0,-194.0,213.0,500.0
193.0,612.0,-130.0,-238.0,222.0,144.0,-130.0,-134.0,319.0,494.0
242.0,523.0,-170.0,-252.0,238.0,157.0,-125.0,-142.0,389.0,479.0
290.0,375.0,-183.0,-240.0,259.0,66.0,-92.0,-11.0,441.0,415.0
341.0,115.0,-202.0,-229.0,280.0,10.0,-41.0,123.0,473.0,369.0
397.0,-173.0,-244.0,-193.0,291.0,47.0,-37.0,273.0,483.0,340.0
447.0,-368.0,-234.0,-143.0,275.0,154.0,-59.0,169.0,473.0,325.0
497.0,-480.0,-271.0,-103.0,230.0,266.0,-64.0,216.0,434.0,282.0
537.0,-535.0,-245.0,-43.0,166.0,218.0,-68.0,103.0,394.0,239.0
566.0,-504.0,-251.0,8.0,96.0,67.0,-22.0,-25.0,331.0,211.0
602.0,-404.0,-245.0,57.0,34.0,19.0,29.0,164.0,259.0,156.0
630.0,-258.0,-215.0,128.0,-15.0,148.0,73.0,11.0,196.0,90.0
652.0,-40.0,-212.0,176.0,-48.0,220.0,77.0,-140.0,122.0,32.0
664.0,286.0,-133.0,186.0,-58.0,140.0,95.0,-219.0,93.0,-3.0
671.0,665.0,-99.0,193.0,-55.0,55.0,121.0,-341.0,76.0,-76.0
672.0,950.0,-49.0,209.0,-63.0,35.0,112.0,-238.0,60.0,-147.0
645.0,1027.0,27.0,236.0,-88.0,50.0,124.0,31.0,62.0,-180.0
613.0,914.0,71.0,249.0,-117.0,6.0,110.0,99.0,83.0,-237.0
555.0,768.0,127.0,256.0,-133.0,-11.0,101.0,-33.0,126.0,-318.0
499.0,665.0,194.0,262.0,-134.0,-2.0,93.0,133.0,161.0,-392.0
410.0,553.0,243.0,245.0,-122.0,-42.0,102.0,194.0,182.0,-433.0
308.0,410.0,272.0,236.0,-94.0,-24.0,157.0,249.0,188.0,-477.0
223.0,255.0,326.0,227.0,-53.0,31.0,186.0,473.0,192.0,-523.0
105.0,49.0,343.0,164.0,-13.0,-29.0,175.0,290.0,227.0,-525.0
-2.0,-247.0,369.0,99.0,8.0,-132.0,133.0,142.0,283.0,-507.0
-107.0,-554.0,422.0,72.0,-6.0,-143.0,95.0,40.0,330.0,-515.0
-189.0,-775.0,437.0,44.0,-38.0,-100.0,72.0,-173.0,336.0,-535.0
-263.0,-921.0,487.0,3.0,-68.0,-76.0,62.0,-182.0,277.0,-542.0
-331.0,-999.0,514.0,-19.0,-82.0,-91.0,55.0,-136.0,181.0,-552.0
-397.0,-955.0,541.0,-29.0,-82.0,-51.0,52.0,-129.0,80.0,-587.0
-448.0,-762.0,598.0,-56.0,-74.0,-33.0,56.0,-64.0,-7.0,-598.0
-474.0,-406.0,610.0,-34.0,-66.0,-132.0,52.0,88.0,-71.0,-576.0
-501.0,43.0,667.0,-3.0,-72.0,-217.0,79.0,-62.0,-140.0,-571.0
-506.0,421.0,706.0,9.0,-91.0,-241.0,102.0,-38.0,-209.0,-554.0
-511.0,651.0,733.0,23.0,-113.0,-211.0,104.0,225.0,-234.0,-517.0
-487.0,730.0,794.0,27.0,-119.0,-244.0,113.0,62.0,-248.0,-461.0
-467.0,668.0,810.0,40.0,-118.0,-303.0,122.0,133.0,-276.0,-407.0
-455.0,554.0,846.0,14.0,-122.0,-264.0,124.0,243.0,-274.0,-352.0
-439.0,465.0,876.0,-27.0,-130.0,-317.0,107.0,151.0,-270.0,-262.0
-434.0,346.0,884.0,-73.0,-143.0,-366.0,101.0,286.0,-270.0,-191.0
-425.0,227.0,907.0,-140.0,-153.0,-321.0,103.0,408.0,-244.0,-131.0
-413.0,230.0,883.0,-213.0,-160.0,-335.0,109.0,328.0,-215.0,-55.0
-386.0,322.0,855.0,-290.0,-161.0,-377.0,112.0,186.0,-190.0,9.0
-365.0,452.0,826.0,-328.0,-145.0,-415.0,80.0,256.0,-148.0,53.0
-334.0,573.0,755.0,-359.0,-114.0,-307.0,44.0,129.0,-80.0,60.0
-320.0,574.0,681.0,-409.0,-78.0,-242.0,45.0,59.0,-41.0,52.0
-290.0,463.0,596.0,-442.0,-47.0,-364.0,74.0,201.0,-6.0,44.0
-262.0,320.0,526.0,-469.0,-15.0,-349.0,74.0,31.0,37.0,21.0
-217.0,165.0,440.0,-494.0,24.0,-278.0,91.0,123.0,39.0,-11.0
-124.0,-2.0,357.0,-519.0,57.0,-330.0,119.0,164.0,-17.0,-28.0
-33.0,-138.0,298.0,-521.0,68.0,-425.0,113.0,7.0,-88.0,-42.0
65.0,-194.0,189.0,-508.0,55.0,-358.0,99.0,73.0,-135.0,-75.0
157.0,-166.0,117.0,-510.0,36.0,-234.0,62.0,101.0,-199.0,-105.0
259.0,-118.0,53.0,-445.0,19.0,-284.0,22.0,79.0,-261.0,-135.0
334.0,-61.0,-37.0,-352.0,-5.0,-338.0,-17.0,-7.0,-295.0,-168.0
427.0,88.0,-112.0,-284.0,-32.0,-346.0,-11.0,99.0,-305.0,-190.0
497.0,291.0,-172.0,-166.0,-44.0,-344.0,14.0,116.0,-283.0,-187.0
548.0,377.0,-246.0,-50.0,-36.0,-348.0,32.0,94.0,-220.0,-166.0
617.0,267.0,-328.0,65.0,-29.0,-376.0,72.0,210.0,-121.0,-160.0
659.0,91.0,-365.0,183.0,-30.0,-356.0,100.0,14.0,1.0,-145.0
713.0,18.0,-439.0,240.0,-36.0,-353.0,119.0,36.0,175.0,-108.0
746.0,114.0,-481.0,317.0,-45.0,-336.0,115.0,120.0,344.0,-69.0
777.0,310.0,-527.0,372.0,-60.0,-223.0,98.0,12.0,469.0,-36.0
784.0,465.0,-566.0,396.0,-83.0,-182.0,56.0,25.0,556.0,-4.0
796.0,483.0,-588.0,453.0,-96.0,-285.0,13.0,123.0,587.0,43.0
805.0,391.0,-640.0,487.0,-88.0,-346.0,-26.0,155.0,609.0,62.0
808.0,238.0,-608.0,528.0,-57.0,-242.0,-70.0,109.0,634.0,54.0
829.0,5.0,-654.0,567.0,-5.0,-154.0,-73.0,184.0,652.0,66.0
830.0,-233.0,-638.0,575.0,51.0,-198.0,-56.0,31.0,685.0,69.0
840.0,-358.0,-614.0,543.0,94.0,-229.0,-26.0,-11.0,689.0,46.0
816.0,-434.0,-641.0,487.0,122.0,-183.0,6.0,116.0,630.0,15.0
792.0,-575.0,-575.0,443.0,140.0,-139.0,22.0,38.0,551.0,-4.0
773.0,-758.0,-590.0,385.0,143.0,-141.0,-1.0,121.0,480.0,-48.0
762.0,-903.0,-531.0,346.0,137.0,-137.0,-65.0,123.0,424.0,-128.0
748.0,-927.0,-501.0,330.0,131.0,-159.0,-111.0,166.0,365.0,-183.0
730.0,-821.0,-476.0,345.0,132.0,-217.0,-106.0,225.0,274.0,-231.0
717.0,-699.0,-418.0,402.0,133.0,-249.0,-75.0,157.0,181.0,-308.0
664.0,-661.0,-421.0,439.0,124.0,-212.0,-62.0,144.0,93.0,-369.0
609.0,-693.0,-361.0,460.0,108.0,-183.0,-77.0,59.0,0.0,-395.0
551.0,-786.0,-353.0,474.0,87.0,-193.0,-112.0,203.0,-88.0,-399.0
503.0,-906.0,-299.0,473.0,72.0,-157.0,-155.0,179.0,-156.0,-404.0
442.0,-895.0,-237.0,458.0,65.0,-146.0,-142.0,38.0,-232.0,-395.0
383.0,-775.0,-200.0,425.0,61.0,-192.0,-93.0,103.0,-322.0,-330.0
337.0,-648.0,-116.0,412.0,58.0,-222.0,-55.0,-55.0,-387.0,-282.0
287.0,-596.0,-58.0,380.0,58.0,-143.0,-32.0,-46.0,-448.0,-261.0
231.0,-685.0,21.0,325.0,53.0,-34.0,-46.0,29.0,-515.0,-209.0
167.0,-748.0,87.0,256.0,44.0,-131.0,-51.0,-14.0,-600.0,-165.0
124.0,-661.0,180.0,169.0,44.0,-294.0,-50.0,3.0,-703.0,-157.0
71.0,-537.0,259.0,99.0,57.0,-304.0,-44.0,46.0,-787.0,-160.0
41.0,-396.0,311.0,-8.0,81.0,-276.0,-26.0,46.0,-841.0,-160.0
1.0,-295.0,402.0,-122.0,114.0,-299.0,-30.0,-121.0,-833.0,-168.0
-43.0,-339.0,426.0,-206.0,145.0,-316.0,-48.0,-166.0,-804.0,-215.0
-84.0,-342.0,481.0,-268.0,161.0,-281.0,-67.0,-308.0,-789.0,-258.0
-139.0,-193.0,523.0,-284.0,153.0,-279.0,-62.0,-362.0,-741.0,-280.0
-186.0,7.0,518.0,-256.0,128.0,-320.0,-56.0,-190.0,-632.0,-333.0
-248.0,233.0,550.0,-200.0,96.0,-310.0,-37.0,-249.0,-543.0,-390.0
-301.0,465.0,522.0,-152.0,66.0,-300.0,-17.0,-153.0,-467.0,-434.0
-359.0,690.0,518.0,-98.0,47.0,-368.0,-11.0,-125.0,-356.0,-471.0
-407.0,965.0,503.0,-38.0,38.0,-400.0,-3.0,-206.0,-262.0,-520.0
-431.0,1254.0,466.0,27.0,28.0,-346.0,-1.0,-177.0,-165.0,-566.0
-428.0,1379.0,446.0,84.0,4.0,-315.0,14.0,-205.0,-36.0,-589.0
-425.0,1318.0,387.0,106.0,-26.0,-344.0,12.0,-192.0,80.0,-611.0
-413.0,1198.0,335.0,117.0,-50.0,-377.0,0.0,-304.0,166.0,-629.0
-382.0,1063.0,279.0,124.0,-64.0,-319.0,-10.0,-310.0,233.0,-622.0
-380.0,929.0,234.0,114.0,-73.0,-264.0,-37.0,-271.0,323.0,-589.0
-350.0,938.0,167.0,82.0,-76.0,-271.0,-43.0,-295.0,400.0,-541.0
-317.0,1068.0,132.0,42.0,-76.0,-294.0,-41.0,-264.0,461.0,-474.0
-281.0,1137.0,95.0,0.0,-73.0,-334.0,-40.0,-297.0,534.0,-385.0
-232.0,1124.0,57.0,-20.0,-67.0,-348.0,-40.0,-195.0,563.0,-272.0
-176.0,1055.0,49.0,-31.0,-54.0,-335.0,-63.0,-155.0,586.0,-175.0
-107.0,898.0,9.0,-44.0,-40.0,-246.0,-74.0,-173.0,627.0,-84.0
-46.0,656.0,1.0,-28.0,-26.0,-191.0,-71.0,-258.0,650.0,18.0
8.0,393.0,-26.0,14.0,-3.0,-271.0,-68.0,-249.0,668.0,86.0
62.0,176.0,-29.0,67.0,29.0,-298.0,-36.0,-105.0,687.0,120.0
120.0,-1.0,-26.0,78.0,55.0,-259.0,1.0,-264.0,700.0,146.0
154.0,-202.0,-54.0,60.0,67.0,-242.0,31.0,-142.0,718.0,183.0
172.0,-449.0,-28.0,53.0,71.0,-280.0,65.0,-90.0,754.0,187.0
174.0,-691.0,-21.0,16.0,62.0,-325.0,72.0,-245.0,781.0,162.0
182.0,-818.0,-45.0,-31.0,38.0,-273.0,69.0,-107.0,772.0,124.0
179.0,-782.0,-33.0,-89.0,1.0,-270.0,76.0,-175.0,746.0,61.0
166.0,-613.0,-26.0,-171.0,-38.0,-325.0,76.0,-155.0,727.0,-19.0
174.0,-332.0,-35.0,-246.0,-68.0,-287.0,77.0,-149.0,696.0,-124.0
166.0,-48.0,-39.0,-317.0,-93.0,-304.0,63.0,-199.0,659.0,-211.0
162.0,131.0,-28.0,-373.0,-111.0,-379.0,46.0,-155.0,595.0,-289.0
152.0,195.0,-36.0,-397.0,-113.0,-386.0,36.0,-94.0,498.0,-370.0
128.0,168.0,-63.0,-408.0,-117.0,-339.0,10.0,145.0,420.0,-430.0
100.0,165.0,-71.0,-391.0,-136.0,-342.0,-36.0,81.0,338.0,-471.0
78.0,293.0,-104.0,-359.0,-171.0,-473.0,-70.0,60.0,242.0,-500.0
50.0,560.0,-122.0,-328.0,-207.0,-486.0,-85.0,-57.0,125.0,-512.0
21.0,878.0,-130.0,-289.0,-233.0,-365.0,-107.0,-332.0,3.0,-506.0
-2.0,1128.0,-144.0,-259.0,-243.0,-337.0,-122.0,-190.0,-114.0,-489.0
-20.0,1240.0,-157.0,-198.0,-240.0,-396.0,-159.0,-230.0,-231.0,-462.0
-27.0,1230.0,-179.0,-127.0,-232.0,-454.0,-179.0,-275.0,-308.0,-425.0
-61.0,1198.0,-176.0,-62.0,-220.0,-381.0,-159.0,-138.0,-372.0,-407.0
-88.0,1177.0,-187.0,13.0,-210.0,-353.0,-158.0,-72.0,-426.0,-408.0
-133.0,1137.0,-217.0,41.0,-202.0,-398.0,-176.0,5.0,-490.0,-402.0
-163.0,989.0,-187.0,38.0,-194.0,-361.0,-196.0,90.0,-579.0,-406.0
-189.0,634.0,-191.0,27.0,-180.0,-340.0,-224.0,158.0,-663.0,-398.0
-218.0,169.0,-210.0,9.0,-150.0,-304.0,-247.0,182.0,-735.0,-383.0
-225.0,-305.0,-177.0,2.0,-113.0,-315.0,-240.0,332.0,-792.0,-374.0
-232.0,-768.0,-191.0,6.0,-68.0,-333.0,-232.0,312.0,-839.0,-367.0
-216.0,-1149.0,-174.0,33.0,-16.0,-316.0,-230.0,304.0,-867.0,-367.0
-224.0,-1453.0,-188.0,91.0,34.0,-402.0,-238.0,308.0,-848.0,-377.0
-222.0,-1718.0,-203.0,153.0,74.0,-429.0,-242.0,5.0,-807.0,-392.0
-228.0,-1845.0,-215.0,190.0,97.0,-400.0,-234.0,77.0,-763.0,-409.0
-231.0,-1828.0,-275.0,191.0,107.0,-415.0,-244.0,109.0,-686.0,-426.0
-217.0,-1768.0,-275.0,182.0,109.0,-382.0,-263.0,-3.0,-594.0,-425.0
-210.0,-1610.0,-333.0,160.0,102.0,-309.0,-264.0,184.0,-541.0,-419.0
-186.0,-1308.0,-354.0,121.0,84.0,-279.0,-308.0,131.0,-504.0,-408.0
-170.0,-934.0,-368.0,75.0,45.0,-349.0,-375.0,210.0,-431.0,-389.0
-150.0,-494.0,-414.0,20.0,-10.0,-418.0,-419.0,315.0,-325.0,-368.0
-139.0,-36.0,-405.0,-34.0,-69.0,-398.0,-454.0,110.0,-216.0,-327.0
-118.0,316.0,-427.0,-72.0,-117.0,-340.0,-436.0,51.0,-96.0,-259.0
-99.0,582.0,-420.0,-89.0,-155.0,-320.0,-402.0,118.0,14.0,-175.0
-69.0,705.0,-410.0,-105.0,-190.0,-290.0,-347.0,149.0,92.0,-71.0
-29.0,607.0,-373.0,-84.0,-221.0,-217.0,-258.0,38.0,160.0,33.0
5.0,419.0,-330.0,-38.0,-241.0,-204.0,-196.0,-51.0,245.0,124.0
53.0,215.0,-292.0,-11.0,-248.0,-212.0,-154.0,-219.0,324.0,184.0
89.0,-37.0,-211.0,13.0,-241.0,-210.0,-159.0,-157.0,377.0,221.0
133.0,-326.0,-165.0,36.0,-216.0,-179.0,-182.0,40.0,430.0,260.0
161.0,-630.0,-120.0,58.0,-169.0,-171.0,-186.0,-18.0,475.0,284.0
186.0,-862.0,-61.0,81.0,-96.0,-190.0,-206.0,44.0,490.0,288.0
208.0,-897.0,-29.0,104.0,-9.0,-123.0,-210.0,-110.0,514.0,272.0
232.0,-739.0,-8.0,121.0,70.0,-47.0,-202.0,-145.0,545.0,243.0
262.0,-509.0,29.0,134.0,132.0,-19.0,-202.0,-127.0,557.0,170.0
264.0,-333.0,48.0,138.0,169.0,-45.0,-206.0,-290.0,576.0,71.0
273.0,-213.0,67.0,141.0,187.0,-68.0,-219.0,-140.0,584.0,-22.0
280.0,-54.0,100.0,155.0,183.0,-112.0,-219.0,-188.0,556.0,-125.0
272.0,179.0,120.0,168.0,166.0,-173.0,-213.0,-216.0,513.0,-220.0
251.0,414.0,147.0,189.0,148.0,-74.0,-193.0,-149.0,444.0,-298.0
227.0,580.0,158.0,217.0,132.0,31.0,-182.0,-158.0,373.0,-337.0
228.0,741.0,181.0,202.0,122.0,83.0,-193.0,-27.0,303.0,-369.0
232.0,916.0,194.0,162.0,113.0,122.0,-216.0,60.0,221.0,-395.0
218.0,1022.0,199.0,128.0,105.0,98.0,-262.0,164.0,149.0,-388.0
208.0,1033.0,220.0,83.0,92.0,122.0,-295.0,186.0,68.0,-372.0
183.0,923.0,209.0,42.0,80.0,98.0,-325.0,227.0,-9.0,-353.0
134.0,600.0,208.0,3.0,79.0,37.0,-338.0,127.0,-86.0,-346.0
71.0,90.0,210.0,-32.0,101.0,79.0,-311.0,-29.0,-196.0,-323.0
-2.0,-527.0,204.0,-56.0,144.0,86.0,-277.0,-62.0,-309.0,-303.0
-65.0,-1214.0,183.0,-96.0,188.0,47.0,-247.0,-312.0,-412.0,-308.0
-122.0,-1857.0,159.0,-143.0,220.0,72.0,-244.0,-236.0,-518.0,-287.0
-195.0,-2343.0,142.0,-165.0,242.0,121.0,-287.0,-97.0,-615.0,-273.0
-267.0,-2564.0,87.0,-186.0,266.0,141.0,-346.0,-96.0,-654.0,-291.0
-318.0,-2506.0,41.0,-227.0,282.0,112.0,-365.0,27.0,-651.0,-310.0
-385.0,-2222.0,-29.0,-265.0,276.0,112.0,-353.0,-60.0,-625.0,-321.0
-442.0,-1714.0,-95.0,-342.0,252.0,144.0,-338.0,-62.0,-581.0,-325.0
-490.0,-994.0,-146.0,-434.0,215.0,76.0,-337.0,-109.0,-547.0,-345.0
-556.0,-95.0,-220.0,-517.0,170.0,33.0,-328.0,-216.0,-504.0,-359.0
-573.0,867.0,-270.0,-604.0,113.0,90.0,-305.0,-295.0,-462.0,-354.0
-565.0,1766.0,-320.0,-655.0,53.0,102.0,-288.0,-399.0,-456.0,-371.0
-564.0,2543.0,-353.0,-682.0,10.0,16.0,-257.0,-410.0,-450.0,-392.0
-564.0,3097.0,-386.0,-690.0,-12.0,-42.0,-247.0,-458.0,-417.0,-411.0
-570.0,3297.0,-396.0,-677.0,-24.0,-7.0,-266.0,-303.0,-390.0,-430.0
-566.0,3184.0,-411.0,-633.0,-29.0,30.0,-267.0,-221.0,-359.0,-460.0
-560.0,2852.0,-416.0,-577.0,-26.0,72.0,-252.0,-205.0,-347.0,-480.0
-548.0,2267.0,-396.0,-517.0,-12.0,119.0,-236.0,-29.0,-352.0,-460.0
-534.0,1512.0,-407.0,-419.0,12.0,217.0,-210.0,-38.0,-324.0,-425.0
-518.0,788.0,-383.0,-324.0,34.0,275.0,-194.0,-22.0,-283.0,-377.0
-490.0,185.0,-371.0,-234.0,50.0,179.0,-229.0,-64.0,-238.0,-288.0
-470.0,-335.0,-364.0,-170.0,64.0,125.0,-294.0,-188.0,-207.0,-181.0
-444.0,-802.0,-315.0,-116.0,71.0,113.0,-363.0,-166.0,-168.0,-79.0
-420.0,-1133.0,-297.0,-34.0,65.0,91.0,-417.0,-116.0,-120.0,22.0
-380.0,-1225.0,-258.0,31.0,44.0,130.0,-425.0,0.0,-83.0,144.0
-333.0,-1081.0,-210.0,124.0,24.0,206.0,-369.0,88.0,-40.0,275.0
-313.0,-853.0,-197.0,226.0,13.0,230.0,-280.0,81.0,-21.0,389.0
-280.0,-614.0,-142.0,321.0,4.0,209.0,-240.0,-90.0,-27.0,500.0
-240.0,-374.0,-122.0,439.0,-5.0,205.0,-230.0,-232.0,-20.0,613.0
-192.0,-225.0,-88.0,518.0,-10.0,166.0,-211.0,-351.0,3.0,721.0
-146.0,-166.0,-22.0,567.0,-18.0,75.0,-217.0,-412.0,45.0,801.0
-99.0,-122.0,5.0,602.0,-56.0,2.0,-203.0,-118.0,102.0,890.0
-50.0,-65.0,48.0,610.0,-139.0,31.0,-195.0,-49.0,144.0,981.0
-3.0,63.0,75.0,621.0,-243.0,54.0,-213.0,46.0,168.0,1021.0
39.0,298.0,81.0,629.0,-328.0,13.0,-230.0,179.0,210.0,1033.0
64.0,509.0,75.0,609.0,-371.0,16.0,-270.0,-38.0,277.0,1022.0
81.0,562.0,64.0,554.0,-373.0,54.0,-276.0,-140.0,341.0,1000.0
87.0,440.0,15.0,490.0,-350.0,121.0,-252.0,-243.0,373.0,951.0
109.0,257.0,-9.0,424.0,-318.0,149.0,-239.0,-205.0,379.0,881.0
121.0,171.0,-63.0,344.0,-281.0,147.0,-224.0,-173.0,360.0,842.0
128.0,291.0,-120.0,269.0,-228.0,173.0,-208.0,-206.0,343.0,801.0
161.0,560.0,-150.0,197.0,-165.0,158.0,-192.0,-173.0,348.0,740.0
195.0,800.0,-232.0,111.0,-96.0,146.0,-192.0,-216.0,330.0,678.0
222.0,948.0,-250.0,34.0,-22.0,185.0,-206.0,-127.0,290.0,603.0
250.0,928.0,-303.0,-13.0,55.0,201.0,-209.0,-186.0,247.0,482.0
275.0,622.0,-345.0,-43.0,128.0,114.0,-229.0,-129.0,188.0,337.0
296.0,118.0,-349.0,-60.0,176.0,20.0,-259.0,88.0,131.0,193.0
328.0,-356.0,-344.0,-66.0,194.0,79.0,-285.0,70.0,89.0,60.0
360.0,-652.0,-320.0,-65.0,185.0,226.0,-295.0,68.0,22.0,-79.0
390.0,-735.0,-290.0,-54.0,155.0,287.0,-257.0,-5.0,-52.0,-231.0
409.0,-617.0,-203.0,-52.0,106.0,237.0,-197.0,-99.0,-109.0,-351.0
416.0,-496.0,-158.0,-72.0,40.0,143.0,-130.0,-164.0,-169.0,-451.0
400.0,-607.0,-66.0,-104.0,-32.0,21.0,-95.0,-219.0,-218.0,-560.0
359.0,-930.0,12.0,-112.0,-108.0,-100.0,-94.0,-253.0,-248.0,-629.0
328.0,-1284.0,75.0,-103.0,-179.0,-121.0,-105.0,-330.0,-242.0,-650.0
276.0,-1542.0,135.0,-95.0,-240.0,-44.0,-133.0,-205.0,-186.0,-678.0
209.0,-1707.0,180.0,-88.0,-279.0,-48.0,-148.0,-129.0,-115.0,-696.0
147.0,-1814.0,243.0,-73.0,-292.0,-61.0,-158.0,-125.0,-37.0,-687.0
88.0,-1914.0,256.0,-38.0,-286.0,15.0,-154.0,-75.0,35.0,-675.0
59.0,-2035.0,294.0,-1.0,-263.0,64.0,-143.0,-79.0,107.0,-673.0
41.0,-2139.0,303.0,35.0,-230.0,30.0,-166.0,40.0,180.0,-688.0
25.0,-2179.0,286.0,56.0,-187.0,-30.0,-201.0,-25.0,208.0,-693.0
7.0,-2086.0,280.0,60.0,-138.0,-35.0,-219.0,-221.0,226.0,-696.0
-16.0,-1793.0,250.0,58.0,-78.0,-2.0,-210.0,-389.0,228.0,-729.0
-45.0,-1237.0,204.0,29.0,-8.0,21.0,-177.0,-474.0,197.0,-740.0
-72.0,-400.0,166.0,-34.0,69.0,28.0,-113.0,-460.0,161.0,-723.0
-79.0,596.0,121.0,-93.0,149.0,100.0,-73.0,-521.0,107.0,-708.0
-77.0,1501.0,67.0,-133.0,222.0,148.0,-77.0,-441.0,37.0,-669.0
-74.0,2082.0,22.0,-184.0,271.0,108.0,-82.0,-393.0,-51.0,-584.0
-75.0,2333.0,-29.0,-247.0,287.0,99.0,-99.0,-218.0,-146.0,-490.0
-73.0,2445.0,-49.0,-307.0,290.0,102.0,-102.0,-42.0,-240.0,-396.0
-75.0,2547.0,-81.0,-359.0,301.0,94.0,-99.0,-68.0,-337.0,-281.0
-80.0,2611.0,-116.0,-404.0,322.0,98.0,-110.0,3.0,-414.0,-138.0
-89.0,2593.0,-116.0,-465.0,347.0,164.0,-116.0,-157.0,-474.0,17.0
-123.0,2487.0,-134.0,-509.0,370.0,189.0,-109.0,-208.0,-532.0,162.0
-159.0,2265.0,-153.0,-510.0,387.0,196.0,-96.0,-145.0,-604.0,319.0
-189.0,1888.0,-160.0,-512.0,395.0,315.0,-88.0,-177.0,-662.0,459.0
-196.0,1361.0,-169.0,-494.0,387.0,420.0,-56.0,-90.0,-669.0,568.0
-198.0,756.0,-187.0,-444.0,359.0,331.0,-18.0,-103.0,-650.0,650.0
-210.0,221.0,-192.0,-404.0,311.0,109.0,-14.0,-110.0,-611.0,723.0
-245.0,-80.0,-189.0,-327.0,259.0,75.0,-26.0,-140.0,-543.0,798.0
-271.0,-138.0,-201.0,-240.0,213.0,234.0,-10.0,1.0,-468.0,828.0
-281.0,-114.0,-188.0,-186.0,167.0,375.0,-5.0,201.0,-403.0,865.0
-304.0,-166.0,-189.0,-125.0,116.0,413.0,-9.0,229.0,-309.0,907.0
-302.0,-334.0,-181.0,-71.0,68.0,409.0,34.0,325.0,-199.0,904.0
-307.0,-637.0,-171.0,-62.0,28.0,472.0,48.0,153.0,-117.0,873.0
-305.0,-1143.0,-182.0,-107.0,-3.0,500.0,16.0,35.0,-46.0,853.0
-313.0,-1751.0,-158.0,-178.0,-28.0,435.0,-23.0,86.0,22.0,824.0
-336.0,-2164.0,-173.0,-256.0,-43.0,346.0,-38.0,-42.0,80.0,770.0
-364.0,-2254.0,-172.0,-328.0,-50.0,358.0,-25.0,-42.0,139.0,719.0
-388.0,-2120.0,-166.0,-401.0,-47.0,438.0,-27.0,-92.0,199.0,676.0
-375.0,-1864.0,-187.0,-474.0,-32.0,468.0,-26.0,-223.0,256.0,626.0
-365.0,-1497.0,-186.0,-528.0,-9.0,446.0,-28.0,-216.0,299.0,543.0
-348.0,-967.0,-221.0,-570.0,5.0,371.0,-32.0,-72.0,312.0,463.0
-338.0,-292.0,-236.0,-581.0,-4.0,380.0,-20.0,-12.0,314.0,404.0
-329.0,408.0,-256.0,-550.0,-35.0,469.0,-31.0,-53.0,304.0,315.0
-327.0,1056.0,-256.0,-514.0,-63.0,540.0,-34.0,36.0,302.0,219.0
-315.0,1587.0,-264.0,-470.0,-67.0,529.0,-1.0,-49.0,308.0,130.0
-290.0,1879.0,-282.0,-404.0,-51.0,473.0,1.0,42.0,297.0,27.0
-261.0,1830.0,-277.0,-339.0,-29.0,553.0,-19.0,36.0,282.0,-97.0
-213.0,1421.0,-308.0,-266.0,-21.0,573.0,-41.0,-238.0,262.0,-228.0
-192.0,783.0,-316.0,-185.0,-40.0,494.0,-41.0,-83.0,232.0,-328.0
-167.0,121.0,-332.0,-104.0,-88.0,523.0,-16.0,11.0,198.0,-402.0
-156.0,-424.0,-338.0,-42.0,-149.0,578.0,7.0,147.0,149.0,-475.0
-141.0,-785.0,-345.0,12.0,-203.0,566.0,38.0,269.0,78.0,-515.0
-121.0,-940.0,-370.0,72.0,-235.0,454.0,24.0,177.0,-16.0,-525.0
-134.0,-983.0,-375.0,133.0,-244.0,386.0,-9.0,123.0,-107.0,-541.0
-138.0,-1030.0,-393.0,206.0,-246.0,415.0,-42.0,107.0,-201.0,-543.0
-142.0,-1015.0,-378.0,254.0,-241.0,397.0,-78.0,216.0,-297.0,-509.0
-138.0,-851.0,-366.0,282.0,-225.0,419.0,-70.0,88.0,-393.0,-446.0
-156.0,-614.0,-372.0,310.0,-198.0,511.0,-56.0,-44.0,-485.0,-374.0
-191.0,-361.0,-327.0,352.0,-162.0,490.0,-107.0,-96.0,-560.0,-288.0
-220.0,-39.0,-319.0,415.0,-125.0,377.0,-185.0,-131.0,-625.0,-177.0
-246.0,320.0,-307.0,454.0,-91.0,293.0,-192.0,42.0,-645.0,-79.0
-253.0,531.0,-272.0,467.0,-55.0,259.0,-208.0,205.0,-610.0,1.0
-266.0,440.0,-260.0,448.0,-20.0,298.0,-246.0,367.0,-566.0,74.0
-244.0,92.0,-233.0,403.0,5.0,323.0,-264.0,325.0,-497.0,134.0
-210.0,-321.0,-217.0,362.0,11.0,314.0,-318.0,249.0,-415.0,187.0
-183.0,-588.0,-208.0,302.0,-13.0,317.0,-332.0,328.0,-301.0,232.0
-155.0,-628.0,-248.0,231.0,-72.0,239.0,-308.0,389.0,-137.0,273.0
-133.0,-539.0,-165.0,167.0,-155.0,138.0,-337.0,552.0,34.0,293.0
-92.0,-476.0,-15.0,114.0,-232.0,158.0,-364.0,454.0,192.0,291.0
-67.0,-538.0,-25.0,86.0,-283.0,223.0,-347.0,203.0,326.0,289.0
-47.0,-663.0,-3.0,99.0,-316.0,170.0,-331.0,9.0,450.0,318.0
-26.0,-769.0,114.0,121.0,-337.0,141.0,-299.0,-79.0,570.0,341.0
-7.0,-950.0,168.0,121.0,-346.0,265.0,-279.0,171.0,677.0,343.0
0.0,-1228.0,139.0,117.0,-350.0,340.0,-281.0,230.0,758.0,374.0
12.0,-1345.0,218.0,117.0,-354.0,298.0,-277.0,190.0,815.0,410.0
32.0,-1097.0,325.0,138.0,-352.0,229.0,-284.0,147.0,859.0,455.0
46.0,-613.0,311.0,141.0,-334.0,184.0,-257.0,75.0,869.0,506.0
62.0,-69.0,324.0,125.0,-289.0,131.0,-237.0,195.0,825.0,581.0
40.0,454.0,389.0,111.0,-219.0,78.0,-246.0,136.0,761.0,656.0
25.0,899.0,402.0,69.0,-133.0,167.0,-216.0,160.0,690.0,683.0
-10.0,1221.0,393.0,13.0,-38.0,302.0,-163.0,225.0,585.0,709.0
-27.0,1378.0,407.0,-48.0,44.0,264.0,-135.0,153.0,473.0,718.0
-30.0,1389.0,412.0,-146.0,100.0,181.0,-107.0,84.0,363.0,692.0
-30.0,1324.0,391.0,-239.0,120.0,200.0,-55.0,53.0,259.0,651.0
-28.0,1215.0,353.0,-304.0,102.0,189.0,-23.0,53.0,181.0,596.0
-73.0,1084.0,353.0,-375.0,62.0,140.0,16.0,-201.0,109.0,531.0
-107.0,918.0,343.0,-411.0,13.0,133.0,42.0,-208.0,47.0,443.0
-176.0,675.0,280.0,-416.0,-30.0,137.0,35.0,-123.0,-7.0,361.0
-217.0,439.0,223.0,-411.0,-63.0,146.0,38.0,-118.0,-70.0,295.0
-235.0,329.0,184.0,-371.0,-88.0,162.0,34.0,90.0,-117.0,209.0
-242.0,306.0,145.0,-329.0,-104.0,180.0,16.0,68.0,-148.0,149.0
-246.0,278.0,135.0,-264.0,-112.0,204.0,-2.0,153.0,-183.0,124.0
-281.0,177.0,150.0,-190.0,-103.0,210.0,-20.0,136.0,-219.0,102.0
-304.0,-91.0,123.0,-151.0,-79.0,199.0,-5.0,53.0,-254.0,71.0
-341.0,-529.0,89.0,-118.0,-47.0,266.0,10.0,153.0,-319.0,54.0
-334.0,-977.0,82.0,-91.0,-11.0,314.0,-2.0,109.0,-377.0,53.0
-326.0,-1339.0,62.0,-68.0,32.0,244.0,-15.0,99.0,-402.0,32.0
-322.0,-1647.0,58.0,-52.0,83.0,232.0,-52.0,-110.0,-478.0,15.0
-311.0,-1844.0,78.0,-66.0,134.0,292.0,-88.0,-267.0,-576.0,10.0
-315.0,-1862.0,87.0,-103.0,179.0,329.0,-83.0,-388.0,-628.0,18.0
-325.0,-1708.0,70.0,-163.0,228.0,287.0,-81.0,-339.0,-649.0,17.0
-346.0,-1369.0,81.0,-242.0,289.0,244.0,-102.0,-109.0,-642.0,11.0
-355.0,-847.0,103.0,-297.0,350.0,292.0,-106.0,-315.0,-624.0,48.0
-351.0,-216.0,72.0,-331.0,392.0,317.0,-101.0,-371.0,-597.0,101.0
-345.0,408.0,88.0,-346.0,414.0,329.0,-126.0,-378.0,-560.0,158.0
-346.0,894.0,75.0,-322.0,417.0,390.0,-119.0,-314.0,-466.0,210.0
-345.0,1141.0,34.0,-311.0,405.0,402.0,-96.0,-110.0,-309.0,263.0
-355.0,1148.0,56.0,-313.0,390.0,339.0,-98.0,-38.0,-160.0,299.0
-356.0,934.0,31.0,-306.0,378.0,283.0,-73.0,166.0,-18.0,309.0
-374.0,509.0,2.0,-307.0,372.0,321.0,-24.0,83.0,150.0,319.0
-386.0,-68.0,20.0,-318.0,357.0,360.0,-23.0,-35.0,331.0,314.0
-404.0,-644.0,28.0,-370.0,327.0,269.0,-70.0,-164.0,508.0,283.0
-416.0,-999.0,-3.0,-408.0,291.0,222.0,-126.0,-254.0,642.0,227.0
-412.0,-1094.0,-24.0,-418.0,243.0,292.0,-153.0,-75.0,712.0,186.0
-414.0,-963.0,-38.0,-433.0,180.0,298.0,-110.0,-129.0,744.0,174.0
-396.0,-581.0,-73.0,-407.0,108.0,279.0,-58.0,-194.0,749.0,153.0
-400.0,-19.0,-119.0,-338.0,45.0,290.0,-57.0,-310.0,746.0,136.0
-372.0,590.0,-174.0,-226.0,0.0,271.0,-125.0,-356.0,737.0,148.0
-328.0,1097.0,-206.0,-114.0,-35.0,235.0,-183.0,-301.0,712.0,154.0
-255.0,1366.0,-272.0,-6.0,-63.0,120.0,-188.0,-327.0,644.0,139.0
-169.0,1349.0,-323.0,104.0,-85.0,83.0,-186.0,-138.0,566.0,103.0
-97.0,1110.0,-363.0,171.0,-97.0,94.0,-152.0,-145.0,508.0,73.0
-24.0,793.0,-445.0,194.0,-99.0,52.0,-109.0,-312.0,433.0,49.0
35.0,544.0,-497.0,193.0,-86.0,79.0,-116.0,-354.0,345.0,3.0
96.0,433.0,-534.0,173.0,-60.0,77.0,-126.0,-254.0,256.0,-18.0
142.0,433.0,-561.0,134.0,-21.0,27.0,-109.0,-16.0,162.0,-43.0
208.0,504.0,-586.0,98.0,15.0,-10.0,-129.0,27.0,78.0,-71.0
258.0,587.0,-601.0,50.0,22.0,38.0,-162.0,14.0,5.0,-79.0
295.0,662.0,-582.0,-6.0,-4.0,50.0,-183.0,-36.0,-66.0,-69.0
309.0,722.0,-582.0,-62.0,-56.0,21.0,-190.0,-27.0,-140.0,-20.0
322.0,738.0,-570.0,-103.0,-113.0,68.0,-191.0,-103.0,-203.0,15.0
348.0,781.0,-509.0,-125.0,-148.0,123.0,-218.0,-269.0,-250.0,40.0
347.0,880.0,-464.0,-145.0,-155.0,100.0,-200.0,-94.0,-265.0,74.0
340.0,937.0,-407.0,-144.0,-138.0,3.0,-134.0,-96.0,-262.0,106.0
324.0,817.0,-331.0,-138.0,-110.0,-29.0,-71.0,-27.0,-250.0,132.0
319.0,437.0,-261.0,-137.0,-89.0,58.0,-25.0,151.0,-239.0,153.0
310.0,-137.0,-175.0,-141.0,-88.0,93.0,7.0,188.0,-218.0,198.0
288.0,-671.0,-96.0,-138.0,-110.0,20.0,29.0,203.0,-170.0,219.0
255.0,-915.0,-26.0,-131.0,-144.0,95.0,24.0,-103.0,-122.0,239.0
233.0,-824.0,38.0,-137.0,-178.0,184.0,6.0,-201.0,-89.0,289.0
192.0,-530.0,98.0,-149.0,-208.0,201.0,24.0,-225.0,-60.0,325.0
144.0,-150.0,158.0,-148.0,-236.0,218.0,87.0,-157.0,-48.0,359.0
113.0,311.0,232.0,-138.0,-266.0,242.0,129.0,68.0,-28.0,403.0
93.0,853.0,284.0,-116.0,-294.0,235.0,163.0,-24.0,-3.0,464.0
81.0,1445.0,339.0,-62.0,-320.0,137.0,193.0,-20.0,-10.0,505.0
71.0,2031.0,407.0,-3.0,-346.0,92.0,211.0,-35.0,-40.0,479.0
71.0,2424.0,466.0,60.0,-375.0,139.0,229.0,-46.0,-95.0,417.0
57.0,2470.0,512.0,92.0,-398.0,164.0,251.0,-22.0,-165.0,326.0
36.0,2251.0,545.0,93.0,-386.0,95.0,253.0,-64.0,-221.0,172.0
-7.0,1882.0,585.0,104.0,-326.0,96.0,223.0,96.0,-242.0,-12.0
-43.0,1328.0,607.0,83.0,-233.0,181.0,229.0,177.0,-253.0,-168.0
-105.0,590.0,621.0,64.0,-131.0,212.0,253.0,83.0,-282.0,-327.0
-160.0,-236.0,609.0,60.0,-43.0,112.0,291.0,-103.0,-299.0,-467.0
-191.0,-1077.0,605.0,75.0,18.0,127.0,322.0,-160.0,-335.0,-568.0
-217.0,-1915.0,608.0,90.0,53.0,223.0,316.0,-273.0,-393.0,-621.0
-236.0,-2735.0,568.0,83.0,66.0,200.0,283.0,-522.0,-428.0,-612.0
-273.0,-3463.0,534.0,83.0,64.0,228.0,221.0,-363.0,-455.0,-592.0
-278.0,-3973.0,478.0,90.0,60.0,252.0,195.0,-284.0,-440.0,-525.0
-296.0,-4089.0,403.0,130.0,55.0,255.0,205.0,-280.0,-401.0,-415.0
-297.0,-3769.0,350.0,173.0,48.0,188.0,207.0,-129.0,-348.0,-320.0
-296.0,-3133.0,252.0,191.0,43.0,142.0,201.0,-234.0,-288.0,-209.0
-271.0,-2297.0,183.0,210.0,49.0,208.0,227.0,-269.0,-240.0,-79.0
-238.0,-1377.0,113.0,221.0,69.0,225.0,261.0,-190.0,-172.0,30.0
-224.0,-466.0,15.0,217.0,106.0,181.0,252.0,-254.0,-113.0,133.0
-202.0,301.0,-18.0,197.0,158.0,231.0,272.0,-395.0,-70.0,235.0
-200.0,825.0,-105.0,162.0,221.0,261.0,274.0,-323.0,-21.0,358.0
-174.0,1117.0,-136.0,100.0,286.0,202.0,228.0,-236.0,6.0,480.0
-164.0,1328.0,-194.0,46.0,339.0,137.0,241.0,-280.0,18.0,582.0
-147.0,1602.0,-232.0,3.0,372.0,135.0,233.0,-195.0,41.0,724.0
-134.0,1954.0,-220.0,-42.0,375.0,196.0,184.0,-299.0,90.0,864.0
-119.0,2378.0,-287.0,-93.0,354.0,118.0,213.0,-312.0,159.0,984.0
-104.0,2798.0,-241.0,-124.0,327.0,75.0,241.0,-249.0,206.0,1085.0
-97.0,3122.0,-288.0,-129.0,314.0,154.0,241.0,-275.0,238.0,1174.0
-79.0,3308.0,-277.0,-150.0,326.0,166.0,269.0,-59.0,286.0,1246.0
-64.0,3326.0,-242.0,-155.0,347.0,108.0,214.0,25.0,328.0,1257.0
-37.0,3228.0,-285.0,-153.0,359.0,64.0,121.0,173.0,364.0,1277.0
-15.0,3046.0,-226.0,-178.0,343.0,45.0,119.0,258.0,385.0,1268.0
19.0,2760.0,-270.0,-204.0,303.0,63.0,109.0,380.0,388.0,1201.0
21.0,2388.0,-253.0,-226.0,252.0,38.0,74.0,726.0,376.0,1095.0
9.0,1989.0,-253.0,-206.0,188.0,61.0,67.0,639.0,342.0,965.0
11.0,1566.0,-264.0,-144.0,115.0,133.0,71.0,556.0,308.0,831.0
23.0,1064.0,-212.0,-76.0,38.0,64.0,115.0,441.0,286.0,648.0
33.0,418.0,-206.0,-16.0,-22.0,14.0,116.0,310.0,251.0,472.0
32.0,-372.0,-166.0,47.0,-53.0,-3.0,48.0,242.0,216.0,328.0
55.0,-1226.0,-151.0,113.0,-48.0,-14.0,32.0,36.0,179.0,170.0
92.0,-2018.0,-69.0,164.0,-7.0,-95.0,66.0,84.0,115.0,31.0
116.0,-2618.0,-22.0,215.0,57.0,-95.0,59.0,-57.0,50.0,-62.0
85.0,-3004.0,13.0,227.0,124.0,-32.0,3.0,-33.0,-41.0,-141.0
78.0,-3242.0,115.0,222.0,174.0,-75.0,-25.0,212.0,-138.0,-224.0
100.0,-3367.0,168.0,230.0,199.0,-91.0,-40.0,266.0,-238.0,-272.0
110.0,-3362.0,233.0,217.0,187.0,-116.0,-27.0,463.0,-334.0,-284.0
101.0,-3200.0,289.0,225.0,144.0,-112.0,4.0,532.0,-374.0,-281.0
96.0,-2885.0,356.0,228.0,89.0,-66.0,-12.0,550.0,-393.0,-276.0
96.0,-2527.0,389.0,217.0,44.0,16.0,-43.0,395.0,-410.0,-256.0
66.0,-2289.0,426.0,190.0,22.0,62.0,-96.0,186.0,-443.0,-201.0
19.0,-2115.0,462.0,128.0,11.0,62.0,-151.0,153.0,-457.0,-148.0
-18.0,-1820.0,428.0,38.0,-9.0,-3.0,-164.0,5.0,-452.0,-100.0
-10.0,-1329.0,420.0,-92.0,-65.0,-56.0,-163.0,11.0,-435.0,-27.0
-4.0,-697.0,372.0,-178.0,-157.0,-18.0,-166.0,16.0,-383.0,63.0
11.0,26.0,317.0,-244.0,-254.0,-6.0,-162.0,-72.0,-336.0,123.0
15.0,846.0,267.0,-327.0,-330.0,-32.0,-144.0,-107.0,-288.0,173.0
-10.0,1653.0,191.0,-379.0,-369.0,-59.0,-183.0,-145.0,-240.0,214.0
-24.0,2289.0,127.0,-425.0,-371.0,-70.0,-216.0,-129.0,-194.0,220.0
-33.0,2716.0,65.0,-420.0,-343.0,-166.0,-186.0,-62.0,-174.0,201.0
-45.0,2928.0,15.0,-394.0,-306.0,-235.0,-191.0,46.0,-159.0,177.0
-62.0,2889.0,-42.0,-346.0,-282.0,-207.0,-203.0,171.0,-139.0,170.0
-79.0,2646.0,-74.0,-247.0,-266.0,-179.0,-208.0,266.0,-138.0,160.0
-109.0,2315.0,-130.0,-161.0,-233.0,-176.0,-228.0,151.0,-141.0,149.0
-125.0,1920.0,-174.0,-76.0,-160.0,-160.0,-242.0,88.0,-141.0,130.0
-163.0,1457.0,-183.0,11.0,-56.0,-125.0,-238.0,120.0,-109.0,89.0
-215.0,982.0,-219.0,84.0,47.0,-200.0,-224.0,22.0,-72.0,9.0
-273.0,514.0,-249.0,113.0,117.0,-284.0,-241.0,29.0,-52.0,-92.0
-327.0,87.0,-272.0,138.0,150.0,-255.0,-246.0,-112.0,-26.0,-171.0
-375.0,-196.0,-293.0,164.0,162.0,-192.0,-219.0,-221.0,-15.0,-250.0
-441.0,-290.0,-306.0,171.0,168.0,-164.0,-215.0,-116.0,23.0,-316.0
-471.0,-229.0,-297.0,148.0,175.0,-166.0,-239.0,-136.0,103.0,-346.0
-490.0,-101.0,-318.0,81.0,185.0,-118.0,-213.0,-35.0,171.0,-345.0
-509.0,2.0,-308.0,22.0,202.0,-60.0,-162.0,44.0,237.0,-352.0
-509.0,58.0,-301.0,-36.0,214.0,-98.0,-143.0,-5.0,274.0,-362.0
-478.0,31.0,-306.0,-94.0,212.0,-174.0,-105.0,-99.0,268.0,-346.0
-436.0,-144.0,-254.0,-162.0,203.0,-162.0,-96.0,-60.0,247.0,-328.0
-411.0,-427.0,-256.0,-205.0,180.0,-162.0,-104.0,194.0,242.0,-326.0
-382.0,-735.0,-232.0,-223.0,127.0,-212.0,-88.0,186.0,247.0,-320.0
-337.0,-1057.0,-191.0,-250.0,42.0,-191.0,-109.0,118.0,220.0,-285.0
-291.0,-1339.0,-205.0,-238.0,-54.0,-193.0,-93.0,-40.0,181.0,-274.0
-242.0,-1410.0,-161.0,-203.0,-142.0,-157.0,-46.0,-210.0,127.0,-275.0
-174.0,-1217.0,-130.0,-181.0,-218.0,-85.0,-60.0,-131.0,83.0,-256.0
-111.0,-920.0,-118.0,-163.0,-282.0,-12.0,-63.0,-208.0,80.0,-240.0
-46.0,-615.0,-64.0,-148.0,-327.0,42.0,-51.0,-201.0,91.0,-245.0
1.0,-317.0,-42.0,-155.0,-353.0,3.0,-62.0,-225.0,86.0,-258.0
54.0,-58.0,-6.0,-152.0,-366.0,-1.0,-37.0,-291.0,44.0,-267.0
119.0,228.0,29.0,-145.0,-367.0,68.0,4.0,-253.0,3.0,-285.0
157.0,610.0,56.0,-138.0,-355.0,169.0,-2.0,-236.0,0.0,-303.0
197.0,958.0,116.0,-102.0,-329.0,141.0,-9.0,-88.0,22.0,-320.0
249.0,1092.0,155.0,-71.0,-307.0,32.0,29.0,-133.0,26.0,-333.0
306.0,948.0,194.0,-23.0,-295.0,34.0,80.0,-105.0,-5.0,-351.0
361.0,585.0,264.0,43.0,-282.0,68.0,90.0,-84.0,-66.0,-367.0
394.0,162.0,276.0,90.0,-260.0,-4.0,57.0,-36.0,-105.0,-367.0
401.0,-148.0,341.0,119.0,-227.0,-2.0,57.0,184.0,-111.0,-366.0
408.0,-271.0,455.0,141.0,-186.0,73.0,72.0,-12.0,-127.0,-376.0
401.0,-339.0,511.0,155.0,-138.0,91.0,99.0,14.0,-143.0,-405.0
395.0,-543.0,577.0,157.0,-86.0,81.0,127.0,27.0,-148.0,-415.0
402.0,-871.0,636.0,141.0,-35.0,42.0,106.0,-149.0,-162.0,-425.0
427.0,-1084.0,739.0,123.0,11.0,81.0,109.0,-27.0,-191.0,-436.0
474.0,-1032.0,710.0,133.0,51.0,15.0,132.0,-247.0,-210.0,-432.0
515.0,-843.0,749.0,144.0,89.0,-70.0,152.0,-310.0,-240.0,-419.0
557.0,-719.0,787.0,173.0,134.0,-123.0,159.0,-201.0,-290.0,-375.0
565.0,-713.0,693.0,221.0,196.0,-162.0,183.0,-288.0,-354.0,-310.0
557.0,-744.0,760.0,231.0,267.0,-126.0,241.0,-145.0,-420.0,-242.0
519.0,-703.0,640.0,242.0,315.0,-84.0,266.0,-35.0,-461.0,-159.0
478.0,-571.0,514.0,258.0,324.0,37.0,258.0,-31.0,-513.0,-83.0
439.0,-401.0,459.0,274.0,309.0,100.0,264.0,7.0,-560.0,-50.0
380.0,-198.0,324.0,296.0,291.0,121.0,287.0,145.0,-592.0,-15.0
323.0,58.0,168.0,287.0,279.0,112.0,257.0,245.0,-621.0,-1.0
237.0,294.0,33.0,247.0,270.0,110.0,208.0,306.0,-620.0,4.0
162.0,375.0,-37.0,221.0,264.0,16.0,176.0,133.0,-597.0,34.0
99.0,247.0,-223.0,183.0,265.0,-76.0,143.0,-110.0,-533.0,62.0
35.0,-91.0,-337.0,127.0,275.0,-56.0,148.0,-70.0,-441.0,91.0
-52.0,-542.0,-406.0,98.0,287.0,-25.0,113.0,-205.0,-342.0,107.0
-134.0,-905.0,-481.0,28.0,283.0,-47.0,54.0,-101.0,-251.0,135.0
-174.0,-1098.0,-533.0,-59.0,260.0,-84.0,75.0,-73.0,-170.0,160.0
-225.0,-1139.0,-534.0,-114.0,236.0,78.0,107.0,-210.0,-72.0,168.0
-257.0,-1066.0,-510.0,-194.0,221.0,131.0,126.0,-29.0,65.0,190.0
-271.0,-908.0,-567.0,-295.0,212.0,134.0,178.0,-147.0,192.0,209.0
-266.0,-622.0,-626.0,-381.0,200.0,118.0,221.0,-14.0,267.0,212.0
-271.0,-144.0,-683.0,-445.0,184.0,189.0,202.0,258.0,332.0,202.0
-300.0,508.0,-705.0,-519.0,161.0,244.0,183.0,312.0,416.0,184.0
-328.0,1221.0,-719.0,-577.0,127.0,85.0,177.0,469.0,529.0,170.0
-366.0,1885.0,-677.0,-570.0,92.0,84.0,169.0,445.0,625.0,159.0
-400.0,2388.0,-631.0,-544.0,69.0,-9.0,162.0,430.0,665.0,160.0
-429.0,2589.0,-656.0,-505.0,69.0,-111.0,136.0,402.0,673.0,195.0
-419.0,2473.0,-652.0,-411.0,90.0,-135.0,180.0,275.0,649.0,261.0
-390.0,2153.0,-631.0,-304.0,124.0,-91.0,230.0,9.0,588.0,324.0
-370.0,1693.0,-577.0,-177.0,163.0,-22.0,211.0,-44.0,534.0,386.0
-337.0,1079.0,-548.0,-23.0,203.0,-75.0,195.0,142.0,462.0,450.0
-290.0,351.0,-518.0,128.0,222.0,-62.0,170.0,123.0,358.0,497.0
-244.0,-383.0,-437.0,243.0,198.0,-12.0,165.0,254.0,249.0,512.0
-206.0,-968.0,-393.0,323.0,139.0,11.0,177.0,234.0,118.0,502.0
-135.0,-1275.0,-357.0,421.0,68.0,-57.0,174.0,216.0,-2.0,490.0
-62.0,-1362.0,-336.0,485.0,1.0,-118.0,152.0,214.0,-129.0,444.0
7.0,-1349.0,-282.0,501.0,-67.0,-114.0,133.0,-83.0,-272.0,377.0
85.0,-1310.0,-187.0,519.0,-140.0,-141.0,116.0,-29.0,-389.0,303.0
124.0,-1248.0,-127.0,536.0,-206.0,-196.0,121.0,-53.0,-427.0,217.0
140.0,-1150.0,-94.0,481.0,-245.0,-151.0,154.0,-125.0,-434.0,103.0
142.0,-1021.0,-22.0,401.0,-254.0,-39.0,118.0,31.0,-439.0,-44.0
154.0,-788.0,80.0,360.0,-245.0,-31.0,97.0,59.0,-420.0,-159.0
171.0,-368.0,104.0,322.0,-222.0,-77.0,102.0,77.0,-400.0,-269.0
192.0,171.0,142.0,284.0,-194.0,-64.0,30.0,-109.0,-353.0,-364.0
226.0,725.0,207.0,251.0,-173.0,-81.0,-34.0,-319.0,-302.0,-411.0
252.0,1255.0,248.0,245.0,-159.0,-209.0,3.0,-315.0,-222.0,-426.0
274.0,1622.0,299.0,231.0,-138.0,-348.0,71.0,-267.0,-138.0,-409.0
291.0,1702.0,348.0,222.0,-114.0,-426.0,74.0,-249.0,-68.0,-404.0
292.0,1528.0,421.0,202.0,-111.0,-440.0,70.0,-214.0,31.0,-387.0
270.0,1186.0,435.0,176.0,-148.0,-411.0,63.0,-77.0,121.0,-366.0
248.0,773.0,409.0,167.0,-213.0,-318.0,25.0,-68.0,205.0,-373.0
217.0,412.0,431.0,123.0,-273.0,-217.0,-15.0,-221.0,259.0,-386.0
179.0,192.0,436.0,76.0,-314.0,-197.0,-58.0,-474.0,290.0,-398.0
141.0,24.0,444.0,45.0,-333.0,-287.0,-95.0,-404.0,335.0,-386.0
96.0,-217.0,458.0,33.0,-332.0,-287.0,-81.0,-118.0,375.0,-384.0
55.0,-522.0,452.0,27.0,-320.0,-214.0,-49.0,-92.0,371.0,-370.0
36.0,-855.0,469.0,32.0,-305.0,-248.0,-116.0,53.0,337.0,-335.0
27.0,-1209.0,441.0,44.0,-298.0,-230.0,-190.0,77.0,309.0,-317.0
15.0,-1512.0,403.0,18.0,-300.0,-123.0,-179.0,151.0,246.0,-304.0
17.0,-1689.0,399.0,-16.0,-304.0,-85.0,-174.0,277.0,155.0,-295.0
15.0,-1781.0,370.0,-13.0,-306.0,-141.0,-191.0,48.0,57.0,-279.0
7.0,-1831.0,319.0,-53.0,-302.0,-204.0,-218.0,103.0,-48.0,-300.0
-25.0,-1892.0,258.0,-92.0,-291.0,-244.0,-231.0,92.0,-180.0,-339.0
-43.0,-1957.0,193.0,-71.0,-281.0,-271.0,-241.0,-133.0,-339.0,-357.0
-65.0,-1902.0,120.0,-44.0,-277.0,-348.0,-244.0,-195.0,-483.0,-386.0
-95.0,-1647.0,67.0,14.0,-268.0,-374.0,-215.0,-192.0,-612.0,-391.0
-112.0,-1238.0,11.0,49.0,-248.0,-343.0,-195.0,-36.0,-743.0,-376.0
-155.0,-786.0,-35.0,54.0,-226.0,-327.0,-180.0,110.0,-856.0,-354.0
-162.0,-382.0,-58.0,53.0,-207.0,-298.0,-196.0,234.0,-920.0,-338.0
-162.0,-106.0,-80.0,44.0,-179.0,-229.0,-260.0,375.0,-912.0,-330.0
-147.0,-14.0,-116.0,40.0,-131.0,-160.0,-332.0,491.0,-861.0,-294.0
-149.0,-142.0,-137.0,25.0,-68.0,-166.0,-315.0,321.0,-794.0,-280.0
-152.0,-474.0,-143.0,4.0,-6.0,-179.0,-246.0,46.0,-702.0,-287.0
-138.0,-885.0,-157.0,-53.0,47.0,-117.0,-222.0,22.0,-589.0,-291.0
-133.0,-1213.0,-152.0,-139.0,89.0,-51.0,-221.0,0.0,-455.0,-305.0
-98.0,-1311.0,-162.0,-247.0,122.0,-80.0,-219.0,55.0,-307.0,-319.0
-80.0,-1147.0,-180.0,-366.0,146.0,-2.0,-191.0,-70.0,-178.0,-363.0
-37.0,-791.0,-188.0,-492.0,153.0,76.0,-190.0,-145.0,-47.0,-396.0
1.0,-319.0,-209.0,-615.0,141.0,48.0,-219.0,7.0,91.0,-387.0
40.0,148.0,-209.0,-664.0,109.0,-9.0,-201.0,-101.0,225.0,-385.0
73.0,500.0,-182.0,-648.0,61.0,-22.0,-164.0,11.0,351.0,-374.0
87.0,730.0,-149.0,-596.0,20.0,33.0,-180.0,144.0,472.0,-325.0
102.0,893.0,-102.0,-521.0,12.0,-25.0,-199.0,197.0,592.0,-263.0
81.0,1062.0,-52.0,-412.0,48.0,-74.0,-167.0,256.0,703.0,-207.0
73.0,1322.0,-8.0,-323.0,112.0,-77.0,-147.0,83.0,794.0,-136.0
73.0,1665.0,22.0,-275.0,178.0,-104.0,-159.0,282.0,860.0,-30.0
77.0,2007.0,62.0,-228.0,240.0,-111.0,-163.0,321.0,904.0,80.0
74.0,2282.0,86.0,-208.0,300.0,-37.0,-137.0,175.0,939.0,171.0
56.0,2471.0,97.0,-197.0,369.0,0.0,-77.0,262.0,984.0,266.0
45.0,2550.0,122.0,-196.0,449.0,23.0,-28.0,238.0,1002.0,359.0
30.0,2510.0,131.0,-196.0,524.0,43.0,-35.0,362.0,1008.0,411.0
20.0,2380.0,118.0,-169.0,565.0,77.0,-41.0,129.0,995.0,429.0
16.0,2152.0,112.0,-115.0,554.0,149.0,0.0,-70.0,938.0,427.0
4.0,1768.0,96.0,-68.0,501.0,118.0,30.0,166.0,879.0,390.0
-7.0,1191.0,39.0,-14.0,423.0,103.0,38.0,190.0,819.0,282.0
-35.0,517.0,3.0,51.0,315.0,125.0,77.0,229.0,773.0,127.0
-73.0,-98.0,-50.0,83.0,164.0,126.0,106.0,110.0,721.0,-33.0
-102.0,-571.0,-118.0,103.0,-15.0,41.0,124.0,24.0,652.0,-206.0
-128.0,-927.0,-140.0,134.0,-186.0,5.0,157.0,131.0,584.0,-386.0
-123.0,-1200.0,-184.0,167.0,-308.0,18.0,211.0,84.0,486.0,-537.0
-112.0,-1359.0,-238.0,186.0,-374.0,-33.0,275.0,140.0,387.0,-658.0
-96.0,-1444.0,-265.0,215.0,-396.0,-108.0,282.0,280.0,295.0,-760.0
-70.0,-1451.0,-281.0,261.0,-385.0,-64.0,288.0,192.0,181.0,-874.0
-56.0,-1303.0,-317.0,303.0,-357.0,14.0,305.0,1.0,37.0,-951.0
-36.0,-1018.0,-325.0,330.0,-312.0,-7.0,278.0,-3.0,-116.0,-970.0
-18.0,-705.0,-303.0,328.0,-256.0,-5.0,213.0,49.0,-260.0,-1002.0
1.0,-358.0,-299.0,337.0,-192.0,-4.0,193.0,232.0,-393.0,-1019.0
35.0,100.0,-277.0,371.0,-129.0,-28.0,207.0,155.0,-489.0,-994.0
76.0,624.0,-250.0,381.0,-86.0,-223.0,190.0,-131.0,-565.0,-942.0
98.0,1128.0,-225.0,363.0,-60.0,-319.0,191.0,-14.0,-608.0,-907.0
112.0,1501.0,-188.0,335.0,-43.0,-248.0,197.0,-83.0,-626.0,-849.0
148.0,1650.0,-173.0,288.0,-26.0,-134.0,229.0,-97.0,-625.0,-766.0
182.0,1634.0,-139.0,214.0,-8.0,-22.0,286.0,22.0,-579.0,-722.0
207.0,1532.0,-108.0,155.0,12.0,45.0,322.0,55.0,-542.0,-674.0
236.0,1322.0,-110.0,121.0,37.0,117.0,335.0,227.0,-517.0,-633.0
266.0,976.0,-59.0,65.0,64.0,-11.0,323.0,92.0,-494.0,-580.0
285.0,548.0,-4.0,17.0,83.0,-173.0,311.0,20.0,-484.0,-555.0
313.0,160.0,15.0,9.0,96.0,-189.0,303.0,-11.0,-484.0,-546.0
343.0,-126.0,58.0,18.0,117.0,-103.0,301.0,-3.0,-489.0,-490.0
331.0,-302.0,104.0,24.0,150.0,-67.0,301.0,120.0,-465.0,-457.0
324.0,-395.0,140.0,18.0,186.0,-2.0,300.0,-3.0,-397.0,-408.0
348.0,-479.0,151.0,20.0,206.0,52.0,291.0,179.0,-316.0,-349.0
363.0,-626.0,184.0,8.0,201.0,-19.0,288.0,201.0,-211.0,-276.0
335.0,-881.0,152.0,-13.0,189.0,-166.0,289.0,48.0,-93.0,-197.0
296.0,-1151.0,156.0,-24.0,184.0,-208.0,288.0,70.0,21.0,-138.0
265.0,-1310.0,262.0,-44.0,197.0,-105.0,263.0,-66.0,156.0,-48.0
211.0,-1389.0,135.0,-55.0,215.0,-110.0,224.0,-3.0,257.0,32.0
167.0,-1405.0,108.0,-64.0,235.0,-113.0,224.0,-22.0,336.0,99.0
124.0,-1274.0,190.0,-91.0,250.0,-131.0,241.0,94.0,401.0,178.0
90.0,-948.0,80.0,-121.0,243.0,-112.0,287.0,367.0,413.0,287.0
71.0,-452.0,28.0,-145.0,204.0,-124.0,308.0,517.0,400.0,400.0
49.0,169.0,53.0,-143.0,132.0,-85.0,261.0,570.0,364.0,508.0
28.0,838.0,24.0,-159.0,38.0,54.0,239.0,269.0,302.0,638.0
7.0,1338.0,-126.0,-200.0,-78.0,4.0,256.0,190.0,224.0,769.0
-10.0,1506.0,-117.0,-194.0,-207.0,-169.0,263.0,1.0,130.0,874.0
-21.0,1409.0,-78.0,-190.0,-330.0,-242.0,242.0,-214.0,22.0,955.0
-28.0,1137.0,-130.0,-183.0,-427.0,-141.0,236.0,-99.0,-85.0,1022.0
-62.0,739.0,-31.0,-168.0,-483.0,-133.0,253.0,-109.0,-201.0,1040.0
-78.0,346.0,-8.0,-160.0,-502.0,-183.0,253.0,-12.0,-326.0,1012.0
-99.0,20.0,1.0,-135.0,-487.0,-187.0,234.0,27.0,-430.0,946.0
-125.0,-266.0,57.0,-143.0,-446.0,-127.0,234.0,83.0,-491.0,844.0
-129.0,-433.0,84.0,-152.0,-377.0,-119.0,247.0,203.0,-528.0,720.0
-153.0,-404.0,172.0,-156.0,-283.0,-187.0,218.0,301.0,-537.0,584.0
-189.0,-266.0,218.0,-138.0,-173.0,-187.0,186.0,280.0,-517.0,469.0
-244.0,-106.0,295.0,-92.0,-54.0,-171.0,144.0,66.0,-499.0,370.0
-278.0,112.0,362.0,-66.0,62.0,-139.0,121.0,-103.0,-458.0,271.0
-273.0,341.0,375.0,-25.0,157.0,-129.0,158.0,-343.0,-382.0,186.0
-279.0,447.0,445.0,-4.0,216.0,-91.0,171.0,-293.0,-290.0,120.0
-300.0,421.0,488.0,0.0,250.0,-116.0,156.0,-81.0,-217.0,51.0
-287.0,320.0,554.0,9.0,265.0,-219.0,160.0,151.0,-133.0,-8.0
-238.0,160.0,566.0,5.0,257.0,-229.0,179.0,306.0,9.0,-40.0
-183.0,-60.0,550.0,-18.0,229.0,-145.0,157.0,-66.0,182.0,-51.0
-145.0,-266.0,571.0,-48.0,191.0,-171.0,91.0,-245.0,378.0,-37.0
-95.0,-382.0,532.0,-55.0,149.0,-269.0,40.0,-319.0,547.0,-9.0
-23.0,-417.0,546.0,-42.0,99.0,-235.0,4.0,-399.0,679.0,28.0
34.0,-342.0,530.0,34.0,44.0,-129.0,-44.0,-214.0,763.0,64.0
69.0,-157.0,417.0,146.0,-10.0,-131.0,-54.0,-236.0,779.0,85.0
84.0,19.0,313.0,276.0,-57.0,-201.0,-29.0,-86.0,772.0,101.0
127.0,124.0,290.0,420.0,-88.0,-130.0,-29.0,-118.0,737.0,118.0
182.0,245.0,195.0,562.0,-94.0,-84.0,-51.0,-349.0,683.0,131.0
233.0,413.0,36.0,692.0,-78.0,-94.0,-71.0,-264.0,585.0,144.0
265.0,508.0,61.0,791.0,-55.0,-98.0,-49.0,-190.0,442.0,150.0
314.0,509.0,-40.0,891.0,-43.0,-94.0,-32.0,60.0,291.0,153.0
374.0,409.0,-204.0,968.0,-46.0,-49.0,-40.0,210.0,138.0,178.0
392.0,136.0,-183.0,999.0,-36.0,-61.0,-43.0,262.0,3.0,201.0
399.0,-254.0,-265.0,1013.0,12.0,-86.0,-36.0,284.0,-121.0,213.0
419.0,-668.0,-332.0,1016.0,109.0,-66.0,-15.0,123.0,-241.0,245.0
440.0,-1000.0,-398.0,986.0,234.0,-95.0,-12.0,107.0,-326.0,284.0
432.0,-1157.0,-517.0,923.0,366.0,-139.0,-29.0,194.0,-355.0,319.0
439.0,-1206.0,-566.0,836.0,481.0,-156.0,-59.0,341.0,-347.0,351.0
431.0,-1190.0,-626.0,726.0,545.0,-181.0,-61.0,338.0,-330.0,368.0
387.0,-1078.0,-701.0,588.0,548.0,-212.0,-66.0,308.0,-311.0,375.0
317.0,-922.0,-704.0,438.0,499.0,-221.0,-82.0,118.0,-303.0,351.0
235.0,-770.0,-753.0,325.0,408.0,-127.0,-82.0,-73.0,-302.0,303.0
178.0,-550.0,-747.0,193.0,287.0,-90.0,-66.0,16.0,-309.0,268.0
104.0,-225.0,-674.0,54.0,152.0,-129.0,-21.0,-16.0,-321.0,223.0
42.0,171.0,-756.0,-48.0,25.0,-131.0,4.0,243.0,-309.0,195.0
-22.0,608.0,-622.0,-127.0,-76.0,-92.0,1.0,443.0,-255.0,175.0
-91.0,966.0,-523.0,-180.0,-144.0,-137.0,-12.0,471.0,-201.0,169.0
-148.0,1137.0,-557.0,-225.0,-183.0,-276.0,-48.0,519.0,-148.0,182.0
-215.0,1193.0,-447.0,-246.0,-196.0,-245.0,-93.0,157.0,-57.0,177.0
-296.0,1222.0,-293.0,-262.0,-196.0,-162.0,-135.0,35.0,49.0,207.0
-368.0,1181.0,-214.0,-280.0,-195.0,-202.0,-135.0,55.0,149.0,250.0
-413.0,1036.0,-211.0,-269.0,-200.0,-268.0,-59.0,0.0,243.0,294.0
-470.0,868.0,-34.0,-245.0,-210.0,-221.0,20.0,90.0,332.0,337.0
-502.0,737.0,34.0,-250.0,-214.0,-149.0,79.0,22.0,405.0,391.0
-520.0,635.0,64.0,-292.0,-222.0,-148.0,113.0,14.0,467.0,449.0
-524.0,464.0,167.0,-337.0,-239.0,-171.0,85.0,-14.0,518.0,473.0
-516.0,95.0,302.0,-357.0,-260.0,-114.0,32.0,-51.0,520.0,521.0
-497.0,-433.0,370.0,-349.0,-277.0,-78.0,-13.0,33.0,490.0,553.0
-445.0,-962.0,415.0,-352.0,-278.0,-217.0,7.0,22.0,475.0,545.0
-377.0,-1410.0,523.0,-355.0,-259.0,-256.0,52.0,-70.0,454.0,523.0
-304.0,-1723.0,550.0,-343.0,-225.0,-139.0,78.0,-254.0,416.0,472.0
-231.0,-1817.0,630.0,-318.0,-181.0,-56.0,93.0,-297.0,378.0,396.0
-153.0,-1649.0,621.0,-280.0,-130.0,-74.0,86.0,-264.0,340.0,280.0
-101.0,-1302.0,729.0,-228.0,-87.0,-133.0,75.0,-72.0,326.0,152.0
-46.0,-871.0,715.0,-165.0,-66.0,-165.0,60.0,109.0,316.0,38.0
-25.0,-348.0,657.0,-122.0,-63.0,-216.0,51.0,-11.0,272.0,-76.0
-15.0,189.0,689.0,-114.0,-72.0,-195.0,67.0,-92.0,209.0,-200.0
14.0,620.0,602.0,-113.0,-87.0,-93.0,118.0,-216.0,122.0,-301.0
43.0,953.0,548.0,-107.0,-101.0,-78.0,166.0,-175.0,50.0,-385.0
102.0,1201.0,356.0,-123.0,-113.0,-61.0,202.0,-46.0,-9.0,-479.0
166.0,1227.0,354.0,-131.0,-110.0,-74.0,205.0,232.0,-60.0,-565.0
241.0,1021.0,220.0,-142.0,-86.0,-85.0,201.0,598.0,-78.0,-642.0
294.0,741.0,40.0,-159.0,-43.0,-73.0,217.0,554.0,-68.0,-724.0
353.0,367.0,99.0,-155.0,20.0,-164.0,203.0,373.0,-19.0,-797.0
409.0,-26.0,-58.0,-114.0,98.0,-112.0,180.0,-12.0,55.0,-827.0
458.0,-245.0,-113.0,-52.0,168.0,-39.0,149.0,-133.0,159.0,-823.0
518.0,-276.0,-135.0,-11.0,205.0,-58.0,141.0,-53.0,271.0,-786.0
550.0,-215.0,-194.0,42.0,205.0,-179.0,177.0,-221.0,350.0,-727.0
615.0,-179.0,-228.0,75.0,185.0,-313.0,201.0,-51.0,422.0,-659.0
659.0,-156.0,-257.0,51.0,167.0,-292.0,244.0,42.0,470.0,-587.0
669.0,-37.0,-289.0,19.0,154.0,-265.0,313.0,62.0,489.0,-546.0
667.0,153.0,-384.0,-54.0,147.0,-268.0,320.0,279.0,495.0,-520.0
664.0,246.0,-342.0,-176.0,141.0,-254.0,273.0,306.0,471.0,-493.0
656.0,122.0,-387.0,-286.0,136.0,-201.0,219.0,201.0,424.0,-489.0
626.0,-205.0,-403.0,-382.0,131.0,-229.0,215.0,-35.0,359.0,-499.0
597.0,-648.0,-351.0,-480.0,124.0,-206.0,270.0,-212.0,242.0,-494.0
568.0,-1053.0,-418.0,-565.0,116.0,-145.0,297.0,-219.0,112.0,-483.0
550.0,-1314.0,-406.0,-616.0,98.0,-141.0,313.0,-101.0,13.0,-478.0
520.0,-1443.0,-403.0,-598.0,72.0,-185.0,302.0,53.0,-83.0,-455.0
487.0,-1476.0,-408.0,-521.0,48.0,-209.0,268.0,149.0,-177.0,-415.0
444.0,-1399.0,-372.0,-422.0,31.0,-169.0,235.0,214.0,-279.0,-358.0
375.0,-1194.0,-357.0,-276.0,23.0,-237.0,222.0,173.0,-387.0,-295.0
312.0,-915.0,-358.0,-108.0,23.0,-266.0,254.0,169.0,-485.0,-217.0
238.0,-635.0,-367.0,65.0,24.0,-196.0,263.0,-55.0,-578.0,-113.0
164.0,-314.0,-355.0,240.0,18.0,-57.0,261.0,-188.0,-643.0,-54.0
84.0,90.0,-349.0,359.0,1.0,-45.0,233.0,42.0,-676.0,-29.0
-14.0,458.0,-358.0,439.0,-24.0,-133.0,201.0,49.0,-711.0,-18.0
-109.0,654.0,-359.0,493.0,-49.0,-170.0,201.0,79.0,-757.0,-56.0
-205.0,731.0,-372.0,501.0,-60.0,-225.0,191.0,-27.0,-786.0,-147.0
-297.0,714.0,-395.0,424.0,-52.0,-267.0,183.0,-184.0,-805.0,-273.0
-365.0,550.0,-407.0,300.0,-29.0,-235.0,169.0,-153.0,-801.0,-384.0
-432.0,287.0,-357.0,161.0,2.0,-140.0,175.0,-339.0,-750.0,-498.0
-492.0,-42.0,-339.0,-20.0,39.0,-134.0,201.0,-363.0,-692.0,-628.0
-554.0,-387.0,-297.0,-178.0,68.0,-128.0,241.0,-214.0,-636.0,-664.0
-644.0,-616.0,-244.0,-276.0,87.0,-127.0,279.0,-68.0,-573.0,-652.0
-717.0,-632.0,-232.0,-339.0,106.0,-89.0,277.0,60.0,-473.0,-609.0
-757.0,-480.0,-137.0,-343.0,133.0,-81.0,266.0,125.0,-324.0,-467.0
-812.0,-268.0,-126.0,-308.0,169.0,-152.0,251.0,142.0,-172.0,-280.0
-868.0,17.0,-76.0,-272.0,204.0,-127.0,241.0,72.0,-24.0,-57.0
-876.0,383.0,-26.0,-205.0,229.0,-96.0,236.0,75.0,121.0,132.0
-846.0,721.0,-39.0,-139.0,247.0,-86.0,230.0,-51.0,259.0,293.0
-809.0,938.0,31.0,-67.0,253.0,-143.0,263.0,-105.0,394.0,469.0
-788.0,1007.0,49.0,23.0,234.0,-169.0,286.0,-121.0,530.0,593.0
-730.0,929.0,101.0,88.0,190.0,-161.0,272.0,-242.0,642.0,680.0
-639.0,688.0,112.0,177.0,131.0,-248.0,285.0,-160.0,726.0,745.0
-597.0,343.0,144.0,274.0,80.0,-267.0,285.0,-288.0,802.0,819.0
-560.0,14.0,202.0,352.0,40.0,-167.0,252.0,-264.0,850.0,867.0
-522.0,-285.0,208.0,439.0,11.0,-86.0,213.0,-158.0,888.0,896.0
-479.0,-566.0,277.0,503.0,-11.0,-118.0,186.0,-439.0,909.0,972.0
-439.0,-788.0,271.0,563.0,-40.0,-212.0,188.0,-412.0,892.0,1024.0
-417.0,-863.0,346.0,632.0,-77.0,-200.0,203.0,-332.0,815.0,1045.0
-379.0,-743.0,416.0,629.0,-134.0,-171.0,207.0,-247.0,674.0,1056.0
-348.0,-531.0,444.0,575.0,-204.0,-238.0,220.0,5.0,530.0,1071.0
-313.0,-326.0,579.0,528.0,-273.0,-252.0,243.0,116.0,381.0,1064.0
-295.0,-77.0,625.0,465.0,-335.0,-197.0,251.0,0.0,237.0,1016.0
-275.0,288.0,687.0,392.0,-384.0,-214.0,271.0,-262.0,126.0,981.0
-244.0,652.0,746.0,346.0,-421.0,-214.0,252.0,-225.0,24.0,949.0
-221.0,810.0,770.0,310.0,-447.0,-130.0,204.0,-107.0,-59.0,908.0
-184.0,722.0,819.0,269.0,-468.0,-132.0,171.0,232.0,-96.0,879.0
-153.0,530.0,796.0,267.0,-482.0,-198.0,191.0,452.0,-75.0,883.0
-86.0,348.0,792.0,268.0,-499.0,-241.0,257.0,216.0,3.0,883.0
-24.0,216.0,784.0,275.0,-508.0,-166.0,283.0,138.0,120.0,861.0
42.0,132.0,721.0,319.0,-491.0,-128.0,286.0,-121.0,240.0,840.0
122.0,36.0,681.0,325.0,-447.0,-219.0,256.0,-273.0,351.0,805.0
222.0,-46.0,617.0,300.0,-387.0,-242.0,208.0,-275.0,464.0,741.0
348.0,-119.0,573.0,250.0,-327.0,-217.0,217.0,-177.0,577.0,636.0
430.0,-299.0,510.0,191.0,-272.0,-227.0,274.0,166.0,643.0,520.0
508.0,-568.0,407.0,159.0,-230.0,-306.0,292.0,129.0,662.0,395.0
542.0,-760.0,337.0,93.0,-194.0,-271.0,279.0,-38.0,636.0,260.0
562.0,-758.0,221.0,24.0,-155.0,-194.0,243.0,-182.0,543.0,136.0
587.0,-557.0,112.0,-27.0,-111.0,-230.0,229.0,-212.0,442.0,48.0
585.0,-231.0,19.0,-74.0,-59.0,-208.0,282.0,-101.0,347.0,-2.0
588.0,80.0,-74.0,-90.0,-12.0,-133.0,302.0,138.0,263.0,-29.0
599.0,257.0,-162.0,-88.0,18.0,-106.0,313.0,473.0,190.0,-12.0
628.0,259.0,-230.0,-46.0,38.0,-171.0,277.0,473.0,116.0,24.0
619.0,68.0,-258.0,9.0,55.0,-206.0,208.0,360.0,81.0,78.0
593.0,-298.0,-286.0,49.0,77.0,-108.0,182.0,60.0,55.0,136.0
559.0,-725.0,-269.0,92.0,105.0,-89.0,151.0,-144.0,38.0,190.0
511.0,-1044.0,-289.0,107.0,134.0,-169.0,130.0,-166.0,18.0,245.0
456.0,-1199.0,-291.0,94.0,165.0,-204.0,116.0,-291.0,-33.0,278.0
400.0,-1185.0,-264.0,82.0,195.0,-172.0,129.0,12.0,-66.0,288.0
370.0,-900.0,-293.0,95.0,219.0,-143.0,153.0,181.0,-74.0,271.0
323.0,-407.0,-275.0,121.0,238.0,-215.0,177.0,16.0,-54.0,221.0
261.0,91.0,-291.0,127.0,248.0,-158.0,216.0,-158.0,-36.0,124.0
204.0,573.0,-298.0,119.0,240.0,-114.0,233.0,-373.0,-32.0,-5.0
175.0,1029.0,-285.0,124.0,206.0,-190.0,230.0,-238.0,-39.0,-165.0
144.0,1313.0,-319.0,119.0,145.0,-173.0,213.0,-112.0,-64.0,-332.0
81.0,1431.0,-310.0,85.0,65.0,-146.0,195.0,-151.0,-105.0,-477.0
32.0,1539.0,-310.0,34.0,-19.0,-153.0,185.0,-194.0,-174.0,-596.0
10.0,1593.0,-319.0,-21.0,-93.0,-210.0,186.0,-29.0,-228.0,-682.0
-18.0,1454.0,-310.0,-98.0,-141.0,-208.0,182.0,206.0,-247.0,-741.0
-74.0,1111.0,-308.0,-193.0,-151.0,-133.0,148.0,195.0,-242.0,-774.0
-109.0,617.0,-303.0,-279.0,-126.0,-179.0,119.0,42.0,-240.0,-785.0
-138.0,4.0,-307.0,-384.0,-84.0,-269.0,101.0,-426.0,-252.0,-784.0
-185.0,-605.0,-307.0,-438.0,-48.0,-256.0,71.0,-380.0,-278.0,-795.0
-246.0,-1036.0,-301.0,-447.0,-17.0,-245.0,51.0,-35.0,-319.0,-800.0
-308.0,-1246.0,-277.0,-462.0,18.0,-275.0,63.0,-3.0,-343.0,-783.0
-346.0,-1254.0,-230.0,-447.0,56.0,-269.0,95.0,247.0,-355.0,-790.0
-402.0,-1087.0,-188.0,-422.0,93.0,-174.0,102.0,120.0,-351.0,-804.0
-466.0,-810.0,-116.0,-375.0,131.0,-158.0,85.0,11.0,-301.0,-819.0
-491.0,-454.0,-63.0,-311.0,181.0,-270.0,59.0,48.0,-218.0,-840.0
-497.0,-108.0,-22.0,-203.0,245.0,-281.0,28.0,-116.0,-144.0,-852.0
-506.0,95.0,38.0,-103.0,319.0,-251.0,0.0,110.0,-60.0,-883.0
-516.0,119.0,45.0,-29.0,388.0,-232.0,-28.0,373.0,37.0,-904.0
-483.0,-15.0,84.0,56.0,441.0,-191.0,-51.0,517.0,131.0,-927.0
-440.0,-238.0,101.0,98.0,477.0,-146.0,-69.0,452.0,220.0,-968.0
-404.0,-469.0,79.0,134.0,493.0,-158.0,-76.0,188.0,271.0,-1020.0
-350.0,-671.0,101.0,170.0,489.0,-260.0,-84.0,1.0,304.0,-1073.0
-301.0,-752.0,81.0,194.0,464.0,-340.0,-70.0,12.0,332.0,-1113.0
-234.0,-665.0,85.0,211.0,425.0,-287.0,-20.0,51.0,346.0,-1165.0
-164.0,-548.0,119.0,215.0,381.0,-244.0,17.0,-44.0,339.0,-1204.0
-91.0,-457.0,136.0,219.0,335.0,-341.0,28.0,36.0,282.0,-1232.0
-33.0,-279.0,161.0,173.0,285.0,-406.0,-24.0,-131.0,201.0,-1253.0
26.0,9.0,179.0,54.0,228.0,-419.0,-113.0,-144.0,129.0,-1251.0
94.0,360.0,196.0,-87.0,162.0,-475.0,-169.0,123.0,85.0,-1225.0
148.0,724.0,217.0,-248.0,91.0,-563.0,-202.0,36.0,87.0,-1184.0
211.0,1014.0,255.0,-435.0,12.0,-528.0,-213.0,171.0,120.0,-1153.0
260.0,1196.0,279.0,-611.0,-73.0,-441.0,-186.0,151.0,159.0,-1117.0
298.0,1399.0,311.0,-745.0,-158.0,-463.0,-157.0,0.0,214.0,-1062.0
344.0,1679.0,343.0,-835.0,-221.0,-495.0,-149.0,133.0,278.0,-1017.0
403.0,1854.0,348.0,-861.0,-250.0,-449.0,-147.0,134.0,323.0,-967.0
436.0,1763.0,362.0,-806.0,-254.0,-396.0,-159.0,166.0,370.0,-893.0
456.0,1333.0,353.0,-690.0,-238.0,-450.0,-178.0,166.0,432.0,-812.0
462.0,687.0,349.0,-521.0,-207.0,-457.0,-208.0,203.0,479.0,-729.0
461.0,118.0,345.0,-333.0,-171.0,-394.0,-232.0,271.0,511.0,-647.0
461.0,-235.0,338.0,-154.0,-138.0,-412.0,-222.0,327.0,539.0,-568.0
460.0,-346.0,326.0,38.0,-108.0,-480.0,-233.0,452.0,541.0,-482.0
485.0,-274.0,302.0,207.0,-81.0,-427.0,-250.0,434.0,545.0,-394.0
487.0,-119.0,301.0,339.0,-58.0,-330.0,-252.0,412.0,552.0,-312.0
505.0,126.0,283.0,429.0,-41.0,-366.0,-230.0,317.0,544.0,-223.0
525.0,411.0,275.0,466.0,-36.0,-398.0,-198.0,400.0,526.0,-130.0
536.0,603.0,280.0,482.0,-49.0,-361.0,-163.0,509.0,471.0,-52.0
530.0,621.0,268.0,465.0,-83.0,-314.0,-141.0,375.0,420.0,29.0
499.0,411.0,257.0,425.0,-136.0,-322.0,-148.0,380.0,358.0,120.0
470.0,2.0,244.0,387.0,-193.0,-318.0,-156.0,330.0,284.0,219.0
422.0,-416.0,257.0,344.0,-241.0,-284.0,-183.0,315.0,245.0,308.0
375.0,-694.0,273.0,294.0,-267.0,-296.0,-204.0,194.0,209.0,411.0
322.0,-886.0,276.0,253.0,-262.0,-332.0,-244.0,160.0,160.0,547.0
274.0,-1075.0,308.0,232.0,-238.0,-286.0,-293.0,266.0,98.0,677.0
239.0,-1282.0,320.0,217.0,-213.0,-170.0,-308.0,149.0,44.0,817.0
192.0,-1454.0,342.0,226.0,-195.0,-119.0,-311.0,205.0,6.0,977.0
128.0,-1508.0,366.0,219.0,-182.0,-68.0,-257.0,64.0,-23.0,1118.0
75.0,-1364.0,375.0,235.0,-171.0,11.0,-173.0,11.0,-57.0,1252.0
19.0,-959.0,395.0,270.0,-158.0,15.0,-120.0,134.0,-100.0,1370.0
-22.0,-367.0,390.0,266.0,-137.0,-50.0,-95.0,35.0,-131.0,1480.0
-45.0,239.0,398.0,283.0,-112.0,-4.0,-95.0,149.0,-152.0,1583.0
-50.0,707.0,359.0,294.0,-92.0,142.0,-80.0,188.0,-180.0,1671.0
-36.0,1018.0,343.0,312.0,-78.0,200.0,-54.0,258.0,-205.0,1773.0
-19.0,1308.0,314.0,328.0,-73.0,110.0,-60.0,177.0,-242.0,1863.0
5.0,1618.0,255.0,319.0,-80.0,58.0,-75.0,-225.0,-293.0,1956.0
18.0,1745.0,238.0,338.0,-94.0,158.0,-70.0,-266.0,-346.0,2024.0
39.0,1556.0,179.0,346.0,-109.0,181.0,-74.0,-219.0,-402.0,2055.0
45.0,1279.0,145.0,373.0,-116.0,160.0,-73.0,-240.0,-464.0,2080.0
63.0,1136.0,101.0,411.0,-112.0,243.0,-51.0,-338.0,-555.0,2061.0
58.0,1100.0,96.0,453.0,-102.0,356.0,-20.0,-445.0,-641.0,2027.0
40.0,1057.0,110.0,495.0,-89.0,398.0,4.0,-254.0,-709.0,1991.0
40.0,875.0,109.0,496.0,-70.0,341.0,23.0,-35.0,-747.0,1941.0
-6.0,542.0,164.0,498.0,-37.0,312.0,54.0,144.0,-751.0,1890.0
-28.0,215.0,182.0,479.0,7.0,344.0,91.0,327.0,-736.0,1831.0
-53.0,49.0,213.0,401.0,54.0,375.0,105.0,434.0,-668.0,1751.0
-55.0,68.0,253.0,317.0,98.0,446.0,115.0,312.0,-584.0,1667.0
-65.0,137.0,271.0,219.0,141.0,490.0,132.0,206.0,-485.0,1579.0
-71.0,168.0,283.0,57.0,185.0,402.0,119.0,256.0,-360.0,1473.0
-42.0,225.0,292.0,-95.0,221.0,297.0,89.0,84.0,-242.0,1364.0
-36.0,266.0,275.0,-221.0,249.0,331.0,55.0,-129.0,-135.0,1240.0
-2.0,82.0,241.0,-335.0,258.0,515.0,30.0,-279.0,-51.0,1092.0
-12.0,-288.0,202.0,-390.0,243.0,576.0,39.0,-24.0,0.0,918.0
-8.0,-584.0,117.0,-396.0,211.0,438.0,60.0,330.0,17.0,717.0
23.0,-737.0,42.0,-381.0,177.0,329.0,96.0,258.0,9.0,470.0
50.0,-819.0,-46.0,-358.0,159.0,356.0,120.0,327.0,-8.0,225.0
85.0,-878.0,-129.0,-316.0,162.0,395.0,104.0,245.0,-46.0,-18.0
151.0,-924.0,-218.0,-266.0,176.0,375.0,88.0,164.0,-100.0,-270.0
238.0,-929.0,-312.0,-213.0,190.0,398.0,74.0,160.0,-165.0,-460.0
292.0,-889.0,-353.0,-159.0,185.0,422.0,54.0,62.0,-273.0,-624.0
347.0,-756.0,-411.0,-106.0,155.0,390.0,49.0,177.0,-382.0,-770.0
379.0,-500.0,-446.0,-56.0,110.0,325.0,49.0,153.0,-465.0,-868.0
413.0,-200.0,-453.0,-42.0,58.0,358.0,35.0,194.0,-521.0,-931.0
382.0,80.0,-466.0,-57.0,12.0,409.0,-1.0,201.0,-528.0,-988.0
340.0,353.0,-452.0,-94.0,-22.0,395.0,-31.0,238.0,-504.0,-1059.0
327.0,583.0,-437.0,-173.0,-50.0,390.0,-24.0,199.0,-433.0,-1114.0
269.0,745.0,-416.0,-256.0,-69.0,427.0,-14.0,22.0,-352.0,-1171.0
217.0,908.0,-386.0,-290.0,-85.0,461.0,-20.0,190.0,-246.0,-1239.0
135.0,1044.0,-360.0,-307.0,-97.0,411.0,-23.0,288.0,-126.0,-1313.0
78.0,1111.0,-326.0,-311.0,-104.0,364.0,-50.0,463.0,-9.0,-1363.0
24.0,1146.0,-264.0,-267.0,-96.0,313.0,-68.0,445.0,126.0,-1386.0
-58.0,1105.0,-229.0,-188.0,-63.0,260.0,-54.0,267.0,240.0,-1414.0
-127.0,920.0,-188.0,-103.0,-16.0,266.0,-63.0,214.0,322.0,-1397.0
-179.0,593.0,-135.0,6.0,20.0,332.0,-86.0,-53.0,385.0,-1355.0
-212.0,212.0,-109.0,140.0,41.0,415.0,-137.0,-79.0,443.0,-1318.0
-266.0,-171.0,-86.0,228.0,57.0,421.0,-172.0,-230.0,498.0,-1264.0
-298.0,-574.0,-81.0,275.0,73.0,346.0,-195.0,-360.0,549.0,-1185.0
-310.0,-980.0,-54.0,290.0,87.0,375.0,-207.0,-164.0,593.0,-1094.0
-298.0,-1327.0,-44.0,256.0,93.0,458.0,-190.0,-147.0,616.0,-1045.0
-285.0,-1513.0,-17.0,163.0,98.0,490.0,-196.0,83.0,579.0,-998.0
-255.0,-1469.0,20.0,42.0,107.0,450.0,-192.0,133.0,496.0,-930.0
-205.0,-1267.0,39.0,-55.0,106.0,315.0,-200.0,-46.0,391.0,-883.0
-167.0,-1043.0,83.0,-155.0,97.0,241.0,-218.0,-48.0,274.0,-839.0
-129.0,-752.0,105.0,-234.0,87.0,204.0,-223.0,-79.0,178.0,-771.0
-107.0,-290.0,149.0,-311.0,82.0,217.0,-228.0,51.0,78.0,-657.0
-61.0,233.0,187.0,-365.0,78.0,290.0,-229.0,-25.0,-27.0,-529.0
-32.0,625.0,222.0,-372.0,69.0,319.0,-264.0,-158.0,-132.0,-381.0
5.0,788.0,268.0,-371.0,55.0,302.0,-300.0,-242.0,-216.0,-205.0
60.0,818.0,304.0,-338.0,42.0,318.0,-327.0,-338.0,-272.0,-30.0
109.0,811.0,345.0,-300.0,31.0,300.0,-335.0,-112.0,-310.0,118.0
174.0,745.0,382.0,-249.0,21.0,297.0,-297.0,-158.0,-320.0,244.0
235.0,745.0,420.0,-190.0,12.0,323.0,-271.0,-267.0,-337.0,369.0
280.0,909.0,449.0,-155.0,-4.0,307.0,-260.0,-240.0,-357.0,464.0
327.0,1057.0,479.0,-139.0,-26.0,333.0,-268.0,-173.0,-358.0,521.0
385.0,1056.0,490.0,-138.0,-39.0,323.0,-311.0,-169.0,-347.0,553.0
381.0,1022.0,497.0,-137.0,-38.0,382.0,-342.0,-299.0,-328.0,574.0
385.0,993.0,507.0,-133.0,-29.0,436.0,-349.0,-64.0,-282.0,559.0
410.0,850.0,471.0,-124.0,-27.0,398.0,-314.0,-16.0,-205.0,509.0
428.0,621.0,423.0,-79.0,-29.0,336.0,-241.0,-149.0,-119.0,482.0
455.0,403.0,397.0,-1.0,-27.0,348.0,-210.0,-138.0,-27.0,473.0
447.0,106.0,338.0,67.0,-32.0,417.0,-229.0,-243.0,41.0,467.0
444.0,-284.0,287.0,131.0,-47.0,409.0,-252.0,-402.0,80.0,507.0
463.0,-600.0,252.0,202.0,-64.0,411.0,-239.0,-473.0,78.0,573.0
460.0,-868.0,222.0,268.0,-77.0,457.0,-207.0,-314.0,30.0,647.0
428.0,-1178.0,201.0,287.0,-83.0,517.0,-168.0,-214.0,-46.0,737.0
408.0,-1384.0,162.0,264.0,-88.0,452.0,-143.0,-273.0,-165.0,818.0
391.0,-1347.0,151.0,215.0,-99.0,394.0,-153.0,-463.0,-288.0,913.0
348.0,-1125.0,105.0,141.0,-121.0,398.0,-172.0,-585.0,-384.0,974.0
294.0,-736.0,70.0,58.0,-154.0,459.0,-207.0,-521.0,-470.0,994.0
248.0,-219.0,42.0,-28.0,-188.0,473.0,-239.0,-441.0,-531.0,1027.0
214.0,141.0,-21.0,-86.0,-207.0,509.0,-249.0,-194.0,-557.0,1034.0
191.0,210.0,-46.0,-103.0,-196.0,607.0,-242.0,-251.0,-552.0,1044.0
170.0,181.0,-92.0,-99.0,-155.0,553.0,-239.0,-532.0,-524.0,1060.0
167.0,129.0,-152.0,-91.0,-99.0,577.0,-238.0,-509.0,-475.0,1098.0
188.0,-34.0,-170.0,-41.0,-37.0,552.0,-235.0,-447.0,-393.0,1172.0
220.0,-285.0,-190.0,38.0,20.0,544.0,-206.0,-303.0,-298.0,1221.0
268.0,-579.0,-224.0,99.0,71.0,490.0,-152.0,-173.0,-196.0,1284.0
301.0,-875.0,-226.0,142.0,113.0,453.0,-114.0,-147.0,-97.0,1367.0
310.0,-1045.0,-229.0,180.0,132.0,534.0,-116.0,-199.0,-19.0,1425.0
344.0,-1051.0,-225.0,220.0,126.0,523.0,-131.0,-240.0,44.0,1454.0
390.0,-984.0,-207.0,231.0,96.0,596.0,-108.0,-234.0,93.0,1467.0
401.0,-951.0,-198.0,214.0,56.0,636.0,-107.0,-452.0,140.0,1451.0
438.0,-897.0,-176.0,168.0,21.0,726.0,-106.0,-256.0,186.0,1383.0
461.0,-660.0,-169.0,108.0,-5.0,736.0,-124.0,72.0,229.0,1292.0
457.0,-333.0,-162.0,78.0,-27.0,626.0,-153.0,5.0,258.0,1172.0
450.0,-183.0,-147.0,86.0,-41.0,580.0,-147.0,-94.0,251.0,1030.0
411.0,-241.0,-165.0,121.0,-43.0,542.0,-174.0,-273.0,231.0,898.0
353.0,-312.0,-186.0,166.0,-34.0,500.0,-165.0,-199.0,216.0,754.0
303.0,-268.0,-196.0,220.0,-27.0,417.0,-157.0,-205.0,196.0,614.0
269.0,-109.0,-207.0,290.0,-25.0,442.0,-178.0,-190.0,162.0,480.0
222.0,118.0,-241.0,325.0,-21.0,530.0,-197.0,14.0,124.0,332.0
176.0,356.0,-263.0,336.0,-8.0,537.0,-239.0,36.0,80.0,198.0
143.0,627.0,-280.0,347.0,11.0,489.0,-262.0,114.0,44.0,73.0
138.0,931.0,-321.0,300.0,29.0,367.0,-255.0,-3.0,28.0,-50.0
116.0,1119.0,-307.0,231.0,39.0,258.0,-210.0,83.0,14.0,-172.0
99.0,1147.0,-355.0,144.0,48.0,231.0,-177.0,238.0,10.0,-268.0
103.0,1141.0,-363.0,10.0,59.0,254.0,-172.0,49.0,8.0,-351.0
111.0,1144.0,-351.0,-121.0,67.0,354.0,-191.0,-12.0,20.0,-444.0
129.0,1120.0,-410.0,-224.0,74.0,291.0,-223.0,96.0,27.0,-538.0
131.0,1046.0,-376.0,-327.0,80.0,250.0,-231.0,212.0,26.0,-646.0
134.0,915.0,-373.0,-411.0,84.0,348.0,-254.0,-35.0,42.0,-765.0
124.0,807.0,-375.0,-489.0,77.0,390.0,-270.0,-38.0,57.0,-888.0
143.0,735.0,-352.0,-545.0,63.0,399.0,-247.0,120.0,81.0,-990.0
117.0,523.0,-322.0,-521.0,54.0,306.0,-225.0,144.0,116.0,-1098.0
100.0,147.0,-290.0,-458.0,60.0,378.0,-236.0,404.0,176.0,-1207.0
116.0,-240.0,-262.0,-399.0,86.0,381.0,-230.0,147.0,241.0,-1272.0
98.0,-623.0,-193.0,-346.0,120.0,267.0,-201.0,160.0,282.0,-1321.0
77.0,-964.0,-185.0,-301.0,144.0,294.0,-202.0,618.0,312.0,-1347.0
29.0,-1148.0,-141.0,-272.0,149.0,393.0,-219.0,521.0,314.0,-1346.0
15.0,-1137.0,-105.0,-264.0,140.0,530.0,-282.0,144.0,299.0,-1320.0
-19.0,-973.0,-115.0,-279.0,131.0,449.0,-324.0,-295.0,264.0,-1286.0
-57.0,-711.0,-86.0,-296.0,124.0,390.0,-331.0,-328.0,201.0,-1253.0
-102.0,-349.0,-117.0,-283.0,132.0,430.0,-341.0,-186.0,109.0,-1190.0
-155.0,133.0,-122.0,-253.0,160.0,390.0,-320.0,-16.0,12.0,-1125.0
-200.0,725.0,-128.0,-187.0,193.0,429.0,-299.0,83.0,-84.0,-1058.0
-251.0,1256.0,-163.0,-93.0,215.0,479.0,-276.0,-140.0,-181.0,-970.0
-275.0,1497.0,-169.0,-16.0,200.0,418.0,-270.0,-142.0,-256.0,-888.0
-304.0,1401.0,-209.0,54.0,143.0,300.0,-260.0,-107.0,-308.0,-814.0
-297.0,1082.0,-218.0,122.0,65.0,231.0,-241.0,-153.0,-343.0,-751.0
-296.0,731.0,-232.0,173.0,-17.0,293.0,-255.0,-347.0,-376.0,-685.0
-284.0,396.0,-268.0,221.0,-88.0,276.0,-297.0,-570.0,-393.0,-621.0
-248.0,-26.0,-259.0,273.0,-137.0,175.0,-352.0,-395.0,-372.0,-576.0
-200.0,-541.0,-271.0,297.0,-170.0,275.0,-401.0,-22.0,-343.0,-553.0
-159.0,-984.0,-285.0,271.0,-192.0,400.0,-417.0,83.0,-306.0,-548.0
-122.0,-1241.0,-258.0,225.0,-200.0,424.0,-393.0,-129.0,-259.0,-560.0
-65.0,-1333.0,-262.0,184.0,-196.0,381.0,-371.0,-138.0,-206.0,-607.0
-6.0,-1259.0,-252.0,122.0,-182.0,387.0,-370.0,-249.0,-129.0,-663.0
38.0,-1054.0,-234.0,36.0,-178.0,390.0,-376.0,-345.0,-39.0,-710.0
60.0,-758.0,-240.0,-30.0,-193.0,251.0,-375.0,-157.0,47.0,-764.0
114.0,-343.0,-192.0,-85.0,-222.0,226.0,-381.0,-412.0,125.0,-838.0
146.0,163.0,-178.0,-112.0,-253.0,272.0,-377.0,-558.0,186.0,-879.0
171.0,674.0,-152.0,-109.0,-263.0,279.0,-357.0,-79.0,237.0,-874.0
195.0,1056.0,-127.0,-85.0,-253.0,200.0,-359.0,319.0,261.0,-868.0
217.0,1200.0,-108.0,-13.0,-236.0,193.0,-383.0,181.0,269.0,-832.0
252.0,1171.0,-72.0,43.0,-222.0,325.0,-407.0,-42.0,254.0,-755.0
260.0,1082.0,-70.0,96.0,-205.0,318.0,-401.0,105.0,209.0,-654.0
280.0,1002.0,-42.0,147.0,-179.0,255.0,-382.0,-181.0,153.0,-557.0
302.0,1014.0,-47.0,153.0,-148.0,278.0,-356.0,-447.0,88.0,-443.0
315.0,1126.0,-30.0,149.0,-117.0,296.0,-341.0,-68.0,30.0,-310.0
313.0,1237.0,-2.0,124.0,-79.0,171.0,-363.0,-229.0,-14.0,-205.0
309.0,1202.0,30.0,112.0,-31.0,77.0,-387.0,-391.0,-15.0,-116.0
299.0,884.0,76.0,102.0,21.0,101.0,-414.0,75.0,-2.0,-30.0
264.0,314.0,116.0,52.0,79.0,126.0,-429.0,195.0,19.0,56.0
211.0,-317.0,180.0,0.0,138.0,35.0,-414.0,-55.0,59.0,108.0
143.0,-844.0,216.0,-26.0,195.0,-25.0,-382.0,-70.0,107.0,153.0
81.0,-1200.0,257.0,-33.0,233.0,30.0,-317.0,-92.0,166.0,212.0
31.0,-1416.0,294.0,-66.0,246.0,-3.0,-270.0,-147.0,189.0,273.0
-29.0,-1583.0,319.0,-69.0,236.0,-41.0,-272.0,-107.0,213.0,348.0
-98.0,-1664.0,356.0,-48.0,209.0,-34.0,-283.0,-515.0,227.0,434.0
-153.0,-1484.0,364.0,-66.0,180.0,52.0,-301.0,-593.0,237.0,564.0
-206.0,-1029.0,370.0,-132.0,165.0,13.0,-294.0,-352.0,273.0,685.0
-250.0,-501.0,380.0,-228.0,167.0,-77.0,-258.0,-391.0,291.0,791.0
-308.0,10.0,367.0,-328.0,180.0,-14.0,-255.0,-116.0,304.0,898.0
-345.0,577.0,371.0,-436.0,192.0,-6.0,-261.0,-186.0,318.0,974.0
-372.0,1081.0,346.0,-513.0,192.0,-95.0,-244.0,-458.0,323.0,1014.0
-425.0,1269.0,359.0,-565.0,181.0,-143.0,-232.0,-253.0,322.0,1022.0
-466.0,1108.0,341.0,-600.0,163.0,-50.0,-213.0,-94.0,314.0,1008.0
-492.0,757.0,330.0,-611.0,140.0,53.0,-231.0,-247.0,294.0,949.0
-505.0,380.0,360.0,-619.0,100.0,116.0,-279.0,-328.0,271.0,853.0
-524.0,78.0,313.0,-602.0,41.0,164.0,-303.0,-138.0,259.0,756.0
-519.0,-125.0,361.0,-560.0,-20.0,235.0,-329.0,-203.0,229.0,658.0
-493.0,-339.0,297.0,-536.0,-74.0,134.0,-350.0,-284.0,151.0,553.0
-456.0,-649.0,264.0,-519.0,-121.0,37.0,-327.0,-310.0,43.0,442.0
-395.0,-931.0,321.0,-505.0,-161.0,106.0,-292.0,-539.0,-80.0,350.0
-325.0,-1125.0,234.0,-492.0,-184.0,128.0,-296.0,-674.0,-238.0,265.0
-250.0,-1307.0,229.0,-472.0,-195.0,140.0,-299.0,-543.0,-394.0,158.0
-177.0,-1458.0,231.0,-435.0,-197.0,125.0,-271.0,-351.0,-544.0,71.0
-119.0,-1497.0,170.0,-349.0,-193.0,222.0,-264.0,-541.0,-707.0,-11.0
-74.0,-1430.0,127.0,-268.0,-190.0,249.0,-283.0,-478.0,-852.0,-104.0
-15.0,-1344.0,103.0,-179.0,-180.0,170.0,-311.0,-445.0,-950.0,-213.0
25.0,-1248.0,48.0,-74.0,-163.0,144.0,-332.0,-452.0,-1002.0,-345.0
53.0,-1069.0,-13.0,49.0,-137.0,145.0,-328.0,14.0,-1010.0,-478.0
91.0,-772.0,-59.0,183.0,-109.0,88.0,-339.0,-118.0,-979.0,-654.0
128.0,-447.0,-106.0,272.0,-91.0,10.0,-341.0,-266.0,-917.0,-819.0
168.0,-231.0,-159.0,356.0,-73.0,25.0,-324.0,-203.0,-830.0,-956.0
190.0,-140.0,-224.0,395.0,-52.0,62.0,-326.0,-232.0,-735.0,-1094.0
216.0,-153.0,-255.0,391.0,-33.0,181.0,-307.0,-44.0,-615.0,-1184.0
274.0,-242.0,-306.0,403.0,-20.0,177.0,-281.0,-86.0,-505.0,-1255.0
327.0,-310.0,-329.0,391.0,-2.0,154.0,-280.0,-249.0,-421.0,-1297.0
362.0,-320.0,-346.0,367.0,24.0,124.0,-296.0,-310.0,-334.0,-1327.0
406.0,-262.0,-389.0,349.0,52.0,82.0,-292.0,1.0,-254.0,-1343.0
455.0,-110.0,-364.0,285.0,68.0,155.0,-275.0,288.0,-166.0,-1315.0
499.0,139.0,-345.0,207.0,67.0,149.0,-294.0,149.0,-99.0,-1269.0
523.0,399.0,-345.0,167.0,50.0,117.0,-315.0,212.0,-40.0,-1187.0
521.0,496.0,-333.0,117.0,8.0,56.0,-311.0,282.0,8.0,-1095.0
527.0,440.0,-286.0,83.0,-55.0,73.0,-296.0,297.0,36.0,-975.0
532.0,440.0,-257.0,58.0,-121.0,-9.0,-294.0,487.0,54.0,-851.0
507.0,608.0,-228.0,43.0,-165.0,-148.0,-272.0,88.0,58.0,-732.0
479.0,883.0,-156.0,61.0,-168.0,-188.0,-224.0,-661.0,50.0,-581.0
468.0,1119.0,-156.0,24.0,-129.0,-132.0,-211.0,-561.0,44.0,-428.0
456.0,1220.0,-117.0,-49.0,-57.0,24.0,-210.0,142.0,68.0,-280.0
428.0,1267.0,-118.0,-137.0,33.0,95.0,-216.0,192.0,82.0,-148.0
374.0,1258.0,-150.0,-233.0,125.0,147.0,-224.0,14.0,85.0,-30.0
306.0,1025.0,-118.0,-331.0,195.0,95.0,-196.0,-51.0,84.0,39.0
265.0,597.0,-198.0,-417.0,230.0,75.0,-151.0,-254.0,63.0,68.0
203.0,171.0,-210.0,-458.0,231.0,110.0,-113.0,388.0,36.0,89.0
142.0,-214.0,-231.0,-495.0,207.0,177.0,-100.0,641.0,1.0,91.0
109.0,-531.0,-317.0,-500.0,172.0,144.0,-115.0,269.0,-27.0,102.0
77.0,-622.0,-334.0,-473.0,137.0,-71.0,-124.0,282.0,-60.0,134.0
69.0,-515.0,-385.0,-404.0,97.0,-134.0,-144.0,136.0,-104.0,187.0
55.0,-300.0,-431.0,-325.0,46.0,-12.0,-163.0,312.0,-169.0,261.0
53.0,55.0,-450.0,-278.0,-10.0,112.0,-182.0,173.0,-244.0,344.0
36.0,492.0,-444.0,-212.0,-60.0,51.0,-233.0,-199.0,-321.0,409.0
14.0,892.0,-461.0,-162.0,-91.0,143.0,-250.0,-203.0,-399.0,469.0
-16.0,1207.0,-444.0,-115.0,-110.0,220.0,-251.0,-389.0,-446.0,503.0
-59.0,1427.0,-408.0,-51.0,-121.0,169.0,-274.0,-530.0,-468.0,478.0
-95.0,1480.0,-418.0,26.0,-114.0,78.0,-297.0,-473.0,-464.0,443.0
-158.0,1348.0,-361.0,117.0,-85.0,-90.0,-299.0,-147.0,-432.0,397.0
-198.0,1128.0,-290.0,211.0,-45.0,-71.0,-265.0,-125.0,-378.0,325.0
-254.0,885.0,-236.0,287.0,-6.0,-128.0,-260.0,-273.0,-319.0,269.0
-328.0,577.0,-135.0,330.0,22.0,-166.0,-257.0,-103.0,-255.0,226.0
-423.0,222.0,-36.0,384.0,49.0,-122.0,-236.0,-96.0,-186.0,197.0
-492.0,3.0,68.0,374.0,77.0,-107.0,-225.0,-299.0,-130.0,177.0
-551.0,-16.0,219.0,285.0,98.0,-128.0,-215.0,-461.0,-55.0,166.0
-635.0,-1.0,305.0,185.0,104.0,-130.0,-221.0,-149.0,13.0,171.0
-662.0,-30.0,418.0,72.0,94.0,-78.0,-196.0,1.0,50.0,171.0
-689.0,-12.0,528.0,-42.0,79.0,-79.0,-179.0,-110.0,76.0,175.0
-690.0,105.0,615.0,-159.0,60.0,-88.0,-193.0,-3.0,77.0,178.0
-681.0,254.0,697.0,-271.0,21.0,-146.0,-205.0,-260.0,62.0,198.0
-676.0,348.0,697.0,-359.0,-38.0,-129.0,-219.0,-147.0,31.0,223.0
-644.0,350.0,746.0,-410.0,-101.0,-234.0,-202.0,262.0,-16.0,238.0
-594.0,230.0,750.0,-436.0,-151.0,-321.0,-178.0,315.0,-75.0,259.0
-536.0,-66.0,707.0,-433.0,-180.0,-188.0,-168.0,145.0,-148.0,291.0
-502.0,-520.0,659.0,-420.0,-192.0,-98.0,-179.0,-243.0,-207.0,333.0
-446.0,-957.0,608.0,-394.0,-184.0,-75.0,-186.0,-321.0,-234.0,360.0
-405.0,-1213.0,532.0,-325.0,-153.0,-182.0,-183.0,-282.0,-243.0,402.0
-368.0,-1284.0,420.0,-267.0,-107.0,-267.0,-207.0,-84.0,-242.0,442.0
-348.0,-1278.0,348.0,-219.0,-62.0,-294.0,-246.0,3.0,-223.0,458.0
-341.0,-1306.0,259.0,-188.0,-20.0,-369.0,-274.0,-145.0,-201.0,451.0
-294.0,-1323.0,202.0,-197.0,13.0,-425.0,-260.0,-72.0,-179.0,445.0
-271.0,-1228.0,115.0,-228.0,35.0,-415.0,-244.0,-138.0,-161.0,447.0
-263.0,-1035.0,61.0,-273.0,53.0,-405.0,-252.0,83.0,-147.0,430.0
-245.0,-721.0,42.0,-313.0,79.0,-375.0,-247.0,522.0,-126.0,435.0
-212.0,-342.0,-29.0,-342.0,107.0,-309.0,-233.0,380.0,-136.0,450.0
-180.0,-79.0,-48.0,-356.0,120.0,-231.0,-192.0,282.0,-176.0,462.0
-149.0,41.0,-57.0,-349.0,115.0,-160.0,-165.0,552.0,-223.0,450.0
-116.0,108.0,-51.0,-297.0,103.0,-181.0,-154.0,142.0,-295.0,430.0
-82.0,119.0,-82.0,-219.0,98.0,-192.0,-150.0,-330.0,-364.0,428.0
-57.0,71.0,-78.0,-125.0,98.0,-234.0,-175.0,-155.0,-423.0,389.0
-54.0,13.0,-38.0,-27.0,96.0,-294.0,-163.0,-402.0,-489.0,329.0
-36.0,-15.0,-79.0,72.0,90.0,-286.0,-124.0,-253.0,-526.0,267.0
-12.0,0.0,-63.0,178.0,72.0,-209.0,-115.0,354.0,-521.0,187.0
13.0,70.0,-97.0,267.0,37.0,-129.0,-146.0,112.0,-489.0,88.0
19.0,229.0,-111.0,373.0,1.0,-153.0,-163.0,121.0,-431.0,-12.0
27.0,415.0,-115.0,480.0,-30.0,-171.0,-129.0,110.0,-374.0,-101.0
43.0,500.0,-188.0,562.0,-57.0,-161.0,-91.0,-166.0,-337.0,-181.0
44.0,459.0,-168.0,632.0,-67.0,-140.0,-54.0,247.0,-322.0,-266.0
62.0,366.0,-198.0,698.0,-63.0,-109.0,-29.0,317.0,-323.0,-335.0
85.0,257.0,-255.0,788.0,-48.0,-63.0,-9.0,-20.0,-316.0,-391.0
125.0,105.0,-293.0,860.0,-34.0,-68.0,-9.0,253.0,-300.0,-483.0
163.0,-41.0,-325.0,864.0,-24.0,-125.0,-51.0,737.0,-272.0,-598.0
193.0,-130.0,-348.0,790.0,-9.0,-168.0,-62.0,266.0,-249.0,-718.0
220.0,-215.0,-413.0,678.0,5.0,-140.0,-48.0,-83.0,-203.0,-823.0
260.0,-353.0,-444.0,539.0,15.0,-85.0,-35.0,107.0,-117.0,-943.0
297.0,-507.0,-486.0,370.0,20.0,-166.0,-31.0,-319.0,-28.0,-1047.0
305.0,-555.0,-530.0,211.0,25.0,-189.0,-29.0,-205.0,72.0,-1097.0
320.0,-470.0,-571.0,38.0,35.0,-172.0,-17.0,105.0,163.0,-1113.0
335.0,-330.0,-612.0,-179.0,45.0,-214.0,2.0,-136.0,265.0,-1076.0
351.0,-140.0,-642.0,-383.0,51.0,-254.0,22.0,-110.0,383.0,-991.0
324.0,149.0,-677.0,-556.0,57.0,-207.0,12.0,-112.0,478.0,-858.0
292.0,471.0,-698.0,-690.0,69.0,-156.0,-13.0,-203.0,574.0,-721.0
264.0,689.0,-716.0,-762.0,95.0,-260.0,-22.0,29.0,628.0,-565.0
206.0,824.0,-727.0,-775.0,123.0,-342.0,-1.0,336.0,625.0,-396.0
143.0,931.0,-747.0,-693.0,147.0,-405.0,4.0,166.0,593.0,-266.0
82.0,940.0,-708.0,-553.0,167.0,-401.0,10.0,-164.0,535.0,-163.0
42.0,795.0,-697.0,-416.0,185.0,-412.0,20.0,-29.0,460.0,-97.0
-3.0,532.0,-653.0,-252.0,201.0,-379.0,14.0,75.0,363.0,-63.0
-67.0,269.0,-557.0,-86.0,221.0,-200.0,18.0,-188.0,262.0,-57.0
-146.0,172.0,-504.0,49.0,239.0,-117.0,-9.0,-790.0,160.0,-69.0
-206.0,274.0,-394.0,176.0,245.0,-155.0,-29.0,-864.0,55.0,-86.0
-260.0,382.0,-331.0,280.0,230.0,-185.0,-31.0,-238.0,-62.0,-109.0
-332.0,417.0,-242.0,339.0,194.0,-91.0,-48.0,57.0,-188.0,-146.0
-383.0,479.0,-186.0,346.0,146.0,-40.0,-62.0,371.0,-332.0,-179.0
-413.0,593.0,-132.0,310.0,97.0,-6.0,-83.0,-105.0,-453.0,-206.0
-435.0,691.0,-53.0,224.0,51.0,21.0,-76.0,-487.0,-528.0,-235.0
-446.0,645.0,-61.0,136.0,7.0,78.0,-31.0,-81.0,-576.0,-260.0
-442.0,417.0,-16.0,62.0,-38.0,3.0,-7.0,-465.0,-580.0,-247.0
-426.0,107.0,-26.0,-38.0,-85.0,-200.0,-10.0,-556.0,-555.0,-213.0
-409.0,-192.0,-40.0,-139.0,-132.0,-149.0,-3.0,-424.0,-485.0,-184.0
-396.0,-486.0,-70.0,-229.0,-185.0,-53.0,12.0,-162.0,-427.0,-117.0
-384.0,-760.0,-128.0,-310.0,-241.0,22.0,30.0,539.0,-380.0,-20.0
-378.0,-938.0,-150.0,-398.0,-296.0,22.0,46.0,707.0,-304.0,88.0
-371.0,-1057.0,-201.0,-482.0,-331.0,35.0,47.0,273.0,-227.0,202.0
-388.0,-1156.0,-226.0,-547.0,-338.0,51.0,16.0,-118.0,-115.0,341.0
-395.0,-1213.0,-244.0,-602.0,-324.0,-66.0,-7.0,-277.0,-27.0,482.0
-403.0,-1250.0,-253.0,-608.0,-295.0,-145.0,-23.0,-498.0,21.0,595.0
-438.0,-1274.0,-237.0,-569.0,-258.0,-138.0,-64.0,-99.0,61.0,706.0
-463.0,-1242.0,-226.0,-500.0,-216.0,-118.0,-84.0,70.0,76.0,796.0
-487.0,-1141.0,-217.0,-383.0,-178.0,-135.0,-93.0,-136.0,64.0,873.0
-500.0,-986.0,-166.0,-242.0,-146.0,-68.0,-81.0,147.0,41.0,922.0
-518.0,-768.0,-149.0,-120.0,-113.0,-25.0,-31.0,16.0,2.0,937.0
-519.0,-463.0,-118.0,-14.0,-82.0,-53.0,22.0,-190.0,-38.0,938.0
-500.0,-51.0,-80.0,85.0,-47.0,-165.0,60.0,-164.0,-23.0,902.0
-486.0,343.0,-93.0,124.0,-10.0,-187.0,62.0,-121.0,28.0,815.0
-461.0,560.0,-41.0,119.0,29.0,-183.0,74.0,60.0,120.0,712.0
-445.0,597.0,-45.0,93.0,62.0,-341.0,98.0,96.0,245.0,590.0
-439.0,568.0,-28.0,10.0,70.0,-437.0,100.0,120.0,373.0,438.0
-420.0,556.0,5.0,-96.0,53.0,-378.0,101.0,321.0,514.0,269.0
-420.0,500.0,-15.0,-218.0,13.0,-211.0,121.0,450.0,673.0,94.0
-408.0,371.0,18.0,-339.0,-38.0,-222.0,132.0,184.0,813.0,-56.0
-398.0,238.0,22.0,-448.0,-80.0,-295.0,124.0,-20.0,948.0,-202.0
-400.0,103.0,27.0,-543.0,-98.0,-325.0,119.0,131.0,1071.0,-303.0
-396.0,-74.0,43.0,-577.0,-95.0,-399.0,123.0,284.0,1133.0,-332.0
-444.0,-244.0,45.0,-605.0,-88.0,-525.0,111.0,508.0,1163.0,-321.0
-470.0,-323.0,72.0,-625.0,-78.0,-558.0,76.0,20.0,1149.0,-285.0
-471.0,-359.0,92.0,-607.0,-57.0,-479.0,74.0,-582.0,1078.0,-211.0
-488.0,-477.0,107.0,-585.0,-35.0,-493.0,87.0,-184.0,938.0,-88.0
-518.0,-648.0,128.0,-528.0,-20.0,-478.0,84.0,-88.0,735.0,26.0
-517.0,-752.0,138.0,-433.0,-16.0,-450.0,79.0,3.0,524.0,127.0
-486.0,-759.0,158.0,-334.0,-22.0,-480.0,81.0,123.0,299.0,240.0
-462.0,-625.0,173.0,-247.0,-24.0,-722.0,91.0,-162.0,90.0,335.0
-418.0,-357.0,187.0,-177.0,-23.0,-903.0,115.0,107.0,-89.0,384.0
-396.0,-76.0,217.0,-89.0,-26.0,-833.0,148.0,-49.0,-261.0,416.0
-345.0,175.0,234.0,4.0,-40.0,-719.0,155.0,-430.0,-409.0,423.0
-285.0,465.0,272.0,99.0,-64.0,-668.0,151.0,-203.0,-531.0,413.0
-231.0,796.0,288.0,200.0,-97.0,-685.0,129.0,-221.0,-613.0,379.0
-178.0,1043.0,328.0,276.0,-133.0,-607.0,132.0,-142.0,-645.0,320.0
-111.0,1149.0,379.0,333.0,-166.0,-604.0,160.0,7.0,-628.0,267.0
-26.0,1208.0,404.0,404.0,-194.0,-689.0,158.0,-164.0,-589.0,180.0
29.0,1266.0,446.0,469.0,-219.0,-748.0,184.0,-121.0,-544.0,67.0
105.0,1224.0,454.0,488.0,-234.0,-715.0,218.0,149.0,-483.0,-48.0
164.0,1032.0,463.0,483.0,-237.0,-680.0,213.0,155.0,-418.0,-173.0
216.0,745.0,447.0,422.0,-227.0,-690.0,215.0,153.0,-349.0,-306.0
243.0,391.0,416.0,297.0,-215.0,-687.0,260.0,399.0,-281.0,-444.0
241.0,26.0,377.0,193.0,-205.0,-707.0,324.0,439.0,-225.0,-541.0
240.0,-307.0,324.0,105.0,-186.0,-785.0,363.0,343.0,-191.0,-624.0
210.0,-669.0,269.0,14.0,-145.0,-786.0,383.0,169.0,-181.0,-716.0
157.0,-1080.0,189.0,-63.0,-87.0,-569.0,384.0,171.0,-175.0,-774.0
89.0,-1427.0,128.0,-103.0,-30.0,-462.0,388.0,376.0,-176.0,-794.0
29.0,-1588.0,52.0,-140.0,9.0,-567.0,403.0,321.0,-209.0,-809.0
-46.0,-1565.0,0.0,-194.0,46.0,-710.0,395.0,343.0,-278.0,-815.0
-117.0,-1443.0,-56.0,-197.0,91.0,-661.0,408.0,452.0,-357.0,-775.0
-178.0,-1265.0,-107.0,-164.0,145.0,-573.0,422.0,543.0,-423.0,-714.0
-233.0,-1014.0,-133.0,-128.0,197.0,-626.0,394.0,423.0,-461.0,-648.0
-256.0,-694.0,-169.0,-98.0,234.0,-668.0,389.0,194.0,-462.0,-549.0
-270.0,-343.0,-174.0,-62.0,262.0,-686.0,392.0,273.0,-462.0,-426.0
-295.0,62.0,-192.0,-30.0,277.0,-641.0,389.0,243.0,-468.0,-314.0
-296.0,537.0,-189.0,-14.0,274.0,-537.0,389.0,153.0,-470.0,-214.0
-302.0,941.0,-174.0,4.0,259.0,-428.0,400.0,-9.0,-474.0,-112.0
-332.0,1173.0,-155.0,14.0,239.0,-395.0,397.0,81.0,-488.0,-21.0
-337.0,1298.0,-126.0,16.0,218.0,-440.0,386.0,275.0,-494.0,51.0
-336.0,1382.0,-98.0,0.0,203.0,-505.0,377.0,125.0,-461.0,124.0
-353.0,1435.0,-67.0,-19.0,203.0,-433.0,369.0,22.0,-400.0,198.0
-374.0,1419.0,-34.0,-51.0,214.0,-413.0,399.0,-123.0,-303.0,273.0
-368.0,1278.0,18.0,-86.0,224.0,-463.0,425.0,199.0,-187.0,313.0
-368.0,1046.0,41.0,-103.0,228.0,-333.0,460.0,240.0,-66.0,328.0
-342.0,803.0,85.0,-112.0,232.0,-179.0,466.0,-29.0,55.0,347.0
-329.0,556.0,110.0,-73.0,243.0,-101.0,416.0,97.0,176.0,318.0
-338.0,371.0,95.0,-16.0,256.0,-117.0,407.0,86.0,302.0,251.0
-285.0,303.0,113.0,55.0,260.0,-247.0,434.0,388.0,429.0,170.0
-248.0,239.0,96.0,140.0,253.0,-356.0,444.0,354.0,553.0,83.0
-211.0,119.0,62.0,214.0,236.0,-281.0,440.0,321.0,673.0,-11.0
-194.0,16.0,43.0,291.0,206.0,-117.0,452.0,408.0,781.0,-122.0
-158.0,-21.0,-1.0,346.0,168.0,-56.0,474.0,84.0,872.0,-210.0
-120.0,-7.0,-52.0,370.0,129.0,-193.0,478.0,151.0,965.0,-278.0
-135.0,0.0,-91.0,394.0,86.0,-246.0,461.0,79.0,1029.0,-337.0
-151.0,12.0,-147.0,407.0,44.0,-148.0,447.0,291.0,1082.0,-380.0
-182.0,22.0,-187.0,395.0,18.0,-91.0,452.0,328.0,1125.0,-374.0
-207.0,4.0,-235.0,373.0,17.0,-78.0,436.0,-16.0,1129.0,-354.0
-253.0,-10.0,-276.0,335.0,34.0,-87.0,392.0,86.0,1121.0,-352.0
-289.0,-1.0,-280.0,262.0,43.0,-15.0,353.0,-1.0,1089.0,-347.0
-340.0,14.0,-294.0,164.0,36.0,-12.0,321.0,144.0,1057.0,-347.0
-375.0,38.0,-288.0,75.0,18.0,-48.0,282.0,-70.0,1011.0,-358.0
-395.0,87.0,-275.0,3.0,0.0,-31.0,241.0,-160.0,921.0,-402.0
-414.0,139.0,-262.0,-31.0,-18.0,27.0,177.0,92.0,821.0,-441.0
-409.0,146.0,-235.0,-20.0,-50.0,13.0,130.0,175.0,699.0,-455.0
-419.0,28.0,-190.0,22.0,-94.0,-51.0,102.0,663.0,583.0,-471.0
-391.0,-205.0,-178.0,71.0,-133.0,18.0,73.0,602.0,495.0,-464.0
-368.0,-369.0,-160.0,126.0,-163.0,79.0,82.0,363.0,420.0,-406.0
-323.0,-414.0,-101.0,207.0,-192.0,-4.0,86.0,-175.0,367.0,-320.0
-302.0,-450.0,-98.0,275.0,-218.0,-95.0,64.0,-277.0,342.0,-227.0
-270.0,-514.0,-79.0,305.0,-229.0,-2.0,20.0,84.0,322.0,-108.0
-232.0,-612.0,-53.0,311.0,-213.0,22.0,29.0,144.0,294.0,50.0
-223.0,-720.0,-50.0,335.0,-175.0,-98.0,84.0,393.0,268.0,214.0
-197.0,-785.0,-39.0,366.0,-130.0,-175.0,85.0,145.0,246.0,392.0
-206.0,-811.0,-38.0,391.0,-93.0,-34.0,53.0,330.0,224.0,585.0
-165.0,-819.0,-35.0,406.0,-72.0,78.0,9.0,376.0,212.0,755.0
-142.0,-795.0,-34.0,390.0,-69.0,-25.0,-31.0,347.0,184.0,904.0
-124.0,-722.0,-30.0,393.0,-79.0,-52.0,-54.0,530.0,140.0,1011.0
-122.0,-665.0,-14.0,397.0,-86.0,-45.0,-56.0,399.0,92.0,1095.0
-128.0,-674.0,6.0,352.0,-81.0,-61.0,-77.0,583.0,5.0,1137.0
-126.0,-676.0,20.0,263.0,-70.0,-12.0,-108.0,360.0,-90.0,1139.0
-150.0,-625.0,53.0,166.0,-49.0,185.0,-87.0,90.0,-168.0,1150.0
-160.0,-533.0,78.0,62.0,-26.0,294.0,-31.0,194.0,-247.0,1144.0
-210.0,-386.0,96.0,-69.0,-17.0,218.0,44.0,543.0,-329.0,1113.0
-222.0,-168.0,142.0,-196.0,-29.0,148.0,93.0,947.0,-402.0,1063.0
-251.0,98.0,174.0,-328.0,-59.0,198.0,102.0,925.0,-448.0,1018.0
-282.0,342.0,227.0,-460.0,-104.0,214.0,124.0,395.0,-500.0,957.0
-298.0,497.0,281.0,-555.0,-153.0,39.0,151.0,-175.0,-552.0,868.0
-329.0,580.0,350.0,-617.0,-198.0,-55.0,168.0,-480.0,-585.0,771.0
-315.0,646.0,416.0,-631.0,-234.0,-14.0,186.0,-315.0,-610.0,651.0
-307.0,644.0,454.0,-613.0,-262.0,-37.0,199.0,157.0,-625.0,500.0
-281.0,607.0,523.0,-574.0,-290.0,-173.0,220.0,502.0,-615.0,321.0
-244.0,613.0,549.0,-500.0,-314.0,-122.0,243.0,668.0,-586.0,151.0
-196.0,589.0,578.0,-415.0,-327.0,-4.0,276.0,657.0,-555.0,-20.0
-139.0,529.0,598.0,-310.0,-328.0,-100.0,290.0,532.0,-509.0,-181.0
-95.0,511.0,572.0,-207.0,-316.0,-204.0,280.0,38.0,-447.0,-316.0
-51.0,549.0,555.0,-101.0,-289.0,-100.0,292.0,-205.0,-383.0,-413.0
-6.0,649.0,513.0,0.0,-243.0,45.0,323.0,-441.0,-316.0,-447.0
37.0,808.0,463.0,72.0,-175.0,37.0,345.0,-487.0,-227.0,-460.0
53.0,927.0,409.0,137.0,-96.0,45.0,329.0,-299.0,-144.0,-404.0
66.0,976.0,338.0,204.0,-24.0,115.0,336.0,-138.0,-64.0,-329.0
98.0,1024.0,277.0,268.0,32.0,125.0,370.0,186.0,14.0,-248.0
110.0,961.0,220.0,293.0,74.0,-20.0,354.0,-107.0,76.0,-144.0
123.0,641.0,139.0,289.0,103.0,-88.0,335.0,-116.0,163.0,-68.0
150.0,172.0,94.0,280.0,120.0,-38.0,347.0,16.0,250.0,2.0
180.0,-293.0,59.0,239.0,141.0,-19.0,352.0,48.0,310.0,20.0
210.0,-755.0,19.0,183.0,179.0,-75.0,360.0,-84.0,369.0,0.0
231.0,-1170.0,19.0,145.0,234.0,-100.0,403.0,-206.0,418.0,-51.0
265.0,-1447.0,28.0,88.0,290.0,-33.0,462.0,155.0,432.0,-144.0
303.0,-1579.0,56.0,-2.0,332.0,-152.0,484.0,393.0,434.0,-264.0
342.0,-1527.0,82.0,-96.0,362.0,-277.0,506.0,611.0,430.0,-398.0
372.0,-1255.0,122.0,-185.0,374.0,-220.0,548.0,286.0,406.0,-506.0
403.0,-845.0,172.0,-260.0,376.0,-138.0,569.0,-110.0,386.0,-596.0
416.0,-410.0,214.0,-306.0,378.0,-169.0,581.0,-203.0,345.0,-668.0
416.0,-27.0,261.0,-287.0,380.0,-207.0,571.0,-166.0,307.0,-705.0
427.0,214.0,280.0,-242.0,378.0,-103.0,580.0,-31.0,257.0,-698.0
410.0,285.0,295.0,-191.0,360.0,11.0,601.0,-5.0,199.0,-696.0
386.0,279.0,270.0,-106.0,322.0,-35.0,601.0,131.0,161.0,-668.0
339.0,250.0,256.0,-24.0,274.0,-73.0,594.0,205.0,119.0,-605.0
302.0,187.0,238.0,46.0,229.0,-25.0,587.0,144.0,121.0,-542.0
273.0,145.0,185.0,124.0,193.0,-44.0,589.0,-118.0,130.0,-482.0
219.0,163.0,165.0,192.0,168.0,-73.0,574.0,-229.0,163.0,-439.0
164.0,197.0,94.0,244.0,138.0,-54.0,562.0,5.0,228.0,-362.0
111.0,237.0,30.0,288.0,101.0,121.0,570.0,485.0,303.0,-296.0
69.0,268.0,-9.0,313.0,69.0,219.0,596.0,707.0,399.0,-253.0
11.0,262.0,-69.0,331.0,38.0,212.0,589.0,336.0,481.0,-184.0
-45.0,261.0,-113.0,349.0,7.0,169.0,553.0,-136.0,569.0,-103.0
-98.0,267.0,-151.0,374.0,-18.0,52.0,543.0,-352.0,642.0,-29.0
-140.0,195.0,-205.0,435.0,-31.0,0.0,559.0,-116.0,706.0,48.0
-187.0,41.0,-244.0,511.0,-33.0,-43.0,593.0,158.0,743.0,153.0
-218.0,-120.0,-273.0,585.0,-43.0,0.0,589.0,356.0,753.0,258.0
-223.0,-242.0,-323.0,682.0,-64.0,-31.0,554.0,376.0,737.0,356.0
-234.0,-246.0,-335.0,771.0,-88.0,-106.0,539.0,308.0,667.0,444.0
-218.0,-57.0,-359.0,826.0,-121.0,-58.0,548.0,197.0,587.0,520.0
-215.0,295.0,-384.0,877.0,-160.0,43.0,538.0,-140.0,484.0,575.0
-203.0,706.0,-384.0,894.0,-197.0,126.0,511.0,-365.0,363.0,594.0
-191.0,976.0,-408.0,892.0,-217.0,102.0,508.0,-386.0,244.0,603.0
-173.0,958.0,-390.0,842.0,-220.0,89.0,507.0,103.0,111.0,591.0
-143.0,725.0,-361.0,717.0,-216.0,160.0,485.0,537.0,-14.0,538.0
-125.0,407.0,-338.0,572.0,-210.0,251.0,453.0,602.0,-130.0,478.0
-84.0,40.0,-258.0,405.0,-198.0,306.0,422.0,280.0,-233.0,413.0
-66.0,-300.0,-187.0,247.0,-175.0,269.0,382.0,-142.0,-321.0,359.0
-45.0,-475.0,-140.0,76.0,-148.0,221.0,340.0,-155.0,-419.0,321.0
-32.0,-446.0,-60.0,-112.0,-118.0,179.0,324.0,-90.0,-491.0,304.0
-27.0,-280.0,-6.0,-296.0,-82.0,74.0,364.0,304.0,-541.0,339.0
-35.0,-76.0,16.0,-463.0,-50.0,26.0,389.0,652.0,-587.0,381.0
-60.0,40.0,50.0,-595.0,-33.0,57.0,342.0,615.0,-603.0,429.0
-70.0,42.0,58.0,-705.0,-29.0,167.0,291.0,415.0,-614.0,495.0
-98.0,45.0,59.0,-781.0,-21.0,329.0,285.0,101.0,-624.0,565.0
-132.0,82.0,21.0,-822.0,-7.0,404.0,291.0,-105.0,-616.0,616.0
-175.0,25.0,-5.0,-838.0,1.0,383.0,291.0,-88.0,-600.0,637.0
-215.0,-165.0,-8.0,-831.0,7.0,344.0,305.0,175.0,-585.0,674.0
-241.0,-409.0,-66.0,-778.0,22.0,286.0,297.0,375.0,-558.0,687.0
-278.0,-622.0,-87.0,-690.0,46.0,231.0,252.0,230.0,-493.0,670.0
-313.0,-784.0,-98.0,-575.0,67.0,194.0,188.0,327.0,-422.0,658.0
-320.0,-915.0,-106.0,-441.0,81.0,124.0,144.0,412.0,-337.0,643.0
-323.0,-943.0,-108.0,-302.0,83.0,93.0,135.0,245.0,-207.0,606.0
-320.0,-724.0,-97.0,-138.0,73.0,117.0,135.0,88.0,-65.0,553.0
-321.0,-253.0,-66.0,40.0,59.0,230.0,140.0,-57.0,78.0,529.0
-326.0,289.0,-61.0,218.0,45.0,292.0,137.0,55.0,220.0,511.0
-314.0,755.0,-16.0,378.0,30.0,189.0,143.0,88.0,328.0,496.0
-303.0,1053.0,-1.0,505.0,19.0,146.0,160.0,288.0,404.0,514.0
-283.0,1154.0,40.0,575.0,11.0,223.0,166.0,197.0,464.0,547.0
-242.0,1205.0,93.0,604.0,-4.0,180.0,144.0,118.0,476.0,577.0
-188.0,1182.0,115.0,608.0,-36.0,62.0,129.0,203.0,444.0,602.0
-120.0,923.0,170.0,580.0,-75.0,52.0,123.0,-60.0,380.0,639.0
-31.0,598.0,203.0,554.0,-105.0,100.0,124.0,-223.0,272.0,672.0
40.0,387.0,242.0,501.0,-113.0,158.0,135.0,-347.0,153.0,676.0
136.0,218.0,270.0,460.0,-103.0,54.0,148.0,-81.0,8.0,667.0
240.0,99.0,308.0,447.0,-92.0,-34.0,171.0,225.0,-143.0,655.0
323.0,96.0,332.0,432.0,-80.0,-1.0,198.0,552.0,-288.0,606.0
402.0,137.0,342.0,467.0,-61.0,-8.0,241.0,606.0,-447.0,523.0
452.0,133.0,353.0,517.0,-36.0,-61.0,246.0,363.0,-564.0,454.0
504.0,52.0,344.0,592.0,-4.0,-112.0,223.0,205.0,-670.0,389.0
521.0,-81.0,340.0,680.0,25.0,-92.0,218.0,-160.0,-756.0,305.0
511.0,-209.0,296.0,764.0,51.0,-110.0,207.0,-138.0,-766.0,225.0
487.0,-257.0,247.0,830.0,80.0,-177.0,196.0,-59.0,-723.0,170.0
448.0,-234.0,201.0,853.0,114.0,-200.0,172.0,12.0,-622.0,109.0
381.0,-223.0,148.0,882.0,145.0,-213.0,150.0,266.0,-492.0,56.0
307.0,-200.0,89.0,888.0,168.0,-265.0,142.0,280.0,-322.0,18.0
221.0,-139.0,41.0,890.0,182.0,-244.0,166.0,223.0,-101.0,-21.0
114.0,-83.0,2.0,875.0,193.0,-129.0,157.0,12.0,157.0,-61.0
12.0,-80.0,-43.0,829.0,205.0,17.0,89.0,60.0,431.0,-126.0
-120.0,-136.0,-66.0,759.0,210.0,33.0,43.0,339.0,675.0,-183.0
-223.0,-174.0,-96.0,653.0,206.0,-88.0,32.0,495.0,885.0,-248.0
-316.0,-165.0,-108.0,511.0,198.0,-174.0,56.0,711.0,1022.0,-334.0
-395.0,-155.0,-94.0,336.0,183.0,-248.0,59.0,445.0,1099.0,-410.0
-448.0,-148.0,-85.0,196.0,151.0,-284.0,37.0,179.0,1129.0,-491.0
-493.0,-85.0,-65.0,59.0,102.0,-279.0,-3.0,107.0,1088.0,-581.0
-499.0,47.0,-22.0,-54.0,46.0,-163.0,-17.0,9.0,1019.0,-692.0
-503.0,234.0,41.0,-152.0,-1.0,-89.0,17.0,109.0,909.0,-808.0
-481.0,503.0,74.0,-265.0,-38.0,-208.0,35.0,192.0,762.0,-913.0
-439.0,793.0,145.0,-334.0,-66.0,-222.0,23.0,441.0,615.0,-1015.0
-388.0,939.0,213.0,-391.0,-89.0,-72.0,-30.0,349.0,458.0,-1097.0
-326.0,940.0,250.0,-434.0,-106.0,-6.0,-47.0,9.0,301.0,-1146.0
-245.0,936.0,327.0,-465.0,-114.0,-34.0,-35.0,-101.0,160.0,-1167.0
-173.0,882.0,360.0,-523.0,-113.0,39.0,-18.0,-7.0,49.0,-1163.0
-103.0,661.0,401.0,-593.0,-108.0,179.0,28.0,352.0,-16.0,-1125.0
-30.0,353.0,417.0,-663.0,-104.0,161.0,34.0,556.0,-48.0,-1058.0
33.0,55.0,422.0,-737.0,-106.0,-16.0,26.0,642.0,-40.0,-957.0
104.0,-285.0,420.0,-829.0,-105.0,-37.0,57.0,487.0,11.0,-831.0
142.0,-689.0,374.0,-900.0,-95.0,111.0,138.0,186.0,80.0,-673.0
187.0,-1026.0,353.0,-942.0,-80.0,204.0,218.0,48.0,160.0,-488.0
214.0,-1067.0,307.0,-987.0,-63.0,271.0,224.0,-81.0,248.0,-290.0
229.0,-735.0,254.0,-1012.0,-48.0,351.0,217.0,112.0,322.0,-88.0
242.0,-259.0,189.0,-1020.0,-34.0,363.0,220.0,338.0,393.0,95.0
234.0,81.0,122.0,-1004.0,-16.0,154.0,204.0,533.0,459.0,288.0
224.0,220.0,40.0,-942.0,-1.0,1.0,218.0,611.0,500.0,456.0
199.0,204.0,-42.0,-856.0,6.0,117.0,264.0,169.0,527.0,617.0
172.0,97.0,-102.0,-734.0,10.0,185.0,289.0,-166.0,534.0,778.0
151.0,-7.0,-197.0,-566.0,9.0,173.0,277.0,-310.0,494.0,905.0
150.0,-89.0,-243.0,-386.0,7.0,219.0,275.0,-48.0,420.0,1014.0
148.0,-190.0,-302.0,-222.0,5.0,402.0,283.0,495.0,328.0,1084.0
145.0,-296.0,-359.0,-89.0,3.0,405.0,262.0,837.0,208.0,1148.0
168.0,-358.0,-351.0,40.0,7.0,132.0,250.0,868.0,93.0,1185.0
204.0,-363.0,-366.0,157.0,12.0,121.0,268.0,343.0,3.0,1187.0
244.0,-299.0,-358.0,235.0,18.0,270.0,253.0,-103.0,-75.0,1195.0
284.0,-135.0,-317.0,292.0,27.0,291.0,209.0,-192.0,-121.0,1207.0
338.0,169.0,-305.0,296.0,45.0,281.0,194.0,101.0,-143.0,1202.0
402.0,601.0,-256.0,278.0,77.0,369.0,238.0,572.0,-158.0,1170.0
452.0,1009.0,-203.0,257.0,107.0,457.0,322.0,796.0,-149.0,1145.0
492.0,1227.0,-177.0,202.0,130.0,256.0,326.0,938.0,-133.0,1104.0
528.0,1218.0,-131.0,160.0,146.0,70.0,269.0,748.0,-115.0,1041.0
565.0,1120.0,-131.0,137.0,155.0,223.0,234.0,290.0,-107.0,972.0
616.0,1092.0,-116.0,126.0,160.0,413.0,216.0,-64.0,-114.0,909.0
629.0,1112.0,-126.0,139.0,156.0,432.0,181.0,-109.0,-126.0,849.0
639.0,1050.0,-144.0,172.0,146.0,369.0,126.0,371.0,-142.0,781.0
668.0,832.0,-142.0,241.0,133.0,420.0,137.0,820.0,-154.0,718.0
687.0,510.0,-190.0,327.0,119.0,461.0,161.0,824.0,-163.0,658.0
687.0,146.0,-200.0,414.0,111.0,343.0,168.0,456.0,-163.0,598.0
649.0,-250.0,-252.0,470.0,112.0,271.0,202.0,27.0,-146.0,520.0
648.0,-611.0,-321.0,504.0,118.0,279.0,221.0,-31.0,-117.0,450.0
632.0,-798.0,-370.0,552.0,123.0,226.0,227.0,166.0,-85.0,380.0
599.0,-781.0,-441.0,576.0,116.0,161.0,229.0,264.0,-49.0,296.0
559.0,-701.0,-502.0,575.0,102.0,268.0,225.0,35.0,-10.0,227.0
498.0,-658.0,-552.0,550.0,94.0,400.0,208.0,-24.0,29.0,156.0
477.0,-674.0,-585.0,500.0,91.0,352.0,203.0,192.0,60.0,71.0
427.0,-721.0,-623.0,458.0,89.0,281.0,248.0,410.0,74.0,-37.0
352.0,-754.0,-610.0,427.0,92.0,294.0,291.0,524.0,92.0,-157.0
286.0,-756.0,-580.0,407.0,99.0,243.0,288.0,253.0,97.0,-280.0
262.0,-718.0,-545.0,382.0,100.0,104.0,274.0,92.0,86.0,-392.0
241.0,-696.0,-439.0,346.0,84.0,95.0,271.0,-25.0,63.0,-486.0
197.0,-708.0,-357.0,308.0,46.0,167.0,260.0,-36.0,9.0,-553.0
180.0,-702.0,-266.0,249.0,-5.0,151.0,255.0,140.0,-40.0,-597.0
163.0,-710.0,-122.0,169.0,-54.0,59.0,254.0,184.0,-100.0,-636.0
163.0,-791.0,-19.0,99.0,-96.0,2.0,229.0,336.0,-176.0,-660.0
152.0,-835.0,117.0,8.0,-138.0,39.0,235.0,195.0,-250.0,-681.0
120.0,-692.0,256.0,-83.0,-180.0,31.0,269.0,-73.0,-319.0,-692.0
96.0,-370.0,343.0,-176.0,-219.0,45.0,260.0,-184.0,-355.0,-700.0
90.0,32.0,465.0,-275.0,-252.0,50.0,218.0,-147.0,-370.0,-702.0
79.0,389.0,560.0,-336.0,-280.0,-38.0,134.0,151.0,-387.0,-690.0
58.0,598.0,616.0,-376.0,-287.0,-132.0,97.0,406.0,-415.0,-678.0
44.0,646.0,696.0,-380.0,-261.0,-167.0,137.0,434.0,-423.0,-664.0
28.0,604.0,735.0,-365.0,-210.0,-14.0,161.0,151.0,-416.0,-652.0
11.0,603.0,757.0,-319.0,-152.0,73.0,163.0,-86.0,-407.0,-626.0
-32.0,702.0,795.0,-247.0,-113.0,22.0,137.0,-120.0,-365.0,-590.0
-66.0,812.0,806.0,-158.0,-103.0,39.0,109.0,-75.0,-315.0,-553.0
-102.0,876.0,819.0,-24.0,-103.0,41.0,91.0,216.0,-248.0,-487.0
-128.0,923.0,827.0,115.0,-95.0,-16.0,76.0,319.0,-171.0,-423.0
-152.0,943.0,805.0,230.0,-80.0,-65.0,91.0,328.0,-91.0,-377.0
-180.0,919.0,778.0,320.0,-64.0,-41.0,108.0,310.0,20.0,-319.0
-191.0,858.0,756.0,413.0,-43.0,16.0,123.0,-9.0,114.0,-265.0
-213.0,715.0,705.0,482.0,-7.0,-1.0,138.0,-201.0,188.0,-219.0
-204.0,481.0,677.0,477.0,33.0,14.0,127.0,-195.0,276.0,-178.0
-185.0,248.0,633.0,422.0,65.0,60.0,115.0,192.0,351.0,-146.0
-167.0,77.0,574.0,357.0,88.0,0.0,98.0,526.0,420.0,-118.0
-144.0,-85.0,536.0,259.0,106.0,-77.0,76.0,558.0,463.0,-95.0
-105.0,-297.0,455.0,131.0,124.0,-150.0,52.0,509.0,471.0,-75.0
-66.0,-575.0,409.0,0.0,147.0,-185.0,3.0,323.0,481.0,-49.0
-29.0,-858.0,349.0,-121.0,167.0,-176.0,-39.0,334.0,462.0,-22.0
4.0,-993.0,298.0,-212.0,171.0,-97.0,-62.0,114.0,424.0,-4.0
26.0,-960.0,285.0,-302.0,153.0,38.0,-95.0,-72.0,377.0,24.0
98.0,-876.0,236.0,-345.0,115.0,52.0,-99.0,53.0,314.0,38.0
162.0,-811.0,220.0,-337.0,65.0,-14.0,-84.0,256.0,275.0,48.0
210.0,-756.0,191.0,-319.0,12.0,-58.0,-96.0,722.0,248.0,63.0
272.0,-652.0,154.0,-280.0,-25.0,-129.0,-91.0,685.0,242.0,71.0
339.0,-501.0,126.0,-207.0,-32.0,-239.0,-81.0,157.0,252.0,85.0
396.0,-376.0,89.0,-114.0,-17.0,-210.0,-59.0,-186.0,270.0,108.0
438.0,-315.0,58.0,-40.0,0.0,-22.0,-20.0,-164.0,295.0,159.0
467.0,-293.0,17.0,33.0,3.0,133.0,-33.0,31.0,318.0,199.0
494.0,-323.0,-33.0,100.0,-11.0,160.0,-81.0,114.0,331.0,219.0
530.0,-437.0,-91.0,173.0,-39.0,85.0,-114.0,208.0,321.0,243.0
543.0,-554.0,-151.0,259.0,-71.0,-21.0,-95.0,140.0,294.0,254.0
560.0,-531.0,-210.0,341.0,-100.0,-87.0,-78.0,84.0,246.0,248.0
570.0,-304.0,-291.0,437.0,-119.0,-49.0,-90.0,-79.0,199.0,219.0
579.0,68.0,-368.0,511.0,-128.0,62.0,-91.0,-347.0,149.0,173.0
583.0,475.0,-426.0,564.0,-129.0,103.0,-71.0,-243.0,98.0,114.0
579.0,829.0,-518.0,592.0,-129.0,73.0,-32.0,75.0,75.0,51.0
575.0,1064.0,-582.0,581.0,-129.0,128.0,-14.0,421.0,86.0,-2.0
569.0,1155.0,-648.0,584.0,-115.0,154.0,-5.0,400.0,126.0,-38.0
557.0,1124.0,-725.0,579.0,-86.0,44.0,-15.0,0.0,164.0,-63.0
522.0,959.0,-769.0,535.0,-58.0,-158.0,-21.0,-456.0,192.0,-63.0
500.0,665.0,-839.0,483.0,-34.0,-208.0,-15.0,-537.0,213.0,-49.0
470.0,352.0,-879.0,432.0,-4.0,-64.0,-51.0,3.0,232.0,-39.0
429.0,94.0,-908.0,370.0,27.0,-57.0,-113.0,325.0,225.0,-18.0
384.0,-126.0,-908.0,304.0,49.0,-106.0,-141.0,269.0,211.0,-10.0
348.0,-274.0,-895.0,246.0,65.0,-92.0,-105.0,221.0,196.0,-18.0
316.0,-275.0,-882.0,178.0,93.0,-16.0,-74.0,356.0,155.0,-45.0
269.0,-106.0,-842.0,72.0,136.0,0.0,-62.0,572.0,113.0,-98.0
233.0,196.0,-788.0,-49.0,180.0,-72.0,-57.0,458.0,72.0,-163.0
179.0,506.0,-715.0,-158.0,214.0,-83.0,-84.0,437.0,48.0,-240.0
109.0,635.0,-640.0,-280.0,227.0,-183.0,-132.0,210.0,10.0,-303.0
19.0,514.0,-508.0,-399.0,216.0,-256.0,-185.0,181.0,-35.0,-324.0
-55.0,255.0,-424.0,-475.0,180.0,-128.0,-174.0,631.0,-60.0,-331.0
-122.0,19.0,-313.0,-516.0,128.0,32.0,-134.0,667.0,-98.0,-299.0
-187.0,-120.0,-175.0,-525.0,81.0,49.0,-101.0,341.0,-117.0,-214.0
-234.0,-259.0,-113.0,-477.0,53.0,-53.0,-88.0,-304.0,-142.0,-133.0
-281.0,-451.0,6.0,-389.0,38.0,-68.0,-130.0,-325.0,-167.0,-36.0
-288.0,-605.0,72.0,-291.0,27.0,-12.0,-176.0,70.0,-163.0,51.0
-309.0,-712.0,121.0,-195.0,18.0,-70.0,-210.0,310.0,-156.0,125.0
-341.0,-804.0,166.0,-94.0,8.0,-123.0,-215.0,280.0,-134.0,191.0
-339.0,-827.0,178.0,0.0,1.0,0.0,-205.0,-199.0,-108.0,217.0
-310.0,-746.0,216.0,67.0,-2.0,183.0,-234.0,-290.0,-91.0,240.0
-277.0,-626.0,233.0,129.0,-4.0,209.0,-291.0,-229.0,-104.0,254.0
-269.0,-494.0,267.0,189.0,-2.0,93.0,-321.0,72.0,-141.0,259.0
-222.0,-329.0,287.0,219.0,9.0,68.0,-296.0,5.0,-175.0,264.0
-157.0,-163.0,348.0,211.0,26.0,41.0,-299.0,-254.0,-237.0,272.0
-93.0,-46.0,401.0,195.0,39.0,-42.0,-309.0,238.0,-309.0,294.0
-27.0,16.0,456.0,177.0,48.0,4.0,-285.0,279.0,-380.0,315.0
20.0,139.0,532.0,127.0,48.0,119.0,-253.0,138.0,-459.0,323.0
94.0,365.0,581.0,82.0,41.0,149.0,-229.0,40.0,-517.0,335.0
161.0,571.0,651.0,41.0,22.0,67.0,-252.0,-112.0,-564.0,345.0
222.0,650.0,686.0,-17.0,-5.0,47.0,-277.0,48.0,-600.0,341.0
270.0,609.0,746.0,-75.0,-39.0,146.0,-258.0,66.0,-627.0,329.0
304.0,501.0,769.0,-126.0,-72.0,135.0,-232.0,258.0,-642.0,298.0
356.0,355.0,772.0,-155.0,-103.0,60.0,-232.0,351.0,-636.0,235.0
382.0,208.0,780.0,-176.0,-135.0,150.0,-236.0,49.0,-615.0,131.0
389.0,66.0,767.0,-185.0,-162.0,227.0,-235.0,-341.0,-553.0,22.0
409.0,-68.0,731.0,-189.0,-175.0,194.0,-249.0,-583.0,-464.0,-104.0
441.0,-173.0,673.0,-217.0,-170.0,110.0,-274.0,-406.0,-360.0,-258.0
467.0,-271.0,640.0,-238.0,-151.0,133.0,-282.0,-206.0,-260.0,-393.0
490.0,-388.0,532.0,-233.0,-128.0,214.0,-277.0,-273.0,-164.0,-518.0
504.0,-459.0,466.0,-215.0,-112.0,116.0,-278.0,-341.0,-70.0,-615.0
511.0,-409.0,383.0,-189.0,-108.0,89.0,-280.0,140.0,8.0,-688.0
532.0,-320.0,285.0,-145.0,-101.0,112.0,-288.0,242.0,92.0,-728.0
555.0,-317.0,210.0,-118.0,-77.0,131.0,-308.0,-158.0,146.0,-718.0
568.0,-364.0,125.0,-103.0,-41.0,98.0,-333.0,-64.0,181.0,-703.0
580.0,-378.0,74.0,-96.0,-9.0,-51.0,-345.0,-290.0,189.0,-675.0
589.0,-345.0,-44.0,-118.0,15.0,-49.0,-344.0,-502.0,183.0,-639.0
595.0,-272.0,-88.0,-162.0,32.0,-86.0,-352.0,-105.0,183.0,-618.0
606.0,-170.0,-143.0,-200.0,41.0,-217.0,-373.0,-53.0,157.0,-601.0
593.0,-28.0,-172.0,-225.0,38.0,-184.0,-389.0,-214.0,135.0,-596.0
583.0,131.0,-203.0,-270.0,34.0,-45.0,-397.0,-279.0,101.0,-596.0
593.0,271.0,-242.0,-315.0,38.0,25.0,-380.0,-493.0,56.0,-593.0
613.0,414.0,-245.0,-350.0,43.0,39.0,-354.0,-400.0,33.0,-581.0
615.0,607.0,-301.0,-390.0,42.0,102.0,-349.0,-186.0,28.0,-559.0
596.0,809.0,-271.0,-397.0,24.0,148.0,-333.0,-175.0,8.0,-523.0
582.0,929.0,-257.0,-363.0,-3.0,105.0,-321.0,-317.0,-32.0,-470.0
561.0,972.0,-208.0,-303.0,-39.0,64.0,-313.0,-310.0,-64.0,-413.0
549.0,970.0,-284.0,-227.0,-75.0,137.0,-281.0,-57.0,-93.0,-339.0
518.0,927.0,-257.0,-124.0,-99.0,211.0,-261.0,-114.0,-105.0,-261.0
488.0,828.0,-203.0,-13.0,-107.0,256.0,-277.0,-225.0,-105.0,-176.0
485.0,602.0,-302.0,73.0,-101.0,328.0,-294.0,-5.0,-111.0,-82.0
491.0,249.0,-222.0,152.0,-90.0,366.0,-277.0,271.0,-97.0,0.0
470.0,-116.0,-226.0,189.0,-73.0,330.0,-260.0,182.0,-58.0,73.0
427.0,-366.0,-221.0,211.0,-51.0,216.0,-246.0,-60.0,-7.0,134.0
395.0,-496.0,-215.0,226.0,-35.0,209.0,-239.0,-264.0,37.0,192.0
374.0,-625.0,-197.0,197.0,-33.0,268.0,-261.0,-399.0,79.0,219.0
359.0,-798.0,-177.0,155.0,-46.0,241.0,-267.0,-194.0,117.0,236.0
317.0,-987.0,-158.0,114.0,-70.0,276.0,-272.0,24.0,135.0,261.0
298.0,-1137.0,-163.0,82.0,-88.0,394.0,-291.0,44.0,147.0,271.0
272.0,-1190.0,-191.0,58.0,-94.0,400.0,-296.0,169.0,161.0,275.0
251.0,-1085.0,-102.0,76.0,-98.0,257.0,-288.0,114.0,164.0,280.0
219.0,-807.0,-123.0,117.0,-103.0,173.0,-288.0,-35.0,157.0,298.0
168.0,-450.0,-85.0,145.0,-109.0,217.0,-317.0,-266.0,133.0,308.0
135.0,-125.0,-38.0,216.0,-113.0,231.0,-335.0,-286.0,85.0,306.0
90.0,93.0,-38.0,294.0,-103.0,198.0,-332.0,-92.0,21.0,322.0
73.0,269.0,-91.0,359.0,-78.0,257.0,-303.0,-277.0,-17.0,331.0
29.0,484.0,-110.0,429.0,-36.0,268.0,-277.0,-144.0,-35.0,314.0
-7.0,658.0,-91.0,489.0,7.0,164.0,-282.0,-131.0,-52.0,310.0
-31.0,726.0,-178.0,526.0,32.0,79.0,-281.0,97.0,-70.0,296.0
-60.0,664.0,-147.0,535.0,42.0,64.0,-317.0,225.0,-82.0,279.0
-91.0,483.0,-193.0,547.0,46.0,135.0,-364.0,-46.0,-76.0,273.0
-118.0,256.0,-281.0,550.0,48.0,154.0,-403.0,-12.0,-56.0,248.0
-121.0,74.0,-258.0,519.0,56.0,209.0,-436.0,-25.0,-24.0,245.0
-119.0,-14.0,-249.0,467.0,76.0,267.0,-449.0,-212.0,-10.0,249.0
-89.0,-58.0,-260.0,387.0,106.0,175.0,-480.0,-362.0,-3.0,257.0
-95.0,-140.0,-235.0,273.0,134.0,97.0,-494.0,68.0,35.0,291.0
-86.0,-285.0,-181.0,145.0,154.0,163.0,-489.0,103.0,97.0,340.0
-54.0,-362.0,-162.0,8.0,173.0,275.0,-456.0,295.0,158.0,386.0
-35.0,-331.0,-98.0,-95.0,190.0,151.0,-423.0,275.0,203.0,434.0
-17.0,-314.0,-33.0,-152.0,205.0,-20.0,-422.0,-81.0,243.0,491.0
-11.0,-367.0,17.0,-194.0,211.0,79.0,-423.0,48.0,277.0,511.0
8.0,-464.0,89.0,-193.0,203.0,164.0,-433.0,-330.0,313.0,503.0
19.0,-560.0,136.0,-168.0,183.0,52.0,-431.0,-251.0,348.0,488.0
30.0,-636.0,164.0,-124.0,156.0,-55.0,-418.0,46.0,376.0,445.0
25.0,-653.0,215.0,-51.0,122.0,29.0,-384.0,-11.0,422.0,355.0
22.0,-569.0,242.0,17.0,81.0,134.0,-369.0,-256.0,468.0,235.0
36.0,-380.0,217.0,87.0,34.0,31.0,-391.0,-585.0,524.0,105.0
61.0,-195.0,235.0,158.0,-6.0,8.0,-436.0,-358.0,559.0,-35.0
63.0,-124.0,232.0,209.0,-36.0,100.0,-487.0,-240.0,525.0,-181.0
38.0,-80.0,193.0,208.0,-66.0,76.0,-501.0,-375.0,493.0,-313.0
51.0,19.0,210.0,186.0,-98.0,25.0,-493.0,-461.0,471.0,-420.0
58.0,205.0,195.0,162.0,-125.0,58.0,-464.0,-476.0,430.0,-529.0
46.0,481.0,174.0,132.0,-146.0,87.0,-455.0,-129.0,377.0,-623.0
9.0,773.0,175.0,110.0,-165.0,-32.0,-480.0,-129.0,304.0,-680.0
-23.0,992.0,133.0,95.0,-184.0,-95.0,-495.0,-190.0,240.0,-721.0
-68.0,1108.0,105.0,58.0,-196.0,54.0,-506.0,38.0,181.0,-730.0
-127.0,1145.0,85.0,30.0,-200.0,133.0,-536.0,64.0,108.0,-711.0
-181.0,1070.0,64.0,28.0,-197.0,4.0,-577.0,-245.0,19.0,-679.0
-237.0,892.0,26.0,-14.0,-180.0,-68.0,-604.0,-565.0,-65.0,-632.0
-253.0,706.0,0.0,-65.0,-146.0,18.0,-631.0,-458.0,-145.0,-603.0
-271.0,540.0,-13.0,-110.0,-99.0,76.0,-643.0,-502.0,-252.0,-594.0
-272.0,335.0,-66.0,-149.0,-51.0,72.0,-645.0,-343.0,-350.0,-586.0
-258.0,95.0,-60.0,-176.0,-13.0,135.0,-642.0,-317.0,-417.0,-602.0
-241.0,-161.0,-70.0,-176.0,11.0,278.0,-603.0,-484.0,-470.0,-643.0
-212.0,-447.0,-103.0,-140.0,16.0,277.0,-542.0,-465.0,-506.0,-675.0
-171.0,-727.0,-116.0,-103.0,2.0,222.0,-523.0,-602.0,-514.0,-711.0
-137.0,-910.0,-148.0,-46.0,-22.0,281.0,-511.0,-800.0,-484.0,-738.0
-120.0,-979.0,-191.0,6.0,-46.0,298.0,-482.0,-960.0,-434.0,-758.0
-67.0,-1007.0,-242.0,47.0,-61.0,262.0,-490.0,-421.0,-383.0,-770.0
-22.0,-1006.0,-271.0,62.0,-63.0,241.0,-495.0,31.0,-312.0,-776.0
28.0,-929.0,-317.0,64.0,-56.0,272.0,-503.0,-73.0,-238.0,-788.0
53.0,-744.0,-395.0,53.0,-53.0,177.0,-550.0,-267.0,-172.0,-785.0
67.0,-481.0,-414.0,30.0,-56.0,-13.0,-587.0,-386.0,-113.0,-785.0
86.0,-218.0,-457.0,20.0,-51.0,44.0,-582.0,-375.0,-78.0,-774.0
85.0,1.0,-540.0,-25.0,-22.0,172.0,-560.0,-402.0,-74.0,-759.0
92.0,159.0,-571.0,-100.0,20.0,116.0,-526.0,-380.0,-123.0,-743.0
76.0,276.0,-640.0,-172.0,52.0,59.0,-523.0,-559.0,-197.0,-717.0
76.0,355.0,-638.0,-228.0,59.0,216.0,-553.0,-661.0,-281.0,-685.0
74.0,370.0,-656.0,-290.0,48.0,354.0,-536.0,-397.0,-381.0,-625.0
84.0,345.0,-673.0,-353.0,38.0,185.0,-523.0,-362.0,-470.0,-544.0
79.0,340.0,-571.0,-411.0,32.0,22.0,-518.0,-676.0,-558.0,-429.0
71.0,360.0,-623.0,-475.0,20.0,116.0,-520.0,-720.0,-622.0,-300.0
75.0,378.0,-593.0,-546.0,4.0,235.0,-546.0,-580.0,-672.0,-153.0
62.0,410.0,-513.0,-612.0,-7.0,166.0,-520.0,-428.0,-716.0,7.0
64.0,462.0,-528.0,-646.0,-17.0,82.0,-493.0,-354.0,-730.0,162.0
47.0,480.0,-453.0,-660.0,-22.0,137.0,-468.0,-317.0,-724.0,331.0
66.0,364.0,-407.0,-671.0,-18.0,111.0,-401.0,-297.0,-687.0,476.0
101.0,89.0,-396.0,-696.0,-10.0,-4.0,-367.0,-663.0,-628.0,595.0
125.0,-212.0,-344.0,-715.0,0.0,52.0,-339.0,-698.0,-530.0,680.0
164.0,-394.0,-295.0,-719.0,6.0,246.0,-327.0,-587.0,-387.0,710.0
212.0,-477.0,-242.0,-706.0,10.0,216.0,-327.0,-558.0,-221.0,701.0
254.0,-618.0,-171.0,-656.0,14.0,58.0,-271.0,-432.0,-42.0,664.0
291.0,-835.0,-123.0,-607.0,18.0,129.0,-218.0,-554.0,134.0,621.0
337.0,-1028.0,-17.0,-560.0,24.0,224.0,-186.0,-219.0,301.0,572.0
374.0,-1067.0,74.0,-490.0,32.0,106.0,-149.0,-155.0,463.0,537.0
421.0,-923.0,73.0,-401.0,40.0,-55.0,-134.0,-397.0,594.0,514.0
433.0,-688.0,176.0,-287.0,51.0,13.0,-133.0,-421.0,699.0,496.0
434.0,-374.0,272.0,-176.0,65.0,135.0,-119.0,-524.0,781.0,500.0
424.0,-6.0,257.0,-73.0,77.0,92.0,-103.0,-297.0,829.0,492.0
404.0,338.0,320.0,27.0,69.0,62.0,-109.0,-288.0,850.0,459.0
392.0,610.0,356.0,108.0,39.0,139.0,-172.0,-103.0,837.0,445.0
355.0,834.0,336.0,179.0,-3.0,218.0,-232.0,44.0,790.0,411.0
313.0,1009.0,354.0,222.0,-47.0,127.0,-200.0,-84.0,674.0,348.0
255.0,1064.0,331.0,219.0,-77.0,98.0,-112.0,-227.0,524.0,293.0
206.0,932.0,302.0,179.0,-94.0,181.0,-23.0,-506.0,372.0,265.0
149.0,570.0,230.0,107.0,-101.0,85.0,-7.0,-225.0,207.0,271.0
102.0,94.0,174.0,34.0,-98.0,-63.0,-53.0,-201.0,59.0,283.0
61.0,-262.0,174.0,-33.0,-91.0,-76.0,-87.0,-223.0,-86.0,308.0
28.0,-366.0,103.0,-103.0,-92.0,60.0,-110.0,-101.0,-194.0,343.0
17.0,-319.0,88.0,-142.0,-102.0,65.0,-82.0,-145.0,-268.0,372.0
12.0,-303.0,79.0,-152.0,-109.0,-83.0,-18.0,-201.0,-322.0,378.0
13.0,-367.0,48.0,-139.0,-98.0,-1.0,14.0,-445.0,-331.0,365.0
2.0,-430.0,59.0,-108.0,-71.0,180.0,-4.0,-323.0,-305.0,348.0
-4.0,-402.0,48.0,-44.0,-32.0,206.0,-49.0,-460.0,-246.0,304.0
-22.0,-367.0,78.0,70.0,6.0,182.0,-49.0,-535.0,-163.0,244.0
-24.0,-458.0,91.0,190.0,31.0,209.0,-30.0,-441.0,-58.0,175.0
-32.0,-604.0,80.0,313.0,44.0,246.0,-5.0,-594.0,59.0,103.0
-42.0,-643.0,96.0,432.0,46.0,229.0,32.0,-417.0,169.0,11.0
-51.0,-523.0,77.0,502.0,39.0,199.0,63.0,-240.0,275.0,-76.0
-60.0,-348.0,59.0,515.0,23.0,231.0,109.0,-101.0,375.0,-145.0
-70.0,-269.0,61.0,487.0,6.0,241.0,140.0,-120.0,466.0,-234.0
-101.0,-288.0,63.0,422.0,-1.0,183.0,163.0,-160.0,540.0,-320.0
-103.0,-263.0,37.0,348.0,1.0,173.0,168.0,-277.0,582.0,-404.0
-113.0,-115.0,24.0,289.0,6.0,166.0,160.0,-363.0,605.0,-465.0
-140.0,32.0,9.0,234.0,9.0,142.0,138.0,-286.0,587.0,-509.0
-166.0,69.0,-21.0,209.0,11.0,146.0,73.0,-609.0,544.0,-546.0
-166.0,69.0,-20.0,223.0,11.0,162.0,35.0,-803.0,474.0,-546.0
-162.0,122.0,-18.0,266.0,15.0,219.0,37.0,-739.0,364.0,-519.0
-161.0,170.0,-37.0,309.0,19.0,208.0,67.0,-539.0,248.0,-486.0
-142.0,145.0,-30.0,358.0,17.0,197.0,105.0,-360.0,99.0,-435.0
-112.0,163.0,0.0,411.0,13.0,231.0,112.0,-271.0,-53.0,-360.0
-74.0,302.0,-5.0,451.0,17.0,201.0,88.0,-164.0,-204.0,-304.0
-52.0,460.0,25.0,493.0,29.0,259.0,67.0,-349.0,-350.0,-250.0
-37.0,551.0,28.0,494.0,38.0,300.0,43.0,-395.0,-482.0,-213.0
-6.0,577.0,69.0,455.0,36.0,211.0,-11.0,-382.0,-591.0,-205.0
38.0,537.0,111.0,392.0,18.0,154.0,-57.0,-519.0,-692.0,-189.0
37.0,372.0,53.0,285.0,-9.0,126.0,-65.0,-456.0,-784.0,-190.0
74.0,139.0,95.0,155.0,-36.0,151.0,-58.0,-467.0,-804.0,-189.0
141.0,3.0,92.0,36.0,-61.0,150.0,-60.0,-463.0,-823.0,-161.0
179.0,-35.0,58.0,-77.0,-77.0,170.0,-66.0,-397.0,-802.0,-152.0
203.0,-66.0,3.0,-186.0,-78.0,322.0,-75.0,-578.0,-743.0,-134.0
223.0,-29.0,-28.0,-293.0,-68.0,334.0,-94.0,-626.0,-683.0,-112.0
259.0,160.0,-83.0,-420.0,-68.0,217.0,-135.0,-715.0,-578.0,-100.0
256.0,453.0,-175.0,-519.0,-85.0,168.0,-168.0,-702.0,-487.0,-81.0
235.0,759.0,-217.0,-581.0,-101.0,231.0,-211.0,-541.0,-369.0,-70.0
209.0,939.0,-330.0,-643.0,-95.0,283.0,-285.0,-711.0,-255.0,-45.0
204.0,892.0,-342.0,-715.0,-70.0,158.0,-307.0,-583.0,-149.0,-33.0
161.0,759.0,-420.0,-761.0,-47.0,71.0,-308.0,-613.0,-42.0,-45.0
65.0,674.0,-458.0,-778.0,-39.0,104.0,-317.0,-596.0,37.0,-51.0
-22.0,502.0,-449.0,-792.0,-47.0,79.0,-330.0,-572.0,124.0,-51.0
-93.0,117.0,-475.0,-764.0,-52.0,27.0,-361.0,-870.0,168.0,-74.0
-146.0,-310.0,-402.0,-711.0,-48.0,71.0,-381.0,-877.0,215.0,-97.0
-243.0,-561.0,-381.0,-642.0,-41.0,234.0,-362.0,-1047.0,262.0,-112.0
-330.0,-626.0,-321.0,-536.0,-35.0,228.0,-347.0,-681.0,282.0,-149.0
-401.0,-614.0,-255.0,-435.0,-32.0,60.0,-359.0,-493.0,295.0,-175.0
-456.0,-587.0,-174.0,-334.0,-26.0,79.0,-359.0,-618.0,284.0,-199.0
-505.0,-516.0,-121.0,-228.0,-9.0,128.0,-368.0,-589.0,274.0,-204.0
-571.0,-360.0,-34.0,-130.0,14.0,89.0,-372.0,-899.0,241.0,-193.0
-605.0,-168.0,47.0,-29.0,30.0,43.0,-383.0,-654.0,200.0,-164.0
-618.0,-59.0,93.0,41.0,29.0,33.0,-416.0,-715.0,125.0,-112.0
-623.0,-91.0,160.0,74.0,9.0,-4.0,-453.0,-805.0,35.0,-60.0
-621.0,-203.0,152.0,80.0,-19.0,-175.0,-502.0,-709.0,-60.0,10.0
-630.0,-246.0,217.0,65.0,-43.0,-268.0,-526.0,-881.0,-174.0,81.0
-606.0,-191.0,202.0,46.0,-57.0,-138.0,-500.0,-715.0,-276.0,157.0
-551.0,-166.0,195.0,6.0,-57.0,-4.0,-447.0,-740.0,-399.0,229.0
-531.0,-192.0,201.0,-38.0,-38.0,-16.0,-394.0,-735.0,-504.0,289.0
-522.0,-172.0,150.0,-77.0,-1.0,-39.0,-345.0,-766.0,-575.0,335.0
-500.0,-82.0,171.0,-100.0,46.0,-49.0,-357.0,-718.0,-608.0,357.0
-455.0,-35.0,116.0,-82.0,84.0,-84.0,-411.0,-602.0,-595.0,352.0
-427.0,-128.0,61.0,-51.0,94.0,-168.0,-426.0,-685.0,-568.0,328.0
-414.0,-277.0,46.0,-4.0,76.0,-143.0,-375.0,-522.0,-547.0,308.0
-384.0,-352.0,39.0,67.0,44.0,-63.0,-263.0,-674.0,-515.0,263.0
-349.0,-294.0,11.0,137.0,11.0,-104.0,-188.0,-833.0,-461.0,212.0
-290.0,-123.0,-1.0,186.0,-19.0,-143.0,-202.0,-611.0,-393.0,191.0
-258.0,-15.0,8.0,214.0,-49.0,-217.0,-237.0,-569.0,-300.0,171.0
-236.0,-92.0,-26.0,211.0,-72.0,-244.0,-245.0,-524.0,-208.0,150.0
-205.0,-244.0,-5.0,199.0,-82.0,-195.0,-221.0,-306.0,-130.0,156.0
-176.0,-363.0,12.0,191.0,-83.0,-171.0,-198.0,-151.0,-40.0,171.0
-137.0,-457.0,17.0,141.0,-79.0,-154.0,-200.0,-101.0,40.0,195.0
-118.0,-515.0,45.0,76.0,-81.0,-171.0,-224.0,-293.0,99.0,246.0
-88.0,-508.0,49.0,31.0,-96.0,-195.0,-252.0,-583.0,156.0,293.0
-39.0,-431.0,58.0,-4.0,-118.0,-156.0,-252.0,-598.0,221.0,339.0
5.0,-267.0,79.0,-35.0,-145.0,-187.0,-219.0,-596.0,280.0,365.0
22.0,-34.0,86.0,-64.0,-157.0,-280.0,-154.0,-454.0,328.0,367.0
7.0,123.0,116.0,-69.0,-144.0,-292.0,-83.0,-373.0,365.0,358.0
0.0,83.0,179.0,-37.0,-119.0,-309.0,-38.0,-434.0,393.0,318.0
8.0,-58.0,187.0,-6.0,-86.0,-294.0,-34.0,-303.0,393.0,276.0
2.0,-103.0,229.0,35.0,-51.0,-265.0,-42.0,-343.0,350.0,242.0
-44.0,14.0,241.0,62.0,-8.0,-221.0,-46.0,-199.0,288.0,200.0
-89.0,238.0,208.0,48.0,42.0,-164.0,-51.0,-171.0,213.0,162.0
-98.0,470.0,236.0,45.0,84.0,-177.0,0.0,-367.0,121.0,146.0
-100.0,550.0,192.0,39.0,116.0,-181.0,35.0,-303.0,32.0,126.0
-122.0,430.0,146.0,39.0,148.0,-172.0,17.0,-323.0,-40.0,103.0
-135.0,227.0,91.0,20.0,183.0,-204.0,-10.0,-194.0,-126.0,93.0
-111.0,15.0,10.0,-23.0,210.0,-315.0,-49.0,-286.0,-198.0,74.0
-89.0,-220.0,-58.0,-69.0,214.0,-278.0,-60.0,-443.0,-242.0,60.0
-74.0,-462.0,-162.0,-114.0,194.0,-47.0,-52.0,-339.0,-275.0,59.0
-61.0,-605.0,-238.0,-140.0,158.0,-2.0,-46.0,-419.0,-273.0,74.0
-21.0,-577.0,-310.0,-190.0,113.0,-139.0,-37.0,-131.0,-253.0,102.0
34.0,-450.0,-370.0,-243.0,69.0,-157.0,-29.0,-88.0,-236.0,151.0
68.0,-379.0,-427.0,-291.0,35.0,-37.0,-30.0,-254.0,-211.0,182.0
99.0,-375.0,-453.0,-335.0,14.0,15.0,-32.0,-86.0,-173.0,187.0
122.0,-402.0,-461.0,-395.0,2.0,-39.0,-25.0,-284.0,-127.0,198.0
146.0,-415.0,-474.0,-449.0,-7.0,-58.0,18.0,-125.0,-78.0,180.0
132.0,-203.0,-451.0,-474.0,-19.0,-14.0,76.0,-14.0,-31.0,158.0
83.0,250.0,-427.0,-508.0,-29.0,-38.0,84.0,-206.0,-3.0,138.0
39.0,679.0,-415.0,-498.0,-34.0,-31.0,79.0,-46.0,33.0,112.0
10.0,940.0,-372.0,-455.0,-33.0,64.0,38.0,-179.0,85.0,75.0
-22.0,996.0,-331.0,-430.0,-27.0,55.0,-1.0,-75.0,134.0,36.0
-83.0,839.0,-341.0,-394.0,-14.0,-60.0,38.0,-151.0,169.0,15.0
-109.0,626.0,-291.0,-330.0,2.0,-101.0,70.0,-382.0,188.0,-31.0
-145.0,501.0,-267.0,-266.0,9.0,-18.0,82.0,-186.0,196.0,-79.0
-174.0,382.0,-267.0,-202.0,0.0,6.0,91.0,-295.0,186.0,-115.0
-189.0,190.0,-214.0,-133.0,-19.0,-6.0,63.0,-20.0,165.0,-136.0
-218.0,38.0,-197.0,-68.0,-50.0,69.0,45.0,36.0,138.0,-132.0
-240.0,9.0,-160.0,-22.0,-79.0,121.0,81.0,-145.0,112.0,-125.0
-277.0,18.0,-127.0,3.0,-92.0,64.0,140.0,62.0,100.0,-104.0
-311.0,26.0,-94.0,46.0,-79.0,-18.0,173.0,-166.0,82.0,-61.0
-330.0,59.0,-72.0,83.0,-49.0,66.0,176.0,5.0,75.0,-31.0
-356.0,80.0,-96.0,104.0,-9.0,233.0,152.0,55.0,66.0,-5.0
-388.0,74.0,-62.0,123.0,33.0,204.0,106.0,-371.0,40.0,16.0
-388.0,81.0,-66.0,125.0,72.0,84.0,107.0,-288.0,0.0,8.0
-400.0,105.0,-122.0,131.0,101.0,75.0,168.0,-343.0,-108.0,-10.0
-418.0,69.0,-132.0,127.0,117.0,84.0,243.0,-264.0,-246.0,-52.0
-433.0,-53.0,-136.0,135.0,127.0,68.0,279.0,-205.0,-402.0,-110.0
-440.0,-195.0,-166.0,179.0,129.0,100.0,272.0,-469.0,-568.0,-189.0
-399.0,-336.0,-180.0,205.0,129.0,160.0,244.0,-325.0,-710.0,-280.0
-372.0,-506.0,-185.0,217.0,120.0,105.0,177.0,-290.0,-842.0,-366.0
-342.0,-612.0,-214.0,234.0,98.0,-44.0,112.0,-304.0,-942.0,-450.0
-292.0,-572.0,-236.0,231.0,72.0,-130.0,90.0,-210.0,-1016.0,-510.0
-238.0,-456.0,-212.0,213.0,39.0,-176.0,85.0,-395.0,-1067.0,-556.0
-203.0,-286.0,-190.0,204.0,-3.0,-176.0,71.0,-349.0,-1070.0,-578.0
-192.0,-80.0,-204.0,199.0,-54.0,-48.0,43.0,-247.0,-1018.0,-573.0
-162.0,108.0,-167.0,169.0,-109.0,106.0,12.0,-223.0,-936.0,-547.0
-127.0,269.0,-144.0,141.0,-163.0,95.0,16.0,-7.0,-807.0,-495.0
-106.0,402.0,-124.0,122.0,-210.0,-32.0,34.0,-127.0,-645.0,-444.0
-92.0,580.0,-63.0,100.0,-248.0,-107.0,24.0,-216.0,-464.0,-391.0
-71.0,823.0,-17.0,86.0,-265.0,-83.0,35.0,-114.0,-246.0,-318.0
-55.0,987.0,68.0,76.0,-249.0,-83.0,72.0,-182.0,-39.0,-273.0
-57.0,910.0,109.0,75.0,-212.0,-127.0,111.0,-25.0,157.0,-247.0
-70.0,685.0,169.0,58.0,-167.0,-116.0,91.0,-131.0,326.0,-203.0
-93.0,518.0,256.0,33.0,-130.0,-105.0,21.0,-114.0,452.0,-176.0
-120.0,379.0,287.0,0.0,-105.0,-173.0,-28.0,20.0,543.0,-145.0
-143.0,157.0,363.0,-38.0,-87.0,-272.0,-17.0,-158.0,598.0,-108.0
-176.0,-58.0,404.0,-64.0,-70.0,-208.0,11.0,77.0,614.0,-72.0
-215.0,-107.0,412.0,-91.0,-54.0,-135.0,-28.0,-121.0,571.0,-38.0
-253.0,2.0,453.0,-127.0,-44.0,-223.0,-77.0,-164.0,504.0,-17.0
-298.0,116.0,461.0,-174.0,-36.0,-206.0,-120.0,155.0,393.0,14.0
-343.0,164.0,441.0,-224.0,-22.0,-152.0,-134.0,110.0,262.0,44.0
-385.0,182.0,438.0,-280.0,-7.0,-191.0,-97.0,458.0,136.0,74.0
-419.0,188.0,409.0,-342.0,5.0,-192.0,-66.0,447.0,0.0,93.0
-444.0,182.0,381.0,-417.0,18.0,-123.0,-69.0,439.0,-103.0,98.0
-448.0,192.0,354.0,-494.0,34.0,-108.0,-110.0,397.0,-191.0,87.0
-454.0,236.0,310.0,-577.0,47.0,-214.0,-116.0,-35.0,-244.0,52.0
-468.0,250.0,307.0,-669.0,52.0,-269.0,-63.0,48.0,-250.0,23.0
-470.0,207.0,250.0,-748.0,45.0,-192.0,-20.0,-73.0,-254.0,-11.0
-473.0,126.0,198.0,-823.0,25.0,-160.0,-28.0,-79.0,-239.0,-68.0
-474.0,6.0,181.0,-861.0,5.0,-244.0,-63.0,25.0,-201.0,-118.0
-482.0,-146.0,146.0,-873.0,-11.0,-210.0,-75.0,-168.0,-157.0,-154.0
-493.0,-342.0,145.0,-867.0,-28.0,-91.0,-62.0,-53.0,-100.0,-196.0
-496.0,-532.0,153.0,-833.0,-43.0,-114.0,-36.0,-155.0,-56.0,-228.0
-516.0,-644.0,144.0,-801.0,-50.0,-225.0,2.0,-262.0,-38.0,-248.0
-536.0,-640.0,150.0,-764.0,-47.0,-275.0,40.0,-166.0,-42.0,-257.0
-566.0,-641.0,170.0,-719.0,-40.0,-250.0,74.0,-145.0,-66.0,-239.0
-587.0,-741.0,144.0,-679.0,-34.0,-331.0,137.0,14.0,-78.0,-202.0
-596.0,-803.0,155.0,-636.0,-28.0,-398.0,180.0,46.0,-94.0,-123.0
-614.0,-740.0,171.0,-583.0,-22.0,-312.0,194.0,-64.0,-133.0,-58.0
-600.0,-634.0,139.0,-535.0,-15.0,-233.0,229.0,-62.0,-174.0,11.0
-596.0,-621.0,160.0,-473.0,-4.0,-223.0,211.0,-60.0,-221.0,94.0
-594.0,-712.0,157.0,-416.0,5.0,-233.0,176.0,-97.0,-276.0,144.0
-581.0,-799.0,130.0,-396.0,12.0,-165.0,155.0,-51.0,-322.0,190.0
-573.0,-794.0,148.0,-359.0,16.0,-141.0,166.0,-96.0,-340.0,203.0
-565.0,-744.0,133.0,-307.0,16.0,-282.0,222.0,-64.0,-345.0,198.0
-547.0,-712.0,126.0,-228.0,9.0,-308.0,249.0,11.0,-323.0,174.0
-502.0,-562.0,130.0,-124.0,6.0,-205.0,302.0,-190.0,-268.0,114.0
-472.0,-286.0,112.0,-21.0,16.0,-261.0,338.0,-118.0,-202.0,52.0
-425.0,-95.0,115.0,94.0,33.0,-364.0,344.0,-29.0,-118.0,-4.0
-365.0,-60.0,76.0,221.0,51.0,-356.0,364.0,-84.0,-40.0,-56.0
-327.0,-46.0,39.0,356.0,66.0,-307.0,417.0,-57.0,34.0,-94.0
-280.0,55.0,-13.0,478.0,77.0,-406.0,490.0,-245.0,107.0,-114.0
-227.0,163.0,-86.0,596.0,77.0,-543.0,507.0,-103.0,161.0,-121.0
-174.0,211.0,-145.0,716.0,67.0,-521.0,507.0,27.0,223.0,-110.0
-138.0,282.0,-217.0,819.0,69.0,-493.0,486.0,53.0,266.0,-98.0
-89.0,450.0,-272.0,897.0,92.0,-506.0,463.0,186.0,279.0,-74.0
-31.0,662.0,-334.0,960.0,124.0,-552.0,470.0,-11.0,282.0,-35.0
21.0,816.0,-356.0,977.0,156.0,-544.0,487.0,-16.0,264.0,3.0
68.0,867.0,-408.0,955.0,184.0,-519.0,502.0,-181.0,237.0,42.0
91.0,802.0,-443.0,937.0,201.0,-557.0,487.0,-245.0,205.0,70.0
135.0,674.0,-442.0,870.0,197.0,-521.0,500.0,70.0,184.0,98.0
189.0,558.0,-471.0,787.0,174.0,-454.0,570.0,64.0,152.0,89.0
227.0,388.0,-463.0,716.0,147.0,-423.0,636.0,242.0,118.0,71.0
242.0,169.0,-450.0,635.0,119.0,-472.0,674.0,227.0,91.0,52.0
279.0,86.0,-440.0,567.0,94.0,-550.0,698.0,70.0,50.0,2.0
326.0,148.0,-401.0,501.0,55.0,-551.0,668.0,129.0,12.0,-45.0
349.0,151.0,-367.0,453.0,1.0,-563.0,605.0,-44.0,-32.0,-101.0
365.0,38.0,-333.0,404.0,-48.0,-567.0,581.0,-1.0,-67.0,-163.0
372.0,35.0,-265.0,380.0,-81.0,-505.0,551.0,38.0,-127.0,-236.0
388.0,257.0,-213.0,391.0,-94.0,-488.0,524.0,-20.0,-201.0,-320.0
381.0,465.0,-134.0,397.0,-96.0,-521.0,529.0,7.0,-270.0,-376.0
351.0,445.0,-79.0,390.0,-87.0,-552.0,525.0,-62.0,-369.0,-420.0
329.0,290.0,-5.0,373.0,-70.0,-555.0,504.0,20.0,-454.0,-454.0
316.0,143.0,69.0,376.0,-50.0,-498.0,440.0,40.0,-541.0,-462.0
284.0,33.0,110.0,353.0,-23.0,-498.0,384.0,-103.0,-616.0,-445.0
239.0,-48.0,198.0,295.0,8.0,-531.0,380.0,-169.0,-665.0,-403.0
192.0,-136.0,233.0,242.0,42.0,-477.0,383.0,-181.0,-675.0,-348.0
152.0,-241.0,287.0,157.0,70.0,-447.0,394.0,27.0,-625.0,-269.0
119.0,-276.0,291.0,43.0,87.0,-490.0,391.0,149.0,-558.0,-186.0
47.0,-186.0,321.0,-91.0,94.0,-496.0,363.0,38.0,-460.0,-126.0
-23.0,-31.0,341.0,-266.0,86.0,-423.0,364.0,70.0,-356.0,-52.0
-99.0,112.0,303.0,-452.0,55.0,-408.0,396.0,-116.0,-247.0,27.0
-172.0,171.0,328.0,-617.0,5.0,-427.0,438.0,-81.0,-129.0,82.0
-261.0,129.0,281.0,-778.0,-48.0,-326.0,468.0,125.0,-22.0,121.0
-367.0,44.0,281.0,-904.0,-89.0,-251.0,486.0,194.0,92.0,175.0
-440.0,-6.0,265.0,-986.0,-110.0,-269.0,473.0,465.0,215.0,212.0
-520.0,2.0,220.0,-1015.0,-117.0,-281.0,425.0,338.0,337.0,219.0
-599.0,6.0,224.0,-998.0,-118.0,-283.0,400.0,408.0,455.0,231.0
-682.0,-19.0,210.0,-968.0,-118.0,-285.0,357.0,480.0,561.0,240.0
-758.0,-51.0,185.0,-886.0,-119.0,-358.0,352.0,249.0,658.0,230.0
-818.0,-68.0,175.0,-820.0,-113.0,-430.0,371.0,264.0,731.0,209.0
-862.0,-38.0,186.0,-752.0,-101.0,-311.0,343.0,-64.0,780.0,198.0
-876.0,-15.0,170.0,-666.0,-88.0,-271.0,341.0,-118.0,807.0,188.0
-902.0,-71.0,188.0,-598.0,-75.0,-376.0,352.0,70.0,768.0,157.0
-896.0,-130.0,196.0,-530.0,-60.0,-317.0,375.0,144.0,684.0,123.0
-888.0,-139.0,219.0,-490.0,-37.0,-262.0,353.0,413.0,564.0,102.0
-891.0,-166.0,239.0,-443.0,-6.0,-351.0,306.0,412.0,411.0,70.0
-866.0,-101.0,253.0,-400.0,22.0,-381.0,268.0,471.0,256.0,20.0
-844.0,195.0,291.0,-371.0,43.0,-243.0,239.0,487.0,96.0,-17.0
-795.0,561.0,306.0,-369.0,54.0,-241.0,273.0,314.0,-53.0,-50.0
-729.0,756.0,341.0,-371.0,57.0,-444.0,320.0,410.0,-194.0,-100.0
-660.0,759.0,357.0,-364.0,51.0,-512.0,365.0,240.0,-330.0,-149.0
-596.0,692.0,378.0,-404.0,39.0,-431.0,373.0,195.0,-444.0,-170.0
-537.0,575.0,363.0,-413.0,27.0,-371.0,352.0,286.0,-535.0,-175.0
-472.0,415.0,366.0,-408.0,21.0,-371.0,325.0,66.0,-607.0,-166.0
-409.0,225.0,334.0,-416.0,14.0,-348.0,315.0,273.0,-631.0,-126.0
-336.0,-19.0,279.0,-372.0,2.0,-311.0,320.0,194.0,-610.0,-48.0
-278.0,-241.0,251.0,-316.0,-7.0,-331.0,326.0,288.0,-566.0,29.0
-207.0,-427.0,160.0,-262.0,-9.0,-380.0,291.0,504.0,-490.0,86.0
-133.0,-620.0,121.0,-177.0,5.0,-347.0,237.0,171.0,-397.0,148.0
-65.0,-778.0,46.0,-66.0,39.0,-333.0,252.0,386.0,-273.0,177.0
-4.0,-864.0,-38.0,51.0,77.0,-390.0,297.0,267.0,-143.0,154.0
44.0,-913.0,-100.0,171.0,93.0,-427.0,353.0,404.0,-22.0,108.0
121.0,-922.0,-192.0,294.0,89.0,-415.0,352.0,652.0,83.0,57.0
184.0,-802.0,-257.0,402.0,78.0,-381.0,320.0,498.0,169.0,-9.0
242.0,-601.0,-347.0,474.0,71.0,-430.0,300.0,622.0,241.0,-93.0
287.0,-410.0,-403.0,507.0,75.0,-383.0,300.0,258.0,282.0,-126.0
334.0,-177.0,-446.0,521.0,93.0,-263.0,317.0,284.0,318.0,-130.0
384.0,105.0,-502.0,502.0,121.0,-276.0,257.0,155.0,315.0,-123.0
403.0,305.0,-522.0,470.0,145.0,-324.0,201.0,114.0,274.0,-99.0
429.0,365.0,-543.0,450.0,153.0,-323.0,206.0,378.0,225.0,-65.0
424.0,419.0,-563.0,411.0,147.0,-252.0,229.0,232.0,139.0,1.0
415.0,592.0,-548.0,356.0,136.0,-213.0,248.0,528.0,60.0,44.0
388.0,860.0,-535.0,304.0,120.0,-248.0,241.0,351.0,-22.0,81.0
354.0,1051.0,-508.0,258.0,102.0,-265.0,218.0,330.0,-110.0,137.0
330.0,994.0,-482.0,211.0,92.0,-378.0,221.0,415.0,-170.0,195.0
289.0,738.0,-446.0,179.0,94.0,-479.0,232.0,328.0,-228.0,242.0
262.0,433.0,-397.0,177.0,106.0,-427.0,255.0,694.0,-257.0,280.0
225.0,243.0,-362.0,170.0,118.0,-349.0,308.0,576.0,-247.0,355.0
187.0,243.0,-277.0,148.0,125.0,-334.0,310.0,685.0,-223.0,416.0
139.0,295.0,-232.0,123.0,126.0,-317.0,268.0,576.0,-172.0,469.0
102.0,295.0,-181.0,89.0,126.0,-259.0,197.0,339.0,-90.0,541.0
85.0,316.0,-126.0,37.0,126.0,-306.0,125.0,452.0,-4.0,609.0
70.0,406.0,-86.0,-21.0,116.0,-392.0,120.0,199.0,99.0,679.0
64.0,538.0,-33.0,-99.0,101.0,-310.0,162.0,306.0,212.0,720.0
57.0,695.0,-27.0,-176.0,89.0,-98.0,185.0,334.0,288.0,742.0
49.0,776.0,28.0,-238.0,79.0,-93.0,169.0,474.0,326.0,725.0
14.0,674.0,44.0,-301.0,80.0,-217.0,134.0,678.0,335.0,636.0
4.0,432.0,40.0,-347.0,87.0,-212.0,98.0,474.0,314.0,515.0
-13.0,128.0,54.0,-378.0,90.0,-106.0,82.0,522.0,267.0,367.0
-40.0,-180.0,50.0,-398.0,94.0,-22.0,102.0,511.0,181.0,183.0
-45.0,-402.0,54.0,-396.0,106.0,-120.0,148.0,659.0,73.0,-16.0
-68.0,-494.0,57.0,-384.0,123.0,-206.0,168.0,652.0,-25.0,-198.0
-84.0,-515.0,87.0,-349.0,129.0,-267.0,153.0,528.0,-124.0,-349.0
-128.0,-520.0,97.0,-307.0,117.0,-302.0,135.0,574.0,-201.0,-493.0
-162.0,-521.0,140.0,-277.0,92.0,-146.0,130.0,493.0,-262.0,-611.0
-178.0,-514.0,178.0,-223.0,66.0,66.0,143.0,726.0,-318.0,-680.0
-197.0,-447.0,218.0,-158.0,40.0,79.0,147.0,613.0,-363.0,-715.0
-189.0,-277.0,273.0,-100.0,3.0,-56.0,115.0,447.0,-400.0,-712.0
-184.0,-58.0,310.0,-17.0,-50.0,-45.0,70.0,491.0,-398.0,-678.0
-167.0,92.0,361.0,59.0,-115.0,3.0,65.0,297.0,-402.0,-609.0
-143.0,155.0,404.0,126.0,-175.0,-122.0,107.0,356.0,-395.0,-535.0
-111.0,223.0,447.0,184.0,-223.0,-138.0,154.0,308.0,-378.0,-474.0
-80.0,288.0,480.0,226.0,-260.0,70.0,176.0,443.0,-360.0,-389.0
-36.0,212.0,521.0,267.0,-288.0,191.0,189.0,613.0,-304.0,-309.0
18.0,-4.0,547.0,279.0,-300.0,173.0,196.0,550.0,-237.0,-228.0
45.0,-180.0,591.0,242.0,-290.0,186.0,174.0,545.0,-141.0,-130.0
74.0,-206.0,605.0,182.0,-262.0,337.0,159.0,395.0,-20.0,-18.0
99.0,-163.0,619.0,129.0,-229.0,379.0,136.0,657.0,124.0,106.0
113.0,-133.0,647.0,58.0,-202.0,290.0,93.0,870.0,288.0,225.0
118.0,-57.0,613.0,-50.0,-185.0,309.0,86.0,792.0,467.0,360.0
126.0,80.0,621.0,-131.0,-175.0,362.0,101.0,648.0,640.0,496.0
131.0,188.0,597.0,-190.0,-158.0,295.0,106.0,347.0,774.0,625.0
122.0,236.0,568.0,-236.0,-127.0,163.0,118.0,182.0,882.0,740.0
109.0,217.0,558.0,-264.0,-94.0,216.0,165.0,90.0,958.0,853.0
96.0,128.0,513.0,-318.0,-70.0,315.0,174.0,225.0,993.0,958.0
83.0,59.0,462.0,-363.0,-54.0,265.0,169.0,277.0,991.0,1036.0
71.0,60.0,402.0,-398.0,-35.0,184.0,155.0,328.0,949.0,1111.0
73.0,93.0,342.0,-404.0,-13.0,253.0,93.0,406.0,869.0,1174.0
76.0,121.0,263.0,-380.0,8.0,266.0,74.0,373.0,791.0,1199.0
91.0,142.0,193.0,-355.0,32.0,122.0,67.0,591.0,679.0,1173.0
108.0,185.0,126.0,-306.0,61.0,87.0,45.0,711.0,544.0,1108.0
128.0,264.0,58.0,-238.0,98.0,56.0,-20.0,674.0,409.0,999.0
150.0,282.0,-19.0,-149.0,135.0,3.0,-100.0,450.0,258.0,845.0
175.0,162.0,-70.0,-59.0,169.0,2.0,-124.0,245.0,123.0,667.0
187.0,26.0,-118.0,48.0,191.0,91.0,-141.0,194.0,4.0,468.0
190.0,50.0,-178.0,162.0,195.0,181.0,-139.0,206.0,-76.0,255.0
227.0,234.0,-190.0,244.0,186.0,73.0,-115.0,498.0,-141.0,23.0
231.0,390.0,-219.0,324.0,167.0,14.0,-90.0,703.0,-214.0,-208.0
223.0,349.0,-226.0,409.0,139.0,116.0,-49.0,591.0,-273.0,-412.0
219.0,124.0,-204.0,471.0,108.0,162.0,27.0,504.0,-313.0,-603.0
197.0,-140.0,-193.0,482.0,87.0,150.0,62.0,491.0,-321.0,-777.0
170.0,-319.0,-160.0,484.0,67.0,181.0,60.0,467.0,-315.0,-901.0
134.0,-419.0,-139.0,499.0,38.0,280.0,99.0,646.0,-309.0,-985.0
111.0,-478.0,-108.0,501.0,-1.0,279.0,128.0,672.0,-306.0,-1037.0
72.0,-511.0,-71.0,508.0,-38.0,108.0,124.0,694.0,-282.0,-1048.0
41.0,-541.0,-69.0,522.0,-64.0,51.0,107.0,631.0,-231.0,-1025.0
8.0,-524.0,-66.0,552.0,-80.0,107.0,90.0,474.0,-181.0,-974.0
-29.0,-401.0,-74.0,588.0,-77.0,156.0,48.0,448.0,-149.0,-903.0
-41.0,-238.0,-80.0,605.0,-54.0,190.0,27.0,315.0,-101.0,-798.0
-61.0,-166.0,-93.0,605.0,-24.0,196.0,43.0,406.0,-33.0,-673.0
-74.0,-203.0,-107.0,564.0,8.0,204.0,62.0,386.0,64.0,-535.0
-88.0,-227.0,-113.0,491.0,40.0,58.0,81.0,430.0,163.0,-377.0
-112.0,-120.0,-139.0,429.0,63.0,-56.0,90.0,371.0,200.0,-231.0
-139.0,92.0,-153.0,359.0,71.0,-41.0,123.0,136.0,207.0,-97.0
-174.0,292.0,-176.0,276.0,67.0,-19.0,126.0,-46.0,188.0,3.0
-221.0,390.0,-187.0,187.0,67.0,4.0,128.0,105.0,165.0,74.0
-249.0,338.0,-179.0,79.0,82.0,28.0,134.0,533.0,121.0,119.0
-261.0,191.0,-191.0,-19.0,102.0,148.0,93.0,548.0,56.0,141.0
-300.0,58.0,-183.0,-111.0,120.0,133.0,85.0,554.0,6.0,151.0
-316.0,-45.0,-181.0,-175.0,130.0,58.0,78.0,269.0,-48.0,134.0
-327.0,-89.0,-172.0,-245.0,136.0,123.0,78.0,349.0,-82.0,122.0
-350.0,24.0,-133.0,-315.0,138.0,245.0,86.0,526.0,-127.0,90.0
-357.0,236.0,-118.0,-350.0,130.0,210.0,96.0,380.0,-172.0,44.0
-364.0,363.0,-104.0,-401.0,108.0,77.0,129.0,306.0,-201.0,7.0
-362.0,293.0,-65.0,-425.0,74.0,73.0,154.0,107.0,-217.0,-16.0
-346.0,139.0,-52.0,-435.0,36.0,79.0,180.0,299.0,-205.0,-11.0
-323.0,98.0,-32.0,-442.0,9.0,104.0,180.0,362.0,-182.0,11.0
-297.0,201.0,17.0,-453.0,7.0,104.0,169.0,480.0,-148.0,66.0
-245.0,356.0,12.0,-467.0,32.0,153.0,186.0,674.0,-93.0,137.0
-192.0,523.0,8.0,-460.0,63.0,75.0,188.0,554.0,-13.0,215.0
-161.0,722.0,32.0,-447.0,76.0,-37.0,179.0,412.0,56.0,305.0
-102.0,895.0,0.0,-409.0,62.0,-87.0,215.0,147.0,140.0,406.0
-37.0,1013.0,-16.0,-370.0,38.0,-256.0,264.0,-12.0,243.0,512.0
28.0,1188.0,-15.0,-314.0,15.0,-292.0,283.0,162.0,359.0,604.0
107.0,1407.0,-54.0,-231.0,1.0,-284.0,293.0,641.0,469.0,702.0
186.0,1525.0,-95.0,-134.0,6.0,-118.0,300.0,1067.0,550.0,777.0
308.0,1529.0,-122.0,-31.0,17.0,54.0,285.0,1103.0,639.0,837.0
390.0,1490.0,-156.0,55.0,18.0,56.0,273.0,1060.0,713.0,884.0
453.0,1399.0,-196.0,133.0,5.0,20.0,238.0,909.0,769.0,886.0
528.0,1232.0,-226.0,211.0,-14.0,0.0,191.0,731.0,794.0,878.0
598.0,1000.0,-239.0,265.0,-41.0,73.0,207.0,766.0,799.0,872.0
665.0,721.0,-254.0,308.0,-75.0,118.0,197.0,637.0,786.0,848.0
696.0,463.0,-248.0,346.0,-97.0,200.0,141.0,548.0,753.0,829.0
741.0,265.0,-240.0,363.0,-92.0,185.0,119.0,471.0,678.0,808.0
790.0,74.0,-230.0,379.0,-66.0,217.0,131.0,384.0,552.0,783.0
829.0,-111.0,-194.0,380.0,-31.0,294.0,183.0,184.0,432.0,776.0
838.0,-222.0,-180.0,384.0,1.0,363.0,249.0,16.0,306.0,760.0
832.0,-311.0,-148.0,386.0,27.0,400.0,275.0,53.0,184.0,754.0
839.0,-524.0,-121.0,363.0,40.0,361.0,250.0,125.0,66.0,746.0
841.0,-881.0,-108.0,342.0,37.0,478.0,229.0,436.0,-40.0,742.0
829.0,-1232.0,-47.0,318.0,35.0,502.0,204.0,463.0,-136.0,740.0
775.0,-1411.0,-22.0,287.0,45.0,485.0,152.0,351.0,-242.0,706.0
743.0,-1412.0,0.0,242.0,64.0,400.0,127.0,277.0,-318.0,703.0
728.0,-1389.0,53.0,199.0,84.0,407.0,114.0,474.0,-361.0,693.0
696.0,-1461.0,56.0,154.0,93.0,523.0,74.0,696.0,-378.0,672.0
647.0,-1556.0,84.0,94.0,84.0,496.0,41.0,454.0,-374.0,666.0
630.0,-1524.0,109.0,48.0,52.0,505.0,24.0,441.0,-372.0,661.0
635.0,-1311.0,116.0,10.0,10.0,513.0,16.0,275.0,-346.0,677.0
618.0,-953.0,147.0,-56.0,-29.0,660.0,31.0,121.0,-302.0,677.0
598.0,-524.0,149.0,-133.0,-61.0,760.0,62.0,223.0,-247.0,673.0
574.0,-50.0,181.0,-173.0,-84.0,810.0,60.0,218.0,-182.0,656.0
570.0,450.0,189.0,-212.0,-101.0,880.0,43.0,485.0,-132.0,625.0
560.0,900.0,182.0,-244.0,-114.0,891.0,32.0,452.0,-57.0,565.0
541.0,1248.0,191.0,-238.0,-125.0,918.0,60.0,66.0,35.0,477.0
513.0,1466.0,182.0,-244.0,-133.0,928.0,74.0,-84.0,131.0,393.0
485.0,1486.0,184.0,-243.0,-134.0,957.0,8.0,-64.0,243.0,284.0
462.0,1364.0,171.0,-205.0,-129.0,828.0,-19.0,332.0,322.0,172.0
407.0,1277.0,171.0,-153.0,-115.0,731.0,-38.0,349.0,388.0,68.0
350.0,1278.0,165.0,-88.0,-92.0,696.0,-42.0,192.0,461.0,-25.0
272.0,1280.0,146.0,-7.0,-63.0,666.0,-3.0,428.0,527.0,-124.0
193.0,1152.0,120.0,44.0,-24.0,609.0,35.0,190.0,566.0,-220.0
98.0,881.0,102.0,66.0,24.0,518.0,115.0,-125.0,577.0,-280.0
-17.0,641.0,68.0,103.0,73.0,622.0,183.0,-421.0,576.0,-330.0
-105.0,569.0,16.0,110.0,111.0,660.0,212.0,-400.0,561.0,-376.0
-194.0,567.0,-4.0,84.0,143.0,598.0,169.0,-46.0,534.0,-402.0
-271.0,457.0,-55.0,63.0,174.0,482.0,127.0,49.0,481.0,-396.0
-349.0,227.0,-106.0,39.0,198.0,451.0,149.0,-22.0,403.0,-401.0
-418.0,-39.0,-143.0,17.0,208.0,490.0,183.0,-277.0,328.0,-400.0
-472.0,-326.0,-180.0,-6.0,197.0,408.0,199.0,-114.0,243.0,-356.0
-499.0,-628.0,-203.0,-38.0,177.0,390.0,186.0,101.0,154.0,-281.0
-511.0,-884.0,-220.0,-57.0,172.0,376.0,185.0,312.0,84.0,-196.0
-534.0,-1082.0,-214.0,-60.0,185.0,344.0,180.0,565.0,5.0,-97.0
-540.0,-1255.0,-191.0,-51.0,211.0,241.0,210.0,524.0,-63.0,45.0
-526.0,-1299.0,-153.0,-12.0,230.0,180.0,266.0,402.0,-126.0,183.0
-483.0,-1153.0,-90.0,59.0,236.0,181.0,303.0,7.0,-178.0,305.0
-440.0,-949.0,-15.0,140.0,227.0,43.0,312.0,-22.0,-214.0,407.0
-395.0,-797.0,52.0,242.0,203.0,-64.0,263.0,123.0,-237.0,466.0
-344.0,-670.0,131.0,338.0,174.0,-67.0,212.0,299.0,-213.0,498.0
-268.0,-487.0,192.0,394.0,141.0,-56.0,210.0,606.0,-202.0,495.0
-199.0,-223.0,260.0,424.0,111.0,-139.0,264.0,360.0,-201.0,463.0
-155.0,75.0,333.0,431.0,87.0,-181.0,342.0,168.0,-195.0,418.0
-98.0,314.0,350.0,420.0,69.0,-69.0,405.0,84.0,-205.0,351.0
-38.0,422.0,411.0,395.0,56.0,4.0,448.0,42.0,-224.0,278.0
35.0,409.0,446.0,342.0,38.0,-48.0,510.0,173.0,-248.0,198.0
78.0,367.0,436.0,276.0,22.0,-81.0,586.0,96.0,-252.0,105.0
116.0,391.0,478.0,207.0,10.0,-62.0,610.0,40.0,-264.0,35.0
173.0,471.0,461.0,150.0,-4.0,-124.0,602.0,-79.0,-276.0,-42.0
229.0,572.0,449.0,118.0,-19.0,-163.0,596.0,-97.0,-276.0,-117.0
260.0,629.0,453.0,96.0,-29.0,-114.0,574.0,-83.0,-269.0,-178.0
266.0,604.0,422.0,98.0,-25.0,-91.0,548.0,-77.0,-231.0,-256.0
288.0,541.0,402.0,122.0,-13.0,-200.0,532.0,49.0,-184.0,-308.0
304.0,429.0,369.0,173.0,-10.0,-329.0,497.0,-36.0,-141.0,-365.0
325.0,226.0,334.0,226.0,-22.0,-341.0,472.0,-42.0,-81.0,-427.0
335.0,-15.0,285.0,276.0,-39.0,-365.0,464.0,-44.0,0.0,-467.0
350.0,-170.0,257.0,328.0,-50.0,-425.0,475.0,96.0,81.0,-482.0
388.0,-187.0,187.0,356.0,-51.0,-386.0,547.0,317.0,161.0,-471.0
420.0,-142.0,153.0,388.0,-40.0,-306.0,627.0,286.0,221.0,-449.0
450.0,-124.0,142.0,417.0,-23.0,-294.0,644.0,186.0,256.0,-396.0
466.0,-127.0,78.0,454.0,-5.0,-272.0,596.0,-49.0,290.0,-325.0
492.0,-155.0,84.0,494.0,12.0,-194.0,541.0,-31.0,326.0,-243.0
520.0,-296.0,56.0,510.0,25.0,-130.0,500.0,62.0,351.0,-169.0
523.0,-535.0,31.0,529.0,33.0,-215.0,484.0,-88.0,340.0,-80.0
526.0,-675.0,40.0,543.0,38.0,-280.0,495.0,-149.0,299.0,13.0
552.0,-619.0,21.0,534.0,40.0,-231.0,488.0,-206.0,270.0,86.0
581.0,-477.0,28.0,504.0,49.0,-204.0,479.0,-116.0,241.0,173.0
604.0,-342.0,4.0,450.0,62.0,-102.0,450.0,59.0,194.0,240.0
609.0,-225.0,-20.0,352.0,73.0,-2.0,405.0,133.0,139.0,299.0
619.0,-90.0,-37.0,264.0,78.0,88.0,360.0,168.0,75.0,356.0
631.0,97.0,-76.0,220.0,72.0,89.0,312.0,75.0,46.0,392.0
624.0,277.0,-119.0,167.0,56.0,-15.0,314.0,35.0,39.0,430.0
630.0,371.0,-157.0,110.0,26.0,0.0,336.0,-157.0,24.0,460.0
642.0,421.0,-207.0,57.0,-16.0,-52.0,333.0,-297.0,6.0,472.0
643.0,493.0,-255.0,3.0,-56.0,-136.0,322.0,-216.0,-35.0,494.0
625.0,588.0,-247.0,-4.0,-83.0,-162.0,317.0,-192.0,-50.0,512.0
602.0,686.0,-274.0,17.0,-103.0,-72.0,286.0,-22.0,-56.0,518.0
584.0,754.0,-313.0,45.0,-123.0,8.0,231.0,-11.0,-82.0,538.0
536.0,785.0,-297.0,83.0,-145.0,-83.0,221.0,-97.0,-109.0,539.0
483.0,768.0,-308.0,107.0,-162.0,6.0,229.0,-142.0,-137.0,562.0
433.0,733.0,-318.0,112.0,-169.0,118.0,217.0,-31.0,-157.0,589.0
387.0,695.0,-292.0,85.0,-174.0,116.0,185.0,181.0,-162.0,604.0
341.0,620.0,-256.0,43.0,-179.0,50.0,130.0,136.0,-158.0,666.0
296.0,518.0,-268.0,-8.0,-183.0,113.0,70.0,86.0,-169.0,710.0
250.0,408.0,-197.0,-78.0,-185.0,318.0,27.0,0.0,-199.0,777.0
219.0,274.0,-173.0,-155.0,-183.0,281.0,-3.0,116.0,-209.0,858.0
197.0,80.0,-187.0,-224.0,-170.0,320.0,-42.0,242.0,-213.0,918.0
139.0,-139.0,-86.0,-285.0,-145.0,411.0,-53.0,86.0,-221.0,984.0
91.0,-304.0,-120.0,-334.0,-115.0,435.0,-60.0,-49.0,-236.0,1026.0
59.0,-429.0,-108.0,-339.0,-84.0,402.0,-80.0,-129.0,-263.0,1047.0
29.0,-586.0,-76.0,-327.0,-54.0,341.0,-79.0,16.0,-270.0,1045.0
-5.0,-746.0,-94.0,-295.0,-24.0,519.0,-82.0,157.0,-245.0,1008.0
-34.0,-860.0,-82.0,-243.0,-1.0,617.0,-76.0,352.0,-215.0,950.0
-30.0,-929.0,-120.0,-190.0,14.0,578.0,-84.0,474.0,-203.0,889.0
-26.0,-903.0,-102.0,-122.0,25.0,502.0,-104.0,212.0,-206.0,796.0
-22.0,-760.0,-118.0,-75.0,24.0,473.0,-123.0,129.0,-204.0,683.0
-17.0,-541.0,-146.0,-40.0,10.0,536.0,-151.0,-27.0,-188.0,575.0
-12.0,-259.0,-157.0,3.0,-5.0,515.0,-149.0,-160.0,-141.0,456.0
-14.0,86.0,-164.0,29.0,-14.0,629.0,-149.0,25.0,-108.0,329.0
-11.0,407.0,-155.0,36.0,-18.0,690.0,-149.0,109.0,-63.0,192.0
-18.0,613.0,-158.0,10.0,-20.0,594.0,-132.0,162.0,-7.0,56.0
-27.0,752.0,-123.0,-45.0,-25.0,611.0,-123.0,212.0,34.0,-92.0
-21.0,890.0,-113.0,-96.0,-31.0,629.0,-126.0,423.0,76.0,-233.0
-51.0,1019.0,-124.0,-149.0,-28.0,651.0,-167.0,602.0,89.0,-373.0
-81.0,1087.0,-127.0,-214.0,-17.0,617.0,-237.0,844.0,80.0,-501.0
-121.0,1053.0,-104.0,-260.0,-3.0,604.0,-287.0,947.0,61.0,-609.0
-157.0,900.0,-97.0,-307.0,14.0,644.0,-286.0,437.0,37.0,-709.0
-190.0,648.0,-92.0,-361.0,35.0,508.0,-268.0,94.0,14.0,-769.0
-233.0,332.0,-41.0,-391.0,57.0,457.0,-236.0,160.0,7.0,-808.0
-256.0,-36.0,-29.0,-386.0,77.0,485.0,-181.0,532.0,8.0,-829.0
-272.0,-415.0,-44.0,-353.0,92.0,483.0,-194.0,753.0,14.0,-820.0
-267.0,-728.0,-1.0,-330.0,102.0,483.0,-216.0,668.0,20.0,-796.0
-246.0,-880.0,5.0,-301.0,106.0,435.0,-180.0,439.0,18.0,-787.0
-212.0,-815.0,-6.0,-238.0,104.0,544.0,-184.0,-203.0,40.0,-756.0
-175.0,-625.0,54.0,-161.0,102.0,594.0,-236.0,-352.0,89.0,-717.0
-119.0,-447.0,38.0,-72.0,99.0,534.0,-288.0,345.0,158.0,-699.0
-71.0,-341.0,10.0,32.0,103.0,486.0,-301.0,1108.0,221.0,-671.0
-15.0,-319.0,17.0,104.0,111.0,342.0,-269.0,1644.0,269.0,-642.0
80.0,-312.0,0.0,147.0,113.0,298.0,-207.0,1686.0,337.0,-614.0
162.0,-233.0,-32.0,183.0,105.0,290.0,-149.0,1267.0,414.0,-583.0
233.0,-137.0,-67.0,184.0,93.0,329.0,-183.0,99.0,471.0,-543.0
294.0,-72.0,-63.0,183.0,87.0,352.0,-280.0,-1540.0,504.0,-498.0
361.0,32.0,-192.0,196.0,88.0,154.0,-364.0,-1734.0,502.0,-466.0
420.0,179.0,-238.0,197.0,95.0,33.0,-432.0,-801.0,480.0,-429.0
479.0,325.0,-189.0,199.0,106.0,-13.0,-425.0,-162.0,464.0,-382.0
519.0,455.0,-352.0,214.0,117.0,-23.0,-365.0,443.0,454.0,-332.0
543.0,480.0,-370.0,228.0,128.0,-81.0,-344.0,1175.0,456.0,-285.0
566.0,337.0,-288.0,266.0,136.0,-116.0,-335.0,1167.0,439.0,-245.0
563.0,124.0,-417.0,338.0,142.0,45.0,-324.0,288.0,403.0,-171.0
558.0,-10.0,-478.0,377.0,137.0,22.0,-317.0,212.0,368.0,-108.0
531.0,-14.0,-442.0,400.0,116.0,-29.0,-306.0,665.0,329.0,-60.0
536.0,16.0,-436.0,435.0,87.0,-67.0,-276.0,1001.0,278.0,3.0
517.0,-27.0,-484.0,459.0,63.0,-133.0,-241.0,1138.0,202.0,54.0
477.0,-143.0,-530.0,480.0,54.0,-141.0,-247.0,48.0,122.0,98.0
456.0,-253.0,-416.0,501.0,53.0,-283.0,-280.0,-1537.0,41.0,125.0
413.0,-312.0,-408.0,519.0,48.0,-189.0,-333.0,-1988.0,-32.0,166.0
376.0,-374.0,-465.0,532.0,36.0,-101.0,-376.0,-1518.0,-88.0,198.0
327.0,-434.0,-342.0,540.0,29.0,-156.0,-388.0,-792.0,-146.0,213.0
272.0,-424.0,-274.0,551.0,26.0,-29.0,-373.0,696.0,-233.0,268.0
215.0,-466.0,-279.0,546.0,24.0,42.0,-380.0,1637.0,-327.0,332.0
189.0,-697.0,-192.0,516.0,15.0,62.0,-417.0,1258.0,-412.0,404.0
153.0,-994.0,-131.0,461.0,-7.0,-39.0,-414.0,92.0,-475.0,499.0
113.0,-1170.0,-60.0,384.0,-36.0,-119.0,-414.0,-171.0,-504.0,587.0
90.0,-1177.0,47.0,284.0,-61.0,-90.0,-437.0,955.0,-516.0,657.0
65.0,-1044.0,106.0,169.0,-74.0,-148.0,-473.0,731.0,-492.0,729.0
59.0,-838.0,214.0,36.0,-78.0,-99.0,-517.0,-131.0,-445.0,785.0
31.0,-579.0,250.0,-130.0,-76.0,-29.0,-526.0,-840.0,-386.0,807.0
7.0,-294.0,287.0,-280.0,-77.0,11.0,-515.0,-1147.0,-321.0,834.0
-4.0,-11.0,373.0,-397.0,-87.0,31.0,-531.0,-426.0,-242.0,836.0
-3.0,315.0,379.0,-488.0,-107.0,-22.0,-606.0,384.0,-149.0,814.0
-9.0,613.0,387.0,-534.0,-128.0,14.0,-657.0,829.0,-44.0,778.0
-15.0,731.0,407.0,-557.0,-148.0,-28.0,-670.0,779.0,58.0,696.0
-13.0,646.0,365.0,-547.0,-166.0,-82.0,-694.0,485.0,137.0,595.0
-17.0,461.0,298.0,-477.0,-185.0,-7.0,-703.0,234.0,206.0,469.0
-27.0,292.0,311.0,-399.0,-201.0,61.0,-732.0,393.0,244.0,322.0
-51.0,186.0,237.0,-310.0,-205.0,113.0,-744.0,678.0,282.0,170.0
-59.0,129.0,146.0,-210.0,-205.0,62.0,-781.0,729.0,307.0,15.0
-77.0,57.0,133.0,-107.0,-201.0,54.0,-881.0,-129.0,310.0,-121.0
-95.0,-78.0,33.0,-3.0,-195.0,35.0,-915.0,-1180.0,295.0,-258.0
-123.0,-281.0,-54.0,53.0,-189.0,-74.0,-916.0,-1080.0,242.0,-382.0
-137.0,-486.0,-91.0,93.0,-168.0,-72.0,-914.0,-373.0,210.0,-486.0
-137.0,-615.0,-162.0,127.0,-135.0,-24.0,-827.0,476.0,166.0,-584.0
-159.0,-671.0,-196.0,155.0,-98.0,73.0,-722.0,1217.0,103.0,-671.0
-190.0,-716.0,-205.0,187.0,-73.0,48.0,-690.0,1372.0,48.0,-725.0
-203.0,-762.0,-232.0,221.0,-59.0,-41.0,-712.0,851.0,-22.0,-740.0
-199.0,-699.0,-204.0,251.0,-37.0,21.0,-793.0,367.0,-95.0,-748.0
-216.0,-484.0,-195.0,276.0,-2.0,45.0,-811.0,-157.0,-147.0,-744.0
-215.0,-188.0,-175.0,305.0,35.0,124.0,-729.0,-467.0,-176.0,-722.0
-212.0,111.0,-125.0,310.0,71.0,191.0,-668.0,-232.0,-209.0,-706.0
-172.0,385.0,-118.0,283.0,98.0,187.0,-615.0,-42.0,-253.0,-695.0
-132.0,647.0,-65.0,252.0,112.0,191.0,-601.0,-341.0,-279.0,-673.0
-142.0,887.0,-46.0,220.0,105.0,166.0,-593.0,-206.0,-305.0,-635.0
-117.0,1044.0,-75.0,190.0,78.0,246.0,-572.0,395.0,-329.0,-612.0
-88.0,1040.0,-62.0,155.0,42.0,271.0,-592.0,-238.0,-325.0,-594.0
-76.0,900.0,-33.0,112.0,5.0,214.0,-623.0,-556.0,-323.0,-562.0
-84.0,719.0,-118.0,58.0,-37.0,279.0,-632.0,-46.0,-312.0,-526.0
-92.0,548.0,-184.0,-31.0,-81.0,374.0,-627.0,169.0,-280.0,-495.0
-61.0,388.0,-130.0,-128.0,-116.0,368.0,-649.0,53.0,-237.0,-448.0
-40.0,216.0,-202.0,-236.0,-135.0,261.0,-657.0,-262.0,-168.0,-367.0
-55.0,72.0,-263.0,-359.0,-134.0,171.0,-634.0,-140.0,-99.0,-294.0
-62.0,-37.0,-262.0,-455.0,-117.0,224.0,-612.0,-812.0,-46.0,-209.0
-27.0,-146.0,-272.0,-498.0,-89.0,288.0,-592.0,-1261.0,-12.0,-117.0
2.0,-261.0,-278.0,-506.0,-54.0,254.0,-584.0,-746.0,-1.0,-32.0
2.0,-340.0,-344.0,-495.0,-22.0,335.0,-579.0,-838.0,-9.0,39.0
12.0,-308.0,-313.0,-459.0,4.0,444.0,-555.0,-354.0,-33.0,89.0
52.0,-185.0,-248.0,-430.0,28.0,351.0,-532.0,-38.0,-62.0,134.0
99.0,-48.0,-246.0,-402.0,43.0,244.0,-523.0,-253.0,-99.0,157.0
99.0,5.0,-185.0,-383.0,41.0,253.0,-553.0,112.0,-142.0,158.0
75.0,-94.0,-133.0,-373.0,16.0,249.0,-570.0,273.0,-180.0,131.0
98.0,-278.0,-97.0,-356.0,-20.0,230.0,-528.0,86.0,-217.0,114.0
117.0,-406.0,-5.0,-351.0,-55.0,230.0,-472.0,-563.0,-259.0,85.0
102.0,-404.0,26.0,-313.0,-81.0,235.0,-436.0,-546.0,-314.0,36.0
92.0,-374.0,69.0,-267.0,-109.0,246.0,-454.0,-25.0,-378.0,11.0
105.0,-410.0,143.0,-231.0,-145.0,211.0,-512.0,-262.0,-423.0,-24.0
132.0,-472.0,115.0,-193.0,-170.0,211.0,-573.0,-175.0,-469.0,-56.0
147.0,-471.0,140.0,-152.0,-179.0,229.0,-571.0,7.0,-524.0,-82.0
138.0,-389.0,183.0,-111.0,-176.0,66.0,-535.0,-129.0,-571.0,-89.0
146.0,-354.0,155.0,-72.0,-176.0,-53.0,-487.0,-238.0,-627.0,-99.0
186.0,-417.0,164.0,0.0,-176.0,138.0,-375.0,-631.0,-668.0,-137.0
204.0,-467.0,142.0,85.0,-159.0,290.0,-290.0,-637.0,-685.0,-163.0
222.0,-370.0,107.0,168.0,-128.0,224.0,-264.0,129.0,-678.0,-209.0
244.0,-108.0,77.0,231.0,-92.0,143.0,-283.0,648.0,-645.0,-269.0
267.0,241.0,27.0,301.0,-52.0,128.0,-333.0,162.0,-600.0,-323.0
299.0,577.0,11.0,356.0,-4.0,167.0,-392.0,-582.0,-530.0,-392.0
301.0,790.0,-35.0,404.0,45.0,174.0,-461.0,-870.0,-446.0,-455.0
300.0,833.0,-106.0,463.0,80.0,144.0,-474.0,-903.0,-362.0,-530.0
309.0,715.0,-157.0,472.0,94.0,161.0,-431.0,-426.0,-276.0,-595.0
308.0,497.0,-218.0,480.0,105.0,138.0,-408.0,266.0,-214.0,-617.0
297.0,275.0,-243.0,481.0,120.0,82.0,-411.0,436.0,-130.0,-647.0
272.0,99.0,-260.0,472.0,128.0,91.0,-408.0,190.0,-12.0,-651.0
218.0,-79.0,-292.0,467.0,116.0,31.0,-425.0,-57.0,94.0,-609.0
183.0,-310.0,-322.0,439.0,81.0,-72.0,-427.0,-448.0,219.0,-552.0
156.0,-551.0,-356.0,405.0,38.0,-114.0,-415.0,-522.0,348.0,-492.0
112.0,-714.0,-364.0,349.0,5.0,-95.0,-399.0,33.0,474.0,-424.0
84.0,-746.0,-381.0,312.0,-13.0,-87.0,-365.0,291.0,614.0,-346.0
42.0,-705.0,-413.0,286.0,-31.0,-150.0,-340.0,260.0,715.0,-283.0
14.0,-640.0,-429.0,268.0,-47.0,-100.0,-321.0,-64.0,772.0,-235.0
0.0,-551.0,-428.0,269.0,-53.0,-81.0,-321.0,-439.0,810.0,-195.0
-5.0,-476.0,-453.0,269.0,-46.0,-231.0,-296.0,-698.0,811.0,-137.0
-7.0,-411.0,-468.0,280.0,-30.0,-376.0,-297.0,-890.0,777.0,-106.0
-26.0,-357.0,-420.0,283.0,-12.0,-431.0,-306.0,-428.0,711.0,-77.0
-37.0,-329.0,-412.0,284.0,3.0,-295.0,-275.0,97.0,607.0,-24.0
-45.0,-320.0,-407.0,262.0,16.0,-219.0,-258.0,247.0,448.0,-3.0
-70.0,-248.0,-337.0,208.0,24.0,-318.0,-243.0,-264.0,279.0,16.0
-101.0,-91.0,-297.0,158.0,33.0,-343.0,-261.0,-901.0,130.0,17.0
-126.0,53.0,-248.0,116.0,46.0,-292.0,-270.0,-1032.0,-47.0,33.0
-153.0,110.0,-183.0,79.0,64.0,-239.0,-272.0,-981.0,-212.0,42.0
-193.0,51.0,-135.0,48.0,88.0,-188.0,-295.0,-388.0,-359.0,23.0
-232.0,-110.0,-87.0,18.0,116.0,-157.0,-289.0,101.0,-502.0,13.0
-257.0,-323.0,-61.0,-31.0,139.0,-200.0,-268.0,123.0,-571.0,-32.0
-279.0,-465.0,-19.0,-93.0,146.0,-270.0,-244.0,-190.0,-601.0,-96.0
-308.0,-423.0,42.0,-150.0,143.0,-278.0,-219.0,-849.0,-610.0,-172.0
-323.0,-206.0,79.0,-184.0,130.0,-271.0,-229.0,-995.0,-564.0,-246.0
-328.0,58.0,145.0,-221.0,98.0,-292.0,-273.0,-1189.0,-496.0,-321.0
-337.0,280.0,221.0,-278.0,42.0,-281.0,-322.0,-1398.0,-396.0,-396.0
-348.0,449.0,232.0,-328.0,-32.0,-156.0,-333.0,-1014.0,-245.0,-452.0
-379.0,549.0,271.0,-374.0,-99.0,-37.0,-268.0,-729.0,-82.0,-506.0
-374.0,573.0,324.0,-389.0,-146.0,-133.0,-215.0,-598.0,83.0,-539.0
-366.0,546.0,333.0,-390.0,-171.0,-243.0,-205.0,-787.0,256.0,-559.0
-367.0,528.0,359.0,-384.0,-170.0,-198.0,-208.0,-921.0,407.0,-570.0
-329.0,469.0,386.0,-374.0,-158.0,-159.0,-232.0,-783.0,519.0,-557.0
-302.0,333.0,382.0,-361.0,-150.0,-172.0,-244.0,-672.0,611.0,-527.0
-279.0,195.0,386.0,-336.0,-148.0,-149.0,-236.0,-593.0,677.0,-488.0
-286.0,121.0,384.0,-303.0,-146.0,-52.0,-218.0,-570.0,701.0,-421.0
-283.0,145.0,352.0,-274.0,-136.0,-88.0,-198.0,-533.0,682.0,-364.0
-280.0,197.0,342.0,-276.0,-116.0,-131.0,-202.0,-748.0,641.0,-307.0
-301.0,190.0,282.0,-285.0,-98.0,-37.0,-214.0,-698.0,581.0,-231.0
-335.0,89.0,223.0,-307.0,-88.0,-25.0,-190.0,-755.0,490.0,-164.0
-353.0,-106.0,202.0,-312.0,-85.0,45.0,-151.0,-1121.0,383.0,-89.0
-327.0,-398.0,118.0,-327.0,-88.0,116.0,-134.0,-896.0,249.0,-27.0
-335.0,-735.0,58.0,-331.0,-93.0,174.0,-116.0,-739.0,108.0,22.0
-343.0,-1026.0,16.0,-284.0,-105.0,237.0,-109.0,-864.0,-29.0,41.0
-351.0,-1244.0,-46.0,-262.0,-115.0,118.0,-112.0,-543.0,-158.0,19.0
-349.0,-1326.0,-119.0,-209.0,-116.0,102.0,-67.0,286.0,-302.0,-18.0
-323.0,-1267.0,-180.0,-145.0,-111.0,120.0,-20.0,696.0,-447.0,-97.0
-317.0,-1134.0,-217.0,-77.0,-103.0,55.0,-21.0,249.0,-567.0,-196.0
-307.0,-925.0,-295.0,0.0,-89.0,110.0,-9.0,-269.0,-678.0,-294.0
-274.0,-683.0,-346.0,47.0,-69.0,180.0,6.0,-642.0,-752.0,-374.0
-249.0,-517.0,-362.0,138.0,-41.0,214.0,-7.0,-500.0,-786.0,-451.0
-253.0,-432.0,-400.0,226.0,-14.0,175.0,-36.0,-59.0,-797.0,-521.0
-238.0,-417.0,-420.0,297.0,3.0,67.0,-59.0,-131.0,-780.0,-566.0
-198.0,-473.0,-421.0,349.0,11.0,135.0,-43.0,-149.0,-746.0,-613.0
-147.0,-458.0,-443.0,353.0,7.0,228.0,1.0,-169.0,-713.0,-647.0
-89.0,-311.0,-452.0,331.0,-2.0,182.0,34.0,-310.0,-679.0,-675.0
-30.0,-106.0,-412.0,290.0,-11.0,198.0,22.0,-288.0,-643.0,-693.0
40.0,135.0,-412.0,249.0,-10.0,121.0,-7.0,-254.0,-603.0,-710.0
108.0,421.0,-406.0,179.0,0.0,7.0,7.0,-77.0,-542.0,-733.0
143.0,693.0,-353.0,134.0,13.0,-43.0,22.0,24.0,-483.0,-742.0
182.0,888.0,-339.0,115.0,22.0,-100.0,34.0,162.0,-443.0,-753.0
218.0,973.0,-326.0,63.0,20.0,-73.0,85.0,31.0,-404.0,-750.0
252.0,926.0,-307.0,14.0,3.0,-102.0,87.0,-321.0,-374.0,-718.0
284.0,794.0,-317.0,-18.0,-29.0,-111.0,23.0,-412.0,-346.0,-659.0
320.0,643.0,-328.0,-57.0,-72.0,-45.0,-12.0,-548.0,-303.0,-594.0
360.0,485.0,-315.0,-88.0,-116.0,-58.0,31.0,-465.0,-262.0,-523.0
383.0,320.0,-354.0,-96.0,-140.0,-45.0,113.0,-336.0,-226.0,-448.0
406.0,175.0,-398.0,-113.0,-142.0,5.0,116.0,-35.0,-185.0,-380.0
403.0,37.0,-407.0,-138.0,-135.0,-56.0,55.0,186.0,-141.0,-324.0
422.0,-165.0,-453.0,-169.0,-138.0,-111.0,-1.0,-203.0,-100.0,-281.0
430.0,-444.0,-477.0,-198.0,-158.0,-143.0,-10.0,-718.0,-52.0,-242.0
429.0,-737.0,-501.0,-217.0,-182.0,-160.0,45.0,-1152.0,8.0,-225.0
433.0,-939.0,-534.0,-238.0,-207.0,-54.0,58.0,-809.0,73.0,-199.0
420.0,-1052.0,-535.0,-254.0,-227.0,-15.0,26.0,-68.0,132.0,-175.0
419.0,-1192.0,-527.0,-226.0,-236.0,-35.0,2.0,306.0,181.0,-149.0
391.0,-1364.0,-524.0,-167.0,-224.0,-49.0,-37.0,260.0,234.0,-95.0
352.0,-1491.0,-501.0,-106.0,-198.0,-164.0,-83.0,-249.0,284.0,-58.0
301.0,-1553.0,-460.0,-24.0,-162.0,-238.0,-93.0,-641.0,343.0,-15.0
260.0,-1511.0,-407.0,57.0,-119.0,-208.0,-36.0,-1106.0,403.0,28.0
187.0,-1339.0,-352.0,121.0,-76.0,-210.0,15.0,-1265.0,457.0,59.0
116.0,-1116.0,-297.0,167.0,-31.0,-154.0,28.0,-790.0,511.0,89.0
68.0,-833.0,-234.0,204.0,18.0,-103.0,7.0,-290.0,534.0,121.0
21.0,-446.0,-190.0,227.0,71.0,-171.0,-58.0,-99.0,548.0,144.0
-11.0,-45.0,-123.0,222.0,108.0,-227.0,-95.0,-491.0,566.0,160.0
-77.0,271.0,-70.0,213.0,120.0,-300.0,-75.0,-820.0,578.0,193.0
-128.0,522.0,-42.0,197.0,112.0,-287.0,-34.0,-872.0,591.0,217.0
-181.0,734.0,34.0,166.0,99.0,-186.0,-18.0,-727.0,608.0,237.0
-218.0,856.0,72.0,129.0,93.0,-223.0,-42.0,-545.0,630.0,273.0
-280.0,910.0,87.0,93.0,98.0,-279.0,-84.0,-670.0,622.0,301.0
-322.0,944.0,118.0,64.0,118.0,-160.0,-179.0,-583.0,591.0,310.0
-319.0,959.0,138.0,47.0,153.0,-81.0,-272.0,-493.0,532.0,306.0
-334.0,986.0,145.0,47.0,189.0,-125.0,-265.0,-607.0,446.0,306.0
-351.0,1000.0,160.0,39.0,217.0,-167.0,-197.0,-831.0,356.0,302.0
-381.0,949.0,174.0,16.0,230.0,-235.0,-172.0,-970.0,253.0,281.0
-377.0,789.0,145.0,20.0,231.0,-182.0,-197.0,-694.0,146.0,273.0
-384.0,487.0,151.0,60.0,225.0,-173.0,-212.0,-474.0,30.0,279.0
-399.0,60.0,147.0,107.0,215.0,-288.0,-213.0,-153.0,-97.0,265.0
-415.0,-410.0,127.0,133.0,211.0,-246.0,-184.0,-3.0,-227.0,230.0
-417.0,-825.0,118.0,139.0,205.0,-186.0,-160.0,-168.0,-346.0,174.0
-408.0,-1117.0,103.0,131.0,179.0,-137.0,-191.0,-386.0,-457.0,99.0
-418.0,-1237.0,118.0,109.0,136.0,-197.0,-271.0,-982.0,-567.0,7.0
-402.0,-1174.0,99.0,79.0,79.0,-386.0,-354.0,-1080.0,-668.0,-105.0
-403.0,-969.0,96.0,44.0,25.0,-445.0,-368.0,-875.0,-764.0,-212.0
-411.0,-648.0,116.0,9.0,-15.0,-486.0,-320.0,-798.0,-825.0,-310.0
-423.0,-233.0,113.0,-33.0,-48.0,-473.0,-262.0,-569.0,-845.0,-403.0
-444.0,225.0,124.0,-66.0,-70.0,-425.0,-248.0,-469.0,-821.0,-487.0
-464.0,601.0,135.0,-106.0,-84.0,-449.0,-269.0,-171.0,-779.0,-562.0
-483.0,786.0,144.0,-137.0,-98.0,-406.0,-274.0,29.0,-731.0,-620.0
-486.0,798.0,134.0,-189.0,-122.0,-270.0,-243.0,-97.0,-656.0,-666.0
-489.0,715.0,126.0,-258.0,-152.0,-308.0,-195.0,-506.0,-560.0,-678.0
-490.0,598.0,114.0,-314.0,-176.0,-459.0,-142.0,-833.0,-430.0,-656.0
-493.0,486.0,70.0,-382.0,-189.0,-360.0,-88.0,-659.0,-291.0,-615.0
-485.0,404.0,46.0,-435.0,-190.0,-249.0,-76.0,-448.0,-142.0,-552.0
-465.0,340.0,19.0,-473.0,-179.0,-153.0,-87.0,-103.0,-15.0,-476.0
-459.0,320.0,-21.0,-500.0,-156.0,-187.0,-135.0,66.0,94.0,-404.0
-439.0,387.0,-44.0,-540.0,-122.0,-410.0,-210.0,-284.0,213.0,-344.0
-424.0,449.0,-82.0,-570.0,-89.0,-281.0,-228.0,-668.0,287.0,-288.0
-395.0,379.0,-127.0,-576.0,-58.0,-97.0,-204.0,-796.0,360.0,-235.0
-368.0,188.0,-163.0,-561.0,-23.0,-166.0,-168.0,-456.0,438.0,-197.0
-369.0,-17.0,-204.0,-521.0,2.0,-235.0,-158.0,35.0,488.0,-174.0
-340.0,-211.0,-221.0,-498.0,16.0,-235.0,-143.0,127.0,530.0,-168.0
-327.0,-417.0,-237.0,-445.0,24.0,-154.0,-87.0,-221.0,553.0,-171.0
-323.0,-543.0,-245.0,-369.0,34.0,-106.0,-67.0,-646.0,543.0,-181.0
-326.0,-477.0,-245.0,-290.0,46.0,-221.0,-62.0,-798.0,523.0,-193.0
-327.0,-273.0,-248.0,-200.0,43.0,-253.0,-82.0,-753.0,482.0,-193.0
-319.0,-52.0,-220.0,-129.0,14.0,-224.0,-102.0,-397.0,429.0,-201.0
-319.0,150.0,-200.0,-54.0,-31.0,-273.0,-71.0,-92.0,388.0,-210.0
-329.0,332.0,-172.0,41.0,-76.0,-125.0,-71.0,-96.0,339.0,-205.0
-339.0,537.0,-132.0,131.0,-100.0,-38.0,-84.0,-59.0,278.0,-199.0
-323.0,756.0,-100.0,184.0,-100.0,-121.0,-77.0,-123.0,206.0,-209.0
-325.0,808.0,-62.0,223.0,-94.0,-37.0,-48.0,-212.0,148.0,-212.0
-311.0,598.0,-21.0,247.0,-96.0,-25.0,-46.0,-498.0,96.0,-198.0
-315.0,196.0,12.0,249.0,-112.0,-140.0,-112.0,-740.0,57.0,-200.0
-307.0,-300.0,28.0,237.0,-140.0,-202.0,-151.0,-674.0,13.0,-213.0
-278.0,-820.0,60.0,186.0,-175.0,-286.0,-165.0,-570.0,-41.0,-223.0
-284.0,-1287.0,52.0,119.0,-221.0,-220.0,-212.0,-299.0,-78.0,-239.0
-264.0,-1554.0,47.0,67.0,-267.0,-159.0,-272.0,-315.0,-134.0,-283.0
-241.0,-1575.0,41.0,24.0,-297.0,-278.0,-288.0,-528.0,-178.0,-311.0
-231.0,-1466.0,25.0,-32.0,-308.0,-106.0,-274.0,-716.0,-215.0,-334.0
-204.0,-1286.0,4.0,-91.0,-297.0,72.0,-268.0,-853.0,-262.0,-358.0
-156.0,-1013.0,-26.0,-143.0,-272.0,-40.0,-289.0,-541.0,-297.0,-384.0
-117.0,-718.0,-38.0,-185.0,-242.0,8.0,-314.0,-118.0,-342.0,-424.0
-71.0,-437.0,-89.0,-212.0,-211.0,-8.0,-302.0,114.0,-374.0,-449.0
-46.0,-78.0,-87.0,-218.0,-189.0,-225.0,-257.0,35.0,-409.0,-485.0
-29.0,352.0,-107.0,-232.0,-172.0,-305.0,-220.0,-188.0,-448.0,-508.0
-2.0,768.0,-135.0,-273.0,-147.0,-275.0,-245.0,-458.0,-471.0,-516.0
7.0,1166.0,-133.0,-301.0,-114.0,-156.0,-244.0,-631.0,-491.0,-515.0
32.0,1437.0,-148.0,-335.0,-83.0,-136.0,-204.0,-447.0,-476.0,-507.0
54.0,1453.0,-134.0,-384.0,-60.0,-242.0,-168.0,-432.0,-433.0,-490.0
87.0,1262.0,-143.0,-422.0,-42.0,-172.0,-145.0,-397.0,-384.0,-444.0
117.0,926.0,-118.0,-469.0,-15.0,-64.0,-136.0,-125.0,-330.0,-399.0
125.0,501.0,-102.0,-505.0,14.0,-118.0,-112.0,107.0,-285.0,-358.0
136.0,117.0,-85.0,-525.0,40.0,-106.0,-112.0,188.0,-239.0,-312.0
150.0,-72.0,-63.0,-533.0,66.0,8.0,-128.0,-99.0,-193.0,-272.0
149.0,-59.0,-42.0,-505.0,90.0,-52.0,-121.0,-256.0,-162.0,-254.0
134.0,16.0,-3.0,-448.0,99.0,-129.0,-64.0,-214.0,-110.0,-239.0
128.0,95.0,19.0,-359.0,87.0,-137.0,-32.0,-175.0,-53.0,-223.0
121.0,176.0,53.0,-259.0,65.0,-145.0,-45.0,-92.0,-5.0,-211.0
112.0,280.0,59.0,-159.0,45.0,-42.0,-51.0,-33.0,35.0,-198.0
86.0,452.0,77.0,-50.0,28.0,-53.0,-83.0,-53.0,54.0,-176.0
55.0,676.0,58.0,72.0,10.0,-182.0,-88.0,-362.0,80.0,-149.0
46.0,879.0,53.0,178.0,-2.0,-202.0,-67.0,-448.0,115.0,-134.0
33.0,1009.0,38.0,276.0,0.0,-240.0,-27.0,-230.0,151.0,-115.0
15.0,1050.0,-23.0,356.0,13.0,-279.0,48.0,109.0,183.0,-111.0
8.0,1027.0,-28.0,397.0,29.0,-199.0,108.0,306.0,213.0,-113.0
15.0,926.0,-85.0,425.0,36.0,-161.0,123.0,140.0,235.0,-123.0
44.0,660.0,-141.0,384.0,33.0,-187.0,130.0,-44.0,257.0,-134.0
65.0,263.0,-154.0,301.0,23.0,-238.0,158.0,-500.0,287.0,-112.0
71.0,-136.0,-198.0,211.0,14.0,-343.0,186.0,-788.0,295.0,-80.0
100.0,-484.0,-202.0,114.0,16.0,-369.0,227.0,-798.0,322.0,-43.0
138.0,-821.0,-189.0,31.0,27.0,-365.0,290.0,-522.0,330.0,5.0
154.0,-1232.0,-205.0,-44.0,40.0,-326.0,318.0,-11.0,321.0,61.0
185.0,-1681.0,-190.0,-111.0,49.0,-180.0,291.0,-83.0,336.0,118.0
235.0,-2012.0,-149.0,-172.0,44.0,-159.0,275.0,-166.0,321.0,179.0
269.0,-2135.0,-133.0,-235.0,35.0,-234.0,286.0,-186.0,311.0,233.0
294.0,-2066.0,-96.0,-296.0,37.0,-204.0,282.0,-325.0,302.0,277.0
316.0,-1865.0,-35.0,-344.0,48.0,-207.0,277.0,-299.0,301.0,322.0
322.0,-1588.0,17.0,-408.0,61.0,-282.0,287.0,-308.0,302.0,359.0
310.0,-1323.0,96.0,-443.0,77.0,-298.0,289.0,-123.0,279.0,395.0
283.0,-1081.0,184.0,-431.0,95.0,-379.0,261.0,131.0,271.0,429.0
222.0,-758.0,255.0,-410.0,108.0,-434.0,261.0,341.0,277.0,442.0
157.0,-347.0,346.0,-363.0,106.0,-356.0,336.0,360.0,289.0,477.0
88.0,59.0,443.0,-321.0,90.0,-294.0,403.0,11.0,302.0,532.0
5.0,454.0,515.0,-297.0,74.0,-199.0,437.0,-293.0,308.0,553.0
-76.0,852.0,595.0,-271.0,69.0,-124.0,443.0,-389.0,292.0,600.0
-150.0,1178.0,656.0,-274.0,77.0,-94.0,436.0,-225.0,268.0,661.0
-225.0,1345.0,695.0,-274.0,88.0,-17.0,439.0,-55.0,256.0,698.0
-295.0,1311.0,728.0,-249.0,95.0,-12.0,400.0,81.0,246.0,727.0
-344.0,1120.0,739.0,-254.0,101.0,-176.0,351.0,72.0,238.0,725.0
-392.0,893.0,747.0,-275.0,105.0,-278.0,331.0,-314.0,219.0,715.0
-417.0,720.0,734.0,-302.0,107.0,-253.0,306.0,-558.0,198.0,660.0
-430.0,595.0,715.0,-334.0,108.0,-306.0,275.0,-777.0,153.0,586.0
-429.0,468.0,701.0,-325.0,110.0,-318.0,240.0,-691.0,103.0,510.0
-415.0,329.0,663.0,-302.0,116.0,-245.0,206.0,-260.0,43.0,402.0
-408.0,198.0,630.0,-299.0,122.0,-198.0,232.0,-77.0,-25.0,291.0
-400.0,109.0,588.0,-304.0,119.0,-175.0,279.0,68.0,-65.0,159.0
-375.0,62.0,527.0,-281.0,104.0,-262.0,294.0,-59.0,-108.0,28.0
-356.0,83.0,485.0,-240.0,78.0,-313.0,280.0,-262.0,-141.0,-98.0
-351.0,197.0,421.0,-195.0,50.0,-281.0,243.0,-406.0,-165.0,-224.0
-326.0,295.0,357.0,-108.0,27.0,-389.0,204.0,-448.0,-166.0,-334.0
-307.0,215.0,299.0,2.0,7.0,-446.0,160.0,-314.0,-144.0,-422.0
-280.0,-75.0,237.0,76.0,-12.0,-403.0,120.0,-230.0,-123.0,-475.0
-276.0,-431.0,190.0,117.0,-41.0,-403.0,102.0,-1.0,-81.0,-524.0
-274.0,-707.0,110.0,166.0,-75.0,-392.0,97.0,118.0,-40.0,-531.0
-266.0,-887.0,48.0,186.0,-105.0,-386.0,91.0,-11.0,13.0,-498.0
-260.0,-999.0,-20.0,176.0,-134.0,-321.0,94.0,-413.0,78.0,-460.0
-231.0,-1026.0,-91.0,153.0,-163.0,-279.0,120.0,-687.0,142.0,-409.0
-221.0,-983.0,-139.0,99.0,-196.0,-263.0,148.0,-439.0,200.0,-353.0
-200.0,-904.0,-189.0,41.0,-219.0,-201.0,167.0,-179.0,227.0,-284.0
-162.0,-775.0,-223.0,-36.0,-220.0,-235.0,144.0,-38.0,245.0,-237.0
-109.0,-593.0,-254.0,-110.0,-201.0,-369.0,92.0,51.0,256.0,-188.0
-69.0,-368.0,-276.0,-143.0,-170.0,-514.0,50.0,-214.0,282.0,-119.0
-32.0,-127.0,-301.0,-166.0,-145.0,-469.0,-22.0,-585.0,318.0,-74.0
7.0,115.0,-294.0,-179.0,-134.0,-334.0,-54.0,-615.0,330.0,-38.0
30.0,309.0,-296.0,-173.0,-123.0,-362.0,1.0,-474.0,325.0,1.0
50.0,359.0,-293.0,-149.0,-93.0,-317.0,55.0,-260.0,305.0,40.0
56.0,307.0,-271.0,-139.0,-46.0,-206.0,74.0,48.0,292.0,79.0
89.0,320.0,-261.0,-147.0,-1.0,-221.0,55.0,247.0,297.0,108.0
108.0,483.0,-219.0,-163.0,35.0,-180.0,79.0,77.0,299.0,137.0
106.0,773.0,-183.0,-189.0,69.0,-87.0,152.0,-118.0,300.0,166.0
123.0,1116.0,-130.0,-204.0,96.0,-82.0,165.0,-360.0,295.0,187.0
94.0,1405.0,-83.0,-211.0,97.0,-125.0,128.0,-631.0,304.0,211.0
67.0,1580.0,-44.0,-236.0,64.0,-142.0,112.0,-528.0,344.0,239.0
44.0,1655.0,7.0,-271.0,4.0,-70.0,107.0,-380.0,398.0,258.0
5.0,1639.0,49.0,-274.0,-50.0,-47.0,133.0,-242.0,441.0,260.0
-20.0,1487.0,81.0,-250.0,-84.0,-139.0,182.0,-166.0,453.0,278.0
-67.0,1194.0,116.0,-208.0,-95.0,-140.0,203.0,-120.0,452.0,290.0
-108.0,829.0,170.0,-162.0,-87.0,-71.0,222.0,-97.0,427.0,282.0
-146.0,348.0,186.0,-128.0,-73.0,-25.0,214.0,-145.0,401.0,267.0
-187.0,-241.0,240.0,-81.0,-63.0,-80.0,188.0,-145.0,364.0,239.0
-231.0,-847.0,267.0,-53.0,-69.0,-116.0,179.0,-18.0,292.0,211.0
-274.0,-1369.0,261.0,-34.0,-83.0,-20.0,198.0,279.0,202.0,164.0
-292.0,-1619.0,310.0,10.0,-87.0,-20.0,258.0,243.0,109.0,124.0
-305.0,-1618.0,295.0,24.0,-84.0,-128.0,297.0,84.0,41.0,92.0
-301.0,-1496.0,288.0,13.0,-82.0,-200.0,308.0,-109.0,-18.0,63.0
-306.0,-1253.0,293.0,29.0,-87.0,-140.0,298.0,-197.0,-60.0,31.0
-291.0,-928.0,265.0,45.0,-99.0,-83.0,297.0,195.0,-82.0,0.0
-261.0,-616.0,233.0,65.0,-115.0,-50.0,303.0,456.0,-111.0,-11.0
-242.0,-316.0,202.0,107.0,-129.0,21.0,299.0,746.0,-134.0,-39.0
-210.0,13.0,181.0,126.0,-126.0,6.0,300.0,864.0,-143.0,-61.0
-156.0,368.0,117.0,123.0,-104.0,-60.0,302.0,652.0,-143.0,-87.0
-103.0,752.0,100.0,129.0,-79.0,-85.0,305.0,495.0,-141.0,-127.0
-61.0,1123.0,92.0,131.0,-58.0,-52.0,299.0,219.0,-135.0,-144.0
1.0,1446.0,29.0,109.0,-30.0,-23.0,306.0,160.0,-116.0,-138.0
45.0,1641.0,39.0,79.0,17.0,49.0,333.0,238.0,-92.0,-123.0
104.0,1626.0,36.0,62.0,76.0,124.0,369.0,417.0,-73.0,-93.0
163.0,1471.0,27.0,38.0,127.0,129.0,397.0,593.0,-55.0,-38.0
203.0,1245.0,73.0,8.0,165.0,39.0,380.0,572.0,-44.0,23.0
263.0,976.0,84.0,-17.0,195.0,-31.0,325.0,447.0,-40.0,99.0
308.0,666.0,106.0,-41.0,217.0,50.0,320.0,144.0,-53.0,177.0
338.0,306.0,130.0,-55.0,226.0,98.0,402.0,166.0,-60.0,262.0
359.0,-57.0,160.0,-83.0,215.0,121.0,484.0,212.0,-42.0,370.0
367.0,-374.0,199.0,-128.0,192.0,170.0,506.0,223.0,-32.0,456.0
369.0,-668.0,212.0,-164.0,163.0,234.0,498.0,423.0,-36.0,549.0
379.0,-921.0,266.0,-182.0,140.0,226.0,503.0,522.0,-36.0,643.0
375.0,-1076.0,303.0,-164.0,132.0,132.0,538.0,580.0,-36.0,725.0
360.0,-1125.0,335.0,-132.0,147.0,112.0,573.0,242.0,-20.0,817.0
334.0,-1029.0,367.0,-110.0,184.0,98.0,584.0,-33.0,19.0,918.0
294.0,-830.0,377.0,-59.0,226.0,108.0,611.0,127.0,43.0,1004.0
270.0,-579.0,415.0,-12.0,251.0,203.0,630.0,327.0,56.0,1072.0
227.0,-287.0,398.0,13.0,253.0,224.0,615.0,434.0,30.0,1138.0
173.0,11.0,416.0,59.0,237.0,149.0,589.0,295.0,-8.0,1169.0
142.0,316.0,428.0,85.0,218.0,92.0,562.0,125.0,-58.0,1167.0
111.0,607.0,424.0,95.0,203.0,59.0,552.0,-12.0,-137.0,1132.0
72.0,829.0,453.0,101.0,176.0,64.0,553.0,-33.0,-208.0,1073.0
48.0,946.0,440.0,77.0,136.0,45.0,552.0,157.0,-306.0,1006.0
26.0,989.0,458.0,23.0,95.0,-31.0,546.0,328.0,-403.0,920.0
16.0,915.0,449.0,-42.0,69.0,-4.0,592.0,524.0,-489.0,826.0
7.0,700.0,430.0,-118.0,56.0,53.0,662.0,678.0,-585.0,725.0
-27.0,523.0,412.0,-201.0,56.0,-47.0,651.0,657.0,-677.0,631.0
-44.0,424.0,399.0,-279.0,70.0,-190.0,587.0,341.0,-766.0,525.0
-57.0,196.0,363.0,-339.0,86.0,-183.0,544.0,83.0,-808.0,409.0
-62.0,-182.0,339.0,-385.0,89.0,-35.0,555.0,60.0,-842.0,292.0
-46.0,-490.0,346.0,-429.0,75.0,13.0,566.0,-18.0,-867.0,166.0
-44.0,-632.0,293.0,-442.0,61.0,29.0,525.0,-25.0,-863.0,40.0
-18.0,-582.0,295.0,-456.0,60.0,101.0,478.0,-232.0,-872.0,-86.0
15.0,-313.0,275.0,-463.0,66.0,95.0,471.0,-162.0,-849.0,-198.0
52.0,122.0,237.0,-453.0,74.0,102.0,521.0,140.0,-774.0,-282.0
84.0,666.0,257.0,-416.0,80.0,2.0,552.0,190.0,-666.0,-347.0
115.0,1197.0,222.0,-332.0,77.0,-90.0,552.0,687.0,-542.0,-404.0
159.0,1629.0,215.0,-245.0,63.0,-17.0,566.0,992.0,-418.0,-428.0
195.0,1895.0,236.0,-142.0,32.0,12.0,553.0,973.0,-292.0,-460.0
224.0,1936.0,221.0,-29.0,-11.0,-18.0,540.0,761.0,-166.0,-503.0
224.0,1800.0,240.0,76.0,-53.0,-64.0,525.0,354.0,-36.0,-523.0
228.0,1550.0,246.0,155.0,-84.0,-43.0,498.0,415.0,114.0,-561.0
212.0,1258.0,234.0,238.0,-99.0,-8.0,479.0,380.0,289.0,-600.0
168.0,996.0,255.0,341.0,-108.0,16.0,470.0,469.0,458.0,-624.0
130.0,787.0,255.0,423.0,-124.0,47.0,446.0,596.0,605.0,-628.0
90.0,532.0,271.0,475.0,-140.0,-19.0,405.0,397.0,735.0,-622.0
39.0,134.0,296.0,505.0,-145.0,-108.0,394.0,345.0,845.0,-613.0
-23.0,-344.0,320.0,519.0,-144.0,-118.0,383.0,290.0,942.0,-560.0
-101.0,-816.0,328.0,503.0,-142.0,-137.0,386.0,271.0,1030.0,-477.0
-178.0,-1202.0,327.0,484.0,-142.0,-106.0,385.0,166.0,1098.0,-392.0
-237.0,-1425.0,341.0,461.0,-137.0,-14.0,401.0,195.0,1122.0,-270.0
-307.0,-1563.0,319.0,428.0,-128.0,-16.0,439.0,436.0,1099.0,-121.0
-354.0,-1708.0,334.0,411.0,-117.0,41.0,426.0,624.0,1030.0,33.0
-388.0,-1682.0,324.0,400.0,-96.0,62.0,429.0,816.0,917.0,179.0
-391.0,-1331.0,294.0,401.0,-62.0,-61.0,440.0,607.0,789.0,322.0
-360.0,-842.0,299.0,410.0,-22.0,-169.0,474.0,312.0,652.0,480.0
-341.0,-378.0,267.0,412.0,5.0,-162.0,490.0,190.0,484.0,605.0
-311.0,55.0,231.0,408.0,18.0,-27.0,458.0,84.0,301.0,708.0
-271.0,380.0,208.0,392.0,14.0,97.0,443.0,181.0,106.0,797.0
-211.0,508.0,186.0,356.0,-8.0,147.0,432.0,221.0,-91.0,864.0
-157.0,451.0,141.0,300.0,-41.0,71.0,458.0,238.0,-241.0,898.0
-113.0,307.0,128.0,229.0,-66.0,40.0,450.0,314.0,-335.0,894.0
-72.0,227.0,108.0,162.0,-77.0,89.0,410.0,363.0,-400.0,881.0
-5.0,293.0,76.0,131.0,-66.0,17.0,433.0,550.0,-418.0,828.0
54.0,492.0,54.0,134.0,-26.0,-101.0,462.0,949.0,-412.0,740.0
100.0,720.0,10.0,132.0,36.0,-73.0,447.0,1188.0,-382.0,642.0
176.0,893.0,-18.0,108.0,99.0,4.0,417.0,872.0,-313.0,564.0
223.0,1011.0,-63.0,93.0,141.0,45.0,409.0,376.0,-235.0,491.0
292.0,1065.0,-102.0,64.0,169.0,215.0,425.0,20.0,-137.0,422.0
344.0,1006.0,-145.0,42.0,184.0,218.0,442.0,-25.0,-21.0,404.0
370.0,863.0,-168.0,41.0,184.0,-14.0,453.0,158.0,84.0,404.0
413.0,753.0,-193.0,7.0,174.0,-142.0,473.0,338.0,186.0,406.0
422.0,707.0,-205.0,-35.0,170.0,-76.0,484.0,552.0,271.0,431.0
427.0,724.0,-223.0,-88.0,196.0,-4.0,492.0,535.0,323.0,495.0
417.0,786.0,-260.0,-146.0,249.0,-37.0,511.0,415.0,367.0,561.0
399.0,794.0,-235.0,-195.0,297.0,-35.0,484.0,365.0,384.0,611.0
365.0,699.0,-242.0,-231.0,317.0,-42.0,386.0,386.0,364.0,684.0
334.0,510.0,-234.0,-249.0,303.0,98.0,314.0,543.0,311.0,748.0
301.0,242.0,-196.0,-269.0,266.0,160.0,312.0,620.0,230.0,786.0
240.0,-88.0,-163.0,-293.0,217.0,38.0,363.0,801.0,152.0,813.0
197.0,-448.0,-134.0,-307.0,159.0,108.0,416.0,822.0,75.0,815.0
150.0,-822.0,-108.0,-325.0,107.0,103.0,414.0,668.0,16.0,817.0
119.0,-1165.0,-61.0,-343.0,70.0,-29.0,407.0,740.0,-25.0,803.0
78.0,-1399.0,-31.0,-345.0,40.0,-33.0,382.0,752.0,-74.0,778.0
40.0,-1496.0,1.0,-349.0,13.0,31.0,383.0,735.0,-106.0,773.0
30.0,-1440.0,40.0,-349.0,-4.0,-17.0,447.0,393.0,-145.0,742.0
32.0,-1254.0,63.0,-321.0,-12.0,-38.0,500.0,27.0,-187.0,700.0
38.0,-971.0,89.0,-304.0,-20.0,78.0,523.0,79.0,-178.0,659.0
34.0,-641.0,116.0,-292.0,-34.0,41.0,504.0,216.0,-126.0,620.0
62.0,-363.0,115.0,-267.0,-43.0,-102.0,447.0,570.0,-70.0,576.0
81.0,-215.0,105.0,-245.0,-37.0,-100.0,369.0,816.0,-23.0,512.0
72.0,-75.0,76.0,-206.0,-18.0,-16.0,356.0,970.0,22.0,459.0
65.0,234.0,54.0,-145.0,10.0,-23.0,449.0,1021.0,67.0,407.0
63.0,669.0,39.0,-79.0,50.0,-58.0,546.0,827.0,101.0,325.0
64.0,1078.0,6.0,-37.0,99.0,-54.0,599.0,755.0,132.0,250.0
58.0,1361.0,-12.0,-12.0,144.0,67.0,603.0,700.0,143.0,205.0
67.0,1545.0,-48.0,23.0,169.0,194.0,568.0,739.0,132.0,152.0
71.0,1654.0,-74.0,68.0,177.0,110.0,542.0,622.0,121.0,92.0
50.0,1573.0,-91.0,119.0,179.0,97.0,539.0,522.0,108.0,63.0
42.0,1209.0,-109.0,198.0,175.0,231.0,581.0,546.0,91.0,42.0
28.0,664.0,-113.0,255.0,156.0,189.0,631.0,251.0,78.0,3.0
-2.0,190.0,-126.0,283.0,123.0,34.0,614.0,173.0,85.0,-3.0
-23.0,-99.0,-133.0,346.0,85.0,122.0,568.0,179.0,102.0,18.0
-63.0,-309.0,-123.0,388.0,42.0,260.0,554.0,295.0,87.0,39.0
-100.0,-543.0,-127.0,373.0,0.0,206.0,555.0,583.0,80.0,64.0
-123.0,-753.0,-87.0,338.0,-31.0,295.0,528.0,639.0,81.0,106.0
-155.0,-850.0,-60.0,312.0,-48.0,515.0,503.0,814.0,56.0,178.0
-190.0,-800.0,-58.0,262.0,-47.0,515.0,493.0,820.0,20.0,230.0
-230.0,-586.0,0.0,198.0,-29.0,325.0,497.0,716.0,-37.0,263.0
-252.0,-304.0,19.0,152.0,-1.0,199.0,455.0,582.0,-70.0,285.0
-255.0,-62.0,46.0,103.0,26.0,219.0,382.0,323.0,-89.0,289.0
-259.0,156.0,84.0,51.0,46.0,250.0,346.0,258.0,-114.0,263.0
-259.0,401.0,87.0,49.0,58.0,225.0,330.0,48.0,-141.0,200.0
-256.0,661.0,106.0,77.0,73.0,216.0,384.0,-151.0,-191.0,141.0
-261.0,883.0,123.0,93.0,92.0,274.0,409.0,-24.0,-231.0,52.0
-257.0,1015.0,132.0,141.0,110.0,300.0,332.0,413.0,-263.0,-74.0
-253.0,996.0,148.0,159.0,118.0,151.0,218.0,792.0,-288.0,-205.0
-244.0,874.0,176.0,152.0,108.0,154.0,162.0,739.0,-293.0,-331.0
-221.0,701.0,190.0,159.0,81.0,331.0,191.0,363.0,-274.0,-459.0
-202.0,411.0,209.0,148.0,49.0,223.0,199.0,-147.0,-265.0,-592.0
-184.0,-26.0,250.0,129.0,25.0,43.0,209.0,-190.0,-265.0,-684.0
-167.0,-520.0,266.0,123.0,14.0,89.0,183.0,157.0,-225.0,-749.0
-158.0,-928.0,279.0,94.0,2.0,154.0,142.0,430.0,-174.0,-792.0
-141.0,-1123.0,303.0,54.0,-14.0,62.0,138.0,441.0,-103.0,-795.0
-138.0,-1044.0,294.0,48.0,-35.0,68.0,116.0,330.0,-14.0,-745.0
-120.0,-794.0,296.0,38.0,-38.0,139.0,84.0,508.0,93.0,-650.0
-79.0,-549.0,310.0,34.0,-15.0,106.0,28.0,485.0,222.0,-535.0
-68.0,-404.0,305.0,37.0,7.0,205.0,-14.0,327.0,347.0,-387.0
-26.0,-380.0,290.0,44.0,9.0,289.0,-35.0,145.0,470.0,-224.0
-4.0,-440.0,280.0,69.0,-3.0,193.0,-69.0,16.0,557.0,-66.0
9.0,-496.0,254.0,88.0,-15.0,24.0,-123.0,212.0,616.0,49.0
38.0,-520.0,227.0,119.0,-32.0,-35.0,-140.0,92.0,649.0,143.0
39.0,-524.0,204.0,131.0,-50.0,13.0,-127.0,157.0,651.0,208.0
57.0,-447.0,173.0,117.0,-55.0,65.0,-156.0,469.0,644.0,203.0
72.0,-294.0,138.0,110.0,-48.0,54.0,-199.0,543.0,617.0,178.0
92.0,-131.0,99.0,126.0,-36.0,-19.0,-232.0,528.0,578.0,140.0
100.0,153.0,59.0,163.0,-27.0,126.0,-213.0,323.0,505.0,88.0
112.0,660.0,14.0,192.0,-19.0,146.0,-205.0,347.0,403.0,10.0
118.0,1249.0,-9.0,194.0,-1.0,-154.0,-230.0,410.0,302.0,-66.0
137.0,1744.0,-54.0,162.0,20.0,-189.0,-248.0,537.0,213.0,-97.0
151.0,2037.0,-88.0,114.0,45.0,85.0,-268.0,543.0,152.0,-127.0
146.0,2028.0,-103.0,69.0,68.0,250.0,-270.0,349.0,102.0,-133.0
142.0,1817.0,-151.0,44.0,73.0,176.0,-303.0,389.0,50.0,-104.0
130.0,1608.0,-177.0,40.0,58.0,171.0,-318.0,408.0,0.0,-71.0
153.0,1365.0,-219.0,17.0,36.0,268.0,-311.0,622.0,-39.0,-35.0
145.0,977.0,-252.0,-18.0,30.0,177.0,-295.0,495.0,-50.0,17.0
152.0,515.0,-257.0,-41.0,50.0,33.0,-248.0,219.0,-46.0,91.0
159.0,76.0,-281.0,-58.0,95.0,66.0,-215.0,277.0,-29.0,150.0
144.0,-363.0,-292.0,-80.0,145.0,162.0,-185.0,354.0,-14.0,192.0
148.0,-802.0,-292.0,-89.0,177.0,197.0,-176.0,635.0,4.0,227.0
131.0,-1204.0,-300.0,-81.0,177.0,201.0,-162.0,644.0,51.0,258.0
139.0,-1499.0,-295.0,-65.0,146.0,238.0,-120.0,441.0,100.0,286.0
137.0,-1588.0,-278.0,-44.0,103.0,246.0,-90.0,441.0,138.0,302.0
146.0,-1495.0,-252.0,-13.0,61.0,168.0,-105.0,461.0,173.0,326.0
167.0,-1349.0,-212.0,32.0,16.0,108.0,-143.0,408.0,176.0,343.0
186.0,-1236.0,-155.0,96.0,-45.0,156.0,-163.0,412.0,161.0,327.0
206.0,-1116.0,-108.0,192.0,-118.0,213.0,-191.0,582.0,128.0,315.0
218.0,-911.0,-48.0,298.0,-188.0,114.0,-202.0,378.0,83.0,315.0
243.0,-618.0,37.0,404.0,-240.0,2.0,-154.0,151.0,56.0,310.0
245.0,-289.0,98.0,514.0,-269.0,41.0,-124.0,384.0,29.0,299.0
249.0,109.0,152.0,612.0,-267.0,-10.0,-165.0,482.0,3.0,275.0
240.0,562.0,218.0,685.0,-240.0,-120.0,-186.0,489.0,-26.0,266.0
218.0,844.0,254.0,733.0,-202.0,59.0,-141.0,260.0,-54.0,247.0
207.0,881.0,279.0,756.0,-163.0,207.0,-101.0,153.0,-89.0,226.0
161.0,752.0,317.0,709.0,-122.0,105.0,-97.0,164.0,-105.0,236.0
128.0,492.0,301.0,644.0,-72.0,57.0,-73.0,118.0,-116.0,224.0
91.0,239.0,302.0,581.0,-29.0,60.0,-35.0,421.0,-144.0,215.0
47.0,94.0,306.0,496.0,0.0,70.0,-47.0,182.0,-129.0,222.0
15.0,-57.0,261.0,418.0,21.0,73.0,-91.0,31.0,-118.0,210.0
-40.0,-280.0,237.0,328.0,39.0,83.0,-101.0,271.0,-125.0,188.0
-61.0,-464.0,181.0,239.0,49.0,148.0,-68.0,521.0,-133.0,140.0
-88.0,-534.0,147.0,153.0,43.0,235.0,-46.0,718.0,-158.0,92.0
-130.0,-535.0,121.0,99.0,29.0,239.0,-72.0,465.0,-187.0,40.0
-166.0,-493.0,87.0,68.0,22.0,102.0,-126.0,338.0,-211.0,-31.0
-218.0,-439.0,85.0,34.0,29.0,60.0,-177.0,-145.0,-239.0,-94.0
-264.0,-467.0,79.0,26.0,42.0,138.0,-211.0,-426.0,-279.0,-138.0
-317.0,-526.0,85.0,-5.0,61.0,150.0,-202.0,48.0,-304.0,-177.0
-369.0,-461.0,95.0,-38.0,93.0,182.0,-177.0,441.0,-311.0,-233.0
-412.0,-249.0,125.0,-62.0,132.0,206.0,-163.0,550.0,-299.0,-275.0
-436.0,20.0,134.0,-103.0,168.0,87.0,-188.0,254.0,-270.0,-314.0
-456.0,267.0,159.0,-149.0,190.0,50.0,-234.0,179.0,-259.0,-346.0
-473.0,454.0,199.0,-216.0,193.0,169.0,-213.0,225.0,-248.0,-373.0
-490.0,591.0,205.0,-282.0,179.0,139.0,-152.0,437.0,-212.0,-404.0
-505.0,696.0,243.0,-351.0,149.0,10.0,-139.0,800.0,-172.0,-401.0
-508.0,696.0,250.0,-421.0,113.0,31.0,-156.0,537.0,-109.0,-413.0
-516.0,631.0,255.0,-429.0,88.0,113.0,-216.0,269.0,-49.0,-412.0
-500.0,679.0,271.0,-399.0,79.0,73.0,-296.0,90.0,2.0,-394.0
-488.0,830.0,253.0,-356.0,73.0,-43.0,-313.0,3.0,74.0,-373.0
-468.0,919.0,246.0,-280.0,61.0,-95.0,-299.0,18.0,135.0,-351.0
-433.0,894.0,236.0,-198.0,41.0,-35.0,-315.0,-92.0,200.0,-336.0
-402.0,821.0,214.0,-132.0,20.0,63.0,-339.0,234.0,248.0,-291.0
-356.0,669.0,175.0,-87.0,11.0,66.0,-378.0,495.0,272.0,-257.0
-308.0,388.0,153.0,-67.0,11.0,43.0,-417.0,570.0,265.0,-227.0
-261.0,86.0,105.0,-34.0,5.0,82.0,-402.0,413.0,258.0,-175.0
-190.0,-136.0,50.0,-5.0,-12.0,68.0,-354.0,12.0,256.0,-112.0
-126.0,-338.0,5.0,8.0,-30.0,56.0,-288.0,169.0,241.0,-52.0
-76.0,-538.0,-61.0,46.0,-46.0,94.0,-288.0,131.0,219.0,6.0
-4.0,-698.0,-87.0,70.0,-53.0,33.0,-348.0,51.0,144.0,70.0
56.0,-826.0,-127.0,104.0,-57.0,-117.0,-369.0,328.0,61.0,102.0
119.0,-899.0,-152.0,148.0,-61.0,-133.0,-384.0,421.0,2.0,113.0
185.0,-876.0,-156.0,163.0,-59.0,-93.0,-431.0,399.0,-42.0,118.0
237.0,-714.0,-188.0,183.0,-56.0,-195.0,-495.0,304.0,-70.0,109.0
279.0,-448.0,-184.0,190.0,-54.0,-259.0,-511.0,291.0,-117.0,89.0
315.0,-142.0,-193.0,183.0,-48.0,-117.0,-498.0,38.0,-175.0,69.0
336.0,179.0,-192.0,169.0,-41.0,-37.0,-487.0,-53.0,-216.0,65.0
363.0,462.0,-180.0,148.0,-29.0,-144.0,-461.0,-12.0,-236.0,89.0
385.0,685.0,-190.0,155.0,-7.0,-146.0,-423.0,-169.0,-242.0,104.0
394.0,831.0,-173.0,167.0,21.0,-46.0,-383.0,-16.0,-226.0,101.0
404.0,876.0,-162.0,169.0,54.0,8.0,-412.0,240.0,-218.0,104.0
397.0,786.0,-178.0,175.0,78.0,-52.0,-470.0,788.0,-217.0,93.0
399.0,613.0,-180.0,183.0,92.0,-86.0,-458.0,1101.0,-232.0,52.0
380.0,436.0,-176.0,190.0,94.0,1.0,-409.0,866.0,-252.0,11.0
355.0,260.0,-212.0,208.0,79.0,-15.0,-383.0,530.0,-251.0,-23.0
326.0,133.0,-245.0,235.0,43.0,-8.0,-391.0,96.0,-264.0,-73.0
296.0,135.0,-264.0,241.0,-11.0,100.0,-401.0,31.0,-277.0,-130.0
275.0,257.0,-305.0,259.0,-70.0,103.0,-361.0,186.0,-291.0,-186.0
248.0,316.0,-366.0,304.0,-107.0,-90.0,-277.0,310.0,-314.0,-219.0
249.0,168.0,-418.0,342.0,-111.0,-175.0,-216.0,260.0,-308.0,-249.0
250.0,-90.0,-470.0,346.0,-91.0,-1.0,-177.0,149.0,-269.0,-270.0
259.0,-351.0,-533.0,346.0,-65.0,-10.0,-147.0,114.0,-199.0,-265.0
253.0,-577.0,-573.0,346.0,-52.0,-100.0,-166.0,-206.0,-118.0,-236.0
255.0,-678.0,-583.0,318.0,-52.0,-21.0,-172.0,-142.0,-40.0,-205.0
271.0,-620.0,-604.0,302.0,-60.0,-14.0,-180.0,225.0,4.0,-167.0
293.0,-478.0,-606.0,293.0,-66.0,-127.0,-221.0,410.0,25.0,-99.0
309.0,-277.0,-587.0,260.0,-59.0,-203.0,-198.0,624.0,54.0,-42.0
283.0,-86.0,-585.0,216.0,-31.0,-72.0,-163.0,500.0,80.0,21.0
265.0,-55.0,-528.0,180.0,15.0,102.0,-150.0,251.0,98.0,86.0
248.0,-198.0,-445.0,151.0,75.0,59.0,-112.0,-79.0,87.0,130.0
213.0,-374.0,-398.0,125.0,139.0,33.0,-59.0,-378.0,52.0,168.0
167.0,-453.0,-339.0,97.0,194.0,154.0,-5.0,-218.0,24.0,187.0
126.0,-372.0,-262.0,61.0,234.0,172.0,25.0,75.0,9.0,201.0
100.0,-152.0,-224.0,24.0,252.0,107.0,48.0,388.0,0.0,212.0
67.0,81.0,-185.0,-17.0,249.0,263.0,77.0,338.0,-16.0,192.0
13.0,269.0,-88.0,-45.0,236.0,477.0,94.0,112.0,-74.0,177.0
-48.0,456.0,-16.0,-42.0,220.0,443.0,112.0,125.0,-154.0,166.0
-103.0,595.0,-23.0,-44.0,207.0,379.0,92.0,64.0,-215.0,122.0
-155.0,575.0,15.0,-59.0,197.0,472.0,53.0,22.0,-260.0,98.0
-207.0,405.0,58.0,-58.0,190.0,406.0,73.0,169.0,-300.0,89.0
-247.0,166.0,33.0,-51.0,177.0,158.0,116.0,461.0,-335.0,85.0
-274.0,-31.0,60.0,-61.0,150.0,169.0,137.0,375.0,-375.0,86.0
-300.0,-93.0,36.0,-84.0,106.0,378.0,113.0,216.0,-427.0,96.0
-325.0,-82.0,19.0,-117.0,58.0,420.0,67.0,227.0,-441.0,112.0
-341.0,-100.0,-5.0,-140.0,21.0,278.0,47.0,27.0,-429.0,95.0
-341.0,-151.0,-89.0,-141.0,0.0,239.0,40.0,84.0,-408.0,60.0
-357.0,-193.0,-97.0,-170.0,-10.0,297.0,56.0,116.0,-362.0,19.0
-350.0,-196.0,-141.0,-171.0,-18.0,190.0,92.0,79.0,-326.0,-26.0
-341.0,-121.0,-201.0,-154.0,-40.0,80.0,100.0,-84.0,-302.0,-79.0
-343.0,95.0,-232.0,-192.0,-74.0,219.0,98.0,-225.0,-278.0,-139.0
-330.0,383.0,-264.0,-226.0,-113.0,401.0,68.0,177.0,-237.0,-185.0
-325.0,557.0,-296.0,-236.0,-156.0,320.0,0.0,443.0,-160.0,-220.0
-315.0,579.0,-317.0,-241.0,-192.0,248.0,0.0,565.0,-60.0,-272.0
-305.0,580.0,-305.0,-252.0,-207.0,323.0,23.0,556.0,34.0,-310.0
-293.0,650.0,-293.0,-251.0,-192.0,252.0,9.0,399.0,139.0,-321.0
-271.0,708.0,-306.0,-238.0,-153.0,125.0,-6.0,282.0,239.0,-335.0
-227.0,716.0,-284.0,-197.0,-110.0,204.0,-31.0,177.0,305.0,-330.0
-183.0,715.0,-245.0,-145.0,-75.0,379.0,-54.0,169.0,362.0,-303.0
-140.0,657.0,-223.0,-111.0,-47.0,321.0,-30.0,0.0,409.0,-280.0
-98.0,519.0,-147.0,-71.0,-29.0,218.0,5.0,-44.0,425.0,-252.0
-59.0,297.0,-107.0,-54.0,-19.0,298.0,-26.0,-22.0,403.0,-229.0
-9.0,5.0,-46.0,-55.0,-5.0,303.0,-101.0,-3.0,343.0,-193.0
29.0,-283.0,27.0,-57.0,14.0,171.0,-190.0,182.0,249.0,-151.0
71.0,-534.0,60.0,-67.0,34.0,69.0,-230.0,160.0,158.0,-130.0
116.0,-737.0,123.0,-96.0,56.0,81.0,-220.0,197.0,80.0,-80.0
173.0,-916.0,199.0,-128.0,78.0,54.0,-233.0,280.0,-10.0,-36.0
218.0,-1104.0,222.0,-137.0,106.0,-44.0,-239.0,349.0,-114.0,-25.0
236.0,-1241.0,239.0,-158.0,139.0,-59.0,-231.0,338.0,-198.0,1.0
259.0,-1262.0,297.0,-183.0,164.0,-19.0,-208.0,206.0,-249.0,26.0
273.0,-1223.0,300.0,-189.0,174.0,-54.0,-183.0,279.0,-260.0,50.0
265.0,-1145.0,342.0,-166.0,173.0,-118.0,-183.0,184.0,-234.0,89.0
234.0,-972.0,364.0,-136.0,164.0,60.0,-182.0,181.0,-202.0,144.0
187.0,-721.0,383.0,-105.0,147.0,235.0,-199.0,282.0,-166.0,210.0
150.0,-448.0,415.0,-51.0,117.0,94.0,-211.0,184.0,-121.0,255.0
124.0,-206.0,380.0,0.0,71.0,50.0,-205.0,203.0,-80.0,279.0
98.0,-65.0,409.0,68.0,22.0,147.0,-235.0,216.0,-42.0,299.0
61.0,-42.0,387.0,132.0,-17.0,63.0,-268.0,219.0,7.0,296.0
34.0,-111.0,355.0,181.0,-56.0,-3.0,-278.0,166.0,57.0,262.0
23.0,-289.0,346.0,235.0,-97.0,100.0,-316.0,195.0,88.0,198.0
-6.0,-509.0,300.0,265.0,-129.0,185.0,-405.0,293.0,93.0,138.0
-19.0,-643.0,287.0,266.0,-144.0,121.0,-460.0,232.0,54.0,65.0
-24.0,-636.0,251.0,268.0,-142.0,43.0,-409.0,107.0,2.0,-26.0
-17.0,-504.0,229.0,284.0,-127.0,138.0,-324.0,-121.0,-60.0,-97.0
-4.0,-301.0,205.0,284.0,-105.0,207.0,-280.0,-147.0,-151.0,-184.0
3.0,-136.0,147.0,268.0,-86.0,154.0,-269.0,-110.0,-241.0,-283.0
27.0,-85.0,116.0,238.0,-63.0,64.0,-265.0,-31.0,-328.0,-363.0
45.0,-36.0,100.0,200.0,-37.0,23.0,-252.0,206.0,-406.0,-431.0
63.0,105.0,36.0,177.0,-23.0,66.0,-214.0,195.0,-464.0,-466.0
59.0,251.0,-6.0,174.0,-29.0,31.0,-213.0,182.0,-494.0,-499.0
80.0,310.0,-40.0,172.0,-47.0,13.0,-225.0,-35.0,-490.0,-529.0
107.0,305.0,-112.0,175.0,-67.0,77.0,-208.0,-319.0,-484.0,-526.0
122.0,291.0,-145.0,200.0,-86.0,50.0,-196.0,-293.0,-494.0,-528.0
138.0,230.0,-216.0,202.0,-102.0,-2.0,-172.0,-175.0,-513.0,-534.0
141.0,87.0,-286.0,197.0,-112.0,63.0,-168.0,184.0,-506.0,-523.0
168.0,-92.0,-325.0,204.0,-114.0,115.0,-173.0,297.0,-470.0,-517.0
175.0,-253.0,-432.0,193.0,-118.0,110.0,-162.0,293.0,-425.0,-528.0
175.0,-314.0,-501.0,169.0,-128.0,143.0,-168.0,218.0,-362.0,-547.0
189.0,-278.0,-584.0,134.0,-134.0,156.0,-202.0,-53.0,-321.0,-558.0
199.0,-259.0,-702.0,84.0,-127.0,178.0,-235.0,-97.0,-301.0,-560.0
201.0,-326.0,-769.0,34.0,-107.0,223.0,-193.0,-227.0,-282.0,-540.0
210.0,-396.0,-850.0,4.0,-86.0,223.0,-124.0,-70.0,-250.0,-505.0
214.0,-412.0,-917.0,-19.0,-70.0,188.0,-127.0,31.0,-220.0,-439.0
209.0,-445.0,-958.0,-41.0,-52.0,156.0,-158.0,31.0,-211.0,-362.0
198.0,-493.0,-985.0,-62.0,-36.0,93.0,-157.0,269.0,-193.0,-296.0
176.0,-522.0,-983.0,-97.0,-18.0,45.0,-139.0,245.0,-188.0,-219.0
156.0,-477.0,-975.0,-147.0,3.0,71.0,-105.0,195.0,-164.0,-148.0
133.0,-322.0,-934.0,-186.0,22.0,75.0,-86.0,-44.0,-130.0,-79.0
116.0,-96.0,-879.0,-210.0,27.0,73.0,-122.0,-203.0,-84.0,-41.0
91.0,157.0,-804.0,-246.0,14.0,67.0,-149.0,-195.0,-11.0,-7.0
81.0,372.0,-704.0,-309.0,-14.0,38.0,-108.0,-153.0,44.0,12.0
64.0,467.0,-632.0,-353.0,-45.0,70.0,-17.0,-14.0,121.0,4.0
32.0,418.0,-519.0,-356.0,-71.0,65.0,32.0,-109.0,210.0,7.0
5.0,298.0,-437.0,-342.0,-100.0,-38.0,14.0,-66.0,299.0,3.0
-27.0,179.0,-351.0,-321.0,-141.0,-45.0,32.0,-75.0,401.0,0.0
-43.0,-12.0,-241.0,-277.0,-191.0,41.0,91.0,-9.0,471.0,-9.0
-59.0,-366.0,-200.0,-222.0,-236.0,77.0,119.0,110.0,511.0,-7.0
-49.0,-813.0,-111.0,-173.0,-267.0,79.0,130.0,-29.0,556.0,-16.0
-42.0,-1120.0,-57.0,-129.0,-280.0,93.0,158.0,-14.0,584.0,-34.0
-31.0,-1091.0,-12.0,-113.0,-282.0,87.0,172.0,-68.0,605.0,-52.0
-12.0,-802.0,40.0,-116.0,-281.0,75.0,179.0,-51.0,627.0,-88.0
-22.0,-409.0,56.0,-140.0,-292.0,140.0,194.0,-14.0,635.0,-120.0
-25.0,33.0,67.0,-179.0,-310.0,123.0,185.0,-110.0,632.0,-176.0
-27.0,441.0,57.0,-242.0,-311.0,17.0,187.0,-55.0,580.0,-216.0
-47.0,711.0,70.0,-318.0,-289.0,42.0,185.0,-73.0,499.0,-247.0
-84.0,863.0,42.0,-377.0,-259.0,59.0,142.0,-123.0,411.0,-267.0
-96.0,952.0,46.0,-459.0,-226.0,1.0,101.0,-216.0,316.0,-259.0
-103.0,947.0,55.0,-512.0,-178.0,-2.0,101.0,-188.0,232.0,-251.0
-112.0,837.0,37.0,-541.0,-111.0,66.0,104.0,-121.0,143.0,-218.0
-109.0,658.0,66.0,-572.0,-47.0,173.0,55.0,-234.0,52.0,-200.0
-113.0,434.0,61.0,-596.0,-12.0,137.0,24.0,-203.0,-26.0,-193.0
-89.0,143.0,87.0,-619.0,-2.0,24.0,2.0,-138.0,-97.0,-171.0
-56.0,-267.0,131.0,-609.0,-1.0,64.0,4.0,42.0,-168.0,-167.0
-36.0,-786.0,131.0,-596.0,-1.0,170.0,43.0,216.0,-227.0,-169.0
-12.0,-1307.0,181.0,-552.0,-7.0,157.0,42.0,212.0,-273.0,-153.0
6.0,-1699.0,218.0,-480.0,-20.0,75.0,46.0,94.0,-299.0,-135.0
21.0,-1934.0,215.0,-428.0,-29.0,90.0,36.0,-236.0,-288.0,-118.0
66.0,-2011.0,255.0,-355.0,-29.0,52.0,17.0,-378.0,-261.0,-105.0
68.0,-1868.0,279.0,-285.0,-21.0,-41.0,-1.0,-522.0,-221.0,-86.0
78.0,-1565.0,289.0,-236.0,-5.0,-28.0,-24.0,-572.0,-154.0,-61.0
118.0,-1219.0,285.0,-176.0,16.0,-54.0,-21.0,-290.0,-102.0,-45.0
131.0,-802.0,257.0,-114.0,35.0,-103.0,-67.0,-18.0,-68.0,-11.0
167.0,-258.0,256.0,-95.0,53.0,-75.0,-140.0,266.0,-40.0,33.0
179.0,384.0,233.0,-72.0,82.0,-34.0,-171.0,182.0,-40.0,72.0
195.0,1091.0,200.0,-36.0,137.0,29.0,-143.0,-166.0,-39.0,124.0
212.0,1770.0,181.0,-29.0,212.0,37.0,-104.0,-363.0,-48.0,177.0
231.0,2269.0,133.0,-19.0,287.0,-34.0,-81.0,-245.0,-75.0,229.0
230.0,2526.0,68.0,5.0,353.0,-3.0,-56.0,131.0,-81.0,273.0
212.0,2513.0,-12.0,58.0,407.0,12.0,-86.0,125.0,-92.0,296.0
207.0,2266.0,-91.0,114.0,433.0,-89.0,-157.0,-90.0,-130.0,315.0
181.0,1944.0,-176.0,190.0,417.0,-123.0,-182.0,-197.0,-192.0,318.0
164.0,1601.0,-284.0,256.0,366.0,-60.0,-174.0,-138.0,-246.0,282.0
112.0,1175.0,-360.0,279.0,313.0,-41.0,-221.0,-149.0,-263.0,242.0
86.0,689.0,-443.0,328.0,280.0,-100.0,-265.0,-498.0,-251.0,211.0
61.0,263.0,-523.0,352.0,256.0,-157.0,-270.0,-570.0,-242.0,175.0
37.0,-57.0,-588.0,354.0,212.0,-170.0,-277.0,-303.0,-232.0,158.0
9.0,-346.0,-666.0,343.0,149.0,-173.0,-284.0,-18.0,-231.0,146.0
-36.0,-695.0,-712.0,323.0,83.0,-108.0,-324.0,-25.0,-228.0,160.0
-47.0,-1108.0,-733.0,301.0,29.0,10.0,-380.0,-129.0,-196.0,187.0
-66.0,-1442.0,-741.0,249.0,-1.0,-21.0,-412.0,-31.0,-169.0,224.0
-84.0,-1529.0,-707.0,176.0,-6.0,-118.0,-419.0,-279.0,-135.0,289.0
-112.0,-1407.0,-665.0,57.0,0.0,-46.0,-437.0,-489.0,-107.0,350.0
-95.0,-1235.0,-607.0,-59.0,0.0,208.0,-459.0,-482.0,-103.0,422.0
-82.0,-1052.0,-518.0,-152.0,-16.0,252.0,-428.0,-347.0,-106.0,485.0
-67.0,-823.0,-417.0,-238.0,-58.0,-18.0,-367.0,-24.0,-112.0,549.0
-46.0,-627.0,-325.0,-294.0,-115.0,-64.0,-327.0,-14.0,-113.0,601.0
-33.0,-538.0,-215.0,-313.0,-173.0,107.0,-359.0,-14.0,-128.0,615.0
12.0,-446.0,-123.0,-319.0,-225.0,130.0,-420.0,-110.0,-170.0,629.0
49.0,-238.0,-41.0,-310.0,-260.0,21.0,-431.0,-286.0,-221.0,630.0
101.0,26.0,58.0,-276.0,-270.0,81.0,-416.0,-219.0,-263.0,637.0
118.0,197.0,77.0,-246.0,-253.0,322.0,-382.0,-177.0,-305.0,635.0
152.0,256.0,143.0,-201.0,-231.0,379.0,-356.0,-247.0,-338.0,607.0
187.0,340.0,175.0,-169.0,-216.0,212.0,-320.0,-434.0,-369.0,570.0
202.0,492.0,174.0,-144.0,-196.0,87.0,-237.0,-578.0,-406.0,515.0
210.0,662.0,229.0,-147.0,-165.0,123.0,-175.0,-742.0,-415.0,444.0
233.0,798.0,192.0,-176.0,-129.0,112.0,-164.0,-515.0,-411.0,346.0
285.0,854.0,176.0,-159.0,-101.0,97.0,-165.0,-9.0,-384.0,241.0
296.0,826.0,170.0,-148.0,-75.0,221.0,-157.0,164.0,-319.0,98.0
301.0,811.0,110.0,-149.0,-50.0,248.0,-174.0,386.0,-245.0,-74.0
280.0,878.0,80.0,-183.0,-38.0,185.0,-211.0,205.0,-189.0,-232.0
270.0,846.0,77.0,-243.0,-56.0,178.0,-201.0,-388.0,-155.0,-392.0
237.0,622.0,24.0,-271.0,-99.0,177.0,-138.0,-707.0,-112.0,-530.0
196.0,354.0,11.0,-297.0,-144.0,114.0,-91.0,-838.0,-68.0,-646.0
193.0,195.0,-6.0,-284.0,-186.0,143.0,-81.0,-585.0,-33.0,-729.0
184.0,249.0,-58.0,-267.0,-224.0,275.0,-73.0,-192.0,6.0,-782.0
177.0,357.0,-59.0,-270.0,-250.0,316.0,-39.0,133.0,44.0,-814.0
168.0,243.0,-103.0,-234.0,-262.0,253.0,-5.0,295.0,92.0,-816.0
174.0,-50.0,-102.0,-221.0,-255.0,177.0,-2.0,83.0,155.0,-808.0
140.0,-366.0,-152.0,-211.0,-233.0,213.0,13.0,-171.0,205.0,-784.0
110.0,-739.0,-166.0,-183.0,-200.0,183.0,23.0,-343.0,236.0,-746.0
106.0,-1132.0,-181.0,-208.0,-154.0,27.0,10.0,-330.0,246.0,-706.0
79.0,-1373.0,-259.0,-270.0,-92.0,17.0,-49.0,-317.0,260.0,-668.0
53.0,-1484.0,-233.0,-306.0,-33.0,122.0,-98.0,-168.0,281.0,-618.0
23.0,-1523.0,-261.0,-340.0,13.0,102.0,-51.0,-99.0,269.0,-537.0
17.0,-1498.0,-255.0,-380.0,58.0,10.0,13.0,-415.0,250.0,-434.0
-3.0,-1484.0,-245.0,-397.0,107.0,10.0,74.0,-467.0,211.0,-333.0
-57.0,-1447.0,-268.0,-406.0,156.0,2.0,86.0,-467.0,156.0,-231.0
-82.0,-1197.0,-247.0,-402.0,189.0,16.0,65.0,-312.0,99.0,-134.0
-86.0,-737.0,-235.0,-408.0,206.0,66.0,39.0,-38.0,50.0,-41.0
-65.0,-296.0,-211.0,-409.0,209.0,58.0,1.0,-121.0,20.0,25.0
-60.0,62.0,-170.0,-403.0,192.0,56.0,-14.0,-363.0,-20.0,67.0
-61.0,416.0,-129.0,-392.0,148.0,42.0,-7.0,-515.0,-77.0,110.0
-38.0,711.0,-88.0,-370.0,96.0,36.0,18.0,-354.0,-165.0,118.0
-23.0,820.0,-38.0,-351.0,58.0,55.0,20.0,-315.0,-236.0,103.0
4.0,914.0,2.0,-321.0,20.0,14.0,-15.0,-315.0,-257.0,83.0
16.0,1158.0,38.0,-306.0,-31.0,-53.0,-71.0,-236.0,-266.0,59.0
34.0,1357.0,50.0,-273.0,-84.0,19.0,-116.0,-223.0,-243.0,28.0
53.0,1475.0,73.0,-221.0,-123.0,133.0,-95.0,-62.0,-186.0,-10.0
80.0,1733.0,97.0,-173.0,-151.0,83.0,-42.0,-160.0,-104.0,-23.0
94.0,2061.0,104.0,-116.0,-167.0,-5.0,-12.0,-351.0,22.0,-18.0
83.0,2169.0,100.0,-54.0,-164.0,-60.0,-13.0,-565.0,182.0,19.0
106.0,2158.0,68.0,13.0,-135.0,-52.0,-42.0,-755.0,335.0,79.0
116.0,2104.0,25.0,88.0,-89.0,-33.0,-55.0,-545.0,469.0,147.0
134.0,1753.0,-34.0,167.0,-45.0,-24.0,-46.0,-356.0,568.0,209.0
126.0,1172.0,-94.0,204.0,-10.0,-35.0,-81.0,-223.0,625.0,260.0
126.0,630.0,-162.0,212.0,24.0,-70.0,-141.0,-236.0,655.0,314.0
127.0,204.0,-226.0,215.0,64.0,-7.0,-204.0,-388.0,674.0,322.0
116.0,-149.0,-281.0,221.0,101.0,0.0,-246.0,-519.0,698.0,302.0
104.0,-420.0,-332.0,221.0,128.0,39.0,-221.0,-587.0,699.0,266.0
80.0,-559.0,-344.0,201.0,144.0,14.0,-172.0,-559.0,651.0,208.0
95.0,-665.0,-363.0,204.0,154.0,-167.0,-151.0,-521.0,584.0,135.0
97.0,-944.0,-374.0,207.0,159.0,-77.0,-119.0,-219.0,505.0,58.0
117.0,-1376.0,-354.0,193.0,158.0,11.0,-93.0,-164.0,414.0,-12.0
135.0,-1680.0,-358.0,190.0,156.0,-39.0,-115.0,-295.0,348.0,-88.0
166.0,-1747.0,-360.0,191.0,165.0,43.0,-149.0,-336.0,306.0,-156.0
186.0,-1650.0,-337.0,175.0,180.0,134.0,-199.0,-539.0,262.0,-218.0
206.0,-1414.0,-315.0,155.0,187.0,124.0,-258.0,-513.0,228.0,-260.0
232.0,-1084.0,-314.0,137.0,187.0,-34.0,-296.0,-515.0,179.0,-306.0
231.0,-728.0,-299.0,105.0,184.0,-154.0,-347.0,-515.0,109.0,-340.0
241.0,-372.0,-279.0,83.0,179.0,-116.0,-369.0,-515.0,55.0,-344.0
227.0,-66.0,-257.0,78.0,176.0,-45.0,-321.0,-622.0,-14.0,-344.0
234.0,79.0,-233.0,54.0,178.0,-19.0,-268.0,-515.0,-89.0,-303.0
203.0,7.0,-217.0,28.0,182.0,-55.0,-223.0,-574.0,-149.0,-253.0
188.0,-215.0,-176.0,11.0,168.0,-24.0,-229.0,-633.0,-219.0,-179.0
175.0,-400.0,-152.0,10.0,129.0,-37.0,-272.0,-570.0,-292.0,-101.0
147.0,-298.0,-127.0,19.0,75.0,-101.0,-314.0,-517.0,-343.0,-18.0
131.0,44.0,-99.0,21.0,17.0,-69.0,-333.0,-528.0,-355.0,92.0
90.0,285.0,-72.0,34.0,-28.0,-125.0,-289.0,-696.0,-339.0,185.0
100.0,241.0,-35.0,32.0,-50.0,-197.0,-260.0,-685.0,-306.0,278.0
89.0,15.0,3.0,12.0,-60.0,-130.0,-267.0,-681.0,-281.0,357.0
93.0,-179.0,39.0,-15.0,-77.0,-39.0,-266.0,-574.0,-253.0,423.0
78.0,-144.0,80.0,-55.0,-106.0,-64.0,-274.0,-497.0,-201.0,481.0
66.0,159.0,116.0,-116.0,-137.0,-112.0,-288.0,-637.0,-144.0,507.0
59.0,520.0,138.0,-162.0,-175.0,-60.0,-261.0,-537.0,-87.0,523.0
18.0,808.0,184.0,-180.0,-218.0,10.0,-180.0,-498.0,-29.0,525.0
-8.0,1077.0,198.0,-195.0,-257.0,30.0,-90.0,-367.0,45.0,498.0
-42.0,1238.0,208.0,-194.0,-286.0,-70.0,-31.0,-225.0,113.0,467.0
-38.0,1145.0,241.0,-191.0,-305.0,-108.0,-38.0,-336.0,166.0,431.0
-75.0,827.0,233.0,-197.0,-307.0,-59.0,-70.0,-360.0,220.0,383.0
-89.0,385.0,218.0,-193.0,-288.0,-154.0,-73.0,-393.0,256.0,339.0
-94.0,-34.0,188.0,-148.0,-255.0,-213.0,-79.0,-284.0,278.0,300.0
-103.0,-233.0,149.0,-87.0,-211.0,-147.0,-68.0,-184.0,277.0,270.0
-105.0,-301.0,116.0,-27.0,-146.0,-35.0,-41.0,-186.0,273.0,224.0
-131.0,-547.0,68.0,32.0,-60.0,9.0,-18.0,-192.0,277.0,185.0
-131.0,-1004.0,18.0,86.0,29.0,-8.0,-4.0,-203.0,291.0,152.0
-147.0,-1458.0,-49.0,148.0,108.0,-22.0,-15.0,-147.0,290.0,93.0
-125.0,-1766.0,-97.0,193.0,174.0,-76.0,0.0,-229.0,256.0,40.0
-111.0,-1887.0,-147.0,218.0,222.0,-10.0,19.0,-286.0,215.0,-22.0
-75.0,-1787.0,-225.0,220.0,243.0,103.0,23.0,-402.0,145.0,-97.0
-53.0,-1463.0,-229.0,197.0,234.0,162.0,16.0,-456.0,75.0,-160.0
-54.0,-1021.0,-288.0,162.0,203.0,204.0,-35.0,-437.0,18.0,-226.0
-42.0,-612.0,-317.0,121.0,163.0,114.0,-84.0,-452.0,-38.0,-269.0
-73.0,-266.0,-273.0,85.0,110.0,40.0,-91.0,-184.0,-64.0,-289.0
-101.0,46.0,-342.0,46.0,47.0,114.0,-59.0,-116.0,-88.0,-305.0
-137.0,347.0,-287.0,13.0,-10.0,130.0,-22.0,-153.0,-125.0,-280.0
-144.0,604.0,-275.0,-20.0,-59.0,146.0,6.0,-129.0,-149.0,-228.0
-177.0,786.0,-320.0,-28.0,-104.0,290.0,20.0,-186.0,-166.0,-165.0
-215.0,905.0,-237.0,-6.0,-152.0,357.0,4.0,-157.0,-155.0,-84.0
-230.0,915.0,-256.0,-6.0,-187.0,285.0,-26.0,-184.0,-118.0,-16.0
-240.0,889.0,-221.0,-3.0,-191.0,210.0,-82.0,-66.0,-83.0,49.0
-233.0,850.0,-162.0,-6.0,-185.0,168.0,-95.0,-60.0,-43.0,96.0
-242.0,656.0,-141.0,-34.0,-184.0,152.0,-56.0,-365.0,-3.0,113.0
-231.0,267.0,-85.0,-75.0,-175.0,139.0,-54.0,-633.0,41.0,129.0
-200.0,-222.0,-54.0,-139.0,-147.0,8.0,-76.0,-757.0,80.0,124.0
-156.0,-651.0,-19.0,-211.0,-112.0,-44.0,-81.0,-526.0,117.0,111.0
-132.0,-878.0,12.0,-283.0,-98.0,83.0,-98.0,-286.0,172.0,79.0
-95.0,-836.0,48.0,-365.0,-108.0,156.0,-91.0,-173.0,234.0,40.0
-57.0,-581.0,88.0,-418.0,-113.0,254.0,-7.0,-83.0,311.0,9.0
-15.0,-320.0,126.0,-451.0,-102.0,273.0,45.0,-86.0,390.0,-43.0
12.0,-293.0,134.0,-488.0,-82.0,99.0,10.0,-83.0,475.0,-89.0
14.0,-435.0,189.0,-505.0,-59.0,50.0,-60.0,-242.0,544.0,-130.0
38.0,-426.0,225.0,-519.0,-37.0,92.0,-131.0,-280.0,567.0,-168.0
59.0,-222.0,225.0,-527.0,-22.0,12.0,-162.0,-295.0,559.0,-235.0
73.0,-40.0,284.0,-507.0,-20.0,-39.0,-177.0,-197.0,504.0,-303.0
63.0,17.0,298.0,-459.0,-23.0,21.0,-188.0,77.0,441.0,-342.0
75.0,54.0,306.0,-391.0,-15.0,51.0,-186.0,-1.0,370.0,-378.0
91.0,177.0,323.0,-321.0,11.0,-20.0,-169.0,-31.0,299.0,-367.0
99.0,295.0,309.0,-220.0,46.0,-174.0,-146.0,-219.0,217.0,-339.0
85.0,260.0,302.0,-109.0,76.0,-203.0,-138.0,-426.0,103.0,-288.0
62.0,160.0,302.0,18.0,104.0,-47.0,-143.0,-345.0,0.0,-213.0
64.0,236.0,277.0,134.0,140.0,-14.0,-159.0,-434.0,-133.0,-133.0
60.0,495.0,253.0,187.0,181.0,-173.0,-163.0,-465.0,-263.0,-33.0
81.0,697.0,241.0,243.0,210.0,-224.0,-151.0,-509.0,-372.0,61.0
80.0,654.0,183.0,297.0,220.0,-169.0,-134.0,-487.0,-466.0,152.0
97.0,375.0,142.0,324.0,218.0,-172.0,-98.0,-393.0,-524.0,216.0
113.0,-8.0,105.0,325.0,208.0,-95.0,-66.0,-345.0,-564.0,261.0
109.0,-377.0,35.0,324.0,194.0,-18.0,-48.0,-223.0,-581.0,291.0
114.0,-662.0,-6.0,301.0,175.0,-105.0,-32.0,-303.0,-586.0,308.0
95.0,-779.0,-58.0,256.0,149.0,-126.0,-21.0,-330.0,-566.0,328.0
100.0,-679.0,-106.0,221.0,119.0,-143.0,-52.0,-458.0,-527.0,334.0
84.0,-416.0,-146.0,179.0,83.0,-304.0,-85.0,-665.0,-464.0,351.0
49.0,-95.0,-200.0,158.0,51.0,-354.0,-67.0,-528.0,-377.0,370.0
15.0,168.0,-236.0,121.0,27.0,-337.0,-71.0,-436.0,-271.0,380.0
-5.0,347.0,-277.0,65.0,7.0,-315.0,-67.0,-332.0,-124.0,394.0
-16.0,525.0,-301.0,48.0,-14.0,-242.0,-21.0,-360.0,14.0,394.0
-28.0,757.0,-317.0,51.0,-32.0,-257.0,33.0,-484.0,150.0,380.0
-40.0,947.0,-325.0,69.0,-33.0,-305.0,108.0,-484.0,267.0,362.0
-61.0,1066.0,-307.0,95.0,-17.0,-264.0,126.0,-474.0,347.0,328.0
-65.0,1128.0,-283.0,113.0,8.0,-224.0,97.0,-423.0,417.0,288.0
-72.0,1023.0,-268.0,125.0,43.0,-284.0,45.0,-509.0,455.0,237.0
-79.0,800.0,-247.0,145.0,75.0,-223.0,-12.0,-473.0,478.0,191.0
-84.0,587.0,-189.0,171.0,92.0,-98.0,-26.0,-465.0,498.0,138.0
-98.0,386.0,-164.0,183.0,81.0,-174.0,-36.0,-426.0,504.0,71.0
-107.0,233.0,-127.0,190.0,54.0,-188.0,-42.0,-325.0,490.0,18.0
-115.0,114.0,-50.0,201.0,33.0,-83.0,-46.0,-421.0,443.0,-48.0
-132.0,-48.0,-22.0,200.0,9.0,-99.0,-102.0,-332.0,378.0,-118.0
-147.0,-253.0,29.0,157.0,-22.0,-162.0,-187.0,-345.0,306.0,-191.0
-171.0,-403.0,101.0,97.0,-57.0,-185.0,-210.0,-284.0,235.0,-284.0
-175.0,-405.0,141.0,51.0,-98.0,-130.0,-188.0,-162.0,180.0,-367.0
-186.0,-329.0,209.0,1.0,-142.0,-31.0,-148.0,-223.0,129.0,-448.0
-200.0,-255.0,276.0,-36.0,-185.0,-56.0,-95.0,-212.0,114.0,-531.0
-185.0,-152.0,319.0,-74.0,-221.0,-85.0,-76.0,-264.0,124.0,-617.0
-178.0,-45.0,367.0,-103.0,-234.0,10.0,-54.0,-160.0,129.0,-694.0
-163.0,-89.0,406.0,-116.0,-225.0,-31.0,-32.0,-175.0,155.0,-762.0
-191.0,-283.0,431.0,-138.0,-214.0,-174.0,-1.0,-280.0,183.0,-827.0
-191.0,-378.0,443.0,-134.0,-217.0,-187.0,43.0,-301.0,210.0,-857.0
-182.0,-292.0,450.0,-98.0,-231.0,-147.0,48.0,-436.0,226.0,-840.0
-186.0,-226.0,426.0,-67.0,-230.0,-159.0,7.0,-471.0,242.0,-789.0
-161.0,-279.0,387.0,-7.0,-198.0,-149.0,-15.0,-696.0,281.0,-714.0
-143.0,-326.0,368.0,92.0,-146.0,-95.0,16.0,-720.0,305.0,-618.0
-116.0,-332.0,320.0,183.0,-89.0,-149.0,32.0,-474.0,336.0,-515.0
-102.0,-379.0,283.0,277.0,-40.0,-149.0,-10.0,-338.0,357.0,-424.0
-87.0,-374.0,254.0,362.0,-5.0,-77.0,-71.0,-88.0,338.0,-342.0
-72.0,-223.0,203.0,403.0,11.0,-65.0,-93.0,-145.0,300.0,-272.0
-49.0,-2.0,160.0,416.0,13.0,-71.0,-89.0,-325.0,230.0,-216.0
-52.0,152.0,152.0,434.0,12.0,-181.0,-98.0,-423.0,171.0,-183.0
-51.0,169.0,154.0,462.0,10.0,-224.0,-101.0,-436.0,123.0,-160.0
-54.0,133.0,129.0,476.0,0.0,-179.0,-63.0,-308.0,62.0,-122.0
-62.0,163.0,153.0,471.0,-10.0,-211.0,1.0,-210.0,29.0,-100.0
-57.0,211.0,159.0,464.0,-15.0,-210.0,9.0,-40.0,4.0,-78.0
-48.0,186.0,154.0,429.0,-23.0,-139.0,3.0,-83.0,-27.0,-28.0
-23.0,114.0,180.0,370.0,-46.0,-130.0,32.0,-96.0,-74.0,15.0
-33.0,42.0,186.0,314.0,-79.0,-218.0,23.0,-116.0,-139.0,74.0
-40.0,-32.0,213.0,234.0,-116.0,-219.0,-1.0,-253.0,-188.0,147.0
-67.0,-171.0,244.0,172.0,-145.0,-142.0,-6.0,-243.0,-235.0,192.0
-64.0,-372.0,287.0,103.0,-162.0,-150.0,-26.0,-367.0,-255.0,247.0
-66.0,-541.0,317.0,20.0,-160.0,-170.0,-66.0,-221.0,-244.0,291.0
-85.0,-601.0,363.0,-41.0,-145.0,-134.0,-68.0,-55.0,-239.0,321.0
-76.0,-514.0,411.0,-101.0,-133.0,-133.0,-67.0,-194.0,-227.0,371.0
-73.0,-292.0,422.0,-128.0,-129.0,-206.0,-105.0,-205.0,-215.0,417.0
-59.0,36.0,471.0,-144.0,-123.0,-268.0,-97.0,-162.0,-207.0,482.0
-27.0,363.0,487.0,-158.0,-98.0,-212.0,-72.0,-72.0,-190.0,548.0
0.0,527.0,489.0,-156.0,-52.0,-102.0,-64.0,-245.0,-156.0,589.0
23.0,409.0,515.0,-149.0,5.0,-112.0,-38.0,-378.0,-108.0,606.0
76.0,18.0,488.0,-141.0,64.0,-141.0,-10.0,-330.0,-49.0,608.0
90.0,-443.0,465.0,-103.0,114.0,-89.0,12.0,-338.0,8.0,591.0
120.0,-696.0,430.0,-58.0,149.0,-89.0,40.0,-288.0,40.0,540.0
158.0,-675.0,369.0,-15.0,164.0,-131.0,20.0,-513.0,52.0,469.0
196.0,-586.0,341.0,25.0,147.0,-139.0,-23.0,-434.0,36.0,384.0
224.0,-461.0,272.0,40.0,100.0,-111.0,-28.0,-203.0,26.0,285.0
250.0,-226.0,234.0,79.0,43.0,-119.0,-22.0,-206.0,38.0,148.0
285.0,-15.0,194.0,136.0,0.0,-161.0,-4.0,-59.0,54.0,2.0
288.0,171.0,119.0,179.0,-19.0,-175.0,7.0,-125.0,82.0,-138.0
311.0,433.0,106.0,224.0,-15.0,-174.0,42.0,-166.0,121.0,-270.0
296.0,692.0,34.0,261.0,13.0,-160.0,92.0,-206.0,156.0,-379.0
296.0,835.0,-24.0,294.0,50.0,-164.0,121.0,-345.0,173.0,-445.0
286.0,834.0,-42.0,303.0,82.0,-153.0,89.0,-286.0,181.0,-452.0
258.0,729.0,-75.0,293.0,112.0,-149.0,29.0,-131.0,201.0,-445.0
204.0,562.0,-94.0,274.0,152.0,-208.0,9.0,24.0,226.0,-414.0
144.0,389.0,-116.0,211.0,207.0,-221.0,10.0,7.0,254.0,-373.0
118.0,267.0,-140.0,134.0,265.0,-128.0,17.0,-7.0,291.0,-336.0
72.0,206.0,-141.0,67.0,315.0,-100.0,9.0,-131.0,323.0,-307.0
33.0,183.0,-146.0,13.0,357.0,-147.0,34.0,-214.0,363.0,-295.0
-13.0,122.0,-155.0,-15.0,383.0,-64.0,43.0,-173.0,398.0,-283.0
-27.0,47.0,-142.0,-31.0,378.0,0.0,50.0,-243.0,414.0,-283.0
-64.0,20.0,-146.0,-21.0,346.0,-84.0,37.0,-227.0,412.0,-307.0
-120.0,-30.0,-145.0,-17.0,296.0,-169.0,-56.0,-436.0,388.0,-358.0
-171.0,-108.0,-152.0,0.0,231.0,-150.0,-93.0,-474.0,356.0,-404.0
-221.0,-148.0,-131.0,38.0,154.0,-88.0,-88.0,-201.0,311.0,-451.0
-250.0,-152.0,-107.0,66.0,82.0,-79.0,-93.0,-114.0,278.0,-490.0
-267.0,-126.0,-101.0,103.0,17.0,-54.0,-107.0,-118.0,258.0,-528.0
-279.0,-49.0,-53.0,117.0,-49.0,6.0,-104.0,-304.0,217.0,-576.0
-266.0,22.0,-30.0,130.0,-113.0,14.0,-41.0,-371.0,162.0,-583.0
-231.0,-23.0,-3.0,141.0,-168.0,-45.0,4.0,-341.0,128.0,-603.0
-208.0,-176.0,46.0,111.0,-199.0,8.0,-12.0,-341.0,92.0,-618.0
-179.0,-385.0,74.0,107.0,-210.0,112.0,-9.0,-190.0,50.0,-609.0
-159.0,-583.0,99.0,102.0,-218.0,47.0,32.0,-147.0,27.0,-607.0
-119.0,-724.0,127.0,92.0,-223.0,-57.0,44.0,-164.0,-27.0,-577.0
-90.0,-826.0,145.0,109.0,-218.0,-133.0,41.0,-269.0,-68.0,-558.0
-58.0,-853.0,158.0,111.0,-206.0,-204.0,37.0,-230.0,-80.0,-547.0
-34.0,-759.0,175.0,121.0,-194.0,-251.0,35.0,-53.0,-84.0,-536.0
-6.0,-531.0,198.0,128.0,-176.0,-259.0,38.0,-129.0,-72.0,-542.0
43.0,-163.0,214.0,172.0,-142.0,-177.0,12.0,-138.0,-61.0,-560.0
69.0,287.0,237.0,240.0,-90.0,-44.0,-15.0,-40.0,-43.0,-583.0
82.0,724.0,260.0,290.0,-24.0,-30.0,-13.0,110.0,-49.0,-593.0
74.0,1053.0,264.0,364.0,29.0,-131.0,-13.0,142.0,-62.0,-607.0
80.0,1207.0,292.0,404.0,65.0,-144.0,10.0,99.0,-76.0,-595.0
64.0,1144.0,307.0,408.0,88.0,-103.0,21.0,81.0,-96.0,-587.0
43.0,959.0,315.0,401.0,98.0,-78.0,-7.0,-112.0,-96.0,-587.0
41.0,787.0,315.0,361.0,110.0,-35.0,-1.0,-138.0,-70.0,-588.0
50.0,601.0,302.0,304.0,135.0,-38.0,24.0,-158.0,-37.0,-620.0
69.0,438.0,298.0,229.0,168.0,-102.0,36.0,-149.0,-2.0,-636.0
62.0,396.0,264.0,171.0,202.0,-84.0,14.0,-73.0,38.0,-651.0
52.0,390.0,240.0,128.0,227.0,0.0,-15.0,-121.0,65.0,-647.0
47.0,290.0,205.0,86.0,236.0,18.0,-15.0,-40.0,90.0,-611.0
41.0,116.0,149.0,88.0,233.0,-41.0,-15.0,-83.0,113.0,-554.0
32.0,-22.0,80.0,91.0,217.0,-136.0,-15.0,-44.0,140.0,-455.0
27.0,-38.0,40.0,101.0,193.0,-153.0,11.0,75.0,137.0,-351.0
19.0,85.0,-11.0,142.0,164.0,-98.0,79.0,81.0,108.0,-242.0
10.0,265.0,-80.0,169.0,137.0,-152.0,158.0,264.0,80.0,-100.0
3.0,471.0,-106.0,206.0,119.0,-252.0,191.0,388.0,29.0,42.0
-16.0,709.0,-166.0,244.0,115.0,-148.0,164.0,434.0,-25.0,173.0
-46.0,868.0,-194.0,262.0,105.0,-39.0,145.0,408.0,-80.0,308.0
-63.0,827.0,-203.0,269.0,77.0,-89.0,172.0,234.0,-145.0,433.0
-96.0,599.0,-202.0,238.0,39.0,-108.0,190.0,70.0,-215.0,551.0
-144.0,330.0,-180.0,184.0,9.0,-110.0,156.0,12.0,-263.0,650.0
-179.0,115.0,-142.0,108.0,-4.0,-197.0,100.0,9.0,-313.0,724.0
-212.0,-37.0,-103.0,36.0,-10.0,-234.0,112.0,-24.0,-360.0,793.0
-242.0,-158.0,-65.0,-22.0,-16.0,-65.0,180.0,131.0,-364.0,839.0
-287.0,-330.0,-19.0,-94.0,-26.0,32.0,203.0,142.0,-369.0,860.0
-320.0,-570.0,27.0,-168.0,-40.0,-20.0,184.0,42.0,-356.0,859.0
-343.0,-756.0,90.0,-224.0,-56.0,-54.0,146.0,97.0,-324.0,822.0
-362.0,-789.0,108.0,-243.0,-65.0,-108.0,106.0,-18.0,-283.0,748.0
-383.0,-689.0,184.0,-238.0,-60.0,-158.0,70.0,-16.0,-207.0,651.0
-410.0,-488.0,220.0,-250.0,-41.0,-229.0,57.0,-31.0,-126.0,540.0
-430.0,-226.0,249.0,-262.0,-30.0,-217.0,45.0,-29.0,-50.0,409.0
-440.0,40.0,327.0,-244.0,-44.0,-44.0,13.0,179.0,44.0,273.0
-434.0,253.0,338.0,-219.0,-70.0,38.0,-9.0,188.0,137.0,153.0
-413.0,376.0,388.0,-200.0,-97.0,-36.0,-35.0,44.0,201.0,33.0
-369.0,321.0,422.0,-195.0,-113.0,-64.0,-25.0,-70.0,243.0,-92.0
-329.0,74.0,442.0,-211.0,-116.0,42.0,-6.0,55.0,274.0,-199.0
-284.0,-203.0,487.0,-243.0,-107.0,152.0,-9.0,70.0,306.0,-305.0
-236.0,-394.0,501.0,-266.0,-95.0,99.0,-26.0,-68.0,332.0,-386.0
-192.0,-505.0,524.0,-282.0,-91.0,70.0,-70.0,-121.0,350.0,-454.0
-145.0,-548.0,566.0,-277.0,-91.0,52.0,-126.0,-175.0,352.0,-502.0
-96.0,-459.0,543.0,-217.0,-98.0,-104.0,-169.0,-92.0,332.0,-502.0
-61.0,-255.0,543.0,-138.0,-126.0,-81.0,-168.0,-247.0,311.0,-498.0
-37.0,-41.0,565.0,-33.0,-170.0,125.0,-165.0,-412.0,282.0,-460.0
-6.0,156.0,549.0,80.0,-209.0,260.0,-179.0,-358.0,246.0,-384.0
11.0,341.0,536.0,193.0,-230.0,293.0,-177.0,-332.0,203.0,-295.0
39.0,534.0,507.0,315.0,-229.0,317.0,-123.0,-112.0,164.0,-204.0
57.0,725.0,474.0,425.0,-214.0,264.0,-104.0,24.0,115.0,-114.0
89.0,791.0,436.0,543.0,-198.0,125.0,-165.0,153.0,50.0,-3.0
111.0,677.0,417.0,645.0,-183.0,131.0,-183.0,134.0,-1.0,68.0
129.0,502.0,377.0,733.0,-170.0,203.0,-205.0,-127.0,-51.0,120.0
157.0,360.0,330.0,809.0,-149.0,309.0,-228.0,-190.0,-100.0,179.0
164.0,201.0,295.0,837.0,-107.0,350.0,-219.0,-282.0,-151.0,207.0
185.0,-10.0,252.0,823.0,-47.0,258.0,-169.0,-158.0,-210.0,218.0
180.0,-169.0,203.0,785.0,10.0,262.0,-107.0,-48.0,-254.0,201.0
178.0,-229.0,164.0,708.0,46.0,303.0,-119.0,81.0,-285.0,166.0
189.0,-268.0,138.0,598.0,59.0,269.0,-120.0,393.0,-310.0,127.0
167.0,-282.0,70.0,498.0,58.0,231.0,-107.0,264.0,-327.0,61.0
130.0,-289.0,72.0,387.0,56.0,273.0,-85.0,216.0,-323.0,-5.0
114.0,-387.0,59.0,292.0,61.0,269.0,-73.0,219.0,-294.0,-47.0
106.0,-520.0,38.0,217.0,72.0,227.0,-99.0,186.0,-263.0,-94.0
90.0,-544.0,80.0,121.0,77.0,315.0,-111.0,195.0,-215.0,-140.0
72.0,-482.0,81.0,43.0,62.0,337.0,-138.0,94.0,-160.0,-148.0
76.0,-390.0,122.0,-15.0,42.0,173.0,-176.0,192.0,-104.0,-152.0
79.0,-252.0,158.0,-52.0,31.0,73.0,-142.0,184.0,-42.0,-158.0
76.0,-122.0,164.0,-84.0,19.0,123.0,-21.0,234.0,12.0,-148.0
63.0,-25.0,205.0,-105.0,-11.0,118.0,54.0,229.0,58.0,-130.0
43.0,95.0,231.0,-106.0,-62.0,45.0,34.0,164.0,69.0,-89.0
45.0,180.0,249.0,-95.0,-112.0,77.0,-32.0,214.0,67.0,-46.0
30.0,151.0,279.0,-59.0,-151.0,189.0,-40.0,131.0,49.0,23.0
9.0,29.0,286.0,-41.0,-177.0,147.0,35.0,181.0,3.0,110.0
-24.0,-84.0,298.0,-48.0,-185.0,60.0,53.0,3.0,-57.0,181.0
-25.0,-93.0,288.0,-83.0,-175.0,36.0,25.0,-120.0,-141.0,258.0
-46.0,-30.0,284.0,-135.0,-148.0,43.0,38.0,3.0,-226.0,328.0
-91.0,37.0,289.0,-183.0,-103.0,31.0,140.0,125.0,-314.0,392.0
-123.0,120.0,260.0,-207.0,-44.0,-131.0,222.0,376.0,-395.0,414.0
-178.0,225.0,236.0,-228.0,12.0,-181.0,218.0,558.0,-457.0,438.0
-207.0,240.0,197.0,-244.0,60.0,-84.0,176.0,755.0,-507.0,476.0
-272.0,58.0,152.0,-240.0,99.0,-77.0,107.0,593.0,-561.0,489.0
-299.0,-187.0,100.0,-243.0,126.0,-45.0,125.0,282.0,-594.0,506.0
-339.0,-346.0,65.0,-238.0,138.0,103.0,212.0,75.0,-592.0,515.0
-389.0,-405.0,16.0,-245.0,137.0,150.0,304.0,-53.0,-580.0,537.0
-412.0,-366.0,-28.0,-246.0,120.0,-3.0,392.0,171.0,-548.0,530.0
-467.0,-257.0,-56.0,-248.0,90.0,-88.0,453.0,301.0,-504.0,503.0
-509.0,-175.0,-98.0,-269.0,59.0,-45.0,472.0,436.0,-455.0,493.0
-564.0,-140.0,-119.0,-263.0,35.0,-64.0,456.0,356.0,-385.0,462.0
-584.0,-65.0,-142.0,-245.0,24.0,-71.0,481.0,103.0,-293.0,410.0
-593.0,-15.0,-156.0,-238.0,25.0,-1.0,552.0,147.0,-209.0,347.0
-565.0,-74.0,-157.0,-229.0,33.0,20.0,638.0,160.0,-127.0,295.0
-532.0,-190.0,-160.0,-221.0,48.0,10.0,671.0,256.0,-59.0,214.0
-486.0,-362.0,-155.0,-231.0,73.0,-12.0,633.0,173.0,-6.0,129.0
-425.0,-544.0,-133.0,-234.0,98.0,-17.0,604.0,0.0,46.0,58.0
-365.0,-609.0,-146.0,-221.0,113.0,-7.0,611.0,25.0,80.0,-30.0
-280.0,-509.0,-118.0,-173.0,128.0,-23.0,633.0,-1.0,141.0,-112.0
-225.0,-251.0,-107.0,-90.0,161.0,21.0,618.0,195.0,200.0,-186.0
-141.0,139.0,-126.0,-14.0,212.0,107.0,550.0,317.0,237.0,-222.0
-77.0,533.0,-88.0,36.0,260.0,114.0,511.0,404.0,281.0,-220.0
-27.0,791.0,-93.0,82.0,285.0,33.0,536.0,524.0,305.0,-217.0
18.0,919.0,-90.0,128.0,287.0,31.0,554.0,351.0,307.0,-194.0
66.0,977.0,-89.0,135.0,274.0,73.0,564.0,397.0,298.0,-145.0
105.0,980.0,-95.0,143.0,250.0,-68.0,556.0,253.0,270.0,-94.0
111.0,905.0,-91.0,169.0,216.0,-227.0,506.0,38.0,229.0,-48.0
133.0,739.0,-103.0,187.0,180.0,-178.0,478.0,123.0,189.0,11.0
132.0,544.0,-98.0,190.0,147.0,-95.0,509.0,168.0,150.0,74.0
166.0,417.0,-106.0,193.0,115.0,-52.0,552.0,363.0,121.0,126.0
183.0,314.0,-106.0,190.0,75.0,59.0,519.0,312.0,83.0,153.0
180.0,143.0,-122.0,146.0,30.0,123.0,469.0,162.0,51.0,174.0
186.0,-66.0,-105.0,93.0,-24.0,42.0,500.0,133.0,26.0,183.0
170.0,-264.0,-100.0,25.0,-94.0,-27.0,525.0,182.0,-15.0,165.0
155.0,-427.0,-122.0,-51.0,-159.0,-11.0,489.0,389.0,-64.0,154.0
121.0,-542.0,-70.0,-92.0,-202.0,20.0,474.0,478.0,-107.0,173.0
105.0,-624.0,-82.0,-110.0,-226.0,0.0,461.0,508.0,-146.0,197.0
76.0,-650.0,-76.0,-117.0,-238.0,-35.0,440.0,410.0,-167.0,200.0
36.0,-580.0,-48.0,-114.0,-240.0,3.0,425.0,419.0,-167.0,213.0
3.0,-436.0,-58.0,-104.0,-242.0,57.0,370.0,467.0,-156.0,246.0
-31.0,-283.0,-39.0,-99.0,-246.0,77.0,377.0,439.0,-130.0,257.0
-60.0,-118.0,-53.0,-99.0,-249.0,39.0,427.0,546.0,-110.0,254.0
-103.0,109.0,-33.0,-89.0,-246.0,10.0,408.0,554.0,-89.0,265.0
-128.0,355.0,-24.0,-93.0,-221.0,35.0,412.0,641.0,-69.0,277.0
-132.0,534.0,-15.0,-92.0,-173.0,6.0,486.0,583.0,-56.0,271.0
-120.0,623.0,2.0,-86.0,-122.0,-38.0,495.0,290.0,-32.0,278.0
-116.0,627.0,3.0,-99.0,-85.0,-85.0,470.0,218.0,-19.0,313.0
-99.0,523.0,21.0,-106.0,-63.0,-96.0,472.0,319.0,-25.0,345.0
-67.0,306.0,3.0,-126.0,-54.0,-51.0,430.0,522.0,-49.0,359.0
-63.0,20.0,15.0,-155.0,-50.0,-37.0,372.0,587.0,-94.0,380.0
-59.0,-237.0,0.0,-160.0,-37.0,10.0,366.0,537.0,-154.0,392.0
-49.0,-356.0,-16.0,-148.0,-5.0,1.0,389.0,458.0,-219.0,371.0
-19.0,-322.0,-13.0,-135.0,47.0,-72.0,342.0,356.0,-286.0,325.0
-5.0,-169.0,-46.0,-95.0,100.0,-61.0,258.0,234.0,-351.0,281.0
-11.0,42.0,-68.0,-27.0,144.0,-33.0,218.0,251.0,-406.0,257.0
-12.0,191.0,-98.0,47.0,183.0,38.0,165.0,659.0,-442.0,207.0
-14.0,203.0,-123.0,116.0,211.0,146.0,102.0,805.0,-460.0,156.0
-26.0,101.0,-141.0,183.0,225.0,196.0,98.0,735.0,-468.0,150.0
-48.0,-85.0,-162.0,241.0,232.0,106.0,117.0,639.0,-449.0,139.0
-67.0,-287.0,-168.0,276.0,240.0,-2.0,113.0,448.0,-414.0,131.0
-99.0,-385.0,-164.0,290.0,245.0,11.0,131.0,511.0,-370.0,147.0
-127.0,-365.0,-191.0,259.0,237.0,36.0,125.0,388.0,-299.0,176.0
-175.0,-311.0,-185.0,200.0,207.0,77.0,90.0,358.0,-209.0,202.0
-224.0,-199.0,-171.0,124.0,163.0,98.0,78.0,461.0,-147.0,215.0
-273.0,4.0,-162.0,41.0,112.0,129.0,85.0,450.0,-110.0,233.0
-312.0,179.0,-119.0,-41.0,59.0,185.0,56.0,558.0,-80.0,255.0
-335.0,246.0,-83.0,-122.0,8.0,166.0,-32.0,404.0,-61.0,252.0
-378.0,273.0,-39.0,-169.0,-32.0,62.0,-101.0,386.0,-39.0,243.0
-411.0,320.0,-13.0,-200.0,-55.0,24.0,-98.0,515.0,-20.0,261.0
-440.0,363.0,29.0,-231.0,-63.0,20.0,-43.0,670.0,-9.0,270.0
-463.0,383.0,57.0,-253.0,-64.0,-102.0,-3.0,790.0,0.0,256.0
-498.0,429.0,74.0,-276.0,-56.0,-58.0,34.0,489.0,6.0,228.0
-534.0,488.0,98.0,-307.0,-34.0,41.0,82.0,299.0,33.0,212.0
-551.0,490.0,109.0,-339.0,0.0,-20.0,100.0,147.0,65.0,191.0
-542.0,444.0,117.0,-358.0,38.0,-121.0,123.0,120.0,93.0,150.0
-526.0,424.0,90.0,-397.0,75.0,-139.0,187.0,327.0,130.0,127.0
-495.0,452.0,97.0,-445.0,100.0,-47.0,251.0,495.0,164.0,114.0
-439.0,492.0,69.0,-459.0,110.0,-60.0,219.0,661.0,211.0,99.0
-391.0,500.0,34.0,-474.0,98.0,-148.0,165.0,515.0,248.0,71.0
-326.0,490.0,48.0,-474.0,62.0,-211.0,179.0,234.0,276.0,46.0
-278.0,508.0,27.0,-448.0,17.0,-210.0,207.0,44.0,313.0,37.0
-221.0,579.0,4.0,-416.0,-13.0,-186.0,232.0,177.0,345.0,11.0
-161.0,681.0,8.0,-412.0,-24.0,-125.0,265.0,498.0,381.0,-18.0
-103.0,717.0,-7.0,-416.0,-18.0,-9.0,281.0,598.0,398.0,-19.0
-50.0,639.0,-34.0,-410.0,-1.0,66.0,261.0,665.0,387.0,-17.0
-7.0,475.0,-35.0,-405.0,15.0,50.0,265.0,495.0,351.0,-8.0
31.0,169.0,-33.0,-361.0,15.0,-21.0,288.0,402.0,295.0,43.0
63.0,-304.0,-18.0,-289.0,-10.0,-33.0,293.0,380.0,242.0,101.0
109.0,-818.0,-9.0,-220.0,-49.0,-68.0,305.0,286.0,193.0,170.0
141.0,-1237.0,18.0,-153.0,-73.0,-102.0,325.0,473.0,155.0,250.0
185.0,-1515.0,53.0,-85.0,-69.0,-56.0,368.0,495.0,135.0,321.0
216.0,-1640.0,77.0,-15.0,-51.0,37.0,420.0,591.0,123.0,396.0
253.0,-1592.0,118.0,27.0,-33.0,14.0,437.0,628.0,114.0,461.0
264.0,-1374.0,140.0,42.0,-21.0,-56.0,443.0,432.0,103.0,527.0
253.0,-1027.0,170.0,51.0,-10.0,-20.0,481.0,443.0,83.0,618.0
250.0,-613.0,191.0,29.0,3.0,4.0,488.0,426.0,86.0,703.0
239.0,-215.0,211.0,-13.0,23.0,18.0,451.0,375.0,96.0,748.0
238.0,107.0,195.0,-46.0,46.0,16.0,486.0,308.0,101.0,798.0
200.0,307.0,193.0,-74.0,70.0,107.0,543.0,380.0,124.0,816.0
174.0,394.0,195.0,-100.0,88.0,137.0,548.0,465.0,115.0,763.0
130.0,435.0,116.0,-141.0,100.0,24.0,540.0,480.0,91.0,692.0
84.0,462.0,124.0,-194.0,111.0,38.0,503.0,556.0,60.0,597.0
30.0,470.0,59.0,-250.0,118.0,114.0,481.0,600.0,6.0,498.0
-27.0,469.0,-8.0,-295.0,113.0,187.0,498.0,729.0,-40.0,394.0
-82.0,445.0,-8.0,-335.0,97.0,189.0,475.0,585.0,-70.0,284.0
-149.0,337.0,-124.0,-383.0,84.0,29.0,434.0,360.0,-95.0,214.0
-197.0,195.0,-135.0,-403.0,83.0,-14.0,414.0,341.0,-103.0,125.0
-269.0,99.0,-196.0,-405.0,87.0,-17.0,391.0,173.0,-106.0,26.0
-314.0,10.0,-279.0,-408.0,82.0,-106.0,389.0,79.0,-124.0,-58.0
-375.0,-94.0,-288.0,-415.0,63.0,-50.0,414.0,188.0,-126.0,-152.0
-422.0,-191.0,-343.0,-425.0,37.0,-33.0,428.0,362.0,-135.0,-229.0
-457.0,-316.0,-366.0,-446.0,17.0,-87.0,429.0,412.0,-132.0,-315.0
-485.0,-485.0,-378.0,-473.0,6.0,-30.0,419.0,330.0,-122.0,-363.0
-496.0,-621.0,-401.0,-479.0,-3.0,24.0,417.0,400.0,-116.0,-407.0
-509.0,-660.0,-431.0,-485.0,-20.0,-72.0,422.0,495.0,-72.0,-469.0
-496.0,-610.0,-409.0,-483.0,-46.0,-198.0,469.0,626.0,-47.0,-486.0
-505.0,-529.0,-415.0,-467.0,-73.0,-190.0,498.0,654.0,-33.0,-500.0
-484.0,-476.0,-401.0,-446.0,-84.0,-146.0,438.0,574.0,-36.0,-496.0
-456.0,-372.0,-370.0,-406.0,-76.0,-141.0,432.0,665.0,-50.0,-485.0
-412.0,-157.0,-369.0,-365.0,-67.0,-173.0,504.0,432.0,-50.0,-455.0
-377.0,23.0,-344.0,-303.0,-70.0,-137.0,590.0,164.0,-50.0,-428.0
-344.0,42.0,-326.0,-229.0,-73.0,-95.0,616.0,110.0,-28.0,-426.0
-315.0,-94.0,-300.0,-160.0,-68.0,-133.0,575.0,317.0,-3.0,-411.0
-298.0,-312.0,-306.0,-71.0,-59.0,-116.0,526.0,753.0,4.0,-400.0
-268.0,-507.0,-269.0,12.0,-49.0,-19.0,467.0,696.0,0.0,-405.0
-263.0,-577.0,-282.0,84.0,-28.0,-8.0,437.0,580.0,-31.0,-432.0
-217.0,-508.0,-283.0,133.0,4.0,-73.0,439.0,609.0,-88.0,-446.0
-171.0,-381.0,-255.0,158.0,35.0,-22.0,426.0,679.0,-149.0,-467.0
-116.0,-211.0,-295.0,190.0,56.0,28.0,380.0,770.0,-197.0,-495.0
-59.0,-2.0,-285.0,211.0,69.0,-64.0,349.0,785.0,-231.0,-512.0
0.0,148.0,-289.0,224.0,73.0,-183.0,327.0,820.0,-243.0,-497.0
55.0,186.0,-278.0,238.0,61.0,-191.0,303.0,681.0,-243.0,-464.0
109.0,171.0,-276.0,245.0,37.0,-174.0,322.0,657.0,-223.0,-438.0
185.0,167.0,-240.0,227.0,21.0,-296.0,348.0,582.0,-183.0,-362.0
238.0,188.0,-217.0,184.0,38.0,-366.0,353.0,543.0,-134.0,-288.0
292.0,232.0,-187.0,121.0,90.0,-258.0,376.0,654.0,-69.0,-240.0
325.0,301.0,-89.0,30.0,154.0,-148.0,429.0,598.0,9.0,-192.0
358.0,347.0,-95.0,-53.0,206.0,-61.0,452.0,631.0,104.0,-134.0
367.0,310.0,-30.0,-142.0,236.0,-25.0,447.0,600.0,202.0,-76.0
368.0,173.0,67.0,-228.0,234.0,-37.0,439.0,558.0,302.0,-32.0
368.0,-2.0,98.0,-297.0,202.0,-77.0,426.0,526.0,393.0,28.0
364.0,-125.0,92.0,-370.0,149.0,-181.0,374.0,445.0,466.0,92.0
370.0,-155.0,91.0,-421.0,91.0,-167.0,303.0,352.0,521.0,139.0
372.0,-48.0,209.0,-440.0,36.0,-49.0,288.0,195.0,554.0,167.0
376.0,204.0,150.0,-431.0,-9.0,-53.0,283.0,267.0,585.0,200.0
380.0,518.0,75.0,-408.0,-46.0,-93.0,262.0,367.0,605.0,216.0
387.0,775.0,219.0,-352.0,-77.0,-44.0,257.0,423.0,602.0,213.0
378.0,895.0,178.0,-283.0,-108.0,-24.0,244.0,347.0,595.0,202.0
381.0,851.0,103.0,-242.0,-142.0,-2.0,187.0,79.0,568.0,191.0
376.0,665.0,179.0,-190.0,-169.0,75.0,134.0,116.0,512.0,191.0
366.0,434.0,199.0,-146.0,-181.0,13.0,84.0,242.0,441.0,163.0
350.0,175.0,208.0,-138.0,-169.0,-156.0,45.0,306.0,363.0,160.0
318.0,-163.0,235.0,-124.0,-133.0,-206.0,56.0,223.0,278.0,191.0
272.0,-473.0,306.0,-118.0,-85.0,-156.0,75.0,84.0,194.0,232.0
206.0,-627.0,388.0,-145.0,-29.0,-40.0,83.0,123.0,131.0,288.0
136.0,-646.0,400.0,-177.0,22.0,-40.0,41.0,110.0,86.0,363.0
38.0,-565.0,454.0,-177.0,60.0,-179.0,28.0,273.0,38.0,439.0
-49.0,-342.0,519.0,-161.0,74.0,-132.0,87.0,291.0,-20.0,497.0
-143.0,4.0,515.0,-141.0,69.0,-139.0,118.0,243.0,-96.0,564.0
-229.0,330.0,500.0,-117.0,59.0,-230.0,135.0,182.0,-178.0,625.0
-310.0,503.0,535.0,-109.0,51.0,-180.0,141.0,-70.0,-251.0,683.0
-383.0,473.0,547.0,-101.0,49.0,-212.0,116.0,-29.0,-318.0,718.0
-445.0,329.0,484.0,-99.0,55.0,-214.0,102.0,-38.0,-360.0,758.0
-502.0,217.0,472.0,-122.0,62.0,-150.0,77.0,123.0,-394.0,803.0
-542.0,140.0,457.0,-141.0,62.0,-127.0,51.0,236.0,-417.0,828.0
-592.0,102.0,349.0,-148.0,52.0,-47.0,46.0,105.0,-411.0,870.0
-609.0,233.0,271.0,-155.0,38.0,-54.0,29.0,192.0,-393.0,922.0
-610.0,540.0,251.0,-148.0,28.0,-154.0,31.0,188.0,-355.0,970.0
-603.0,827.0,153.0,-115.0,19.0,-79.0,14.0,254.0,-291.0,998.0
-586.0,983.0,54.0,-79.0,7.0,-32.0,-12.0,230.0,-208.0,1026.0
-566.0,1057.0,55.0,-58.0,-4.0,-106.0,-7.0,260.0,-138.0,1051.0
-534.0,1061.0,-9.0,-31.0,-15.0,-82.0,-1.0,347.0,-79.0,1056.0
-482.0,967.0,-84.0,12.0,-28.0,-123.0,46.0,186.0,-24.0,1038.0
-434.0,813.0,-58.0,48.0,-41.0,-120.0,110.0,79.0,14.0,1010.0
-383.0,662.0,-74.0,80.0,-48.0,-46.0,150.0,11.0,34.0,980.0
-306.0,523.0,-93.0,119.0,-48.0,-99.0,141.0,129.0,31.0,913.0
-229.0,360.0,-71.0,168.0,-51.0,-110.0,97.0,186.0,15.0,841.0
-139.0,140.0,-86.0,217.0,-58.0,-137.0,89.0,182.0,-17.0,767.0
-70.0,-112.0,-91.0,242.0,-66.0,-201.0,123.0,312.0,-41.0,681.0
7.0,-367.0,-97.0,247.0,-77.0,-148.0,155.0,341.0,-68.0,583.0
86.0,-623.0,-116.0,250.0,-95.0,-83.0,154.0,471.0,-111.0,465.0
151.0,-805.0,-159.0,264.0,-124.0,-80.0,119.0,441.0,-154.0,361.0
200.0,-824.0,-171.0,279.0,-161.0,-54.0,80.0,356.0,-190.0,256.0
233.0,-690.0,-213.0,265.0,-193.0,-12.0,103.0,443.0,-221.0,137.0
269.0,-479.0,-269.0,223.0,-214.0,50.0,174.0,388.0,-261.0,44.0
298.0,-235.0,-243.0,182.0,-225.0,125.0,228.0,382.0,-282.0,-30.0
343.0,59.0,-270.0,142.0,-230.0,129.0,259.0,243.0,-298.0,-111.0
354.0,324.0,-269.0,92.0,-235.0,119.0,265.0,20.0,-302.0,-182.0
385.0,391.0,-265.0,55.0,-235.0,145.0,219.0,44.0,-295.0,-213.0
416.0,171.0,-261.0,32.0,-222.0,147.0,184.0,249.0,-294.0,-225.0
440.0,-228.0,-223.0,-7.0,-198.0,135.0,186.0,482.0,-289.0,-255.0
462.0,-607.0,-210.0,-69.0,-162.0,135.0,199.0,519.0,-279.0,-264.0
452.0,-858.0,-175.0,-119.0,-111.0,138.0,235.0,500.0,-249.0,-266.0
453.0,-918.0,-166.0,-148.0,-54.0,233.0,209.0,336.0,-216.0,-288.0
440.0,-769.0,-144.0,-184.0,1.0,279.0,165.0,210.0,-175.0,-325.0
434.0,-551.0,-144.0,-217.0,44.0,161.0,154.0,157.0,-126.0,-376.0
391.0,-420.0,-114.0,-235.0,81.0,79.0,144.0,75.0,-84.0,-411.0
360.0,-382.0,-108.0,-260.0,120.0,56.0,179.0,243.0,-38.0,-467.0
328.0,-338.0,-133.0,-274.0,156.0,81.0,202.0,286.0,-8.0,-527.0
285.0,-278.0,-106.0,-285.0,189.0,39.0,150.0,290.0,2.0,-564.0
257.0,-313.0,-130.0,-314.0,209.0,-46.0,64.0,197.0,20.0,-621.0
217.0,-499.0,-140.0,-330.0,221.0,6.0,9.0,83.0,34.0,-684.0
202.0,-771.0,-160.0,-346.0,221.0,70.0,-11.0,275.0,45.0,-748.0
171.0,-975.0,-174.0,-389.0,207.0,61.0,3.0,367.0,63.0,-805.0
145.0,-1020.0,-194.0,-443.0,187.0,50.0,25.0,421.0,90.0,-845.0
104.0,-933.0,-232.0,-496.0,162.0,96.0,0.0,380.0,116.0,-876.0
65.0,-754.0,-230.0,-543.0,126.0,150.0,-45.0,393.0,125.0,-859.0
27.0,-515.0,-257.0,-573.0,76.0,109.0,-79.0,478.0,129.0,-809.0
7.0,-241.0,-273.0,-591.0,28.0,90.0,-89.0,417.0,120.0,-763.0
-9.0,79.0,-264.0,-578.0,-9.0,217.0,-88.0,437.0,100.0,-697.0
-22.0,398.0,-252.0,-531.0,-32.0,270.0,-98.0,303.0,76.0,-588.0
7.0,621.0,-238.0,-484.0,-32.0,198.0,-103.0,273.0,60.0,-477.0
13.0,772.0,-195.0,-414.0,-12.0,75.0,-87.0,308.0,64.0,-367.0
27.0,939.0,-155.0,-355.0,14.0,-27.0,-112.0,171.0,79.0,-197.0
37.0,1126.0,-148.0,-292.0,42.0,27.0,-144.0,201.0,95.0,-46.0
77.0,1295.0,-103.0,-197.0,64.0,7.0,-117.0,271.0,101.0,73.0
99.0,1408.0,9.0,-116.0,71.0,-22.0,-90.0,428.0,107.0,198.0
107.0,1416.0,116.0,-22.0,67.0,6.0,-86.0,432.0,125.0,284.0
124.0,1277.0,139.0,72.0,64.0,-39.0,-130.0,319.0,156.0,341.0
136.0,999.0,214.0,169.0,70.0,-76.0,-200.0,306.0,190.0,345.0
163.0,695.0,311.0,249.0,92.0,-104.0,-271.0,138.0,236.0,326.0
170.0,479.0,322.0,283.0,127.0,-102.0,-322.0,64.0,297.0,297.0
196.0,342.0,376.0,297.0,170.0,-77.0,-328.0,11.0,341.0,239.0
219.0,255.0,444.0,283.0,211.0,-43.0,-303.0,49.0,363.0,189.0
253.0,190.0,441.0,263.0,240.0,-18.0,-271.0,238.0,387.0,147.0
273.0,120.0,434.0,217.0,247.0,-8.0,-275.0,262.0,401.0,133.0
283.0,51.0,442.0,145.0,234.0,-93.0,-266.0,164.0,401.0,129.0
293.0,7.0,383.0,85.0,215.0,-81.0,-248.0,-134.0,392.0,139.0
308.0,-8.0,334.0,47.0,200.0,6.0,-225.0,-225.0,372.0,186.0
312.0,-23.0,345.0,34.0,188.0,-110.0,-204.0,-53.0,343.0,217.0
290.0,-2.0,286.0,47.0,176.0,-105.0,-216.0,5.0,300.0,230.0
278.0,95.0,226.0,83.0,163.0,-8.0,-221.0,18.0,228.0,227.0
250.0,222.0,208.0,111.0,147.0,58.0,-212.0,-131.0,137.0,208.0
228.0,334.0,154.0,139.0,123.0,83.0,-172.0,-260.0,31.0,166.0
183.0,442.0,124.0,176.0,76.0,0.0,-130.0,-365.0,-82.0,111.0
155.0,518.0,109.0,207.0,11.0,54.0,-130.0,-437.0,-182.0,78.0
131.0,525.0,60.0,222.0,-55.0,121.0,-143.0,-436.0,-279.0,63.0
108.0,509.0,34.0,221.0,-106.0,106.0,-146.0,-465.0,-349.0,66.0
94.0,488.0,9.0,224.0,-127.0,135.0,-114.0,-310.0,-407.0,85.0
84.0,415.0,-30.0,207.0,-118.0,202.0,-60.0,-251.0,-475.0,146.0
83.0,271.0,-22.0,169.0,-99.0,206.0,-21.0,-304.0,-510.0,219.0
52.0,85.0,-43.0,115.0,-80.0,182.0,-10.0,-295.0,-524.0,252.0
44.0,-85.0,-73.0,31.0,-56.0,202.0,0.0,-253.0,-504.0,301.0
14.0,-176.0,-79.0,-70.0,-16.0,253.0,4.0,-256.0,-448.0,338.0
-2.0,-184.0,-107.0,-144.0,34.0,231.0,9.0,-288.0,-375.0,318.0
-16.0,-198.0,-92.0,-208.0,82.0,93.0,39.0,-90.0,-284.0,280.0
-38.0,-265.0,-115.0,-290.0,127.0,78.0,68.0,-83.0,-168.0,240.0
-41.0,-291.0,-112.0,-363.0,164.0,28.0,94.0,-125.0,-27.0,189.0
-50.0,-219.0,-119.0,-435.0,193.0,-39.0,111.0,-131.0,123.0,114.0
-49.0,-166.0,-183.0,-489.0,212.0,52.0,130.0,-299.0,269.0,48.0
-43.0,-185.0,-159.0,-525.0,212.0,100.0,148.0,-297.0,385.0,26.0
-18.0,-139.0,-178.0,-547.0,192.0,122.0,138.0,-325.0,483.0,7.0
1.0,58.0,-206.0,-569.0,159.0,64.0,147.0,-151.0,563.0,11.0
51.0,376.0,-203.0,-570.0,127.0,80.0,147.0,-86.0,625.0,59.0
85.0,715.0,-237.0,-519.0,103.0,187.0,113.0,-304.0,671.0,115.0
112.0,971.0,-240.0,-439.0,85.0,152.0,72.0,-269.0,700.0,163.0
166.0,1041.0,-224.0,-330.0,67.0,168.0,37.0,-312.0,697.0,209.0
186.0,826.0,-256.0,-213.0,45.0,188.0,45.0,-308.0,655.0,261.0
208.0,372.0,-253.0,-93.0,28.0,160.0,67.0,-319.0,587.0,297.0
238.0,-136.0,-209.0,21.0,15.0,133.0,107.0,-330.0,504.0,321.0
276.0,-577.0,-248.0,110.0,11.0,109.0,121.0,-219.0,429.0,333.0
295.0,-932.0,-254.0,180.0,16.0,189.0,99.0,-258.0,346.0,344.0
308.0,-1216.0,-235.0,229.0,20.0,205.0,77.0,-317.0,273.0,342.0
317.0,-1508.0,-276.0,242.0,21.0,98.0,31.0,-432.0,204.0,321.0
322.0,-1884.0,-293.0,244.0,22.0,45.0,16.0,-378.0,136.0,299.0
330.0,-2215.0,-281.0,254.0,26.0,24.0,9.0,-206.0,80.0,258.0
339.0,-2193.0,-306.0,264.0,30.0,-19.0,25.0,-36.0,17.0,223.0
348.0,-1703.0,-306.0,289.0,27.0,-63.0,51.0,103.0,-43.0,188.0
337.0,-953.0,-287.0,307.0,20.0,-104.0,48.0,36.0,-105.0,153.0
327.0,-246.0,-297.0,316.0,6.0,-60.0,43.0,57.0,-146.0,138.0
302.0,203.0,-282.0,321.0,-5.0,-21.0,17.0,-101.0,-179.0,119.0
276.0,356.0,-291.0,309.0,-7.0,-15.0,-9.0,-275.0,-201.0,92.0
223.0,296.0,-288.0,309.0,-6.0,68.0,-52.0,-177.0,-219.0,29.0
178.0,166.0,-281.0,305.0,-8.0,46.0,-96.0,-160.0,-229.0,-62.0
143.0,45.0,-285.0,266.0,-19.0,18.0,-141.0,-205.0,-207.0,-187.0
80.0,-83.0,-262.0,225.0,-34.0,97.0,-168.0,-389.0,-191.0,-336.0
27.0,-138.0,-258.0,196.0,-44.0,122.0,-192.0,-426.0,-171.0,-490.0
-37.0,-11.0,-246.0,166.0,-48.0,76.0,-246.0,-230.0,-145.0,-665.0
-87.0,226.0,-227.0,128.0,-45.0,-96.0,-294.0,-1.0,-119.0,-825.0
-134.0,440.0,-207.0,84.0,-45.0,-136.0,-308.0,168.0,-90.0,-975.0
-164.0,623.0,-169.0,52.0,-41.0,-13.0,-310.0,44.0,-67.0,-1097.0
-168.0,723.0,-133.0,22.0,-24.0,-78.0,-369.0,-48.0,-60.0,-1166.0
-174.0,642.0,-94.0,-12.0,7.0,-124.0,-425.0,-7.0,-57.0,-1194.0
-176.0,439.0,-47.0,-72.0,41.0,-81.0,-454.0,160.0,-41.0,-1175.0
-179.0,235.0,-3.0,-159.0,59.0,-91.0,-465.0,306.0,-30.0,-1130.0
-183.0,102.0,50.0,-229.0,59.0,-64.0,-465.0,149.0,19.0,-1051.0
-195.0,38.0,125.0,-283.0,44.0,-72.0,-462.0,-96.0,78.0,-960.0
-179.0,-2.0,172.0,-328.0,26.0,-36.0,-467.0,-362.0,111.0,-864.0
-169.0,-39.0,226.0,-348.0,9.0,68.0,-483.0,-269.0,151.0,-780.0
-161.0,-36.0,308.0,-343.0,-11.0,36.0,-458.0,-62.0,191.0,-707.0
-122.0,44.0,352.0,-307.0,-40.0,32.0,-438.0,-120.0,217.0,-632.0
-91.0,204.0,420.0,-234.0,-80.0,10.0,-434.0,-162.0,230.0,-598.0
-63.0,449.0,442.0,-127.0,-121.0,-84.0,-436.0,-279.0,233.0,-564.0
-13.0,781.0,433.0,2.0,-154.0,-30.0,-452.0,-245.0,241.0,-545.0
50.0,1153.0,467.0,157.0,-182.0,66.0,-519.0,-315.0,237.0,-533.0
118.0,1480.0,452.0,301.0,-203.0,125.0,-587.0,-563.0,196.0,-520.0
183.0,1720.0,452.0,394.0,-210.0,17.0,-584.0,-796.0,139.0,-515.0
238.0,1856.0,453.0,477.0,-193.0,-89.0,-585.0,-1038.0,60.0,-481.0
306.0,1780.0,425.0,531.0,-151.0,41.0,-598.0,-835.0,-23.0,-457.0
357.0,1440.0,425.0,551.0,-95.0,90.0,-612.0,-565.0,-95.0,-425.0
400.0,966.0,418.0,564.0,-37.0,37.0,-645.0,-317.0,-161.0,-385.0
459.0,500.0,375.0,537.0,10.0,-6.0,-663.0,-210.0,-216.0,-349.0
533.0,56.0,375.0,477.0,39.0,-47.0,-621.0,-341.0,-243.0,-315.0
598.0,-397.0,363.0,390.0,46.0,-74.0,-564.0,-369.0,-243.0,-295.0
635.0,-831.0,319.0,301.0,34.0,-176.0,-532.0,-611.0,-227.0,-283.0
666.0,-1203.0,311.0,217.0,5.0,-141.0,-512.0,-703.0,-200.0,-269.0
668.0,-1432.0,283.0,117.0,-38.0,-35.0,-520.0,-552.0,-159.0,-243.0
655.0,-1358.0,266.0,13.0,-94.0,-101.0,-540.0,-330.0,-120.0,-222.0
642.0,-972.0,233.0,-73.0,-155.0,-61.0,-558.0,-216.0,-66.0,-149.0
607.0,-435.0,199.0,-130.0,-205.0,-48.0,-573.0,-522.0,2.0,-42.0
572.0,99.0,175.0,-168.0,-242.0,-112.0,-584.0,-927.0,58.0,67.0
538.0,517.0,129.0,-197.0,-270.0,-47.0,-581.0,-1066.0,122.0,181.0
497.0,765.0,116.0,-211.0,-289.0,-13.0,-586.0,-606.0,170.0,289.0
446.0,834.0,97.0,-194.0,-312.0,15.0,-571.0,-175.0,182.0,414.0
392.0,690.0,63.0,-142.0,-337.0,-102.0,-479.0,-103.0,183.0,501.0
348.0,359.0,47.0,-73.0,-356.0,-148.0,-405.0,-169.0,164.0,581.0
291.0,-67.0,16.0,3.0,-364.0,60.0,-398.0,-447.0,128.0,665.0
245.0,-525.0,1.0,80.0,-359.0,104.0,-392.0,-454.0,92.0,718.0
202.0,-1014.0,-28.0,148.0,-346.0,26.0,-389.0,-371.0,56.0,766.0
154.0,-1513.0,-46.0,174.0,-329.0,-56.0,-397.0,-266.0,5.0,807.0
130.0,-1918.0,-45.0,205.0,-310.0,-83.0,-397.0,-188.0,-37.0,853.0
85.0,-2141.0,-75.0,239.0,-284.0,-45.0,-408.0,-358.0,-80.0,889.0
59.0,-2123.0,-55.0,235.0,-256.0,-92.0,-444.0,-282.0,-126.0,904.0
36.0,-1817.0,-59.0,224.0,-223.0,-68.0,-458.0,-194.0,-152.0,911.0
15.0,-1285.0,-55.0,212.0,-176.0,22.0,-416.0,-179.0,-168.0,896.0
16.0,-770.0,-34.0,208.0,-122.0,30.0,-363.0,-321.0,-164.0,854.0
-2.0,-457.0,-35.0,203.0,-65.0,30.0,-339.0,-637.0,-141.0,817.0
-22.0,-296.0,-17.0,173.0,-8.0,39.0,-348.0,-554.0,-97.0,774.0
-45.0,-168.0,-3.0,128.0,41.0,123.0,-370.0,-334.0,-54.0,708.0
-61.0,-1.0,9.0,116.0,77.0,112.0,-377.0,-166.0,-2.0,655.0
-72.0,269.0,1.0,103.0,95.0,-23.0,-359.0,-190.0,40.0,591.0
-73.0,661.0,17.0,96.0,99.0,-89.0,-306.0,-291.0,62.0,513.0
-77.0,1070.0,-10.0,117.0,98.0,-212.0,-266.0,-234.0,83.0,425.0
-68.0,1383.0,-27.0,112.0,96.0,-292.0,-252.0,-266.0,82.0,334.0
-42.0,1582.0,-27.0,92.0,101.0,-290.0,-218.0,-203.0,59.0,247.0
-12.0,1738.0,-62.0,65.0,105.0,-254.0,-207.0,-221.0,11.0,154.0
15.0,1878.0,-70.0,78.0,98.0,-186.0,-199.0,-208.0,-41.0,78.0
24.0,1957.0,-83.0,105.0,77.0,-233.0,-208.0,-171.0,-106.0,6.0
45.0,1940.0,-114.0,120.0,54.0,-226.0,-266.0,-328.0,-170.0,-47.0
60.0,1777.0,-131.0,145.0,46.0,-151.0,-315.0,-288.0,-227.0,-85.0
81.0,1449.0,-140.0,145.0,58.0,-109.0,-325.0,-332.0,-294.0,-125.0
88.0,1008.0,-173.0,126.0,85.0,-14.0,-314.0,-288.0,-334.0,-153.0
98.0,531.0,-171.0,93.0,123.0,42.0,-274.0,-260.0,-362.0,-165.0
107.0,60.0,-184.0,76.0,167.0,92.0,-232.0,-391.0,-367.0,-187.0
108.0,-334.0,-192.0,72.0,214.0,93.0,-250.0,-288.0,-351.0,-214.0
124.0,-607.0,-184.0,79.0,257.0,101.0,-275.0,-242.0,-319.0,-238.0
132.0,-747.0,-202.0,108.0,287.0,175.0,-269.0,-77.0,-262.0,-278.0
155.0,-782.0,-175.0,133.0,298.0,108.0,-227.0,-72.0,-197.0,-295.0
173.0,-850.0,-158.0,173.0,293.0,47.0,-204.0,-286.0,-115.0,-327.0
198.0,-1024.0,-148.0,207.0,281.0,23.0,-239.0,-391.0,-37.0,-369.0
214.0,-1295.0,-139.0,223.0,265.0,56.0,-268.0,-434.0,30.0,-396.0
240.0,-1603.0,-136.0,241.0,242.0,85.0,-285.0,-269.0,90.0,-456.0
261.0,-1825.0,-123.0,241.0,214.0,-37.0,-321.0,-291.0,136.0,-525.0
260.0,-1887.0,-124.0,216.0,187.0,-14.0,-377.0,-291.0,171.0,-594.0
273.0,-1824.0,-115.0,180.0,175.0,-9.0,-424.0,-247.0,189.0,-649.0
286.0,-1715.0,-114.0,123.0,190.0,-56.0,-444.0,-314.0,181.0,-684.0
305.0,-1535.0,-128.0,37.0,218.0,-12.0,-443.0,-138.0,150.0,-707.0
318.0,-1196.0,-121.0,-48.0,244.0,-43.0,-377.0,-7.0,117.0,-692.0
349.0,-749.0,-125.0,-98.0,259.0,24.0,-294.0,-70.0,66.0,-642.0
374.0,-343.0,-144.0,-142.0,256.0,56.0,-288.0,-445.0,25.0,-571.0
395.0,-29.0,-135.0,-207.0,243.0,52.0,-328.0,-618.0,-11.0,-482.0
418.0,185.0,-135.0,-251.0,230.0,108.0,-412.0,-356.0,-56.0,-387.0
428.0,294.0,-147.0,-302.0,217.0,35.0,-479.0,-123.0,-96.0,-295.0
458.0,345.0,-133.0,-352.0,206.0,19.0,-479.0,36.0,-129.0,-225.0
496.0,329.0,-108.0,-368.0,193.0,13.0,-495.0,-127.0,-140.0,-164.0
523.0,240.0,-95.0,-419.0,182.0,86.0,-504.0,-164.0,-133.0,-123.0
546.0,240.0,-75.0,-467.0,174.0,177.0,-510.0,-101.0,-115.0,-112.0
582.0,473.0,-53.0,-473.0,167.0,118.0,-518.0,-140.0,-97.0,-105.0
600.0,871.0,-38.0,-467.0,156.0,201.0,-530.0,-107.0,-50.0,-96.0
605.0,1319.0,-14.0,-442.0,135.0,213.0,-520.0,-243.0,21.0,-80.0
601.0,1724.0,1.0,-418.0,96.0,118.0,-481.0,-269.0,102.0,-89.0
589.0,1976.0,35.0,-373.0,54.0,8.0,-467.0,-489.0,179.0,-87.0
572.0,2082.0,58.0,-309.0,25.0,-87.0,-434.0,-665.0,237.0,-74.0
542.0,2144.0,79.0,-239.0,14.0,9.0,-421.0,-511.0,298.0,-73.0
525.0,2130.0,114.0,-138.0,9.0,5.0,-442.0,-373.0,324.0,-86.0
504.0,1946.0,122.0,-51.0,-2.0,-2.0,-449.0,-197.0,343.0,-89.0
487.0,1625.0,145.0,27.0,-25.0,125.0,-452.0,-336.0,372.0,-65.0
462.0,1261.0,160.0,127.0,-63.0,164.0,-425.0,-347.0,390.0,-55.0
425.0,878.0,163.0,210.0,-108.0,174.0,-400.0,-114.0,410.0,-40.0
399.0,456.0,173.0,320.0,-141.0,104.0,-397.0,77.0,416.0,-9.0
375.0,24.0,168.0,477.0,-159.0,37.0,-409.0,96.0,413.0,36.0
345.0,-320.0,165.0,657.0,-159.0,20.0,-435.0,-330.0,390.0,54.0
303.0,-530.0,175.0,816.0,-151.0,-85.0,-451.0,-493.0,355.0,61.0
271.0,-673.0,179.0,941.0,-154.0,8.0,-437.0,-369.0,296.0,93.0
246.0,-818.0,172.0,1069.0,-181.0,123.0,-388.0,-179.0,225.0,99.0
213.0,-953.0,175.0,1148.0,-228.0,29.0,-352.0,-160.0,159.0,80.0
178.0,-1100.0,189.0,1187.0,-281.0,-21.0,-366.0,-484.0,76.0,60.0
133.0,-1308.0,180.0,1200.0,-316.0,-81.0,-381.0,-570.0,-16.0,51.0
85.0,-1533.0,180.0,1162.0,-321.0,-52.0,-350.0,-570.0,-122.0,22.0
37.0,-1665.0,179.0,1084.0,-300.0,-44.0,-311.0,-437.0,-242.0,-2.0
-9.0,-1644.0,146.0,970.0,-270.0,-59.0,-277.0,-345.0,-363.0,3.0
-58.0,-1454.0,160.0,865.0,-251.0,73.0,-269.0,-417.0,-466.0,21.0
-115.0,-1200.0,154.0,764.0,-243.0,29.0,-286.0,-339.0,-568.0,46.0
-159.0,-1035.0,119.0,657.0,-244.0,-56.0,-280.0,-450.0,-669.0,78.0
-205.0,-1014.0,126.0,558.0,-254.0,-54.0,-273.0,-585.0,-744.0,140.0
-256.0,-1123.0,101.0,470.0,-269.0,-10.0,-236.0,-716.0,-796.0,200.0
-297.0,-1363.0,87.0,374.0,-291.0,15.0,-219.0,-672.0,-837.0,253.0
-353.0,-1687.0,87.0,262.0,-311.0,-129.0,-206.0,-314.0,-858.0,307.0
-390.0,-1903.0,76.0,151.0,-312.0,-86.0,-188.0,-62.0,-853.0,355.0
-414.0,-1820.0,91.0,44.0,-293.0,-40.0,-217.0,27.0,-809.0,400.0
-435.0,-1439.0,89.0,-55.0,-262.0,-138.0,-252.0,-144.0,-720.0,419.0
-440.0,-929.0,88.0,-164.0,-231.0,-81.0,-272.0,-153.0,-606.0,422.0
-437.0,-474.0,84.0,-261.0,-201.0,-34.0,-252.0,-96.0,-469.0,411.0
-421.0,-181.0,79.0,-348.0,-169.0,28.0,-256.0,-375.0,-327.0,365.0
-416.0,-15.0,82.0,-415.0,-136.0,-5.0,-262.0,-642.0,-201.0,291.0
-406.0,95.0,65.0,-482.0,-110.0,-22.0,-252.0,-801.0,-64.0,205.0
-390.0,173.0,42.0,-526.0,-91.0,162.0,-249.0,-615.0,41.0,108.0
-369.0,290.0,25.0,-515.0,-69.0,137.0,-220.0,-304.0,108.0,-24.0
-338.0,534.0,5.0,-491.0,-42.0,144.0,-217.0,-129.0,185.0,-168.0
-298.0,874.0,-33.0,-439.0,-18.0,205.0,-215.0,-70.0,253.0,-290.0
-243.0,1184.0,-74.0,-348.0,-1.0,125.0,-202.0,-107.0,314.0,-412.0
-208.0,1346.0,-112.0,-239.0,12.0,147.0,-204.0,5.0,359.0,-508.0
-154.0,1340.0,-159.0,-125.0,24.0,119.0,-202.0,-7.0,383.0,-553.0
-89.0,1270.0,-198.0,4.0,34.0,204.0,-215.0,33.0,417.0,-568.0
-34.0,1295.0,-227.0,108.0,52.0,215.0,-200.0,36.0,438.0,-571.0
18.0,1474.0,-265.0,189.0,77.0,100.0,-112.0,-105.0,461.0,-557.0
68.0,1681.0,-308.0,276.0,101.0,163.0,-14.0,-166.0,478.0,-517.0
135.0,1787.0,-351.0,361.0,116.0,118.0,43.0,-358.0,451.0,-460.0
185.0,1749.0,-383.0,430.0,116.0,118.0,64.0,-330.0,423.0,-425.0
237.0,1559.0,-408.0,488.0,103.0,111.0,73.0,-216.0,403.0,-394.0
288.0,1289.0,-433.0,542.0,86.0,153.0,61.0,14.0,358.0,-333.0
341.0,1093.0,-457.0,546.0,71.0,271.0,37.0,260.0,304.0,-298.0
401.0,1057.0,-476.0,530.0,69.0,189.0,60.0,109.0,252.0,-293.0
441.0,1055.0,-496.0,467.0,86.0,129.0,76.0,57.0,189.0,-273.0
477.0,965.0,-522.0,359.0,113.0,51.0,51.0,-68.0,125.0,-241.0
500.0,854.0,-544.0,259.0,141.0,89.0,0.0,-55.0,76.0,-208.0
503.0,787.0,-570.0,139.0,169.0,213.0,-70.0,188.0,40.0,-180.0
489.0,736.0,-586.0,16.0,202.0,230.0,-106.0,142.0,11.0,-129.0
475.0,677.0,-607.0,-86.0,226.0,283.0,-134.0,22.0,-20.0,-68.0
444.0,550.0,-620.0,-155.0,226.0,198.0,-171.0,-253.0,-57.0,-12.0
404.0,225.0,-627.0,-204.0,205.0,115.0,-178.0,-389.0,-91.0,54.0
351.0,-303.0,-618.0,-232.0,175.0,169.0,-195.0,-243.0,-151.0,112.0
301.0,-835.0,-603.0,-245.0,139.0,176.0,-217.0,-157.0,-221.0,144.0
254.0,-1190.0,-591.0,-262.0,103.0,185.0,-214.0,-199.0,-302.0,136.0
205.0,-1338.0,-539.0,-249.0,76.0,238.0,-234.0,-266.0,-398.0,104.0
174.0,-1335.0,-504.0,-240.0,60.0,380.0,-239.0,-227.0,-490.0,46.0
120.0,-1265.0,-451.0,-254.0,59.0,397.0,-244.0,-279.0,-573.0,-37.0
80.0,-1220.0,-363.0,-250.0,76.0,303.0,-294.0,-179.0,-639.0,-119.0
32.0,-1222.0,-286.0,-239.0,101.0,390.0,-336.0,-194.0,-688.0,-197.0
-28.0,-1201.0,-198.0,-214.0,126.0,459.0,-341.0,-336.0,-700.0,-262.0
-76.0,-1133.0,-123.0,-207.0,154.0,457.0,-345.0,-240.0,-657.0,-340.0
-103.0,-1027.0,-29.0,-207.0,178.0,436.0,-352.0,-343.0,-582.0,-413.0
-119.0,-868.0,69.0,-190.0,192.0,393.0,-331.0,-288.0,-480.0,-462.0
-156.0,-682.0,153.0,-200.0,191.0,431.0,-341.0,-229.0,-352.0,-525.0
-167.0,-496.0,234.0,-189.0,179.0,361.0,-358.0,-251.0,-211.0,-576.0
-174.0,-266.0,316.0,-169.0,154.0,271.0,-317.0,-96.0,-73.0,-613.0
-187.0,24.0,382.0,-167.0,119.0,264.0,-255.0,-127.0,41.0,-655.0
-190.0,298.0,421.0,-144.0,74.0,188.0,-217.0,16.0,133.0,-695.0
-184.0,480.0,480.0,-119.0,19.0,174.0,-240.0,25.0,189.0,-750.0
-164.0,548.0,514.0,-85.0,-33.0,146.0,-298.0,-158.0,217.0,-781.0
-133.0,520.0,533.0,-32.0,-72.0,206.0,-338.0,-254.0,238.0,-786.0
-102.0,388.0,553.0,20.0,-90.0,263.0,-364.0,-454.0,237.0,-812.0
-91.0,168.0,552.0,71.0,-82.0,150.0,-392.0,-424.0,220.0,-826.0
-78.0,-151.0,548.0,115.0,-54.0,212.0,-382.0,-515.0,187.0,-805.0
-80.0,-571.0,538.0,159.0,-21.0,242.0,-342.0,-667.0,140.0,-786.0
-91.0,-945.0,524.0,202.0,2.0,139.0,-313.0,-589.0,77.0,-778.0
-98.0,-1115.0,498.0,216.0,7.0,64.0,-293.0,-487.0,3.0,-735.0
-100.0,-1056.0,487.0,228.0,-5.0,108.0,-302.0,-293.0,-69.0,-662.0
-88.0,-849.0,439.0,254.0,-26.0,258.0,-302.0,-199.0,-178.0,-600.0
-86.0,-577.0,421.0,253.0,-48.0,205.0,-284.0,-177.0,-270.0,-512.0
-93.0,-332.0,390.0,256.0,-69.0,177.0,-256.0,-145.0,-332.0,-392.0
-113.0,-211.0,324.0,264.0,-88.0,226.0,-206.0,-14.0,-390.0,-250.0
-124.0,-173.0,308.0,217.0,-107.0,179.0,-171.0,-33.0,-411.0,-123.0
-141.0,-154.0,247.0,148.0,-123.0,137.0,-157.0,-280.0,-411.0,-5.0
-152.0,-133.0,204.0,72.0,-136.0,70.0,-165.0,-539.0,-401.0,152.0
-146.0,-133.0,146.0,-1.0,-142.0,129.0,-155.0,-894.0,-365.0,276.0
-143.0,-179.0,95.0,-66.0,-138.0,190.0,-148.0,-740.0,-302.0,391.0
-142.0,-240.0,31.0,-115.0,-128.0,87.0,-185.0,-375.0,-210.0,513.0
-151.0,-299.0,-42.0,-145.0,-120.0,110.0,-216.0,-338.0,-97.0,623.0
-167.0,-357.0,-63.0,-175.0,-121.0,157.0,-257.0,-306.0,21.0,711.0
-198.0,-375.0,-132.0,-177.0,-133.0,156.0,-295.0,-341.0,130.0,747.0
-209.0,-349.0,-161.0,-158.0,-152.0,167.0,-302.0,-293.0,231.0,777.0
-227.0,-357.0,-176.0,-118.0,-177.0,77.0,-271.0,-267.0,317.0,780.0
-247.0,-400.0,-198.0,-65.0,-206.0,47.0,-215.0,-334.0,374.0,751.0
-249.0,-405.0,-212.0,-6.0,-234.0,11.0,-144.0,-389.0,410.0,727.0
-257.0,-373.0,-199.0,62.0,-252.0,23.0,-78.0,-376.0,422.0,717.0
-257.0,-346.0,-196.0,133.0,-253.0,116.0,-62.0,-295.0,414.0,691.0
-275.0,-359.0,-180.0,191.0,-234.0,101.0,-49.0,-360.0,407.0,641.0
-293.0,-447.0,-116.0,223.0,-200.0,140.0,-26.0,-232.0,388.0,633.0
-284.0,-570.0,-116.0,228.0,-163.0,182.0,13.0,-127.0,355.0,627.0
-267.0,-639.0,-55.0,208.0,-133.0,237.0,68.0,-116.0,311.0,618.0
-253.0,-608.0,-30.0,194.0,-113.0,223.0,90.0,-24.0,263.0,634.0
-224.0,-467.0,-21.0,185.0,-104.0,88.0,77.0,-83.0,238.0,664.0
-201.0,-200.0,34.0,155.0,-103.0,116.0,31.0,-51.0,227.0,692.0
-157.0,178.0,13.0,115.0,-109.0,102.0,10.0,-86.0,221.0,684.0
-104.0,549.0,24.0,72.0,-122.0,81.0,8.0,-62.0,221.0,695.0
-63.0,763.0,24.0,31.0,-143.0,159.0,32.0,5.0,219.0,711.0
-12.0,786.0,30.0,0.0,-164.0,153.0,103.0,-44.0,189.0,691.0
24.0,697.0,36.0,-38.0,-172.0,196.0,186.0,72.0,155.0,646.0
75.0,536.0,36.0,-102.0,-160.0,156.0,276.0,24.0,127.0,591.0
106.0,338.0,52.0,-162.0,-134.0,126.0,356.0,-62.0,89.0,532.0
132.0,219.0,46.0,-189.0,-101.0,191.0,418.0,-190.0,59.0,438.0
154.0,196.0,54.0,-204.0,-65.0,133.0,431.0,-280.0,36.0,333.0
162.0,206.0,53.0,-189.0,-33.0,165.0,414.0,-75.0,18.0,230.0
163.0,238.0,78.0,-131.0,-4.0,181.0,400.0,96.0,4.0,123.0
140.0,284.0,86.0,-82.0,19.0,177.0,375.0,290.0,-1.0,-7.0
121.0,373.0,100.0,-65.0,41.0,236.0,375.0,238.0,8.0,-136.0
92.0,522.0,118.0,-53.0,59.0,226.0,403.0,184.0,46.0,-228.0
56.0,706.0,120.0,-27.0,68.0,268.0,424.0,210.0,80.0,-325.0
-9.0,900.0,134.0,-24.0,61.0,237.0,433.0,-66.0,90.0,-415.0
-63.0,1037.0,121.0,-27.0,54.0,225.0,395.0,-325.0,95.0,-492.0
-118.0,1069.0,120.0,-9.0,59.0,291.0,359.0,-519.0,78.0,-557.0
-171.0,1021.0,91.0,3.0,59.0,296.0,363.0,-354.0,56.0,-621.0
-212.0,952.0,57.0,38.0,43.0,289.0,365.0,-212.0,16.0,-669.0
-249.0,872.0,25.0,89.0,18.0,195.0,380.0,-280.0,-47.0,-663.0
-258.0,723.0,-10.0,134.0,-8.0,144.0,394.0,-303.0,-119.0,-633.0
-272.0,454.0,-53.0,169.0,-26.0,182.0,431.0,-522.0,-199.0,-603.0
-266.0,98.0,-114.0,176.0,-34.0,187.0,457.0,-515.0,-282.0,-565.0
-273.0,-214.0,-166.0,194.0,-31.0,250.0,441.0,-262.0,-356.0,-504.0
-265.0,-423.0,-220.0,214.0,-27.0,347.0,444.0,90.0,-414.0,-480.0
-250.0,-494.0,-255.0,253.0,-31.0,381.0,430.0,249.0,-467.0,-476.0
-239.0,-384.0,-300.0,300.0,-40.0,253.0,384.0,24.0,-495.0,-457.0
-239.0,-141.0,-328.0,325.0,-42.0,95.0,327.0,-96.0,-499.0,-456.0
-249.0,86.0,-348.0,361.0,-31.0,44.0,293.0,-162.0,-482.0,-477.0
-235.0,120.0,-374.0,381.0,-1.0,50.0,263.0,-114.0,-446.0,-503.0
-240.0,-54.0,-372.0,381.0,40.0,129.0,227.0,-90.0,-412.0,-509.0
-218.0,-286.0,-365.0,332.0,78.0,130.0,233.0,-145.0,-384.0,-522.0
-213.0,-409.0,-356.0,253.0,104.0,127.0,277.0,-66.0,-342.0,-534.0
-210.0,-369.0,-335.0,191.0,116.0,83.0,367.0,-112.0,-286.0,-526.0
-204.0,-181.0,-304.0,137.0,128.0,-77.0,444.0,-177.0,-247.0,-504.0
-209.0,111.0,-272.0,72.0,145.0,-68.0,439.0,-256.0,-187.0,-486.0
-204.0,396.0,-244.0,0.0,165.0,-3.0,414.0,-214.0,-140.0,-488.0
-211.0,532.0,-217.0,-60.0,188.0,30.0,405.0,-105.0,-95.0,-457.0
-217.0,422.0,-191.0,-108.0,205.0,27.0,386.0,-169.0,-48.0,-426.0
-235.0,179.0,-175.0,-134.0,210.0,-47.0,366.0,-160.0,-7.0,-420.0
-239.0,-66.0,-173.0,-147.0,196.0,-36.0,336.0,-208.0,39.0,-367.0
-255.0,-341.0,-168.0,-156.0,158.0,-28.0,297.0,-110.0,44.0,-294.0
-282.0,-637.0,-181.0,-173.0,101.0,-4.0,258.0,-79.0,44.0,-232.0
-315.0,-891.0,-201.0,-210.0,43.0,70.0,236.0,-129.0,45.0,-163.0
-340.0,-1097.0,-203.0,-238.0,-14.0,57.0,240.0,-22.0,18.0,-89.0
-357.0,-1266.0,-222.0,-252.0,-66.0,18.0,251.0,-168.0,-38.0,-4.0
-372.0,-1329.0,-237.0,-255.0,-106.0,-38.0,255.0,-97.0,-108.0,52.0
-366.0,-1242.0,-244.0,-242.0,-126.0,-56.0,222.0,-123.0,-184.0,103.0
-362.0,-1060.0,-229.0,-215.0,-124.0,-71.0,156.0,-291.0,-227.0,166.0
-359.0,-808.0,-211.0,-186.0,-106.0,-149.0,86.0,-299.0,-241.0,200.0
-371.0,-445.0,-177.0,-184.0,-81.0,-113.0,63.0,-421.0,-243.0,203.0
-376.0,1.0,-118.0,-172.0,-55.0,-88.0,97.0,-216.0,-199.0,205.0
-384.0,390.0,-71.0,-146.0,-29.0,-139.0,129.0,-144.0,-148.0,204.0
-400.0,570.0,-6.0,-119.0,-4.0,-179.0,138.0,-260.0,-95.0,168.0
-403.0,451.0,53.0,-91.0,17.0,-186.0,109.0,-310.0,-44.0,124.0
-408.0,111.0,94.0,-71.0,25.0,-92.0,74.0,-328.0,-1.0,95.0
-408.0,-257.0,123.0,-27.0,20.0,-99.0,60.0,-192.0,51.0,81.0
-403.0,-503.0,157.0,23.0,6.0,-113.0,57.0,-175.0,90.0,51.0
-398.0,-578.0,169.0,70.0,-14.0,14.0,76.0,0.0,132.0,14.0
-370.0,-559.0,194.0,112.0,-40.0,20.0,115.0,75.0,171.0,6.0
-342.0,-528.0,218.0,155.0,-66.0,-43.0,125.0,97.0,199.0,-5.0
-309.0,-442.0,231.0,200.0,-90.0,-126.0,95.0,164.0,211.0,-37.0
-262.0,-281.0,237.0,228.0,-109.0,-164.0,70.0,3.0,206.0,-37.0
-212.0,-207.0,207.0,242.0,-128.0,-156.0,51.0,66.0,201.0,-4.0
-141.0,-310.0,204.0,224.0,-139.0,-234.0,34.0,99.0,167.0,20.0
-94.0,-476.0,176.0,196.0,-135.0,-154.0,12.0,90.0,109.0,55.0
-31.0,-598.0,147.0,163.0,-120.0,-104.0,7.0,38.0,48.0,92.0
32.0,-677.0,144.0,118.0,-95.0,-124.0,31.0,-40.0,-41.0,142.0
94.0,-701.0,124.0,76.0,-64.0,-12.0,43.0,116.0,-115.0,168.0
162.0,-618.0,89.0,41.0,-30.0,-20.0,57.0,199.0,-205.0,179.0
206.0,-446.0,77.0,25.0,-1.0,5.0,63.0,315.0,-333.0,203.0
236.0,-221.0,68.0,13.0,15.0,-48.0,50.0,347.0,-430.0,204.0
233.0,-21.0,35.0,10.0,13.0,-140.0,42.0,345.0,-542.0,202.0
229.0,101.0,38.0,10.0,-1.0,20.0,69.0,376.0,-624.0,201.0
195.0,219.0,32.0,2.0,-28.0,8.0,95.0,325.0,-669.0,222.0
156.0,389.0,24.0,-6.0,-60.0,-95.0,112.0,234.0,-705.0,208.0
108.0,536.0,42.0,-55.0,-82.0,-85.0,127.0,14.0,-706.0,167.0
49.0,570.0,65.0,-107.0,-94.0,-43.0,115.0,48.0,-714.0,145.0
-6.0,590.0,86.0,-152.0,-96.0,18.0,113.0,116.0,-692.0,104.0
-74.0,706.0,115.0,-220.0,-89.0,-72.0,104.0,157.0,-658.0,63.0
-129.0,855.0,130.0,-289.0,-80.0,-61.0,126.0,197.0,-634.0,28.0
-203.0,905.0,140.0,-339.0,-76.0,52.0,189.0,75.0,-593.0,26.0
-271.0,807.0,176.0,-350.0,-82.0,26.0,233.0,186.0,-542.0,33.0
-349.0,627.0,196.0,-347.0,-84.0,94.0,256.0,158.0,-477.0,29.0
-408.0,423.0,210.0,-341.0,-79.0,98.0,263.0,199.0,-423.0,59.0
-452.0,209.0,247.0,-349.0,-61.0,-36.0,271.0,358.0,-371.0,86.0
-496.0,-8.0,275.0,-363.0,-24.0,-127.0,286.0,238.0,-329.0,90.0
-511.0,-188.0,286.0,-363.0,27.0,-206.0,321.0,181.0,-298.0,71.0
-514.0,-236.0,331.0,-336.0,89.0,-133.0,335.0,-158.0,-261.0,49.0
-484.0,-116.0,347.0,-346.0,145.0,-156.0,337.0,-336.0,-236.0,7.0
-461.0,105.0,341.0,-343.0,175.0,-221.0,339.0,-96.0,-196.0,-85.0
-435.0,299.0,359.0,-311.0,172.0,-43.0,320.0,55.0,-147.0,-171.0
-387.0,403.0,351.0,-323.0,147.0,-29.0,294.0,216.0,-101.0,-255.0
-345.0,490.0,318.0,-276.0,126.0,-135.0,269.0,134.0,-62.0,-358.0
-306.0,611.0,303.0,-234.0,119.0,-208.0,250.0,99.0,-32.0,-443.0
-251.0,665.0,267.0,-203.0,125.0,-185.0,255.0,168.0,-6.0,-506.0
-190.0,574.0,185.0,-167.0,134.0,-116.0,255.0,194.0,19.0,-553.0
-137.0,407.0,150.0,-145.0,137.0,-279.0,241.0,325.0,64.0,-588.0
-72.0,229.0,83.0,-107.0,129.0,-324.0,227.0,245.0,140.0,-617.0
-3.0,86.0,33.0,-98.0,106.0,-243.0,162.0,218.0,246.0,-599.0
50.0,-18.0,14.0,-69.0,71.0,-249.0,95.0,266.0,363.0,-573.0
87.0,-151.0,-2.0,-25.0,28.0,-178.0,88.0,232.0,483.0,-579.0
110.0,-306.0,4.0,20.0,-9.0,-178.0,105.0,73.0,569.0,-548.0
131.0,-443.0,8.0,77.0,-31.0,-205.0,115.0,-66.0,614.0,-507.0
144.0,-596.0,41.0,111.0,-43.0,-296.0,119.0,40.0,647.0,-471.0
158.0,-806.0,69.0,125.0,-48.0,-415.0,126.0,184.0,665.0,-424.0
169.0,-953.0,123.0,152.0,-41.0,-267.0,165.0,461.0,678.0,-385.0
160.0,-894.0,145.0,191.0,-25.0,-267.0,242.0,478.0,685.0,-344.0
146.0,-691.0,173.0,239.0,-9.0,-335.0,300.0,343.0,700.0,-324.0
100.0,-497.0,197.0,283.0,1.0,-204.0,299.0,351.0,708.0,-303.0
37.0,-323.0,196.0,298.0,6.0,-182.0,236.0,319.0,716.0,-268.0
-14.0,-75.0,213.0,294.0,4.0,-171.0,207.0,537.0,754.0,-231.0
-69.0,229.0,191.0,252.0,-7.0,-302.0,193.0,607.0,793.0,-202.0
-127.0,544.0,159.0,212.0,-25.0,-282.0,161.0,552.0,830.0,-168.0
-183.0,803.0,110.0,172.0,-44.0,-64.0,165.0,430.0,836.0,-112.0
-208.0,922.0,58.0,101.0,-57.0,-148.0,146.0,140.0,808.0,-73.0
-234.0,886.0,0.0,69.0,-62.0,-134.0,153.0,96.0,759.0,-56.0
-260.0,735.0,-59.0,26.0,-64.0,-58.0,174.0,149.0,671.0,-41.0
-267.0,537.0,-137.0,-32.0,-68.0,-63.0,186.0,236.0,584.0,-20.0
-260.0,328.0,-181.0,-37.0,-73.0,-64.0,219.0,109.0,493.0,-27.0
-248.0,72.0,-230.0,-41.0,-86.0,-186.0,229.0,103.0,398.0,-57.0
-239.0,-283.0,-281.0,-41.0,-113.0,-189.0,227.0,386.0,317.0,-65.0
-215.0,-681.0,-288.0,-52.0,-150.0,-212.0,220.0,448.0,234.0,-76.0
-204.0,-1012.0,-325.0,-75.0,-185.0,-313.0,209.0,620.0,152.0,-107.0
-198.0,-1202.0,-310.0,-83.0,-201.0,-239.0,191.0,633.0,92.0,-116.0
-178.0,-1216.0,-291.0,-124.0,-198.0,-241.0,204.0,554.0,52.0,-119.0
-156.0,-1053.0,-273.0,-154.0,-178.0,-275.0,228.0,565.0,28.0,-130.0
-120.0,-701.0,-236.0,-186.0,-139.0,-194.0,201.0,424.0,12.0,-145.0
-88.0,-214.0,-199.0,-230.0,-81.0,-123.0,144.0,376.0,3.0,-161.0
-61.0,271.0,-159.0,-256.0,-22.0,-35.0,95.0,197.0,4.0,-177.0
-42.0,601.0,-125.0,-301.0,26.0,-141.0,67.0,90.0,0.0,-231.0
-30.0,694.0,-68.0,-343.0,67.0,-261.0,67.0,110.0,5.0,-299.0
-33.0,605.0,-55.0,-380.0,99.0,-189.0,110.0,195.0,5.0,-355.0
-50.0,432.0,-29.0,-415.0,118.0,-217.0,118.0,304.0,1.0,-419.0
-59.0,245.0,-12.0,-442.0,131.0,-224.0,56.0,164.0,5.0,-485.0
-70.0,109.0,-25.0,-465.0,142.0,-233.0,-9.0,157.0,-1.0,-518.0
-74.0,48.0,-3.0,-471.0,146.0,-162.0,-11.0,44.0,-14.0,-519.0
-86.0,9.0,2.0,-474.0,136.0,32.0,21.0,18.0,-53.0,-520.0
-103.0,-15.0,-2.0,-450.0,106.0,-54.0,4.0,277.0,-104.0,-496.0
-123.0,-3.0,2.0,-394.0,68.0,-117.0,-43.0,404.0,-171.0,-425.0
-141.0,3.0,8.0,-324.0,42.0,-68.0,-55.0,554.0,-242.0,-329.0
-162.0,-45.0,6.0,-269.0,44.0,-156.0,11.0,465.0,-294.0,-240.0
-190.0,-92.0,13.0,-228.0,70.0,-217.0,65.0,284.0,-333.0,-134.0
-201.0,-52.0,13.0,-182.0,112.0,-338.0,37.0,138.0,-344.0,-7.0
-212.0,18.0,17.0,-158.0,154.0,-334.0,-3.0,92.0,-348.0,91.0
-219.0,26.0,53.0,-148.0,185.0,-208.0,28.0,142.0,-354.0,175.0
-234.0,-64.0,74.0,-131.0,205.0,-194.0,79.0,46.0,-349.0,257.0
-259.0,-192.0,78.0,-113.0,214.0,-118.0,77.0,153.0,-332.0,325.0
-286.0,-271.0,95.0,-64.0,210.0,-123.0,81.0,62.0,-310.0,352.0
-322.0,-277.0,90.0,14.0,195.0,-154.0,70.0,-73.0,-279.0,363.0
-364.0,-251.0,93.0,85.0,174.0,-104.0,45.0,-46.0,-242.0,394.0
-396.0,-240.0,96.0,161.0,151.0,-181.0,3.0,-140.0,-215.0,414.0
-400.0,-299.0,92.0,229.0,117.0,-259.0,-80.0,-3.0,-180.0,417.0
-392.0,-467.0,95.0,278.0,75.0,-277.0,-112.0,18.0,-140.0,427.0
-373.0,-634.0,90.0,317.0,34.0,-187.0,-74.0,38.0,-120.0,459.0
-345.0,-656.0,106.0,355.0,-7.0,-72.0,-22.0,125.0,-105.0,477.0
-308.0,-530.0,113.0,355.0,-53.0,-169.0,-27.0,140.0,-91.0,478.0
-276.0,-315.0,129.0,307.0,-95.0,-156.0,-69.0,229.0,-104.0,501.0
-249.0,-92.0,158.0,283.0,-121.0,-77.0,-67.0,177.0,-120.0,542.0
-216.0,51.0,192.0,220.0,-127.0,-104.0,-20.0,266.0,-133.0,553.0
-175.0,49.0,222.0,147.0,-115.0,-102.0,5.0,321.0,-129.0,553.0
-131.0,-25.0,261.0,98.0,-93.0,-195.0,-29.0,334.0,-104.0,581.0
-89.0,-18.0,320.0,23.0,-64.0,-125.0,-66.0,349.0,-70.0,589.0
-42.0,84.0,335.0,-68.0,-33.0,2.0,-98.0,90.0,-20.0,564.0
-11.0,200.0,352.0,-170.0,-1.0,-95.0,-112.0,-44.0,25.0,552.0
21.0,318.0,365.0,-244.0,30.0,-104.0,-87.0,-79.0,75.0,550.0
31.0,421.0,366.0,-297.0,62.0,-114.0,-82.0,24.0,127.0,523.0
38.0,446.0,349.0,-320.0,89.0,-188.0,-38.0,192.0,169.0,490.0
52.0,375.0,346.0,-303.0,111.0,-129.0,6.0,354.0,201.0,445.0
38.0,221.0,332.0,-283.0,125.0,-68.0,0.0,569.0,219.0,399.0
37.0,66.0,294.0,-263.0,123.0,7.0,10.0,493.0,195.0,323.0
53.0,0.0,283.0,-260.0,103.0,62.0,34.0,430.0,150.0,210.0
59.0,18.0,241.0,-271.0,75.0,31.0,67.0,463.0,104.0,113.0
55.0,70.0,226.0,-264.0,56.0,91.0,72.0,493.0,60.0,1.0
49.0,146.0,208.0,-232.0,44.0,-8.0,77.0,543.0,51.0,-111.0
46.0,243.0,168.0,-206.0,36.0,-89.0,84.0,460.0,62.0,-211.0
40.0,317.0,153.0,-190.0,30.0,42.0,73.0,373.0,94.0,-274.0
19.0,435.0,154.0,-179.0,17.0,31.0,42.0,334.0,147.0,-335.0
10.0,671.0,117.0,-183.0,-7.0,-12.0,1.0,380.0,202.0,-408.0
12.0,901.0,79.0,-188.0,-39.0,-153.0,-3.0,362.0,262.0,-443.0
0.0,987.0,83.0,-187.0,-78.0,-184.0,3.0,317.0,329.0,-474.0
-33.0,898.0,31.0,-199.0,-126.0,-14.0,34.0,345.0,382.0,-501.0
-61.0,651.0,-2.0,-207.0,-180.0,-33.0,52.0,367.0,421.0,-521.0
-109.0,279.0,-7.0,-195.0,-231.0,-63.0,56.0,443.0,474.0,-493.0
-156.0,-62.0,-38.0,-178.0,-260.0,-98.0,49.0,319.0,513.0,-460.0
-198.0,-215.0,-54.0,-162.0,-276.0,-214.0,26.0,267.0,540.0,-448.0
-225.0,-195.0,-62.0,-144.0,-287.0,-259.0,26.0,339.0,556.0,-402.0
-217.0,-106.0,-78.0,-122.0,-293.0,-252.0,14.0,330.0,539.0,-344.0
-230.0,-63.0,-94.0,-102.0,-293.0,-165.0,-7.0,452.0,497.0,-316.0
-223.0,-92.0,-83.0,-93.0,-282.0,-173.0,-29.0,421.0,425.0,-286.0
-223.0,-186.0,-86.0,-83.0,-265.0,-329.0,-58.0,526.0,347.0,-231.0
-212.0,-308.0,-94.0,-60.0,-239.0,-316.0,-67.0,628.0,267.0,-186.0
-203.0,-362.0,-86.0,-24.0,-202.0,-265.0,-76.0,508.0,182.0,-158.0
-206.0,-234.0,-82.0,33.0,-163.0,-283.0,-88.0,428.0,110.0,-142.0
-190.0,46.0,-93.0,103.0,-121.0,-308.0,-83.0,149.0,25.0,-110.0
-195.0,299.0,-71.0,199.0,-85.0,-348.0,-93.0,97.0,-48.0,-93.0
-189.0,438.0,-43.0,279.0,-64.0,-278.0,-113.0,92.0,-104.0,-97.0
-216.0,422.0,-42.0,316.0,-53.0,-308.0,-134.0,24.0,-155.0,-69.0
-230.0,259.0,-4.0,336.0,-41.0,-321.0,-123.0,112.0,-187.0,-11.0
-237.0,111.0,17.0,307.0,-26.0,-191.0,-62.0,175.0,-203.0,56.0
-223.0,45.0,54.0,254.0,-7.0,-191.0,-22.0,345.0,-177.0,137.0
-200.0,-16.0,89.0,204.0,11.0,-210.0,-36.0,386.0,-128.0,265.0
-175.0,-94.0,116.0,133.0,33.0,-260.0,-82.0,493.0,-73.0,398.0
-135.0,-200.0,147.0,68.0,58.0,-259.0,-109.0,541.0,16.0,511.0
-127.0,-362.0,130.0,2.0,71.0,-173.0,-117.0,493.0,107.0,620.0
-104.0,-485.0,134.0,-72.0,69.0,-223.0,-138.0,626.0,183.0,739.0
-106.0,-548.0,123.0,-129.0,62.0,-183.0,-149.0,509.0,248.0,826.0
-87.0,-646.0,122.0,-170.0,59.0,-160.0,-135.0,423.0,297.0,868.0
-59.0,-647.0,125.0,-207.0,68.0,-296.0,-116.0,397.0,317.0,907.0
-23.0,-407.0,116.0,-218.0,87.0,-271.0,-112.0,410.0,324.0,929.0
39.0,-81.0,139.0,-200.0,105.0,-203.0,-131.0,393.0,316.0,903.0
106.0,165.0,148.0,-174.0,117.0,-214.0,-149.0,121.0,286.0,842.0
169.0,289.0,173.0,-162.0,118.0,-246.0,-157.0,160.0,271.0,767.0
212.0,254.0,212.0,-154.0,116.0,-237.0,-165.0,319.0,237.0,658.0
256.0,162.0,234.0,-134.0,119.0,-95.0,-152.0,369.0,200.0,502.0
293.0,210.0,231.0,-99.0,132.0,-88.0,-118.0,389.0,176.0,312.0
351.0,331.0,221.0,-41.0,156.0,-159.0,-52.0,338.0,124.0,128.0
376.0,292.0,206.0,8.0,183.0,-115.0,32.0,323.0,69.0,-62.0
412.0,94.0,181.0,34.0,201.0,-200.0,81.0,243.0,15.0,-270.0
452.0,-175.0,164.0,66.0,206.0,-280.0,100.0,243.0,-34.0,-440.0
490.0,-487.0,136.0,81.0,198.0,-240.0,111.0,275.0,-76.0,-570.0
519.0,-711.0,111.0,79.0,180.0,-161.0,109.0,295.0,-113.0,-681.0
507.0,-778.0,81.0,86.0,161.0,-117.0,103.0,171.0,-143.0,-768.0
504.0,-782.0,57.0,74.0,147.0,-229.0,101.0,-151.0,-161.0,-796.0
491.0,-804.0,49.0,54.0,142.0,-222.0,88.0,-277.0,-159.0,-795.0
482.0,-821.0,38.0,0.0,147.0,-168.0,46.0,-258.0,-137.0,-786.0
441.0,-805.0,39.0,-69.0,159.0,-237.0,-18.0,-55.0,-98.0,-756.0
437.0,-749.0,35.0,-141.0,171.0,-282.0,-73.0,-14.0,-47.0,-704.0
437.0,-527.0,53.0,-212.0,176.0,-412.0,-75.0,-232.0,28.0,-654.0
416.0,0.0,68.0,-234.0,168.0,-375.0,-21.0,-315.0,101.0,-641.0
405.0,724.0,76.0,-253.0,151.0,-229.0,44.0,-380.0,160.0,-614.0
375.0,1388.0,110.0,-270.0,125.0,-235.0,90.0,-188.0,201.0,-592.0
344.0,1802.0,142.0,-276.0,96.0,-118.0,121.0,-5.0,215.0,-607.0
278.0,1904.0,178.0,-285.0,73.0,-130.0,149.0,96.0,217.0,-623.0
215.0,1699.0,201.0,-280.0,60.0,-248.0,178.0,166.0,191.0,-612.0
157.0,1291.0,217.0,-259.0,59.0,-187.0,144.0,18.0,156.0,-586.0
105.0,913.0,242.0,-238.0,57.0,-153.0,64.0,60.0,116.0,-572.0
25.0,618.0,258.0,-225.0,46.0,-83.0,6.0,-12.0,67.0,-564.0
-47.0,303.0,252.0,-210.0,33.0,-104.0,3.0,-155.0,23.0,-550.0
-100.0,31.0,281.0,-190.0,18.0,-172.0,20.0,-210.0,-5.0,-560.0
-161.0,-102.0,294.0,-184.0,0.0,-190.0,0.0,-284.0,-5.0,-620.0
-220.0,-223.0,299.0,-185.0,-16.0,-396.0,7.0,-192.0,3.0,-646.0
-277.0,-472.0,337.0,-180.0,-28.0,-436.0,43.0,-81.0,1.0,-655.0
-316.0,-721.0,357.0,-193.0,-29.0,-315.0,88.0,153.0,-5.0,-677.0
-369.0,-835.0,378.0,-207.0,-23.0,-271.0,85.0,240.0,-23.0,-664.0
-413.0,-801.0,380.0,-225.0,-22.0,-246.0,56.0,254.0,-39.0,-605.0
-473.0,-607.0,404.0,-250.0,-28.0,-385.0,60.0,264.0,-53.0,-520.0
-527.0,-338.0,404.0,-257.0,-45.0,-383.0,56.0,64.0,-89.0,-465.0
-576.0,-117.0,399.0,-274.0,-77.0,-217.0,62.0,127.0,-118.0,-370.0
-628.0,46.0,394.0,-262.0,-113.0,-249.0,44.0,151.0,-144.0,-238.0
-650.0,178.0,383.0,-230.0,-143.0,-248.0,10.0,179.0,-172.0,-139.0
-648.0,217.0,393.0,-199.0,-154.0,-265.0,-33.0,251.0,-183.0,-47.0
-622.0,143.0,355.0,-157.0,-150.0,-319.0,-64.0,99.0,-196.0,68.0
-590.0,84.0,350.0,-128.0,-142.0,-306.0,-70.0,127.0,-200.0,170.0
-547.0,123.0,315.0,-103.0,-134.0,-388.0,-101.0,118.0,-180.0,216.0
-506.0,175.0,272.0,-78.0,-127.0,-386.0,-115.0,179.0,-140.0,256.0
-451.0,182.0,247.0,-33.0,-120.0,-419.0,-129.0,151.0,-96.0,302.0
-403.0,112.0,202.0,13.0,-105.0,-426.0,-158.0,-20.0,-55.0,331.0
-345.0,-54.0,173.0,36.0,-82.0,-273.0,-188.0,86.0,-16.0,325.0
-288.0,-227.0,129.0,44.0,-51.0,-294.0,-188.0,96.0,39.0,319.0
-214.0,-322.0,92.0,56.0,-22.0,-358.0,-133.0,118.0,102.0,340.0
-125.0,-317.0,51.0,60.0,-3.0,-315.0,-87.0,97.0,169.0,328.0
-50.0,-187.0,17.0,44.0,7.0,-278.0,-84.0,116.0,237.0,314.0
33.0,25.0,-30.0,51.0,10.0,-223.0,-79.0,277.0,285.0,347.0
95.0,258.0,-67.0,36.0,10.0,-206.0,-88.0,214.0,338.0,396.0
167.0,471.0,-116.0,1.0,7.0,-160.0,-111.0,142.0,384.0,438.0
202.0,545.0,-165.0,-21.0,8.0,-57.0,-134.0,75.0,405.0,475.0
227.0,431.0,-174.0,-38.0,17.0,-116.0,-155.0,173.0,405.0,555.0
244.0,222.0,-233.0,-29.0,28.0,-160.0,-144.0,399.0,383.0,630.0
233.0,29.0,-273.0,-24.0,34.0,-116.0,-116.0,535.0,343.0,668.0
239.0,-87.0,-297.0,-32.0,32.0,-41.0,-81.0,484.0,294.0,751.0
228.0,-108.0,-326.0,-44.0,30.0,22.0,-56.0,229.0,239.0,836.0
213.0,26.0,-349.0,-50.0,32.0,-44.0,-43.0,273.0,171.0,885.0
186.0,250.0,-338.0,-46.0,40.0,42.0,-29.0,319.0,103.0,933.0
173.0,394.0,-310.0,-47.0,57.0,77.0,-26.0,247.0,39.0,988.0
154.0,419.0,-300.0,-49.0,80.0,-54.0,-25.0,203.0,-34.0,1045.0
139.0,360.0,-256.0,-62.0,107.0,-16.0,-12.0,72.0,-121.0,1069.0
126.0,261.0,-218.0,-84.0,116.0,15.0,25.0,219.0,-207.0,1080.0
105.0,190.0,-173.0,-99.0,103.0,47.0,47.0,380.0,-282.0,1104.0
101.0,134.0,-128.0,-91.0,82.0,85.0,59.0,471.0,-341.0,1094.0
88.0,97.0,-82.0,-73.0,62.0,92.0,59.0,530.0,-385.0,1036.0
68.0,187.0,-41.0,-60.0,53.0,248.0,37.0,546.0,-427.0,982.0
53.0,444.0,-5.0,-32.0,58.0,258.0,39.0,587.0,-451.0,934.0
61.0,798.0,21.0,3.0,79.0,118.0,54.0,389.0,-443.0,852.0
69.0,1166.0,59.0,43.0,102.0,141.0,87.0,214.0,-421.0,766.0
77.0,1501.0,99.0,85.0,117.0,188.0,108.0,-22.0,-383.0,721.0
84.0,1717.0,120.0,134.0,116.0,248.0,126.0,-68.0,-329.0,681.0
98.0,1680.0,159.0,178.0,94.0,272.0,148.0,166.0,-269.0,616.0
117.0,1326.0,140.0,194.0,61.0,210.0,142.0,134.0,-204.0,572.0
120.0,721.0,127.0,204.0,31.0,219.0,160.0,125.0,-121.0,564.0
134.0,70.0,105.0,214.0,17.0,202.0,171.0,208.0,-34.0,534.0
160.0,-456.0,55.0,229.0,17.0,191.0,188.0,380.0,27.0,464.0
180.0,-771.0,28.0,238.0,23.0,207.0,197.0,460.0,86.0,426.0
204.0,-792.0,-16.0,223.0,28.0,102.0,163.0,373.0,137.0,409.0
232.0,-538.0,-65.0,201.0,29.0,79.0,162.0,358.0,165.0,350.0
236.0,-102.0,-107.0,158.0,23.0,180.0,180.0,312.0,196.0,324.0
239.0,351.0,-147.0,110.0,16.0,243.0,188.0,380.0,211.0,350.0
232.0,666.0,-185.0,72.0,9.0,196.0,182.0,306.0,218.0,381.0
234.0,757.0,-208.0,27.0,2.0,-13.0,160.0,275.0,221.0,394.0
253.0,561.0,-230.0,-11.0,-4.0,-93.0,140.0,356.0,216.0,407.0
287.0,129.0,-221.0,-38.0,-12.0,-105.0,135.0,260.0,206.0,463.0
314.0,-350.0,-213.0,-41.0,-17.0,-199.0,138.0,227.0,182.0,467.0
315.0,-766.0,-210.0,-46.0,-16.0,-185.0,158.0,73.0,138.0,439.0
323.0,-1130.0,-184.0,-49.0,-11.0,-116.0,154.0,158.0,74.0,434.0
294.0,-1453.0,-173.0,-29.0,-12.0,37.0,140.0,423.0,-1.0,415.0
256.0,-1668.0,-149.0,-2.0,-32.0,80.0,152.0,439.0,-73.0,355.0
197.0,-1728.0,-120.0,19.0,-66.0,75.0,129.0,321.0,-140.0,246.0
149.0,-1673.0,-108.0,27.0,-96.0,171.0,103.0,133.0,-183.0,166.0
107.0,-1508.0,-79.0,24.0,-111.0,0.0,88.0,131.0,-174.0,68.0
59.0,-1263.0,-55.0,8.0,-109.0,-123.0,67.0,96.0,-137.0,-66.0
33.0,-988.0,-41.0,-3.0,-96.0,-43.0,21.0,16.0,-85.0,-161.0
-19.0,-698.0,-27.0,-10.0,-68.0,18.0,-31.0,-112.0,2.0,-213.0
-45.0,-417.0,6.0,-19.0,-34.0,83.0,-46.0,-144.0,118.0,-260.0
-76.0,-213.0,25.0,-32.0,-4.0,-27.0,-22.0,96.0,246.0,-328.0
-98.0,-125.0,22.0,-62.0,20.0,-52.0,20.0,145.0,382.0,-334.0
-109.0,-78.0,61.0,-114.0,44.0,-45.0,41.0,221.0,502.0,-326.0
-118.0,38.0,41.0,-169.0,74.0,-214.0,34.0,197.0,626.0,-369.0
-121.0,303.0,39.0,-197.0,105.0,-184.0,3.0,99.0,736.0,-418.0
-141.0,675.0,32.0,-216.0,134.0,-89.0,-39.0,194.0,808.0,-451.0
-134.0,1056.0,-10.0,-231.0,156.0,-82.0,-70.0,129.0,884.0,-504.0
-131.0,1376.0,22.0,-231.0,168.0,-62.0,-73.0,136.0,928.0,-619.0
-117.0,1585.0,5.0,-231.0,171.0,-84.0,-29.0,123.0,961.0,-727.0
-97.0,1630.0,17.0,-229.0,168.0,-41.0,7.0,145.0,1007.0,-817.0
-68.0,1530.0,47.0,-193.0,162.0,-21.0,20.0,328.0,1023.0,-917.0
-32.0,1366.0,58.0,-145.0,153.0,-49.0,39.0,393.0,1009.0,-1008.0
-6.0,1173.0,84.0,-131.0,144.0,29.0,27.0,430.0,959.0,-1051.0
17.0,978.0,100.0,-121.0,128.0,-3.0,-7.0,279.0,884.0,-1068.0
46.0,802.0,132.0,-134.0,106.0,-64.0,-42.0,166.0,793.0,-1087.0
73.0,631.0,160.0,-163.0,86.0,30.0,-65.0,86.0,679.0,-1064.0
90.0,484.0,179.0,-171.0,66.0,85.0,-45.0,16.0,547.0,-986.0
125.0,379.0,207.0,-179.0,44.0,66.0,6.0,53.0,405.0,-890.0
145.0,309.0,245.0,-190.0,19.0,-20.0,57.0,-83.0,264.0,-815.0
163.0,329.0,250.0,-214.0,2.0,27.0,68.0,-35.0,129.0,-711.0
171.0,309.0,263.0,-267.0,0.0,204.0,93.0,-79.0,7.0,-591.0
155.0,81.0,264.0,-327.0,16.0,172.0,152.0,-144.0,-97.0,-503.0
144.0,-258.0,245.0,-363.0,44.0,133.0,197.0,-5.0,-210.0,-440.0
122.0,-584.0,223.0,-369.0,72.0,207.0,191.0,-33.0,-317.0,-375.0
96.0,-764.0,198.0,-363.0,98.0,237.0,144.0,36.0,-400.0,-304.0
78.0,-686.0,170.0,-348.0,114.0,226.0,124.0,-5.0,-466.0,-272.0
62.0,-382.0,96.0,-320.0,112.0,135.0,135.0,97.0,-506.0,-210.0
54.0,-24.0,48.0,-285.0,92.0,158.0,151.0,369.0,-521.0,-112.0
65.0,192.0,0.0,-224.0,61.0,215.0,168.0,463.0,-527.0,-29.0
60.0,175.0,-76.0,-110.0,29.0,102.0,191.0,572.0,-516.0,52.0
53.0,8.0,-146.0,-3.0,5.0,124.0,234.0,482.0,-477.0,153.0
64.0,-161.0,-164.0,68.0,-10.0,132.0,277.0,443.0,-464.0,269.0
77.0,-327.0,-226.0,135.0,-24.0,38.0,303.0,375.0,-475.0,363.0
80.0,-518.0,-278.0,174.0,-39.0,16.0,313.0,282.0,-499.0,452.0
76.0,-638.0,-272.0,181.0,-59.0,119.0,299.0,253.0,-554.0,544.0
65.0,-658.0,-314.0,179.0,-73.0,286.0,274.0,36.0,-593.0,605.0
56.0,-650.0,-297.0,179.0,-71.0,187.0,242.0,-79.0,-627.0,629.0
47.0,-664.0,-306.0,160.0,-54.0,138.0,183.0,-221.0,-676.0,639.0
28.0,-664.0,-298.0,126.0,-32.0,288.0,121.0,-158.0,-715.0,643.0
2.0,-558.0,-243.0,128.0,-14.0,334.0,96.0,42.0,-754.0,630.0
-29.0,-364.0,-253.0,146.0,-4.0,325.0,119.0,136.0,-766.0,613.0
-51.0,-139.0,-200.0,175.0,-6.0,308.0,170.0,286.0,-768.0,636.0
-80.0,103.0,-159.0,236.0,-12.0,297.0,204.0,149.0,-754.0,702.0
-89.0,373.0,-135.0,317.0,-16.0,253.0,201.0,96.0,-692.0,744.0
-90.0,644.0,-91.0,369.0,-11.0,184.0,193.0,164.0,-607.0,802.0
-70.0,883.0,-74.0,382.0,3.0,224.0,191.0,293.0,-502.0,897.0
-38.0,1118.0,-36.0,390.0,15.0,286.0,199.0,421.0,-387.0,957.0
-36.0,1329.0,-58.0,381.0,17.0,308.0,236.0,225.0,-261.0,992.0
-19.0,1459.0,-46.0,367.0,8.0,395.0,274.0,140.0,-147.0,1018.0
-14.0,1446.0,-21.0,352.0,-8.0,413.0,285.0,31.0,-38.0,1039.0
-11.0,1247.0,-64.0,334.0,-22.0,359.0,285.0,12.0,57.0,1017.0
-20.0,912.0,-31.0,321.0,-25.0,275.0,307.0,-36.0,121.0,977.0
-24.0,552.0,-50.0,277.0,-15.0,307.0,316.0,-151.0,161.0,969.0
-30.0,209.0,-82.0,218.0,-3.0,421.0,288.0,18.0,171.0,946.0
-39.0,-92.0,-57.0,207.0,-2.0,287.0,252.0,12.0,183.0,896.0
-56.0,-246.0,-81.0,202.0,-4.0,225.0,198.0,90.0,163.0,849.0
-99.0,-251.0,-78.0,155.0,-4.0,339.0,167.0,194.0,130.0,814.0
-118.0,-243.0,-72.0,77.0,-3.0,488.0,177.0,308.0,90.0,759.0
-148.0,-280.0,-84.0,14.0,-5.0,525.0,197.0,365.0,48.0,698.0
-172.0,-322.0,-71.0,-13.0,-4.0,367.0,224.0,134.0,18.0,671.0
-206.0,-327.0,-62.0,-38.0,12.0,394.0,219.0,77.0,-20.0,673.0
-221.0,-260.0,-70.0,-70.0,46.0,400.0,205.0,-14.0,-47.0,666.0
-215.0,-134.0,-79.0,-98.0,77.0,290.0,214.0,205.0,-56.0,664.0
-219.0,-31.0,-84.0,-102.0,82.0,336.0,215.0,497.0,-64.0,699.0
-194.0,27.0,-86.0,-100.0,56.0,371.0,208.0,437.0,-99.0,721.0
-193.0,48.0,-109.0,-69.0,19.0,350.0,179.0,473.0,-114.0,713.0
-177.0,-2.0,-118.0,-35.0,-6.0,273.0,151.0,192.0,-127.0,706.0
-169.0,-144.0,-112.0,-30.0,-16.0,198.0,127.0,-57.0,-142.0,700.0
-181.0,-339.0,-146.0,-8.0,-12.0,233.0,98.0,-40.0,-132.0,651.0
-168.0,-541.0,-137.0,23.0,-1.0,178.0,76.0,-31.0,-125.0,557.0
-154.0,-769.0,-135.0,65.0,10.0,154.0,59.0,134.0,-110.0,461.0
-133.0,-1013.0,-141.0,100.0,16.0,206.0,54.0,280.0,-100.0,358.0
-115.0,-1232.0,-132.0,118.0,13.0,185.0,52.0,412.0,-111.0,251.0
-95.0,-1392.0,-134.0,124.0,-3.0,201.0,25.0,498.0,-126.0,160.0
-91.0,-1455.0,-134.0,115.0,-28.0,231.0,6.0,485.0,-141.0,115.0
-94.0,-1387.0,-139.0,107.0,-45.0,340.0,10.0,299.0,-148.0,91.0
-92.0,-1156.0,-135.0,114.0,-46.0,346.0,0.0,64.0,-130.0,64.0
-91.0,-788.0,-157.0,121.0,-31.0,259.0,-21.0,-12.0,-90.0,57.0
-73.0,-393.0,-131.0,132.0,-6.0,296.0,-49.0,-44.0,-20.0,58.0
-72.0,7.0,-129.0,165.0,16.0,277.0,-52.0,36.0,62.0,37.0
-63.0,422.0,-110.0,179.0,19.0,241.0,-61.0,-11.0,122.0,-19.0
-73.0,747.0,-56.0,182.0,17.0,203.0,-83.0,-112.0,162.0,-65.0
-96.0,944.0,-41.0,196.0,27.0,198.0,-75.0,-40.0,188.0,-128.0
-103.0,1023.0,25.0,187.0,50.0,221.0,-81.0,79.0,219.0,-222.0
-132.0,993.0,58.0,173.0,74.0,168.0,-83.0,260.0,223.0,-299.0
-146.0,972.0,94.0,141.0,92.0,189.0,-88.0,251.0,202.0,-351.0
-166.0,1051.0,148.0,96.0,110.0,232.0,-97.0,195.0,183.0,-382.0
-175.0,1092.0,174.0,42.0,121.0,127.0,-105.0,171.0,161.0,-426.0
-170.0,947.0,197.0,-11.0,122.0,46.0,-123.0,46.0,140.0,-425.0
-164.0,640.0,210.0,-65.0,118.0,63.0,-94.0,35.0,137.0,-388.0
-148.0,264.0,208.0,-122.0,113.0,129.0,-66.0,-59.0,137.0,-391.0
-143.0,-49.0,184.0,-176.0,113.0,129.0,-48.0,-153.0,129.0,-395.0
-140.0,-264.0,152.0,-235.0,113.0,42.0,-22.0,-109.0,140.0,-377.0
-135.0,-394.0,118.0,-290.0,102.0,169.0,-10.0,38.0,139.0,-370.0
-128.0,-413.0,93.0,-351.0,82.0,256.0,-4.0,254.0,130.0,-398.0
-128.0,-337.0,35.0,-370.0,55.0,219.0,-25.0,295.0,123.0,-411.0
-108.0,-259.0,9.0,-380.0,22.0,183.0,-64.0,365.0,106.0,-396.0
-81.0,-198.0,-33.0,-390.0,-14.0,102.0,-68.0,212.0,89.0,-381.0
-44.0,-77.0,-70.0,-366.0,-42.0,146.0,-41.0,49.0,76.0,-358.0
-12.0,83.0,-74.0,-349.0,-57.0,135.0,-28.0,205.0,61.0,-307.0
20.0,232.0,-135.0,-306.0,-61.0,152.0,-7.0,151.0,53.0,-208.0
60.0,343.0,-116.0,-252.0,-57.0,247.0,35.0,35.0,64.0,-112.0
96.0,397.0,-127.0,-200.0,-43.0,289.0,81.0,-25.0,75.0,-23.0
140.0,409.0,-166.0,-160.0,-25.0,292.0,125.0,-1.0,83.0,81.0
177.0,406.0,-134.0,-145.0,-15.0,199.0,130.0,-68.0,78.0,179.0
216.0,360.0,-155.0,-119.0,-14.0,206.0,126.0,-123.0,61.0,238.0
243.0,225.0,-146.0,-100.0,-7.0,225.0,127.0,-60.0,35.0,261.0
287.0,-7.0,-134.0,-93.0,22.0,183.0,133.0,-129.0,-15.0,282.0
304.0,-383.0,-156.0,-92.0,62.0,271.0,152.0,-62.0,-74.0,279.0
318.0,-872.0,-134.0,-88.0,94.0,299.0,154.0,-35.0,-132.0,214.0
348.0,-1318.0,-152.0,-101.0,108.0,242.0,159.0,88.0,-179.0,162.0
372.0,-1568.0,-163.0,-120.0,102.0,216.0,188.0,232.0,-227.0,138.0
399.0,-1550.0,-156.0,-130.0,79.0,202.0,225.0,123.0,-265.0,73.0
404.0,-1283.0,-172.0,-153.0,45.0,277.0,252.0,101.0,-299.0,22.0
420.0,-884.0,-168.0,-160.0,5.0,279.0,272.0,59.0,-340.0,-8.0
406.0,-497.0,-185.0,-143.0,-34.0,251.0,288.0,68.0,-374.0,-49.0
387.0,-166.0,-178.0,-117.0,-70.0,279.0,278.0,53.0,-404.0,-97.0
348.0,71.0,-203.0,-101.0,-96.0,260.0,268.0,-129.0,-434.0,-135.0
308.0,170.0,-205.0,-86.0,-96.0,290.0,282.0,-303.0,-460.0,-135.0
270.0,158.0,-185.0,-58.0,-75.0,265.0,331.0,-410.0,-470.0,-148.0
222.0,72.0,-207.0,-50.0,-50.0,230.0,365.0,-371.0,-465.0,-167.0
175.0,-37.0,-175.0,-25.0,-33.0,203.0,340.0,-345.0,-435.0,-139.0
124.0,-130.0,-168.0,0.0,-25.0,158.0,289.0,-273.0,-397.0,-84.0
102.0,-238.0,-148.0,6.0,-15.0,198.0,230.0,-271.0,-347.0,-49.0
59.0,-342.0,-149.0,29.0,-5.0,227.0,187.0,-362.0,-282.0,-17.0
33.0,-349.0,-145.0,48.0,9.0,273.0,186.0,-199.0,-232.0,44.0
22.0,-257.0,-109.0,90.0,25.0,235.0,225.0,-62.0,-182.0,94.0
37.0,-113.0,-108.0,165.0,35.0,121.0,258.0,57.0,-143.0,114.0
41.0,83.0,-83.0,244.0,41.0,22.0,283.0,-27.0,-118.0,146.0
31.0,266.0,-74.0,328.0,42.0,-39.0,305.0,-238.0,-103.0,208.0
36.0,345.0,-53.0,412.0,36.0,36.0,322.0,-205.0,-116.0,252.0
23.0,363.0,-52.0,505.0,18.0,71.0,358.0,-205.0,-121.0,294.0
24.0,405.0,-66.0,573.0,-6.0,56.0,384.0,-92.0,-104.0,376.0
-9.0,484.0,-55.0,592.0,-28.0,-3.0,379.0,-155.0,-99.0,459.0
-33.0,559.0,-87.0,587.0,-41.0,-29.0,364.0,-284.0,-98.0,517.0
-43.0,551.0,-91.0,563.0,-48.0,70.0,327.0,-312.0,-98.0,553.0
-41.0,414.0,-68.0,520.0,-52.0,56.0,274.0,-428.0,-107.0,601.0
-21.0,234.0,-73.0,487.0,-56.0,79.0,235.0,-450.0,-131.0,635.0
2.0,106.0,-52.0,442.0,-59.0,134.0,236.0,-504.0,-181.0,642.0
50.0,0.0,-20.0,363.0,-59.0,102.0,265.0,-375.0,-240.0,667.0
87.0,-58.0,0.0,297.0,-56.0,42.0,253.0,-354.0,-302.0,694.0
114.0,-8.0,45.0,244.0,-47.0,-36.0,207.0,-242.0,-363.0,708.0
121.0,111.0,88.0,173.0,-34.0,89.0,152.0,22.0,-421.0,690.0
131.0,230.0,118.0,103.0,-19.0,132.0,100.0,-110.0,-480.0,672.0
126.0,306.0,174.0,38.0,-2.0,108.0,86.0,-120.0,-518.0,651.0
119.0,347.0,189.0,-17.0,15.0,166.0,95.0,-153.0,-537.0,581.0
100.0,374.0,232.0,-72.0,40.0,64.0,97.0,-182.0,-538.0,514.0
83.0,406.0,278.0,-124.0,68.0,59.0,112.0,-227.0,-519.0,446.0
91.0,421.0,264.0,-151.0,92.0,123.0,142.0,-362.0,-491.0,359.0
74.0,439.0,293.0,-154.0,108.0,249.0,152.0,-236.0,-441.0,250.0
56.0,533.0,284.0,-153.0,104.0,252.0,167.0,-225.0,-379.0,124.0
37.0,684.0,259.0,-178.0,77.0,125.0,204.0,-131.0,-313.0,34.0
32.0,874.0,251.0,-200.0,35.0,183.0,244.0,-86.0,-254.0,-50.0
20.0,1065.0,211.0,-200.0,-4.0,161.0,278.0,-94.0,-201.0,-138.0
6.0,1164.0,178.0,-201.0,-35.0,174.0,277.0,-72.0,-142.0,-181.0
-1.0,1096.0,142.0,-194.0,-52.0,131.0,230.0,-279.0,-85.0,-206.0
-3.0,855.0,120.0,-186.0,-53.0,126.0,171.0,-321.0,-28.0,-240.0
-3.0,528.0,96.0,-201.0,-49.0,269.0,114.0,-500.0,23.0,-277.0
-19.0,236.0,85.0,-221.0,-51.0,154.0,81.0,-620.0,86.0,-304.0
-32.0,78.0,69.0,-230.0,-68.0,41.0,76.0,-478.0,177.0,-328.0
-61.0,11.0,52.0,-231.0,-97.0,13.0,82.0,-384.0,268.0,-391.0
-71.0,-71.0,45.0,-256.0,-126.0,55.0,93.0,-210.0,351.0,-461.0
-70.0,-189.0,28.0,-304.0,-148.0,123.0,60.0,-277.0,433.0,-504.0
-69.0,-318.0,8.0,-339.0,-157.0,54.0,-9.0,-478.0,512.0,-578.0
-60.0,-407.0,-21.0,-368.0,-144.0,18.0,-56.0,-508.0,572.0,-662.0
-44.0,-378.0,-16.0,-361.0,-114.0,-77.0,-31.0,-419.0,630.0,-716.0
-13.0,-271.0,-39.0,-334.0,-72.0,-123.0,23.0,-288.0,679.0,-744.0
18.0,-218.0,-63.0,-304.0,-32.0,-23.0,67.0,-332.0,714.0,-780.0
44.0,-226.0,-73.0,-258.0,-3.0,26.0,86.0,-382.0,731.0,-813.0
59.0,-250.0,-106.0,-197.0,17.0,12.0,49.0,-439.0,725.0,-776.0
80.0,-258.0,-123.0,-120.0,30.0,-67.0,17.0,-430.0,706.0,-736.0
98.0,-252.0,-149.0,-31.0,40.0,-31.0,-30.0,-345.0,668.0,-697.0
112.0,-275.0,-174.0,73.0,46.0,10.0,-70.0,-345.0,620.0,-631.0
124.0,-358.0,-208.0,152.0,57.0,-8.0,-65.0,-147.0,545.0,-533.0
125.0,-476.0,-219.0,194.0,72.0,35.0,-72.0,-114.0,444.0,-432.0
140.0,-527.0,-254.0,208.0,78.0,98.0,-68.0,-118.0,340.0,-352.0
148.0,-472.0,-247.0,202.0,71.0,160.0,-52.0,-62.0,221.0,-224.0
141.0,-360.0,-246.0,210.0,49.0,10.0,-18.0,-219.0,110.0,-91.0
151.0,-234.0,-270.0,224.0,29.0,-111.0,10.0,-369.0,19.0,4.0
166.0,-157.0,-227.0,238.0,18.0,-25.0,34.0,-593.0,-61.0,85.0
173.0,-192.0,-252.0,258.0,10.0,-9.0,46.0,-593.0,-124.0,187.0
197.0,-323.0,-226.0,295.0,-2.0,-20.0,18.0,-596.0,-179.0,272.0
240.0,-494.0,-230.0,326.0,-17.0,11.0,-6.0,-617.0,-209.0,291.0
259.0,-635.0,-247.0,366.0,-22.0,58.0,-23.0,-580.0,-221.0,311.0
272.0,-688.0,-219.0,399.0,-10.0,10.0,-6.0,-615.0,-232.0,334.0
289.0,-639.0,-238.0,433.0,13.0,-47.0,0.0,-376.0,-222.0,325.0
298.0,-501.0,-213.0,470.0,37.0,32.0,6.0,-314.0,-192.0,307.0
310.0,-325.0,-230.0,435.0,53.0,93.0,67.0,-249.0,-149.0,312.0
311.0,-182.0,-232.0,380.0,52.0,43.0,118.0,-171.0,-102.0,332.0
320.0,-111.0,-217.0,333.0,36.0,-82.0,127.0,-212.0,-43.0,320.0
327.0,-84.0,-217.0,249.0,10.0,-137.0,137.0,-72.0,13.0,311.0
335.0,-75.0,-206.0,158.0,-16.0,-158.0,154.0,-184.0,75.0,339.0
330.0,-56.0,-197.0,63.0,-34.0,-175.0,176.0,-310.0,143.0,342.0
325.0,16.0,-155.0,-31.0,-39.0,-89.0,213.0,-338.0,205.0,325.0
324.0,125.0,-127.0,-131.0,-40.0,-28.0,222.0,-321.0,270.0,329.0
308.0,234.0,-83.0,-227.0,-43.0,0.0,210.0,-306.0,312.0,363.0
310.0,308.0,-17.0,-286.0,-56.0,2.0,202.0,-473.0,355.0,380.0
302.0,317.0,45.0,-341.0,-75.0,15.0,183.0,-491.0,394.0,400.0
302.0,225.0,104.0,-387.0,-89.0,70.0,154.0,-482.0,403.0,437.0
285.0,63.0,185.0,-389.0,-98.0,50.0,126.0,-297.0,399.0,467.0
258.0,-91.0,242.0,-363.0,-105.0,-34.0,126.0,-99.0,377.0,484.0
220.0,-246.0,295.0,-318.0,-105.0,-104.0,117.0,-75.0,334.0,467.0
167.0,-418.0,354.0,-262.0,-94.0,-74.0,115.0,-1.0,276.0,482.0
109.0,-559.0,386.0,-206.0,-80.0,27.0,153.0,-157.0,204.0,465.0
32.0,-621.0,424.0,-138.0,-67.0,133.0,183.0,-269.0,122.0,408.0
-29.0,-630.0,419.0,-70.0,-49.0,86.0,174.0,-445.0,43.0,353.0
-91.0,-661.0,439.0,-2.0,-29.0,-92.0,137.0,-644.0,-23.0,261.0
-137.0,-687.0,432.0,90.0,-15.0,-170.0,101.0,-626.0,-76.0,155.0
-190.0,-640.0,413.0,160.0,-19.0,-100.0,59.0,-700.0,-123.0,22.0
-223.0,-537.0,430.0,223.0,-44.0,29.0,62.0,-689.0,-167.0,-107.0
-260.0,-367.0,411.0,280.0,-78.0,-3.0,98.0,-641.0,-202.0,-236.0
-298.0,-147.0,397.0,285.0,-110.0,12.0,103.0,-532.0,-231.0,-370.0
-331.0,45.0,380.0,274.0,-136.0,146.0,116.0,-541.0,-244.0,-469.0
-374.0,213.0,357.0,236.0,-152.0,187.0,115.0,-565.0,-267.0,-520.0
-383.0,345.0,314.0,191.0,-151.0,239.0,79.0,-380.0,-296.0,-556.0
-409.0,368.0,278.0,146.0,-140.0,286.0,12.0,-375.0,-314.0,-574.0
-405.0,294.0,244.0,104.0,-128.0,348.0,-66.0,-260.0,-330.0,-535.0
-399.0,207.0,182.0,83.0,-117.0,299.0,-96.0,-225.0,-336.0,-477.0
-387.0,119.0,171.0,41.0,-102.0,206.0,-77.0,-258.0,-341.0,-412.0
-356.0,2.0,149.0,-20.0,-83.0,79.0,-52.0,-184.0,-334.0,-341.0
-345.0,-93.0,91.0,-72.0,-64.0,-75.0,-41.0,-323.0,-321.0,-257.0
-324.0,-155.0,92.0,-125.0,-52.0,-60.0,-7.0,-347.0,-318.0,-168.0
-298.0,-233.0,75.0,-190.0,-35.0,39.0,21.0,-474.0,-322.0,-116.0
-259.0,-283.0,95.0,-207.0,-7.0,286.0,-13.0,-642.0,-336.0,-57.0
-243.0,-251.0,127.0,-207.0,27.0,323.0,-54.0,-683.0,-367.0,7.0
-220.0,-131.0,131.0,-200.0,61.0,183.0,-77.0,-678.0,-411.0,66.0
-191.0,87.0,179.0,-170.0,90.0,183.0,-140.0,-519.0,-444.0,127.0
-176.0,385.0,201.0,-138.0,116.0,282.0,-187.0,-452.0,-484.0,194.0
-157.0,738.0,224.0,-96.0,145.0,434.0,-177.0,-266.0,-518.0,264.0
-143.0,1078.0,241.0,-48.0,181.0,369.0,-166.0,-240.0,-522.0,321.0
-127.0,1305.0,307.0,-11.0,216.0,302.0,-177.0,-293.0,-500.0,370.0
-100.0,1427.0,323.0,16.0,237.0,210.0,-194.0,-218.0,-455.0,411.0
-66.0,1466.0,301.0,40.0,241.0,123.0,-202.0,-334.0,-384.0,426.0
-31.0,1330.0,325.0,36.0,229.0,185.0,-232.0,-258.0,-294.0,393.0
0.0,991.0,292.0,26.0,210.0,234.0,-271.0,-225.0,-198.0,355.0
33.0,556.0,262.0,28.0,188.0,222.0,-307.0,-182.0,-116.0,302.0
79.0,131.0,214.0,16.0,158.0,65.0,-351.0,-70.0,-57.0,234.0
113.0,-210.0,171.0,-25.0,124.0,109.0,-392.0,-134.0,-5.0,165.0
173.0,-437.0,100.0,-69.0,87.0,216.0,-408.0,-103.0,25.0,87.0
227.0,-613.0,13.0,-106.0,46.0,183.0,-368.0,-118.0,45.0,7.0
284.0,-780.0,-66.0,-121.0,9.0,131.0,-370.0,-153.0,61.0,-78.0
337.0,-881.0,-161.0,-93.0,-15.0,140.0,-431.0,-308.0,90.0,-152.0
388.0,-927.0,-227.0,-38.0,-28.0,283.0,-475.0,-447.0,132.0,-225.0
425.0,-1013.0,-309.0,38.0,-33.0,225.0,-490.0,-497.0,174.0,-291.0
432.0,-1131.0,-368.0,132.0,-38.0,122.0,-461.0,-548.0,239.0,-361.0
451.0,-1151.0,-421.0,254.0,-50.0,91.0,-451.0,-461.0,294.0,-436.0
446.0,-999.0,-459.0,363.0,-64.0,62.0,-445.0,-495.0,336.0,-490.0
446.0,-664.0,-489.0,449.0,-77.0,3.0,-400.0,-360.0,378.0,-556.0
409.0,-208.0,-502.0,500.0,-91.0,-87.0,-364.0,-314.0,414.0,-636.0
375.0,183.0,-510.0,529.0,-111.0,-54.0,-353.0,-360.0,448.0,-699.0
358.0,409.0,-527.0,518.0,-134.0,-65.0,-389.0,-138.0,477.0,-749.0
331.0,466.0,-498.0,452.0,-148.0,-62.0,-444.0,-140.0,482.0,-820.0
314.0,374.0,-525.0,363.0,-145.0,-13.0,-467.0,-107.0,473.0,-883.0
286.0,222.0,-502.0,254.0,-130.0,15.0,-428.0,-84.0,469.0,-912.0
280.0,124.0,-483.0,164.0,-118.0,-64.0,-344.0,-33.0,441.0,-939.0
273.0,112.0,-508.0,42.0,-114.0,-197.0,-266.0,42.0,393.0,-952.0
263.0,121.0,-485.0,-92.0,-118.0,-148.0,-226.0,-97.0,338.0,-927.0
240.0,98.0,-500.0,-193.0,-125.0,-54.0,-233.0,-92.0,267.0,-862.0
234.0,55.0,-488.0,-277.0,-125.0,-68.0,-271.0,-253.0,207.0,-756.0
225.0,64.0,-507.0,-323.0,-112.0,-208.0,-311.0,-349.0,161.0,-639.0
214.0,193.0,-524.0,-356.0,-87.0,-221.0,-338.0,-356.0,124.0,-492.0
219.0,447.0,-533.0,-354.0,-61.0,-164.0,-341.0,-424.0,100.0,-314.0
218.0,726.0,-560.0,-317.0,-40.0,-162.0,-321.0,-256.0,66.0,-166.0
226.0,868.0,-558.0,-281.0,-27.0,-120.0,-295.0,-219.0,41.0,-30.0
237.0,828.0,-539.0,-271.0,-20.0,-111.0,-272.0,-114.0,21.0,84.0
258.0,715.0,-527.0,-276.0,-16.0,-144.0,-274.0,-31.0,-14.0,166.0
248.0,594.0,-488.0,-272.0,-14.0,-310.0,-289.0,-66.0,-39.0,205.0
264.0,389.0,-434.0,-285.0,-14.0,-410.0,-322.0,-96.0,-37.0,218.0
274.0,89.0,-408.0,-291.0,-19.0,-359.0,-339.0,-293.0,-37.0,250.0
266.0,-174.0,-329.0,-285.0,-23.0,-320.0,-271.0,-389.0,-27.0,246.0
262.0,-383.0,-272.0,-287.0,-30.0,-336.0,-186.0,-497.0,5.0,208.0
243.0,-642.0,-210.0,-267.0,-40.0,-317.0,-156.0,-548.0,33.0,202.0
251.0,-1002.0,-125.0,-223.0,-49.0,-285.0,-144.0,-607.0,72.0,222.0
260.0,-1386.0,-58.0,-170.0,-63.0,-388.0,-81.0,-724.0,123.0,223.0
268.0,-1602.0,20.0,-124.0,-79.0,-439.0,-17.0,-694.0,169.0,224.0
283.0,-1528.0,68.0,-96.0,-84.0,-406.0,-31.0,-752.0,204.0,268.0
310.0,-1191.0,110.0,-78.0,-66.0,-302.0,-67.0,-582.0,230.0,287.0
315.0,-674.0,159.0,-102.0,-32.0,-307.0,-79.0,-484.0,237.0,276.0
315.0,-143.0,201.0,-132.0,0.0,-400.0,-87.0,-546.0,217.0,266.0
318.0,251.0,241.0,-104.0,24.0,-430.0,-105.0,-419.0,172.0,256.0
319.0,489.0,295.0,-56.0,40.0,-447.0,-148.0,-445.0,101.0,229.0
330.0,625.0,337.0,12.0,62.0,-403.0,-183.0,-408.0,28.0,167.0
323.0,695.0,366.0,89.0,92.0,-381.0,-163.0,-380.0,-46.0,121.0
301.0,663.0,415.0,145.0,128.0,-281.0,-105.0,-402.0,-104.0,89.0
274.0,528.0,464.0,180.0,165.0,-293.0,-28.0,-417.0,-143.0,17.0
244.0,369.0,477.0,187.0,200.0,-351.0,17.0,-467.0,-183.0,-52.0
200.0,303.0,538.0,169.0,231.0,-316.0,28.0,-365.0,-200.0,-82.0
152.0,364.0,561.0,110.0,251.0,-291.0,40.0,-480.0,-208.0,-111.0
108.0,477.0,576.0,54.0,264.0,-252.0,54.0,-561.0,-208.0,-169.0
74.0,542.0,597.0,13.0,274.0,-280.0,49.0,-489.0,-193.0,-203.0
40.0,507.0,583.0,-19.0,276.0,-264.0,19.0,-456.0,-164.0,-191.0
-2.0,443.0,586.0,-32.0,261.0,-292.0,40.0,-441.0,-121.0,-196.0
-56.0,403.0,544.0,-54.0,234.0,-297.0,63.0,-620.0,-68.0,-181.0
-92.0,350.0,550.0,-49.0,199.0,-240.0,14.0,-661.0,0.0,-119.0
-136.0,318.0,500.0,-12.0,158.0,-242.0,-62.0,-659.0,74.0,-52.0
-190.0,273.0,486.0,27.0,107.0,-375.0,-104.0,-667.0,145.0,8.0
-219.0,66.0,479.0,67.0,51.0,-503.0,-85.0,-593.0,200.0,66.0
-251.0,-292.0,408.0,96.0,4.0,-421.0,-54.0,-574.0,237.0,153.0
-264.0,-637.0,417.0,124.0,-27.0,-307.0,-29.0,-412.0,275.0,241.0
-286.0,-935.0,363.0,157.0,-37.0,-243.0,-52.0,-304.0,309.0,296.0
-287.0,-1258.0,344.0,198.0,-26.0,-244.0,-129.0,-256.0,333.0,373.0
-275.0,-1509.0,323.0,232.0,-11.0,-222.0,-164.0,-201.0,352.0,462.0
-272.0,-1550.0,283.0,253.0,-1.0,-321.0,-124.0,-133.0,360.0,526.0
-250.0,-1371.0,273.0,287.0,-3.0,-485.0,-52.0,-99.0,330.0,565.0
-223.0,-1031.0,242.0,329.0,-22.0,-507.0,-24.0,-266.0,268.0,608.0
-185.0,-598.0,244.0,370.0,-47.0,-502.0,-52.0,-349.0,183.0,632.0
-157.0,-172.0,234.0,404.0,-71.0,-483.0,-67.0,-487.0,83.0,595.0
-111.0,147.0,234.0,415.0,-84.0,-468.0,-81.0,-515.0,-14.0,528.0
-72.0,390.0,235.0,413.0,-93.0,-347.0,-117.0,-424.0,-101.0,449.0
-13.0,615.0,231.0,413.0,-113.0,-212.0,-110.0,-452.0,-173.0,337.0
60.0,832.0,227.0,389.0,-140.0,-221.0,-88.0,-358.0,-223.0,168.0
121.0,1040.0,240.0,357.0,-166.0,-317.0,-86.0,-404.0,-245.0,10.0
183.0,1247.0,245.0,318.0,-185.0,-283.0,-114.0,-386.0,-252.0,-104.0
222.0,1475.0,231.0,260.0,-200.0,-266.0,-169.0,-262.0,-255.0,-244.0
261.0,1654.0,246.0,201.0,-210.0,-358.0,-211.0,-203.0,-245.0,-385.0
292.0,1676.0,235.0,117.0,-211.0,-336.0,-249.0,-84.0,-226.0,-470.0
326.0,1517.0,229.0,72.0,-202.0,-273.0,-243.0,-20.0,-190.0,-531.0
352.0,1272.0,229.0,65.0,-181.0,-132.0,-196.0,129.0,-161.0,-590.0
361.0,1059.0,206.0,75.0,-146.0,-107.0,-171.0,162.0,-141.0,-613.0
381.0,866.0,189.0,112.0,-103.0,-74.0,-185.0,149.0,-111.0,-591.0
399.0,593.0,191.0,141.0,-68.0,-79.0,-222.0,97.0,-91.0,-565.0
409.0,206.0,171.0,161.0,-51.0,-247.0,-238.0,-68.0,-81.0,-557.0
401.0,-170.0,144.0,138.0,-55.0,-315.0,-231.0,-68.0,-76.0,-530.0
392.0,-376.0,138.0,93.0,-74.0,-309.0,-199.0,-206.0,-87.0,-493.0
387.0,-425.0,110.0,28.0,-101.0,-167.0,-177.0,-182.0,-103.0,-482.0
361.0,-438.0,92.0,-62.0,-129.0,-191.0,-186.0,-120.0,-110.0,-463.0
328.0,-450.0,76.0,-152.0,-145.0,-262.0,-189.0,-190.0,-128.0,-408.0
301.0,-427.0,58.0,-231.0,-150.0,-252.0,-217.0,-53.0,-150.0,-323.0
278.0,-387.0,35.0,-266.0,-149.0,-288.0,-239.0,-22.0,-190.0,-250.0
254.0,-380.0,10.0,-288.0,-152.0,-272.0,-277.0,205.0,-240.0,-166.0
232.0,-436.0,-6.0,-294.0,-165.0,-190.0,-317.0,428.0,-282.0,-50.0
214.0,-543.0,-35.0,-278.0,-183.0,-37.0,-280.0,502.0,-318.0,13.0
194.0,-614.0,-62.0,-262.0,-202.0,-90.0,-243.0,502.0,-346.0,48.0
179.0,-574.0,-86.0,-256.0,-210.0,-155.0,-227.0,227.0,-385.0,74.0
158.0,-472.0,-94.0,-242.0,-196.0,-131.0,-220.0,51.0,-391.0,78.0
150.0,-372.0,-120.0,-200.0,-166.0,-114.0,-223.0,-134.0,-392.0,41.0
141.0,-249.0,-130.0,-157.0,-118.0,-121.0,-204.0,-51.0,-388.0,-26.0
120.0,-127.0,-135.0,-100.0,-61.0,-188.0,-166.0,175.0,-365.0,-56.0
108.0,-58.0,-161.0,-41.0,-4.0,-191.0,-135.0,221.0,-346.0,-103.0
81.0,-32.0,-152.0,3.0,46.0,-194.0,-136.0,317.0,-303.0,-161.0
44.0,-60.0,-189.0,78.0,89.0,-237.0,-160.0,258.0,-252.0,-161.0
-6.0,-150.0,-205.0,152.0,120.0,-272.0,-199.0,286.0,-181.0,-139.0
-58.0,-234.0,-226.0,201.0,140.0,-231.0,-246.0,295.0,-92.0,-149.0
-110.0,-266.0,-268.0,224.0,155.0,-200.0,-305.0,206.0,-3.0,-177.0
-159.0,-265.0,-275.0,230.0,168.0,-170.0,-353.0,197.0,97.0,-166.0
-184.0,-203.0,-335.0,248.0,178.0,-77.0,-334.0,144.0,191.0,-173.0
-206.0,-4.0,-368.0,272.0,183.0,18.0,-288.0,182.0,275.0,-225.0
-207.0,315.0,-407.0,297.0,184.0,-25.0,-219.0,205.0,363.0,-266.0
-213.0,616.0,-463.0,311.0,179.0,-83.0,-128.0,153.0,454.0,-281.0
-218.0,791.0,-522.0,330.0,169.0,-25.0,-125.0,-49.0,557.0,-330.0
-197.0,778.0,-569.0,336.0,165.0,20.0,-180.0,-151.0,673.0,-415.0
-175.0,568.0,-620.0,290.0,166.0,-2.0,-229.0,29.0,788.0,-464.0
-127.0,240.0,-679.0,248.0,171.0,-31.0,-215.0,155.0,905.0,-497.0
-103.0,-166.0,-690.0,207.0,180.0,16.0,-171.0,382.0,1002.0,-565.0
-87.0,-612.0,-750.0,138.0,187.0,-29.0,-180.0,482.0,1093.0,-633.0
-67.0,-995.0,-753.0,79.0,191.0,-20.0,-214.0,467.0,1142.0,-649.0
-58.0,-1276.0,-746.0,31.0,188.0,18.0,-243.0,423.0,1139.0,-667.0
-45.0,-1503.0,-744.0,-31.0,180.0,-14.0,-218.0,221.0,1119.0,-728.0
-51.0,-1664.0,-678.0,-84.0,171.0,-77.0,-186.0,212.0,1051.0,-750.0
-30.0,-1655.0,-646.0,-102.0,165.0,-98.0,-162.0,188.0,959.0,-726.0
-14.0,-1438.0,-558.0,-97.0,163.0,14.0,-158.0,234.0,839.0,-725.0
0.0,-1105.0,-485.0,-65.0,172.0,-8.0,-194.0,225.0,698.0,-726.0
18.0,-796.0,-407.0,-20.0,185.0,-81.0,-235.0,127.0,584.0,-647.0
30.0,-570.0,-289.0,32.0,192.0,-119.0,-277.0,133.0,464.0,-546.0
42.0,-451.0,-217.0,116.0,191.0,-27.0,-274.0,-7.0,363.0,-456.0
40.0,-458.0,-105.0,192.0,187.0,132.0,-255.0,24.0,277.0,-331.0
41.0,-489.0,8.0,262.0,187.0,139.0,-246.0,16.0,188.0,-173.0
32.0,-446.0,80.0,326.0,184.0,81.0,-266.0,118.0,120.0,-31.0
40.0,-304.0,182.0,358.0,178.0,11.0,-315.0,299.0,58.0,55.0
35.0,-48.0,253.0,352.0,172.0,-81.0,-317.0,251.0,-1.0,140.0
23.0,277.0,303.0,319.0,163.0,-141.0,-250.0,358.0,-59.0,203.0
32.0,519.0,372.0,274.0,143.0,-114.0,-165.0,280.0,-101.0,206.0
45.0,631.0,349.0,205.0,112.0,-137.0,-146.0,227.0,-137.0,171.0
81.0,752.0,359.0,123.0,85.0,-84.0,-213.0,238.0,-156.0,147.0
133.0,947.0,362.0,44.0,55.0,47.0,-314.0,205.0,-173.0,122.0
185.0,1159.0,304.0,-28.0,15.0,198.0,-387.0,334.0,-205.0,37.0
233.0,1331.0,298.0,-65.0,-35.0,193.0,-397.0,254.0,-241.0,-43.0
303.0,1436.0,237.0,-62.0,-84.0,-14.0,-373.0,129.0,-288.0,-86.0
358.0,1461.0,180.0,-64.0,-113.0,-109.0,-305.0,-20.0,-339.0,-127.0
402.0,1417.0,161.0,-58.0,-123.0,-97.0,-255.0,-57.0,-368.0,-171.0
448.0,1374.0,133.0,-44.0,-125.0,-45.0,-272.0,5.0,-371.0,-186.0
458.0,1336.0,95.0,-38.0,-127.0,-65.0,-318.0,-55.0,-361.0,-165.0
468.0,1262.0,39.0,-24.0,-124.0,-57.0,-375.0,59.0,-327.0,-143.0
462.0,1184.0,12.0,-36.0,-124.0,-55.0,-363.0,107.0,-279.0,-144.0
449.0,1103.0,-37.0,-55.0,-129.0,-48.0,-302.0,210.0,-226.0,-126.0
429.0,927.0,-61.0,-77.0,-134.0,0.0,-230.0,293.0,-171.0,-97.0
392.0,617.0,-75.0,-123.0,-146.0,-14.0,-200.0,199.0,-105.0,-109.0
376.0,238.0,-105.0,-167.0,-158.0,-8.0,-266.0,218.0,-37.0,-119.0
345.0,-131.0,-87.0,-197.0,-169.0,6.0,-342.0,105.0,26.0,-104.0
318.0,-410.0,-117.0,-226.0,-184.0,35.0,-372.0,7.0,96.0,-110.0
286.0,-477.0,-77.0,-235.0,-199.0,3.0,-381.0,-16.0,138.0,-153.0
237.0,-275.0,-54.0,-208.0,-213.0,-47.0,-370.0,44.0,166.0,-168.0
198.0,65.0,-48.0,-177.0,-219.0,-57.0,-352.0,144.0,190.0,-167.0
156.0,316.0,31.0,-128.0,-216.0,28.0,-378.0,149.0,199.0,-189.0
113.0,391.0,34.0,-65.0,-202.0,183.0,-381.0,97.0,197.0,-200.0
58.0,373.0,109.0,-3.0,-184.0,197.0,-359.0,-140.0,176.0,-181.0
15.0,319.0,144.0,62.0,-163.0,93.0,-332.0,-229.0,161.0,-143.0
-23.0,245.0,178.0,110.0,-139.0,6.0,-302.0,-293.0,123.0,-116.0
-61.0,150.0,254.0,181.0,-118.0,-54.0,-330.0,-254.0,66.0,-78.0
-90.0,46.0,256.0,252.0,-103.0,-59.0,-391.0,3.0,9.0,-12.0
-122.0,-34.0,291.0,289.0,-95.0,-48.0,-439.0,66.0,-69.0,42.0
-135.0,-71.0,333.0,339.0,-93.0,-41.0,-453.0,297.0,-140.0,70.0
-153.0,-90.0,349.0,395.0,-101.0,-6.0,-459.0,397.0,-201.0,114.0
-174.0,-162.0,336.0,455.0,-127.0,26.0,-445.0,327.0,-238.0,159.0
-187.0,-280.0,377.0,487.0,-165.0,106.0,-430.0,356.0,-247.0,172.0
-204.0,-395.0,339.0,516.0,-205.0,78.0,-440.0,223.0,-231.0,181.0
-219.0,-506.0,291.0,553.0,-231.0,2.0,-464.0,190.0,-193.0,220.0
-246.0,-624.0,295.0,515.0,-242.0,-11.0,-496.0,109.0,-154.0,264.0
-252.0,-709.0,210.0,438.0,-235.0,60.0,-516.0,88.0,-87.0,274.0
-251.0,-760.0,205.0,332.0,-208.0,131.0,-536.0,125.0,-15.0,309.0
-254.0,-829.0,159.0,215.0,-175.0,28.0,-562.0,147.0,64.0,337.0
-241.0,-923.0,78.0,107.0,-150.0,-92.0,-599.0,260.0,159.0,318.0
-238.0,-1047.0,73.0,13.0,-138.0,-113.0,-626.0,195.0,238.0,286.0
-235.0,-1191.0,20.0,-59.0,-126.0,4.0,-593.0,277.0,322.0,232.0
-240.0,-1261.0,-33.0,-117.0,-100.0,59.0,-537.0,251.0,389.0,163.0
-235.0,-1170.0,-20.0,-131.0,-61.0,0.0,-490.0,234.0,431.0,48.0
-215.0,-970.0,-46.0,-130.0,-11.0,-29.0,-459.0,369.0,448.0,-71.0
-189.0,-706.0,-83.0,-108.0,37.0,-35.0,-479.0,347.0,436.0,-167.0
-162.0,-363.0,-50.0,-62.0,76.0,-64.0,-516.0,511.0,413.0,-262.0
-135.0,31.0,-49.0,-25.0,100.0,-93.0,-559.0,543.0,372.0,-353.0
-109.0,405.0,-40.0,29.0,112.0,-120.0,-584.0,552.0,310.0,-404.0
-107.0,630.0,-1.0,102.0,113.0,-210.0,-564.0,572.0,240.0,-426.0
-98.0,655.0,37.0,169.0,109.0,-229.0,-539.0,552.0,160.0,-459.0
-110.0,550.0,67.0,257.0,98.0,-152.0,-520.0,598.0,86.0,-483.0
-116.0,441.0,117.0,335.0,74.0,-50.0,-506.0,378.0,25.0,-492.0
-118.0,362.0,157.0,392.0,42.0,-33.0,-470.0,336.0,-37.0,-494.0
-122.0,271.0,229.0,477.0,4.0,-75.0,-434.0,260.0,-92.0,-508.0
-122.0,189.0,275.0,595.0,-29.0,-62.0,-419.0,205.0,-143.0,-505.0
-131.0,162.0,300.0,685.0,-59.0,-115.0,-419.0,384.0,-187.0,-466.0
-134.0,199.0,370.0,723.0,-83.0,-241.0,-410.0,336.0,-217.0,-438.0
-149.0,213.0,361.0,752.0,-96.0,-302.0,-356.0,351.0,-234.0,-423.0
-150.0,97.0,424.0,734.0,-98.0,-183.0,-333.0,160.0,-231.0,-393.0
-169.0,-111.0,414.0,667.0,-89.0,-76.0,-357.0,-35.0,-212.0,-333.0
-163.0,-326.0,389.0,608.0,-79.0,-170.0,-375.0,81.0,-185.0,-299.0
-148.0,-570.0,424.0,544.0,-73.0,-231.0,-377.0,206.0,-148.0,-267.0
-139.0,-861.0,349.0,449.0,-71.0,-252.0,-316.0,474.0,-90.0,-212.0
-109.0,-1109.0,329.0,362.0,-65.0,-327.0,-241.0,587.0,-29.0,-178.0
-89.0,-1231.0,309.0,287.0,-40.0,-404.0,-205.0,522.0,20.0,-152.0
-63.0,-1255.0,228.0,194.0,0.0,-386.0,-163.0,321.0,62.0,-144.0
-51.0,-1250.0,188.0,100.0,48.0,-291.0,-186.0,153.0,90.0,-104.0
-26.0,-1222.0,160.0,-2.0,88.0,-201.0,-229.0,-14.0,104.0,-61.0
-21.0,-1151.0,48.0,-97.0,107.0,-156.0,-231.0,-282.0,108.0,-67.0
-19.0,-1064.0,25.0,-186.0,109.0,-171.0,-229.0,-188.0,116.0,-41.0
-20.0,-982.0,-11.0,-273.0,109.0,-170.0,-208.0,-84.0,107.0,-8.0
-29.0,-885.0,-109.0,-338.0,124.0,-198.0,-202.0,83.0,84.0,-3.0
-29.0,-739.0,-74.0,-396.0,153.0,-166.0,-207.0,182.0,61.0,-17.0
-40.0,-529.0,-127.0,-437.0,190.0,-108.0,-193.0,66.0,32.0,-11.0
-45.0,-284.0,-174.0,-474.0,223.0,-107.0,-183.0,155.0,17.0,5.0
-69.0,5.0,-146.0,-497.0,243.0,-150.0,-174.0,62.0,17.0,-1.0
-93.0,390.0,-199.0,-505.0,251.0,-232.0,-172.0,-35.0,24.0,13.0
-117.0,830.0,-214.0,-517.0,254.0,-248.0,-150.0,-81.0,26.0,43.0
-126.0,1213.0,-199.0,-498.0,266.0,-252.0,-121.0,-59.0,4.0,67.0
-132.0,1505.0,-253.0,-471.0,288.0,-210.0,-115.0,151.0,-30.0,65.0
-122.0,1708.0,-269.0,-442.0,308.0,-83.0,-91.0,153.0,-80.0,66.0
-105.0,1776.0,-273.0,-402.0,314.0,-4.0,-85.0,179.0,-131.0,81.0
-93.0,1742.0,-336.0,-343.0,306.0,-71.0,-102.0,157.0,-177.0,46.0
-72.0,1645.0,-330.0,-273.0,290.0,-194.0,-143.0,131.0,-217.0,-10.0
-65.0,1365.0,-338.0,-193.0,276.0,-196.0,-215.0,81.0,-251.0,-59.0
-27.0,871.0,-371.0,-107.0,266.0,-116.0,-251.0,-81.0,-267.0,-121.0
3.0,384.0,-342.0,-64.0,261.0,-63.0,-275.0,64.0,-273.0,-184.0
25.0,165.0,-333.0,-10.0,262.0,-4.0,-270.0,157.0,-282.0,-235.0
45.0,303.0,-315.0,71.0,264.0,-6.0,-224.0,264.0,-272.0,-268.0
65.0,692.0,-283.0,133.0,266.0,-6.0,-179.0,378.0,-246.0,-285.0
84.0,1045.0,-240.0,174.0,263.0,79.0,-124.0,327.0,-214.0,-306.0
68.0,1112.0,-193.0,197.0,259.0,187.0,-101.0,291.0,-184.0,-306.0
69.0,951.0,-143.0,196.0,257.0,232.0,-98.0,214.0,-154.0,-286.0
56.0,755.0,-69.0,173.0,251.0,107.0,-75.0,236.0,-125.0,-288.0
38.0,653.0,-21.0,142.0,237.0,22.0,-54.0,155.0,-126.0,-295.0
21.0,776.0,49.0,101.0,217.0,93.0,-54.0,195.0,-148.0,-286.0
5.0,1126.0,95.0,62.0,197.0,149.0,-90.0,177.0,-178.0,-288.0
0.0,1471.0,124.0,23.0,177.0,133.0,-95.0,1.0,-224.0,-314.0
-15.0,1522.0,175.0,-34.0,149.0,169.0,-88.0,116.0,-289.0,-320.0
-17.0,1157.0,198.0,-108.0,103.0,225.0,-102.0,75.0,-356.0,-306.0
-15.0,492.0,218.0,-183.0,35.0,184.0,-105.0,171.0,-437.0,-284.0
3.0,-188.0,226.0,-257.0,-45.0,102.0,-110.0,290.0,-507.0,-254.0
14.0,-616.0,244.0,-289.0,-124.0,163.0,-96.0,219.0,-541.0,-203.0
30.0,-799.0,245.0,-293.0,-196.0,343.0,-70.0,203.0,-549.0,-131.0
65.0,-830.0,249.0,-317.0,-255.0,365.0,-40.0,18.0,-522.0,-75.0
83.0,-660.0,282.0,-312.0,-298.0,315.0,-31.0,-11.0,-474.0,-26.0
111.0,-315.0,279.0,-262.0,-317.0,319.0,-22.0,24.0,-420.0,26.0
124.0,64.0,290.0,-184.0,-309.0,301.0,4.0,101.0,-349.0,75.0
142.0,350.0,298.0,-86.0,-279.0,263.0,21.0,138.0,-264.0,84.0
155.0,441.0,316.0,25.0,-234.0,219.0,54.0,31.0,-178.0,104.0
144.0,328.0,341.0,117.0,-194.0,254.0,76.0,101.0,-80.0,136.0
141.0,128.0,338.0,217.0,-182.0,196.0,82.0,66.0,34.0,132.0
122.0,-120.0,367.0,315.0,-198.0,64.0,81.0,96.0,141.0,129.0
98.0,-380.0,361.0,377.0,-230.0,156.0,99.0,164.0,254.0,132.0
73.0,-600.0,373.0,419.0,-263.0,279.0,134.0,181.0,352.0,149.0
44.0,-904.0,385.0,422.0,-285.0,298.0,134.0,227.0,426.0,153.0
18.0,-1374.0,370.0,422.0,-287.0,209.0,109.0,77.0,491.0,158.0
-3.0,-1844.0,357.0,381.0,-278.0,179.0,79.0,46.0,532.0,178.0
-37.0,-2015.0,309.0,321.0,-259.0,227.0,51.0,-84.0,564.0,182.0
-81.0,-1741.0,276.0,278.0,-231.0,157.0,59.0,-219.0,595.0,144.0
-115.0,-1141.0,286.0,206.0,-193.0,104.0,115.0,-101.0,606.0,98.0
-154.0,-523.0,318.0,140.0,-150.0,130.0,177.0,-1.0,599.0,73.0
-189.0,-175.0,260.0,84.0,-112.0,229.0,258.0,147.0,571.0,8.0
-224.0,-91.0,300.0,25.0,-88.0,271.0,314.0,166.0,516.0,-61.0
-260.0,-62.0,259.0,2.0,-89.0,301.0,338.0,280.0,450.0,-93.0
-275.0,-9.0,159.0,3.0,-105.0,297.0,335.0,369.0,387.0,-121.0
-294.0,-14.0,216.0,38.0,-127.0,191.0,311.0,330.0,326.0,-171.0
-315.0,-73.0,98.0,109.0,-140.0,166.0,302.0,358.0,270.0,-226.0
-325.0,-133.0,66.0,158.0,-152.0,234.0,266.0,219.0,212.0,-259.0
-342.0,-132.0,80.0,224.0,-175.0,227.0,261.0,221.0,140.0,-309.0
-351.0,37.0,-2.0,262.0,-202.0,50.0,297.0,229.0,61.0,-368.0
-363.0,346.0,-37.0,263.0,-219.0,-2.0,338.0,271.0,-23.0,-396.0
-370.0,621.0,-82.0,289.0,-217.0,55.0,370.0,371.0,-110.0,-400.0
-373.0,791.0,-75.0,283.0,-197.0,57.0,385.0,258.0,-181.0,-419.0
-390.0,891.0,-76.0,249.0,-159.0,78.0,407.0,238.0,-241.0,-431.0
-392.0,855.0,-71.0,188.0,-102.0,148.0,396.0,97.0,-289.0,-395.0
-384.0,629.0,8.0,118.0,-38.0,237.0,379.0,-84.0,-341.0,-330.0
-367.0,399.0,90.0,12.0,20.0,182.0,415.0,-210.0,-383.0,-259.0
-346.0,338.0,115.0,-114.0,68.0,70.0,480.0,-277.0,-421.0,-159.0
-323.0,451.0,151.0,-181.0,103.0,81.0,512.0,-181.0,-444.0,5.0
-296.0,662.0,188.0,-256.0,116.0,117.0,525.0,-173.0,-446.0,170.0
-263.0,751.0,206.0,-308.0,113.0,133.0,531.0,-114.0,-443.0,325.0
-241.0,476.0,250.0,-342.0,105.0,129.0,543.0,-123.0,-425.0,503.0
-223.0,-108.0,326.0,-395.0,99.0,121.0,557.0,-120.0,-401.0,652.0
-184.0,-615.0,402.0,-423.0,102.0,116.0,550.0,-72.0,-369.0,765.0
-157.0,-725.0,429.0,-447.0,115.0,30.0,568.0,-18.0,-332.0,846.0
-132.0,-435.0,441.0,-433.0,135.0,40.0,585.0,219.0,-299.0,914.0
-116.0,-20.0,452.0,-387.0,159.0,92.0,571.0,216.0,-264.0,946.0
-108.0,147.0,423.0,-321.0,179.0,27.0,508.0,212.0,-240.0,936.0
-87.0,-34.0,399.0,-235.0,187.0,-33.0,411.0,267.0,-212.0,921.0
-73.0,-393.0,384.0,-170.0,174.0,-41.0,355.0,288.0,-171.0,907.0
-56.0,-682.0,332.0,-85.0,152.0,-27.0,364.0,389.0,-137.0,881.0
-33.0,-672.0,249.0,3.0,135.0,-106.0,385.0,242.0,-99.0,808.0
-3.0,-411.0,194.0,66.0,119.0,-107.0,370.0,158.0,-53.0,737.0
28.0,-237.0,146.0,134.0,99.0,-6.0,345.0,131.0,-30.0,651.0
37.0,-453.0,35.0,157.0,76.0,-10.0,333.0,64.0,-33.0,533.0
34.0,-1033.0,-5.0,145.0,55.0,-37.0,362.0,136.0,-34.0,402.0
25.0,-1656.0,-62.0,146.0,35.0,4.0,414.0,216.0,-39.0,260.0
6.0,-2056.0,-174.0,130.0,10.0,141.0,441.0,291.0,-48.0,134.0
-28.0,-2132.0,-196.0,144.0,-4.0,250.0,455.0,238.0,-68.0,-29.0
-67.0,-1862.0,-244.0,139.0,-2.0,226.0,428.0,277.0,-105.0,-186.0
-96.0,-1338.0,-312.0,115.0,15.0,177.0,338.0,304.0,-141.0,-320.0
-120.0,-749.0,-357.0,119.0,43.0,220.0,244.0,280.0,-186.0,-475.0
-137.0,-178.0,-391.0,98.0,74.0,281.0,205.0,423.0,-241.0,-634.0
-182.0,437.0,-435.0,104.0,98.0,298.0,196.0,362.0,-298.0,-774.0
-232.0,992.0,-447.0,98.0,105.0,273.0,206.0,373.0,-355.0,-873.0
-277.0,1252.0,-432.0,76.0,101.0,233.0,224.0,358.0,-395.0,-975.0
-343.0,1197.0,-435.0,98.0,97.0,238.0,241.0,264.0,-429.0,-1036.0
-406.0,1066.0,-410.0,105.0,96.0,191.0,275.0,277.0,-453.0,-1021.0
-457.0,1048.0,-420.0,70.0,98.0,209.0,278.0,229.0,-450.0,-983.0
-502.0,1178.0,-410.0,70.0,98.0,264.0,278.0,336.0,-423.0,-917.0
-540.0,1422.0,-394.0,86.0,90.0,279.0,306.0,243.0,-383.0,-807.0
-582.0,1651.0,-408.0,69.0,85.0,275.0,310.0,164.0,-337.0,-675.0
-602.0,1762.0,-386.0,82.0,91.0,183.0,291.0,168.0,-275.0,-562.0
-608.0,1754.0,-393.0,89.0,104.0,147.0,271.0,94.0,-194.0,-479.0
-620.0,1679.0,-417.0,74.0,114.0,196.0,271.0,225.0,-104.0,-383.0
-608.0,1606.0,-399.0,37.0,115.0,277.0,296.0,282.0,14.0,-285.0
-587.0,1553.0,-388.0,-33.0,107.0,269.0,319.0,400.0,133.0,-235.0
-558.0,1490.0,-368.0,-154.0,92.0,143.0,295.0,463.0,244.0,-191.0
-510.0,1334.0,-308.0,-271.0,87.0,89.0,253.0,338.0,355.0,-114.0
-472.0,1007.0,-265.0,-363.0,93.0,202.0,228.0,173.0,433.0,-61.0
-427.0,497.0,-221.0,-455.0,103.0,302.0,238.0,5.0,507.0,-42.0
-380.0,-170.0,-144.0,-515.0,108.0,306.0,274.0,24.0,556.0,10.0
-343.0,-805.0,-81.0,-557.0,101.0,301.0,274.0,5.0,570.0,83.0
-315.0,-1172.0,-1.0,-566.0,84.0,294.0,252.0,79.0,558.0,118.0
-296.0,-1237.0,87.0,-581.0,53.0,248.0,206.0,105.0,509.0,123.0
-290.0,-1089.0,169.0,-557.0,7.0,141.0,171.0,-46.0,448.0,134.0
-290.0,-896.0,252.0,-560.0,-44.0,158.0,191.0,-7.0,362.0,119.0
-289.0,-797.0,341.0,-550.0,-91.0,222.0,205.0,22.0,260.0,43.0
-306.0,-791.0,393.0,-516.0,-135.0,225.0,241.0,166.0,164.0,-48.0
-325.0,-803.0,433.0,-518.0,-172.0,232.0,312.0,282.0,78.0,-130.0
-352.0,-763.0,478.0,-448.0,-191.0,246.0,365.0,319.0,3.0,-258.0
-388.0,-705.0,465.0,-400.0,-194.0,269.0,372.0,432.0,-34.0,-424.0
-411.0,-707.0,500.0,-359.0,-193.0,267.0,352.0,380.0,-33.0,-539.0
-437.0,-766.0,496.0,-313.0,-208.0,275.0,344.0,474.0,-1.0,-624.0
-478.0,-832.0,478.0,-289.0,-242.0,310.0,331.0,465.0,56.0,-717.0
-495.0,-861.0,464.0,-311.0,-280.0,325.0,302.0,397.0,111.0,-777.0
-495.0,-780.0,418.0,-325.0,-305.0,346.0,286.0,432.0,174.0,-791.0
-500.0,-528.0,427.0,-286.0,-309.0,392.0,275.0,321.0,223.0,-781.0
-494.0,-178.0,373.0,-236.0,-300.0,442.0,248.0,256.0,256.0,-783.0
-487.0,99.0,362.0,-204.0,-290.0,445.0,211.0,60.0,277.0,-752.0
-463.0,141.0,348.0,-191.0,-275.0,432.0,182.0,-166.0,267.0,-683.0
-450.0,-21.0,306.0,-167.0,-255.0,478.0,172.0,-295.0,244.0,-629.0
-444.0,-169.0,298.0,-133.0,-232.0,471.0,182.0,-236.0,204.0,-543.0
-417.0,-223.0,250.0,-66.0,-196.0,431.0,178.0,-88.0,164.0,-432.0
-378.0,-266.0,235.0,-69.0,-140.0,411.0,183.0,0.0,121.0,-312.0
-326.0,-359.0,213.0,-46.0,-77.0,491.0,196.0,284.0,78.0,-201.0
-285.0,-535.0,178.0,-13.0,-19.0,548.0,208.0,428.0,60.0,-93.0
-237.0,-723.0,162.0,-37.0,31.0,482.0,247.0,491.0,60.0,30.0
-189.0,-766.0,136.0,-37.0,85.0,479.0,266.0,502.0,86.0,139.0
-156.0,-672.0,92.0,-24.0,149.0,573.0,261.0,423.0,123.0,222.0
-141.0,-541.0,65.0,11.0,211.0,638.0,233.0,419.0,167.0,301.0
-127.0,-423.0,38.0,30.0,260.0,567.0,212.0,328.0,213.0,394.0
-112.0,-365.0,-20.0,89.0,290.0,546.0,225.0,434.0,260.0,438.0
-89.0,-360.0,-48.0,176.0,297.0,514.0,208.0,533.0,308.0,447.0
-62.0,-367.0,-89.0,211.0,280.0,434.0,194.0,556.0,334.0,480.0
-43.0,-310.0,-112.0,249.0,248.0,369.0,188.0,556.0,360.0,503.0
-26.0,-116.0,-123.0,286.0,213.0,346.0,160.0,325.0,368.0,505.0
-18.0,200.0,-159.0,301.0,172.0,381.0,133.0,199.0,358.0,500.0
-12.0,558.0,-158.0,320.0,124.0,361.0,124.0,160.0,331.0,506.0
-14.0,843.0,-193.0,266.0,67.0,414.0,137.0,334.0,281.0,509.0
-20.0,929.0,-205.0,163.0,-1.0,484.0,160.0,552.0,208.0,481.0
-32.0,870.0,-213.0,66.0,-68.0,463.0,148.0,596.0,118.0,460.0
-43.0,897.0,-241.0,-73.0,-124.0,362.0,110.0,587.0,38.0,454.0
-53.0,1074.0,-241.0,-171.0,-165.0,328.0,110.0,382.0,-45.0,437.0
-58.0,1318.0,-270.0,-251.0,-187.0,379.0,119.0,323.0,-118.0,398.0
-71.0,1510.0,-276.0,-329.0,-195.0,367.0,113.0,402.0,-201.0,360.0
-80.0,1529.0,-289.0,-402.0,-194.0,289.0,106.0,546.0,-294.0,340.0
-65.0,1322.0,-307.0,-487.0,-194.0,246.0,102.0,667.0,-375.0,293.0
-68.0,946.0,-301.0,-479.0,-192.0,280.0,96.0,600.0,-464.0,248.0
-65.0,548.0,-317.0,-484.0,-185.0,269.0,85.0,471.0,-541.0,242.0
-72.0,311.0,-328.0,-487.0,-174.0,296.0,88.0,197.0,-609.0,245.0
-96.0,350.0,-338.0,-428.0,-157.0,368.0,116.0,88.0,-666.0,246.0
-116.0,561.0,-321.0,-415.0,-134.0,352.0,149.0,75.0,-714.0,273.0
-127.0,685.0,-283.0,-425.0,-113.0,202.0,162.0,140.0,-743.0,327.0
-138.0,546.0,-251.0,-460.0,-108.0,126.0,123.0,247.0,-759.0,379.0
-169.0,163.0,-199.0,-455.0,-111.0,182.0,53.0,225.0,-780.0,439.0
-196.0,-324.0,-150.0,-418.0,-102.0,210.0,17.0,386.0,-795.0,511.0
-217.0,-727.0,-78.0,-360.0,-75.0,226.0,3.0,395.0,-820.0,602.0
-249.0,-897.0,0.0,-265.0,-45.0,239.0,10.0,421.0,-840.0,670.0
-292.0,-869.0,66.0,-249.0,-23.0,238.0,32.0,541.0,-847.0,723.0
-327.0,-794.0,153.0,-256.0,-6.0,87.0,46.0,310.0,-851.0,787.0
-367.0,-798.0,220.0,-200.0,4.0,-68.0,81.0,79.0,-847.0,807.0
-389.0,-964.0,268.0,-110.0,11.0,-18.0,107.0,9.0,-822.0,796.0
-401.0,-1258.0,340.0,5.0,28.0,177.0,85.0,155.0,-772.0,759.0
-425.0,-1514.0,378.0,108.0,66.0,260.0,15.0,319.0,-697.0,704.0
-435.0,-1642.0,407.0,129.0,113.0,233.0,-42.0,450.0,-597.0,608.0
-462.0,-1569.0,437.0,115.0,148.0,237.0,-66.0,482.0,-491.0,471.0
-503.0,-1206.0,424.0,131.0,161.0,154.0,-89.0,214.0,-376.0,351.0
-531.0,-598.0,417.0,162.0,155.0,88.0,-75.0,151.0,-233.0,225.0
-536.0,153.0,390.0,199.0,144.0,48.0,-20.0,-1.0,-93.0,83.0
-526.0,857.0,362.0,210.0,132.0,22.0,43.0,-27.0,38.0,-31.0
-512.0,1273.0,298.0,178.0,127.0,-39.0,96.0,223.0,170.0,-105.0
-497.0,1308.0,240.0,145.0,124.0,-52.0,110.0,269.0,264.0,-172.0
-481.0,1047.0,200.0,133.0,116.0,73.0,110.0,530.0,336.0,-240.0
-481.0,621.0,114.0,101.0,109.0,85.0,103.0,596.0,364.0,-290.0
-488.0,98.0,84.0,80.0,103.0,-38.0,68.0,565.0,338.0,-302.0
-493.0,-400.0,48.0,93.0,110.0,-73.0,29.0,533.0,293.0,-342.0
-495.0,-680.0,16.0,38.0,128.0,95.0,-22.0,277.0,234.0,-408.0
-506.0,-718.0,10.0,-88.0,156.0,209.0,-57.0,203.0,171.0,-432.0
-521.0,-542.0,4.0,-237.0,179.0,90.0,-34.0,49.0,109.0,-453.0
-504.0,-98.0,30.0,-391.0,181.0,-52.0,-2.0,1.0,72.0,-475.0
-495.0,529.0,33.0,-532.0,165.0,9.0,44.0,-101.0,46.0,-479.0
-482.0,1143.0,47.0,-598.0,140.0,3.0,110.0,-362.0,51.0,-443.0
-451.0,1599.0,47.0,-588.0,115.0,-66.0,144.0,-541.0,80.0,-407.0
-399.0,1824.0,25.0,-591.0,95.0,-20.0,171.0,-678.0,109.0,-403.0
-332.0,1804.0,21.0,-598.0,78.0,52.0,198.0,-506.0,164.0,-363.0
-280.0,1526.0,12.0,-564.0,57.0,85.0,199.0,-354.0,213.0,-297.0
-211.0,1009.0,-21.0,-510.0,24.0,-75.0,208.0,-177.0,276.0,-247.0
-146.0,463.0,-51.0,-442.0,-22.0,-131.0,210.0,-68.0,336.0,-203.0
-84.0,63.0,-80.0,-325.0,-82.0,-104.0,213.0,-84.0,388.0,-103.0
-33.0,-171.0,-108.0,-214.0,-142.0,-52.0,257.0,-1.0,449.0,19.0
22.0,-289.0,-110.0,-129.0,-192.0,87.0,275.0,-151.0,487.0,112.0
94.0,-397.0,-136.0,-44.0,-231.0,91.0,274.0,-168.0,529.0,236.0
155.0,-556.0,-142.0,-26.0,-250.0,9.0,295.0,-225.0,556.0,386.0
213.0,-756.0,-156.0,20.0,-250.0,-102.0,333.0,-349.0,580.0,500.0
263.0,-935.0,-185.0,89.0,-232.0,-56.0,380.0,-179.0,605.0,557.0
315.0,-1059.0,-204.0,115.0,-202.0,14.0,400.0,14.0,612.0,599.0
332.0,-1117.0,-207.0,138.0,-160.0,-83.0,355.0,206.0,612.0,620.0
334.0,-1151.0,-188.0,107.0,-96.0,-186.0,289.0,36.0,589.0,577.0
330.0,-1235.0,-210.0,68.0,-17.0,-135.0,305.0,-190.0,567.0,482.0
313.0,-1302.0,-188.0,21.0,56.0,-26.0,333.0,-303.0,554.0,378.0
313.0,-1246.0,-187.0,2.0,99.0,-35.0,356.0,-334.0,535.0,260.0
290.0,-1107.0,-201.0,-3.0,110.0,-112.0,366.0,-38.0,524.0,78.0
279.0,-917.0,-171.0,-72.0,106.0,-186.0,330.0,-49.0,497.0,-62.0
273.0,-626.0,-181.0,-168.0,102.0,-198.0,335.0,-147.0,461.0,-145.0
238.0,-218.0,-148.0,-278.0,103.0,-166.0,364.0,-234.0,430.0,-207.0
190.0,198.0,-130.0,-372.0,102.0,0.0,401.0,-319.0,385.0,-219.0
143.0,442.0,-166.0,-441.0,100.0,0.0,398.0,-177.0,343.0,-179.0
90.0,499.0,-143.0,-467.0,94.0,-126.0,331.0,-153.0,295.0,-75.0
23.0,386.0,-171.0,-496.0,78.0,-126.0,301.0,-9.0,224.0,30.0
-20.0,166.0,-194.0,-548.0,47.0,-65.0,324.0,11.0,139.0,150.0
-58.0,22.0,-183.0,-580.0,7.0,77.0,367.0,-70.0,36.0,310.0
-89.0,4.0,-194.0,-559.0,-28.0,-12.0,383.0,-123.0,-90.0,452.0
-123.0,115.0,-170.0,-501.0,-45.0,-202.0,355.0,-339.0,-230.0,543.0
-168.0,292.0,-192.0,-444.0,-39.0,-271.0,301.0,-474.0,-363.0,616.0
-204.0,432.0,-178.0,-362.0,-12.0,-158.0,294.0,-617.0,-500.0,675.0
-222.0,570.0,-191.0,-271.0,18.0,-73.0,313.0,-500.0,-630.0,675.0
-220.0,644.0,-220.0,-193.0,36.0,-167.0,345.0,-238.0,-741.0,617.0
-204.0,593.0,-201.0,-114.0,41.0,-203.0,438.0,20.0,-798.0,550.0
-185.0,532.0,-224.0,-61.0,39.0,-106.0,504.0,262.0,-816.0,488.0
-156.0,366.0,-208.0,-3.0,37.0,32.0,532.0,203.0,-814.0,386.0
-122.0,-13.0,-225.0,43.0,34.0,-49.0,500.0,134.0,-755.0,280.0
-104.0,-385.0,-215.0,60.0,27.0,-108.0,438.0,-62.0,-672.0,194.0
-78.0,-533.0,-225.0,86.0,20.0,-97.0,400.0,-70.0,-586.0,106.0
-47.0,-461.0,-235.0,73.0,15.0,-88.0,337.0,90.0,-500.0,5.0
-3.0,-243.0,-234.0,66.0,20.0,-133.0,302.0,-25.0,-411.0,-74.0
53.0,-35.0,-267.0,73.0,31.0,-257.0,317.0,-35.0,-310.0,-115.0
125.0,16.0,-249.0,72.0,38.0,-268.0,333.0,-62.0,-208.0,-145.0
207.0,-66.0,-251.0,79.0,33.0,-160.0,318.0,46.0,-108.0,-144.0
277.0,-188.0,-221.0,49.0,23.0,56.0,292.0,42.0,-22.0,-93.0
319.0,-250.0,-197.0,-3.0,17.0,4.0,279.0,-144.0,37.0,-3.0
340.0,-229.0,-192.0,6.0,11.0,-156.0,286.0,-88.0,77.0,79.0
355.0,-173.0,-175.0,24.0,0.0,-169.0,315.0,-62.0,83.0,163.0
359.0,-97.0,-153.0,38.0,-12.0,-120.0,333.0,138.0,64.0,275.0
363.0,145.0,-124.0,99.0,-14.0,-109.0,306.0,218.0,29.0,363.0
361.0,576.0,-102.0,124.0,2.0,-217.0,266.0,199.0,-24.0,403.0
351.0,939.0,-61.0,131.0,28.0,-273.0,232.0,201.0,-71.0,441.0
336.0,1128.0,-11.0,145.0,55.0,-270.0,225.0,3.0,-111.0,489.0
310.0,1144.0,23.0,172.0,79.0,-201.0,245.0,-9.0,-136.0,512.0
262.0,997.0,35.0,226.0,93.0,-209.0,208.0,42.0,-147.0,515.0
198.0,828.0,89.0,245.0,89.0,-227.0,150.0,219.0,-153.0,538.0
147.0,768.0,88.0,266.0,65.0,-267.0,105.0,338.0,-123.0,559.0
95.0,839.0,92.0,280.0,35.0,-336.0,113.0,286.0,-84.0,533.0
42.0,997.0,114.0,258.0,18.0,-306.0,174.0,221.0,-39.0,506.0
17.0,1087.0,105.0,204.0,16.0,-205.0,204.0,22.0,22.0,485.0
-15.0,906.0,127.0,132.0,14.0,-123.0,201.0,-166.0,71.0,444.0
-47.0,460.0,114.0,62.0,3.0,-291.0,174.0,-465.0,114.0,377.0
-69.0,-30.0,123.0,-65.0,-29.0,-348.0,144.0,-521.0,154.0,303.0
-99.0,-419.0,110.0,-199.0,-83.0,-226.0,137.0,-323.0,198.0,254.0
-104.0,-709.0,103.0,-275.0,-146.0,-150.0,163.0,-173.0,243.0,164.0
-114.0,-970.0,82.0,-369.0,-192.0,-178.0,152.0,18.0,300.0,44.0
-115.0,-1264.0,56.0,-448.0,-198.0,-260.0,130.0,-77.0,361.0,-38.0
-114.0,-1518.0,59.0,-446.0,-168.0,-199.0,124.0,-190.0,403.0,-110.0
-116.0,-1560.0,13.0,-425.0,-118.0,-114.0,89.0,-219.0,430.0,-202.0
-115.0,-1384.0,26.0,-434.0,-73.0,-28.0,67.0,-195.0,466.0,-251.0
-126.0,-1101.0,-11.0,-451.0,-48.0,-4.0,55.0,-25.0,475.0,-253.0
-126.0,-770.0,-41.0,-477.0,-42.0,-84.0,77.0,49.0,457.0,-258.0
-134.0,-448.0,-41.0,-510.0,-36.0,-248.0,116.0,83.0,434.0,-275.0
-119.0,-128.0,-110.0,-543.0,-16.0,-303.0,113.0,-201.0,381.0,-288.0
-105.0,206.0,-109.0,-544.0,20.0,-274.0,109.0,-497.0,332.0,-287.0
-89.0,404.0,-117.0,-553.0,65.0,-321.0,90.0,-535.0,268.0,-323.0
-76.0,384.0,-131.0,-581.0,100.0,-288.0,52.0,-404.0,193.0,-361.0
-92.0,214.0,-110.0,-572.0,118.0,-242.0,38.0,-94.0,121.0,-357.0
-99.0,-75.0,-90.0,-595.0,126.0,-182.0,33.0,-171.0,37.0,-345.0
-109.0,-406.0,-66.0,-626.0,135.0,-231.0,22.0,-336.0,-44.0,-343.0
-125.0,-634.0,-37.0,-608.0,152.0,-273.0,-15.0,-386.0,-122.0,-316.0
-149.0,-690.0,-28.0,-570.0,178.0,-214.0,-76.0,-522.0,-176.0,-224.0
-146.0,-549.0,-23.0,-522.0,204.0,-218.0,-122.0,-670.0,-225.0,-119.0
-134.0,-181.0,-23.0,-473.0,217.0,-205.0,-132.0,-783.0,-263.0,-55.0
-116.0,316.0,-46.0,-410.0,219.0,-183.0,-134.0,-445.0,-276.0,18.0
-100.0,757.0,-36.0,-336.0,202.0,-98.0,-165.0,-1.0,-302.0,119.0
-89.0,1059.0,-46.0,-252.0,166.0,-43.0,-203.0,279.0,-321.0,163.0
-77.0,1217.0,-51.0,-164.0,120.0,-25.0,-227.0,363.0,-323.0,175.0
-78.0,1270.0,-61.0,-78.0,68.0,-15.0,-215.0,31.0,-321.0,223.0
-59.0,1278.0,-75.0,8.0,15.0,-45.0,-204.0,-317.0,-298.0,264.0
-48.0,1268.0,-73.0,74.0,-35.0,-17.0,-201.0,-556.0,-262.0,270.0
-18.0,1320.0,-95.0,114.0,-69.0,15.0,-168.0,-526.0,-221.0,300.0
1.0,1488.0,-85.0,153.0,-82.0,58.0,-161.0,-478.0,-158.0,353.0
16.0,1612.0,-72.0,181.0,-83.0,48.0,-188.0,-522.0,-92.0,351.0
35.0,1542.0,-95.0,213.0,-84.0,-77.0,-189.0,-352.0,-21.0,321.0
39.0,1304.0,-93.0,249.0,-98.0,-186.0,-168.0,-219.0,52.0,321.0
50.0,947.0,-78.0,264.0,-119.0,-105.0,-163.0,42.0,89.0,324.0
50.0,525.0,-99.0,268.0,-132.0,-61.0,-174.0,214.0,99.0,303.0
75.0,112.0,-81.0,273.0,-132.0,-147.0,-205.0,131.0,90.0,288.0
105.0,-244.0,-65.0,272.0,-130.0,-146.0,-214.0,9.0,60.0,333.0
142.0,-484.0,-63.0,271.0,-125.0,-204.0,-197.0,-3.0,31.0,381.0
182.0,-565.0,-43.0,287.0,-107.0,-225.0,-206.0,238.0,0.0,395.0
211.0,-537.0,-53.0,278.0,-82.0,-212.0,-199.0,349.0,-34.0,453.0
245.0,-391.0,-62.0,242.0,-62.0,-143.0,-169.0,245.0,-60.0,548.0
286.0,-121.0,-70.0,219.0,-52.0,7.0,-135.0,-11.0,-92.0,618.0
334.0,117.0,-87.0,196.0,-45.0,-82.0,-96.0,-155.0,-118.0,659.0
376.0,181.0,-127.0,146.0,-33.0,-212.0,-81.0,-243.0,-147.0,737.0
411.0,56.0,-151.0,86.0,-19.0,-239.0,-75.0,-354.0,-153.0,829.0
454.0,-147.0,-175.0,49.0,-2.0,-191.0,-60.0,-121.0,-142.0,867.0
499.0,-241.0,-206.0,13.0,13.0,-206.0,-48.0,-27.0,-136.0,906.0
539.0,-153.0,-213.0,-14.0,26.0,-211.0,-26.0,-144.0,-111.0,949.0
594.0,20.0,-214.0,-23.0,29.0,-96.0,-4.0,-295.0,-102.0,955.0
634.0,141.0,-204.0,0.0,10.0,-109.0,1.0,-424.0,-93.0,926.0
666.0,73.0,-202.0,44.0,-14.0,-123.0,-1.0,-253.0,-80.0,894.0
679.0,-284.0,-177.0,63.0,-29.0,-93.0,-49.0,-219.0,-89.0,891.0
693.0,-859.0,-167.0,116.0,-30.0,-8.0,-101.0,-234.0,-99.0,856.0
680.0,-1395.0,-172.0,152.0,-17.0,-100.0,-114.0,-251.0,-100.0,776.0
646.0,-1720.0,-174.0,159.0,4.0,-171.0,-117.0,-345.0,-110.0,731.0
626.0,-1897.0,-183.0,170.0,29.0,11.0,-99.0,-203.0,-104.0,683.0
594.0,-1879.0,-188.0,138.0,52.0,30.0,-91.0,-188.0,-80.0,595.0
552.0,-1516.0,-209.0,113.0,66.0,-4.0,-83.0,-175.0,-73.0,493.0
486.0,-902.0,-221.0,87.0,75.0,-89.0,-65.0,-254.0,-72.0,392.0
432.0,-223.0,-259.0,62.0,79.0,-27.0,-82.0,-343.0,-80.0,279.0
371.0,346.0,-276.0,17.0,82.0,-24.0,-116.0,-286.0,-104.0,104.0
309.0,688.0,-293.0,6.0,89.0,-225.0,-151.0,-373.0,-137.0,-60.0
244.0,868.0,-335.0,41.0,99.0,-230.0,-157.0,-223.0,-197.0,-191.0
188.0,979.0,-322.0,54.0,103.0,-158.0,-144.0,-227.0,-262.0,-349.0
159.0,924.0,-349.0,70.0,98.0,-36.0,-137.0,-406.0,-322.0,-483.0
119.0,640.0,-361.0,93.0,91.0,-112.0,-124.0,-535.0,-382.0,-565.0
74.0,307.0,-342.0,111.0,96.0,-133.0,-110.0,-569.0,-410.0,-626.0
26.0,94.0,-334.0,115.0,109.0,-86.0,-126.0,-376.0,-425.0,-682.0
0.0,21.0,-300.0,138.0,115.0,-221.0,-171.0,-386.0,-420.0,-706.0
-43.0,2.0,-262.0,141.0,100.0,-250.0,-166.0,-362.0,-375.0,-667.0
-78.0,-45.0,-201.0,131.0,73.0,-177.0,-126.0,-424.0,-315.0,-632.0
-92.0,-104.0,-141.0,126.0,44.0,-80.0,-73.0,-537.0,-202.0,-606.0
-94.0,-90.0,-91.0,117.0,22.0,-181.0,0.0,-410.0,-50.0,-545.0
-92.0,34.0,-32.0,108.0,12.0,-204.0,36.0,-282.0,120.0,-463.0
-87.0,209.0,43.0,101.0,6.0,-85.0,23.0,-81.0,297.0,-392.0
-61.0,263.0,85.0,112.0,-1.0,-102.0,-7.0,-81.0,464.0,-317.0
-39.0,98.0,149.0,76.0,-14.0,-129.0,-31.0,-160.0,602.0,-189.0
-6.0,-128.0,233.0,42.0,-29.0,-152.0,-50.0,-208.0,698.0,-50.0
32.0,-327.0,272.0,32.0,-34.0,-143.0,-63.0,-413.0,766.0,65.0
86.0,-601.0,340.0,30.0,-17.0,-206.0,-62.0,-528.0,806.0,190.0
134.0,-895.0,368.0,51.0,12.0,-240.0,-49.0,-618.0,833.0,347.0
195.0,-1097.0,404.0,73.0,38.0,-210.0,-37.0,-556.0,833.0,493.0
272.0,-1195.0,419.0,108.0,43.0,-244.0,-49.0,-386.0,804.0,590.0
343.0,-1092.0,440.0,130.0,23.0,-279.0,-71.0,-216.0,764.0,707.0
416.0,-691.0,473.0,121.0,-8.0,-362.0,-90.0,-18.0,691.0,828.0
488.0,-46.0,433.0,77.0,-38.0,-243.0,-96.0,-11.0,600.0,909.0
565.0,617.0,448.0,27.0,-44.0,-72.0,-86.0,-44.0,502.0,960.0
617.0,974.0,406.0,-65.0,-19.0,-77.0,-74.0,-51.0,407.0,1025.0
651.0,953.0,322.0,-179.0,19.0,-16.0,-79.0,-35.0,318.0,1086.0
685.0,802.0,258.0,-271.0,49.0,-87.0,-121.0,-134.0,233.0,1069.0
709.0,805.0,153.0,-359.0,53.0,-120.0,-160.0,-121.0,161.0,1052.0
713.0,968.0,58.0,-419.0,32.0,-95.0,-169.0,134.0,94.0,1037.0
706.0,1034.0,-21.0,-465.0,6.0,-106.0,-148.0,123.0,36.0,967.0
679.0,872.0,-99.0,-465.0,-5.0,-62.0,-118.0,70.0,-24.0,868.0
659.0,641.0,-159.0,-435.0,1.0,-206.0,-137.0,-103.0,-90.0,782.0
610.0,504.0,-193.0,-391.0,13.0,-183.0,-134.0,-232.0,-160.0,724.0
541.0,358.0,-237.0,-295.0,19.0,-75.0,-116.0,-138.0,-241.0,633.0
490.0,88.0,-243.0,-199.0,28.0,-86.0,-107.0,-232.0,-313.0,548.0
423.0,-158.0,-237.0,-119.0,40.0,-104.0,-48.0,-155.0,-363.0,511.0
364.0,-145.0,-244.0,-48.0,53.0,-150.0,-3.0,-83.0,-389.0,468.0
289.0,78.0,-204.0,-19.0,68.0,-55.0,35.0,25.0,-411.0,387.0
224.0,363.0,-185.0,-24.0,81.0,-92.0,54.0,267.0,-439.0,310.0
167.0,662.0,-149.0,-32.0,89.0,-164.0,45.0,358.0,-463.0,245.0
112.0,826.0,-125.0,-55.0,95.0,-129.0,12.0,506.0,-488.0,136.0
63.0,758.0,-101.0,-93.0,98.0,-86.0,-46.0,533.0,-528.0,6.0
19.0,518.0,-78.0,-129.0,94.0,-41.0,-59.0,497.0,-567.0,-96.0
-8.0,148.0,-76.0,-145.0,74.0,-144.0,-60.0,230.0,-601.0,-159.0
-39.0,-231.0,-7.0,-151.0,44.0,-112.0,-48.0,-90.0,-635.0,-235.0
-46.0,-476.0,8.0,-163.0,15.0,22.0,-34.0,-158.0,-648.0,-306.0
-65.0,-618.0,55.0,-185.0,-11.0,111.0,-49.0,-375.0,-629.0,-333.0
-62.0,-716.0,109.0,-211.0,-26.0,142.0,-47.0,-373.0,-583.0,-364.0
-38.0,-726.0,116.0,-208.0,-18.0,102.0,-1.0,-275.0,-522.0,-393.0
-2.0,-563.0,152.0,-231.0,7.0,160.0,78.0,-256.0,-463.0,-390.0
36.0,-259.0,145.0,-269.0,40.0,138.0,171.0,-199.0,-393.0,-347.0
63.0,12.0,135.0,-264.0,66.0,155.0,217.0,-232.0,-313.0,-298.0
109.0,131.0,131.0,-266.0,81.0,225.0,207.0,-151.0,-248.0,-260.0
170.0,94.0,104.0,-268.0,76.0,220.0,177.0,-57.0,-187.0,-193.0
233.0,116.0,82.0,-294.0,50.0,191.0,121.0,48.0,-142.0,-146.0
280.0,371.0,70.0,-321.0,11.0,73.0,100.0,83.0,-112.0,-145.0
352.0,625.0,41.0,-319.0,-33.0,76.0,96.0,99.0,-81.0,-164.0
423.0,561.0,31.0,-331.0,-76.0,129.0,77.0,110.0,-78.0,-207.0
479.0,141.0,8.0,-323.0,-118.0,210.0,36.0,-5.0,-71.0,-273.0
528.0,-369.0,-14.0,-301.0,-160.0,290.0,-34.0,1.0,-54.0,-370.0
554.0,-667.0,-17.0,-269.0,-196.0,239.0,-79.0,-70.0,-38.0,-468.0
579.0,-670.0,-38.0,-217.0,-219.0,274.0,-113.0,-123.0,-14.0,-555.0
586.0,-423.0,-35.0,-129.0,-224.0,206.0,-108.0,-55.0,0.0,-662.0
578.0,-59.0,-22.0,-13.0,-201.0,67.0,-70.0,-62.0,17.0,-764.0
558.0,211.0,-2.0,129.0,-150.0,11.0,-32.0,-49.0,23.0,-816.0
528.0,318.0,30.0,298.0,-87.0,-87.0,-11.0,-86.0,28.0,-837.0
495.0,333.0,69.0,427.0,-36.0,-83.0,-12.0,-16.0,50.0,-830.0
471.0,268.0,81.0,523.0,-13.0,0.0,-6.0,-31.0,65.0,-785.0
438.0,213.0,98.0,592.0,-9.0,122.0,-17.0,-96.0,93.0,-701.0
395.0,336.0,115.0,617.0,-14.0,142.0,-40.0,0.0,123.0,-609.0
364.0,584.0,84.0,628.0,-23.0,20.0,-76.0,24.0,153.0,-550.0
320.0,862.0,79.0,633.0,-26.0,-52.0,-94.0,72.0,202.0,-482.0
280.0,1210.0,41.0,603.0,-9.0,-180.0,-58.0,-1.0,259.0,-410.0
244.0,1563.0,-14.0,549.0,33.0,-151.0,8.0,-33.0,307.0,-377.0
231.0,1660.0,-40.0,501.0,93.0,-2.0,50.0,-9.0,348.0,-360.0
232.0,1336.0,-97.0,471.0,148.0,10.0,68.0,-33.0,379.0,-333.0
225.0,791.0,-137.0,429.0,169.0,-12.0,61.0,40.0,383.0,-319.0
239.0,323.0,-177.0,364.0,139.0,-74.0,26.0,-53.0,380.0,-333.0
247.0,-41.0,-223.0,314.0,67.0,-27.0,3.0,-90.0,372.0,-331.0
266.0,-475.0,-263.0,245.0,-11.0,-79.0,-39.0,-192.0,373.0,-303.0
271.0,-1031.0,-289.0,166.0,-71.0,-228.0,-52.0,-304.0,412.0,-279.0
269.0,-1582.0,-289.0,96.0,-98.0,-224.0,-62.0,-256.0,432.0,-247.0
302.0,-1980.0,-288.0,35.0,-95.0,-235.0,-70.0,-249.0,444.0,-183.0
332.0,-2245.0,-262.0,6.0,-72.0,-175.0,-18.0,-160.0,469.0,-79.0
350.0,-2437.0,-237.0,-12.0,-45.0,-188.0,21.0,-203.0,467.0,19.0
362.0,-2391.0,-193.0,-8.0,-28.0,-210.0,54.0,-194.0,478.0,109.0
371.0,-2023.0,-126.0,2.0,-23.0,-226.0,62.0,-175.0,480.0,222.0
377.0,-1456.0,-70.0,24.0,-16.0,-427.0,57.0,-203.0,467.0,318.0
395.0,-904.0,-13.0,69.0,-6.0,-461.0,69.0,-62.0,475.0,371.0
406.0,-561.0,45.0,97.0,2.0,-441.0,50.0,-20.0,484.0,426.0
410.0,-420.0,93.0,141.0,14.0,-430.0,26.0,107.0,489.0,509.0
413.0,-370.0,153.0,167.0,30.0,-402.0,31.0,88.0,470.0,580.0
416.0,-343.0,232.0,153.0,50.0,-417.0,43.0,-51.0,413.0,630.0
422.0,-270.0,279.0,148.0,65.0,-237.0,63.0,-66.0,322.0,694.0
421.0,-32.0,336.0,161.0,69.0,-175.0,91.0,-249.0,219.0,744.0
429.0,372.0,378.0,146.0,52.0,-244.0,95.0,-334.0,111.0,770.0
443.0,783.0,381.0,97.0,16.0,-242.0,65.0,-417.0,0.0,811.0
451.0,1026.0,416.0,63.0,-23.0,-265.0,43.0,-423.0,-95.0,884.0
448.0,1087.0,433.0,17.0,-63.0,-174.0,59.0,-279.0,-196.0,955.0
456.0,1071.0,439.0,-56.0,-105.0,-154.0,96.0,-258.0,-282.0,985.0
465.0,945.0,435.0,-107.0,-151.0,-243.0,116.0,-160.0,-334.0,1006.0
473.0,638.0,401.0,-124.0,-195.0,-344.0,99.0,-84.0,-371.0,1023.0
482.0,262.0,357.0,-145.0,-229.0,-479.0,45.0,84.0,-393.0,1008.0
472.0,-13.0,310.0,-182.0,-234.0,-370.0,3.0,136.0,-406.0,993.0
463.0,-171.0,246.0,-218.0,-206.0,-247.0,-24.0,42.0,-411.0,1008.0
451.0,-245.0,174.0,-242.0,-156.0,-321.0,-75.0,101.0,-405.0,1075.0
426.0,-296.0,103.0,-237.0,-93.0,-326.0,-98.0,-36.0,-364.0,1141.0
386.0,-360.0,-5.0,-233.0,-35.0,-256.0,-71.0,-112.0,-299.0,1203.0
327.0,-335.0,-94.0,-200.0,14.0,-162.0,-4.0,-168.0,-225.0,1272.0
275.0,-140.0,-180.0,-129.0,67.0,-277.0,31.0,-223.0,-165.0,1286.0
227.0,182.0,-287.0,-51.0,125.0,-419.0,40.0,-169.0,-125.0,1265.0
170.0,502.0,-330.0,45.0,181.0,-229.0,43.0,-194.0,-86.0,1240.0
117.0,744.0,-379.0,116.0,220.0,-80.0,24.0,-149.0,-53.0,1212.0
66.0,961.0,-447.0,183.0,237.0,-80.0,34.0,-175.0,-28.0,1140.0
30.0,1233.0,-437.0,256.0,237.0,-156.0,33.0,-14.0,-22.0,1047.0
-10.0,1512.0,-414.0,283.0,225.0,-213.0,57.0,151.0,-30.0,948.0
-40.0,1663.0,-404.0,290.0,195.0,-144.0,88.0,201.0,-60.0,823.0
-45.0,1694.0,-360.0,292.0,158.0,-216.0,76.0,212.0,-114.0,688.0
-67.0,1622.0,-341.0,280.0,138.0,-287.0,39.0,5.0,-189.0,519.0
-71.0,1356.0,-323.0,259.0,134.0,-291.0,-4.0,5.0,-265.0,364.0
-77.0,917.0,-309.0,212.0,129.0,-392.0,-22.0,-64.0,-347.0,185.0
-80.0,443.0,-231.0,154.0,126.0,-321.0,-40.0,-110.0,-407.0,-20.0
-55.0,32.0,-140.0,119.0,130.0,-180.0,-36.0,-35.0,-407.0,-190.0
-31.0,-316.0,-93.0,55.0,140.0,-166.0,-28.0,-127.0,-377.0,-339.0
-24.0,-629.0,11.0,1.0,144.0,-219.0,-35.0,-118.0,-306.0,-467.0
-15.0,-912.0,74.0,-13.0,126.0,-294.0,-49.0,-169.0,-221.0,-587.0
0.0,-1111.0,82.0,-22.0,85.0,-194.0,-62.0,-179.0,-123.0,-675.0
-8.0,-1081.0,112.0,6.0,30.0,-177.0,-35.0,-254.0,0.0,-780.0
-15.0,-824.0,140.0,32.0,-23.0,-375.0,-19.0,-321.0,126.0,-919.0
-26.0,-474.0,144.0,52.0,-71.0,-425.0,-21.0,-253.0,249.0,-1036.0
-24.0,-34.0,203.0,59.0,-108.0,-390.0,-52.0,-212.0,343.0,-1137.0
-1.0,470.0,274.0,-6.0,-137.0,-352.0,-93.0,1.0,425.0,-1242.0
23.0,935.0,295.0,-57.0,-164.0,-242.0,-107.0,29.0,478.0,-1352.0
59.0,1299.0,299.0,-93.0,-190.0,-146.0,-144.0,59.0,505.0,-1443.0
87.0,1502.0,262.0,-141.0,-205.0,-100.0,-190.0,101.0,506.0,-1543.0
116.0,1505.0,249.0,-137.0,-197.0,-139.0,-225.0,-81.0,464.0,-1631.0
138.0,1359.0,248.0,-92.0,-175.0,-228.0,-249.0,38.0,421.0,-1687.0
178.0,1127.0,300.0,-27.0,-149.0,-194.0,-251.0,88.0,375.0,-1703.0
208.0,808.0,361.0,57.0,-122.0,-167.0,-246.0,36.0,332.0,-1670.0
240.0,452.0,309.0,133.0,-99.0,-248.0,-199.0,116.0,299.0,-1626.0
274.0,142.0,300.0,191.0,-84.0,-261.0,-165.0,24.0,248.0,-1534.0
291.0,-116.0,291.0,239.0,-77.0,-273.0,-159.0,-92.0,191.0,-1409.0
305.0,-334.0,170.0,262.0,-67.0,-323.0,-138.0,-131.0,144.0,-1284.0
299.0,-532.0,133.0,267.0,-45.0,-305.0,-118.0,-11.0,111.0,-1156.0
300.0,-720.0,200.0,248.0,-15.0,-270.0,-74.0,84.0,68.0,-1017.0
291.0,-849.0,179.0,221.0,13.0,-198.0,-42.0,97.0,9.0,-856.0
301.0,-852.0,105.0,204.0,34.0,-160.0,-70.0,36.0,-38.0,-722.0
305.0,-729.0,121.0,135.0,53.0,-155.0,-130.0,-110.0,-68.0,-583.0
299.0,-532.0,132.0,61.0,75.0,-77.0,-190.0,5.0,-82.0,-423.0
307.0,-344.0,54.0,11.0,94.0,-106.0,-202.0,153.0,-87.0,-287.0
303.0,-309.0,56.0,-42.0,112.0,-171.0,-169.0,306.0,-100.0,-175.0
304.0,-568.0,128.0,-63.0,134.0,-162.0,-163.0,351.0,-115.0,-64.0
296.0,-1033.0,81.0,-59.0,151.0,-150.0,-182.0,240.0,-121.0,46.0
303.0,-1450.0,43.0,-33.0,151.0,-131.0,-172.0,199.0,-121.0,116.0
303.0,-1792.0,139.0,9.0,129.0,-92.0,-149.0,49.0,-100.0,183.0
299.0,-2099.0,107.0,51.0,93.0,18.0,-123.0,103.0,-72.0,267.0
292.0,-2254.0,30.0,90.0,55.0,45.0,-89.0,105.0,-44.0,336.0
281.0,-2093.0,83.0,76.0,25.0,-123.0,-83.0,35.0,-10.0,381.0
272.0,-1619.0,91.0,38.0,8.0,-189.0,-101.0,55.0,42.0,438.0
250.0,-1039.0,75.0,1.0,-1.0,-62.0,-132.0,-59.0,106.0,507.0
223.0,-503.0,115.0,-38.0,-20.0,-70.0,-185.0,86.0,159.0,546.0
172.0,-34.0,190.0,-60.0,-56.0,-154.0,-215.0,112.0,221.0,562.0
129.0,408.0,190.0,-95.0,-104.0,-200.0,-200.0,107.0,287.0,566.0
89.0,743.0,193.0,-126.0,-147.0,-178.0,-162.0,219.0,367.0,566.0
45.0,849.0,252.0,-124.0,-174.0,-56.0,-155.0,218.0,435.0,519.0
21.0,796.0,228.0,-121.0,-183.0,-102.0,-188.0,365.0,464.0,463.0
10.0,652.0,215.0,-69.0,-170.0,-137.0,-215.0,397.0,487.0,436.0
2.0,329.0,274.0,39.0,-137.0,-47.0,-223.0,436.0,503.0,418.0
-5.0,-140.0,274.0,155.0,-105.0,-40.0,-180.0,354.0,512.0,415.0
-21.0,-575.0,203.0,270.0,-86.0,-4.0,-130.0,223.0,499.0,416.0
-37.0,-888.0,216.0,378.0,-69.0,12.0,-171.0,225.0,464.0,468.0
-51.0,-1068.0,202.0,512.0,-33.0,-37.0,-216.0,81.0,417.0,529.0
-61.0,-1137.0,156.0,603.0,21.0,-109.0,-215.0,77.0,358.0,578.0
-53.0,-1057.0,169.0,662.0,87.0,-233.0,-216.0,66.0,290.0,655.0
-31.0,-738.0,168.0,716.0,163.0,-248.0,-213.0,99.0,207.0,731.0
6.0,-191.0,140.0,720.0,240.0,-181.0,-213.0,109.0,103.0,772.0
38.0,449.0,50.0,703.0,292.0,-233.0,-236.0,44.0,-10.0,771.0
68.0,1049.0,-4.0,630.0,304.0,-252.0,-261.0,29.0,-98.0,753.0
91.0,1558.0,-72.0,505.0,295.0,-217.0,-241.0,-168.0,-159.0,696.0
108.0,1873.0,-163.0,377.0,283.0,-267.0,-215.0,-181.0,-194.0,601.0
117.0,1912.0,-200.0,270.0,258.0,-233.0,-223.0,-236.0,-221.0,501.0
110.0,1819.0,-269.0,162.0,225.0,-212.0,-230.0,-256.0,-250.0,407.0
112.0,1817.0,-336.0,86.0,199.0,-265.0,-225.0,-86.0,-284.0,305.0
93.0,1914.0,-408.0,32.0,191.0,-297.0,-188.0,-36.0,-331.0,173.0
75.0,1959.0,-451.0,-23.0,184.0,-414.0,-150.0,153.0,-379.0,52.0
64.0,1849.0,-492.0,-15.0,166.0,-387.0,-162.0,60.0,-442.0,-55.0
46.0,1556.0,-563.0,1.0,144.0,-304.0,-193.0,-177.0,-508.0,-176.0
24.0,1209.0,-570.0,19.0,124.0,-390.0,-158.0,-343.0,-562.0,-283.0
-17.0,941.0,-609.0,74.0,100.0,-392.0,-100.0,-428.0,-605.0,-366.0
-63.0,678.0,-655.0,139.0,75.0,-331.0,-124.0,-225.0,-630.0,-448.0
-129.0,368.0,-651.0,197.0,61.0,-345.0,-165.0,-121.0,-672.0,-541.0
-204.0,56.0,-683.0,232.0,51.0,-373.0,-194.0,33.0,-726.0,-604.0
-282.0,-215.0,-696.0,258.0,31.0,-369.0,-211.0,-1.0,-783.0,-647.0
-336.0,-423.0,-664.0,275.0,-7.0,-411.0,-155.0,-84.0,-828.0,-672.0
-377.0,-558.0,-636.0,279.0,-55.0,-487.0,-77.0,-7.0,-839.0,-679.0
-412.0,-630.0,-606.0,251.0,-95.0,-538.0,-47.0,-51.0,-818.0,-670.0
-455.0,-680.0,-540.0,217.0,-138.0,-488.0,-28.0,125.0,-766.0,-629.0
-485.0,-760.0,-455.0,183.0,-184.0,-317.0,-21.0,151.0,-689.0,-621.0
-497.0,-897.0,-405.0,121.0,-225.0,-338.0,-84.0,77.0,-603.0,-627.0
-536.0,-1043.0,-319.0,60.0,-267.0,-379.0,-143.0,90.0,-515.0,-606.0
-556.0,-1197.0,-226.0,-6.0,-310.0,-292.0,-147.0,35.0,-432.0,-595.0
-579.0,-1429.0,-169.0,-103.0,-343.0,-332.0,-84.0,35.0,-365.0,-586.0
-592.0,-1674.0,-73.0,-212.0,-350.0,-357.0,5.0,-79.0,-300.0,-549.0
-596.0,-1802.0,6.0,-311.0,-332.0,-363.0,34.0,-62.0,-243.0,-498.0
-603.0,-1830.0,83.0,-405.0,-299.0,-309.0,6.0,-48.0,-180.0,-478.0
-599.0,-1835.0,139.0,-462.0,-260.0,-233.0,-53.0,18.0,-92.0,-506.0
-607.0,-1834.0,158.0,-504.0,-215.0,-320.0,-53.0,238.0,-21.0,-548.0
-606.0,-1774.0,191.0,-527.0,-157.0,-363.0,-9.0,195.0,57.0,-607.0
-595.0,-1588.0,164.0,-488.0,-86.0,-308.0,-7.0,155.0,130.0,-687.0
-569.0,-1306.0,161.0,-451.0,-19.0,-350.0,-63.0,18.0,198.0,-748.0
-536.0,-1066.0,178.0,-429.0,29.0,-463.0,-138.0,-81.0,253.0,-777.0
-487.0,-946.0,182.0,-414.0,58.0,-431.0,-129.0,-83.0,292.0,-780.0
-413.0,-809.0,236.0,-401.0,75.0,-390.0,-69.0,-192.0,336.0,-786.0
-327.0,-535.0,263.0,-384.0,86.0,-345.0,-26.0,-177.0,352.0,-780.0
-227.0,-135.0,331.0,-357.0,83.0,-309.0,-42.0,-234.0,358.0,-734.0
-125.0,396.0,396.0,-321.0,65.0,-469.0,-73.0,-168.0,359.0,-690.0
-22.0,934.0,444.0,-282.0,44.0,-438.0,-66.0,-99.0,348.0,-610.0
64.0,1290.0,527.0,-249.0,29.0,-327.0,-89.0,-5.0,325.0,-473.0
144.0,1435.0,594.0,-226.0,17.0,-352.0,-131.0,138.0,305.0,-323.0
216.0,1433.0,671.0,-192.0,-4.0,-252.0,-143.0,114.0,296.0,-188.0
282.0,1366.0,714.0,-153.0,-41.0,-140.0,-93.0,234.0,302.0,-74.0
337.0,1326.0,755.0,-87.0,-91.0,-125.0,-52.0,35.0,332.0,37.0
384.0,1337.0,799.0,-2.0,-147.0,-77.0,-56.0,-96.0,362.0,88.0
446.0,1344.0,800.0,86.0,-196.0,-100.0,-38.0,-53.0,409.0,94.0
489.0,1366.0,793.0,169.0,-222.0,-265.0,-35.0,-212.0,456.0,118.0
512.0,1389.0,774.0,213.0,-227.0,-184.0,-63.0,-99.0,490.0,131.0
520.0,1285.0,710.0,258.0,-211.0,-76.0,-94.0,-147.0,524.0,122.0
491.0,1037.0,682.0,267.0,-174.0,-131.0,-70.0,-258.0,524.0,112.0
463.0,760.0,663.0,243.0,-133.0,-18.0,-2.0,-262.0,515.0,127.0
418.0,506.0,585.0,232.0,-100.0,43.0,34.0,-308.0,490.0,122.0
360.0,264.0,523.0,193.0,-75.0,26.0,49.0,-230.0,445.0,87.0
307.0,78.0,490.0,139.0,-58.0,-28.0,45.0,-162.0,410.0,83.0
233.0,-12.0,472.0,86.0,-49.0,-171.0,58.0,-9.0,362.0,131.0
171.0,-13.0,426.0,68.0,-52.0,-123.0,70.0,24.0,279.0,174.0
104.0,17.0,396.0,71.0,-70.0,16.0,35.0,29.0,181.0,187.0
30.0,40.0,353.0,73.0,-104.0,-52.0,-10.0,51.0,83.0,249.0
-19.0,74.0,340.0,107.0,-150.0,-60.0,-41.0,-27.0,-15.0,286.0
-67.0,104.0,343.0,146.0,-196.0,41.0,-16.0,0.0,-123.0,264.0
-89.0,103.0,295.0,174.0,-221.0,-2.0,32.0,-75.0,-222.0,242.0
-101.0,42.0,318.0,181.0,-217.0,12.0,76.0,-3.0,-299.0,211.0
-103.0,-100.0,308.0,193.0,-198.0,-10.0,79.0,116.0,-355.0,153.0
-79.0,-390.0,325.0,190.0,-181.0,-28.0,46.0,48.0,-384.0,55.0
-59.0,-838.0,282.0,165.0,-161.0,119.0,45.0,25.0,-391.0,-4.0
-25.0,-1350.0,264.0,159.0,-126.0,102.0,31.0,-94.0,-399.0,-39.0
-2.0,-1851.0,295.0,155.0,-69.0,68.0,26.0,-149.0,-389.0,-83.0
18.0,-2254.0,206.0,166.0,0.0,123.0,43.0,-168.0,-339.0,-119.0
29.0,-2444.0,196.0,179.0,60.0,-23.0,60.0,-153.0,-268.0,-138.0
10.0,-2353.0,174.0,203.0,101.0,-132.0,79.0,3.0,-162.0,-122.0
-7.0,-2043.0,124.0,248.0,138.0,5.0,60.0,151.0,-33.0,-135.0
-34.0,-1632.0,68.0,301.0,181.0,100.0,43.0,254.0,74.0,-135.0
-47.0,-1201.0,88.0,341.0,214.0,97.0,80.0,243.0,188.0,-116.0
-57.0,-832.0,61.0,336.0,222.0,73.0,127.0,240.0,312.0,-146.0
-80.0,-593.0,-7.0,325.0,210.0,68.0,137.0,142.0,428.0,-196.0
-93.0,-497.0,-32.0,309.0,198.0,123.0,99.0,29.0,528.0,-251.0
-86.0,-423.0,-68.0,308.0,201.0,110.0,52.0,-20.0,602.0,-317.0
-98.0,-202.0,-62.0,314.0,222.0,6.0,53.0,-120.0,649.0,-400.0
-149.0,228.0,-124.0,287.0,250.0,-66.0,102.0,-94.0,676.0,-473.0
-197.0,828.0,-142.0,264.0,278.0,-60.0,183.0,-182.0,690.0,-497.0
-241.0,1461.0,-209.0,242.0,302.0,-85.0,215.0,-219.0,684.0,-505.0
-293.0,1948.0,-257.0,207.0,307.0,-102.0,199.0,-190.0,645.0,-520.0
-341.0,2230.0,-278.0,155.0,286.0,-103.0,188.0,-321.0,577.0,-506.0
-380.0,2374.0,-297.0,97.0,243.0,-193.0,186.0,-216.0,473.0,-460.0
-408.0,2413.0,-321.0,78.0,191.0,-159.0,237.0,-160.0,352.0,-411.0
-429.0,2316.0,-363.0,72.0,138.0,-45.0,258.0,-66.0,231.0,-363.0
-443.0,2125.0,-342.0,58.0,82.0,-75.0,232.0,107.0,109.0,-296.0
-464.0,1855.0,-420.0,92.0,28.0,-57.0,191.0,138.0,-16.0,-223.0
-502.0,1421.0,-431.0,136.0,-14.0,22.0,168.0,214.0,-156.0,-166.0
-511.0,867.0,-453.0,185.0,-32.0,41.0,166.0,155.0,-294.0,-120.0
-520.0,420.0,-464.0,259.0,-26.0,-2.0,140.0,125.0,-413.0,-67.0
-527.0,224.0,-484.0,334.0,-13.0,-186.0,135.0,1.0,-488.0,-63.0
-514.0,178.0,-512.0,401.0,2.0,-295.0,171.0,-40.0,-520.0,-101.0
-502.0,136.0,-473.0,427.0,22.0,-216.0,214.0,-22.0,-529.0,-133.0
-459.0,43.0,-503.0,434.0,46.0,-167.0,201.0,-162.0,-490.0,-180.0
-419.0,-92.0,-466.0,389.0,74.0,-148.0,138.0,-90.0,-411.0,-224.0
-365.0,-246.0,-490.0,307.0,96.0,-140.0,66.0,-173.0,-309.0,-299.0
-316.0,-394.0,-475.0,217.0,102.0,-226.0,30.0,-227.0,-177.0,-371.0
-287.0,-491.0,-438.0,127.0,92.0,-396.0,26.0,-230.0,-42.0,-442.0
-248.0,-583.0,-439.0,48.0,74.0,-406.0,-4.0,-256.0,93.0,-544.0
-227.0,-696.0,-377.0,-6.0,61.0,-229.0,-42.0,-158.0,231.0,-615.0
-202.0,-778.0,-365.0,-24.0,52.0,-196.0,-78.0,-208.0,352.0,-676.0
-175.0,-826.0,-339.0,-62.0,42.0,-154.0,-104.0,-145.0,468.0,-713.0
-141.0,-850.0,-282.0,-55.0,22.0,2.0,-114.0,-177.0,568.0,-737.0
-97.0,-838.0,-254.0,-45.0,-6.0,39.0,-121.0,-140.0,637.0,-746.0
-59.0,-766.0,-247.0,-45.0,-40.0,0.0,-127.0,-27.0,669.0,-723.0
-43.0,-612.0,-247.0,-20.0,-76.0,-72.0,-127.0,-42.0,656.0,-715.0
-21.0,-352.0,-261.0,-32.0,-108.0,-15.0,-109.0,94.0,613.0,-706.0
-2.0,-107.0,-252.0,-27.0,-130.0,212.0,-117.0,-7.0,557.0,-673.0
-13.0,-29.0,-241.0,-31.0,-143.0,262.0,-154.0,-112.0,492.0,-646.0
-15.0,-105.0,-225.0,-57.0,-156.0,158.0,-207.0,-90.0,411.0,-648.0
-14.0,-275.0,-194.0,-59.0,-169.0,181.0,-284.0,-57.0,312.0,-652.0
-14.0,-507.0,-174.0,-57.0,-181.0,209.0,-300.0,66.0,193.0,-638.0
-21.0,-727.0,-143.0,-45.0,-194.0,156.0,-307.0,3.0,67.0,-640.0
-31.0,-805.0,-93.0,-28.0,-205.0,258.0,-343.0,-25.0,-44.0,-675.0
-45.0,-731.0,-66.0,-6.0,-216.0,419.0,-370.0,-107.0,-150.0,-708.0
-64.0,-594.0,-3.0,5.0,-226.0,442.0,-411.0,-131.0,-232.0,-758.0
-100.0,-452.0,97.0,14.0,-228.0,440.0,-424.0,-81.0,-289.0,-833.0
-145.0,-326.0,119.0,31.0,-211.0,452.0,-438.0,-192.0,-332.0,-897.0
-167.0,-202.0,199.0,34.0,-178.0,364.0,-470.0,-221.0,-350.0,-941.0
-205.0,-79.0,257.0,62.0,-137.0,288.0,-498.0,-327.0,-351.0,-958.0
-237.0,69.0,278.0,87.0,-101.0,300.0,-528.0,-240.0,-337.0,-958.0
-252.0,259.0,353.0,83.0,-68.0,272.0,-565.0,-123.0,-327.0,-931.0
-264.0,352.0,353.0,73.0,-37.0,307.0,-587.0,-62.0,-302.0,-868.0
-265.0,133.0,376.0,48.0,-15.0,383.0,-581.0,84.0,-251.0,-771.0
-264.0,-336.0,397.0,0.0,-12.0,473.0,-567.0,31.0,-182.0,-657.0
-249.0,-750.0,374.0,-93.0,-28.0,567.0,-523.0,205.0,-111.0,-509.0
-240.0,-828.0,392.0,-221.0,-51.0,453.0,-495.0,301.0,-45.0,-342.0
-220.0,-455.0,398.0,-348.0,-76.0,358.0,-507.0,354.0,27.0,-202.0
-186.0,161.0,375.0,-460.0,-100.0,436.0,-538.0,421.0,66.0,-69.0
-154.0,648.0,349.0,-567.0,-117.0,469.0,-567.0,282.0,82.0,77.0
-128.0,862.0,350.0,-653.0,-131.0,409.0,-598.0,312.0,85.0,231.0
-106.0,859.0,329.0,-709.0,-149.0,353.0,-641.0,223.0,60.0,377.0
-88.0,678.0,303.0,-712.0,-175.0,372.0,-646.0,205.0,24.0,515.0
-91.0,421.0,294.0,-678.0,-202.0,379.0,-629.0,103.0,-19.0,661.0
-88.0,247.0,282.0,-632.0,-228.0,390.0,-613.0,-42.0,-60.0,793.0
-90.0,243.0,271.0,-583.0,-251.0,417.0,-582.0,-7.0,-93.0,869.0
-98.0,461.0,267.0,-517.0,-261.0,415.0,-532.0,-212.0,-126.0,935.0
-105.0,805.0,276.0,-415.0,-245.0,465.0,-484.0,-121.0,-165.0,970.0
-134.0,1063.0,277.0,-308.0,-200.0,473.0,-459.0,-57.0,-203.0,939.0
-163.0,1098.0,313.0,-169.0,-146.0,524.0,-459.0,-101.0,-234.0,895.0
-178.0,934.0,334.0,-27.0,-98.0,578.0,-469.0,44.0,-260.0,823.0
-197.0,701.0,367.0,65.0,-65.0,461.0,-461.0,-7.0,-278.0,748.0
-219.0,561.0,402.0,179.0,-34.0,419.0,-443.0,40.0,-277.0,678.0
-230.0,681.0,428.0,322.0,2.0,389.0,-431.0,-27.0,-256.0,619.0
-238.0,973.0,471.0,438.0,47.0,287.0,-403.0,-59.0,-210.0,600.0
-246.0,1136.0,494.0,545.0,98.0,267.0,-375.0,27.0,-147.0,591.0
-259.0,1003.0,556.0,627.0,144.0,313.0,-353.0,-22.0,-68.0,573.0
-275.0,567.0,576.0,674.0,181.0,379.0,-335.0,-18.0,14.0,556.0
-288.0,-54.0,617.0,692.0,203.0,423.0,-317.0,-182.0,81.0,560.0
-299.0,-709.0,654.0,685.0,208.0,363.0,-285.0,-290.0,156.0,530.0
-295.0,-1299.0,662.0,670.0,197.0,298.0,-265.0,-423.0,226.0,463.0
-298.0,-1748.0,698.0,631.0,181.0,385.0,-278.0,-502.0,294.0,400.0
-306.0,-2071.0,701.0,591.0,162.0,419.0,-298.0,-424.0,354.0,312.0
-294.0,-2352.0,720.0,560.0,139.0,366.0,-314.0,-504.0,398.0,197.0
-270.0,-2472.0,702.0,550.0,110.0,358.0,-308.0,-482.0,431.0,66.0
-248.0,-2154.0,695.0,540.0,76.0,367.0,-264.0,-559.0,450.0,-57.0
-232.0,-1429.0,666.0,534.0,51.0,394.0,-254.0,-618.0,462.0,-181.0
-229.0,-560.0,615.0,550.0,42.0,488.0,-258.0,-594.0,464.0,-299.0
-237.0,276.0,565.0,562.0,51.0,554.0,-242.0,-543.0,455.0,-392.0
-271.0,979.0,478.0,549.0,69.0,457.0,-204.0,-347.0,432.0,-437.0
-294.0,1445.0,416.0,519.0,88.0,407.0,-155.0,-230.0,423.0,-471.0
-315.0,1646.0,327.0,480.0,100.0,434.0,-126.0,-16.0,419.0,-515.0
-353.0,1720.0,245.0,412.0,97.0,403.0,-137.0,36.0,425.0,-531.0
-385.0,1693.0,156.0,330.0,89.0,396.0,-233.0,73.0,443.0,-575.0
-433.0,1417.0,52.0,247.0,88.0,415.0,-294.0,206.0,452.0,-663.0
-466.0,867.0,-24.0,171.0,78.0,369.0,-308.0,181.0,463.0,-741.0
-497.0,169.0,-100.0,86.0,40.0,344.0,-309.0,264.0,463.0,-816.0
-525.0,-492.0,-188.0,30.0,-10.0,371.0,-310.0,223.0,462.0,-911.0
-538.0,-932.0,-256.0,12.0,-42.0,357.0,-330.0,277.0,441.0,-993.0
-535.0,-1100.0,-284.0,-8.0,-36.0,440.0,-320.0,408.0,400.0,-1062.0
-519.0,-993.0,-316.0,-24.0,3.0,509.0,-297.0,441.0,356.0,-1127.0
-497.0,-612.0,-345.0,-46.0,62.0,415.0,-235.0,559.0,329.0,-1180.0
-459.0,-133.0,-342.0,-69.0,126.0,340.0,-186.0,439.0,335.0,-1237.0
-429.0,324.0,-333.0,-110.0,181.0,363.0,-174.0,267.0,353.0,-1249.0
-381.0,799.0,-328.0,-155.0,210.0,375.0,-180.0,31.0,382.0,-1232.0
-345.0,1263.0,-314.0,-186.0,209.0,355.0,-220.0,-134.0,402.0,-1208.0
-313.0,1613.0,-330.0,-246.0,187.0,388.0,-241.0,-158.0,420.0,-1139.0
-299.0,1807.0,-311.0,-312.0,151.0,416.0,-244.0,-251.0,439.0,-1021.0
-293.0,1865.0,-327.0,-341.0,103.0,413.0,-243.0,-168.0,458.0,-898.0
-266.0,1756.0,-354.0,-377.0,50.0,433.0,-244.0,-151.0,465.0,-794.0
-244.0,1450.0,-336.0,-441.0,0.0,450.0,-246.0,-60.0,441.0,-660.0
-203.0,969.0,-356.0,-460.0,-42.0,474.0,-224.0,25.0,383.0,-523.0
-161.0,364.0,-353.0,-487.0,-82.0,470.0,-195.0,-7.0,302.0,-435.0
-105.0,-292.0,-359.0,-531.0,-121.0,344.0,-144.0,153.0,194.0,-363.0
-59.0,-872.0,-363.0,-527.0,-145.0,315.0,-82.0,267.0,53.0,-286.0
-8.0,-1287.0,-381.0,-522.0,-148.0,447.0,-43.0,332.0,-98.0,-247.0
58.0,-1530.0,-382.0,-533.0,-131.0,421.0,-9.0,242.0,-256.0,-262.0
116.0,-1555.0,-376.0,-536.0,-99.0,365.0,-18.0,214.0,-414.0,-277.0
187.0,-1361.0,-378.0,-520.0,-61.0,419.0,-54.0,229.0,-555.0,-284.0
258.0,-1050.0,-343.0,-502.0,-33.0,457.0,-84.0,73.0,-682.0,-292.0
307.0,-742.0,-339.0,-480.0,-25.0,506.0,-82.0,94.0,-791.0,-281.0
356.0,-518.0,-287.0,-441.0,-33.0,502.0,-51.0,12.0,-889.0,-236.0
388.0,-403.0,-258.0,-397.0,-50.0,475.0,-22.0,22.0,-956.0,-172.0
400.0,-441.0,-216.0,-351.0,-68.0,490.0,12.0,110.0,-985.0,-112.0
422.0,-671.0,-140.0,-280.0,-80.0,490.0,24.0,94.0,-973.0,-59.0
418.0,-1057.0,-124.0,-221.0,-77.0,475.0,46.0,168.0,-918.0,8.0
398.0,-1476.0,-33.0,-194.0,-55.0,452.0,79.0,18.0,-826.0,44.0
377.0,-1805.0,11.0,-186.0,-22.0,465.0,88.0,-18.0,-700.0,33.0
362.0,-1998.0,65.0,-195.0,13.0,479.0,91.0,40.0,-555.0,49.0
341.0,-1991.0,161.0,-197.0,49.0,416.0,99.0,55.0,-397.0,66.0
319.0,-1716.0,209.0,-198.0,83.0,339.0,124.0,81.0,-249.0,53.0
305.0,-1214.0,311.0,-193.0,106.0,318.0,148.0,35.0,-108.0,54.0
277.0,-597.0,364.0,-195.0,109.0,410.0,176.0,195.0,22.0,72.0
242.0,0.0,408.0,-194.0,95.0,523.0,204.0,194.0,109.0,101.0
204.0,510.0,462.0,-184.0,75.0,518.0,207.0,175.0,150.0,132.0
169.0,960.0,490.0,-155.0,52.0,514.0,183.0,218.0,166.0,178.0
127.0,1337.0,516.0,-93.0,20.0,563.0,148.0,142.0,168.0,243.0
91.0,1492.0,512.0,-12.0,-16.0,562.0,155.0,162.0,158.0,285.0
50.0,1335.0,511.0,69.0,-50.0,465.0,154.0,105.0,128.0,303.0
5.0,1012.0,487.0,140.0,-84.0,460.0,118.0,149.0,69.0,310.0
-30.0,708.0,478.0,208.0,-112.0,559.0,87.0,151.0,-6.0,308.0
-69.0,535.0,441.0,238.0,-129.0,517.0,76.0,133.0,-107.0,261.0
-121.0,502.0,427.0,285.0,-139.0,431.0,126.0,157.0,-224.0,181.0
-163.0,542.0,425.0,319.0,-142.0,426.0,191.0,-12.0,-348.0,108.0
-206.0,607.0,377.0,312.0,-131.0,530.0,216.0,31.0,-471.0,25.0
-265.0,673.0,392.0,302.0,-109.0,675.0,211.0,60.0,-573.0,-50.0
-318.0,666.0,367.0,263.0,-84.0,688.0,214.0,114.0,-657.0,-107.0
-384.0,448.0,338.0,240.0,-56.0,665.0,213.0,240.0,-712.0,-102.0
-431.0,62.0,338.0,242.0,-26.0,641.0,172.0,162.0,-726.0,-71.0
-484.0,-347.0,302.0,248.0,-4.0,603.0,108.0,242.0,-704.0,-34.0
-530.0,-729.0,292.0,255.0,10.0,602.0,86.0,253.0,-652.0,32.0
-566.0,-994.0,273.0,288.0,33.0,619.0,107.0,240.0,-568.0,97.0
-604.0,-972.0,260.0,304.0,75.0,559.0,123.0,277.0,-449.0,151.0
-632.0,-644.0,234.0,318.0,136.0,427.0,138.0,242.0,-305.0,145.0
-677.0,-195.0,217.0,343.0,200.0,490.0,128.0,199.0,-130.0,139.0
-703.0,173.0,201.0,348.0,239.0,629.0,122.0,134.0,43.0,119.0
-729.0,326.0,152.0,351.0,243.0,558.0,117.0,251.0,197.0,50.0
-734.0,322.0,147.0,323.0,222.0,415.0,76.0,247.0,342.0,-11.0
-733.0,396.0,107.0,287.0,190.0,422.0,41.0,336.0,466.0,-84.0
-721.0,699.0,62.0,234.0,159.0,525.0,20.0,428.0,569.0,-163.0
-686.0,1110.0,31.0,159.0,130.0,565.0,26.0,413.0,654.0,-271.0
-653.0,1470.0,-20.0,88.0,96.0,571.0,23.0,606.0,715.0,-359.0
-600.0,1738.0,-73.0,8.0,54.0,646.0,-2.0,600.0,771.0,-422.0
-551.0,1837.0,-131.0,-59.0,4.0,770.0,0.0,646.0,837.0,-485.0
-497.0,1731.0,-179.0,-107.0,-44.0,693.0,8.0,589.0,884.0,-505.0
-448.0,1517.0,-240.0,-145.0,-89.0,559.0,0.0,460.0,928.0,-490.0
-394.0,1286.0,-267.0,-160.0,-140.0,606.0,-57.0,371.0,953.0,-441.0
-336.0,1023.0,-310.0,-145.0,-200.0,637.0,-143.0,99.0,950.0,-383.0
-290.0,682.0,-349.0,-103.0,-270.0,625.0,-188.0,7.0,928.0,-308.0
-233.0,235.0,-355.0,-31.0,-336.0,615.0,-197.0,-99.0,882.0,-178.0
-174.0,-322.0,-404.0,55.0,-387.0,646.0,-172.0,-40.0,836.0,-50.0
-111.0,-923.0,-432.0,164.0,-416.0,659.0,-132.0,24.0,765.0,76.0
-45.0,-1461.0,-454.0,269.0,-416.0,567.0,-103.0,7.0,689.0,257.0
17.0,-1876.0,-482.0,325.0,-391.0,473.0,-95.0,205.0,608.0,414.0
68.0,-2152.0,-487.0,338.0,-355.0,459.0,-99.0,264.0,526.0,535.0
108.0,-2218.0,-478.0,292.0,-316.0,467.0,-116.0,421.0,460.0,633.0
140.0,-2002.0,-485.0,204.0,-272.0,467.0,-174.0,500.0,388.0,697.0
170.0,-1554.0,-459.0,105.0,-227.0,580.0,-230.0,450.0,336.0,735.0
208.0,-1060.0,-437.0,-9.0,-175.0,626.0,-230.0,508.0,275.0,704.0
248.0,-660.0,-436.0,-104.0,-123.0,539.0,-190.0,423.0,202.0,658.0
293.0,-376.0,-398.0,-217.0,-77.0,579.0,-141.0,365.0,127.0,607.0
323.0,-223.0,-395.0,-318.0,-30.0,643.0,-119.0,254.0,41.0,523.0
353.0,-198.0,-375.0,-369.0,17.0,586.0,-144.0,218.0,-43.0,435.0
380.0,-245.0,-367.0,-439.0,65.0,483.0,-186.0,284.0,-124.0,366.0
395.0,-323.0,-360.0,-499.0,98.0,438.0,-188.0,308.0,-193.0,313.0
405.0,-387.0,-337.0,-515.0,113.0,543.0,-168.0,332.0,-250.0,231.0
398.0,-366.0,-323.0,-491.0,112.0,713.0,-168.0,212.0,-279.0,152.0
382.0,-265.0,-293.0,-467.0,99.0,711.0,-180.0,251.0,-297.0,71.0
347.0,-120.0,-270.0,-449.0,86.0,657.0,-189.0,219.0,-298.0,-10.0
294.0,163.0,-224.0,-393.0,75.0,690.0,-183.0,162.0,-274.0,-94.0
238.0,616.0,-192.0,-335.0,66.0,611.0,-185.0,227.0,-251.0,-172.0
174.0,1097.0,-125.0,-294.0,61.0,653.0,-203.0,123.0,-221.0,-209.0
121.0,1482.0,-74.0,-259.0,60.0,839.0,-225.0,171.0,-211.0,-244.0
85.0,1682.0,-25.0,-245.0,68.0,762.0,-222.0,149.0,-220.0,-282.0
62.0,1715.0,49.0,-235.0,81.0,584.0,-178.0,97.0,-239.0,-293.0
42.0,1681.0,61.0,-217.0,97.0,537.0,-130.0,123.0,-282.0,-280.0
31.0,1617.0,136.0,-193.0,110.0,597.0,-109.0,94.0,-333.0,-283.0
40.0,1516.0,174.0,-160.0,113.0,703.0,-127.0,153.0,-393.0,-284.0
48.0,1351.0,208.0,-139.0,109.0,684.0,-144.0,168.0,-463.0,-262.0
57.0,1031.0,278.0,-101.0,116.0,599.0,-146.0,291.0,-523.0,-253.0
59.0,481.0,287.0,-39.0,138.0,672.0,-148.0,402.0,-570.0,-269.0
68.0,-147.0,316.0,21.0,165.0,692.0,-141.0,436.0,-606.0,-277.0
69.0,-638.0,343.0,106.0,185.0,588.0,-124.0,393.0,-628.0,-248.0
57.0,-939.0,349.0,181.0,176.0,628.0,-87.0,258.0,-632.0,-233.0
40.0,-1118.0,346.0,237.0,136.0,590.0,-81.0,301.0,-633.0,-228.0
18.0,-1247.0,350.0,287.0,90.0,426.0,-102.0,303.0,-626.0,-193.0
13.0,-1315.0,330.0,288.0,56.0,448.0,-111.0,412.0,-601.0,-162.0
5.0,-1375.0,294.0,267.0,43.0,492.0,-121.0,550.0,-574.0,-160.0
1.0,-1489.0,270.0,242.0,42.0,410.0,-121.0,471.0,-529.0,-165.0
-3.0,-1654.0,228.0,188.0,42.0,437.0,-130.0,450.0,-457.0,-149.0
-19.0,-1835.0,192.0,124.0,31.0,521.0,-123.0,308.0,-377.0,-172.0
-23.0,-1878.0,162.0,67.0,15.0,519.0,-110.0,214.0,-295.0,-224.0
-29.0,-1604.0,137.0,17.0,3.0,446.0,-118.0,271.0,-226.0,-236.0
-43.0,-957.0,113.0,-36.0,-2.0,348.0,-87.0,280.0,-169.0,-244.0
-58.0,-124.0,112.0,-82.0,-5.0,356.0,-40.0,303.0,-132.0,-254.0
-71.0,626.0,83.0,-121.0,-8.0,415.0,-14.0,277.0,-105.0,-251.0
-78.0,1149.0,70.0,-151.0,-4.0,328.0,7.0,349.0,-96.0,-217.0
-102.0,1333.0,94.0,-190.0,5.0,181.0,31.0,293.0,-94.0,-173.0
-129.0,1129.0,69.0,-224.0,9.0,146.0,38.0,181.0,-95.0,-163.0
-154.0,654.0,65.0,-235.0,1.0,183.0,28.0,90.0,-104.0,-145.0
-204.0,115.0,80.0,-272.0,-20.0,231.0,17.0,-66.0,-100.0,-111.0
-243.0,-289.0,74.0,-294.0,-54.0,281.0,32.0,14.0,-95.0,-98.0
-275.0,-467.0,86.0,-287.0,-93.0,304.0,66.0,42.0,-65.0,-117.0
-311.0,-453.0,118.0,-252.0,-128.0,269.0,77.0,109.0,-27.0,-104.0
-342.0,-335.0,137.0,-172.0,-149.0,193.0,65.0,190.0,30.0,-71.0
-367.0,-143.0,155.0,-88.0,-152.0,165.0,60.0,223.0,105.0,-78.0
-389.0,152.0,173.0,0.0,-140.0,183.0,107.0,360.0,152.0,-78.0
-406.0,517.0,163.0,96.0,-118.0,158.0,170.0,262.0,205.0,-48.0
-397.0,864.0,170.0,188.0,-88.0,129.0,210.0,195.0,225.0,-21.0
-387.0,1106.0,178.0,240.0,-50.0,125.0,227.0,94.0,235.0,-9.0
-386.0,1198.0,168.0,260.0,-14.0,83.0,223.0,22.0,236.0,10.0
-370.0,1172.0,184.0,274.0,11.0,73.0,197.0,116.0,209.0,59.0
-330.0,1041.0,194.0,280.0,23.0,95.0,143.0,70.0,184.0,105.0
-307.0,804.0,191.0,256.0,16.0,144.0,102.0,160.0,148.0,113.0
-281.0,491.0,216.0,202.0,0.0,212.0,86.0,227.0,119.0,127.0
-244.0,162.0,207.0,170.0,-9.0,168.0,94.0,290.0,97.0,137.0
-196.0,-47.0,221.0,138.0,1.0,135.0,82.0,417.0,82.0,119.0
-135.0,-48.0,242.0,96.0,34.0,142.0,35.0,504.0,84.0,106.0
-82.0,17.0,247.0,83.0,80.0,93.0,48.0,709.0,86.0,112.0
-20.0,-45.0,269.0,44.0,122.0,78.0,118.0,696.0,93.0,127.0
31.0,-250.0,250.0,-21.0,145.0,98.0,168.0,670.0,109.0,134.0
85.0,-510.0,243.0,-86.0,143.0,121.0,177.0,670.0,130.0,153.0
124.0,-789.0,244.0,-152.0,123.0,146.0,160.0,532.0,153.0,175.0
146.0,-1015.0,226.0,-204.0,96.0,198.0,132.0,461.0,180.0,194.0
168.0,-1066.0,229.0,-248.0,73.0,212.0,117.0,349.0,207.0,209.0
182.0,-965.0,226.0,-254.0,51.0,123.0,91.0,330.0,235.0,230.0
177.0,-841.0,201.0,-247.0,28.0,-14.0,63.0,312.0,251.0,271.0
154.0,-736.0,191.0,-244.0,-6.0,-85.0,85.0,271.0,247.0,277.0
133.0,-622.0,159.0,-228.0,-58.0,-14.0,124.0,171.0,229.0,269.0
106.0,-459.0,121.0,-194.0,-117.0,-17.0,152.0,72.0,199.0,263.0
71.0,-182.0,92.0,-141.0,-168.0,-70.0,172.0,162.0,156.0,227.0
31.0,210.0,40.0,-125.0,-197.0,-1.0,165.0,121.0,96.0,140.0
-4.0,613.0,3.0,-93.0,-200.0,139.0,141.0,175.0,21.0,30.0
-47.0,913.0,-46.0,-57.0,-177.0,189.0,162.0,229.0,-62.0,-74.0
-90.0,1064.0,-121.0,-44.0,-132.0,96.0,193.0,210.0,-164.0,-227.0
-136.0,1084.0,-207.0,-20.0,-77.0,133.0,190.0,297.0,-259.0,-389.0
-185.0,1016.0,-288.0,10.0,-23.0,150.0,182.0,238.0,-338.0,-515.0
-213.0,930.0,-402.0,38.0,22.0,39.0,162.0,264.0,-402.0,-619.0
-246.0,913.0,-492.0,23.0,66.0,25.0,148.0,181.0,-435.0,-706.0
-270.0,965.0,-560.0,1.0,110.0,71.0,167.0,145.0,-447.0,-759.0
-290.0,910.0,-649.0,-44.0,148.0,79.0,182.0,223.0,-435.0,-741.0
-301.0,590.0,-685.0,-89.0,177.0,-4.0,174.0,162.0,-413.0,-698.0
-296.0,129.0,-759.0,-100.0,196.0,-40.0,127.0,234.0,-399.0,-654.0
-280.0,-293.0,-802.0,-131.0,206.0,-25.0,81.0,179.0,-363.0,-573.0
-243.0,-685.0,-845.0,-143.0,200.0,-56.0,84.0,181.0,-303.0,-459.0
-199.0,-1059.0,-905.0,-155.0,170.0,-25.0,107.0,125.0,-238.0,-364.0
-139.0,-1317.0,-901.0,-175.0,128.0,94.0,127.0,-25.0,-152.0,-280.0
-63.0,-1364.0,-946.0,-184.0,86.0,129.0,130.0,-49.0,-57.0,-169.0
11.0,-1196.0,-955.0,-215.0,54.0,-2.0,118.0,-107.0,40.0,-45.0
77.0,-875.0,-961.0,-228.0,25.0,-93.0,87.0,-24.0,129.0,75.0
125.0,-484.0,-983.0,-229.0,-3.0,17.0,60.0,-138.0,205.0,187.0
169.0,-93.0,-972.0,-220.0,-30.0,148.0,68.0,-195.0,264.0,341.0
202.0,232.0,-971.0,-183.0,-54.0,104.0,90.0,-138.0,314.0,497.0
212.0,475.0,-940.0,-144.0,-67.0,41.0,95.0,-121.0,343.0,606.0
233.0,681.0,-924.0,-106.0,-70.0,68.0,65.0,-16.0,353.0,744.0
267.0,893.0,-900.0,-88.0,-76.0,70.0,17.0,-118.0,369.0,899.0
289.0,1083.0,-842.0,-78.0,-91.0,2.0,-29.0,-83.0,366.0,1022.0
305.0,1252.0,-814.0,-62.0,-107.0,56.0,-24.0,-125.0,359.0,1100.0
330.0,1449.0,-784.0,-72.0,-110.0,158.0,33.0,-188.0,330.0,1163.0
347.0,1541.0,-741.0,-107.0,-88.0,44.0,63.0,-73.0,273.0,1191.0
350.0,1415.0,-705.0,-121.0,-54.0,-96.0,90.0,-60.0,216.0,1145.0
351.0,1184.0,-660.0,-141.0,-20.0,-170.0,109.0,116.0,141.0,1080.0
341.0,968.0,-614.0,-165.0,10.0,-206.0,87.0,107.0,75.0,1022.0
343.0,761.0,-551.0,-165.0,33.0,-236.0,69.0,35.0,1.0,936.0
349.0,486.0,-490.0,-161.0,45.0,-277.0,67.0,31.0,-70.0,834.0
368.0,68.0,-440.0,-145.0,55.0,-210.0,76.0,-86.0,-123.0,778.0
389.0,-454.0,-363.0,-142.0,66.0,-192.0,82.0,-49.0,-175.0,754.0
408.0,-865.0,-302.0,-126.0,85.0,-267.0,104.0,-123.0,-205.0,717.0
439.0,-1113.0,-226.0,-124.0,108.0,-268.0,129.0,-138.0,-231.0,678.0
463.0,-1341.0,-146.0,-131.0,131.0,-315.0,121.0,-110.0,-236.0,666.0
473.0,-1530.0,-75.0,-142.0,151.0,-402.0,123.0,-134.0,-220.0,621.0
468.0,-1647.0,25.0,-185.0,165.0,-340.0,119.0,-5.0,-195.0,531.0
449.0,-1727.0,101.0,-186.0,188.0,-302.0,139.0,7.0,-146.0,462.0
418.0,-1734.0,189.0,-197.0,224.0,-377.0,199.0,29.0,-92.0,412.0
373.0,-1580.0,271.0,-208.0,266.0,-429.0,234.0,16.0,-36.0,340.0
322.0,-1267.0,349.0,-190.0,302.0,-442.0,241.0,105.0,-1.0,263.0
275.0,-864.0,427.0,-178.0,319.0,-395.0,235.0,230.0,1.0,233.0
212.0,-404.0,473.0,-162.0,319.0,-454.0,227.0,210.0,-18.0,219.0
156.0,26.0,526.0,-174.0,304.0,-569.0,245.0,375.0,-52.0,198.0
97.0,359.0,575.0,-197.0,265.0,-502.0,266.0,336.0,-100.0,175.0
37.0,597.0,620.0,-226.0,200.0,-409.0,292.0,216.0,-160.0,183.0
-9.0,720.0,644.0,-223.0,128.0,-428.0,308.0,164.0,-205.0,191.0
-50.0,741.0,672.0,-190.0,63.0,-491.0,282.0,81.0,-254.0,161.0
-77.0,767.0,698.0,-168.0,7.0,-482.0,266.0,101.0,-300.0,152.0
-101.0,809.0,707.0,-135.0,-39.0,-368.0,261.0,14.0,-363.0,166.0
-94.0,728.0,744.0,-109.0,-79.0,-312.0,265.0,-18.0,-442.0,161.0
-95.0,548.0,774.0,-74.0,-110.0,-340.0,284.0,-123.0,-506.0,139.0
-95.0,457.0,773.0,-48.0,-136.0,-361.0,287.0,-166.0,-580.0,130.0
-89.0,500.0,814.0,-32.0,-161.0,-428.0,275.0,-86.0,-643.0,123.0
-80.0,543.0,824.0,-6.0,-181.0,-463.0,242.0,-88.0,-680.0,108.0
-53.0,543.0,830.0,14.0,-195.0,-335.0,227.0,1.0,-706.0,95.0
-47.0,543.0,871.0,41.0,-208.0,-269.0,224.0,-25.0,-720.0,110.0
-39.0,485.0,840.0,51.0,-229.0,-398.0,238.0,38.0,-699.0,124.0
-33.0,307.0,843.0,68.0,-259.0,-450.0,255.0,70.0,-640.0,89.0
-25.0,36.0,815.0,58.0,-278.0,-390.0,233.0,46.0,-549.0,59.0
-39.0,-266.0,760.0,-9.0,-275.0,-313.0,221.0,86.0,-422.0,33.0
-57.0,-473.0,726.0,-72.0,-248.0,-363.0,218.0,-81.0,-266.0,-37.0
-61.0,-435.0,658.0,-171.0,-202.0,-482.0,236.0,-140.0,-104.0,-134.0
-82.0,-169.0,568.0,-263.0,-140.0,-409.0,249.0,-284.0,54.0,-202.0
-98.0,230.0,465.0,-299.0,-75.0,-393.0,261.0,-413.0,202.0,-253.0
-125.0,694.0,379.0,-299.0,-31.0,-502.0,327.0,-408.0,308.0,-316.0
-154.0,1107.0,267.0,-244.0,-20.0,-524.0,414.0,-330.0,373.0,-355.0
-182.0,1343.0,183.0,-131.0,-28.0,-473.0,461.0,1.0,398.0,-358.0
-217.0,1355.0,100.0,54.0,-43.0,-440.0,462.0,134.0,404.0,-359.0
-225.0,1227.0,20.0,259.0,-58.0,-426.0,440.0,171.0,396.0,-392.0
-227.0,1024.0,-39.0,463.0,-66.0,-469.0,422.0,57.0,363.0,-415.0
-232.0,755.0,-102.0,668.0,-65.0,-537.0,426.0,-182.0,339.0,-404.0
-219.0,464.0,-145.0,822.0,-51.0,-528.0,441.0,-399.0,290.0,-428.0
-207.0,188.0,-204.0,934.0,-41.0,-503.0,446.0,-715.0,232.0,-453.0
-191.0,-95.0,-243.0,1006.0,-50.0,-434.0,429.0,-711.0,184.0,-413.0
-167.0,-348.0,-291.0,1020.0,-80.0,-448.0,405.0,-663.0,120.0,-360.0
-140.0,-444.0,-323.0,991.0,-118.0,-563.0,384.0,-578.0,58.0,-326.0
-97.0,-371.0,-341.0,927.0,-148.0,-540.0,388.0,-384.0,7.0,-271.0
-49.0,-235.0,-355.0,833.0,-165.0,-443.0,425.0,-303.0,-43.0,-192.0
-2.0,-136.0,-366.0,728.0,-169.0,-444.0,476.0,-210.0,-89.0,-110.0
46.0,-105.0,-388.0,595.0,-160.0,-507.0,523.0,-218.0,-118.0,-19.0
99.0,-192.0,-400.0,449.0,-139.0,-488.0,543.0,-129.0,-135.0,91.0
148.0,-408.0,-415.0,289.0,-116.0,-434.0,536.0,-155.0,-138.0,258.0
190.0,-605.0,-447.0,104.0,-100.0,-443.0,518.0,-277.0,-119.0,434.0
224.0,-755.0,-462.0,-52.0,-92.0,-508.0,519.0,-317.0,-93.0,607.0
249.0,-929.0,-461.0,-197.0,-89.0,-513.0,525.0,-456.0,-57.0,809.0
273.0,-1056.0,-502.0,-297.0,-81.0,-475.0,514.0,-408.0,-20.0,974.0
290.0,-1025.0,-478.0,-356.0,-70.0,-501.0,489.0,-400.0,20.0,1092.0
307.0,-850.0,-476.0,-393.0,-57.0,-531.0,460.0,-367.0,59.0,1181.0
328.0,-634.0,-482.0,-380.0,-38.0,-561.0,458.0,-339.0,79.0,1251.0
358.0,-405.0,-442.0,-359.0,-12.0,-580.0,464.0,-450.0,88.0,1277.0
391.0,-182.0,-459.0,-337.0,17.0,-659.0,476.0,-380.0,86.0,1250.0
415.0,-45.0,-415.0,-343.0,47.0,-633.0,507.0,-441.0,92.0,1219.0
423.0,-28.0,-398.0,-378.0,76.0,-450.0,543.0,-452.0,94.0,1186.0
419.0,-84.0,-404.0,-413.0,112.0,-443.0,585.0,-463.0,104.0,1120.0
405.0,-117.0,-393.0,-428.0,161.0,-536.0,600.0,-508.0,130.0,1049.0
372.0,-80.0,-399.0,-439.0,213.0,-593.0,581.0,-365.0,150.0,1023.0
333.0,0.0,-415.0,-470.0,254.0,-588.0,555.0,-380.0,171.0,1008.0
293.0,67.0,-451.0,-485.0,276.0,-537.0,502.0,-310.0,184.0,987.0
268.0,85.0,-465.0,-506.0,282.0,-584.0,436.0,-376.0,179.0,978.0
258.0,42.0,-517.0,-505.0,282.0,-618.0,394.0,-521.0,150.0,987.0
232.0,-70.0,-577.0,-498.0,273.0,-502.0,379.0,-558.0,112.0,976.0
215.0,-251.0,-628.0,-497.0,238.0,-394.0,379.0,-618.0,66.0,899.0
211.0,-456.0,-680.0,-470.0,175.0,-401.0,377.0,-423.0,30.0,824.0
194.0,-584.0,-740.0,-466.0,103.0,-467.0,389.0,-312.0,0.0,742.0
198.0,-592.0,-782.0,-467.0,39.0,-584.0,420.0,-160.0,-37.0,604.0
219.0,-574.0,-812.0,-451.0,-16.0,-635.0,453.0,-53.0,-76.0,455.0
236.0,-571.0,-860.0,-446.0,-66.0,-565.0,445.0,-73.0,-130.0,318.0
263.0,-454.0,-871.0,-456.0,-105.0,-513.0,360.0,-27.0,-179.0,165.0
280.0,-196.0,-880.0,-451.0,-129.0,-548.0,277.0,-162.0,-224.0,-6.0
290.0,71.0,-872.0,-456.0,-130.0,-607.0,241.0,-169.0,-279.0,-139.0
286.0,313.0,-820.0,-454.0,-110.0,-559.0,227.0,-164.0,-332.0,-226.0
263.0,537.0,-781.0,-422.0,-74.0,-436.0,242.0,-147.0,-389.0,-307.0
238.0,776.0,-732.0,-367.0,-28.0,-364.0,234.0,-205.0,-434.0,-372.0
210.0,1087.0,-691.0,-287.0,16.0,-397.0,206.0,-400.0,-466.0,-392.0
171.0,1383.0,-652.0,-231.0,53.0,-453.0,163.0,-388.0,-497.0,-396.0
114.0,1436.0,-536.0,-179.0,89.0,-446.0,95.0,-515.0,-526.0,-429.0
69.0,1215.0,-404.0,-121.0,130.0,-449.0,10.0,-541.0,-551.0,-456.0
10.0,879.0,-316.0,-62.0,173.0,-444.0,-82.0,-445.0,-559.0,-463.0
-55.0,504.0,-252.0,-22.0,210.0,-425.0,-120.0,-393.0,-559.0,-470.0
-100.0,131.0,-218.0,13.0,240.0,-446.0,-119.0,-242.0,-542.0,-486.0
-151.0,-197.0,-156.0,62.0,266.0,-419.0,-104.0,-264.0,-498.0,-489.0
-186.0,-414.0,-72.0,86.0,288.0,-356.0,-76.0,-243.0,-456.0,-454.0
-202.0,-484.0,-47.0,123.0,306.0,-342.0,-55.0,-258.0,-399.0,-415.0
-209.0,-438.0,0.0,179.0,308.0,-356.0,-41.0,-247.0,-335.0,-376.0
-208.0,-354.0,37.0,235.0,281.0,-348.0,-44.0,-155.0,-282.0,-300.0
-201.0,-293.0,33.0,278.0,215.0,-314.0,-56.0,-173.0,-223.0,-213.0
-185.0,-263.0,52.0,307.0,119.0,-313.0,-74.0,-86.0,-167.0,-139.0
-173.0,-265.0,51.0,318.0,23.0,-318.0,-109.0,-125.0,-97.0,-62.0
-157.0,-261.0,115.0,283.0,-54.0,-323.0,-124.0,-118.0,-23.0,28.0
-131.0,-253.0,168.0,223.0,-116.0,-319.0,-107.0,-79.0,46.0,119.0
-116.0,-220.0,156.0,178.0,-174.0,-329.0,-90.0,-55.0,121.0,176.0
-108.0,-111.0,198.0,103.0,-231.0,-373.0,-77.0,114.0,175.0,229.0
-99.0,85.0,255.0,19.0,-284.0,-344.0,-93.0,169.0,216.0,291.0
-83.0,330.0,294.0,-34.0,-333.0,-276.0,-123.0,280.0,248.0,310.0
-75.0,492.0,338.0,-92.0,-370.0,-252.0,-144.0,223.0,246.0,308.0
-71.0,424.0,419.0,-138.0,-386.0,-289.0,-155.0,77.0,211.0,332.0
-66.0,61.0,471.0,-174.0,-376.0,-283.0,-161.0,-12.0,164.0,370.0
-66.0,-441.0,491.0,-210.0,-337.0,-231.0,-155.0,-164.0,94.0,386.0
-60.0,-802.0,574.0,-243.0,-276.0,-292.0,-143.0,-157.0,23.0,413.0
-52.0,-858.0,654.0,-242.0,-216.0,-289.0,-119.0,-199.0,-40.0,486.0
-24.0,-728.0,698.0,-219.0,-161.0,-134.0,-77.0,-197.0,-101.0,562.0
5.0,-688.0,743.0,-194.0,-102.0,-93.0,-60.0,-240.0,-145.0,616.0
47.0,-795.0,757.0,-171.0,-34.0,-151.0,-34.0,-317.0,-184.0,690.0
98.0,-934.0,743.0,-158.0,27.0,-159.0,-21.0,-315.0,-194.0,789.0
143.0,-1063.0,765.0,-126.0,70.0,-83.0,-29.0,-356.0,-179.0,847.0
192.0,-1188.0,775.0,-117.0,98.0,-8.0,-26.0,-208.0,-128.0,880.0
242.0,-1216.0,763.0,-110.0,120.0,-68.0,-18.0,-105.0,-54.0,921.0
281.0,-1064.0,776.0,-97.0,135.0,-146.0,-9.0,14.0,39.0,935.0
309.0,-825.0,742.0,-110.0,132.0,-162.0,-38.0,129.0,139.0,898.0
335.0,-650.0,716.0,-134.0,117.0,-186.0,-46.0,12.0,225.0,838.0
345.0,-501.0,692.0,-140.0,107.0,-321.0,-49.0,-70.0,312.0,787.0
354.0,-208.0,658.0,-120.0,112.0,-425.0,-73.0,-334.0,363.0,723.0
336.0,213.0,645.0,-63.0,127.0,-390.0,-47.0,-545.0,411.0,651.0
307.0,643.0,579.0,42.0,142.0,-351.0,1.0,-617.0,454.0,608.0
274.0,1013.0,523.0,145.0,159.0,-264.0,61.0,-631.0,476.0,594.0
210.0,1337.0,471.0,248.0,181.0,-198.0,104.0,-436.0,490.0,569.0
147.0,1630.0,391.0,343.0,202.0,-258.0,101.0,-347.0,464.0,516.0
79.0,1811.0,322.0,389.0,212.0,-377.0,111.0,-219.0,417.0,497.0
23.0,1685.0,271.0,378.0,214.0,-396.0,123.0,-225.0,344.0,486.0
-26.0,1215.0,213.0,336.0,216.0,-309.0,148.0,-277.0,249.0,446.0
-80.0,674.0,138.0,276.0,212.0,-287.0,192.0,-240.0,152.0,438.0
-120.0,321.0,71.0,183.0,193.0,-335.0,216.0,-304.0,58.0,474.0
-170.0,208.0,-10.0,72.0,162.0,-327.0,227.0,-118.0,-41.0,509.0
-222.0,219.0,-67.0,-56.0,128.0,-299.0,183.0,-94.0,-139.0,540.0
-266.0,296.0,-135.0,-200.0,94.0,-396.0,140.0,-155.0,-214.0,595.0
-305.0,479.0,-216.0,-347.0,62.0,-463.0,113.0,-162.0,-272.0,656.0
-330.0,661.0,-266.0,-431.0,34.0,-356.0,91.0,-303.0,-296.0,679.0
-337.0,754.0,-340.0,-460.0,6.0,-201.0,127.0,-343.0,-291.0,671.0
-343.0,819.0,-382.0,-476.0,-19.0,-160.0,160.0,-458.0,-254.0,669.0
-355.0,900.0,-414.0,-414.0,-34.0,-177.0,177.0,-513.0,-194.0,633.0
-358.0,1001.0,-461.0,-328.0,-43.0,-220.0,185.0,-522.0,-116.0,536.0
-353.0,1113.0,-466.0,-264.0,-53.0,-368.0,173.0,-441.0,-31.0,426.0
-329.0,1117.0,-463.0,-180.0,-61.0,-412.0,157.0,-351.0,31.0,329.0
-295.0,883.0,-449.0,-128.0,-62.0,-338.0,143.0,-334.0,83.0,233.0
-252.0,503.0,-436.0,-90.0,-56.0,-262.0,144.0,-164.0,106.0,102.0
-187.0,217.0,-427.0,-29.0,-48.0,-221.0,135.0,-121.0,113.0,18.0
-137.0,159.0,-404.0,29.0,-36.0,-204.0,122.0,-57.0,111.0,-25.0
-94.0,204.0,-407.0,123.0,-22.0,-158.0,115.0,-31.0,86.0,-113.0
-49.0,223.0,-378.0,229.0,-13.0,-198.0,118.0,-3.0,58.0,-173.0
-10.0,248.0,-361.0,300.0,-12.0,-288.0,135.0,90.0,26.0,-201.0
39.0,204.0,-373.0,397.0,-11.0,-256.0,154.0,-121.0,0.0,-241.0
92.0,-41.0,-327.0,464.0,-11.0,-127.0,165.0,-258.0,-23.0,-298.0
151.0,-411.0,-326.0,489.0,-10.0,-102.0,160.0,-388.0,-46.0,-358.0
223.0,-752.0,-333.0,518.0,-12.0,-131.0,163.0,-485.0,-83.0,-387.0
303.0,-1059.0,-317.0,471.0,-21.0,-51.0,176.0,-413.0,-132.0,-409.0
371.0,-1345.0,-311.0,445.0,-36.0,66.0,186.0,-391.0,-175.0,-445.0
422.0,-1513.0,-323.0,422.0,-49.0,95.0,179.0,-232.0,-225.0,-452.0
482.0,-1527.0,-341.0,381.0,-55.0,162.0,143.0,-190.0,-267.0,-414.0
520.0,-1463.0,-330.0,384.0,-65.0,227.0,95.0,-96.0,-302.0,-381.0
545.0,-1421.0,-347.0,344.0,-87.0,135.0,92.0,-44.0,-338.0,-315.0
571.0,-1515.0,-330.0,364.0,-103.0,70.0,130.0,-142.0,-347.0,-196.0
567.0,-1745.0,-333.0,366.0,-103.0,59.0,175.0,-84.0,-347.0,-79.0
574.0,-1960.0,-338.0,336.0,-93.0,88.0,219.0,-286.0,-346.0,32.0
569.0,-2001.0,-318.0,355.0,-85.0,48.0,214.0,-349.0,-322.0,139.0
561.0,-1767.0,-333.0,289.0,-87.0,-65.0,155.0,-277.0,-287.0,247.0
547.0,-1294.0,-328.0,256.0,-87.0,-37.0,94.0,-301.0,-237.0,322.0
523.0,-806.0,-337.0,196.0,-79.0,45.0,79.0,-166.0,-173.0,356.0
521.0,-440.0,-358.0,67.0,-59.0,121.0,108.0,-109.0,-114.0,384.0
491.0,1.0,-379.0,34.0,-34.0,131.0,116.0,12.0,-48.0,393.0
462.0,563.0,-368.0,-44.0,-7.0,39.0,54.0,51.0,30.0,356.0
419.0,985.0,-424.0,-153.0,28.0,-26.0,23.0,55.0,104.0,291.0
378.0,1224.0,-460.0,-154.0,70.0,-65.0,76.0,72.0,180.0,257.0
341.0,1390.0,-417.0,-187.0,111.0,-66.0,116.0,53.0,249.0,221.0
298.0,1564.0,-462.0,-258.0,142.0,85.0,140.0,90.0,304.0,164.0
279.0,1798.0,-450.0,-297.0,157.0,111.0,137.0,-11.0,338.0,126.0
266.0,2022.0,-400.0,-368.0,169.0,-16.0,95.0,44.0,346.0,113.0
255.0,2067.0,-353.0,-432.0,175.0,11.0,20.0,25.0,334.0,98.0
224.0,1905.0,-303.0,-498.0,161.0,-8.0,-71.0,-46.0,283.0,65.0
217.0,1675.0,-251.0,-587.0,117.0,-56.0,-145.0,-35.0,206.0,38.0
204.0,1443.0,-201.0,-619.0,44.0,-12.0,-99.0,-153.0,142.0,17.0
195.0,1255.0,-153.0,-603.0,-41.0,18.0,24.0,-194.0,75.0,-36.0
196.0,1116.0,-69.0,-550.0,-128.0,5.0,41.0,-325.0,17.0,-105.0
197.0,912.0,-18.0,-461.0,-208.0,-70.0,43.0,-339.0,-7.0,-140.0
192.0,597.0,64.0,-374.0,-283.0,-115.0,69.0,-323.0,-38.0,-161.0
177.0,246.0,126.0,-280.0,-352.0,-105.0,16.0,-277.0,-53.0,-188.0
187.0,-12.0,157.0,-202.0,-404.0,-81.0,-51.0,1.0,-55.0,-182.0
171.0,-78.0,206.0,-186.0,-430.0,-97.0,-99.0,145.0,-35.0,-138.0
152.0,-42.0,223.0,-202.0,-433.0,-62.0,-149.0,378.0,6.0,-98.0
115.0,-92.0,231.0,-193.0,-414.0,-21.0,-180.0,423.0,45.0,-58.0
96.0,-264.0,247.0,-205.0,-373.0,-86.0,-181.0,363.0,98.0,12.0
71.0,-509.0,236.0,-219.0,-326.0,-106.0,-178.0,388.0,146.0,99.0
29.0,-809.0,209.0,-231.0,-273.0,-116.0,-152.0,157.0,213.0,162.0
14.0,-1020.0,209.0,-244.0,-213.0,-117.0,-86.0,105.0,278.0,208.0
-21.0,-952.0,189.0,-207.0,-151.0,-156.0,-42.0,11.0,330.0,272.0
-32.0,-734.0,197.0,-247.0,-88.0,-133.0,-110.0,-49.0,373.0,298.0
-63.0,-588.0,203.0,-299.0,-34.0,3.0,-258.0,-25.0,406.0,265.0
-91.0,-519.0,213.0,-329.0,10.0,-12.0,-313.0,-29.0,439.0,228.0
-125.0,-446.0,262.0,-366.0,57.0,-72.0,-282.0,184.0,462.0,176.0
-164.0,-317.0,294.0,-328.0,110.0,-95.0,-284.0,164.0,484.0,110.0
-192.0,-221.0,378.0,-307.0,165.0,-62.0,-275.0,208.0,479.0,38.0
-228.0,-269.0,429.0,-242.0,216.0,-31.0,-199.0,169.0,469.0,-3.0
-248.0,-390.0,467.0,-133.0,254.0,-82.0,-133.0,3.0,469.0,-13.0
-274.0,-443.0,536.0,-67.0,286.0,-71.0,-115.0,-46.0,473.0,-28.0
-264.0,-349.0,564.0,20.0,315.0,-46.0,-126.0,-214.0,484.0,-31.0
-260.0,-136.0,605.0,64.0,319.0,16.0,-157.0,-164.0,491.0,-3.0
-274.0,50.0,619.0,67.0,289.0,71.0,-185.0,-223.0,472.0,21.0
-299.0,40.0,620.0,61.0,244.0,104.0,-179.0,-166.0,415.0,23.0
-319.0,-184.0,597.0,25.0,203.0,136.0,-154.0,-5.0,330.0,59.0
-320.0,-457.0,544.0,18.0,154.0,68.0,-177.0,24.0,237.0,126.0
-326.0,-626.0,513.0,-1.0,89.0,56.0,-182.0,186.0,147.0,174.0
-318.0,-690.0,455.0,-11.0,23.0,104.0,-155.0,125.0,53.0,233.0
-304.0,-721.0,398.0,32.0,-17.0,156.0,-150.0,62.0,-21.0,303.0
-284.0,-714.0,321.0,89.0,-23.0,178.0,-194.0,31.0,-89.0,343.0
-276.0,-638.0,231.0,175.0,4.0,176.0,-250.0,134.0,-155.0,332.0
-255.0,-528.0,136.0,230.0,51.0,199.0,-198.0,158.0,-205.0,294.0
-229.0,-441.0,39.0,268.0,90.0,139.0,-179.0,38.0,-248.0,260.0
-191.0,-371.0,-51.0,307.0,111.0,87.0,-187.0,81.0,-268.0,214.0
-154.0,-209.0,-132.0,307.0,119.0,80.0,-113.0,-75.0,-270.0,162.0
-105.0,29.0,-167.0,327.0,117.0,114.0,-54.0,-101.0,-277.0,150.0
-35.0,163.0,-199.0,325.0,111.0,211.0,-38.0,-166.0,-299.0,171.0
20.0,195.0,-180.0,304.0,103.0,253.0,-60.0,-206.0,-322.0,200.0
80.0,242.0,-151.0,295.0,107.0,222.0,-101.0,-84.0,-349.0,253.0
111.0,303.0,-111.0,247.0,114.0,155.0,-105.0,-121.0,-382.0,344.0
138.0,339.0,-37.0,201.0,113.0,150.0,-62.0,79.0,-391.0,457.0
149.0,350.0,40.0,169.0,119.0,154.0,-42.0,162.0,-364.0,565.0
155.0,359.0,118.0,141.0,138.0,196.0,-8.0,129.0,-339.0,683.0
156.0,397.0,187.0,102.0,164.0,298.0,4.0,171.0,-310.0,810.0
156.0,472.0,270.0,74.0,185.0,319.0,-72.0,114.0,-277.0,907.0
172.0,429.0,314.0,64.0,203.0,382.0,-56.0,218.0,-263.0,987.0
174.0,207.0,370.0,13.0,222.0,341.0,52.0,260.0,-249.0,1067.0
177.0,19.0,401.0,-44.0,232.0,192.0,82.0,210.0,-228.0,1120.0
181.0,-32.0,399.0,-77.0,221.0,155.0,18.0,149.0,-197.0,1115.0
192.0,-8.0,394.0,-106.0,195.0,141.0,-48.0,103.0,-161.0,1078.0
193.0,66.0,369.0,-116.0,157.0,139.0,-54.0,94.0,-116.0,1028.0
204.0,139.0,335.0,-78.0,110.0,95.0,3.0,27.0,-60.0,931.0
212.0,185.0,257.0,-8.0,51.0,58.0,42.0,103.0,-6.0,784.0
235.0,296.0,179.0,72.0,-19.0,41.0,63.0,121.0,51.0,628.0
277.0,456.0,98.0,182.0,-93.0,-27.0,123.0,162.0,115.0,460.0
308.0,480.0,0.0,273.0,-152.0,-17.0,86.0,249.0,183.0,253.0
346.0,345.0,-120.0,320.0,-185.0,70.0,17.0,134.0,248.0,35.0
370.0,288.0,-200.0,352.0,-197.0,116.0,43.0,107.0,305.0,-179.0
396.0,368.0,-291.0,377.0,-192.0,102.0,87.0,0.0,356.0,-384.0
404.0,407.0,-372.0,397.0,-178.0,85.0,93.0,-94.0,376.0,-579.0
412.0,322.0,-405.0,396.0,-165.0,85.0,79.0,-68.0,357.0,-761.0
410.0,88.0,-476.0,387.0,-158.0,134.0,102.0,-36.0,308.0,-901.0
399.0,-170.0,-479.0,393.0,-139.0,106.0,109.0,131.0,229.0,-1014.0
407.0,-347.0,-474.0,390.0,-89.0,39.0,95.0,114.0,129.0,-1126.0
387.0,-391.0,-491.0,361.0,-22.0,50.0,126.0,181.0,6.0,-1213.0
369.0,-247.0,-467.0,321.0,33.0,-4.0,174.0,225.0,-123.0,-1258.0
346.0,-58.0,-438.0,266.0,71.0,-62.0,158.0,96.0,-262.0,-1286.0
303.0,132.0,-415.0,165.0,96.0,-102.0,91.0,73.0,-414.0,-1286.0
269.0,335.0,-387.0,66.0,109.0,-54.0,103.0,-127.0,-555.0,-1228.0
221.0,441.0,-336.0,-8.0,109.0,-10.0,122.0,-184.0,-682.0,-1125.0
167.0,453.0,-292.0,-93.0,95.0,-79.0,81.0,-197.0,-795.0,-998.0
124.0,483.0,-238.0,-159.0,69.0,-39.0,94.0,-173.0,-872.0,-847.0
76.0,454.0,-196.0,-184.0,34.0,-6.0,118.0,-31.0,-915.0,-663.0
48.0,289.0,-158.0,-196.0,-3.0,-35.0,88.0,-48.0,-920.0,-488.0
11.0,140.0,-122.0,-204.0,-42.0,-91.0,47.0,7.0,-873.0,-346.0
-39.0,54.0,-117.0,-218.0,-80.0,-143.0,19.0,14.0,-796.0,-199.0
-82.0,-38.0,-97.0,-189.0,-125.0,-163.0,1.0,83.0,-697.0,-60.0
-123.0,-192.0,-75.0,-153.0,-170.0,-178.0,-67.0,73.0,-584.0,32.0
-165.0,-318.0,-74.0,-175.0,-200.0,-131.0,-130.0,46.0,-454.0,101.0
-217.0,-355.0,-52.0,-176.0,-214.0,-5.0,-114.0,66.0,-317.0,164.0
-235.0,-349.0,-44.0,-166.0,-219.0,118.0,-99.0,-83.0,-182.0,194.0
-233.0,-242.0,-58.0,-174.0,-218.0,128.0,-101.0,44.0,-42.0,196.0
-212.0,-49.0,-48.0,-159.0,-210.0,129.0,-98.0,42.0,82.0,196.0
-187.0,140.0,-58.0,-139.0,-188.0,76.0,-123.0,25.0,192.0,202.0
-162.0,359.0,-53.0,-124.0,-141.0,-73.0,-145.0,149.0,276.0,190.0
-130.0,616.0,-30.0,-126.0,-70.0,-219.0,-72.0,79.0,349.0,152.0
-106.0,803.0,-53.0,-167.0,4.0,-206.0,28.0,171.0,419.0,112.0
-81.0,755.0,-34.0,-204.0,61.0,-53.0,89.0,129.0,484.0,62.0
-59.0,411.0,-26.0,-253.0,103.0,28.0,135.0,127.0,550.0,-13.0
-19.0,-5.0,-39.0,-338.0,134.0,98.0,117.0,73.0,598.0,-99.0
3.0,-294.0,10.0,-415.0,154.0,152.0,54.0,-83.0,635.0,-166.0
42.0,-453.0,30.0,-461.0,158.0,137.0,-10.0,29.0,654.0,-234.0
76.0,-487.0,64.0,-464.0,141.0,67.0,-18.0,40.0,664.0,-299.0
91.0,-426.0,128.0,-437.0,113.0,66.0,24.0,234.0,652.0,-328.0
117.0,-290.0,172.0,-356.0,92.0,68.0,16.0,275.0,627.0,-332.0
112.0,-111.0,243.0,-279.0,96.0,-52.0,-29.0,121.0,607.0,-295.0
114.0,121.0,316.0,-221.0,115.0,-83.0,-6.0,79.0,575.0,-228.0
113.0,354.0,391.0,-107.0,121.0,65.0,37.0,-46.0,543.0,-137.0
97.0,432.0,450.0,65.0,99.0,148.0,9.0,77.0,498.0,-6.0
76.0,435.0,511.0,235.0,61.0,-59.0,-20.0,114.0,450.0,103.0
65.0,466.0,589.0,390.0,24.0,-204.0,-9.0,171.0,400.0,205.0
48.0,403.0,651.0,524.0,-6.0,-153.0,47.0,288.0,349.0,316.0
15.0,201.0,721.0,606.0,-41.0,-108.0,74.0,269.0,336.0,391.0
-13.0,-50.0,757.0,683.0,-80.0,-171.0,20.0,339.0,330.0,451.0
-41.0,-366.0,788.0,694.0,-112.0,-301.0,-28.0,267.0,313.0,504.0
-58.0,-697.0,838.0,678.0,-127.0,-293.0,-37.0,238.0,291.0,542.0
-73.0,-934.0,832.0,687.0,-122.0,-260.0,-56.0,214.0,257.0,562.0
-72.0,-1172.0,841.0,614.0,-103.0,-232.0,-67.0,179.0,221.0,550.0
-79.0,-1387.0,869.0,515.0,-72.0,-213.0,-62.0,182.0,182.0,521.0
-82.0,-1412.0,829.0,420.0,-38.0,-163.0,-79.0,131.0,162.0,463.0
-75.0,-1364.0,790.0,313.0,-11.0,-81.0,-81.0,140.0,152.0,376.0
-63.0,-1363.0,759.0,235.0,7.0,-31.0,-83.0,-5.0,158.0,260.0
-51.0,-1259.0,675.0,131.0,23.0,19.0,-75.0,-125.0,169.0,123.0
-33.0,-1017.0,618.0,10.0,41.0,-19.0,-75.0,-195.0,165.0,-9.0
2.0,-700.0,543.0,-63.0,57.0,-94.0,-91.0,-179.0,182.0,-166.0
24.0,-338.0,449.0,-136.0,56.0,-160.0,-70.0,-16.0,183.0,-291.0
60.0,-4.0,391.0,-215.0,34.0,-75.0,-35.0,66.0,171.0,-365.0
86.0,400.0,269.0,-290.0,5.0,-99.0,-44.0,188.0,147.0,-437.0
109.0,903.0,199.0,-388.0,-5.0,-214.0,-62.0,205.0,100.0,-489.0
136.0,1391.0,122.0,-488.0,7.0,-120.0,-44.0,221.0,38.0,-524.0
160.0,1829.0,25.0,-535.0,35.0,-47.0,-15.0,162.0,-45.0,-535.0
189.0,2039.0,-32.0,-539.0,65.0,-1.0,21.0,59.0,-147.0,-537.0
209.0,1874.0,-119.0,-553.0,94.0,-64.0,19.0,84.0,-260.0,-554.0
231.0,1544.0,-164.0,-560.0,121.0,-108.0,-5.0,16.0,-366.0,-569.0
240.0,1271.0,-230.0,-530.0,147.0,-116.0,-18.0,110.0,-472.0,-581.0
259.0,920.0,-274.0,-467.0,183.0,-193.0,-35.0,142.0,-553.0,-626.0
267.0,478.0,-321.0,-379.0,225.0,-194.0,-24.0,164.0,-619.0,-689.0
274.0,129.0,-389.0,-251.0,255.0,-129.0,26.0,256.0,-654.0,-734.0
273.0,-152.0,-443.0,-122.0,258.0,-116.0,73.0,171.0,-648.0,-783.0
256.0,-370.0,-476.0,-20.0,239.0,-196.0,57.0,269.0,-620.0,-820.0
243.0,-500.0,-499.0,56.0,218.0,-166.0,37.0,230.0,-563.0,-835.0
219.0,-661.0,-540.0,116.0,194.0,-154.0,24.0,144.0,-487.0,-834.0
199.0,-864.0,-521.0,188.0,162.0,-200.0,29.0,199.0,-396.0,-830.0
150.0,-900.0,-534.0,248.0,119.0,-195.0,62.0,153.0,-294.0,-830.0
97.0,-749.0,-526.0,280.0,69.0,-112.0,53.0,168.0,-172.0,-800.0
57.0,-561.0,-501.0,285.0,20.0,-14.0,-7.0,72.0,-39.0,-773.0
25.0,-307.0,-495.0,288.0,-16.0,-107.0,-55.0,20.0,107.0,-755.0
-3.0,2.0,-481.0,283.0,-36.0,-189.0,-55.0,-59.0,260.0,-704.0
-24.0,305.0,-444.0,242.0,-59.0,-169.0,-55.0,-218.0,389.0,-621.0
-28.0,525.0,-403.0,199.0,-96.0,-189.0,-68.0,-223.0,509.0,-517.0
-28.0,641.0,-407.0,135.0,-143.0,-193.0,-90.0,-314.0,597.0,-412.0
-6.0,707.0,-359.0,34.0,-183.0,-143.0,-107.0,-166.0,646.0,-287.0
3.0,615.0,-365.0,-52.0,-209.0,-91.0,-113.0,-5.0,670.0,-145.0
11.0,319.0,-353.0,-105.0,-224.0,-123.0,-138.0,57.0,656.0,-33.0
34.0,-18.0,-322.0,-132.0,-231.0,-182.0,-166.0,190.0,614.0,77.0
71.0,-259.0,-312.0,-169.0,-232.0,-196.0,-148.0,147.0,532.0,188.0
111.0,-429.0,-279.0,-207.0,-232.0,-202.0,-131.0,236.0,428.0,255.0
150.0,-603.0,-238.0,-198.0,-227.0,-239.0,-162.0,168.0,312.0,277.0
194.0,-817.0,-211.0,-186.0,-217.0,-276.0,-178.0,55.0,187.0,263.0
245.0,-997.0,-190.0,-203.0,-209.0,-184.0,-171.0,53.0,89.0,232.0
290.0,-1028.0,-131.0,-211.0,-208.0,-137.0,-167.0,-25.0,12.0,172.0
316.0,-979.0,-131.0,-209.0,-200.0,-173.0,-193.0,107.0,-20.0,94.0
341.0,-959.0,-55.0,-171.0,-172.0,-171.0,-220.0,186.0,-17.0,52.0
361.0,-929.0,2.0,-101.0,-135.0,-164.0,-191.0,262.0,-9.0,31.0
381.0,-802.0,54.0,-31.0,-98.0,-205.0,-109.0,273.0,9.0,-11.0
397.0,-563.0,178.0,48.0,-70.0,-276.0,-56.0,120.0,27.0,-63.0
401.0,-276.0,223.0,130.0,-59.0,-256.0,-65.0,27.0,30.0,-96.0
385.0,-19.0,326.0,189.0,-62.0,-247.0,-88.0,53.0,24.0,-152.0
362.0,272.0,401.0,223.0,-77.0,-279.0,-107.0,181.0,16.0,-238.0
324.0,592.0,450.0,262.0,-94.0,-298.0,-110.0,168.0,0.0,-312.0
264.0,806.0,511.0,253.0,-103.0,-233.0,-101.0,166.0,-23.0,-385.0
182.0,919.0,535.0,184.0,-98.0,-214.0,-100.0,101.0,-59.0,-456.0
98.0,983.0,577.0,101.0,-76.0,-275.0,-127.0,64.0,-111.0,-506.0
23.0,1029.0,578.0,-1.0,-41.0,-261.0,-146.0,155.0,-180.0,-490.0
-67.0,995.0,566.0,-102.0,-2.0,-219.0,-173.0,88.0,-272.0,-440.0
-139.0,833.0,567.0,-218.0,26.0,-177.0,-243.0,127.0,-372.0,-373.0
-215.0,655.0,540.0,-335.0,43.0,-251.0,-263.0,97.0,-480.0,-282.0
-274.0,574.0,495.0,-443.0,55.0,-260.0,-246.0,31.0,-565.0,-171.0
-327.0,604.0,470.0,-529.0,58.0,-235.0,-235.0,-5.0,-635.0,-64.0
-380.0,644.0,421.0,-542.0,56.0,-309.0,-233.0,-77.0,-683.0,-13.0
-401.0,607.0,377.0,-529.0,57.0,-293.0,-254.0,-40.0,-677.0,42.0
-428.0,561.0,356.0,-497.0,66.0,-219.0,-280.0,-160.0,-654.0,60.0
-433.0,612.0,330.0,-437.0,76.0,-239.0,-317.0,-149.0,-610.0,8.0
-441.0,571.0,315.0,-359.0,85.0,-310.0,-359.0,-153.0,-551.0,-75.0
-446.0,269.0,310.0,-275.0,97.0,-330.0,-391.0,-162.0,-487.0,-182.0
-445.0,-53.0,287.0,-178.0,108.0,-301.0,-383.0,-5.0,-413.0,-288.0
-436.0,-275.0,252.0,-56.0,113.0,-233.0,-344.0,-33.0,-328.0,-414.0
-424.0,-502.0,232.0,44.0,116.0,-251.0,-339.0,99.0,-239.0,-508.0
-428.0,-650.0,189.0,120.0,122.0,-267.0,-333.0,75.0,-146.0,-571.0
-422.0,-599.0,160.0,201.0,123.0,-196.0,-268.0,16.0,-39.0,-640.0
-406.0,-489.0,114.0,248.0,114.0,-259.0,-202.0,103.0,56.0,-704.0
-390.0,-457.0,78.0,278.0,97.0,-348.0,-217.0,-38.0,149.0,-742.0
-385.0,-510.0,63.0,309.0,77.0,-306.0,-292.0,0.0,239.0,-748.0
-363.0,-687.0,22.0,312.0,53.0,-252.0,-383.0,0.0,313.0,-781.0
-339.0,-893.0,-6.0,340.0,31.0,-161.0,-451.0,-18.0,389.0,-795.0
-314.0,-982.0,-42.0,405.0,21.0,-143.0,-455.0,-9.0,473.0,-767.0
-299.0,-965.0,-45.0,477.0,24.0,-190.0,-391.0,-36.0,572.0,-740.0
-302.0,-914.0,-67.0,515.0,30.0,-243.0,-334.0,101.0,669.0,-738.0
-293.0,-791.0,-67.0,523.0,29.0,-252.0,-288.0,44.0,750.0,-722.0
-290.0,-607.0,-77.0,523.0,18.0,-158.0,-245.0,14.0,823.0,-677.0
-282.0,-422.0,-105.0,483.0,1.0,-139.0,-257.0,-46.0,876.0,-650.0
-279.0,-191.0,-97.0,395.0,-20.0,-120.0,-261.0,-186.0,908.0,-617.0
-259.0,28.0,-140.0,281.0,-51.0,-93.0,-235.0,-114.0,918.0,-564.0
-221.0,186.0,-138.0,137.0,-90.0,-7.0,-201.0,-99.0,893.0,-484.0
-198.0,260.0,-157.0,-26.0,-133.0,129.0,-194.0,-35.0,842.0,-430.0
-171.0,239.0,-169.0,-151.0,-162.0,115.0,-211.0,35.0,774.0,-355.0
-151.0,181.0,-159.0,-278.0,-165.0,47.0,-198.0,48.0,684.0,-221.0
-138.0,140.0,-187.0,-394.0,-142.0,16.0,-195.0,44.0,597.0,-115.0
-122.0,113.0,-183.0,-467.0,-96.0,-9.0,-207.0,12.0,524.0,-5.0
-122.0,150.0,-189.0,-533.0,-37.0,-18.0,-237.0,-29.0,440.0,142.0
-133.0,290.0,-184.0,-581.0,19.0,45.0,-238.0,-86.0,355.0,305.0
-144.0,297.0,-172.0,-608.0,70.0,133.0,-232.0,25.0,275.0,444.0
-171.0,109.0,-129.0,-595.0,116.0,164.0,-265.0,5.0,193.0,580.0
-198.0,-21.0,-102.0,-553.0,156.0,95.0,-266.0,96.0,127.0,716.0
-208.0,-42.0,-50.0,-479.0,186.0,11.0,-278.0,227.0,63.0,806.0
-207.0,-19.0,18.0,-385.0,198.0,13.0,-278.0,127.0,4.0,853.0
-184.0,55.0,47.0,-302.0,195.0,35.0,-256.0,218.0,-44.0,860.0
-154.0,102.0,106.0,-211.0,173.0,24.0,-241.0,129.0,-98.0,879.0
-112.0,47.0,132.0,-166.0,143.0,-3.0,-199.0,84.0,-151.0,864.0
-69.0,21.0,172.0,-156.0,108.0,-31.0,-160.0,127.0,-188.0,788.0
-39.0,98.0,200.0,-138.0,71.0,-108.0,-129.0,110.0,-207.0,735.0
-1.0,208.0,230.0,-133.0,46.0,-121.0,-128.0,201.0,-215.0,676.0
35.0,329.0,268.0,-117.0,40.0,58.0,-163.0,97.0,-191.0,579.0
83.0,411.0,281.0,-116.0,56.0,150.0,-208.0,73.0,-151.0,477.0
129.0,317.0,318.0,-121.0,83.0,56.0,-228.0,25.0,-108.0,381.0
176.0,103.0,322.0,-86.0,104.0,-58.0,-210.0,48.0,-63.0,315.0
211.0,-98.0,340.0,-60.0,105.0,-108.0,-212.0,199.0,-23.0,223.0
221.0,-246.0,350.0,-30.0,78.0,-47.0,-216.0,214.0,12.0,118.0
234.0,-301.0,342.0,-13.0,37.0,-21.0,-237.0,393.0,28.0,50.0
229.0,-318.0,347.0,-4.0,2.0,-10.0,-260.0,410.0,40.0,-54.0
211.0,-279.0,315.0,34.0,-18.0,-48.0,-272.0,301.0,45.0,-176.0
217.0,-76.0,295.0,52.0,-32.0,-166.0,-272.0,192.0,47.0,-261.0
233.0,268.0,262.0,65.0,-51.0,-219.0,-262.0,77.0,40.0,-314.0
252.0,617.0,221.0,90.0,-83.0,-218.0,-304.0,90.0,17.0,-369.0
269.0,833.0,195.0,97.0,-123.0,-126.0,-342.0,33.0,-12.0,-403.0
299.0,1011.0,149.0,76.0,-159.0,-68.0,-356.0,175.0,-42.0,-385.0
347.0,1228.0,116.0,63.0,-182.0,-42.0,-337.0,109.0,-62.0,-349.0
377.0,1335.0,82.0,51.0,-191.0,32.0,-319.0,-11.0,-86.0,-321.0
410.0,1267.0,63.0,13.0,-191.0,7.0,-325.0,22.0,-95.0,-284.0
450.0,1049.0,42.0,-3.0,-189.0,-62.0,-322.0,-192.0,-95.0,-213.0
477.0,819.0,21.0,5.0,-175.0,-78.0,-352.0,-86.0,-80.0,-177.0
509.0,697.0,24.0,-6.0,-143.0,-22.0,-347.0,-55.0,-37.0,-175.0
520.0,579.0,8.0,14.0,-113.0,-2.0,-312.0,-1.0,9.0,-158.0
517.0,436.0,-9.0,73.0,-96.0,-67.0,-293.0,254.0,58.0,-147.0
509.0,378.0,-53.0,108.0,-86.0,-60.0,-289.0,232.0,114.0,-201.0
489.0,351.0,-98.0,179.0,-73.0,-35.0,-299.0,343.0,162.0,-284.0
451.0,139.0,-153.0,245.0,-60.0,-10.0,-319.0,269.0,186.0,-353.0
405.0,-220.0,-217.0,314.0,-50.0,75.0,-352.0,112.0,185.0,-454.0
355.0,-541.0,-276.0,380.0,-33.0,153.0,-359.0,103.0,169.0,-563.0
316.0,-850.0,-334.0,409.0,-11.0,179.0,-378.0,-24.0,139.0,-645.0
292.0,-1204.0,-397.0,452.0,3.0,93.0,-395.0,-38.0,83.0,-681.0
256.0,-1513.0,-463.0,454.0,1.0,-38.0,-373.0,-72.0,29.0,-736.0
223.0,-1706.0,-503.0,443.0,-22.0,-92.0,-325.0,-83.0,-31.0,-792.0
193.0,-1722.0,-548.0,424.0,-64.0,-140.0,-284.0,-64.0,-108.0,-808.0
169.0,-1552.0,-576.0,397.0,-105.0,-177.0,-285.0,-92.0,-185.0,-835.0
129.0,-1352.0,-600.0,410.0,-128.0,-49.0,-324.0,-112.0,-273.0,-876.0
82.0,-1181.0,-610.0,411.0,-134.0,71.0,-379.0,-147.0,-363.0,-928.0
35.0,-947.0,-600.0,416.0,-135.0,-18.0,-412.0,-147.0,-452.0,-947.0
-21.0,-534.0,-605.0,408.0,-141.0,-91.0,-440.0,-236.0,-530.0,-974.0
-71.0,22.0,-564.0,366.0,-148.0,6.0,-450.0,-230.0,-582.0,-1016.0
-146.0,460.0,-532.0,346.0,-149.0,129.0,-437.0,-325.0,-607.0,-1018.0
-214.0,582.0,-499.0,318.0,-132.0,146.0,-423.0,-428.0,-585.0,-1003.0
-269.0,455.0,-424.0,296.0,-104.0,176.0,-390.0,-334.0,-532.0,-983.0
-337.0,199.0,-357.0,291.0,-71.0,220.0,-367.0,-375.0,-479.0,-976.0
-413.0,-39.0,-281.0,289.0,-43.0,167.0,-331.0,-240.0,-427.0,-953.0
-480.0,-94.0,-176.0,313.0,-21.0,85.0,-290.0,-162.0,-371.0,-915.0
-528.0,-42.0,-77.0,328.0,0.0,73.0,-266.0,-138.0,-309.0,-916.0
-564.0,-10.0,21.0,325.0,22.0,100.0,-241.0,-70.0,-262.0,-902.0
-597.0,9.0,153.0,281.0,47.0,37.0,-235.0,-171.0,-217.0,-872.0
-626.0,21.0,253.0,203.0,67.0,2.0,-254.0,-199.0,-150.0,-865.0
-639.0,34.0,361.0,148.0,80.0,79.0,-288.0,-258.0,-108.0,-882.0
-653.0,102.0,483.0,85.0,84.0,153.0,-325.0,-140.0,-81.0,-904.0
-668.0,255.0,560.0,48.0,83.0,139.0,-356.0,-86.0,-40.0,-910.0
-684.0,423.0,647.0,44.0,90.0,115.0,-336.0,-40.0,-5.0,-955.0
-679.0,592.0,716.0,-4.0,101.0,181.0,-297.0,62.0,29.0,-1014.0
-645.0,816.0,746.0,-40.0,111.0,210.0,-297.0,-110.0,55.0,-1020.0
-609.0,1011.0,744.0,-78.0,117.0,106.0,-299.0,-75.0,72.0,-1029.0
-561.0,1127.0,741.0,-113.0,116.0,27.0,-313.0,-129.0,88.0,-1045.0
-511.0,1167.0,724.0,-133.0,107.0,16.0,-327.0,-96.0,95.0,-1041.0
-465.0,1081.0,672.0,-188.0,93.0,-31.0,-323.0,33.0,111.0,-1027.0
-430.0,923.0,652.0,-190.0,78.0,-41.0,-341.0,-9.0,140.0,-1020.0
-397.0,723.0,600.0,-225.0,66.0,10.0,-343.0,109.0,168.0,-1020.0
-368.0,550.0,534.0,-283.0,48.0,86.0,-316.0,20.0,198.0,-988.0
-335.0,455.0,502.0,-316.0,24.0,134.0,-299.0,72.0,230.0,-926.0
-292.0,280.0,435.0,-380.0,10.0,194.0,-303.0,175.0,270.0,-847.0
-263.0,4.0,388.0,-390.0,2.0,223.0,-304.0,147.0,314.0,-744.0
-225.0,-233.0,341.0,-411.0,-9.0,142.0,-251.0,262.0,347.0,-602.0
-179.0,-377.0,278.0,-443.0,-36.0,127.0,-166.0,179.0,368.0,-445.0
-139.0,-449.0,227.0,-442.0,-76.0,220.0,-139.0,219.0,381.0,-296.0
-108.0,-538.0,171.0,-453.0,-108.0,311.0,-161.0,236.0,382.0,-136.0
-76.0,-707.0,133.0,-416.0,-127.0,300.0,-186.0,125.0,373.0,10.0
-40.0,-883.0,81.0,-362.0,-140.0,249.0,-214.0,212.0,347.0,152.0
-5.0,-936.0,33.0,-315.0,-150.0,239.0,-197.0,194.0,297.0,273.0
40.0,-923.0,-4.0,-240.0,-146.0,250.0,-174.0,230.0,233.0,404.0
71.0,-964.0,-59.0,-174.0,-119.0,186.0,-168.0,267.0,179.0,541.0
93.0,-960.0,-113.0,-112.0,-73.0,139.0,-109.0,253.0,131.0,637.0
124.0,-771.0,-169.0,-79.0,-26.0,225.0,-46.0,334.0,84.0,747.0
147.0,-415.0,-216.0,-47.0,13.0,264.0,-57.0,308.0,39.0,851.0
161.0,-46.0,-280.0,4.0,52.0,317.0,-107.0,258.0,-2.0,953.0
162.0,272.0,-334.0,20.0,88.0,440.0,-142.0,173.0,-29.0,1035.0
173.0,496.0,-372.0,74.0,113.0,455.0,-156.0,125.0,-69.0,1085.0
179.0,531.0,-419.0,98.0,118.0,315.0,-109.0,127.0,-101.0,1134.0
177.0,496.0,-456.0,142.0,111.0,254.0,-67.0,208.0,-136.0,1133.0
178.0,494.0,-487.0,204.0,99.0,327.0,-83.0,245.0,-164.0,1118.0
183.0,468.0,-509.0,175.0,83.0,352.0,-77.0,199.0,-161.0,1086.0
205.0,435.0,-533.0,211.0,70.0,349.0,-60.0,238.0,-165.0,1020.0
211.0,417.0,-532.0,222.0,66.0,361.0,-65.0,86.0,-162.0,918.0
226.0,383.0,-501.0,215.0,70.0,427.0,-88.0,60.0,-168.0,789.0
247.0,317.0,-488.0,208.0,85.0,477.0,-84.0,38.0,-197.0,684.0
256.0,198.0,-459.0,170.0,106.0,444.0,-54.0,14.0,-222.0,573.0
278.0,82.0,-397.0,197.0,121.0,367.0,-38.0,144.0,-249.0,470.0
289.0,62.0,-350.0,180.0,124.0,370.0,-31.0,103.0,-273.0,394.0
297.0,50.0,-268.0,183.0,120.0,406.0,-40.0,242.0,-300.0,338.0
302.0,-17.0,-205.0,185.0,111.0,362.0,-45.0,267.0,-323.0,282.0
306.0,-43.0,-168.0,163.0,101.0,421.0,-29.0,227.0,-339.0,214.0
289.0,19.0,-79.0,159.0,96.0,488.0,-20.0,243.0,-350.0,192.0
267.0,145.0,-38.0,97.0,92.0,476.0,-15.0,125.0,-351.0,171.0
248.0,229.0,13.0,69.0,78.0,476.0,14.0,125.0,-327.0,115.0
222.0,159.0,74.0,39.0,51.0,511.0,21.0,-14.0,-301.0,89.0
204.0,-78.0,93.0,-26.0,16.0,523.0,24.0,-12.0,-265.0,79.0
180.0,-347.0,114.0,-47.0,-22.0,411.0,23.0,20.0,-199.0,41.0
158.0,-466.0,149.0,-100.0,-61.0,363.0,-14.0,-68.0,-117.0,-22.0
143.0,-451.0,159.0,-128.0,-94.0,449.0,-27.0,-22.0,-18.0,-79.0
140.0,-449.0,161.0,-116.0,-115.0,566.0,-12.0,-114.0,80.0,-130.0
115.0,-458.0,196.0,-106.0,-123.0,575.0,12.0,-31.0,161.0,-212.0
92.0,-424.0,194.0,-14.0,-121.0,467.0,5.0,-44.0,228.0,-284.0
97.0,-380.0,219.0,70.0,-110.0,389.0,-1.0,-90.0,277.0,-320.0
98.0,-353.0,233.0,174.0,-91.0,379.0,9.0,96.0,307.0,-362.0
107.0,-263.0,234.0,314.0,-72.0,403.0,19.0,97.0,317.0,-404.0
114.0,-2.0,255.0,444.0,-61.0,381.0,31.0,192.0,320.0,-412.0
142.0,277.0,239.0,587.0,-54.0,366.0,32.0,179.0,342.0,-396.0
170.0,381.0,246.0,664.0,-49.0,315.0,54.0,158.0,363.0,-391.0
186.0,413.0,232.0,711.0,-40.0,269.0,26.0,179.0,389.0,-404.0
216.0,509.0,211.0,726.0,-28.0,269.0,-27.0,70.0,415.0,-395.0
238.0,602.0,189.0,657.0,-23.0,215.0,-57.0,51.0,434.0,-375.0
259.0,603.0,142.0,581.0,-28.0,168.0,-70.0,-55.0,466.0,-403.0
270.0,550.0,119.0,495.0,-40.0,206.0,-29.0,3.0,486.0,-432.0
271.0,480.0,75.0,371.0,-50.0,381.0,-14.0,-42.0,504.0,-464.0
256.0,334.0,28.0,267.0,-54.0,417.0,-43.0,-84.0,518.0,-529.0
224.0,135.0,14.0,189.0,-59.0,252.0,-91.0,140.0,528.0,-610.0
204.0,13.0,-12.0,141.0,-69.0,183.0,-138.0,105.0,544.0,-673.0
170.0,-65.0,-27.0,97.0,-80.0,207.0,-142.0,140.0,554.0,-699.0
145.0,-258.0,-10.0,67.0,-90.0,228.0,-132.0,195.0,559.0,-745.0
128.0,-539.0,-26.0,60.0,-102.0,202.0,-134.0,171.0,555.0,-773.0
102.0,-789.0,-21.0,7.0,-114.0,217.0,-145.0,201.0,544.0,-757.0
90.0,-942.0,16.0,-11.0,-110.0,269.0,-129.0,147.0,532.0,-743.0
66.0,-940.0,11.0,-25.0,-93.0,249.0,-116.0,158.0,512.0,-723.0
40.0,-781.0,25.0,-55.0,-81.0,197.0,-135.0,109.0,489.0,-681.0
25.0,-537.0,41.0,-54.0,-81.0,214.0,-154.0,62.0,473.0,-629.0
-6.0,-285.0,14.0,-68.0,-82.0,260.0,-154.0,64.0,436.0,-587.0
-35.0,-86.0,26.0,-53.0,-76.0,242.0,-134.0,83.0,409.0,-566.0
-67.0,2.0,10.0,-68.0,-65.0,261.0,-112.0,70.0,379.0,-532.0
-120.0,58.0,-33.0,-95.0,-48.0,310.0,-114.0,-64.0,322.0,-486.0
-169.0,172.0,-12.0,-120.0,-29.0,306.0,-146.0,-75.0,286.0,-493.0
-241.0,306.0,-68.0,-195.0,-8.0,265.0,-148.0,-94.0,252.0,-508.0
-311.0,408.0,-85.0,-245.0,8.0,248.0,-126.0,-24.0,236.0,-511.0
-368.0,451.0,-84.0,-281.0,18.0,278.0,-105.0,57.0,243.0,-525.0
-422.0,431.0,-154.0,-312.0,30.0,319.0,-82.0,49.0,248.0,-546.0
-456.0,360.0,-94.0,-333.0,39.0,355.0,-60.0,171.0,241.0,-551.0
-497.0,246.0,-111.0,-342.0,42.0,407.0,-47.0,116.0,221.0,-497.0
-531.0,120.0,-92.0,-319.0,39.0,452.0,-63.0,101.0,189.0,-434.0
-567.0,20.0,-1.0,-322.0,22.0,366.0,-79.0,90.0,146.0,-355.0
-608.0,-54.0,-2.0,-318.0,-8.0,342.0,-87.0,-40.0,111.0,-230.0
-654.0,-112.0,96.0,-273.0,-51.0,433.0,-74.0,-120.0,86.0,-100.0
-692.0,-155.0,158.0,-224.0,-89.0,404.0,-15.0,-308.0,84.0,20.0
-721.0,-222.0,191.0,-161.0,-107.0,259.0,28.0,-319.0,96.0,147.0
-735.0,-326.0,280.0,-116.0,-102.0,147.0,42.0,-251.0,105.0,305.0
-723.0,-396.0,313.0,-54.0,-81.0,169.0,52.0,-214.0,109.0,449.0
-713.0,-443.0,374.0,18.0,-46.0,198.0,17.0,-155.0,100.0,545.0
-677.0,-538.0,415.0,62.0,-7.0,271.0,-8.0,-84.0,42.0,648.0
-635.0,-603.0,435.0,117.0,22.0,406.0,-19.0,48.0,-45.0,783.0
-585.0,-519.0,475.0,169.0,41.0,442.0,-21.0,24.0,-143.0,874.0
-534.0,-349.0,455.0,235.0,50.0,344.0,54.0,90.0,-268.0,919.0
-472.0,-171.0,442.0,314.0,58.0,283.0,137.0,72.0,-383.0,971.0
-383.0,60.0,414.0,350.0,70.0,402.0,207.0,20.0,-498.0,978.0
-311.0,300.0,356.0,400.0,83.0,463.0,253.0,121.0,-615.0,945.0
-221.0,404.0,305.0,457.0,95.0,423.0,283.0,44.0,-685.0,890.0
-125.0,312.0,235.0,497.0,98.0,440.0,313.0,59.0,-718.0,834.0
-29.0,92.0,158.0,539.0,84.0,559.0,300.0,-72.0,-724.0,766.0
56.0,-155.0,100.0,543.0,50.0,609.0,265.0,-234.0,-671.0,648.0
126.0,-401.0,39.0,520.0,5.0,486.0,209.0,-164.0,-575.0,551.0
197.0,-571.0,-29.0,487.0,-27.0,402.0,180.0,-142.0,-451.0,471.0
242.0,-612.0,-79.0,442.0,-39.0,450.0,170.0,25.0,-296.0,391.0
272.0,-577.0,-117.0,425.0,-43.0,476.0,140.0,92.0,-125.0,322.0
291.0,-454.0,-130.0,420.0,-44.0,362.0,119.0,175.0,47.0,305.0
302.0,-244.0,-154.0,415.0,-45.0,302.0,116.0,310.0,204.0,324.0
316.0,6.0,-161.0,442.0,-50.0,352.0,145.0,332.0,342.0,325.0
326.0,238.0,-151.0,486.0,-61.0,385.0,160.0,495.0,446.0,355.0
342.0,433.0,-149.0,498.0,-67.0,404.0,144.0,463.0,520.0,388.0
350.0,585.0,-117.0,467.0,-57.0,421.0,134.0,419.0,572.0,395.0
358.0,661.0,-79.0,425.0,-34.0,417.0,122.0,317.0,602.0,377.0
358.0,642.0,-24.0,363.0,-5.0,336.0,128.0,88.0,624.0,362.0
347.0,592.0,9.0,273.0,26.0,247.0,125.0,0.0,624.0,351.0
349.0,580.0,43.0,183.0,64.0,204.0,83.0,-48.0,607.0,293.0
328.0,561.0,101.0,70.0,100.0,238.0,58.0,57.0,581.0,204.0
315.0,537.0,107.0,-55.0,131.0,242.0,81.0,3.0,529.0,128.0
314.0,497.0,125.0,-153.0,152.0,213.0,138.0,5.0,458.0,56.0
295.0,447.0,126.0,-232.0,155.0,261.0,163.0,22.0,376.0,-61.0
293.0,439.0,105.0,-285.0,139.0,284.0,148.0,5.0,266.0,-171.0
283.0,468.0,91.0,-301.0,109.0,294.0,121.0,105.0,141.0,-244.0
279.0,531.0,17.0,-277.0,73.0,321.0,97.0,-83.0,4.0,-336.0
285.0,567.0,-33.0,-231.0,33.0,369.0,117.0,-27.0,-138.0,-451.0
288.0,535.0,-107.0,-226.0,-8.0,360.0,143.0,24.0,-265.0,-553.0
302.0,429.0,-179.0,-216.0,-53.0,304.0,166.0,24.0,-386.0,-604.0
315.0,296.0,-216.0,-176.0,-87.0,280.0,205.0,110.0,-489.0,-674.0
321.0,146.0,-322.0,-146.0,-96.0,139.0,268.0,64.0,-581.0,-764.0
303.0,-87.0,-384.0,-84.0,-82.0,-6.0,353.0,171.0,-645.0,-785.0
283.0,-352.0,-430.0,-31.0,-68.0,67.0,400.0,60.0,-677.0,-793.0
242.0,-595.0,-504.0,31.0,-66.0,210.0,413.0,-20.0,-691.0,-819.0
188.0,-874.0,-510.0,123.0,-69.0,246.0,398.0,-142.0,-676.0,-837.0
127.0,-1176.0,-520.0,166.0,-75.0,178.0,359.0,-158.0,-656.0,-804.0
54.0,-1374.0,-496.0,206.0,-85.0,121.0,329.0,-36.0,-627.0,-767.0
0.0,-1413.0,-459.0,238.0,-92.0,145.0,336.0,-134.0,-595.0,-759.0
-57.0,-1311.0,-407.0,233.0,-87.0,150.0,377.0,-36.0,-565.0,-705.0
-99.0,-1118.0,-316.0,188.0,-74.0,185.0,412.0,-181.0,-521.0,-647.0
-145.0,-895.0,-249.0,154.0,-68.0,256.0,444.0,-269.0,-481.0,-616.0
-177.0,-600.0,-123.0,110.0,-76.0,198.0,430.0,-256.0,-444.0,-588.0
-201.0,-208.0,-37.0,34.0,-95.0,31.0,392.0,-415.0,-403.0,-519.0
-206.0,215.0,51.0,-24.0,-123.0,-22.0,415.0,-351.0,-362.0,-445.0
-203.0,545.0,155.0,-99.0,-148.0,79.0,435.0,-301.0,-304.0,-385.0
-196.0,681.0,216.0,-162.0,-167.0,112.0,422.0,-136.0,-224.0,-276.0
-156.0,640.0,305.0,-223.0,-176.0,146.0,408.0,-14.0,-132.0,-156.0
-134.0,529.0,348.0,-218.0,-172.0,264.0,406.0,-5.0,-29.0,-41.0
-86.0,457.0,395.0,-170.0,-159.0,265.0,407.0,36.0,88.0,49.0
-42.0,419.0,418.0,-121.0,-148.0,162.0,418.0,27.0,208.0,129.0
-23.0,337.0,411.0,-60.0,-137.0,129.0,444.0,101.0,315.0,214.0
-6.0,171.0,434.0,-27.0,-110.0,198.0,449.0,33.0,403.0,243.0
0.0,-27.0,451.0,53.0,-63.0,201.0,420.0,11.0,471.0,240.0
2.0,-179.0,440.0,133.0,-6.0,61.0,359.0,44.0,524.0,260.0
-10.0,-267.0,435.0,224.0,56.0,-22.0,299.0,-59.0,571.0,254.0
-29.0,-256.0,428.0,305.0,127.0,48.0,260.0,-29.0,619.0,209.0
-63.0,-146.0,410.0,342.0,198.0,156.0,290.0,-35.0,665.0,177.0
-103.0,-35.0,428.0,397.0,256.0,234.0,335.0,-44.0,722.0,157.0
-159.0,-17.0,421.0,426.0,292.0,285.0,352.0,-36.0,780.0,120.0
-192.0,-59.0,435.0,470.0,301.0,269.0,391.0,-83.0,826.0,73.0
-234.0,-101.0,408.0,487.0,285.0,173.0,417.0,-57.0,876.0,59.0
-283.0,-126.0,419.0,442.0,257.0,48.0,440.0,-5.0,908.0,56.0
-308.0,-180.0,455.0,398.0,233.0,38.0,457.0,142.0,915.0,37.0
-335.0,-341.0,409.0,330.0,203.0,60.0,425.0,203.0,925.0,14.0
-352.0,-544.0,447.0,272.0,161.0,-7.0,347.0,277.0,921.0,-3.0
-375.0,-648.0,445.0,196.0,109.0,57.0,311.0,303.0,898.0,-38.0
-377.0,-614.0,397.0,111.0,42.0,240.0,325.0,229.0,847.0,-114.0
-376.0,-449.0,401.0,72.0,-36.0,342.0,340.0,306.0,771.0,-182.0
-374.0,-168.0,414.0,34.0,-120.0,325.0,367.0,127.0,672.0,-237.0
-361.0,137.0,383.0,11.0,-190.0,263.0,377.0,35.0,536.0,-291.0
-353.0,389.0,356.0,7.0,-228.0,280.0,342.0,110.0,393.0,-333.0
-340.0,647.0,341.0,-21.0,-237.0,275.0,302.0,73.0,240.0,-341.0
-315.0,925.0,350.0,-56.0,-222.0,148.0,296.0,194.0,88.0,-325.0
-293.0,1127.0,338.0,-96.0,-198.0,27.0,305.0,169.0,-51.0,-322.0
-271.0,1176.0,284.0,-159.0,-176.0,-22.0,333.0,182.0,-166.0,-307.0
-226.0,1094.0,326.0,-207.0,-157.0,35.0,353.0,243.0,-257.0,-244.0
-181.0,966.0,289.0,-246.0,-135.0,205.0,349.0,145.0,-339.0,-173.0
-126.0,879.0,233.0,-302.0,-105.0,288.0,352.0,60.0,-377.0,-114.0
-87.0,843.0,204.0,-369.0,-60.0,186.0,383.0,72.0,-399.0,-28.0
-55.0,797.0,174.0,-431.0,-12.0,77.0,439.0,151.0,-401.0,81.0
-21.0,691.0,86.0,-470.0,23.0,126.0,473.0,121.0,-371.0,170.0
0.0,499.0,19.0,-499.0,41.0,258.0,480.0,225.0,-327.0,246.0
29.0,287.0,64.0,-519.0,44.0,261.0,433.0,230.0,-252.0,351.0
62.0,125.0,-42.0,-519.0,42.0,166.0,370.0,175.0,-180.0,467.0
95.0,-78.0,-105.0,-519.0,41.0,175.0,331.0,192.0,-116.0,560.0
114.0,-377.0,-116.0,-537.0,48.0,245.0,331.0,44.0,-65.0,657.0
132.0,-653.0,-210.0,-549.0,58.0,187.0,378.0,114.0,-31.0,757.0
139.0,-844.0,-243.0,-558.0,73.0,79.0,396.0,118.0,-20.0,842.0
144.0,-940.0,-248.0,-588.0,101.0,129.0,402.0,179.0,-37.0,905.0
142.0,-815.0,-261.0,-596.0,131.0,190.0,406.0,378.0,-76.0,976.0
125.0,-484.0,-318.0,-570.0,147.0,135.0,391.0,382.0,-147.0,1051.0
115.0,-182.0,-385.0,-533.0,142.0,141.0,359.0,426.0,-233.0,1107.0
92.0,-36.0,-375.0,-462.0,119.0,221.0,324.0,236.0,-328.0,1153.0
74.0,-34.0,-367.0,-368.0,93.0,340.0,305.0,134.0,-443.0,1188.0
60.0,-106.0,-340.0,-249.0,76.0,369.0,289.0,166.0,-553.0,1181.0
43.0,-209.0,-315.0,-93.0,72.0,258.0,302.0,55.0,-638.0,1105.0
24.0,-356.0,-276.0,40.0,78.0,160.0,319.0,83.0,-710.0,1014.0
20.0,-507.0,-217.0,162.0,87.0,123.0,308.0,48.0,-760.0,907.0
19.0,-533.0,-231.0,293.0,85.0,228.0,263.0,138.0,-790.0,768.0
10.0,-345.0,-202.0,432.0,60.0,328.0,221.0,145.0,-802.0,621.0
0.0,-92.0,-92.0,567.0,16.0,350.0,216.0,22.0,-774.0,481.0
-29.0,66.0,-44.0,667.0,-34.0,380.0,219.0,55.0,-746.0,379.0
-44.0,123.0,5.0,774.0,-78.0,383.0,243.0,-49.0,-694.0,277.0
-69.0,102.0,123.0,835.0,-101.0,377.0,246.0,-79.0,-625.0,195.0
-93.0,23.0,171.0,875.0,-100.0,315.0,243.0,-173.0,-561.0,157.0
-91.0,-21.0,242.0,903.0,-79.0,306.0,280.0,-291.0,-483.0,113.0
-89.0,57.0,288.0,872.0,-49.0,413.0,297.0,-423.0,-419.0,75.0
-68.0,203.0,361.0,834.0,-21.0,454.0,296.0,-572.0,-354.0,44.0
-34.0,342.0,476.0,755.0,-1.0,337.0,278.0,-463.0,-287.0,8.0
-9.0,429.0,504.0,657.0,8.0,248.0,234.0,-432.0,-239.0,-29.0
17.0,430.0,550.0,570.0,6.0,229.0,191.0,-277.0,-209.0,-76.0
36.0,380.0,642.0,490.0,0.0,167.0,166.0,-229.0,-203.0,-100.0
54.0,357.0,708.0,447.0,4.0,121.0,126.0,-212.0,-192.0,-95.0
89.0,424.0,667.0,401.0,19.0,88.0,113.0,-114.0,-190.0,-106.0
116.0,560.0,662.0,347.0,32.0,139.0,124.0,-262.0,-195.0,-101.0
144.0,620.0,744.0,287.0,28.0,210.0,86.0,-221.0,-193.0,-67.0
161.0,497.0,770.0,231.0,5.0,186.0,71.0,-328.0,-191.0,-49.0
170.0,307.0,660.0,216.0,-14.0,116.0,108.0,-369.0,-197.0,-29.0
180.0,139.0,628.0,207.0,-16.0,134.0,149.0,-227.0,-216.0,-1.0
178.0,-37.0,617.0,190.0,-11.0,210.0,168.0,-218.0,-218.0,26.0
159.0,-203.0,470.0,136.0,-12.0,194.0,164.0,-162.0,-217.0,55.0
128.0,-373.0,344.0,56.0,-19.0,239.0,141.0,-334.0,-211.0,79.0
107.0,-572.0,282.0,-11.0,-21.0,317.0,78.0,-432.0,-188.0,130.0
79.0,-672.0,237.0,-91.0,-8.0,219.0,13.0,-482.0,-173.0,172.0
44.0,-586.0,116.0,-162.0,14.0,73.0,0.0,-473.0,-151.0,179.0
1.0,-480.0,43.0,-250.0,36.0,81.0,-17.0,-288.0,-116.0,180.0
-29.0,-487.0,-7.0,-365.0,54.0,118.0,-41.0,-253.0,-79.0,184.0
-65.0,-533.0,-67.0,-457.0,67.0,88.0,-28.0,-127.0,-33.0,159.0
-104.0,-503.0,-189.0,-543.0,74.0,-13.0,-38.0,-142.0,26.0,103.0
-118.0,-387.0,-263.0,-632.0,74.0,-102.0,-40.0,-184.0,86.0,50.0
-149.0,-238.0,-230.0,-664.0,80.0,-61.0,-36.0,-194.0,140.0,3.0
-165.0,-128.0,-348.0,-687.0,85.0,22.0,-26.0,-275.0,190.0,-49.0
-179.0,-101.0,-370.0,-737.0,75.0,104.0,25.0,-216.0,227.0,-99.0
-196.0,-142.0,-349.0,-768.0,42.0,35.0,102.0,-256.0,268.0,-117.0
-199.0,-223.0,-426.0,-778.0,3.0,-154.0,183.0,-179.0,302.0,-122.0
-212.0,-254.0,-465.0,-778.0,-20.0,-218.0,181.0,-118.0,332.0,-125.0
-222.0,-145.0,-474.0,-771.0,-31.0,-81.0,139.0,-55.0,367.0,-112.0
-243.0,86.0,-446.0,-771.0,-37.0,41.0,84.0,7.0,391.0,-82.0
-261.0,392.0,-461.0,-770.0,-45.0,-21.0,31.0,-127.0,419.0,-44.0
-283.0,706.0,-537.0,-768.0,-55.0,-121.0,56.0,-44.0,440.0,-16.0
-301.0,910.0,-451.0,-743.0,-55.0,-74.0,105.0,-129.0,443.0,23.0
-311.0,995.0,-452.0,-694.0,-41.0,71.0,136.0,-188.0,452.0,61.0
-303.0,1044.0,-623.0,-618.0,-10.0,71.0,154.0,-153.0,466.0,58.0
-291.0,1039.0,-514.0,-493.0,30.0,-45.0,151.0,-214.0,479.0,62.0
-288.0,948.0,-506.0,-408.0,69.0,-131.0,128.0,-68.0,470.0,68.0
-258.0,836.0,-595.0,-333.0,89.0,-108.0,110.0,-84.0,468.0,56.0
-227.0,740.0,-527.0,-266.0,87.0,-46.0,127.0,-75.0,460.0,50.0
-189.0,554.0,-497.0,-204.0,79.0,-37.0,188.0,-140.0,436.0,71.0
-159.0,195.0,-546.0,-163.0,67.0,-46.0,231.0,-232.0,441.0,138.0
-119.0,-215.0,-535.0,-131.0,52.0,-165.0,238.0,-131.0,424.0,236.0
-78.0,-507.0,-449.0,-77.0,33.0,-203.0,222.0,-109.0,395.0,340.0
-53.0,-719.0,-491.0,-76.0,6.0,-86.0,200.0,81.0,375.0,456.0
-28.0,-916.0,-422.0,-38.0,-19.0,-77.0,197.0,99.0,335.0,595.0
-16.0,-993.0,-396.0,-22.0,-36.0,-197.0,209.0,114.0,290.0,695.0
-4.0,-919.0,-362.0,55.0,-49.0,-267.0,241.0,168.0,237.0,767.0
-13.0,-776.0,-256.0,129.0,-64.0,-150.0,247.0,-22.0,181.0,844.0
-12.0,-585.0,-297.0,153.0,-75.0,-18.0,225.0,16.0,110.0,879.0
-18.0,-349.0,-181.0,262.0,-72.0,-18.0,218.0,-1.0,31.0,876.0
-31.0,-99.0,-107.0,293.0,-62.0,-21.0,221.0,46.0,-36.0,856.0
-42.0,121.0,-122.0,405.0,-58.0,14.0,237.0,133.0,-105.0,837.0
-65.0,283.0,-49.0,508.0,-54.0,-64.0,258.0,40.0,-174.0,808.0
-88.0,382.0,11.0,575.0,-33.0,-174.0,264.0,168.0,-240.0,745.0
-125.0,385.0,23.0,656.0,2.0,-110.0,222.0,230.0,-300.0,689.0
-153.0,238.0,78.0,605.0,39.0,-22.0,209.0,242.0,-358.0,636.0
-189.0,-15.0,102.0,595.0,69.0,-12.0,246.0,240.0,-403.0,563.0
-222.0,-279.0,93.0,504.0,100.0,-25.0,288.0,208.0,-423.0,470.0
-244.0,-489.0,152.0,381.0,131.0,-50.0,345.0,218.0,-435.0,400.0
-261.0,-586.0,111.0,305.0,154.0,-95.0,357.0,177.0,-441.0,338.0
-276.0,-573.0,130.0,152.0,167.0,-139.0,324.0,216.0,-428.0,258.0
-276.0,-490.0,100.0,38.0,172.0,-37.0,320.0,251.0,-418.0,198.0
-258.0,-326.0,42.0,-52.0,171.0,68.0,335.0,266.0,-405.0,172.0
-237.0,-114.0,109.0,-128.0,164.0,8.0,311.0,149.0,-372.0,155.0
-204.0,80.0,28.0,-138.0,147.0,-62.0,254.0,60.0,-338.0,105.0
-180.0,323.0,11.0,-145.0,121.0,0.0,200.0,44.0,-282.0,89.0
-124.0,654.0,48.0,-93.0,89.0,98.0,201.0,-88.0,-218.0,90.0
-69.0,964.0,-50.0,10.0,55.0,-23.0,260.0,-164.0,-153.0,49.0
-17.0,1134.0,-42.0,114.0,21.0,-175.0,307.0,-291.0,-85.0,19.0
45.0,1158.0,-26.0,231.0,-6.0,-91.0,301.0,-251.0,-38.0,-11.0
114.0,1075.0,-92.0,336.0,-26.0,10.0,228.0,-116.0,7.0,-32.0
197.0,900.0,-85.0,474.0,-44.0,0.0,144.0,-48.0,27.0,-73.0
279.0,677.0,-92.0,563.0,-62.0,4.0,98.0,70.0,34.0,-111.0
371.0,406.0,-78.0,588.0,-78.0,100.0,101.0,-14.0,27.0,-97.0
454.0,47.0,-104.0,586.0,-91.0,225.0,157.0,-20.0,-2.0,-94.0
542.0,-345.0,-118.0,529.0,-95.0,215.0,186.0,40.0,-19.0,-94.0
608.0,-632.0,-62.0,486.0,-91.0,169.0,161.0,94.0,-47.0,-76.0
668.0,-758.0,-90.0,398.0,-87.0,187.0,148.0,151.0,-80.0,-44.0
728.0,-749.0,-95.0,263.0,-84.0,126.0,134.0,53.0,-101.0,-27.0
776.0,-655.0,-63.0,116.0,-75.0,24.0,97.0,96.0,-126.0,-32.0
796.0,-595.0,-52.0,-59.0,-56.0,32.0,115.0,60.0,-148.0,-28.0
788.0,-627.0,-47.0,-215.0,-42.0,141.0,134.0,73.0,-161.0,-29.0
794.0,-662.0,25.0,-346.0,-43.0,142.0,149.0,140.0,-167.0,-61.0
759.0,-608.0,40.0,-448.0,-46.0,33.0,192.0,5.0,-162.0,-94.0
714.0,-441.0,43.0,-515.0,-38.0,-25.0,206.0,9.0,-153.0,-88.0
645.0,-163.0,123.0,-574.0,-28.0,-22.0,215.0,-120.0,-143.0,-85.0
573.0,182.0,133.0,-598.0,-26.0,-8.0,194.0,-212.0,-136.0,-93.0
505.0,504.0,156.0,-584.0,-29.0,10.0,172.0,-175.0,-130.0,-59.0
407.0,681.0,168.0,-548.0,-34.0,-46.0,154.0,-188.0,-122.0,-20.0
303.0,642.0,174.0,-490.0,-43.0,-242.0,135.0,-125.0,-117.0,-16.0
193.0,442.0,160.0,-456.0,-56.0,-350.0,156.0,-184.0,-94.0,-8.0
111.0,232.0,104.0,-411.0,-67.0,-302.0,159.0,-64.0,-56.0,17.0
34.0,127.0,104.0,-362.0,-73.0,-185.0,134.0,33.0,-19.0,30.0
-37.0,109.0,111.0,-333.0,-73.0,-126.0,118.0,27.0,35.0,21.0
-97.0,114.0,28.0,-330.0,-62.0,-221.0,105.0,14.0,85.0,10.0
-146.0,109.0,-5.0,-356.0,-48.0,-270.0,85.0,-142.0,130.0,23.0
-205.0,29.0,-7.0,-409.0,-29.0,-212.0,71.0,-64.0,167.0,41.0
-265.0,-248.0,-62.0,-515.0,-10.0,-157.0,91.0,-120.0,184.0,45.0
-304.0,-737.0,-79.0,-575.0,5.0,-112.0,159.0,-157.0,191.0,95.0
-329.0,-1239.0,-110.0,-623.0,19.0,-114.0,198.0,-29.0,177.0,182.0
-346.0,-1581.0,-137.0,-644.0,27.0,-186.0,182.0,-16.0,140.0,260.0
-376.0,-1705.0,-194.0,-654.0,29.0,-239.0,143.0,60.0,95.0,354.0
-386.0,-1634.0,-225.0,-685.0,33.0,-193.0,79.0,-18.0,43.0,472.0
-399.0,-1421.0,-240.0,-656.0,39.0,-129.0,27.0,-57.0,-12.0,577.0
-426.0,-1054.0,-279.0,-647.0,42.0,-149.0,0.0,-60.0,-65.0,634.0
-444.0,-579.0,-300.0,-584.0,36.0,-204.0,3.0,-9.0,-121.0,684.0
-441.0,-169.0,-322.0,-541.0,25.0,-222.0,20.0,86.0,-164.0,725.0
-433.0,89.0,-308.0,-498.0,4.0,-200.0,34.0,-44.0,-207.0,704.0
-415.0,236.0,-361.0,-386.0,-34.0,-219.0,36.0,-66.0,-254.0,651.0
-384.0,333.0,-375.0,-290.0,-76.0,-261.0,52.0,-133.0,-296.0,594.0
-348.0,423.0,-338.0,-117.0,-105.0,-229.0,81.0,-175.0,-344.0,533.0
-303.0,464.0,-346.0,19.0,-115.0,-246.0,112.0,-136.0,-390.0,447.0
-271.0,433.0,-310.0,187.0,-110.0,-293.0,109.0,-134.0,-425.0,342.0
-203.0,448.0,-267.0,323.0,-91.0,-239.0,56.0,-75.0,-452.0,264.0
-149.0,594.0,-224.0,379.0,-57.0,-95.0,38.0,-194.0,-462.0,182.0
-105.0,795.0,-180.0,484.0,-8.0,-21.0,39.0,-199.0,-443.0,74.0
-58.0,923.0,-133.0,489.0,45.0,-128.0,66.0,-229.0,-412.0,0.0
-9.0,929.0,-64.0,536.0,85.0,-185.0,76.0,-323.0,-366.0,-20.0
42.0,859.0,-14.0,559.0,112.0,-156.0,61.0,-271.0,-303.0,-35.0
51.0,763.0,52.0,574.0,130.0,-79.0,43.0,-286.0,-223.0,-29.0
79.0,636.0,118.0,629.0,134.0,-52.0,17.0,-160.0,-126.0,29.0
95.0,410.0,167.0,588.0,126.0,-134.0,25.0,-83.0,-23.0,99.0
103.0,93.0,204.0,576.0,111.0,-209.0,5.0,12.0,83.0,155.0
83.0,-144.0,214.0,501.0,89.0,-265.0,6.0,190.0,178.0,216.0
56.0,-203.0,216.0,408.0,56.0,-177.0,19.0,262.0,259.0,308.0
56.0,-120.0,200.0,345.0,18.0,-145.0,3.0,306.0,335.0,379.0
22.0,18.0,182.0,238.0,-11.0,-260.0,-10.0,197.0,403.0,411.0
-14.0,106.0,125.0,159.0,-25.0,-364.0,-34.0,199.0,468.0,464.0
-36.0,72.0,84.0,60.0,-23.0,-394.0,-22.0,203.0,522.0,528.0
-33.0,-66.0,21.0,-8.0,-11.0,-319.0,6.0,221.0,571.0,556.0
-38.0,-268.0,-68.0,-46.0,1.0,-361.0,28.0,286.0,613.0,572.0
-42.0,-494.0,-114.0,-119.0,8.0,-446.0,46.0,197.0,640.0,613.0
-42.0,-609.0,-185.0,-140.0,11.0,-498.0,57.0,260.0,649.0,641.0
-29.0,-529.0,-270.0,-186.0,10.0,-518.0,84.0,182.0,625.0,638.0
-34.0,-383.0,-355.0,-224.0,6.0,-444.0,130.0,140.0,568.0,642.0
-56.0,-303.0,-375.0,-236.0,7.0,-425.0,164.0,208.0,499.0,660.0
-58.0,-247.0,-446.0,-294.0,17.0,-409.0,178.0,216.0,403.0,664.0
-65.0,-177.0,-481.0,-291.0,32.0,-398.0,176.0,369.0,288.0,636.0
-54.0,-127.0,-479.0,-349.0,49.0,-394.0,145.0,423.0,164.0,614.0
-50.0,-129.0,-583.0,-401.0,64.0,-347.0,153.0,578.0,35.0,603.0
-57.0,-169.0,-525.0,-402.0,92.0,-369.0,192.0,524.0,-98.0,552.0
-76.0,-139.0,-483.0,-455.0,132.0,-498.0,215.0,328.0,-244.0,484.0
-73.0,-18.0,-487.0,-491.0,167.0,-584.0,224.0,299.0,-375.0,435.0
-64.0,104.0,-403.0,-538.0,177.0,-436.0,185.0,138.0,-479.0,399.0
-63.0,246.0,-358.0,-539.0,167.0,-360.0,149.0,149.0,-565.0,356.0
-39.0,502.0,-302.0,-543.0,153.0,-531.0,105.0,149.0,-634.0,310.0
0.0,828.0,-234.0,-557.0,141.0,-632.0,37.0,175.0,-687.0,312.0
42.0,1101.0,-161.0,-508.0,118.0,-481.0,9.0,236.0,-720.0,292.0
80.0,1261.0,-83.0,-491.0,75.0,-277.0,32.0,169.0,-733.0,249.0
135.0,1286.0,15.0,-451.0,15.0,-381.0,78.0,162.0,-719.0,237.0
178.0,1164.0,94.0,-367.0,-52.0,-512.0,127.0,92.0,-679.0,239.0
227.0,905.0,131.0,-294.0,-123.0,-421.0,158.0,160.0,-614.0,243.0
261.0,553.0,150.0,-207.0,-187.0,-306.0,149.0,214.0,-511.0,226.0
296.0,158.0,197.0,-108.0,-233.0,-302.0,144.0,267.0,-367.0,249.0
343.0,-142.0,217.0,-15.0,-256.0,-375.0,125.0,375.0,-196.0,265.0
393.0,-226.0,167.0,51.0,-258.0,-325.0,101.0,321.0,-18.0,243.0
442.0,-195.0,192.0,103.0,-249.0,-276.0,81.0,358.0,169.0,228.0
481.0,-161.0,173.0,168.0,-235.0,-345.0,84.0,245.0,349.0,207.0
550.0,-130.0,167.0,195.0,-213.0,-430.0,118.0,164.0,491.0,183.0
605.0,-139.0,199.0,221.0,-193.0,-397.0,127.0,249.0,603.0,115.0
635.0,-265.0,195.0,245.0,-180.0,-312.0,125.0,199.0,695.0,71.0
657.0,-482.0,249.0,218.0,-168.0,-287.0,118.0,192.0,748.0,67.0
683.0,-678.0,255.0,222.0,-151.0,-198.0,121.0,72.0,740.0,35.0
705.0,-711.0,275.0,219.0,-119.0,-127.0,111.0,36.0,684.0,9.0
708.0,-562.0,299.0,186.0,-74.0,-195.0,82.0,38.0,612.0,21.0
689.0,-400.0,318.0,161.0,-22.0,-258.0,70.0,9.0,544.0,23.0
669.0,-316.0,302.0,132.0,32.0,-204.0,71.0,101.0,481.0,-3.0
650.0,-295.0,267.0,106.0,84.0,-114.0,91.0,86.0,406.0,-26.0
592.0,-326.0,267.0,80.0,128.0,-26.0,109.0,219.0,302.0,-37.0
520.0,-413.0,192.0,58.0,158.0,54.0,99.0,240.0,170.0,-57.0
448.0,-562.0,151.0,38.0,180.0,117.0,73.0,267.0,12.0,-136.0
382.0,-702.0,112.0,47.0,198.0,68.0,67.0,397.0,-165.0,-172.0
305.0,-716.0,46.0,63.0,211.0,-7.0,74.0,325.0,-341.0,-172.0
235.0,-593.0,-24.0,67.0,216.0,-75.0,77.0,339.0,-485.0,-243.0
155.0,-419.0,-87.0,100.0,211.0,-179.0,76.0,271.0,-581.0,-296.0
90.0,-269.0,-135.0,170.0,194.0,-146.0,32.0,288.0,-656.0,-316.0
44.0,-121.0,-197.0,242.0,170.0,-76.0,-28.0,286.0,-722.0,-364.0
-24.0,85.0,-230.0,306.0,143.0,19.0,-45.0,205.0,-749.0,-458.0
-79.0,282.0,-280.0,363.0,107.0,-14.0,-28.0,192.0,-751.0,-533.0
-148.0,376.0,-319.0,391.0,62.0,-125.0,-14.0,97.0,-745.0,-583.0
-184.0,392.0,-356.0,401.0,11.0,-87.0,-34.0,243.0,-711.0,-659.0
-211.0,426.0,-365.0,370.0,-41.0,-12.0,-76.0,301.0,-669.0,-737.0
-241.0,539.0,-371.0,287.0,-97.0,-43.0,-107.0,375.0,-637.0,-776.0
-244.0,688.0,-389.0,153.0,-146.0,-264.0,-114.0,537.0,-588.0,-792.0
-238.0,812.0,-362.0,-34.0,-182.0,-265.0,-102.0,443.0,-520.0,-821.0
-222.0,865.0,-371.0,-224.0,-199.0,-122.0,-78.0,436.0,-418.0,-808.0
-221.0,900.0,-350.0,-387.0,-198.0,-158.0,-48.0,382.0,-257.0,-729.0
-200.0,969.0,-315.0,-552.0,-179.0,-337.0,-43.0,365.0,-68.0,-638.0
-195.0,1014.0,-297.0,-681.0,-146.0,-429.0,-45.0,349.0,123.0,-556.0
-189.0,1011.0,-236.0,-752.0,-103.0,-335.0,-25.0,275.0,304.0,-439.0
-176.0,951.0,-199.0,-801.0,-50.0,-260.0,-12.0,343.0,425.0,-283.0
-150.0,821.0,-162.0,-795.0,-1.0,-197.0,11.0,384.0,484.0,-166.0
-107.0,633.0,-88.0,-744.0,32.0,-253.0,26.0,569.0,485.0,-71.0
-70.0,463.0,-60.0,-678.0,57.0,-399.0,-18.0,500.0,440.0,63.0
-20.0,374.0,-23.0,-595.0,83.0,-526.0,-71.0,286.0,388.0,182.0
9.0,270.0,22.0,-501.0,106.0,-519.0,-117.0,216.0,341.0,259.0
35.0,53.0,34.0,-387.0,120.0,-350.0,-155.0,-1.0,303.0,333.0
70.0,-203.0,77.0,-327.0,127.0,-274.0,-158.0,-25.0,268.0,418.0
113.0,-431.0,93.0,-273.0,134.0,-306.0,-119.0,-14.0,227.0,467.0
154.0,-646.0,76.0,-178.0,141.0,-329.0,-87.0,64.0,183.0,472.0
210.0,-821.0,81.0,-110.0,142.0,-344.0,-114.0,153.0,125.0,493.0
280.0,-929.0,83.0,-35.0,136.0,-363.0,-158.0,116.0,56.0,520.0
345.0,-956.0,52.0,27.0,130.0,-255.0,-180.0,149.0,-11.0,493.0
397.0,-912.0,8.0,56.0,120.0,-102.0,-187.0,73.0,-62.0,451.0
438.0,-771.0,-18.0,73.0,99.0,-93.0,-175.0,88.0,-104.0,465.0
473.0,-532.0,-45.0,91.0,74.0,-209.0,-164.0,20.0,-137.0,493.0
494.0,-316.0,-76.0,107.0,64.0,-318.0,-163.0,-77.0,-145.0,495.0
496.0,-204.0,-118.0,103.0,74.0,-323.0,-169.0,-16.0,-153.0,520.0
471.0,-169.0,-107.0,96.0,95.0,-260.0,-184.0,-49.0,-157.0,585.0
457.0,-119.0,-97.0,96.0,113.0,-170.0,-193.0,18.0,-143.0,645.0
436.0,-18.0,-95.0,76.0,113.0,-148.0,-197.0,35.0,-130.0,678.0
403.0,95.0,-34.0,46.0,92.0,-182.0,-201.0,36.0,-107.0,743.0
352.0,197.0,-4.0,14.0,56.0,-152.0,-224.0,96.0,-76.0,836.0
299.0,250.0,34.0,-34.0,18.0,3.0,-269.0,66.0,-53.0,893.0
264.0,159.0,96.0,-62.0,-16.0,90.0,-300.0,29.0,-47.0,930.0
216.0,-124.0,153.0,-90.0,-46.0,-104.0,-306.0,-109.0,-43.0,975.0
182.0,-450.0,205.0,-111.0,-73.0,-289.0,-282.0,-164.0,-46.0,1002.0
142.0,-642.0,255.0,-141.0,-94.0,-191.0,-230.0,-186.0,-70.0,973.0
110.0,-635.0,319.0,-181.0,-105.0,11.0,-185.0,-90.0,-80.0,953.0
74.0,-474.0,355.0,-225.0,-111.0,90.0,-152.0,22.0,-86.0,958.0
31.0,-263.0,377.0,-256.0,-109.0,23.0,-121.0,-96.0,-99.0,927.0
7.0,-55.0,385.0,-221.0,-98.0,-50.0,-143.0,-81.0,-105.0,874.0
-21.0,87.0,373.0,-176.0,-79.0,-68.0,-174.0,-129.0,-96.0,835.0
-55.0,94.0,351.0,-107.0,-58.0,-80.0,-190.0,-147.0,-75.0,808.0
-76.0,2.0,332.0,-8.0,-41.0,29.0,-197.0,-144.0,-70.0,718.0
-94.0,-106.0,294.0,96.0,-21.0,126.0,-192.0,-186.0,-70.0,617.0
-114.0,-193.0,250.0,201.0,0.0,13.0,-187.0,-94.0,-54.0,551.0
-110.0,-190.0,237.0,306.0,20.0,-90.0,-177.0,-129.0,-28.0,449.0
-97.0,-94.0,217.0,451.0,26.0,-110.0,-192.0,-42.0,0.0,318.0
-85.0,0.0,199.0,571.0,10.0,-87.0,-196.0,-94.0,44.0,194.0
-53.0,69.0,211.0,644.0,-24.0,-131.0,-196.0,-147.0,97.0,101.0
0.0,110.0,214.0,698.0,-65.0,-146.0,-218.0,7.0,144.0,-16.0
50.0,92.0,212.0,726.0,-95.0,-29.0,-273.0,-18.0,200.0,-161.0
110.0,55.0,190.0,758.0,-110.0,46.0,-345.0,88.0,270.0,-249.0
170.0,130.0,182.0,798.0,-115.0,-10.0,-377.0,134.0,349.0,-296.0
240.0,283.0,181.0,820.0,-112.0,-187.0,-382.0,221.0,410.0,-362.0
305.0,328.0,144.0,813.0,-102.0,-221.0,-375.0,269.0,448.0,-399.0
344.0,277.0,122.0,774.0,-81.0,-169.0,-370.0,9.0,465.0,-361.0
391.0,261.0,69.0,707.0,-53.0,-275.0,-367.0,-59.0,454.0,-331.0
416.0,316.0,26.0,597.0,-27.0,-306.0,-357.0,-142.0,402.0,-322.0
422.0,380.0,-16.0,501.0,-4.0,-166.0,-334.0,-188.0,326.0,-297.0
400.0,448.0,-94.0,406.0,12.0,-107.0,-310.0,-168.0,234.0,-252.0
378.0,541.0,-139.0,314.0,21.0,-196.0,-319.0,-157.0,124.0,-239.0
343.0,621.0,-226.0,234.0,29.0,-291.0,-355.0,3.0,37.0,-259.0
297.0,666.0,-281.0,117.0,41.0,-285.0,-379.0,62.0,-43.0,-246.0
247.0,650.0,-303.0,28.0,53.0,-184.0,-395.0,138.0,-101.0,-222.0
178.0,511.0,-369.0,-58.0,59.0,-102.0,-405.0,123.0,-134.0,-241.0
118.0,229.0,-384.0,-139.0,60.0,-142.0,-404.0,127.0,-165.0,-280.0
58.0,-107.0,-394.0,-177.0,61.0,-262.0,-392.0,197.0,-173.0,-280.0
8.0,-327.0,-424.0,-197.0,58.0,-305.0,-362.0,214.0,-189.0,-314.0
-53.0,-299.0,-413.0,-228.0,54.0,-214.0,-326.0,327.0,-209.0,-395.0
-84.0,-19.0,-403.0,-260.0,49.0,-145.0,-262.0,218.0,-223.0,-446.0
-108.0,367.0,-401.0,-290.0,43.0,-201.0,-173.0,125.0,-252.0,-482.0
-119.0,652.0,-357.0,-336.0,46.0,-262.0,-108.0,64.0,-282.0,-535.0
-107.0,757.0,-318.0,-350.0,57.0,-189.0,-105.0,-40.0,-328.0,-582.0
-114.0,772.0,-291.0,-359.0,71.0,-51.0,-152.0,-75.0,-359.0,-563.0
-105.0,758.0,-255.0,-372.0,80.0,-70.0,-207.0,-234.0,-376.0,-513.0
-120.0,696.0,-215.0,-383.0,80.0,-174.0,-226.0,-249.0,-388.0,-475.0
-134.0,583.0,-177.0,-394.0,73.0,-116.0,-197.0,-312.0,-395.0,-416.0
-147.0,409.0,-154.0,-394.0,59.0,-91.0,-153.0,-352.0,-415.0,-325.0
-164.0,120.0,-108.0,-396.0,49.0,-218.0,-127.0,-219.0,-430.0,-258.0
-187.0,-241.0,-102.0,-417.0,41.0,-227.0,-116.0,-109.0,-470.0,-228.0
-215.0,-569.0,-106.0,-441.0,33.0,-150.0,-96.0,44.0,-528.0,-167.0
-234.0,-829.0,-52.0,-438.0,26.0,-170.0,-95.0,11.0,-575.0,-94.0
-272.0,-1061.0,-43.0,-465.0,20.0,-260.0,-89.0,-18.0,-618.0,-49.0
-316.0,-1275.0,-25.0,-472.0,13.0,-228.0,-74.0,-112.0,-649.0,-31.0
-360.0,-1384.0,13.0,-457.0,5.0,-52.0,-84.0,-243.0,-663.0,10.0
-389.0,-1332.0,55.0,-446.0,4.0,4.0,-92.0,-175.0,-661.0,50.0
-422.0,-1216.0,70.0,-381.0,13.0,-161.0,-71.0,-284.0,-630.0,41.0
-446.0,-1143.0,66.0,-311.0,27.0,-271.0,-22.0,-282.0,-559.0,48.0
-453.0,-1076.0,101.0,-243.0,35.0,-147.0,15.0,-267.0,-481.0,70.0
-431.0,-995.0,72.0,-170.0,35.0,-72.0,34.0,-277.0,-395.0,59.0
-413.0,-888.0,85.0,-94.0,29.0,-48.0,28.0,-199.0,-295.0,13.0
-395.0,-650.0,91.0,-19.0,21.0,-43.0,11.0,-267.0,-195.0,-13.0
-368.0,-248.0,50.0,34.0,19.0,-72.0,16.0,-184.0,-83.0,-31.0
-340.0,255.0,36.0,71.0,19.0,16.0,36.0,-197.0,43.0,-96.0
-302.0,741.0,1.0,65.0,15.0,93.0,53.0,-160.0,183.0,-153.0
-282.0,1069.0,-37.0,41.0,6.0,60.0,54.0,-138.0,315.0,-167.0
-238.0,1191.0,-78.0,26.0,-10.0,-42.0,55.0,-280.0,433.0,-182.0
-187.0,1142.0,-105.0,-2.0,-25.0,-64.0,68.0,-288.0,537.0,-194.0
-141.0,993.0,-168.0,-22.0,-37.0,-39.0,104.0,-365.0,613.0,-165.0
-116.0,805.0,-199.0,-41.0,-43.0,-31.0,106.0,-297.0,665.0,-103.0
-89.0,567.0,-223.0,-41.0,-42.0,-24.0,71.0,-221.0,692.0,-35.0
-54.0,256.0,-248.0,-8.0,-33.0,-15.0,67.0,-127.0,680.0,5.0
-32.0,-21.0,-262.0,21.0,-10.0,57.0,55.0,-129.0,635.0,84.0
11.0,-146.0,-266.0,80.0,19.0,67.0,45.0,-373.0,561.0,190.0
46.0,-148.0,-215.0,152.0,53.0,16.0,26.0,-471.0,462.0,217.0
104.0,-117.0,-200.0,219.0,81.0,-32.0,11.0,-539.0,354.0,221.0
163.0,-108.0,-139.0,295.0,92.0,19.0,40.0,-500.0,236.0,234.0
236.0,-81.0,-80.0,373.0,85.0,111.0,65.0,-493.0,99.0,212.0
312.0,-3.0,-26.0,431.0,66.0,64.0,87.0,-450.0,-48.0,147.0
384.0,94.0,40.0,434.0,48.0,8.0,100.0,-410.0,-197.0,89.0
470.0,206.0,94.0,429.0,34.0,-49.0,95.0,-541.0,-340.0,52.0
549.0,314.0,164.0,397.0,16.0,-37.0,59.0,-445.0,-471.0,-9.0
629.0,370.0,211.0,318.0,-7.0,20.0,32.0,-456.0,-593.0,-76.0
676.0,359.0,280.0,256.0,-37.0,-16.0,6.0,-474.0,-691.0,-90.0
727.0,331.0,312.0,187.0,-72.0,-60.0,-29.0,-388.0,-752.0,-72.0
765.0,368.0,365.0,120.0,-101.0,-100.0,-37.0,-445.0,-785.0,-88.0
792.0,496.0,404.0,48.0,-119.0,-127.0,-55.0,-445.0,-799.0,-67.0
783.0,550.0,426.0,-35.0,-126.0,-121.0,-52.0,-548.0,-766.0,-3.0
773.0,396.0,473.0,-89.0,-119.0,-117.0,-42.0,-548.0,-720.0,50.0
757.0,118.0,493.0,-175.0,-98.0,-123.0,-45.0,-521.0,-667.0,106.0
709.0,-148.0,523.0,-280.0,-71.0,-84.0,-37.0,-476.0,-592.0,202.0
651.0,-286.0,531.0,-382.0,-51.0,-58.0,-50.0,-303.0,-518.0,319.0
569.0,-368.0,533.0,-453.0,-40.0,-89.0,-78.0,-299.0,-435.0,395.0
513.0,-590.0,523.0,-505.0,-30.0,-158.0,-94.0,-205.0,-343.0,447.0
431.0,-920.0,515.0,-595.0,-20.0,-177.0,-107.0,-218.0,-232.0,509.0
342.0,-1098.0,481.0,-646.0,-17.0,-125.0,-160.0,-223.0,-125.0,560.0
243.0,-982.0,458.0,-686.0,-22.0,-112.0,-225.0,-145.0,-10.0,571.0
157.0,-669.0,425.0,-712.0,-33.0,-108.0,-258.0,-214.0,105.0,588.0
100.0,-280.0,365.0,-692.0,-52.0,-173.0,-250.0,-192.0,201.0,611.0
33.0,101.0,331.0,-692.0,-73.0,-254.0,-228.0,-327.0,309.0,616.0
-17.0,442.0,248.0,-669.0,-93.0,-278.0,-225.0,-386.0,385.0,584.0
-65.0,742.0,195.0,-624.0,-110.0,-286.0,-222.0,-310.0,444.0,533.0
-87.0,962.0,138.0,-536.0,-123.0,-212.0,-205.0,-293.0,495.0,502.0
-114.0,1012.0,35.0,-407.0,-129.0,-175.0,-185.0,-212.0,532.0,419.0
-125.0,851.0,-19.0,-287.0,-129.0,-250.0,-208.0,-230.0,580.0,299.0
-131.0,585.0,-96.0,-151.0,-132.0,-308.0,-240.0,-205.0,615.0,211.0
-125.0,329.0,-185.0,-28.0,-146.0,-340.0,-250.0,-295.0,651.0,107.0
-112.0,98.0,-232.0,76.0,-155.0,-415.0,-264.0,-410.0,691.0,-37.0
-109.0,-87.0,-304.0,169.0,-149.0,-444.0,-300.0,-349.0,733.0,-179.0
-104.0,-218.0,-350.0,238.0,-130.0,-388.0,-358.0,-369.0,777.0,-283.0
-109.0,-334.0,-377.0,328.0,-108.0,-277.0,-415.0,-314.0,804.0,-388.0
-88.0,-435.0,-439.0,388.0,-91.0,-229.0,-428.0,-332.0,836.0,-490.0
-86.0,-544.0,-443.0,446.0,-70.0,-290.0,-405.0,-315.0,843.0,-531.0
-89.0,-654.0,-463.0,499.0,-44.0,-305.0,-392.0,-195.0,824.0,-534.0
-103.0,-724.0,-492.0,536.0,-19.0,-252.0,-405.0,-116.0,803.0,-560.0
-122.0,-784.0,-467.0,609.0,-3.0,-200.0,-429.0,-29.0,741.0,-586.0
-150.0,-822.0,-512.0,636.0,7.0,-194.0,-453.0,-55.0,670.0,-576.0
-204.0,-786.0,-513.0,644.0,17.0,-236.0,-486.0,38.0,578.0,-579.0
-269.0,-676.0,-511.0,652.0,23.0,-271.0,-497.0,-53.0,437.0,-604.0
-340.0,-480.0,-559.0,658.0,26.0,-210.0,-495.0,-101.0,292.0,-602.0
-405.0,-216.0,-540.0,695.0,27.0,-127.0,-495.0,-9.0,131.0,-578.0
-477.0,5.0,-569.0,720.0,31.0,-140.0,-523.0,-107.0,-50.0,-570.0
-546.0,94.0,-571.0,757.0,39.0,-224.0,-581.0,-48.0,-231.0,-572.0
-613.0,92.0,-540.0,763.0,51.0,-252.0,-592.0,-173.0,-405.0,-552.0
-669.0,101.0,-533.0,761.0,69.0,-132.0,-575.0,-229.0,-571.0,-505.0
-719.0,149.0,-487.0,762.0,94.0,-19.0,-552.0,-223.0,-705.0,-471.0
-768.0,175.0,-417.0,724.0,120.0,-54.0,-517.0,-269.0,-786.0,-452.0
-793.0,153.0,-356.0,667.0,138.0,-149.0,-477.0,-157.0,-831.0,-395.0
-779.0,80.0,-275.0,581.0,138.0,-153.0,-443.0,-234.0,-826.0,-331.0
-754.0,-48.0,-169.0,505.0,121.0,-150.0,-440.0,-158.0,-765.0,-301.0
-719.0,-116.0,-70.0,442.0,95.0,-146.0,-470.0,-181.0,-686.0,-276.0
-670.0,-18.0,67.0,339.0,65.0,-88.0,-499.0,-328.0,-582.0,-244.0
-612.0,157.0,173.0,220.0,46.0,-70.0,-471.0,-417.0,-469.0,-235.0
-538.0,327.0,293.0,80.0,43.0,-81.0,-448.0,-624.0,-351.0,-261.0
-476.0,496.0,405.0,-103.0,54.0,-78.0,-462.0,-569.0,-223.0,-274.0
-405.0,634.0,470.0,-294.0,66.0,-45.0,-492.0,-434.0,-98.0,-274.0
-324.0,681.0,548.0,-468.0,66.0,-154.0,-517.0,-243.0,30.0,-317.0
-242.0,618.0,593.0,-603.0,60.0,-307.0,-512.0,-84.0,143.0,-364.0
-142.0,478.0,640.0,-742.0,45.0,-209.0,-498.0,-62.0,235.0,-391.0
-50.0,260.0,641.0,-864.0,19.0,-29.0,-451.0,-68.0,307.0,-435.0
36.0,-39.0,638.0,-932.0,-6.0,-58.0,-403.0,-242.0,344.0,-520.0
128.0,-325.0,618.0,-994.0,-21.0,-221.0,-395.0,-225.0,343.0,-605.0
198.0,-497.0,581.0,-987.0,-32.0,-175.0,-410.0,-240.0,313.0,-662.0
255.0,-573.0,559.0,-951.0,-42.0,9.0,-423.0,-205.0,247.0,-738.0
292.0,-577.0,514.0,-905.0,-60.0,-3.0,-426.0,-81.0,161.0,-815.0
325.0,-462.0,487.0,-818.0,-83.0,-133.0,-418.0,-245.0,68.0,-868.0
355.0,-259.0,454.0,-743.0,-103.0,-148.0,-402.0,-197.0,-25.0,-911.0
373.0,-78.0,408.0,-637.0,-122.0,-121.0,-391.0,-229.0,-104.0,-973.0
389.0,44.0,367.0,-536.0,-133.0,-121.0,-351.0,-295.0,-165.0,-1037.0
394.0,104.0,309.0,-444.0,-133.0,-93.0,-284.0,-343.0,-206.0,-1057.0
417.0,112.0,257.0,-355.0,-127.0,-46.0,-227.0,-657.0,-238.0,-1077.0
417.0,94.0,215.0,-335.0,-118.0,2.0,-231.0,-624.0,-260.0,-1084.0
397.0,33.0,164.0,-332.0,-110.0,-3.0,-279.0,-482.0,-266.0,-1055.0
385.0,-7.0,120.0,-346.0,-97.0,-29.0,-317.0,-404.0,-257.0,-974.0
379.0,-12.0,88.0,-360.0,-80.0,23.0,-300.0,-249.0,-218.0,-863.0
358.0,-65.0,26.0,-360.0,-61.0,22.0,-239.0,-110.0,-149.0,-761.0
325.0,-151.0,-3.0,-386.0,-37.0,-37.0,-211.0,-72.0,-73.0,-614.0
305.0,-264.0,-62.0,-390.0,-15.0,5.0,-190.0,-216.0,4.0,-452.0
262.0,-395.0,-110.0,-384.0,0.0,53.0,-174.0,-280.0,84.0,-328.0
212.0,-494.0,-121.0,-381.0,11.0,-3.0,-174.0,-386.0,145.0,-206.0
143.0,-537.0,-175.0,-387.0,14.0,-80.0,-152.0,-347.0,203.0,-62.0
80.0,-461.0,-176.0,-389.0,19.0,-89.0,-148.0,-234.0,246.0,58.0
8.0,-276.0,-192.0,-378.0,38.0,-109.0,-174.0,-301.0,278.0,135.0
-71.0,-92.0,-206.0,-403.0,64.0,-121.0,-175.0,-254.0,307.0,222.0
-146.0,51.0,-213.0,-400.0,87.0,-48.0,-159.0,-332.0,324.0,325.0
-229.0,191.0,-215.0,-362.0,106.0,0.0,-132.0,-358.0,347.0,404.0
-279.0,346.0,-215.0,-328.0,121.0,-20.0,-110.0,-290.0,355.0,459.0
-334.0,486.0,-201.0,-263.0,136.0,-98.0,-127.0,-225.0,370.0,530.0
-399.0,564.0,-190.0,-165.0,145.0,-121.0,-142.0,-158.0,389.0,595.0
-446.0,543.0,-183.0,-37.0,143.0,-62.0,-179.0,-238.0,383.0,599.0
-477.0,470.0,-154.0,92.0,126.0,-108.0,-217.0,-160.0,358.0,583.0
-498.0,402.0,-170.0,223.0,97.0,-129.0,-224.0,-243.0,325.0,570.0
-508.0,312.0,-143.0,356.0,64.0,-25.0,-201.0,-314.0,289.0,505.0
-502.0,159.0,-138.0,475.0,27.0,-40.0,-157.0,-295.0,233.0,412.0
-478.0,-30.0,-151.0,586.0,-12.0,-104.0,-113.0,-467.0,166.0,308.0
-432.0,-205.0,-153.0,667.0,-34.0,-41.0,-77.0,-436.0,83.0,175.0
-373.0,-343.0,-130.0,716.0,-31.0,-39.0,-59.0,-487.0,-12.0,15.0
-310.0,-397.0,-131.0,767.0,-13.0,-86.0,-70.0,-471.0,-115.0,-176.0
-231.0,-377.0,-137.0,791.0,7.0,-45.0,-114.0,-367.0,-243.0,-346.0
-141.0,-346.0,-109.0,788.0,25.0,33.0,-152.0,-365.0,-384.0,-500.0
-70.0,-272.0,-147.0,783.0,40.0,85.0,-195.0,-267.0,-519.0,-677.0
-4.0,-88.0,-133.0,740.0,47.0,14.0,-211.0,-343.0,-625.0,-826.0
46.0,185.0,-158.0,676.0,48.0,-68.0,-229.0,-380.0,-715.0,-941.0
102.0,456.0,-158.0,574.0,47.0,1.0,-260.0,-382.0,-770.0,-1061.0
146.0,678.0,-162.0,471.0,38.0,112.0,-258.0,-373.0,-803.0,-1186.0
179.0,822.0,-205.0,395.0,21.0,58.0,-297.0,-363.0,-827.0,-1279.0
219.0,822.0,-217.0,277.0,0.0,-34.0,-308.0,-349.0,-833.0,-1338.0
243.0,744.0,-264.0,186.0,-28.0,47.0,-300.0,-179.0,-827.0,-1409.0
265.0,682.0,-283.0,74.0,-71.0,73.0,-296.0,-197.0,-796.0,-1455.0
259.0,601.0,-327.0,-51.0,-125.0,7.0,-294.0,-44.0,-765.0,-1447.0
262.0,487.0,-313.0,-121.0,-187.0,-20.0,-352.0,29.0,-727.0,-1405.0
236.0,389.0,-332.0,-224.0,-232.0,-24.0,-388.0,-144.0,-683.0,-1333.0
191.0,326.0,-335.0,-328.0,-246.0,32.0,-416.0,-157.0,-634.0,-1222.0
165.0,257.0,-316.0,-408.0,-235.0,104.0,-447.0,-336.0,-588.0,-1068.0
132.0,183.0,-330.0,-479.0,-203.0,125.0,-456.0,-332.0,-543.0,-927.0
101.0,115.0,-276.0,-498.0,-166.0,118.0,-469.0,-286.0,-497.0,-815.0
52.0,4.0,-268.0,-506.0,-133.0,141.0,-486.0,-321.0,-446.0,-685.0
11.0,-136.0,-224.0,-482.0,-102.0,177.0,-466.0,-306.0,-383.0,-568.0
-41.0,-238.0,-194.0,-443.0,-78.0,185.0,-423.0,-421.0,-321.0,-506.0
-103.0,-283.0,-168.0,-426.0,-55.0,130.0,-414.0,-423.0,-246.0,-452.0
-171.0,-312.0,-127.0,-380.0,-28.0,70.0,-425.0,-493.0,-181.0,-378.0
-245.0,-364.0,-102.0,-330.0,-8.0,129.0,-443.0,-380.0,-124.0,-329.0
-304.0,-430.0,-71.0,-262.0,-4.0,231.0,-443.0,-245.0,-76.0,-309.0
-343.0,-500.0,-68.0,-229.0,-8.0,174.0,-417.0,-212.0,-36.0,-270.0
-365.0,-612.0,-58.0,-234.0,-16.0,60.0,-395.0,-77.0,14.0,-217.0
-382.0,-742.0,-55.0,-251.0,-25.0,154.0,-406.0,-158.0,67.0,-188.0
-376.0,-769.0,-42.0,-314.0,-37.0,339.0,-427.0,-77.0,138.0,-141.0
-364.0,-682.0,-59.0,-359.0,-43.0,386.0,-421.0,-57.0,212.0,-85.0
-353.0,-578.0,-25.0,-425.0,-38.0,335.0,-384.0,-171.0,291.0,-51.0
-329.0,-526.0,-27.0,-488.0,-25.0,246.0,-325.0,-216.0,361.0,-39.0
-298.0,-525.0,-47.0,-533.0,-9.0,169.0,-288.0,-290.0,424.0,-40.0
-282.0,-542.0,-17.0,-589.0,7.0,173.0,-292.0,-73.0,485.0,-18.0
-258.0,-524.0,-30.0,-605.0,27.0,187.0,-305.0,18.0,527.0,-10.0
-225.0,-444.0,8.0,-595.0,58.0,183.0,-333.0,1.0,554.0,-14.0
-213.0,-283.0,21.0,-562.0,86.0,207.0,-385.0,9.0,590.0,15.0
-192.0,-57.0,44.0,-503.0,101.0,260.0,-457.0,9.0,655.0,52.0
-161.0,121.0,62.0,-439.0,108.0,302.0,-500.0,109.0,699.0,56.0
-138.0,210.0,85.0,-380.0,108.0,342.0,-491.0,31.0,751.0,58.0
-125.0,174.0,130.0,-342.0,101.0,317.0,-460.0,57.0,822.0,72.0
-103.0,18.0,134.0,-287.0,87.0,254.0,-453.0,-3.0,859.0,68.0
-83.0,-167.0,180.0,-228.0,55.0,350.0,-473.0,-121.0,874.0,51.0
-58.0,-306.0,203.0,-191.0,9.0,430.0,-470.0,-136.0,874.0,21.0
-38.0,-286.0,227.0,-155.0,-41.0,394.0,-443.0,-286.0,855.0,13.0
-23.0,-108.0,273.0,-132.0,-89.0,378.0,-387.0,-249.0,825.0,-8.0
3.0,115.0,305.0,-97.0,-124.0,337.0,-358.0,-164.0,781.0,-56.0
30.0,311.0,350.0,-81.0,-137.0,335.0,-392.0,27.0,714.0,-81.0
53.0,471.0,387.0,-70.0,-138.0,344.0,-457.0,188.0,627.0,-101.0
65.0,593.0,415.0,-27.0,-145.0,341.0,-529.0,140.0,511.0,-122.0
90.0,636.0,464.0,-27.0,-157.0,429.0,-568.0,99.0,360.0,-138.0
107.0,611.0,493.0,-25.0,-159.0,538.0,-564.0,-16.0,191.0,-112.0
106.0,585.0,522.0,-4.0,-145.0,557.0,-501.0,36.0,28.0,-73.0
100.0,641.0,534.0,0.0,-117.0,463.0,-409.0,57.0,-142.0,-68.0
87.0,752.0,511.0,24.0,-79.0,352.0,-317.0,107.0,-301.0,-42.0
64.0,822.0,517.0,58.0,-41.0,293.0,-258.0,234.0,-423.0,-14.0
50.0,780.0,479.0,79.0,-5.0,273.0,-268.0,168.0,-535.0,-29.0
34.0,591.0,428.0,97.0,13.0,298.0,-314.0,166.0,-614.0,-67.0
12.0,342.0,376.0,107.0,10.0,327.0,-366.0,60.0,-687.0,-92.0
1.0,197.0,324.0,103.0,0.0,304.0,-391.0,18.0,-750.0,-127.0
-19.0,150.0,244.0,110.0,-8.0,294.0,-369.0,1.0,-774.0,-195.0
-51.0,11.0,163.0,132.0,-15.0,326.0,-310.0,-70.0,-798.0,-263.0
-97.0,-244.0,119.0,112.0,-18.0,334.0,-264.0,140.0,-786.0,-307.0
-142.0,-470.0,33.0,102.0,-15.0,327.0,-249.0,221.0,-732.0,-361.0
-184.0,-615.0,-6.0,139.0,-11.0,361.0,-260.0,266.0,-675.0,-433.0
-224.0,-674.0,-51.0,122.0,-13.0,434.0,-274.0,293.0,-594.0,-474.0
-252.0,-649.0,-80.0,103.0,-19.0,410.0,-248.0,199.0,-495.0,-477.0
-273.0,-590.0,-56.0,131.0,-19.0,303.0,-224.0,179.0,-388.0,-480.0
-288.0,-471.0,-68.0,141.0,-10.0,237.0,-236.0,101.0,-281.0,-486.0
-313.0,-294.0,-56.0,139.0,6.0,227.0,-252.0,162.0,-179.0,-447.0
-334.0,-178.0,-28.0,147.0,32.0,299.0,-231.0,195.0,-70.0,-389.0
-360.0,-107.0,-44.0,149.0,62.0,356.0,-193.0,245.0,18.0,-341.0
-365.0,68.0,-37.0,150.0,82.0,324.0,-120.0,293.0,76.0,-282.0
-353.0,371.0,-23.0,117.0,89.0,262.0,-19.0,194.0,141.0,-218.0
-351.0,650.0,-33.0,48.0,88.0,186.0,24.0,184.0,183.0,-175.0
-337.0,806.0,-39.0,-29.0,89.0,207.0,14.0,101.0,196.0,-179.0
-329.0,908.0,-84.0,-107.0,90.0,308.0,-28.0,221.0,198.0,-187.0
-327.0,950.0,-113.0,-162.0,96.0,202.0,-90.0,327.0,159.0,-211.0
-340.0,912.0,-150.0,-226.0,105.0,-12.0,-131.0,338.0,112.0,-286.0
-369.0,867.0,-228.0,-264.0,111.0,-3.0,-129.0,384.0,59.0,-390.0
-399.0,728.0,-274.0,-292.0,111.0,156.0,-104.0,188.0,-14.0,-492.0
-411.0,342.0,-359.0,-325.0,111.0,238.0,-76.0,210.0,-79.0,-593.0
-417.0,-186.0,-454.0,-321.0,115.0,142.0,-46.0,177.0,-140.0,-718.0
-431.0,-612.0,-519.0,-311.0,122.0,4.0,-12.0,229.0,-186.0,-816.0
-429.0,-846.0,-609.0,-296.0,130.0,14.0,10.0,436.0,-223.0,-884.0
-425.0,-927.0,-657.0,-247.0,128.0,66.0,-3.0,426.0,-249.0,-960.0
-411.0,-919.0,-697.0,-162.0,107.0,106.0,-20.0,569.0,-249.0,-1034.0
-419.0,-878.0,-731.0,-124.0,68.0,100.0,-1.0,495.0,-225.0,-1087.0
-414.0,-814.0,-702.0,-76.0,21.0,29.0,35.0,393.0,-181.0,-1118.0
-394.0,-702.0,-690.0,-36.0,-20.0,4.0,90.0,354.0,-131.0,-1144.0
-370.0,-537.0,-651.0,-24.0,-64.0,18.0,118.0,254.0,-74.0,-1145.0
-321.0,-371.0,-577.0,3.0,-108.0,86.0,95.0,323.0,-11.0,-1085.0
-292.0,-238.0,-517.0,-6.0,-134.0,39.0,107.0,284.0,33.0,-998.0
-253.0,-112.0,-412.0,-13.0,-131.0,-66.0,151.0,373.0,83.0,-905.0
-226.0,-22.0,-334.0,-36.0,-109.0,15.0,204.0,424.0,146.0,-774.0
-214.0,-16.0,-267.0,-64.0,-85.0,81.0,250.0,432.0,207.0,-614.0
-212.0,-95.0,-172.0,-92.0,-65.0,33.0,247.0,412.0,282.0,-457.0
-205.0,-274.0,-133.0,-111.0,-50.0,-34.0,248.0,254.0,363.0,-322.0
-189.0,-514.0,-96.0,-124.0,-36.0,-25.0,232.0,295.0,434.0,-164.0
-157.0,-689.0,-63.0,-143.0,-16.0,35.0,210.0,195.0,491.0,-26.0
-107.0,-747.0,-60.0,-112.0,13.0,46.0,216.0,168.0,530.0,59.0
-56.0,-716.0,-79.0,-68.0,52.0,113.0,215.0,192.0,548.0,153.0
19.0,-648.0,-120.0,-5.0,89.0,175.0,239.0,218.0,549.0,228.0
83.0,-600.0,-159.0,93.0,101.0,158.0,257.0,367.0,529.0,275.0
158.0,-574.0,-227.0,197.0,84.0,113.0,271.0,363.0,497.0,291.0
241.0,-569.0,-276.0,274.0,54.0,51.0,286.0,487.0,455.0,278.0
315.0,-591.0,-321.0,325.0,21.0,97.0,300.0,338.0,398.0,247.0
384.0,-616.0,-361.0,335.0,-14.0,101.0,349.0,160.0,333.0,172.0
437.0,-652.0,-375.0,316.0,-56.0,36.0,409.0,158.0,261.0,74.0
481.0,-758.0,-390.0,299.0,-98.0,165.0,461.0,-25.0,176.0,-18.0
509.0,-885.0,-363.0,285.0,-132.0,188.0,458.0,29.0,86.0,-107.0
523.0,-922.0,-319.0,260.0,-156.0,43.0,391.0,-3.0,0.0,-191.0
519.0,-876.0,-251.0,228.0,-176.0,66.0,316.0,24.0,-86.0,-259.0
512.0,-748.0,-149.0,208.0,-190.0,224.0,268.0,133.0,-164.0,-284.0
486.0,-564.0,-39.0,164.0,-189.0,340.0,270.0,33.0,-225.0,-286.0
446.0,-437.0,53.0,149.0,-179.0,339.0,307.0,29.0,-277.0,-290.0
397.0,-363.0,159.0,150.0,-161.0,346.0,294.0,-60.0,-315.0,-239.0
334.0,-274.0,264.0,109.0,-126.0,335.0,225.0,-16.0,-322.0,-183.0
272.0,-183.0,362.0,77.0,-73.0,300.0,159.0,57.0,-337.0,-138.0
204.0,-104.0,461.0,42.0,-17.0,318.0,116.0,134.0,-343.0,-88.0
140.0,7.0,527.0,-17.0,26.0,320.0,139.0,243.0,-320.0,-64.0
85.0,152.0,619.0,-79.0,50.0,367.0,202.0,92.0,-316.0,-25.0
28.0,332.0,660.0,-120.0,54.0,473.0,255.0,70.0,-300.0,-18.0
-26.0,550.0,716.0,-164.0,47.0,557.0,257.0,12.0,-271.0,-25.0
-61.0,702.0,744.0,-219.0,36.0,686.0,185.0,-42.0,-235.0,-22.0
-98.0,732.0,716.0,-290.0,29.0,713.0,110.0,-31.0,-173.0,-40.0
-138.0,760.0,699.0,-397.0,20.0,546.0,90.0,-66.0,-100.0,-48.0
-184.0,833.0,620.0,-515.0,0.0,540.0,139.0,127.0,-20.0,-52.0
-227.0,849.0,564.0,-626.0,-30.0,621.0,202.0,256.0,66.0,-33.0
-265.0,785.0,473.0,-750.0,-58.0,561.0,238.0,423.0,161.0,2.0
-306.0,707.0,378.0,-853.0,-74.0,482.0,255.0,474.0,239.0,22.0
-346.0,647.0,291.0,-911.0,-75.0,498.0,272.0,369.0,308.0,57.0
-377.0,604.0,188.0,-941.0,-65.0,538.0,272.0,328.0,369.0,109.0
-378.0,543.0,87.0,-923.0,-43.0,468.0,229.0,181.0,424.0,134.0
-382.0,453.0,-10.0,-889.0,-10.0,436.0,202.0,190.0,480.0,176.0
-380.0,457.0,-103.0,-827.0,20.0,431.0,202.0,157.0,529.0,220.0
-361.0,586.0,-210.0,-738.0,42.0,377.0,205.0,232.0,566.0,255.0
-343.0,712.0,-259.0,-680.0,57.0,381.0,194.0,432.0,576.0,295.0
-327.0,772.0,-336.0,-652.0,66.0,432.0,169.0,402.0,573.0,311.0
-324.0,778.0,-380.0,-639.0,72.0,477.0,161.0,393.0,551.0,351.0
-329.0,730.0,-387.0,-610.0,76.0,395.0,186.0,393.0,504.0,382.0
-317.0,657.0,-408.0,-566.0,78.0,234.0,230.0,465.0,456.0,393.0
-302.0,563.0,-397.0,-522.0,76.0,284.0,232.0,463.0,421.0,392.0
-297.0,426.0,-365.0,-474.0,64.0,403.0,221.0,484.0,388.0,374.0
-297.0,315.0,-327.0,-435.0,36.0,336.0,185.0,519.0,371.0,333.0
-306.0,286.0,-302.0,-397.0,7.0,229.0,160.0,504.0,359.0,263.0
-309.0,244.0,-223.0,-343.0,-17.0,225.0,158.0,687.0,358.0,193.0
-323.0,139.0,-168.0,-277.0,-42.0,231.0,137.0,633.0,369.0,120.0
-339.0,49.0,-87.0,-197.0,-67.0,89.0,138.0,583.0,361.0,31.0
-352.0,9.0,24.0,-109.0,-90.0,0.0,135.0,532.0,374.0,-64.0
-377.0,-52.0,63.0,-14.0,-101.0,41.0,148.0,343.0,395.0,-136.0
-392.0,-177.0,157.0,93.0,-100.0,80.0,172.0,406.0,403.0,-217.0
-407.0,-250.0,219.0,203.0,-101.0,116.0,199.0,404.0,413.0,-298.0
-439.0,-202.0,241.0,311.0,-98.0,95.0,202.0,450.0,413.0,-359.0
-467.0,-120.0,312.0,411.0,-82.0,58.0,176.0,436.0,412.0,-407.0
-485.0,-28.0,341.0,505.0,-55.0,-29.0,160.0,266.0,405.0,-450.0
-500.0,123.0,355.0,622.0,-33.0,-35.0,150.0,151.0,398.0,-499.0
-496.0,308.0,362.0,690.0,-32.0,84.0,166.0,46.0,378.0,-523.0
-472.0,437.0,371.0,723.0,-55.0,108.0,150.0,160.0,344.0,-546.0
-435.0,390.0,386.0,781.0,-92.0,22.0,115.0,264.0,296.0,-572.0
-410.0,145.0,368.0,813.0,-136.0,-79.0,64.0,373.0,238.0,-579.0
-384.0,-170.0,381.0,833.0,-182.0,-118.0,47.0,421.0,181.0,-576.0
-352.0,-468.0,363.0,828.0,-214.0,-96.0,91.0,349.0,101.0,-578.0
-324.0,-748.0,331.0,782.0,-222.0,-122.0,131.0,378.0,23.0,-573.0
-294.0,-1082.0,320.0,723.0,-205.0,-126.0,171.0,264.0,-60.0,-537.0
-261.0,-1445.0,286.0,670.0,-162.0,-99.0,170.0,234.0,-150.0,-501.0
-216.0,-1655.0,278.0,633.0,-115.0,-185.0,169.0,166.0,-220.0,-471.0
-156.0,-1630.0,257.0,570.0,-72.0,-163.0,180.0,103.0,-282.0,-434.0
-70.0,-1429.0,205.0,497.0,-41.0,-102.0,204.0,199.0,-340.0,-374.0
11.0,-1140.0,189.0,449.0,-18.0,-161.0,260.0,110.0,-397.0,-326.0
79.0,-848.0,175.0,390.0,-2.0,-239.0,314.0,129.0,-448.0,-286.0
148.0,-573.0,143.0,348.0,14.0,-279.0,341.0,123.0,-510.0,-214.0
207.0,-249.0,159.0,327.0,35.0,-209.0,340.0,158.0,-559.0,-154.0
255.0,87.0,167.0,322.0,49.0,-193.0,317.0,306.0,-591.0,-107.0
295.0,309.0,154.0,328.0,55.0,-191.0,250.0,362.0,-618.0,-56.0
345.0,410.0,187.0,302.0,56.0,-196.0,213.0,426.0,-611.0,-13.0
390.0,434.0,200.0,314.0,57.0,-216.0,225.0,286.0,-584.0,15.0
413.0,399.0,202.0,316.0,60.0,-214.0,280.0,96.0,-530.0,30.0
429.0,354.0,235.0,325.0,55.0,-253.0,336.0,-138.0,-453.0,58.0
427.0,330.0,229.0,368.0,49.0,-147.0,361.0,-299.0,-363.0,78.0
427.0,273.0,230.0,367.0,45.0,-28.0,370.0,-297.0,-261.0,76.0
416.0,101.0,232.0,366.0,52.0,-62.0,340.0,-279.0,-154.0,75.0
381.0,-127.0,165.0,297.0,63.0,-116.0,335.0,-5.0,-47.0,79.0
351.0,-289.0,133.0,225.0,62.0,-124.0,315.0,199.0,52.0,78.0
309.0,-375.0,29.0,146.0,58.0,-91.0,291.0,351.0,142.0,76.0
262.0,-448.0,-84.0,43.0,49.0,-70.0,299.0,399.0,228.0,87.0
218.0,-571.0,-127.0,-26.0,35.0,-41.0,303.0,271.0,296.0,106.0
169.0,-709.0,-247.0,-117.0,20.0,-42.0,293.0,323.0,330.0,121.0
133.0,-711.0,-304.0,-187.0,10.0,-112.0,232.0,236.0,343.0,134.0
113.0,-558.0,-350.0,-257.0,5.0,-131.0,198.0,184.0,350.0,163.0
99.0,-358.0,-420.0,-349.0,-4.0,-104.0,222.0,232.0,337.0,203.0
88.0,-166.0,-447.0,-466.0,-13.0,-95.0,275.0,251.0,317.0,213.0
82.0,53.0,-487.0,-576.0,-19.0,-150.0,317.0,284.0,297.0,216.0
78.0,308.0,-528.0,-671.0,-20.0,-265.0,314.0,138.0,266.0,243.0
65.0,503.0,-549.0,-726.0,-21.0,-221.0,275.0,133.0,233.0,254.0
52.0,554.0,-551.0,-758.0,-22.0,-85.0,196.0,44.0,196.0,259.0
44.0,523.0,-555.0,-794.0,-17.0,-68.0,162.0,97.0,170.0,277.0
36.0,553.0,-501.0,-806.0,0.0,-90.0,179.0,369.0,145.0,316.0
35.0,647.0,-455.0,-790.0,23.0,-85.0,225.0,321.0,137.0,367.0
31.0,758.0,-406.0,-705.0,48.0,-86.0,272.0,402.0,153.0,400.0
37.0,930.0,-314.0,-605.0,73.0,-157.0,271.0,345.0,166.0,457.0
38.0,1143.0,-251.0,-454.0,96.0,-239.0,274.0,110.0,188.0,511.0
40.0,1345.0,-169.0,-294.0,118.0,-245.0,328.0,-96.0,224.0,526.0
44.0,1460.0,-81.0,-148.0,134.0,-177.0,424.0,-304.0,272.0,536.0
32.0,1402.0,-1.0,34.0,141.0,-101.0,483.0,-254.0,320.0,537.0
10.0,1174.0,63.0,173.0,147.0,-98.0,478.0,-145.0,379.0,545.0
-5.0,791.0,148.0,313.0,157.0,-106.0,451.0,51.0,432.0,525.0
-8.0,343.0,196.0,429.0,167.0,-108.0,423.0,179.0,492.0,500.0
-17.0,-23.0,239.0,527.0,178.0,-102.0,415.0,358.0,571.0,503.0
-27.0,-230.0,309.0,612.0,189.0,-43.0,386.0,437.0,633.0,486.0
-41.0,-289.0,316.0,667.0,195.0,-51.0,345.0,314.0,685.0,477.0
-43.0,-226.0,351.0,725.0,200.0,-125.0,332.0,354.0,725.0,482.0
-57.0,-110.0,313.0,733.0,205.0,-118.0,338.0,206.0,741.0,503.0
-78.0,-14.0,215.0,740.0,210.0,-59.0,404.0,223.0,722.0,503.0
-81.0,116.0,209.0,740.0,213.0,-66.0,458.0,279.0,668.0,482.0
-85.0,379.0,411.0,733.0,203.0,-156.0,430.0,214.0,594.0,470.0
-78.0,730.0,587.0,744.0,178.0,-129.0,401.0,410.0,488.0,429.0
-75.0,1030.0,521.0,712.0,140.0,-1.0,437.0,443.0,363.0,360.0
-67.0,1256.0,558.0,667.0,84.0,4.0,498.0,423.0,242.0,291.0
-58.0,1455.0,524.0,608.0,4.0,-88.0,525.0,341.0,121.0,236.0
-54.0,1558.0,311.0,539.0,-87.0,-89.0,525.0,232.0,3.0,190.0
-51.0,1405.0,175.0,480.0,-167.0,-49.0,489.0,182.0,-103.0,136.0
-58.0,973.0,174.0,422.0,-220.0,-27.0,440.0,38.0,-197.0,107.0
-54.0,443.0,205.0,406.0,-242.0,11.0,408.0,40.0,-270.0,118.0
-33.0,-56.0,113.0,422.0,-240.0,-2.0,436.0,14.0,-332.0,135.0
-21.0,-488.0,84.0,435.0,-234.0,25.0,517.0,110.0,-355.0,170.0
-11.0,-800.0,71.0,421.0,-241.0,-4.0,534.0,195.0,-347.0,236.0
2.0,-958.0,2.0,389.0,-256.0,-38.0,500.0,144.0,-320.0,314.0
24.0,-995.0,-15.0,359.0,-271.0,90.0,504.0,301.0,-262.0,381.0
40.0,-933.0,-15.0,322.0,-274.0,102.0,557.0,356.0,-199.0,432.0
34.0,-795.0,-23.0,271.0,-255.0,6.0,529.0,306.0,-122.0,494.0
30.0,-712.0,-68.0,243.0,-212.0,-45.0,459.0,221.0,-46.0,548.0
31.0,-731.0,-32.0,221.0,-150.0,-35.0,478.0,212.0,15.0,561.0
46.0,-739.0,20.0,210.0,-88.0,-24.0,520.0,210.0,76.0,587.0
46.0,-666.0,5.0,205.0,-42.0,-6.0,559.0,114.0,116.0,618.0
48.0,-544.0,34.0,156.0,-18.0,95.0,550.0,182.0,141.0,609.0
54.0,-384.0,65.0,130.0,-19.0,93.0,509.0,140.0,158.0,585.0
54.0,-177.0,72.0,100.0,-26.0,45.0,489.0,201.0,164.0,566.0
62.0,-35.0,89.0,62.0,-23.0,117.0,464.0,249.0,169.0,560.0
60.0,30.0,149.0,36.0,-11.0,187.0,479.0,173.0,169.0,537.0
63.0,141.0,203.0,0.0,2.0,137.0,514.0,267.0,169.0,522.0
65.0,238.0,117.0,-38.0,8.0,55.0,490.0,144.0,179.0,555.0
83.0,209.0,14.0,-104.0,6.0,83.0,449.0,107.0,193.0,568.0
99.0,37.0,13.0,-172.0,1.0,125.0,450.0,66.0,218.0,554.0
113.0,-227.0,-116.0,-234.0,-1.0,44.0,451.0,-14.0,262.0,554.0
129.0,-469.0,-174.0,-293.0,7.0,-58.0,427.0,129.0,302.0,542.0
139.0,-606.0,-76.0,-314.0,36.0,-8.0,410.0,55.0,340.0,506.0
140.0,-659.0,-157.0,-333.0,79.0,113.0,442.0,-48.0,376.0,466.0
137.0,-710.0,-186.0,-350.0,118.0,95.0,448.0,-162.0,395.0,427.0
151.0,-816.0,-113.0,-301.0,135.0,-10.0,366.0,-242.0,390.0,378.0
156.0,-969.0,-98.0,-228.0,126.0,3.0,292.0,-245.0,354.0,319.0
163.0,-1105.0,-82.0,-145.0,103.0,66.0,305.0,-221.0,260.0,263.0
165.0,-1123.0,-41.0,-34.0,79.0,39.0,362.0,-149.0,121.0,220.0
173.0,-980.0,64.0,79.0,65.0,-18.0,368.0,-258.0,16.0,175.0
183.0,-733.0,159.0,162.0,69.0,-44.0,316.0,-286.0,-56.0,127.0
186.0,-436.0,98.0,209.0,92.0,-95.0,276.0,-358.0,-91.0,111.0
193.0,-100.0,125.0,249.0,132.0,-210.0,238.0,-253.0,-75.0,112.0
208.0,266.0,291.0,249.0,175.0,-208.0,207.0,18.0,-51.0,125.0
222.0,650.0,290.0,246.0,209.0,-139.0,219.0,105.0,-30.0,154.0
221.0,983.0,320.0,260.0,238.0,-198.0,265.0,284.0,-18.0,189.0
225.0,1151.0,427.0,275.0,258.0,-258.0,301.0,245.0,-16.0,233.0
227.0,1173.0,430.0,291.0,263.0,-233.0,272.0,177.0,1.0,257.0
236.0,1204.0,406.0,304.0,245.0,-283.0,258.0,142.0,29.0,285.0
239.0,1332.0,359.0,346.0,201.0,-369.0,263.0,7.0,49.0,329.0
238.0,1569.0,327.0,373.0,147.0,-370.0,222.0,-1.0,66.0,340.0
242.0,1843.0,295.0,422.0,87.0,-356.0,221.0,-92.0,84.0,340.0
251.0,2031.0,172.0,454.0,30.0,-404.0,249.0,-25.0,105.0,339.0
255.0,2062.0,131.0,456.0,-13.0,-417.0,253.0,46.0,122.0,324.0
247.0,1917.0,153.0,479.0,-35.0,-321.0,253.0,62.0,143.0,297.0
248.0,1559.0,44.0,477.0,-30.0,-304.0,262.0,169.0,149.0,271.0
247.0,983.0,31.0,471.0,-18.0,-375.0,265.0,125.0,133.0,261.0
236.0,310.0,39.0,442.0,-18.0,-388.0,265.0,192.0,108.0,252.0
214.0,-324.0,16.0,412.0,-28.0,-319.0,248.0,177.0,49.0,225.0
184.0,-837.0,33.0,346.0,-39.0,-225.0,247.0,110.0,-12.0,233.0
146.0,-1227.0,-36.0,257.0,-43.0,-190.0,304.0,75.0,-62.0,284.0
114.0,-1496.0,-43.0,208.0,-37.0,-189.0,310.0,-72.0,-115.0,329.0
83.0,-1602.0,-48.0,176.0,-23.0,-141.0,257.0,-136.0,-163.0,397.0
58.0,-1574.0,-82.0,170.0,-6.0,-106.0,241.0,-291.0,-211.0,508.0
46.0,-1430.0,-137.0,166.0,2.0,-118.0,275.0,-310.0,-266.0,609.0
36.0,-1163.0,-133.0,179.0,0.0,-75.0,270.0,-279.0,-344.0,680.0
24.0,-850.0,-32.0,183.0,-2.0,2.0,230.0,-214.0,-440.0,737.0
-1.0,-560.0,-57.0,204.0,10.0,2.0,214.0,20.0,-525.0,792.0
-17.0,-234.0,-79.0,242.0,40.0,-68.0,163.0,88.0,-596.0,809.0
-46.0,122.0,41.0,269.0,75.0,-57.0,126.0,121.0,-631.0,797.0
-83.0,396.0,93.0,263.0,110.0,-8.0,163.0,27.0,-610.0,797.0
-103.0,585.0,-28.0,203.0,145.0,-45.0,227.0,35.0,-574.0,773.0
-128.0,787.0,78.0,126.0,183.0,-5.0,241.0,-16.0,-525.0,735.0
-146.0,1082.0,100.0,25.0,220.0,89.0,182.0,-264.0,-446.0,695.0
-158.0,1423.0,31.0,-51.0,256.0,111.0,144.0,-190.0,-349.0,630.0
-166.0,1701.0,161.0,-118.0,284.0,154.0,193.0,-201.0,-245.0,579.0
-186.0,1804.0,106.0,-135.0,296.0,219.0,285.0,-164.0,-145.0,531.0
-214.0,1645.0,145.0,-73.0,289.0,252.0,396.0,-125.0,-37.0,456.0
-229.0,1311.0,154.0,-1.0,268.0,199.0,455.0,-197.0,75.0,407.0
-259.0,966.0,134.0,81.0,240.0,210.0,376.0,-35.0,173.0,348.0
-289.0,668.0,132.0,166.0,206.0,303.0,280.0,-79.0,257.0,261.0
-301.0,442.0,51.0,261.0,168.0,231.0,245.0,-164.0,321.0,211.0
-326.0,321.0,152.0,332.0,133.0,121.0,224.0,-254.0,360.0,146.0
-362.0,222.0,108.0,376.0,97.0,88.0,184.0,-297.0,389.0,93.0
-394.0,60.0,50.0,393.0,49.0,102.0,160.0,-236.0,403.0,77.0
-418.0,-132.0,127.0,368.0,-14.0,198.0,200.0,-297.0,401.0,82.0
-436.0,-328.0,43.0,340.0,-87.0,226.0,252.0,-269.0,385.0,111.0
-437.0,-460.0,64.0,329.0,-158.0,218.0,308.0,-334.0,354.0,140.0
-427.0,-473.0,94.0,325.0,-217.0,283.0,364.0,-258.0,318.0,189.0
-392.0,-435.0,21.0,293.0,-254.0,282.0,411.0,-131.0,293.0,243.0
-343.0,-445.0,95.0,227.0,-268.0,246.0,394.0,-109.0,277.0,292.0
-288.0,-570.0,47.0,152.0,-273.0,224.0,322.0,-16.0,261.0,333.0
-215.0,-843.0,28.0,51.0,-274.0,186.0,299.0,-64.0,268.0,374.0
-158.0,-1212.0,126.0,-24.0,-279.0,171.0,314.0,-46.0,287.0,408.0
-85.0,-1581.0,64.0,-53.0,-286.0,98.0,352.0,-153.0,313.0,421.0
-10.0,-1894.0,-1.0,-63.0,-292.0,75.0,378.0,-249.0,342.0,427.0
55.0,-2089.0,61.0,-38.0,-301.0,85.0,400.0,-219.0,384.0,437.0
125.0,-2132.0,67.0,7.0,-307.0,62.0,406.0,-247.0,451.0,440.0
206.0,-2058.0,0.0,76.0,-309.0,196.0,342.0,-129.0,511.0,417.0
298.0,-1929.0,113.0,154.0,-302.0,253.0,235.0,-99.0,565.0,416.0
378.0,-1749.0,152.0,256.0,-292.0,141.0,182.0,1.0,603.0,433.0
455.0,-1480.0,112.0,365.0,-294.0,75.0,208.0,83.0,616.0,437.0
524.0,-1184.0,228.0,445.0,-315.0,66.0,250.0,25.0,617.0,466.0
588.0,-906.0,258.0,516.0,-342.0,77.0,306.0,24.0,609.0,513.0
633.0,-624.0,239.0,533.0,-366.0,10.0,341.0,-97.0,586.0,556.0
664.0,-323.0,358.0,524.0,-372.0,-14.0,347.0,-92.0,545.0,575.0
698.0,2.0,380.0,519.0,-354.0,47.0,359.0,-68.0,489.0,595.0
736.0,294.0,359.0,525.0,-317.0,89.0,411.0,-64.0,415.0,617.0
764.0,456.0,475.0,520.0,-270.0,174.0,427.0,-36.0,348.0,597.0
788.0,474.0,508.0,484.0,-218.0,243.0,330.0,-77.0,282.0,570.0
810.0,471.0,507.0,447.0,-156.0,294.0,226.0,-66.0,213.0,546.0
814.0,543.0,555.0,384.0,-79.0,317.0,194.0,-147.0,134.0,515.0
806.0,675.0,550.0,345.0,-4.0,211.0,223.0,-101.0,58.0,472.0
796.0,843.0,554.0,312.0,74.0,103.0,226.0,-73.0,-22.0,407.0
814.0,1061.0,534.0,268.0,160.0,142.0,194.0,-51.0,-121.0,356.0
839.0,1274.0,522.0,213.0,242.0,162.0,158.0,46.0,-201.0,308.0
855.0,1374.0,539.0,146.0,305.0,54.0,156.0,-49.0,-271.0,247.0
842.0,1397.0,480.0,93.0,334.0,32.0,200.0,-33.0,-307.0,222.0
813.0,1417.0,451.0,54.0,345.0,43.0,188.0,-75.0,-315.0,222.0
800.0,1432.0,406.0,38.0,365.0,52.0,153.0,-84.0,-317.0,200.0
757.0,1452.0,336.0,6.0,400.0,87.0,100.0,14.0,-295.0,178.0
697.0,1518.0,288.0,3.0,432.0,61.0,24.0,-68.0,-273.0,170.0
635.0,1624.0,217.0,28.0,451.0,27.0,27.0,-105.0,-254.0,149.0
578.0,1715.0,166.0,42.0,449.0,16.0,52.0,-232.0,-234.0,115.0
523.0,1729.0,95.0,53.0,422.0,60.0,51.0,-351.0,-204.0,91.0
434.0,1610.0,54.0,49.0,371.0,1.0,63.0,-356.0,-165.0,79.0
332.0,1337.0,40.0,56.0,301.0,-93.0,110.0,-363.0,-122.0,82.0
226.0,895.0,-10.0,44.0,234.0,-68.0,182.0,-362.0,-78.0,80.0
94.0,333.0,-47.0,26.0,179.0,-70.0,208.0,-382.0,-43.0,88.0
-22.0,-282.0,-83.0,-24.0,138.0,-47.0,182.0,-236.0,-24.0,123.0
-109.0,-894.0,-203.0,-94.0,111.0,-29.0,116.0,-195.0,-17.0,135.0
-151.0,-1384.0,-273.0,-154.0,99.0,51.0,35.0,-162.0,-27.0,142.0
-159.0,-1641.0,-301.0,-228.0,101.0,200.0,11.0,-88.0,-56.0,161.0
-174.0,-1669.0,-359.0,-290.0,108.0,172.0,-26.0,-221.0,-95.0,165.0
-181.0,-1558.0,-410.0,-367.0,111.0,87.0,-79.0,-218.0,-165.0,166.0
-188.0,-1370.0,-392.0,-483.0,117.0,41.0,-73.0,-291.0,-244.0,157.0
-206.0,-1106.0,-396.0,-602.0,129.0,174.0,-27.0,-334.0,-324.0,139.0
-233.0,-787.0,-463.0,-699.0,144.0,283.0,49.0,-290.0,-418.0,116.0
-271.0,-404.0,-451.0,-775.0,156.0,31.0,76.0,-242.0,-505.0,82.0
-267.0,57.0,-425.0,-789.0,161.0,-74.0,29.0,-96.0,-595.0,22.0
-238.0,481.0,-361.0,-735.0,165.0,114.0,-46.0,-125.0,-674.0,-35.0
-225.0,761.0,-431.0,-642.0,173.0,214.0,-107.0,27.0,-726.0,-89.0
-188.0,937.0,-405.0,-514.0,181.0,-12.0,-128.0,121.0,-745.0,-153.0
-139.0,1046.0,-303.0,-384.0,180.0,-269.0,-166.0,103.0,-733.0,-198.0
-106.0,1041.0,-415.0,-249.0,170.0,-114.0,-238.0,42.0,-674.0,-241.0
-87.0,916.0,-397.0,-116.0,157.0,131.0,-283.0,-218.0,-575.0,-269.0
-81.0,792.0,-331.0,-24.0,144.0,215.0,-254.0,-221.0,-471.0,-269.0
-76.0,797.0,-326.0,58.0,130.0,167.0,-229.0,-267.0,-353.0,-242.0
-41.0,896.0,-297.0,141.0,116.0,85.0,-213.0,-221.0,-221.0,-189.0
0.0,917.0,-240.0,200.0,110.0,158.0,-209.0,-64.0,-68.0,-129.0
13.0,743.0,-191.0,266.0,107.0,260.0,-230.0,22.0,116.0,-55.0
50.0,393.0,-191.0,312.0,99.0,272.0,-235.0,164.0,302.0,27.0
102.0,8.0,-130.0,357.0,83.0,214.0,-216.0,162.0,501.0,108.0
165.0,-285.0,-80.0,405.0,62.0,167.0,-163.0,339.0,692.0,198.0
198.0,-506.0,-126.0,406.0,43.0,252.0,-127.0,434.0,867.0,301.0
193.0,-754.0,-44.0,408.0,27.0,373.0,-112.0,369.0,1019.0,412.0
224.0,-1059.0,51.0,397.0,6.0,336.0,-98.0,310.0,1106.0,508.0
254.0,-1348.0,101.0,362.0,-27.0,252.0,-127.0,131.0,1136.0,594.0
266.0,-1547.0,245.0,339.0,-63.0,308.0,-190.0,84.0,1111.0,667.0
273.0,-1645.0,336.0,343.0,-100.0,370.0,-215.0,40.0,1058.0,708.0
315.0,-1666.0,480.0,366.0,-144.0,335.0,-193.0,44.0,968.0,727.0
365.0,-1559.0,586.0,370.0,-193.0,268.0,-119.0,33.0,836.0,727.0
396.0,-1231.0,645.0,390.0,-251.0,285.0,-59.0,57.0,696.0,718.0
419.0,-668.0,788.0,418.0,-317.0,346.0,-60.0,134.0,521.0,686.0
418.0,-39.0,876.0,407.0,-374.0,330.0,-63.0,60.0,345.0,634.0
431.0,371.0,916.0,364.0,-402.0,377.0,-69.0,109.0,166.0,576.0
419.0,498.0,973.0,318.0,-400.0,466.0,-66.0,79.0,-9.0,495.0
415.0,478.0,1013.0,281.0,-382.0,427.0,-68.0,101.0,-169.0,418.0
410.0,397.0,986.0,253.0,-356.0,438.0,-33.0,184.0,-314.0,329.0
396.0,280.0,920.0,228.0,-328.0,535.0,11.0,208.0,-427.0,244.0
382.0,219.0,864.0,192.0,-305.0,517.0,-18.0,404.0,-524.0,182.0
358.0,309.0,769.0,131.0,-289.0,406.0,-73.0,362.0,-589.0,89.0
321.0,532.0,614.0,72.0,-276.0,310.0,-117.0,291.0,-637.0,22.0
262.0,843.0,529.0,11.0,-251.0,379.0,-80.0,188.0,-657.0,-5.0
212.0,1158.0,438.0,-43.0,-222.0,450.0,-8.0,35.0,-648.0,-27.0
150.0,1390.0,324.0,-38.0,-199.0,413.0,37.0,75.0,-643.0,-11.0
105.0,1503.0,242.0,-37.0,-192.0,404.0,52.0,-5.0,-616.0,29.0
49.0,1407.0,131.0,-44.0,-191.0,436.0,0.0,-29.0,-583.0,89.0
3.0,1007.0,16.0,-12.0,-171.0,475.0,-60.0,-160.0,-551.0,148.0
-22.0,432.0,-49.0,22.0,-134.0,388.0,-86.0,-280.0,-513.0,223.0
-59.0,-35.0,-165.0,39.0,-100.0,356.0,-31.0,-230.0,-480.0,307.0
-105.0,-290.0,-268.0,43.0,-76.0,446.0,36.0,-251.0,-443.0,379.0
-157.0,-406.0,-296.0,40.0,-50.0,404.0,57.0,-101.0,-401.0,457.0
-186.0,-488.0,-407.0,44.0,-17.0,283.0,45.0,-9.0,-355.0,511.0
-241.0,-611.0,-455.0,51.0,17.0,219.0,-48.0,-42.0,-302.0,554.0
-266.0,-711.0,-494.0,48.0,58.0,216.0,-153.0,-201.0,-262.0,566.0
-274.0,-743.0,-530.0,57.0,108.0,219.0,-241.0,-371.0,-219.0,561.0
-267.0,-793.0,-548.0,63.0,157.0,269.0,-317.0,-267.0,-172.0,544.0
-237.0,-936.0,-569.0,91.0,194.0,367.0,-349.0,-134.0,-137.0,485.0
-224.0,-1225.0,-524.0,127.0,220.0,346.0,-337.0,59.0,-93.0,421.0
-200.0,-1560.0,-510.0,136.0,232.0,233.0,-301.0,205.0,-47.0,338.0
-171.0,-1743.0,-451.0,148.0,229.0,177.0,-249.0,306.0,5.0,236.0
-147.0,-1711.0,-409.0,132.0,216.0,187.0,-205.0,293.0,51.0,125.0
-139.0,-1506.0,-351.0,117.0,202.0,181.0,-204.0,162.0,89.0,24.0
-121.0,-1153.0,-308.0,116.0,201.0,154.0,-202.0,169.0,139.0,-61.0
-116.0,-614.0,-280.0,85.0,212.0,166.0,-176.0,31.0,157.0,-173.0
-89.0,89.0,-215.0,42.0,218.0,135.0,-142.0,29.0,172.0,-284.0
-69.0,846.0,-200.0,25.0,209.0,52.0,-132.0,81.0,190.0,-384.0
-36.0,1553.0,-143.0,22.0,193.0,13.0,-160.0,90.0,200.0,-463.0
24.0,2109.0,-86.0,38.0,174.0,97.0,-175.0,291.0,219.0,-525.0
63.0,2425.0,-55.0,76.0,155.0,194.0,-146.0,349.0,241.0,-549.0
85.0,2484.0,-9.0,93.0,145.0,168.0,-106.0,460.0,270.0,-494.0
68.0,2393.0,49.0,116.0,146.0,149.0,-79.0,543.0,286.0,-403.0
65.0,2325.0,60.0,109.0,155.0,164.0,-51.0,511.0,313.0,-280.0
56.0,2300.0,92.0,86.0,161.0,106.0,-38.0,367.0,346.0,-134.0
51.0,2203.0,123.0,38.0,149.0,-62.0,-65.0,121.0,357.0,24.0
49.0,1990.0,126.0,-13.0,115.0,-78.0,-107.0,101.0,376.0,162.0
54.0,1696.0,139.0,-62.0,64.0,100.0,-93.0,27.0,386.0,262.0
67.0,1354.0,132.0,-140.0,13.0,143.0,-74.0,133.0,374.0,358.0
62.0,1023.0,155.0,-173.0,-25.0,127.0,-76.0,317.0,358.0,411.0
63.0,761.0,144.0,-207.0,-43.0,170.0,-73.0,301.0,331.0,438.0
41.0,530.0,168.0,-206.0,-36.0,214.0,-86.0,447.0,279.0,444.0
19.0,257.0,170.0,-207.0,-7.0,141.0,-84.0,469.0,214.0,406.0
-7.0,-72.0,194.0,-193.0,31.0,92.0,-68.0,500.0,138.0,357.0
-24.0,-426.0,214.0,-121.0,63.0,137.0,-45.0,471.0,43.0,302.0
-35.0,-826.0,201.0,-96.0,82.0,70.0,-27.0,327.0,-52.0,243.0
-29.0,-1309.0,261.0,-58.0,96.0,89.0,-19.0,310.0,-142.0,170.0
-7.0,-1814.0,249.0,-47.0,112.0,175.0,-24.0,206.0,-237.0,97.0
0.0,-2242.0,301.0,-72.0,138.0,164.0,-38.0,151.0,-342.0,38.0
21.0,-2516.0,291.0,-86.0,171.0,57.0,-43.0,20.0,-451.0,-33.0
35.0,-2550.0,290.0,-133.0,196.0,-77.0,-56.0,-48.0,-553.0,-114.0
54.0,-2349.0,335.0,-182.0,200.0,-22.0,-91.0,-64.0,-622.0,-179.0
56.0,-2114.0,282.0,-248.0,183.0,40.0,-157.0,-109.0,-660.0,-240.0
68.0,-2074.0,302.0,-311.0,147.0,23.0,-191.0,-14.0,-669.0,-294.0
113.0,-2189.0,271.0,-380.0,105.0,39.0,-188.0,-149.0,-645.0,-315.0
171.0,-2254.0,219.0,-452.0,68.0,29.0,-165.0,-181.0,-622.0,-301.0
206.0,-2071.0,172.0,-487.0,36.0,56.0,-121.0,-219.0,-608.0,-277.0
229.0,-1503.0,105.0,-532.0,14.0,55.0,-82.0,-406.0,-601.0,-251.0
254.0,-689.0,13.0,-520.0,4.0,106.0,-77.0,-323.0,-604.0,-202.0
263.0,57.0,-57.0,-505.0,2.0,126.0,-121.0,-142.0,-613.0,-169.0
309.0,538.0,-105.0,-456.0,0.0,-40.0,-151.0,66.0,-626.0,-140.0
335.0,785.0,-179.0,-335.0,-7.0,-89.0,-158.0,107.0,-613.0,-121.0
365.0,946.0,-195.0,-230.0,-19.0,-39.0,-130.0,107.0,-584.0,-123.0
400.0,1120.0,-214.0,-69.0,-27.0,5.0,-93.0,35.0,-527.0,-126.0
414.0,1328.0,-238.0,69.0,-32.0,-37.0,-53.0,-20.0,-433.0,-161.0
407.0,1553.0,-257.0,195.0,-41.0,-64.0,-35.0,162.0,-334.0,-185.0
370.0,1797.0,-271.0,294.0,-42.0,68.0,-104.0,142.0,-237.0,-206.0
357.0,2065.0,-284.0,336.0,-34.0,140.0,-193.0,158.0,-154.0,-218.0
332.0,2364.0,-280.0,331.0,-29.0,106.0,-261.0,120.0,-81.0,-218.0
323.0,2646.0,-279.0,248.0,-29.0,70.0,-250.0,64.0,-30.0,-217.0
322.0,2787.0,-261.0,146.0,-38.0,171.0,-180.0,72.0,15.0,-175.0
335.0,2694.0,-223.0,3.0,-52.0,228.0,-103.0,-114.0,55.0,-139.0
337.0,2298.0,-209.0,-153.0,-73.0,208.0,-15.0,-38.0,96.0,-101.0
329.0,1622.0,-186.0,-322.0,-95.0,254.0,34.0,29.0,134.0,-43.0
325.0,848.0,-190.0,-477.0,-111.0,279.0,54.0,40.0,143.0,12.0
302.0,169.0,-175.0,-588.0,-129.0,319.0,52.0,66.0,143.0,58.0
292.0,-313.0,-179.0,-680.0,-147.0,267.0,45.0,-55.0,130.0,103.0
257.0,-611.0,-195.0,-739.0,-159.0,196.0,29.0,-51.0,111.0,156.0
215.0,-825.0,-203.0,-748.0,-169.0,101.0,-3.0,-62.0,80.0,205.0
182.0,-987.0,-236.0,-729.0,-182.0,2.0,-10.0,-22.0,44.0,261.0
174.0,-1085.0,-246.0,-697.0,-195.0,123.0,-29.0,-35.0,27.0,318.0
144.0,-1200.0,-251.0,-619.0,-203.0,285.0,-29.0,3.0,1.0,392.0
121.0,-1412.0,-236.0,-548.0,-194.0,387.0,-10.0,195.0,-33.0,455.0
102.0,-1654.0,-210.0,-501.0,-167.0,318.0,3.0,275.0,-74.0,507.0
57.0,-1769.0,-167.0,-402.0,-128.0,211.0,-6.0,458.0,-117.0,566.0
21.0,-1667.0,-150.0,-289.0,-84.0,275.0,-72.0,408.0,-161.0,603.0
-17.0,-1335.0,-118.0,-186.0,-49.0,243.0,-120.0,188.0,-220.0,624.0
-17.0,-853.0,-93.0,-65.0,-32.0,231.0,-134.0,11.0,-261.0,622.0
-26.0,-409.0,-123.0,55.0,-27.0,292.0,-99.0,-194.0,-290.0,602.0
-9.0,-178.0,-77.0,177.0,-21.0,202.0,-26.0,-190.0,-347.0,565.0
14.0,-149.0,-72.0,297.0,-7.0,173.0,26.0,-236.0,-384.0,504.0
25.0,-201.0,-59.0,411.0,15.0,239.0,15.0,-83.0,-412.0,429.0
52.0,-336.0,-3.0,515.0,40.0,267.0,-67.0,164.0,-440.0,339.0
75.0,-575.0,9.0,588.0,60.0,274.0,-160.0,345.0,-440.0,245.0
100.0,-786.0,40.0,650.0,76.0,283.0,-219.0,543.0,-429.0,142.0
119.0,-832.0,58.0,696.0,86.0,294.0,-216.0,404.0,-393.0,45.0
137.0,-741.0,58.0,689.0,83.0,157.0,-170.0,256.0,-344.0,-40.0
128.0,-565.0,48.0,657.0,60.0,14.0,-114.0,-25.0,-289.0,-129.0
135.0,-313.0,38.0,608.0,21.0,-39.0,-85.0,-232.0,-212.0,-213.0
128.0,-95.0,3.0,553.0,-15.0,-28.0,-73.0,-184.0,-145.0,-309.0
116.0,0.0,-21.0,504.0,-36.0,44.0,-46.0,-168.0,-79.0,-402.0
111.0,-11.0,-50.0,429.0,-40.0,35.0,-49.0,42.0,-13.0,-490.0
88.0,-61.0,-97.0,342.0,-39.0,103.0,-71.0,184.0,40.0,-552.0
83.0,-72.0,-125.0,231.0,-40.0,187.0,-110.0,341.0,79.0,-604.0
64.0,-14.0,-183.0,97.0,-48.0,166.0,-155.0,375.0,96.0,-651.0
35.0,131.0,-234.0,-30.0,-62.0,77.0,-190.0,314.0,108.0,-653.0
-18.0,357.0,-269.0,-164.0,-74.0,-33.0,-227.0,358.0,101.0,-665.0
-81.0,607.0,-306.0,-251.0,-77.0,-103.0,-244.0,120.0,96.0,-661.0
-145.0,833.0,-327.0,-316.0,-71.0,-214.0,-244.0,-11.0,88.0,-632.0
-211.0,1034.0,-344.0,-388.0,-62.0,-244.0,-197.0,-88.0,65.0,-607.0
-265.0,1159.0,-362.0,-438.0,-55.0,-184.0,-129.0,-142.0,43.0,-567.0
-295.0,1138.0,-398.0,-466.0,-59.0,-159.0,-101.0,-64.0,21.0,-530.0
-319.0,1007.0,-398.0,-447.0,-68.0,-194.0,-110.0,-110.0,9.0,-458.0
-351.0,841.0,-411.0,-413.0,-76.0,-242.0,-162.0,-35.0,-24.0,-377.0
-381.0,645.0,-425.0,-363.0,-78.0,-203.0,-215.0,35.0,-53.0,-307.0
-445.0,408.0,-390.0,-309.0,-68.0,-196.0,-242.0,1.0,-92.0,-224.0
-499.0,172.0,-369.0,-276.0,-45.0,-245.0,-244.0,-94.0,-156.0,-152.0
-539.0,-51.0,-307.0,-215.0,-21.0,-329.0,-222.0,-164.0,-208.0,-105.0
-581.0,-277.0,-256.0,-173.0,-8.0,-358.0,-174.0,-157.0,-277.0,-77.0
-620.0,-481.0,-180.0,-170.0,-14.0,-356.0,-129.0,-101.0,-343.0,-29.0
-627.0,-592.0,-106.0,-152.0,-30.0,-499.0,-110.0,75.0,-403.0,7.0
-617.0,-574.0,-62.0,-147.0,-50.0,-457.0,-119.0,-3.0,-462.0,38.0
-609.0,-456.0,-18.0,-169.0,-66.0,-319.0,-153.0,-44.0,-509.0,73.0
-599.0,-303.0,0.0,-205.0,-68.0,-288.0,-209.0,-73.0,-545.0,87.0
-595.0,-207.0,35.0,-247.0,-55.0,-331.0,-272.0,-205.0,-586.0,89.0
-580.0,-225.0,24.0,-279.0,-29.0,-434.0,-303.0,-81.0,-602.0,56.0
-575.0,-370.0,24.0,-321.0,0.0,-327.0,-282.0,-168.0,-588.0,25.0
-552.0,-580.0,-14.0,-364.0,29.0,-244.0,-210.0,-164.0,-573.0,-23.0
-515.0,-756.0,-58.0,-404.0,56.0,-214.0,-176.0,-133.0,-519.0,-103.0
-459.0,-846.0,-90.0,-462.0,72.0,-225.0,-208.0,-232.0,-455.0,-200.0
-399.0,-827.0,-134.0,-515.0,71.0,-313.0,-250.0,-123.0,-385.0,-310.0
-348.0,-706.0,-138.0,-593.0,70.0,-375.0,-305.0,-151.0,-295.0,-424.0
-291.0,-533.0,-151.0,-706.0,81.0,-440.0,-352.0,-90.0,-212.0,-567.0
-244.0,-384.0,-139.0,-795.0,105.0,-275.0,-355.0,-92.0,-121.0,-696.0
-198.0,-293.0,-147.0,-851.0,127.0,-252.0,-335.0,-123.0,-36.0,-793.0
-165.0,-285.0,-156.0,-906.0,129.0,-427.0,-326.0,-120.0,46.0,-865.0
-126.0,-377.0,-177.0,-948.0,118.0,-454.0,-334.0,-253.0,120.0,-933.0
-97.0,-537.0,-193.0,-970.0,107.0,-409.0,-350.0,-166.0,173.0,-964.0
-69.0,-780.0,-214.0,-972.0,105.0,-415.0,-364.0,-168.0,230.0,-948.0
-37.0,-1094.0,-198.0,-944.0,100.0,-523.0,-377.0,-94.0,266.0,-929.0
-24.0,-1365.0,-164.0,-871.0,79.0,-486.0,-390.0,59.0,293.0,-883.0
-6.0,-1465.0,-161.0,-782.0,49.0,-368.0,-369.0,103.0,331.0,-804.0
5.0,-1404.0,-72.0,-687.0,17.0,-335.0,-335.0,112.0,359.0,-701.0
7.0,-1186.0,-74.0,-567.0,-4.0,-367.0,-336.0,-57.0,382.0,-596.0
3.0,-732.0,-51.0,-439.0,-16.0,-272.0,-327.0,-112.0,398.0,-468.0
4.0,-102.0,-27.0,-314.0,-26.0,-141.0,-313.0,-264.0,417.0,-309.0
2.0,544.0,-66.0,-186.0,-42.0,-262.0,-295.0,-330.0,435.0,-164.0
5.0,1079.0,-42.0,-56.0,-64.0,-304.0,-252.0,-338.0,437.0,-35.0
15.0,1427.0,-103.0,64.0,-93.0,-261.0,-211.0,-509.0,443.0,73.0
27.0,1583.0,-134.0,181.0,-125.0,-248.0,-236.0,-450.0,436.0,160.0
55.0,1620.0,-153.0,293.0,-156.0,-327.0,-313.0,-406.0,411.0,216.0
87.0,1527.0,-199.0,383.0,-188.0,-473.0,-344.0,-232.0,363.0,262.0
116.0,1335.0,-221.0,435.0,-211.0,-444.0,-311.0,-66.0,293.0,323.0
130.0,1162.0,-251.0,460.0,-214.0,-411.0,-260.0,-97.0,225.0,374.0
164.0,959.0,-282.0,485.0,-206.0,-342.0,-219.0,-77.0,139.0,426.0
218.0,751.0,-311.0,491.0,-194.0,-321.0,-182.0,-105.0,32.0,473.0
257.0,547.0,-325.0,474.0,-184.0,-402.0,-146.0,-40.0,-75.0,513.0
283.0,219.0,-342.0,453.0,-177.0,-422.0,-125.0,-99.0,-172.0,524.0
307.0,-199.0,-332.0,420.0,-173.0,-426.0,-124.0,-190.0,-257.0,510.0
327.0,-580.0,-338.0,380.0,-179.0,-311.0,-141.0,-190.0,-328.0,474.0
335.0,-830.0,-352.0,316.0,-190.0,-299.0,-159.0,-201.0,-378.0,417.0
339.0,-949.0,-352.0,241.0,-196.0,-293.0,-186.0,-97.0,-424.0,353.0
345.0,-950.0,-369.0,175.0,-183.0,-14.0,-218.0,-203.0,-471.0,276.0
361.0,-799.0,-380.0,97.0,-152.0,81.0,-179.0,-221.0,-519.0,204.0
385.0,-544.0,-393.0,3.0,-107.0,-123.0,-84.0,-279.0,-578.0,126.0
407.0,-251.0,-386.0,-85.0,-47.0,-311.0,-12.0,-423.0,-632.0,36.0
424.0,41.0,-373.0,-154.0,25.0,-246.0,51.0,-315.0,-686.0,-61.0
417.0,352.0,-344.0,-231.0,91.0,-98.0,105.0,-399.0,-733.0,-154.0
394.0,712.0,-335.0,-294.0,137.0,-164.0,131.0,-332.0,-755.0,-236.0
366.0,1010.0,-302.0,-335.0,165.0,-197.0,134.0,-242.0,-768.0,-314.0
326.0,1097.0,-275.0,-392.0,172.0,-189.0,112.0,-184.0,-762.0,-377.0
270.0,963.0,-279.0,-451.0,155.0,-256.0,77.0,62.0,-751.0,-442.0
208.0,669.0,-240.0,-484.0,120.0,-216.0,55.0,166.0,-753.0,-501.0
151.0,287.0,-228.0,-515.0,81.0,-95.0,42.0,245.0,-753.0,-568.0
84.0,-37.0,-181.0,-560.0,45.0,-70.0,19.0,83.0,-760.0,-642.0
7.0,-249.0,-151.0,-574.0,14.0,-189.0,-30.0,-110.0,-753.0,-726.0
-56.0,-432.0,-115.0,-618.0,-14.0,-211.0,-87.0,-277.0,-746.0,-816.0
-141.0,-634.0,-70.0,-650.0,-44.0,-130.0,-82.0,-460.0,-726.0,-900.0
-233.0,-856.0,-55.0,-661.0,-66.0,-104.0,-50.0,-456.0,-691.0,-978.0
-320.0,-1100.0,-15.0,-685.0,-76.0,-171.0,-47.0,-476.0,-660.0,-1038.0
-418.0,-1302.0,23.0,-649.0,-75.0,-332.0,-62.0,-267.0,-601.0,-1082.0
-499.0,-1400.0,86.0,-595.0,-68.0,-398.0,-62.0,-79.0,-519.0,-1105.0
-578.0,-1416.0,118.0,-494.0,-65.0,-444.0,-51.0,42.0,-422.0,-1102.0
-622.0,-1354.0,173.0,-363.0,-66.0,-551.0,-55.0,120.0,-315.0,-1080.0
-644.0,-1183.0,201.0,-228.0,-67.0,-609.0,-57.0,-24.0,-191.0,-1053.0
-665.0,-926.0,189.0,-67.0,-65.0,-549.0,-60.0,-101.0,-58.0,-1004.0
-666.0,-612.0,189.0,41.0,-53.0,-473.0,-58.0,-240.0,59.0,-947.0
-664.0,-270.0,159.0,128.0,-39.0,-438.0,-42.0,-219.0,178.0,-881.0
-649.0,24.0,153.0,191.0,-28.0,-325.0,-67.0,-247.0,279.0,-793.0
-623.0,280.0,119.0,206.0,-23.0,-325.0,-130.0,-336.0,386.0,-687.0
-580.0,588.0,68.0,203.0,-29.0,-469.0,-176.0,-288.0,504.0,-580.0
-530.0,970.0,39.0,169.0,-40.0,-584.0,-189.0,-511.0,607.0,-486.0
-471.0,1371.0,-25.0,118.0,-48.0,-554.0,-189.0,-487.0,727.0,-381.0
-409.0,1693.0,-92.0,71.0,-43.0,-484.0,-207.0,-415.0,824.0,-288.0
-346.0,1876.0,-150.0,0.0,-33.0,-505.0,-204.0,-485.0,904.0,-205.0
-277.0,1877.0,-212.0,-78.0,-18.0,-505.0,-162.0,-369.0,963.0,-124.0
-216.0,1720.0,-252.0,-150.0,7.0,-532.0,-82.0,-279.0,982.0,-40.0
-143.0,1475.0,-280.0,-202.0,35.0,-592.0,3.0,-83.0,981.0,22.0
-78.0,1220.0,-325.0,-237.0,60.0,-658.0,34.0,-25.0,950.0,66.0
-34.0,1096.0,-351.0,-299.0,75.0,-584.0,26.0,-53.0,898.0,112.0
0.0,1121.0,-359.0,-334.0,77.0,-479.0,-7.0,-53.0,818.0,105.0
24.0,1173.0,-392.0,-325.0,66.0,-635.0,-57.0,-94.0,736.0,78.0
36.0,1105.0,-391.0,-289.0,40.0,-834.0,-90.0,-107.0,647.0,43.0
21.0,836.0,-391.0,-240.0,4.0,-834.0,-101.0,-251.0,553.0,-18.0
0.0,480.0,-405.0,-200.0,-34.0,-618.0,-108.0,-173.0,470.0,-91.0
-35.0,153.0,-392.0,-158.0,-67.0,-513.0,-91.0,-120.0,384.0,-190.0
-86.0,-176.0,-393.0,-114.0,-87.0,-578.0,-40.0,-142.0,292.0,-295.0
-136.0,-535.0,-407.0,-74.0,-93.0,-656.0,-2.0,-171.0,197.0,-377.0
-177.0,-882.0,-401.0,-53.0,-93.0,-758.0,30.0,-303.0,107.0,-453.0
-206.0,-1167.0,-379.0,-41.0,-97.0,-702.0,66.0,-171.0,32.0,-496.0
-225.0,-1393.0,-366.0,-49.0,-98.0,-571.0,47.0,-155.0,-28.0,-509.0
-259.0,-1637.0,-337.0,-76.0,-84.0,-415.0,-1.0,-81.0,-82.0,-524.0
-292.0,-1915.0,-288.0,-110.0,-53.0,-490.0,-17.0,-3.0,-126.0,-507.0
-314.0,-2094.0,-239.0,-155.0,-18.0,-704.0,-18.0,-110.0,-164.0,-503.0
-355.0,-2038.0,-197.0,-184.0,3.0,-630.0,1.0,-144.0,-196.0,-495.0
-389.0,-1726.0,-144.0,-197.0,20.0,-608.0,30.0,-319.0,-230.0,-481.0
-406.0,-1195.0,-85.0,-203.0,40.0,-622.0,39.0,-277.0,-252.0,-475.0
-393.0,-542.0,-48.0,-214.0,60.0,-640.0,18.0,-229.0,-255.0,-442.0
-377.0,84.0,10.0,-255.0,80.0,-568.0,18.0,-107.0,-253.0,-425.0
-359.0,579.0,58.0,-304.0,86.0,-395.0,69.0,121.0,-227.0,-390.0
-317.0,907.0,97.0,-352.0,73.0,-450.0,77.0,62.0,-207.0,-359.0
-295.0,1084.0,132.0,-424.0,41.0,-530.0,37.0,234.0,-186.0,-337.0
-267.0,1137.0,132.0,-492.0,3.0,-632.0,-64.0,256.0,-156.0,-313.0
-229.0,1085.0,142.0,-542.0,-30.0,-689.0,-172.0,251.0,-137.0,-315.0
-188.0,912.0,116.0,-595.0,-51.0,-684.0,-232.0,362.0,-120.0,-302.0
-145.0,651.0,84.0,-643.0,-55.0,-505.0,-275.0,140.0,-105.0,-286.0
-106.0,426.0,44.0,-643.0,-45.0,-177.0,-277.0,11.0,-84.0,-269.0
-63.0,327.0,-29.0,-605.0,-21.0,-248.0,-277.0,-114.0,-73.0,-243.0
-24.0,339.0,-87.0,-540.0,2.0,-442.0,-268.0,-205.0,-60.0,-207.0
9.0,338.0,-165.0,-467.0,14.0,-473.0,-259.0,-197.0,-44.0,-153.0
35.0,228.0,-237.0,-400.0,9.0,-401.0,-269.0,-133.0,-42.0,-101.0
70.0,55.0,-322.0,-331.0,-6.0,-346.0,-266.0,-84.0,-48.0,-44.0
106.0,-39.0,-397.0,-298.0,-27.0,-407.0,-257.0,-168.0,-78.0,11.0
156.0,-24.0,-446.0,-262.0,-47.0,-365.0,-253.0,-194.0,-123.0,46.0
210.0,5.0,-496.0,-211.0,-55.0,-305.0,-290.0,-314.0,-182.0,78.0
260.0,-37.0,-509.0,-178.0,-48.0,-334.0,-318.0,-293.0,-244.0,87.0
315.0,-185.0,-526.0,-159.0,-36.0,-377.0,-350.0,-253.0,-308.0,72.0
344.0,-339.0,-525.0,-164.0,-28.0,-263.0,-380.0,-240.0,-384.0,49.0
363.0,-404.0,-504.0,-152.0,-19.0,-153.0,-434.0,-57.0,-439.0,-4.0
361.0,-461.0,-455.0,-118.0,-4.0,-198.0,-521.0,-105.0,-481.0,-54.0
355.0,-615.0,-367.0,-109.0,16.0,-131.0,-518.0,-134.0,-505.0,-112.0
346.0,-814.0,-286.0,-116.0,42.0,-73.0,-492.0,-169.0,-491.0,-162.0
318.0,-979.0,-184.0,-118.0,75.0,-87.0,-470.0,-194.0,-451.0,-202.0
289.0,-1122.0,-92.0,-130.0,121.0,-225.0,-455.0,-86.0,-377.0,-263.0
240.0,-1230.0,21.0,-146.0,162.0,-324.0,-452.0,-88.0,-290.0,-303.0
187.0,-1271.0,119.0,-126.0,185.0,-174.0,-406.0,-96.0,-215.0,-353.0
115.0,-1226.0,181.0,-95.0,188.0,-108.0,-390.0,-245.0,-141.0,-394.0
24.0,-1107.0,295.0,-76.0,173.0,-25.0,-409.0,-303.0,-89.0,-430.0
-72.0,-939.0,347.0,-61.0,145.0,25.0,-434.0,-378.0,-57.0,-470.0
-152.0,-714.0,361.0,-79.0,108.0,-4.0,-437.0,-426.0,-30.0,-482.0
-240.0,-422.0,414.0,-96.0,72.0,-39.0,-404.0,-238.0,-21.0,-494.0
-326.0,-109.0,382.0,-112.0,53.0,-164.0,-391.0,-247.0,-8.0,-494.0
-389.0,116.0,358.0,-130.0,50.0,-136.0,-381.0,-144.0,20.0,-489.0
-437.0,202.0,349.0,-138.0,47.0,-137.0,-372.0,-29.0,40.0,-475.0
-473.0,162.0,302.0,-200.0,32.0,-45.0,-378.0,29.0,69.0,-450.0
-518.0,54.0,294.0,-275.0,9.0,102.0,-400.0,40.0,111.0,-421.0
-513.0,-1.0,259.0,-317.0,-3.0,20.0,-430.0,-116.0,140.0,-393.0
-507.0,56.0,231.0,-335.0,-8.0,-81.0,-453.0,-125.0,179.0,-351.0
-477.0,158.0,207.0,-361.0,-7.0,-179.0,-482.0,-175.0,206.0,-294.0
-431.0,246.0,176.0,-402.0,-8.0,-35.0,-501.0,-103.0,222.0,-250.0
-381.0,323.0,154.0,-413.0,-24.0,43.0,-480.0,-83.0,249.0,-205.0
-290.0,402.0,132.0,-422.0,-47.0,-75.0,-411.0,-179.0,258.0,-168.0
-216.0,497.0,134.0,-374.0,-78.0,-70.0,-347.0,-164.0,272.0,-131.0
-127.0,610.0,111.0,-297.0,-114.0,-27.0,-294.0,-358.0,302.0,-108.0
-45.0,748.0,106.0,-223.0,-151.0,18.0,-253.0,-515.0,335.0,-110.0
29.0,888.0,95.0,-107.0,-182.0,-154.0,-243.0,-657.0,372.0,-108.0
98.0,983.0,69.0,0.0,-204.0,-300.0,-222.0,-642.0,398.0,-124.0
151.0,987.0,64.0,110.0,-225.0,-236.0,-217.0,-467.0,413.0,-180.0
185.0,872.0,27.0,178.0,-245.0,-155.0,-210.0,-408.0,411.0,-250.0
196.0,652.0,3.0,216.0,-262.0,-155.0,-210.0,-192.0,392.0,-320.0
206.0,345.0,4.0,259.0,-272.0,-238.0,-245.0,-53.0,354.0,-419.0
207.0,18.0,-14.0,277.0,-268.0,-229.0,-294.0,70.0,286.0,-508.0
201.0,-256.0,-8.0,321.0,-247.0,-301.0,-345.0,75.0,193.0,-589.0
183.0,-472.0,-26.0,363.0,-212.0,-310.0,-333.0,51.0,77.0,-668.0
174.0,-596.0,-54.0,408.0,-166.0,-264.0,-286.0,175.0,-41.0,-715.0
161.0,-604.0,-61.0,438.0,-113.0,-358.0,-236.0,-12.0,-166.0,-759.0
157.0,-563.0,-95.0,456.0,-64.0,-376.0,-186.0,-116.0,-280.0,-774.0
156.0,-550.0,-85.0,503.0,-26.0,-436.0,-163.0,-284.0,-376.0,-757.0
156.0,-503.0,-116.0,524.0,3.0,-409.0,-143.0,-402.0,-468.0,-722.0
146.0,-312.0,-124.0,511.0,21.0,-346.0,-98.0,-330.0,-523.0,-665.0
109.0,25.0,-109.0,477.0,29.0,-386.0,-34.0,-426.0,-539.0,-579.0
70.0,421.0,-149.0,417.0,25.0,-302.0,-10.0,-367.0,-535.0,-469.0
27.0,788.0,-139.0,346.0,9.0,-219.0,-38.0,-306.0,-504.0,-360.0
-8.0,1054.0,-151.0,280.0,-3.0,-199.0,-79.0,-121.0,-444.0,-243.0
-57.0,1175.0,-159.0,228.0,-9.0,-256.0,-103.0,-44.0,-351.0,-127.0
-102.0,1170.0,-160.0,143.0,-10.0,-204.0,-83.0,-144.0,-240.0,-23.0
-151.0,1004.0,-185.0,53.0,-6.0,-117.0,-34.0,-110.0,-130.0,80.0
-208.0,634.0,-202.0,10.0,6.0,-227.0,34.0,-101.0,-13.0,190.0
-256.0,158.0,-220.0,-56.0,19.0,-335.0,116.0,162.0,103.0,289.0
-293.0,-291.0,-245.0,-114.0,24.0,-454.0,172.0,328.0,201.0,364.0
-321.0,-638.0,-288.0,-159.0,22.0,-407.0,222.0,314.0,281.0,436.0
-352.0,-875.0,-321.0,-239.0,14.0,-311.0,274.0,160.0,341.0,499.0
-376.0,-1043.0,-361.0,-345.0,2.0,-290.0,317.0,-227.0,372.0,546.0
-411.0,-1119.0,-393.0,-444.0,-23.0,-260.0,372.0,-349.0,391.0,576.0
-440.0,-1069.0,-389.0,-520.0,-57.0,-363.0,411.0,-465.0,391.0,595.0
-459.0,-936.0,-397.0,-595.0,-87.0,-293.0,436.0,-554.0,375.0,602.0
-479.0,-788.0,-406.0,-633.0,-111.0,-164.0,440.0,-521.0,344.0,602.0
-485.0,-646.0,-395.0,-678.0,-128.0,-196.0,411.0,-428.0,296.0,592.0
-476.0,-496.0,-380.0,-730.0,-136.0,-250.0,378.0,-260.0,243.0,576.0
-453.0,-349.0,-356.0,-750.0,-128.0,-281.0,344.0,-271.0,186.0,566.0
-426.0,-226.0,-322.0,-735.0,-105.0,-151.0,334.0,-138.0,141.0,537.0
-400.0,-146.0,-295.0,-714.0,-74.0,-58.0,341.0,-20.0,103.0,513.0
-366.0,-136.0,-236.0,-699.0,-35.0,-93.0,341.0,94.0,74.0,503.0
-343.0,-143.0,-202.0,-657.0,5.0,-32.0,357.0,225.0,43.0,497.0
-314.0,-96.0,-167.0,-626.0,46.0,134.0,392.0,208.0,10.0,489.0
-270.0,-25.0,-53.0,-556.0,83.0,169.0,403.0,402.0,-18.0,485.0
-227.0,26.0,-72.0,-463.0,114.0,27.0,390.0,339.0,-51.0,495.0
-168.0,100.0,-3.0,-363.0,139.0,-35.0,343.0,118.0,-71.0,486.0
-109.0,218.0,-82.0,-245.0,155.0,-85.0,285.0,-155.0,-94.0,460.0
-43.0,377.0,-210.0,-113.0,160.0,-97.0,287.0,-491.0,-112.0,420.0
23.0,580.0,435.0,45.0,160.0,0.0,320.0,-598.0,-130.0,351.0
95.0,790.0,609.0,182.0,161.0,56.0,348.0,-718.0,-146.0,246.0
163.0,982.0,305.0,305.0,165.0,132.0,371.0,-705.0,-154.0,134.0
226.0,1117.0,824.0,406.0,177.0,158.0,344.0,-689.0,-166.0,16.0
281.0,1142.0,887.0,474.0,191.0,227.0,283.0,-533.0,-168.0,-113.0
320.0,1034.0,467.0,515.0,197.0,337.0,208.0,-273.0,-173.0,-250.0
361.0,821.0,618.0,499.0,200.0,295.0,122.0,-114.0,-154.0,-387.0
376.0,538.0,801.0,456.0,201.0,218.0,83.0,96.0,-121.0,-490.0
406.0,200.0,735.0,418.0,204.0,239.0,92.0,105.0,-92.0,-598.0
430.0,-138.0,553.0,353.0,203.0,366.0,139.0,96.0,-53.0,-703.0
447.0,-383.0,629.0,283.0,185.0,363.0,179.0,-33.0,-21.0,-764.0
478.0,-467.0,645.0,227.0,139.0,285.0,161.0,-190.0,6.0,-801.0
485.0,-425.0,379.0,155.0,71.0,298.0,115.0,-306.0,40.0,-831.0
489.0,-330.0,407.0,100.0,-6.0,351.0,46.0,-548.0,100.0,-842.0
467.0,-242.0,442.0,64.0,-79.0,429.0,-27.0,-598.0,176.0,-817.0
437.0,-178.0,263.0,25.0,-131.0,449.0,-73.0,-607.0,244.0,-786.0
398.0,-165.0,139.0,-23.0,-158.0,532.0,-76.0,-485.0,310.0,-758.0
331.0,-232.0,141.0,-49.0,-169.0,513.0,-34.0,-336.0,354.0,-725.0
281.0,-404.0,151.0,-49.0,-173.0,344.0,7.0,-306.0,379.0,-665.0
230.0,-653.0,103.0,-38.0,-171.0,323.0,14.0,-230.0,390.0,-601.0
179.0,-843.0,63.0,-9.0,-160.0,239.0,-18.0,-327.0,359.0,-552.0
136.0,-896.0,60.0,18.0,-147.0,162.0,-70.0,-288.0,302.0,-474.0
88.0,-816.0,23.0,47.0,-138.0,212.0,-111.0,-110.0,229.0,-382.0
66.0,-682.0,-11.0,41.0,-139.0,305.0,-155.0,-5.0,138.0,-309.0
34.0,-558.0,87.0,19.0,-145.0,449.0,-208.0,55.0,49.0,-234.0
-8.0,-403.0,101.0,-13.0,-150.0,359.0,-251.0,1.0,-30.0,-158.0
-43.0,-210.0,-85.0,-82.0,-153.0,244.0,-272.0,-9.0,-103.0,-87.0
-94.0,56.0,-28.0,-130.0,-155.0,246.0,-269.0,-81.0,-174.0,-29.0
-134.0,426.0,-12.0,-186.0,-158.0,180.0,-240.0,-57.0,-238.0,8.0
-176.0,805.0,-271.0,-251.0,-155.0,134.0,-176.0,-121.0,-306.0,40.0
-198.0,1093.0,-143.0,-252.0,-138.0,54.0,-142.0,-271.0,-359.0,37.0
-204.0,1286.0,-31.0,-231.0,-108.0,87.0,-162.0,-229.0,-403.0,14.0
-203.0,1360.0,-265.0,-218.0,-67.0,184.0,-175.0,-338.0,-449.0,-10.0
-192.0,1292.0,-257.0,-167.0,-23.0,233.0,-183.0,-254.0,-461.0,-70.0
-180.0,1150.0,-148.0,-88.0,14.0,275.0,-206.0,-210.0,-458.0,-127.0
-172.0,954.0,-290.0,12.0,50.0,226.0,-210.0,-277.0,-422.0,-170.0
-185.0,698.0,-332.0,154.0,85.0,160.0,-196.0,-216.0,-370.0,-202.0
-193.0,428.0,-208.0,313.0,114.0,94.0,-179.0,-304.0,-303.0,-216.0
-205.0,202.0,-280.0,435.0,130.0,152.0,-164.0,-256.0,-210.0,-212.0
-190.0,69.0,-331.0,511.0,139.0,193.0,-177.0,-242.0,-124.0,-176.0
-182.0,17.0,-333.0,531.0,148.0,61.0,-193.0,-138.0,-14.0,-121.0
-172.0,35.0,-431.0,460.0,152.0,60.0,-202.0,-131.0,82.0,-44.0
-146.0,135.0,-407.0,303.0,144.0,157.0,-177.0,-328.0,183.0,24.0
-133.0,258.0,-397.0,123.0,120.0,191.0,-132.0,-317.0,286.0,105.0
-99.0,307.0,-414.0,-44.0,80.0,144.0,-117.0,-443.0,352.0,205.0
-73.0,221.0,-372.0,-207.0,34.0,113.0,-132.0,-428.0,421.0,293.0
-43.0,-14.0,-412.0,-315.0,-11.0,212.0,-202.0,-360.0,465.0,415.0
-21.0,-376.0,-360.0,-373.0,-55.0,166.0,-239.0,-317.0,487.0,539.0
-1.0,-741.0,-336.0,-383.0,-94.0,39.0,-244.0,-254.0,499.0,649.0
-1.0,-979.0,-400.0,-335.0,-124.0,66.0,-239.0,-363.0,498.0,752.0
-18.0,-1069.0,-314.0,-236.0,-148.0,61.0,-196.0,-339.0,486.0,840.0
-36.0,-1052.0,-336.0,-104.0,-165.0,-11.0,-158.0,-321.0,462.0,916.0
-68.0,-990.0,-318.0,11.0,-165.0,-89.0,-129.0,-273.0,427.0,955.0
-94.0,-921.0,-172.0,131.0,-141.0,-3.0,-159.0,-249.0,391.0,982.0
-118.0,-855.0,-180.0,235.0,-94.0,260.0,-166.0,-101.0,363.0,988.0
-128.0,-754.0,-142.0,314.0,-42.0,395.0,-93.0,105.0,319.0,976.0
-154.0,-602.0,-27.0,379.0,-3.0,450.0,-30.0,51.0,268.0,951.0
-185.0,-456.0,8.0,405.0,26.0,461.0,13.0,142.0,219.0,908.0
-229.0,-348.0,34.0,397.0,49.0,357.0,15.0,57.0,176.0,869.0
-259.0,-254.0,75.0,386.0,69.0,231.0,-21.0,-103.0,134.0,811.0
-274.0,-142.0,72.0,352.0,85.0,192.0,-68.0,-216.0,85.0,748.0
-281.0,-9.0,55.0,295.0,93.0,260.0,-98.0,-395.0,37.0,682.0
-265.0,119.0,36.0,235.0,96.0,252.0,-106.0,-367.0,-21.0,602.0
-245.0,251.0,64.0,164.0,103.0,254.0,-84.0,-391.0,-55.0,531.0
-208.0,385.0,106.0,96.0,108.0,365.0,-66.0,-205.0,-82.0,450.0
-197.0,481.0,129.0,30.0,103.0,463.0,-42.0,-7.0,-99.0,375.0
-176.0,582.0,178.0,-20.0,87.0,511.0,11.0,96.0,-103.0,284.0
-155.0,745.0,200.0,-86.0,65.0,419.0,72.0,249.0,-116.0,188.0
-142.0,913.0,209.0,-159.0,55.0,384.0,99.0,254.0,-125.0,118.0
-104.0,991.0,241.0,-200.0,70.0,411.0,65.0,279.0,-154.0,28.0
-74.0,961.0,271.0,-222.0,99.0,351.0,3.0,75.0,-181.0,-41.0
-25.0,890.0,271.0,-254.0,123.0,377.0,-73.0,22.0,-194.0,-89.0
11.0,842.0,279.0,-295.0,128.0,392.0,-115.0,64.0,-196.0,-131.0
62.0,812.0,280.0,-304.0,116.0,468.0,-136.0,-46.0,-170.0,-170.0
127.0,752.0,350.0,-286.0,91.0,509.0,-112.0,-35.0,-124.0,-219.0
174.0,678.0,351.0,-239.0,59.0,465.0,-54.0,-99.0,-69.0,-252.0
241.0,644.0,292.0,-167.0,31.0,546.0,-54.0,0.0,-14.0,-281.0
294.0,608.0,318.0,-76.0,23.0,494.0,-32.0,72.0,36.0,-308.0
355.0,523.0,271.0,-14.0,29.0,502.0,14.0,177.0,70.0,-337.0
401.0,420.0,226.0,13.0,43.0,534.0,65.0,389.0,103.0,-353.0
424.0,389.0,188.0,27.0,59.0,452.0,84.0,393.0,132.0,-352.0
454.0,480.0,205.0,33.0,71.0,407.0,65.0,419.0,132.0,-361.0
464.0,625.0,182.0,77.0,76.0,255.0,94.0,262.0,129.0,-373.0
475.0,721.0,191.0,117.0,71.0,290.0,143.0,101.0,113.0,-381.0
479.0,709.0,152.0,166.0,49.0,306.0,193.0,0.0,62.0,-381.0
484.0,589.0,76.0,217.0,18.0,243.0,213.0,-16.0,12.0,-390.0
470.0,388.0,209.0,246.0,-14.0,329.0,201.0,177.0,-24.0,-400.0
448.0,130.0,119.0,261.0,-41.0,287.0,179.0,249.0,-61.0,-399.0
419.0,-184.0,90.0,221.0,-54.0,309.0,173.0,351.0,-86.0,-416.0
374.0,-531.0,192.0,143.0,-48.0,254.0,207.0,221.0,-91.0,-447.0
345.0,-843.0,134.0,41.0,-20.0,112.0,263.0,-29.0,-111.0,-464.0
300.0,-1061.0,168.0,-57.0,17.0,66.0,321.0,-160.0,-121.0,-463.0
265.0,-1189.0,183.0,-168.0,55.0,-12.0,315.0,-236.0,-111.0,-457.0
227.0,-1271.0,141.0,-259.0,89.0,131.0,264.0,-75.0,-96.0,-429.0
167.0,-1366.0,112.0,-285.0,118.0,306.0,219.0,12.0,-41.0,-372.0
109.0,-1465.0,79.0,-262.0,129.0,258.0,193.0,147.0,39.0,-317.0
32.0,-1471.0,61.0,-183.0,120.0,104.0,210.0,131.0,132.0,-265.0
-33.0,-1400.0,48.0,-69.0,98.0,24.0,224.0,-66.0,233.0,-217.0
-90.0,-1308.0,14.0,85.0,77.0,157.0,229.0,-131.0,320.0,-188.0
-130.0,-1163.0,9.0,260.0,70.0,237.0,221.0,-280.0,410.0,-188.0
-145.0,-939.0,-3.0,429.0,71.0,191.0,191.0,-245.0,497.0,-209.0
-154.0,-680.0,-42.0,588.0,79.0,168.0,165.0,-225.0,569.0,-239.0
-139.0,-429.0,-57.0,730.0,89.0,156.0,105.0,-201.0,632.0,-276.0
-128.0,-189.0,-112.0,832.0,94.0,164.0,70.0,-94.0,682.0,-324.0
-126.0,32.0,-137.0,878.0,88.0,176.0,74.0,-55.0,696.0,-356.0
-118.0,224.0,-146.0,892.0,65.0,171.0,49.0,123.0,702.0,-355.0
-102.0,349.0,-192.0,867.0,22.0,102.0,23.0,86.0,705.0,-335.0
-93.0,416.0,-198.0,815.0,-29.0,0.0,-43.0,88.0,678.0,-307.0
-77.0,458.0,-152.0,720.0,-82.0,147.0,-78.0,83.0,649.0,-261.0
-50.0,528.0,-133.0,594.0,-130.0,396.0,-44.0,-66.0,605.0,-190.0
-39.0,664.0,-119.0,463.0,-167.0,474.0,-14.0,-44.0,529.0,-135.0
-46.0,841.0,-65.0,318.0,-185.0,356.0,22.0,-90.0,448.0,-85.0
-57.0,1043.0,-48.0,161.0,-188.0,168.0,-12.0,-181.0,361.0,-24.0
-21.0,1238.0,49.0,-4.0,-191.0,220.0,-72.0,-378.0,262.0,28.0
13.0,1399.0,144.0,-134.0,-200.0,321.0,-81.0,-465.0,175.0,86.0
0.0,1508.0,168.0,-211.0,-204.0,396.0,-48.0,-469.0,84.0,121.0
-17.0,1555.0,291.0,-258.0,-201.0,503.0,19.0,-356.0,-5.0,178.0
1.0,1472.0,339.0,-280.0,-188.0,482.0,36.0,83.0,-68.0,228.0
-1.0,1188.0,394.0,-279.0,-168.0,375.0,-17.0,280.0,-134.0,249.0
-30.0,767.0,510.0,-277.0,-148.0,344.0,-92.0,465.0,-187.0,309.0
-22.0,299.0,532.0,-251.0,-128.0,446.0,-149.0,506.0,-226.0,371.0
-12.0,-159.0,611.0,-196.0,-103.0,473.0,-169.0,301.0,-264.0,428.0
16.0,-557.0,652.0,-123.0,-67.0,381.0,-124.0,171.0,-280.0,478.0
44.0,-858.0,642.0,-10.0,-18.0,338.0,-37.0,-188.0,-287.0,522.0
65.0,-1106.0,654.0,95.0,29.0,358.0,14.0,-264.0,-280.0,542.0
70.0,-1356.0,646.0,171.0,65.0,334.0,21.0,-42.0,-258.0,529.0
46.0,-1532.0,614.0,213.0,93.0,294.0,2.0,280.0,-227.0,516.0
23.0,-1517.0,568.0,206.0,119.0,279.0,-26.0,606.0,-183.0,501.0
0.0,-1319.0,511.0,170.0,142.0,313.0,-55.0,696.0,-132.0,479.0
7.0,-1064.0,388.0,107.0,153.0,338.0,-86.0,694.0,-73.0,467.0
22.0,-833.0,264.0,18.0,145.0,281.0,-106.0,378.0,0.0,494.0
67.0,-631.0,131.0,-65.0,124.0,249.0,-98.0,214.0,82.0,525.0
107.0,-446.0,64.0,-152.0,103.0,261.0,-119.0,134.0,160.0,565.0
110.0,-268.0,-35.0,-233.0,92.0,282.0,-163.0,123.0,246.0,606.0
108.0,-123.0,-162.0,-292.0,98.0,333.0,-158.0,315.0,329.0,644.0
83.0,-34.0,-171.0,-348.0,115.0,344.0,-124.0,221.0,392.0,675.0
47.0,31.0,-266.0,-397.0,130.0,244.0,-96.0,251.0,443.0,665.0
13.0,125.0,-325.0,-428.0,142.0,152.0,-134.0,212.0,462.0,658.0
10.0,249.0,-317.0,-418.0,149.0,179.0,-217.0,140.0,444.0,630.0
15.0,366.0,-344.0,-348.0,157.0,225.0,-246.0,251.0,389.0,593.0
37.0,423.0,-355.0,-227.0,171.0,164.0,-216.0,334.0,302.0,558.0
56.0,416.0,-363.0,-75.0,184.0,83.0,-145.0,406.0,196.0,535.0
77.0,411.0,-332.0,69.0,181.0,144.0,-110.0,236.0,81.0,529.0
118.0,423.0,-321.0,192.0,157.0,296.0,-139.0,162.0,-8.0,501.0
140.0,427.0,-314.0,290.0,124.0,260.0,-176.0,103.0,-95.0,505.0
158.0,396.0,-262.0,352.0,82.0,44.0,-213.0,177.0,-157.0,511.0
168.0,343.0,-199.0,409.0,28.0,-56.0,-235.0,356.0,-187.0,500.0
190.0,350.0,-144.0,435.0,-37.0,-33.0,-225.0,254.0,-191.0,486.0
213.0,424.0,-82.0,442.0,-104.0,54.0,-200.0,358.0,-164.0,463.0
213.0,478.0,-42.0,447.0,-161.0,163.0,-188.0,386.0,-144.0,443.0
215.0,458.0,8.0,425.0,-190.0,172.0,-214.0,371.0,-100.0,392.0
235.0,433.0,59.0,422.0,-188.0,66.0,-268.0,349.0,-32.0,337.0
249.0,456.0,70.0,446.0,-159.0,-51.0,-291.0,181.0,37.0,306.0
236.0,481.0,105.0,487.0,-121.0,-4.0,-269.0,171.0,100.0,273.0
221.0,468.0,116.0,539.0,-87.0,128.0,-200.0,136.0,173.0,235.0
217.0,413.0,157.0,604.0,-63.0,80.0,-163.0,310.0,242.0,228.0
194.0,335.0,220.0,658.0,-55.0,-4.0,-211.0,528.0,289.0,248.0
169.0,276.0,276.0,705.0,-57.0,-45.0,-272.0,705.0,331.0,263.0
165.0,259.0,340.0,750.0,-51.0,47.0,-321.0,809.0,338.0,273.0
164.0,259.0,364.0,764.0,-32.0,231.0,-328.0,709.0,322.0,288.0
157.0,258.0,391.0,771.0,-3.0,223.0,-283.0,692.0,287.0,282.0
151.0,241.0,373.0,762.0,23.0,210.0,-162.0,491.0,230.0,246.0
157.0,171.0,349.0,750.0,39.0,133.0,-59.0,417.0,160.0,197.0
144.0,60.0,338.0,730.0,39.0,104.0,-31.0,426.0,89.0,150.0
131.0,-55.0,294.0,712.0,27.0,260.0,-53.0,354.0,31.0,101.0
144.0,-149.0,250.0,708.0,5.0,279.0,-87.0,323.0,-38.0,32.0
145.0,-244.0,189.0,686.0,-18.0,183.0,-49.0,186.0,-100.0,-18.0
149.0,-400.0,119.0,645.0,-38.0,103.0,-31.0,321.0,-156.0,-48.0
164.0,-590.0,32.0,584.0,-47.0,167.0,-60.0,339.0,-210.0,-78.0
189.0,-744.0,-30.0,543.0,-45.0,215.0,-124.0,279.0,-259.0,-87.0
217.0,-866.0,-107.0,465.0,-34.0,104.0,-178.0,317.0,-301.0,-57.0
233.0,-957.0,-205.0,366.0,-5.0,83.0,-204.0,199.0,-337.0,-1.0
243.0,-957.0,-231.0,290.0,33.0,175.0,-207.0,286.0,-377.0,52.0
241.0,-866.0,-268.0,231.0,70.0,214.0,-166.0,327.0,-413.0,108.0
249.0,-697.0,-271.0,173.0,99.0,160.0,-146.0,391.0,-446.0,163.0
267.0,-452.0,-249.0,92.0,122.0,89.0,-109.0,497.0,-459.0,196.0
289.0,-182.0,-238.0,34.0,140.0,163.0,-81.0,537.0,-428.0,185.0
334.0,68.0,-181.0,-42.0,151.0,175.0,-65.0,570.0,-358.0,164.0
375.0,254.0,-182.0,-129.0,145.0,52.0,-17.0,448.0,-257.0,133.0
405.0,377.0,-128.0,-202.0,119.0,70.0,0.0,502.0,-142.0,57.0
425.0,397.0,-89.0,-266.0,80.0,118.0,-10.0,441.0,-32.0,-32.0
428.0,291.0,-56.0,-306.0,36.0,163.0,-36.0,498.0,69.0,-115.0
397.0,86.0,23.0,-356.0,-3.0,165.0,-70.0,705.0,160.0,-175.0
348.0,-182.0,27.0,-370.0,-37.0,151.0,-85.0,661.0,221.0,-255.0
326.0,-436.0,103.0,-367.0,-63.0,174.0,-67.0,739.0,256.0,-327.0
314.0,-629.0,119.0,-351.0,-80.0,0.0,-48.0,698.0,289.0,-373.0
305.0,-731.0,140.0,-351.0,-97.0,-216.0,-35.0,670.0,323.0,-432.0
306.0,-755.0,183.0,-364.0,-119.0,-251.0,-26.0,672.0,351.0,-492.0
308.0,-661.0,183.0,-327.0,-144.0,-116.0,-20.0,665.0,364.0,-540.0
288.0,-346.0,234.0,-330.0,-166.0,35.0,-32.0,718.0,382.0,-569.0
249.0,139.0,230.0,-335.0,-177.0,34.0,-52.0,509.0,394.0,-618.0
204.0,622.0,281.0,-328.0,-171.0,-2.0,-60.0,395.0,383.0,-672.0
163.0,1014.0,312.0,-318.0,-152.0,-18.0,-74.0,218.0,362.0,-700.0
120.0,1388.0,300.0,-301.0,-123.0,2.0,-63.0,97.0,325.0,-719.0
62.0,1673.0,326.0,-303.0,-83.0,60.0,-48.0,188.0,275.0,-759.0
15.0,1740.0,311.0,-266.0,-39.0,31.0,-59.0,229.0,217.0,-774.0
-17.0,1593.0,294.0,-256.0,-3.0,40.0,-79.0,463.0,161.0,-732.0
-43.0,1301.0,289.0,-262.0,16.0,86.0,-81.0,657.0,93.0,-704.0
-81.0,931.0,269.0,-267.0,21.0,23.0,-65.0,851.0,40.0,-665.0
-132.0,525.0,254.0,-280.0,19.0,-82.0,-64.0,894.0,23.0,-583.0
-199.0,178.0,270.0,-276.0,20.0,-179.0,-43.0,783.0,26.0,-484.0
-274.0,-58.0,254.0,-287.0,32.0,-164.0,-8.0,753.0,62.0,-407.0
-342.0,-232.0,255.0,-283.0,55.0,-85.0,33.0,646.0,129.0,-328.0
-389.0,-439.0,244.0,-266.0,76.0,-71.0,52.0,615.0,222.0,-208.0
-411.0,-698.0,189.0,-253.0,83.0,-88.0,36.0,421.0,305.0,-93.0
-444.0,-883.0,156.0,-220.0,69.0,-96.0,15.0,336.0,368.0,-4.0
-462.0,-902.0,66.0,-161.0,38.0,-140.0,-9.0,312.0,413.0,103.0
-478.0,-862.0,-4.0,-93.0,-10.0,-237.0,4.0,221.0,436.0,241.0
-494.0,-922.0,-68.0,-17.0,-70.0,-313.0,-14.0,356.0,435.0,362.0
-497.0,-1048.0,-127.0,76.0,-127.0,-253.0,-52.0,351.0,395.0,478.0
-470.0,-1122.0,-164.0,162.0,-162.0,-52.0,-14.0,554.0,345.0,616.0
-421.0,-1035.0,-219.0,245.0,-174.0,-22.0,23.0,722.0,285.0,769.0
-372.0,-778.0,-232.0,329.0,-167.0,-190.0,29.0,698.0,213.0,888.0
-290.0,-436.0,-285.0,397.0,-142.0,-283.0,14.0,689.0,143.0,1006.0
-203.0,-101.0,-269.0,434.0,-109.0,-260.0,-23.0,474.0,72.0,1161.0
-103.0,169.0,-259.0,437.0,-70.0,-265.0,-42.0,352.0,5.0,1302.0
-11.0,383.0,-308.0,423.0,-25.0,-340.0,-9.0,144.0,-65.0,1405.0
48.0,522.0,-250.0,380.0,30.0,-255.0,57.0,105.0,-150.0,1501.0
100.0,568.0,-204.0,330.0,95.0,-142.0,107.0,157.0,-247.0,1586.0
139.0,485.0,-163.0,304.0,156.0,-171.0,111.0,179.0,-326.0,1592.0
167.0,326.0,-122.0,294.0,198.0,-224.0,62.0,415.0,-373.0,1552.0
189.0,200.0,-69.0,297.0,213.0,-310.0,-40.0,393.0,-403.0,1485.0
230.0,77.0,31.0,276.0,212.0,-292.0,-103.0,428.0,-395.0,1379.0
275.0,-41.0,89.0,266.0,204.0,-230.0,-105.0,393.0,-370.0,1238.0
311.0,-68.0,114.0,282.0,190.0,-221.0,-95.0,280.0,-348.0,1087.0
323.0,62.0,173.0,287.0,168.0,-172.0,-12.0,284.0,-320.0,972.0
304.0,251.0,212.0,334.0,148.0,-175.0,27.0,195.0,-301.0,837.0
282.0,378.0,236.0,356.0,139.0,-151.0,33.0,304.0,-287.0,687.0
259.0,467.0,261.0,357.0,141.0,-146.0,92.0,273.0,-284.0,573.0
235.0,561.0,291.0,381.0,154.0,-202.0,132.0,225.0,-280.0,454.0
210.0,598.0,343.0,391.0,165.0,-201.0,158.0,210.0,-289.0,312.0
192.0,460.0,358.0,388.0,163.0,-242.0,162.0,129.0,-306.0,181.0
180.0,169.0,410.0,380.0,149.0,-242.0,113.0,273.0,-303.0,69.0
152.0,-166.0,433.0,382.0,120.0,-239.0,-22.0,378.0,-306.0,-21.0
125.0,-453.0,380.0,350.0,79.0,-326.0,-104.0,548.0,-284.0,-100.0
119.0,-639.0,358.0,311.0,32.0,-281.0,-88.0,582.0,-241.0,-172.0
125.0,-749.0,334.0,289.0,-8.0,-197.0,-62.0,463.0,-180.0,-215.0
133.0,-770.0,274.0,255.0,-44.0,-196.0,9.0,450.0,-102.0,-262.0
142.0,-629.0,190.0,217.0,-77.0,-133.0,76.0,347.0,-41.0,-312.0
147.0,-308.0,133.0,160.0,-98.0,-50.0,61.0,251.0,13.0,-310.0
133.0,128.0,67.0,79.0,-103.0,-123.0,37.0,179.0,72.0,-288.0
111.0,633.0,-39.0,-25.0,-88.0,-307.0,83.0,282.0,138.0,-270.0
73.0,1124.0,-107.0,-134.0,-60.0,-350.0,129.0,373.0,206.0,-220.0
29.0,1529.0,-192.0,-255.0,-27.0,-193.0,185.0,423.0,283.0,-126.0
1.0,1836.0,-307.0,-369.0,12.0,-102.0,233.0,567.0,380.0,-41.0
-34.0,1964.0,-390.0,-455.0,54.0,-153.0,218.0,569.0,481.0,20.0
-72.0,1847.0,-478.0,-532.0,88.0,-174.0,195.0,593.0,585.0,92.0
-91.0,1510.0,-573.0,-572.0,112.0,-190.0,169.0,437.0,693.0,148.0
-72.0,1048.0,-640.0,-585.0,137.0,-175.0,132.0,303.0,786.0,193.0
-58.0,511.0,-707.0,-560.0,167.0,-106.0,90.0,325.0,862.0,203.0
-26.0,-93.0,-760.0,-484.0,187.0,-81.0,68.0,267.0,915.0,209.0
16.0,-628.0,-755.0,-404.0,187.0,-95.0,76.0,325.0,958.0,229.0
35.0,-951.0,-759.0,-313.0,164.0,-192.0,107.0,267.0,983.0,208.0
51.0,-1064.0,-740.0,-192.0,124.0,-223.0,197.0,286.0,983.0,189.0
39.0,-1009.0,-676.0,-55.0,77.0,-154.0,263.0,238.0,967.0,154.0
25.0,-844.0,-652.0,102.0,39.0,-174.0,243.0,46.0,913.0,96.0
0.0,-674.0,-584.0,301.0,19.0,-174.0,219.0,33.0,836.0,-5.0
-40.0,-523.0,-523.0,509.0,20.0,-91.0,185.0,-68.0,728.0,-110.0
-93.0,-331.0,-469.0,658.0,23.0,-16.0,150.0,27.0,591.0,-203.0
-152.0,-122.0,-394.0,751.0,15.0,-41.0,168.0,92.0,443.0,-322.0
-199.0,101.0,-310.0,811.0,2.0,-120.0,213.0,166.0,278.0,-419.0
-253.0,388.0,-182.0,834.0,-10.0,-91.0,239.0,290.0,121.0,-493.0
-297.0,606.0,-92.0,813.0,-28.0,-42.0,201.0,133.0,-20.0,-530.0
-338.0,588.0,41.0,724.0,-55.0,-112.0,135.0,79.0,-138.0,-579.0
-379.0,396.0,120.0,607.0,-91.0,-208.0,125.0,-75.0,-236.0,-613.0
-423.0,195.0,202.0,470.0,-120.0,-219.0,190.0,-16.0,-316.0,-592.0
-456.0,30.0,294.0,314.0,-140.0,-168.0,281.0,105.0,-368.0,-566.0
-469.0,-123.0,302.0,179.0,-152.0,-151.0,315.0,-7.0,-402.0,-546.0
-460.0,-257.0,370.0,71.0,-165.0,-196.0,312.0,57.0,-420.0,-508.0
-443.0,-359.0,349.0,-31.0,-176.0,-169.0,295.0,42.0,-423.0,-445.0
-419.0,-450.0,386.0,-131.0,-172.0,-162.0,240.0,86.0,-405.0,-419.0
-394.0,-542.0,412.0,-222.0,-160.0,-208.0,230.0,118.0,-380.0,-404.0
-367.0,-683.0,380.0,-296.0,-149.0,-210.0,267.0,251.0,-361.0,-379.0
-329.0,-877.0,422.0,-324.0,-136.0,-207.0,296.0,461.0,-345.0,-378.0
-295.0,-1046.0,400.0,-314.0,-129.0,-239.0,306.0,450.0,-334.0,-408.0
-265.0,-1094.0,417.0,-273.0,-137.0,-285.0,286.0,467.0,-329.0,-446.0
-260.0,-956.0,434.0,-204.0,-153.0,-212.0,259.0,413.0,-327.0,-475.0
-242.0,-698.0,453.0,-138.0,-164.0,-149.0,259.0,428.0,-324.0,-503.0
-229.0,-440.0,476.0,-62.0,-158.0,-114.0,333.0,363.0,-309.0,-528.0
-209.0,-225.0,474.0,14.0,-140.0,-76.0,417.0,286.0,-278.0,-531.0
-187.0,12.0,497.0,67.0,-118.0,-105.0,469.0,271.0,-252.0,-489.0
-169.0,309.0,455.0,107.0,-95.0,-148.0,492.0,136.0,-228.0,-458.0
-136.0,527.0,432.0,114.0,-69.0,-231.0,446.0,173.0,-213.0,-434.0
-123.0,529.0,423.0,79.0,-34.0,-237.0,355.0,33.0,-212.0,-368.0
-100.0,378.0,357.0,27.0,3.0,-175.0,260.0,-92.0,-188.0,-286.0
-98.0,313.0,356.0,-30.0,42.0,-124.0,208.0,-16.0,-157.0,-220.0
-88.0,443.0,336.0,-100.0,85.0,-161.0,210.0,38.0,-114.0,-138.0
-79.0,632.0,272.0,-193.0,131.0,-206.0,276.0,194.0,-25.0,-15.0
-75.0,778.0,275.0,-255.0,175.0,-179.0,359.0,266.0,65.0,103.0
-45.0,917.0,240.0,-310.0,211.0,-162.0,405.0,395.0,161.0,213.0
-11.0,1066.0,174.0,-347.0,245.0,-54.0,448.0,375.0,251.0,340.0
45.0,1128.0,135.0,-330.0,278.0,-37.0,491.0,286.0,312.0,478.0
94.0,1024.0,95.0,-309.0,293.0,-156.0,558.0,247.0,377.0,572.0
149.0,782.0,25.0,-249.0,281.0,-226.0,598.0,84.0,447.0,643.0
182.0,482.0,-31.0,-162.0,243.0,-206.0,576.0,157.0,498.0,701.0
192.0,186.0,-78.0,-96.0,196.0,-98.0,531.0,97.0,538.0,712.0
190.0,-92.0,-151.0,-35.0,156.0,-72.0,478.0,129.0,588.0,684.0
177.0,-294.0,-202.0,30.0,129.0,-81.0,443.0,219.0,606.0,615.0
172.0,-324.0,-268.0,79.0,106.0,-39.0,411.0,86.0,596.0,549.0
159.0,-184.0,-294.0,126.0,84.0,-3.0,358.0,97.0,571.0,452.0
154.0,8.0,-310.0,184.0,66.0,-2.0,289.0,-109.0,507.0,362.0
121.0,108.0,-327.0,255.0,45.0,-58.0,252.0,-184.0,435.0,310.0
89.0,130.0,-308.0,329.0,29.0,-106.0,266.0,-158.0,342.0,250.0
55.0,180.0,-328.0,365.0,24.0,-116.0,350.0,-168.0,242.0,198.0
14.0,282.0,-320.0,362.0,16.0,-85.0,451.0,-40.0,162.0,148.0
-21.0,401.0,-304.0,339.0,-4.0,19.0,486.0,-27.0,96.0,127.0
-64.0,446.0,-321.0,290.0,-37.0,133.0,478.0,16.0,46.0,101.0
-79.0,349.0,-291.0,219.0,-70.0,102.0,404.0,-96.0,10.0,65.0
-99.0,154.0,-282.0,134.0,-95.0,-17.0,298.0,-123.0,-12.0,52.0
-124.0,-42.0,-269.0,29.0,-97.0,-84.0,222.0,-158.0,-26.0,34.0
-156.0,-163.0,-172.0,-90.0,-79.0,-95.0,202.0,-205.0,-42.0,10.0
-193.0,-186.0,-136.0,-206.0,-61.0,-108.0,189.0,-51.0,-62.0,-21.0
-230.0,-198.0,-82.0,-309.0,-56.0,-170.0,140.0,-94.0,-76.0,-34.0
-268.0,-323.0,-14.0,-404.0,-63.0,-166.0,99.0,-14.0,-95.0,-39.0
-297.0,-571.0,38.0,-456.0,-72.0,-73.0,85.0,-25.0,-120.0,-33.0
-308.0,-801.0,126.0,-479.0,-71.0,-49.0,154.0,-144.0,-158.0,0.0
-297.0,-845.0,164.0,-487.0,-53.0,-90.0,229.0,-186.0,-206.0,45.0
-279.0,-741.0,259.0,-430.0,-29.0,-66.0,260.0,-304.0,-239.0,104.0
-253.0,-646.0,304.0,-349.0,-1.0,-64.0,300.0,-184.0,-277.0,166.0
-236.0,-548.0,349.0,-274.0,34.0,-156.0,299.0,-77.0,-312.0,234.0
-210.0,-334.0,411.0,-198.0,75.0,-173.0,247.0,-20.0,-329.0,301.0
-201.0,-1.0,414.0,-135.0,119.0,-233.0,162.0,-72.0,-331.0,340.0
-198.0,327.0,452.0,-81.0,165.0,-325.0,104.0,-184.0,-324.0,370.0
-169.0,554.0,429.0,-20.0,206.0,-269.0,113.0,-153.0,-300.0,392.0
-129.0,644.0,415.0,34.0,224.0,-158.0,174.0,-90.0,-258.0,397.0
-86.0,618.0,385.0,85.0,212.0,-120.0,255.0,129.0,-219.0,397.0
-41.0,530.0,341.0,146.0,180.0,-217.0,282.0,129.0,-174.0,367.0
15.0,372.0,301.0,212.0,133.0,-265.0,257.0,72.0,-123.0,349.0
55.0,150.0,231.0,281.0,77.0,-205.0,232.0,90.0,-70.0,323.0
80.0,-71.0,183.0,338.0,33.0,-141.0,235.0,-62.0,-5.0,272.0
96.0,-207.0,90.0,368.0,12.0,-115.0,250.0,-77.0,58.0,246.0
123.0,-225.0,46.0,387.0,6.0,-103.0,250.0,-86.0,90.0,231.0
157.0,-161.0,0.0,398.0,11.0,-66.0,222.0,-27.0,93.0,225.0
184.0,-74.0,-72.0,417.0,30.0,-122.0,190.0,33.0,69.0,227.0
203.0,-20.0,-80.0,442.0,55.0,-211.0,175.0,-36.0,30.0,260.0
207.0,0.0,-138.0,475.0,68.0,-256.0,185.0,-1.0,-14.0,306.0
219.0,-22.0,-134.0,488.0,61.0,-276.0,213.0,49.0,-76.0,344.0
224.0,-108.0,-140.0,454.0,38.0,-260.0,223.0,110.0,-142.0,394.0
224.0,-199.0,-162.0,398.0,0.0,-210.0,249.0,79.0,-194.0,430.0
220.0,-195.0,-106.0,313.0,-48.0,-139.0,269.0,62.0,-228.0,445.0
239.0,-121.0,-121.0,224.0,-98.0,-42.0,291.0,-24.0,-267.0,441.0
258.0,-128.0,-96.0,131.0,-137.0,3.0,318.0,-149.0,-294.0,415.0
261.0,-276.0,-62.0,33.0,-166.0,-47.0,306.0,-68.0,-305.0,343.0
272.0,-484.0,-51.0,-70.0,-194.0,-39.0,280.0,-72.0,-308.0,244.0
274.0,-651.0,-36.0,-204.0,-215.0,-10.0,250.0,57.0,-274.0,145.0
286.0,-747.0,-18.0,-315.0,-229.0,18.0,251.0,182.0,-210.0,52.0
287.0,-764.0,-13.0,-410.0,-240.0,98.0,263.0,238.0,-128.0,-22.0
289.0,-671.0,-49.0,-478.0,-250.0,106.0,267.0,358.0,-35.0,-107.0
291.0,-459.0,-27.0,-480.0,-255.0,-29.0,253.0,279.0,47.0,-156.0
285.0,-181.0,-45.0,-438.0,-249.0,-116.0,241.0,227.0,112.0,-172.0
270.0,101.0,-57.0,-359.0,-239.0,64.0,274.0,169.0,151.0,-202.0
248.0,370.0,-52.0,-233.0,-226.0,232.0,294.0,138.0,163.0,-213.0
224.0,650.0,-91.0,-94.0,-212.0,184.0,324.0,3.0,171.0,-206.0
176.0,969.0,-126.0,33.0,-191.0,102.0,370.0,-179.0,173.0,-193.0
136.0,1204.0,-170.0,134.0,-163.0,40.0,411.0,-201.0,177.0,-191.0
94.0,1219.0,-234.0,177.0,-136.0,27.0,469.0,-343.0,183.0,-192.0
58.0,1029.0,-284.0,186.0,-104.0,90.0,522.0,-323.0,178.0,-191.0
34.0,715.0,-294.0,181.0,-72.0,122.0,567.0,-284.0,170.0,-220.0
9.0,308.0,-344.0,155.0,-52.0,177.0,535.0,-192.0,153.0,-255.0
-17.0,-157.0,-343.0,114.0,-42.0,191.0,444.0,42.0,142.0,-286.0
-63.0,-601.0,-334.0,26.0,-21.0,91.0,362.0,120.0,141.0,-322.0
-112.0,-984.0,-334.0,-76.0,26.0,160.0,303.0,192.0,140.0,-356.0
-174.0,-1227.0,-308.0,-137.0,94.0,319.0,296.0,129.0,156.0,-382.0
-239.0,-1220.0,-309.0,-200.0,161.0,331.0,327.0,94.0,175.0,-390.0
-295.0,-943.0,-265.0,-244.0,209.0,265.0,389.0,64.0,193.0,-385.0
-335.0,-514.0,-244.0,-269.0,233.0,231.0,408.0,48.0,206.0,-377.0
-376.0,-126.0,-206.0,-308.0,221.0,227.0,383.0,42.0,202.0,-344.0
-398.0,65.0,-160.0,-310.0,182.0,228.0,379.0,-109.0,181.0,-292.0
-414.0,-15.0,-122.0,-303.0,131.0,281.0,383.0,-51.0,162.0,-243.0
-436.0,-294.0,-65.0,-266.0,85.0,341.0,398.0,-175.0,144.0,-197.0
-452.0,-574.0,-14.0,-190.0,62.0,350.0,358.0,-216.0,137.0,-149.0
-476.0,-755.0,47.0,-140.0,61.0,283.0,322.0,-110.0,140.0,-100.0
-482.0,-858.0,87.0,-80.0,74.0,280.0,338.0,-315.0,132.0,-59.0
-495.0,-882.0,131.0,-39.0,85.0,278.0,345.0,-345.0,112.0,-26.0
-515.0,-789.0,137.0,-6.0,81.0,112.0,338.0,-539.0,60.0,26.0
-525.0,-646.0,162.0,13.0,55.0,-1.0,287.0,-668.0,-10.0,99.0
-529.0,-505.0,145.0,-24.0,13.0,89.0,238.0,-522.0,-98.0,145.0
-550.0,-270.0,128.0,-69.0,-26.0,235.0,225.0,-415.0,-199.0,197.0
-564.0,76.0,139.0,-130.0,-50.0,202.0,232.0,-232.0,-285.0,266.0
-572.0,441.0,111.0,-192.0,-43.0,132.0,227.0,-133.0,-358.0,311.0
-584.0,774.0,130.0,-255.0,-11.0,241.0,179.0,62.0,-415.0,362.0
-592.0,1088.0,115.0,-326.0,35.0,403.0,142.0,42.0,-457.0,424.0
-609.0,1390.0,131.0,-374.0,86.0,436.0,118.0,-112.0,-457.0,492.0
-588.0,1595.0,111.0,-413.0,132.0,341.0,97.0,-308.0,-438.0,562.0
-579.0,1564.0,113.0,-425.0,160.0,265.0,90.0,-530.0,-400.0,622.0
-567.0,1277.0,136.0,-422.0,169.0,238.0,70.0,-426.0,-346.0,677.0
-560.0,899.0,100.0,-390.0,173.0,270.0,52.0,-456.0,-293.0,711.0
-544.0,596.0,152.0,-316.0,169.0,265.0,27.0,-358.0,-211.0,712.0
-525.0,369.0,143.0,-239.0,147.0,170.0,6.0,-299.0,-129.0,695.0
-537.0,165.0,169.0,-153.0,106.0,64.0,26.0,-373.0,-40.0,680.0
-528.0,-8.0,208.0,-45.0,57.0,58.0,49.0,-275.0,37.0,662.0
-521.0,-174.0,178.0,41.0,18.0,220.0,37.0,-345.0,93.0,632.0
-510.0,-334.0,219.0,76.0,-6.0,376.0,-31.0,-365.0,143.0,621.0
-501.0,-475.0,232.0,121.0,-9.0,425.0,-67.0,-447.0,165.0,600.0
-463.0,-620.0,217.0,209.0,11.0,433.0,-70.0,-412.0,179.0,561.0
-422.0,-716.0,238.0,263.0,42.0,411.0,-82.0,-369.0,184.0,509.0
-381.0,-644.0,213.0,291.0,60.0,290.0,-52.0,-484.0,194.0,451.0
-326.0,-409.0,170.0,312.0,54.0,259.0,-35.0,-400.0,204.0,391.0
-273.0,-192.0,173.0,297.0,26.0,361.0,-18.0,-417.0,209.0,299.0
-199.0,-80.0,100.0,267.0,-17.0,438.0,-8.0,-291.0,207.0,216.0
-121.0,-29.0,48.0,226.0,-71.0,389.0,-9.0,-264.0,173.0,162.0
-13.0,-7.0,11.0,175.0,-122.0,278.0,26.0,-404.0,130.0,103.0
86.0,28.0,-80.0,120.0,-160.0,358.0,52.0,-308.0,77.0,50.0
219.0,100.0,-138.0,94.0,-191.0,407.0,62.0,-386.0,17.0,10.0
348.0,193.0,-215.0,105.0,-223.0,354.0,55.0,-452.0,-20.0,-19.0
458.0,288.0,-296.0,125.0,-249.0,325.0,32.0,-491.0,-61.0,-39.0
560.0,419.0,-374.0,155.0,-253.0,341.0,17.0,-437.0,-110.0,-59.0
643.0,589.0,-446.0,184.0,-233.0,446.0,32.0,-321.0,-161.0,-71.0
740.0,747.0,-514.0,190.0,-198.0,427.0,74.0,-360.0,-227.0,-73.0
791.0,874.0,-567.0,211.0,-161.0,296.0,90.0,-288.0,-306.0,-88.0
841.0,928.0,-597.0,222.0,-123.0,258.0,60.0,-343.0,-387.0,-98.0
888.0,848.0,-623.0,191.0,-81.0,278.0,45.0,-338.0,-466.0,-79.0
911.0,667.0,-637.0,203.0,-43.0,342.0,51.0,-317.0,-530.0,-57.0
923.0,528.0,-637.0,211.0,-17.0,432.0,68.0,-389.0,-585.0,-28.0
913.0,528.0,-642.0,190.0,1.0,329.0,81.0,-299.0,-621.0,15.0
890.0,622.0,-620.0,198.0,16.0,110.0,91.0,-330.0,-650.0,63.0
863.0,732.0,-595.0,202.0,26.0,46.0,109.0,-260.0,-664.0,91.0
812.0,840.0,-567.0,183.0,24.0,180.0,127.0,-254.0,-635.0,93.0
746.0,917.0,-527.0,148.0,8.0,253.0,148.0,-229.0,-595.0,101.0
681.0,897.0,-503.0,117.0,-15.0,198.0,103.0,-127.0,-522.0,100.0
598.0,760.0,-429.0,98.0,-36.0,289.0,56.0,-308.0,-428.0,79.0
531.0,510.0,-401.0,47.0,-47.0,373.0,18.0,-378.0,-305.0,51.0
451.0,205.0,-328.0,-20.0,-43.0,294.0,-24.0,-515.0,-172.0,35.0
380.0,-54.0,-259.0,-65.0,-33.0,177.0,-68.0,-548.0,-63.0,21.0
325.0,-245.0,-217.0,-102.0,-32.0,107.0,-138.0,-485.0,56.0,-22.0
263.0,-394.0,-142.0,-145.0,-40.0,87.0,-154.0,-532.0,151.0,-57.0
195.0,-532.0,-120.0,-217.0,-51.0,79.0,-161.0,-537.0,226.0,-84.0
111.0,-674.0,-48.0,-311.0,-56.0,90.0,-129.0,-585.0,287.0,-148.0
35.0,-826.0,-40.0,-397.0,-52.0,154.0,-85.0,-397.0,333.0,-231.0
-41.0,-975.0,-14.0,-483.0,-50.0,237.0,-87.0,-291.0,368.0,-296.0
-119.0,-1081.0,24.0,-536.0,-59.0,231.0,-87.0,-166.0,379.0,-362.0
-207.0,-1140.0,5.0,-515.0,-72.0,294.0,-134.0,-79.0,372.0,-439.0
-269.0,-1143.0,38.0,-496.0,-70.0,404.0,-176.0,-236.0,333.0,-499.0
-332.0,-1048.0,39.0,-489.0,-42.0,346.0,-172.0,-249.0,266.0,-545.0
-397.0,-878.0,37.0,-427.0,0.0,196.0,-150.0,-347.0,177.0,-591.0
-457.0,-695.0,48.0,-366.0,37.0,181.0,-142.0,-315.0,70.0,-639.0
-532.0,-520.0,46.0,-298.0,64.0,233.0,-185.0,-315.0,-25.0,-658.0
-566.0,-346.0,44.0,-260.0,86.0,162.0,-191.0,-378.0,-108.0,-663.0
-597.0,-239.0,65.0,-244.0,111.0,209.0,-143.0,-371.0,-163.0,-673.0
-621.0,-205.0,73.0,-206.0,138.0,315.0,-101.0,-515.0,-178.0,-666.0
-622.0,-145.0,85.0,-189.0,163.0,260.0,-95.0,-511.0,-159.0,-626.0
-606.0,-48.0,103.0,-181.0,179.0,277.0,-119.0,-485.0,-113.0,-564.0
-593.0,36.0,77.0,-217.0,183.0,359.0,-105.0,-308.0,-63.0,-511.0
-576.0,78.0,87.0,-264.0,187.0,389.0,-82.0,-158.0,-16.0,-444.0
-550.0,101.0,81.0,-312.0,207.0,389.0,-55.0,-155.0,45.0,-359.0
-535.0,135.0,98.0,-366.0,238.0,338.0,-1.0,-40.0,105.0,-274.0
-505.0,114.0,168.0,-391.0,258.0,302.0,37.0,-33.0,165.0,-220.0
-479.0,-6.0,159.0,-402.0,256.0,274.0,40.0,27.0,223.0,-159.0
-460.0,-160.0,156.0,-382.0,240.0,213.0,30.0,-64.0,278.0,-83.0
-439.0,-266.0,200.0,-374.0,213.0,242.0,47.0,-173.0,341.0,-47.0
-416.0,-293.0,231.0,-368.0,174.0,308.0,35.0,-164.0,406.0,4.0
-398.0,-266.0,280.0,-359.0,127.0,323.0,39.0,-251.0,465.0,85.0
-387.0,-264.0,307.0,-363.0,76.0,309.0,92.0,-164.0,509.0,167.0
-376.0,-337.0,319.0,-338.0,30.0,323.0,103.0,-125.0,537.0,249.0
-359.0,-370.0,348.0,-287.0,-5.0,442.0,90.0,-38.0,573.0,330.0
-357.0,-259.0,302.0,-225.0,-23.0,482.0,51.0,-90.0,604.0,425.0
-366.0,-92.0,302.0,-145.0,-25.0,459.0,30.0,-365.0,615.0,514.0
-357.0,38.0,276.0,-60.0,-27.0,442.0,42.0,-412.0,631.0,565.0
-333.0,148.0,179.0,16.0,-34.0,381.0,68.0,-421.0,633.0,616.0
-296.0,318.0,170.0,107.0,-43.0,343.0,111.0,-267.0,624.0,649.0
-244.0,540.0,78.0,183.0,-49.0,297.0,164.0,-105.0,608.0,619.0
-189.0,709.0,3.0,246.0,-57.0,324.0,201.0,88.0,580.0,585.0
-144.0,836.0,-54.0,308.0,-84.0,375.0,200.0,277.0,539.0,547.0
-91.0,956.0,-133.0,336.0,-122.0,402.0,208.0,136.0,500.0,495.0
-47.0,1021.0,-193.0,331.0,-150.0,452.0,205.0,29.0,449.0,436.0
-11.0,970.0,-289.0,306.0,-157.0,529.0,247.0,-55.0,388.0,381.0
22.0,749.0,-292.0,262.0,-147.0,592.0,283.0,-9.0,333.0,344.0
62.0,381.0,-331.0,211.0,-127.0,400.0,260.0,-5.0,278.0,299.0
95.0,51.0,-387.0,156.0,-99.0,212.0,233.0,-142.0,228.0,235.0
117.0,-133.0,-339.0,89.0,-70.0,331.0,191.0,-203.0,172.0,162.0
152.0,-267.0,-335.0,37.0,-56.0,398.0,196.0,-243.0,105.0,97.0
182.0,-427.0,-327.0,-10.0,-58.0,352.0,209.0,-151.0,31.0,-5.0
221.0,-619.0,-326.0,-54.0,-61.0,394.0,218.0,-221.0,-50.0,-98.0
254.0,-774.0,-286.0,-110.0,-62.0,396.0,216.0,-201.0,-150.0,-146.0
301.0,-795.0,-195.0,-191.0,-67.0,359.0,185.0,-192.0,-265.0,-189.0
349.0,-728.0,-187.0,-251.0,-78.0,373.0,137.0,-343.0,-386.0,-202.0
392.0,-685.0,-96.0,-314.0,-82.0,336.0,79.0,-308.0,-486.0,-182.0
438.0,-668.0,-102.0,-357.0,-81.0,343.0,62.0,-460.0,-555.0,-119.0
468.0,-572.0,15.0,-390.0,-73.0,371.0,62.0,-521.0,-626.0,-57.0
494.0,-350.0,91.0,-420.0,-61.0,281.0,91.0,-487.0,-661.0,-13.0
511.0,-82.0,8.0,-382.0,-47.0,256.0,93.0,-461.0,-665.0,33.0
527.0,210.0,200.0,-305.0,-35.0,285.0,70.0,-400.0,-666.0,63.0
530.0,527.0,207.0,-229.0,-30.0,272.0,83.0,-565.0,-635.0,46.0
539.0,806.0,163.0,-149.0,-31.0,233.0,90.0,-637.0,-593.0,15.0
534.0,991.0,185.0,-72.0,-40.0,253.0,115.0,-630.0,-562.0,-17.0
511.0,1066.0,205.0,-28.0,-56.0,213.0,128.0,-474.0,-530.0,-75.0
488.0,1068.0,165.0,24.0,-73.0,127.0,107.0,-327.0,-508.0,-110.0
449.0,980.0,92.0,67.0,-82.0,202.0,97.0,-286.0,-499.0,-150.0
400.0,766.0,160.0,65.0,-82.0,277.0,113.0,-101.0,-484.0,-169.0
336.0,500.0,132.0,51.0,-82.0,301.0,158.0,-75.0,-488.0,-167.0
279.0,318.0,58.0,14.0,-88.0,197.0,204.0,-77.0,-507.0,-176.0
212.0,213.0,11.0,-30.0,-94.0,102.0,225.0,-184.0,-534.0,-151.0
143.0,48.0,48.0,-103.0,-93.0,38.0,174.0,-349.0,-575.0,-120.0
69.0,-218.0,0.0,-185.0,-101.0,-73.0,106.0,-384.0,-610.0,-80.0
5.0,-480.0,-54.0,-256.0,-116.0,-45.0,80.0,-434.0,-645.0,-32.0
-35.0,-628.0,-6.0,-345.0,-126.0,-20.0,94.0,-380.0,-677.0,38.0
-97.0,-742.0,-60.0,-388.0,-122.0,9.0,155.0,-482.0,-690.0,129.0
-139.0,-856.0,-90.0,-358.0,-109.0,52.0,172.0,-412.0,-686.0,215.0
-179.0,-838.0,-56.0,-307.0,-92.0,25.0,173.0,-291.0,-673.0,317.0
-223.0,-651.0,-38.0,-237.0,-72.0,8.0,147.0,-389.0,-651.0,422.0
-265.0,-405.0,-50.0,-147.0,-46.0,-45.0,94.0,-373.0,-604.0,518.0
-314.0,-226.0,-55.0,-47.0,-17.0,-145.0,89.0,-473.0,-533.0,593.0
-349.0,-146.0,-40.0,31.0,4.0,-58.0,68.0,-319.0,-459.0,664.0
-373.0,-127.0,-29.0,101.0,23.0,52.0,26.0,-181.0,-373.0,701.0
-387.0,-142.0,-10.0,158.0,41.0,-79.0,-57.0,-184.0,-292.0,694.0
-409.0,-173.0,2.0,159.0,55.0,-75.0,-129.0,-86.0,-205.0,675.0
-408.0,-202.0,-3.0,175.0,48.0,14.0,-140.0,-205.0,-128.0,642.0
-411.0,-213.0,27.0,218.0,25.0,-75.0,-116.0,-149.0,-64.0,568.0
-415.0,-198.0,49.0,245.0,11.0,-214.0,-76.0,-75.0,4.0,475.0
-408.0,-152.0,48.0,277.0,8.0,-335.0,-60.0,-18.0,36.0,385.0
-404.0,-16.0,46.0,313.0,7.0,-256.0,-28.0,55.0,45.0,265.0
-383.0,234.0,85.0,302.0,3.0,-125.0,-42.0,38.0,39.0,141.0
-360.0,513.0,134.0,266.0,3.0,-149.0,-100.0,44.0,22.0,26.0
-330.0,698.0,55.0,220.0,14.0,-126.0,-158.0,-59.0,11.0,-67.0
-302.0,674.0,83.0,148.0,39.0,-64.0,-243.0,14.0,3.0,-149.0
-254.0,505.0,130.0,63.0,77.0,-6.0,-275.0,25.0,13.0,-226.0
-208.0,370.0,58.0,-21.0,119.0,-69.0,-249.0,11.0,24.0,-285.0
-170.0,272.0,103.0,-81.0,157.0,-230.0,-216.0,62.0,52.0,-327.0
-111.0,152.0,158.0,-136.0,185.0,-245.0,-185.0,33.0,85.0,-356.0
-50.0,38.0,121.0,-184.0,203.0,-255.0,-178.0,190.0,125.0,-389.0
0.0,-38.0,138.0,-191.0,208.0,-256.0,-186.0,227.0,185.0,-399.0
63.0,-81.0,176.0,-207.0,202.0,-120.0,-190.0,362.0,264.0,-419.0
121.0,-99.0,139.0,-211.0,187.0,-70.0,-171.0,441.0,337.0,-450.0
164.0,-158.0,170.0,-182.0,161.0,-125.0,-122.0,308.0,396.0,-471.0
218.0,-315.0,155.0,-148.0,131.0,-35.0,-90.0,216.0,448.0,-500.0
246.0,-480.0,127.0,-83.0,101.0,31.0,-98.0,-40.0,463.0,-535.0
280.0,-564.0,157.0,-4.0,77.0,-10.0,-129.0,-109.0,451.0,-587.0
305.0,-564.0,179.0,117.0,61.0,-2.0,-179.0,-171.0,435.0,-611.0
310.0,-494.0,184.0,202.0,50.0,-9.0,-216.0,-179.0,396.0,-609.0
312.0,-367.0,156.0,241.0,50.0,1.0,-205.0,-110.0,325.0,-617.0
304.0,-193.0,226.0,319.0,66.0,-14.0,-122.0,-140.0,242.0,-584.0
299.0,9.0,190.0,346.0,90.0,-60.0,-9.0,99.0,135.0,-506.0
280.0,230.0,227.0,318.0,112.0,-31.0,57.0,212.0,26.0,-435.0
259.0,432.0,165.0,246.0,115.0,-6.0,38.0,238.0,-77.0,-371.0
235.0,549.0,251.0,106.0,98.0,-112.0,-37.0,171.0,-202.0,-299.0
228.0,550.0,368.0,-38.0,70.0,-188.0,-93.0,44.0,-319.0,-225.0
210.0,449.0,96.0,-130.0,44.0,-111.0,-113.0,99.0,-434.0,-178.0
187.0,360.0,291.0,-197.0,16.0,-56.0,-124.0,72.0,-527.0,-146.0
175.0,364.0,233.0,-280.0,-20.0,-93.0,-143.0,86.0,-584.0,-75.0
149.0,360.0,50.0,-353.0,-65.0,-122.0,-185.0,-72.0,-617.0,1.0
138.0,263.0,206.0,-415.0,-118.0,-109.0,-207.0,-219.0,-612.0,59.0
113.0,148.0,143.0,-465.0,-173.0,-154.0,-163.0,-339.0,-595.0,122.0
95.0,99.0,94.0,-512.0,-225.0,-138.0,-126.0,-543.0,-562.0,192.0
90.0,148.0,134.0,-547.0,-267.0,-48.0,-127.0,-465.0,-516.0,251.0
87.0,300.0,86.0,-586.0,-298.0,-56.0,-110.0,-441.0,-475.0,294.0
81.0,471.0,-9.0,-638.0,-322.0,-75.0,-123.0,-295.0,-419.0,347.0
59.0,573.0,69.0,-679.0,-338.0,-12.0,-107.0,-210.0,-353.0,414.0
52.0,590.0,4.0,-718.0,-346.0,37.0,-38.0,-201.0,-287.0,496.0
34.0,500.0,-52.0,-698.0,-339.0,50.0,-8.0,-49.0,-226.0,583.0
9.0,334.0,-43.0,-637.0,-308.0,30.0,-8.0,-97.0,-166.0,682.0
-3.0,169.0,-16.0,-560.0,-251.0,12.0,-48.0,51.0,-105.0,777.0
-4.0,-3.0,-112.0,-429.0,-179.0,21.0,-68.0,64.0,-55.0,848.0
-2.0,-241.0,-168.0,-274.0,-108.0,-98.0,-71.0,-38.0,-6.0,910.0
7.0,-547.0,-5.0,-156.0,-50.0,-166.0,-99.0,36.0,43.0,939.0
33.0,-832.0,-152.0,-41.0,-11.0,-95.0,-129.0,-57.0,95.0,935.0
57.0,-1000.0,-228.0,87.0,6.0,-95.0,-156.0,-83.0,143.0,911.0
88.0,-1056.0,-168.0,171.0,6.0,-150.0,-143.0,-105.0,181.0,877.0
113.0,-1079.0,-245.0,241.0,-2.0,-89.0,-99.0,-57.0,207.0,823.0
144.0,-1085.0,-376.0,263.0,-13.0,13.0,-39.0,-38.0,220.0,733.0
173.0,-1016.0,-299.0,244.0,-18.0,-112.0,4.0,-120.0,219.0,635.0
204.0,-888.0,-337.0,208.0,-16.0,-258.0,20.0,-151.0,202.0,522.0
240.0,-767.0,-444.0,138.0,-4.0,-267.0,34.0,-201.0,170.0,382.0
279.0,-642.0,-360.0,95.0,8.0,-271.0,57.0,-48.0,141.0,236.0
346.0,-465.0,-422.0,100.0,11.0,-302.0,65.0,-25.0,116.0,85.0
403.0,-233.0,-393.0,141.0,1.0,-317.0,29.0,55.0,77.0,-52.0
443.0,32.0,-412.0,168.0,-13.0,-234.0,-25.0,142.0,31.0,-195.0
473.0,339.0,-385.0,193.0,-28.0,-113.0,-85.0,79.0,-30.0,-349.0
486.0,673.0,-366.0,230.0,-41.0,-127.0,-106.0,264.0,-91.0,-475.0
502.0,1023.0,-294.0,245.0,-43.0,-247.0,-112.0,236.0,-161.0,-596.0
509.0,1317.0,-272.0,261.0,-29.0,-244.0,-110.0,160.0,-230.0,-702.0
493.0,1466.0,-342.0,304.0,0.0,-252.0,-83.0,0.0,-274.0,-775.0
478.0,1487.0,-91.0,335.0,39.0,-321.0,-50.0,-184.0,-307.0,-833.0
466.0,1424.0,-232.0,299.0,75.0,-289.0,-10.0,-138.0,-318.0,-888.0
436.0,1294.0,-283.0,274.0,99.0,-297.0,6.0,-230.0,-298.0,-943.0
404.0,1070.0,-80.0,261.0,115.0,-396.0,-1.0,-210.0,-273.0,-981.0
351.0,766.0,-236.0,216.0,123.0,-448.0,-20.0,-306.0,-260.0,-1014.0
290.0,466.0,-207.0,179.0,119.0,-435.0,-70.0,-423.0,-247.0,-1035.0
229.0,229.0,-186.0,111.0,105.0,-489.0,-127.0,-402.0,-243.0,-1026.0
174.0,43.0,-219.0,19.0,84.0,-596.0,-140.0,-454.0,-231.0,-987.0
136.0,-122.0,-145.0,-65.0,67.0,-648.0,-151.0,-308.0,-213.0,-921.0
97.0,-280.0,-202.0,-148.0,60.0,-630.0,-202.0,-168.0,-202.0,-838.0
67.0,-391.0,-178.0,-196.0,58.0,-607.0,-288.0,-48.0,-182.0,-729.0
47.0,-400.0,-144.0,-206.0,58.0,-620.0,-347.0,-11.0,-167.0,-606.0
33.0,-359.0,-174.0,-219.0,54.0,-640.0,-343.0,0.0,-165.0,-494.0
11.0,-362.0,-155.0,-223.0,46.0,-622.0,-311.0,-60.0,-163.0,-392.0
-21.0,-464.0,-77.0,-219.0,39.0,-650.0,-257.0,-238.0,-145.0,-307.0
-59.0,-650.0,-18.0,-231.0,46.0,-738.0,-231.0,-293.0,-117.0,-252.0
-94.0,-846.0,0.0,-258.0,59.0,-645.0,-193.0,-460.0,-83.0,-227.0
-132.0,-955.0,83.0,-326.0,71.0,-576.0,-127.0,-474.0,-45.0,-210.0
-176.0,-957.0,135.0,-420.0,72.0,-679.0,-82.0,-535.0,-9.0,-203.0
-204.0,-950.0,181.0,-508.0,55.0,-696.0,-83.0,-641.0,26.0,-208.0
-219.0,-966.0,144.0,-583.0,23.0,-689.0,-144.0,-541.0,58.0,-206.0
-240.0,-960.0,176.0,-633.0,-11.0,-709.0,-202.0,-539.0,74.0,-191.0
-256.0,-910.0,260.0,-669.0,-36.0,-711.0,-219.0,-356.0,80.0,-169.0
-269.0,-825.0,76.0,-689.0,-45.0,-734.0,-208.0,-310.0,84.0,-168.0
-277.0,-681.0,127.0,-696.0,-37.0,-655.0,-214.0,-301.0,82.0,-170.0
-283.0,-407.0,243.0,-670.0,-25.0,-513.0,-240.0,-114.0,73.0,-163.0
-302.0,-39.0,79.0,-602.0,-17.0,-536.0,-292.0,-186.0,60.0,-172.0
-287.0,279.0,188.0,-539.0,-15.0,-578.0,-363.0,-256.0,32.0,-182.0
-261.0,495.0,218.0,-468.0,-16.0,-546.0,-388.0,-432.0,-11.0,-180.0
-247.0,676.0,19.0,-370.0,-12.0,-515.0,-392.0,-484.0,-58.0,-150.0
-240.0,848.0,50.0,-294.0,5.0,-483.0,-392.0,-347.0,-102.0,-107.0
-220.0,987.0,64.0,-223.0,37.0,-512.0,-363.0,-290.0,-135.0,-86.0
-185.0,1086.0,-63.0,-177.0,75.0,-592.0,-336.0,-158.0,-175.0,-50.0
-172.0,1099.0,-133.0,-139.0,114.0,-637.0,-320.0,-277.0,-188.0,7.0
-159.0,993.0,-130.0,-77.0,151.0,-495.0,-306.0,-373.0,-175.0,52.0
-147.0,831.0,-251.0,-49.0,182.0,-288.0,-288.0,-471.0,-154.0,80.0
-118.0,641.0,-353.0,17.0,207.0,-243.0,-268.0,-589.0,-114.0,131.0
-104.0,390.0,-349.0,107.0,221.0,-277.0,-285.0,-511.0,-83.0,179.0
-105.0,137.0,-382.0,167.0,220.0,-373.0,-310.0,-528.0,-60.0,170.0
-104.0,-29.0,-486.0,201.0,204.0,-380.0,-308.0,-402.0,-31.0,154.0
-106.0,-85.0,-513.0,209.0,184.0,-258.0,-291.0,-319.0,13.0,135.0
-98.0,-48.0,-485.0,238.0,160.0,-235.0,-252.0,-243.0,63.0,108.0
-112.0,51.0,-600.0,237.0,130.0,-171.0,-193.0,-166.0,103.0,81.0
-97.0,200.0,-566.0,246.0,96.0,-83.0,-162.0,-160.0,149.0,56.0
-80.0,326.0,-524.0,252.0,60.0,-98.0,-171.0,-25.0,184.0,46.0
-72.0,322.0,-610.0,224.0,25.0,-42.0,-203.0,-42.0,204.0,24.0
-54.0,154.0,-581.0,230.0,-7.0,15.0,-272.0,14.0,227.0,8.0
-37.0,-48.0,-512.0,252.0,-36.0,22.0,-342.0,20.0,248.0,-5.0
-12.0,-183.0,-530.0,288.0,-50.0,51.0,-367.0,-109.0,244.0,-26.0
5.0,-304.0,-519.0,308.0,-53.0,62.0,-350.0,-166.0,226.0,-56.0
50.0,-441.0,-415.0,287.0,-53.0,42.0,-289.0,-284.0,189.0,-98.0
65.0,-563.0,-360.0,263.0,-49.0,-5.0,-214.0,-336.0,146.0,-103.0
63.0,-620.0,-343.0,238.0,-45.0,-36.0,-185.0,-441.0,113.0,-114.0
79.0,-589.0,-291.0,198.0,-37.0,76.0,-186.0,-400.0,90.0,-138.0
84.0,-494.0,-187.0,155.0,-27.0,231.0,-190.0,-312.0,74.0,-129.0
88.0,-411.0,-136.0,94.0,-21.0,181.0,-196.0,-254.0,62.0,-114.0
85.0,-392.0,-107.0,31.0,-21.0,146.0,-205.0,-133.0,66.0,-133.0
90.0,-379.0,-110.0,10.0,-34.0,323.0,-214.0,-173.0,57.0,-156.0
89.0,-332.0,-62.0,8.0,-57.0,449.0,-224.0,-121.0,48.0,-157.0
91.0,-300.0,0.0,-16.0,-88.0,368.0,-210.0,-153.0,43.0,-177.0
77.0,-269.0,11.0,-38.0,-121.0,267.0,-174.0,-166.0,26.0,-201.0
64.0,-176.0,107.0,-55.0,-155.0,277.0,-157.0,-140.0,4.0,-220.0
66.0,-81.0,86.0,-92.0,-185.0,371.0,-152.0,-182.0,-11.0,-237.0
58.0,-17.0,124.0,-114.0,-199.0,440.0,-155.0,-88.0,-11.0,-272.0
72.0,118.0,181.0,-138.0,-194.0,352.0,-183.0,-109.0,-4.0,-325.0
87.0,304.0,97.0,-178.0,-184.0,302.0,-221.0,-42.0,4.0,-358.0
105.0,363.0,167.0,-221.0,-183.0,351.0,-241.0,-105.0,9.0,-396.0
129.0,233.0,193.0,-263.0,-190.0,288.0,-245.0,-173.0,40.0,-440.0
145.0,-14.0,224.0,-287.0,-207.0,283.0,-235.0,-147.0,66.0,-472.0
166.0,-274.0,256.0,-304.0,-232.0,367.0,-218.0,-321.0,82.0,-471.0
178.0,-460.0,264.0,-302.0,-249.0,239.0,-189.0,-266.0,110.0,-436.0
180.0,-572.0,403.0,-306.0,-249.0,164.0,-179.0,-253.0,118.0,-407.0
183.0,-615.0,258.0,-312.0,-238.0,257.0,-199.0,-160.0,121.0,-350.0
191.0,-559.0,344.0,-273.0,-218.0,250.0,-225.0,-14.0,112.0,-264.0
186.0,-422.0,502.0,-202.0,-187.0,194.0,-261.0,-57.0,96.0,-194.0
176.0,-239.0,282.0,-147.0,-147.0,56.0,-271.0,-16.0,75.0,-139.0
187.0,-42.0,343.0,-131.0,-97.0,14.0,-288.0,-109.0,59.0,-89.0
188.0,102.0,404.0,-120.0,-43.0,103.0,-292.0,-184.0,52.0,-43.0
160.0,96.0,305.0,-110.0,-3.0,109.0,-308.0,-223.0,44.0,-28.0
137.0,-11.0,280.0,-98.0,8.0,75.0,-348.0,-199.0,54.0,-22.0
110.0,-41.0,250.0,-85.0,0.0,50.0,-327.0,-66.0,54.0,-11.0
70.0,50.0,218.0,-65.0,-8.0,71.0,-248.0,-38.0,59.0,-15.0
23.0,131.0,121.0,-39.0,-7.0,-3.0,-138.0,-9.0,71.0,-43.0
-11.0,66.0,-18.0,-36.0,-1.0,-158.0,-115.0,-97.0,75.0,-79.0
-22.0,-78.0,0.0,-33.0,8.0,-204.0,-158.0,-168.0,100.0,-89.0
-42.0,-202.0,-43.0,-24.0,32.0,-182.0,-206.0,-188.0,114.0,-100.0
-66.0,-263.0,-194.0,13.0,67.0,-116.0,-247.0,-181.0,121.0,-102.0
-90.0,-196.0,-250.0,41.0,95.0,-173.0,-270.0,-105.0,130.0,-63.0
-102.0,-33.0,-316.0,45.0,100.0,-358.0,-253.0,-236.0,112.0,-4.0
-109.0,149.0,-354.0,71.0,90.0,-375.0,-179.0,-253.0,96.0,46.0
-139.0,298.0,-438.0,76.0,80.0,-333.0,-135.0,-203.0,62.0,86.0
-156.0,403.0,-399.0,75.0,68.0,-264.0,-111.0,-190.0,20.0,121.0
-149.0,448.0,-396.0,68.0,50.0,-266.0,-107.0,-120.0,-17.0,122.0
-135.0,416.0,-444.0,15.0,26.0,-432.0,-128.0,-125.0,-77.0,76.0
-114.0,342.0,-346.0,-72.0,0.0,-449.0,-167.0,-3.0,-144.0,8.0
-93.0,236.0,-333.0,-186.0,-32.0,-480.0,-228.0,-31.0,-207.0,-79.0
-79.0,119.0,-259.0,-285.0,-65.0,-631.0,-225.0,-42.0,-261.0,-196.0
-69.0,-1.0,-151.0,-393.0,-82.0,-644.0,-175.0,-1.0,-295.0,-324.0
-64.0,-113.0,-78.0,-514.0,-82.0,-544.0,-117.0,-107.0,-315.0,-456.0
-58.0,-205.0,-77.0,-589.0,-68.0,-498.0,-76.0,-42.0,-310.0,-558.0
-52.0,-323.0,-20.0,-654.0,-50.0,-489.0,-79.0,-109.0,-282.0,-653.0
-38.0,-464.0,68.0,-702.0,-31.0,-457.0,-102.0,-162.0,-242.0,-731.0
-15.0,-529.0,11.0,-727.0,-17.0,-450.0,-126.0,-256.0,-186.0,-729.0
7.0,-437.0,109.0,-731.0,-16.0,-446.0,-166.0,-360.0,-124.0,-717.0
39.0,-247.0,174.0,-719.0,-23.0,-424.0,-227.0,-371.0,-78.0,-700.0
59.0,-52.0,83.0,-727.0,-26.0,-306.0,-261.0,-478.0,-39.0,-673.0
70.0,108.0,104.0,-699.0,-14.0,-191.0,-264.0,-402.0,-9.0,-621.0
75.0,169.0,98.0,-654.0,3.0,-294.0,-248.0,-412.0,0.0,-555.0
88.0,99.0,21.0,-593.0,12.0,-332.0,-221.0,-321.0,-6.0,-516.0
89.0,-41.0,31.0,-498.0,6.0,-160.0,-235.0,-223.0,-24.0,-446.0
106.0,-162.0,16.0,-399.0,-5.0,-134.0,-287.0,-219.0,-42.0,-364.0
134.0,-239.0,-51.0,-310.0,-2.0,-271.0,-310.0,-88.0,-59.0,-298.0
145.0,-334.0,-63.0,-232.0,16.0,-235.0,-292.0,-218.0,-65.0,-273.0
173.0,-464.0,-82.0,-148.0,46.0,-118.0,-260.0,-260.0,-67.0,-250.0
183.0,-520.0,-124.0,-65.0,91.0,-121.0,-236.0,-277.0,-62.0,-215.0
180.0,-442.0,-135.0,48.0,139.0,-244.0,-241.0,-315.0,-49.0,-230.0
159.0,-273.0,-153.0,144.0,179.0,-366.0,-230.0,-325.0,-40.0,-247.0
146.0,-61.0,-174.0,207.0,194.0,-221.0,-194.0,-439.0,-23.0,-255.0
132.0,177.0,-177.0,294.0,184.0,-70.0,-197.0,-410.0,-15.0,-257.0
127.0,418.0,-224.0,368.0,169.0,-113.0,-249.0,-450.0,-5.0,-288.0
132.0,621.0,-247.0,398.0,157.0,-131.0,-329.0,-349.0,8.0,-303.0
127.0,773.0,-214.0,409.0,141.0,-70.0,-359.0,-243.0,8.0,-273.0
157.0,827.0,-237.0,415.0,115.0,-48.0,-338.0,-194.0,18.0,-271.0
169.0,759.0,-282.0,407.0,84.0,-121.0,-337.0,5.0,23.0,-258.0
186.0,605.0,-244.0,370.0,55.0,-154.0,-369.0,18.0,30.0,-215.0
201.0,423.0,-231.0,286.0,28.0,-163.0,-409.0,86.0,39.0,-140.0
226.0,255.0,-258.0,206.0,3.0,-146.0,-428.0,79.0,57.0,-73.0
235.0,117.0,-191.0,159.0,-6.0,-116.0,-481.0,105.0,71.0,7.0
248.0,51.0,-130.0,124.0,-2.0,-44.0,-526.0,142.0,60.0,135.0
287.0,37.0,-139.0,94.0,4.0,-29.0,-496.0,-7.0,82.0,265.0
288.0,18.0,-122.0,95.0,2.0,-95.0,-423.0,-11.0,104.0,379.0
298.0,-19.0,-75.0,141.0,-15.0,-16.0,-376.0,-99.0,124.0,489.0
280.0,-8.0,-60.0,190.0,-42.0,77.0,-385.0,-88.0,160.0,624.0
258.0,118.0,-35.0,252.0,-80.0,108.0,-344.0,-97.0,179.0,698.0
217.0,253.0,20.0,324.0,-116.0,25.0,-286.0,-142.0,189.0,731.0
162.0,279.0,2.0,358.0,-139.0,3.0,-285.0,-48.0,195.0,758.0
97.0,229.0,23.0,411.0,-145.0,41.0,-291.0,-121.0,186.0,752.0
16.0,151.0,52.0,470.0,-138.0,-37.0,-322.0,3.0,159.0,726.0
-37.0,34.0,22.0,498.0,-130.0,-6.0,-361.0,97.0,132.0,658.0
-107.0,-89.0,27.0,525.0,-132.0,9.0,-382.0,190.0,100.0,605.0
-159.0,-158.0,36.0,528.0,-142.0,0.0,-397.0,282.0,74.0,536.0
-225.0,-266.0,13.0,512.0,-152.0,-1.0,-387.0,177.0,51.0,422.0
-298.0,-484.0,-10.0,480.0,-161.0,16.0,-330.0,253.0,36.0,329.0
-353.0,-644.0,-16.0,437.0,-164.0,77.0,-265.0,232.0,20.0,238.0
-394.0,-647.0,-36.0,407.0,-161.0,-19.0,-236.0,317.0,-14.0,132.0
-428.0,-590.0,-32.0,387.0,-157.0,-39.0,-235.0,410.0,-38.0,14.0
-452.0,-550.0,-41.0,377.0,-155.0,28.0,-238.0,315.0,-66.0,-73.0
-449.0,-509.0,-22.0,346.0,-152.0,61.0,-230.0,256.0,-95.0,-141.0
-432.0,-441.0,12.0,321.0,-140.0,63.0,-214.0,90.0,-124.0,-225.0
-399.0,-317.0,18.0,311.0,-130.0,12.0,-186.0,29.0,-148.0,-301.0
-373.0,-199.0,74.0,297.0,-128.0,51.0,-157.0,-38.0,-160.0,-346.0
-341.0,-167.0,109.0,264.0,-125.0,46.0,-133.0,-64.0,-187.0,-381.0
-299.0,-185.0,126.0,202.0,-110.0,37.0,-108.0,-105.0,-208.0,-428.0
-231.0,-142.0,162.0,101.0,-76.0,70.0,-85.0,-175.0,-228.0,-449.0
-179.0,15.0,197.0,-41.0,-29.0,31.0,-102.0,-83.0,-227.0,-454.0
-103.0,196.0,210.0,-138.0,21.0,17.0,-169.0,-40.0,-208.0,-465.0
-17.0,286.0,212.0,-214.0,72.0,28.0,-222.0,103.0,-180.0,-470.0
45.0,309.0,220.0,-302.0,116.0,57.0,-229.0,90.0,-127.0,-449.0
113.0,330.0,196.0,-380.0,151.0,12.0,-175.0,103.0,-84.0,-422.0
172.0,341.0,182.0,-463.0,179.0,-68.0,-82.0,251.0,-23.0,-398.0
264.0,325.0,167.0,-518.0,207.0,-27.0,9.0,129.0,38.0,-358.0
321.0,292.0,102.0,-570.0,238.0,78.0,53.0,120.0,82.0,-308.0
359.0,199.0,42.0,-622.0,261.0,116.0,48.0,27.0,121.0,-233.0
388.0,3.0,-29.0,-656.0,269.0,54.0,34.0,-62.0,135.0,-179.0
416.0,-219.0,-64.0,-716.0,258.0,125.0,8.0,-68.0,131.0,-108.0
450.0,-320.0,-115.0,-783.0,242.0,231.0,9.0,-186.0,128.0,-17.0
452.0,-299.0,-217.0,-823.0,229.0,210.0,0.0,-153.0,123.0,28.0
458.0,-300.0,-224.0,-874.0,213.0,117.0,-30.0,-214.0,103.0,64.0
475.0,-399.0,-247.0,-905.0,182.0,8.0,-63.0,-194.0,80.0,86.0
493.0,-560.0,-297.0,-896.0,139.0,43.0,-109.0,-105.0,65.0,79.0
489.0,-674.0,-319.0,-871.0,100.0,28.0,-101.0,29.0,50.0,23.0
488.0,-624.0,-288.0,-823.0,70.0,-48.0,-96.0,230.0,42.0,-53.0
474.0,-433.0,-284.0,-752.0,41.0,-16.0,-107.0,288.0,61.0,-130.0
468.0,-223.0,-325.0,-675.0,5.0,10.0,-86.0,474.0,82.0,-233.0
457.0,-41.0,-284.0,-583.0,-33.0,25.0,-78.0,533.0,95.0,-351.0
434.0,126.0,-275.0,-467.0,-70.0,31.0,-78.0,582.0,108.0,-462.0
413.0,295.0,-253.0,-336.0,-105.0,40.0,-79.0,596.0,111.0,-550.0
393.0,445.0,-235.0,-214.0,-133.0,-39.0,-70.0,500.0,109.0,-649.0
357.0,501.0,-189.0,-122.0,-146.0,-164.0,-77.0,445.0,113.0,-745.0
292.0,403.0,-132.0,-24.0,-143.0,-132.0,-134.0,256.0,120.0,-794.0
250.0,220.0,-138.0,56.0,-136.0,-71.0,-156.0,249.0,130.0,-799.0
190.0,116.0,-142.0,100.0,-134.0,-135.0,-131.0,238.0,145.0,-801.0
126.0,153.0,-134.0,132.0,-128.0,-252.0,-104.0,269.0,181.0,-768.0
59.0,283.0,-119.0,178.0,-111.0,-230.0,-107.0,330.0,215.0,-692.0
-3.0,424.0,-200.0,251.0,-93.0,-188.0,-148.0,253.0,242.0,-636.0
-71.0,517.0,-233.0,285.0,-79.0,-275.0,-143.0,293.0,279.0,-577.0
-143.0,595.0,-205.0,294.0,-59.0,-323.0,-117.0,214.0,301.0,-512.0
-198.0,620.0,-274.0,332.0,-27.0,-360.0,-135.0,221.0,322.0,-438.0
-279.0,481.0,-366.0,378.0,1.0,-339.0,-173.0,269.0,342.0,-385.0
-333.0,203.0,-384.0,380.0,14.0,-287.0,-204.0,214.0,336.0,-355.0
-353.0,-46.0,-381.0,373.0,10.0,-381.0,-203.0,262.0,327.0,-308.0
-359.0,-159.0,-428.0,358.0,-4.0,-408.0,-184.0,238.0,313.0,-261.0
-357.0,-163.0,-442.0,299.0,-23.0,-362.0,-151.0,339.0,283.0,-233.0
-349.0,-90.0,-407.0,265.0,-47.0,-375.0,-176.0,474.0,242.0,-194.0
-336.0,10.0,-412.0,226.0,-65.0,-310.0,-242.0,524.0,189.0,-120.0
-319.0,36.0,-453.0,185.0,-69.0,-282.0,-247.0,469.0,117.0,-62.0
-313.0,-61.0,-380.0,160.0,-60.0,-406.0,-253.0,447.0,24.0,5.0
-299.0,-218.0,-317.0,145.0,-49.0,-406.0,-286.0,648.0,-69.0,87.0
-256.0,-349.0,-287.0,134.0,-38.0,-349.0,-335.0,670.0,-144.0,155.0
-200.0,-427.0,-212.0,109.0,-25.0,-373.0,-372.0,779.0,-207.0,195.0
-152.0,-421.0,-159.0,123.0,-5.0,-357.0,-350.0,737.0,-252.0,223.0
-121.0,-345.0,-86.0,152.0,23.0,-411.0,-303.0,624.0,-281.0,254.0
-69.0,-258.0,-68.0,187.0,48.0,-317.0,-292.0,768.0,-300.0,245.0
-42.0,-195.0,22.0,259.0,61.0,-210.0,-342.0,674.0,-286.0,225.0
-38.0,-206.0,100.0,332.0,66.0,-325.0,-396.0,679.0,-262.0,198.0
-52.0,-309.0,87.0,395.0,73.0,-289.0,-449.0,567.0,-209.0,166.0
-75.0,-463.0,172.0,456.0,81.0,-218.0,-500.0,504.0,-131.0,140.0
-103.0,-557.0,205.0,517.0,86.0,-185.0,-495.0,556.0,-51.0,115.0
-168.0,-478.0,197.0,558.0,86.0,-169.0,-444.0,434.0,45.0,136.0
-219.0,-252.0,235.0,591.0,79.0,-211.0,-395.0,539.0,126.0,172.0
-261.0,-19.0,248.0,626.0,69.0,-130.0,-369.0,461.0,201.0,205.0
-303.0,130.0,231.0,630.0,61.0,-141.0,-347.0,456.0,276.0,280.0
-368.0,227.0,229.0,624.0,62.0,-237.0,-340.0,541.0,334.0,357.0
-432.0,323.0,223.0,574.0,66.0,-133.0,-327.0,480.0,374.0,422.0
-500.0,367.0,232.0,507.0,63.0,-53.0,-300.0,491.0,397.0,486.0
-571.0,311.0,270.0,455.0,53.0,-127.0,-283.0,327.0,412.0,538.0
-621.0,216.0,253.0,381.0,33.0,-156.0,-253.0,214.0,408.0,594.0
-684.0,129.0,237.0,278.0,1.0,-177.0,-230.0,121.0,393.0,619.0
-688.0,44.0,257.0,164.0,-38.0,-187.0,-214.0,22.0,346.0,624.0
-661.0,-106.0,206.0,60.0,-78.0,-125.0,-197.0,-3.0,282.0,629.0
-629.0,-320.0,175.0,-51.0,-107.0,-55.0,-195.0,64.0,214.0,611.0
-579.0,-458.0,183.0,-128.0,-121.0,73.0,-182.0,223.0,129.0,579.0
-518.0,-463.0,147.0,-185.0,-123.0,82.0,-150.0,219.0,49.0,551.0
-437.0,-398.0,124.0,-240.0,-116.0,14.0,-154.0,312.0,-14.0,533.0
-359.0,-323.0,73.0,-290.0,-96.0,91.0,-207.0,330.0,-66.0,527.0
-269.0,-243.0,54.0,-354.0,-70.0,169.0,-257.0,423.0,-115.0,538.0
-189.0,-151.0,55.0,-390.0,-49.0,173.0,-235.0,558.0,-130.0,550.0
-100.0,-4.0,22.0,-417.0,-37.0,101.0,-95.0,452.0,-115.0,570.0
-2.0,184.0,24.0,-414.0,-39.0,154.0,19.0,521.0,-87.0,593.0
82.0,332.0,58.0,-384.0,-42.0,227.0,74.0,408.0,-38.0,587.0
147.0,445.0,41.0,-362.0,-44.0,179.0,78.0,375.0,23.0,559.0
218.0,523.0,0.0,-341.0,-45.0,239.0,12.0,415.0,93.0,534.0
295.0,500.0,31.0,-318.0,-38.0,308.0,-54.0,341.0,167.0,481.0
338.0,426.0,39.0,-276.0,-13.0,244.0,-137.0,480.0,239.0,382.0
390.0,453.0,50.0,-255.0,27.0,72.0,-194.0,352.0,302.0,295.0
446.0,596.0,72.0,-276.0,68.0,38.0,-225.0,264.0,340.0,206.0
509.0,728.0,105.0,-308.0,98.0,171.0,-221.0,242.0,368.0,87.0
563.0,813.0,154.0,-357.0,116.0,198.0,-148.0,266.0,394.0,-26.0
604.0,806.0,184.0,-420.0,125.0,116.0,-76.0,365.0,389.0,-108.0
631.0,611.0,204.0,-463.0,131.0,31.0,-28.0,277.0,362.0,-185.0
638.0,276.0,258.0,-474.0,136.0,62.0,-4.0,341.0,320.0,-261.0
634.0,-44.0,335.0,-492.0,143.0,68.0,-50.0,345.0,258.0,-290.0
603.0,-245.0,339.0,-519.0,150.0,-3.0,-151.0,460.0,200.0,-295.0
567.0,-295.0,371.0,-526.0,149.0,70.0,-192.0,522.0,138.0,-305.0
539.0,-213.0,399.0,-477.0,138.0,87.0,-160.0,410.0,57.0,-325.0
511.0,-95.0,433.0,-400.0,106.0,49.0,-129.0,469.0,-42.0,-305.0
460.0,-2.0,404.0,-327.0,61.0,133.0,-130.0,354.0,-128.0,-288.0
417.0,61.0,355.0,-229.0,19.0,116.0,-172.0,267.0,-213.0,-312.0
368.0,34.0,357.0,-111.0,-2.0,50.0,-228.0,186.0,-302.0,-303.0
309.0,-100.0,278.0,1.0,-3.0,58.0,-220.0,145.0,-349.0,-292.0
249.0,-291.0,190.0,100.0,1.0,91.0,-148.0,291.0,-381.0,-295.0
175.0,-474.0,82.0,226.0,7.0,142.0,-111.0,399.0,-398.0,-325.0
107.0,-620.0,72.0,369.0,14.0,107.0,-113.0,583.0,-392.0,-352.0
29.0,-680.0,2.0,487.0,19.0,71.0,-104.0,570.0,-399.0,-374.0
-16.0,-626.0,-150.0,589.0,19.0,90.0,-45.0,497.0,-397.0,-447.0
-52.0,-485.0,-183.0,673.0,12.0,-70.0,36.0,484.0,-378.0,-504.0
-88.0,-253.0,-232.0,757.0,2.0,-220.0,49.0,487.0,-345.0,-529.0
-119.0,14.0,-311.0,830.0,-9.0,-187.0,0.0,672.0,-305.0,-563.0
-142.0,229.0,-359.0,854.0,-19.0,-77.0,-56.0,683.0,-257.0,-602.0
-165.0,384.0,-338.0,861.0,-27.0,31.0,-77.0,733.0,-198.0,-598.0
-199.0,485.0,-352.0,856.0,-42.0,12.0,-37.0,720.0,-141.0,-551.0
-203.0,499.0,-405.0,830.0,-73.0,61.0,29.0,639.0,-77.0,-494.0
-206.0,429.0,-351.0,806.0,-111.0,72.0,59.0,587.0,-18.0,-424.0
-199.0,302.0,-316.0,778.0,-135.0,-75.0,15.0,400.0,32.0,-330.0
-190.0,129.0,-311.0,720.0,-135.0,-84.0,-7.0,493.0,81.0,-223.0
-179.0,-72.0,-211.0,649.0,-116.0,25.0,34.0,574.0,135.0,-148.0
-157.0,-258.0,-180.0,596.0,-90.0,64.0,101.0,685.0,201.0,-79.0
-137.0,-355.0,-109.0,571.0,-65.0,43.0,182.0,711.0,255.0,-18.0
-121.0,-317.0,-25.0,553.0,-48.0,29.0,191.0,602.0,311.0,5.0
-109.0,-187.0,-17.0,505.0,-44.0,85.0,169.0,550.0,362.0,7.0
-99.0,-10.0,106.0,460.0,-49.0,119.0,113.0,480.0,411.0,-3.0
-96.0,169.0,150.0,420.0,-50.0,4.0,12.0,617.0,469.0,-16.0
-98.0,268.0,189.0,389.0,-44.0,48.0,-24.0,563.0,511.0,-46.0
-119.0,296.0,270.0,387.0,-26.0,123.0,-29.0,591.0,553.0,-81.0
-124.0,335.0,276.0,349.0,1.0,100.0,-17.0,594.0,596.0,-89.0
-135.0,378.0,318.0,289.0,30.0,160.0,-8.0,412.0,632.0,-106.0
-171.0,361.0,355.0,233.0,47.0,142.0,2.0,358.0,664.0,-140.0
-192.0,289.0,383.0,147.0,46.0,160.0,41.0,96.0,677.0,-148.0
-214.0,225.0,386.0,62.0,40.0,106.0,55.0,83.0,668.0,-128.0
-243.0,175.0,381.0,-24.0,38.0,34.0,49.0,149.0,667.0,-93.0
-259.0,132.0,380.0,-110.0,46.0,183.0,58.0,234.0,653.0,-53.0
-249.0,138.0,331.0,-169.0,60.0,231.0,85.0,511.0,634.0,30.0
-246.0,174.0,308.0,-207.0,70.0,228.0,116.0,515.0,629.0,131.0
-242.0,147.0,287.0,-208.0,79.0,287.0,115.0,583.0,599.0,196.0
-237.0,37.0,232.0,-207.0,79.0,139.0,102.0,563.0,564.0,284.0
-221.0,-112.0,217.0,-184.0,75.0,-80.0,152.0,482.0,528.0,391.0
-196.0,-290.0,188.0,-168.0,68.0,-93.0,207.0,417.0,488.0,471.0
-168.0,-499.0,150.0,-159.0,61.0,65.0,232.0,347.0,441.0,539.0
-121.0,-707.0,127.0,-116.0,56.0,268.0,277.0,550.0,373.0,616.0
-73.0,-863.0,113.0,-100.0,40.0,221.0,306.0,561.0,311.0,690.0
-16.0,-884.0,83.0,-73.0,8.0,54.0,314.0,530.0,239.0,752.0
39.0,-722.0,40.0,-64.0,-18.0,19.0,310.0,434.0,161.0,785.0
87.0,-418.0,46.0,-80.0,-26.0,-50.0,308.0,312.0,105.0,824.0
142.0,-79.0,20.0,-85.0,-16.0,-29.0,354.0,280.0,60.0,867.0
192.0,219.0,9.0,-96.0,-3.0,50.0,388.0,97.0,19.0,870.0
230.0,474.0,32.0,-69.0,2.0,121.0,353.0,77.0,-15.0,884.0
264.0,703.0,0.0,-32.0,-2.0,160.0,292.0,18.0,-59.0,927.0
273.0,876.0,-2.0,-23.0,-16.0,31.0,271.0,31.0,-121.0,954.0
287.0,908.0,-12.0,-12.0,-36.0,-12.0,291.0,53.0,-188.0,929.0
294.0,780.0,-36.0,16.0,-62.0,19.0,305.0,9.0,-270.0,920.0
289.0,561.0,-30.0,51.0,-85.0,41.0,300.0,18.0,-356.0,917.0
286.0,349.0,-20.0,115.0,-95.0,173.0,305.0,-140.0,-426.0,860.0
262.0,216.0,-21.0,154.0,-96.0,271.0,353.0,-27.0,-491.0,785.0
250.0,125.0,-27.0,166.0,-86.0,210.0,421.0,73.0,-531.0,723.0
231.0,22.0,0.0,179.0,-61.0,91.0,465.0,107.0,-548.0,664.0
213.0,-37.0,0.0,147.0,-30.0,33.0,458.0,197.0,-544.0,564.0
188.0,-22.0,9.0,138.0,0.0,111.0,422.0,101.0,-518.0,485.0
165.0,-27.0,36.0,95.0,19.0,183.0,391.0,131.0,-486.0,416.0
152.0,-101.0,44.0,24.0,29.0,72.0,356.0,86.0,-435.0,314.0
133.0,-214.0,82.0,-11.0,39.0,117.0,300.0,92.0,-366.0,211.0
143.0,-339.0,105.0,-69.0,51.0,285.0,223.0,86.0,-294.0,96.0
143.0,-357.0,141.0,-129.0,63.0,338.0,178.0,99.0,-219.0,-1.0
145.0,-270.0,183.0,-197.0,76.0,305.0,182.0,227.0,-153.0,-108.0
153.0,-270.0,216.0,-238.0,86.0,207.0,194.0,184.0,-100.0,-201.0
147.0,-380.0,253.0,-245.0,82.0,153.0,216.0,266.0,-60.0,-246.0
144.0,-470.0,273.0,-250.0,66.0,146.0,227.0,225.0,-42.0,-279.0
137.0,-540.0,318.0,-244.0,41.0,273.0,229.0,186.0,-40.0,-290.0
111.0,-624.0,352.0,-217.0,17.0,351.0,243.0,158.0,-54.0,-275.0
86.0,-568.0,352.0,-148.0,2.0,298.0,247.0,55.0,-65.0,-224.0
63.0,-320.0,370.0,-68.0,-2.0,248.0,248.0,201.0,-85.0,-181.0
36.0,-55.0,379.0,27.0,3.0,326.0,209.0,110.0,-136.0,-163.0
12.0,125.0,355.0,144.0,24.0,438.0,182.0,64.0,-191.0,-130.0
-35.0,245.0,337.0,251.0,59.0,356.0,217.0,169.0,-247.0,-100.0
-78.0,348.0,312.0,353.0,95.0,365.0,255.0,201.0,-312.0,-108.0
-117.0,413.0,296.0,440.0,127.0,404.0,272.0,327.0,-370.0,-123.0
-158.0,414.0,263.0,487.0,154.0,402.0,250.0,354.0,-408.0,-108.0
-198.0,341.0,217.0,487.0,170.0,273.0,224.0,450.0,-423.0,-109.0
-226.0,187.0,174.0,477.0,180.0,101.0,216.0,376.0,-410.0,-116.0
-232.0,10.0,122.0,470.0,193.0,177.0,247.0,190.0,-370.0,-86.0
-237.0,-70.0,73.0,456.0,210.0,270.0,316.0,129.0,-305.0,-32.0
-228.0,-23.0,-2.0,419.0,227.0,342.0,357.0,90.0,-218.0,22.0
-225.0,84.0,-16.0,362.0,234.0,365.0,375.0,291.0,-117.0,64.0
-206.0,208.0,-45.0,307.0,227.0,353.0,369.0,395.0,-1.0,139.0
-176.0,296.0,-95.0,239.0,208.0,357.0,362.0,556.0,121.0,218.0
-164.0,289.0,-80.0,194.0,173.0,294.0,400.0,646.0,245.0,244.0
-152.0,213.0,-116.0,166.0,124.0,239.0,431.0,506.0,374.0,243.0
-140.0,147.0,-146.0,134.0,73.0,221.0,468.0,378.0,484.0,227.0
-127.0,46.0,-141.0,90.0,26.0,206.0,501.0,59.0,583.0,186.0
-129.0,-117.0,-173.0,43.0,-18.0,305.0,514.0,-24.0,656.0,97.0
-133.0,-197.0,-179.0,-4.0,-59.0,375.0,504.0,-27.0,690.0,28.0
-142.0,-81.0,-157.0,-74.0,-86.0,327.0,472.0,-27.0,721.0,-26.0
-150.0,150.0,-170.0,-80.0,-95.0,351.0,453.0,36.0,720.0,-133.0
-154.0,307.0,-149.0,-69.0,-90.0,325.0,403.0,40.0,691.0,-229.0
-177.0,284.0,-126.0,-65.0,-75.0,402.0,372.0,105.0,649.0,-308.0
-198.0,127.0,-141.0,-22.0,-50.0,443.0,366.0,-64.0,580.0,-368.0
-210.0,-64.0,-116.0,17.0,-29.0,258.0,383.0,-121.0,500.0,-436.0
-233.0,-217.0,-91.0,89.0,-23.0,177.0,428.0,-127.0,406.0,-507.0
-254.0,-321.0,-71.0,171.0,-34.0,116.0,431.0,-51.0,310.0,-524.0
-265.0,-428.0,-70.0,240.0,-51.0,38.0,425.0,140.0,220.0,-569.0
-262.0,-550.0,-39.0,294.0,-67.0,62.0,384.0,103.0,131.0,-632.0
-250.0,-596.0,-17.0,318.0,-81.0,121.0,376.0,169.0,53.0,-652.0
-253.0,-526.0,8.0,349.0,-88.0,229.0,424.0,75.0,0.0,-662.0
-245.0,-390.0,58.0,377.0,-80.0,234.0,456.0,90.0,-42.0,-683.0
-230.0,-207.0,65.0,365.0,-67.0,87.0,475.0,236.0,-81.0,-711.0
-217.0,-7.0,113.0,325.0,-60.0,145.0,471.0,169.0,-100.0,-692.0
-201.0,175.0,151.0,301.0,-61.0,197.0,494.0,218.0,-106.0,-654.0
-183.0,381.0,182.0,287.0,-62.0,160.0,554.0,97.0,-95.0,-624.0
-153.0,618.0,228.0,267.0,-60.0,195.0,602.0,96.0,-71.0,-549.0
-118.0,831.0,280.0,246.0,-63.0,56.0,622.0,90.0,-45.0,-429.0
-85.0,975.0,316.0,200.0,-74.0,-8.0,652.0,-88.0,-9.0,-300.0
-64.0,1004.0,351.0,110.0,-94.0,-52.0,674.0,-142.0,16.0,-168.0
-52.0,863.0,407.0,34.0,-115.0,-37.0,645.0,-256.0,42.0,-9.0
-40.0,621.0,432.0,-34.0,-132.0,154.0,605.0,-158.0,73.0,166.0
-30.0,418.0,480.0,-108.0,-140.0,132.0,566.0,-57.0,86.0,309.0
-19.0,282.0,519.0,-139.0,-144.0,133.0,547.0,48.0,98.0,434.0
-13.0,99.0,554.0,-152.0,-142.0,114.0,557.0,140.0,107.0,570.0
-3.0,-171.0,584.0,-157.0,-139.0,33.0,582.0,40.0,106.0,692.0
8.0,-358.0,593.0,-148.0,-140.0,110.0,586.0,-48.0,86.0,762.0
13.0,-399.0,603.0,-109.0,-137.0,96.0,533.0,-223.0,55.0,830.0
16.0,-442.0,621.0,-72.0,-127.0,89.0,503.0,-297.0,20.0,917.0
11.0,-537.0,600.0,-58.0,-108.0,89.0,505.0,-388.0,-15.0,955.0
18.0,-565.0,589.0,-41.0,-86.0,12.0,513.0,-347.0,-34.0,975.0
22.0,-478.0,602.0,-51.0,-68.0,152.0,520.0,-219.0,-57.0,995.0
12.0,-362.0,566.0,-58.0,-60.0,304.0,502.0,-219.0,-75.0,1019.0
23.0,-259.0,570.0,-63.0,-61.0,202.0,500.0,-79.0,-92.0,1003.0
37.0,-160.0,541.0,-105.0,-73.0,14.0,512.0,-151.0,-119.0,961.0
55.0,-75.0,521.0,-131.0,-84.0,-62.0,508.0,-284.0,-122.0,976.0
64.0,-35.0,511.0,-141.0,-84.0,104.0,520.0,-412.0,-134.0,991.0
82.0,-19.0,454.0,-146.0,-79.0,250.0,560.0,-550.0,-145.0,988.0
101.0,124.0,454.0,-156.0,-69.0,246.0,578.0,-452.0,-162.0,995.0
105.0,408.0,386.0,-169.0,-48.0,254.0,546.0,-389.0,-187.0,1034.0
130.0,648.0,313.0,-172.0,-9.0,212.0,488.0,-254.0,-213.0,1049.0
150.0,785.0,279.0,-196.0,31.0,139.0,422.0,-175.0,-264.0,1023.0
180.0,834.0,181.0,-181.0,59.0,189.0,403.0,-134.0,-304.0,1010.0
213.0,764.0,112.0,-139.0,78.0,329.0,439.0,-64.0,-360.0,974.0
239.0,591.0,21.0,-97.0,95.0,459.0,456.0,-73.0,-413.0,880.0
240.0,346.0,-93.0,-23.0,115.0,469.0,425.0,-5.0,-430.0,758.0
238.0,39.0,-164.0,66.0,137.0,348.0,350.0,-134.0,-440.0,665.0
244.0,-266.0,-270.0,163.0,159.0,342.0,291.0,-258.0,-430.0,546.0
226.0,-489.0,-367.0,250.0,181.0,306.0,306.0,-382.0,-415.0,402.0
210.0,-600.0,-420.0,314.0,201.0,304.0,384.0,-502.0,-394.0,284.0
191.0,-620.0,-502.0,369.0,217.0,468.0,444.0,-408.0,-359.0,174.0
176.0,-602.0,-577.0,396.0,230.0,404.0,431.0,-363.0,-309.0,52.0
152.0,-574.0,-635.0,399.0,246.0,299.0,373.0,-175.0,-246.0,-85.0
115.0,-497.0,-684.0,415.0,268.0,285.0,266.0,-75.0,-178.0,-176.0
79.0,-356.0,-717.0,427.0,286.0,394.0,194.0,14.0,-97.0,-263.0
46.0,-203.0,-731.0,419.0,292.0,545.0,216.0,121.0,-16.0,-393.0
-7.0,-74.0,-748.0,413.0,291.0,409.0,296.0,-14.0,52.0,-503.0
-54.0,62.0,-738.0,404.0,291.0,307.0,381.0,-25.0,119.0,-559.0
-98.0,191.0,-695.0,370.0,289.0,340.0,400.0,-94.0,180.0,-608.0
-130.0,267.0,-685.0,338.0,271.0,319.0,365.0,-57.0,217.0,-673.0
-151.0,304.0,-638.0,296.0,245.0,309.0,277.0,-5.0,242.0,-661.0
-174.0,330.0,-595.0,231.0,224.0,237.0,192.0,-33.0,262.0,-618.0
-162.0,418.0,-571.0,185.0,209.0,183.0,126.0,59.0,273.0,-612.0
-159.0,604.0,-509.0,132.0,197.0,176.0,55.0,-46.0,279.0,-593.0
-149.0,789.0,-473.0,76.0,180.0,164.0,16.0,5.0,281.0,-529.0
-146.0,891.0,-407.0,51.0,160.0,309.0,-49.0,92.0,286.0,-471.0
-142.0,917.0,-334.0,13.0,135.0,364.0,-127.0,81.0,292.0,-449.0
-135.0,889.0,-297.0,-19.0,100.0,262.0,-163.0,29.0,292.0,-378.0
-146.0,831.0,-198.0,-44.0,52.0,189.0,-134.0,-125.0,291.0,-288.0
-154.0,755.0,-126.0,-81.0,1.0,64.0,-41.0,-42.0,273.0,-228.0
-169.0,567.0,-77.0,-110.0,-48.0,-9.0,-3.0,-29.0,251.0,-187.0
-159.0,228.0,30.0,-159.0,-95.0,-67.0,-94.0,-51.0,220.0,-128.0
-158.0,-78.0,73.0,-214.0,-129.0,-4.0,-248.0,-7.0,177.0,-83.0
-149.0,-289.0,132.0,-261.0,-143.0,129.0,-358.0,24.0,141.0,-101.0
-146.0,-476.0,194.0,-312.0,-134.0,64.0,-382.0,-36.0,112.0,-101.0
-141.0,-554.0,209.0,-359.0,-116.0,69.0,-352.0,-229.0,97.0,-92.0
-130.0,-483.0,265.0,-390.0,-103.0,183.0,-300.0,-280.0,87.0,-110.0
-132.0,-427.0,289.0,-396.0,-90.0,186.0,-273.0,-360.0,89.0,-130.0
-123.0,-372.0,290.0,-428.0,-76.0,83.0,-306.0,-304.0,106.0,-141.0
-118.0,-175.0,332.0,-465.0,-61.0,-17.0,-386.0,-288.0,150.0,-133.0
-98.0,80.0,334.0,-472.0,-58.0,-40.0,-440.0,-349.0,205.0,-141.0
-91.0,271.0,344.0,-477.0,-65.0,-77.0,-411.0,-258.0,240.0,-158.0
-77.0,382.0,360.0,-455.0,-67.0,-224.0,-341.0,-267.0,280.0,-144.0
-56.0,336.0,352.0,-397.0,-67.0,-238.0,-253.0,-77.0,308.0,-115.0
-37.0,134.0,386.0,-323.0,-74.0,-93.0,-172.0,94.0,346.0,-92.0
-12.0,-24.0,394.0,-271.0,-98.0,-79.0,-133.0,107.0,370.0,-50.0
5.0,-18.0,399.0,-226.0,-132.0,-99.0,-107.0,107.0,366.0,6.0
28.0,85.0,433.0,-151.0,-166.0,-130.0,-106.0,-31.0,356.0,67.0
45.0,216.0,446.0,-107.0,-184.0,-156.0,-124.0,-29.0,320.0,130.0
67.0,306.0,451.0,-80.0,-177.0,-183.0,-101.0,-59.0,274.0,179.0
85.0,315.0,486.0,-44.0,-144.0,-219.0,-57.0,-96.0,215.0,255.0
115.0,285.0,478.0,-17.0,-103.0,-143.0,-22.0,-169.0,159.0,316.0
151.0,234.0,484.0,-7.0,-63.0,-221.0,-9.0,-452.0,103.0,347.0
197.0,117.0,492.0,-11.0,-22.0,-333.0,-15.0,-633.0,48.0,407.0
235.0,-76.0,450.0,-21.0,7.0,-216.0,1.0,-761.0,-2.0,467.0
263.0,-292.0,453.0,-66.0,13.0,-49.0,30.0,-827.0,-65.0,524.0
296.0,-424.0,405.0,-114.0,-12.0,8.0,95.0,-896.0,-115.0,572.0
315.0,-359.0,362.0,-138.0,-56.0,-16.0,185.0,-809.0,-164.0,630.0
335.0,-116.0,309.0,-156.0,-86.0,47.0,225.0,-635.0,-206.0,701.0
353.0,160.0,231.0,-176.0,-84.0,71.0,200.0,-626.0,-251.0,751.0
376.0,357.0,167.0,-199.0,-57.0,-22.0,138.0,-513.0,-296.0,805.0
394.0,434.0,75.0,-219.0,-23.0,10.0,69.0,-476.0,-312.0,872.0
412.0,435.0,0.0,-259.0,2.0,219.0,23.0,-314.0,-335.0,926.0
418.0,379.0,-78.0,-306.0,18.0,284.0,74.0,-160.0,-343.0,950.0
415.0,194.0,-149.0,-349.0,23.0,125.0,165.0,-157.0,-348.0,969.0
400.0,-54.0,-203.0,-402.0,16.0,11.0,235.0,-59.0,-352.0,990.0
376.0,-197.0,-266.0,-421.0,-8.0,58.0,250.0,-118.0,-344.0,972.0
364.0,-238.0,-328.0,-394.0,-47.0,166.0,215.0,-90.0,-357.0,919.0
341.0,-290.0,-340.0,-373.0,-76.0,108.0,186.0,-221.0,-354.0,866.0
326.0,-392.0,-389.0,-338.0,-76.0,58.0,155.0,-463.0,-352.0,836.0
309.0,-496.0,-408.0,-265.0,-50.0,183.0,146.0,-541.0,-355.0,775.0
294.0,-564.0,-407.0,-197.0,-7.0,265.0,129.0,-602.0,-345.0,701.0
265.0,-535.0,-438.0,-173.0,32.0,310.0,120.0,-404.0,-333.0,666.0
230.0,-349.0,-421.0,-134.0,55.0,332.0,110.0,-249.0,-294.0,611.0
202.0,-44.0,-440.0,-86.0,66.0,296.0,82.0,-88.0,-242.0,532.0
155.0,217.0,-441.0,-71.0,78.0,208.0,62.0,12.0,-177.0,453.0
107.0,328.0,-457.0,-30.0,96.0,149.0,42.0,-96.0,-94.0,417.0
59.0,325.0,-466.0,6.0,126.0,240.0,70.0,-203.0,-10.0,368.0
17.0,208.0,-471.0,29.0,147.0,300.0,105.0,-402.0,65.0,294.0
-36.0,23.0,-483.0,59.0,131.0,225.0,134.0,-347.0,136.0,269.0
-91.0,-165.0,-457.0,82.0,83.0,217.0,169.0,-267.0,201.0,253.0
-131.0,-385.0,-467.0,114.0,37.0,228.0,171.0,-245.0,249.0,208.0
-180.0,-580.0,-453.0,144.0,25.0,156.0,166.0,-282.0,287.0,130.0
-219.0,-634.0,-434.0,169.0,49.0,150.0,147.0,-408.0,314.0,83.0
-254.0,-508.0,-406.0,197.0,83.0,159.0,81.0,-273.0,312.0,31.0
-289.0,-243.0,-377.0,240.0,101.0,92.0,44.0,-301.0,297.0,-74.0
-313.0,68.0,-331.0,269.0,88.0,-25.0,60.0,-240.0,278.0,-175.0
-339.0,285.0,-287.0,269.0,55.0,-100.0,54.0,-138.0,237.0,-255.0
-360.0,309.0,-256.0,258.0,27.0,6.0,20.0,-125.0,191.0,-336.0
-381.0,195.0,-189.0,240.0,21.0,73.0,-30.0,11.0,134.0,-437.0
-410.0,135.0,-156.0,231.0,40.0,6.0,-63.0,-42.0,80.0,-508.0
-428.0,263.0,-94.0,203.0,63.0,-68.0,-56.0,-12.0,40.0,-547.0
-439.0,454.0,-27.0,162.0,73.0,-103.0,-26.0,-84.0,0.0,-609.0
-444.0,566.0,25.0,114.0,71.0,27.0,10.0,-125.0,-26.0,-659.0
-432.0,619.0,96.0,62.0,72.0,100.0,28.0,-114.0,-57.0,-657.0
-412.0,678.0,156.0,45.0,85.0,29.0,39.0,-171.0,-83.0,-652.0
-395.0,730.0,214.0,20.0,108.0,-116.0,73.0,-68.0,-98.0,-672.0
-378.0,709.0,292.0,-27.0,133.0,-354.0,71.0,-216.0,-113.0,-666.0
-366.0,588.0,341.0,-54.0,142.0,-413.0,-1.0,-356.0,-110.0,-623.0
-359.0,402.0,378.0,-75.0,127.0,-288.0,-71.0,-524.0,-90.0,-589.0
-344.0,194.0,433.0,-115.0,91.0,-159.0,-105.0,-641.0,-71.0,-557.0
-334.0,25.0,434.0,-154.0,43.0,-189.0,-104.0,-528.0,-57.0,-512.0
-302.0,-14.0,446.0,-178.0,2.0,-356.0,-93.0,-413.0,-43.0,-474.0
-254.0,50.0,441.0,-204.0,-20.0,-388.0,-124.0,-127.0,-28.0,-460.0
-227.0,79.0,413.0,-214.0,-25.0,-343.0,-158.0,-123.0,-24.0,-465.0
-192.0,42.0,396.0,-211.0,-14.0,-390.0,-154.0,-267.0,-32.0,-434.0
-175.0,39.0,349.0,-223.0,8.0,-413.0,-124.0,-400.0,-50.0,-404.0
-166.0,118.0,288.0,-214.0,28.0,-373.0,-126.0,-585.0,-71.0,-400.0
-154.0,234.0,254.0,-216.0,32.0,-376.0,-202.0,-484.0,-81.0,-361.0
-142.0,359.0,203.0,-248.0,29.0,-392.0,-245.0,-286.0,-97.0,-299.0
-111.0,500.0,130.0,-283.0,20.0,-433.0,-174.0,36.0,-108.0,-258.0
-83.0,647.0,102.0,-341.0,-9.0,-468.0,-92.0,90.0,-106.0,-238.0
-45.0,728.0,17.0,-370.0,-44.0,-477.0,-63.0,-92.0,-100.0,-171.0
-13.0,640.0,-28.0,-407.0,-60.0,-455.0,-53.0,-258.0,-90.0,-111.0
16.0,387.0,-62.0,-470.0,-57.0,-406.0,-67.0,-474.0,-80.0,-127.0
35.0,63.0,-140.0,-524.0,-42.0,-450.0,-63.0,-421.0,-66.0,-127.0
53.0,-217.0,-175.0,-563.0,-30.0,-454.0,-45.0,-423.0,-46.0,-113.0
57.0,-442.0,-231.0,-594.0,-29.0,-355.0,-62.0,-365.0,-13.0,-138.0
41.0,-705.0,-270.0,-600.0,-47.0,-289.0,-57.0,-327.0,17.0,-172.0
45.0,-907.0,-293.0,-581.0,-72.0,-315.0,-15.0,-356.0,52.0,-184.0
43.0,-919.0,-332.0,-591.0,-77.0,-388.0,21.0,-208.0,80.0,-143.0
46.0,-856.0,-349.0,-540.0,-55.0,-358.0,0.0,-186.0,77.0,-111.0
54.0,-868.0,-355.0,-475.0,-25.0,-266.0,-69.0,-157.0,70.0,-70.0
68.0,-930.0,-359.0,-401.0,-10.0,-284.0,-70.0,-363.0,47.0,53.0
78.0,-899.0,-324.0,-280.0,-19.0,-351.0,12.0,-563.0,9.0,176.0
82.0,-753.0,-321.0,-198.0,-41.0,-361.0,67.0,-558.0,-24.0,279.0
84.0,-588.0,-310.0,-98.0,-65.0,-333.0,39.0,-604.0,-60.0,416.0
83.0,-411.0,-293.0,-20.0,-94.0,-271.0,-5.0,-465.0,-94.0,578.0
76.0,-159.0,-313.0,40.0,-116.0,-220.0,-14.0,-506.0,-139.0,724.0
69.0,146.0,-296.0,84.0,-110.0,-154.0,0.0,-478.0,-182.0,828.0
75.0,384.0,-289.0,77.0,-80.0,-135.0,-9.0,-288.0,-216.0,936.0
68.0,494.0,-306.0,86.0,-51.0,-187.0,-46.0,-162.0,-251.0,1025.0
81.0,518.0,-320.0,72.0,-41.0,-152.0,-71.0,103.0,-272.0,1054.0
100.0,513.0,-316.0,27.0,-45.0,-120.0,-79.0,121.0,-276.0,1069.0
124.0,456.0,-336.0,10.0,-50.0,-135.0,-58.0,0.0,-276.0,1089.0
161.0,301.0,-354.0,11.0,-61.0,-171.0,-38.0,-280.0,-275.0,1077.0
191.0,146.0,-354.0,9.0,-82.0,-164.0,-28.0,-508.0,-269.0,1016.0
220.0,155.0,-355.0,30.0,-104.0,-93.0,7.0,-441.0,-266.0,960.0
241.0,333.0,-335.0,67.0,-111.0,-117.0,16.0,-363.0,-279.0,914.0
264.0,543.0,-323.0,103.0,-106.0,-129.0,-34.0,-131.0,-286.0,843.0
281.0,644.0,-317.0,131.0,-97.0,-78.0,-109.0,-33.0,-297.0,749.0
288.0,530.0,-293.0,113.0,-82.0,-88.0,-134.0,1.0,-300.0,670.0
292.0,233.0,-280.0,66.0,-59.0,-150.0,-87.0,-181.0,-278.0,616.0
301.0,-49.0,-251.0,20.0,-28.0,-175.0,6.0,-437.0,-244.0,529.0
309.0,-163.0,-227.0,-64.0,4.0,-110.0,97.0,-347.0,-209.0,447.0
312.0,-126.0,-204.0,-134.0,41.0,-73.0,131.0,-319.0,-164.0,396.0
308.0,-11.0,-167.0,-151.0,74.0,-96.0,93.0,-72.0,-132.0,336.0
301.0,89.0,-166.0,-169.0,94.0,-85.0,44.0,97.0,-130.0,262.0
283.0,73.0,-126.0,-186.0,97.0,-77.0,65.0,160.0,-110.0,217.0
262.0,-82.0,-92.0,-193.0,83.0,-101.0,100.0,157.0,-85.0,194.0
239.0,-235.0,-80.0,-201.0,58.0,-61.0,117.0,-136.0,-62.0,146.0
218.0,-264.0,-44.0,-231.0,35.0,33.0,96.0,-245.0,-16.0,83.0
198.0,-250.0,-17.0,-269.0,28.0,27.0,40.0,-482.0,27.0,41.0
173.0,-273.0,6.0,-272.0,35.0,-102.0,-4.0,-480.0,72.0,14.0
156.0,-378.0,45.0,-255.0,51.0,-124.0,-26.0,-234.0,109.0,-23.0
129.0,-579.0,77.0,-235.0,76.0,-33.0,23.0,-131.0,133.0,-43.0
104.0,-751.0,82.0,-235.0,104.0,-77.0,88.0,-40.0,141.0,-42.0
75.0,-750.0,134.0,-239.0,129.0,-212.0,123.0,-194.0,121.0,-56.0
37.0,-576.0,171.0,-234.0,142.0,-267.0,108.0,-267.0,101.0,-91.0
-4.0,-359.0,213.0,-225.0,142.0,-189.0,36.0,-310.0,79.0,-126.0
-31.0,-201.0,278.0,-207.0,142.0,-83.0,-35.0,-168.0,49.0,-157.0
-46.0,-126.0,304.0,-190.0,146.0,-91.0,-52.0,121.0,30.0,-212.0
-80.0,-159.0,345.0,-162.0,152.0,-81.0,-17.0,234.0,1.0,-278.0
-119.0,-273.0,377.0,-139.0,150.0,-70.0,24.0,356.0,-31.0,-336.0
-160.0,-355.0,398.0,-125.0,135.0,-136.0,52.0,247.0,-53.0,-379.0
-198.0,-349.0,424.0,-114.0,102.0,-126.0,37.0,84.0,-74.0,-447.0
-255.0,-280.0,443.0,-122.0,59.0,-99.0,-3.0,-112.0,-94.0,-493.0
-303.0,-182.0,447.0,-132.0,19.0,-131.0,-71.0,-245.0,-109.0,-503.0
-342.0,-80.0,464.0,-178.0,-18.0,-220.0,-103.0,-123.0,-117.0,-525.0
-383.0,51.0,427.0,-243.0,-50.0,-191.0,-85.0,-110.0,-112.0,-533.0
-418.0,236.0,411.0,-265.0,-67.0,-87.0,-121.0,-121.0,-93.0,-530.0
-454.0,446.0,400.0,-298.0,-59.0,-143.0,-182.0,-327.0,-57.0,-510.0
-477.0,573.0,354.0,-332.0,-35.0,-206.0,-274.0,-550.0,-16.0,-518.0
-490.0,515.0,358.0,-303.0,-10.0,-265.0,-322.0,-609.0,33.0,-531.0
-484.0,333.0,303.0,-253.0,13.0,-270.0,-278.0,-613.0,106.0,-502.0
-481.0,166.0,267.0,-187.0,36.0,-278.0,-197.0,-310.0,162.0,-487.0
-454.0,91.0,229.0,-107.0,54.0,-264.0,-141.0,-66.0,216.0,-475.0
-424.0,71.0,159.0,-58.0,60.0,-127.0,-166.0,175.0,270.0,-451.0
-389.0,44.0,125.0,0.0,57.0,-191.0,-186.0,312.0,307.0,-424.0
-346.0,57.0,81.0,55.0,55.0,-335.0,-178.0,232.0,343.0,-414.0
-311.0,138.0,41.0,89.0,56.0,-342.0,-190.0,168.0,360.0,-422.0
-262.0,242.0,-1.0,134.0,58.0,-269.0,-237.0,-83.0,357.0,-410.0
-217.0,370.0,-43.0,176.0,64.0,-175.0,-264.0,-103.0,333.0,-377.0
-162.0,511.0,-116.0,195.0,79.0,-217.0,-251.0,-49.0,292.0,-364.0
-117.0,533.0,-184.0,190.0,87.0,-219.0,-261.0,1.0,244.0,-359.0
-66.0,401.0,-241.0,193.0,71.0,-142.0,-263.0,147.0,192.0,-329.0
-8.0,278.0,-326.0,202.0,46.0,-148.0,-211.0,101.0,131.0,-315.0
47.0,247.0,-385.0,219.0,31.0,-173.0,-160.0,35.0,64.0,-336.0
97.0,219.0,-447.0,201.0,17.0,-220.0,-148.0,-131.0,5.0,-351.0
141.0,144.0,-515.0,183.0,-11.0,-295.0,-133.0,-149.0,-50.0,-340.0
197.0,53.0,-567.0,188.0,-53.0,-364.0,-144.0,-121.0,-100.0,-343.0
236.0,-81.0,-610.0,165.0,-89.0,-339.0,-186.0,-49.0,-134.0,-335.0
281.0,-282.0,-635.0,159.0,-113.0,-283.0,-231.0,92.0,-154.0,-284.0
318.0,-434.0,-662.0,191.0,-145.0,-372.0,-274.0,0.0,-166.0,-208.0
358.0,-397.0,-661.0,211.0,-183.0,-492.0,-314.0,-24.0,-146.0,-141.0
412.0,-218.0,-654.0,213.0,-215.0,-461.0,-311.0,-155.0,-118.0,-71.0
449.0,-68.0,-647.0,237.0,-226.0,-389.0,-228.0,-249.0,-89.0,44.0
475.0,-25.0,-626.0,247.0,-222.0,-357.0,-155.0,-245.0,-39.0,135.0
495.0,-67.0,-620.0,279.0,-219.0,-289.0,-146.0,-216.0,9.0,194.0
505.0,-152.0,-603.0,286.0,-223.0,-256.0,-151.0,-51.0,50.0,270.0
491.0,-265.0,-590.0,262.0,-226.0,-293.0,-135.0,-57.0,86.0,340.0
462.0,-408.0,-549.0,288.0,-223.0,-386.0,-140.0,57.0,101.0,380.0
422.0,-569.0,-519.0,251.0,-217.0,-389.0,-147.0,86.0,96.0,392.0
379.0,-672.0,-472.0,197.0,-215.0,-342.0,-165.0,55.0,86.0,438.0
332.0,-618.0,-407.0,155.0,-214.0,-381.0,-230.0,81.0,59.0,487.0
280.0,-413.0,-373.0,88.0,-207.0,-360.0,-260.0,-31.0,16.0,479.0
217.0,-162.0,-305.0,4.0,-186.0,-299.0,-243.0,25.0,-17.0,486.0
160.0,17.0,-235.0,-68.0,-148.0,-194.0,-202.0,-48.0,-60.0,501.0
114.0,125.0,-170.0,-138.0,-98.0,-206.0,-171.0,-49.0,-108.0,476.0
56.0,275.0,-121.0,-240.0,-57.0,-315.0,-146.0,-11.0,-147.0,423.0
8.0,496.0,-62.0,-292.0,-44.0,-239.0,-131.0,-112.0,-184.0,375.0
-21.0,710.0,-7.0,-361.0,-49.0,-112.0,-171.0,-90.0,-215.0,326.0
-42.0,861.0,65.0,-415.0,-47.0,-26.0,-187.0,-188.0,-232.0,209.0
-51.0,905.0,134.0,-442.0,-29.0,-16.0,-199.0,-240.0,-242.0,94.0
-46.0,828.0,160.0,-489.0,1.0,32.0,-222.0,-341.0,-261.0,18.0
-31.0,662.0,218.0,-494.0,30.0,51.0,-203.0,-373.0,-290.0,-96.0
-15.0,461.0,231.0,-523.0,59.0,-111.0,-158.0,-423.0,-318.0,-227.0
8.0,303.0,246.0,-517.0,79.0,-194.0,-115.0,-587.0,-352.0,-300.0
21.0,230.0,272.0,-505.0,85.0,-187.0,-95.0,-439.0,-383.0,-323.0
33.0,201.0,273.0,-506.0,82.0,-158.0,-50.0,-321.0,-395.0,-362.0
54.0,130.0,278.0,-460.0,79.0,-100.0,32.0,-70.0,-403.0,-397.0
63.0,-53.0,260.0,-493.0,83.0,-64.0,101.0,173.0,-394.0,-381.0
78.0,-286.0,239.0,-558.0,98.0,-50.0,105.0,212.0,-366.0,-362.0
95.0,-394.0,211.0,-568.0,109.0,-54.0,50.0,295.0,-328.0,-382.0
101.0,-430.0,197.0,-619.0,103.0,-57.0,-29.0,240.0,-294.0,-384.0
98.0,-580.0,194.0,-642.0,87.0,-20.0,-49.0,251.0,-252.0,-332.0
83.0,-807.0,182.0,-651.0,78.0,-85.0,14.0,256.0,-207.0,-294.0
59.0,-913.0,184.0,-699.0,84.0,-183.0,53.0,260.0,-173.0,-276.0
18.0,-830.0,189.0,-705.0,110.0,-91.0,44.0,256.0,-140.0,-218.0
-20.0,-655.0,167.0,-692.0,154.0,20.0,7.0,151.0,-102.0,-133.0
-65.0,-491.0,141.0,-649.0,198.0,43.0,-17.0,49.0,-71.0,-70.0
-116.0,-359.0,138.0,-615.0,228.0,10.0,-17.0,-169.0,-50.0,2.0
-157.0,-273.0,130.0,-574.0,240.0,27.0,18.0,-225.0,-19.0,121.0
-210.0,-276.0,126.0,-525.0,232.0,102.0,45.0,-216.0,5.0,241.0
-250.0,-361.0,135.0,-501.0,207.0,117.0,15.0,-155.0,10.0,322.0
-296.0,-465.0,129.0,-466.0,171.0,125.0,-20.0,-14.0,5.0,385.0
-345.0,-498.0,112.0,-421.0,135.0,92.0,-52.0,33.0,-2.0,475.0
-384.0,-446.0,91.0,-356.0,111.0,73.0,-57.0,192.0,-14.0,514.0
-421.0,-335.0,55.0,-290.0,100.0,118.0,-40.0,112.0,-26.0,512.0
-454.0,-215.0,43.0,-193.0,99.0,124.0,-18.0,1.0,-40.0,528.0
-495.0,-166.0,23.0,-81.0,104.0,166.0,0.0,-75.0,-69.0,515.0
-502.0,-133.0,11.0,17.0,108.0,127.0,-18.0,-190.0,-98.0,455.0
-506.0,12.0,3.0,136.0,102.0,-4.0,-60.0,-84.0,-138.0,345.0
-507.0,257.0,16.0,234.0,84.0,0.0,-131.0,-90.0,-184.0,248.0
-487.0,474.0,25.0,297.0,58.0,63.0,-188.0,70.0,-222.0,127.0
-456.0,575.0,5.0,372.0,44.0,75.0,-211.0,110.0,-256.0,-42.0
-414.0,518.0,55.0,431.0,36.0,2.0,-197.0,-35.0,-273.0,-164.0
-368.0,349.0,56.0,491.0,19.0,-15.0,-193.0,-14.0,-277.0,-250.0
-324.0,209.0,80.0,575.0,-7.0,-2.0,-214.0,-129.0,-265.0,-341.0
-280.0,216.0,100.0,638.0,-50.0,-70.0,-205.0,9.0,-237.0,-437.0
-231.0,391.0,116.0,701.0,-97.0,-160.0,-166.0,138.0,-190.0,-482.0
-190.0,632.0,132.0,757.0,-139.0,-218.0,-88.0,171.0,-128.0,-509.0
-135.0,830.0,97.0,816.0,-172.0,-229.0,-73.0,291.0,-64.0,-554.0
-89.0,865.0,141.0,862.0,-194.0,-285.0,-137.0,254.0,-2.0,-570.0
-42.0,617.0,100.0,868.0,-207.0,-300.0,-182.0,301.0,58.0,-556.0
10.0,143.0,122.0,873.0,-207.0,-260.0,-182.0,288.0,120.0,-530.0
52.0,-333.0,119.0,888.0,-196.0,-234.0,-193.0,284.0,176.0,-530.0
84.0,-613.0,51.0,907.0,-176.0,-257.0,-233.0,258.0,201.0,-500.0
98.0,-670.0,57.0,902.0,-160.0,-237.0,-230.0,179.0,207.0,-415.0
122.0,-538.0,-48.0,873.0,-147.0,-114.0,-193.0,145.0,189.0,-352.0
129.0,-255.0,-73.0,832.0,-133.0,-171.0,-128.0,68.0,138.0,-295.0
138.0,35.0,-122.0,778.0,-113.0,-300.0,-104.0,114.0,100.0,-205.0
144.0,181.0,-223.0,715.0,-92.0,-358.0,-155.0,48.0,63.0,-127.0
136.0,172.0,-220.0,632.0,-84.0,-390.0,-187.0,94.0,27.0,-94.0
133.0,125.0,-291.0,526.0,-93.0,-448.0,-134.0,184.0,0.0,-77.0
119.0,152.0,-356.0,431.0,-102.0,-500.0,-44.0,190.0,-18.0,-47.0
99.0,274.0,-356.0,365.0,-96.0,-322.0,-22.0,367.0,-40.0,-33.0
79.0,383.0,-395.0,297.0,-81.0,-123.0,-60.0,330.0,-72.0,-55.0
48.0,349.0,-380.0,238.0,-77.0,-155.0,-92.0,295.0,-98.0,-67.0
4.0,154.0,-341.0,177.0,-84.0,-245.0,-102.0,173.0,-126.0,-45.0
-26.0,-120.0,-330.0,106.0,-92.0,-227.0,-125.0,7.0,-149.0,-41.0
-67.0,-338.0,-260.0,24.0,-94.0,-240.0,-177.0,62.0,-175.0,-44.0
-102.0,-417.0,-220.0,-72.0,-95.0,-350.0,-239.0,53.0,-201.0,-21.0
-129.0,-356.0,-156.0,-157.0,-97.0,-442.0,-241.0,123.0,-204.0,27.0
-169.0,-232.0,-78.0,-256.0,-94.0,-457.0,-172.0,86.0,-193.0,57.0
-204.0,-113.0,-50.0,-370.0,-77.0,-423.0,-126.0,73.0,-175.0,85.0
-237.0,-76.0,18.0,-463.0,-53.0,-429.0,-129.0,92.0,-144.0,147.0
-267.0,-181.0,58.0,-556.0,-30.0,-396.0,-143.0,29.0,-90.0,187.0
-294.0,-363.0,91.0,-660.0,-8.0,-372.0,-116.0,133.0,-41.0,195.0
-314.0,-532.0,117.0,-746.0,8.0,-404.0,-95.0,171.0,0.0,200.0
-330.0,-626.0,153.0,-817.0,12.0,-411.0,-103.0,227.0,39.0,236.0
-333.0,-665.0,167.0,-891.0,3.0,-390.0,-112.0,118.0,62.0,233.0
-327.0,-720.0,147.0,-965.0,-11.0,-327.0,-132.0,-7.0,93.0,211.0
-312.0,-772.0,138.0,-1015.0,-25.0,-315.0,-137.0,-20.0,127.0,239.0
-283.0,-747.0,105.0,-1007.0,-47.0,-319.0,-112.0,-77.0,168.0,242.0
-249.0,-603.0,81.0,-959.0,-76.0,-252.0,-118.0,46.0,199.0,226.0
-208.0,-366.0,49.0,-882.0,-103.0,-239.0,-134.0,31.0,211.0,227.0
-175.0,-114.0,16.0,-768.0,-121.0,-238.0,-62.0,160.0,210.0,260.0
-134.0,108.0,-29.0,-679.0,-134.0,-156.0,24.0,247.0,188.0,273.0
-104.0,336.0,-55.0,-609.0,-140.0,-165.0,63.0,107.0,152.0,256.0
-60.0,548.0,-79.0,-548.0,-133.0,-271.0,46.0,182.0,103.0,253.0
-3.0,621.0,-133.0,-504.0,-116.0,-271.0,10.0,103.0,57.0,248.0
31.0,503.0,-149.0,-397.0,-89.0,-123.0,38.0,75.0,6.0,213.0
83.0,346.0,-169.0,-307.0,-56.0,-55.0,59.0,48.0,-33.0,141.0
127.0,299.0,-202.0,-221.0,-21.0,-125.0,49.0,-123.0,-55.0,104.0
164.0,367.0,-185.0,-122.0,13.0,-85.0,17.0,-157.0,-92.0,56.0
206.0,504.0,-168.0,-58.0,40.0,41.0,-38.0,-86.0,-136.0,-42.0
242.0,648.0,-183.0,24.0,56.0,111.0,-45.0,-31.0,-185.0,-109.0
280.0,751.0,-142.0,106.0,63.0,37.0,-13.0,-110.0,-248.0,-150.0
307.0,749.0,-166.0,214.0,67.0,-37.0,-37.0,-86.0,-296.0,-188.0
323.0,642.0,-135.0,296.0,71.0,106.0,-61.0,-70.0,-316.0,-239.0
324.0,508.0,-85.0,338.0,84.0,185.0,-37.0,16.0,-321.0,-254.0
324.0,413.0,-97.0,380.0,103.0,85.0,-46.0,206.0,-305.0,-222.0
319.0,403.0,10.0,397.0,120.0,33.0,-57.0,360.0,-264.0,-214.0
311.0,430.0,12.0,390.0,128.0,64.0,-38.0,604.0,-220.0,-205.0
312.0,429.0,84.0,347.0,129.0,127.0,1.0,591.0,-177.0,-179.0
306.0,443.0,135.0,298.0,130.0,112.0,15.0,563.0,-127.0,-161.0
313.0,525.0,136.0,225.0,132.0,45.0,4.0,532.0,-76.0,-190.0
315.0,641.0,243.0,173.0,135.0,2.0,-21.0,360.0,-15.0,-232.0
312.0,634.0,235.0,152.0,133.0,6.0,-63.0,341.0,42.0,-246.0
312.0,342.0,330.0,136.0,122.0,111.0,-46.0,195.0,88.0,-291.0
311.0,-153.0,357.0,167.0,108.0,150.0,15.0,155.0,147.0,-361.0
319.0,-633.0,368.0,173.0,88.0,35.0,74.0,168.0,213.0,-401.0
310.0,-961.0,433.0,178.0,64.0,-39.0,96.0,142.0,277.0,-434.0
298.0,-1124.0,410.0,207.0,40.0,88.0,84.0,247.0,343.0,-491.0
295.0,-1113.0,438.0,190.0,26.0,208.0,49.0,169.0,416.0,-539.0
277.0,-948.0,418.0,193.0,20.0,173.0,18.0,110.0,476.0,-551.0
252.0,-657.0,418.0,211.0,14.0,151.0,7.0,-51.0,503.0,-560.0
212.0,-272.0,389.0,204.0,-1.0,189.0,-7.0,-271.0,516.0,-591.0
177.0,63.0,339.0,231.0,-29.0,223.0,-10.0,-290.0,521.0,-598.0
132.0,257.0,292.0,267.0,-56.0,114.0,-6.0,-199.0,524.0,-570.0
69.0,316.0,207.0,279.0,-74.0,56.0,-10.0,0.0,528.0,-575.0
10.0,249.0,146.0,276.0,-81.0,83.0,-28.0,44.0,533.0,-596.0
-50.0,102.0,75.0,221.0,-80.0,31.0,-18.0,49.0,553.0,-580.0
-113.0,-47.0,-1.0,154.0,-68.0,-7.0,38.0,-59.0,580.0,-560.0
-177.0,-149.0,-76.0,102.0,-52.0,-24.0,102.0,-194.0,586.0,-571.0
-239.0,-265.0,-146.0,34.0,-45.0,37.0,90.0,-169.0,576.0,-567.0
-300.0,-436.0,-226.0,-41.0,-60.0,11.0,44.0,-218.0,536.0,-518.0
-357.0,-601.0,-291.0,-112.0,-99.0,-7.0,21.0,-112.0,463.0,-456.0
-415.0,-634.0,-352.0,-183.0,-146.0,74.0,0.0,-125.0,366.0,-407.0
-459.0,-490.0,-385.0,-229.0,-177.0,43.0,-20.0,-186.0,260.0,-336.0
-505.0,-320.0,-421.0,-235.0,-181.0,-45.0,-67.0,-144.0,163.0,-224.0
-542.0,-228.0,-435.0,-238.0,-162.0,-143.0,-68.0,-171.0,58.0,-128.0
-559.0,-142.0,-404.0,-227.0,-134.0,-85.0,-29.0,-162.0,-30.0,-53.0
-573.0,0.0,-432.0,-177.0,-101.0,-29.0,0.0,-254.0,-102.0,22.0
-568.0,153.0,-421.0,-102.0,-62.0,-67.0,17.0,-223.0,-163.0,95.0
-554.0,216.0,-436.0,-29.0,-28.0,6.0,0.0,-288.0,-199.0,129.0
-533.0,190.0,-457.0,34.0,-12.0,74.0,-6.0,-410.0,-231.0,125.0
-499.0,199.0,-439.0,107.0,-16.0,72.0,43.0,-399.0,-234.0,139.0
-460.0,303.0,-443.0,176.0,-25.0,33.0,104.0,-445.0,-232.0,145.0
-432.0,403.0,-408.0,238.0,-30.0,18.0,119.0,-360.0,-231.0,127.0
-387.0,424.0,-403.0,308.0,-30.0,28.0,153.0,-351.0,-223.0,119.0
-336.0,416.0,-379.0,338.0,-36.0,30.0,189.0,-219.0,-233.0,126.0
-305.0,391.0,-336.0,325.0,-46.0,46.0,222.0,12.0,-222.0,108.0
-254.0,352.0,-322.0,345.0,-48.0,21.0,265.0,182.0,-211.0,77.0
-225.0,315.0,-284.0,325.0,-43.0,-76.0,289.0,328.0,-210.0,78.0
-191.0,274.0,-244.0,301.0,-33.0,-100.0,286.0,206.0,-208.0,81.0
-161.0,205.0,-226.0,295.0,-21.0,30.0,229.0,110.0,-206.0,69.0
-156.0,111.0,-183.0,244.0,-14.0,121.0,182.0,-73.0,-197.0,74.0
-146.0,55.0,-134.0,225.0,-12.0,22.0,176.0,-166.0,-188.0,120.0
-158.0,23.0,-110.0,197.0,-18.0,-101.0,221.0,-99.0,-173.0,162.0
-167.0,-90.0,-60.0,171.0,-25.0,-26.0,271.0,-142.0,-168.0,170.0
-180.0,-317.0,-22.0,155.0,-26.0,75.0,286.0,25.0,-147.0,212.0
-199.0,-561.0,14.0,155.0,-15.0,8.0,260.0,103.0,-110.0,268.0
-189.0,-724.0,61.0,157.0,7.0,-58.0,235.0,164.0,-78.0,292.0
-182.0,-759.0,92.0,93.0,31.0,-16.0,274.0,234.0,-25.0,325.0
-184.0,-665.0,131.0,68.0,39.0,26.0,311.0,251.0,27.0,391.0
-179.0,-521.0,172.0,51.0,32.0,0.0,347.0,358.0,105.0,454.0
-180.0,-448.0,192.0,17.0,22.0,-50.0,304.0,325.0,188.0,490.0
-178.0,-515.0,208.0,-10.0,18.0,21.0,213.0,408.0,261.0,536.0
-173.0,-672.0,228.0,-83.0,22.0,58.0,179.0,487.0,349.0,583.0
-155.0,-739.0,215.0,-133.0,34.0,-35.0,210.0,476.0,414.0,595.0
-134.0,-609.0,206.0,-171.0,54.0,-56.0,309.0,360.0,453.0,583.0
-116.0,-396.0,212.0,-214.0,70.0,-79.0,416.0,208.0,471.0,568.0
-79.0,-193.0,201.0,-266.0,80.0,-150.0,529.0,232.0,455.0,552.0
-53.0,3.0,201.0,-311.0,83.0,-212.0,542.0,153.0,421.0,473.0
-21.0,181.0,212.0,-347.0,68.0,-148.0,462.0,286.0,372.0,377.0
17.0,338.0,204.0,-383.0,44.0,4.0,394.0,384.0,320.0,299.0
53.0,436.0,195.0,-377.0,20.0,5.0,346.0,371.0,256.0,188.0
88.0,430.0,202.0,-369.0,4.0,-22.0,344.0,532.0,188.0,64.0
93.0,385.0,191.0,-360.0,4.0,-11.0,308.0,456.0,141.0,-55.0
97.0,394.0,182.0,-344.0,19.0,-50.0,262.0,406.0,108.0,-160.0
112.0,462.0,178.0,-317.0,34.0,-14.0,222.0,312.0,105.0,-276.0
127.0,561.0,167.0,-273.0,33.0,44.0,211.0,223.0,118.0,-387.0
150.0,654.0,145.0,-237.0,5.0,90.0,266.0,245.0,136.0,-448.0
170.0,685.0,130.0,-197.0,-49.0,127.0,325.0,164.0,149.0,-491.0
187.0,609.0,135.0,-144.0,-108.0,106.0,351.0,190.0,155.0,-550.0
190.0,393.0,120.0,-87.0,-144.0,181.0,364.0,280.0,151.0,-608.0
191.0,106.0,130.0,-56.0,-140.0,195.0,375.0,443.0,124.0,-621.0
185.0,-104.0,122.0,-14.0,-110.0,149.0,275.0,413.0,104.0,-627.0
167.0,-143.0,84.0,24.0,-79.0,248.0,107.0,389.0,80.0,-654.0
160.0,-65.0,83.0,48.0,-55.0,380.0,-12.0,347.0,56.0,-646.0
154.0,16.0,53.0,58.0,-33.0,438.0,-43.0,90.0,27.0,-601.0
151.0,47.0,29.0,50.0,-10.0,343.0,18.0,127.0,-5.0,-563.0
151.0,53.0,29.0,89.0,11.0,254.0,108.0,118.0,-43.0,-527.0
133.0,90.0,0.0,146.0,31.0,337.0,157.0,240.0,-91.0,-449.0
119.0,192.0,-7.0,194.0,55.0,347.0,121.0,450.0,-124.0,-362.0
102.0,302.0,2.0,250.0,83.0,250.0,18.0,436.0,-161.0,-314.0
75.0,327.0,-18.0,293.0,101.0,319.0,-107.0,554.0,-184.0,-273.0
54.0,265.0,-22.0,339.0,107.0,451.0,-144.0,447.0,-203.0,-222.0
18.0,124.0,-5.0,380.0,109.0,527.0,-110.0,299.0,-218.0,-211.0
-3.0,-94.0,-8.0,394.0,113.0,431.0,-79.0,251.0,-218.0,-249.0
-29.0,-356.0,7.0,384.0,115.0,275.0,-55.0,184.0,-204.0,-276.0
-62.0,-538.0,40.0,354.0,105.0,322.0,-53.0,105.0,-161.0,-295.0
-78.0,-574.0,64.0,340.0,79.0,377.0,-40.0,-90.0,-112.0,-340.0
-114.0,-556.0,71.0,311.0,50.0,378.0,-31.0,-114.0,-40.0,-388.0
-143.0,-521.0,103.0,268.0,38.0,335.0,-12.0,-105.0,41.0,-417.0
-174.0,-480.0,126.0,238.0,54.0,356.0,9.0,12.0,116.0,-450.0
-197.0,-475.0,135.0,183.0,84.0,428.0,0.0,171.0,167.0,-503.0
-212.0,-476.0,164.0,131.0,97.0,396.0,4.0,260.0,200.0,-549.0
-231.0,-423.0,174.0,82.0,76.0,388.0,48.0,389.0,228.0,-559.0
-248.0,-329.0,197.0,23.0,25.0,363.0,129.0,349.0,231.0,-571.0
-272.0,-242.0,204.0,-44.0,-33.0,388.0,165.0,428.0,230.0,-609.0
-277.0,-130.0,230.0,-100.0,-77.0,506.0,114.0,424.0,221.0,-609.0
-278.0,32.0,250.0,-122.0,-98.0,533.0,38.0,375.0,203.0,-603.0
-270.0,179.0,251.0,-140.0,-105.0,465.0,43.0,400.0,180.0,-608.0
-245.0,233.0,287.0,-134.0,-111.0,361.0,124.0,375.0,148.0,-589.0
-211.0,209.0,267.0,-113.0,-128.0,380.0,127.0,487.0,121.0,-540.0
-181.0,200.0,277.0,-103.0,-152.0,482.0,35.0,371.0,88.0,-474.0
-161.0,226.0,276.0,-101.0,-168.0,493.0,-98.0,382.0,59.0,-427.0
-142.0,245.0,242.0,-81.0,-167.0,527.0,-152.0,484.0,39.0,-371.0
-119.0,244.0,267.0,-32.0,-154.0,546.0,-171.0,423.0,20.0,-290.0
-84.0,176.0,245.0,56.0,-142.0,519.0,-220.0,434.0,1.0,-224.0
-57.0,26.0,241.0,155.0,-138.0,477.0,-198.0,293.0,-23.0,-190.0
-19.0,-122.0,227.0,212.0,-141.0,416.0,-112.0,319.0,-48.0,-130.0
22.0,-224.0,169.0,236.0,-151.0,425.0,-23.0,266.0,-79.0,-74.0
52.0,-323.0,145.0,221.0,-153.0,399.0,-1.0,173.0,-103.0,-61.0
89.0,-447.0,87.0,207.0,-146.0,373.0,17.0,201.0,-110.0,-33.0
123.0,-568.0,34.0,190.0,-122.0,513.0,17.0,129.0,-118.0,19.0
165.0,-618.0,-6.0,159.0,-85.0,574.0,4.0,212.0,-121.0,70.0
202.0,-554.0,-55.0,121.0,-49.0,497.0,62.0,157.0,-138.0,106.0
234.0,-443.0,-139.0,68.0,-25.0,471.0,26.0,140.0,-144.0,162.0
272.0,-379.0,-206.0,24.0,-26.0,450.0,-95.0,142.0,-162.0,246.0
298.0,-368.0,-248.0,-6.0,-47.0,483.0,-164.0,75.0,-206.0,324.0
326.0,-394.0,-333.0,-24.0,-75.0,457.0,-148.0,136.0,-249.0,394.0
337.0,-446.0,-362.0,-50.0,-95.0,424.0,-109.0,88.0,-310.0,484.0
327.0,-430.0,-400.0,-100.0,-100.0,491.0,-79.0,168.0,-351.0,573.0
325.0,-309.0,-420.0,-137.0,-88.0,444.0,-48.0,166.0,-394.0,612.0
332.0,-173.0,-423.0,-156.0,-59.0,400.0,-24.0,206.0,-423.0,642.0
326.0,-94.0,-429.0,-166.0,-21.0,395.0,14.0,354.0,-431.0,684.0
309.0,-56.0,-407.0,-151.0,18.0,369.0,51.0,288.0,-436.0,703.0
285.0,-32.0,-406.0,-113.0,48.0,351.0,60.0,280.0,-409.0,688.0
261.0,-19.0,-396.0,-57.0,64.0,315.0,-40.0,70.0,-392.0,659.0
234.0,15.0,-370.0,3.0,59.0,325.0,-122.0,-86.0,-391.0,627.0
185.0,101.0,-326.0,38.0,35.0,365.0,-91.0,-181.0,-379.0,571.0
159.0,219.0,-282.0,38.0,9.0,349.0,-85.0,-358.0,-359.0,479.0
140.0,310.0,-233.0,27.0,-2.0,325.0,-16.0,-284.0,-334.0,420.0
117.0,328.0,-201.0,0.0,5.0,311.0,91.0,-249.0,-279.0,400.0
89.0,264.0,-160.0,-41.0,25.0,212.0,141.0,-94.0,-205.0,354.0
50.0,135.0,-128.0,-60.0,45.0,175.0,135.0,49.0,-135.0,321.0
27.0,4.0,-88.0,-100.0,56.0,239.0,93.0,153.0,-61.0,307.0
-8.0,-52.0,-30.0,-169.0,58.0,283.0,96.0,219.0,21.0,281.0
-40.0,-30.0,7.0,-253.0,53.0,201.0,126.0,125.0,105.0,222.0
-71.0,38.0,66.0,-346.0,44.0,86.0,131.0,129.0,185.0,152.0
-94.0,100.0,95.0,-418.0,38.0,157.0,41.0,-18.0,266.0,112.0
-109.0,92.0,126.0,-481.0,35.0,184.0,-79.0,-5.0,352.0,41.0
-123.0,34.0,139.0,-556.0,31.0,122.0,-132.0,18.0,435.0,-64.0
-123.0,24.0,149.0,-620.0,31.0,123.0,-109.0,-31.0,503.0,-148.0
-128.0,100.0,177.0,-629.0,33.0,151.0,-27.0,81.0,552.0,-219.0
-127.0,165.0,175.0,-612.0,30.0,226.0,53.0,60.0,590.0,-310.0
-123.0,182.0,199.0,-594.0,27.0,258.0,144.0,164.0,619.0,-400.0
-105.0,188.0,198.0,-532.0,38.0,334.0,162.0,175.0,632.0,-447.0
-83.0,182.0,185.0,-451.0,65.0,463.0,118.0,186.0,645.0,-504.0
-54.0,110.0,174.0,-365.0,93.0,417.0,121.0,203.0,645.0,-597.0
-22.0,-49.0,134.0,-267.0,109.0,304.0,109.0,110.0,625.0,-665.0
5.0,-210.0,114.0,-183.0,117.0,275.0,44.0,162.0,581.0,-716.0
39.0,-335.0,97.0,-86.0,122.0,313.0,-19.0,66.0,501.0,-807.0
59.0,-449.0,55.0,-8.0,119.0,351.0,-3.0,140.0,388.0,-901.0
80.0,-558.0,23.0,59.0,99.0,346.0,58.0,210.0,264.0,-954.0
98.0,-621.0,-17.0,138.0,75.0,340.0,86.0,247.0,139.0,-1005.0
114.0,-613.0,-74.0,200.0,64.0,309.0,60.0,450.0,0.0,-1051.0
136.0,-510.0,-96.0,245.0,65.0,277.0,6.0,415.0,-116.0,-1064.0
165.0,-309.0,-152.0,250.0,69.0,335.0,-23.0,443.0,-206.0,-1045.0
191.0,-65.0,-188.0,245.0,64.0,315.0,-3.0,473.0,-276.0,-1027.0
206.0,232.0,-173.0,245.0,44.0,240.0,30.0,421.0,-307.0,-1009.0
219.0,557.0,-202.0,224.0,10.0,265.0,-12.0,334.0,-323.0,-949.0
223.0,830.0,-199.0,198.0,-18.0,295.0,-134.0,325.0,-308.0,-881.0
213.0,997.0,-179.0,130.0,-27.0,272.0,-218.0,400.0,-270.0,-819.0
210.0,1062.0,-188.0,60.0,-13.0,170.0,-194.0,225.0,-201.0,-721.0
209.0,1060.0,-177.0,17.0,13.0,183.0,-113.0,195.0,-104.0,-589.0
217.0,1042.0,-177.0,-20.0,43.0,227.0,-84.0,83.0,-7.0,-464.0
248.0,986.0,-163.0,-54.0,58.0,125.0,-109.0,-24.0,108.0,-349.0
268.0,828.0,-132.0,-71.0,42.0,106.0,-162.0,51.0,211.0,-238.0
299.0,641.0,-129.0,-67.0,9.0,257.0,-211.0,-99.0,309.0,-138.0
317.0,495.0,-103.0,-69.0,-28.0,468.0,-189.0,-90.0,391.0,-63.0
335.0,391.0,-83.0,-29.0,-54.0,417.0,-134.0,-177.0,458.0,-8.0
364.0,326.0,-69.0,23.0,-58.0,223.0,-97.0,-184.0,535.0,66.0
384.0,255.0,-28.0,90.0,-56.0,234.0,-94.0,-86.0,583.0,140.0
416.0,99.0,2.0,183.0,-56.0,332.0,-138.0,-190.0,626.0,165.0
435.0,-129.0,57.0,258.0,-67.0,271.0,-199.0,-184.0,655.0,198.0
456.0,-364.0,102.0,313.0,-100.0,98.0,-180.0,-297.0,646.0,258.0
462.0,-554.0,133.0,351.0,-143.0,70.0,-102.0,-251.0,612.0,278.0
463.0,-629.0,183.0,400.0,-178.0,136.0,-79.0,-157.0,528.0,286.0
454.0,-628.0,212.0,418.0,-193.0,182.0,-93.0,-127.0,419.0,306.0
447.0,-616.0,244.0,402.0,-185.0,234.0,-125.0,-59.0,301.0,321.0
446.0,-568.0,282.0,397.0,-171.0,242.0,-152.0,-195.0,182.0,322.0
425.0,-420.0,296.0,390.0,-164.0,148.0,-182.0,-190.0,76.0,310.0
416.0,-131.0,310.0,374.0,-160.0,71.0,-229.0,-208.0,-23.0,304.0
398.0,210.0,321.0,388.0,-155.0,128.0,-226.0,-216.0,-127.0,300.0
381.0,437.0,309.0,382.0,-147.0,227.0,-178.0,-116.0,-232.0,286.0
344.0,479.0,282.0,334.0,-142.0,246.0,-134.0,-51.0,-328.0,268.0
305.0,438.0,260.0,304.0,-139.0,233.0,-112.0,116.0,-434.0,281.0
258.0,397.0,212.0,266.0,-125.0,234.0,-73.0,175.0,-544.0,295.0
207.0,349.0,174.0,213.0,-95.0,194.0,-25.0,162.0,-638.0,298.0
156.0,226.0,145.0,162.0,-62.0,148.0,28.0,94.0,-718.0,339.0
92.0,-3.0,75.0,125.0,-37.0,201.0,103.0,48.0,-771.0,386.0
64.0,-285.0,48.0,92.0,-27.0,330.0,124.0,3.0,-801.0,418.0
26.0,-536.0,13.0,44.0,-27.0,306.0,89.0,-20.0,-809.0,439.0
12.0,-618.0,-54.0,-10.0,-29.0,165.0,67.0,162.0,-805.0,464.0
4.0,-513.0,-81.0,-83.0,-26.0,136.0,80.0,188.0,-791.0,490.0
-9.0,-362.0,-133.0,-177.0,-6.0,130.0,106.0,181.0,-758.0,475.0
-17.0,-239.0,-170.0,-266.0,34.0,33.0,173.0,110.0,-716.0,438.0
-37.0,-122.0,-178.0,-332.0,81.0,-94.0,246.0,-25.0,-661.0,395.0
-40.0,-2.0,-223.0,-380.0,120.0,-86.0,202.0,72.0,-602.0,324.0
-50.0,143.0,-229.0,-420.0,145.0,41.0,101.0,48.0,-523.0,234.0
-55.0,370.0,-259.0,-439.0,157.0,60.0,37.0,9.0,-434.0,154.0
-58.0,573.0,-283.0,-470.0,157.0,22.0,43.0,-14.0,-360.0,87.0
-62.0,613.0,-256.0,-531.0,144.0,-14.0,136.0,-96.0,-279.0,23.0
-71.0,486.0,-253.0,-554.0,122.0,-71.0,246.0,-147.0,-200.0,-12.0
-96.0,288.0,-219.0,-548.0,101.0,-98.0,275.0,-221.0,-116.0,-15.0
-106.0,160.0,-191.0,-544.0,94.0,-70.0,204.0,-136.0,-18.0,-11.0
-103.0,100.0,-153.0,-529.0,105.0,10.0,136.0,-38.0,74.0,-1.0
-97.0,51.0,-125.0,-508.0,124.0,-9.0,138.0,97.0,156.0,33.0
-94.0,20.0,-105.0,-467.0,140.0,-85.0,162.0,164.0,223.0,98.0
-87.0,2.0,-57.0,-415.0,148.0,-15.0,140.0,138.0,272.0,177.0
-71.0,-15.0,-31.0,-365.0,146.0,88.0,46.0,138.0,294.0,272.0
-52.0,-34.0,14.0,-317.0,140.0,93.0,-50.0,-77.0,307.0,402.0
-44.0,-128.0,57.0,-269.0,134.0,41.0,-46.0,-175.0,324.0,508.0
-34.0,-434.0,101.0,-195.0,130.0,20.0,65.0,-245.0,329.0,564.0
-12.0,-828.0,133.0,-124.0,127.0,83.0,157.0,-297.0,327.0,613.0
0.0,-1054.0,178.0,-79.0,123.0,124.0,106.0,-247.0,322.0,642.0
8.0,-1074.0,221.0,-34.0,109.0,163.0,-18.0,-310.0,305.0,615.0
19.0,-950.0,237.0,22.0,91.0,110.0,-95.0,-275.0,285.0,543.0
35.0,-697.0,274.0,99.0,76.0,-21.0,-142.0,-358.0,265.0,479.0
56.0,-373.0,285.0,165.0,68.0,-33.0,-137.0,-328.0,238.0,383.0
75.0,-95.0,302.0,211.0,67.0,-42.0,-79.0,-236.0,207.0,245.0
103.0,111.0,308.0,231.0,67.0,-50.0,-51.0,-242.0,175.0,118.0
117.0,290.0,306.0,220.0,63.0,-95.0,-50.0,-134.0,146.0,4.0
137.0,439.0,318.0,200.0,60.0,-52.0,-93.0,-234.0,129.0,-94.0
158.0,534.0,286.0,167.0,65.0,159.0,-93.0,-262.0,110.0,-190.0
160.0,595.0,266.0,162.0,77.0,218.0,-22.0,-273.0,90.0,-249.0
182.0,640.0,256.0,152.0,82.0,60.0,-51.0,-299.0,60.0,-304.0
196.0,659.0,195.0,130.0,72.0,-121.0,-146.0,-242.0,24.0,-367.0
208.0,648.0,174.0,162.0,55.0,-41.0,-246.0,-251.0,-3.0,-409.0
219.0,608.0,136.0,170.0,30.0,120.0,-339.0,-129.0,-43.0,-463.0
222.0,557.0,82.0,183.0,11.0,81.0,-358.0,-97.0,-67.0,-518.0
246.0,491.0,59.0,250.0,-3.0,-31.0,-306.0,-70.0,-76.0,-577.0
255.0,355.0,9.0,306.0,-18.0,-71.0,-282.0,-140.0,-82.0,-642.0
262.0,158.0,-13.0,332.0,-30.0,27.0,-329.0,-182.0,-85.0,-694.0
261.0,15.0,-29.0,346.0,-43.0,160.0,-354.0,-66.0,-91.0,-736.0
263.0,0.0,-43.0,353.0,-47.0,166.0,-325.0,-86.0,-79.0,-760.0
265.0,57.0,-58.0,321.0,-36.0,52.0,-250.0,118.0,-69.0,-760.0
253.0,84.0,-47.0,271.0,-10.0,-98.0,-182.0,190.0,-54.0,-743.0
258.0,20.0,-59.0,235.0,29.0,-109.0,-249.0,221.0,-32.0,-730.0
249.0,-47.0,-74.0,176.0,64.0,95.0,-372.0,271.0,-16.0,-731.0
241.0,-37.0,-41.0,91.0,81.0,186.0,-394.0,48.0,13.0,-722.0
242.0,12.0,-74.0,21.0,87.0,82.0,-361.0,7.0,33.0,-707.0
249.0,34.0,-52.0,-38.0,90.0,-31.0,-339.0,-97.0,61.0,-701.0
247.0,-6.0,-45.0,-132.0,95.0,-99.0,-356.0,-144.0,95.0,-649.0
251.0,-84.0,-62.0,-216.0,102.0,24.0,-389.0,-118.0,104.0,-552.0
263.0,-172.0,-33.0,-264.0,101.0,149.0,-393.0,-173.0,109.0,-471.0
257.0,-224.0,-71.0,-304.0,91.0,84.0,-395.0,-120.0,93.0,-414.0
248.0,-169.0,-52.0,-306.0,77.0,-35.0,-403.0,-121.0,63.0,-326.0
232.0,-3.0,-44.0,-285.0,60.0,-144.0,-424.0,-97.0,34.0,-230.0
223.0,145.0,-58.0,-233.0,44.0,-104.0,-428.0,-149.0,0.0,-175.0
213.0,165.0,-24.0,-181.0,21.0,10.0,-379.0,-166.0,-25.0,-94.0
206.0,121.0,-25.0,-131.0,-10.0,14.0,-333.0,-177.0,-38.0,-8.0
200.0,78.0,-6.0,-82.0,-43.0,-66.0,-348.0,-190.0,-38.0,65.0
204.0,56.0,11.0,-52.0,-69.0,-79.0,-368.0,-103.0,-31.0,158.0
210.0,51.0,13.0,-7.0,-76.0,137.0,-366.0,-155.0,-19.0,256.0
208.0,72.0,21.0,25.0,-62.0,245.0,-361.0,-77.0,-11.0,361.0
197.0,144.0,16.0,76.0,-41.0,24.0,-362.0,-57.0,-7.0,448.0
188.0,180.0,5.0,133.0,-24.0,-139.0,-377.0,-73.0,-2.0,533.0
190.0,109.0,13.0,176.0,-14.0,-83.0,-317.0,-51.0,10.0,620.0
160.0,11.0,-6.0,197.0,-13.0,2.0,-248.0,-140.0,22.0,690.0
128.0,14.0,-23.0,201.0,-23.0,27.0,-255.0,-64.0,21.0,746.0
103.0,152.0,-35.0,209.0,-38.0,91.0,-288.0,-90.0,4.0,812.0
99.0,323.0,-89.0,213.0,-51.0,208.0,-334.0,-79.0,-29.0,882.0
105.0,348.0,-106.0,253.0,-63.0,237.0,-363.0,-12.0,-69.0,908.0
116.0,171.0,-127.0,277.0,-74.0,215.0,-386.0,-40.0,-114.0,931.0
127.0,-69.0,-174.0,276.0,-80.0,281.0,-380.0,-24.0,-142.0,946.0
130.0,-254.0,-197.0,255.0,-79.0,296.0,-310.0,-140.0,-171.0,920.0
136.0,-375.0,-238.0,243.0,-70.0,206.0,-247.0,-129.0,-200.0,891.0
118.0,-433.0,-286.0,271.0,-62.0,150.0,-221.0,-145.0,-210.0,847.0
96.0,-383.0,-327.0,301.0,-51.0,204.0,-196.0,-173.0,-238.0,789.0
73.0,-272.0,-371.0,301.0,-25.0,283.0,-233.0,-118.0,-270.0,715.0
83.0,-206.0,-387.0,252.0,11.0,177.0,-326.0,-229.0,-284.0,627.0
97.0,-239.0,-407.0,197.0,40.0,68.0,-327.0,-140.0,-287.0,546.0
106.0,-383.0,-396.0,85.0,50.0,137.0,-219.0,-107.0,-275.0,445.0
143.0,-545.0,-403.0,-49.0,45.0,220.0,-145.0,-110.0,-237.0,339.0
175.0,-609.0,-414.0,-149.0,38.0,214.0,-218.0,-99.0,-194.0,242.0
194.0,-538.0,-386.0,-274.0,38.0,202.0,-291.0,-205.0,-138.0,159.0
213.0,-409.0,-386.0,-356.0,47.0,236.0,-277.0,-97.0,-74.0,82.0
248.0,-286.0,-332.0,-404.0,66.0,165.0,-244.0,-97.0,-31.0,3.0
279.0,-157.0,-275.0,-462.0,87.0,103.0,-202.0,-48.0,14.0,-16.0
304.0,-20.0,-217.0,-489.0,106.0,162.0,-227.0,-57.0,60.0,-11.0
317.0,131.0,-142.0,-466.0,121.0,248.0,-326.0,-68.0,101.0,10.0
335.0,269.0,-74.0,-421.0,130.0,192.0,-420.0,53.0,154.0,70.0
347.0,417.0,20.0,-387.0,129.0,100.0,-405.0,-77.0,212.0,124.0
362.0,599.0,107.0,-345.0,123.0,182.0,-330.0,-29.0,267.0,169.0
383.0,670.0,194.0,-305.0,124.0,199.0,-299.0,-73.0,334.0,218.0
390.0,504.0,269.0,-283.0,135.0,137.0,-288.0,-79.0,396.0,253.0
403.0,183.0,320.0,-266.0,149.0,73.0,-339.0,-42.0,447.0,274.0
398.0,-86.0,376.0,-242.0,149.0,54.0,-434.0,-254.0,491.0,277.0
389.0,-181.0,420.0,-204.0,138.0,63.0,-462.0,-284.0,510.0,285.0
359.0,-142.0,439.0,-173.0,126.0,71.0,-366.0,-393.0,509.0,306.0
326.0,-65.0,475.0,-122.0,122.0,177.0,-254.0,-332.0,489.0,304.0
307.0,4.0,492.0,-63.0,118.0,150.0,-181.0,-214.0,448.0,321.0
278.0,15.0,498.0,-8.0,109.0,16.0,-126.0,-166.0,386.0,350.0
250.0,-68.0,502.0,43.0,94.0,-23.0,-172.0,-60.0,322.0,346.0
222.0,-186.0,476.0,68.0,61.0,25.0,-229.0,-81.0,244.0,344.0
187.0,-235.0,463.0,89.0,20.0,12.0,-208.0,29.0,158.0,320.0
153.0,-225.0,403.0,114.0,-21.0,-96.0,-148.0,11.0,79.0,269.0
130.0,-229.0,357.0,144.0,-62.0,-133.0,-140.0,11.0,-8.0,198.0
101.0,-214.0,302.0,170.0,-91.0,-136.0,-224.0,79.0,-88.0,91.0
76.0,-108.0,223.0,204.0,-111.0,-143.0,-292.0,-1.0,-165.0,1.0
43.0,79.0,178.0,264.0,-122.0,-116.0,-264.0,1.0,-230.0,-83.0
9.0,286.0,85.0,314.0,-124.0,23.0,-99.0,-49.0,-288.0,-183.0
-23.0,448.0,17.0,353.0,-121.0,98.0,3.0,-75.0,-321.0,-243.0
-62.0,532.0,-32.0,388.0,-122.0,-37.0,-85.0,-118.0,-319.0,-286.0
-84.0,550.0,-122.0,404.0,-133.0,-102.0,-241.0,-166.0,-321.0,-326.0
-99.0,541.0,-180.0,397.0,-145.0,-38.0,-348.0,-144.0,-307.0,-357.0
-121.0,594.0,-241.0,381.0,-157.0,-48.0,-316.0,-75.0,-297.0,-367.0
-132.0,649.0,-325.0,335.0,-162.0,-208.0,-190.0,96.0,-295.0,-344.0
-132.0,498.0,-363.0,269.0,-158.0,-326.0,-87.0,107.0,-291.0,-351.0
-153.0,127.0,-423.0,197.0,-151.0,-284.0,-31.0,177.0,-284.0,-358.0
-165.0,-252.0,-486.0,124.0,-139.0,-203.0,-50.0,79.0,-259.0,-332.0
-172.0,-467.0,-515.0,58.0,-118.0,-188.0,-222.0,-46.0,-216.0,-342.0
-169.0,-541.0,-574.0,-14.0,-88.0,-204.0,-391.0,1.0,-144.0,-383.0
-161.0,-534.0,-596.0,-74.0,-56.0,-170.0,-322.0,-260.0,-57.0,-399.0
-155.0,-481.0,-595.0,-138.0,-24.0,-214.0,-84.0,-284.0,40.0,-383.0
-146.0,-441.0,-598.0,-168.0,7.0,-303.0,6.0,-319.0,148.0,-399.0
-150.0,-435.0,-584.0,-166.0,36.0,-255.0,-131.0,-421.0,255.0,-414.0
-146.0,-456.0,-544.0,-173.0,54.0,-142.0,-268.0,-362.0,349.0,-395.0
-146.0,-487.0,-484.0,-200.0,61.0,-64.0,-289.0,-400.0,433.0,-371.0
-140.0,-456.0,-435.0,-211.0,63.0,-65.0,-217.0,-245.0,508.0,-368.0
-118.0,-252.0,-372.0,-187.0,66.0,-125.0,-226.0,-179.0,568.0,-369.0
-106.0,76.0,-304.0,-144.0,65.0,-139.0,-346.0,-101.0,605.0,-346.0
-96.0,394.0,-232.0,-67.0,53.0,-65.0,-437.0,-7.0,612.0,-362.0
-78.0,713.0,-174.0,17.0,45.0,22.0,-429.0,66.0,587.0,-381.0
-81.0,1114.0,-118.0,95.0,48.0,37.0,-298.0,184.0,533.0,-374.0
-73.0,1532.0,-65.0,147.0,57.0,22.0,-169.0,105.0,459.0,-347.0
-63.0,1723.0,-37.0,210.0,66.0,57.0,-140.0,173.0,372.0,-308.0
-53.0,1575.0,6.0,272.0,70.0,118.0,-252.0,97.0,291.0,-259.0
-25.0,1233.0,26.0,304.0,74.0,91.0,-416.0,-24.0,210.0,-155.0
-8.0,836.0,53.0,334.0,80.0,-89.0,-426.0,16.0,125.0,-51.0
19.0,413.0,91.0,330.0,78.0,-140.0,-265.0,1.0,44.0,22.0
39.0,-16.0,97.0,294.0,60.0,-14.0,-69.0,149.0,-31.0,82.0
66.0,-426.0,115.0,277.0,27.0,-16.0,-38.0,158.0,-103.0,169.0
85.0,-752.0,125.0,238.0,-5.0,-77.0,-232.0,120.0,-168.0,225.0
106.0,-909.0,123.0,227.0,-18.0,-109.0,-402.0,60.0,-219.0,229.0
137.0,-932.0,124.0,233.0,-2.0,-76.0,-367.0,-44.0,-257.0,267.0
157.0,-937.0,127.0,198.0,31.0,18.0,-213.0,5.0,-282.0,293.0
181.0,-947.0,117.0,182.0,61.0,157.0,-119.0,-3.0,-304.0,278.0
181.0,-917.0,113.0,162.0,81.0,292.0,-144.0,46.0,-333.0,277.0
185.0,-860.0,114.0,160.0,84.0,178.0,-249.0,35.0,-362.0,308.0
178.0,-823.0,96.0,141.0,65.0,-3.0,-335.0,112.0,-393.0,347.0
176.0,-731.0,107.0,117.0,33.0,-52.0,-286.0,210.0,-426.0,377.0
177.0,-477.0,92.0,82.0,3.0,-7.0,-215.0,127.0,-467.0,442.0
175.0,-152.0,80.0,23.0,-17.0,36.0,-253.0,79.0,-511.0,532.0
169.0,76.0,78.0,-16.0,-25.0,-62.0,-299.0,-140.0,-547.0,582.0
157.0,179.0,53.0,-33.0,-22.0,-101.0,-222.0,-212.0,-564.0,632.0
135.0,225.0,58.0,-53.0,-13.0,27.0,-99.0,-227.0,-557.0,709.0
98.0,255.0,49.0,-112.0,-2.0,105.0,-51.0,-227.0,-529.0,755.0
72.0,303.0,47.0,-146.0,5.0,79.0,-40.0,-118.0,-481.0,760.0
33.0,373.0,45.0,-169.0,11.0,7.0,-20.0,-57.0,-418.0,782.0
17.0,399.0,29.0,-163.0,22.0,-15.0,7.0,105.0,-343.0,821.0
-18.0,296.0,40.0,-155.0,42.0,29.0,51.0,51.0,-265.0,810.0
-57.0,117.0,42.0,-156.0,64.0,10.0,81.0,-1.0,-181.0,776.0
-88.0,-12.0,47.0,-136.0,80.0,-47.0,55.0,-155.0,-97.0,739.0
-134.0,-26.0,59.0,-154.0,87.0,-87.0,-29.0,-354.0,-22.0,672.0
-160.0,139.0,65.0,-159.0,78.0,-62.0,-46.0,-419.0,60.0,567.0
-188.0,418.0,67.0,-142.0,54.0,29.0,32.0,-593.0,146.0,458.0
-201.0,675.0,92.0,-116.0,17.0,116.0,43.0,-550.0,205.0,402.0
-223.0,875.0,88.0,-112.0,-26.0,105.0,5.0,-633.0,241.0,324.0
-231.0,991.0,64.0,-128.0,-59.0,-1.0,-32.0,-626.0,251.0,241.0
-227.0,972.0,101.0,-123.0,-62.0,-40.0,-23.0,-502.0,236.0,204.0
-224.0,815.0,60.0,-133.0,-32.0,-71.0,74.0,-561.0,214.0,178.0
-214.0,555.0,58.0,-141.0,8.0,-121.0,120.0,-421.0,202.0,147.0
-203.0,237.0,65.0,-155.0,44.0,-164.0,67.0,-404.0,179.0,104.0
-182.0,-26.0,2.0,-191.0,71.0,-148.0,33.0,-360.0,156.0,87.0
-162.0,-143.0,-3.0,-184.0,89.0,-69.0,47.0,-328.0,148.0,60.0
-152.0,-171.0,-55.0,-147.0,102.0,-35.0,50.0,-436.0,114.0,-3.0
-151.0,-210.0,-88.0,-87.0,106.0,-55.0,109.0,-445.0,89.0,-52.0
-138.0,-271.0,-128.0,-17.0,103.0,-100.0,232.0,-484.0,60.0,-63.0
-113.0,-325.0,-180.0,43.0,96.0,-100.0,294.0,-406.0,33.0,-94.0
-66.0,-373.0,-200.0,103.0,88.0,-140.0,222.0,-417.0,30.0,-124.0
-26.0,-412.0,-231.0,145.0,75.0,-170.0,90.0,-380.0,-1.0,-109.0
5.0,-480.0,-253.0,200.0,50.0,-186.0,85.0,-356.0,-25.0,-108.0
44.0,-617.0,-266.0,230.0,21.0,-279.0,240.0,-400.0,-47.0,-121.0
70.0,-737.0,-230.0,233.0,-9.0,-281.0,395.0,-221.0,-78.0,-126.0
92.0,-776.0,-205.0,234.0,-42.0,-199.0,349.0,-210.0,-83.0,-111.0
97.0,-782.0,-171.0,235.0,-71.0,-214.0,143.0,-116.0,-103.0,-114.0
113.0,-754.0,-125.0,231.0,-83.0,-290.0,71.0,-25.0,-115.0,-137.0
128.0,-647.0,-86.0,191.0,-81.0,-271.0,290.0,-99.0,-111.0,-124.0
129.0,-441.0,-31.0,147.0,-80.0,-135.0,527.0,-14.0,-109.0,-124.0
132.0,-179.0,-2.0,108.0,-87.0,-100.0,476.0,42.0,-92.0,-166.0
128.0,109.0,41.0,54.0,-95.0,-265.0,272.0,77.0,-88.0,-202.0
122.0,471.0,92.0,5.0,-93.0,-363.0,207.0,-44.0,-92.0,-219.0
114.0,827.0,109.0,-2.0,-90.0,-316.0,310.0,-133.0,-83.0,-244.0
111.0,1062.0,149.0,0.0,-88.0,-211.0,409.0,-253.0,-77.0,-282.0
104.0,1140.0,188.0,17.0,-82.0,-183.0,464.0,-397.0,-60.0,-291.0
105.0,1040.0,179.0,42.0,-62.0,-249.0,512.0,-303.0,-22.0,-288.0
106.0,841.0,196.0,71.0,-28.0,-269.0,518.0,-434.0,23.0,-292.0
86.0,599.0,189.0,64.0,2.0,-254.0,447.0,-349.0,81.0,-290.0
64.0,320.0,179.0,76.0,15.0,-173.0,406.0,-160.0,148.0,-264.0
33.0,41.0,171.0,62.0,13.0,-117.0,495.0,-131.0,200.0,-217.0
5.0,-218.0,103.0,40.0,4.0,-146.0,629.0,94.0,237.0,-184.0
-23.0,-408.0,75.0,51.0,-7.0,-192.0,649.0,129.0,269.0,-132.0
-46.0,-470.0,21.0,25.0,-13.0,-221.0,537.0,125.0,288.0,-48.0
-65.0,-438.0,-39.0,77.0,-15.0,-146.0,405.0,1.0,302.0,25.0
-98.0,-434.0,-46.0,60.0,-13.0,-87.0,391.0,-186.0,314.0,87.0
-130.0,-512.0,-102.0,31.0,-10.0,-134.0,529.0,-242.0,319.0,142.0
-170.0,-600.0,-113.0,10.0,-14.0,-142.0,571.0,-321.0,322.0,195.0
-197.0,-594.0,-132.0,-20.0,-25.0,-125.0,421.0,-295.0,313.0,222.0
-234.0,-435.0,-147.0,-1.0,-36.0,-180.0,244.0,-301.0,303.0,227.0
-259.0,-160.0,-128.0,-45.0,-41.0,-225.0,208.0,-134.0,291.0,235.0
-265.0,145.0,-153.0,-18.0,-32.0,-139.0,337.0,-24.0,272.0,248.0
-272.0,427.0,-122.0,5.0,-12.0,-50.0,452.0,-42.0,249.0,235.0
-263.0,678.0,-129.0,31.0,13.0,-73.0,470.0,36.0,228.0,217.0
-263.0,880.0,-123.0,58.0,42.0,-87.0,377.0,-14.0,201.0,245.0
-243.0,985.0,-108.0,48.0,63.0,-14.0,245.0,-3.0,169.0,273.0
-234.0,980.0,-121.0,53.0,75.0,14.0,190.0,-84.0,145.0,312.0
-222.0,980.0,-108.0,2.0,89.0,-68.0,229.0,-131.0,121.0,386.0
-205.0,1048.0,-102.0,-6.0,108.0,-84.0,301.0,-184.0,118.0,489.0
-184.0,1115.0,-83.0,-48.0,128.0,24.0,349.0,-247.0,126.0,578.0
-146.0,1213.0,-88.0,-110.0,143.0,81.0,335.0,-194.0,124.0,637.0
-124.0,1311.0,-44.0,-138.0,149.0,33.0,215.0,-389.0,117.0,711.0
-108.0,1236.0,-12.0,-186.0,138.0,77.0,92.0,-386.0,88.0,760.0
-108.0,924.0,19.0,-217.0,113.0,173.0,32.0,-360.0,62.0,777.0
-113.0,499.0,79.0,-258.0,82.0,132.0,42.0,-351.0,30.0,778.0
-137.0,89.0,90.0,-274.0,60.0,28.0,117.0,-227.0,-12.0,782.0
-164.0,-289.0,136.0,-276.0,62.0,-39.0,116.0,-291.0,-52.0,776.0
-188.0,-600.0,162.0,-270.0,78.0,-28.0,26.0,-201.0,-92.0,745.0
-214.0,-828.0,190.0,-273.0,92.0,-41.0,-51.0,-227.0,-132.0,709.0
-233.0,-1021.0,231.0,-266.0,95.0,-56.0,-21.0,-286.0,-181.0,650.0
-269.0,-1163.0,258.0,-236.0,84.0,80.0,42.0,-188.0,-224.0,564.0
-302.0,-1171.0,281.0,-188.0,62.0,174.0,4.0,-157.0,-262.0,456.0
-326.0,-1046.0,276.0,-118.0,38.0,106.0,-71.0,-72.0,-295.0,379.0
-357.0,-896.0,290.0,-57.0,21.0,6.0,-137.0,-14.0,-317.0,312.0
-384.0,-755.0,285.0,-10.0,16.0,-16.0,-229.0,29.0,-325.0,228.0
-397.0,-586.0,276.0,44.0,23.0,31.0,-316.0,53.0,-331.0,178.0
-396.0,-345.0,282.0,94.0,38.0,20.0,-261.0,84.0,-347.0,153.0
-380.0,-68.0,290.0,41.0,56.0,37.0,-105.0,36.0,-334.0,123.0
-370.0,118.0,283.0,24.0,75.0,33.0,-22.0,-59.0,-312.0,81.0
-352.0,127.0,249.0,10.0,98.0,-125.0,-47.0,14.0,-300.0,46.0
-336.0,-40.0,262.0,13.0,124.0,-154.0,-152.0,-12.0,-271.0,23.0
-329.0,-292.0,189.0,51.0,141.0,-34.0,-247.0,84.0,-239.0,-4.0
-311.0,-483.0,59.0,47.0,145.0,34.0,-236.0,201.0,-209.0,-41.0
-290.0,-486.0,14.0,96.0,133.0,62.0,-149.0,125.0,-186.0,-51.0
-262.0,-291.0,23.0,111.0,110.0,58.0,-103.0,247.0,-146.0,-51.0
-229.0,0.0,0.0,184.0,86.0,37.0,-96.0,219.0,-112.0,-77.0
-186.0,244.0,-43.0,221.0,67.0,-55.0,-40.0,151.0,-79.0,-73.0
-138.0,315.0,-60.0,209.0,47.0,-181.0,17.0,22.0,-25.0,-44.0
-101.0,165.0,-96.0,230.0,20.0,-150.0,-1.0,-181.0,30.0,-40.0
-56.0,-139.0,-115.0,195.0,-3.0,-29.0,-28.0,-216.0,88.0,-48.0
-4.0,-443.0,-178.0,190.0,-15.0,-18.0,53.0,-297.0,136.0,-56.0
41.0,-614.0,-173.0,173.0,-18.0,-74.0,121.0,-225.0,179.0,-71.0
89.0,-604.0,-173.0,148.0,-18.0,-21.0,69.0,-214.0,225.0,-99.0
111.0,-403.0,-232.0,100.0,-14.0,15.0,-47.0,-168.0,272.0,-130.0
122.0,-62.0,-229.0,21.0,-9.0,-91.0,-130.0,-203.0,315.0,-144.0
130.0,254.0,-279.0,-40.0,-10.0,-155.0,-54.0,-280.0,350.0,-144.0
117.0,454.0,-293.0,-95.0,-20.0,-63.0,85.0,-151.0,382.0,-149.0
102.0,590.0,-317.0,-117.0,-31.0,25.0,153.0,-153.0,405.0,-140.0
82.0,677.0,-324.0,-109.0,-32.0,-22.0,135.0,35.0,425.0,-95.0
60.0,734.0,-359.0,-131.0,-27.0,-107.0,95.0,94.0,443.0,-48.0
29.0,839.0,-411.0,-133.0,-17.0,-90.0,132.0,90.0,434.0,16.0
-12.0,965.0,-407.0,-110.0,-8.0,12.0,171.0,173.0,411.0,101.0
-66.0,937.0,-474.0,-94.0,-11.0,12.0,133.0,138.0,377.0,176.0
-128.0,650.0,-483.0,-63.0,-24.0,-15.0,113.0,243.0,315.0,242.0
-201.0,200.0,-516.0,-35.0,-48.0,-3.0,175.0,169.0,256.0,294.0
-265.0,-256.0,-547.0,15.0,-81.0,-53.0,225.0,94.0,196.0,366.0
-321.0,-590.0,-569.0,48.0,-111.0,-86.0,201.0,-25.0,135.0,422.0
-367.0,-731.0,-556.0,93.0,-134.0,-75.0,172.0,-184.0,80.0,446.0
-398.0,-677.0,-498.0,133.0,-158.0,-22.0,158.0,-186.0,23.0,449.0
-429.0,-453.0,-511.0,145.0,-178.0,-3.0,140.0,-303.0,-19.0,441.0
-429.0,-159.0,-463.0,168.0,-192.0,-45.0,122.0,-240.0,-60.0,414.0
-449.0,41.0,-440.0,179.0,-200.0,-99.0,111.0,-219.0,-98.0,349.0
-473.0,138.0,-406.0,166.0,-208.0,-118.0,139.0,-160.0,-121.0,321.0
-488.0,261.0,-346.0,162.0,-214.0,-111.0,188.0,29.0,-146.0,318.0
-504.0,361.0,-312.0,176.0,-206.0,-91.0,204.0,16.0,-180.0,288.0
-498.0,318.0,-258.0,142.0,-179.0,-119.0,175.0,86.0,-202.0,247.0
-489.0,210.0,-230.0,74.0,-145.0,-214.0,164.0,-27.0,-212.0,237.0
-452.0,149.0,-200.0,-6.0,-118.0,-231.0,224.0,-144.0,-215.0,219.0
-421.0,109.0,-174.0,-95.0,-101.0,-197.0,282.0,-190.0,-210.0,163.0
-387.0,35.0,-143.0,-147.0,-84.0,-133.0,266.0,-206.0,-194.0,101.0
-351.0,-43.0,-131.0,-168.0,-65.0,-162.0,219.0,12.0,-167.0,56.0
-327.0,-100.0,-125.0,-221.0,-48.0,-195.0,206.0,70.0,-119.0,-8.0
-284.0,-94.0,-92.0,-247.0,-28.0,-137.0,207.0,158.0,-50.0,-97.0
-261.0,-9.0,-83.0,-263.0,1.0,-125.0,214.0,151.0,6.0,-147.0
-227.0,74.0,-78.0,-266.0,44.0,-125.0,205.0,110.0,61.0,-187.0
-192.0,87.0,-41.0,-205.0,91.0,-150.0,152.0,121.0,103.0,-239.0
-164.0,29.0,-14.0,-199.0,118.0,-155.0,100.0,-11.0,125.0,-263.0
-129.0,-126.0,24.0,-211.0,115.0,-225.0,62.0,-3.0,146.0,-259.0
-99.0,-392.0,90.0,-272.0,92.0,-354.0,56.0,-38.0,157.0,-271.0
-66.0,-652.0,124.0,-328.0,62.0,-375.0,84.0,-59.0,164.0,-289.0
-49.0,-801.0,189.0,-372.0,22.0,-363.0,117.0,-96.0,157.0,-292.0
-33.0,-786.0,274.0,-434.0,-22.0,-345.0,120.0,-109.0,132.0,-286.0
-26.0,-598.0,313.0,-416.0,-58.0,-304.0,89.0,-79.0,108.0,-302.0
-15.0,-320.0,382.0,-445.0,-84.0,-318.0,68.0,-105.0,69.0,-343.0
-9.0,-54.0,437.0,-463.0,-101.0,-375.0,86.0,-38.0,29.0,-353.0
-16.0,145.0,453.0,-450.0,-106.0,-402.0,139.0,-110.0,1.0,-359.0
-23.0,297.0,510.0,-426.0,-100.0,-336.0,163.0,-38.0,-21.0,-366.0
-46.0,441.0,512.0,-371.0,-79.0,-246.0,149.0,75.0,-50.0,-355.0
-68.0,579.0,514.0,-336.0,-47.0,-251.0,159.0,60.0,-70.0,-293.0
-107.0,700.0,520.0,-283.0,-14.0,-319.0,149.0,83.0,-98.0,-215.0
-162.0,810.0,502.0,-276.0,10.0,-358.0,98.0,-53.0,-135.0,-150.0
-211.0,833.0,510.0,-252.0,13.0,-328.0,45.0,12.0,-164.0,-37.0
-252.0,703.0,465.0,-200.0,2.0,-334.0,19.0,-11.0,-201.0,95.0
-294.0,467.0,462.0,-139.0,-3.0,-363.0,59.0,-29.0,-222.0,203.0
-329.0,177.0,425.0,-81.0,0.0,-300.0,99.0,133.0,-228.0,300.0
-338.0,-77.0,395.0,-65.0,12.0,-229.0,97.0,62.0,-231.0,402.0
-332.0,-200.0,374.0,-28.0,23.0,-293.0,33.0,164.0,-211.0,486.0
-330.0,-216.0,300.0,3.0,30.0,-345.0,-16.0,42.0,-207.0,539.0
-328.0,-224.0,289.0,58.0,45.0,-272.0,8.0,-125.0,-218.0,601.0
-315.0,-278.0,231.0,104.0,67.0,-182.0,51.0,-118.0,-209.0,685.0
-285.0,-355.0,169.0,120.0,89.0,-169.0,81.0,-240.0,-195.0,744.0
-270.0,-406.0,125.0,160.0,103.0,-258.0,63.0,-243.0,-155.0,775.0
-260.0,-419.0,70.0,185.0,109.0,-256.0,45.0,-341.0,-84.0,827.0
-239.0,-418.0,5.0,190.0,113.0,-242.0,43.0,-290.0,-12.0,865.0
-221.0,-389.0,-47.0,192.0,119.0,-255.0,68.0,-295.0,61.0,854.0
-198.0,-302.0,-76.0,191.0,122.0,-171.0,126.0,-362.0,123.0,827.0
-175.0,-173.0,-132.0,197.0,122.0,-141.0,116.0,-203.0,171.0,810.0
-145.0,-46.0,-154.0,217.0,115.0,-206.0,-23.0,-157.0,201.0,754.0
-124.0,34.0,-162.0,203.0,95.0,-258.0,-148.0,-16.0,204.0,662.0
-125.0,39.0,-183.0,190.0,66.0,-244.0,-104.0,20.0,189.0,585.0
-126.0,-18.0,-212.0,206.0,32.0,-231.0,-16.0,-12.0,166.0,513.0
-145.0,-61.0,-211.0,207.0,13.0,-271.0,45.0,3.0,147.0,415.0
-176.0,-40.0,-203.0,228.0,5.0,-307.0,38.0,-49.0,129.0,311.0
-198.0,78.0,-204.0,238.0,2.0,-285.0,-28.0,-62.0,116.0,255.0
-228.0,265.0,-175.0,248.0,4.0,-298.0,-79.0,-57.0,96.0,179.0
-262.0,347.0,-156.0,204.0,6.0,-354.0,-84.0,73.0,59.0,93.0
-292.0,189.0,-131.0,137.0,11.0,-348.0,-26.0,81.0,11.0,31.0
-323.0,-153.0,-96.0,96.0,12.0,-275.0,-3.0,62.0,-39.0,-18.0
-355.0,-499.0,-84.0,31.0,0.0,-217.0,-22.0,18.0,-87.0,-54.0
-400.0,-683.0,-67.0,-26.0,-34.0,-250.0,-44.0,-77.0,-143.0,-96.0
-444.0,-637.0,-32.0,-103.0,-88.0,-301.0,25.0,49.0,-193.0,-86.0
-464.0,-394.0,-25.0,-173.0,-141.0,-335.0,180.0,73.0,-230.0,-70.0
-487.0,-53.0,-8.0,-264.0,-176.0,-361.0,263.0,145.0,-260.0,-67.0
-508.0,298.0,18.0,-303.0,-190.0,-401.0,261.0,238.0,-297.0,-37.0
-523.0,599.0,28.0,-309.0,-188.0,-400.0,179.0,210.0,-336.0,-11.0
-533.0,784.0,53.0,-329.0,-176.0,-324.0,112.0,116.0,-367.0,15.0
-516.0,834.0,76.0,-353.0,-160.0,-298.0,114.0,-92.0,-395.0,26.0
-518.0,773.0,70.0,-427.0,-138.0,-369.0,140.0,-123.0,-408.0,55.0
-511.0,594.0,65.0,-466.0,-111.0,-405.0,169.0,-160.0,-423.0,89.0
-487.0,293.0,71.0,-479.0,-88.0,-325.0,209.0,-110.0,-433.0,104.0
-470.0,-54.0,41.0,-456.0,-67.0,-290.0,247.0,-46.0,-446.0,123.0
-434.0,-311.0,24.0,-435.0,-41.0,-280.0,225.0,-123.0,-456.0,133.0
-392.0,-386.0,23.0,-380.0,-7.0,-352.0,229.0,-16.0,-458.0,126.0
-341.0,-343.0,1.0,-306.0,22.0,-525.0,255.0,-24.0,-465.0,87.0
-298.0,-315.0,0.0,-248.0,43.0,-598.0,230.0,35.0,-461.0,32.0
-247.0,-297.0,-7.0,-176.0,59.0,-530.0,159.0,136.0,-433.0,-19.0
-219.0,-182.0,-22.0,-119.0,70.0,-379.0,73.0,109.0,-386.0,-84.0
-197.0,22.0,-16.0,-39.0,71.0,-381.0,78.0,157.0,-331.0,-154.0
-163.0,217.0,-25.0,12.0,68.0,-402.0,201.0,73.0,-257.0,-225.0
-151.0,359.0,-23.0,59.0,67.0,-402.0,327.0,73.0,-174.0,-301.0
-106.0,382.0,-35.0,110.0,65.0,-481.0,341.0,3.0,-81.0,-367.0
-70.0,243.0,0.0,137.0,56.0,-503.0,272.0,-81.0,8.0,-412.0
-40.0,18.0,14.0,147.0,44.0,-470.0,190.0,-79.0,89.0,-463.0
2.0,-219.0,6.0,158.0,40.0,-405.0,179.0,-184.0,162.0,-514.0
33.0,-423.0,34.0,169.0,40.0,-540.0,247.0,-129.0,216.0,-547.0
62.0,-494.0,-20.0,142.0,37.0,-709.0,270.0,-79.0,262.0,-584.0
86.0,-359.0,24.0,113.0,29.0,-643.0,222.0,51.0,303.0,-609.0
123.0,-129.0,46.0,67.0,17.0,-508.0,151.0,99.0,346.0,-612.0
162.0,42.0,29.0,13.0,5.0,-449.0,132.0,120.0,364.0,-594.0
191.0,126.0,79.0,-52.0,-11.0,-530.0,180.0,186.0,381.0,-560.0
204.0,134.0,3.0,-108.0,-31.0,-577.0,199.0,-1.0,397.0,-502.0
219.0,72.0,-34.0,-114.0,-45.0,-491.0,182.0,-36.0,381.0,-430.0
239.0,-32.0,18.0,-105.0,-41.0,-387.0,181.0,-96.0,372.0,-355.0
242.0,-144.0,-19.0,-87.0,-9.0,-348.0,166.0,-53.0,358.0,-278.0
224.0,-177.0,-81.0,-92.0,41.0,-359.0,120.0,46.0,349.0,-213.0
204.0,-69.0,-80.0,-103.0,98.0,-444.0,109.0,-20.0,344.0,-142.0
212.0,82.0,-104.0,-123.0,144.0,-505.0,163.0,83.0,330.0,-78.0
208.0,138.0,-147.0,-179.0,162.0,-380.0,256.0,96.0,326.0,-7.0
199.0,58.0,-217.0,-221.0,150.0,-211.0,269.0,208.0,301.0,81.0
200.0,-103.0,-226.0,-258.0,121.0,-162.0,166.0,315.0,270.0,147.0
192.0,-247.0,-240.0,-307.0,91.0,-269.0,84.0,279.0,233.0,187.0
174.0,-288.0,-311.0,-372.0,60.0,-370.0,89.0,212.0,181.0,219.0
153.0,-215.0,-308.0,-437.0,29.0,-386.0,140.0,55.0,132.0,249.0
129.0,-138.0,-331.0,-468.0,3.0,-348.0,144.0,97.0,76.0,249.0
103.0,-143.0,-346.0,-471.0,-11.0,-222.0,119.0,73.0,23.0,229.0
86.0,-165.0,-321.0,-449.0,-18.0,-185.0,138.0,136.0,-37.0,223.0
63.0,-127.0,-285.0,-416.0,-27.0,-287.0,133.0,177.0,-104.0,220.0
48.0,-57.0,-271.0,-368.0,-44.0,-335.0,118.0,109.0,-148.0,210.0
21.0,21.0,-262.0,-314.0,-63.0,-260.0,139.0,247.0,-179.0,211.0
1.0,89.0,-204.0,-288.0,-71.0,-168.0,134.0,212.0,-185.0,228.0
-19.0,171.0,-175.0,-249.0,-69.0,-289.0,120.0,254.0,-170.0,239.0
-49.0,348.0,-106.0,-195.0,-60.0,-488.0,95.0,295.0,-154.0,252.0
-64.0,619.0,-30.0,-161.0,-52.0,-400.0,78.0,291.0,-125.0,264.0
-97.0,910.0,3.0,-155.0,-54.0,-285.0,65.0,347.0,-98.0,254.0
-116.0,1116.0,41.0,-169.0,-66.0,-348.0,-10.0,299.0,-72.0,224.0
-147.0,1177.0,81.0,-163.0,-84.0,-399.0,-94.0,303.0,-55.0,169.0
-173.0,1107.0,135.0,-148.0,-95.0,-377.0,-135.0,155.0,-58.0,101.0
-181.0,912.0,151.0,-122.0,-92.0,-332.0,-119.0,55.0,-57.0,8.0
-191.0,627.0,185.0,-71.0,-77.0,-414.0,-79.0,-72.0,-47.0,-93.0
-203.0,366.0,230.0,-23.0,-65.0,-427.0,-1.0,-212.0,-46.0,-184.0
-232.0,211.0,261.0,5.0,-55.0,-350.0,93.0,-162.0,-39.0,-265.0
-259.0,149.0,286.0,26.0,-43.0,-398.0,93.0,-182.0,-31.0,-335.0
-306.0,135.0,331.0,56.0,-22.0,-438.0,7.0,-129.0,-40.0,-388.0
-348.0,102.0,364.0,78.0,0.0,-457.0,-49.0,-190.0,-42.0,-404.0
-394.0,-26.0,358.0,95.0,9.0,-440.0,-9.0,-203.0,-46.0,-408.0
-431.0,-225.0,390.0,46.0,8.0,-420.0,80.0,-168.0,-38.0,-420.0
-461.0,-378.0,374.0,-20.0,4.0,-439.0,149.0,-216.0,-16.0,-411.0
-475.0,-422.0,348.0,-37.0,0.0,-391.0,120.0,-118.0,13.0,-390.0
-483.0,-382.0,333.0,-96.0,5.0,-376.0,55.0,-121.0,55.0,-377.0
-499.0,-312.0,334.0,-145.0,19.0,-484.0,43.0,-48.0,93.0,-386.0
-494.0,-264.0,305.0,-172.0,48.0,-541.0,47.0,-109.0,133.0,-386.0
-490.0,-273.0,283.0,-185.0,83.0,-444.0,31.0,-171.0,155.0,-367.0
-465.0,-296.0,297.0,-171.0,112.0,-363.0,17.0,-53.0,168.0,-365.0
-448.0,-237.0,258.0,-167.0,136.0,-395.0,51.0,-118.0,168.0,-360.0
-412.0,-115.0,273.0,-170.0,153.0,-406.0,71.0,48.0,148.0,-325.0
-365.0,0.0,249.0,-190.0,161.0,-342.0,40.0,66.0,125.0,-279.0
-324.0,57.0,215.0,-216.0,152.0,-446.0,19.0,7.0,88.0,-255.0
-262.0,30.0,193.0,-265.0,128.0,-598.0,71.0,144.0,48.0,-220.0
-208.0,-25.0,135.0,-325.0,103.0,-525.0,158.0,179.0,4.0,-176.0
-145.0,-86.0,127.0,-387.0,88.0,-379.0,179.0,328.0,-33.0,-160.0
-99.0,-152.0,107.0,-442.0,71.0,-360.0,134.0,343.0,-60.0,-149.0
-52.0,-186.0,60.0,-495.0,48.0,-454.0,78.0,349.0,-74.0,-135.0
-7.0,-172.0,31.0,-537.0,20.0,-399.0,77.0,260.0,-67.0,-124.0
35.0,-183.0,17.0,-568.0,-12.0,-350.0,104.0,103.0,-50.0,-119.0
59.0,-309.0,-56.0,-612.0,-46.0,-429.0,103.0,57.0,-27.0,-114.0
80.0,-438.0,-97.0,-613.0,-73.0,-371.0,91.0,-55.0,-12.0,-112.0
122.0,-416.0,-138.0,-567.0,-91.0,-225.0,88.0,153.0,-4.0,-121.0
152.0,-264.0,-184.0,-511.0,-100.0,-185.0,96.0,227.0,3.0,-150.0
176.0,-125.0,-174.0,-446.0,-93.0,-251.0,115.0,264.0,-3.0,-176.0
184.0,-81.0,-215.0,-394.0,-70.0,-267.0,139.0,413.0,-40.0,-189.0
203.0,-66.0,-231.0,-337.0,-43.0,-184.0,157.0,378.0,-62.0,-213.0
190.0,2.0,-238.0,-195.0,-28.0,-141.0,127.0,558.0,-86.0,-231.0
170.0,100.0,-245.0,-59.0,-36.0,-185.0,59.0,563.0,-120.0,-210.0
166.0,132.0,-234.0,21.0,-61.0,-144.0,32.0,506.0,-144.0,-164.0
167.0,82.0,-228.0,98.0,-84.0,-119.0,57.0,419.0,-176.0,-147.0
182.0,-39.0,-208.0,185.0,-87.0,-97.0,95.0,243.0,-203.0,-106.0
188.0,-205.0,-193.0,269.0,-73.0,-48.0,122.0,269.0,-239.0,-62.0
202.0,-347.0,-160.0,317.0,-57.0,-95.0,87.0,240.0,-266.0,-67.0
204.0,-477.0,-141.0,378.0,-48.0,-133.0,2.0,332.0,-302.0,-66.0
205.0,-609.0,-101.0,429.0,-49.0,-154.0,-33.0,369.0,-343.0,-54.0
195.0,-642.0,-68.0,487.0,-56.0,-65.0,-32.0,419.0,-356.0,-35.0
187.0,-543.0,-56.0,498.0,-64.0,18.0,7.0,367.0,-365.0,-51.0
189.0,-441.0,-11.0,518.0,-72.0,-27.0,31.0,77.0,-353.0,-57.0
182.0,-397.0,2.0,519.0,-73.0,-101.0,-10.0,-7.0,-333.0,-29.0
189.0,-349.0,22.0,430.0,-69.0,-140.0,-54.0,-121.0,-298.0,-40.0
206.0,-305.0,50.0,394.0,-61.0,-47.0,-90.0,-59.0,-252.0,-65.0
209.0,-341.0,65.0,328.0,-54.0,14.0,-68.0,25.0,-207.0,-72.0
204.0,-448.0,76.0,289.0,-47.0,-35.0,-36.0,-20.0,-145.0,-72.0
214.0,-535.0,83.0,241.0,-40.0,-102.0,-59.0,3.0,-80.0,-90.0
204.0,-539.0,104.0,200.0,-31.0,-106.0,-115.0,-73.0,-4.0,-117.0
195.0,-413.0,106.0,222.0,-22.0,-68.0,-148.0,-68.0,76.0,-119.0
183.0,-185.0,93.0,193.0,-23.0,-35.0,-87.0,-81.0,157.0,-137.0
161.0,37.0,85.0,116.0,-32.0,60.0,-15.0,12.0,240.0,-189.0
132.0,170.0,66.0,3.0,-48.0,101.0,-1.0,103.0,300.0,-211.0
88.0,198.0,47.0,-88.0,-63.0,1.0,-56.0,86.0,349.0,-215.0
46.0,137.0,27.0,-200.0,-80.0,-106.0,-119.0,66.0,386.0,-235.0
4.0,-12.0,0.0,-288.0,-99.0,-37.0,-161.0,-120.0,404.0,-255.0
-17.0,-223.0,-7.0,-349.0,-115.0,159.0,-202.0,-55.0,435.0,-255.0
-50.0,-459.0,-17.0,-394.0,-125.0,217.0,-183.0,-77.0,458.0,-258.0
-84.0,-654.0,-20.0,-409.0,-130.0,85.0,-155.0,-94.0,467.0,-286.0
-120.0,-711.0,-23.0,-387.0,-134.0,-54.0,-169.0,103.0,469.0,-308.0
-145.0,-636.0,-39.0,-356.0,-128.0,-42.0,-207.0,83.0,455.0,-319.0
-169.0,-503.0,-44.0,-352.0,-109.0,27.0,-225.0,147.0,433.0,-320.0
-195.0,-339.0,-49.0,-325.0,-86.0,167.0,-134.0,136.0,394.0,-327.0
-189.0,-120.0,-44.0,-287.0,-68.0,181.0,-11.0,118.0,347.0,-319.0
-195.0,185.0,-15.0,-261.0,-58.0,-99.0,23.0,81.0,306.0,-299.0
-200.0,531.0,22.0,-261.0,-59.0,-235.0,-9.0,-31.0,261.0,-295.0
-208.0,790.0,47.0,-224.0,-73.0,-189.0,-95.0,42.0,204.0,-284.0
-184.0,906.0,98.0,-189.0,-93.0,-197.0,-171.0,20.0,134.0,-252.0
-154.0,927.0,129.0,-177.0,-107.0,-318.0,-161.0,107.0,65.0,-225.0
-131.0,880.0,147.0,-208.0,-108.0,-321.0,-96.0,73.0,-20.0,-240.0
-86.0,728.0,191.0,-299.0,-94.0,-50.0,-36.0,25.0,-101.0,-225.0
-36.0,473.0,207.0,-366.0,-70.0,112.0,1.0,107.0,-183.0,-196.0
24.0,210.0,235.0,-404.0,-41.0,43.0,-10.0,-25.0,-266.0,-192.0
64.0,-15.0,250.0,-442.0,-16.0,-98.0,-74.0,7.0,-315.0,-170.0
119.0,-206.0,258.0,-455.0,-5.0,-148.0,-124.0,-103.0,-368.0,-121.0
174.0,-319.0,272.0,-442.0,-4.0,-87.0,-102.0,-205.0,-410.0,-66.0
219.0,-280.0,259.0,-386.0,-6.0,-39.0,-34.0,-201.0,-426.0,-36.0
268.0,-78.0,240.0,-302.0,-4.0,-20.0,-9.0,-295.0,-443.0,10.0
297.0,172.0,228.0,-276.0,2.0,-12.0,-31.0,-232.0,-423.0,65.0
307.0,320.0,192.0,-260.0,8.0,-6.0,-42.0,-303.0,-378.0,102.0
303.0,344.0,166.0,-227.0,7.0,42.0,-36.0,-199.0,-323.0,113.0
309.0,360.0,152.0,-216.0,8.0,150.0,-35.0,-68.0,-243.0,122.0
288.0,402.0,93.0,-249.0,18.0,141.0,-10.0,14.0,-162.0,135.0
260.0,403.0,87.0,-253.0,29.0,130.0,36.0,175.0,-98.0,97.0
234.0,369.0,66.0,-283.0,42.0,192.0,52.0,192.0,-35.0,44.0
196.0,336.0,42.0,-344.0,60.0,117.0,37.0,310.0,21.0,19.0
161.0,302.0,86.0,-355.0,83.0,-44.0,6.0,206.0,67.0,-8.0
106.0,275.0,74.0,-342.0,96.0,-142.0,10.0,68.0,100.0,-70.0
52.0,298.0,84.0,-273.0,99.0,30.0,46.0,-60.0,131.0,-129.0
-1.0,353.0,126.0,-195.0,100.0,228.0,55.0,-219.0,152.0,-167.0
-47.0,366.0,132.0,-115.0,106.0,209.0,35.0,-96.0,165.0,-219.0
-90.0,334.0,135.0,-50.0,116.0,165.0,34.0,-18.0,194.0,-277.0
-135.0,310.0,150.0,18.0,128.0,171.0,63.0,123.0,199.0,-309.0
-152.0,312.0,142.0,112.0,150.0,241.0,95.0,206.0,183.0,-335.0
-163.0,294.0,130.0,181.0,177.0,144.0,124.0,293.0,170.0,-373.0
-182.0,228.0,155.0,230.0,201.0,-20.0,99.0,413.0,127.0,-417.0
-184.0,161.0,154.0,233.0,218.0,-4.0,57.0,365.0,67.0,-459.0
-168.0,57.0,157.0,219.0,222.0,11.0,53.0,395.0,0.0,-497.0
-150.0,-125.0,163.0,189.0,208.0,115.0,58.0,321.0,-81.0,-559.0
-127.0,-291.0,160.0,157.0,180.0,282.0,103.0,347.0,-156.0,-599.0
-99.0,-386.0,152.0,130.0,148.0,267.0,174.0,351.0,-236.0,-606.0
-44.0,-457.0,101.0,83.0,111.0,177.0,207.0,273.0,-315.0,-621.0
25.0,-541.0,66.0,48.0,69.0,162.0,143.0,338.0,-379.0,-645.0
93.0,-618.0,23.0,-10.0,26.0,241.0,28.0,199.0,-436.0,-646.0
164.0,-622.0,-23.0,-82.0,-14.0,226.0,-48.0,195.0,-486.0,-625.0
225.0,-499.0,-77.0,-122.0,-60.0,120.0,-26.0,181.0,-520.0,-605.0
262.0,-257.0,-128.0,-128.0,-110.0,126.0,49.0,125.0,-524.0,-568.0
289.0,-7.0,-174.0,-96.0,-155.0,133.0,58.0,188.0,-498.0,-496.0
319.0,137.0,-247.0,-38.0,-186.0,58.0,31.0,96.0,-442.0,-401.0
328.0,178.0,-262.0,-10.0,-205.0,36.0,27.0,133.0,-370.0,-319.0
334.0,219.0,-283.0,9.0,-213.0,168.0,64.0,153.0,-286.0,-242.0
340.0,262.0,-328.0,10.0,-215.0,345.0,83.0,240.0,-199.0,-144.0
327.0,186.0,-335.0,-20.0,-209.0,331.0,49.0,275.0,-125.0,-41.0
303.0,37.0,-324.0,-30.0,-199.0,144.0,-3.0,134.0,-46.0,45.0
275.0,-54.0,-336.0,-68.0,-185.0,146.0,-71.0,66.0,38.0,127.0
230.0,-21.0,-323.0,-86.0,-165.0,264.0,-127.0,-77.0,116.0,227.0
175.0,154.0,-285.0,-38.0,-145.0,286.0,-156.0,-127.0,202.0,328.0
130.0,343.0,-254.0,41.0,-135.0,272.0,-90.0,-190.0,281.0,384.0
80.0,351.0,-204.0,89.0,-132.0,255.0,-10.0,-121.0,341.0,456.0
37.0,139.0,-158.0,102.0,-118.0,335.0,-14.0,11.0,393.0,518.0
0.0,-150.0,-111.0,172.0,-88.0,372.0,-62.0,133.0,421.0,540.0
-24.0,-385.0,-53.0,230.0,-52.0,392.0,-137.0,389.0,419.0,575.0
-52.0,-483.0,24.0,266.0,-27.0,406.0,-117.0,382.0,395.0,600.0
-65.0,-440.0,94.0,305.0,-19.0,308.0,-48.0,467.0,361.0,613.0
-62.0,-343.0,161.0,336.0,-15.0,306.0,-68.0,445.0,305.0,580.0
-48.0,-221.0,206.0,348.0,-10.0,390.0,-159.0,267.0,243.0,543.0
-18.0,-111.0,251.0,323.0,-4.0,480.0,-261.0,301.0,183.0,499.0
5.0,-85.0,302.0,298.0,5.0,506.0,-299.0,195.0,111.0,421.0
52.0,-174.0,301.0,227.0,21.0,469.0,-279.0,197.0,37.0,340.0
97.0,-339.0,361.0,136.0,36.0,536.0,-227.0,177.0,-29.0,273.0
148.0,-506.0,385.0,86.0,39.0,553.0,-192.0,184.0,-82.0,236.0
195.0,-642.0,375.0,56.0,34.0,449.0,-179.0,288.0,-125.0,172.0
241.0,-783.0,407.0,20.0,25.0,421.0,-172.0,308.0,-139.0,129.0
297.0,-921.0,373.0,-17.0,13.0,388.0,-215.0,467.0,-126.0,112.0
340.0,-945.0,361.0,-69.0,5.0,324.0,-227.0,463.0,-108.0,82.0
390.0,-809.0,325.0,-134.0,7.0,305.0,-144.0,480.0,-81.0,40.0
426.0,-573.0,271.0,-179.0,11.0,321.0,-77.0,500.0,-49.0,-15.0
471.0,-255.0,247.0,-232.0,9.0,427.0,-109.0,410.0,-18.0,-74.0
523.0,179.0,156.0,-310.0,5.0,414.0,-198.0,349.0,25.0,-183.0
565.0,686.0,75.0,-367.0,9.0,332.0,-258.0,151.0,80.0,-316.0
594.0,1149.0,24.0,-394.0,23.0,419.0,-222.0,138.0,144.0,-434.0
624.0,1428.0,-81.0,-418.0,41.0,490.0,-133.0,188.0,217.0,-557.0
647.0,1475.0,-169.0,-425.0,52.0,571.0,-68.0,271.0,284.0,-682.0
652.0,1380.0,-214.0,-403.0,54.0,609.0,-87.0,349.0,347.0,-749.0
652.0,1217.0,-295.0,-366.0,40.0,525.0,-109.0,373.0,398.0,-804.0
630.0,1031.0,-325.0,-318.0,14.0,461.0,-87.0,465.0,432.0,-868.0
618.0,860.0,-324.0,-245.0,-7.0,366.0,-92.0,264.0,456.0,-895.0
594.0,744.0,-347.0,-184.0,-18.0,402.0,-50.0,118.0,476.0,-894.0
566.0,690.0,-333.0,-121.0,-19.0,445.0,37.0,-16.0,486.0,-871.0
526.0,635.0,-330.0,-48.0,-13.0,306.0,91.0,-157.0,476.0,-857.0
480.0,508.0,-305.0,4.0,-4.0,198.0,45.0,-3.0,456.0,-823.0
448.0,309.0,-276.0,55.0,2.0,201.0,-65.0,123.0,411.0,-760.0
393.0,115.0,-261.0,87.0,11.0,251.0,-99.0,286.0,352.0,-725.0
354.0,-51.0,-218.0,74.0,20.0,221.0,-52.0,301.0,279.0,-697.0
310.0,-229.0,-184.0,70.0,25.0,225.0,-2.0,264.0,198.0,-658.0
269.0,-420.0,-151.0,93.0,31.0,352.0,32.0,234.0,131.0,-623.0
226.0,-595.0,-115.0,71.0,39.0,467.0,62.0,192.0,52.0,-598.0
174.0,-709.0,-65.0,44.0,47.0,405.0,37.0,310.0,-18.0,-564.0
127.0,-701.0,-39.0,33.0,56.0,235.0,6.0,310.0,-65.0,-494.0
70.0,-601.0,-23.0,13.0,56.0,235.0,35.0,321.0,-108.0,-432.0
43.0,-554.0,12.0,-1.0,43.0,279.0,116.0,145.0,-127.0,-378.0
23.0,-603.0,31.0,-25.0,24.0,219.0,215.0,5.0,-126.0,-305.0
0.0,-614.0,38.0,-52.0,11.0,156.0,204.0,51.0,-127.0,-238.0
0.0,-534.0,41.0,-58.0,12.0,160.0,120.0,-86.0,-102.0,-196.0
4.0,-420.0,52.0,-57.0,28.0,153.0,63.0,-12.0,-55.0,-170.0
8.0,-284.0,41.0,-63.0,56.0,164.0,0.0,35.0,-25.0,-124.0
14.0,-158.0,43.0,-25.0,86.0,231.0,-31.0,75.0,10.0,-92.0
29.0,-73.0,38.0,-18.0,112.0,151.0,5.0,162.0,44.0,-78.0
45.0,0.0,4.0,-76.0,130.0,27.0,26.0,125.0,68.0,-75.0
57.0,101.0,4.0,-96.0,138.0,75.0,-15.0,291.0,104.0,-68.0
77.0,227.0,1.0,-76.0,141.0,208.0,-68.0,338.0,147.0,-66.0
81.0,325.0,-28.0,-79.0,126.0,238.0,-81.0,301.0,201.0,-123.0
89.0,375.0,-67.0,-84.0,92.0,188.0,-63.0,306.0,249.0,-164.0
91.0,373.0,-90.0,-80.0,54.0,183.0,-15.0,277.0,294.0,-198.0
79.0,307.0,-126.0,-99.0,24.0,168.0,36.0,175.0,327.0,-272.0
71.0,207.0,-152.0,-93.0,8.0,141.0,0.0,-11.0,343.0,-324.0
58.0,163.0,-174.0,-75.0,0.0,181.0,-106.0,-94.0,343.0,-366.0
44.0,212.0,-202.0,-43.0,-7.0,310.0,-160.0,-236.0,321.0,-409.0
21.0,263.0,-189.0,-22.0,-16.0,403.0,-136.0,-203.0,309.0,-437.0
2.0,236.0,-198.0,1.0,-31.0,346.0,-45.0,-192.0,292.0,-454.0
-22.0,155.0,-190.0,74.0,-57.0,315.0,31.0,-236.0,262.0,-441.0
-47.0,66.0,-167.0,134.0,-88.0,376.0,-34.0,-51.0,234.0,-415.0
-66.0,-38.0,-161.0,200.0,-110.0,331.0,-146.0,-68.0,205.0,-378.0
-75.0,-144.0,-127.0,224.0,-117.0,229.0,-161.0,40.0,181.0,-304.0
-82.0,-192.0,-90.0,211.0,-110.0,179.0,-134.0,186.0,157.0,-205.0
-89.0,-164.0,-65.0,224.0,-97.0,225.0,-132.0,182.0,135.0,-110.0
-64.0,-47.0,-4.0,225.0,-80.0,360.0,-112.0,160.0,112.0,-22.0
-31.0,88.0,32.0,207.0,-62.0,393.0,-62.0,14.0,91.0,76.0
-6.0,70.0,66.0,183.0,-52.0,394.0,-48.0,-24.0,55.0,165.0
25.0,-109.0,128.0,158.0,-47.0,386.0,-56.0,-121.0,22.0,234.0
58.0,-292.0,129.0,114.0,-44.0,372.0,-21.0,-86.0,0.0,306.0
77.0,-376.0,142.0,85.0,-35.0,423.0,60.0,22.0,-18.0,384.0
102.0,-316.0,140.0,70.0,-25.0,461.0,140.0,53.0,-9.0,460.0
137.0,-158.0,168.0,32.0,-23.0,467.0,122.0,186.0,1.0,536.0
171.0,-36.0,169.0,-14.0,-22.0,310.0,49.0,212.0,37.0,621.0
202.0,8.0,160.0,-54.0,-9.0,245.0,-7.0,301.0,75.0,687.0
238.0,0.0,198.0,-55.0,23.0,401.0,-75.0,338.0,120.0,721.0
275.0,-27.0,149.0,-42.0,54.0,538.0,-91.0,336.0,157.0,733.0
308.0,-48.0,188.0,-12.0,69.0,578.0,-45.0,253.0,170.0,737.0
336.0,-55.0,143.0,30.0,71.0,491.0,-31.0,101.0,187.0,714.0
355.0,-39.0,104.0,41.0,71.0,490.0,-12.0,157.0,195.0,668.0
376.0,-49.0,124.0,42.0,78.0,519.0,15.0,84.0,202.0,621.0
393.0,-158.0,47.0,45.0,89.0,401.0,7.0,136.0,213.0,562.0
411.0,-379.0,68.0,48.0,98.0,300.0,3.0,188.0,221.0,490.0
415.0,-625.0,39.0,32.0,103.0,298.0,12.0,125.0,218.0,386.0
409.0,-799.0,23.0,27.0,108.0,301.0,43.0,188.0,223.0,286.0
412.0,-866.0,0.0,31.0,117.0,342.0,78.0,181.0,230.0,183.0
403.0,-806.0,-31.0,4.0,133.0,490.0,63.0,321.0,230.0,42.0
380.0,-641.0,-33.0,-6.0,152.0,548.0,-4.0,367.0,237.0,-75.0
354.0,-427.0,-69.0,-1.0,171.0,459.0,-83.0,382.0,239.0,-177.0
323.0,-250.0,-63.0,-20.0,179.0,371.0,-121.0,376.0,233.0,-266.0
289.0,-172.0,-76.0,-60.0,171.0,372.0,-119.0,192.0,216.0,-331.0
258.0,-197.0,-77.0,-90.0,146.0,394.0,-152.0,136.0,201.0,-394.0
240.0,-272.0,-90.0,-138.0,106.0,300.0,-235.0,49.0,159.0,-427.0
217.0,-323.0,-94.0,-171.0,60.0,228.0,-282.0,103.0,117.0,-445.0
184.0,-305.0,-97.0,-169.0,15.0,315.0,-266.0,145.0,82.0,-450.0
162.0,-149.0,-96.0,-165.0,-31.0,439.0,-202.0,147.0,44.0,-432.0
127.0,191.0,-83.0,-128.0,-77.0,475.0,-108.0,134.0,22.0,-408.0
106.0,661.0,-59.0,-49.0,-113.0,455.0,-43.0,59.0,-3.0,-386.0
81.0,1106.0,-34.0,33.0,-132.0,461.0,-51.0,212.0,-3.0,-374.0
57.0,1376.0,-32.0,82.0,-139.0,448.0,-112.0,110.0,0.0,-362.0
43.0,1409.0,24.0,136.0,-143.0,417.0,-148.0,99.0,2.0,-351.0
22.0,1235.0,26.0,189.0,-147.0,399.0,-113.0,206.0,18.0,-366.0
25.0,937.0,50.0,247.0,-151.0,334.0,-21.0,112.0,15.0,-381.0
13.0,561.0,112.0,304.0,-161.0,283.0,62.0,169.0,10.0,-372.0
17.0,204.0,119.0,332.0,-181.0,362.0,21.0,109.0,-5.0,-367.0
40.0,-16.0,181.0,378.0,-201.0,479.0,-75.0,138.0,-27.0,-361.0
63.0,-89.0,223.0,419.0,-209.0,484.0,-159.0,160.0,-64.0,-325.0
102.0,-53.0,240.0,424.0,-210.0,400.0,-208.0,153.0,-112.0,-281.0
135.0,80.0,294.0,442.0,-213.0,348.0,-120.0,242.0,-171.0,-242.0
167.0,232.0,336.0,448.0,-213.0,323.0,10.0,184.0,-248.0,-204.0
204.0,248.0,353.0,411.0,-203.0,232.0,41.0,238.0,-327.0,-167.0
250.0,119.0,408.0,375.0,-191.0,136.0,-73.0,188.0,-409.0,-134.0
278.0,-57.0,436.0,338.0,-183.0,173.0,-218.0,221.0,-479.0,-114.0
291.0,-235.0,394.0,326.0,-180.0,285.0,-239.0,291.0,-529.0,-94.0
296.0,-424.0,424.0,304.0,-173.0,367.0,-130.0,166.0,-557.0,-87.0
295.0,-681.0,413.0,284.0,-153.0,473.0,19.0,177.0,-560.0,-97.0
283.0,-991.0,364.0,289.0,-122.0,575.0,84.0,99.0,-546.0,-102.0
267.0,-1255.0,396.0,247.0,-88.0,442.0,38.0,38.0,-521.0,-112.0
270.0,-1416.0,332.0,216.0,-60.0,204.0,-42.0,11.0,-491.0,-116.0
267.0,-1518.0,284.0,227.0,-40.0,193.0,-65.0,-38.0,-465.0,-109.0
253.0,-1557.0,287.0,252.0,-21.0,284.0,-29.0,-86.0,-413.0,-106.0
233.0,-1489.0,187.0,281.0,-2.0,346.0,-3.0,-197.0,-341.0,-77.0
205.0,-1332.0,154.0,291.0,22.0,373.0,-4.0,-127.0,-287.0,-47.0
171.0,-1098.0,107.0,273.0,48.0,417.0,-9.0,-83.0,-218.0,-33.0
140.0,-770.0,5.0,219.0,68.0,497.0,-46.0,110.0,-146.0,-14.0
111.0,-326.0,-47.0,147.0,77.0,486.0,-77.0,290.0,-85.0,1.0
71.0,186.0,-128.0,87.0,86.0,480.0,-42.0,240.0,-26.0,3.0
46.0,606.0,-188.0,15.0,101.0,447.0,9.0,249.0,22.0,-19.0
23.0,843.0,-238.0,-79.0,124.0,351.0,42.0,59.0,80.0,-21.0
-13.0,972.0,-292.0,-138.0,148.0,300.0,18.0,-92.0,130.0,-16.0
-47.0,1034.0,-325.0,-197.0,163.0,339.0,-24.0,-181.0,178.0,-33.0
-77.0,1016.0,-381.0,-260.0,173.0,405.0,-72.0,-103.0,221.0,-36.0
-111.0,947.0,-381.0,-286.0,173.0,308.0,-102.0,151.0,249.0,-33.0
-151.0,859.0,-386.0,-276.0,153.0,117.0,-5.0,225.0,276.0,-27.0
-177.0,764.0,-408.0,-224.0,120.0,57.0,119.0,328.0,283.0,-24.0
-195.0,685.0,-370.0,-154.0,82.0,125.0,134.0,203.0,281.0,-14.0
-209.0,685.0,-369.0,-73.0,46.0,131.0,74.0,36.0,280.0,3.0
-196.0,757.0,-349.0,-14.0,11.0,83.0,27.0,-86.0,275.0,14.0
-181.0,801.0,-321.0,36.0,-22.0,92.0,47.0,-227.0,282.0,28.0
-157.0,717.0,-281.0,96.0,-50.0,150.0,63.0,-166.0,282.0,22.0
-113.0,486.0,-245.0,137.0,-68.0,135.0,42.0,-147.0,265.0,48.0
-60.0,226.0,-216.0,166.0,-81.0,116.0,49.0,-16.0,242.0,85.0
-6.0,39.0,-148.0,211.0,-85.0,184.0,53.0,29.0,212.0,141.0
42.0,-94.0,-130.0,254.0,-77.0,117.0,0.0,53.0,159.0,243.0
110.0,-173.0,-53.0,256.0,-56.0,25.0,32.0,157.0,95.0,326.0
164.0,-192.0,-14.0,266.0,-27.0,54.0,100.0,194.0,38.0,440.0
219.0,-159.0,20.0,245.0,-8.0,148.0,28.0,424.0,-13.0,542.0
269.0,-96.0,101.0,186.0,-5.0,200.0,-60.0,456.0,-46.0,643.0
310.0,-65.0,108.0,134.0,-16.0,147.0,-28.0,448.0,-79.0,728.0
357.0,-52.0,155.0,88.0,-34.0,139.0,55.0,434.0,-95.0,769.0
397.0,11.0,152.0,37.0,-53.0,147.0,81.0,218.0,-107.0,821.0
442.0,66.0,153.0,-25.0,-70.0,171.0,79.0,140.0,-129.0,830.0
466.0,69.0,143.0,-86.0,-82.0,266.0,87.0,1.0,-129.0,818.0
497.0,102.0,118.0,-123.0,-83.0,300.0,182.0,11.0,-126.0,764.0
506.0,163.0,116.0,-128.0,-69.0,204.0,253.0,57.0,-128.0,699.0
501.0,234.0,64.0,-112.0,-47.0,52.0,143.0,83.0,-110.0,636.0
495.0,393.0,71.0,-72.0,-22.0,48.0,25.0,197.0,-91.0,539.0
462.0,617.0,27.0,-16.0,1.0,186.0,-6.0,142.0,-91.0,479.0
441.0,789.0,-3.0,81.0,20.0,163.0,17.0,184.0,-98.0,430.0
408.0,864.0,-25.0,197.0,36.0,8.0,71.0,116.0,-121.0,370.0
387.0,812.0,-69.0,285.0,51.0,-26.0,153.0,66.0,-160.0,306.0
362.0,653.0,-48.0,369.0,61.0,15.0,225.0,51.0,-194.0,236.0
333.0,487.0,-70.0,461.0,56.0,3.0,199.0,-101.0,-227.0,173.0
304.0,329.0,-53.0,515.0,33.0,34.0,109.0,-99.0,-266.0,102.0
268.0,133.0,-31.0,516.0,1.0,60.0,57.0,-97.0,-311.0,23.0
241.0,-80.0,-49.0,502.0,-39.0,-20.0,82.0,18.0,-362.0,-37.0
201.0,-270.0,-37.0,474.0,-72.0,-110.0,68.0,53.0,-409.0,-86.0
181.0,-468.0,-2.0,447.0,-89.0,-62.0,12.0,-7.0,-449.0,-137.0
157.0,-695.0,-11.0,423.0,-87.0,132.0,30.0,-66.0,-487.0,-188.0
147.0,-893.0,-21.0,405.0,-67.0,126.0,60.0,-203.0,-510.0,-221.0
143.0,-1057.0,13.0,384.0,-41.0,2.0,68.0,-201.0,-509.0,-256.0
141.0,-1197.0,-4.0,374.0,-16.0,-64.0,135.0,-253.0,-493.0,-294.0
141.0,-1256.0,-15.0,377.0,6.0,-127.0,225.0,-221.0,-460.0,-314.0
126.0,-1235.0,-12.0,352.0,26.0,-72.0,295.0,-243.0,-402.0,-343.0
125.0,-1213.0,-23.0,314.0,41.0,-75.0,247.0,-290.0,-353.0,-366.0
120.0,-1192.0,-28.0,269.0,49.0,-106.0,93.0,-155.0,-304.0,-387.0
130.0,-1126.0,-32.0,245.0,63.0,-128.0,77.0,-145.0,-232.0,-393.0
143.0,-999.0,-20.0,212.0,84.0,-141.0,163.0,83.0,-179.0,-377.0
164.0,-760.0,0.0,178.0,107.0,-38.0,194.0,269.0,-123.0,-365.0
178.0,-396.0,0.0,155.0,122.0,16.0,210.0,271.0,-60.0,-328.0
184.0,16.0,11.0,95.0,122.0,-13.0,224.0,264.0,-1.0,-277.0
185.0,398.0,14.0,34.0,108.0,-120.0,191.0,70.0,59.0,-231.0
175.0,683.0,11.0,-25.0,85.0,-128.0,202.0,25.0,114.0,-183.0
167.0,846.0,24.0,-69.0,58.0,10.0,309.0,-60.0,176.0,-119.0
146.0,920.0,16.0,-92.0,38.0,-2.0,324.0,-151.0,221.0,-61.0
136.0,979.0,40.0,-122.0,39.0,-77.0,241.0,-175.0,261.0,-18.0
125.0,1018.0,10.0,-116.0,52.0,-75.0,199.0,-114.0,291.0,41.0
105.0,975.0,20.0,-83.0,69.0,-100.0,201.0,81.0,307.0,107.0
85.0,856.0,19.0,-77.0,88.0,-92.0,190.0,94.0,333.0,173.0
64.0,705.0,-33.0,-87.0,106.0,-42.0,164.0,240.0,342.0,237.0
33.0,610.0,-32.0,-93.0,123.0,-50.0,233.0,230.0,332.0,299.0
14.0,609.0,-63.0,-90.0,138.0,-29.0,317.0,97.0,321.0,351.0
5.0,630.0,-57.0,-93.0,158.0,-10.0,278.0,5.0,306.0,374.0
-15.0,587.0,-90.0,-88.0,182.0,18.0,239.0,-195.0,282.0,385.0
-25.0,460.0,-101.0,-46.0,197.0,52.0,243.0,-225.0,255.0,389.0
-26.0,248.0,-118.0,-3.0,196.0,-33.0,211.0,-303.0,223.0,362.0
-35.0,5.0,-162.0,40.0,179.0,-26.0,197.0,-188.0,194.0,322.0
-40.0,-133.0,-158.0,89.0,154.0,35.0,205.0,-33.0,162.0,284.0
-34.0,-167.0,-185.0,120.0,124.0,100.0,90.0,51.0,133.0,250.0
-25.0,-197.0,-176.0,164.0,92.0,141.0,-53.0,171.0,119.0,210.0
-10.0,-228.0,-199.0,202.0,62.0,56.0,7.0,109.0,106.0,160.0
-3.0,-214.0,-188.0,249.0,45.0,18.0,106.0,73.0,97.0,137.0
14.0,-159.0,-193.0,307.0,39.0,-32.0,50.0,-66.0,99.0,118.0
31.0,-76.0,-185.0,376.0,33.0,-76.0,-1.0,-101.0,98.0,79.0
43.0,21.0,-158.0,444.0,25.0,-32.0,88.0,-149.0,107.0,70.0
58.0,105.0,-156.0,456.0,18.0,108.0,181.0,-205.0,143.0,78.0
56.0,154.0,-91.0,445.0,19.0,174.0,88.0,-55.0,174.0,65.0
66.0,138.0,-85.0,418.0,23.0,88.0,-48.0,-53.0,203.0,66.0
56.0,82.0,-47.0,390.0,29.0,44.0,-59.0,133.0,221.0,78.0
58.0,64.0,-38.0,370.0,28.0,-2.0,-67.0,232.0,231.0,69.0
48.0,135.0,-26.0,342.0,19.0,-31.0,-140.0,208.0,244.0,48.0
17.0,240.0,-9.0,292.0,5.0,-34.0,-191.0,221.0,242.0,11.0
0.0,204.0,-12.0,225.0,-14.0,27.0,-104.0,64.0,242.0,-30.0
-31.0,-4.0,30.0,170.0,-43.0,95.0,24.0,33.0,229.0,-82.0
-50.0,-253.0,11.0,107.0,-71.0,26.0,-1.0,-157.0,214.0,-156.0
-68.0,-432.0,32.0,58.0,-87.0,-63.0,-75.0,-184.0,201.0,-207.0
-87.0,-490.0,43.0,31.0,-92.0,-29.0,-115.0,-55.0,167.0,-239.0
-93.0,-436.0,39.0,26.0,-93.0,32.0,-121.0,5.0,130.0,-294.0
-102.0,-290.0,44.0,33.0,-93.0,29.0,-38.0,134.0,75.0,-330.0
-131.0,-63.0,49.0,63.0,-92.0,56.0,-3.0,22.0,17.0,-328.0
-142.0,219.0,49.0,124.0,-86.0,3.0,-67.0,-36.0,-37.0,-336.0
-143.0,526.0,36.0,154.0,-84.0,-91.0,-116.0,-229.0,-94.0,-339.0
-152.0,805.0,31.0,183.0,-95.0,-160.0,-108.0,-419.0,-133.0,-313.0
-161.0,950.0,12.0,195.0,-109.0,-200.0,-88.0,-391.0,-180.0,-278.0
-164.0,924.0,23.0,176.0,-118.0,-112.0,-118.0,-367.0,-235.0,-221.0
-158.0,756.0,-1.0,164.0,-119.0,-65.0,-191.0,-194.0,-286.0,-155.0
-164.0,506.0,-4.0,127.0,-110.0,-53.0,-264.0,-101.0,-337.0,-59.0
-162.0,271.0,-19.0,93.0,-83.0,-8.0,-217.0,31.0,-377.0,70.0
-161.0,90.0,-52.0,56.0,-43.0,-46.0,-98.0,38.0,-413.0,190.0
-156.0,-34.0,-50.0,19.0,1.0,-116.0,-8.0,-64.0,-425.0,309.0
-155.0,-94.0,-88.0,-3.0,39.0,-109.0,22.0,-70.0,-403.0,428.0
-149.0,-116.0,-100.0,-63.0,74.0,-38.0,-89.0,-160.0,-383.0,526.0
-146.0,-156.0,-119.0,-96.0,104.0,20.0,-190.0,-116.0,-359.0,586.0
-145.0,-222.0,-145.0,-120.0,138.0,-8.0,-93.0,-206.0,-326.0,635.0
-132.0,-290.0,-154.0,-162.0,169.0,-9.0,54.0,-247.0,-306.0,673.0
-127.0,-344.0,-172.0,-171.0,188.0,24.0,80.0,-181.0,-269.0,688.0
-124.0,-384.0,-179.0,-180.0,197.0,-35.0,56.0,-227.0,-234.0,693.0
-140.0,-418.0,-177.0,-217.0,185.0,-77.0,12.0,-134.0,-213.0,700.0
-145.0,-438.0,-151.0,-278.0,154.0,-61.0,-39.0,-157.0,-176.0,723.0
-169.0,-431.0,-130.0,-307.0,121.0,-8.0,16.0,-125.0,-138.0,721.0
-194.0,-383.0,-94.0,-311.0,102.0,-9.0,97.0,-101.0,-105.0,707.0
-199.0,-300.0,-53.0,-304.0,97.0,-33.0,57.0,-140.0,-86.0,711.0
-216.0,-203.0,-24.0,-294.0,98.0,60.0,-18.0,-145.0,-81.0,696.0
-208.0,-112.0,16.0,-282.0,105.0,109.0,0.0,-269.0,-75.0,655.0
-203.0,-29.0,55.0,-242.0,112.0,52.0,82.0,-290.0,-80.0,608.0
-200.0,73.0,90.0,-201.0,104.0,75.0,130.0,-441.0,-92.0,568.0
-192.0,185.0,117.0,-149.0,79.0,245.0,70.0,-473.0,-111.0,485.0
-194.0,258.0,139.0,-93.0,47.0,281.0,-17.0,-325.0,-148.0,376.0
-194.0,287.0,137.0,-27.0,12.0,131.0,-81.0,-245.0,-189.0,282.0
-190.0,260.0,145.0,40.0,-26.0,65.0,-98.0,-79.0,-214.0,176.0
-191.0,199.0,138.0,97.0,-65.0,89.0,-11.0,-107.0,-230.0,83.0
-181.0,173.0,131.0,162.0,-92.0,98.0,54.0,-127.0,-244.0,9.0
-155.0,126.0,133.0,211.0,-108.0,144.0,12.0,-145.0,-249.0,-28.0
-135.0,13.0,96.0,262.0,-121.0,262.0,-49.0,-205.0,-262.0,-57.0
-113.0,-95.0,94.0,295.0,-134.0,268.0,-41.0,-129.0,-269.0,-77.0
-96.0,-177.0,71.0,304.0,-138.0,132.0,8.0,-181.0,-257.0,-54.0
-86.0,-257.0,40.0,293.0,-119.0,22.0,7.0,-240.0,-245.0,-36.0
-69.0,-258.0,43.0,258.0,-92.0,6.0,-37.0,-312.0,-214.0,-23.0
-56.0,-79.0,14.0,221.0,-75.0,-6.0,-28.0,-275.0,-176.0,0.0
-52.0,177.0,-4.0,179.0,-68.0,-34.0,2.0,-138.0,-139.0,33.0
-42.0,342.0,2.0,159.0,-60.0,30.0,-43.0,-70.0,-95.0,33.0
-26.0,407.0,5.0,155.0,-52.0,114.0,-177.0,-3.0,-60.0,19.0
-16.0,430.0,25.0,138.0,-49.0,123.0,-285.0,-179.0,-17.0,9.0
-23.0,397.0,40.0,114.0,-45.0,87.0,-254.0,-242.0,15.0,-25.0
-23.0,257.0,59.0,86.0,-27.0,80.0,-155.0,-273.0,41.0,-73.0
-21.0,19.0,92.0,95.0,2.0,99.0,-153.0,-421.0,84.0,-140.0
-18.0,-266.0,95.0,105.0,37.0,7.0,-282.0,-415.0,118.0,-185.0
-4.0,-567.0,103.0,100.0,70.0,-125.0,-306.0,-487.0,155.0,-224.0
0.0,-832.0,105.0,96.0,103.0,-152.0,-196.0,-460.0,187.0,-265.0
14.0,-1019.0,108.0,75.0,126.0,-167.0,-99.0,-485.0,206.0,-284.0
34.0,-1100.0,107.0,66.0,127.0,-183.0,-24.0,-533.0,226.0,-300.0
55.0,-1066.0,113.0,62.0,120.0,-168.0,-33.0,-463.0,234.0,-311.0
74.0,-964.0,124.0,69.0,124.0,-125.0,-38.0,-336.0,234.0,-321.0
95.0,-844.0,105.0,80.0,144.0,-57.0,-11.0,-164.0,235.0,-309.0
116.0,-691.0,99.0,90.0,172.0,-33.0,-20.0,-127.0,228.0,-298.0
127.0,-467.0,79.0,121.0,198.0,3.0,-3.0,-38.0,225.0,-290.0
143.0,-174.0,35.0,150.0,218.0,-49.0,-24.0,-140.0,221.0,-256.0
157.0,124.0,12.0,165.0,220.0,-162.0,-74.0,-194.0,206.0,-211.0
166.0,335.0,-29.0,155.0,199.0,-100.0,-110.0,-166.0,198.0,-161.0
170.0,375.0,-71.0,157.0,159.0,-48.0,-171.0,-288.0,168.0,-119.0
175.0,243.0,-97.0,169.0,116.0,-89.0,-175.0,-158.0,127.0,-55.0
176.0,14.0,-144.0,164.0,77.0,-73.0,-129.0,-168.0,74.0,25.0
168.0,-220.0,-167.0,163.0,48.0,20.0,-164.0,-129.0,-1.0,82.0
159.0,-376.0,-195.0,169.0,30.0,118.0,-235.0,3.0,-73.0,143.0
138.0,-442.0,-236.0,178.0,13.0,67.0,-162.0,-140.0,-151.0,202.0
104.0,-424.0,-244.0,189.0,-10.0,-55.0,-9.0,-242.0,-221.0,255.0
67.0,-306.0,-253.0,189.0,-39.0,-31.0,-33.0,-367.0,-287.0,304.0
28.0,-148.0,-254.0,187.0,-69.0,70.0,-219.0,-397.0,-343.0,364.0
-12.0,9.0,-239.0,194.0,-90.0,116.0,-332.0,-356.0,-364.0,436.0
-52.0,210.0,-223.0,187.0,-92.0,145.0,-296.0,-184.0,-383.0,481.0
-91.0,438.0,-194.0,169.0,-79.0,114.0,-217.0,7.0,-391.0,523.0
-124.0,550.0,-168.0,138.0,-65.0,42.0,-193.0,-48.0,-383.0,574.0
-167.0,500.0,-143.0,112.0,-60.0,10.0,-201.0,-11.0,-372.0,615.0
-205.0,373.0,-112.0,79.0,-62.0,86.0,-200.0,-55.0,-351.0,626.0
-239.0,211.0,-97.0,41.0,-65.0,173.0,-233.0,-59.0,-328.0,626.0
-280.0,49.0,-84.0,46.0,-66.0,118.0,-278.0,-1.0,-303.0,623.0
-307.0,-87.0,-51.0,36.0,-57.0,76.0,-239.0,51.0,-280.0,584.0
-335.0,-184.0,-47.0,4.0,-35.0,125.0,-117.0,205.0,-259.0,524.0
-351.0,-189.0,-58.0,-13.0,-7.0,200.0,-45.0,160.0,-230.0,463.0
-358.0,-84.0,-31.0,-38.0,12.0,191.0,-146.0,199.0,-188.0,401.0
-371.0,72.0,-32.0,-55.0,19.0,86.0,-294.0,188.0,-141.0,318.0
-372.0,208.0,-33.0,-74.0,17.0,108.0,-336.0,151.0,-82.0,231.0
-363.0,288.0,-13.0,-107.0,1.0,217.0,-271.0,155.0,-26.0,167.0
-357.0,292.0,-20.0,-130.0,-31.0,233.0,-152.0,79.0,33.0,96.0
-348.0,195.0,-10.0,-134.0,-70.0,175.0,-97.0,147.0,89.0,15.0
-326.0,-9.0,-5.0,-121.0,-100.0,79.0,-178.0,88.0,126.0,-44.0
-308.0,-282.0,4.0,-124.0,-112.0,50.0,-320.0,151.0,175.0,-87.0
-279.0,-478.0,21.0,-150.0,-109.0,102.0,-345.0,133.0,218.0,-106.0
-262.0,-471.0,20.0,-165.0,-108.0,148.0,-219.0,-88.0,246.0,-108.0
-230.0,-269.0,21.0,-174.0,-110.0,196.0,-111.0,-195.0,262.0,-86.0
-185.0,51.0,42.0,-193.0,-106.0,161.0,-136.0,-428.0,264.0,-21.0
-156.0,349.0,42.0,-220.0,-96.0,150.0,-193.0,-502.0,258.0,34.0
-120.0,594.0,43.0,-224.0,-87.0,276.0,-189.0,-504.0,230.0,111.0
-84.0,829.0,82.0,-225.0,-78.0,292.0,-133.0,-378.0,199.0,201.0
-40.0,984.0,82.0,-217.0,-79.0,159.0,-70.0,-221.0,173.0,286.0
0.0,1007.0,105.0,-183.0,-88.0,104.0,-85.0,-155.0,138.0,361.0
41.0,979.0,123.0,-155.0,-95.0,245.0,-147.0,3.0,100.0,411.0
79.0,965.0,117.0,-82.0,-89.0,362.0,-177.0,-97.0,60.0,490.0
110.0,921.0,120.0,-3.0,-63.0,267.0,-143.0,-62.0,18.0,548.0
135.0,859.0,108.0,14.0,-26.0,158.0,-87.0,-35.0,-24.0,588.0
144.0,781.0,109.0,29.0,2.0,87.0,-41.0,-125.0,-76.0,628.0
142.0,603.0,115.0,40.0,10.0,39.0,-27.0,-57.0,-119.0,657.0
128.0,319.0,106.0,38.0,3.0,41.0,-96.0,-147.0,-155.0,679.0
124.0,16.0,102.0,40.0,-7.0,39.0,-127.0,-75.0,-184.0,667.0
101.0,-197.0,116.0,30.0,-13.0,16.0,-52.0,-16.0,-203.0,659.0
72.0,-321.0,88.0,42.0,-11.0,-27.0,15.0,-16.0,-226.0,647.0
44.0,-399.0,83.0,49.0,-2.0,16.0,-25.0,-18.0,-242.0,607.0
10.0,-421.0,69.0,40.0,6.0,125.0,-112.0,-210.0,-245.0,554.0
-15.0,-396.0,36.0,41.0,9.0,80.0,-124.0,-284.0,-245.0,520.0
-53.0,-347.0,48.0,38.0,2.0,-59.0,-72.0,-367.0,-236.0,480.0
-82.0,-326.0,17.0,69.0,-16.0,-56.0,-43.0,-282.0,-212.0,422.0
-122.0,-349.0,14.0,105.0,-40.0,-56.0,-79.0,-157.0,-188.0,379.0
-154.0,-321.0,14.0,108.0,-59.0,-165.0,-144.0,-121.0,-158.0,332.0
-184.0,-211.0,0.0,92.0,-67.0,-325.0,-198.0,-59.0,-130.0,269.0
-226.0,-119.0,7.0,69.0,-63.0,-442.0,-205.0,-195.0,-107.0,194.0
-257.0,-130.0,-10.0,48.0,-60.0,-369.0,-129.0,-155.0,-87.0,143.0
-284.0,-232.0,-12.0,10.0,-68.0,-300.0,0.0,-229.0,-80.0,108.0
-310.0,-326.0,0.0,-38.0,-88.0,-297.0,49.0,-393.0,-74.0,47.0
-328.0,-306.0,-9.0,-86.0,-108.0,-272.0,-87.0,-388.0,-70.0,-4.0
-337.0,-151.0,-19.0,-131.0,-122.0,-200.0,-259.0,-406.0,-80.0,-27.0
-346.0,64.0,-12.0,-170.0,-124.0,-245.0,-205.0,-301.0,-92.0,-69.0
-349.0,249.0,-27.0,-205.0,-108.0,-419.0,32.0,-325.0,-98.0,-134.0
-350.0,367.0,-62.0,-233.0,-70.0,-344.0,136.0,-253.0,-105.0,-170.0
-340.0,403.0,-58.0,-273.0,-23.0,-272.0,41.0,-182.0,-108.0,-183.0
-338.0,380.0,-55.0,-294.0,23.0,-382.0,-36.0,-144.0,-112.0,-209.0
-326.0,322.0,-71.0,-285.0,70.0,-369.0,-32.0,-3.0,-122.0,-231.0
-304.0,238.0,-71.0,-281.0,121.0,-281.0,2.0,-79.0,-130.0,-220.0
-290.0,203.0,-75.0,-249.0,181.0,-261.0,48.0,-25.0,-149.0,-187.0
-268.0,230.0,-79.0,-200.0,242.0,-294.0,82.0,-25.0,-162.0,-146.0
-267.0,319.0,-72.0,-142.0,299.0,-322.0,63.0,22.0,-158.0,-103.0
-248.0,496.0,-74.0,-101.0,349.0,-353.0,-34.0,110.0,-139.0,-41.0
-229.0,668.0,-68.0,-86.0,386.0,-379.0,-140.0,3.0,-112.0,17.0
-204.0,729.0,-54.0,-83.0,403.0,-363.0,-162.0,7.0,-92.0,62.0
-190.0,682.0,-68.0,-103.0,399.0,-377.0,-84.0,-109.0,-64.0,115.0
-169.0,607.0,-68.0,-117.0,381.0,-409.0,10.0,-182.0,-48.0,177.0
-147.0,512.0,-51.0,-113.0,359.0,-326.0,25.0,-293.0,-36.0,220.0
-149.0,391.0,-73.0,-114.0,337.0,-226.0,-28.0,-417.0,-17.0,249.0
-147.0,228.0,-74.0,-130.0,314.0,-227.0,-55.0,-339.0,-12.0,290.0
-156.0,-25.0,-86.0,-141.0,287.0,-275.0,-20.0,-336.0,-14.0,308.0
-140.0,-315.0,-107.0,-138.0,250.0,-368.0,-15.0,-225.0,-19.0,307.0
-131.0,-543.0,-122.0,-93.0,203.0,-362.0,-58.0,-155.0,-24.0,291.0
-100.0,-649.0,-145.0,-42.0,151.0,-227.0,-107.0,-44.0,-37.0,271.0
-72.0,-636.0,-146.0,-7.0,95.0,-194.0,-112.0,9.0,-57.0,247.0
-48.0,-545.0,-168.0,41.0,45.0,-257.0,-20.0,-136.0,-75.0,208.0
-22.0,-450.0,-179.0,100.0,-5.0,-229.0,90.0,-136.0,-102.0,192.0
1.0,-374.0,-201.0,165.0,-59.0,-187.0,108.0,-203.0,-125.0,167.0
35.0,-332.0,-225.0,233.0,-110.0,-319.0,45.0,-164.0,-145.0,134.0
52.0,-350.0,-243.0,273.0,-151.0,-403.0,-20.0,-203.0,-147.0,122.0
88.0,-356.0,-276.0,281.0,-174.0,-275.0,-25.0,-260.0,-128.0,126.0
109.0,-312.0,-296.0,262.0,-180.0,-141.0,-1.0,-147.0,-98.0,119.0
149.0,-276.0,-321.0,214.0,-174.0,-121.0,-4.0,-168.0,-41.0,99.0
168.0,-235.0,-315.0,183.0,-170.0,-196.0,-18.0,-5.0,12.0,87.0
180.0,-101.0,-309.0,148.0,-174.0,-260.0,-40.0,57.0,63.0,71.0
184.0,118.0,-291.0,114.0,-191.0,-232.0,-41.0,105.0,112.0,39.0
180.0,351.0,-256.0,83.0,-206.0,-166.0,-9.0,125.0,162.0,-5.0
180.0,516.0,-247.0,44.0,-207.0,-148.0,-5.0,-103.0,214.0,-32.0
158.0,515.0,-209.0,23.0,-187.0,-124.0,-40.0,-151.0,275.0,-57.0
157.0,325.0,-178.0,-13.0,-152.0,-127.0,-17.0,-199.0,348.0,-98.0
139.0,64.0,-157.0,-45.0,-114.0,-224.0,56.0,-121.0,416.0,-126.0
122.0,-158.0,-118.0,-56.0,-75.0,-260.0,48.0,-79.0,494.0,-143.0
88.0,-302.0,-84.0,-69.0,-43.0,-229.0,-23.0,-103.0,561.0,-162.0
59.0,-365.0,-51.0,-86.0,-25.0,-210.0,-69.0,-110.0,608.0,-197.0
19.0,-383.0,-21.0,-93.0,-17.0,-143.0,-60.0,-264.0,632.0,-246.0
-29.0,-384.0,-5.0,-114.0,-12.0,0.0,-18.0,-251.0,638.0,-280.0
-66.0,-365.0,15.0,-152.0,3.0,-11.0,4.0,-284.0,622.0,-323.0
-108.0,-356.0,58.0,-198.0,29.0,-198.0,-22.0,-208.0,587.0,-374.0
-134.0,-395.0,60.0,-259.0,59.0,-268.0,-80.0,-99.0,557.0,-381.0
-183.0,-512.0,66.0,-318.0,88.0,-261.0,-112.0,-49.0,495.0,-374.0
-207.0,-700.0,78.0,-353.0,109.0,-290.0,-135.0,20.0,432.0,-377.0
-229.0,-843.0,72.0,-380.0,119.0,-252.0,-195.0,-94.0,368.0,-366.0
-251.0,-876.0,77.0,-411.0,125.0,-167.0,-230.0,-107.0,283.0,-330.0
-271.0,-878.0,56.0,-419.0,132.0,-252.0,-119.0,-251.0,207.0,-306.0
-283.0,-986.0,50.0,-416.0,139.0,-394.0,15.0,-315.0,133.0,-282.0
-285.0,-1186.0,47.0,-418.0,148.0,-404.0,-23.0,-299.0,65.0,-229.0
-300.0,-1387.0,10.0,-415.0,156.0,-293.0,-130.0,-260.0,-2.0,-181.0
-291.0,-1564.0,-20.0,-390.0,165.0,-121.0,-137.0,24.0,-56.0,-138.0
-282.0,-1629.0,-50.0,-341.0,170.0,-133.0,-42.0,3.0,-104.0,-102.0
-254.0,-1557.0,-98.0,-290.0,167.0,-251.0,40.0,53.0,-143.0,-63.0
-248.0,-1405.0,-135.0,-237.0,145.0,-254.0,41.0,84.0,-160.0,-25.0
-237.0,-1163.0,-141.0,-190.0,104.0,-219.0,57.0,-72.0,-179.0,-15.0
-219.0,-820.0,-161.0,-152.0,56.0,-286.0,47.0,-68.0,-184.0,-12.0
-223.0,-462.0,-185.0,-121.0,10.0,-254.0,-29.0,-190.0,-197.0,1.0
-223.0,-124.0,-169.0,-98.0,-26.0,-75.0,-51.0,-164.0,-193.0,-2.0
-230.0,239.0,-162.0,-76.0,-58.0,-87.0,-39.0,-92.0,-170.0,-20.0
-233.0,560.0,-157.0,-41.0,-85.0,-149.0,-17.0,-88.0,-146.0,-9.0
-240.0,810.0,-124.0,-42.0,-107.0,-165.0,14.0,-66.0,-105.0,30.0
-249.0,1117.0,-96.0,-52.0,-128.0,-206.0,22.0,-192.0,-58.0,50.0
-265.0,1593.0,-56.0,-31.0,-143.0,-205.0,29.0,-253.0,-5.0,67.0
-276.0,2102.0,-20.0,-19.0,-155.0,-143.0,78.0,-351.0,38.0,116.0
-284.0,2428.0,34.0,0.0,-158.0,-72.0,119.0,-349.0,80.0,150.0
-290.0,2507.0,74.0,44.0,-149.0,-184.0,93.0,-321.0,119.0,161.0
-296.0,2376.0,109.0,72.0,-135.0,-351.0,101.0,-238.0,142.0,165.0
-297.0,2125.0,160.0,67.0,-121.0,-378.0,158.0,9.0,172.0,188.0
-295.0,1772.0,193.0,55.0,-107.0,-231.0,172.0,48.0,189.0,196.0
-291.0,1292.0,221.0,23.0,-90.0,-68.0,104.0,105.0,195.0,178.0
-278.0,795.0,240.0,-10.0,-68.0,-115.0,4.0,-33.0,192.0,183.0
-260.0,429.0,285.0,-16.0,-44.0,-211.0,-8.0,-201.0,168.0,179.0
-230.0,213.0,288.0,3.0,-27.0,-324.0,63.0,-297.0,129.0,158.0
-194.0,124.0,290.0,33.0,-16.0,-457.0,168.0,-452.0,87.0,137.0
-146.0,105.0,333.0,37.0,-8.0,-337.0,235.0,-308.0,71.0,157.0
-103.0,48.0,316.0,-6.0,0.0,-164.0,241.0,-216.0,68.0,176.0
-50.0,-30.0,303.0,-62.0,11.0,-196.0,197.0,-22.0,87.0,160.0
5.0,-19.0,297.0,-128.0,23.0,-211.0,57.0,77.0,116.0,175.0
54.0,67.0,265.0,-211.0,33.0,-233.0,-95.0,-27.0,142.0,200.0
99.0,87.0,245.0,-270.0,39.0,-283.0,-125.0,-81.0,175.0,206.0
140.0,-49.0,231.0,-320.0,44.0,-358.0,-36.0,-232.0,191.0,209.0
179.0,-309.0,221.0,-353.0,49.0,-439.0,86.0,-266.0,184.0,212.0
213.0,-628.0,180.0,-377.0,54.0,-302.0,115.0,-443.0,170.0,209.0
244.0,-910.0,148.0,-406.0,61.0,-123.0,67.0,-521.0,162.0,179.0
262.0,-1038.0,103.0,-429.0,78.0,-71.0,26.0,-461.0,138.0,142.0
274.0,-996.0,54.0,-437.0,96.0,-159.0,6.0,-410.0,128.0,112.0
288.0,-866.0,35.0,-428.0,108.0,-248.0,18.0,-205.0,129.0,63.0
301.0,-713.0,-1.0,-418.0,120.0,-278.0,39.0,-190.0,115.0,24.0
305.0,-550.0,13.0,-394.0,143.0,-313.0,52.0,-86.0,112.0,-3.0
306.0,-404.0,-10.0,-395.0,175.0,-234.0,60.0,-20.0,111.0,-31.0
309.0,-245.0,-36.0,-387.0,200.0,-225.0,23.0,3.0,109.0,-31.0
294.0,54.0,-15.0,-350.0,200.0,-345.0,-54.0,140.0,103.0,-32.0
281.0,498.0,-42.0,-308.0,178.0,-415.0,-101.0,162.0,116.0,-52.0
265.0,946.0,-44.0,-247.0,138.0,-321.0,-38.0,157.0,118.0,-67.0
233.0,1266.0,-43.0,-195.0,87.0,-120.0,81.0,-75.0,103.0,-104.0
207.0,1398.0,-22.0,-155.0,29.0,-27.0,104.0,-168.0,93.0,-148.0
167.0,1394.0,-44.0,-154.0,-31.0,-141.0,4.0,-190.0,77.0,-170.0
138.0,1361.0,-52.0,-159.0,-91.0,-259.0,-109.0,-303.0,60.0,-207.0
103.0,1271.0,-37.0,-160.0,-146.0,-246.0,-165.0,-238.0,48.0,-210.0
55.0,1004.0,-57.0,-190.0,-197.0,-284.0,-200.0,-264.0,26.0,-194.0
29.0,655.0,-41.0,-218.0,-232.0,-243.0,-225.0,-238.0,-18.0,-166.0
-6.0,393.0,-64.0,-245.0,-249.0,-218.0,-221.0,-293.0,-48.0,-101.0
-29.0,243.0,-57.0,-259.0,-264.0,-279.0,-189.0,-314.0,-97.0,-36.0
-59.0,168.0,-61.0,-245.0,-297.0,-267.0,-121.0,-227.0,-158.0,44.0
-82.0,71.0,-59.0,-231.0,-342.0,-223.0,-81.0,-258.0,-206.0,116.0
-85.0,-182.0,-58.0,-225.0,-377.0,-153.0,-166.0,-212.0,-256.0,168.0
-97.0,-577.0,-76.0,-220.0,-386.0,-258.0,-219.0,-325.0,-307.0,191.0
-90.0,-917.0,-53.0,-242.0,-364.0,-312.0,-126.0,-408.0,-355.0,207.0
-95.0,-1123.0,-59.0,-252.0,-312.0,-148.0,-35.0,-426.0,-390.0,217.0
-95.0,-1247.0,-26.0,-255.0,-237.0,-87.0,-15.0,-430.0,-424.0,206.0
-101.0,-1250.0,-15.0,-266.0,-152.0,-202.0,-87.0,-384.0,-439.0,213.0
-117.0,-1018.0,0.0,-255.0,-77.0,-307.0,-172.0,-461.0,-439.0,217.0
-116.0,-565.0,20.0,-257.0,-25.0,-199.0,-176.0,-349.0,-419.0,239.0
-131.0,-143.0,15.0,-267.0,0.0,-73.0,-129.0,-341.0,-379.0,249.0
-134.0,39.0,22.0,-268.0,2.0,-101.0,-107.0,-334.0,-323.0,261.0
-132.0,44.0,14.0,-225.0,-1.0,-160.0,-93.0,-277.0,-253.0,283.0
-132.0,66.0,19.0,-186.0,4.0,-189.0,-78.0,-303.0,-179.0,249.0
-121.0,220.0,22.0,-159.0,24.0,-267.0,-143.0,-147.0,-90.0,229.0
-99.0,472.0,39.0,-107.0,45.0,-361.0,-197.0,-133.0,-11.0,195.0
-78.0,739.0,31.0,-64.0,56.0,-224.0,-190.0,1.0,51.0,123.0
-66.0,938.0,46.0,-24.0,53.0,-48.0,-132.0,72.0,103.0,70.0
-46.0,1004.0,47.0,20.0,39.0,-95.0,-45.0,25.0,142.0,15.0
-35.0,907.0,47.0,41.0,23.0,-200.0,-1.0,66.0,165.0,-32.0
-18.0,660.0,75.0,20.0,15.0,-248.0,-24.0,-38.0,184.0,-76.0
0.0,313.0,58.0,7.0,22.0,-212.0,-55.0,22.0,208.0,-98.0
11.0,-53.0,90.0,-6.0,41.0,-150.0,3.0,-9.0,215.0,-85.0
24.0,-391.0,81.0,-26.0,69.0,-133.0,34.0,-7.0,226.0,-67.0
24.0,-679.0,74.0,-55.0,100.0,-218.0,14.0,51.0,235.0,-41.0
21.0,-812.0,96.0,-123.0,129.0,-335.0,80.0,-33.0,235.0,-4.0
15.0,-700.0,97.0,-155.0,149.0,-310.0,116.0,11.0,230.0,42.0
1.0,-380.0,128.0,-153.0,154.0,-257.0,52.0,-31.0,217.0,76.0
-4.0,-1.0,126.0,-162.0,144.0,-213.0,4.0,-9.0,203.0,114.0
-7.0,249.0,151.0,-183.0,122.0,-184.0,-33.0,-40.0,184.0,157.0
-18.0,308.0,137.0,-197.0,87.0,-156.0,-38.0,-46.0,173.0,184.0
-29.0,199.0,144.0,-210.0,40.0,-111.0,37.0,48.0,157.0,220.0
-42.0,-26.0,141.0,-242.0,-10.0,-206.0,51.0,-14.0,140.0,254.0
-59.0,-294.0,95.0,-259.0,-52.0,-259.0,-53.0,25.0,128.0,284.0
-64.0,-565.0,88.0,-275.0,-80.0,-173.0,-116.0,5.0,106.0,295.0
-71.0,-778.0,9.0,-276.0,-92.0,-94.0,-42.0,36.0,85.0,295.0
-73.0,-864.0,-23.0,-260.0,-92.0,-83.0,20.0,-11.0,65.0,291.0
-74.0,-869.0,-75.0,-276.0,-94.0,-207.0,-65.0,-110.0,36.0,282.0
-73.0,-850.0,-134.0,-258.0,-101.0,-304.0,-145.0,9.0,13.0,276.0
-73.0,-748.0,-169.0,-224.0,-112.0,-249.0,-121.0,-75.0,1.0,252.0
-68.0,-570.0,-240.0,-211.0,-119.0,-209.0,-90.0,-62.0,-8.0,238.0
-51.0,-492.0,-262.0,-193.0,-117.0,-213.0,-49.0,-64.0,-9.0,202.0
-28.0,-576.0,-301.0,-183.0,-104.0,-204.0,-71.0,-99.0,-3.0,149.0
8.0,-685.0,-316.0,-152.0,-76.0,-225.0,-158.0,-38.0,-3.0,92.0
54.0,-695.0,-299.0,-119.0,-42.0,-249.0,-150.0,-234.0,0.0,31.0
93.0,-567.0,-305.0,-95.0,-11.0,-212.0,-118.0,-308.0,6.0,-13.0
123.0,-274.0,-297.0,-54.0,12.0,-101.0,-138.0,-332.0,15.0,-69.0
152.0,120.0,-263.0,1.0,25.0,-42.0,-159.0,-264.0,42.0,-101.0
160.0,480.0,-239.0,53.0,26.0,-107.0,-104.0,-147.0,71.0,-123.0
169.0,739.0,-198.0,135.0,21.0,-166.0,-3.0,-129.0,105.0,-166.0
169.0,888.0,-155.0,257.0,23.0,-113.0,28.0,38.0,133.0,-203.0
154.0,934.0,-139.0,352.0,27.0,-81.0,-43.0,68.0,144.0,-236.0
153.0,905.0,-91.0,408.0,27.0,-271.0,-154.0,20.0,149.0,-265.0
134.0,879.0,-58.0,434.0,23.0,-379.0,-180.0,-199.0,139.0,-291.0
119.0,915.0,-43.0,428.0,18.0,-253.0,-125.0,-297.0,121.0,-290.0
98.0,939.0,-16.0,407.0,11.0,-189.0,-118.0,-230.0,100.0,-271.0
71.0,865.0,-5.0,370.0,1.0,-210.0,-150.0,-397.0,72.0,-250.0
39.0,736.0,0.0,318.0,-9.0,-254.0,-170.0,-443.0,36.0,-229.0
8.0,607.0,0.0,239.0,-9.0,-298.0,-177.0,-552.0,2.0,-215.0
-6.0,427.0,-3.0,118.0,2.0,-317.0,-211.0,-554.0,-41.0,-209.0
-15.0,196.0,-7.0,-23.0,14.0,-295.0,-283.0,-482.0,-87.0,-215.0
-7.0,-14.0,-15.0,-155.0,18.0,-185.0,-227.0,-423.0,-123.0,-220.0
-21.0,-129.0,-32.0,-273.0,22.0,-158.0,-104.0,-223.0,-164.0,-220.0
-34.0,-97.0,-36.0,-356.0,34.0,-278.0,-93.0,-184.0,-204.0,-222.0
-54.0,84.0,-32.0,-418.0,48.0,-294.0,-155.0,-75.0,-245.0,-231.0
-75.0,321.0,-48.0,-484.0,59.0,-271.0,-207.0,-29.0,-268.0,-220.0
-86.0,425.0,-29.0,-499.0,62.0,-308.0,-160.0,112.0,-286.0,-196.0
-86.0,319.0,-4.0,-488.0,59.0,-329.0,-38.0,254.0,-293.0,-179.0
-71.0,142.0,0.0,-479.0,55.0,-356.0,39.0,168.0,-286.0,-160.0
-63.0,86.0,25.0,-467.0,58.0,-314.0,-16.0,275.0,-269.0,-132.0
-45.0,160.0,30.0,-445.0,63.0,-340.0,-127.0,136.0,-220.0,-95.0
-43.0,333.0,52.0,-409.0,63.0,-324.0,-171.0,-22.0,-170.0,-99.0
-28.0,603.0,76.0,-399.0,53.0,-174.0,-131.0,-103.0,-116.0,-127.0
-14.0,871.0,77.0,-406.0,30.0,-133.0,-92.0,-280.0,-61.0,-157.0
-4.0,1054.0,118.0,-424.0,1.0,-108.0,-79.0,-219.0,-26.0,-205.0
25.0,1127.0,132.0,-421.0,-32.0,-150.0,-46.0,-245.0,4.0,-270.0
48.0,1034.0,130.0,-408.0,-64.0,-157.0,-57.0,-162.0,15.0,-312.0
86.0,727.0,150.0,-394.0,-81.0,-35.0,-87.0,-166.0,26.0,-335.0
112.0,309.0,116.0,-350.0,-78.0,-16.0,-81.0,-256.0,47.0,-362.0
126.0,-99.0,109.0,-313.0,-56.0,-43.0,-36.0,-243.0,58.0,-362.0
146.0,-497.0,94.0,-299.0,-31.0,-69.0,12.0,-349.0,60.0,-361.0
151.0,-877.0,34.0,-314.0,-9.0,-132.0,-18.0,-212.0,60.0,-339.0
151.0,-1174.0,25.0,-328.0,9.0,-173.0,-99.0,-205.0,35.0,-306.0
145.0,-1344.0,-19.0,-305.0,25.0,-154.0,-154.0,-84.0,-3.0,-270.0
143.0,-1431.0,-77.0,-271.0,39.0,-122.0,-137.0,92.0,-38.0,-222.0
145.0,-1468.0,-109.0,-256.0,41.0,-136.0,-43.0,114.0,-87.0,-192.0
139.0,-1474.0,-179.0,-238.0,34.0,-152.0,44.0,280.0,-124.0,-159.0
142.0,-1515.0,-230.0,-226.0,30.0,-95.0,76.0,177.0,-144.0,-138.0
131.0,-1574.0,-288.0,-245.0,30.0,-116.0,57.0,131.0,-165.0,-115.0
116.0,-1517.0,-349.0,-253.0,36.0,-208.0,-7.0,25.0,-169.0,-106.0
87.0,-1298.0,-392.0,-252.0,42.0,-106.0,-52.0,-40.0,-161.0,-121.0
54.0,-979.0,-419.0,-256.0,48.0,98.0,-50.0,75.0,-158.0,-120.0
38.0,-643.0,-445.0,-263.0,60.0,170.0,40.0,55.0,-153.0,-114.0
3.0,-390.0,-460.0,-264.0,75.0,85.0,116.0,66.0,-137.0,-138.0
-24.0,-195.0,-449.0,-228.0,88.0,77.0,51.0,-7.0,-119.0,-166.0
-49.0,-12.0,-465.0,-173.0,91.0,145.0,-17.0,81.0,-91.0,-179.0
-80.0,115.0,-447.0,-117.0,88.0,102.0,-16.0,121.0,-52.0,-225.0
-117.0,239.0,-428.0,-38.0,91.0,118.0,-9.0,127.0,-24.0,-295.0
-151.0,359.0,-407.0,24.0,94.0,166.0,60.0,214.0,-14.0,-361.0
-180.0,345.0,-375.0,37.0,91.0,155.0,292.0,129.0,-12.0,-417.0
-212.0,186.0,-347.0,20.0,81.0,121.0,403.0,240.0,-11.0,-494.0
-232.0,92.0,-295.0,-12.0,63.0,78.0,188.0,227.0,-22.0,-564.0
-249.0,163.0,-268.0,-41.0,47.0,121.0,-68.0,171.0,-36.0,-595.0
-267.0,269.0,-224.0,-76.0,42.0,98.0,-57.0,131.0,-52.0,-628.0
-281.0,282.0,-179.0,-123.0,38.0,64.0,227.0,-133.0,-60.0,-651.0
-280.0,146.0,-152.0,-179.0,38.0,150.0,358.0,-275.0,-55.0,-663.0
-271.0,-46.0,-125.0,-225.0,46.0,164.0,174.0,-441.0,-56.0,-631.0
-260.0,-102.0,-85.0,-253.0,59.0,98.0,3.0,-415.0,-53.0,-591.0
-236.0,21.0,-48.0,-282.0,69.0,29.0,23.0,-295.0,-47.0,-546.0
-211.0,179.0,-18.0,-294.0,68.0,56.0,162.0,-110.0,-38.0,-455.0
-177.0,283.0,23.0,-304.0,60.0,92.0,233.0,253.0,-30.0,-363.0
-147.0,404.0,57.0,-294.0,54.0,-18.0,177.0,341.0,-10.0,-288.0
-126.0,543.0,89.0,-252.0,44.0,-32.0,118.0,439.0,22.0,-216.0
-92.0,578.0,112.0,-190.0,20.0,115.0,90.0,439.0,42.0,-127.0
-70.0,508.0,140.0,-121.0,-14.0,166.0,-42.0,376.0,76.0,-49.0
-50.0,470.0,149.0,-92.0,-49.0,106.0,-165.0,338.0,101.0,-7.0
-22.0,500.0,168.0,-94.0,-69.0,51.0,-20.0,158.0,123.0,10.0
-15.0,521.0,179.0,-116.0,-81.0,22.0,190.0,112.0,148.0,22.0
0.0,503.0,161.0,-147.0,-92.0,-83.0,85.0,79.0,155.0,-3.0
0.0,497.0,180.0,-194.0,-98.0,-254.0,-277.0,162.0,166.0,-66.0
-14.0,537.0,155.0,-258.0,-94.0,-200.0,-387.0,151.0,170.0,-104.0
-33.0,637.0,146.0,-307.0,-80.0,-87.0,-72.0,109.0,174.0,-144.0
-49.0,766.0,130.0,-337.0,-65.0,-142.0,113.0,197.0,185.0,-201.0
-53.0,815.0,91.0,-335.0,-56.0,-150.0,-109.0,158.0,201.0,-259.0
-67.0,704.0,98.0,-292.0,-57.0,-167.0,-419.0,256.0,208.0,-315.0
-68.0,444.0,59.0,-232.0,-65.0,-183.0,-420.0,297.0,208.0,-387.0
-64.0,161.0,67.0,-172.0,-71.0,-179.0,-131.0,345.0,195.0,-483.0
-66.0,-48.0,49.0,-125.0,-71.0,-130.0,9.0,323.0,178.0,-568.0
-72.0,-237.0,11.0,-72.0,-63.0,5.0,-101.0,240.0,159.0,-639.0
-83.0,-449.0,15.0,-10.0,-49.0,-65.0,-243.0,303.0,121.0,-705.0
-100.0,-619.0,-15.0,24.0,-28.0,-158.0,-285.0,123.0,88.0,-756.0
-108.0,-753.0,-24.0,32.0,-8.0,-92.0,-340.0,18.0,52.0,-789.0
-113.0,-918.0,-37.0,24.0,-9.0,-97.0,-497.0,-35.0,10.0,-802.0
-135.0,-1075.0,-63.0,6.0,-34.0,-98.0,-525.0,-18.0,-24.0,-813.0
-140.0,-1211.0,-80.0,-18.0,-68.0,-55.0,-325.0,169.0,-62.0,-823.0
-141.0,-1339.0,-74.0,-24.0,-89.0,-8.0,-101.0,166.0,-90.0,-807.0
-140.0,-1391.0,-84.0,-44.0,-89.0,-20.0,-67.0,206.0,-104.0,-793.0
-136.0,-1370.0,-92.0,-60.0,-72.0,-135.0,-290.0,127.0,-108.0,-774.0
-142.0,-1252.0,-89.0,-34.0,-44.0,-129.0,-525.0,33.0,-102.0,-714.0
-143.0,-1005.0,-127.0,-7.0,-20.0,-77.0,-552.0,94.0,-86.0,-643.0
-143.0,-663.0,-155.0,23.0,-7.0,-101.0,-455.0,121.0,-71.0,-559.0
-142.0,-200.0,-164.0,39.0,-10.0,10.0,-289.0,238.0,-54.0,-467.0
-134.0,244.0,-187.0,65.0,-28.0,126.0,-121.0,238.0,-30.0,-359.0
-134.0,498.0,-184.0,87.0,-55.0,99.0,-133.0,325.0,0.0,-242.0
-124.0,602.0,-174.0,79.0,-83.0,27.0,-334.0,399.0,39.0,-136.0
-92.0,603.0,-169.0,94.0,-102.0,0.0,-406.0,417.0,82.0,-28.0
-64.0,492.0,-152.0,114.0,-113.0,98.0,-317.0,458.0,124.0,81.0
-37.0,349.0,-145.0,97.0,-122.0,114.0,-272.0,303.0,155.0,189.0
-18.0,286.0,-107.0,60.0,-133.0,48.0,-208.0,230.0,161.0,267.0
6.0,299.0,-87.0,2.0,-154.0,160.0,-224.0,103.0,149.0,339.0
32.0,381.0,-57.0,-51.0,-185.0,248.0,-327.0,147.0,119.0,419.0
53.0,494.0,-8.0,-60.0,-226.0,187.0,-328.0,194.0,58.0,466.0
86.0,557.0,3.0,-69.0,-263.0,129.0,-253.0,175.0,-7.0,496.0
118.0,587.0,43.0,-75.0,-288.0,207.0,-305.0,299.0,-71.0,529.0
146.0,652.0,68.0,-103.0,-295.0,320.0,-380.0,229.0,-158.0,547.0
164.0,741.0,107.0,-131.0,-279.0,233.0,-270.0,269.0,-242.0,530.0
194.0,773.0,133.0,-122.0,-240.0,114.0,-181.0,205.0,-314.0,511.0
223.0,766.0,158.0,-134.0,-193.0,121.0,-177.0,242.0,-386.0,496.0
240.0,754.0,202.0,-138.0,-156.0,132.0,-208.0,373.0,-435.0,453.0
253.0,709.0,203.0,-169.0,-138.0,113.0,-281.0,293.0,-478.0,402.0
247.0,625.0,239.0,-228.0,-138.0,125.0,-417.0,369.0,-507.0,362.0
245.0,490.0,240.0,-280.0,-147.0,131.0,-429.0,325.0,-519.0,334.0
240.0,359.0,241.0,-325.0,-155.0,108.0,-283.0,352.0,-514.0,299.0
218.0,333.0,287.0,-339.0,-157.0,84.0,-304.0,360.0,-477.0,251.0
197.0,373.0,280.0,-343.0,-146.0,139.0,-371.0,282.0,-429.0,228.0
184.0,417.0,294.0,-340.0,-114.0,194.0,-321.0,312.0,-371.0,199.0
175.0,456.0,296.0,-317.0,-63.0,95.0,-58.0,242.0,-315.0,167.0
162.0,450.0,282.0,-262.0,-14.0,68.0,259.0,284.0,-272.0,149.0
141.0,459.0,274.0,-199.0,26.0,135.0,140.0,245.0,-241.0,122.0
122.0,470.0,271.0,-127.0,56.0,166.0,-333.0,284.0,-234.0,97.0
94.0,327.0,268.0,-52.0,73.0,141.0,-553.0,424.0,-227.0,61.0
66.0,-16.0,250.0,-5.0,72.0,58.0,-253.0,371.0,-214.0,24.0
44.0,-430.0,246.0,21.0,56.0,61.0,129.0,434.0,-207.0,-4.0
27.0,-792.0,207.0,24.0,40.0,62.0,240.0,352.0,-197.0,-30.0
17.0,-1114.0,175.0,36.0,36.0,-21.0,134.0,230.0,-182.0,-51.0
-1.0,-1314.0,146.0,66.0,39.0,-85.0,-65.0,192.0,-157.0,-76.0
-6.0,-1385.0,109.0,92.0,42.0,13.0,-198.0,73.0,-120.0,-111.0
-21.0,-1492.0,59.0,99.0,41.0,200.0,-130.0,166.0,-81.0,-160.0
-49.0,-1582.0,15.0,61.0,34.0,169.0,99.0,267.0,-39.0,-220.0
-86.0,-1475.0,-21.0,17.0,26.0,56.0,224.0,375.0,-6.0,-283.0
-133.0,-1168.0,-87.0,-24.0,16.0,27.0,49.0,415.0,25.0,-337.0
-168.0,-786.0,-110.0,-62.0,14.0,35.0,-177.0,332.0,59.0,-407.0
-200.0,-421.0,-146.0,-76.0,32.0,84.0,-163.0,256.0,72.0,-456.0
-220.0,-156.0,-191.0,-91.0,73.0,76.0,26.0,121.0,72.0,-483.0
-236.0,-42.0,-232.0,-86.0,132.0,34.0,194.0,153.0,54.0,-530.0
-259.0,-39.0,-279.0,-54.0,190.0,-39.0,163.0,243.0,46.0,-551.0
-281.0,-33.0,-318.0,-46.0,236.0,-74.0,-111.0,365.0,52.0,-568.0
-283.0,88.0,-357.0,-59.0,258.0,27.0,-235.0,375.0,55.0,-568.0
-281.0,334.0,-381.0,-59.0,250.0,118.0,116.0,362.0,56.0,-560.0
-285.0,634.0,-426.0,-22.0,228.0,137.0,514.0,439.0,55.0,-565.0
-278.0,899.0,-473.0,44.0,203.0,135.0,412.0,395.0,50.0,-556.0
-278.0,1068.0,-498.0,102.0,184.0,130.0,-43.0,378.0,42.0,-562.0
-276.0,1149.0,-527.0,151.0,164.0,93.0,-189.0,199.0,27.0,-572.0
-277.0,1140.0,-550.0,165.0,137.0,56.0,29.0,177.0,-6.0,-575.0
-267.0,1014.0,-559.0,165.0,99.0,102.0,171.0,225.0,-20.0,-582.0
-243.0,837.0,-567.0,177.0,51.0,172.0,143.0,203.0,-26.0,-599.0
-219.0,724.0,-553.0,169.0,0.0,131.0,3.0,314.0,-18.0,-628.0
-186.0,659.0,-556.0,176.0,-44.0,71.0,4.0,223.0,0.0,-650.0
-170.0,530.0,-522.0,184.0,-85.0,91.0,239.0,315.0,-8.0,-662.0
-156.0,360.0,-489.0,182.0,-128.0,109.0,405.0,351.0,-10.0,-662.0
-157.0,289.0,-461.0,190.0,-167.0,154.0,366.0,264.0,-33.0,-643.0
-160.0,355.0,-381.0,215.0,-190.0,212.0,277.0,267.0,-55.0,-606.0
-169.0,460.0,-363.0,242.0,-186.0,297.0,163.0,158.0,-80.0,-573.0
-196.0,496.0,-280.0,238.0,-159.0,363.0,-15.0,173.0,-112.0,-521.0
-221.0,440.0,-203.0,238.0,-116.0,320.0,39.0,114.0,-136.0,-455.0
-253.0,311.0,-160.0,231.0,-71.0,321.0,392.0,179.0,-158.0,-391.0
-271.0,105.0,-69.0,209.0,-29.0,314.0,554.0,299.0,-176.0,-328.0
-304.0,-215.0,-15.0,191.0,10.0,250.0,266.0,386.0,-193.0,-276.0
-325.0,-637.0,55.0,170.0,48.0,269.0,-76.0,469.0,-201.0,-212.0
-330.0,-1069.0,94.0,154.0,85.0,323.0,-43.0,339.0,-201.0,-168.0
-337.0,-1461.0,143.0,145.0,112.0,358.0,247.0,423.0,-183.0,-145.0
-328.0,-1796.0,182.0,141.0,116.0,302.0,510.0,412.0,-173.0,-124.0
-316.0,-2032.0,205.0,130.0,95.0,256.0,624.0,424.0,-168.0,-117.0
-300.0,-2143.0,268.0,93.0,55.0,365.0,480.0,487.0,-150.0,-115.0
-285.0,-2112.0,288.0,23.0,4.0,400.0,217.0,280.0,-127.0,-123.0
-263.0,-1958.0,321.0,-44.0,-42.0,277.0,112.0,280.0,-98.0,-115.0
-239.0,-1753.0,333.0,-100.0,-64.0,256.0,91.0,188.0,-69.0,-88.0
-203.0,-1464.0,322.0,-135.0,-53.0,294.0,59.0,144.0,-40.0,-71.0
-177.0,-987.0,329.0,-121.0,-15.0,183.0,7.0,221.0,-33.0,-31.0
-165.0,-380.0,301.0,-89.0,25.0,64.0,56.0,184.0,-31.0,19.0
-148.0,167.0,284.0,-58.0,63.0,91.0,320.0,312.0,-37.0,46.0
-147.0,531.0,255.0,-30.0,90.0,192.0,451.0,376.0,-42.0,77.0
-146.0,741.0,227.0,-35.0,101.0,153.0,365.0,424.0,-17.0,110.0
-153.0,889.0,182.0,-51.0,102.0,57.0,277.0,408.0,10.0,124.0
-153.0,987.0,144.0,-71.0,96.0,39.0,232.0,382.0,29.0,143.0
-134.0,1063.0,106.0,-94.0,87.0,10.0,105.0,397.0,42.0,167.0
-114.0,1171.0,49.0,-117.0,74.0,-57.0,-45.0,354.0,64.0,179.0
-98.0,1318.0,24.0,-152.0,51.0,-97.0,163.0,419.0,84.0,204.0
-82.0,1415.0,-19.0,-166.0,17.0,12.0,411.0,351.0,99.0,225.0
-53.0,1330.0,-51.0,-184.0,-20.0,102.0,282.0,351.0,127.0,253.0
-28.0,1004.0,-82.0,-183.0,-56.0,52.0,75.0,271.0,156.0,286.0
-2.0,452.0,-126.0,-152.0,-91.0,-7.0,50.0,168.0,181.0,279.0
32.0,-150.0,-135.0,-145.0,-128.0,-71.0,196.0,258.0,213.0,266.0
75.0,-561.0,-154.0,-137.0,-158.0,-112.0,369.0,254.0,239.0,257.0
128.0,-722.0,-174.0,-125.0,-181.0,-134.0,282.0,450.0,254.0,243.0
162.0,-751.0,-165.0,-106.0,-196.0,-135.0,-52.0,454.0,262.0,206.0
174.0,-627.0,-159.0,-86.0,-197.0,-104.0,-155.0,378.0,259.0,159.0
195.0,-417.0,-161.0,-65.0,-185.0,-187.0,29.0,436.0,253.0,130.0
199.0,-261.0,-136.0,-22.0,-166.0,-248.0,185.0,378.0,259.0,85.0
190.0,-122.0,-113.0,14.0,-146.0,-194.0,157.0,395.0,262.0,28.0
176.0,-108.0,-81.0,41.0,-123.0,-179.0,73.0,249.0,257.0,-25.0
156.0,20.0,-50.0,62.0,-92.0,-141.0,23.0,219.0,249.0,-48.0
144.0,334.0,-30.0,82.0,-59.0,-115.0,-26.0,192.0,243.0,-62.0
128.0,561.0,-4.0,81.0,-29.0,-104.0,56.0,158.0,224.0,-76.0
115.0,695.0,0.0,76.0,-6.0,-177.0,240.0,254.0,210.0,-73.0
109.0,627.0,16.0,74.0,3.0,-282.0,368.0,223.0,192.0,-68.0
101.0,450.0,35.0,51.0,5.0,-169.0,308.0,410.0,156.0,-45.0
90.0,255.0,26.0,37.0,13.0,-87.0,112.0,487.0,110.0,-37.0
65.0,19.0,40.0,22.0,32.0,-143.0,32.0,582.0,50.0,-18.0
41.0,-93.0,21.0,22.0,60.0,-168.0,169.0,694.0,-12.0,5.0
28.0,-48.0,-13.0,38.0,87.0,-137.0,280.0,600.0,-85.0,0.0
8.0,22.0,-14.0,24.0,107.0,-92.0,182.0,642.0,-150.0,-9.0
0.0,126.0,-60.0,6.0,125.0,-156.0,103.0,539.0,-195.0,-34.0
6.0,170.0,-64.0,10.0,136.0,-187.0,194.0,535.0,-233.0,-65.0
11.0,10.0,-69.0,23.0,139.0,-45.0,304.0,513.0,-263.0,-112.0
23.0,-117.0,-110.0,60.0,145.0,-12.0,214.0,439.0,-290.0,-164.0
21.0,-128.0,-95.0,94.0,161.0,-93.0,-40.0,498.0,-292.0,-214.0
16.0,-8.0,-118.0,95.0,180.0,-95.0,-117.0,432.0,-276.0,-269.0
10.0,185.0,-116.0,79.0,187.0,-36.0,129.0,504.0,-254.0,-321.0
0.0,245.0,-110.0,51.0,174.0,-22.0,394.0,445.0,-216.0,-366.0
0.0,273.0,-148.0,7.0,150.0,-104.0,433.0,406.0,-176.0,-385.0
-3.0,370.0,-155.0,-24.0,119.0,-86.0,310.0,382.0,-135.0,-410.0
-4.0,466.0,-174.0,-21.0,84.0,-66.0,174.0,182.0,-90.0,-430.0
-4.0,504.0,-205.0,0.0,52.0,-131.0,153.0,133.0,-40.0,-431.0
-6.0,429.0,-216.0,44.0,21.0,-113.0,234.0,-31.0,22.0,-444.0
-18.0,268.0,-221.0,94.0,1.0,-50.0,306.0,70.0,83.0,-460.0
-23.0,76.0,-246.0,110.0,-5.0,-85.0,174.0,271.0,142.0,-466.0
-16.0,-146.0,-258.0,123.0,-3.0,-208.0,-5.0,306.0,214.0,-464.0
-30.0,-279.0,-266.0,153.0,8.0,-196.0,45.0,463.0,293.0,-468.0
-48.0,-337.0,-288.0,176.0,25.0,-22.0,171.0,495.0,357.0,-467.0
-68.0,-365.0,-281.0,186.0,38.0,32.0,402.0,521.0,403.0,-457.0
-99.0,-279.0,-273.0,216.0,37.0,-91.0,579.0,482.0,439.0,-437.0
-127.0,-153.0,-280.0,254.0,22.0,-129.0,289.0,441.0,446.0,-407.0
-152.0,-37.0,-264.0,262.0,0.0,-72.0,-135.0,391.0,436.0,-386.0
-174.0,-77.0,-244.0,277.0,-24.0,-54.0,-98.0,286.0,413.0,-360.0
-194.0,-336.0,-220.0,282.0,-43.0,-74.0,361.0,260.0,371.0,-340.0
-213.0,-704.0,-186.0,262.0,-55.0,-61.0,521.0,153.0,337.0,-325.0
-230.0,-1176.0,-164.0,243.0,-62.0,25.0,62.0,162.0,301.0,-317.0
-241.0,-1535.0,-100.0,199.0,-62.0,108.0,-386.0,201.0,272.0,-302.0
-262.0,-1567.0,-53.0,155.0,-50.0,128.0,-330.0,299.0,247.0,-278.0
-283.0,-1264.0,-12.0,106.0,-27.0,69.0,101.0,436.0,206.0,-272.0
-290.0,-723.0,52.0,55.0,-4.0,-78.0,559.0,447.0,156.0,-236.0
-297.0,-134.0,100.0,23.0,11.0,-158.0,619.0,484.0,95.0,-214.0
-282.0,359.0,156.0,-34.0,24.0,-65.0,177.0,456.0,28.0,-220.0
-257.0,683.0,206.0,-100.0,35.0,41.0,-213.0,504.0,-41.0,-210.0
-228.0,846.0,259.0,-179.0,39.0,141.0,-136.0,500.0,-99.0,-187.0
-186.0,936.0,302.0,-261.0,38.0,160.0,271.0,469.0,-137.0,-166.0
-156.0,1071.0,317.0,-303.0,25.0,149.0,458.0,493.0,-178.0,-167.0
-141.0,1272.0,338.0,-316.0,-6.0,175.0,83.0,343.0,-211.0,-141.0
-126.0,1483.0,353.0,-293.0,-43.0,98.0,-321.0,339.0,-235.0,-120.0
-112.0,1575.0,364.0,-235.0,-62.0,-16.0,-345.0,247.0,-250.0,-120.0
-91.0,1450.0,387.0,-155.0,-61.0,-111.0,-105.0,158.0,-258.0,-127.0
-54.0,1078.0,410.0,-87.0,-58.0,-139.0,222.0,279.0,-247.0,-130.0
-8.0,477.0,430.0,-38.0,-71.0,-100.0,366.0,208.0,-210.0,-133.0
46.0,-253.0,431.0,20.0,-94.0,-85.0,169.0,264.0,-167.0,-168.0
89.0,-1031.0,457.0,91.0,-103.0,-114.0,-79.0,254.0,-106.0,-202.0
134.0,-1652.0,451.0,171.0,-82.0,-227.0,10.0,219.0,-40.0,-233.0
177.0,-1906.0,439.0,273.0,-37.0,-313.0,365.0,299.0,18.0,-273.0
207.0,-1742.0,466.0,364.0,15.0,-218.0,537.0,317.0,94.0,-311.0
236.0,-1258.0,435.0,410.0,62.0,-162.0,153.0,421.0,167.0,-315.0
245.0,-749.0,435.0,462.0,94.0,-220.0,-329.0,343.0,244.0,-303.0
260.0,-466.0,417.0,499.0,104.0,-282.0,-250.0,301.0,330.0,-297.0
265.0,-447.0,372.0,495.0,97.0,-276.0,146.0,199.0,389.0,-265.0
266.0,-630.0,355.0,503.0,83.0,-157.0,453.0,145.0,439.0,-211.0
264.0,-848.0,287.0,492.0,60.0,-179.0,426.0,190.0,473.0,-150.0
252.0,-932.0,246.0,450.0,21.0,-260.0,18.0,127.0,476.0,-92.0
255.0,-876.0,186.0,422.0,-33.0,-260.0,-216.0,240.0,453.0,-15.0
241.0,-695.0,126.0,426.0,-91.0,-234.0,76.0,186.0,422.0,79.0
219.0,-434.0,92.0,418.0,-133.0,-168.0,405.0,218.0,381.0,167.0
196.0,-174.0,34.0,404.0,-158.0,-99.0,327.0,243.0,332.0,255.0
171.0,76.0,25.0,431.0,-168.0,-50.0,70.0,164.0,277.0,361.0
142.0,326.0,-3.0,449.0,-169.0,-136.0,-49.0,290.0,220.0,475.0
106.0,520.0,-20.0,450.0,-172.0,-194.0,52.0,297.0,188.0,591.0
74.0,694.0,-37.0,458.0,-176.0,-110.0,282.0,275.0,163.0,711.0
51.0,931.0,-80.0,448.0,-181.0,-85.0,425.0,157.0,147.0,851.0
35.0,1181.0,-76.0,405.0,-177.0,-148.0,345.0,123.0,145.0,987.0
9.0,1402.0,-131.0,348.0,-160.0,-210.0,56.0,105.0,134.0,1091.0
2.0,1499.0,-150.0,316.0,-130.0,-177.0,-74.0,36.0,139.0,1187.0
8.0,1405.0,-165.0,274.0,-92.0,-81.0,93.0,206.0,153.0,1258.0
13.0,1162.0,-212.0,221.0,-56.0,-158.0,209.0,175.0,167.0,1287.0
10.0,924.0,-204.0,165.0,-26.0,-304.0,149.0,234.0,190.0,1279.0
4.0,835.0,-243.0,107.0,-7.0,-284.0,91.0,376.0,220.0,1259.0
15.0,846.0,-261.0,80.0,-4.0,-191.0,160.0,332.0,242.0,1208.0
24.0,888.0,-247.0,66.0,-12.0,-165.0,235.0,288.0,260.0,1122.0
21.0,821.0,-266.0,49.0,-23.0,-202.0,273.0,110.0,278.0,1040.0
37.0,565.0,-245.0,11.0,-35.0,-212.0,337.0,72.0,281.0,947.0
63.0,176.0,-213.0,-17.0,-49.0,-252.0,423.0,-14.0,279.0,832.0
75.0,-296.0,-219.0,-31.0,-65.0,-217.0,415.0,-14.0,266.0,708.0
99.0,-732.0,-185.0,-38.0,-73.0,-146.0,211.0,59.0,250.0,604.0
101.0,-1051.0,-155.0,-16.0,-68.0,-181.0,50.0,77.0,234.0,519.0
102.0,-1309.0,-135.0,24.0,-55.0,-161.0,205.0,230.0,213.0,420.0
101.0,-1590.0,-92.0,56.0,-37.0,-62.0,529.0,107.0,183.0,318.0
82.0,-1834.0,-73.0,48.0,-14.0,-6.0,465.0,96.0,137.0,231.0
69.0,-2008.0,-23.0,16.0,16.0,-77.0,57.0,57.0,97.0,137.0
49.0,-2072.0,20.0,0.0,45.0,-101.0,23.0,0.0,34.0,29.0
55.0,-1861.0,66.0,0.0,61.0,-37.0,386.0,109.0,-40.0,-64.0
50.0,-1416.0,126.0,-6.0,60.0,48.0,523.0,3.0,-84.0,-130.0
47.0,-846.0,167.0,0.0,57.0,8.0,322.0,101.0,-118.0,-209.0
29.0,-300.0,192.0,3.0,72.0,-156.0,98.0,107.0,-137.0,-299.0
2.0,68.0,225.0,-19.0,107.0,-98.0,-1.0,105.0,-141.0,-349.0
-11.0,333.0,255.0,-34.0,154.0,20.0,149.0,177.0,-133.0,-385.0
-53.0,569.0,255.0,-40.0,199.0,4.0,490.0,155.0,-129.0,-434.0
-84.0,800.0,291.0,-19.0,231.0,-15.0,640.0,225.0,-133.0,-472.0
-120.0,987.0,276.0,-13.0,247.0,-13.0,439.0,160.0,-143.0,-485.0
-155.0,1026.0,277.0,-17.0,235.0,1.0,176.0,262.0,-154.0,-507.0
-184.0,909.0,308.0,-3.0,192.0,88.0,225.0,266.0,-150.0,-523.0
-197.0,756.0,282.0,5.0,124.0,172.0,405.0,243.0,-132.0,-510.0
-187.0,691.0,291.0,50.0,54.0,206.0,439.0,271.0,-88.0,-478.0
-156.0,741.0,279.0,118.0,6.0,135.0,392.0,83.0,-34.0,-425.0
-101.0,854.0,271.0,131.0,-13.0,79.0,321.0,22.0,10.0,-355.0
-43.0,908.0,282.0,122.0,-10.0,153.0,287.0,-136.0,45.0,-252.0
10.0,871.0,279.0,132.0,7.0,194.0,290.0,-173.0,76.0,-147.0
54.0,791.0,280.0,121.0,26.0,212.0,458.0,-179.0,87.0,-69.0
93.0,707.0,266.0,118.0,35.0,169.0,590.0,-171.0,85.0,15.0
117.0,662.0,238.0,117.0,30.0,291.0,448.0,-48.0,81.0,92.0
152.0,587.0,208.0,98.0,15.0,411.0,404.0,-66.0,76.0,143.0
183.0,482.0,191.0,79.0,-4.0,342.0,416.0,179.0,69.0,178.0
217.0,328.0,143.0,74.0,-19.0,335.0,353.0,323.0,42.0,217.0
253.0,39.0,121.0,86.0,-29.0,343.0,396.0,400.0,13.0,239.0
268.0,-271.0,103.0,66.0,-32.0,352.0,336.0,484.0,-29.0,217.0
286.0,-487.0,67.0,44.0,-27.0,236.0,102.0,354.0,-88.0,183.0
283.0,-628.0,62.0,62.0,-21.0,212.0,103.0,417.0,-125.0,152.0
272.0,-722.0,47.0,93.0,-21.0,317.0,421.0,336.0,-133.0,114.0
248.0,-759.0,50.0,132.0,-17.0,363.0,761.0,325.0,-120.0,55.0
214.0,-742.0,49.0,212.0,-3.0,416.0,783.0,384.0,-93.0,7.0
175.0,-682.0,52.0,284.0,21.0,407.0,475.0,201.0,-65.0,-27.0
136.0,-635.0,64.0,321.0,56.0,338.0,281.0,210.0,-43.0,-67.0
109.0,-642.0,58.0,393.0,95.0,285.0,252.0,144.0,-29.0,-92.0
84.0,-572.0,67.0,463.0,126.0,285.0,329.0,59.0,-18.0,-101.0
66.0,-311.0,64.0,493.0,140.0,340.0,465.0,142.0,13.0,-91.0
60.0,21.0,48.0,530.0,127.0,379.0,427.0,267.0,51.0,-94.0
50.0,300.0,58.0,537.0,95.0,273.0,340.0,412.0,113.0,-106.0
39.0,469.0,35.0,504.0,66.0,251.0,251.0,415.0,196.0,-93.0
46.0,467.0,24.0,467.0,52.0,273.0,201.0,400.0,271.0,-80.0
57.0,348.0,34.0,394.0,49.0,223.0,358.0,242.0,357.0,-82.0
83.0,235.0,6.0,316.0,54.0,287.0,430.0,72.0,414.0,-52.0
105.0,175.0,27.0,232.0,63.0,377.0,268.0,-127.0,447.0,8.0
134.0,135.0,43.0,155.0,64.0,401.0,187.0,-280.0,464.0,63.0
151.0,109.0,49.0,104.0,56.0,289.0,303.0,-232.0,461.0,123.0
163.0,57.0,78.0,85.0,33.0,171.0,462.0,-376.0,463.0,203.0
180.0,-2.0,105.0,114.0,4.0,200.0,514.0,-308.0,469.0,283.0
175.0,-57.0,123.0,128.0,-16.0,226.0,439.0,-251.0,475.0,333.0
190.0,-214.0,145.0,144.0,-26.0,205.0,249.0,-223.0,456.0,370.0
191.0,-393.0,176.0,148.0,-27.0,218.0,118.0,-1.0,412.0,404.0
194.0,-499.0,175.0,146.0,-30.0,236.0,219.0,-31.0,331.0,424.0
212.0,-548.0,228.0,166.0,-37.0,264.0,447.0,59.0,216.0,425.0
211.0,-510.0,250.0,159.0,-52.0,283.0,665.0,123.0,90.0,445.0
213.0,-389.0,257.0,130.0,-74.0,343.0,604.0,158.0,-44.0,474.0
205.0,-216.0,298.0,69.0,-92.0,425.0,360.0,216.0,-169.0,482.0
203.0,-20.0,296.0,-9.0,-96.0,304.0,241.0,147.0,-283.0,505.0
205.0,193.0,319.0,-49.0,-81.0,188.0,163.0,110.0,-387.0,550.0
202.0,446.0,325.0,-42.0,-57.0,194.0,70.0,-79.0,-484.0,596.0
188.0,661.0,328.0,-11.0,-44.0,186.0,31.0,-184.0,-582.0,623.0
176.0,837.0,332.0,34.0,-44.0,179.0,279.0,-245.0,-665.0,666.0
159.0,1027.0,312.0,89.0,-56.0,160.0,662.0,-195.0,-719.0,725.0
122.0,1138.0,287.0,128.0,-70.0,185.0,617.0,-103.0,-754.0,748.0
106.0,1128.0,245.0,161.0,-76.0,156.0,252.0,-73.0,-760.0,762.0
79.0,1049.0,209.0,205.0,-74.0,125.0,15.0,55.0,-743.0,795.0
55.0,887.0,177.0,242.0,-60.0,215.0,3.0,-27.0,-730.0,828.0
38.0,582.0,134.0,278.0,-39.0,229.0,243.0,-1.0,-695.0,840.0
20.0,154.0,93.0,301.0,-16.0,191.0,553.0,-22.0,-658.0,853.0
24.0,-366.0,68.0,305.0,11.0,145.0,595.0,-131.0,-634.0,900.0
23.0,-914.0,26.0,318.0,42.0,120.0,225.0,-129.0,-588.0,933.0
26.0,-1364.0,14.0,326.0,69.0,153.0,-264.0,-297.0,-522.0,935.0
29.0,-1626.0,8.0,326.0,83.0,89.0,-262.0,-295.0,-442.0,966.0
53.0,-1613.0,-21.0,334.0,85.0,66.0,239.0,-345.0,-363.0,980.0
84.0,-1352.0,-24.0,341.0,85.0,138.0,599.0,-410.0,-288.0,942.0
112.0,-888.0,-45.0,329.0,76.0,154.0,516.0,-328.0,-213.0,896.0
145.0,-337.0,-76.0,321.0,60.0,81.0,190.0,-315.0,-124.0,838.0
163.0,84.0,-95.0,308.0,41.0,31.0,-176.0,-232.0,-52.0,775.0
192.0,278.0,-85.0,280.0,28.0,152.0,-298.0,-234.0,15.0,682.0
196.0,287.0,-97.0,254.0,26.0,212.0,5.0,-188.0,91.0,589.0
194.0,330.0,-108.0,245.0,33.0,158.0,383.0,-145.0,156.0,527.0
200.0,457.0,-69.0,238.0,54.0,199.0,433.0,-60.0,228.0,449.0
206.0,520.0,-67.0,228.0,80.0,266.0,197.0,51.0,300.0,370.0
212.0,528.0,-47.0,227.0,97.0,298.0,70.0,68.0,358.0,292.0
214.0,530.0,5.0,207.0,101.0,315.0,236.0,127.0,400.0,217.0
233.0,521.0,29.0,166.0,85.0,354.0,363.0,-27.0,433.0,122.0
250.0,487.0,63.0,132.0,55.0,402.0,137.0,-105.0,450.0,30.0
284.0,426.0,116.0,86.0,14.0,356.0,-153.0,-225.0,438.0,-31.0
300.0,322.0,143.0,33.0,-36.0,313.0,-74.0,-354.0,428.0,-89.0
302.0,167.0,166.0,15.0,-79.0,352.0,149.0,-219.0,418.0,-145.0
310.0,-63.0,184.0,9.0,-103.0,340.0,272.0,-284.0,400.0,-202.0
312.0,-310.0,201.0,0.0,-105.0,314.0,320.0,-236.0,392.0,-239.0
325.0,-433.0,219.0,-24.0,-88.0,306.0,95.0,-214.0,379.0,-272.0
343.0,-438.0,209.0,-53.0,-58.0,248.0,-263.0,-236.0,367.0,-311.0
373.0,-337.0,200.0,-58.0,-26.0,208.0,-264.0,-90.0,368.0,-344.0
408.0,-125.0,189.0,-78.0,-8.0,212.0,51.0,-114.0,369.0,-362.0
426.0,149.0,174.0,-105.0,-5.0,252.0,260.0,-112.0,373.0,-376.0
445.0,491.0,152.0,-134.0,-14.0,321.0,333.0,-223.0,373.0,-387.0
478.0,728.0,134.0,-155.0,-22.0,317.0,237.0,-362.0,361.0,-370.0
502.0,644.0,106.0,-178.0,-20.0,329.0,-41.0,-417.0,348.0,-359.0
523.0,228.0,54.0,-179.0,-11.0,387.0,-182.0,-415.0,332.0,-354.0
543.0,-379.0,13.0,-163.0,-2.0,335.0,-171.0,-328.0,299.0,-330.0
551.0,-798.0,-30.0,-198.0,0.0,256.0,-130.0,-343.0,269.0,-293.0
547.0,-860.0,-65.0,-234.0,0.0,201.0,-4.0,-280.0,235.0,-256.0
526.0,-628.0,-108.0,-273.0,-4.0,257.0,149.0,-384.0,179.0,-238.0
501.0,-143.0,-133.0,-306.0,-11.0,358.0,184.0,-408.0,124.0,-228.0
468.0,321.0,-139.0,-307.0,-18.0,358.0,104.0,-328.0,61.0,-238.0
432.0,579.0,-168.0,-299.0,-23.0,365.0,-75.0,-391.0,6.0,-273.0
409.0,624.0,-185.0,-266.0,-19.0,337.0,-202.0,-245.0,-30.0,-314.0
388.0,428.0,-195.0,-230.0,-7.0,368.0,-168.0,-205.0,-55.0,-353.0
367.0,39.0,-197.0,-211.0,9.0,472.0,-106.0,-103.0,-58.0,-373.0
344.0,-309.0,-198.0,-185.0,24.0,523.0,63.0,18.0,-50.0,-402.0
313.0,-515.0,-200.0,-148.0,35.0,513.0,105.0,53.0,-60.0,-421.0
276.0,-624.0,-193.0,-141.0,49.0,424.0,-171.0,138.0,-70.0,-429.0
237.0,-551.0,-207.0,-138.0,71.0,392.0,-282.0,83.0,-87.0,-456.0
198.0,-349.0,-221.0,-127.0,93.0,413.0,-35.0,121.0,-123.0,-488.0
155.0,-166.0,-219.0,-107.0,114.0,424.0,196.0,49.0,-132.0,-533.0
131.0,-86.0,-239.0,-85.0,135.0,431.0,56.0,48.0,-123.0,-570.0
106.0,-108.0,-238.0,-97.0,145.0,468.0,-320.0,90.0,-111.0,-639.0
77.0,-66.0,-233.0,-94.0,145.0,485.0,-448.0,25.0,-92.0,-682.0
62.0,201.0,-242.0,-79.0,138.0,392.0,-199.0,92.0,-65.0,-681.0
31.0,627.0,-226.0,-34.0,125.0,338.0,84.0,-44.0,-32.0,-676.0
0.0,1000.0,-205.0,13.0,101.0,370.0,149.0,-107.0,-12.0,-626.0
-41.0,1237.0,-188.0,32.0,59.0,413.0,74.0,-194.0,13.0,-550.0
-74.0,1306.0,-175.0,87.0,11.0,370.0,-38.0,-290.0,34.0,-432.0
-92.0,1187.0,-150.0,95.0,-26.0,300.0,-178.0,-232.0,47.0,-325.0
-116.0,928.0,-126.0,44.0,-47.0,275.0,-256.0,-284.0,52.0,-224.0
-119.0,636.0,-111.0,6.0,-48.0,276.0,-141.0,-140.0,56.0,-111.0
-124.0,354.0,-88.0,-27.0,-40.0,262.0,41.0,-138.0,57.0,-9.0
-121.0,55.0,-62.0,-71.0,-29.0,236.0,26.0,-166.0,41.0,91.0
-120.0,-191.0,-47.0,-114.0,-15.0,358.0,-89.0,-94.0,38.0,175.0
-124.0,-299.0,-39.0,-156.0,0.0,415.0,-107.0,-90.0,44.0,284.0
-114.0,-265.0,-17.0,-175.0,14.0,357.0,-8.0,59.0,54.0,400.0
-103.0,-208.0,-14.0,-152.0,24.0,382.0,105.0,1.0,64.0,510.0
-88.0,-285.0,1.0,-113.0,27.0,404.0,134.0,-11.0,70.0,628.0
-81.0,-507.0,-4.0,-62.0,29.0,363.0,37.0,16.0,70.0,752.0
-63.0,-687.0,8.0,-16.0,34.0,285.0,-202.0,-97.0,70.0,852.0
-38.0,-717.0,29.0,46.0,46.0,332.0,-370.0,-134.0,65.0,940.0
-18.0,-642.0,0.0,123.0,59.0,461.0,-350.0,-223.0,55.0,1025.0
0.0,-423.0,37.0,179.0,53.0,439.0,-143.0,-251.0,36.0,1071.0
14.0,-135.0,51.0,230.0,23.0,392.0,117.0,-319.0,6.0,1090.0
37.0,81.0,65.0,245.0,-22.0,421.0,38.0,-290.0,-24.0,1096.0
49.0,209.0,119.0,246.0,-70.0,406.0,-316.0,-238.0,-69.0,1127.0
66.0,198.0,160.0,253.0,-96.0,376.0,-437.0,-273.0,-118.0,1179.0
74.0,68.0,200.0,260.0,-89.0,361.0,-129.0,-162.0,-168.0,1231.0
90.0,-26.0,220.0,243.0,-54.0,400.0,129.0,-219.0,-209.0,1311.0
109.0,-19.0,251.0,204.0,-3.0,385.0,4.0,-236.0,-242.0,1399.0
115.0,-9.0,273.0,220.0,49.0,300.0,-226.0,-299.0,-271.0,1480.0
125.0,41.0,291.0,203.0,92.0,264.0,-247.0,-388.0,-276.0,1569.0
130.0,270.0,311.0,145.0,114.0,203.0,-35.0,-282.0,-276.0,1645.0
151.0,575.0,305.0,112.0,114.0,181.0,62.0,-351.0,-267.0,1697.0
157.0,793.0,302.0,79.0,104.0,223.0,-20.0,-358.0,-252.0,1727.0
180.0,828.0,295.0,47.0,92.0,265.0,-143.0,-378.0,-240.0,1709.0
206.0,614.0,291.0,29.0,73.0,214.0,-260.0,-345.0,-212.0,1653.0
224.0,294.0,291.0,47.0,46.0,141.0,-302.0,-349.0,-166.0,1575.0
252.0,-3.0,278.0,69.0,17.0,150.0,-370.0,-465.0,-123.0,1481.0
263.0,-289.0,268.0,69.0,-13.0,162.0,-349.0,-395.0,-59.0,1369.0
281.0,-548.0,231.0,53.0,-43.0,106.0,-129.0,-465.0,23.0,1260.0
290.0,-790.0,213.0,68.0,-68.0,29.0,-57.0,-375.0,96.0,1154.0
314.0,-1037.0,208.0,85.0,-76.0,97.0,-330.0,-290.0,160.0,1048.0
316.0,-1240.0,185.0,84.0,-62.0,164.0,-476.0,-321.0,213.0,941.0
315.0,-1314.0,196.0,124.0,-44.0,162.0,-288.0,-267.0,226.0,826.0
309.0,-1248.0,173.0,138.0,-33.0,184.0,-230.0,-410.0,201.0,716.0
280.0,-980.0,175.0,103.0,-38.0,244.0,-369.0,-384.0,165.0,594.0
252.0,-449.0,169.0,89.0,-51.0,252.0,-333.0,-363.0,121.0,477.0
208.0,181.0,125.0,103.0,-70.0,147.0,-85.0,-363.0,80.0,369.0
175.0,764.0,123.0,94.0,-88.0,174.0,-31.0,-260.0,28.0,268.0
147.0,1308.0,88.0,96.0,-94.0,323.0,-239.0,-243.0,-16.0,184.0
126.0,1813.0,51.0,93.0,-80.0,349.0,-428.0,-192.0,-42.0,89.0
89.0,2209.0,8.0,55.0,-47.0,285.0,-434.0,-303.0,-69.0,6.0
64.0,2374.0,-37.0,28.0,-13.0,277.0,-297.0,-369.0,-74.0,-71.0
39.0,2208.0,-81.0,17.0,15.0,344.0,-225.0,-417.0,-87.0,-161.0
0.0,1783.0,-115.0,27.0,38.0,361.0,-304.0,-461.0,-95.0,-236.0
-27.0,1241.0,-144.0,51.0,61.0,319.0,-416.0,-399.0,-94.0,-309.0
-41.0,675.0,-173.0,49.0,93.0,397.0,-439.0,-373.0,-106.0,-374.0
-35.0,81.0,-172.0,28.0,131.0,417.0,-445.0,-216.0,-120.0,-440.0
-30.0,-466.0,-182.0,20.0,162.0,342.0,-367.0,-160.0,-148.0,-511.0
-7.0,-811.0,-154.0,0.0,172.0,356.0,-247.0,-112.0,-179.0,-558.0
25.0,-956.0,-127.0,-39.0,157.0,416.0,-383.0,-136.0,-215.0,-599.0
58.0,-980.0,-105.0,-75.0,126.0,446.0,-664.0,-271.0,-244.0,-602.0
78.0,-924.0,-44.0,-122.0,82.0,391.0,-735.0,-328.0,-262.0,-569.0
97.0,-794.0,-5.0,-158.0,21.0,489.0,-498.0,-563.0,-275.0,-521.0
110.0,-622.0,31.0,-158.0,-52.0,586.0,-252.0,-607.0,-275.0,-443.0
117.0,-458.0,65.0,-105.0,-121.0,442.0,-233.0,-596.0,-275.0,-351.0
126.0,-373.0,101.0,-46.0,-164.0,372.0,-314.0,-559.0,-277.0,-255.0
130.0,-366.0,133.0,-34.0,-178.0,479.0,-375.0,-380.0,-294.0,-169.0
137.0,-343.0,169.0,-20.0,-174.0,569.0,-420.0,-339.0,-321.0,-99.0
138.0,-322.0,213.0,10.0,-156.0,449.0,-447.0,-243.0,-333.0,-31.0
147.0,-374.0,251.0,16.0,-122.0,323.0,-392.0,-254.0,-349.0,26.0
137.0,-586.0,268.0,24.0,-76.0,402.0,-243.0,-247.0,-348.0,53.0
121.0,-897.0,289.0,24.0,-26.0,462.0,-204.0,-343.0,-304.0,63.0
97.0,-1050.0,305.0,13.0,15.0,446.0,-344.0,-517.0,-238.0,66.0
67.0,-905.0,285.0,7.0,40.0,411.0,-493.0,-458.0,-155.0,49.0
56.0,-555.0,273.0,-10.0,49.0,300.0,-552.0,-502.0,-63.0,20.0
41.0,-200.0,241.0,-32.0,43.0,229.0,-518.0,-391.0,22.0,-9.0
32.0,68.0,204.0,-94.0,39.0,280.0,-532.0,-230.0,97.0,-48.0
28.0,295.0,178.0,-152.0,45.0,350.0,-498.0,-103.0,161.0,-83.0
19.0,511.0,148.0,-183.0,59.0,319.0,-285.0,38.0,203.0,-104.0
16.0,696.0,116.0,-181.0,83.0,242.0,-176.0,-40.0,256.0,-125.0
1.0,784.0,83.0,-176.0,112.0,259.0,-307.0,-44.0,320.0,-144.0
-18.0,757.0,45.0,-165.0,142.0,350.0,-563.0,-142.0,375.0,-160.0
-20.0,687.0,-8.0,-106.0,159.0,409.0,-638.0,-251.0,436.0,-176.0
-9.0,631.0,-55.0,-85.0,152.0,395.0,-346.0,-358.0,467.0,-196.0
11.0,540.0,-127.0,-85.0,126.0,366.0,-116.0,-545.0,479.0,-218.0
29.0,279.0,-197.0,-124.0,88.0,333.0,-261.0,-567.0,474.0,-250.0
48.0,-189.0,-257.0,-195.0,50.0,265.0,-473.0,-604.0,449.0,-288.0
73.0,-644.0,-317.0,-267.0,24.0,208.0,-467.0,-517.0,412.0,-343.0
94.0,-819.0,-377.0,-356.0,20.0,336.0,-341.0,-528.0,368.0,-415.0
104.0,-639.0,-435.0,-408.0,26.0,465.0,-317.0,-545.0,336.0,-464.0
123.0,-229.0,-481.0,-435.0,17.0,396.0,-376.0,-524.0,292.0,-500.0
150.0,242.0,-554.0,-449.0,-13.0,352.0,-339.0,-703.0,248.0,-515.0
156.0,664.0,-600.0,-461.0,-59.0,356.0,-313.0,-667.0,213.0,-496.0
157.0,941.0,-641.0,-472.0,-111.0,409.0,-353.0,-685.0,174.0,-469.0
145.0,1002.0,-672.0,-463.0,-156.0,401.0,-250.0,-642.0,129.0,-422.0
131.0,821.0,-688.0,-452.0,-172.0,397.0,-169.0,-489.0,85.0,-374.0
116.0,476.0,-707.0,-418.0,-155.0,515.0,-319.0,-412.0,40.0,-341.0
100.0,88.0,-697.0,-386.0,-120.0,475.0,-485.0,-338.0,-12.0,-297.0
98.0,-266.0,-697.0,-346.0,-96.0,331.0,-567.0,-397.0,-65.0,-262.0
88.0,-532.0,-682.0,-273.0,-98.0,262.0,-656.0,-280.0,-117.0,-243.0
76.0,-699.0,-642.0,-215.0,-115.0,253.0,-682.0,-256.0,-173.0,-230.0
52.0,-804.0,-618.0,-121.0,-124.0,223.0,-537.0,-232.0,-221.0,-247.0
19.0,-849.0,-569.0,-30.0,-115.0,129.0,-340.0,-212.0,-262.0,-267.0
-6.0,-782.0,-512.0,38.0,-85.0,139.0,-325.0,-303.0,-312.0,-273.0
-38.0,-558.0,-457.0,134.0,-45.0,212.0,-476.0,-188.0,-346.0,-282.0
-62.0,-265.0,-380.0,195.0,-4.0,184.0,-440.0,-249.0,-366.0,-278.0
-75.0,-56.0,-311.0,249.0,26.0,169.0,-185.0,-219.0,-383.0,-271.0
-81.0,66.0,-247.0,289.0,51.0,152.0,-224.0,-218.0,-400.0,-264.0
-70.0,167.0,-189.0,307.0,67.0,60.0,-563.0,-319.0,-411.0,-237.0
-76.0,217.0,-129.0,304.0,65.0,21.0,-613.0,-382.0,-411.0,-210.0
-83.0,243.0,-89.0,278.0,56.0,79.0,-430.0,-618.0,-423.0,-187.0
-85.0,276.0,-41.0,240.0,45.0,89.0,-430.0,-644.0,-427.0,-166.0
-94.0,260.0,-1.0,163.0,39.0,-39.0,-442.0,-709.0,-411.0,-163.0
-83.0,183.0,25.0,62.0,36.0,-93.0,-326.0,-694.0,-376.0,-181.0
-76.0,2.0,60.0,-34.0,28.0,-64.0,-238.0,-487.0,-324.0,-212.0
-69.0,-251.0,62.0,-145.0,9.0,-121.0,-168.0,-338.0,-270.0,-261.0
-68.0,-362.0,91.0,-227.0,-15.0,-147.0,-190.0,-169.0,-221.0,-334.0
-82.0,-335.0,102.0,-245.0,-39.0,-106.0,-314.0,-205.0,-183.0,-402.0
-94.0,-393.0,96.0,-279.0,-47.0,-62.0,-300.0,-245.0,-143.0,-468.0
-109.0,-561.0,97.0,-311.0,-29.0,-36.0,-225.0,-358.0,-116.0,-536.0
-117.0,-715.0,101.0,-326.0,8.0,-62.0,-314.0,-441.0,-100.0,-587.0
-126.0,-721.0,110.0,-340.0,49.0,-71.0,-311.0,-434.0,-74.0,-621.0
-105.0,-538.0,100.0,-337.0,82.0,-139.0,-151.0,-550.0,-44.0,-626.0
-75.0,-323.0,104.0,-329.0,105.0,-269.0,-161.0,-528.0,-35.0,-609.0
-50.0,-237.0,94.0,-282.0,113.0,-219.0,-311.0,-602.0,-26.0,-562.0
-11.0,-218.0,114.0,-223.0,96.0,-114.0,-432.0,-618.0,-20.0,-490.0
17.0,-182.0,126.0,-181.0,58.0,-124.0,-506.0,-561.0,-23.0,-414.0
34.0,-167.0,128.0,-128.0,16.0,-233.0,-486.0,-511.0,-29.0,-330.0
40.0,-124.0,167.0,-70.0,-14.0,-327.0,-341.0,-293.0,-44.0,-230.0
43.0,-9.0,179.0,-34.0,-27.0,-242.0,-180.0,-260.0,-60.0,-123.0
41.0,131.0,185.0,1.0,-28.0,-183.0,-157.0,-142.0,-69.0,-39.0
37.0,267.0,193.0,51.0,-33.0,-277.0,-226.0,-190.0,-77.0,53.0
40.0,377.0,215.0,56.0,-54.0,-272.0,-294.0,-343.0,-82.0,145.0
41.0,482.0,210.0,26.0,-92.0,-183.0,-360.0,-253.0,-69.0,217.0
51.0,607.0,187.0,-12.0,-134.0,-187.0,-303.0,-280.0,-60.0,294.0
55.0,772.0,205.0,-72.0,-160.0,-262.0,-96.0,-177.0,-64.0,357.0
56.0,951.0,196.0,-138.0,-162.0,-290.0,-90.0,-234.0,-85.0,405.0
50.0,1065.0,177.0,-171.0,-153.0,-175.0,-326.0,-332.0,-109.0,426.0
27.0,1084.0,171.0,-177.0,-148.0,-128.0,-490.0,-236.0,-135.0,439.0
11.0,1019.0,147.0,-173.0,-147.0,-182.0,-509.0,-240.0,-179.0,425.0
-13.0,884.0,116.0,-145.0,-141.0,-249.0,-331.0,-214.0,-198.0,387.0
-14.0,685.0,94.0,-112.0,-122.0,-279.0,-136.0,-321.0,-204.0,352.0
-2.0,405.0,62.0,-96.0,-89.0,-263.0,-259.0,-448.0,-206.0,300.0
19.0,61.0,42.0,-77.0,-41.0,-306.0,-417.0,-583.0,-203.0,252.0
60.0,-277.0,26.0,-20.0,20.0,-229.0,-249.0,-609.0,-197.0,205.0
82.0,-508.0,-14.0,36.0,90.0,-158.0,-10.0,-511.0,-179.0,169.0
107.0,-525.0,-29.0,81.0,160.0,-163.0,-46.0,-434.0,-170.0,146.0
99.0,-423.0,-34.0,94.0,213.0,-132.0,-195.0,-194.0,-151.0,149.0
80.0,-339.0,-75.0,41.0,232.0,-195.0,-183.0,-131.0,-126.0,175.0
45.0,-185.0,-105.0,-29.0,218.0,-296.0,-211.0,-81.0,-104.0,199.0
3.0,81.0,-138.0,-100.0,181.0,-327.0,-375.0,-73.0,-80.0,237.0
-22.0,307.0,-215.0,-179.0,142.0,-241.0,-391.0,-232.0,-65.0,271.0
-44.0,376.0,-252.0,-252.0,124.0,-187.0,-130.0,-273.0,-55.0,296.0
-52.0,352.0,-306.0,-310.0,130.0,-290.0,169.0,-400.0,-50.0,300.0
-74.0,323.0,-362.0,-361.0,144.0,-306.0,80.0,-323.0,-49.0,297.0
-64.0,200.0,-366.0,-382.0,148.0,-188.0,-372.0,-267.0,-43.0,288.0
-64.0,-139.0,-408.0,-378.0,133.0,-169.0,-659.0,-336.0,-41.0,247.0
-83.0,-581.0,-422.0,-336.0,93.0,-208.0,-484.0,-314.0,-46.0,192.0
-98.0,-881.0,-441.0,-271.0,34.0,-299.0,-148.0,-439.0,-29.0,135.0
-123.0,-919.0,-460.0,-223.0,-31.0,-351.0,1.0,-447.0,-13.0,97.0
-132.0,-785.0,-447.0,-173.0,-96.0,-278.0,-50.0,-574.0,-3.0,68.0
-144.0,-645.0,-466.0,-155.0,-154.0,-348.0,-224.0,-598.0,5.0,59.0
-150.0,-558.0,-446.0,-127.0,-196.0,-515.0,-286.0,-524.0,-8.0,78.0
-153.0,-450.0,-431.0,-65.0,-216.0,-629.0,-229.0,-613.0,-21.0,85.0
-154.0,-229.0,-423.0,-2.0,-219.0,-641.0,-237.0,-522.0,-29.0,82.0
-162.0,81.0,-403.0,41.0,-220.0,-586.0,-243.0,-552.0,-43.0,65.0
-181.0,336.0,-394.0,51.0,-230.0,-558.0,-238.0,-476.0,-58.0,35.0
-186.0,458.0,-380.0,83.0,-247.0,-572.0,-242.0,-423.0,-66.0,-2.0
-193.0,494.0,-371.0,92.0,-264.0,-608.0,-183.0,-450.0,-67.0,-53.0
-212.0,488.0,-364.0,80.0,-271.0,-494.0,-51.0,-432.0,-71.0,-88.0
-221.0,471.0,-362.0,62.0,-266.0,-377.0,-38.0,-522.0,-80.0,-122.0
-222.0,412.0,-329.0,10.0,-252.0,-405.0,-312.0,-448.0,-96.0,-150.0
-225.0,198.0,-299.0,-34.0,-234.0,-475.0,-548.0,-532.0,-121.0,-146.0
-231.0,-151.0,-265.0,-79.0,-214.0,-557.0,-450.0,-509.0,-161.0,-124.0
-247.0,-374.0,-201.0,-83.0,-191.0,-588.0,-169.0,-504.0,-204.0,-74.0
-258.0,-321.0,-149.0,-72.0,-160.0,-579.0,73.0,-696.0,-246.0,-30.0
-267.0,-151.0,-91.0,-100.0,-120.0,-527.0,82.0,-630.0,-294.0,22.0
-274.0,21.0,-24.0,-127.0,-72.0,-394.0,-233.0,-583.0,-339.0,78.0
-260.0,215.0,18.0,-148.0,-20.0,-308.0,-579.0,-461.0,-370.0,96.0
-246.0,405.0,43.0,-161.0,27.0,-349.0,-599.0,-448.0,-388.0,91.0
-220.0,481.0,75.0,-145.0,73.0,-361.0,-407.0,-465.0,-395.0,71.0
-192.0,423.0,72.0,-120.0,121.0,-261.0,-177.0,-410.0,-374.0,33.0
-184.0,423.0,76.0,-110.0,180.0,-216.0,172.0,-456.0,-334.0,-58.0
-183.0,567.0,98.0,-108.0,240.0,-321.0,428.0,-330.0,-301.0,-163.0
-190.0,706.0,100.0,-115.0,286.0,-431.0,244.0,-400.0,-244.0,-273.0
-208.0,794.0,123.0,-119.0,312.0,-487.0,-207.0,-432.0,-188.0,-403.0
-239.0,906.0,137.0,-129.0,322.0,-493.0,-492.0,-415.0,-135.0,-529.0
-256.0,955.0,146.0,-139.0,330.0,-498.0,-409.0,-484.0,-65.0,-636.0
-272.0,812.0,144.0,-117.0,334.0,-484.0,-85.0,-378.0,-15.0,-709.0
-288.0,563.0,149.0,-135.0,334.0,-451.0,221.0,-419.0,26.0,-755.0
-292.0,291.0,138.0,-183.0,335.0,-545.0,376.0,-360.0,57.0,-752.0
-292.0,-36.0,120.0,-190.0,330.0,-554.0,329.0,-225.0,55.0,-717.0
-281.0,-324.0,141.0,-199.0,304.0,-472.0,76.0,-145.0,28.0,-651.0
-294.0,-380.0,130.0,-204.0,253.0,-475.0,-250.0,-57.0,-20.0,-563.0
-291.0,-339.0,140.0,-177.0,191.0,-561.0,-411.0,-84.0,-96.0,-471.0
-269.0,-420.0,156.0,-136.0,130.0,-657.0,-243.0,-73.0,-187.0,-376.0
-257.0,-547.0,161.0,-102.0,69.0,-592.0,85.0,-105.0,-274.0,-307.0
-239.0,-635.0,157.0,-73.0,12.0,-579.0,302.0,-18.0,-353.0,-250.0
-223.0,-654.0,141.0,-61.0,-28.0,-630.0,372.0,1.0,-435.0,-194.0
-194.0,-529.0,132.0,-65.0,-57.0,-609.0,286.0,-131.0,-497.0,-158.0
-173.0,-328.0,102.0,-58.0,-85.0,-587.0,18.0,-162.0,-540.0,-136.0
-161.0,-159.0,96.0,-24.0,-115.0,-580.0,-271.0,-334.0,-566.0,-104.0
-137.0,80.0,74.0,11.0,-143.0,-665.0,-252.0,-415.0,-552.0,-90.0
-131.0,341.0,48.0,47.0,-153.0,-632.0,113.0,-434.0,-503.0,-108.0
-131.0,352.0,46.0,93.0,-151.0,-515.0,328.0,-367.0,-428.0,-133.0
-138.0,149.0,23.0,131.0,-148.0,-618.0,136.0,-195.0,-326.0,-160.0
-139.0,-38.0,8.0,167.0,-145.0,-666.0,17.0,-77.0,-218.0,-188.0
-137.0,-109.0,-26.0,162.0,-137.0,-553.0,252.0,84.0,-114.0,-221.0
-152.0,-7.0,-67.0,128.0,-117.0,-536.0,428.0,94.0,-28.0,-225.0
-149.0,273.0,-92.0,63.0,-84.0,-632.0,140.0,197.0,42.0,-222.0
-148.0,555.0,-143.0,-8.0,-45.0,-699.0,-310.0,145.0,111.0,-227.0
-144.0,603.0,-161.0,-55.0,-2.0,-600.0,-377.0,-60.0,146.0,-224.0
-133.0,447.0,-167.0,-116.0,40.0,-570.0,-133.0,-138.0,176.0,-246.0
-143.0,252.0,-199.0,-150.0,81.0,-677.0,155.0,-297.0,207.0,-262.0
-142.0,82.0,-187.0,-181.0,118.0,-665.0,426.0,-339.0,225.0,-280.0
-143.0,-41.0,-202.0,-255.0,141.0,-587.0,514.0,-415.0,254.0,-304.0
-137.0,-128.0,-219.0,-342.0,144.0,-497.0,257.0,-430.0,261.0,-318.0
-120.0,-240.0,-218.0,-440.0,136.0,-524.0,-154.0,-415.0,257.0,-314.0
-111.0,-312.0,-249.0,-567.0,126.0,-606.0,-307.0,-410.0,239.0,-307.0
-93.0,-275.0,-264.0,-682.0,113.0,-600.0,-122.0,-199.0,212.0,-303.0
-84.0,-243.0,-270.0,-760.0,83.0,-586.0,130.0,-73.0,190.0,-276.0
-82.0,-286.0,-293.0,-799.0,40.0,-546.0,275.0,162.0,169.0,-251.0
-88.0,-366.0,-308.0,-785.0,8.0,-557.0,334.0,258.0,169.0,-227.0
-113.0,-352.0,-302.0,-748.0,-12.0,-590.0,314.0,201.0,164.0,-198.0
-142.0,-167.0,-310.0,-661.0,-36.0,-605.0,158.0,181.0,173.0,-146.0
-165.0,-32.0,-306.0,-537.0,-74.0,-598.0,0.0,-5.0,185.0,-87.0
-184.0,-179.0,-291.0,-386.0,-120.0,-582.0,-8.0,-38.0,188.0,-38.0
-197.0,-392.0,-303.0,-256.0,-163.0,-599.0,146.0,-142.0,180.0,16.0
-201.0,-308.0,-300.0,-169.0,-206.0,-553.0,299.0,-171.0,149.0,74.0
-208.0,-5.0,-304.0,-86.0,-233.0,-461.0,180.0,-127.0,110.0,126.0
-215.0,283.0,-296.0,-29.0,-239.0,-459.0,23.0,-181.0,70.0,150.0
-234.0,437.0,-286.0,33.0,-227.0,-468.0,101.0,-73.0,56.0,184.0
-268.0,399.0,-283.0,82.0,-200.0,-388.0,198.0,-14.0,47.0,225.0
-304.0,224.0,-276.0,110.0,-171.0,-402.0,208.0,114.0,40.0,265.0
-330.0,-52.0,-276.0,111.0,-131.0,-443.0,288.0,125.0,32.0,303.0
-350.0,-391.0,-255.0,76.0,-82.0,-347.0,470.0,121.0,11.0,329.0
-349.0,-712.0,-271.0,55.0,-48.0,-125.0,533.0,125.0,-20.0,353.0
-347.0,-889.0,-253.0,31.0,-29.0,21.0,324.0,18.0,-60.0,332.0
-347.0,-906.0,-255.0,8.0,-11.0,-160.0,14.0,101.0,-96.0,318.0
-342.0,-999.0,-276.0,7.0,11.0,-333.0,8.0,66.0,-133.0,299.0
-356.0,-1185.0,-259.0,0.0,25.0,-351.0,317.0,83.0,-163.0,269.0
-374.0,-1110.0,-282.0,21.0,20.0,-383.0,458.0,133.0,-192.0,254.0
-398.0,-612.0,-261.0,65.0,1.0,-386.0,250.0,136.0,-224.0,225.0
-409.0,26.0,-284.0,83.0,-17.0,-413.0,34.0,182.0,-259.0,224.0
-419.0,530.0,-284.0,106.0,-25.0,-426.0,58.0,75.0,-297.0,222.0
-425.0,803.0,-248.0,124.0,-25.0,-502.0,230.0,24.0,-328.0,210.0
-410.0,875.0,-257.0,125.0,-24.0,-586.0,431.0,-127.0,-349.0,211.0
-391.0,902.0,-212.0,99.0,-16.0,-458.0,590.0,-225.0,-369.0,197.0
-362.0,897.0,-186.0,76.0,9.0,-409.0,548.0,-245.0,-366.0,161.0
-331.0,727.0,-158.0,91.0,45.0,-565.0,324.0,-253.0,-347.0,129.0
-302.0,365.0,-127.0,103.0,71.0,-658.0,244.0,-118.0,-326.0,100.0
-271.0,-35.0,-99.0,76.0,77.0,-644.0,346.0,-153.0,-297.0,60.0
-237.0,-353.0,-56.0,40.0,72.0,-624.0,480.0,-66.0,-273.0,27.0
-211.0,-656.0,-47.0,27.0,67.0,-645.0,482.0,-73.0,-249.0,-11.0
-174.0,-986.0,-9.0,0.0,63.0,-686.0,272.0,-96.0,-217.0,-49.0
-136.0,-1232.0,16.0,-34.0,62.0,-674.0,134.0,94.0,-183.0,-91.0
-93.0,-1281.0,31.0,-53.0,61.0,-631.0,193.0,53.0,-155.0,-134.0
-40.0,-1120.0,30.0,-83.0,50.0,-584.0,300.0,73.0,-114.0,-164.0
12.0,-757.0,28.0,-94.0,25.0,-544.0,321.0,-16.0,-80.0,-193.0
67.0,-241.0,24.0,-100.0,-11.0,-516.0,329.0,-79.0,-36.0,-200.0
81.0,213.0,-11.0,-88.0,-53.0,-463.0,397.0,-16.0,29.0,-217.0
86.0,429.0,9.0,-41.0,-95.0,-480.0,368.0,-84.0,95.0,-231.0
99.0,470.0,4.0,-8.0,-125.0,-486.0,276.0,-44.0,169.0,-235.0
105.0,419.0,12.0,8.0,-142.0,-459.0,323.0,-133.0,231.0,-255.0
103.0,208.0,13.0,37.0,-141.0,-483.0,351.0,-131.0,295.0,-252.0
103.0,-108.0,0.0,48.0,-123.0,-496.0,148.0,-125.0,344.0,-250.0
83.0,-261.0,12.0,21.0,-93.0,-465.0,90.0,-133.0,370.0,-239.0
59.0,-203.0,-26.0,-14.0,-52.0,-420.0,358.0,24.0,377.0,-213.0
23.0,-141.0,-44.0,-86.0,-17.0,-436.0,538.0,20.0,356.0,-196.0
-32.0,-143.0,-61.0,-141.0,-3.0,-365.0,417.0,184.0,326.0,-180.0
-68.0,-238.0,-70.0,-166.0,1.0,-261.0,188.0,238.0,287.0,-188.0
-121.0,-449.0,-117.0,-190.0,12.0,-262.0,72.0,212.0,241.0,-199.0
-160.0,-631.0,-143.0,-207.0,23.0,-330.0,59.0,290.0,174.0,-202.0
-197.0,-704.0,-161.0,-224.0,29.0,-375.0,47.0,266.0,94.0,-215.0
-228.0,-678.0,-217.0,-211.0,31.0,-337.0,46.0,365.0,7.0,-224.0
-260.0,-536.0,-231.0,-207.0,34.0,-360.0,104.0,282.0,-82.0,-227.0
-299.0,-302.0,-260.0,-197.0,39.0,-382.0,180.0,186.0,-161.0,-250.0
-332.0,31.0,-282.0,-179.0,38.0,-337.0,236.0,107.0,-237.0,-301.0
-371.0,421.0,-290.0,-159.0,36.0,-256.0,275.0,27.0,-312.0,-366.0
-409.0,717.0,-298.0,-86.0,41.0,-223.0,265.0,70.0,-362.0,-448.0
-460.0,833.0,-293.0,-14.0,49.0,-212.0,118.0,51.0,-390.0,-528.0
-495.0,866.0,-257.0,40.0,60.0,-137.0,-169.0,92.0,-401.0,-600.0
-535.0,939.0,-233.0,63.0,70.0,-156.0,-292.0,-22.0,-378.0,-647.0
-553.0,970.0,-204.0,67.0,75.0,-190.0,-51.0,92.0,-335.0,-664.0
-566.0,945.0,-164.0,107.0,77.0,-243.0,247.0,321.0,-282.0,-677.0
-580.0,976.0,-134.0,107.0,66.0,-339.0,251.0,341.0,-219.0,-674.0
-570.0,1079.0,-120.0,77.0,33.0,-271.0,35.0,489.0,-147.0,-658.0
-559.0,1114.0,-94.0,46.0,-9.0,-154.0,-142.0,443.0,-70.0,-639.0
-531.0,877.0,-42.0,-31.0,-47.0,-179.0,-233.0,413.0,3.0,-606.0
-520.0,421.0,-40.0,-114.0,-82.0,-292.0,-313.0,412.0,75.0,-565.0
-501.0,17.0,17.0,-188.0,-121.0,-390.0,-338.0,319.0,141.0,-511.0
-477.0,-235.0,58.0,-268.0,-159.0,-336.0,-201.0,339.0,205.0,-449.0
-452.0,-426.0,87.0,-338.0,-178.0,-119.0,-78.0,349.0,264.0,-364.0
-434.0,-589.0,125.0,-404.0,-167.0,-44.0,-194.0,376.0,320.0,-255.0
-416.0,-672.0,131.0,-459.0,-144.0,-164.0,-420.0,206.0,381.0,-142.0
-383.0,-608.0,171.0,-487.0,-131.0,-329.0,-436.0,84.0,428.0,-7.0
-353.0,-441.0,180.0,-505.0,-139.0,-319.0,-244.0,9.0,471.0,129.0
-327.0,-413.0,218.0,-494.0,-165.0,-183.0,-172.0,-129.0,511.0,225.0
-314.0,-687.0,229.0,-463.0,-192.0,-228.0,-266.0,-53.0,533.0,312.0
-302.0,-956.0,235.0,-418.0,-202.0,-339.0,-366.0,-11.0,555.0,377.0
-291.0,-843.0,276.0,-339.0,-178.0,-446.0,-288.0,166.0,585.0,411.0
-262.0,-525.0,273.0,-272.0,-123.0,-438.0,-126.0,308.0,620.0,433.0
-226.0,-285.0,299.0,-224.0,-60.0,-386.0,-93.0,393.0,640.0,441.0
-180.0,-148.0,302.0,-152.0,-11.0,-385.0,-196.0,532.0,656.0,459.0
-135.0,42.0,307.0,-107.0,15.0,-379.0,-370.0,554.0,676.0,460.0
-93.0,440.0,321.0,-104.0,27.0,-522.0,-380.0,639.0,679.0,450.0
-64.0,910.0,307.0,-91.0,25.0,-638.0,-223.0,487.0,686.0,433.0
-48.0,1261.0,327.0,-79.0,5.0,-603.0,-78.0,352.0,684.0,396.0
-33.0,1449.0,326.0,-81.0,-25.0,-509.0,7.0,336.0,659.0,349.0
-27.0,1472.0,312.0,-93.0,-41.0,-557.0,38.0,297.0,617.0,277.0
-6.0,1296.0,324.0,-91.0,-31.0,-686.0,56.0,330.0,560.0,209.0
6.0,920.0,307.0,-79.0,-12.0,-646.0,63.0,173.0,501.0,134.0
25.0,416.0,278.0,-88.0,2.0,-585.0,14.0,121.0,425.0,64.0
40.0,-103.0,260.0,-111.0,13.0,-569.0,-37.0,49.0,348.0,21.0
49.0,-531.0,224.0,-160.0,29.0,-555.0,73.0,55.0,275.0,-16.0
44.0,-781.0,179.0,-213.0,42.0,-540.0,173.0,173.0,197.0,-41.0
29.0,-796.0,131.0,-237.0,47.0,-565.0,48.0,140.0,125.0,-58.0
22.0,-705.0,73.0,-225.0,49.0,-527.0,-115.0,356.0,43.0,-75.0
6.0,-704.0,19.0,-200.0,41.0,-423.0,-84.0,430.0,-47.0,-93.0
6.0,-745.0,-52.0,-164.0,31.0,-298.0,158.0,428.0,-156.0,-103.0
6.0,-587.0,-121.0,-124.0,25.0,-278.0,336.0,500.0,-278.0,-108.0
10.0,-184.0,-168.0,-103.0,13.0,-429.0,268.0,371.0,-383.0,-96.0
1.0,190.0,-226.0,-78.0,-8.0,-378.0,56.0,295.0,-490.0,-92.0
-15.0,342.0,-272.0,-36.0,-46.0,-329.0,-21.0,138.0,-588.0,-87.0
-37.0,303.0,-309.0,6.0,-92.0,-282.0,166.0,16.0,-662.0,-82.0
-77.0,125.0,-351.0,34.0,-129.0,-52.0,310.0,53.0,-712.0,-88.0
-133.0,-135.0,-354.0,17.0,-157.0,20.0,230.0,179.0,-736.0,-88.0
-185.0,-308.0,-360.0,-20.0,-178.0,-4.0,166.0,249.0,-727.0,-125.0
-236.0,-295.0,-374.0,-41.0,-183.0,-85.0,246.0,253.0,-686.0,-160.0
-290.0,-311.0,-342.0,-57.0,-163.0,-59.0,299.0,334.0,-617.0,-195.0
-321.0,-555.0,-322.0,-56.0,-120.0,60.0,257.0,279.0,-517.0,-259.0
-359.0,-917.0,-328.0,-66.0,-69.0,-41.0,199.0,404.0,-413.0,-311.0
-377.0,-1211.0,-256.0,-114.0,-25.0,-63.0,264.0,448.0,-311.0,-346.0
-384.0,-1359.0,-205.0,-126.0,12.0,88.0,445.0,341.0,-223.0,-369.0
-395.0,-1386.0,-179.0,-111.0,38.0,157.0,464.0,428.0,-139.0,-357.0
-409.0,-1340.0,-95.0,-100.0,50.0,109.0,288.0,306.0,-63.0,-306.0
-417.0,-1188.0,-48.0,-86.0,56.0,44.0,198.0,336.0,-9.0,-255.0
-420.0,-800.0,15.0,-92.0,73.0,95.0,286.0,360.0,34.0,-189.0
-430.0,-130.0,87.0,-62.0,107.0,99.0,340.0,299.0,46.0,-92.0
-407.0,675.0,138.0,-32.0,140.0,46.0,268.0,321.0,38.0,5.0
-380.0,1278.0,203.0,-28.0,160.0,135.0,171.0,249.0,16.0,101.0
-358.0,1444.0,259.0,-4.0,169.0,231.0,253.0,303.0,-22.0,178.0
-338.0,1366.0,291.0,4.0,180.0,181.0,528.0,282.0,-86.0,244.0
-309.0,1291.0,307.0,28.0,196.0,91.0,646.0,417.0,-159.0,297.0
-279.0,1261.0,364.0,77.0,207.0,112.0,570.0,539.0,-224.0,333.0
-245.0,1157.0,369.0,130.0,208.0,186.0,459.0,500.0,-299.0,377.0
-199.0,746.0,374.0,190.0,199.0,242.0,296.0,513.0,-363.0,429.0
-160.0,156.0,406.0,212.0,187.0,226.0,117.0,450.0,-415.0,506.0
-101.0,-202.0,397.0,194.0,167.0,117.0,102.0,561.0,-464.0,604.0
-38.0,-363.0,428.0,143.0,142.0,62.0,291.0,476.0,-505.0,720.0
14.0,-573.0,433.0,83.0,124.0,164.0,425.0,400.0,-528.0,836.0
57.0,-786.0,438.0,47.0,115.0,327.0,374.0,343.0,-525.0,913.0
103.0,-1008.0,452.0,41.0,105.0,315.0,160.0,131.0,-501.0,958.0
155.0,-1257.0,451.0,65.0,78.0,122.0,-56.0,169.0,-459.0,967.0
204.0,-1347.0,460.0,98.0,29.0,22.0,-48.0,92.0,-402.0,916.0
247.0,-1225.0,452.0,105.0,-31.0,175.0,118.0,125.0,-322.0,827.0
282.0,-999.0,461.0,96.0,-94.0,262.0,166.0,192.0,-218.0,738.0
307.0,-710.0,434.0,117.0,-153.0,127.0,42.0,192.0,-103.0,631.0
314.0,-401.0,393.0,122.0,-209.0,106.0,79.0,314.0,15.0,512.0
309.0,-184.0,375.0,104.0,-258.0,208.0,236.0,269.0,134.0,392.0
277.0,-38.0,336.0,103.0,-289.0,267.0,151.0,304.0,245.0,258.0
236.0,137.0,328.0,60.0,-295.0,186.0,-43.0,219.0,360.0,121.0
200.0,221.0,317.0,25.0,-275.0,81.0,-24.0,158.0,462.0,-30.0
159.0,134.0,277.0,41.0,-234.0,54.0,54.0,229.0,558.0,-169.0
117.0,78.0,271.0,42.0,-181.0,-65.0,7.0,291.0,643.0,-295.0
77.0,189.0,244.0,63.0,-128.0,-136.0,18.0,473.0,702.0,-436.0
34.0,479.0,221.0,112.0,-89.0,-76.0,135.0,515.0,734.0,-540.0
-24.0,890.0,208.0,159.0,-66.0,-18.0,219.0,570.0,732.0,-643.0
-83.0,1275.0,171.0,202.0,-46.0,52.0,202.0,439.0,713.0,-733.0
-123.0,1542.0,155.0,224.0,-18.0,93.0,60.0,267.0,669.0,-785.0
-165.0,1700.0,128.0,228.0,16.0,123.0,-115.0,205.0,605.0,-850.0
-195.0,1738.0,111.0,211.0,53.0,151.0,-49.0,27.0,536.0,-881.0
-204.0,1597.0,75.0,176.0,74.0,92.0,191.0,81.0,472.0,-890.0
-212.0,1370.0,41.0,142.0,70.0,37.0,263.0,86.0,414.0,-879.0
-222.0,1099.0,20.0,96.0,48.0,39.0,238.0,175.0,373.0,-843.0
-230.0,739.0,-36.0,17.0,13.0,49.0,247.0,279.0,352.0,-788.0
-238.0,488.0,-59.0,-60.0,-14.0,127.0,211.0,238.0,343.0,-708.0
-232.0,483.0,-93.0,-117.0,-22.0,262.0,125.0,408.0,365.0,-618.0
-199.0,542.0,-141.0,-186.0,-25.0,325.0,68.0,430.0,392.0,-523.0
-150.0,519.0,-176.0,-260.0,-39.0,216.0,121.0,469.0,423.0,-438.0
-108.0,411.0,-210.0,-290.0,-60.0,106.0,203.0,460.0,460.0,-338.0
-70.0,157.0,-243.0,-262.0,-75.0,117.0,254.0,391.0,487.0,-241.0
-33.0,-193.0,-279.0,-199.0,-83.0,149.0,284.0,434.0,491.0,-149.0
-4.0,-458.0,-323.0,-89.0,-77.0,153.0,134.0,327.0,463.0,-52.0
20.0,-620.0,-364.0,62.0,-49.0,103.0,-87.0,325.0,433.0,39.0
34.0,-775.0,-387.0,204.0,-10.0,81.0,-86.0,260.0,387.0,125.0
55.0,-872.0,-423.0,309.0,27.0,72.0,127.0,232.0,346.0,186.0
93.0,-722.0,-421.0,384.0,61.0,78.0,260.0,242.0,330.0,246.0
121.0,-320.0,-445.0,401.0,82.0,143.0,205.0,216.0,313.0,295.0
138.0,77.0,-446.0,357.0,89.0,118.0,219.0,338.0,302.0,305.0
148.0,260.0,-421.0,300.0,81.0,20.0,238.0,417.0,290.0,310.0
163.0,211.0,-446.0,224.0,60.0,37.0,105.0,543.0,291.0,333.0
160.0,-44.0,-410.0,139.0,39.0,206.0,0.0,469.0,301.0,337.0
142.0,-478.0,-372.0,58.0,26.0,342.0,-2.0,430.0,294.0,340.0
136.0,-913.0,-334.0,-16.0,21.0,259.0,90.0,415.0,297.0,358.0
129.0,-1127.0,-271.0,-57.0,17.0,29.0,294.0,293.0,307.0,377.0
119.0,-1041.0,-200.0,-96.0,15.0,-23.0,319.0,358.0,318.0,405.0
111.0,-724.0,-144.0,-149.0,12.0,70.0,65.0,286.0,331.0,419.0
90.0,-357.0,-73.0,-208.0,10.0,104.0,68.0,336.0,333.0,436.0
64.0,-62.0,-1.0,-267.0,11.0,187.0,289.0,356.0,324.0,462.0
42.0,158.0,47.0,-306.0,14.0,201.0,237.0,273.0,292.0,478.0
-1.0,336.0,135.0,-311.0,9.0,142.0,57.0,319.0,245.0,497.0
-25.0,503.0,167.0,-252.0,-18.0,137.0,50.0,258.0,201.0,512.0
-39.0,604.0,236.0,-193.0,-59.0,117.0,177.0,341.0,169.0,524.0
-67.0,637.0,301.0,-174.0,-100.0,177.0,167.0,384.0,155.0,524.0
-78.0,631.0,315.0,-148.0,-126.0,228.0,65.0,417.0,151.0,505.0
-87.0,507.0,381.0,-157.0,-130.0,189.0,104.0,506.0,167.0,478.0
-79.0,330.0,398.0,-178.0,-113.0,156.0,71.0,517.0,181.0,437.0
-71.0,225.0,422.0,-193.0,-80.0,125.0,-67.0,709.0,171.0,386.0
-58.0,8.0,460.0,-202.0,-48.0,198.0,36.0,757.0,141.0,330.0
-47.0,-492.0,465.0,-183.0,-15.0,358.0,201.0,652.0,91.0,289.0
-33.0,-1076.0,489.0,-165.0,19.0,437.0,172.0,519.0,26.0,230.0
-12.0,-1483.0,509.0,-134.0,59.0,338.0,10.0,426.0,-61.0,168.0
2.0,-1610.0,491.0,-86.0,100.0,192.0,-292.0,452.0,-144.0,123.0
21.0,-1509.0,492.0,-26.0,135.0,292.0,-403.0,448.0,-217.0,56.0
50.0,-1352.0,486.0,21.0,163.0,497.0,-169.0,667.0,-289.0,-7.0
93.0,-1197.0,460.0,35.0,181.0,483.0,-7.0,770.0,-350.0,-74.0
130.0,-952.0,439.0,39.0,182.0,327.0,-67.0,774.0,-412.0,-132.0
162.0,-555.0,421.0,44.0,162.0,267.0,-17.0,774.0,-464.0,-190.0
188.0,-71.0,406.0,30.0,127.0,281.0,92.0,618.0,-491.0,-273.0
216.0,380.0,370.0,-27.0,97.0,281.0,-37.0,672.0,-508.0,-347.0
245.0,785.0,378.0,-93.0,80.0,322.0,-157.0,589.0,-505.0,-417.0
278.0,1043.0,365.0,-168.0,65.0,400.0,-173.0,498.0,-492.0,-482.0
311.0,928.0,348.0,-253.0,40.0,397.0,-93.0,406.0,-484.0,-532.0
348.0,516.0,337.0,-320.0,13.0,281.0,16.0,312.0,-461.0,-562.0
381.0,140.0,314.0,-358.0,-11.0,265.0,61.0,363.0,-434.0,-581.0
397.0,-84.0,317.0,-383.0,-41.0,365.0,32.0,321.0,-417.0,-580.0
412.0,-294.0,279.0,-354.0,-75.0,393.0,-235.0,465.0,-403.0,-562.0
430.0,-531.0,264.0,-255.0,-103.0,306.0,-308.0,279.0,-396.0,-545.0
455.0,-684.0,236.0,-162.0,-113.0,224.0,-40.0,131.0,-370.0,-520.0
466.0,-672.0,179.0,-76.0,-105.0,283.0,16.0,177.0,-327.0,-486.0
478.0,-476.0,151.0,12.0,-93.0,376.0,-207.0,72.0,-286.0,-452.0
469.0,-204.0,105.0,89.0,-81.0,416.0,-168.0,277.0,-244.0,-411.0
445.0,20.0,88.0,147.0,-64.0,352.0,-25.0,306.0,-209.0,-357.0
413.0,316.0,51.0,174.0,-39.0,206.0,-182.0,389.0,-179.0,-288.0
370.0,689.0,8.0,169.0,-12.0,114.0,-95.0,482.0,-152.0,-222.0
335.0,891.0,9.0,156.0,6.0,194.0,65.0,426.0,-136.0,-164.0
289.0,811.0,-51.0,148.0,11.0,393.0,-153.0,487.0,-98.0,-104.0
247.0,499.0,-58.0,142.0,9.0,348.0,-225.0,417.0,-40.0,-49.0
198.0,131.0,-69.0,174.0,9.0,148.0,-40.0,452.0,15.0,10.0
159.0,-178.0,-102.0,211.0,-3.0,146.0,-162.0,397.0,89.0,58.0
123.0,-423.0,-68.0,219.0,-24.0,267.0,-354.0,356.0,156.0,77.0
98.0,-417.0,-96.0,229.0,-43.0,333.0,-258.0,410.0,219.0,89.0
84.0,9.0,-98.0,215.0,-47.0,294.0,-268.0,480.0,286.0,81.0
72.0,695.0,-90.0,178.0,-41.0,264.0,-187.0,604.0,344.0,68.0
75.0,1276.0,-75.0,171.0,-41.0,212.0,27.0,535.0,405.0,60.0
75.0,1582.0,-83.0,175.0,-42.0,140.0,-62.0,574.0,453.0,47.0
94.0,1632.0,-84.0,173.0,-40.0,196.0,-242.0,480.0,494.0,25.0
107.0,1385.0,-76.0,155.0,-32.0,333.0,-215.0,354.0,535.0,-9.0
128.0,829.0,-116.0,136.0,-9.0,347.0,-37.0,373.0,541.0,-73.0
157.0,101.0,-98.0,159.0,24.0,195.0,20.0,221.0,529.0,-148.0
186.0,-554.0,-123.0,180.0,57.0,133.0,-103.0,206.0,503.0,-233.0
202.0,-953.0,-129.0,204.0,89.0,222.0,-71.0,83.0,442.0,-330.0
216.0,-1088.0,-139.0,257.0,120.0,276.0,10.0,29.0,392.0,-391.0
228.0,-1047.0,-153.0,266.0,155.0,192.0,-138.0,136.0,350.0,-426.0
225.0,-925.0,-127.0,253.0,193.0,119.0,-163.0,151.0,310.0,-448.0
231.0,-777.0,-145.0,254.0,213.0,166.0,114.0,240.0,306.0,-437.0
220.0,-550.0,-129.0,212.0,211.0,223.0,120.0,177.0,309.0,-391.0
213.0,-330.0,-107.0,160.0,187.0,271.0,-172.0,243.0,332.0,-324.0
205.0,-249.0,-91.0,107.0,157.0,248.0,-92.0,325.0,377.0,-235.0
186.0,-159.0,-72.0,32.0,136.0,196.0,-38.0,260.0,412.0,-96.0
153.0,36.0,-41.0,6.0,114.0,152.0,-330.0,203.0,459.0,51.0
116.0,299.0,-22.0,10.0,75.0,98.0,-259.0,79.0,508.0,196.0
78.0,568.0,7.0,6.0,23.0,121.0,17.0,114.0,548.0,347.0
30.0,686.0,38.0,13.0,-24.0,90.0,-24.0,105.0,576.0,481.0
-9.0,707.0,67.0,-4.0,-60.0,38.0,-82.0,96.0,585.0,570.0
-62.0,862.0,109.0,-44.0,-86.0,88.0,40.0,121.0,575.0,607.0
-97.0,1093.0,108.0,-73.0,-94.0,127.0,-63.0,72.0,534.0,641.0
-146.0,1206.0,157.0,-77.0,-78.0,156.0,-322.0,60.0,481.0,626.0
-190.0,1145.0,168.0,-46.0,-45.0,116.0,-241.0,-62.0,419.0,558.0
-221.0,905.0,187.0,-9.0,-7.0,12.0,49.0,-94.0,343.0,486.0
-247.0,511.0,233.0,32.0,23.0,-30.0,68.0,-40.0,262.0,386.0
-256.0,-108.0,239.0,65.0,39.0,-17.0,-169.0,16.0,169.0,288.0
-275.0,-970.0,285.0,89.0,22.0,73.0,-186.0,94.0,74.0,191.0
-276.0,-1610.0,285.0,120.0,-27.0,114.0,-200.0,46.0,-7.0,91.0
-292.0,-1732.0,299.0,110.0,-82.0,65.0,-402.0,86.0,-83.0,8.0
-296.0,-1649.0,309.0,80.0,-113.0,43.0,-331.0,107.0,-160.0,-44.0
-297.0,-1604.0,299.0,74.0,-105.0,75.0,-191.0,168.0,-224.0,-62.0
-294.0,-1566.0,305.0,69.0,-69.0,125.0,-118.0,164.0,-271.0,-63.0
-270.0,-1394.0,296.0,79.0,-30.0,70.0,65.0,25.0,-302.0,-18.0
-245.0,-960.0,288.0,98.0,-9.0,16.0,30.0,96.0,-321.0,39.0
-222.0,-375.0,277.0,104.0,-8.0,35.0,-283.0,33.0,-318.0,85.0
-193.0,124.0,289.0,110.0,-16.0,16.0,-310.0,53.0,-310.0,127.0
-158.0,457.0,272.0,142.0,-21.0,-24.0,-213.0,145.0,-290.0,137.0
-130.0,697.0,280.0,192.0,-20.0,22.0,-309.0,107.0,-264.0,115.0
-100.0,936.0,292.0,238.0,-23.0,130.0,-54.0,190.0,-258.0,62.0
-82.0,1113.0,279.0,288.0,-36.0,114.0,152.0,179.0,-249.0,10.0
-60.0,1132.0,275.0,325.0,-47.0,-25.0,-3.0,162.0,-262.0,-35.0
-38.0,1090.0,265.0,356.0,-53.0,-93.0,-93.0,38.0,-284.0,-74.0
-14.0,1031.0,260.0,359.0,-59.0,-31.0,-206.0,-114.0,-313.0,-74.0
23.0,962.0,236.0,338.0,-60.0,-9.0,-123.0,-247.0,-354.0,-61.0
76.0,943.0,225.0,287.0,-58.0,-91.0,83.0,-362.0,-386.0,-21.0
137.0,826.0,201.0,191.0,-55.0,-195.0,23.0,-303.0,-423.0,38.0
207.0,498.0,172.0,113.0,-56.0,-239.0,17.0,-254.0,-459.0,91.0
277.0,136.0,174.0,37.0,-82.0,-185.0,242.0,1.0,-502.0,174.0
323.0,-76.0,157.0,-11.0,-127.0,-72.0,297.0,109.0,-527.0,246.0
366.0,-96.0,148.0,-41.0,-161.0,47.0,99.0,125.0,-552.0,294.0
399.0,132.0,151.0,-73.0,-164.0,-14.0,-32.0,197.0,-572.0,347.0
437.0,513.0,140.0,-83.0,-138.0,-173.0,-34.0,83.0,-579.0,377.0
479.0,735.0,153.0,-117.0,-90.0,-166.0,193.0,99.0,-588.0,399.0
526.0,655.0,155.0,-171.0,-33.0,-57.0,436.0,-57.0,-579.0,412.0
578.0,318.0,150.0,-245.0,20.0,2.0,264.0,-75.0,-575.0,397.0
625.0,-185.0,151.0,-307.0,72.0,-27.0,95.0,24.0,-557.0,372.0
652.0,-628.0,135.0,-338.0,125.0,-58.0,238.0,-9.0,-524.0,336.0
663.0,-828.0,129.0,-364.0,173.0,-27.0,210.0,60.0,-498.0,300.0
678.0,-915.0,97.0,-370.0,195.0,32.0,-22.0,-38.0,-450.0,263.0
681.0,-1137.0,63.0,-333.0,175.0,87.0,75.0,-25.0,-399.0,213.0
685.0,-1520.0,31.0,-287.0,123.0,172.0,182.0,-75.0,-357.0,187.0
681.0,-1764.0,-23.0,-267.0,73.0,128.0,39.0,-99.0,-303.0,170.0
672.0,-1657.0,-59.0,-248.0,40.0,-29.0,238.0,68.0,-265.0,150.0
658.0,-1271.0,-111.0,-210.0,24.0,-83.0,425.0,127.0,-229.0,144.0
618.0,-587.0,-139.0,-162.0,36.0,-18.0,56.0,247.0,-172.0,128.0
559.0,169.0,-154.0,-141.0,71.0,83.0,-269.0,219.0,-115.0,111.0
514.0,655.0,-191.0,-105.0,101.0,70.0,-1.0,166.0,-51.0,70.0
478.0,1022.0,-196.0,-41.0,109.0,92.0,373.0,79.0,17.0,16.0
443.0,1220.0,-212.0,-13.0,100.0,118.0,275.0,-42.0,98.0,-54.0
431.0,1089.0,-218.0,31.0,82.0,50.0,2.0,-81.0,182.0,-157.0
420.0,917.0,-183.0,79.0,58.0,131.0,-89.0,-188.0,269.0,-252.0
399.0,680.0,-174.0,84.0,23.0,252.0,-31.0,-84.0,359.0,-350.0
376.0,259.0,-170.0,98.0,-2.0,271.0,57.0,18.0,435.0,-439.0
355.0,-8.0,-174.0,124.0,5.0,165.0,9.0,127.0,502.0,-520.0
327.0,68.0,-150.0,131.0,38.0,-3.0,-27.0,264.0,552.0,-579.0
307.0,396.0,-130.0,95.0,65.0,-20.0,257.0,277.0,585.0,-635.0
303.0,736.0,-136.0,50.0,62.0,121.0,357.0,371.0,588.0,-689.0
297.0,842.0,-113.0,-11.0,30.0,210.0,60.0,306.0,583.0,-730.0
285.0,829.0,-87.0,-98.0,-26.0,102.0,-52.0,323.0,549.0,-783.0
270.0,877.0,-93.0,-160.0,-97.0,-47.0,-21.0,338.0,504.0,-804.0
246.0,814.0,-92.0,-210.0,-155.0,-69.0,188.0,218.0,473.0,-819.0
206.0,601.0,-60.0,-212.0,-183.0,92.0,357.0,168.0,426.0,-831.0
160.0,440.0,-66.0,-166.0,-180.0,295.0,155.0,16.0,395.0,-832.0
113.0,354.0,-58.0,-125.0,-160.0,291.0,197.0,-33.0,373.0,-838.0
76.0,234.0,-21.0,-78.0,-134.0,68.0,240.0,-136.0,360.0,-830.0
41.0,39.0,-11.0,-17.0,-104.0,-156.0,-168.0,-155.0,351.0,-825.0
-2.0,-142.0,15.0,39.0,-74.0,-94.0,-260.0,-31.0,339.0,-808.0
-44.0,-226.0,42.0,91.0,-56.0,173.0,77.0,57.0,329.0,-806.0
-76.0,-177.0,57.0,140.0,-58.0,252.0,124.0,206.0,303.0,-829.0
-95.0,-41.0,89.0,161.0,-70.0,44.0,-14.0,188.0,284.0,-851.0
-94.0,83.0,82.0,179.0,-83.0,-85.0,-167.0,238.0,274.0,-856.0
-86.0,154.0,94.0,224.0,-81.0,67.0,-333.0,225.0,269.0,-823.0
-83.0,172.0,121.0,260.0,-65.0,244.0,-54.0,129.0,276.0,-773.0
-71.0,150.0,108.0,289.0,-36.0,298.0,213.0,125.0,284.0,-685.0
-72.0,46.0,121.0,324.0,0.0,281.0,-36.0,90.0,283.0,-565.0
-71.0,-151.0,108.0,318.0,31.0,143.0,-233.0,164.0,271.0,-432.0
-46.0,-283.0,101.0,290.0,48.0,-14.0,-201.0,66.0,271.0,-307.0
-30.0,-285.0,100.0,260.0,42.0,-15.0,-164.0,31.0,265.0,-172.0
11.0,-383.0,82.0,238.0,16.0,83.0,-136.0,35.0,269.0,-18.0
54.0,-646.0,71.0,238.0,-15.0,91.0,-145.0,-84.0,299.0,115.0
89.0,-918.0,37.0,220.0,-38.0,-54.0,-105.0,-36.0,311.0,229.0
129.0,-1075.0,24.0,170.0,-39.0,-197.0,74.0,-149.0,323.0,343.0
165.0,-1057.0,7.0,91.0,-13.0,-181.0,-28.0,-203.0,323.0,449.0
221.0,-896.0,-20.0,25.0,28.0,6.0,-318.0,-219.0,293.0,529.0
267.0,-578.0,-35.0,8.0,59.0,77.0,-89.0,-206.0,255.0,589.0
301.0,-256.0,-47.0,14.0,63.0,-37.0,144.0,-16.0,206.0,609.0
337.0,-252.0,-58.0,-3.0,50.0,-143.0,-135.0,-16.0,167.0,602.0
374.0,-555.0,-61.0,-16.0,35.0,-267.0,-249.0,66.0,125.0,568.0
401.0,-891.0,-58.0,-11.0,25.0,-281.0,-57.0,49.0,76.0,515.0
411.0,-1007.0,-67.0,-55.0,12.0,-214.0,-36.0,40.0,25.0,468.0
400.0,-752.0,-74.0,-65.0,-15.0,-206.0,-137.0,101.0,-25.0,400.0
390.0,-297.0,-76.0,-18.0,-40.0,-246.0,-226.0,20.0,-76.0,335.0
375.0,15.0,-105.0,41.0,-38.0,-324.0,-255.0,134.0,-119.0,288.0
352.0,146.0,-131.0,152.0,-8.0,-306.0,-87.0,145.0,-137.0,236.0
326.0,131.0,-143.0,235.0,33.0,-135.0,10.0,216.0,-152.0,187.0
305.0,18.0,-174.0,280.0,83.0,16.0,-12.0,216.0,-145.0,140.0
307.0,22.0,-193.0,307.0,136.0,29.0,-51.0,109.0,-117.0,97.0
283.0,138.0,-210.0,300.0,174.0,-31.0,-193.0,153.0,-88.0,52.0
269.0,282.0,-203.0,291.0,195.0,-146.0,-110.0,12.0,-58.0,6.0
254.0,505.0,-192.0,286.0,204.0,-114.0,58.0,-44.0,-33.0,-26.0
240.0,730.0,-172.0,277.0,204.0,-15.0,-85.0,-125.0,-12.0,-68.0
229.0,835.0,-121.0,242.0,198.0,-77.0,-190.0,-160.0,-22.0,-116.0
190.0,772.0,-78.0,185.0,186.0,-81.0,-70.0,-75.0,-53.0,-159.0
164.0,514.0,-53.0,121.0,171.0,-47.0,-67.0,-49.0,-81.0,-183.0
111.0,145.0,-27.0,108.0,153.0,0.0,-186.0,112.0,-111.0,-176.0
50.0,-143.0,-4.0,154.0,125.0,-8.0,-105.0,171.0,-129.0,-164.0
0.0,-200.0,3.0,153.0,78.0,-41.0,1.0,203.0,-137.0,-126.0
-31.0,-11.0,19.0,107.0,14.0,118.0,-72.0,157.0,-127.0,-68.0
-44.0,257.0,9.0,39.0,-53.0,179.0,1.0,60.0,-99.0,-18.0
-57.0,519.0,17.0,-38.0,-114.0,56.0,188.0,22.0,-55.0,19.0
-63.0,803.0,9.0,-76.0,-154.0,-46.0,139.0,-79.0,-3.0,51.0
-66.0,1004.0,-10.0,-90.0,-167.0,-27.0,1.0,3.0,52.0,75.0
-73.0,1089.0,-12.0,-60.0,-145.0,43.0,48.0,88.0,118.0,82.0
-91.0,1060.0,-37.0,-19.0,-96.0,-85.0,188.0,160.0,180.0,64.0
-106.0,825.0,-37.0,27.0,-49.0,-137.0,244.0,201.0,237.0,40.0
-123.0,420.0,-68.0,105.0,-18.0,-4.0,188.0,181.0,286.0,19.0
-121.0,-30.0,-85.0,180.0,2.0,60.0,49.0,290.0,310.0,-9.0
-115.0,-460.0,-96.0,257.0,12.0,47.0,-1.0,234.0,314.0,-14.0
-94.0,-830.0,-139.0,282.0,10.0,22.0,116.0,214.0,291.0,14.0
-68.0,-1018.0,-140.0,264.0,-2.0,62.0,219.0,188.0,243.0,50.0
-40.0,-961.0,-172.0,222.0,-27.0,13.0,204.0,149.0,175.0,94.0
-6.0,-861.0,-195.0,171.0,-55.0,-55.0,-1.0,190.0,77.0,141.0
-2.0,-863.0,-206.0,134.0,-81.0,-36.0,-146.0,64.0,-35.0,187.0
3.0,-898.0,-209.0,79.0,-103.0,-10.0,-11.0,88.0,-150.0,221.0
5.0,-879.0,-208.0,18.0,-114.0,13.0,4.0,31.0,-262.0,221.0
6.0,-726.0,-232.0,-34.0,-111.0,10.0,-75.0,75.0,-377.0,211.0
17.0,-415.0,-225.0,-113.0,-89.0,20.0,-26.0,254.0,-472.0,160.0
32.0,-1.0,-227.0,-204.0,-46.0,4.0,4.0,214.0,-546.0,61.0
62.0,378.0,-202.0,-270.0,23.0,25.0,28.0,227.0,-592.0,-43.0
100.0,593.0,-164.0,-317.0,114.0,78.0,34.0,136.0,-600.0,-160.0
128.0,693.0,-131.0,-328.0,194.0,64.0,-102.0,145.0,-571.0,-270.0
157.0,762.0,-80.0,-320.0,251.0,12.0,-137.0,162.0,-520.0,-364.0
178.0,781.0,-42.0,-290.0,274.0,30.0,32.0,190.0,-449.0,-415.0
183.0,756.0,4.0,-224.0,259.0,79.0,132.0,218.0,-365.0,-447.0
192.0,765.0,59.0,-148.0,217.0,16.0,169.0,118.0,-298.0,-474.0
193.0,813.0,95.0,-88.0,151.0,-75.0,132.0,210.0,-223.0,-452.0
205.0,846.0,131.0,-41.0,69.0,-54.0,-33.0,97.0,-169.0,-388.0
222.0,827.0,175.0,-24.0,-7.0,107.0,-160.0,57.0,-135.0,-301.0
240.0,735.0,182.0,-28.0,-49.0,83.0,-57.0,81.0,-108.0,-202.0
257.0,615.0,213.0,-20.0,-47.0,-37.0,144.0,35.0,-105.0,-65.0
275.0,494.0,230.0,-24.0,-30.0,38.0,114.0,147.0,-120.0,77.0
276.0,395.0,216.0,-55.0,-15.0,93.0,-76.0,212.0,-138.0,185.0
257.0,323.0,225.0,-107.0,3.0,47.0,-194.0,458.0,-147.0,272.0
237.0,252.0,200.0,-152.0,36.0,-4.0,-183.0,513.0,-161.0,346.0
210.0,198.0,192.0,-191.0,77.0,67.0,-132.0,476.0,-153.0,390.0
195.0,93.0,184.0,-207.0,109.0,121.0,-76.0,447.0,-138.0,434.0
165.0,-132.0,161.0,-210.0,120.0,41.0,-42.0,249.0,-107.0,474.0
144.0,-481.0,141.0,-197.0,105.0,33.0,-147.0,219.0,-48.0,492.0
122.0,-941.0,119.0,-159.0,66.0,159.0,-252.0,105.0,2.0,510.0
94.0,-1215.0,95.0,-126.0,6.0,244.0,-125.0,84.0,61.0,493.0
75.0,-1001.0,73.0,-49.0,-62.0,252.0,34.0,29.0,131.0,462.0
36.0,-580.0,45.0,47.0,-115.0,280.0,8.0,-68.0,192.0,411.0
4.0,-367.0,10.0,137.0,-147.0,180.0,-8.0,7.0,244.0,326.0
-33.0,-295.0,-28.0,231.0,-159.0,54.0,14.0,-14.0,300.0,250.0
-73.0,-148.0,-69.0,313.0,-154.0,108.0,-14.0,171.0,349.0,180.0
-104.0,29.0,-80.0,398.0,-147.0,202.0,-24.0,223.0,404.0,105.0
-137.0,155.0,-120.0,494.0,-152.0,148.0,-32.0,188.0,446.0,50.0
-155.0,259.0,-146.0,540.0,-167.0,6.0,-97.0,199.0,463.0,37.0
-157.0,345.0,-170.0,507.0,-172.0,-76.0,-120.0,-16.0,464.0,22.0
-151.0,416.0,-203.0,467.0,-162.0,-66.0,12.0,-35.0,440.0,3.0
-126.0,492.0,-212.0,426.0,-141.0,36.0,98.0,-77.0,397.0,-35.0
-107.0,506.0,-218.0,373.0,-125.0,93.0,-77.0,-92.0,347.0,-68.0
-89.0,390.0,-210.0,323.0,-127.0,110.0,-213.0,-70.0,305.0,-98.0
-57.0,166.0,-214.0,252.0,-142.0,128.0,-70.0,-120.0,268.0,-161.0
-28.0,-75.0,-192.0,209.0,-153.0,82.0,79.0,-48.0,245.0,-218.0
0.0,-195.0,-161.0,177.0,-146.0,110.0,21.0,-49.0,221.0,-258.0
22.0,-169.0,-126.0,119.0,-141.0,148.0,-71.0,11.0,186.0,-270.0
61.0,-135.0,-94.0,69.0,-144.0,125.0,-37.0,-31.0,147.0,-278.0
89.0,-147.0,-36.0,36.0,-143.0,100.0,33.0,-57.0,104.0,-249.0
111.0,-196.0,18.0,17.0,-123.0,22.0,151.0,-62.0,79.0,-196.0
110.0,-312.0,65.0,34.0,-81.0,8.0,156.0,-169.0,56.0,-169.0
79.0,-463.0,169.0,58.0,-33.0,81.0,-8.0,-142.0,40.0,-149.0
53.0,-540.0,231.0,69.0,20.0,175.0,-65.0,-242.0,23.0,-127.0
1.0,-481.0,333.0,118.0,80.0,221.0,-62.0,-251.0,0.0,-102.0
-38.0,-397.0,436.0,141.0,132.0,231.0,-96.0,-256.0,-16.0,-89.0
-73.0,-392.0,489.0,155.0,162.0,151.0,-76.0,-273.0,-36.0,-61.0
-95.0,-372.0,581.0,223.0,172.0,42.0,57.0,-72.0,-35.0,-16.0
-104.0,-216.0,621.0,276.0,170.0,118.0,123.0,38.0,-27.0,15.0
-121.0,41.0,639.0,328.0,161.0,190.0,14.0,158.0,-38.0,26.0
-131.0,280.0,653.0,356.0,146.0,189.0,-64.0,112.0,-45.0,33.0
-135.0,400.0,632.0,308.0,118.0,156.0,0.0,86.0,-45.0,33.0
-131.0,404.0,612.0,224.0,86.0,148.0,42.0,96.0,-50.0,-5.0
-109.0,417.0,574.0,130.0,67.0,148.0,-42.0,-36.0,-82.0,-50.0
-73.0,471.0,530.0,40.0,70.0,88.0,-135.0,57.0,-146.0,-80.0
-30.0,448.0,475.0,-78.0,103.0,94.0,-154.0,59.0,-219.0,-115.0
31.0,305.0,405.0,-221.0,155.0,123.0,-3.0,73.0,-282.0,-159.0
81.0,141.0,339.0,-340.0,213.0,149.0,126.0,25.0,-347.0,-171.0
140.0,134.0,250.0,-437.0,263.0,186.0,63.0,-125.0,-412.0,-133.0
203.0,229.0,167.0,-456.0,284.0,260.0,122.0,-81.0,-473.0,-84.0
259.0,268.0,79.0,-456.0,263.0,246.0,264.0,-256.0,-540.0,-7.0
335.0,354.0,-8.0,-447.0,204.0,144.0,256.0,-308.0,-599.0,99.0
393.0,594.0,-100.0,-386.0,123.0,199.0,141.0,-243.0,-644.0,198.0
452.0,921.0,-183.0,-297.0,38.0,287.0,7.0,-188.0,-664.0,283.0
489.0,1095.0,-247.0,-180.0,-28.0,273.0,62.0,-1.0,-661.0,343.0
503.0,905.0,-318.0,-110.0,-62.0,200.0,302.0,77.0,-648.0,392.0
510.0,512.0,-353.0,-51.0,-65.0,98.0,401.0,134.0,-614.0,416.0
508.0,169.0,-406.0,18.0,-59.0,174.0,280.0,20.0,-562.0,423.0
514.0,-123.0,-434.0,106.0,-55.0,329.0,148.0,-49.0,-504.0,402.0
508.0,-383.0,-440.0,176.0,-57.0,367.0,118.0,-136.0,-440.0,374.0
487.0,-537.0,-457.0,193.0,-58.0,393.0,134.0,-214.0,-371.0,354.0
448.0,-557.0,-440.0,200.0,-48.0,238.0,79.0,-151.0,-313.0,295.0
406.0,-428.0,-430.0,216.0,-28.0,67.0,93.0,-173.0,-244.0,261.0
350.0,-223.0,-400.0,231.0,-13.0,96.0,277.0,-16.0,-155.0,219.0
295.0,-37.0,-360.0,221.0,-18.0,186.0,261.0,-55.0,-77.0,182.0
253.0,106.0,-317.0,238.0,-43.0,274.0,36.0,-92.0,4.0,181.0
229.0,194.0,-260.0,246.0,-67.0,197.0,17.0,-29.0,64.0,192.0
212.0,229.0,-217.0,254.0,-85.0,49.0,182.0,-99.0,98.0,254.0
190.0,219.0,-173.0,254.0,-102.0,24.0,284.0,-14.0,127.0,303.0
175.0,162.0,-152.0,223.0,-117.0,69.0,248.0,-94.0,127.0,361.0
148.0,76.0,-130.0,169.0,-129.0,156.0,35.0,-149.0,118.0,412.0
120.0,-39.0,-86.0,103.0,-134.0,261.0,-166.0,-212.0,103.0,416.0
80.0,-250.0,-77.0,69.0,-115.0,178.0,-138.0,-282.0,76.0,408.0
54.0,-544.0,-29.0,21.0,-70.0,2.0,1.0,-194.0,60.0,381.0
49.0,-816.0,4.0,-44.0,-16.0,-83.0,99.0,-160.0,42.0,342.0
43.0,-1013.0,11.0,-137.0,28.0,-32.0,164.0,-81.0,28.0,261.0
31.0,-1067.0,60.0,-227.0,53.0,125.0,181.0,-66.0,13.0,174.0
0.0,-946.0,56.0,-275.0,52.0,96.0,83.0,0.0,-4.0,97.0
-31.0,-764.0,79.0,-265.0,39.0,29.0,18.0,-25.0,-17.0,15.0
-81.0,-552.0,94.0,-226.0,26.0,-9.0,5.0,-36.0,-24.0,-49.0
-131.0,-260.0,83.0,-197.0,13.0,-99.0,-38.0,99.0,-14.0,-70.0
-167.0,-13.0,104.0,-192.0,-4.0,-93.0,106.0,22.0,0.0,-44.0
-195.0,97.0,105.0,-217.0,-12.0,-19.0,286.0,27.0,28.0,-2.0
-192.0,111.0,103.0,-219.0,12.0,45.0,199.0,-77.0,70.0,49.0
-179.0,27.0,75.0,-223.0,68.0,-62.0,26.0,-216.0,102.0,101.0
-170.0,-77.0,81.0,-194.0,145.0,-173.0,-46.0,-243.0,142.0,138.0
-156.0,-78.0,61.0,-146.0,228.0,-62.0,-26.0,-393.0,181.0,151.0
-126.0,14.0,36.0,-109.0,288.0,98.0,138.0,-358.0,211.0,155.0
-113.0,94.0,56.0,-38.0,309.0,106.0,386.0,-415.0,238.0,160.0
-88.0,79.0,37.0,30.0,285.0,-47.0,406.0,-445.0,251.0,158.0
-54.0,13.0,29.0,120.0,234.0,-88.0,219.0,-352.0,257.0,168.0
-24.0,42.0,46.0,204.0,184.0,-10.0,51.0,-230.0,255.0,193.0
20.0,253.0,58.0,274.0,139.0,21.0,19.0,-18.0,247.0,218.0
58.0,598.0,61.0,340.0,95.0,73.0,141.0,-60.0,243.0,232.0
104.0,902.0,70.0,373.0,54.0,135.0,255.0,49.0,242.0,246.0
123.0,1014.0,78.0,377.0,17.0,162.0,292.0,96.0,244.0,251.0
128.0,919.0,69.0,330.0,-14.0,157.0,214.0,70.0,239.0,243.0
123.0,711.0,58.0,256.0,-42.0,158.0,82.0,140.0,232.0,202.0
80.0,551.0,45.0,181.0,-69.0,223.0,68.0,36.0,238.0,152.0
31.0,520.0,19.0,103.0,-89.0,262.0,220.0,64.0,237.0,127.0
-27.0,541.0,-25.0,33.0,-92.0,237.0,442.0,-107.0,246.0,98.0
-70.0,477.0,-61.0,-27.0,-83.0,290.0,488.0,-169.0,268.0,73.0
-98.0,283.0,-120.0,-60.0,-82.0,381.0,266.0,-142.0,268.0,62.0
-120.0,72.0,-178.0,-98.0,-104.0,381.0,13.0,-205.0,270.0,75.0
-138.0,-47.0,-227.0,-161.0,-149.0,390.0,25.0,-90.0,267.0,58.0
-165.0,-106.0,-304.0,-188.0,-217.0,422.0,183.0,-188.0,263.0,29.0
-200.0,-123.0,-349.0,-193.0,-289.0,427.0,374.0,-169.0,250.0,36.0
-227.0,-131.0,-380.0,-212.0,-343.0,352.0,522.0,-147.0,214.0,29.0
-251.0,-206.0,-388.0,-219.0,-364.0,279.0,322.0,-145.0,181.0,41.0
-273.0,-379.0,-385.0,-181.0,-356.0,363.0,112.0,-24.0,128.0,56.0
-264.0,-644.0,-378.0,-127.0,-330.0,388.0,172.0,-55.0,65.0,104.0
-247.0,-945.0,-323.0,-120.0,-299.0,301.0,153.0,-35.0,-2.0,166.0
-233.0,-1204.0,-291.0,-147.0,-276.0,248.0,170.0,-27.0,-77.0,183.0
-219.0,-1402.0,-247.0,-161.0,-261.0,276.0,427.0,27.0,-160.0,218.0
-205.0,-1585.0,-186.0,-134.0,-251.0,328.0,546.0,68.0,-233.0,249.0
-210.0,-1696.0,-129.0,-105.0,-242.0,363.0,413.0,75.0,-289.0,273.0
-215.0,-1680.0,-78.0,-111.0,-225.0,433.0,229.0,29.0,-349.0,261.0
-228.0,-1590.0,-32.0,-117.0,-181.0,387.0,-6.0,-107.0,-409.0,215.0
-243.0,-1432.0,30.0,-81.0,-105.0,239.0,-40.0,-101.0,-466.0,162.0
-232.0,-1276.0,61.0,-6.0,-12.0,202.0,148.0,-205.0,-510.0,48.0
-211.0,-1224.0,92.0,76.0,73.0,284.0,122.0,-147.0,-554.0,-94.0
-179.0,-1279.0,121.0,149.0,141.0,326.0,34.0,-36.0,-559.0,-227.0
-174.0,-1331.0,131.0,217.0,190.0,248.0,84.0,-12.0,-524.0,-344.0
-174.0,-1218.0,128.0,280.0,218.0,200.0,-7.0,133.0,-478.0,-473.0
-186.0,-910.0,127.0,330.0,236.0,242.0,-120.0,-3.0,-397.0,-579.0
-215.0,-564.0,135.0,341.0,259.0,242.0,0.0,-79.0,-295.0,-629.0
-243.0,-292.0,111.0,347.0,290.0,229.0,112.0,-168.0,-172.0,-690.0
-263.0,23.0,107.0,359.0,301.0,319.0,45.0,-349.0,-41.0,-728.0
-267.0,426.0,103.0,323.0,276.0,300.0,71.0,-428.0,94.0,-730.0
-259.0,886.0,78.0,294.0,224.0,179.0,249.0,-585.0,232.0,-701.0
-238.0,1378.0,83.0,269.0,165.0,141.0,200.0,-513.0,342.0,-662.0
-213.0,1848.0,69.0,214.0,116.0,197.0,-40.0,-424.0,445.0,-604.0
-193.0,2344.0,67.0,165.0,82.0,298.0,-109.0,-273.0,525.0,-482.0
-199.0,2803.0,87.0,106.0,63.0,294.0,-11.0,-114.0,577.0,-360.0
-206.0,3054.0,94.0,44.0,53.0,294.0,35.0,-64.0,607.0,-243.0
-215.0,3083.0,116.0,-10.0,52.0,321.0,-94.0,29.0,600.0,-137.0
-197.0,3010.0,131.0,-31.0,61.0,271.0,-177.0,-79.0,580.0,-41.0
-171.0,2896.0,119.0,-12.0,79.0,220.0,-36.0,-123.0,524.0,37.0
-132.0,2700.0,106.0,-40.0,105.0,269.0,34.0,-210.0,445.0,90.0
-70.0,2428.0,100.0,-76.0,123.0,350.0,-77.0,-214.0,360.0,161.0
-20.0,2128.0,82.0,-55.0,121.0,335.0,-31.0,-72.0,257.0,211.0
22.0,1769.0,66.0,-27.0,106.0,290.0,46.0,-129.0,167.0,228.0
52.0,1283.0,62.0,9.0,99.0,229.0,-235.0,-48.0,92.0,247.0
84.0,646.0,52.0,62.0,110.0,204.0,-417.0,-33.0,49.0,280.0
111.0,-94.0,23.0,62.0,128.0,187.0,-210.0,-3.0,20.0,309.0
144.0,-729.0,15.0,37.0,134.0,191.0,30.0,3.0,1.0,318.0
161.0,-1034.0,1.0,35.0,123.0,214.0,92.0,-208.0,6.0,348.0
167.0,-1066.0,2.0,3.0,97.0,143.0,-135.0,-286.0,1.0,372.0
178.0,-1003.0,22.0,-51.0,73.0,152.0,-409.0,-404.0,14.0,353.0
181.0,-914.0,15.0,-103.0,64.0,227.0,-434.0,-400.0,39.0,344.0
181.0,-832.0,48.0,-188.0,61.0,226.0,-292.0,-391.0,62.0,351.0
175.0,-759.0,72.0,-304.0,57.0,133.0,-95.0,-391.0,92.0,343.0
163.0,-640.0,98.0,-418.0,54.0,77.0,29.0,-290.0,113.0,324.0
156.0,-544.0,117.0,-512.0,55.0,158.0,-14.0,-315.0,123.0,289.0
170.0,-587.0,131.0,-568.0,52.0,133.0,-126.0,-201.0,123.0,246.0
169.0,-681.0,149.0,-565.0,23.0,37.0,-368.0,-269.0,111.0,185.0
170.0,-667.0,139.0,-495.0,-21.0,48.0,-641.0,-336.0,83.0,115.0
168.0,-571.0,152.0,-394.0,-56.0,152.0,-355.0,-280.0,55.0,62.0
160.0,-512.0,157.0,-273.0,-74.0,192.0,165.0,-317.0,30.0,0.0
147.0,-531.0,173.0,-131.0,-83.0,67.0,-15.0,-145.0,6.0,-59.0
121.0,-617.0,136.0,-33.0,-77.0,48.0,-387.0,-44.0,-16.0,-115.0
84.0,-707.0,115.0,14.0,-44.0,124.0,-320.0,57.0,-30.0,-153.0
38.0,-723.0,133.0,38.0,3.0,89.0,-317.0,101.0,-40.0,-188.0
5.0,-722.0,91.0,5.0,33.0,61.0,-412.0,134.0,-60.0,-246.0
-43.0,-754.0,100.0,-34.0,26.0,93.0,-354.0,169.0,-59.0,-281.0
-95.0,-774.0,114.0,-58.0,-11.0,62.0,-325.0,36.0,-35.0,-307.0
-145.0,-785.0,119.0,-92.0,-53.0,-14.0,-358.0,-31.0,-16.0,-340.0
-172.0,-835.0,116.0,-154.0,-77.0,7.0,-437.0,-256.0,15.0,-371.0
-207.0,-900.0,101.0,-247.0,-86.0,87.0,-550.0,-317.0,46.0,-406.0
-237.0,-821.0,115.0,-309.0,-88.0,67.0,-439.0,-275.0,80.0,-441.0
-259.0,-518.0,98.0,-326.0,-88.0,-18.0,-317.0,-376.0,114.0,-481.0
-298.0,-164.0,75.0,-290.0,-96.0,-14.0,-470.0,-330.0,135.0,-506.0
-316.0,-20.0,82.0,-233.0,-113.0,22.0,-542.0,-286.0,149.0,-488.0
-366.0,-116.0,89.0,-147.0,-131.0,24.0,-322.0,-182.0,161.0,-453.0
-404.0,-188.0,81.0,-24.0,-144.0,12.0,-63.0,-149.0,152.0,-400.0
-438.0,-94.0,76.0,85.0,-159.0,-15.0,-236.0,-53.0,115.0,-311.0
-470.0,44.0,79.0,211.0,-169.0,5.0,-458.0,48.0,46.0,-218.0
-498.0,144.0,78.0,352.0,-167.0,-44.0,-192.0,24.0,-47.0,-127.0
-528.0,280.0,60.0,446.0,-153.0,-100.0,-162.0,59.0,-144.0,-59.0
-525.0,424.0,65.0,486.0,-130.0,0.0,-459.0,-114.0,-250.0,-2.0
-506.0,467.0,81.0,491.0,-106.0,79.0,-399.0,-84.0,-353.0,41.0
-476.0,511.0,82.0,461.0,-88.0,84.0,-319.0,-114.0,-422.0,48.0
-441.0,619.0,99.0,422.0,-81.0,43.0,-578.0,-332.0,-476.0,50.0
-385.0,670.0,102.0,376.0,-92.0,60.0,-690.0,-356.0,-512.0,64.0
-329.0,565.0,114.0,306.0,-109.0,63.0,-422.0,-500.0,-527.0,95.0
-271.0,315.0,107.0,197.0,-128.0,18.0,-168.0,-461.0,-548.0,139.0
-230.0,-31.0,106.0,79.0,-143.0,87.0,-336.0,-452.0,-567.0,193.0
-196.0,-390.0,127.0,20.0,-148.0,112.0,-563.0,-426.0,-579.0,272.0
-146.0,-639.0,109.0,34.0,-140.0,42.0,-406.0,-277.0,-593.0,362.0
-121.0,-683.0,112.0,49.0,-121.0,-18.0,-216.0,-271.0,-607.0,441.0
-87.0,-488.0,120.0,10.0,-103.0,-19.0,-263.0,-97.0,-609.0,525.0
-67.0,-169.0,94.0,-58.0,-89.0,15.0,-284.0,-24.0,-613.0,585.0
-49.0,71.0,77.0,-118.0,-97.0,-6.0,-129.0,31.0,-615.0,632.0
-31.0,173.0,74.0,-141.0,-132.0,-4.0,-117.0,64.0,-595.0,680.0
-28.0,168.0,69.0,-148.0,-169.0,61.0,-393.0,64.0,-582.0,714.0
-32.0,108.0,74.0,-166.0,-177.0,62.0,-584.0,112.0,-575.0,751.0
-41.0,171.0,84.0,-200.0,-148.0,9.0,-214.0,49.0,-566.0,759.0
-37.0,421.0,112.0,-228.0,-100.0,-45.0,153.0,99.0,-569.0,759.0
-37.0,747.0,125.0,-231.0,-51.0,-93.0,-257.0,5.0,-568.0,752.0
-35.0,1073.0,138.0,-233.0,0.0,-103.0,-509.0,-36.0,-551.0,724.0
-37.0,1260.0,182.0,-234.0,50.0,-109.0,-71.0,-16.0,-516.0,681.0
-26.0,1169.0,195.0,-217.0,84.0,-65.0,93.0,-136.0,-450.0,607.0
-3.0,842.0,222.0,-197.0,93.0,-7.0,-171.0,-103.0,-345.0,536.0
11.0,437.0,228.0,-148.0,85.0,-33.0,-137.0,-171.0,-221.0,451.0
38.0,121.0,216.0,-80.0,74.0,-40.0,-3.0,-142.0,-98.0,354.0
61.0,26.0,218.0,-14.0,63.0,12.0,-240.0,-77.0,26.0,277.0
81.0,109.0,220.0,32.0,56.0,52.0,-352.0,-96.0,139.0,205.0
77.0,165.0,241.0,24.0,61.0,32.0,-49.0,-33.0,235.0,149.0
57.0,103.0,256.0,-41.0,71.0,-29.0,285.0,-129.0,321.0,142.0
47.0,-9.0,292.0,-155.0,87.0,-41.0,210.0,-158.0,382.0,165.0
37.0,-65.0,294.0,-228.0,113.0,-49.0,-41.0,-242.0,450.0,211.0
33.0,-2.0,278.0,-222.0,145.0,-80.0,93.0,-306.0,526.0,267.0
42.0,143.0,245.0,-183.0,172.0,-11.0,170.0,-343.0,576.0,314.0
53.0,250.0,213.0,-156.0,180.0,47.0,-98.0,-456.0,625.0,342.0
56.0,253.0,185.0,-162.0,167.0,24.0,-106.0,-397.0,657.0,349.0
72.0,145.0,118.0,-161.0,140.0,-14.0,87.0,-456.0,675.0,348.0
68.0,-80.0,99.0,-155.0,120.0,-70.0,110.0,-443.0,684.0,344.0
53.0,-266.0,60.0,-135.0,118.0,-73.0,9.0,-412.0,668.0,340.0
45.0,-277.0,15.0,-60.0,136.0,-106.0,-260.0,-339.0,625.0,329.0
32.0,-310.0,-21.0,25.0,173.0,-142.0,-206.0,-225.0,558.0,328.0
21.0,-501.0,-85.0,55.0,215.0,-102.0,168.0,-404.0,477.0,326.0
11.0,-630.0,-130.0,92.0,257.0,-135.0,-19.0,-439.0,396.0,317.0
27.0,-478.0,-204.0,154.0,299.0,-178.0,-193.0,-500.0,317.0,322.0
51.0,-117.0,-259.0,180.0,343.0,-146.0,73.0,-463.0,246.0,315.0
69.0,238.0,-287.0,180.0,382.0,-39.0,151.0,-365.0,184.0,301.0
78.0,444.0,-303.0,169.0,409.0,7.0,98.0,-413.0,121.0,291.0
83.0,499.0,-308.0,123.0,421.0,-136.0,140.0,-304.0,72.0,285.0
67.0,514.0,-296.0,27.0,414.0,-181.0,201.0,-371.0,23.0,291.0
49.0,543.0,-282.0,-46.0,383.0,-89.0,98.0,-339.0,0.0,302.0
39.0,548.0,-265.0,-42.0,336.0,-60.0,-81.0,-295.0,-2.0,319.0
19.0,553.0,-210.0,-25.0,282.0,-45.0,-29.0,-328.0,-4.0,343.0
11.0,584.0,-177.0,4.0,232.0,-1.0,245.0,-251.0,12.0,363.0
-10.0,639.0,-119.0,62.0,180.0,12.0,137.0,-358.0,6.0,368.0
-44.0,715.0,-77.0,127.0,113.0,-64.0,-312.0,-363.0,3.0,383.0
-75.0,701.0,-34.0,179.0,27.0,-106.0,-124.0,-339.0,8.0,375.0
-97.0,484.0,25.0,220.0,-58.0,-65.0,330.0,-319.0,4.0,336.0
-107.0,103.0,35.0,226.0,-114.0,-115.0,87.0,-354.0,-3.0,303.0
-116.0,-327.0,82.0,185.0,-130.0,-173.0,-111.0,-460.0,-26.0,246.0
-125.0,-718.0,87.0,115.0,-110.0,-127.0,392.0,-532.0,-51.0,175.0
-134.0,-903.0,121.0,45.0,-78.0,-114.0,479.0,-678.0,-71.0,98.0
-158.0,-853.0,145.0,21.0,-52.0,-181.0,-2.0,-548.0,-92.0,27.0
-199.0,-783.0,137.0,23.0,-39.0,-275.0,-93.0,-358.0,-132.0,-51.0
-238.0,-836.0,157.0,51.0,-36.0,-254.0,140.0,-127.0,-149.0,-146.0
-256.0,-1009.0,113.0,85.0,-47.0,-200.0,137.0,55.0,-120.0,-230.0
-244.0,-1187.0,115.0,136.0,-75.0,-301.0,64.0,-16.0,-64.0,-320.0
-229.0,-1255.0,70.0,176.0,-111.0,-314.0,516.0,1.0,10.0,-416.0
-190.0,-1189.0,32.0,176.0,-150.0,-171.0,610.0,-81.0,95.0,-497.0
-142.0,-1020.0,15.0,176.0,-187.0,-93.0,-48.0,-88.0,167.0,-568.0
-104.0,-843.0,-56.0,149.0,-210.0,-143.0,-18.0,-160.0,212.0,-619.0
-72.0,-751.0,-63.0,107.0,-211.0,-205.0,483.0,-358.0,238.0,-645.0
-45.0,-729.0,-90.0,55.0,-200.0,-181.0,231.0,-417.0,226.0,-654.0
-13.0,-644.0,-96.0,-5.0,-198.0,-217.0,-21.0,-574.0,184.0,-646.0
8.0,-464.0,-64.0,-24.0,-223.0,-299.0,295.0,-541.0,137.0,-609.0
35.0,-304.0,-39.0,-41.0,-262.0,-267.0,442.0,-528.0,92.0,-535.0
46.0,-240.0,0.0,-106.0,-288.0,-169.0,288.0,-524.0,41.0,-463.0
66.0,-193.0,39.0,-161.0,-292.0,-89.0,194.0,-476.0,-10.0,-374.0
87.0,-92.0,97.0,-228.0,-279.0,-100.0,204.0,-515.0,-60.0,-266.0
93.0,84.0,127.0,-315.0,-259.0,-152.0,37.0,-301.0,-103.0,-160.0
84.0,415.0,157.0,-384.0,-232.0,-185.0,90.0,-194.0,-139.0,-52.0
61.0,840.0,192.0,-401.0,-190.0,-206.0,375.0,-105.0,-198.0,23.0
48.0,1166.0,188.0,-367.0,-152.0,-148.0,345.0,-73.0,-261.0,93.0
8.0,1299.0,185.0,-361.0,-128.0,-118.0,221.0,-138.0,-322.0,156.0
-23.0,1342.0,167.0,-345.0,-113.0,-183.0,219.0,-155.0,-395.0,203.0
-56.0,1407.0,142.0,-311.0,-94.0,-196.0,268.0,-314.0,-459.0,274.0
-80.0,1406.0,113.0,-307.0,-73.0,-160.0,197.0,-325.0,-500.0,373.0
-100.0,1164.0,98.0,-314.0,-58.0,-152.0,250.0,-369.0,-515.0,464.0
-136.0,659.0,97.0,-337.0,-56.0,-223.0,411.0,-314.0,-508.0,538.0
-150.0,109.0,89.0,-315.0,-61.0,-372.0,291.0,-229.0,-497.0,597.0
-162.0,-318.0,98.0,-311.0,-60.0,-333.0,252.0,-328.0,-496.0,625.0
-168.0,-696.0,78.0,-377.0,-47.0,-196.0,497.0,-330.0,-498.0,610.0
-172.0,-1121.0,58.0,-423.0,-29.0,-298.0,261.0,-406.0,-502.0,565.0
-170.0,-1467.0,53.0,-419.0,-15.0,-425.0,-143.0,-410.0,-517.0,536.0
-166.0,-1496.0,23.0,-377.0,-15.0,-388.0,76.0,-487.0,-542.0,500.0
-163.0,-1190.0,4.0,-332.0,-32.0,-282.0,338.0,-473.0,-564.0,450.0
-158.0,-792.0,-1.0,-293.0,-54.0,-269.0,478.0,-323.0,-578.0,410.0
-154.0,-535.0,-28.0,-266.0,-67.0,-318.0,271.0,-349.0,-575.0,370.0
-151.0,-336.0,-47.0,-260.0,-70.0,-279.0,-9.0,-208.0,-548.0,323.0
-151.0,11.0,-58.0,-212.0,-74.0,-279.0,261.0,-182.0,-498.0,264.0
-159.0,424.0,-75.0,-137.0,-88.0,-264.0,232.0,-134.0,-417.0,226.0
-183.0,663.0,-85.0,-113.0,-116.0,-150.0,-149.0,-64.0,-311.0,195.0
-195.0,730.0,-118.0,-117.0,-147.0,-93.0,-7.0,-147.0,-195.0,159.0
-214.0,874.0,-141.0,-148.0,-174.0,-149.0,467.0,-110.0,-84.0,145.0
-233.0,1145.0,-169.0,-188.0,-183.0,-232.0,342.0,-173.0,32.0,136.0
-254.0,1315.0,-210.0,-196.0,-164.0,-236.0,9.0,-127.0,152.0,109.0
-268.0,1277.0,-240.0,-180.0,-123.0,-189.0,180.0,-166.0,264.0,64.0
-265.0,1145.0,-277.0,-148.0,-69.0,-205.0,349.0,-182.0,365.0,20.0
-260.0,985.0,-291.0,-128.0,-15.0,-250.0,201.0,-24.0,423.0,-20.0
-243.0,687.0,-311.0,-121.0,31.0,-223.0,111.0,-31.0,454.0,-71.0
-236.0,162.0,-313.0,-110.0,53.0,-187.0,306.0,120.0,475.0,-139.0
-216.0,-501.0,-300.0,-89.0,42.0,-212.0,180.0,107.0,466.0,-185.0
-193.0,-1131.0,-281.0,-50.0,2.0,-244.0,-135.0,-1.0,435.0,-220.0
-167.0,-1589.0,-263.0,15.0,-48.0,-213.0,81.0,-75.0,403.0,-242.0
-148.0,-1851.0,-246.0,68.0,-78.0,-220.0,342.0,-271.0,354.0,-220.0
-131.0,-1981.0,-214.0,93.0,-73.0,-290.0,37.0,-308.0,283.0,-191.0
-106.0,-1905.0,-183.0,112.0,-41.0,-306.0,-146.0,-437.0,223.0,-152.0
-88.0,-1492.0,-150.0,115.0,-4.0,-325.0,-40.0,-463.0,166.0,-108.0
-60.0,-813.0,-130.0,104.0,25.0,-373.0,-90.0,-408.0,126.0,-57.0
-44.0,-90.0,-103.0,107.0,44.0,-395.0,158.0,-341.0,102.0,15.0
-30.0,459.0,-107.0,135.0,58.0,-404.0,195.0,-234.0,90.0,94.0
-28.0,774.0,-90.0,166.0,70.0,-396.0,-27.0,-319.0,103.0,194.0
-34.0,865.0,-72.0,197.0,95.0,-413.0,-33.0,-290.0,131.0,324.0
-59.0,720.0,-81.0,220.0,138.0,-456.0,-53.0,-360.0,161.0,459.0
-91.0,451.0,-63.0,207.0,188.0,-424.0,-50.0,-384.0,191.0,585.0
-106.0,230.0,-61.0,176.0,229.0,-404.0,-32.0,-395.0,224.0,709.0
-121.0,149.0,-46.0,148.0,245.0,-411.0,185.0,-458.0,248.0,813.0
-128.0,192.0,-28.0,116.0,235.0,-398.0,47.0,-208.0,262.0,883.0
-124.0,241.0,1.0,42.0,204.0,-452.0,-158.0,-121.0,258.0,923.0
-119.0,222.0,13.0,-55.0,161.0,-469.0,202.0,-51.0,242.0,925.0
-123.0,189.0,30.0,-116.0,117.0,-434.0,283.0,0.0,224.0,905.0
-123.0,192.0,73.0,-174.0,71.0,-353.0,10.0,-81.0,190.0,864.0
-133.0,193.0,51.0,-244.0,30.0,-354.0,-100.0,-94.0,166.0,810.0
-133.0,191.0,70.0,-272.0,-2.0,-481.0,-73.0,-103.0,160.0,754.0
-126.0,245.0,105.0,-258.0,-36.0,-430.0,18.0,-136.0,149.0,676.0
-111.0,442.0,100.0,-218.0,-68.0,-310.0,134.0,-288.0,135.0,589.0
-94.0,780.0,117.0,-174.0,-85.0,-317.0,68.0,-332.0,129.0,500.0
-83.0,1062.0,113.0,-128.0,-85.0,-373.0,45.0,-473.0,131.0,415.0
-61.0,1170.0,120.0,-122.0,-77.0,-367.0,1.0,-565.0,129.0,346.0
-44.0,1232.0,136.0,-165.0,-73.0,-284.0,-158.0,-447.0,136.0,294.0
-38.0,1344.0,135.0,-163.0,-65.0,-267.0,-31.0,-376.0,130.0,269.0
-41.0,1409.0,140.0,-121.0,-43.0,-288.0,85.0,-110.0,116.0,266.0
-33.0,1386.0,141.0,-57.0,-2.0,-265.0,-2.0,16.0,109.0,262.0
-35.0,1326.0,137.0,17.0,49.0,-325.0,-20.0,59.0,95.0,224.0
-44.0,1239.0,147.0,68.0,108.0,-434.0,46.0,103.0,91.0,168.0
-64.0,1157.0,154.0,120.0,176.0,-431.0,110.0,-33.0,81.0,108.0
-85.0,1105.0,170.0,148.0,237.0,-359.0,191.0,-31.0,60.0,19.0
-93.0,1023.0,181.0,147.0,275.0,-246.0,70.0,-145.0,40.0,-81.0
-120.0,844.0,156.0,138.0,275.0,-165.0,-135.0,-219.0,5.0,-166.0
-139.0,581.0,157.0,111.0,245.0,-125.0,-99.0,-190.0,-34.0,-246.0
-152.0,159.0,136.0,40.0,192.0,-135.0,-120.0,-145.0,-85.0,-332.0
-155.0,-534.0,127.0,-56.0,128.0,-258.0,-270.0,5.0,-146.0,-405.0
-149.0,-1355.0,104.0,-128.0,67.0,-279.0,-169.0,-72.0,-206.0,-473.0
-143.0,-2003.0,81.0,-158.0,25.0,-180.0,95.0,-112.0,-261.0,-525.0
-128.0,-2355.0,42.0,-144.0,12.0,-171.0,56.0,-164.0,-311.0,-572.0
-107.0,-2505.0,0.0,-132.0,23.0,-219.0,5.0,-256.0,-353.0,-612.0
-104.0,-2480.0,13.0,-136.0,37.0,-270.0,-20.0,-249.0,-379.0,-609.0
-107.0,-2254.0,-41.0,-138.0,24.0,-217.0,-124.0,-254.0,-404.0,-613.0
-117.0,-1939.0,-38.0,-153.0,-15.0,-110.0,-107.0,-158.0,-424.0,-630.0
-138.0,-1664.0,-58.0,-146.0,-56.0,-121.0,-139.0,-199.0,-430.0,-641.0
-148.0,-1465.0,-108.0,-126.0,-74.0,-152.0,95.0,-153.0,-420.0,-683.0
-163.0,-1333.0,-127.0,-121.0,-69.0,-169.0,116.0,-94.0,-405.0,-753.0
-172.0,-1269.0,-156.0,-110.0,-52.0,-102.0,-345.0,-68.0,-391.0,-809.0
-190.0,-1278.0,-183.0,-86.0,-31.0,-39.0,-474.0,88.0,-355.0,-830.0
-208.0,-1285.0,-212.0,-45.0,-13.0,-69.0,-299.0,-27.0,-321.0,-822.0
-220.0,-1151.0,-203.0,-23.0,4.0,-95.0,-225.0,-42.0,-284.0,-774.0
-225.0,-770.0,-217.0,-32.0,22.0,-139.0,-239.0,-62.0,-250.0,-670.0
-214.0,-228.0,-197.0,-46.0,41.0,-131.0,-68.0,-125.0,-229.0,-555.0
-199.0,237.0,-200.0,-25.0,66.0,-150.0,73.0,29.0,-198.0,-435.0
-170.0,530.0,-162.0,6.0,90.0,-239.0,-78.0,70.0,-161.0,-316.0
-142.0,742.0,-102.0,-6.0,104.0,-244.0,-277.0,138.0,-131.0,-230.0
-106.0,973.0,-90.0,-47.0,106.0,-182.0,-201.0,24.0,-121.0,-157.0
-73.0,1211.0,-11.0,-128.0,102.0,-163.0,-73.0,-75.0,-124.0,-93.0
-29.0,1364.0,0.0,-226.0,93.0,-237.0,-47.0,-48.0,-126.0,-33.0
11.0,1443.0,19.0,-297.0,76.0,-321.0,-27.0,-33.0,-150.0,7.0
40.0,1556.0,80.0,-342.0,51.0,-256.0,-238.0,145.0,-174.0,50.0
77.0,1686.0,52.0,-382.0,13.0,-176.0,-252.0,131.0,-178.0,103.0
101.0,1657.0,108.0,-416.0,-36.0,-245.0,-48.0,101.0,-167.0,145.0
141.0,1347.0,133.0,-398.0,-85.0,-291.0,79.0,36.0,-119.0,189.0
181.0,867.0,123.0,-356.0,-130.0,-194.0,58.0,-72.0,-41.0,229.0
220.0,492.0,188.0,-319.0,-177.0,-113.0,-174.0,-158.0,47.0,296.0
252.0,438.0,207.0,-266.0,-231.0,-183.0,-150.0,-284.0,138.0,370.0
276.0,692.0,223.0,-214.0,-281.0,-232.0,-171.0,-216.0,224.0,449.0
288.0,1077.0,241.0,-191.0,-307.0,-162.0,-131.0,-218.0,294.0,552.0
284.0,1450.0,259.0,-207.0,-294.0,-134.0,199.0,-114.0,333.0,661.0
278.0,1722.0,236.0,-219.0,-244.0,-173.0,-57.0,-123.0,358.0,786.0
253.0,1774.0,267.0,-235.0,-185.0,-164.0,-503.0,-240.0,351.0,913.0
238.0,1541.0,262.0,-289.0,-147.0,-128.0,-327.0,-188.0,333.0,1048.0
205.0,1117.0,239.0,-312.0,-137.0,-93.0,99.0,-253.0,307.0,1182.0
170.0,668.0,278.0,-308.0,-155.0,-86.0,101.0,-136.0,284.0,1271.0
131.0,267.0,222.0,-294.0,-176.0,-84.0,-347.0,-51.0,273.0,1321.0
76.0,-72.0,224.0,-254.0,-179.0,-62.0,-380.0,70.0,249.0,1319.0
36.0,-353.0,190.0,-220.0,-167.0,-52.0,-86.0,199.0,235.0,1242.0
-5.0,-620.0,156.0,-176.0,-149.0,16.0,-178.0,123.0,221.0,1114.0
-29.0,-946.0,144.0,-125.0,-128.0,43.0,-249.0,88.0,199.0,961.0
-42.0,-1378.0,85.0,-101.0,-94.0,21.0,-211.0,-75.0,172.0,779.0
-59.0,-1867.0,73.0,-133.0,-46.0,-50.0,-398.0,27.0,139.0,602.0
-77.0,-2311.0,47.0,-214.0,-3.0,-78.0,-525.0,144.0,89.0,460.0
-99.0,-2598.0,13.0,-324.0,21.0,-8.0,-260.0,118.0,28.0,334.0
-145.0,-2640.0,0.0,-429.0,29.0,-5.0,93.0,188.0,-22.0,224.0
-183.0,-2452.0,-11.0,-468.0,37.0,-43.0,-73.0,97.0,-78.0,134.0
-204.0,-2079.0,-51.0,-460.0,45.0,-75.0,-416.0,94.0,-126.0,56.0
-217.0,-1577.0,-53.0,-456.0,36.0,6.0,-329.0,-90.0,-159.0,-22.0
-222.0,-1039.0,-79.0,-451.0,20.0,45.0,-234.0,-184.0,-181.0,-102.0
-224.0,-586.0,-115.0,-440.0,9.0,108.0,-292.0,-66.0,-181.0,-175.0
-226.0,-333.0,-111.0,-405.0,-2.0,175.0,1.0,-107.0,-182.0,-223.0
-250.0,-300.0,-164.0,-343.0,-31.0,181.0,127.0,-44.0,-191.0,-261.0
-258.0,-418.0,-207.0,-290.0,-71.0,166.0,-288.0,-92.0,-208.0,-298.0
-253.0,-560.0,-234.0,-200.0,-107.0,48.0,-484.0,-44.0,-236.0,-306.0
-258.0,-585.0,-270.0,-65.0,-126.0,158.0,-308.0,48.0,-244.0,-327.0
-263.0,-410.0,-315.0,99.0,-124.0,218.0,-124.0,118.0,-242.0,-352.0
-255.0,-67.0,-348.0,257.0,-100.0,187.0,-75.0,223.0,-213.0,-357.0
-234.0,389.0,-366.0,353.0,-55.0,192.0,-122.0,123.0,-155.0,-379.0
-202.0,956.0,-391.0,411.0,-1.0,160.0,-313.0,186.0,-85.0,-405.0
-180.0,1554.0,-414.0,448.0,42.0,212.0,-391.0,99.0,-12.0,-441.0
-137.0,2017.0,-431.0,459.0,57.0,208.0,-127.0,-83.0,50.0,-491.0
-84.0,2186.0,-439.0,474.0,43.0,298.0,-122.0,-177.0,91.0,-522.0
-64.0,1938.0,-451.0,494.0,11.0,247.0,-348.0,-249.0,103.0,-542.0
-45.0,1311.0,-447.0,498.0,-32.0,133.0,-421.0,-129.0,106.0,-542.0
-41.0,511.0,-433.0,522.0,-69.0,194.0,-366.0,-101.0,111.0,-503.0
-12.0,-236.0,-408.0,557.0,-86.0,262.0,-107.0,16.0,121.0,-449.0
10.0,-732.0,-372.0,543.0,-86.0,277.0,128.0,110.0,147.0,-396.0
27.0,-888.0,-337.0,484.0,-67.0,152.0,32.0,234.0,153.0,-342.0
68.0,-760.0,-296.0,439.0,-20.0,111.0,-373.0,389.0,146.0,-280.0
102.0,-463.0,-249.0,430.0,61.0,90.0,-478.0,336.0,144.0,-224.0
142.0,-118.0,-214.0,415.0,172.0,42.0,-24.0,421.0,100.0,-157.0
170.0,185.0,-153.0,368.0,278.0,-18.0,269.0,317.0,46.0,-80.0
214.0,434.0,-109.0,323.0,357.0,-17.0,-49.0,171.0,9.0,-4.0
263.0,632.0,-82.0,309.0,404.0,77.0,-306.0,90.0,-20.0,89.0
308.0,724.0,-8.0,290.0,416.0,8.0,-218.0,-109.0,-37.0,174.0
348.0,725.0,25.0,249.0,404.0,-48.0,-389.0,-208.0,-57.0,261.0
384.0,720.0,58.0,169.0,369.0,-57.0,-232.0,-338.0,-72.0,338.0
403.0,729.0,87.0,71.0,321.0,-52.0,238.0,-306.0,-96.0,375.0
410.0,700.0,82.0,-5.0,278.0,-78.0,-46.0,-212.0,-127.0,403.0
403.0,597.0,82.0,-71.0,248.0,-114.0,-531.0,-116.0,-142.0,385.0
381.0,401.0,68.0,-145.0,228.0,-6.0,-372.0,-60.0,-148.0,328.0
376.0,85.0,36.0,-205.0,191.0,-2.0,-26.0,-59.0,-147.0,256.0
357.0,-245.0,16.0,-252.0,120.0,-92.0,124.0,92.0,-141.0,134.0
348.0,-376.0,-15.0,-346.0,27.0,-66.0,99.0,60.0,-134.0,21.0
341.0,-250.0,-62.0,-435.0,-57.0,13.0,-206.0,140.0,-138.0,-99.0
323.0,-27.0,-86.0,-484.0,-109.0,94.0,-380.0,184.0,-151.0,-225.0
308.0,86.0,-138.0,-512.0,-123.0,43.0,-222.0,51.0,-167.0,-315.0
303.0,1.0,-157.0,-512.0,-108.0,-58.0,256.0,60.0,-186.0,-410.0
313.0,-242.0,-166.0,-515.0,-92.0,-29.0,523.0,-90.0,-196.0,-487.0
330.0,-493.0,-173.0,-530.0,-92.0,-33.0,-131.0,-112.0,-192.0,-549.0
367.0,-561.0,-160.0,-550.0,-117.0,-77.0,-534.0,-81.0,-185.0,-595.0
386.0,-471.0,-143.0,-581.0,-158.0,-108.0,-100.0,-22.0,-177.0,-633.0
394.0,-438.0,-91.0,-595.0,-207.0,-106.0,221.0,103.0,-166.0,-672.0
379.0,-543.0,-63.0,-557.0,-251.0,-54.0,262.0,72.0,-161.0,-699.0
354.0,-729.0,-11.0,-510.0,-280.0,7.0,87.0,175.0,-165.0,-729.0
344.0,-878.0,34.0,-487.0,-294.0,129.0,-162.0,175.0,-166.0,-767.0
333.0,-849.0,84.0,-497.0,-297.0,106.0,-76.0,186.0,-179.0,-821.0
338.0,-653.0,129.0,-527.0,-299.0,0.0,134.0,232.0,-196.0,-854.0
351.0,-389.0,168.0,-539.0,-295.0,50.0,310.0,203.0,-201.0,-912.0
367.0,-102.0,207.0,-549.0,-281.0,-5.0,356.0,208.0,-195.0,-975.0
387.0,132.0,209.0,-525.0,-260.0,-83.0,-32.0,138.0,-181.0,-1000.0
394.0,209.0,224.0,-436.0,-228.0,-54.0,-340.0,205.0,-172.0,-1029.0
383.0,135.0,204.0,-361.0,-176.0,-39.0,112.0,162.0,-156.0,-1046.0
366.0,-23.0,174.0,-282.0,-103.0,35.0,453.0,118.0,-139.0,-1045.0
328.0,-220.0,105.0,-207.0,-29.0,42.0,45.0,57.0,-119.0,-1006.0
271.0,-384.0,51.0,-190.0,33.0,85.0,-186.0,-110.0,-115.0,-947.0
212.0,-423.0,-6.0,-201.0,88.0,139.0,-56.0,-49.0,-119.0,-884.0
152.0,-245.0,-84.0,-242.0,131.0,81.0,65.0,-44.0,-100.0,-801.0
100.0,125.0,-105.0,-253.0,148.0,52.0,124.0,46.0,-91.0,-719.0
37.0,481.0,-173.0,-213.0,139.0,33.0,169.0,114.0,-77.0,-636.0
-31.0,647.0,-194.0,-111.0,122.0,146.0,-31.0,155.0,-55.0,-577.0
-96.0,581.0,-229.0,10.0,116.0,158.0,-285.0,286.0,-24.0,-508.0
-155.0,332.0,-246.0,99.0,109.0,35.0,-93.0,234.0,27.0,-404.0
-214.0,106.0,-252.0,228.0,89.0,121.0,130.0,262.0,76.0,-307.0
-255.0,97.0,-273.0,407.0,58.0,181.0,188.0,171.0,143.0,-208.0
-283.0,152.0,-249.0,560.0,33.0,83.0,-150.0,96.0,211.0,-96.0
-302.0,-17.0,-280.0,628.0,29.0,50.0,-373.0,160.0,274.0,17.0
-316.0,-457.0,-247.0,622.0,44.0,118.0,-158.0,129.0,343.0,130.0
-332.0,-1049.0,-231.0,569.0,75.0,163.0,18.0,229.0,402.0,226.0
-336.0,-1637.0,-166.0,478.0,119.0,143.0,346.0,175.0,463.0,316.0
-355.0,-2031.0,-117.0,366.0,167.0,147.0,241.0,57.0,500.0,386.0
-359.0,-2074.0,-66.0,269.0,198.0,171.0,-182.0,-27.0,520.0,423.0
-355.0,-1749.0,21.0,180.0,195.0,87.0,-386.0,-83.0,537.0,463.0
-340.0,-1153.0,41.0,95.0,161.0,2.0,-317.0,105.0,536.0,478.0
-303.0,-482.0,139.0,30.0,114.0,77.0,158.0,227.0,517.0,451.0
-269.0,65.0,166.0,-26.0,66.0,129.0,200.0,312.0,488.0,412.0
-231.0,418.0,224.0,-52.0,21.0,75.0,-177.0,323.0,442.0,364.0
-214.0,603.0,249.0,-58.0,-15.0,-10.0,-124.0,277.0,381.0,298.0
-190.0,651.0,270.0,-63.0,-35.0,18.0,-26.0,194.0,331.0,239.0
-166.0,591.0,295.0,-73.0,-35.0,146.0,-122.0,86.0,274.0,199.0
-143.0,555.0,254.0,-53.0,-33.0,118.0,-71.0,118.0,216.0,157.0
-127.0,639.0,266.0,-17.0,-38.0,91.0,-85.0,7.0,156.0,121.0
-94.0,804.0,207.0,-9.0,-42.0,158.0,-224.0,25.0,111.0,82.0
-40.0,993.0,207.0,-3.0,-40.0,162.0,-271.0,73.0,85.0,44.0
-11.0,1158.0,166.0,-26.0,-37.0,123.0,-232.0,38.0,59.0,-10.0
25.0,1235.0,146.0,-52.0,-34.0,23.0,-148.0,110.0,28.0,-105.0
55.0,1101.0,110.0,-80.0,-31.0,-47.0,2.0,40.0,-14.0,-174.0
89.0,731.0,55.0,-117.0,-28.0,-26.0,25.0,86.0,-41.0,-229.0
104.0,275.0,50.0,-110.0,-29.0,22.0,-59.0,64.0,-66.0,-310.0
111.0,-116.0,-16.0,-107.0,-35.0,34.0,-74.0,57.0,-81.0,-360.0
135.0,-441.0,-6.0,-116.0,-43.0,-58.0,-147.0,206.0,-76.0,-380.0
135.0,-774.0,-66.0,-114.0,-55.0,-96.0,140.0,378.0,-60.0,-386.0
134.0,-1095.0,-67.0,-80.0,-76.0,-12.0,372.0,644.0,-40.0,-364.0
115.0,-1317.0,-99.0,-36.0,-100.0,-13.0,-25.0,703.0,-23.0,-323.0
74.0,-1310.0,-145.0,-34.0,-118.0,-58.0,-333.0,788.0,-14.0,-249.0
45.0,-982.0,-132.0,-18.0,-118.0,-120.0,-244.0,665.0,-24.0,-168.0
25.0,-431.0,-184.0,7.0,-101.0,-179.0,94.0,413.0,-30.0,-93.0
11.0,117.0,-137.0,-36.0,-76.0,-56.0,262.0,286.0,-51.0,-12.0
12.0,440.0,-181.0,-96.0,-50.0,43.0,155.0,110.0,-86.0,49.0
28.0,433.0,-171.0,-124.0,-33.0,-16.0,-155.0,158.0,-116.0,71.0
44.0,173.0,-182.0,-148.0,-25.0,-45.0,-384.0,136.0,-130.0,58.0
48.0,-152.0,-233.0,-137.0,-17.0,55.0,77.0,253.0,-137.0,36.0
38.0,-359.0,-229.0,-113.0,-4.0,64.0,442.0,356.0,-152.0,-4.0
33.0,-418.0,-290.0,-110.0,14.0,-134.0,45.0,304.0,-171.0,-58.0
42.0,-360.0,-284.0,-78.0,25.0,-190.0,-387.0,404.0,-195.0,-112.0
31.0,-154.0,-349.0,-36.0,17.0,-75.0,-305.0,332.0,-224.0,-135.0
19.0,78.0,-313.0,-5.0,-9.0,-38.0,14.0,393.0,-264.0,-157.0
12.0,221.0,-330.0,28.0,-50.0,-15.0,28.0,406.0,-298.0,-181.0
9.0,359.0,-357.0,53.0,-104.0,39.0,-101.0,400.0,-314.0,-168.0
12.0,536.0,-293.0,79.0,-150.0,10.0,-110.0,484.0,-322.0,-144.0
-6.0,687.0,-347.0,66.0,-172.0,-22.0,-194.0,360.0,-323.0,-110.0
-28.0,756.0,-296.0,42.0,-168.0,-16.0,-233.0,363.0,-300.0,-94.0
-44.0,739.0,-317.0,31.0,-152.0,-14.0,-126.0,219.0,-260.0,-72.0
-68.0,659.0,-305.0,0.0,-138.0,-44.0,46.0,64.0,-209.0,-59.0
-86.0,618.0,-291.0,-18.0,-124.0,-139.0,31.0,-33.0,-131.0,-86.0
-89.0,639.0,-309.0,-61.0,-110.0,-81.0,-143.0,-166.0,-70.0,-114.0
-91.0,600.0,-264.0,-124.0,-107.0,38.0,121.0,-96.0,-20.0,-145.0
-81.0,418.0,-287.0,-193.0,-123.0,20.0,306.0,-142.0,35.0,-202.0
-76.0,117.0,-238.0,-247.0,-159.0,-20.0,48.0,-36.0,60.0,-280.0
-70.0,-143.0,-244.0,-258.0,-202.0,-27.0,-11.0,51.0,80.0,-354.0
-46.0,-259.0,-226.0,-264.0,-225.0,16.0,-12.0,27.0,99.0,-442.0
-27.0,-300.0,-191.0,-273.0,-221.0,10.0,2.0,72.0,102.0,-548.0
6.0,-363.0,-170.0,-299.0,-201.0,-25.0,54.0,14.0,121.0,-653.0
33.0,-474.0,-122.0,-287.0,-176.0,-43.0,94.0,112.0,148.0,-753.0
59.0,-632.0,-116.0,-241.0,-143.0,-22.0,121.0,164.0,167.0,-838.0
81.0,-821.0,-65.0,-193.0,-95.0,16.0,-69.0,327.0,191.0,-896.0
98.0,-940.0,-85.0,-162.0,-39.0,26.0,-55.0,445.0,189.0,-920.0
107.0,-976.0,-62.0,-193.0,18.0,38.0,39.0,356.0,171.0,-883.0
116.0,-917.0,-41.0,-235.0,77.0,10.0,100.0,421.0,144.0,-829.0
150.0,-684.0,-67.0,-252.0,130.0,-27.0,244.0,347.0,93.0,-795.0
175.0,-275.0,-31.0,-262.0,173.0,28.0,77.0,308.0,40.0,-752.0
198.0,238.0,-73.0,-272.0,201.0,100.0,-153.0,271.0,-26.0,-731.0
202.0,711.0,-70.0,-303.0,216.0,37.0,-118.0,253.0,-102.0,-723.0
194.0,1005.0,-63.0,-365.0,227.0,-16.0,-4.0,275.0,-166.0,-730.0
195.0,1087.0,-74.0,-417.0,242.0,45.0,-16.0,229.0,-213.0,-748.0
191.0,1062.0,-32.0,-431.0,265.0,154.0,61.0,343.0,-255.0,-751.0
184.0,999.0,-17.0,-377.0,290.0,140.0,-124.0,339.0,-302.0,-776.0
162.0,889.0,37.0,-310.0,301.0,2.0,-518.0,419.0,-351.0,-819.0
144.0,810.0,26.0,-238.0,292.0,-45.0,-162.0,471.0,-410.0,-857.0
122.0,748.0,53.0,-132.0,266.0,-27.0,269.0,439.0,-458.0,-894.0
90.0,486.0,95.0,-41.0,231.0,29.0,244.0,587.0,-490.0,-952.0
56.0,-68.0,57.0,41.0,196.0,54.0,135.0,513.0,-500.0,-1009.0
41.0,-699.0,109.0,99.0,160.0,31.0,-90.0,515.0,-476.0,-1027.0
31.0,-1208.0,88.0,102.0,129.0,33.0,-217.0,478.0,-428.0,-1044.0
11.0,-1533.0,88.0,41.0,109.0,71.0,-333.0,402.0,-359.0,-1072.0
-9.0,-1616.0,112.0,-26.0,93.0,214.0,-236.0,482.0,-268.0,-1068.0
-39.0,-1444.0,69.0,-51.0,74.0,277.0,35.0,423.0,-163.0,-1053.0
-79.0,-1080.0,73.0,-75.0,52.0,179.0,-134.0,491.0,-59.0,-1038.0
-136.0,-637.0,11.0,-106.0,31.0,122.0,-89.0,498.0,45.0,-995.0
-186.0,-188.0,5.0,-145.0,10.0,137.0,328.0,522.0,134.0,-946.0
-244.0,225.0,-14.0,-166.0,-6.0,227.0,155.0,543.0,214.0,-904.0
-278.0,597.0,-26.0,-139.0,-22.0,240.0,-396.0,517.0,276.0,-883.0
-303.0,949.0,-25.0,-88.0,-33.0,223.0,-268.0,630.0,330.0,-873.0
-320.0,1248.0,-58.0,-49.0,-34.0,303.0,304.0,576.0,364.0,-848.0
-313.0,1413.0,-20.0,-30.0,-33.0,213.0,467.0,639.0,365.0,-832.0
-310.0,1404.0,-67.0,-19.0,-36.0,84.0,196.0,582.0,365.0,-808.0
-295.0,1294.0,-24.0,34.0,-48.0,77.0,-185.0,504.0,353.0,-745.0
-296.0,1201.0,-16.0,130.0,-63.0,139.0,-266.0,543.0,323.0,-642.0
-282.0,1210.0,-19.0,217.0,-76.0,208.0,-51.0,323.0,290.0,-530.0
-265.0,1297.0,40.0,267.0,-81.0,192.0,187.0,229.0,249.0,-397.0
-245.0,1445.0,35.0,287.0,-71.0,227.0,233.0,138.0,202.0,-250.0
-232.0,1595.0,103.0,323.0,-58.0,257.0,82.0,195.0,159.0,-136.0
-220.0,1578.0,101.0,366.0,-69.0,155.0,141.0,304.0,110.0,-35.0
-191.0,1302.0,166.0,404.0,-114.0,108.0,372.0,323.0,67.0,53.0
-176.0,785.0,186.0,431.0,-172.0,175.0,82.0,380.0,18.0,133.0
-140.0,214.0,188.0,441.0,-221.0,165.0,-303.0,219.0,-27.0,198.0
-103.0,-197.0,242.0,439.0,-255.0,151.0,95.0,247.0,-52.0,265.0
-50.0,-423.0,198.0,410.0,-274.0,177.0,364.0,194.0,-76.0,337.0
-8.0,-602.0,242.0,403.0,-274.0,198.0,197.0,109.0,-95.0,383.0
25.0,-831.0,212.0,429.0,-254.0,204.0,184.0,90.0,-133.0,418.0
76.0,-1092.0,209.0,456.0,-225.0,116.0,54.0,-51.0,-173.0,454.0
101.0,-1374.0,186.0,461.0,-195.0,127.0,173.0,77.0,-207.0,483.0
142.0,-1583.0,134.0,460.0,-165.0,205.0,505.0,142.0,-237.0,488.0
183.0,-1625.0,157.0,464.0,-137.0,183.0,522.0,260.0,-257.0,518.0
218.0,-1588.0,66.0,471.0,-120.0,152.0,292.0,345.0,-267.0,558.0
257.0,-1607.0,52.0,480.0,-108.0,166.0,-16.0,303.0,-254.0,579.0
288.0,-1592.0,5.0,435.0,-95.0,199.0,292.0,338.0,-236.0,595.0
324.0,-1359.0,-55.0,379.0,-78.0,214.0,581.0,279.0,-219.0,600.0
360.0,-966.0,-87.0,342.0,-64.0,221.0,224.0,339.0,-208.0,629.0
379.0,-626.0,-141.0,289.0,-56.0,189.0,60.0,325.0,-200.0,646.0
406.0,-451.0,-121.0,208.0,-53.0,147.0,305.0,319.0,-201.0,650.0
430.0,-395.0,-174.0,89.0,-62.0,174.0,539.0,334.0,-200.0,666.0
443.0,-403.0,-156.0,-17.0,-77.0,298.0,237.0,393.0,-203.0,666.0
460.0,-423.0,-158.0,-121.0,-84.0,377.0,242.0,624.0,-223.0,648.0
471.0,-379.0,-149.0,-248.0,-80.0,315.0,384.0,618.0,-238.0,600.0
492.0,-236.0,-115.0,-350.0,-68.0,237.0,166.0,589.0,-242.0,563.0
514.0,-37.0,-120.0,-407.0,-52.0,198.0,581.0,436.0,-241.0,507.0
521.0,132.0,-45.0,-423.0,-48.0,196.0,718.0,286.0,-237.0,418.0
520.0,229.0,-81.0,-393.0,-67.0,233.0,271.0,306.0,-208.0,331.0
520.0,282.0,-55.0,-379.0,-107.0,190.0,414.0,123.0,-156.0,236.0
505.0,321.0,-47.0,-384.0,-138.0,185.0,768.0,72.0,-95.0,139.0
483.0,341.0,-80.0,-333.0,-144.0,290.0,416.0,46.0,-26.0,22.0
464.0,428.0,-28.0,-277.0,-123.0,192.0,-3.0,118.0,35.0,-91.0
447.0,651.0,-62.0,-210.0,-81.0,110.0,258.0,312.0,78.0,-197.0
433.0,981.0,-26.0,-151.0,-25.0,242.0,421.0,356.0,104.0,-300.0
395.0,1368.0,-18.0,-105.0,32.0,210.0,293.0,484.0,127.0,-404.0
356.0,1675.0,-9.0,-29.0,85.0,110.0,241.0,498.0,136.0,-488.0
310.0,1799.0,25.0,-6.0,127.0,146.0,294.0,426.0,140.0,-552.0
259.0,1738.0,5.0,21.0,163.0,177.0,352.0,219.0,135.0,-630.0
207.0,1506.0,35.0,61.0,198.0,168.0,113.0,48.0,137.0,-699.0
154.0,1131.0,0.0,33.0,223.0,156.0,-145.0,1.0,141.0,-779.0
119.0,640.0,-20.0,-20.0,228.0,129.0,-126.0,-90.0,127.0,-857.0
68.0,86.0,-58.0,-89.0,212.0,93.0,132.0,90.0,127.0,-947.0
17.0,-456.0,-116.0,-176.0,175.0,-23.0,445.0,103.0,119.0,-1023.0
-29.0,-971.0,-146.0,-262.0,123.0,-68.0,599.0,120.0,111.0,-1060.0
-81.0,-1432.0,-217.0,-358.0,60.0,68.0,308.0,267.0,114.0,-1106.0
-138.0,-1694.0,-235.0,-442.0,0.0,44.0,-239.0,254.0,101.0,-1149.0
-198.0,-1586.0,-305.0,-487.0,-47.0,-58.0,148.0,430.0,113.0,-1176.0
-249.0,-1090.0,-349.0,-497.0,-71.0,-60.0,679.0,511.0,118.0,-1213.0
-308.0,-360.0,-393.0,-467.0,-58.0,-64.0,391.0,558.0,131.0,-1256.0
-356.0,363.0,-458.0,-418.0,-17.0,-71.0,326.0,493.0,153.0,-1270.0
-400.0,842.0,-451.0,-346.0,36.0,-169.0,369.0,338.0,144.0,-1274.0
-431.0,987.0,-478.0,-277.0,93.0,-235.0,307.0,253.0,163.0,-1257.0
-455.0,897.0,-435.0,-193.0,135.0,-204.0,299.0,44.0,181.0,-1213.0
-474.0,684.0,-426.0,-72.0,158.0,-215.0,261.0,27.0,190.0,-1154.0
-477.0,342.0,-409.0,26.0,161.0,-160.0,83.0,24.0,195.0,-1084.0
-490.0,-75.0,-325.0,86.0,159.0,-57.0,-42.0,75.0,182.0,-1019.0
-505.0,-465.0,-309.0,93.0,172.0,-148.0,422.0,123.0,167.0,-950.0
-521.0,-835.0,-214.0,75.0,204.0,-276.0,560.0,48.0,136.0,-863.0
-538.0,-1148.0,-138.0,58.0,247.0,-230.0,151.0,158.0,104.0,-774.0
-549.0,-1384.0,-73.0,48.0,280.0,-185.0,203.0,221.0,68.0,-697.0
-556.0,-1569.0,23.0,36.0,287.0,-139.0,404.0,328.0,31.0,-600.0
-539.0,-1632.0,80.0,0.0,276.0,-120.0,180.0,421.0,-8.0,-500.0
-509.0,-1540.0,173.0,-23.0,273.0,-165.0,69.0,482.0,-32.0,-409.0
-465.0,-1351.0,220.0,-36.0,290.0,-121.0,456.0,526.0,-22.0,-300.0
-415.0,-1147.0,290.0,-48.0,307.0,-139.0,414.0,456.0,13.0,-166.0
-377.0,-940.0,320.0,-78.0,296.0,-166.0,32.0,476.0,69.0,-37.0
-349.0,-664.0,369.0,-128.0,246.0,-60.0,282.0,352.0,143.0,71.0
-310.0,-279.0,429.0,-148.0,170.0,-33.0,556.0,336.0,235.0,185.0
-277.0,178.0,392.0,-152.0,81.0,-69.0,216.0,367.0,304.0,280.0
-248.0,684.0,463.0,-117.0,-9.0,-37.0,11.0,323.0,376.0,362.0
-206.0,1233.0,444.0,-59.0,-87.0,-41.0,285.0,389.0,454.0,416.0
-162.0,1705.0,395.0,-6.0,-150.0,-81.0,297.0,238.0,519.0,470.0
-113.0,1948.0,348.0,47.0,-203.0,-23.0,152.0,232.0,581.0,533.0
-76.0,1994.0,276.0,100.0,-244.0,45.0,196.0,267.0,628.0,553.0
-33.0,1931.0,250.0,164.0,-264.0,117.0,361.0,304.0,651.0,579.0
1.0,1759.0,135.0,204.0,-257.0,144.0,405.0,495.0,658.0,606.0
24.0,1547.0,121.0,221.0,-240.0,37.0,73.0,508.0,642.0,619.0
58.0,1374.0,42.0,242.0,-233.0,79.0,186.0,485.0,598.0,620.0
84.0,1187.0,-65.0,270.0,-231.0,100.0,538.0,391.0,541.0,621.0
114.0,966.0,-68.0,288.0,-227.0,-13.0,298.0,395.0,467.0,647.0
140.0,775.0,-145.0,300.0,-222.0,25.0,-71.0,345.0,371.0,655.0
165.0,678.0,-199.0,342.0,-215.0,17.0,24.0,297.0,266.0,684.0
187.0,671.0,-233.0,370.0,-205.0,-33.0,428.0,367.0,150.0,720.0
202.0,698.0,-246.0,368.0,-180.0,-91.0,279.0,327.0,15.0,737.0
206.0,726.0,-300.0,377.0,-138.0,-112.0,-84.0,388.0,-121.0,746.0
224.0,717.0,-341.0,361.0,-85.0,43.0,-63.0,271.0,-247.0,737.0
236.0,649.0,-333.0,346.0,-24.0,57.0,16.0,210.0,-348.0,729.0
243.0,506.0,-376.0,346.0,33.0,-24.0,31.0,199.0,-413.0,685.0
264.0,294.0,-390.0,328.0,76.0,2.0,47.0,92.0,-469.0,616.0
267.0,46.0,-407.0,318.0,96.0,39.0,264.0,149.0,-502.0,562.0
283.0,-185.0,-416.0,278.0,98.0,39.0,131.0,-1.0,-517.0,487.0
284.0,-313.0,-463.0,228.0,101.0,50.0,-352.0,36.0,-535.0,389.0
278.0,-321.0,-485.0,173.0,114.0,102.0,-225.0,188.0,-553.0,296.0
271.0,-283.0,-485.0,105.0,132.0,56.0,166.0,223.0,-572.0,208.0
247.0,-257.0,-553.0,76.0,147.0,-67.0,21.0,419.0,-574.0,124.0
215.0,-223.0,-571.0,77.0,154.0,-81.0,-141.0,460.0,-571.0,34.0
174.0,-193.0,-639.0,86.0,150.0,29.0,316.0,545.0,-569.0,-24.0
142.0,-176.0,-660.0,69.0,146.0,77.0,389.0,594.0,-564.0,-67.0
107.0,-186.0,-668.0,55.0,143.0,-8.0,-179.0,585.0,-552.0,-143.0
86.0,-296.0,-722.0,46.0,133.0,-6.0,-138.0,635.0,-541.0,-204.0
59.0,-507.0,-686.0,44.0,108.0,64.0,146.0,591.0,-528.0,-261.0
31.0,-709.0,-728.0,57.0,68.0,-37.0,-140.0,593.0,-513.0,-317.0
15.0,-786.0,-725.0,55.0,20.0,-172.0,-173.0,452.0,-507.0,-367.0
-6.0,-741.0,-691.0,68.0,-29.0,-154.0,118.0,426.0,-494.0,-401.0
-27.0,-669.0,-687.0,85.0,-88.0,-139.0,-123.0,423.0,-483.0,-394.0
-56.0,-590.0,-635.0,96.0,-158.0,-189.0,-325.0,354.0,-461.0,-377.0
-69.0,-451.0,-594.0,124.0,-234.0,-229.0,42.0,395.0,-430.0,-366.0
-88.0,-286.0,-533.0,143.0,-305.0,-199.0,197.0,277.0,-379.0,-333.0
-107.0,-147.0,-504.0,155.0,-351.0,-178.0,-213.0,254.0,-297.0,-275.0
-126.0,-38.0,-427.0,117.0,-362.0,-262.0,-252.0,155.0,-217.0,-237.0
-141.0,32.0,-364.0,55.0,-346.0,-233.0,176.0,210.0,-120.0,-191.0
-141.0,54.0,-301.0,13.0,-322.0,-161.0,28.0,352.0,-32.0,-127.0
-154.0,28.0,-197.0,-50.0,-303.0,-291.0,-248.0,332.0,37.0,-70.0
-157.0,34.0,-122.0,-105.0,-286.0,-338.0,-142.0,485.0,80.0,-19.0
-167.0,118.0,-28.0,-135.0,-265.0,-246.0,-129.0,349.0,92.0,32.0
-183.0,217.0,8.0,-99.0,-234.0,-219.0,-228.0,297.0,93.0,100.0
-203.0,231.0,101.0,-13.0,-198.0,-185.0,-227.0,325.0,83.0,172.0
-231.0,113.0,170.0,65.0,-158.0,-182.0,95.0,223.0,69.0,231.0
-259.0,-125.0,236.0,161.0,-107.0,-233.0,246.0,286.0,56.0,287.0
-287.0,-418.0,325.0,249.0,-43.0,-309.0,-168.0,203.0,46.0,338.0
-306.0,-629.0,355.0,302.0,31.0,-368.0,-130.0,229.0,32.0,353.0
-316.0,-704.0,443.0,332.0,102.0,-310.0,400.0,291.0,32.0,353.0
-330.0,-724.0,471.0,358.0,158.0,-253.0,312.0,310.0,42.0,353.0
-350.0,-765.0,535.0,363.0,198.0,-285.0,-79.0,323.0,48.0,339.0
-358.0,-746.0,555.0,334.0,221.0,-311.0,-75.0,288.0,76.0,323.0
-362.0,-589.0,588.0,283.0,229.0,-277.0,81.0,297.0,108.0,310.0
-368.0,-372.0,641.0,231.0,225.0,-252.0,196.0,212.0,129.0,314.0
-361.0,-210.0,615.0,204.0,212.0,-183.0,247.0,273.0,152.0,324.0
-350.0,-140.0,666.0,173.0,199.0,-75.0,136.0,225.0,180.0,328.0
-340.0,-148.0,629.0,126.0,187.0,-70.0,10.0,142.0,202.0,346.0
-336.0,-289.0,632.0,82.0,177.0,-57.0,81.0,212.0,229.0,355.0
-334.0,-530.0,617.0,-10.0,160.0,-61.0,321.0,210.0,258.0,341.0
-327.0,-769.0,582.0,-128.0,127.0,-135.0,67.0,349.0,287.0,325.0
-313.0,-953.0,597.0,-207.0,87.0,-131.0,-324.0,373.0,334.0,284.0
-288.0,-1016.0,553.0,-280.0,50.0,-144.0,-85.0,412.0,379.0,220.0
-265.0,-912.0,580.0,-336.0,22.0,-202.0,-102.0,354.0,421.0,174.0
-245.0,-718.0,547.0,-363.0,6.0,-139.0,-123.0,147.0,444.0,122.0
-228.0,-535.0,538.0,-390.0,5.0,-39.0,235.0,68.0,448.0,67.0
-203.0,-350.0,536.0,-412.0,6.0,10.0,140.0,-153.0,454.0,17.0
-187.0,-143.0,510.0,-380.0,9.0,-2.0,-264.0,-116.0,458.0,-67.0
-176.0,80.0,518.0,-307.0,21.0,-71.0,-245.0,-40.0,470.0,-155.0
-152.0,336.0,486.0,-249.0,32.0,-78.0,172.0,-3.0,465.0,-246.0
-129.0,600.0,477.0,-179.0,32.0,-198.0,-77.0,140.0,453.0,-361.0
-98.0,826.0,423.0,-118.0,13.0,-330.0,-529.0,121.0,444.0,-510.0
-68.0,1012.0,398.0,-75.0,-19.0,-187.0,-90.0,273.0,416.0,-677.0
-29.0,1160.0,337.0,-18.0,-52.0,-117.0,191.0,291.0,395.0,-845.0
15.0,1226.0,263.0,29.0,-79.0,-201.0,-84.0,290.0,395.0,-1037.0
42.0,1228.0,263.0,77.0,-90.0,-154.0,13.0,279.0,416.0,-1216.0
68.0,1235.0,189.0,97.0,-97.0,-80.0,222.0,116.0,447.0,-1369.0
98.0,1316.0,151.0,77.0,-107.0,-66.0,-67.0,144.0,476.0,-1470.0
119.0,1478.0,125.0,56.0,-128.0,-77.0,-103.0,133.0,512.0,-1514.0
140.0,1602.0,73.0,31.0,-160.0,-70.0,394.0,216.0,540.0,-1526.0
161.0,1554.0,-30.0,-17.0,-196.0,11.0,381.0,279.0,546.0,-1478.0
167.0,1306.0,-122.0,-37.0,-226.0,-9.0,-65.0,352.0,527.0,-1383.0
167.0,937.0,-151.0,-37.0,-239.0,-149.0,-112.0,399.0,493.0,-1240.0
163.0,556.0,-248.0,-65.0,-235.0,-145.0,134.0,266.0,464.0,-1069.0
166.0,222.0,-290.0,-52.0,-218.0,-98.0,110.0,303.0,427.0,-875.0
160.0,-72.0,-317.0,-19.0,-194.0,-86.0,-113.0,225.0,385.0,-678.0
141.0,-308.0,-346.0,-5.0,-159.0,-45.0,-136.0,184.0,340.0,-490.0
130.0,-410.0,-399.0,19.0,-118.0,-114.0,-43.0,140.0,284.0,-305.0
107.0,-407.0,-432.0,48.0,-77.0,-204.0,84.0,33.0,215.0,-144.0
79.0,-386.0,-404.0,86.0,-42.0,-189.0,210.0,49.0,152.0,-8.0
50.0,-349.0,-447.0,90.0,-6.0,-131.0,149.0,-51.0,92.0,93.0
20.0,-298.0,-425.0,64.0,30.0,-36.0,-164.0,5.0,29.0,164.0
-12.0,-273.0,-395.0,62.0,61.0,-10.0,-333.0,36.0,-10.0,214.0
-41.0,-287.0,-375.0,72.0,92.0,-93.0,-209.0,107.0,-35.0,257.0
-63.0,-374.0,-328.0,104.0,126.0,-73.0,111.0,223.0,-39.0,303.0
-76.0,-557.0,-292.0,174.0,165.0,-8.0,445.0,219.0,-3.0,347.0
-53.0,-742.0,-229.0,200.0,201.0,-73.0,281.0,260.0,53.0,402.0
-27.0,-809.0,-164.0,195.0,223.0,-50.0,-28.0,40.0,100.0,489.0
5.0,-697.0,-106.0,205.0,226.0,30.0,-108.0,-110.0,137.0,566.0
47.0,-441.0,-59.0,205.0,205.0,31.0,113.0,-269.0,178.0,634.0
95.0,-91.0,-23.0,211.0,165.0,50.0,306.0,-367.0,206.0,728.0
127.0,295.0,-18.0,234.0,116.0,12.0,59.0,-158.0,216.0,819.0
147.0,588.0,-7.0,245.0,83.0,48.0,152.0,-72.0,224.0,901.0
177.0,659.0,7.0,250.0,73.0,131.0,483.0,133.0,232.0,964.0
186.0,421.0,-10.0,255.0,86.0,69.0,322.0,240.0,207.0,1004.0
183.0,-68.0,-19.0,225.0,103.0,71.0,-59.0,258.0,140.0,1026.0
166.0,-622.0,-1.0,195.0,105.0,97.0,-14.0,303.0,75.0,1010.0
167.0,-1067.0,-31.0,155.0,95.0,27.0,522.0,219.0,20.0,972.0
165.0,-1321.0,-20.0,84.0,82.0,66.0,604.0,223.0,-20.0,940.0
159.0,-1366.0,16.0,20.0,70.0,168.0,153.0,153.0,-30.0,885.0
169.0,-1190.0,8.0,-30.0,62.0,198.0,54.0,125.0,-37.0,834.0
161.0,-843.0,61.0,-29.0,53.0,126.0,158.0,49.0,-44.0,811.0
156.0,-432.0,58.0,-24.0,47.0,-31.0,65.0,42.0,-67.0,774.0
134.0,-62.0,43.0,-20.0,44.0,18.0,208.0,123.0,-117.0,748.0
116.0,203.0,30.0,20.0,45.0,112.0,492.0,101.0,-174.0,725.0
92.0,381.0,7.0,72.0,53.0,26.0,376.0,225.0,-240.0,688.0
81.0,532.0,-10.0,140.0,62.0,85.0,77.0,145.0,-315.0,654.0
78.0,668.0,-47.0,224.0,70.0,126.0,145.0,107.0,-397.0,630.0
63.0,782.0,-50.0,305.0,75.0,86.0,303.0,46.0,-477.0,585.0
72.0,861.0,-84.0,384.0,79.0,160.0,108.0,-123.0,-545.0,553.0
80.0,894.0,-95.0,445.0,86.0,164.0,140.0,-33.0,-624.0,521.0
104.0,909.0,-94.0,474.0,103.0,150.0,344.0,-142.0,-691.0,469.0
104.0,949.0,-79.0,450.0,130.0,79.0,341.0,-171.0,-726.0,421.0
88.0,1012.0,-79.0,404.0,150.0,-33.0,534.0,-73.0,-732.0,350.0
76.0,1061.0,-79.0,374.0,150.0,10.0,651.0,-20.0,-684.0,306.0
66.0,1081.0,-37.0,344.0,136.0,16.0,385.0,96.0,-609.0,276.0
45.0,1074.0,-42.0,306.0,120.0,-48.0,113.0,158.0,-523.0,254.0
0.0,1036.0,-24.0,235.0,108.0,-22.0,207.0,269.0,-425.0,286.0
-32.0,940.0,-1.0,159.0,99.0,24.0,506.0,210.0,-325.0,336.0
-75.0,779.0,12.0,82.0,89.0,10.0,317.0,210.0,-220.0,395.0
-113.0,621.0,24.0,-3.0,64.0,-54.0,-72.0,147.0,-117.0,452.0
-155.0,601.0,43.0,-92.0,31.0,-116.0,-118.0,48.0,-26.0,503.0
-183.0,717.0,81.0,-185.0,3.0,-51.0,-32.0,168.0,60.0,533.0
-198.0,772.0,83.0,-277.0,-13.0,5.0,102.0,53.0,154.0,548.0
-206.0,649.0,120.0,-391.0,-22.0,-137.0,162.0,83.0,227.0,558.0
-223.0,380.0,152.0,-492.0,-22.0,-160.0,162.0,136.0,298.0,570.0
-245.0,-2.0,156.0,-564.0,-14.0,-66.0,30.0,136.0,360.0,590.0
-246.0,-400.0,191.0,-587.0,-7.0,-98.0,-21.0,275.0,401.0,586.0
-269.0,-677.0,213.0,-577.0,-17.0,-79.0,282.0,260.0,434.0,591.0
-286.0,-862.0,221.0,-562.0,-47.0,-30.0,216.0,363.0,448.0,609.0
-286.0,-1023.0,224.0,-522.0,-80.0,-38.0,-144.0,293.0,467.0,611.0
-267.0,-1172.0,248.0,-477.0,-100.0,-35.0,-24.0,129.0,488.0,604.0
-257.0,-1299.0,249.0,-417.0,-105.0,-50.0,400.0,88.0,516.0,594.0
-248.0,-1348.0,234.0,-372.0,-91.0,-31.0,330.0,11.0,532.0,575.0
-224.0,-1336.0,248.0,-347.0,-47.0,-93.0,-119.0,22.0,533.0,527.0
-206.0,-1383.0,225.0,-295.0,11.0,-242.0,-9.0,18.0,531.0,477.0
-175.0,-1513.0,204.0,-220.0,62.0,-130.0,303.0,90.0,524.0,424.0
-146.0,-1606.0,188.0,-134.0,99.0,-12.0,455.0,79.0,526.0,356.0
-115.0,-1559.0,174.0,-18.0,124.0,-150.0,554.0,66.0,508.0,284.0
-100.0,-1351.0,173.0,98.0,136.0,-145.0,213.0,101.0,484.0,229.0
-90.0,-1029.0,175.0,214.0,127.0,9.0,60.0,-7.0,467.0,179.0
-87.0,-735.0,185.0,338.0,100.0,60.0,397.0,-1.0,450.0,130.0
-83.0,-579.0,204.0,429.0,63.0,-34.0,278.0,-97.0,450.0,122.0
-67.0,-506.0,232.0,511.0,20.0,-208.0,-195.0,-171.0,452.0,138.0
-40.0,-379.0,256.0,563.0,-22.0,-248.0,-136.0,-142.0,453.0,172.0
0.0,-100.0,284.0,595.0,-73.0,-252.0,210.0,-179.0,451.0,221.0
12.0,305.0,310.0,620.0,-128.0,-313.0,197.0,-133.0,450.0,273.0
39.0,743.0,332.0,630.0,-172.0,-198.0,261.0,-190.0,446.0,314.0
59.0,1145.0,352.0,651.0,-195.0,-148.0,338.0,-216.0,426.0,344.0
51.0,1454.0,380.0,644.0,-199.0,-221.0,-67.0,-212.0,389.0,391.0
44.0,1631.0,416.0,600.0,-188.0,-156.0,-235.0,-169.0,352.0,428.0
39.0,1683.0,434.0,546.0,-163.0,-82.0,-146.0,-73.0,330.0,449.0
38.0,1655.0,448.0,495.0,-129.0,-39.0,-184.0,-118.0,286.0,449.0
28.0,1572.0,477.0,484.0,-93.0,-145.0,-36.0,-109.0,229.0,441.0
16.0,1385.0,474.0,508.0,-57.0,-218.0,63.0,-218.0,158.0,406.0
9.0,1050.0,462.0,501.0,-20.0,-51.0,33.0,-216.0,76.0,333.0
10.0,623.0,478.0,479.0,5.0,-4.0,89.0,-120.0,18.0,261.0
6.0,173.0,464.0,458.0,11.0,-52.0,159.0,-118.0,-41.0,172.0
-4.0,-239.0,448.0,394.0,4.0,-37.0,403.0,70.0,-84.0,77.0
0.0,-523.0,441.0,301.0,-4.0,-54.0,460.0,149.0,-123.0,-5.0
5.0,-565.0,391.0,208.0,-15.0,-36.0,-14.0,218.0,-163.0,-57.0
15.0,-358.0,365.0,145.0,-34.0,-79.0,-271.0,155.0,-198.0,-86.0
29.0,-5.0,341.0,91.0,-56.0,-77.0,-42.0,64.0,-226.0,-111.0
36.0,362.0,291.0,-6.0,-71.0,98.0,89.0,40.0,-253.0,-108.0
68.0,657.0,281.0,-127.0,-77.0,-2.0,-188.0,-114.0,-283.0,-88.0
114.0,896.0,254.0,-249.0,-77.0,-196.0,-364.0,-46.0,-272.0,-67.0
157.0,1019.0,200.0,-369.0,-75.0,-212.0,-274.0,-90.0,-254.0,-41.0
212.0,900.0,171.0,-481.0,-74.0,-185.0,-125.0,-27.0,-242.0,-23.0
256.0,486.0,124.0,-573.0,-80.0,-176.0,68.0,11.0,-228.0,3.0
295.0,-133.0,58.0,-625.0,-90.0,-233.0,44.0,-184.0,-231.0,34.0
316.0,-728.0,24.0,-688.0,-104.0,-138.0,-174.0,-134.0,-235.0,45.0
327.0,-1115.0,-22.0,-752.0,-123.0,-100.0,-425.0,-205.0,-253.0,65.0
351.0,-1299.0,-73.0,-796.0,-139.0,-194.0,-335.0,-212.0,-253.0,83.0
361.0,-1448.0,-114.0,-830.0,-143.0,-212.0,-189.0,-210.0,-232.0,89.0
371.0,-1646.0,-174.0,-832.0,-131.0,-263.0,-332.0,-219.0,-201.0,96.0
382.0,-1851.0,-207.0,-812.0,-107.0,-282.0,-448.0,-86.0,-151.0,122.0
376.0,-2011.0,-250.0,-778.0,-76.0,-310.0,-326.0,-83.0,-97.0,165.0
374.0,-2083.0,-288.0,-748.0,-34.0,-416.0,-95.0,-18.0,-53.0,213.0
390.0,-1958.0,-297.0,-705.0,22.0,-448.0,-151.0,-81.0,-22.0,282.0
395.0,-1536.0,-327.0,-634.0,91.0,-427.0,-163.0,-99.0,2.0,340.0
387.0,-897.0,-358.0,-523.0,164.0,-393.0,-187.0,-59.0,21.0,389.0
390.0,-159.0,-342.0,-373.0,229.0,-275.0,-216.0,-62.0,33.0,428.0
396.0,577.0,-339.0,-226.0,277.0,-283.0,-230.0,79.0,45.0,435.0
396.0,1231.0,-331.0,-68.0,301.0,-269.0,-493.0,42.0,54.0,429.0
388.0,1710.0,-267.0,87.0,299.0,-167.0,-412.0,59.0,60.0,414.0
386.0,2022.0,-241.0,242.0,276.0,-237.0,-365.0,101.0,66.0,397.0
389.0,2308.0,-186.0,372.0,236.0,-312.0,-440.0,97.0,72.0,380.0
391.0,2569.0,-137.0,435.0,189.0,-346.0,-181.0,142.0,96.0,356.0
391.0,2689.0,-117.0,449.0,146.0,-171.0,-179.0,1.0,141.0,330.0
381.0,2607.0,-56.0,430.0,105.0,-38.0,-186.0,-79.0,204.0,314.0
378.0,2362.0,-44.0,411.0,70.0,-211.0,39.0,-140.0,294.0,295.0
367.0,1968.0,-21.0,412.0,45.0,-237.0,-13.0,-110.0,383.0,293.0
336.0,1448.0,23.0,460.0,29.0,-151.0,-405.0,-55.0,469.0,295.0
303.0,920.0,30.0,547.0,23.0,-146.0,-770.0,-18.0,564.0,267.0
264.0,421.0,33.0,629.0,30.0,-189.0,-578.0,35.0,640.0,228.0
229.0,-68.0,65.0,708.0,53.0,-221.0,-178.0,-79.0,683.0,180.0
182.0,-523.0,88.0,764.0,73.0,-138.0,-194.0,-81.0,711.0,119.0
130.0,-905.0,98.0,774.0,85.0,-133.0,-425.0,-212.0,733.0,40.0
85.0,-1180.0,136.0,761.0,89.0,-249.0,-554.0,-291.0,735.0,-16.0
46.0,-1315.0,159.0,725.0,82.0,-158.0,-441.0,-273.0,710.0,-54.0
22.0,-1322.0,176.0,663.0,68.0,35.0,-138.0,-371.0,660.0,-76.0
-12.0,-1254.0,204.0,596.0,56.0,108.0,-18.0,-327.0,597.0,-59.0
-48.0,-1192.0,223.0,535.0,52.0,127.0,-261.0,-395.0,515.0,-9.0
-75.0,-1121.0,263.0,461.0,44.0,116.0,-548.0,-332.0,385.0,53.0
-111.0,-983.0,284.0,390.0,27.0,142.0,-420.0,-317.0,233.0,106.0
-150.0,-821.0,314.0,364.0,13.0,142.0,-73.0,-399.0,70.0,178.0
-165.0,-668.0,372.0,352.0,21.0,135.0,-230.0,-443.0,-111.0,265.0
-159.0,-556.0,404.0,367.0,43.0,250.0,-670.0,-600.0,-284.0,348.0
-138.0,-526.0,471.0,389.0,55.0,255.0,-564.0,-524.0,-439.0,442.0
-96.0,-515.0,536.0,398.0,61.0,83.0,-23.0,-561.0,-582.0,535.0
-54.0,-429.0,593.0,403.0,59.0,98.0,21.0,-565.0,-709.0,618.0
3.0,-294.0,664.0,404.0,46.0,231.0,-377.0,-522.0,-821.0,684.0
37.0,-158.0,703.0,387.0,38.0,273.0,-317.0,-617.0,-926.0,700.0
70.0,17.0,760.0,335.0,48.0,235.0,-34.0,-528.0,-1007.0,685.0
111.0,235.0,814.0,269.0,72.0,196.0,-182.0,-526.0,-1060.0,647.0
132.0,408.0,858.0,154.0,89.0,235.0,-564.0,-432.0,-1105.0,556.0
162.0,475.0,912.0,41.0,82.0,207.0,-628.0,-399.0,-1121.0,476.0
167.0,473.0,954.0,-37.0,59.0,224.0,-501.0,-412.0,-1103.0,406.0
164.0,482.0,963.0,-105.0,36.0,248.0,-443.0,-249.0,-1065.0,343.0
145.0,543.0,959.0,-180.0,15.0,168.0,-309.0,-323.0,-1008.0,316.0
111.0,596.0,952.0,-280.0,-3.0,124.0,-214.0,-310.0,-957.0,311.0
61.0,602.0,904.0,-356.0,-15.0,168.0,-331.0,-310.0,-917.0,338.0
14.0,526.0,856.0,-372.0,-25.0,265.0,-628.0,-399.0,-868.0,364.0
-24.0,311.0,786.0,-343.0,-45.0,180.0,-618.0,-461.0,-813.0,406.0
-73.0,-22.0,702.0,-297.0,-75.0,87.0,-412.0,-644.0,-755.0,456.0
-104.0,-326.0,624.0,-249.0,-102.0,195.0,-457.0,-713.0,-687.0,490.0
-168.0,-458.0,543.0,-189.0,-108.0,245.0,-398.0,-748.0,-600.0,553.0
-212.0,-461.0,466.0,-121.0,-87.0,178.0,-69.0,-665.0,-495.0,617.0
-250.0,-371.0,374.0,-55.0,-44.0,125.0,153.0,-598.0,-399.0,682.0
-294.0,-265.0,293.0,2.0,15.0,200.0,-191.0,-563.0,-298.0,745.0
-327.0,-157.0,204.0,39.0,91.0,315.0,-639.0,-476.0,-193.0,804.0
-352.0,-46.0,120.0,52.0,166.0,276.0,-544.0,-526.0,-97.0,857.0
-346.0,89.0,28.0,9.0,223.0,250.0,-262.0,-437.0,20.0,870.0
-334.0,207.0,-63.0,-42.0,255.0,302.0,-180.0,-465.0,146.0,871.0
-300.0,93.0,-146.0,-97.0,253.0,329.0,-151.0,-478.0,259.0,854.0
-250.0,-22.0,-248.0,-207.0,216.0,335.0,-127.0,-424.0,391.0,816.0
-178.0,-127.0,-306.0,-321.0,136.0,279.0,-384.0,-504.0,520.0,763.0
-115.0,-338.0,-384.0,-415.0,34.0,337.0,-658.0,-548.0,634.0,718.0
-45.0,-399.0,-460.0,-482.0,-53.0,366.0,-526.0,-670.0,741.0,669.0
21.0,-396.0,-494.0,-536.0,-108.0,282.0,-157.0,-650.0,834.0,592.0
77.0,-395.0,-534.0,-591.0,-143.0,354.0,100.0,-724.0,910.0,529.0
137.0,-325.0,-565.0,-636.0,-181.0,405.0,38.0,-703.0,961.0,475.0
179.0,-210.0,-586.0,-657.0,-227.0,386.0,-261.0,-631.0,996.0,427.0
243.0,57.0,-602.0,-633.0,-270.0,352.0,-322.0,-722.0,1004.0,388.0
304.0,488.0,-631.0,-569.0,-303.0,376.0,-205.0,-515.0,986.0,348.0
363.0,797.0,-643.0,-470.0,-334.0,484.0,-388.0,-478.0,938.0,318.0
417.0,847.0,-659.0,-333.0,-356.0,388.0,-409.0,-363.0,852.0,286.0
464.0,700.0,-670.0,-217.0,-352.0,304.0,-243.0,-225.0,738.0,261.0
497.0,425.0,-667.0,-136.0,-323.0,411.0,-405.0,-349.0,599.0,254.0
525.0,247.0,-672.0,-37.0,-269.0,434.0,-448.0,-266.0,461.0,266.0
531.0,301.0,-664.0,30.0,-198.0,373.0,-118.0,-328.0,337.0,289.0
509.0,507.0,-653.0,56.0,-115.0,351.0,-109.0,-367.0,229.0,340.0
498.0,719.0,-634.0,50.0,-38.0,400.0,-477.0,-473.0,147.0,407.0
466.0,844.0,-593.0,8.0,10.0,391.0,-333.0,-691.0,82.0,469.0
434.0,855.0,-545.0,-38.0,32.0,330.0,-158.0,-763.0,24.0,531.0
380.0,712.0,-465.0,-76.0,49.0,358.0,-545.0,-957.0,-23.0,576.0
313.0,470.0,-362.0,-91.0,81.0,326.0,-461.0,-951.0,-60.0,589.0
256.0,169.0,-264.0,-92.0,126.0,235.0,7.0,-875.0,-110.0,556.0
197.0,-249.0,-129.0,-75.0,166.0,228.0,-76.0,-787.0,-143.0,498.0
134.0,-658.0,-22.0,-39.0,188.0,289.0,-140.0,-628.0,-162.0,419.0
74.0,-930.0,60.0,-2.0,199.0,313.0,2.0,-561.0,-176.0,317.0
34.0,-1167.0,169.0,28.0,199.0,199.0,-494.0,-452.0,-165.0,211.0
4.0,-1441.0,256.0,31.0,184.0,180.0,-874.0,-395.0,-168.0,107.0
-27.0,-1706.0,341.0,24.0,157.0,295.0,-172.0,-258.0,-186.0,13.0
-61.0,-1743.0,414.0,37.0,117.0,291.0,227.0,-301.0,-214.0,-91.0
-70.0,-1407.0,486.0,48.0,71.0,271.0,-238.0,-443.0,-243.0,-202.0
-91.0,-806.0,556.0,43.0,29.0,297.0,-45.0,-508.0,-262.0,-303.0
-110.0,-98.0,598.0,32.0,-8.0,265.0,244.0,-655.0,-302.0,-403.0
-117.0,490.0,629.0,19.0,-37.0,195.0,-696.0,-624.0,-346.0,-488.0
-117.0,858.0,660.0,11.0,-52.0,160.0,-1093.0,-676.0,-394.0,-543.0
-103.0,933.0,658.0,50.0,-44.0,227.0,63.0,-657.0,-455.0,-553.0
-95.0,568.0,637.0,115.0,-13.0,227.0,436.0,-604.0,-504.0,-546.0
-80.0,-116.0,635.0,162.0,27.0,149.0,-169.0,-635.0,-555.0,-512.0
-65.0,-821.0,594.0,197.0,73.0,198.0,-115.0,-552.0,-595.0,-444.0
-42.0,-1279.0,532.0,215.0,119.0,210.0,-392.0,-539.0,-604.0,-384.0
-13.0,-1385.0,493.0,200.0,151.0,184.0,-809.0,-432.0,-611.0,-335.0
23.0,-1229.0,446.0,181.0,159.0,152.0,-101.0,-421.0,-594.0,-296.0
73.0,-859.0,392.0,190.0,153.0,117.0,925.0,-375.0,-552.0,-265.0
150.0,-286.0,341.0,197.0,136.0,202.0,930.0,-347.0,-509.0,-268.0
235.0,369.0,313.0,207.0,104.0,162.0,-469.0,-467.0,-461.0,-308.0
312.0,964.0,293.0,200.0,70.0,90.0,-992.0,-434.0,-404.0,-347.0
399.0,1478.0,273.0,155.0,44.0,186.0,-25.0,-593.0,-343.0,-373.0
472.0,1944.0,261.0,95.0,24.0,217.0,269.0,-631.0,-276.0,-407.0
536.0,2288.0,237.0,-7.0,14.0,182.0,88.0,-628.0,-190.0,-419.0
583.0,2548.0,213.0,-133.0,11.0,160.0,40.0,-753.0,-81.0,-388.0
625.0,2790.0,171.0,-232.0,12.0,152.0,-197.0,-670.0,17.0,-353.0
656.0,2816.0,118.0,-311.0,8.0,120.0,-268.0,-670.0,101.0,-296.0
666.0,2494.0,86.0,-359.0,-8.0,85.0,251.0,-644.0,190.0,-226.0
662.0,1806.0,35.0,-360.0,-46.0,196.0,421.0,-646.0,266.0,-131.0
642.0,838.0,-20.0,-363.0,-98.0,252.0,-364.0,-698.0,314.0,-53.0
628.0,-70.0,-52.0,-369.0,-160.0,223.0,-552.0,-689.0,339.0,-1.0
600.0,-724.0,-104.0,-344.0,-219.0,239.0,223.0,-639.0,345.0,54.0
571.0,-1142.0,-174.0,-293.0,-258.0,217.0,559.0,-511.0,338.0,89.0
522.0,-1350.0,-217.0,-239.0,-260.0,209.0,7.0,-539.0,328.0,107.0
446.0,-1419.0,-258.0,-204.0,-217.0,136.0,-347.0,-478.0,317.0,120.0
372.0,-1371.0,-309.0,-164.0,-148.0,118.0,-155.0,-491.0,291.0,157.0
283.0,-1234.0,-317.0,-146.0,-74.0,231.0,-233.0,-585.0,262.0,190.0
200.0,-1105.0,-309.0,-148.0,-6.0,262.0,-297.0,-535.0,222.0,200.0
119.0,-1061.0,-308.0,-138.0,54.0,256.0,-193.0,-644.0,156.0,205.0
49.0,-1126.0,-274.0,-146.0,103.0,229.0,-143.0,-580.0,91.0,219.0
-2.0,-1193.0,-230.0,-173.0,146.0,243.0,-24.0,-502.0,19.0,223.0
-55.0,-1180.0,-172.0,-203.0,196.0,236.0,83.0,-545.0,-48.0,230.0
-98.0,-1127.0,-98.0,-217.0,241.0,158.0,-50.0,-565.0,-89.0,275.0
-139.0,-1100.0,-26.0,-232.0,261.0,166.0,-215.0,-705.0,-122.0,330.0
-173.0,-1063.0,58.0,-243.0,246.0,213.0,-41.0,-729.0,-132.0,375.0
-211.0,-915.0,125.0,-245.0,208.0,221.0,-473.0,-781.0,-132.0,431.0
-239.0,-701.0,174.0,-235.0,162.0,177.0,-1054.0,-737.0,-130.0,497.0
-253.0,-507.0,229.0,-177.0,118.0,119.0,-255.0,-641.0,-134.0,518.0
-279.0,-338.0,279.0,-158.0,86.0,88.0,822.0,-546.0,-152.0,508.0
-295.0,-185.0,302.0,-176.0,73.0,119.0,807.0,-378.0,-166.0,481.0
-306.0,-33.0,339.0,-173.0,83.0,226.0,19.0,-458.0,-167.0,432.0
-320.0,166.0,335.0,-187.0,106.0,306.0,-751.0,-467.0,-154.0,358.0
-326.0,462.0,313.0,-185.0,125.0,269.0,-1134.0,-576.0,-136.0,281.0
-325.0,848.0,314.0,-178.0,123.0,190.0,-504.0,-705.0,-91.0,235.0
-315.0,1194.0,248.0,-178.0,86.0,204.0,583.0,-759.0,-25.0,186.0
-285.0,1375.0,195.0,-160.0,11.0,297.0,182.0,-829.0,29.0,146.0
-248.0,1367.0,141.0,-132.0,-84.0,265.0,-477.0,-667.0,94.0,143.0
-203.0,1146.0,53.0,-103.0,-168.0,164.0,-157.0,-709.0,150.0,137.0
-146.0,823.0,17.0,-79.0,-222.0,194.0,-90.0,-672.0,192.0,119.0
-123.0,543.0,-38.0,-29.0,-246.0,289.0,-278.0,-563.0,226.0,112.0
-115.0,289.0,-98.0,28.0,-237.0,315.0,-604.0,-498.0,256.0,116.0
-115.0,-8.0,-123.0,76.0,-199.0,212.0,-515.0,-345.0,272.0,104.0
-137.0,-324.0,-186.0,130.0,-150.0,233.0,55.0,-330.0,272.0,51.0
-157.0,-593.0,-243.0,175.0,-115.0,338.0,-113.0,-262.0,262.0,18.0
-191.0,-725.0,-296.0,187.0,-109.0,302.0,-462.0,-293.0,226.0,7.0
-216.0,-658.0,-348.0,216.0,-128.0,170.0,-134.0,-290.0,186.0,-26.0
-231.0,-541.0,-390.0,247.0,-158.0,6.0,197.0,-306.0,127.0,-26.0
-246.0,-586.0,-443.0,233.0,-188.0,39.0,-372.0,-362.0,50.0,-6.0
-272.0,-781.0,-462.0,228.0,-210.0,144.0,-823.0,-308.0,-10.0,15.0
-295.0,-902.0,-489.0,220.0,-207.0,185.0,-213.0,-343.0,-76.0,49.0
-311.0,-849.0,-494.0,214.0,-176.0,212.0,481.0,-269.0,-133.0,74.0
-346.0,-770.0,-484.0,217.0,-131.0,87.0,341.0,-412.0,-178.0,88.0
-368.0,-791.0,-503.0,224.0,-92.0,26.0,-637.0,-567.0,-239.0,97.0
-388.0,-832.0,-488.0,245.0,-64.0,169.0,-949.0,-563.0,-306.0,94.0
-387.0,-663.0,-466.0,245.0,-38.0,214.0,-433.0,-689.0,-363.0,74.0
-378.0,-299.0,-443.0,212.0,-23.0,98.0,-208.0,-613.0,-421.0,60.0
-369.0,8.0,-396.0,141.0,-31.0,-3.0,-154.0,-593.0,-484.0,38.0
-341.0,112.0,-356.0,51.0,-50.0,50.0,-255.0,-565.0,-547.0,23.0
-304.0,87.0,-319.0,-30.0,-57.0,152.0,-398.0,-436.0,-599.0,23.0
-253.0,208.0,-260.0,-138.0,-42.0,78.0,-294.0,-397.0,-626.0,41.0
-211.0,570.0,-226.0,-290.0,-15.0,56.0,-37.0,-282.0,-626.0,81.0
-156.0,953.0,-159.0,-438.0,9.0,153.0,-159.0,-269.0,-591.0,97.0
-90.0,1166.0,-83.0,-560.0,32.0,189.0,-677.0,-190.0,-533.0,109.0
-18.0,1226.0,-39.0,-673.0,47.0,205.0,-717.0,-125.0,-439.0,101.0
33.0,1156.0,44.0,-754.0,55.0,171.0,-125.0,-147.0,-315.0,69.0
89.0,951.0,82.0,-808.0,59.0,179.0,-61.0,-83.0,-174.0,22.0
155.0,670.0,113.0,-855.0,62.0,194.0,-716.0,-99.0,-14.0,-40.0
196.0,343.0,166.0,-865.0,76.0,211.0,-501.0,-79.0,126.0,-118.0
252.0,-12.0,186.0,-843.0,104.0,325.0,124.0,-184.0,261.0,-210.0
291.0,-368.0,226.0,-771.0,146.0,288.0,-207.0,-266.0,399.0,-276.0
333.0,-641.0,245.0,-684.0,176.0,223.0,-517.0,-216.0,522.0,-336.0
373.0,-756.0,255.0,-629.0,173.0,304.0,-133.0,-221.0,625.0,-390.0
399.0,-698.0,285.0,-570.0,131.0,391.0,257.0,-129.0,700.0,-439.0
419.0,-502.0,272.0,-526.0,63.0,388.0,-95.0,-70.0,758.0,-493.0
417.0,-210.0,269.0,-474.0,-6.0,213.0,-713.0,1.0,803.0,-545.0
412.0,145.0,290.0,-380.0,-67.0,140.0,-634.0,3.0,816.0,-617.0
381.0,494.0,267.0,-292.0,-114.0,248.0,-143.0,38.0,801.0,-683.0
358.0,761.0,268.0,-208.0,-140.0,254.0,369.0,97.0,771.0,-720.0
327.0,940.0,275.0,-111.0,-139.0,161.0,261.0,42.0,716.0,-733.0
302.0,1059.0,250.0,-22.0,-117.0,106.0,-241.0,86.0,629.0,-726.0
272.0,1027.0,222.0,74.0,-95.0,92.0,-88.0,-18.0,523.0,-685.0
239.0,735.0,174.0,193.0,-82.0,74.0,117.0,-57.0,414.0,-609.0
218.0,261.0,162.0,302.0,-65.0,68.0,-10.0,-103.0,298.0,-512.0
177.0,-116.0,137.0,390.0,-49.0,78.0,-103.0,-199.0,183.0,-424.0
142.0,-246.0,102.0,449.0,-36.0,71.0,-211.0,-27.0,68.0,-340.0
101.0,-279.0,95.0,501.0,-22.0,-6.0,-291.0,-38.0,-75.0,-230.0
61.0,-407.0,58.0,562.0,-4.0,25.0,-89.0,-42.0,-223.0,-133.0
6.0,-635.0,42.0,591.0,14.0,206.0,171.0,-31.0,-383.0,-40.0
-50.0,-823.0,33.0,583.0,27.0,212.0,-40.0,-22.0,-542.0,68.0
-96.0,-852.0,13.0,532.0,28.0,135.0,-143.0,90.0,-684.0,160.0
-132.0,-677.0,10.0,431.0,23.0,116.0,208.0,42.0,-812.0,228.0
-164.0,-398.0,-8.0,315.0,14.0,129.0,146.0,99.0,-910.0,285.0
-193.0,-93.0,-32.0,203.0,8.0,112.0,-437.0,24.0,-970.0,332.0
-191.0,270.0,-50.0,99.0,8.0,-4.0,-316.0,-86.0,-993.0,364.0
-195.0,618.0,-69.0,4.0,11.0,6.0,592.0,-116.0,-989.0,361.0
-203.0,841.0,-73.0,-76.0,10.0,85.0,409.0,-164.0,-948.0,352.0
-221.0,864.0,-95.0,-145.0,7.0,27.0,-432.0,-51.0,-887.0,356.0
-227.0,679.0,-114.0,-200.0,4.0,-23.0,-426.0,-90.0,-835.0,330.0
-236.0,423.0,-113.0,-211.0,0.0,46.0,-167.0,-48.0,-772.0,310.0
-249.0,219.0,-140.0,-168.0,2.0,100.0,-14.0,-44.0,-713.0,293.0
-247.0,-25.0,-135.0,-110.0,10.0,18.0,71.0,-114.0,-660.0,275.0
-250.0,-410.0,-137.0,-66.0,23.0,-25.0,-81.0,-72.0,-604.0,256.0
-240.0,-821.0,-150.0,-2.0,33.0,2.0,-321.0,-99.0,-547.0,229.0
-241.0,-1104.0,-141.0,72.0,26.0,-18.0,-128.0,-12.0,-494.0,213.0
-241.0,-1184.0,-147.0,130.0,-9.0,-43.0,-24.0,-3.0,-442.0,185.0
-238.0,-1070.0,-138.0,170.0,-68.0,-49.0,-383.0,12.0,-390.0,153.0
-237.0,-840.0,-148.0,165.0,-113.0,-104.0,-318.0,5.0,-353.0,124.0
-251.0,-535.0,-145.0,139.0,-119.0,-201.0,66.0,-18.0,-318.0,102.0
-257.0,-194.0,-150.0,124.0,-97.0,-202.0,92.0,75.0,-300.0,57.0
-248.0,216.0,-157.0,91.0,-73.0,-66.0,-168.0,27.0,-293.0,-14.0
-246.0,757.0,-132.0,27.0,-69.0,10.0,-168.0,40.0,-293.0,-71.0
-238.0,1264.0,-138.0,-57.0,-81.0,-118.0,-113.0,-40.0,-302.0,-134.0
-217.0,1510.0,-120.0,-141.0,-98.0,-218.0,-260.0,-116.0,-296.0,-208.0
-184.0,1419.0,-113.0,-207.0,-101.0,-169.0,-216.0,-134.0,-279.0,-269.0
-162.0,1028.0,-101.0,-235.0,-81.0,-139.0,-10.0,-279.0,-258.0,-312.0
-126.0,549.0,-75.0,-257.0,-38.0,-82.0,81.0,-221.0,-218.0,-356.0
-98.0,171.0,-69.0,-302.0,18.0,-2.0,151.0,-242.0,-154.0,-390.0
-79.0,-145.0,-22.0,-364.0,61.0,-6.0,202.0,-315.0,-93.0,-410.0
-59.0,-438.0,-3.0,-411.0,68.0,-87.0,29.0,-295.0,-29.0,-424.0
-42.0,-616.0,-7.0,-446.0,46.0,-124.0,-95.0,-234.0,29.0,-446.0
-5.0,-625.0,14.0,-507.0,21.0,-37.0,115.0,-110.0,80.0,-480.0
13.0,-488.0,9.0,-563.0,17.0,6.0,256.0,-62.0,138.0,-494.0
37.0,-271.0,-28.0,-593.0,30.0,15.0,203.0,59.0,186.0,-512.0
65.0,-28.0,-30.0,-598.0,48.0,83.0,525.0,16.0,215.0,-559.0
87.0,241.0,-75.0,-581.0,71.0,108.0,398.0,-1.0,241.0,-602.0
104.0,517.0,-109.0,-543.0,95.0,77.0,-287.0,68.0,249.0,-613.0
126.0,722.0,-129.0,-487.0,113.0,-70.0,180.0,-44.0,235.0,-643.0
150.0,774.0,-164.0,-428.0,119.0,-114.0,884.0,-96.0,225.0,-660.0
167.0,711.0,-169.0,-356.0,118.0,102.0,397.0,-194.0,196.0,-630.0
173.0,682.0,-217.0,-290.0,118.0,201.0,186.0,-218.0,167.0,-595.0
169.0,705.0,-197.0,-271.0,113.0,137.0,626.0,-249.0,136.0,-565.0
177.0,614.0,-255.0,-253.0,107.0,106.0,376.0,-254.0,113.0,-531.0
178.0,337.0,-246.0,-214.0,105.0,119.0,-89.0,-120.0,93.0,-459.0
188.0,52.0,-296.0,-219.0,101.0,106.0,77.0,-59.0,68.0,-387.0
187.0,-114.0,-353.0,-223.0,96.0,133.0,359.0,109.0,68.0,-329.0
184.0,-249.0,-328.0,-215.0,91.0,182.0,361.0,97.0,60.0,-254.0
193.0,-450.0,-475.0,-200.0,82.0,127.0,350.0,144.0,86.0,-182.0
192.0,-664.0,-432.0,-176.0,70.0,160.0,196.0,236.0,112.0,-128.0
187.0,-785.0,-533.0,-170.0,59.0,235.0,59.0,59.0,138.0,-98.0
175.0,-835.0,-559.0,-158.0,51.0,197.0,415.0,51.0,180.0,-63.0
166.0,-875.0,-545.0,-159.0,50.0,175.0,477.0,-40.0,201.0,-34.0
138.0,-864.0,-609.0,-139.0,50.0,208.0,152.0,-53.0,227.0,-22.0
102.0,-755.0,-533.0,-96.0,46.0,264.0,208.0,29.0,248.0,-21.0
61.0,-594.0,-583.0,-53.0,45.0,264.0,297.0,-1.0,263.0,5.0
12.0,-514.0,-440.0,2.0,50.0,128.0,171.0,59.0,263.0,24.0
-38.0,-642.0,-424.0,67.0,60.0,29.0,169.0,49.0,266.0,15.0
-76.0,-847.0,-349.0,125.0,58.0,83.0,205.0,99.0,266.0,26.0
-114.0,-847.0,-234.0,141.0,33.0,143.0,227.0,184.0,242.0,24.0
-148.0,-632.0,-185.0,176.0,-13.0,156.0,488.0,343.0,207.0,-2.0
-177.0,-361.0,-27.0,230.0,-74.0,139.0,469.0,408.0,154.0,-54.0
-215.0,-23.0,-22.0,261.0,-139.0,173.0,130.0,415.0,99.0,-97.0
-231.0,422.0,116.0,294.0,-196.0,160.0,389.0,497.0,28.0,-142.0
-271.0,916.0,166.0,318.0,-228.0,46.0,504.0,378.0,-53.0,-228.0
-306.0,1406.0,200.0,306.0,-220.0,14.0,87.0,408.0,-124.0,-311.0
-334.0,1805.0,215.0,293.0,-182.0,-16.0,0.0,341.0,-203.0,-366.0
-354.0,2055.0,204.0,287.0,-130.0,-4.0,111.0,273.0,-278.0,-437.0
-356.0,2132.0,246.0,268.0,-82.0,73.0,346.0,323.0,-340.0,-510.0
-362.0,1924.0,166.0,245.0,-46.0,29.0,462.0,162.0,-393.0,-548.0
-342.0,1418.0,188.0,209.0,-31.0,-66.0,249.0,190.0,-453.0,-583.0
-324.0,747.0,147.0,182.0,-36.0,-127.0,-6.0,166.0,-509.0,-600.0
-304.0,28.0,71.0,121.0,-37.0,-152.0,229.0,253.0,-545.0,-604.0
-287.0,-630.0,19.0,59.0,-27.0,-82.0,700.0,415.0,-568.0,-569.0
-263.0,-1139.0,-44.0,-15.0,-15.0,-66.0,382.0,358.0,-583.0,-508.0
-251.0,-1483.0,-95.0,-140.0,-14.0,-156.0,-65.0,393.0,-566.0,-461.0
-251.0,-1659.0,-184.0,-222.0,-17.0,-162.0,66.0,315.0,-509.0,-392.0
-242.0,-1632.0,-232.0,-317.0,-15.0,-83.0,369.0,369.0,-442.0,-304.0
-240.0,-1438.0,-271.0,-401.0,-16.0,-102.0,420.0,421.0,-363.0,-212.0
-237.0,-1167.0,-310.0,-420.0,-25.0,-279.0,222.0,450.0,-278.0,-149.0
-246.0,-865.0,-359.0,-427.0,-32.0,-289.0,-2.0,535.0,-194.0,-82.0
-255.0,-561.0,-349.0,-428.0,-21.0,-93.0,179.0,424.0,-99.0,-22.0
-271.0,-319.0,-356.0,-385.0,2.0,-13.0,359.0,430.0,13.0,-2.0
-286.0,-207.0,-359.0,-318.0,21.0,41.0,-193.0,400.0,123.0,12.0
-305.0,-186.0,-318.0,-275.0,20.0,85.0,-42.0,473.0,226.0,29.0
-311.0,-119.0,-323.0,-214.0,5.0,-12.0,497.0,434.0,331.0,38.0
-307.0,59.0,-276.0,-144.0,-11.0,0.0,18.0,354.0,408.0,2.0
-306.0,279.0,-232.0,-105.0,-25.0,139.0,-176.0,467.0,462.0,-31.0
-293.0,430.0,-188.0,-96.0,-39.0,216.0,236.0,378.0,485.0,-47.0
-295.0,532.0,-130.0,-118.0,-56.0,200.0,174.0,454.0,475.0,-87.0
-302.0,666.0,-61.0,-127.0,-64.0,119.0,-56.0,450.0,440.0,-127.0
-306.0,827.0,-8.0,-112.0,-56.0,139.0,168.0,432.0,356.0,-173.0
-304.0,980.0,64.0,-89.0,-34.0,144.0,99.0,456.0,255.0,-187.0
-304.0,1095.0,139.0,-79.0,-2.0,-1.0,-305.0,339.0,128.0,-213.0
-297.0,1094.0,190.0,-102.0,20.0,-136.0,-119.0,412.0,-11.0,-254.0
-280.0,891.0,253.0,-128.0,24.0,-83.0,36.0,312.0,-132.0,-246.0
-265.0,548.0,259.0,-169.0,8.0,98.0,-295.0,275.0,-228.0,-238.0
-237.0,217.0,298.0,-224.0,-14.0,73.0,-261.0,199.0,-295.0,-221.0
-219.0,12.0,309.0,-260.0,-44.0,-67.0,151.0,7.0,-345.0,-195.0
-191.0,-50.0,294.0,-273.0,-85.0,-77.0,216.0,107.0,-360.0,-123.0
-157.0,-134.0,299.0,-269.0,-121.0,18.0,-107.0,96.0,-347.0,-43.0
-136.0,-353.0,260.0,-237.0,-132.0,99.0,-69.0,151.0,-316.0,8.0
-95.0,-641.0,234.0,-191.0,-125.0,100.0,272.0,243.0,-257.0,103.0
-61.0,-937.0,219.0,-138.0,-121.0,39.0,266.0,245.0,-194.0,195.0
-22.0,-1271.0,148.0,-71.0,-131.0,-110.0,211.0,260.0,-110.0,261.0
22.0,-1599.0,103.0,-31.0,-147.0,-224.0,60.0,147.0,-6.0,300.0
59.0,-1787.0,57.0,-10.0,-166.0,-218.0,-277.0,60.0,93.0,333.0
98.0,-1746.0,-34.0,9.0,-192.0,-144.0,-257.0,12.0,204.0,352.0
122.0,-1455.0,-65.0,49.0,-212.0,-87.0,48.0,120.0,323.0,313.0
159.0,-1009.0,-125.0,94.0,-211.0,-59.0,245.0,134.0,424.0,246.0
187.0,-511.0,-176.0,147.0,-184.0,-33.0,321.0,144.0,513.0,182.0
211.0,-15.0,-195.0,217.0,-148.0,-84.0,216.0,262.0,589.0,93.0
234.0,376.0,-212.0,258.0,-115.0,-207.0,-107.0,181.0,633.0,-26.0
261.0,513.0,-209.0,289.0,-98.0,-198.0,-222.0,264.0,638.0,-109.0
292.0,401.0,-204.0,308.0,-95.0,-40.0,21.0,260.0,611.0,-176.0
304.0,247.0,-188.0,310.0,-103.0,-59.0,347.0,280.0,544.0,-250.0
319.0,156.0,-172.0,307.0,-108.0,-192.0,338.0,389.0,449.0,-308.0
323.0,-7.0,-131.0,305.0,-97.0,-227.0,118.0,306.0,334.0,-356.0
324.0,-358.0,-95.0,297.0,-76.0,-187.0,-42.0,354.0,209.0,-387.0
293.0,-769.0,-80.0,288.0,-50.0,-162.0,-188.0,315.0,75.0,-426.0
236.0,-1052.0,-44.0,263.0,-25.0,-232.0,75.0,441.0,-78.0,-464.0
180.0,-1158.0,-32.0,222.0,-4.0,-261.0,293.0,539.0,-227.0,-470.0
97.0,-1140.0,-23.0,153.0,13.0,-267.0,134.0,502.0,-360.0,-471.0
2.0,-999.0,-3.0,45.0,20.0,-320.0,152.0,580.0,-473.0,-485.0
-102.0,-678.0,-14.0,-53.0,18.0,-249.0,356.0,448.0,-574.0,-472.0
-203.0,-229.0,-16.0,-121.0,21.0,-68.0,397.0,454.0,-649.0,-442.0
-301.0,220.0,-63.0,-166.0,31.0,14.0,375.0,384.0,-693.0,-434.0
-388.0,647.0,-101.0,-231.0,44.0,-68.0,410.0,238.0,-717.0,-438.0
-456.0,1074.0,-144.0,-298.0,72.0,-105.0,116.0,138.0,-711.0,-426.0
-507.0,1447.0,-212.0,-367.0,123.0,36.0,43.0,-49.0,-692.0,-433.0
-554.0,1704.0,-255.0,-414.0,179.0,123.0,278.0,16.0,-656.0,-488.0
-586.0,1790.0,-323.0,-411.0,221.0,43.0,308.0,81.0,-599.0,-525.0
-597.0,1757.0,-365.0,-394.0,232.0,41.0,323.0,253.0,-529.0,-558.0
-598.0,1774.0,-413.0,-367.0,221.0,147.0,484.0,402.0,-440.0,-614.0
-578.0,1824.0,-443.0,-345.0,204.0,143.0,695.0,463.0,-335.0,-665.0
-552.0,1749.0,-446.0,-314.0,190.0,73.0,461.0,687.0,-238.0,-699.0
-512.0,1466.0,-467.0,-290.0,182.0,45.0,155.0,681.0,-137.0,-720.0
-464.0,1001.0,-436.0,-269.0,175.0,21.0,296.0,622.0,-32.0,-752.0
-412.0,462.0,-403.0,-235.0,158.0,3.0,595.0,504.0,47.0,-788.0
-356.0,-25.0,-351.0,-211.0,137.0,11.0,464.0,426.0,100.0,-797.0
-293.0,-410.0,-304.0,-190.0,120.0,36.0,73.0,461.0,125.0,-793.0
-227.0,-776.0,-287.0,-165.0,98.0,58.0,76.0,413.0,134.0,-804.0
-175.0,-1109.0,-230.0,-160.0,55.0,100.0,428.0,500.0,136.0,-781.0
-109.0,-1310.0,-231.0,-170.0,-5.0,135.0,838.0,491.0,138.0,-732.0
-36.0,-1399.0,-191.0,-186.0,-62.0,134.0,663.0,504.0,154.0,-685.0
27.0,-1400.0,-175.0,-212.0,-99.0,125.0,92.0,474.0,174.0,-641.0
78.0,-1329.0,-165.0,-204.0,-112.0,108.0,-96.0,362.0,181.0,-575.0
137.0,-1232.0,-146.0,-166.0,-110.0,143.0,302.0,354.0,180.0,-502.0
201.0,-1092.0,-167.0,-124.0,-106.0,167.0,537.0,325.0,165.0,-454.0
233.0,-812.0,-183.0,-77.0,-101.0,16.0,423.0,474.0,130.0,-367.0
252.0,-387.0,-176.0,-28.0,-102.0,-120.0,551.0,473.0,93.0,-263.0
261.0,91.0,-34.0,5.0,-105.0,-79.0,573.0,528.0,38.0,-167.0
268.0,503.0,-124.0,24.0,-108.0,-87.0,479.0,618.0,-12.0,-85.0
260.0,772.0,-36.0,45.0,-117.0,-122.0,335.0,535.0,-55.0,14.0
224.0,924.0,53.0,83.0,-119.0,-80.0,374.0,594.0,-112.0,120.0
206.0,960.0,34.0,135.0,-105.0,-25.0,560.0,452.0,-159.0,164.0
182.0,886.0,152.0,220.0,-82.0,-70.0,531.0,430.0,-201.0,215.0
128.0,759.0,57.0,325.0,-48.0,-229.0,517.0,336.0,-229.0,255.0
69.0,639.0,340.0,363.0,-7.0,-263.0,361.0,182.0,-227.0,260.0
28.0,545.0,202.0,369.0,45.0,-267.0,193.0,236.0,-186.0,253.0
-24.0,489.0,7.0,368.0,101.0,-339.0,425.0,144.0,-124.0,225.0
-71.0,416.0,404.0,328.0,150.0,-411.0,927.0,218.0,-43.0,206.0
-96.0,217.0,237.0,273.0,197.0,-400.0,937.0,234.0,57.0,176.0
-117.0,-57.0,206.0,173.0,245.0,-333.0,392.0,282.0,134.0,123.0
-115.0,-225.0,376.0,45.0,289.0,-368.0,62.0,315.0,215.0,102.0
-111.0,-229.0,133.0,-88.0,305.0,-319.0,76.0,299.0,296.0,86.0
-90.0,-208.0,213.0,-202.0,280.0,-189.0,282.0,461.0,359.0,64.0
-55.0,-240.0,174.0,-314.0,228.0,-162.0,654.0,369.0,408.0,77.0
-9.0,-278.0,34.0,-453.0,161.0,-218.0,736.0,386.0,457.0,96.0
45.0,-252.0,278.0,-578.0,77.0,-210.0,404.0,408.0,506.0,126.0
95.0,-126.0,114.0,-698.0,-11.0,-162.0,481.0,349.0,542.0,144.0
144.0,23.0,109.0,-790.0,-82.0,-162.0,707.0,456.0,564.0,176.0
189.0,99.0,210.0,-809.0,-126.0,-149.0,437.0,461.0,559.0,239.0
238.0,118.0,60.0,-783.0,-158.0,-89.0,319.0,591.0,525.0,261.0
266.0,137.0,133.0,-736.0,-193.0,-6.0,651.0,641.0,468.0,266.0
284.0,127.0,125.0,-636.0,-231.0,-32.0,536.0,535.0,408.0,252.0
299.0,-2.0,113.0,-531.0,-264.0,-39.0,16.0,500.0,347.0,212.0
280.0,-229.0,78.0,-427.0,-287.0,-42.0,211.0,456.0,265.0,132.0
243.0,-466.0,0.0,-307.0,-293.0,-98.0,784.0,402.0,195.0,19.0
185.0,-675.0,37.0,-221.0,-279.0,-112.0,936.0,363.0,143.0,-56.0
121.0,-801.0,-34.0,-155.0,-245.0,-90.0,765.0,399.0,85.0,-127.0
66.0,-749.0,-98.0,-110.0,-208.0,-4.0,462.0,424.0,40.0,-224.0
4.0,-494.0,-53.0,-57.0,-184.0,-19.0,132.0,554.0,19.0,-278.0
-57.0,-146.0,-139.0,9.0,-163.0,-27.0,115.0,570.0,-2.0,-277.0
-114.0,185.0,-226.0,85.0,-133.0,82.0,132.0,476.0,0.0,-304.0
-168.0,505.0,-190.0,155.0,-103.0,79.0,140.0,491.0,3.0,-318.0
-216.0,803.0,-207.0,204.0,-85.0,-52.0,627.0,301.0,-3.0,-303.0
-259.0,989.0,-283.0,214.0,-72.0,-128.0,1000.0,218.0,4.0,-299.0
-281.0,969.0,-237.0,175.0,-49.0,-73.0,892.0,125.0,25.0,-295.0
-288.0,747.0,-256.0,145.0,-23.0,-62.0,389.0,-40.0,47.0,-311.0
-285.0,391.0,-268.0,96.0,-9.0,-149.0,96.0,49.0,80.0,-322.0
-284.0,-34.0,-162.0,6.0,-14.0,-169.0,319.0,72.0,120.0,-355.0
-273.0,-488.0,-181.0,-68.0,-32.0,-136.0,274.0,195.0,144.0,-400.0
-270.0,-864.0,-125.0,-96.0,-47.0,-152.0,36.0,314.0,177.0,-444.0
-268.0,-1036.0,-28.0,-117.0,-55.0,-235.0,115.0,391.0,206.0,-489.0
-259.0,-1055.0,-116.0,-95.0,-64.0,-271.0,112.0,437.0,230.0,-526.0
-283.0,-1004.0,-85.0,-10.0,-62.0,-217.0,-211.0,264.0,247.0,-566.0
-288.0,-863.0,55.0,72.0,-45.0,-225.0,-126.0,229.0,224.0,-573.0
-285.0,-655.0,-89.0,155.0,-31.0,-288.0,668.0,99.0,191.0,-565.0
-280.0,-439.0,-73.0,241.0,-35.0,-259.0,1152.0,-1.0,154.0,-559.0
-279.0,-223.0,46.0,311.0,-51.0,-235.0,567.0,33.0,92.0,-545.0
-296.0,-9.0,-124.0,356.0,-47.0,-274.0,-259.0,48.0,39.0,-519.0
-290.0,143.0,-121.0,410.0,-23.0,-227.0,-570.0,173.0,-19.0,-511.0
-283.0,129.0,-71.0,459.0,8.0,-150.0,-231.0,216.0,-96.0,-531.0
-271.0,-18.0,-142.0,480.0,54.0,-121.0,274.0,299.0,-155.0,-553.0
-259.0,-168.0,-124.0,482.0,105.0,-171.0,693.0,295.0,-208.0,-556.0
-218.0,-287.0,-102.0,446.0,139.0,-223.0,788.0,301.0,-263.0,-574.0
-163.0,-383.0,-97.0,397.0,142.0,-207.0,118.0,325.0,-304.0,-613.0
-111.0,-414.0,0.0,331.0,124.0,-220.0,-243.0,253.0,-337.0,-610.0
-46.0,-382.0,28.0,262.0,104.0,-226.0,-443.0,306.0,-359.0,-606.0
10.0,-366.0,104.0,214.0,87.0,-198.0,-398.0,206.0,-366.0,-610.0
66.0,-410.0,281.0,162.0,77.0,-227.0,452.0,186.0,-365.0,-606.0
101.0,-499.0,275.0,87.0,76.0,-307.0,821.0,164.0,-362.0,-574.0
112.0,-605.0,391.0,10.0,83.0,-344.0,320.0,84.0,-344.0,-526.0
107.0,-689.0,528.0,-51.0,84.0,-358.0,-348.0,214.0,-314.0,-503.0
116.0,-689.0,518.0,-105.0,72.0,-329.0,-108.0,181.0,-287.0,-441.0
114.0,-563.0,622.0,-133.0,50.0,-321.0,715.0,218.0,-250.0,-359.0
91.0,-350.0,640.0,-144.0,23.0,-369.0,814.0,232.0,-201.0,-295.0
70.0,-119.0,602.0,-167.0,-5.0,-375.0,161.0,168.0,-161.0,-216.0
46.0,143.0,644.0,-183.0,-33.0,-417.0,-631.0,194.0,-127.0,-106.0
44.0,476.0,587.0,-187.0,-60.0,-386.0,-538.0,127.0,-97.0,22.0
25.0,828.0,520.0,-195.0,-69.0,-293.0,244.0,175.0,-79.0,164.0
6.0,1138.0,497.0,-183.0,-53.0,-250.0,698.0,158.0,-74.0,325.0
3.0,1371.0,359.0,-169.0,-29.0,-242.0,564.0,175.0,-81.0,501.0
-9.0,1480.0,276.0,-168.0,-5.0,-232.0,42.0,247.0,-91.0,680.0
-21.0,1444.0,246.0,-132.0,25.0,-149.0,7.0,330.0,-109.0,854.0
-37.0,1230.0,142.0,-65.0,54.0,-166.0,93.0,424.0,-137.0,1028.0
-39.0,816.0,60.0,-24.0,82.0,-308.0,66.0,325.0,-156.0,1187.0
-38.0,343.0,-26.0,-27.0,118.0,-370.0,373.0,341.0,-187.0,1310.0
-38.0,-38.0,-110.0,-65.0,147.0,-287.0,391.0,240.0,-217.0,1394.0
-38.0,-343.0,-171.0,-114.0,157.0,-231.0,243.0,186.0,-250.0,1458.0
-37.0,-584.0,-250.0,-132.0,141.0,-316.0,63.0,192.0,-314.0,1477.0
-24.0,-699.0,-306.0,-167.0,96.0,-369.0,286.0,81.0,-381.0,1432.0
-24.0,-652.0,-334.0,-210.0,42.0,-329.0,698.0,155.0,-452.0,1375.0
-30.0,-499.0,-453.0,-244.0,-6.0,-313.0,599.0,120.0,-525.0,1287.0
-24.0,-333.0,-465.0,-249.0,-51.0,-360.0,514.0,136.0,-576.0,1148.0
-16.0,-196.0,-510.0,-240.0,-96.0,-367.0,-144.0,157.0,-618.0,988.0
-6.0,-94.0,-567.0,-235.0,-123.0,-356.0,-977.0,229.0,-638.0,829.0
8.0,-27.0,-516.0,-186.0,-127.0,-367.0,-331.0,369.0,-627.0,664.0
25.0,54.0,-663.0,-107.0,-118.0,-320.0,699.0,332.0,-591.0,491.0
36.0,197.0,-661.0,-3.0,-104.0,-232.0,263.0,376.0,-541.0,351.0
47.0,399.0,-667.0,89.0,-100.0,-275.0,-333.0,284.0,-490.0,238.0
49.0,633.0,-730.0,160.0,-114.0,-418.0,210.0,212.0,-424.0,129.0
44.0,845.0,-694.0,205.0,-144.0,-382.0,723.0,221.0,-340.0,27.0
45.0,1005.0,-739.0,197.0,-178.0,-273.0,392.0,227.0,-258.0,-42.0
52.0,1115.0,-698.0,138.0,-197.0,-268.0,-534.0,343.0,-161.0,-99.0
53.0,1179.0,-716.0,58.0,-193.0,-325.0,-1031.0,262.0,-46.0,-172.0
47.0,1219.0,-776.0,-27.0,-162.0,-288.0,-470.0,214.0,51.0,-246.0
39.0,1307.0,-729.0,-105.0,-106.0,-144.0,564.0,133.0,143.0,-316.0
26.0,1441.0,-649.0,-159.0,-27.0,-128.0,693.0,44.0,241.0,-379.0
12.0,1514.0,-678.0,-213.0,53.0,-181.0,-222.0,90.0,334.0,-445.0
-14.0,1454.0,-657.0,-256.0,117.0,-182.0,-356.0,36.0,403.0,-500.0
-47.0,1254.0,-528.0,-280.0,155.0,-159.0,346.0,86.0,463.0,-533.0
-88.0,912.0,-486.0,-247.0,161.0,-179.0,365.0,70.0,504.0,-583.0
-129.0,450.0,-407.0,-174.0,142.0,-240.0,-713.0,118.0,515.0,-646.0
-143.0,-35.0,-275.0,-58.0,108.0,-248.0,-1050.0,240.0,524.0,-673.0
-166.0,-468.0,-186.0,107.0,67.0,-281.0,-7.0,214.0,523.0,-680.0
-177.0,-795.0,-137.0,241.0,24.0,-337.0,398.0,323.0,529.0,-688.0
-165.0,-944.0,-13.0,387.0,-8.0,-321.0,-91.0,362.0,535.0,-699.0
-161.0,-886.0,146.0,532.0,-23.0,-324.0,-768.0,402.0,537.0,-673.0
-152.0,-708.0,200.0,617.0,-39.0,-354.0,-111.0,360.0,533.0,-623.0
-124.0,-560.0,238.0,701.0,-61.0,-313.0,1137.0,266.0,524.0,-598.0
-81.0,-513.0,324.0,779.0,-85.0,-220.0,126.0,219.0,530.0,-534.0
-35.0,-549.0,332.0,833.0,-98.0,-185.0,-1280.0,59.0,528.0,-439.0
33.0,-622.0,236.0,852.0,-104.0,-288.0,-778.0,105.0,545.0,-357.0
105.0,-708.0,251.0,807.0,-105.0,-422.0,198.0,92.0,563.0,-293.0
177.0,-774.0,302.0,697.0,-95.0,-406.0,132.0,107.0,583.0,-219.0
269.0,-779.0,208.0,567.0,-67.0,-387.0,-347.0,188.0,612.0,-140.0
357.0,-738.0,138.0,433.0,-26.0,-519.0,-363.0,182.0,625.0,-98.0
437.0,-632.0,187.0,269.0,16.0,-578.0,54.0,242.0,635.0,-56.0
488.0,-439.0,151.0,148.0,56.0,-501.0,176.0,164.0,614.0,0.0
561.0,-230.0,101.0,33.0,98.0,-379.0,-269.0,166.0,551.0,44.0
649.0,-85.0,141.0,-85.0,137.0,-313.0,-296.0,77.0,464.0,64.0
686.0,-11.0,193.0,-156.0,169.0,-319.0,-368.0,48.0,354.0,92.0
699.0,56.0,251.0,-211.0,190.0,-296.0,-596.0,96.0,232.0,130.0
722.0,178.0,186.0,-222.0,189.0,-359.0,-74.0,-16.0,121.0,142.0
741.0,358.0,287.0,-218.0,161.0,-431.0,264.0,103.0,5.0,155.0
693.0,586.0,413.0,-197.0,111.0,-375.0,308.0,121.0,-109.0,177.0
609.0,820.0,412.0,-147.0,49.0,-319.0,189.0,109.0,-210.0,188.0
557.0,997.0,518.0,-103.0,-9.0,-364.0,-607.0,120.0,-302.0,152.0
526.0,1069.0,565.0,-72.0,-57.0,-395.0,-998.0,22.0,-366.0,107.0
454.0,1014.0,640.0,-81.0,-87.0,-283.0,-536.0,12.0,-422.0,86.0
372.0,862.0,625.0,-85.0,-101.0,-175.0,-184.0,-118.0,-458.0,34.0
334.0,643.0,601.0,-69.0,-99.0,-204.0,-224.0,-160.0,-464.0,-27.0
301.0,409.0,657.0,-74.0,-83.0,-288.0,2.0,-160.0,-452.0,-69.0
261.0,214.0,609.0,-61.0,-63.0,-306.0,62.0,-138.0,-418.0,-94.0
191.0,75.0,549.0,-58.0,-48.0,-297.0,-309.0,-57.0,-361.0,-138.0
125.0,18.0,519.0,-77.0,-25.0,-312.0,-528.0,-101.0,-271.0,-196.0
76.0,10.0,493.0,-59.0,18.0,-281.0,-725.0,-64.0,-193.0,-217.0
32.0,4.0,464.0,-54.0,69.0,-256.0,-356.0,-66.0,-122.0,-242.0
-13.0,-56.0,409.0,-67.0,115.0,-282.0,62.0,-29.0,-50.0,-276.0
-50.0,-196.0,379.0,-80.0,150.0,-191.0,-109.0,-48.0,-10.0,-289.0
-56.0,-364.0,329.0,-116.0,171.0,-41.0,-353.0,-96.0,20.0,-273.0
-78.0,-547.0,242.0,-182.0,185.0,-81.0,-810.0,-44.0,36.0,-271.0
-117.0,-716.0,240.0,-293.0,190.0,-248.0,-802.0,-208.0,49.0,-280.0
-173.0,-795.0,182.0,-389.0,185.0,-311.0,-2.0,-240.0,72.0,-277.0
-197.0,-694.0,167.0,-435.0,179.0,-263.0,367.0,-251.0,98.0,-269.0
-206.0,-431.0,96.0,-424.0,169.0,-287.0,-132.0,-271.0,140.0,-289.0
-224.0,-134.0,21.0,-347.0,164.0,-339.0,-684.0,-247.0,180.0,-336.0
-227.0,139.0,28.0,-280.0,169.0,-283.0,-836.0,-378.0,218.0,-344.0
-215.0,324.0,-99.0,-217.0,172.0,-205.0,-607.0,-369.0,268.0,-360.0
-159.0,361.0,-100.0,-143.0,156.0,-287.0,-241.0,-430.0,317.0,-394.0
-120.0,276.0,-145.0,-66.0,132.0,-363.0,-220.0,-408.0,363.0,-392.0
-97.0,145.0,-198.0,18.0,110.0,-272.0,-17.0,-378.0,417.0,-343.0
-74.0,32.0,-195.0,102.0,91.0,-285.0,340.0,-365.0,454.0,-282.0
-38.0,-114.0,-269.0,175.0,72.0,-348.0,-356.0,-249.0,462.0,-222.0
-12.0,-376.0,-299.0,207.0,47.0,-327.0,-1133.0,-321.0,438.0,-127.0
-9.0,-699.0,-404.0,240.0,22.0,-315.0,-769.0,-212.0,377.0,-33.0
-4.0,-936.0,-387.0,256.0,11.0,-342.0,-173.0,-149.0,288.0,52.0
7.0,-1041.0,-368.0,247.0,15.0,-361.0,-104.0,-136.0,186.0,116.0
33.0,-1036.0,-504.0,257.0,24.0,-296.0,-404.0,-97.0,88.0,172.0
13.0,-888.0,-488.0,247.0,28.0,-256.0,-441.0,-221.0,-9.0,219.0
-7.0,-589.0,-506.0,221.0,26.0,-287.0,-143.0,-282.0,-88.0,218.0
-6.0,-197.0,-605.0,191.0,20.0,-326.0,68.0,-430.0,-142.0,232.0
8.0,218.0,-611.0,155.0,14.0,-318.0,-258.0,-430.0,-201.0,277.0
20.0,607.0,-566.0,111.0,13.0,-329.0,-730.0,-399.0,-252.0,291.0
13.0,920.0,-614.0,51.0,24.0,-451.0,-656.0,-397.0,-293.0,298.0
31.0,1102.0,-726.0,0.0,38.0,-466.0,-344.0,-267.0,-331.0,319.0
48.0,1125.0,-676.0,-22.0,43.0,-290.0,239.0,-219.0,-347.0,329.0
41.0,999.0,-703.0,-37.0,30.0,-180.0,285.0,-24.0,-336.0,324.0
16.0,781.0,-777.0,-39.0,13.0,-180.0,-416.0,14.0,-312.0,323.0
9.0,530.0,-754.0,-18.0,-1.0,-183.0,-535.0,-22.0,-258.0,349.0
13.0,263.0,-766.0,-10.0,-12.0,-247.0,-227.0,-1.0,-190.0,374.0
18.0,-8.0,-787.0,0.0,-17.0,-370.0,-82.0,-199.0,-121.0,400.0
21.0,-257.0,-774.0,20.0,-28.0,-434.0,39.0,-219.0,-37.0,444.0
21.0,-495.0,-708.0,60.0,-53.0,-343.0,297.0,-230.0,54.0,509.0
31.0,-739.0,-714.0,131.0,-86.0,-234.0,280.0,-258.0,160.0,564.0
32.0,-936.0,-655.0,217.0,-114.0,-200.0,0.0,-249.0,260.0,576.0
30.0,-1067.0,-631.0,296.0,-125.0,-189.0,-451.0,-249.0,329.0,605.0
23.0,-1136.0,-661.0,353.0,-121.0,-275.0,-785.0,-236.0,403.0,620.0
28.0,-1049.0,-581.0,396.0,-110.0,-390.0,113.0,-290.0,474.0,577.0
30.0,-766.0,-575.0,384.0,-102.0,-395.0,1131.0,-140.0,522.0,543.0
12.0,-515.0,-516.0,355.0,-97.0,-227.0,631.0,-125.0,550.0,508.0
-4.0,-426.0,-461.0,326.0,-102.0,-49.0,-371.0,-73.0,544.0,451.0
-30.0,-257.0,-508.0,311.0,-118.0,-80.0,-518.0,-16.0,518.0,386.0
-55.0,91.0,-469.0,311.0,-138.0,-208.0,55.0,-145.0,483.0,322.0
-91.0,396.0,-403.0,308.0,-161.0,-231.0,683.0,-145.0,438.0,278.0
-122.0,529.0,-398.0,331.0,-183.0,-195.0,699.0,-279.0,367.0,222.0
-135.0,650.0,-281.0,363.0,-196.0,-191.0,234.0,-267.0,293.0,170.0
-145.0,859.0,-162.0,401.0,-194.0,-190.0,59.0,-299.0,235.0,155.0
-151.0,1055.0,-155.0,435.0,-177.0,-209.0,43.0,-338.0,171.0,159.0
-169.0,1125.0,-71.0,439.0,-144.0,-203.0,183.0,-308.0,115.0,162.0
-179.0,993.0,41.0,442.0,-87.0,-181.0,290.0,-351.0,65.0,157.0
-186.0,779.0,117.0,450.0,-22.0,-208.0,304.0,-166.0,34.0,174.0
-185.0,657.0,205.0,411.0,25.0,-234.0,679.0,-192.0,13.0,172.0
-191.0,570.0,327.0,341.0,49.0,-214.0,554.0,-66.0,-21.0,108.0
-198.0,434.0,379.0,269.0,60.0,-161.0,-151.0,33.0,-53.0,53.0
-165.0,307.0,455.0,178.0,64.0,-152.0,-219.0,-5.0,-76.0,11.0
-146.0,207.0,516.0,65.0,66.0,-189.0,377.0,164.0,-88.0,-69.0
-128.0,36.0,544.0,-48.0,65.0,-219.0,712.0,83.0,-86.0,-153.0
-105.0,-259.0,486.0,-131.0,55.0,-271.0,344.0,110.0,-59.0,-213.0
-58.0,-541.0,380.0,-163.0,44.0,-233.0,-176.0,35.0,-18.0,-257.0
-22.0,-590.0,468.0,-157.0,32.0,-104.0,-32.0,-83.0,19.0,-308.0
-3.0,-445.0,404.0,-121.0,22.0,-115.0,340.0,-73.0,58.0,-362.0
44.0,-382.0,390.0,-44.0,13.0,-210.0,45.0,-195.0,93.0,-381.0
98.0,-424.0,470.0,44.0,9.0,-208.0,-253.0,-173.0,123.0,-410.0
143.0,-396.0,406.0,121.0,12.0,-83.0,87.0,-299.0,143.0,-466.0
162.0,-374.0,449.0,207.0,19.0,-35.0,376.0,-400.0,168.0,-510.0
202.0,-485.0,375.0,317.0,36.0,-139.0,85.0,-443.0,176.0,-538.0
247.0,-559.0,372.0,404.0,53.0,-152.0,-222.0,-489.0,158.0,-591.0
286.0,-496.0,472.0,448.0,64.0,-98.0,17.0,-412.0,132.0,-660.0
292.0,-380.0,386.0,491.0,70.0,-86.0,405.0,-367.0,96.0,-687.0
293.0,-138.0,410.0,523.0,70.0,-60.0,423.0,-182.0,65.0,-704.0
301.0,206.0,419.0,519.0,70.0,-57.0,-81.0,-112.0,23.0,-724.0
298.0,386.0,389.0,491.0,72.0,-169.0,-522.0,-92.0,0.0,-713.0
302.0,392.0,374.0,450.0,64.0,-272.0,-112.0,-62.0,-18.0,-663.0
292.0,469.0,352.0,384.0,51.0,-196.0,296.0,-118.0,-47.0,-614.0
304.0,624.0,360.0,265.0,43.0,-85.0,-127.0,-20.0,-58.0,-562.0
290.0,656.0,257.0,146.0,40.0,-153.0,-424.0,-97.0,-68.0,-485.0
272.0,550.0,175.0,51.0,27.0,-234.0,-139.0,-136.0,-63.0,-396.0
234.0,483.0,82.0,-4.0,-3.0,-135.0,215.0,-145.0,-40.0,-333.0
216.0,518.0,24.0,-10.0,-44.0,-33.0,165.0,-253.0,-10.0,-294.0
231.0,479.0,-8.0,-20.0,-76.0,-81.0,-372.0,-136.0,30.0,-221.0
221.0,250.0,-95.0,-44.0,-97.0,-137.0,-459.0,-116.0,69.0,-161.0
225.0,-48.0,-147.0,-100.0,-118.0,-102.0,87.0,-79.0,102.0,-122.0
214.0,-346.0,-222.0,-153.0,-133.0,-94.0,162.0,-86.0,150.0,-97.0
221.0,-656.0,-259.0,-176.0,-126.0,-93.0,-258.0,-151.0,206.0,-64.0
208.0,-823.0,-255.0,-174.0,-102.0,-41.0,-442.0,-112.0,257.0,-18.0
182.0,-777.0,-303.0,-147.0,-74.0,68.0,-208.0,-79.0,305.0,-13.0
165.0,-696.0,-312.0,-123.0,-41.0,158.0,-9.0,125.0,348.0,3.0
174.0,-595.0,-284.0,-114.0,6.0,64.0,-298.0,179.0,407.0,8.0
198.0,-305.0,-330.0,-116.0,55.0,-11.0,-562.0,166.0,468.0,-18.0
209.0,108.0,-269.0,-120.0,85.0,-1.0,-369.0,160.0,523.0,-57.0
241.0,394.0,-167.0,-147.0,93.0,-68.0,-370.0,94.0,571.0,-84.0
270.0,419.0,-70.0,-216.0,90.0,-112.0,-642.0,105.0,590.0,-87.0
306.0,174.0,8.0,-293.0,86.0,-68.0,-418.0,-5.0,598.0,-106.0
302.0,-97.0,1.0,-352.0,82.0,-48.0,64.0,-48.0,603.0,-100.0
281.0,-110.0,147.0,-397.0,79.0,-98.0,35.0,-158.0,590.0,-54.0
249.0,-6.0,183.0,-432.0,69.0,-99.0,-444.0,-216.0,558.0,15.0
214.0,40.0,147.0,-465.0,51.0,50.0,-836.0,-133.0,515.0,94.0
192.0,163.0,268.0,-477.0,37.0,163.0,-746.0,-109.0,457.0,201.0
151.0,316.0,325.0,-467.0,32.0,110.0,-79.0,35.0,386.0,329.0
111.0,307.0,287.0,-429.0,26.0,97.0,282.0,16.0,309.0,424.0
67.0,309.0,251.0,-350.0,7.0,158.0,-285.0,3.0,217.0,504.0
20.0,454.0,306.0,-261.0,-19.0,143.0,-792.0,-57.0,138.0,587.0
-48.0,424.0,289.0,-182.0,-41.0,123.0,-794.0,-194.0,70.0,632.0
-127.0,136.0,186.0,-115.0,-49.0,179.0,-634.0,-145.0,-4.0,622.0
-205.0,-127.0,192.0,-66.0,-40.0,211.0,-319.0,-225.0,-61.0,609.0
-264.0,-347.0,168.0,-3.0,-10.0,228.0,123.0,-169.0,-103.0,580.0
-325.0,-602.0,50.0,65.0,43.0,277.0,205.0,-203.0,-140.0,536.0
-392.0,-835.0,1.0,110.0,98.0,331.0,-282.0,-284.0,-171.0,479.0
-427.0,-1009.0,-5.0,137.0,130.0,315.0,-626.0,-149.0,-194.0,422.0
-465.0,-1101.0,-54.0,124.0,151.0,194.0,-839.0,-90.0,-197.0,393.0
-488.0,-1086.0,-163.0,79.0,165.0,189.0,-856.0,22.0,-197.0,339.0
-504.0,-914.0,-184.0,48.0,156.0,276.0,-204.0,49.0,-190.0,272.0
-508.0,-545.0,-154.0,51.0,102.0,267.0,319.0,101.0,-187.0,211.0
-492.0,-141.0,-232.0,102.0,18.0,213.0,81.0,84.0,-187.0,145.0
-464.0,78.0,-196.0,174.0,-43.0,179.0,-487.0,59.0,-200.0,56.0
-420.0,257.0,-86.0,217.0,-62.0,163.0,-576.0,129.0,-220.0,-46.0
-361.0,606.0,-118.0,239.0,-56.0,93.0,-205.0,46.0,-233.0,-113.0
-286.0,881.0,-51.0,262.0,-46.0,106.0,-322.0,134.0,-246.0,-196.0
-213.0,805.0,92.0,287.0,-41.0,234.0,-674.0,138.0,-245.0,-302.0
-147.0,618.0,60.0,301.0,-50.0,290.0,-529.0,92.0,-246.0,-380.0
-97.0,552.0,176.0,296.0,-72.0,299.0,-145.0,46.0,-235.0,-446.0
-54.0,446.0,278.0,274.0,-79.0,306.0,105.0,-120.0,-215.0,-514.0
-13.0,222.0,304.0,235.0,-69.0,351.0,-91.0,-142.0,-181.0,-587.0
38.0,32.0,383.0,205.0,-71.0,375.0,-519.0,-249.0,-140.0,-617.0
110.0,-31.0,414.0,175.0,-88.0,365.0,-544.0,-208.0,-93.0,-604.0
169.0,-36.0,530.0,145.0,-87.0,448.0,-219.0,-107.0,-13.0,-623.0
233.0,49.0,481.0,103.0,-58.0,565.0,-297.0,-49.0,56.0,-609.0
280.0,369.0,493.0,44.0,-32.0,584.0,-490.0,109.0,124.0,-561.0
301.0,761.0,574.0,8.0,-39.0,504.0,79.0,145.0,199.0,-531.0
325.0,887.0,526.0,-20.0,-57.0,461.0,264.0,306.0,269.0,-489.0
339.0,705.0,529.0,-18.0,-62.0,409.0,-684.0,327.0,344.0,-430.0
343.0,482.0,513.0,-11.0,-59.0,308.0,-1347.0,280.0,430.0,-330.0
349.0,391.0,510.0,-12.0,-52.0,319.0,-646.0,279.0,516.0,-224.0
349.0,217.0,471.0,0.0,-33.0,364.0,445.0,142.0,586.0,-121.0
344.0,-195.0,454.0,11.0,-13.0,275.0,448.0,153.0,659.0,22.0
339.0,-651.0,438.0,39.0,-14.0,160.0,-151.0,36.0,714.0,173.0
318.0,-1012.0,348.0,51.0,-19.0,177.0,-440.0,0.0,741.0,299.0
295.0,-1272.0,274.0,72.0,-9.0,201.0,-514.0,55.0,750.0,412.0
280.0,-1317.0,200.0,113.0,-13.0,197.0,-778.0,125.0,753.0,534.0
278.0,-1088.0,87.0,156.0,-33.0,193.0,-952.0,360.0,744.0,624.0
253.0,-753.0,-13.0,196.0,-27.0,205.0,-383.0,432.0,724.0,669.0
229.0,-467.0,-76.0,224.0,3.0,270.0,533.0,458.0,698.0,720.0
213.0,-133.0,-147.0,236.0,14.0,202.0,849.0,354.0,657.0,767.0
190.0,327.0,-227.0,190.0,1.0,185.0,273.0,273.0,609.0,774.0
189.0,681.0,-275.0,142.0,-11.0,330.0,-537.0,236.0,547.0,759.0
175.0,737.0,-294.0,105.0,-18.0,369.0,-856.0,120.0,491.0,750.0
162.0,674.0,-335.0,39.0,-34.0,275.0,-729.0,147.0,428.0,742.0
150.0,697.0,-350.0,-48.0,-48.0,217.0,-651.0,92.0,369.0,706.0
141.0,786.0,-361.0,-139.0,-43.0,344.0,-479.0,144.0,329.0,670.0
136.0,898.0,-395.0,-232.0,-23.0,446.0,229.0,219.0,274.0,644.0
129.0,1010.0,-406.0,-326.0,4.0,438.0,870.0,199.0,223.0,596.0
135.0,962.0,-399.0,-390.0,25.0,463.0,746.0,280.0,172.0,537.0
130.0,608.0,-405.0,-417.0,34.0,496.0,-68.0,293.0,106.0,471.0
132.0,34.0,-397.0,-384.0,42.0,521.0,-922.0,225.0,35.0,419.0
120.0,-495.0,-355.0,-302.0,56.0,457.0,-955.0,57.0,-39.0,364.0
98.0,-788.0,-372.0,-159.0,82.0,338.0,-281.0,83.0,-100.0,321.0
65.0,-843.0,-370.0,15.0,85.0,312.0,570.0,75.0,-175.0,306.0
18.0,-707.0,-313.0,179.0,41.0,298.0,1019.0,44.0,-237.0,305.0
-20.0,-533.0,-309.0,372.0,-20.0,268.0,604.0,171.0,-282.0,302.0
-64.0,-509.0,-272.0,535.0,-54.0,248.0,-422.0,83.0,-329.0,285.0
-97.0,-450.0,-208.0,653.0,-59.0,243.0,-1567.0,206.0,-358.0,288.0
-121.0,-101.0,-156.0,729.0,-63.0,254.0,-1623.0,286.0,-380.0,271.0
-128.0,379.0,-117.0,719.0,-63.0,283.0,-200.0,388.0,-388.0,230.0
-122.0,748.0,-99.0,666.0,-47.0,398.0,1211.0,635.0,-391.0,191.0
-135.0,972.0,-38.0,626.0,-24.0,472.0,1303.0,587.0,-390.0,164.0
-140.0,996.0,-23.0,576.0,-5.0,438.0,221.0,611.0,-382.0,134.0
-136.0,803.0,3.0,512.0,14.0,411.0,-701.0,448.0,-375.0,83.0
-116.0,586.0,59.0,470.0,44.0,413.0,-741.0,242.0,-355.0,62.0
-74.0,511.0,95.0,428.0,84.0,406.0,-527.0,171.0,-310.0,54.0
-46.0,486.0,159.0,373.0,119.0,420.0,-545.0,125.0,-266.0,26.0
-10.0,351.0,178.0,304.0,130.0,489.0,-291.0,197.0,-226.0,16.0
4.0,257.0,206.0,231.0,127.0,534.0,503.0,153.0,-187.0,10.0
14.0,336.0,269.0,170.0,123.0,490.0,1089.0,240.0,-152.0,-13.0
48.0,401.0,317.0,105.0,112.0,399.0,507.0,212.0,-111.0,-40.0
60.0,361.0,348.0,62.0,78.0,365.0,-804.0,203.0,-72.0,-71.0
64.0,260.0,396.0,38.0,37.0,325.0,-1172.0,291.0,-27.0,-104.0
87.0,101.0,458.0,29.0,6.0,325.0,-443.0,158.0,15.0,-160.0
128.0,-13.0,500.0,54.0,-16.0,394.0,441.0,194.0,67.0,-222.0
143.0,54.0,545.0,57.0,-26.0,352.0,929.0,127.0,113.0,-245.0
136.0,207.0,571.0,36.0,-18.0,263.0,552.0,142.0,142.0,-260.0
125.0,289.0,601.0,-10.0,0.0,210.0,-589.0,262.0,175.0,-268.0
119.0,307.0,589.0,-93.0,9.0,238.0,-1495.0,194.0,187.0,-257.0
114.0,293.0,541.0,-160.0,10.0,296.0,-907.0,197.0,210.0,-231.0
89.0,216.0,566.0,-242.0,3.0,250.0,497.0,62.0,212.0,-209.0
75.0,16.0,527.0,-309.0,-6.0,206.0,869.0,16.0,204.0,-184.0
53.0,-199.0,499.0,-347.0,2.0,265.0,294.0,29.0,223.0,-156.0
18.0,-283.0,511.0,-388.0,23.0,321.0,-110.0,53.0,229.0,-145.0
-31.0,-340.0,457.0,-405.0,34.0,323.0,-115.0,101.0,247.0,-120.0
-82.0,-584.0,465.0,-404.0,33.0,314.0,-228.0,94.0,279.0,-109.0
-118.0,-971.0,428.0,-417.0,44.0,318.0,-649.0,184.0,306.0,-98.0
-148.0,-1194.0,369.0,-445.0,74.0,367.0,-947.0,81.0,337.0,-83.0
-189.0,-1177.0,345.0,-511.0,102.0,422.0,-380.0,60.0,363.0,-99.0
-210.0,-1138.0,267.0,-605.0,111.0,517.0,923.0,59.0,383.0,-96.0
-201.0,-1148.0,223.0,-667.0,113.0,626.0,1332.0,12.0,375.0,-86.0
-214.0,-1198.0,193.0,-707.0,122.0,633.0,120.0,53.0,363.0,-65.0
-233.0,-1325.0,156.0,-762.0,145.0,655.0,-1289.0,-70.0,352.0,-37.0
-239.0,-1379.0,126.0,-830.0,173.0,676.0,-1338.0,-55.0,343.0,33.0
-218.0,-1211.0,101.0,-887.0,184.0,573.0,57.0,-51.0,344.0,139.0
-199.0,-983.0,64.0,-907.0,185.0,449.0,1290.0,-53.0,327.0,220.0
-197.0,-805.0,29.0,-874.0,196.0,428.0,952.0,-35.0,313.0,329.0
-179.0,-509.0,2.0,-798.0,219.0,525.0,-200.0,14.0,300.0,431.0
-162.0,-59.0,-52.0,-692.0,234.0,523.0,-1058.0,251.0,272.0,508.0
-136.0,304.0,-48.0,-587.0,217.0,411.0,-928.0,186.0,239.0,533.0
-124.0,485.0,-57.0,-487.0,169.0,457.0,-131.0,145.0,197.0,534.0
-135.0,652.0,-83.0,-384.0,99.0,598.0,178.0,175.0,164.0,530.0
-130.0,914.0,-47.0,-274.0,18.0,613.0,325.0,131.0,128.0,474.0
-129.0,1200.0,-48.0,-176.0,-44.0,529.0,555.0,158.0,93.0,432.0
-119.0,1394.0,-9.0,-92.0,-63.0,567.0,525.0,68.0,69.0,409.0
-90.0,1444.0,41.0,0.0,-62.0,656.0,4.0,175.0,38.0,400.0
-73.0,1424.0,68.0,40.0,-78.0,615.0,-528.0,269.0,6.0,397.0
-50.0,1424.0,130.0,38.0,-102.0,596.0,-420.0,314.0,-31.0,408.0
-13.0,1431.0,187.0,53.0,-118.0,668.0,-1.0,290.0,-82.0,445.0
33.0,1341.0,245.0,57.0,-135.0,674.0,470.0,145.0,-144.0,444.0
78.0,1114.0,289.0,48.0,-159.0,590.0,438.0,138.0,-199.0,425.0
113.0,843.0,339.0,72.0,-166.0,589.0,-39.0,-72.0,-239.0,414.0
145.0,589.0,378.0,113.0,-154.0,619.0,-222.0,-114.0,-269.0,392.0
150.0,270.0,421.0,152.0,-157.0,584.0,107.0,-94.0,-273.0,340.0
140.0,-166.0,464.0,204.0,-183.0,559.0,371.0,-123.0,-264.0,291.0
129.0,-591.0,498.0,221.0,-221.0,598.0,-101.0,16.0,-262.0,276.0
112.0,-926.0,553.0,218.0,-270.0,673.0,-418.0,83.0,-257.0,267.0
101.0,-1205.0,571.0,217.0,-317.0,657.0,266.0,301.0,-245.0,247.0
89.0,-1319.0,630.0,226.0,-327.0,636.0,725.0,349.0,-249.0,224.0
66.0,-1224.0,641.0,252.0,-288.0,652.0,182.0,408.0,-258.0,227.0
46.0,-1068.0,646.0,264.0,-247.0,648.0,-35.0,485.0,-266.0,218.0
16.0,-879.0,726.0,269.0,-223.0,669.0,236.0,315.0,-273.0,165.0
-24.0,-567.0,658.0,286.0,-188.0,659.0,108.0,319.0,-269.0,155.0
-78.0,-251.0,666.0,294.0,-138.0,655.0,-100.0,245.0,-264.0,169.0
-128.0,-141.0,661.0,273.0,-101.0,612.0,58.0,107.0,-271.0,154.0
-152.0,-187.0,637.0,238.0,-86.0,581.0,114.0,-70.0,-301.0,145.0
-185.0,-263.0,637.0,243.0,-69.0,667.0,16.0,-160.0,-332.0,159.0
-206.0,-398.0,513.0,242.0,-35.0,682.0,567.0,-133.0,-368.0,159.0
-210.0,-581.0,538.0,204.0,7.0,598.0,1027.0,-140.0,-423.0,126.0
-228.0,-594.0,396.0,148.0,35.0,550.0,405.0,-3.0,-458.0,90.0
-254.0,-216.0,381.0,79.0,51.0,647.0,-289.0,79.0,-474.0,69.0
-256.0,424.0,416.0,23.0,66.0,717.0,106.0,290.0,-492.0,38.0
-249.0,942.0,249.0,-33.0,61.0,581.0,813.0,338.0,-497.0,-24.0
-248.0,1149.0,267.0,-65.0,19.0,530.0,564.0,264.0,-486.0,-56.0
-230.0,1101.0,203.0,-86.0,-38.0,576.0,175.0,369.0,-483.0,-63.0
-217.0,810.0,182.0,-111.0,-88.0,558.0,308.0,271.0,-466.0,-83.0
-180.0,368.0,122.0,-109.0,-121.0,519.0,104.0,349.0,-421.0,-72.0
-140.0,-8.0,70.0,-92.0,-138.0,502.0,-635.0,419.0,-374.0,-20.0
-106.0,-317.0,57.0,-60.0,-133.0,584.0,-952.0,384.0,-302.0,54.0
-66.0,-664.0,15.0,-22.0,-110.0,621.0,-82.0,447.0,-208.0,100.0
-35.0,-994.0,14.0,6.0,-82.0,580.0,1456.0,375.0,-113.0,162.0
-2.0,-1142.0,-12.0,23.0,-52.0,588.0,2198.0,315.0,-4.0,278.0
14.0,-983.0,-49.0,31.0,-11.0,598.0,948.0,208.0,78.0,368.0
48.0,-610.0,-22.0,36.0,48.0,596.0,-1149.0,201.0,156.0,430.0
72.0,-246.0,20.0,31.0,107.0,573.0,-1739.0,214.0,233.0,531.0
94.0,40.0,-100.0,28.0,143.0,523.0,-618.0,175.0,306.0,647.0
113.0,226.0,-24.0,50.0,163.0,461.0,811.0,195.0,372.0,718.0
106.0,258.0,-105.0,68.0,182.0,438.0,1516.0,75.0,410.0,785.0
109.0,256.0,-152.0,107.0,206.0,481.0,1233.0,147.0,451.0,885.0
109.0,424.0,-106.0,171.0,213.0,480.0,86.0,216.0,445.0,978.0
113.0,754.0,-239.0,208.0,186.0,397.0,-988.0,214.0,433.0,1014.0
85.0,1019.0,-172.0,276.0,142.0,352.0,-551.0,266.0,414.0,1043.0
57.0,1058.0,-271.0,370.0,115.0,392.0,612.0,169.0,371.0,1067.0
56.0,930.0,-254.0,415.0,113.0,358.0,545.0,232.0,363.0,998.0
39.0,715.0,-232.0,411.0,116.0,231.0,-305.0,229.0,350.0,889.0
7.0,337.0,-282.0,402.0,105.0,248.0,-568.0,186.0,363.0,788.0
-11.0,-161.0,-234.0,365.0,70.0,364.0,30.0,96.0,392.0,677.0
-18.0,-578.0,-232.0,316.0,29.0,349.0,680.0,-3.0,422.0,557.0
-45.0,-793.0,-162.0,273.0,11.0,285.0,525.0,42.0,460.0,444.0
-80.0,-794.0,-160.0,200.0,18.0,291.0,-40.0,-40.0,484.0,376.0
-95.0,-598.0,-20.0,108.0,20.0,262.0,-422.0,59.0,509.0,334.0
-91.0,-256.0,-19.0,-1.0,4.0,186.0,-302.0,55.0,541.0,280.0
-99.0,65.0,43.0,-101.0,-22.0,204.0,375.0,59.0,584.0,265.0
-76.0,247.0,148.0,-161.0,-51.0,281.0,985.0,123.0,605.0,304.0
-27.0,359.0,95.0,-186.0,-71.0,270.0,607.0,-75.0,619.0,323.0
13.0,487.0,241.0,-230.0,-73.0,214.0,-606.0,-25.0,625.0,352.0
58.0,605.0,186.0,-311.0,-55.0,230.0,-1145.0,-12.0,608.0,423.0
101.0,724.0,190.0,-366.0,-30.0,265.0,-567.0,16.0,577.0,479.0
154.0,924.0,284.0,-394.0,-5.0,230.0,252.0,127.0,525.0,512.0
179.0,1139.0,224.0,-394.0,29.0,192.0,592.0,136.0,473.0,544.0
208.0,1245.0,266.0,-361.0,72.0,231.0,447.0,210.0,397.0,567.0
242.0,1231.0,292.0,-313.0,116.0,294.0,99.0,184.0,315.0,564.0
268.0,1102.0,242.0,-270.0,148.0,287.0,-96.0,179.0,233.0,516.0
289.0,814.0,245.0,-249.0,169.0,311.0,255.0,14.0,129.0,481.0
277.0,414.0,252.0,-266.0,197.0,400.0,406.0,-118.0,19.0,478.0
269.0,89.0,209.0,-320.0,236.0,398.0,-60.0,-192.0,-103.0,414.0
259.0,-99.0,261.0,-377.0,278.0,342.0,-299.0,-288.0,-225.0,351.0
246.0,-278.0,281.0,-408.0,310.0,338.0,69.0,-190.0,-329.0,340.0
218.0,-494.0,274.0,-444.0,322.0,402.0,392.0,-273.0,-406.0,319.0
208.0,-676.0,332.0,-515.0,308.0,447.0,321.0,-232.0,-460.0,285.0
220.0,-805.0,332.0,-559.0,265.0,379.0,300.0,-238.0,-502.0,257.0
231.0,-865.0,316.0,-562.0,204.0,292.0,245.0,-291.0,-518.0,256.0
237.0,-819.0,368.0,-562.0,151.0,302.0,132.0,-153.0,-512.0,226.0
227.0,-681.0,349.0,-569.0,127.0,376.0,194.0,-151.0,-506.0,175.0
214.0,-466.0,313.0,-558.0,119.0,364.0,518.0,-14.0,-500.0,152.0
185.0,-205.0,339.0,-523.0,93.0,267.0,615.0,-20.0,-487.0,112.0
165.0,0.0,285.0,-480.0,36.0,216.0,193.0,-16.0,-482.0,28.0
140.0,65.0,268.0,-432.0,-38.0,198.0,-91.0,-31.0,-479.0,-70.0
122.0,27.0,256.0,-353.0,-119.0,150.0,-342.0,-267.0,-479.0,-140.0
109.0,11.0,222.0,-225.0,-201.0,124.0,-278.0,-297.0,-473.0,-231.0
80.0,-7.0,173.0,-94.0,-267.0,212.0,487.0,-400.0,-460.0,-352.0
63.0,-98.0,104.0,19.0,-292.0,316.0,963.0,-434.0,-445.0,-435.0
29.0,-195.0,88.0,103.0,-276.0,283.0,600.0,-448.0,-420.0,-472.0
-2.0,-310.0,46.0,145.0,-233.0,219.0,256.0,-465.0,-387.0,-518.0
-55.0,-513.0,0.0,184.0,-180.0,227.0,452.0,-376.0,-347.0,-560.0
-101.0,-717.0,-52.0,233.0,-128.0,251.0,478.0,-365.0,-300.0,-544.0
-130.0,-739.0,-53.0,289.0,-87.0,296.0,157.0,-269.0,-246.0,-508.0
-170.0,-602.0,-73.0,350.0,-72.0,325.0,-81.0,-293.0,-185.0,-493.0
-197.0,-461.0,-95.0,416.0,-69.0,256.0,-162.0,-194.0,-132.0,-465.0
-218.0,-350.0,-56.0,483.0,-46.0,127.0,-221.0,-62.0,-96.0,-387.0
-230.0,-315.0,-77.0,516.0,-1.0,110.0,-65.0,-20.0,-75.0,-322.0
-256.0,-448.0,-48.0,538.0,45.0,158.0,473.0,120.0,-80.0,-259.0
-265.0,-711.0,-14.0,578.0,72.0,113.0,894.0,51.0,-99.0,-162.0
-264.0,-881.0,19.0,622.0,73.0,26.0,924.0,120.0,-127.0,-47.0
-269.0,-782.0,80.0,650.0,49.0,8.0,808.0,116.0,-174.0,63.0
-255.0,-467.0,158.0,643.0,14.0,100.0,564.0,5.0,-215.0,151.0
-242.0,-92.0,240.0,625.0,-11.0,103.0,4.0,-44.0,-261.0,259.0
-205.0,257.0,316.0,598.0,-20.0,35.0,-408.0,-280.0,-309.0,333.0
-173.0,551.0,425.0,530.0,-17.0,18.0,18.0,-256.0,-363.0,380.0
-160.0,699.0,495.0,442.0,-6.0,0.0,889.0,-138.0,-403.0,419.0
-146.0,640.0,592.0,365.0,14.0,-75.0,814.0,-11.0,-441.0,441.0
-152.0,439.0,673.0,264.0,35.0,-176.0,-444.0,162.0,-469.0,467.0
-176.0,253.0,718.0,144.0,37.0,-163.0,-1101.0,267.0,-464.0,466.0
-202.0,153.0,764.0,41.0,5.0,-114.0,-297.0,354.0,-451.0,471.0
-222.0,66.0,785.0,-69.0,-45.0,-127.0,895.0,301.0,-399.0,461.0
-227.0,-23.0,764.0,-186.0,-97.0,-100.0,1198.0,327.0,-342.0,439.0
-224.0,-85.0,759.0,-291.0,-133.0,-62.0,446.0,319.0,-295.0,416.0
-214.0,-110.0,713.0,-363.0,-147.0,-141.0,-119.0,365.0,-241.0,389.0
-188.0,-135.0,646.0,-401.0,-140.0,-216.0,155.0,460.0,-209.0,376.0
-147.0,-122.0,643.0,-427.0,-121.0,-243.0,658.0,378.0,-173.0,353.0
-114.0,70.0,552.0,-424.0,-113.0,-198.0,698.0,360.0,-141.0,342.0
-92.0,349.0,530.0,-429.0,-113.0,-125.0,296.0,212.0,-109.0,340.0
-57.0,469.0,467.0,-446.0,-92.0,-164.0,-135.0,97.0,-76.0,319.0
-19.0,455.0,386.0,-448.0,-41.0,-191.0,-162.0,60.0,-30.0,299.0
31.0,458.0,324.0,-452.0,8.0,-212.0,280.0,-131.0,16.0,275.0
88.0,432.0,210.0,-443.0,26.0,-189.0,469.0,-227.0,46.0,256.0
149.0,343.0,153.0,-448.0,22.0,-156.0,272.0,-327.0,81.0,240.0
217.0,314.0,48.0,-451.0,17.0,-244.0,10.0,-349.0,112.0,215.0
257.0,344.0,2.0,-411.0,19.0,-309.0,-99.0,-369.0,152.0,210.0
287.0,234.0,-113.0,-346.0,25.0,-265.0,293.0,-354.0,199.0,190.0
293.0,-69.0,-173.0,-289.0,38.0,-173.0,880.0,-260.0,243.0,162.0
293.0,-374.0,-225.0,-242.0,54.0,-166.0,732.0,-328.0,289.0,150.0
306.0,-539.0,-308.0,-176.0,64.0,-279.0,-367.0,-284.0,335.0,118.0
309.0,-555.0,-321.0,-96.0,60.0,-267.0,-1097.0,-371.0,379.0,91.0
318.0,-488.0,-411.0,-41.0,42.0,-93.0,-513.0,-404.0,408.0,44.0
315.0,-368.0,-380.0,3.0,21.0,-108.0,489.0,-277.0,434.0,-4.0
310.0,-184.0,-445.0,55.0,-10.0,-287.0,748.0,-314.0,450.0,-46.0
296.0,2.0,-437.0,103.0,-60.0,-329.0,432.0,-260.0,455.0,-101.0
256.0,175.0,-386.0,152.0,-104.0,-235.0,207.0,-323.0,455.0,-144.0
213.0,295.0,-439.0,192.0,-115.0,-225.0,-61.0,-423.0,428.0,-182.0
167.0,261.0,-372.0,221.0,-100.0,-260.0,-215.0,-533.0,369.0,-208.0
123.0,156.0,-410.0,231.0,-91.0,-150.0,-53.0,-600.0,298.0,-229.0
75.0,170.0,-367.0,224.0,-101.0,-89.0,-67.0,-558.0,209.0,-230.0
30.0,309.0,-370.0,185.0,-114.0,-194.0,-159.0,-598.0,124.0,-209.0
-23.0,461.0,-382.0,148.0,-102.0,-310.0,179.0,-535.0,38.0,-190.0
-82.0,557.0,-322.0,129.0,-66.0,-323.0,542.0,-554.0,-53.0,-179.0
-151.0,594.0,-352.0,72.0,-37.0,-291.0,240.0,-497.0,-136.0,-176.0
-211.0,607.0,-280.0,0.0,-34.0,-319.0,-354.0,-465.0,-228.0,-192.0
-251.0,602.0,-285.0,-86.0,-48.0,-263.0,-573.0,-497.0,-299.0,-251.0
-286.0,570.0,-226.0,-185.0,-40.0,-127.0,-99.0,-419.0,-359.0,-317.0
-312.0,601.0,-174.0,-257.0,-9.0,-110.0,813.0,-604.0,-403.0,-357.0
-356.0,725.0,-168.0,-294.0,19.0,-171.0,1135.0,-607.0,-414.0,-404.0
-378.0,805.0,-61.0,-306.0,40.0,-131.0,378.0,-631.0,-408.0,-455.0
-402.0,766.0,-82.0,-285.0,72.0,-77.0,-521.0,-692.0,-370.0,-481.0
-434.0,630.0,-20.0,-269.0,113.0,-120.0,-598.0,-565.0,-323.0,-498.0
-465.0,398.0,13.0,-261.0,140.0,-129.0,-181.0,-639.0,-273.0,-511.0
-498.0,42.0,9.0,-220.0,150.0,-70.0,189.0,-572.0,-212.0,-508.0
-511.0,-374.0,74.0,-197.0,167.0,-34.0,440.0,-519.0,-156.0,-470.0
-515.0,-723.0,40.0,-187.0,192.0,-117.0,502.0,-448.0,-97.0,-401.0
-497.0,-932.0,56.0,-185.0,209.0,-188.0,390.0,-352.0,-32.0,-319.0
-469.0,-957.0,48.0,-186.0,210.0,-154.0,272.0,-297.0,22.0,-233.0
-417.0,-866.0,10.0,-163.0,192.0,-129.0,321.0,-168.0,84.0,-142.0
-354.0,-718.0,-4.0,-133.0,166.0,-150.0,322.0,-232.0,129.0,-50.0
-291.0,-481.0,-46.0,-63.0,144.0,-235.0,-26.0,-236.0,136.0,13.0
-234.0,-192.0,-70.0,27.0,123.0,-285.0,-336.0,-249.0,130.0,83.0
-176.0,17.0,-130.0,130.0,85.0,-334.0,-67.0,-97.0,95.0,158.0
-101.0,55.0,-155.0,245.0,38.0,-348.0,589.0,66.0,48.0,188.0
-29.0,12.0,-175.0,363.0,11.0,-216.0,933.0,-59.0,-21.0,187.0
46.0,-6.0,-194.0,503.0,15.0,-165.0,673.0,-99.0,-118.0,189.0
108.0,-54.0,-205.0,627.0,38.0,-255.0,118.0,-334.0,-220.0,169.0
164.0,-169.0,-207.0,737.0,54.0,-305.0,-191.0,-487.0,-321.0,121.0
198.0,-297.0,-194.0,820.0,54.0,-206.0,2.0,-474.0,-394.0,64.0
228.0,-423.0,-216.0,847.0,51.0,-118.0,442.0,-497.0,-453.0,21.0
259.0,-552.0,-203.0,813.0,51.0,-166.0,783.0,-406.0,-497.0,-12.0
276.0,-640.0,-216.0,719.0,47.0,-197.0,686.0,-437.0,-524.0,-50.0
291.0,-695.0,-224.0,605.0,30.0,-156.0,361.0,-367.0,-527.0,-61.0
302.0,-762.0,-220.0,491.0,12.0,-136.0,193.0,-293.0,-523.0,-59.0
326.0,-758.0,-200.0,359.0,6.0,-186.0,-23.0,-190.0,-506.0,-57.0
330.0,-591.0,-174.0,221.0,3.0,-205.0,-183.0,-12.0,-476.0,-48.0
340.0,-294.0,-170.0,98.0,-10.0,-214.0,160.0,-14.0,-431.0,-39.0
349.0,71.0,-147.0,-14.0,-33.0,-283.0,704.0,27.0,-365.0,-27.0
347.0,427.0,-151.0,-96.0,-59.0,-341.0,666.0,-194.0,-319.0,-22.0
342.0,685.0,-112.0,-155.0,-81.0,-304.0,188.0,-495.0,-265.0,-9.0
327.0,802.0,-102.0,-215.0,-92.0,-260.0,-52.0,-576.0,-210.0,4.0
324.0,785.0,-76.0,-297.0,-99.0,-319.0,25.0,-659.0,-156.0,18.0
315.0,693.0,-30.0,-386.0,-95.0,-303.0,78.0,-681.0,-106.0,29.0
306.0,552.0,-14.0,-441.0,-73.0,-254.0,141.0,-626.0,-66.0,54.0
295.0,434.0,67.0,-470.0,-42.0,-279.0,481.0,-432.0,-25.0,89.0
285.0,400.0,103.0,-511.0,-23.0,-360.0,595.0,-330.0,4.0,94.0
254.0,368.0,180.0,-547.0,-24.0,-406.0,50.0,-262.0,45.0,111.0
210.0,244.0,249.0,-553.0,-32.0,-270.0,-370.0,-301.0,66.0,122.0
165.0,75.0,265.0,-560.0,-42.0,-174.0,59.0,-482.0,71.0,123.0
133.0,-70.0,349.0,-543.0,-54.0,-191.0,700.0,-524.0,54.0,125.0
111.0,-268.0,350.0,-534.0,-67.0,-203.0,543.0,-576.0,24.0,111.0
85.0,-587.0,386.0,-526.0,-72.0,-211.0,-189.0,-432.0,-5.0,125.0
73.0,-1017.0,429.0,-501.0,-80.0,-237.0,-384.0,-325.0,-41.0,135.0
36.0,-1480.0,414.0,-490.0,-116.0,-265.0,70.0,-360.0,-61.0,133.0
-4.0,-1780.0,445.0,-491.0,-166.0,-287.0,265.0,-325.0,-88.0,142.0
-42.0,-1848.0,432.0,-503.0,-203.0,-317.0,48.0,-430.0,-95.0,139.0
-76.0,-1789.0,435.0,-494.0,-219.0,-338.0,-60.0,-447.0,-108.0,116.0
-112.0,-1608.0,420.0,-484.0,-225.0,-348.0,-181.0,-434.0,-132.0,85.0
-151.0,-1247.0,400.0,-456.0,-214.0,-327.0,-560.0,-375.0,-149.0,43.0
-174.0,-722.0,363.0,-412.0,-178.0,-367.0,-507.0,-269.0,-182.0,7.0
-200.0,-136.0,303.0,-371.0,-135.0,-358.0,406.0,-249.0,-200.0,-20.0
-227.0,392.0,244.0,-349.0,-98.0,-241.0,1150.0,-214.0,-223.0,-49.0
-258.0,793.0,161.0,-368.0,-67.0,-166.0,500.0,-315.0,-250.0,-64.0
-271.0,964.0,120.0,-389.0,-33.0,-212.0,-813.0,-321.0,-269.0,-55.0
-275.0,844.0,21.0,-387.0,1.0,-323.0,-1065.0,-421.0,-288.0,-33.0
-266.0,601.0,-26.0,-334.0,19.0,-293.0,-144.0,-500.0,-302.0,14.0
-246.0,451.0,-101.0,-275.0,14.0,-225.0,710.0,-378.0,-302.0,92.0
-218.0,437.0,-179.0,-211.0,3.0,-256.0,554.0,-373.0,-273.0,176.0
-183.0,539.0,-208.0,-130.0,-1.0,-309.0,-154.0,-186.0,-221.0,281.0
-147.0,721.0,-290.0,-77.0,2.0,-290.0,-511.0,-101.0,-148.0,374.0
-117.0,898.0,-266.0,-33.0,5.0,-269.0,-269.0,-68.0,-59.0,449.0
-108.0,943.0,-310.0,26.0,8.0,-334.0,259.0,-55.0,27.0,529.0
-72.0,805.0,-292.0,110.0,16.0,-365.0,410.0,-182.0,112.0,581.0
-64.0,572.0,-295.0,183.0,34.0,-346.0,174.0,-201.0,192.0,612.0
-64.0,330.0,-310.0,249.0,57.0,-346.0,-78.0,-356.0,259.0,621.0
-54.0,186.0,-228.0,329.0,84.0,-392.0,-220.0,-388.0,314.0,602.0
-64.0,215.0,-240.0,408.0,111.0,-381.0,-153.0,-389.0,375.0,571.0
-65.0,423.0,-181.0,528.0,133.0,-333.0,143.0,-375.0,434.0,516.0
-82.0,788.0,-140.0,642.0,146.0,-320.0,384.0,-301.0,498.0,437.0
-87.0,1221.0,-111.0,730.0,153.0,-334.0,119.0,-378.0,526.0,348.0
-100.0,1564.0,-83.0,802.0,152.0,-356.0,-204.0,-273.0,499.0,242.0
-105.0,1659.0,-39.0,817.0,150.0,-306.0,93.0,-271.0,441.0,151.0
-116.0,1430.0,-50.0,807.0,153.0,-283.0,578.0,-284.0,336.0,89.0
-142.0,977.0,-28.0,782.0,154.0,-279.0,626.0,-245.0,235.0,34.0
-153.0,464.0,-5.0,747.0,146.0,-273.0,124.0,-291.0,145.0,6.0
-168.0,-2.0,-60.0,689.0,129.0,-291.0,-608.0,-169.0,75.0,-1.0
-170.0,-274.0,5.0,609.0,106.0,-270.0,-797.0,-236.0,36.0,-27.0
-167.0,-311.0,-77.0,555.0,82.0,-260.0,-210.0,-334.0,-5.0,-52.0
-160.0,-306.0,-91.0,505.0,67.0,-262.0,293.0,-419.0,-43.0,-62.0
-147.0,-426.0,-119.0,441.0,60.0,-283.0,225.0,-548.0,-92.0,-74.0
-133.0,-594.0,-227.0,384.0,50.0,-341.0,-20.0,-537.0,-137.0,-115.0
-118.0,-686.0,-229.0,319.0,32.0,-371.0,-323.0,-545.0,-199.0,-192.0
-104.0,-682.0,-322.0,213.0,19.0,-382.0,-646.0,-458.0,-269.0,-265.0
-89.0,-560.0,-372.0,92.0,21.0,-444.0,-505.0,-452.0,-344.0,-347.0
-76.0,-310.0,-448.0,-45.0,35.0,-448.0,168.0,-328.0,-447.0,-440.0
-68.0,84.0,-524.0,-190.0,45.0,-325.0,593.0,-245.0,-557.0,-522.0
-54.0,524.0,-581.0,-286.0,41.0,-246.0,124.0,-304.0,-679.0,-608.0
-30.0,854.0,-655.0,-356.0,27.0,-327.0,-724.0,-212.0,-789.0,-692.0
-10.0,1000.0,-714.0,-424.0,8.0,-393.0,-933.0,-286.0,-891.0,-784.0
8.0,928.0,-756.0,-491.0,-23.0,-308.0,-351.0,-194.0,-969.0,-876.0
25.0,743.0,-801.0,-578.0,-66.0,-269.0,233.0,-240.0,-1035.0,-954.0
46.0,567.0,-834.0,-656.0,-103.0,-369.0,198.0,-356.0,-1090.0,-1024.0
55.0,387.0,-820.0,-703.0,-129.0,-454.0,-331.0,-325.0,-1116.0,-1107.0
56.0,138.0,-841.0,-739.0,-147.0,-431.0,-758.0,-447.0,-1131.0,-1177.0
39.0,-153.0,-804.0,-746.0,-153.0,-343.0,-582.0,-351.0,-1104.0,-1196.0
11.0,-364.0,-761.0,-711.0,-143.0,-287.0,-59.0,-362.0,-1052.0,-1193.0
-14.0,-430.0,-718.0,-685.0,-123.0,-250.0,194.0,-308.0,-970.0,-1153.0
-51.0,-416.0,-636.0,-654.0,-104.0,-200.0,-28.0,-312.0,-842.0,-1098.0
-62.0,-426.0,-571.0,-619.0,-92.0,-267.0,-493.0,-495.0,-688.0,-1037.0
-86.0,-479.0,-490.0,-587.0,-83.0,-354.0,-882.0,-482.0,-516.0,-950.0
-91.0,-541.0,-407.0,-554.0,-71.0,-308.0,-920.0,-574.0,-352.0,-864.0
-97.0,-585.0,-311.0,-539.0,-53.0,-331.0,-369.0,-502.0,-209.0,-763.0
-111.0,-630.0,-204.0,-534.0,-23.0,-400.0,194.0,-528.0,-87.0,-659.0
-103.0,-665.0,-95.0,-546.0,19.0,-372.0,-87.0,-583.0,2.0,-558.0
-113.0,-615.0,0.0,-571.0,61.0,-324.0,-858.0,-437.0,64.0,-442.0
-107.0,-464.0,117.0,-581.0,86.0,-385.0,-1026.0,-419.0,117.0,-324.0
-95.0,-206.0,226.0,-557.0,92.0,-492.0,-432.0,-365.0,152.0,-192.0
-61.0,140.0,305.0,-502.0,88.0,-440.0,75.0,-432.0,174.0,-70.0
-34.0,460.0,402.0,-403.0,79.0,-362.0,28.0,-423.0,174.0,57.0
-18.0,612.0,462.0,-275.0,73.0,-379.0,-442.0,-426.0,161.0,194.0
2.0,555.0,491.0,-148.0,55.0,-355.0,-864.0,-498.0,149.0,328.0
25.0,309.0,475.0,-29.0,29.0,-262.0,-724.0,-467.0,121.0,461.0
48.0,-126.0,478.0,62.0,16.0,-208.0,-229.0,-532.0,111.0,578.0
60.0,-649.0,465.0,151.0,27.0,-270.0,-62.0,-413.0,95.0,674.0
88.0,-990.0,411.0,242.0,46.0,-313.0,-287.0,-485.0,73.0,742.0
114.0,-1072.0,365.0,330.0,48.0,-250.0,-378.0,-517.0,52.0,784.0
146.0,-1094.0,284.0,405.0,31.0,-222.0,-216.0,-369.0,10.0,791.0
176.0,-1133.0,213.0,450.0,5.0,-233.0,-168.0,-434.0,-33.0,779.0
212.0,-1098.0,142.0,445.0,-21.0,-223.0,-375.0,-262.0,-82.0,761.0
231.0,-934.0,97.0,405.0,-41.0,-213.0,-400.0,-232.0,-122.0,737.0
243.0,-659.0,23.0,364.0,-49.0,-217.0,-113.0,-253.0,-165.0,702.0
255.0,-373.0,-30.0,328.0,-46.0,-294.0,-45.0,-221.0,-201.0,660.0
260.0,-183.0,-79.0,303.0,-34.0,-272.0,-478.0,-279.0,-221.0,600.0
259.0,-73.0,-149.0,274.0,-16.0,-187.0,-874.0,-210.0,-223.0,528.0
240.0,61.0,-154.0,249.0,-2.0,-209.0,-576.0,-291.0,-217.0,468.0
240.0,247.0,-203.0,228.0,0.0,-190.0,-85.0,-264.0,-209.0,396.0
234.0,384.0,-197.0,219.0,-12.0,-209.0,-39.0,-249.0,-182.0,346.0
243.0,376.0,-198.0,208.0,-29.0,-239.0,-183.0,-219.0,-169.0,309.0
228.0,222.0,-207.0,175.0,-39.0,-244.0,-236.0,-271.0,-141.0,283.0
220.0,-19.0,-160.0,158.0,-37.0,-232.0,-269.0,-458.0,-102.0,293.0
222.0,-247.0,-170.0,159.0,-23.0,-141.0,-352.0,-439.0,-73.0,306.0
207.0,-344.0,-127.0,156.0,-10.0,-145.0,-299.0,-545.0,-30.0,359.0
210.0,-263.0,-91.0,141.0,-6.0,-200.0,-30.0,-445.0,9.0,428.0
215.0,-73.0,-70.0,126.0,-17.0,-196.0,221.0,-356.0,45.0,482.0
221.0,143.0,-39.0,110.0,-35.0,-167.0,55.0,-325.0,81.0,554.0
214.0,390.0,-16.0,96.0,-35.0,-205.0,-473.0,-145.0,129.0,594.0
217.0,622.0,0.0,81.0,-5.0,-226.0,-626.0,-188.0,200.0,611.0
202.0,723.0,-17.0,38.0,43.0,-176.0,-214.0,-107.0,261.0,607.0
189.0,676.0,0.0,1.0,88.0,-194.0,42.0,-107.0,312.0,558.0
179.0,566.0,-44.0,-14.0,118.0,-214.0,-158.0,-149.0,359.0,486.0
157.0,451.0,-97.0,-31.0,138.0,-177.0,-297.0,-123.0,372.0,385.0
154.0,335.0,-125.0,-63.0,146.0,-96.0,-144.0,-188.0,387.0,255.0
145.0,230.0,-233.0,-136.0,143.0,-110.0,-114.0,-110.0,393.0,114.0
137.0,186.0,-299.0,-214.0,129.0,-185.0,-328.0,-173.0,379.0,-10.0
109.0,250.0,-363.0,-266.0,118.0,-137.0,-347.0,-157.0,360.0,-114.0
67.0,384.0,-444.0,-335.0,113.0,-137.0,-112.0,-22.0,338.0,-215.0
33.0,438.0,-500.0,-394.0,106.0,-200.0,-3.0,84.0,325.0,-308.0
-4.0,322.0,-552.0,-434.0,88.0,-184.0,-193.0,271.0,286.0,-372.0
-45.0,91.0,-593.0,-477.0,63.0,-79.0,-470.0,301.0,251.0,-427.0
-78.0,-143.0,-629.0,-511.0,37.0,0.0,-473.0,336.0,226.0,-492.0
-129.0,-284.0,-647.0,-525.0,9.0,-68.0,-268.0,205.0,187.0,-530.0
-167.0,-330.0,-669.0,-527.0,-17.0,-121.0,-157.0,92.0,149.0,-539.0
-197.0,-303.0,-691.0,-547.0,-31.0,-95.0,-200.0,81.0,95.0,-559.0
-230.0,-156.0,-702.0,-567.0,-23.0,-110.0,-167.0,-1.0,34.0,-585.0
-250.0,77.0,-682.0,-539.0,-4.0,-162.0,-15.0,62.0,-32.0,-596.0
-263.0,261.0,-665.0,-481.0,4.0,-183.0,0.0,-14.0,-109.0,-613.0
-261.0,282.0,-642.0,-464.0,-7.0,-143.0,-32.0,59.0,-189.0,-648.0
-264.0,166.0,-612.0,-483.0,-38.0,-194.0,-7.0,208.0,-271.0,-693.0
-269.0,8.0,-590.0,-517.0,-73.0,-292.0,1.0,339.0,-336.0,-725.0
-287.0,-122.0,-562.0,-535.0,-89.0,-242.0,-62.0,484.0,-397.0,-735.0
-302.0,-205.0,-540.0,-510.0,-80.0,-214.0,-118.0,408.0,-453.0,-757.0
-316.0,-272.0,-487.0,-484.0,-57.0,-277.0,19.0,447.0,-464.0,-759.0
-356.0,-340.0,-458.0,-452.0,-34.0,-302.0,95.0,319.0,-440.0,-731.0
-384.0,-355.0,-420.0,-422.0,-18.0,-219.0,-86.0,258.0,-383.0,-700.0
-411.0,-263.0,-371.0,-352.0,-1.0,-102.0,-237.0,206.0,-301.0,-672.0
-437.0,-56.0,-349.0,-268.0,18.0,-131.0,-213.0,-11.0,-215.0,-628.0
-453.0,238.0,-314.0,-203.0,37.0,-189.0,-150.0,-1.0,-96.0,-567.0
-460.0,550.0,-295.0,-72.0,48.0,-188.0,-225.0,-59.0,23.0,-535.0
-464.0,751.0,-259.0,44.0,43.0,-210.0,-453.0,101.0,119.0,-517.0
-466.0,757.0,-209.0,102.0,29.0,-225.0,-469.0,253.0,222.0,-499.0
-447.0,577.0,-183.0,144.0,8.0,-212.0,-158.0,328.0,322.0,-487.0
-413.0,250.0,-145.0,182.0,-10.0,-195.0,-100.0,465.0,429.0,-500.0
-368.0,-105.0,-97.0,233.0,-26.0,-206.0,-388.0,354.0,530.0,-521.0
-325.0,-380.0,-86.0,285.0,-43.0,-227.0,-495.0,332.0,584.0,-530.0
-262.0,-567.0,-34.0,334.0,-65.0,-162.0,-341.0,232.0,608.0,-538.0
-174.0,-655.0,-9.0,377.0,-94.0,-105.0,-327.0,229.0,613.0,-538.0
-81.0,-581.0,9.0,385.0,-123.0,-148.0,-552.0,336.0,592.0,-525.0
29.0,-370.0,67.0,387.0,-143.0,-144.0,-578.0,393.0,571.0,-491.0
129.0,-149.0,42.0,408.0,-148.0,-92.0,-314.0,528.0,551.0,-460.0
245.0,8.0,81.0,409.0,-140.0,-107.0,-189.0,463.0,512.0,-434.0
352.0,167.0,73.0,373.0,-125.0,-171.0,-349.0,465.0,436.0,-426.0
437.0,464.0,40.0,313.0,-114.0,-136.0,-478.0,434.0,337.0,-431.0
527.0,871.0,56.0,243.0,-106.0,-27.0,-317.0,434.0,220.0,-444.0
605.0,1148.0,41.0,147.0,-104.0,4.0,-101.0,550.0,89.0,-496.0
681.0,1163.0,68.0,46.0,-104.0,11.0,-157.0,504.0,-30.0,-529.0
732.0,984.0,71.0,-20.0,-105.0,55.0,-336.0,478.0,-154.0,-558.0
770.0,782.0,112.0,-65.0,-114.0,75.0,-270.0,375.0,-256.0,-587.0
800.0,710.0,118.0,-110.0,-123.0,85.0,-215.0,369.0,-335.0,-593.0
812.0,749.0,136.0,-161.0,-130.0,114.0,-435.0,363.0,-389.0,-588.0
810.0,799.0,138.0,-165.0,-135.0,127.0,-554.0,334.0,-416.0,-562.0
791.0,834.0,119.0,-114.0,-132.0,103.0,-462.0,400.0,-450.0,-527.0
763.0,842.0,140.0,-50.0,-112.0,-19.0,-402.0,284.0,-472.0,-484.0
739.0,678.0,108.0,21.0,-76.0,-25.0,-411.0,205.0,-490.0,-467.0
700.0,228.0,150.0,72.0,-35.0,98.0,-286.0,79.0,-496.0,-469.0
641.0,-391.0,112.0,93.0,3.0,146.0,-141.0,70.0,-471.0,-463.0
593.0,-969.0,114.0,103.0,30.0,137.0,-220.0,223.0,-428.0,-474.0
536.0,-1405.0,136.0,113.0,48.0,90.0,-373.0,238.0,-347.0,-498.0
471.0,-1712.0,83.0,126.0,61.0,157.0,-381.0,367.0,-234.0,-516.0
398.0,-1905.0,100.0,101.0,67.0,268.0,-263.0,406.0,-108.0,-523.0
338.0,-2009.0,61.0,45.0,76.0,325.0,-238.0,413.0,16.0,-520.0
284.0,-2081.0,56.0,-52.0,104.0,394.0,-254.0,384.0,126.0,-499.0
224.0,-2138.0,35.0,-186.0,143.0,404.0,-137.0,201.0,227.0,-463.0
172.0,-2139.0,10.0,-292.0,170.0,390.0,-12.0,53.0,318.0,-414.0
116.0,-1992.0,1.0,-347.0,181.0,372.0,-136.0,-147.0,381.0,-349.0
66.0,-1594.0,-20.0,-383.0,177.0,346.0,-422.0,-169.0,420.0,-249.0
16.0,-962.0,-40.0,-450.0,164.0,349.0,-438.0,-210.0,445.0,-136.0
-16.0,-295.0,-43.0,-518.0,141.0,338.0,-190.0,-151.0,462.0,-18.0
-56.0,186.0,-58.0,-564.0,114.0,361.0,-93.0,48.0,454.0,122.0
-90.0,495.0,-109.0,-626.0,84.0,394.0,-339.0,151.0,392.0,261.0
-110.0,806.0,-120.0,-678.0,47.0,328.0,-581.0,363.0,297.0,404.0
-122.0,1143.0,-203.0,-688.0,13.0,235.0,-492.0,334.0,171.0,527.0
-127.0,1384.0,-220.0,-671.0,-16.0,232.0,-292.0,382.0,35.0,624.0
-134.0,1453.0,-271.0,-651.0,-44.0,352.0,-254.0,434.0,-79.0,721.0
-129.0,1315.0,-336.0,-619.0,-79.0,406.0,-344.0,273.0,-196.0,804.0
-126.0,944.0,-315.0,-544.0,-115.0,346.0,-394.0,251.0,-299.0,874.0
-114.0,415.0,-379.0,-442.0,-135.0,335.0,-381.0,81.0,-371.0,928.0
-114.0,-151.0,-346.0,-328.0,-130.0,365.0,-451.0,3.0,-413.0,966.0
-88.0,-632.0,-352.0,-197.0,-102.0,423.0,-529.0,24.0,-424.0,963.0
-58.0,-846.0,-333.0,-55.0,-66.0,517.0,-282.0,51.0,-414.0,928.0
-63.0,-698.0,-286.0,55.0,-31.0,540.0,12.0,90.0,-370.0,873.0
-56.0,-324.0,-291.0,117.0,6.0,458.0,-151.0,51.0,-305.0,774.0
-56.0,2.0,-213.0,166.0,44.0,396.0,-465.0,175.0,-211.0,653.0
-41.0,173.0,-205.0,214.0,81.0,420.0,-518.0,229.0,-96.0,527.0
-26.0,255.0,-144.0,262.0,110.0,425.0,-344.0,369.0,18.0,406.0
-19.0,278.0,-115.0,314.0,128.0,345.0,-166.0,500.0,127.0,292.0
-6.0,287.0,-104.0,357.0,132.0,334.0,-135.0,489.0,226.0,191.0
17.0,348.0,-70.0,375.0,120.0,432.0,-216.0,606.0,306.0,127.0
46.0,464.0,-106.0,370.0,91.0,452.0,-247.0,613.0,352.0,78.0
59.0,645.0,-88.0,375.0,50.0,377.0,-127.0,644.0,376.0,34.0
65.0,887.0,-127.0,387.0,7.0,381.0,-71.0,641.0,376.0,22.0
68.0,1047.0,-152.0,385.0,-30.0,475.0,-120.0,698.0,348.0,12.0
64.0,953.0,-184.0,374.0,-55.0,517.0,-34.0,709.0,312.0,9.0
54.0,604.0,-231.0,370.0,-55.0,386.0,123.0,522.0,258.0,6.0
42.0,99.0,-223.0,390.0,-36.0,238.0,144.0,556.0,171.0,-18.0
19.0,-450.0,-257.0,442.0,-22.0,269.0,12.0,460.0,81.0,-50.0
0.0,-909.0,-246.0,507.0,-19.0,310.0,-124.0,478.0,6.0,-111.0
-24.0,-1169.0,-236.0,577.0,-17.0,310.0,-93.0,532.0,-62.0,-154.0
-38.0,-1143.0,-222.0,638.0,-8.0,315.0,-21.0,430.0,-119.0,-184.0
-50.0,-853.0,-192.0,685.0,1.0,265.0,-33.0,565.0,-156.0,-221.0
-57.0,-426.0,-160.0,716.0,0.0,174.0,10.0,609.0,-187.0,-243.0
-52.0,30.0,-105.0,726.0,-19.0,135.0,128.0,731.0,-210.0,-258.0
-67.0,363.0,-70.0,698.0,-51.0,269.0,200.0,759.0,-226.0,-245.0
-63.0,429.0,-2.0,612.0,-83.0,342.0,160.0,661.0,-229.0,-224.0
-54.0,248.0,30.0,494.0,-104.0,197.0,74.0,543.0,-228.0,-193.0
-52.0,-60.0,94.0,368.0,-124.0,122.0,100.0,295.0,-218.0,-152.0
-42.0,-387.0,146.0,241.0,-154.0,175.0,208.0,205.0,-198.0,-136.0
-40.0,-598.0,158.0,132.0,-183.0,196.0,173.0,147.0,-191.0,-131.0
-36.0,-560.0,213.0,35.0,-199.0,118.0,70.0,291.0,-183.0,-130.0
-25.0,-287.0,231.0,-59.0,-191.0,61.0,142.0,352.0,-171.0,-141.0
-23.0,92.0,256.0,-152.0,-156.0,140.0,264.0,371.0,-149.0,-165.0
-20.0,479.0,252.0,-224.0,-104.0,125.0,230.0,567.0,-127.0,-190.0
-6.0,788.0,278.0,-267.0,-41.0,53.0,157.0,550.0,-92.0,-229.0
17.0,942.0,265.0,-304.0,14.0,134.0,238.0,522.0,-47.0,-291.0
40.0,945.0,248.0,-325.0,41.0,179.0,401.0,349.0,-3.0,-370.0
56.0,800.0,255.0,-319.0,28.0,161.0,511.0,171.0,60.0,-475.0
86.0,493.0,183.0,-288.0,-12.0,163.0,394.0,173.0,118.0,-562.0
107.0,103.0,161.0,-242.0,-61.0,160.0,162.0,206.0,185.0,-650.0
120.0,-231.0,97.0,-186.0,-101.0,137.0,202.0,249.0,260.0,-727.0
122.0,-432.0,38.0,-131.0,-121.0,33.0,380.0,210.0,339.0,-755.0
117.0,-512.0,2.0,-100.0,-133.0,-26.0,402.0,247.0,438.0,-766.0
144.0,-539.0,-33.0,-83.0,-145.0,14.0,229.0,136.0,538.0,-756.0
165.0,-586.0,-84.0,-67.0,-149.0,-26.0,-12.0,66.0,647.0,-737.0
167.0,-649.0,-108.0,-57.0,-144.0,-103.0,-48.0,136.0,744.0,-711.0
171.0,-643.0,-129.0,-52.0,-133.0,-99.0,87.0,84.0,839.0,-668.0
168.0,-497.0,-191.0,-55.0,-129.0,-81.0,165.0,168.0,907.0,-629.0
170.0,-213.0,-171.0,-79.0,-128.0,-108.0,166.0,140.0,941.0,-584.0
160.0,114.0,-233.0,-109.0,-122.0,-171.0,71.0,164.0,949.0,-522.0
154.0,398.0,-238.0,-132.0,-115.0,-129.0,43.0,236.0,920.0,-471.0
147.0,633.0,-266.0,-163.0,-109.0,-80.0,230.0,133.0,887.0,-408.0
122.0,841.0,-310.0,-199.0,-99.0,-125.0,283.0,140.0,827.0,-340.0
116.0,994.0,-299.0,-248.0,-82.0,-136.0,43.0,20.0,755.0,-279.0
91.0,1033.0,-369.0,-293.0,-57.0,-83.0,-119.0,14.0,669.0,-227.0
59.0,944.0,-352.0,-358.0,-30.0,-23.0,9.0,29.0,565.0,-198.0
39.0,800.0,-409.0,-456.0,-9.0,-52.0,127.0,-48.0,482.0,-160.0
7.0,656.0,-431.0,-526.0,18.0,-67.0,107.0,-77.0,382.0,-152.0
-12.0,473.0,-449.0,-585.0,63.0,-89.0,143.0,-230.0,282.0,-158.0
-41.0,183.0,-491.0,-626.0,113.0,-130.0,163.0,-190.0,195.0,-172.0
-59.0,-204.0,-478.0,-628.0,157.0,-108.0,101.0,-160.0,107.0,-188.0
-71.0,-604.0,-480.0,-610.0,180.0,-61.0,29.0,-73.0,24.0,-198.0
-80.0,-900.0,-429.0,-541.0,187.0,12.0,133.0,3.0,-54.0,-237.0
-68.0,-1037.0,-412.0,-439.0,195.0,-37.0,437.0,3.0,-135.0,-253.0
-64.0,-1056.0,-330.0,-328.0,215.0,-126.0,564.0,203.0,-221.0,-267.0
-71.0,-986.0,-279.0,-200.0,245.0,-44.0,407.0,208.0,-309.0,-303.0
-78.0,-824.0,-211.0,-80.0,273.0,70.0,214.0,254.0,-406.0,-331.0
-76.0,-622.0,-99.0,10.0,287.0,0.0,104.0,280.0,-528.0,-355.0
-70.0,-443.0,-21.0,81.0,274.0,-85.0,124.0,297.0,-661.0,-373.0
-81.0,-315.0,99.0,131.0,238.0,-64.0,272.0,439.0,-762.0,-374.0
-80.0,-272.0,184.0,133.0,191.0,-23.0,425.0,419.0,-848.0,-368.0
-70.0,-364.0,279.0,105.0,141.0,29.0,357.0,487.0,-907.0,-355.0
-77.0,-570.0,340.0,95.0,97.0,12.0,75.0,436.0,-911.0,-329.0
-76.0,-743.0,408.0,84.0,71.0,39.0,-71.0,378.0,-892.0,-306.0
-70.0,-754.0,468.0,51.0,67.0,-12.0,121.0,354.0,-842.0,-271.0
-62.0,-636.0,520.0,12.0,79.0,-104.0,428.0,243.0,-785.0,-234.0
-45.0,-435.0,567.0,-9.0,95.0,-35.0,469.0,253.0,-719.0,-191.0
-8.0,-144.0,566.0,-17.0,108.0,4.0,306.0,221.0,-631.0,-118.0
22.0,163.0,594.0,-30.0,108.0,22.0,172.0,273.0,-534.0,-46.0
38.0,397.0,570.0,-32.0,95.0,-15.0,101.0,234.0,-423.0,20.0
61.0,519.0,540.0,-22.0,79.0,-56.0,98.0,199.0,-282.0,103.0
68.0,532.0,510.0,-7.0,79.0,35.0,90.0,205.0,-133.0,170.0
82.0,529.0,434.0,13.0,99.0,98.0,135.0,145.0,-13.0,206.0
99.0,602.0,329.0,31.0,122.0,131.0,314.0,363.0,101.0,223.0
123.0,733.0,232.0,56.0,124.0,221.0,444.0,473.0,195.0,222.0
165.0,864.0,116.0,80.0,86.0,246.0,319.0,580.0,253.0,213.0
206.0,907.0,-27.0,104.0,15.0,214.0,93.0,694.0,305.0,198.0
252.0,781.0,-101.0,134.0,-63.0,217.0,117.0,587.0,363.0,172.0
278.0,534.0,-234.0,136.0,-122.0,167.0,319.0,478.0,417.0,153.0
297.0,265.0,-322.0,139.0,-141.0,154.0,382.0,243.0,476.0,144.0
301.0,84.0,-410.0,174.0,-131.0,206.0,330.0,158.0,559.0,132.0
287.0,65.0,-515.0,220.0,-108.0,191.0,218.0,86.0,631.0,130.0
270.0,196.0,-525.0,235.0,-87.0,145.0,166.0,86.0,709.0,129.0
240.0,473.0,-612.0,202.0,-72.0,77.0,247.0,219.0,803.0,131.0
200.0,773.0,-618.0,173.0,-57.0,62.0,190.0,210.0,891.0,126.0
155.0,897.0,-603.0,190.0,-43.0,40.0,6.0,338.0,975.0,120.0
108.0,758.0,-612.0,214.0,-37.0,-14.0,-70.0,319.0,1038.0,138.0
61.0,426.0,-574.0,245.0,-45.0,-50.0,-18.0,345.0,1078.0,163.0
7.0,23.0,-527.0,304.0,-60.0,-87.0,75.0,441.0,1084.0,201.0
-56.0,-327.0,-483.0,350.0,-75.0,-23.0,105.0,378.0,1043.0,264.0
-97.0,-503.0,-438.0,387.0,-100.0,-21.0,81.0,371.0,984.0,352.0
-138.0,-594.0,-335.0,435.0,-135.0,-62.0,74.0,269.0,930.0,450.0
-175.0,-732.0,-319.0,494.0,-172.0,-47.0,35.0,295.0,852.0,542.0
-194.0,-889.0,-243.0,550.0,-195.0,-94.0,40.0,273.0,771.0,617.0
-224.0,-995.0,-160.0,583.0,-191.0,-104.0,114.0,249.0,685.0,671.0
-234.0,-1070.0,-140.0,600.0,-157.0,-150.0,59.0,230.0,571.0,705.0
-246.0,-1083.0,-58.0,577.0,-100.0,-226.0,24.0,164.0,460.0,711.0
-256.0,-871.0,-52.0,536.0,-44.0,-212.0,143.0,384.0,327.0,690.0
-266.0,-498.0,-39.0,463.0,1.0,-179.0,218.0,447.0,193.0,630.0
-279.0,-183.0,-39.0,377.0,34.0,-114.0,176.0,556.0,51.0,546.0
-278.0,-20.0,-75.0,299.0,60.0,-53.0,167.0,683.0,-102.0,453.0
-274.0,-3.0,-94.0,211.0,88.0,-81.0,208.0,613.0,-234.0,355.0
-266.0,-75.0,-104.0,154.0,110.0,-110.0,109.0,650.0,-339.0,255.0
-262.0,-127.0,-142.0,83.0,122.0,-70.0,-93.0,509.0,-412.0,155.0
-262.0,-47.0,-145.0,13.0,135.0,-39.0,-149.0,430.0,-436.0,77.0
-273.0,102.0,-110.0,-5.0,145.0,-53.0,62.0,410.0,-415.0,-4.0
-281.0,210.0,-131.0,-31.0,143.0,-77.0,187.0,376.0,-361.0,-85.0
-279.0,303.0,-60.0,-18.0,125.0,-21.0,0.0,408.0,-274.0,-157.0
-275.0,447.0,-16.0,11.0,90.0,31.0,-179.0,347.0,-182.0,-260.0
-261.0,587.0,29.0,-6.0,38.0,0.0,-219.0,413.0,-89.0,-356.0
-232.0,615.0,138.0,14.0,-19.0,-47.0,-172.0,349.0,3.0,-433.0
-190.0,583.0,182.0,71.0,-64.0,-8.0,-21.0,339.0,97.0,-512.0
-144.0,629.0,256.0,121.0,-85.0,50.0,52.0,347.0,195.0,-572.0
-103.0,755.0,313.0,166.0,-87.0,6.0,-85.0,253.0,273.0,-624.0
-70.0,840.0,337.0,193.0,-81.0,-4.0,-144.0,375.0,315.0,-673.0
-26.0,837.0,378.0,188.0,-78.0,-48.0,51.0,424.0,322.0,-719.0
17.0,808.0,396.0,151.0,-95.0,-100.0,147.0,567.0,314.0,-768.0
52.0,760.0,374.0,111.0,-139.0,-27.0,31.0,613.0,273.0,-817.0
98.0,678.0,373.0,82.0,-204.0,70.0,34.0,578.0,213.0,-854.0
152.0,651.0,338.0,52.0,-260.0,91.0,142.0,604.0,161.0,-869.0
191.0,693.0,265.0,-3.0,-277.0,-21.0,45.0,491.0,101.0,-878.0
217.0,692.0,217.0,-52.0,-253.0,-135.0,-172.0,380.0,57.0,-866.0
243.0,592.0,126.0,-103.0,-200.0,-149.0,-76.0,184.0,17.0,-830.0
258.0,409.0,91.0,-148.0,-144.0,-137.0,285.0,134.0,-20.0,-767.0
260.0,205.0,35.0,-141.0,-108.0,-156.0,430.0,92.0,-20.0,-684.0
251.0,89.0,-23.0,-137.0,-94.0,-134.0,233.0,147.0,15.0,-584.0
236.0,71.0,14.0,-136.0,-92.0,-214.0,107.0,260.0,65.0,-456.0
209.0,56.0,-26.0,-135.0,-82.0,-376.0,296.0,166.0,142.0,-325.0
161.0,48.0,-2.0,-162.0,-58.0,-392.0,354.0,303.0,217.0,-181.0
117.0,79.0,31.0,-222.0,-33.0,-385.0,90.0,280.0,271.0,-27.0
75.0,151.0,41.0,-302.0,-18.0,-348.0,-44.0,195.0,312.0,116.0
38.0,209.0,79.0,-359.0,0.0,-361.0,68.0,158.0,339.0,261.0
8.0,5.0,66.0,-380.0,30.0,-365.0,92.0,-9.0,370.0,398.0
-11.0,-513.0,105.0,-392.0,75.0,-314.0,-52.0,-42.0,371.0,521.0
-32.0,-1051.0,84.0,-415.0,130.0,-362.0,-59.0,-136.0,359.0,615.0
-55.0,-1441.0,81.0,-446.0,180.0,-386.0,159.0,-77.0,331.0,689.0
-77.0,-1753.0,63.0,-425.0,216.0,-338.0,194.0,16.0,271.0,739.0
-105.0,-1893.0,21.0,-353.0,237.0,-264.0,6.0,144.0,199.0,754.0
-128.0,-1675.0,24.0,-273.0,248.0,-332.0,8.0,232.0,110.0,746.0
-142.0,-1195.0,-43.0,-207.0,250.0,-406.0,127.0,151.0,25.0,699.0
-140.0,-658.0,-51.0,-193.0,240.0,-325.0,176.0,258.0,-70.0,626.0
-144.0,-225.0,-67.0,-169.0,227.0,-312.0,230.0,182.0,-151.0,526.0
-155.0,21.0,-84.0,-136.0,213.0,-367.0,340.0,105.0,-201.0,396.0
-146.0,163.0,-87.0,-113.0,195.0,-367.0,336.0,7.0,-246.0,256.0
-148.0,261.0,-104.0,-93.0,165.0,-319.0,162.0,-144.0,-275.0,89.0
-149.0,259.0,-93.0,-94.0,121.0,-307.0,90.0,-29.0,-278.0,-68.0
-148.0,118.0,-92.0,-60.0,66.0,-377.0,177.0,3.0,-280.0,-207.0
-153.0,-113.0,-83.0,-20.0,3.0,-452.0,277.0,155.0,-301.0,-333.0
-148.0,-366.0,-72.0,36.0,-51.0,-371.0,336.0,295.0,-313.0,-417.0
-153.0,-571.0,-31.0,119.0,-81.0,-312.0,337.0,376.0,-328.0,-488.0
-163.0,-617.0,-19.0,219.0,-83.0,-350.0,256.0,504.0,-350.0,-531.0
-187.0,-429.0,30.0,309.0,-75.0,-312.0,117.0,504.0,-361.0,-527.0
-204.0,-69.0,75.0,354.0,-77.0,-340.0,9.0,570.0,-343.0,-484.0
-204.0,350.0,105.0,415.0,-99.0,-409.0,54.0,430.0,-269.0,-400.0
-214.0,788.0,190.0,473.0,-125.0,-405.0,180.0,347.0,-184.0,-317.0
-224.0,1251.0,220.0,539.0,-137.0,-362.0,213.0,373.0,-87.0,-208.0
-236.0,1689.0,277.0,617.0,-132.0,-344.0,90.0,251.0,27.0,-97.0
-233.0,1974.0,339.0,671.0,-115.0,-434.0,-95.0,351.0,112.0,-14.0
-234.0,2040.0,385.0,693.0,-90.0,-481.0,-27.0,301.0,196.0,57.0
-245.0,1848.0,446.0,656.0,-66.0,-394.0,159.0,188.0,272.0,112.0
-250.0,1371.0,497.0,575.0,-49.0,-365.0,118.0,133.0,338.0,168.0
-252.0,675.0,537.0,481.0,-39.0,-362.0,29.0,121.0,406.0,185.0
-246.0,-139.0,575.0,366.0,-35.0,-321.0,4.0,258.0,460.0,201.0
-240.0,-932.0,613.0,243.0,-35.0,-327.0,-29.0,262.0,513.0,210.0
-222.0,-1520.0,628.0,149.0,-43.0,-384.0,-31.0,317.0,537.0,161.0
-210.0,-1795.0,658.0,79.0,-65.0,-422.0,53.0,236.0,524.0,113.0
-206.0,-1838.0,668.0,17.0,-101.0,-345.0,206.0,188.0,500.0,49.0
-200.0,-1742.0,687.0,-61.0,-138.0,-289.0,232.0,171.0,470.0,-29.0
-190.0,-1577.0,688.0,-129.0,-169.0,-332.0,63.0,123.0,450.0,-115.0
-199.0,-1410.0,689.0,-205.0,-185.0,-325.0,-65.0,173.0,422.0,-202.0
-222.0,-1150.0,666.0,-289.0,-183.0,-242.0,-52.0,-40.0,390.0,-279.0
-230.0,-745.0,601.0,-320.0,-165.0,-221.0,-6.0,-131.0,356.0,-359.0
-241.0,-277.0,552.0,-333.0,-137.0,-307.0,61.0,-279.0,295.0,-415.0
-247.0,169.0,441.0,-297.0,-110.0,-273.0,155.0,-373.0,226.0,-446.0
-230.0,563.0,378.0,-253.0,-93.0,-139.0,123.0,-280.0,153.0,-444.0
-183.0,816.0,266.0,-214.0,-100.0,-81.0,-6.0,-312.0,74.0,-415.0
-136.0,817.0,185.0,-149.0,-125.0,-35.0,-26.0,-162.0,-9.0,-360.0
-89.0,579.0,111.0,-114.0,-145.0,24.0,12.0,-153.0,-98.0,-279.0
-52.0,180.0,1.0,-64.0,-144.0,54.0,19.0,-68.0,-167.0,-199.0
-3.0,-310.0,-24.0,-3.0,-122.0,58.0,112.0,16.0,-226.0,-127.0
51.0,-818.0,-129.0,48.0,-85.0,33.0,183.0,-103.0,-292.0,-64.0
92.0,-1180.0,-141.0,68.0,-37.0,75.0,18.0,-94.0,-338.0,1.0
143.0,-1270.0,-214.0,18.0,18.0,171.0,-243.0,-242.0,-344.0,55.0
199.0,-1102.0,-238.0,-85.0,72.0,141.0,-344.0,-247.0,-318.0,83.0
262.0,-711.0,-200.0,-214.0,116.0,130.0,-131.0,-262.0,-274.0,104.0
310.0,-234.0,-272.0,-328.0,149.0,164.0,173.0,-321.0,-214.0,110.0
335.0,155.0,-166.0,-408.0,170.0,115.0,176.0,-240.0,-161.0,85.0
342.0,476.0,-163.0,-435.0,176.0,142.0,-12.0,-258.0,-110.0,47.0
351.0,803.0,-147.0,-408.0,174.0,194.0,-85.0,-81.0,-43.0,15.0
345.0,1079.0,-57.0,-386.0,171.0,210.0,-7.0,-44.0,-17.0,-28.0
327.0,1127.0,-61.0,-371.0,164.0,179.0,107.0,-110.0,0.0,-59.0
310.0,910.0,-4.0,-348.0,154.0,83.0,157.0,-133.0,15.0,-101.0
291.0,584.0,16.0,-310.0,150.0,111.0,66.0,-173.0,14.0,-150.0
262.0,285.0,29.0,-226.0,150.0,145.0,-35.0,-96.0,11.0,-198.0
201.0,141.0,47.0,-126.0,144.0,131.0,7.0,-127.0,-11.0,-247.0
139.0,189.0,49.0,-42.0,121.0,135.0,45.0,-40.0,-32.0,-265.0
61.0,284.0,44.0,16.0,87.0,89.0,-25.0,-12.0,-61.0,-284.0
-7.0,299.0,16.0,70.0,57.0,81.0,-52.0,70.0,-107.0,-271.0
-77.0,247.0,-32.0,133.0,39.0,33.0,18.0,216.0,-147.0,-212.0
-143.0,257.0,-64.0,176.0,32.0,-37.0,-10.0,134.0,-173.0,-129.0
-194.0,428.0,-116.0,191.0,26.0,-78.0,-183.0,216.0,-198.0,-24.0
-243.0,708.0,-173.0,241.0,18.0,-157.0,-363.0,75.0,-221.0,85.0
-295.0,1011.0,-210.0,292.0,4.0,-162.0,-364.0,-129.0,-219.0,192.0
-350.0,1268.0,-280.0,312.0,-8.0,-110.0,-164.0,-164.0,-210.0,261.0
-386.0,1395.0,-314.0,345.0,-11.0,-99.0,-24.0,-247.0,-200.0,300.0
-425.0,1310.0,-379.0,365.0,-1.0,-129.0,-129.0,-99.0,-165.0,294.0
-453.0,982.0,-412.0,417.0,21.0,-139.0,-350.0,-60.0,-96.0,259.0
-488.0,518.0,-453.0,493.0,34.0,-131.0,-460.0,-51.0,-15.0,202.0
-498.0,61.0,-463.0,550.0,32.0,-217.0,-486.0,5.0,55.0,120.0
-492.0,-348.0,-442.0,574.0,32.0,-317.0,-422.0,-3.0,119.0,59.0
-485.0,-710.0,-468.0,567.0,40.0,-294.0,-194.0,22.0,161.0,3.0
-459.0,-957.0,-376.0,581.0,49.0,-209.0,40.0,16.0,166.0,-35.0
-455.0,-1038.0,-355.0,597.0,46.0,-230.0,-59.0,90.0,140.0,-55.0
-437.0,-967.0,-288.0,594.0,27.0,-335.0,-480.0,9.0,86.0,-59.0
-420.0,-834.0,-187.0,623.0,-4.0,-308.0,-587.0,-31.0,24.0,-54.0
-392.0,-687.0,-150.0,678.0,-49.0,-164.0,-206.0,-129.0,-44.0,-68.0
-354.0,-449.0,-18.0,698.0,-95.0,-126.0,266.0,-243.0,-123.0,-71.0
-303.0,-105.0,37.0,668.0,-124.0,-194.0,507.0,-129.0,-179.0,-54.0
-264.0,259.0,123.0,608.0,-123.0,-164.0,220.0,-210.0,-227.0,-43.0
-229.0,480.0,217.0,541.0,-101.0,-128.0,-292.0,-169.0,-262.0,-42.0
-182.0,440.0,289.0,452.0,-81.0,-196.0,-448.0,-190.0,-277.0,-35.0
-155.0,205.0,340.0,352.0,-75.0,-290.0,-188.0,-264.0,-274.0,-39.0
-113.0,-124.0,382.0,245.0,-78.0,-320.0,239.0,-227.0,-228.0,-64.0
-81.0,-497.0,449.0,124.0,-72.0,-227.0,472.0,-295.0,-160.0,-92.0
-37.0,-821.0,428.0,24.0,-45.0,-202.0,354.0,-212.0,-92.0,-101.0
-5.0,-991.0,493.0,-62.0,4.0,-219.0,14.0,-123.0,-31.0,-110.0
12.0,-990.0,504.0,-155.0,57.0,-180.0,-223.0,0.0,26.0,-119.0
50.0,-852.0,469.0,-247.0,96.0,-177.0,-186.0,48.0,77.0,-96.0
89.0,-618.0,517.0,-325.0,114.0,-167.0,-56.0,25.0,122.0,-71.0
142.0,-310.0,479.0,-373.0,115.0,-139.0,56.0,48.0,180.0,-46.0
200.0,0.0,482.0,-393.0,104.0,-104.0,59.0,-92.0,225.0,-20.0
254.0,235.0,498.0,-420.0,95.0,-73.0,-48.0,-97.0,260.0,11.0
297.0,394.0,474.0,-454.0,86.0,-35.0,-40.0,-121.0,292.0,32.0
332.0,474.0,483.0,-448.0,76.0,0.0,35.0,-116.0,286.0,10.0
371.0,493.0,453.0,-456.0,71.0,0.0,37.0,-5.0,252.0,7.0
400.0,527.0,447.0,-522.0,62.0,-51.0,134.0,-20.0,215.0,10.0
420.0,682.0,447.0,-573.0,36.0,-16.0,187.0,96.0,168.0,-12.0
457.0,924.0,433.0,-596.0,6.0,49.0,-7.0,73.0,104.0,-33.0
489.0,1021.0,444.0,-608.0,-11.0,13.0,-126.0,70.0,45.0,-46.0
540.0,767.0,429.0,-600.0,-3.0,6.0,9.0,109.0,6.0,-74.0
574.0,232.0,459.0,-572.0,30.0,-7.0,155.0,40.0,-37.0,-123.0
593.0,-326.0,455.0,-512.0,67.0,40.0,169.0,103.0,-88.0,-180.0
609.0,-715.0,465.0,-402.0,105.0,37.0,188.0,42.0,-149.0,-234.0
587.0,-793.0,491.0,-269.0,146.0,-77.0,239.0,72.0,-214.0,-266.0
555.0,-537.0,459.0,-148.0,183.0,-100.0,154.0,90.0,-272.0,-285.0
498.0,-41.0,453.0,-32.0,199.0,-94.0,-47.0,127.0,-328.0,-272.0
437.0,542.0,411.0,63.0,183.0,-86.0,-71.0,175.0,-364.0,-230.0
360.0,1023.0,387.0,122.0,145.0,-112.0,201.0,31.0,-377.0,-180.0
289.0,1241.0,332.0,183.0,95.0,-81.0,425.0,40.0,-368.0,-117.0
222.0,1170.0,286.0,233.0,38.0,-40.0,350.0,-57.0,-337.0,-37.0
160.0,911.0,240.0,280.0,-19.0,-51.0,3.0,-68.0,-295.0,47.0
86.0,512.0,179.0,328.0,-64.0,-34.0,-322.0,40.0,-229.0,130.0
1.0,10.0,162.0,328.0,-90.0,-39.0,-272.0,90.0,-137.0,225.0
-65.0,-455.0,126.0,303.0,-103.0,-117.0,-47.0,182.0,-49.0,310.0
-149.0,-767.0,125.0,256.0,-106.0,-184.0,106.0,142.0,32.0,381.0
-217.0,-925.0,116.0,190.0,-105.0,-90.0,208.0,138.0,116.0,432.0
-297.0,-949.0,139.0,135.0,-107.0,-71.0,199.0,46.0,187.0,475.0
-347.0,-837.0,131.0,86.0,-117.0,-159.0,-83.0,60.0,246.0,492.0
-383.0,-628.0,141.0,20.0,-132.0,-166.0,-430.0,120.0,297.0,469.0
-400.0,-368.0,157.0,-46.0,-150.0,-106.0,-456.0,3.0,343.0,443.0
-405.0,-138.0,141.0,-68.0,-171.0,-63.0,-266.0,22.0,377.0,390.0
-421.0,-35.0,167.0,-58.0,-194.0,-139.0,38.0,-64.0,383.0,329.0
-427.0,-99.0,115.0,-49.0,-217.0,-162.0,388.0,-27.0,386.0,262.0
-468.0,-313.0,128.0,-26.0,-230.0,-132.0,464.0,55.0,386.0,175.0
-480.0,-633.0,101.0,6.0,-239.0,-171.0,74.0,62.0,338.0,106.0
-505.0,-973.0,58.0,56.0,-246.0,-266.0,-383.0,129.0,287.0,8.0
-518.0,-1140.0,73.0,117.0,-223.0,-270.0,-300.0,42.0,238.0,-93.0
-516.0,-1012.0,36.0,163.0,-162.0,-198.0,116.0,40.0,194.0,-178.0
-498.0,-642.0,16.0,191.0,-79.0,-222.0,165.0,-29.0,176.0,-265.0
-463.0,-173.0,-8.0,193.0,6.0,-199.0,-122.0,-84.0,139.0,-311.0
-422.0,324.0,-32.0,179.0,79.0,-133.0,-210.0,-177.0,113.0,-345.0
-353.0,839.0,-89.0,144.0,134.0,-170.0,-51.0,-297.0,76.0,-340.0
-287.0,1252.0,-129.0,95.0,157.0,-251.0,84.0,-158.0,37.0,-297.0
-192.0,1443.0,-165.0,58.0,139.0,-243.0,51.0,-194.0,26.0,-267.0
-108.0,1384.0,-213.0,0.0,95.0,-166.0,-154.0,-114.0,13.0,-228.0
-14.0,1204.0,-280.0,-69.0,57.0,-50.0,-440.0,-66.0,20.0,-189.0
46.0,1064.0,-292.0,-97.0,39.0,-44.0,-528.0,-107.0,34.0,-176.0
102.0,896.0,-288.0,-117.0,28.0,-18.0,-224.0,-35.0,39.0,-202.0
155.0,566.0,-398.0,-105.0,5.0,119.0,152.0,-229.0,63.0,-225.0
182.0,149.0,-362.0,-55.0,-24.0,39.0,191.0,-297.0,93.0,-240.0
209.0,-215.0,-257.0,-24.0,-43.0,-35.0,-54.0,-356.0,128.0,-267.0
229.0,-565.0,-176.0,-6.0,-56.0,-10.0,-271.0,-354.0,181.0,-265.0
279.0,-929.0,-118.0,4.0,-65.0,58.0,-385.0,-254.0,236.0,-240.0
292.0,-1200.0,-182.0,-8.0,-57.0,118.0,-321.0,-280.0,272.0,-198.0
326.0,-1292.0,-169.0,-60.0,-27.0,100.0,24.0,-162.0,299.0,-160.0
349.0,-1178.0,-170.0,-127.0,20.0,158.0,303.0,-157.0,319.0,-133.0
358.0,-931.0,-238.0,-199.0,62.0,133.0,102.0,-62.0,296.0,-82.0
376.0,-702.0,-155.0,-262.0,95.0,103.0,-319.0,57.0,259.0,-67.0
365.0,-558.0,-71.0,-304.0,120.0,182.0,-348.0,110.0,201.0,-76.0
367.0,-444.0,-28.0,-314.0,139.0,208.0,-87.0,186.0,125.0,-76.0
357.0,-279.0,55.0,-321.0,149.0,119.0,-22.0,105.0,56.0,-72.0
357.0,-83.0,85.0,-365.0,151.0,51.0,-96.0,164.0,-30.0,-72.0
354.0,10.0,125.0,-433.0,155.0,196.0,-66.0,105.0,-125.0,-102.0
333.0,-8.0,83.0,-515.0,161.0,323.0,-44.0,55.0,-230.0,-89.0
298.0,-47.0,122.0,-542.0,151.0,262.0,-114.0,59.0,-323.0,-54.0
256.0,-74.0,219.0,-511.0,104.0,237.0,-64.0,-134.0,-400.0,-63.0
197.0,-123.0,64.0,-484.0,33.0,329.0,-53.0,-120.0,-468.0,-53.0
144.0,-250.0,60.0,-459.0,-29.0,427.0,-379.0,-140.0,-525.0,-18.0
108.0,-445.0,181.0,-443.0,-68.0,373.0,-674.0,-123.0,-569.0,7.0
58.0,-620.0,100.0,-405.0,-80.0,265.0,-480.0,-42.0,-590.0,26.0
16.0,-671.0,49.0,-304.0,-72.0,323.0,9.0,5.0,-584.0,81.0
-36.0,-578.0,137.0,-157.0,-39.0,373.0,244.0,173.0,-546.0,161.0
-88.0,-394.0,126.0,-26.0,1.0,298.0,-6.0,197.0,-474.0,208.0
-134.0,-123.0,86.0,89.0,17.0,267.0,-439.0,177.0,-373.0,246.0
-171.0,168.0,148.0,167.0,0.0,256.0,-640.0,97.0,-234.0,306.0
-206.0,372.0,206.0,242.0,-38.0,165.0,-391.0,96.0,-81.0,333.0
-222.0,512.0,191.0,314.0,-77.0,174.0,-10.0,179.0,59.0,334.0
-250.0,631.0,135.0,301.0,-117.0,303.0,-124.0,243.0,207.0,347.0
-293.0,687.0,195.0,298.0,-160.0,381.0,-514.0,277.0,340.0,356.0
-337.0,651.0,218.0,298.0,-202.0,367.0,-624.0,116.0,466.0,356.0
-398.0,531.0,212.0,297.0,-228.0,265.0,-529.0,96.0,574.0,353.0
-439.0,352.0,274.0,318.0,-230.0,248.0,-521.0,20.0,642.0,382.0
-483.0,200.0,319.0,342.0,-212.0,285.0,-479.0,40.0,681.0,430.0
-496.0,168.0,383.0,376.0,-178.0,250.0,-271.0,181.0,686.0,467.0
-500.0,193.0,397.0,397.0,-133.0,244.0,-215.0,112.0,687.0,516.0
-468.0,155.0,451.0,434.0,-79.0,281.0,-263.0,140.0,655.0,594.0
-417.0,50.0,533.0,475.0,-16.0,321.0,-135.0,68.0,590.0,674.0
-394.0,-47.0,508.0,519.0,49.0,331.0,-121.0,49.0,522.0,727.0
-359.0,-85.0,558.0,565.0,112.0,309.0,-386.0,36.0,443.0,795.0
-338.0,-97.0,587.0,590.0,160.0,252.0,-490.0,36.0,359.0,852.0
-302.0,-127.0,495.0,561.0,186.0,205.0,-306.0,169.0,270.0,875.0
-270.0,-131.0,501.0,486.0,190.0,230.0,-236.0,129.0,195.0,861.0
-229.0,-73.0,465.0,424.0,186.0,287.0,-282.0,254.0,106.0,825.0
-170.0,1.0,444.0,385.0,189.0,303.0,-207.0,254.0,-1.0,778.0
-120.0,69.0,465.0,353.0,200.0,203.0,-231.0,212.0,-109.0,688.0
-74.0,128.0,431.0,301.0,208.0,181.0,-451.0,290.0,-224.0,589.0
-38.0,172.0,413.0,235.0,212.0,318.0,-407.0,208.0,-344.0,481.0
-15.0,168.0,350.0,166.0,208.0,339.0,-52.0,282.0,-447.0,376.0
-14.0,51.0,336.0,102.0,197.0,229.0,115.0,321.0,-534.0,268.0
-6.0,-77.0,300.0,92.0,199.0,169.0,-90.0,356.0,-614.0,178.0
-13.0,-57.0,242.0,120.0,219.0,189.0,-313.0,323.0,-672.0,107.0
-30.0,81.0,236.0,151.0,248.0,182.0,-247.0,199.0,-699.0,18.0
-50.0,269.0,224.0,188.0,266.0,176.0,-84.0,164.0,-689.0,-48.0
-75.0,450.0,168.0,211.0,259.0,277.0,-2.0,11.0,-663.0,-93.0
-95.0,553.0,155.0,225.0,225.0,361.0,44.0,9.0,-609.0,-128.0
-125.0,579.0,166.0,215.0,172.0,328.0,-24.0,11.0,-520.0,-169.0
-163.0,538.0,100.0,157.0,106.0,289.0,-150.0,18.0,-447.0,-183.0
-190.0,404.0,141.0,76.0,35.0,294.0,-16.0,134.0,-377.0,-150.0
-208.0,200.0,133.0,-5.0,-25.0,314.0,233.0,84.0,-307.0,-121.0
-234.0,16.0,91.0,-82.0,-60.0,317.0,198.0,105.0,-277.0,-97.0
-241.0,-128.0,115.0,-185.0,-56.0,308.0,-76.0,103.0,-254.0,-62.0
-224.0,-248.0,112.0,-262.0,-25.0,282.0,-330.0,168.0,-241.0,-33.0
-202.0,-301.0,128.0,-257.0,5.0,201.0,-356.0,258.0,-248.0,-36.0
-176.0,-236.0,106.0,-241.0,18.0,113.0,-200.0,218.0,-257.0,-38.0
-141.0,-73.0,153.0,-236.0,9.0,145.0,-42.0,317.0,-283.0,-22.0
-108.0,78.0,165.0,-224.0,-17.0,179.0,6.0,349.0,-325.0,-12.0
-84.0,179.0,140.0,-216.0,-51.0,75.0,-77.0,271.0,-371.0,-13.0
-66.0,299.0,174.0,-210.0,-82.0,52.0,-233.0,96.0,-422.0,17.0
-59.0,467.0,162.0,-215.0,-102.0,125.0,-341.0,-40.0,-457.0,54.0
-58.0,605.0,136.0,-238.0,-116.0,127.0,-238.0,-144.0,-479.0,52.0
-56.0,589.0,130.0,-243.0,-123.0,64.0,-81.0,-277.0,-465.0,59.0
-55.0,424.0,136.0,-221.0,-129.0,57.0,-14.0,-297.0,-429.0,78.0
-58.0,228.0,79.0,-214.0,-145.0,150.0,-20.0,-454.0,-375.0,96.0
-55.0,93.0,57.0,-233.0,-162.0,77.0,-143.0,-439.0,-304.0,98.0
-62.0,-1.0,88.0,-281.0,-160.0,-57.0,-274.0,-345.0,-231.0,103.0
-65.0,-133.0,58.0,-365.0,-126.0,9.0,-283.0,-363.0,-168.0,127.0
-60.0,-246.0,54.0,-403.0,-76.0,68.0,-39.0,-330.0,-120.0,121.0
-48.0,-287.0,76.0,-375.0,-37.0,47.0,167.0,-454.0,-47.0,128.0
-21.0,-338.0,58.0,-333.0,-17.0,-12.0,-84.0,-402.0,13.0,159.0
28.0,-460.0,117.0,-301.0,-7.0,-2.0,-332.0,-330.0,68.0,175.0
78.0,-634.0,129.0,-306.0,1.0,68.0,-76.0,-249.0,132.0,179.0
127.0,-805.0,99.0,-346.0,8.0,26.0,229.0,-109.0,178.0,164.0
185.0,-917.0,193.0,-415.0,8.0,10.0,168.0,-157.0,223.0,180.0
227.0,-956.0,175.0,-465.0,2.0,58.0,54.0,-84.0,253.0,183.0
282.0,-880.0,163.0,-452.0,-8.0,97.0,25.0,-195.0,280.0,161.0
328.0,-618.0,192.0,-405.0,-32.0,81.0,16.0,-321.0,294.0,175.0
374.0,-209.0,163.0,-391.0,-72.0,80.0,66.0,-341.0,296.0,198.0
394.0,129.0,157.0,-403.0,-115.0,147.0,-29.0,-432.0,293.0,214.0
397.0,188.0,126.0,-442.0,-146.0,127.0,-258.0,-412.0,272.0,233.0
390.0,28.0,107.0,-494.0,-151.0,91.0,-299.0,-491.0,253.0,276.0
354.0,-123.0,27.0,-532.0,-132.0,116.0,-26.0,-511.0,220.0,321.0
333.0,-128.0,-26.0,-560.0,-92.0,135.0,294.0,-509.0,182.0,353.0
313.0,-31.0,-61.0,-547.0,-31.0,93.0,193.0,-402.0,149.0,386.0
288.0,82.0,-189.0,-515.0,29.0,60.0,-300.0,-275.0,120.0,420.0
241.0,181.0,-298.0,-439.0,70.0,98.0,-526.0,-269.0,112.0,427.0
204.0,230.0,-363.0,-338.0,78.0,131.0,-294.0,-214.0,107.0,409.0
158.0,225.0,-399.0,-233.0,58.0,89.0,-68.0,-308.0,108.0,409.0
108.0,148.0,-455.0,-97.0,25.0,64.0,29.0,-264.0,119.0,405.0
66.0,-11.0,-472.0,-1.0,-20.0,177.0,23.0,-314.0,139.0,392.0
14.0,-216.0,-465.0,78.0,-71.0,196.0,-166.0,-343.0,150.0,381.0
-18.0,-374.0,-458.0,165.0,-128.0,109.0,-361.0,-223.0,167.0,365.0
-74.0,-426.0,-426.0,218.0,-184.0,129.0,-288.0,-382.0,202.0,341.0
-118.0,-417.0,-406.0,226.0,-216.0,194.0,-71.0,-402.0,227.0,311.0
-159.0,-354.0,-360.0,232.0,-218.0,196.0,42.0,-458.0,274.0,259.0
-195.0,-209.0,-283.0,241.0,-196.0,154.0,45.0,-428.0,329.0,198.0
-238.0,-10.0,-217.0,279.0,-160.0,240.0,-95.0,-308.0,389.0,124.0
-259.0,204.0,-145.0,373.0,-115.0,318.0,-177.0,-388.0,465.0,33.0
-252.0,479.0,-45.0,454.0,-69.0,278.0,-76.0,-328.0,522.0,-67.0
-257.0,862.0,40.0,512.0,-27.0,288.0,65.0,-349.0,558.0,-176.0
-235.0,1204.0,127.0,531.0,9.0,261.0,129.0,-303.0,572.0,-253.0
-208.0,1319.0,200.0,548.0,38.0,196.0,70.0,-249.0,564.0,-317.0
-182.0,1211.0,264.0,555.0,55.0,141.0,-12.0,-229.0,522.0,-340.0
-171.0,980.0,310.0,504.0,54.0,137.0,-91.0,-160.0,459.0,-297.0
-134.0,687.0,333.0,453.0,35.0,209.0,-199.0,-253.0,385.0,-202.0
-92.0,372.0,374.0,399.0,7.0,184.0,-367.0,-205.0,282.0,-67.0
-76.0,60.0,403.0,306.0,-14.0,140.0,-542.0,-232.0,153.0,72.0
-67.0,-170.0,372.0,209.0,-28.0,231.0,-516.0,-168.0,1.0,228.0
-64.0,-265.0,333.0,168.0,-41.0,286.0,-111.0,-49.0,-145.0,352.0
-31.0,-321.0,330.0,143.0,-46.0,177.0,367.0,-134.0,-291.0,450.0
-16.0,-432.0,260.0,101.0,-35.0,91.0,485.0,-142.0,-437.0,533.0
-17.0,-607.0,229.0,52.0,-6.0,165.0,288.0,-334.0,-555.0,597.0
-16.0,-811.0,216.0,8.0,33.0,250.0,-46.0,-373.0,-653.0,658.0
2.0,-994.0,168.0,3.0,72.0,161.0,-277.0,-356.0,-738.0,714.0
21.0,-1179.0,149.0,12.0,110.0,-2.0,-219.0,-330.0,-781.0,783.0
13.0,-1349.0,115.0,33.0,151.0,-18.0,12.0,-131.0,-779.0,838.0
-4.0,-1410.0,60.0,77.0,197.0,52.0,121.0,-73.0,-753.0,875.0
-48.0,-1294.0,19.0,109.0,241.0,101.0,84.0,182.0,-703.0,886.0
-76.0,-1025.0,2.0,125.0,282.0,52.0,108.0,242.0,-639.0,872.0
-105.0,-703.0,-67.0,128.0,313.0,-37.0,121.0,147.0,-586.0,836.0
-138.0,-401.0,-89.0,121.0,326.0,-47.0,0.0,75.0,-551.0,784.0
-152.0,-99.0,-141.0,121.0,318.0,-8.0,-160.0,-129.0,-530.0,734.0
-150.0,255.0,-197.0,97.0,296.0,93.0,-146.0,-136.0,-488.0,659.0
-153.0,581.0,-164.0,17.0,276.0,89.0,-51.0,-232.0,-441.0,585.0
-200.0,731.0,-208.0,-79.0,259.0,-36.0,10.0,-271.0,-402.0,504.0
-241.0,686.0,-169.0,-166.0,232.0,-17.0,133.0,-277.0,-343.0,409.0
-275.0,523.0,-138.0,-264.0,184.0,83.0,172.0,-375.0,-283.0,329.0
-315.0,322.0,-134.0,-371.0,126.0,62.0,-20.0,-410.0,-232.0,233.0
-349.0,162.0,-116.0,-470.0,85.0,-31.0,-423.0,-452.0,-203.0,136.0
-361.0,116.0,-118.0,-517.0,64.0,-8.0,-704.0,-334.0,-179.0,47.0
-345.0,198.0,-82.0,-528.0,47.0,138.0,-488.0,-290.0,-139.0,-54.0
-345.0,403.0,-140.0,-505.0,22.0,197.0,-51.0,-234.0,-80.0,-134.0
-340.0,701.0,-142.0,-449.0,-6.0,127.0,-15.0,-236.0,8.0,-203.0
-329.0,953.0,-134.0,-421.0,-26.0,135.0,-288.0,-245.0,119.0,-259.0
-316.0,1017.0,-174.0,-390.0,-35.0,152.0,-227.0,-149.0,258.0,-272.0
-311.0,956.0,-163.0,-378.0,-40.0,87.0,4.0,-343.0,384.0,-252.0
-313.0,890.0,-176.0,-384.0,-50.0,11.0,-84.0,-306.0,496.0,-224.0
-286.0,843.0,-144.0,-387.0,-64.0,18.0,-350.0,-286.0,604.0,-187.0
-237.0,838.0,-131.0,-398.0,-79.0,62.0,-364.0,-351.0,672.0,-128.0
-168.0,832.0,-90.0,-366.0,-89.0,-25.0,-214.0,-288.0,714.0,-87.0
-128.0,731.0,-30.0,-355.0,-92.0,-1.0,-236.0,-467.0,742.0,-54.0
-98.0,496.0,-58.0,-383.0,-89.0,86.0,-221.0,-450.0,731.0,-8.0
-54.0,169.0,1.0,-372.0,-81.0,38.0,-151.0,-480.0,681.0,37.0
0.0,-137.0,4.0,-307.0,-71.0,-11.0,-173.0,-461.0,616.0,69.0
46.0,-329.0,-3.0,-193.0,-58.0,-39.0,-109.0,-369.0,553.0,93.0
73.0,-357.0,30.0,-69.0,-36.0,-1.0,46.0,-450.0,484.0,126.0
120.0,-242.0,0.0,34.0,-6.0,14.0,160.0,-445.0,382.0,147.0
179.0,-124.0,18.0,135.0,24.0,-30.0,134.0,-580.0,266.0,172.0
216.0,-51.0,1.0,207.0,53.0,2.0,-57.0,-602.0,137.0,207.0
237.0,78.0,32.0,261.0,81.0,33.0,-211.0,-602.0,-4.0,228.0
276.0,301.0,3.0,322.0,102.0,15.0,-37.0,-606.0,-126.0,236.0
309.0,520.0,-10.0,359.0,106.0,18.0,273.0,-548.0,-242.0,234.0
351.0,625.0,50.0,387.0,89.0,-14.0,331.0,-655.0,-351.0,226.0
373.0,612.0,25.0,380.0,71.0,-29.0,154.0,-624.0,-447.0,228.0
363.0,510.0,63.0,323.0,58.0,-31.0,-173.0,-633.0,-524.0,235.0
354.0,315.0,113.0,258.0,42.0,-73.0,-488.0,-600.0,-560.0,259.0
336.0,39.0,139.0,193.0,17.0,-104.0,-495.0,-524.0,-586.0,321.0
318.0,-232.0,163.0,146.0,-12.0,-156.0,-197.0,-504.0,-612.0,385.0
271.0,-397.0,149.0,121.0,-38.0,-164.0,101.0,-328.0,-617.0,453.0
222.0,-472.0,130.0,114.0,-66.0,-159.0,123.0,-290.0,-613.0,525.0
171.0,-513.0,121.0,125.0,-102.0,-227.0,29.0,-254.0,-585.0,554.0
115.0,-592.0,74.0,125.0,-148.0,-347.0,12.0,-334.0,-534.0,541.0
32.0,-767.0,35.0,102.0,-189.0,-409.0,-124.0,-417.0,-479.0,509.0
-65.0,-986.0,12.0,75.0,-209.0,-350.0,-204.0,-443.0,-444.0,455.0
-149.0,-1123.0,-25.0,-2.0,-207.0,-319.0,38.0,-617.0,-429.0,392.0
-229.0,-1081.0,-58.0,-111.0,-187.0,-388.0,252.0,-594.0,-424.0,321.0
-303.0,-822.0,-82.0,-206.0,-158.0,-378.0,287.0,-593.0,-439.0,254.0
-376.0,-333.0,-117.0,-315.0,-126.0,-291.0,293.0,-432.0,-453.0,215.0
-406.0,262.0,-198.0,-410.0,-98.0,-342.0,202.0,-232.0,-472.0,181.0
-440.0,745.0,-212.0,-487.0,-68.0,-369.0,151.0,-120.0,-490.0,173.0
-462.0,994.0,-246.0,-553.0,-39.0,-297.0,229.0,79.0,-504.0,210.0
-487.0,1017.0,-319.0,-587.0,-16.0,-246.0,57.0,0.0,-505.0,269.0
-518.0,918.0,-317.0,-584.0,-5.0,-331.0,-269.0,-46.0,-486.0,348.0
-528.0,782.0,-336.0,-588.0,2.0,-435.0,-96.0,-107.0,-470.0,440.0
-536.0,637.0,-349.0,-621.0,22.0,-291.0,416.0,-169.0,-443.0,548.0
-511.0,517.0,-369.0,-659.0,53.0,-187.0,532.0,-173.0,-403.0,629.0
-502.0,452.0,-367.0,-670.0,75.0,-256.0,256.0,-258.0,-340.0,672.0
-478.0,387.0,-362.0,-629.0,76.0,-275.0,62.0,-153.0,-259.0,717.0
-463.0,295.0,-377.0,-539.0,64.0,-163.0,84.0,-195.0,-181.0,740.0
-444.0,323.0,-324.0,-432.0,41.0,-20.0,160.0,-247.0,-70.0,742.0
-409.0,487.0,-335.0,-350.0,6.0,-66.0,88.0,-284.0,52.0,750.0
-387.0,575.0,-288.0,-301.0,-31.0,-162.0,-47.0,-388.0,161.0,763.0
-333.0,523.0,-240.0,-281.0,-68.0,-98.0,15.0,-352.0,283.0,782.0
-278.0,402.0,-245.0,-246.0,-92.0,-9.0,223.0,-412.0,386.0,798.0
-212.0,213.0,-183.0,-190.0,-96.0,-56.0,392.0,-389.0,473.0,800.0
-146.0,-18.0,-196.0,-124.0,-88.0,-123.0,318.0,-382.0,545.0,787.0
-75.0,-193.0,-166.0,-65.0,-80.0,-33.0,141.0,-341.0,598.0,737.0
-12.0,-240.0,-139.0,-28.0,-76.0,42.0,398.0,-188.0,627.0,658.0
40.0,-190.0,-121.0,-4.0,-67.0,12.0,717.0,-151.0,627.0,557.0
86.0,-61.0,-48.0,0.0,-46.0,50.0,477.0,-79.0,615.0,424.0
123.0,129.0,-13.0,33.0,-20.0,75.0,166.0,-42.0,576.0,278.0
147.0,227.0,44.0,74.0,3.0,-18.0,165.0,40.0,529.0,129.0
163.0,104.0,95.0,83.0,30.0,-73.0,342.0,-11.0,472.0,1.0
203.0,-171.0,127.0,90.0,59.0,-47.0,462.0,-145.0,388.0,-102.0
234.0,-456.0,165.0,84.0,89.0,-54.0,324.0,-182.0,293.0,-186.0
273.0,-651.0,208.0,66.0,119.0,-48.0,273.0,-269.0,212.0,-242.0
300.0,-653.0,248.0,51.0,147.0,-4.0,382.0,-242.0,146.0,-286.0
324.0,-425.0,303.0,35.0,163.0,89.0,310.0,-334.0,85.0,-348.0
325.0,-92.0,347.0,39.0,162.0,140.0,176.0,-365.0,52.0,-410.0
310.0,170.0,377.0,78.0,155.0,83.0,282.0,-354.0,20.0,-470.0
313.0,305.0,455.0,133.0,155.0,121.0,481.0,-498.0,0.0,-546.0
309.0,336.0,499.0,210.0,158.0,114.0,366.0,-480.0,-1.0,-611.0
308.0,291.0,542.0,293.0,153.0,2.0,-46.0,-554.0,4.0,-649.0
280.0,205.0,590.0,374.0,147.0,-32.0,-346.0,-561.0,17.0,-659.0
258.0,39.0,569.0,468.0,151.0,-18.0,-78.0,-552.0,11.0,-660.0
227.0,-208.0,575.0,519.0,155.0,17.0,557.0,-607.0,12.0,-618.0
194.0,-421.0,546.0,525.0,149.0,-29.0,663.0,-524.0,11.0,-541.0
160.0,-520.0,491.0,521.0,126.0,-111.0,212.0,-572.0,9.0,-455.0
132.0,-497.0,465.0,499.0,97.0,-136.0,-4.0,-517.0,-6.0,-355.0
102.0,-399.0,414.0,429.0,66.0,-164.0,252.0,-474.0,-34.0,-255.0
55.0,-305.0,392.0,311.0,28.0,-169.0,560.0,-456.0,-55.0,-152.0
20.0,-269.0,357.0,171.0,-21.0,-140.0,474.0,-399.0,-102.0,-63.0
-25.0,-254.0,336.0,0.0,-76.0,-83.0,157.0,-502.0,-157.0,-5.0
-54.0,-247.0,316.0,-152.0,-112.0,-77.0,113.0,-506.0,-221.0,47.0
-98.0,-261.0,301.0,-276.0,-126.0,-124.0,377.0,-502.0,-286.0,79.0
-147.0,-212.0,285.0,-384.0,-127.0,-94.0,313.0,-393.0,-337.0,75.0
-192.0,-122.0,248.0,-444.0,-119.0,-102.0,-229.0,-336.0,-383.0,58.0
-239.0,-89.0,235.0,-463.0,-97.0,-199.0,-381.0,-369.0,-403.0,37.0
-267.0,-84.0,167.0,-467.0,-54.0,-239.0,111.0,-352.0,-400.0,33.0
-286.0,-55.0,120.0,-442.0,3.0,-203.0,621.0,-367.0,-374.0,48.0
-289.0,51.0,83.0,-404.0,53.0,-187.0,755.0,-279.0,-336.0,75.0
-271.0,326.0,20.0,-361.0,87.0,-219.0,562.0,-317.0,-287.0,107.0
-227.0,722.0,-9.0,-276.0,118.0,-202.0,342.0,-264.0,-226.0,139.0
-192.0,1029.0,-61.0,-193.0,146.0,-177.0,289.0,-258.0,-182.0,179.0
-149.0,1094.0,-93.0,-138.0,169.0,-174.0,207.0,-345.0,-141.0,208.0
-104.0,932.0,-128.0,-117.0,180.0,-141.0,-15.0,-232.0,-111.0,225.0
-53.0,653.0,-208.0,-124.0,185.0,-73.0,-79.0,-210.0,-115.0,223.0
-10.0,376.0,-235.0,-138.0,197.0,-68.0,172.0,-97.0,-141.0,207.0
30.0,193.0,-291.0,-173.0,207.0,-177.0,384.0,-81.0,-158.0,189.0
80.0,98.0,-337.0,-190.0,205.0,-197.0,300.0,-140.0,-161.0,179.0
97.0,31.0,-322.0,-192.0,188.0,-84.0,127.0,-149.0,-140.0,180.0
127.0,-74.0,-367.0,-200.0,173.0,-41.0,29.0,-242.0,-89.0,193.0
144.0,-256.0,-354.0,-217.0,157.0,-113.0,15.0,-177.0,-41.0,221.0
159.0,-418.0,-352.0,-238.0,140.0,-127.0,99.0,-160.0,26.0,268.0
168.0,-499.0,-370.0,-220.0,115.0,-64.0,322.0,-86.0,133.0,320.0
171.0,-581.0,-351.0,-197.0,80.0,-43.0,515.0,-38.0,250.0,363.0
174.0,-686.0,-386.0,-167.0,42.0,-38.0,395.0,-68.0,358.0,385.0
157.0,-699.0,-392.0,-118.0,1.0,-14.0,14.0,88.0,438.0,384.0
144.0,-561.0,-402.0,-113.0,-32.0,-6.0,-166.0,33.0,483.0,398.0
132.0,-380.0,-432.0,-165.0,-55.0,-79.0,206.0,35.0,516.0,389.0
136.0,-276.0,-441.0,-249.0,-73.0,-161.0,718.0,64.0,532.0,348.0
131.0,-268.0,-437.0,-328.0,-95.0,-81.0,694.0,-24.0,518.0,311.0
130.0,-276.0,-438.0,-370.0,-126.0,25.0,208.0,-7.0,476.0,265.0
134.0,-241.0,-438.0,-362.0,-157.0,-2.0,-43.0,-121.0,383.0,207.0
128.0,-205.0,-412.0,-290.0,-176.0,-14.0,235.0,-147.0,272.0,145.0
108.0,-220.0,-403.0,-202.0,-177.0,3.0,556.0,-169.0,166.0,106.0
79.0,-290.0,-403.0,-112.0,-168.0,-4.0,465.0,-177.0,67.0,59.0
57.0,-346.0,-366.0,17.0,-154.0,-14.0,303.0,-127.0,-25.0,-13.0
30.0,-343.0,-369.0,137.0,-135.0,-24.0,310.0,-90.0,-111.0,-97.0
16.0,-308.0,-353.0,204.0,-113.0,-26.0,172.0,-75.0,-190.0,-182.0
5.0,-226.0,-317.0,234.0,-98.0,-104.0,-71.0,-227.0,-279.0,-265.0
12.0,-113.0,-304.0,220.0,-101.0,-141.0,-126.0,-218.0,-358.0,-374.0
42.0,-24.0,-243.0,167.0,-123.0,-87.0,157.0,-269.0,-431.0,-448.0
85.0,47.0,-244.0,134.0,-154.0,-35.0,613.0,-216.0,-502.0,-508.0
129.0,102.0,-208.0,121.0,-183.0,56.0,801.0,-96.0,-567.0,-592.0
183.0,107.0,-174.0,88.0,-201.0,98.0,479.0,-206.0,-632.0,-627.0
258.0,56.0,-159.0,54.0,-205.0,99.0,191.0,-212.0,-701.0,-627.0
324.0,-20.0,-95.0,49.0,-186.0,96.0,336.0,-376.0,-772.0,-602.0
398.0,-47.0,-111.0,48.0,-142.0,66.0,375.0,-452.0,-809.0,-578.0
453.0,89.0,-58.0,13.0,-85.0,101.0,123.0,-471.0,-821.0,-528.0
500.0,328.0,-29.0,-21.0,-26.0,137.0,26.0,-513.0,-815.0,-445.0
539.0,448.0,-65.0,-30.0,29.0,82.0,228.0,-323.0,-777.0,-387.0
558.0,365.0,28.0,-9.0,77.0,42.0,307.0,-271.0,-708.0,-316.0
553.0,180.0,52.0,7.0,112.0,97.0,59.0,-206.0,-623.0,-232.0
551.0,-48.0,11.0,24.0,128.0,141.0,-123.0,-280.0,-534.0,-123.0
548.0,-321.0,50.0,36.0,125.0,84.0,82.0,-295.0,-445.0,-24.0
529.0,-493.0,27.0,20.0,105.0,34.0,487.0,-173.0,-384.0,55.0
543.0,-433.0,0.0,25.0,73.0,79.0,670.0,-232.0,-343.0,175.0
534.0,-248.0,-7.0,41.0,38.0,91.0,457.0,-97.0,-311.0,279.0
534.0,-88.0,-10.0,50.0,14.0,20.0,129.0,-173.0,-294.0,356.0
532.0,9.0,25.0,48.0,3.0,-19.0,22.0,-267.0,-274.0,429.0
509.0,39.0,-1.0,1.0,-9.0,-7.0,82.0,-151.0,-256.0,501.0
478.0,15.0,-9.0,-75.0,-21.0,10.0,157.0,-194.0,-251.0,560.0
426.0,-29.0,26.0,-140.0,-24.0,4.0,204.0,-127.0,-256.0,614.0
381.0,-122.0,-2.0,-186.0,-22.0,6.0,235.0,-77.0,-270.0,695.0
302.0,-185.0,5.0,-229.0,-26.0,32.0,93.0,-60.0,-277.0,803.0
218.0,-62.0,36.0,-266.0,-25.0,73.0,-236.0,-79.0,-255.0,928.0
136.0,195.0,55.0,-278.0,-12.0,116.0,-464.0,-44.0,-217.0,1030.0
57.0,389.0,76.0,-283.0,9.0,121.0,-311.0,20.0,-156.0,1141.0
-8.0,411.0,64.0,-315.0,33.0,87.0,273.0,7.0,-92.0,1227.0
-64.0,352.0,73.0,-327.0,45.0,36.0,691.0,110.0,-44.0,1237.0
-102.0,317.0,50.0,-318.0,37.0,31.0,509.0,75.0,10.0,1222.0
-139.0,265.0,-5.0,-286.0,17.0,80.0,26.0,136.0,64.0,1171.0
-159.0,85.0,-47.0,-257.0,-2.0,20.0,-294.0,169.0,136.0,1066.0
-191.0,-226.0,-88.0,-234.0,-26.0,-53.0,-193.0,88.0,223.0,909.0
-218.0,-484.0,-157.0,-185.0,-58.0,19.0,168.0,68.0,319.0,747.0
-221.0,-535.0,-209.0,-193.0,-87.0,113.0,382.0,-133.0,431.0,571.0
-194.0,-464.0,-245.0,-236.0,-105.0,165.0,431.0,-168.0,554.0,360.0
-148.0,-400.0,-323.0,-251.0,-118.0,156.0,411.0,-210.0,692.0,140.0
-90.0,-325.0,-350.0,-222.0,-140.0,156.0,163.0,-214.0,827.0,-60.0
-8.0,-185.0,-385.0,-164.0,-172.0,171.0,-8.0,-97.0,957.0,-243.0
44.0,10.0,-410.0,-79.0,-206.0,86.0,21.0,-3.0,1089.0,-422.0
93.0,162.0,-387.0,36.0,-219.0,55.0,-30.0,240.0,1201.0,-559.0
134.0,145.0,-385.0,133.0,-205.0,86.0,-87.0,260.0,1305.0,-678.0
163.0,24.0,-350.0,211.0,-182.0,45.0,-30.0,279.0,1381.0,-790.0
216.0,14.0,-317.0,288.0,-166.0,-66.0,33.0,212.0,1390.0,-880.0
253.0,83.0,-302.0,344.0,-158.0,-137.0,11.0,14.0,1352.0,-946.0
282.0,21.0,-251.0,397.0,-146.0,-48.0,62.0,62.0,1291.0,-1004.0
300.0,-156.0,-201.0,453.0,-123.0,62.0,178.0,-42.0,1188.0,-1085.0
303.0,-175.0,-150.0,460.0,-98.0,77.0,64.0,-114.0,1048.0,-1132.0
321.0,51.0,-66.0,443.0,-71.0,85.0,-270.0,-125.0,900.0,-1143.0
334.0,294.0,5.0,431.0,-36.0,159.0,-310.0,-157.0,754.0,-1149.0
365.0,419.0,84.0,384.0,0.0,100.0,-23.0,-53.0,627.0,-1131.0
399.0,496.0,141.0,287.0,17.0,-66.0,2.0,-79.0,500.0,-1080.0
407.0,545.0,170.0,207.0,22.0,-97.0,-132.0,-83.0,350.0,-997.0
419.0,588.0,213.0,132.0,36.0,-47.0,-152.0,-94.0,195.0,-924.0
433.0,652.0,220.0,27.0,60.0,-53.0,-121.0,-75.0,40.0,-858.0
435.0,645.0,229.0,-47.0,84.0,-121.0,-49.0,-79.0,-114.0,-772.0
427.0,571.0,252.0,-119.0,104.0,-45.0,14.0,-99.0,-260.0,-709.0
411.0,523.0,248.0,-160.0,121.0,37.0,59.0,-42.0,-399.0,-671.0
384.0,447.0,263.0,-155.0,132.0,-2.0,43.0,-73.0,-522.0,-627.0
364.0,325.0,288.0,-148.0,135.0,20.0,29.0,31.0,-617.0,-575.0
340.0,235.0,277.0,-120.0,127.0,-16.0,31.0,3.0,-696.0,-527.0
317.0,147.0,292.0,-113.0,103.0,-83.0,-81.0,3.0,-746.0,-495.0
303.0,16.0,297.0,-103.0,58.0,-123.0,-230.0,51.0,-763.0,-466.0
296.0,-114.0,258.0,-108.0,0.0,-158.0,-208.0,-62.0,-749.0,-433.0
300.0,-225.0,253.0,-158.0,-59.0,-144.0,-70.0,-75.0,-690.0,-411.0
287.0,-305.0,227.0,-193.0,-102.0,-214.0,-95.0,-230.0,-619.0,-389.0
263.0,-330.0,182.0,-201.0,-129.0,-193.0,-85.0,-284.0,-558.0,-337.0
233.0,-343.0,164.0,-201.0,-136.0,-31.0,46.0,-314.0,-467.0,-280.0
186.0,-430.0,146.0,-217.0,-118.0,-2.0,-1.0,-327.0,-363.0,-235.0
142.0,-666.0,130.0,-235.0,-83.0,-8.0,-162.0,-230.0,-251.0,-190.0
107.0,-957.0,86.0,-237.0,-43.0,-20.0,-202.0,-260.0,-139.0,-142.0
68.0,-1092.0,72.0,-251.0,-11.0,-25.0,-38.0,-197.0,-32.0,-93.0
49.0,-1090.0,38.0,-259.0,10.0,5.0,164.0,-206.0,76.0,-52.0
44.0,-1056.0,-7.0,-269.0,29.0,-14.0,190.0,-173.0,157.0,-7.0
49.0,-921.0,4.0,-286.0,47.0,8.0,-85.0,-66.0,228.0,31.0
72.0,-679.0,-21.0,-325.0,64.0,35.0,-362.0,70.0,249.0,45.0
108.0,-506.0,-23.0,-387.0,74.0,24.0,-280.0,194.0,230.0,41.0
166.0,-433.0,-52.0,-393.0,77.0,46.0,47.0,116.0,184.0,17.0
225.0,-315.0,-61.0,-368.0,73.0,129.0,350.0,194.0,100.0,-6.0
280.0,-60.0,-53.0,-330.0,77.0,208.0,287.0,162.0,37.0,-22.0
321.0,387.0,-64.0,-276.0,104.0,175.0,91.0,83.0,-20.0,-35.0
350.0,912.0,-14.0,-229.0,135.0,124.0,57.0,112.0,-84.0,-10.0
375.0,1196.0,0.0,-187.0,142.0,153.0,125.0,25.0,-153.0,7.0
384.0,1171.0,32.0,-131.0,119.0,159.0,318.0,142.0,-213.0,-14.0
391.0,1008.0,45.0,-45.0,99.0,124.0,316.0,88.0,-258.0,-22.0
403.0,745.0,42.0,34.0,103.0,212.0,-69.0,81.0,-294.0,-49.0
400.0,423.0,42.0,130.0,117.0,331.0,-475.0,293.0,-308.0,-130.0
390.0,283.0,18.0,202.0,125.0,365.0,-498.0,332.0,-310.0,-220.0
379.0,466.0,17.0,225.0,127.0,361.0,-110.0,386.0,-297.0,-307.0
362.0,809.0,3.0,223.0,134.0,340.0,431.0,325.0,-270.0,-425.0
334.0,1078.0,-56.0,186.0,151.0,399.0,646.0,393.0,-207.0,-542.0
289.0,1129.0,-87.0,149.0,177.0,425.0,263.0,469.0,-130.0,-628.0
250.0,974.0,-127.0,141.0,209.0,368.0,-269.0,415.0,-58.0,-703.0
194.0,764.0,-185.0,141.0,241.0,361.0,-439.0,303.0,28.0,-754.0
144.0,604.0,-185.0,142.0,256.0,344.0,-188.0,127.0,98.0,-789.0
94.0,543.0,-243.0,162.0,241.0,336.0,31.0,155.0,138.0,-781.0
27.0,569.0,-232.0,187.0,196.0,384.0,-140.0,77.0,178.0,-727.0
-23.0,598.0,-258.0,223.0,136.0,492.0,-388.0,96.0,213.0,-673.0
-62.0,590.0,-274.0,242.0,83.0,466.0,-347.0,136.0,232.0,-605.0
-96.0,540.0,-264.0,233.0,31.0,278.0,-76.0,53.0,244.0,-525.0
-130.0,496.0,-304.0,205.0,-24.0,253.0,94.0,44.0,237.0,-455.0
-128.0,516.0,-248.0,165.0,-81.0,329.0,-90.0,20.0,217.0,-396.0
-127.0,481.0,-292.0,131.0,-133.0,390.0,-456.0,221.0,185.0,-350.0
-130.0,271.0,-249.0,60.0,-165.0,465.0,-595.0,260.0,133.0,-303.0
-109.0,-1.0,-237.0,-30.0,-178.0,463.0,-310.0,339.0,58.0,-259.0
-78.0,-238.0,-217.0,-112.0,-181.0,354.0,37.0,439.0,-20.0,-231.0
-37.0,-542.0,-154.0,-203.0,-180.0,256.0,-34.0,347.0,-88.0,-192.0
16.0,-906.0,-173.0,-287.0,-177.0,252.0,-453.0,456.0,-149.0,-132.0
82.0,-1184.0,-71.0,-352.0,-159.0,298.0,-627.0,280.0,-190.0,-71.0
147.0,-1301.0,-89.0,-380.0,-131.0,225.0,-291.0,192.0,-216.0,-18.0
231.0,-1262.0,-37.0,-387.0,-116.0,131.0,-77.0,212.0,-237.0,56.0
305.0,-1129.0,0.0,-398.0,-129.0,182.0,-387.0,73.0,-249.0,129.0
372.0,-915.0,5.0,-344.0,-159.0,166.0,-778.0,138.0,-245.0,198.0
442.0,-706.0,89.0,-233.0,-171.0,137.0,-611.0,136.0,-212.0,259.0
497.0,-639.0,85.0,-128.0,-145.0,148.0,10.0,182.0,-158.0,309.0
534.0,-724.0,154.0,-6.0,-106.0,217.0,240.0,182.0,-84.0,367.0
562.0,-852.0,141.0,76.0,-80.0,287.0,-245.0,131.0,7.0,394.0
585.0,-880.0,174.0,89.0,-70.0,174.0,-987.0,116.0,96.0,418.0
587.0,-738.0,185.0,85.0,-56.0,173.0,-1153.0,96.0,186.0,431.0
594.0,-444.0,189.0,95.0,-33.0,267.0,-559.0,223.0,269.0,438.0
584.0,-119.0,270.0,103.0,-12.0,248.0,59.0,273.0,330.0,444.0
582.0,169.0,232.0,81.0,-6.0,203.0,196.0,419.0,393.0,457.0
588.0,477.0,311.0,26.0,-6.0,197.0,-230.0,480.0,449.0,497.0
596.0,714.0,334.0,-48.0,-5.0,260.0,-808.0,404.0,494.0,514.0
611.0,744.0,310.0,-89.0,-17.0,263.0,-775.0,428.0,530.0,540.0
616.0,691.0,373.0,-66.0,-41.0,271.0,-132.0,332.0,551.0,574.0
620.0,684.0,362.0,0.0,-53.0,388.0,350.0,415.0,552.0,593.0
620.0,661.0,354.0,72.0,-42.0,404.0,219.0,467.0,519.0,595.0
634.0,681.0,363.0,179.0,-22.0,318.0,-352.0,480.0,451.0,566.0
622.0,835.0,346.0,322.0,-3.0,297.0,-893.0,589.0,362.0,513.0
591.0,990.0,310.0,447.0,15.0,393.0,-893.0,572.0,260.0,437.0
575.0,1039.0,290.0,555.0,45.0,527.0,-319.0,705.0,161.0,306.0
565.0,1036.0,229.0,616.0,88.0,536.0,204.0,648.0,66.0,169.0
553.0,1067.0,176.0,605.0,124.0,529.0,263.0,533.0,-40.0,35.0
535.0,1110.0,136.0,557.0,143.0,549.0,30.0,508.0,-146.0,-138.0
530.0,1054.0,42.0,480.0,147.0,499.0,-250.0,456.0,-255.0,-315.0
508.0,852.0,0.0,373.0,140.0,463.0,-336.0,530.0,-347.0,-475.0
474.0,569.0,-58.0,253.0,118.0,409.0,-134.0,474.0,-414.0,-588.0
430.0,273.0,-155.0,144.0,102.0,379.0,62.0,548.0,-458.0,-706.0
385.0,-14.0,-216.0,56.0,110.0,419.0,-101.0,626.0,-459.0,-795.0
345.0,-273.0,-261.0,-6.0,135.0,455.0,-478.0,652.0,-424.0,-830.0
301.0,-521.0,-333.0,-6.0,157.0,565.0,-495.0,672.0,-360.0,-861.0
258.0,-786.0,-398.0,13.0,163.0,633.0,-66.0,611.0,-288.0,-864.0
213.0,-1031.0,-417.0,20.0,164.0,629.0,215.0,624.0,-228.0,-867.0
163.0,-1131.0,-458.0,19.0,177.0,682.0,-65.0,437.0,-156.0,-831.0
115.0,-966.0,-474.0,-7.0,203.0,617.0,-498.0,327.0,-90.0,-785.0
77.0,-644.0,-467.0,-24.0,223.0,436.0,-462.0,219.0,-35.0,-750.0
36.0,-288.0,-431.0,-55.0,228.0,375.0,-213.0,147.0,23.0,-670.0
-6.0,83.0,-397.0,-80.0,216.0,502.0,-260.0,249.0,72.0,-570.0
-52.0,318.0,-325.0,-93.0,182.0,653.0,-372.0,243.0,121.0,-473.0
-92.0,295.0,-222.0,-112.0,121.0,596.0,-276.0,443.0,162.0,-388.0
-121.0,188.0,-161.0,-100.0,50.0,506.0,-104.0,556.0,182.0,-306.0
-149.0,128.0,-57.0,-100.0,-12.0,582.0,-11.0,580.0,208.0,-263.0
-173.0,112.0,18.0,-106.0,-71.0,623.0,47.0,646.0,238.0,-275.0
-179.0,151.0,105.0,-105.0,-120.0,524.0,42.0,587.0,271.0,-299.0
-179.0,123.0,181.0,-118.0,-146.0,421.0,-125.0,574.0,298.0,-332.0
-194.0,-34.0,254.0,-109.0,-142.0,475.0,-224.0,465.0,312.0,-379.0
-190.0,-173.0,316.0,-72.0,-111.0,575.0,0.0,445.0,331.0,-422.0
-179.0,-215.0,358.0,-38.0,-63.0,587.0,272.0,367.0,339.0,-436.0
-160.0,-165.0,421.0,-24.0,-23.0,602.0,66.0,247.0,335.0,-439.0
-134.0,0.0,430.0,-15.0,-14.0,581.0,-422.0,256.0,325.0,-434.0
-102.0,131.0,485.0,-2.0,-35.0,483.0,-560.0,136.0,300.0,-396.0
-58.0,85.0,488.0,-12.0,-60.0,417.0,-280.0,168.0,260.0,-363.0
-29.0,-22.0,472.0,-55.0,-58.0,448.0,69.0,203.0,221.0,-338.0
-7.0,-114.0,482.0,-88.0,-26.0,508.0,241.0,214.0,185.0,-329.0
14.0,-164.0,441.0,-129.0,15.0,519.0,126.0,190.0,163.0,-345.0
44.0,-124.0,413.0,-190.0,49.0,466.0,-178.0,179.0,165.0,-363.0
89.0,-45.0,384.0,-180.0,67.0,442.0,-409.0,334.0,176.0,-395.0
136.0,-4.0,347.0,-116.0,82.0,496.0,-456.0,343.0,193.0,-422.0
187.0,22.0,292.0,-56.0,88.0,492.0,-297.0,450.0,208.0,-430.0
244.0,109.0,243.0,3.0,80.0,469.0,28.0,436.0,226.0,-426.0
274.0,240.0,180.0,60.0,67.0,503.0,258.0,415.0,244.0,-410.0
288.0,335.0,143.0,130.0,51.0,501.0,18.0,509.0,246.0,-373.0
298.0,343.0,43.0,183.0,35.0,421.0,-377.0,424.0,265.0,-316.0
300.0,293.0,-27.0,219.0,23.0,409.0,-355.0,460.0,297.0,-263.0
319.0,230.0,-74.0,277.0,27.0,489.0,-225.0,386.0,322.0,-202.0
359.0,176.0,-193.0,307.0,41.0,485.0,-302.0,358.0,351.0,-135.0
397.0,183.0,-229.0,280.0,49.0,462.0,-336.0,402.0,369.0,-73.0
441.0,237.0,-314.0,253.0,48.0,452.0,-162.0,415.0,377.0,-27.0
485.0,245.0,-367.0,248.0,39.0,463.0,79.0,526.0,379.0,-5.0
496.0,189.0,-411.0,202.0,8.0,492.0,149.0,426.0,366.0,9.0
489.0,60.0,-441.0,97.0,-40.0,471.0,132.0,443.0,348.0,12.0
460.0,-219.0,-420.0,-17.0,-81.0,490.0,89.0,528.0,334.0,18.0
412.0,-626.0,-431.0,-117.0,-106.0,437.0,-8.0,558.0,335.0,53.0
359.0,-1023.0,-393.0,-231.0,-115.0,381.0,42.0,740.0,305.0,113.0
306.0,-1263.0,-360.0,-333.0,-120.0,438.0,49.0,825.0,249.0,172.0
255.0,-1245.0,-346.0,-398.0,-130.0,468.0,-144.0,916.0,205.0,229.0
191.0,-992.0,-307.0,-429.0,-140.0,403.0,-187.0,853.0,141.0,288.0
132.0,-632.0,-232.0,-397.0,-158.0,306.0,20.0,576.0,63.0,324.0
79.0,-295.0,-197.0,-312.0,-183.0,311.0,165.0,332.0,-4.0,303.0
31.0,-139.0,-131.0,-204.0,-194.0,324.0,92.0,179.0,-72.0,255.0
-19.0,-224.0,-47.0,-93.0,-191.0,265.0,52.0,138.0,-158.0,202.0
-79.0,-383.0,23.0,16.0,-188.0,211.0,123.0,57.0,-254.0,126.0
-128.0,-456.0,61.0,96.0,-191.0,260.0,208.0,96.0,-354.0,26.0
-169.0,-420.0,139.0,151.0,-200.0,288.0,177.0,94.0,-464.0,-58.0
-207.0,-320.0,195.0,200.0,-217.0,212.0,-13.0,201.0,-582.0,-117.0
-245.0,-242.0,224.0,228.0,-232.0,235.0,-99.0,421.0,-702.0,-183.0
-267.0,-233.0,338.0,251.0,-229.0,279.0,-5.0,434.0,-789.0,-222.0
-277.0,-266.0,318.0,273.0,-201.0,245.0,200.0,585.0,-831.0,-226.0
-295.0,-303.0,389.0,296.0,-162.0,160.0,358.0,593.0,-847.0,-211.0
-316.0,-222.0,417.0,318.0,-120.0,150.0,416.0,556.0,-839.0,-190.0
-320.0,33.0,398.0,343.0,-77.0,267.0,414.0,485.0,-815.0,-156.0
-318.0,285.0,410.0,350.0,-31.0,265.0,322.0,375.0,-790.0,-105.0
-314.0,413.0,362.0,316.0,16.0,185.0,267.0,489.0,-762.0,-61.0
-286.0,425.0,363.0,271.0,67.0,152.0,267.0,432.0,-730.0,-26.0
-236.0,320.0,262.0,225.0,137.0,137.0,370.0,336.0,-668.0,0.0
-187.0,186.0,269.0,176.0,220.0,115.0,486.0,131.0,-588.0,36.0
-152.0,155.0,173.0,158.0,283.0,47.0,398.0,3.0,-505.0,55.0
-109.0,245.0,120.0,167.0,298.0,31.0,147.0,20.0,-419.0,63.0
-85.0,380.0,97.0,179.0,268.0,58.0,0.0,-31.0,-328.0,86.0
-65.0,463.0,9.0,212.0,219.0,22.0,169.0,97.0,-222.0,99.0
-35.0,408.0,79.0,242.0,153.0,30.0,437.0,27.0,-121.0,87.0
-13.0,274.0,-74.0,266.0,75.0,27.0,545.0,53.0,-14.0,82.0
28.0,176.0,-23.0,287.0,8.0,-62.0,423.0,184.0,105.0,93.0
53.0,109.0,-42.0,325.0,-26.0,-50.0,201.0,242.0,218.0,73.0
80.0,19.0,-155.0,391.0,-43.0,-10.0,101.0,413.0,327.0,15.0
105.0,-105.0,-97.0,399.0,-59.0,-61.0,40.0,290.0,423.0,-29.0
113.0,-225.0,-188.0,384.0,-64.0,-183.0,-40.0,286.0,480.0,-55.0
138.0,-258.0,-150.0,380.0,-44.0,-219.0,80.0,365.0,492.0,-91.0
148.0,-218.0,-207.0,343.0,-2.0,-79.0,353.0,362.0,482.0,-98.0
166.0,-228.0,-218.0,288.0,40.0,-27.0,482.0,389.0,458.0,-71.0
193.0,-351.0,-200.0,201.0,69.0,-104.0,414.0,280.0,443.0,-37.0
200.0,-524.0,-259.0,98.0,81.0,-204.0,259.0,225.0,439.0,-7.0
188.0,-612.0,-258.0,-5.0,69.0,-204.0,69.0,11.0,422.0,40.0
171.0,-608.0,-287.0,-127.0,36.0,-140.0,-129.0,-83.0,414.0,102.0
152.0,-574.0,-250.0,-222.0,-4.0,-111.0,-114.0,-94.0,413.0,134.0
113.0,-507.0,-285.0,-314.0,-42.0,-1.0,193.0,-96.0,397.0,154.0
76.0,-416.0,-245.0,-383.0,-68.0,83.0,479.0,136.0,390.0,157.0
36.0,-314.0,-229.0,-429.0,-82.0,43.0,449.0,184.0,383.0,148.0
-3.0,-222.0,-241.0,-503.0,-88.0,-20.0,121.0,304.0,380.0,115.0
-40.0,-148.0,-175.0,-545.0,-81.0,-64.0,-231.0,445.0,391.0,76.0
-102.0,-102.0,-174.0,-571.0,-67.0,-47.0,-364.0,465.0,388.0,59.0
-170.0,-133.0,-137.0,-616.0,-59.0,20.0,-169.0,408.0,395.0,41.0
-227.0,-243.0,-110.0,-650.0,-70.0,61.0,243.0,310.0,388.0,31.0
-287.0,-343.0,-105.0,-630.0,-105.0,83.0,543.0,315.0,368.0,9.0
-336.0,-283.0,-112.0,-585.0,-139.0,-6.0,391.0,194.0,362.0,-7.0
-372.0,0.0,-88.0,-512.0,-152.0,-100.0,-162.0,195.0,345.0,-27.0
-392.0,366.0,-83.0,-413.0,-146.0,-37.0,-565.0,153.0,332.0,-86.0
-404.0,585.0,-116.0,-302.0,-127.0,5.0,-359.0,131.0,317.0,-144.0
-414.0,600.0,-77.0,-174.0,-104.0,-34.0,131.0,229.0,312.0,-194.0
-424.0,602.0,-85.0,-90.0,-92.0,-93.0,241.0,103.0,331.0,-254.0
-436.0,689.0,-77.0,-37.0,-99.0,-13.0,-14.0,147.0,348.0,-307.0
-454.0,723.0,-19.0,-6.0,-116.0,86.0,-264.0,160.0,370.0,-349.0
-472.0,603.0,-22.0,23.0,-128.0,50.0,-290.0,168.0,379.0,-395.0
-484.0,397.0,7.0,40.0,-117.0,12.0,-148.0,260.0,367.0,-439.0
-500.0,196.0,58.0,16.0,-88.0,22.0,-172.0,227.0,362.0,-482.0
-501.0,-57.0,58.0,-44.0,-52.0,31.0,-369.0,332.0,343.0,-514.0
-495.0,-339.0,90.0,-121.0,-13.0,54.0,-408.0,284.0,307.0,-543.0
-483.0,-547.0,125.0,-170.0,23.0,72.0,-266.0,242.0,238.0,-572.0
-473.0,-680.0,97.0,-231.0,55.0,37.0,-137.0,192.0,129.0,-592.0
-468.0,-736.0,92.0,-289.0,85.0,29.0,-104.0,84.0,20.0,-608.0
-464.0,-687.0,74.0,-352.0,119.0,2.0,-123.0,155.0,-92.0,-606.0
-458.0,-523.0,18.0,-370.0,147.0,14.0,-93.0,166.0,-224.0,-592.0
-434.0,-299.0,2.0,-318.0,158.0,-12.0,-126.0,284.0,-366.0,-558.0
-413.0,-65.0,-47.0,-289.0,157.0,-111.0,-244.0,195.0,-491.0,-499.0
-377.0,115.0,-107.0,-219.0,151.0,-152.0,-265.0,136.0,-591.0,-463.0
-344.0,154.0,-127.0,-103.0,138.0,-172.0,-312.0,206.0,-665.0,-415.0
-299.0,78.0,-166.0,13.0,116.0,-223.0,-509.0,96.0,-706.0,-363.0
-256.0,-24.0,-211.0,148.0,88.0,-317.0,-641.0,251.0,-727.0,-347.0
-236.0,-46.0,-238.0,277.0,59.0,-284.0,-498.0,323.0,-745.0,-323.0
-207.0,41.0,-248.0,354.0,37.0,-226.0,-224.0,465.0,-771.0,-280.0
-195.0,129.0,-252.0,389.0,19.0,-255.0,-177.0,556.0,-786.0,-233.0
-173.0,126.0,-250.0,442.0,-4.0,-348.0,-478.0,548.0,-780.0,-198.0
-145.0,44.0,-219.0,467.0,-28.0,-329.0,-707.0,585.0,-771.0,-155.0
-118.0,-87.0,-187.0,442.0,-51.0,-276.0,-558.0,325.0,-736.0,-111.0
-103.0,-214.0,-163.0,433.0,-80.0,-356.0,-246.0,284.0,-674.0,-89.0
-98.0,-274.0,-122.0,409.0,-117.0,-369.0,33.0,127.0,-581.0,-74.0
-98.0,-317.0,-89.0,372.0,-153.0,-386.0,32.0,25.0,-449.0,-74.0
-113.0,-403.0,-42.0,313.0,-165.0,-333.0,-285.0,99.0,-306.0,-83.0
-126.0,-519.0,32.0,230.0,-151.0,-330.0,-660.0,59.0,-157.0,-99.0
-153.0,-670.0,84.0,238.0,-128.0,-324.0,-844.0,264.0,-31.0,-110.0
-158.0,-811.0,150.0,275.0,-108.0,-277.0,-659.0,341.0,75.0,-101.0
-156.0,-792.0,218.0,283.0,-94.0,-338.0,-255.0,417.0,189.0,-98.0
-155.0,-528.0,247.0,321.0,-86.0,-340.0,-6.0,436.0,276.0,-76.0
-153.0,-123.0,310.0,322.0,-79.0,-310.0,-43.0,399.0,336.0,-37.0
-168.0,186.0,342.0,291.0,-64.0,-230.0,-276.0,404.0,369.0,-13.0
-178.0,287.0,362.0,258.0,-34.0,-321.0,-647.0,286.0,350.0,15.0
-204.0,344.0,387.0,228.0,10.0,-446.0,-866.0,258.0,319.0,44.0
-225.0,442.0,379.0,156.0,59.0,-486.0,-722.0,125.0,295.0,74.0
-227.0,517.0,386.0,15.0,94.0,-539.0,-350.0,153.0,250.0,118.0
-215.0,593.0,371.0,-113.0,115.0,-516.0,-10.0,142.0,216.0,171.0
-191.0,676.0,381.0,-235.0,137.0,-519.0,21.0,-18.0,190.0,235.0
-172.0,711.0,324.0,-338.0,151.0,-493.0,-154.0,20.0,156.0,306.0
-148.0,648.0,320.0,-388.0,147.0,-565.0,-308.0,-35.0,136.0,374.0
-145.0,422.0,304.0,-408.0,123.0,-552.0,-395.0,88.0,109.0,423.0
-151.0,48.0,233.0,-439.0,87.0,-483.0,-330.0,175.0,88.0,470.0
-163.0,-310.0,281.0,-507.0,53.0,-500.0,-162.0,184.0,77.0,513.0
-173.0,-510.0,228.0,-518.0,25.0,-504.0,-91.0,267.0,66.0,533.0
-167.0,-525.0,238.0,-451.0,5.0,-593.0,-93.0,175.0,73.0,546.0
-167.0,-417.0,249.0,-379.0,-12.0,-565.0,-52.0,232.0,80.0,549.0
-158.0,-260.0,251.0,-334.0,-26.0,-492.0,70.0,186.0,108.0,528.0
-162.0,-72.0,295.0,-271.0,-36.0,-404.0,175.0,175.0,133.0,500.0
-171.0,118.0,295.0,-183.0,-43.0,-372.0,65.0,227.0,154.0,459.0
-187.0,188.0,330.0,-115.0,-41.0,-417.0,-196.0,140.0,175.0,407.0
-227.0,120.0,315.0,-77.0,-24.0,-411.0,-326.0,184.0,181.0,353.0
-261.0,78.0,339.0,-79.0,1.0,-438.0,-96.0,90.0,200.0,288.0
-297.0,119.0,281.0,-40.0,22.0,-383.0,333.0,169.0,199.0,221.0
-333.0,170.0,263.0,69.0,29.0,-365.0,525.0,221.0,176.0,158.0
-351.0,241.0,245.0,165.0,25.0,-453.0,372.0,153.0,145.0,78.0
-358.0,399.0,128.0,231.0,9.0,-532.0,141.0,249.0,112.0,2.0
-381.0,598.0,180.0,266.0,-3.0,-475.0,22.0,96.0,61.0,-41.0
-389.0,739.0,52.0,311.0,-3.0,-444.0,34.0,103.0,-13.0,-75.0
-389.0,746.0,-9.0,377.0,2.0,-508.0,146.0,60.0,-80.0,-102.0
-392.0,588.0,-1.0,421.0,5.0,-485.0,190.0,-75.0,-161.0,-128.0
-378.0,346.0,-194.0,441.0,7.0,-446.0,123.0,-16.0,-258.0,-136.0
-383.0,129.0,-110.0,380.0,10.0,-429.0,135.0,-60.0,-353.0,-141.0
-372.0,-1.0,-279.0,319.0,17.0,-499.0,177.0,35.0,-454.0,-167.0
-370.0,-49.0,-306.0,280.0,22.0,-484.0,167.0,145.0,-544.0,-186.0
-376.0,-49.0,-292.0,186.0,23.0,-437.0,165.0,206.0,-608.0,-185.0
-378.0,-20.0,-449.0,85.0,12.0,-415.0,69.0,210.0,-648.0,-199.0
-381.0,9.0,-332.0,-38.0,-4.0,-436.0,-75.0,206.0,-652.0,-241.0
-354.0,-1.0,-468.0,-154.0,-23.0,-515.0,-71.0,332.0,-625.0,-259.0
-341.0,-73.0,-371.0,-281.0,-46.0,-498.0,62.0,454.0,-582.0,-287.0
-329.0,-180.0,-396.0,-368.0,-62.0,-549.0,241.0,567.0,-502.0,-343.0
-318.0,-245.0,-380.0,-446.0,-66.0,-537.0,336.0,489.0,-403.0,-405.0
-315.0,-202.0,-271.0,-494.0,-57.0,-496.0,225.0,399.0,-274.0,-467.0
-329.0,-104.0,-303.0,-417.0,-41.0,-487.0,6.0,256.0,-149.0,-517.0
-344.0,-79.0,-174.0,-361.0,-23.0,-489.0,-68.0,20.0,-46.0,-578.0
-366.0,-181.0,-177.0,-265.0,-17.0,-472.0,32.0,-83.0,63.0,-612.0
-393.0,-364.0,-65.0,-158.0,-21.0,-398.0,26.0,-175.0,161.0,-625.0
-390.0,-519.0,-98.0,-95.0,-17.0,-446.0,-138.0,-92.0,245.0,-644.0
-398.0,-523.0,32.0,-41.0,3.0,-515.0,-178.0,-5.0,313.0,-662.0
-386.0,-363.0,106.0,-33.0,35.0,-519.0,-17.0,49.0,368.0,-650.0
-387.0,-123.0,-25.0,-61.0,66.0,-417.0,110.0,94.0,409.0,-614.0
-391.0,135.0,190.0,-118.0,82.0,-410.0,62.0,38.0,433.0,-602.0
-390.0,374.0,45.0,-205.0,76.0,-467.0,-99.0,88.0,436.0,-554.0
-395.0,537.0,58.0,-321.0,56.0,-500.0,-259.0,33.0,419.0,-489.0
-378.0,621.0,152.0,-370.0,38.0,-543.0,-330.0,70.0,398.0,-422.0
-359.0,665.0,-55.0,-349.0,34.0,-540.0,-221.0,53.0,373.0,-342.0
-322.0,636.0,64.0,-360.0,52.0,-528.0,-39.0,-66.0,354.0,-272.0
-287.0,465.0,-21.0,-341.0,82.0,-443.0,7.0,-59.0,343.0,-202.0
-250.0,155.0,-51.0,-280.0,115.0,-463.0,-84.0,-240.0,336.0,-150.0
-245.0,-191.0,-70.0,-262.0,138.0,-550.0,-214.0,-269.0,324.0,-101.0
-245.0,-468.0,-108.0,-233.0,135.0,-605.0,-199.0,-260.0,314.0,-68.0
-230.0,-635.0,-130.0,-224.0,103.0,-538.0,-127.0,-199.0,295.0,-48.0
-219.0,-758.0,-238.0,-212.0,50.0,-489.0,-165.0,-38.0,263.0,-17.0
-181.0,-917.0,-186.0,-180.0,-11.0,-557.0,-319.0,-72.0,213.0,25.0
-155.0,-1065.0,-309.0,-113.0,-71.0,-577.0,-481.0,-88.0,155.0,99.0
-117.0,-1103.0,-293.0,-3.0,-113.0,-628.0,-461.0,-282.0,89.0,179.0
-94.0,-985.0,-287.0,5.0,-129.0,-623.0,-305.0,-404.0,11.0,274.0
-105.0,-762.0,-374.0,-45.0,-126.0,-591.0,-168.0,-473.0,-40.0,382.0
-134.0,-541.0,-312.0,-89.0,-115.0,-548.0,-134.0,-513.0,-101.0,479.0
-180.0,-324.0,-327.0,-63.0,-107.0,-574.0,-194.0,-437.0,-165.0,584.0
-196.0,-85.0,-344.0,-92.0,-98.0,-592.0,-326.0,-526.0,-214.0,673.0
-221.0,158.0,-307.0,-83.0,-90.0,-551.0,-403.0,-441.0,-262.0,766.0
-245.0,411.0,-324.0,43.0,-87.0,-558.0,-253.0,-415.0,-282.0,847.0
-255.0,650.0,-257.0,21.0,-89.0,-618.0,-33.0,-402.0,-284.0,905.0
-267.0,830.0,-287.0,16.0,-94.0,-704.0,-29.0,-321.0,-292.0,969.0
-283.0,906.0,-210.0,17.0,-99.0,-607.0,-215.0,-373.0,-288.0,999.0
-319.0,843.0,-147.0,10.0,-104.0,-535.0,-310.0,-327.0,-284.0,1012.0
-371.0,655.0,-180.0,69.0,-116.0,-559.0,-266.0,-428.0,-304.0,1011.0
-421.0,444.0,-39.0,71.0,-133.0,-549.0,-286.0,-424.0,-318.0,991.0
-461.0,276.0,-60.0,72.0,-141.0,-473.0,-314.0,-301.0,-333.0,971.0
-510.0,105.0,47.0,58.0,-127.0,-490.0,-232.0,-327.0,-356.0,934.0
-537.0,-38.0,52.0,72.0,-91.0,-590.0,-162.0,-349.0,-385.0,890.0
-558.0,-96.0,99.0,145.0,-48.0,-571.0,-138.0,-473.0,-429.0,862.0
-574.0,-41.0,212.0,252.0,-13.0,-496.0,-137.0,-500.0,-465.0,816.0
-582.0,146.0,114.0,285.0,11.0,-481.0,-128.0,-495.0,-505.0,764.0
-604.0,359.0,280.0,261.0,31.0,-561.0,-91.0,-465.0,-537.0,721.0
-600.0,427.0,231.0,294.0,50.0,-493.0,-125.0,-400.0,-563.0,644.0
-590.0,301.0,214.0,391.0,64.0,-431.0,-180.0,-334.0,-579.0,560.0
-567.0,111.0,313.0,512.0,76.0,-431.0,-201.0,-188.0,-562.0,464.0
-545.0,-50.0,192.0,585.0,91.0,-454.0,-228.0,-306.0,-507.0,371.0
-531.0,-222.0,290.0,674.0,105.0,-454.0,-219.0,-236.0,-434.0,293.0
-515.0,-427.0,249.0,686.0,114.0,-402.0,-152.0,-171.0,-363.0,206.0
-494.0,-681.0,277.0,631.0,105.0,-429.0,-106.0,-286.0,-277.0,148.0
-479.0,-875.0,297.0,543.0,82.0,-342.0,-105.0,-218.0,-195.0,120.0
-478.0,-859.0,255.0,449.0,56.0,-317.0,-57.0,-327.0,-120.0,111.0
-442.0,-694.0,335.0,389.0,39.0,-365.0,31.0,-304.0,-52.0,93.0
-406.0,-495.0,233.0,196.0,29.0,-400.0,29.0,-253.0,-5.0,106.0
-358.0,-364.0,301.0,-3.0,31.0,-371.0,-19.0,-245.0,20.0,145.0
-316.0,-359.0,236.0,-138.0,48.0,-350.0,98.0,-223.0,27.0,168.0
-279.0,-405.0,228.0,-287.0,72.0,-521.0,261.0,-205.0,33.0,207.0
-241.0,-404.0,236.0,-373.0,87.0,-589.0,154.0,-107.0,22.0,273.0
-206.0,-362.0,163.0,-414.0,72.0,-441.0,-113.0,-164.0,12.0,367.0
-165.0,-388.0,202.0,-409.0,25.0,-327.0,-188.0,-40.0,-29.0,428.0
-139.0,-436.0,100.0,-388.0,-33.0,-381.0,23.0,-18.0,-110.0,489.0
-88.0,-328.0,87.0,-453.0,-79.0,-433.0,216.0,-46.0,-180.0,556.0
-35.0,-40.0,40.0,-517.0,-101.0,-374.0,182.0,22.0,-255.0,583.0
15.0,301.0,-16.0,-491.0,-102.0,-363.0,46.0,-96.0,-338.0,591.0
55.0,576.0,-99.0,-476.0,-90.0,-531.0,-90.0,-49.0,-406.0,586.0
102.0,747.0,-68.0,-497.0,-78.0,-598.0,-62.0,-114.0,-464.0,573.0
137.0,829.0,-168.0,-532.0,-68.0,-546.0,128.0,-168.0,-505.0,525.0
152.0,892.0,-193.0,-583.0,-55.0,-509.0,252.0,-175.0,-523.0,454.0
161.0,927.0,-183.0,-602.0,-34.0,-432.0,253.0,-269.0,-526.0,397.0
160.0,890.0,-364.0,-623.0,-7.0,-376.0,144.0,-275.0,-493.0,349.0
174.0,856.0,-199.0,-615.0,18.0,-378.0,-4.0,-415.0,-437.0,267.0
170.0,883.0,-400.0,-627.0,34.0,-492.0,-24.0,-356.0,-380.0,185.0
180.0,921.0,-388.0,-622.0,43.0,-492.0,123.0,-297.0,-302.0,138.0
171.0,872.0,-360.0,-560.0,44.0,-344.0,244.0,-297.0,-219.0,67.0
141.0,702.0,-515.0,-522.0,36.0,-356.0,219.0,-127.0,-133.0,-22.0
111.0,464.0,-417.0,-458.0,18.0,-509.0,81.0,-88.0,-45.0,-97.0
70.0,244.0,-552.0,-422.0,-6.0,-500.0,-36.0,53.0,30.0,-149.0
25.0,41.0,-437.0,-411.0,-31.0,-438.0,7.0,59.0,93.0,-206.0
-25.0,-207.0,-507.0,-376.0,-52.0,-420.0,176.0,3.0,147.0,-256.0
-75.0,-464.0,-448.0,-348.0,-71.0,-383.0,272.0,77.0,203.0,-270.0
-137.0,-699.0,-394.0,-346.0,-88.0,-373.0,229.0,16.0,258.0,-284.0
-191.0,-937.0,-507.0,-397.0,-95.0,-392.0,193.0,-16.0,305.0,-304.0
-242.0,-1126.0,-362.0,-453.0,-91.0,-519.0,119.0,-158.0,358.0,-325.0
-284.0,-1190.0,-473.0,-454.0,-76.0,-510.0,-28.0,-306.0,409.0,-331.0
-315.0,-1096.0,-413.0,-396.0,-50.0,-383.0,-115.0,-452.0,436.0,-332.0
-323.0,-864.0,-400.0,-323.0,-19.0,-339.0,-68.0,-506.0,438.0,-344.0
-319.0,-608.0,-455.0,-238.0,7.0,-339.0,163.0,-480.0,415.0,-326.0
-328.0,-449.0,-360.0,-120.0,20.0,-329.0,352.0,-578.0,368.0,-313.0
-336.0,-384.0,-442.0,15.0,22.0,-308.0,204.0,-509.0,296.0,-319.0
-352.0,-391.0,-385.0,175.0,23.0,-356.0,-74.0,-487.0,221.0,-315.0
-355.0,-467.0,-381.0,297.0,28.0,-406.0,-88.0,-404.0,167.0,-299.0
-363.0,-498.0,-378.0,328.0,45.0,-383.0,39.0,-358.0,106.0,-270.0
-379.0,-391.0,-310.0,384.0,72.0,-386.0,53.0,-417.0,64.0,-268.0
-374.0,-223.0,-320.0,436.0,102.0,-517.0,30.0,-315.0,36.0,-245.0
-357.0,-106.0,-219.0,432.0,124.0,-590.0,71.0,-432.0,-11.0,-213.0
-350.0,-85.0,-200.0,426.0,124.0,-554.0,105.0,-519.0,-54.0,-232.0
-348.0,-153.0,-126.0,369.0,101.0,-541.0,-45.0,-552.0,-95.0,-257.0
-340.0,-213.0,-105.0,259.0,70.0,-579.0,-235.0,-569.0,-131.0,-286.0
-344.0,-176.0,-88.0,160.0,42.0,-595.0,-189.0,-495.0,-166.0,-330.0
-349.0,-104.0,-1.0,131.0,14.0,-558.0,7.0,-478.0,-195.0,-378.0
-343.0,-133.0,143.0,134.0,-19.0,-524.0,134.0,-388.0,-212.0,-416.0
-330.0,-273.0,241.0,121.0,-45.0,-563.0,-6.0,-469.0,-209.0,-398.0
-318.0,-349.0,124.0,142.0,-51.0,-564.0,-179.0,-461.0,-190.0,-368.0
-295.0,-275.0,434.0,158.0,-41.0,-525.0,-65.0,-471.0,-165.0,-345.0
-284.0,-85.0,623.0,175.0,-17.0,-524.0,121.0,-606.0,-118.0,-310.0
-277.0,152.0,455.0,227.0,3.0,-434.0,172.0,-522.0,-49.0,-271.0
-273.0,347.0,610.0,265.0,7.0,-381.0,76.0,-582.0,35.0,-250.0
-291.0,432.0,713.0,265.0,-4.0,-409.0,-28.0,-537.0,121.0,-255.0
-299.0,447.0,499.0,190.0,-24.0,-542.0,31.0,-450.0,194.0,-233.0
-322.0,471.0,399.0,117.0,-47.0,-629.0,76.0,-526.0,251.0,-202.0
-335.0,483.0,553.0,113.0,-63.0,-583.0,-17.0,-565.0,297.0,-184.0
-341.0,527.0,485.0,88.0,-67.0,-509.0,-90.0,-620.0,343.0,-149.0
-350.0,672.0,343.0,21.0,-55.0,-444.0,-34.0,-596.0,376.0,-64.0
-355.0,795.0,422.0,-62.0,-33.0,-459.0,131.0,-670.0,390.0,39.0
-356.0,795.0,371.0,-158.0,-19.0,-404.0,157.0,-755.0,390.0,144.0
-344.0,659.0,180.0,-194.0,-23.0,-353.0,13.0,-861.0,375.0,280.0
-336.0,379.0,108.0,-222.0,-43.0,-376.0,-26.0,-899.0,347.0,433.0
-310.0,-7.0,124.0,-262.0,-64.0,-344.0,36.0,-831.0,319.0,571.0
-280.0,-432.0,114.0,-284.0,-70.0,-294.0,115.0,-877.0,294.0,687.0
-237.0,-808.0,82.0,-335.0,-57.0,-294.0,170.0,-766.0,263.0,811.0
-193.0,-1057.0,50.0,-398.0,-40.0,-269.0,138.0,-764.0,212.0,908.0
-153.0,-1128.0,18.0,-455.0,-29.0,-230.0,142.0,-692.0,145.0,950.0
-115.0,-1066.0,-13.0,-462.0,-17.0,-156.0,216.0,-587.0,72.0,960.0
-89.0,-1006.0,-23.0,-480.0,-5.0,-114.0,218.0,-783.0,-13.0,953.0
-60.0,-943.0,-25.0,-517.0,-1.0,-179.0,186.0,-770.0,-99.0,904.0
-31.0,-734.0,-39.0,-514.0,-9.0,-148.0,193.0,-812.0,-193.0,835.0
2.0,-292.0,3.0,-558.0,-23.0,-106.0,194.0,-864.0,-283.0,782.0
21.0,281.0,26.0,-623.0,-38.0,-106.0,143.0,-844.0,-365.0,729.0
40.0,777.0,87.0,-661.0,-52.0,-122.0,124.0,-910.0,-439.0,680.0
67.0,1038.0,55.0,-678.0,-66.0,-103.0,236.0,-899.0,-500.0,629.0
79.0,1059.0,31.0,-665.0,-84.0,-2.0,266.0,-921.0,-559.0,622.0
83.0,1016.0,56.0,-644.0,-93.0,6.0,140.0,-774.0,-602.0,609.0
79.0,1038.0,-108.0,-616.0,-89.0,29.0,74.0,-657.0,-643.0,581.0
85.0,1015.0,-84.0,-564.0,-80.0,143.0,59.0,-576.0,-654.0,559.0
92.0,796.0,-96.0,-491.0,-74.0,192.0,109.0,-532.0,-645.0,512.0
89.0,465.0,-270.0,-394.0,-76.0,180.0,272.0,-713.0,-640.0,456.0
102.0,200.0,-265.0,-259.0,-80.0,125.0,331.0,-691.0,-607.0,366.0
108.0,33.0,-286.0,-95.0,-82.0,88.0,49.0,-665.0,-555.0,297.0
107.0,-65.0,-455.0,66.0,-81.0,60.0,-254.0,-633.0,-495.0,230.0
105.0,-164.0,-489.0,187.0,-68.0,63.0,-87.0,-504.0,-418.0,146.0
92.0,-261.0,-440.0,318.0,-48.0,119.0,189.0,-424.0,-319.0,77.0
76.0,-254.0,-546.0,479.0,-21.0,71.0,182.0,-376.0,-223.0,17.0
66.0,-129.0,-557.0,596.0,5.0,-25.0,91.0,-467.0,-123.0,-18.0
69.0,2.0,-462.0,697.0,33.0,-33.0,-25.0,-447.0,-27.0,-67.0
53.0,74.0,-520.0,809.0,61.0,52.0,-118.0,-532.0,36.0,-115.0
34.0,84.0,-494.0,870.0,83.0,95.0,-54.0,-667.0,72.0,-149.0
21.0,-5.0,-336.0,875.0,94.0,41.0,174.0,-679.0,83.0,-192.0
0.0,-156.0,-282.0,861.0,92.0,-13.0,411.0,-731.0,107.0,-272.0
-35.0,-233.0,-210.0,821.0,84.0,-25.0,388.0,-613.0,121.0,-362.0
-82.0,-235.0,-185.0,761.0,73.0,-58.0,157.0,-572.0,106.0,-444.0
-108.0,-226.0,-78.0,681.0,60.0,-69.0,7.0,-428.0,79.0,-536.0
-124.0,-216.0,-89.0,564.0,46.0,9.0,36.0,-286.0,50.0,-647.0
-148.0,-209.0,-84.0,438.0,31.0,1.0,115.0,-360.0,21.0,-730.0
-166.0,-191.0,116.0,305.0,23.0,-62.0,81.0,-382.0,4.0,-802.0
-168.0,-149.0,68.0,159.0,23.0,-100.0,62.0,-489.0,14.0,-897.0
-174.0,-133.0,117.0,24.0,39.0,-92.0,233.0,-436.0,22.0,-945.0
-173.0,-138.0,183.0,-99.0,65.0,-86.0,383.0,-363.0,72.0,-948.0
-177.0,-66.0,244.0,-213.0,95.0,-123.0,333.0,-238.0,145.0,-930.0
-180.0,98.0,270.0,-279.0,117.0,-37.0,193.0,-131.0,222.0,-889.0
-176.0,317.0,217.0,-299.0,118.0,36.0,54.0,-216.0,322.0,-802.0
-189.0,498.0,330.0,-301.0,99.0,4.0,4.0,-168.0,423.0,-690.0
-189.0,511.0,306.0,-285.0,66.0,-19.0,149.0,-243.0,539.0,-594.0
-211.0,376.0,260.0,-273.0,34.0,27.0,248.0,-232.0,645.0,-493.0
-244.0,244.0,352.0,-221.0,7.0,87.0,73.0,-160.0,745.0,-387.0
-274.0,193.0,266.0,-121.0,-13.0,15.0,20.0,-112.0,817.0,-290.0
-304.0,188.0,278.0,-52.0,-20.0,-41.0,205.0,-66.0,837.0,-243.0
-315.0,239.0,328.0,-4.0,-10.0,-23.0,136.0,-162.0,845.0,-209.0
-326.0,287.0,224.0,20.0,14.0,-90.0,42.0,-103.0,809.0,-179.0
-314.0,260.0,332.0,24.0,39.0,-196.0,359.0,-160.0,759.0,-191.0
-287.0,273.0,308.0,23.0,55.0,-179.0,414.0,-210.0,706.0,-225.0
-253.0,429.0,405.0,10.0,63.0,-104.0,105.0,-234.0,629.0,-258.0
-206.0,635.0,380.0,0.0,70.0,-75.0,196.0,-271.0,548.0,-277.0
-151.0,698.0,337.0,-44.0,85.0,-45.0,344.0,-110.0,461.0,-294.0
-84.0,625.0,482.0,-76.0,110.0,9.0,170.0,-164.0,392.0,-295.0
-19.0,554.0,372.0,-91.0,140.0,54.0,46.0,-136.0,334.0,-260.0
53.0,468.0,448.0,-143.0,162.0,19.0,229.0,-48.0,272.0,-213.0
121.0,285.0,413.0,-183.0,173.0,56.0,483.0,-84.0,251.0,-180.0
186.0,-10.0,462.0,-222.0,172.0,149.0,335.0,-62.0,236.0,-119.0
249.0,-369.0,454.0,-242.0,156.0,156.0,154.0,-94.0,209.0,-52.0
299.0,-674.0,337.0,-239.0,127.0,202.0,274.0,-92.0,193.0,-9.0
345.0,-820.0,407.0,-245.0,93.0,249.0,290.0,-77.0,159.0,32.0
398.0,-893.0,294.0,-212.0,58.0,292.0,300.0,24.0,112.0,71.0
451.0,-961.0,201.0,-178.0,26.0,271.0,412.0,-35.0,59.0,120.0
488.0,-888.0,184.0,-138.0,-1.0,202.0,219.0,-145.0,0.0,136.0
534.0,-668.0,85.0,-89.0,-28.0,256.0,-60.0,-88.0,-64.0,162.0
557.0,-436.0,2.0,-38.0,-60.0,246.0,280.0,-199.0,-132.0,221.0
571.0,-230.0,-55.0,13.0,-102.0,198.0,699.0,-194.0,-182.0,237.0
564.0,-58.0,-110.0,27.0,-149.0,229.0,319.0,-221.0,-231.0,249.0
537.0,41.0,-151.0,55.0,-186.0,260.0,-11.0,-247.0,-253.0,299.0
524.0,94.0,-252.0,63.0,-201.0,244.0,218.0,-131.0,-256.0,357.0
487.0,101.0,-201.0,62.0,-194.0,164.0,243.0,-151.0,-272.0,386.0
453.0,80.0,-318.0,74.0,-169.0,244.0,183.0,-51.0,-266.0,414.0
408.0,65.0,-343.0,47.0,-126.0,357.0,475.0,-101.0,-243.0,460.0
365.0,-46.0,-230.0,-8.0,-68.0,221.0,612.0,-218.0,-230.0,472.0
314.0,-256.0,-343.0,-93.0,-13.0,141.0,391.0,-266.0,-213.0,449.0
257.0,-421.0,-298.0,-175.0,26.0,210.0,271.0,-328.0,-194.0,424.0
206.0,-477.0,-272.0,-235.0,54.0,198.0,406.0,-225.0,-167.0,396.0
147.0,-411.0,-237.0,-271.0,71.0,149.0,505.0,-269.0,-146.0,343.0
103.0,-201.0,-369.0,-294.0,70.0,137.0,296.0,-203.0,-116.0,275.0
64.0,130.0,-320.0,-297.0,58.0,185.0,224.0,-153.0,-79.0,239.0
42.0,476.0,-184.0,-262.0,46.0,207.0,447.0,-223.0,-57.0,215.0
23.0,773.0,-329.0,-225.0,28.0,150.0,427.0,-218.0,-46.0,175.0
14.0,972.0,-175.0,-193.0,1.0,183.0,263.0,-391.0,-51.0,153.0
21.0,971.0,-178.0,-163.0,-22.0,231.0,236.0,-465.0,-57.0,150.0
25.0,790.0,-111.0,-138.0,-39.0,163.0,185.0,-533.0,-72.0,143.0
19.0,572.0,-106.0,-107.0,-47.0,114.0,183.0,-487.0,-98.0,133.0
17.0,421.0,-206.0,-47.0,-48.0,169.0,412.0,-389.0,-140.0,132.0
25.0,328.0,5.0,-17.0,-45.0,267.0,444.0,-382.0,-195.0,140.0
24.0,253.0,-219.0,23.0,-36.0,242.0,394.0,-243.0,-241.0,137.0
23.0,184.0,-139.0,83.0,-18.0,121.0,385.0,-304.0,-275.0,120.0
14.0,112.0,-115.0,115.0,9.0,99.0,20.0,-243.0,-288.0,119.0
-1.0,29.0,-218.0,155.0,40.0,69.0,-130.0,-210.0,-287.0,98.0
-10.0,-22.0,-123.0,163.0,61.0,24.0,29.0,-280.0,-257.0,35.0
0.0,-92.0,-212.0,193.0,71.0,68.0,153.0,-269.0,-199.0,-11.0
-16.0,-289.0,-45.0,214.0,61.0,127.0,334.0,-371.0,-125.0,-39.0
-41.0,-533.0,-137.0,217.0,39.0,137.0,262.0,-299.0,-44.0,-59.0
-28.0,-737.0,-33.0,266.0,18.0,91.0,3.0,-338.0,39.0,-97.0
4.0,-885.0,76.0,297.0,7.0,69.0,10.0,-330.0,119.0,-112.0
9.0,-916.0,176.0,319.0,9.0,68.0,124.0,-251.0,187.0,-115.0
-16.0,-818.0,265.0,329.0,16.0,91.0,92.0,-288.0,245.0,-148.0
-15.0,-663.0,355.0,301.0,26.0,135.0,120.0,-227.0,289.0,-160.0
-12.0,-527.0,456.0,245.0,37.0,133.0,117.0,-308.0,322.0,-145.0
-32.0,-429.0,384.0,172.0,45.0,51.0,-40.0,-290.0,327.0,-118.0
-58.0,-311.0,635.0,90.0,44.0,-15.0,-91.0,-303.0,319.0,-101.0
-55.0,-138.0,531.0,24.0,29.0,56.0,10.0,-397.0,302.0,-60.0
-57.0,33.0,677.0,-5.0,5.0,140.0,144.0,-351.0,281.0,-14.0
-77.0,201.0,752.0,-35.0,-20.0,148.0,95.0,-321.0,264.0,0.0
-87.0,330.0,746.0,-60.0,-38.0,165.0,-177.0,-197.0,254.0,18.0
-87.0,351.0,849.0,-73.0,-51.0,237.0,-308.0,-149.0,259.0,47.0
-74.0,377.0,727.0,-51.0,-59.0,229.0,-72.0,-77.0,264.0,97.0
-69.0,454.0,846.0,-26.0,-66.0,158.0,13.0,-88.0,284.0,153.0
-43.0,464.0,686.0,-17.0,-74.0,161.0,-335.0,-179.0,296.0,210.0
14.0,402.0,677.0,20.0,-87.0,224.0,-422.0,-129.0,283.0,287.0
81.0,334.0,586.0,20.0,-103.0,288.0,-258.0,-218.0,279.0,363.0
132.0,238.0,406.0,-14.0,-111.0,290.0,-219.0,-236.0,267.0,404.0
179.0,170.0,391.0,-40.0,-103.0,277.0,16.0,-332.0,278.0,444.0
215.0,242.0,217.0,-47.0,-80.0,237.0,220.0,-362.0,294.0,490.0
241.0,338.0,219.0,-37.0,-37.0,139.0,-68.0,-277.0,309.0,502.0
260.0,363.0,61.0,-48.0,27.0,81.0,-477.0,-280.0,352.0,505.0
273.0,348.0,26.0,-55.0,103.0,121.0,-360.0,-145.0,394.0,506.0
305.0,245.0,-3.0,-37.0,171.0,189.0,26.0,-184.0,443.0,509.0
337.0,79.0,-196.0,1.0,215.0,208.0,68.0,-121.0,486.0,513.0
372.0,-27.0,-88.0,65.0,236.0,184.0,-4.0,-11.0,489.0,508.0
375.0,-139.0,-207.0,121.0,232.0,181.0,-17.0,-38.0,473.0,500.0
353.0,-285.0,-175.0,173.0,208.0,175.0,-133.0,25.0,462.0,481.0
335.0,-317.0,-160.0,243.0,174.0,107.0,-130.0,1.0,443.0,431.0
308.0,-260.0,-177.0,287.0,144.0,100.0,54.0,1.0,417.0,374.0
289.0,-232.0,-51.0,341.0,128.0,115.0,49.0,-16.0,383.0,324.0
270.0,-296.0,-121.0,408.0,109.0,45.0,39.0,92.0,347.0,272.0
274.0,-442.0,17.0,435.0,84.0,15.0,68.0,129.0,324.0,220.0
312.0,-598.0,-15.0,449.0,67.0,95.0,-168.0,42.0,288.0,172.0
343.0,-750.0,36.0,449.0,63.0,200.0,-308.0,147.0,242.0,140.0
346.0,-846.0,58.0,430.0,62.0,193.0,-316.0,101.0,188.0,81.0
339.0,-779.0,34.0,394.0,53.0,95.0,-162.0,121.0,131.0,10.0
357.0,-483.0,59.0,350.0,35.0,58.0,154.0,109.0,59.0,-11.0
380.0,-6.0,-27.0,271.0,8.0,58.0,178.0,59.0,-34.0,-25.0
382.0,458.0,58.0,188.0,-29.0,19.0,186.0,127.0,-113.0,-51.0
391.0,791.0,0.0,173.0,-68.0,3.0,236.0,0.0,-213.0,-40.0
417.0,1008.0,43.0,191.0,-97.0,28.0,-102.0,73.0,-305.0,1.0
463.0,1107.0,39.0,242.0,-116.0,14.0,-349.0,107.0,-369.0,39.0
488.0,1106.0,50.0,315.0,-130.0,-33.0,-163.0,133.0,-437.0,57.0
494.0,1116.0,89.0,366.0,-143.0,-2.0,-152.0,254.0,-469.0,79.0
509.0,1094.0,23.0,408.0,-142.0,91.0,-244.0,134.0,-470.0,109.0
498.0,955.0,60.0,438.0,-126.0,69.0,-20.0,145.0,-460.0,84.0
484.0,779.0,-8.0,431.0,-103.0,-51.0,158.0,105.0,-439.0,39.0
451.0,538.0,-13.0,384.0,-83.0,-52.0,231.0,79.0,-424.0,11.0
432.0,191.0,-53.0,287.0,-73.0,7.0,180.0,59.0,-420.0,-38.0
413.0,-155.0,-65.0,176.0,-81.0,-50.0,-87.0,53.0,-430.0,-109.0
388.0,-410.0,-101.0,54.0,-100.0,-130.0,-96.0,144.0,-433.0,-168.0
387.0,-568.0,-164.0,-77.0,-118.0,-95.0,172.0,127.0,-431.0,-177.0
381.0,-661.0,-128.0,-173.0,-129.0,-23.0,369.0,249.0,-428.0,-190.0
394.0,-668.0,-211.0,-266.0,-133.0,-31.0,307.0,129.0,-414.0,-220.0
364.0,-536.0,-205.0,-340.0,-135.0,-65.0,-35.0,59.0,-388.0,-185.0
323.0,-311.0,-201.0,-387.0,-137.0,-39.0,-328.0,182.0,-354.0,-142.0
313.0,-136.0,-186.0,-409.0,-129.0,-32.0,-175.0,127.0,-335.0,-120.0
293.0,-131.0,-181.0,-420.0,-105.0,-106.0,269.0,181.0,-325.0,-79.0
251.0,-255.0,-128.0,-450.0,-74.0,-91.0,548.0,131.0,-312.0,-10.0
203.0,-320.0,-72.0,-466.0,-56.0,17.0,669.0,158.0,-311.0,80.0
178.0,-270.0,-96.0,-463.0,-52.0,32.0,456.0,203.0,-313.0,148.0
139.0,-192.0,43.0,-398.0,-42.0,-52.0,-113.0,254.0,-315.0,231.0
108.0,-141.0,7.0,-311.0,-22.0,-74.0,-395.0,319.0,-327.0,336.0
86.0,-169.0,28.0,-237.0,2.0,14.0,-62.0,138.0,-333.0,398.0
62.0,-270.0,97.0,-145.0,33.0,133.0,495.0,157.0,-324.0,445.0
51.0,-354.0,58.0,-88.0,78.0,168.0,536.0,112.0,-299.0,512.0
62.0,-397.0,154.0,-59.0,120.0,126.0,166.0,147.0,-277.0,554.0
65.0,-429.0,136.0,-36.0,141.0,164.0,-3.0,323.0,-249.0,557.0
64.0,-403.0,167.0,-31.0,142.0,150.0,112.0,279.0,-214.0,555.0
92.0,-273.0,210.0,-37.0,131.0,153.0,244.0,304.0,-177.0,562.0
102.0,-76.0,169.0,-55.0,117.0,227.0,118.0,262.0,-128.0,537.0
117.0,180.0,228.0,-89.0,107.0,245.0,-133.0,312.0,-74.0,469.0
138.0,520.0,241.0,-101.0,108.0,283.0,-51.0,254.0,-3.0,417.0
174.0,834.0,278.0,-95.0,124.0,238.0,388.0,147.0,70.0,366.0
224.0,1025.0,339.0,-70.0,136.0,179.0,582.0,251.0,150.0,285.0
242.0,1133.0,377.0,-10.0,133.0,95.0,271.0,205.0,224.0,212.0
253.0,1147.0,378.0,31.0,119.0,77.0,-77.0,284.0,292.0,177.0
278.0,1031.0,396.0,13.0,98.0,223.0,69.0,256.0,357.0,149.0
320.0,828.0,417.0,-26.0,80.0,194.0,339.0,249.0,415.0,119.0
356.0,569.0,385.0,-31.0,73.0,34.0,387.0,303.0,462.0,112.0
397.0,239.0,406.0,2.0,82.0,-39.0,398.0,88.0,489.0,141.0
447.0,-148.0,381.0,84.0,106.0,45.0,314.0,77.0,507.0,150.0
494.0,-485.0,390.0,179.0,132.0,115.0,144.0,59.0,506.0,138.0
527.0,-647.0,407.0,254.0,144.0,81.0,-45.0,53.0,496.0,158.0
530.0,-689.0,375.0,310.0,131.0,133.0,60.0,168.0,474.0,164.0
534.0,-725.0,401.0,328.0,94.0,186.0,327.0,223.0,459.0,154.0
529.0,-713.0,401.0,336.0,45.0,134.0,341.0,301.0,447.0,137.0
521.0,-596.0,385.0,306.0,0.0,122.0,254.0,312.0,428.0,155.0
520.0,-408.0,398.0,250.0,-22.0,224.0,237.0,323.0,410.0,190.0
516.0,-193.0,377.0,209.0,-18.0,237.0,180.0,227.0,373.0,174.0
505.0,-2.0,340.0,128.0,-3.0,149.0,-49.0,251.0,323.0,183.0
471.0,113.0,327.0,47.0,1.0,91.0,-112.0,284.0,267.0,202.0
431.0,209.0,295.0,-19.0,-10.0,131.0,0.0,210.0,223.0,162.0
375.0,330.0,250.0,-119.0,-31.0,200.0,149.0,371.0,191.0,89.0
299.0,399.0,233.0,-212.0,-49.0,142.0,227.0,332.0,173.0,38.0
216.0,401.0,223.0,-266.0,-65.0,166.0,120.0,363.0,185.0,-16.0
147.0,420.0,197.0,-287.0,-84.0,250.0,56.0,399.0,211.0,-115.0
99.0,409.0,180.0,-318.0,-98.0,252.0,123.0,267.0,249.0,-204.0
68.0,192.0,151.0,-328.0,-96.0,188.0,249.0,360.0,308.0,-238.0
24.0,-131.0,114.0,-261.0,-67.0,140.0,116.0,271.0,376.0,-266.0
-21.0,-276.0,66.0,-163.0,-22.0,207.0,-63.0,247.0,441.0,-286.0
-44.0,-217.0,14.0,-78.0,19.0,189.0,-33.0,312.0,517.0,-243.0
-83.0,-73.0,-16.0,0.0,47.0,143.0,68.0,262.0,593.0,-164.0
-119.0,99.0,-52.0,77.0,65.0,139.0,201.0,216.0,658.0,-88.0
-136.0,235.0,-73.0,119.0,78.0,95.0,179.0,279.0,708.0,-11.0
-154.0,258.0,-96.0,131.0,89.0,48.0,62.0,323.0,747.0,104.0
-169.0,205.0,-121.0,117.0,106.0,31.0,-70.0,267.0,775.0,221.0
-171.0,132.0,-116.0,82.0,124.0,68.0,-147.0,473.0,775.0,314.0
-167.0,90.0,-132.0,57.0,134.0,-2.0,-46.0,498.0,753.0,403.0
-160.0,129.0,-133.0,29.0,125.0,-68.0,199.0,528.0,719.0,490.0
-146.0,169.0,-133.0,18.0,90.0,14.0,326.0,633.0,665.0,549.0
-130.0,176.0,-153.0,-1.0,38.0,70.0,124.0,498.0,584.0,559.0
-99.0,167.0,-145.0,-51.0,-13.0,35.0,-124.0,502.0,483.0,582.0
-45.0,45.0,-152.0,-76.0,-61.0,-10.0,-248.0,382.0,372.0,597.0
28.0,-238.0,-132.0,-58.0,-107.0,14.0,-308.0,339.0,230.0,565.0
85.0,-560.0,-150.0,-4.0,-145.0,47.0,-364.0,402.0,66.0,538.0
148.0,-720.0,-152.0,58.0,-164.0,37.0,-321.0,419.0,-98.0,511.0
202.0,-640.0,-127.0,119.0,-154.0,36.0,-81.0,574.0,-246.0,452.0
239.0,-399.0,-164.0,148.0,-121.0,85.0,111.0,567.0,-375.0,373.0
261.0,-62.0,-158.0,179.0,-86.0,104.0,35.0,611.0,-481.0,297.0
281.0,313.0,-175.0,224.0,-53.0,89.0,-183.0,569.0,-562.0,229.0
309.0,578.0,-188.0,259.0,-28.0,156.0,-336.0,485.0,-629.0,156.0
330.0,609.0,-178.0,267.0,-24.0,231.0,-274.0,583.0,-657.0,76.0
376.0,505.0,-197.0,228.0,-33.0,194.0,16.0,561.0,-669.0,18.0
404.0,491.0,-187.0,191.0,-27.0,147.0,184.0,600.0,-665.0,-34.0
425.0,620.0,-168.0,133.0,3.0,246.0,26.0,569.0,-614.0,-109.0
449.0,778.0,-174.0,90.0,49.0,313.0,-364.0,624.0,-561.0,-192.0
465.0,905.0,-167.0,76.0,92.0,271.0,-637.0,761.0,-483.0,-234.0
464.0,959.0,-149.0,47.0,124.0,286.0,-311.0,792.0,-388.0,-258.0
457.0,868.0,-170.0,50.0,137.0,415.0,344.0,849.0,-309.0,-288.0
463.0,636.0,-148.0,74.0,121.0,484.0,548.0,757.0,-224.0,-270.0
465.0,326.0,-132.0,122.0,79.0,419.0,105.0,748.0,-160.0,-210.0
473.0,19.0,-157.0,130.0,25.0,413.0,-327.0,657.0,-121.0,-161.0
466.0,-183.0,-142.0,93.0,-24.0,438.0,-295.0,596.0,-91.0,-122.0
475.0,-257.0,-156.0,17.0,-59.0,431.0,47.0,639.0,-81.0,-65.0
474.0,-258.0,-154.0,-97.0,-72.0,433.0,300.0,655.0,-87.0,-3.0
475.0,-227.0,-149.0,-169.0,-57.0,477.0,136.0,801.0,-88.0,38.0
480.0,-148.0,-151.0,-250.0,-22.0,533.0,-233.0,668.0,-87.0,85.0
470.0,-32.0,-114.0,-330.0,4.0,491.0,-380.0,628.0,-79.0,148.0
470.0,76.0,-98.0,-406.0,-1.0,431.0,-114.0,635.0,-76.0,186.0
442.0,107.0,-96.0,-501.0,-39.0,465.0,321.0,563.0,-69.0,201.0
412.0,15.0,-97.0,-555.0,-73.0,510.0,461.0,487.0,-63.0,211.0
373.0,-78.0,-84.0,-554.0,-78.0,542.0,132.0,251.0,-49.0,224.0
334.0,-109.0,-81.0,-512.0,-64.0,546.0,-318.0,275.0,-14.0,210.0
295.0,-182.0,-39.0,-434.0,-54.0,574.0,-320.0,245.0,22.0,162.0
247.0,-253.0,0.0,-359.0,-57.0,571.0,116.0,254.0,84.0,133.0
220.0,-136.0,11.0,-305.0,-61.0,443.0,447.0,330.0,161.0,99.0
188.0,138.0,67.0,-280.0,-59.0,472.0,384.0,345.0,242.0,57.0
143.0,304.0,52.0,-318.0,-44.0,551.0,77.0,471.0,310.0,27.0
112.0,249.0,56.0,-353.0,-24.0,569.0,-146.0,456.0,355.0,-2.0
75.0,116.0,75.0,-365.0,-8.0,582.0,-110.0,535.0,391.0,-37.0
35.0,9.0,65.0,-391.0,-2.0,515.0,232.0,491.0,417.0,-96.0
16.0,-124.0,104.0,-405.0,-2.0,498.0,565.0,413.0,434.0,-161.0
12.0,-336.0,113.0,-441.0,5.0,523.0,391.0,434.0,446.0,-190.0
50.0,-506.0,130.0,-497.0,22.0,580.0,-128.0,269.0,461.0,-202.0
89.0,-514.0,153.0,-504.0,40.0,609.0,-448.0,312.0,463.0,-197.0
127.0,-414.0,155.0,-498.0,53.0,480.0,-291.0,295.0,456.0,-123.0
181.0,-302.0,162.0,-449.0,67.0,338.0,180.0,279.0,440.0,-7.0
227.0,-150.0,170.0,-345.0,86.0,336.0,440.0,443.0,414.0,111.0
260.0,118.0,167.0,-266.0,105.0,388.0,177.0,480.0,381.0,241.0
273.0,366.0,170.0,-167.0,121.0,349.0,-255.0,521.0,353.0,394.0
283.0,404.0,223.0,-54.0,123.0,302.0,-431.0,430.0,342.0,530.0
293.0,317.0,243.0,83.0,115.0,415.0,-354.0,347.0,320.0,632.0
297.0,244.0,284.0,305.0,108.0,518.0,-208.0,282.0,310.0,723.0
298.0,158.0,344.0,516.0,107.0,452.0,-36.0,266.0,302.0,780.0
301.0,-11.0,350.0,663.0,108.0,390.0,130.0,288.0,268.0,795.0
293.0,-223.0,405.0,737.0,105.0,436.0,92.0,240.0,237.0,777.0
286.0,-357.0,427.0,750.0,99.0,539.0,-173.0,367.0,212.0,735.0
292.0,-399.0,443.0,759.0,100.0,559.0,-441.0,389.0,206.0,696.0
287.0,-474.0,499.0,778.0,103.0,505.0,-456.0,469.0,236.0,624.0
261.0,-586.0,530.0,788.0,101.0,521.0,-187.0,563.0,278.0,540.0
241.0,-561.0,577.0,752.0,88.0,500.0,145.0,578.0,331.0,493.0
228.0,-400.0,611.0,679.0,61.0,421.0,265.0,637.0,388.0,430.0
208.0,-268.0,651.0,588.0,21.0,423.0,14.0,421.0,409.0,351.0
189.0,-203.0,679.0,486.0,-24.0,438.0,-444.0,378.0,397.0,286.0
174.0,-147.0,668.0,393.0,-70.0,461.0,-677.0,362.0,356.0,222.0
173.0,-100.0,671.0,290.0,-106.0,490.0,-459.0,297.0,291.0,148.0
158.0,-98.0,675.0,222.0,-117.0,534.0,-60.0,345.0,212.0,59.0
120.0,-129.0,645.0,196.0,-102.0,584.0,98.0,206.0,119.0,-14.0
88.0,-174.0,605.0,159.0,-72.0,494.0,-113.0,214.0,34.0,-80.0
59.0,-219.0,556.0,157.0,-43.0,402.0,-411.0,153.0,-54.0,-164.0
24.0,-202.0,484.0,190.0,-25.0,411.0,-545.0,164.0,-129.0,-244.0
0.0,-88.0,419.0,219.0,-11.0,381.0,-484.0,293.0,-198.0,-291.0
-7.0,75.0,334.0,248.0,7.0,296.0,-272.0,301.0,-254.0,-317.0
-23.0,199.0,273.0,256.0,29.0,254.0,51.0,463.0,-276.0,-350.0
-54.0,193.0,217.0,237.0,52.0,294.0,186.0,393.0,-287.0,-363.0
-94.0,95.0,146.0,182.0,70.0,321.0,-125.0,378.0,-269.0,-333.0
-129.0,66.0,124.0,124.0,77.0,305.0,-518.0,415.0,-250.0,-320.0
-148.0,98.0,53.0,83.0,69.0,363.0,-687.0,319.0,-225.0,-313.0
-150.0,46.0,-26.0,40.0,49.0,447.0,-487.0,397.0,-199.0,-244.0
-146.0,-32.0,-81.0,-6.0,29.0,446.0,-5.0,395.0,-186.0,-176.0
-122.0,34.0,-160.0,-20.0,18.0,446.0,236.0,532.0,-172.0,-137.0
-89.0,272.0,-202.0,-26.0,17.0,453.0,56.0,593.0,-160.0,-105.0
-70.0,565.0,-249.0,-63.0,25.0,417.0,-250.0,502.0,-130.0,-79.0
-58.0,799.0,-280.0,-78.0,32.0,349.0,-499.0,441.0,-86.0,-75.0
-63.0,989.0,-289.0,-66.0,38.0,350.0,-521.0,367.0,-23.0,-107.0
-61.0,1204.0,-297.0,-49.0,45.0,464.0,-96.0,352.0,26.0,-128.0
-45.0,1374.0,-270.0,-21.0,56.0,444.0,356.0,199.0,59.0,-140.0
-29.0,1348.0,-282.0,-24.0,60.0,289.0,246.0,214.0,61.0,-170.0
10.0,1149.0,-274.0,-50.0,51.0,271.0,-358.0,236.0,33.0,-226.0
57.0,964.0,-234.0,-50.0,33.0,303.0,-832.0,256.0,2.0,-260.0
104.0,879.0,-222.0,-37.0,5.0,281.0,-713.0,352.0,-37.0,-287.0
150.0,776.0,-191.0,-20.0,-31.0,237.0,-230.0,282.0,-68.0,-351.0
183.0,554.0,-139.0,-11.0,-73.0,231.0,225.0,384.0,-91.0,-377.0
215.0,357.0,-73.0,-44.0,-92.0,296.0,269.0,391.0,-92.0,-377.0
248.0,354.0,-39.0,-82.0,-82.0,254.0,-160.0,408.0,-92.0,-398.0
284.0,476.0,18.0,-117.0,-53.0,172.0,-515.0,432.0,-108.0,-426.0
301.0,524.0,77.0,-173.0,-24.0,160.0,-597.0,412.0,-131.0,-436.0
314.0,402.0,87.0,-228.0,-11.0,146.0,-349.0,545.0,-177.0,-426.0
334.0,165.0,151.0,-295.0,-21.0,148.0,99.0,533.0,-227.0,-426.0
344.0,-115.0,190.0,-346.0,-41.0,212.0,162.0,637.0,-291.0,-424.0
341.0,-377.0,211.0,-335.0,-52.0,361.0,-216.0,589.0,-351.0,-378.0
323.0,-536.0,278.0,-311.0,-46.0,436.0,-632.0,428.0,-387.0,-337.0
311.0,-517.0,274.0,-298.0,-31.0,380.0,-595.0,343.0,-392.0,-319.0
290.0,-337.0,282.0,-286.0,-18.0,381.0,-203.0,206.0,-377.0,-278.0
265.0,-133.0,304.0,-280.0,-15.0,383.0,-4.0,336.0,-354.0,-220.0
237.0,-57.0,285.0,-253.0,-23.0,321.0,-85.0,334.0,-316.0,-168.0
221.0,-56.0,316.0,-208.0,-33.0,282.0,-239.0,386.0,-297.0,-133.0
213.0,0.0,332.0,-171.0,-30.0,278.0,-228.0,504.0,-264.0,-69.0
202.0,41.0,335.0,-140.0,-15.0,294.0,-183.0,426.0,-220.0,9.0
195.0,23.0,371.0,-123.0,6.0,286.0,-271.0,424.0,-176.0,68.0
177.0,5.0,381.0,-116.0,27.0,335.0,-313.0,349.0,-130.0,127.0
177.0,-32.0,380.0,-107.0,45.0,371.0,-304.0,336.0,-79.0,210.0
149.0,-103.0,382.0,-102.0,46.0,287.0,-375.0,303.0,-39.0,300.0
137.0,-177.0,371.0,-96.0,33.0,219.0,-491.0,286.0,-33.0,367.0
148.0,-262.0,377.0,-93.0,32.0,206.0,-440.0,223.0,-17.0,433.0
148.0,-372.0,373.0,-120.0,40.0,233.0,-236.0,96.0,-11.0,489.0
160.0,-483.0,351.0,-153.0,35.0,225.0,-171.0,162.0,-13.0,509.0
165.0,-583.0,361.0,-179.0,12.0,264.0,-215.0,16.0,-26.0,497.0
187.0,-679.0,341.0,-195.0,-17.0,383.0,-337.0,-44.0,-49.0,500.0
194.0,-783.0,319.0,-192.0,-38.0,346.0,-381.0,-11.0,-48.0,480.0
212.0,-917.0,319.0,-167.0,-58.0,212.0,-211.0,16.0,-74.0,425.0
222.0,-1083.0,285.0,-129.0,-81.0,200.0,-149.0,206.0,-103.0,367.0
221.0,-1268.0,255.0,-89.0,-86.0,232.0,-274.0,192.0,-126.0,292.0
224.0,-1421.0,241.0,-27.0,-65.0,168.0,-526.0,279.0,-151.0,215.0
218.0,-1408.0,218.0,38.0,-29.0,75.0,-819.0,264.0,-163.0,116.0
225.0,-1160.0,197.0,70.0,0.0,37.0,-861.0,145.0,-160.0,49.0
221.0,-729.0,183.0,83.0,16.0,77.0,-503.0,142.0,-117.0,17.0
229.0,-174.0,160.0,99.0,26.0,170.0,-215.0,33.0,-47.0,-25.0
235.0,416.0,154.0,115.0,31.0,212.0,-303.0,49.0,31.0,-57.0
251.0,882.0,140.0,128.0,22.0,276.0,-421.0,11.0,128.0,-48.0
242.0,1102.0,121.0,148.0,9.0,271.0,-409.0,51.0,218.0,-7.0
228.0,1124.0,124.0,161.0,16.0,180.0,-251.0,164.0,302.0,-9.0
220.0,1043.0,125.0,166.0,50.0,254.0,-124.0,267.0,389.0,3.0
177.0,891.0,101.0,167.0,87.0,356.0,-255.0,454.0,456.0,41.0
148.0,715.0,110.0,176.0,93.0,304.0,-526.0,424.0,511.0,37.0
110.0,562.0,82.0,183.0,78.0,226.0,-698.0,421.0,535.0,14.0
84.0,486.0,15.0,166.0,69.0,344.0,-684.0,343.0,532.0,-6.0
61.0,490.0,-11.0,135.0,73.0,435.0,-556.0,238.0,537.0,-25.0
28.0,541.0,-100.0,108.0,79.0,323.0,-275.0,223.0,518.0,-81.0
-5.0,582.0,-149.0,84.0,77.0,215.0,-101.0,144.0,497.0,-138.0
-48.0,535.0,-182.0,76.0,70.0,233.0,-311.0,195.0,478.0,-166.0
-99.0,473.0,-212.0,87.0,57.0,403.0,-542.0,251.0,448.0,-209.0
-147.0,493.0,-215.0,69.0,49.0,395.0,-409.0,334.0,421.0,-260.0
-189.0,501.0,-223.0,38.0,51.0,293.0,-7.0,325.0,390.0,-294.0
-224.0,401.0,-242.0,10.0,53.0,308.0,164.0,336.0,345.0,-291.0
-233.0,251.0,-282.0,-24.0,41.0,314.0,-211.0,380.0,272.0,-270.0
-244.0,94.0,-294.0,-20.0,15.0,269.0,-727.0,219.0,205.0,-255.0
-237.0,-25.0,-348.0,25.0,-12.0,209.0,-919.0,212.0,148.0,-189.0
-228.0,48.0,-372.0,126.0,-38.0,184.0,-767.0,162.0,83.0,-101.0
-212.0,293.0,-437.0,243.0,-49.0,99.0,-407.0,201.0,16.0,-31.0
-187.0,586.0,-488.0,342.0,-35.0,79.0,-15.0,271.0,-52.0,46.0
-178.0,922.0,-524.0,462.0,-2.0,66.0,107.0,256.0,-100.0,119.0
-161.0,1106.0,-575.0,537.0,31.0,25.0,-205.0,371.0,-134.0,186.0
-122.0,942.0,-576.0,588.0,45.0,-5.0,-520.0,181.0,-161.0,194.0
-61.0,555.0,-595.0,639.0,38.0,-19.0,-504.0,83.0,-180.0,183.0
-6.0,142.0,-543.0,640.0,17.0,85.0,-289.0,86.0,-205.0,177.0
52.0,-215.0,-537.0,629.0,-8.0,87.0,-153.0,173.0,-238.0,130.0
108.0,-440.0,-478.0,600.0,-37.0,-2.0,-306.0,386.0,-268.0,67.0
153.0,-495.0,-408.0,547.0,-64.0,-64.0,-521.0,297.0,-298.0,3.0
179.0,-479.0,-370.0,467.0,-89.0,-30.0,-636.0,328.0,-326.0,-33.0
213.0,-529.0,-256.0,361.0,-106.0,44.0,-528.0,245.0,-342.0,-67.0
233.0,-754.0,-201.0,274.0,-100.0,50.0,-178.0,157.0,-354.0,-115.0
253.0,-1098.0,-121.0,162.0,-75.0,108.0,18.0,162.0,-363.0,-138.0
284.0,-1358.0,-44.0,41.0,-42.0,147.0,-29.0,57.0,-343.0,-172.0
287.0,-1402.0,18.0,-51.0,-12.0,94.0,-238.0,125.0,-314.0,-250.0
300.0,-1232.0,85.0,-164.0,5.0,56.0,-543.0,7.0,-278.0,-330.0
304.0,-907.0,145.0,-261.0,11.0,154.0,-565.0,-64.0,-219.0,-391.0
302.0,-570.0,168.0,-320.0,0.0,223.0,-205.0,-121.0,-167.0,-458.0
289.0,-409.0,183.0,-373.0,-40.0,100.0,-71.0,-247.0,-127.0,-525.0
284.0,-407.0,201.0,-440.0,-101.0,64.0,-288.0,-179.0,-89.0,-551.0
269.0,-352.0,183.0,-513.0,-158.0,185.0,-266.0,-155.0,-65.0,-568.0
255.0,-102.0,215.0,-569.0,-184.0,273.0,-201.0,-29.0,-51.0,-604.0
270.0,247.0,225.0,-615.0,-172.0,216.0,-323.0,101.0,-36.0,-640.0
266.0,523.0,233.0,-595.0,-137.0,109.0,-143.0,186.0,-2.0,-677.0
262.0,760.0,246.0,-523.0,-96.0,181.0,34.0,142.0,33.0,-722.0
255.0,983.0,271.0,-449.0,-55.0,267.0,-328.0,-14.0,59.0,-797.0
243.0,1095.0,274.0,-363.0,-13.0,252.0,-668.0,-123.0,95.0,-879.0
210.0,1129.0,256.0,-289.0,24.0,204.0,-478.0,-341.0,119.0,-940.0
176.0,1126.0,255.0,-213.0,53.0,167.0,-244.0,-299.0,119.0,-988.0
144.0,980.0,220.0,-172.0,85.0,144.0,-317.0,-277.0,100.0,-1033.0
112.0,691.0,219.0,-159.0,129.0,41.0,-222.0,-262.0,54.0,-1053.0
83.0,436.0,185.0,-146.0,179.0,11.0,-6.0,16.0,-17.0,-1051.0
42.0,290.0,168.0,-174.0,217.0,29.0,-162.0,79.0,-100.0,-1058.0
13.0,128.0,157.0,-216.0,220.0,85.0,-402.0,142.0,-186.0,-1037.0
-23.0,-88.0,116.0,-248.0,193.0,187.0,-445.0,127.0,-267.0,-980.0
-62.0,-266.0,110.0,-271.0,154.0,171.0,-409.0,79.0,-322.0,-883.0
-97.0,-409.0,83.0,-301.0,106.0,177.0,-324.0,77.0,-379.0,-782.0
-127.0,-542.0,50.0,-315.0,49.0,191.0,-349.0,57.0,-430.0,-662.0
-158.0,-638.0,23.0,-345.0,-5.0,196.0,-502.0,171.0,-446.0,-503.0
-180.0,-746.0,3.0,-385.0,-40.0,213.0,-402.0,168.0,-435.0,-356.0
-192.0,-899.0,-19.0,-403.0,-53.0,210.0,-154.0,293.0,-394.0,-212.0
-193.0,-1010.0,-29.0,-402.0,-53.0,214.0,-263.0,315.0,-322.0,-77.0
-191.0,-997.0,-37.0,-354.0,-48.0,206.0,-383.0,267.0,-240.0,27.0
-191.0,-900.0,-52.0,-309.0,-47.0,251.0,-207.0,328.0,-158.0,105.0
-194.0,-760.0,-65.0,-281.0,-47.0,294.0,-359.0,236.0,-74.0,161.0
-204.0,-558.0,-102.0,-259.0,-41.0,333.0,-744.0,247.0,0.0,189.0
-227.0,-297.0,-129.0,-222.0,-35.0,429.0,-519.0,179.0,51.0,182.0
-259.0,-30.0,-144.0,-186.0,-38.0,409.0,86.0,181.0,83.0,152.0
-279.0,135.0,-159.0,-138.0,-46.0,300.0,21.0,144.0,109.0,101.0
-323.0,238.0,-152.0,-82.0,-40.0,327.0,-460.0,0.0,121.0,49.0
-356.0,408.0,-135.0,-59.0,-22.0,413.0,-384.0,40.0,142.0,-33.0
-384.0,562.0,-128.0,-50.0,-12.0,491.0,-84.0,-31.0,165.0,-149.0
-414.0,600.0,-109.0,-72.0,-23.0,457.0,-52.0,-20.0,182.0,-251.0
-406.0,582.0,-115.0,-67.0,-49.0,403.0,-204.0,-3.0,213.0,-369.0
-410.0,634.0,-97.0,-51.0,-71.0,461.0,-331.0,25.0,236.0,-490.0
-405.0,796.0,-73.0,-26.0,-76.0,399.0,-299.0,123.0,268.0,-608.0
-388.0,976.0,-93.0,20.0,-58.0,367.0,-219.0,107.0,331.0,-712.0
-370.0,960.0,-79.0,70.0,-28.0,450.0,-160.0,214.0,391.0,-796.0
-353.0,651.0,-81.0,149.0,2.0,517.0,-102.0,197.0,455.0,-879.0
-333.0,283.0,-96.0,242.0,22.0,517.0,-206.0,186.0,511.0,-908.0
-291.0,100.0,-105.0,311.0,19.0,438.0,-497.0,232.0,543.0,-882.0
-236.0,72.0,-137.0,328.0,0.0,496.0,-610.0,134.0,559.0,-845.0
-190.0,33.0,-174.0,340.0,-11.0,559.0,-493.0,46.0,552.0,-804.0
-155.0,-107.0,-199.0,357.0,-10.0,394.0,-248.0,-144.0,526.0,-736.0
-126.0,-303.0,-238.0,370.0,-9.0,241.0,-199.0,-184.0,491.0,-646.0
-108.0,-534.0,-280.0,359.0,-11.0,187.0,-284.0,-162.0,462.0,-582.0
-89.0,-808.0,-291.0,344.0,-2.0,169.0,-182.0,-151.0,423.0,-518.0
-94.0,-1009.0,-343.0,328.0,12.0,221.0,-171.0,-103.0,381.0,-417.0
-89.0,-1068.0,-381.0,317.0,13.0,196.0,-168.0,-112.0,337.0,-334.0
-68.0,-1077.0,-368.0,315.0,2.0,160.0,-148.0,-40.0,274.0,-270.0
-60.0,-1020.0,-375.0,298.0,9.0,202.0,-144.0,-147.0,221.0,-184.0
-59.0,-799.0,-365.0,317.0,45.0,265.0,-111.0,-201.0,173.0,-101.0
-72.0,-515.0,-331.0,301.0,90.0,294.0,-183.0,-227.0,139.0,-34.0
-80.0,-286.0,-324.0,238.0,118.0,198.0,-381.0,-216.0,118.0,9.0
-93.0,-68.0,-293.0,204.0,120.0,117.0,-446.0,-24.0,100.0,58.0
-125.0,167.0,-271.0,202.0,105.0,112.0,-234.0,-11.0,80.0,108.0
-151.0,410.0,-268.0,227.0,88.0,168.0,-107.0,92.0,49.0,124.0
-165.0,630.0,-220.0,246.0,74.0,139.0,-91.0,33.0,8.0,133.0
-166.0,720.0,-200.0,313.0,51.0,25.0,-67.0,-136.0,-61.0,145.0
-146.0,625.0,-170.0,399.0,14.0,13.0,-25.0,-171.0,-150.0,130.0
-139.0,389.0,-134.0,434.0,-22.0,-6.0,-82.0,-249.0,-234.0,66.0
-125.0,14.0,-120.0,449.0,-53.0,-34.0,-242.0,-157.0,-304.0,6.0
-110.0,-422.0,-74.0,397.0,-81.0,-26.0,-200.0,-171.0,-363.0,-65.0
-103.0,-765.0,-60.0,255.0,-104.0,-68.0,93.0,-123.0,-420.0,-168.0
-98.0,-942.0,-40.0,114.0,-125.0,-174.0,154.0,-51.0,-444.0,-255.0
-105.0,-948.0,0.0,15.0,-138.0,-257.0,-232.0,-83.0,-444.0,-315.0
-88.0,-850.0,15.0,-52.0,-136.0,-261.0,-304.0,-62.0,-446.0,-348.0
-89.0,-720.0,55.0,-94.0,-123.0,-202.0,130.0,-160.0,-433.0,-386.0
-97.0,-586.0,70.0,-128.0,-97.0,-209.0,337.0,-73.0,-412.0,-395.0
-105.0,-450.0,75.0,-180.0,-58.0,-375.0,-116.0,-84.0,-398.0,-377.0
-112.0,-290.0,95.0,-238.0,-23.0,-467.0,-506.0,-84.0,-366.0,-379.0
-116.0,-63.0,90.0,-266.0,-6.0,-454.0,-357.0,-12.0,-328.0,-387.0
-143.0,195.0,95.0,-276.0,-16.0,-526.0,-143.0,-120.0,-293.0,-385.0
-167.0,404.0,111.0,-297.0,-37.0,-578.0,7.0,-64.0,-271.0,-370.0
-185.0,600.0,85.0,-340.0,-51.0,-526.0,29.0,-168.0,-262.0,-365.0
-198.0,743.0,63.0,-373.0,-60.0,-481.0,-185.0,-214.0,-262.0,-361.0
-217.0,700.0,58.0,-399.0,-68.0,-528.0,-531.0,-256.0,-267.0,-320.0
-221.0,507.0,14.0,-433.0,-54.0,-514.0,-244.0,-415.0,-262.0,-267.0
-222.0,361.0,5.0,-417.0,-21.0,-366.0,280.0,-367.0,-262.0,-242.0
-225.0,405.0,-23.0,-377.0,-1.0,-391.0,120.0,-349.0,-259.0,-187.0
-230.0,572.0,-65.0,-342.0,-4.0,-465.0,-138.0,-182.0,-248.0,-108.0
-252.0,672.0,-100.0,-336.0,-11.0,-410.0,-176.0,-99.0,-247.0,-44.0
-280.0,528.0,-133.0,-348.0,-8.0,-438.0,33.0,-27.0,-238.0,18.0
-314.0,182.0,-132.0,-336.0,0.0,-530.0,179.0,79.0,-224.0,52.0
-338.0,-105.0,-157.0,-349.0,5.0,-655.0,-10.0,-5.0,-207.0,82.0
-371.0,-192.0,-151.0,-342.0,9.0,-612.0,-241.0,49.0,-172.0,81.0
-396.0,-232.0,-151.0,-337.0,17.0,-448.0,-268.0,-73.0,-128.0,40.0
-411.0,-314.0,-135.0,-364.0,29.0,-401.0,-38.0,-177.0,-78.0,11.0
-425.0,-282.0,-126.0,-339.0,36.0,-386.0,244.0,-240.0,-28.0,-1.0
-431.0,-170.0,-102.0,-294.0,17.0,-444.0,96.0,-352.0,9.0,-29.0
-427.0,-136.0,-60.0,-282.0,-33.0,-457.0,-218.0,-338.0,34.0,-45.0
-418.0,-249.0,-91.0,-293.0,-94.0,-426.0,-129.0,-419.0,51.0,-21.0
-401.0,-555.0,-53.0,-294.0,-147.0,-457.0,42.0,-410.0,53.0,-16.0
-371.0,-831.0,-33.0,-239.0,-191.0,-468.0,225.0,-437.0,43.0,-27.0
-363.0,-715.0,-41.0,-164.0,-222.0,-490.0,97.0,-319.0,38.0,-22.0
-347.0,-334.0,0.0,-115.0,-234.0,-453.0,-127.0,-247.0,28.0,-6.0
-324.0,-74.0,6.0,-59.0,-214.0,-327.0,25.0,-365.0,33.0,-21.0
-299.0,22.0,16.0,23.0,-164.0,-335.0,-22.0,-277.0,47.0,-56.0
-277.0,-29.0,37.0,120.0,-93.0,-401.0,-225.0,-330.0,44.0,-58.0
-261.0,-250.0,44.0,212.0,-24.0,-344.0,-201.0,-308.0,19.0,-78.0
-237.0,-475.0,41.0,314.0,11.0,-295.0,77.0,-282.0,-13.0,-104.0
-223.0,-587.0,40.0,435.0,11.0,-252.0,239.0,-332.0,-50.0,-113.0
-210.0,-613.0,-1.0,512.0,1.0,-299.0,204.0,-258.0,-90.0,-99.0
-199.0,-561.0,-37.0,537.0,9.0,-331.0,286.0,-323.0,-97.0,-100.0
-191.0,-399.0,-65.0,533.0,27.0,-256.0,116.0,-306.0,-87.0,-139.0
-176.0,-137.0,-100.0,512.0,36.0,-311.0,-113.0,-338.0,-67.0,-149.0
-166.0,167.0,-106.0,533.0,41.0,-384.0,45.0,-323.0,-36.0,-159.0
-162.0,481.0,-111.0,575.0,64.0,-378.0,178.0,-267.0,-9.0,-194.0
-142.0,788.0,-103.0,563.0,93.0,-294.0,160.0,-389.0,26.0,-225.0
-127.0,1033.0,-129.0,519.0,91.0,-267.0,87.0,-345.0,51.0,-248.0
-114.0,1181.0,-99.0,458.0,50.0,-323.0,28.0,-386.0,69.0,-277.0
-107.0,1250.0,-86.0,391.0,-19.0,-294.0,29.0,-358.0,80.0,-352.0
-103.0,1195.0,-87.0,329.0,-103.0,-273.0,85.0,-277.0,84.0,-419.0
-113.0,938.0,-30.0,256.0,-186.0,-184.0,219.0,-260.0,76.0,-452.0
-140.0,466.0,-72.0,176.0,-253.0,-137.0,171.0,-103.0,49.0,-503.0
-151.0,-159.0,-67.0,114.0,-291.0,-219.0,78.0,-70.0,1.0,-509.0
-165.0,-783.0,-66.0,69.0,-315.0,-246.0,183.0,62.0,-81.0,-464.0
-177.0,-1196.0,-125.0,38.0,-330.0,-295.0,259.0,27.0,-167.0,-419.0
-189.0,-1265.0,-146.0,-14.0,-316.0,-286.0,318.0,-120.0,-259.0,-355.0
-179.0,-1051.0,-201.0,-83.0,-271.0,-198.0,345.0,-212.0,-343.0,-290.0
-167.0,-737.0,-284.0,-161.0,-229.0,-208.0,156.0,-413.0,-423.0,-222.0
-153.0,-437.0,-339.0,-259.0,-196.0,-231.0,6.0,-434.0,-489.0,-157.0
-130.0,-190.0,-398.0,-297.0,-147.0,-155.0,140.0,-469.0,-518.0,-130.0
-115.0,-7.0,-466.0,-270.0,-68.0,-129.0,293.0,-426.0,-538.0,-84.0
-98.0,89.0,-480.0,-248.0,19.0,-102.0,225.0,-362.0,-524.0,-22.0
-92.0,94.0,-502.0,-229.0,94.0,-62.0,277.0,-282.0,-499.0,-11.0
-70.0,38.0,-505.0,-174.0,140.0,-60.0,408.0,-253.0,-447.0,10.0
-63.0,-73.0,-499.0,-130.0,153.0,-27.0,263.0,-312.0,-377.0,29.0
-62.0,-227.0,-483.0,-97.0,134.0,-168.0,160.0,-219.0,-295.0,23.0
-57.0,-313.0,-459.0,-78.0,107.0,-239.0,310.0,-304.0,-197.0,-2.0
-57.0,-214.0,-421.0,-98.0,98.0,-256.0,378.0,-301.0,-124.0,-38.0
-50.0,31.0,-374.0,-136.0,106.0,-256.0,304.0,-447.0,-49.0,-51.0
-52.0,298.0,-345.0,-190.0,129.0,-74.0,423.0,-668.0,-7.0,-99.0
-48.0,490.0,-296.0,-201.0,153.0,10.0,485.0,-567.0,1.0,-158.0
-60.0,531.0,-260.0,-193.0,162.0,10.0,422.0,-624.0,-2.0,-198.0
-81.0,401.0,-186.0,-210.0,152.0,-123.0,382.0,-550.0,-7.0,-250.0
-91.0,204.0,-123.0,-252.0,132.0,-173.0,291.0,-491.0,0.0,-308.0
-119.0,95.0,-68.0,-322.0,113.0,-117.0,338.0,-437.0,-8.0,-349.0
-144.0,68.0,-3.0,-386.0,93.0,-159.0,392.0,-266.0,-13.0,-377.0
-166.0,-102.0,8.0,-422.0,74.0,-229.0,365.0,-275.0,-26.0,-400.0
-180.0,-384.0,29.0,-472.0,60.0,-254.0,366.0,-160.0,-56.0,-403.0
-196.0,-496.0,24.0,-506.0,57.0,-272.0,391.0,-140.0,-124.0,-381.0
-226.0,-494.0,-11.0,-532.0,65.0,-287.0,478.0,-188.0,-206.0,-331.0
-259.0,-583.0,-20.0,-617.0,69.0,-224.0,514.0,-242.0,-283.0,-291.0
-287.0,-628.0,-59.0,-674.0,53.0,-304.0,408.0,-332.0,-372.0,-267.0
-312.0,-401.0,-93.0,-679.0,22.0,-287.0,375.0,-314.0,-448.0,-231.0
-334.0,-77.0,-113.0,-656.0,-4.0,-343.0,412.0,-373.0,-506.0,-196.0
-335.0,96.0,-141.0,-614.0,-13.0,-569.0,524.0,-327.0,-537.0,-170.0
-356.0,247.0,-167.0,-540.0,-8.0,-519.0,644.0,-378.0,-546.0,-141.0
-382.0,486.0,-210.0,-459.0,1.0,-404.0,553.0,-480.0,-537.0,-101.0
-402.0,730.0,-219.0,-382.0,11.0,-387.0,467.0,-413.0,-519.0,-94.0
-417.0,978.0,-259.0,-276.0,27.0,-484.0,441.0,-400.0,-487.0,-120.0
-434.0,1182.0,-274.0,-171.0,30.0,-417.0,545.0,-290.0,-434.0,-161.0
-456.0,1167.0,-271.0,-41.0,8.0,-290.0,551.0,-251.0,-356.0,-205.0
-457.0,925.0,-265.0,100.0,-11.0,-486.0,440.0,-247.0,-248.0,-235.0
-475.0,604.0,-253.0,214.0,-1.0,-650.0,504.0,-304.0,-115.0,-254.0
-483.0,324.0,-255.0,348.0,44.0,-658.0,469.0,-406.0,32.0,-231.0
-499.0,113.0,-236.0,491.0,110.0,-640.0,464.0,-373.0,183.0,-162.0
-505.0,-19.0,-271.0,574.0,175.0,-567.0,503.0,-415.0,324.0,-92.0
-500.0,-19.0,-277.0,608.0,203.0,-527.0,469.0,-290.0,443.0,-7.0
-496.0,71.0,-302.0,605.0,172.0,-635.0,458.0,-253.0,541.0,112.0
-469.0,83.0,-342.0,561.0,89.0,-755.0,501.0,-260.0,603.0,237.0
-444.0,-33.0,-333.0,474.0,-17.0,-770.0,492.0,-249.0,635.0,331.0
-409.0,-144.0,-353.0,362.0,-108.0,-786.0,253.0,-382.0,625.0,412.0
-383.0,-214.0,-358.0,267.0,-161.0,-698.0,229.0,-345.0,564.0,508.0
-349.0,-340.0,-341.0,169.0,-187.0,-605.0,425.0,-467.0,475.0,558.0
-314.0,-533.0,-336.0,92.0,-200.0,-590.0,402.0,-471.0,363.0,573.0
-266.0,-715.0,-315.0,49.0,-207.0,-479.0,221.0,-345.0,234.0,606.0
-222.0,-804.0,-297.0,22.0,-201.0,-500.0,49.0,-264.0,101.0,621.0
-202.0,-754.0,-252.0,37.0,-180.0,-597.0,76.0,-149.0,-12.0,621.0
-192.0,-554.0,-221.0,56.0,-159.0,-602.0,213.0,-284.0,-118.0,642.0
-205.0,-280.0,-215.0,80.0,-158.0,-599.0,232.0,-208.0,-210.0,691.0
-223.0,-101.0,-176.0,116.0,-171.0,-540.0,198.0,-190.0,-281.0,755.0
-259.0,-139.0,-196.0,116.0,-180.0,-574.0,146.0,-264.0,-345.0,820.0
-284.0,-348.0,-180.0,100.0,-165.0,-562.0,29.0,-177.0,-389.0,892.0
-306.0,-526.0,-166.0,67.0,-126.0,-400.0,51.0,-275.0,-420.0,958.0
-326.0,-538.0,-159.0,-7.0,-77.0,-488.0,269.0,-288.0,-431.0,974.0
-340.0,-404.0,-115.0,-103.0,-34.0,-611.0,350.0,-343.0,-409.0,928.0
-357.0,-155.0,-106.0,-214.0,-13.0,-480.0,177.0,-369.0,-371.0,849.0
-378.0,139.0,-59.0,-307.0,-17.0,-432.0,35.0,-286.0,-323.0,755.0
-408.0,348.0,-23.0,-348.0,-26.0,-528.0,190.0,-279.0,-262.0,621.0
-423.0,453.0,4.0,-367.0,-9.0,-571.0,338.0,-256.0,-207.0,482.0
-439.0,531.0,30.0,-376.0,24.0,-452.0,88.0,-256.0,-156.0,373.0
-447.0,622.0,41.0,-377.0,49.0,-281.0,-199.0,-210.0,-97.0,260.0
-445.0,756.0,60.0,-338.0,59.0,-324.0,-210.0,-277.0,-58.0,153.0
-442.0,896.0,62.0,-266.0,65.0,-413.0,-90.0,-293.0,-32.0,67.0
-445.0,963.0,67.0,-193.0,74.0,-471.0,115.0,-339.0,-25.0,5.0
-448.0,983.0,54.0,-114.0,87.0,-513.0,230.0,-489.0,-53.0,-60.0
-458.0,991.0,49.0,-83.0,104.0,-398.0,32.0,-448.0,-106.0,-134.0
-474.0,950.0,29.0,-98.0,115.0,-283.0,-190.0,-545.0,-187.0,-179.0
-484.0,879.0,20.0,-141.0,110.0,-335.0,-113.0,-576.0,-277.0,-236.0
-508.0,860.0,21.0,-206.0,96.0,-533.0,29.0,-607.0,-378.0,-329.0
-528.0,856.0,-9.0,-264.0,84.0,-538.0,-50.0,-702.0,-480.0,-420.0
-539.0,830.0,-1.0,-292.0,81.0,-369.0,-188.0,-598.0,-556.0,-497.0
-549.0,807.0,-28.0,-289.0,82.0,-238.0,-116.0,-602.0,-621.0,-584.0
-560.0,741.0,-42.0,-275.0,74.0,-174.0,76.0,-522.0,-652.0,-678.0
-572.0,583.0,-52.0,-252.0,58.0,-290.0,137.0,-421.0,-658.0,-737.0
-575.0,347.0,-100.0,-243.0,43.0,-311.0,87.0,-249.0,-641.0,-766.0
-571.0,71.0,-106.0,-214.0,34.0,-235.0,101.0,-96.0,-599.0,-785.0
-560.0,-273.0,-154.0,-179.0,22.0,-233.0,-19.0,-168.0,-547.0,-773.0
-546.0,-695.0,-190.0,-163.0,-4.0,-253.0,-230.0,-190.0,-470.0,-716.0
-510.0,-1091.0,-202.0,-132.0,-27.0,-240.0,-138.0,-343.0,-381.0,-625.0
-470.0,-1382.0,-229.0,-71.0,-27.0,-205.0,90.0,-393.0,-291.0,-548.0
-424.0,-1568.0,-232.0,1.0,-18.0,-166.0,199.0,-478.0,-204.0,-471.0
-378.0,-1639.0,-239.0,30.0,-20.0,15.0,18.0,-580.0,-117.0,-365.0
-331.0,-1539.0,-248.0,79.0,-32.0,16.0,-263.0,-504.0,-40.0,-267.0
-289.0,-1240.0,-241.0,126.0,-46.0,-141.0,-230.0,-532.0,21.0,-188.0
-269.0,-816.0,-250.0,169.0,-63.0,-47.0,-113.0,-443.0,74.0,-85.0
-241.0,-403.0,-284.0,251.0,-82.0,83.0,3.0,-447.0,100.0,41.0
-214.0,-56.0,-283.0,299.0,-89.0,62.0,105.0,-458.0,119.0,139.0
-192.0,239.0,-300.0,346.0,-73.0,-35.0,77.0,-454.0,122.0,215.0
-193.0,420.0,-304.0,383.0,-30.0,-47.0,-6.0,-485.0,120.0,296.0
-204.0,383.0,-297.0,407.0,24.0,34.0,-130.0,-412.0,122.0,370.0
-231.0,143.0,-311.0,388.0,79.0,16.0,-113.0,-452.0,111.0,416.0
-244.0,-147.0,-304.0,341.0,120.0,-55.0,-31.0,-371.0,107.0,468.0
-257.0,-330.0,-329.0,314.0,145.0,-75.0,-28.0,-393.0,110.0,527.0
-292.0,-356.0,-361.0,269.0,154.0,-129.0,-32.0,-345.0,101.0,545.0
-302.0,-327.0,-378.0,214.0,143.0,-141.0,23.0,-184.0,99.0,539.0
-338.0,-373.0,-410.0,130.0,111.0,-25.0,238.0,-253.0,102.0,527.0
-358.0,-511.0,-421.0,44.0,61.0,-39.0,322.0,-166.0,112.0,524.0
-380.0,-659.0,-410.0,-10.0,7.0,-172.0,170.0,-214.0,118.0,512.0
-393.0,-730.0,-410.0,-57.0,-44.0,-227.0,-54.0,-227.0,123.0,491.0
-384.0,-671.0,-359.0,-88.0,-100.0,-210.0,-145.0,-179.0,129.0,501.0
-379.0,-505.0,-325.0,-114.0,-162.0,-100.0,157.0,-260.0,129.0,492.0
-355.0,-296.0,-259.0,-137.0,-210.0,-116.0,373.0,-282.0,135.0,442.0
-344.0,-90.0,-159.0,-148.0,-218.0,-271.0,274.0,-539.0,131.0,400.0
-311.0,79.0,-99.0,-153.0,-187.0,-242.0,189.0,-646.0,125.0,359.0
-300.0,196.0,8.0,-153.0,-136.0,-54.0,134.0,-667.0,111.0,291.0
-285.0,243.0,87.0,-148.0,-82.0,-38.0,115.0,-655.0,99.0,204.0
-255.0,236.0,150.0,-142.0,-36.0,-183.0,66.0,-548.0,98.0,129.0
-244.0,229.0,206.0,-139.0,6.0,-139.0,28.0,-583.0,94.0,74.0
-227.0,224.0,246.0,-119.0,49.0,-42.0,-4.0,-474.0,96.0,22.0
-215.0,145.0,280.0,-96.0,85.0,-8.0,-71.0,-471.0,98.0,-8.0
-193.0,-9.0,285.0,-78.0,101.0,-57.0,69.0,-519.0,100.0,10.0
-163.0,-175.0,290.0,-93.0,99.0,-198.0,247.0,-480.0,111.0,57.0
-131.0,-321.0,264.0,-153.0,102.0,-219.0,161.0,-460.0,135.0,91.0
-94.0,-400.0,228.0,-221.0,114.0,-183.0,5.0,-454.0,166.0,130.0
-45.0,-367.0,174.0,-311.0,116.0,-156.0,-1.0,-554.0,203.0,170.0
3.0,-226.0,120.0,-415.0,99.0,-213.0,54.0,-535.0,256.0,175.0
47.0,-71.0,64.0,-520.0,80.0,-321.0,56.0,-530.0,289.0,137.0
82.0,-58.0,8.0,-619.0,72.0,-310.0,165.0,-497.0,314.0,70.0
117.0,-218.0,-25.0,-698.0,76.0,-267.0,272.0,-463.0,314.0,-8.0
143.0,-420.0,-64.0,-745.0,84.0,-250.0,139.0,-500.0,282.0,-116.0
161.0,-617.0,-117.0,-738.0,89.0,-243.0,4.0,-450.0,249.0,-228.0
179.0,-801.0,-136.0,-703.0,85.0,-308.0,90.0,-509.0,188.0,-308.0
189.0,-902.0,-148.0,-674.0,64.0,-366.0,379.0,-432.0,114.0,-377.0
193.0,-913.0,-163.0,-638.0,27.0,-398.0,240.0,-380.0,47.0,-435.0
179.0,-824.0,-134.0,-577.0,-11.0,-415.0,-172.0,-495.0,-15.0,-447.0
153.0,-660.0,-133.0,-510.0,-34.0,-338.0,29.0,-469.0,-66.0,-402.0
101.0,-522.0,-110.0,-392.0,-41.0,-300.0,321.0,-445.0,-106.0,-331.0
53.0,-393.0,-104.0,-238.0,-47.0,-307.0,84.0,-295.0,-148.0,-250.0
8.0,-168.0,-121.0,-114.0,-66.0,-277.0,-208.0,-214.0,-174.0,-131.0
-20.0,142.0,-91.0,-32.0,-94.0,-205.0,21.0,-169.0,-189.0,13.0
-40.0,484.0,-109.0,6.0,-124.0,-126.0,235.0,-136.0,-197.0,134.0
-61.0,795.0,-122.0,37.0,-151.0,-206.0,218.0,-280.0,-198.0,228.0
-70.0,943.0,-110.0,57.0,-167.0,-333.0,269.0,-304.0,-206.0,308.0
-80.0,862.0,-145.0,51.0,-172.0,-225.0,-48.0,-382.0,-220.0,356.0
-75.0,643.0,-168.0,52.0,-175.0,-85.0,-355.0,-389.0,-238.0,340.0
-77.0,441.0,-183.0,45.0,-177.0,-157.0,-138.0,-376.0,-238.0,307.0
-64.0,335.0,-230.0,35.0,-174.0,-234.0,315.0,-354.0,-227.0,275.0
-61.0,342.0,-253.0,24.0,-162.0,-248.0,305.0,-243.0,-206.0,224.0
-53.0,404.0,-284.0,8.0,-136.0,-203.0,-25.0,-295.0,-188.0,182.0
-45.0,454.0,-300.0,28.0,-98.0,-222.0,88.0,-227.0,-182.0,165.0
-48.0,434.0,-301.0,41.0,-57.0,-339.0,109.0,-310.0,-172.0,194.0
-35.0,259.0,-311.0,65.0,-22.0,-361.0,-19.0,-349.0,-169.0,220.0
-47.0,-20.0,-261.0,127.0,5.0,-457.0,158.0,-229.0,-173.0,235.0
-51.0,-232.0,-259.0,165.0,24.0,-519.0,327.0,-227.0,-198.0,287.0
-72.0,-236.0,-243.0,146.0,37.0,-409.0,285.0,-14.0,-223.0,314.0
-100.0,-111.0,-189.0,104.0,57.0,-327.0,-24.0,14.0,-250.0,302.0
-131.0,-17.0,-204.0,89.0,75.0,-355.0,-185.0,33.0,-288.0,297.0
-165.0,-7.0,-149.0,41.0,76.0,-439.0,31.0,24.0,-301.0,309.0
-188.0,-25.0,-122.0,-2.0,67.0,-412.0,339.0,-199.0,-298.0,303.0
-219.0,43.0,-99.0,-8.0,55.0,-374.0,600.0,-314.0,-268.0,273.0
-241.0,196.0,-39.0,-15.0,39.0,-423.0,366.0,-419.0,-209.0,286.0
-257.0,386.0,-35.0,0.0,17.0,-360.0,-46.0,-297.0,-159.0,307.0
-279.0,567.0,36.0,0.0,-6.0,-239.0,-10.0,-201.0,-97.0,296.0
-301.0,680.0,74.0,-5.0,-24.0,-247.0,275.0,-83.0,-40.0,294.0
-312.0,759.0,102.0,-36.0,-34.0,-292.0,384.0,12.0,-8.0,305.0
-324.0,866.0,172.0,-69.0,-44.0,-331.0,152.0,-75.0,13.0,294.0
-323.0,946.0,205.0,-74.0,-48.0,-320.0,13.0,22.0,17.0,244.0
-316.0,896.0,239.0,-99.0,-37.0,-204.0,32.0,7.0,12.0,199.0
-301.0,696.0,286.0,-124.0,-14.0,-122.0,313.0,59.0,-9.0,158.0
-287.0,333.0,334.0,-159.0,1.0,-74.0,529.0,77.0,-37.0,85.0
-274.0,-113.0,346.0,-204.0,-5.0,-100.0,250.0,-9.0,-72.0,-2.0
-252.0,-475.0,388.0,-251.0,-35.0,-162.0,17.0,-16.0,-114.0,-70.0
-234.0,-695.0,405.0,-310.0,-67.0,-106.0,8.0,-166.0,-167.0,-135.0
-211.0,-837.0,392.0,-355.0,-85.0,37.0,282.0,-151.0,-219.0,-218.0
-197.0,-973.0,419.0,-383.0,-90.0,86.0,330.0,-140.0,-259.0,-256.0
-187.0,-1006.0,381.0,-388.0,-81.0,-65.0,45.0,-83.0,-286.0,-251.0
-173.0,-838.0,378.0,-366.0,-57.0,-152.0,0.0,-73.0,-287.0,-251.0
-165.0,-574.0,358.0,-346.0,-22.0,-137.0,24.0,-195.0,-305.0,-226.0
-177.0,-320.0,291.0,-309.0,13.0,-146.0,95.0,-151.0,-310.0,-183.0
-172.0,-105.0,280.0,-254.0,49.0,-134.0,255.0,-286.0,-301.0,-123.0
-154.0,47.0,218.0,-186.0,79.0,-159.0,257.0,-218.0,-311.0,-68.0
-125.0,149.0,169.0,-86.0,101.0,-233.0,23.0,-64.0,-318.0,-33.0
-113.0,218.0,160.0,-4.0,111.0,-328.0,-6.0,-42.0,-301.0,25.0
-106.0,216.0,135.0,77.0,115.0,-370.0,68.0,120.0,-247.0,63.0
-87.0,127.0,116.0,147.0,119.0,-315.0,71.0,86.0,-188.0,66.0
-93.0,11.0,143.0,192.0,121.0,-218.0,286.0,84.0,-113.0,63.0
-96.0,-125.0,143.0,208.0,110.0,-178.0,324.0,72.0,-10.0,71.0
-99.0,-298.0,120.0,167.0,75.0,-176.0,115.0,33.0,76.0,78.0
-99.0,-427.0,180.0,89.0,13.0,-200.0,58.0,18.0,155.0,102.0
-116.0,-469.0,153.0,-4.0,-64.0,-273.0,193.0,-55.0,223.0,166.0
-131.0,-478.0,152.0,-69.0,-133.0,-254.0,135.0,-7.0,265.0,228.0
-155.0,-480.0,193.0,-106.0,-171.0,-215.0,-85.0,-79.0,303.0,286.0
-194.0,-426.0,144.0,-147.0,-167.0,-233.0,-8.0,-9.0,333.0,335.0
-224.0,-297.0,163.0,-197.0,-130.0,-286.0,160.0,84.0,361.0,369.0
-254.0,-122.0,142.0,-262.0,-84.0,-283.0,202.0,42.0,382.0,385.0
-254.0,54.0,104.0,-329.0,-34.0,-178.0,285.0,138.0,397.0,382.0
-256.0,235.0,92.0,-368.0,21.0,-148.0,325.0,140.0,421.0,389.0
-248.0,436.0,47.0,-366.0,85.0,-184.0,184.0,262.0,445.0,406.0
-248.0,631.0,21.0,-349.0,144.0,-225.0,4.0,323.0,475.0,386.0
-237.0,786.0,-5.0,-354.0,184.0,-231.0,18.0,280.0,506.0,361.0
-213.0,882.0,-41.0,-335.0,198.0,-241.0,236.0,301.0,555.0,342.0
-188.0,927.0,-53.0,-288.0,185.0,-295.0,319.0,197.0,613.0,296.0
-138.0,899.0,-60.0,-243.0,143.0,-257.0,75.0,177.0,656.0,254.0
-90.0,713.0,-85.0,-148.0,84.0,-211.0,-193.0,112.0,686.0,202.0
-40.0,328.0,-64.0,-68.0,22.0,-217.0,-17.0,73.0,689.0,160.0
-15.0,-129.0,-51.0,6.0,-33.0,-162.0,155.0,-14.0,665.0,99.0
4.0,-503.0,-39.0,109.0,-69.0,-111.0,123.0,-79.0,610.0,0.0
20.0,-816.0,0.0,139.0,-71.0,-131.0,226.0,-12.0,527.0,-68.0
31.0,-1141.0,32.0,114.0,-34.0,-150.0,206.0,-51.0,426.0,-110.0
35.0,-1425.0,50.0,89.0,33.0,-153.0,235.0,77.0,303.0,-147.0
39.0,-1538.0,86.0,38.0,101.0,-145.0,202.0,83.0,179.0,-176.0
60.0,-1431.0,118.0,-8.0,149.0,-130.0,241.0,120.0,51.0,-178.0
78.0,-1218.0,127.0,-43.0,170.0,-100.0,330.0,223.0,-68.0,-182.0
117.0,-1007.0,167.0,-54.0,173.0,-16.0,8.0,173.0,-184.0,-197.0
154.0,-760.0,149.0,-34.0,160.0,-26.0,-113.0,190.0,-309.0,-191.0
197.0,-456.0,168.0,-23.0,119.0,-75.0,126.0,11.0,-407.0,-166.0
235.0,-136.0,169.0,1.0,47.0,-59.0,221.0,-84.0,-498.0,-120.0
254.0,171.0,149.0,9.0,-42.0,-14.0,91.0,-158.0,-570.0,-96.0
269.0,425.0,164.0,0.0,-135.0,-19.0,141.0,-282.0,-605.0,-73.0
282.0,577.0,127.0,3.0,-222.0,-199.0,96.0,-206.0,-625.0,-41.0
282.0,610.0,114.0,7.0,-291.0,-285.0,-6.0,-192.0,-619.0,-57.0
292.0,591.0,57.0,0.0,-331.0,-239.0,97.0,-97.0,-586.0,-80.0
317.0,545.0,20.0,-24.0,-343.0,-283.0,135.0,-20.0,-533.0,-82.0
332.0,427.0,-31.0,-38.0,-324.0,-338.0,340.0,83.0,-453.0,-89.0
370.0,310.0,-91.0,-78.0,-286.0,-332.0,349.0,219.0,-350.0,-89.0
387.0,273.0,-130.0,-131.0,-238.0,-287.0,59.0,266.0,-242.0,-68.0
388.0,294.0,-198.0,-164.0,-191.0,-350.0,-230.0,410.0,-135.0,-44.0
379.0,347.0,-225.0,-204.0,-162.0,-429.0,-375.0,402.0,-21.0,-47.0
358.0,478.0,-278.0,-217.0,-144.0,-312.0,-263.0,360.0,87.0,-54.0
340.0,670.0,-293.0,-199.0,-120.0,-205.0,67.0,303.0,211.0,-33.0
315.0,866.0,-305.0,-178.0,-88.0,-287.0,330.0,347.0,324.0,2.0
295.0,1031.0,-305.0,-159.0,-64.0,-377.0,182.0,497.0,403.0,41.0
277.0,1059.0,-274.0,-120.0,-56.0,-327.0,95.0,456.0,461.0,92.0
257.0,954.0,-248.0,-95.0,-56.0,-242.0,112.0,436.0,482.0,154.0
229.0,887.0,-222.0,-92.0,-50.0,-248.0,104.0,232.0,480.0,200.0
184.0,869.0,-200.0,-45.0,-22.0,-280.0,25.0,59.0,455.0,205.0
122.0,727.0,-191.0,-31.0,23.0,-267.0,-158.0,-75.0,408.0,188.0
74.0,382.0,-197.0,-54.0,72.0,-292.0,-130.0,-280.0,363.0,143.0
37.0,-30.0,-119.0,-64.0,114.0,-305.0,62.0,-227.0,307.0,59.0
15.0,-318.0,-67.0,-83.0,152.0,-256.0,39.0,-216.0,246.0,-52.0
13.0,-434.0,-3.0,-72.0,194.0,-227.0,-263.0,-38.0,192.0,-175.0
25.0,-501.0,96.0,-46.0,232.0,-219.0,-406.0,182.0,140.0,-288.0
51.0,-553.0,147.0,-32.0,263.0,-199.0,-419.0,295.0,81.0,-377.0
93.0,-531.0,215.0,6.0,286.0,-146.0,-140.0,456.0,20.0,-431.0
115.0,-484.0,198.0,20.0,308.0,-179.0,257.0,460.0,-44.0,-451.0
131.0,-516.0,183.0,-17.0,324.0,-284.0,300.0,482.0,-119.0,-437.0
159.0,-654.0,256.0,-70.0,323.0,-241.0,158.0,399.0,-196.0,-393.0
188.0,-856.0,295.0,-185.0,296.0,-143.0,-159.0,253.0,-268.0,-333.0
229.0,-1025.0,287.0,-302.0,255.0,-198.0,-363.0,16.0,-326.0,-273.0
255.0,-1066.0,347.0,-372.0,218.0,-285.0,-242.0,-188.0,-376.0,-209.0
301.0,-1007.0,386.0,-451.0,189.0,-252.0,-57.0,-210.0,-413.0,-141.0
348.0,-890.0,338.0,-534.0,162.0,-135.0,-129.0,-347.0,-425.0,-97.0
391.0,-735.0,352.0,-602.0,124.0,-111.0,-67.0,-290.0,-410.0,-55.0
439.0,-603.0,414.0,-656.0,64.0,-220.0,149.0,-206.0,-360.0,-46.0
465.0,-520.0,415.0,-674.0,-14.0,-178.0,-37.0,-162.0,-283.0,-63.0
497.0,-444.0,382.0,-636.0,-89.0,-49.0,-152.0,-107.0,-211.0,-61.0
517.0,-306.0,440.0,-593.0,-136.0,-34.0,4.0,-88.0,-126.0,-89.0
536.0,-86.0,446.0,-545.0,-160.0,-42.0,135.0,81.0,-30.0,-104.0
546.0,129.0,420.0,-443.0,-173.0,-48.0,179.0,173.0,54.0,-114.0
551.0,232.0,424.0,-329.0,-185.0,-74.0,67.0,314.0,152.0,-148.0
545.0,241.0,394.0,-212.0,-187.0,-129.0,-184.0,362.0,235.0,-173.0
521.0,276.0,406.0,-85.0,-172.0,-129.0,-308.0,334.0,301.0,-198.0
505.0,432.0,340.0,7.0,-145.0,-85.0,-7.0,280.0,348.0,-225.0
478.0,749.0,308.0,86.0,-110.0,-174.0,319.0,84.0,363.0,-264.0
438.0,1215.0,308.0,141.0,-73.0,-297.0,121.0,147.0,358.0,-303.0
398.0,1697.0,225.0,178.0,-37.0,-278.0,-269.0,96.0,336.0,-329.0
349.0,1988.0,180.0,214.0,-10.0,-241.0,-222.0,-1.0,307.0,-338.0
312.0,2000.0,117.0,242.0,10.0,-293.0,157.0,25.0,246.0,-354.0
265.0,1707.0,76.0,283.0,23.0,-449.0,216.0,-40.0,180.0,-365.0
215.0,1138.0,53.0,297.0,28.0,-491.0,-35.0,33.0,124.0,-352.0
175.0,432.0,35.0,280.0,23.0,-325.0,-291.0,5.0,83.0,-350.0
124.0,-216.0,83.0,280.0,12.0,-265.0,-385.0,81.0,79.0,-324.0
91.0,-617.0,89.0,271.0,2.0,-279.0,99.0,219.0,98.0,-256.0
54.0,-687.0,96.0,247.0,0.0,-257.0,237.0,332.0,141.0,-165.0
17.0,-496.0,153.0,237.0,2.0,-214.0,-265.0,563.0,192.0,-67.0
-18.0,-214.0,160.0,221.0,4.0,-199.0,-354.0,591.0,253.0,36.0
-57.0,24.0,181.0,171.0,14.0,-250.0,-183.0,628.0,305.0,150.0
-101.0,124.0,204.0,122.0,31.0,-231.0,-73.0,432.0,350.0,250.0
-133.0,85.0,167.0,89.0,50.0,-181.0,-125.0,243.0,377.0,339.0
-147.0,41.0,144.0,46.0,80.0,-145.0,-43.0,181.0,384.0,415.0
-167.0,58.0,125.0,-3.0,123.0,-123.0,261.0,36.0,382.0,501.0
-165.0,133.0,94.0,-42.0,164.0,-154.0,308.0,160.0,343.0,604.0
-172.0,267.0,67.0,-84.0,187.0,-194.0,2.0,157.0,287.0,699.0
-176.0,374.0,58.0,-152.0,184.0,-169.0,-278.0,197.0,201.0,807.0
-179.0,315.0,53.0,-198.0,157.0,-41.0,-389.0,219.0,94.0,913.0
-187.0,82.0,42.0,-185.0,127.0,60.0,-527.0,118.0,-16.0,999.0
-178.0,-204.0,19.0,-125.0,109.0,47.0,-193.0,110.0,-127.0,1057.0
-164.0,-456.0,14.0,-38.0,108.0,67.0,69.0,62.0,-202.0,1092.0
-136.0,-567.0,4.0,76.0,125.0,158.0,-194.0,92.0,-246.0,1111.0
-113.0,-503.0,-11.0,179.0,153.0,139.0,-129.0,22.0,-255.0,1075.0
-76.0,-397.0,19.0,249.0,181.0,29.0,84.0,27.0,-246.0,1015.0
-26.0,-351.0,15.0,307.0,194.0,-38.0,15.0,42.0,-224.0,939.0
30.0,-357.0,45.0,328.0,184.0,-62.0,-173.0,64.0,-175.0,836.0
93.0,-382.0,81.0,306.0,156.0,-62.0,-283.0,238.0,-125.0,713.0
144.0,-426.0,95.0,242.0,124.0,-106.0,-333.0,266.0,-60.0,573.0
193.0,-396.0,125.0,177.0,101.0,-70.0,-270.0,349.0,12.0,441.0
247.0,-164.0,135.0,118.0,90.0,26.0,-173.0,310.0,96.0,303.0
288.0,180.0,186.0,59.0,79.0,-58.0,-84.0,227.0,184.0,160.0
305.0,421.0,183.0,35.0,54.0,-99.0,184.0,230.0,249.0,47.0
347.0,504.0,197.0,11.0,19.0,-8.0,103.0,75.0,297.0,-41.0
395.0,560.0,198.0,-14.0,-14.0,18.0,-241.0,66.0,342.0,-93.0
449.0,657.0,135.0,-30.0,-45.0,-69.0,-289.0,-12.0,375.0,-110.0
504.0,756.0,146.0,-29.0,-68.0,-142.0,-129.0,33.0,413.0,-97.0
562.0,843.0,107.0,-38.0,-77.0,-58.0,-65.0,175.0,459.0,-60.0
626.0,908.0,106.0,-76.0,-70.0,-30.0,-211.0,83.0,479.0,-49.0
652.0,892.0,94.0,-121.0,-53.0,-166.0,124.0,153.0,475.0,-32.0
690.0,737.0,94.0,-155.0,-34.0,-281.0,416.0,127.0,456.0,-10.0
706.0,483.0,84.0,-213.0,-22.0,-189.0,115.0,129.0,421.0,-7.0
711.0,228.0,13.0,-287.0,-21.0,-12.0,24.0,103.0,379.0,-7.0
702.0,36.0,93.0,-319.0,-35.0,-43.0,133.0,1.0,318.0,-19.0
670.0,-92.0,16.0,-378.0,-56.0,-152.0,94.0,53.0,247.0,-14.0
658.0,-207.0,56.0,-429.0,-79.0,-149.0,-187.0,-27.0,165.0,-27.0
636.0,-320.0,105.0,-449.0,-103.0,-136.0,-28.0,36.0,79.0,-47.0
625.0,-400.0,31.0,-433.0,-112.0,-31.0,436.0,110.0,1.0,-58.0
610.0,-448.0,142.0,-380.0,-101.0,133.0,136.0,210.0,-74.0,-93.0
599.0,-486.0,66.0,-330.0,-73.0,102.0,-349.0,375.0,-121.0,-133.0
590.0,-479.0,101.0,-253.0,-47.0,-2.0,-135.0,406.0,-144.0,-170.0
575.0,-405.0,89.0,-207.0,-30.0,-25.0,56.0,460.0,-155.0,-204.0
575.0,-323.0,19.0,-159.0,-22.0,2.0,62.0,452.0,-132.0,-246.0
562.0,-276.0,45.0,-91.0,-19.0,-8.0,426.0,509.0,-77.0,-283.0
545.0,-245.0,-27.0,-13.0,-14.0,-108.0,252.0,489.0,-1.0,-298.0
535.0,-202.0,9.0,92.0,1.0,-121.0,-102.0,487.0,83.0,-304.0
522.0,-196.0,-51.0,187.0,28.0,-64.0,288.0,498.0,157.0,-296.0
498.0,-334.0,-17.0,298.0,53.0,-60.0,416.0,423.0,209.0,-272.0
484.0,-618.0,-9.0,381.0,70.0,-110.0,123.0,508.0,245.0,-224.0
477.0,-911.0,-41.0,417.0,81.0,-205.0,156.0,421.0,267.0,-157.0
461.0,-1057.0,13.0,428.0,86.0,-279.0,-12.0,389.0,284.0,-82.0
438.0,-947.0,-18.0,407.0,84.0,-242.0,40.0,471.0,295.0,7.0
418.0,-570.0,31.0,397.0,75.0,-139.0,456.0,473.0,305.0,103.0
404.0,-54.0,33.0,398.0,62.0,-127.0,351.0,567.0,308.0,163.0
368.0,404.0,80.0,375.0,36.0,-251.0,363.0,528.0,303.0,194.0
340.0,695.0,102.0,321.0,0.0,-377.0,116.0,502.0,299.0,209.0
335.0,835.0,70.0,257.0,-40.0,-300.0,-168.0,406.0,283.0,185.0
329.0,832.0,138.0,185.0,-66.0,-188.0,227.0,310.0,255.0,143.0
322.0,691.0,153.0,116.0,-65.0,-266.0,311.0,339.0,235.0,106.0
313.0,490.0,136.0,75.0,-54.0,-366.0,-23.0,236.0,209.0,94.0
311.0,379.0,174.0,61.0,-57.0,-338.0,10.0,214.0,180.0,110.0
300.0,414.0,177.0,34.0,-86.0,-262.0,175.0,127.0,175.0,154.0
268.0,499.0,154.0,-31.0,-131.0,-306.0,150.0,145.0,171.0,235.0
230.0,568.0,150.0,-100.0,-177.0,-333.0,277.0,212.0,168.0,327.0
207.0,627.0,102.0,-166.0,-215.0,-262.0,-81.0,192.0,163.0,422.0
166.0,677.0,108.0,-235.0,-233.0,-205.0,-192.0,369.0,164.0,495.0
121.0,668.0,10.0,-284.0,-230.0,-171.0,360.0,363.0,161.0,570.0
96.0,560.0,-50.0,-305.0,-201.0,-167.0,394.0,354.0,144.0,614.0
66.0,411.0,-60.0,-290.0,-152.0,-95.0,82.0,251.0,121.0,615.0
55.0,325.0,-169.0,-256.0,-94.0,-45.0,-136.0,64.0,70.0,628.0
47.0,296.0,-166.0,-200.0,-40.0,-77.0,-9.0,36.0,15.0,622.0
33.0,182.0,-188.0,-120.0,8.0,-42.0,51.0,-96.0,-69.0,589.0
18.0,-61.0,-208.0,-34.0,50.0,-126.0,72.0,-145.0,-152.0,521.0
2.0,-358.0,-239.0,32.0,80.0,-294.0,83.0,-181.0,-221.0,451.0
-13.0,-633.0,-230.0,80.0,98.0,-327.0,-125.0,9.0,-305.0,390.0
-18.0,-828.0,-215.0,145.0,107.0,-290.0,146.0,192.0,-345.0,318.0
-1.0,-942.0,-223.0,207.0,114.0,-185.0,598.0,219.0,-355.0,269.0
13.0,-1055.0,-131.0,231.0,125.0,-143.0,308.0,341.0,-340.0,238.0
26.0,-1201.0,-93.0,226.0,127.0,-169.0,-326.0,264.0,-283.0,209.0
46.0,-1312.0,-47.0,217.0,118.0,-128.0,-274.0,301.0,-209.0,177.0
82.0,-1342.0,12.0,203.0,101.0,-110.0,260.0,229.0,-121.0,145.0
107.0,-1224.0,73.0,192.0,85.0,-66.0,545.0,120.0,-22.0,119.0
118.0,-889.0,132.0,195.0,79.0,2.0,257.0,195.0,65.0,77.0
132.0,-397.0,208.0,202.0,78.0,-16.0,-81.0,73.0,133.0,28.0
146.0,94.0,293.0,219.0,85.0,17.0,38.0,-16.0,190.0,22.0
159.0,467.0,342.0,228.0,98.0,113.0,281.0,-153.0,233.0,32.0
174.0,676.0,380.0,256.0,107.0,164.0,509.0,-133.0,259.0,25.0
193.0,770.0,421.0,286.0,105.0,197.0,249.0,-27.0,287.0,36.0
207.0,792.0,465.0,285.0,89.0,191.0,-187.0,44.0,301.0,68.0
217.0,699.0,439.0,282.0,65.0,260.0,-6.0,256.0,299.0,89.0
228.0,475.0,476.0,256.0,49.0,346.0,213.0,327.0,297.0,97.0
231.0,202.0,480.0,238.0,40.0,270.0,230.0,454.0,286.0,100.0
236.0,34.0,420.0,228.0,27.0,162.0,448.0,399.0,267.0,113.0
231.0,19.0,400.0,183.0,11.0,158.0,603.0,371.0,242.0,114.0
227.0,123.0,335.0,102.0,-10.0,148.0,275.0,417.0,235.0,110.0
216.0,300.0,304.0,13.0,-34.0,34.0,-71.0,229.0,233.0,163.0
188.0,457.0,244.0,-112.0,-47.0,-32.0,257.0,247.0,236.0,246.0
181.0,602.0,187.0,-254.0,-34.0,23.0,604.0,173.0,244.0,339.0
180.0,756.0,180.0,-371.0,2.0,44.0,288.0,190.0,260.0,445.0
167.0,812.0,117.0,-465.0,41.0,-135.0,83.0,315.0,289.0,562.0
163.0,802.0,87.0,-522.0,74.0,-236.0,141.0,352.0,316.0,678.0
173.0,884.0,94.0,-548.0,103.0,-100.0,176.0,467.0,350.0,723.0
195.0,1019.0,25.0,-526.0,122.0,21.0,341.0,447.0,383.0,747.0
224.0,1150.0,-40.0,-478.0,126.0,35.0,275.0,535.0,419.0,753.0
236.0,1337.0,-32.0,-435.0,126.0,-33.0,52.0,545.0,438.0,698.0
261.0,1560.0,-68.0,-380.0,125.0,-50.0,-106.0,582.0,440.0,628.0
282.0,1689.0,-100.0,-340.0,123.0,-104.0,-17.0,600.0,422.0,555.0
286.0,1645.0,-82.0,-294.0,117.0,-150.0,406.0,419.0,371.0,483.0
309.0,1468.0,-105.0,-264.0,115.0,-106.0,247.0,406.0,322.0,421.0
333.0,1267.0,-83.0,-259.0,118.0,-47.0,-169.0,288.0,260.0,367.0
386.0,1139.0,-91.0,-227.0,122.0,50.0,102.0,303.0,204.0,335.0
427.0,1111.0,-76.0,-210.0,124.0,67.0,384.0,406.0,175.0,288.0
466.0,1175.0,-25.0,-183.0,123.0,55.0,121.0,428.0,153.0,217.0
495.0,1261.0,-38.0,-148.0,124.0,12.0,-210.0,550.0,141.0,154.0
500.0,1260.0,27.0,-87.0,127.0,-10.0,-348.0,487.0,139.0,100.0
498.0,1094.0,55.0,-12.0,128.0,118.0,-341.0,454.0,122.0,68.0
472.0,756.0,75.0,43.0,124.0,128.0,-53.0,517.0,97.0,52.0
461.0,375.0,137.0,102.0,111.0,35.0,194.0,548.0,92.0,74.0
448.0,121.0,166.0,135.0,92.0,68.0,-21.0,506.0,82.0,140.0
458.0,21.0,221.0,178.0,73.0,134.0,-512.0,463.0,80.0,196.0
456.0,-64.0,266.0,200.0,61.0,148.0,-587.0,500.0,92.0,251.0
446.0,-225.0,312.0,223.0,49.0,56.0,-271.0,382.0,101.0,335.0
440.0,-414.0,368.0,231.0,34.0,21.0,-280.0,400.0,117.0,407.0
423.0,-528.0,419.0,203.0,19.0,198.0,-475.0,382.0,138.0,457.0
411.0,-438.0,442.0,187.0,12.0,294.0,-350.0,358.0,156.0,522.0
393.0,-152.0,492.0,172.0,4.0,246.0,7.0,491.0,168.0,583.0
392.0,165.0,504.0,172.0,-15.0,236.0,-127.0,386.0,173.0,629.0
391.0,386.0,522.0,170.0,-53.0,303.0,-470.0,395.0,162.0,657.0
391.0,447.0,558.0,185.0,-94.0,315.0,-558.0,376.0,140.0,661.0
376.0,298.0,513.0,231.0,-134.0,202.0,-583.0,428.0,105.0,643.0
356.0,-24.0,527.0,290.0,-171.0,290.0,-229.0,550.0,53.0,579.0
334.0,-439.0,509.0,349.0,-196.0,509.0,-31.0,521.0,-23.0,504.0
307.0,-858.0,453.0,411.0,-204.0,465.0,-310.0,652.0,-100.0,421.0
272.0,-1143.0,433.0,458.0,-200.0,277.0,-475.0,637.0,-168.0,290.0
232.0,-1205.0,378.0,455.0,-208.0,282.0,-434.0,702.0,-239.0,157.0
213.0,-1075.0,315.0,419.0,-239.0,536.0,-244.0,661.0,-286.0,29.0
198.0,-846.0,270.0,365.0,-275.0,636.0,-116.0,452.0,-323.0,-109.0
192.0,-625.0,196.0,317.0,-297.0,477.0,-313.0,356.0,-347.0,-217.0
166.0,-447.0,110.0,319.0,-301.0,425.0,-399.0,247.0,-353.0,-289.0
167.0,-275.0,46.0,348.0,-306.0,538.0,-144.0,303.0,-364.0,-343.0
164.0,-126.0,-53.0,375.0,-312.0,573.0,-34.0,282.0,-359.0,-383.0
138.0,-25.0,-141.0,415.0,-316.0,459.0,-136.0,345.0,-343.0,-401.0
113.0,114.0,-225.0,429.0,-308.0,385.0,-403.0,399.0,-311.0,-413.0
80.0,347.0,-331.0,404.0,-286.0,417.0,-397.0,412.0,-247.0,-414.0
67.0,580.0,-419.0,384.0,-253.0,521.0,59.0,563.0,-185.0,-402.0
28.0,671.0,-488.0,356.0,-201.0,589.0,115.0,589.0,-121.0,-384.0
3.0,576.0,-570.0,299.0,-126.0,545.0,-227.0,705.0,-56.0,-337.0
-10.0,382.0,-590.0,249.0,-40.0,429.0,-433.0,685.0,-18.0,-295.0
-23.0,186.0,-598.0,217.0,40.0,398.0,-380.0,569.0,-9.0,-251.0
-34.0,-3.0,-615.0,180.0,106.0,484.0,-122.0,521.0,-17.0,-193.0
-60.0,-233.0,-560.0,128.0,152.0,471.0,21.0,310.0,-23.0,-143.0
-79.0,-508.0,-523.0,96.0,178.0,424.0,-233.0,247.0,-36.0,-84.0
-97.0,-791.0,-457.0,55.0,185.0,445.0,-464.0,173.0,-27.0,-38.0
-131.0,-1023.0,-365.0,31.0,189.0,573.0,-191.0,144.0,7.0,13.0
-179.0,-1184.0,-275.0,48.0,198.0,627.0,7.0,251.0,44.0,57.0
-218.0,-1315.0,-205.0,44.0,205.0,478.0,-167.0,225.0,99.0,80.0
-251.0,-1392.0,-124.0,41.0,203.0,450.0,-346.0,251.0,158.0,115.0
-255.0,-1352.0,-35.0,31.0,198.0,484.0,-324.0,251.0,228.0,143.0
-272.0,-1174.0,25.0,10.0,201.0,443.0,-93.0,277.0,302.0,149.0
-264.0,-929.0,130.0,-7.0,206.0,420.0,38.0,264.0,369.0,138.0
-225.0,-751.0,178.0,-13.0,210.0,366.0,-65.0,264.0,427.0,136.0
-203.0,-650.0,255.0,-38.0,220.0,350.0,-348.0,323.0,477.0,126.0
-176.0,-572.0,323.0,-121.0,238.0,292.0,-547.0,299.0,513.0,85.0
-151.0,-531.0,353.0,-207.0,250.0,231.0,-340.0,363.0,529.0,57.0
-101.0,-539.0,433.0,-253.0,236.0,386.0,-193.0,347.0,542.0,54.0
-51.0,-530.0,456.0,-270.0,194.0,467.0,-548.0,345.0,544.0,44.0
23.0,-431.0,505.0,-260.0,146.0,406.0,-802.0,253.0,569.0,48.0
103.0,-271.0,532.0,-242.0,111.0,458.0,-527.0,195.0,599.0,71.0
177.0,-138.0,545.0,-206.0,92.0,547.0,-227.0,214.0,605.0,108.0
244.0,-82.0,537.0,-134.0,76.0,537.0,-134.0,62.0,613.0,133.0
294.0,-82.0,509.0,-86.0,60.0,477.0,-196.0,127.0,614.0,138.0
349.0,-90.0,491.0,-16.0,51.0,521.0,-419.0,60.0,602.0,166.0
383.0,-85.0,429.0,72.0,48.0,679.0,-599.0,27.0,571.0,175.0
429.0,-74.0,423.0,158.0,55.0,713.0,-637.0,77.0,529.0,168.0
449.0,-106.0,365.0,237.0,67.0,560.0,-456.0,-55.0,487.0,167.0
455.0,-190.0,310.0,263.0,76.0,498.0,-432.0,64.0,430.0,145.0
464.0,-235.0,277.0,276.0,85.0,538.0,-604.0,171.0,370.0,95.0
476.0,-120.0,207.0,273.0,95.0,544.0,-306.0,301.0,322.0,28.0
482.0,161.0,210.0,262.0,101.0,518.0,-97.0,279.0,262.0,-26.0
470.0,535.0,226.0,249.0,107.0,502.0,-509.0,64.0,213.0,-77.0
467.0,983.0,183.0,246.0,106.0,476.0,-680.0,40.0,157.0,-127.0
456.0,1469.0,158.0,260.0,87.0,431.0,-458.0,-33.0,80.0,-154.0
453.0,1869.0,178.0,266.0,67.0,478.0,-306.0,77.0,3.0,-173.0
411.0,2118.0,133.0,248.0,68.0,511.0,-71.0,79.0,-97.0,-205.0
381.0,2224.0,143.0,226.0,93.0,442.0,-89.0,-27.0,-195.0,-260.0
358.0,2143.0,144.0,189.0,132.0,385.0,-366.0,-60.0,-282.0,-320.0
306.0,1820.0,166.0,93.0,178.0,463.0,-373.0,-242.0,-357.0,-366.0
252.0,1284.0,158.0,8.0,221.0,557.0,-426.0,-145.0,-414.0,-419.0
200.0,669.0,94.0,-69.0,250.0,521.0,-350.0,-25.0,-452.0,-454.0
156.0,197.0,151.0,-154.0,265.0,553.0,-152.0,120.0,-471.0,-440.0
108.0,-10.0,74.0,-212.0,277.0,662.0,-63.0,249.0,-492.0,-433.0
92.0,-41.0,43.0,-275.0,280.0,717.0,68.0,251.0,-498.0,-407.0
84.0,-84.0,20.0,-343.0,272.0,711.0,-190.0,277.0,-498.0,-346.0
93.0,-210.0,-42.0,-378.0,257.0,709.0,-425.0,212.0,-469.0,-293.0
80.0,-272.0,-9.0,-385.0,233.0,849.0,-191.0,351.0,-414.0,-247.0
58.0,-186.0,-58.0,-378.0,202.0,979.0,-15.0,297.0,-355.0,-193.0
39.0,-32.0,-17.0,-331.0,167.0,907.0,-88.0,136.0,-285.0,-148.0
-7.0,148.0,23.0,-242.0,132.0,816.0,-141.0,-3.0,-221.0,-115.0
-38.0,405.0,10.0,-131.0,97.0,811.0,-126.0,-279.0,-158.0,-93.0
-66.0,768.0,8.0,-24.0,61.0,847.0,-35.0,-291.0,-105.0,-69.0
-55.0,1190.0,31.0,71.0,10.0,905.0,148.0,-299.0,-51.0,-44.0
-50.0,1531.0,59.0,126.0,-51.0,965.0,-9.0,-208.0,10.0,-44.0
-34.0,1668.0,27.0,179.0,-104.0,1023.0,-246.0,-107.0,75.0,-56.0
-12.0,1640.0,52.0,228.0,-142.0,1011.0,-48.0,-16.0,138.0,-62.0
-8.0,1466.0,23.0,229.0,-171.0,957.0,225.0,192.0,211.0,-58.0
7.0,1117.0,-19.0,214.0,-208.0,951.0,118.0,284.0,280.0,-61.0
2.0,675.0,-56.0,201.0,-248.0,997.0,-67.0,471.0,319.0,-19.0
13.0,278.0,-83.0,210.0,-274.0,1066.0,64.0,482.0,351.0,74.0
3.0,-62.0,-89.0,211.0,-277.0,1128.0,16.0,443.0,368.0,137.0
0.0,-380.0,-134.0,193.0,-263.0,1115.0,-264.0,375.0,367.0,202.0
8.0,-612.0,-117.0,163.0,-245.0,1043.0,-224.0,144.0,337.0,284.0
38.0,-734.0,-131.0,120.0,-219.0,1036.0,30.0,96.0,298.0,345.0
92.0,-756.0,-140.0,62.0,-185.0,1093.0,195.0,-12.0,240.0,376.0
125.0,-690.0,-93.0,20.0,-146.0,1154.0,122.0,96.0,175.0,403.0
165.0,-548.0,-70.0,17.0,-111.0,1114.0,-164.0,290.0,123.0,436.0
191.0,-370.0,-35.0,41.0,-88.0,1039.0,-307.0,325.0,63.0,448.0
195.0,-232.0,28.0,44.0,-78.0,1095.0,-185.0,378.0,19.0,433.0
184.0,-158.0,44.0,41.0,-82.0,1123.0,107.0,332.0,-33.0,419.0
161.0,-119.0,71.0,86.0,-90.0,1072.0,174.0,426.0,-83.0,421.0
139.0,-71.0,110.0,117.0,-94.0,1026.0,-66.0,382.0,-127.0,393.0
109.0,-55.0,93.0,148.0,-96.0,1070.0,-137.0,293.0,-172.0,373.0
77.0,-98.0,107.0,182.0,-104.0,1166.0,-138.0,242.0,-199.0,377.0
55.0,-129.0,104.0,211.0,-120.0,1118.0,-102.0,144.0,-229.0,378.0
45.0,-118.0,98.0,268.0,-130.0,1049.0,-133.0,267.0,-250.0,378.0
44.0,-71.0,104.0,326.0,-132.0,1045.0,-323.0,269.0,-258.0,359.0
40.0,-55.0,95.0,387.0,-129.0,975.0,-157.0,256.0,-271.0,334.0
32.0,-118.0,112.0,417.0,-116.0,908.0,323.0,177.0,-295.0,294.0
21.0,-228.0,105.0,433.0,-92.0,943.0,414.0,27.0,-314.0,249.0
7.0,-347.0,116.0,446.0,-59.0,1020.0,-40.0,-14.0,-312.0,224.0
-12.0,-436.0,134.0,424.0,-31.0,1044.0,-310.0,-134.0,-312.0,211.0
-42.0,-468.0,104.0,385.0,-11.0,951.0,-193.0,-94.0,-289.0,210.0
-71.0,-443.0,120.0,312.0,0.0,905.0,-98.0,-40.0,-259.0,209.0
-90.0,-390.0,132.0,224.0,1.0,931.0,8.0,70.0,-242.0,203.0
-108.0,-292.0,104.0,163.0,-1.0,855.0,152.0,179.0,-217.0,185.0
-141.0,-111.0,117.0,111.0,-4.0,849.0,191.0,203.0,-206.0,138.0
-178.0,75.0,111.0,67.0,-4.0,905.0,-73.0,336.0,-204.0,73.0
-227.0,202.0,100.0,21.0,6.0,886.0,-427.0,299.0,-195.0,7.0
-259.0,221.0,110.0,-16.0,34.0,855.0,-381.0,341.0,-182.0,-60.0
-292.0,158.0,88.0,-46.0,72.0,898.0,-117.0,230.0,-168.0,-143.0
-321.0,96.0,71.0,-65.0,113.0,1005.0,206.0,-36.0,-145.0,-208.0
-311.0,3.0,88.0,-67.0,158.0,931.0,372.0,-153.0,-105.0,-251.0
-309.0,-184.0,62.0,-76.0,209.0,800.0,80.0,-336.0,-70.0,-301.0
-301.0,-437.0,53.0,-53.0,247.0,803.0,-183.0,-315.0,-35.0,-333.0
-309.0,-642.0,73.0,-28.0,255.0,853.0,-174.0,-254.0,2.0,-332.0
-316.0,-707.0,54.0,-16.0,240.0,854.0,-45.0,-64.0,45.0,-304.0
-322.0,-668.0,64.0,-3.0,220.0,788.0,241.0,134.0,84.0,-266.0
-337.0,-611.0,84.0,-3.0,204.0,818.0,498.0,214.0,103.0,-218.0
-327.0,-538.0,81.0,5.0,190.0,844.0,413.0,380.0,112.0,-157.0
-308.0,-447.0,133.0,-17.0,176.0,807.0,126.0,323.0,90.0,-118.0
-288.0,-444.0,164.0,-40.0,161.0,830.0,-110.0,314.0,45.0,-101.0
-285.0,-584.0,178.0,-26.0,141.0,847.0,-254.0,206.0,-15.0,-104.0
-278.0,-843.0,266.0,10.0,112.0,813.0,-24.0,51.0,-100.0,-124.0
-278.0,-1168.0,242.0,65.0,75.0,776.0,264.0,-46.0,-182.0,-177.0
-269.0,-1472.0,292.0,114.0,42.0,789.0,237.0,-245.0,-271.0,-267.0
-243.0,-1673.0,327.0,149.0,18.0,832.0,209.0,-291.0,-341.0,-348.0
-208.0,-1715.0,271.0,193.0,-4.0,848.0,191.0,-395.0,-371.0,-430.0
-163.0,-1585.0,321.0,255.0,-26.0,820.0,191.0,-397.0,-376.0,-514.0
-128.0,-1281.0,253.0,269.0,-45.0,859.0,37.0,-408.0,-345.0,-558.0
-80.0,-858.0,259.0,256.0,-58.0,839.0,-238.0,-413.0,-311.0,-563.0
-45.0,-426.0,225.0,261.0,-64.0,658.0,-218.0,-264.0,-276.0,-551.0
-8.0,-15.0,156.0,251.0,-57.0,615.0,0.0,-306.0,-244.0,-520.0
34.0,429.0,157.0,230.0,-32.0,632.0,275.0,-341.0,-222.0,-474.0
50.0,873.0,71.0,190.0,-1.0,619.0,345.0,-373.0,-209.0,-422.0
57.0,1208.0,58.0,149.0,20.0,592.0,89.0,-410.0,-182.0,-393.0
43.0,1416.0,11.0,89.0,25.0,549.0,-48.0,-485.0,-136.0,-385.0
7.0,1475.0,0.0,20.0,7.0,667.0,8.0,-517.0,-87.0,-385.0
-41.0,1343.0,-21.0,-40.0,-17.0,684.0,-126.0,-382.0,-22.0,-429.0
-88.0,1090.0,-45.0,-122.0,-40.0,612.0,-260.0,-452.0,43.0,-485.0
-134.0,821.0,-37.0,-189.0,-63.0,657.0,4.0,-432.0,83.0,-518.0
-167.0,545.0,-109.0,-256.0,-86.0,662.0,375.0,-415.0,94.0,-542.0
-190.0,218.0,-80.0,-306.0,-109.0,580.0,425.0,-445.0,91.0,-538.0
-215.0,-81.0,-136.0,-332.0,-134.0,459.0,-33.0,-310.0,52.0,-498.0
-221.0,-242.0,-143.0,-335.0,-161.0,488.0,-578.0,-417.0,-17.0,-448.0
-239.0,-248.0,-114.0,-316.0,-189.0,577.0,-548.0,-315.0,-89.0,-375.0
-258.0,-161.0,-180.0,-339.0,-226.0,555.0,162.0,-280.0,-169.0,-306.0
-271.0,-31.0,-115.0,-377.0,-269.0,562.0,715.0,-445.0,-229.0,-260.0
-287.0,100.0,-167.0,-395.0,-305.0,512.0,97.0,-400.0,-293.0,-214.0
-304.0,165.0,-193.0,-396.0,-329.0,473.0,-798.0,-506.0,-341.0,-178.0
-323.0,141.0,-199.0,-358.0,-343.0,534.0,-913.0,-482.0,-358.0,-150.0
-338.0,37.0,-239.0,-294.0,-338.0,486.0,-557.0,-484.0,-363.0,-114.0
-338.0,-112.0,-223.0,-238.0,-311.0,399.0,26.0,-424.0,-346.0,-62.0
-334.0,-289.0,-249.0,-193.0,-282.0,301.0,455.0,-269.0,-300.0,-23.0
-332.0,-452.0,-215.0,-186.0,-268.0,267.0,551.0,-177.0,-234.0,-9.0
-310.0,-503.0,-258.0,-194.0,-263.0,348.0,336.0,29.0,-177.0,-11.0
-281.0,-329.0,-234.0,-205.0,-251.0,274.0,-364.0,94.0,-119.0,-21.0
-242.0,93.0,-227.0,-230.0,-230.0,154.0,-857.0,149.0,-69.0,-34.0
-190.0,578.0,-237.0,-266.0,-201.0,155.0,-415.0,1.0,-29.0,-47.0
-146.0,962.0,-182.0,-301.0,-165.0,197.0,346.0,-66.0,13.0,-33.0
-79.0,1222.0,-196.0,-273.0,-127.0,173.0,398.0,-84.0,52.0,-26.0
-3.0,1341.0,-159.0,-203.0,-90.0,135.0,-219.0,-203.0,87.0,-32.0
63.0,1292.0,-166.0,-108.0,-57.0,206.0,-512.0,-109.0,121.0,-58.0
121.0,1141.0,-154.0,-10.0,-35.0,255.0,79.0,-232.0,135.0,-108.0
172.0,970.0,-157.0,51.0,-36.0,231.0,434.0,-127.0,139.0,-157.0
211.0,793.0,-184.0,117.0,-62.0,200.0,-44.0,-36.0,145.0,-216.0
231.0,615.0,-168.0,160.0,-90.0,189.0,-368.0,-145.0,137.0,-251.0
252.0,466.0,-188.0,186.0,-93.0,161.0,-389.0,-94.0,134.0,-277.0
248.0,419.0,-174.0,227.0,-78.0,125.0,-250.0,-301.0,135.0,-295.0
234.0,492.0,-172.0,237.0,-65.0,112.0,-125.0,-297.0,130.0,-282.0
222.0,645.0,-205.0,254.0,-56.0,104.0,99.0,-303.0,118.0,-265.0
194.0,833.0,-184.0,276.0,-50.0,104.0,504.0,-358.0,87.0,-255.0
188.0,1002.0,-189.0,274.0,-50.0,70.0,263.0,-240.0,62.0,-265.0
182.0,1077.0,-200.0,294.0,-54.0,97.0,-570.0,-286.0,37.0,-274.0
168.0,972.0,-157.0,288.0,-62.0,183.0,-746.0,-232.0,-4.0,-267.0
155.0,669.0,-153.0,260.0,-67.0,137.0,29.0,-312.0,-51.0,-265.0
124.0,258.0,-136.0,244.0,-69.0,35.0,427.0,-351.0,-109.0,-288.0
73.0,-133.0,-119.0,248.0,-67.0,10.0,155.0,-277.0,-178.0,-291.0
8.0,-398.0,-110.0,293.0,-60.0,103.0,65.0,-315.0,-255.0,-305.0
-50.0,-468.0,-113.0,307.0,-47.0,158.0,136.0,-275.0,-340.0,-342.0
-95.0,-353.0,-106.0,273.0,-33.0,64.0,-162.0,-297.0,-417.0,-367.0
-141.0,-193.0,-95.0,211.0,-24.0,54.0,-214.0,-264.0,-464.0,-393.0
-189.0,-139.0,-110.0,140.0,-8.0,35.0,364.0,-280.0,-475.0,-377.0
-222.0,-252.0,-78.0,82.0,17.0,-5.0,678.0,-297.0,-454.0,-331.0
-244.0,-524.0,-71.0,10.0,54.0,37.0,394.0,-242.0,-405.0,-244.0
-273.0,-890.0,-12.0,-66.0,89.0,73.0,-222.0,-155.0,-345.0,-119.0
-316.0,-1277.0,14.0,-135.0,115.0,95.0,-557.0,7.0,-282.0,18.0
-355.0,-1612.0,36.0,-213.0,131.0,-10.0,-253.0,-35.0,-218.0,171.0
-394.0,-1879.0,94.0,-274.0,133.0,0.0,401.0,35.0,-165.0,292.0
-417.0,-2096.0,90.0,-318.0,137.0,125.0,367.0,16.0,-119.0,391.0
-433.0,-2251.0,150.0,-378.0,166.0,139.0,-186.0,-64.0,-74.0,440.0
-446.0,-2294.0,154.0,-451.0,220.0,191.0,292.0,-84.0,-43.0,447.0
-430.0,-2174.0,185.0,-518.0,279.0,219.0,764.0,-352.0,-20.0,437.0
-418.0,-1974.0,189.0,-562.0,318.0,361.0,-72.0,-423.0,-7.0,386.0
-418.0,-1787.0,177.0,-598.0,324.0,478.0,-710.0,-554.0,-13.0,322.0
-413.0,-1596.0,201.0,-608.0,292.0,423.0,-168.0,-622.0,-24.0,244.0
-391.0,-1333.0,144.0,-564.0,234.0,481.0,291.0,-607.0,-53.0,148.0
-375.0,-947.0,156.0,-469.0,177.0,530.0,-40.0,-702.0,-82.0,52.0
-365.0,-468.0,116.0,-366.0,139.0,534.0,-242.0,-559.0,-98.0,-70.0
-359.0,-24.0,113.0,-276.0,122.0,553.0,-68.0,-570.0,-121.0,-187.0
-370.0,278.0,81.0,-198.0,115.0,492.0,77.0,-478.0,-144.0,-270.0
-383.0,525.0,69.0,-127.0,98.0,406.0,17.0,-356.0,-145.0,-374.0
-415.0,805.0,107.0,-20.0,72.0,373.0,-254.0,-334.0,-140.0,-445.0
-433.0,1086.0,48.0,43.0,46.0,392.0,-159.0,-301.0,-142.0,-489.0
-433.0,1335.0,93.0,46.0,20.0,394.0,409.0,-448.0,-121.0,-545.0
-435.0,1505.0,49.0,79.0,1.0,371.0,204.0,-351.0,-73.0,-597.0
-431.0,1547.0,34.0,114.0,-2.0,328.0,-967.0,-382.0,-5.0,-635.0
-427.0,1445.0,36.0,150.0,5.0,287.0,-1109.0,-515.0,77.0,-652.0
-411.0,1173.0,-34.0,188.0,18.0,293.0,-51.0,-467.0,152.0,-677.0
-391.0,759.0,-28.0,186.0,33.0,243.0,436.0,-548.0,219.0,-686.0
-391.0,356.0,-109.0,153.0,47.0,185.0,-130.0,-561.0,281.0,-679.0
-387.0,115.0,-165.0,117.0,59.0,252.0,-590.0,-558.0,323.0,-649.0
-370.0,50.0,-221.0,84.0,69.0,271.0,-261.0,-445.0,362.0,-609.0
-358.0,99.0,-260.0,39.0,69.0,120.0,-204.0,-273.0,384.0,-546.0
-333.0,151.0,-311.0,-13.0,66.0,60.0,-389.0,-214.0,401.0,-463.0
-303.0,100.0,-380.0,-77.0,65.0,109.0,-435.0,-182.0,423.0,-428.0
-265.0,-27.0,-396.0,-152.0,72.0,63.0,-296.0,-256.0,419.0,-411.0
-221.0,-143.0,-472.0,-223.0,88.0,8.0,73.0,-327.0,412.0,-421.0
-192.0,-159.0,-474.0,-270.0,109.0,-39.0,-141.0,-500.0,369.0,-469.0
-157.0,-18.0,-517.0,-302.0,119.0,-37.0,-546.0,-613.0,301.0,-548.0
-132.0,243.0,-582.0,-378.0,106.0,-28.0,-370.0,-650.0,220.0,-641.0
-124.0,556.0,-620.0,-437.0,80.0,-60.0,47.0,-705.0,116.0,-713.0
-123.0,801.0,-645.0,-442.0,50.0,45.0,53.0,-582.0,30.0,-782.0
-149.0,896.0,-679.0,-431.0,21.0,125.0,-441.0,-550.0,-65.0,-839.0
-172.0,855.0,-718.0,-391.0,-3.0,107.0,-605.0,-445.0,-160.0,-857.0
-195.0,705.0,-681.0,-334.0,-21.0,97.0,-90.0,-275.0,-250.0,-853.0
-233.0,459.0,-707.0,-244.0,-34.0,77.0,70.0,-103.0,-359.0,-836.0
-260.0,141.0,-676.0,-110.0,-47.0,5.0,-147.0,51.0,-461.0,-799.0
-282.0,-154.0,-643.0,25.0,-73.0,-104.0,-175.0,62.0,-544.0,-724.0
-294.0,-390.0,-598.0,174.0,-105.0,-51.0,-386.0,140.0,-610.0,-645.0
-310.0,-596.0,-533.0,307.0,-125.0,92.0,-192.0,-3.0,-645.0,-591.0
-312.0,-748.0,-500.0,381.0,-134.0,82.0,71.0,-194.0,-635.0,-515.0
-306.0,-864.0,-398.0,422.0,-131.0,-18.0,-194.0,-417.0,-585.0,-455.0
-315.0,-995.0,-361.0,422.0,-121.0,-37.0,-247.0,-657.0,-495.0,-427.0
-316.0,-1144.0,-308.0,410.0,-112.0,10.0,-21.0,-709.0,-383.0,-394.0
-321.0,-1239.0,-253.0,386.0,-109.0,-11.0,-22.0,-879.0,-255.0,-355.0
-308.0,-1210.0,-224.0,340.0,-108.0,-141.0,-538.0,-835.0,-134.0,-335.0
-289.0,-1075.0,-162.0,283.0,-100.0,-209.0,-605.0,-770.0,-29.0,-336.0
-265.0,-928.0,-174.0,203.0,-84.0,-202.0,12.0,-681.0,48.0,-326.0
-237.0,-875.0,-138.0,132.0,-67.0,-253.0,174.0,-461.0,89.0,-318.0
-212.0,-959.0,-122.0,62.0,-54.0,-261.0,-151.0,-378.0,95.0,-317.0
-180.0,-1116.0,-130.0,-6.0,-48.0,-184.0,-364.0,-110.0,78.0,-309.0
-155.0,-1200.0,-87.0,-62.0,-58.0,-159.0,-578.0,-18.0,69.0,-275.0
-123.0,-1075.0,-98.0,-101.0,-85.0,-207.0,-416.0,-40.0,55.0,-211.0
-82.0,-746.0,-88.0,-83.0,-110.0,-131.0,280.0,-24.0,40.0,-165.0
-34.0,-384.0,-56.0,-61.0,-120.0,10.0,28.0,-75.0,14.0,-124.0
24.0,-157.0,-21.0,-43.0,-119.0,-49.0,-637.0,-64.0,-22.0,-58.0
88.0,-128.0,0.0,-37.0,-111.0,-204.0,-176.0,-258.0,-69.0,0.0
136.0,-218.0,52.0,-85.0,-96.0,-238.0,509.0,-358.0,-112.0,54.0
185.0,-285.0,79.0,-131.0,-63.0,-197.0,149.0,-452.0,-129.0,134.0
213.0,-232.0,112.0,-166.0,-13.0,-166.0,-574.0,-506.0,-146.0,234.0
214.0,-2.0,143.0,-204.0,35.0,-181.0,-407.0,-413.0,-153.0,320.0
212.0,368.0,150.0,-209.0,74.0,-244.0,143.0,-450.0,-142.0,398.0
201.0,754.0,197.0,-168.0,99.0,-260.0,290.0,-273.0,-121.0,472.0
204.0,1019.0,188.0,-118.0,92.0,-239.0,27.0,-134.0,-111.0,510.0
185.0,1094.0,217.0,-72.0,55.0,-185.0,-365.0,-62.0,-99.0,502.0
157.0,976.0,225.0,-19.0,3.0,-221.0,-286.0,-16.0,-98.0,452.0
147.0,705.0,228.0,13.0,-38.0,-351.0,247.0,-53.0,-115.0,368.0
120.0,380.0,232.0,11.0,-58.0,-368.0,158.0,-18.0,-111.0,236.0
71.0,105.0,210.0,-7.0,-64.0,-348.0,-464.0,-179.0,-109.0,74.0
31.0,-66.0,235.0,-59.0,-61.0,-324.0,-235.0,-254.0,-79.0,-73.0
8.0,-112.0,219.0,-139.0,-52.0,-412.0,333.0,-378.0,-31.0,-185.0
-5.0,-21.0,196.0,-224.0,-35.0,-542.0,148.0,-526.0,24.0,-268.0
-22.0,183.0,172.0,-316.0,-3.0,-471.0,-369.0,-495.0,108.0,-303.0
-30.0,434.0,138.0,-404.0,40.0,-417.0,-500.0,-598.0,181.0,-270.0
-24.0,664.0,115.0,-484.0,69.0,-466.0,0.0,-563.0,258.0,-210.0
-32.0,891.0,77.0,-527.0,66.0,-474.0,308.0,-473.0,316.0,-142.0
-51.0,1147.0,48.0,-533.0,35.0,-457.0,40.0,-417.0,343.0,-70.0
-77.0,1293.0,-14.0,-537.0,-9.0,-464.0,-244.0,-314.0,361.0,-11.0
-93.0,1168.0,-25.0,-506.0,-57.0,-471.0,-179.0,-258.0,353.0,26.0
-114.0,827.0,-69.0,-432.0,-94.0,-424.0,213.0,-201.0,322.0,39.0
-148.0,406.0,-137.0,-345.0,-110.0,-379.0,21.0,-195.0,278.0,38.0
-180.0,-4.0,-130.0,-257.0,-108.0,-374.0,-475.0,-205.0,240.0,22.0
-196.0,-287.0,-191.0,-173.0,-93.0,-363.0,-375.0,-323.0,197.0,-6.0
-226.0,-427.0,-205.0,-104.0,-78.0,-331.0,19.0,-419.0,145.0,-23.0
-291.0,-529.0,-220.0,-48.0,-71.0,-293.0,96.0,-517.0,116.0,-37.0
-354.0,-591.0,-256.0,15.0,-63.0,-273.0,-266.0,-683.0,80.0,-42.0
-415.0,-544.0,-279.0,39.0,-54.0,-282.0,-412.0,-633.0,30.0,-19.0
-470.0,-408.0,-302.0,34.0,-49.0,-261.0,-207.0,-722.0,-26.0,25.0
-530.0,-238.0,-306.0,46.0,-50.0,-229.0,-39.0,-694.0,-120.0,97.0
-562.0,-111.0,-297.0,58.0,-59.0,-246.0,-335.0,-574.0,-234.0,172.0
-578.0,-130.0,-266.0,62.0,-80.0,-261.0,-635.0,-594.0,-341.0,222.0
-596.0,-245.0,-243.0,64.0,-104.0,-302.0,-331.0,-351.0,-432.0,274.0
-606.0,-334.0,-155.0,87.0,-118.0,-392.0,-91.0,-336.0,-510.0,308.0
-608.0,-403.0,-155.0,111.0,-114.0,-438.0,-303.0,-360.0,-565.0,297.0
-597.0,-499.0,-105.0,139.0,-98.0,-380.0,-536.0,-354.0,-598.0,281.0
-591.0,-503.0,-32.0,149.0,-83.0,-338.0,-290.0,-502.0,-625.0,252.0
-555.0,-287.0,-72.0,152.0,-64.0,-359.0,-14.0,-521.0,-637.0,206.0
-494.0,31.0,8.0,176.0,-32.0,-350.0,-218.0,-582.0,-630.0,155.0
-412.0,307.0,15.0,185.0,11.0,-322.0,-519.0,-515.0,-613.0,114.0
-342.0,540.0,23.0,210.0,58.0,-242.0,-458.0,-473.0,-585.0,94.0
-276.0,761.0,48.0,226.0,94.0,-220.0,-251.0,-400.0,-534.0,64.0
-193.0,940.0,9.0,220.0,107.0,-304.0,-462.0,-306.0,-486.0,55.0
-121.0,1026.0,-3.0,200.0,101.0,-361.0,-599.0,-225.0,-457.0,69.0
-77.0,1003.0,-50.0,179.0,82.0,-452.0,-130.0,-75.0,-415.0,80.0
-61.0,917.0,-68.0,159.0,62.0,-563.0,236.0,-134.0,-383.0,83.0
-36.0,812.0,-131.0,140.0,54.0,-575.0,-68.0,-40.0,-362.0,108.0
-9.0,682.0,-166.0,117.0,55.0,-503.0,-420.0,-14.0,-339.0,142.0
18.0,537.0,-213.0,81.0,58.0,-484.0,-417.0,-134.0,-311.0,165.0
32.0,353.0,-311.0,102.0,61.0,-537.0,-238.0,-218.0,-265.0,210.0
57.0,85.0,-355.0,120.0,74.0,-564.0,39.0,-412.0,-219.0,236.0
67.0,-246.0,-400.0,138.0,99.0,-573.0,-120.0,-412.0,-181.0,269.0
59.0,-584.0,-414.0,156.0,123.0,-596.0,-515.0,-454.0,-149.0,310.0
42.0,-886.0,-459.0,148.0,140.0,-657.0,-302.0,-445.0,-113.0,338.0
4.0,-1120.0,-480.0,183.0,151.0,-676.0,54.0,-371.0,-90.0,383.0
0.0,-1278.0,-480.0,194.0,155.0,-643.0,-261.0,-443.0,-66.0,435.0
-4.0,-1381.0,-538.0,193.0,148.0,-644.0,-640.0,-351.0,-37.0,494.0
-1.0,-1476.0,-535.0,198.0,134.0,-683.0,-255.0,-251.0,-17.0,552.0
27.0,-1603.0,-526.0,169.0,116.0,-728.0,305.0,-112.0,16.0,581.0
80.0,-1708.0,-547.0,131.0,95.0,-759.0,218.0,-66.0,55.0,587.0
118.0,-1754.0,-534.0,76.0,71.0,-770.0,-226.0,-158.0,102.0,560.0
132.0,-1821.0,-545.0,-3.0,45.0,-757.0,-221.0,-166.0,149.0,513.0
169.0,-1954.0,-536.0,-73.0,22.0,-732.0,115.0,-254.0,186.0,475.0
201.0,-2110.0,-491.0,-148.0,-5.0,-762.0,173.0,-284.0,212.0,413.0
209.0,-2153.0,-484.0,-211.0,-31.0,-869.0,-56.0,-352.0,226.0,354.0
194.0,-1969.0,-439.0,-274.0,-42.0,-958.0,-190.0,-448.0,239.0,297.0
186.0,-1602.0,-385.0,-364.0,-37.0,-1067.0,120.0,-550.0,246.0,232.0
170.0,-1128.0,-366.0,-434.0,-29.0,-1124.0,357.0,-703.0,251.0,172.0
146.0,-585.0,-313.0,-471.0,-30.0,-1043.0,41.0,-742.0,251.0,104.0
122.0,-120.0,-253.0,-452.0,-33.0,-966.0,-219.0,-842.0,262.0,56.0
99.0,46.0,-205.0,-412.0,-32.0,-968.0,-50.0,-820.0,243.0,6.0
97.0,-87.0,-170.0,-356.0,-27.0,-1091.0,354.0,-812.0,200.0,-42.0
86.0,-367.0,-106.0,-307.0,-21.0,-1143.0,645.0,-718.0,173.0,-93.0
74.0,-653.0,-91.0,-284.0,-18.0,-1055.0,414.0,-511.0,145.0,-147.0
68.0,-783.0,-70.0,-249.0,-33.0,-1051.0,30.0,-543.0,116.0,-176.0
60.0,-652.0,7.0,-217.0,-72.0,-1128.0,79.0,-417.0,118.0,-208.0
42.0,-275.0,31.0,-193.0,-135.0,-1117.0,266.0,-421.0,136.0,-219.0
28.0,244.0,77.0,-175.0,-209.0,-1046.0,326.0,-434.0,129.0,-216.0
36.0,669.0,116.0,-124.0,-275.0,-1075.0,291.0,-378.0,127.0,-205.0
40.0,807.0,129.0,-89.0,-324.0,-1146.0,129.0,-524.0,108.0,-179.0
26.0,751.0,160.0,-62.0,-352.0,-1170.0,202.0,-558.0,72.0,-165.0
10.0,665.0,196.0,-26.0,-359.0,-1149.0,620.0,-753.0,32.0,-139.0
-2.0,582.0,195.0,-35.0,-352.0,-1187.0,669.0,-907.0,-33.0,-114.0
-20.0,434.0,201.0,-52.0,-344.0,-1165.0,115.0,-955.0,-93.0,-110.0
-45.0,158.0,206.0,-93.0,-342.0,-1059.0,-44.0,-1023.0,-151.0,-116.0
-69.0,-258.0,140.0,-153.0,-348.0,-1112.0,402.0,-966.0,-194.0,-131.0
-64.0,-699.0,137.0,-203.0,-343.0,-1197.0,637.0,-872.0,-229.0,-156.0
-42.0,-874.0,90.0,-250.0,-309.0,-1218.0,497.0,-667.0,-264.0,-187.0
-26.0,-784.0,12.0,-293.0,-251.0,-1090.0,219.0,-522.0,-281.0,-218.0
-25.0,-588.0,-10.0,-304.0,-182.0,-1002.0,180.0,-349.0,-289.0,-251.0
-25.0,-268.0,-68.0,-281.0,-126.0,-1078.0,385.0,-308.0,-287.0,-289.0
-26.0,129.0,-98.0,-231.0,-92.0,-1024.0,405.0,-382.0,-275.0,-334.0
-66.0,547.0,-127.0,-207.0,-71.0,-982.0,46.0,-412.0,-262.0,-365.0
-110.0,858.0,-163.0,-215.0,-63.0,-1011.0,-37.0,-613.0,-246.0,-391.0
-123.0,949.0,-163.0,-211.0,-54.0,-1050.0,417.0,-583.0,-207.0,-407.0
-118.0,906.0,-171.0,-208.0,-26.0,-1064.0,530.0,-517.0,-164.0,-405.0
-133.0,823.0,-195.0,-175.0,24.0,-1020.0,170.0,-515.0,-141.0,-405.0
-138.0,824.0,-170.0,-123.0,88.0,-1007.0,-202.0,-521.0,-121.0,-387.0
-114.0,907.0,-174.0,-81.0,134.0,-934.0,-142.0,-670.0,-115.0,-376.0
-91.0,1002.0,-149.0,-46.0,161.0,-902.0,320.0,-642.0,-113.0,-362.0
-59.0,1175.0,-135.0,-17.0,186.0,-1010.0,725.0,-661.0,-107.0,-339.0
-42.0,1374.0,-141.0,21.0,206.0,-1062.0,470.0,-631.0,-102.0,-312.0
-17.0,1476.0,-73.0,83.0,208.0,-933.0,-52.0,-609.0,-98.0,-254.0
4.0,1450.0,-110.0,138.0,193.0,-818.0,77.0,-565.0,-94.0,-191.0
16.0,1273.0,-59.0,149.0,179.0,-886.0,111.0,-417.0,-100.0,-114.0
0.0,1007.0,-100.0,138.0,167.0,-1028.0,-7.0,-465.0,-99.0,-21.0
-17.0,715.0,-136.0,116.0,155.0,-1049.0,144.0,-332.0,-98.0,60.0
-1.0,416.0,-131.0,72.0,149.0,-999.0,287.0,-297.0,-94.0,142.0
-13.0,179.0,-242.0,28.0,156.0,-1033.0,420.0,-247.0,-70.0,218.0
-43.0,38.0,-173.0,13.0,172.0,-978.0,261.0,-162.0,-41.0,270.0
-82.0,-18.0,-277.0,-8.0,180.0,-885.0,54.0,-303.0,-7.0,300.0
-113.0,-27.0,-264.0,-44.0,177.0,-859.0,111.0,-256.0,26.0,295.0
-159.0,14.0,-249.0,-59.0,164.0,-885.0,335.0,-284.0,52.0,258.0
-224.0,162.0,-328.0,-83.0,151.0,-932.0,565.0,-171.0,78.0,207.0
-281.0,370.0,-245.0,-92.0,144.0,-877.0,246.0,-51.0,99.0,137.0
-323.0,496.0,-348.0,-58.0,143.0,-851.0,-171.0,-83.0,112.0,64.0
-353.0,467.0,-311.0,-16.0,146.0,-826.0,-85.0,-88.0,114.0,7.0
-405.0,305.0,-346.0,13.0,142.0,-819.0,84.0,-273.0,95.0,-24.0
-437.0,57.0,-349.0,43.0,127.0,-926.0,360.0,-234.0,70.0,-63.0
-443.0,-265.0,-345.0,57.0,112.0,-997.0,461.0,-286.0,40.0,-108.0
-417.0,-652.0,-420.0,31.0,112.0,-980.0,131.0,-421.0,-15.0,-126.0
-384.0,-997.0,-350.0,2.0,120.0,-916.0,0.0,-349.0,-90.0,-153.0
-345.0,-1252.0,-425.0,-24.0,132.0,-868.0,260.0,-376.0,-177.0,-191.0
-285.0,-1411.0,-387.0,-53.0,149.0,-857.0,579.0,-288.0,-264.0,-217.0
-228.0,-1331.0,-369.0,-51.0,170.0,-826.0,472.0,-266.0,-341.0,-225.0
-174.0,-965.0,-362.0,-48.0,186.0,-780.0,208.0,-279.0,-410.0,-228.0
-143.0,-466.0,-304.0,-51.0,186.0,-797.0,195.0,-258.0,-473.0,-226.0
-113.0,41.0,-303.0,-62.0,175.0,-771.0,-2.0,-312.0,-518.0,-192.0
-103.0,545.0,-212.0,-61.0,149.0,-701.0,-58.0,-341.0,-548.0,-153.0
-103.0,974.0,-198.0,-48.0,100.0,-721.0,335.0,-417.0,-568.0,-111.0
-105.0,1343.0,-152.0,-65.0,36.0,-754.0,519.0,-445.0,-581.0,-69.0
-118.0,1765.0,-71.0,-106.0,-22.0,-759.0,314.0,-497.0,-587.0,-38.0
-125.0,2024.0,-125.0,-169.0,-68.0,-728.0,189.0,-328.0,-573.0,-7.0
-117.0,2017.0,-58.0,-214.0,-106.0,-707.0,128.0,-171.0,-540.0,-1.0
-103.0,1971.0,-23.0,-262.0,-139.0,-730.0,36.0,-197.0,-504.0,9.0
-98.0,1875.0,-108.0,-335.0,-155.0,-697.0,387.0,-49.0,-463.0,25.0
-76.0,1609.0,4.0,-388.0,-141.0,-651.0,807.0,-48.0,-412.0,17.0
-42.0,1049.0,-67.0,-420.0,-94.0,-711.0,574.0,33.0,-359.0,-9.0
-16.0,203.0,-49.0,-418.0,-18.0,-813.0,118.0,24.0,-297.0,-43.0
24.0,-618.0,-3.0,-413.0,60.0,-754.0,46.0,-181.0,-244.0,-63.0
66.0,-1151.0,-102.0,-372.0,108.0,-651.0,59.0,-249.0,-206.0,-104.0
83.0,-1438.0,1.0,-296.0,112.0,-707.0,14.0,-384.0,-156.0,-128.0
109.0,-1599.0,-91.0,-200.0,85.0,-719.0,391.0,-336.0,-109.0,-100.0
126.0,-1672.0,-31.0,-79.0,50.0,-672.0,689.0,-314.0,-80.0,-63.0
107.0,-1649.0,-68.0,-6.0,9.0,-703.0,406.0,-273.0,-68.0,-7.0
89.0,-1511.0,-100.0,59.0,-38.0,-689.0,401.0,-123.0,-65.0,54.0
84.0,-1288.0,-6.0,107.0,-88.0,-638.0,435.0,-83.0,-68.0,122.0
79.0,-990.0,-127.0,133.0,-123.0,-609.0,165.0,44.0,-92.0,184.0
76.0,-701.0,-7.0,135.0,-135.0,-590.0,494.0,66.0,-105.0,217.0
86.0,-462.0,-85.0,64.0,-135.0,-588.0,662.0,151.0,-104.0,266.0
116.0,-309.0,-71.0,-49.0,-148.0,-482.0,183.0,206.0,-97.0,326.0
143.0,-349.0,2.0,-179.0,-185.0,-377.0,95.0,197.0,-68.0,368.0
155.0,-534.0,-45.0,-269.0,-241.0,-421.0,372.0,206.0,-33.0,396.0
159.0,-735.0,73.0,-326.0,-295.0,-509.0,351.0,94.0,4.0,408.0
170.0,-838.0,38.0,-384.0,-322.0,-492.0,337.0,181.0,22.0,391.0
200.0,-821.0,107.0,-442.0,-319.0,-368.0,760.0,201.0,29.0,358.0
208.0,-668.0,122.0,-462.0,-298.0,-329.0,813.0,216.0,46.0,325.0
224.0,-375.0,112.0,-420.0,-271.0,-340.0,397.0,194.0,52.0,299.0
259.0,17.0,191.0,-349.0,-246.0,-354.0,161.0,60.0,55.0,290.0
279.0,468.0,133.0,-269.0,-219.0,-379.0,243.0,99.0,72.0,244.0
281.0,796.0,199.0,-197.0,-185.0,-375.0,588.0,-40.0,98.0,193.0
268.0,950.0,191.0,-117.0,-140.0,-383.0,717.0,-60.0,138.0,136.0
277.0,1089.0,146.0,-28.0,-93.0,-423.0,314.0,-81.0,190.0,46.0
292.0,1207.0,204.0,51.0,-56.0,-456.0,-39.0,-164.0,234.0,-37.0
283.0,1218.0,115.0,114.0,-42.0,-470.0,274.0,-72.0,271.0,-119.0
282.0,1183.0,103.0,137.0,-48.0,-508.0,562.0,-92.0,293.0,-178.0
297.0,1086.0,89.0,118.0,-60.0,-515.0,286.0,62.0,294.0,-218.0
310.0,887.0,45.0,87.0,-74.0,-569.0,58.0,162.0,302.0,-230.0
311.0,684.0,26.0,56.0,-89.0,-638.0,205.0,194.0,313.0,-222.0
288.0,517.0,4.0,0.0,-91.0,-601.0,347.0,223.0,325.0,-224.0
264.0,296.0,21.0,-38.0,-70.0,-530.0,171.0,140.0,342.0,-193.0
247.0,13.0,-9.0,-51.0,-35.0,-493.0,57.0,120.0,360.0,-153.0
208.0,-166.0,48.0,-102.0,8.0,-520.0,376.0,-68.0,373.0,-119.0
153.0,-200.0,33.0,-173.0,59.0,-517.0,612.0,-129.0,377.0,-82.0
111.0,-209.0,67.0,-240.0,105.0,-466.0,205.0,-114.0,388.0,-58.0
80.0,-273.0,100.0,-296.0,140.0,-465.0,-189.0,-138.0,377.0,-39.0
27.0,-397.0,86.0,-300.0,164.0,-480.0,-29.0,-88.0,346.0,-36.0
-30.0,-471.0,137.0,-268.0,194.0,-475.0,231.0,-70.0,322.0,-35.0
-72.0,-481.0,98.0,-236.0,233.0,-525.0,377.0,66.0,288.0,-41.0
-98.0,-531.0,131.0,-180.0,270.0,-544.0,482.0,103.0,251.0,-59.0
-132.0,-623.0,97.0,-89.0,289.0,-459.0,327.0,140.0,207.0,-83.0
-164.0,-785.0,91.0,26.0,276.0,-341.0,47.0,134.0,177.0,-123.0
-169.0,-1043.0,85.0,144.0,228.0,-344.0,242.0,33.0,146.0,-164.0
-152.0,-1231.0,37.0,226.0,164.0,-421.0,678.0,90.0,125.0,-224.0
-144.0,-1162.0,65.0,257.0,106.0,-300.0,602.0,118.0,133.0,-295.0
-144.0,-844.0,13.0,246.0,65.0,-159.0,15.0,190.0,140.0,-362.0
-140.0,-421.0,15.0,217.0,43.0,-166.0,-324.0,205.0,160.0,-436.0
-165.0,-70.0,-9.0,145.0,31.0,-215.0,69.0,236.0,172.0,-508.0
-178.0,156.0,-37.0,77.0,17.0,-237.0,667.0,262.0,178.0,-578.0
-197.0,319.0,-43.0,25.0,-2.0,-198.0,643.0,236.0,180.0,-621.0
-203.0,456.0,-83.0,-53.0,-23.0,-211.0,134.0,424.0,169.0,-662.0
-181.0,618.0,-65.0,-121.0,-38.0,-226.0,-73.0,434.0,166.0,-681.0
-169.0,789.0,-88.0,-160.0,-48.0,-220.0,252.0,478.0,156.0,-659.0
-162.0,929.0,-74.0,-182.0,-59.0,-250.0,414.0,443.0,149.0,-634.0
-155.0,1000.0,-58.0,-194.0,-74.0,-249.0,99.0,236.0,139.0,-573.0
-137.0,949.0,-52.0,-200.0,-91.0,-233.0,220.0,210.0,134.0,-512.0
-137.0,796.0,-13.0,-204.0,-108.0,-250.0,452.0,72.0,144.0,-436.0
-118.0,631.0,-23.0,-173.0,-122.0,-269.0,168.0,136.0,152.0,-339.0
-83.0,523.0,12.0,-152.0,-127.0,-235.0,49.0,144.0,171.0,-240.0
-26.0,465.0,2.0,-142.0,-118.0,-142.0,132.0,77.0,181.0,-121.0
26.0,383.0,-28.0,-110.0,-99.0,-98.0,302.0,151.0,177.0,13.0
66.0,241.0,0.0,-96.0,-83.0,-143.0,646.0,86.0,156.0,164.0
108.0,113.0,-48.0,-60.0,-77.0,-149.0,643.0,171.0,112.0,291.0
128.0,43.0,-47.0,-16.0,-74.0,-166.0,-162.0,188.0,51.0,428.0
165.0,22.0,-65.0,20.0,-71.0,-240.0,-495.0,290.0,-24.0,560.0
165.0,70.0,-116.0,11.0,-84.0,-304.0,153.0,402.0,-102.0,667.0
183.0,177.0,-111.0,-35.0,-120.0,-317.0,210.0,450.0,-171.0,763.0
210.0,192.0,-161.0,-48.0,-157.0,-213.0,-104.0,574.0,-225.0,830.0
217.0,40.0,-152.0,-55.0,-166.0,-192.0,55.0,430.0,-280.0,900.0
230.0,-158.0,-160.0,-47.0,-139.0,-268.0,254.0,421.0,-322.0,949.0
229.0,-343.0,-184.0,-39.0,-84.0,-256.0,254.0,354.0,-343.0,986.0
232.0,-514.0,-156.0,-55.0,-17.0,-220.0,130.0,249.0,-359.0,1017.0
211.0,-604.0,-181.0,-73.0,48.0,-238.0,-41.0,264.0,-364.0,1036.0
204.0,-581.0,-160.0,-82.0,101.0,-311.0,-157.0,155.0,-344.0,1043.0
196.0,-530.0,-171.0,-75.0,144.0,-292.0,-268.0,186.0,-305.0,1028.0
195.0,-444.0,-197.0,-55.0,182.0,-221.0,-251.0,168.0,-249.0,1018.0
192.0,-275.0,-164.0,-34.0,208.0,-297.0,-143.0,238.0,-199.0,999.0
176.0,-212.0,-234.0,-32.0,213.0,-340.0,-112.0,362.0,-159.0,950.0
174.0,-403.0,-211.0,-37.0,193.0,-299.0,167.0,430.0,-122.0,908.0
166.0,-728.0,-236.0,-23.0,156.0,-287.0,303.0,502.0,-102.0,866.0
151.0,-1029.0,-277.0,-3.0,111.0,-250.0,-240.0,400.0,-76.0,804.0
137.0,-1252.0,-232.0,-9.0,61.0,-216.0,-394.0,412.0,-43.0,741.0
137.0,-1428.0,-302.0,-38.0,18.0,-230.0,48.0,317.0,-24.0,680.0
132.0,-1525.0,-257.0,-37.0,-7.0,-301.0,-169.0,254.0,2.0,621.0
135.0,-1399.0,-286.0,-38.0,-17.0,-307.0,-10.0,271.0,20.0,549.0
139.0,-1020.0,-263.0,-78.0,-20.0,-208.0,425.0,157.0,1.0,490.0
164.0,-499.0,-235.0,-120.0,-34.0,-160.0,-185.0,290.0,-19.0,440.0
184.0,61.0,-277.0,-185.0,-67.0,-158.0,-701.0,284.0,-59.0,374.0
177.0,516.0,-209.0,-244.0,-107.0,-112.0,-573.0,303.0,-105.0,292.0
154.0,752.0,-225.0,-268.0,-136.0,-78.0,-50.0,495.0,-135.0,200.0
143.0,819.0,-188.0,-268.0,-142.0,-145.0,-225.0,552.0,-152.0,124.0
149.0,808.0,-147.0,-266.0,-115.0,-217.0,-503.0,631.0,-165.0,31.0
141.0,760.0,-121.0,-269.0,-63.0,-145.0,98.0,565.0,-186.0,-63.0
129.0,730.0,-66.0,-265.0,-1.0,-54.0,203.0,497.0,-203.0,-121.0
119.0,699.0,-27.0,-281.0,52.0,-131.0,14.0,432.0,-231.0,-152.0
128.0,533.0,17.0,-269.0,97.0,-176.0,-317.0,439.0,-263.0,-176.0
101.0,190.0,43.0,-253.0,133.0,-155.0,-613.0,498.0,-282.0,-187.0
89.0,-149.0,56.0,-250.0,153.0,-214.0,-347.0,506.0,-279.0,-181.0
89.0,-329.0,73.0,-233.0,162.0,-253.0,-43.0,652.0,-255.0,-203.0
81.0,-357.0,51.0,-231.0,173.0,-252.0,44.0,617.0,-193.0,-242.0
75.0,-268.0,40.0,-213.0,185.0,-224.0,-408.0,663.0,-93.0,-293.0
47.0,-99.0,-10.0,-183.0,190.0,-323.0,-719.0,718.0,17.0,-337.0
43.0,88.0,4.0,-162.0,189.0,-500.0,-179.0,692.0,127.0,-366.0
26.0,250.0,-18.0,-125.0,185.0,-469.0,211.0,761.0,228.0,-392.0
1.0,327.0,-95.0,-87.0,185.0,-361.0,318.0,594.0,321.0,-374.0
-33.0,311.0,12.0,-47.0,188.0,-429.0,183.0,476.0,379.0,-340.0
-50.0,339.0,-147.0,-13.0,187.0,-546.0,-129.0,356.0,411.0,-300.0
-60.0,472.0,-78.0,13.0,184.0,-519.0,-100.0,349.0,408.0,-220.0
-78.0,607.0,-42.0,72.0,180.0,-399.0,-188.0,502.0,371.0,-110.0
-93.0,686.0,-177.0,105.0,172.0,-267.0,-218.0,689.0,310.0,7.0
-111.0,670.0,34.0,138.0,154.0,-204.0,-112.0,1049.0,228.0,115.0
-110.0,500.0,-69.0,172.0,127.0,-183.0,-132.0,1077.0,145.0,229.0
-115.0,214.0,38.0,158.0,93.0,-199.0,-214.0,979.0,48.0,328.0
-125.0,-32.0,111.0,147.0,70.0,-211.0,-21.0,744.0,-26.0,361.0
-147.0,-159.0,57.0,138.0,69.0,-150.0,297.0,423.0,-100.0,372.0
-144.0,-196.0,240.0,126.0,80.0,-131.0,317.0,325.0,-166.0,379.0
-146.0,-167.0,197.0,114.0,94.0,-80.0,426.0,103.0,-211.0,357.0
-159.0,-79.0,257.0,145.0,104.0,-84.0,230.0,129.0,-265.0,327.0
-150.0,-34.0,310.0,221.0,106.0,-127.0,-326.0,199.0,-302.0,319.0
-144.0,-58.0,344.0,274.0,94.0,-68.0,-422.0,266.0,-336.0,332.0
-114.0,-42.0,349.0,334.0,80.0,-71.0,218.0,389.0,-366.0,352.0
-104.0,-31.0,382.0,372.0,79.0,-41.0,685.0,352.0,-363.0,376.0
-96.0,-99.0,463.0,328.0,89.0,49.0,426.0,461.0,-329.0,415.0
-78.0,-225.0,427.0,285.0,88.0,77.0,127.0,436.0,-278.0,466.0
-68.0,-416.0,540.0,228.0,53.0,50.0,121.0,556.0,-204.0,486.0
-55.0,-719.0,503.0,133.0,-10.0,17.0,246.0,626.0,-116.0,502.0
-45.0,-1116.0,532.0,81.0,-73.0,56.0,123.0,572.0,-37.0,538.0
-18.0,-1516.0,578.0,21.0,-111.0,39.0,97.0,679.0,37.0,554.0
22.0,-1803.0,469.0,-26.0,-119.0,10.0,452.0,491.0,96.0,538.0
52.0,-1853.0,581.0,-52.0,-114.0,62.0,709.0,408.0,151.0,517.0
80.0,-1702.0,493.0,-133.0,-111.0,64.0,530.0,323.0,207.0,483.0
123.0,-1443.0,474.0,-194.0,-99.0,47.0,-42.0,279.0,256.0,392.0
157.0,-1101.0,514.0,-236.0,-65.0,54.0,-172.0,373.0,310.0,269.0
173.0,-721.0,405.0,-288.0,-14.0,72.0,213.0,304.0,368.0,175.0
185.0,-356.0,441.0,-294.0,42.0,112.0,346.0,312.0,419.0,87.0
207.0,-1.0,386.0,-259.0,79.0,168.0,247.0,284.0,472.0,-33.0
216.0,398.0,322.0,-164.0,89.0,204.0,222.0,365.0,523.0,-137.0
212.0,825.0,287.0,-33.0,73.0,260.0,431.0,443.0,554.0,-190.0
205.0,1237.0,239.0,83.0,33.0,313.0,97.0,480.0,582.0,-245.0
192.0,1600.0,156.0,197.0,-19.0,324.0,-445.0,456.0,601.0,-313.0
180.0,1865.0,116.0,280.0,-80.0,352.0,139.0,291.0,623.0,-341.0
169.0,2031.0,69.0,309.0,-142.0,294.0,719.0,312.0,646.0,-346.0
171.0,2179.0,-34.0,306.0,-203.0,213.0,670.0,218.0,670.0,-394.0
184.0,2353.0,-49.0,288.0,-267.0,191.0,434.0,175.0,685.0,-436.0
202.0,2435.0,-124.0,261.0,-322.0,273.0,-209.0,184.0,669.0,-440.0
203.0,2313.0,-163.0,234.0,-354.0,380.0,-497.0,197.0,640.0,-437.0
209.0,2003.0,-174.0,177.0,-363.0,328.0,21.0,334.0,585.0,-439.0
218.0,1635.0,-230.0,115.0,-355.0,295.0,562.0,227.0,505.0,-417.0
226.0,1348.0,-238.0,80.0,-334.0,305.0,500.0,301.0,411.0,-339.0
235.0,1150.0,-232.0,38.0,-294.0,287.0,232.0,415.0,315.0,-282.0
227.0,929.0,-254.0,-8.0,-237.0,227.0,142.0,415.0,230.0,-245.0
221.0,607.0,-234.0,-62.0,-177.0,204.0,-207.0,504.0,135.0,-186.0
190.0,242.0,-210.0,-109.0,-127.0,320.0,-258.0,484.0,45.0,-156.0
153.0,-88.0,-243.0,-130.0,-88.0,378.0,51.0,642.0,-19.0,-174.0
109.0,-361.0,-211.0,-117.0,-52.0,327.0,-208.0,700.0,-77.0,-212.0
62.0,-631.0,-234.0,-99.0,-16.0,292.0,-26.0,755.0,-101.0,-243.0
12.0,-991.0,-234.0,-111.0,15.0,284.0,775.0,764.0,-102.0,-286.0
-33.0,-1341.0,-209.0,-107.0,40.0,349.0,805.0,513.0,-94.0,-363.0
-78.0,-1448.0,-240.0,-125.0,47.0,460.0,-87.0,467.0,-62.0,-430.0
-127.0,-1220.0,-210.0,-151.0,31.0,494.0,-666.0,395.0,-37.0,-457.0
-156.0,-781.0,-223.0,-139.0,-4.0,498.0,-18.0,467.0,-7.0,-531.0
-203.0,-301.0,-214.0,-143.0,-48.0,450.0,470.0,509.0,16.0,-613.0
-226.0,139.0,-201.0,-175.0,-83.0,404.0,370.0,476.0,30.0,-641.0
-244.0,518.0,-183.0,-231.0,-105.0,483.0,256.0,539.0,45.0,-677.0
-249.0,735.0,-161.0,-281.0,-116.0,498.0,-193.0,447.0,60.0,-718.0
-244.0,647.0,-172.0,-337.0,-128.0,436.0,-305.0,493.0,80.0,-749.0
-249.0,233.0,-125.0,-377.0,-142.0,406.0,15.0,406.0,99.0,-753.0
-228.0,-415.0,-144.0,-401.0,-152.0,459.0,179.0,341.0,121.0,-764.0
-219.0,-1065.0,-120.0,-444.0,-149.0,519.0,186.0,423.0,141.0,-799.0
-209.0,-1512.0,-93.0,-500.0,-124.0,385.0,134.0,506.0,149.0,-789.0
-219.0,-1672.0,-106.0,-546.0,-80.0,303.0,110.0,696.0,142.0,-752.0
-220.0,-1473.0,-47.0,-573.0,-19.0,370.0,74.0,759.0,119.0,-734.0
-238.0,-977.0,-33.0,-562.0,47.0,390.0,0.0,868.0,85.0,-691.0
-263.0,-426.0,0.0,-499.0,111.0,367.0,-61.0,868.0,38.0,-600.0
-271.0,-99.0,26.0,-460.0,176.0,329.0,-39.0,761.0,-10.0,-518.0
-294.0,-41.0,40.0,-421.0,244.0,382.0,39.0,691.0,-53.0,-458.0
-306.0,-11.0,80.0,-354.0,318.0,413.0,54.0,559.0,-87.0,-400.0
-323.0,125.0,72.0,-294.0,384.0,428.0,129.0,604.0,-112.0,-313.0
-315.0,275.0,113.0,-221.0,426.0,505.0,148.0,578.0,-125.0,-243.0
-309.0,339.0,123.0,-152.0,434.0,467.0,-199.0,493.0,-122.0,-173.0
-298.0,376.0,131.0,-86.0,412.0,407.0,-382.0,500.0,-132.0,-74.0
-293.0,523.0,151.0,-21.0,384.0,420.0,-123.0,506.0,-133.0,-3.0
-280.0,856.0,162.0,30.0,365.0,421.0,152.0,589.0,-128.0,44.0
-236.0,1319.0,211.0,73.0,360.0,352.0,176.0,545.0,-118.0,77.0
-213.0,1726.0,220.0,110.0,354.0,265.0,-28.0,567.0,-83.0,115.0
-168.0,1995.0,291.0,161.0,330.0,288.0,-192.0,615.0,-55.0,147.0
-113.0,2188.0,326.0,224.0,286.0,366.0,-238.0,587.0,-32.0,153.0
-53.0,2299.0,368.0,267.0,237.0,338.0,-219.0,665.0,-9.0,187.0
13.0,2240.0,426.0,284.0,198.0,290.0,-137.0,685.0,6.0,241.0
92.0,1989.0,426.0,266.0,163.0,362.0,193.0,722.0,-4.0,291.0
179.0,1530.0,482.0,214.0,128.0,457.0,408.0,631.0,0.0,336.0
268.0,755.0,481.0,186.0,104.0,440.0,86.0,589.0,18.0,411.0
360.0,-241.0,508.0,160.0,99.0,351.0,-432.0,548.0,32.0,516.0
432.0,-1146.0,523.0,118.0,104.0,325.0,-500.0,454.0,60.0,591.0
491.0,-1791.0,507.0,91.0,119.0,324.0,45.0,517.0,102.0,670.0
536.0,-2231.0,523.0,47.0,146.0,290.0,41.0,415.0,158.0,768.0
570.0,-2560.0,506.0,19.0,181.0,333.0,-407.0,493.0,211.0,838.0
579.0,-2761.0,525.0,26.0,203.0,384.0,-308.0,574.0,281.0,868.0
568.0,-2748.0,540.0,25.0,194.0,308.0,-88.0,598.0,334.0,874.0
562.0,-2531.0,557.0,69.0,161.0,229.0,-59.0,683.0,381.0,894.0
540.0,-2163.0,578.0,136.0,124.0,266.0,-269.0,655.0,416.0,870.0
513.0,-1684.0,608.0,174.0,82.0,346.0,-386.0,683.0,435.0,804.0
497.0,-1262.0,632.0,200.0,26.0,285.0,-54.0,541.0,471.0,765.0
471.0,-1002.0,645.0,221.0,-42.0,196.0,219.0,565.0,481.0,722.0
447.0,-705.0,679.0,238.0,-113.0,262.0,16.0,594.0,502.0,645.0
429.0,-234.0,657.0,242.0,-170.0,278.0,-507.0,582.0,534.0,575.0
408.0,284.0,690.0,232.0,-208.0,233.0,-428.0,722.0,557.0,552.0
389.0,730.0,668.0,185.0,-225.0,198.0,240.0,650.0,583.0,508.0
379.0,1064.0,622.0,124.0,-219.0,183.0,233.0,676.0,606.0,430.0
370.0,1259.0,636.0,97.0,-195.0,223.0,-286.0,578.0,612.0,373.0
356.0,1274.0,546.0,77.0,-152.0,252.0,-513.0,434.0,594.0,345.0
346.0,1134.0,519.0,34.0,-99.0,331.0,-343.0,417.0,555.0,312.0
320.0,917.0,488.0,-7.0,-43.0,363.0,-79.0,327.0,480.0,265.0
275.0,739.0,395.0,-41.0,7.0,288.0,-88.0,430.0,405.0,258.0
222.0,705.0,379.0,-98.0,44.0,283.0,-174.0,541.0,318.0,270.0
165.0,742.0,317.0,-121.0,56.0,394.0,-165.0,672.0,225.0,241.0
98.0,790.0,234.0,-95.0,42.0,504.0,-172.0,733.0,141.0,214.0
30.0,848.0,228.0,-36.0,11.0,432.0,-237.0,683.0,54.0,216.0
-18.0,824.0,150.0,49.0,-24.0,334.0,-378.0,622.0,5.0,205.0
-55.0,737.0,94.0,131.0,-57.0,399.0,-498.0,450.0,-19.0,187.0
-85.0,743.0,84.0,198.0,-75.0,492.0,-353.0,448.0,-29.0,214.0
-108.0,791.0,7.0,229.0,-67.0,553.0,-62.0,373.0,-33.0,287.0
-127.0,702.0,21.0,257.0,-43.0,644.0,-32.0,369.0,-31.0,362.0
-140.0,478.0,-17.0,278.0,-20.0,711.0,-296.0,485.0,-23.0,434.0
-137.0,226.0,-30.0,274.0,-5.0,645.0,-636.0,402.0,-31.0,531.0
-125.0,-86.0,2.0,245.0,7.0,586.0,-639.0,421.0,-34.0,627.0
-105.0,-549.0,-40.0,205.0,25.0,614.0,-241.0,426.0,-34.0,677.0
-73.0,-917.0,-20.0,177.0,42.0,667.0,70.0,511.0,-24.0,724.0
-34.0,-987.0,-28.0,162.0,42.0,701.0,57.0,561.0,0.0,777.0
2.0,-815.0,-19.0,135.0,15.0,752.0,-191.0,558.0,25.0,810.0
30.0,-307.0,-6.0,76.0,-35.0,851.0,-385.0,633.0,47.0,805.0
50.0,350.0,12.0,35.0,-97.0,818.0,-405.0,535.0,49.0,797.0
68.0,639.0,25.0,3.0,-159.0,736.0,-351.0,537.0,50.0,819.0
62.0,676.0,39.0,-23.0,-207.0,746.0,-273.0,388.0,53.0,783.0
41.0,690.0,74.0,-31.0,-231.0,825.0,-317.0,303.0,62.0,732.0
24.0,441.0,101.0,-40.0,-233.0,853.0,-411.0,413.0,95.0,715.0
16.0,49.0,145.0,-29.0,-214.0,749.0,-440.0,393.0,152.0,666.0
25.0,-280.0,118.0,18.0,-178.0,737.0,-464.0,578.0,225.0,583.0
26.0,-405.0,176.0,97.0,-143.0,820.0,-400.0,630.0,297.0,495.0
28.0,-234.0,187.0,190.0,-117.0,853.0,-215.0,626.0,330.0,433.0
20.0,-186.0,170.0,292.0,-101.0,881.0,-152.0,583.0,315.0,341.0
22.0,-567.0,203.0,352.0,-96.0,907.0,-283.0,423.0,259.0,218.0
37.0,-1013.0,134.0,380.0,-105.0,905.0,-465.0,386.0,165.0,132.0
55.0,-1225.0,117.0,381.0,-140.0,846.0,-478.0,260.0,80.0,56.0
94.0,-1227.0,70.0,335.0,-195.0,751.0,-183.0,315.0,7.0,-57.0
129.0,-819.0,28.0,264.0,-253.0,786.0,-131.0,369.0,-51.0,-177.0
178.0,-149.0,23.0,152.0,-296.0,872.0,-464.0,380.0,-80.0,-259.0
223.0,431.0,-14.0,55.0,-313.0,930.0,-533.0,378.0,-100.0,-342.0
267.0,900.0,-29.0,-34.0,-301.0,1011.0,-277.0,262.0,-108.0,-440.0
301.0,1173.0,-21.0,-100.0,-261.0,997.0,-234.0,282.0,-94.0,-504.0
328.0,985.0,-32.0,-113.0,-198.0,932.0,-438.0,230.0,-80.0,-521.0
364.0,382.0,-18.0,-134.0,-124.0,876.0,-431.0,336.0,-65.0,-554.0
366.0,-211.0,-6.0,-138.0,-51.0,911.0,-299.0,436.0,-47.0,-600.0
368.0,-631.0,-35.0,-122.0,18.0,970.0,-246.0,410.0,-47.0,-602.0
388.0,-797.0,9.0,-83.0,85.0,843.0,-305.0,349.0,-65.0,-621.0
397.0,-627.0,-16.0,-17.0,153.0,713.0,-429.0,151.0,-86.0,-664.0
400.0,-184.0,-17.0,69.0,226.0,735.0,-467.0,125.0,-119.0,-705.0
422.0,408.0,20.0,162.0,304.0,755.0,-484.0,60.0,-157.0,-728.0
445.0,1044.0,2.0,236.0,372.0,692.0,-518.0,145.0,-180.0,-758.0
459.0,1607.0,31.0,271.0,419.0,615.0,-481.0,229.0,-197.0,-835.0
458.0,2008.0,5.0,276.0,448.0,624.0,-263.0,208.0,-203.0,-892.0
464.0,2270.0,20.0,275.0,470.0,685.0,-153.0,286.0,-183.0,-935.0
489.0,2302.0,0.0,260.0,487.0,606.0,-383.0,94.0,-148.0,-1020.0
506.0,2028.0,-47.0,220.0,488.0,557.0,-423.0,90.0,-96.0,-1111.0
515.0,1600.0,-15.0,170.0,461.0,640.0,-146.0,120.0,-31.0,-1151.0
510.0,1192.0,-45.0,108.0,408.0,688.0,-145.0,62.0,37.0,-1179.0
508.0,835.0,-40.0,18.0,345.0,720.0,-453.0,70.0,99.0,-1222.0
493.0,548.0,-45.0,-44.0,293.0,634.0,-593.0,-94.0,157.0,-1231.0
473.0,253.0,-54.0,-65.0,252.0,581.0,-378.0,-27.0,210.0,-1197.0
451.0,-231.0,-35.0,-93.0,217.0,592.0,-118.0,5.0,242.0,-1141.0
439.0,-801.0,-66.0,-154.0,181.0,542.0,-91.0,99.0,265.0,-1092.0
432.0,-1256.0,-49.0,-218.0,135.0,543.0,-266.0,293.0,279.0,-1014.0
424.0,-1538.0,-41.0,-271.0,81.0,483.0,-495.0,262.0,289.0,-879.0
402.0,-1600.0,-42.0,-322.0,34.0,424.0,-548.0,279.0,292.0,-767.0
365.0,-1405.0,-13.0,-352.0,6.0,438.0,-526.0,160.0,282.0,-662.0
324.0,-1041.0,-5.0,-360.0,-3.0,476.0,-400.0,94.0,280.0,-506.0
253.0,-629.0,28.0,-332.0,-9.0,532.0,-35.0,88.0,258.0,-351.0
191.0,-189.0,36.0,-300.0,-16.0,515.0,173.0,83.0,222.0,-241.0
136.0,192.0,58.0,-291.0,-16.0,466.0,-116.0,177.0,177.0,-123.0
118.0,667.0,116.0,-265.0,-10.0,462.0,-475.0,205.0,131.0,32.0
125.0,1306.0,118.0,-213.0,-10.0,438.0,-321.0,304.0,103.0,165.0
142.0,1707.0,156.0,-153.0,-31.0,484.0,-21.0,338.0,59.0,264.0
180.0,1671.0,173.0,-70.0,-72.0,597.0,21.0,428.0,13.0,391.0
196.0,1227.0,191.0,17.0,-119.0,538.0,-13.0,421.0,-31.0,526.0
201.0,471.0,236.0,74.0,-149.0,410.0,-44.0,293.0,-83.0,611.0
198.0,-401.0,242.0,149.0,-154.0,327.0,-89.0,269.0,-122.0,674.0
197.0,-1153.0,272.0,241.0,-141.0,363.0,-62.0,153.0,-140.0,765.0
191.0,-1707.0,283.0,309.0,-114.0,389.0,-179.0,197.0,-141.0,833.0
195.0,-2089.0,326.0,336.0,-67.0,252.0,-515.0,221.0,-117.0,838.0
188.0,-2201.0,335.0,335.0,-8.0,217.0,-470.0,212.0,-82.0,824.0
158.0,-1991.0,371.0,339.0,40.0,286.0,-1.0,216.0,-45.0,816.0
131.0,-1425.0,410.0,365.0,63.0,316.0,226.0,73.0,1.0,776.0
96.0,-650.0,396.0,433.0,53.0,315.0,59.0,9.0,43.0,711.0
53.0,116.0,473.0,505.0,8.0,348.0,11.0,-72.0,87.0,705.0
14.0,843.0,453.0,568.0,-47.0,459.0,-37.0,1.0,104.0,743.0
-5.0,1458.0,465.0,614.0,-92.0,520.0,-506.0,84.0,116.0,771.0
-11.0,1825.0,473.0,644.0,-115.0,469.0,-743.0,79.0,132.0,793.0
-25.0,1811.0,424.0,677.0,-122.0,490.0,-113.0,118.0,127.0,857.0
-49.0,1437.0,434.0,698.0,-119.0,548.0,776.0,-16.0,132.0,917.0
-54.0,855.0,371.0,717.0,-104.0,573.0,794.0,-57.0,147.0,918.0
-67.0,286.0,354.0,731.0,-77.0,617.0,-9.0,-136.0,167.0,940.0
-84.0,-152.0,304.0,737.0,-39.0,597.0,-801.0,-291.0,187.0,991.0
-102.0,-548.0,262.0,707.0,8.0,575.0,-1033.0,-341.0,199.0,1008.0
-107.0,-758.0,224.0,647.0,53.0,533.0,-478.0,-351.0,174.0,976.0
-107.0,-618.0,184.0,569.0,81.0,571.0,301.0,-195.0,111.0,966.0
-128.0,-379.0,175.0,480.0,95.0,676.0,732.0,-223.0,56.0,991.0
-151.0,-194.0,141.0,380.0,101.0,651.0,830.0,-258.0,4.0,966.0
-188.0,60.0,142.0,245.0,110.0,635.0,411.0,-323.0,-40.0,946.0
-219.0,330.0,101.0,138.0,127.0,688.0,-614.0,-500.0,-79.0,977.0
-257.0,497.0,92.0,82.0,146.0,778.0,-1156.0,-484.0,-114.0,1001.0
-283.0,563.0,41.0,27.0,158.0,766.0,-339.0,-502.0,-126.0,996.0
-304.0,476.0,45.0,-57.0,157.0,694.0,755.0,-352.0,-142.0,999.0
-328.0,179.0,27.0,-137.0,141.0,683.0,989.0,-310.0,-141.0,1021.0
-349.0,-284.0,6.0,-186.0,109.0,629.0,505.0,-373.0,-119.0,998.0
-377.0,-730.0,64.0,-225.0,66.0,582.0,-208.0,-400.0,-81.0,918.0
-391.0,-929.0,10.0,-249.0,23.0,619.0,-832.0,-519.0,-22.0,855.0
-414.0,-922.0,49.0,-253.0,-7.0,625.0,-873.0,-474.0,30.0,796.0
-423.0,-800.0,55.0,-251.0,-27.0,540.0,20.0,-532.0,86.0,697.0
-434.0,-410.0,6.0,-262.0,-46.0,538.0,998.0,-506.0,163.0,621.0
-418.0,210.0,28.0,-275.0,-78.0,614.0,1036.0,-474.0,269.0,603.0
-371.0,823.0,-16.0,-277.0,-131.0,661.0,337.0,-448.0,390.0,576.0
-331.0,1248.0,-33.0,-251.0,-205.0,649.0,-469.0,-351.0,504.0,511.0
-271.0,1215.0,-29.0,-187.0,-281.0,588.0,-1056.0,-391.0,610.0,462.0
-213.0,652.0,-64.0,-124.0,-334.0,619.0,-906.0,-308.0,710.0,434.0
-136.0,-115.0,-42.0,-58.0,-350.0,653.0,88.0,-328.0,782.0,355.0
-61.0,-709.0,-54.0,4.0,-322.0,642.0,1014.0,-306.0,805.0,219.0
7.0,-996.0,-68.0,55.0,-256.0,690.0,1022.0,-275.0,786.0,111.0
73.0,-1121.0,-56.0,81.0,-166.0,686.0,238.0,-367.0,719.0,19.0
128.0,-1208.0,-69.0,83.0,-66.0,594.0,-479.0,-277.0,616.0,-112.0
177.0,-1215.0,-60.0,68.0,23.0,533.0,-654.0,-234.0,503.0,-226.0
198.0,-1037.0,-75.0,37.0,81.0,604.0,-313.0,-181.0,392.0,-286.0
228.0,-666.0,-68.0,4.0,108.0,661.0,133.0,-229.0,288.0,-343.0
262.0,-121.0,-92.0,-40.0,117.0,590.0,241.0,-295.0,194.0,-409.0
281.0,579.0,-123.0,-69.0,117.0,558.0,275.0,-199.0,124.0,-463.0
286.0,1239.0,-127.0,-86.0,121.0,582.0,206.0,-175.0,75.0,-505.0
304.0,1649.0,-185.0,-89.0,126.0,529.0,-235.0,24.0,40.0,-581.0
335.0,1792.0,-213.0,-64.0,134.0,416.0,-620.0,149.0,38.0,-707.0
356.0,1798.0,-224.0,-29.0,144.0,379.0,-402.0,218.0,52.0,-806.0
370.0,1645.0,-256.0,24.0,141.0,393.0,38.0,291.0,62.0,-901.0
384.0,1314.0,-279.0,99.0,105.0,363.0,91.0,197.0,79.0,-1035.0
400.0,949.0,-294.0,191.0,41.0,323.0,145.0,192.0,87.0,-1126.0
407.0,591.0,-276.0,257.0,-23.0,395.0,298.0,86.0,94.0,-1141.0
410.0,253.0,-281.0,266.0,-57.0,519.0,68.0,112.0,80.0,-1126.0
415.0,-32.0,-265.0,242.0,-50.0,553.0,-269.0,120.0,52.0,-1115.0
430.0,-289.0,-225.0,186.0,-27.0,532.0,-208.0,88.0,33.0,-1075.0
443.0,-490.0,-199.0,86.0,-18.0,538.0,-93.0,206.0,0.0,-1002.0
453.0,-518.0,-157.0,-31.0,-27.0,626.0,-248.0,182.0,-30.0,-964.0
469.0,-385.0,-118.0,-133.0,-53.0,594.0,-339.0,258.0,-54.0,-969.0
485.0,-177.0,-64.0,-218.0,-97.0,513.0,-112.0,179.0,-93.0,-944.0
477.0,26.0,-7.0,-297.0,-153.0,553.0,272.0,68.0,-131.0,-915.0
455.0,129.0,63.0,-339.0,-201.0,563.0,418.0,75.0,-183.0,-954.0
436.0,229.0,123.0,-303.0,-216.0,505.0,59.0,66.0,-267.0,-975.0
412.0,326.0,189.0,-241.0,-196.0,497.0,-486.0,134.0,-344.0,-952.0
380.0,210.0,229.0,-184.0,-163.0,596.0,-593.0,62.0,-422.0,-935.0
356.0,-213.0,265.0,-103.0,-134.0,615.0,-312.0,110.0,-499.0,-915.0
336.0,-820.0,313.0,-19.0,-116.0,564.0,-17.0,55.0,-549.0,-840.0
327.0,-1353.0,302.0,36.0,-95.0,550.0,206.0,-90.0,-594.0,-729.0
311.0,-1702.0,322.0,88.0,-56.0,575.0,318.0,-182.0,-625.0,-643.0
262.0,-1877.0,318.0,137.0,-11.0,613.0,70.0,-323.0,-642.0,-531.0
218.0,-1929.0,309.0,147.0,39.0,673.0,-457.0,-256.0,-651.0,-373.0
172.0,-1909.0,303.0,107.0,100.0,705.0,-621.0,-352.0,-639.0,-200.0
132.0,-1776.0,270.0,44.0,166.0,571.0,-433.0,-376.0,-603.0,-46.0
92.0,-1424.0,250.0,-29.0,215.0,461.0,-197.0,-334.0,-531.0,115.0
52.0,-768.0,202.0,-146.0,224.0,560.0,151.0,-367.0,-438.0,310.0
21.0,68.0,182.0,-275.0,195.0,710.0,331.0,-299.0,-341.0,470.0
-18.0,754.0,125.0,-383.0,146.0,617.0,42.0,-465.0,-225.0,589.0
-67.0,1042.0,86.0,-484.0,94.0,446.0,-576.0,-450.0,-86.0,728.0
-109.0,1060.0,61.0,-568.0,62.0,448.0,-883.0,-380.0,49.0,865.0
-145.0,1049.0,7.0,-633.0,53.0,578.0,-253.0,-367.0,172.0,944.0
-203.0,987.0,37.0,-663.0,66.0,676.0,538.0,-227.0,278.0,999.0
-261.0,763.0,7.0,-670.0,86.0,590.0,626.0,-214.0,357.0,1074.0
-305.0,505.0,18.0,-647.0,93.0,553.0,202.0,-97.0,423.0,1140.0
-340.0,352.0,58.0,-566.0,85.0,618.0,-413.0,-199.0,473.0,1159.0
-375.0,184.0,41.0,-464.0,67.0,588.0,-895.0,-395.0,504.0,1175.0
-405.0,7.0,87.0,-389.0,53.0,588.0,-865.0,-519.0,532.0,1217.0
-415.0,-9.0,97.0,-332.0,53.0,663.0,-229.0,-665.0,553.0,1213.0
-418.0,64.0,88.0,-276.0,62.0,677.0,551.0,-622.0,542.0,1167.0
-403.0,155.0,106.0,-204.0,69.0,644.0,1074.0,-589.0,501.0,1136.0
-374.0,330.0,100.0,-97.0,74.0,599.0,609.0,-399.0,442.0,1104.0
-340.0,457.0,73.0,-1.0,84.0,594.0,-500.0,-325.0,370.0,1007.0
-306.0,424.0,73.0,66.0,89.0,567.0,-1001.0,-291.0,272.0,892.0
-266.0,262.0,59.0,124.0,79.0,440.0,-877.0,-190.0,150.0,814.0
-221.0,79.0,20.0,190.0,47.0,395.0,-325.0,-303.0,33.0,709.0
-171.0,97.0,6.0,262.0,6.0,447.0,306.0,-240.0,-90.0,571.0
-119.0,371.0,-25.0,318.0,-26.0,519.0,813.0,-243.0,-206.0,458.0
-98.0,740.0,-63.0,359.0,-50.0,526.0,673.0,-236.0,-307.0,405.0
-60.0,952.0,-93.0,388.0,-63.0,396.0,-324.0,-99.0,-388.0,326.0
-33.0,813.0,-129.0,386.0,-64.0,257.0,-1186.0,-53.0,-450.0,209.0
-28.0,350.0,-142.0,384.0,-54.0,251.0,-1036.0,-53.0,-496.0,146.0
-31.0,-209.0,-147.0,398.0,-39.0,342.0,168.0,-147.0,-513.0,79.0
-51.0,-619.0,-166.0,381.0,-27.0,370.0,1021.0,-157.0,-526.0,-7.0
-44.0,-848.0,-173.0,332.0,-18.0,259.0,589.0,-225.0,-522.0,-90.0
-49.0,-938.0,-174.0,256.0,-22.0,139.0,-345.0,-190.0,-485.0,-140.0
-49.0,-965.0,-162.0,163.0,-40.0,191.0,-769.0,-79.0,-438.0,-173.0
-46.0,-1018.0,-154.0,106.0,-65.0,262.0,-594.0,-105.0,-386.0,-246.0
-45.0,-977.0,-146.0,83.0,-97.0,231.0,-283.0,-84.0,-330.0,-280.0
-50.0,-765.0,-83.0,89.0,-139.0,206.0,26.0,-260.0,-284.0,-302.0
-53.0,-490.0,-70.0,104.0,-177.0,239.0,329.0,-378.0,-251.0,-354.0
-45.0,-191.0,-38.0,136.0,-187.0,255.0,490.0,-484.0,-201.0,-403.0
-45.0,126.0,26.0,183.0,-163.0,162.0,308.0,-587.0,-143.0,-418.0
-28.0,412.0,57.0,200.0,-124.0,173.0,58.0,-473.0,-94.0,-409.0
-25.0,628.0,86.0,233.0,-85.0,285.0,85.0,-500.0,-40.0,-433.0
-20.0,710.0,120.0,294.0,-43.0,229.0,173.0,-328.0,19.0,-415.0
-30.0,603.0,141.0,350.0,0.0,108.0,16.0,-173.0,77.0,-370.0
-17.0,391.0,138.0,364.0,30.0,58.0,-306.0,-192.0,138.0,-332.0
8.0,233.0,158.0,346.0,45.0,98.0,-281.0,-127.0,183.0,-311.0
29.0,111.0,132.0,290.0,61.0,64.0,-28.0,-190.0,211.0,-303.0
75.0,-16.0,136.0,233.0,86.0,-54.0,-12.0,-145.0,227.0,-280.0
108.0,-102.0,131.0,207.0,116.0,-31.0,132.0,-157.0,223.0,-318.0
168.0,-110.0,83.0,148.0,132.0,1.0,496.0,-96.0,217.0,-368.0
193.0,17.0,74.0,104.0,124.0,-27.0,588.0,-53.0,195.0,-379.0
205.0,223.0,54.0,71.0,109.0,-68.0,314.0,-96.0,167.0,-393.0
222.0,341.0,6.0,35.0,96.0,-66.0,-96.0,-36.0,154.0,-430.0
247.0,440.0,-26.0,33.0,81.0,4.0,-302.0,-230.0,145.0,-456.0
273.0,701.0,-42.0,48.0,52.0,-30.0,11.0,-242.0,136.0,-443.0
269.0,962.0,-125.0,80.0,2.0,-74.0,340.0,-197.0,115.0,-435.0
307.0,959.0,-170.0,91.0,-54.0,-47.0,126.0,-149.0,109.0,-436.0
338.0,744.0,-233.0,79.0,-98.0,-71.0,-146.0,-84.0,100.0,-419.0
365.0,428.0,-308.0,70.0,-124.0,-81.0,7.0,-184.0,80.0,-383.0
393.0,71.0,-349.0,33.0,-142.0,-34.0,359.0,-94.0,60.0,-392.0
423.0,-179.0,-433.0,-4.0,-160.0,16.0,220.0,-173.0,57.0,-416.0
449.0,-300.0,-440.0,-21.0,-177.0,43.0,-164.0,-208.0,66.0,-413.0
462.0,-422.0,-465.0,-33.0,-193.0,71.0,105.0,-254.0,61.0,-432.0
478.0,-521.0,-477.0,-68.0,-208.0,161.0,671.0,-376.0,71.0,-476.0
488.0,-457.0,-457.0,-121.0,-218.0,164.0,651.0,-260.0,81.0,-531.0
493.0,-238.0,-457.0,-135.0,-213.0,56.0,72.0,-330.0,90.0,-551.0
482.0,79.0,-447.0,-168.0,-193.0,18.0,-359.0,-295.0,92.0,-579.0
480.0,447.0,-444.0,-224.0,-159.0,75.0,-395.0,-223.0,104.0,-615.0
443.0,706.0,-441.0,-283.0,-120.0,88.0,-169.0,-194.0,121.0,-591.0
409.0,807.0,-408.0,-326.0,-77.0,-19.0,157.0,-125.0,121.0,-530.0
372.0,786.0,-383.0,-317.0,-35.0,20.0,459.0,-229.0,134.0,-458.0
307.0,658.0,-377.0,-280.0,-6.0,200.0,534.0,-238.0,124.0,-385.0
248.0,506.0,-278.0,-204.0,1.0,236.0,157.0,-269.0,105.0,-264.0
172.0,287.0,-252.0,-121.0,-16.0,185.0,-321.0,-266.0,76.0,-145.0
112.0,-110.0,-201.0,-52.0,-41.0,181.0,-505.0,-284.0,36.0,-77.0
59.0,-722.0,-75.0,13.0,-42.0,169.0,-125.0,-323.0,10.0,7.0
7.0,-1410.0,-34.0,63.0,-22.0,76.0,732.0,-210.0,-23.0,98.0
-36.0,-1898.0,37.0,117.0,5.0,33.0,1193.0,-177.0,-49.0,170.0
-90.0,-2128.0,101.0,177.0,30.0,45.0,586.0,-88.0,-68.0,209.0
-139.0,-2170.0,157.0,231.0,48.0,64.0,-456.0,-121.0,-84.0,260.0
-180.0,-2035.0,187.0,280.0,67.0,31.0,-782.0,-140.0,-85.0,321.0
-231.0,-1640.0,229.0,309.0,89.0,-50.0,-241.0,-62.0,-80.0,333.0
-278.0,-1006.0,245.0,339.0,106.0,-25.0,409.0,-118.0,-59.0,340.0
-324.0,-431.0,253.0,356.0,110.0,47.0,409.0,-48.0,-22.0,388.0
-361.0,-135.0,270.0,359.0,85.0,108.0,-26.0,-107.0,9.0,419.0
-400.0,-12.0,247.0,366.0,37.0,138.0,76.0,-72.0,36.0,408.0
-459.0,105.0,277.0,323.0,6.0,137.0,794.0,-1.0,62.0,411.0
-502.0,183.0,250.0,251.0,8.0,70.0,914.0,-105.0,63.0,440.0
-545.0,162.0,263.0,164.0,22.0,4.0,38.0,-90.0,50.0,437.0
-570.0,88.0,249.0,58.0,20.0,21.0,-662.0,-205.0,42.0,393.0
-598.0,122.0,239.0,-55.0,-10.0,-56.0,-574.0,-253.0,34.0,359.0
-588.0,379.0,244.0,-179.0,-53.0,-115.0,328.0,-245.0,36.0,303.0
-555.0,676.0,190.0,-300.0,-85.0,-58.0,1370.0,-219.0,21.0,195.0
-530.0,875.0,226.0,-401.0,-99.0,-72.0,947.0,-290.0,10.0,84.0
-478.0,1057.0,156.0,-449.0,-96.0,-131.0,-357.0,-375.0,16.0,3.0
-433.0,1234.0,169.0,-498.0,-77.0,-156.0,-574.0,-247.0,14.0,-84.0
-385.0,1333.0,159.0,-553.0,-57.0,-86.0,-73.0,-280.0,11.0,-205.0
-358.0,1285.0,131.0,-552.0,-44.0,-24.0,-107.0,-229.0,12.0,-280.0
-318.0,987.0,158.0,-500.0,-44.0,-150.0,-244.0,-277.0,25.0,-311.0
-276.0,385.0,105.0,-431.0,-62.0,-285.0,208.0,-279.0,39.0,-347.0
-238.0,-333.0,159.0,-373.0,-83.0,-228.0,740.0,-105.0,56.0,-358.0
-204.0,-834.0,107.0,-317.0,-96.0,-113.0,807.0,-140.0,80.0,-321.0
-190.0,-935.0,116.0,-260.0,-97.0,-152.0,601.0,38.0,99.0,-254.0
-186.0,-680.0,122.0,-223.0,-89.0,-211.0,154.0,112.0,115.0,-199.0
-197.0,-269.0,94.0,-197.0,-63.0,-183.0,-308.0,99.0,116.0,-155.0
-208.0,116.0,136.0,-193.0,-13.0,-174.0,-118.0,44.0,109.0,-115.0
-234.0,424.0,131.0,-190.0,53.0,-129.0,358.0,-166.0,90.0,-114.0
-256.0,537.0,118.0,-185.0,117.0,-121.0,504.0,-133.0,50.0,-160.0
-285.0,352.0,162.0,-190.0,164.0,-156.0,363.0,-169.0,5.0,-214.0
-325.0,19.0,172.0,-158.0,190.0,-181.0,-85.0,-72.0,-53.0,-250.0
-366.0,-183.0,116.0,-128.0,203.0,-188.0,-460.0,-14.0,-112.0,-303.0
-392.0,-96.0,186.0,-93.0,211.0,-139.0,-380.0,-97.0,-168.0,-370.0
-399.0,159.0,64.0,-34.0,215.0,-141.0,-77.0,35.0,-237.0,-410.0
-390.0,322.0,98.0,24.0,203.0,-184.0,159.0,-11.0,-302.0,-415.0
-374.0,344.0,55.0,93.0,174.0,-221.0,634.0,11.0,-369.0,-424.0
-365.0,365.0,-54.0,155.0,142.0,-179.0,1518.0,-40.0,-437.0,-431.0
-348.0,419.0,-34.0,220.0,106.0,-160.0,1578.0,-210.0,-479.0,-386.0
-330.0,429.0,-192.0,258.0,72.0,-210.0,372.0,-328.0,-504.0,-348.0
-302.0,391.0,-187.0,273.0,53.0,-182.0,-943.0,-458.0,-513.0,-342.0
-291.0,323.0,-314.0,279.0,47.0,-176.0,-1156.0,-378.0,-488.0,-330.0
-267.0,170.0,-335.0,252.0,31.0,-179.0,-73.0,-437.0,-460.0,-297.0
-232.0,-84.0,-422.0,242.0,-2.0,-217.0,839.0,-413.0,-431.0,-290.0
-196.0,-405.0,-474.0,224.0,-41.0,-221.0,859.0,-428.0,-386.0,-314.0
-169.0,-791.0,-462.0,194.0,-79.0,-151.0,391.0,-539.0,-364.0,-295.0
-145.0,-1157.0,-589.0,169.0,-114.0,-189.0,-16.0,-485.0,-353.0,-256.0
-101.0,-1343.0,-529.0,112.0,-140.0,-195.0,-60.0,-556.0,-320.0,-234.0
-75.0,-1352.0,-583.0,72.0,-137.0,-150.0,-24.0,-441.0,-293.0,-209.0
-26.0,-1241.0,-559.0,46.0,-98.0,-204.0,109.0,-406.0,-302.0,-148.0
26.0,-946.0,-581.0,22.0,-40.0,-311.0,203.0,-428.0,-321.0,-87.0
89.0,-477.0,-513.0,21.0,12.0,-383.0,94.0,-339.0,-341.0,-65.0
148.0,-9.0,-491.0,38.0,55.0,-334.0,48.0,-356.0,-374.0,-18.0
202.0,319.0,-543.0,96.0,97.0,-299.0,317.0,-349.0,-397.0,51.0
258.0,547.0,-440.0,134.0,133.0,-390.0,660.0,-460.0,-391.0,91.0
299.0,776.0,-538.0,129.0,158.0,-417.0,565.0,-467.0,-386.0,125.0
333.0,1048.0,-495.0,132.0,168.0,-336.0,-105.0,-428.0,-396.0,201.0
342.0,1404.0,-485.0,129.0,162.0,-285.0,-811.0,-315.0,-369.0,278.0
362.0,1887.0,-528.0,107.0,144.0,-323.0,-757.0,-145.0,-355.0,308.0
374.0,2376.0,-499.0,101.0,115.0,-377.0,-78.0,-162.0,-363.0,323.0
382.0,2542.0,-554.0,95.0,74.0,-404.0,648.0,-86.0,-338.0,347.0
383.0,2187.0,-495.0,102.0,13.0,-448.0,785.0,-214.0,-317.0,340.0
383.0,1457.0,-479.0,125.0,-65.0,-480.0,177.0,-325.0,-299.0,279.0
381.0,558.0,-520.0,114.0,-143.0,-517.0,27.0,-273.0,-281.0,238.0
363.0,-387.0,-441.0,89.0,-211.0,-582.0,594.0,-341.0,-274.0,217.0
359.0,-1242.0,-381.0,77.0,-252.0,-646.0,578.0,-290.0,-262.0,182.0
347.0,-1876.0,-364.0,86.0,-250.0,-640.0,-43.0,-376.0,-234.0,158.0
335.0,-2240.0,-279.0,73.0,-211.0,-565.0,-189.0,-447.0,-209.0,178.0
315.0,-2420.0,-248.0,41.0,-153.0,-539.0,106.0,-485.0,-168.0,207.0
289.0,-2540.0,-200.0,29.0,-92.0,-537.0,405.0,-554.0,-97.0,194.0
246.0,-2542.0,-105.0,47.0,-39.0,-507.0,497.0,-532.0,-20.0,195.0
199.0,-2267.0,-127.0,48.0,-6.0,-472.0,-1.0,-541.0,89.0,210.0
168.0,-1777.0,-70.0,13.0,-8.0,-486.0,-594.0,-354.0,180.0,198.0
123.0,-1234.0,-64.0,-15.0,-44.0,-557.0,-327.0,-293.0,250.0,181.0
75.0,-655.0,-114.0,-75.0,-95.0,-546.0,609.0,-194.0,339.0,183.0
26.0,14.0,-26.0,-131.0,-137.0,-534.0,951.0,-48.0,411.0,209.0
-23.0,724.0,-73.0,-176.0,-159.0,-570.0,272.0,-86.0,484.0,197.0
-78.0,1339.0,-74.0,-228.0,-153.0,-530.0,-398.0,-75.0,555.0,166.0
-118.0,1765.0,-47.0,-262.0,-125.0,-519.0,-260.0,-230.0,635.0,171.0
-152.0,1975.0,-80.0,-293.0,-87.0,-563.0,390.0,-293.0,712.0,174.0
-196.0,2011.0,-81.0,-318.0,-64.0,-625.0,831.0,-358.0,770.0,146.0
-238.0,1879.0,-74.0,-345.0,-52.0,-611.0,732.0,-375.0,817.0,134.0
-277.0,1567.0,-95.0,-336.0,-37.0,-573.0,92.0,-258.0,851.0,166.0
-315.0,1164.0,-100.0,-271.0,-22.0,-648.0,-430.0,-280.0,866.0,186.0
-336.0,803.0,-33.0,-182.0,-2.0,-665.0,-342.0,-127.0,843.0,187.0
-341.0,504.0,-92.0,-99.0,26.0,-574.0,-6.0,-83.0,803.0,203.0
-349.0,236.0,-26.0,-27.0,59.0,-510.0,293.0,-35.0,731.0,235.0
-354.0,15.0,-33.0,22.0,98.0,-610.0,195.0,12.0,631.0,220.0
-358.0,-158.0,-93.0,38.0,151.0,-663.0,-118.0,-84.0,541.0,178.0
-365.0,-253.0,0.0,52.0,215.0,-552.0,-15.0,-49.0,478.0,164.0
-365.0,-343.0,-83.0,51.0,273.0,-520.0,368.0,-136.0,432.0,106.0
-344.0,-549.0,-67.0,32.0,310.0,-557.0,435.0,-114.0,378.0,-1.0
-342.0,-762.0,-14.0,3.0,317.0,-636.0,111.0,-42.0,333.0,-110.0
-332.0,-822.0,-73.0,-36.0,295.0,-662.0,-184.0,40.0,288.0,-224.0
-324.0,-799.0,-18.0,-62.0,254.0,-611.0,-328.0,195.0,234.0,-354.0
-345.0,-846.0,-20.0,-80.0,205.0,-619.0,-206.0,199.0,172.0,-483.0
-361.0,-885.0,-14.0,-71.0,154.0,-583.0,148.0,253.0,107.0,-576.0
-382.0,-754.0,44.0,-48.0,107.0,-563.0,299.0,160.0,63.0,-634.0
-399.0,-490.0,27.0,-51.0,72.0,-605.0,74.0,99.0,28.0,-702.0
-416.0,-204.0,90.0,-41.0,39.0,-583.0,67.0,33.0,-5.0,-744.0
-422.0,90.0,110.0,-5.0,0.0,-543.0,458.0,-123.0,-25.0,-733.0
-442.0,423.0,164.0,28.0,-46.0,-544.0,283.0,-123.0,-57.0,-713.0
-469.0,754.0,237.0,40.0,-89.0,-600.0,-490.0,-271.0,-101.0,-697.0
-495.0,1009.0,269.0,39.0,-116.0,-617.0,-788.0,-373.0,-131.0,-684.0
-516.0,1144.0,367.0,29.0,-125.0,-546.0,-225.0,-482.0,-167.0,-665.0
-528.0,1112.0,387.0,3.0,-117.0,-553.0,526.0,-465.0,-214.0,-684.0
-534.0,899.0,458.0,-33.0,-112.0,-588.0,687.0,-308.0,-261.0,-733.0
-516.0,581.0,491.0,-86.0,-110.0,-535.0,247.0,-328.0,-301.0,-759.0
-520.0,278.0,535.0,-124.0,-93.0,-455.0,-175.0,-197.0,-356.0,-801.0
-516.0,102.0,619.0,-149.0,-57.0,-467.0,-194.0,-166.0,-423.0,-867.0
-514.0,52.0,586.0,-183.0,-14.0,-524.0,-102.0,-125.0,-479.0,-902.0
-510.0,45.0,633.0,-171.0,25.0,-492.0,143.0,-64.0,-573.0,-903.0
-500.0,95.0,629.0,-128.0,78.0,-469.0,571.0,-153.0,-672.0,-909.0
-493.0,199.0,590.0,-86.0,147.0,-561.0,334.0,-254.0,-733.0,-914.0
-468.0,168.0,601.0,-10.0,214.0,-626.0,-552.0,-498.0,-776.0,-911.0
-457.0,-155.0,516.0,43.0,253.0,-583.0,-761.0,-587.0,-787.0,-894.0
-437.0,-626.0,496.0,86.0,255.0,-615.0,-70.0,-620.0,-763.0,-894.0
-436.0,-959.0,419.0,107.0,228.0,-684.0,370.0,-576.0,-730.0,-891.0
-433.0,-1046.0,327.0,82.0,172.0,-667.0,163.0,-491.0,-689.0,-842.0
-439.0,-966.0,320.0,46.0,93.0,-617.0,-71.0,-522.0,-621.0,-785.0
-462.0,-878.0,188.0,-11.0,19.0,-604.0,140.0,-441.0,-544.0,-725.0
-463.0,-842.0,165.0,-79.0,-22.0,-658.0,280.0,-497.0,-439.0,-645.0
-455.0,-798.0,79.0,-193.0,-40.0,-628.0,-126.0,-436.0,-316.0,-553.0
-430.0,-793.0,-41.0,-293.0,-66.0,-517.0,-545.0,-376.0,-193.0,-467.0
-407.0,-896.0,-100.0,-373.0,-104.0,-490.0,-606.0,-400.0,-62.0,-407.0
-383.0,-1017.0,-234.0,-484.0,-145.0,-505.0,-233.0,-266.0,42.0,-337.0
-374.0,-1027.0,-294.0,-537.0,-170.0,-479.0,378.0,-317.0,131.0,-259.0
-354.0,-884.0,-420.0,-543.0,-175.0,-497.0,529.0,-291.0,178.0,-213.0
-335.0,-685.0,-472.0,-531.0,-168.0,-571.0,-67.0,-240.0,190.0,-159.0
-307.0,-582.0,-523.0,-507.0,-159.0,-603.0,-733.0,-232.0,204.0,-84.0
-258.0,-613.0,-593.0,-464.0,-156.0,-616.0,-511.0,-208.0,201.0,-7.0
-215.0,-632.0,-601.0,-411.0,-156.0,-646.0,414.0,-290.0,184.0,48.0
-154.0,-560.0,-642.0,-337.0,-144.0,-644.0,899.0,-267.0,172.0,116.0
-112.0,-564.0,-595.0,-216.0,-126.0,-557.0,598.0,-254.0,161.0,215.0
-77.0,-669.0,-611.0,-114.0,-120.0,-533.0,-125.0,-110.0,152.0,299.0
-47.0,-657.0,-577.0,-16.0,-121.0,-625.0,-857.0,-66.0,152.0,371.0
-19.0,-448.0,-517.0,76.0,-122.0,-651.0,-1110.0,-149.0,137.0,451.0
-3.0,-128.0,-528.0,152.0,-122.0,-578.0,-525.0,-133.0,117.0,512.0
6.0,215.0,-449.0,238.0,-118.0,-538.0,599.0,-236.0,82.0,510.0
20.0,455.0,-434.0,296.0,-98.0,-572.0,888.0,-247.0,47.0,469.0
19.0,534.0,-420.0,316.0,-63.0,-586.0,30.0,-343.0,17.0,405.0
29.0,540.0,-365.0,330.0,-26.0,-552.0,-648.0,-358.0,-20.0,305.0
49.0,553.0,-361.0,358.0,2.0,-557.0,-360.0,-306.0,-57.0,172.0
93.0,627.0,-325.0,382.0,21.0,-587.0,456.0,-339.0,-123.0,39.0
137.0,699.0,-288.0,389.0,25.0,-632.0,737.0,-169.0,-207.0,-46.0
180.0,683.0,-264.0,375.0,27.0,-707.0,330.0,-158.0,-296.0,-121.0
211.0,635.0,-232.0,358.0,52.0,-730.0,-230.0,-77.0,-368.0,-183.0
230.0,581.0,-183.0,345.0,90.0,-705.0,-579.0,-72.0,-428.0,-206.0
255.0,469.0,-183.0,314.0,116.0,-646.0,-592.0,-199.0,-479.0,-232.0
273.0,337.0,-119.0,272.0,119.0,-598.0,-471.0,-199.0,-497.0,-271.0
294.0,262.0,-88.0,214.0,111.0,-600.0,-213.0,-290.0,-483.0,-278.0
291.0,211.0,-123.0,137.0,105.0,-534.0,157.0,-184.0,-436.0,-251.0
289.0,166.0,-58.0,72.0,99.0,-488.0,453.0,-243.0,-390.0,-206.0
286.0,199.0,-107.0,31.0,78.0,-557.0,554.0,-393.0,-341.0,-142.0
273.0,242.0,-89.0,7.0,40.0,-567.0,472.0,-410.0,-282.0,-62.0
267.0,93.0,-93.0,0.0,0.0,-479.0,118.0,-508.0,-213.0,34.0
251.0,-270.0,-125.0,-1.0,-31.0,-377.0,-306.0,-493.0,-126.0,80.0
222.0,-652.0,-96.0,21.0,-46.0,-365.0,-233.0,-500.0,-35.0,75.0
201.0,-940.0,-154.0,3.0,-56.0,-386.0,179.0,-391.0,65.0,87.0
176.0,-1129.0,-105.0,-30.0,-78.0,-313.0,384.0,-258.0,159.0,90.0
151.0,-1097.0,-116.0,-34.0,-105.0,-296.0,288.0,-101.0,244.0,72.0
144.0,-817.0,-102.0,-62.0,-117.0,-404.0,76.0,25.0,305.0,93.0
131.0,-523.0,-74.0,-65.0,-106.0,-457.0,-222.0,-24.0,345.0,144.0
120.0,-407.0,-73.0,-38.0,-84.0,-449.0,-324.0,-25.0,363.0,169.0
104.0,-461.0,-36.0,-6.0,-65.0,-482.0,-123.0,-242.0,353.0,185.0
93.0,-602.0,-30.0,-6.0,-50.0,-527.0,118.0,-362.0,325.0,215.0
86.0,-695.0,30.0,3.0,-29.0,-507.0,345.0,-413.0,269.0,250.0
68.0,-667.0,46.0,37.0,-8.0,-438.0,327.0,-489.0,187.0,276.0
44.0,-605.0,80.0,47.0,-2.0,-459.0,229.0,-330.0,69.0,307.0
7.0,-516.0,122.0,72.0,-14.0,-505.0,265.0,-327.0,-63.0,347.0
-32.0,-301.0,126.0,76.0,-31.0,-459.0,186.0,-286.0,-201.0,374.0
-95.0,-3.0,145.0,83.0,-38.0,-421.0,105.0,-306.0,-342.0,341.0
-149.0,243.0,172.0,116.0,-43.0,-475.0,142.0,-349.0,-458.0,280.0
-203.0,362.0,154.0,147.0,-49.0,-565.0,45.0,-247.0,-540.0,240.0
-257.0,393.0,148.0,192.0,-54.0,-506.0,-44.0,-214.0,-582.0,174.0
-293.0,429.0,135.0,231.0,-54.0,-482.0,264.0,-40.0,-600.0,102.0
-331.0,517.0,103.0,243.0,-53.0,-504.0,666.0,-5.0,-594.0,57.0
-356.0,608.0,56.0,227.0,-69.0,-399.0,607.0,9.0,-581.0,36.0
-386.0,543.0,4.0,183.0,-116.0,-404.0,260.0,-5.0,-564.0,15.0
-417.0,234.0,-16.0,134.0,-189.0,-420.0,200.0,-64.0,-552.0,6.0
-449.0,-124.0,-101.0,83.0,-249.0,-377.0,345.0,22.0,-542.0,22.0
-475.0,-263.0,-101.0,36.0,-260.0,-325.0,166.0,-112.0,-491.0,29.0
-496.0,-177.0,-153.0,13.0,-224.0,-294.0,-90.0,-109.0,-423.0,22.0
-509.0,-22.0,-162.0,-7.0,-161.0,-457.0,267.0,-99.0,-344.0,7.0
-499.0,104.0,-142.0,10.0,-97.0,-629.0,804.0,-125.0,-244.0,-7.0
-485.0,168.0,-199.0,55.0,-56.0,-621.0,710.0,-158.0,-140.0,-50.0
-457.0,151.0,-134.0,103.0,-55.0,-586.0,303.0,-345.0,-25.0,-102.0
-426.0,101.0,-181.0,186.0,-82.0,-651.0,150.0,-221.0,107.0,-133.0
-403.0,24.0,-195.0,244.0,-118.0,-673.0,261.0,-282.0,255.0,-141.0
-390.0,-117.0,-178.0,300.0,-164.0,-546.0,423.0,-332.0,402.0,-161.0
-381.0,-214.0,-217.0,332.0,-220.0,-453.0,449.0,-186.0,547.0,-188.0
-381.0,-76.0,-210.0,306.0,-270.0,-493.0,289.0,-96.0,665.0,-186.0
-371.0,362.0,-232.0,259.0,-285.0,-557.0,74.0,118.0,748.0,-187.0
-351.0,856.0,-234.0,173.0,-264.0,-570.0,26.0,153.0,795.0,-190.0
-311.0,1087.0,-222.0,55.0,-219.0,-528.0,398.0,262.0,812.0,-177.0
-254.0,1035.0,-213.0,-96.0,-169.0,-488.0,885.0,194.0,773.0,-142.0
-213.0,884.0,-207.0,-242.0,-130.0,-491.0,771.0,-27.0,689.0,-110.0
-167.0,647.0,-164.0,-369.0,-110.0,-486.0,302.0,-53.0,595.0,-94.0
-138.0,167.0,-149.0,-472.0,-110.0,-498.0,229.0,-90.0,465.0,-76.0
-103.0,-473.0,-121.0,-527.0,-113.0,-519.0,441.0,-20.0,324.0,-65.0
-71.0,-1007.0,-50.0,-550.0,-97.0,-534.0,400.0,-62.0,159.0,-89.0
-29.0,-1335.0,-20.0,-534.0,-48.0,-596.0,146.0,-57.0,-13.0,-110.0
16.0,-1510.0,28.0,-490.0,19.0,-667.0,96.0,-42.0,-172.0,-94.0
53.0,-1513.0,88.0,-422.0,85.0,-653.0,289.0,-92.0,-323.0,-101.0
92.0,-1261.0,123.0,-385.0,135.0,-587.0,338.0,-73.0,-446.0,-132.0
93.0,-816.0,151.0,-335.0,154.0,-611.0,183.0,-121.0,-544.0,-158.0
116.0,-386.0,200.0,-290.0,133.0,-699.0,147.0,9.0,-596.0,-189.0
138.0,-142.0,195.0,-280.0,88.0,-671.0,207.0,-31.0,-607.0,-239.0
149.0,-90.0,209.0,-231.0,44.0,-522.0,241.0,-72.0,-591.0,-322.0
165.0,-69.0,216.0,-193.0,17.0,-465.0,305.0,33.0,-551.0,-398.0
175.0,21.0,141.0,-162.0,9.0,-494.0,306.0,29.0,-494.0,-464.0
187.0,174.0,140.0,-155.0,20.0,-438.0,58.0,210.0,-416.0,-563.0
189.0,354.0,92.0,-190.0,42.0,-363.0,-236.0,218.0,-334.0,-648.0
190.0,498.0,60.0,-243.0,49.0,-365.0,-243.0,131.0,-251.0,-699.0
185.0,514.0,46.0,-286.0,38.0,-392.0,-101.0,88.0,-175.0,-743.0
189.0,329.0,2.0,-295.0,21.0,-383.0,-74.0,-53.0,-113.0,-775.0
191.0,8.0,18.0,-324.0,9.0,-369.0,-46.0,-116.0,-54.0,-782.0
209.0,-285.0,-16.0,-339.0,31.0,-394.0,163.0,-166.0,-16.0,-735.0
224.0,-488.0,-7.0,-317.0,102.0,-336.0,305.0,-145.0,19.0,-680.0
231.0,-534.0,-30.0,-280.0,215.0,-281.0,191.0,-186.0,47.0,-608.0
227.0,-265.0,-13.0,-232.0,337.0,-354.0,26.0,-101.0,53.0,-473.0
208.0,356.0,27.0,-182.0,426.0,-330.0,42.0,-20.0,76.0,-322.0
203.0,1136.0,-1.0,-131.0,465.0,-275.0,84.0,-49.0,94.0,-178.0
179.0,1822.0,78.0,-134.0,467.0,-269.0,-41.0,-7.0,118.0,-28.0
159.0,2302.0,76.0,-163.0,445.0,-326.0,-110.0,-99.0,148.0,120.0
138.0,2460.0,101.0,-190.0,410.0,-396.0,-103.0,0.0,158.0,224.0
111.0,2132.0,138.0,-265.0,379.0,-309.0,-260.0,-3.0,170.0,295.0
79.0,1352.0,127.0,-330.0,361.0,-256.0,-520.0,-35.0,162.0,368.0
50.0,427.0,174.0,-384.0,354.0,-257.0,-499.0,27.0,131.0,423.0
17.0,-347.0,142.0,-443.0,337.0,-230.0,-124.0,-73.0,84.0,445.0
-15.0,-889.0,179.0,-460.0,289.0,-188.0,203.0,-16.0,12.0,449.0
-36.0,-1219.0,165.0,-439.0,222.0,-178.0,233.0,-110.0,-59.0,456.0
-57.0,-1344.0,141.0,-370.0,160.0,-204.0,49.0,-92.0,-128.0,458.0
-67.0,-1290.0,156.0,-245.0,107.0,-102.0,-171.0,-33.0,-194.0,438.0
-74.0,-1123.0,135.0,-88.0,55.0,-29.0,-317.0,-136.0,-240.0,423.0
-52.0,-906.0,136.0,71.0,3.0,-135.0,-355.0,-75.0,-290.0,454.0
-24.0,-598.0,88.0,233.0,-34.0,-212.0,-377.0,-151.0,-343.0,499.0
7.0,-184.0,110.0,397.0,-53.0,-189.0,-375.0,-131.0,-402.0,556.0
44.0,247.0,124.0,508.0,-64.0,-158.0,-303.0,-127.0,-453.0,659.0
88.0,662.0,90.0,571.0,-80.0,-198.0,-150.0,-173.0,-490.0,777.0
115.0,977.0,115.0,573.0,-97.0,-219.0,24.0,-33.0,-528.0,868.0
133.0,987.0,184.0,529.0,-119.0,-142.0,68.0,73.0,-560.0,932.0
152.0,631.0,119.0,472.0,-145.0,-190.0,-5.0,243.0,-571.0,976.0
159.0,73.0,112.0,380.0,-168.0,-284.0,-162.0,253.0,-551.0,973.0
165.0,-531.0,114.0,285.0,-197.0,-291.0,-282.0,208.0,-513.0,906.0
133.0,-1108.0,29.0,223.0,-236.0,-235.0,-155.0,251.0,-479.0,802.0
107.0,-1581.0,63.0,206.0,-258.0,-203.0,79.0,260.0,-444.0,691.0
57.0,-1819.0,38.0,220.0,-238.0,-258.0,77.0,327.0,-404.0,550.0
9.0,-1670.0,63.0,266.0,-186.0,-247.0,-247.0,310.0,-355.0,393.0
-35.0,-1119.0,-45.0,359.0,-127.0,-266.0,-551.0,349.0,-287.0,268.0
-88.0,-350.0,-113.0,473.0,-70.0,-294.0,-469.0,297.0,-214.0,168.0
-114.0,366.0,-97.0,552.0,-8.0,-247.0,-180.0,219.0,-145.0,72.0
-153.0,842.0,-200.0,607.0,46.0,-165.0,-31.0,186.0,-73.0,0.0
-181.0,989.0,-181.0,651.0,42.0,-154.0,-3.0,31.0,-22.0,-42.0
-209.0,917.0,-238.0,671.0,-52.0,-238.0,-82.0,92.0,4.0,-84.0
-215.0,907.0,-247.0,688.0,-190.0,-206.0,-317.0,12.0,11.0,-140.0
-220.0,1024.0,-271.0,660.0,-280.0,-136.0,-440.0,-96.0,21.0,-176.0
-204.0,1033.0,-320.0,585.0,-285.0,-187.0,-200.0,-29.0,44.0,-185.0
-171.0,782.0,-320.0,472.0,-235.0,-268.0,23.0,-75.0,61.0,-220.0
-141.0,352.0,-339.0,353.0,-166.0,-198.0,-187.0,36.0,100.0,-242.0
-98.0,-125.0,-312.0,241.0,-93.0,-58.0,-485.0,86.0,143.0,-237.0
-72.0,-518.0,-359.0,145.0,-37.0,-96.0,-458.0,129.0,186.0,-257.0
-35.0,-685.0,-348.0,98.0,-25.0,-167.0,-278.0,210.0,234.0,-310.0
-13.0,-532.0,-334.0,61.0,-51.0,-179.0,-187.0,251.0,290.0,-378.0
14.0,-179.0,-340.0,58.0,-81.0,-181.0,-199.0,280.0,366.0,-422.0
32.0,86.0,-301.0,73.0,-92.0,-98.0,-262.0,212.0,449.0,-473.0
39.0,221.0,-303.0,96.0,-87.0,-83.0,-277.0,299.0,529.0,-535.0
42.0,436.0,-283.0,129.0,-69.0,-113.0,-174.0,288.0,602.0,-550.0
29.0,831.0,-273.0,145.0,-41.0,-174.0,-82.0,321.0,661.0,-523.0
14.0,1337.0,-267.0,138.0,-18.0,-240.0,-249.0,356.0,681.0,-511.0
-15.0,1812.0,-199.0,102.0,-13.0,-166.0,-510.0,321.0,667.0,-488.0
-52.0,2058.0,-168.0,65.0,-22.0,-118.0,-582.0,447.0,640.0,-434.0
-108.0,2013.0,-168.0,10.0,-19.0,-134.0,-465.0,447.0,587.0,-370.0
-158.0,1783.0,-120.0,-41.0,-2.0,-179.0,-229.0,574.0,534.0,-315.0
-200.0,1426.0,-109.0,-91.0,2.0,-136.0,-125.0,593.0,484.0,-276.0
-240.0,905.0,-71.0,-166.0,-17.0,-121.0,-176.0,524.0,428.0,-205.0
-260.0,262.0,-44.0,-235.0,-35.0,-184.0,-169.0,618.0,361.0,-179.0
-257.0,-386.0,-7.0,-277.0,-14.0,-89.0,-247.0,489.0,282.0,-213.0
-241.0,-1010.0,42.0,-323.0,40.0,27.0,-473.0,404.0,189.0,-231.0
-231.0,-1538.0,24.0,-378.0,103.0,-16.0,-479.0,249.0,83.0,-249.0
-202.0,-1857.0,85.0,-411.0,161.0,-132.0,-254.0,84.0,-2.0,-276.0
-174.0,-1881.0,116.0,-416.0,209.0,-87.0,-218.0,29.0,-85.0,-318.0
-143.0,-1565.0,116.0,-393.0,237.0,10.0,-388.0,-22.0,-152.0,-318.0
-114.0,-1054.0,160.0,-364.0,219.0,-2.0,-392.0,136.0,-193.0,-299.0
-90.0,-558.0,179.0,-311.0,154.0,-16.0,-111.0,151.0,-200.0,-295.0
-54.0,-175.0,179.0,-253.0,86.0,-4.0,107.0,262.0,-176.0,-261.0
-16.0,88.0,184.0,-218.0,44.0,7.0,-2.0,369.0,-148.0,-211.0
40.0,233.0,192.0,-147.0,22.0,-16.0,-282.0,286.0,-100.0,-158.0
75.0,262.0,182.0,-73.0,-6.0,-77.0,-447.0,354.0,-46.0,-125.0
107.0,258.0,206.0,-38.0,-45.0,-81.0,-350.0,308.0,33.0,-79.0
135.0,316.0,215.0,-24.0,-66.0,-83.0,-155.0,360.0,129.0,-32.0
139.0,397.0,224.0,-26.0,-53.0,-142.0,-72.0,332.0,242.0,-29.0
144.0,422.0,234.0,-39.0,-23.0,-131.0,-96.0,240.0,369.0,-29.0
134.0,480.0,232.0,-96.0,-11.0,-105.0,-168.0,256.0,468.0,-47.0
138.0,558.0,263.0,-194.0,-14.0,-60.0,-223.0,256.0,542.0,-72.0
136.0,466.0,280.0,-302.0,-4.0,-64.0,-126.0,338.0,590.0,-97.0
138.0,253.0,303.0,-430.0,15.0,-93.0,55.0,177.0,617.0,-127.0
152.0,83.0,344.0,-530.0,32.0,-54.0,-14.0,121.0,611.0,-113.0
154.0,-57.0,376.0,-598.0,44.0,-99.0,-284.0,81.0,585.0,-98.0
158.0,-215.0,419.0,-643.0,60.0,-67.0,-232.0,36.0,538.0,-73.0
174.0,-331.0,457.0,-654.0,65.0,-42.0,92.0,73.0,486.0,-8.0
181.0,-344.0,478.0,-623.0,29.0,-117.0,138.0,-92.0,431.0,78.0
186.0,-330.0,498.0,-550.0,-37.0,-198.0,-71.0,-27.0,351.0,159.0
204.0,-328.0,514.0,-480.0,-95.0,-229.0,-351.0,-64.0,289.0,239.0
201.0,-227.0,502.0,-375.0,-127.0,-156.0,-603.0,-73.0,233.0,346.0
207.0,-23.0,470.0,-289.0,-134.0,-171.0,-539.0,-9.0,180.0,433.0
210.0,141.0,436.0,-232.0,-103.0,-164.0,-238.0,-38.0,134.0,486.0
206.0,247.0,377.0,-155.0,-42.0,-117.0,23.0,107.0,74.0,533.0
209.0,372.0,318.0,-131.0,8.0,-70.0,86.0,49.0,-14.0,574.0
212.0,554.0,239.0,-137.0,26.0,-41.0,-93.0,73.0,-115.0,573.0
232.0,725.0,157.0,-155.0,26.0,-93.0,-300.0,96.0,-227.0,545.0
245.0,776.0,70.0,-197.0,29.0,-14.0,-405.0,75.0,-350.0,527.0
258.0,733.0,-23.0,-244.0,36.0,74.0,-372.0,88.0,-468.0,502.0
275.0,686.0,-97.0,-271.0,35.0,31.0,-156.0,-25.0,-605.0,446.0
289.0,630.0,-197.0,-293.0,35.0,-49.0,36.0,77.0,-735.0,363.0
315.0,493.0,-259.0,-314.0,55.0,-47.0,-34.0,81.0,-836.0,280.0
347.0,288.0,-325.0,-311.0,77.0,27.0,-339.0,166.0,-924.0,176.0
362.0,67.0,-400.0,-322.0,74.0,73.0,-476.0,295.0,-976.0,43.0
377.0,-155.0,-447.0,-340.0,61.0,139.0,-349.0,332.0,-984.0,-80.0
400.0,-349.0,-482.0,-370.0,69.0,191.0,-263.0,454.0,-962.0,-177.0
408.0,-457.0,-516.0,-410.0,99.0,149.0,-215.0,330.0,-905.0,-255.0
407.0,-433.0,-541.0,-420.0,129.0,130.0,-214.0,310.0,-821.0,-329.0
395.0,-325.0,-555.0,-412.0,140.0,213.0,-232.0,258.0,-732.0,-338.0
372.0,-214.0,-579.0,-392.0,129.0,210.0,-292.0,197.0,-641.0,-312.0
333.0,-149.0,-573.0,-365.0,106.0,110.0,-399.0,256.0,-531.0,-285.0
286.0,-143.0,-581.0,-346.0,86.0,10.0,-327.0,177.0,-420.0,-229.0
235.0,-190.0,-589.0,-336.0,83.0,22.0,-236.0,242.0,-328.0,-171.0
184.0,-252.0,-620.0,-334.0,104.0,110.0,-297.0,201.0,-246.0,-96.0
137.0,-355.0,-632.0,-321.0,142.0,77.0,-434.0,169.0,-179.0,-45.0
90.0,-567.0,-655.0,-285.0,180.0,73.0,-464.0,127.0,-148.0,-2.0
49.0,-691.0,-677.0,-256.0,206.0,145.0,-297.0,31.0,-141.0,58.0
18.0,-541.0,-670.0,-214.0,212.0,192.0,-148.0,155.0,-149.0,94.0
-21.0,-332.0,-692.0,-149.0,187.0,175.0,-125.0,105.0,-181.0,119.0
-75.0,-343.0,-657.0,-93.0,123.0,129.0,-219.0,142.0,-199.0,131.0
-127.0,-604.0,-640.0,-32.0,45.0,191.0,-381.0,186.0,-190.0,167.0
-174.0,-979.0,-599.0,55.0,-18.0,285.0,-483.0,157.0,-150.0,181.0
-214.0,-1305.0,-554.0,125.0,-57.0,329.0,-422.0,242.0,-79.0,157.0
-252.0,-1471.0,-503.0,182.0,-79.0,400.0,-230.0,171.0,20.0,149.0
-271.0,-1507.0,-433.0,270.0,-83.0,425.0,-93.0,149.0,141.0,121.0
-283.0,-1486.0,-393.0,351.0,-76.0,398.0,-104.0,57.0,254.0,71.0
-298.0,-1326.0,-333.0,427.0,-86.0,415.0,-229.0,25.0,355.0,10.0
-300.0,-918.0,-290.0,484.0,-122.0,433.0,-337.0,38.0,421.0,-35.0
-291.0,-328.0,-211.0,516.0,-161.0,446.0,-296.0,44.0,465.0,-67.0
-274.0,270.0,-174.0,518.0,-177.0,404.0,-151.0,190.0,494.0,-101.0
-243.0,758.0,-116.0,473.0,-165.0,379.0,-20.0,192.0,497.0,-113.0
-208.0,1114.0,-4.0,425.0,-152.0,455.0,-18.0,249.0,488.0,-106.0
-179.0,1319.0,43.0,355.0,-152.0,456.0,-144.0,151.0,455.0,-115.0
-139.0,1404.0,163.0,254.0,-165.0,447.0,-263.0,97.0,431.0,-154.0
-96.0,1446.0,256.0,157.0,-174.0,483.0,-299.0,173.0,408.0,-175.0
-68.0,1390.0,318.0,51.0,-180.0,461.0,-210.0,55.0,374.0,-202.0
-47.0,1101.0,438.0,-50.0,-189.0,440.0,-113.0,127.0,359.0,-249.0
-24.0,554.0,496.0,-124.0,-191.0,402.0,-136.0,112.0,350.0,-277.0
-13.0,-116.0,605.0,-177.0,-172.0,403.0,-107.0,84.0,333.0,-285.0
0.0,-691.0,660.0,-185.0,-130.0,373.0,68.0,129.0,307.0,-279.0
14.0,-1016.0,700.0,-179.0,-71.0,297.0,66.0,59.0,271.0,-303.0
34.0,-1105.0,780.0,-150.0,4.0,356.0,-219.0,36.0,208.0,-320.0
49.0,-1035.0,761.0,-80.0,84.0,436.0,-314.0,-57.0,132.0,-314.0
34.0,-796.0,844.0,-4.0,145.0,445.0,-171.0,-53.0,63.0,-312.0
22.0,-389.0,817.0,117.0,182.0,348.0,-113.0,-25.0,-2.0,-287.0
18.0,42.0,810.0,261.0,197.0,355.0,-130.0,110.0,-71.0,-230.0
29.0,297.0,867.0,365.0,197.0,497.0,-74.0,312.0,-142.0,-138.0
48.0,241.0,761.0,456.0,197.0,511.0,22.0,378.0,-210.0,-59.0
62.0,-94.0,808.0,526.0,198.0,526.0,-110.0,500.0,-254.0,-6.0
86.0,-515.0,789.0,546.0,185.0,587.0,-373.0,367.0,-286.0,52.0
116.0,-840.0,743.0,552.0,144.0,642.0,-443.0,243.0,-321.0,77.0
154.0,-934.0,738.0,535.0,85.0,625.0,-238.0,179.0,-326.0,67.0
183.0,-794.0,659.0,498.0,31.0,536.0,28.0,36.0,-316.0,76.0
208.0,-642.0,610.0,450.0,1.0,566.0,54.0,31.0,-295.0,118.0
250.0,-669.0,517.0,398.0,4.0,615.0,-141.0,-73.0,-255.0,146.0
295.0,-765.0,443.0,319.0,34.0,603.0,-349.0,-55.0,-215.0,190.0
331.0,-748.0,346.0,233.0,67.0,617.0,-339.0,-75.0,-161.0,258.0
351.0,-632.0,275.0,206.0,96.0,585.0,-230.0,-112.0,-90.0,290.0
374.0,-472.0,209.0,155.0,117.0,527.0,-121.0,-60.0,-37.0,305.0
400.0,-274.0,130.0,111.0,133.0,500.0,-6.0,-116.0,16.0,329.0
410.0,20.0,80.0,105.0,141.0,517.0,-149.0,-14.0,64.0,382.0
417.0,430.0,44.0,64.0,133.0,535.0,-360.0,-5.0,88.0,405.0
419.0,750.0,26.0,29.0,118.0,469.0,-265.0,24.0,100.0,387.0
439.0,815.0,-46.0,20.0,98.0,467.0,-9.0,103.0,87.0,381.0
449.0,739.0,-59.0,-2.0,79.0,511.0,32.0,57.0,56.0,342.0
444.0,716.0,-62.0,-44.0,65.0,466.0,-214.0,24.0,21.0,271.0
439.0,837.0,-120.0,-90.0,50.0,425.0,-414.0,-129.0,-32.0,196.0
418.0,1062.0,-122.0,-139.0,30.0,457.0,-350.0,-245.0,-75.0,165.0
382.0,1272.0,-158.0,-178.0,-3.0,505.0,-188.0,-290.0,-97.0,141.0
324.0,1439.0,-196.0,-186.0,-48.0,481.0,-65.0,-157.0,-95.0,88.0
286.0,1616.0,-214.0,-189.0,-93.0,430.0,-38.0,-51.0,-65.0,70.0
255.0,1748.0,-293.0,-185.0,-131.0,433.0,-139.0,-36.0,-38.0,44.0
228.0,1709.0,-272.0,-148.0,-154.0,448.0,-327.0,123.0,-12.0,-10.0
191.0,1453.0,-318.0,-110.0,-153.0,406.0,-475.0,153.0,25.0,-57.0
146.0,1104.0,-385.0,-62.0,-129.0,405.0,-282.0,262.0,69.0,-87.0
117.0,908.0,-334.0,-23.0,-101.0,504.0,65.0,205.0,126.0,-124.0
79.0,885.0,-405.0,-11.0,-83.0,534.0,144.0,25.0,191.0,-187.0
39.0,832.0,-404.0,9.0,-71.0,467.0,45.0,55.0,240.0,-235.0
-3.0,641.0,-387.0,20.0,-50.0,467.0,-11.0,7.0,273.0,-260.0
-26.0,322.0,-410.0,7.0,-21.0,478.0,12.0,57.0,286.0,-316.0
-44.0,-64.0,-376.0,-24.0,-4.0,412.0,-72.0,-24.0,265.0,-393.0
-66.0,-348.0,-391.0,-87.0,-22.0,375.0,-174.0,-36.0,217.0,-421.0
-91.0,-443.0,-346.0,-172.0,-80.0,434.0,-46.0,-18.0,150.0,-424.0
-113.0,-493.0,-315.0,-249.0,-149.0,481.0,121.0,-118.0,84.0,-447.0
-118.0,-585.0,-298.0,-318.0,-198.0,410.0,137.0,-36.0,37.0,-449.0
-121.0,-725.0,-235.0,-401.0,-215.0,364.0,132.0,-138.0,-7.0,-405.0
-121.0,-928.0,-232.0,-519.0,-199.0,429.0,220.0,-66.0,-47.0,-381.0
-141.0,-1071.0,-195.0,-653.0,-144.0,520.0,233.0,53.0,-78.0,-409.0
-177.0,-1023.0,-130.0,-766.0,-54.0,490.0,67.0,68.0,-101.0,-421.0
-213.0,-824.0,-108.0,-854.0,44.0,427.0,34.0,177.0,-113.0,-438.0
-256.0,-618.0,-82.0,-928.0,125.0,459.0,329.0,103.0,-93.0,-503.0
-309.0,-596.0,-41.0,-968.0,175.0,394.0,523.0,188.0,-38.0,-557.0
-339.0,-896.0,-20.0,-973.0,184.0,330.0,332.0,208.0,27.0,-564.0
-360.0,-1373.0,-6.0,-940.0,140.0,391.0,78.0,168.0,96.0,-549.0
-358.0,-1735.0,35.0,-888.0,59.0,461.0,120.0,243.0,161.0,-551.0
-340.0,-1830.0,36.0,-808.0,-26.0,448.0,279.0,266.0,236.0,-523.0
-337.0,-1725.0,41.0,-702.0,-73.0,392.0,255.0,402.0,293.0,-459.0
-317.0,-1584.0,43.0,-597.0,-69.0,373.0,226.0,365.0,321.0,-402.0
-298.0,-1457.0,12.0,-494.0,-31.0,392.0,315.0,280.0,329.0,-337.0
-269.0,-1319.0,15.0,-412.0,13.0,380.0,327.0,251.0,290.0,-246.0
-251.0,-1158.0,6.0,-319.0,40.0,364.0,99.0,201.0,237.0,-130.0
-212.0,-1012.0,35.0,-209.0,48.0,422.0,-174.0,205.0,186.0,-42.0
-153.0,-883.0,54.0,-83.0,44.0,369.0,-64.0,151.0,127.0,38.0
-105.0,-637.0,45.0,34.0,38.0,325.0,276.0,194.0,69.0,152.0
-35.0,-106.0,71.0,119.0,36.0,396.0,246.0,158.0,7.0,237.0
20.0,578.0,83.0,174.0,28.0,446.0,-91.0,171.0,-39.0,265.0
89.0,1002.0,101.0,199.0,8.0,446.0,-205.0,236.0,-77.0,284.0
139.0,1055.0,105.0,211.0,-11.0,412.0,23.0,179.0,-136.0,300.0
188.0,1029.0,136.0,190.0,-7.0,479.0,238.0,240.0,-199.0,257.0
230.0,1137.0,124.0,141.0,18.0,486.0,201.0,214.0,-268.0,183.0
264.0,1370.0,114.0,64.0,45.0,400.0,52.0,286.0,-327.0,147.0
325.0,1609.0,133.0,-27.0,64.0,389.0,-36.0,321.0,-362.0,118.0
375.0,1764.0,98.0,-110.0,85.0,483.0,-9.0,273.0,-383.0,57.0
441.0,1797.0,118.0,-172.0,97.0,607.0,79.0,332.0,-390.0,18.0
502.0,1656.0,89.0,-210.0,87.0,554.0,70.0,256.0,-397.0,4.0
578.0,1356.0,57.0,-255.0,67.0,447.0,-101.0,288.0,-387.0,-27.0
642.0,972.0,39.0,-281.0,57.0,463.0,-238.0,184.0,-371.0,-67.0
709.0,577.0,-22.0,-275.0,56.0,470.0,-163.0,116.0,-348.0,-73.0
778.0,182.0,-58.0,-239.0,50.0,443.0,49.0,166.0,-310.0,-24.0
825.0,-276.0,-109.0,-196.0,45.0,480.0,198.0,107.0,-276.0,-2.0
892.0,-829.0,-149.0,-161.0,49.0,517.0,209.0,194.0,-238.0,17.0
919.0,-1412.0,-183.0,-145.0,49.0,538.0,98.0,109.0,-206.0,98.0
937.0,-1739.0,-202.0,-143.0,27.0,571.0,-85.0,75.0,-163.0,172.0
935.0,-1620.0,-202.0,-124.0,-15.0,614.0,-88.0,99.0,-110.0,205.0
927.0,-1204.0,-206.0,-107.0,-51.0,649.0,104.0,96.0,-56.0,236.0
908.0,-654.0,-193.0,-100.0,-58.0,539.0,216.0,182.0,-11.0,286.0
858.0,-110.0,-182.0,-76.0,-46.0,480.0,63.0,145.0,39.0,288.0
807.0,186.0,-160.0,-11.0,-39.0,538.0,-199.0,258.0,112.0,236.0
728.0,159.0,-119.0,76.0,-39.0,506.0,-171.0,339.0,190.0,193.0
660.0,1.0,-113.0,179.0,-36.0,449.0,199.0,325.0,259.0,141.0
584.0,-91.0,-64.0,266.0,-25.0,402.0,505.0,247.0,290.0,45.0
515.0,-37.0,-46.0,349.0,-17.0,449.0,368.0,75.0,295.0,-39.0
446.0,75.0,-49.0,439.0,-31.0,522.0,21.0,-25.0,299.0,-69.0
386.0,129.0,0.0,470.0,-57.0,455.0,-118.0,-94.0,302.0,-93.0
330.0,152.0,-3.0,491.0,-61.0,396.0,80.0,-35.0,300.0,-139.0
266.0,77.0,16.0,488.0,-27.0,456.0,411.0,-75.0,300.0,-163.0
220.0,-88.0,1.0,410.0,25.0,498.0,428.0,-20.0,297.0,-151.0
150.0,-139.0,-31.0,335.0,56.0,468.0,141.0,105.0,276.0,-138.0
103.0,-93.0,-34.0,259.0,51.0,415.0,-107.0,55.0,240.0,-142.0
44.0,-85.0,-67.0,159.0,17.0,368.0,-70.0,129.0,203.0,-135.0
-17.0,44.0,-44.0,76.0,-35.0,310.0,124.0,79.0,181.0,-127.0
-67.0,448.0,-42.0,14.0,-94.0,212.0,196.0,51.0,166.0,-172.0
-126.0,834.0,-47.0,-51.0,-158.0,250.0,189.0,60.0,179.0,-238.0
-173.0,865.0,-9.0,-98.0,-215.0,269.0,114.0,-44.0,218.0,-302.0
-233.0,619.0,-31.0,-86.0,-259.0,202.0,34.0,3.0,280.0,-410.0
-275.0,448.0,0.0,-48.0,-275.0,239.0,118.0,-66.0,352.0,-533.0
-325.0,611.0,-1.0,3.0,-252.0,262.0,202.0,7.0,418.0,-632.0
-385.0,1078.0,-11.0,56.0,-199.0,210.0,124.0,83.0,476.0,-715.0
-437.0,1620.0,24.0,87.0,-132.0,84.0,35.0,-5.0,520.0,-759.0
-492.0,2035.0,-10.0,93.0,-61.0,89.0,-18.0,36.0,549.0,-744.0
-534.0,2197.0,13.0,92.0,6.0,173.0,-53.0,-22.0,563.0,-655.0
-569.0,2081.0,-16.0,94.0,59.0,129.0,32.0,16.0,558.0,-530.0
-599.0,1808.0,-42.0,88.0,85.0,177.0,137.0,29.0,529.0,-421.0
-614.0,1566.0,-35.0,62.0,81.0,267.0,63.0,20.0,478.0,-291.0
-616.0,1516.0,-69.0,6.0,67.0,301.0,-88.0,36.0,394.0,-169.0
-612.0,1598.0,-47.0,-40.0,56.0,287.0,-114.0,62.0,302.0,-87.0
-605.0,1594.0,-72.0,-86.0,35.0,246.0,-42.0,121.0,210.0,-22.0
-586.0,1423.0,-74.0,-123.0,12.0,287.0,15.0,-16.0,115.0,38.0
-548.0,1295.0,-68.0,-135.0,3.0,246.0,-49.0,38.0,20.0,108.0
-492.0,1289.0,-82.0,-135.0,18.0,198.0,-151.0,-5.0,-100.0,146.0
-424.0,1005.0,-86.0,-120.0,41.0,236.0,-73.0,-40.0,-220.0,206.0
-342.0,296.0,-80.0,-110.0,39.0,249.0,60.0,48.0,-325.0,326.0
-260.0,-498.0,-74.0,-112.0,17.0,183.0,41.0,-42.0,-421.0,448.0
-186.0,-1064.0,-72.0,-114.0,14.0,89.0,-82.0,62.0,-501.0,561.0
-108.0,-1333.0,-33.0,-114.0,57.0,175.0,-133.0,11.0,-545.0,684.0
-61.0,-1467.0,-23.0,-119.0,126.0,306.0,-93.0,55.0,-556.0,821.0
-27.0,-1531.0,5.0,-92.0,194.0,332.0,-31.0,158.0,-541.0,941.0
-6.0,-1452.0,36.0,-55.0,254.0,300.0,-13.0,75.0,-502.0,1058.0
-2.0,-1276.0,41.0,-53.0,303.0,377.0,-110.0,164.0,-456.0,1175.0
27.0,-1177.0,42.0,-47.0,320.0,396.0,-196.0,84.0,-399.0,1287.0
50.0,-1192.0,61.0,-44.0,291.0,284.0,-229.0,42.0,-328.0,1364.0
85.0,-1131.0,68.0,-78.0,236.0,328.0,-194.0,-55.0,-257.0,1389.0
133.0,-906.0,78.0,-108.0,188.0,338.0,-166.0,-140.0,-191.0,1388.0
194.0,-648.0,129.0,-145.0,142.0,338.0,-194.0,-75.0,-127.0,1309.0
260.0,-522.0,149.0,-187.0,85.0,325.0,-101.0,-123.0,-89.0,1176.0
312.0,-512.0,205.0,-177.0,38.0,363.0,-104.0,-57.0,-60.0,1040.0
362.0,-507.0,236.0,-152.0,20.0,462.0,-269.0,-97.0,-2.0,931.0
402.0,-561.0,278.0,-118.0,25.0,442.0,-314.0,16.0,49.0,847.0
431.0,-699.0,322.0,-81.0,40.0,507.0,-172.0,142.0,87.0,767.0
432.0,-745.0,319.0,-83.0,63.0,540.0,-51.0,123.0,119.0,737.0
430.0,-602.0,332.0,-118.0,102.0,479.0,-180.0,190.0,124.0,722.0
425.0,-330.0,307.0,-120.0,155.0,430.0,-402.0,64.0,93.0,681.0
418.0,41.0,302.0,-67.0,212.0,494.0,-442.0,75.0,52.0,621.0
408.0,373.0,241.0,-1.0,264.0,654.0,-303.0,12.0,18.0,566.0
379.0,492.0,197.0,72.0,280.0,638.0,-250.0,-46.0,0.0,484.0
352.0,445.0,174.0,135.0,235.0,557.0,-314.0,60.0,-13.0,358.0
315.0,408.0,74.0,200.0,137.0,551.0,-377.0,35.0,-52.0,260.0
282.0,391.0,46.0,262.0,22.0,560.0,-388.0,96.0,-104.0,166.0
253.0,236.0,-19.0,283.0,-68.0,559.0,-204.0,60.0,-144.0,72.0
233.0,-82.0,-93.0,288.0,-106.0,531.0,-23.0,79.0,-182.0,15.0
235.0,-393.0,-114.0,294.0,-87.0,559.0,-71.0,12.0,-229.0,4.0
228.0,-511.0,-181.0,261.0,-42.0,610.0,-173.0,-166.0,-269.0,28.0
208.0,-432.0,-196.0,213.0,-26.0,569.0,-140.0,-149.0,-308.0,54.0
189.0,-292.0,-217.0,166.0,-59.0,578.0,-26.0,-168.0,-338.0,108.0
181.0,-199.0,-257.0,93.0,-109.0,633.0,54.0,-53.0,-370.0,195.0
173.0,-161.0,-240.0,40.0,-137.0,571.0,65.0,-33.0,-406.0,290.0
159.0,-115.0,-266.0,-10.0,-138.0,459.0,-94.0,22.0,-428.0,382.0
142.0,-64.0,-309.0,-72.0,-126.0,427.0,-236.0,118.0,-441.0,462.0
119.0,-2.0,-312.0,-136.0,-108.0,470.0,-143.0,14.0,-428.0,528.0
86.0,94.0,-348.0,-199.0,-101.0,404.0,38.0,44.0,-404.0,531.0
58.0,184.0,-371.0,-232.0,-106.0,339.0,172.0,-38.0,-370.0,471.0
38.0,158.0,-378.0,-270.0,-122.0,386.0,133.0,-48.0,-331.0,400.0
9.0,19.0,-410.0,-291.0,-156.0,421.0,-18.0,-36.0,-294.0,289.0
-13.0,-64.0,-410.0,-307.0,-203.0,429.0,-15.0,-68.0,-266.0,150.0
-47.0,-95.0,-417.0,-321.0,-231.0,375.0,151.0,-7.0,-218.0,7.0
-89.0,-212.0,-407.0,-283.0,-220.0,325.0,205.0,-57.0,-139.0,-132.0
-124.0,-398.0,-383.0,-240.0,-175.0,256.0,106.0,12.0,-68.0,-247.0
-159.0,-632.0,-380.0,-196.0,-110.0,172.0,109.0,-70.0,4.0,-344.0
-189.0,-1002.0,-353.0,-159.0,-42.0,173.0,159.0,-88.0,52.0,-399.0
-231.0,-1424.0,-344.0,-131.0,25.0,187.0,141.0,3.0,66.0,-387.0
-253.0,-1629.0,-323.0,-124.0,93.0,120.0,165.0,-53.0,68.0,-325.0
-274.0,-1458.0,-294.0,-137.0,142.0,18.0,181.0,11.0,34.0,-258.0
-292.0,-978.0,-273.0,-121.0,169.0,73.0,101.0,-42.0,-32.0,-190.0
-292.0,-356.0,-215.0,-129.0,195.0,141.0,9.0,11.0,-114.0,-100.0
-285.0,257.0,-174.0,-162.0,228.0,51.0,12.0,55.0,-204.0,-33.0
-264.0,738.0,-102.0,-202.0,255.0,-8.0,90.0,-49.0,-288.0,6.0
-248.0,1084.0,-19.0,-284.0,250.0,11.0,100.0,-14.0,-348.0,36.0
-206.0,1327.0,52.0,-342.0,201.0,52.0,-39.0,-86.0,-389.0,46.0
-169.0,1525.0,159.0,-359.0,132.0,10.0,-157.0,-121.0,-374.0,42.0
-155.0,1775.0,232.0,-363.0,78.0,-22.0,-124.0,-133.0,-331.0,28.0
-158.0,1983.0,294.0,-350.0,50.0,41.0,-23.0,-86.0,-264.0,20.0
-168.0,2002.0,347.0,-349.0,40.0,22.0,-19.0,-18.0,-161.0,20.0
-179.0,1831.0,392.0,-334.0,34.0,7.0,-128.0,1.0,-71.0,22.0
-211.0,1610.0,417.0,-265.0,18.0,-12.0,-123.0,77.0,46.0,60.0
-224.0,1488.0,409.0,-176.0,-18.0,-14.0,-56.0,-92.0,167.0,119.0
-231.0,1395.0,426.0,-87.0,-51.0,-41.0,-59.0,-72.0,278.0,175.0
-233.0,1262.0,379.0,-29.0,-41.0,-146.0,-65.0,-18.0,393.0,235.0
-225.0,1203.0,333.0,-17.0,1.0,-112.0,-70.0,14.0,509.0,268.0
-218.0,1184.0,302.0,-24.0,36.0,-68.0,-162.0,267.0,635.0,269.0
-216.0,1079.0,220.0,-80.0,57.0,-66.0,-321.0,243.0,740.0,228.0
-201.0,877.0,174.0,-145.0,63.0,-96.0,-240.0,297.0,824.0,174.0
-167.0,600.0,115.0,-217.0,29.0,-125.0,63.0,267.0,881.0,151.0
-141.0,347.0,28.0,-342.0,-50.0,-106.0,196.0,109.0,916.0,105.0
-115.0,263.0,-38.0,-479.0,-142.0,-100.0,42.0,66.0,925.0,93.0
-89.0,316.0,-103.0,-615.0,-203.0,-54.0,-155.0,66.0,908.0,107.0
-56.0,362.0,-191.0,-719.0,-212.0,-8.0,-211.0,194.0,880.0,112.0
-29.0,324.0,-253.0,-777.0,-163.0,-52.0,-122.0,221.0,858.0,143.0
-1.0,126.0,-318.0,-791.0,-66.0,-115.0,63.0,330.0,861.0,142.0
42.0,-205.0,-432.0,-746.0,32.0,-86.0,161.0,251.0,867.0,149.0
88.0,-499.0,-465.0,-670.0,92.0,-60.0,151.0,112.0,867.0,144.0
126.0,-690.0,-513.0,-582.0,114.0,-87.0,82.0,79.0,867.0,101.0
143.0,-821.0,-545.0,-468.0,120.0,-76.0,-44.0,-79.0,870.0,45.0
165.0,-937.0,-513.0,-330.0,126.0,1.0,-54.0,-29.0,852.0,-7.0
183.0,-1026.0,-520.0,-214.0,128.0,54.0,57.0,-145.0,785.0,-45.0
198.0,-1056.0,-463.0,-114.0,109.0,-12.0,119.0,-182.0,706.0,-65.0
213.0,-1031.0,-418.0,-38.0,70.0,-1.0,183.0,-57.0,614.0,-21.0
235.0,-985.0,-366.0,24.0,24.0,139.0,306.0,-73.0,504.0,54.0
253.0,-980.0,-275.0,121.0,-31.0,148.0,279.0,68.0,400.0,164.0
262.0,-1049.0,-230.0,222.0,-95.0,71.0,101.0,72.0,300.0,282.0
290.0,-1083.0,-158.0,331.0,-150.0,68.0,-37.0,49.0,206.0,383.0
311.0,-900.0,-92.0,441.0,-177.0,120.0,-137.0,33.0,114.0,468.0
342.0,-477.0,-46.0,539.0,-171.0,181.0,-168.0,-16.0,13.0,512.0
369.0,-35.0,14.0,637.0,-135.0,189.0,18.0,94.0,-83.0,544.0
382.0,175.0,75.0,725.0,-80.0,230.0,222.0,129.0,-175.0,565.0
393.0,186.0,98.0,792.0,-40.0,252.0,134.0,107.0,-241.0,606.0
370.0,287.0,139.0,830.0,-42.0,200.0,-15.0,-62.0,-287.0,638.0
341.0,623.0,187.0,845.0,-72.0,238.0,11.0,-229.0,-332.0,629.0
312.0,927.0,212.0,836.0,-94.0,280.0,135.0,-325.0,-346.0,621.0
266.0,870.0,299.0,831.0,-90.0,266.0,196.0,-327.0,-365.0,597.0
206.0,507.0,330.0,815.0,-62.0,235.0,130.0,-192.0,-405.0,547.0
147.0,208.0,349.0,770.0,-18.0,236.0,48.0,-236.0,-457.0,482.0
89.0,196.0,409.0,684.0,12.0,301.0,-18.0,-230.0,-544.0,414.0
22.0,168.0,391.0,577.0,18.0,262.0,-52.0,-323.0,-652.0,329.0
-55.0,-263.0,407.0,470.0,17.0,225.0,-32.0,-351.0,-771.0,242.0
-131.0,-896.0,405.0,306.0,15.0,244.0,48.0,-306.0,-873.0,177.0
-176.0,-1322.0,363.0,141.0,1.0,223.0,89.0,-421.0,-966.0,135.0
-195.0,-1534.0,355.0,-18.0,-24.0,173.0,26.0,-297.0,-1047.0,119.0
-214.0,-1670.0,288.0,-159.0,-44.0,6.0,99.0,-256.0,-1073.0,131.0
-237.0,-1763.0,249.0,-242.0,-47.0,-10.0,260.0,-190.0,-1052.0,190.0
-238.0,-1766.0,193.0,-280.0,-51.0,73.0,202.0,-114.0,-975.0,254.0
-236.0,-1589.0,113.0,-275.0,-63.0,36.0,134.0,-140.0,-861.0,303.0
-226.0,-1232.0,61.0,-238.0,-74.0,58.0,263.0,-73.0,-737.0,359.0
-207.0,-781.0,-3.0,-149.0,-68.0,73.0,241.0,-142.0,-584.0,395.0
-181.0,-419.0,-36.0,-41.0,-44.0,40.0,69.0,-99.0,-421.0,400.0
-148.0,-348.0,-66.0,51.0,-14.0,-31.0,109.0,-55.0,-269.0,396.0
-137.0,-509.0,-62.0,107.0,21.0,-89.0,284.0,-31.0,-114.0,409.0
-145.0,-767.0,-69.0,124.0,77.0,-56.0,389.0,31.0,49.0,424.0
-173.0,-1132.0,-63.0,107.0,144.0,-114.0,394.0,-3.0,211.0,423.0
-207.0,-1434.0,-60.0,56.0,191.0,-180.0,287.0,92.0,352.0,401.0
-236.0,-1466.0,-90.0,-17.0,196.0,-200.0,123.0,53.0,468.0,373.0
-257.0,-1229.0,-81.0,-99.0,166.0,-302.0,79.0,-73.0,533.0,343.0
-268.0,-763.0,-126.0,-168.0,120.0,-394.0,236.0,-182.0,553.0,293.0
-263.0,-200.0,-147.0,-211.0,85.0,-443.0,435.0,-321.0,548.0,249.0
-257.0,308.0,-191.0,-236.0,81.0,-346.0,429.0,-267.0,511.0,195.0
-261.0,780.0,-247.0,-249.0,99.0,-273.0,361.0,-251.0,449.0,105.0
-259.0,1257.0,-265.0,-222.0,106.0,-315.0,521.0,-166.0,383.0,23.0
-254.0,1622.0,-305.0,-210.0,81.0,-267.0,617.0,-105.0,332.0,-59.0
-240.0,1766.0,-307.0,-218.0,45.0,-256.0,527.0,-14.0,268.0,-137.0
-230.0,1785.0,-303.0,-221.0,31.0,-271.0,457.0,90.0,206.0,-194.0
-221.0,1845.0,-272.0,-242.0,36.0,-307.0,322.0,46.0,155.0,-250.0
-193.0,2049.0,-257.0,-258.0,22.0,-311.0,163.0,190.0,110.0,-259.0
-163.0,2272.0,-194.0,-267.0,-20.0,-302.0,261.0,99.0,75.0,-246.0
-150.0,2273.0,-122.0,-282.0,-81.0,-361.0,635.0,42.0,50.0,-226.0
-137.0,1978.0,-87.0,-286.0,-135.0,-340.0,812.0,18.0,51.0,-157.0
-123.0,1451.0,-2.0,-290.0,-165.0,-283.0,551.0,-142.0,45.0,-77.0
-98.0,819.0,30.0,-292.0,-173.0,-237.0,226.0,-97.0,40.0,0.0
-62.0,269.0,87.0,-260.0,-161.0,-292.0,113.0,-140.0,65.0,71.0
-18.0,-11.0,137.0,-211.0,-135.0,-315.0,254.0,-24.0,95.0,105.0
28.0,68.0,157.0,-159.0,-88.0,-236.0,608.0,-12.0,137.0,83.0
76.0,483.0,206.0,-118.0,0.0,-294.0,889.0,-110.0,184.0,0.0
132.0,980.0,186.0,-102.0,126.0,-359.0,839.0,-118.0,220.0,-107.0
171.0,1178.0,193.0,-96.0,253.0,-340.0,572.0,-149.0,245.0,-205.0
197.0,901.0,213.0,-115.0,341.0,-325.0,367.0,-27.0,267.0,-300.0
205.0,288.0,181.0,-159.0,372.0,-387.0,280.0,-53.0,304.0,-373.0
199.0,-457.0,181.0,-227.0,347.0,-439.0,258.0,40.0,322.0,-421.0
185.0,-1264.0,158.0,-301.0,284.0,-343.0,412.0,181.0,326.0,-457.0
160.0,-2115.0,122.0,-348.0,197.0,-277.0,680.0,175.0,350.0,-501.0
115.0,-2777.0,59.0,-372.0,100.0,-282.0,746.0,201.0,377.0,-533.0
69.0,-2835.0,-1.0,-355.0,11.0,-242.0,567.0,94.0,425.0,-515.0
42.0,-2320.0,-32.0,-316.0,-41.0,-204.0,360.0,79.0,465.0,-503.0
12.0,-1797.0,-94.0,-276.0,-39.0,-181.0,299.0,44.0,468.0,-516.0
-10.0,-1640.0,-128.0,-235.0,4.0,-234.0,444.0,49.0,450.0,-535.0
-39.0,-1611.0,-173.0,-226.0,65.0,-239.0,620.0,140.0,418.0,-563.0
-46.0,-1318.0,-201.0,-233.0,126.0,-148.0,590.0,112.0,383.0,-621.0
-52.0,-772.0,-220.0,-233.0,172.0,-157.0,442.0,162.0,344.0,-673.0
-62.0,-370.0,-239.0,-238.0,186.0,-125.0,358.0,114.0,285.0,-699.0
-75.0,-456.0,-219.0,-297.0,171.0,-35.0,349.0,96.0,194.0,-696.0
-86.0,-812.0,-265.0,-403.0,158.0,33.0,479.0,79.0,108.0,-673.0
-73.0,-835.0,-243.0,-489.0,149.0,32.0,627.0,127.0,14.0,-629.0
-65.0,-251.0,-234.0,-531.0,113.0,-10.0,529.0,295.0,-76.0,-504.0
-54.0,606.0,-275.0,-546.0,40.0,26.0,322.0,242.0,-138.0,-361.0
-43.0,1245.0,-233.0,-525.0,-50.0,-37.0,171.0,251.0,-200.0,-217.0
-19.0,1542.0,-258.0,-470.0,-156.0,-124.0,-30.0,197.0,-229.0,-54.0
-13.0,1655.0,-242.0,-396.0,-276.0,-146.0,-186.0,157.0,-242.0,87.0
-15.0,1722.0,-217.0,-273.0,-391.0,-141.0,-36.0,84.0,-265.0,179.0
-1.0,1755.0,-228.0,-123.0,-465.0,-113.0,409.0,-97.0,-272.0,201.0
7.0,1690.0,-177.0,34.0,-497.0,-152.0,752.0,-42.0,-259.0,215.0
12.0,1433.0,-146.0,169.0,-513.0,-127.0,626.0,-38.0,-233.0,221.0
6.0,981.0,-133.0,294.0,-531.0,-99.0,183.0,83.0,-203.0,199.0
0.0,593.0,-87.0,418.0,-537.0,-125.0,-163.0,84.0,-167.0,197.0
-8.0,490.0,-78.0,474.0,-504.0,-121.0,-116.0,33.0,-129.0,199.0
-22.0,554.0,-38.0,522.0,-438.0,-115.0,206.0,194.0,-75.0,183.0
-41.0,676.0,33.0,588.0,-385.0,-87.0,367.0,136.0,-10.0,148.0
-72.0,846.0,66.0,642.0,-375.0,-89.0,192.0,254.0,55.0,108.0
-103.0,980.0,160.0,687.0,-388.0,-67.0,-4.0,336.0,139.0,87.0
-130.0,1089.0,210.0,726.0,-379.0,-25.0,65.0,358.0,220.0,45.0
-176.0,1197.0,273.0,752.0,-330.0,-54.0,114.0,484.0,301.0,-24.0
-206.0,1197.0,310.0,763.0,-259.0,-111.0,-85.0,369.0,364.0,-78.0
-228.0,913.0,329.0,759.0,-184.0,-144.0,-245.0,303.0,386.0,-143.0
-245.0,343.0,365.0,747.0,-122.0,-123.0,-9.0,153.0,389.0,-228.0
-258.0,-181.0,354.0,744.0,-73.0,-129.0,455.0,60.0,406.0,-299.0
-269.0,-471.0,400.0,735.0,-30.0,-189.0,513.0,48.0,450.0,-325.0
-257.0,-785.0,391.0,701.0,11.0,-276.0,84.0,-25.0,500.0,-332.0
-256.0,-1309.0,403.0,629.0,63.0,-262.0,-247.0,-35.0,555.0,-353.0
-253.0,-1757.0,387.0,529.0,141.0,-186.0,-161.0,-121.0,597.0,-348.0
-249.0,-1875.0,344.0,400.0,241.0,-145.0,169.0,-27.0,603.0,-321.0
-254.0,-1751.0,343.0,259.0,325.0,-96.0,395.0,25.0,580.0,-312.0
-253.0,-1374.0,274.0,132.0,371.0,-173.0,294.0,70.0,525.0,-303.0
-240.0,-748.0,266.0,20.0,363.0,-152.0,-18.0,138.0,447.0,-262.0
-231.0,-236.0,220.0,-50.0,287.0,-83.0,-178.0,29.0,343.0,-216.0
-200.0,-95.0,168.0,-85.0,180.0,-116.0,1.0,90.0,223.0,-209.0
-168.0,-98.0,163.0,-98.0,110.0,-112.0,190.0,127.0,106.0,-203.0
-152.0,-28.0,133.0,-114.0,113.0,-146.0,172.0,208.0,9.0,-172.0
-116.0,67.0,143.0,-118.0,171.0,-104.0,221.0,223.0,-67.0,-172.0
-82.0,209.0,161.0,-91.0,234.0,-27.0,300.0,147.0,-139.0,-179.0
-43.0,399.0,190.0,-67.0,263.0,-27.0,58.0,110.0,-218.0,-155.0
-6.0,560.0,214.0,-38.0,250.0,-33.0,-358.0,-55.0,-282.0,-102.0
45.0,671.0,268.0,-2.0,215.0,-22.0,-417.0,-103.0,-319.0,-64.0
93.0,652.0,286.0,21.0,186.0,-98.0,34.0,-221.0,-346.0,-44.0
125.0,430.0,314.0,51.0,172.0,-160.0,485.0,-199.0,-346.0,26.0
148.0,182.0,363.0,62.0,134.0,-130.0,457.0,-103.0,-333.0,74.0
159.0,256.0,355.0,62.0,55.0,-110.0,185.0,-160.0,-312.0,103.0
181.0,705.0,426.0,82.0,-20.0,-165.0,-25.0,-70.0,-286.0,172.0
192.0,1176.0,444.0,93.0,-45.0,-247.0,-99.0,-75.0,-286.0,270.0
208.0,1455.0,474.0,69.0,-32.0,-194.0,53.0,-40.0,-289.0,403.0
228.0,1632.0,546.0,34.0,-42.0,-198.0,311.0,-57.0,-292.0,520.0
273.0,1690.0,560.0,1.0,-88.0,-185.0,444.0,-62.0,-300.0,664.0
316.0,1448.0,602.0,-53.0,-135.0,-189.0,348.0,24.0,-295.0,819.0
344.0,992.0,632.0,-111.0,-142.0,-217.0,196.0,-1.0,-275.0,927.0
355.0,671.0,665.0,-172.0,-101.0,-83.0,163.0,112.0,-243.0,1022.0
336.0,535.0,689.0,-228.0,-35.0,-116.0,180.0,49.0,-194.0,1113.0
311.0,330.0,712.0,-259.0,37.0,-181.0,179.0,1.0,-144.0,1154.0
271.0,-34.0,720.0,-281.0,110.0,-184.0,187.0,-55.0,-115.0,1129.0
240.0,-475.0,728.0,-254.0,167.0,-141.0,253.0,-212.0,-91.0,1103.0
201.0,-937.0,712.0,-204.0,176.0,-133.0,241.0,-157.0,-75.0,1069.0
163.0,-1293.0,672.0,-192.0,134.0,-218.0,13.0,-234.0,-59.0,1008.0
129.0,-1413.0,640.0,-170.0,60.0,-185.0,-275.0,-214.0,-46.0,933.0
112.0,-1438.0,547.0,-161.0,-21.0,-242.0,-352.0,-212.0,-37.0,883.0
82.0,-1598.0,493.0,-183.0,-90.0,-238.0,-109.0,-175.0,-23.0,869.0
28.0,-1877.0,406.0,-214.0,-117.0,-254.0,257.0,-40.0,-9.0,813.0
-20.0,-1961.0,278.0,-247.0,-80.0,-279.0,478.0,-105.0,21.0,746.0
-80.0,-1661.0,204.0,-256.0,2.0,-187.0,383.0,66.0,78.0,678.0
-125.0,-1266.0,96.0,-273.0,100.0,-365.0,81.0,110.0,167.0,548.0
-187.0,-1077.0,-4.0,-279.0,172.0,-293.0,-129.0,72.0,277.0,372.0
-246.0,-957.0,-73.0,-268.0,206.0,-170.0,-177.0,59.0,391.0,202.0
-305.0,-736.0,-203.0,-258.0,214.0,-369.0,-51.0,-64.0,499.0,34.0
-371.0,-575.0,-282.0,-237.0,208.0,-294.0,163.0,36.0,594.0,-146.0
-449.0,-600.0,-350.0,-224.0,188.0,-203.0,198.0,-48.0,660.0,-302.0
-522.0,-561.0,-440.0,-184.0,139.0,-126.0,26.0,-125.0,674.0,-408.0
-579.0,-163.0,-465.0,-128.0,31.0,-84.0,-138.0,-121.0,640.0,-469.0
-630.0,410.0,-536.0,-85.0,-91.0,-281.0,-174.0,-125.0,562.0,-527.0
-645.0,819.0,-560.0,-64.0,-109.0,-306.0,-126.0,40.0,461.0,-566.0
-658.0,1026.0,-605.0,-44.0,3.0,-278.0,37.0,81.0,352.0,-559.0
-648.0,1039.0,-614.0,-24.0,122.0,-267.0,300.0,201.0,251.0,-550.0
-644.0,845.0,-603.0,1.0,98.0,-156.0,388.0,275.0,188.0,-555.0
-630.0,498.0,-635.0,44.0,-75.0,-112.0,96.0,279.0,137.0,-550.0
-597.0,122.0,-570.0,84.0,-270.0,-227.0,-301.0,258.0,83.0,-566.0
-555.0,-119.0,-584.0,125.0,-346.0,-260.0,-285.0,171.0,28.0,-597.0
-499.0,-140.0,-546.0,138.0,-286.0,-202.0,96.0,136.0,-54.0,-608.0
-444.0,-21.0,-492.0,138.0,-193.0,-238.0,354.0,-59.0,-155.0,-598.0
-363.0,9.0,-486.0,161.0,-159.0,-230.0,182.0,-75.0,-257.0,-587.0
-287.0,-113.0,-414.0,204.0,-195.0,-286.0,-297.0,-153.0,-354.0,-606.0
-214.0,-146.0,-398.0,262.0,-271.0,-204.0,-512.0,-186.0,-426.0,-613.0
-148.0,179.0,-351.0,325.0,-364.0,-298.0,-180.0,75.0,-480.0,-605.0
-78.0,792.0,-290.0,394.0,-452.0,-334.0,227.0,107.0,-520.0,-597.0
-13.0,1463.0,-221.0,482.0,-498.0,-17.0,232.0,192.0,-518.0,-567.0
51.0,1961.0,-149.0,584.0,-464.0,-179.0,-27.0,181.0,-476.0,-483.0
120.0,1988.0,-57.0,676.0,-350.0,-187.0,-208.0,66.0,-388.0,-379.0
198.0,1475.0,59.0,795.0,-203.0,-68.0,-112.0,-14.0,-250.0,-288.0
285.0,620.0,108.0,907.0,-69.0,-131.0,121.0,-101.0,-88.0,-184.0
356.0,-285.0,261.0,990.0,27.0,-50.0,97.0,-96.0,85.0,-62.0
438.0,-908.0,367.0,1068.0,59.0,-153.0,-76.0,-205.0,253.0,59.0
494.0,-1000.0,444.0,1110.0,9.0,-172.0,-87.0,-160.0,391.0,143.0
558.0,-654.0,607.0,1107.0,-92.0,-139.0,24.0,-192.0,468.0,243.0
612.0,-294.0,640.0,1062.0,-164.0,-183.0,98.0,-229.0,489.0,359.0
638.0,-145.0,740.0,999.0,-135.0,-96.0,66.0,-210.0,465.0,454.0
641.0,118.0,782.0,931.0,-19.0,-89.0,-14.0,-290.0,405.0,535.0
633.0,787.0,792.0,857.0,121.0,-111.0,-35.0,-177.0,311.0,620.0
630.0,1591.0,843.0,770.0,245.0,-69.0,-12.0,-199.0,191.0,729.0
610.0,2100.0,788.0,646.0,316.0,-57.0,-54.0,-138.0,86.0,784.0
599.0,2087.0,794.0,504.0,307.0,-20.0,-123.0,-90.0,-8.0,813.0
565.0,1593.0,724.0,385.0,237.0,27.0,-159.0,-173.0,-88.0,823.0
563.0,840.0,665.0,280.0,169.0,96.0,-115.0,-84.0,-144.0,762.0
554.0,28.0,588.0,186.0,145.0,78.0,83.0,-131.0,-186.0,641.0
485.0,-811.0,479.0,103.0,152.0,35.0,213.0,-127.0,-214.0,490.0
420.0,-1558.0,413.0,28.0,157.0,82.0,18.0,-144.0,-240.0,371.0
357.0,-1946.0,296.0,-37.0,166.0,173.0,-327.0,-190.0,-271.0,247.0
285.0,-2039.0,222.0,-76.0,199.0,121.0,-478.0,-195.0,-294.0,129.0
197.0,-2105.0,117.0,-82.0,232.0,16.0,-381.0,-277.0,-306.0,67.0
139.0,-2341.0,60.0,-58.0,214.0,169.0,-195.0,-245.0,-322.0,0.0
95.0,-2776.0,-18.0,-13.0,172.0,131.0,-28.0,-314.0,-344.0,-94.0
51.0,-3054.0,-84.0,13.0,179.0,58.0,33.0,-293.0,-377.0,-198.0
7.0,-2666.0,-101.0,64.0,223.0,73.0,7.0,-336.0,-425.0,-253.0
-26.0,-1489.0,-151.0,128.0,232.0,-45.0,-31.0,-423.0,-465.0,-274.0
-53.0,-24.0,-138.0,149.0,190.0,26.0,-46.0,-295.0,-484.0,-307.0
-81.0,1008.0,-131.0,131.0,152.0,186.0,-52.0,-319.0,-501.0,-297.0
-107.0,1303.0,-104.0,51.0,146.0,266.0,41.0,-290.0,-505.0,-261.0
-134.0,1186.0,-78.0,-48.0,167.0,177.0,270.0,-312.0,-484.0,-219.0
-130.0,1136.0,-43.0,-155.0,209.0,118.0,243.0,-284.0,-452.0,-174.0
-117.0,1267.0,-7.0,-295.0,243.0,127.0,-163.0,-284.0,-404.0,-116.0
-111.0,1341.0,-2.0,-450.0,215.0,51.0,-393.0,-445.0,-347.0,-33.0
-91.0,1133.0,11.0,-594.0,123.0,57.0,-119.0,-389.0,-277.0,24.0
-69.0,773.0,6.0,-720.0,29.0,81.0,325.0,-467.0,-188.0,74.0
-54.0,564.0,9.0,-839.0,-34.0,32.0,577.0,-423.0,-91.0,122.0
-47.0,578.0,11.0,-923.0,-67.0,-24.0,444.0,-352.0,3.0,151.0
-65.0,560.0,16.0,-953.0,-60.0,-69.0,12.0,-388.0,107.0,157.0
-88.0,373.0,27.0,-964.0,-8.0,-41.0,-235.0,-242.0,212.0,173.0
-112.0,86.0,32.0,-978.0,31.0,-56.0,-42.0,-295.0,306.0,215.0
-142.0,-282.0,64.0,-957.0,-10.0,-205.0,329.0,-258.0,409.0,227.0
-155.0,-550.0,92.0,-908.0,-106.0,-192.0,468.0,-262.0,512.0,234.0
-170.0,-391.0,144.0,-838.0,-159.0,-185.0,321.0,-397.0,605.0,275.0
-179.0,16.0,214.0,-729.0,-99.0,-305.0,132.0,-417.0,684.0,328.0
-193.0,199.0,257.0,-598.0,40.0,-327.0,36.0,-469.0,723.0,359.0
-216.0,233.0,321.0,-457.0,162.0,-334.0,33.0,-447.0,723.0,371.0
-260.0,426.0,348.0,-295.0,197.0,-333.0,130.0,-452.0,712.0,392.0
-310.0,710.0,391.0,-116.0,144.0,-271.0,151.0,-314.0,681.0,379.0
-358.0,705.0,408.0,44.0,32.0,-319.0,-68.0,-256.0,654.0,323.0
-392.0,269.0,404.0,187.0,-105.0,-397.0,-219.0,-293.0,645.0,282.0
-401.0,-127.0,414.0,304.0,-216.0,-332.0,-61.0,-282.0,641.0,263.0
-410.0,-104.0,351.0,384.0,-236.0,-405.0,265.0,-391.0,644.0,223.0
-403.0,95.0,335.0,426.0,-149.0,-384.0,500.0,-279.0,633.0,175.0
-406.0,15.0,286.0,431.0,-43.0,-252.0,409.0,-260.0,620.0,160.0
-387.0,-370.0,205.0,418.0,-27.0,-222.0,49.0,-140.0,580.0,108.0
-366.0,-726.0,181.0,386.0,-131.0,-148.0,-240.0,-7.0,510.0,3.0
-358.0,-859.0,123.0,352.0,-281.0,-204.0,-186.0,-112.0,441.0,-112.0
-328.0,-776.0,88.0,335.0,-375.0,-270.0,104.0,-64.0,356.0,-204.0
-282.0,-542.0,81.0,335.0,-345.0,-281.0,303.0,-216.0,263.0,-263.0
-225.0,-128.0,66.0,372.0,-185.0,-296.0,211.0,-266.0,164.0,-316.0
-186.0,432.0,85.0,429.0,26.0,-242.0,-85.0,-218.0,76.0,-314.0
-131.0,919.0,80.0,486.0,187.0,-198.0,-346.0,-214.0,19.0,-291.0
-92.0,1226.0,48.0,559.0,264.0,-206.0,-401.0,-44.0,-15.0,-292.0
-61.0,1364.0,28.0,641.0,268.0,-252.0,-174.0,51.0,-44.0,-270.0
-37.0,1265.0,0.0,698.0,190.0,-230.0,132.0,131.0,-97.0,-218.0
0.0,858.0,-39.0,715.0,23.0,-168.0,268.0,77.0,-160.0,-141.0
55.0,349.0,-79.0,692.0,-164.0,-206.0,183.0,51.0,-217.0,-56.0
93.0,61.0,-95.0,617.0,-279.0,-243.0,-183.0,-60.0,-272.0,47.0
132.0,15.0,-134.0,495.0,-313.0,-186.0,-551.0,-264.0,-326.0,171.0
173.0,134.0,-151.0,342.0,-325.0,-113.0,-493.0,-284.0,-359.0,261.0
239.0,352.0,-168.0,183.0,-347.0,-70.0,-169.0,-388.0,-383.0,320.0
304.0,572.0,-190.0,52.0,-377.0,-54.0,-5.0,-321.0,-422.0,370.0
359.0,780.0,-194.0,-41.0,-427.0,-20.0,-91.0,-277.0,-446.0,400.0
406.0,963.0,-216.0,-110.0,-495.0,-54.0,-286.0,-256.0,-481.0,355.0
440.0,1016.0,-201.0,-159.0,-544.0,-98.0,-479.0,-88.0,-497.0,248.0
466.0,837.0,-220.0,-166.0,-541.0,-96.0,-539.0,-42.0,-483.0,129.0
470.0,568.0,-217.0,-142.0,-490.0,-146.0,-380.0,140.0,-466.0,11.0
435.0,301.0,-214.0,-117.0,-391.0,-171.0,-143.0,192.0,-409.0,-91.0
383.0,-60.0,-232.0,-86.0,-237.0,-166.0,18.0,243.0,-333.0,-152.0
313.0,-471.0,-196.0,-54.0,-63.0,-135.0,121.0,258.0,-262.0,-152.0
190.0,-725.0,-185.0,-15.0,62.0,-125.0,31.0,84.0,-186.0,-157.0
82.0,-675.0,-157.0,50.0,96.0,-181.0,-419.0,101.0,-116.0,-187.0
-25.0,-464.0,-116.0,119.0,49.0,-152.0,-846.0,5.0,-66.0,-180.0
-106.0,-364.0,-72.0,177.0,-21.0,-52.0,-780.0,36.0,-45.0,-138.0
-180.0,-463.0,-40.0,233.0,-52.0,-51.0,-391.0,22.0,-40.0,-101.0
-246.0,-627.0,-38.0,269.0,-34.0,-129.0,-101.0,-62.0,-62.0,-61.0
-286.0,-724.0,-32.0,261.0,-13.0,-132.0,-110.0,72.0,-94.0,-28.0
-349.0,-731.0,-43.0,207.0,-14.0,-52.0,-386.0,84.0,-129.0,-59.0
-419.0,-736.0,-36.0,141.0,9.0,-14.0,-640.0,169.0,-183.0,-146.0
-505.0,-767.0,-48.0,66.0,118.0,-47.0,-497.0,133.0,-231.0,-229.0
-572.0,-711.0,-69.0,-19.0,286.0,-33.0,-143.0,125.0,-291.0,-295.0
-632.0,-595.0,-67.0,-86.0,431.0,-10.0,-40.0,186.0,-339.0,-388.0
-663.0,-507.0,-109.0,-107.0,481.0,-47.0,-138.0,99.0,-368.0,-493.0
-658.0,-532.0,-128.0,-110.0,420.0,8.0,-241.0,92.0,-392.0,-590.0
-654.0,-755.0,-134.0,-113.0,289.0,76.0,-394.0,7.0,-403.0,-673.0
-642.0,-1130.0,-164.0,-105.0,159.0,52.0,-569.0,-7.0,-413.0,-742.0
-635.0,-1392.0,-157.0,-101.0,97.0,57.0,-560.0,-57.0,-378.0,-811.0
-631.0,-1224.0,-140.0,-106.0,115.0,58.0,-311.0,11.0,-338.0,-825.0
-622.0,-782.0,-131.0,-113.0,160.0,70.0,-76.0,195.0,-297.0,-820.0
-599.0,-465.0,-109.0,-97.0,168.0,6.0,-113.0,151.0,-229.0,-852.0
-575.0,-288.0,-78.0,-66.0,134.0,-88.0,-450.0,175.0,-161.0,-875.0
-520.0,-80.0,-42.0,-20.0,90.0,-22.0,-886.0,96.0,-91.0,-892.0
-458.0,87.0,-5.0,13.0,21.0,22.0,-982.0,75.0,-14.0,-920.0
-410.0,100.0,11.0,31.0,-89.0,33.0,-534.0,206.0,74.0,-943.0
-359.0,27.0,34.0,80.0,-179.0,7.0,8.0,221.0,153.0,-916.0
-305.0,-39.0,61.0,116.0,-170.0,-34.0,130.0,229.0,217.0,-842.0
-246.0,-100.0,64.0,134.0,-70.0,0.0,-83.0,216.0,266.0,-766.0
-193.0,-237.0,71.0,167.0,5.0,-22.0,-316.0,349.0,299.0,-713.0
-121.0,-477.0,53.0,191.0,-17.0,0.0,-473.0,458.0,308.0,-660.0
-58.0,-645.0,18.0,202.0,-89.0,37.0,-382.0,609.0,317.0,-613.0
17.0,-587.0,-2.0,200.0,-126.0,-50.0,-185.0,724.0,337.0,-580.0
90.0,-469.0,-30.0,165.0,-101.0,-122.0,-276.0,624.0,346.0,-505.0
128.0,-661.0,-61.0,123.0,-46.0,-93.0,-491.0,604.0,348.0,-388.0
192.0,-1181.0,-80.0,92.0,10.0,-47.0,-486.0,408.0,350.0,-276.0
262.0,-1588.0,-79.0,69.0,61.0,-89.0,-315.0,388.0,361.0,-201.0
329.0,-1554.0,-77.0,58.0,84.0,-87.0,-239.0,397.0,350.0,-156.0
384.0,-1138.0,-23.0,46.0,80.0,14.0,-253.0,266.0,334.0,-145.0
442.0,-564.0,18.0,18.0,77.0,26.0,-158.0,363.0,322.0,-183.0
499.0,-21.0,57.0,-38.0,98.0,-98.0,47.0,256.0,285.0,-239.0
528.0,397.0,128.0,-92.0,126.0,-141.0,155.0,269.0,250.0,-265.0
539.0,676.0,157.0,-135.0,132.0,-17.0,89.0,284.0,231.0,-261.0
534.0,768.0,180.0,-160.0,113.0,62.0,-98.0,266.0,218.0,-261.0
525.0,626.0,209.0,-169.0,83.0,21.0,-397.0,415.0,221.0,-228.0
500.0,366.0,232.0,-177.0,49.0,17.0,-544.0,378.0,228.0,-179.0
465.0,229.0,217.0,-163.0,14.0,62.0,-373.0,469.0,227.0,-141.0
422.0,414.0,203.0,-135.0,-10.0,28.0,-154.0,424.0,221.0,-133.0
378.0,857.0,174.0,-103.0,-17.0,25.0,-129.0,301.0,213.0,-128.0
333.0,1252.0,127.0,-57.0,0.0,60.0,-252.0,232.0,198.0,-95.0
278.0,1352.0,98.0,-13.0,42.0,41.0,-363.0,88.0,183.0,-81.0
220.0,1141.0,44.0,10.0,76.0,25.0,-308.0,42.0,182.0,-62.0
164.0,770.0,21.0,42.0,76.0,25.0,-62.0,-25.0,181.0,-45.0
118.0,487.0,12.0,63.0,50.0,25.0,124.0,88.0,167.0,-59.0
70.0,437.0,6.0,78.0,21.0,-12.0,54.0,160.0,138.0,-123.0
23.0,543.0,8.0,99.0,7.0,19.0,-239.0,194.0,77.0,-224.0
5.0,727.0,37.0,103.0,26.0,87.0,-472.0,184.0,-8.0,-342.0
-13.0,972.0,28.0,100.0,91.0,45.0,-422.0,70.0,-92.0,-496.0
-34.0,1250.0,52.0,90.0,169.0,-60.0,-230.0,160.0,-169.0,-623.0
-41.0,1490.0,96.0,58.0,213.0,-123.0,-90.0,101.0,-227.0,-707.0
-59.0,1543.0,119.0,17.0,210.0,-70.0,-69.0,151.0,-251.0,-738.0
-70.0,1222.0,187.0,-24.0,169.0,-35.0,-160.0,201.0,-253.0,-739.0
-100.0,627.0,205.0,-93.0,121.0,-100.0,-257.0,134.0,-251.0,-727.0
-121.0,196.0,280.0,-158.0,103.0,-187.0,-249.0,140.0,-246.0,-671.0
-142.0,91.0,297.0,-210.0,135.0,-187.0,-189.0,-42.0,-246.0,-585.0
-177.0,52.0,327.0,-264.0,191.0,-185.0,-122.0,-38.0,-246.0,-473.0
-200.0,-89.0,370.0,-290.0,198.0,-233.0,-120.0,-96.0,-249.0,-340.0
-243.0,-228.0,350.0,-279.0,104.0,-206.0,-314.0,-123.0,-268.0,-185.0
-284.0,-215.0,387.0,-245.0,-75.0,-181.0,-593.0,-20.0,-275.0,-37.0
-353.0,10.0,367.0,-193.0,-269.0,-250.0,-677.0,-75.0,-274.0,81.0
-409.0,358.0,347.0,-118.0,-410.0,-350.0,-585.0,38.0,-272.0,156.0
-464.0,579.0,301.0,-36.0,-482.0,-310.0,-434.0,36.0,-246.0,216.0
-522.0,617.0,230.0,43.0,-504.0,-269.0,-188.0,46.0,-221.0,260.0
-563.0,599.0,134.0,107.0,-488.0,-381.0,-75.0,72.0,-192.0,320.0
-606.0,512.0,55.0,134.0,-422.0,-437.0,-207.0,103.0,-163.0,437.0
-621.0,250.0,-39.0,121.0,-296.0,-396.0,-398.0,341.0,-160.0,533.0
-648.0,-214.0,-143.0,110.0,-161.0,-326.0,-543.0,279.0,-160.0,603.0
-664.0,-787.0,-204.0,89.0,-82.0,-310.0,-559.0,157.0,-165.0,619.0
-681.0,-1287.0,-307.0,55.0,-46.0,-366.0,-481.0,14.0,-185.0,590.0
-694.0,-1534.0,-359.0,55.0,18.0,-307.0,-454.0,-138.0,-215.0,523.0
-701.0,-1560.0,-418.0,54.0,130.0,-307.0,-512.0,-153.0,-261.0,423.0
-687.0,-1568.0,-495.0,85.0,229.0,-382.0,-546.0,-214.0,-307.0,367.0
-619.0,-1667.0,-512.0,140.0,275.0,-359.0,-425.0,-114.0,-336.0,329.0
-541.0,-1790.0,-543.0,186.0,287.0,-406.0,-201.0,-49.0,-337.0,277.0
-429.0,-1808.0,-582.0,256.0,279.0,-293.0,-182.0,49.0,-326.0,218.0
-328.0,-1669.0,-570.0,323.0,237.0,-194.0,-455.0,155.0,-304.0,164.0
-244.0,-1352.0,-584.0,376.0,151.0,-254.0,-585.0,179.0,-265.0,94.0
-158.0,-869.0,-568.0,439.0,24.0,-245.0,-344.0,214.0,-235.0,16.0
-86.0,-340.0,-533.0,516.0,-108.0,-319.0,-54.0,86.0,-212.0,-22.0
-22.0,44.0,-518.0,574.0,-184.0,-287.0,-49.0,127.0,-201.0,-46.0
40.0,227.0,-446.0,612.0,-165.0,-140.0,-295.0,182.0,-198.0,-84.0
124.0,324.0,-421.0,612.0,-73.0,-108.0,-431.0,205.0,-198.0,-104.0
203.0,345.0,-377.0,574.0,10.0,-208.0,-288.0,262.0,-190.0,-86.0
263.0,237.0,-318.0,513.0,26.0,-218.0,-137.0,267.0,-142.0,-65.0
314.0,71.0,-304.0,440.0,-11.0,-103.0,-158.0,299.0,-86.0,-80.0
357.0,-69.0,-271.0,379.0,-65.0,-73.0,-276.0,184.0,-30.0,-98.0
391.0,-123.0,-239.0,336.0,-108.0,-16.0,-416.0,286.0,32.0,-108.0
411.0,3.0,-210.0,315.0,-120.0,71.0,-370.0,343.0,75.0,-134.0
426.0,386.0,-151.0,331.0,-96.0,76.0,-88.0,327.0,91.0,-173.0
447.0,966.0,-113.0,356.0,-58.0,30.0,100.0,325.0,88.0,-220.0
453.0,1504.0,-62.0,339.0,-51.0,12.0,53.0,97.0,52.0,-257.0
451.0,1788.0,-3.0,316.0,-109.0,85.0,-94.0,60.0,0.0,-294.0
443.0,1786.0,30.0,299.0,-201.0,157.0,-91.0,0.0,-64.0,-327.0
427.0,1509.0,87.0,252.0,-249.0,139.0,103.0,64.0,-137.0,-364.0
418.0,1010.0,96.0,197.0,-198.0,89.0,253.0,116.0,-210.0,-421.0
403.0,393.0,125.0,122.0,-70.0,37.0,174.0,-18.0,-301.0,-457.0
390.0,-229.0,120.0,22.0,49.0,13.0,-94.0,-1.0,-391.0,-476.0
394.0,-775.0,107.0,-67.0,106.0,8.0,-219.0,-142.0,-491.0,-441.0
402.0,-1270.0,144.0,-158.0,93.0,16.0,-100.0,-107.0,-594.0,-386.0
384.0,-1753.0,96.0,-253.0,36.0,0.0,26.0,-70.0,-667.0,-366.0
360.0,-2201.0,117.0,-312.0,-25.0,-49.0,36.0,-109.0,-703.0,-352.0
326.0,-2414.0,128.0,-360.0,-71.0,-13.0,63.0,44.0,-710.0,-362.0
276.0,-2159.0,93.0,-388.0,-88.0,37.0,148.0,25.0,-684.0,-391.0
223.0,-1525.0,119.0,-388.0,-61.0,70.0,169.0,49.0,-625.0,-444.0
186.0,-805.0,97.0,-405.0,26.0,70.0,185.0,-5.0,-574.0,-505.0
145.0,-151.0,84.0,-424.0,171.0,37.0,204.0,-96.0,-504.0,-576.0
91.0,409.0,74.0,-463.0,321.0,81.0,129.0,-86.0,-432.0,-655.0
32.0,790.0,41.0,-512.0,400.0,63.0,-27.0,-73.0,-357.0,-713.0
-53.0,919.0,17.0,-536.0,373.0,-2.0,-121.0,59.0,-274.0,-780.0
-128.0,802.0,-6.0,-561.0,294.0,18.0,-29.0,103.0,-184.0,-832.0
-203.0,524.0,-48.0,-564.0,251.0,-9.0,150.0,145.0,-61.0,-870.0
-264.0,240.0,-113.0,-536.0,281.0,-70.0,277.0,107.0,54.0,-882.0
-302.0,46.0,-134.0,-480.0,348.0,-137.0,275.0,107.0,172.0,-853.0
-309.0,-77.0,-188.0,-402.0,404.0,-182.0,84.0,129.0,275.0,-778.0
-292.0,-211.0,-259.0,-322.0,425.0,-169.0,-121.0,88.0,345.0,-672.0
-295.0,-370.0,-243.0,-211.0,403.0,-222.0,-116.0,179.0,392.0,-565.0
-287.0,-468.0,-302.0,-100.0,343.0,-237.0,-8.0,127.0,401.0,-447.0
-286.0,-444.0,-324.0,5.0,261.0,-202.0,49.0,158.0,386.0,-366.0
-284.0,-300.0,-294.0,110.0,187.0,-170.0,97.0,151.0,366.0,-321.0
-280.0,-75.0,-349.0,157.0,138.0,-191.0,145.0,120.0,343.0,-295.0
-252.0,187.0,-339.0,182.0,108.0,-306.0,44.0,223.0,321.0,-261.0
-205.0,487.0,-331.0,208.0,92.0,-350.0,-194.0,96.0,318.0,-212.0
-160.0,788.0,-339.0,207.0,67.0,-345.0,-259.0,77.0,297.0,-179.0
-104.0,972.0,-307.0,173.0,25.0,-360.0,-27.0,0.0,287.0,-108.0
-61.0,952.0,-283.0,148.0,-20.0,-380.0,258.0,-107.0,299.0,-9.0
4.0,822.0,-259.0,93.0,-58.0,-417.0,371.0,36.0,297.0,97.0
70.0,776.0,-226.0,11.0,-93.0,-440.0,185.0,60.0,318.0,205.0
124.0,839.0,-207.0,-22.0,-130.0,-435.0,-151.0,35.0,358.0,282.0
159.0,833.0,-191.0,-60.0,-161.0,-454.0,-343.0,-1.0,411.0,346.0
183.0,617.0,-179.0,-83.0,-175.0,-434.0,-391.0,22.0,456.0,393.0
197.0,286.0,-171.0,-83.0,-180.0,-458.0,-263.0,-22.0,476.0,441.0
189.0,36.0,-133.0,-54.0,-190.0,-461.0,42.0,-83.0,462.0,458.0
199.0,-110.0,-133.0,0.0,-190.0,-348.0,250.0,-27.0,403.0,396.0
218.0,-236.0,-104.0,66.0,-166.0,-376.0,163.0,-149.0,327.0,303.0
245.0,-367.0,-72.0,164.0,-115.0,-379.0,-82.0,-155.0,255.0,219.0
258.0,-416.0,-90.0,260.0,-46.0,-324.0,-124.0,-164.0,182.0,128.0
265.0,-264.0,-70.0,357.0,27.0,-258.0,67.0,-144.0,121.0,30.0
275.0,21.0,-84.0,449.0,84.0,-250.0,135.0,-22.0,73.0,-29.0
283.0,325.0,-104.0,508.0,85.0,-362.0,46.0,-83.0,33.0,-71.0
290.0,619.0,-95.0,515.0,23.0,-282.0,-21.0,-144.0,0.0,-106.0
302.0,921.0,-139.0,497.0,-67.0,-219.0,-42.0,-339.0,-32.0,-110.0
305.0,1158.0,-169.0,429.0,-140.0,-279.0,-26.0,-376.0,-46.0,-97.0
284.0,1162.0,-198.0,328.0,-186.0,-306.0,-66.0,-334.0,-30.0,-78.0
246.0,982.0,-291.0,223.0,-207.0,-298.0,-101.0,-327.0,23.0,-107.0
179.0,885.0,-335.0,89.0,-199.0,-292.0,10.0,-256.0,95.0,-178.0
111.0,982.0,-432.0,-36.0,-179.0,-303.0,210.0,-327.0,188.0,-267.0
41.0,1109.0,-528.0,-143.0,-186.0,-321.0,199.0,-206.0,281.0,-392.0
-46.0,1121.0,-570.0,-212.0,-249.0,-317.0,-126.0,-175.0,327.0,-511.0
-129.0,1017.0,-686.0,-263.0,-337.0,-231.0,-391.0,-125.0,355.0,-584.0
-172.0,762.0,-718.0,-287.0,-393.0,-335.0,-385.0,-70.0,330.0,-631.0
-189.0,414.0,-777.0,-301.0,-391.0,-352.0,-130.0,-181.0,243.0,-695.0
-193.0,116.0,-830.0,-319.0,-345.0,-208.0,232.0,-147.0,121.0,-767.0
-197.0,-151.0,-805.0,-355.0,-275.0,-196.0,428.0,-275.0,-23.0,-791.0
-189.0,-523.0,-807.0,-415.0,-178.0,-164.0,264.0,-177.0,-182.0,-815.0
-163.0,-942.0,-722.0,-435.0,-72.0,-148.0,-103.0,-38.0,-353.0,-851.0
-148.0,-1245.0,-658.0,-462.0,-3.0,-118.0,-248.0,-96.0,-516.0,-855.0
-116.0,-1428.0,-583.0,-525.0,0.0,-104.0,-113.0,7.0,-666.0,-838.0
-68.0,-1503.0,-488.0,-629.0,-40.0,-106.0,113.0,-73.0,-822.0,-844.0
-5.0,-1429.0,-428.0,-760.0,-71.0,-96.0,182.0,-136.0,-969.0,-900.0
49.0,-1208.0,-364.0,-904.0,-71.0,44.0,-44.0,-194.0,-1093.0,-945.0
87.0,-856.0,-333.0,-1036.0,-51.0,27.0,-346.0,-210.0,-1213.0,-997.0
116.0,-352.0,-295.0,-1083.0,-35.0,-51.0,-470.0,-155.0,-1316.0,-1059.0
147.0,226.0,-284.0,-1065.0,-35.0,58.0,-358.0,-208.0,-1378.0,-1073.0
183.0,712.0,-252.0,-1005.0,-41.0,-1.0,-129.0,-151.0,-1410.0,-1038.0
195.0,1054.0,-217.0,-922.0,-24.0,38.0,66.0,-199.0,-1422.0,-967.0
212.0,1260.0,-166.0,-833.0,30.0,58.0,127.0,-151.0,-1428.0,-877.0
226.0,1251.0,-100.0,-740.0,94.0,75.0,14.0,-79.0,-1423.0,-746.0
238.0,975.0,-65.0,-660.0,129.0,-2.0,-219.0,-116.0,-1387.0,-611.0
236.0,601.0,12.0,-621.0,127.0,-37.0,-380.0,-103.0,-1322.0,-504.0
224.0,397.0,62.0,-599.0,101.0,69.0,-420.0,-184.0,-1229.0,-406.0
218.0,390.0,111.0,-577.0,71.0,20.0,-383.0,-127.0,-1095.0,-333.0
195.0,366.0,199.0,-574.0,50.0,129.0,-221.0,-116.0,-937.0,-289.0
193.0,185.0,264.0,-532.0,36.0,41.0,-144.0,-35.0,-746.0,-269.0
190.0,-117.0,311.0,-468.0,14.0,78.0,-223.0,12.0,-533.0,-230.0
184.0,-409.0,368.0,-379.0,-13.0,133.0,-276.0,-109.0,-320.0,-123.0
189.0,-613.0,393.0,-276.0,-15.0,-16.0,-250.0,-3.0,-96.0,10.0
190.0,-790.0,402.0,-204.0,21.0,8.0,-169.0,-1.0,108.0,157.0
177.0,-963.0,417.0,-130.0,67.0,-13.0,-90.0,121.0,284.0,343.0
151.0,-1077.0,398.0,-50.0,78.0,-7.0,-134.0,223.0,444.0,512.0
131.0,-1120.0,401.0,36.0,51.0,11.0,-288.0,109.0,589.0,640.0
114.0,-1181.0,389.0,86.0,24.0,98.0,-336.0,101.0,710.0,789.0
91.0,-1301.0,398.0,111.0,29.0,81.0,-218.0,-53.0,817.0,973.0
63.0,-1362.0,393.0,121.0,77.0,18.0,-29.0,-99.0,885.0,1133.0
43.0,-1214.0,352.0,102.0,172.0,16.0,113.0,-99.0,897.0,1260.0
13.0,-867.0,339.0,59.0,295.0,58.0,186.0,-48.0,874.0,1347.0
-12.0,-536.0,267.0,-10.0,415.0,-2.0,222.0,51.0,817.0,1402.0
-48.0,-386.0,199.0,-88.0,508.0,-50.0,187.0,20.0,734.0,1403.0
-84.0,-379.0,139.0,-172.0,562.0,161.0,74.0,105.0,642.0,1330.0
-100.0,-400.0,28.0,-222.0,580.0,88.0,-84.0,60.0,549.0,1256.0
-110.0,-454.0,-88.0,-230.0,561.0,17.0,-226.0,20.0,459.0,1181.0
-104.0,-599.0,-206.0,-189.0,495.0,-8.0,-261.0,-51.0,387.0,1086.0
-98.0,-733.0,-349.0,-96.0,390.0,89.0,-153.0,-110.0,337.0,1014.0
-96.0,-739.0,-475.0,24.0,284.0,239.0,-80.0,-44.0,301.0,996.0
-92.0,-607.0,-588.0,168.0,190.0,24.0,-129.0,-73.0,291.0,1007.0
-79.0,-403.0,-681.0,301.0,102.0,81.0,-91.0,44.0,314.0,1018.0
-68.0,-222.0,-751.0,408.0,16.0,212.0,134.0,-46.0,380.0,1091.0
-58.0,-153.0,-777.0,480.0,-50.0,175.0,318.0,-142.0,456.0,1193.0
-38.0,-170.0,-770.0,536.0,-67.0,192.0,193.0,-147.0,538.0,1241.0
-30.0,-94.0,-746.0,577.0,-35.0,237.0,-107.0,-266.0,596.0,1232.0
-42.0,156.0,-651.0,578.0,19.0,288.0,-246.0,-129.0,596.0,1161.0
-66.0,485.0,-577.0,566.0,69.0,275.0,-135.0,-129.0,580.0,1013.0
-90.0,736.0,-443.0,550.0,93.0,234.0,47.0,-66.0,529.0,810.0
-118.0,778.0,-319.0,513.0,86.0,211.0,143.0,18.0,465.0,587.0
-148.0,564.0,-230.0,475.0,53.0,271.0,137.0,-27.0,410.0,349.0
-191.0,189.0,-87.0,429.0,10.0,231.0,17.0,-9.0,359.0,84.0
-220.0,-108.0,2.0,398.0,-24.0,208.0,-164.0,-158.0,309.0,-184.0
-237.0,-102.0,74.0,391.0,-38.0,273.0,-242.0,-164.0,238.0,-402.0
-244.0,224.0,144.0,375.0,-27.0,256.0,-43.0,-242.0,157.0,-554.0
-235.0,634.0,189.0,373.0,0.0,287.0,263.0,-267.0,61.0,-652.0
-227.0,957.0,218.0,388.0,18.0,265.0,272.0,-127.0,-50.0,-679.0
-215.0,1196.0,256.0,395.0,4.0,248.0,-55.0,-118.0,-177.0,-638.0
-198.0,1355.0,266.0,406.0,-54.0,249.0,-394.0,-90.0,-309.0,-582.0
-174.0,1402.0,263.0,396.0,-140.0,253.0,-474.0,-194.0,-424.0,-532.0
-140.0,1277.0,250.0,346.0,-223.0,346.0,-296.0,-173.0,-504.0,-496.0
-88.0,1001.0,220.0,298.0,-290.0,365.0,82.0,-144.0,-546.0,-491.0
-32.0,712.0,187.0,216.0,-333.0,307.0,414.0,-64.0,-552.0,-542.0
21.0,486.0,143.0,115.0,-361.0,313.0,410.0,109.0,-509.0,-624.0
75.0,255.0,116.0,21.0,-378.0,343.0,196.0,7.0,-451.0,-710.0
111.0,-28.0,69.0,-69.0,-379.0,235.0,-71.0,14.0,-392.0,-798.0
112.0,-333.0,39.0,-123.0,-360.0,175.0,-240.0,-96.0,-335.0,-898.0
94.0,-618.0,-12.0,-168.0,-315.0,248.0,-143.0,-77.0,-302.0,-1012.0
50.0,-862.0,-56.0,-211.0,-240.0,322.0,63.0,109.0,-283.0,-1118.0
-4.0,-1012.0,-86.0,-193.0,-147.0,276.0,155.0,5.0,-295.0,-1226.0
-46.0,-996.0,-159.0,-134.0,-63.0,216.0,124.0,59.0,-316.0,-1309.0
-77.0,-866.0,-199.0,-118.0,2.0,186.0,27.0,24.0,-330.0,-1333.0
-92.0,-742.0,-252.0,-103.0,55.0,191.0,45.0,-24.0,-355.0,-1288.0
-97.0,-706.0,-320.0,-96.0,91.0,242.0,251.0,-72.0,-376.0,-1230.0
-84.0,-738.0,-360.0,-154.0,104.0,134.0,320.0,-197.0,-377.0,-1142.0
-98.0,-748.0,-432.0,-218.0,91.0,125.0,117.0,-221.0,-357.0,-993.0
-119.0,-707.0,-508.0,-306.0,67.0,155.0,-126.0,-319.0,-315.0,-868.0
-131.0,-614.0,-546.0,-382.0,44.0,105.0,-190.0,-221.0,-266.0,-752.0
-140.0,-469.0,-614.0,-423.0,15.0,118.0,-37.0,-153.0,-216.0,-638.0
-139.0,-241.0,-665.0,-449.0,-25.0,160.0,176.0,-105.0,-149.0,-520.0
-133.0,161.0,-686.0,-467.0,-70.0,129.0,283.0,-33.0,-80.0,-390.0
-101.0,741.0,-731.0,-481.0,-98.0,3.0,288.0,-51.0,-17.0,-266.0
-77.0,1308.0,-757.0,-474.0,-103.0,-8.0,244.0,12.0,39.0,-138.0
-48.0,1676.0,-780.0,-451.0,-98.0,75.0,193.0,-94.0,78.0,-35.0
-17.0,1804.0,-802.0,-410.0,-77.0,106.0,159.0,-114.0,110.0,9.0
23.0,1752.0,-815.0,-357.0,-29.0,24.0,34.0,-110.0,150.0,10.0
83.0,1621.0,-834.0,-303.0,26.0,11.0,-58.0,-131.0,204.0,17.0
150.0,1490.0,-873.0,-240.0,64.0,64.0,91.0,-66.0,269.0,39.0
220.0,1326.0,-871.0,-164.0,71.0,47.0,236.0,-177.0,343.0,114.0
278.0,1025.0,-861.0,-80.0,57.0,49.0,161.0,-179.0,424.0,236.0
339.0,585.0,-811.0,-9.0,35.0,96.0,10.0,-245.0,468.0,397.0
382.0,101.0,-712.0,30.0,-9.0,94.0,-48.0,-236.0,471.0,579.0
406.0,-287.0,-646.0,41.0,-83.0,90.0,56.0,-160.0,443.0,714.0
406.0,-532.0,-553.0,19.0,-157.0,173.0,238.0,-254.0,380.0,797.0
387.0,-671.0,-481.0,-11.0,-202.0,195.0,312.0,-151.0,292.0,804.0
360.0,-719.0,-395.0,-17.0,-215.0,179.0,278.0,-157.0,160.0,751.0
331.0,-737.0,-317.0,-17.0,-212.0,119.0,175.0,-182.0,43.0,646.0
296.0,-784.0,-224.0,-17.0,-207.0,155.0,12.0,-168.0,-44.0,520.0
259.0,-801.0,-122.0,-16.0,-201.0,269.0,-127.0,-153.0,-124.0,405.0
220.0,-724.0,-30.0,-24.0,-195.0,184.0,-169.0,-169.0,-165.0,320.0
173.0,-623.0,89.0,-44.0,-188.0,115.0,-71.0,-251.0,-191.0,266.0
133.0,-575.0,154.0,-62.0,-175.0,151.0,76.0,-36.0,-209.0,234.0
97.0,-547.0,257.0,-70.0,-153.0,275.0,252.0,55.0,-226.0,263.0
84.0,-620.0,295.0,-88.0,-124.0,394.0,367.0,75.0,-217.0,310.0
85.0,-912.0,327.0,-126.0,-82.0,336.0,233.0,169.0,-159.0,375.0
101.0,-1329.0,380.0,-179.0,-29.0,328.0,-34.0,234.0,-69.0,453.0
127.0,-1658.0,365.0,-217.0,22.0,396.0,-189.0,330.0,38.0,531.0
158.0,-1740.0,390.0,-238.0,60.0,379.0,-130.0,214.0,142.0,588.0
196.0,-1552.0,400.0,-299.0,70.0,396.0,28.0,234.0,227.0,606.0
216.0,-1176.0,375.0,-384.0,60.0,459.0,193.0,249.0,263.0,624.0
235.0,-780.0,348.0,-466.0,36.0,486.0,316.0,190.0,248.0,616.0
250.0,-483.0,306.0,-548.0,8.0,544.0,250.0,212.0,206.0,594.0
260.0,-320.0,224.0,-610.0,-2.0,621.0,59.0,125.0,138.0,593.0
259.0,-319.0,160.0,-638.0,8.0,606.0,-10.0,112.0,45.0,607.0
256.0,-389.0,98.0,-602.0,36.0,509.0,52.0,9.0,-37.0,612.0
265.0,-356.0,36.0,-540.0,58.0,482.0,255.0,64.0,-109.0,613.0
272.0,-149.0,19.0,-478.0,70.0,594.0,534.0,194.0,-178.0,614.0
261.0,136.0,-21.0,-390.0,87.0,647.0,537.0,223.0,-215.0,575.0
229.0,355.0,-56.0,-307.0,104.0,486.0,292.0,399.0,-239.0,520.0
189.0,513.0,-65.0,-262.0,108.0,454.0,95.0,402.0,-265.0,467.0
147.0,721.0,-102.0,-251.0,102.0,619.0,54.0,400.0,-277.0,430.0
108.0,978.0,-103.0,-258.0,103.0,646.0,169.0,249.0,-263.0,410.0
59.0,1215.0,-76.0,-280.0,125.0,540.0,333.0,125.0,-223.0,381.0
2.0,1478.0,-56.0,-308.0,163.0,470.0,412.0,149.0,-185.0,363.0
-44.0,1850.0,1.0,-356.0,200.0,525.0,373.0,-14.0,-148.0,336.0
-99.0,2206.0,56.0,-370.0,216.0,531.0,343.0,-42.0,-102.0,283.0
-152.0,2336.0,101.0,-330.0,207.0,488.0,390.0,-118.0,-53.0,253.0
-189.0,2227.0,130.0,-273.0,197.0,486.0,325.0,-103.0,-5.0,257.0
-198.0,1916.0,168.0,-193.0,213.0,489.0,157.0,-160.0,31.0,266.0
-197.0,1355.0,204.0,-83.0,241.0,520.0,149.0,-236.0,49.0,276.0
-195.0,566.0,245.0,33.0,247.0,515.0,189.0,-55.0,56.0,286.0
-162.0,-256.0,310.0,136.0,205.0,553.0,88.0,-60.0,60.0,303.0
-121.0,-936.0,333.0,241.0,127.0,507.0,77.0,107.0,56.0,308.0
-85.0,-1426.0,357.0,338.0,47.0,390.0,275.0,182.0,52.0,272.0
-66.0,-1653.0,355.0,453.0,-8.0,425.0,430.0,131.0,59.0,224.0
-39.0,-1607.0,332.0,541.0,-34.0,475.0,448.0,155.0,59.0,160.0
3.0,-1408.0,312.0,581.0,-34.0,415.0,350.0,-27.0,45.0,72.0
32.0,-1180.0,295.0,607.0,-16.0,277.0,118.0,-92.0,34.0,-2.0
67.0,-1020.0,268.0,608.0,0.0,258.0,-46.0,-173.0,16.0,-54.0
97.0,-975.0,240.0,597.0,2.0,332.0,-11.0,-206.0,-36.0,-92.0
130.0,-964.0,231.0,582.0,-6.0,288.0,143.0,-232.0,-97.0,-127.0
158.0,-876.0,180.0,569.0,-20.0,255.0,255.0,-266.0,-163.0,-145.0
171.0,-742.0,157.0,553.0,-21.0,310.0,250.0,-258.0,-229.0,-130.0
193.0,-678.0,135.0,543.0,9.0,292.0,141.0,-286.0,-280.0,-108.0
215.0,-676.0,98.0,539.0,82.0,234.0,-17.0,-24.0,-322.0,-73.0
242.0,-540.0,65.0,505.0,168.0,235.0,-8.0,107.0,-312.0,-15.0
249.0,-139.0,44.0,443.0,232.0,304.0,99.0,249.0,-254.0,59.0
253.0,435.0,17.0,381.0,257.0,330.0,34.0,339.0,-146.0,115.0
258.0,987.0,10.0,303.0,234.0,218.0,15.0,145.0,6.0,160.0
249.0,1341.0,15.0,214.0,165.0,195.0,196.0,112.0,154.0,205.0
239.0,1469.0,1.0,128.0,78.0,205.0,358.0,-46.0,302.0,221.0
211.0,1475.0,38.0,11.0,-8.0,149.0,378.0,-59.0,454.0,199.0
169.0,1398.0,11.0,-112.0,-80.0,198.0,229.0,-48.0,595.0,143.0
119.0,1228.0,12.0,-239.0,-124.0,211.0,13.0,-175.0,712.0,85.0
75.0,969.0,30.0,-338.0,-157.0,106.0,-88.0,-147.0,801.0,14.0
27.0,647.0,-8.0,-422.0,-204.0,1.0,40.0,-282.0,857.0,-44.0
-21.0,352.0,-9.0,-515.0,-279.0,61.0,293.0,-306.0,887.0,-89.0
-47.0,82.0,-60.0,-565.0,-373.0,187.0,498.0,-315.0,882.0,-123.0
-73.0,-239.0,-117.0,-565.0,-461.0,120.0,539.0,-308.0,807.0,-160.0
-89.0,-546.0,-196.0,-525.0,-515.0,39.0,314.0,-218.0,682.0,-217.0
-97.0,-741.0,-287.0,-506.0,-524.0,55.0,29.0,-188.0,510.0,-257.0
-87.0,-895.0,-391.0,-488.0,-487.0,134.0,-104.0,0.0,307.0,-303.0
-83.0,-1114.0,-520.0,-457.0,-424.0,162.0,43.0,-16.0,93.0,-346.0
-75.0,-1364.0,-630.0,-413.0,-373.0,74.0,414.0,-36.0,-130.0,-387.0
-34.0,-1531.0,-759.0,-353.0,-353.0,55.0,693.0,-51.0,-316.0,-417.0
0.0,-1526.0,-835.0,-325.0,-341.0,60.0,670.0,-145.0,-467.0,-409.0
41.0,-1240.0,-902.0,-308.0,-304.0,103.0,253.0,-133.0,-588.0,-372.0
70.0,-529.0,-951.0,-308.0,-238.0,171.0,-232.0,-245.0,-645.0,-291.0
90.0,520.0,-950.0,-298.0,-160.0,206.0,-280.0,-216.0,-665.0,-212.0
90.0,1550.0,-954.0,-264.0,-75.0,191.0,155.0,-253.0,-652.0,-172.0
64.0,2245.0,-900.0,-229.0,17.0,169.0,585.0,-284.0,-606.0,-159.0
26.0,2471.0,-835.0,-183.0,111.0,262.0,595.0,-251.0,-540.0,-153.0
-33.0,2318.0,-745.0,-135.0,194.0,319.0,291.0,-354.0,-465.0,-155.0
-72.0,2044.0,-632.0,-68.0,247.0,287.0,-27.0,-325.0,-388.0,-180.0
-103.0,1778.0,-503.0,-16.0,273.0,216.0,-92.0,-421.0,-310.0,-157.0
-130.0,1445.0,-331.0,0.0,294.0,245.0,121.0,-476.0,-234.0,-106.0
-143.0,1060.0,-200.0,38.0,310.0,319.0,403.0,-508.0,-161.0,-74.0
-166.0,759.0,-25.0,81.0,306.0,331.0,481.0,-606.0,-87.0,-39.0
-199.0,581.0,118.0,105.0,283.0,298.0,196.0,-543.0,-17.0,-10.0
-234.0,440.0,225.0,115.0,261.0,268.0,-148.0,-478.0,45.0,11.0
-249.0,227.0,349.0,97.0,243.0,248.0,-182.0,-301.0,114.0,14.0
-247.0,-140.0,430.0,52.0,214.0,177.0,31.0,-229.0,184.0,14.0
-236.0,-619.0,484.0,-17.0,174.0,238.0,264.0,-223.0,256.0,59.0
-202.0,-977.0,518.0,-106.0,139.0,294.0,367.0,-245.0,323.0,130.0
-182.0,-1058.0,543.0,-198.0,111.0,282.0,263.0,-351.0,373.0,201.0
-174.0,-898.0,524.0,-276.0,85.0,290.0,90.0,-284.0,420.0,318.0
-174.0,-588.0,514.0,-358.0,64.0,372.0,40.0,-282.0,454.0,446.0
-195.0,-308.0,490.0,-418.0,54.0,459.0,118.0,-149.0,454.0,519.0
-212.0,-211.0,466.0,-447.0,64.0,393.0,186.0,-90.0,413.0,563.0
-222.0,-255.0,419.0,-450.0,107.0,376.0,137.0,-31.0,321.0,600.0
-211.0,-224.0,378.0,-402.0,185.0,391.0,67.0,149.0,189.0,635.0
-203.0,51.0,331.0,-328.0,283.0,398.0,-3.0,-7.0,44.0,677.0
-190.0,495.0,269.0,-241.0,375.0,374.0,-82.0,-94.0,-107.0,770.0
-186.0,911.0,255.0,-155.0,425.0,354.0,-50.0,-214.0,-257.0,910.0
-188.0,1183.0,190.0,-54.0,412.0,398.0,84.0,-238.0,-386.0,1027.0
-178.0,1320.0,171.0,73.0,356.0,370.0,215.0,-192.0,-493.0,1107.0
-156.0,1369.0,120.0,186.0,286.0,330.0,318.0,-223.0,-585.0,1163.0
-110.0,1335.0,81.0,248.0,215.0,358.0,406.0,-84.0,-657.0,1193.0
-81.0,1183.0,61.0,253.0,138.0,371.0,342.0,-112.0,-686.0,1210.0
-56.0,932.0,9.0,211.0,64.0,331.0,127.0,-9.0,-677.0,1258.0
-50.0,668.0,26.0,128.0,9.0,267.0,1.0,22.0,-628.0,1372.0
-46.0,448.0,-23.0,24.0,-35.0,282.0,85.0,-3.0,-551.0,1518.0
-38.0,264.0,-21.0,-93.0,-88.0,358.0,272.0,79.0,-444.0,1635.0
-24.0,37.0,12.0,-206.0,-135.0,281.0,421.0,-79.0,-298.0,1713.0
13.0,-258.0,-4.0,-288.0,-153.0,252.0,427.0,-75.0,-149.0,1727.0
62.0,-597.0,31.0,-338.0,-125.0,378.0,250.0,-133.0,12.0,1638.0
111.0,-1001.0,65.0,-326.0,-73.0,442.0,124.0,-238.0,174.0,1504.0
133.0,-1369.0,85.0,-253.0,-24.0,451.0,260.0,-194.0,301.0,1387.0
153.0,-1489.0,125.0,-121.0,9.0,426.0,501.0,-206.0,398.0,1261.0
152.0,-1354.0,176.0,64.0,30.0,398.0,573.0,-168.0,448.0,1134.0
148.0,-1115.0,207.0,230.0,35.0,372.0,425.0,-266.0,477.0,1028.0
150.0,-851.0,253.0,397.0,19.0,298.0,168.0,-190.0,472.0,928.0
159.0,-633.0,270.0,533.0,-6.0,241.0,13.0,-57.0,425.0,834.0
186.0,-507.0,290.0,618.0,-26.0,321.0,115.0,-42.0,370.0,739.0
203.0,-356.0,306.0,693.0,-25.0,410.0,310.0,33.0,290.0,665.0
232.0,-37.0,261.0,715.0,-4.0,417.0,439.0,-16.0,217.0,637.0
262.0,447.0,274.0,703.0,10.0,454.0,470.0,62.0,160.0,597.0
295.0,1016.0,244.0,654.0,2.0,501.0,487.0,60.0,112.0,544.0
320.0,1589.0,198.0,578.0,-15.0,506.0,433.0,31.0,97.0,514.0
347.0,2027.0,179.0,489.0,-30.0,499.0,242.0,35.0,121.0,464.0
380.0,2195.0,108.0,367.0,-58.0,478.0,145.0,5.0,168.0,385.0
400.0,2003.0,75.0,262.0,-102.0,417.0,174.0,110.0,221.0,294.0
409.0,1357.0,58.0,184.0,-146.0,402.0,299.0,-7.0,273.0,200.0
404.0,348.0,27.0,121.0,-175.0,438.0,465.0,-49.0,281.0,95.0
391.0,-752.0,19.0,111.0,-190.0,442.0,397.0,-66.0,226.0,-11.0
373.0,-1727.0,26.0,150.0,-205.0,354.0,20.0,-116.0,121.0,-107.0
355.0,-2467.0,11.0,200.0,-233.0,229.0,-261.0,-12.0,-15.0,-194.0
352.0,-2922.0,23.0,251.0,-262.0,207.0,-43.0,31.0,-160.0,-306.0
354.0,-3060.0,35.0,282.0,-255.0,189.0,403.0,158.0,-301.0,-443.0
336.0,-2968.0,28.0,331.0,-210.0,143.0,475.0,140.0,-430.0,-557.0
314.0,-2745.0,57.0,369.0,-148.0,143.0,132.0,81.0,-548.0,-674.0
264.0,-2404.0,44.0,366.0,-75.0,178.0,-158.0,11.0,-651.0,-748.0
204.0,-1924.0,68.0,330.0,14.0,235.0,-152.0,-75.0,-746.0,-759.0
150.0,-1223.0,77.0,243.0,117.0,232.0,12.0,-35.0,-831.0,-718.0
84.0,-258.0,50.0,101.0,214.0,238.0,52.0,-134.0,-891.0,-654.0
17.0,757.0,51.0,-91.0,292.0,281.0,-72.0,-68.0,-911.0,-602.0
-48.0,1469.0,0.0,-292.0,348.0,232.0,-83.0,-83.0,-897.0,-526.0
-108.0,1791.0,-26.0,-474.0,382.0,187.0,65.0,-134.0,-837.0,-445.0
-167.0,1906.0,-66.0,-637.0,393.0,244.0,110.0,-51.0,-739.0,-366.0
-208.0,2047.0,-126.0,-816.0,375.0,267.0,-2.0,-121.0,-620.0,-250.0
-251.0,2290.0,-142.0,-966.0,319.0,210.0,-106.0,-79.0,-465.0,-96.0
-282.0,2444.0,-187.0,-1065.0,233.0,133.0,-192.0,-166.0,-313.0,61.0
-299.0,2454.0,-208.0,-1113.0,131.0,112.0,-310.0,-168.0,-159.0,205.0
-332.0,2401.0,-189.0,-1073.0,8.0,123.0,-366.0,-96.0,2.0,356.0
-368.0,2149.0,-189.0,-995.0,-138.0,60.0,-261.0,-173.0,153.0,508.0
-410.0,1617.0,-143.0,-875.0,-293.0,62.0,-90.0,-158.0,291.0,587.0
-436.0,967.0,-90.0,-745.0,-419.0,85.0,2.0,-271.0,391.0,580.0
-473.0,342.0,-17.0,-629.0,-492.0,56.0,-70.0,-218.0,477.0,526.0
-489.0,-223.0,65.0,-512.0,-516.0,37.0,-213.0,-145.0,555.0,412.0
-478.0,-753.0,137.0,-389.0,-500.0,25.0,-163.0,-55.0,622.0,265.0
-495.0,-1197.0,234.0,-287.0,-445.0,27.0,0.0,181.0,693.0,130.0
-507.0,-1396.0,269.0,-244.0,-366.0,-6.0,-1.0,232.0,750.0,47.0
-524.0,-1242.0,320.0,-228.0,-291.0,37.0,-259.0,245.0,790.0,-22.0
-542.0,-791.0,338.0,-256.0,-229.0,68.0,-519.0,125.0,820.0,-123.0
-542.0,-274.0,319.0,-287.0,-173.0,-74.0,-452.0,127.0,814.0,-228.0
-535.0,106.0,335.0,-307.0,-117.0,-239.0,-190.0,160.0,774.0,-385.0
-504.0,367.0,319.0,-346.0,-61.0,-244.0,-16.0,171.0,700.0,-599.0
-437.0,577.0,293.0,-366.0,0.0,-91.0,7.0,312.0,582.0,-810.0
-350.0,621.0,263.0,-397.0,70.0,-69.0,-52.0,273.0,448.0,-980.0
-261.0,350.0,270.0,-448.0,130.0,-212.0,-138.0,393.0,303.0,-1114.0
-158.0,-218.0,244.0,-467.0,160.0,-244.0,-248.0,393.0,158.0,-1217.0
-64.0,-930.0,254.0,-417.0,155.0,-123.0,-415.0,341.0,29.0,-1256.0
10.0,-1581.0,261.0,-328.0,126.0,-79.0,-544.0,484.0,-89.0,-1262.0
84.0,-1978.0,240.0,-200.0,93.0,-144.0,-501.0,419.0,-192.0,-1255.0
153.0,-2012.0,240.0,18.0,78.0,-144.0,-269.0,426.0,-283.0,-1234.0
200.0,-1694.0,226.0,266.0,88.0,-102.0,-81.0,369.0,-347.0,-1180.0
235.0,-1158.0,232.0,466.0,128.0,-137.0,-225.0,304.0,-368.0,-1083.0
290.0,-603.0,196.0,626.0,185.0,-212.0,-396.0,317.0,-359.0,-992.0
336.0,-151.0,192.0,754.0,234.0,-200.0,-331.0,234.0,-307.0,-866.0
377.0,202.0,174.0,806.0,258.0,-177.0,-207.0,171.0,-218.0,-696.0
408.0,465.0,154.0,807.0,252.0,-222.0,-137.0,151.0,-105.0,-529.0
414.0,576.0,118.0,774.0,228.0,-200.0,-194.0,243.0,40.0,-377.0
418.0,451.0,82.0,719.0,208.0,-125.0,-285.0,214.0,188.0,-233.0
412.0,175.0,55.0,649.0,205.0,-149.0,-312.0,216.0,336.0,-91.0
402.0,-49.0,-16.0,561.0,228.0,-207.0,-256.0,158.0,476.0,23.0
387.0,-223.0,-41.0,502.0,269.0,-183.0,-166.0,-24.0,565.0,123.0
364.0,-490.0,-79.0,460.0,302.0,-148.0,-110.0,22.0,625.0,250.0
336.0,-778.0,-110.0,418.0,294.0,-164.0,-58.0,-60.0,665.0,400.0
306.0,-936.0,-118.0,373.0,235.0,-169.0,-42.0,-46.0,683.0,542.0
288.0,-983.0,-111.0,323.0,140.0,-102.0,-69.0,36.0,679.0,688.0
260.0,-936.0,-114.0,261.0,15.0,-75.0,-141.0,-51.0,670.0,815.0
229.0,-757.0,-79.0,159.0,-128.0,-113.0,-195.0,-40.0,643.0,890.0
213.0,-448.0,-47.0,71.0,-236.0,-115.0,-115.0,-75.0,607.0,924.0
193.0,-63.0,-4.0,3.0,-264.0,-91.0,34.0,-64.0,582.0,975.0
170.0,367.0,60.0,-82.0,-217.0,-76.0,84.0,-125.0,548.0,1030.0
146.0,835.0,64.0,-185.0,-138.0,-104.0,56.0,-140.0,506.0,1064.0
134.0,1162.0,139.0,-304.0,-79.0,-70.0,32.0,-120.0,421.0,1097.0
118.0,1159.0,136.0,-412.0,-57.0,-50.0,7.0,-181.0,305.0,1103.0
101.0,910.0,143.0,-514.0,-52.0,-131.0,7.0,-103.0,155.0,1101.0
94.0,648.0,179.0,-598.0,-54.0,-155.0,28.0,-127.0,-12.0,1056.0
87.0,465.0,135.0,-634.0,-47.0,-116.0,79.0,9.0,-172.0,991.0
90.0,272.0,147.0,-653.0,-18.0,-89.0,79.0,70.0,-332.0,957.0
69.0,-2.0,122.0,-636.0,32.0,-127.0,55.0,0.0,-453.0,914.0
49.0,-263.0,116.0,-571.0,90.0,-114.0,81.0,140.0,-560.0,897.0
24.0,-482.0,106.0,-519.0,141.0,0.0,21.0,157.0,-623.0,885.0
-8.0,-844.0,101.0,-493.0,178.0,50.0,-59.0,247.0,-656.0,868.0
-32.0,-1259.0,110.0,-465.0,197.0,75.0,-31.0,206.0,-668.0,844.0
-70.0,-1397.0,92.0,-453.0,189.0,134.0,55.0,125.0,-640.0,778.0
-95.0,-1189.0,129.0,-486.0,150.0,142.0,82.0,140.0,-585.0,700.0
-115.0,-742.0,139.0,-525.0,105.0,95.0,10.0,53.0,-489.0,620.0
-134.0,-122.0,174.0,-583.0,89.0,25.0,-72.0,88.0,-356.0,539.0
-157.0,522.0,208.0,-671.0,106.0,12.0,-87.0,-25.0,-191.0,471.0
-164.0,969.0,210.0,-699.0,127.0,61.0,-45.0,-57.0,-9.0,434.0
-149.0,1199.0,253.0,-671.0,125.0,37.0,43.0,11.0,168.0,418.0
-129.0,1406.0,259.0,-603.0,109.0,45.0,161.0,5.0,312.0,391.0
-93.0,1762.0,273.0,-487.0,84.0,95.0,210.0,81.0,419.0,394.0
-54.0,2213.0,315.0,-370.0,40.0,73.0,177.0,64.0,485.0,450.0
-2.0,2569.0,314.0,-245.0,-13.0,18.0,82.0,114.0,512.0,509.0
41.0,2655.0,314.0,-104.0,-56.0,12.0,-8.0,123.0,516.0,566.0
75.0,2322.0,305.0,30.0,-86.0,45.0,45.0,144.0,485.0,661.0
79.0,1560.0,264.0,150.0,-108.0,-39.0,186.0,168.0,433.0,747.0
51.0,570.0,235.0,224.0,-116.0,-169.0,245.0,125.0,381.0,793.0
15.0,-370.0,172.0,256.0,-105.0,-172.0,223.0,173.0,329.0,823.0
-23.0,-1140.0,115.0,270.0,-89.0,-161.0,146.0,118.0,284.0,786.0
-70.0,-1778.0,73.0,267.0,-85.0,-251.0,26.0,101.0,236.0,693.0
-111.0,-2262.0,-14.0,252.0,-96.0,-316.0,1.0,40.0,176.0,541.0
-143.0,-2523.0,-44.0,250.0,-113.0,-315.0,96.0,46.0,141.0,341.0
-189.0,-2606.0,-107.0,238.0,-126.0,-298.0,192.0,138.0,115.0,168.0
-227.0,-2579.0,-173.0,224.0,-136.0,-321.0,205.0,116.0,92.0,-12.0
-255.0,-2461.0,-168.0,259.0,-150.0,-380.0,144.0,229.0,80.0,-176.0
-274.0,-2191.0,-232.0,280.0,-169.0,-386.0,85.0,173.0,95.0,-301.0
-284.0,-1637.0,-215.0,304.0,-203.0,-401.0,43.0,110.0,129.0,-395.0
-287.0,-866.0,-190.0,355.0,-272.0,-404.0,3.0,44.0,160.0,-486.0
-269.0,-127.0,-196.0,375.0,-360.0,-443.0,1.0,-206.0,207.0,-578.0
-238.0,433.0,-118.0,369.0,-442.0,-532.0,53.0,-160.0,257.0,-595.0
-190.0,823.0,-112.0,324.0,-495.0,-603.0,96.0,-134.0,298.0,-584.0
-130.0,1107.0,-51.0,209.0,-518.0,-646.0,98.0,0.0,318.0,-546.0
-76.0,1234.0,34.0,56.0,-527.0,-621.0,68.0,232.0,324.0,-452.0
-25.0,1184.0,78.0,-136.0,-523.0,-567.0,56.0,295.0,316.0,-344.0
2.0,1103.0,170.0,-296.0,-487.0,-598.0,35.0,448.0,288.0,-254.0
20.0,1040.0,227.0,-407.0,-404.0,-672.0,-23.0,450.0,262.0,-231.0
20.0,863.0,295.0,-505.0,-290.0,-592.0,-43.0,384.0,227.0,-260.0
6.0,511.0,370.0,-543.0,-166.0,-575.0,-17.0,238.0,212.0,-350.0
3.0,47.0,407.0,-553.0,-49.0,-619.0,0.0,138.0,221.0,-508.0
-15.0,-484.0,482.0,-505.0,51.0,-596.0,-101.0,116.0,245.0,-694.0
-37.0,-920.0,534.0,-435.0,125.0,-603.0,-237.0,48.0,290.0,-850.0
-74.0,-1081.0,572.0,-323.0,166.0,-573.0,-238.0,73.0,344.0,-967.0
-112.0,-1022.0,639.0,-197.0,187.0,-611.0,-143.0,-12.0,407.0,-1071.0
-141.0,-799.0,663.0,-117.0,200.0,-627.0,-85.0,14.0,465.0,-1106.0
-182.0,-428.0,697.0,5.0,206.0,-507.0,-80.0,12.0,516.0,-1070.0
-214.0,-41.0,698.0,100.0,201.0,-467.0,-67.0,-18.0,534.0,-1016.0
-246.0,243.0,695.0,186.0,182.0,-498.0,-146.0,-3.0,524.0,-940.0
-276.0,435.0,704.0,272.0,139.0,-399.0,-324.0,-59.0,489.0,-819.0
-300.0,604.0,681.0,336.0,72.0,-342.0,-444.0,42.0,419.0,-640.0
-310.0,760.0,679.0,389.0,5.0,-376.0,-411.0,46.0,314.0,-469.0
-304.0,838.0,666.0,393.0,-37.0,-432.0,-297.0,188.0,196.0,-299.0
-295.0,809.0,639.0,390.0,-57.0,-496.0,-263.0,291.0,61.0,-108.0
-279.0,741.0,602.0,378.0,-66.0,-428.0,-313.0,280.0,-101.0,41.0
-245.0,710.0,581.0,365.0,-68.0,-439.0,-363.0,389.0,-262.0,134.0
-216.0,674.0,537.0,356.0,-63.0,-512.0,-333.0,262.0,-435.0,177.0
-204.0,571.0,472.0,340.0,-48.0,-548.0,-195.0,264.0,-603.0,203.0
-174.0,368.0,464.0,320.0,-28.0,-534.0,-164.0,279.0,-740.0,197.0
-139.0,105.0,401.0,307.0,-4.0,-474.0,-270.0,267.0,-857.0,157.0
-120.0,-62.0,351.0,280.0,23.0,-457.0,-317.0,412.0,-959.0,145.0
-118.0,-179.0,340.0,221.0,48.0,-390.0,-271.0,386.0,-1076.0,145.0
-125.0,-370.0,252.0,190.0,79.0,-424.0,-172.0,352.0,-1187.0,145.0
-138.0,-490.0,219.0,188.0,114.0,-386.0,-85.0,273.0,-1233.0,162.0
-161.0,-320.0,157.0,185.0,133.0,-254.0,-81.0,216.0,-1180.0,206.0
-210.0,123.0,60.0,166.0,118.0,-302.0,-224.0,197.0,-1055.0,241.0
-257.0,610.0,29.0,147.0,79.0,-301.0,-340.0,145.0,-885.0,264.0
-281.0,952.0,-73.0,111.0,50.0,-276.0,-287.0,190.0,-666.0,289.0
-301.0,1105.0,-147.0,28.0,53.0,-246.0,-159.0,175.0,-462.0,305.0
-308.0,1103.0,-204.0,-28.0,81.0,-244.0,-7.0,256.0,-289.0,280.0
-300.0,1033.0,-304.0,-57.0,124.0,-348.0,64.0,284.0,-137.0,222.0
-281.0,975.0,-347.0,-110.0,183.0,-279.0,10.0,242.0,17.0,164.0
-249.0,897.0,-388.0,-150.0,237.0,-142.0,-145.0,284.0,181.0,74.0
-224.0,798.0,-426.0,-181.0,255.0,-146.0,-232.0,210.0,305.0,-7.0
-199.0,746.0,-433.0,-230.0,235.0,-182.0,-170.0,234.0,390.0,-50.0
-156.0,700.0,-464.0,-255.0,188.0,-184.0,-112.0,188.0,497.0,-63.0
-109.0,543.0,-478.0,-287.0,111.0,-156.0,-53.0,158.0,626.0,-52.0
-65.0,299.0,-457.0,-311.0,24.0,-129.0,1.0,184.0,750.0,-46.0
-13.0,74.0,-463.0,-318.0,-30.0,-179.0,15.0,109.0,868.0,-29.0
34.0,-85.0,-444.0,-347.0,-35.0,-212.0,-21.0,177.0,960.0,-24.0
61.0,-185.0,-416.0,-384.0,-16.0,-194.0,-52.0,179.0,988.0,-50.0
86.0,-255.0,-368.0,-439.0,-8.0,-162.0,-30.0,315.0,965.0,-89.0
91.0,-309.0,-322.0,-489.0,-11.0,-100.0,-14.0,395.0,903.0,-123.0
94.0,-312.0,-268.0,-528.0,-19.0,-104.0,27.0,389.0,824.0,-188.0
109.0,-212.0,-200.0,-539.0,-14.0,-149.0,50.0,487.0,756.0,-283.0
111.0,-75.0,-173.0,-534.0,21.0,-137.0,-51.0,412.0,690.0,-370.0
124.0,-57.0,-97.0,-503.0,76.0,-41.0,-192.0,450.0,637.0,-448.0
137.0,-159.0,-59.0,-422.0,127.0,-4.0,-188.0,400.0,598.0,-516.0
145.0,-217.0,8.0,-331.0,157.0,-83.0,-79.0,439.0,528.0,-580.0
144.0,-157.0,101.0,-197.0,173.0,-113.0,4.0,528.0,431.0,-596.0
147.0,-98.0,154.0,-38.0,175.0,-8.0,36.0,489.0,295.0,-576.0
155.0,-93.0,246.0,83.0,152.0,92.0,4.0,672.0,131.0,-572.0
155.0,-110.0,323.0,162.0,93.0,14.0,-22.0,672.0,0.0,-534.0
152.0,-85.0,395.0,203.0,18.0,29.0,-41.0,648.0,-77.0,-445.0
162.0,-33.0,449.0,206.0,-48.0,109.0,-93.0,635.0,-84.0,-368.0
199.0,-106.0,484.0,175.0,-88.0,83.0,-140.0,567.0,-59.0,-300.0
238.0,-360.0,485.0,127.0,-89.0,121.0,-100.0,587.0,-50.0,-194.0
299.0,-707.0,491.0,68.0,-60.0,153.0,46.0,485.0,-44.0,-88.0
371.0,-955.0,475.0,-5.0,-18.0,164.0,231.0,469.0,-38.0,-12.0
454.0,-1061.0,429.0,-53.0,30.0,123.0,264.0,373.0,-51.0,52.0
529.0,-1130.0,400.0,-82.0,75.0,34.0,110.0,266.0,-71.0,93.0
599.0,-1137.0,325.0,-83.0,98.0,79.0,37.0,184.0,-60.0,112.0
659.0,-1017.0,257.0,-50.0,93.0,99.0,120.0,59.0,-49.0,90.0
687.0,-785.0,175.0,0.0,73.0,44.0,208.0,90.0,-50.0,63.0
716.0,-479.0,92.0,56.0,50.0,54.0,146.0,57.0,-35.0,70.0
710.0,-94.0,33.0,100.0,38.0,67.0,-4.0,212.0,-18.0,87.0
684.0,380.0,-52.0,131.0,47.0,50.0,-104.0,288.0,0.0,118.0
641.0,951.0,-102.0,148.0,76.0,-11.0,-83.0,258.0,9.0,165.0
580.0,1491.0,-124.0,187.0,115.0,-21.0,98.0,315.0,15.0,222.0
508.0,1793.0,-162.0,235.0,148.0,53.0,285.0,151.0,34.0,263.0
405.0,1836.0,-174.0,288.0,154.0,58.0,362.0,142.0,66.0,274.0
314.0,1680.0,-184.0,339.0,123.0,13.0,296.0,16.0,74.0,295.0
224.0,1272.0,-197.0,338.0,56.0,58.0,81.0,-55.0,59.0,320.0
120.0,636.0,-199.0,290.0,-21.0,143.0,-142.0,-31.0,48.0,329.0
5.0,-46.0,-191.0,199.0,-78.0,114.0,-145.0,-136.0,23.0,342.0
-77.0,-600.0,-171.0,101.0,-97.0,82.0,32.0,-59.0,-2.0,363.0
-119.0,-870.0,-139.0,15.0,-84.0,106.0,89.0,-97.0,-30.0,366.0
-161.0,-840.0,-82.0,-93.0,-59.0,80.0,-38.0,-24.0,-54.0,349.0
-185.0,-637.0,-28.0,-216.0,-44.0,43.0,-136.0,38.0,-82.0,329.0
-174.0,-350.0,79.0,-307.0,-61.0,26.0,-26.0,66.0,-103.0,300.0
-148.0,-50.0,134.0,-364.0,-97.0,16.0,124.0,109.0,-79.0,245.0
-123.0,274.0,224.0,-420.0,-126.0,-71.0,119.0,-62.0,-35.0,167.0
-112.0,698.0,354.0,-433.0,-143.0,-131.0,-83.0,-144.0,23.0,109.0
-113.0,1126.0,377.0,-383.0,-147.0,-82.0,-331.0,-308.0,76.0,52.0
-97.0,1314.0,508.0,-284.0,-129.0,-90.0,-327.0,-382.0,128.0,-17.0
-75.0,1222.0,566.0,-137.0,-93.0,-116.0,-174.0,-375.0,182.0,-66.0
-57.0,994.0,605.0,33.0,-61.0,-114.0,-44.0,-328.0,221.0,-86.0
-39.0,673.0,687.0,200.0,-50.0,-46.0,80.0,-184.0,251.0,-83.0
-22.0,329.0,689.0,366.0,-78.0,-54.0,146.0,-199.0,261.0,-97.0
-24.0,92.0,726.0,527.0,-148.0,-179.0,65.0,-151.0,249.0,-94.0
-48.0,-105.0,706.0,649.0,-214.0,-153.0,-179.0,-219.0,214.0,-53.0
-87.0,-407.0,663.0,719.0,-231.0,-126.0,-317.0,-162.0,150.0,-37.0
-138.0,-783.0,617.0,746.0,-200.0,-186.0,-124.0,-3.0,86.0,-31.0
-184.0,-1091.0,533.0,709.0,-151.0,-250.0,121.0,-133.0,47.0,6.0
-216.0,-1242.0,428.0,652.0,-94.0,-288.0,130.0,-86.0,3.0,79.0
-226.0,-1204.0,338.0,605.0,-34.0,-256.0,-66.0,-138.0,-44.0,153.0
-226.0,-993.0,213.0,520.0,17.0,-269.0,-229.0,-199.0,-82.0,261.0
-205.0,-743.0,88.0,420.0,45.0,-298.0,-179.0,-179.0,-109.0,431.0
-165.0,-525.0,-14.0,334.0,51.0,-266.0,8.0,-336.0,-108.0,587.0
-126.0,-252.0,-148.0,244.0,64.0,-262.0,235.0,-315.0,-97.0,718.0
-90.0,90.0,-225.0,186.0,102.0,-260.0,354.0,-271.0,-55.0,850.0
-52.0,340.0,-308.0,167.0,164.0,-204.0,274.0,-112.0,10.0,965.0
-18.0,402.0,-379.0,122.0,227.0,-229.0,79.0,59.0,69.0,1038.0
1.0,387.0,-407.0,67.0,274.0,-317.0,-109.0,256.0,122.0,1052.0
15.0,476.0,-435.0,13.0,295.0,-344.0,-110.0,463.0,170.0,1041.0
21.0,733.0,-439.0,-67.0,284.0,-339.0,91.0,452.0,200.0,995.0
34.0,1018.0,-400.0,-153.0,252.0,-352.0,335.0,567.0,206.0,868.0
42.0,1131.0,-366.0,-221.0,212.0,-391.0,456.0,454.0,214.0,721.0
37.0,949.0,-349.0,-246.0,168.0,-344.0,454.0,384.0,219.0,560.0
24.0,563.0,-302.0,-274.0,120.0,-273.0,404.0,393.0,217.0,372.0
11.0,183.0,-286.0,-294.0,65.0,-328.0,262.0,208.0,224.0,202.0
10.0,-48.0,-269.0,-304.0,10.0,-409.0,68.0,236.0,233.0,78.0
0.0,-44.0,-216.0,-316.0,-44.0,-368.0,-44.0,223.0,232.0,-25.0
-24.0,80.0,-196.0,-262.0,-103.0,-262.0,14.0,221.0,200.0,-135.0
-52.0,148.0,-188.0,-170.0,-162.0,-258.0,199.0,192.0,156.0,-233.0
-94.0,145.0,-150.0,-32.0,-198.0,-303.0,350.0,192.0,136.0,-307.0
-158.0,200.0,-141.0,137.0,-205.0,-282.0,365.0,210.0,113.0,-377.0
-246.0,355.0,-131.0,290.0,-193.0,-239.0,201.0,195.0,72.0,-463.0
-338.0,463.0,-89.0,418.0,-178.0,-286.0,9.0,317.0,31.0,-549.0
-434.0,465.0,-92.0,536.0,-167.0,-397.0,6.0,260.0,-3.0,-612.0
-528.0,401.0,-60.0,627.0,-154.0,-397.0,147.0,256.0,-31.0,-686.0
-624.0,262.0,-21.0,653.0,-139.0,-299.0,264.0,110.0,-39.0,-771.0
-713.0,29.0,-8.0,654.0,-130.0,-257.0,288.0,-44.0,-48.0,-808.0
-762.0,-286.0,53.0,639.0,-126.0,-293.0,209.0,66.0,-43.0,-810.0
-792.0,-681.0,73.0,608.0,-108.0,-321.0,81.0,5.0,-16.0,-798.0
-809.0,-1142.0,92.0,578.0,-79.0,-335.0,26.0,96.0,9.0,-755.0
-826.0,-1609.0,116.0,557.0,-41.0,-346.0,109.0,149.0,64.0,-674.0
-822.0,-2000.0,119.0,567.0,12.0,-344.0,254.0,36.0,129.0,-598.0
-792.0,-2270.0,126.0,619.0,82.0,-355.0,385.0,16.0,192.0,-547.0
-759.0,-2403.0,113.0,695.0,157.0,-375.0,443.0,16.0,262.0,-464.0
-706.0,-2365.0,88.0,774.0,229.0,-357.0,358.0,42.0,327.0,-369.0
-656.0,-2246.0,50.0,816.0,284.0,-283.0,218.0,68.0,376.0,-310.0
-597.0,-2156.0,10.0,840.0,299.0,-264.0,180.0,169.0,406.0,-299.0
-522.0,-1946.0,-48.0,822.0,272.0,-296.0,238.0,153.0,446.0,-275.0
-452.0,-1449.0,-98.0,750.0,237.0,-267.0,177.0,179.0,500.0,-270.0
-376.0,-676.0,-157.0,670.0,226.0,-230.0,52.0,247.0,561.0,-289.0
-298.0,123.0,-206.0,492.0,236.0,-254.0,88.0,142.0,605.0,-289.0
-211.0,656.0,-232.0,272.0,234.0,-292.0,196.0,169.0,623.0,-263.0
-117.0,865.0,-280.0,84.0,204.0,-329.0,258.0,103.0,616.0,-183.0
-35.0,793.0,-294.0,-94.0,156.0,-300.0,263.0,53.0,561.0,-140.0
45.0,580.0,-293.0,-266.0,92.0,-283.0,194.0,59.0,486.0,-108.0
143.0,379.0,-311.0,-397.0,11.0,-348.0,85.0,-38.0,390.0,-71.0
250.0,240.0,-304.0,-432.0,-71.0,-317.0,70.0,57.0,277.0,-83.0
357.0,136.0,-282.0,-429.0,-144.0,-303.0,201.0,121.0,161.0,-123.0
470.0,90.0,-279.0,-390.0,-203.0,-325.0,350.0,203.0,38.0,-155.0
595.0,72.0,-239.0,-301.0,-238.0,-295.0,371.0,269.0,-65.0,-153.0
714.0,36.0,-227.0,-207.0,-248.0,-263.0,224.0,328.0,-175.0,-191.0
816.0,72.0,-221.0,-131.0,-246.0,-260.0,29.0,397.0,-286.0,-237.0
883.0,223.0,-171.0,-48.0,-248.0,-336.0,-3.0,271.0,-400.0,-259.0
945.0,446.0,-176.0,-4.0,-244.0,-323.0,210.0,288.0,-511.0,-309.0
1003.0,654.0,-144.0,13.0,-233.0,-240.0,502.0,181.0,-614.0,-403.0
1038.0,840.0,-116.0,10.0,-215.0,-289.0,675.0,121.0,-724.0,-502.0
1042.0,1055.0,-126.0,-55.0,-184.0,-421.0,654.0,166.0,-836.0,-553.0
1030.0,1344.0,-93.0,-142.0,-138.0,-425.0,430.0,51.0,-954.0,-591.0
1020.0,1607.0,-58.0,-248.0,-82.0,-317.0,146.0,77.0,-1069.0,-627.0
987.0,1670.0,-25.0,-360.0,-15.0,-319.0,121.0,-27.0,-1189.0,-623.0
957.0,1512.0,30.0,-482.0,58.0,-379.0,331.0,-72.0,-1281.0,-577.0
910.0,1204.0,106.0,-612.0,129.0,-353.0,400.0,-123.0,-1331.0,-525.0
863.0,881.0,127.0,-778.0,185.0,-256.0,161.0,-181.0,-1322.0,-468.0
824.0,503.0,218.0,-955.0,215.0,-220.0,-119.0,-64.0,-1260.0,-362.0
773.0,36.0,269.0,-1100.0,218.0,-233.0,-113.0,-138.0,-1159.0,-213.0
712.0,-477.0,239.0,-1220.0,202.0,-224.0,179.0,-103.0,-983.0,-85.0
631.0,-961.0,287.0,-1269.0,185.0,-225.0,477.0,-96.0,-774.0,53.0
558.0,-1331.0,200.0,-1271.0,186.0,-205.0,461.0,-81.0,-537.0,210.0
467.0,-1612.0,141.0,-1219.0,219.0,-206.0,171.0,9.0,-271.0,274.0
387.0,-1707.0,113.0,-1119.0,285.0,-156.0,-55.0,-16.0,8.0,275.0
305.0,-1596.0,-3.0,-989.0,364.0,-92.0,-81.0,99.0,292.0,255.0
224.0,-1396.0,-14.0,-815.0,425.0,-125.0,-90.0,53.0,538.0,208.0
146.0,-1243.0,-82.0,-622.0,438.0,-73.0,-111.0,-12.0,754.0,129.0
59.0,-1150.0,-183.0,-420.0,399.0,-6.0,-62.0,-96.0,911.0,44.0
-2.0,-1022.0,-231.0,-191.0,328.0,-37.0,-16.0,-229.0,998.0,39.0
-71.0,-782.0,-322.0,49.0,241.0,-108.0,-16.0,-262.0,1029.0,59.0
-115.0,-382.0,-398.0,283.0,159.0,-97.0,-43.0,-345.0,1010.0,83.0
-164.0,33.0,-459.0,470.0,92.0,10.0,-56.0,-219.0,945.0,161.0
-218.0,425.0,-511.0,607.0,36.0,2.0,-109.0,-190.0,819.0,281.0
-257.0,839.0,-524.0,720.0,-32.0,-31.0,-242.0,-155.0,655.0,378.0
-295.0,1188.0,-578.0,781.0,-116.0,-1.0,-346.0,-84.0,467.0,429.0
-348.0,1398.0,-671.0,812.0,-177.0,3.0,-276.0,-107.0,284.0,504.0
-400.0,1516.0,-585.0,799.0,-197.0,-16.0,-14.0,-20.0,117.0,566.0
-428.0,1475.0,-589.0,733.0,-198.0,-25.0,240.0,-123.0,-38.0,561.0
-476.0,1167.0,-698.0,648.0,-206.0,37.0,227.0,-79.0,-171.0,548.0
-516.0,869.0,-562.0,541.0,-216.0,73.0,-3.0,-83.0,-292.0,530.0
-547.0,738.0,-547.0,439.0,-216.0,61.0,-136.0,-92.0,-383.0,453.0
-574.0,589.0,-546.0,344.0,-210.0,70.0,-144.0,1.0,-443.0,307.0
-604.0,322.0,-427.0,263.0,-210.0,94.0,-244.0,-101.0,-470.0,133.0
-627.0,-28.0,-386.0,231.0,-226.0,86.0,-411.0,-53.0,-468.0,-43.0
-653.0,-417.0,-319.0,245.0,-251.0,65.0,-409.0,-169.0,-443.0,-270.0
-667.0,-680.0,-249.0,266.0,-266.0,176.0,-308.0,-158.0,-390.0,-499.0
-654.0,-685.0,-154.0,302.0,-252.0,218.0,-297.0,-14.0,-325.0,-670.0
-633.0,-601.0,-132.0,356.0,-222.0,111.0,-208.0,-42.0,-251.0,-797.0
-586.0,-607.0,-131.0,406.0,-186.0,73.0,-1.0,114.0,-206.0,-874.0
-528.0,-733.0,-84.0,456.0,-134.0,118.0,132.0,155.0,-166.0,-875.0
-451.0,-875.0,-15.0,508.0,-70.0,120.0,115.0,169.0,-122.0,-772.0
-385.0,-909.0,-37.0,546.0,-12.0,38.0,-95.0,158.0,-100.0,-625.0
-316.0,-818.0,-42.0,536.0,21.0,-8.0,-467.0,94.0,-79.0,-430.0
-264.0,-712.0,112.0,505.0,35.0,8.0,-669.0,131.0,-80.0,-150.0
-226.0,-605.0,131.0,467.0,32.0,28.0,-438.0,127.0,-89.0,172.0
-194.0,-379.0,199.0,399.0,7.0,5.0,-51.0,182.0,-111.0,464.0
-187.0,-66.0,252.0,335.0,-54.0,19.0,163.0,92.0,-126.0,715.0
-161.0,356.0,331.0,321.0,-140.0,45.0,125.0,31.0,-126.0,957.0
-142.0,898.0,438.0,352.0,-215.0,1.0,-141.0,22.0,-117.0,1126.0
-110.0,1258.0,444.0,389.0,-258.0,20.0,-492.0,-53.0,-85.0,1213.0
-83.0,1279.0,592.0,417.0,-267.0,99.0,-609.0,-18.0,-62.0,1255.0
-45.0,1118.0,660.0,419.0,-256.0,58.0,-295.0,-27.0,-13.0,1283.0
6.0,832.0,725.0,405.0,-235.0,-47.0,131.0,-9.0,40.0,1264.0
57.0,382.0,814.0,396.0,-210.0,-16.0,243.0,-112.0,115.0,1214.0
138.0,-132.0,879.0,398.0,-182.0,62.0,-67.0,-129.0,237.0,1167.0
208.0,-537.0,889.0,417.0,-167.0,46.0,-520.0,-62.0,384.0,1105.0
296.0,-719.0,885.0,408.0,-180.0,0.0,-719.0,-107.0,560.0,1020.0
385.0,-664.0,924.0,384.0,-207.0,12.0,-520.0,-36.0,746.0,904.0
473.0,-511.0,868.0,370.0,-228.0,27.0,-166.0,-133.0,933.0,815.0
578.0,-442.0,849.0,353.0,-245.0,-25.0,2.0,-103.0,1112.0,707.0
675.0,-440.0,773.0,368.0,-259.0,-26.0,-1.0,-68.0,1287.0,550.0
759.0,-413.0,703.0,415.0,-250.0,14.0,-108.0,-59.0,1418.0,395.0
819.0,-387.0,601.0,454.0,-203.0,5.0,-294.0,64.0,1509.0,228.0
848.0,-390.0,498.0,478.0,-133.0,-19.0,-409.0,-83.0,1553.0,11.0
864.0,-394.0,382.0,494.0,-81.0,1.0,-335.0,-24.0,1535.0,-224.0
860.0,-319.0,221.0,515.0,-64.0,31.0,-141.0,25.0,1473.0,-411.0
831.0,-116.0,146.0,529.0,-63.0,-57.0,22.0,-3.0,1362.0,-585.0
795.0,111.0,16.0,503.0,-40.0,-89.0,64.0,25.0,1224.0,-749.0
729.0,248.0,-131.0,467.0,31.0,18.0,-124.0,-127.0,1038.0,-889.0
664.0,353.0,-316.0,408.0,139.0,-9.0,-412.0,-31.0,809.0,-1009.0
588.0,514.0,-417.0,334.0,242.0,-128.0,-496.0,31.0,543.0,-1124.0
487.0,761.0,-534.0,239.0,310.0,-133.0,-353.0,83.0,262.0,-1262.0
388.0,1101.0,-723.0,117.0,338.0,-6.0,-122.0,164.0,5.0,-1374.0
276.0,1367.0,-748.0,-3.0,333.0,24.0,40.0,164.0,-241.0,-1459.0
165.0,1375.0,-725.0,-120.0,312.0,-142.0,31.0,321.0,-449.0,-1554.0
45.0,1184.0,-926.0,-183.0,298.0,-200.0,-62.0,225.0,-634.0,-1638.0
-65.0,1002.0,-1023.0,-252.0,300.0,-111.0,-119.0,186.0,-797.0,-1682.0
-176.0,847.0,-966.0,-342.0,311.0,-133.0,-85.0,188.0,-915.0,-1695.0
-296.0,538.0,-1040.0,-431.0,317.0,-235.0,-18.0,55.0,-1008.0,-1707.0
-407.0,32.0,-1012.0,-526.0,321.0,-233.0,-1.0,7.0,-1066.0,-1678.0
-510.0,-486.0,-1009.0,-599.0,329.0,-159.0,-19.0,-155.0,-1070.0,-1591.0
-594.0,-905.0,-948.0,-664.0,354.0,-196.0,-74.0,-129.0,-1025.0,-1505.0
-677.0,-1265.0,-905.0,-679.0,390.0,-304.0,-201.0,-83.0,-942.0,-1427.0
-733.0,-1587.0,-907.0,-665.0,414.0,-281.0,-347.0,-20.0,-821.0,-1335.0
-755.0,-1834.0,-850.0,-666.0,415.0,-267.0,-338.0,46.0,-669.0,-1238.0
-762.0,-1910.0,-784.0,-644.0,391.0,-344.0,-200.0,38.0,-495.0,-1168.0
-757.0,-1717.0,-743.0,-582.0,332.0,-340.0,-106.0,142.0,-317.0,-1094.0
-743.0,-1200.0,-758.0,-524.0,228.0,-288.0,-109.0,38.0,-130.0,-984.0
-700.0,-479.0,-645.0,-526.0,95.0,-242.0,-178.0,0.0,46.0,-882.0
-646.0,167.0,-593.0,-546.0,-25.0,-260.0,-193.0,-118.0,190.0,-800.0
-579.0,589.0,-469.0,-571.0,-103.0,-261.0,-178.0,-315.0,323.0,-718.0
-501.0,754.0,-344.0,-641.0,-144.0,-261.0,-182.0,-363.0,413.0,-630.0
-418.0,591.0,-241.0,-697.0,-161.0,-329.0,-157.0,-434.0,442.0,-571.0
-329.0,169.0,-151.0,-725.0,-147.0,-325.0,-107.0,-323.0,399.0,-544.0
-240.0,-274.0,-132.0,-747.0,-108.0,-287.0,-34.0,-310.0,306.0,-505.0
-158.0,-683.0,83.0,-747.0,-70.0,-294.0,15.0,-297.0,189.0,-452.0
-97.0,-1152.0,173.0,-722.0,-50.0,-299.0,-3.0,-253.0,40.0,-413.0
-51.0,-1634.0,274.0,-667.0,-48.0,-242.0,-26.0,-194.0,-95.0,-375.0
-29.0,-1908.0,375.0,-590.0,-49.0,-150.0,45.0,-48.0,-239.0,-321.0
-5.0,-1834.0,437.0,-496.0,-44.0,-77.0,91.0,-16.0,-386.0,-284.0
9.0,-1450.0,539.0,-385.0,-39.0,-62.0,42.0,97.0,-503.0,-276.0
22.0,-828.0,466.0,-247.0,-36.0,51.0,36.0,92.0,-616.0,-281.0
35.0,-107.0,579.0,-96.0,-34.0,205.0,96.0,171.0,-694.0,-314.0
61.0,483.0,589.0,44.0,-35.0,109.0,149.0,271.0,-726.0,-392.0
102.0,770.0,525.0,177.0,-34.0,9.0,103.0,149.0,-746.0,-503.0
127.0,775.0,516.0,287.0,-16.0,81.0,-7.0,147.0,-723.0,-582.0
159.0,678.0,394.0,337.0,18.0,133.0,-100.0,16.0,-670.0,-624.0
184.0,613.0,396.0,325.0,45.0,52.0,-164.0,33.0,-587.0,-636.0
210.0,595.0,223.0,304.0,45.0,-45.0,-158.0,134.0,-484.0,-594.0
218.0,585.0,116.0,293.0,24.0,-7.0,-148.0,149.0,-378.0,-486.0
230.0,531.0,127.0,249.0,-6.0,85.0,-166.0,339.0,-243.0,-347.0
253.0,463.0,-33.0,179.0,-47.0,35.0,-87.0,367.0,-121.0,-209.0
280.0,608.0,-81.0,119.0,-104.0,-54.0,115.0,317.0,1.0,-42.0
316.0,1083.0,-99.0,47.0,-172.0,30.0,216.0,212.0,115.0,139.0
328.0,1678.0,-116.0,-21.0,-239.0,149.0,81.0,160.0,199.0,325.0
347.0,2149.0,-139.0,-57.0,-279.0,110.0,-102.0,221.0,276.0,509.0
340.0,2423.0,-186.0,-115.0,-272.0,43.0,-73.0,275.0,329.0,700.0
315.0,2529.0,-110.0,-151.0,-224.0,118.0,141.0,445.0,387.0,880.0
271.0,2483.0,-100.0,-147.0,-167.0,140.0,310.0,456.0,427.0,1013.0
206.0,2260.0,-94.0,-136.0,-127.0,89.0,306.0,393.0,444.0,1122.0
132.0,1877.0,-71.0,-100.0,-109.0,137.0,185.0,295.0,473.0,1190.0
37.0,1398.0,-63.0,-51.0,-91.0,227.0,130.0,210.0,512.0,1210.0
-45.0,887.0,-39.0,27.0,-56.0,217.0,112.0,218.0,564.0,1189.0
-155.0,397.0,-57.0,106.0,-25.0,167.0,89.0,158.0,595.0,1156.0
-241.0,-43.0,-4.0,186.0,-23.0,175.0,144.0,134.0,621.0,1114.0
-305.0,-414.0,-50.0,290.0,-43.0,158.0,225.0,25.0,629.0,1047.0
-358.0,-694.0,-28.0,384.0,-52.0,156.0,230.0,-14.0,616.0,972.0
-394.0,-895.0,52.0,488.0,-48.0,127.0,103.0,-64.0,585.0,903.0
-406.0,-1039.0,12.0,598.0,-60.0,140.0,4.0,-110.0,511.0,860.0
-380.0,-1150.0,57.0,698.0,-96.0,121.0,23.0,-22.0,407.0,809.0
-340.0,-1313.0,72.0,803.0,-130.0,34.0,12.0,-60.0,267.0,771.0
-291.0,-1526.0,100.0,878.0,-139.0,66.0,-20.0,-14.0,102.0,782.0
-234.0,-1573.0,92.0,899.0,-127.0,62.0,-20.0,-120.0,-86.0,775.0
-148.0,-1382.0,100.0,905.0,-107.0,21.0,-21.0,-149.0,-269.0,742.0
-79.0,-1035.0,174.0,865.0,-86.0,-28.0,-21.0,3.0,-439.0,724.0
-12.0,-572.0,176.0,781.0,-64.0,0.0,-72.0,-49.0,-587.0,699.0
56.0,-136.0,213.0,726.0,-29.0,-16.0,-124.0,92.0,-697.0,653.0
131.0,114.0,196.0,692.0,18.0,-144.0,-135.0,131.0,-792.0,609.0
205.0,170.0,229.0,660.0,67.0,-146.0,-88.0,79.0,-859.0,593.0
260.0,119.0,207.0,627.0,99.0,-73.0,9.0,36.0,-905.0,562.0
315.0,40.0,197.0,598.0,104.0,5.0,37.0,-36.0,-925.0,492.0
354.0,46.0,280.0,584.0,87.0,-77.0,73.0,20.0,-887.0,419.0
391.0,253.0,263.0,572.0,68.0,-164.0,87.0,-97.0,-804.0,325.0
409.0,688.0,286.0,544.0,51.0,-151.0,42.0,-75.0,-697.0,201.0
430.0,1226.0,267.0,505.0,34.0,-162.0,-21.0,5.0,-564.0,48.0
440.0,1618.0,285.0,460.0,6.0,-160.0,-115.0,62.0,-431.0,-101.0
437.0,1846.0,270.0,401.0,-35.0,-149.0,-182.0,99.0,-307.0,-208.0
427.0,2046.0,247.0,340.0,-81.0,-64.0,-203.0,-7.0,-190.0,-315.0
418.0,2240.0,267.0,311.0,-109.0,-19.0,-93.0,79.0,-98.0,-400.0
427.0,2366.0,207.0,279.0,-108.0,30.0,49.0,51.0,-44.0,-442.0
420.0,2280.0,202.0,197.0,-69.0,70.0,59.0,51.0,-22.0,-470.0
410.0,1903.0,166.0,123.0,7.0,8.0,-35.0,81.0,-26.0,-489.0
382.0,1400.0,140.0,60.0,102.0,-64.0,-101.0,24.0,-86.0,-488.0
365.0,1059.0,111.0,3.0,179.0,-84.0,-63.0,116.0,-187.0,-451.0
332.0,946.0,81.0,-35.0,218.0,-13.0,-23.0,35.0,-321.0,-408.0
275.0,865.0,52.0,-80.0,231.0,-89.0,-32.0,38.0,-469.0,-362.0
239.0,687.0,3.0,-139.0,229.0,-226.0,-93.0,35.0,-617.0,-268.0
234.0,397.0,18.0,-207.0,213.0,-126.0,-175.0,-25.0,-746.0,-154.0
240.0,22.0,-25.0,-242.0,186.0,31.0,-232.0,-53.0,-839.0,-64.0
242.0,-356.0,-41.0,-249.0,165.0,62.0,-227.0,-186.0,-878.0,19.0
253.0,-643.0,-50.0,-266.0,166.0,16.0,-99.0,-153.0,-860.0,102.0
256.0,-806.0,-74.0,-308.0,196.0,42.0,11.0,-254.0,-819.0,160.0
250.0,-961.0,-72.0,-363.0,253.0,248.0,0.0,-184.0,-734.0,170.0
200.0,-1203.0,-86.0,-411.0,323.0,309.0,-51.0,-107.0,-609.0,136.0
147.0,-1420.0,-37.0,-445.0,384.0,205.0,-51.0,-269.0,-462.0,81.0
108.0,-1368.0,-92.0,-456.0,420.0,188.0,12.0,-225.0,-287.0,-14.0
73.0,-976.0,-48.0,-488.0,428.0,200.0,-22.0,-314.0,-103.0,-144.0
31.0,-578.0,-13.0,-560.0,417.0,241.0,-151.0,-358.0,80.0,-268.0
-29.0,-564.0,-67.0,-640.0,386.0,148.0,-137.0,-439.0,262.0,-374.0
-80.0,-884.0,40.0,-730.0,336.0,95.0,32.0,-460.0,426.0,-483.0
-126.0,-1040.0,-20.0,-846.0,279.0,80.0,171.0,-279.0,544.0,-565.0
-164.0,-729.0,-4.0,-951.0,239.0,56.0,196.0,-234.0,620.0,-605.0
-212.0,-301.0,8.0,-1041.0,227.0,194.0,200.0,-81.0,656.0,-633.0
-242.0,-154.0,-30.0,-1086.0,232.0,65.0,231.0,-22.0,641.0,-668.0
-262.0,-190.0,22.0,-1091.0,233.0,-52.0,180.0,66.0,594.0,-694.0
-286.0,11.0,-21.0,-1061.0,216.0,83.0,96.0,72.0,524.0,-699.0
-336.0,707.0,23.0,-961.0,187.0,132.0,138.0,-11.0,431.0,-740.0
-378.0,1669.0,14.0,-826.0,163.0,89.0,232.0,44.0,340.0,-805.0
-412.0,2420.0,12.0,-664.0,143.0,-35.0,249.0,-90.0,256.0,-886.0
-462.0,2688.0,3.0,-516.0,109.0,-39.0,254.0,-129.0,157.0,-969.0
-473.0,2705.0,-31.0,-404.0,41.0,83.0,335.0,-214.0,60.0,-1055.0
-472.0,2773.0,-32.0,-302.0,-54.0,75.0,367.0,-181.0,-21.0,-1141.0
-438.0,2716.0,-85.0,-229.0,-162.0,-21.0,218.0,-18.0,-112.0,-1160.0
-399.0,2266.0,-90.0,-193.0,-261.0,23.0,-44.0,-134.0,-202.0,-1179.0
-357.0,1645.0,-149.0,-178.0,-330.0,180.0,-135.0,-81.0,-275.0,-1205.0
-320.0,1264.0,-175.0,-170.0,-369.0,107.0,98.0,-99.0,-326.0,-1209.0
-275.0,1064.0,-174.0,-188.0,-400.0,30.0,438.0,-97.0,-361.0,-1202.0
-220.0,721.0,-246.0,-200.0,-433.0,151.0,646.0,9.0,-386.0,-1160.0
-190.0,197.0,-269.0,-201.0,-448.0,132.0,581.0,16.0,-400.0,-1070.0
-144.0,-372.0,-312.0,-216.0,-437.0,169.0,325.0,51.0,-389.0,-911.0
-100.0,-924.0,-366.0,-193.0,-411.0,223.0,118.0,-25.0,-365.0,-712.0
-21.0,-1446.0,-338.0,-115.0,-384.0,200.0,105.0,53.0,-320.0,-498.0
35.0,-1913.0,-391.0,-6.0,-344.0,244.0,299.0,70.0,-237.0,-274.0
73.0,-2236.0,-402.0,119.0,-268.0,175.0,525.0,110.0,-152.0,-44.0
105.0,-2426.0,-409.0,250.0,-152.0,205.0,663.0,195.0,-55.0,186.0
135.0,-2652.0,-398.0,377.0,-11.0,210.0,621.0,60.0,35.0,393.0
174.0,-3033.0,-398.0,477.0,136.0,109.0,425.0,107.0,98.0,569.0
174.0,-3438.0,-429.0,529.0,263.0,125.0,259.0,57.0,145.0,739.0
171.0,-3577.0,-362.0,557.0,343.0,231.0,259.0,66.0,163.0,881.0
180.0,-3314.0,-467.0,579.0,373.0,225.0,422.0,112.0,163.0,959.0
203.0,-2817.0,-367.0,582.0,361.0,99.0,495.0,-14.0,121.0,1008.0
208.0,-2320.0,-368.0,579.0,324.0,127.0,428.0,-27.0,40.0,1041.0
214.0,-1800.0,-362.0,587.0,276.0,144.0,402.0,-144.0,-71.0,1031.0
245.0,-1173.0,-259.0,578.0,229.0,227.0,453.0,-133.0,-223.0,991.0
302.0,-462.0,-313.0,557.0,199.0,184.0,565.0,-103.0,-384.0,978.0
356.0,209.0,-166.0,529.0,184.0,131.0,642.0,-83.0,-542.0,967.0
417.0,642.0,-202.0,489.0,174.0,297.0,638.0,-18.0,-672.0,937.0
490.0,837.0,-89.0,429.0,150.0,230.0,545.0,-140.0,-769.0,903.0
542.0,973.0,-41.0,347.0,111.0,161.0,353.0,-123.0,-822.0,878.0
584.0,1076.0,-18.0,269.0,77.0,214.0,279.0,-173.0,-836.0,850.0
589.0,1105.0,84.0,194.0,53.0,235.0,416.0,-203.0,-821.0,787.0
606.0,1172.0,19.0,119.0,23.0,202.0,553.0,-157.0,-778.0,762.0
616.0,1255.0,150.0,41.0,-23.0,252.0,542.0,-169.0,-723.0,770.0
630.0,1183.0,136.0,-57.0,-84.0,341.0,428.0,-75.0,-642.0,774.0
610.0,895.0,182.0,-145.0,-153.0,344.0,385.0,-94.0,-554.0,790.0
575.0,468.0,233.0,-228.0,-231.0,412.0,490.0,-90.0,-457.0,823.0
540.0,104.0,225.0,-305.0,-312.0,463.0,595.0,-153.0,-358.0,872.0
472.0,-82.0,308.0,-345.0,-378.0,473.0,601.0,-182.0,-269.0,886.0
415.0,-213.0,287.0,-365.0,-420.0,435.0,528.0,-151.0,-168.0,894.0
330.0,-455.0,349.0,-373.0,-435.0,381.0,455.0,-192.0,-74.0,913.0
283.0,-746.0,346.0,-360.0,-426.0,463.0,464.0,-66.0,18.0,889.0
245.0,-888.0,344.0,-351.0,-406.0,515.0,531.0,-129.0,120.0,836.0
208.0,-832.0,332.0,-325.0,-383.0,471.0,607.0,-112.0,216.0,795.0
163.0,-761.0,265.0,-264.0,-361.0,497.0,654.0,-84.0,301.0,769.0
123.0,-870.0,286.0,-169.0,-336.0,531.0,632.0,-121.0,382.0,710.0
102.0,-1041.0,220.0,-55.0,-288.0,557.0,499.0,20.0,429.0,628.0
66.0,-1007.0,204.0,51.0,-214.0,534.0,306.0,-38.0,436.0,570.0
41.0,-741.0,149.0,155.0,-130.0,505.0,194.0,35.0,434.0,502.0
14.0,-458.0,61.0,198.0,-47.0,573.0,190.0,-35.0,409.0,393.0
0.0,-266.0,16.0,199.0,25.0,579.0,303.0,-171.0,387.0,307.0
-17.0,-98.0,-105.0,217.0,74.0,504.0,388.0,-136.0,372.0,231.0
-41.0,-12.0,-146.0,228.0,101.0,493.0,327.0,-234.0,361.0,115.0
-87.0,-48.0,-252.0,225.0,113.0,581.0,210.0,-186.0,355.0,-18.0
-140.0,-89.0,-321.0,205.0,121.0,573.0,108.0,-205.0,326.0,-112.0
-201.0,-72.0,-366.0,173.0,126.0,475.0,92.0,-131.0,286.0,-175.0
-285.0,-10.0,-473.0,132.0,132.0,477.0,183.0,-81.0,244.0,-272.0
-363.0,75.0,-502.0,119.0,151.0,446.0,322.0,-75.0,190.0,-351.0
-433.0,123.0,-577.0,143.0,180.0,411.0,366.0,35.0,123.0,-402.0
-473.0,41.0,-610.0,177.0,191.0,423.0,236.0,-12.0,90.0,-486.0
-518.0,-135.0,-647.0,205.0,166.0,430.0,42.0,81.0,97.0,-617.0
-543.0,-292.0,-663.0,231.0,121.0,486.0,-31.0,16.0,135.0,-747.0
-553.0,-393.0,-661.0,285.0,70.0,421.0,7.0,-36.0,205.0,-841.0
-565.0,-469.0,-671.0,340.0,15.0,408.0,56.0,-90.0,282.0,-971.0
-585.0,-489.0,-596.0,363.0,-59.0,350.0,82.0,-291.0,375.0,-1104.0
-616.0,-376.0,-591.0,366.0,-145.0,275.0,13.0,-267.0,484.0,-1187.0
-639.0,-243.0,-544.0,365.0,-209.0,303.0,-91.0,-334.0,583.0,-1266.0
-641.0,-262.0,-464.0,368.0,-241.0,246.0,-171.0,-243.0,669.0,-1360.0
-610.0,-346.0,-426.0,388.0,-252.0,375.0,-108.0,-147.0,745.0,-1438.0
-568.0,-367.0,-302.0,398.0,-243.0,383.0,88.0,-181.0,803.0,-1483.0
-514.0,-335.0,-201.0,340.0,-210.0,308.0,162.0,-112.0,829.0,-1552.0
-471.0,-299.0,-116.0,209.0,-158.0,291.0,-22.0,-179.0,827.0,-1616.0
-426.0,-341.0,-11.0,17.0,-106.0,317.0,-392.0,-205.0,794.0,-1649.0
-391.0,-410.0,41.0,-196.0,-56.0,384.0,-578.0,-242.0,726.0,-1661.0
-378.0,-328.0,103.0,-403.0,9.0,333.0,-442.0,-282.0,623.0,-1652.0
-359.0,-178.0,147.0,-577.0,91.0,420.0,-202.0,-280.0,490.0,-1625.0
-343.0,-206.0,178.0,-738.0,186.0,406.0,-85.0,-230.0,341.0,-1559.0
-329.0,-325.0,203.0,-927.0,276.0,354.0,-141.0,-97.0,176.0,-1477.0
-327.0,-292.0,228.0,-1107.0,327.0,354.0,-227.0,-134.0,25.0,-1382.0
-322.0,-139.0,254.0,-1242.0,328.0,363.0,-299.0,-84.0,-99.0,-1257.0
-315.0,-41.0,258.0,-1313.0,309.0,397.0,-227.0,-57.0,-220.0,-1083.0
-314.0,-91.0,282.0,-1327.0,299.0,359.0,-55.0,-96.0,-330.0,-873.0
-320.0,-352.0,269.0,-1279.0,289.0,491.0,-14.0,-51.0,-424.0,-663.0
-323.0,-711.0,250.0,-1179.0,258.0,541.0,-88.0,-123.0,-512.0,-438.0
-298.0,-877.0,225.0,-1034.0,201.0,407.0,-260.0,-84.0,-605.0,-213.0
-283.0,-771.0,205.0,-872.0,141.0,361.0,-419.0,-49.0,-675.0,-16.0
-271.0,-577.0,161.0,-693.0,103.0,396.0,-396.0,57.0,-734.0,163.0
-245.0,-545.0,99.0,-480.0,60.0,538.0,-255.0,205.0,-782.0,315.0
-230.0,-723.0,61.0,-318.0,-25.0,548.0,-201.0,273.0,-798.0,420.0
-239.0,-841.0,0.0,-147.0,-151.0,394.0,-260.0,382.0,-793.0,506.0
-253.0,-695.0,-29.0,8.0,-259.0,449.0,-246.0,242.0,-761.0,555.0
-265.0,-370.0,-81.0,70.0,-302.0,502.0,-200.0,181.0,-707.0,573.0
-253.0,43.0,-99.0,83.0,-290.0,421.0,-277.0,79.0,-605.0,581.0
-226.0,513.0,-120.0,54.0,-261.0,429.0,-368.0,-22.0,-463.0,538.0
-195.0,938.0,-112.0,37.0,-243.0,438.0,-352.0,96.0,-300.0,500.0
-149.0,1324.0,-86.0,0.0,-222.0,403.0,-266.0,46.0,-117.0,473.0
-122.0,1627.0,-98.0,-57.0,-184.0,386.0,-254.0,60.0,59.0,434.0
-83.0,1581.0,-14.0,-80.0,-138.0,403.0,-347.0,-22.0,225.0,432.0
-48.0,1112.0,-4.0,-85.0,-120.0,446.0,-405.0,-81.0,351.0,440.0
-11.0,580.0,40.0,-65.0,-156.0,473.0,-364.0,7.0,434.0,469.0
38.0,414.0,99.0,-39.0,-233.0,485.0,-296.0,60.0,464.0,509.0
78.0,621.0,116.0,-15.0,-313.0,525.0,-300.0,219.0,442.0,540.0
114.0,867.0,184.0,51.0,-342.0,582.0,-379.0,214.0,398.0,581.0
136.0,858.0,188.0,132.0,-306.0,548.0,-440.0,297.0,315.0,576.0
158.0,583.0,231.0,191.0,-245.0,502.0,-445.0,351.0,212.0,562.0
164.0,186.0,239.0,266.0,-217.0,582.0,-420.0,288.0,99.0,549.0
162.0,-218.0,248.0,346.0,-221.0,600.0,-368.0,339.0,3.0,521.0
151.0,-541.0,268.0,430.0,-212.0,518.0,-333.0,175.0,-70.0,481.0
142.0,-805.0,261.0,500.0,-167.0,484.0,-321.0,7.0,-146.0,447.0
117.0,-1062.0,321.0,550.0,-114.0,490.0,-251.0,-216.0,-201.0,411.0
95.0,-1279.0,284.0,578.0,-88.0,504.0,-155.0,-332.0,-229.0,344.0
88.0,-1391.0,341.0,597.0,-64.0,499.0,-105.0,-254.0,-241.0,298.0
75.0,-1407.0,387.0,644.0,-22.0,484.0,-143.0,-223.0,-228.0,246.0
71.0,-1375.0,341.0,667.0,9.0,447.0,-227.0,-107.0,-173.0,213.0
55.0,-1268.0,390.0,674.0,-6.0,420.0,-227.0,-110.0,-113.0,180.0
37.0,-1056.0,343.0,664.0,-57.0,446.0,-158.0,-18.0,-62.0,147.0
23.0,-812.0,348.0,608.0,-104.0,500.0,-123.0,31.0,0.0,147.0
22.0,-618.0,307.0,525.0,-139.0,492.0,-127.0,12.0,46.0,114.0
10.0,-331.0,239.0,425.0,-176.0,477.0,-151.0,31.0,72.0,111.0
9.0,170.0,214.0,332.0,-216.0,515.0,-270.0,-129.0,89.0,128.0
21.0,711.0,86.0,243.0,-230.0,471.0,-388.0,-107.0,96.0,147.0
40.0,1077.0,32.0,165.0,-215.0,427.0,-347.0,-216.0,112.0,170.0
69.0,1230.0,-71.0,115.0,-183.0,444.0,-216.0,-286.0,121.0,161.0
95.0,1301.0,-191.0,99.0,-152.0,512.0,-132.0,-192.0,114.0,149.0
148.0,1461.0,-243.0,117.0,-129.0,566.0,-172.0,-271.0,100.0,99.0
176.0,1656.0,-364.0,155.0,-93.0,471.0,-324.0,-279.0,62.0,15.0
198.0,1612.0,-428.0,219.0,-41.0,395.0,-464.0,-397.0,6.0,-69.0
207.0,1141.0,-480.0,304.0,7.0,398.0,-495.0,-399.0,-54.0,-181.0
214.0,389.0,-585.0,372.0,45.0,387.0,-442.0,-354.0,-121.0,-312.0
225.0,-391.0,-590.0,410.0,87.0,382.0,-377.0,-330.0,-188.0,-434.0
228.0,-1029.0,-715.0,418.0,139.0,440.0,-299.0,-243.0,-248.0,-537.0
230.0,-1374.0,-942.0,375.0,168.0,499.0,-166.0,-365.0,-300.0,-624.0
214.0,-1529.0,-1075.0,309.0,161.0,508.0,-129.0,-341.0,-333.0,-692.0
210.0,-1625.0,-506.0,222.0,152.0,544.0,-253.0,-328.0,-348.0,-715.0
196.0,-1556.0,47.0,131.0,162.0,598.0,-385.0,-236.0,-343.0,-699.0
183.0,-1290.0,-442.0,37.0,183.0,590.0,-441.0,-136.0,-319.0,-668.0
161.0,-1038.0,-151.0,-78.0,202.0,490.0,-436.0,-203.0,-276.0,-629.0
148.0,-933.0,432.0,-190.0,225.0,488.0,-439.0,-79.0,-207.0,-578.0
133.0,-773.0,-73.0,-289.0,253.0,569.0,-436.0,-114.0,-117.0,-536.0
111.0,-443.0,-340.0,-352.0,268.0,561.0,-462.0,-83.0,-8.0,-516.0
109.0,-52.0,240.0,-405.0,260.0,459.0,-537.0,-123.0,88.0,-484.0
94.0,434.0,435.0,-446.0,240.0,413.0,-632.0,-304.0,180.0,-442.0
89.0,1112.0,-82.0,-502.0,206.0,521.0,-656.0,-293.0,274.0,-389.0
65.0,1809.0,64.0,-560.0,150.0,600.0,-522.0,-347.0,364.0,-308.0
56.0,2211.0,434.0,-583.0,78.0,605.0,-380.0,-227.0,458.0,-224.0
48.0,2186.0,152.0,-612.0,12.0,567.0,-350.0,-147.0,538.0,-124.0
34.0,1864.0,-58.0,-626.0,-39.0,553.0,-440.0,-20.0,595.0,-6.0
29.0,1468.0,225.0,-621.0,-70.0,596.0,-542.0,99.0,629.0,106.0
6.0,1145.0,204.0,-605.0,-57.0,605.0,-534.0,35.0,647.0,228.0
0.0,961.0,-124.0,-604.0,7.0,602.0,-493.0,62.0,644.0,351.0
-34.0,788.0,-127.0,-575.0,97.0,635.0,-525.0,-90.0,627.0,469.0
-73.0,310.0,110.0,-543.0,164.0,588.0,-559.0,-175.0,606.0,561.0
-106.0,-344.0,124.0,-539.0,187.0,556.0,-512.0,-293.0,584.0,631.0
-147.0,-724.0,-208.0,-537.0,189.0,526.0,-429.0,-356.0,571.0,684.0
-185.0,-845.0,-34.0,-535.0,174.0,421.0,-406.0,-319.0,581.0,707.0
-225.0,-865.0,106.0,-500.0,114.0,387.0,-464.0,-389.0,583.0,734.0
-253.0,-610.0,-101.0,-487.0,22.0,326.0,-456.0,-264.0,585.0,735.0
-274.0,-29.0,81.0,-450.0,-39.0,327.0,-371.0,-299.0,597.0,719.0
-281.0,606.0,280.0,-404.0,-45.0,223.0,-290.0,-221.0,572.0,692.0
-268.0,1113.0,164.0,-411.0,-10.0,223.0,-261.0,-94.0,532.0,636.0
-240.0,1455.0,-36.0,-401.0,44.0,342.0,-277.0,-101.0,460.0,588.0
-225.0,1588.0,114.0,-382.0,109.0,317.0,-269.0,40.0,341.0,525.0
-213.0,1536.0,133.0,-341.0,161.0,271.0,-275.0,-3.0,203.0,435.0
-179.0,1337.0,-47.0,-290.0,172.0,146.0,-301.0,27.0,49.0,357.0
-145.0,970.0,190.0,-249.0,161.0,237.0,-342.0,-55.0,-102.0,284.0
-113.0,527.0,167.0,-196.0,159.0,159.0,-352.0,-164.0,-236.0,202.0
-87.0,153.0,-24.0,-134.0,178.0,58.0,-313.0,-199.0,-349.0,152.0
-50.0,-157.0,94.0,-44.0,219.0,85.0,-325.0,-417.0,-432.0,113.0
-4.0,-455.0,64.0,94.0,269.0,32.0,-364.0,-339.0,-481.0,57.0
19.0,-769.0,33.0,280.0,302.0,64.0,-344.0,-345.0,-515.0,0.0
43.0,-1063.0,150.0,512.0,302.0,-2.0,-272.0,-397.0,-531.0,-80.0
61.0,-1146.0,100.0,750.0,274.0,-11.0,-204.0,-343.0,-534.0,-160.0
58.0,-912.0,38.0,946.0,230.0,25.0,-194.0,-404.0,-530.0,-246.0
29.0,-550.0,120.0,1112.0,166.0,45.0,-219.0,-419.0,-491.0,-329.0
-11.0,-368.0,33.0,1222.0,86.0,16.0,-208.0,-410.0,-424.0,-332.0
-51.0,-356.0,58.0,1240.0,-1.0,131.0,-204.0,-249.0,-346.0,-277.0
-107.0,-259.0,259.0,1204.0,-108.0,163.0,-236.0,-181.0,-262.0,-188.0
-150.0,-55.0,261.0,1110.0,-225.0,97.0,-260.0,-112.0,-177.0,-55.0
-187.0,94.0,258.0,958.0,-324.0,83.0,-228.0,-48.0,-99.0,113.0
-210.0,207.0,373.0,794.0,-400.0,164.0,-155.0,-92.0,-36.0,303.0
-225.0,342.0,452.0,631.0,-443.0,250.0,-158.0,-38.0,-9.0,460.0
-243.0,389.0,374.0,470.0,-447.0,107.0,-204.0,-173.0,-12.0,596.0
-241.0,329.0,338.0,302.0,-428.0,204.0,-163.0,-232.0,-36.0,708.0
-248.0,253.0,363.0,135.0,-416.0,241.0,-31.0,-314.0,-87.0,767.0
-256.0,172.0,267.0,-17.0,-417.0,202.0,150.0,-426.0,-139.0,803.0
-259.0,96.0,185.0,-167.0,-413.0,89.0,288.0,-317.0,-191.0,810.0
-272.0,-64.0,234.0,-284.0,-394.0,133.0,318.0,-286.0,-238.0,817.0
-303.0,-389.0,253.0,-373.0,-372.0,238.0,258.0,-144.0,-259.0,811.0
-330.0,-729.0,136.0,-457.0,-355.0,49.0,182.0,-123.0,-261.0,780.0
-359.0,-944.0,130.0,-519.0,-336.0,10.0,170.0,-171.0,-248.0,774.0
-402.0,-1060.0,258.0,-569.0,-308.0,-81.0,153.0,-155.0,-236.0,763.0
-428.0,-1160.0,232.0,-632.0,-256.0,-14.0,101.0,-247.0,-227.0,730.0
-458.0,-1265.0,167.0,-704.0,-181.0,-49.0,99.0,-214.0,-238.0,695.0
-480.0,-1302.0,243.0,-768.0,-114.0,-49.0,157.0,-258.0,-266.0,660.0
-492.0,-1148.0,216.0,-826.0,-62.0,56.0,230.0,-225.0,-313.0,614.0
-506.0,-835.0,85.0,-877.0,19.0,-12.0,285.0,-186.0,-364.0,553.0
-502.0,-547.0,62.0,-941.0,134.0,37.0,318.0,-251.0,-416.0,511.0
-479.0,-341.0,57.0,-993.0,239.0,4.0,311.0,-182.0,-473.0,465.0
-437.0,-82.0,9.0,-992.0,313.0,62.0,273.0,-210.0,-510.0,406.0
-383.0,314.0,-69.0,-972.0,357.0,70.0,230.0,-166.0,-541.0,375.0
-302.0,748.0,-154.0,-952.0,366.0,8.0,208.0,-134.0,-542.0,378.0
-207.0,1044.0,-144.0,-920.0,328.0,41.0,250.0,-201.0,-518.0,413.0
-132.0,1121.0,-218.0,-860.0,262.0,4.0,295.0,-229.0,-483.0,485.0
-49.0,1167.0,-354.0,-795.0,203.0,-108.0,250.0,-245.0,-434.0,575.0
40.0,1272.0,-354.0,-724.0,157.0,-112.0,204.0,-188.0,-388.0,657.0
118.0,1235.0,-427.0,-650.0,104.0,-81.0,252.0,-192.0,-320.0,706.0
179.0,1066.0,-558.0,-599.0,39.0,-198.0,339.0,-88.0,-241.0,700.0
234.0,925.0,-475.0,-528.0,-26.0,-254.0,396.0,-31.0,-150.0,663.0
286.0,824.0,-431.0,-443.0,-64.0,-252.0,385.0,-53.0,-42.0,559.0
313.0,778.0,-572.0,-351.0,-60.0,-214.0,276.0,-3.0,77.0,392.0
331.0,863.0,-552.0,-236.0,-33.0,-273.0,158.0,-84.0,182.0,203.0
354.0,1000.0,-512.0,-114.0,-6.0,-357.0,169.0,-24.0,266.0,-23.0
370.0,1028.0,-582.0,-27.0,13.0,-329.0,272.0,-35.0,343.0,-257.0
372.0,990.0,-599.0,-3.0,39.0,-310.0,316.0,-92.0,392.0,-503.0
368.0,1033.0,-577.0,13.0,80.0,-341.0,188.0,-90.0,411.0,-707.0
351.0,1094.0,-535.0,24.0,127.0,-400.0,-8.0,-182.0,406.0,-854.0
329.0,955.0,-558.0,30.0,163.0,-354.0,-103.0,-145.0,393.0,-982.0
310.0,615.0,-567.0,58.0,168.0,-287.0,-52.0,-195.0,360.0,-1043.0
296.0,260.0,-577.0,81.0,138.0,-321.0,104.0,-184.0,336.0,-1036.0
293.0,-2.0,-594.0,88.0,92.0,-360.0,194.0,-195.0,343.0,-992.0
304.0,-145.0,-526.0,96.0,64.0,-321.0,164.0,-123.0,344.0,-905.0
316.0,-175.0,-491.0,79.0,59.0,-310.0,65.0,88.0,359.0,-760.0
315.0,-190.0,-553.0,43.0,49.0,-323.0,-31.0,36.0,380.0,-577.0
327.0,-363.0,-488.0,34.0,25.0,-272.0,-59.0,121.0,394.0,-388.0
336.0,-700.0,-335.0,57.0,12.0,-177.0,31.0,123.0,407.0,-221.0
337.0,-1047.0,-345.0,112.0,5.0,-156.0,196.0,157.0,411.0,-60.0
332.0,-1310.0,-288.0,190.0,-14.0,-177.0,227.0,240.0,423.0,63.0
332.0,-1448.0,-197.0,289.0,-49.0,-179.0,141.0,145.0,430.0,135.0
337.0,-1497.0,-123.0,407.0,-88.0,-218.0,9.0,210.0,437.0,194.0
325.0,-1568.0,7.0,546.0,-115.0,-232.0,-126.0,90.0,467.0,235.0
320.0,-1625.0,58.0,712.0,-123.0,-283.0,-137.0,25.0,485.0,235.0
310.0,-1529.0,180.0,853.0,-111.0,-247.0,-57.0,-38.0,500.0,203.0
284.0,-1295.0,305.0,954.0,-83.0,-229.0,54.0,-129.0,505.0,179.0
232.0,-1006.0,340.0,1016.0,-47.0,-223.0,197.0,-62.0,467.0,145.0
188.0,-674.0,351.0,1032.0,-12.0,-158.0,310.0,-60.0,413.0,120.0
146.0,-297.0,347.0,1017.0,16.0,-249.0,346.0,125.0,344.0,103.0
98.0,102.0,367.0,981.0,40.0,-272.0,305.0,168.0,263.0,99.0
63.0,451.0,327.0,955.0,46.0,-273.0,239.0,236.0,184.0,135.0
40.0,627.0,285.0,913.0,21.0,-258.0,172.0,327.0,100.0,157.0
41.0,518.0,235.0,830.0,-25.0,-194.0,46.0,262.0,29.0,217.0
26.0,220.0,170.0,740.0,-77.0,-210.0,-86.0,358.0,-35.0,291.0
1.0,9.0,161.0,648.0,-109.0,-212.0,-165.0,254.0,-96.0,320.0
-36.0,-15.0,89.0,528.0,-111.0,-109.0,-179.0,158.0,-151.0,333.0
-96.0,42.0,44.0,392.0,-107.0,-21.0,-128.0,120.0,-205.0,328.0
-206.0,151.0,-28.0,265.0,-125.0,-96.0,-94.0,20.0,-254.0,322.0
-300.0,344.0,-173.0,142.0,-157.0,-135.0,-73.0,42.0,-293.0,303.0
-256.0,571.0,-160.0,41.0,-176.0,-70.0,-18.0,-40.0,-303.0,288.0
-202.0,741.0,-137.0,-31.0,-158.0,-63.0,6.0,-73.0,-305.0,308.0
-278.0,793.0,-187.0,-114.0,-95.0,-143.0,-20.0,-99.0,-302.0,318.0
-407.0,734.0,-208.0,-198.0,-17.0,-85.0,-29.0,-103.0,-287.0,314.0
-430.0,672.0,-186.0,-271.0,43.0,22.0,11.0,-51.0,-270.0,311.0
-407.0,655.0,-142.0,-337.0,78.0,9.0,45.0,16.0,-280.0,301.0
-474.0,590.0,-170.0,-392.0,89.0,-41.0,40.0,145.0,-313.0,294.0
-587.0,414.0,-196.0,-448.0,93.0,-66.0,42.0,97.0,-347.0,295.0
-605.0,156.0,-151.0,-491.0,100.0,-10.0,48.0,147.0,-404.0,325.0
-537.0,-111.0,-159.0,-539.0,112.0,-79.0,65.0,129.0,-466.0,370.0
-487.0,-311.0,-188.0,-584.0,135.0,-108.0,77.0,92.0,-528.0,419.0
-468.0,-427.0,-99.0,-610.0,153.0,-53.0,90.0,144.0,-581.0,493.0
-458.0,-498.0,-99.0,-640.0,144.0,-83.0,150.0,36.0,-615.0,583.0
-449.0,-485.0,-80.0,-697.0,109.0,-82.0,164.0,25.0,-637.0,674.0
-458.0,-385.0,31.0,-772.0,67.0,-50.0,80.0,-173.0,-642.0,758.0
-430.0,-406.0,10.0,-825.0,57.0,-2.0,49.0,-330.0,-634.0,850.0
-371.0,-649.0,-12.0,-854.0,72.0,-118.0,99.0,-373.0,-607.0,928.0
-291.0,-945.0,-80.0,-868.0,78.0,-193.0,120.0,-328.0,-555.0,974.0
-193.0,-1175.0,-131.0,-848.0,72.0,-65.0,61.0,-118.0,-485.0,995.0
-133.0,-1304.0,-138.0,-818.0,74.0,-102.0,-32.0,-84.0,-408.0,1010.0
-67.0,-1237.0,-148.0,-820.0,78.0,-164.0,-61.0,92.0,-322.0,1014.0
-16.0,-930.0,-140.0,-845.0,51.0,-147.0,-42.0,96.0,-238.0,955.0
-9.0,-493.0,-136.0,-888.0,-25.0,-164.0,5.0,64.0,-151.0,864.0
-37.0,-85.0,-91.0,-924.0,-102.0,-165.0,40.0,94.0,-61.0,761.0
-72.0,233.0,-93.0,-932.0,-120.0,-219.0,25.0,-38.0,20.0,628.0
-54.0,444.0,-66.0,-904.0,-93.0,-156.0,14.0,101.0,111.0,450.0
1.0,583.0,-48.0,-833.0,-66.0,-116.0,18.0,118.0,209.0,277.0
41.0,736.0,-56.0,-736.0,-56.0,-246.0,57.0,129.0,311.0,113.0
73.0,868.0,-55.0,-622.0,-46.0,-234.0,86.0,186.0,402.0,-90.0
121.0,850.0,-71.0,-521.0,-37.0,-185.0,54.0,133.0,484.0,-288.0
158.0,668.0,-66.0,-446.0,-48.0,-198.0,-35.0,186.0,563.0,-475.0
144.0,512.0,-146.0,-428.0,-76.0,-293.0,-119.0,164.0,635.0,-662.0
101.0,550.0,-208.0,-454.0,-103.0,-454.0,-95.0,229.0,694.0,-849.0
96.0,748.0,-221.0,-470.0,-120.0,-467.0,-42.0,194.0,726.0,-1005.0
133.0,963.0,-212.0,-496.0,-145.0,-367.0,-98.0,144.0,736.0,-1103.0
178.0,1103.0,-235.0,-509.0,-189.0,-315.0,-244.0,190.0,709.0,-1170.0
183.0,1198.0,-266.0,-489.0,-226.0,-350.0,-340.0,83.0,648.0,-1219.0
189.0,1264.0,-232.0,-447.0,-229.0,-365.0,-306.0,140.0,558.0,-1229.0
241.0,1251.0,-252.0,-419.0,-208.0,-376.0,-200.0,158.0,444.0,-1199.0
303.0,1105.0,-252.0,-418.0,-187.0,-399.0,-111.0,234.0,303.0,-1164.0
302.0,796.0,-273.0,-435.0,-164.0,-350.0,-82.0,325.0,160.0,-1105.0
246.0,437.0,-238.0,-425.0,-121.0,-363.0,-116.0,299.0,33.0,-1044.0
237.0,232.0,-213.0,-380.0,-57.0,-394.0,-163.0,432.0,-90.0,-994.0
256.0,259.0,-164.0,-340.0,9.0,-366.0,-122.0,380.0,-191.0,-953.0
272.0,439.0,-27.0,-266.0,71.0,-365.0,-26.0,423.0,-282.0,-902.0
286.0,648.0,-4.0,-160.0,130.0,-394.0,0.0,360.0,-375.0,-816.0
324.0,798.0,92.0,-44.0,177.0,-467.0,-118.0,218.0,-455.0,-733.0
371.0,972.0,160.0,62.0,205.0,-503.0,-299.0,262.0,-518.0,-636.0
366.0,1230.0,174.0,152.0,219.0,-412.0,-363.0,144.0,-559.0,-520.0
351.0,1357.0,200.0,216.0,225.0,-395.0,-268.0,225.0,-575.0,-407.0
344.0,1183.0,200.0,235.0,222.0,-471.0,-107.0,197.0,-576.0,-312.0
322.0,769.0,196.0,252.0,216.0,-448.0,-63.0,229.0,-569.0,-220.0
277.0,213.0,165.0,241.0,216.0,-391.0,-165.0,367.0,-533.0,-147.0
238.0,-351.0,147.0,218.0,218.0,-382.0,-285.0,262.0,-487.0,-113.0
188.0,-765.0,52.0,228.0,200.0,-475.0,-315.0,301.0,-440.0,-101.0
147.0,-1033.0,-51.0,273.0,153.0,-461.0,-193.0,216.0,-396.0,-126.0
130.0,-1312.0,-132.0,358.0,92.0,-420.0,-60.0,164.0,-356.0,-150.0
88.0,-1626.0,-221.0,425.0,33.0,-438.0,-111.0,160.0,-311.0,-169.0
36.0,-1824.0,-353.0,470.0,-36.0,-421.0,-319.0,68.0,-266.0,-187.0
-51.0,-1765.0,-436.0,495.0,-122.0,-493.0,-450.0,42.0,-193.0,-168.0
-160.0,-1453.0,-474.0,494.0,-207.0,-500.0,-387.0,-46.0,-114.0,-145.0
-259.0,-1015.0,-580.0,470.0,-269.0,-533.0,-257.0,-99.0,-59.0,-115.0
-347.0,-518.0,-587.0,420.0,-318.0,-509.0,-194.0,-195.0,0.0,-74.0
-401.0,-12.0,-615.0,360.0,-376.0,-519.0,-225.0,-194.0,50.0,-46.0
-427.0,380.0,-681.0,295.0,-427.0,-544.0,-323.0,-230.0,94.0,-4.0
-424.0,642.0,-640.0,238.0,-430.0,-583.0,-402.0,-192.0,156.0,57.0
-435.0,872.0,-646.0,182.0,-377.0,-586.0,-370.0,11.0,209.0,118.0
-454.0,1118.0,-631.0,141.0,-307.0,-425.0,-296.0,-11.0,268.0,182.0
-473.0,1335.0,-542.0,117.0,-239.0,-652.0,-285.0,92.0,341.0,237.0
-502.0,1457.0,-447.0,86.0,-162.0,-591.0,-350.0,73.0,384.0,292.0
-521.0,1423.0,-314.0,45.0,-71.0,-388.0,-430.0,-5.0,412.0,324.0
-533.0,1185.0,-208.0,10.0,23.0,-415.0,-433.0,-3.0,404.0,338.0
-493.0,809.0,-125.0,-8.0,109.0,-356.0,-370.0,-157.0,369.0,347.0
-457.0,459.0,-53.0,-10.0,185.0,-440.0,-307.0,-55.0,328.0,320.0
-428.0,172.0,69.0,-13.0,238.0,-404.0,-281.0,-22.0,297.0,284.0
-378.0,-131.0,159.0,-34.0,244.0,-419.0,-309.0,-11.0,301.0,241.0
-345.0,-394.0,223.0,-46.0,213.0,-372.0,-350.0,11.0,317.0,194.0
-330.0,-463.0,373.0,-61.0,179.0,-403.0,-288.0,-77.0,350.0,168.0
-343.0,-370.0,470.0,-91.0,167.0,-508.0,-108.0,-27.0,394.0,167.0
-300.0,-335.0,535.0,-126.0,165.0,-414.0,1.0,-88.0,431.0,195.0
-233.0,-519.0,625.0,-166.0,167.0,-430.0,-80.0,-11.0,463.0,249.0
-208.0,-818.0,667.0,-190.0,181.0,-416.0,-225.0,-1.0,467.0,303.0
-195.0,-1014.0,673.0,-200.0,202.0,-396.0,-300.0,-22.0,464.0,335.0
-145.0,-1087.0,689.0,-231.0,215.0,-448.0,-285.0,134.0,446.0,370.0
-33.0,-1170.0,672.0,-258.0,213.0,-392.0,-250.0,99.0,416.0,378.0
39.0,-1228.0,665.0,-295.0,208.0,-284.0,-249.0,186.0,395.0,356.0
72.0,-1047.0,678.0,-370.0,210.0,-329.0,-272.0,197.0,368.0,329.0
95.0,-597.0,657.0,-445.0,211.0,-402.0,-306.0,208.0,331.0,281.0
141.0,-123.0,677.0,-519.0,200.0,-434.0,-316.0,256.0,265.0,225.0
184.0,153.0,633.0,-592.0,175.0,-374.0,-283.0,131.0,173.0,176.0
210.0,211.0,598.0,-667.0,146.0,-352.0,-215.0,153.0,71.0,112.0
266.0,169.0,582.0,-684.0,114.0,-461.0,-171.0,138.0,-48.0,35.0
300.0,102.0,460.0,-633.0,83.0,-441.0,-184.0,173.0,-158.0,-36.0
321.0,-17.0,386.0,-567.0,70.0,-417.0,-219.0,201.0,-240.0,-96.0
311.0,-165.0,262.0,-495.0,93.0,-405.0,-230.0,219.0,-302.0,-134.0
312.0,-249.0,142.0,-440.0,137.0,-392.0,-202.0,247.0,-346.0,-168.0
317.0,-214.0,71.0,-393.0,174.0,-405.0,-176.0,181.0,-382.0,-180.0
291.0,-92.0,-21.0,-364.0,199.0,-386.0,-149.0,208.0,-408.0,-204.0
247.0,27.0,-54.0,-358.0,213.0,-392.0,-102.0,70.0,-413.0,-251.0
187.0,163.0,-138.0,-341.0,215.0,-393.0,-80.0,-3.0,-393.0,-273.0
170.0,416.0,-180.0,-305.0,196.0,-375.0,-113.0,3.0,-361.0,-300.0
136.0,726.0,-218.0,-273.0,156.0,-384.0,-143.0,14.0,-309.0,-319.0
92.0,855.0,-318.0,-216.0,119.0,-463.0,-144.0,94.0,-241.0,-325.0
46.0,736.0,-340.0,-135.0,111.0,-502.0,-195.0,-44.0,-170.0,-329.0
-10.0,565.0,-388.0,-87.0,131.0,-457.0,-225.0,-18.0,-113.0,-326.0
-73.0,395.0,-493.0,-38.0,156.0,-447.0,-140.0,-24.0,-66.0,-314.0
-149.0,109.0,-580.0,24.0,173.0,-499.0,-3.0,-83.0,-25.0,-294.0
-228.0,-208.0,-605.0,91.0,184.0,-475.0,105.0,-64.0,-2.0,-278.0
-303.0,-357.0,-676.0,181.0,192.0,-423.0,104.0,-131.0,5.0,-269.0
-312.0,-314.0,-718.0,290.0,200.0,-431.0,28.0,-3.0,25.0,-271.0
-275.0,-236.0,-680.0,403.0,206.0,-390.0,-46.0,-46.0,61.0,-286.0
-253.0,-302.0,-748.0,487.0,214.0,-349.0,-90.0,-86.0,109.0,-321.0
-260.0,-478.0,-758.0,529.0,229.0,-287.0,-89.0,-118.0,175.0,-373.0
-250.0,-625.0,-731.0,539.0,245.0,-281.0,-43.0,-242.0,232.0,-423.0
-202.0,-711.0,-735.0,505.0,262.0,-340.0,-37.0,-269.0,278.0,-434.0
-137.0,-725.0,-680.0,435.0,289.0,-258.0,-77.0,-423.0,327.0,-432.0
-85.0,-671.0,-631.0,346.0,320.0,-227.0,-90.0,-351.0,370.0,-399.0
-31.0,-585.0,-566.0,210.0,335.0,-269.0,-98.0,-363.0,401.0,-307.0
54.0,-461.0,-433.0,28.0,329.0,-269.0,-55.0,-393.0,409.0,-192.0
143.0,-364.0,-296.0,-150.0,306.0,-256.0,23.0,-308.0,403.0,-44.0
188.0,-401.0,-164.0,-319.0,266.0,-205.0,80.0,-351.0,378.0,111.0
213.0,-580.0,-27.0,-454.0,205.0,-227.0,93.0,-184.0,319.0,258.0
264.0,-835.0,66.0,-559.0,123.0,-239.0,68.0,-88.0,250.0,384.0
301.0,-1112.0,193.0,-612.0,41.0,-242.0,63.0,-24.0,178.0,457.0
327.0,-1277.0,301.0,-629.0,-16.0,-294.0,127.0,3.0,94.0,503.0
340.0,-1154.0,408.0,-679.0,-43.0,-236.0,268.0,57.0,0.0,528.0
366.0,-812.0,549.0,-712.0,-38.0,-185.0,289.0,138.0,-73.0,501.0
389.0,-497.0,677.0,-715.0,2.0,-202.0,184.0,25.0,-141.0,423.0
365.0,-290.0,785.0,-702.0,68.0,-269.0,112.0,55.0,-211.0,307.0
350.0,-72.0,862.0,-705.0,127.0,-284.0,109.0,-77.0,-262.0,175.0
341.0,171.0,955.0,-694.0,147.0,-151.0,176.0,-127.0,-307.0,40.0
319.0,331.0,1010.0,-653.0,132.0,-151.0,242.0,-57.0,-328.0,-87.0
257.0,426.0,1052.0,-594.0,94.0,-247.0,270.0,-123.0,-328.0,-163.0
195.0,525.0,1071.0,-503.0,41.0,-240.0,266.0,24.0,-323.0,-192.0
155.0,552.0,1042.0,-463.0,-8.0,-155.0,255.0,-3.0,-290.0,-174.0
148.0,398.0,968.0,-434.0,-45.0,-157.0,241.0,-14.0,-221.0,-106.0
148.0,101.0,852.0,-369.0,-72.0,-235.0,249.0,12.0,-135.0,-16.0
136.0,-186.0,794.0,-304.0,-106.0,-180.0,250.0,12.0,-25.0,67.0
149.0,-377.0,686.0,-219.0,-159.0,-172.0,171.0,164.0,91.0,139.0
169.0,-527.0,593.0,-119.0,-208.0,-253.0,75.0,144.0,196.0,186.0
190.0,-611.0,548.0,-22.0,-236.0,-281.0,31.0,221.0,292.0,183.0
199.0,-525.0,439.0,65.0,-260.0,-209.0,105.0,262.0,364.0,151.0
263.0,-421.0,341.0,166.0,-289.0,-199.0,258.0,382.0,398.0,97.0
339.0,-531.0,229.0,302.0,-315.0,-369.0,380.0,478.0,401.0,26.0
408.0,-852.0,117.0,439.0,-335.0,-363.0,422.0,304.0,382.0,-67.0
470.0,-1153.0,-4.0,524.0,-356.0,-248.0,341.0,282.0,337.0,-150.0
508.0,-1193.0,-85.0,534.0,-395.0,-327.0,222.0,92.0,278.0,-197.0
554.0,-953.0,-148.0,493.0,-457.0,-477.0,197.0,40.0,188.0,-223.0
567.0,-634.0,-180.0,411.0,-532.0,-433.0,274.0,109.0,80.0,-217.0
577.0,-434.0,-187.0,294.0,-617.0,-315.0,391.0,9.0,-29.0,-153.0
550.0,-369.0,-219.0,174.0,-698.0,-400.0,469.0,68.0,-156.0,-47.0
533.0,-348.0,-199.0,46.0,-757.0,-447.0,430.0,49.0,-274.0,89.0
511.0,-286.0,-238.0,-69.0,-777.0,-300.0,323.0,7.0,-383.0,272.0
484.0,-126.0,-231.0,-162.0,-761.0,-280.0,327.0,20.0,-464.0,445.0
456.0,100.0,-233.0,-256.0,-720.0,-371.0,374.0,131.0,-513.0,627.0
441.0,292.0,-281.0,-316.0,-664.0,-304.0,319.0,123.0,-531.0,784.0
442.0,484.0,-264.0,-315.0,-595.0,-248.0,232.0,29.0,-504.0,882.0
365.0,856.0,-275.0,-266.0,-514.0,-292.0,223.0,70.0,-451.0,963.0
301.0,1479.0,-248.0,-194.0,-424.0,-377.0,316.0,-11.0,-375.0,991.0
225.0,2175.0,-267.0,-136.0,-330.0,-386.0,363.0,36.0,-291.0,995.0
184.0,2607.0,-327.0,-66.0,-247.0,-306.0,321.0,40.0,-206.0,972.0
117.0,2627.0,-302.0,5.0,-183.0,-330.0,346.0,59.0,-147.0,915.0
33.0,2430.0,-304.0,75.0,-127.0,-352.0,401.0,121.0,-101.0,859.0
-6.0,2229.0,-341.0,160.0,-74.0,-325.0,375.0,-38.0,-72.0,782.0
-56.0,1873.0,-287.0,248.0,-34.0,-262.0,304.0,-29.0,-81.0,707.0
-73.0,1210.0,-260.0,361.0,-6.0,-262.0,249.0,-31.0,-105.0,650.0
-114.0,574.0,-254.0,457.0,2.0,-314.0,269.0,49.0,-158.0,625.0
-110.0,229.0,-193.0,565.0,-1.0,-265.0,312.0,109.0,-221.0,613.0
-121.0,-76.0,-193.0,683.0,-3.0,-233.0,365.0,59.0,-285.0,576.0
-126.0,-652.0,-165.0,794.0,18.0,-192.0,453.0,105.0,-360.0,558.0
-121.0,-1449.0,-120.0,915.0,71.0,-137.0,473.0,-44.0,-434.0,507.0
-109.0,-2154.0,-99.0,1004.0,135.0,-125.0,390.0,-11.0,-504.0,416.0
-80.0,-2489.0,-38.0,1078.0,205.0,-118.0,288.0,27.0,-567.0,329.0
-86.0,-2562.0,39.0,1103.0,274.0,-79.0,262.0,16.0,-625.0,218.0
-87.0,-2729.0,101.0,1105.0,325.0,-18.0,292.0,131.0,-675.0,115.0
-121.0,-2889.0,182.0,1111.0,341.0,-56.0,322.0,94.0,-732.0,4.0
-117.0,-2598.0,300.0,1059.0,327.0,-116.0,353.0,162.0,-786.0,-102.0
-114.0,-1866.0,375.0,982.0,292.0,-135.0,381.0,175.0,-822.0,-194.0
-89.0,-1149.0,452.0,917.0,228.0,-59.0,357.0,142.0,-838.0,-299.0
-77.0,-691.0,499.0,839.0,140.0,61.0,286.0,125.0,-831.0,-399.0
-96.0,-311.0,543.0,741.0,49.0,-8.0,235.0,11.0,-815.0,-482.0
-113.0,156.0,563.0,631.0,-25.0,-101.0,231.0,14.0,-786.0,-558.0
-154.0,570.0,540.0,511.0,-86.0,-106.0,244.0,86.0,-746.0,-624.0
-177.0,788.0,539.0,379.0,-140.0,-148.0,233.0,229.0,-702.0,-647.0
-205.0,899.0,482.0,239.0,-177.0,-133.0,207.0,236.0,-631.0,-646.0
-197.0,978.0,418.0,127.0,-190.0,-35.0,153.0,245.0,-544.0,-659.0
-208.0,971.0,354.0,26.0,-197.0,-2.0,126.0,319.0,-432.0,-673.0
-245.0,894.0,312.0,-51.0,-207.0,-64.0,124.0,195.0,-294.0,-651.0
-271.0,938.0,279.0,-112.0,-194.0,-41.0,88.0,192.0,-142.0,-610.0
-279.0,1284.0,236.0,-186.0,-142.0,-11.0,51.0,151.0,8.0,-539.0
-295.0,1848.0,237.0,-254.0,-63.0,-41.0,-21.0,179.0,169.0,-404.0
-304.0,2331.0,215.0,-332.0,18.0,-53.0,-124.0,266.0,344.0,-259.0
-293.0,2472.0,174.0,-384.0,97.0,-95.0,-177.0,173.0,509.0,-127.0
-301.0,2273.0,141.0,-445.0,172.0,-66.0,-112.0,208.0,685.0,-7.0
-280.0,2042.0,106.0,-539.0,228.0,-75.0,40.0,144.0,845.0,113.0
-285.0,1982.0,74.0,-625.0,251.0,-194.0,147.0,116.0,988.0,217.0
-295.0,1826.0,64.0,-746.0,233.0,-221.0,145.0,60.0,1124.0,288.0
-304.0,1303.0,85.0,-865.0,189.0,-156.0,62.0,-97.0,1215.0,349.0
-328.0,554.0,114.0,-974.0,143.0,-128.0,-60.0,-157.0,1280.0,386.0
-349.0,-165.0,115.0,-1099.0,119.0,-216.0,-123.0,-225.0,1307.0,382.0
-378.0,-708.0,116.0,-1224.0,114.0,-218.0,-59.0,-123.0,1315.0,321.0
-403.0,-1129.0,106.0,-1344.0,122.0,-168.0,47.0,-86.0,1311.0,248.0
-409.0,-1556.0,78.0,-1408.0,145.0,-212.0,63.0,46.0,1275.0,140.0
-402.0,-1903.0,69.0,-1456.0,185.0,-227.0,0.0,140.0,1225.0,-27.0
-408.0,-2017.0,15.0,-1446.0,225.0,-279.0,21.0,57.0,1152.0,-180.0
-392.0,-1940.0,11.0,-1362.0,245.0,-317.0,89.0,53.0,1059.0,-318.0
-365.0,-1873.0,-9.0,-1251.0,228.0,-329.0,67.0,-158.0,939.0,-436.0
-333.0,-1839.0,-18.0,-1097.0,180.0,-398.0,-39.0,-197.0,808.0,-535.0
-322.0,-1735.0,-10.0,-940.0,137.0,-366.0,-121.0,-223.0,675.0,-583.0
-311.0,-1624.0,-46.0,-754.0,121.0,-333.0,-99.0,-284.0,539.0,-542.0
-275.0,-1536.0,-5.0,-584.0,125.0,-381.0,-64.0,-186.0,422.0,-457.0
-234.0,-1236.0,-49.0,-432.0,131.0,-331.0,-18.0,-181.0,322.0,-306.0
-207.0,-572.0,-34.0,-280.0,136.0,-267.0,91.0,-36.0,241.0,-106.0
-190.0,200.0,-56.0,-168.0,132.0,-286.0,129.0,-79.0,186.0,95.0
-164.0,714.0,-114.0,-62.0,114.0,-275.0,46.0,-120.0,141.0,276.0
-131.0,897.0,-131.0,24.0,86.0,-219.0,-22.0,-120.0,97.0,407.0
-85.0,968.0,-229.0,104.0,51.0,-133.0,-13.0,-214.0,69.0,534.0
-54.0,1090.0,-287.0,167.0,16.0,-121.0,32.0,-64.0,39.0,626.0
7.0,1235.0,-397.0,214.0,-13.0,-133.0,50.0,-42.0,20.0,657.0
63.0,1325.0,-467.0,290.0,-47.0,-75.0,47.0,77.0,-16.0,698.0
99.0,1321.0,-557.0,355.0,-93.0,-100.0,79.0,173.0,-71.0,736.0
133.0,1234.0,-642.0,415.0,-144.0,-135.0,102.0,138.0,-122.0,771.0
165.0,1186.0,-681.0,464.0,-170.0,-99.0,105.0,253.0,-200.0,816.0
217.0,1123.0,-714.0,494.0,-168.0,-54.0,96.0,236.0,-278.0,878.0
259.0,882.0,-703.0,519.0,-156.0,-9.0,91.0,203.0,-351.0,975.0
317.0,718.0,-688.0,494.0,-152.0,52.0,155.0,57.0,-403.0,1067.0
363.0,739.0,-659.0,448.0,-164.0,147.0,231.0,12.0,-432.0,1173.0
406.0,679.0,-617.0,398.0,-198.0,168.0,239.0,25.0,-455.0,1288.0
422.0,514.0,-522.0,324.0,-243.0,94.0,174.0,-18.0,-450.0,1379.0
418.0,440.0,-454.0,263.0,-267.0,166.0,116.0,83.0,-416.0,1436.0
420.0,400.0,-349.0,190.0,-231.0,320.0,101.0,86.0,-373.0,1459.0
404.0,204.0,-240.0,141.0,-136.0,343.0,126.0,232.0,-312.0,1478.0
370.0,-19.0,-171.0,125.0,-30.0,267.0,179.0,210.0,-243.0,1462.0
307.0,-115.0,-107.0,104.0,56.0,229.0,130.0,127.0,-195.0,1408.0
256.0,-179.0,-43.0,129.0,137.0,304.0,30.0,262.0,-145.0,1353.0
197.0,-334.0,24.0,173.0,215.0,275.0,9.0,230.0,-108.0,1246.0
132.0,-498.0,68.0,221.0,255.0,225.0,75.0,245.0,-73.0,1115.0
76.0,-599.0,128.0,270.0,240.0,333.0,186.0,120.0,-39.0,987.0
35.0,-640.0,132.0,336.0,204.0,413.0,260.0,-49.0,-5.0,868.0
-10.0,-517.0,160.0,398.0,181.0,379.0,270.0,-131.0,34.0,794.0
-73.0,-274.0,177.0,433.0,167.0,246.0,217.0,-184.0,50.0,706.0
-144.0,-136.0,173.0,480.0,146.0,199.0,167.0,-103.0,61.0,635.0
-220.0,-87.0,209.0,489.0,121.0,271.0,172.0,-60.0,65.0,595.0
-290.0,171.0,182.0,449.0,104.0,274.0,221.0,55.0,53.0,519.0
-359.0,609.0,197.0,386.0,84.0,227.0,271.0,48.0,28.0,448.0
-402.0,1020.0,243.0,287.0,41.0,248.0,279.0,46.0,-20.0,396.0
-459.0,1502.0,216.0,174.0,-10.0,258.0,294.0,96.0,-73.0,332.0
-503.0,2060.0,229.0,67.0,-23.0,224.0,335.0,101.0,-120.0,276.0
-528.0,2483.0,241.0,-55.0,14.0,250.0,368.0,253.0,-172.0,247.0
-553.0,2710.0,211.0,-162.0,60.0,296.0,387.0,260.0,-224.0,232.0
-571.0,2754.0,186.0,-209.0,70.0,291.0,363.0,358.0,-265.0,202.0
-581.0,2557.0,163.0,-242.0,68.0,245.0,324.0,347.0,-302.0,145.0
-569.0,2198.0,164.0,-266.0,97.0,219.0,352.0,216.0,-328.0,90.0
-558.0,1764.0,166.0,-242.0,153.0,170.0,420.0,291.0,-338.0,30.0
-528.0,1208.0,170.0,-189.0,188.0,69.0,442.0,218.0,-354.0,-67.0
-496.0,545.0,188.0,-118.0,165.0,41.0,408.0,218.0,-375.0,-180.0
-453.0,-71.0,205.0,-34.0,107.0,68.0,383.0,188.0,-390.0,-256.0
-402.0,-522.0,240.0,31.0,55.0,43.0,378.0,195.0,-398.0,-337.0
-337.0,-867.0,300.0,17.0,31.0,-28.0,336.0,232.0,-392.0,-424.0
-258.0,-1186.0,342.0,-46.0,33.0,-59.0,245.0,205.0,-370.0,-452.0
-193.0,-1441.0,364.0,-90.0,40.0,-4.0,185.0,380.0,-338.0,-459.0
-136.0,-1484.0,391.0,-139.0,46.0,-33.0,215.0,352.0,-303.0,-467.0
-101.0,-1348.0,383.0,-179.0,53.0,-146.0,258.0,365.0,-254.0,-485.0
-74.0,-1281.0,354.0,-199.0,39.0,-139.0,275.0,334.0,-196.0,-500.0
-62.0,-1327.0,328.0,-203.0,1.0,-131.0,271.0,171.0,-121.0,-505.0
-43.0,-1356.0,270.0,-207.0,-34.0,-147.0,275.0,110.0,-24.0,-578.0
-25.0,-1309.0,231.0,-227.0,-49.0,-218.0,269.0,-127.0,72.0,-660.0
-27.0,-1185.0,202.0,-267.0,-48.0,-289.0,194.0,-166.0,179.0,-730.0
-44.0,-1026.0,159.0,-334.0,-33.0,-270.0,201.0,-90.0,283.0,-837.0
-73.0,-840.0,123.0,-395.0,-18.0,-341.0,316.0,-22.0,384.0,-968.0
-117.0,-599.0,60.0,-483.0,-19.0,-354.0,366.0,-9.0,464.0,-1097.0
-163.0,-407.0,3.0,-550.0,-26.0,-297.0,272.0,-55.0,526.0,-1196.0
-198.0,-320.0,-61.0,-605.0,-26.0,-298.0,123.0,66.0,584.0,-1310.0
-233.0,-212.0,-139.0,-660.0,-8.0,-345.0,103.0,-11.0,603.0,-1415.0
-225.0,-32.0,-199.0,-620.0,24.0,-360.0,192.0,55.0,609.0,-1438.0
-213.0,180.0,-248.0,-515.0,67.0,-271.0,268.0,162.0,603.0,-1421.0
-211.0,420.0,-283.0,-373.0,126.0,-263.0,268.0,99.0,579.0,-1382.0
-195.0,709.0,-314.0,-236.0,195.0,-330.0,179.0,173.0,551.0,-1298.0
-168.0,948.0,-319.0,-113.0,254.0,-291.0,90.0,20.0,507.0,-1149.0
-126.0,1000.0,-302.0,25.0,279.0,-219.0,56.0,-49.0,464.0,-983.0
-83.0,901.0,-297.0,171.0,271.0,-237.0,57.0,-68.0,403.0,-825.0
-12.0,767.0,-260.0,306.0,234.0,-223.0,81.0,-182.0,322.0,-641.0
63.0,610.0,-187.0,397.0,187.0,-122.0,90.0,-136.0,238.0,-444.0
141.0,464.0,-138.0,460.0,160.0,-77.0,70.0,-51.0,156.0,-267.0
201.0,445.0,-56.0,475.0,139.0,-157.0,40.0,149.0,83.0,-91.0
241.0,520.0,23.0,424.0,64.0,-171.0,17.0,254.0,18.0,93.0
282.0,553.0,73.0,372.0,-71.0,-59.0,93.0,334.0,-29.0,275.0
296.0,464.0,155.0,343.0,-196.0,-2.0,218.0,352.0,-45.0,412.0
302.0,283.0,211.0,282.0,-265.0,20.0,251.0,293.0,-46.0,492.0
306.0,41.0,247.0,245.0,-307.0,23.0,177.0,158.0,-38.0,557.0
305.0,-181.0,292.0,238.0,-349.0,72.0,88.0,-109.0,-17.0,554.0
294.0,-219.0,293.0,214.0,-382.0,141.0,95.0,-136.0,24.0,471.0
266.0,-69.0,260.0,208.0,-397.0,145.0,149.0,-251.0,79.0,381.0
252.0,150.0,253.0,224.0,-412.0,197.0,177.0,-280.0,128.0,277.0
268.0,273.0,210.0,239.0,-433.0,281.0,172.0,-188.0,190.0,144.0
283.0,146.0,156.0,246.0,-436.0,352.0,156.0,-254.0,249.0,25.0
300.0,-209.0,126.0,271.0,-408.0,444.0,114.0,-262.0,302.0,-43.0
331.0,-614.0,87.0,294.0,-363.0,463.0,68.0,-334.0,361.0,-70.0
370.0,-889.0,71.0,321.0,-326.0,438.0,96.0,-280.0,404.0,-71.0
414.0,-1023.0,59.0,357.0,-310.0,489.0,132.0,-256.0,445.0,-30.0
465.0,-1088.0,48.0,405.0,-299.0,512.0,105.0,-206.0,477.0,66.0
527.0,-1098.0,39.0,457.0,-278.0,542.0,31.0,14.0,477.0,167.0
571.0,-1030.0,21.0,518.0,-254.0,547.0,-10.0,120.0,459.0,265.0
592.0,-914.0,4.0,579.0,-233.0,537.0,-22.0,245.0,420.0,380.0
616.0,-797.0,-10.0,630.0,-208.0,617.0,-75.0,164.0,359.0,501.0
636.0,-718.0,-26.0,645.0,-167.0,642.0,-124.0,77.0,279.0,573.0
624.0,-696.0,-22.0,603.0,-99.0,669.0,-144.0,-29.0,186.0,603.0
592.0,-616.0,-48.0,564.0,-16.0,698.0,-161.0,-291.0,67.0,650.0
560.0,-438.0,-66.0,482.0,46.0,663.0,-199.0,-279.0,-66.0,665.0
492.0,-272.0,-51.0,377.0,77.0,617.0,-212.0,-290.0,-182.0,636.0
397.0,-183.0,-94.0,273.0,110.0,609.0,-138.0,-166.0,-283.0,587.0
288.0,-220.0,-125.0,147.0,163.0,680.0,-63.0,-29.0,-358.0,546.0
178.0,-352.0,-145.0,13.0,229.0,689.0,-49.0,-12.0,-395.0,482.0
48.0,-501.0,-220.0,-131.0,309.0,600.0,-91.0,-3.0,-387.0,397.0
-93.0,-705.0,-270.0,-260.0,398.0,553.0,-96.0,-147.0,-325.0,337.0
-214.0,-954.0,-296.0,-332.0,463.0,584.0,-51.0,-112.0,-225.0,277.0
-322.0,-1137.0,-360.0,-444.0,473.0,625.0,-50.0,-142.0,-99.0,217.0
-416.0,-1162.0,-407.0,-525.0,436.0,651.0,-51.0,-57.0,37.0,149.0
-487.0,-958.0,-422.0,-511.0,405.0,663.0,-34.0,48.0,176.0,123.0
-533.0,-573.0,-479.0,-506.0,404.0,681.0,-10.0,9.0,297.0,114.0
-572.0,-104.0,-508.0,-480.0,417.0,672.0,13.0,66.0,392.0,81.0
-589.0,394.0,-539.0,-456.0,432.0,536.0,42.0,-75.0,464.0,68.0
-591.0,742.0,-611.0,-406.0,458.0,419.0,42.0,-84.0,497.0,73.0
-574.0,827.0,-617.0,-344.0,478.0,427.0,28.0,-51.0,519.0,70.0
-520.0,806.0,-659.0,-323.0,447.0,423.0,44.0,-9.0,530.0,32.0
-456.0,782.0,-684.0,-319.0,348.0,387.0,37.0,22.0,541.0,18.0
-381.0,704.0,-668.0,-328.0,232.0,404.0,24.0,-88.0,540.0,15.0
-305.0,548.0,-687.0,-401.0,153.0,459.0,32.0,12.0,513.0,-18.0
-232.0,395.0,-665.0,-483.0,112.0,411.0,43.0,27.0,480.0,-65.0
-188.0,267.0,-645.0,-535.0,77.0,344.0,-9.0,118.0,438.0,-112.0
-144.0,125.0,-592.0,-598.0,41.0,363.0,-80.0,301.0,386.0,-151.0
-91.0,43.0,-541.0,-650.0,8.0,331.0,-81.0,293.0,320.0,-213.0
-49.0,154.0,-460.0,-697.0,-25.0,267.0,-41.0,256.0,260.0,-275.0
-2.0,437.0,-352.0,-665.0,-55.0,249.0,-2.0,86.0,201.0,-305.0
20.0,696.0,-279.0,-585.0,-73.0,306.0,-28.0,-35.0,141.0,-351.0
48.0,847.0,-143.0,-477.0,-69.0,325.0,-77.0,-131.0,85.0,-442.0
71.0,971.0,-21.0,-318.0,-53.0,194.0,-109.0,-151.0,28.0,-512.0
85.0,1043.0,131.0,-138.0,-38.0,105.0,-82.0,-77.0,-19.0,-566.0
104.0,915.0,281.0,58.0,-16.0,185.0,-15.0,-116.0,-61.0,-643.0
115.0,549.0,428.0,301.0,7.0,239.0,-13.0,-49.0,-88.0,-695.0
142.0,170.0,600.0,509.0,6.0,158.0,-21.0,-86.0,-117.0,-706.0
172.0,-64.0,697.0,639.0,-39.0,97.0,-36.0,-79.0,-148.0,-688.0
216.0,-274.0,824.0,745.0,-102.0,60.0,-30.0,14.0,-162.0,-685.0
258.0,-478.0,893.0,806.0,-148.0,5.0,-1.0,60.0,-192.0,-678.0
295.0,-503.0,918.0,849.0,-181.0,-18.0,16.0,147.0,-208.0,-640.0
355.0,-327.0,969.0,875.0,-214.0,33.0,28.0,107.0,-214.0,-615.0
394.0,-57.0,954.0,896.0,-235.0,96.0,-7.0,199.0,-236.0,-588.0
412.0,202.0,924.0,899.0,-221.0,44.0,-54.0,138.0,-238.0,-540.0
410.0,371.0,896.0,881.0,-183.0,32.0,-70.0,51.0,-238.0,-475.0
376.0,495.0,834.0,845.0,-143.0,83.0,-46.0,14.0,-240.0,-435.0
338.0,574.0,756.0,799.0,-109.0,77.0,-48.0,-186.0,-253.0,-428.0
291.0,475.0,680.0,734.0,-77.0,8.0,-63.0,-188.0,-279.0,-411.0
237.0,221.0,578.0,650.0,-52.0,-10.0,-49.0,-260.0,-298.0,-409.0
190.0,-28.0,482.0,563.0,-39.0,104.0,-40.0,-225.0,-337.0,-455.0
165.0,-227.0,404.0,448.0,-25.0,77.0,-29.0,-205.0,-369.0,-530.0
146.0,-392.0,310.0,377.0,-4.0,-40.0,-59.0,-267.0,-416.0,-624.0
108.0,-521.0,219.0,337.0,21.0,-35.0,-108.0,-94.0,-479.0,-738.0
79.0,-647.0,137.0,322.0,48.0,22.0,-127.0,-53.0,-536.0,-880.0
44.0,-705.0,68.0,338.0,70.0,108.0,-113.0,99.0,-605.0,-1023.0
18.0,-640.0,-9.0,386.0,80.0,132.0,-93.0,173.0,-653.0,-1128.0
-9.0,-537.0,-95.0,442.0,65.0,126.0,-38.0,144.0,-690.0,-1215.0
-32.0,-351.0,-160.0,481.0,28.0,100.0,45.0,227.0,-720.0,-1264.0
-46.0,-58.0,-228.0,491.0,-15.0,32.0,84.0,120.0,-736.0,-1244.0
-79.0,127.0,-291.0,415.0,-50.0,41.0,119.0,120.0,-735.0,-1169.0
-97.0,106.0,-317.0,335.0,-82.0,75.0,134.0,88.0,-707.0,-1052.0
-128.0,-46.0,-350.0,217.0,-121.0,62.0,154.0,83.0,-657.0,-883.0
-139.0,-226.0,-378.0,32.0,-159.0,43.0,169.0,88.0,-586.0,-657.0
-129.0,-322.0,-377.0,-124.0,-181.0,56.0,170.0,-44.0,-480.0,-424.0
-120.0,-380.0,-391.0,-287.0,-183.0,73.0,191.0,-22.0,-349.0,-190.0
-106.0,-427.0,-407.0,-449.0,-176.0,18.0,189.0,7.0,-225.0,22.0
-100.0,-357.0,-396.0,-595.0,-175.0,-41.0,206.0,53.0,-91.0,191.0
-78.0,-212.0,-406.0,-714.0,-190.0,-12.0,218.0,59.0,31.0,296.0
-63.0,-106.0,-408.0,-778.0,-214.0,-27.0,225.0,164.0,122.0,318.0
-39.0,-60.0,-379.0,-775.0,-225.0,-100.0,241.0,284.0,211.0,293.0
-25.0,47.0,-379.0,-667.0,-215.0,-71.0,196.0,264.0,302.0,228.0
-14.0,375.0,-361.0,-529.0,-211.0,26.0,130.0,351.0,386.0,119.0
3.0,819.0,-335.0,-377.0,-234.0,80.0,87.0,328.0,458.0,3.0
8.0,1045.0,-330.0,-193.0,-259.0,29.0,95.0,306.0,509.0,-95.0
0.0,956.0,-317.0,-45.0,-269.0,8.0,132.0,184.0,549.0,-208.0
-11.0,828.0,-286.0,98.0,-265.0,25.0,132.0,25.0,568.0,-296.0
-8.0,833.0,-266.0,235.0,-242.0,-58.0,131.0,0.0,575.0,-350.0
-20.0,838.0,-231.0,347.0,-211.0,-26.0,153.0,-92.0,569.0,-411.0
-36.0,728.0,-164.0,418.0,-191.0,165.0,179.0,14.0,564.0,-471.0
-65.0,599.0,-127.0,437.0,-193.0,234.0,191.0,73.0,569.0,-532.0
-95.0,554.0,-69.0,457.0,-194.0,173.0,174.0,199.0,567.0,-542.0
-138.0,561.0,-13.0,476.0,-175.0,164.0,132.0,362.0,586.0,-567.0
-183.0,515.0,13.0,442.0,-150.0,243.0,115.0,343.0,616.0,-619.0
-216.0,264.0,61.0,380.0,-123.0,266.0,110.0,456.0,635.0,-622.0
-232.0,-143.0,96.0,317.0,-75.0,209.0,115.0,395.0,655.0,-605.0
-216.0,-497.0,116.0,214.0,-4.0,265.0,186.0,426.0,671.0,-583.0
-197.0,-834.0,164.0,124.0,61.0,419.0,255.0,434.0,689.0,-552.0
-160.0,-1341.0,204.0,69.0,97.0,479.0,263.0,299.0,679.0,-473.0
-142.0,-1903.0,265.0,21.0,105.0,455.0,211.0,197.0,655.0,-382.0
-114.0,-2302.0,349.0,-17.0,114.0,493.0,186.0,-75.0,617.0,-295.0
-74.0,-2618.0,425.0,-33.0,151.0,561.0,207.0,-157.0,544.0,-183.0
-38.0,-2937.0,511.0,-29.0,207.0,565.0,218.0,-251.0,462.0,-47.0
8.0,-3066.0,555.0,-14.0,254.0,571.0,239.0,-258.0,359.0,81.0
51.0,-2849.0,612.0,0.0,276.0,536.0,247.0,-179.0,230.0,189.0
105.0,-2410.0,657.0,55.0,269.0,515.0,236.0,-203.0,98.0,301.0
149.0,-1893.0,687.0,127.0,263.0,516.0,211.0,-25.0,-31.0,371.0
192.0,-1386.0,732.0,189.0,278.0,492.0,166.0,12.0,-153.0,405.0
231.0,-1032.0,738.0,284.0,299.0,502.0,115.0,-44.0,-258.0,375.0
284.0,-768.0,758.0,366.0,310.0,480.0,76.0,-168.0,-324.0,306.0
335.0,-425.0,771.0,452.0,291.0,454.0,85.0,-227.0,-362.0,244.0
379.0,4.0,777.0,520.0,233.0,431.0,128.0,-116.0,-381.0,160.0
448.0,457.0,794.0,589.0,149.0,444.0,151.0,-83.0,-372.0,77.0
512.0,850.0,762.0,638.0,66.0,463.0,140.0,48.0,-337.0,2.0
594.0,1187.0,734.0,610.0,7.0,479.0,85.0,75.0,-298.0,-60.0
667.0,1451.0,698.0,574.0,-25.0,513.0,-7.0,153.0,-262.0,-111.0
739.0,1538.0,625.0,512.0,-40.0,445.0,-64.0,186.0,-228.0,-140.0
812.0,1431.0,567.0,425.0,-43.0,363.0,-112.0,20.0,-198.0,-173.0
878.0,1184.0,505.0,332.0,-50.0,344.0,-143.0,-46.0,-181.0,-228.0
935.0,874.0,427.0,267.0,-83.0,428.0,-117.0,-179.0,-177.0,-255.0
961.0,570.0,361.0,218.0,-146.0,479.0,-109.0,-162.0,-175.0,-247.0
979.0,234.0,279.0,176.0,-209.0,414.0,-93.0,-216.0,-173.0,-243.0
979.0,-138.0,200.0,163.0,-235.0,403.0,-59.0,-308.0,-155.0,-216.0
968.0,-376.0,122.0,160.0,-214.0,435.0,-3.0,-160.0,-124.0,-153.0
928.0,-424.0,30.0,167.0,-175.0,411.0,43.0,-75.0,-80.0,-124.0
854.0,-434.0,-20.0,160.0,-159.0,371.0,1.0,112.0,-30.0,-158.0
751.0,-448.0,-93.0,133.0,-172.0,415.0,-68.0,160.0,30.0,-214.0
640.0,-337.0,-134.0,83.0,-192.0,420.0,-84.0,136.0,123.0,-295.0
523.0,44.0,-161.0,29.0,-204.0,359.0,-72.0,116.0,222.0,-425.0
387.0,611.0,-224.0,4.0,-220.0,345.0,-38.0,46.0,318.0,-595.0
253.0,1062.0,-212.0,-49.0,-246.0,360.0,0.0,184.0,421.0,-782.0
131.0,1272.0,-221.0,-116.0,-262.0,337.0,-21.0,127.0,529.0,-985.0
21.0,1285.0,-238.0,-138.0,-248.0,297.0,-51.0,177.0,627.0,-1224.0
-89.0,1187.0,-214.0,-176.0,-211.0,287.0,-76.0,201.0,715.0,-1457.0
-162.0,1123.0,-210.0,-197.0,-168.0,273.0,-83.0,55.0,776.0,-1648.0
-227.0,1153.0,-206.0,-190.0,-115.0,254.0,-69.0,97.0,811.0,-1821.0
-294.0,1305.0,-195.0,-204.0,-31.0,191.0,-67.0,18.0,832.0,-1956.0
-342.0,1570.0,-181.0,-220.0,72.0,171.0,-21.0,27.0,826.0,-2003.0
-390.0,1738.0,-174.0,-246.0,161.0,138.0,34.0,-33.0,816.0,-1970.0
-420.0,1609.0,-180.0,-283.0,218.0,-30.0,68.0,-25.0,797.0,-1891.0
-427.0,1220.0,-184.0,-318.0,265.0,-76.0,80.0,77.0,746.0,-1769.0
-417.0,760.0,-225.0,-337.0,313.0,-24.0,73.0,0.0,688.0,-1600.0
-376.0,342.0,-251.0,-364.0,355.0,-43.0,74.0,35.0,625.0,-1399.0
-303.0,-15.0,-297.0,-401.0,390.0,-33.0,61.0,33.0,531.0,-1193.0
-213.0,-334.0,-360.0,-389.0,420.0,25.0,27.0,134.0,404.0,-974.0
-103.0,-682.0,-375.0,-366.0,447.0,99.0,29.0,114.0,275.0,-747.0
2.0,-1054.0,-441.0,-362.0,463.0,72.0,66.0,118.0,136.0,-552.0
131.0,-1311.0,-437.0,-323.0,456.0,7.0,87.0,291.0,-9.0,-396.0
254.0,-1417.0,-502.0,-281.0,420.0,90.0,100.0,236.0,-135.0,-287.0
346.0,-1473.0,-550.0,-274.0,362.0,162.0,105.0,332.0,-234.0,-221.0
440.0,-1418.0,-518.0,-286.0,297.0,118.0,114.0,312.0,-325.0,-217.0
513.0,-1127.0,-582.0,-294.0,233.0,46.0,118.0,243.0,-412.0,-244.0
568.0,-663.0,-548.0,-308.0,172.0,35.0,123.0,293.0,-480.0,-247.0
591.0,-105.0,-541.0,-337.0,117.0,50.0,165.0,208.0,-527.0,-263.0
605.0,501.0,-525.0,-383.0,71.0,-13.0,215.0,247.0,-535.0,-273.0
609.0,1057.0,-460.0,-442.0,16.0,-63.0,255.0,166.0,-510.0,-263.0
594.0,1477.0,-399.0,-477.0,-56.0,-52.0,264.0,27.0,-466.0,-219.0
567.0,1686.0,-319.0,-480.0,-129.0,-77.0,252.0,-73.0,-402.0,-150.0
527.0,1701.0,-230.0,-423.0,-171.0,-77.0,235.0,-101.0,-331.0,-77.0
479.0,1654.0,-119.0,-314.0,-176.0,-27.0,211.0,-24.0,-267.0,48.0
391.0,1579.0,-36.0,-214.0,-175.0,-20.0,208.0,-35.0,-223.0,205.0
320.0,1450.0,89.0,-113.0,-198.0,-59.0,213.0,90.0,-181.0,363.0
239.0,1297.0,171.0,12.0,-235.0,-123.0,210.0,140.0,-153.0,527.0
146.0,1180.0,255.0,112.0,-265.0,-126.0,181.0,142.0,-144.0,735.0
53.0,1118.0,373.0,148.0,-297.0,-42.0,157.0,138.0,-128.0,934.0
-45.0,1055.0,452.0,197.0,-343.0,-37.0,182.0,110.0,-103.0,1073.0
-119.0,947.0,558.0,256.0,-382.0,-73.0,203.0,256.0,-74.0,1197.0
-207.0,781.0,676.0,290.0,-374.0,-67.0,196.0,245.0,-32.0,1295.0
-298.0,578.0,758.0,342.0,-316.0,-75.0,200.0,258.0,26.0,1343.0
-390.0,419.0,839.0,386.0,-241.0,-75.0,215.0,190.0,86.0,1307.0
-462.0,327.0,925.0,427.0,-178.0,-97.0,229.0,73.0,145.0,1234.0
-514.0,213.0,971.0,484.0,-130.0,-52.0,235.0,83.0,225.0,1135.0
-554.0,31.0,1047.0,526.0,-79.0,22.0,229.0,33.0,319.0,967.0
-556.0,-181.0,1082.0,558.0,-8.0,-27.0,193.0,160.0,397.0,738.0
-541.0,-455.0,1085.0,591.0,85.0,-47.0,104.0,123.0,475.0,514.0
-509.0,-870.0,1109.0,586.0,186.0,-1.0,43.0,179.0,536.0,318.0
-459.0,-1365.0,1067.0,583.0,270.0,9.0,26.0,288.0,573.0,108.0
-402.0,-1759.0,1042.0,597.0,313.0,16.0,10.0,260.0,585.0,-44.0
-354.0,-1939.0,1009.0,569.0,313.0,12.0,7.0,410.0,548.0,-125.0
-290.0,-1942.0,921.0,517.0,295.0,22.0,-20.0,304.0,505.0,-167.0
-212.0,-1831.0,857.0,463.0,276.0,27.0,-58.0,360.0,426.0,-174.0
-137.0,-1609.0,803.0,394.0,265.0,14.0,-70.0,423.0,313.0,-110.0
-40.0,-1313.0,736.0,297.0,257.0,123.0,-68.0,286.0,179.0,33.0
54.0,-994.0,640.0,256.0,246.0,162.0,-65.0,323.0,13.0,193.0
129.0,-699.0,553.0,246.0,232.0,82.0,-59.0,219.0,-144.0,375.0
198.0,-524.0,463.0,230.0,215.0,79.0,-43.0,144.0,-301.0,601.0
269.0,-466.0,345.0,283.0,178.0,155.0,-40.0,114.0,-455.0,828.0
307.0,-400.0,229.0,349.0,119.0,232.0,-48.0,173.0,-594.0,1016.0
323.0,-305.0,107.0,399.0,57.0,153.0,-73.0,303.0,-694.0,1188.0
346.0,-252.0,11.0,449.0,12.0,56.0,-84.0,380.0,-760.0,1332.0
360.0,-235.0,-119.0,474.0,-12.0,43.0,-118.0,500.0,-787.0,1399.0
369.0,-152.0,-234.0,500.0,-29.0,79.0,-179.0,515.0,-776.0,1418.0
380.0,48.0,-296.0,532.0,-57.0,95.0,-180.0,548.0,-742.0,1414.0
388.0,325.0,-390.0,539.0,-108.0,22.0,-157.0,480.0,-688.0,1353.0
386.0,652.0,-456.0,538.0,-176.0,44.0,-133.0,376.0,-640.0,1227.0
381.0,1005.0,-494.0,506.0,-228.0,38.0,-139.0,347.0,-595.0,1071.0
372.0,1305.0,-528.0,432.0,-258.0,48.0,-176.0,251.0,-539.0,921.0
363.0,1498.0,-558.0,385.0,-278.0,165.0,-157.0,214.0,-455.0,752.0
358.0,1543.0,-523.0,346.0,-286.0,143.0,-149.0,40.0,-364.0,555.0
361.0,1337.0,-480.0,306.0,-270.0,81.0,-177.0,-57.0,-249.0,383.0
364.0,912.0,-454.0,301.0,-241.0,69.0,-193.0,-127.0,-109.0,236.0
378.0,482.0,-367.0,293.0,-229.0,125.0,-182.0,-203.0,7.0,116.0
410.0,206.0,-293.0,285.0,-228.0,131.0,-148.0,-38.0,122.0,37.0
412.0,109.0,-229.0,310.0,-205.0,59.0,-154.0,-33.0,221.0,10.0
408.0,123.0,-135.0,345.0,-148.0,126.0,-153.0,49.0,290.0,20.0
420.0,144.0,-65.0,359.0,-83.0,227.0,-115.0,62.0,339.0,27.0
422.0,94.0,0.0,357.0,-40.0,223.0,-99.0,64.0,372.0,52.0
425.0,-39.0,40.0,362.0,-15.0,223.0,-121.0,201.0,377.0,79.0
440.0,-209.0,34.0,351.0,4.0,331.0,-154.0,112.0,352.0,96.0
461.0,-400.0,54.0,321.0,35.0,384.0,-134.0,182.0,330.0,130.0
469.0,-600.0,11.0,264.0,66.0,333.0,-104.0,199.0,294.0,158.0
442.0,-747.0,-25.0,160.0,81.0,330.0,-112.0,160.0,244.0,185.0
413.0,-808.0,-44.0,21.0,84.0,326.0,-129.0,94.0,190.0,204.0
389.0,-801.0,-113.0,-168.0,84.0,273.0,-118.0,-42.0,131.0,208.0
354.0,-763.0,-132.0,-364.0,83.0,211.0,-84.0,-38.0,60.0,221.0
308.0,-665.0,-161.0,-552.0,78.0,188.0,-81.0,-121.0,-8.0,230.0
245.0,-496.0,-194.0,-747.0,72.0,150.0,-105.0,-97.0,-67.0,228.0
189.0,-346.0,-218.0,-922.0,77.0,33.0,-111.0,-94.0,-121.0,231.0
102.0,-212.0,-221.0,-1091.0,84.0,30.0,-77.0,35.0,-146.0,246.0
0.0,-7.0,-241.0,-1223.0,82.0,87.0,-18.0,175.0,-164.0,259.0
-120.0,245.0,-234.0,-1320.0,76.0,62.0,26.0,96.0,-162.0,257.0
-245.0,414.0,-145.0,-1374.0,77.0,-39.0,46.0,194.0,-140.0,243.0
-349.0,466.0,-131.0,-1386.0,86.0,-101.0,35.0,171.0,-102.0,232.0
-479.0,473.0,-89.0,-1354.0,103.0,45.0,-14.0,230.0,-40.0,210.0
-601.0,478.0,-21.0,-1248.0,126.0,35.0,-43.0,339.0,36.0,176.0
-709.0,475.0,-17.0,-1111.0,151.0,-95.0,-29.0,240.0,125.0,155.0
-816.0,373.0,31.0,-948.0,166.0,-52.0,-9.0,188.0,210.0,146.0
-918.0,142.0,44.0,-761.0,152.0,17.0,-7.0,94.0,286.0,146.0
-986.0,-99.0,33.0,-550.0,112.0,22.0,-30.0,107.0,340.0,149.0
-1043.0,-249.0,66.0,-329.0,61.0,-18.0,-45.0,121.0,371.0,170.0
-1089.0,-334.0,52.0,-130.0,11.0,18.0,-68.0,92.0,381.0,187.0
-1085.0,-444.0,35.0,60.0,-40.0,-27.0,-106.0,22.0,372.0,193.0
-1063.0,-585.0,38.0,235.0,-99.0,-188.0,-135.0,-79.0,340.0,230.0
-1027.0,-720.0,29.0,377.0,-159.0,-212.0,-169.0,-18.0,273.0,296.0
-968.0,-822.0,-6.0,461.0,-217.0,-128.0,-165.0,-68.0,202.0,348.0
-881.0,-823.0,-72.0,527.0,-264.0,-112.0,-115.0,-38.0,114.0,380.0
-785.0,-749.0,-117.0,571.0,-293.0,-206.0,-76.0,11.0,5.0,415.0
-670.0,-702.0,-134.0,601.0,-309.0,-291.0,-31.0,49.0,-106.0,427.0
-550.0,-671.0,-157.0,629.0,-316.0,-316.0,3.0,208.0,-217.0,385.0
-434.0,-632.0,-167.0,632.0,-312.0,-324.0,21.0,212.0,-308.0,317.0
-315.0,-621.0,-113.0,623.0,-295.0,-333.0,31.0,249.0,-375.0,246.0
-210.0,-680.0,-96.0,601.0,-260.0,-317.0,22.0,188.0,-421.0,152.0
-121.0,-782.0,-53.0,563.0,-203.0,-295.0,27.0,75.0,-454.0,36.0
-41.0,-799.0,13.0,505.0,-128.0,-301.0,39.0,-96.0,-456.0,-71.0
44.0,-716.0,47.0,439.0,-48.0,-308.0,45.0,-351.0,-434.0,-163.0
118.0,-625.0,146.0,398.0,17.0,-333.0,34.0,-404.0,-386.0,-236.0
188.0,-463.0,183.0,366.0,51.0,-335.0,34.0,-489.0,-320.0,-283.0
254.0,-165.0,208.0,334.0,48.0,-364.0,33.0,-461.0,-261.0,-291.0
310.0,117.0,284.0,316.0,14.0,-370.0,8.0,-424.0,-215.0,-268.0
352.0,256.0,315.0,284.0,-25.0,-278.0,-12.0,-354.0,-193.0,-249.0
376.0,285.0,356.0,228.0,-43.0,-318.0,-61.0,-234.0,-176.0,-209.0
383.0,191.0,409.0,186.0,-23.0,-321.0,-112.0,-240.0,-166.0,-144.0
377.0,48.0,423.0,174.0,19.0,-189.0,-134.0,-59.0,-167.0,-80.0
376.0,18.0,447.0,121.0,53.0,-124.0,-138.0,-31.0,-167.0,-32.0
360.0,154.0,487.0,28.0,68.0,-110.0,-144.0,14.0,-177.0,8.0
351.0,429.0,470.0,-31.0,71.0,-129.0,-129.0,109.0,-179.0,68.0
348.0,714.0,503.0,-99.0,73.0,-88.0,-85.0,-9.0,-180.0,111.0
355.0,852.0,527.0,-162.0,89.0,-1.0,-77.0,-20.0,-181.0,174.0
337.0,831.0,465.0,-179.0,127.0,29.0,-80.0,-182.0,-173.0,260.0
299.0,674.0,441.0,-197.0,180.0,22.0,-96.0,-190.0,-162.0,329.0
284.0,397.0,414.0,-220.0,233.0,62.0,-117.0,-83.0,-147.0,385.0
246.0,134.0,321.0,-216.0,282.0,96.0,-121.0,-123.0,-130.0,428.0
225.0,-11.0,253.0,-167.0,318.0,103.0,-154.0,-94.0,-73.0,458.0
207.0,-136.0,208.0,-119.0,334.0,154.0,-167.0,-105.0,9.0,446.0
196.0,-358.0,59.0,-92.0,325.0,169.0,-180.0,7.0,92.0,416.0
183.0,-608.0,-20.0,-39.0,289.0,110.0,-238.0,16.0,171.0,394.0
157.0,-788.0,-108.0,52.0,224.0,95.0,-312.0,29.0,247.0,369.0
145.0,-865.0,-233.0,110.0,126.0,162.0,-342.0,18.0,309.0,336.0
116.0,-821.0,-283.0,162.0,0.0,168.0,-312.0,-120.0,330.0,313.0
108.0,-733.0,-388.0,231.0,-136.0,149.0,-308.0,-62.0,333.0,311.0
103.0,-636.0,-447.0,214.0,-253.0,185.0,-319.0,-160.0,297.0,330.0
102.0,-474.0,-521.0,174.0,-338.0,228.0,-340.0,-181.0,230.0,362.0
106.0,-228.0,-595.0,128.0,-392.0,264.0,-359.0,-114.0,161.0,419.0
99.0,19.0,-616.0,32.0,-424.0,227.0,-370.0,-125.0,66.0,482.0
102.0,211.0,-663.0,-59.0,-447.0,271.0,-394.0,-114.0,-24.0,516.0
97.0,387.0,-661.0,-144.0,-456.0,448.0,-419.0,-210.0,-121.0,538.0
87.0,585.0,-639.0,-219.0,-438.0,492.0,-447.0,-145.0,-217.0,554.0
58.0,826.0,-615.0,-272.0,-383.0,435.0,-443.0,-105.0,-315.0,564.0
29.0,999.0,-579.0,-291.0,-288.0,442.0,-421.0,-12.0,-409.0,523.0
-11.0,981.0,-545.0,-321.0,-174.0,457.0,-372.0,68.0,-475.0,474.0
-57.0,837.0,-515.0,-346.0,-72.0,431.0,-299.0,36.0,-535.0,444.0
-100.0,664.0,-466.0,-353.0,-6.0,422.0,-258.0,133.0,-565.0,376.0
-153.0,407.0,-436.0,-349.0,24.0,441.0,-263.0,-7.0,-576.0,307.0
-189.0,3.0,-409.0,-338.0,43.0,435.0,-299.0,-90.0,-563.0,250.0
-229.0,-385.0,-357.0,-324.0,66.0,356.0,-328.0,-181.0,-517.0,194.0
-278.0,-584.0,-356.0,-300.0,93.0,363.0,-324.0,-303.0,-448.0,147.0
-338.0,-611.0,-304.0,-268.0,115.0,443.0,-295.0,-223.0,-369.0,101.0
-403.0,-578.0,-270.0,-233.0,126.0,341.0,-257.0,-338.0,-282.0,83.0
-484.0,-515.0,-287.0,-197.0,132.0,199.0,-208.0,-295.0,-184.0,68.0
-557.0,-396.0,-228.0,-135.0,148.0,167.0,-155.0,-223.0,-107.0,23.0
-623.0,-237.0,-265.0,-77.0,164.0,169.0,-111.0,-221.0,-30.0,0.0
-682.0,-65.0,-257.0,-30.0,167.0,169.0,-94.0,-68.0,22.0,-14.0
-718.0,5.0,-210.0,-7.0,158.0,175.0,-109.0,14.0,41.0,-39.0
-761.0,-25.0,-283.0,25.0,153.0,223.0,-103.0,73.0,46.0,-71.0
-800.0,-10.0,-260.0,103.0,167.0,271.0,-81.0,-9.0,16.0,-106.0
-839.0,37.0,-267.0,175.0,207.0,279.0,-74.0,-29.0,-30.0,-138.0
-858.0,32.0,-304.0,261.0,269.0,256.0,-75.0,-64.0,-93.0,-197.0
-855.0,30.0,-260.0,336.0,322.0,268.0,-82.0,-105.0,-168.0,-269.0
-824.0,88.0,-244.0,399.0,339.0,268.0,-67.0,-1.0,-241.0,-318.0
-759.0,172.0,-241.0,470.0,317.0,169.0,-24.0,-40.0,-323.0,-337.0
-673.0,195.0,-210.0,516.0,273.0,137.0,-1.0,59.0,-409.0,-326.0
-563.0,100.0,-174.0,521.0,225.0,144.0,-15.0,103.0,-487.0,-258.0
-434.0,-83.0,-165.0,503.0,183.0,88.0,-51.0,99.0,-558.0,-134.0
-290.0,-302.0,-110.0,456.0,157.0,64.0,-79.0,157.0,-605.0,-5.0
-147.0,-558.0,-60.0,388.0,130.0,56.0,-63.0,179.0,-635.0,130.0
14.0,-900.0,-44.0,324.0,87.0,72.0,5.0,291.0,-639.0,276.0
176.0,-1239.0,21.0,266.0,32.0,107.0,69.0,136.0,-603.0,416.0
325.0,-1326.0,76.0,218.0,-14.0,119.0,123.0,79.0,-539.0,535.0
458.0,-1023.0,92.0,185.0,-53.0,123.0,175.0,-40.0,-443.0,624.0
565.0,-495.0,129.0,165.0,-106.0,104.0,201.0,-188.0,-333.0,685.0
641.0,-12.0,199.0,161.0,-175.0,90.0,232.0,-77.0,-210.0,684.0
684.0,424.0,198.0,191.0,-242.0,127.0,238.0,-195.0,-77.0,603.0
711.0,883.0,233.0,211.0,-286.0,206.0,239.0,-164.0,63.0,477.0
700.0,1324.0,303.0,200.0,-296.0,235.0,243.0,-206.0,216.0,329.0
683.0,1684.0,253.0,196.0,-269.0,214.0,213.0,-206.0,363.0,149.0
638.0,1894.0,297.0,191.0,-214.0,220.0,199.0,-107.0,501.0,-48.0
578.0,1994.0,322.0,146.0,-149.0,244.0,224.0,-218.0,622.0,-228.0
502.0,1979.0,275.0,86.0,-96.0,265.0,278.0,-190.0,730.0,-399.0
393.0,1756.0,326.0,3.0,-58.0,295.0,299.0,-338.0,809.0,-577.0
285.0,1419.0,320.0,-135.0,-28.0,315.0,252.0,-330.0,867.0,-737.0
161.0,1170.0,322.0,-270.0,-7.0,266.0,187.0,-203.0,897.0,-834.0
55.0,1010.0,340.0,-401.0,10.0,231.0,149.0,-216.0,898.0,-874.0
-40.0,755.0,350.0,-534.0,40.0,238.0,129.0,-206.0,894.0,-888.0
-139.0,366.0,344.0,-653.0,79.0,250.0,123.0,-290.0,873.0,-824.0
-225.0,33.0,323.0,-737.0,108.0,283.0,117.0,-254.0,850.0,-699.0
-291.0,-72.0,297.0,-795.0,118.0,235.0,99.0,-315.0,817.0,-572.0
-347.0,-8.0,197.0,-817.0,116.0,240.0,95.0,-240.0,753.0,-445.0
-387.0,3.0,151.0,-811.0,110.0,313.0,109.0,-169.0,682.0,-326.0
-394.0,-135.0,41.0,-788.0,100.0,285.0,135.0,-280.0,602.0,-245.0
-400.0,-321.0,-68.0,-738.0,102.0,248.0,127.0,-155.0,515.0,-245.0
-390.0,-518.0,-140.0,-689.0,125.0,227.0,93.0,-256.0,420.0,-291.0
-383.0,-767.0,-291.0,-648.0,152.0,260.0,54.0,-234.0,309.0,-370.0
-370.0,-1066.0,-363.0,-627.0,154.0,271.0,10.0,-31.0,203.0,-485.0
-339.0,-1345.0,-460.0,-616.0,123.0,261.0,-19.0,-92.0,101.0,-618.0
-301.0,-1516.0,-546.0,-622.0,64.0,317.0,-74.0,-53.0,-14.0,-745.0
-261.0,-1602.0,-572.0,-636.0,-17.0,313.0,-111.0,-131.0,-124.0,-826.0
-230.0,-1632.0,-617.0,-671.0,-104.0,244.0,-124.0,-334.0,-226.0,-905.0
-191.0,-1577.0,-628.0,-712.0,-162.0,239.0,-135.0,-434.0,-325.0,-985.0
-156.0,-1427.0,-627.0,-742.0,-164.0,352.0,-125.0,-395.0,-405.0,-1007.0
-127.0,-1224.0,-606.0,-806.0,-118.0,329.0,-129.0,-369.0,-467.0,-1015.0
-104.0,-1014.0,-594.0,-869.0,-56.0,175.0,-129.0,-338.0,-509.0,-1040.0
-97.0,-820.0,-551.0,-903.0,0.0,145.0,-107.0,-230.0,-525.0,-1037.0
-93.0,-599.0,-493.0,-915.0,37.0,206.0,-98.0,-323.0,-515.0,-999.0
-83.0,-296.0,-466.0,-906.0,64.0,223.0,-126.0,-249.0,-473.0,-961.0
-79.0,-5.0,-378.0,-871.0,85.0,178.0,-146.0,-194.0,-410.0,-931.0
-72.0,207.0,-319.0,-822.0,96.0,203.0,-129.0,-129.0,-339.0,-861.0
-57.0,431.0,-253.0,-750.0,101.0,217.0,-102.0,33.0,-257.0,-766.0
-32.0,700.0,-169.0,-650.0,109.0,194.0,-110.0,-12.0,-159.0,-674.0
-19.0,957.0,-130.0,-537.0,105.0,227.0,-149.0,38.0,-64.0,-557.0
0.0,1194.0,-41.0,-429.0,74.0,302.0,-173.0,-68.0,34.0,-422.0
37.0,1419.0,0.0,-316.0,33.0,327.0,-202.0,-84.0,125.0,-286.0
35.0,1611.0,41.0,-175.0,8.0,242.0,-224.0,-112.0,204.0,-179.0
23.0,1771.0,76.0,-24.0,-1.0,219.0,-230.0,-190.0,283.0,-73.0
4.0,1861.0,95.0,136.0,-18.0,241.0,-228.0,-68.0,344.0,40.0
-37.0,1727.0,108.0,294.0,-51.0,171.0,-181.0,-201.0,389.0,123.0
-88.0,1375.0,94.0,446.0,-86.0,129.0,-134.0,-125.0,416.0,183.0
-134.0,1057.0,138.0,604.0,-104.0,121.0,-135.0,-88.0,427.0,267.0
-183.0,939.0,94.0,733.0,-97.0,103.0,-146.0,-145.0,411.0,343.0
-229.0,924.0,86.0,867.0,-76.0,97.0,-136.0,-86.0,370.0,356.0
-274.0,867.0,111.0,1011.0,-56.0,66.0,-103.0,-212.0,318.0,343.0
-310.0,786.0,68.0,1107.0,-38.0,108.0,-91.0,-97.0,242.0,316.0
-334.0,690.0,93.0,1144.0,-24.0,107.0,-98.0,-5.0,152.0,261.0
-359.0,499.0,119.0,1133.0,-13.0,13.0,-102.0,57.0,53.0,180.0
-356.0,240.0,156.0,1077.0,1.0,-5.0,-121.0,179.0,-42.0,115.0
-360.0,51.0,221.0,990.0,23.0,19.0,-155.0,166.0,-145.0,65.0
-358.0,-47.0,290.0,876.0,58.0,23.0,-177.0,155.0,-262.0,1.0
-354.0,-135.0,380.0,720.0,107.0,-39.0,-162.0,-29.0,-385.0,-60.0
-332.0,-316.0,468.0,560.0,160.0,-30.0,-168.0,-110.0,-525.0,-101.0
-321.0,-641.0,545.0,366.0,215.0,18.0,-200.0,-162.0,-678.0,-123.0
-329.0,-1016.0,621.0,160.0,266.0,-34.0,-213.0,-230.0,-813.0,-154.0
-322.0,-1342.0,701.0,15.0,309.0,-24.0,-202.0,-201.0,-931.0,-143.0
-342.0,-1587.0,747.0,-107.0,328.0,43.0,-190.0,-308.0,-1030.0,-78.0
-349.0,-1673.0,779.0,-186.0,313.0,-1.0,-200.0,-254.0,-1094.0,11.0
-354.0,-1548.0,805.0,-249.0,274.0,-111.0,-231.0,-284.0,-1129.0,103.0
-360.0,-1340.0,777.0,-309.0,223.0,-113.0,-239.0,-321.0,-1126.0,212.0
-374.0,-1116.0,739.0,-318.0,178.0,-76.0,-194.0,-254.0,-1099.0,346.0
-389.0,-784.0,655.0,-292.0,149.0,-187.0,-158.0,-284.0,-1057.0,443.0
-413.0,-403.0,568.0,-239.0,138.0,-331.0,-159.0,-160.0,-980.0,531.0
-430.0,-64.0,468.0,-170.0,126.0,-344.0,-175.0,-192.0,-871.0,632.0
-442.0,261.0,362.0,-114.0,86.0,-321.0,-195.0,-242.0,-739.0,728.0
-459.0,584.0,276.0,-83.0,24.0,-344.0,-222.0,-247.0,-593.0,792.0
-454.0,861.0,168.0,-63.0,-38.0,-369.0,-285.0,-288.0,-439.0,846.0
-465.0,1020.0,73.0,-62.0,-89.0,-371.0,-317.0,-327.0,-302.0,907.0
-465.0,973.0,-9.0,-87.0,-132.0,-364.0,-282.0,-521.0,-174.0,915.0
-476.0,740.0,-69.0,-131.0,-163.0,-396.0,-238.0,-545.0,-53.0,875.0
-463.0,436.0,-145.0,-211.0,-182.0,-433.0,-224.0,-570.0,47.0,836.0
-449.0,224.0,-188.0,-286.0,-189.0,-407.0,-250.0,-624.0,144.0,805.0
-450.0,252.0,-205.0,-363.0,-194.0,-399.0,-242.0,-613.0,244.0,734.0
-426.0,443.0,-231.0,-458.0,-206.0,-418.0,-217.0,-548.0,345.0,682.0
-395.0,589.0,-212.0,-497.0,-226.0,-386.0,-224.0,-367.0,434.0,696.0
-364.0,674.0,-173.0,-530.0,-245.0,-352.0,-236.0,-253.0,516.0,709.0
-348.0,707.0,-142.0,-571.0,-254.0,-415.0,-261.0,-103.0,581.0,704.0
-299.0,590.0,-121.0,-554.0,-254.0,-493.0,-257.0,-60.0,638.0,718.0
-249.0,364.0,-115.0,-521.0,-251.0,-470.0,-249.0,-73.0,669.0,746.0
-191.0,108.0,-115.0,-478.0,-248.0,-423.0,-280.0,-197.0,646.0,723.0
-132.0,-185.0,-111.0,-411.0,-240.0,-436.0,-300.0,-378.0,618.0,681.0
-66.0,-449.0,-163.0,-337.0,-226.0,-450.0,-296.0,-375.0,587.0,649.0
24.0,-543.0,-171.0,-267.0,-209.0,-389.0,-271.0,-484.0,553.0,617.0
112.0,-421.0,-192.0,-211.0,-189.0,-353.0,-306.0,-380.0,515.0,553.0
195.0,-220.0,-275.0,-130.0,-168.0,-377.0,-366.0,-293.0,488.0,481.0
263.0,-81.0,-274.0,-25.0,-137.0,-420.0,-350.0,-282.0,456.0,454.0
328.0,5.0,-321.0,53.0,-95.0,-396.0,-329.0,-73.0,420.0,385.0
384.0,86.0,-396.0,107.0,-46.0,-372.0,-350.0,-90.0,377.0,285.0
436.0,157.0,-404.0,137.0,0.0,-420.0,-368.0,-18.0,293.0,199.0
473.0,183.0,-456.0,152.0,43.0,-364.0,-336.0,-64.0,192.0,116.0
517.0,79.0,-490.0,169.0,102.0,-317.0,-300.0,-123.0,75.0,3.0
561.0,-125.0,-468.0,174.0,173.0,-293.0,-336.0,-66.0,-60.0,-130.0
574.0,-255.0,-471.0,163.0,240.0,-302.0,-436.0,-236.0,-217.0,-186.0
577.0,-237.0,-442.0,156.0,286.0,-303.0,-489.0,-201.0,-381.0,-238.0
582.0,-145.0,-364.0,156.0,306.0,-237.0,-461.0,-197.0,-559.0,-332.0
573.0,-27.0,-305.0,126.0,310.0,-301.0,-457.0,-208.0,-735.0,-384.0
537.0,54.0,-230.0,65.0,291.0,-315.0,-506.0,-194.0,-887.0,-394.0
500.0,-43.0,-115.0,22.0,251.0,-219.0,-542.0,-254.0,-1033.0,-427.0
456.0,-394.0,-32.0,-17.0,198.0,-194.0,-499.0,-243.0,-1150.0,-485.0
416.0,-866.0,61.0,-78.0,136.0,-204.0,-447.0,-232.0,-1227.0,-506.0
366.0,-1194.0,171.0,-170.0,68.0,-169.0,-447.0,-55.0,-1270.0,-529.0
319.0,-1235.0,223.0,-249.0,9.0,-137.0,-456.0,-46.0,-1273.0,-584.0
277.0,-1056.0,289.0,-291.0,-25.0,-121.0,-415.0,-7.0,-1241.0,-650.0
239.0,-818.0,322.0,-321.0,-34.0,-144.0,-336.0,60.0,-1166.0,-711.0
219.0,-640.0,317.0,-314.0,-35.0,-151.0,-335.0,-25.0,-1067.0,-771.0
179.0,-498.0,336.0,-294.0,-44.0,-108.0,-390.0,96.0,-946.0,-863.0
161.0,-335.0,303.0,-286.0,-59.0,-125.0,-406.0,20.0,-788.0,-957.0
154.0,-178.0,280.0,-280.0,-77.0,-87.0,-390.0,-81.0,-619.0,-1047.0
147.0,-44.0,259.0,-264.0,-95.0,-34.0,-421.0,-160.0,-455.0,-1172.0
152.0,143.0,203.0,-231.0,-107.0,-25.0,-489.0,-306.0,-302.0,-1305.0
138.0,441.0,155.0,-171.0,-106.0,-58.0,-506.0,-319.0,-155.0,-1404.0
144.0,777.0,106.0,-104.0,-87.0,-101.0,-462.0,-450.0,-33.0,-1483.0
164.0,1046.0,49.0,-57.0,-59.0,-74.0,-385.0,-428.0,40.0,-1522.0
174.0,1267.0,0.0,-3.0,-27.0,-141.0,-353.0,-349.0,87.0,-1524.0
175.0,1478.0,-39.0,66.0,3.0,-244.0,-359.0,-271.0,100.0,-1469.0
172.0,1623.0,-88.0,154.0,36.0,-225.0,-327.0,-197.0,87.0,-1362.0
176.0,1636.0,-105.0,221.0,73.0,-162.0,-325.0,-184.0,57.0,-1259.0
163.0,1607.0,-147.0,273.0,111.0,-179.0,-373.0,-46.0,10.0,-1099.0
139.0,1572.0,-176.0,316.0,139.0,-277.0,-400.0,-46.0,-64.0,-917.0
113.0,1347.0,-176.0,330.0,141.0,-282.0,-381.0,-59.0,-147.0,-736.0
81.0,898.0,-203.0,352.0,126.0,-235.0,-293.0,-138.0,-223.0,-528.0
33.0,366.0,-222.0,354.0,108.0,-219.0,-219.0,-227.0,-314.0,-298.0
-13.0,-213.0,-234.0,328.0,101.0,-202.0,-215.0,-253.0,-392.0,-39.0
-62.0,-796.0,-266.0,251.0,102.0,-189.0,-205.0,-339.0,-462.0,195.0
-115.0,-1232.0,-306.0,147.0,98.0,-173.0,-180.0,-214.0,-518.0,431.0
-147.0,-1478.0,-303.0,47.0,92.0,-229.0,-153.0,-218.0,-545.0,682.0
-168.0,-1600.0,-349.0,-72.0,87.0,-230.0,-132.0,-181.0,-555.0,901.0
-192.0,-1631.0,-374.0,-178.0,80.0,-239.0,-156.0,-125.0,-558.0,1066.0
-215.0,-1552.0,-398.0,-271.0,62.0,-329.0,-226.0,-195.0,-565.0,1224.0
-219.0,-1291.0,-438.0,-359.0,35.0,-340.0,-277.0,-46.0,-551.0,1365.0
-215.0,-917.0,-405.0,-445.0,7.0,-308.0,-276.0,-75.0,-542.0,1448.0
-214.0,-644.0,-442.0,-502.0,-20.0,-296.0,-247.0,-16.0,-527.0,1518.0
-224.0,-477.0,-422.0,-545.0,-46.0,-406.0,-244.0,29.0,-482.0,1571.0
-236.0,-347.0,-393.0,-591.0,-76.0,-458.0,-278.0,29.0,-435.0,1597.0
-245.0,-326.0,-403.0,-633.0,-108.0,-388.0,-307.0,230.0,-369.0,1582.0
-268.0,-363.0,-361.0,-698.0,-135.0,-386.0,-332.0,219.0,-292.0,1529.0
-291.0,-337.0,-342.0,-768.0,-144.0,-466.0,-339.0,315.0,-211.0,1462.0
-309.0,-230.0,-299.0,-840.0,-125.0,-521.0,-314.0,266.0,-118.0,1350.0
-315.0,-10.0,-261.0,-870.0,-82.0,-416.0,-264.0,88.0,-38.0,1195.0
-327.0,312.0,-203.0,-869.0,-32.0,-365.0,-208.0,-51.0,48.0,1039.0
-335.0,636.0,-160.0,-903.0,10.0,-429.0,-201.0,-251.0,159.0,889.0
-334.0,849.0,-120.0,-950.0,41.0,-464.0,-234.0,-175.0,270.0,723.0
-340.0,858.0,-31.0,-1002.0,63.0,-443.0,-248.0,-166.0,407.0,577.0
-340.0,647.0,-6.0,-1028.0,77.0,-450.0,-244.0,-48.0,562.0,478.0
-341.0,367.0,20.0,-1051.0,82.0,-531.0,-239.0,38.0,706.0,390.0
-326.0,227.0,48.0,-1070.0,82.0,-503.0,-251.0,-3.0,848.0,319.0
-306.0,260.0,51.0,-1055.0,81.0,-452.0,-273.0,59.0,955.0,272.0
-288.0,344.0,68.0,-1011.0,71.0,-475.0,-296.0,-46.0,1043.0,256.0
-263.0,417.0,58.0,-903.0,51.0,-475.0,-310.0,-46.0,1111.0,265.0
-236.0,415.0,76.0,-735.0,28.0,-469.0,-286.0,-125.0,1155.0,284.0
-204.0,251.0,81.0,-536.0,11.0,-472.0,-262.0,-242.0,1199.0,355.0
-169.0,34.0,65.0,-356.0,0.0,-486.0,-235.0,-301.0,1229.0,439.0
-110.0,-83.0,73.0,-216.0,-1.0,-484.0,-204.0,-406.0,1250.0,528.0
-47.0,-181.0,69.0,-117.0,1.0,-471.0,-211.0,-349.0,1245.0,617.0
11.0,-399.0,44.0,-61.0,-4.0,-489.0,-238.0,-354.0,1214.0,719.0
74.0,-684.0,27.0,-38.0,-23.0,-511.0,-256.0,-216.0,1160.0,826.0
127.0,-903.0,13.0,-58.0,-57.0,-494.0,-233.0,-123.0,1074.0,857.0
180.0,-1017.0,-20.0,-110.0,-89.0,-502.0,-200.0,-145.0,967.0,855.0
231.0,-999.0,-44.0,-175.0,-115.0,-538.0,-202.0,-88.0,817.0,811.0
296.0,-807.0,-86.0,-234.0,-142.0,-559.0,-206.0,-197.0,655.0,726.0
352.0,-542.0,-117.0,-309.0,-173.0,-561.0,-199.0,-223.0,477.0,612.0
405.0,-287.0,-181.0,-388.0,-210.0,-507.0,-191.0,-271.0,286.0,471.0
456.0,13.0,-244.0,-450.0,-248.0,-484.0,-170.0,-330.0,86.0,353.0
479.0,345.0,-285.0,-498.0,-284.0,-425.0,-160.0,-375.0,-121.0,219.0
491.0,606.0,-376.0,-497.0,-306.0,-335.0,-118.0,-473.0,-321.0,78.0
483.0,758.0,-452.0,-487.0,-305.0,-398.0,-35.0,-519.0,-512.0,-24.0
459.0,868.0,-533.0,-476.0,-274.0,-438.0,-28.0,-661.0,-683.0,-95.0
426.0,920.0,-600.0,-422.0,-223.0,-352.0,-109.0,-652.0,-829.0,-162.0
388.0,760.0,-678.0,-335.0,-173.0,-254.0,-187.0,-611.0,-933.0,-211.0
337.0,331.0,-753.0,-240.0,-135.0,-284.0,-192.0,-528.0,-1010.0,-231.0
290.0,-241.0,-801.0,-134.0,-108.0,-360.0,-143.0,-456.0,-1052.0,-277.0
233.0,-773.0,-868.0,-49.0,-79.0,-277.0,-124.0,-437.0,-1063.0,-361.0
170.0,-1168.0,-921.0,-19.0,-46.0,-223.0,-148.0,-229.0,-1056.0,-445.0
107.0,-1438.0,-982.0,20.0,-24.0,-275.0,-169.0,-223.0,-1030.0,-517.0
17.0,-1614.0,-1013.0,103.0,-19.0,-267.0,-180.0,-203.0,-1010.0,-595.0
-65.0,-1635.0,-1037.0,217.0,-17.0,-208.0,-215.0,-280.0,-977.0,-676.0
-160.0,-1422.0,-1051.0,327.0,-9.0,-226.0,-264.0,-473.0,-945.0,-721.0
-252.0,-1076.0,-1023.0,397.0,0.0,-270.0,-286.0,-388.0,-901.0,-744.0
-340.0,-654.0,-998.0,455.0,8.0,-262.0,-235.0,-367.0,-858.0,-777.0
-431.0,-69.0,-929.0,500.0,17.0,-257.0,-162.0,-280.0,-830.0,-778.0
-511.0,487.0,-854.0,520.0,31.0,-263.0,-155.0,-247.0,-779.0,-741.0
-597.0,742.0,-788.0,525.0,45.0,-292.0,-207.0,-243.0,-738.0,-709.0
-674.0,731.0,-682.0,475.0,49.0,-233.0,-258.0,-238.0,-690.0,-657.0
-728.0,523.0,-603.0,387.0,35.0,-167.0,-253.0,-303.0,-618.0,-576.0
-737.0,181.0,-500.0,276.0,10.0,-230.0,-226.0,-203.0,-551.0,-475.0
-721.0,-141.0,-402.0,141.0,-6.0,-233.0,-229.0,-243.0,-467.0,-379.0
-697.0,-322.0,-333.0,21.0,-11.0,-148.0,-224.0,-192.0,-360.0,-303.0
-654.0,-352.0,-250.0,-98.0,-12.0,-59.0,-201.0,-210.0,-239.0,-199.0
-587.0,-270.0,-219.0,-215.0,-19.0,-43.0,-183.0,-291.0,-95.0,-127.0
-515.0,-146.0,-159.0,-314.0,-33.0,-91.0,-201.0,-164.0,69.0,-101.0
-425.0,-111.0,-126.0,-401.0,-51.0,-100.0,-230.0,-205.0,248.0,-82.0
-322.0,-161.0,-97.0,-436.0,-71.0,-135.0,-208.0,-81.0,427.0,-69.0
-238.0,-225.0,-56.0,-429.0,-85.0,-174.0,-168.0,-42.0,585.0,-61.0
-134.0,-294.0,-52.0,-428.0,-89.0,-140.0,-170.0,-20.0,722.0,-77.0
-45.0,-355.0,-16.0,-422.0,-91.0,-98.0,-221.0,120.0,830.0,-106.0
29.0,-355.0,-4.0,-406.0,-96.0,-93.0,-255.0,27.0,900.0,-144.0
112.0,-205.0,31.0,-409.0,-92.0,-137.0,-239.0,1.0,929.0,-220.0
167.0,94.0,30.0,-423.0,-65.0,-173.0,-190.0,-151.0,946.0,-326.0
205.0,383.0,44.0,-423.0,-22.0,-181.0,-145.0,-247.0,939.0,-441.0
227.0,420.0,72.0,-409.0,14.0,-200.0,-174.0,-277.0,915.0,-570.0
249.0,185.0,104.0,-431.0,25.0,-118.0,-226.0,-240.0,895.0,-714.0
272.0,0.0,108.0,-456.0,15.0,-24.0,-285.0,-72.0,838.0,-858.0
278.0,60.0,124.0,-422.0,-6.0,-54.0,-325.0,-73.0,755.0,-957.0
283.0,191.0,267.0,-377.0,-26.0,-71.0,-318.0,-3.0,657.0,-1031.0
294.0,239.0,207.0,-325.0,-33.0,-58.0,-289.0,-90.0,549.0,-1098.0
301.0,193.0,294.0,-273.0,-23.0,-29.0,-239.0,-188.0,449.0,-1099.0
285.0,32.0,505.0,-247.0,-2.0,-27.0,-217.0,-218.0,350.0,-1058.0
270.0,-129.0,500.0,-213.0,11.0,-28.0,-216.0,-297.0,272.0,-983.0
250.0,-115.0,583.0,-184.0,15.0,14.0,-207.0,-256.0,208.0,-866.0
215.0,29.0,643.0,-159.0,19.0,-2.0,-167.0,-325.0,151.0,-713.0
195.0,142.0,631.0,-148.0,31.0,-25.0,-112.0,-299.0,104.0,-544.0
179.0,184.0,550.0,-191.0,39.0,-15.0,-77.0,-251.0,70.0,-385.0
171.0,140.0,505.0,-234.0,18.0,0.0,-72.0,-280.0,40.0,-233.0
184.0,-12.0,534.0,-224.0,-21.0,-17.0,-99.0,-323.0,13.0,-104.0
191.0,-229.0,433.0,-216.0,-53.0,-65.0,-105.0,-430.0,-20.0,-11.0
183.0,-470.0,366.0,-221.0,-66.0,-33.0,-62.0,-404.0,-70.0,25.0
170.0,-681.0,371.0,-209.0,-70.0,14.0,2.0,-404.0,-117.0,37.0
148.0,-792.0,271.0,-200.0,-74.0,-33.0,48.0,-343.0,-175.0,61.0
122.0,-813.0,189.0,-158.0,-87.0,-69.0,82.0,-330.0,-234.0,68.0
74.0,-773.0,127.0,-82.0,-111.0,-29.0,119.0,-428.0,-297.0,71.0
9.0,-699.0,70.0,21.0,-139.0,-23.0,115.0,-391.0,-357.0,101.0
-50.0,-639.0,35.0,147.0,-154.0,-78.0,91.0,-502.0,-403.0,129.0
-122.0,-573.0,-53.0,269.0,-148.0,-152.0,101.0,-502.0,-438.0,149.0
-202.0,-472.0,-55.0,383.0,-141.0,-164.0,127.0,-506.0,-452.0,176.0
-281.0,-327.0,-56.0,443.0,-142.0,-114.0,155.0,-563.0,-464.0,241.0
-350.0,-66.0,-114.0,487.0,-138.0,-125.0,174.0,-434.0,-454.0,317.0
-429.0,305.0,-83.0,517.0,-108.0,-156.0,191.0,-439.0,-419.0,360.0
-506.0,645.0,-60.0,484.0,-49.0,-159.0,217.0,-319.0,-368.0,430.0
-573.0,844.0,-98.0,430.0,17.0,-167.0,252.0,-291.0,-293.0,482.0
-644.0,858.0,-73.0,335.0,73.0,-177.0,293.0,-319.0,-213.0,482.0
-700.0,741.0,-50.0,168.0,112.0,-191.0,325.0,-251.0,-130.0,474.0
-733.0,637.0,-73.0,-27.0,135.0,-247.0,363.0,-227.0,-57.0,433.0
-759.0,572.0,-98.0,-205.0,143.0,-338.0,383.0,-62.0,23.0,383.0
-782.0,487.0,-102.0,-368.0,138.0,-373.0,368.0,20.0,106.0,318.0
-780.0,347.0,-128.0,-522.0,134.0,-319.0,336.0,109.0,172.0,239.0
-780.0,206.0,-185.0,-658.0,119.0,-285.0,325.0,-36.0,237.0,183.0
-769.0,266.0,-134.0,-797.0,76.0,-322.0,372.0,-155.0,298.0,101.0
-739.0,478.0,-133.0,-899.0,23.0,-343.0,422.0,-160.0,352.0,31.0
-720.0,506.0,-170.0,-946.0,-3.0,-329.0,455.0,-273.0,398.0,12.0
-682.0,424.0,-103.0,-958.0,0.0,-290.0,508.0,-72.0,425.0,0.0
-635.0,550.0,-113.0,-921.0,14.0,-300.0,555.0,-22.0,441.0,-10.0
-562.0,728.0,-103.0,-896.0,40.0,-312.0,594.0,42.0,457.0,6.0
-469.0,638.0,-56.0,-868.0,81.0,-285.0,607.0,208.0,471.0,41.0
-359.0,308.0,-72.0,-795.0,139.0,-323.0,612.0,236.0,508.0,74.0
-239.0,37.0,-34.0,-714.0,202.0,-351.0,648.0,315.0,548.0,105.0
-131.0,11.0,-19.0,-608.0,259.0,-322.0,673.0,225.0,585.0,159.0
-15.0,141.0,-39.0,-518.0,298.0,-281.0,701.0,166.0,642.0,234.0
96.0,282.0,-46.0,-442.0,308.0,-262.0,727.0,105.0,700.0,290.0
207.0,256.0,-16.0,-345.0,292.0,-251.0,755.0,29.0,751.0,350.0
299.0,-57.0,-2.0,-242.0,255.0,-199.0,779.0,-9.0,787.0,410.0
391.0,-526.0,-35.0,-130.0,205.0,-232.0,793.0,-151.0,798.0,444.0
469.0,-926.0,-47.0,-12.0,135.0,-331.0,819.0,-158.0,783.0,464.0
546.0,-1140.0,-73.0,98.0,49.0,-328.0,823.0,-155.0,738.0,467.0
639.0,-1139.0,-111.0,197.0,-37.0,-315.0,823.0,-110.0,654.0,471.0
706.0,-1017.0,-229.0,273.0,-107.0,-325.0,821.0,-49.0,543.0,460.0
780.0,-822.0,-287.0,307.0,-143.0,-337.0,822.0,-73.0,411.0,425.0
847.0,-381.0,-304.0,302.0,-145.0,-317.0,828.0,-59.0,269.0,393.0
891.0,199.0,-435.0,260.0,-125.0,-197.0,832.0,-149.0,121.0,363.0
911.0,564.0,-502.0,194.0,-103.0,-162.0,849.0,-188.0,-38.0,318.0
928.0,721.0,-494.0,123.0,-105.0,-190.0,860.0,-271.0,-197.0,252.0
919.0,933.0,-521.0,48.0,-124.0,-112.0,863.0,-284.0,-359.0,189.0
891.0,1223.0,-523.0,-17.0,-142.0,-59.0,847.0,-247.0,-528.0,134.0
863.0,1386.0,-485.0,-58.0,-152.0,-76.0,808.0,-338.0,-687.0,79.0
806.0,1406.0,-456.0,-76.0,-151.0,-58.0,799.0,-238.0,-805.0,33.0
756.0,1373.0,-410.0,-86.0,-135.0,8.0,811.0,-312.0,-916.0,21.0
690.0,1228.0,-366.0,-55.0,-109.0,-2.0,802.0,-325.0,-1005.0,27.0
630.0,1041.0,-311.0,38.0,-84.0,-102.0,769.0,-214.0,-1061.0,28.0
556.0,1014.0,-210.0,148.0,-71.0,-41.0,737.0,-188.0,-1098.0,36.0
468.0,1002.0,-141.0,256.0,-66.0,112.0,739.0,-35.0,-1108.0,41.0
406.0,718.0,-87.0,313.0,-70.0,117.0,741.0,-101.0,-1106.0,36.0
347.0,297.0,57.0,321.0,-79.0,62.0,723.0,-114.0,-1087.0,3.0
315.0,-1.0,137.0,340.0,-86.0,111.0,663.0,-57.0,-1056.0,-12.0
303.0,-235.0,203.0,325.0,-88.0,233.0,613.0,-48.0,-1006.0,-7.0
298.0,-445.0,340.0,281.0,-79.0,223.0,627.0,-22.0,-951.0,-23.0
287.0,-463.0,427.0,207.0,-63.0,124.0,637.0,-72.0,-887.0,0.0
272.0,-378.0,492.0,101.0,-47.0,181.0,638.0,-7.0,-803.0,74.0
259.0,-457.0,579.0,8.0,-25.0,237.0,623.0,-53.0,-723.0,155.0
260.0,-699.0,658.0,-50.0,-3.0,146.0,592.0,-121.0,-622.0,256.0
265.0,-950.0,721.0,-91.0,9.0,61.0,535.0,-192.0,-510.0,406.0
258.0,-1043.0,770.0,-150.0,15.0,98.0,470.0,-306.0,-399.0,571.0
263.0,-952.0,791.0,-186.0,28.0,196.0,437.0,-304.0,-271.0,717.0
244.0,-855.0,852.0,-199.0,53.0,162.0,415.0,-282.0,-147.0,836.0
196.0,-865.0,886.0,-178.0,86.0,89.0,427.0,-81.0,-37.0,929.0
160.0,-890.0,905.0,-109.0,121.0,86.0,448.0,42.0,63.0,977.0
119.0,-867.0,909.0,-46.0,160.0,22.0,456.0,151.0,141.0,950.0
58.0,-740.0,928.0,-1.0,195.0,-6.0,457.0,282.0,201.0,891.0
14.0,-344.0,953.0,51.0,206.0,63.0,441.0,190.0,242.0,809.0
-22.0,188.0,875.0,137.0,201.0,81.0,434.0,192.0,258.0,692.0
-72.0,502.0,883.0,249.0,187.0,31.0,445.0,75.0,260.0,543.0
-113.0,555.0,867.0,364.0,154.0,-3.0,436.0,-16.0,246.0,386.0
-151.0,563.0,811.0,483.0,99.0,69.0,390.0,-79.0,215.0,237.0
-190.0,559.0,786.0,591.0,32.0,147.0,314.0,-238.0,158.0,66.0
-220.0,450.0,711.0,650.0,-23.0,145.0,225.0,-229.0,77.0,-97.0
-245.0,265.0,649.0,667.0,-59.0,144.0,174.0,-199.0,-6.0,-231.0
-276.0,20.0,550.0,681.0,-81.0,187.0,173.0,57.0,-93.0,-338.0
-286.0,-276.0,440.0,671.0,-97.0,216.0,204.0,212.0,-171.0,-411.0
-306.0,-471.0,314.0,623.0,-113.0,127.0,243.0,205.0,-234.0,-447.0
-332.0,-399.0,212.0,518.0,-121.0,88.0,280.0,205.0,-288.0,-440.0
-350.0,-137.0,99.0,380.0,-114.0,166.0,286.0,60.0,-314.0,-409.0
-384.0,134.0,-89.0,265.0,-88.0,191.0,246.0,51.0,-313.0,-374.0
-413.0,390.0,-181.0,143.0,-42.0,196.0,197.0,-84.0,-286.0,-305.0
-452.0,630.0,-286.0,48.0,16.0,290.0,176.0,-162.0,-219.0,-205.0
-496.0,830.0,-454.0,-51.0,75.0,304.0,202.0,-186.0,-120.0,-125.0
-538.0,961.0,-482.0,-175.0,120.0,228.0,230.0,-171.0,13.0,-41.0
-584.0,974.0,-545.0,-262.0,140.0,233.0,244.0,72.0,174.0,51.0
-635.0,911.0,-624.0,-318.0,143.0,285.0,239.0,177.0,343.0,134.0
-678.0,880.0,-638.0,-326.0,145.0,320.0,246.0,327.0,528.0,218.0
-699.0,853.0,-707.0,-313.0,153.0,252.0,272.0,360.0,715.0,292.0
-717.0,795.0,-722.0,-313.0,156.0,225.0,289.0,341.0,895.0,362.0
-723.0,725.0,-754.0,-302.0,144.0,304.0,314.0,299.0,1056.0,407.0
-707.0,526.0,-753.0,-272.0,106.0,267.0,315.0,179.0,1180.0,420.0
-656.0,174.0,-726.0,-257.0,58.0,189.0,323.0,208.0,1267.0,424.0
-583.0,-161.0,-706.0,-236.0,23.0,235.0,330.0,109.0,1300.0,396.0
-518.0,-393.0,-668.0,-205.0,13.0,292.0,314.0,205.0,1285.0,342.0
-452.0,-646.0,-641.0,-210.0,19.0,252.0,328.0,332.0,1225.0,274.0
-355.0,-971.0,-565.0,-241.0,22.0,157.0,365.0,336.0,1136.0,203.0
-244.0,-1153.0,-525.0,-282.0,22.0,122.0,419.0,441.0,1014.0,127.0
-142.0,-1127.0,-469.0,-311.0,27.0,120.0,435.0,378.0,889.0,42.0
-33.0,-1032.0,-443.0,-326.0,52.0,97.0,395.0,343.0,763.0,-25.0
107.0,-950.0,-377.0,-336.0,90.0,96.0,378.0,315.0,627.0,-93.0
259.0,-964.0,-361.0,-349.0,122.0,95.0,376.0,319.0,516.0,-168.0
400.0,-1017.0,-378.0,-359.0,144.0,128.0,363.0,413.0,403.0,-247.0
526.0,-885.0,-317.0,-369.0,160.0,112.0,339.0,559.0,302.0,-300.0
644.0,-649.0,-347.0,-389.0,162.0,84.0,308.0,665.0,212.0,-359.0
755.0,-517.0,-327.0,-420.0,151.0,87.0,294.0,513.0,129.0,-431.0
832.0,-381.0,-384.0,-456.0,144.0,25.0,268.0,450.0,54.0,-482.0
891.0,-185.0,-401.0,-466.0,133.0,46.0,236.0,277.0,-18.0,-550.0
936.0,-51.0,-360.0,-448.0,106.0,103.0,187.0,112.0,-85.0,-621.0
978.0,19.0,-407.0,-366.0,72.0,54.0,143.0,123.0,-163.0,-707.0
1005.0,124.0,-370.0,-241.0,45.0,-26.0,143.0,-70.0,-236.0,-778.0
1000.0,328.0,-331.0,-155.0,17.0,18.0,168.0,-64.0,-316.0,-834.0
978.0,606.0,-326.0,-72.0,-24.0,108.0,194.0,-83.0,-391.0,-918.0
942.0,793.0,-313.0,13.0,-71.0,80.0,169.0,-103.0,-467.0,-971.0
888.0,735.0,-260.0,89.0,-114.0,56.0,163.0,38.0,-531.0,-1020.0
819.0,535.0,-239.0,168.0,-153.0,130.0,164.0,62.0,-580.0,-1065.0
761.0,427.0,-250.0,236.0,-191.0,172.0,179.0,144.0,-629.0,-1093.0
698.0,479.0,-201.0,280.0,-226.0,79.0,228.0,109.0,-649.0,-1101.0
644.0,587.0,-203.0,309.0,-257.0,66.0,239.0,92.0,-664.0,-1076.0
581.0,638.0,-231.0,325.0,-279.0,129.0,258.0,60.0,-667.0,-1062.0
507.0,607.0,-214.0,328.0,-296.0,135.0,241.0,116.0,-658.0,-1016.0
443.0,605.0,-238.0,339.0,-323.0,100.0,219.0,247.0,-632.0,-952.0
357.0,737.0,-220.0,327.0,-350.0,45.0,222.0,125.0,-563.0,-889.0
277.0,944.0,-254.0,298.0,-360.0,45.0,235.0,144.0,-467.0,-810.0
202.0,1070.0,-252.0,275.0,-356.0,22.0,291.0,73.0,-348.0,-729.0
153.0,1004.0,-180.0,267.0,-346.0,-34.0,311.0,31.0,-203.0,-628.0
112.0,752.0,-246.0,299.0,-325.0,-9.0,295.0,116.0,-53.0,-546.0
77.0,438.0,-215.0,344.0,-299.0,61.0,274.0,44.0,88.0,-478.0
54.0,215.0,-202.0,390.0,-275.0,41.0,241.0,79.0,222.0,-407.0
34.0,61.0,-167.0,435.0,-242.0,-3.0,210.0,92.0,336.0,-330.0
25.0,-99.0,-141.0,468.0,-188.0,31.0,187.0,145.0,426.0,-252.0
0.0,-186.0,-156.0,456.0,-126.0,114.0,179.0,121.0,505.0,-198.0
-32.0,-227.0,-13.0,385.0,-78.0,146.0,156.0,97.0,563.0,-140.0
-66.0,-395.0,-18.0,283.0,-44.0,132.0,99.0,131.0,593.0,-80.0
-92.0,-672.0,16.0,173.0,-22.0,133.0,54.0,-1.0,584.0,-48.0
-127.0,-913.0,124.0,55.0,-7.0,68.0,36.0,72.0,548.0,-28.0
-166.0,-1104.0,162.0,-62.0,14.0,35.0,52.0,77.0,495.0,16.0
-196.0,-1312.0,179.0,-153.0,52.0,87.0,75.0,103.0,414.0,70.0
-221.0,-1487.0,223.0,-238.0,91.0,69.0,67.0,129.0,322.0,119.0
-249.0,-1502.0,310.0,-306.0,127.0,8.0,24.0,9.0,235.0,190.0
-279.0,-1274.0,302.0,-346.0,153.0,-14.0,-38.0,120.0,148.0,264.0
-293.0,-910.0,373.0,-372.0,169.0,-1.0,-72.0,151.0,56.0,330.0
-314.0,-571.0,409.0,-392.0,185.0,14.0,-85.0,319.0,-23.0,389.0
-338.0,-200.0,407.0,-404.0,201.0,-47.0,-95.0,417.0,-85.0,440.0
-360.0,162.0,462.0,-393.0,207.0,-58.0,-76.0,354.0,-134.0,477.0
-370.0,340.0,444.0,-369.0,199.0,2.0,-66.0,410.0,-154.0,497.0
-382.0,360.0,485.0,-319.0,195.0,-9.0,-107.0,349.0,-149.0,525.0
-393.0,370.0,492.0,-272.0,198.0,-33.0,-146.0,310.0,-129.0,557.0
-407.0,403.0,490.0,-214.0,195.0,-17.0,-157.0,173.0,-91.0,559.0
-418.0,346.0,528.0,-128.0,181.0,35.0,-169.0,169.0,-49.0,546.0
-436.0,156.0,514.0,-58.0,164.0,16.0,-195.0,169.0,-8.0,548.0
-473.0,30.0,533.0,20.0,148.0,-8.0,-233.0,192.0,45.0,524.0
-501.0,113.0,538.0,123.0,129.0,64.0,-260.0,463.0,94.0,483.0
-530.0,271.0,554.0,207.0,108.0,96.0,-268.0,443.0,151.0,438.0
-552.0,374.0,540.0,283.0,77.0,91.0,-266.0,463.0,221.0,396.0
-592.0,450.0,492.0,351.0,36.0,50.0,-260.0,495.0,281.0,371.0
-618.0,563.0,503.0,397.0,-8.0,43.0,-241.0,367.0,348.0,325.0
-614.0,715.0,472.0,417.0,-53.0,59.0,-206.0,349.0,423.0,302.0
-606.0,884.0,414.0,374.0,-89.0,9.0,-149.0,343.0,500.0,292.0
-591.0,1046.0,388.0,304.0,-125.0,48.0,-109.0,439.0,577.0,253.0
-566.0,1102.0,350.0,233.0,-153.0,95.0,-74.0,406.0,649.0,215.0
-500.0,1020.0,276.0,115.0,-156.0,82.0,-31.0,319.0,698.0,188.0
-439.0,914.0,232.0,-4.0,-126.0,76.0,11.0,192.0,732.0,171.0
-373.0,872.0,192.0,-122.0,-78.0,62.0,58.0,38.0,764.0,134.0
-301.0,788.0,89.0,-238.0,-36.0,123.0,82.0,53.0,771.0,101.0
-202.0,516.0,44.0,-332.0,-14.0,129.0,122.0,-40.0,763.0,81.0
-117.0,102.0,9.0,-418.0,-9.0,49.0,149.0,24.0,743.0,59.0
-79.0,-363.0,-115.0,-459.0,0.0,30.0,179.0,42.0,700.0,41.0
-21.0,-734.0,-141.0,-467.0,21.0,86.0,234.0,60.0,626.0,35.0
25.0,-919.0,-149.0,-448.0,44.0,154.0,228.0,240.0,553.0,59.0
72.0,-1042.0,-211.0,-396.0,49.0,160.0,197.0,212.0,472.0,50.0
101.0,-1168.0,-220.0,-322.0,43.0,142.0,142.0,290.0,383.0,16.0
138.0,-1204.0,-208.0,-227.0,40.0,166.0,136.0,284.0,304.0,9.0
183.0,-1076.0,-139.0,-142.0,34.0,200.0,179.0,254.0,216.0,-8.0
234.0,-858.0,-109.0,-62.0,23.0,227.0,208.0,194.0,135.0,-29.0
278.0,-662.0,-56.0,22.0,19.0,309.0,261.0,29.0,49.0,-31.0
306.0,-513.0,66.0,88.0,30.0,262.0,269.0,36.0,-44.0,-29.0
363.0,-347.0,98.0,113.0,42.0,146.0,275.0,14.0,-135.0,-46.0
395.0,-152.0,126.0,116.0,45.0,191.0,288.0,162.0,-226.0,-88.0
440.0,-12.0,212.0,125.0,41.0,256.0,287.0,282.0,-296.0,-116.0
494.0,80.0,257.0,152.0,27.0,222.0,286.0,384.0,-355.0,-166.0
550.0,231.0,249.0,190.0,0.0,141.0,280.0,504.0,-407.0,-256.0
611.0,471.0,282.0,226.0,-44.0,134.0,282.0,380.0,-428.0,-336.0
648.0,747.0,309.0,270.0,-92.0,191.0,244.0,389.0,-431.0,-422.0
692.0,1033.0,296.0,324.0,-131.0,169.0,213.0,310.0,-400.0,-532.0
717.0,1321.0,291.0,384.0,-156.0,41.0,207.0,216.0,-331.0,-668.0
727.0,1551.0,292.0,467.0,-150.0,5.0,221.0,254.0,-257.0,-780.0
720.0,1629.0,287.0,560.0,-98.0,41.0,254.0,201.0,-156.0,-888.0
702.0,1496.0,257.0,638.0,-12.0,30.0,281.0,280.0,-42.0,-1044.0
696.0,1216.0,228.0,704.0,76.0,45.0,275.0,315.0,62.0,-1203.0
695.0,986.0,174.0,768.0,137.0,82.0,249.0,362.0,173.0,-1348.0
687.0,921.0,101.0,838.0,160.0,75.0,238.0,402.0,266.0,-1487.0
676.0,899.0,42.0,926.0,151.0,26.0,224.0,384.0,341.0,-1633.0
678.0,703.0,-4.0,1038.0,127.0,27.0,202.0,375.0,385.0,-1724.0
678.0,283.0,-94.0,1148.0,94.0,27.0,179.0,214.0,403.0,-1759.0
661.0,-183.0,-146.0,1273.0,63.0,-5.0,185.0,218.0,417.0,-1809.0
621.0,-527.0,-157.0,1373.0,48.0,17.0,193.0,238.0,405.0,-1833.0
588.0,-682.0,-256.0,1438.0,38.0,145.0,186.0,397.0,374.0,-1824.0
554.0,-655.0,-303.0,1477.0,20.0,174.0,177.0,591.0,333.0,-1791.0
497.0,-602.0,-314.0,1462.0,-7.0,20.0,179.0,545.0,286.0,-1743.0
448.0,-688.0,-420.0,1440.0,-35.0,-43.0,174.0,628.0,242.0,-1660.0
389.0,-862.0,-464.0,1391.0,-47.0,17.0,132.0,600.0,198.0,-1525.0
320.0,-987.0,-459.0,1327.0,-47.0,62.0,82.0,678.0,148.0,-1372.0
238.0,-1034.0,-511.0,1236.0,-45.0,17.0,15.0,711.0,80.0,-1217.0
132.0,-1090.0,-517.0,1073.0,-43.0,-4.0,-36.0,591.0,20.0,-1033.0
33.0,-1168.0,-518.0,883.0,-35.0,37.0,-67.0,498.0,-32.0,-821.0
-61.0,-1160.0,-533.0,696.0,-20.0,37.0,-56.0,227.0,-94.0,-657.0
-145.0,-1024.0,-517.0,511.0,-9.0,6.0,-15.0,114.0,-140.0,-500.0
-217.0,-804.0,-539.0,320.0,6.0,12.0,9.0,-27.0,-163.0,-332.0
-284.0,-503.0,-512.0,131.0,38.0,-3.0,36.0,-64.0,-154.0,-174.0
-322.0,-144.0,-466.0,-49.0,79.0,-75.0,40.0,64.0,-107.0,-33.0
-364.0,145.0,-467.0,-211.0,106.0,-119.0,20.0,186.0,-35.0,95.0
-415.0,273.0,-364.0,-377.0,112.0,-173.0,-5.0,460.0,59.0,265.0
-440.0,224.0,-291.0,-519.0,100.0,-171.0,-24.0,497.0,166.0,403.0
-444.0,112.0,-223.0,-643.0,79.0,-179.0,-48.0,519.0,286.0,523.0
-446.0,86.0,-92.0,-754.0,55.0,-185.0,-86.0,493.0,394.0,636.0
-433.0,167.0,25.0,-825.0,33.0,-129.0,-76.0,400.0,487.0,716.0
-393.0,364.0,171.0,-915.0,12.0,-160.0,-36.0,382.0,577.0,764.0
-358.0,664.0,274.0,-972.0,-8.0,-204.0,15.0,201.0,643.0,756.0
-326.0,949.0,450.0,-973.0,-19.0,-164.0,69.0,184.0,677.0,734.0
-300.0,1106.0,561.0,-948.0,-21.0,-106.0,84.0,142.0,699.0,715.0
-278.0,1184.0,626.0,-882.0,-28.0,-125.0,115.0,94.0,718.0,662.0
-272.0,1266.0,782.0,-797.0,-46.0,-143.0,141.0,40.0,733.0,609.0
-288.0,1294.0,840.0,-701.0,-66.0,-100.0,158.0,-48.0,740.0,614.0
-308.0,1148.0,903.0,-589.0,-75.0,-64.0,194.0,38.0,745.0,604.0
-351.0,799.0,989.0,-480.0,-73.0,-114.0,201.0,22.0,741.0,594.0
-393.0,363.0,1032.0,-394.0,-57.0,-177.0,195.0,182.0,709.0,600.0
-439.0,20.0,1049.0,-350.0,-31.0,-171.0,182.0,338.0,673.0,618.0
-476.0,-88.0,1072.0,-320.0,-1.0,-210.0,168.0,447.0,630.0,599.0
-496.0,-97.0,1082.0,-264.0,26.0,-209.0,152.0,580.0,582.0,532.0
-519.0,-241.0,1056.0,-206.0,55.0,-175.0,115.0,424.0,543.0,510.0
-520.0,-510.0,1044.0,-155.0,86.0,-203.0,76.0,373.0,509.0,450.0
-514.0,-782.0,1025.0,-103.0,114.0,-222.0,52.0,234.0,480.0,359.0
-495.0,-913.0,992.0,-72.0,133.0,-251.0,63.0,112.0,448.0,277.0
-443.0,-839.0,953.0,-68.0,147.0,-200.0,95.0,131.0,425.0,197.0
-387.0,-692.0,939.0,-79.0,157.0,-146.0,141.0,112.0,392.0,97.0
-330.0,-535.0,895.0,-61.0,156.0,-262.0,196.0,151.0,343.0,-49.0
-244.0,-280.0,852.0,-1.0,142.0,-293.0,224.0,120.0,297.0,-180.0
-156.0,64.0,816.0,72.0,121.0,-258.0,240.0,260.0,248.0,-276.0
-68.0,375.0,751.0,163.0,103.0,-280.0,250.0,325.0,189.0,-382.0
4.0,527.0,711.0,262.0,90.0,-266.0,241.0,378.0,125.0,-460.0
81.0,441.0,647.0,360.0,70.0,-239.0,253.0,506.0,80.0,-449.0
165.0,181.0,560.0,475.0,44.0,-191.0,264.0,474.0,29.0,-403.0
217.0,-22.0,501.0,580.0,17.0,-267.0,245.0,478.0,-16.0,-326.0
279.0,-57.0,407.0,658.0,-4.0,-344.0,228.0,351.0,-64.0,-220.0
324.0,13.0,305.0,705.0,-17.0,-296.0,225.0,384.0,-135.0,-90.0
369.0,61.0,240.0,728.0,-20.0,-271.0,236.0,445.0,-217.0,37.0
398.0,-64.0,147.0,735.0,-20.0,-267.0,258.0,456.0,-334.0,125.0
427.0,-343.0,76.0,743.0,-23.0,-271.0,286.0,532.0,-456.0,218.0
488.0,-635.0,18.0,744.0,-27.0,-196.0,292.0,419.0,-580.0,303.0
537.0,-860.0,-60.0,708.0,-27.0,-155.0,293.0,424.0,-706.0,344.0
595.0,-994.0,-133.0,674.0,-20.0,-185.0,319.0,304.0,-798.0,330.0
650.0,-1043.0,-212.0,609.0,-9.0,-117.0,312.0,245.0,-864.0,323.0
714.0,-1010.0,-284.0,522.0,3.0,-5.0,317.0,365.0,-895.0,305.0
778.0,-784.0,-347.0,461.0,17.0,27.0,339.0,345.0,-898.0,254.0
833.0,-284.0,-402.0,373.0,32.0,-74.0,349.0,467.0,-878.0,232.0
885.0,286.0,-452.0,278.0,36.0,-110.0,395.0,515.0,-829.0,223.0
935.0,651.0,-481.0,185.0,14.0,-17.0,409.0,589.0,-769.0,200.0
978.0,788.0,-520.0,94.0,-19.0,40.0,398.0,654.0,-686.0,130.0
1006.0,796.0,-527.0,20.0,-43.0,60.0,407.0,630.0,-590.0,39.0
1021.0,724.0,-514.0,-42.0,-47.0,48.0,425.0,746.0,-493.0,-48.0
1035.0,619.0,-478.0,-75.0,-35.0,-22.0,449.0,729.0,-383.0,-178.0
1034.0,432.0,-399.0,-116.0,-25.0,-91.0,467.0,718.0,-271.0,-317.0
1009.0,112.0,-325.0,-145.0,-21.0,-55.0,494.0,726.0,-164.0,-400.0
983.0,-200.0,-206.0,-138.0,-20.0,-17.0,526.0,816.0,-64.0,-452.0
948.0,-331.0,-90.0,-140.0,-21.0,-58.0,551.0,966.0,20.0,-497.0
910.0,-273.0,41.0,-136.0,-29.0,-105.0,573.0,1069.0,86.0,-493.0
843.0,-152.0,168.0,-140.0,-44.0,-89.0,623.0,1197.0,138.0,-437.0
767.0,-68.0,276.0,-169.0,-52.0,-40.0,667.0,1045.0,172.0,-357.0
714.0,-38.0,401.0,-190.0,-55.0,-131.0,669.0,909.0,178.0,-284.0
659.0,-5.0,478.0,-221.0,-58.0,-164.0,650.0,726.0,172.0,-201.0
590.0,139.0,570.0,-282.0,-65.0,-79.0,617.0,541.0,147.0,-84.0
530.0,343.0,645.0,-324.0,-81.0,-162.0,583.0,609.0,123.0,18.0
499.0,363.0,682.0,-333.0,-113.0,-256.0,571.0,554.0,118.0,99.0
449.0,136.0,713.0,-330.0,-160.0,-214.0,574.0,552.0,126.0,188.0
400.0,-199.0,722.0,-332.0,-202.0,-139.0,599.0,552.0,158.0,283.0
360.0,-415.0,714.0,-307.0,-235.0,-127.0,629.0,624.0,204.0,349.0
330.0,-422.0,683.0,-249.0,-261.0,-150.0,629.0,703.0,262.0,386.0
278.0,-430.0,634.0,-191.0,-272.0,-88.0,587.0,659.0,327.0,440.0
196.0,-524.0,600.0,-101.0,-258.0,-73.0,525.0,724.0,403.0,490.0
127.0,-591.0,545.0,0.0,-231.0,-171.0,484.0,646.0,477.0,486.0
44.0,-602.0,469.0,80.0,-203.0,-204.0,437.0,637.0,550.0,483.0
-52.0,-527.0,436.0,160.0,-168.0,-143.0,400.0,602.0,621.0,497.0
-161.0,-307.0,340.0,252.0,-124.0,-95.0,388.0,522.0,675.0,481.0
-254.0,-49.0,292.0,317.0,-84.0,-146.0,361.0,558.0,715.0,449.0
-330.0,119.0,249.0,356.0,-54.0,-169.0,323.0,495.0,750.0,424.0
-419.0,307.0,179.0,410.0,-22.0,-85.0,302.0,509.0,803.0,411.0
-512.0,554.0,190.0,441.0,13.0,-60.0,315.0,382.0,835.0,392.0
-577.0,681.0,135.0,475.0,48.0,-104.0,319.0,310.0,856.0,366.0
-619.0,729.0,163.0,519.0,74.0,-185.0,270.0,367.0,882.0,364.0
-666.0,872.0,123.0,565.0,87.0,-196.0,193.0,367.0,898.0,376.0
-706.0,1017.0,118.0,614.0,99.0,-152.0,140.0,480.0,911.0,355.0
-723.0,1069.0,153.0,660.0,110.0,-172.0,94.0,441.0,911.0,325.0
-712.0,1008.0,90.0,696.0,111.0,-173.0,24.0,485.0,888.0,295.0
-691.0,766.0,164.0,701.0,95.0,-137.0,-20.0,535.0,837.0,224.0
-674.0,406.0,55.0,684.0,75.0,-103.0,-52.0,522.0,754.0,123.0
-624.0,84.0,100.0,622.0,73.0,-128.0,-92.0,570.0,652.0,20.0
-550.0,-149.0,148.0,553.0,91.0,-137.0,-114.0,498.0,548.0,-56.0
-483.0,-326.0,38.0,500.0,116.0,-151.0,-131.0,533.0,439.0,-156.0
-422.0,-437.0,164.0,451.0,127.0,-214.0,-138.0,489.0,330.0,-249.0
-359.0,-533.0,87.0,402.0,131.0,-235.0,-149.0,491.0,241.0,-292.0
-280.0,-727.0,89.0,346.0,146.0,-231.0,-194.0,498.0,171.0,-331.0
-214.0,-893.0,85.0,335.0,159.0,-193.0,-235.0,430.0,103.0,-351.0
-166.0,-786.0,7.0,351.0,155.0,-159.0,-282.0,465.0,26.0,-338.0
-114.0,-479.0,57.0,391.0,137.0,-91.0,-355.0,338.0,-40.0,-265.0
-65.0,-174.0,-53.0,460.0,118.0,-56.0,-398.0,299.0,-107.0,-163.0
-32.0,89.0,-2.0,508.0,112.0,-99.0,-409.0,223.0,-161.0,-77.0
-21.0,271.0,-61.0,550.0,137.0,-124.0,-413.0,197.0,-216.0,17.0
-21.0,464.0,-108.0,556.0,184.0,-143.0,-398.0,382.0,-275.0,112.0
-25.0,960.0,-34.0,553.0,223.0,-137.0,-367.0,498.0,-316.0,190.0
-24.0,1619.0,-176.0,592.0,246.0,-141.0,-344.0,667.0,-352.0,248.0
-44.0,1863.0,-90.0,620.0,256.0,-150.0,-358.0,598.0,-378.0,333.0
-55.0,1565.0,-127.0,609.0,252.0,-129.0,-397.0,441.0,-417.0,427.0
-45.0,1093.0,-152.0,576.0,227.0,-133.0,-431.0,301.0,-444.0,509.0
-57.0,689.0,-49.0,551.0,171.0,-164.0,-460.0,177.0,-463.0,631.0
-72.0,397.0,-115.0,495.0,90.0,-169.0,-485.0,240.0,-505.0,773.0
-82.0,203.0,-20.0,442.0,15.0,-114.0,-477.0,169.0,-551.0,901.0
-85.0,39.0,-44.0,402.0,-18.0,-60.0,-471.0,230.0,-599.0,1018.0
-84.0,-210.0,32.0,315.0,-10.0,-116.0,-472.0,301.0,-648.0,1130.0
-91.0,-554.0,60.0,256.0,11.0,-137.0,-444.0,273.0,-694.0,1209.0
-87.0,-726.0,62.0,247.0,17.0,2.0,-433.0,319.0,-729.0,1223.0
-79.0,-619.0,201.0,245.0,4.0,33.0,-448.0,262.0,-766.0,1197.0
-82.0,-510.0,97.0,242.0,-18.0,-25.0,-464.0,315.0,-783.0,1153.0
-108.0,-481.0,241.0,226.0,-43.0,31.0,-440.0,358.0,-766.0,1058.0
-129.0,-481.0,223.0,220.0,-69.0,125.0,-405.0,484.0,-738.0,920.0
-130.0,-592.0,198.0,216.0,-99.0,143.0,-386.0,585.0,-683.0,756.0
-139.0,-714.0,304.0,218.0,-119.0,95.0,-365.0,574.0,-603.0,563.0
-147.0,-672.0,216.0,213.0,-129.0,147.0,-368.0,596.0,-513.0,360.0
-134.0,-564.0,261.0,168.0,-137.0,235.0,-391.0,469.0,-423.0,145.0
-122.0,-534.0,194.0,82.0,-149.0,217.0,-430.0,497.0,-324.0,-38.0
-128.0,-471.0,217.0,-24.0,-164.0,214.0,-469.0,352.0,-225.0,-194.0
-125.0,-279.0,131.0,-103.0,-185.0,259.0,-488.0,190.0,-125.0,-336.0
-118.0,-31.0,87.0,-204.0,-209.0,290.0,-499.0,173.0,-26.0,-429.0
-102.0,252.0,41.0,-341.0,-210.0,306.0,-470.0,84.0,60.0,-483.0
-84.0,480.0,-79.0,-462.0,-175.0,329.0,-450.0,306.0,119.0,-503.0
-72.0,501.0,-36.0,-557.0,-113.0,386.0,-438.0,447.0,159.0,-518.0
-66.0,353.0,-202.0,-622.0,-44.0,369.0,-398.0,570.0,209.0,-497.0
-63.0,190.0,-129.0,-638.0,12.0,322.0,-384.0,598.0,253.0,-436.0
-53.0,104.0,-180.0,-596.0,56.0,386.0,-385.0,421.0,286.0,-383.0
-63.0,124.0,-245.0,-497.0,92.0,423.0,-402.0,354.0,322.0,-347.0
-60.0,226.0,-127.0,-368.0,114.0,341.0,-414.0,214.0,368.0,-301.0
-44.0,360.0,-242.0,-252.0,124.0,304.0,-420.0,236.0,427.0,-257.0
-12.0,537.0,-152.0,-134.0,128.0,399.0,-452.0,192.0,476.0,-239.0
-6.0,633.0,-168.0,-37.0,136.0,398.0,-479.0,182.0,524.0,-187.0
-5.0,464.0,-138.0,34.0,138.0,250.0,-487.0,315.0,568.0,-118.0
8.0,153.0,-48.0,113.0,123.0,185.0,-451.0,236.0,611.0,-27.0
-6.0,-90.0,-43.0,166.0,93.0,221.0,-403.0,345.0,647.0,77.0
-11.0,-290.0,88.0,200.0,40.0,235.0,-382.0,367.0,677.0,208.0
-23.0,-464.0,124.0,217.0,-30.0,246.0,-372.0,347.0,718.0,370.0
-18.0,-553.0,228.0,261.0,-96.0,296.0,-367.0,378.0,738.0,504.0
-14.0,-649.0,308.0,339.0,-136.0,255.0,-388.0,290.0,737.0,604.0
-19.0,-748.0,386.0,398.0,-137.0,176.0,-432.0,312.0,718.0,666.0
-21.0,-635.0,433.0,432.0,-114.0,217.0,-466.0,225.0,671.0,688.0
-17.0,-388.0,489.0,435.0,-90.0,354.0,-500.0,288.0,614.0,651.0
-2.0,-267.0,552.0,435.0,-69.0,385.0,-512.0,271.0,542.0,598.0
-6.0,-192.0,550.0,415.0,-49.0,217.0,-521.0,184.0,441.0,535.0
6.0,11.0,582.0,384.0,-22.0,178.0,-534.0,214.0,324.0,449.0
20.0,201.0,529.0,345.0,17.0,212.0,-556.0,75.0,217.0,374.0
33.0,246.0,531.0,304.0,60.0,118.0,-573.0,77.0,121.0,306.0
36.0,196.0,457.0,245.0,88.0,41.0,-520.0,-16.0,40.0,263.0
48.0,27.0,404.0,163.0,90.0,66.0,-459.0,-18.0,-30.0,184.0
80.0,-254.0,338.0,114.0,76.0,178.0,-405.0,44.0,-93.0,90.0
96.0,-512.0,243.0,65.0,61.0,128.0,-354.0,53.0,-138.0,20.0
110.0,-631.0,210.0,27.0,55.0,28.0,-331.0,221.0,-168.0,-60.0
129.0,-618.0,89.0,-3.0,57.0,62.0,-321.0,225.0,-191.0,-144.0
166.0,-565.0,99.0,-47.0,69.0,56.0,-331.0,336.0,-201.0,-208.0
184.0,-517.0,17.0,-110.0,92.0,-14.0,-346.0,388.0,-207.0,-239.0
204.0,-407.0,-18.0,-168.0,115.0,-61.0,-350.0,339.0,-214.0,-273.0
241.0,-233.0,23.0,-184.0,128.0,-46.0,-326.0,253.0,-208.0,-310.0
262.0,-78.0,-43.0,-211.0,132.0,-66.0,-275.0,14.0,-214.0,-311.0
271.0,94.0,-6.0,-263.0,124.0,-74.0,-254.0,7.0,-226.0,-299.0
257.0,199.0,-8.0,-324.0,95.0,4.0,-286.0,57.0,-256.0,-278.0
233.0,71.0,-2.0,-385.0,53.0,110.0,-309.0,238.0,-289.0,-216.0
210.0,-104.0,0.0,-461.0,19.0,92.0,-296.0,345.0,-309.0,-106.0
174.0,-97.0,6.0,-539.0,-8.0,46.0,-265.0,303.0,-341.0,25.0
130.0,36.0,19.0,-595.0,-39.0,154.0,-226.0,360.0,-349.0,162.0
88.0,156.0,-16.0,-640.0,-71.0,234.0,-222.0,194.0,-347.0,310.0
47.0,94.0,13.0,-688.0,-91.0,262.0,-245.0,251.0,-340.0,465.0
0.0,-177.0,-10.0,-720.0,-104.0,283.0,-275.0,312.0,-304.0,599.0
-71.0,-314.0,-16.0,-708.0,-113.0,332.0,-328.0,243.0,-264.0,715.0
-134.0,-112.0,-18.0,-674.0,-98.0,337.0,-370.0,264.0,-221.0,835.0
-192.0,258.0,-43.0,-647.0,-59.0,252.0,-401.0,118.0,-180.0,951.0
-241.0,575.0,-53.0,-607.0,-6.0,227.0,-419.0,129.0,-136.0,1035.0
-282.0,691.0,-86.0,-559.0,47.0,244.0,-410.0,42.0,-85.0,1113.0
-309.0,740.0,-79.0,-515.0,83.0,277.0,-410.0,36.0,-48.0,1197.0
-327.0,914.0,-92.0,-426.0,105.0,290.0,-417.0,114.0,-29.0,1230.0
-361.0,1162.0,-96.0,-315.0,126.0,277.0,-417.0,40.0,4.0,1212.0
-375.0,1395.0,-86.0,-207.0,156.0,253.0,-394.0,1.0,21.0,1177.0
-398.0,1509.0,-68.0,-114.0,187.0,171.0,-358.0,-140.0,-4.0,1133.0
-398.0,1375.0,-66.0,-35.0,206.0,187.0,-314.0,-83.0,-37.0,1052.0
-400.0,985.0,-51.0,60.0,204.0,303.0,-274.0,-182.0,-93.0,949.0
-396.0,539.0,-27.0,135.0,175.0,331.0,-246.0,-290.0,-166.0,874.0
-375.0,336.0,-41.0,176.0,129.0,305.0,-232.0,-243.0,-232.0,797.0
-348.0,418.0,19.0,173.0,89.0,319.0,-257.0,-362.0,-298.0,700.0
-298.0,462.0,43.0,166.0,65.0,387.0,-264.0,-290.0,-357.0,607.0
-263.0,303.0,70.0,158.0,43.0,411.0,-268.0,-304.0,-383.0,542.0
-189.0,84.0,162.0,162.0,22.0,349.0,-272.0,-266.0,-403.0,466.0
-119.0,-40.0,203.0,204.0,12.0,323.0,-276.0,-194.0,-439.0,386.0
-51.0,107.0,300.0,261.0,8.0,334.0,-314.0,-234.0,-448.0,345.0
16.0,493.0,384.0,340.0,-5.0,287.0,-347.0,-229.0,-438.0,305.0
67.0,746.0,451.0,379.0,-30.0,258.0,-373.0,-341.0,-431.0,243.0
119.0,614.0,551.0,401.0,-60.0,250.0,-359.0,-352.0,-400.0,156.0
141.0,198.0,601.0,431.0,-90.0,213.0,-341.0,-447.0,-350.0,73.0
158.0,-283.0,683.0,438.0,-113.0,185.0,-319.0,-491.0,-292.0,-47.0
136.0,-719.0,754.0,453.0,-127.0,208.0,-294.0,-452.0,-207.0,-214.0
111.0,-985.0,777.0,480.0,-130.0,298.0,-296.0,-565.0,-108.0,-376.0
79.0,-950.0,815.0,529.0,-118.0,311.0,-289.0,-594.0,-4.0,-538.0
23.0,-791.0,826.0,535.0,-114.0,278.0,-281.0,-663.0,80.0,-706.0
-28.0,-866.0,809.0,487.0,-138.0,301.0,-268.0,-661.0,158.0,-866.0
-77.0,-1211.0,793.0,441.0,-178.0,375.0,-249.0,-696.0,247.0,-975.0
-126.0,-1595.0,749.0,386.0,-202.0,395.0,-237.0,-661.0,312.0,-1063.0
-192.0,-1809.0,717.0,332.0,-204.0,346.0,-249.0,-576.0,372.0,-1140.0
-251.0,-1733.0,661.0,262.0,-197.0,380.0,-256.0,-646.0,425.0,-1178.0
-317.0,-1525.0,571.0,186.0,-190.0,470.0,-264.0,-537.0,454.0,-1171.0
-370.0,-1390.0,465.0,145.0,-190.0,492.0,-260.0,-598.0,484.0,-1126.0
-413.0,-1176.0,347.0,148.0,-202.0,465.0,-220.0,-630.0,500.0,-1064.0
-450.0,-615.0,263.0,184.0,-217.0,527.0,-173.0,-558.0,509.0,-944.0
-436.0,139.0,133.0,243.0,-220.0,546.0,-126.0,-707.0,528.0,-793.0
-413.0,668.0,43.0,310.0,-205.0,544.0,-101.0,-705.0,532.0,-644.0
-383.0,815.0,-44.0,345.0,-180.0,575.0,-101.0,-667.0,543.0,-489.0
-323.0,683.0,-146.0,321.0,-147.0,590.0,-148.0,-567.0,546.0,-327.0
-269.0,551.0,-200.0,253.0,-104.0,600.0,-187.0,-474.0,527.0,-169.0
-211.0,678.0,-258.0,208.0,-49.0,515.0,-195.0,-424.0,504.0,-31.0
-156.0,987.0,-292.0,169.0,9.0,503.0,-188.0,-358.0,464.0,104.0
-104.0,1205.0,-328.0,115.0,53.0,512.0,-162.0,-404.0,417.0,260.0
-50.0,1261.0,-335.0,84.0,69.0,483.0,-129.0,-408.0,363.0,403.0
-9.0,1208.0,-329.0,38.0,68.0,481.0,-80.0,-572.0,307.0,521.0
27.0,1055.0,-326.0,-44.0,62.0,480.0,-54.0,-679.0,264.0,629.0
58.0,943.0,-300.0,-114.0,63.0,490.0,-44.0,-654.0,204.0,705.0
93.0,922.0,-282.0,-173.0,78.0,430.0,-40.0,-618.0,150.0,726.0
122.0,849.0,-267.0,-258.0,106.0,363.0,-30.0,-389.0,104.0,709.0
129.0,647.0,-243.0,-353.0,135.0,381.0,-14.0,-256.0,44.0,677.0
121.0,325.0,-233.0,-436.0,155.0,432.0,-6.0,-125.0,-21.0,597.0
109.0,26.0,-232.0,-482.0,157.0,419.0,-1.0,-138.0,-76.0,499.0
74.0,-151.0,-215.0,-487.0,129.0,460.0,14.0,-264.0,-109.0,401.0
22.0,-311.0,-232.0,-478.0,83.0,477.0,50.0,-341.0,-153.0,301.0
-19.0,-535.0,-245.0,-431.0,42.0,424.0,37.0,-456.0,-177.0,208.0
-68.0,-768.0,-242.0,-358.0,17.0,409.0,7.0,-378.0,-168.0,89.0
-106.0,-850.0,-268.0,-305.0,7.0,386.0,-15.0,-391.0,-187.0,-3.0
-151.0,-717.0,-290.0,-240.0,6.0,408.0,9.0,-360.0,-231.0,-80.0
-177.0,-614.0,-297.0,-169.0,9.0,357.0,52.0,-332.0,-288.0,-160.0
-191.0,-766.0,-326.0,-100.0,18.0,283.0,67.0,-430.0,-347.0,-197.0
-216.0,-947.0,-349.0,-20.0,22.0,293.0,85.0,-480.0,-418.0,-205.0
-231.0,-861.0,-375.0,38.0,20.0,242.0,91.0,-617.0,-496.0,-186.0
-221.0,-685.0,-400.0,80.0,26.0,185.0,123.0,-556.0,-546.0,-175.0
-200.0,-724.0,-416.0,92.0,53.0,172.0,116.0,-567.0,-600.0,-157.0
-187.0,-845.0,-454.0,79.0,97.0,158.0,104.0,-604.0,-623.0,-100.0
-162.0,-706.0,-438.0,64.0,144.0,186.0,111.0,-563.0,-642.0,-48.0
-166.0,-324.0,-464.0,19.0,186.0,133.0,107.0,-572.0,-686.0,15.0
-168.0,-28.0,-483.0,-45.0,216.0,45.0,99.0,-432.0,-641.0,98.0
-175.0,37.0,-470.0,-124.0,225.0,63.0,62.0,-502.0,-507.0,151.0
-158.0,8.0,-503.0,-221.0,213.0,68.0,24.0,-500.0,-427.0,146.0
-131.0,-42.0,-495.0,-307.0,193.0,35.0,-21.0,-585.0,-354.0,115.0
-122.0,-139.0,-505.0,-371.0,180.0,-6.0,-5.0,-835.0,-213.0,86.0
-104.0,-164.0,-488.0,-426.0,170.0,14.0,18.0,-851.0,-149.0,15.0
-91.0,-91.0,-472.0,-453.0,150.0,38.0,1.0,-925.0,-108.0,-89.0
-51.0,-4.0,-441.0,-458.0,123.0,34.0,4.0,-909.0,-40.0,-200.0
-37.0,100.0,-413.0,-415.0,93.0,45.0,11.0,-971.0,-45.0,-318.0
-21.0,225.0,-409.0,-332.0,56.0,-35.0,32.0,-953.0,-9.0,-454.0
-1.0,301.0,-359.0,-250.0,18.0,-116.0,26.0,-849.0,93.0,-602.0
16.0,336.0,-367.0,-126.0,-6.0,-138.0,-25.0,-946.0,169.0,-699.0
38.0,454.0,-324.0,-4.0,-4.0,-114.0,-57.0,-979.0,167.0,-747.0
60.0,614.0,-312.0,87.0,31.0,-54.0,-28.0,-1149.0,102.0,-800.0
104.0,703.0,-292.0,172.0,81.0,-34.0,-6.0,-1147.0,87.0,-847.0
116.0,796.0,-225.0,230.0,117.0,11.0,-16.0,-1062.0,80.0,-855.0
132.0,979.0,-245.0,264.0,124.0,76.0,-6.0,-1066.0,-10.0,-849.0
138.0,1051.0,-195.0,274.0,111.0,54.0,15.0,-955.0,-107.0,-837.0
110.0,810.0,-182.0,280.0,96.0,66.0,14.0,-1042.0,-227.0,-772.0
55.0,465.0,-173.0,251.0,74.0,161.0,-14.0,-1047.0,-402.0,-662.0
-19.0,217.0,-116.0,202.0,46.0,243.0,-39.0,-1016.0,-549.0,-561.0
-104.0,-5.0,-119.0,153.0,12.0,250.0,-68.0,-1051.0,-717.0,-470.0
-174.0,-238.0,-77.0,90.0,-32.0,206.0,-68.0,-1012.0,-898.0,-346.0
-212.0,-384.0,-8.0,32.0,-72.0,275.0,-51.0,-1001.0,-1015.0,-223.0
-224.0,-423.0,50.0,-10.0,-98.0,270.0,-76.0,-951.0,-1092.0,-142.0
-231.0,-370.0,105.0,-31.0,-107.0,169.0,-110.0,-927.0,-1140.0,-44.0
-264.0,-264.0,214.0,-70.0,-101.0,189.0,-124.0,-811.0,-1210.0,74.0
-309.0,-288.0,302.0,-108.0,-96.0,233.0,-101.0,-785.0,-1291.0,164.0
-346.0,-425.0,394.0,-139.0,-110.0,222.0,-76.0,-766.0,-1317.0,242.0
-337.0,-381.0,517.0,-192.0,-153.0,166.0,-112.0,-700.0,-1268.0,328.0
-309.0,-153.0,583.0,-213.0,-213.0,201.0,-168.0,-796.0,-1164.0,401.0
-284.0,-121.0,687.0,-210.0,-273.0,304.0,-190.0,-761.0,-1046.0,427.0
-262.0,-338.0,756.0,-180.0,-328.0,329.0,-185.0,-833.0,-943.0,467.0
-268.0,-435.0,801.0,-126.0,-377.0,346.0,-167.0,-764.0,-832.0,533.0
-271.0,-538.0,829.0,-107.0,-415.0,442.0,-143.0,-622.0,-658.0,587.0
-249.0,-996.0,829.0,-107.0,-434.0,499.0,-144.0,-628.0,-502.0,620.0
-196.0,-1386.0,811.0,-125.0,-436.0,463.0,-126.0,-434.0,-377.0,660.0
-144.0,-1294.0,762.0,-164.0,-422.0,479.0,-118.0,-480.0,-189.0,721.0
-114.0,-1039.0,719.0,-207.0,-389.0,545.0,-143.0,-393.0,-17.0,760.0
-74.0,-767.0,622.0,-259.0,-339.0,567.0,-169.0,-351.0,118.0,822.0
-15.0,-265.0,566.0,-303.0,-283.0,520.0,-206.0,-482.0,286.0,896.0
38.0,235.0,470.0,-338.0,-235.0,602.0,-215.0,-397.0,378.0,959.0
73.0,418.0,385.0,-384.0,-209.0,687.0,-208.0,-509.0,426.0,997.0
100.0,522.0,340.0,-439.0,-202.0,596.0,-183.0,-408.0,530.0,1007.0
139.0,721.0,255.0,-498.0,-198.0,566.0,-152.0,-373.0,621.0,1022.0
178.0,822.0,238.0,-552.0,-182.0,591.0,-119.0,-471.0,668.0,986.0
217.0,715.0,174.0,-603.0,-162.0,613.0,-65.0,-513.0,599.0,922.0
264.0,582.0,136.0,-653.0,-143.0,594.0,-15.0,-687.0,529.0,860.0
304.0,612.0,94.0,-688.0,-125.0,580.0,18.0,-631.0,514.0,763.0
316.0,667.0,28.0,-721.0,-114.0,632.0,33.0,-652.0,389.0,640.0
312.0,615.0,-7.0,-720.0,-109.0,613.0,48.0,-604.0,243.0,512.0
313.0,554.0,-86.0,-678.0,-101.0,523.0,57.0,-485.0,113.0,398.0
307.0,420.0,-149.0,-634.0,-76.0,538.0,70.0,-436.0,-38.0,286.0
286.0,183.0,-232.0,-565.0,-27.0,590.0,84.0,-417.0,-135.0,184.0
253.0,-8.0,-303.0,-474.0,28.0,537.0,84.0,-541.0,-282.0,115.0
230.0,-273.0,-402.0,-389.0,68.0,555.0,90.0,-545.0,-486.0,59.0
218.0,-655.0,-482.0,-307.0,93.0,583.0,93.0,-683.0,-605.0,7.0
193.0,-889.0,-568.0,-242.0,122.0,590.0,77.0,-755.0,-682.0,-42.0
168.0,-999.0,-664.0,-209.0,172.0,546.0,54.0,-733.0,-753.0,-100.0
156.0,-1161.0,-711.0,-185.0,232.0,477.0,56.0,-818.0,-826.0,-164.0
133.0,-1121.0,-786.0,-176.0,276.0,481.0,81.0,-740.0,-917.0,-260.0
95.0,-692.0,-817.0,-214.0,294.0,344.0,90.0,-750.0,-967.0,-369.0
66.0,-213.0,-855.0,-257.0,293.0,242.0,82.0,-692.0,-951.0,-470.0
59.0,43.0,-856.0,-296.0,286.0,237.0,47.0,-694.0,-882.0,-595.0
75.0,160.0,-848.0,-343.0,270.0,191.0,4.0,-772.0,-784.0,-737.0
85.0,360.0,-834.0,-354.0,246.0,102.0,-4.0,-735.0,-727.0,-881.0
84.0,687.0,-785.0,-359.0,219.0,22.0,-3.0,-740.0,-669.0,-1000.0
73.0,997.0,-772.0,-366.0,191.0,143.0,18.0,-617.0,-585.0,-1078.0
35.0,1293.0,-716.0,-373.0,159.0,254.0,25.0,-644.0,-568.0,-1155.0
-22.0,1479.0,-680.0,-367.0,143.0,168.0,7.0,-611.0,-497.0,-1183.0
-53.0,1345.0,-615.0,-323.0,158.0,87.0,23.0,-600.0,-375.0,-1161.0
-47.0,1059.0,-532.0,-298.0,198.0,65.0,51.0,-644.0,-335.0,-1146.0
-35.0,788.0,-477.0,-273.0,233.0,76.0,46.0,-561.0,-243.0,-1107.0
-32.0,431.0,-375.0,-225.0,230.0,78.0,4.0,-724.0,-121.0,-1047.0
-73.0,56.0,-301.0,-142.0,184.0,7.0,-31.0,-637.0,-89.0,-981.0
-141.0,-226.0,-233.0,-37.0,114.0,8.0,-77.0,-591.0,-106.0,-929.0
-222.0,-375.0,-155.0,20.0,39.0,20.0,-151.0,-574.0,-121.0,-868.0
-294.0,-478.0,-103.0,55.0,-9.0,-7.0,-187.0,-328.0,-86.0,-756.0
-335.0,-694.0,-56.0,79.0,-34.0,29.0,-165.0,-332.0,-59.0,-654.0
-344.0,-881.0,-5.0,84.0,-50.0,28.0,-130.0,-240.0,-42.0,-563.0
-370.0,-929.0,41.0,55.0,-66.0,-8.0,-122.0,-249.0,-30.0,-434.0
-423.0,-912.0,85.0,-8.0,-87.0,-58.0,-174.0,-373.0,-68.0,-288.0
-445.0,-673.0,121.0,-98.0,-101.0,-91.0,-239.0,-397.0,-76.0,-166.0
-461.0,-233.0,157.0,-221.0,-104.0,-109.0,-235.0,-419.0,-76.0,-51.0
-471.0,18.0,188.0,-325.0,-102.0,-197.0,-207.0,-291.0,-97.0,112.0
-487.0,63.0,185.0,-394.0,-92.0,-245.0,-202.0,-221.0,-100.0,276.0
-483.0,94.0,181.0,-465.0,-69.0,-209.0,-207.0,-160.0,-50.0,391.0
-420.0,-25.0,179.0,-477.0,-48.0,-222.0,-245.0,-260.0,14.0,491.0
-318.0,-302.0,146.0,-420.0,-42.0,-200.0,-307.0,-408.0,22.0,563.0
-215.0,-530.0,127.0,-346.0,-40.0,-164.0,-361.0,-460.0,51.0,623.0
-142.0,-680.0,116.0,-242.0,-26.0,-163.0,-395.0,-600.0,94.0,653.0
-76.0,-811.0,57.0,-156.0,2.0,-109.0,-384.0,-554.0,145.0,634.0
5.0,-895.0,4.0,-76.0,27.0,-149.0,-351.0,-596.0,210.0,588.0
99.0,-816.0,-31.0,6.0,28.0,-188.0,-330.0,-554.0,194.0,445.0
197.0,-654.0,-110.0,58.0,3.0,-184.0,-328.0,-363.0,181.0,254.0
301.0,-543.0,-157.0,105.0,-18.0,-148.0,-337.0,-282.0,229.0,113.0
373.0,-334.0,-203.0,142.0,-12.0,-47.0,-328.0,-227.0,215.0,-21.0
431.0,35.0,-256.0,166.0,17.0,-20.0,-324.0,-376.0,215.0,-188.0
475.0,350.0,-273.0,145.0,41.0,-54.0,-353.0,-382.0,171.0,-335.0
499.0,413.0,-314.0,71.0,41.0,-173.0,-397.0,-504.0,38.0,-429.0
524.0,310.0,-335.0,-23.0,25.0,-198.0,-420.0,-659.0,-9.0,-533.0
532.0,312.0,-363.0,-101.0,6.0,-85.0,-425.0,-591.0,-63.0,-666.0
526.0,492.0,-407.0,-134.0,-6.0,-48.0,-424.0,-576.0,-142.0,-801.0
483.0,699.0,-412.0,-159.0,-7.0,-87.0,-407.0,-386.0,-190.0,-894.0
449.0,811.0,-448.0,-183.0,-15.0,-98.0,-403.0,-378.0,-291.0,-928.0
416.0,878.0,-476.0,-187.0,-48.0,-46.0,-439.0,-375.0,-359.0,-957.0
372.0,977.0,-500.0,-175.0,-91.0,-83.0,-488.0,-336.0,-381.0,-942.0
316.0,1031.0,-518.0,-146.0,-123.0,-136.0,-506.0,-443.0,-442.0,-890.0
239.0,943.0,-512.0,-103.0,-142.0,-79.0,-492.0,-376.0,-483.0,-862.0
176.0,814.0,-533.0,-59.0,-150.0,2.0,-453.0,-397.0,-502.0,-807.0
104.0,668.0,-535.0,-25.0,-147.0,-1.0,-403.0,-397.0,-503.0,-733.0
45.0,397.0,-523.0,10.0,-126.0,-39.0,-362.0,-402.0,-458.0,-689.0
-12.0,68.0,-504.0,20.0,-95.0,4.0,-359.0,-430.0,-408.0,-656.0
-91.0,-262.0,-469.0,12.0,-61.0,42.0,-353.0,-484.0,-367.0,-598.0
-186.0,-550.0,-475.0,-19.0,-17.0,53.0,-296.0,-624.0,-336.0,-496.0
-279.0,-662.0,-496.0,-84.0,28.0,77.0,-234.0,-628.0,-274.0,-408.0
-344.0,-576.0,-507.0,-144.0,58.0,119.0,-166.0,-694.0,-159.0,-351.0
-412.0,-362.0,-520.0,-227.0,55.0,106.0,-124.0,-583.0,-47.0,-257.0
-482.0,-152.0,-528.0,-339.0,21.0,49.0,-160.0,-473.0,-10.0,-126.0
-536.0,-92.0,-549.0,-461.0,-24.0,121.0,-247.0,-474.0,3.0,-20.0
-550.0,-110.0,-576.0,-553.0,-54.0,210.0,-324.0,-397.0,44.0,81.0
-550.0,-99.0,-608.0,-620.0,-55.0,221.0,-325.0,-474.0,74.0,183.0
-527.0,-213.0,-636.0,-690.0,-36.0,179.0,-289.0,-352.0,95.0,229.0
-498.0,-525.0,-639.0,-750.0,-14.0,121.0,-262.0,-256.0,80.0,269.0
-490.0,-819.0,-628.0,-810.0,8.0,54.0,-253.0,-256.0,81.0,317.0
-470.0,-838.0,-585.0,-856.0,35.0,-47.0,-264.0,-242.0,113.0,347.0
-457.0,-611.0,-550.0,-883.0,55.0,-62.0,-293.0,-373.0,70.0,317.0
-428.0,-393.0,-516.0,-910.0,70.0,-52.0,-314.0,-393.0,-34.0,227.0
-370.0,-109.0,-483.0,-922.0,97.0,-110.0,-302.0,-487.0,-130.0,142.0
-311.0,341.0,-453.0,-903.0,140.0,-183.0,-270.0,-460.0,-228.0,44.0
-257.0,712.0,-400.0,-867.0,179.0,-154.0,-237.0,-404.0,-318.0,-53.0
-191.0,952.0,-321.0,-824.0,201.0,-110.0,-222.0,-421.0,-370.0,-122.0
-112.0,1167.0,-243.0,-782.0,216.0,-133.0,-240.0,-356.0,-431.0,-162.0
-28.0,1373.0,-194.0,-795.0,219.0,-169.0,-274.0,-460.0,-472.0,-198.0
65.0,1530.0,-132.0,-825.0,204.0,-181.0,-327.0,-386.0,-464.0,-243.0
143.0,1600.0,-94.0,-821.0,174.0,-135.0,-373.0,-314.0,-421.0,-261.0
214.0,1588.0,-61.0,-839.0,139.0,-238.0,-341.0,-253.0,-364.0,-259.0
276.0,1462.0,-39.0,-889.0,115.0,-252.0,-287.0,-151.0,-330.0,-234.0
325.0,1282.0,-24.0,-933.0,96.0,-171.0,-282.0,-267.0,-283.0,-165.0
369.0,1023.0,-13.0,-948.0,68.0,-200.0,-347.0,-284.0,-200.0,-60.0
418.0,543.0,-23.0,-910.0,32.0,-206.0,-455.0,-380.0,-128.0,39.0
458.0,-69.0,-3.0,-853.0,10.0,-263.0,-526.0,-447.0,-90.0,134.0
475.0,-482.0,-14.0,-764.0,10.0,-229.0,-534.0,-550.0,-58.0,235.0
505.0,-562.0,-3.0,-653.0,21.0,-262.0,-475.0,-698.0,-29.0,320.0
531.0,-598.0,17.0,-559.0,38.0,-327.0,-439.0,-624.0,2.0,380.0
549.0,-749.0,22.0,-442.0,54.0,-300.0,-444.0,-604.0,22.0,392.0
538.0,-909.0,49.0,-311.0,68.0,-311.0,-459.0,-484.0,42.0,403.0
514.0,-1010.0,50.0,-204.0,65.0,-300.0,-479.0,-393.0,45.0,421.0
506.0,-1104.0,58.0,-120.0,46.0,-286.0,-465.0,-271.0,9.0,393.0
482.0,-1214.0,38.0,-41.0,16.0,-216.0,-444.0,-164.0,2.0,346.0
426.0,-1342.0,13.0,24.0,-17.0,-238.0,-411.0,-216.0,-40.0,309.0
337.0,-1493.0,26.0,83.0,-41.0,-318.0,-349.0,-205.0,-98.0,247.0
266.0,-1509.0,5.0,124.0,-50.0,-335.0,-299.0,-334.0,-118.0,176.0
226.0,-1306.0,-8.0,152.0,-38.0,-287.0,-308.0,-290.0,-136.0,126.0
211.0,-1003.0,-40.0,173.0,-12.0,-257.0,-381.0,-203.0,-149.0,62.0
206.0,-719.0,-82.0,182.0,9.0,-350.0,-453.0,-205.0,-194.0,-35.0
167.0,-371.0,-109.0,186.0,19.0,-339.0,-445.0,-109.0,-220.0,-132.0
113.0,111.0,-140.0,164.0,23.0,-285.0,-397.0,-70.0,-233.0,-179.0
40.0,460.0,-151.0,138.0,20.0,-269.0,-361.0,12.0,-263.0,-253.0
-17.0,524.0,-178.0,121.0,0.0,-342.0,-363.0,-73.0,-262.0,-333.0
-29.0,451.0,-197.0,95.0,-27.0,-402.0,-415.0,-133.0,-270.0,-354.0
-46.0,303.0,-211.0,51.0,-54.0,-345.0,-434.0,-164.0,-252.0,-374.0
-59.0,124.0,-242.0,13.0,-71.0,-426.0,-439.0,-229.0,-247.0,-420.0
-74.0,16.0,-248.0,-18.0,-72.0,-453.0,-399.0,-120.0,-302.0,-475.0
-117.0,-64.0,-276.0,-68.0,-61.0,-440.0,-315.0,-162.0,-328.0,-488.0
-179.0,-285.0,-279.0,-93.0,-62.0,-431.0,-280.0,-97.0,-310.0,-494.0
-233.0,-582.0,-269.0,-120.0,-86.0,-400.0,-306.0,36.0,-241.0,-552.0
-258.0,-727.0,-291.0,-159.0,-115.0,-473.0,-359.0,86.0,-170.0,-613.0
-256.0,-672.0,-280.0,-162.0,-149.0,-432.0,-398.0,182.0,-114.0,-646.0
-235.0,-448.0,-282.0,-117.0,-191.0,-439.0,-401.0,125.0,-49.0,-711.0
-239.0,-47.0,-281.0,-44.0,-218.0,-523.0,-347.0,59.0,1.0,-812.0
-255.0,416.0,-270.0,10.0,-223.0,-546.0,-288.0,-127.0,44.0,-874.0
-285.0,748.0,-269.0,30.0,-206.0,-559.0,-252.0,-256.0,73.0,-914.0
-338.0,914.0,-257.0,19.0,-167.0,-563.0,-258.0,-279.0,103.0,-973.0
-397.0,1009.0,-257.0,49.0,-117.0,-630.0,-286.0,-360.0,128.0,-1029.0
-426.0,1001.0,-230.0,93.0,-85.0,-580.0,-300.0,-280.0,148.0,-1053.0
-408.0,736.0,-239.0,99.0,-93.0,-582.0,-313.0,-317.0,196.0,-1087.0
-407.0,296.0,-232.0,85.0,-124.0,-692.0,-288.0,-262.0,259.0,-1114.0
-416.0,-27.0,-206.0,76.0,-155.0,-642.0,-241.0,-199.0,263.0,-1067.0
-409.0,-126.0,-232.0,56.0,-183.0,-584.0,-222.0,-153.0,211.0,-971.0
-377.0,-170.0,-209.0,-13.0,-193.0,-557.0,-265.0,0.0,206.0,-840.0
-348.0,-252.0,-194.0,-89.0,-174.0,-609.0,-319.0,-123.0,230.0,-674.0
-335.0,-250.0,-158.0,-204.0,-139.0,-640.0,-351.0,-144.0,219.0,-462.0
-276.0,-235.0,-99.0,-335.0,-103.0,-596.0,-361.0,-151.0,181.0,-209.0
-198.0,-367.0,-68.0,-446.0,-73.0,-632.0,-305.0,-184.0,128.0,6.0
-125.0,-537.0,-1.0,-542.0,-56.0,-598.0,-252.0,-160.0,82.0,192.0
-52.0,-645.0,30.0,-582.0,-48.0,-545.0,-207.0,-240.0,37.0,380.0
19.0,-742.0,67.0,-613.0,-40.0,-534.0,-189.0,-273.0,-21.0,506.0
101.0,-805.0,104.0,-620.0,-30.0,-576.0,-193.0,-356.0,-46.0,581.0
161.0,-803.0,108.0,-588.0,-23.0,-608.0,-162.0,-393.0,-35.0,660.0
204.0,-877.0,120.0,-536.0,-20.0,-577.0,-131.0,-393.0,-18.0,747.0
254.0,-1088.0,96.0,-458.0,-5.0,-609.0,-85.0,-327.0,5.0,760.0
323.0,-1302.0,76.0,-353.0,13.0,-552.0,-59.0,-291.0,-21.0,720.0
371.0,-1429.0,47.0,-259.0,24.0,-417.0,-68.0,-354.0,-64.0,724.0
403.0,-1417.0,-2.0,-227.0,32.0,-348.0,-89.0,-269.0,-32.0,710.0
457.0,-1210.0,-22.0,-211.0,36.0,-382.0,-140.0,-277.0,8.0,649.0
507.0,-904.0,-69.0,-176.0,36.0,-459.0,-176.0,-232.0,21.0,597.0
544.0,-585.0,-120.0,-108.0,38.0,-406.0,-215.0,-182.0,30.0,579.0
538.0,-258.0,-160.0,-27.0,48.0,-394.0,-241.0,-254.0,55.0,561.0
501.0,-41.0,-217.0,38.0,63.0,-470.0,-193.0,-194.0,112.0,541.0
469.0,21.0,-254.0,88.0,77.0,-447.0,-125.0,-173.0,151.0,538.0
452.0,102.0,-285.0,115.0,93.0,-402.0,-70.0,-133.0,165.0,562.0
470.0,310.0,-319.0,118.0,118.0,-363.0,-51.0,-177.0,205.0,572.0
510.0,599.0,-309.0,85.0,146.0,-350.0,-95.0,-195.0,220.0,576.0
524.0,922.0,-290.0,61.0,155.0,-332.0,-138.0,-114.0,205.0,630.0
488.0,1165.0,-287.0,21.0,135.0,-273.0,-140.0,-147.0,200.0,650.0
416.0,1248.0,-237.0,-48.0,106.0,-357.0,-96.0,-103.0,141.0,632.0
357.0,1311.0,-174.0,-83.0,85.0,-427.0,-56.0,-157.0,74.0,607.0
326.0,1429.0,-181.0,-107.0,78.0,-380.0,-39.0,-88.0,16.0,536.0
331.0,1462.0,-187.0,-162.0,73.0,-345.0,-59.0,1.0,-59.0,387.0
365.0,1212.0,-122.0,-261.0,67.0,-319.0,-78.0,5.0,-95.0,192.0
396.0,712.0,-101.0,-349.0,62.0,-322.0,-74.0,136.0,-145.0,33.0
400.0,249.0,-88.0,-394.0,58.0,-285.0,-109.0,149.0,-256.0,-105.0
385.0,-59.0,8.0,-397.0,52.0,-294.0,-127.0,297.0,-363.0,-267.0
396.0,-322.0,127.0,-363.0,39.0,-331.0,-107.0,362.0,-441.0,-426.0
387.0,-595.0,139.0,-307.0,11.0,-265.0,-68.0,450.0,-474.0,-519.0
366.0,-827.0,98.0,-209.0,-24.0,-253.0,-62.0,537.0,-505.0,-577.0
349.0,-939.0,171.0,-121.0,-43.0,-294.0,-82.0,410.0,-566.0,-660.0
335.0,-867.0,184.0,-42.0,-36.0,-340.0,-109.0,419.0,-595.0,-731.0
328.0,-641.0,112.0,70.0,-35.0,-344.0,-145.0,253.0,-577.0,-755.0
314.0,-430.0,128.0,171.0,-59.0,-288.0,-118.0,214.0,-525.0,-803.0
291.0,-345.0,205.0,235.0,-82.0,-344.0,-65.0,208.0,-484.0,-878.0
257.0,-309.0,145.0,228.0,-77.0,-350.0,24.0,145.0,-426.0,-853.0
210.0,-224.0,36.0,210.0,-47.0,-212.0,126.0,312.0,-291.0,-755.0
125.0,-89.0,44.0,238.0,-17.0,-113.0,197.0,275.0,-167.0,-697.0
76.0,76.0,-19.0,246.0,8.0,-83.0,237.0,266.0,-72.0,-624.0
57.0,187.0,-120.0,191.0,43.0,-102.0,225.0,190.0,39.0,-503.0
40.0,160.0,-193.0,121.0,87.0,-115.0,207.0,153.0,195.0,-407.0
30.0,66.0,-225.0,33.0,127.0,-129.0,165.0,245.0,334.0,-370.0
-2.0,0.0,-278.0,-67.0,152.0,-148.0,151.0,188.0,453.0,-356.0
-26.0,39.0,-389.0,-133.0,161.0,-88.0,210.0,190.0,602.0,-313.0
-64.0,237.0,-405.0,-203.0,134.0,-32.0,283.0,86.0,702.0,-312.0
-107.0,520.0,-393.0,-256.0,65.0,-75.0,317.0,101.0,739.0,-355.0
-139.0,795.0,-433.0,-288.0,-5.0,-94.0,307.0,103.0,767.0,-367.0
-157.0,1099.0,-469.0,-322.0,-48.0,-75.0,286.0,59.0,794.0,-406.0
-172.0,1399.0,-438.0,-348.0,-85.0,-61.0,274.0,110.0,778.0,-496.0
-187.0,1558.0,-420.0,-406.0,-138.0,-54.0,307.0,-14.0,753.0,-583.0
-214.0,1551.0,-380.0,-463.0,-189.0,-67.0,365.0,-1.0,728.0,-589.0
-238.0,1385.0,-322.0,-491.0,-219.0,-10.0,409.0,-42.0,653.0,-574.0
-236.0,1042.0,-307.0,-503.0,-235.0,33.0,423.0,-25.0,599.0,-586.0
-248.0,573.0,-224.0,-507.0,-245.0,26.0,416.0,27.0,565.0,-519.0
-273.0,105.0,-202.0,-497.0,-249.0,25.0,397.0,-92.0,526.0,-370.0
-292.0,-331.0,-191.0,-443.0,-235.0,37.0,373.0,-27.0,417.0,-223.0
-265.0,-751.0,-111.0,-397.0,-190.0,87.0,351.0,29.0,272.0,-103.0
-227.0,-990.0,-27.0,-366.0,-123.0,27.0,335.0,186.0,223.0,74.0
-233.0,-929.0,63.0,-335.0,-61.0,-36.0,371.0,247.0,163.0,307.0
-273.0,-746.0,77.0,-294.0,-20.0,-4.0,426.0,280.0,94.0,487.0
-284.0,-585.0,161.0,-243.0,4.0,43.0,453.0,389.0,33.0,662.0
-272.0,-400.0,287.0,-165.0,15.0,89.0,445.0,253.0,-49.0,877.0
-265.0,-188.0,307.0,-72.0,16.0,-2.0,417.0,304.0,-104.0,1029.0
-260.0,-12.0,305.0,-41.0,13.0,-82.0,403.0,280.0,-196.0,1091.0
-271.0,87.0,378.0,-40.0,18.0,-62.0,395.0,293.0,-261.0,1138.0
-257.0,110.0,428.0,-83.0,23.0,-64.0,432.0,495.0,-251.0,1186.0
-266.0,101.0,352.0,-161.0,15.0,-77.0,491.0,578.0,-235.0,1146.0
-253.0,158.0,403.0,-215.0,-3.0,-133.0,516.0,705.0,-239.0,1038.0
-197.0,321.0,420.0,-269.0,-23.0,-145.0,480.0,644.0,-256.0,971.0
-125.0,473.0,390.0,-323.0,-30.0,-72.0,402.0,604.0,-267.0,890.0
-87.0,497.0,391.0,-375.0,-29.0,-52.0,353.0,485.0,-260.0,743.0
-101.0,418.0,335.0,-415.0,-37.0,-160.0,354.0,321.0,-225.0,582.0
-81.0,306.0,304.0,-464.0,-48.0,-265.0,384.0,297.0,-185.0,480.0
-73.0,83.0,180.0,-488.0,-47.0,-229.0,426.0,190.0,-157.0,405.0
-67.0,-290.0,70.0,-471.0,-35.0,-163.0,455.0,373.0,-145.0,286.0
-59.0,-626.0,-13.0,-438.0,-23.0,-143.0,425.0,467.0,-149.0,187.0
-17.0,-762.0,-120.0,-379.0,-20.0,-125.0,356.0,476.0,-167.0,113.0
24.0,-718.0,-230.0,-311.0,-25.0,-79.0,323.0,565.0,-169.0,24.0
23.0,-584.0,-298.0,-232.0,-27.0,-114.0,363.0,454.0,-153.0,-67.0
26.0,-432.0,-361.0,-134.0,-27.0,-265.0,447.0,463.0,-141.0,-73.0
29.0,-306.0,-410.0,-37.0,-31.0,-331.0,513.0,443.0,-98.0,0.0
38.0,-201.0,-436.0,77.0,-28.0,-253.0,528.0,587.0,-22.0,34.0
28.0,-99.0,-446.0,188.0,-12.0,-196.0,499.0,691.0,42.0,65.0
7.0,-25.0,-428.0,276.0,5.0,-250.0,467.0,687.0,66.0,122.0
13.0,27.0,-455.0,383.0,4.0,-268.0,446.0,827.0,70.0,152.0
22.0,139.0,-331.0,474.0,-15.0,-242.0,444.0,694.0,60.0,138.0
-6.0,330.0,-333.0,549.0,-36.0,-291.0,456.0,692.0,37.0,175.0
-47.0,442.0,-339.0,607.0,-45.0,-305.0,468.0,705.0,19.0,279.0
-72.0,331.0,-245.0,642.0,-43.0,-200.0,492.0,685.0,-12.0,365.0
-76.0,44.0,-214.0,662.0,-28.0,-118.0,497.0,670.0,-96.0,404.0
-76.0,-189.0,-124.0,647.0,-2.0,-168.0,471.0,521.0,-203.0,459.0
-82.0,-186.0,-156.0,606.0,27.0,-195.0,428.0,513.0,-259.0,538.0
-107.0,-9.0,-41.0,529.0,48.0,-69.0,427.0,465.0,-282.0,546.0
-173.0,229.0,-10.0,443.0,55.0,37.0,494.0,561.0,-285.0,546.0
-254.0,467.0,-34.0,375.0,54.0,18.0,564.0,511.0,-288.0,590.0
-317.0,588.0,55.0,309.0,50.0,9.0,623.0,506.0,-308.0,596.0
-328.0,532.0,-60.0,211.0,36.0,32.0,640.0,642.0,-338.0,526.0
-305.0,364.0,-49.0,82.0,7.0,6.0,603.0,524.0,-368.0,463.0
-272.0,167.0,-31.0,-38.0,-24.0,4.0,549.0,620.0,-342.0,437.0
-265.0,17.0,-123.0,-146.0,-26.0,109.0,538.0,574.0,-307.0,368.0
-282.0,-41.0,-119.0,-235.0,5.0,219.0,595.0,515.0,-306.0,264.0
-285.0,-125.0,-103.0,-290.0,40.0,252.0,659.0,583.0,-298.0,208.0
-269.0,-265.0,-156.0,-337.0,53.0,204.0,690.0,513.0,-264.0,200.0
-225.0,-352.0,-197.0,-363.0,44.0,118.0,706.0,559.0,-210.0,128.0
-162.0,-416.0,-209.0,-344.0,25.0,58.0,696.0,526.0,-116.0,39.0
-87.0,-573.0,-204.0,-323.0,6.0,18.0,677.0,519.0,6.0,6.0
-31.0,-785.0,-200.0,-276.0,-5.0,21.0,706.0,423.0,89.0,-38.0
-17.0,-919.0,-217.0,-202.0,5.0,46.0,758.0,303.0,146.0,-143.0
0.0,-947.0,-127.0,-156.0,41.0,105.0,805.0,238.0,216.0,-254.0
35.0,-872.0,-145.0,-112.0,89.0,147.0,811.0,64.0,302.0,-342.0
81.0,-749.0,-138.0,-65.0,130.0,173.0,798.0,114.0,384.0,-493.0
102.0,-631.0,-101.0,-24.0,159.0,216.0,814.0,70.0,452.0,-661.0
81.0,-488.0,-141.0,14.0,180.0,178.0,835.0,79.0,539.0,-740.0
54.0,-335.0,-29.0,70.0,188.0,162.0,858.0,251.0,649.0,-800.0
16.0,-223.0,13.0,132.0,174.0,192.0,866.0,258.0,746.0,-909.0
-10.0,-162.0,1.0,185.0,133.0,174.0,868.0,389.0,839.0,-1000.0
-44.0,-52.0,39.0,244.0,77.0,110.0,889.0,447.0,923.0,-1010.0
-59.0,119.0,107.0,283.0,12.0,98.0,939.0,424.0,946.0,-1060.0
-59.0,234.0,123.0,306.0,-52.0,129.0,961.0,376.0,958.0,-1148.0
-84.0,272.0,98.0,301.0,-103.0,99.0,945.0,258.0,986.0,-1131.0
-91.0,304.0,199.0,276.0,-142.0,71.0,938.0,175.0,1028.0,-1064.0
-85.0,408.0,185.0,262.0,-163.0,86.0,914.0,134.0,1043.0,-984.0
-84.0,603.0,168.0,251.0,-156.0,106.0,914.0,247.0,989.0,-880.0
-88.0,879.0,221.0,219.0,-116.0,31.0,960.0,243.0,930.0,-724.0
-79.0,1204.0,167.0,173.0,-57.0,-47.0,993.0,317.0,873.0,-544.0
-69.0,1433.0,223.0,150.0,-4.0,21.0,1011.0,375.0,812.0,-435.0
-51.0,1430.0,182.0,131.0,26.0,119.0,1017.0,360.0,738.0,-318.0
-32.0,1221.0,122.0,109.0,28.0,56.0,992.0,554.0,650.0,-165.0
-14.0,892.0,193.0,98.0,18.0,-44.0,941.0,530.0,588.0,-56.0
27.0,423.0,124.0,55.0,12.0,2.0,880.0,661.0,535.0,2.0
69.0,-107.0,78.0,-6.0,13.0,16.0,838.0,840.0,464.0,103.0
129.0,-472.0,29.0,-35.0,30.0,-35.0,805.0,776.0,406.0,239.0
163.0,-685.0,13.0,-30.0,55.0,-41.0,776.0,746.0,354.0,328.0
189.0,-947.0,-36.0,-11.0,76.0,9.0,755.0,554.0,265.0,401.0
182.0,-1241.0,-114.0,-11.0,87.0,42.0,737.0,402.0,170.0,504.0
137.0,-1408.0,-71.0,-33.0,94.0,27.0,726.0,269.0,100.0,613.0
131.0,-1396.0,-149.0,-71.0,101.0,64.0,739.0,267.0,30.0,673.0
154.0,-1230.0,-116.0,-92.0,109.0,134.0,748.0,284.0,-52.0,723.0
230.0,-889.0,-141.0,-107.0,113.0,137.0,717.0,262.0,-113.0,789.0
296.0,-391.0,-142.0,-130.0,106.0,76.0,676.0,369.0,-182.0,792.0
318.0,195.0,-59.0,-132.0,96.0,54.0,597.0,354.0,-304.0,743.0
306.0,745.0,-152.0,-95.0,96.0,27.0,536.0,484.0,-436.0,714.0
271.0,1106.0,-44.0,4.0,109.0,-56.0,513.0,485.0,-535.0,677.0
241.0,1238.0,-134.0,69.0,118.0,-66.0,507.0,450.0,-585.0,596.0
230.0,1221.0,-90.0,121.0,116.0,29.0,494.0,487.0,-633.0,526.0
234.0,1169.0,-48.0,183.0,96.0,48.0,442.0,267.0,-667.0,502.0
213.0,1141.0,-196.0,176.0,51.0,-27.0,445.0,253.0,-621.0,472.0
170.0,1170.0,-30.0,118.0,-8.0,-3.0,451.0,286.0,-542.0,387.0
86.0,1294.0,-185.0,37.0,-52.0,50.0,438.0,301.0,-464.0,321.0
6.0,1518.0,-181.0,16.0,-76.0,-18.0,445.0,271.0,-372.0,306.0
-49.0,1773.0,-205.0,49.0,-94.0,-131.0,442.0,210.0,-233.0,273.0
-88.0,1966.0,-299.0,88.0,-99.0,-151.0,455.0,256.0,-80.0,251.0
-96.0,1970.0,-212.0,147.0,-91.0,-60.0,420.0,133.0,46.0,313.0
-99.0,1696.0,-238.0,193.0,-73.0,0.0,350.0,90.0,208.0,425.0
-96.0,1174.0,-104.0,235.0,-57.0,27.0,313.0,99.0,402.0,507.0
-98.0,444.0,-207.0,256.0,-66.0,39.0,297.0,133.0,563.0,566.0
-97.0,-386.0,-93.0,235.0,-97.0,-45.0,317.0,168.0,686.0,668.0
-105.0,-1108.0,-4.0,176.0,-133.0,-87.0,342.0,107.0,764.0,767.0
-150.0,-1550.0,-45.0,111.0,-155.0,-20.0,359.0,160.0,809.0,792.0
-191.0,-1707.0,174.0,81.0,-169.0,11.0,366.0,114.0,834.0,814.0
-191.0,-1722.0,256.0,51.0,-182.0,-87.0,367.0,171.0,807.0,882.0
-162.0,-1710.0,381.0,24.0,-183.0,-197.0,350.0,262.0,753.0,911.0
-113.0,-1570.0,418.0,-8.0,-169.0,-121.0,335.0,301.0,694.0,895.0
-54.0,-1175.0,497.0,-45.0,-146.0,-45.0,378.0,508.0,604.0,932.0
-7.0,-689.0,614.0,-72.0,-113.0,-126.0,466.0,532.0,458.0,980.0
11.0,-316.0,542.0,-96.0,-56.0,-160.0,550.0,596.0,318.0,972.0
-8.0,-77.0,603.0,-106.0,3.0,-114.0,562.0,554.0,228.0,955.0
-9.0,70.0,616.0,-102.0,36.0,-100.0,517.0,458.0,130.0,951.0
17.0,160.0,484.0,-100.0,35.0,-124.0,479.0,558.0,23.0,898.0
49.0,186.0,544.0,-109.0,22.0,-110.0,461.0,473.0,-67.0,740.0
99.0,159.0,452.0,-125.0,16.0,-64.0,472.0,497.0,-138.0,574.0
169.0,79.0,387.0,-138.0,11.0,-114.0,485.0,515.0,-171.0,430.0
239.0,-49.0,406.0,-125.0,2.0,-168.0,450.0,509.0,-214.0,230.0
277.0,-153.0,219.0,-81.0,-10.0,-102.0,378.0,554.0,-286.0,26.0
263.0,-212.0,212.0,-20.0,-21.0,-66.0,324.0,498.0,-352.0,-125.0
204.0,-270.0,123.0,38.0,-28.0,-126.0,333.0,482.0,-433.0,-235.0
143.0,-280.0,49.0,92.0,-35.0,-135.0,375.0,367.0,-464.0,-347.0
117.0,-149.0,53.0,155.0,-40.0,-54.0,389.0,356.0,-448.0,-448.0
124.0,43.0,-22.0,254.0,-44.0,-36.0,357.0,349.0,-438.0,-471.0
125.0,98.0,-17.0,349.0,-41.0,-142.0,288.0,375.0,-393.0,-481.0
113.0,-54.0,-30.0,418.0,-30.0,-223.0,235.0,395.0,-372.0,-527.0
59.0,-289.0,15.0,465.0,-15.0,-213.0,220.0,315.0,-337.0,-546.0
-47.0,-417.0,0.0,484.0,-4.0,-257.0,188.0,375.0,-229.0,-524.0
-157.0,-398.0,21.0,484.0,-6.0,-333.0,158.0,363.0,-114.0,-522.0
-254.0,-294.0,78.0,476.0,-29.0,-290.0,137.0,546.0,-11.0,-536.0
-309.0,-97.0,19.0,492.0,-65.0,-198.0,109.0,650.0,65.0,-493.0
-349.0,167.0,33.0,477.0,-94.0,-194.0,111.0,648.0,126.0,-403.0
-393.0,375.0,76.0,439.0,-101.0,-202.0,107.0,805.0,183.0,-358.0
-424.0,502.0,122.0,386.0,-89.0,-143.0,78.0,859.0,232.0,-331.0
-455.0,647.0,157.0,287.0,-61.0,-66.0,36.0,997.0,259.0,-256.0
-500.0,764.0,152.0,194.0,-28.0,-21.0,16.0,914.0,250.0,-183.0
-561.0,700.0,174.0,99.0,0.0,-55.0,35.0,861.0,203.0,-146.0
-584.0,468.0,176.0,17.0,18.0,-87.0,41.0,861.0,138.0,-111.0
-592.0,153.0,140.0,-21.0,23.0,-100.0,42.0,713.0,53.0,-47.0
-587.0,-229.0,151.0,-56.0,31.0,-158.0,6.0,753.0,-36.0,5.0
-578.0,-614.0,185.0,-90.0,49.0,-158.0,-20.0,644.0,-92.0,46.0
-554.0,-896.0,155.0,-110.0,67.0,-89.0,-31.0,700.0,-151.0,116.0
-518.0,-1023.0,119.0,-127.0,77.0,-96.0,-73.0,727.0,-227.0,177.0
-517.0,-987.0,165.0,-139.0,71.0,-136.0,-73.0,611.0,-269.0,189.0
-515.0,-782.0,103.0,-162.0,45.0,-70.0,-63.0,644.0,-261.0,191.0
-514.0,-478.0,118.0,-190.0,5.0,4.0,-28.0,537.0,-238.0,237.0
-471.0,-176.0,151.0,-207.0,-38.0,46.0,4.0,641.0,-202.0,244.0
-408.0,133.0,57.0,-207.0,-72.0,32.0,0.0,739.0,-171.0,199.0
-337.0,496.0,193.0,-197.0,-80.0,-3.0,-32.0,796.0,-144.0,165.0
-255.0,866.0,177.0,-151.0,-59.0,31.0,-91.0,855.0,-85.0,148.0
-189.0,1177.0,174.0,-99.0,-17.0,25.0,-92.0,711.0,-19.0,109.0
-137.0,1459.0,276.0,-86.0,30.0,45.0,-68.0,631.0,25.0,35.0
-105.0,1727.0,267.0,-70.0,72.0,60.0,-37.0,508.0,47.0,-5.0
-61.0,1864.0,352.0,-40.0,92.0,-33.0,-24.0,519.0,115.0,-62.0
-32.0,1776.0,361.0,6.0,82.0,-109.0,-52.0,554.0,231.0,-143.0
-6.0,1520.0,412.0,76.0,59.0,-96.0,-119.0,576.0,325.0,-217.0
30.0,1237.0,429.0,144.0,37.0,-53.0,-164.0,622.0,443.0,-263.0
87.0,989.0,478.0,213.0,25.0,-66.0,-118.0,532.0,575.0,-256.0
160.0,774.0,493.0,309.0,34.0,-89.0,-59.0,582.0,645.0,-254.0
223.0,564.0,492.0,415.0,65.0,-50.0,-1.0,485.0,690.0,-213.0
251.0,271.0,551.0,520.0,106.0,6.0,0.0,336.0,762.0,-158.0
249.0,-159.0,482.0,623.0,138.0,-63.0,-28.0,219.0,879.0,-170.0
244.0,-614.0,494.0,734.0,149.0,-164.0,-51.0,73.0,975.0,-205.0
226.0,-890.0,420.0,879.0,143.0,-120.0,-115.0,206.0,972.0,-205.0
227.0,-917.0,384.0,995.0,131.0,-6.0,-155.0,269.0,948.0,-196.0
219.0,-763.0,284.0,1068.0,122.0,50.0,-140.0,386.0,918.0,-231.0
204.0,-553.0,170.0,1141.0,119.0,62.0,-54.0,517.0,856.0,-276.0
189.0,-388.0,192.0,1192.0,114.0,92.0,32.0,473.0,807.0,-311.0
199.0,-287.0,68.0,1207.0,104.0,52.0,52.0,424.0,782.0,-344.0
193.0,-286.0,19.0,1153.0,91.0,-32.0,11.0,319.0,773.0,-414.0
141.0,-329.0,10.0,1065.0,66.0,-75.0,-48.0,327.0,712.0,-488.0
110.0,-227.0,-53.0,1000.0,34.0,-47.0,-82.0,275.0,583.0,-525.0
88.0,77.0,-108.0,919.0,11.0,-17.0,-101.0,303.0,415.0,-578.0
90.0,443.0,-39.0,802.0,8.0,2.0,-127.0,349.0,248.0,-602.0
84.0,702.0,-104.0,676.0,24.0,79.0,-168.0,304.0,98.0,-540.0
68.0,764.0,-133.0,566.0,58.0,112.0,-177.0,330.0,-35.0,-442.0
31.0,628.0,-20.0,474.0,99.0,54.0,-174.0,181.0,-116.0,-330.0
9.0,370.0,-139.0,357.0,126.0,-25.0,-176.0,162.0,-228.0,-164.0
13.0,26.0,-95.0,198.0,113.0,41.0,-171.0,109.0,-368.0,37.0
29.0,-376.0,-85.0,36.0,66.0,144.0,-183.0,35.0,-490.0,229.0
52.0,-765.0,-101.0,-95.0,20.0,99.0,-182.0,177.0,-590.0,414.0
47.0,-1080.0,-51.0,-193.0,-1.0,51.0,-189.0,317.0,-619.0,590.0
65.0,-1268.0,-130.0,-299.0,-7.0,37.0,-188.0,593.0,-580.0,759.0
80.0,-1308.0,-58.0,-400.0,-11.0,-8.0,-140.0,702.0,-515.0,884.0
97.0,-1199.0,-109.0,-467.0,-27.0,-58.0,-85.0,840.0,-496.0,951.0
115.0,-949.0,-174.0,-516.0,-49.0,-14.0,-59.0,848.0,-501.0,1008.0
139.0,-651.0,-130.0,-563.0,-75.0,43.0,-82.0,667.0,-441.0,1017.0
129.0,-375.0,-167.0,-621.0,-103.0,33.0,-105.0,648.0,-332.0,981.0
100.0,-44.0,-192.0,-655.0,-130.0,47.0,-77.0,389.0,-249.0,956.0
99.0,388.0,-223.0,-644.0,-161.0,68.0,-16.0,290.0,-226.0,932.0
101.0,817.0,-204.0,-619.0,-198.0,57.0,3.0,210.0,-207.0,904.0
127.0,1091.0,-225.0,-580.0,-235.0,29.0,-41.0,149.0,-133.0,847.0
141.0,1160.0,-192.0,-539.0,-253.0,32.0,-77.0,293.0,-64.0,789.0
162.0,1123.0,-88.0,-500.0,-251.0,87.0,-87.0,330.0,-6.0,713.0
171.0,1135.0,-58.0,-449.0,-247.0,46.0,-84.0,535.0,101.0,549.0
166.0,1211.0,14.0,-426.0,-260.0,-50.0,-101.0,556.0,216.0,357.0
146.0,1205.0,96.0,-377.0,-275.0,-18.0,-158.0,574.0,328.0,191.0
98.0,1022.0,146.0,-306.0,-267.0,91.0,-182.0,698.0,442.0,-6.0
50.0,676.0,198.0,-260.0,-230.0,144.0,-140.0,735.0,545.0,-248.0
-4.0,209.0,208.0,-154.0,-176.0,125.0,-93.0,811.0,666.0,-473.0
-62.0,-310.0,296.0,-13.0,-117.0,152.0,-68.0,720.0,746.0,-694.0
-118.0,-791.0,426.0,90.0,-47.0,143.0,-99.0,729.0,753.0,-940.0
-137.0,-1134.0,385.0,179.0,25.0,79.0,-152.0,572.0,762.0,-1160.0
-139.0,-1236.0,514.0,298.0,86.0,93.0,-113.0,397.0,778.0,-1314.0
-138.0,-1128.0,521.0,422.0,124.0,75.0,-49.0,432.0,790.0,-1408.0
-141.0,-917.0,443.0,531.0,136.0,43.0,-8.0,391.0,756.0,-1471.0
-139.0,-657.0,565.0,600.0,126.0,33.0,-8.0,565.0,661.0,-1449.0
-101.0,-361.0,481.0,619.0,104.0,51.0,-95.0,637.0,581.0,-1329.0
-68.0,-28.0,549.0,626.0,83.0,123.0,-185.0,641.0,520.0,-1231.0
-33.0,332.0,525.0,629.0,76.0,82.0,-229.0,700.0,471.0,-1139.0
7.0,650.0,525.0,637.0,88.0,29.0,-227.0,696.0,423.0,-1014.0
45.0,787.0,538.0,578.0,109.0,85.0,-207.0,772.0,331.0,-880.0
78.0,761.0,442.0,502.0,135.0,119.0,-224.0,809.0,218.0,-776.0
90.0,740.0,507.0,418.0,162.0,37.0,-296.0,824.0,55.0,-690.0
111.0,807.0,440.0,314.0,187.0,-9.0,-336.0,724.0,-138.0,-547.0
110.0,838.0,502.0,259.0,219.0,99.0,-329.0,818.0,-234.0,-396.0
96.0,728.0,430.0,190.0,245.0,109.0,-364.0,877.0,-235.0,-258.0
97.0,568.0,466.0,144.0,251.0,64.0,-431.0,757.0,-227.0,-86.0
106.0,421.0,464.0,105.0,233.0,77.0,-504.0,857.0,-259.0,103.0
147.0,270.0,352.0,52.0,205.0,63.0,-509.0,776.0,-297.0,246.0
177.0,135.0,495.0,30.0,189.0,10.0,-454.0,676.0,-274.0,338.0
195.0,59.0,338.0,34.0,186.0,-4.0,-455.0,509.0,-234.0,437.0
202.0,21.0,353.0,40.0,182.0,133.0,-522.0,352.0,-198.0,508.0
213.0,18.0,413.0,41.0,174.0,210.0,-600.0,417.0,-170.0,467.0
216.0,44.0,328.0,58.0,167.0,153.0,-623.0,384.0,-134.0,359.0
193.0,10.0,399.0,61.0,162.0,54.0,-599.0,495.0,-57.0,262.0
163.0,-105.0,352.0,62.0,162.0,49.0,-615.0,578.0,13.0,115.0
130.0,-207.0,309.0,55.0,159.0,81.0,-699.0,631.0,68.0,-82.0
119.0,-254.0,297.0,123.0,133.0,45.0,-760.0,613.0,99.0,-253.0
125.0,-329.0,215.0,211.0,96.0,108.0,-777.0,456.0,111.0,-374.0
147.0,-426.0,162.0,239.0,71.0,116.0,-746.0,386.0,131.0,-505.0
158.0,-461.0,113.0,292.0,62.0,68.0,-677.0,188.0,192.0,-623.0
162.0,-423.0,30.0,319.0,55.0,35.0,-651.0,184.0,305.0,-645.0
118.0,-402.0,7.0,340.0,35.0,60.0,-656.0,199.0,428.0,-639.0
42.0,-391.0,-23.0,356.0,14.0,120.0,-670.0,144.0,497.0,-638.0
-43.0,-214.0,-91.0,373.0,10.0,10.0,-659.0,188.0,482.0,-616.0
-110.0,136.0,-107.0,408.0,27.0,-87.0,-642.0,110.0,461.0,-559.0
-121.0,403.0,-116.0,394.0,57.0,-129.0,-601.0,149.0,496.0,-509.0
-123.0,388.0,-169.0,397.0,87.0,-173.0,-553.0,42.0,517.0,-463.0
-91.0,212.0,-182.0,410.0,111.0,-185.0,-564.0,-107.0,457.0,-349.0
-77.0,83.0,-186.0,388.0,133.0,-123.0,-585.0,-173.0,403.0,-206.0
-92.0,31.0,-174.0,384.0,135.0,-13.0,-574.0,-210.0,335.0,-70.0
-136.0,-40.0,-119.0,375.0,100.0,-16.0,-514.0,-127.0,214.0,61.0
-182.0,-185.0,-109.0,327.0,40.0,-53.0,-470.0,-162.0,111.0,191.0
-215.0,-259.0,-36.0,274.0,-18.0,-8.0,-450.0,-53.0,39.0,293.0
-250.0,-166.0,-33.0,238.0,-48.0,44.0,-475.0,-86.0,0.0,332.0
-255.0,-11.0,-26.0,178.0,-43.0,-56.0,-525.0,-73.0,-40.0,351.0
-261.0,142.0,45.0,100.0,-22.0,-160.0,-532.0,96.0,-84.0,391.0
-224.0,338.0,38.0,24.0,-5.0,-127.0,-495.0,25.0,-102.0,433.0
-201.0,553.0,98.0,-70.0,-9.0,-80.0,-459.0,99.0,-63.0,464.0
-220.0,695.0,144.0,-161.0,-26.0,-97.0,-457.0,-9.0,-7.0,522.0
-254.0,718.0,174.0,-225.0,-45.0,-87.0,-400.0,-101.0,40.0,581.0
-280.0,581.0,223.0,-267.0,-67.0,35.0,-347.0,-70.0,98.0,600.0
-267.0,279.0,249.0,-295.0,-87.0,57.0,-344.0,-103.0,128.0,580.0
-253.0,-76.0,299.0,-304.0,-101.0,1.0,-356.0,57.0,120.0,555.0
-232.0,-387.0,309.0,-307.0,-105.0,-11.0,-351.0,48.0,77.0,510.0
-218.0,-650.0,281.0,-303.0,-96.0,-12.0,-299.0,114.0,0.0,405.0
-223.0,-923.0,302.0,-283.0,-81.0,-21.0,-236.0,214.0,-76.0,266.0
-250.0,-1146.0,352.0,-230.0,-58.0,-54.0,-180.0,177.0,-113.0,119.0
-259.0,-1188.0,368.0,-202.0,-30.0,28.0,-177.0,142.0,-146.0,-33.0
-260.0,-1127.0,408.0,-220.0,-5.0,121.0,-174.0,25.0,-211.0,-202.0
-264.0,-1106.0,440.0,-186.0,17.0,79.0,-170.0,20.0,-262.0,-327.0
-265.0,-1098.0,407.0,-146.0,36.0,45.0,-184.0,5.0,-291.0,-389.0
-266.0,-1007.0,423.0,-89.0,56.0,96.0,-179.0,110.0,-301.0,-475.0
-232.0,-824.0,441.0,16.0,72.0,81.0,-157.0,147.0,-278.0,-537.0
-172.0,-662.0,387.0,110.0,71.0,-11.0,-112.0,118.0,-230.0,-525.0
-113.0,-597.0,402.0,176.0,48.0,-23.0,-56.0,112.0,-137.0,-504.0
-100.0,-575.0,407.0,210.0,8.0,12.0,0.0,-164.0,8.0,-496.0
-91.0,-494.0,400.0,242.0,-35.0,-2.0,25.0,-171.0,146.0,-439.0
-62.0,-320.0,412.0,233.0,-82.0,-69.0,32.0,-177.0,233.0,-352.0
-18.0,-91.0,401.0,214.0,-129.0,-52.0,24.0,-168.0,353.0,-318.0
22.0,157.0,429.0,210.0,-173.0,-20.0,29.0,-36.0,518.0,-306.0
73.0,417.0,426.0,189.0,-216.0,-16.0,57.0,-134.0,626.0,-280.0
154.0,744.0,437.0,192.0,-243.0,29.0,92.0,-7.0,727.0,-238.0
203.0,1165.0,433.0,184.0,-240.0,16.0,116.0,5.0,861.0,-211.0
219.0,1561.0,426.0,183.0,-203.0,-25.0,102.0,51.0,982.0,-202.0
202.0,1781.0,435.0,211.0,-153.0,-98.0,110.0,84.0,1032.0,-145.0
208.0,1764.0,415.0,256.0,-108.0,-93.0,127.0,-94.0,1004.0,-93.0
250.0,1484.0,432.0,334.0,-74.0,56.0,171.0,-73.0,964.0,-101.0
293.0,922.0,445.0,432.0,-53.0,127.0,243.0,-208.0,854.0,-96.0
332.0,186.0,468.0,529.0,-52.0,91.0,257.0,-212.0,644.0,-52.0
369.0,-505.0,479.0,633.0,-82.0,88.0,219.0,-249.0,454.0,-11.0
417.0,-928.0,486.0,745.0,-141.0,89.0,193.0,-386.0,336.0,29.0
439.0,-996.0,489.0,803.0,-205.0,41.0,222.0,-336.0,197.0,97.0
415.0,-868.0,458.0,826.0,-244.0,41.0,265.0,-424.0,10.0,166.0
378.0,-697.0,441.0,851.0,-248.0,83.0,278.0,-399.0,-121.0,189.0
377.0,-506.0,422.0,820.0,-221.0,104.0,247.0,-367.0,-181.0,212.0
392.0,-269.0,424.0,692.0,-162.0,95.0,237.0,-345.0,-229.0,269.0
436.0,-25.0,443.0,536.0,-82.0,121.0,298.0,-284.0,-289.0,297.0
477.0,106.0,431.0,393.0,-2.0,151.0,380.0,-181.0,-384.0,288.0
502.0,84.0,436.0,255.0,59.0,121.0,407.0,-86.0,-471.0,288.0
492.0,30.0,450.0,131.0,94.0,73.0,358.0,-236.0,-501.0,294.0
453.0,51.0,409.0,-14.0,104.0,43.0,329.0,-229.0,-515.0,257.0
423.0,29.0,418.0,-157.0,98.0,75.0,382.0,-345.0,-524.0,182.0
370.0,-72.0,426.0,-249.0,81.0,81.0,482.0,-491.0,-511.0,128.0
360.0,-65.0,384.0,-311.0,69.0,45.0,528.0,-508.0,-438.0,39.0
359.0,65.0,379.0,-350.0,73.0,41.0,500.0,-659.0,-290.0,-125.0
359.0,209.0,333.0,-380.0,89.0,49.0,478.0,-567.0,-111.0,-314.0
335.0,351.0,286.0,-432.0,113.0,49.0,498.0,-482.0,55.0,-499.0
272.0,482.0,231.0,-430.0,142.0,55.0,536.0,-354.0,158.0,-708.0
219.0,561.0,165.0,-392.0,164.0,33.0,529.0,-271.0,196.0,-939.0
158.0,618.0,148.0,-384.0,165.0,12.0,528.0,-375.0,221.0,-1087.0
98.0,643.0,110.0,-366.0,149.0,-18.0,540.0,-354.0,212.0,-1167.0
50.0,561.0,80.0,-356.0,124.0,-42.0,590.0,-415.0,145.0,-1201.0
57.0,446.0,53.0,-341.0,88.0,15.0,649.0,-354.0,89.0,-1166.0
64.0,407.0,35.0,-311.0,42.0,-29.0,656.0,-369.0,41.0,-1068.0
25.0,441.0,31.0,-271.0,-1.0,-70.0,661.0,-397.0,-39.0,-898.0
-44.0,517.0,56.0,-242.0,-28.0,-10.0,615.0,-332.0,-85.0,-714.0
-92.0,596.0,85.0,-231.0,-42.0,12.0,582.0,-395.0,-69.0,-492.0
-110.0,684.0,109.0,-162.0,-55.0,8.0,590.0,-343.0,-47.0,-241.0
-146.0,845.0,158.0,-76.0,-62.0,9.0,582.0,-495.0,-68.0,-7.0
-177.0,1023.0,172.0,-13.0,-61.0,54.0,553.0,-630.0,-163.0,205.0
-190.0,1083.0,220.0,83.0,-50.0,80.0,500.0,-705.0,-269.0,391.0
-161.0,920.0,272.0,167.0,-30.0,75.0,491.0,-792.0,-312.0,572.0
-150.0,524.0,311.0,252.0,-6.0,70.0,540.0,-674.0,-367.0,710.0
-142.0,62.0,354.0,319.0,25.0,87.0,596.0,-617.0,-456.0,815.0
-105.0,-320.0,381.0,366.0,54.0,117.0,569.0,-484.0,-514.0,935.0
-72.0,-601.0,396.0,456.0,73.0,47.0,497.0,-382.0,-475.0,1032.0
-77.0,-760.0,385.0,509.0,89.0,-24.0,446.0,-247.0,-370.0,1094.0
-103.0,-798.0,385.0,503.0,109.0,8.0,456.0,-188.0,-304.0,1164.0
-95.0,-767.0,379.0,456.0,126.0,29.0,496.0,-275.0,-251.0,1233.0
-60.0,-649.0,435.0,365.0,132.0,29.0,479.0,-234.0,-158.0,1270.0
0.0,-402.0,411.0,284.0,124.0,23.0,436.0,-338.0,-57.0,1263.0
60.0,-87.0,345.0,236.0,92.0,2.0,391.0,-363.0,37.0,1226.0
122.0,223.0,388.0,205.0,36.0,52.0,410.0,-445.0,167.0,1179.0
154.0,428.0,340.0,164.0,-30.0,81.0,481.0,-528.0,289.0,1094.0
144.0,405.0,250.0,108.0,-102.0,7.0,503.0,-474.0,363.0,1009.0
94.0,125.0,238.0,53.0,-164.0,-66.0,474.0,-526.0,413.0,968.0
49.0,-249.0,246.0,-7.0,-200.0,-98.0,440.0,-382.0,438.0,910.0
18.0,-473.0,215.0,-43.0,-207.0,-51.0,433.0,-319.0,423.0,857.0
19.0,-474.0,202.0,-25.0,-199.0,37.0,420.0,-291.0,356.0,837.0
44.0,-326.0,233.0,-19.0,-184.0,32.0,419.0,-236.0,325.0,828.0
46.0,-46.0,210.0,-34.0,-154.0,8.0,444.0,-304.0,345.0,805.0
33.0,381.0,156.0,-20.0,-99.0,60.0,476.0,-301.0,322.0,715.0
-32.0,794.0,143.0,7.0,-10.0,129.0,533.0,-436.0,287.0,629.0
-105.0,1030.0,134.0,56.0,98.0,102.0,554.0,-456.0,267.0,554.0
-173.0,1101.0,105.0,121.0,192.0,43.0,530.0,-463.0,202.0,442.0
-192.0,1022.0,85.0,193.0,259.0,104.0,549.0,-498.0,100.0,356.0
-176.0,875.0,75.0,287.0,295.0,136.0,608.0,-328.0,19.0,300.0
-158.0,833.0,50.0,370.0,284.0,70.0,618.0,-210.0,-30.0,250.0
-138.0,937.0,0.0,444.0,217.0,63.0,597.0,-38.0,-107.0,189.0
-157.0,1059.0,-49.0,498.0,115.0,151.0,589.0,16.0,-204.0,122.0
-188.0,1106.0,-117.0,533.0,21.0,177.0,526.0,29.0,-250.0,77.0
-224.0,1018.0,-177.0,546.0,-30.0,130.0,495.0,40.0,-281.0,-1.0
-200.0,772.0,-232.0,496.0,-38.0,189.0,546.0,-57.0,-313.0,-97.0
-158.0,436.0,-299.0,380.0,-14.0,287.0,570.0,-27.0,-356.0,-157.0
-95.0,88.0,-368.0,245.0,15.0,250.0,534.0,11.0,-386.0,-224.0
0.0,-211.0,-463.0,132.0,26.0,151.0,497.0,86.0,-384.0,-312.0
76.0,-464.0,-556.0,4.0,15.0,185.0,498.0,12.0,-395.0,-399.0
138.0,-756.0,-614.0,-135.0,-9.0,271.0,525.0,-29.0,-373.0,-448.0
185.0,-1113.0,-648.0,-277.0,-46.0,252.0,554.0,11.0,-306.0,-475.0
234.0,-1501.0,-672.0,-424.0,-84.0,244.0,553.0,-49.0,-218.0,-531.0
284.0,-1877.0,-655.0,-563.0,-106.0,329.0,529.0,49.0,-155.0,-529.0
338.0,-2063.0,-630.0,-669.0,-104.0,339.0,458.0,92.0,-143.0,-467.0
383.0,-1938.0,-576.0,-694.0,-88.0,263.0,426.0,208.0,-86.0,-430.0
430.0,-1552.0,-512.0,-664.0,-82.0,313.0,450.0,334.0,36.0,-407.0
478.0,-891.0,-465.0,-602.0,-94.0,415.0,429.0,365.0,159.0,-347.0
534.0,-1.0,-356.0,-529.0,-126.0,388.0,386.0,437.0,240.0,-267.0
574.0,783.0,-264.0,-461.0,-171.0,331.0,301.0,375.0,295.0,-211.0
618.0,1220.0,-158.0,-431.0,-194.0,367.0,244.0,339.0,300.0,-162.0
642.0,1436.0,-32.0,-432.0,-171.0,413.0,234.0,184.0,270.0,-87.0
638.0,1566.0,52.0,-395.0,-116.0,373.0,190.0,35.0,252.0,-3.0
620.0,1634.0,116.0,-350.0,-43.0,310.0,138.0,31.0,211.0,53.0
553.0,1662.0,184.0,-297.0,37.0,361.0,89.0,-33.0,151.0,145.0
502.0,1609.0,246.0,-231.0,105.0,375.0,48.0,-46.0,78.0,271.0
448.0,1406.0,268.0,-186.0,137.0,273.0,23.0,-166.0,10.0,371.0
393.0,1056.0,329.0,-175.0,149.0,256.0,10.0,-160.0,-25.0,420.0
302.0,656.0,346.0,-173.0,172.0,267.0,-14.0,-83.0,-35.0,456.0
187.0,276.0,328.0,-176.0,207.0,246.0,-50.0,-147.0,24.0,493.0
80.0,-40.0,337.0,-171.0,239.0,217.0,-73.0,-97.0,89.0,476.0
-23.0,-243.0,309.0,-153.0,244.0,254.0,-82.0,-88.0,58.0,452.0
-88.0,-338.0,280.0,-145.0,224.0,348.0,-102.0,-53.0,8.0,471.0
-136.0,-417.0,217.0,-119.0,205.0,294.0,-117.0,-142.0,19.0,490.0
-176.0,-546.0,188.0,-48.0,190.0,262.0,-104.0,-291.0,56.0,461.0
-258.0,-663.0,150.0,56.0,163.0,350.0,-98.0,-301.0,49.0,424.0
-342.0,-718.0,82.0,141.0,113.0,343.0,-107.0,-338.0,21.0,377.0
-406.0,-736.0,64.0,221.0,59.0,251.0,-90.0,-277.0,32.0,278.0
-450.0,-749.0,12.0,274.0,28.0,204.0,-74.0,-317.0,47.0,153.0
-440.0,-812.0,-42.0,273.0,32.0,270.0,-82.0,-308.0,47.0,48.0
-402.0,-906.0,-87.0,251.0,53.0,246.0,-99.0,-319.0,21.0,-26.0
-332.0,-922.0,-144.0,249.0,70.0,118.0,-151.0,-432.0,-55.0,-134.0
-258.0,-806.0,-224.0,279.0,80.0,152.0,-205.0,-443.0,-176.0,-216.0
-202.0,-649.0,-296.0,314.0,84.0,194.0,-222.0,-563.0,-297.0,-218.0
-172.0,-627.0,-327.0,360.0,79.0,181.0,-219.0,-502.0,-359.0,-217.0
-141.0,-754.0,-365.0,373.0,69.0,204.0,-213.0,-502.0,-387.0,-235.0
-112.0,-803.0,-386.0,366.0,68.0,250.0,-247.0,-497.0,-422.0,-217.0
-76.0,-579.0,-377.0,345.0,80.0,279.0,-272.0,-330.0,-455.0,-161.0
-31.0,-208.0,-376.0,294.0,91.0,209.0,-253.0,-397.0,-464.0,-155.0
12.0,38.0,-374.0,262.0,94.0,219.0,-219.0,-332.0,-399.0,-179.0
37.0,90.0,-387.0,226.0,104.0,290.0,-213.0,-328.0,-292.0,-194.0
12.0,99.0,-362.0,204.0,142.0,280.0,-259.0,-339.0,-184.0,-223.0
-9.0,300.0,-287.0,183.0,190.0,214.0,-348.0,-234.0,-116.0,-272.0
-14.0,737.0,-260.0,157.0,210.0,134.0,-428.0,-242.0,-84.0,-310.0
8.0,1227.0,-214.0,152.0,192.0,137.0,-443.0,-107.0,-26.0,-280.0
58.0,1632.0,-178.0,140.0,157.0,111.0,-434.0,-73.0,49.0,-218.0
131.0,1894.0,-181.0,149.0,119.0,58.0,-425.0,-96.0,148.0,-156.0
192.0,2000.0,-131.0,169.0,74.0,104.0,-420.0,-134.0,261.0,-48.0
214.0,1956.0,-128.0,179.0,41.0,140.0,-419.0,-186.0,360.0,101.0
219.0,1740.0,-80.0,186.0,51.0,45.0,-458.0,-201.0,453.0,226.0
182.0,1388.0,8.0,162.0,89.0,4.0,-517.0,-290.0,523.0,318.0
144.0,1005.0,38.0,109.0,105.0,101.0,-560.0,-243.0,568.0,431.0
86.0,578.0,111.0,43.0,84.0,65.0,-599.0,-245.0,626.0,522.0
9.0,76.0,150.0,-27.0,42.0,-61.0,-614.0,-136.0,686.0,569.0
-55.0,-440.0,168.0,-100.0,-5.0,-70.0,-615.0,-60.0,689.0,614.0
-105.0,-957.0,198.0,-176.0,-59.0,35.0,-579.0,-120.0,625.0,680.0
-138.0,-1412.0,194.0,-245.0,-115.0,81.0,-584.0,-116.0,558.0,721.0
-182.0,-1729.0,213.0,-301.0,-166.0,11.0,-623.0,-238.0,500.0,718.0
-224.0,-1915.0,242.0,-356.0,-211.0,-20.0,-637.0,-194.0,417.0,733.0
-293.0,-1896.0,278.0,-412.0,-238.0,8.0,-649.0,-179.0,330.0,749.0
-378.0,-1656.0,303.0,-478.0,-253.0,38.0,-663.0,-90.0,229.0,710.0
-459.0,-1432.0,314.0,-525.0,-266.0,36.0,-693.0,-18.0,103.0,638.0
-517.0,-1401.0,328.0,-542.0,-271.0,33.0,-749.0,-125.0,-49.0,596.0
-552.0,-1406.0,319.0,-562.0,-263.0,58.0,-813.0,5.0,-205.0,544.0
-563.0,-1259.0,316.0,-588.0,-239.0,70.0,-805.0,-57.0,-335.0,430.0
-545.0,-996.0,311.0,-636.0,-197.0,54.0,-774.0,-59.0,-461.0,351.0
-520.0,-715.0,289.0,-692.0,-124.0,25.0,-767.0,-29.0,-581.0,308.0
-472.0,-431.0,250.0,-742.0,-17.0,11.0,-774.0,-134.0,-698.0,234.0
-424.0,-145.0,202.0,-789.0,102.0,41.0,-779.0,-101.0,-823.0,153.0
-377.0,71.0,158.0,-799.0,205.0,99.0,-802.0,-218.0,-920.0,112.0
-323.0,185.0,111.0,-806.0,260.0,147.0,-844.0,-214.0,-989.0,102.0
-238.0,334.0,95.0,-813.0,272.0,98.0,-837.0,-232.0,-1045.0,75.0
-141.0,584.0,60.0,-812.0,250.0,40.0,-836.0,-269.0,-1044.0,74.0
-54.0,759.0,42.0,-806.0,194.0,69.0,-844.0,-258.0,-940.0,121.0
55.0,666.0,55.0,-760.0,103.0,114.0,-871.0,-349.0,-790.0,155.0
143.0,343.0,41.0,-688.0,0.0,143.0,-877.0,-301.0,-690.0,133.0
215.0,40.0,67.0,-584.0,-92.0,114.0,-808.0,-417.0,-645.0,73.0
267.0,-72.0,60.0,-473.0,-160.0,100.0,-747.0,-389.0,-598.0,11.0
332.0,-34.0,42.0,-387.0,-200.0,81.0,-729.0,-317.0,-532.0,-109.0
437.0,-1.0,69.0,-294.0,-223.0,47.0,-766.0,-415.0,-445.0,-273.0
518.0,-76.0,31.0,-213.0,-245.0,108.0,-805.0,-404.0,-306.0,-386.0
588.0,-269.0,56.0,-138.0,-266.0,187.0,-830.0,-450.0,-139.0,-513.0
647.0,-462.0,68.0,-42.0,-268.0,163.0,-849.0,-330.0,-30.0,-686.0
698.0,-505.0,-10.0,47.0,-242.0,121.0,-830.0,-290.0,34.0,-834.0
713.0,-410.0,9.0,120.0,-205.0,212.0,-801.0,-295.0,100.0,-930.0
695.0,-277.0,-39.0,176.0,-178.0,237.0,-802.0,-308.0,187.0,-1036.0
662.0,-155.0,-116.0,206.0,-173.0,148.0,-832.0,-391.0,311.0,-1158.0
618.0,-28.0,-149.0,262.0,-172.0,122.0,-849.0,-321.0,404.0,-1199.0
576.0,65.0,-222.0,368.0,-143.0,180.0,-863.0,-424.0,460.0,-1207.0
506.0,77.0,-265.0,464.0,-81.0,253.0,-871.0,-382.0,497.0,-1250.0
451.0,53.0,-320.0,541.0,-12.0,206.0,-820.0,-397.0,501.0,-1279.0
419.0,-46.0,-341.0,610.0,34.0,158.0,-772.0,-504.0,481.0,-1262.0
366.0,-289.0,-368.0,664.0,64.0,170.0,-769.0,-415.0,427.0,-1241.0
288.0,-610.0,-391.0,688.0,87.0,168.0,-773.0,-448.0,383.0,-1238.0
202.0,-946.0,-416.0,689.0,98.0,171.0,-756.0,-249.0,354.0,-1179.0
126.0,-1272.0,-455.0,686.0,87.0,173.0,-708.0,-103.0,284.0,-1052.0
66.0,-1521.0,-466.0,636.0,59.0,145.0,-648.0,-42.0,168.0,-913.0
26.0,-1636.0,-508.0,543.0,30.0,111.0,-603.0,-59.0,36.0,-763.0
0.0,-1598.0,-510.0,410.0,3.0,155.0,-586.0,-345.0,-87.0,-585.0
11.0,-1434.0,-491.0,211.0,-26.0,204.0,-576.0,-484.0,-188.0,-397.0
24.0,-1218.0,-483.0,20.0,-62.0,197.0,-544.0,-685.0,-266.0,-229.0
38.0,-990.0,-469.0,-136.0,-82.0,169.0,-481.0,-733.0,-313.0,-89.0
42.0,-728.0,-457.0,-262.0,-64.0,176.0,-446.0,-713.0,-340.0,61.0
45.0,-398.0,-449.0,-329.0,-19.0,189.0,-434.0,-733.0,-391.0,187.0
63.0,-48.0,-430.0,-381.0,38.0,143.0,-446.0,-654.0,-470.0,255.0
45.0,247.0,-406.0,-396.0,96.0,85.0,-472.0,-742.0,-552.0,327.0
48.0,565.0,-341.0,-368.0,150.0,90.0,-425.0,-713.0,-583.0,417.0
40.0,918.0,-262.0,-350.0,199.0,133.0,-359.0,-787.0,-561.0,486.0
25.0,1151.0,-175.0,-311.0,247.0,66.0,-320.0,-770.0,-540.0,527.0
26.0,1201.0,-97.0,-249.0,278.0,10.0,-340.0,-633.0,-551.0,615.0
34.0,1166.0,-74.0,-211.0,271.0,82.0,-385.0,-685.0,-581.0,709.0
31.0,1142.0,-21.0,-193.0,229.0,125.0,-390.0,-628.0,-615.0,737.0
-27.0,1132.0,10.0,-188.0,169.0,101.0,-342.0,-687.0,-630.0,762.0
-90.0,1097.0,34.0,-193.0,111.0,85.0,-308.0,-681.0,-578.0,795.0
-133.0,1023.0,80.0,-166.0,81.0,103.0,-328.0,-698.0,-490.0,815.0
-144.0,930.0,153.0,-128.0,91.0,158.0,-311.0,-774.0,-407.0,800.0
-154.0,815.0,182.0,-99.0,125.0,157.0,-321.0,-750.0,-343.0,816.0
-154.0,692.0,245.0,-83.0,147.0,91.0,-323.0,-829.0,-266.0,881.0
-154.0,560.0,313.0,-104.0,154.0,71.0,-325.0,-805.0,-166.0,916.0
-165.0,306.0,320.0,-137.0,163.0,8.0,-391.0,-859.0,-57.0,965.0
-148.0,-93.0,428.0,-165.0,185.0,6.0,-397.0,-873.0,45.0,1047.0
-126.0,-487.0,450.0,-184.0,203.0,103.0,-365.0,-870.0,110.0,1138.0
-99.0,-793.0,499.0,-204.0,194.0,135.0,-327.0,-936.0,148.0,1192.0
-53.0,-1006.0,561.0,-219.0,164.0,98.0,-319.0,-835.0,161.0,1201.0
-6.0,-1088.0,557.0,-214.0,127.0,-14.0,-332.0,-805.0,176.0,1218.0
5.0,-1038.0,626.0,-208.0,84.0,-22.0,-328.0,-654.0,193.0,1174.0
19.0,-898.0,596.0,-223.0,28.0,52.0,-338.0,-508.0,215.0,1081.0
29.0,-690.0,587.0,-251.0,-40.0,9.0,-343.0,-473.0,236.0,978.0
41.0,-447.0,579.0,-273.0,-121.0,-56.0,-343.0,-384.0,240.0,875.0
62.0,-287.0,499.0,-275.0,-201.0,-72.0,-347.0,-454.0,193.0,781.0
77.0,-262.0,472.0,-282.0,-257.0,-54.0,-366.0,-448.0,106.0,631.0
92.0,-223.0,392.0,-304.0,-283.0,-25.0,-385.0,-532.0,81.0,525.0
86.0,-17.0,312.0,-343.0,-287.0,-27.0,-371.0,-631.0,55.0,442.0
79.0,343.0,232.0,-383.0,-280.0,-43.0,-355.0,-665.0,-8.0,292.0
73.0,785.0,142.0,-392.0,-261.0,-104.0,-342.0,-703.0,-54.0,164.0
74.0,1256.0,113.0,-398.0,-234.0,-155.0,-318.0,-587.0,-83.0,84.0
82.0,1684.0,44.0,-407.0,-207.0,-93.0,-288.0,-683.0,-61.0,8.0
72.0,1940.0,-3.0,-414.0,-202.0,-55.0,-235.0,-646.0,-33.0,-104.0
51.0,1902.0,-46.0,-421.0,-225.0,-95.0,-189.0,-567.0,-38.0,-191.0
37.0,1625.0,-105.0,-398.0,-253.0,-143.0,-157.0,-582.0,-49.0,-242.0
18.0,1269.0,-122.0,-349.0,-272.0,-120.0,-138.0,-478.0,-70.0,-324.0
13.0,939.0,-176.0,-284.0,-270.0,-70.0,-152.0,-491.0,-92.0,-404.0
28.0,635.0,-222.0,-207.0,-248.0,-137.0,-143.0,-360.0,-127.0,-448.0
65.0,321.0,-253.0,-132.0,-228.0,-148.0,-102.0,-315.0,-183.0,-460.0
105.0,12.0,-322.0,-68.0,-223.0,-68.0,-52.0,-347.0,-222.0,-516.0
128.0,-204.0,-381.0,-12.0,-234.0,-73.0,15.0,-282.0,-269.0,-573.0
129.0,-248.0,-407.0,36.0,-240.0,-71.0,73.0,-230.0,-345.0,-556.0
101.0,-246.0,-435.0,79.0,-220.0,-25.0,87.0,-166.0,-389.0,-538.0
103.0,-378.0,-442.0,103.0,-169.0,-4.0,85.0,-206.0,-411.0,-530.0
100.0,-620.0,-448.0,132.0,-105.0,-25.0,104.0,-218.0,-455.0,-488.0
125.0,-857.0,-490.0,159.0,-53.0,-57.0,147.0,-334.0,-500.0,-382.0
157.0,-1007.0,-527.0,149.0,-23.0,-4.0,213.0,-448.0,-540.0,-286.0
165.0,-1076.0,-582.0,145.0,-16.0,-30.0,257.0,-458.0,-542.0,-234.0
179.0,-1132.0,-593.0,141.0,-22.0,-125.0,297.0,-471.0,-497.0,-128.0
184.0,-1187.0,-603.0,129.0,-27.0,-54.0,340.0,-341.0,-443.0,0.0
227.0,-1142.0,-639.0,134.0,-21.0,13.0,358.0,-251.0,-404.0,82.0
247.0,-977.0,-633.0,184.0,-5.0,-47.0,358.0,-127.0,-403.0,133.0
297.0,-829.0,-656.0,236.0,5.0,-214.0,355.0,-107.0,-363.0,226.0
349.0,-757.0,-676.0,273.0,-3.0,-258.0,377.0,-214.0,-288.0,320.0
387.0,-675.0,-662.0,319.0,-31.0,-137.0,375.0,-297.0,-240.0,345.0
421.0,-478.0,-654.0,303.0,-66.0,-135.0,355.0,-521.0,-136.0,379.0
416.0,-203.0,-626.0,269.0,-91.0,-158.0,350.0,-517.0,-24.0,437.0
436.0,30.0,-582.0,231.0,-101.0,-91.0,347.0,-513.0,26.0,477.0
455.0,204.0,-532.0,186.0,-107.0,-11.0,359.0,-545.0,81.0,482.0
495.0,386.0,-480.0,148.0,-111.0,-12.0,351.0,-421.0,159.0,499.0
497.0,556.0,-420.0,51.0,-104.0,-54.0,324.0,-328.0,235.0,540.0
487.0,581.0,-347.0,-60.0,-89.0,-16.0,317.0,-103.0,289.0,540.0
471.0,463.0,-301.0,-169.0,-71.0,27.0,305.0,-112.0,315.0,512.0
429.0,335.0,-248.0,-235.0,-59.0,-25.0,282.0,-203.0,295.0,517.0
383.0,240.0,-202.0,-258.0,-51.0,-30.0,243.0,-236.0,259.0,523.0
314.0,99.0,-156.0,-297.0,-38.0,-14.0,188.0,-362.0,221.0,471.0
272.0,-139.0,-115.0,-343.0,-24.0,-122.0,132.0,-386.0,171.0,415.0
196.0,-416.0,-88.0,-400.0,-15.0,-171.0,71.0,-469.0,121.0,404.0
119.0,-693.0,-56.0,-436.0,-11.0,-72.0,38.0,-430.0,50.0,385.0
40.0,-972.0,-70.0,-464.0,-1.0,8.0,22.0,-439.0,-68.0,330.0
-22.0,-1255.0,-58.0,-501.0,14.0,-113.0,0.0,-480.0,-225.0,288.0
-81.0,-1516.0,-54.0,-530.0,24.0,-229.0,-43.0,-439.0,-363.0,264.0
-155.0,-1646.0,-59.0,-590.0,17.0,-177.0,-107.0,-513.0,-464.0,213.0
-200.0,-1536.0,-20.0,-647.0,1.0,-120.0,-144.0,-448.0,-553.0,115.0
-249.0,-1201.0,24.0,-679.0,-2.0,-82.0,-207.0,-430.0,-625.0,42.0
-287.0,-776.0,58.0,-683.0,-5.0,-57.0,-313.0,-319.0,-667.0,0.0
-360.0,-386.0,80.0,-667.0,-13.0,-47.0,-388.0,-249.0,-658.0,-86.0
-426.0,-22.0,117.0,-662.0,-18.0,-117.0,-422.0,-282.0,-620.0,-157.0
-474.0,331.0,101.0,-633.0,-9.0,-182.0,-416.0,-182.0,-579.0,-186.0
-508.0,572.0,95.0,-575.0,24.0,-162.0,-396.0,-264.0,-555.0,-232.0
-533.0,641.0,86.0,-503.0,64.0,-154.0,-379.0,-269.0,-537.0,-298.0
-558.0,616.0,26.0,-421.0,105.0,-181.0,-364.0,-356.0,-445.0,-336.0
-554.0,596.0,3.0,-337.0,154.0,-204.0,-364.0,-408.0,-300.0,-349.0
-540.0,625.0,-51.0,-252.0,192.0,-187.0,-359.0,-260.0,-197.0,-406.0
-501.0,725.0,-138.0,-154.0,204.0,-229.0,-358.0,-195.0,-136.0,-480.0
-461.0,885.0,-184.0,-85.0,184.0,-313.0,-386.0,-127.0,-54.0,-481.0
-402.0,1046.0,-241.0,-7.0,149.0,-284.0,-424.0,-177.0,42.0,-460.0
-352.0,1169.0,-296.0,124.0,120.0,-224.0,-471.0,-208.0,147.0,-488.0
-320.0,1282.0,-309.0,219.0,100.0,-273.0,-488.0,-338.0,239.0,-502.0
-286.0,1338.0,-344.0,285.0,93.0,-369.0,-431.0,-358.0,322.0,-472.0
-233.0,1160.0,-346.0,341.0,92.0,-373.0,-368.0,-299.0,379.0,-480.0
-172.0,731.0,-343.0,383.0,84.0,-319.0,-389.0,-393.0,369.0,-529.0
-118.0,335.0,-351.0,366.0,70.0,-353.0,-456.0,-243.0,375.0,-544.0
-59.0,169.0,-314.0,301.0,50.0,-432.0,-504.0,-177.0,389.0,-545.0
-7.0,95.0,-280.0,256.0,32.0,-461.0,-542.0,-70.0,374.0,-573.0
38.0,-52.0,-254.0,196.0,28.0,-461.0,-564.0,72.0,328.0,-608.0
58.0,-307.0,-202.0,144.0,27.0,-507.0,-568.0,-7.0,263.0,-600.0
94.0,-627.0,-161.0,78.0,19.0,-538.0,-529.0,7.0,228.0,-583.0
145.0,-899.0,-115.0,-2.0,16.0,-464.0,-504.0,-101.0,209.0,-602.0
194.0,-1026.0,-53.0,-72.0,31.0,-452.0,-541.0,-120.0,193.0,-614.0
246.0,-1005.0,-51.0,-133.0,62.0,-481.0,-538.0,-105.0,160.0,-602.0
303.0,-897.0,-21.0,-164.0,82.0,-418.0,-500.0,-123.0,89.0,-593.0
356.0,-696.0,-21.0,-193.0,75.0,-331.0,-434.0,-97.0,-6.0,-624.0
393.0,-396.0,-71.0,-184.0,62.0,-344.0,-369.0,-192.0,-94.0,-627.0
421.0,-154.0,-91.0,-153.0,63.0,-424.0,-373.0,-97.0,-161.0,-584.0
418.0,-104.0,-129.0,-100.0,76.0,-381.0,-400.0,-142.0,-222.0,-544.0
406.0,-210.0,-183.0,-20.0,88.0,-278.0,-397.0,-131.0,-310.0,-472.0
388.0,-329.0,-229.0,56.0,85.0,-225.0,-366.0,-81.0,-430.0,-351.0
351.0,-405.0,-248.0,119.0,65.0,-190.0,-353.0,-236.0,-534.0,-206.0
317.0,-543.0,-313.0,146.0,33.0,-152.0,-379.0,-188.0,-617.0,-96.0
287.0,-730.0,-342.0,138.0,3.0,-183.0,-389.0,-291.0,-642.0,28.0
256.0,-801.0,-361.0,90.0,-7.0,-225.0,-381.0,-330.0,-625.0,190.0
242.0,-668.0,-384.0,24.0,-5.0,-170.0,-378.0,-323.0,-612.0,293.0
206.0,-428.0,-364.0,-39.0,-1.0,-129.0,-398.0,-362.0,-567.0,367.0
178.0,-207.0,-364.0,-65.0,4.0,-139.0,-442.0,-269.0,-516.0,445.0
160.0,15.0,-339.0,-69.0,13.0,-147.0,-447.0,-271.0,-452.0,508.0
114.0,301.0,-352.0,-45.0,24.0,-81.0,-412.0,-162.0,-368.0,515.0
57.0,701.0,-348.0,10.0,25.0,-51.0,-361.0,-116.0,-311.0,489.0
-2.0,1233.0,-334.0,73.0,14.0,-116.0,-335.0,-48.0,-270.0,513.0
-69.0,1794.0,-362.0,122.0,9.0,-101.0,-334.0,-51.0,-211.0,526.0
-134.0,2163.0,-328.0,109.0,15.0,12.0,-328.0,-120.0,-123.0,506.0
-170.0,2167.0,-301.0,74.0,23.0,131.0,-319.0,25.0,-27.0,502.0
-207.0,1833.0,-285.0,15.0,25.0,153.0,-280.0,-118.0,45.0,516.0
-219.0,1323.0,-219.0,-95.0,17.0,178.0,-240.0,-205.0,103.0,492.0
-216.0,854.0,-179.0,-179.0,8.0,298.0,-220.0,-282.0,144.0,423.0
-209.0,538.0,-131.0,-238.0,7.0,323.0,-252.0,-445.0,172.0,385.0
-190.0,338.0,-61.0,-283.0,18.0,224.0,-328.0,-360.0,201.0,347.0
-175.0,183.0,-38.0,-280.0,38.0,196.0,-358.0,-400.0,253.0,290.0
-159.0,47.0,11.0,-266.0,46.0,220.0,-313.0,-266.0,295.0,252.0
-158.0,-76.0,99.0,-242.0,35.0,158.0,-263.0,-158.0,304.0,258.0
-161.0,-216.0,151.0,-233.0,9.0,124.0,-278.0,-77.0,305.0,283.0
-183.0,-387.0,234.0,-252.0,-31.0,223.0,-295.0,99.0,314.0,276.0
-212.0,-574.0,334.0,-241.0,-78.0,267.0,-272.0,94.0,335.0,295.0
-252.0,-717.0,365.0,-231.0,-136.0,183.0,-241.0,290.0,332.0,330.0
-260.0,-793.0,408.0,-243.0,-204.0,152.0,-227.0,360.0,309.0,322.0
-260.0,-808.0,438.0,-261.0,-268.0,189.0,-227.0,428.0,265.0,279.0
-285.0,-727.0,437.0,-295.0,-320.0,205.0,-202.0,506.0,210.0,244.0
-326.0,-513.0,449.0,-312.0,-350.0,179.0,-154.0,461.0,158.0,219.0
-393.0,-196.0,428.0,-307.0,-349.0,126.0,-105.0,461.0,120.0,149.0
-445.0,172.0,415.0,-306.0,-315.0,104.0,-48.0,288.0,91.0,96.0
-487.0,538.0,405.0,-276.0,-263.0,29.0,-20.0,245.0,17.0,77.0
-506.0,783.0,350.0,-232.0,-208.0,-28.0,-17.0,7.0,-78.0,75.0
-530.0,858.0,296.0,-193.0,-155.0,84.0,-4.0,-97.0,-153.0,80.0
-518.0,779.0,208.0,-146.0,-106.0,158.0,-32.0,-38.0,-186.0,94.0
-492.0,541.0,84.0,-114.0,-67.0,131.0,-61.0,-123.0,-174.0,142.0
-472.0,230.0,-4.0,-86.0,-31.0,108.0,-85.0,-9.0,-115.0,150.0
-430.0,-43.0,-129.0,-69.0,6.0,78.0,-123.0,-90.0,-26.0,127.0
-360.0,-283.0,-233.0,-55.0,42.0,23.0,-114.0,44.0,47.0,119.0
-270.0,-480.0,-338.0,-48.0,82.0,-30.0,-76.0,157.0,133.0,66.0
-200.0,-518.0,-431.0,-54.0,134.0,-21.0,-52.0,83.0,229.0,-52.0
-95.0,-366.0,-474.0,-45.0,190.0,-18.0,-52.0,182.0,306.0,-182.0
-4.0,-152.0,-575.0,-33.0,239.0,-79.0,-52.0,166.0,352.0,-310.0
80.0,-8.0,-619.0,-48.0,275.0,-126.0,-70.0,188.0,344.0,-471.0
163.0,70.0,-677.0,-107.0,303.0,-135.0,-73.0,94.0,304.0,-654.0
248.0,191.0,-737.0,-199.0,323.0,-130.0,-51.0,-22.0,270.0,-782.0
333.0,371.0,-742.0,-317.0,323.0,-127.0,-49.0,-182.0,227.0,-856.0
396.0,534.0,-752.0,-407.0,308.0,-127.0,-32.0,-295.0,168.0,-924.0
487.0,604.0,-717.0,-462.0,273.0,-88.0,-28.0,-103.0,82.0,-946.0
546.0,498.0,-670.0,-523.0,215.0,-101.0,-52.0,-5.0,-33.0,-914.0
607.0,271.0,-601.0,-550.0,149.0,-195.0,-91.0,171.0,-146.0,-864.0
658.0,86.0,-539.0,-505.0,99.0,-239.0,-122.0,271.0,-230.0,-834.0
706.0,8.0,-460.0,-372.0,82.0,-241.0,-140.0,266.0,-300.0,-797.0
764.0,-36.0,-378.0,-207.0,99.0,-272.0,-165.0,341.0,-370.0,-763.0
807.0,-117.0,-307.0,-67.0,130.0,-271.0,-189.0,236.0,-408.0,-783.0
830.0,-226.0,-205.0,38.0,161.0,-224.0,-183.0,229.0,-429.0,-804.0
819.0,-351.0,-109.0,99.0,175.0,-212.0,-156.0,138.0,-402.0,-791.0
829.0,-487.0,-18.0,119.0,163.0,-267.0,-124.0,40.0,-301.0,-753.0
820.0,-597.0,67.0,76.0,123.0,-314.0,-54.0,33.0,-150.0,-715.0
778.0,-655.0,145.0,-6.0,65.0,-191.0,0.0,-51.0,23.0,-631.0
721.0,-648.0,216.0,-93.0,8.0,-84.0,33.0,51.0,183.0,-515.0
658.0,-612.0,283.0,-176.0,-38.0,-133.0,44.0,121.0,343.0,-416.0
585.0,-610.0,332.0,-228.0,-74.0,-185.0,29.0,218.0,482.0,-311.0
488.0,-650.0,398.0,-258.0,-113.0,-143.0,44.0,160.0,588.0,-207.0
397.0,-737.0,469.0,-296.0,-160.0,-81.0,73.0,48.0,656.0,-95.0
313.0,-876.0,506.0,-356.0,-214.0,-177.0,101.0,77.0,670.0,-19.0
251.0,-1022.0,545.0,-396.0,-276.0,-263.0,74.0,-25.0,637.0,35.0
199.0,-1047.0,577.0,-425.0,-332.0,-257.0,38.0,-42.0,546.0,79.0
122.0,-876.0,572.0,-462.0,-364.0,-262.0,35.0,-125.0,459.0,99.0
35.0,-647.0,564.0,-457.0,-355.0,-246.0,51.0,-62.0,373.0,112.0
-38.0,-502.0,540.0,-455.0,-318.0,-208.0,99.0,51.0,257.0,108.0
-99.0,-455.0,479.0,-429.0,-270.0,-145.0,128.0,18.0,111.0,138.0
-156.0,-448.0,430.0,-404.0,-217.0,-81.0,125.0,25.0,-80.0,154.0
-212.0,-419.0,371.0,-409.0,-161.0,-41.0,84.0,-27.0,-279.0,131.0
-240.0,-280.0,317.0,-361.0,-100.0,10.0,59.0,0.0,-450.0,138.0
-274.0,2.0,266.0,-299.0,-46.0,31.0,91.0,-99.0,-587.0,139.0
-307.0,340.0,218.0,-206.0,-5.0,-14.0,129.0,-116.0,-713.0,105.0
-330.0,657.0,162.0,-124.0,14.0,-33.0,164.0,-46.0,-824.0,82.0
-345.0,907.0,90.0,-86.0,18.0,-65.0,166.0,-48.0,-890.0,78.0
-356.0,1040.0,58.0,-16.0,20.0,-107.0,162.0,25.0,-930.0,34.0
-394.0,1024.0,-16.0,69.0,21.0,-68.0,205.0,-60.0,-944.0,-24.0
-426.0,862.0,-60.0,139.0,12.0,3.0,238.0,-53.0,-928.0,-77.0
-461.0,625.0,-93.0,169.0,-15.0,37.0,256.0,-97.0,-911.0,-131.0
-483.0,379.0,-158.0,162.0,-44.0,-2.0,255.0,-218.0,-888.0,-179.0
-511.0,137.0,-187.0,186.0,-51.0,4.0,221.0,-247.0,-857.0,-246.0
-530.0,-155.0,-219.0,248.0,-42.0,56.0,185.0,-404.0,-826.0,-274.0
-537.0,-499.0,-257.0,273.0,-25.0,39.0,154.0,-362.0,-787.0,-284.0
-562.0,-688.0,-305.0,283.0,-6.0,-15.0,136.0,-339.0,-759.0,-323.0
-586.0,-587.0,-329.0,297.0,6.0,-72.0,148.0,-299.0,-713.0,-340.0
-616.0,-307.0,-360.0,270.0,12.0,-60.0,150.0,-70.0,-647.0,-320.0
-631.0,-18.0,-380.0,242.0,11.0,20.0,112.0,48.0,-575.0,-304.0
-667.0,240.0,-360.0,206.0,10.0,37.0,105.0,201.0,-458.0,-318.0
-692.0,496.0,-343.0,131.0,5.0,0.0,115.0,157.0,-326.0,-298.0
-706.0,691.0,-289.0,62.0,-19.0,-18.0,104.0,103.0,-221.0,-253.0
-718.0,766.0,-242.0,3.0,-57.0,-37.0,113.0,157.0,-126.0,-225.0
-724.0,716.0,-193.0,-35.0,-89.0,-15.0,112.0,134.0,-44.0,-182.0
-726.0,575.0,-116.0,-65.0,-107.0,16.0,107.0,155.0,5.0,-104.0
-703.0,400.0,-89.0,-119.0,-110.0,0.0,138.0,25.0,40.0,-6.0
-676.0,231.0,-46.0,-144.0,-102.0,-83.0,177.0,-48.0,92.0,64.0
-626.0,49.0,11.0,-154.0,-73.0,-151.0,200.0,-168.0,141.0,152.0
-561.0,-161.0,50.0,-151.0,-31.0,-87.0,216.0,-186.0,175.0,281.0
-488.0,-284.0,97.0,-135.0,-10.0,-32.0,217.0,-114.0,188.0,394.0
-416.0,-249.0,136.0,-134.0,-26.0,-83.0,221.0,-177.0,181.0,482.0
-341.0,-159.0,148.0,-126.0,-77.0,-78.0,243.0,-88.0,160.0,579.0
-266.0,-139.0,173.0,-116.0,-146.0,-19.0,220.0,-190.0,107.0,652.0
-158.0,-168.0,174.0,-103.0,-211.0,-98.0,176.0,-173.0,30.0,666.0
-50.0,-158.0,156.0,-78.0,-256.0,-214.0,135.0,-72.0,-68.0,669.0
39.0,-128.0,217.0,-94.0,-276.0,-193.0,122.0,-48.0,-150.0,675.0
124.0,-138.0,217.0,-135.0,-269.0,-112.0,138.0,118.0,-202.0,668.0
196.0,-150.0,221.0,-144.0,-245.0,-125.0,122.0,96.0,-261.0,609.0
271.0,-151.0,252.0,-154.0,-219.0,-123.0,95.0,147.0,-299.0,547.0
319.0,-196.0,225.0,-174.0,-193.0,-41.0,85.0,171.0,-304.0,490.0
403.0,-302.0,202.0,-223.0,-159.0,-16.0,79.0,205.0,-286.0,361.0
488.0,-403.0,161.0,-282.0,-102.0,-39.0,70.0,242.0,-269.0,199.0
546.0,-381.0,121.0,-339.0,-29.0,-88.0,64.0,72.0,-259.0,25.0
564.0,-191.0,94.0,-401.0,38.0,-93.0,64.0,33.0,-247.0,-142.0
543.0,53.0,102.0,-408.0,84.0,-133.0,56.0,38.0,-243.0,-306.0
534.0,161.0,30.0,-409.0,118.0,-200.0,29.0,158.0,-248.0,-453.0
508.0,109.0,-66.0,-387.0,153.0,-118.0,21.0,221.0,-289.0,-564.0
479.0,102.0,-74.0,-298.0,188.0,11.0,39.0,221.0,-356.0,-678.0
441.0,221.0,-160.0,-231.0,209.0,73.0,27.0,271.0,-421.0,-775.0
425.0,298.0,-247.0,-154.0,199.0,71.0,8.0,234.0,-464.0,-832.0
405.0,179.0,-254.0,-51.0,174.0,64.0,-1.0,347.0,-483.0,-830.0
357.0,-45.0,-246.0,47.0,156.0,35.0,-9.0,354.0,-488.0,-820.0
279.0,-235.0,-299.0,138.0,160.0,-9.0,-20.0,417.0,-495.0,-791.0
187.0,-380.0,-364.0,189.0,187.0,25.0,-29.0,556.0,-518.0,-713.0
111.0,-506.0,-335.0,204.0,223.0,87.0,-15.0,570.0,-518.0,-641.0
5.0,-606.0,-332.0,189.0,254.0,32.0,1.0,613.0,-516.0,-585.0
-95.0,-671.0,-368.0,159.0,265.0,-11.0,7.0,461.0,-534.0,-542.0
-204.0,-742.0,-325.0,105.0,254.0,54.0,19.0,482.0,-532.0,-477.0
-289.0,-837.0,-266.0,41.0,233.0,100.0,38.0,489.0,-537.0,-405.0
-363.0,-886.0,-245.0,-38.0,206.0,73.0,38.0,393.0,-541.0,-354.0
-471.0,-823.0,-221.0,-136.0,172.0,8.0,44.0,450.0,-525.0,-292.0
-555.0,-639.0,-186.0,-203.0,126.0,81.0,67.0,434.0,-502.0,-241.0
-607.0,-412.0,-156.0,-243.0,73.0,196.0,82.0,565.0,-439.0,-212.0
-651.0,-216.0,-175.0,-256.0,32.0,155.0,99.0,543.0,-346.0,-213.0
-718.0,-32.0,-173.0,-264.0,8.0,125.0,103.0,445.0,-241.0,-232.0
-785.0,197.0,-147.0,-263.0,-3.0,196.0,98.0,439.0,-109.0,-250.0
-822.0,473.0,-142.0,-287.0,-15.0,196.0,114.0,391.0,11.0,-289.0
-845.0,695.0,-94.0,-351.0,-33.0,107.0,140.0,471.0,128.0,-326.0
-871.0,815.0,-33.0,-383.0,-61.0,81.0,172.0,482.0,259.0,-338.0
-891.0,838.0,2.0,-413.0,-97.0,54.0,185.0,572.0,370.0,-351.0
-887.0,703.0,16.0,-441.0,-134.0,-41.0,185.0,521.0,461.0,-394.0
-865.0,453.0,84.0,-488.0,-168.0,-54.0,196.0,461.0,536.0,-435.0
-859.0,219.0,101.0,-567.0,-206.0,-20.0,188.0,543.0,610.0,-474.0
-865.0,41.0,77.0,-609.0,-241.0,-54.0,178.0,424.0,686.0,-538.0
-855.0,-101.0,118.0,-652.0,-265.0,-23.0,219.0,491.0,717.0,-599.0
-796.0,-184.0,95.0,-680.0,-282.0,16.0,289.0,485.0,705.0,-632.0
-716.0,-192.0,63.0,-650.0,-288.0,0.0,330.0,423.0,665.0,-645.0
-644.0,-113.0,56.0,-606.0,-280.0,1.0,364.0,393.0,594.0,-659.0
-555.0,-14.0,42.0,-533.0,-261.0,-102.0,411.0,349.0,504.0,-638.0
-460.0,-42.0,-16.0,-422.0,-239.0,-200.0,435.0,439.0,417.0,-581.0
-334.0,-171.0,-46.0,-318.0,-220.0,-154.0,446.0,343.0,323.0,-521.0
-223.0,-232.0,-34.0,-191.0,-197.0,-202.0,465.0,330.0,190.0,-464.0
-121.0,-185.0,-100.0,-72.0,-172.0,-277.0,488.0,280.0,49.0,-380.0
-15.0,-107.0,-106.0,-28.0,-151.0,-233.0,527.0,242.0,-62.0,-273.0
67.0,0.0,-76.0,-19.0,-135.0,-242.0,573.0,284.0,-176.0,-205.0
134.0,184.0,-64.0,-35.0,-112.0,-312.0,584.0,243.0,-281.0,-122.0
178.0,409.0,-49.0,-67.0,-70.0,-367.0,554.0,297.0,-368.0,-18.0
230.0,619.0,-7.0,-96.0,-23.0,-386.0,517.0,212.0,-431.0,55.0
253.0,792.0,39.0,-101.0,9.0,-440.0,507.0,286.0,-439.0,115.0
260.0,930.0,46.0,-94.0,31.0,-511.0,486.0,304.0,-408.0,166.0
252.0,1018.0,66.0,-99.0,58.0,-425.0,450.0,227.0,-349.0,222.0
236.0,1025.0,117.0,-78.0,84.0,-338.0,442.0,295.0,-254.0,251.0
225.0,915.0,156.0,-69.0,101.0,-367.0,456.0,238.0,-151.0,263.0
217.0,722.0,160.0,-91.0,113.0,-394.0,478.0,330.0,-73.0,285.0
226.0,507.0,193.0,-86.0,125.0,-389.0,521.0,341.0,-1.0,269.0
220.0,228.0,181.0,-86.0,132.0,-351.0,585.0,356.0,66.0,229.0
202.0,-99.0,137.0,-121.0,133.0,-388.0,606.0,448.0,122.0,175.0
172.0,-367.0,135.0,-145.0,133.0,-444.0,577.0,417.0,199.0,120.0
161.0,-492.0,66.0,-168.0,129.0,-400.0,539.0,495.0,305.0,61.0
136.0,-420.0,-40.0,-207.0,121.0,-413.0,531.0,460.0,394.0,-15.0
97.0,-161.0,-74.0,-245.0,119.0,-494.0,532.0,484.0,455.0,-46.0
74.0,155.0,-116.0,-281.0,134.0,-492.0,523.0,474.0,512.0,-46.0
56.0,383.0,-197.0,-339.0,170.0,-450.0,515.0,373.0,538.0,-58.0
58.0,487.0,-217.0,-398.0,200.0,-459.0,476.0,380.0,550.0,-66.0
39.0,486.0,-221.0,-422.0,214.0,-461.0,460.0,315.0,551.0,-34.0
4.0,404.0,-258.0,-425.0,210.0,-377.0,450.0,402.0,524.0,5.0
-49.0,224.0,-333.0,-432.0,185.0,-306.0,443.0,384.0,492.0,22.0
-95.0,-43.0,-336.0,-425.0,147.0,-306.0,436.0,301.0,450.0,88.0
-125.0,-313.0,-344.0,-346.0,110.0,-279.0,398.0,358.0,407.0,149.0
-138.0,-540.0,-432.0,-256.0,80.0,-244.0,416.0,317.0,346.0,163.0
-134.0,-750.0,-421.0,-195.0,56.0,-195.0,423.0,388.0,255.0,148.0
-147.0,-926.0,-404.0,-111.0,39.0,-150.0,398.0,352.0,164.0,124.0
-164.0,-965.0,-423.0,-58.0,21.0,-123.0,384.0,347.0,85.0,100.0
-208.0,-804.0,-425.0,-27.0,-1.0,-73.0,359.0,356.0,22.0,4.0
-245.0,-460.0,-350.0,7.0,-21.0,-41.0,338.0,229.0,-22.0,-93.0
-276.0,-35.0,-321.0,34.0,-32.0,-35.0,321.0,210.0,-54.0,-170.0
-290.0,255.0,-350.0,50.0,-41.0,-8.0,306.0,144.0,-89.0,-275.0
-273.0,309.0,-300.0,27.0,-45.0,55.0,277.0,205.0,-140.0,-401.0
-274.0,265.0,-287.0,17.0,-29.0,54.0,257.0,208.0,-191.0,-509.0
-270.0,246.0,-272.0,4.0,12.0,60.0,280.0,179.0,-243.0,-591.0
-264.0,187.0,-276.0,-29.0,65.0,118.0,302.0,236.0,-270.0,-701.0
-258.0,12.0,-254.0,-30.0,107.0,129.0,266.0,208.0,-253.0,-793.0
-259.0,-211.0,-213.0,-20.0,122.0,108.0,212.0,284.0,-229.0,-856.0
-270.0,-342.0,-202.0,10.0,104.0,117.0,162.0,256.0,-207.0,-915.0
-280.0,-304.0,-167.0,78.0,63.0,198.0,112.0,295.0,-176.0,-980.0
-283.0,-152.0,-133.0,167.0,16.0,176.0,98.0,341.0,-164.0,-1031.0
-284.0,16.0,-94.0,274.0,-10.0,146.0,122.0,375.0,-201.0,-1038.0
-311.0,201.0,-63.0,363.0,-17.0,227.0,165.0,504.0,-259.0,-1028.0
-338.0,407.0,30.0,446.0,-21.0,282.0,166.0,456.0,-305.0,-1025.0
-356.0,511.0,109.0,522.0,-31.0,296.0,137.0,580.0,-345.0,-1010.0
-378.0,378.0,180.0,539.0,-37.0,257.0,121.0,637.0,-383.0,-980.0
-403.0,35.0,277.0,541.0,-27.0,303.0,123.0,630.0,-396.0,-978.0
-430.0,-357.0,318.0,523.0,-1.0,399.0,126.0,631.0,-379.0,-1005.0
-424.0,-655.0,374.0,433.0,34.0,374.0,113.0,463.0,-359.0,-1038.0
-379.0,-797.0,381.0,330.0,63.0,302.0,95.0,458.0,-350.0,-1077.0
-337.0,-811.0,403.0,211.0,71.0,303.0,61.0,365.0,-313.0,-1149.0
-291.0,-690.0,416.0,49.0,66.0,373.0,56.0,275.0,-224.0,-1226.0
-233.0,-387.0,377.0,-106.0,62.0,392.0,84.0,181.0,-101.0,-1272.0
-159.0,-3.0,396.0,-219.0,66.0,352.0,110.0,169.0,40.0,-1313.0
-96.0,315.0,363.0,-286.0,77.0,342.0,114.0,249.0,181.0,-1342.0
-63.0,570.0,315.0,-306.0,97.0,357.0,95.0,192.0,299.0,-1310.0
-25.0,827.0,274.0,-324.0,116.0,417.0,77.0,286.0,399.0,-1210.0
-1.0,1071.0,200.0,-348.0,126.0,530.0,69.0,232.0,482.0,-1092.0
47.0,1201.0,160.0,-340.0,129.0,553.0,27.0,238.0,533.0,-930.0
71.0,1159.0,98.0,-299.0,139.0,484.0,-31.0,238.0,580.0,-708.0
75.0,974.0,58.0,-250.0,159.0,414.0,-59.0,160.0,620.0,-448.0
100.0,730.0,49.0,-217.0,170.0,422.0,-76.0,284.0,640.0,-190.0
109.0,484.0,37.0,-187.0,155.0,482.0,-76.0,208.0,659.0,84.0
120.0,216.0,23.0,-166.0,119.0,432.0,-83.0,240.0,646.0,391.0
99.0,-97.0,13.0,-158.0,85.0,361.0,-81.0,245.0,604.0,680.0
82.0,-462.0,5.0,-170.0,61.0,339.0,-77.0,225.0,543.0,942.0
60.0,-826.0,-22.0,-183.0,41.0,341.0,-80.0,280.0,449.0,1199.0
41.0,-1110.0,-7.0,-188.0,15.0,310.0,-60.0,166.0,366.0,1436.0
31.0,-1252.0,2.0,-230.0,-23.0,250.0,-34.0,271.0,315.0,1608.0
19.0,-1245.0,6.0,-259.0,-66.0,273.0,7.0,373.0,256.0,1733.0
22.0,-1136.0,26.0,-268.0,-102.0,239.0,49.0,565.0,189.0,1850.0
30.0,-955.0,30.0,-258.0,-127.0,200.0,90.0,844.0,130.0,1904.0
59.0,-685.0,47.0,-218.0,-146.0,281.0,128.0,940.0,83.0,1909.0
62.0,-310.0,41.0,-183.0,-163.0,299.0,170.0,992.0,26.0,1912.0
61.0,81.0,4.0,-169.0,-180.0,243.0,192.0,812.0,-68.0,1885.0
46.0,363.0,-16.0,-168.0,-191.0,217.0,177.0,735.0,-163.0,1818.0
40.0,534.0,-33.0,-152.0,-196.0,210.0,162.0,844.0,-220.0,1713.0
47.0,654.0,-77.0,-126.0,-208.0,202.0,142.0,903.0,-238.0,1612.0
35.0,823.0,-89.0,-92.0,-231.0,179.0,157.0,951.0,-228.0,1519.0
22.0,1092.0,-89.0,-51.0,-254.0,194.0,215.0,905.0,-226.0,1379.0
1.0,1350.0,-129.0,-14.0,-267.0,227.0,274.0,892.0,-214.0,1240.0
-4.0,1465.0,-124.0,17.0,-268.0,160.0,343.0,859.0,-174.0,1130.0
-18.0,1405.0,-116.0,36.0,-259.0,27.0,370.0,862.0,-142.0,995.0
-39.0,1268.0,-152.0,77.0,-246.0,-46.0,346.0,896.0,-104.0,834.0
-54.0,1141.0,-153.0,148.0,-227.0,-5.0,330.0,838.0,-4.0,675.0
-39.0,1027.0,-132.0,192.0,-205.0,68.0,310.0,805.0,138.0,535.0
-31.0,897.0,-127.0,228.0,-181.0,94.0,299.0,703.0,275.0,366.0
-43.0,790.0,-116.0,268.0,-149.0,118.0,305.0,752.0,424.0,170.0
-66.0,753.0,-108.0,314.0,-104.0,91.0,325.0,812.0,576.0,18.0
-88.0,759.0,-72.0,353.0,-43.0,-10.0,342.0,792.0,708.0,-108.0
-113.0,792.0,-49.0,358.0,18.0,25.0,388.0,781.0,810.0,-248.0
-163.0,815.0,-44.0,366.0,65.0,105.0,464.0,685.0,863.0,-375.0
-198.0,718.0,-14.0,352.0,92.0,79.0,483.0,720.0,880.0,-456.0
-234.0,464.0,-13.0,325.0,105.0,88.0,489.0,635.0,854.0,-520.0
-234.0,156.0,17.0,325.0,106.0,177.0,498.0,626.0,797.0,-604.0
-251.0,-154.0,54.0,296.0,89.0,221.0,483.0,620.0,718.0,-648.0
-277.0,-471.0,95.0,252.0,43.0,123.0,465.0,487.0,629.0,-639.0
-270.0,-741.0,152.0,256.0,-20.0,21.0,458.0,565.0,519.0,-628.0
-278.0,-1004.0,194.0,277.0,-78.0,25.0,483.0,515.0,360.0,-631.0
-280.0,-1357.0,241.0,306.0,-121.0,100.0,516.0,543.0,203.0,-600.0
-287.0,-1789.0,257.0,309.0,-152.0,117.0,520.0,517.0,49.0,-564.0
-264.0,-2197.0,285.0,242.0,-168.0,87.0,481.0,408.0,-84.0,-587.0
-220.0,-2403.0,296.0,193.0,-159.0,105.0,431.0,417.0,-191.0,-613.0
-158.0,-2274.0,294.0,184.0,-121.0,115.0,391.0,332.0,-318.0,-636.0
-103.0,-1885.0,309.0,183.0,-80.0,137.0,383.0,323.0,-426.0,-680.0
-65.0,-1365.0,320.0,188.0,-56.0,201.0,395.0,199.0,-508.0,-738.0
-14.0,-765.0,328.0,224.0,-54.0,262.0,397.0,164.0,-591.0,-798.0
21.0,-175.0,323.0,271.0,-62.0,237.0,434.0,103.0,-669.0,-837.0
51.0,348.0,342.0,306.0,-76.0,249.0,478.0,-38.0,-716.0,-879.0
68.0,807.0,354.0,341.0,-92.0,318.0,506.0,77.0,-710.0,-925.0
94.0,1165.0,342.0,358.0,-97.0,305.0,518.0,12.0,-652.0,-948.0
126.0,1419.0,339.0,385.0,-89.0,289.0,509.0,-3.0,-569.0,-935.0
157.0,1585.0,348.0,411.0,-64.0,317.0,512.0,25.0,-484.0,-921.0
181.0,1662.0,338.0,397.0,-27.0,421.0,495.0,44.0,-401.0,-895.0
200.0,1657.0,336.0,362.0,11.0,473.0,482.0,203.0,-316.0,-832.0
208.0,1569.0,346.0,351.0,41.0,353.0,475.0,219.0,-244.0,-779.0
209.0,1374.0,333.0,335.0,58.0,249.0,451.0,256.0,-199.0,-731.0
219.0,1106.0,332.0,280.0,70.0,247.0,432.0,160.0,-161.0,-646.0
203.0,838.0,312.0,222.0,73.0,281.0,403.0,49.0,-109.0,-520.0
185.0,603.0,293.0,154.0,72.0,294.0,379.0,-97.0,-36.0,-382.0
197.0,398.0,287.0,86.0,70.0,319.0,342.0,-210.0,25.0,-220.0
193.0,245.0,266.0,9.0,72.0,375.0,295.0,-94.0,96.0,-41.0
178.0,156.0,265.0,-77.0,88.0,342.0,253.0,-116.0,177.0,151.0
165.0,60.0,236.0,-155.0,107.0,308.0,207.0,86.0,263.0,323.0
152.0,-73.0,195.0,-205.0,123.0,347.0,172.0,234.0,355.0,473.0
152.0,-222.0,156.0,-218.0,139.0,334.0,160.0,284.0,407.0,644.0
134.0,-397.0,110.0,-238.0,157.0,325.0,154.0,408.0,460.0,761.0
109.0,-585.0,61.0,-266.0,176.0,360.0,169.0,343.0,496.0,842.0
97.0,-724.0,3.0,-290.0,198.0,372.0,199.0,406.0,502.0,904.0
102.0,-845.0,-41.0,-307.0,226.0,344.0,188.0,330.0,517.0,917.0
111.0,-1040.0,-101.0,-319.0,259.0,292.0,179.0,243.0,524.0,901.0
112.0,-1257.0,-155.0,-311.0,289.0,284.0,148.0,280.0,525.0,850.0
127.0,-1394.0,-195.0,-361.0,310.0,322.0,125.0,286.0,539.0,789.0
134.0,-1404.0,-260.0,-450.0,319.0,281.0,149.0,328.0,564.0,722.0
125.0,-1314.0,-296.0,-515.0,313.0,204.0,137.0,262.0,581.0,648.0
108.0,-1180.0,-338.0,-574.0,285.0,218.0,124.0,279.0,577.0,589.0
110.0,-986.0,-374.0,-607.0,240.0,292.0,131.0,306.0,544.0,543.0
125.0,-729.0,-389.0,-650.0,187.0,262.0,155.0,349.0,487.0,485.0
156.0,-430.0,-419.0,-657.0,137.0,187.0,185.0,358.0,433.0,437.0
182.0,-107.0,-385.0,-642.0,92.0,267.0,219.0,299.0,375.0,402.0
201.0,211.0,-399.0,-623.0,51.0,301.0,250.0,363.0,302.0,360.0
218.0,462.0,-386.0,-564.0,18.0,246.0,268.0,303.0,226.0,312.0
228.0,588.0,-328.0,-463.0,-1.0,285.0,269.0,293.0,157.0,256.0
232.0,588.0,-327.0,-335.0,-17.0,318.0,230.0,221.0,103.0,207.0
215.0,481.0,-246.0,-215.0,-50.0,251.0,157.0,94.0,47.0,169.0
215.0,294.0,-211.0,-114.0,-103.0,206.0,85.0,88.0,-15.0,142.0
223.0,47.0,-181.0,-69.0,-161.0,256.0,60.0,7.0,-70.0,126.0
229.0,-182.0,-143.0,0.0,-201.0,298.0,67.0,208.0,-155.0,142.0
219.0,-319.0,-122.0,89.0,-209.0,288.0,79.0,338.0,-247.0,161.0
183.0,-335.0,-59.0,159.0,-186.0,273.0,68.0,325.0,-313.0,174.0
138.0,-212.0,-36.0,230.0,-139.0,316.0,52.0,384.0,-374.0,193.0
86.0,48.0,0.0,253.0,-83.0,329.0,52.0,323.0,-430.0,194.0
33.0,364.0,46.0,293.0,-26.0,224.0,52.0,365.0,-451.0,178.0
-20.0,658.0,63.0,330.0,30.0,158.0,72.0,341.0,-433.0,148.0
-65.0,940.0,80.0,344.0,81.0,187.0,84.0,323.0,-411.0,128.0
-119.0,1174.0,73.0,348.0,114.0,216.0,71.0,269.0,-369.0,100.0
-157.0,1330.0,78.0,353.0,133.0,196.0,63.0,210.0,-301.0,52.0
-202.0,1431.0,100.0,369.0,156.0,246.0,68.0,203.0,-222.0,26.0
-252.0,1449.0,77.0,343.0,177.0,318.0,85.0,151.0,-118.0,44.0
-277.0,1298.0,76.0,311.0,177.0,231.0,102.0,260.0,-10.0,91.0
-302.0,1025.0,84.0,259.0,146.0,221.0,83.0,240.0,92.0,151.0
-316.0,717.0,66.0,210.0,90.0,324.0,46.0,315.0,209.0,240.0
-354.0,426.0,62.0,195.0,29.0,346.0,17.0,382.0,326.0,369.0
-380.0,254.0,57.0,179.0,-22.0,304.0,2.0,205.0,450.0,487.0
-383.0,204.0,36.0,166.0,-59.0,282.0,30.0,173.0,590.0,584.0
-379.0,224.0,27.0,176.0,-85.0,289.0,46.0,5.0,726.0,705.0
-345.0,331.0,38.0,192.0,-100.0,262.0,36.0,-77.0,832.0,789.0
-298.0,550.0,16.0,183.0,-98.0,242.0,5.0,-77.0,915.0,828.0
-253.0,816.0,29.0,176.0,-85.0,261.0,-47.0,-83.0,976.0,875.0
-212.0,1015.0,41.0,190.0,-77.0,298.0,-81.0,88.0,1010.0,892.0
-183.0,1080.0,19.0,235.0,-80.0,250.0,-106.0,188.0,997.0,883.0
-163.0,961.0,41.0,260.0,-81.0,204.0,-117.0,380.0,960.0,853.0
-121.0,649.0,52.0,245.0,-66.0,270.0,-128.0,378.0,929.0,820.0
-66.0,204.0,28.0,211.0,-39.0,279.0,-137.0,297.0,866.0,793.0
-7.0,-267.0,4.0,157.0,-7.0,209.0,-129.0,221.0,781.0,733.0
41.0,-692.0,-9.0,129.0,14.0,225.0,-104.0,27.0,714.0,684.0
85.0,-1048.0,-35.0,117.0,16.0,294.0,-93.0,-35.0,661.0,651.0
156.0,-1353.0,-75.0,95.0,6.0,246.0,-96.0,-264.0,607.0,597.0
235.0,-1619.0,-101.0,72.0,-2.0,223.0,-110.0,-362.0,578.0,534.0
280.0,-1801.0,-112.0,59.0,-10.0,267.0,-180.0,-426.0,543.0,460.0
332.0,-1865.0,-150.0,83.0,-11.0,275.0,-223.0,-389.0,507.0,374.0
406.0,-1844.0,-156.0,152.0,4.0,252.0,-221.0,-121.0,496.0,250.0
442.0,-1773.0,-146.0,241.0,35.0,214.0,-199.0,-70.0,492.0,110.0
459.0,-1636.0,-163.0,316.0,65.0,289.0,-154.0,59.0,498.0,-15.0
475.0,-1374.0,-120.0,382.0,77.0,367.0,-135.0,25.0,495.0,-138.0
505.0,-921.0,-117.0,451.0,67.0,342.0,-135.0,-36.0,502.0,-252.0
538.0,-312.0,-106.0,539.0,49.0,329.0,-155.0,-20.0,500.0,-356.0
538.0,317.0,-58.0,607.0,32.0,383.0,-165.0,-62.0,476.0,-436.0
522.0,856.0,-46.0,639.0,17.0,420.0,-142.0,72.0,449.0,-494.0
500.0,1277.0,-22.0,664.0,3.0,404.0,-138.0,94.0,406.0,-535.0
470.0,1576.0,-1.0,671.0,-12.0,380.0,-132.0,81.0,348.0,-553.0
430.0,1695.0,11.0,649.0,-33.0,369.0,-118.0,25.0,279.0,-545.0
380.0,1582.0,9.0,579.0,-67.0,345.0,-105.0,-18.0,175.0,-550.0
348.0,1243.0,30.0,514.0,-110.0,344.0,-82.0,-29.0,75.0,-574.0
340.0,748.0,24.0,437.0,-143.0,388.0,-81.0,-77.0,12.0,-561.0
325.0,208.0,12.0,339.0,-160.0,350.0,-96.0,-53.0,-60.0,-581.0
287.0,-237.0,13.0,288.0,-160.0,290.0,-126.0,-245.0,-112.0,-641.0
244.0,-486.0,24.0,216.0,-142.0,269.0,-151.0,-223.0,-134.0,-695.0
188.0,-588.0,34.0,145.0,-106.0,301.0,-168.0,-131.0,-145.0,-764.0
123.0,-672.0,21.0,82.0,-61.0,316.0,-184.0,-188.0,-143.0,-837.0
79.0,-820.0,31.0,0.0,-23.0,231.0,-155.0,-64.0,-149.0,-908.0
44.0,-1048.0,50.0,-40.0,-10.0,210.0,-114.0,-157.0,-153.0,-936.0
9.0,-1308.0,93.0,-54.0,-29.0,211.0,-97.0,-125.0,-169.0,-941.0
-38.0,-1461.0,100.0,-40.0,-67.0,189.0,-66.0,-12.0,-181.0,-952.0
-74.0,-1408.0,137.0,7.0,-111.0,195.0,-29.0,33.0,-180.0,-933.0
-97.0,-1204.0,168.0,63.0,-157.0,219.0,-6.0,144.0,-170.0,-875.0
-127.0,-964.0,184.0,89.0,-200.0,236.0,-10.0,88.0,-148.0,-814.0
-155.0,-735.0,236.0,95.0,-228.0,164.0,-6.0,153.0,-147.0,-755.0
-170.0,-576.0,263.0,125.0,-226.0,71.0,10.0,64.0,-127.0,-655.0
-165.0,-538.0,281.0,148.0,-192.0,45.0,13.0,29.0,-83.0,-514.0
-164.0,-558.0,277.0,128.0,-139.0,55.0,57.0,51.0,-47.0,-364.0
-168.0,-623.0,301.0,76.0,-86.0,50.0,107.0,-88.0,20.0,-190.0
-168.0,-724.0,283.0,12.0,-35.0,39.0,131.0,-42.0,109.0,13.0
-158.0,-774.0,266.0,-35.0,10.0,41.0,148.0,-157.0,205.0,183.0
-164.0,-759.0,272.0,-77.0,54.0,6.0,169.0,-205.0,294.0,319.0
-184.0,-700.0,244.0,-107.0,106.0,-56.0,212.0,-138.0,356.0,446.0
-183.0,-586.0,245.0,-134.0,154.0,-54.0,271.0,-75.0,404.0,544.0
-162.0,-425.0,254.0,-161.0,177.0,10.0,324.0,64.0,453.0,610.0
-129.0,-265.0,242.0,-163.0,172.0,27.0,343.0,96.0,513.0,643.0
-107.0,-63.0,230.0,-162.0,150.0,-6.0,349.0,60.0,565.0,661.0
-89.0,291.0,243.0,-153.0,120.0,16.0,330.0,-123.0,612.0,672.0
-69.0,778.0,226.0,-134.0,89.0,81.0,341.0,-166.0,660.0,662.0
-43.0,1226.0,216.0,-99.0,63.0,75.0,375.0,-216.0,717.0,639.0
0.0,1502.0,191.0,-41.0,50.0,35.0,403.0,-242.0,726.0,632.0
48.0,1652.0,176.0,-7.0,57.0,-1.0,442.0,-173.0,724.0,603.0
112.0,1822.0,159.0,-14.0,81.0,-47.0,453.0,-258.0,674.0,524.0
184.0,2057.0,140.0,-27.0,112.0,-83.0,484.0,-103.0,498.0,441.0
212.0,2287.0,179.0,-17.0,146.0,-48.0,510.0,-94.0,334.0,364.0
199.0,2447.0,150.0,3.0,175.0,-31.0,534.0,-155.0,150.0,264.0
162.0,2511.0,176.0,6.0,197.0,-91.0,557.0,-120.0,-61.0,163.0
136.0,2441.0,165.0,-24.0,211.0,-81.0,550.0,-234.0,-198.0,123.0
132.0,2158.0,142.0,-52.0,210.0,-54.0,545.0,-194.0,-166.0,106.0
155.0,1663.0,188.0,-65.0,191.0,-79.0,535.0,-182.0,-63.0,71.0
217.0,1067.0,157.0,-60.0,150.0,-158.0,524.0,-75.0,-169.0,71.0
266.0,477.0,203.0,-17.0,103.0,-213.0,513.0,25.0,-363.0,126.0
246.0,-4.0,211.0,55.0,63.0,-198.0,515.0,66.0,-481.0,249.0
146.0,-264.0,200.0,134.0,29.0,-258.0,519.0,116.0,-614.0,468.0
82.0,-323.0,255.0,193.0,6.0,-321.0,529.0,-27.0,-581.0,730.0
140.0,-351.0,236.0,261.0,-6.0,-275.0,551.0,-70.0,-403.0,958.0
277.0,-490.0,269.0,310.0,-11.0,-221.0,526.0,-173.0,-420.0,1082.0
353.0,-742.0,294.0,349.0,-17.0,-277.0,498.0,-160.0,-379.0,1124.0
287.0,-964.0,290.0,416.0,-43.0,-321.0,506.0,-110.0,-251.0,1157.0
155.0,-1045.0,362.0,466.0,-92.0,-267.0,511.0,-206.0,-329.0,1125.0
79.0,-973.0,349.0,507.0,-147.0,-233.0,522.0,-83.0,-265.0,1025.0
178.0,-810.0,400.0,537.0,-189.0,-281.0,499.0,-81.0,119.0,878.0
378.0,-642.0,401.0,571.0,-206.0,-322.0,445.0,-1.0,472.0,664.0
508.0,-500.0,430.0,594.0,-206.0,-271.0,387.0,131.0,711.0,395.0
427.0,-363.0,474.0,603.0,-203.0,-242.0,318.0,142.0,893.0,108.0
184.0,-250.0,457.0,621.0,-203.0,-280.0,294.0,203.0,856.0,-106.0
1.0,-220.0,546.0,626.0,-210.0,-307.0,289.0,164.0,681.0,-236.0
1.0,-235.0,453.0,633.0,-231.0,-238.0,290.0,242.0,613.0,-340.0
154.0,-240.0,526.0,620.0,-257.0,-190.0,311.0,260.0,699.0,-461.0
272.0,-143.0,432.0,599.0,-276.0,-283.0,316.0,323.0,789.0,-603.0
281.0,151.0,363.0,584.0,-280.0,-267.0,303.0,356.0,824.0,-755.0
194.0,544.0,383.0,540.0,-277.0,-194.0,294.0,223.0,1006.0,-854.0
93.0,819.0,217.0,458.0,-281.0,-235.0,303.0,264.0,976.0,-817.0
52.0,850.0,291.0,356.0,-290.0,-268.0,303.0,127.0,548.0,-663.0
61.0,689.0,249.0,292.0,-291.0,-243.0,274.0,86.0,416.0,-458.0
114.0,375.0,223.0,232.0,-280.0,-221.0,225.0,109.0,440.0,-253.0
135.0,-80.0,208.0,152.0,-261.0,-302.0,177.0,123.0,423.0,-45.0
161.0,-575.0,209.0,75.0,-236.0,-373.0,171.0,269.0,546.0,180.0
220.0,-967.0,205.0,-14.0,-203.0,-334.0,175.0,144.0,441.0,363.0
286.0,-1133.0,229.0,-111.0,-162.0,-305.0,149.0,125.0,142.0,463.0
295.0,-1069.0,317.0,-215.0,-113.0,-344.0,107.0,81.0,-39.0,537.0
239.0,-843.0,296.0,-290.0,-56.0,-376.0,52.0,-14.0,-150.0,621.0
210.0,-530.0,285.0,-340.0,3.0,-328.0,11.0,12.0,-297.0,705.0
237.0,-194.0,295.0,-399.0,67.0,-309.0,-21.0,-22.0,-289.0,772.0
296.0,118.0,212.0,-440.0,142.0,-364.0,-46.0,51.0,-201.0,822.0
339.0,344.0,144.0,-478.0,225.0,-356.0,-57.0,177.0,-105.0,840.0
385.0,433.0,190.0,-474.0,305.0,-293.0,-81.0,380.0,-52.0,819.0
382.0,400.0,92.0,-439.0,363.0,-306.0,-121.0,360.0,-410.0,839.0
320.0,300.0,88.0,-401.0,392.0,-332.0,-158.0,291.0,-773.0,927.0
224.0,166.0,49.0,-314.0,394.0,-277.0,-172.0,341.0,-784.0,995.0
154.0,11.0,-48.0,-217.0,377.0,-221.0,-191.0,127.0,-579.0,988.0
165.0,-99.0,-74.0,-113.0,355.0,-290.0,-199.0,88.0,-245.0,913.0
207.0,-61.0,-107.0,3.0,340.0,-374.0,-189.0,42.0,-52.0,770.0
257.0,115.0,-123.0,89.0,324.0,-296.0,-193.0,-18.0,-65.0,559.0
272.0,334.0,-213.0,130.0,306.0,-248.0,-216.0,109.0,-150.0,336.0
205.0,570.0,-213.0,117.0,280.0,-318.0,-266.0,116.0,-196.0,188.0
64.0,860.0,-208.0,105.0,240.0,-314.0,-317.0,73.0,-224.0,84.0
-6.0,1220.0,-202.0,117.0,183.0,-239.0,-362.0,-57.0,-301.0,-18.0
80.0,1549.0,-131.0,119.0,116.0,-250.0,-409.0,-55.0,-318.0,-28.0
304.0,1758.0,-77.0,104.0,59.0,-260.0,-430.0,-75.0,-86.0,61.0
503.0,1854.0,-64.0,110.0,27.0,-220.0,-428.0,-140.0,189.0,140.0
525.0,1836.0,56.0,134.0,17.0,-302.0,-436.0,-142.0,74.0,136.0
422.0,1685.0,129.0,151.0,23.0,-385.0,-449.0,-201.0,-162.0,92.0
287.0,1406.0,173.0,160.0,51.0,-320.0,-460.0,-66.0,-129.0,86.0
204.0,1038.0,310.0,155.0,98.0,-212.0,-507.0,-64.0,-13.0,136.0
198.0,613.0,332.0,136.0,157.0,-252.0,-548.0,-16.0,116.0,269.0
259.0,165.0,450.0,138.0,205.0,-356.0,-551.0,118.0,281.0,415.0
336.0,-274.0,492.0,152.0,222.0,-350.0,-551.0,114.0,326.0,468.0
373.0,-671.0,562.0,160.0,219.0,-315.0,-570.0,164.0,319.0,449.0
337.0,-987.0,687.0,154.0,209.0,-275.0,-615.0,129.0,347.0,415.0
243.0,-1144.0,714.0,133.0,194.0,-304.0,-627.0,190.0,307.0,401.0
134.0,-1028.0,850.0,150.0,171.0,-301.0,-582.0,208.0,221.0,403.0
77.0,-734.0,872.0,187.0,143.0,-276.0,-519.0,194.0,255.0,416.0
86.0,-514.0,912.0,210.0,118.0,-363.0,-461.0,195.0,428.0,441.0
92.0,-507.0,903.0,217.0,84.0,-390.0,-422.0,44.0,586.0,434.0
85.0,-702.0,818.0,243.0,34.0,-372.0,-414.0,-60.0,516.0,355.0
39.0,-1052.0,778.0,314.0,-18.0,-345.0,-456.0,-339.0,322.0,275.0
-3.0,-1476.0,699.0,332.0,-62.0,-348.0,-519.0,-569.0,376.0,248.0
-9.0,-1853.0,650.0,308.0,-87.0,-400.0,-529.0,-652.0,421.0,255.0
-27.0,-2152.0,530.0,287.0,-86.0,-436.0,-464.0,-722.0,221.0,322.0
-50.0,-2350.0,427.0,241.0,-62.0,-522.0,-392.0,-600.0,159.0,472.0
-51.0,-2403.0,332.0,196.0,-28.0,-546.0,-329.0,-504.0,205.0,624.0
-13.0,-2358.0,226.0,145.0,-5.0,-461.0,-281.0,-338.0,159.0,694.0
67.0,-2249.0,184.0,96.0,-5.0,-371.0,-268.0,-301.0,221.0,726.0
153.0,-2019.0,97.0,73.0,-18.0,-370.0,-253.0,-386.0,324.0,751.0
194.0,-1637.0,-45.0,90.0,-35.0,-422.0,-291.0,-428.0,95.0,711.0
180.0,-1153.0,-135.0,146.0,-49.0,-399.0,-358.0,-593.0,-165.0,640.0
171.0,-619.0,-204.0,190.0,-42.0,-423.0,-427.0,-578.0,-105.0,637.0
217.0,-80.0,-271.0,220.0,-1.0,-499.0,-525.0,-591.0,-58.0,690.0
264.0,369.0,-264.0,244.0,64.0,-533.0,-598.0,-498.0,-131.0,739.0
281.0,624.0,-252.0,247.0,127.0,-550.0,-656.0,-423.0,-113.0,735.0
285.0,704.0,-263.0,248.0,165.0,-569.0,-677.0,-502.0,-58.0,689.0
315.0,738.0,-251.0,252.0,177.0,-573.0,-664.0,-424.0,-83.0,561.0
342.0,839.0,-207.0,260.0,171.0,-525.0,-618.0,-583.0,-131.0,334.0
348.0,1041.0,-183.0,288.0,155.0,-450.0,-540.0,-657.0,-265.0,101.0
379.0,1319.0,-191.0,328.0,122.0,-459.0,-473.0,-752.0,-441.0,-86.0
431.0,1668.0,-180.0,339.0,71.0,-506.0,-390.0,-921.0,-388.0,-185.0
461.0,2120.0,-140.0,316.0,20.0,-465.0,-300.0,-886.0,-263.0,-187.0
442.0,2634.0,-88.0,288.0,-17.0,-438.0,-215.0,-899.0,-253.0,-157.0
419.0,3044.0,-28.0,277.0,-39.0,-485.0,-146.0,-709.0,-181.0,-163.0
352.0,3174.0,17.0,285.0,-52.0,-498.0,-130.0,-506.0,-113.0,-220.0
285.0,2973.0,19.0,257.0,-59.0,-457.0,-185.0,-312.0,-242.0,-319.0
276.0,2563.0,30.0,173.0,-73.0,-484.0,-277.0,-232.0,-370.0,-405.0
305.0,2106.0,27.0,87.0,-106.0,-580.0,-327.0,-266.0,-264.0,-509.0
299.0,1633.0,17.0,20.0,-144.0,-568.0,-313.0,-206.0,-158.0,-676.0
177.0,1098.0,35.0,-37.0,-159.0,-476.0,-278.0,-304.0,-99.0,-869.0
0.0,482.0,36.0,-115.0,-147.0,-430.0,-272.0,-301.0,80.0,-1007.0
-172.0,-176.0,19.0,-153.0,-128.0,-392.0,-299.0,-369.0,87.0,-1044.0
-257.0,-756.0,18.0,-116.0,-120.0,-339.0,-332.0,-399.0,-162.0,-1049.0
-240.0,-1131.0,18.0,-105.0,-116.0,-340.0,-358.0,-317.0,-279.0,-1001.0
-178.0,-1293.0,33.0,-94.0,-110.0,-357.0,-351.0,-336.0,-163.0,-931.0
-159.0,-1378.0,48.0,-57.0,-110.0,-356.0,-302.0,-262.0,-92.0,-838.0
-210.0,-1480.0,20.0,3.0,-122.0,-368.0,-222.0,-349.0,-88.0,-699.0
-300.0,-1547.0,-10.0,81.0,-146.0,-392.0,-167.0,-306.0,-15.0,-571.0
-366.0,-1466.0,-64.0,138.0,-169.0,-436.0,-205.0,-269.0,35.0,-478.0
-356.0,-1194.0,-132.0,193.0,-181.0,-407.0,-280.0,-297.0,-19.0,-456.0
-285.0,-873.0,-150.0,234.0,-180.0,-385.0,-315.0,-205.0,-113.0,-403.0
-154.0,-698.0,-112.0,295.0,-172.0,-444.0,-308.0,-321.0,-120.0,-257.0
-61.0,-721.0,-76.0,377.0,-159.0,-423.0,-309.0,-323.0,-232.0,-112.0
-16.0,-846.0,-68.0,367.0,-132.0,-361.0,-319.0,-447.0,-488.0,-53.0
-10.0,-896.0,-72.0,311.0,-91.0,-383.0,-302.0,-589.0,-457.0,12.0
-49.0,-758.0,-94.0,324.0,-49.0,-487.0,-283.0,-576.0,-277.0,148.0
-83.0,-416.0,-109.0,361.0,-18.0,-530.0,-248.0,-655.0,-330.0,280.0
-110.0,22.0,-129.0,331.0,-7.0,-427.0,-246.0,-493.0,-504.0,420.0
-86.0,423.0,-143.0,211.0,-6.0,-370.0,-260.0,-389.0,-644.0,546.0
-22.0,798.0,-134.0,59.0,9.0,-373.0,-243.0,-301.0,-724.0,597.0
46.0,1222.0,-157.0,-63.0,59.0,-346.0,-264.0,-234.0,-737.0,538.0
46.0,1689.0,-188.0,-138.0,127.0,-340.0,-272.0,-236.0,-722.0,515.0
-35.0,2100.0,-208.0,-214.0,185.0,-369.0,-299.0,-107.0,-632.0,621.0
-131.0,2383.0,-203.0,-307.0,198.0,-386.0,-311.0,-142.0,-491.0,669.0
-158.0,2510.0,-117.0,-385.0,149.0,-339.0,-275.0,-140.0,-425.0,538.0
-75.0,2458.0,-52.0,-463.0,63.0,-322.0,-253.0,-225.0,-322.0,345.0
13.0,2255.0,22.0,-520.0,-18.0,-439.0,-194.0,-290.0,-232.0,211.0
20.0,1931.0,107.0,-571.0,-60.0,-509.0,-150.0,-315.0,-228.0,56.0
-15.0,1425.0,128.0,-603.0,-57.0,-375.0,-129.0,-522.0,-69.0,-97.0
18.0,690.0,172.0,-614.0,-14.0,-281.0,-128.0,-441.0,209.0,-134.0
103.0,-119.0,169.0,-622.0,43.0,-298.0,-138.0,-519.0,400.0,-93.0
162.0,-834.0,152.0,-595.0,96.0,-320.0,-92.0,-631.0,431.0,-85.0
192.0,-1445.0,178.0,-572.0,136.0,-308.0,-25.0,-476.0,417.0,-110.0
211.0,-2070.0,192.0,-554.0,157.0,-282.0,31.0,-391.0,429.0,-75.0
218.0,-2716.0,190.0,-551.0,162.0,-374.0,22.0,-177.0,459.0,-87.0
222.0,-3225.0,212.0,-546.0,166.0,-383.0,-54.0,-46.0,570.0,-163.0
319.0,-3419.0,246.0,-546.0,183.0,-318.0,-134.0,-12.0,645.0,-97.0
481.0,-3203.0,301.0,-567.0,206.0,-340.0,-208.0,-35.0,693.0,97.0
546.0,-2706.0,364.0,-523.0,216.0,-351.0,-256.0,-60.0,819.0,188.0
412.0,-2157.0,366.0,-447.0,197.0,-302.0,-302.0,-66.0,847.0,153.0
189.0,-1660.0,309.0,-393.0,141.0,-255.0,-327.0,-192.0,625.0,169.0
91.0,-1251.0,208.0,-365.0,58.0,-336.0,-332.0,-280.0,344.0,253.0
157.0,-956.0,107.0,-337.0,-41.0,-350.0,-403.0,-450.0,305.0,321.0
262.0,-740.0,28.0,-288.0,-145.0,-260.0,-498.0,-493.0,405.0,383.0
287.0,-578.0,27.0,-243.0,-230.0,-239.0,-566.0,-439.0,471.0,447.0
220.0,-481.0,41.0,-162.0,-274.0,-242.0,-548.0,-351.0,414.0,424.0
82.0,-433.0,42.0,-23.0,-277.0,-225.0,-456.0,-133.0,196.0,379.0
-94.0,-395.0,-8.0,105.0,-247.0,-156.0,-378.0,-127.0,133.0,505.0
-252.0,-322.0,-113.0,165.0,-206.0,-63.0,-321.0,-177.0,125.0,722.0
-330.0,-132.0,-173.0,211.0,-184.0,-47.0,-286.0,-327.0,40.0,803.0
-307.0,246.0,-221.0,250.0,-196.0,-113.0,-291.0,-436.0,145.0,815.0
-230.0,725.0,-218.0,242.0,-230.0,-180.0,-367.0,-460.0,230.0,884.0
-171.0,1173.0,-286.0,207.0,-255.0,-223.0,-472.0,-491.0,207.0,868.0
-134.0,1538.0,-370.0,140.0,-257.0,-189.0,-528.0,-315.0,170.0,705.0
-133.0,1775.0,-389.0,72.0,-241.0,-180.0,-534.0,-269.0,91.0,545.0
-168.0,1831.0,-472.0,28.0,-207.0,-190.0,-506.0,-205.0,41.0,507.0
-239.0,1702.0,-459.0,-5.0,-167.0,-145.0,-500.0,-203.0,-39.0,469.0
-321.0,1432.0,-381.0,-15.0,-130.0,-118.0,-550.0,-247.0,-80.0,370.0
-329.0,1123.0,-372.0,-23.0,-103.0,-87.0,-588.0,-219.0,-43.0,376.0
-210.0,922.0,-300.0,-21.0,-101.0,-122.0,-560.0,-365.0,-81.0,432.0
0.0,826.0,-213.0,40.0,-129.0,-143.0,-500.0,-227.0,-172.0,333.0
170.0,796.0,-190.0,162.0,-162.0,-47.0,-489.0,-166.0,-162.0,93.0
218.0,840.0,-166.0,311.0,-174.0,33.0,-521.0,-149.0,-20.0,-76.0
131.0,845.0,-144.0,430.0,-153.0,-6.0,-542.0,-66.0,113.0,-141.0
-39.0,654.0,-178.0,509.0,-94.0,-33.0,-475.0,-208.0,190.0,-183.0
-166.0,267.0,-182.0,534.0,-12.0,52.0,-352.0,-221.0,216.0,-115.0
-150.0,-110.0,-151.0,494.0,77.0,77.0,-302.0,-397.0,185.0,71.0
17.0,-370.0,-162.0,465.0,158.0,0.0,-338.0,-432.0,155.0,172.0
231.0,-604.0,-131.0,459.0,218.0,-97.0,-445.0,-413.0,29.0,83.0
314.0,-851.0,-135.0,470.0,265.0,-123.0,-558.0,-471.0,-42.0,-70.0
206.0,-1004.0,-140.0,487.0,302.0,-122.0,-640.0,-312.0,125.0,-250.0
43.0,-922.0,-107.0,457.0,325.0,-159.0,-665.0,-339.0,261.0,-476.0
-33.0,-562.0,-97.0,401.0,320.0,-183.0,-590.0,-301.0,221.0,-621.0
-28.0,-5.0,-49.0,375.0,294.0,-170.0,-490.0,-312.0,196.0,-645.0
-2.0,534.0,-12.0,354.0,259.0,-177.0,-462.0,-389.0,216.0,-728.0
68.0,900.0,94.0,273.0,219.0,-211.0,-522.0,-367.0,160.0,-903.0
159.0,1047.0,192.0,169.0,170.0,-182.0,-595.0,-400.0,133.0,-914.0
137.0,943.0,200.0,125.0,118.0,-164.0,-584.0,-343.0,79.0,-723.0
12.0,635.0,260.0,127.0,71.0,-235.0,-509.0,-439.0,-54.0,-543.0
-96.0,218.0,289.0,91.0,31.0,-320.0,-459.0,-552.0,-20.0,-446.0
-124.0,-198.0,375.0,53.0,-2.0,-313.0,-436.0,-587.0,50.0,-341.0
-86.0,-498.0,453.0,12.0,-15.0,-295.0,-386.0,-617.0,-109.0,-249.0
-13.0,-655.0,472.0,-10.0,-2.0,-326.0,-340.0,-567.0,-424.0,-306.0
31.0,-700.0,521.0,32.0,19.0,-292.0,-349.0,-556.0,-638.0,-445.0
6.0,-566.0,511.0,58.0,31.0,-223.0,-378.0,-504.0,-653.0,-522.0
-98.0,-191.0,551.0,81.0,32.0,-272.0,-369.0,-519.0,-638.0,-463.0
-233.0,201.0,564.0,110.0,40.0,-457.0,-302.0,-469.0,-706.0,-293.0
-302.0,341.0,562.0,169.0,64.0,-561.0,-276.0,-389.0,-804.0,-79.0
-309.0,255.0,561.0,208.0,94.0,-563.0,-309.0,-426.0,-967.0,137.0
-260.0,67.0,545.0,188.0,124.0,-565.0,-345.0,-375.0,-1162.0,265.0
-218.0,-139.0,541.0,184.0,155.0,-559.0,-369.0,-450.0,-1170.0,333.0
-195.0,-296.0,493.0,143.0,184.0,-463.0,-369.0,-556.0,-1109.0,368.0
-148.0,-403.0,414.0,74.0,206.0,-309.0,-416.0,-707.0,-1029.0,241.0
-70.0,-483.0,329.0,10.0,228.0,-300.0,-433.0,-831.0,-812.0,-73.0
14.0,-496.0,293.0,-76.0,250.0,-344.0,-386.0,-753.0,-686.0,-386.0
-5.0,-380.0,239.0,-182.0,275.0,-357.0,-327.0,-739.0,-686.0,-530.0
-121.0,-164.0,289.0,-256.0,306.0,-362.0,-324.0,-556.0,-595.0,-579.0
-200.0,53.0,338.0,-270.0,332.0,-377.0,-347.0,-417.0,-454.0,-606.0
-183.0,158.0,321.0,-286.0,337.0,-441.0,-261.0,-351.0,-415.0,-524.0
-125.0,132.0,337.0,-271.0,305.0,-451.0,-160.0,-301.0,-441.0,-335.0
-60.0,80.0,261.0,-217.0,231.0,-484.0,-124.0,-347.0,-327.0,-191.0
9.0,92.0,197.0,-214.0,138.0,-500.0,-171.0,-179.0,-93.0,-218.0
49.0,208.0,105.0,-293.0,52.0,-326.0,-244.0,-75.0,-52.0,-351.0
11.0,441.0,-16.0,-429.0,-16.0,-173.0,-291.0,105.0,-119.0,-455.0
-124.0,728.0,-50.0,-538.0,-67.0,-164.0,-328.0,181.0,-88.0,-525.0
-284.0,927.0,-79.0,-516.0,-102.0,-152.0,-326.0,99.0,-4.0,-608.0
-386.0,918.0,-105.0,-383.0,-128.0,-57.0,-284.0,97.0,71.0,-721.0
-435.0,742.0,-70.0,-308.0,-152.0,70.0,-174.0,-59.0,105.0,-830.0
-475.0,550.0,-70.0,-335.0,-163.0,97.0,-48.0,-22.0,82.0,-890.0
-511.0,397.0,-110.0,-356.0,-141.0,82.0,26.0,-18.0,-40.0,-875.0
-530.0,198.0,-184.0,-348.0,-84.0,120.0,-37.0,3.0,-45.0,-745.0
-529.0,-55.0,-227.0,-302.0,-21.0,57.0,-227.0,66.0,85.0,-572.0
-532.0,-260.0,-264.0,-269.0,22.0,-83.0,-388.0,5.0,159.0,-398.0
-576.0,-451.0,-372.0,-294.0,49.0,-156.0,-434.0,133.0,123.0,-270.0
-617.0,-683.0,-366.0,-300.0,76.0,-144.0,-374.0,88.0,-71.0,-213.0
-622.0,-841.0,-369.0,-297.0,100.0,-66.0,-313.0,157.0,-214.0,-140.0
-615.0,-836.0,-354.0,-308.0,105.0,43.0,-315.0,269.0,-240.0,-62.0
-542.0,-731.0,-325.0,-341.0,87.0,181.0,-362.0,223.0,-241.0,-11.0
-393.0,-622.0,-350.0,-381.0,58.0,214.0,-407.0,223.0,-235.0,6.0
-256.0,-535.0,-298.0,-376.0,39.0,108.0,-403.0,12.0,-266.0,45.0
-237.0,-515.0,-301.0,-307.0,26.0,84.0,-350.0,-86.0,-358.0,92.0
-350.0,-627.0,-346.0,-225.0,3.0,193.0,-309.0,-97.0,-466.0,84.0
-459.0,-778.0,-377.0,-174.0,-49.0,271.0,-307.0,-79.0,-363.0,115.0
-455.0,-873.0,-362.0,-149.0,-120.0,202.0,-319.0,-77.0,-149.0,220.0
-316.0,-952.0,-336.0,-137.0,-170.0,107.0,-333.0,-168.0,-157.0,325.0
-143.0,-993.0,-294.0,-134.0,-180.0,179.0,-316.0,-55.0,-264.0,306.0
-41.0,-912.0,-207.0,-169.0,-156.0,280.0,-258.0,-153.0,-263.0,257.0
-11.0,-758.0,-231.0,-215.0,-129.0,305.0,-192.0,-240.0,-271.0,318.0
7.0,-647.0,-250.0,-281.0,-121.0,327.0,-165.0,-162.0,-374.0,317.0
55.0,-500.0,-291.0,-346.0,-142.0,334.0,-177.0,-190.0,-367.0,169.0
100.0,-232.0,-319.0,-325.0,-180.0,362.0,-202.0,-73.0,-253.0,99.0
135.0,156.0,-233.0,-246.0,-216.0,413.0,-226.0,38.0,-221.0,208.0
137.0,647.0,-227.0,-161.0,-243.0,434.0,-189.0,140.0,-158.0,310.0
121.0,1004.0,-216.0,-82.0,-256.0,257.0,-77.0,49.0,-101.0,356.0
151.0,1116.0,-166.0,-27.0,-268.0,-70.0,37.0,-66.0,-157.0,431.0
301.0,1063.0,-116.0,-27.0,-277.0,-212.0,91.0,-168.0,-188.0,459.0
498.0,914.0,-62.0,-16.0,-268.0,-143.0,91.0,-393.0,-181.0,362.0
602.0,801.0,-33.0,20.0,-244.0,-25.0,107.0,-369.0,-162.0,321.0
510.0,742.0,50.0,35.0,-219.0,24.0,142.0,-363.0,-136.0,478.0
273.0,670.0,121.0,34.0,-205.0,6.0,165.0,-236.0,-85.0,622.0
117.0,535.0,139.0,-8.0,-191.0,43.0,145.0,-166.0,-12.0,635.0
100.0,281.0,195.0,-83.0,-166.0,69.0,81.0,-184.0,76.0,702.0
201.0,-97.0,242.0,-168.0,-133.0,70.0,63.0,-136.0,128.0,895.0
298.0,-541.0,189.0,-210.0,-100.0,108.0,64.0,-243.0,115.0,1057.0
316.0,-955.0,142.0,-214.0,-70.0,45.0,71.0,-190.0,131.0,1114.0
248.0,-1155.0,114.0,-272.0,-37.0,-77.0,84.0,-166.0,202.0,1104.0
88.0,-1006.0,65.0,-341.0,8.0,-78.0,95.0,-33.0,251.0,988.0
-22.0,-637.0,33.0,-359.0,67.0,-2.0,150.0,20.0,148.0,785.0
-11.0,-262.0,29.0,-318.0,121.0,-62.0,185.0,-3.0,77.0,621.0
121.0,-46.0,35.0,-249.0,158.0,-171.0,188.0,134.0,157.0,547.0
295.0,-60.0,0.0,-189.0,170.0,-101.0,156.0,-12.0,142.0,441.0
434.0,-229.0,28.0,-142.0,158.0,90.0,169.0,-9.0,9.0,231.0
461.0,-505.0,50.0,-131.0,133.0,195.0,260.0,-94.0,-139.0,74.0
362.0,-862.0,48.0,-96.0,108.0,106.0,308.0,-219.0,-147.0,37.0
259.0,-1170.0,74.0,-55.0,90.0,8.0,274.0,-81.0,-30.0,47.0
283.0,-1322.0,72.0,-54.0,56.0,-91.0,207.0,-201.0,50.0,49.0
442.0,-1300.0,33.0,-81.0,-5.0,-198.0,151.0,-216.0,52.0,27.0
582.0,-1201.0,-68.0,-129.0,-81.0,-164.0,114.0,-219.0,-55.0,-125.0
622.0,-1113.0,-63.0,-144.0,-136.0,24.0,84.0,-286.0,-199.0,-476.0
583.0,-996.0,-30.0,-125.0,-140.0,245.0,79.0,-227.0,-308.0,-780.0
507.0,-806.0,-48.0,-126.0,-95.0,285.0,112.0,-184.0,-358.0,-965.0
406.0,-569.0,-86.0,-134.0,-21.0,246.0,107.0,-103.0,-363.0,-1167.0
347.0,-364.0,-198.0,-100.0,42.0,218.0,65.0,-110.0,-413.0,-1340.0
372.0,-203.0,-221.0,-17.0,76.0,126.0,18.0,-46.0,-513.0,-1381.0
410.0,-47.0,-253.0,97.0,80.0,73.0,0.0,-94.0,-529.0,-1380.0
396.0,135.0,-255.0,215.0,66.0,161.0,76.0,-109.0,-408.0,-1534.0
341.0,374.0,-176.0,318.0,49.0,350.0,171.0,-55.0,-355.0,-1746.0
296.0,594.0,-177.0,376.0,37.0,517.0,191.0,-221.0,-431.0,-1847.0
188.0,759.0,-117.0,394.0,45.0,575.0,144.0,-188.0,-413.0,-1933.0
-14.0,905.0,-94.0,388.0,84.0,552.0,121.0,-284.0,-298.0,-2108.0
-192.0,1024.0,-124.0,325.0,148.0,401.0,117.0,-304.0,-232.0,-2235.0
-243.0,1176.0,-122.0,274.0,210.0,156.0,88.0,-221.0,-186.0,-2200.0
-177.0,1363.0,-149.0,209.0,235.0,98.0,24.0,-327.0,-160.0,-2106.0
-97.0,1468.0,-122.0,89.0,210.0,218.0,-21.0,-262.0,-217.0,-1995.0
-22.0,1437.0,-111.0,-3.0,156.0,294.0,18.0,-417.0,-293.0,-1818.0
53.0,1318.0,-105.0,-67.0,116.0,260.0,118.0,-541.0,-242.0,-1612.0
21.0,1108.0,-84.0,-91.0,122.0,286.0,235.0,-565.0,-215.0,-1436.0
-123.0,781.0,-105.0,-76.0,165.0,434.0,281.0,-650.0,-280.0,-1242.0
-275.0,452.0,-122.0,-98.0,226.0,520.0,268.0,-598.0,-215.0,-974.0
-379.0,234.0,-173.0,-194.0,284.0,548.0,208.0,-498.0,-134.0,-734.0
-501.0,88.0,-207.0,-288.0,317.0,499.0,91.0,-232.0,-115.0,-608.0
-653.0,-59.0,-229.0,-330.0,306.0,358.0,7.0,-90.0,-60.0,-455.0
-733.0,-225.0,-214.0,-339.0,261.0,253.0,-37.0,-18.0,60.0,-232.0
-700.0,-400.0,-142.0,-388.0,212.0,271.0,-38.0,-48.0,153.0,-149.0
-628.0,-547.0,-120.0,-457.0,170.0,373.0,-31.0,-181.0,100.0,-215.0
-570.0,-603.0,-104.0,-438.0,121.0,421.0,-21.0,-245.0,-4.0,-219.0
-502.0,-551.0,-106.0,-355.0,58.0,456.0,28.0,-358.0,-109.0,-138.0
-435.0,-470.0,-93.0,-304.0,-8.0,667.0,107.0,-212.0,-159.0,-111.0
-427.0,-387.0,-59.0,-335.0,-78.0,836.0,152.0,-186.0,-110.0,-115.0
-476.0,-309.0,-64.0,-362.0,-141.0,701.0,99.0,-175.0,-85.0,4.0
-512.0,-294.0,-32.0,-324.0,-174.0,514.0,32.0,-44.0,-55.0,158.0
-509.0,-336.0,-18.0,-233.0,-179.0,519.0,35.0,-55.0,50.0,188.0
-482.0,-430.0,-15.0,-138.0,-166.0,669.0,90.0,158.0,98.0,183.0
-414.0,-615.0,-14.0,-111.0,-142.0,692.0,76.0,162.0,31.0,252.0
-320.0,-852.0,-31.0,-134.0,-109.0,624.0,-28.0,127.0,-97.0,336.0
-260.0,-1029.0,-30.0,-152.0,-66.0,619.0,-83.0,123.0,-165.0,366.0
-281.0,-1043.0,-28.0,-171.0,-22.0,598.0,-38.0,-48.0,-169.0,414.0
-366.0,-849.0,-17.0,-204.0,10.0,533.0,14.0,-59.0,-265.0,434.0
-430.0,-547.0,-5.0,-229.0,21.0,461.0,-26.0,-291.0,-390.0,346.0
-423.0,-291.0,63.0,-254.0,13.0,483.0,-107.0,-369.0,-412.0,216.0
-326.0,-124.0,129.0,-259.0,7.0,482.0,-144.0,-388.0,-321.0,150.0
-111.0,-11.0,180.0,-272.0,15.0,424.0,-120.0,-502.0,-287.0,159.0
117.0,74.0,220.0,-337.0,22.0,402.0,-30.0,-345.0,-365.0,197.0
211.0,123.0,191.0,-384.0,0.0,312.0,68.0,-358.0,-442.0,318.0
175.0,163.0,219.0,-427.0,-52.0,219.0,134.0,-330.0,-444.0,463.0
70.0,123.0,226.0,-456.0,-108.0,264.0,164.0,-304.0,-278.0,546.0
-31.0,-96.0,201.0,-412.0,-134.0,421.0,168.0,-267.0,-159.0,592.0
-61.0,-343.0,246.0,-352.0,-124.0,548.0,149.0,-177.0,-185.0,632.0
41.0,-415.0,249.0,-283.0,-89.0,565.0,107.0,-208.0,-209.0,592.0
228.0,-280.0,274.0,-238.0,-54.0,572.0,93.0,-131.0,-205.0,424.0
341.0,10.0,291.0,-216.0,-44.0,624.0,85.0,-214.0,-57.0,272.0
308.0,417.0,246.0,-168.0,-63.0,592.0,88.0,-210.0,95.0,200.0
250.0,922.0,226.0,-117.0,-99.0,429.0,124.0,-175.0,78.0,133.0
282.0,1513.0,183.0,-59.0,-135.0,340.0,177.0,-214.0,64.0,97.0
316.0,2086.0,164.0,-25.0,-170.0,415.0,253.0,-94.0,116.0,196.0
312.0,2411.0,98.0,-41.0,-216.0,515.0,254.0,-83.0,153.0,379.0
294.0,2425.0,60.0,-88.0,-277.0,479.0,224.0,-121.0,41.0,500.0
319.0,2297.0,17.0,-127.0,-340.0,330.0,217.0,-266.0,-82.0,579.0
367.0,2125.0,-77.0,-136.0,-390.0,213.0,229.0,-351.0,4.0,669.0
370.0,1850.0,-77.0,-184.0,-413.0,197.0,259.0,-371.0,82.0,722.0
319.0,1454.0,-116.0,-290.0,-400.0,302.0,214.0,-330.0,117.0,687.0
219.0,1043.0,-103.0,-347.0,-361.0,435.0,199.0,-184.0,116.0,662.0
113.0,701.0,-111.0,-288.0,-310.0,416.0,254.0,-121.0,-29.0,686.0
49.0,499.0,-174.0,-172.0,-265.0,333.0,342.0,14.0,-178.0,639.0
85.0,408.0,-218.0,-44.0,-236.0,341.0,381.0,12.0,-273.0,517.0
176.0,283.0,-332.0,66.0,-227.0,295.0,285.0,72.0,-228.0,437.0
263.0,101.0,-369.0,164.0,-241.0,134.0,190.0,118.0,-144.0,504.0
261.0,-102.0,-411.0,260.0,-264.0,23.0,194.0,24.0,-199.0,644.0
145.0,-390.0,-408.0,288.0,-273.0,158.0,304.0,55.0,-286.0,739.0
15.0,-819.0,-406.0,263.0,-241.0,402.0,366.0,-134.0,-346.0,808.0
-77.0,-1292.0,-426.0,227.0,-165.0,425.0,288.0,-271.0,-358.0,853.0
-93.0,-1624.0,-343.0,184.0,-57.0,313.0,140.0,-380.0,-343.0,782.0
-86.0,-1763.0,-377.0,117.0,53.0,279.0,-9.0,-413.0,-274.0,565.0
-80.0,-1793.0,-371.0,-11.0,134.0,380.0,-53.0,-280.0,-165.0,261.0
-99.0,-1799.0,-349.0,-112.0,185.0,446.0,27.0,-389.0,-118.0,-130.0
-199.0,-1761.0,-379.0,-160.0,217.0,396.0,166.0,-319.0,-30.0,-525.0
-360.0,-1555.0,-308.0,-190.0,242.0,457.0,278.0,-304.0,125.0,-770.0
-533.0,-1163.0,-288.0,-152.0,266.0,561.0,299.0,-284.0,246.0,-863.0
-663.0,-705.0,-248.0,-111.0,286.0,567.0,230.0,-90.0,390.0,-905.0
-717.0,-309.0,-197.0,-119.0,303.0,519.0,126.0,-77.0,541.0,-958.0
-662.0,-58.0,-171.0,-122.0,320.0,467.0,49.0,101.0,596.0,-999.0
-548.0,75.0,-128.0,-100.0,338.0,432.0,42.0,157.0,553.0,-1115.0
-445.0,101.0,-75.0,-69.0,343.0,369.0,106.0,123.0,493.0,-1331.0
-432.0,38.0,-28.0,-42.0,322.0,348.0,186.0,127.0,418.0,-1483.0
-516.0,15.0,14.0,-59.0,273.0,411.0,233.0,25.0,314.0,-1507.0
-645.0,52.0,89.0,-123.0,212.0,488.0,233.0,48.0,271.0,-1408.0
-704.0,133.0,154.0,-183.0,161.0,553.0,171.0,20.0,252.0,-1202.0
-610.0,299.0,218.0,-252.0,124.0,561.0,97.0,86.0,219.0,-875.0
-443.0,491.0,243.0,-337.0,97.0,474.0,96.0,88.0,201.0,-546.0
-302.0,645.0,237.0,-392.0,81.0,294.0,186.0,-38.0,260.0,-372.0
-237.0,803.0,263.0,-411.0,82.0,149.0,243.0,-38.0,302.0,-250.0
-188.0,961.0,259.0,-405.0,95.0,181.0,228.0,-64.0,282.0,-61.0
-131.0,1004.0,232.0,-366.0,97.0,283.0,197.0,-7.0,291.0,149.0
-86.0,898.0,209.0,-297.0,73.0,356.0,132.0,99.0,239.0,246.0
-86.0,708.0,164.0,-200.0,25.0,434.0,82.0,299.0,105.0,261.0
-159.0,463.0,158.0,-116.0,-29.0,368.0,54.0,371.0,-49.0,235.0
-267.0,225.0,136.0,-86.0,-70.0,185.0,41.0,315.0,-128.0,138.0
-336.0,68.0,115.0,-125.0,-81.0,127.0,49.0,286.0,-203.0,68.0
-299.0,-66.0,141.0,-178.0,-64.0,261.0,51.0,84.0,-266.0,93.0
-187.0,-244.0,159.0,-207.0,-30.0,423.0,71.0,66.0,-180.0,190.0
-49.0,-400.0,192.0,-255.0,20.0,361.0,67.0,-14.0,-130.0,235.0
53.0,-477.0,163.0,-310.0,70.0,265.0,-6.0,-140.0,-171.0,264.0
82.0,-525.0,101.0,-364.0,107.0,302.0,-93.0,-155.0,-164.0,360.0
28.0,-579.0,-22.0,-400.0,133.0,262.0,-154.0,-229.0,-125.0,413.0
-49.0,-605.0,-158.0,-386.0,152.0,186.0,-226.0,-125.0,-226.0,362.0
-64.0,-571.0,-256.0,-313.0,170.0,162.0,-291.0,-70.0,-453.0,280.0
4.0,-485.0,-395.0,-207.0,185.0,202.0,-305.0,55.0,-577.0,222.0
139.0,-394.0,-477.0,-118.0,193.0,221.0,-236.0,99.0,-559.0,132.0
211.0,-356.0,-548.0,-85.0,189.0,194.0,-53.0,75.0,-491.0,59.0
156.0,-352.0,-575.0,-117.0,164.0,262.0,131.0,114.0,-405.0,55.0
35.0,-347.0,-601.0,-157.0,112.0,284.0,201.0,-59.0,-398.0,35.0
-48.0,-345.0,-629.0,-166.0,45.0,244.0,104.0,-59.0,-474.0,-118.0
-13.0,-322.0,-605.0,-167.0,-20.0,253.0,-69.0,-181.0,-464.0,-310.0
100.0,-263.0,-626.0,-209.0,-81.0,289.0,-190.0,-166.0,-327.0,-345.0
183.0,-191.0,-537.0,-287.0,-135.0,310.0,-194.0,79.0,-191.0,-291.0
154.0,-120.0,-385.0,-337.0,-173.0,248.0,-119.0,131.0,-201.0,-255.0
57.0,-23.0,-263.0,-342.0,-178.0,254.0,-114.0,386.0,-256.0,-233.0
7.0,87.0,-118.0,-322.0,-151.0,365.0,-171.0,447.0,-241.0,-143.0
61.0,117.0,-23.0,-344.0,-109.0,421.0,-207.0,426.0,-191.0,-11.0
189.0,1.0,33.0,-439.0,-62.0,452.0,-171.0,412.0,-136.0,104.0
290.0,-243.0,26.0,-555.0,-17.0,492.0,-51.0,229.0,-110.0,186.0
288.0,-561.0,20.0,-686.0,19.0,411.0,82.0,92.0,-93.0,153.0
203.0,-978.0,49.0,-798.0,47.0,246.0,156.0,-1.0,-49.0,46.0
86.0,-1480.0,31.0,-863.0,57.0,162.0,160.0,27.0,4.0,-24.0
-11.0,-1972.0,21.0,-922.0,38.0,199.0,107.0,1.0,48.0,35.0
-61.0,-2295.0,-36.0,-942.0,-10.0,290.0,9.0,157.0,19.0,127.0
-61.0,-2308.0,-94.0,-906.0,-90.0,343.0,-101.0,199.0,-20.0,128.0
-6.0,-2086.0,-104.0,-825.0,-173.0,419.0,-185.0,94.0,40.0,136.0
87.0,-1636.0,-112.0,-714.0,-222.0,507.0,-211.0,168.0,-9.0,235.0
186.0,-999.0,-116.0,-596.0,-233.0,455.0,-217.0,20.0,-110.0,369.0
230.0,-363.0,-149.0,-478.0,-231.0,371.0,-235.0,-9.0,5.0,456.0
170.0,268.0,-116.0,-334.0,-239.0,404.0,-249.0,-33.0,169.0,524.0
21.0,726.0,-79.0,-119.0,-261.0,457.0,-254.0,-38.0,289.0,592.0
-129.0,672.0,-27.0,106.0,-294.0,436.0,-221.0,114.0,433.0,658.0
-217.0,349.0,38.0,252.0,-317.0,417.0,-81.0,164.0,493.0,711.0
-252.0,147.0,32.0,336.0,-307.0,482.0,106.0,380.0,379.0,716.0
-254.0,-142.0,34.0,416.0,-264.0,442.0,210.0,437.0,176.0,635.0
-264.0,-518.0,-14.0,474.0,-197.0,204.0,179.0,489.0,0.0,489.0
-294.0,-670.0,-26.0,484.0,-129.0,17.0,23.0,582.0,-181.0,412.0
-308.0,-591.0,-57.0,441.0,-71.0,45.0,-145.0,493.0,-339.0,388.0
-268.0,-289.0,-102.0,352.0,-37.0,182.0,-228.0,497.0,-265.0,351.0
-190.0,209.0,-80.0,273.0,-29.0,250.0,-236.0,327.0,-42.0,333.0
-109.0,647.0,-127.0,228.0,-39.0,277.0,-235.0,280.0,121.0,355.0
-61.0,986.0,-85.0,231.0,-63.0,232.0,-263.0,341.0,203.0,357.0
-91.0,1429.0,-42.0,260.0,-96.0,113.0,-289.0,314.0,255.0,258.0
-167.0,1808.0,-50.0,269.0,-133.0,24.0,-252.0,412.0,283.0,104.0
-242.0,2021.0,-6.0,301.0,-173.0,3.0,-176.0,395.0,163.0,-76.0
-252.0,2198.0,12.0,403.0,-215.0,-45.0,-86.0,393.0,-31.0,-231.0
-195.0,2120.0,19.0,527.0,-238.0,-206.0,18.0,388.0,-217.0,-287.0
-103.0,1734.0,14.0,623.0,-220.0,-292.0,98.0,349.0,-378.0,-273.0
-19.0,1252.0,23.0,640.0,-167.0,-241.0,130.0,323.0,-435.0,-304.0
-27.0,679.0,60.0,562.0,-117.0,-250.0,110.0,253.0,-411.0,-469.0
-104.0,10.0,150.0,452.0,-94.0,-319.0,52.0,221.0,-376.0,-695.0
-194.0,-605.0,213.0,360.0,-84.0,-277.0,-31.0,147.0,-467.0,-879.0
-271.0,-1190.0,277.0,273.0,-69.0,-194.0,-76.0,227.0,-668.0,-1009.0
-291.0,-1742.0,344.0,200.0,-46.0,-154.0,-77.0,254.0,-819.0,-1107.0
-228.0,-2031.0,347.0,161.0,-24.0,-145.0,-56.0,245.0,-907.0,-1100.0
-87.0,-1969.0,384.0,120.0,-4.0,-129.0,-28.0,328.0,-915.0,-982.0
32.0,-1624.0,403.0,65.0,10.0,-77.0,-39.0,251.0,-729.0,-843.0
39.0,-1086.0,399.0,-14.0,17.0,-147.0,-46.0,223.0,-560.0,-718.0
-33.0,-463.0,369.0,-95.0,20.0,-265.0,-12.0,73.0,-651.0,-638.0
-143.0,48.0,338.0,-121.0,24.0,-271.0,41.0,14.0,-743.0,-591.0
-250.0,294.0,341.0,-128.0,41.0,-280.0,101.0,-7.0,-670.0,-565.0
-307.0,345.0,297.0,-137.0,72.0,-327.0,111.0,-125.0,-558.0,-554.0
-237.0,304.0,241.0,-148.0,104.0,-300.0,13.0,-59.0,-404.0,-551.0
-65.0,227.0,129.0,-180.0,135.0,-275.0,-76.0,-134.0,-172.0,-558.0
92.0,94.0,21.0,-203.0,159.0,-354.0,-63.0,-116.0,33.0,-532.0
177.0,-136.0,-16.0,-219.0,179.0,-392.0,-8.0,-162.0,105.0,-440.0
185.0,-368.0,-92.0,-254.0,197.0,-229.0,71.0,-197.0,239.0,-309.0
216.0,-508.0,-147.0,-302.0,196.0,-97.0,123.0,-86.0,565.0,-220.0
243.0,-648.0,-206.0,-351.0,185.0,-221.0,99.0,-123.0,859.0,-179.0
254.0,-755.0,-318.0,-401.0,189.0,-323.0,73.0,-1.0,981.0,-127.0
285.0,-583.0,-434.0,-462.0,213.0,-268.0,53.0,-3.0,922.0,-30.0
344.0,-113.0,-513.0,-525.0,231.0,-148.0,40.0,38.0,552.0,82.0
413.0,540.0,-558.0,-585.0,220.0,-131.0,56.0,77.0,-64.0,139.0
437.0,1387.0,-587.0,-626.0,186.0,-225.0,38.0,-29.0,-363.0,155.0
474.0,2241.0,-550.0,-660.0,149.0,-251.0,31.0,59.0,-92.0,137.0
484.0,2765.0,-552.0,-702.0,125.0,-327.0,90.0,60.0,295.0,56.0
460.0,2924.0,-567.0,-733.0,117.0,-409.0,154.0,201.0,399.0,-86.0
413.0,2742.0,-538.0,-716.0,121.0,-337.0,154.0,304.0,246.0,-257.0
387.0,2246.0,-557.0,-598.0,117.0,-197.0,138.0,240.0,251.0,-423.0
371.0,1693.0,-602.0,-481.0,95.0,-92.0,145.0,243.0,491.0,-544.0
326.0,1242.0,-641.0,-428.0,67.0,-33.0,134.0,129.0,715.0,-559.0
332.0,898.0,-622.0,-390.0,41.0,47.0,113.0,42.0,1074.0,-472.0
367.0,656.0,-576.0,-385.0,2.0,104.0,34.0,-46.0,1352.0,-340.0
390.0,390.0,-558.0,-372.0,-40.0,13.0,7.0,-11.0,1002.0,-181.0
279.0,10.0,-550.0,-316.0,-72.0,-141.0,105.0,105.0,196.0,29.0
88.0,-373.0,-501.0,-245.0,-90.0,-204.0,203.0,171.0,-540.0,235.0
-61.0,-621.0,-399.0,-207.0,-86.0,-222.0,260.0,192.0,-873.0,370.0
-155.0,-632.0,-273.0,-206.0,-60.0,-227.0,250.0,96.0,-762.0,467.0
-233.0,-417.0,-177.0,-162.0,-24.0,-176.0,200.0,131.0,-471.0,568.0
-330.0,-182.0,-159.0,-76.0,4.0,-91.0,146.0,73.0,-296.0,704.0
-377.0,-45.0,-129.0,22.0,13.0,-15.0,86.0,51.0,-345.0,847.0
-388.0,84.0,-103.0,101.0,0.0,-24.0,31.0,97.0,-336.0,981.0
-344.0,184.0,-83.0,88.0,-21.0,-22.0,33.0,92.0,-100.0,1054.0
-270.0,131.0,-84.0,1.0,-50.0,-62.0,78.0,144.0,50.0,987.0
-225.0,-5.0,-91.0,-83.0,-95.0,-283.0,135.0,-3.0,18.0,844.0
-289.0,-126.0,-44.0,-69.0,-147.0,-450.0,174.0,51.0,-75.0,740.0
-430.0,-235.0,-35.0,16.0,-194.0,-475.0,174.0,68.0,-13.0,732.0
-542.0,-353.0,-24.0,46.0,-227.0,-433.0,199.0,92.0,235.0,795.0
-570.0,-524.0,14.0,-13.0,-243.0,-464.0,224.0,253.0,260.0,873.0
-507.0,-710.0,36.0,-124.0,-242.0,-452.0,222.0,144.0,75.0,865.0
-412.0,-819.0,-9.0,-184.0,-226.0,-221.0,197.0,227.0,0.0,764.0
-336.0,-933.0,-50.0,-180.0,-195.0,-93.0,168.0,258.0,35.0,640.0
-351.0,-1181.0,-5.0,-176.0,-155.0,-77.0,136.0,284.0,61.0,543.0
-401.0,-1471.0,28.0,-217.0,-117.0,0.0,91.0,356.0,-187.0,540.0
-451.0,-1652.0,36.0,-271.0,-85.0,57.0,9.0,314.0,-484.0,573.0
-484.0,-1709.0,31.0,-304.0,-60.0,-53.0,-57.0,450.0,-228.0,621.0
-504.0,-1664.0,17.0,-357.0,-33.0,-256.0,8.0,437.0,267.0,695.0
-517.0,-1515.0,-47.0,-408.0,-9.0,-309.0,173.0,469.0,360.0,706.0
-481.0,-1348.0,-133.0,-450.0,2.0,-241.0,319.0,445.0,71.0,603.0
-398.0,-1178.0,-223.0,-449.0,-2.0,-198.0,356.0,253.0,-95.0,442.0
-298.0,-911.0,-340.0,-407.0,-14.0,-242.0,344.0,214.0,124.0,315.0
-243.0,-621.0,-383.0,-361.0,-33.0,-271.0,320.0,121.0,296.0,211.0
-186.0,-386.0,-389.0,-324.0,-70.0,-206.0,299.0,103.0,117.0,112.0
-116.0,-180.0,-384.0,-311.0,-118.0,-149.0,303.0,31.0,-207.0,62.0
-49.0,8.0,-333.0,-246.0,-163.0,-169.0,291.0,5.0,-365.0,70.0
-24.0,201.0,-241.0,-162.0,-187.0,-198.0,283.0,84.0,-235.0,53.0
-47.0,385.0,-143.0,-96.0,-189.0,-212.0,225.0,94.0,-96.0,-5.0
-84.0,619.0,-134.0,-18.0,-185.0,-126.0,144.0,260.0,-68.0,-32.0
-119.0,1002.0,-101.0,18.0,-179.0,78.0,142.0,317.0,-9.0,-91.0
-66.0,1477.0,-3.0,-28.0,-176.0,186.0,182.0,408.0,71.0,-237.0
60.0,1957.0,7.0,-112.0,-172.0,147.0,260.0,399.0,-16.0,-419.0
154.0,2380.0,-42.0,-143.0,-155.0,50.0,368.0,271.0,-411.0,-622.0
149.0,2602.0,-97.0,-156.0,-123.0,53.0,419.0,262.0,-652.0,-815.0
42.0,2511.0,-116.0,-169.0,-79.0,139.0,434.0,155.0,-398.0,-921.0
-109.0,2152.0,-76.0,-192.0,-36.0,79.0,500.0,291.0,-50.0,-903.0
-200.0,1601.0,-26.0,-258.0,1.0,4.0,541.0,308.0,81.0,-782.0
-167.0,984.0,58.0,-302.0,31.0,84.0,510.0,291.0,78.0,-685.0
-39.0,460.0,150.0,-307.0,48.0,145.0,447.0,339.0,19.0,-636.0
71.0,108.0,174.0,-236.0,41.0,118.0,378.0,181.0,-110.0,-552.0
137.0,-74.0,104.0,-83.0,19.0,84.0,363.0,251.0,-77.0,-472.0
152.0,-159.0,-30.0,111.0,14.0,34.0,364.0,273.0,197.0,-451.0
147.0,-236.0,-118.0,304.0,55.0,11.0,328.0,301.0,348.0,-508.0
196.0,-414.0,-133.0,404.0,142.0,35.0,284.0,275.0,253.0,-605.0
248.0,-689.0,-104.0,428.0,246.0,38.0,207.0,186.0,88.0,-684.0
321.0,-989.0,-56.0,429.0,332.0,-22.0,136.0,208.0,-17.0,-726.0
398.0,-1225.0,-1.0,426.0,372.0,-125.0,149.0,123.0,-116.0,-716.0
471.0,-1216.0,34.0,429.0,365.0,-112.0,235.0,134.0,-246.0,-704.0
511.0,-967.0,7.0,407.0,330.0,-26.0,395.0,75.0,-290.0,-711.0
476.0,-699.0,-37.0,380.0,287.0,-63.0,543.0,123.0,-132.0,-689.0
414.0,-517.0,-37.0,398.0,253.0,-182.0,593.0,158.0,189.0,-579.0
369.0,-340.0,23.0,428.0,226.0,-217.0,486.0,86.0,464.0,-411.0
344.0,-208.0,92.0,400.0,203.0,-114.0,266.0,158.0,585.0,-248.0
322.0,-210.0,155.0,290.0,196.0,-115.0,121.0,101.0,564.0,-101.0
334.0,-262.0,147.0,206.0,197.0,-262.0,102.0,249.0,564.0,-20.0
351.0,-285.0,59.0,203.0,193.0,-328.0,137.0,321.0,726.0,-15.0
307.0,-291.0,68.0,201.0,166.0,-310.0,182.0,277.0,858.0,-69.0
161.0,-314.0,136.0,205.0,108.0,-250.0,191.0,301.0,803.0,-97.0
8.0,-346.0,171.0,205.0,32.0,-217.0,145.0,131.0,504.0,-72.0
-85.0,-339.0,192.0,200.0,-40.0,-180.0,85.0,114.0,59.0,-36.0
-103.0,-241.0,131.0,197.0,-97.0,-167.0,29.0,-11.0,-248.0,58.0
-85.0,-91.0,51.0,191.0,-149.0,-272.0,40.0,-60.0,-298.0,156.0
-94.0,48.0,0.0,128.0,-213.0,-305.0,169.0,75.0,-235.0,191.0
-114.0,259.0,-32.0,-42.0,-264.0,-220.0,311.0,123.0,-297.0,143.0
-138.0,564.0,-20.0,-221.0,-273.0,-131.0,313.0,218.0,-429.0,39.0
-146.0,915.0,-7.0,-333.0,-245.0,-123.0,222.0,136.0,-399.0,-55.0
-169.0,1217.0,-2.0,-324.0,-210.0,-181.0,216.0,120.0,-156.0,-78.0
-196.0,1301.0,-33.0,-197.0,-184.0,-239.0,290.0,60.0,110.0,38.0
-227.0,1170.0,-77.0,-60.0,-157.0,-296.0,332.0,70.0,79.0,239.0
-247.0,996.0,-113.0,15.0,-118.0,-315.0,300.0,186.0,-219.0,460.0
-255.0,892.0,-98.0,-33.0,-80.0,-248.0,266.0,129.0,-528.0,659.0
-260.0,761.0,-33.0,-155.0,-57.0,-202.0,275.0,243.0,-766.0,772.0
-224.0,477.0,32.0,-215.0,-46.0,-282.0,298.0,206.0,-908.0,778.0
-168.0,87.0,75.0,-206.0,-42.0,-363.0,291.0,271.0,-1077.0,703.0
-112.0,-266.0,-21.0,-161.0,-39.0,-379.0,255.0,447.0,-1230.0,653.0
-70.0,-454.0,-135.0,-98.0,-22.0,-388.0,241.0,423.0,-1060.0,684.0
-15.0,-487.0,-166.0,-67.0,16.0,-392.0,247.0,535.0,-687.0,718.0
-1.0,-490.0,-185.0,-54.0,60.0,-321.0,303.0,545.0,-332.0,703.0
-48.0,-524.0,-171.0,-89.0,96.0,-206.0,330.0,596.0,157.0,624.0
-107.0,-565.0,-149.0,-191.0,126.0,-216.0,252.0,563.0,777.0,443.0
-110.0,-615.0,-145.0,-346.0,156.0,-300.0,154.0,426.0,1287.0,185.0
7.0,-652.0,-121.0,-533.0,176.0,-276.0,127.0,343.0,1454.0,-91.0
159.0,-602.0,-155.0,-682.0,167.0,-212.0,220.0,181.0,1341.0,-317.0
255.0,-405.0,-232.0,-797.0,134.0,-209.0,272.0,168.0,1139.0,-420.0
250.0,-113.0,-275.0,-792.0,83.0,-219.0,235.0,66.0,786.0,-409.0
153.0,68.0,-283.0,-641.0,25.0,-160.0,199.0,94.0,369.0,-318.0
45.0,121.0,-243.0,-503.0,-35.0,-43.0,213.0,194.0,128.0,-176.0
-18.0,213.0,-188.0,-460.0,-93.0,-61.0,311.0,194.0,85.0,-52.0
-47.0,378.0,-107.0,-484.0,-130.0,-139.0,384.0,288.0,69.0,-15.0
-5.0,482.0,-32.0,-442.0,-134.0,-135.0,402.0,188.0,11.0,-29.0
82.0,470.0,-37.0,-330.0,-116.0,-90.0,442.0,212.0,68.0,-81.0
141.0,423.0,-120.0,-281.0,-96.0,-47.0,470.0,275.0,218.0,-209.0
127.0,327.0,-188.0,-303.0,-84.0,-41.0,419.0,306.0,259.0,-393.0
66.0,164.0,-209.0,-322.0,-76.0,-20.0,313.0,419.0,109.0,-592.0
61.0,-44.0,-237.0,-290.0,-68.0,-29.0,218.0,426.0,-169.0,-791.0
103.0,-290.0,-251.0,-236.0,-66.0,6.0,214.0,504.0,-426.0,-977.0
197.0,-555.0,-194.0,-295.0,-73.0,93.0,300.0,434.0,-519.0,-1072.0
330.0,-803.0,-119.0,-480.0,-84.0,62.0,353.0,426.0,-477.0,-1073.0
453.0,-964.0,-123.0,-577.0,-90.0,6.0,355.0,321.0,-431.0,-998.0
513.0,-994.0,-58.0,-488.0,-87.0,93.0,363.0,105.0,-344.0,-804.0
458.0,-900.0,0.0,-273.0,-77.0,220.0,355.0,118.0,-51.0,-462.0
351.0,-738.0,58.0,-20.0,-66.0,175.0,337.0,18.0,291.0,-7.0
260.0,-636.0,163.0,183.0,-60.0,76.0,391.0,88.0,388.0,425.0
256.0,-645.0,162.0,284.0,-59.0,59.0,464.0,171.0,355.0,783.0
341.0,-671.0,150.0,332.0,-49.0,28.0,491.0,271.0,356.0,1008.0
439.0,-643.0,133.0,444.0,-28.0,-25.0,536.0,417.0,316.0,1018.0
483.0,-567.0,173.0,570.0,-9.0,-14.0,543.0,343.0,245.0,851.0
495.0,-407.0,211.0,610.0,0.0,62.0,509.0,360.0,296.0,598.0
492.0,-159.0,155.0,591.0,14.0,93.0,448.0,297.0,427.0,335.0
455.0,83.0,110.0,577.0,42.0,54.0,330.0,293.0,443.0,63.0
385.0,357.0,43.0,574.0,76.0,55.0,239.0,323.0,314.0,-187.0
289.0,735.0,12.0,592.0,100.0,83.0,171.0,295.0,224.0,-389.0
253.0,1099.0,-23.0,599.0,113.0,61.0,72.0,375.0,318.0,-550.0
269.0,1318.0,-100.0,515.0,117.0,87.0,-57.0,371.0,471.0,-651.0
336.0,1355.0,-102.0,422.0,117.0,131.0,-101.0,391.0,443.0,-698.0
448.0,1235.0,-72.0,370.0,115.0,98.0,9.0,299.0,230.0,-692.0
516.0,1061.0,-68.0,336.0,113.0,53.0,145.0,254.0,241.0,-653.0
534.0,948.0,-60.0,342.0,112.0,25.0,261.0,301.0,653.0,-609.0
517.0,875.0,-55.0,382.0,108.0,119.0,346.0,279.0,1056.0,-546.0
490.0,759.0,-81.0,444.0,109.0,219.0,344.0,391.0,1040.0,-481.0
463.0,648.0,-66.0,463.0,119.0,156.0,205.0,406.0,729.0,-450.0
440.0,598.0,-20.0,442.0,134.0,83.0,17.0,437.0,467.0,-433.0
433.0,602.0,-20.0,456.0,153.0,22.0,-54.0,519.0,256.0,-373.0
453.0,575.0,-23.0,523.0,166.0,-77.0,-64.0,565.0,46.0,-234.0
495.0,444.0,35.0,608.0,156.0,-129.0,-119.0,631.0,-49.0,-66.0
528.0,224.0,111.0,644.0,111.0,-94.0,-192.0,598.0,60.0,77.0
492.0,-96.0,150.0,619.0,47.0,-62.0,-235.0,670.0,288.0,190.0
375.0,-522.0,235.0,605.0,-16.0,-87.0,-220.0,624.0,507.0,269.0
218.0,-922.0,278.0,614.0,-69.0,-46.0,-151.0,552.0,684.0,276.0
67.0,-1175.0,260.0,573.0,-107.0,90.0,-51.0,528.0,721.0,205.0
-27.0,-1326.0,281.0,508.0,-116.0,140.0,44.0,395.0,688.0,123.0
-50.0,-1374.0,232.0,435.0,-96.0,68.0,102.0,397.0,737.0,26.0
-18.0,-1205.0,194.0,375.0,-67.0,9.0,98.0,325.0,668.0,-75.0
-21.0,-845.0,184.0,337.0,-43.0,37.0,27.0,332.0,347.0,-130.0
-98.0,-434.0,123.0,271.0,-23.0,50.0,-67.0,389.0,-38.0,-153.0
-230.0,-76.0,97.0,146.0,-7.0,2.0,-165.0,415.0,-339.0,-155.0
-343.0,199.0,52.0,16.0,2.0,-35.0,-182.0,467.0,-484.0,-132.0
-400.0,421.0,33.0,-44.0,12.0,-93.0,-23.0,345.0,-529.0,-92.0
-396.0,645.0,76.0,-58.0,22.0,-128.0,194.0,391.0,-526.0,-81.0
-334.0,929.0,102.0,-83.0,27.0,-162.0,285.0,443.0,-460.0,-104.0
-287.0,1229.0,146.0,-81.0,23.0,-216.0,212.0,511.0,-327.0,-129.0
-269.0,1453.0,190.0,-18.0,17.0,-292.0,90.0,554.0,-120.0,-181.0
-272.0,1563.0,233.0,5.0,14.0,-294.0,-23.0,424.0,95.0,-326.0
-247.0,1569.0,277.0,-11.0,18.0,-100.0,-102.0,417.0,260.0,-547.0
-234.0,1493.0,273.0,41.0,25.0,29.0,-45.0,275.0,278.0,-784.0
-250.0,1290.0,238.0,128.0,30.0,-8.0,121.0,234.0,83.0,-967.0
-264.0,963.0,146.0,140.0,30.0,-96.0,268.0,232.0,-102.0,-1078.0
-277.0,609.0,8.0,52.0,28.0,-108.0,287.0,70.0,-43.0,-1141.0
-250.0,242.0,-73.0,-48.0,23.0,-28.0,232.0,3.0,160.0,-1130.0
-237.0,-116.0,-131.0,-82.0,-7.0,-5.0,232.0,-24.0,323.0,-1076.0
-244.0,-350.0,-186.0,-107.0,-68.0,8.0,282.0,16.0,412.0,-995.0
-273.0,-396.0,-216.0,-179.0,-148.0,71.0,266.0,-36.0,412.0,-868.0
-286.0,-335.0,-208.0,-238.0,-217.0,81.0,134.0,-5.0,329.0,-681.0
-255.0,-307.0,-127.0,-183.0,-240.0,0.0,-80.0,57.0,281.0,-515.0
-201.0,-370.0,-54.0,-41.0,-210.0,3.0,-258.0,46.0,246.0,-378.0
-112.0,-460.0,48.0,109.0,-144.0,162.0,-215.0,138.0,161.0,-230.0
-42.0,-446.0,114.0,271.0,-73.0,231.0,-16.0,110.0,96.0,-134.0
-31.0,-251.0,64.0,424.0,-19.0,135.0,156.0,96.0,91.0,-92.0
-52.0,-5.0,0.0,576.0,10.0,100.0,263.0,46.0,254.0,-77.0
-105.0,100.0,-106.0,698.0,21.0,201.0,277.0,-12.0,455.0,0.0
-211.0,9.0,-164.0,745.0,19.0,317.0,191.0,-46.0,494.0,128.0
-308.0,-281.0,-164.0,667.0,11.0,356.0,61.0,-138.0,440.0,243.0
-332.0,-710.0,-165.0,418.0,0.0,301.0,-56.0,-68.0,421.0,378.0
-221.0,-1126.0,-135.0,78.0,-13.0,288.0,-123.0,-103.0,462.0,544.0
-3.0,-1426.0,-161.0,-243.0,-23.0,347.0,-111.0,-46.0,384.0,734.0
201.0,-1582.0,-171.0,-463.0,-22.0,371.0,-32.0,40.0,181.0,876.0
282.0,-1568.0,-157.0,-560.0,-6.0,392.0,80.0,5.0,-112.0,955.0
187.0,-1352.0,-193.0,-561.0,24.0,399.0,127.0,131.0,-437.0,980.0
15.0,-943.0,-178.0,-522.0,58.0,412.0,151.0,131.0,-538.0,983.0
-90.0,-433.0,-155.0,-500.0,91.0,475.0,241.0,240.0,-405.0,985.0
-48.0,-4.0,-125.0,-450.0,123.0,451.0,268.0,288.0,-189.0,1003.0
102.0,295.0,-87.0,-350.0,157.0,325.0,191.0,288.0,80.0,1061.0
305.0,553.0,-71.0,-273.0,190.0,221.0,56.0,423.0,304.0,1090.0
460.0,764.0,-7.0,-267.0,214.0,257.0,-13.0,375.0,236.0,1150.0
497.0,853.0,14.0,-294.0,221.0,335.0,43.0,367.0,0.0,1249.0
464.0,783.0,42.0,-271.0,202.0,294.0,127.0,229.0,-84.0,1294.0
436.0,567.0,155.0,-159.0,165.0,308.0,204.0,166.0,-31.0,1270.0
488.0,276.0,265.0,31.0,113.0,417.0,289.0,90.0,40.0,1188.0
575.0,80.0,391.0,211.0,51.0,561.0,376.0,-24.0,100.0,1075.0
626.0,70.0,501.0,264.0,-15.0,584.0,408.0,72.0,232.0,920.0
592.0,101.0,556.0,215.0,-78.0,402.0,391.0,11.0,475.0,818.0
488.0,13.0,536.0,154.0,-128.0,274.0,359.0,158.0,594.0,841.0
372.0,-231.0,445.0,76.0,-171.0,162.0,317.0,238.0,421.0,905.0
260.0,-591.0,357.0,44.0,-212.0,47.0,263.0,267.0,141.0,915.0
189.0,-962.0,324.0,117.0,-239.0,80.0,257.0,365.0,-96.0,811.0
188.0,-1219.0,330.0,186.0,-248.0,175.0,299.0,227.0,-264.0,640.0
265.0,-1348.0,266.0,197.0,-252.0,179.0,294.0,275.0,-287.0,382.0
341.0,-1380.0,202.0,170.0,-253.0,95.0,303.0,203.0,-224.0,61.0
364.0,-1284.0,147.0,174.0,-244.0,12.0,371.0,225.0,-169.0,-214.0
346.0,-1068.0,95.0,255.0,-223.0,-9.0,419.0,408.0,-146.0,-417.0
310.0,-813.0,123.0,363.0,-191.0,20.0,355.0,533.0,-140.0,-553.0
276.0,-591.0,139.0,444.0,-155.0,27.0,285.0,805.0,-15.0,-584.0
231.0,-406.0,145.0,443.0,-109.0,-29.0,284.0,814.0,204.0,-446.0
201.0,-249.0,98.0,410.0,-50.0,-66.0,269.0,831.0,357.0,-237.0
168.0,-119.0,40.0,364.0,8.0,50.0,271.0,781.0,418.0,-77.0
121.0,11.0,17.0,290.0,57.0,246.0,341.0,630.0,328.0,30.0
69.0,211.0,-2.0,234.0,107.0,333.0,440.0,541.0,112.0,87.0
47.0,510.0,59.0,166.0,163.0,214.0,493.0,310.0,21.0,72.0
64.0,849.0,157.0,89.0,211.0,68.0,513.0,208.0,102.0,-14.0
63.0,1152.0,270.0,83.0,237.0,79.0,483.0,77.0,221.0,-87.0
16.0,1362.0,340.0,200.0,251.0,118.0,382.0,36.0,314.0,-127.0
-81.0,1422.0,349.0,418.0,259.0,102.0,305.0,-7.0,336.0,-198.0
-211.0,1334.0,306.0,662.0,265.0,64.0,361.0,-72.0,350.0,-254.0
-367.0,1179.0,197.0,839.0,274.0,94.0,506.0,29.0,497.0,-274.0
-487.0,976.0,115.0,917.0,283.0,102.0,596.0,48.0,746.0,-319.0
-517.0,751.0,34.0,907.0,291.0,-12.0,541.0,267.0,898.0,-430.0
-475.0,631.0,-25.0,750.0,287.0,-119.0,378.0,304.0,799.0,-583.0
-366.0,692.0,-30.0,484.0,265.0,-64.0,275.0,247.0,607.0,-719.0
-183.0,912.0,-30.0,260.0,226.0,41.0,265.0,343.0,601.0,-841.0
-10.0,1122.0,-73.0,164.0,180.0,104.0,334.0,290.0,751.0,-919.0
77.0,1191.0,-90.0,163.0,134.0,231.0,439.0,343.0,911.0,-916.0
84.0,1134.0,-89.0,214.0,88.0,345.0,472.0,291.0,977.0,-849.0
64.0,954.0,-60.0,284.0,45.0,396.0,479.0,240.0,872.0,-764.0
80.0,646.0,51.0,346.0,11.0,291.0,507.0,162.0,621.0,-688.0
104.0,225.0,164.0,363.0,-15.0,106.0,507.0,-18.0,269.0,-601.0
149.0,-239.0,252.0,292.0,-41.0,18.0,428.0,-125.0,26.0,-533.0
220.0,-668.0,285.0,207.0,-74.0,18.0,316.0,-330.0,60.0,-509.0
283.0,-1009.0,320.0,180.0,-121.0,111.0,265.0,-308.0,208.0,-508.0
301.0,-1217.0,305.0,224.0,-172.0,188.0,269.0,-291.0,250.0,-502.0
278.0,-1321.0,236.0,290.0,-215.0,267.0,262.0,-286.0,106.0,-509.0
227.0,-1328.0,205.0,273.0,-241.0,289.0,288.0,-173.0,-139.0,-536.0
166.0,-1172.0,170.0,171.0,-246.0,248.0,363.0,-173.0,-271.0,-573.0
137.0,-829.0,211.0,0.0,-238.0,237.0,403.0,16.0,-145.0,-622.0
116.0,-362.0,316.0,-210.0,-219.0,162.0,355.0,107.0,25.0,-663.0
110.0,163.0,409.0,-391.0,-199.0,112.0,288.0,199.0,47.0,-672.0
122.0,687.0,555.0,-566.0,-174.0,126.0,293.0,325.0,2.0,-627.0
169.0,1170.0,637.0,-692.0,-137.0,130.0,325.0,277.0,12.0,-521.0
218.0,1649.0,691.0,-678.0,-93.0,64.0,367.0,301.0,118.0,-385.0
233.0,2085.0,761.0,-546.0,-49.0,70.0,411.0,212.0,205.0,-209.0
195.0,2334.0,777.0,-357.0,-17.0,210.0,409.0,199.0,266.0,-6.0
94.0,2258.0,861.0,-229.0,6.0,261.0,314.0,116.0,374.0,190.0
-65.0,1841.0,908.0,-181.0,24.0,252.0,174.0,-42.0,516.0,376.0
-280.0,1216.0,939.0,-134.0,38.0,234.0,141.0,-112.0,608.0,509.0
-422.0,531.0,909.0,-59.0,59.0,183.0,165.0,-251.0,544.0,596.0
-430.0,-93.0,749.0,71.0,94.0,95.0,157.0,-131.0,322.0,647.0
-337.0,-515.0,577.0,242.0,141.0,72.0,194.0,-27.0,70.0,661.0
-258.0,-672.0,391.0,432.0,185.0,180.0,229.0,84.0,-67.0,669.0
-262.0,-732.0,258.0,568.0,220.0,219.0,179.0,140.0,4.0,662.0
-327.0,-931.0,159.0,554.0,238.0,171.0,89.0,5.0,353.0,610.0
-392.0,-1285.0,55.0,395.0,235.0,162.0,52.0,25.0,793.0,522.0
-438.0,-1658.0,-34.0,148.0,222.0,219.0,85.0,-48.0,1054.0,454.0
-481.0,-1938.0,-80.0,-83.0,205.0,199.0,59.0,-33.0,1098.0,413.0
-517.0,-2070.0,-107.0,-250.0,185.0,83.0,-31.0,-31.0,974.0,355.0
-553.0,-2071.0,-119.0,-378.0,146.0,136.0,-64.0,-105.0,828.0,276.0
-531.0,-1979.0,-193.0,-465.0,88.0,275.0,-28.0,-114.0,736.0,127.0
-477.0,-1820.0,-254.0,-491.0,31.0,302.0,15.0,-247.0,658.0,-83.0
-398.0,-1599.0,-304.0,-457.0,-12.0,228.0,26.0,-262.0,540.0,-277.0
-315.0,-1317.0,-352.0,-376.0,-37.0,134.0,23.0,-301.0,326.0,-421.0
-242.0,-1004.0,-353.0,-270.0,-54.0,102.0,32.0,-288.0,20.0,-477.0
-178.0,-621.0,-356.0,-169.0,-72.0,22.0,70.0,-286.0,-284.0,-454.0
-139.0,-103.0,-368.0,-103.0,-84.0,-45.0,80.0,-291.0,-564.0,-382.0
-81.0,505.0,-458.0,-75.0,-82.0,-33.0,34.0,-157.0,-802.0,-234.0
-18.0,1039.0,-497.0,-66.0,-71.0,-31.0,-13.0,-140.0,-798.0,-55.0
31.0,1413.0,-582.0,-53.0,-62.0,-2.0,-51.0,-70.0,-613.0,71.0
9.0,1699.0,-570.0,-31.0,-59.0,-6.0,-58.0,-70.0,-480.0,161.0
-61.0,1913.0,-461.0,-17.0,-56.0,-47.0,-18.0,-11.0,-514.0,214.0
-114.0,2067.0,-366.0,7.0,-48.0,-129.0,40.0,60.0,-691.0,246.0
-104.0,2231.0,-196.0,86.0,-29.0,-223.0,55.0,-9.0,-781.0,335.0
-20.0,2380.0,-76.0,270.0,8.0,-194.0,-13.0,14.0,-771.0,511.0
50.0,2416.0,66.0,521.0,63.0,-131.0,-123.0,-96.0,-731.0,732.0
69.0,2367.0,171.0,720.0,117.0,-141.0,-193.0,-94.0,-666.0,956.0
2.0,2264.0,288.0,792.0,148.0,-171.0,-191.0,-90.0,-662.0,1113.0
-123.0,2018.0,380.0,717.0,155.0,-172.0,-136.0,-181.0,-699.0,1186.0
-266.0,1634.0,432.0,518.0,154.0,-150.0,-51.0,-103.0,-713.0,1178.0
-387.0,1201.0,500.0,256.0,149.0,-139.0,-3.0,-36.0,-614.0,1085.0
-456.0,740.0,541.0,10.0,137.0,-111.0,0.0,114.0,-400.0,962.0
-456.0,296.0,620.0,-152.0,119.0,-56.0,-32.0,205.0,-195.0,809.0
-407.0,-24.0,631.0,-219.0,104.0,-102.0,-74.0,234.0,-70.0,634.0
-377.0,-200.0,651.0,-217.0,96.0,-198.0,-113.0,264.0,7.0,467.0
-372.0,-316.0,657.0,-173.0,95.0,-191.0,-159.0,254.0,80.0,315.0
-368.0,-424.0,650.0,-67.0,94.0,-136.0,-177.0,304.0,129.0,192.0
-336.0,-506.0,650.0,118.0,90.0,-182.0,-162.0,216.0,183.0,82.0
-294.0,-555.0,608.0,309.0,83.0,-305.0,-73.0,208.0,310.0,7.0
-281.0,-602.0,602.0,421.0,80.0,-277.0,-14.0,109.0,396.0,-52.0
-311.0,-647.0,554.0,462.0,77.0,-189.0,-71.0,-53.0,218.0,-157.0
-362.0,-684.0,546.0,432.0,59.0,-250.0,-166.0,-99.0,-140.0,-243.0
-396.0,-711.0,521.0,360.0,23.0,-271.0,-222.0,-277.0,-393.0,-267.0
-393.0,-729.0,490.0,352.0,-29.0,-156.0,-238.0,-116.0,-382.0,-243.0
-345.0,-791.0,512.0,382.0,-79.0,-27.0,-253.0,18.0,-124.0,-206.0
-250.0,-932.0,470.0,408.0,-106.0,29.0,-203.0,103.0,146.0,-173.0
-129.0,-1055.0,489.0,382.0,-108.0,32.0,-141.0,271.0,210.0,-127.0
-1.0,-991.0,478.0,246.0,-89.0,42.0,-102.0,205.0,55.0,-106.0
128.0,-759.0,454.0,25.0,-67.0,-34.0,-115.0,247.0,-125.0,-117.0
258.0,-525.0,503.0,-219.0,-51.0,-142.0,-147.0,144.0,-166.0,-148.0
378.0,-372.0,523.0,-367.0,-47.0,-116.0,-105.0,112.0,-112.0,-195.0
455.0,-262.0,586.0,-409.0,-59.0,-37.0,-57.0,153.0,-74.0,-290.0
474.0,-107.0,642.0,-365.0,-73.0,-34.0,-41.0,184.0,-51.0,-421.0
431.0,92.0,575.0,-312.0,-77.0,-60.0,-81.0,227.0,8.0,-503.0
389.0,235.0,484.0,-370.0,-78.0,-37.0,-108.0,14.0,100.0,-537.0
396.0,259.0,317.0,-491.0,-90.0,-17.0,-109.0,-44.0,217.0,-497.0
414.0,213.0,96.0,-616.0,-118.0,-14.0,-105.0,-129.0,300.0,-369.0
417.0,198.0,-71.0,-678.0,-152.0,33.0,-77.0,-121.0,355.0,-207.0
364.0,277.0,-223.0,-638.0,-177.0,135.0,-50.0,-44.0,432.0,-81.0
268.0,437.0,-268.0,-570.0,-190.0,192.0,-3.0,12.0,516.0,-37.0
182.0,575.0,-226.0,-506.0,-196.0,159.0,32.0,166.0,538.0,-22.0
135.0,648.0,-151.0,-456.0,-183.0,121.0,57.0,103.0,422.0,-32.0
131.0,642.0,-102.0,-387.0,-146.0,77.0,90.0,123.0,213.0,-72.0
145.0,532.0,-85.0,-277.0,-89.0,-14.0,77.0,5.0,-1.0,-88.0
165.0,347.0,-134.0,-180.0,-22.0,-78.0,21.0,-166.0,-162.0,-70.0
149.0,149.0,-214.0,-63.0,32.0,-58.0,-23.0,-236.0,-323.0,-33.0
63.0,0.0,-200.0,89.0,62.0,-47.0,-81.0,-343.0,-497.0,-3.0
-69.0,-102.0,-226.0,229.0,64.0,-31.0,-201.0,-218.0,-622.0,43.0
-200.0,-161.0,-223.0,323.0,49.0,75.0,-321.0,-339.0,-656.0,153.0
-274.0,-218.0,-193.0,348.0,34.0,119.0,-371.0,-460.0,-594.0,274.0
-269.0,-305.0,-216.0,309.0,28.0,0.0,-317.0,-436.0,-500.0,423.0
-226.0,-360.0,-241.0,265.0,25.0,-130.0,-177.0,-474.0,-380.0,612.0
-225.0,-377.0,-264.0,303.0,21.0,-156.0,-63.0,-360.0,-293.0,740.0
-293.0,-399.0,-279.0,384.0,12.0,-119.0,-77.0,-408.0,-254.0,786.0
-391.0,-398.0,-301.0,481.0,-9.0,-229.0,-236.0,-325.0,-206.0,801.0
-473.0,-330.0,-292.0,622.0,-38.0,-416.0,-438.0,-269.0,-193.0,827.0
-512.0,-235.0,-296.0,781.0,-63.0,-383.0,-536.0,-238.0,-222.0,784.0
-480.0,-149.0,-246.0,983.0,-84.0,-257.0,-491.0,-72.0,-189.0,673.0
-389.0,-54.0,-197.0,1205.0,-99.0,-260.0,-356.0,-168.0,-67.0,584.0
-260.0,85.0,-195.0,1366.0,-106.0,-240.0,-260.0,-203.0,74.0,468.0
-146.0,219.0,-120.0,1441.0,-97.0,-108.0,-262.0,-378.0,266.0,333.0
-124.0,160.0,-64.0,1394.0,-82.0,-33.0,-289.0,-487.0,485.0,213.0
-165.0,-157.0,7.0,1219.0,-73.0,-84.0,-334.0,-447.0,669.0,149.0
-230.0,-547.0,55.0,968.0,-61.0,-183.0,-353.0,-436.0,836.0,135.0
-240.0,-849.0,19.0,678.0,-39.0,-239.0,-322.0,-356.0,985.0,121.0
-186.0,-1044.0,5.0,393.0,3.0,-310.0,-311.0,-423.0,1052.0,150.0
-99.0,-1091.0,-18.0,148.0,74.0,-376.0,-319.0,-338.0,1000.0,199.0
16.0,-937.0,-21.0,-24.0,163.0,-367.0,-331.0,-395.0,871.0,262.0
123.0,-662.0,14.0,-145.0,247.0,-360.0,-327.0,-327.0,748.0,364.0
240.0,-421.0,0.0,-224.0,312.0,-329.0,-261.0,-121.0,674.0,498.0
343.0,-226.0,-5.0,-297.0,354.0,-237.0,-164.0,-116.0,600.0,643.0
423.0,15.0,-8.0,-404.0,366.0,-61.0,-80.0,59.0,480.0,729.0
475.0,305.0,-43.0,-417.0,343.0,68.0,-45.0,40.0,335.0,791.0
458.0,608.0,0.0,-362.0,291.0,25.0,-70.0,153.0,215.0,836.0
380.0,902.0,44.0,-328.0,216.0,-54.0,-90.0,306.0,109.0,864.0
269.0,1139.0,72.0,-314.0,136.0,-98.0,-112.0,232.0,-73.0,900.0
181.0,1308.0,116.0,-318.0,75.0,-113.0,-180.0,218.0,-301.0,935.0
118.0,1478.0,97.0,-279.0,52.0,-77.0,-263.0,88.0,-466.0,997.0
66.0,1613.0,87.0,-202.0,65.0,-18.0,-325.0,-1.0,-585.0,1045.0
14.0,1605.0,71.0,-67.0,92.0,6.0,-343.0,-90.0,-629.0,1091.0
-46.0,1438.0,66.0,88.0,114.0,0.0,-356.0,-72.0,-616.0,1133.0
-81.0,1098.0,128.0,195.0,132.0,43.0,-357.0,-1.0,-706.0,1102.0
-76.0,560.0,203.0,261.0,149.0,69.0,-280.0,9.0,-934.0,1005.0
-40.0,-116.0,268.0,266.0,155.0,0.0,-201.0,103.0,-1179.0,845.0
0.0,-773.0,319.0,252.0,140.0,-10.0,-220.0,11.0,-1257.0,650.0
38.0,-1202.0,376.0,224.0,115.0,46.0,-305.0,-90.0,-1112.0,436.0
57.0,-1337.0,398.0,134.0,97.0,91.0,-384.0,-230.0,-851.0,242.0
40.0,-1318.0,413.0,-19.0,92.0,106.0,-380.0,-380.0,-629.0,74.0
-26.0,-1214.0,437.0,-217.0,86.0,111.0,-295.0,-345.0,-547.0,-93.0
-101.0,-963.0,447.0,-407.0,80.0,212.0,-208.0,-395.0,-579.0,-220.0
-139.0,-520.0,455.0,-569.0,74.0,270.0,-177.0,-349.0,-691.0,-295.0
-148.0,91.0,460.0,-709.0,67.0,150.0,-256.0,-345.0,-823.0,-341.0
-118.0,720.0,466.0,-795.0,68.0,-19.0,-345.0,-369.0,-941.0,-394.0
-49.0,1231.0,465.0,-830.0,72.0,-139.0,-324.0,-334.0,-1008.0,-437.0
39.0,1590.0,443.0,-817.0,79.0,-227.0,-258.0,-354.0,-917.0,-462.0
89.0,1757.0,415.0,-754.0,79.0,-279.0,-268.0,-223.0,-697.0,-454.0
102.0,1683.0,444.0,-634.0,69.0,-243.0,-373.0,-190.0,-432.0,-420.0
70.0,1376.0,475.0,-445.0,64.0,-125.0,-460.0,-145.0,-245.0,-383.0
11.0,863.0,501.0,-252.0,79.0,-83.0,-383.0,-133.0,-230.0,-349.0
-48.0,192.0,530.0,-62.0,121.0,-187.0,-234.0,-223.0,-275.0,-359.0
-108.0,-486.0,519.0,115.0,170.0,-259.0,-222.0,-227.0,-238.0,-355.0
-125.0,-1011.0,486.0,211.0,211.0,-280.0,-328.0,-282.0,-94.0,-329.0
-122.0,-1366.0,432.0,193.0,243.0,-324.0,-456.0,-249.0,81.0,-283.0
-86.0,-1634.0,375.0,106.0,264.0,-421.0,-543.0,-254.0,158.0,-216.0
-50.0,-1828.0,325.0,27.0,275.0,-428.0,-551.0,-230.0,117.0,-142.0
-52.0,-1862.0,291.0,8.0,279.0,-302.0,-488.0,-199.0,83.0,-27.0
-127.0,-1730.0,317.0,86.0,266.0,-271.0,-438.0,-240.0,66.0,56.0
-278.0,-1512.0,334.0,197.0,229.0,-293.0,-431.0,-234.0,39.0,101.0
-427.0,-1241.0,315.0,305.0,176.0,-260.0,-389.0,-362.0,32.0,125.0
-496.0,-929.0,291.0,370.0,116.0,-184.0,-317.0,-380.0,64.0,114.0
-444.0,-598.0,219.0,349.0,64.0,-217.0,-241.0,-456.0,134.0,88.0
-335.0,-258.0,170.0,294.0,18.0,-344.0,-188.0,-530.0,239.0,55.0
-225.0,49.0,107.0,204.0,-31.0,-408.0,-167.0,-447.0,401.0,38.0
-146.0,218.0,11.0,124.0,-78.0,-437.0,-155.0,-439.0,529.0,18.0
-112.0,190.0,-59.0,71.0,-102.0,-463.0,-154.0,-295.0,527.0,-5.0
-132.0,53.0,-128.0,5.0,-103.0,-474.0,-180.0,-295.0,463.0,15.0
-173.0,-117.0,-174.0,-6.0,-93.0,-463.0,-230.0,-303.0,462.0,75.0
-187.0,-353.0,-212.0,42.0,-85.0,-482.0,-294.0,-280.0,500.0,131.0
-138.0,-668.0,-274.0,67.0,-83.0,-474.0,-403.0,-430.0,544.0,181.0
-23.0,-949.0,-354.0,83.0,-93.0,-436.0,-461.0,-436.0,645.0,216.0
89.0,-1114.0,-414.0,110.0,-122.0,-431.0,-416.0,-485.0,771.0,224.0
188.0,-1199.0,-496.0,175.0,-165.0,-411.0,-339.0,-480.0,916.0,222.0
276.0,-1169.0,-542.0,256.0,-212.0,-346.0,-227.0,-461.0,1051.0,241.0
368.0,-950.0,-552.0,321.0,-262.0,-268.0,-139.0,-478.0,1132.0,300.0
410.0,-550.0,-618.0,395.0,-315.0,-271.0,-119.0,-371.0,1132.0,382.0
388.0,-21.0,-637.0,435.0,-367.0,-298.0,-159.0,-354.0,995.0,505.0
349.0,530.0,-640.0,471.0,-412.0,-280.0,-207.0,-330.0,729.0,680.0
323.0,1008.0,-653.0,477.0,-462.0,-268.0,-230.0,-452.0,422.0,845.0
316.0,1397.0,-662.0,416.0,-511.0,-296.0,-244.0,-580.0,202.0,987.0
275.0,1703.0,-670.0,325.0,-535.0,-361.0,-241.0,-644.0,82.0,1088.0
194.0,1871.0,-657.0,214.0,-528.0,-320.0,-235.0,-753.0,11.0,1157.0
89.0,1828.0,-662.0,110.0,-498.0,-231.0,-258.0,-683.0,-71.0,1214.0
0.0,1580.0,-672.0,41.0,-450.0,-242.0,-315.0,-679.0,-201.0,1236.0
-57.0,1224.0,-670.0,44.0,-382.0,-294.0,-336.0,-565.0,-303.0,1236.0
-52.0,892.0,-657.0,100.0,-308.0,-377.0,-286.0,-461.0,-315.0,1192.0
30.0,595.0,-679.0,148.0,-245.0,-469.0,-211.0,-419.0,-204.0,1108.0
120.0,280.0,-690.0,170.0,-198.0,-523.0,-203.0,-227.0,-77.0,1005.0
130.0,51.0,-644.0,160.0,-149.0,-469.0,-276.0,-216.0,-72.0,891.0
32.0,38.0,-628.0,114.0,-87.0,-342.0,-377.0,-136.0,-149.0,774.0
-92.0,194.0,-617.0,56.0,-23.0,-308.0,-424.0,-142.0,-273.0,642.0
-235.0,412.0,-582.0,-38.0,33.0,-315.0,-439.0,-240.0,-376.0,527.0
-375.0,647.0,-578.0,-167.0,81.0,-254.0,-490.0,-293.0,-301.0,438.0
-485.0,817.0,-567.0,-287.0,113.0,-210.0,-498.0,-349.0,-124.0,359.0
-544.0,833.0,-535.0,-407.0,126.0,-261.0,-483.0,-249.0,19.0,257.0
-531.0,716.0,-522.0,-513.0,123.0,-276.0,-444.0,-288.0,113.0,138.0
-493.0,497.0,-503.0,-608.0,114.0,-178.0,-397.0,-199.0,118.0,46.0
-474.0,157.0,-443.0,-672.0,110.0,-102.0,-398.0,-145.0,78.0,-19.0
-471.0,-300.0,-351.0,-660.0,113.0,-187.0,-385.0,-175.0,29.0,-68.0
-453.0,-830.0,-244.0,-581.0,122.0,-306.0,-330.0,-145.0,10.0,-113.0
-409.0,-1330.0,-99.0,-468.0,137.0,-285.0,-240.0,-328.0,64.0,-127.0
-322.0,-1640.0,55.0,-343.0,151.0,-300.0,-219.0,-279.0,96.0,-119.0
-225.0,-1703.0,150.0,-231.0,158.0,-431.0,-324.0,-225.0,87.0,-99.0
-121.0,-1639.0,212.0,-170.0,160.0,-506.0,-468.0,-182.0,32.0,-80.0
-18.0,-1519.0,281.0,-126.0,155.0,-479.0,-536.0,-96.0,-116.0,-94.0
74.0,-1275.0,327.0,-46.0,135.0,-490.0,-486.0,-121.0,-240.0,-145.0
158.0,-893.0,348.0,61.0,99.0,-438.0,-386.0,-134.0,-262.0,-284.0
209.0,-464.0,361.0,172.0,58.0,-250.0,-330.0,-288.0,-213.0,-480.0
231.0,-80.0,373.0,273.0,28.0,-190.0,-319.0,-267.0,-145.0,-662.0
212.0,211.0,406.0,325.0,7.0,-265.0,-323.0,-280.0,-130.0,-814.0
172.0,422.0,461.0,288.0,-12.0,-341.0,-350.0,-254.0,-160.0,-908.0
124.0,662.0,477.0,177.0,-29.0,-356.0,-401.0,-203.0,-156.0,-973.0
88.0,982.0,457.0,41.0,-30.0,-415.0,-434.0,-439.0,-95.0,-1054.0
71.0,1282.0,420.0,-49.0,-10.0,-539.0,-395.0,-437.0,-42.0,-1163.0
44.0,1532.0,314.0,-83.0,22.0,-560.0,-377.0,-434.0,-42.0,-1279.0
51.0,1742.0,241.0,-72.0,52.0,-479.0,-453.0,-439.0,-106.0,-1390.0
87.0,1813.0,205.0,-38.0,83.0,-402.0,-572.0,-428.0,-204.0,-1458.0
100.0,1636.0,118.0,8.0,119.0,-360.0,-578.0,-467.0,-283.0,-1474.0
92.0,1271.0,59.0,123.0,144.0,-242.0,-411.0,-360.0,-378.0,-1464.0
64.0,869.0,12.0,278.0,156.0,-104.0,-221.0,-319.0,-532.0,-1405.0
25.0,496.0,-46.0,388.0,158.0,-14.0,-166.0,-169.0,-707.0,-1322.0
-16.0,209.0,-78.0,415.0,152.0,41.0,-272.0,-197.0,-815.0,-1172.0
-61.0,42.0,-92.0,326.0,135.0,-5.0,-405.0,-234.0,-778.0,-965.0
-49.0,-45.0,-116.0,193.0,109.0,-141.0,-512.0,-240.0,-600.0,-741.0
-8.0,-127.0,-129.0,114.0,88.0,-248.0,-599.0,-432.0,-350.0,-486.0
16.0,-265.0,-138.0,85.0,74.0,-212.0,-683.0,-352.0,-203.0,-290.0
16.0,-513.0,-143.0,76.0,60.0,-212.0,-769.0,-314.0,-248.0,-194.0
7.0,-863.0,-120.0,58.0,44.0,-304.0,-865.0,-171.0,-367.0,-194.0
6.0,-1224.0,-107.0,3.0,33.0,-322.0,-958.0,-24.0,-526.0,-258.0
-12.0,-1576.0,-68.0,-101.0,36.0,-275.0,-1023.0,-99.0,-727.0,-350.0
-1.0,-1907.0,-65.0,-234.0,53.0,-275.0,-1038.0,-116.0,-877.0,-433.0
27.0,-2098.0,-83.0,-377.0,70.0,-438.0,-943.0,-182.0,-958.0,-460.0
73.0,-2088.0,-77.0,-480.0,80.0,-559.0,-851.0,-184.0,-980.0,-445.0
106.0,-1867.0,-131.0,-498.0,94.0,-468.0,-841.0,-266.0,-937.0,-401.0
109.0,-1500.0,-140.0,-464.0,111.0,-331.0,-858.0,-277.0,-847.0,-340.0
100.0,-1110.0,-103.0,-387.0,115.0,-292.0,-832.0,-269.0,-746.0,-243.0
85.0,-740.0,-95.0,-301.0,100.0,-358.0,-724.0,-325.0,-676.0,-123.0
77.0,-408.0,-64.0,-229.0,70.0,-371.0,-628.0,-179.0,-592.0,4.0
30.0,-192.0,2.0,-184.0,40.0,-299.0,-643.0,-144.0,-471.0,179.0
-26.0,-146.0,37.0,-189.0,24.0,-251.0,-714.0,0.0,-343.0,365.0
-98.0,-236.0,47.0,-227.0,25.0,-255.0,-760.0,94.0,-201.0,534.0
-156.0,-406.0,73.0,-286.0,37.0,-273.0,-776.0,-11.0,-60.0,654.0
-183.0,-559.0,52.0,-347.0,48.0,-337.0,-786.0,3.0,114.0,681.0
-191.0,-597.0,15.0,-377.0,52.0,-414.0,-832.0,-62.0,339.0,617.0
-162.0,-510.0,8.0,-400.0,42.0,-386.0,-868.0,-40.0,537.0,477.0
-124.0,-360.0,-32.0,-447.0,12.0,-362.0,-838.0,-60.0,690.0,302.0
-71.0,-145.0,-51.0,-482.0,-24.0,-392.0,-729.0,-81.0,853.0,137.0
-30.0,166.0,-53.0,-490.0,-68.0,-338.0,-599.0,-145.0,1007.0,30.0
0.0,507.0,-98.0,-487.0,-118.0,-219.0,-532.0,-347.0,1113.0,-29.0
-3.0,810.0,-129.0,-461.0,-166.0,-169.0,-538.0,-317.0,1169.0,-37.0
-56.0,1082.0,-178.0,-397.0,-199.0,-145.0,-587.0,-434.0,1180.0,26.0
-130.0,1353.0,-256.0,-297.0,-207.0,-60.0,-617.0,-399.0,1150.0,111.0
-201.0,1671.0,-306.0,-183.0,-201.0,10.0,-622.0,-363.0,1049.0,188.0
-247.0,2006.0,-313.0,-65.0,-199.0,-9.0,-654.0,-463.0,928.0,235.0
-269.0,2185.0,-307.0,62.0,-209.0,-91.0,-650.0,-247.0,835.0,246.0
-283.0,2094.0,-272.0,190.0,-222.0,-168.0,-594.0,-188.0,722.0,204.0
-304.0,1818.0,-223.0,287.0,-211.0,-243.0,-613.0,-16.0,580.0,126.0
-314.0,1442.0,-205.0,326.0,-164.0,-353.0,-658.0,151.0,467.0,39.0
-321.0,990.0,-165.0,263.0,-93.0,-356.0,-598.0,144.0,416.0,-57.0
-308.0,483.0,-161.0,110.0,-18.0,-198.0,-473.0,158.0,388.0,-123.0
-272.0,-75.0,-163.0,-72.0,46.0,-114.0,-345.0,60.0,373.0,-124.0
-209.0,-570.0,-163.0,-219.0,100.0,-132.0,-296.0,-46.0,375.0,-40.0
-142.0,-837.0,-205.0,-291.0,147.0,-93.0,-377.0,-221.0,363.0,103.0
-101.0,-870.0,-186.0,-294.0,183.0,-56.0,-484.0,-205.0,311.0,289.0
-83.0,-801.0,-178.0,-257.0,194.0,-158.0,-490.0,-169.0,219.0,483.0
-85.0,-793.0,-134.0,-223.0,176.0,-252.0,-415.0,-164.0,78.0,666.0
-67.0,-928.0,-57.0,-162.0,132.0,-178.0,-442.0,-138.0,-89.0,840.0
-45.0,-1137.0,-16.0,-108.0,72.0,-27.0,-560.0,-308.0,-242.0,997.0
-6.0,-1218.0,62.0,-59.0,6.0,-12.0,-548.0,-382.0,-400.0,1153.0
41.0,-1089.0,105.0,38.0,-51.0,-33.0,-390.0,-558.0,-538.0,1294.0
107.0,-870.0,132.0,144.0,-96.0,35.0,-219.0,-602.0,-613.0,1443.0
181.0,-744.0,158.0,251.0,-133.0,18.0,-109.0,-545.0,-623.0,1567.0
240.0,-763.0,190.0,361.0,-169.0,-122.0,-38.0,-576.0,-571.0,1624.0
298.0,-859.0,225.0,421.0,-201.0,-242.0,4.0,-443.0,-499.0,1642.0
340.0,-1000.0,185.0,397.0,-222.0,-159.0,0.0,-437.0,-442.0,1591.0
390.0,-1004.0,153.0,312.0,-233.0,-135.0,-74.0,-258.0,-408.0,1450.0
467.0,-801.0,99.0,161.0,-234.0,-204.0,-198.0,-142.0,-398.0,1249.0
571.0,-520.0,14.0,-20.0,-216.0,-153.0,-274.0,-208.0,-391.0,1006.0
652.0,-212.0,-8.0,-171.0,-172.0,-158.0,-233.0,-173.0,-415.0,718.0
693.0,56.0,-23.0,-297.0,-110.0,-188.0,-130.0,-299.0,-449.0,430.0
684.0,322.0,-48.0,-394.0,-41.0,-201.0,-99.0,-354.0,-467.0,170.0
662.0,564.0,-64.0,-423.0,25.0,-112.0,-120.0,-467.0,-552.0,-58.0
666.0,704.0,-53.0,-364.0,81.0,-19.0,-138.0,-500.0,-696.0,-219.0
701.0,773.0,-36.0,-237.0,129.0,-57.0,-138.0,-546.0,-825.0,-358.0
752.0,752.0,-27.0,-82.0,174.0,-65.0,-111.0,-648.0,-918.0,-447.0
767.0,624.0,23.0,66.0,217.0,13.0,-138.0,-626.0,-964.0,-450.0
751.0,411.0,59.0,200.0,250.0,113.0,-199.0,-707.0,-931.0,-416.0
679.0,148.0,88.0,311.0,269.0,176.0,-270.0,-513.0,-852.0,-291.0
602.0,-64.0,105.0,398.0,272.0,229.0,-375.0,-363.0,-764.0,-123.0
532.0,-200.0,112.0,442.0,263.0,243.0,-467.0,-254.0,-628.0,25.0
441.0,-269.0,98.0,422.0,241.0,219.0,-455.0,-107.0,-456.0,132.0
384.0,-200.0,64.0,359.0,207.0,177.0,-331.0,-149.0,-271.0,181.0
370.0,-63.0,14.0,255.0,160.0,142.0,-241.0,-112.0,-129.0,182.0
379.0,85.0,-51.0,111.0,107.0,31.0,-252.0,-242.0,-96.0,135.0
348.0,336.0,-79.0,-10.0,56.0,-101.0,-282.0,-251.0,-168.0,73.0
286.0,658.0,-146.0,-44.0,5.0,-53.0,-223.0,-197.0,-296.0,30.0
176.0,907.0,-130.0,5.0,-47.0,18.0,-45.0,-175.0,-393.0,6.0
17.0,1010.0,-116.0,79.0,-98.0,40.0,100.0,-42.0,-415.0,-13.0
-151.0,969.0,-120.0,131.0,-142.0,6.0,85.0,-149.0,-425.0,-24.0
-280.0,822.0,-52.0,135.0,-176.0,17.0,-17.0,-164.0,-489.0,-48.0
-309.0,609.0,-60.0,126.0,-199.0,81.0,-95.0,-254.0,-564.0,-95.0
-293.0,326.0,-15.0,116.0,-219.0,-47.0,-95.0,-437.0,-626.0,-154.0
-235.0,27.0,-42.0,104.0,-244.0,-267.0,-97.0,-519.0,-656.0,-150.0
-186.0,-215.0,-99.0,86.0,-265.0,-383.0,-144.0,-620.0,-609.0,-75.0
-170.0,-335.0,-84.0,34.0,-274.0,-391.0,-168.0,-528.0,-510.0,28.0
-151.0,-275.0,-151.0,-36.0,-264.0,-400.0,-135.0,-535.0,-417.0,171.0
-133.0,-68.0,-160.0,-119.0,-232.0,-365.0,-79.0,-500.0,-389.0,301.0
-76.0,214.0,-170.0,-218.0,-178.0,-298.0,-117.0,-351.0,-462.0,396.0
-13.0,472.0,-233.0,-366.0,-107.0,-324.0,-236.0,-245.0,-552.0,402.0
0.0,687.0,-256.0,-541.0,-31.0,-358.0,-342.0,-88.0,-589.0,331.0
-51.0,833.0,-295.0,-713.0,45.0,-354.0,-386.0,-92.0,-593.0,233.0
-134.0,757.0,-325.0,-852.0,126.0,-352.0,-338.0,-59.0,-563.0,82.0
-208.0,476.0,-285.0,-897.0,215.0,-398.0,-255.0,-68.0,-499.0,-112.0
-272.0,121.0,-212.0,-847.0,298.0,-377.0,-204.0,-116.0,-414.0,-280.0
-290.0,-315.0,-157.0,-750.0,353.0,-239.0,-185.0,-84.0,-323.0,-420.0
-252.0,-845.0,-58.0,-623.0,369.0,-57.0,-161.0,-197.0,-261.0,-600.0
-195.0,-1394.0,17.0,-437.0,351.0,-7.0,-158.0,-208.0,-224.0,-752.0
-132.0,-1882.0,10.0,-243.0,313.0,-104.0,-151.0,-282.0,-201.0,-860.0
-73.0,-2223.0,77.0,-70.0,266.0,-67.0,-11.0,-421.0,-211.0,-953.0
-45.0,-2321.0,68.0,66.0,218.0,-22.0,197.0,-473.0,-250.0,-1035.0
-59.0,-2068.0,62.0,128.0,172.0,-53.0,347.0,-530.0,-265.0,-1106.0
-110.0,-1510.0,84.0,152.0,133.0,-102.0,398.0,-467.0,-217.0,-1087.0
-160.0,-862.0,-11.0,157.0,112.0,-115.0,368.0,-399.0,-102.0,-1063.0
-208.0,-207.0,-45.0,179.0,98.0,-12.0,254.0,-282.0,-10.0,-1040.0
-222.0,307.0,-151.0,194.0,81.0,75.0,60.0,-325.0,20.0,-978.0
-214.0,617.0,-263.0,202.0,59.0,199.0,-130.0,-304.0,83.0,-916.0
-220.0,860.0,-308.0,243.0,35.0,282.0,-246.0,-240.0,213.0,-837.0
-240.0,896.0,-399.0,268.0,14.0,269.0,-248.0,-362.0,337.0,-781.0
-264.0,693.0,-440.0,299.0,1.0,153.0,-229.0,-236.0,375.0,-708.0
-256.0,440.0,-436.0,344.0,1.0,-12.0,-181.0,-236.0,299.0,-632.0
-264.0,179.0,-431.0,401.0,11.0,-46.0,-96.0,-133.0,183.0,-635.0
-262.0,48.0,-415.0,439.0,27.0,-81.0,-39.0,29.0,117.0,-648.0
-257.0,103.0,-341.0,424.0,39.0,-81.0,-15.0,46.0,100.0,-633.0
-238.0,201.0,-283.0,359.0,45.0,-24.0,-73.0,186.0,111.0,-624.0
-184.0,322.0,-156.0,221.0,55.0,-13.0,-135.0,99.0,137.0,-620.0
-134.0,500.0,-8.0,53.0,70.0,31.0,-140.0,116.0,136.0,-597.0
-45.0,619.0,93.0,-133.0,80.0,148.0,-51.0,72.0,115.0,-567.0
48.0,605.0,206.0,-324.0,77.0,209.0,124.0,11.0,75.0,-569.0
144.0,473.0,184.0,-486.0,66.0,147.0,236.0,116.0,11.0,-567.0
210.0,255.0,192.0,-635.0,59.0,83.0,236.0,68.0,-58.0,-490.0
243.0,113.0,174.0,-748.0,59.0,76.0,264.0,120.0,-111.0,-343.0
275.0,108.0,108.0,-778.0,53.0,79.0,382.0,97.0,-133.0,-173.0
304.0,175.0,97.0,-740.0,34.0,33.0,487.0,101.0,-157.0,33.0
348.0,265.0,15.0,-636.0,3.0,59.0,527.0,57.0,-154.0,249.0
356.0,308.0,-48.0,-485.0,-36.0,129.0,436.0,11.0,-64.0,399.0
332.0,236.0,-133.0,-340.0,-90.0,112.0,282.0,86.0,68.0,473.0
311.0,-75.0,-245.0,-198.0,-156.0,98.0,207.0,-9.0,194.0,490.0
286.0,-599.0,-365.0,-135.0,-223.0,89.0,282.0,70.0,345.0,497.0
232.0,-1091.0,-504.0,-156.0,-287.0,102.0,447.0,60.0,461.0,511.0
163.0,-1350.0,-612.0,-228.0,-340.0,114.0,517.0,-3.0,443.0,548.0
87.0,-1337.0,-696.0,-338.0,-377.0,91.0,420.0,18.0,372.0,636.0
19.0,-1157.0,-751.0,-444.0,-394.0,166.0,253.0,-77.0,267.0,732.0
-20.0,-857.0,-771.0,-499.0,-401.0,288.0,197.0,-103.0,104.0,800.0
-32.0,-491.0,-750.0,-456.0,-412.0,302.0,250.0,-223.0,-21.0,853.0
-9.0,-227.0,-746.0,-398.0,-425.0,289.0,314.0,-242.0,-80.0,884.0
32.0,-110.0,-722.0,-326.0,-429.0,323.0,370.0,-219.0,-110.0,880.0
96.0,-151.0,-671.0,-243.0,-425.0,308.0,444.0,-83.0,-149.0,834.0
163.0,-226.0,-668.0,-187.0,-418.0,239.0,529.0,171.0,-219.0,747.0
230.0,-185.0,-635.0,-151.0,-404.0,176.0,580.0,203.0,-280.0,639.0
299.0,-176.0,-577.0,-157.0,-383.0,131.0,584.0,264.0,-290.0,475.0
365.0,-267.0,-553.0,-152.0,-357.0,61.0,604.0,162.0,-262.0,308.0
431.0,-409.0,-478.0,-141.0,-322.0,12.0,627.0,38.0,-196.0,171.0
456.0,-630.0,-417.0,-124.0,-275.0,82.0,609.0,-36.0,-145.0,45.0
427.0,-800.0,-384.0,-69.0,-220.0,152.0,610.0,-199.0,-168.0,-39.0
361.0,-793.0,-330.0,-14.0,-165.0,145.0,654.0,-219.0,-221.0,-87.0
291.0,-739.0,-327.0,51.0,-111.0,54.0,720.0,-277.0,-288.0,-78.0
235.0,-675.0,-309.0,106.0,-52.0,24.0,684.0,-273.0,-342.0,-55.0
201.0,-448.0,-291.0,102.0,12.0,89.0,505.0,-284.0,-348.0,-26.0
180.0,-53.0,-282.0,57.0,72.0,56.0,347.0,-290.0,-329.0,26.0
166.0,369.0,-264.0,-22.0,116.0,131.0,272.0,-253.0,-262.0,81.0
129.0,789.0,-232.0,-134.0,138.0,338.0,270.0,-230.0,-119.0,100.0
52.0,1189.0,-194.0,-224.0,142.0,425.0,275.0,9.0,64.0,85.0
-44.0,1519.0,-173.0,-286.0,135.0,383.0,282.0,70.0,230.0,36.0
-134.0,1828.0,-146.0,-334.0,123.0,325.0,355.0,177.0,365.0,-108.0
-224.0,2066.0,-147.0,-372.0,108.0,317.0,468.0,334.0,447.0,-317.0
-308.0,2078.0,-161.0,-425.0,88.0,233.0,573.0,280.0,526.0,-539.0
-349.0,1788.0,-191.0,-491.0,58.0,141.0,624.0,315.0,625.0,-716.0
-365.0,1265.0,-198.0,-575.0,20.0,194.0,616.0,162.0,660.0,-845.0
-376.0,639.0,-194.0,-621.0,-20.0,214.0,551.0,138.0,626.0,-924.0
-398.0,13.0,-163.0,-609.0,-53.0,93.0,443.0,164.0,567.0,-938.0
-429.0,-467.0,-96.0,-554.0,-72.0,50.0,356.0,129.0,536.0,-952.0
-463.0,-707.0,-69.0,-433.0,-76.0,114.0,328.0,188.0,527.0,-960.0
-487.0,-744.0,-44.0,-273.0,-73.0,156.0,364.0,70.0,499.0,-950.0
-504.0,-578.0,-16.0,-147.0,-60.0,139.0,468.0,-18.0,471.0,-896.0
-498.0,-287.0,-3.0,-94.0,-34.0,102.0,519.0,-242.0,430.0,-838.0
-469.0,-69.0,-8.0,-75.0,-2.0,91.0,420.0,-260.0,368.0,-801.0
-434.0,83.0,4.0,-117.0,26.0,-18.0,285.0,-177.0,309.0,-718.0
-377.0,61.0,-2.0,-200.0,42.0,-168.0,231.0,-197.0,302.0,-649.0
-309.0,-210.0,-16.0,-262.0,55.0,-184.0,316.0,-18.0,335.0,-643.0
-240.0,-473.0,-15.0,-289.0,69.0,-88.0,395.0,-57.0,292.0,-663.0
-203.0,-626.0,-23.0,-276.0,81.0,-53.0,365.0,44.0,164.0,-662.0
-206.0,-629.0,-4.0,-266.0,95.0,-70.0,297.0,97.0,-8.0,-653.0
-234.0,-416.0,31.0,-277.0,119.0,30.0,195.0,14.0,-199.0,-665.0
-267.0,-155.0,65.0,-293.0,157.0,125.0,99.0,112.0,-360.0,-654.0
-271.0,-61.0,71.0,-308.0,198.0,114.0,26.0,114.0,-481.0,-594.0
-245.0,-65.0,81.0,-339.0,235.0,108.0,3.0,232.0,-529.0,-501.0
-197.0,-53.0,57.0,-367.0,269.0,69.0,0.0,297.0,-556.0,-362.0
-141.0,-44.0,27.0,-393.0,292.0,-49.0,-19.0,338.0,-612.0,-145.0
-91.0,-33.0,-10.0,-391.0,299.0,-47.0,-20.0,341.0,-668.0,110.0
-60.0,-219.0,-67.0,-343.0,296.0,77.0,29.0,341.0,-675.0,331.0
-27.0,-744.0,-73.0,-247.0,287.0,106.0,109.0,349.0,-587.0,518.0
27.0,-1325.0,-85.0,-102.0,272.0,-6.0,136.0,160.0,-417.0,703.0
100.0,-1711.0,-109.0,19.0,254.0,-111.0,132.0,171.0,-239.0,812.0
169.0,-1866.0,-109.0,121.0,232.0,-91.0,128.0,62.0,-81.0,849.0
224.0,-1707.0,-109.0,207.0,209.0,-66.0,132.0,31.0,53.0,865.0
256.0,-1216.0,-115.0,229.0,189.0,-56.0,138.0,60.0,101.0,856.0
242.0,-618.0,-103.0,192.0,175.0,-8.0,97.0,-136.0,101.0,819.0
205.0,-78.0,-77.0,131.0,169.0,47.0,-19.0,-12.0,135.0,774.0
184.0,292.0,-52.0,53.0,166.0,66.0,-151.0,88.0,201.0,778.0
167.0,349.0,-28.0,-52.0,162.0,-21.0,-245.0,284.0,282.0,803.0
178.0,242.0,61.0,-162.0,148.0,-7.0,-274.0,524.0,422.0,801.0
235.0,195.0,165.0,-282.0,116.0,78.0,-176.0,574.0,615.0,793.0
295.0,227.0,257.0,-401.0,80.0,72.0,-76.0,731.0,766.0,765.0
330.0,365.0,408.0,-510.0,57.0,123.0,-80.0,713.0,867.0,664.0
327.0,620.0,516.0,-620.0,42.0,164.0,-154.0,702.0,868.0,503.0
295.0,920.0,582.0,-715.0,15.0,146.0,-205.0,683.0,769.0,342.0
231.0,1181.0,648.0,-799.0,-37.0,47.0,-146.0,593.0,612.0,186.0
135.0,1296.0,640.0,-867.0,-116.0,-68.0,-18.0,535.0,407.0,14.0
48.0,1203.0,601.0,-873.0,-200.0,-47.0,62.0,397.0,241.0,-159.0
-24.0,1000.0,570.0,-826.0,-270.0,-45.0,76.0,336.0,100.0,-292.0
-116.0,854.0,508.0,-775.0,-321.0,-131.0,76.0,142.0,-6.0,-411.0
-214.0,758.0,460.0,-702.0,-349.0,-146.0,102.0,75.0,-49.0,-532.0
-293.0,612.0,434.0,-589.0,-354.0,-43.0,143.0,99.0,-37.0,-612.0
-351.0,468.0,383.0,-447.0,-340.0,51.0,165.0,0.0,-1.0,-637.0
-409.0,362.0,328.0,-314.0,-324.0,100.0,168.0,55.0,7.0,-639.0
-484.0,182.0,252.0,-227.0,-320.0,143.0,145.0,48.0,32.0,-627.0
-536.0,-107.0,154.0,-173.0,-327.0,130.0,108.0,169.0,91.0,-555.0
-567.0,-449.0,74.0,-137.0,-339.0,69.0,41.0,267.0,146.0,-461.0
-595.0,-886.0,-5.0,-115.0,-346.0,133.0,-37.0,245.0,122.0,-389.0
-626.0,-1365.0,-76.0,-91.0,-340.0,219.0,-87.0,286.0,46.0,-318.0
-660.0,-1701.0,-157.0,-47.0,-323.0,177.0,-102.0,273.0,-42.0,-263.0
-691.0,-1858.0,-218.0,15.0,-304.0,199.0,-91.0,375.0,-199.0,-226.0
-723.0,-1851.0,-270.0,59.0,-290.0,290.0,-52.0,378.0,-345.0,-221.0
-724.0,-1636.0,-335.0,86.0,-280.0,364.0,34.0,458.0,-426.0,-232.0
-704.0,-1213.0,-394.0,117.0,-275.0,363.0,60.0,545.0,-468.0,-234.0
-667.0,-660.0,-458.0,167.0,-270.0,348.0,-21.0,467.0,-484.0,-263.0
-630.0,-141.0,-522.0,232.0,-246.0,406.0,-81.0,426.0,-538.0,-280.0
-608.0,153.0,-570.0,307.0,-201.0,447.0,-14.0,288.0,-627.0,-273.0
-566.0,247.0,-587.0,392.0,-143.0,362.0,132.0,256.0,-707.0,-280.0
-512.0,280.0,-584.0,439.0,-77.0,190.0,219.0,188.0,-787.0,-289.0
-430.0,254.0,-533.0,439.0,-10.0,209.0,182.0,195.0,-816.0,-274.0
-302.0,191.0,-482.0,378.0,51.0,323.0,71.0,225.0,-786.0,-206.0
-146.0,94.0,-428.0,267.0,105.0,346.0,-51.0,114.0,-735.0,-134.0
-14.0,-57.0,-360.0,134.0,148.0,340.0,-133.0,138.0,-632.0,-67.0
86.0,-218.0,-319.0,13.0,180.0,342.0,-133.0,-36.0,-486.0,40.0
149.0,-313.0,-300.0,-54.0,205.0,318.0,-79.0,-53.0,-329.0,111.0
165.0,-319.0,-293.0,-104.0,219.0,231.0,17.0,-5.0,-216.0,99.0
189.0,-279.0,-292.0,-168.0,217.0,262.0,96.0,-48.0,-163.0,22.0
222.0,-145.0,-320.0,-245.0,185.0,377.0,110.0,147.0,-121.0,-73.0
243.0,86.0,-323.0,-285.0,119.0,461.0,110.0,138.0,-74.0,-183.0
266.0,445.0,-320.0,-294.0,36.0,465.0,120.0,203.0,3.0,-321.0
260.0,932.0,-308.0,-278.0,-37.0,383.0,143.0,277.0,75.0,-395.0
220.0,1381.0,-274.0,-207.0,-84.0,289.0,182.0,373.0,112.0,-418.0
155.0,1766.0,-258.0,-126.0,-108.0,150.0,188.0,596.0,93.0,-445.0
73.0,2088.0,-248.0,-31.0,-125.0,108.0,152.0,642.0,12.0,-456.0
3.0,2331.0,-277.0,63.0,-129.0,154.0,126.0,755.0,-89.0,-462.0
-70.0,2448.0,-294.0,119.0,-116.0,162.0,89.0,698.0,-175.0,-491.0
-149.0,2353.0,-321.0,122.0,-87.0,185.0,61.0,702.0,-187.0,-579.0
-222.0,2109.0,-340.0,37.0,-50.0,204.0,44.0,757.0,-165.0,-693.0
-282.0,1805.0,-316.0,-104.0,-11.0,164.0,74.0,679.0,-142.0,-805.0
-326.0,1445.0,-286.0,-248.0,30.0,132.0,121.0,661.0,-141.0,-923.0
-333.0,983.0,-230.0,-360.0,73.0,163.0,83.0,461.0,-164.0,-1017.0
-286.0,388.0,-181.0,-422.0,108.0,213.0,25.0,382.0,-215.0,-1042.0
-218.0,-293.0,-101.0,-387.0,132.0,182.0,7.0,284.0,-286.0,-996.0
-150.0,-905.0,-24.0,-258.0,151.0,37.0,105.0,171.0,-289.0,-912.0
-102.0,-1285.0,77.0,-128.0,171.0,12.0,235.0,181.0,-281.0,-779.0
-62.0,-1372.0,186.0,-40.0,195.0,156.0,279.0,57.0,-255.0,-589.0
-44.0,-1178.0,269.0,-28.0,212.0,262.0,256.0,24.0,-203.0,-384.0
-48.0,-737.0,363.0,-98.0,222.0,224.0,207.0,-20.0,-167.0,-213.0
-59.0,-156.0,397.0,-214.0,226.0,162.0,203.0,-27.0,-121.0,-56.0
-55.0,301.0,422.0,-341.0,225.0,242.0,185.0,-22.0,-76.0,75.0
-15.0,506.0,413.0,-438.0,221.0,285.0,138.0,29.0,24.0,160.0
41.0,489.0,400.0,-474.0,213.0,201.0,102.0,136.0,141.0,205.0
110.0,336.0,407.0,-452.0,202.0,215.0,105.0,97.0,240.0,224.0
170.0,98.0,404.0,-411.0,187.0,346.0,196.0,151.0,340.0,260.0
201.0,-334.0,433.0,-347.0,172.0,328.0,315.0,40.0,430.0,284.0
207.0,-933.0,441.0,-274.0,155.0,258.0,377.0,-44.0,539.0,291.0
212.0,-1484.0,477.0,-206.0,144.0,365.0,401.0,-75.0,613.0,318.0
215.0,-1897.0,504.0,-159.0,141.0,505.0,394.0,-238.0,644.0,334.0
223.0,-2187.0,481.0,-179.0,137.0,546.0,402.0,-96.0,647.0,320.0
228.0,-2247.0,485.0,-227.0,123.0,534.0,439.0,-51.0,624.0,308.0
226.0,-2025.0,439.0,-290.0,93.0,459.0,430.0,20.0,576.0,309.0
222.0,-1637.0,386.0,-407.0,54.0,342.0,390.0,158.0,505.0,264.0
204.0,-1100.0,339.0,-526.0,12.0,294.0,301.0,214.0,456.0,180.0
188.0,-467.0,263.0,-626.0,-20.0,304.0,180.0,369.0,404.0,76.0
161.0,91.0,244.0,-705.0,-38.0,336.0,108.0,369.0,313.0,-46.0
118.0,521.0,217.0,-732.0,-39.0,265.0,109.0,454.0,266.0,-168.0
72.0,850.0,203.0,-720.0,-20.0,181.0,195.0,362.0,246.0,-262.0
35.0,1101.0,246.0,-671.0,8.0,247.0,349.0,214.0,151.0,-309.0
24.0,1337.0,267.0,-587.0,31.0,319.0,478.0,164.0,26.0,-315.0
29.0,1581.0,292.0,-490.0,36.0,330.0,468.0,24.0,-84.0,-285.0
46.0,1850.0,283.0,-385.0,33.0,267.0,359.0,84.0,-145.0,-205.0
74.0,2084.0,229.0,-307.0,20.0,242.0,250.0,36.0,-187.0,-84.0
109.0,2096.0,205.0,-276.0,-10.0,287.0,215.0,35.0,-226.0,5.0
148.0,1830.0,167.0,-260.0,-60.0,283.0,266.0,72.0,-239.0,69.0
204.0,1348.0,111.0,-269.0,-120.0,266.0,303.0,99.0,-212.0,134.0
256.0,729.0,120.0,-286.0,-167.0,294.0,296.0,221.0,-101.0,177.0
281.0,125.0,145.0,-263.0,-185.0,304.0,291.0,155.0,-19.0,165.0
283.0,-371.0,175.0,-190.0,-181.0,308.0,289.0,188.0,0.0,141.0
271.0,-811.0,248.0,-67.0,-173.0,361.0,284.0,201.0,-52.0,153.0
268.0,-1176.0,300.0,52.0,-168.0,361.0,307.0,205.0,-172.0,151.0
276.0,-1386.0,361.0,117.0,-161.0,283.0,365.0,182.0,-256.0,147.0
295.0,-1499.0,389.0,125.0,-152.0,248.0,408.0,64.0,-286.0,162.0
292.0,-1617.0,388.0,100.0,-135.0,295.0,439.0,109.0,-229.0,198.0
237.0,-1710.0,398.0,42.0,-104.0,262.0,480.0,55.0,-156.0,227.0
159.0,-1673.0,371.0,-16.0,-62.0,102.0,523.0,105.0,-121.0,230.0
58.0,-1490.0,325.0,-7.0,-22.0,55.0,553.0,97.0,-100.0,227.0
-36.0,-1223.0,259.0,35.0,7.0,148.0,521.0,-20.0,-98.0,186.0
-90.0,-968.0,193.0,70.0,31.0,190.0,456.0,18.0,-103.0,86.0
-96.0,-789.0,114.0,125.0,41.0,244.0,388.0,-29.0,-153.0,-45.0
-41.0,-569.0,35.0,173.0,33.0,311.0,383.0,114.0,-242.0,-181.0
17.0,-179.0,-8.0,188.0,5.0,366.0,460.0,133.0,-308.0,-327.0
56.0,346.0,-60.0,202.0,-40.0,494.0,482.0,79.0,-332.0,-464.0
68.0,907.0,-116.0,217.0,-98.0,557.0,425.0,118.0,-349.0,-559.0
44.0,1380.0,-106.0,243.0,-164.0,559.0,375.0,16.0,-349.0,-613.0
9.0,1662.0,-121.0,268.0,-226.0,544.0,422.0,84.0,-329.0,-649.0
-49.0,1704.0,-120.0,314.0,-265.0,481.0,500.0,138.0,-333.0,-657.0
-101.0,1618.0,-100.0,410.0,-280.0,413.0,504.0,288.0,-342.0,-609.0
-143.0,1586.0,-92.0,491.0,-278.0,346.0,432.0,375.0,-319.0,-517.0
-197.0,1636.0,-63.0,535.0,-262.0,310.0,330.0,430.0,-276.0,-424.0
-223.0,1704.0,-100.0,542.0,-230.0,269.0,275.0,522.0,-209.0,-317.0
-212.0,1689.0,-77.0,489.0,-187.0,246.0,292.0,382.0,-126.0,-192.0
-189.0,1513.0,-97.0,406.0,-145.0,214.0,369.0,448.0,-85.0,-104.0
-152.0,1193.0,-130.0,317.0,-107.0,155.0,433.0,437.0,-84.0,-44.0
-118.0,724.0,-139.0,231.0,-57.0,121.0,424.0,424.0,-93.0,-29.0
-103.0,128.0,-168.0,149.0,14.0,124.0,346.0,467.0,-152.0,-65.0
-87.0,-572.0,-155.0,93.0,95.0,163.0,294.0,365.0,-223.0,-123.0
-81.0,-1314.0,-167.0,80.0,155.0,102.0,332.0,408.0,-246.0,-205.0
-53.0,-1857.0,-122.0,118.0,181.0,38.0,430.0,334.0,-244.0,-278.0
-16.0,-2065.0,-104.0,209.0,183.0,66.0,512.0,284.0,-235.0,-324.0
14.0,-2033.0,-57.0,292.0,175.0,74.0,551.0,273.0,-232.0,-339.0
33.0,-1871.0,-2.0,364.0,165.0,58.0,580.0,388.0,-201.0,-318.0
13.0,-1675.0,31.0,408.0,156.0,46.0,565.0,604.0,-95.0,-283.0
-33.0,-1529.0,73.0,427.0,157.0,48.0,498.0,716.0,76.0,-243.0
-100.0,-1336.0,73.0,470.0,165.0,37.0,392.0,824.0,230.0,-224.0
-126.0,-967.0,117.0,513.0,168.0,79.0,378.0,692.0,307.0,-239.0
-108.0,-493.0,93.0,554.0,162.0,196.0,455.0,624.0,343.0,-269.0
-62.0,-69.0,98.0,562.0,149.0,275.0,495.0,473.0,337.0,-332.0
-5.0,206.0,108.0,525.0,126.0,235.0,479.0,314.0,308.0,-418.0
55.0,377.0,76.0,475.0,92.0,204.0,394.0,389.0,296.0,-478.0
96.0,491.0,83.0,426.0,39.0,289.0,370.0,258.0,304.0,-525.0
87.0,541.0,58.0,370.0,-28.0,349.0,400.0,330.0,316.0,-537.0
63.0,531.0,34.0,322.0,-95.0,294.0,416.0,310.0,309.0,-494.0
43.0,549.0,-2.0,321.0,-150.0,192.0,486.0,205.0,307.0,-411.0
40.0,713.0,-42.0,349.0,-188.0,172.0,595.0,288.0,282.0,-286.0
54.0,979.0,-131.0,375.0,-203.0,175.0,665.0,177.0,245.0,-156.0
82.0,1200.0,-209.0,366.0,-211.0,126.0,604.0,262.0,245.0,-13.0
99.0,1214.0,-292.0,331.0,-220.0,141.0,470.0,291.0,242.0,134.0
117.0,1012.0,-404.0,287.0,-226.0,223.0,379.0,334.0,264.0,265.0
111.0,754.0,-448.0,206.0,-227.0,210.0,372.0,437.0,341.0,378.0
86.0,611.0,-519.0,88.0,-211.0,182.0,397.0,408.0,433.0,458.0
63.0,667.0,-543.0,-31.0,-175.0,216.0,388.0,476.0,499.0,517.0
46.0,858.0,-568.0,-100.0,-129.0,214.0,353.0,319.0,530.0,534.0
46.0,1040.0,-584.0,-154.0,-87.0,187.0,305.0,256.0,550.0,515.0
45.0,1112.0,-573.0,-219.0,-53.0,189.0,254.0,208.0,539.0,490.0
31.0,1073.0,-551.0,-278.0,-13.0,285.0,204.0,44.0,519.0,446.0
-18.0,962.0,-492.0,-403.0,39.0,354.0,193.0,-44.0,522.0,404.0
-74.0,822.0,-487.0,-567.0,100.0,297.0,277.0,-238.0,520.0,363.0
-146.0,687.0,-410.0,-719.0,162.0,263.0,375.0,-301.0,509.0,315.0
-218.0,510.0,-369.0,-824.0,217.0,321.0,375.0,-402.0,525.0,271.0
-292.0,225.0,-346.0,-886.0,260.0,351.0,300.0,-445.0,576.0,223.0
-334.0,-142.0,-298.0,-910.0,291.0,338.0,222.0,-319.0,654.0,202.0
-335.0,-433.0,-325.0,-854.0,309.0,365.0,155.0,-221.0,761.0,226.0
-336.0,-551.0,-290.0,-754.0,312.0,406.0,74.0,-110.0,850.0,268.0
-307.0,-504.0,-301.0,-640.0,299.0,365.0,5.0,-107.0,867.0,329.0
-276.0,-270.0,-286.0,-553.0,273.0,296.0,1.0,-49.0,791.0,401.0
-219.0,12.0,-281.0,-487.0,246.0,300.0,52.0,-40.0,683.0,442.0
-155.0,120.0,-300.0,-432.0,224.0,273.0,107.0,-49.0,589.0,436.0
-79.0,23.0,-282.0,-389.0,214.0,203.0,129.0,49.0,502.0,428.0
0.0,-195.0,-313.0,-315.0,221.0,225.0,87.0,48.0,411.0,404.0
73.0,-503.0,-299.0,-261.0,235.0,286.0,36.0,88.0,318.0,351.0
154.0,-904.0,-301.0,-222.0,237.0,218.0,43.0,-3.0,237.0,290.0
194.0,-1348.0,-232.0,-198.0,219.0,128.0,35.0,-92.0,148.0,232.0
225.0,-1715.0,-186.0,-233.0,174.0,154.0,-48.0,-72.0,51.0,184.0
254.0,-1844.0,-136.0,-319.0,111.0,150.0,-204.0,-136.0,-64.0,134.0
307.0,-1648.0,-40.0,-477.0,47.0,91.0,-240.0,-96.0,-160.0,97.0
355.0,-1194.0,-57.0,-646.0,-9.0,47.0,-88.0,-53.0,-198.0,71.0
415.0,-598.0,6.0,-761.0,-67.0,75.0,49.0,38.0,-196.0,42.0
471.0,67.0,23.0,-802.0,-135.0,114.0,70.0,33.0,-168.0,13.0
475.0,819.0,19.0,-743.0,-201.0,85.0,-6.0,51.0,-178.0,-6.0
453.0,1624.0,94.0,-616.0,-256.0,88.0,-48.0,144.0,-190.0,-27.0
394.0,2233.0,125.0,-408.0,-293.0,116.0,2.0,101.0,-175.0,-40.0
370.0,2460.0,209.0,-149.0,-310.0,138.0,134.0,234.0,-182.0,-49.0
367.0,2305.0,294.0,74.0,-311.0,160.0,290.0,227.0,-226.0,-82.0
377.0,1833.0,370.0,219.0,-300.0,223.0,306.0,275.0,-291.0,-158.0
412.0,1271.0,462.0,301.0,-280.0,258.0,120.0,325.0,-367.0,-266.0
444.0,878.0,522.0,339.0,-260.0,188.0,-101.0,188.0,-451.0,-381.0
453.0,716.0,557.0,330.0,-245.0,70.0,-141.0,258.0,-520.0,-534.0
427.0,614.0,578.0,342.0,-239.0,-8.0,12.0,157.0,-555.0,-708.0
396.0,409.0,587.0,439.0,-238.0,-4.0,215.0,142.0,-574.0,-867.0
334.0,94.0,614.0,587.0,-233.0,-129.0,277.0,133.0,-584.0,-1017.0
276.0,-314.0,639.0,768.0,-207.0,-246.0,191.0,75.0,-577.0,-1147.0
222.0,-766.0,640.0,978.0,-157.0,-206.0,111.0,205.0,-550.0,-1230.0
155.0,-1215.0,661.0,1133.0,-96.0,-200.0,101.0,81.0,-482.0,-1257.0
100.0,-1599.0,651.0,1207.0,-37.0,-214.0,125.0,64.0,-379.0,-1242.0
34.0,-1859.0,639.0,1220.0,16.0,-195.0,140.0,42.0,-253.0,-1195.0
-32.0,-2046.0,610.0,1163.0,69.0,-91.0,129.0,44.0,-161.0,-1122.0
-100.0,-2189.0,577.0,1039.0,113.0,-9.0,111.0,201.0,-112.0,-1042.0
-149.0,-2188.0,561.0,856.0,138.0,-10.0,115.0,179.0,-23.0,-979.0
-162.0,-1957.0,540.0,661.0,150.0,26.0,120.0,208.0,105.0,-955.0
-141.0,-1584.0,555.0,473.0,156.0,5.0,158.0,110.0,253.0,-940.0
-98.0,-1231.0,534.0,306.0,154.0,-54.0,141.0,20.0,397.0,-914.0
-10.0,-944.0,533.0,226.0,138.0,10.0,-6.0,-22.0,503.0,-912.0
117.0,-682.0,529.0,204.0,110.0,118.0,-85.0,-16.0,549.0,-888.0
241.0,-490.0,489.0,200.0,80.0,159.0,-16.0,125.0,537.0,-819.0
338.0,-362.0,502.0,233.0,55.0,114.0,73.0,121.0,459.0,-766.0
391.0,-187.0,502.0,281.0,40.0,117.0,-18.0,101.0,336.0,-718.0
419.0,22.0,523.0,283.0,42.0,194.0,-204.0,-5.0,231.0,-673.0
413.0,232.0,555.0,256.0,60.0,216.0,-221.0,64.0,131.0,-609.0
385.0,476.0,560.0,239.0,88.0,226.0,-102.0,90.0,39.0,-522.0
365.0,745.0,603.0,202.0,111.0,206.0,82.0,12.0,-47.0,-439.0
348.0,964.0,595.0,149.0,118.0,182.0,224.0,133.0,-99.0,-325.0
305.0,1125.0,615.0,88.0,112.0,162.0,216.0,20.0,-95.0,-198.0
245.0,1275.0,607.0,40.0,101.0,146.0,93.0,92.0,-91.0,-82.0
186.0,1398.0,541.0,19.0,84.0,252.0,9.0,184.0,-97.0,28.0
126.0,1426.0,500.0,-7.0,70.0,425.0,49.0,103.0,-113.0,114.0
